sesion_6_simulaciones/modelos_distribucion_especies/ejemplo/variables/futuro_B2/2070/PA.asc
ncols 708
nrows 329
xllcorner -7.525000
yllcorner 35.991667
cellsize 0.008333
NODATA_value -9999
[rows 123 to 163 of 329, columns 94 to 187 of 708]
497 493 485 481 473 471 472 475 479 478 472 474 468 477 490 507 574 537 561 569 576 573 585 598 604 606 603 596 596 595 587 590 604 622 621 621 623 630 632 635 631 612 606 609 598 609 600 596 587 576 565 559 556 555 552 557 546 546 542 537 531 518 509 495 497 503 516 529 526 523 526 529 532 532 534 538 538 542 546 538 529 537 522 531 532 532 535 533 538 539 540 532 529 527
501 494 483 477 483 485 480 481 491 484 492 490 501 509 516 534 541 561 562 579 586 585 588 599 601 604 593 588 582 582 582 586 591 593 602 604 611 610 612 612 605 595 595 590 599 591 596 596 593 590 577 571 561 551 552 549 545 538 534 523 516 519 502 490 500 500 512 516 522 518 522 522 523 528 535 543 545 548 548 541 535 532 528 529 528 534 535 538 538 537 539 536 532 528
497 494 486 492 498 496 497 496 497 498 511 518 524 537 542 555 566 574 582 593 598 600 603 599 600 595 584 575 585 580 582 596 588 598 594 604 586 597 600 601 600 591 584 589 589 599 607 609 608 618 598 590 571 562 553 543 539 536 529 531 522 525 520 506 499 497 502 505 505 505 511 519 522 531 534 543 541 543 547 543 536 527 524 536 521 533 536 535 538 536 536 536 534 530
496 496 507 506 504 510 507 514 520 527 535 542 549 554 568 584 588 591 595 606 606 606 596 602 608 589 592 584 574 569 578 591 585 594 604 601 603 591 600 595 583 585 577 583 580 596 599 611 613 614 613 603 591 574 562 556 548 538 537 534 535 537 533 525 502 497 502 497 498 506 504 511 520 523 528 533 534 538 537 541 539 542 526 511 530 511 527 533 535 539 539 537 535 530
509 511 506 509 514 520 525 529 537 542 550 555 563 578 585 605 605 617 617 616 608 616 608 598 588 586 566 567 556 555 559 563 576 577 586 578 586 589 592 578 584 580 573 577 574 587 594 602 596 612 608 609 594 589 580 575 562 546 544 529 537 542 539 528 528 512 505 510 502 508 503 511 507 517 513 514 522 530 534 535 538 539 524 518 509 529 538 538 532 537 546 539 537 533
507 502 509 508 513 519 520 537 542 551 561 567 573 586 593 613 623 626 631 623 622 615 607 593 569 574 576 568 551 551 543 550 553 558 569 568 577 575 574 580 577 576 557 563 571 577 584 584 592 599 603 604 600 596 594 583 569 558 539 540 534 536 545 536 531 523 538 526 516 528 520 519 510 504 523 513 511 523 526 527 528 528 520 511 525 519 533 535 537 542 538 549 536 529
503 499 506 509 510 527 532 534 548 558 569 579 590 591 598 609 620 623 626 629 624 610 600 582 563 570 572 569 556 539 539 536 542 541 545 556 544 570 568 571 573 568 564 554 564 564 562 581 586 586 596 598 589 596 588 586 573 564 551 539 546 538 533 538 543 552 541 550 535 554 543 533 537 542 514 511 507 523 512 505 528 518 515 520 516 523 528 533 533 533 537 536 537 531
510 518 515 524 525 537 541 551 564 571 580 590 596 593 606 613 617 617 618 617 613 608 591 572 553 548 557 554 550 544 531 537 530 536 536 540 550 554 559 566 574 573 573 555 566 553 554 570 573 578 587 580 584 582 583 570 571 568 555 554 548 544 538 534 535 538 543 550 550 555 546 538 533 520 519 510 523 518 505 513 506 498 503 501 519 522 524 525 525 528 528 528 529 521
521 527 531 535 542 544 554 562 569 578 587 596 601 607 614 621 619 608 603 596 584 568 561 565 537 550 549 545 528 538 530 533 535 534 538 542 545 553 551 559 563 569 581 571 557 562 556 563 571 568 567 568 575 576 573 566 560 557 545 558 546 547 535 536 538 536 542 549 550 559 557 551 545 543 532 540 540 536 534 512 511 510 488 520 526 518 521 517 517 515 524 520 517 511
530 539 542 543 541 544 551 570 575 584 594 593 597 607 602 622 621 619 591 592 576 563 545 541 531 511 533 528 511 525 525 528 519 531 534 541 546 552 546 549 555 565 561 564 573 545 560 562 548 557 562 564 572 574 565 562 558 552 549 546 548 545 540 536 539 543 549 548 552 554 551 549 547 543 545 540 538 537 534 530 526 500 505 496 512 514 513 508 509 516 506 515 514 503
528 536 546 544 552 556 561 573 576 589 588 597 602 583 604 599 609 603 599 593 581 544 525 515 524 517 519 508 505 509 515 520 530 530 540 546 547 552 563 552 551 560 566 571 569 565 559 539 549 557 562 558 559 564 563 558 551 548 545 544 542 543 536 540 539 545 547 549 549 548 548 547 546 545 539 537 533 527 526 524 517 516 492 484 502 505 503 500 498 496 502 495 491 482
522 534 537 539 551 560 561 568 570 576 587 590 594 585 580 591 594 598 586 587 567 549 539 510 514 507 513 510 517 511 523 528 535 532 537 548 552 561 562 550 556 564 560 574 574 575 570 562 565 557 535 543 554 553 554 552 551 546 541 539 547 539 538 532 535 538 543 540 540 542 543 543 540 534 534 531 527 523 521 515 511 502 483 490 493 496 492 488 485 478 478 475 473 469
517 527 534 537 549 547 550 557 569 577 581 589 598 603 584 585 559 562 569 559 559 541 513 514 517 511 510 521 516 527 530 533 537 555 555 560 559 566 571 553 552 563 565 571 565 568 572 574 570 548 542 559 553 539 539 549 550 538 539 543 544 545 539 534 527 537 542 537 533 539 536 534 530 535 531 531 526 519 513 511 508 497 493 498 482 492 494 484 476 472 469 462 460 456
517 515 521 526 536 544 554 552 562 580 586 593 609 600 598 578 576 567 543 536 550 527 520 506 517 509 510 522 523 524 533 546 558 555 563 562 568 581 562 557 548 565 574 570 562 565 564 571 568 563 565 538 553 530 549 540 545 546 536 540 546 545 536 535 530 535 538 537 535 536 534 530 525 527 525 528 516 515 509 505 499 499 481 483 475 478 483 480 473 465 463 459 451 446
511 514 524 527 538 539 553 561 577 587 602 609 610 600 601 594 581 550 537 540 515 523 505 511 516 524 540 535 543 556 551 552 561 565 576 580 563 567 563 556 554 560 564 560 557 554 555 550 560 555 555 549 543 531 546 542 534 531 536 542 541 543 538 524 534 526 535 536 532 531 527 523 522 519 518 511 510 500 499 500 495 483 478 481 473 483 475 473 465 461 457 452 445 439
518 521 526 526 544 543 564 568 579 591 597 605 605 601 585 600 580 591 552 532 545 543 533 532 531 522 539 556 557 566 565 565 573 576 588 572 570 585 568 570 570 556 557 553 551 552 556 550 551 550 546 536 529 551 539 541 532 535 525 531 536 530 535 529 534 533 530 534 525 527 522 525 521 515 510 506 501 502 491 492 485 473 467 477 474 472 471 467 461 455 450 448 442 433
524 526 536 535 546 556 568 580 583 592 601 607 613 611 607 595 579 592 568 572 569 550 552 541 548 532 566 571 568 574 576 582 588 591 588 595 597 588 584 580 583 573 571 539 555 543 542 545 547 541 538 532 539 530 529 539 531 525 528 526 528 528 539 517 525 527 533 527 525 518 515 513 516 511 504 506 503 493 491 480 477 476 470 466 469 465 462 460 457 454 448 443 439 432
536 544 548 553 563 572 577 592 591 602 608 609 616 621 614 605 602 567 562 567 565 563 570 567 571 560 562 578 574 577 595 590 596 599 595 601 602 594 593 585 583 573 566 557 557 557 539 535 539 536 530 536 524 521 526 527 527 531 528 519 525 524 517 512 512 519 528 520 523 519 513 517 512 503 503 499 495 490 484 482 473 472 466 463 458 459 460 456 455 451 447 442 438 432
551 559 568 570 575 577 591 585 604 597 602 620 614 625 627 607 587 608 569 578 576 577 582 585 584 595 584 589 588 593 596 594 596 596 606 588 599 594 594 591 586 584 578 568 560 552 541 537 534 534 535 530 511 529 516 520 524 528 518 521 526 522 517 521 518 518 518 517 514 516 515 511 507 496 498 489 486 483 480 478 468 469 459 457 455 454 453 451 453 448 446 441 440 433
556 566 578 576 594 599 599 611 619 628 615 626 620 614 613 607 606 588 572 580 574 583 588 591 592 588 591 592 594 599 600 593 594 592 587 595 580 589 582 584 589 579 575 563 559 558 555 535 529 540 533 524 528 519 524 514 525 529 526 519 519 515 519 514 516 512 511 511 510 510 508 505 504 496 493 488 478 476 472 467 465 458 454 451 450 450 449 449 449 446 444 439 439 431
557 574 583 591 603 612 625 644 645 644 652 632 643 621 614 614 607 601 598 577 573 576 582 587 592 590 586 594 590 593 591 587 585 577 582 582 571 577 571 576 575 569 568 563 556 550 548 538 535 529 530 526 514 516 514 517 522 521 525 517 515 515 512 507 504 503 501 502 500 502 501 499 494 491 485 477 476 472 470 463 459 451 449 447 445 445 444 444 443 441 440 439 437 434
550 569 585 600 620 630 641 654 663 674 674 672 659 653 632 625 602 601 574 570 580 570 574 580 581 572 575 570 572 573 575 571 563 564 566 567 568 565 562 564 562 565 563 553 561 553 547 545 539 533 525 523 512 516 505 511 520 507 512 510 508 504 505 505 499 494 495 494 496 496 492 487 485 482 477 473 470 465 464 459 458 450 445 442 440 439 438 438 437 437 438 435 435 431
544 556 579 605 621 642 658 665 679 681 681 676 671 663 654 642 619 594 598 567 562 572 566 567 563 559 560 554 555 554 552 551 547 557 550 553 548 551 557 555 554 553 550 549 545 549 545 537 532 530 522 523 516 517 519 511 510 506 512 500 500 496 498 500 498 491 491 490 490 490 485 481 478 476 473 468 465 462 458 455 455 446 440 437 435 433 432 430 430 430 429 431 430 429
533 546 571 596 624 644 659 671 677 683 680 678 668 660 649 634 618 600 588 570 537 551 545 552 545 542 540 536 538 531 534 534 537 541 539 537 538 542 545 542 541 543 542 540 535 539 534 533 531 524 521 519 519 515 512 508 506 503 499 495 492 490 491 492 491 487 487 488 487 484 482 478 475 472 468 465 461 456 454 452 449 441 437 433 429 427 425 423 422 422 422 423 424 426
513 536 568 586 614 635 652 663 669 676 678 669 667 648 639 630 603 581 566 547 521 527 533 527 522 522 518 512 517 515 516 520 521 524 530 522 526 530 532 531 535 537 534 532 528 527 524 525 521 519 517 510 509 508 504 502 500 499 496 493 490 487 487 489 487 485 483 484 484 482 478 475 472 469 466 462 458 453 451 447 444 438 433 428 425 421 418 417 415 414 414 416 419 423
498 519 546 574 599 620 633 657 664 667 669 665 654 643 627 614 591 574 549 539 510 512 507 505 501 496 496 500 492 499 504 508 505 510 508 511 518 521 526 525 528 527 526 523 524 518 525 519 516 514 510 506 502 503 498 497 495 496 493 491 487 484 483 482 483 481 479 481 480 479 476 475 470 468 464 459 454 451 446 445 439 435 430 425 421 416 413 411 409 408 408 410 414 418
479 501 525 550 577 597 618 631 647 653 654 645 640 627 615 599 586 569 546 524 525 499 493 484 477 478 478 479 481 485 493 489 494 499 498 506 507 507 514 518 519 518 519 516 519 515 514 512 509 507 505 500 498 497 494 493 492 493 492 487 484 480 479 477 477 477 478 477 480 475 475 470 468 465 462 458 455 450 446 441 436 432 429 425 419 415 411 408 405 404 405 406 409 413
457 479 503 526 546 575 597 608 619 634 638 638 622 614 606 585 572 555 541 519 510 485 473 469 463 465 462 463 467 467 473 476 476 479 493 491 503 505 508 510 509 511 511 513 512 513 511 508 508 505 501 499 496 493 491 490 488 488 488 485 481 478 474 474 472 472 474 477 474 474 475 472 468 463 462 458 455 451 446 441 438 433 429 425 420 416 412 408 406 404 404 405 406 409
439 456 479 502 526 549 564 589 601 614 621 620 616 597 597 575 561 542 518 490 489 469 465 450 446 449 449 447 448 455 457 460 465 481 484 490 495 498 499 502 506 506 509 509 508 509 509 506 505 501 499 496 493 491 488 485 485 484 485 481 478 475 472 468 468 469 471 473 473 475 473 471 469 465 461 458 456 451 446 442 437 433 430 425 422 418 415 412 410 408 406 406 406 408
426 441 466 484 508 527 545 567 585 591 605 606 601 593 575 566 547 525 501 487 463 461 442 436 426 429 428 434 440 435 453 463 466 473 481 487 491 492 495 499 503 504 506 506 508 507 505 506 502 500 497 494 489 488 485 482 483 482 478 477 474 470 468 464 464 465 467 469 470 471 471 474 471 465 463 459 455 452 446 444 436 432 430 427 424 421 419 417 415 413 411 410 409 408
415 433 450 472 493 512 531 549 563 579 588 590 590 580 576 558 538 522 494 474 457 442 431 424 417 417 422 421 428 440 444 455 461 470 479 482 486 490 495 498 502 505 506 506 506 506 505 503 501 497 494 490 488 485 483 483 483 478 475 470 468 463 463 460 462 462 463 465 465 468 472 473 479 471 465 461 456 451 446 443 439 434 431 428 426 424 423 423 422 420 418 416 414 412
414 426 442 461 480 500 518 531 549 559 567 575 580 573 562 554 525 507 488 468 453 436 425 416 413 414 415 420 425 431 439 448 455 465 474 482 486 491 495 500 505 507 508 508 507 506 505 502 500 497 491 489 483 482 481 479 479 477 472 467 461 460 456 455 455 458 459 461 464 467 471 477 481 479 468 460 455 452 447 442 436 434 432 429 426 426 426 427 427 427 425 422 419 416
413 424 440 454 471 489 506 518 535 536 554 562 566 564 557 550 522 503 490 466 450 435 422 414 409 409 411 414 420 427 436 444 455 464 476 486 492 496 503 505 508 510 511 510 509 507 506 503 500 496 490 485 481 480 476 475 474 471 467 462 457 453 451 451 452 453 458 460 466 471 475 480 483 477 475 466 456 452 448 445 442 435 431 429 425 425 427 429 431 431 430 428 425 421
417 424 438 452 464 480 494 509 521 533 541 548 555 552 543 540 521 501 485 468 450 436 424 415 411 409 412 415 421 428 437 447 459 470 481 490 499 505 513 514 521 520 519 514 511 509 507 505 499 493 489 483 479 475 472 470 468 465 462 457 452 448 446 446 449 451 456 461 472 473 476 479 481 481 478 476 463 457 456 456 447 439 433 426 421 422 424 428 431 433 433 432 429 426
418 426 434 449 460 472 484 497 509 516 530 537 539 538 531 528 513 501 484 467 451 436 426 418 414 413 415 420 425 433 442 454 466 474 487 497 507 513 520 527 529 531 526 520 516 512 508 504 499 491 489 482 478 473 468 465 460 459 455 452 446 442 440 442 442 453 458 461 473 480 479 479 480 480 479 480 469 464 458 462 455 442 433 428 419 416 420 424 429 432 434 433 431 428
423 425 433 444 455 466 474 482 493 502 518 522 526 526 523 517 508 496 482 466 453 440 430 423 419 418 420 423 431 438 447 458 471 482 492 498 504 511 518 526 528 532 530 526 518 514 509 504 498 496 487 484 477 472 466 461 456 453 449 445 441 438 436 439 445 449 457 469 476 477 481 481 482 481 481 480 477 474 468 465 457 450 434 418 417 412 415 420 425 430 432 433 431 428
422 425 431 439 449 459 466 469 481 489 505 507 516 515 513 508 501 492 480 467 454 445 436 431 426 425 425 429 435 443 451 462 474 485 490 497 502 508 514 519 523 527 528 521 520 513 508 503 499 493 489 484 477 471 464 460 455 449 443 439 436 433 433 438 445 456 459 466 470 476 479 482 484 481 482 481 478 476 473 467 457 447 433 423 414 410 412 417 423 427 430 430 430 427
419 419 426 437 441 449 454 459 466 477 482 494 500 504 505 501 496 487 478 470 459 450 443 439 436 435 434 436 440 446 456 465 476 485 494 500 503 508 511 513 515 518 518 517 515 511 508 503 497 493 489 482 475 469 465 460 455 449 441 436 432 429 432 435 446 453 457 461 466 472 478 482 485 487 486 483 481 479 476 469 461 449 439 424 414 412 413 418 422 426 429 429 428 425
417 415 422 427 431 436 449 450 451 461 470 476 487 492 495 493 488 484 478 473 465 456 450 449 448 446 446 445 450 453 461 470 480 487 494 497 502 506 509 510 510 510 508 507 506 505 504 499 500 496 488 483 474 467 462 458 453 447 439 433 428 426 430 435 445 449 453 457 462 468 476 482 487 491 493 489 488 484 480 471 467 457 447 437 423 419 419 422 426 429 430 430 427 424
408 410 413 421 420 426 432 437 443 445 456 467 475 481 486 487 485 482 481 477 472 464 459 460 458 460 457 457 459 461 467 474 481 487 490 493 497 503 505 507 508 506 504 500 497 495 494 495 494 493 488 482 476 469 460 456 449 445 438 431 426 422 427 428 437 443 449 453 458 465 473 481 488 493 496 495 491 488 487 480 475 468 458 448 436 430 428 431 433 434 434 432 428 423
401 403 405 412 413 414 420 422 427 434 446 454 463 470 476 480 486 481 482 482 474 471 467 467 468 464 466 465 465 467 471 476 481 485 488 491 493 496 500 503 503 505 498 497 492 487 485 483 482 482 482 480 474 467 459 453 448 444 438 430 425 421 426 432 434 441 446 450 455 462 469 479 486 493 496 498 494 494 494 489 484 476 469 458 452 446 443 442 442 442 440 436 430 424
