sesion_6_simulaciones/modelos_distribucion_especies/ejemplo/variables/futuro_B2/2070/PA.asc
ncols 708
nrows 329
xllcorner -7.525000
yllcorner 35.991667
cellsize 0.008333
NODATA_value -9999
[rows 82 to 122 of 329, columns 564 to 657 of 708]
672 643 581 611 556 594 602 628 658 664 695 693 702 703 703 723 742 735 720 703 690 683 662 660 652 665 674 670 667 660 653 641 637 652 650 646 647 641 628 610 -9999 -9999 -9999 -9999 -9999 -9999 -9999 -9999 -9999 -9999 -9999 -9999 -9999 -9999 -9999 -9999 -9999 -9999 -9999 -9999 -9999 -9999 -9999 -9999 -9999 -9999 -9999 -9999 -9999 -9999 -9999 -9999 -9999 -9999 -9999 -9999 -9999 -9999 -9999 -9999 -9999 -9999 -9999 -9999 -9999 -9999 -9999 -9999 -9999 -9999 -9999 -9999 -9999 -9999
721 691 642 623 574 611 634 628 664 701 697 698 699 703 710 718 723 703 707 683 673 660 661 644 647 658 670 668 667 656 656 651 657 661 661 668 656 641 644 618 -9999 -9999 -9999 -9999 -9999 -9999 -9999 -9999 -9999 -9999 -9999 -9999 -9999 -9999 -9999 -9999 -9999 -9999 -9999 -9999 -9999 -9999 -9999 -9999 -9999 -9999 -9999 -9999 -9999 -9999 -9999 -9999 -9999 -9999 -9999 -9999 -9999 -9999 -9999 -9999 -9999 -9999 -9999 -9999 -9999 -9999 -9999 -9999 -9999 -9999 -9999 -9999 -9999 -9999
749 732 695 658 643 645 676 676 697 714 712 711 711 711 714 706 698 692 685 670 661 654 645 652 656 654 661 661 657 659 672 674 650 683 668 677 666 653 633 621 584 567 548 539 538 523 513 485 475 458 -9999 -9999 -9999 -9999 -9999 -9999 -9999 -9999 -9999 -9999 -9999 -9999 -9999 -9999 -9999 -9999 -9999 -9999 -9999 -9999 -9999 -9999 -9999 -9999 -9999 -9999 -9999 -9999 -9999 -9999 -9999 -9999 -9999 -9999 -9999 -9999 -9999 -9999 -9999 -9999 -9999 -9999 -9999 -9999
837 803 772 744 751 774 747 754 734 730 726 720 708 707 697 693 687 677 677 662 659 646 649 652 652 660 660 660 662 664 671 682 673 675 668 663 656 621 607 601 563 553 537 539 525 522 502 482 481 452 -9999 -9999 -9999 -9999 -9999 -9999 -9999 -9999 -9999 -9999 -9999 -9999 -9999 -9999 -9999 -9999 -9999 -9999 -9999 -9999 -9999 -9999 -9999 -9999 -9999 -9999 -9999 -9999 -9999 -9999 -9999 -9999 -9999 -9999 -9999 -9999 -9999 -9999 -9999 -9999 -9999 -9999 -9999 -9999
886 811 817 822 796 810 786 761 756 746 743 728 721 701 702 695 689 675 665 675 650 652 651 659 648 655 655 657 665 669 681 663 656 645 651 628 611 593 579 572 542 537 524 518 496 493 480 469 458 441 448 429 430 425 418 405 391 391 -9999 -9999 -9999 -9999 -9999 -9999 -9999 -9999 -9999 -9999 -9999 -9999 -9999 -9999 -9999 -9999 -9999 -9999 -9999 -9999 -9999 -9999 -9999 -9999 -9999 -9999 -9999 -9999 -9999 -9999 -9999 -9999 -9999 -9999 -9999 -9999
862 814 855 842 857 813 794 776 775 758 744 723 712 707 704 697 690 680 681 661 674 649 667 650 638 652 639 654 652 657 651 641 628 617 615 590 571 566 562 539 525 520 491 491 477 463 459 447 442 440 444 451 425 407 388 376 381 376 -9999 -9999 -9999 -9999 -9999 -9999 -9999 -9999 -9999 -9999 -9999 -9999 -9999 -9999 -9999 -9999 -9999 -9999 -9999 -9999 -9999 -9999 -9999 -9999 -9999 -9999 -9999 -9999 -9999 -9999 -9999 -9999 -9999 -9999 -9999 -9999
834 856 853 849 850 824 803 794 775 757 738 727 716 717 710 713 693 698 680 667 668 656 668 661 654 632 615 608 615 627 625 604 604 586 572 555 533 529 529 515 507 488 471 454 448 434 435 435 418 433 442 443 429 418 402 382 369 362 360 359 362 373 -9999 -9999 -9999 -9999 -9999 -9999 -9999 -9999 -9999 -9999 -9999 -9999 -9999 -9999 -9999 -9999 -9999 -9999 -9999 -9999 -9999 -9999 -9999 -9999 -9999 -9999 -9999 -9999 -9999 -9999 -9999 -9999
839 835 859 871 846 839 811 797 775 761 744 729 723 722 713 726 694 700 682 672 667 661 674 682 635 615 579 580 571 587 571 567 583 554 538 525 504 493 486 482 479 464 447 441 418 419 401 406 403 401 418 400 403 396 386 375 360 357 350 343 344 340 -9999 -9999 -9999 -9999 -9999 -9999 -9999 -9999 -9999 -9999 -9999 -9999 -9999 -9999 -9999 -9999 -9999 -9999 -9999 -9999 -9999 -9999 -9999 -9999 -9999 -9999 -9999 -9999 -9999 -9999 -9999 -9999
829 858 860 881 855 841 824 797 777 757 748 733 732 721 721 722 711 697 686 676 674 672 666 657 621 585 554 536 540 541 552 548 527 505 508 486 473 472 461 468 457 442 430 416 395 395 388 377 374 377 378 384 377 369 374 373 373 347 346 335 328 326 323 313 -9999 -9999 -9999 -9999 -9999 -9999 -9999 -9999 -9999 -9999 -9999 -9999 -9999 -9999 -9999 -9999 -9999 -9999 -9999 -9999 -9999 -9999 -9999 -9999 -9999 -9999 -9999 -9999 -9999 -9999
901 853 871 881 855 847 819 794 774 757 743 744 735 734 716 722 719 703 691 671 691 661 649 617 579 544 524 524 523 534 552 545 530 517 502 483 457 447 443 450 442 434 423 408 389 373 362 356 354 362 364 347 357 364 374 380 369 368 345 325 317 314 310 306 -9999 -9999 -9999 -9999 -9999 -9999 -9999 -9999 -9999 -9999 -9999 -9999 -9999 -9999 -9999 -9999 -9999 -9999 -9999 -9999 -9999 -9999 -9999 -9999 -9999 -9999 -9999 -9999 -9999 -9999
903 885 855 867 864 834 807 784 770 755 747 746 745 736 721 709 715 704 684 693 651 621 600 565 539 520 504 513 532 560 574 594 587 544 510 469 446 428 430 433 443 437 423 406 386 364 352 343 340 342 343 341 346 344 363 347 362 334 326 312 306 303 300 302 -9999 -9999 -9999 -9999 -9999 -9999 -9999 -9999 -9999 -9999 -9999 -9999 -9999 -9999 -9999 -9999 -9999 -9999 -9999 -9999 -9999 -9999 -9999 -9999 -9999 -9999 -9999 -9999 -9999 -9999
903 852 862 835 846 826 797 783 770 762 767 743 738 730 712 711 713 684 665 641 602 603 553 532 509 503 501 506 540 576 629 630 610 561 500 470 439 412 417 433 447 451 457 437 410 375 346 339 338 333 326 327 338 331 339 329 317 294 302 298 294 293 290 293 -9999 -9999 -9999 -9999 -9999 -9999 -9999 -9999 -9999 -9999 -9999 -9999 -9999 -9999 -9999 -9999 -9999 -9999 -9999 -9999 -9999 -9999 -9999 -9999 -9999 -9999 -9999 -9999 -9999 -9999
891 857 858 833 831 801 793 775 769 780 759 753 717 716 724 731 721 692 654 606 576 552 522 508 482 476 493 509 546 615 616 638 589 531 493 443 424 412 403 408 426 478 470 475 443 371 345 337 337 328 318 323 321 330 317 301 298 292 287 285 284 282 281 282 287 282 294 293 -9999 -9999 -9999 -9999 -9999 -9999 -9999 -9999 -9999 -9999 -9999 -9999 -9999 -9999 -9999 -9999 -9999 -9999 -9999 -9999 -9999 -9999 -9999 -9999 -9999 -9999
904 870 857 847 814 810 814 774 774 770 751 725 699 712 736 740 713 682 605 569 540 518 499 475 465 463 472 501 536 542 592 563 529 492 466 448 433 400 415 394 434 456 457 453 397 396 351 336 358 323 314 302 303 301 296 287 280 277 274 274 273 272 273 277 282 287 291 297 -9999 -9999 -9999 -9999 -9999 -9999 -9999 -9999 -9999 -9999 -9999 -9999 -9999 -9999 -9999 -9999 -9999 -9999 -9999 -9999 -9999 -9999 -9999 -9999 -9999 -9999
895 869 872 844 836 827 797 799 765 751 693 714 705 731 743 711 698 634 588 540 510 487 477 455 455 445 458 481 505 501 511 500 484 460 446 411 408 417 400 384 375 420 406 405 400 372 344 324 336 318 293 292 293 288 284 277 275 274 271 265 264 264 270 279 275 282 281 295 -9999 -9999 -9999 -9999 -9999 -9999 -9999 -9999 -9999 -9999 -9999 -9999 -9999 -9999 -9999 -9999 -9999 -9999 -9999 -9999 -9999 -9999 -9999 -9999 -9999 -9999
885 884 873 853 866 816 808 769 760 690 695 679 703 708 724 702 648 593 537 506 484 463 443 418 422 430 447 460 480 480 471 462 444 428 413 401 414 410 387 376 382 383 383 363 361 344 318 312 296 283 276 284 282 279 278 283 268 257 267 257 255 257 263 265 275 274 282 296 -9999 -9999 -9999 -9999 -9999 -9999 -9999 -9999 -9999 -9999 -9999 -9999 -9999 -9999 -9999 -9999 -9999 -9999 -9999 -9999 -9999 -9999 -9999 -9999 -9999 -9999
870 891 891 871 813 824 775 735 711 665 657 690 727 727 718 663 590 548 509 472 448 426 418 405 402 411 420 422 437 456 445 430 410 400 396 388 382 381 372 353 360 370 383 359 345 321 299 285 273 268 265 265 269 271 269 274 271 257 250 249 249 250 253 257 259 266 277 291 296 306 300 301 -9999 -9999 -9999 -9999 -9999 -9999 -9999 -9999 -9999 -9999 -9999 -9999 -9999 -9999 -9999 -9999 -9999 -9999 -9999 -9999 -9999 -9999
863 885 860 843 825 765 756 708 644 655 654 701 712 713 650 602 543 499 471 447 418 405 391 383 382 395 415 414 404 417 400 385 386 378 374 370 371 368 345 338 343 355 363 360 329 309 289 278 265 258 256 257 263 260 262 236 249 243 242 241 241 242 242 245 249 253 270 278 278 285 282 258 -9999 -9999 -9999 -9999 -9999 -9999 -9999 -9999 -9999 -9999 -9999 -9999 -9999 -9999 -9999 -9999 -9999 -9999 -9999 -9999 -9999 -9999
877 879 853 831 792 757 696 678 624 603 630 695 667 654 594 542 493 459 439 412 395 381 366 359 375 378 383 387 375 362 359 356 353 355 365 375 368 344 338 310 310 329 351 339 327 293 275 265 254 250 247 248 252 252 242 243 237 236 235 233 233 233 235 238 244 243 261 263 275 272 274 266 263 263 263 265 263 -9999 -9999 -9999 -9999 261 259 262 -9999 -9999 -9999 -9999 -9999 -9999 -9999 -9999 -9999 -9999
890 871 830 789 751 718 705 608 605 556 616 634 644 603 555 499 464 433 404 386 369 359 343 340 344 354 342 342 336 334 333 335 340 349 379 369 367 341 308 298 294 304 327 336 332 284 263 251 246 242 239 237 237 233 233 231 231 231 229 229 228 228 229 232 238 239 247 252 256 264 269 256 261 259 260 259 261 256 -9999 -9999 259 259 259 244 -9999 -9999 -9999 -9999 -9999 -9999 -9999 -9999 -9999 -9999
874 833 824 813 781 737 605 573 550 541 580 628 590 561 519 469 443 411 384 359 341 339 331 329 321 321 318 313 313 312 317 321 332 357 370 371 345 307 287 283 284 294 320 323 307 279 253 242 237 234 232 229 229 227 226 226 225 229 229 226 225 223 223 226 230 237 240 236 237 234 243 250 252 244 251 243 245 248 247 243 242 246 241 232 -9999 -9999 -9999 -9999 -9999 -9999 -9999 -9999 -9999 -9999
837 794 767 752 704 648 594 561 512 553 580 576 565 527 494 446 432 400 373 341 325 314 312 303 305 297 293 294 294 303 304 318 333 358 342 342 296 285 272 272 277 287 310 309 292 262 235 235 228 226 224 223 222 222 221 220 220 221 223 224 222 221 222 219 223 226 227 227 226 222 231 231 236 240 243 245 241 241 227 238 239 233 235 239 -9999 -9999 -9999 -9999 -9999 -9999 -9999 -9999 -9999 -9999
787 772 706 693 622 604 552 527 562 589 576 553 526 494 453 454 426 400 363 334 299 290 294 291 283 280 282 280 281 286 299 320 324 348 333 299 279 264 265 273 288 307 305 308 268 248 228 228 222 219 218 216 216 215 214 214 216 219 221 222 223 223 221 222 223 222 227 228 228 232 230 233 229 233 233 244 247 235 246 235 237 232 236 225 239 217 233 233 220 226 216 216 212 210
787 737 721 665 618 531 512 516 554 565 536 509 464 445 453 412 426 399 365 306 297 279 278 273 273 280 286 275 275 280 301 299 331 326 310 282 259 259 265 285 326 329 319 289 259 236 216 220 216 213 211 210 209 209 209 211 214 215 219 223 226 225 220 220 222 220 224 230 224 233 224 231 231 229 234 237 246 242 242 245 236 249 246 253 245 248 231 226 216 216 215 187 198 196
760 711 691 610 546 492 480 503 501 512 459 456 431 430 418 395 405 347 318 286 280 280 278 277 279 300 284 271 273 290 296 306 324 289 282 254 245 255 278 308 342 337 303 270 244 224 216 212 209 206 205 204 204 206 206 208 211 214 219 222 222 221 218 218 217 218 219 220 221 221 222 223 223 228 233 241 248 252 253 251 249 259 258 265 264 262 251 230 244 229 213 203 196 192
751 664 624 590 536 451 450 469 455 443 417 408 405 415 388 365 322 318 275 267 264 274 282 291 320 275 285 262 274 276 296 312 291 284 256 239 244 258 283 308 301 313 268 246 224 211 207 204 201 199 198 195 199 200 206 206 209 213 216 217 217 217 217 216 215 214 215 215 215 216 216 218 221 226 234 239 246 248 251 263 269 274 272 274 279 268 250 251 241 232 221 214 206 196
680 620 592 521 482 442 422 432 426 404 390 383 372 376 330 318 296 270 262 249 263 261 284 295 299 278 252 249 247 270 276 259 268 250 236 228 228 252 254 279 279 273 239 226 212 203 199 196 194 191 190 190 190 194 194 202 204 207 213 213 213 215 215 215 214 213 211 211 211 213 216 217 223 227 234 240 246 247 267 263 277 276 275 260 259 246 229 229 228 213 204 204 209 194
623 575 519 484 439 432 410 403 392 374 362 351 337 324 309 289 271 257 261 252 251 250 263 263 258 241 234 235 239 242 244 245 235 228 222 222 220 230 250 248 247 242 227 212 203 196 192 189 186 185 182 182 181 186 190 197 203 206 208 211 211 213 216 215 214 212 210 210 210 211 218 219 225 233 236 235 239 232 258 252 261 250 252 249 238 228 217 215 215 200 202 199 188 183
566 519 476 438 400 392 404 380 368 354 336 323 311 304 302 289 272 247 253 237 241 244 235 241 230 227 226 228 229 225 222 221 219 217 212 210 211 216 229 232 231 229 219 208 198 191 186 183 180 177 176 175 176 180 186 194 195 202 206 208 213 216 217 215 214 211 210 209 212 214 214 223 224 225 228 228 220 216 226 222 234 238 226 219 210 206 197 200 198 203 195 192 185 181
519 478 437 420 408 382 377 358 353 338 325 311 301 306 282 302 268 238 245 232 239 239 236 225 221 220 221 220 220 216 213 213 211 209 206 200 204 202 211 218 224 221 217 204 195 189 185 180 176 173 172 171 173 178 182 185 194 195 201 209 213 214 215 213 211 208 209 208 210 215 215 214 218 213 211 208 206 209 209 206 212 210 205 203 200 192 197 188 190 187 187 188 182 184
491 458 431 397 387 354 335 345 330 329 315 303 294 294 285 281 258 236 226 238 241 234 228 220 219 217 218 216 213 210 209 207 205 203 198 193 196 199 200 210 214 215 209 197 191 187 180 175 174 170 168 170 172 171 179 183 194 199 201 208 208 210 207 210 206 210 210 213 215 221 218 217 215 206 202 198 197 200 198 199 195 195 194 192 191 188 186 187 184 187 185 185 190 196
471 446 418 409 356 348 326 325 328 324 314 306 289 283 270 265 246 232 226 240 237 232 222 218 216 213 211 211 209 207 204 201 201 198 193 190 190 195 201 202 205 202 196 192 184 182 176 175 168 168 165 166 166 173 175 180 192 197 203 201 203 204 205 205 206 209 215 218 219 222 227 220 215 208 202 195 193 195 193 191 194 200 205 203 198 193 189 194 204 202 198 203 214 205
448 435 415 376 345 336 306 326 335 320 316 305 292 274 264 258 243 232 226 237 233 229 221 216 210 211 209 206 207 204 202 198 195 191 186 190 188 190 194 194 198 195 190 179 177 173 168 167 165 163 161 161 165 165 172 187 182 190 197 195 196 201 203 207 211 214 222 224 229 235 231 229 218 208 207 203 199 196 190 196 202 218 244 246 232 214 201 202 211 217 213 222 224 229
415 423 403 373 354 324 325 340 317 324 314 307 290 277 261 261 240 229 226 232 228 226 218 214 206 206 205 203 201 201 200 196 191 185 182 184 192 192 192 194 193 189 182 173 171 170 168 167 163 161 162 159 168 169 173 178 189 191 195 190 201 206 210 215 219 224 229 231 236 236 236 229 226 221 214 215 209 203 200 203 214 243 280 302 270 229 213 204 210 220 220 229 228 231
412 395 378 353 335 326 323 330 325 315 315 302 287 280 266 253 240 225 235 224 225 219 212 208 206 205 201 200 199 198 194 191 184 180 180 183 190 196 195 195 193 186 180 174 169 169 166 167 161 163 159 164 165 174 181 183 191 197 195 203 201 206 215 222 228 231 236 237 243 243 241 243 230 233 225 227 212 206 208 212 223 250 278 285 286 246 222 208 215 210 235 242 261 262
390 378 373 342 329 332 327 330 321 315 306 306 292 278 264 251 241 232 228 215 218 213 210 204 202 198 199 201 198 194 192 184 181 178 177 183 184 192 194 193 193 185 177 168 166 167 171 167 166 164 164 165 167 173 180 188 193 201 203 205 207 218 225 229 236 237 243 244 250 248 249 248 242 237 230 225 216 212 210 218 225 230 247 262 245 230 216 217 220 231 233 249 260 261
383 367 354 336 336 333 338 328 319 311 304 296 285 272 262 253 242 232 218 216 208 209 204 201 203 200 198 201 198 188 181 188 182 181 177 173 187 191 191 188 186 178 175 174 174 174 175 175 172 170 170 169 173 179 182 186 192 198 197 207 208 216 227 226 236 231 242 241 249 254 253 247 234 227 225 220 216 217 223 219 226 231 240 237 230 223 216 224 233 250 252 262 245 244
361 360 342 342 336 346 338 327 318 309 301 294 284 273 259 249 236 230 223 211 208 200 202 197 195 193 200 190 191 191 194 178 187 180 178 179 181 178 179 178 175 175 175 185 181 182 183 184 181 181 179 179 177 183 186 189 193 196 196 201 204 213 220 221 223 225 230 237 245 257 255 255 240 225 238 227 233 223 227 237 235 244 243 257 240 236 232 233 244 253 250 242 209 235
340 346 343 336 342 344 335 325 317 310 300 292 282 270 257 246 234 229 218 217 205 200 197 194 191 192 196 195 189 199 197 195 197 189 179 171 174 183 180 179 176 175 182 189 191 188 187 191 192 192 191 192 193 194 193 193 196 196 198 199 204 209 212 215 219 223 226 230 238 254 266 256 260 244 248 237 245 249 247 238 243 248 250 243 239 234 235 227 226 211 226 218 226 240
342 320 333 323 343 341 332 323 315 307 298 290 279 265 257 247 235 227 222 212 206 196 199 196 197 201 206 196 198 206 198 199 196 190 189 184 186 183 184 188 186 187 186 191 196 198 196 197 195 196 200 206 199 201 199 200 202 202 202 203 207 209 213 217 222 224 230 239 245 255 261 262 260 262 257 256 267 265 263 257 260 255 245 238 232 225 219 220 220 208 200 208 239 268
336 329 315 319 329 335 329 321 314 305 297 285 280 268 252 242 232 227 219 206 205 200 194 201 201 198 208 210 216 210 207 202 196 192 186 186 188 193 198 204 198 199 198 206 216 224 229 216 203 202 204 209 212 209 206 206 206 206 206 208 209 212 214 218 224 227 235 238 244 254 258 263 265 267 274 278 276 270 276 273 271 268 255 254 246 239 229 224 224 215 206 209 236 259
