sesion_6_simulaciones/modelos_distribucion_especies/ejemplo/variables/futuro_B2/2070/PV.asc
ncols 708
nrows 329
xllcorner -7.525000
yllcorner 35.991667
cellsize 0.008333
NODATA_value -9999
[rows 53 to 105 of 329, columns 480 to 575 of 708]
47 47 47 47 47 47 48 48 48 48 48 48 47 47 47 46 47 47 47 46 47 47 47 47 46 46 46 47 47 47 48 48 48 48 47 47 47 47 47 47 47 47 47 47 47 47 47 48 48 49 50 51 52 50 49 48 48 49 49 49 49 49 49 50 50 51 51 51 52 52 53 54 55 57 58 60 61 61 62 63 64 65 65 65 66 68 69 69 70 70 69 71 72 72 71 71
46 47 46 47 47 48 48 48 48 48 48 47 47 46 46 47 46 46 46 46 47 47 47 47 46 46 47 47 47 47 47 47 47 46 46 46 46 46 46 46 46 46 46 47 47 47 47 47 47 48 49 49 49 48 47 47 47 47 47 48 48 48 48 49 50 50 50 51 52 52 53 54 56 57 59 61 62 63 63 64 64 64 64 64 65 67 67 68 68 68 68 69 71 71 70 69
46 46 47 47 47 48 48 48 48 48 47 47 47 46 46 46 46 46 46 46 46 46 46 46 45 46 47 47 47 47 47 46 46 45 46 45 45 45 46 46 46 46 46 46 46 46 46 47 47 47 48 48 47 47 46 45 45 45 46 46 47 47 48 48 49 49 50 51 52 52 53 54 55 57 58 60 62 63 63 63 63 63 63 63 65 66 67 66 66 67 68 69 70 69 68 67
47 47 47 47 47 47 47 47 47 47 47 47 46 46 46 46 46 46 46 46 45 45 45 45 45 46 47 47 47 47 46 45 45 45 45 45 45 45 45 45 45 45 46 46 47 47 47 47 47 48 48 48 47 46 45 44 44 44 46 46 46 46 47 48 48 49 50 51 52 52 53 54 54 55 57 58 60 61 61 61 62 62 62 62 64 65 64 65 65 67 68 70 69 68 67 67
47 47 47 47 47 47 47 46 46 47 46 46 46 45 45 45 45 45 45 45 45 44 45 45 46 46 45 46 45 45 46 45 45 45 45 44 44 44 44 44 45 46 47 47 48 48 48 47 47 48 48 47 47 46 45 44 43 44 46 47 47 46 46 47 48 49 50 51 53 54 54 55 54 55 56 57 58 59 60 60 60 60 61 62 63 63 63 64 66 67 68 69 69 67 66 65
47 47 47 47 46 46 46 46 46 46 45 45 45 45 45 45 45 45 46 45 46 46 45 45 46 46 45 46 46 45 46 45 45 44 44 44 44 44 44 45 46 46 47 47 47 47 47 47 47 47 47 46 46 45 44 43 41 43 46 47 46 46 46 47 48 49 51 52 54 55 56 56 56 58 58 57 58 58 59 60 62 61 61 63 63 64 64 67 67 67 68 68 68 66 65 64
46 47 46 46 46 46 46 46 45 45 45 45 45 45 45 45 46 46 46 46 46 46 46 45 46 46 46 47 47 46 46 46 45 45 44 44 45 46 46 46 46 47 47 47 47 47 47 46 47 47 46 45 45 45 44 42 41 43 45 46 46 45 46 47 49 50 51 53 54 55 56 58 59 59 59 59 60 60 60 61 62 63 61 62 63 64 65 67 68 68 67 67 65 64 63 63
46 46 46 46 46 46 46 45 45 45 45 45 45 45 45 45 46 46 46 46 46 47 47 46 46 47 47 47 47 46 46 46 45 45 45 45 46 46 47 46 46 46 47 47 47 47 47 46 46 46 46 45 45 45 44 43 43 44 45 46 45 45 47 48 49 51 52 53 55 56 58 60 60 60 60 61 61 60 61 61 63 64 64 64 65 64 65 65 67 68 67 67 64 62 61 62
46 46 47 47 48 48 46 45 45 45 45 45 45 46 46 46 46 46 46 46 46 47 47 47 48 48 47 47 47 46 46 46 45 45 46 46 47 46 46 46 46 46 46 46 46 47 47 46 45 46 45 45 45 45 44 44 44 44 44 45 45 45 47 48 50 51 52 53 55 57 59 61 61 62 62 63 63 63 63 62 64 65 66 67 66 66 65 66 67 67 66 63 61 61 60 61
46 47 47 48 49 48 46 46 45 45 45 45 45 46 46 46 46 46 46 46 46 47 47 48 48 47 47 47 46 46 47 47 47 47 47 47 47 46 46 46 46 46 46 46 46 46 46 46 45 45 44 44 44 44 44 44 44 44 44 44 45 46 47 49 50 51 52 53 55 57 59 60 61 61 62 62 63 64 62 63 65 66 66 67 67 66 66 67 67 67 64 61 58 59 60 61
46 47 48 46 47 46 46 45 45 45 45 46 46 46 46 46 46 46 46 46 47 47 47 48 47 47 47 47 47 48 47 48 48 47 47 47 46 46 45 45 45 45 45 46 46 46 46 46 45 44 44 44 44 44 43 43 43 44 44 45 46 47 49 49 50 51 52 54 56 58 59 59 59 60 60 60 61 62 61 62 64 65 66 66 66 66 67 67 68 66 63 59 57 58 59 61
47 47 46 46 46 46 46 46 46 46 46 46 46 46 46 46 46 46 46 46 47 47 47 47 47 47 47 48 48 48 48 47 47 47 46 46 45 45 45 45 45 45 45 45 45 45 45 45 45 45 44 44 44 43 43 44 45 45 46 46 47 48 49 50 51 52 54 56 57 58 58 58 57 58 58 58 59 60 58 59 62 63 64 64 64 65 64 66 66 64 62 60 59 59 60 62
47 47 46 46 46 46 46 46 46 46 46 46 46 46 46 46 46 46 46 46 46 46 46 47 47 48 48 48 48 47 47 47 46 46 46 45 45 45 45 45 45 45 45 45 45 45 44 45 45 45 44 44 43 44 44 46 46 47 47 47 48 48 50 51 52 54 56 57 57 57 56 56 56 56 56 56 57 58 58 57 60 60 61 61 60 61 63 64 64 62 60 60 60 61 62 65
47 47 47 47 47 47 47 46 46 46 46 46 47 48 48 48 48 48 47 46 47 47 47 47 48 47 48 48 47 46 47 45 45 45 45 45 45 45 44 45 45 45 45 45 45 44 44 44 44 44 44 43 44 45 45 47 47 48 48 48 49 50 50 52 53 54 56 57 55 54 54 54 55 56 56 58 59 59 60 61 61 59 60 60 59 59 61 61 61 61 61 61 62 63 66 67
47 48 48 48 48 47 47 47 47 47 47 47 48 50 50 49 49 49 48 47 48 48 47 47 47 47 47 47 46 46 45 45 45 45 45 44 44 44 44 44 45 45 45 44 44 43 43 44 43 44 44 45 45 46 47 47 48 48 49 49 49 50 51 52 54 55 56 55 54 54 53 55 57 57 59 60 63 63 65 65 64 62 61 61 64 65 61 61 60 61 61 64 65 67 67 69
48 49 49 50 49 48 48 47 47 47 47 48 49 50 49 49 48 48 48 47 48 47 47 46 46 46 46 45 45 44 44 44 44 44 44 44 44 44 44 44 44 44 44 44 44 44 44 44 44 45 46 46 46 47 47 48 48 48 49 50 50 51 52 53 54 55 55 54 53 54 56 58 59 60 62 63 64 65 67 68 66 65 63 64 67 67 65 63 60 61 62 65 67 67 68 69
49 51 52 51 50 49 49 49 48 48 48 48 48 48 47 47 47 47 48 47 47 46 46 46 45 45 45 44 44 44 44 44 44 44 43 43 43 43 43 43 43 43 43 44 43 44 44 45 45 45 46 47 47 47 47 48 48 48 48 49 50 51 53 53 54 54 54 54 54 57 58 59 61 63 64 66 65 66 68 69 68 66 67 67 69 69 65 63 62 61 63 65 66 66 68 71
51 54 55 53 51 50 49 49 49 49 48 47 46 46 46 46 46 47 48 47 46 46 45 45 44 44 44 43 43 43 43 43 43 43 42 42 43 43 43 42 43 43 43 44 44 44 44 45 45 46 46 46 47 47 47 48 48 48 49 50 50 51 53 54 54 54 53 54 55 58 59 59 62 65 67 66 66 67 69 70 71 69 68 70 71 68 65 63 62 61 63 66 65 66 68 71
51 55 56 53 51 49 49 48 49 48 47 46 46 45 45 45 46 46 46 46 45 45 45 44 43 43 43 42 42 42 42 42 42 42 42 42 42 42 42 42 43 43 43 44 44 44 45 45 46 46 47 47 47 48 48 48 49 49 49 49 51 52 53 53 54 53 53 54 57 58 59 61 63 65 68 67 67 68 69 71 73 71 70 71 71 67 66 63 62 61 62 63 65 66 69 72
49 50 51 50 50 49 49 48 47 47 46 46 45 45 45 45 45 44 44 44 44 43 43 43 43 42 42 42 42 42 41 41 41 42 42 43 43 43 42 42 43 43 44 44 44 45 45 46 46 47 48 48 49 49 50 50 50 50 49 49 51 53 52 52 53 53 54 57 59 62 64 65 65 67 68 69 68 68 71 73 73 74 72 71 69 65 64 62 61 61 61 63 65 68 73 76
47 48 49 50 49 49 48 47 47 46 46 45 45 45 44 44 44 43 43 43 43 43 43 43 43 42 42 42 41 41 42 42 41 42 42 42 43 43 43 43 43 43 44 45 45 45 46 47 47 48 49 49 50 51 51 51 51 50 49 50 51 52 53 52 53 53 55 58 62 66 68 69 69 69 69 69 69 70 71 73 73 74 75 72 67 63 61 59 60 61 62 63 65 69 73 78
46 47 48 49 49 48 47 47 46 46 46 46 46 46 45 45 45 44 44 44 43 43 43 43 43 43 43 42 42 42 41 41 41 42 42 43 43 43 43 44 44 44 44 45 45 46 47 47 48 49 49 51 51 51 51 50 50 50 50 50 51 52 52 52 53 55 57 60 64 68 69 69 67 68 69 69 70 71 71 71 73 75 75 72 67 61 59 59 61 61 61 63 65 68 74 78
45 46 47 48 47 47 46 47 47 47 46 47 47 48 47 47 46 46 45 45 44 44 43 43 43 43 43 42 42 42 42 41 42 42 42 42 43 43 44 44 44 45 45 46 46 47 47 48 49 49 51 51 51 51 51 50 49 50 49 49 50 50 52 54 56 57 59 62 64 67 68 67 65 66 68 67 69 70 70 70 74 76 74 71 65 61 58 58 60 60 61 61 65 68 73 76
44 45 46 46 46 46 46 47 48 48 47 46 47 47 47 47 47 46 46 45 44 44 44 44 44 43 43 42 42 42 42 43 43 42 42 43 43 43 44 44 45 45 46 46 47 48 48 48 49 50 51 51 51 51 51 50 49 49 48 48 49 51 53 55 57 58 59 61 62 64 65 65 66 68 70 71 70 73 71 73 75 75 73 69 64 60 58 58 58 60 61 63 66 68 72 75
44 45 45 46 46 47 47 48 49 48 48 47 47 46 46 46 46 46 46 46 45 45 45 46 45 44 44 43 42 42 42 43 43 43 43 44 44 44 44 45 46 46 47 47 48 48 48 48 49 49 50 50 50 50 50 50 49 49 47 46 48 52 54 55 56 57 59 60 63 65 69 70 70 71 72 75 75 77 77 77 76 74 70 65 62 59 58 57 59 60 61 63 68 71 73 75
44 45 46 46 47 47 48 49 49 48 47 47 47 47 46 46 46 46 46 46 47 47 47 47 47 46 45 44 42 42 42 41 42 42 43 44 45 45 45 45 46 46 47 47 47 48 48 48 48 49 50 50 50 50 50 50 50 49 48 47 48 51 54 56 57 60 62 64 68 70 74 75 75 75 76 77 78 78 79 78 76 73 68 65 61 59 58 58 58 58 60 64 67 72 73 75
45 46 47 48 49 49 49 49 49 49 48 47 47 48 48 48 48 48 47 47 47 47 47 48 48 47 46 44 43 42 42 41 40 40 43 45 45 45 45 45 45 46 46 46 47 47 47 47 48 48 49 49 50 50 50 50 50 50 50 50 52 54 55 57 60 63 67 69 72 74 75 77 78 79 79 80 79 79 79 75 74 72 68 64 61 60 60 60 58 54 56 63 69 71 74 76
46 46 47 49 50 51 51 51 50 50 49 48 47 48 48 49 49 49 48 47 47 47 47 47 47 47 46 45 44 43 43 43 41 41 43 44 44 44 45 45 45 45 46 46 46 47 47 48 48 49 49 49 50 50 50 50 51 51 52 54 56 58 60 60 61 64 68 72 74 75 77 78 79 81 82 80 79 79 77 74 71 70 66 64 62 62 62 61 60 57 59 65 69 72 77 80
47 48 49 50 52 53 53 52 51 51 50 49 48 48 48 48 48 48 48 47 47 47 47 47 47 47 46 46 45 44 44 44 44 43 43 43 44 44 44 45 45 45 46 46 46 47 47 47 48 48 49 50 50 50 50 51 51 53 54 56 59 62 63 64 64 65 68 71 73 76 77 79 80 83 83 81 79 76 74 71 71 68 66 65 65 64 63 61 61 60 64 68 71 76 78 81
48 49 50 52 54 55 53 52 51 51 51 50 49 49 48 48 47 47 47 47 47 47 47 47 47 47 47 46 46 45 45 45 45 45 44 43 43 44 45 45 46 45 46 46 46 47 47 47 47 48 49 49 50 50 51 52 53 55 57 58 61 64 66 68 69 69 71 74 76 77 80 82 85 86 85 84 80 76 73 71 70 69 68 69 67 66 64 65 63 66 68 71 74 77 80 81
48 49 51 52 53 53 52 51 51 50 50 50 49 49 48 47 47 47 47 47 47 47 47 47 46 46 46 46 46 45 45 45 45 44 44 43 44 44 44 45 45 45 45 46 46 46 47 47 48 48 49 49 50 51 52 53 55 57 59 61 63 64 68 70 72 75 76 77 78 80 84 87 88 89 89 87 83 79 75 72 72 73 73 72 71 70 69 68 66 69 71 72 76 80 81 82
48 49 50 51 52 52 52 51 51 50 50 49 49 48 47 47 47 47 47 47 47 47 46 46 46 46 46 46 45 45 44 44 44 44 44 44 44 44 45 45 45 45 45 46 46 46 46 47 48 49 49 50 51 52 54 55 56 58 60 62 63 65 68 71 74 76 77 78 80 84 87 91 92 93 92 89 85 80 76 75 76 77 76 76 74 73 72 71 71 73 76 77 79 81 82 83
48 49 51 51 51 52 51 51 51 50 49 49 48 48 47 47 46 46 46 46 46 46 46 45 46 46 46 46 45 44 44 44 44 44 44 44 45 45 44 45 45 45 45 46 46 46 47 49 50 50 50 51 52 53 55 56 57 59 61 63 65 66 69 71 74 76 77 78 80 85 90 95 98 97 94 90 86 82 78 76 77 79 79 80 80 78 77 77 79 81 82 82 82 83 83 84
48 50 50 51 51 51 51 51 51 50 49 48 48 47 47 46 45 44 43 44 45 45 45 45 45 46 46 45 45 44 44 44 44 44 44 44 44 45 45 45 45 45 45 46 46 46 48 50 51 52 52 51 52 54 55 56 57 59 61 63 65 67 69 71 73 75 76 77 80 86 90 97 107 104 95 90 85 82 79 77 77 79 80 80 82 80 80 82 84 84 83 83 83 84 84 84
48 50 50 51 51 51 51 51 50 50 49 47 47 46 46 45 45 43 43 43 44 44 44 44 45 45 45 45 45 44 44 44 44 44 44 44 44 45 45 45 45 45 45 45 45 46 48 50 51 52 52 52 53 53 55 56 58 60 61 63 65 67 68 69 72 75 75 78 81 86 92 96 101 99 93 88 85 83 82 81 79 79 81 81 82 81 83 85 86 84 84 84 85 85 84 84
48 49 50 50 51 51 51 50 49 48 47 46 46 45 44 44 43 43 43 42 43 43 44 44 44 44 45 45 45 44 44 44 44 44 44 44 44 44 44 45 44 45 45 45 45 47 48 49 51 52 52 53 53 54 55 56 58 59 61 64 65 66 67 69 72 74 77 78 81 85 89 93 94 93 89 86 84 84 85 83 81 81 80 80 81 82 84 86 86 85 85 85 85 85 84 84
48 49 49 50 50 50 50 49 48 47 46 45 44 43 43 42 43 43 42 42 43 43 43 44 44 44 45 45 44 44 44 44 44 44 44 44 44 43 44 44 44 44 45 45 46 47 48 49 50 51 52 54 53 54 55 57 58 60 61 64 65 65 66 68 71 74 76 78 80 83 88 91 91 89 88 86 87 87 87 86 85 84 83 82 80 81 85 86 86 86 86 85 85 85 85 84
48 48 48 49 49 49 48 47 46 45 44 43 42 41 41 42 42 42 42 43 43 43 43 43 43 44 44 44 44 44 44 43 44 44 43 43 43 43 43 43 43 43 44 45 46 47 48 48 50 51 52 54 54 55 55 57 58 60 62 63 64 64 66 68 70 73 75 77 78 82 87 88 87 86 87 90 90 89 88 87 87 87 86 85 81 83 85 87 87 87 86 86 85 85 85 85
48 48 48 48 48 48 47 46 45 43 42 40 39 39 40 41 42 42 42 43 43 43 43 43 43 44 44 44 44 44 43 44 43 44 43 43 43 42 42 42 42 43 43 45 46 47 48 48 49 51 52 53 55 55 56 57 58 60 62 62 63 64 66 68 69 71 73 75 77 81 84 86 84 84 86 90 91 90 90 93 91 91 89 87 86 84 86 87 87 87 86 86 85 85 85 85
49 48 48 48 47 47 46 45 44 42 40 37 36 37 38 40 41 42 43 43 43 43 43 43 44 44 43 43 44 44 44 44 44 44 43 42 42 42 41 41 41 42 43 45 46 46 47 49 50 51 52 53 55 56 56 57 58 59 61 62 63 65 67 69 70 71 72 74 77 80 82 83 82 82 86 89 91 90 90 93 93 93 92 90 87 86 86 87 88 87 86 85 85 85 85 86
49 49 48 48 47 47 46 45 44 42 39 35 30 34 38 40 42 43 43 44 44 44 44 44 44 44 43 43 43 43 43 43 44 43 43 42 42 41 42 41 41 42 44 45 46 47 48 49 50 51 52 54 55 57 57 57 58 59 60 62 63 65 67 69 71 72 73 75 77 79 81 80 79 82 85 90 91 88 88 92 92 93 92 89 87 86 86 86 87 86 85 85 85 85 86 86
50 50 49 49 48 47 46 45 44 42 40 38 36 37 40 42 43 44 44 45 45 45 45 45 45 44 44 43 43 43 43 43 43 43 42 42 42 42 43 43 42 43 45 45 47 48 48 49 50 51 52 54 56 57 57 58 59 59 60 62 64 66 67 68 70 71 73 74 77 80 79 78 79 82 85 89 90 89 89 91 93 93 91 89 87 86 87 86 86 85 85 85 85 87 87 86
52 51 51 50 49 48 47 46 46 44 43 41 41 41 43 44 45 45 46 46 46 46 46 46 45 45 44 44 44 43 43 43 43 42 42 42 42 43 43 43 43 45 45 47 47 48 49 50 50 51 53 54 55 57 58 59 60 60 61 62 64 65 68 69 71 72 73 76 79 79 77 77 78 82 85 87 88 89 90 91 92 91 90 88 88 87 87 87 86 86 87 85 86 87 86 85
54 53 53 51 51 50 49 48 47 46 45 45 44 45 45 46 46 46 47 47 47 47 47 46 46 45 45 45 45 44 44 43 42 42 42 42 42 43 43 44 44 45 47 47 48 49 49 50 51 52 53 54 56 57 58 59 60 60 61 62 63 65 68 72 73 74 76 77 78 77 75 75 77 80 83 86 89 90 90 90 91 90 89 89 89 87 88 87 87 87 87 86 85 85 83 84
56 56 55 54 53 52 51 50 49 49 48 47 47 48 48 48 48 48 48 48 48 48 48 47 47 47 47 47 46 45 44 44 43 42 41 42 42 42 43 44 44 45 47 48 48 49 50 51 52 52 54 54 56 57 58 59 60 60 61 62 63 64 69 79 79 78 78 78 78 76 73 73 76 80 82 85 88 88 88 89 89 88 88 88 88 89 89 88 89 87 87 86 85 81 82 82
58 57 56 56 55 54 53 52 52 51 51 50 50 50 50 50 50 50 50 50 50 50 50 49 49 48 48 47 47 46 45 44 44 42 42 41 41 42 43 44 44 45 46 47 48 49 50 51 52 53 54 55 56 57 58 59 60 61 61 61 61 59 58 71 78 80 81 80 78 77 76 75 79 80 83 85 87 88 88 87 87 86 85 85 87 89 90 90 87 87 84 83 82 80 81 83
59 59 58 57 56 56 55 54 54 54 53 53 52 53 52 52 52 53 53 53 53 52 52 51 51 49 48 48 47 46 45 45 43 42 41 40 40 41 43 44 44 45 46 47 48 49 50 51 53 54 55 55 57 58 58 59 60 61 62 63 62 60 56 65 74 79 81 81 79 77 77 77 79 82 84 87 88 88 87 86 86 85 84 85 87 89 89 88 87 84 84 81 79 79 80 84
61 60 60 59 58 57 57 56 56 56 56 56 55 55 55 55 55 56 56 56 55 55 54 53 53 51 50 49 47 46 45 44 42 40 39 39 40 41 42 43 44 45 46 47 48 49 50 52 53 54 55 56 57 58 59 60 61 62 63 64 66 66 68 70 76 81 81 80 78 78 78 80 83 85 86 87 88 86 85 85 84 83 84 86 89 89 88 86 84 83 81 80 77 76 79 84
62 62 61 60 60 59 59 58 59 59 58 58 58 58 58 59 59 59 59 59 58 57 56 56 54 53 51 50 48 47 45 43 40 37 35 36 39 40 42 43 45 45 47 47 48 50 50 52 53 54 55 56 57 58 59 61 62 63 65 67 69 71 73 78 80 83 82 80 80 80 80 82 85 88 89 88 88 86 85 84 83 83 86 88 89 88 87 85 84 81 80 76 75 74 78 81
63 63 62 62 62 61 60 60 61 61 62 61 61 61 62 62 63 63 62 62 61 60 59 58 57 55 54 52 50 48 45 43 41 36 34 37 39 41 42 44 45 46 47 48 49 50 51 52 53 54 55 56 57 58 60 61 62 64 65 68 70 73 78 81 84 85 84 82 82 83 83 83 86 88 89 88 88 85 83 81 83 84 86 87 88 86 86 86 84 82 76 73 72 73 76 80
64 64 64 63 63 63 62 62 63 64 64 64 64 64 64 65 66 66 66 66 65 64 63 61 60 59 57 54 52 50 47 45 43 41 40 40 41 42 43 44 46 47 48 49 50 50 51 51 53 53 54 56 57 58 60 62 63 64 67 69 73 76 81 84 86 85 84 85 84 86 86 85 85 87 86 86 84 83 83 82 83 84 84 85 86 84 82 82 80 77 74 72 70 74 76 77
65 65 65 65 65 65 64 64 64 65 65 66 66 67 67 68 68 70 71 71 71 69 66 64 62 62 60 58 54 51 48 47 45 44 43 43 42 43 44 45 47 47 49 50 51 51 52 52 53 54 54 55 57 58 60 61 63 65 67 70 73 78 84 87 89 87 87 88 89 89 88 90 89 88 85 83 82 83 84 84 83 83 82 84 83 82 79 78 75 74 70 70 73 76 76 75
66 66 66 66 67 67 67 66 65 65 66 67 68 70 71 71 72 74 77 79 78 75 70 66 64 63 60 57 55 52 50 48 47 46 46 45 45 45 45 46 47 48 49 49 50 51 52 53 54 54 55 56 57 58 59 61 62 65 67 70 74 79 85 89 91 91 93 94 93 91 92 91 90 87 84 82 83 85 85 83 81 81 82 82 83 81 79 76 74 69 68 69 73 74 73 72
