sesion_6_simulaciones/modelos_distribucion_especies/ejemplo/variables/futuro_B2/2070/PV.asc
ncols 708
nrows 329
xllcorner -7.525000
yllcorner 35.991667
cellsize 0.008333
NODATA_value -9999
[rows 159 to 211 of 329, columns 576 to 671 of 708]
49 49 48 47 47 47 46 46 46 46 45 45 45 44 44 44 44 44 43 43 42 42 42 41 41 41 40 40 42 42 44 45 46 48 50 52 52 51 51 52 52 52 51 52 54 55 54 54 54 54 55 54 55 56 55 53 53 51 50 49 48 47 46 45 44 43 43 42 42 41 41 40 40 39 39 39 39 39 38 37 36 34 33 33 32 31 31 30 29 29 29 28 28 28 28 28
48 48 47 47 46 46 46 45 46 46 45 45 44 44 43 43 43 43 43 43 42 40 40 40 39 38 37 37 39 40 42 43 45 47 49 51 51 50 50 51 51 51 50 50 51 52 53 53 52 53 53 54 54 56 56 55 54 53 51 50 49 48 47 46 45 44 44 43 42 42 41 41 40 40 40 40 39 39 39 37 36 34 33 32 32 31 30 30 29 29 29 28 28 28 29 29
48 47 46 46 45 46 45 45 45 45 45 44 44 43 43 43 42 42 42 42 41 40 38 37 37 35 33 32 36 38 40 42 44 45 47 48 49 49 49 49 49 49 49 48 49 50 51 51 51 51 52 53 55 56 56 56 56 54 53 52 50 49 48 47 46 45 44 44 43 42 41 41 41 40 40 40 39 38 38 37 36 35 33 32 32 31 30 30 29 29 29 29 29 30 33 32
47 46 45 45 45 45 45 45 45 45 45 44 44 43 42 42 41 41 41 41 40 38 37 36 34 34 33 32 35 37 39 41 43 44 45 46 47 47 48 48 48 48 48 48 48 48 49 49 50 51 52 54 56 57 58 59 58 56 55 53 51 50 49 48 47 46 45 44 43 42 42 41 41 40 41 40 40 39 38 37 36 34 33 32 31 31 30 29 29 29 30 30 31 35 38 34
45 45 44 44 44 44 44 45 45 45 45 44 44 43 43 42 41 40 40 39 38 37 35 34 33 32 33 34 35 37 39 41 42 44 45 45 46 46 47 47 47 47 47 47 47 48 48 49 49 50 52 54 57 60 63 64 63 60 57 55 52 51 50 48 47 46 45 45 44 43 42 42 41 41 40 40 39 38 38 36 35 34 33 32 32 30 30 29 28 27 28 29 30 32 32 32
44 43 43 43 44 44 44 44 45 45 45 45 44 44 43 42 41 40 39 38 37 36 34 32 30 30 32 34 35 37 39 40 42 43 44 45 45 46 46 46 46 46 47 47 47 47 47 48 48 49 51 53 57 62 69 75 69 62 58 55 53 51 50 49 47 47 46 45 45 44 43 42 42 41 41 40 40 38 37 36 36 35 34 32 31 30 29 28 27 25 25 27 28 29 29 30
42 42 42 42 43 43 43 44 45 45 45 45 45 44 44 43 42 41 39 38 37 35 32 29 25 27 31 34 36 38 39 41 42 44 45 46 46 46 46 46 46 46 46 46 46 46 47 47 47 48 49 51 56 61 68 74 69 62 58 56 53 52 50 48 48 47 46 45 45 44 43 43 42 42 41 40 40 39 38 37 36 35 34 33 32 31 29 28 27 26 26 26 27 27 27 27
42 40 41 42 42 43 43 44 45 45 45 46 46 46 45 45 43 42 40 39 37 36 33 31 28 30 33 35 36 39 40 42 43 46 47 47 47 47 47 47 46 46 46 46 46 47 47 47 47 47 48 50 54 58 61 64 63 61 58 56 54 52 50 48 48 47 47 46 45 45 44 43 43 42 42 41 40 40 39 38 37 36 35 34 32 31 30 29 28 27 27 27 28 27 26 25
39 38 39 41 42 43 44 44 46 45 46 46 46 46 47 47 45 44 43 41 40 38 38 36 35 35 36 38 39 41 43 45 46 47 49 50 49 48 48 47 47 47 47 47 47 47 47 47 47 46 46 48 52 55 58 59 60 59 58 55 54 52 51 50 49 48 48 47 46 45 45 45 44 44 43 43 42 41 40 39 39 37 36 35 33 32 31 30 29 28 28 28 28 28 27 26
35 34 38 40 42 43 43 45 46 47 47 47 47 46 47 47 47 45 43 42 41 41 40 40 40 41 41 42 44 45 46 48 49 50 53 52 51 50 49 49 50 50 50 49 49 49 48 48 47 44 43 48 52 54 56 56 57 57 56 55 53 53 51 51 50 49 48 48 47 46 46 47 46 46 45 45 44 42 41 40 39 38 37 36 34 33 32 31 30 29 29 28 28 28 28 28
37 37 39 41 43 44 44 45 46 47 48 49 47 49 48 49 48 46 44 44 44 44 43 44 44 45 45 47 47 49 50 50 50 51 52 53 53 52 52 51 52 53 53 52 51 52 51 49 48 47 48 50 53 55 56 56 56 56 56 55 54 53 51 51 51 49 48 47 47 47 47 48 48 48 48 47 46 44 43 42 41 40 38 36 36 35 33 32 31 30 29 28 28 28 28 28
41 41 42 44 45 45 46 46 47 48 49 49 48 48 50 50 49 46 45 47 47 47 46 47 48 48 48 50 50 51 52 52 52 51 52 54 56 56 53 52 53 55 54 54 54 54 52 49 51 49 50 52 54 55 55 56 57 56 56 55 53 52 51 50 49 48 48 47 47 47 49 49 50 51 51 49 48 47 45 44 42 41 40 37 37 35 34 33 32 31 30 29 28 28 27 27
42 43 44 45 46 46 47 48 49 49 50 49 49 50 51 50 48 47 47 49 49 49 48 49 51 51 51 53 53 53 54 53 52 51 53 56 57 58 56 53 53 56 57 56 56 55 54 52 50 52 50 53 54 55 55 56 56 55 54 52 51 50 49 48 47 47 47 47 47 48 50 52 52 53 53 53 51 50 47 46 44 42 40 39 37 36 34 33 32 31 29 29 28 27 27 27
44 45 46 46 46 47 48 50 50 50 51 49 50 52 52 50 49 48 49 50 51 51 51 51 52 54 55 55 55 55 55 54 53 51 54 56 58 58 56 54 54 57 58 59 59 56 55 54 52 52 52 54 55 56 55 55 55 53 52 51 50 48 48 47 46 46 47 48 48 50 50 52 53 54 59 59 55 52 49 47 45 42 40 38 37 36 35 33 32 31 30 29 28 27 27 26
46 47 47 47 47 48 49 51 51 51 51 51 52 55 55 53 52 49 50 51 51 52 53 54 54 55 56 58 57 59 57 55 53 53 55 58 60 60 58 55 56 58 61 60 58 56 55 54 54 52 53 54 54 56 55 55 54 53 52 52 50 49 47 47 44 45 47 48 49 50 50 51 53 56 61 62 56 52 49 47 45 42 41 39 36 36 34 33 32 31 30 29 28 27 27 26
47 48 49 48 48 49 51 52 53 53 53 54 56 57 56 54 53 52 52 53 53 54 56 57 56 55 57 59 60 60 59 56 53 54 57 60 61 62 60 57 57 58 61 61 59 57 56 56 56 54 53 55 55 55 55 54 54 54 54 52 51 49 48 47 45 45 47 48 49 50 50 51 52 54 55 54 52 49 47 45 43 42 40 39 38 36 34 33 32 31 30 29 28 28 27 26
48 49 50 51 49 50 52 53 53 53 55 57 59 60 58 57 55 53 53 54 55 56 57 58 58 57 58 59 59 59 58 55 53 54 59 61 63 63 61 59 58 59 61 61 60 58 57 56 55 56 57 58 57 55 54 54 54 55 54 53 51 50 49 47 47 47 48 48 50 49 49 50 51 51 51 50 49 47 45 43 42 41 40 38 37 36 34 33 32 32 31 30 29 28 27 26
49 51 52 51 51 51 53 54 54 54 56 60 62 63 62 59 57 55 54 56 56 57 58 59 59 59 58 58 57 56 55 53 54 55 58 63 64 65 63 61 59 60 61 62 60 58 57 57 56 56 57 58 59 57 55 55 55 55 54 53 52 51 49 49 48 48 49 49 48 49 48 49 49 49 48 47 46 45 44 42 40 39 38 37 36 34 34 34 33 31 30 30 29 28 28 27
49 51 52 52 52 52 54 55 55 56 58 60 61 63 63 61 58 56 55 55 56 56 57 59 60 60 59 58 57 55 55 54 55 57 59 63 65 66 65 62 61 61 63 62 61 59 58 58 57 56 56 58 57 58 56 56 57 56 54 53 52 51 49 49 48 50 50 49 48 48 47 47 47 47 46 45 44 43 42 41 39 38 37 36 35 34 33 32 32 31 30 29 28 28 27 27
50 51 52 53 53 53 55 56 56 57 59 59 59 60 62 61 58 56 56 55 55 56 57 57 59 59 58 58 57 56 56 58 58 59 61 63 66 67 65 63 62 64 64 64 62 60 59 58 57 57 57 57 56 56 57 57 59 58 56 56 52 50 50 49 49 49 49 48 47 47 47 47 46 46 45 43 42 40 40 38 37 36 35 35 35 34 33 32 31 31 30 30 29 28 28 27
51 51 52 53 54 54 55 56 57 57 58 57 58 60 60 60 58 59 59 58 58 58 59 58 58 59 58 57 56 55 57 59 60 62 63 65 66 66 65 65 65 66 66 65 63 61 61 58 58 57 57 56 54 54 55 57 59 61 62 58 54 51 50 49 48 48 48 47 47 47 47 45 45 45 43 41 39 37 37 36 34 34 34 34 34 34 33 32 31 31 31 30 30 29 28 27
50 51 52 53 53 54 55 56 56 57 56 57 58 59 59 59 59 59 60 61 60 61 61 60 59 59 58 57 56 57 58 59 61 63 65 66 67 68 67 67 67 67 67 67 64 62 61 59 58 57 57 55 54 54 54 55 56 59 60 55 52 50 50 48 47 47 46 46 46 46 46 45 44 44 42 40 37 36 34 32 32 32 32 33 33 33 33 32 32 31 31 31 30 29 28 28
48 49 51 52 54 55 55 56 56 56 57 57 58 59 59 59 59 59 60 61 61 61 61 60 60 58 57 57 56 59 60 61 62 63 64 66 68 68 68 69 68 68 67 66 64 63 62 60 59 58 57 55 55 54 53 52 52 51 50 49 48 49 48 47 46 46 46 46 47 46 45 45 44 42 40 38 36 32 29 28 29 31 31 32 32 33 32 32 32 32 31 31 30 30 29 28
44 46 48 51 52 53 55 55 56 56 56 57 57 57 58 58 58 58 57 57 58 58 57 58 58 57 57 57 57 58 59 59 60 60 61 63 65 66 67 67 67 66 65 63 61 60 59 59 57 57 56 56 54 53 53 51 48 45 44 45 46 46 45 45 44 44 44 44 44 44 44 44 42 40 39 37 33 30 23 23 28 30 32 32 33 33 33 34 33 33 32 31 31 30 30 29
41 44 46 47 49 50 51 52 54 55 54 54 55 56 56 56 55 54 52 52 53 53 53 53 53 52 53 54 53 53 53 54 55 56 58 60 62 65 68 67 65 62 61 59 57 56 55 54 54 54 54 54 53 51 50 49 47 43 42 42 41 40 39 39 40 41 41 41 40 41 42 41 40 38 37 36 34 30 28 28 30 33 34 34 34 36 36 36 35 34 33 32 31 31 30 29
39 41 43 44 46 47 47 50 52 52 51 50 51 53 52 53 52 51 50 49 49 49 49 49 48 46 46 47 46 46 47 49 51 52 56 58 62 68 73 68 64 61 58 57 55 53 52 52 52 51 52 52 51 48 47 46 44 42 40 39 36 34 33 35 36 37 38 38 38 39 40 41 38 37 37 37 35 35 33 33 33 35 35 35 36 37 38 37 35 34 33 33 31 31 30 30
36 39 39 41 43 44 44 47 49 48 46 46 47 48 49 50 50 50 48 46 46 46 46 47 46 43 41 41 40 39 42 45 47 49 52 56 60 64 70 67 63 59 56 55 54 52 51 50 49 49 50 49 49 47 45 44 42 41 39 37 35 33 31 33 34 35 36 37 37 38 39 39 38 37 36 37 36 36 36 35 35 35 34 35 36 37 37 37 35 34 33 32 31 31 30 30
35 36 36 38 40 41 42 43 44 44 44 44 45 46 47 47 47 49 48 46 45 44 44 44 43 42 38 36 33 30 36 41 45 46 49 52 55 57 60 61 59 57 54 53 53 51 50 48 48 48 48 47 48 46 44 43 42 40 38 37 36 33 32 33 34 35 36 36 37 37 38 38 37 37 37 37 37 36 35 35 35 34 34 35 36 36 36 36 35 35 33 33 32 31 30 30
32 34 34 35 37 38 39 40 42 42 42 42 41 43 44 43 45 47 47 46 44 43 42 43 43 41 38 34 30 26 32 40 43 44 46 48 50 53 55 56 56 54 52 51 52 51 49 47 47 46 46 46 46 44 44 42 41 40 38 37 36 35 35 34 35 35 36 36 36 37 37 37 37 37 37 37 37 36 36 35 36 35 35 35 35 35 35 35 34 34 34 33 32 31 30 31
30 32 32 33 34 35 36 38 39 39 40 40 40 42 43 42 42 44 45 45 44 43 41 42 41 41 39 37 35 33 36 41 43 43 44 46 48 50 51 54 53 53 51 50 50 49 48 46 46 46 46 45 45 44 43 42 41 40 38 38 37 36 36 36 36 36 36 36 37 37 37 37 37 37 37 37 37 36 36 36 36 35 35 34 35 34 34 35 35 35 34 34 33 32 31 31
28 30 30 31 32 33 34 36 37 37 39 38 39 40 41 41 40 40 42 43 43 42 40 40 42 41 40 40 37 37 39 41 42 43 42 44 45 47 49 49 51 51 48 49 49 47 46 45 45 46 45 45 45 44 43 42 41 40 39 39 38 37 37 37 37 37 36 36 37 37 37 37 37 37 37 37 37 37 37 37 36 36 35 35 35 35 35 35 35 35 35 34 33 33 33 32
27 28 28 29 30 31 32 34 34 35 36 36 37 37 39 39 39 39 40 42 42 41 41 42 42 41 41 40 39 38 39 40 42 42 42 42 43 44 46 47 47 48 47 46 46 45 44 44 45 45 45 44 44 43 42 42 41 40 39 39 38 38 38 37 37 37 37 37 37 37 37 37 37 38 38 37 37 36 36 37 36 36 36 36 36 36 36 36 35 35 34 34 34 34 33 34
25 26 27 28 29 30 31 32 33 33 34 35 35 36 37 37 38 38 40 41 42 42 43 43 43 41 40 40 39 38 39 40 41 42 42 41 41 43 44 44 45 45 44 45 44 43 43 44 45 44 43 43 43 42 41 41 40 40 39 39 39 38 38 38 38 38 38 38 37 37 37 37 38 38 38 37 37 37 37 37 37 37 37 36 36 36 35 35 35 35 35 35 35 35 35 35
25 26 26 27 28 29 30 31 31 32 33 34 34 35 35 36 37 37 39 41 42 43 44 43 42 41 40 39 39 38 38 39 41 42 41 41 40 41 41 42 42 42 43 42 42 41 42 43 44 42 42 41 41 41 40 40 40 39 39 39 39 39 39 38 38 38 38 38 38 38 37 37 38 38 38 38 38 38 38 38 38 38 37 37 36 36 36 36 36 36 36 36 36 36 36 37
27 28 27 27 28 28 29 30 31 32 32 33 34 34 34 35 36 37 38 39 41 44 46 43 42 40 40 39 38 38 38 39 41 41 41 40 40 39 39 40 41 41 41 41 40 40 40 41 41 41 40 39 39 40 40 39 40 40 39 39 39 39 39 39 39 38 38 38 38 38 38 38 38 38 38 38 38 38 39 39 39 39 39 37 37 37 37 37 38 38 38 38 38 38 38 38
28 29 29 28 27 28 29 29 30 31 32 33 33 33 33 34 35 36 37 38 39 41 43 42 41 40 39 39 39 37 37 38 39 40 39 39 38 38 38 38 39 39 39 39 39 38 39 39 39 39 38 38 38 39 39 39 39 40 39 39 39 39 39 39 39 39 39 39 38 38 38 38 38 38 38 38 38 39 39 39 40 40 39 38 38 38 39 40 40 40 40 40 40 39 40 41
26 29 30 30 28 29 30 30 31 31 31 32 33 33 33 33 34 35 36 37 38 38 39 39 39 39 38 38 37 36 36 37 38 38 38 38 37 37 37 37 37 37 37 37 37 37 37 38 38 38 37 37 37 38 38 39 39 39 39 39 39 39 40 40 39 39 39 39 39 38 38 38 38 38 38 38 39 39 40 40 40 39 40 39 40 41 41 42 42 42 41 42 42 43 43 44
23 27 30 31 31 31 32 31 31 29 30 32 32 32 32 33 33 34 34 35 36 36 36 37 38 37 37 36 36 35 35 36 37 37 36 36 36 35 35 36 36 36 36 36 36 36 36 36 36 36 35 35 36 37 38 38 39 39 39 40 40 40 40 40 40 40 40 40 40 39 39 38 38 39 39 39 40 40 40 41 40 40 40 41 42 43 44 44 45 43 43 44 45 46 48 49
25 28 31 33 34 34 33 32 30 28 29 31 31 32 32 32 32 33 33 33 34 34 34 35 35 35 35 35 35 34 34 35 36 35 35 35 35 34 34 34 35 35 35 35 35 35 35 35 35 35 34 33 35 36 37 38 39 39 40 40 40 40 41 41 41 41 40 40 40 40 40 40 40 40 40 41 41 41 41 41 41 42 42 43 44 45 46 47 47 47 46 48 50 50 52 51
30 33 35 36 36 35 33 31 29 28 28 28 30 31 31 31 32 32 32 32 32 32 32 33 33 33 33 33 33 33 33 34 35 34 34 33 33 33 33 33 34 34 34 34 34 34 35 35 35 34 34 34 35 36 38 38 39 40 40 40 41 41 41 42 42 42 42 41 42 42 41 42 41 42 42 42 42 42 42 42 43 44 45 46 46 46 47 47 47 48 49 50 52 52 52 51
31 35 37 38 37 35 32 30 29 27 26 27 29 30 30 30 30 31 31 30 30 30 30 31 31 31 31 31 32 33 32 33 34 33 33 32 32 32 32 32 32 33 33 33 34 34 34 34 35 35 35 35 36 37 38 39 40 40 41 42 42 42 43 43 43 43 42 43 43 43 42 43 43 43 43 43 44 44 44 43 43 44 45 46 47 47 47 48 48 49 49 50 51 52 51 50
32 35 37 37 36 35 32 31 29 28 25 25 27 29 29 28 29 29 29 30 29 28 28 29 29 29 30 30 30 31 31 32 32 32 32 31 31 30 30 31 31 32 32 33 33 34 34 35 35 36 36 36 37 37 38 39 40 41 41 42 43 43 43 44 43 44 44 44 45 45 44 44 44 44 45 45 44 45 45 44 44 45 46 47 49 48 48 48 48 49 48 49 50 51 50 50
31 34 36 36 35 34 33 31 29 28 25 24 25 27 27 27 27 27 28 28 28 27 26 26 27 28 29 29 29 29 30 30 30 31 30 30 30 29 29 29 30 31 32 33 34 34 35 36 37 36 37 37 37 38 39 40 40 41 42 43 43 44 44 44 44 44 44 44 44 45 45 46 46 46 45 45 45 44 44 44 44 45 46 48 50 49 49 49 49 49 49 49 49 49 49 50
30 33 34 34 34 33 32 30 28 27 24 21 21 23 24 25 25 27 28 29 28 26 24 23 24 27 28 29 28 28 28 29 29 29 29 29 29 29 29 29 29 31 32 33 35 35 36 37 37 37 37 38 38 39 40 40 41 42 43 44 44 45 47 46 45 44 44 43 43 44 44 45 47 47 46 46 46 45 45 46 46 46 47 47 49 50 49 49 49 50 48 47 48 48 48 50
31 32 33 32 32 32 31 28 26 24 22 17 14 18 21 23 25 26 28 29 27 26 24 23 25 27 28 28 28 28 28 28 28 28 28 28 28 29 29 30 30 31 32 33 34 35 35 36 37 37 38 38 39 40 41 42 43 44 45 45 46 48 50 49 47 45 44 44 44 44 44 45 45 46 46 47 47 46 47 46 46 46 46 47 49 49 49 49 49 49 47 47 48 48 48 48
32 32 33 32 31 30 29 28 26 24 21 16 13 17 21 23 24 26 27 29 27 26 25 25 27 28 28 27 27 27 27 27 27 27 27 28 28 29 30 30 31 31 32 33 34 35 36 38 38 39 39 40 41 43 44 45 46 47 47 48 49 50 51 50 48 46 46 45 44 44 44 44 45 44 45 45 45 45 46 45 46 45 46 47 48 48 48 48 48 48 48 47 48 48 48 48
35 33 33 32 31 30 29 28 27 25 23 21 19 20 21 23 24 26 28 28 28 26 26 26 27 28 27 27 26 26 26 26 26 26 27 27 28 29 30 31 32 33 34 35 36 37 38 40 41 41 42 43 44 45 47 47 48 48 48 48 49 50 50 49 47 47 46 46 46 45 45 45 45 45 45 45 44 45 45 45 45 45 45 46 47 47 47 47 47 47 48 48 49 49 48 48
38 35 34 33 32 30 29 28 27 26 25 24 24 23 23 24 25 27 28 28 28 27 26 26 27 27 26 26 26 26 25 26 26 26 27 28 29 30 32 33 34 35 36 38 38 39 40 42 43 43 44 45 46 47 48 48 48 47 47 48 47 48 48 47 47 47 46 46 46 46 45 45 45 45 45 45 45 45 45 45 45 45 45 46 46 46 46 46 46 47 47 48 49 49 49 50
40 37 35 33 32 31 30 29 28 27 27 26 26 26 25 26 26 28 28 29 29 28 27 27 27 27 26 26 25 25 25 25 26 26 27 28 30 32 34 35 36 37 37 39 40 41 42 44 45 46 47 47 47 48 47 47 48 48 47 47 47 46 46 46 46 46 46 46 46 46 45 45 45 45 45 45 45 45 45 45 45 45 45 45 46 45 46 46 46 46 46 47 47 49 49 50
41 39 36 35 34 33 31 30 30 29 28 28 27 28 28 27 28 29 29 29 29 28 28 27 27 27 26 26 25 25 24 25 27 28 29 30 32 34 36 38 39 40 41 43 44 44 45 45 46 48 48 48 47 45 46 47 48 48 47 47 46 45 45 45 45 45 45 45 45 45 45 45 45 45 45 45 45 45 45 45 45 45 45 45 45 45 45 46 46 46 46 46 47 48 49 50
44 43 41 38 37 36 35 34 33 32 31 30 29 29 29 29 29 30 30 30 30 29 28 28 27 27 26 26 26 25 24 24 26 28 29 30 33 36 39 40 41 42 42 45 45 45 45 46 46 47 46 46 46 45 44 45 47 48 47 46 45 44 45 44 44 43 43 43 44 44 44 44 44 45 45 45 45 45 45 45 46 46 46 46 46 46 46 46 46 46 46 46 47 47 48 50
45 45 43 44 41 41 39 38 37 37 34 33 32 32 31 31 31 32 32 30 30 29 28 27 26 26 26 26 25 25 23 24 25 26 27 30 33 35 37 39 40 41 42 43 43 42 44 45 45 44 43 44 45 45 43 43 44 46 46 45 43 42 42 44 43 42 43 43 43 43 43 43 44 44 44 44 45 45 45 46 46 46 46 47 47 47 47 46 46 46 46 46 46 46 47 47
45 45 45 45 45 44 43 43 43 42 40 37 36 35 35 35 34 34 34 33 32 30 29 27 27 26 25 25 24 23 23 23 24 25 27 29 31 33 33 35 37 37 38 41 41 41 43 43 43 43 41 42 44 44 43 42 41 43 43 43 41 41 40 41 41 42 42 42 42 43 43 43 44 44 44 45 45 46 46 46 46 46 47 47 47 47 47 46 45 45 45 45 45 45 45 45
