sesion_6_simulaciones/modelos_distribucion_especies/ejemplo/variables/futuro_B2/2070/TMNV.asc
ncols 708
nrows 329
xllcorner -7.525000
yllcorner 35.991667
cellsize 0.008333
NODATA_value -9999
[rows 41 to 81 of 329, columns 470 to 563 of 708]
-9999 -9999 190 190 190 193 193 194 191 191 191 193 -9999 -9999 -9999 -9999 -9999 -9999 -9999 -9999 193 190 191 191 190 190 194 193 197 196 197 198 199 198 198 198 198 197 198 198 200 201 201 200 199 200 199 199 200 198 198 198 199 198 198 197 197 197 199 196 197 198 197 198 197 197 197 197 197 197 197 198 198 198 198 198 198 199 199 199 198 199 200 199 199 199 199 199 199 198 198 197 196 196
191 193 193 195 195 194 195 192 195 194 194 199 194 193 192 191 193 191 192 192 195 193 194 194 194 196 199 199 199 198 199 198 197 197 197 197 198 199 200 200 200 201 199 200 201 199 201 200 199 198 198 198 200 197 196 198 197 197 197 198 198 198 198 198 199 198 198 197 197 198 198 198 198 198 198 198 197 197 198 198 198 198 197 200 200 199 199 198 198 198 198 198 198 198
193 193 195 194 194 197 194 193 194 196 199 195 196 196 194 196 198 197 195 194 196 194 194 194 194 196 196 198 200 198 196 196 195 195 196 197 197 198 199 199 202 200 201 201 202 201 200 200 199 199 200 201 197 196 196 197 196 198 198 198 198 199 199 198 199 198 198 198 198 199 199 199 199 198 198 197 197 197 197 197 197 197 198 200 200 199 198 198 198 198 199 199 199 199
195 195 196 196 195 193 194 195 199 194 195 193 195 199 198 197 196 195 195 194 197 193 196 196 196 196 199 196 199 199 196 196 195 196 198 199 199 198 197 198 201 199 198 197 199 201 202 201 202 202 198 199 198 198 197 196 197 198 199 199 199 200 199 199 199 199 199 199 199 199 199 199 199 199 198 198 199 198 197 199 197 198 199 200 198 198 198 198 199 199 199 200 199 200
195 193 195 195 193 192 196 197 194 194 194 193 196 199 197 195 195 194 195 194 198 196 198 196 196 199 200 200 200 198 197 198 198 198 199 200 197 198 199 202 200 196 198 197 198 199 199 198 199 199 198 198 197 197 197 197 198 198 199 200 200 199 199 199 199 199 199 200 200 200 199 199 199 199 198 198 199 198 198 200 201 200 201 198 198 198 198 200 199 200 200 200 200 200
194 194 194 193 195 195 191 191 192 192 194 196 198 199 196 195 197 197 197 196 197 198 197 198 199 201 197 198 199 199 199 199 197 198 199 200 198 199 202 200 199 198 198 198 197 197 197 196 196 196 196 196 197 197 196 198 199 199 200 200 201 200 200 200 200 200 200 200 200 200 200 200 198 198 198 198 198 201 201 200 202 201 200 200 200 200 200 200 200 200 200 200 200 199
196 196 196 196 196 192 191 192 192 195 195 196 196 198 195 196 198 198 197 198 199 199 199 201 200 200 199 198 200 200 200 200 201 201 201 201 201 201 199 200 199 199 199 201 197 196 198 196 198 197 197 197 197 197 199 200 200 200 201 201 201 200 200 200 200 200 200 200 200 201 200 199 199 200 201 201 201 201 202 201 202 201 201 201 201 201 201 200 199 199 198 196 196 197
196 197 197 193 192 191 192 196 196 195 194 194 197 198 196 197 199 198 195 200 200 201 200 198 198 197 199 199 200 200 200 199 201 201 201 202 202 202 200 201 202 200 201 198 197 197 197 197 197 198 198 197 198 197 200 200 200 201 201 201 200 200 200 200 200 199 199 200 201 202 201 202 201 201 202 203 202 202 201 202 201 202 202 201 201 200 200 199 198 196 194 191 192 192
196 196 194 192 192 192 196 197 196 193 194 195 196 197 198 200 200 200 200 200 197 197 197 198 198 200 200 200 201 200 200 199 199 199 199 202 202 201 199 200 200 200 198 198 198 198 197 196 196 196 196 195 198 199 200 198 200 201 201 201 200 200 200 200 198 196 195 198 201 201 202 202 203 203 203 203 203 203 202 203 203 202 202 201 200 199 198 196 194 192 191 191 193 191
192 192 193 193 195 195 197 194 194 194 195 196 196 198 200 200 200 200 200 199 199 199 200 200 200 201 201 200 200 200 200 200 201 201 202 200 203 201 201 202 201 198 198 198 198 198 197 197 198 198 198 199 200 200 200 201 201 201 201 201 201 200 197 196 195 195 196 197 199 202 202 202 203 203 204 203 204 204 203 203 203 202 201 200 199 198 197 194 192 193 192 194 191 192
194 194 193 196 197 196 195 195 194 195 196 198 199 199 200 200 200 199 199 200 200 200 200 200 201 202 201 201 201 200 201 201 200 202 202 203 203 202 201 200 200 199 199 199 198 197 198 198 199 199 200 200 201 201 201 201 201 201 201 200 200 196 195 197 199 199 199 201 202 203 203 203 204 203 204 204 204 204 204 204 203 202 201 200 199 197 196 195 194 192 191 192 194 192
195 197 197 196 196 196 197 197 197 198 196 198 199 200 201 201 200 199 199 200 199 199 200 200 201 201 200 201 201 201 201 201 201 200 201 202 202 200 198 198 198 199 198 198 197 198 200 198 199 200 200 201 201 201 201 201 201 201 201 200 199 196 195 198 201 202 201 202 202 203 204 204 205 204 204 204 204 205 205 204 204 203 201 200 198 196 194 193 192 191 188 190 193 193
197 198 195 196 196 196 196 197 198 200 199 200 200 200 200 200 200 200 199 199 199 200 200 200 202 201 201 202 201 201 201 201 200 201 202 203 199 199 198 198 199 198 198 199 199 200 201 200 200 200 201 201 201 201 201 201 201 201 201 201 199 195 196 198 201 202 202 203 203 204 204 204 205 205 205 205 206 206 205 205 205 204 202 199 196 193 190 188 189 188 188 190 191 193
196 196 196 196 196 197 198 199 199 200 200 201 201 200 200 200 199 199 199 199 200 200 201 201 202 203 201 202 201 202 201 201 200 200 203 202 201 201 199 199 198 199 200 199 200 201 201 201 201 201 201 201 201 201 201 201 201 201 201 201 200 199 200 201 202 202 204 204 204 205 205 206 206 206 206 206 207 207 206 206 206 205 201 199 198 194 190 188 186 190 190 192 194 197
196 196 197 197 198 198 199 199 199 201 201 201 201 200 200 200 199 199 199 200 200 201 201 201 203 202 203 202 202 201 203 201 201 199 201 200 199 198 198 199 198 200 201 201 202 201 201 200 201 201 201 201 201 201 202 202 202 201 201 201 201 201 200 203 204 204 205 205 205 206 206 206 207 206 207 208 208 207 207 207 208 208 206 206 203 200 198 195 194 194 196 195 197 198
196 197 198 199 199 199 199 200 200 201 200 199 198 200 200 199 200 200 200 200 201 202 202 202 203 203 202 202 202 202 203 202 201 202 200 199 199 199 198 201 199 202 201 200 201 201 200 200 200 201 201 201 201 201 201 201 201 201 201 200 199 199 199 203 204 205 205 205 205 205 207 207 207 208 208 208 208 208 209 208 208 210 210 210 209 209 208 206 202 203 201 200 201 199
198 198 198 199 199 199 200 199 201 200 198 199 199 200 200 200 201 201 200 201 202 202 202 203 203 202 202 204 204 204 202 201 202 202 201 200 199 201 200 202 203 202 201 201 201 201 200 200 200 201 201 201 199 198 199 199 199 200 200 200 199 200 200 200 200 202 205 205 202 201 206 207 208 208 208 209 208 208 207 206 208 210 210 212 214 216 215 213 210 209 207 204 204 202
199 199 200 199 199 200 200 201 201 200 200 199 200 200 201 201 201 203 202 202 202 202 203 202 203 203 202 203 201 201 201 201 201 202 202 202 200 202 202 199 201 201 201 201 201 201 200 199 198 199 200 198 198 199 199 200 200 200 200 200 201 200 202 201 201 202 203 202 203 202 205 208 209 209 208 208 208 206 205 205 208 208 208 211 210 212 215 215 212 207 207 205 204 200
200 200 199 199 200 200 201 200 199 199 200 200 200 201 201 201 201 202 203 203 203 203 203 203 204 202 203 200 200 199 199 200 200 200 202 201 199 200 200 199 200 200 201 201 201 201 198 196 198 199 199 199 199 199 200 200 201 200 200 200 201 202 201 202 202 202 204 204 203 203 205 208 208 208 208 208 207 207 206 205 205 206 206 209 208 211 212 211 212 208 203 205 205 204
200 200 199 199 199 202 200 200 199 199 200 200 201 201 201 202 203 203 203 203 204 203 203 202 202 200 200 201 199 200 199 199 200 200 199 202 201 200 199 200 200 201 201 201 201 201 200 196 197 198 199 200 199 200 200 200 200 201 201 201 201 203 202 202 203 203 203 205 204 205 207 209 208 207 205 206 206 206 206 205 205 203 202 206 207 208 208 206 209 208 204 202 202 202
200 200 200 200 200 201 200 200 198 200 200 201 201 200 199 201 202 203 203 203 203 203 203 202 200 200 200 199 200 199 199 200 200 199 199 201 199 199 200 201 201 201 201 201 200 198 198 198 199 199 200 201 200 200 200 200 200 201 202 202 202 204 203 203 203 204 204 205 205 208 208 208 207 206 207 206 206 206 205 203 203 203 201 205 203 204 202 204 206 202 201 198 196 196
200 200 200 200 201 198 199 199 200 200 200 200 200 199 197 199 202 203 203 204 203 203 201 201 200 200 200 200 200 201 201 200 200 199 198 199 200 200 200 200 200 200 199 198 198 199 198 199 200 200 200 201 201 201 201 201 201 201 202 204 203 204 203 204 204 206 205 205 208 208 208 208 207 207 208 207 207 206 205 203 201 201 202 202 203 205 202 203 202 204 203 200 196 196
200 199 200 201 201 200 200 199 200 200 200 199 202 201 201 201 203 203 203 203 203 201 201 201 201 200 200 201 201 201 201 200 199 200 199 200 201 200 198 199 197 199 198 198 198 199 200 201 201 201 201 201 202 202 201 201 202 202 203 204 204 205 203 205 207 207 207 208 208 208 207 205 207 206 206 207 207 205 204 204 204 202 203 205 204 205 203 204 206 206 199 198 200 196
199 200 200 200 201 201 199 199 200 201 201 201 202 203 203 203 203 203 203 201 201 201 201 201 200 201 202 202 202 201 200 199 200 199 201 200 197 198 198 198 197 200 198 199 200 201 201 201 201 201 202 202 202 201 202 202 203 202 202 204 205 206 206 206 207 207 207 206 206 205 207 205 205 205 206 204 205 202 200 202 203 204 205 207 205 207 205 205 207 206 202 201 201 197
200 200 199 200 201 199 199 200 201 202 200 201 203 203 203 203 203 203 201 201 201 201 201 201 202 201 201 202 202 201 201 201 201 200 200 199 197 197 200 199 198 200 200 200 201 201 202 202 202 202 203 202 202 202 202 204 203 203 203 203 202 204 207 207 204 204 203 203 203 204 206 205 205 204 204 204 201 200 201 205 205 206 208 208 208 209 209 210 210 205 208 205 201 203
200 199 199 200 202 200 201 202 202 202 202 202 203 203 203 203 201 201 201 201 201 201 201 200 200 200 199 199 201 202 201 201 201 199 200 198 198 198 200 200 200 200 200 201 201 202 202 202 202 203 202 202 202 202 203 204 204 204 205 205 206 207 206 206 203 204 202 202 203 203 204 205 204 204 203 202 201 201 203 206 207 208 209 210 208 208 204 206 204 200 206 205 208 208
200 199 199 200 201 201 202 202 202 202 200 202 202 202 200 201 201 201 201 201 201 202 200 197 197 198 198 199 200 200 199 199 200 200 200 199 199 199 199 202 202 201 201 202 202 202 203 203 204 203 203 203 203 203 204 204 206 206 206 206 204 205 203 203 203 202 202 201 201 202 202 204 203 203 202 202 202 201 206 209 206 206 206 203 206 204 202 201 202 199 200 201 204 200
200 199 200 201 201 202 202 203 202 203 203 203 202 200 200 201 201 201 201 202 202 201 198 197 198 199 200 201 199 199 200 200 201 200 201 201 200 201 201 201 203 202 202 203 203 203 204 203 203 204 204 204 204 206 206 206 205 204 205 204 203 203 202 202 201 202 202 201 199 199 201 203 202 202 202 200 203 205 207 207 204 205 201 202 203 201 200 197 193 192 195 199 199 199
200 200 201 202 202 202 203 203 203 203 203 200 200 200 201 201 200 202 202 202 202 202 200 201 202 202 202 200 199 200 201 200 201 201 202 201 201 202 203 203 204 203 203 204 203 203 203 204 204 204 204 205 205 205 204 204 204 204 203 204 203 203 202 202 201 201 200 200 198 198 200 202 201 200 203 202 202 207 207 205 202 204 202 198 193 198 198 198 192 190 193 192 198 193
200 200 201 202 203 203 203 203 204 203 201 201 201 201 201 201 202 200 200 200 202 203 203 203 203 203 202 200 200 201 202 201 202 202 203 203 203 203 204 204 204 204 204 204 204 204 205 205 205 204 205 204 204 205 204 204 204 205 204 203 204 204 203 203 202 201 201 201 199 200 201 202 201 201 202 205 205 208 204 202 201 199 201 198 192 194 198 195 193 191 191 189 195 192
201 201 200 201 203 203 203 203 201 201 201 201 201 201 203 203 203 202 203 203 203 204 204 204 204 204 203 200 200 201 204 201 203 202 203 204 206 205 205 205 205 204 204 204 203 203 204 204 204 205 205 205 205 205 204 204 203 204 204 203 203 202 202 202 202 202 201 201 201 201 203 201 202 201 203 203 208 204 204 203 203 202 201 199 195 194 197 196 193 189 187 190 193 189
199 201 202 202 201 201 203 200 200 201 201 201 203 203 203 203 203 203 204 204 204 204 204 204 204 204 204 204 204 204 205 202 204 204 205 205 204 205 206 206 205 204 204 204 204 204 203 204 205 205 205 204 204 204 204 204 204 203 204 202 201 202 202 200 201 200 199 202 202 202 203 200 201 204 203 205 207 204 199 196 196 197 194 196 190 195 195 195 193 188 186 191 187 185
200 200 201 200 201 200 200 200 200 200 201 203 203 203 201 202 204 203 204 204 204 204 205 205 204 205 205 205 205 205 205 204 204 204 203 203 204 205 205 205 205 205 203 203 204 203 203 204 204 204 204 204 204 203 203 203 202 203 202 203 201 201 200 199 199 200 200 201 203 205 202 200 204 205 206 206 205 202 198 194 191 190 191 193 189 191 193 190 189 188 188 188 186 187
200 200 200 201 199 200 201 200 200 202 203 203 203 201 202 203 204 204 204 204 204 203 203 204 204 204 204 204 205 204 203 204 203 203 203 203 204 204 204 203 204 204 203 203 203 203 203 203 203 203 203 203 203 203 202 203 203 201 201 202 200 199 198 199 201 202 202 202 203 205 203 203 204 206 203 205 204 201 197 193 190 191 195 196 193 194 194 191 191 190 189 185 182 187
199 200 198 198 200 200 201 203 203 202 202 203 202 203 204 204 204 205 203 203 204 202 200 199 199 201 201 201 203 202 202 204 203 203 203 203 202 203 203 203 203 203 203 203 202 203 202 202 202 202 203 203 202 203 202 202 202 201 200 200 199 199 199 199 201 203 203 203 203 205 205 204 206 202 201 202 200 198 195 193 192 194 198 199 198 196 196 195 194 192 188 183 183 189
200 198 199 199 200 201 203 203 203 203 204 204 202 204 204 204 204 204 201 199 203 203 201 200 200 200 200 200 201 202 202 203 202 201 202 202 202 201 203 203 202 201 201 201 202 202 202 202 202 201 201 201 202 201 201 200 201 202 201 199 199 199 201 201 200 202 204 204 204 205 206 206 203 201 203 204 200 201 200 200 199 200 202 194 191 194 190 192 187 190 184 184 189 192
198 199 200 200 203 203 203 204 204 204 203 203 204 204 203 204 203 202 201 200 203 200 200 202 202 201 201 200 200 201 200 201 200 199 199 200 200 201 202 202 201 199 197 199 200 200 200 201 201 201 201 200 200 200 201 200 201 203 201 200 201 199 201 203 202 202 202 204 204 206 206 203 202 204 205 205 205 204 202 197 197 195 196 195 190 190 186 187 184 183 184 188 190 194
199 199 202 203 202 202 203 203 203 204 203 203 203 202 202 202 202 201 201 201 201 201 201 201 201 201 201 200 201 200 198 198 197 197 197 198 199 200 201 202 201 200 199 199 197 197 199 199 200 200 200 201 200 201 202 201 202 202 203 201 203 201 202 202 204 203 204 203 205 206 205 204 204 206 204 202 201 203 199 190 191 189 189 191 189 189 187 185 182 185 188 191 190 198
199 202 203 203 203 203 203 203 202 202 202 202 203 203 201 201 201 201 201 201 202 202 200 198 199 198 198 198 198 200 198 197 196 196 196 195 196 199 201 200 200 200 200 199 197 197 198 199 199 201 201 201 200 201 203 202 202 203 203 202 203 202 203 203 204 203 204 205 206 206 203 205 204 205 201 200 199 191 193 191 189 190 188 188 184 187 187 185 186 189 191 193 195 198
202 202 203 204 203 203 202 202 202 202 202 201 203 202 200 199 198 199 198 198 200 201 200 199 198 197 196 196 196 198 197 197 197 196 195 196 197 196 199 199 196 198 198 197 197 198 199 200 200 201 202 201 201 202 203 203 202 204 203 203 203 204 204 204 204 205 206 206 205 205 204 202 204 204 204 200 196 189 191 193 191 189 190 186 185 184 187 190 190 194 193 194 197 202
201 204 204 204 202 202 201 201 201 201 201 200 201 202 200 198 198 198 198 197 197 198 200 199 200 197 196 196 196 196 196 196 196 195 196 196 196 196 197 198 197 196 196 197 199 199 200 201 200 201 202 203 202 202 202 203 203 204 204 204 204 205 204 204 206 206 205 205 204 202 201 201 200 197 201 204 202 199 193 193 192 192 187 187 186 188 194 196 194 193 197 200 202 199
