sesion_6_simulaciones/modelos_distribucion_especies/ejemplo/variables/futuro_B2/2070/TMNV.asc
ncols 708
nrows 329
xllcorner -7.525000
yllcorner 35.991667
cellsize 0.008333
NODATA_value -9999
[rows 123 to 163 of 329, columns 470 to 563 of 708]
187 187 186 190 189 189 188 188 187 188 189 188 183 181 181 178 180 178 178 179 174 178 183 189 191 192 192 194 194 193 193 189 189 185 185 183 185 190 192 194 195 194 193 190 190 192 194 195 194 195 195 194 194 195 195 194 195 195 197 199 198 197 197 195 195 198 199 201 201 199 199 197 198 198 197 196 196 195 195 195 195 194 193 196 194 193 193 193 193 193 193 193 193 193
189 188 191 190 191 190 190 190 190 190 189 188 185 183 184 182 181 180 182 181 180 185 189 190 192 193 194 194 193 193 191 189 188 188 185 185 186 187 192 193 194 192 190 192 192 193 194 195 194 194 194 194 194 194 194 193 194 191 192 194 198 196 195 196 194 197 200 199 198 200 199 198 198 198 197 196 196 196 195 195 195 194 194 198 195 193 193 194 194 194 194 194 194 194
190 192 192 190 192 192 190 190 191 191 191 190 188 186 187 185 186 186 185 188 188 190 191 192 192 193 194 192 191 191 191 188 190 187 186 185 188 191 192 193 193 190 191 191 191 192 193 193 194 193 194 192 193 193 193 192 192 192 193 194 195 196 195 194 194 196 196 199 200 202 202 202 200 200 197 198 198 196 196 196 195 194 194 195 196 194 194 194 194 194 194 194 194 194
194 192 192 191 190 193 192 192 190 191 190 189 187 186 185 185 187 187 187 188 191 192 192 192 192 193 192 189 184 187 188 189 189 187 188 187 186 191 192 191 192 191 191 191 192 193 192 193 193 193 193 193 193 194 193 193 193 193 192 193 192 193 193 194 192 194 196 198 198 199 197 200 197 195 196 196 196 196 196 196 195 195 194 195 198 198 196 194 194 194 194 194 194 194
193 192 192 192 193 193 190 191 189 190 190 188 185 183 183 186 187 188 188 190 188 191 191 193 193 192 189 186 185 185 186 186 187 186 188 190 190 191 191 191 194 192 192 193 192 193 193 193 193 192 193 192 193 193 194 194 194 194 194 193 193 194 194 192 194 195 196 197 199 200 199 202 198 196 196 196 196 196 196 195 195 195 195 195 194 194 197 197 194 194 194 194 194 194
194 192 193 191 193 193 192 192 192 190 188 187 185 182 180 184 187 187 187 189 191 191 193 191 193 194 190 190 189 188 188 187 189 189 189 190 188 190 192 192 192 192 192 192 192 192 192 192 193 193 193 193 194 194 196 196 195 194 194 195 194 195 193 193 193 193 192 193 193 198 200 202 200 198 196 196 196 196 196 195 195 195 195 195 195 194 195 199 197 194 194 194 194 194
195 195 195 195 195 193 194 194 193 191 189 186 183 186 185 187 188 189 191 192 191 192 194 192 190 192 192 190 190 189 188 189 189 190 190 190 190 191 191 191 192 192 192 192 192 192 193 193 193 194 196 195 195 195 196 196 196 196 194 194 195 195 196 194 195 196 197 195 196 198 198 200 202 202 197 195 195 196 196 196 195 195 195 195 195 194 194 195 199 194 193 194 194 194
196 194 193 194 192 193 195 195 193 193 192 192 191 189 189 189 190 191 192 193 192 193 193 192 191 193 190 190 188 188 189 189 190 190 190 191 191 191 191 191 192 192 192 193 192 193 194 195 195 195 195 196 196 195 195 197 196 196 196 197 197 196 196 196 196 199 198 198 197 196 196 199 202 200 198 196 196 196 196 196 196 196 195 195 194 194 196 196 199 196 194 193 193 194
196 195 194 192 192 192 193 193 193 194 192 191 191 192 190 189 189 189 190 190 192 191 191 192 191 192 192 191 190 191 190 190 190 190 190 189 190 191 191 192 192 192 192 192 193 194 192 192 193 194 196 195 196 197 196 197 196 196 197 197 195 198 195 196 196 197 199 198 198 198 198 200 202 200 198 196 196 196 196 196 196 196 195 195 195 194 194 197 199 197 195 195 195 195
196 195 193 192 191 190 191 192 192 192 191 192 190 192 191 189 188 189 189 190 189 189 191 192 189 190 191 192 192 191 190 191 190 190 190 190 190 191 191 191 192 192 192 192 193 193 194 195 195 195 196 196 197 197 197 198 196 196 198 198 197 198 198 198 196 196 199 199 199 200 199 201 200 198 198 197 196 196 196 196 196 195 195 195 195 194 194 198 200 197 196 196 196 197
196 193 191 191 189 185 189 189 190 189 190 191 191 191 189 190 188 187 188 188 188 189 188 190 189 190 190 190 190 190 191 191 191 191 191 191 191 191 192 192 192 192 192 191 192 193 193 194 194 194 194 196 195 197 197 198 197 197 197 197 199 198 199 198 199 200 199 201 201 201 200 201 202 199 198 197 196 196 196 196 196 196 195 195 194 196 195 197 198 199 198 196 196 197
194 193 189 186 186 184 189 186 186 185 185 189 191 188 189 187 188 189 190 187 188 187 188 188 188 189 190 190 191 191 191 191 191 191 192 191 192 192 192 192 192 192 191 190 190 191 192 194 196 197 195 197 195 198 195 198 198 197 198 198 198 199 199 199 199 200 201 199 197 200 201 202 201 198 198 196 196 197 196 197 196 196 195 194 196 197 197 198 197 198 200 199 198 198
192 192 191 189 189 187 186 184 184 185 185 188 190 189 188 188 189 190 190 190 190 188 189 189 190 190 190 191 191 191 191 190 190 189 191 192 192 192 192 192 192 192 192 192 193 194 194 194 197 196 195 193 193 194 195 193 196 199 198 198 198 198 199 200 200 199 199 199 200 200 200 201 201 199 197 197 197 197 196 197 196 196 195 195 196 197 196 197 197 199 200 200 199 198
194 193 192 191 189 189 188 185 182 183 185 187 188 187 188 189 189 190 190 189 188 184 187 188 190 189 190 190 191 191 191 191 191 191 191 192 192 193 192 193 192 192 192 193 192 193 195 196 196 196 195 194 192 193 192 192 197 198 199 199 199 199 200 200 199 199 199 200 200 200 201 201 199 199 198 198 197 197 197 197 197 196 195 197 196 197 197 198 198 198 199 199 199 200
194 192 193 192 191 191 189 188 184 186 186 187 187 186 188 188 188 189 191 190 187 187 189 189 190 190 191 191 191 191 191 191 192 192 192 193 193 194 194 194 194 194 194 195 195 195 195 193 195 195 196 195 194 193 192 193 193 195 197 198 198 199 199 199 200 200 200 201 201 201 200 201 201 198 198 198 198 197 197 197 197 196 197 197 199 198 199 198 199 199 200 200 200 199
194 192 191 191 190 187 187 185 185 186 187 187 186 187 188 188 187 188 188 190 190 190 190 190 191 191 192 192 192 193 192 192 193 194 193 193 193 193 192 192 193 194 194 194 194 194 194 194 194 194 194 194 192 193 193 194 194 194 195 196 197 198 199 198 200 201 200 200 200 200 200 201 201 197 198 198 198 198 198 197 198 198 199 198 198 197 199 200 200 200 199 200 199 196
190 189 190 187 185 179 181 183 185 187 187 187 188 189 189 189 189 189 189 190 191 191 191 191 191 191 192 192 192 193 193 193 193 192 193 192 193 192 192 192 193 193 194 194 194 194 192 192 192 192 193 193 194 193 193 195 195 197 196 197 199 198 198 199 200 200 200 199 197 199 198 200 201 199 198 198 199 199 198 199 199 199 199 200 200 200 200 200 199 199 198 197 196 191
187 185 185 184 184 183 184 186 186 185 186 188 188 188 188 188 190 189 190 190 191 191 191 192 192 193 193 193 193 193 192 191 191 192 192 192 193 192 192 191 193 193 193 193 192 193 192 192 192 193 193 192 193 192 192 193 193 196 195 197 196 198 200 200 200 198 198 197 198 199 200 200 201 200 200 199 201 199 200 199 200 200 200 200 200 200 200 199 199 199 198 197 196 192
185 185 184 185 185 185 186 187 184 186 185 188 188 189 189 189 189 190 190 191 191 191 191 191 192 192 192 192 192 191 191 191 192 191 191 191 192 192 191 192 192 192 192 192 191 191 191 192 192 192 192 192 192 192 192 192 193 196 196 196 197 199 200 198 198 198 197 199 198 199 200 198 201 201 201 201 201 199 200 199 199 199 199 199 199 199 199 199 199 199 198 198 197 194
185 185 186 186 187 187 188 187 186 187 188 189 189 190 190 191 190 190 190 190 190 191 192 191 191 192 192 191 192 191 190 191 191 190 190 191 191 191 191 191 191 191 191 190 190 191 191 191 191 191 191 191 192 192 193 193 193 195 197 198 199 200 199 198 198 197 197 197 198 198 197 200 199 199 201 200 200 199 200 200 199 199 198 198 198 198 198 198 197 197 197 198 197 196
187 185 186 187 188 188 188 186 188 188 188 189 190 191 190 191 190 190 190 191 191 191 191 191 190 191 191 191 190 190 190 190 189 190 190 190 191 191 190 190 190 190 190 190 190 190 190 190 190 191 191 192 192 192 193 193 193 193 194 196 199 197 197 197 198 196 196 196 199 197 198 200 196 199 200 198 199 200 200 199 199 198 198 198 197 197 197 195 197 194 196 197 197 196
187 187 187 187 188 188 189 188 189 189 190 190 190 191 191 191 191 191 191 191 191 190 190 190 190 190 190 190 189 189 190 189 189 189 190 190 191 191 190 190 189 190 190 190 190 190 191 191 192 191 192 192 192 193 193 193 192 192 193 195 199 198 197 197 197 195 196 197 197 196 199 199 198 198 198 199 199 199 199 198 198 198 198 198 196 194 195 195 195 195 195 195 195 195
189 188 188 189 189 189 189 190 189 189 190 190 190 191 191 192 191 191 191 190 190 190 190 189 189 189 188 189 187 187 188 188 188 188 188 189 189 188 188 189 189 189 190 189 189 189 189 189 190 191 191 191 193 192 192 194 194 193 193 195 198 196 193 194 194 194 195 196 196 196 196 195 195 197 197 197 198 198 198 197 196 196 195 195 195 194 193 193 194 194 193 193 193 194
188 187 187 188 188 187 188 188 188 188 189 190 190 189 190 190 190 189 188 188 188 188 187 187 187 187 187 186 187 187 187 187 187 188 188 189 188 189 189 190 190 190 190 190 190 190 190 190 190 190 190 190 191 192 194 196 195 197 196 197 196 197 196 193 193 193 194 195 195 196 195 195 195 195 196 196 197 196 196 197 195 195 194 194 194 192 192 192 193 192 192 192 192 193
189 188 189 189 189 188 188 188 188 188 189 190 190 189 190 190 189 188 186 186 187 187 186 186 186 186 186 186 186 186 186 187 188 188 188 189 189 189 189 190 190 190 190 190 190 190 191 189 187 186 186 185 190 192 193 194 194 195 197 197 194 193 196 195 195 195 194 194 194 194 193 194 194 195 195 196 197 195 195 194 194 194 192 192 194 192 192 192 191 191 191 191 192 192
190 189 190 189 189 188 189 188 189 189 189 190 191 190 190 191 190 188 187 187 188 188 187 187 187 187 186 186 187 188 187 188 187 187 188 188 189 189 189 190 190 190 190 191 191 191 192 189 185 187 185 186 189 193 195 196 197 197 197 194 195 194 194 196 196 195 194 193 193 192 193 192 193 195 194 195 196 194 194 192 192 192 192 192 192 193 191 190 190 189 190 190 191 192
190 190 189 188 189 189 189 189 189 189 189 189 190 191 191 191 190 189 188 188 188 188 189 188 188 187 187 188 187 187 187 188 188 188 189 189 189 190 190 191 191 191 191 191 192 193 192 191 191 191 189 191 192 193 193 196 197 196 194 194 194 194 193 193 195 196 195 193 192 192 192 192 193 193 195 194 194 194 192 192 191 191 191 191 191 191 191 191 191 190 190 190 190 191
189 188 187 188 189 190 190 189 189 189 190 190 190 190 191 192 191 189 189 189 189 189 190 189 189 188 189 188 188 189 189 189 189 190 190 190 190 191 191 191 191 191 191 192 192 192 194 194 192 192 191 192 194 195 196 197 195 195 194 194 194 194 193 193 192 194 195 195 192 191 191 191 193 192 193 194 192 192 191 191 191 191 191 191 191 191 191 191 190 190 190 189 189 189
187 188 190 190 190 190 190 190 191 190 191 191 191 191 191 192 191 190 191 190 190 190 190 190 190 190 190 189 189 190 190 189 189 189 190 189 190 190 190 191 191 192 192 191 192 193 194 195 194 194 194 192 194 196 196 197 195 194 194 194 194 194 193 193 192 192 192 194 194 191 191 191 191 192 191 192 192 191 191 191 191 191 191 191 191 191 190 190 190 190 188 189 188 186
190 189 188 188 189 190 191 191 191 191 191 191 191 191 192 193 191 191 191 190 190 191 190 190 191 190 189 190 190 191 190 188 189 189 190 190 190 191 190 191 191 191 192 193 194 194 195 195 195 195 195 195 194 195 197 196 196 195 193 194 194 193 193 192 193 192 191 191 191 191 191 191 191 192 191 192 192 191 191 191 190 190 190 190 190 190 190 189 190 189 187 188 186 185
188 188 190 190 191 191 192 191 192 192 191 192 191 191 192 193 192 192 192 191 191 192 191 191 192 192 191 190 190 191 190 190 190 190 190 190 190 191 191 191 191 191 192 192 193 194 195 195 195 196 196 196 196 195 195 195 196 194 193 193 193 193 192 192 192 191 192 191 191 194 191 191 191 191 191 191 191 191 190 190 190 190 190 190 190 190 190 189 189 188 187 186 185 186
189 190 190 191 191 191 190 192 193 191 192 192 191 192 193 193 193 191 191 192 193 193 192 191 190 191 190 190 190 189 189 189 190 190 190 190 190 190 191 191 192 193 193 194 193 194 195 194 192 195 195 195 196 196 196 195 194 194 194 192 193 192 192 192 191 191 191 191 191 190 191 190 190 190 190 190 190 190 190 190 190 189 189 189 189 189 189 189 188 186 186 185 185 187
189 190 189 189 189 190 192 192 193 192 192 191 191 192 192 193 192 191 193 191 189 190 189 189 189 189 189 189 188 187 186 187 188 190 190 190 191 191 191 192 192 193 193 194 194 194 192 192 193 194 195 195 195 196 195 195 194 193 194 192 192 192 192 191 192 191 191 190 190 190 192 190 190 190 190 189 190 189 189 189 189 189 189 189 188 188 188 188 187 185 184 186 187 187
190 188 188 184 188 191 192 192 192 192 192 191 192 193 193 193 192 193 192 191 190 189 187 187 188 188 187 188 187 186 186 188 189 189 190 190 191 191 191 192 192 192 193 194 192 192 192 192 192 194 195 195 196 195 196 194 194 193 192 193 192 192 192 191 191 191 191 190 190 190 190 190 190 190 189 189 189 188 188 188 189 188 188 188 188 187 186 185 186 184 184 185 187 187
188 189 190 191 191 190 191 192 193 192 192 193 193 193 194 193 192 191 192 190 190 190 189 189 189 189 189 189 189 189 189 190 189 190 190 191 191 192 191 192 193 193 193 192 192 192 192 192 192 194 195 195 196 196 195 195 194 193 192 192 192 192 191 191 191 191 190 190 189 189 189 190 189 190 189 188 187 187 187 187 189 188 187 186 185 185 185 181 182 183 185 186 185 185
187 188 190 191 192 192 192 193 193 194 192 193 194 194 194 193 191 189 190 190 191 190 190 190 187 190 190 190 190 189 190 190 190 190 190 191 191 191 191 191 192 193 192 192 192 192 192 192 193 195 195 195 196 196 195 194 194 194 192 192 192 191 191 191 191 190 190 190 190 189 189 190 189 189 189 188 187 186 186 187 188 187 187 186 183 183 181 179 180 181 182 184 184 184
185 186 187 188 192 193 193 193 194 194 194 194 194 194 193 192 191 191 191 191 191 191 190 190 190 190 190 189 189 188 188 189 189 189 189 190 190 191 191 191 191 191 191 191 192 192 192 193 192 194 195 195 196 195 194 195 194 193 193 191 192 191 191 191 190 190 190 190 189 189 189 188 189 188 189 188 187 186 186 187 187 187 187 185 184 179 177 176 178 179 179 183 178 178
191 189 191 192 193 194 194 194 194 195 193 193 193 193 192 192 192 192 192 192 191 191 191 191 190 190 190 189 189 188 186 185 186 184 186 187 186 186 189 190 191 191 191 191 192 192 192 192 192 194 195 195 196 195 194 194 194 194 193 192 191 191 191 190 190 190 190 190 189 189 188 188 190 189 188 188 188 187 187 186 186 186 185 184 186 183 181 182 182 180 177 179 179 178
192 192 193 193 192 194 193 193 193 195 194 193 193 192 193 193 193 192 192 191 191 191 190 190 190 190 188 188 186 185 182 182 180 182 183 185 188 189 189 190 190 191 191 191 191 192 192 192 194 194 195 196 196 195 194 194 193 193 193 192 191 191 191 190 190 190 190 189 189 189 188 188 187 188 188 187 187 187 186 186 185 185 183 183 182 181 181 180 178 176 176 175 172 172
193 193 193 193 193 193 193 194 195 194 192 192 192 191 191 192 192 191 191 191 190 190 189 189 189 189 187 187 185 182 180 180 181 182 184 185 186 187 186 188 191 191 191 191 191 193 194 193 194 192 195 196 195 195 194 194 193 192 192 192 191 191 191 190 190 190 189 189 188 188 187 187 187 187 188 188 187 186 185 185 185 184 181 178 177 180 177 175 173 172 174 169 171 171
194 194 193 192 193 194 194 196 195 192 193 191 191 191 190 191 190 191 191 190 190 189 188 188 187 186 183 182 179 181 181 182 183 183 183 187 187 189 189 190 191 191 191 193 191 191 192 194 192 192 196 195 195 195 195 194 193 193 192 192 191 191 190 190 190 189 189 188 188 187 186 187 186 186 187 187 188 187 186 184 184 183 180 177 173 175 179 176 173 173 170 173 173 174
