sesion_6_simulaciones/modelos_distribucion_especies/ejemplo/variables/futuro_B2/2070/TMXI.asc
ncols 708
nrows 329
xllcorner -7.525000
yllcorner 35.991667
cellsize 0.008333
NODATA_value -9999
[rows 84 to 125 of 329, columns 564 to 657 of 708]
97 105 113 94 105 80 73 67 78 76 76 74 68 78 81 80 82 78 82 83 83 79 79 81 86 73 82 76 72 74 76 74 67 73 69 55 53 75 70 74 73 81 82 76 81 75 79 79 86 95 -9999 -9999 -9999 -9999 -9999 -9999 -9999 -9999 -9999 -9999 -9999 -9999 -9999 -9999 -9999 -9999 -9999 -9999 -9999 -9999 -9999 -9999 -9999 -9999 -9999 -9999 -9999 -9999 -9999 -9999 -9999 -9999 -9999 -9999 -9999 -9999 -9999 -9999 -9999 -9999 -9999 -9999 -9999 -9999
89 90 101 91 79 71 75 80 74 74 72 65 76 78 79 76 81 79 84 91 79 86 83 80 77 77 78 76 71 67 70 62 72 71 60 70 69 70 77 76 76 83 81 88 86 80 83 77 86 87 -9999 -9999 -9999 -9999 -9999 -9999 -9999 -9999 -9999 -9999 -9999 -9999 -9999 -9999 -9999 -9999 -9999 -9999 -9999 -9999 -9999 -9999 -9999 -9999 -9999 -9999 -9999 -9999 -9999 -9999 -9999 -9999 -9999 -9999 -9999 -9999 -9999 -9999 -9999 -9999 -9999 -9999 -9999 -9999
104 88 93 83 55 81 79 74 74 68 75 75 79 79 78 78 81 83 72 80 75 83 83 79 78 77 76 76 70 70 62 74 73 74 77 75 79 78 78 80 78 84 81 83 85 92 90 89 92 96 96 86 94 93 103 101 100 100 -9999 -9999 -9999 -9999 -9999 -9999 -9999 -9999 -9999 -9999 -9999 -9999 -9999 -9999 -9999 -9999 -9999 -9999 -9999 -9999 -9999 -9999 -9999 -9999 -9999 -9999 -9999 -9999 -9999 -9999 -9999 -9999 -9999 -9999 -9999 -9999
96 87 82 58 83 78 76 74 75 76 79 83 78 79 79 79 79 73 81 76 79 77 77 74 70 75 77 81 75 70 64 79 78 73 79 79 80 84 91 84 81 86 83 92 92 93 91 83 87 85 83 83 85 87 93 89 95 102 -9999 -9999 -9999 -9999 -9999 -9999 -9999 -9999 -9999 -9999 -9999 -9999 -9999 -9999 -9999 -9999 -9999 -9999 -9999 -9999 -9999 -9999 -9999 -9999 -9999 -9999 -9999 -9999 -9999 -9999 -9999 -9999 -9999 -9999 -9999 -9999
110 109 85 77 80 78 66 77 74 74 68 76 78 77 72 75 73 76 66 73 83 76 67 67 72 70 82 76 81 80 81 70 88 82 79 82 86 89 93 87 91 94 91 95 94 96 98 97 80 84 95 94 92 96 97 94 100 101 103 103 102 100 -9999 -9999 -9999 -9999 -9999 -9999 -9999 -9999 -9999 -9999 -9999 -9999 -9999 -9999 -9999 -9999 -9999 -9999 -9999 -9999 -9999 -9999 -9999 -9999 -9999 -9999 -9999 -9999 -9999 -9999 -9999 -9999
123 111 94 83 78 79 78 79 78 78 76 78 73 73 72 73 65 65 70 81 74 77 70 71 68 83 88 89 94 96 88 87 89 90 85 93 88 95 85 84 93 92 92 99 96 94 100 99 104 98 95 92 95 98 89 100 100 103 103 103 105 103 -9999 -9999 -9999 -9999 -9999 -9999 -9999 -9999 -9999 -9999 -9999 -9999 -9999 -9999 -9999 -9999 -9999 -9999 -9999 -9999 -9999 -9999 -9999 -9999 -9999 -9999 -9999 -9999 -9999 -9999 -9999 -9999
109 104 86 84 69 71 72 77 78 79 79 78 72 72 72 72 60 79 84 71 68 60 77 73 72 95 93 94 96 96 89 96 99 91 94 94 96 98 100 98 93 90 95 92 97 103 104 102 100 97 101 101 102 97 102 96 92 95 101 105 105 106 106 106 -9999 -9999 -9999 -9999 -9999 -9999 -9999 -9999 -9999 -9999 -9999 -9999 -9999 -9999 -9999 -9999 -9999 -9999 -9999 -9999 -9999 -9999 -9999 -9999 -9999 -9999 -9999 -9999 -9999 -9999
99 83 86 80 78 75 83 79 80 79 80 77 74 73 73 66 71 69 75 67 61 76 83 91 87 93 95 95 86 73 81 83 85 80 86 90 102 100 100 96 82 92 101 100 103 102 103 103 102 103 97 100 102 98 93 89 93 93 102 105 106 106 107 107 -9999 -9999 -9999 -9999 -9999 -9999 -9999 -9999 -9999 -9999 -9999 -9999 -9999 -9999 -9999 -9999 -9999 -9999 -9999 -9999 -9999 -9999 -9999 -9999 -9999 -9999 -9999 -9999 -9999 -9999
100 98 86 79 78 79 83 77 81 80 77 69 70 60 78 75 73 67 65 79 81 78 91 93 93 102 94 92 87 85 70 64 61 60 73 84 101 101 98 97 95 91 88 88 92 94 101 104 104 104 104 102 92 95 92 100 95 103 105 106 106 106 107 107 -9999 -9999 -9999 -9999 -9999 -9999 -9999 -9999 -9999 -9999 -9999 -9999 -9999 -9999 -9999 -9999 -9999 -9999 -9999 -9999 -9999 -9999 -9999 -9999 -9999 -9999 -9999 -9999 -9999 -9999
97 83 77 80 83 83 80 81 76 77 71 68 68 70 81 65 66 67 79 78 81 94 96 96 99 101 96 84 75 73 48 34 61 84 88 94 92 97 102 102 89 83 79 81 86 95 100 104 101 101 106 104 101 98 104 106 99 102 106 108 107 108 108 109 -9999 -9999 -9999 -9999 -9999 -9999 -9999 -9999 -9999 -9999 -9999 -9999 -9999 -9999 -9999 -9999 -9999 -9999 -9999 -9999 -9999 -9999 -9999 -9999 -9999 -9999 -9999 -9999 -9999 -9999
85 80 80 85 80 79 78 82 73 71 72 81 75 78 69 58 64 78 85 95 94 95 94 95 103 96 99 98 85 66 53 59 77 84 87 86 94 102 103 90 87 92 72 70 89 99 101 98 99 104 107 98 109 106 103 108 110 110 109 108 108 108 109 108 105 103 100 104 -9999 -9999 -9999 -9999 -9999 -9999 -9999 -9999 -9999 -9999 -9999 -9999 -9999 -9999 -9999 -9999 -9999 -9999 -9999 -9999 -9999 -9999 -9999 -9999 -9999 -9999
70 74 82 81 75 74 75 71 79 65 76 88 67 74 65 71 61 77 80 90 96 91 97 97 103 102 97 93 84 65 83 84 83 80 80 96 97 90 98 100 92 76 80 89 76 93 106 84 93 96 106 108 109 108 109 109 109 109 109 109 109 109 109 105 104 105 103 104 -9999 -9999 -9999 -9999 -9999 -9999 -9999 -9999 -9999 -9999 -9999 -9999 -9999 -9999 -9999 -9999 -9999 -9999 -9999 -9999 -9999 -9999 -9999 -9999 -9999 -9999
75 79 76 66 76 67 68 73 73 88 78 85 78 75 67 56 79 87 84 94 99 101 103 105 106 97 94 94 91 84 87 88 89 89 96 85 90 89 98 104 84 92 88 96 98 91 101 98 103 109 109 107 102 105 108 109 110 110 110 110 110 110 108 104 108 102 102 104 -9999 -9999 -9999 -9999 -9999 -9999 -9999 -9999 -9999 -9999 -9999 -9999 -9999 -9999 -9999 -9999 -9999 -9999 -9999 -9999 -9999 -9999 -9999 -9999 -9999 -9999
84 64 61 57 62 78 70 73 90 93 95 77 85 75 48 68 81 94 98 99 101 102 104 104 107 101 99 96 87 89 86 92 91 95 98 88 99 97 92 97 109 101 100 101 99 100 108 114 108 110 110 109 111 110 109 103 93 112 112 110 110 110 108 107 106 108 104 101 -9999 -9999 -9999 -9999 -9999 -9999 -9999 -9999 -9999 -9999 -9999 -9999 -9999 -9999 -9999 -9999 -9999 -9999 -9999 -9999 -9999 -9999 -9999 -9999 -9999 -9999
79 74 69 60 60 79 88 87 89 88 83 68 64 47 67 83 79 97 101 102 104 103 105 106 105 104 105 95 85 91 97 90 92 99 100 99 100 99 101 103 102 85 98 96 103 107 104 109 108 110 110 113 111 108 112 113 112 110 111 110 110 109 110 110 108 106 97 102 88 99 95 100 -9999 -9999 -9999 -9999 -9999 -9999 -9999 -9999 -9999 -9999 -9999 -9999 -9999 -9999 -9999 -9999 -9999 -9999 -9999 -9999 -9999 -9999
63 72 73 68 85 72 73 97 84 97 78 74 65 73 81 81 102 108 105 106 108 106 107 107 106 92 92 87 99 100 103 99 103 100 101 102 99 95 94 100 108 100 89 100 96 109 105 110 111 111 111 111 104 115 109 103 112 111 111 111 111 110 110 109 108 102 102 90 103 103 101 97 -9999 -9999 -9999 -9999 -9999 -9999 -9999 -9999 -9999 -9999 -9999 -9999 -9999 -9999 -9999 -9999 -9999 -9999 -9999 -9999 -9999 -9999
73 67 67 82 74 88 82 74 107 89 97 83 69 79 79 99 106 107 109 103 110 108 107 102 102 101 102 103 105 106 104 104 104 101 100 97 81 96 108 107 106 103 97 92 97 107 112 111 111 112 112 111 114 112 115 111 112 111 111 111 111 110 110 109 108 94 105 107 102 83 98 102 102 103 103 103 102 -9999 -9999 -9999 -9999 104 111 111 -9999 -9999 -9999 -9999 -9999 -9999 -9999 -9999 -9999 -9999
57 69 62 66 69 67 96 100 106 79 86 83 81 91 85 100 107 108 112 109 109 108 110 109 105 105 102 104 106 105 105 106 102 100 94 74 102 106 108 111 107 104 108 96 94 107 110 111 112 111 112 112 113 112 112 112 111 106 107 110 110 110 110 109 103 95 106 104 104 106 105 92 101 102 103 103 107 106 -9999 -9999 109 104 108 113 -9999 -9999 -9999 -9999 -9999 -9999 -9999 -9999 -9999 -9999
64 61 65 62 64 92 66 95 99 92 87 91 71 91 100 99 95 103 107 112 103 110 103 103 105 107 107 107 108 107 107 105 102 95 81 99 104 108 110 110 108 105 104 92 89 112 112 112 112 112 112 112 112 110 111 111 111 112 111 110 110 110 109 108 109 108 108 109 107 102 106 107 105 102 100 103 103 108 112 106 102 114 108 114 -9999 -9999 -9999 -9999 -9999 -9999 -9999 -9999 -9999 -9999
82 75 87 87 80 74 105 109 82 80 72 82 84 94 88 83 94 108 103 105 111 112 107 105 110 108 108 108 108 105 99 103 100 94 104 108 105 111 111 109 107 105 95 95 102 111 106 113 112 113 112 112 111 112 112 111 111 110 110 109 109 109 110 108 107 108 107 106 106 109 107 104 105 105 105 105 104 110 110 115 110 112 108 118 -9999 -9999 -9999 -9999 -9999 -9999 -9999 -9999 -9999 -9999
74 65 77 97 77 99 114 93 80 70 72 86 96 97 91 90 91 84 94 109 110 108 110 110 110 109 107 108 109 110 109 102 85 104 87 105 111 112 110 105 103 99 97 101 113 111 111 112 112 112 112 112 112 112 112 111 111 109 110 109 106 108 106 108 107 106 103 100 98 103 102 102 103 104 107 109 103 100 107 97 109 108 110 104 110 109 117 119 122 118 115 125 121 120
78 72 74 80 100 105 106 97 81 76 74 89 100 95 91 77 92 94 108 109 111 105 105 108 107 103 104 102 111 107 103 93 105 98 106 112 113 113 106 98 90 91 103 110 105 112 112 112 112 112 112 112 112 112 111 110 110 110 107 107 105 107 107 107 107 106 107 105 103 105 104 106 105 105 105 102 99 102 109 105 109 104 104 102 99 101 106 112 119 123 119 123 119 120
76 70 91 93 102 113 108 96 88 101 99 104 95 95 97 98 94 96 111 116 104 109 106 104 106 101 99 103 110 105 84 92 96 102 107 113 113 109 101 90 79 99 102 108 115 113 112 112 112 112 112 112 111 111 111 110 110 107 106 106 106 107 107 107 107 107 107 106 106 107 106 106 106 106 102 104 106 104 104 101 100 103 101 107 109 108 101 100 104 121 116 114 116 122
87 79 94 86 98 111 95 97 103 102 103 99 96 96 102 108 108 112 112 110 110 111 105 82 94 86 106 110 108 93 109 98 101 108 112 114 114 110 89 106 98 101 99 110 111 112 112 112 112 112 112 113 111 111 109 110 107 107 106 107 108 108 107 107 107 107 107 107 107 107 107 107 106 106 105 104 102 103 104 100 99 97 94 100 103 117 100 116 115 109 112 114 111 114
85 98 98 105 116 119 105 97 104 106 106 97 102 105 93 109 111 116 107 103 110 111 109 99 109 113 114 114 115 114 106 104 109 114 114 114 114 113 96 108 110 103 106 111 113 113 113 113 112 112 112 112 112 110 110 111 108 110 107 107 107 107 106 107 107 107 107 108 109 109 108 104 106 105 102 104 105 101 104 103 93 98 101 101 94 101 112 118 108 106 121 105 119 125
98 99 113 112 105 117 109 101 107 107 109 110 110 110 112 112 112 113 113 113 112 112 109 113 115 113 113 113 104 113 114 115 115 115 115 116 114 114 109 104 111 109 110 109 112 113 113 112 112 113 112 112 112 111 108 107 106 105 105 108 107 107 106 106 106 108 108 108 107 105 108 108 108 105 103 107 102 103 110 110 104 103 108 106 117 117 117 121 119 121 123 127 125 126
101 111 109 111 100 103 106 108 112 108 109 109 109 109 105 101 110 112 118 114 113 113 107 115 116 115 114 113 118 116 116 116 114 115 116 116 115 116 112 111 110 107 110 111 112 112 112 112 113 113 112 112 112 111 112 112 109 110 107 106 106 105 105 105 107 108 108 109 109 108 105 107 108 106 108 111 113 113 116 114 109 107 117 115 118 120 123 119 121 122 118 123 126 127
105 114 114 111 120 102 115 117 112 110 111 110 110 109 85 109 112 115 120 113 114 113 118 116 115 115 116 115 115 116 115 115 116 115 117 116 118 116 114 112 111 105 107 112 110 112 113 113 111 111 112 112 112 111 107 111 109 110 107 106 106 106 109 106 108 108 110 109 110 109 110 109 112 106 112 115 113 115 115 115 115 113 115 114 119 112 121 123 124 122 123 127 124 125
110 110 111 110 118 119 118 116 112 111 110 112 112 111 110 113 115 116 114 115 114 118 116 117 117 115 116 116 116 116 117 117 116 115 116 117 115 115 114 112 113 111 111 111 112 109 109 109 112 112 111 111 111 107 110 107 105 104 107 107 107 108 109 112 112 110 108 108 106 106 105 113 112 113 113 116 116 116 116 116 119 123 119 119 121 121 123 123 113 113 120 122 110 112
112 109 103 119 114 123 113 113 111 110 110 110 114 114 115 114 114 114 115 117 115 115 116 117 117 117 118 117 117 117 116 117 117 117 118 118 120 117 111 114 112 110 111 113 113 113 114 115 112 115 111 113 116 113 109 107 109 107 109 109 111 110 111 108 109 107 107 106 107 105 105 105 108 112 115 116 116 116 117 116 118 116 113 114 113 116 120 114 118 118 120 117 111 104
110 111 111 111 112 123 118 110 116 111 105 115 109 114 120 115 113 114 116 115 115 116 118 119 119 118 118 118 119 117 117 117 115 119 118 118 117 117 118 111 114 114 114 114 114 115 114 115 113 111 114 116 114 115 113 112 108 110 110 108 111 111 108 109 107 109 106 107 105 106 104 107 112 113 113 112 114 114 114 117 114 106 107 97 108 113 117 121 120 114 109 116 116 116
114 114 113 112 120 123 110 123 112 114 105 111 114 114 111 118 113 118 120 115 115 120 120 120 118 118 119 119 120 118 118 118 118 119 119 120 119 114 114 113 113 113 116 116 115 114 119 115 114 113 115 107 116 108 109 110 114 108 110 108 111 109 107 107 107 107 105 107 104 104 103 111 107 109 112 111 113 114 117 112 109 105 85 93 92 104 114 118 117 120 105 115 113 118
116 112 112 117 120 124 119 115 115 115 114 110 111 113 116 116 117 120 129 121 116 120 122 120 119 120 121 119 117 119 118 119 120 120 120 118 111 118 115 114 114 114 117 117 118 115 113 114 116 116 117 115 114 113 111 111 107 110 107 112 114 108 106 104 103 104 104 103 107 103 104 102 107 100 108 103 106 115 116 110 112 110 104 89 104 108 112 116 117 108 114 111 107 92
112 115 128 121 127 115 115 115 115 115 112 113 115 116 117 118 118 121 122 121 121 120 121 121 122 120 120 121 118 120 121 118 120 119 119 117 115 115 115 114 115 115 118 118 113 116 116 116 115 116 115 114 115 114 113 114 112 107 114 112 105 105 104 108 103 104 102 102 104 104 103 113 113 114 115 114 114 114 117 113 114 111 112 117 115 114 114 114 116 110 105 111 115 110
122 115 115 126 116 114 113 115 115 116 115 115 116 115 118 120 121 121 125 122 120 124 122 122 122 119 122 121 117 119 116 124 126 126 123 119 122 116 114 115 116 118 118 117 117 117 117 117 119 116 116 116 115 116 114 113 113 112 113 115 114 106 107 103 109 109 110 104 103 100 102 106 110 111 111 112 110 113 113 111 111 111 105 104 112 112 110 112 113 106 97 115 117 115
120 119 123 125 111 114 114 116 115 115 115 116 116 120 118 121 122 120 121 122 125 121 123 125 124 123 124 124 126 121 120 114 113 122 114 122 126 116 119 120 116 118 113 111 114 113 113 114 115 113 112 116 117 115 114 114 114 114 114 113 113 110 110 109 109 110 109 109 107 108 101 102 106 95 112 108 113 108 110 113 110 109 112 108 101 107 111 110 108 112 117 116 109 108
129 117 126 115 115 114 115 115 115 115 116 116 116 119 118 120 122 123 122 122 128 120 123 124 124 125 126 115 114 120 116 120 115 113 125 112 111 117 119 119 118 117 118 119 118 124 114 114 115 115 114 115 112 114 113 116 115 115 115 113 114 113 113 113 111 112 113 107 108 109 106 105 103 104 112 102 110 109 109 103 103 108 110 118 117 119 120 124 117 117 118 122 116 118
124 117 126 117 115 115 115 115 116 116 116 117 120 115 121 122 121 124 124 124 123 125 125 125 124 125 124 116 119 118 115 115 116 117 119 115 115 111 113 114 114 114 112 114 112 110 113 116 115 114 115 112 102 115 114 112 114 115 114 113 114 112 113 112 111 107 108 108 98 99 106 105 107 107 103 101 105 105 103 105 105 106 110 105 112 115 115 115 117 124 123 121 112 101
113 126 127 125 116 115 116 116 116 116 116 118 116 124 123 122 123 122 124 125 124 125 125 128 115 118 118 114 113 114 116 117 118 117 114 116 115 115 111 104 100 112 110 114 111 104 106 112 117 120 115 115 116 116 115 115 115 115 115 115 114 114 113 112 112 112 111 109 109 109 107 108 103 108 103 101 99 101 106 103 106 106 102 109 114 106 114 110 117 108 119 124 120 103
116 123 128 126 120 121 121 116 118 116 120 117 121 122 123 122 123 126 126 123 126 126 116 126 118 116 115 118 116 116 118 116 117 117 116 116 117 115 114 114 115 113 111 112 108 110 108 100 112 115 114 114 114 114 114 114 115 115 114 114 114 114 113 113 112 112 112 107 110 107 101 105 106 103 104 100 100 101 101 100 102 99 97 105 108 106 99 111 117 120 121 125 125 123
121 122 121 128 123 125 125 121 116 116 118 117 122 120 122 123 125 125 127 127 127 117 120 119 122 129 114 118 116 116 117 117 117 117 116 116 115 114 114 113 113 112 109 108 94 103 109 111 102 97 115 113 113 113 114 114 114 114 114 114 114 114 113 113 112 111 109 109 106 105 102 100 101 88 95 94 93 95 94 90 87 96 103 102 112 101 113 110 109 119 119 124 125 127
121 117 117 123 130 130 127 123 119 123 123 124 123 123 121 124 127 127 126 128 120 117 126 117 124 114 115 120 117 116 116 116 117 116 116 115 116 115 114 112 111 111 106 97 102 106 96 103 110 115 113 112 112 112 113 113 113 113 113 112 113 114 114 113 111 107 104 104 103 97 96 91 94 80 85 82 81 82 75 70 88 98 99 104 93 100 100 106 120 119 121 125 125 126
