sesion_6_simulaciones/modelos_distribucion_especies/ejemplo/variables/futuro_B2/2070/TMXI.asc
ncols 708
nrows 329
xllcorner -7.525000
yllcorner 35.991667
cellsize 0.008333
NODATA_value -9999
[rows 84 to 125 of 329, columns 94 to 187 of 708]
148 148 142 123 120 122 125 119 118 137 135 136 136 122 131 129 127 129 -9999 -9999 -9999 -9999 -9999 -9999 -9999 -9999 -9999 -9999 -9999 -9999 -9999 -9999 -9999 124 129 130 133 133 134 133 134 121 123 136 121 126 -9999 -9999 -9999 -9999 -9999 -9999 -9999 -9999 -9999 -9999 -9999 -9999 -9999 -9999 -9999 -9999 -9999 -9999 -9999 -9999 -9999 -9999 -9999 -9999 -9999 -9999 -9999 -9999 -9999 -9999 -9999 -9999 -9999 -9999 -9999 -9999 -9999 -9999 -9999 -9999 -9999 -9999 -9999 -9999 -9999 -9999 -9999 -9999
147 141 132 146 143 139 139 133 140 129 127 132 132 132 123 130 123 126 -9999 -9999 -9999 -9999 -9999 -9999 -9999 -9999 -9999 -9999 -9999 -9999 -9999 -9999 135 117 120 125 130 136 135 130 132 133 126 127 137 131 -9999 -9999 -9999 -9999 -9999 -9999 -9999 -9999 -9999 -9999 -9999 -9999 -9999 -9999 -9999 -9999 -9999 -9999 -9999 -9999 -9999 -9999 -9999 -9999 -9999 -9999 -9999 -9999 -9999 -9999 -9999 -9999 -9999 -9999 -9999 -9999 -9999 -9999 -9999 -9999 -9999 -9999 -9999 -9999 -9999 -9999 -9999 -9999
149 149 146 148 147 142 138 146 130 140 140 139 137 133 130 124 132 132 135 136 138 141 143 141 140 139 -9999 -9999 -9999 -9999 -9999 -9999 -9999 142 140 136 133 132 131 139 140 130 137 130 139 123 -9999 -9999 -9999 -9999 -9999 -9999 -9999 -9999 -9999 -9999 -9999 -9999 -9999 -9999 -9999 -9999 -9999 -9999 -9999 -9999 -9999 -9999 -9999 -9999 -9999 -9999 -9999 -9999 -9999 -9999 -9999 -9999 -9999 -9999 -9999 -9999 -9999 -9999 -9999 -9999 -9999 -9999 -9999 -9999 -9999 -9999 -9999 -9999
146 147 147 149 146 145 138 146 147 141 127 119 126 138 143 142 141 141 138 137 141 138 131 141 142 141 -9999 -9999 -9999 -9999 -9999 -9999 143 141 136 133 136 137 118 134 130 138 136 135 136 135 -9999 -9999 -9999 -9999 -9999 -9999 -9999 -9999 -9999 -9999 -9999 -9999 -9999 -9999 -9999 -9999 -9999 -9999 -9999 -9999 -9999 -9999 -9999 -9999 -9999 -9999 -9999 -9999 -9999 -9999 -9999 -9999 -9999 -9999 -9999 -9999 -9999 -9999 -9999 -9999 -9999 -9999 -9999 -9999 -9999 -9999 -9999 -9999
149 146 142 133 144 135 143 137 137 140 126 136 125 123 131 125 129 126 138 143 145 142 145 143 139 142 134 138 144 142 145 142 142 139 139 137 140 137 135 134 138 119 132 143 131 134 -9999 -9999 -9999 -9999 -9999 -9999 -9999 -9999 -9999 -9999 -9999 -9999 -9999 -9999 -9999 -9999 -9999 -9999 -9999 -9999 -9999 -9999 -9999 -9999 -9999 -9999 -9999 -9999 -9999 -9999 -9999 -9999 -9999 -9999 -9999 -9999 -9999 -9999 -9999 -9999 -9999 -9999 -9999 -9999 -9999 -9999 -9999 -9999
143 142 145 143 143 141 143 133 134 131 138 138 134 137 135 135 128 129 140 133 122 125 125 125 130 144 143 147 143 132 136 135 144 145 147 144 144 141 141 136 136 139 140 135 139 140 -9999 -9999 -9999 -9999 -9999 -9999 -9999 -9999 -9999 -9999 -9999 -9999 -9999 -9999 -9999 -9999 -9999 -9999 -9999 -9999 -9999 -9999 -9999 -9999 -9999 -9999 -9999 -9999 -9999 -9999 -9999 -9999 -9999 -9999 -9999 -9999 -9999 -9999 -9999 -9999 -9999 -9999 -9999 -9999 -9999 -9999 -9999 -9999
144 129 139 139 134 141 138 140 136 138 138 135 134 136 142 139 145 140 142 142 136 141 134 125 140 140 131 146 147 147 142 143 140 132 145 143 147 141 139 134 137 134 141 135 126 131 135 135 129 134 130 136 -9999 -9999 -9999 -9999 -9999 -9999 -9999 -9999 -9999 -9999 -9999 -9999 -9999 -9999 -9999 -9999 -9999 -9999 -9999 -9999 -9999 -9999 138 133 135 124 121 120 125 132 124 133 134 117 125 129 140 126 127 136 145 148
131 147 129 129 121 129 136 132 134 131 141 141 129 133 143 147 142 145 141 141 132 132 146 141 145 139 141 139 141 132 135 133 143 146 149 144 141 137 127 130 134 132 129 130 141 138 133 132 123 131 133 135 -9999 -9999 -9999 -9999 -9999 -9999 -9999 -9999 -9999 -9999 -9999 -9999 -9999 -9999 -9999 -9999 -9999 -9999 -9999 -9999 -9999 -9999 128 138 136 132 128 123 116 127 124 126 131 131 134 129 127 136 142 139 134 149
140 134 135 144 129 139 136 133 120 122 129 137 141 138 141 142 145 145 143 145 148 139 146 147 148 149 138 144 145 146 137 139 130 130 140 145 147 147 142 140 137 119 123 133 145 142 142 139 129 128 133 123 137 136 137 137 136 138 -9999 -9999 -9999 -9999 -9999 -9999 -9999 -9999 -9999 -9999 -9999 -9999 -9999 -9999 -9999 -9999 138 133 127 135 133 123 127 131 126 124 132 132 127 137 138 138 136 133 133 126
137 134 135 136 132 128 131 135 139 131 145 142 133 132 131 136 134 140 137 141 139 144 146 142 145 142 148 146 139 146 143 143 142 141 140 138 136 134 137 129 139 141 140 134 144 126 133 139 138 137 126 133 134 135 134 132 138 140 -9999 -9999 -9999 -9999 -9999 -9999 -9999 -9999 -9999 -9999 -9999 -9999 -9999 -9999 -9999 -9999 137 138 136 127 132 139 137 137 127 125 111 127 141 132 137 141 136 138 137 126
136 141 138 133 134 126 126 120 124 124 121 136 126 139 146 136 146 136 147 143 145 141 136 138 141 148 143 151 147 148 150 143 135 147 146 146 147 143 141 135 145 144 138 143 144 137 140 121 130 128 134 129 133 131 131 129 136 137 138 138 138 140 141 142 141 141 -9999 -9999 141 141 139 140 139 136 138 134 134 128 131 127 134 128 129 132 127 119 128 137 136 137 137 141 136 139
135 134 128 121 129 131 129 131 122 122 133 136 127 131 129 129 140 133 136 142 132 140 141 128 141 141 145 140 143 147 148 145 145 147 150 146 139 142 146 141 139 143 145 144 141 134 131 133 135 135 123 130 123 129 127 134 137 135 137 136 141 138 139 140 140 142 -9999 -9999 141 139 140 140 140 131 132 136 136 136 137 126 143 127 131 126 124 132 134 133 130 124 141 147 147 150
136 131 130 134 137 130 128 128 130 134 137 126 135 128 134 132 128 130 138 141 131 136 133 145 141 137 139 140 141 145 146 146 147 146 147 146 141 149 143 138 138 145 140 144 136 137 140 137 139 139 140 139 124 134 123 129 137 136 134 135 136 141 138 139 138 140 141 140 141 140 143 141 141 140 139 138 142 141 133 130 141 144 142 134 132 132 132 123 136 137 139 143 143 136
127 130 131 134 138 132 134 132 132 129 129 131 129 134 132 129 123 128 126 130 126 126 137 136 136 131 142 144 132 148 148 146 142 146 143 148 145 137 140 146 145 147 141 131 132 140 140 140 138 137 137 135 140 139 137 134 131 133 130 131 136 138 137 138 139 140 141 143 139 144 144 143 145 141 135 141 134 128 131 133 135 130 129 142 140 129 137 139 130 142 139 147 130 134
138 126 137 129 128 128 130 130 125 129 129 133 129 129 129 130 130 119 133 132 129 128 131 123 134 131 134 145 136 142 141 148 149 145 146 148 147 145 147 145 147 146 145 136 143 143 141 128 139 145 147 143 142 137 135 129 127 127 134 136 138 137 139 137 139 140 138 138 144 140 140 141 141 137 135 139 145 139 137 138 136 137 136 137 142 138 140 144 136 141 141 146 138 147
139 134 127 129 120 123 124 123 126 128 123 127 133 125 126 127 130 133 129 128 129 132 130 135 136 132 129 145 131 143 139 140 146 148 147 151 150 147 146 144 147 147 146 149 140 150 147 149 150 145 143 146 138 139 135 138 139 141 128 131 137 137 140 137 137 136 135 134 133 136 133 136 132 134 141 132 136 131 133 130 139 135 135 148 145 147 139 139 142 139 137 133 151 143
124 129 130 123 127 113 117 121 126 123 121 127 126 120 121 118 119 125 124 122 126 130 127 126 129 128 123 131 134 130 138 129 140 141 144 139 145 150 144 134 145 148 143 142 147 147 143 145 144 144 136 139 138 144 143 140 144 143 141 141 139 139 139 136 139 141 139 141 140 141 140 142 134 141 145 129 131 131 129 139 140 137 143 139 145 141 135 146 144 137 139 144 149 137
133 120 127 121 127 119 116 118 121 119 120 115 113 116 135 139 125 130 135 133 131 134 128 125 130 133 133 133 129 129 134 135 146 149 147 146 146 148 142 148 148 145 144 146 143 145 147 150 146 150 149 143 143 142 147 146 135 141 144 135 138 140 143 139 137 142 142 143 146 140 141 143 146 143 146 142 143 145 134 143 141 142 147 149 149 144 151 138 138 147 153 154 140 152
131 134 129 131 130 127 130 123 135 140 135 127 128 141 143 139 131 130 132 129 134 135 134 130 132 133 128 134 133 132 125 129 135 136 135 141 142 145 145 147 144 147 147 150 142 151 148 150 145 142 147 147 149 146 144 144 144 142 142 142 145 139 140 141 141 141 143 143 141 136 144 144 142 140 138 138 140 138 140 147 141 142 139 142 144 147 133 154 143 148 148 135 144 148
136 129 132 133 138 131 140 138 139 124 130 140 130 142 142 139 141 141 135 136 137 134 131 139 138 135 134 127 138 139 132 134 121 133 134 134 137 143 134 139 147 144 144 154 153 141 153 151 139 146 150 142 148 142 144 145 146 146 146 143 143 141 140 137 139 137 146 141 148 146 146 144 142 130 128 141 143 133 135 138 143 144 143 145 147 151 136 135 148 147 150 145 149 135
138 140 126 131 135 132 128 138 134 140 143 131 143 139 148 137 133 133 131 133 136 136 142 137 141 141 140 133 136 129 133 133 130 131 131 132 135 141 139 135 141 149 142 140 149 149 146 151 153 151 150 152 136 133 142 147 148 145 147 147 142 142 142 142 143 144 138 140 150 145 147 143 144 144 143 140 142 146 144 145 146 148 147 150 148 146 151 148 156 144 151 152 150 153
135 141 142 139 142 146 129 136 118 146 143 146 145 134 129 137 135 135 137 133 138 141 139 137 131 141 139 139 137 137 136 134 135 120 128 123 129 131 133 138 137 138 133 140 141 145 152 154 138 158 151 143 147 152 146 147 147 147 143 146 145 141 141 141 140 135 139 141 146 145 147 143 142 147 142 141 141 140 141 142 141 135 138 145 137 142 143 150 150 151 154 148 144 139
145 143 144 141 141 144 139 138 143 147 148 145 148 146 141 140 135 136 135 134 131 135 138 138 137 145 130 138 140 141 138 134 136 131 134 123 129 134 125 134 127 133 135 134 137 137 149 142 150 149 146 147 151 147 147 138 141 137 138 139 136 143 141 140 141 142 142 148 143 144 140 146 148 150 136 141 142 145 144 145 142 141 142 142 139 138 136 148 150 150 153 156 156 157
145 147 148 147 144 143 147 146 148 147 148 142 138 135 140 139 144 137 137 136 139 139 136 140 143 139 136 134 138 139 142 141 131 137 136 135 138 136 140 136 136 139 137 136 139 132 134 138 143 145 148 155 154 151 156 148 145 150 150 135 138 140 141 138 138 141 139 142 143 141 143 143 145 140 143 141 139 142 144 143 146 145 145 141 139 139 144 149 152 151 150 151 147 153
133 136 149 145 138 139 144 145 146 147 146 144 138 144 144 142 144 141 138 139 137 135 136 148 140 145 137 136 136 141 141 145 136 132 140 135 138 142 139 144 142 144 137 140 141 144 145 148 147 148 153 150 143 148 143 152 153 149 141 145 142 138 139 140 141 142 139 139 140 143 141 143 139 147 141 142 142 142 144 144 145 146 144 145 142 140 140 135 144 148 148 157 152 156
145 143 148 133 134 148 151 150 147 142 149 141 144 142 143 138 138 134 134 141 141 136 144 144 139 131 139 144 144 144 139 131 131 134 137 139 139 142 140 142 144 145 140 146 148 140 146 144 144 150 151 145 146 151 147 143 144 146 137 147 145 144 137 141 140 142 142 142 141 141 142 139 143 147 144 148 140 142 141 140 144 145 149 145 150 144 143 142 142 145 148 155 156 156
152 149 149 147 132 139 144 146 150 149 149 148 145 137 138 138 140 141 144 139 143 142 141 148 144 147 148 146 145 143 145 144 140 131 136 135 146 139 141 143 145 134 146 146 148 147 149 150 144 146 152 155 145 144 144 151 145 147 141 144 147 145 145 143 141 138 144 141 142 141 142 142 141 145 141 137 142 139 143 144 150 149 135 151 144 148 147 149 154 154 148 153 155 157
148 141 138 134 134 144 141 139 141 152 146 152 134 133 131 135 142 146 145 144 148 149 150 145 146 142 139 132 132 133 134 136 137 133 132 137 135 141 137 145 139 146 141 138 140 145 150 147 150 150 151 152 148 152 151 152 146 147 153 133 137 140 142 141 137 140 138 144 142 139 141 140 144 139 142 144 142 140 144 139 144 143 146 135 140 150 153 151 134 149 146 148 147 150
144 137 143 138 144 147 148 139 139 156 152 153 144 150 156 146 145 145 146 143 147 145 146 147 146 142 142 145 139 138 138 134 139 137 143 141 139 133 131 138 150 146 145 146 148 149 149 150 150 140 153 150 141 144 148 148 141 151 153 154 141 140 146 140 136 134 143 140 145 147 150 139 142 135 148 138 141 137 140 143 144 144 140 143 144 151 148 148 141 147 155 153 151 157
143 150 140 148 146 147 145 146 140 138 149 154 146 147 148 146 148 148 147 145 135 131 133 141 139 146 145 144 135 137 138 136 137 142 142 140 141 142 142 145 147 143 138 139 139 142 148 142 144 140 145 139 138 131 142 152 155 155 141 145 144 149 144 143 145 139 140 142 136 141 138 147 146 144 143 136 139 139 138 134 141 146 147 138 139 141 143 143 149 141 137 145 144 145
144 147 151 150 148 147 142 150 150 151 151 149 149 142 142 138 132 137 136 141 143 144 139 131 128 132 139 138 146 136 134 136 136 134 138 141 140 144 143 145 144 144 144 139 138 142 142 144 140 139 150 147 149 152 154 155 156 154 150 145 150 148 145 145 149 143 141 140 143 140 145 148 149 144 145 144 139 137 139 136 136 136 143 146 140 151 143 139 139 141 141 144 151 142
141 149 146 149 139 147 143 146 144 149 151 152 151 145 145 143 141 135 139 134 137 137 137 135 138 136 141 142 141 142 141 142 141 142 143 140 137 139 137 140 141 143 143 139 138 138 138 139 140 145 135 131 140 150 142 140 152 158 159 151 148 147 150 145 151 138 142 140 143 143 147 149 152 150 148 136 141 145 144 140 137 137 138 137 139 138 143 141 142 139 149 148 150 141
152 149 150 149 148 140 145 154 147 131 147 145 142 139 148 144 137 138 134 132 130 131 133 132 136 139 133 142 141 141 137 137 139 142 143 141 148 142 141 138 137 138 138 138 137 141 137 145 147 145 144 145 133 138 152 153 150 154 152 150 155 148 141 138 151 150 145 143 144 144 143 146 147 152 150 146 147 140 142 142 143 142 143 144 140 141 138 143 146 145 147 145 146 145
148 149 149 150 150 151 154 144 150 154 143 141 146 150 140 139 136 139 140 141 143 140 136 140 145 137 135 136 144 137 138 138 137 135 140 141 145 144 143 144 142 139 142 144 143 146 141 149 144 141 143 145 136 147 147 148 152 146 147 154 152 152 152 153 150 150 152 151 146 147 147 148 151 146 148 147 150 147 144 146 144 144 144 147 145 146 147 145 143 143 144 148 149 150
150 150 150 151 149 146 145 154 150 150 148 146 150 152 146 146 143 140 142 140 135 136 138 148 141 133 145 145 145 136 139 136 135 141 138 135 138 138 144 143 143 141 140 142 145 145 145 146 147 146 148 142 138 147 149 152 154 158 155 141 161 154 152 143 137 147 145 147 150 149 150 150 150 149 150 149 145 147 147 146 146 147 149 150 147 146 144 144 143 142 146 147 148 148
151 151 153 151 153 155 155 154 150 151 150 151 150 147 147 151 146 146 143 145 143 138 129 131 135 136 144 150 149 152 138 148 146 141 142 145 152 145 138 143 143 142 137 137 144 147 148 145 146 148 146 145 152 148 148 148 155 154 155 157 147 151 144 148 142 146 147 148 145 149 149 142 150 147 149 148 148 150 150 152 152 152 149 146 147 146 145 145 144 145 148 143 146 147
143 141 140 153 154 154 155 156 153 153 153 147 151 153 144 145 149 145 145 140 147 147 145 139 143 139 131 132 134 138 150 148 152 136 143 146 144 138 133 135 140 136 138 137 142 140 147 147 148 149 148 148 147 149 151 146 144 143 152 144 144 149 149 153 152 147 146 147 147 143 145 144 145 150 149 149 150 149 151 150 146 150 147 150 149 148 145 146 147 147 146 146 146 148
151 146 149 149 144 146 132 136 141 152 153 150 148 146 146 148 146 142 144 143 141 139 147 152 145 149 143 151 143 142 139 144 133 139 147 141 140 144 140 140 137 145 147 141 140 137 146 146 148 149 149 150 149 149 148 148 147 153 140 142 139 154 146 154 155 152 145 144 146 147 146 149 148 150 150 148 150 150 152 151 147 149 144 149 149 149 149 146 147 147 148 148 150 148
156 152 147 148 146 149 148 147 139 140 151 146 150 151 146 144 139 142 142 141 139 141 145 145 146 144 146 150 147 151 151 152 141 135 134 141 142 133 133 139 139 135 143 144 140 141 140 142 147 146 149 148 151 148 141 140 143 136 140 143 143 150 154 156 147 146 151 145 144 147 145 146 145 148 148 150 150 144 146 152 150 152 153 149 151 150 149 149 149 148 148 149 149 149
142 151 148 149 145 148 147 141 143 146 145 148 150 148 142 149 147 146 143 139 135 144 146 147 146 145 148 150 151 149 152 148 151 149 148 140 144 143 145 143 145 139 148 146 142 145 145 146 148 147 148 149 150 149 150 148 141 150 148 148 152 152 152 152 147 147 146 148 148 149 150 151 151 149 149 148 148 151 148 149 150 153 148 150 152 151 149 148 146 147 147 146 147 149
147 151 153 148 152 146 141 151 149 146 139 141 139 139 139 140 140 143 139 151 148 148 147 146 145 146 151 152 153 154 149 146 146 146 142 139 147 148 146 143 143 141 145 149 147 135 145 141 139 142 139 149 151 153 150 150 151 149 152 151 152 153 150 155 156 154 157 155 152 153 152 158 153 153 148 146 147 147 149 150 150 154 153 154 149 146 148 150 148 149 147 149 147 148
155 153 145 145 145 146 146 147 142 148 142 143 143 145 143 144 146 145 148 143 143 137 138 147 149 147 144 134 146 140 142 146 141 144 140 145 146 143 139 144 145 146 145 151 147 143 143 144 142 139 146 141 145 149 153 147 150 150 150 149 150 148 147 147 156 156 156 153 156 159 155 163 153 154 150 150 149 146 150 151 147 151 147 153 148 153 147 150 148 149 148 148 148 148
