sesion_6_simulaciones/modelos_distribucion_especies/ejemplo/variables/futuro_B2/2070/TMXV.asc
ncols 708
nrows 329
xllcorner -7.525000
yllcorner 35.991667
cellsize 0.008333
NODATA_value -9999
[rows 82 to 122 of 329, columns 188 to 281 of 708]
-9999 -9999 -9999 -9999 -9999 -9999 355 357 363 361 363 363 353 363 363 363 363 362 362 360 356 358 357 352 352 353 356 354 353 353 354 355 355 356 356 357 357 357 352 356 356 356 362 360 354 360 361 360 351 350 358 358 361 354 365 361 358 360 367 368 358 362 370 367 368 371 369 361 363 365 373 370 370 370 365 370 369 366 370 366 365 368 367 365 368 368 369 365 366 366 367 369 371 366
-9999 -9999 -9999 -9999 -9999 -9999 355 359 361 363 364 364 364 364 363 363 363 363 363 361 359 360 358 359 356 358 358 357 356 356 356 356 355 355 357 357 356 358 357 358 357 356 355 358 360 362 353 357 358 356 358 359 363 362 355 361 359 359 360 366 365 363 368 364 367 357 369 366 370 363 370 370 361 368 369 367 368 367 367 368 366 369 362 364 365 368 368 367 364 365 362 368 369 368
-9999 -9999 -9999 -9999 366 363 363 359 348 357 353 355 363 364 364 363 364 363 363 360 360 354 360 356 359 358 354 357 358 357 357 357 353 356 357 357 356 357 359 359 358 357 358 357 351 358 362 360 351 357 357 362 357 359 359 355 360 362 363 361 368 367 364 366 365 363 367 368 363 372 370 367 370 372 368 365 370 371 367 367 365 355 364 366 364 368 370 361 366 365 364 365 362 366
-9999 -9999 -9999 -9999 365 365 359 356 357 355 355 357 355 362 362 363 362 363 363 361 361 361 358 359 359 359 359 358 357 357 355 353 356 358 356 358 357 359 359 359 359 359 358 359 358 357 354 358 355 359 353 356 357 360 362 359 361 356 366 367 367 368 370 369 366 369 370 369 368 367 360 363 365 374 368 368 370 371 367 370 367 369 370 369 370 374 364 366 364 360 361 365 358 360
-9999 -9999 365 364 358 364 364 361 355 357 353 352 356 359 358 362 361 362 363 363 362 361 358 360 359 357 358 357 354 355 356 356 356 356 357 357 359 359 359 359 359 359 358 359 357 358 358 356 359 358 357 353 354 357 356 356 363 361 367 365 367 363 367 369 368 370 371 369 367 365 367 370 367 356 367 371 368 370 368 369 369 370 373 368 367 366 369 368 354 363 364 364 364 363
-9999 -9999 362 359 359 358 354 354 358 361 358 354 356 356 356 358 359 362 360 362 363 362 362 360 358 359 358 358 356 358 355 357 355 358 357 358 359 359 359 360 360 359 359 358 358 357 357 355 359 361 361 358 351 357 358 358 358 359 361 361 362 363 366 367 367 367 363 363 371 371 369 369 370 368 370 367 366 370 369 365 373 370 364 371 370 367 371 367 368 364 368 367 365 364
366 366 366 363 358 359 355 356 348 355 356 358 352 357 355 355 357 356 356 359 361 362 361 354 357 357 354 359 360 359 357 356 356 358 357 354 360 357 357 358 358 359 359 358 358 358 358 358 358 354 360 360 355 358 358 358 358 353 355 354 360 360 359 356 357 364 367 365 363 365 371 367 360 360 372 370 363 361 371 368 371 373 375 368 371 371 364 367 366 366 365 368 361 368
366 362 366 366 365 360 348 357 355 350 352 358 358 357 354 356 357 357 355 357 356 351 359 356 361 360 359 358 358 360 360 357 359 359 360 357 355 360 360 359 358 358 359 359 358 359 358 358 359 356 358 359 361 360 354 358 358 362 357 358 354 357 361 361 362 359 360 362 362 368 364 368 370 371 372 373 375 372 370 371 374 368 370 367 368 365 368 369 371 370 370 368 369 368
366 363 357 366 366 366 365 364 358 357 356 353 359 358 359 355 354 356 355 356 357 359 356 355 359 360 363 363 360 360 360 360 358 357 359 354 357 354 359 359 359 358 358 358 359 358 358 358 357 359 357 358 354 358 361 361 359 360 361 358 362 355 364 356 360 363 362 362 362 364 360 365 366 366 363 362 365 371 377 377 371 371 372 374 372 369 371 374 365 369 370 371 371 366
366 366 364 361 366 366 365 361 366 365 362 359 356 357 359 358 358 356 357 357 355 356 357 357 358 358 360 359 362 364 362 351 359 357 355 361 356 357 359 359 359 359 358 358 357 358 359 356 356 354 359 356 356 355 360 361 359 362 364 364 365 362 364 364 362 362 357 361 358 365 366 363 365 367 369 363 369 366 370 356 364 367 374 370 370 363 366 370 370 370 368 367 370 368
359 358 364 360 357 351 355 353 359 355 355 364 358 354 356 355 355 358 358 357 357 357 356 357 358 359 359 360 361 364 364 362 359 351 352 358 354 355 358 358 358 358 359 358 358 357 357 360 357 357 356 355 355 360 358 358 356 363 357 364 353 364 365 365 361 361 358 361 363 365 358 367 367 364 368 367 367 362 375 376 367 366 365 373 369 373 367 371 367 364 363 368 370 370
355 344 364 364 363 358 357 356 357 356 350 354 359 363 363 363 357 360 360 357 358 359 359 358 359 359 359 357 361 364 361 360 363 347 360 358 356 357 356 358 358 356 357 357 358 359 358 359 358 358 355 360 358 358 355 360 363 363 365 355 366 365 361 366 363 365 363 363 365 366 364 364 368 367 367 363 367 364 365 369 375 365 368 371 368 365 376 369 368 361 370 370 372 369
359 364 359 363 364 359 359 352 353 356 359 357 357 351 359 362 362 359 357 358 355 357 358 358 358 360 361 360 362 356 358 363 363 364 358 355 356 356 354 358 354 355 355 357 357 358 358 358 356 359 358 354 359 355 358 356 362 364 364 366 363 367 365 364 367 368 366 365 365 364 366 362 359 360 366 368 368 364 368 366 363 364 376 363 372 371 369 366 363 371 371 369 369 368
363 357 353 366 365 360 362 361 360 359 356 356 358 359 356 357 351 360 361 360 358 359 358 358 359 358 351 355 358 362 360 359 365 365 364 362 354 354 354 350 351 354 354 354 355 356 357 356 356 357 355 362 360 362 362 360 361 365 366 366 367 367 368 367 368 364 365 363 366 367 367 368 365 364 365 368 369 367 367 365 363 368 365 364 354 372 366 369 370 368 370 368 367 370
361 361 363 366 365 361 365 356 362 362 358 358 359 357 358 359 359 358 359 359 360 361 357 360 360 358 360 361 361 363 360 363 361 359 361 360 356 353 357 356 352 354 353 353 353 354 358 358 356 360 358 357 359 357 363 357 361 364 367 367 367 367 368 368 369 368 367 366 366 366 366 368 366 370 370 368 363 365 366 367 367 368 367 366 369 377 371 368 371 372 372 369 371 372
362 359 357 367 366 365 365 366 363 362 356 361 361 358 359 359 358 361 361 361 362 360 354 360 359 356 357 359 356 362 357 357 363 360 359 359 359 356 354 355 358 353 353 353 351 349 353 358 354 356 358 360 361 360 361 361 367 366 366 366 368 367 369 364 368 369 369 368 367 366 365 367 370 367 369 370 372 371 370 367 368 366 368 369 359 374 376 377 368 373 374 375 375 375
362 361 359 344 363 358 363 367 366 356 357 362 360 361 361 357 359 359 362 362 362 360 359 351 352 349 358 359 357 357 351 360 359 361 362 361 360 359 359 358 357 359 358 356 355 354 357 358 358 358 361 362 361 361 357 363 363 367 363 365 368 368 369 368 367 368 370 368 368 369 368 368 366 368 360 370 368 371 370 371 370 370 369 370 368 370 366 377 378 378 378 373 374 373
361 363 363 358 360 360 362 364 360 364 361 362 362 362 362 361 359 360 351 353 361 360 360 360 360 359 358 357 360 356 359 358 357 355 359 361 360 359 360 359 359 358 359 358 357 358 358 359 359 359 363 363 360 361 362 361 363 366 362 363 367 368 363 367 369 370 369 369 366 369 369 369 370 369 370 369 370 368 369 370 371 370 365 371 372 368 370 371 371 368 364 374 371 375
362 362 361 361 362 363 364 363 363 363 361 360 363 363 363 363 361 361 360 363 360 359 361 359 359 360 367 360 359 356 355 355 359 359 359 359 357 354 358 360 360 359 358 360 359 356 358 361 358 359 364 364 359 361 358 362 361 360 363 360 363 365 369 368 370 368 368 371 367 362 373 368 368 369 369 369 371 365 369 370 371 372 372 369 371 372 368 371 373 373 364 363 371 375
360 361 361 361 362 362 363 363 363 364 363 363 363 364 363 362 362 362 360 364 365 366 361 363 360 358 366 366 365 364 359 359 360 357 357 357 359 358 357 355 357 359 360 358 360 361 360 358 360 357 363 362 364 362 361 361 362 358 360 363 365 362 361 364 367 371 371 373 372 369 371 371 369 366 371 372 371 371 369 368 369 371 372 372 374 375 373 374 364 372 367 375 371 373
359 359 362 363 360 362 360 363 361 364 363 364 364 364 363 362 360 362 363 366 366 366 366 363 363 361 363 365 348 361 361 361 362 359 360 356 354 358 354 360 357 359 358 356 357 356 361 363 363 364 363 361 360 362 362 360 361 362 361 364 368 362 363 364 364 371 371 373 371 374 374 368 372 372 372 373 372 371 370 372 371 369 372 372 372 372 373 371 369 370 366 377 377 377
356 354 368 356 362 363 363 361 364 363 363 363 363 363 363 362 363 362 363 362 358 362 366 366 364 367 361 366 357 359 359 362 363 361 360 360 360 362 362 360 362 357 359 357 354 355 357 357 363 363 364 364 364 364 365 364 364 353 360 366 356 366 364 370 371 367 373 374 374 375 376 374 375 373 374 371 366 372 374 373 371 372 373 373 371 366 359 369 372 371 376 375 375 374
359 363 357 350 362 361 361 357 363 363 364 363 362 362 363 363 363 362 364 364 361 356 356 360 366 365 367 363 362 362 363 359 363 361 362 363 360 361 363 364 363 363 363 364 362 363 363 362 363 364 364 366 364 363 362 364 363 365 363 356 365 368 368 371 370 372 371 375 375 376 376 375 376 375 372 373 372 369 366 374 374 373 374 374 373 374 373 374 368 374 375 374 372 372
359 365 369 362 358 358 362 363 362 362 363 362 361 362 362 364 364 365 366 365 364 362 356 359 354 362 367 367 366 366 361 365 361 363 363 362 362 362 363 363 362 360 364 364 365 364 364 365 362 365 365 365 365 364 365 362 363 363 365 363 367 368 365 365 370 373 371 376 375 376 376 376 376 376 374 373 372 372 365 371 372 374 375 375 374 373 371 352 374 374 375 376 377 376
365 365 369 364 362 363 362 362 362 361 361 361 362 363 365 366 366 365 366 366 365 364 364 364 358 355 357 369 365 365 367 366 366 365 366 365 362 363 360 365 363 363 362 362 366 367 358 366 367 366 367 368 366 366 364 365 365 365 366 366 367 364 366 365 363 365 368 372 373 373 376 376 376 376 376 375 373 373 368 373 373 374 374 374 374 375 369 374 374 372 371 372 375 376
372 370 367 370 365 365 364 362 362 363 363 362 363 362 365 365 366 366 366 366 366 365 366 366 366 364 365 368 367 364 366 366 367 367 366 364 365 365 364 360 363 365 365 365 365 366 365 364 364 367 366 366 366 365 367 366 366 365 366 367 368 367 367 365 370 367 369 372 368 372 370 367 369 371 373 374 374 372 370 372 373 373 374 375 374 372 367 374 375 366 375 375 374 375
372 373 373 370 372 367 365 358 360 363 359 359 364 362 362 366 367 367 366 365 365 366 366 366 367 368 366 368 368 365 366 366 368 368 368 368 366 367 366 366 367 366 366 366 366 366 366 366 363 366 369 369 368 366 367 367 366 366 368 369 368 367 368 370 369 368 370 371 371 371 372 367 370 366 364 369 372 376 374 374 371 374 375 377 378 378 379 378 371 377 376 375 374 374
372 371 372 371 374 367 365 365 363 363 364 363 363 363 362 363 366 367 366 366 365 365 365 367 366 367 369 369 367 366 366 365 367 368 365 368 367 367 367 367 367 367 367 367 367 367 367 365 365 363 366 366 368 365 364 368 368 368 368 367 369 370 370 371 372 371 372 372 370 371 371 370 370 364 361 371 370 373 377 375 375 376 377 377 379 378 379 380 380 380 379 379 378 377
370 371 372 373 374 372 364 362 364 363 364 363 363 363 360 361 365 367 366 366 366 366 366 366 367 367 361 369 366 367 367 367 368 367 364 367 367 368 368 367 368 367 367 367 366 367 367 367 368 366 367 368 366 365 370 369 365 367 359 363 366 372 372 372 372 373 373 373 373 373 373 372 371 359 371 372 372 372 372 378 378 379 379 379 379 378 380 380 380 380 380 380 379 379
370 370 371 373 372 374 373 365 359 364 361 363 360 364 364 365 366 367 367 366 367 366 366 366 367 366 364 366 365 370 369 369 368 367 363 365 363 360 367 368 368 367 367 367 367 368 369 368 368 367 368 365 365 365 366 351 367 370 372 371 370 370 367 371 372 374 373 373 374 374 374 374 374 372 366 373 373 374 375 373 380 380 379 379 380 380 380 381 381 379 379 380 380 379
369 371 370 372 372 374 373 370 364 361 362 364 364 364 365 364 366 367 367 367 366 367 367 368 367 367 366 367 367 369 368 363 368 370 369 367 368 367 366 366 368 367 367 367 367 368 366 366 369 369 370 370 370 369 370 371 371 370 370 368 373 372 374 374 374 375 374 374 374 375 375 375 371 372 371 373 374 375 376 376 377 377 379 380 380 380 380 381 381 380 379 380 380 380
367 366 369 368 370 374 373 374 373 367 362 363 364 365 365 364 363 365 365 367 367 367 368 367 368 366 366 364 366 364 368 367 369 368 368 368 369 369 369 367 368 367 367 367 368 368 368 360 370 369 369 371 371 371 372 374 374 374 374 374 374 369 367 373 375 374 374 374 374 375 375 376 374 372 371 364 375 375 376 376 377 378 378 380 380 380 380 380 381 381 380 380 380 381
366 367 361 364 370 370 373 374 373 373 371 363 365 365 365 364 365 365 365 363 367 368 368 366 367 366 361 364 367 367 365 365 367 368 368 368 369 369 368 368 368 368 368 367 368 369 368 370 369 368 368 369 372 372 373 373 374 374 375 375 376 374 373 375 376 376 373 374 374 374 375 375 374 373 373 374 371 375 372 375 377 378 379 380 380 380 380 380 381 381 380 380 381 381
366 367 368 367 367 370 372 374 374 373 373 371 365 366 366 366 363 365 366 365 365 366 367 367 362 366 364 366 366 366 365 366 364 364 368 369 369 369 369 369 369 368 368 368 368 368 368 369 368 370 370 368 371 373 373 373 372 375 376 376 376 376 376 370 365 368 368 372 373 372 372 373 373 375 373 374 372 378 379 379 379 380 380 380 380 380 380 380 381 381 381 381 381 381
361 365 366 366 369 368 371 373 374 373 373 372 369 361 365 365 366 368 365 366 362 367 368 367 367 367 366 368 367 367 367 363 365 365 367 368 368 369 369 368 368 368 368 369 369 368 368 367 370 368 369 372 368 372 372 363 369 375 373 368 366 365 368 371 370 369 368 368 371 373 373 372 375 375 375 376 377 377 378 379 379 380 380 380 380 380 380 380 381 381 381 381 381 381
366 367 365 365 368 369 370 372 374 374 373 373 372 367 360 367 367 364 365 365 366 369 369 370 369 368 369 368 368 368 368 366 365 364 364 366 369 368 367 367 366 366 367 367 368 368 368 366 365 366 357 363 371 367 366 365 373 368 369 370 371 368 371 369 370 367 366 373 372 374 374 375 375 376 376 376 376 375 378 379 379 379 379 378 379 380 380 381 381 381 381 380 381 380
366 367 367 366 368 368 370 371 373 374 374 373 373 370 366 366 366 368 367 368 370 366 365 370 369 369 367 367 365 367 367 367 363 365 367 367 367 368 367 366 366 365 367 367 367 366 367 368 367 365 369 369 371 370 366 370 371 372 372 372 370 372 374 375 375 374 376 375 376 377 378 378 376 376 376 377 378 379 379 379 379 377 377 378 379 380 380 381 381 380 380 380 380 380
366 366 367 365 368 367 370 370 373 374 371 374 373 372 371 370 365 365 367 367 364 358 370 371 369 367 370 368 368 369 369 368 367 365 368 367 370 368 368 366 366 367 367 368 368 367 368 367 370 369 370 368 370 371 368 371 372 370 374 375 375 375 376 376 377 377 377 378 378 378 378 377 378 378 378 379 380 380 380 379 377 379 379 379 379 380 381 381 381 380 380 380 379 378
366 366 367 366 366 367 368 369 373 374 374 372 374 374 371 372 370 366 366 368 368 368 368 369 371 371 371 370 368 368 366 366 369 369 368 368 369 369 368 368 369 369 368 370 369 369 370 369 370 370 371 369 373 371 372 373 376 376 377 377 377 377 377 377 377 377 378 378 378 378 379 379 379 379 379 379 380 380 376 379 379 380 380 380 381 381 381 381 380 379 380 379 379 378
366 367 367 367 366 364 365 367 372 373 373 372 374 374 370 372 371 367 370 362 367 371 370 372 370 372 369 369 368 367 363 364 368 367 368 365 369 369 369 370 369 369 369 370 370 369 370 369 369 370 370 372 373 372 372 376 377 378 378 378 378 377 377 378 378 378 378 378 378 379 379 379 379 379 379 379 376 377 377 380 380 380 380 380 380 381 381 380 379 379 379 379 379 378
366 366 367 365 365 365 363 364 370 372 374 372 374 374 373 372 372 370 365 371 367 368 371 371 370 372 372 370 369 368 368 363 369 371 373 369 369 370 370 369 369 370 371 370 370 371 367 370 372 372 372 372 374 374 376 377 376 378 378 378 378 378 378 378 378 378 378 379 379 379 379 380 380 380 380 379 380 380 380 380 380 380 380 380 380 380 380 378 379 379 379 379 378 378
