sesion_6_simulaciones/modelos_distribucion_especies/ejemplo/variables/futuro_B2/2070/TMXV.asc
ncols 708
nrows 329
xllcorner -7.525000
yllcorner 35.991667
cellsize 0.008333
NODATA_value -9999
[rows 205 to 245 of 329, columns 94 to 187 of 708]
-9999 -9999 -9999 -9999 -9999 -9999 -9999 -9999 -9999 -9999 -9999 -9999 -9999 -9999 -9999 -9999 -9999 -9999 -9999 -9999 -9999 -9999 317 320 321 324 326 328 329 330 332 333 334 335 337 338 339 340 340 341 342 343 343 344 345 345 346 347 347 348 348 349 349 350 350 351 351 352 352 352 353 353 354 354 354 355 355 356 -9999 -9999 -9999 -9999 357 358 358 358 358 358 359 359 359 359 359 360 360 360 360 361 361 361 361 361 362 362
-9999 -9999 -9999 -9999 -9999 -9999 -9999 -9999 -9999 -9999 -9999 -9999 -9999 -9999 -9999 -9999 -9999 -9999 -9999 -9999 -9999 -9999 311 315 317 321 323 325 326 328 330 331 333 334 335 336 337 338 339 340 341 342 343 343 344 345 345 346 346 347 348 348 349 349 350 350 351 351 352 352 352 353 353 354 354 354 355 355 -9999 -9999 -9999 -9999 357 357 357 358 358 358 358 358 359 359 359 359 360 360 360 360 361 361 361 361 361 362
-9999 -9999 -9999 -9999 -9999 -9999 -9999 -9999 -9999 -9999 -9999 -9999 -9999 -9999 -9999 -9999 -9999 -9999 -9999 -9999 -9999 -9999 -9999 -9999 -9999 -9999 319 321 323 326 327 329 331 332 334 335 336 337 338 339 340 341 342 343 343 344 345 345 346 346 347 348 348 349 349 350 350 351 351 352 352 352 353 353 354 354 354 355 -9999 -9999 356 356 356 357 357 357 357 358 358 358 358 359 359 359 359 360 360 360 360 360 361 361 361 360
-9999 -9999 -9999 -9999 -9999 -9999 -9999 -9999 -9999 -9999 -9999 -9999 -9999 -9999 -9999 -9999 -9999 -9999 -9999 -9999 -9999 -9999 -9999 -9999 -9999 -9999 314 317 320 322 325 327 329 330 332 333 335 336 337 338 339 340 341 342 342 343 344 345 345 346 347 347 348 348 349 349 350 350 351 351 352 352 353 353 353 354 354 355 -9999 -9999 355 356 356 356 356 357 357 357 357 358 358 358 358 359 359 359 359 360 360 360 360 361 360 361
-9999 -9999 -9999 -9999 -9999 -9999 -9999 -9999 -9999 -9999 -9999 -9999 -9999 -9999 -9999 -9999 -9999 -9999 -9999 -9999 -9999 -9999 -9999 -9999 -9999 -9999 305 311 316 320 322 325 327 329 330 332 333 335 336 337 338 339 340 341 342 342 343 344 345 345 346 347 347 348 348 349 349 350 350 351 351 352 352 353 353 353 354 354 -9999 -9999 355 355 355 355 356 356 356 357 357 357 358 358 358 358 359 359 359 359 359 360 360 360 361 360
-9999 -9999 -9999 -9999 -9999 -9999 -9999 -9999 -9999 -9999 -9999 -9999 -9999 -9999 -9999 -9999 -9999 -9999 -9999 -9999 -9999 -9999 -9999 -9999 -9999 -9999 283 302 309 315 319 322 324 326 328 330 332 333 335 336 337 338 339 340 341 342 342 343 344 345 345 346 347 347 348 348 349 350 350 351 351 352 352 352 353 353 353 354 -9999 -9999 354 354 355 355 355 355 356 356 356 357 357 357 358 358 358 359 359 359 359 360 358 358 360 360
-9999 -9999 -9999 -9999 -9999 -9999 -9999 -9999 -9999 -9999 -9999 -9999 -9999 -9999 -9999 -9999 -9999 -9999 -9999 -9999 -9999 -9999 -9999 -9999 -9999 -9999 -9999 -9999 -9999 -9999 -9999 -9999 321 324 326 328 330 332 333 334 336 337 338 339 340 341 342 343 343 344 345 345 346 347 347 348 349 349 350 350 351 351 352 352 352 353 -9999 -9999 353 354 354 354 354 354 355 355 355 356 356 356 357 357 357 358 358 358 358 359 359 359 359 360 359 360
-9999 -9999 -9999 -9999 -9999 -9999 -9999 -9999 -9999 -9999 -9999 -9999 -9999 -9999 -9999 -9999 -9999 -9999 -9999 -9999 -9999 -9999 -9999 -9999 -9999 -9999 -9999 -9999 -9999 -9999 -9999 -9999 317 321 324 327 329 330 331 333 334 336 337 338 339 340 341 342 343 343 344 345 346 346 347 348 348 349 349 350 350 351 351 352 352 352 -9999 -9999 353 353 353 354 354 354 354 355 355 355 356 356 356 357 357 357 358 358 357 358 359 359 359 359 360 360
-9999 -9999 -9999 -9999 -9999 -9999 -9999 -9999 -9999 -9999 -9999 -9999 -9999 -9999 -9999 -9999 -9999 -9999 -9999 -9999 -9999 -9999 -9999 -9999 -9999 -9999 -9999 -9999 -9999 -9999 -9999 -9999 313 317 321 324 326 328 330 331 333 335 336 337 338 339 340 341 342 343 344 344 345 346 347 347 348 348 349 349 350 350 351 351 351 352 -9999 -9999 352 353 353 353 353 354 354 354 355 355 355 356 356 356 356 357 357 356 358 358 358 359 359 359 359 359
-9999 -9999 -9999 -9999 -9999 -9999 -9999 -9999 -9999 -9999 -9999 -9999 -9999 -9999 -9999 -9999 -9999 -9999 -9999 -9999 -9999 -9999 -9999 -9999 -9999 -9999 -9999 -9999 -9999 -9999 -9999 -9999 307 313 317 320 323 325 328 330 332 333 335 336 337 338 339 341 341 342 343 344 345 345 346 347 347 348 348 349 349 350 350 350 351 351 -9999 -9999 352 352 353 353 353 353 354 354 354 355 354 355 355 356 356 357 357 357 358 358 358 358 358 358 359 360
-9999 -9999 -9999 -9999 -9999 -9999 -9999 -9999 -9999 -9999 -9999 -9999 -9999 -9999 -9999 -9999 -9999 -9999 -9999 -9999 -9999 -9999 -9999 -9999 -9999 -9999 -9999 -9999 -9999 -9999 -9999 -9999 -9999 -9999 312 316 321 323 326 328 330 332 334 335 336 338 339 340 341 342 343 343 344 345 346 346 -9999 -9999 348 348 349 349 349 350 -9999 -9999 -9999 -9999 351 352 352 352 353 353 354 354 354 354 355 354 354 354 355 356 355 355 356 357 358 358 358 358 359 358
-9999 -9999 -9999 -9999 -9999 -9999 -9999 -9999 -9999 -9999 -9999 -9999 -9999 -9999 -9999 -9999 -9999 -9999 -9999 -9999 -9999 -9999 -9999 -9999 -9999 -9999 -9999 -9999 -9999 -9999 -9999 -9999 -9999 -9999 306 312 317 321 324 326 329 331 333 334 336 337 338 339 340 341 342 343 344 344 345 346 -9999 -9999 347 348 348 348 349 349 -9999 -9999 -9999 -9999 351 351 352 352 352 353 353 353 354 354 354 354 354 355 356 356 356 356 356 357 357 358 358 358 358 358
-9999 -9999 -9999 -9999 -9999 -9999 -9999 -9999 -9999 -9999 -9999 -9999 -9999 -9999 -9999 -9999 -9999 -9999 -9999 -9999 -9999 -9999 -9999 -9999 -9999 -9999 -9999 -9999 -9999 -9999 -9999 -9999 -9999 -9999 -9999 -9999 314 318 321 325 327 329 331 332 335 336 337 338 -9999 -9999 -9999 -9999 -9999 -9999 -9999 -9999 -9999 -9999 -9999 -9999 347 348 -9999 -9999 -9999 -9999 350 350 350 351 351 352 352 352 353 353 352 352 354 354 354 354 355 355 356 356 356 357 357 357 357 358 358 358
-9999 -9999 -9999 -9999 -9999 -9999 -9999 -9999 -9999 -9999 -9999 -9999 -9999 -9999 -9999 -9999 -9999 -9999 -9999 -9999 -9999 -9999 -9999 -9999 -9999 -9999 -9999 -9999 -9999 -9999 -9999 -9999 -9999 -9999 -9999 -9999 309 315 319 323 325 328 330 332 334 335 337 338 -9999 -9999 -9999 -9999 -9999 -9999 -9999 -9999 -9999 -9999 -9999 -9999 347 347 -9999 -9999 -9999 -9999 349 349 350 350 351 351 352 352 352 353 353 353 353 354 354 354 354 355 356 356 356 356 357 356 357 357 358 358
-9999 -9999 -9999 -9999 -9999 -9999 -9999 -9999 -9999 -9999 -9999 -9999 -9999 -9999 -9999 -9999 -9999 -9999 -9999 -9999 -9999 -9999 -9999 -9999 -9999 -9999 -9999 -9999 -9999 -9999 -9999 -9999 -9999 -9999 -9999 -9999 303 311 317 321 324 326 329 331 332 334 -9999 -9999 -9999 -9999 -9999 -9999 -9999 -9999 -9999 -9999 -9999 -9999 -9999 -9999 -9999 -9999 -9999 -9999 348 348 348 349 349 350 350 351 351 352 352 352 353 353 353 353 354 354 354 355 355 355 356 356 356 356 357 357 357 358
-9999 -9999 -9999 -9999 -9999 -9999 -9999 -9999 -9999 -9999 -9999 -9999 -9999 -9999 -9999 -9999 -9999 -9999 -9999 -9999 -9999 -9999 -9999 -9999 -9999 -9999 -9999 -9999 -9999 -9999 -9999 -9999 -9999 -9999 -9999 -9999 293 307 314 319 322 325 327 330 331 333 -9999 -9999 -9999 -9999 -9999 -9999 -9999 -9999 -9999 -9999 -9999 -9999 -9999 -9999 -9999 -9999 -9999 -9999 347 347 348 348 348 348 350 350 351 351 351 352 352 353 353 353 353 353 354 354 354 354 355 355 355 356 356 357 357 357
-9999 -9999 -9999 -9999 -9999 -9999 -9999 -9999 -9999 -9999 -9999 -9999 -9999 -9999 -9999 -9999 -9999 -9999 -9999 -9999 -9999 -9999 -9999 -9999 -9999 -9999 -9999 -9999 -9999 -9999 -9999 -9999 -9999 -9999 -9999 -9999 -9999 -9999 311 316 320 323 326 328 331 332 -9999 -9999 337 338 339 340 340 341 341 341 342 342 343 344 344 345 345 346 346 345 345 345 347 348 349 350 350 351 351 349 351 352 351 353 353 352 354 353 354 355 355 355 355 356 356 356 356 355
-9999 -9999 -9999 -9999 -9999 -9999 -9999 -9999 -9999 -9999 -9999 -9999 -9999 -9999 -9999 -9999 -9999 -9999 -9999 -9999 -9999 -9999 -9999 -9999 -9999 -9999 -9999 -9999 -9999 -9999 -9999 -9999 -9999 -9999 -9999 -9999 -9999 -9999 305 313 317 321 325 327 329 331 -9999 -9999 336 337 338 338 339 339 340 340 341 341 342 343 343 344 344 344 344 343 345 345 345 347 349 349 350 350 351 351 351 352 352 352 353 352 353 354 353 354 355 355 355 355 356 356 355 354
-9999 -9999 -9999 -9999 -9999 -9999 -9999 -9999 -9999 -9999 -9999 -9999 -9999 -9999 -9999 -9999 -9999 -9999 -9999 -9999 -9999 -9999 -9999 -9999 -9999 -9999 -9999 -9999 -9999 -9999 -9999 -9999 -9999 -9999 -9999 -9999 -9999 -9999 -9999 -9999 316 320 323 326 329 331 -9999 -9999 335 336 336 337 337 338 338 339 340 340 341 342 341 342 344 344 344 344 344 345 346 347 347 348 349 350 350 350 351 352 351 352 352 352 352 353 353 354 354 354 355 355 355 355 354 354
-9999 -9999 -9999 -9999 -9999 -9999 -9999 -9999 -9999 -9999 -9999 -9999 -9999 -9999 -9999 -9999 -9999 -9999 -9999 -9999 -9999 -9999 -9999 -9999 -9999 -9999 -9999 -9999 -9999 -9999 -9999 -9999 -9999 -9999 -9999 -9999 -9999 -9999 -9999 -9999 313 318 321 325 327 329 -9999 -9999 334 334 334 335 336 336 337 338 339 339 340 341 342 342 343 344 344 343 345 345 346 346 347 348 349 349 349 350 351 351 352 352 353 352 352 353 353 353 354 354 354 354 354 353 354 354
-9999 -9999 -9999 -9999 -9999 -9999 -9999 -9999 -9999 -9999 -9999 -9999 -9999 -9999 -9999 -9999 -9999 -9999 -9999 -9999 -9999 -9999 -9999 -9999 -9999 -9999 -9999 -9999 -9999 -9999 -9999 -9999 -9999 -9999 -9999 -9999 -9999 -9999 -9999 -9999 -9999 -9999 320 323 326 328 -9999 -9999 332 332 333 333 334 335 336 337 338 338 339 340 341 342 342 343 344 344 344 344 346 347 347 348 349 349 349 349 351 351 352 352 352 352 352 352 352 352 353 354 354 353 353 353 353 352
-9999 -9999 -9999 -9999 -9999 -9999 -9999 -9999 -9999 -9999 -9999 -9999 -9999 -9999 -9999 -9999 -9999 -9999 -9999 -9999 -9999 -9999 -9999 -9999 -9999 -9999 -9999 -9999 -9999 -9999 -9999 -9999 -9999 -9999 -9999 -9999 -9999 -9999 -9999 -9999 -9999 -9999 318 321 324 327 -9999 -9999 329 330 330 331 332 333 334 335 336 337 339 339 340 341 342 343 343 344 345 345 345 347 346 347 348 348 349 348 349 351 351 352 352 352 352 353 352 353 353 353 353 352 352 350 352 349
-9999 -9999 -9999 -9999 -9999 -9999 -9999 -9999 -9999 -9999 -9999 -9999 -9999 -9999 -9999 -9999 -9999 -9999 -9999 -9999 -9999 -9999 -9999 -9999 -9999 -9999 -9999 -9999 -9999 -9999 -9999 -9999 -9999 -9999 -9999 -9999 -9999 -9999 -9999 -9999 -9999 -9999 315 320 323 326 -9999 -9999 -9999 -9999 328 329 330 331 333 334 335 336 338 339 338 341 341 342 343 344 344 344 345 345 346 346 348 347 348 349 348 351 351 352 352 352 352 352 353 352 353 353 351 350 352 351 349 347
-9999 -9999 -9999 -9999 -9999 -9999 -9999 -9999 -9999 -9999 -9999 -9999 -9999 -9999 -9999 -9999 -9999 -9999 -9999 -9999 -9999 -9999 -9999 -9999 -9999 -9999 -9999 -9999 -9999 -9999 -9999 -9999 -9999 -9999 -9999 -9999 -9999 -9999 -9999 -9999 -9999 -9999 313 318 321 323 -9999 -9999 -9999 -9999 325 327 329 330 332 333 334 336 337 338 337 337 340 340 342 343 344 344 345 346 346 347 348 348 348 348 349 350 350 351 352 351 353 353 351 352 352 353 353 352 352 349 344 345
-9999 -9999 -9999 -9999 -9999 -9999 -9999 -9999 -9999 -9999 -9999 -9999 -9999 -9999 -9999 -9999 -9999 -9999 -9999 -9999 -9999 -9999 -9999 -9999 -9999 -9999 -9999 -9999 -9999 -9999 -9999 -9999 -9999 -9999 -9999 -9999 -9999 -9999 -9999 -9999 -9999 -9999 309 315 318 318 -9999 -9999 -9999 -9999 322 325 327 329 331 332 333 335 336 336 337 339 338 340 342 343 343 344 345 345 346 347 348 348 348 349 350 350 349 350 350 348 352 351 353 352 352 352 353 353 352 350 348 345
-9999 -9999 -9999 -9999 -9999 -9999 -9999 -9999 -9999 -9999 -9999 -9999 -9999 -9999 -9999 -9999 -9999 -9999 -9999 -9999 -9999 -9999 -9999 -9999 -9999 -9999 -9999 -9999 -9999 -9999 -9999 -9999 -9999 -9999 -9999 -9999 -9999 -9999 -9999 -9999 -9999 -9999 301 309 311 311 -9999 -9999 -9999 -9999 319 322 325 327 329 331 333 334 336 337 338 338 339 341 341 342 343 344 345 346 346 346 348 348 348 347 348 350 349 349 348 349 349 353 352 351 352 352 353 353 353 352 352 352
-9999 -9999 -9999 -9999 -9999 -9999 -9999 -9999 -9999 -9999 -9999 -9999 -9999 -9999 -9999 -9999 -9999 -9999 -9999 -9999 -9999 -9999 -9999 -9999 -9999 -9999 -9999 -9999 -9999 -9999 -9999 -9999 -9999 -9999 -9999 -9999 -9999 -9999 -9999 -9999 -9999 -9999 -9999 -9999 -9999 -9999 -9999 -9999 -9999 -9999 316 320 323 326 329 331 332 334 335 336 337 337 340 341 341 343 343 344 344 345 346 347 347 346 347 347 348 349 348 348 349 349 350 352 352 352 352 353 352 353 353 352 353 353
-9999 -9999 -9999 -9999 -9999 -9999 -9999 -9999 -9999 -9999 -9999 -9999 -9999 -9999 -9999 -9999 -9999 -9999 -9999 -9999 -9999 -9999 -9999 -9999 -9999 -9999 -9999 -9999 -9999 -9999 -9999 -9999 -9999 -9999 -9999 -9999 -9999 -9999 -9999 -9999 -9999 -9999 -9999 -9999 -9999 -9999 -9999 -9999 -9999 -9999 314 320 323 326 328 330 332 334 335 336 336 337 339 339 341 342 343 343 343 345 346 347 347 347 347 349 349 349 349 350 348 350 350 352 352 352 352 353 353 353 352 353 353 353
-9999 -9999 -9999 -9999 -9999 -9999 -9999 -9999 -9999 -9999 -9999 -9999 -9999 -9999 -9999 -9999 -9999 -9999 -9999 -9999 -9999 -9999 -9999 -9999 -9999 -9999 -9999 -9999 -9999 -9999 -9999 -9999 -9999 -9999 -9999 -9999 -9999 -9999 -9999 -9999 -9999 -9999 -9999 -9999 -9999 -9999 284 299 304 310 315 320 323 325 328 330 332 334 335 335 335 338 339 338 341 342 343 341 343 345 346 347 347 346 345 348 349 349 349 350 350 351 351 352 351 352 352 353 352 353 353 353 353 353
-9999 -9999 -9999 -9999 -9999 -9999 -9999 -9999 -9999 -9999 -9999 -9999 -9999 -9999 -9999 -9999 -9999 -9999 -9999 -9999 -9999 -9999 -9999 -9999 -9999 -9999 -9999 -9999 -9999 -9999 -9999 -9999 -9999 -9999 -9999 -9999 -9999 -9999 -9999 -9999 -9999 -9999 -9999 -9999 -9999 -9999 304 309 313 315 316 322 325 326 328 331 332 333 335 335 337 337 338 339 341 342 343 342 344 345 346 346 347 346 345 348 348 349 348 349 350 350 351 351 352 351 353 352 353 352 352 353 353 353
-9999 -9999 -9999 -9999 -9999 -9999 -9999 -9999 -9999 -9999 -9999 -9999 -9999 -9999 -9999 -9999 -9999 -9999 -9999 -9999 -9999 -9999 -9999 -9999 -9999 -9999 -9999 -9999 -9999 -9999 -9999 -9999 -9999 -9999 -9999 -9999 -9999 -9999 -9999 -9999 -9999 -9999 -9999 291 302 305 312 315 318 319 322 324 325 328 330 331 333 334 334 334 338 339 340 340 341 342 343 344 345 345 346 347 347 347 348 348 348 347 349 348 350 351 351 352 352 352 352 352 352 352 352 352 352 353
-9999 -9999 -9999 -9999 -9999 -9999 -9999 -9999 -9999 -9999 -9999 -9999 -9999 -9999 -9999 -9999 -9999 -9999 -9999 -9999 -9999 -9999 -9999 -9999 -9999 -9999 -9999 -9999 -9999 -9999 -9999 -9999 -9999 -9999 -9999 -9999 -9999 -9999 -9999 -9999 -9999 -9999 299 306 311 314 316 319 322 322 325 326 328 329 331 332 333 335 335 336 338 339 340 341 342 343 343 344 345 345 346 347 347 347 348 348 348 349 349 350 350 351 351 351 351 352 352 352 352 352 352 351 353 352
-9999 -9999 -9999 -9999 -9999 -9999 -9999 -9999 -9999 -9999 -9999 -9999 -9999 -9999 -9999 -9999 -9999 -9999 -9999 -9999 -9999 -9999 -9999 -9999 -9999 -9999 -9999 -9999 -9999 -9999 -9999 -9999 -9999 -9999 -9999 -9999 -9999 -9999 -9999 -9999 302 306 309 313 316 318 320 322 324 326 326 327 329 330 332 332 334 335 336 337 338 339 340 341 342 343 343 344 343 345 346 346 345 346 345 347 349 349 349 349 350 350 350 351 351 351 352 352 349 352 352 352 352 352
-9999 -9999 -9999 -9999 -9999 -9999 -9999 -9999 -9999 -9999 -9999 -9999 -9999 -9999 -9999 -9999 -9999 -9999 -9999 -9999 -9999 -9999 -9999 -9999 -9999 -9999 -9999 -9999 -9999 -9999 -9999 -9999 -9999 -9999 -9999 -9999 -9999 -9999 -9999 299 308 314 316 318 319 321 322 324 326 327 329 330 331 332 332 334 335 336 337 338 339 340 341 341 341 341 341 342 343 343 342 346 346 345 347 347 348 348 349 349 349 350 350 350 350 351 351 351 351 352 351 349 352 351
-9999 -9999 -9999 -9999 -9999 -9999 -9999 -9999 -9999 -9999 -9999 -9999 -9999 -9999 -9999 -9999 -9999 -9999 -9999 -9999 -9999 -9999 -9999 -9999 -9999 -9999 -9999 -9999 -9999 -9999 -9999 -9999 -9999 -9999 -9999 -9999 -9999 -9999 304 308 313 317 319 322 323 324 325 326 328 329 331 332 333 333 334 335 336 337 338 339 339 340 341 340 340 342 342 342 342 342 346 344 344 344 346 347 347 348 348 348 349 349 350 349 350 350 350 351 349 350 350 349 350 351
-9999 -9999 -9999 -9999 -9999 -9999 -9999 -9999 -9999 -9999 -9999 -9999 -9999 -9999 -9999 -9999 -9999 -9999 -9999 -9999 -9999 -9999 -9999 -9999 -9999 -9999 -9999 -9999 -9999 -9999 -9999 -9999 -9999 -9999 -9999 -9999 -9999 -9999 313 315 317 319 323 325 325 327 328 328 329 331 332 333 334 335 335 336 337 337 339 339 340 340 341 342 342 343 344 342 342 344 345 345 343 344 344 345 347 347 347 348 348 349 349 349 350 350 349 347 349 350 350 348 347 347
-9999 -9999 -9999 -9999 -9999 -9999 -9999 -9999 -9999 -9999 -9999 -9999 -9999 -9999 -9999 -9999 -9999 -9999 -9999 -9999 -9999 -9999 -9999 -9999 -9999 -9999 -9999 -9999 -9999 -9999 -9999 -9999 -9999 -9999 -9999 -9999 -9999 -9999 311 316 320 323 324 326 327 329 329 330 331 333 334 334 335 336 336 337 337 338 339 340 341 340 340 340 340 341 341 343 342 344 344 344 344 343 344 345 346 346 347 347 348 348 349 348 349 349 348 349 348 349 350 348 349 345
-9999 -9999 -9999 -9999 -9999 -9999 -9999 -9999 -9999 -9999 -9999 -9999 -9999 -9999 -9999 -9999 -9999 -9999 -9999 -9999 -9999 -9999 -9999 -9999 -9999 -9999 -9999 -9999 -9999 -9999 -9999 -9999 -9999 -9999 -9999 -9999 -9999 -9999 306 313 317 321 323 324 327 329 330 332 333 334 335 335 336 337 337 337 338 337 338 339 340 340 339 340 339 340 342 342 342 343 343 343 342 343 344 344 345 346 346 347 347 348 348 348 348 346 348 347 348 348 349 349 349 350
-9999 -9999 -9999 -9999 -9999 -9999 -9999 -9999 -9999 -9999 -9999 -9999 -9999 -9999 -9999 -9999 -9999 -9999 -9999 -9999 -9999 -9999 -9999 -9999 -9999 -9999 -9999 -9999 -9999 -9999 -9999 -9999 -9999 -9999 -9999 -9999 -9999 -9999 299 309 314 318 321 324 326 327 329 331 332 334 335 335 335 335 335 335 337 336 336 337 338 338 338 338 339 339 338 340 342 342 342 341 341 342 343 344 344 345 346 346 347 347 347 346 344 347 347 346 346 346 348 347 349 350
-9999 -9999 -9999 -9999 -9999 -9999 -9999 -9999 -9999 -9999 -9999 -9999 -9999 -9999 -9999 -9999 -9999 -9999 -9999 -9999 -9999 -9999 -9999 -9999 -9999 -9999 -9999 -9999 -9999 -9999 -9999 -9999 -9999 -9999 -9999 -9999 -9999 -9999 290 302 311 315 319 322 325 327 328 329 331 333 333 333 334 334 334 334 335 336 336 336 336 336 336 338 338 338 339 340 340 341 341 341 341 342 342 343 344 344 345 346 346 346 346 346 346 345 345 346 346 347 346 347 347 348
-9999 -9999 -9999 -9999 -9999 -9999 -9999 -9999 -9999 -9999 -9999 -9999 -9999 -9999 -9999 -9999 -9999 -9999 -9999 -9999 -9999 -9999 -9999 -9999 -9999 -9999 -9999 -9999 -9999 -9999 -9999 -9999 -9999 -9999 -9999 -9999 -9999 -9999 -9999 -9999 307 314 317 321 323 324 327 329 330 331 332 332 332 332 333 333 334 334 334 335 335 335 336 337 338 339 339 339 339 341 340 340 341 341 342 343 343 344 344 345 345 345 345 345 345 345 344 346 346 346 346 346 347 349
