sesion_6_simulaciones/modelos_agentes/ejemplos_netlogo/scenarios/cgcm2_b2/rob_2060.asc
NCOLS 322 
NROWS 307 
XLLCORNER 451900 
YLLCORNER 4086900 
CELLSIZE 100 
NODATA_value -9999 
[rows 148 to 221 of 307, columns 0 to 95 of 322]
0 8 6 5 10 17 14 8 3 2 3 46 33 37 33 36 54 39 28 38 14 21 4 2 0 0 0 1 0 0 1 0 0 1 0 1 1 2 1 2 8 10 9 7 14 6 17 17 10 20 10 13 26 8 17 30 27 14 8 28 39 41 32 25 37 50 55 32 39 69 66 57 34 44 66 77 25 21 20 36 33 28 12 19 52 39 12 8 32 27 20 25 43 38 21 42
3 9 9 13 18 25 15 29 25 5 8 23 34 53 55 63 71 37 41 41 38 28 5 12 2 0 0 0 0 1 4 2 0 1 0 1 1 1 1 2 4 3 2 5 12 51 22 17 7 9 6 18 20 19 5 6 6 4 26 20 19 54 34 24 35 59 54 54 56 67 37 18 14 51 37 34 61 14 16 41 38 22 28 19 9 42 19 11 8 15 6 29 17 41 26 10
1 1 3 20 12 36 28 6 15 27 11 16 71 70 70 41 75 60 57 65 41 12 7 4 5 2 0 1 1 1 0 4 1 3 4 3 1 3 4 3 2 2 5 24 40 23 14 11 8 8 8 11 12 12 23 18 23 24 26 28 42 53 27 24 57 55 66 72 50 11 55 33 31 46 67 26 31 9 3 10 23 24 17 29 13 15 35 24 10 12 7 6 11 13 20 7
0 1 2 2 2 2 2 4 6 5 17 7 22 58 59 51 77 74 67 13 5 5 13 9 20 11 3 1 1 0 1 1 16 11 11 21 26 3 1 4 9 14 35 29 9 10 5 10 6 5 13 12 13 11 14 12 29 31 32 37 58 49 45 30 56 75 59 47 77 38 18 56 58 30 36 12 25 43 19 9 11 19 22 12 17 9 13 36 24 12 11 5 4 12 16 13
7 2 1 1 2 2 3 6 7 10 6 21 11 6 4 5 7 6 11 14 8 31 28 21 42 8 28 5 5 4 3 3 12 1 0 0 3 24 2 1 10 5 11 17 14 25 26 34 15 7 13 13 18 16 5 16 22 53 29 51 55 61 71 88 84 69 63 37 42 84 40 33 31 39 22 6 12 12 38 24 12 13 25 19 12 15 10 12 29 9 8 7 2 2 6 6
9 8 6 3 4 3 3 9 1 3 15 13 11 17 11 11 8 19 28 40 66 43 68 33 26 13 11 9 6 21 10 1 0 1 1 0 1 2 10 2 1 38 5 8 13 8 4 8 21 12 21 28 27 20 6 13 21 40 65 53 77 65 77 78 76 78 68 22 37 68 73 53 36 22 31 19 14 10 21 13 21 13 12 19 13 10 8 9 40 21 5 4 5 2 7 7
32 12 27 17 11 11 15 3 4 3 5 9 10 31 32 10 4 16 46 50 65 81 56 72 42 30 37 32 13 15 45 24 7 1 2 2 5 5 4 10 1 24 8 7 19 3 5 9 6 26 31 43 53 40 39 20 28 43 65 63 45 37 74 77 75 66 68 50 36 52 79 27 34 20 14 11 20 6 20 35 14 19 17 9 8 7 8 6 10 8 15 4 3 2 1 2
47 33 43 22 34 19 16 21 3 3 7 5 29 20 8 24 17 13 11 50 65 57 49 59 40 31 39 30 16 4 15 58 47 25 16 5 6 8 8 12 5 24 48 14 18 10 5 5 6 12 11 15 31 8 13 42 28 55 40 22 21 23 29 54 51 21 31 18 48 61 57 51 27 22 25 9 10 13 13 26 21 12 16 11 6 7 6 5 5 5 7 9 5 2 2 1
20 43 31 56 64 35 15 49 8 3 6 7 7 9 23 27 17 29 20 11 16 47 56 16 26 50 22 49 24 4 4 6 30 55 38 16 10 9 7 11 11 28 52 11 16 16 13 18 22 26 25 31 21 21 25 23 38 67 51 47 50 47 22 14 8 26 23 26 19 33 34 54 57 28 13 8 10 13 15 21 22 34 7 9 6 4 4 2 3 5 4 1 7 3 1 1
56 73 53 73 56 16 42 69 16 15 15 6 23 48 38 19 37 26 26 14 16 17 12 47 28 10 16 45 54 16 13 9 6 49 49 39 40 30 27 35 31 16 55 52 17 11 18 23 23 25 36 54 24 38 45 24 17 40 49 39 34 24 13 22 23 7 3 15 36 39 41 52 26 27 13 11 15 13 20 14 16 12 15 5 5 4 2 1 2 2 3 2 2 3 1 0
37 76 29 77 29 59 60 64 10 25 30 12 10 8 23 26 30 59 53 64 19 13 18 19 19 16 25 67 24 69 21 33 25 48 18 38 37 70 35 27 36 17 44 56 59 18 14 12 32 22 23 19 16 35 43 20 36 70 68 72 32 43 49 39 35 15 14 20 26 28 26 35 27 16 23 6 11 20 15 18 9 6 10 7 2 2 1 0 1 2 2 3 2 2 2 1
10 66 47 60 60 68 63 18 28 48 39 25 19 13 13 9 13 25 27 61 36 9 16 21 58 56 48 57 19 64 65 19 21 28 57 63 50 72 83 42 35 12 21 53 57 42 35 20 33 9 8 13 44 41 30 26 34 28 21 24 19 34 54 47 45 32 31 30 20 24 24 22 15 21 6 9 9 13 7 5 6 5 3 5 6 4 2 4 2 1 1 1 2 2 1 1
11 10 8 49 63 62 20 25 61 34 51 63 41 30 14 19 26 25 34 17 28 48 42 14 47 49 57 64 65 30 81 75 32 13 35 77 72 55 47 62 61 14 26 60 73 75 29 24 27 25 18 16 65 30 79 79 78 63 81 68 46 25 33 31 32 28 30 30 26 14 16 22 17 20 9 13 6 7 6 7 4 4 3 6 3 2 3 3 1 2 2 1 1 1 0 0
10 50 29 21 14 38 30 70 72 44 42 54 22 40 11 27 19 21 33 23 29 31 32 14 58 66 59 81 73 55 73 84 74 43 34 10 29 55 38 19 26 17 11 79 78 72 55 55 39 59 81 88 74 44 40 72 64 35 37 57 55 36 45 34 31 23 20 34 25 11 12 12 14 14 9 10 8 9 5 4 3 3 1 2 2 1 2 1 1 1 1 1 0 0 0 1
30 35 24 44 36 16 51 81 68 74 11 41 60 55 70 31 50 21 17 16 19 9 37 61 82 58 82 87 72 71 47 61 78 49 47 24 55 72 80 83 65 43 26 35 79 64 50 85 51 54 77 77 81 48 30 79 85 53 40 29 68 67 25 53 34 32 20 21 18 13 15 11 11 8 7 7 6 5 4 2 1 1 2 1 2 1 1 1 1 1 0 0 0 0 0 0
24 23 54 29 25 9 42 67 48 77 26 38 69 54 72 48 25 39 29 43 47 51 16 51 66 73 82 83 59 82 65 81 72 74 71 75 67 76 81 71 15 54 61 28 12 49 53 73 55 48 71 66 69 73 38 46 73 89 61 44 54 33 34 31 37 45 41 30 19 9 18 9 5 5 4 2 4 2 1 1 1 1 1 1 1 0 0 0 0 0 0 1 1 1 1 1
20 15 7 22 33 33 13 78 25 26 27 44 51 11 39 53 30 34 28 62 61 33 33 18 54 83 77 83 63 86 71 73 67 58 71 72 83 76 76 82 75 53 20 17 7 10 56 64 44 19 31 66 73 76 74 80 83 79 86 45 31 37 34 39 35 34 41 17 13 18 8 5 5 4 1 1 1 1 2 2 3 1 1 0 1 1 2 2 4 1 2 4 2 4 3 2
8 18 37 29 17 13 14 33 40 37 60 55 63 62 27 50 34 54 18 15 34 69 43 27 13 32 37 69 68 39 16 19 15 32 31 31 73 54 59 70 72 59 44 17 6 11 53 53 41 33 24 20 45 77 76 68 54 55 79 73 33 22 30 31 34 30 14 20 11 5 5 5 5 3 2 1 1 1 1 1 2 3 2 4 5 9 10 8 4 3 4 10 9 13 10 4
16 13 13 12 23 17 21 18 20 18 36 66 66 72 18 15 26 59 60 37 30 25 47 16 29 37 29 30 18 26 42 30 43 39 61 36 30 27 24 25 20 36 26 12 12 16 39 44 54 32 31 29 7 42 38 49 51 61 41 55 49 25 49 46 36 19 17 10 9 6 5 5 2 1 2 2 1 0 1 2 11 12 8 14 17 20 16 27 16 16 37 35 18 29 12 7
9 11 16 39 32 34 31 25 30 29 42 9 14 19 30 39 25 17 62 63 54 29 32 11 29 56 53 44 30 34 52 59 32 61 32 26 27 35 36 34 22 14 20 18 32 31 54 51 54 44 27 14 17 17 22 48 21 15 13 40 22 29 27 17 23 12 7 10 8 3 3 2 2 2 3 3 3 1 9 11 21 22 23 30 32 49 47 31 29 32 11 4 6 5 7 20
13 20 36 20 20 27 28 18 34 56 16 21 42 40 22 42 8 13 17 26 33 24 19 19 34 28 45 38 61 23 53 40 35 41 29 26 37 59 27 56 34 18 13 11 12 21 31 47 38 39 24 38 36 23 31 29 28 22 26 34 50 41 22 7 11 10 8 3 4 2 2 13 12 6 6 9 3 6 16 38 55 43 44 67 57 49 47 31 40 37 13 3 2 2 3 13
31 55 51 60 25 22 25 21 37 45 25 27 41 40 35 19 24 22 40 39 25 29 37 22 32 28 25 46 25 28 43 39 43 34 25 28 23 46 22 56 40 30 22 8 5 4 18 21 66 62 35 29 61 32 16 37 44 56 49 36 39 21 11 8 8 6 2 2 6 5 13 23 29 11 15 18 10 20 43 52 67 81 45 72 50 44 35 36 30 23 13 10 2 1 1 2
10 9 6 8 12 12 38 33 50 26 31 16 29 49 18 8 15 20 23 20 11 9 9 21 29 24 19 26 32 37 35 37 21 28 21 9 33 23 39 55 31 34 47 22 24 11 7 21 25 50 33 44 34 16 19 32 32 27 20 11 10 6 3 2 2 1 6 15 26 18 32 45 42 26 39 24 14 32 58 58 83 65 48 40 24 4 4 19 7 9 5 3 3 1 1 3
13 23 16 32 25 33 20 32 32 29 10 14 25 31 37 34 39 16 15 15 19 6 10 27 54 42 26 23 35 20 16 34 66 34 21 13 31 19 56 19 45 26 35 31 18 10 15 18 12 26 35 28 13 21 19 16 41 15 9 7 4 12 13 18 7 14 21 38 38 38 37 53 35 34 42 36 27 43 62 72 72 53 30 20 15 6 6 6 9 3 2 2 1 1 0 1
10 11 11 26 43 11 13 17 17 25 21 15 38 26 57 37 27 45 34 25 53 23 29 25 45 54 27 49 16 24 34 24 55 54 31 21 24 36 36 16 20 20 30 35 14 23 16 10 11 16 17 24 20 20 20 17 9 4 4 18 16 30 30 29 21 23 39 46 62 61 44 59 58 57 42 55 56 61 64 64 55 67 36 21 9 9 6 3 13 5 1 1 0 1 1 1
12 8 14 23 12 13 12 27 35 24 33 41 36 26 21 21 62 60 34 37 38 29 44 21 29 45 56 37 18 19 14 18 20 18 30 41 11 15 42 36 31 38 27 18 28 19 20 18 12 16 19 22 34 24 14 11 13 17 25 44 37 36 50 37 29 44 49 51 66 49 56 65 76 44 50 57 64 70 79 56 24 18 19 22 15 8 4 2 2 2 1 1 1 0 1 1
9 16 20 14 7 42 31 21 48 61 67 60 55 63 32 17 22 44 36 46 11 30 54 24 32 27 43 57 33 50 32 26 20 22 40 53 20 33 40 48 41 10 10 19 15 19 10 9 16 22 22 38 28 19 24 15 23 26 48 44 40 40 51 40 35 47 55 40 68 61 49 75 60 48 55 75 64 68 29 81 54 51 21 11 14 9 5 5 1 1 0 0 0 0 0 0
8 11 14 11 7 8 14 24 25 35 46 66 50 48 60 18 31 29 19 18 22 48 55 32 17 22 12 31 19 25 19 20 31 30 46 39 21 37 47 46 33 16 7 7 13 14 17 31 18 18 34 24 19 38 22 21 32 50 50 56 49 47 49 38 41 66 67 53 70 66 66 66 81 79 59 63 70 68 28 23 46 55 33 23 8 5 4 5 2 1 1 0 0 0 0 0
8 8 30 8 21 6 12 11 23 30 11 14 13 13 22 34 32 29 58 24 37 53 31 41 10 40 17 41 17 13 22 26 27 24 32 26 27 27 37 40 31 15 5 11 14 15 21 22 22 23 25 39 27 23 21 36 48 47 45 48 45 35 55 50 53 70 66 67 66 85 75 69 64 75 27 26 18 50 56 31 17 35 18 10 6 4 5 1 1 2 1 0 0 0 0 0
7 24 19 52 5 50 40 4 22 15 30 16 41 24 33 27 32 23 22 25 15 36 16 24 18 15 17 21 10 25 27 21 22 25 26 18 23 17 24 39 26 21 22 28 37 16 27 18 34 44 41 54 41 24 39 42 44 55 36 42 63 48 61 65 54 70 56 75 38 56 83 81 77 64 75 58 40 17 12 25 18 11 23 18 12 9 7 8 3 1 1 1 1 0 0 0
43 21 9 20 40 18 9 22 21 24 14 29 16 16 42 21 23 5 20 28 24 9 18 21 14 9 13 5 10 6 8 17 16 43 12 14 15 22 22 9 15 26 10 16 14 24 11 25 39 51 45 45 39 38 36 55 45 54 51 45 52 61 52 58 65 71 51 49 79 37 77 79 58 74 79 82 64 59 55 37 30 19 7 4 8 12 5 6 2 1 1 0 0 0 0 0
26 67 23 35 7 14 10 19 13 13 35 11 16 37 45 52 55 17 18 39 19 13 5 9 21 7 8 7 7 4 6 17 19 21 9 12 12 12 34 22 14 26 13 48 23 23 25 20 44 50 35 33 35 35 34 38 60 52 47 67 65 76 58 52 63 26 44 42 42 53 39 70 47 60 74 78 79 87 70 54 51 58 52 29 7 5 6 5 2 1 1 0 0 0 0 0
9 18 11 12 23 27 13 11 13 17 25 12 33 14 10 13 9 16 17 24 37 10 18 12 12 6 5 3 4 7 8 14 9 10 11 8 12 22 30 21 13 11 25 47 11 36 26 29 35 56 27 31 32 33 32 37 53 61 48 61 75 46 42 73 73 65 47 32 21 8 18 19 33 34 60 71 65 69 74 52 70 54 42 14 8 9 7 4 4 1 1 0 0 0 0 0
8 10 22 17 15 21 17 9 3 16 2 4 11 13 45 20 37 13 14 15 23 10 8 11 9 8 10 5 3 4 8 6 7 13 3 3 7 27 14 13 8 16 17 31 27 21 26 30 39 33 20 35 26 28 39 28 55 68 71 59 62 72 29 12 11 18 25 45 38 29 15 12 6 17 30 55 42 67 79 39 54 71 39 21 14 6 6 5 3 1 1 1 0 0 0 0
5 27 14 8 9 12 8 6 3 3 4 7 6 18 19 13 19 19 18 18 11 20 5 16 8 7 13 2 3 6 3 4 11 6 9 14 15 28 4 4 10 20 18 26 22 16 19 21 26 18 36 49 40 45 46 42 57 53 52 35 38 61 26 26 48 63 69 54 54 40 34 43 15 5 11 37 30 59 71 56 37 33 29 19 11 9 8 4 3 2 1 1 1 0 0 0
4 9 9 10 10 8 6 3 1 1 2 5 10 4 8 13 12 15 6 3 2 3 5 3 2 11 6 3 5 3 2 2 7 4 1 4 9 11 8 9 12 13 24 30 11 14 21 18 29 32 52 73 53 75 68 82 67 56 63 36 25 10 65 49 19 54 71 54 58 60 60 41 20 16 7 7 9 23 52 29 20 10 6 12 4 6 2 2 2 3 2 1 1 0 0 0
9 1 3 7 2 4 2 0 1 0 0 0 1 2 9 4 3 4 6 3 2 1 2 2 1 2 2 2 5 2 0 1 1 2 3 2 8 6 4 9 15 32 59 73 51 51 39 35 33 20 73 37 78 70 55 64 40 45 61 71 24 21 21 78 32 31 46 68 51 45 66 69 72 39 25 9 4 2 3 3 4 4 3 7 7 2 2 1 1 2 1 1 1 0 0 0
0 1 2 1 1 1 1 0 0 1 4 0 1 1 1 4 3 2 3 2 2 2 2 2 1 1 1 2 1 1 0 0 1 6 22 21 29 40 52 57 57 72 43 76 60 69 67 14 42 62 29 28 60 54 61 66 42 69 73 54 48 33 15 52 72 28 10 34 62 74 62 57 32 30 36 27 10 4 6 1 4 4 3 2 5 5 1 1 1 1 1 0 0 0 0 0
0 1 1 0 0 0 2 10 19 2 5 3 11 1 0 2 2 1 1 1 1 0 1 0 1 1 4 5 4 1 0 1 1 1 2 18 32 51 45 51 50 72 48 52 72 70 72 33 23 29 78 53 23 50 20 34 32 68 81 63 55 44 29 31 83 39 38 19 40 57 78 24 11 22 24 38 25 19 15 7 4 2 1 1 2 4 2 1 1 0 0 0 0 0 0 0
1 2 2 2 3 8 13 5 7 9 10 4 5 3 1 1 1 0 1 0 0 0 5 3 8 8 2 1 4 1 0 5 3 2 3 4 8 46 55 58 45 39 32 32 62 75 84 83 29 33 53 59 38 24 48 16 49 56 78 72 24 35 27 15 80 57 27 24 24 74 72 83 43 31 23 13 9 6 4 5 8 6 3 1 1 1 3 1 1 1 0 1 0 0 0 0
5 5 3 19 10 14 18 29 26 26 9 9 10 4 3 1 0 1 0 1 0 0 0 1 1 3 8 6 2 2 2 2 3 6 1 4 15 38 50 67 51 28 19 28 43 76 83 83 86 82 29 40 37 37 25 15 35 59 69 73 27 33 38 30 54 86 60 38 20 11 16 41 19 22 14 31 19 7 5 3 3 3 3 2 1 0 1 1 1 1 0 0 0 0 0 0
6 11 15 17 27 25 36 18 43 36 17 31 22 8 24 11 9 3 1 0 0 0 0 0 1 1 2 10 1 1 2 1 7 5 9 9 9 9 5 3 49 49 16 33 24 31 57 63 81 86 77 48 49 62 38 51 33 64 77 64 66 25 44 37 27 79 89 67 47 17 10 12 40 24 14 12 17 19 7 4 2 2 2 3 2 1 0 1 1 1 0 0 0 0 0 0
1 1 3 26 39 28 63 68 69 66 48 42 21 34 49 32 14 5 9 3 1 1 1 1 1 4 10 3 2 2 2 6 13 7 9 17 15 13 11 11 10 21 20 20 14 30 66 39 70 79 88 56 48 47 60 56 11 56 71 68 65 48 35 32 18 69 79 80 53 44 8 4 28 47 18 4 5 4 8 2 3 2 2 1 2 1 0 0 1 1 0 0 0 0 0 0
3 4 6 42 47 64 70 62 57 77 83 54 63 57 59 44 21 26 19 10 4 1 2 4 10 34 26 4 1 3 4 7 5 9 6 13 13 19 26 15 10 11 11 9 26 32 50 42 14 65 79 85 46 35 47 23 19 15 44 53 83 76 20 24 42 52 53 76 29 40 28 5 7 26 19 11 6 5 7 6 3 2 1 1 1 1 0 0 0 0 0 0 0 0 0 0
1 3 2 3 3 5 20 28 32 13 40 72 85 74 68 35 29 49 25 15 21 2 3 2 2 3 26 39 7 2 5 7 7 16 13 10 17 17 29 17 25 35 29 22 17 10 57 59 44 32 57 76 63 33 15 14 34 12 20 49 46 43 30 23 26 40 23 71 25 31 21 23 3 11 12 17 12 8 7 5 4 2 1 1 0 1 1 0 0 0 0 0 0 0 0 0
1 1 3 11 15 21 61 25 26 19 24 20 63 81 84 62 55 53 21 29 10 19 6 16 11 4 2 5 8 4 2 7 12 26 8 10 8 14 28 24 21 23 17 19 33 32 31 12 39 65 37 47 14 17 9 24 19 30 22 24 47 54 39 28 12 14 13 52 58 16 8 14 14 3 7 5 11 4 3 2 2 2 1 1 0 0 0 0 0 0 0 0 0 0 0 0
1 2 1 1 6 5 14 18 14 27 15 4 14 40 65 78 75 24 5 5 6 27 13 27 14 12 8 3 3 7 5 40 28 11 43 19 19 23 28 18 24 40 50 36 44 30 37 21 23 21 67 43 36 24 17 13 23 28 19 23 40 59 40 23 19 14 21 39 58 36 13 6 19 10 5 1 2 5 3 3 1 1 1 1 1 0 0 0 0 0 0 0 0 0 0 0
2 0 1 4 9 13 8 9 12 20 27 18 40 15 15 22 33 17 8 14 32 6 11 19 53 51 6 8 5 41 17 17 48 37 57 21 65 27 20 19 24 27 25 38 31 36 36 25 26 28 26 37 24 25 28 22 18 25 12 6 13 20 29 27 28 18 15 21 29 35 16 17 19 7 9 3 1 3 3 1 2 0 1 0 0 0 0 0 0 0 0 0 0 0 0 0
13 2 11 3 4 9 9 14 21 32 20 23 8 27 38 22 29 21 10 19 4 19 20 13 6 17 21 33 29 6 13 34 30 13 21 22 11 50 17 26 27 36 17 24 17 19 19 28 32 35 19 11 36 41 28 36 21 18 16 15 9 15 32 15 15 13 8 11 18 28 7 9 6 4 4 3 1 1 2 3 1 1 0 0 0 0 0 0 0 0 0 0 0 0 0 0
24 20 1 1 9 3 24 46 11 11 25 21 18 44 15 28 12 10 6 5 8 15 14 17 15 10 14 17 8 15 6 40 17 35 30 48 9 21 38 13 19 34 27 39 38 15 22 27 21 33 14 24 7 16 15 44 15 20 15 24 14 15 5 5 3 2 1 3 5 6 4 1 6 4 2 5 3 2 2 1 1 1 1 0 0 0 0 0 0 0 0 0 0 0 0 0
24 19 48 8 7 23 3 3 31 33 9 28 12 37 15 28 23 12 10 20 29 34 18 9 18 22 15 20 46 47 32 8 8 13 31 21 18 5 49 32 30 24 12 17 36 31 21 14 24 32 23 8 37 24 15 41 24 9 15 6 7 11 6 4 2 1 1 0 3 7 5 2 2 3 3 4 3 2 4 2 0 0 0 0 0 0 0 0 0 0 0 0 0 0 0 0
10 25 39 21 3 3 21 8 2 8 20 13 6 11 26 16 9 5 9 13 25 24 50 33 26 25 23 21 56 66 36 22 10 24 37 29 45 19 6 52 22 34 33 29 16 15 21 29 25 28 11 5 11 5 4 17 12 10 8 4 5 8 5 4 4 2 1 1 1 2 3 2 4 4 4 6 5 3 1 1 1 0 0 0 0 0 0 0 0 0 0 0 0 0 0 0
34 21 56 32 40 12 4 47 9 17 45 12 29 22 11 34 10 8 9 8 8 21 34 32 27 33 31 29 43 72 72 48 21 16 60 46 48 30 13 26 64 23 22 55 34 33 26 33 32 15 10 4 3 5 4 5 10 6 4 2 2 3 4 5 2 2 1 1 0 0 0 1 1 1 1 1 2 3 1 1 0 0 0 0 0 0 0 0 0 0 0 0 0 0 0 0
39 29 22 45 19 25 34 9 57 29 46 64 39 46 30 14 13 12 16 40 14 33 56 43 29 32 34 26 17 21 65 53 35 25 23 56 35 26 20 13 18 48 16 14 17 20 23 32 48 27 35 11 7 5 4 3 4 3 2 8 3 1 1 1 1 1 1 0 0 0 0 0 0 0 0 1 1 1 1 0 0 0 0 0 0 0 0 0 0 0 0 0 0 0 0 0
14 54 40 51 38 47 60 48 25 20 11 7 15 11 15 40 25 15 31 8 50 19 63 68 31 35 38 25 15 6 13 41 59 34 13 36 44 19 42 31 23 13 38 39 22 21 36 25 35 18 36 14 6 4 3 3 2 2 1 3 3 1 0 0 0 0 1 0 0 0 0 0 0 0 0 0 0 0 1 0 0 0 0 0 0 0 0 0 0 0 0 0 0 0 0 0
12 13 4 23 26 4 8 5 25 17 38 39 39 41 18 21 40 35 32 28 20 15 55 80 55 46 43 45 25 8 7 9 51 32 36 31 51 17 43 47 32 15 12 37 27 35 26 24 30 12 3 4 8 6 6 4 1 1 0 0 1 0 0 0 0 0 0 0 0 0 0 0 0 0 0 0 0 0 0 0 0 0 0 0 0 0 0 0 0 0 0 0 0 0 0 0
9 17 12 5 6 15 11 10 12 28 16 26 20 11 20 38 16 12 21 39 22 70 40 65 69 48 57 48 49 21 9 12 8 26 36 38 47 20 44 27 33 33 24 19 35 23 23 38 27 19 13 6 7 3 2 2 1 1 0 0 0 0 0 0 0 0 0 0 0 0 0 0 0 0 0 0 0 0 0 0 0 0 0 0 0 0 0 0 0 0 0 0 0 0 0 0
19 15 14 8 15 28 14 10 19 20 9 15 19 8 20 31 20 25 15 18 58 40 29 27 74 44 17 14 15 10 12 6 14 6 13 19 82 61 30 41 29 15 24 27 16 29 18 19 39 34 26 11 6 3 2 2 0 0 0 1 1 1 1 1 1 0 0 0 0 0 0 0 0 0 0 0 0 0 0 0 0 0 0 0 0 0 0 0 0 0 0 0 0 0 0 0
9 6 7 5 2 7 7 9 5 3 16 12 19 5 11 22 13 22 32 66 40 27 39 54 75 63 26 20 20 24 20 21 8 12 14 9 6 8 26 25 18 32 13 25 20 32 33 20 38 21 25 21 10 5 2 1 0 0 1 1 2 4 4 3 1 1 0 0 0 0 0 0 0 0 0 0 0 0 0 0 0 0 0 0 0 0 0 0 0 0 0 0 0 0 0 0
4 2 6 2 6 4 5 4 2 2 3 5 11 11 10 12 10 24 27 19 23 25 13 7 15 14 11 16 37 41 22 46 35 14 10 8 9 8 7 21 17 34 24 11 32 21 31 23 18 9 12 11 6 5 1 1 1 1 3 5 6 6 4 3 2 1 1 1 1 1 0 0 0 0 0 0 0 0 0 0 0 0 0 0 0 0 0 0 0 0 0 0 0 0 0 0
5 2 4 1 2 2 6 11 29 26 22 2 3 9 10 4 9 24 48 30 39 14 23 16 11 16 42 24 28 36 50 36 23 24 27 5 3 5 8 12 11 18 26 27 27 25 15 12 25 10 7 6 3 2 3 4 2 6 7 6 9 8 7 5 4 2 2 3 3 2 1 0 0 0 0 0 0 0 0 0 0 0 0 0 0 0 0 0 0 0 0 0 0 0 0 0
1 1 1 1 7 7 2 16 47 51 35 32 14 5 11 15 16 31 35 17 10 14 30 23 19 21 35 17 8 24 22 15 7 14 26 15 6 5 11 7 5 9 9 10 16 16 15 9 15 10 4 2 4 5 8 8 8 10 13 13 7 11 13 9 13 4 5 4 4 4 1 0 0 0 0 0 0 0 0 0 0 0 0 0 0 0 0 0 0 0 0 0 0 0 0 0
1 2 5 6 7 7 17 13 4 17 42 40 32 47 48 42 69 33 27 36 9 6 29 17 21 30 17 16 10 13 22 23 24 18 26 14 9 21 22 7 4 20 10 15 10 5 15 7 6 4 4 5 9 16 17 19 13 12 11 13 9 19 20 25 22 12 8 6 6 3 2 1 2 1 0 1 0 0 0 0 0 0 0 0 0 0 0 0 0 0 0 0 0 0 0 0
3 1 0 3 19 17 29 63 57 32 36 65 55 41 68 48 79 78 73 49 22 41 6 7 8 7 27 31 32 43 14 54 53 25 9 12 5 16 16 9 25 12 11 9 12 7 9 8 6 5 11 12 26 38 38 24 32 17 20 19 13 26 26 28 20 15 11 9 8 7 4 1 1 0 0 0 1 0 0 0 0 0 0 0 0 0 0 0 0 0 0 0 0 0 0 0
5 6 17 3 2 19 41 59 68 28 25 73 34 31 65 42 39 20 37 53 15 25 17 14 9 16 22 32 32 52 25 16 16 38 21 20 7 29 14 13 19 26 21 20 22 31 28 20 6 21 35 32 37 52 55 49 22 14 42 28 22 28 29 20 27 28 5 17 17 7 4 2 1 0 0 1 2 1 0 0 0 0 0 0 0 0 0 0 0 0 0 0 0 0 0 0
22 6 10 35 14 7 8 18 20 60 16 62 37 40 59 25 10 16 31 18 13 7 20 11 17 30 30 15 11 35 24 17 9 7 10 9 23 27 13 10 40 42 24 50 41 22 20 11 11 30 51 45 48 76 42 35 31 17 58 27 24 31 43 44 32 22 17 20 8 4 3 2 2 2 1 1 1 1 0 0 0 0 0 0 0 0 0 0 0 0 0 0 0 0 0 0
45 43 12 37 38 59 53 29 10 12 41 76 61 18 66 24 26 18 31 19 10 8 30 13 27 23 26 24 20 16 11 13 15 21 26 17 33 7 12 23 40 40 52 55 34 16 10 16 33 26 44 63 74 44 31 42 40 24 66 33 58 25 48 25 24 51 30 12 19 7 4 4 9 8 1 0 1 1 0 0 0 0 0 0 0 0 0 0 0 0 0 0 0 0 0 0
37 53 59 44 51 79 59 82 57 8 31 65 8 20 50 42 28 11 45 7 7 7 16 9 40 27 15 12 13 4 3 14 25 16 37 12 42 10 31 27 57 58 67 32 29 20 19 38 48 43 41 65 64 42 50 63 52 37 72 67 41 49 41 52 63 42 31 23 13 5 6 24 8 1 1 2 1 1 0 0 0 0 0 0 0 0 0 0 0 0 0 0 0 0 0 0
49 70 69 75 73 71 79 82 66 34 28 29 36 10 49 34 24 15 10 7 6 10 25 12 20 17 16 33 25 24 27 29 19 9 13 25 56 26 32 40 67 67 51 32 19 32 33 63 69 49 42 63 51 37 51 73 38 62 64 61 68 32 44 75 71 44 32 17 20 22 12 9 4 3 3 1 1 0 0 0 0 0 0 0 0 0 0 0 0 0 0 0 0 0 0 3
7 65 79 61 77 27 57 71 71 69 59 64 43 10 51 71 42 14 18 12 6 15 22 14 11 16 27 8 11 13 5 12 9 25 55 34 52 24 25 40 66 46 28 13 29 51 46 50 75 55 59 62 31 55 71 64 32 60 45 74 61 66 73 64 50 30 35 16 7 3 2 1 1 0 0 0 0 0 0 0 0 0 0 0 0 0 0 0 0 0 0 0 0 0 1 2
19 20 44 16 8 9 15 13 19 8 12 27 58 15 9 47 62 43 32 25 13 11 7 10 27 7 16 16 41 38 8 19 23 28 66 64 73 38 26 50 45 23 16 34 56 55 48 50 74 51 63 75 63 61 78 61 63 37 61 68 46 69 57 23 10 11 6 10 18 13 11 7 7 2 1 0 0 0 0 0 0 0 0 0 0 0 0 0 0 0 0 0 0 1 2 2
19 18 7 11 20 44 50 17 23 4 10 11 6 3 12 6 10 16 8 6 5 23 12 15 6 27 22 31 17 27 26 48 37 39 63 71 53 45 40 55 28 27 30 50 59 55 63 40 62 71 67 83 87 71 68 83 83 66 83 80 79 84 64 68 44 38 33 24 11 3 4 3 1 2 2 1 1 0 0 0 0 0 0 0 0 0 0 0 0 0 0 0 0 0 1 4
30 36 25 26 42 51 57 43 17 14 23 14 17 12 12 17 14 5 5 7 10 29 11 13 25 29 13 56 48 36 49 58 46 50 65 35 22 37 20 52 41 33 35 48 60 66 71 58 66 76 68 79 78 77 33 47 80 85 85 70 29 22 43 37 63 35 23 33 8 3 2 2 4 1 0 0 0 0 0 0 0 0 0 0 0 0 0 0 0 0 0 0 0 0 1 2
21 5 27 31 43 39 49 29 7 15 14 20 41 31 13 15 6 10 9 9 2 6 43 28 17 5 12 30 39 31 30 42 58 34 60 20 34 25 8 50 37 38 49 60 57 73 78 63 81 87 64 44 47 37 25 26 63 72 61 38 48 37 32 41 28 22 18 8 14 7 6 2 2 1 1 1 0 0 0 0 0 0 0 0 0 0 0 1 2 1 1 0 0 1 2 2
