sesion_6_simulaciones/modelos_agentes/ejemplos_netlogo/scenarios/cgcm2_b2/rob_2066.asc
NCOLS 322 
NROWS 307 
XLLCORNER 451900 
YLLCORNER 4086900 
CELLSIZE 100 
NODATA_value -9999 
[rows 74 to 147 of 307, columns 0 to 95 of 322]
0 0 0 0 0 0 0 0 0 0 0 0 0 0 1 0 0 0 0 0 0 0 0 0 0 0 0 0 1 0 1 0 2 3 3 6 12 10 8 7 2 6 3 1 1 0 2 2 2 3 1 3 2 1 3 1 2 3 2 3 2 9 7 9 3 3 3 6 9 12 24 14 8 5 26 60 31 32 48 68 73 31 46 57 62 23 12 9 18 12 13 16 11 12 20 16
0 0 0 0 0 0 0 0 0 0 0 0 0 0 0 0 0 0 0 0 0 0 0 0 0 0 0 0 0 0 0 0 1 2 9 14 7 7 22 16 4 6 7 4 1 0 1 2 2 2 3 3 2 1 2 3 1 1 1 1 2 3 14 18 6 7 15 11 9 4 7 15 15 10 18 67 31 14 11 51 51 45 45 33 15 42 40 16 16 12 16 28 26 17 12 52
0 0 0 0 0 0 0 0 0 0 0 0 0 0 0 0 0 0 0 0 0 0 0 0 0 0 0 0 0 0 0 0 0 1 2 8 9 18 13 7 8 23 8 3 4 2 1 2 1 3 5 2 3 2 3 1 6 2 1 0 2 13 8 16 17 15 22 20 28 15 13 6 5 5 15 66 75 30 17 15 40 46 31 14 14 60 56 49 39 11 8 6 33 39 27 38
0 0 0 0 0 0 0 0 0 0 0 0 0 0 0 0 0 0 0 0 0 0 0 0 0 0 0 0 0 0 0 0 0 0 4 3 4 6 3 4 25 6 8 6 10 11 4 1 2 4 3 3 3 2 4 2 2 2 1 2 6 9 8 20 12 17 23 25 28 30 29 28 26 20 10 20 51 41 30 10 39 61 19 11 45 66 19 61 47 29 13 31 45 44 39 26
0 0 0 0 0 0 0 0 0 0 0 0 0 0 0 0 0 0 0 0 0 0 0 0 0 0 0 0 0 0 1 1 1 1 3 3 2 4 5 12 10 18 6 9 11 30 10 8 11 6 5 2 3 2 1 1 2 3 6 7 6 4 6 4 11 19 21 35 32 27 27 42 28 28 14 5 7 19 22 14 24 26 21 23 54 25 19 12 12 36 25 33 25 33 37 39
0 0 0 0 0 0 0 0 0 0 0 0 0 0 0 0 0 0 0 0 0 0 0 0 0 0 0 0 0 1 1 1 8 16 26 22 11 4 10 13 14 28 17 4 5 7 23 26 43 42 28 14 8 6 4 2 2 3 7 7 3 3 4 3 4 8 6 4 9 27 33 29 30 32 22 18 11 20 8 6 19 25 22 33 51 23 36 24 12 27 33 53 68 59 46 49
0 0 0 0 0 0 0 0 0 0 0 0 0 0 0 0 0 0 0 0 0 0 0 0 0 0 0 0 0 1 1 1 1 8 36 48 12 5 7 21 17 13 27 16 5 5 10 26 61 68 78 81 66 22 15 8 7 7 5 7 6 4 3 1 8 9 6 10 11 24 33 25 32 35 31 18 17 8 5 1 9 23 23 34 38 33 16 16 17 24 62 62 66 39 41 63
0 0 0 0 0 0 0 0 0 0 0 0 0 0 0 0 0 0 0 0 0 0 1 7 1 0 0 0 0 2 1 1 1 1 3 23 15 7 5 14 27 53 19 36 26 12 8 3 2 7 23 35 52 67 49 22 10 5 7 6 3 7 4 15 3 2 4 4 6 13 13 37 32 36 39 23 7 1 3 3 6 12 14 37 20 32 43 44 25 20 13 10 31 22 27 42
0 0 0 0 0 0 0 0 0 0 0 0 0 0 0 0 0 0 0 6 5 8 17 5 19 4 1 0 0 0 1 3 3 6 8 4 3 3 2 9 11 10 14 34 20 15 18 11 4 1 1 2 6 26 25 55 28 14 5 31 38 18 12 4 20 11 4 7 2 2 13 26 42 29 20 20 13 8 9 17 7 6 20 49 20 43 46 44 41 44 27 13 11 25 52 64
0 0 0 0 0 0 0 0 0 0 0 0 0 0 0 0 1 6 9 12 1 4 1 0 1 1 1 0 1 2 1 2 2 1 4 5 3 3 8 12 27 34 11 7 5 5 6 5 1 3 3 1 9 5 6 15 29 23 50 40 12 6 6 9 20 5 5 9 10 9 46 39 39 26 22 24 29 34 21 11 17 14 42 49 31 62 60 83 62 60 60 49 12 9 11 11
0 0 0 0 0 0 0 0 0 0 0 0 0 0 0 1 1 4 1 1 2 1 1 0 0 1 1 2 5 5 9 1 1 4 10 6 3 7 11 12 20 32 33 22 2 1 2 3 3 2 1 11 34 18 16 12 8 29 62 17 12 10 5 5 11 8 13 8 27 36 29 32 30 24 25 25 30 26 36 10 14 11 19 17 30 66 31 50 60 76 48 52 49 25 16 11
0 0 0 0 0 0 0 0 0 0 0 0 0 0 0 0 1 1 0 0 0 2 0 0 0 0 2 0 0 0 1 1 2 8 5 8 3 24 14 16 27 28 39 34 15 17 24 17 21 25 18 23 31 27 18 12 18 24 13 17 15 25 19 10 7 4 3 28 24 15 26 19 50 22 18 45 32 27 27 18 14 9 10 24 6 45 35 65 64 77 80 82 62 38 19 14
0 0 0 0 0 0 0 0 0 0 0 0 0 0 0 0 0 0 0 0 1 0 0 0 1 1 1 0 0 0 1 1 3 3 4 6 4 11 10 25 33 16 34 23 15 19 28 18 15 23 25 12 18 22 18 19 31 12 16 23 34 20 9 6 7 8 8 4 7 13 7 19 9 7 44 31 22 26 53 29 31 15 8 16 31 39 36 31 65 60 50 48 68 27 19 13
0 0 0 0 0 0 0 0 0 0 0 0 0 0 0 0 0 0 0 1 0 1 1 5 6 4 5 11 6 1 1 1 1 1 2 1 4 7 9 19 29 11 6 10 10 16 28 4 12 19 15 18 21 33 24 16 18 9 17 20 28 9 10 7 11 12 28 38 32 17 21 13 15 11 9 9 37 47 15 26 25 17 15 11 15 17 27 40 49 57 11 27 42 43 16 11
0 0 1 0 0 0 0 0 0 0 0 0 0 0 1 0 0 1 1 1 1 1 1 2 15 13 12 12 4 16 10 8 4 1 0 2 2 7 6 13 8 5 15 8 20 25 31 8 15 31 12 11 18 38 24 8 15 8 16 24 12 2 1 6 18 6 4 14 39 13 22 17 12 14 21 12 14 21 17 14 9 13 25 21 13 12 10 7 18 18 8 27 14 37 27 16
0 0 0 0 0 0 0 0 0 0 0 0 0 0 0 0 0 2 1 1 2 0 1 7 9 26 26 19 11 15 13 18 4 13 6 5 1 1 2 1 2 5 7 9 11 14 19 6 7 20 7 18 6 29 35 6 14 7 36 12 8 9 9 18 17 4 3 2 51 19 20 13 13 10 11 29 30 48 44 40 51 34 17 11 29 33 26 21 8 5 11 22 25 9 18 13
0 0 0 0 0 0 0 0 0 0 0 0 0 0 0 2 3 0 1 1 1 0 8 16 42 4 33 35 11 19 19 20 12 25 10 17 13 6 1 0 1 3 3 2 8 18 6 8 9 9 9 24 14 35 2 17 27 13 17 4 3 15 24 13 8 7 4 3 15 71 61 32 15 42 40 42 68 59 20 29 52 41 52 46 40 37 33 29 18 8 4 16 16 6 3 1
0 0 0 0 0 0 0 0 0 0 0 0 0 2 1 0 2 5 1 2 3 2 1 12 29 11 5 51 49 13 5 33 16 32 31 46 19 10 9 1 5 6 8 1 1 3 5 3 5 8 43 49 61 39 52 15 4 17 3 2 3 15 10 4 2 4 24 21 8 7 30 28 70 89 69 48 26 21 67 33 8 35 51 42 31 33 34 28 21 7 5 5 3 2 3 9
0 0 0 0 0 0 0 0 0 0 0 0 0 0 0 5 6 5 4 1 1 2 1 15 4 20 20 35 71 36 4 5 4 9 11 27 17 25 36 14 9 3 14 23 22 22 23 9 18 57 75 52 17 24 53 66 31 6 9 9 6 15 7 5 7 9 7 7 17 8 10 12 8 12 9 58 27 27 16 33 46 17 21 52 34 33 30 20 19 18 8 2 5 12 6 9
0 0 0 0 0 0 0 0 0 0 0 0 0 1 1 0 6 10 26 10 1 19 4 3 2 7 4 1 19 23 50 11 3 3 17 6 14 43 15 10 27 6 14 32 50 37 27 45 56 58 78 72 34 69 60 76 44 54 34 28 15 21 3 5 5 7 3 10 9 5 5 2 8 8 7 19 16 23 17 19 29 52 26 29 32 28 14 14 7 4 10 15 17 3 2 3
0 0 0 0 0 0 0 0 0 0 0 0 1 2 1 1 1 12 4 8 5 6 5 5 2 14 5 4 2 26 67 30 6 5 5 19 10 20 55 12 47 4 17 57 57 49 47 71 70 87 83 71 62 90 82 81 66 70 63 18 21 20 3 5 4 7 17 38 19 14 7 23 27 21 15 8 11 25 31 23 12 13 37 34 27 11 12 5 5 18 21 15 21 18 8 4
1 0 0 0 0 0 0 0 0 0 0 0 1 1 2 1 2 2 4 6 8 14 2 6 4 10 12 3 2 9 41 53 26 15 4 11 2 8 48 12 41 9 21 51 52 56 79 82 79 88 82 44 71 66 67 62 60 77 16 11 37 16 8 7 10 6 14 25 25 14 55 16 7 12 14 23 56 55 52 39 29 20 18 23 13 6 15 14 15 20 36 25 12 7 9 8
1 0 0 0 0 0 0 0 0 0 0 1 1 1 1 2 4 2 2 2 3 5 3 7 15 6 19 11 8 3 27 62 6 7 9 11 3 30 61 49 60 55 27 37 57 73 90 85 62 85 62 17 45 12 27 62 76 66 31 65 59 52 19 5 6 8 14 14 15 45 13 23 28 11 16 43 34 22 45 53 51 23 10 8 5 9 19 37 35 36 32 35 14 14 12 21
1 1 0 0 0 0 0 0 0 0 0 1 11 2 1 2 2 3 5 5 1 1 5 19 28 31 15 24 13 6 30 58 9 7 26 25 7 24 15 49 70 86 50 50 60 64 89 85 42 62 18 26 14 6 2 5 57 74 75 73 47 66 11 8 38 48 14 5 13 13 20 40 15 45 48 12 32 56 41 56 43 43 38 14 22 27 39 41 51 33 49 42 29 31 25 34
1 3 0 0 0 0 0 0 0 0 0 0 5 15 3 6 2 6 10 12 16 7 9 16 20 28 25 42 27 26 13 36 14 16 18 8 12 34 16 25 40 76 65 68 61 63 87 93 82 64 32 16 4 4 1 3 6 4 79 67 67 22 10 37 21 28 26 10 9 7 33 24 51 33 24 15 18 11 34 41 58 60 40 25 30 49 44 38 57 27 72 32 35 34 24 26
0 9 4 0 0 0 0 0 0 0 1 1 2 2 15 16 2 5 16 14 16 11 17 39 45 53 53 43 41 45 6 28 45 27 19 14 13 20 9 4 13 70 20 29 26 32 77 82 75 40 28 31 22 19 8 13 4 14 9 10 14 16 33 39 34 16 14 8 11 16 15 29 22 21 10 7 11 29 35 52 55 58 38 38 30 43 52 25 53 43 75 45 42 21 30 41
0 0 7 2 0 0 0 0 0 0 0 2 3 2 11 3 27 6 5 7 11 8 3 5 10 24 30 16 41 45 22 56 74 53 22 46 22 25 20 6 45 63 55 31 34 36 15 39 58 15 28 38 31 25 37 22 11 31 17 31 21 11 32 36 23 14 15 7 21 9 4 6 31 30 22 20 28 37 38 45 43 53 44 41 40 34 45 39 69 69 21 43 49 45 46 30
0 0 0 1 1 0 0 0 0 0 0 1 2 1 1 6 7 33 9 10 5 16 14 17 30 37 34 20 8 10 11 59 55 37 57 63 74 61 16 15 49 44 83 60 53 44 40 13 7 16 42 41 33 29 19 36 39 26 23 22 32 29 47 39 20 14 10 15 23 6 3 9 11 18 21 41 33 39 41 43 40 37 32 46 49 33 35 40 57 9 27 42 33 12 8 19
0 0 0 1 1 0 1 0 0 0 0 2 2 3 5 6 4 5 9 12 19 31 26 30 40 61 42 42 30 13 8 5 46 64 64 33 83 63 42 65 71 28 75 50 80 75 37 17 13 8 27 40 34 30 40 21 43 34 35 24 42 47 67 66 29 13 7 6 15 5 4 6 4 6 5 30 26 29 35 35 39 30 35 46 23 51 41 64 28 20 39 39 38 24 21 34
0 0 0 1 3 0 1 0 0 0 1 2 6 4 2 3 3 8 8 9 23 26 57 45 49 41 65 48 21 24 20 17 8 41 56 18 25 20 73 49 44 16 79 44 24 10 29 21 27 17 25 43 52 45 35 22 15 23 6 13 28 21 44 44 4 12 13 5 10 12 19 17 7 13 16 7 27 28 32 32 23 49 20 8 26 60 33 59 23 10 19 23 26 23 35 39
0 0 0 1 1 2 1 0 0 0 1 1 2 2 13 12 7 5 4 6 7 18 58 62 30 26 32 37 44 42 29 36 20 8 7 24 11 22 75 21 17 31 57 24 23 17 36 26 27 21 11 29 36 42 29 20 17 18 10 13 15 11 12 7 10 12 11 7 9 19 21 6 17 20 16 15 33 32 29 26 59 18 17 27 31 47 36 28 29 5 7 21 24 38 42 57
0 0 0 1 2 2 0 0 0 1 1 1 1 1 3 3 14 15 27 31 18 27 22 18 10 4 18 34 42 33 49 52 18 10 3 6 18 53 36 33 8 59 75 37 34 35 33 39 43 11 17 25 23 26 16 22 19 9 13 5 10 4 9 25 25 11 13 15 20 19 20 14 8 30 13 16 25 19 25 46 26 18 26 18 35 15 33 41 49 22 15 20 32 35 25 54
0 0 0 1 2 1 1 1 1 0 1 0 2 5 5 16 14 21 28 21 21 42 22 15 19 19 7 16 26 19 20 15 10 21 20 22 40 30 46 24 28 37 58 60 50 40 17 22 26 9 8 30 39 47 46 29 19 11 24 42 35 19 13 19 9 5 36 32 16 14 11 66 44 26 21 12 12 14 18 36 14 22 23 9 24 21 35 46 29 48 31 40 32 47 41 49
0 0 0 0 8 4 2 0 0 0 1 3 4 32 15 48 26 10 19 34 37 36 45 24 18 20 18 11 22 21 12 12 19 29 34 35 13 18 25 28 25 9 17 37 45 26 6 11 10 12 17 22 19 21 18 17 22 8 49 49 31 34 8 8 14 9 35 82 70 48 34 24 60 72 32 17 16 20 32 21 5 33 10 19 21 37 15 17 21 30 49 38 67 45 23 29
0 0 0 0 2 2 2 1 0 1 0 3 2 6 29 28 37 46 31 38 29 21 41 20 12 11 7 5 4 6 16 17 27 28 16 32 30 27 23 18 7 15 31 10 43 33 26 23 20 9 9 10 10 37 29 27 22 7 13 15 18 16 32 17 28 32 20 61 72 65 15 30 33 20 60 46 16 19 20 18 29 38 14 64 37 31 28 38 29 37 51 60 31 29 27 14
0 0 0 0 0 6 8 1 1 1 1 2 2 4 3 4 2 6 19 31 30 29 41 48 27 18 22 18 9 5 10 4 7 14 15 25 28 19 28 10 6 23 13 17 43 28 28 22 23 12 10 10 12 29 45 7 13 12 27 24 20 45 40 48 56 30 38 25 65 44 51 21 20 24 26 47 37 44 33 42 17 28 31 50 41 48 45 21 29 75 44 22 42 31 36 32
0 0 0 0 0 1 2 0 0 0 1 1 6 5 14 12 6 3 10 27 34 56 62 66 58 23 14 6 3 5 6 2 2 3 8 9 16 19 13 16 16 21 8 32 7 4 12 14 17 15 21 24 14 28 22 20 17 29 38 13 36 35 22 24 84 44 39 21 10 63 72 34 40 18 48 64 57 78 58 51 38 35 19 46 72 53 66 57 55 65 59 35 49 51 55 35
0 0 0 0 0 0 3 1 0 1 0 4 2 5 15 10 8 24 12 43 74 52 28 39 47 25 19 18 7 1 5 7 11 6 2 7 20 19 5 12 28 32 29 28 10 6 13 28 32 34 18 44 34 37 27 19 21 12 13 41 27 14 14 23 20 53 30 27 13 30 54 81 70 24 10 47 31 68 17 10 39 74 9 28 11 43 44 79 77 67 82 58 54 55 54 52
0 0 0 0 0 0 2 8 0 1 2 3 2 2 2 8 30 28 22 12 11 49 56 37 38 27 39 47 26 10 9 19 14 14 15 6 5 12 11 14 15 25 24 24 19 17 34 35 24 25 28 21 32 27 24 34 43 52 30 14 35 19 12 50 18 40 49 25 15 16 50 64 67 49 25 33 9 55 30 16 3 41 28 29 31 66 28 38 17 12 54 36 44 77 57 72
0 0 0 0 0 0 2 0 0 0 1 4 8 2 4 13 20 23 23 21 15 5 41 70 53 47 40 42 46 18 17 24 13 14 26 31 11 5 5 13 21 18 12 44 24 25 23 55 55 35 46 20 31 60 77 72 39 29 23 21 26 63 37 11 49 17 48 39 24 7 49 52 46 63 23 35 11 53 67 21 13 56 16 29 30 8 39 27 11 25 79 45 26 65 82 81
1 0 0 0 0 0 3 0 0 0 0 3 5 3 2 7 12 22 27 36 31 27 11 29 34 34 12 15 36 18 13 14 10 8 12 19 14 9 7 14 13 7 8 8 30 34 26 41 31 18 17 43 26 21 19 13 19 11 26 34 25 44 51 20 23 46 8 56 38 13 35 61 47 58 30 28 14 59 24 22 6 74 36 24 37 29 15 28 23 38 66 79 33 31 69 75
1 0 0 0 0 0 2 0 0 0 0 0 2 2 2 5 6 9 31 50 50 29 19 9 7 4 13 8 2 4 13 1 3 8 15 10 13 18 13 10 22 20 25 21 30 34 27 26 18 20 36 43 41 54 29 44 43 31 22 38 18 25 37 37 24 66 36 48 67 27 19 33 63 37 60 25 19 55 39 61 48 59 83 42 35 34 14 40 27 16 45 82 45 22 22 70
4 0 0 0 1 0 2 1 0 1 0 0 0 2 6 4 14 13 25 33 38 25 15 20 11 12 12 5 1 2 6 5 4 6 6 9 16 16 10 18 33 26 25 21 13 23 27 25 23 52 39 59 44 43 41 57 56 47 42 49 36 43 24 40 19 60 50 27 67 49 10 35 50 36 71 32 45 33 40 33 60 35 80 58 21 35 33 62 25 15 18 60 49 25 42 37
2 1 0 0 0 0 1 0 1 1 0 0 1 2 2 4 9 12 19 26 27 25 22 18 29 21 23 14 4 1 2 1 1 6 7 4 16 15 6 6 24 21 15 11 23 15 19 16 13 42 60 58 62 43 25 39 71 39 58 56 56 61 28 12 17 16 37 24 41 58 30 24 25 69 54 45 65 33 47 73 60 33 52 76 33 36 18 18 18 25 26 63 46 53 34 12
6 3 2 0 0 1 0 0 1 0 0 1 1 5 3 4 23 23 54 51 34 55 36 40 16 19 23 22 15 2 1 2 11 9 23 22 16 26 23 18 20 17 16 13 14 12 12 21 17 15 14 26 17 31 54 59 73 34 87 76 29 69 41 46 46 21 13 8 27 45 24 42 25 50 14 45 82 65 42 58 70 64 54 83 29 30 33 18 21 9 31 49 50 24 16 19
3 4 4 1 1 1 0 0 1 0 1 1 1 6 7 7 4 13 13 6 14 6 10 18 33 43 24 23 32 8 3 19 15 18 8 6 15 13 11 37 30 11 19 30 26 24 34 38 19 40 42 19 39 60 52 66 52 65 60 69 29 57 68 43 57 69 63 40 18 50 53 67 58 38 37 50 71 75 57 55 59 64 48 79 74 47 10 12 15 27 40 51 63 31 16 10
0 1 3 3 5 1 1 0 0 0 1 1 0 3 15 21 14 8 23 16 10 20 15 26 51 26 30 33 36 32 12 63 24 9 14 8 29 30 32 40 59 32 39 41 34 43 26 37 27 34 40 28 15 46 24 35 71 74 57 60 66 76 81 71 28 67 61 62 45 29 35 57 19 38 41 49 68 55 73 71 52 37 40 81 73 43 46 12 17 38 27 56 48 47 37 24
3 0 0 1 1 1 1 1 1 2 3 1 1 3 2 2 3 10 6 33 17 23 26 27 27 28 45 31 34 25 28 63 20 24 20 16 24 26 29 46 57 30 33 45 33 41 14 18 41 25 24 35 15 10 10 11 47 63 70 75 70 63 72 85 57 43 58 53 41 20 9 17 28 25 38 56 64 79 61 39 30 23 77 68 72 38 28 27 17 24 33 55 20 12 16 46
17 4 1 1 2 1 1 0 1 3 1 2 4 1 13 2 1 5 8 23 36 38 10 15 19 32 35 16 44 38 54 32 33 40 16 10 13 28 59 56 26 23 31 54 54 39 18 16 14 43 27 24 34 26 13 7 18 22 18 47 38 37 64 77 74 51 25 10 11 18 13 13 16 21 31 31 65 55 45 26 9 19 74 61 71 60 31 30 9 31 41 64 61 49 23 12
3 6 4 1 3 2 0 0 1 1 0 5 2 3 26 2 4 4 16 34 21 14 4 21 11 5 27 13 44 54 49 48 51 26 13 26 34 34 59 43 24 44 25 29 49 21 17 24 11 34 21 15 29 14 25 17 15 24 26 9 22 34 40 51 53 27 21 34 27 38 21 14 16 22 24 12 39 32 34 17 14 7 29 17 38 68 32 39 12 42 60 48 38 36 40 16
3 1 1 2 2 4 1 0 1 1 0 3 3 6 2 17 7 10 8 10 15 4 19 16 14 8 20 16 40 30 32 31 42 18 31 37 43 29 46 36 29 39 28 29 41 19 21 21 15 52 30 23 36 35 29 22 38 36 47 30 20 25 9 18 7 8 24 38 39 40 35 20 15 9 10 11 19 20 18 15 14 8 9 10 24 34 13 29 10 31 56 52 32 18 71 49
2 3 4 1 1 1 1 1 1 1 1 0 3 6 2 30 18 5 11 8 18 7 8 15 14 17 47 33 38 24 37 43 16 30 32 52 34 31 59 20 33 44 21 33 35 51 16 33 16 42 30 34 32 47 23 32 32 45 35 41 40 46 22 18 20 13 36 27 31 20 10 7 31 16 10 5 7 17 10 8 7 5 6 15 20 18 14 21 11 61 67 69 67 25 8 17
1 3 2 3 2 2 2 1 0 1 2 1 13 17 11 2 16 10 7 15 19 9 14 31 22 20 45 22 15 10 14 21 29 60 37 28 33 11 39 20 33 28 36 31 20 26 27 34 42 43 41 41 33 40 36 49 51 34 44 34 54 31 19 38 12 21 24 36 15 12 19 40 31 25 24 25 6 4 11 8 8 10 6 19 10 8 30 8 21 60 57 52 74 39 40 10
6 2 2 3 1 0 1 2 1 1 1 2 1 8 8 2 3 10 6 10 7 7 10 25 22 44 32 26 12 11 21 50 23 31 49 35 24 27 41 15 31 26 13 17 17 35 11 22 23 7 25 12 29 46 53 57 66 51 27 42 33 37 32 23 57 19 27 29 33 57 44 29 16 14 19 22 21 24 23 23 26 23 9 7 8 16 34 18 33 45 21 43 77 56 57 34
6 7 6 5 2 1 0 1 2 2 2 1 1 5 4 6 10 6 6 6 8 10 8 7 11 8 15 20 17 30 23 39 15 25 47 29 19 25 15 26 24 23 17 35 48 28 14 39 60 32 48 37 56 67 60 35 44 53 48 34 41 40 57 43 53 42 38 37 57 14 10 13 14 7 4 6 20 15 24 28 25 17 14 6 5 15 34 13 16 9 15 45 84 44 60 50
1 1 2 5 8 9 3 1 4 11 9 4 3 1 1 9 5 4 16 21 46 36 37 18 35 10 9 19 26 19 25 15 13 26 45 33 20 17 12 18 31 67 35 21 33 34 45 20 54 66 79 56 68 81 66 42 58 44 27 28 26 31 58 36 37 47 41 50 18 17 19 26 43 25 23 15 6 19 29 39 29 7 4 7 4 14 26 15 14 12 17 70 73 36 41 78
2 1 1 4 6 6 12 11 5 3 6 2 1 1 1 2 7 9 15 14 34 60 49 21 21 36 53 40 38 15 55 27 23 21 26 23 14 15 32 28 44 9 34 63 26 49 54 41 32 74 73 79 39 67 62 61 45 65 50 44 41 45 16 42 52 57 57 22 26 25 37 54 38 42 52 27 12 26 35 35 10 5 4 8 5 13 6 5 12 15 34 73 45 59 36 76
7 6 3 2 6 2 3 7 3 5 2 2 2 1 5 2 9 7 22 27 11 51 47 65 70 76 65 65 51 25 41 30 21 28 36 57 44 62 70 58 58 63 45 74 35 50 73 72 25 22 16 71 70 39 64 40 32 78 62 58 32 39 45 53 55 56 41 44 43 53 43 24 35 31 29 22 35 22 12 12 5 3 3 4 4 7 5 5 7 8 15 54 25 43 12 35
5 10 7 4 5 3 1 2 1 1 1 1 1 1 3 2 1 3 29 56 21 7 44 79 57 74 63 77 76 82 68 77 76 80 48 68 15 62 78 51 66 82 44 70 75 43 72 40 79 52 28 81 65 60 62 56 82 83 44 65 38 24 36 37 35 44 34 24 21 27 26 29 20 29 30 41 38 23 4 2 4 2 2 3 1 3 3 7 7 17 31 47 15 20 17 14
3 6 29 2 18 19 6 7 4 3 3 4 5 6 5 2 4 6 5 35 22 5 6 19 19 15 50 68 67 70 71 66 77 68 51 64 73 62 66 74 44 80 78 44 64 57 75 44 71 83 53 58 60 41 30 76 65 66 49 63 58 27 29 28 52 40 42 48 48 47 50 32 42 32 46 37 16 7 5 2 0 1 1 2 2 1 3 4 5 10 28 29 6 8 10 10
9 5 3 20 21 30 16 20 15 11 3 8 12 10 4 4 9 6 16 5 2 2 11 5 8 18 41 35 44 58 64 71 37 58 43 73 68 66 69 71 60 70 64 62 67 66 71 77 26 65 54 30 72 21 43 75 58 24 61 27 34 67 20 22 37 37 52 51 51 43 38 41 47 67 54 33 14 5 1 1 1 0 0 0 1 0 2 2 3 6 13 9 6 3 10 14
2 8 14 12 15 22 6 7 21 5 11 4 9 11 3 8 9 7 18 27 18 15 10 11 9 13 5 8 10 13 10 10 19 26 11 9 14 13 12 16 15 19 15 25 26 21 24 72 56 43 74 28 50 44 48 57 20 17 30 32 64 59 34 26 42 46 51 37 33 59 70 61 62 52 34 22 9 2 1 1 1 0 0 0 1 0 1 1 1 2 4 4 4 2 3 5
12 18 24 15 8 4 6 6 16 3 11 7 5 9 5 8 9 7 13 5 7 23 18 10 23 16 9 12 19 23 16 15 39 32 26 29 17 19 25 30 27 32 44 30 38 26 39 17 19 19 39 37 39 44 44 25 34 47 44 52 58 36 27 35 43 41 49 60 70 68 70 47 24 17 7 5 1 1 1 1 1 1 0 0 0 0 0 0 0 0 1 1 2 1 1 1
36 49 35 9 5 3 4 6 4 6 3 3 2 8 2 4 5 3 4 21 15 5 8 7 14 9 4 23 14 12 22 21 9 8 8 19 14 13 21 14 19 35 36 23 20 29 22 36 27 25 12 12 7 6 12 22 39 40 41 40 19 21 25 40 43 33 30 25 42 58 57 46 22 12 3 3 5 5 8 5 2 1 0 0 1 1 1 0 0 0 0 0 1 2 1 1
9 10 8 22 11 5 3 1 1 3 2 5 3 8 3 5 9 2 2 2 20 19 15 14 9 9 7 12 21 25 14 5 13 8 10 13 14 19 20 25 19 18 21 12 10 10 11 11 22 29 35 45 20 14 17 18 25 30 30 15 15 27 26 49 37 22 28 25 23 22 14 17 16 5 3 7 10 8 2 1 0 1 1 1 4 3 3 1 1 1 0 0 0 0 0 0
12 9 13 3 1 1 2 0 5 0 2 1 1 1 4 1 2 6 6 6 7 29 23 15 15 6 9 18 28 6 6 11 7 16 16 8 11 13 13 14 13 14 30 23 26 20 20 26 35 26 31 30 23 21 25 22 25 22 24 25 6 26 26 33 51 48 43 48 29 18 8 6 3 5 9 13 23 11 3 2 2 2 3 7 5 5 5 5 4 2 2 1 1 0 0 0
22 13 7 5 3 1 1 1 2 0 3 2 1 1 1 1 4 6 7 2 8 18 23 21 20 5 25 38 13 4 10 6 12 9 14 14 13 18 18 20 7 19 24 25 17 27 31 26 22 17 23 12 39 29 48 37 26 22 16 12 16 21 26 19 63 68 34 48 35 27 13 11 4 10 19 22 9 2 4 6 5 9 6 10 14 10 15 9 8 6 4 4 3 2 1 1
10 5 6 3 1 5 17 25 12 4 11 3 0 0 1 1 0 1 1 4 12 14 5 13 15 23 41 49 20 11 15 12 13 28 15 21 17 23 10 11 24 27 19 25 25 37 31 14 32 15 26 32 35 26 43 26 45 13 21 9 29 47 21 52 76 51 46 25 19 18 8 4 6 11 21 17 6 9 10 12 18 16 20 30 28 21 20 14 21 18 9 13 6 3 2 2
4 6 1 1 10 33 20 11 27 36 3 9 3 0 0 1 2 2 2 7 14 10 9 25 18 42 28 6 6 4 8 19 11 16 45 17 19 23 24 30 22 23 19 18 23 20 32 26 23 27 36 33 36 29 36 29 46 30 15 7 15 38 51 63 53 55 28 25 19 8 7 8 13 5 24 9 16 17 29 32 43 29 34 46 40 26 35 34 28 17 15 16 9 6 9 8
1 2 2 4 5 28 29 31 46 33 15 14 28 9 2 1 1 1 6 6 2 2 7 24 10 5 8 9 18 25 15 10 30 10 28 28 27 44 25 25 12 27 11 9 11 20 21 35 34 28 24 47 16 30 41 37 19 14 23 16 5 22 21 24 35 51 37 42 21 5 16 13 20 17 61 27 27 28 41 41 53 37 42 58 35 34 51 59 45 37 22 18 16 26 21 10
2 1 2 9 1 2 2 1 31 36 33 38 35 10 13 7 2 1 3 1 4 3 7 6 8 15 17 18 21 19 15 11 13 20 16 26 17 21 22 34 47 17 24 21 7 10 15 15 26 33 36 32 29 10 43 9 20 35 17 17 8 9 14 11 9 7 19 9 5 17 45 24 30 28 67 33 45 48 64 69 82 71 81 80 72 57 60 59 77 71 37 29 27 25 51 23
1 2 2 1 0 2 3 5 3 13 7 31 22 10 18 17 16 11 11 3 1 5 1 4 8 19 18 6 4 7 6 7 9 11 15 14 14 17 17 31 37 54 26 11 41 30 33 13 25 18 14 26 12 27 25 27 27 18 23 17 11 28 39 23 15 8 7 13 27 26 42 49 33 48 65 62 66 55 67 81 68 62 77 74 71 68 66 61 70 62 50 36 54 59 60 41
2 1 2 7 6 3 29 9 10 2 31 43 17 41 26 31 42 30 19 7 5 3 2 2 10 6 4 4 4 2 3 2 3 4 12 13 6 11 23 33 27 33 39 38 4 29 28 31 30 18 17 33 37 23 10 10 16 31 23 19 13 43 28 20 9 19 18 27 52 51 45 73 57 72 61 72 75 64 72 60 37 58 67 51 31 30 49 23 52 63 45 49 46 46 41 60
15 19 31 14 41 5 2 4 16 10 31 46 33 77 51 46 73 44 20 20 11 12 4 2 3 2 5 3 3 2 4 2 5 11 4 4 12 11 13 9 11 23 34 55 36 20 33 21 29 25 23 16 13 45 60 31 29 25 19 22 33 31 34 16 20 31 49 30 47 62 48 59 65 62 77 47 59 51 66 57 18 27 35 44 24 5 7 14 45 42 43 50 19 24 16 45
