sesion_6_simulaciones/modelos_agentes/ejemplos_netlogo/scenarios/cgcm2_b2/rob_2048.asc
NCOLS 322 
NROWS 307 
XLLCORNER 451900 
YLLCORNER 4086900 
CELLSIZE 100 
NODATA_value -9999 
[rows 219 to 291 of 307, columns 96 to 191 of 322]
4 1 1 0 0 0 0 0 0 0 0 0 0 0 0 0 0 0 0 0 0 0 0 0 1 0 0 0 0 0 0 0 0 0 1 0 0 0 0 0 1 1 2 3 5 6 6 15 18 24 43 30 48 47 43 59 42 54 42 48 65 62 36 37 56 58 55 30 63 49 28 13 20 40 42 34 70 25 55 30 52 57 39 68 90 30 43 38 36 44 51 42 36 16 11 9
3 1 0 0 0 0 0 0 0 0 0 0 0 0 0 0 0 0 0 0 0 0 0 0 0 1 0 0 0 0 0 0 0 1 1 0 0 0 0 0 0 1 1 3 3 5 10 15 15 26 22 30 35 43 52 58 68 57 49 39 55 64 25 55 65 49 44 58 46 50 29 21 22 18 35 29 32 49 39 37 60 32 46 30 60 76 53 72 66 65 71 59 56 36 37 38
4 2 1 0 0 0 0 0 0 0 0 0 0 0 0 0 0 0 0 0 0 0 0 0 0 1 3 1 0 0 0 1 1 2 1 0 0 0 0 0 0 1 1 1 2 4 8 12 14 16 20 27 46 57 54 42 49 49 44 61 70 76 58 63 39 52 64 58 42 44 32 22 19 26 28 40 30 16 39 39 21 24 50 30 9 52 87 68 71 75 56 54 40 37 14 9
1 1 1 0 0 0 0 0 0 0 0 0 0 0 0 0 0 0 0 0 0 0 0 0 0 0 1 3 1 1 1 1 2 2 0 0 0 0 0 0 0 0 1 2 2 4 7 17 23 28 32 35 40 47 47 49 52 61 76 76 77 81 54 72 34 55 42 39 45 37 26 28 19 22 36 36 38 17 16 11 40 32 29 25 27 15 38 52 63 40 34 35 21 14 18 9
1 1 0 0 0 0 0 0 0 0 0 0 0 0 0 0 0 0 0 0 0 0 0 0 0 0 0 1 5 1 1 2 4 1 0 0 0 0 0 0 0 0 1 1 2 3 5 9 18 21 28 21 30 40 51 70 74 51 30 39 40 43 39 41 72 24 29 26 51 40 30 46 19 22 40 32 35 14 35 40 43 77 42 35 29 31 21 22 53 76 58 53 49 25 17 15
1 0 0 0 0 0 0 0 0 0 0 0 0 0 0 0 0 0 0 0 0 0 0 0 1 1 0 1 4 2 2 3 1 1 0 0 0 0 0 0 0 0 1 1 1 2 4 6 12 18 21 26 47 30 50 69 39 34 33 32 12 37 39 28 29 47 13 43 45 36 52 44 12 17 22 30 24 21 27 41 32 21 57 48 32 34 39 22 18 53 82 65 58 35 33 24
0 0 0 0 0 0 0 0 0 0 0 0 0 0 0 0 0 0 0 0 1 0 0 0 1 2 1 2 3 9 5 1 0 0 0 0 0 0 0 0 0 0 1 1 1 2 3 5 10 14 19 23 41 39 23 21 27 26 24 19 45 63 31 43 45 82 62 38 46 43 56 45 28 26 31 42 29 28 40 55 45 22 9 21 63 59 38 37 30 25 64 63 51 43 24 18
1 0 0 0 0 0 0 0 0 0 0 0 0 0 0 0 0 0 0 1 2 1 1 0 1 3 4 2 6 6 1 1 0 0 0 0 0 0 0 0 0 0 0 1 1 2 4 7 9 11 21 34 32 29 32 32 44 36 26 41 17 27 51 53 48 85 56 55 14 50 39 46 29 23 37 46 38 20 37 68 39 31 48 34 33 19 24 41 38 44 23 32 39 27 13 15
0 0 0 0 0 0 0 0 0 0 0 0 0 0 0 0 0 0 0 0 0 2 1 1 1 2 7 9 6 4 1 1 1 0 0 0 0 0 0 0 0 0 1 1 2 3 4 5 8 11 15 16 13 22 25 31 52 45 45 22 25 37 36 46 71 47 52 58 72 39 30 43 43 10 13 25 27 41 56 27 74 58 75 52 70 40 56 45 32 21 21 34 25 18 10 5
1 0 0 0 0 0 0 0 0 0 0 0 0 0 0 0 0 0 0 0 1 1 3 5 1 2 6 11 6 2 2 1 1 1 0 0 0 0 0 0 0 0 1 1 1 2 3 4 10 11 19 20 25 26 23 38 48 72 43 36 26 47 60 79 50 42 49 46 31 38 47 27 23 8 14 23 36 34 73 55 26 20 40 63 46 52 44 45 28 30 23 16 13 16 12 15
0 0 0 0 0 0 0 0 0 0 0 0 0 0 0 0 0 1 1 1 1 1 1 5 2 3 4 24 8 4 5 3 1 1 1 0 0 0 0 0 0 0 1 1 1 1 2 3 8 10 14 16 18 17 36 43 29 28 23 39 27 24 28 42 25 14 25 37 21 30 10 30 23 13 26 14 15 40 27 36 31 25 29 38 27 29 40 47 26 27 14 8 11 7 7 7
0 0 0 0 0 0 0 0 0 0 0 0 0 0 0 0 0 0 1 2 3 3 1 2 9 2 3 12 20 21 6 3 2 1 0 0 0 0 0 0 1 1 0 1 2 2 3 3 4 5 6 8 13 17 27 17 20 19 23 23 26 25 30 33 34 45 47 54 41 41 42 37 25 10 18 26 11 29 32 39 45 43 35 62 40 20 29 18 16 22 11 6 5 8 7 4
0 0 0 0 0 0 0 0 0 0 0 0 0 0 0 0 0 0 1 2 3 4 3 3 4 6 3 6 25 16 7 3 2 1 0 0 0 0 0 1 1 1 2 1 2 3 3 4 5 6 8 10 11 13 8 10 9 10 10 10 11 10 11 35 43 42 22 41 40 35 27 23 23 11 11 23 32 28 33 62 47 49 49 51 42 34 20 18 14 17 15 9 5 4 6 2
0 0 0 0 0 0 0 0 0 0 0 0 0 0 0 0 0 1 1 3 3 2 1 4 15 8 4 6 16 17 11 5 1 1 0 0 0 0 0 1 1 2 3 6 4 4 3 6 11 15 21 18 10 8 7 11 10 11 22 23 17 25 21 16 14 17 22 22 27 34 44 47 49 8 17 15 40 39 47 31 32 46 51 41 41 61 46 25 19 11 7 5 6 3 3 2
1 0 0 0 0 0 0 0 0 0 0 0 0 0 0 0 0 1 1 2 3 5 1 4 5 12 11 14 25 22 12 5 2 1 1 0 0 0 1 1 1 2 3 3 5 11 7 3 9 18 26 34 22 12 15 20 34 33 37 50 41 39 33 23 32 48 29 27 18 38 54 54 49 43 26 46 62 27 57 32 64 58 44 61 46 36 42 40 46 16 7 5 4 2 1 1
2 0 0 0 0 0 0 0 0 0 0 0 0 0 0 0 0 1 1 2 3 4 3 2 5 7 26 20 12 9 6 3 1 0 0 0 0 1 1 1 2 3 4 4 5 8 9 19 10 14 20 21 23 31 27 35 37 44 60 49 34 36 44 32 22 17 31 35 19 25 14 12 10 7 32 8 29 68 41 34 12 29 65 63 41 41 58 31 34 15 18 7 2 3 2 2
2 1 1 0 0 0 0 0 0 0 0 0 0 0 0 0 0 0 1 2 5 5 6 2 4 8 11 28 10 5 3 1 0 0 0 0 1 1 1 2 2 3 4 5 7 10 13 15 23 16 22 23 33 52 31 33 42 43 45 51 47 58 54 52 35 19 35 33 43 27 31 23 21 16 52 16 12 18 22 22 14 6 62 73 53 54 60 62 34 26 21 14 9 11 3 1
1 2 1 0 0 0 0 0 0 0 0 0 1 1 0 0 0 0 0 2 2 5 15 6 3 10 12 29 12 6 1 1 0 0 0 1 1 1 2 2 3 4 5 7 11 14 28 20 28 40 32 44 40 44 40 36 38 42 66 54 60 49 42 58 54 32 24 28 29 21 57 22 14 26 27 35 29 49 43 35 33 22 15 53 56 61 69 53 27 18 8 9 8 2 2 2
5 2 1 0 0 0 0 0 0 0 0 1 1 1 1 0 1 1 1 1 4 8 7 12 2 6 11 21 13 7 4 2 1 0 0 1 1 1 3 2 3 4 5 10 19 20 39 33 24 20 49 69 75 48 45 22 36 39 58 44 68 51 42 38 38 32 18 26 19 50 15 18 14 18 21 12 20 28 31 27 25 22 27 26 47 33 18 37 30 16 12 5 3 3 3 1
3 1 0 0 0 0 0 0 0 0 0 1 2 2 1 1 0 1 1 2 4 6 9 15 8 9 17 27 18 12 7 3 1 0 0 1 2 2 2 3 4 5 8 18 23 34 41 41 42 33 38 55 62 60 44 23 35 43 30 52 65 60 18 64 19 32 30 23 18 36 15 11 10 26 33 23 33 43 58 43 57 31 32 28 25 16 27 23 16 15 7 4 3 2 1 1
1 0 0 0 0 0 0 0 0 1 0 0 1 3 4 1 0 1 3 6 6 3 15 30 19 15 25 27 16 17 9 3 2 1 0 1 2 2 2 3 6 7 10 16 25 37 40 45 49 51 44 57 70 64 53 23 33 47 49 43 51 54 17 37 37 32 41 17 25 22 9 17 24 23 16 16 18 31 38 19 38 49 53 29 33 21 16 18 10 5 5 5 5 4 3 1
0 0 0 0 0 0 0 0 1 1 1 1 2 4 5 3 1 2 3 14 11 4 11 28 28 10 7 54 35 13 8 4 2 1 0 2 3 3 2 7 8 13 13 21 30 28 48 53 54 64 48 62 68 51 56 19 33 37 44 50 43 40 37 37 43 39 31 29 20 10 14 18 22 21 20 17 19 38 31 27 32 29 60 56 36 42 31 15 6 5 3 2 3 2 1 1
0 0 0 0 0 0 0 0 1 2 3 2 2 3 9 7 2 1 4 10 16 8 14 28 40 14 16 55 21 19 14 6 2 0 0 2 3 2 7 5 12 18 15 24 26 30 58 58 59 62 63 55 45 54 79 39 20 42 56 38 29 23 19 42 35 31 27 34 22 8 11 13 22 21 32 30 36 64 51 46 38 37 42 40 43 48 30 22 14 8 5 4 3 1 1 0
0 0 0 0 0 0 0 1 1 1 3 3 2 5 12 10 4 2 11 10 12 18 16 33 51 56 45 51 38 26 13 5 1 0 1 3 4 4 5 13 8 20 29 23 19 28 52 61 65 61 64 68 60 58 78 52 49 18 35 63 40 36 22 20 16 36 31 29 11 8 9 26 22 16 20 27 35 72 58 47 57 28 27 26 30 28 34 26 11 7 6 4 3 2 2 1
1 0 0 0 0 0 1 1 1 2 4 8 6 8 10 16 5 3 9 12 15 23 23 38 57 73 43 55 24 17 15 4 1 1 1 1 2 12 6 9 18 14 28 26 29 49 53 49 64 67 65 64 73 80 80 73 29 16 41 51 55 33 23 23 21 16 9 9 9 8 31 20 10 33 16 23 19 41 37 45 35 43 60 39 23 17 10 10 10 9 5 3 3 2 1 0
1 1 0 0 0 0 1 2 3 4 6 6 14 6 16 22 8 10 6 26 31 29 24 42 58 47 31 20 13 12 6 3 1 0 1 1 4 10 14 9 11 26 11 47 33 41 56 47 51 75 69 49 71 74 71 76 61 22 18 21 35 43 29 23 15 8 3 2 4 10 41 19 22 32 85 69 47 46 43 50 58 62 45 52 38 36 22 16 13 7 5 2 1 1 0 0
1 0 0 0 1 0 1 2 2 6 8 9 20 8 18 24 12 22 9 19 43 38 57 38 64 45 22 17 9 7 5 1 1 1 2 2 3 6 11 15 25 16 19 25 57 37 38 52 65 79 71 61 51 51 56 76 75 24 19 25 29 22 21 15 8 11 5 3 16 24 9 29 52 63 65 72 58 65 52 65 70 55 40 18 26 19 23 18 9 6 4 1 1 0 0 0
0 0 0 1 1 1 2 3 4 4 10 14 29 18 24 34 16 24 33 18 26 44 30 74 51 50 19 13 11 4 1 1 1 1 3 4 5 3 4 4 8 17 27 55 35 43 58 59 56 61 71 73 41 40 32 33 63 50 29 15 19 14 8 4 3 1 4 12 11 23 13 9 17 48 18 50 82 80 73 70 75 52 33 29 24 11 9 7 9 6 1 1 1 1 1 0
0 0 1 2 3 2 3 4 6 8 11 16 22 32 20 41 19 21 42 35 35 57 34 61 64 29 11 8 2 2 3 4 3 1 5 5 4 5 4 11 12 16 25 44 66 45 38 54 49 66 60 60 56 50 33 36 27 49 31 14 17 12 12 9 9 3 3 13 9 17 19 25 34 23 22 23 49 60 70 53 34 32 29 25 15 11 10 6 3 2 1 1 0 0 1 0
0 0 1 3 4 2 3 5 4 8 14 20 24 32 34 60 25 25 44 48 46 60 82 55 33 33 20 10 6 5 7 6 5 2 2 5 4 7 10 11 13 20 27 40 45 64 46 43 54 58 60 50 61 53 39 24 15 31 22 16 9 9 8 9 10 5 3 17 11 12 22 26 68 48 42 32 23 14 43 52 45 20 18 13 15 11 4 1 1 0 0 1 1 1 1 1
1 0 1 4 5 4 3 7 5 12 27 23 26 29 63 60 32 34 36 50 51 67 79 30 46 35 15 13 15 13 17 18 7 6 3 5 5 8 17 8 16 30 45 48 39 55 45 66 52 59 64 79 47 28 28 25 33 8 6 35 11 6 18 11 6 4 12 31 13 14 18 55 75 54 42 33 32 34 27 34 37 26 16 16 16 10 4 3 2 1 1 1 2 2 2 2
1 1 1 4 6 6 3 11 12 16 32 27 45 41 48 59 65 47 56 43 60 55 84 71 45 25 25 26 19 28 28 22 10 5 3 2 8 15 9 19 27 31 53 63 68 53 67 28 17 25 63 23 45 34 39 22 7 4 5 7 10 3 9 5 2 4 22 11 11 13 10 15 10 25 37 29 32 36 27 24 25 15 20 16 17 16 10 11 4 2 1 2 2 2 4 3
1 1 1 6 7 12 4 13 19 21 20 30 26 56 59 34 32 70 54 53 47 69 74 50 41 34 35 34 40 57 25 12 5 6 7 2 5 7 27 24 31 39 46 69 49 68 56 48 34 49 50 10 55 60 42 14 19 12 10 3 20 2 5 3 2 3 6 30 17 8 22 50 39 49 45 38 34 39 38 43 31 29 24 20 18 20 20 5 4 1 1 3 3 3 5 1
1 2 3 6 11 17 7 8 13 26 33 40 24 23 45 68 35 27 75 71 43 67 76 53 58 31 58 74 52 25 16 14 11 7 5 2 4 4 11 22 27 56 59 46 33 51 48 61 61 61 41 30 47 62 52 47 24 8 6 5 13 3 3 3 1 4 10 7 5 6 18 28 32 38 47 52 36 35 26 34 17 13 15 36 29 25 11 5 1 2 3 4 4 7 7 2
1 4 7 9 13 11 16 15 16 12 20 47 19 18 40 58 63 54 19 41 49 68 53 49 41 66 48 27 29 19 19 20 15 5 7 3 6 10 17 17 13 34 39 29 40 46 50 42 59 57 53 42 64 58 39 28 10 15 3 4 4 6 1 2 4 5 1 9 15 18 17 30 44 43 41 51 33 30 23 32 42 30 44 31 27 14 14 6 3 4 4 5 8 8 7 3
3 6 8 8 13 22 19 30 27 21 15 29 58 24 48 44 52 68 49 25 38 70 28 53 79 40 37 37 35 34 24 12 5 8 9 6 8 13 19 17 24 39 32 24 44 52 27 25 53 47 23 19 30 26 30 8 13 7 12 2 3 4 4 2 16 20 5 20 29 15 38 39 55 58 61 62 47 33 39 41 46 39 45 27 25 20 8 4 3 5 5 6 11 15 4 3
4 7 10 5 8 34 42 31 28 26 44 31 41 63 39 43 53 27 70 41 41 41 78 62 49 54 55 54 50 40 21 9 6 7 16 6 7 14 28 33 33 43 49 45 47 30 35 42 27 29 25 21 22 21 17 17 10 7 5 8 1 1 2 10 11 4 9 12 30 22 44 33 40 58 66 50 42 51 42 44 48 45 32 32 23 11 3 4 6 6 10 11 14 15 5 4
6 14 11 8 11 26 29 47 51 28 43 50 48 53 66 42 58 33 29 56 29 32 70 69 63 55 51 53 49 26 24 19 13 5 10 3 6 10 19 38 45 49 33 47 40 48 37 34 37 44 29 18 20 22 22 16 8 5 4 6 2 1 3 2 3 15 18 18 10 19 34 33 47 37 46 70 42 42 24 22 25 25 39 30 19 10 6 5 8 8 13 9 30 11 8 6
6 10 15 12 16 18 31 32 38 47 60 53 49 55 74 69 35 28 35 32 61 65 70 59 65 69 64 59 51 37 27 22 16 7 16 5 5 12 22 36 45 60 56 54 52 49 45 56 32 33 32 23 15 19 16 21 14 4 1 1 2 2 2 2 4 2 1 1 4 28 20 25 41 42 46 35 29 15 12 31 45 41 17 29 32 21 7 10 9 15 12 10 32 12 9 7
9 18 22 24 27 20 23 41 45 48 65 64 62 55 65 68 50 48 37 40 35 65 67 64 47 60 57 56 37 47 36 25 18 16 22 3 14 22 25 27 20 54 62 60 50 55 58 45 35 51 52 47 13 17 24 16 5 5 2 1 1 2 4 2 2 4 8 11 10 14 17 21 24 24 42 17 19 23 17 54 46 22 32 29 28 35 16 21 18 11 12 7 22 13 11 9
10 15 40 26 31 31 27 43 51 52 51 65 61 58 74 52 56 63 47 38 37 56 53 48 45 56 58 53 49 35 32 28 35 25 7 2 13 30 38 43 37 53 67 53 51 57 41 30 42 63 50 42 37 21 22 11 7 6 2 2 2 1 3 2 5 8 19 21 16 25 25 35 25 18 15 22 39 48 29 49 45 44 33 29 23 24 31 25 12 15 11 4 15 22 4 6
14 11 34 45 34 36 31 49 56 52 50 51 64 71 69 65 54 67 47 31 42 78 54 70 50 55 62 64 51 38 44 43 33 19 11 6 8 23 51 64 58 59 49 64 48 52 40 32 42 30 23 21 28 32 12 6 5 4 2 3 3 1 2 4 6 12 17 17 27 13 25 17 10 14 17 47 41 52 60 19 37 37 44 44 30 24 45 30 15 18 9 11 21 14 6 9
15 15 25 53 53 38 45 54 52 54 57 47 59 70 68 56 50 36 48 31 40 66 59 72 56 54 54 48 52 40 58 37 27 18 19 11 15 28 40 54 73 73 66 53 62 32 31 45 31 22 21 22 20 16 45 11 3 4 2 3 2 2 3 2 3 4 22 25 13 9 10 17 18 30 27 51 50 55 39 47 42 24 47 39 30 36 38 23 28 14 9 10 34 13 9 14
22 46 38 43 55 42 37 55 55 50 61 48 27 38 71 73 64 44 39 56 38 77 77 45 57 64 41 45 41 53 45 41 35 14 16 12 16 39 42 47 47 60 54 67 52 51 28 44 47 21 31 34 26 26 19 7 6 2 3 1 1 2 3 4 5 7 26 6 11 4 13 28 48 22 33 54 35 36 53 45 14 22 44 46 51 41 31 18 27 20 11 14 28 24 16 15
27 33 53 57 56 42 43 55 51 48 49 56 46 48 52 67 59 26 34 58 35 74 59 60 59 45 26 47 40 48 57 46 45 26 18 14 19 42 40 54 68 54 37 62 32 49 41 29 40 38 51 38 34 20 14 5 5 2 2 2 1 1 9 5 2 13 6 6 22 19 38 30 26 41 34 22 36 60 33 17 13 41 59 46 46 47 26 21 17 18 25 16 16 35 21 18
39 50 51 58 58 46 54 52 54 50 32 48 49 58 54 57 56 57 67 69 60 66 51 55 48 58 49 50 61 38 55 60 44 33 34 12 18 40 62 53 59 53 54 50 46 36 51 17 31 31 39 31 24 12 12 7 10 4 2 1 1 3 1 3 3 8 6 14 17 16 15 28 50 62 33 28 57 49 44 30 31 40 16 23 45 51 27 24 18 29 28 19 15 57 25 32
43 49 45 48 18 38 64 44 55 56 43 43 55 60 46 57 43 66 60 71 62 53 65 44 43 54 72 66 39 52 47 54 53 33 28 13 18 45 45 53 52 43 61 58 57 35 19 58 26 56 28 27 14 21 10 15 5 5 3 1 1 3 6 7 1 3 7 18 24 12 11 34 63 53 28 52 45 29 33 76 60 26 32 48 34 27 31 15 21 29 28 21 32 63 47 41
44 35 21 12 11 20 62 43 29 35 42 30 34 55 71 65 32 31 63 51 60 56 64 63 24 54 70 46 41 52 37 62 60 52 25 5 15 35 42 58 48 44 51 59 64 51 24 16 6 7 34 32 10 16 10 16 8 4 2 1 1 4 2 9 5 5 7 6 19 13 19 48 55 27 34 55 49 9 46 44 30 47 62 51 37 31 27 10 32 32 34 24 46 82 54 32
45 48 36 35 35 27 37 58 21 26 21 43 36 45 65 54 68 31 43 62 61 69 71 73 54 30 54 58 52 35 62 52 52 43 25 11 10 22 46 62 27 47 65 60 54 35 32 29 25 22 17 18 27 8 3 3 2 1 2 0 1 2 1 2 4 3 5 3 6 9 32 27 34 46 29 31 19 20 37 31 35 56 56 40 29 14 11 10 24 31 33 30 51 67 54 20
60 45 50 46 32 37 31 33 40 38 31 62 39 44 37 43 60 63 56 69 71 61 69 54 23 35 48 43 41 49 63 56 33 33 41 20 16 13 30 42 13 27 33 32 35 27 24 19 54 42 23 17 10 6 5 3 1 7 0 0 0 1 2 1 5 7 3 2 12 20 8 19 11 25 25 28 9 46 37 60 38 35 26 27 29 18 13 24 26 36 36 44 51 69 22 18
41 41 48 42 46 31 25 43 61 60 26 26 50 47 23 24 20 36 62 60 30 32 37 39 48 15 46 58 32 63 49 48 46 34 43 20 31 11 26 45 47 22 29 33 18 23 10 5 12 21 10 30 22 11 3 0 0 0 0 0 0 1 1 2 3 6 2 11 13 8 11 13 19 22 9 17 41 52 66 32 32 34 39 45 28 17 14 28 39 39 38 29 61 70 53 19
40 60 46 46 46 45 33 47 62 46 44 29 21 37 46 26 43 32 21 47 27 42 58 52 40 31 47 30 32 62 51 55 40 20 37 21 26 18 11 30 32 53 42 26 21 29 25 11 17 24 28 23 10 8 6 3 1 1 1 0 0 1 1 1 2 2 5 12 17 18 12 14 10 7 29 35 28 44 46 30 26 33 39 32 24 22 16 35 40 30 39 39 24 45 57 23
47 46 44 36 46 60 32 44 46 53 44 38 48 30 18 46 42 26 33 46 55 21 17 30 29 51 45 62 34 39 55 44 33 52 29 16 23 32 14 34 43 52 58 22 25 43 24 9 19 26 9 17 7 8 6 2 2 2 1 1 1 0 0 1 2 3 6 2 3 4 10 6 21 39 19 23 22 23 24 22 15 24 28 35 30 21 17 27 46 28 42 31 36 35 41 27
42 41 60 43 55 61 24 37 49 54 49 41 49 44 57 37 57 69 37 45 51 21 31 34 40 64 57 72 39 43 46 46 56 29 23 15 16 46 19 20 36 48 32 32 37 38 8 6 47 67 14 16 12 4 3 2 6 1 1 0 0 0 0 1 1 1 1 3 8 12 17 22 10 18 13 9 11 27 20 19 29 47 27 26 32 16 27 28 45 25 31 10 4 14 43 62
41 49 59 57 49 42 24 37 51 56 52 38 30 30 49 59 39 28 39 37 28 15 28 23 51 49 70 50 48 64 61 53 35 34 15 5 7 47 20 19 23 32 30 28 32 29 2 12 22 23 30 17 10 2 1 1 1 0 1 0 0 1 0 0 0 0 1 3 12 23 29 30 16 10 8 13 45 39 22 24 39 32 31 44 11 18 31 36 33 20 10 7 19 23 22 43
47 29 31 56 47 54 41 18 48 48 55 40 42 27 41 32 47 22 22 22 14 29 28 31 29 53 44 58 62 76 55 58 45 42 31 4 27 42 17 20 29 15 26 27 24 19 4 12 11 13 17 10 12 8 6 1 1 1 1 1 0 1 0 0 0 1 3 13 5 8 15 9 6 9 18 29 36 23 18 48 42 35 41 17 16 34 56 26 9 8 13 27 19 53 36 44
43 13 35 50 58 50 50 30 21 37 47 29 36 33 44 48 31 23 32 25 6 28 70 38 36 38 25 36 44 52 55 56 39 24 28 14 28 20 27 21 35 29 24 30 34 23 14 10 8 10 9 16 5 6 4 1 1 1 1 1 0 1 0 0 1 3 1 4 5 3 13 18 11 25 23 30 35 36 31 47 39 23 18 11 33 49 14 7 8 16 19 35 45 40 45 32
38 18 20 15 44 49 58 36 7 23 39 26 35 25 63 46 28 8 16 23 10 33 43 29 30 13 38 51 51 47 54 40 44 36 21 19 21 17 21 15 6 25 21 37 28 30 34 42 29 25 14 26 10 4 2 1 1 0 1 1 1 0 0 0 3 3 1 3 2 3 6 23 27 43 19 17 42 47 31 27 16 29 8 26 32 13 4 14 19 28 31 31 36 50 48 34
47 32 39 12 43 57 52 32 9 7 8 32 38 25 28 38 16 23 20 31 25 10 26 37 24 21 45 52 49 40 35 30 43 35 30 31 35 11 26 19 9 13 17 23 34 19 14 11 11 8 6 12 3 2 2 7 4 1 1 0 0 0 0 2 1 1 1 1 4 2 5 19 26 28 23 26 50 44 39 31 18 13 26 28 17 5 12 28 26 25 32 27 38 40 39 39
58 26 41 13 20 45 32 16 11 10 12 15 23 47 34 33 20 18 13 24 15 23 41 24 25 40 25 44 48 43 29 41 29 19 35 32 23 21 17 27 18 11 15 16 21 17 30 15 12 17 23 12 4 3 1 4 3 1 1 1 1 1 0 1 1 1 1 2 2 3 6 14 23 27 22 22 24 25 50 18 12 13 23 9 10 28 29 28 26 28 27 21 16 13 24 39
44 25 39 20 14 45 33 37 26 24 15 17 26 37 39 43 44 26 13 15 11 13 19 28 41 35 50 60 49 29 34 36 21 17 53 33 21 22 17 8 8 13 15 24 21 22 31 16 22 15 19 7 13 4 1 2 10 3 1 1 1 0 0 0 0 1 1 1 3 3 4 11 21 26 26 11 21 40 33 39 33 17 7 12 14 19 18 35 34 23 32 21 19 12 16 6
35 26 39 29 22 27 16 38 19 19 20 17 26 22 17 29 22 18 16 15 24 8 13 44 35 43 40 37 40 34 34 33 34 21 42 30 28 18 34 11 24 26 10 13 24 32 37 22 27 25 12 5 11 3 2 3 5 1 1 1 1 0 0 0 2 1 3 4 1 1 7 10 6 14 19 12 32 51 71 34 19 10 4 12 9 39 30 23 27 32 51 42 19 16 19 7
48 25 39 27 18 16 10 29 37 23 23 23 20 22 16 28 16 16 8 7 14 6 16 28 38 26 38 45 36 34 29 32 25 37 40 30 39 57 21 14 16 16 19 14 34 18 26 31 17 17 21 14 5 4 5 4 7 1 1 1 1 0 0 0 0 1 5 5 2 2 4 5 15 25 10 44 45 41 32 35 13 4 10 20 19 24 33 18 27 41 34 40 15 12 15 7
47 28 52 31 13 16 24 17 44 20 34 31 16 10 15 11 10 12 11 7 2 16 15 13 19 18 43 33 23 31 33 14 25 44 20 52 24 55 35 15 29 13 28 19 33 34 29 28 14 23 17 8 5 8 5 4 2 2 1 1 1 0 0 0 0 1 3 3 3 5 3 3 9 13 43 35 20 32 25 32 17 10 12 25 42 25 29 36 38 27 29 20 15 10 13 6
40 26 56 31 11 10 50 28 28 20 22 30 15 20 15 13 13 16 13 6 2 5 2 3 10 12 45 47 41 26 17 13 25 45 34 21 34 32 30 15 27 7 22 8 21 31 35 29 16 23 12 16 5 4 8 6 4 1 1 2 0 0 0 0 0 0 1 3 6 4 3 7 17 35 30 14 15 53 33 19 18 12 25 15 37 37 21 30 28 25 21 11 34 12 9 4
55 23 44 19 10 16 27 26 20 45 40 23 21 13 14 12 17 14 9 9 1 3 4 13 22 28 30 31 31 21 11 14 41 29 36 27 48 23 18 17 28 7 23 16 17 24 47 25 16 24 19 15 5 2 6 4 2 1 1 1 1 0 0 0 0 0 1 3 2 2 3 10 12 12 15 14 19 39 27 6 7 15 33 31 34 30 11 22 41 35 18 10 25 5 8 6
54 26 42 17 11 17 18 50 25 40 54 40 16 10 8 16 24 13 2 5 1 4 5 13 9 13 12 26 13 10 21 15 63 37 41 37 37 17 12 34 16 12 13 38 43 26 26 22 31 21 14 12 8 5 5 2 3 2 1 0 0 0 0 0 0 0 0 1 3 3 4 3 8 8 21 19 33 35 32 8 6 29 33 33 29 28 10 16 26 26 9 9 8 10 10 10
67 55 14 29 13 14 31 44 28 23 37 29 40 7 18 33 16 12 5 4 3 2 4 4 5 8 30 14 21 19 20 34 7 18 10 24 19 13 8 34 13 11 3 18 61 27 19 28 28 16 14 10 7 3 8 7 5 2 1 0 0 0 0 0 0 0 0 1 3 1 4 6 12 10 21 35 17 33 26 12 11 35 22 19 24 15 19 18 12 16 22 9 7 15 10 6
51 18 16 25 13 12 44 40 43 17 12 21 42 4 9 7 5 10 4 7 1 1 4 9 13 12 11 22 22 13 38 15 26 14 29 24 16 19 11 24 9 20 9 15 42 43 23 22 27 22 15 13 6 6 3 2 3 1 1 1 0 0 0 0 0 0 0 1 2 3 9 15 20 20 33 54 6 40 19 17 17 17 23 11 15 11 22 29 17 10 17 10 7 8 10 8
49 20 9 27 19 19 33 7 21 33 6 12 31 13 3 7 6 5 3 4 2 5 18 7 9 9 14 33 17 24 17 26 39 56 33 22 45 15 24 30 11 12 14 20 29 27 18 42 20 16 10 11 11 6 1 2 3 2 1 1 1 0 0 0 0 0 0 1 1 3 5 9 22 38 28 10 20 38 29 11 9 15 28 10 17 21 24 14 20 12 6 13 13 8 5 6
49 8 16 24 14 15 21 4 5 6 14 28 9 14 4 5 2 2 1 3 3 3 3 7 6 7 8 14 20 25 14 22 37 23 14 40 16 10 39 16 22 27 21 20 28 25 19 16 23 8 6 4 8 8 2 2 1 1 1 1 0 0 0 0 0 0 1 1 2 5 4 14 19 11 25 16 26 17 10 5 7 25 21 23 13 16 18 12 10 13 12 7 4 10 2 2
53 8 14 28 13 30 24 11 4 7 15 22 28 19 4 3 4 5 4 1 1 1 5 10 4 3 10 30 13 12 10 34 11 20 45 8 13 16 26 12 24 22 17 39 38 37 25 12 14 10 5 4 8 7 4 3 1 0 0 0 0 1 0 0 0 0 1 2 2 5 7 22 19 14 3 16 31 7 10 9 12 18 23 18 10 15 11 11 4 15 7 16 6 2 1 1
30 10 14 35 9 22 33 21 9 8 6 18 7 12 12 2 3 2 2 3 3 2 2 2 1 3 15 20 25 6 35 6 9 32 25 11 20 25 34 21 6 32 28 36 49 31 20 6 9 20 12 3 2 3 4 4 1 1 0 0 0 0 0 0 0 2 6 2 1 2 12 28 20 11 5 22 21 13 10 8 10 16 16 18 16 9 4 11 7 13 8 2 7 2 2 3
