sesion_6_simulaciones/modelos_agentes/ejemplos_netlogo/scenarios/cgcm2_b2/rob_2098.asc
NCOLS 322 
NROWS 307 
XLLCORNER 451900 
YLLCORNER 4086900 
CELLSIZE 100 
NODATA_value -9999 
[rows 148 to 221 of 307, columns 192 to 287 of 322]
2 5 5 11 21 29 35 42 55 27 45 22 4 2 1 0 0 0 0 0 0 0 0 0 0 0 0 0 0 0 0 0 0 0 0 0 0 0 0 0 0 0 0 0 1 1 1 3 2 5 3 2 2 3 2 1 1 1 5 6 36 36 26 54 49 58 63 39 36 77 47 61 44 17 20 70 31 42 47 30 17 10 3 1 1 0 0 0 0 0 0 0 0 0 0 0
0 1 4 13 10 17 22 41 39 46 21 7 5 2 1 0 0 0 0 0 0 0 0 0 0 0 0 0 0 0 0 0 0 0 0 0 0 0 0 0 0 0 0 1 1 1 1 1 2 2 2 1 1 1 1 0 1 2 3 13 10 17 51 57 29 52 72 72 53 67 78 74 69 27 30 64 33 42 24 12 14 5 3 1 1 0 0 0 0 0 0 0 0 0 0 0
0 0 1 4 5 7 17 21 23 37 11 6 3 1 0 0 0 0 0 0 0 0 0 0 0 0 0 0 0 0 0 0 0 0 0 0 0 0 0 0 0 1 2 1 2 1 0 0 1 1 1 1 0 0 0 0 1 2 3 5 5 11 37 34 27 46 32 38 69 81 77 68 57 40 33 58 45 14 6 4 1 1 1 0 0 0 0 0 0 0 0 0 0 0 0 0
0 0 0 1 0 3 5 4 15 28 9 8 7 1 0 0 0 0 0 0 0 0 0 0 0 0 0 0 0 0 0 0 0 0 0 0 0 0 0 0 0 1 0 0 0 0 0 0 0 1 0 0 0 0 0 0 1 2 3 3 6 15 13 25 35 28 18 38 41 30 51 70 58 46 73 51 35 13 11 5 1 0 1 0 0 0 0 0 0 0 0 0 0 0 0 0
1 0 0 0 0 0 1 2 13 13 25 10 6 1 0 0 0 0 0 0 0 0 0 0 0 0 0 0 0 0 0 0 0 0 0 0 0 0 0 1 0 0 0 0 0 0 0 0 0 0 0 0 0 0 0 0 1 1 2 4 8 7 6 5 19 10 19 24 20 27 28 53 58 59 54 52 29 24 16 5 4 3 4 1 1 0 0 0 0 0 0 0 0 0 0 0
1 0 0 0 0 0 0 1 5 2 18 14 7 1 0 0 0 0 0 0 0 0 0 0 0 0 0 0 0 0 0 0 0 0 0 0 0 0 0 0 0 0 0 0 0 0 0 0 0 0 0 0 0 0 0 0 0 1 1 3 9 4 4 3 4 10 13 10 25 31 36 35 42 55 37 29 31 36 34 24 17 6 3 4 2 1 0 0 0 0 0 0 0 0 0 0
1 0 0 0 0 0 0 1 1 1 6 5 2 1 0 0 0 0 0 0 0 0 0 0 0 0 0 0 0 0 0 0 0 0 0 0 0 0 0 0 0 0 0 0 0 0 0 0 0 0 0 0 0 0 0 0 0 0 1 1 1 1 2 2 2 6 12 9 6 12 21 24 36 52 42 36 13 9 12 11 12 5 3 1 1 0 0 0 0 0 0 0 0 0 0 0
0 0 0 0 0 0 0 0 0 1 2 2 1 0 0 0 0 0 0 0 0 0 0 0 0 0 0 0 0 0 0 0 0 0 0 0 0 0 0 0 0 0 0 0 0 0 0 0 0 0 0 0 0 0 0 0 0 1 1 1 0 0 1 1 2 2 3 4 13 18 22 38 43 57 27 28 30 9 5 2 1 1 0 0 0 0 0 1 0 0 0 0 0 0 0 0
0 0 0 0 0 0 0 0 0 0 0 0 0 0 0 0 0 0 0 0 0 0 0 0 0 0 0 0 0 0 0 0 0 0 0 0 0 0 0 0 0 0 0 0 0 0 0 0 0 0 0 0 0 0 0 0 0 0 1 0 0 0 2 7 7 5 9 23 37 36 47 35 65 64 56 65 42 17 11 9 7 2 1 0 0 1 1 0 0 0 0 0 0 0 0 0
0 0 0 0 0 0 0 0 0 0 0 0 0 0 0 0 0 0 0 0 0 0 0 0 0 0 0 0 0 0 0 0 0 0 0 0 0 0 0 0 0 0 0 0 0 0 0 0 0 0 0 0 0 0 0 0 0 0 0 0 0 1 3 8 7 14 8 24 35 47 30 21 32 35 70 37 16 15 26 25 10 3 2 1 1 1 0 0 0 0 0 0 0 0 0 0
0 0 0 0 0 0 0 0 0 0 0 0 0 0 0 0 0 0 0 0 0 0 0 0 0 0 0 0 0 0 0 0 0 0 0 0 0 0 0 0 0 0 0 0 0 0 0 0 0 0 0 0 0 0 0 0 0 0 0 0 1 2 3 3 6 14 17 20 22 29 69 41 39 45 59 40 59 43 28 26 13 7 3 1 0 0 0 0 0 0 0 0 0 0 0 0
0 0 0 0 0 0 0 0 0 0 0 0 0 0 0 0 0 0 0 0 0 0 0 0 0 0 0 0 0 0 0 0 0 0 0 0 0 0 0 0 0 0 0 0 0 0 0 0 0 0 0 0 0 0 0 0 0 0 0 1 1 3 2 6 12 20 10 30 30 41 37 24 55 59 75 68 34 14 7 5 2 2 1 0 0 0 0 0 0 0 0 0 0 0 0 0
0 0 0 0 0 0 0 0 0 0 0 0 0 0 0 0 0 0 0 0 0 0 0 0 0 0 0 0 0 0 0 0 0 0 0 0 0 0 0 0 0 0 0 0 0 0 0 0 0 0 0 0 0 0 0 0 0 0 0 2 4 3 5 13 14 11 13 12 12 25 34 27 27 28 62 57 51 40 8 4 3 1 0 1 0 0 0 0 0 0 0 0 0 0 0 0
0 0 0 0 0 0 0 0 0 0 0 0 0 0 0 0 0 0 0 0 0 0 0 0 0 0 0 0 0 0 0 0 0 0 0 0 0 0 0 0 0 0 0 0 0 0 0 0 0 0 0 0 0 0 0 0 0 0 1 2 6 6 7 5 12 12 19 50 51 29 53 52 37 44 65 71 39 28 17 7 5 2 2 0 1 1 1 0 0 0 1 0 0 0 0 0
0 0 0 0 0 0 0 0 0 0 0 0 0 0 0 0 0 0 0 0 0 0 0 0 0 0 0 0 0 0 0 0 0 0 0 0 0 0 0 0 0 0 0 0 0 0 0 0 0 0 0 1 0 0 1 0 1 0 1 3 3 5 8 8 6 12 17 28 34 36 50 59 35 50 74 73 40 25 16 8 4 2 2 1 1 1 1 0 1 1 0 0 0 0 0 0
0 0 0 0 0 0 0 0 0 0 0 0 0 0 0 0 0 0 0 0 0 0 0 0 0 0 0 0 0 0 0 0 0 0 0 0 0 0 0 0 0 0 0 0 0 0 0 0 0 0 0 0 1 1 1 1 2 1 1 4 5 9 13 19 14 5 4 9 15 38 37 37 33 33 61 73 43 51 26 9 3 1 2 2 3 2 1 2 1 1 0 0 0 0 0 0
0 0 0 0 0 0 0 0 0 0 0 0 0 0 0 0 0 0 0 0 0 0 0 0 0 0 0 0 0 0 0 0 0 0 0 0 0 0 0 0 0 0 0 0 0 1 0 1 0 0 0 0 0 1 1 2 3 2 3 4 5 7 8 13 19 26 18 13 13 22 30 33 27 33 47 71 44 38 22 6 6 2 7 4 6 5 5 5 2 0 0 0 0 0 0 0
0 0 0 0 0 0 0 0 0 0 0 0 0 0 0 0 0 0 0 0 0 0 0 0 0 0 0 0 0 0 0 0 0 0 0 0 0 0 0 0 0 0 0 0 0 0 1 1 1 0 0 0 0 0 0 1 3 17 5 5 8 8 9 11 17 31 33 26 18 35 32 29 47 64 62 70 58 43 28 11 8 8 12 6 11 4 1 0 1 0 0 0 0 0 0 0
0 0 0 0 0 0 0 0 0 0 0 0 0 0 0 0 0 0 0 0 0 0 0 0 0 0 0 0 0 0 0 0 0 0 0 0 0 0 0 0 0 0 1 0 0 1 1 1 0 1 0 0 0 0 1 1 2 4 6 12 25 16 11 12 17 38 50 37 30 34 34 35 55 50 67 67 44 41 33 23 13 14 11 22 13 5 1 1 1 0 0 0 0 0 0 0
0 0 0 0 0 0 0 0 0 0 0 0 0 0 0 0 0 0 0 0 0 0 0 0 0 0 0 0 0 0 0 0 0 0 0 0 0 0 0 0 0 0 0 1 0 0 0 1 1 2 1 1 0 0 1 2 3 4 2 5 7 8 15 41 23 20 24 36 26 40 25 21 18 32 55 72 52 49 34 25 27 44 18 23 27 9 2 1 1 1 0 0 0 0 0 0
0 0 0 0 0 0 0 0 0 0 0 0 0 0 0 0 0 0 0 0 0 0 0 0 0 0 0 0 0 0 0 0 0 0 0 0 0 0 0 0 0 0 1 0 0 0 1 0 1 3 7 4 2 1 1 3 1 1 1 5 12 6 17 10 38 24 12 11 18 13 48 62 51 53 45 63 29 30 32 47 63 33 44 19 6 4 2 0 0 0 0 0 0 0 0 0
0 0 0 0 0 0 0 0 0 0 0 0 0 0 0 0 0 0 0 0 0 0 0 0 0 0 0 0 0 0 0 0 0 0 0 0 0 0 0 0 0 0 0 1 0 0 1 1 0 1 2 5 5 2 2 1 2 3 3 5 6 14 21 30 34 59 30 20 27 25 41 53 46 67 46 75 27 59 69 66 61 59 38 24 14 4 3 0 0 0 0 0 0 0 0 0
0 0 0 0 0 0 0 0 0 0 0 0 0 0 0 0 0 0 0 0 0 0 0 0 0 0 0 0 0 0 0 0 0 0 0 0 0 0 0 0 0 1 0 1 1 1 1 1 6 1 3 3 10 5 4 1 2 3 11 6 6 9 17 17 23 33 56 43 20 28 43 70 42 45 72 69 73 68 60 74 72 59 25 6 4 3 1 0 0 0 0 0 0 0 0 0
0 0 0 0 0 0 0 0 0 0 0 0 0 0 0 0 0 0 0 0 0 0 0 0 0 0 0 0 0 0 0 0 0 0 0 0 0 0 0 0 0 1 1 1 1 3 3 1 4 5 4 7 11 8 6 4 4 6 7 8 9 8 10 10 15 20 34 58 38 30 33 64 32 33 45 62 68 81 77 75 40 24 15 7 4 1 0 0 0 0 0 0 0 0 0 0
0 0 0 0 0 0 0 0 0 0 0 0 0 0 0 0 0 0 0 0 0 0 0 0 0 0 0 0 0 0 0 0 0 0 0 0 0 0 0 0 0 1 1 1 4 4 3 4 3 16 17 8 6 38 13 11 11 9 9 15 11 13 11 15 14 33 47 46 58 69 48 22 51 36 66 69 48 69 73 75 44 22 15 5 3 2 3 2 0 0 0 0 0 0 0 0
0 0 0 0 0 0 0 0 0 0 0 0 0 0 0 0 0 0 0 0 0 0 0 0 0 0 0 0 0 0 0 0 0 0 0 0 0 0 0 0 0 1 1 1 5 4 13 8 13 18 25 22 18 32 19 14 12 13 11 20 12 9 13 20 21 31 34 52 46 21 59 51 47 55 52 44 38 43 35 56 66 36 23 17 14 7 3 2 1 1 0 0 0 0 0 0
0 0 0 0 0 0 0 0 0 0 0 0 0 0 0 0 0 0 0 0 0 0 0 0 0 0 0 0 0 0 0 0 0 0 0 0 0 0 1 1 0 1 2 1 5 7 15 18 23 18 38 41 48 49 39 36 34 23 13 35 26 17 9 15 24 44 44 57 66 73 53 56 47 70 48 59 44 44 38 18 14 35 25 16 9 4 2 2 1 0 0 0 0 0 1 0
0 0 0 0 0 0 0 0 0 0 0 0 0 0 0 0 0 0 0 0 0 0 0 0 0 0 0 0 0 0 0 0 0 1 0 0 0 0 0 1 1 1 1 4 11 9 10 8 18 35 41 51 58 57 63 47 48 45 32 45 24 21 11 13 25 15 36 46 57 62 57 45 31 54 58 52 45 44 42 41 31 21 23 12 8 6 9 2 0 0 0 0 0 0 1 0
0 0 0 0 0 0 0 0 0 0 0 0 0 0 0 0 0 0 0 0 0 0 0 0 0 0 0 0 0 0 0 0 0 0 1 0 0 0 0 0 0 1 4 2 15 27 13 20 25 32 51 58 65 61 52 70 56 56 58 55 34 39 16 26 32 50 31 42 41 49 42 52 70 45 65 42 52 56 59 55 36 29 19 6 7 5 3 1 1 0 0 0 0 0 1 1
0 0 0 0 0 0 0 0 0 0 0 0 0 0 0 0 0 0 0 0 0 0 0 0 0 0 0 0 0 0 0 0 1 1 1 1 0 0 0 0 1 0 1 3 10 14 27 36 30 36 53 61 67 66 76 81 64 61 65 63 58 47 25 43 42 41 27 26 30 35 38 48 63 59 42 49 66 69 53 52 53 28 18 7 3 3 3 1 1 0 0 0 0 0 1 2
0 0 0 0 0 0 0 0 0 0 0 0 0 0 0 0 0 0 0 0 0 0 0 0 0 0 0 0 0 0 0 0 1 1 0 1 1 1 1 3 8 1 1 1 3 4 9 56 54 59 32 60 63 76 81 51 54 74 69 67 70 64 48 48 67 56 37 25 30 28 33 34 35 70 70 55 57 72 64 47 42 36 27 10 3 2 1 1 0 0 0 0 0 1 1 3
0 1 0 0 0 0 0 0 0 0 0 0 0 0 0 0 0 0 0 0 0 0 0 0 0 0 0 0 0 0 0 0 0 1 1 0 0 0 0 1 3 9 5 2 5 14 13 39 39 62 68 54 66 70 67 72 65 41 77 78 70 65 49 46 62 55 39 26 31 38 34 43 46 62 70 52 62 67 58 46 44 44 24 12 6 2 1 0 0 0 0 0 0 0 1 3
0 1 1 0 0 0 0 0 0 0 0 0 0 0 0 0 0 0 0 0 0 0 0 0 0 0 0 0 0 0 0 0 0 1 1 0 0 0 0 0 1 2 8 18 25 17 21 11 15 18 22 39 66 65 58 70 55 62 55 76 70 64 50 49 71 36 26 24 23 36 42 54 69 72 52 47 47 56 42 33 33 27 19 10 3 2 1 1 0 0 0 0 0 0 1 1
0 2 1 0 0 0 0 0 0 0 0 0 0 0 0 0 0 0 0 0 0 0 0 0 0 0 0 0 0 0 0 0 0 0 0 0 0 0 0 1 1 2 2 12 13 13 6 5 17 16 23 36 62 54 57 74 77 75 78 69 65 71 65 63 42 23 38 38 18 28 31 41 63 37 32 29 32 37 23 25 30 24 10 7 3 2 1 1 1 0 0 0 0 0 1 1
1 1 0 0 0 0 0 0 0 0 0 0 0 0 0 0 0 0 0 0 0 0 0 0 0 0 0 0 0 0 0 0 0 0 0 0 0 0 0 0 0 1 2 1 4 6 4 15 25 20 19 51 25 51 73 45 77 63 49 46 82 76 70 45 17 23 39 45 31 44 42 31 59 27 38 32 34 34 44 36 27 19 14 13 7 3 2 2 1 0 0 0 0 0 0 1
3 0 0 0 0 0 0 0 0 0 0 0 0 0 0 0 0 0 0 0 0 0 0 0 0 0 0 0 0 0 0 0 0 0 0 0 0 0 0 1 1 1 1 2 2 2 9 15 23 20 27 26 36 49 37 47 49 44 35 35 24 51 62 43 49 24 63 64 56 44 54 61 67 66 58 59 57 54 56 43 35 37 26 22 11 2 2 1 1 0 0 0 0 0 0 1
2 1 0 0 0 0 0 0 0 0 0 0 0 0 0 0 0 0 0 0 0 0 0 0 0 0 0 0 0 0 0 0 0 0 0 0 0 0 0 1 0 0 1 1 2 1 5 10 12 26 23 22 37 34 34 47 45 60 62 46 36 46 61 50 69 38 55 68 63 31 45 76 43 66 71 67 67 58 59 58 53 39 16 12 8 3 2 1 0 0 0 0 0 0 0 1
2 2 2 1 0 0 0 0 0 0 0 0 0 0 0 0 0 0 0 0 0 0 0 0 0 0 0 0 0 0 0 0 0 0 0 0 0 0 0 0 0 0 1 1 1 1 4 12 28 31 30 39 35 53 32 53 51 28 41 50 45 44 68 91 92 73 63 58 52 33 35 21 17 34 29 32 31 39 51 48 33 24 17 15 12 5 2 1 0 0 0 0 0 0 0 1
7 5 2 1 1 0 0 0 0 0 0 0 0 0 0 0 0 0 0 0 0 0 0 0 0 0 0 0 0 0 0 0 0 0 0 0 0 0 0 0 0 0 1 0 1 4 3 2 18 15 21 20 15 27 44 48 20 24 36 52 55 51 46 57 37 74 52 63 22 17 44 55 51 45 45 48 42 25 15 24 32 16 16 27 10 5 2 1 1 0 0 0 0 0 0 0
6 4 2 1 0 0 0 0 0 0 0 0 0 0 0 0 0 0 0 0 0 0 0 0 0 0 0 0 0 0 0 0 0 0 0 0 0 0 0 0 0 0 0 1 2 3 2 2 7 7 8 3 4 5 6 6 14 36 35 36 54 58 42 42 28 39 35 13 38 33 18 37 68 64 33 34 54 57 64 58 44 26 7 12 14 5 3 2 1 0 0 0 0 0 0 0
7 4 1 1 0 0 0 0 0 0 0 0 0 0 0 0 0 0 0 0 0 0 0 0 0 0 0 0 0 0 0 0 0 0 0 0 0 0 0 0 0 0 1 1 2 3 2 2 1 2 2 2 5 6 7 10 16 15 37 27 37 27 31 20 16 13 31 23 31 36 32 21 23 45 25 27 55 71 61 55 35 18 13 16 10 3 2 2 1 1 0 0 0 0 0 1
6 3 2 1 1 1 1 0 0 0 0 0 0 0 0 0 0 0 0 0 0 0 0 0 0 0 0 0 0 0 0 0 0 0 0 0 0 0 0 0 0 0 1 1 2 1 1 1 2 2 5 9 12 16 21 27 19 31 15 15 23 48 44 32 45 42 39 23 40 30 47 51 22 38 38 49 62 55 43 30 20 16 9 6 4 2 1 1 1 1 0 0 0 0 1 2
6 3 3 2 3 1 1 0 0 0 0 0 0 0 0 0 0 0 0 0 0 0 0 0 0 0 0 0 0 0 0 0 0 0 0 0 0 0 0 0 0 0 1 1 1 2 2 3 3 3 2 13 30 28 32 42 44 34 45 22 33 44 66 59 43 55 47 41 32 38 61 66 29 40 33 43 73 63 53 47 28 22 9 5 8 2 2 3 1 1 0 0 0 1 1 3
4 3 4 5 2 1 1 0 0 0 0 0 0 0 0 0 0 0 0 0 0 0 0 0 0 0 0 0 0 0 0 0 0 0 0 0 0 0 0 0 0 0 0 0 1 1 5 8 10 7 14 25 23 33 37 41 46 48 53 54 43 51 46 56 59 59 48 42 25 18 26 27 21 26 44 58 49 42 36 20 25 20 9 2 1 1 2 2 1 0 0 0 0 1 1 2
3 6 8 8 3 1 1 1 1 1 1 0 0 0 0 0 0 0 0 0 0 0 0 0 0 0 0 0 0 0 0 0 0 0 0 0 0 0 0 0 0 0 0 0 1 2 3 6 14 24 46 39 25 27 46 64 45 53 68 65 53 39 43 55 40 27 34 25 15 35 44 28 19 28 38 34 37 25 24 22 19 5 2 3 5 3 2 1 1 0 0 0 0 1 1 1
5 9 8 10 7 2 2 3 2 1 1 0 0 0 0 0 0 0 0 0 0 0 0 0 0 0 0 0 0 0 0 0 0 0 0 0 0 0 1 1 1 1 1 1 1 2 1 2 5 7 22 45 60 51 43 64 48 59 74 69 69 31 28 26 23 23 26 34 12 40 38 40 30 26 15 16 17 8 12 14 11 10 13 7 13 3 1 2 0 0 0 0 1 1 1 2
13 14 12 14 8 6 6 4 4 2 1 0 0 0 0 0 0 0 0 0 0 0 0 0 0 0 0 0 0 0 0 0 0 0 0 0 0 0 1 2 3 5 3 2 2 2 3 5 6 8 13 22 33 65 64 56 73 69 50 61 70 68 52 30 17 9 17 32 16 40 49 42 31 19 22 34 31 43 45 35 32 40 26 11 5 3 2 1 0 0 0 0 1 2 2 3
31 17 13 6 13 9 6 3 2 1 1 0 0 0 0 0 0 0 0 0 0 0 0 0 0 0 0 0 0 0 0 0 0 0 0 0 1 0 1 2 5 6 10 6 4 5 7 11 18 16 23 37 45 43 49 52 65 69 67 65 41 52 41 64 54 21 14 19 40 56 54 56 56 50 24 36 54 71 63 55 50 25 7 2 5 2 0 0 0 0 0 0 1 2 4 5
40 25 11 5 8 6 3 2 1 0 0 0 0 0 0 0 0 0 0 0 0 0 0 0 0 0 0 0 0 0 0 1 1 0 1 0 1 1 1 2 3 7 10 15 10 8 15 16 20 32 25 44 51 47 48 53 38 41 62 55 56 54 27 39 30 24 10 43 48 41 44 38 37 46 42 67 49 45 63 54 41 14 16 9 4 2 1 0 0 0 0 0 0 2 4 12
32 22 8 3 3 3 1 1 1 1 1 1 1 0 0 0 0 0 0 0 0 0 0 0 0 0 0 0 0 0 0 1 1 0 1 1 1 3 5 3 5 10 13 19 18 9 20 28 38 38 31 64 57 52 51 50 53 16 20 24 13 22 38 37 14 28 41 62 23 18 22 23 32 52 69 71 65 35 50 31 26 19 12 7 4 1 1 0 0 0 0 0 1 1 2 7
24 13 4 3 2 1 2 2 1 1 1 1 0 0 0 0 0 0 0 0 0 0 0 0 0 0 0 0 0 0 0 0 0 1 3 2 3 4 3 6 13 12 22 23 25 12 18 30 35 44 52 60 53 57 55 36 31 34 41 40 34 40 34 28 24 5 23 11 11 14 36 61 63 65 55 63 66 62 52 35 33 18 14 8 3 2 0 0 0 1 1 1 1 2 2 5
34 19 15 11 8 5 6 4 4 2 1 1 0 0 0 0 0 0 0 0 0 0 0 0 0 0 0 0 0 1 1 0 0 2 4 4 6 5 4 5 5 6 4 5 11 22 38 35 40 38 45 55 52 56 50 60 46 18 63 61 40 36 30 24 25 10 20 26 40 37 52 57 63 75 65 49 64 52 54 33 29 32 16 6 3 0 0 0 0 1 2 2 2 3 4 7
45 30 39 30 10 2 1 2 4 2 1 1 1 0 0 0 0 0 0 0 0 0 0 0 0 0 0 1 1 1 1 2 1 1 4 6 9 7 9 4 6 8 9 6 7 8 28 48 51 53 34 37 51 53 54 52 50 65 47 36 42 53 57 54 19 8 26 36 42 47 55 35 48 50 48 53 58 65 62 57 48 27 15 4 2 0 0 0 1 1 2 1 2 6 11 17
55 52 21 7 2 1 8 6 3 1 1 2 2 1 0 0 0 0 0 0 0 0 0 0 0 0 0 0 1 2 2 3 1 2 2 7 11 15 16 7 20 10 18 14 9 11 12 20 57 70 48 32 49 62 51 52 51 42 60 57 40 42 58 49 14 19 13 10 44 68 71 65 61 61 46 61 63 60 42 44 29 18 21 8 2 1 0 0 1 1 2 2 2 4 10 17
48 24 16 5 4 7 10 5 2 1 2 1 1 1 0 0 0 0 0 0 0 0 0 0 0 0 0 1 2 3 3 5 2 1 1 4 4 8 14 18 30 34 21 29 28 10 13 48 55 63 50 34 40 39 62 46 37 46 29 32 33 54 50 37 24 20 27 34 34 25 53 68 64 77 67 53 76 59 41 32 37 19 4 13 2 1 0 0 1 1 3 3 4 4 6 8
21 27 29 10 8 18 8 6 8 5 2 1 0 0 0 0 0 0 0 0 0 0 0 0 0 0 1 1 3 2 7 7 3 2 3 3 4 7 4 23 32 41 37 24 44 21 22 53 55 31 67 34 44 37 40 71 55 46 72 57 29 31 37 37 20 23 22 22 35 60 61 68 72 55 76 59 45 39 54 25 26 16 4 2 2 0 0 0 1 1 3 3 8 16 16 11
27 28 33 34 29 22 16 10 4 2 1 0 0 0 1 0 0 0 0 0 0 0 0 0 0 0 0 1 1 2 3 3 6 10 7 5 5 7 7 14 16 35 39 53 42 38 32 56 45 37 61 59 22 37 40 21 19 19 45 43 49 18 22 22 17 35 33 49 38 61 70 62 50 63 48 66 50 52 45 33 27 5 1 0 1 0 0 1 1 2 3 2 10 19 17 19
56 51 49 31 30 19 8 7 2 1 1 1 2 1 0 0 0 0 0 0 0 0 0 0 0 0 1 1 1 2 7 7 11 16 15 12 7 7 18 12 22 18 24 64 62 55 44 58 28 29 45 32 28 29 33 44 23 20 22 22 20 42 41 31 27 15 37 48 29 23 14 23 35 27 45 43 53 51 35 28 17 5 1 1 0 0 0 1 1 2 2 3 6 12 16 21
58 46 38 39 24 6 3 4 3 3 2 3 2 1 0 0 0 0 0 0 0 0 0 0 0 1 1 1 2 2 6 13 19 19 20 31 8 6 13 22 22 25 33 47 66 53 40 54 62 59 37 53 79 34 41 44 33 21 20 28 11 11 22 22 45 11 19 28 54 52 37 32 29 9 8 15 24 25 31 20 6 4 2 0 0 0 1 1 1 1 2 4 7 5 10 10
52 33 26 26 15 10 7 3 4 5 3 1 0 0 0 0 0 0 0 0 0 0 0 0 1 1 2 3 4 7 7 14 37 28 19 39 20 15 17 16 31 29 44 49 63 48 34 47 66 74 49 50 68 58 33 42 42 40 24 28 33 27 17 16 37 9 29 58 52 56 58 58 40 36 28 19 8 13 15 17 9 2 0 0 0 0 1 1 2 2 3 3 5 7 17 25
29 29 34 19 18 14 9 14 3 1 0 0 1 1 1 0 0 0 0 0 0 0 0 0 1 1 2 5 9 11 24 32 40 42 42 23 38 27 19 27 47 44 51 56 36 55 71 50 39 19 46 41 23 59 52 35 45 37 22 12 17 33 18 14 17 34 39 41 53 56 62 55 36 54 53 48 35 21 10 6 4 1 0 0 0 0 0 0 1 2 3 3 5 6 10 13
50 33 45 26 20 42 22 6 4 2 2 3 3 1 0 0 0 0 0 0 0 0 0 0 1 1 3 5 8 15 23 46 62 60 54 55 43 57 46 33 54 64 51 31 43 63 69 64 40 42 39 52 50 33 38 37 37 30 29 19 10 24 23 6 6 13 24 40 47 56 73 81 65 54 62 60 65 36 16 4 2 1 0 0 0 0 0 1 1 2 3 3 6 9 11 16
49 42 26 21 18 9 13 13 11 8 5 2 1 0 0 0 0 0 0 0 0 0 0 0 1 1 2 5 7 10 13 34 52 78 71 43 51 69 65 38 45 72 52 46 33 55 68 64 76 55 42 39 54 68 49 20 40 48 40 18 12 8 8 5 18 14 58 69 82 52 41 69 77 45 19 26 39 35 13 3 1 0 0 0 0 0 0 1 1 2 4 5 7 9 11 14
30 36 31 17 8 4 2 10 6 3 3 1 0 0 0 0 0 0 0 0 0 0 0 1 2 3 6 5 5 4 10 21 33 59 81 38 33 75 72 42 40 64 68 44 44 53 52 64 68 62 18 18 42 48 28 25 37 33 31 43 13 10 9 12 14 32 16 14 35 84 54 36 46 53 19 9 12 29 11 2 1 0 0 0 0 0 0 1 1 2 4 4 7 8 16 22
33 29 21 15 17 17 7 8 5 2 1 1 1 0 0 0 0 0 0 0 0 0 0 1 3 4 5 6 12 14 12 15 20 30 53 73 45 43 78 71 43 42 66 51 40 48 49 61 72 66 45 18 60 44 37 27 19 8 9 15 10 4 3 17 20 19 23 47 47 60 67 40 32 14 8 3 1 8 8 1 1 0 0 0 0 0 1 1 1 2 2 2 6 8 7 12
18 15 10 15 9 10 4 8 4 3 1 1 0 0 0 0 0 0 0 0 0 0 0 0 2 3 3 4 6 6 26 16 22 19 39 56 81 44 28 68 60 44 70 51 32 42 45 59 47 53 61 27 25 29 22 42 14 14 8 7 5 11 11 23 15 27 38 37 35 67 64 41 28 32 18 8 1 1 3 2 0 0 0 0 0 1 1 1 1 3 2 7 11 14 14 15
22 20 28 37 15 12 5 6 3 2 1 0 0 0 0 0 0 0 0 0 0 0 0 0 1 2 2 9 10 8 30 53 69 61 65 76 69 62 49 35 36 59 59 44 29 31 50 55 55 34 60 27 27 26 25 35 24 9 10 24 9 8 11 26 69 48 59 54 46 49 26 40 44 44 27 9 4 1 1 1 0 0 0 0 0 1 1 1 1 2 3 4 8 12 21 29
35 33 26 21 15 13 7 4 2 1 1 0 0 0 0 0 0 0 0 0 0 0 0 0 1 1 1 2 5 20 25 38 50 57 28 28 45 69 67 68 29 26 67 50 29 39 36 23 58 33 20 37 11 24 14 12 26 8 11 12 8 6 23 28 56 47 33 35 31 31 53 55 63 43 30 13 1 1 1 0 0 0 0 0 1 0 0 0 1 1 2 2 4 5 10 17
8 12 13 13 10 9 10 6 4 2 1 1 1 0 0 0 0 0 0 0 0 0 0 0 1 1 1 3 6 8 20 12 11 17 36 55 62 39 56 75 76 57 54 41 50 27 28 22 12 15 22 10 22 14 25 7 7 10 6 5 3 6 8 18 13 13 25 45 45 59 67 61 37 27 9 14 5 2 0 0 0 0 0 0 0 1 0 1 2 4 2 6 7 4 12 22
6 3 7 7 4 4 8 6 3 3 2 1 1 0 0 0 0 0 0 0 0 0 0 0 0 0 1 1 2 4 9 15 14 35 44 52 44 46 41 68 46 35 30 37 46 42 45 19 15 38 16 19 9 17 28 10 4 4 8 3 8 8 35 30 35 33 48 56 60 61 67 49 44 26 7 2 3 1 0 0 0 0 0 0 0 0 1 1 3 1 1 4 4 6 7 9
11 10 9 7 3 1 2 5 4 3 2 1 1 0 0 0 0 0 0 0 0 1 1 1 0 0 0 1 1 2 5 13 18 47 54 54 52 40 41 28 37 27 25 19 26 32 51 20 17 17 8 8 16 24 20 12 11 10 4 6 30 16 37 62 42 44 54 54 58 73 71 70 52 26 11 4 1 0 0 0 0 0 0 0 0 1 1 2 2 2 5 5 8 11 12 15
22 23 10 8 6 6 6 6 2 2 1 1 0 0 0 0 0 0 0 1 1 1 2 2 1 1 1 2 3 3 3 7 21 35 66 61 40 53 42 29 38 37 37 34 25 17 9 34 24 12 14 12 11 13 2 21 12 4 5 12 25 41 37 73 71 77 77 45 26 24 64 73 87 59 12 6 2 1 0 0 0 0 0 1 0 1 1 1 2 3 5 10 8 13 21 16
34 16 17 29 23 12 8 6 3 1 1 1 0 0 0 0 0 0 1 2 3 1 2 3 4 2 2 5 5 6 9 5 19 33 53 37 56 39 38 29 40 40 25 40 22 12 12 8 11 6 17 10 5 6 11 4 2 5 3 25 48 50 48 81 87 78 80 91 78 54 48 55 67 46 35 11 5 1 0 0 0 0 0 0 1 1 1 2 3 3 6 7 14 13 16 33
11 5 3 17 11 6 7 2 1 1 1 0 0 0 0 0 0 0 1 2 4 8 6 6 6 4 5 6 7 7 8 11 12 29 33 29 24 35 37 30 48 38 40 50 28 22 19 12 15 6 19 7 3 2 9 12 1 2 13 15 27 23 15 57 83 71 75 86 92 80 36 19 12 17 21 2 0 0 0 0 0 0 0 1 1 1 1 1 2 3 8 5 8 9 19 25
