sesion_6_simulaciones/modelos_agentes/ejemplos_netlogo/scenarios/cgcm2_b2/rob_2063.asc
NCOLS 322 
NROWS 307 
XLLCORNER 451900 
YLLCORNER 4086900 
CELLSIZE 100 
NODATA_value -9999 
[rows 0 to 72 of 307, columns 192 to 287 of 322]
43 39 22 12 34 60 33 16 15 19 22 8 6 4 7 5 3 3 5 4 4 4 2 3 4 8 4 8 8 23 6 2 2 0 0 0 1 1 1 3 3 1 1 7 12 14 12 23 37 45 29 32 38 47 45 57 46 83 48 40 8 11 17 41 53 39 54 49 25 37 20 11 15 20 38 20 18 36 57 25 14 16 16 19 17 13 31 27 25 27 9 22 33 61 20 6
50 29 35 32 41 60 20 30 42 27 17 13 20 17 10 8 11 2 4 6 7 3 2 2 2 9 2 3 2 5 22 8 1 1 0 0 0 1 2 1 3 1 0 2 3 6 13 14 28 70 81 63 44 44 45 46 69 69 68 19 23 13 44 39 50 46 53 38 42 18 6 23 11 20 50 23 53 38 32 35 26 33 34 20 15 7 20 29 30 27 16 27 24 30 16 12
29 54 35 34 60 50 35 17 11 26 26 28 40 40 21 33 20 17 24 23 18 7 4 2 1 1 1 0 1 1 2 8 6 1 1 1 0 0 1 0 0 0 3 6 7 15 16 23 29 52 58 52 62 51 66 76 41 37 45 24 23 29 39 28 31 60 28 25 20 26 13 15 13 20 61 23 61 49 25 42 28 24 31 31 16 5 13 17 30 22 16 42 23 40 13 3
39 39 64 55 45 35 33 32 32 55 31 49 63 49 41 57 40 20 30 44 26 20 13 6 4 2 0 1 1 0 1 1 1 1 1 1 1 0 0 0 1 2 1 2 4 17 17 23 9 20 16 20 31 61 50 57 53 21 29 34 38 20 23 42 29 58 44 37 54 20 29 25 8 8 42 22 30 26 34 40 30 28 31 34 18 6 11 26 40 17 28 25 23 38 9 2
29 22 44 14 52 59 52 40 54 48 47 35 40 34 42 61 45 49 51 54 46 23 16 14 7 10 4 7 4 1 0 0 1 0 0 1 0 0 0 0 1 1 2 3 3 6 7 13 36 55 60 50 47 41 65 70 32 27 9 11 35 34 25 40 42 56 36 25 16 11 8 8 11 7 21 21 17 32 57 64 54 21 20 41 36 26 3 21 24 35 31 18 33 48 16 3
31 25 42 36 23 30 55 27 52 44 32 39 15 40 50 51 53 52 20 16 35 18 13 18 15 14 6 10 6 2 2 1 0 0 0 0 0 0 0 0 1 1 2 6 14 30 38 49 48 32 38 41 45 64 81 59 36 29 9 46 64 62 56 55 44 64 26 32 39 31 40 28 23 17 13 18 27 25 35 28 40 63 46 33 37 27 8 16 23 26 12 18 29 29 18 5
23 12 14 34 24 19 53 21 15 29 37 63 37 19 38 49 45 45 25 9 11 29 35 38 17 15 16 9 8 6 4 2 2 2 1 0 0 1 0 0 0 1 3 6 24 15 22 29 52 41 43 79 45 69 74 43 29 32 18 36 51 58 57 59 68 59 51 45 44 17 28 27 20 30 26 13 5 19 39 43 32 57 37 18 11 35 12 10 13 13 14 26 43 52 13 12
16 12 12 17 37 29 44 55 17 8 17 24 44 14 6 19 11 20 25 13 10 17 9 15 17 13 15 8 12 10 8 7 6 5 4 2 2 1 0 0 1 3 6 11 19 27 28 51 73 69 70 47 60 58 66 38 23 9 17 23 33 29 28 23 24 54 33 26 47 27 24 19 24 29 29 19 6 27 46 25 51 65 44 19 11 29 22 10 11 24 25 29 53 33 19 14
31 24 22 13 21 18 31 57 57 26 12 11 22 31 17 11 6 21 26 17 14 22 6 11 25 16 14 14 13 20 16 13 14 10 6 4 2 1 0 0 1 2 6 10 28 28 21 35 47 62 49 31 73 55 53 22 11 45 65 51 62 51 60 45 51 77 45 34 15 16 23 20 22 23 19 11 7 14 18 32 46 59 45 29 12 14 14 9 8 30 23 33 28 39 18 27
21 24 24 14 12 7 25 26 51 40 31 16 15 17 23 9 9 6 20 19 17 23 7 7 14 16 11 9 6 11 2 5 10 10 7 2 1 1 0 0 0 1 4 8 16 8 9 42 24 19 20 76 51 53 30 15 27 56 61 74 56 83 70 41 61 34 57 46 43 18 19 29 26 14 10 7 6 11 39 20 13 45 48 44 23 11 18 6 9 11 14 39 27 37 21 52
27 25 26 25 12 7 4 5 9 23 15 11 8 22 13 9 11 2 5 14 10 21 26 5 6 6 23 9 2 7 12 2 1 1 1 5 2 1 0 1 1 1 6 14 3 12 20 24 6 12 51 55 27 41 17 11 27 45 42 58 78 80 47 30 32 48 57 56 63 45 56 36 32 26 15 11 5 4 13 25 27 52 66 42 45 16 9 13 4 13 36 16 23 17 19 60
51 33 17 20 20 18 12 7 5 5 6 5 9 9 8 5 4 8 5 5 14 17 14 6 1 4 14 9 3 3 9 10 1 0 0 1 3 1 0 0 3 6 6 2 1 2 10 3 6 33 61 43 20 18 8 34 37 33 41 77 65 58 15 26 39 43 67 63 53 59 45 36 41 42 37 26 9 6 20 22 24 71 48 57 41 30 11 6 5 20 21 12 31 11 35 68
59 43 39 53 44 41 37 20 34 19 15 8 4 3 3 3 3 11 8 3 2 6 5 5 1 3 6 4 3 1 1 4 1 0 0 0 1 2 0 1 2 3 3 6 5 5 16 2 10 43 32 13 3 15 40 54 55 62 83 70 19 26 29 21 21 22 37 38 62 40 21 33 53 55 50 26 10 3 18 28 54 60 24 36 51 32 17 4 5 19 16 11 33 10 28 39
69 66 62 65 61 55 43 38 34 35 31 29 10 8 4 3 2 1 1 1 2 2 1 2 2 3 3 3 1 1 1 2 2 1 0 0 0 1 1 1 1 2 2 1 1 8 3 3 16 10 6 2 5 18 28 40 65 60 53 13 46 63 56 44 45 25 21 22 55 44 58 68 48 33 28 28 13 4 10 22 53 24 17 36 64 35 23 9 3 6 7 10 17 10 22 20
26 65 69 68 60 63 40 48 24 25 38 26 18 17 15 13 7 3 1 1 1 0 0 1 2 2 1 1 0 0 1 1 1 1 0 0 1 2 1 1 1 1 2 1 0 1 1 2 4 3 1 2 6 9 26 39 41 11 36 50 62 57 59 79 83 72 65 46 48 58 64 52 58 44 23 17 9 4 10 22 29 14 9 49 64 64 38 38 15 3 5 8 8 9 29 25
39 58 66 48 55 74 59 34 52 37 26 34 28 34 32 18 11 4 2 2 1 1 0 0 1 1 0 0 0 0 0 1 1 2 1 0 1 1 1 1 1 1 1 0 0 0 2 3 2 1 5 4 5 9 15 24 11 40 44 47 59 72 81 71 66 75 41 34 66 19 50 78 54 41 44 43 39 20 7 21 25 14 5 11 31 58 17 10 13 12 3 11 5 8 27 22
67 19 68 49 43 67 74 75 42 23 33 29 43 39 30 19 19 11 7 6 4 3 1 1 0 0 1 1 1 1 0 0 0 1 1 1 1 1 1 1 1 1 0 0 0 0 0 0 2 7 6 14 13 9 9 27 41 42 46 46 68 58 77 67 68 44 32 60 45 38 38 21 57 33 58 63 62 39 26 8 39 20 14 3 10 32 42 11 4 5 2 3 6 11 8 8
44 14 52 31 47 58 61 42 68 75 44 52 54 18 17 16 21 18 11 9 7 5 3 1 1 2 3 2 2 1 0 0 0 0 0 0 0 1 0 1 1 1 0 0 0 0 1 4 5 6 10 26 25 26 11 26 31 61 59 58 75 60 56 49 32 32 49 62 49 32 19 20 50 54 61 59 64 62 41 12 8 17 18 12 3 12 25 16 10 2 5 0 5 9 4 4
29 32 31 35 23 47 56 33 35 69 39 61 72 42 29 18 30 41 35 21 16 7 3 2 3 2 4 4 6 2 2 1 1 1 0 0 0 0 0 0 0 0 0 0 1 2 5 6 6 8 18 28 25 19 33 39 47 45 33 47 65 33 18 12 30 33 30 79 63 23 25 16 52 50 16 33 70 58 59 38 10 6 30 15 8 3 12 15 15 6 1 1 8 3 1 1
32 13 17 27 19 25 58 22 17 44 52 64 63 49 51 41 11 18 21 30 14 9 7 6 6 5 6 8 8 6 4 2 2 2 1 0 0 0 0 0 0 0 0 1 3 3 4 8 4 12 24 20 37 37 42 44 15 12 27 45 72 30 14 38 52 47 60 67 49 39 24 10 19 54 44 15 33 44 53 49 38 9 7 16 12 3 2 8 17 10 1 1 4 1 4 9
49 18 18 19 5 13 39 21 29 20 39 26 42 18 28 33 7 6 15 32 17 25 11 5 17 11 6 4 5 4 2 1 2 2 2 1 1 0 0 0 0 0 1 3 4 6 3 3 12 27 20 26 47 56 68 65 42 33 46 48 49 19 20 53 53 47 47 21 45 48 32 9 12 25 59 31 13 19 64 37 29 10 3 8 11 2 4 11 7 7 1 1 1 2 8 25
26 6 22 21 5 4 15 38 7 15 46 37 43 20 17 9 9 2 6 31 27 15 10 9 5 5 2 1 2 2 2 2 1 1 2 1 1 1 0 0 0 1 1 2 2 5 5 10 12 13 11 20 33 69 76 79 77 67 51 43 28 14 34 44 63 57 48 27 24 44 19 9 11 18 54 33 14 15 24 46 29 19 7 4 10 4 5 8 4 2 2 7 3 6 23 33
35 7 28 34 10 6 8 18 5 5 36 22 15 7 3 9 9 7 2 4 6 13 27 28 8 2 6 2 1 1 1 1 1 1 1 2 1 0 0 0 0 1 2 3 1 2 1 3 2 3 4 15 33 28 48 68 55 42 22 67 33 15 35 44 43 51 72 42 36 15 10 10 25 40 67 32 14 18 28 54 29 11 6 2 5 8 4 8 2 1 5 28 13 14 14 29
23 17 13 27 3 7 11 16 11 3 4 3 4 13 4 3 10 9 3 5 5 6 17 10 8 2 4 5 2 1 1 0 0 0 1 1 1 0 0 0 0 0 0 1 1 1 1 2 5 5 4 13 14 23 26 21 15 34 57 37 13 26 40 37 54 72 49 37 38 23 10 14 25 45 48 23 20 14 24 47 34 33 12 3 2 4 4 7 1 2 7 6 20 36 19 24
6 5 9 9 5 2 11 18 5 2 4 2 3 6 8 4 6 7 6 2 2 3 4 3 2 1 3 6 4 1 0 0 0 0 0 0 0 1 0 0 0 0 1 1 2 4 5 6 5 8 14 9 7 4 5 13 33 37 64 29 12 41 34 31 58 78 43 51 46 24 16 15 25 57 38 21 26 14 18 31 30 29 23 11 3 1 5 3 1 11 14 15 18 17 58 26
2 3 2 6 2 1 12 16 5 1 1 2 2 1 5 6 3 2 3 3 1 1 2 2 2 1 1 3 8 1 1 0 0 0 0 0 0 0 1 0 0 0 0 1 2 2 5 2 2 7 10 22 19 36 25 30 31 49 50 9 20 34 27 21 47 61 38 40 34 27 12 13 28 58 25 32 25 9 8 14 16 25 13 5 5 1 1 3 9 23 29 33 42 29 21 52
1 1 1 1 1 3 7 6 2 1 0 1 1 0 1 2 3 2 2 2 1 1 1 1 0 1 1 1 1 2 1 0 0 0 0 0 0 0 0 0 0 0 0 0 1 1 1 2 4 5 14 20 20 33 48 63 62 72 35 9 24 31 22 30 70 62 19 36 38 23 14 8 21 54 24 19 17 13 3 6 16 22 7 4 1 1 2 10 24 24 29 30 39 52 67 40
1 0 0 0 0 0 0 1 1 0 0 0 0 0 0 0 1 0 1 2 1 1 0 0 0 0 1 1 1 1 1 1 1 0 0 0 0 0 0 0 0 0 0 0 0 1 2 3 2 12 11 17 24 32 44 72 53 43 8 26 36 25 47 58 80 43 47 23 21 22 19 11 31 53 32 17 15 15 3 5 12 20 11 12 4 1 2 7 11 8 9 9 11 17 38 43
0 0 0 0 0 0 0 0 0 0 0 0 0 0 0 0 0 0 0 0 0 0 0 0 0 0 1 1 0 0 0 0 0 0 0 0 0 0 0 0 0 0 1 1 1 2 5 14 4 11 8 11 18 18 56 44 21 6 22 35 35 32 56 79 49 27 38 20 18 19 16 9 17 46 60 32 18 8 3 4 11 22 15 7 3 0 2 4 3 9 12 21 26 25 25 41
0 1 1 2 1 0 0 0 0 1 1 1 1 1 2 1 1 1 0 0 0 0 0 0 0 0 0 0 0 0 0 0 0 0 0 0 0 0 0 0 0 1 1 1 2 4 6 4 14 10 10 9 21 23 53 14 8 14 29 37 32 34 55 77 35 24 22 33 15 6 6 8 28 48 21 43 22 8 3 2 15 13 16 7 2 0 3 7 15 27 17 32 43 40 35 17
1 2 2 3 2 0 0 2 1 2 2 3 3 3 4 3 2 2 1 1 0 0 0 0 0 0 0 0 0 0 0 0 0 0 0 0 0 0 0 0 1 2 2 4 5 7 8 7 12 29 34 33 21 32 17 7 3 21 25 33 18 33 53 64 40 16 21 28 20 11 3 7 36 17 12 49 32 13 4 2 7 6 11 5 1 1 6 8 10 18 20 21 15 16 21 43
4 4 4 3 2 1 1 4 3 3 4 4 8 5 7 7 3 2 2 2 1 2 1 0 0 0 0 0 0 0 0 0 0 0 0 0 0 0 0 1 2 2 2 3 6 9 13 26 20 25 14 47 30 18 18 13 6 17 29 44 44 37 61 27 12 30 32 15 27 9 3 6 15 16 9 45 18 12 3 2 5 5 6 3 1 3 15 24 28 22 19 10 21 24 24 34
11 10 5 8 4 2 2 3 3 4 10 11 11 14 10 5 4 3 3 3 3 3 2 1 1 1 0 0 0 0 0 1 0 0 0 0 0 0 0 1 1 2 2 4 7 10 21 25 20 20 13 7 18 16 21 3 10 19 18 30 29 43 43 48 43 24 16 12 30 21 7 5 13 10 19 48 15 9 5 2 2 4 4 1 3 7 16 38 47 44 46 29 35 46 39 63
16 15 16 8 7 6 3 6 11 13 18 14 16 11 14 9 7 6 5 7 5 5 2 2 1 2 1 1 0 0 2 0 0 0 0 0 0 0 0 1 1 1 2 3 6 16 8 3 27 21 13 7 16 18 3 3 8 11 16 32 46 53 57 29 18 17 24 16 12 15 10 4 13 10 15 25 19 17 6 1 1 3 1 1 4 8 10 13 10 13 16 30 44 46 73 70
21 21 22 20 16 5 4 9 15 23 24 21 22 19 18 16 10 19 12 10 3 2 2 2 2 2 1 1 1 2 0 0 0 0 0 0 0 0 0 1 1 2 5 3 2 4 4 8 8 10 10 3 7 1 3 2 4 7 10 27 44 57 37 52 28 15 14 12 9 16 15 4 5 8 12 17 17 7 4 2 1 1 1 3 9 4 6 12 31 36 40 33 23 68 44 55
35 48 31 10 18 7 11 13 34 29 27 27 30 46 43 26 25 18 10 13 5 4 2 5 5 2 2 2 4 1 0 0 0 0 0 0 0 0 0 1 1 2 4 1 2 4 4 7 6 5 3 2 4 1 3 2 5 16 22 37 28 27 41 55 19 9 7 6 12 10 7 4 3 6 6 17 15 8 4 1 1 1 2 7 16 20 19 19 27 25 23 48 49 61 38 19
56 68 32 29 36 14 11 38 39 52 23 36 43 38 54 33 16 9 20 13 8 5 1 9 2 1 2 4 1 0 0 1 1 1 0 0 0 0 0 0 1 2 1 1 1 4 13 12 7 4 3 2 2 2 5 8 15 10 8 12 18 32 36 52 26 12 11 7 5 3 4 4 2 5 9 7 6 9 4 1 1 3 8 7 15 35 39 43 44 46 27 37 32 36 40 14
48 65 33 30 43 20 20 53 48 53 19 38 63 47 59 30 22 23 28 25 14 4 5 2 3 5 10 1 1 1 1 1 1 1 1 0 0 0 0 0 0 0 0 1 3 9 9 4 10 2 2 1 3 4 6 5 4 2 11 15 16 39 43 35 17 46 43 25 14 11 5 4 2 3 4 3 4 5 1 0 1 6 16 27 27 36 47 45 39 39 41 47 15 5 28 19
65 39 40 34 45 22 25 55 74 51 16 52 72 61 61 58 31 44 56 30 15 6 10 5 10 10 1 1 2 2 1 1 2 1 1 1 1 1 1 0 0 0 0 1 11 4 7 1 2 4 1 2 5 5 6 5 4 10 35 45 37 35 66 32 43 26 30 31 12 6 5 4 1 1 2 3 2 3 1 0 2 5 7 19 20 10 21 10 10 13 9 60 40 17 12 7
83 68 44 35 43 24 39 59 84 43 25 42 69 69 70 40 33 75 37 7 9 23 17 11 12 4 3 3 5 4 2 2 2 2 1 1 1 2 1 1 0 0 0 0 2 2 2 1 0 0 0 1 3 7 7 16 22 25 19 32 48 49 31 46 36 34 10 20 34 10 3 2 1 1 1 2 1 1 1 1 3 6 8 10 9 5 8 15 29 48 64 77 49 14 9 4
77 77 46 49 53 30 41 65 77 48 29 50 85 84 50 60 38 38 12 8 16 43 46 24 13 11 5 4 6 3 3 7 3 1 1 2 1 2 2 1 1 0 0 0 0 0 0 0 0 1 3 4 8 12 14 24 19 17 37 61 61 56 39 47 9 59 40 7 6 25 19 11 4 2 0 1 1 0 0 1 2 3 3 7 5 7 27 33 30 27 36 61 26 13 9 3
76 65 44 58 53 50 38 66 76 50 37 52 84 75 58 45 21 12 4 16 37 44 26 9 6 3 2 12 10 5 7 5 2 1 1 2 2 3 2 0 1 0 1 0 0 0 0 0 1 1 3 3 6 8 8 11 17 35 27 72 53 24 22 70 36 15 45 14 5 3 7 6 10 7 2 1 0 0 0 1 3 3 3 4 7 15 25 27 24 38 26 35 29 17 7 3
77 64 39 62 56 54 50 51 61 39 35 51 65 33 33 26 11 14 11 24 50 21 14 13 5 5 3 18 14 7 16 6 2 2 2 4 4 6 4 1 1 0 1 1 1 0 0 0 1 1 1 2 7 6 14 21 11 31 41 59 14 5 24 60 23 20 11 36 10 2 2 3 7 5 5 3 1 0 0 0 2 3 4 3 5 12 38 18 13 46 20 18 22 6 3 2
49 47 42 63 54 44 59 47 72 73 61 53 46 37 50 46 34 40 19 30 43 23 18 13 9 7 7 24 20 9 18 7 5 4 4 7 7 6 2 2 4 2 1 1 0 0 0 0 0 1 1 3 7 6 7 12 7 17 43 18 11 6 37 58 33 6 3 5 15 5 2 2 2 1 5 2 1 0 0 0 1 2 4 3 14 26 41 17 15 38 16 6 8 11 2 1
59 29 63 71 61 70 69 85 79 90 90 83 47 66 66 63 59 29 26 47 39 22 16 9 10 15 9 27 26 23 14 11 8 9 9 14 19 8 3 3 10 4 1 0 0 0 0 0 1 1 3 4 4 6 3 5 12 36 49 11 6 8 15 52 35 17 4 1 11 9 4 1 1 1 8 1 0 0 0 1 2 3 4 6 8 7 7 6 12 10 15 10 9 7 1 0
50 47 52 62 79 83 88 89 76 75 79 81 83 74 47 45 38 29 34 29 17 23 18 21 32 22 22 53 37 48 22 19 15 18 21 33 33 10 8 6 9 3 1 1 0 1 0 0 0 1 1 2 2 2 2 6 15 22 17 13 5 6 7 58 16 13 10 1 6 11 6 1 1 1 2 3 1 0 0 1 1 3 7 11 9 6 6 4 6 5 7 4 3 1 0 1
60 59 37 41 56 64 80 55 51 48 62 65 66 74 50 43 47 60 49 32 29 33 30 42 58 42 30 59 54 43 26 36 23 32 27 37 22 14 16 5 2 1 2 2 1 1 1 0 0 0 2 1 2 3 3 1 7 6 9 28 7 6 12 22 11 2 9 3 3 4 3 3 1 1 0 9 1 0 0 1 2 3 2 11 5 4 5 3 3 1 1 1 1 1 2 5
70 73 51 31 56 52 55 65 48 59 67 52 63 78 82 67 79 70 50 41 54 51 53 49 58 46 40 64 62 33 41 41 39 42 49 48 29 16 4 1 1 3 3 2 3 2 1 0 0 0 0 1 2 3 3 2 6 6 3 6 6 7 8 19 20 2 4 4 2 7 4 1 2 1 1 1 1 0 0 1 1 2 5 8 4 4 3 2 4 1 1 0 1 2 4 6
53 66 79 49 28 33 56 57 75 42 38 38 72 54 62 92 88 49 67 65 65 61 62 53 57 50 51 73 60 51 50 46 49 66 62 26 7 6 8 6 8 6 5 3 4 4 2 0 0 0 0 2 1 1 4 3 6 5 3 3 5 3 3 7 26 2 1 3 2 2 2 1 1 1 1 1 0 0 0 1 1 2 9 4 1 1 1 2 1 0 0 1 1 2 5 5
77 75 76 80 45 17 21 66 64 58 15 19 36 50 77 84 67 89 89 71 62 78 73 42 62 52 70 62 60 55 58 48 62 76 76 34 23 16 23 19 24 20 9 8 10 3 1 0 0 0 0 0 0 1 4 3 6 5 2 2 2 1 0 2 11 3 2 1 1 1 1 2 1 1 0 0 0 0 0 1 1 1 2 1 1 1 0 1 0 1 1 1 4 6 5 6
60 45 52 84 46 37 31 32 31 38 28 6 28 74 83 82 61 57 84 63 78 79 67 51 72 68 80 75 69 76 58 57 58 51 56 34 30 33 31 30 8 8 20 27 3 2 1 0 0 0 0 0 0 0 1 3 5 7 2 2 2 1 0 4 10 3 2 1 1 1 1 1 1 0 1 0 0 0 0 1 1 2 1 1 0 0 0 1 1 3 4 5 5 6 3 4
32 51 50 80 80 30 35 21 24 21 24 13 31 45 50 56 72 82 67 30 63 33 72 81 91 87 82 58 74 55 69 53 47 27 63 58 59 43 19 15 4 1 22 13 7 3 2 1 0 1 1 0 0 0 0 0 1 2 1 1 1 1 1 2 4 5 2 1 1 0 0 0 1 0 0 0 0 0 0 0 1 1 1 1 0 0 2 2 3 3 4 9 8 6 5 5
21 26 42 46 78 74 41 18 18 17 16 14 24 46 61 69 35 72 72 35 66 59 35 50 73 52 71 46 65 29 19 41 29 27 41 79 60 38 19 52 19 17 19 15 13 4 2 1 2 2 1 0 0 0 0 0 0 0 0 1 1 0 1 3 3 5 2 1 1 1 1 1 0 0 0 0 0 0 0 0 0 0 1 0 0 1 1 2 3 3 4 4 21 9 6 3
10 17 28 8 43 83 42 23 11 8 13 15 13 21 30 47 51 70 46 51 65 46 16 46 66 48 46 39 42 64 47 48 41 21 28 66 75 80 75 65 48 31 30 33 20 6 4 3 7 1 1 1 1 1 0 0 0 0 0 0 0 0 1 2 2 3 2 1 1 1 0 0 0 0 0 0 0 0 0 0 0 0 0 0 0 0 0 1 3 1 2 6 8 7 4 9
19 11 22 44 41 56 80 37 30 10 5 7 8 10 31 25 48 68 14 24 71 65 28 16 72 78 51 34 47 54 24 21 26 16 15 36 53 55 48 22 31 31 15 22 23 17 19 15 5 1 2 2 2 2 2 3 2 0 0 0 0 0 0 0 1 3 1 1 0 1 0 0 0 0 0 0 0 0 0 0 0 0 0 0 1 0 1 1 2 3 3 4 6 8 14 16
26 10 7 29 46 55 82 61 27 19 9 7 7 9 9 6 29 20 16 55 86 38 20 11 15 55 28 31 26 45 39 24 27 23 18 53 36 18 14 10 13 5 5 42 18 34 40 29 10 6 7 4 4 2 1 0 1 0 0 0 0 0 0 0 0 1 1 1 1 1 0 0 0 0 0 0 0 0 0 0 0 0 0 0 1 2 2 2 3 4 4 6 8 9 8 20
45 29 18 11 13 17 33 59 29 31 12 6 4 6 12 5 15 10 31 31 79 33 20 16 8 17 14 23 9 35 37 16 14 14 19 31 28 9 5 9 7 5 6 11 23 18 12 5 5 5 3 3 3 3 3 0 0 1 0 0 0 0 0 0 0 0 1 1 1 0 0 0 0 0 0 0 0 0 0 0 0 0 1 1 0 0 1 7 2 6 8 9 13 12 19 27
21 18 31 11 10 29 34 56 58 33 21 6 4 3 4 6 8 12 13 30 63 75 42 19 6 5 11 3 6 26 36 16 10 11 7 8 9 7 4 6 5 5 4 5 25 14 12 5 2 1 2 0 1 1 1 1 0 1 0 0 0 0 0 0 0 0 0 0 0 0 0 0 0 0 0 0 0 0 0 0 0 0 0 0 0 1 4 5 7 10 10 11 12 19 19 30
35 26 9 6 7 15 23 35 52 25 14 9 3 2 2 5 2 5 16 56 45 63 41 31 13 4 14 12 3 4 18 9 11 8 3 3 4 11 3 3 4 2 2 3 11 13 15 6 3 2 1 1 0 0 1 1 0 0 0 0 0 0 0 0 0 0 0 0 0 0 0 0 0 0 0 0 0 0 0 0 0 0 0 0 1 2 2 6 3 3 2 3 8 16 18 12
49 39 13 5 2 12 12 20 37 35 10 7 3 3 3 3 2 11 28 49 19 29 39 12 9 7 4 8 8 1 7 11 4 5 2 4 3 2 2 3 4 3 1 1 3 10 16 9 5 3 2 1 0 0 0 0 0 0 1 0 0 0 0 0 0 0 0 0 0 0 0 0 0 0 0 0 0 0 0 0 0 0 0 1 1 1 2 3 3 2 2 5 7 9 10 11
50 36 18 13 3 4 8 15 53 9 10 4 2 2 2 2 2 7 27 15 2 15 62 12 7 8 3 3 3 7 5 4 2 2 3 1 1 1 1 2 3 1 1 1 1 4 15 7 8 3 1 1 0 0 0 0 0 0 0 0 0 0 0 0 0 0 0 0 0 0 0 0 0 0 0 0 0 0 0 0 0 0 1 1 1 1 3 3 2 3 4 4 5 9 10 8
45 35 17 7 6 4 7 9 35 10 3 6 3 2 1 1 1 9 11 6 18 29 52 25 9 4 5 8 2 9 5 3 3 2 3 1 2 1 0 1 1 1 1 3 6 8 11 9 14 10 4 2 1 0 0 0 0 0 0 0 0 0 0 0 0 0 0 0 0 0 0 0 0 0 0 0 0 0 0 0 0 0 0 0 1 1 2 2 4 5 5 5 7 4 10 15
35 22 12 7 6 4 2 5 10 28 6 2 3 1 1 1 1 5 5 7 6 17 44 23 9 11 3 4 4 9 3 2 2 2 1 1 1 1 1 1 0 0 1 10 4 3 9 5 10 9 8 3 1 1 0 0 0 0 0 0 0 0 0 0 0 0 0 0 0 0 0 0 0 0 0 0 0 0 0 0 0 0 0 0 0 0 1 2 2 3 3 10 7 10 21 14
31 23 9 6 5 4 3 4 5 13 11 2 1 1 1 1 1 1 2 4 7 17 52 19 11 5 7 2 3 5 2 1 1 1 1 0 1 1 0 0 0 1 3 6 1 3 4 2 7 6 5 4 2 1 1 0 0 0 0 0 0 0 0 0 0 0 0 0 0 0 0 0 0 0 0 0 0 0 0 0 0 0 0 0 0 0 1 1 1 3 3 5 5 3 7 10
70 41 21 4 2 3 2 3 3 7 10 4 2 1 1 1 1 1 1 1 7 9 36 16 4 3 3 3 2 1 3 1 1 1 1 1 1 1 0 0 1 2 2 1 1 2 1 2 3 5 7 5 6 3 2 1 0 0 0 0 0 0 0 0 0 0 0 0 0 0 0 0 0 0 0 0 0 0 0 0 0 0 0 0 0 0 0 0 1 1 3 7 4 4 7 2
24 60 41 15 4 2 1 2 3 4 20 4 3 1 1 1 1 0 1 1 4 7 19 19 4 2 2 2 2 2 1 3 1 0 0 1 1 0 0 1 1 4 2 1 1 2 2 1 3 5 2 2 3 4 3 1 1 0 0 0 0 0 0 0 0 0 0 0 0 0 0 0 0 0 0 0 0 0 0 0 0 0 0 0 0 0 0 0 1 2 2 4 3 3 5 8
7 57 10 38 18 7 1 1 1 4 10 3 2 1 1 0 0 0 1 1 4 9 8 16 8 4 2 1 1 1 1 2 1 1 0 1 0 0 0 0 2 1 2 0 1 1 0 1 3 5 1 1 2 2 6 2 1 0 0 0 0 0 0 0 0 0 0 0 0 0 0 0 0 0 0 0 0 0 0 0 0 0 0 0 0 0 0 0 1 1 2 1 2 4 6 7
14 15 7 28 10 13 4 1 1 1 4 3 1 1 0 0 0 0 1 2 1 1 15 15 16 8 4 3 1 0 0 1 1 1 0 0 0 0 0 0 1 0 0 0 0 2 0 1 5 4 2 0 0 0 3 1 1 0 0 0 0 0 0 0 0 0 0 0 0 0 0 0 0 0 0 0 0 0 0 0 0 1 0 1 1 0 0 0 1 1 1 2 5 6 8 9
15 11 8 6 7 3 11 2 0 0 1 2 1 0 0 0 0 1 1 1 3 11 18 16 21 8 4 2 1 1 1 1 1 0 0 0 0 0 0 1 1 0 0 0 1 2 1 2 6 4 3 1 0 0 0 0 1 1 0 0 0 0 0 0 0 0 0 0 0 0 0 0 0 0 0 0 0 0 1 0 1 1 1 1 1 1 0 1 1 1 1 1 2 1 3 5
11 7 9 4 5 1 3 4 0 0 1 1 1 0 0 0 0 0 1 2 5 7 13 9 10 11 3 2 1 1 1 0 0 0 0 0 0 0 0 1 0 0 0 0 0 1 1 1 3 5 2 1 1 0 0 0 0 0 0 0 0 0 0 0 0 0 0 0 0 0 0 0 0 0 0 0 0 0 0 1 1 1 1 1 1 1 1 3 2 0 1 0 1 3 5 7
8 9 12 4 2 1 1 1 1 0 0 1 1 0 0 0 0 0 2 5 3 2 7 5 4 7 4 1 1 1 1 0 0 0 0 0 0 0 1 1 0 0 0 0 0 1 0 1 4 1 1 1 0 0 0 0 0 0 0 0 0 0 0 0 0 0 0 0 0 0 0 0 0 0 0 0 0 1 1 1 2 3 3 3 4 3 3 3 2 1 1 1 1 1 4 6
2 2 3 3 1 1 1 1 1 0 0 0 0 0 0 0 0 1 1 1 2 1 4 9 2 3 1 2 1 0 0 0 0 0 0 0 0 0 1 0 0 0 0 0 0 0 1 4 8 0 0 1 0 0 0 0 0 0 0 0 0 0 0 0 0 0 0 0 0 0 0 0 0 0 0 0 0 0 0 1 1 1 1 2 5 3 6 5 3 4 2 2 4 3 3 4
1 1 1 1 1 1 1 0 0 0 0 0 0 0 0 0 0 0 0 1 1 1 1 1 1 1 1 1 0 0 0 0 0 0 0 0 0 0 0 0 0 0 0 0 0 0 1 1 4 1 0 1 1 0 0 0 0 0 0 0 0 0 0 0 0 0 0 0 0 0 0 0 0 0 0 0 0 0 0 0 0 1 1 1 5 4 9 11 6 9 8 8 7 6 5 14
