sesion_6_simulaciones/modelos_agentes/ejemplos_netlogo/scenarios/cgcm2_b2/rob_2036.asc
NCOLS 322 
NROWS 307 
XLLCORNER 451900 
YLLCORNER 4086900 
CELLSIZE 100 
NODATA_value -9999 
[rows 146 to 218 of 307, columns 0 to 95 of 322]
1 0 1 2 2 1 14 3 3 1 15 23 6 19 10 14 23 13 8 2 1 1 1 1 3 2 1 1 1 1 1 1 1 1 4 5 2 4 10 17 14 19 26 28 2 21 20 22 23 13 13 28 34 19 8 8 14 29 24 22 16 44 32 24 12 26 27 32 58 54 46 73 55 70 61 74 78 70 77 67 42 66 75 61 40 42 63 36 65 76 61 62 58 61 58 73
6 8 16 5 17 2 1 1 7 5 19 28 19 57 27 27 48 26 7 8 3 3 1 1 1 0 1 1 1 1 1 0 2 3 1 1 4 4 5 4 5 12 20 41 25 13 24 14 22 19 17 13 11 43 59 28 26 22 20 23 34 31 39 20 28 36 51 31 50 62 45 59 66 63 78 52 65 60 75 65 24 35 46 55 33 9 12 25 64 61 62 69 34 38 27 63
0 10 7 7 13 21 17 10 3 2 3 50 38 42 38 42 59 40 31 43 17 22 6 3 0 1 0 1 0 0 1 0 1 1 1 2 1 2 2 2 10 12 11 8 17 7 19 19 11 22 12 15 27 9 18 32 28 15 9 29 40 43 34 26 38 51 56 34 41 70 66 59 36 45 67 77 26 21 21 36 34 27 12 18 50 39 12 7 30 24 20 22 39 35 19 39
4 11 12 16 22 30 19 34 30 7 10 26 38 56 60 66 74 40 46 45 43 32 6 14 2 0 0 0 0 1 4 3 0 1 0 1 1 2 2 3 6 4 2 7 14 55 25 19 8 10 7 20 22 21 6 6 7 4 28 22 21 56 36 26 37 60 56 56 57 67 39 20 15 51 37 33 62 14 16 41 37 21 27 19 9 41 17 11 8 14 6 29 16 38 23 8
2 1 4 24 14 41 33 7 18 31 13 19 71 73 73 44 77 62 60 68 45 13 9 5 6 3 0 2 1 1 1 5 1 3 5 4 1 4 5 4 3 3 6 28 43 27 15 12 9 9 9 12 13 13 25 19 25 26 28 29 43 55 30 26 59 58 67 73 51 12 56 34 32 46 66 26 30 9 3 11 23 23 17 30 12 14 35 21 9 12 7 5 9 13 17 6
1 1 3 2 3 3 3 5 7 6 19 8 25 61 61 52 78 74 69 16 6 6 16 11 24 13 4 1 1 0 1 2 20 14 14 22 32 3 2 4 12 17 40 33 10 11 5 12 7 5 15 13 14 13 16 13 31 34 35 39 60 51 48 33 57 75 61 48 77 39 19 56 59 30 36 12 25 44 20 9 11 19 20 11 15 9 12 33 22 11 9 5 3 10 14 11
9 2 2 2 3 3 4 8 8 13 7 25 13 7 5 6 8 7 13 16 10 33 34 25 47 10 29 7 6 6 4 4 14 1 0 0 3 29 2 2 12 7 14 19 16 28 29 38 16 8 14 15 20 17 5 17 23 56 32 54 57 62 72 88 85 70 65 39 42 85 41 35 33 40 22 6 11 12 38 23 11 12 23 18 10 14 9 10 28 9 7 6 2 2 6 6
12 10 8 4 5 3 3 11 1 4 18 14 13 20 12 13 9 21 31 44 70 47 72 37 32 15 13 11 7 23 12 1 1 2 2 0 1 2 12 3 1 42 7 10 15 10 4 10 23 14 24 31 29 21 7 14 22 42 67 55 78 66 78 78 77 78 69 23 37 69 74 54 35 22 31 18 13 11 19 13 19 13 11 17 12 10 8 8 36 18 4 3 4 1 6 6
37 15 32 21 14 14 19 3 5 4 7 11 13 35 36 12 5 18 49 53 68 82 60 75 47 32 41 36 15 18 49 26 9 1 3 3 7 6 5 13 2 27 10 8 22 3 6 10 7 27 33 45 55 42 41 21 28 45 66 64 47 38 75 78 75 66 68 50 35 51 79 27 34 20 14 11 18 6 19 35 13 19 16 8 8 6 7 5 10 7 13 4 2 1 1 2
52 37 48 27 35 23 19 26 4 3 9 5 35 24 10 27 19 15 13 52 67 58 51 62 42 33 43 35 18 5 18 61 52 30 20 6 8 10 10 15 6 24 52 16 21 12 6 6 7 13 12 16 32 9 14 43 30 57 42 24 22 25 30 55 53 22 31 19 49 61 57 51 27 21 25 9 9 13 14 24 19 10 15 11 5 6 5 5 5 4 5 8 4 2 1 1
25 47 36 61 67 39 18 54 10 4 8 9 9 11 27 32 20 33 22 13 17 50 58 18 29 54 24 54 28 5 5 7 34 60 42 20 13 11 9 13 13 30 56 12 19 19 15 21 25 28 27 33 23 23 27 24 40 69 52 49 52 48 23 15 8 27 23 26 19 33 34 53 57 28 13 8 9 12 14 19 20 30 7 9 5 4 3 2 3 5 4 1 7 2 1 1
58 75 56 76 59 19 46 70 19 18 19 7 28 53 42 22 41 29 28 16 18 19 13 49 31 11 19 48 58 18 15 10 7 52 51 43 45 33 32 40 35 19 58 57 19 14 22 27 26 27 40 57 27 41 48 25 19 42 51 40 36 25 13 23 24 7 3 16 36 38 42 52 24 27 12 10 14 13 20 13 15 11 15 5 4 3 1 1 2 2 3 2 2 3 1 0
40 78 32 78 33 61 63 67 12 29 35 15 12 10 26 29 33 62 55 66 22 14 20 20 21 19 29 70 26 70 24 36 28 51 20 41 41 72 40 31 39 20 46 57 64 22 18 15 37 26 27 22 18 39 46 23 39 72 70 73 34 45 51 40 36 16 14 20 26 27 25 36 25 14 23 6 11 18 15 16 8 6 8 7 2 1 1 0 1 1 1 2 2 2 2 1
11 68 49 64 62 69 65 20 31 52 44 27 23 15 14 10 14 26 28 63 38 11 18 22 60 58 52 60 22 67 67 21 23 30 58 65 51 75 85 45 38 13 23 56 62 48 41 24 37 11 8 15 47 45 33 29 36 29 23 26 21 36 56 49 47 32 30 29 19 22 24 22 15 21 5 9 9 12 7 5 5 4 3 5 6 4 2 3 2 1 1 1 2 2 1 1
13 12 9 50 65 64 22 27 64 35 54 66 45 33 17 22 29 28 37 19 30 49 43 15 49 51 59 66 67 32 82 76 33 14 35 77 73 57 50 63 64 16 27 62 75 78 34 28 32 29 22 18 68 33 81 81 80 66 82 70 48 27 34 32 33 29 30 31 25 14 15 20 16 18 8 13 6 6 6 7 3 3 3 5 2 2 2 2 1 1 2 1 1 1 0 0
12 53 32 23 15 40 32 72 74 46 44 57 26 43 12 30 23 24 36 24 30 33 34 15 60 68 61 82 75 57 73 84 76 44 36 10 29 56 40 21 28 19 11 80 79 75 56 59 44 61 81 88 76 47 41 74 67 36 39 59 57 37 46 35 32 24 21 33 23 10 13 11 13 13 8 9 7 7 4 3 3 3 1 2 2 1 2 1 1 1 1 1 0 0 0 0
34 39 29 47 38 17 51 81 70 75 12 44 62 58 72 33 52 23 19 18 21 10 38 62 82 59 83 88 73 72 49 63 79 51 49 25 56 73 81 82 64 45 28 39 80 66 53 86 52 56 79 78 84 51 33 80 86 56 42 30 69 68 26 53 35 31 19 20 16 12 15 11 10 7 6 7 5 4 4 1 1 1 1 1 2 1 1 1 0 0 0 0 0 0 0 0
27 26 57 31 27 10 43 66 49 78 28 40 71 56 72 50 26 41 32 46 50 53 17 52 66 73 82 84 60 82 66 81 71 74 71 75 67 76 81 72 16 56 63 30 13 48 55 76 57 51 72 68 71 75 40 49 73 90 62 45 55 34 34 31 36 44 39 30 17 9 16 8 5 4 4 2 3 2 1 1 1 1 1 1 1 0 0 0 0 0 0 0 1 1 1 1
23 17 9 24 36 35 14 78 27 27 29 45 53 12 41 55 32 37 31 63 62 35 35 18 53 84 76 83 64 86 71 73 66 58 70 72 83 76 76 82 76 54 21 19 8 11 56 67 47 21 33 67 74 77 75 80 83 80 86 47 32 37 33 40 35 32 41 17 11 16 8 5 4 3 1 1 1 1 2 2 2 1 1 0 1 1 2 2 3 1 2 4 2 3 3 2
10 22 40 31 18 14 15 34 42 39 61 55 64 63 29 51 37 55 19 16 35 70 44 27 13 32 36 69 68 40 16 19 15 32 31 30 72 53 57 69 71 60 46 18 6 12 54 56 44 35 26 22 47 78 77 69 56 56 79 74 33 23 31 30 33 28 15 18 10 4 4 5 4 2 2 1 1 1 1 1 1 2 2 3 5 9 8 8 4 3 4 8 7 11 10 3
19 15 15 13 25 19 23 19 20 19 38 67 66 72 19 17 27 60 61 39 31 27 48 16 30 39 30 31 19 27 43 31 44 40 62 35 30 27 24 26 21 37 27 13 13 17 42 46 56 34 33 31 7 43 40 50 51 62 42 56 50 25 48 44 34 20 17 9 9 6 5 5 2 1 2 2 1 0 1 1 9 11 7 12 15 18 16 24 14 16 36 35 16 25 12 6
11 13 19 43 35 38 33 27 32 31 43 10 15 20 31 41 27 18 62 64 55 30 32 11 30 57 55 46 32 36 54 61 33 62 32 26 28 35 37 34 23 14 21 20 33 33 55 52 56 46 29 15 18 17 23 49 22 16 13 39 22 29 25 16 21 11 7 9 8 3 2 1 2 2 2 2 3 1 7 9 21 21 21 27 29 49 43 29 26 31 10 4 6 5 6 17
17 23 39 23 22 29 30 20 37 58 17 22 44 42 24 44 9 14 18 26 35 24 20 19 35 30 47 40 62 24 54 43 37 42 30 27 37 60 29 58 36 19 14 12 13 23 33 48 39 41 25 39 37 24 31 29 28 22 25 32 48 39 22 7 9 9 7 3 4 2 2 11 10 6 6 9 3 5 14 35 52 41 42 65 54 46 46 28 37 33 13 3 1 1 3 11
35 57 54 61 27 24 27 23 40 48 27 29 44 42 37 21 26 23 41 39 26 31 37 22 34 30 27 48 26 31 45 42 45 36 26 29 24 48 24 58 41 31 24 9 5 4 20 22 66 63 37 30 61 32 17 38 44 54 47 34 38 19 11 7 7 5 2 2 6 5 12 21 27 10 15 16 8 17 40 50 66 80 43 69 47 44 32 33 26 22 13 8 2 1 1 2
11 10 7 9 14 14 40 37 53 29 35 18 32 50 19 9 17 21 25 22 12 10 9 21 30 25 21 28 35 40 37 38 22 30 22 10 34 25 41 57 33 36 50 24 26 12 8 22 24 51 33 45 34 17 19 31 33 26 18 10 9 6 3 2 2 1 6 14 24 18 30 42 40 24 37 24 13 29 56 59 83 64 45 37 21 4 4 16 6 8 5 2 2 1 0 3
15 26 18 35 28 36 24 36 35 31 12 16 26 34 40 36 41 18 17 15 20 6 10 28 56 44 28 24 37 21 18 36 67 35 22 13 32 19 57 20 47 29 38 34 20 11 17 19 12 27 36 29 13 21 18 16 39 15 9 6 4 12 12 16 7 12 21 38 37 36 36 51 34 34 40 33 27 43 61 72 71 52 27 18 13 6 5 5 9 3 2 2 1 1 0 1
12 13 13 30 47 13 16 20 20 28 24 17 40 28 58 39 29 47 36 28 55 25 31 25 47 56 29 52 18 26 36 25 55 55 31 21 25 36 37 17 22 22 33 38 15 25 17 11 12 17 19 24 20 21 19 16 8 4 4 17 15 30 28 29 20 22 39 47 62 62 44 59 58 56 41 53 55 61 64 64 54 65 34 19 9 9 5 2 13 5 1 1 0 1 1 1
15 9 17 27 15 16 14 30 38 27 36 45 40 28 23 23 63 60 35 38 40 31 46 23 31 48 59 39 19 21 15 18 21 19 32 42 12 16 44 38 34 40 30 20 30 21 22 20 12 17 20 22 34 24 13 10 12 16 25 42 38 35 49 36 28 45 49 51 66 50 57 66 77 45 50 58 65 71 79 56 24 18 19 21 13 7 4 2 2 2 1 1 1 0 0 1
11 19 24 18 9 46 34 24 51 63 69 63 57 64 34 18 23 44 37 47 12 32 57 27 34 28 46 60 36 53 34 28 22 24 42 55 22 34 42 51 43 11 11 21 16 21 11 9 17 23 23 39 28 19 25 15 22 25 47 44 40 40 51 40 36 47 56 41 69 63 51 76 62 49 56 76 65 68 29 80 53 49 19 11 12 7 4 4 1 1 0 0 0 0 0 0
10 13 17 14 8 9 17 27 26 36 49 67 50 50 61 20 33 30 21 20 23 52 57 35 19 25 14 34 22 28 22 23 34 33 49 42 23 39 50 49 36 18 8 7 15 15 18 33 18 20 36 25 19 39 22 21 32 51 50 58 50 48 50 39 41 67 69 54 72 68 68 68 82 80 58 63 70 68 28 22 43 53 31 20 7 4 4 4 2 1 1 0 0 0 0 0
10 10 34 10 24 8 14 12 25 33 13 16 14 15 24 36 35 31 60 26 39 56 34 45 12 43 20 45 19 15 24 29 29 27 35 29 30 29 40 44 34 16 5 12 16 17 23 24 24 24 27 40 28 24 23 37 49 48 46 50 47 37 57 52 55 72 68 68 66 85 76 69 65 75 28 27 18 49 55 31 16 32 18 10 6 4 5 1 1 1 1 0 0 0 0 0
10 29 23 56 7 53 42 5 25 18 33 19 45 26 36 29 34 25 25 28 17 40 19 29 21 17 20 24 12 28 31 24 26 29 30 20 26 19 27 43 29 24 24 31 40 17 29 19 37 46 43 56 42 26 40 44 46 57 38 45 64 49 63 66 57 71 56 76 38 57 83 81 78 64 75 57 41 17 12 23 16 10 20 16 12 8 5 8 2 1 1 0 0 0 0 0
47 25 11 22 43 21 11 25 25 30 17 33 19 18 45 24 26 5 24 31 28 10 20 25 17 11 16 6 11 7 10 20 18 47 14 16 16 25 25 10 17 29 12 18 15 26 12 27 41 54 48 48 41 40 38 57 47 56 53 47 54 63 55 60 65 72 52 51 78 38 77 79 58 73 78 82 65 59 54 35 27 18 7 3 7 10 5 5 2 1 1 0 0 0 0 0
30 69 28 38 8 16 12 22 16 16 40 13 18 41 48 55 58 19 20 42 22 15 6 11 25 8 10 9 8 5 7 21 23 24 10 14 14 14 39 25 16 29 14 50 25 25 28 22 46 53 38 35 37 38 36 41 63 55 50 69 68 77 61 54 64 28 45 43 43 53 39 70 46 59 73 77 78 86 69 53 52 55 51 26 6 5 5 4 2 1 1 0 0 0 0 0
11 20 13 14 28 31 16 13 16 21 29 15 35 16 12 14 10 18 19 27 40 12 20 13 14 7 7 3 6 8 10 17 11 11 12 9 13 26 34 24 15 13 27 50 13 39 28 31 38 60 30 34 35 34 35 40 56 64 51 63 76 49 42 73 73 65 48 31 21 8 18 20 32 33 59 69 63 68 72 49 68 51 38 12 8 8 6 3 4 1 1 0 0 0 0 0
9 12 26 19 18 25 21 12 4 19 3 5 13 16 49 23 40 15 16 17 26 13 9 13 11 9 13 5 4 5 11 7 8 17 3 4 8 32 17 15 9 19 20 35 29 24 29 34 44 37 23 39 29 31 43 31 57 70 74 59 64 73 30 14 12 19 26 46 39 29 15 11 6 17 28 53 42 65 78 36 51 68 35 20 12 5 5 4 3 1 1 1 0 0 0 0
6 31 18 9 10 15 10 8 3 4 5 8 7 21 23 16 23 22 21 22 13 25 7 19 9 10 16 3 3 7 3 6 14 8 11 16 18 33 5 5 12 24 21 31 26 18 23 25 31 20 39 52 42 49 50 45 60 57 55 37 41 60 27 27 50 65 70 56 54 40 35 43 14 5 10 34 30 56 71 53 34 33 28 18 10 8 7 4 3 2 1 1 1 0 0 0
5 12 11 12 12 10 8 4 2 1 2 6 12 5 10 16 14 19 8 4 3 3 6 4 3 14 8 4 7 5 3 3 9 5 2 5 11 13 9 11 15 15 30 36 14 17 23 22 34 36 56 74 56 76 70 83 69 58 66 39 27 11 64 51 20 53 71 55 60 61 60 40 19 15 6 7 9 20 52 26 18 8 6 11 3 6 2 2 2 2 2 1 1 0 0 0
12 2 4 9 2 5 2 1 1 0 1 1 1 3 11 5 3 5 8 4 3 2 2 2 1 3 3 3 6 3 1 1 1 3 4 3 10 7 5 10 16 36 60 76 56 56 41 40 38 23 74 41 80 71 58 66 41 46 64 73 26 23 22 77 34 32 48 68 52 45 67 68 70 39 25 8 4 2 3 2 4 4 2 7 7 2 2 1 1 2 1 1 1 0 0 0
0 1 3 2 2 1 1 0 0 1 5 0 1 1 2 5 4 3 4 3 2 2 3 3 1 1 2 3 2 1 0 0 1 7 25 25 31 46 57 62 61 76 49 79 64 71 70 17 45 63 32 30 61 56 63 67 43 70 74 56 50 35 16 52 73 29 10 34 61 74 61 56 30 28 34 27 10 3 5 1 3 3 3 2 5 4 1 1 1 1 1 0 0 0 0 0
0 1 1 1 1 0 3 12 22 3 6 5 13 1 1 2 2 1 1 1 1 1 1 1 1 1 5 5 6 1 0 1 2 1 3 22 38 56 51 56 54 73 52 56 74 74 73 36 26 32 80 55 25 52 21 35 33 69 82 65 55 45 30 31 82 40 38 19 39 56 78 23 11 20 22 34 24 17 13 7 3 2 1 1 2 4 2 1 0 0 0 0 0 0 0 0
1 3 2 3 3 9 16 6 9 11 12 5 6 4 2 1 1 1 1 1 0 1 6 4 11 10 3 2 5 1 0 6 4 2 4 6 11 51 58 63 49 40 36 36 63 77 85 84 32 35 55 61 41 26 49 17 50 57 78 73 24 37 28 16 80 58 27 24 24 72 71 82 41 32 21 12 9 6 4 5 8 6 2 1 1 1 2 1 1 1 0 1 0 0 0 0
6 7 4 22 12 17 21 33 31 30 12 10 13 4 4 1 0 1 0 1 1 0 0 1 2 3 10 8 2 2 2 2 4 8 2 6 19 41 53 67 55 30 21 30 46 77 84 83 87 83 31 42 39 38 25 16 35 58 70 74 27 33 38 31 53 85 59 37 20 12 15 39 19 20 13 28 17 6 4 2 2 2 3 2 1 0 1 1 1 1 0 0 0 0 0 0
7 14 18 21 31 29 41 22 48 41 20 37 27 10 28 14 11 4 1 0 0 0 0 0 1 1 3 13 1 1 3 2 8 7 11 12 11 10 5 4 51 52 18 36 27 34 59 65 82 87 78 49 51 63 39 50 32 64 77 64 67 25 44 37 25 79 88 67 46 17 9 11 37 24 13 11 16 16 5 4 2 2 2 2 2 0 0 1 1 1 0 0 0 0 0 0
1 2 4 30 44 32 67 70 72 69 52 47 24 40 54 37 18 7 12 3 2 1 1 1 2 5 12 4 3 3 3 8 17 8 12 19 17 16 12 12 12 23 21 22 15 32 67 42 70 80 88 57 49 47 60 55 12 55 70 68 65 47 34 31 16 69 78 81 51 44 9 3 26 44 16 4 5 3 7 2 2 2 1 1 2 1 0 0 1 1 0 0 0 0 0 0
4 5 8 46 51 66 70 62 58 78 82 57 66 62 61 46 25 28 19 12 5 1 3 5 13 39 31 5 2 4 5 9 6 11 7 15 16 22 28 17 11 12 12 10 27 33 51 44 15 65 80 85 46 37 46 24 19 15 43 51 83 76 20 22 40 49 50 74 27 40 28 5 6 23 17 9 5 5 7 5 2 2 1 0 1 1 1 0 0 0 0 0 0 0 0 0
2 3 3 3 4 6 22 33 35 14 41 74 86 77 71 39 33 54 30 18 24 3 4 3 2 4 31 44 8 2 6 9 8 19 16 12 20 20 32 19 28 38 31 24 19 11 56 59 45 32 57 76 63 32 15 13 33 12 20 47 47 41 30 23 24 37 23 70 22 28 19 21 3 10 12 15 10 7 7 4 4 2 1 0 0 1 1 0 0 0 0 0 0 0 0 0
1 2 4 14 18 26 64 28 28 21 26 20 62 82 85 65 57 57 25 32 12 24 7 19 14 5 3 6 10 5 2 8 14 30 9 12 9 16 31 27 24 25 19 21 35 33 32 12 38 64 37 47 14 17 9 25 20 28 21 22 44 51 36 28 11 13 13 52 55 16 7 14 12 3 5 5 9 4 3 2 2 1 1 1 0 0 0 0 0 0 0 0 0 0 0 0
1 3 2 2 8 6 15 20 16 29 16 5 15 41 65 78 76 27 7 7 8 32 16 29 18 14 9 4 4 9 6 44 31 12 47 22 22 26 31 20 27 43 52 38 46 31 38 22 23 20 67 44 35 23 16 12 22 26 19 21 37 55 37 21 19 12 21 36 55 32 12 5 16 10 5 1 1 5 3 2 1 1 1 1 1 0 0 0 0 0 0 0 0 0 0 0
3 0 2 5 12 15 9 11 15 23 30 21 42 17 17 24 35 19 11 17 37 8 13 24 55 55 7 10 6 43 19 19 51 40 59 23 68 30 22 21 27 29 27 40 33 37 37 26 25 26 24 35 24 24 28 21 17 23 12 6 11 18 29 26 25 18 13 18 25 31 14 14 16 7 8 3 1 3 3 1 2 0 1 0 0 0 0 0 0 0 0 0 0 0 0 0
16 3 13 4 5 10 11 19 25 34 22 25 9 29 41 24 31 23 12 22 5 24 24 16 7 19 24 35 33 6 14 37 33 14 24 24 12 52 19 28 29 38 19 26 18 20 19 28 33 33 19 10 36 39 26 34 21 16 16 15 8 13 29 14 13 12 8 9 15 28 7 8 6 4 4 3 1 1 1 2 1 1 0 0 0 0 0 0 0 0 0 0 0 0 0 0
28 23 2 2 12 4 27 50 14 13 28 25 22 47 16 30 14 12 8 6 11 19 17 20 17 11 16 19 9 17 7 42 19 37 33 51 10 22 41 14 21 36 29 40 38 16 22 26 21 31 14 23 6 16 13 41 15 18 13 22 14 12 5 5 3 1 1 3 5 5 3 1 5 3 2 5 3 2 2 1 0 1 1 0 0 0 0 0 0 0 0 0 0 0 0 0
29 22 51 9 9 26 4 4 34 36 11 32 14 40 16 31 27 14 12 23 33 38 21 10 22 24 17 22 48 49 34 9 8 14 33 23 20 6 49 34 32 26 13 18 36 32 21 13 24 30 20 7 34 21 13 37 24 8 15 6 6 11 5 4 2 1 1 0 3 6 5 1 2 3 3 4 3 2 4 1 0 0 0 0 0 0 0 0 0 0 0 0 0 0 0 0
14 29 43 25 4 3 26 10 3 9 23 16 7 13 28 19 12 7 12 16 28 27 55 38 28 28 25 23 57 67 38 24 11 25 39 31 48 21 6 52 24 36 34 30 17 16 21 29 24 25 11 5 10 4 4 15 10 8 7 3 4 8 5 4 3 1 1 1 1 2 3 2 4 4 4 5 6 2 1 1 1 0 0 0 0 0 0 0 0 0 0 0 0 0 0 0
37 26 61 37 45 15 5 50 11 19 49 14 31 24 12 36 12 10 11 10 9 23 38 36 31 35 33 30 45 72 73 49 22 18 61 48 50 32 14 27 66 24 23 56 34 35 26 32 32 15 9 3 3 4 4 4 8 6 3 2 2 2 3 5 2 2 1 1 0 0 0 1 1 1 1 1 2 3 1 1 0 0 0 0 0 0 0 0 0 0 0 0 0 0 0 0
43 33 26 50 23 29 38 12 60 31 48 65 42 49 32 16 15 14 18 43 17 35 59 47 32 35 36 27 18 22 66 54 37 26 24 58 37 27 21 14 19 50 16 15 17 20 23 32 46 25 32 11 6 4 4 3 3 2 2 8 2 1 1 1 1 1 1 0 0 0 0 0 0 0 0 1 1 1 1 1 0 0 0 0 0 0 0 0 0 0 0 0 0 0 0 0
17 57 45 55 42 51 63 51 27 22 12 9 18 12 16 43 28 17 34 9 53 21 63 70 34 38 40 26 15 7 14 42 59 37 14 38 47 20 44 33 24 14 39 40 22 21 35 24 33 16 35 13 5 4 3 2 2 2 1 3 3 1 1 0 0 0 0 0 0 0 0 0 0 0 0 0 0 0 0 0 0 0 0 0 0 0 0 0 0 0 0 0 0 0 0 0
14 15 5 26 29 5 9 6 28 19 41 40 41 44 20 22 43 38 35 31 23 17 57 81 57 49 45 46 26 8 8 9 52 33 37 32 52 18 44 49 34 15 12 38 28 35 26 23 27 11 3 4 7 6 5 3 1 1 0 0 1 0 0 0 0 0 0 0 0 0 0 0 0 0 0 0 0 0 0 0 0 0 0 0 0 0 0 0 0 0 0 0 0 0 0 0
11 21 15 7 8 18 13 12 14 34 19 32 24 13 22 40 18 14 23 41 23 71 42 65 70 50 58 49 51 23 10 13 9 26 36 39 47 21 45 28 34 35 25 20 35 23 24 37 27 19 13 5 7 3 2 2 1 0 0 0 0 0 0 0 0 0 0 0 0 0 0 0 0 0 0 0 0 0 0 0 0 0 0 0 0 0 0 0 0 0 0 0 0 0 0 0
23 17 18 10 18 33 18 12 22 25 11 18 21 10 23 37 23 28 17 20 59 42 31 27 74 46 18 15 16 11 13 6 14 6 13 19 81 61 30 42 29 16 25 27 16 29 17 17 36 31 23 9 5 3 2 2 0 0 0 0 1 1 1 1 0 0 0 0 0 0 0 0 0 0 0 0 0 0 0 0 0 0 0 0 0 0 0 0 0 0 0 0 0 0 0 0
11 7 9 6 3 10 10 11 6 5 19 16 21 7 14 24 16 25 35 68 42 28 39 56 75 64 28 21 21 25 21 22 8 13 15 9 6 9 26 25 19 33 13 25 20 31 31 18 38 19 23 18 10 4 2 1 0 0 1 1 2 4 4 3 0 1 0 0 0 0 0 0 0 0 0 0 0 0 0 0 0 0 0 0 0 0 0 0 0 0 0 0 0 0 0 0
5 3 8 3 7 6 7 5 3 2 4 7 12 14 13 15 12 27 29 20 24 27 14 7 15 15 11 17 39 43 24 48 36 14 10 8 9 8 7 21 17 34 24 12 31 21 30 22 18 9 12 9 5 4 1 1 1 1 3 4 5 5 3 3 2 1 1 1 1 1 0 0 0 0 0 0 0 0 0 0 0 0 0 0 0 0 0 0 0 0 0 0 0 0 0 0
7 3 5 1 3 2 8 13 34 30 25 2 4 12 12 5 11 27 50 33 42 15 25 17 12 17 44 25 30 39 52 37 23 25 27 5 3 5 8 12 11 18 25 28 26 24 16 11 23 10 6 5 3 2 2 3 2 5 7 5 9 7 7 4 3 2 2 3 3 2 1 0 0 0 0 0 0 0 0 0 0 0 0 0 0 0 0 0 0 0 0 0 0 0 0 0
1 2 1 1 8 9 3 18 48 55 35 37 18 6 13 20 18 34 37 18 11 15 33 25 22 23 37 18 9 25 23 16 8 15 25 15 6 5 12 7 5 8 8 10 15 15 15 8 13 8 4 2 3 4 7 7 6 10 11 11 7 11 11 8 13 4 5 4 4 3 1 0 0 0 1 0 0 0 0 0 0 0 0 0 0 0 0 0 0 0 0 0 0 0 0 0
1 2 7 7 9 8 21 15 5 19 46 43 37 51 53 45 72 38 30 38 11 7 30 19 22 33 18 17 10 12 23 24 25 19 26 14 9 21 23 8 4 20 10 14 9 5 14 6 5 4 3 4 9 15 15 16 12 10 10 13 9 16 17 21 19 12 6 5 5 3 2 1 3 1 0 0 0 0 0 0 0 0 0 0 0 0 0 0 0 0 0 0 0 0 0 0
3 1 1 3 23 21 34 66 60 34 38 68 58 41 70 51 80 79 75 53 24 42 6 8 9 8 28 33 33 45 14 54 53 26 9 13 5 16 16 9 24 12 11 9 12 7 8 7 5 5 9 10 23 38 35 22 29 15 18 17 13 26 25 25 17 15 9 7 7 6 4 1 1 0 0 0 1 0 0 0 0 0 0 0 0 0 0 0 0 0 0 0 0 0 0 0
6 8 19 4 3 21 43 62 70 31 27 75 35 33 68 45 44 22 40 55 16 27 19 15 10 17 23 33 33 53 26 17 16 38 21 20 7 29 14 13 19 25 21 19 20 29 26 18 6 21 32 30 34 50 52 49 20 12 42 25 19 28 29 18 26 25 4 15 15 6 4 2 1 0 0 1 1 1 0 0 0 0 0 0 0 0 0 0 0 0 0 0 0 0 0 0
25 7 13 40 18 9 10 20 22 62 18 65 40 42 61 28 11 18 33 19 15 7 21 12 18 31 32 16 11 35 24 17 8 7 9 8 23 27 13 9 42 42 24 49 40 20 21 11 9 27 48 45 46 75 41 35 29 15 55 24 24 28 40 41 29 20 15 17 7 4 3 2 1 2 1 1 1 1 0 0 0 0 0 0 0 0 0 0 0 0 0 0 0 0 0 0
50 47 15 41 44 63 57 31 11 13 43 76 63 20 67 26 28 20 32 21 11 9 31 14 28 24 27 25 21 17 11 14 15 22 26 17 33 7 13 23 40 41 52 54 33 16 9 16 33 25 43 62 74 44 30 40 38 23 64 33 58 25 45 23 24 48 27 12 18 6 3 4 7 6 1 0 0 1 0 0 0 0 0 0 0 0 0 0 0 0 0 0 0 0 0 0
43 57 63 49 55 80 62 83 58 9 33 66 9 22 50 43 30 12 47 8 8 8 17 10 41 28 16 13 14 4 3 14 25 16 37 13 42 10 31 28 57 58 67 33 28 19 19 36 47 42 40 65 64 42 49 63 51 35 72 67 39 47 41 49 63 39 28 20 12 5 5 20 7 1 1 1 1 1 0 0 0 0 0 0 0 0 0 0 0 0 0 0 0 0 0 1
51 72 71 77 75 72 80 82 68 37 30 30 38 12 50 36 26 16 11 7 7 10 26 13 21 18 16 34 26 25 28 29 19 9 13 25 57 27 32 41 67 68 50 32 18 31 34 62 69 50 43 64 52 37 51 73 38 61 63 60 67 31 44 75 72 42 32 15 17 19 10 9 5 4 2 1 1 0 0 0 0 0 0 0 0 0 0 0 0 0 0 0 0 0 0 2
8 67 80 64 78 29 59 71 71 69 59 65 44 11 52 71 43 15 20 14 7 15 24 15 11 17 28 8 12 14 5 12 9 26 55 35 54 25 26 42 66 47 26 13 28 52 47 51 75 56 60 63 32 56 72 64 32 59 46 73 61 67 73 61 48 28 34 16 7 3 2 1 1 0 0 0 0 0 0 0 0 0 0 0 0 0 0 0 0 0 0 0 0 0 0 1
21 22 46 18 9 10 16 14 20 9 13 27 59 16 10 48 62 44 33 26 13 12 8 10 28 8 17 17 43 39 8 20 24 28 66 65 74 39 27 52 48 24 16 33 57 56 49 51 75 53 64 76 65 61 78 62 64 38 62 68 46 69 55 21 10 10 6 10 16 13 9 6 6 2 1 0 0 0 0 0 0 0 0 0 0 0 0 0 0 0 0 0 0 1 2 2
