sesion_6_simulaciones/modelos_agentes/ejemplos_netlogo/scenarios/cgcm2_b2/rob_2067.asc
NCOLS 322 
NROWS 307 
XLLCORNER 451900 
YLLCORNER 4086900 
CELLSIZE 100 
NODATA_value -9999 
[rows 219 to 291 of 307, columns 192 to 287 of 322]
18 17 7 4 4 3 3 3 1 1 1 0 0 0 0 0 0 0 0 1 0 0 1 1 0 0 0 1 1 1 2 3 13 27 60 59 41 56 47 35 46 48 49 47 38 30 19 52 41 24 26 23 22 26 5 41 27 12 12 27 46 54 45 81 77 81 81 49 30 26 62 67 81 42 6 3 1 0 0 0 0 0 0 0 0 0 1 1 1 1 2 4 3 6 9 7
26 12 11 21 12 7 4 3 2 1 0 0 0 0 0 0 0 0 0 1 2 1 1 1 2 1 1 2 2 3 4 2 12 25 47 34 56 42 43 36 48 45 35 53 35 22 23 17 24 14 32 22 12 15 24 9 7 14 9 42 63 58 53 83 89 80 81 90 78 54 43 42 55 33 23 6 2 0 0 0 0 0 0 0 0 1 1 1 1 1 2 3 6 5 7 17
8 3 2 11 6 3 3 1 0 0 0 0 0 0 0 0 0 0 1 1 2 4 3 3 2 2 2 3 3 4 4 6 7 21 28 27 23 37 41 35 57 48 50 62 40 36 34 26 33 13 41 17 8 6 21 29 3 7 29 29 42 30 19 59 84 70 73 85 91 78 28 12 7 10 12 1 0 0 0 0 0 0 0 0 0 0 0 1 1 1 3 2 3 4 9 12
4 4 3 1 6 4 2 1 0 0 0 0 0 0 0 0 0 0 0 1 1 3 11 10 5 7 4 5 11 13 6 9 24 24 22 16 27 44 39 41 41 33 36 56 33 40 42 22 27 38 26 24 9 8 11 9 8 25 50 52 36 32 42 28 64 81 73 69 80 84 53 31 10 3 2 0 0 0 0 0 0 0 0 0 0 0 0 0 1 1 3 3 5 6 7 5
16 18 12 7 3 2 2 1 1 0 0 0 0 0 0 0 0 0 0 1 2 6 12 22 9 12 14 11 19 21 12 15 26 28 31 19 31 24 31 33 37 29 38 56 41 26 40 24 31 24 19 9 11 9 5 5 8 19 21 24 20 34 43 32 42 68 63 57 73 77 53 23 9 3 1 0 0 0 0 0 0 0 0 0 0 1 1 1 1 2 2 3 6 6 9 10
19 15 13 8 5 3 2 1 1 0 0 0 0 0 0 0 0 1 1 1 2 9 15 32 25 18 18 24 24 39 36 22 26 28 32 20 33 14 30 29 22 29 34 55 62 26 38 34 16 12 16 13 18 4 3 7 10 26 13 30 33 39 45 46 23 30 9 6 14 58 67 23 6 1 1 1 1 0 0 0 0 0 0 0 0 1 1 1 1 1 2 5 5 7 9 21
11 8 7 4 3 2 1 1 1 0 0 0 0 0 0 1 1 2 2 2 3 5 12 26 36 36 26 31 26 41 69 51 33 33 18 21 25 23 42 24 19 20 31 35 51 47 16 26 8 7 6 4 12 8 1 6 9 9 19 38 47 45 58 49 25 31 20 24 8 9 34 14 4 3 2 2 2 1 0 0 0 0 1 0 0 0 0 1 2 1 2 6 7 6 11 15
10 7 6 2 1 1 1 1 0 0 0 0 0 0 0 1 1 3 4 6 4 7 16 20 38 61 42 37 40 30 49 62 33 43 32 36 40 38 26 26 15 20 20 20 24 31 20 40 25 7 24 15 7 4 2 4 23 22 30 39 59 52 48 33 28 28 35 45 21 13 11 3 5 3 4 3 1 1 1 0 1 1 1 0 0 1 1 0 1 1 2 2 6 9 8 14
8 11 7 5 3 2 1 1 0 0 0 0 0 0 1 1 2 2 5 12 13 18 18 23 34 62 73 48 63 39 47 60 42 30 50 50 39 33 33 28 8 13 12 20 29 31 39 50 53 16 14 12 9 3 5 6 15 14 30 49 54 40 35 26 53 44 51 45 26 17 5 5 6 7 6 5 3 2 1 0 1 1 1 0 1 0 1 0 1 1 1 2 3 4 10 15
12 6 4 3 2 1 0 0 0 0 0 0 0 0 1 1 1 3 8 14 23 40 52 37 42 53 80 43 62 40 43 59 24 27 47 49 49 44 33 31 19 20 16 13 31 35 32 48 36 34 21 12 9 4 18 31 25 35 50 65 45 26 30 46 75 67 44 30 24 13 13 11 13 10 15 8 5 3 0 0 0 2 1 1 1 1 1 1 1 2 2 3 4 5 6 15
12 7 3 2 1 1 0 0 0 0 0 0 0 1 1 1 1 2 4 9 12 31 52 70 61 53 69 66 74 45 64 38 23 23 34 52 51 51 27 28 29 30 19 17 23 34 36 32 24 20 25 21 8 12 16 16 31 22 37 12 24 48 51 77 71 52 39 27 32 34 28 22 21 24 9 5 4 2 1 0 0 2 4 2 1 1 2 2 1 1 2 4 8 9 12 17
4 4 2 1 0 0 1 0 0 0 0 0 0 1 1 1 4 1 3 7 20 29 50 51 67 64 73 76 68 40 55 28 23 49 33 47 49 35 31 39 39 40 18 19 41 38 46 35 37 14 12 10 8 3 7 5 63 36 17 30 43 46 54 48 33 29 31 33 24 30 42 43 29 9 3 2 2 1 0 0 0 1 4 2 1 2 5 9 2 1 2 4 6 6 11 16
1 1 2 1 1 1 1 0 0 0 0 0 0 1 2 4 3 3 8 16 19 31 50 61 56 60 65 62 63 61 70 37 27 39 49 37 46 39 33 33 36 23 28 18 19 25 39 39 31 21 9 8 5 6 14 15 5 73 73 45 27 15 33 30 42 37 27 20 12 39 68 45 18 8 3 1 1 0 0 0 0 1 2 2 3 2 4 5 8 2 2 5 7 10 8 15
2 0 0 1 1 1 0 0 0 0 0 0 1 1 3 3 3 5 12 13 15 43 61 66 53 55 65 55 74 81 50 40 40 55 33 48 45 43 39 37 35 30 47 14 27 28 35 29 17 7 19 8 11 11 18 41 27 24 35 40 21 40 25 28 26 34 32 13 24 40 42 21 16 10 3 1 0 0 0 1 1 1 1 6 4 1 1 2 12 3 3 6 7 9 8 10
1 1 1 0 1 1 0 0 0 0 0 0 0 1 1 2 5 9 16 35 24 27 67 57 71 56 60 63 23 78 53 47 38 54 44 33 37 46 40 38 37 29 54 16 16 54 34 26 23 13 23 9 8 26 37 12 39 40 21 10 22 12 21 28 27 29 20 52 42 17 28 15 9 6 3 1 0 1 1 1 1 2 1 3 3 4 2 5 7 8 7 4 5 17 10 10
2 1 1 1 1 0 0 0 0 0 0 0 0 0 1 1 4 6 17 34 46 56 75 58 70 68 70 61 66 60 78 44 36 44 39 17 23 41 46 50 36 16 35 40 9 25 25 47 22 19 23 13 10 21 15 18 9 11 16 31 25 28 27 42 20 22 37 20 14 22 20 12 7 2 0 0 1 1 1 1 1 1 2 4 7 10 3 4 8 8 27 10 4 7 21 17
1 1 1 0 0 0 0 0 0 0 0 0 0 0 1 1 2 7 15 27 49 42 57 19 38 59 59 23 22 42 71 32 41 74 38 35 42 49 28 10 21 9 35 39 10 30 42 23 7 15 21 15 10 15 14 7 27 31 47 30 14 22 49 61 43 35 55 52 45 31 18 11 3 1 0 1 2 1 3 1 1 2 3 3 8 7 14 4 9 6 3 15 7 6 9 14
1 1 1 0 0 0 0 0 0 0 0 0 0 0 0 1 2 4 11 21 31 22 22 47 41 42 28 31 45 42 59 55 56 58 54 48 43 37 36 18 26 25 27 43 9 18 31 24 11 8 10 17 13 15 5 16 31 13 18 25 29 50 59 62 64 61 42 31 40 26 38 16 5 2 0 0 1 3 3 2 3 3 4 2 4 8 6 18 14 13 7 21 11 2 7 7
1 1 0 0 0 0 0 0 0 0 0 0 0 0 0 0 2 4 5 6 12 46 46 38 48 54 46 34 39 48 43 42 56 54 36 41 36 38 43 15 40 31 23 41 7 11 28 19 25 20 6 5 19 15 9 16 19 15 41 29 56 42 43 72 81 51 44 20 45 19 11 9 2 1 2 1 1 4 4 4 6 4 4 4 4 3 6 21 34 40 9 8 14 6 10 21
1 0 0 0 0 0 0 0 0 0 0 1 1 1 1 0 1 1 3 7 15 24 36 29 23 37 49 33 43 30 40 45 44 66 42 52 33 49 29 33 17 26 14 31 8 7 14 14 14 21 17 7 10 3 11 6 6 24 30 26 37 29 55 65 67 73 44 16 10 10 6 1 1 2 4 3 2 2 7 7 11 5 5 5 6 6 3 3 4 12 29 26 19 11 12 20
1 0 0 0 0 0 0 0 0 0 0 1 1 2 1 1 2 2 2 7 15 26 23 34 39 50 37 29 36 33 18 22 43 30 26 57 20 40 27 24 24 23 54 33 11 13 23 34 11 7 7 6 2 12 3 7 16 45 44 70 69 52 37 46 44 29 32 31 14 7 2 1 1 5 3 7 3 3 7 15 10 14 8 6 7 6 10 7 6 8 20 15 15 46 15 25
0 0 0 0 0 0 0 0 0 0 1 1 1 1 2 1 4 4 4 4 10 6 12 17 19 34 26 19 26 26 34 32 19 15 10 48 26 49 18 28 19 17 55 36 24 14 41 22 20 12 6 18 6 18 13 23 29 13 31 37 43 38 23 33 48 37 42 17 18 8 4 0 3 4 4 9 11 4 5 10 13 19 11 17 9 5 7 12 3 1 4 4 6 22 26 18
0 0 0 0 0 0 0 0 0 1 1 1 2 2 4 3 4 8 6 14 23 27 37 45 48 40 40 52 53 37 47 60 55 30 42 34 53 41 19 21 15 12 9 36 18 7 14 18 16 11 13 23 39 47 80 67 68 59 63 40 42 42 48 58 47 35 27 18 12 6 1 0 3 5 9 9 11 9 9 18 12 24 15 20 13 6 6 13 18 5 9 11 7 4 6 10
1 0 0 0 0 0 0 1 1 1 1 2 1 4 5 3 1 3 14 25 40 35 46 58 67 71 68 60 78 65 42 40 33 22 12 12 25 26 32 18 22 6 8 28 9 8 8 17 7 13 2 2 3 5 19 36 81 81 58 56 45 42 22 53 39 28 23 16 4 2 1 1 4 6 4 8 11 18 13 22 13 8 30 26 15 7 9 19 16 8 10 15 13 23 30 40
1 0 0 0 1 1 1 1 1 1 1 1 3 4 4 7 1 2 5 9 27 45 26 51 50 65 68 53 11 28 44 29 18 16 21 29 29 15 33 10 18 7 3 14 11 14 4 4 3 8 6 5 5 6 7 7 24 55 72 77 82 43 38 28 24 22 20 18 11 3 1 3 10 10 9 10 28 24 23 23 23 10 12 42 24 9 9 12 13 10 17 9 20 24 35 44
0 0 1 1 1 1 1 1 1 1 1 1 2 3 3 6 4 1 4 9 15 23 19 40 31 30 26 17 14 15 25 21 19 26 22 12 21 32 25 4 12 13 3 6 7 3 2 10 6 6 15 10 15 22 22 29 34 52 44 35 49 78 61 46 38 34 33 17 9 3 2 8 11 18 19 13 24 32 23 18 18 17 7 24 36 18 18 8 22 13 22 21 15 28 29 23
0 0 1 1 2 2 2 2 2 2 1 1 2 3 5 3 9 1 2 2 6 5 14 18 23 36 33 37 40 27 39 19 20 32 25 18 18 12 5 6 11 14 46 16 4 5 2 6 7 5 18 26 12 30 49 26 23 22 26 20 21 38 59 56 45 28 27 16 5 2 4 11 12 17 21 21 15 40 29 39 21 32 23 22 56 28 36 15 24 22 25 37 25 25 23 33
0 1 1 1 2 2 2 2 2 2 1 2 3 4 9 6 6 3 2 5 4 4 13 17 26 32 38 34 33 50 44 44 37 54 16 12 14 18 17 12 30 26 6 8 25 9 3 5 5 30 43 9 26 24 21 25 41 38 46 30 27 24 24 29 32 25 15 13 5 3 5 13 13 22 19 17 18 27 37 47 32 23 35 22 58 20 23 28 17 40 25 27 27 19 22 22
1 1 3 2 3 2 2 3 6 6 2 1 3 2 13 28 3 3 2 11 13 14 11 14 21 20 32 22 27 37 37 30 25 25 26 26 19 25 23 14 7 5 3 2 4 10 11 5 30 47 7 5 8 33 31 29 28 37 26 25 32 24 24 17 16 13 12 6 4 5 11 15 14 17 19 19 24 29 42 35 33 29 33 48 60 21 25 31 19 42 28 14 35 14 8 18
2 2 2 4 4 2 4 5 8 8 3 1 2 5 11 11 4 5 3 9 16 15 16 10 12 9 24 27 29 36 25 22 26 25 23 22 21 16 13 15 9 5 3 2 3 2 3 18 6 20 7 8 9 9 19 74 44 48 38 36 28 26 21 17 13 12 9 5 4 5 11 14 10 19 16 28 35 24 29 53 39 46 48 46 58 40 44 20 46 40 12 22 31 13 17 22
3 3 3 8 4 3 3 6 8 16 4 2 5 6 11 20 11 6 5 16 23 32 19 23 23 8 15 20 23 20 28 17 24 23 23 12 11 6 8 9 17 16 13 9 8 11 11 3 2 4 9 23 28 26 33 18 32 35 49 48 38 25 21 18 14 12 9 5 2 10 13 15 21 19 34 28 25 37 27 21 37 39 36 51 28 83 47 18 33 36 9 23 19 33 21 26
4 7 4 11 6 3 3 8 10 14 3 3 6 8 13 17 19 2 12 19 22 40 24 26 27 35 21 18 12 13 15 26 40 27 10 22 9 21 11 11 12 16 7 5 3 6 3 3 6 14 19 19 32 29 42 12 10 12 13 29 24 28 25 23 20 19 15 6 3 11 12 13 23 25 35 14 25 18 39 18 25 23 38 23 50 74 31 21 49 19 11 23 20 32 35 32
3 5 9 11 8 8 5 6 13 27 4 7 9 13 15 24 4 3 15 21 31 40 46 28 52 33 36 33 20 21 14 46 54 29 31 18 14 20 12 9 17 5 9 3 5 4 4 4 4 15 16 13 31 39 33 12 24 34 34 40 38 34 34 38 29 28 18 7 3 14 15 15 34 21 29 42 41 28 16 31 20 30 33 41 33 58 48 39 43 20 19 29 16 18 8 43
2 3 12 11 11 11 7 7 14 18 5 10 14 31 34 13 3 3 16 21 23 46 42 50 33 34 54 39 34 32 33 39 52 43 31 34 32 16 32 15 7 11 3 2 2 4 3 4 5 7 11 19 25 23 38 34 35 44 45 49 53 56 41 32 21 14 16 4 6 17 23 20 35 37 27 29 41 29 31 11 42 13 19 41 44 58 64 75 38 22 32 26 32 34 23 49
5 5 13 17 24 14 7 10 20 21 6 7 19 37 23 6 2 9 15 19 35 39 42 45 47 38 48 41 53 50 50 34 18 22 30 28 27 12 22 18 17 10 4 3 8 4 3 8 3 3 5 10 26 44 32 31 51 53 53 36 56 36 18 24 26 19 8 6 5 15 33 21 33 37 42 32 43 27 34 27 20 43 21 8 12 36 57 69 33 46 36 29 27 47 20 21
5 7 9 14 33 20 10 13 18 26 5 6 20 36 15 6 4 10 21 21 24 29 35 41 62 34 40 39 31 51 51 36 37 26 25 14 20 19 24 15 12 7 5 7 12 7 5 7 2 2 4 17 30 21 48 57 27 36 25 27 23 22 35 37 19 17 15 5 8 9 36 25 27 27 33 42 34 32 16 29 16 46 27 21 12 10 30 46 51 69 40 35 28 42 14 19
6 16 11 10 16 33 12 18 34 9 7 7 14 42 20 8 3 14 22 24 35 49 46 58 54 47 27 32 50 42 23 50 65 48 20 19 14 14 22 12 6 10 9 6 6 3 3 3 8 6 11 16 20 35 48 36 51 28 36 39 33 30 29 23 22 20 11 6 6 14 15 43 25 25 31 31 48 45 30 50 20 18 29 25 19 17 17 34 51 55 37 38 33 37 20 29
8 11 23 20 10 26 8 22 50 11 11 21 28 35 11 10 2 8 25 30 48 36 41 59 57 50 45 17 13 16 21 19 23 8 10 17 28 14 15 23 13 8 5 4 2 1 2 3 11 11 14 19 29 34 56 53 55 41 35 46 36 41 42 26 26 24 10 9 9 27 27 28 46 23 27 29 54 43 31 25 35 19 15 40 32 18 23 23 42 45 55 36 31 22 33 17
10 13 29 37 17 38 11 22 56 24 13 32 36 22 9 3 2 6 13 31 49 51 41 41 47 63 42 18 23 18 20 20 26 18 12 7 15 19 23 19 9 7 3 4 4 2 3 2 1 2 14 14 13 27 30 25 24 49 48 43 47 27 28 28 21 23 19 4 12 27 32 27 33 12 35 34 34 48 58 49 47 26 18 17 34 20 16 30 46 78 68 33 21 19 33 15
11 13 14 40 20 36 19 19 26 35 17 39 32 7 3 5 8 13 21 38 36 40 49 27 38 44 59 25 17 17 27 24 23 21 17 23 14 16 9 4 4 7 4 3 6 3 3 1 4 6 8 19 59 44 27 58 52 71 49 35 45 44 43 40 38 21 18 11 15 29 25 39 53 23 23 47 36 52 42 37 55 20 28 29 55 21 12 17 15 36 56 29 29 13 47 31
9 12 10 25 51 26 36 18 47 22 45 21 9 4 10 9 15 12 45 52 28 37 40 41 20 31 54 58 25 28 15 24 20 10 8 8 13 8 5 4 5 2 1 1 2 1 2 1 4 5 5 16 16 33 46 48 32 57 32 26 32 37 38 36 21 18 13 24 24 31 34 42 11 30 39 46 42 29 45 30 67 25 29 19 29 42 28 30 37 34 47 24 45 15 27 43
25 15 11 16 25 42 45 24 62 33 30 7 4 10 13 21 20 14 16 17 30 34 38 55 47 30 27 12 30 43 15 25 12 10 16 17 18 9 8 6 4 4 7 4 1 1 1 1 4 7 11 14 28 20 33 33 33 33 23 8 23 31 31 27 17 14 14 26 27 31 34 48 17 16 8 15 39 51 69 21 57 41 27 30 18 15 51 25 34 39 30 48 15 18 29 41
18 25 19 15 15 28 57 29 29 13 8 2 8 14 26 36 34 13 18 20 33 36 29 11 18 13 17 34 8 15 29 44 25 28 8 18 5 8 8 2 2 3 2 1 1 6 1 1 3 7 12 8 10 18 23 29 23 40 30 32 45 34 34 21 28 27 16 28 28 31 29 45 15 30 16 23 22 17 40 28 25 49 28 34 18 36 42 10 32 47 51 40 13 18 17 20
19 30 21 27 37 45 48 28 29 8 11 8 13 28 29 34 42 25 29 30 34 36 25 18 16 21 18 11 13 27 11 17 19 49 16 30 6 5 5 5 4 2 3 3 1 1 2 2 3 9 19 8 11 17 31 14 35 56 62 55 45 33 35 34 29 27 29 41 29 31 30 37 20 33 29 24 35 30 34 52 16 51 27 49 16 15 38 7 16 22 50 30 10 19 19 43
22 33 28 35 43 54 46 11 7 4 14 13 24 29 31 42 28 51 42 29 33 33 27 33 32 26 24 13 16 34 11 11 5 6 6 18 23 16 10 19 10 7 4 3 3 1 1 3 9 7 13 5 8 19 22 28 44 71 32 39 49 31 36 30 28 27 36 46 28 30 32 33 30 31 41 25 34 32 31 29 42 73 37 43 31 9 46 22 9 12 31 40 18 20 16 6
23 43 44 38 68 51 11 8 12 14 28 24 20 35 32 47 19 32 62 19 36 26 16 22 32 31 12 19 21 25 46 12 9 4 5 3 4 2 5 17 17 6 7 4 3 2 1 2 7 5 6 6 11 16 34 37 39 42 38 27 45 38 27 10 32 18 19 54 32 30 44 31 44 28 39 33 30 34 29 22 28 14 55 52 42 12 19 16 7 8 14 43 15 26 30 25
25 34 64 55 66 14 14 13 15 27 31 31 41 53 18 41 19 29 35 56 20 41 14 12 18 32 32 25 22 15 8 18 8 9 6 5 4 4 4 5 7 3 2 3 1 1 1 3 3 4 6 5 7 13 27 45 21 43 64 54 26 22 16 8 42 27 28 48 37 28 45 30 57 38 37 42 27 27 40 24 18 13 40 32 41 15 8 38 9 11 18 38 34 30 17 22
17 37 66 76 45 8 14 26 30 30 46 55 28 36 21 21 41 18 33 30 21 30 20 17 19 26 20 38 21 25 27 15 22 12 10 7 4 4 4 5 5 2 2 2 2 1 2 6 3 5 4 4 9 19 36 35 64 42 35 50 28 17 6 16 23 47 29 30 39 25 36 28 48 41 25 40 38 23 25 38 32 9 17 46 54 18 5 24 15 10 20 13 51 32 15 58
19 44 69 50 8 10 30 29 21 51 37 66 20 40 22 18 26 63 17 33 44 28 37 14 14 27 33 23 22 35 19 16 36 7 9 8 6 7 2 5 3 2 4 4 3 2 6 3 5 6 9 12 14 14 21 33 43 36 38 32 30 17 8 23 18 31 27 28 42 25 28 34 28 47 23 26 52 22 24 27 40 11 21 24 40 18 8 15 21 14 11 8 10 24 21 15
20 51 52 28 12 20 30 32 21 38 20 59 23 41 47 16 42 63 12 40 56 15 49 14 13 31 34 33 12 9 41 7 7 17 25 12 3 5 3 5 2 1 2 1 2 2 3 4 7 10 7 7 6 10 13 20 29 33 25 44 30 17 16 25 33 37 17 23 36 36 22 20 14 34 22 23 30 29 23 18 8 8 27 17 37 16 10 5 18 28 5 12 27 23 32 4
19 47 43 33 16 20 37 53 17 25 24 48 18 32 59 24 36 60 20 19 31 29 34 16 13 16 16 27 27 22 8 12 5 4 1 20 13 4 3 3 2 2 3 3 3 3 2 3 5 12 9 12 10 16 13 19 11 21 26 17 13 26 22 24 23 32 34 25 28 33 13 23 14 23 27 21 29 12 9 24 10 10 10 13 42 44 12 6 13 22 4 7 23 32 31 13
42 41 52 20 17 25 28 37 17 27 25 30 33 19 50 17 14 48 21 14 14 13 54 29 11 10 13 12 15 16 31 17 4 9 2 3 16 3 2 2 1 6 6 5 2 3 1 2 5 11 15 8 9 5 8 19 31 49 30 13 7 21 23 22 23 23 51 16 28 35 12 20 20 24 40 4 20 23 10 9 18 8 8 9 15 38 8 5 8 23 6 6 8 37 61 42
74 43 15 16 24 25 25 31 16 49 30 14 36 16 60 14 14 31 23 11 14 26 43 19 9 14 10 23 24 21 14 15 9 12 1 3 4 9 1 2 3 6 2 3 3 3 2 1 2 8 12 19 14 9 15 22 29 48 39 15 7 36 21 15 21 21 35 20 13 38 20 10 11 39 28 11 9 10 27 6 15 27 11 11 49 28 4 14 2 36 14 5 4 3 9 15
15 7 17 13 22 25 39 37 28 40 23 14 65 12 15 40 18 45 24 9 11 18 20 46 14 17 8 18 23 19 11 6 9 21 4 4 2 22 2 2 2 2 2 2 1 4 2 3 4 14 14 9 28 11 12 10 11 36 39 8 11 20 24 13 24 20 19 33 13 42 26 14 16 13 32 10 9 16 13 12 5 3 28 9 14 30 8 24 4 18 39 7 16 9 6 4
31 14 37 27 22 25 46 22 50 31 10 16 42 17 18 44 10 17 45 7 21 15 11 33 8 17 15 12 14 15 19 15 2 9 4 4 3 2 8 2 1 3 2 4 3 1 1 5 9 10 22 19 5 11 13 2 13 19 14 5 17 43 30 11 9 34 11 26 9 15 56 9 20 21 13 15 13 12 22 14 15 7 9 15 5 28 35 24 6 11 65 6 8 5 12 4
53 28 15 28 29 32 25 22 44 21 17 19 13 16 16 23 12 11 41 13 18 13 5 13 21 15 14 8 9 8 11 9 12 3 4 11 3 2 4 6 2 5 3 3 4 2 2 1 8 3 2 2 3 9 10 29 20 10 15 12 8 32 16 12 12 20 33 8 28 8 31 8 16 32 5 8 31 6 10 15 22 9 6 2 4 3 27 34 9 6 31 11 8 6 10 8
78 36 21 19 20 26 10 24 38 8 23 18 16 17 11 27 12 12 24 8 8 21 7 3 2 6 7 3 16 23 9 9 14 1 3 1 5 2 2 20 2 2 2 3 3 2 4 3 26 7 5 3 4 5 21 37 17 4 5 21 8 7 23 11 21 11 45 7 44 6 18 18 10 15 6 23 11 9 5 7 10 14 11 5 4 4 3 5 24 30 20 14 8 4 13 8
52 16 10 24 13 14 12 14 36 8 15 11 12 32 11 30 12 33 11 7 6 17 10 5 5 6 7 7 9 10 21 21 3 3 1 1 1 5 1 22 1 1 1 2 2 1 5 2 1 4 6 8 2 13 24 23 14 8 3 27 14 10 5 22 19 17 31 7 34 11 7 11 18 30 9 6 10 4 8 2 3 9 4 6 3 3 4 2 3 5 30 10 4 5 12 8
65 17 45 18 18 12 12 12 12 8 17 14 7 38 36 7 19 16 18 15 12 6 10 8 11 15 8 12 5 5 6 6 4 3 1 2 1 1 3 7 2 0 1 1 1 1 2 6 1 1 3 4 8 35 29 20 13 12 3 8 17 8 13 11 14 31 17 21 4 21 33 4 27 40 10 2 8 3 4 2 8 6 8 8 2 1 2 3 3 2 5 11 8 2 12 3
49 32 11 12 11 14 20 12 14 7 9 9 14 23 19 6 7 8 7 2 9 6 9 13 19 13 10 14 12 3 3 4 14 6 1 1 5 1 1 2 4 1 1 1 2 5 4 2 1 1 2 3 12 20 23 12 3 10 9 5 19 7 10 12 4 11 8 10 6 8 30 6 16 19 1 3 4 8 6 4 1 10 1 3 5 0 1 1 3 3 5 1 14 3 6 2
7 31 7 13 13 10 14 9 34 7 9 9 8 3 18 8 8 3 14 6 5 9 10 10 10 5 10 17 12 1 3 4 5 6 5 3 2 3 1 1 6 0 1 1 1 7 12 2 2 2 3 8 14 16 23 7 5 11 8 9 23 8 4 4 9 7 6 17 5 7 22 10 33 9 1 4 2 1 3 7 1 3 3 3 7 2 3 1 2 1 2 3 6 6 9 1
15 51 8 9 5 11 14 13 6 12 8 6 9 3 9 5 7 4 31 8 3 5 7 25 5 4 7 12 12 2 4 3 8 4 6 3 1 1 3 1 5 1 1 1 1 2 1 3 1 5 4 9 14 21 10 3 6 10 8 10 22 11 17 6 6 11 5 15 4 6 4 7 23 1 1 1 2 1 4 3 2 1 0 4 4 4 4 2 1 1 1 1 1 10 3 1
14 44 20 2 5 6 19 11 5 15 9 4 3 5 4 8 2 12 4 2 3 7 10 5 13 5 4 4 5 4 2 7 6 4 3 3 2 2 3 1 7 1 1 1 1 1 4 10 6 2 7 18 25 20 2 6 10 13 8 12 6 18 7 18 9 4 3 8 2 6 7 14 7 7 4 4 0 4 7 2 5 1 0 2 2 7 5 2 1 1 1 1 0 2 4 4
4 20 23 2 9 3 9 16 4 11 6 3 1 5 2 10 3 8 5 8 2 3 7 8 7 3 2 4 5 9 1 3 4 7 4 1 2 4 1 2 4 1 1 2 1 1 1 7 11 7 16 23 22 4 7 11 13 10 8 12 14 11 3 9 14 1 3 2 5 2 5 8 4 10 4 4 2 7 5 1 9 10 2 3 1 1 3 2 1 2 0 1 1 6 1 4
6 11 18 4 5 2 4 3 5 5 5 2 1 3 3 25 4 3 4 1 4 7 6 8 4 1 1 1 5 4 2 4 7 3 1 0 1 3 3 1 2 1 1 2 2 1 4 24 19 37 41 37 3 4 6 5 8 10 8 9 17 3 11 7 6 16 30 2 2 1 1 13 2 8 7 5 4 8 6 4 6 18 3 4 1 1 3 3 7 6 2 1 11 2 2 7
4 5 22 6 7 2 2 3 1 7 6 4 2 2 1 5 4 2 4 2 3 4 2 3 3 1 8 1 3 7 3 3 7 5 2 1 3 1 1 2 0 1 0 2 9 23 43 20 22 27 10 2 4 5 8 6 7 7 5 3 4 2 7 5 1 13 3 0 0 2 3 3 9 2 8 5 5 6 13 5 7 10 2 7 2 2 2 2 1 3 3 5 1 5 6 14
5 2 1 23 2 2 1 1 1 3 9 2 2 1 2 6 1 2 6 1 2 3 2 2 1 2 1 1 0 5 2 2 3 2 1 2 1 1 0 1 0 1 0 19 16 16 49 57 19 4 1 3 3 5 5 5 6 7 5 1 0 1 6 9 14 18 1 1 1 6 8 3 4 1 9 3 9 3 6 2 3 9 3 6 3 4 1 1 1 1 1 1 3 1 7 11
4 4 2 23 0 2 3 1 3 0 4 1 1 3 2 9 2 3 4 3 1 2 2 6 1 2 1 5 1 1 2 3 4 3 1 1 5 2 1 1 2 23 35 37 50 12 26 60 34 1 2 4 3 3 1 3 4 4 4 0 0 4 15 16 16 5 2 6 6 3 8 8 1 2 3 4 12 7 18 27 27 11 3 4 6 3 4 0 1 1 1 1 2 3 11 7
3 3 1 25 2 1 1 1 6 0 1 4 1 1 1 5 1 2 5 2 1 1 1 5 1 1 1 2 3 3 1 2 2 2 2 3 2 1 1 6 18 36 55 43 57 65 55 32 1 1 5 3 3 4 1 2 6 7 2 1 1 6 12 8 4 3 5 4 4 4 6 18 24 3 2 3 4 6 10 5 2 6 7 14 8 6 1 1 3 1 3 2 1 4 16 3
2 2 1 5 3 6 1 1 5 1 1 3 0 1 1 1 1 1 3 1 0 0 0 3 1 1 3 2 4 1 1 2 1 3 1 3 1 0 2 9 7 3 30 58 63 44 1 1 3 2 2 1 3 3 2 1 1 21 2 5 2 3 2 7 7 3 6 5 4 11 14 13 1 3 3 7 7 6 6 5 6 5 7 5 6 1 3 1 1 0 2 3 1 2 10 3
2 1 1 1 5 2 1 1 2 1 1 2 1 0 0 0 1 0 3 1 1 0 1 0 1 2 3 1 2 1 3 2 2 1 1 2 1 0 3 6 2 13 9 6 3 1 5 6 3 3 2 1 1 0 1 3 1 5 5 3 2 2 1 3 1 2 2 7 16 22 4 1 3 4 4 4 13 6 20 6 8 7 6 4 7 1 2 1 3 0 4 2 1 1 2 1
1 1 1 0 6 0 1 1 3 1 0 1 2 1 0 0 0 0 1 2 0 0 0 2 3 1 1 2 1 1 1 1 2 2 1 1 2 1 7 7 36 29 7 1 5 5 1 2 2 1 1 0 1 0 2 3 1 8 3 1 2 2 3 2 0 2 4 15 10 0 2 0 1 5 13 10 6 7 3 6 6 4 5 7 1 2 2 2 1 0 7 2 1 2 1 0
1 1 1 3 1 0 1 1 1 0 0 0 2 1 0 0 0 1 0 2 1 0 0 1 2 2 2 1 0 1 0 1 1 2 1 1 2 1 5 3 4 11 2 4 5 2 2 4 7 2 1 0 0 0 2 4 1 3 2 1 1 1 3 1 1 1 6 8 1 0 1 2 1 1 2 11 8 12 2 3 4 4 5 2 3 2 2 2 3 1 2 2 1 0 1 1
