sesion_6_simulaciones/modelos_agentes/ejemplos_netlogo/scenarios/cgcm2_b2/rob_2034.asc
NCOLS 322 
NROWS 307 
XLLCORNER 451900 
YLLCORNER 4086900 
CELLSIZE 100 
NODATA_value -9999 
[rows 225 to 299 of 307, columns 192 to 287 of 322]
0 0 0 0 0 0 0 0 0 0 0 0 0 0 0 0 0 0 0 0 0 0 0 1 1 1 1 1 1 2 8 4 2 2 1 1 2 2 6 5 4 6 14 19 37 35 20 30 16 18 19 19 27 41 13 32 36 31 39 52 50 32 33 14 2 2 1 1 0 0 2 0 0 0 0 0 0 0 0 0 0 0 0 0 0 0 0 0 0 0 0 0 0 0 0 0
0 0 0 0 0 0 0 0 0 0 0 0 0 0 0 0 0 0 0 0 0 0 0 1 1 4 2 2 2 2 4 8 2 4 3 4 6 6 4 6 4 5 7 9 13 21 23 41 43 17 47 53 37 29 18 29 68 57 54 51 53 34 19 6 3 2 3 3 1 0 0 0 0 0 0 0 0 0 0 0 0 0 0 0 0 0 0 0 0 0 0 0 0 0 0 0
0 0 0 0 0 0 0 0 0 0 0 0 0 0 0 0 0 0 0 0 0 0 1 1 1 6 12 3 6 3 5 9 5 3 7 10 9 7 8 7 2 4 4 8 15 25 40 51 73 41 40 46 46 26 37 40 53 43 49 49 45 27 10 5 10 5 6 4 1 1 0 0 0 0 0 0 0 0 0 0 0 0 0 0 0 0 0 0 0 0 0 0 0 0 0 0
0 0 0 0 0 0 0 0 0 0 0 0 0 0 0 0 0 0 0 0 1 1 3 2 2 5 18 4 9 5 6 12 3 3 9 10 15 15 10 11 6 6 6 6 15 22 31 53 58 61 61 56 54 39 55 62 61 48 54 62 35 13 11 14 29 14 5 2 1 0 0 0 0 0 0 0 0 0 0 0 0 0 0 0 0 0 0 0 0 0 0 0 0 0 0 1
0 0 0 0 0 0 0 0 0 0 0 0 0 0 0 0 0 0 0 0 0 1 3 7 5 6 17 16 20 7 17 5 3 3 6 16 18 17 11 11 12 14 8 8 10 28 31 43 45 46 71 67 58 42 48 45 57 37 35 16 23 36 29 44 26 9 4 2 2 1 1 1 1 1 0 0 0 0 0 0 0 0 0 0 0 0 0 0 0 0 0 0 0 0 0 1
0 0 0 0 0 0 0 0 0 0 0 0 0 0 0 0 0 0 0 0 1 1 2 3 10 12 22 30 24 9 14 5 4 12 9 14 23 16 15 21 16 23 9 11 21 29 47 46 63 44 51 57 56 22 29 19 75 42 27 33 38 29 26 15 6 3 3 2 1 1 2 2 1 0 0 0 0 0 0 0 0 0 0 0 0 0 0 0 0 0 0 0 0 0 0 1
0 0 0 0 0 0 0 0 0 0 0 0 0 0 0 0 0 0 0 0 0 1 3 6 7 10 20 22 25 23 28 9 7 13 19 15 24 21 20 19 24 15 21 12 12 18 38 56 57 50 36 41 43 39 50 44 16 79 77 46 22 8 14 8 8 5 2 1 1 3 7 3 1 0 0 0 0 0 0 0 0 0 0 0 0 0 0 0 0 0 0 0 0 0 0 0
0 0 0 0 0 0 0 0 0 0 0 0 0 0 0 0 0 0 0 0 0 2 4 8 6 10 20 23 51 53 26 20 19 26 15 29 30 28 28 26 26 25 31 11 25 20 38 43 39 24 39 43 57 54 53 55 43 28 31 34 16 23 10 8 5 5 3 1 2 3 3 1 1 0 0 0 0 0 0 0 0 0 0 0 0 0 0 0 0 0 0 0 0 0 0 0
0 0 0 0 0 0 0 0 0 0 0 0 0 0 0 0 0 0 0 1 1 1 7 7 18 14 22 36 11 56 34 33 26 39 24 23 31 41 33 33 32 26 53 16 15 49 39 42 41 41 61 47 52 54 57 32 46 41 24 9 12 6 8 6 5 4 2 6 4 1 1 1 0 0 0 0 0 0 0 0 0 0 0 0 0 0 0 0 0 0 0 0 0 1 0 0
0 0 0 0 0 0 0 0 0 0 0 0 0 0 0 0 0 0 1 1 2 5 14 9 21 27 39 41 51 47 72 29 28 43 29 14 21 40 46 52 36 16 33 43 11 19 36 58 42 54 68 59 46 42 38 32 17 18 18 27 18 16 10 14 3 3 5 2 1 1 1 0 0 0 0 0 0 0 0 0 0 0 0 0 0 0 0 0 0 0 1 0 0 0 1 1
0 0 0 0 0 0 0 0 0 0 0 0 0 0 0 0 0 0 0 1 3 3 6 1 6 18 25 10 15 40 68 39 48 73 32 39 42 50 30 12 18 10 35 48 13 36 59 44 24 45 60 69 46 47 30 20 49 48 35 20 10 13 28 26 10 6 12 7 4 2 1 0 0 0 0 0 0 0 0 0 0 0 0 0 0 0 0 0 0 0 0 0 0 0 0 1
0 0 0 0 0 0 0 0 0 0 0 0 0 0 0 0 0 0 0 1 1 1 1 5 6 10 8 15 23 40 60 63 71 74 55 51 51 46 45 22 31 29 40 51 14 26 49 50 36 33 46 57 49 31 20 43 52 22 25 26 23 42 45 35 30 19 6 3 3 1 3 1 0 0 0 0 0 0 0 0 0 0 0 0 0 0 0 0 0 0 0 1 0 0 0 0
0 0 0 0 0 0 0 0 0 0 0 0 0 0 0 0 0 0 0 0 0 3 3 3 6 11 14 12 21 38 48 52 64 74 51 57 55 55 54 23 52 48 40 57 13 19 43 43 58 65 45 47 66 46 38 45 37 32 56 34 58 32 26 50 51 13 6 1 4 1 0 0 0 0 0 0 0 0 0 0 0 0 0 0 0 0 0 1 1 2 0 0 1 0 0 1
0 0 0 0 0 0 0 0 0 0 0 0 0 0 0 0 0 0 0 0 0 1 2 2 2 6 13 11 23 22 36 48 58 69 67 73 60 69 50 49 34 47 29 42 16 13 27 30 43 59 73 53 34 19 43 21 16 47 45 31 31 18 28 26 24 29 5 1 0 0 0 0 0 0 0 0 0 0 0 0 0 0 0 0 0 0 0 0 0 0 1 1 1 0 0 1
0 0 0 0 0 0 0 0 0 0 0 0 0 0 0 0 0 0 0 0 1 1 1 2 3 8 8 7 16 21 16 22 41 50 49 66 49 71 60 54 52 52 80 54 27 29 41 65 47 34 46 49 19 50 20 27 44 66 47 64 56 26 10 9 7 2 3 2 1 0 0 0 0 0 0 0 0 0 0 0 0 0 0 0 0 0 0 0 0 0 1 1 1 3 1 1
0 0 0 0 0 0 0 0 0 0 0 0 0 0 0 0 0 0 0 0 0 0 0 1 1 4 4 5 7 11 30 35 29 30 25 74 63 83 54 67 56 51 83 64 47 35 62 61 61 65 45 74 47 71 54 65 57 25 28 27 22 13 5 5 7 3 3 1 1 0 0 0 0 0 0 0 0 0 0 0 0 1 0 0 0 0 0 0 0 0 0 0 0 1 2 1
0 0 0 0 0 0 0 0 0 0 0 0 0 0 0 0 0 0 0 0 1 1 2 3 4 4 8 18 30 27 39 47 48 46 57 57 80 71 60 66 59 49 43 74 49 26 42 47 69 62 66 66 66 72 89 80 78 66 66 31 22 15 14 14 7 3 2 1 0 0 0 0 0 0 0 0 0 0 0 0 0 1 0 1 0 0 0 0 1 0 0 0 0 0 0 0
0 0 0 0 0 0 0 0 0 0 0 0 0 0 0 0 0 0 0 1 2 2 3 5 12 20 23 23 39 33 27 34 36 27 24 30 56 64 59 59 57 39 46 67 42 35 29 46 45 63 27 18 21 24 41 51 81 80 58 44 21 13 4 10 4 2 1 1 0 0 0 0 0 0 0 0 0 0 0 1 0 0 1 1 1 0 0 1 0 0 0 1 0 1 1 3
0 0 0 0 0 0 0 0 0 0 0 0 0 0 0 0 0 0 0 0 1 2 1 5 8 18 19 14 2 8 20 21 18 21 38 48 57 43 71 42 46 49 25 63 54 54 26 29 22 57 46 35 31 22 20 17 32 54 57 59 61 12 7 3 2 1 1 1 0 0 0 0 0 0 0 0 1 1 1 1 1 0 0 2 1 0 0 0 0 0 1 0 1 1 2 4
0 0 0 0 0 0 0 0 0 0 0 0 0 0 0 0 0 0 0 0 1 1 1 3 2 3 3 3 3 4 9 14 17 31 32 27 44 63 60 17 42 46 28 57 56 23 14 51 59 58 70 50 54 47 45 41 35 37 27 15 18 39 16 7 4 2 2 1 0 0 0 0 0 0 1 0 1 1 1 1 1 1 0 2 2 1 1 0 1 0 1 1 1 2 2 1
0 0 0 0 0 0 0 0 0 0 0 0 0 0 0 0 0 0 0 0 0 0 0 1 1 4 4 7 12 8 14 11 15 34 33 34 33 27 14 22 40 57 80 53 46 46 22 33 47 56 55 72 43 49 59 34 21 13 12 6 5 7 12 8 4 2 1 1 0 0 0 0 0 0 1 1 1 2 1 2 1 2 1 1 6 1 2 1 1 1 1 2 1 1 1 2
0 0 0 0 0 0 0 0 0 0 0 0 0 0 0 0 0 0 0 0 0 0 0 1 1 2 4 5 7 20 17 31 32 54 21 21 29 39 37 42 68 67 42 43 65 45 45 48 45 72 66 38 50 45 30 27 35 23 23 8 5 3 2 2 2 1 1 0 0 0 0 0 0 1 1 1 1 1 2 3 2 1 2 1 8 1 1 2 1 2 1 1 2 1 2 2
0 0 0 0 0 0 0 0 0 0 0 0 0 0 0 1 0 0 0 0 0 0 0 0 1 1 3 3 4 11 17 17 16 21 30 34 37 51 53 41 29 27 23 19 36 46 63 53 73 82 36 20 24 38 40 33 20 22 10 7 6 3 2 1 1 1 0 0 0 0 0 0 0 0 1 1 1 1 2 2 2 2 2 4 10 1 2 2 1 4 2 1 3 1 1 1
0 0 0 0 0 0 0 0 0 0 0 0 0 0 0 0 0 0 0 0 0 0 0 0 0 0 2 2 4 8 7 10 18 20 26 31 33 34 35 28 30 25 22 22 31 24 28 64 31 47 31 22 23 18 25 62 34 31 16 8 4 3 2 1 1 0 0 0 0 0 0 0 0 1 1 1 2 1 1 4 3 4 5 5 10 4 4 1 5 4 1 1 3 1 1 2
0 0 0 0 0 0 0 0 0 0 0 0 0 0 0 1 0 0 0 0 1 1 1 1 1 0 1 1 2 2 5 5 11 18 23 18 19 13 17 27 46 47 58 58 50 73 56 33 20 29 40 56 51 36 31 16 20 18 19 12 6 2 1 1 1 0 0 0 0 0 0 1 1 1 1 1 1 2 1 1 3 4 4 7 3 34 6 2 3 4 1 2 2 4 2 3
0 0 0 0 0 0 0 0 0 0 0 0 0 0 0 1 1 0 0 0 1 2 1 1 1 2 1 1 1 2 3 6 17 21 10 28 17 33 25 31 39 45 40 40 40 57 42 44 55 63 62 47 44 37 33 10 7 5 4 5 3 3 2 1 1 1 0 0 0 0 0 0 1 1 2 1 1 1 3 1 2 2 4 3 10 30 3 2 9 2 1 2 2 3 5 5
0 0 0 0 0 0 0 0 0 1 0 0 0 0 0 1 0 0 0 1 1 3 3 2 6 3 4 5 3 4 2 16 27 25 36 27 27 42 33 28 41 28 38 29 42 52 55 57 48 61 59 41 43 36 29 11 17 14 11 11 6 4 3 3 2 1 1 0 0 0 1 0 1 1 1 3 3 2 1 3 2 3 4 8 7 17 10 8 7 2 2 4 2 2 1 7
0 0 0 0 0 0 0 0 0 0 0 0 0 1 1 0 0 0 0 1 1 3 4 5 3 5 11 9 7 9 9 19 38 44 41 49 55 38 63 47 30 43 23 18 24 40 43 52 48 42 48 41 44 32 31 33 29 27 22 18 14 12 5 2 1 1 1 0 0 1 1 1 2 2 2 2 3 2 3 1 5 1 2 8 14 21 24 32 7 3 6 4 5 6 3 10
0 0 0 0 1 0 0 0 1 1 0 0 1 2 1 0 0 0 1 1 2 2 3 5 8 6 12 11 20 27 27 27 12 24 41 45 50 31 48 54 53 43 34 34 56 50 44 64 34 22 21 35 52 62 37 39 50 34 24 11 15 5 2 2 2 1 0 0 0 1 2 1 2 3 4 3 4 3 4 3 2 7 3 1 2 9 23 31 8 10 7 6 5 10 4 4
0 0 0 0 1 1 0 0 0 1 0 0 1 2 0 0 0 0 1 1 1 2 3 5 12 7 12 12 11 24 39 33 35 32 39 29 34 41 50 46 48 38 35 50 68 66 59 53 24 17 24 55 63 35 59 53 21 19 9 7 4 3 3 3 1 1 1 0 0 0 2 1 1 2 3 5 3 4 2 4 2 10 5 4 2 2 8 19 25 30 11 8 7 9 3 4
0 0 0 0 0 1 0 1 1 0 0 0 0 3 1 0 0 0 1 1 2 4 5 12 15 13 7 10 21 23 16 40 74 64 41 42 31 40 57 47 33 51 56 40 53 42 56 40 63 48 53 58 57 62 62 42 39 21 16 12 7 5 3 1 1 1 0 0 0 1 1 4 2 2 2 3 8 7 5 11 3 3 6 6 5 5 4 11 26 25 14 12 10 10 6 9
0 0 1 1 0 1 0 1 3 0 0 1 1 2 0 0 0 0 1 1 4 3 5 15 18 19 16 6 5 7 15 20 25 14 21 36 57 43 44 63 59 49 43 42 37 31 43 54 69 69 66 62 62 66 74 61 40 27 15 14 9 7 6 2 2 1 0 0 0 1 2 2 4 2 2 4 11 9 6 4 10 4 3 9 12 6 7 8 19 27 31 14 12 8 14 6
0 0 1 1 0 2 0 1 4 1 0 2 2 1 0 0 0 0 0 2 4 6 6 8 16 24 15 7 10 10 16 20 29 30 24 17 32 44 63 61 51 49 30 47 53 42 54 36 13 23 64 56 44 57 48 29 24 36 23 17 12 4 3 2 1 1 1 0 0 1 2 2 4 1 4 5 5 13 21 12 13 7 5 5 12 8 7 12 23 59 46 17 10 8 15 6
0 0 0 2 1 2 1 1 2 2 1 2 2 0 0 0 0 0 1 2 4 4 9 6 10 22 34 12 12 14 23 26 28 35 33 41 35 43 35 18 27 49 39 44 59 49 50 24 57 61 61 71 74 67 45 57 50 52 24 13 12 9 7 4 3 1 1 0 1 2 2 4 8 2 2 10 8 17 12 11 20 7 10 12 22 10 6 9 6 23 34 14 15 7 23 18
0 0 0 1 3 1 2 1 4 1 4 1 0 0 0 0 1 0 3 5 2 5 8 12 4 13 26 47 25 27 17 32 26 20 19 22 30 26 24 24 27 17 16 13 32 27 42 37 65 56 44 61 51 62 65 55 28 33 15 8 8 7 6 4 1 1 1 1 2 2 3 5 1 4 8 12 13 10 20 8 31 10 14 10 11 25 19 22 30 20 27 15 31 10 16 35
1 0 0 1 1 3 4 1 8 4 2 0 0 0 0 1 1 1 1 1 3 4 8 23 22 12 21 10 34 52 20 37 23 22 32 35 44 34 34 29 25 26 46 39 26 16 19 29 53 62 53 60 58 47 52 39 24 14 6 2 6 6 4 3 1 1 1 2 2 3 4 7 2 2 1 2 10 26 35 11 27 22 16 16 11 8 35 17 33 29 25 32 12 12 26 40
1 1 1 1 1 2 7 3 2 1 0 0 0 1 1 2 2 1 1 2 3 5 6 3 5 5 9 18 10 15 40 68 48 45 22 43 20 28 35 11 16 22 17 16 23 52 41 43 50 54 54 41 37 45 38 34 17 22 13 12 13 7 5 2 3 3 2 3 3 4 4 8 2 6 3 4 5 5 16 21 16 32 22 21 13 31 32 11 31 50 43 32 13 18 17 23
1 1 1 2 2 5 6 3 2 0 0 0 1 2 2 3 3 2 2 3 4 5 5 6 5 9 9 7 10 20 15 24 35 50 43 68 25 19 22 28 28 22 28 35 23 23 40 44 54 62 68 41 38 41 51 24 39 42 43 27 18 9 7 6 4 4 4 7 4 5 5 7 4 7 7 5 12 13 16 32 14 37 26 42 15 15 28 8 14 23 45 24 12 24 26 47
1 2 1 3 4 8 5 1 0 0 1 1 2 2 3 4 2 7 7 4 6 7 7 10 15 10 14 10 14 36 19 7 8 14 18 44 54 41 43 68 56 54 38 38 44 32 16 43 69 56 56 27 27 42 41 42 50 53 22 21 21 8 8 6 5 5 6 10 6 6 7 9 8 10 15 7 14 15 16 20 44 66 37 47 30 12 29 18 6 14 26 32 24 32 25 9
2 4 5 4 16 10 1 0 1 1 2 2 2 4 4 6 2 5 16 4 9 7 4 8 11 21 9 17 23 27 49 22 20 11 14 11 15 13 26 51 64 46 47 48 51 45 38 46 59 43 36 31 39 42 59 56 42 26 27 14 23 14 7 2 8 4 4 17 9 8 15 10 19 11 20 14 15 22 19 17 15 11 51 59 41 18 18 20 10 7 19 37 29 38 45 27
2 3 11 9 18 1 1 1 1 2 3 3 5 9 3 7 3 6 8 17 6 12 5 5 7 16 18 26 26 19 13 38 16 25 21 16 16 19 19 25 35 25 23 37 22 15 24 49 43 41 36 30 21 42 57 63 26 46 52 34 10 7 4 2 14 8 9 14 13 11 21 13 36 22 21 26 18 20 33 23 20 13 35 41 45 23 12 49 14 15 27 36 54 52 35 39
2 5 17 36 6 1 2 3 3 4 8 11 5 7 4 4 12 5 9 8 9 9 8 8 9 14 17 30 28 33 42 34 49 27 31 25 20 17 16 27 29 19 18 22 27 26 39 66 46 42 36 29 39 56 68 56 77 46 25 28 13 5 2 5 7 20 11 14 18 13 15 17 32 27 18 27 30 21 24 40 29 9 22 50 58 28 9 24 26 20 32 26 65 57 28 59
2 7 24 10 1 1 5 4 3 12 9 19 4 10 6 4 6 21 6 9 22 12 19 8 9 22 29 28 27 47 32 38 55 23 34 29 23 29 10 26 24 15 33 39 41 40 65 60 61 58 58 60 53 47 50 57 56 35 35 20 14 5 3 10 8 16 14 17 20 16 16 17 20 36 19 21 38 24 27 29 44 19 23 28 47 28 16 25 38 31 19 22 22 54 43 33
4 16 16 4 2 3 8 8 5 11 5 20 7 11 18 6 18 26 6 18 29 11 28 10 10 23 34 42 21 15 44 20 23 44 60 44 14 26 14 21 14 11 14 18 27 37 47 58 69 67 55 41 32 39 34 38 41 42 23 33 16 9 8 13 18 20 10 15 19 26 18 17 10 28 24 23 30 33 31 28 14 15 44 24 48 31 22 14 19 48 14 29 54 52 34 12
6 12 12 7 4 4 13 22 6 8 8 18 8 12 28 11 22 28 13 12 18 24 20 14 12 14 16 24 34 46 23 35 19 17 6 40 47 20 15 17 13 19 29 28 31 41 44 58 65 71 61 60 46 43 36 35 20 31 26 9 11 17 14 15 17 19 24 20 25 29 12 24 14 20 28 27 33 17 14 34 20 21 18 25 48 62 25 16 27 39 10 16 45 50 56 36
16 14 18 7 6 10 12 18 8 13 11 13 19 11 27 12 13 25 14 10 13 12 57 30 12 12 15 15 26 32 53 36 16 34 9 12 41 21 12 17 11 29 43 43 27 38 21 40 67 77 74 49 41 25 21 38 44 56 27 10 6 18 19 18 19 22 29 16 28 34 14 21 25 26 36 5 22 37 19 18 37 21 21 23 29 39 24 17 19 43 16 13 16 38 66 50
44 14 6 7 11 13 16 18 11 36 21 12 29 14 32 15 13 19 19 12 15 24 38 22 12 19 15 31 35 40 38 43 37 41 8 19 19 37 9 13 26 37 24 33 36 46 40 25 54 74 69 69 48 36 43 46 50 53 39 14 6 23 21 14 23 23 28 20 18 35 26 15 18 35 39 18 15 18 37 13 25 51 26 23 57 43 15 34 6 39 34 15 12 9 22 28
8 4 9 8 13 15 30 23 24 28 21 15 53 18 19 40 18 39 31 11 15 24 23 49 24 26 14 29 40 44 36 27 41 58 20 23 17 43 14 15 18 21 18 23 22 37 43 50 53 73 59 52 50 41 30 28 22 33 28 6 14 18 25 13 24 27 22 36 19 34 32 23 27 21 29 20 20 26 26 28 14 9 42 24 31 50 27 47 15 25 64 23 41 27 17 12
23 13 24 18 16 19 41 23 47 36 13 24 41 29 31 46 16 16 48 10 28 26 17 44 17 30 29 24 26 35 47 52 14 30 25 25 15 16 48 18 7 23 25 43 40 25 25 47 68 54 68 61 26 33 29 6 21 22 14 7 15 36 33 14 13 31 20 32 18 23 63 19 35 37 22 26 26 24 41 29 39 21 18 41 16 44 61 54 25 35 74 26 28 22 40 18
59 28 16 26 27 31 31 30 54 32 28 30 27 32 33 38 20 17 45 21 29 25 12 22 36 34 27 21 25 24 34 37 47 20 22 53 22 17 25 37 15 33 28 40 44 44 45 24 62 30 17 16 16 27 30 52 29 15 17 18 14 24 21 18 18 30 40 14 38 13 41 19 33 37 14 21 30 17 26 35 37 31 22 9 17 14 34 72 37 30 44 33 34 25 39 28
78 33 23 29 31 40 18 32 36 18 32 33 36 39 30 47 29 24 39 17 18 40 17 8 6 13 14 10 32 57 33 40 50 11 22 6 35 20 25 69 17 22 20 32 46 38 61 35 81 45 39 24 25 21 48 41 23 8 10 31 13 10 26 21 33 21 46 15 46 15 21 34 25 37 18 38 23 27 21 20 37 45 30 19 19 21 12 20 42 63 48 47 38 24 50 29
61 33 22 43 29 29 28 30 44 20 35 31 32 52 32 54 32 44 27 18 16 31 25 14 15 18 18 21 25 31 52 42 24 20 12 11 11 32 17 57 11 12 14 31 33 32 56 47 30 45 49 38 11 44 51 41 24 15 7 34 22 19 10 36 36 38 48 19 43 27 22 23 46 54 25 21 33 15 28 9 11 37 22 29 20 16 21 12 11 30 58 47 27 34 56 37
74 38 57 34 35 29 30 31 31 23 38 42 23 60 57 23 41 39 43 29 32 19 32 22 31 35 24 36 20 19 28 29 31 21 9 18 11 16 30 42 26 8 19 15 27 32 39 64 29 30 35 29 36 59 55 37 26 22 8 14 34 19 31 22 32 55 32 41 15 36 57 16 46 71 33 9 27 13 18 11 31 26 37 34 12 9 12 20 21 15 33 60 49 21 56 21
74 53 29 33 33 39 49 34 39 23 34 32 40 40 51 21 20 19 27 8 30 21 30 36 41 39 33 42 38 11 14 24 50 39 15 12 44 15 11 38 50 11 27 17 24 41 48 51 30 31 23 32 55 51 44 24 9 23 21 10 29 20 30 33 15 23 26 29 21 27 55 24 37 41 4 12 14 28 25 17 4 28 6 13 23 2 4 9 22 24 33 14 55 31 50 20
23 50 26 38 38 36 44 31 70 32 34 37 35 14 43 32 32 16 42 22 19 32 34 37 38 23 40 46 41 7 14 18 31 34 39 26 22 43 13 12 47 9 21 17 12 48 71 51 43 32 37 55 54 43 44 18 14 30 21 22 33 23 13 12 31 25 17 41 20 27 57 40 51 24 6 19 8 3 11 27 8 15 13 17 29 10 16 11 16 15 17 33 43 51 56 12
37 56 31 33 22 38 47 46 31 48 37 34 38 18 28 25 33 22 69 25 14 23 29 61 25 23 35 48 40 12 17 16 35 29 44 34 19 25 43 17 54 14 18 13 16 40 26 54 24 60 44 55 49 48 24 11 21 32 23 32 47 36 49 22 22 28 18 49 18 26 22 32 38 7 7 4 8 7 16 14 13 5 2 22 23 28 25 20 12 12 9 7 16 49 39 12
37 69 55 11 26 31 59 48 30 55 39 27 18 25 20 36 13 41 22 12 18 26 39 28 47 29 24 26 24 19 12 29 32 32 33 31 33 40 51 27 56 14 23 21 20 23 42 73 41 28 51 60 55 39 8 21 34 44 29 37 24 51 28 52 36 19 16 21 14 23 34 51 25 24 18 18 2 16 24 12 20 6 2 13 15 39 38 16 14 10 13 10 5 20 34 36
22 28 52 13 38 23 46 56 27 54 37 20 7 31 18 45 20 37 28 36 15 17 38 45 38 22 18 24 29 33 5 13 20 40 37 21 33 58 36 56 68 37 23 46 30 26 23 61 64 56 60 61 43 14 17 39 46 41 33 44 47 38 18 35 48 8 16 14 25 12 25 32 23 35 18 16 11 29 21 5 34 41 12 17 6 7 18 21 13 20 4 13 16 42 17 31
30 47 50 25 30 11 22 26 36 33 35 15 5 21 28 68 28 19 25 9 25 38 39 48 29 13 13 13 30 21 14 20 35 24 13 8 30 56 62 36 59 45 38 58 48 41 35 86 58 72 75 52 9 17 23 25 36 41 34 38 53 20 45 34 25 51 68 15 11 6 8 42 15 32 31 24 20 37 30 23 30 64 19 24 11 6 13 24 54 49 27 14 43 27 26 50
27 32 59 40 44 20 18 31 14 45 42 29 15 19 15 38 30 16 25 17 26 32 24 23 27 13 39 10 23 35 18 17 37 44 22 17 43 31 32 53 15 41 17 43 63 86 93 69 55 51 33 8 18 24 36 31 37 37 30 22 25 15 33 26 7 34 17 2 2 14 18 21 45 18 46 30 32 34 46 26 40 44 17 37 16 16 15 15 19 33 41 56 23 51 60 65
32 18 10 56 22 16 7 8 7 34 59 23 23 13 20 39 12 16 39 13 19 27 23 21 10 20 10 10 4 31 15 20 23 28 23 31 30 34 15 26 21 30 17 81 70 67 86 87 59 23 9 19 20 30 32 29 37 39 32 8 2 5 31 43 44 45 8 6 5 29 44 29 30 11 52 23 45 22 36 15 22 35 27 39 25 31 7 6 12 12 11 21 50 25 54 36
36 36 18 63 6 21 27 10 34 4 40 21 19 30 29 50 19 28 39 27 10 21 24 47 9 20 6 38 6 7 16 23 37 31 14 24 63 50 23 29 44 85 88 85 88 57 69 81 61 4 15 26 25 25 7 24 29 26 25 2 2 24 58 62 44 18 13 30 32 18 41 45 13 15 26 28 46 36 51 48 55 40 21 32 40 34 28 2 10 17 22 19 28 48 52 37
33 26 14 64 20 9 12 13 48 5 14 43 21 21 21 52 15 28 48 23 15 18 20 49 11 13 10 20 27 26 13 22 29 27 29 44 41 41 45 56 76 87 87 76 84 83 68 64 5 11 31 25 27 30 9 18 43 43 17 8 6 32 57 46 24 20 29 30 33 27 35 45 58 20 15 26 26 26 29 15 10 22 29 59 55 39 11 8 26 8 29 34 33 52 66 35
30 25 14 29 43 52 18 15 51 15 16 45 4 17 13 19 29 26 37 23 9 4 3 37 10 20 38 24 43 15 15 23 18 42 25 48 36 21 43 68 51 29 61 73 77 66 7 9 21 15 18 15 28 28 17 8 10 71 20 31 17 28 21 50 38 20 42 43 33 60 40 40 9 15 19 33 35 26 21 19 27 29 40 30 43 14 26 16 15 5 11 31 25 48 74 43
27 28 15 23 61 31 22 11 36 10 11 33 18 6 3 8 23 7 42 19 18 3 10 11 23 32 38 24 27 14 30 28 32 21 34 44 37 19 40 61 30 52 31 20 15 7 26 36 27 28 17 17 14 2 12 28 14 36 39 25 21 29 13 33 18 21 24 52 42 51 21 10 19 28 28 30 53 28 36 28 40 43 45 45 49 13 22 16 26 4 36 36 30 39 44 28
26 27 23 12 52 9 16 19 49 22 8 17 44 13 8 14 13 10 37 33 11 11 10 30 47 28 25 36 13 21 22 28 32 42 36 29 48 30 59 56 77 68 29 9 23 24 7 12 17 7 10 1 12 5 17 30 14 60 32 13 22 22 41 29 7 27 31 61 45 3 11 2 10 31 58 56 36 34 19 30 39 37 48 60 32 35 31 30 14 6 27 29 35 45 36 12
15 15 31 51 20 10 23 17 30 14 10 7 35 17 12 12 10 17 15 45 14 7 3 15 41 43 42 29 12 25 12 28 27 48 22 43 55 37 56 41 35 32 11 24 28 14 12 18 29 20 8 2 2 4 21 35 9 36 29 22 22 24 32 12 8 15 41 44 7 2 5 19 10 10 19 47 50 50 15 26 37 42 53 37 52 41 38 34 38 9 22 34 27 20 22 28
48 14 27 66 68 9 22 15 42 13 20 6 25 13 21 2 22 10 23 13 11 7 5 21 29 57 48 16 18 17 7 15 37 14 40 29 35 24 66 38 32 31 14 24 7 19 5 3 9 21 17 3 2 9 3 12 31 15 33 3 7 42 23 7 17 43 47 44 7 1 3 21 15 17 21 38 46 25 16 21 36 51 48 65 43 49 57 29 20 9 30 35 33 27 17 19
31 11 1 12 27 16 14 18 29 13 9 3 5 23 12 2 11 14 25 7 8 5 5 33 33 38 48 8 24 24 10 7 9 31 41 34 44 75 50 80 70 45 10 5 4 21 16 9 7 18 11 12 2 6 12 8 41 36 5 1 1 30 24 20 44 50 42 33 3 11 12 27 52 7 19 37 32 26 16 18 41 33 32 19 38 70 39 40 14 18 17 25 18 11 24 8
16 23 7 24 10 37 22 10 1 11 15 6 3 9 4 5 17 11 51 1 5 11 12 37 20 20 18 7 21 14 20 10 16 20 27 47 62 57 81 56 37 51 22 6 7 13 1 2 1 9 14 12 7 3 12 19 11 48 15 11 15 51 21 8 32 38 28 34 10 17 24 25 31 8 12 23 22 49 28 20 4 6 5 17 21 36 21 23 24 15 16 9 5 10 7 11
16 35 38 23 4 12 9 31 6 10 12 10 12 8 16 11 12 14 15 4 4 6 26 18 30 19 25 9 22 7 14 12 13 25 26 70 75 76 85 57 19 6 19 14 8 3 14 34 7 20 29 6 13 22 17 29 8 26 9 32 12 53 12 25 36 31 34 42 12 13 22 28 22 6 3 5 23 28 68 32 9 9 23 31 14 23 19 24 15 9 4 18 5 5 13 16
31 29 22 43 14 22 4 25 9 24 23 5 2 6 16 6 21 26 6 5 6 9 33 16 12 16 26 9 9 9 11 17 15 33 39 57 74 25 9 51 60 19 10 19 7 17 36 41 17 15 27 8 7 12 17 11 28 21 36 20 18 56 23 24 57 25 26 35 21 16 23 27 55 22 14 34 33 33 64 25 18 12 16 10 16 8 11 8 6 12 3 10 15 18 27 29
17 11 8 44 8 11 3 3 15 12 7 8 8 10 15 9 25 11 6 28 6 11 35 24 6 9 4 11 21 19 11 30 16 14 68 59 56 6 23 21 9 9 4 2 21 21 35 51 19 14 19 11 14 11 9 8 2 7 53 35 23 48 21 14 49 50 34 6 21 29 18 31 64 17 15 40 12 32 50 35 16 25 11 12 13 7 4 19 21 15 9 15 14 17 16 2
33 7 5 9 59 5 3 1 6 2 5 7 6 5 23 10 16 29 11 32 20 19 21 32 13 4 12 33 16 22 13 26 16 42 51 34 30 8 38 34 1 3 2 1 11 12 34 35 26 18 33 30 15 24 9 13 3 2 9 42 42 46 26 15 29 37 5 20 30 34 8 49 40 24 11 15 12 9 9 26 7 4 14 4 10 6 6 19 22 13 12 37 26 6 23 8
25 20 8 3 27 2 3 1 3 9 5 5 9 5 4 12 13 8 20 18 9 26 27 19 23 6 25 74 69 79 73 53 9 68 73 62 41 10 53 14 6 10 6 12 15 18 25 31 16 28 26 52 17 46 23 23 32 18 20 11 24 32 35 6 38 19 22 18 28 29 14 8 29 51 6 4 8 22 5 5 16 12 7 3 3 3 10 3 5 20 9 43 41 32 2 13
