sesion_6_simulaciones/modelos_agentes/ejemplos_netlogo/scenarios/cgcm2_b2/rob_2013.asc
NCOLS 322 
NROWS 307 
XLLCORNER 451900 
YLLCORNER 4086900 
CELLSIZE 100 
NODATA_value -9999 
[rows 225 to 299 of 307, columns 0 to 95 of 322]
59 60 48 68 66 70 33 20 14 53 49 36 20 17 20 27 9 5 3 39 20 33 65 55 42 48 43 51 45 32 47 46 62 20 24 50 46 71 49 74 68 75 79 64 61 73 52 55 51 23 9 7 4 5 2 2 2 3 2 1 2 1 1 1 1 1 0 0 0 0 0 0 0 0 0 0 0 0 0 0 0 0 0 0 0 0 0 0 2 2 1 1 0 0 0 0
22 36 37 24 29 71 43 9 35 39 52 25 38 32 7 5 3 2 11 43 15 48 65 63 48 47 34 19 41 35 51 75 63 36 39 48 76 85 64 72 79 80 82 51 59 58 55 20 41 49 11 6 2 2 2 3 2 1 1 1 0 0 0 0 0 0 0 0 0 0 0 0 0 0 0 0 0 0 0 0 0 0 0 0 0 0 1 2 3 4 1 0 0 0 0 0
44 32 34 25 30 22 13 17 14 26 46 53 50 11 3 3 18 27 48 61 34 42 64 76 66 45 56 29 37 54 30 57 83 44 30 42 59 56 84 89 66 57 39 64 41 39 51 28 15 5 9 10 6 4 4 3 3 1 1 1 1 0 0 0 0 0 0 0 0 0 0 0 0 0 0 0 0 0 0 0 0 0 0 0 0 0 1 5 3 0 0 0 0 0 0 0
55 41 36 49 30 26 35 35 25 46 38 35 24 11 19 37 51 58 62 76 42 53 66 70 31 32 62 23 46 65 32 27 42 64 48 73 55 38 66 80 74 44 56 31 77 40 20 16 14 10 5 11 9 7 6 4 1 1 0 0 0 0 0 0 0 0 0 0 0 0 0 0 0 0 0 0 0 0 0 0 0 0 0 0 0 1 1 7 2 0 0 0 0 0 0 0
22 37 53 32 27 23 47 46 44 42 42 53 30 37 36 59 57 40 66 72 48 51 51 55 34 66 32 11 47 59 33 31 49 60 77 85 70 46 32 45 56 34 23 12 25 57 33 15 10 8 6 5 4 6 7 5 1 1 0 0 0 0 0 0 0 0 0 0 0 0 0 0 0 0 0 0 0 0 0 0 0 0 0 0 1 2 3 3 1 0 0 1 0 0 0 0
66 53 38 44 47 36 55 47 52 42 33 45 33 54 41 62 63 58 50 73 32 49 58 49 54 20 35 41 45 61 29 49 42 48 51 72 59 69 44 16 29 52 35 34 39 14 15 9 5 4 3 3 4 3 2 2 2 1 1 0 0 0 0 0 0 0 0 0 0 0 0 0 0 0 0 0 0 0 0 0 0 0 0 0 0 4 11 3 1 1 1 1 0 0 0 0
50 61 51 63 42 40 51 77 27 55 33 31 45 54 42 64 64 51 50 66 49 57 55 66 39 34 41 44 39 42 23 40 72 61 44 31 70 43 45 35 15 20 53 57 56 23 8 4 8 7 5 2 2 3 2 2 1 0 0 1 0 0 0 0 0 0 0 0 0 0 0 0 0 0 0 0 0 0 0 0 1 1 1 0 0 2 8 2 1 2 1 0 0 0 0 0
48 37 61 53 39 48 48 57 36 38 38 41 42 59 45 49 64 26 38 49 34 58 20 48 35 50 36 29 46 27 38 56 51 74 53 47 34 35 38 16 24 15 11 15 14 7 6 3 7 3 5 2 2 1 1 2 1 0 0 0 0 0 0 0 0 0 0 0 0 0 0 0 0 0 0 0 0 0 0 1 2 3 1 1 0 1 3 2 2 1 0 0 0 0 0 0
40 36 61 45 36 67 66 50 50 41 53 59 41 66 51 44 52 31 37 47 60 28 21 15 38 47 24 34 51 31 39 34 29 26 16 30 18 19 18 11 20 28 43 17 11 4 4 1 2 1 2 1 1 1 1 1 0 0 0 0 0 0 0 0 0 0 0 0 0 0 0 0 0 0 0 0 0 0 1 2 5 4 2 2 1 2 9 6 3 1 1 0 0 0 0 0
51 27 24 45 33 58 61 53 61 35 50 66 30 41 33 52 74 35 45 52 58 44 14 16 51 33 18 54 63 61 66 28 47 36 52 50 47 45 33 40 50 49 43 43 32 23 24 5 5 7 3 1 1 1 0 0 0 0 0 0 0 0 0 0 0 0 0 0 0 0 0 0 0 0 0 0 0 1 1 3 3 8 5 7 3 18 5 5 2 2 1 1 0 0 0 0
19 23 43 30 34 42 47 49 22 48 65 61 26 30 29 32 70 27 28 39 17 39 27 43 32 31 27 45 65 43 79 82 73 59 75 58 63 45 47 35 42 57 47 60 22 8 6 1 2 4 5 3 1 0 0 0 0 0 1 0 0 0 0 0 0 0 0 0 0 0 0 0 0 0 0 0 0 0 1 4 10 7 8 9 17 8 7 5 1 1 3 2 1 0 0 0
13 39 18 19 28 41 47 31 23 31 43 57 24 42 26 46 36 24 28 16 18 13 23 20 44 31 57 63 66 42 49 64 85 61 71 90 88 72 73 55 25 56 61 48 55 29 20 7 5 5 3 2 2 1 1 1 1 0 0 0 0 0 0 0 0 0 0 0 0 0 0 0 0 0 0 0 0 0 1 1 12 20 18 5 6 26 6 6 4 5 2 1 1 1 0 0
8 20 10 28 31 48 29 47 33 46 28 18 29 9 27 32 13 76 16 32 68 65 48 32 26 17 22 35 33 41 41 36 37 74 58 82 85 79 78 68 56 25 58 60 55 24 32 9 4 4 2 1 0 0 0 0 0 0 0 0 0 0 0 0 0 0 0 0 0 0 0 0 0 0 1 0 0 1 1 1 9 23 16 3 19 18 10 14 11 4 3 2 1 1 1 1
10 11 27 27 52 24 35 40 34 41 26 29 17 10 20 17 10 3 48 52 52 66 67 45 30 15 36 35 31 39 32 41 36 32 24 50 84 58 73 34 42 35 32 42 35 22 9 3 11 5 3 2 2 1 1 0 0 0 0 0 0 0 0 0 0 0 0 0 0 0 0 0 0 1 2 1 1 1 2 5 14 28 9 9 21 4 2 3 4 1 1 2 1 1 0 0
6 10 15 6 20 29 33 30 28 17 27 17 14 7 9 18 12 14 14 35 32 15 68 61 31 9 38 53 41 44 39 26 35 42 20 22 51 59 52 43 38 27 30 22 19 24 13 4 1 4 3 2 2 2 1 0 0 0 0 0 0 0 0 0 0 0 0 0 0 0 0 0 0 1 2 2 1 1 2 13 21 47 9 12 28 5 4 2 1 1 1 1 1 0 0 0
0 3 4 18 7 15 19 18 32 30 16 9 9 6 10 9 19 25 34 47 19 15 16 51 59 22 46 59 59 54 60 45 45 50 37 22 15 39 23 30 10 12 6 9 9 6 1 5 3 2 2 1 1 1 1 1 0 0 0 0 0 0 0 0 0 0 0 0 0 0 0 0 0 1 1 4 6 2 9 9 36 35 28 43 7 6 6 3 4 4 1 1 1 0 0 0
0 2 7 6 6 8 14 20 15 24 13 6 14 13 12 9 19 40 46 24 11 8 15 60 41 45 48 35 18 30 39 38 43 38 34 32 12 10 8 6 10 6 2 2 3 5 3 4 1 1 1 1 1 1 0 0 0 0 0 0 0 0 0 0 0 0 0 0 0 0 0 0 1 1 1 2 15 2 6 25 42 26 34 35 21 13 7 15 10 1 1 1 0 0 0 0
0 1 1 2 6 4 6 9 16 13 17 8 5 6 18 20 14 24 40 42 22 13 10 20 21 27 32 58 24 54 60 41 35 39 32 37 26 10 5 2 2 4 4 4 5 4 2 1 1 1 1 1 0 0 0 0 0 0 0 0 0 0 0 0 0 0 0 0 0 0 0 0 0 1 5 5 17 7 14 35 47 44 24 24 12 5 5 10 5 3 1 0 0 0 0 0
0 1 1 1 5 4 1 19 8 4 4 9 34 40 58 52 28 11 10 16 22 19 13 26 46 49 47 45 46 46 57 55 49 46 38 43 33 38 17 5 5 2 2 2 2 1 1 1 0 1 0 1 1 0 0 0 0 0 0 0 0 0 0 0 0 0 0 0 0 0 0 1 0 1 4 5 16 32 22 39 45 45 36 27 11 13 7 7 5 2 1 1 0 0 0 0
0 0 1 1 2 4 4 7 3 1 2 14 5 7 25 53 31 13 11 9 21 17 22 26 13 20 48 63 61 64 59 61 62 65 58 45 42 39 38 26 8 4 4 3 3 1 1 1 1 1 1 1 0 0 0 0 0 0 0 0 0 0 0 0 0 0 0 0 1 1 1 1 1 2 11 4 4 33 72 44 59 44 30 18 11 6 1 4 4 2 1 0 0 0 0 0
0 0 0 0 1 2 5 1 2 20 27 34 15 16 20 10 10 5 16 22 20 45 28 29 49 32 12 31 33 63 66 64 76 80 62 43 55 59 52 28 10 7 5 6 5 5 2 3 1 0 0 0 0 0 0 0 0 0 0 0 0 0 0 0 0 0 0 1 1 2 1 2 1 3 11 18 7 32 52 38 32 15 9 3 4 6 2 2 2 1 1 0 0 0 0 0
0 0 0 0 1 2 1 0 5 7 1 3 12 34 27 15 14 21 12 32 51 31 30 49 35 48 31 11 10 48 35 69 84 69 64 61 43 41 44 35 30 20 10 5 7 9 3 3 2 1 1 0 0 0 0 0 0 0 0 0 0 0 0 0 0 0 0 1 1 3 2 4 2 3 11 30 26 21 49 21 12 5 8 5 4 1 1 1 2 1 1 0 0 0 0 0
0 0 0 0 3 1 1 2 1 8 3 4 10 12 7 8 24 48 24 43 31 41 45 45 37 47 48 29 23 17 23 14 47 56 43 39 27 38 25 13 8 4 3 3 3 6 2 1 1 1 1 0 0 0 0 0 0 0 0 0 0 0 0 0 0 0 1 1 1 2 9 5 6 3 5 26 30 64 27 13 14 7 5 4 5 1 2 2 1 0 1 1 1 0 0 0
0 0 0 3 0 0 8 0 2 4 10 29 14 8 4 25 26 49 49 25 19 28 23 37 30 30 44 39 56 53 30 38 40 26 12 19 20 21 10 9 4 3 1 2 2 2 1 2 1 1 0 0 0 0 0 0 0 0 0 0 0 0 0 0 0 0 0 0 0 1 3 12 20 3 3 20 20 55 16 20 9 7 3 5 5 4 3 1 1 1 1 1 1 0 0 0
0 0 0 1 0 4 0 0 1 3 16 29 12 6 24 32 54 27 49 26 24 30 29 37 43 43 72 60 30 24 18 19 39 43 26 19 24 25 15 11 10 6 10 6 2 2 2 2 1 1 0 0 0 0 0 0 0 0 0 0 0 0 0 0 0 0 0 1 1 1 2 4 12 15 8 15 50 35 23 15 6 10 8 4 2 3 3 2 3 3 1 1 0 0 0 0
0 0 5 0 1 5 1 1 1 5 10 5 12 12 20 33 50 21 30 23 33 30 32 33 75 75 70 48 64 66 55 36 51 47 35 28 30 35 21 14 17 9 5 4 3 2 4 4 2 1 1 0 1 1 0 0 0 0 0 0 0 0 0 0 0 0 1 2 2 1 1 2 6 20 29 20 61 33 28 28 19 7 8 9 6 4 6 3 2 3 2 1 1 0 0 0
0 1 1 0 3 1 1 2 5 13 16 19 18 13 21 34 53 43 16 32 26 36 41 47 58 73 78 63 37 46 46 39 25 23 29 20 17 21 17 29 29 10 11 8 9 7 4 5 2 1 1 2 1 0 0 0 0 0 0 0 0 0 0 0 0 1 3 3 1 1 2 3 5 6 5 54 62 33 21 20 11 12 18 12 10 11 8 9 4 3 1 1 0 0 0 0
0 4 0 3 1 1 2 4 19 39 59 21 7 17 30 21 22 19 12 21 25 34 42 61 58 34 58 59 47 64 64 48 22 14 13 14 23 26 29 24 13 12 29 19 19 11 5 2 1 1 0 1 1 0 0 0 0 0 0 0 0 0 0 0 1 1 2 3 3 5 5 4 19 22 26 37 55 41 16 19 17 21 16 7 9 8 6 4 4 1 1 0 1 0 0 0
0 1 0 3 1 2 12 29 41 28 61 56 17 13 42 23 20 3 10 12 11 12 18 44 17 27 41 63 64 71 86 47 59 39 18 10 18 51 35 31 34 4 5 2 2 4 2 3 1 1 1 1 1 0 0 0 0 0 0 0 0 0 0 0 1 3 3 2 2 14 24 5 22 46 57 52 31 29 23 11 16 12 12 18 11 7 3 3 3 2 1 1 1 1 0 0
1 0 1 5 1 3 2 7 9 21 10 7 19 19 34 33 36 18 17 15 16 13 29 32 9 7 10 39 40 31 43 76 50 62 53 45 35 31 25 24 26 19 12 12 9 4 3 5 3 2 1 0 0 0 0 0 0 0 0 0 0 0 0 1 2 3 3 4 3 4 16 36 16 39 58 63 42 23 31 20 28 26 12 7 9 7 3 2 2 4 2 2 1 0 0 0
3 0 5 1 1 2 6 14 24 20 16 29 27 17 32 32 41 17 9 29 32 22 28 48 18 3 17 10 23 28 12 19 53 45 52 47 22 6 6 5 11 11 9 10 12 13 6 2 3 2 1 1 1 0 0 0 0 0 0 0 0 0 1 2 4 6 3 3 9 10 7 8 41 57 46 64 39 36 52 43 10 8 7 8 7 4 5 3 3 1 1 0 0 0 0 0
1 0 4 0 2 3 4 6 9 11 20 29 15 19 26 20 28 4 9 12 10 45 37 52 37 15 17 24 31 20 23 9 7 13 13 10 9 8 6 4 2 3 3 4 9 7 4 6 4 3 2 1 1 1 1 0 0 0 0 0 0 0 1 3 5 6 4 6 9 24 14 19 12 17 37 46 60 49 26 24 18 22 16 19 10 6 9 6 2 1 1 1 0 0 0 0
0 2 0 1 1 1 1 3 8 11 14 22 24 15 25 39 26 7 10 8 18 48 50 44 19 4 20 38 26 37 38 14 38 41 38 28 24 16 14 6 4 3 13 15 14 5 6 5 4 4 3 2 1 1 1 0 0 0 0 0 0 0 2 4 4 11 5 8 10 10 49 32 27 21 13 61 37 55 40 32 32 40 32 21 12 14 7 4 1 1 1 0 0 0 0 0
3 1 0 0 0 1 3 2 6 10 8 18 43 54 53 56 43 16 7 7 39 47 48 35 21 41 11 38 36 43 27 41 41 24 23 22 17 14 6 9 21 26 10 9 5 7 4 4 5 3 4 3 1 1 1 1 0 0 0 0 0 0 1 5 18 12 6 13 12 11 13 30 49 13 10 24 65 73 64 48 40 33 29 27 18 8 8 3 5 1 1 0 0 0 0 1
0 0 0 1 1 1 1 3 1 11 21 23 43 59 53 23 12 7 4 24 37 38 44 53 52 22 26 30 26 24 31 66 30 27 29 27 23 12 15 18 34 23 20 15 14 11 9 5 8 5 4 3 2 1 1 0 0 0 0 0 0 0 1 4 12 11 19 24 17 33 36 46 49 23 25 40 61 53 52 38 35 27 22 21 12 8 6 6 6 3 1 1 0 0 0 1
0 0 0 1 0 1 3 3 5 19 30 37 37 85 40 22 28 18 11 28 30 29 31 18 16 14 47 16 33 25 48 33 44 49 32 30 27 26 29 23 15 25 25 25 21 18 11 14 9 3 2 2 1 1 1 1 0 0 0 0 0 0 1 3 9 8 8 19 40 30 53 51 54 28 53 57 58 55 33 30 29 25 14 9 8 6 5 4 3 2 1 1 0 1 1 1
0 0 0 0 0 2 2 2 5 18 28 32 12 34 18 5 23 24 33 25 26 39 35 18 14 31 20 30 44 63 65 52 48 46 32 32 41 38 37 30 33 45 39 20 14 21 17 13 6 4 3 2 2 1 1 1 1 0 0 0 0 0 1 4 6 10 8 12 34 60 57 58 49 79 66 42 29 30 34 32 24 21 20 12 7 8 3 6 3 2 1 1 0 1 1 1
0 0 1 1 1 2 1 1 12 10 23 16 8 3 3 5 22 22 16 26 24 19 20 39 35 16 20 48 62 30 23 23 43 37 44 46 45 42 38 37 37 44 26 24 31 22 19 17 6 6 3 2 1 1 1 1 0 0 0 0 0 0 3 5 11 9 10 10 12 19 36 45 53 64 16 38 33 30 23 23 18 15 11 19 12 9 7 5 3 2 2 1 1 2 2 3
0 1 1 2 2 1 0 1 9 18 29 20 19 27 21 11 4 8 7 31 37 23 62 58 23 28 34 47 31 30 29 34 36 32 43 50 48 46 35 59 43 30 25 30 9 17 23 19 14 9 2 2 1 2 2 1 0 0 0 0 0 0 1 5 8 11 34 19 24 28 32 22 38 59 46 49 45 28 26 23 24 17 19 16 12 3 3 2 2 4 2 0 2 3 4 5
0 1 1 2 1 1 1 7 17 35 34 8 11 22 25 23 10 3 10 37 31 62 43 22 28 49 35 31 31 32 38 34 23 34 40 59 39 36 52 43 35 52 48 18 26 24 19 19 9 4 2 3 3 2 2 2 1 1 0 0 0 0 1 4 6 17 35 61 28 40 37 24 29 68 73 37 38 42 37 21 16 19 21 13 6 2 5 4 3 1 1 0 2 5 5 5
0 0 4 2 2 4 9 18 30 41 6 8 10 4 3 7 13 5 17 31 29 30 12 23 42 16 14 27 32 35 52 38 28 32 47 53 48 61 64 56 37 28 23 29 21 23 11 11 8 6 5 6 5 2 2 1 1 1 0 0 0 1 1 4 9 14 35 54 51 55 41 45 53 70 41 38 32 29 33 35 19 43 23 8 8 9 6 3 1 1 0 1 4 6 6 8
1 2 0 0 5 0 2 11 17 12 2 7 14 14 15 16 30 19 37 17 14 11 7 23 21 26 31 40 51 41 36 26 29 34 59 42 75 69 65 31 21 17 22 30 33 22 16 14 12 10 6 6 3 2 1 1 1 1 1 0 0 1 2 6 14 18 23 25 52 70 65 31 42 70 42 46 62 53 47 50 40 22 17 12 11 10 3 3 1 1 1 3 4 6 5 9
2 0 1 1 0 0 2 7 11 6 1 8 14 22 25 24 13 18 35 35 33 26 4 24 31 45 46 43 33 21 31 32 31 39 74 40 25 16 16 27 29 40 47 44 37 26 19 17 7 10 5 4 4 2 2 1 1 1 1 1 0 2 3 7 17 20 21 13 32 61 67 46 56 67 43 28 46 66 61 54 45 17 17 17 11 9 3 2 3 1 3 4 2 8 9 11
0 0 0 0 1 1 2 4 18 26 3 12 15 5 11 7 11 44 28 18 21 25 24 21 48 36 36 40 27 30 40 41 30 75 30 23 50 52 48 43 53 57 46 45 42 36 26 18 9 8 7 6 4 4 3 2 2 1 1 0 1 3 9 24 25 25 18 28 40 52 70 44 49 58 72 50 50 48 60 56 37 33 18 16 13 8 3 1 1 3 3 2 4 7 21 14
0 0 0 0 1 0 2 10 8 13 26 17 7 5 8 13 16 19 27 36 22 28 15 24 44 42 34 37 40 34 41 46 52 38 13 40 45 51 57 79 53 47 56 51 45 38 20 14 10 6 7 6 5 3 3 2 2 2 1 1 2 6 7 19 24 24 22 38 47 46 77 72 51 70 64 53 57 55 47 39 41 24 15 11 10 4 1 0 1 5 2 5 8 11 25 14
0 1 0 1 1 1 1 1 1 11 9 3 5 10 11 7 29 13 13 43 61 29 10 17 58 40 49 41 30 31 61 84 53 12 25 56 44 72 74 63 58 66 59 35 35 30 22 18 9 10 8 7 6 5 4 3 3 2 2 2 2 4 7 12 25 44 35 58 66 58 55 58 58 65 73 73 53 43 32 26 25 17 13 13 10 4 1 1 3 5 6 12 18 14 20 15
0 1 0 1 4 1 6 11 9 6 8 13 8 8 4 36 20 24 26 41 26 13 28 40 10 46 39 27 56 54 69 46 18 28 61 33 57 49 58 77 77 53 39 63 48 22 23 21 17 12 10 9 7 6 6 4 3 2 2 2 3 9 5 8 10 29 58 66 67 70 81 81 55 70 56 46 30 33 40 39 22 19 12 15 8 1 1 3 4 7 13 20 19 11 21 21
0 0 1 1 0 1 4 1 1 4 8 11 5 2 2 38 15 5 6 10 11 19 42 19 11 30 21 27 66 61 47 14 22 35 59 73 53 60 72 74 69 54 53 23 30 22 29 35 19 16 12 10 9 7 7 6 3 2 3 6 5 11 10 12 16 29 43 77 60 62 44 69 53 38 38 45 53 37 29 26 19 13 16 8 2 1 2 5 7 7 10 17 30 24 27 24
1 0 2 1 1 1 4 1 4 5 7 3 4 8 14 41 15 15 12 10 40 16 26 6 30 42 27 50 77 46 28 20 28 33 74 74 72 63 64 64 58 60 43 28 32 56 36 27 23 28 17 12 12 9 8 6 3 2 7 8 17 25 16 21 19 33 54 61 74 60 54 43 50 59 50 62 44 42 31 25 13 13 5 2 1 2 6 8 8 18 19 14 15 24 21 17
1 1 1 0 1 1 1 2 3 2 3 14 3 11 33 17 13 7 29 34 24 29 13 25 63 27 34 63 55 39 38 32 54 63 76 63 65 66 56 40 39 55 61 50 55 39 38 36 38 24 19 25 6 10 8 4 2 6 12 11 37 36 25 41 30 22 39 74 75 39 76 53 51 60 59 55 47 42 34 19 12 12 3 3 3 6 9 13 11 15 23 15 17 27 31 24
0 2 1 1 1 2 3 5 2 2 3 6 4 23 3 8 17 18 26 38 19 15 22 26 44 37 39 66 35 27 42 37 65 63 55 57 50 59 51 54 58 58 55 68 49 43 40 50 33 26 36 20 15 12 6 5 3 8 21 22 31 47 39 52 53 35 41 54 84 41 41 78 75 58 54 51 56 39 39 31 13 9 2 2 4 8 14 19 23 28 26 29 19 26 42 32
1 1 0 0 1 5 13 1 1 2 9 1 19 7 12 16 14 5 4 24 13 23 37 39 42 57 46 17 34 41 46 57 61 62 28 22 59 50 56 48 50 58 61 69 65 47 63 34 49 47 22 20 19 14 7 5 3 8 27 38 37 55 39 45 63 42 62 42 72 49 52 71 51 64 61 51 42 45 59 25 16 3 2 4 7 9 16 25 19 13 20 39 16 20 37 53
0 1 0 1 1 2 1 6 3 6 2 4 11 5 6 7 5 5 3 6 8 19 37 38 34 52 34 27 46 37 39 20 44 28 18 42 30 34 41 62 64 66 68 69 55 35 52 57 49 35 32 22 20 18 13 7 7 10 33 56 59 61 56 46 61 62 31 42 85 52 69 64 59 56 48 40 52 18 13 13 4 2 4 9 10 16 24 27 13 18 30 18 12 14 24 55
0 0 0 3 4 3 3 2 2 5 2 7 6 10 11 24 17 2 4 3 3 26 24 16 34 43 31 51 50 54 70 57 45 25 17 19 37 36 39 36 42 64 49 54 59 29 21 20 33 32 36 29 22 19 10 5 11 20 37 48 78 72 53 54 60 62 64 29 70 21 29 41 47 53 51 50 46 38 22 17 5 3 5 10 12 30 41 32 22 23 31 31 26 16 24 43
1 1 6 5 6 4 5 2 3 1 5 10 16 9 16 17 26 8 15 8 28 38 26 39 48 37 33 8 9 29 53 19 21 13 20 26 18 26 27 29 61 54 42 52 32 33 33 42 40 51 33 33 27 14 11 7 13 24 46 54 68 54 57 62 72 46 49 54 69 38 38 31 28 18 34 43 36 26 13 9 3 6 12 13 17 38 37 16 27 38 24 35 18 22 29 49
2 3 1 2 2 2 1 1 2 6 6 14 27 27 19 28 20 6 17 30 37 23 21 39 36 25 7 20 17 33 30 15 11 31 36 31 38 33 36 50 41 49 65 39 41 40 54 46 55 39 34 32 29 15 5 15 19 51 47 58 63 70 61 70 75 59 38 68 58 39 44 59 53 53 52 41 28 9 6 2 5 13 15 18 22 49 50 16 20 38 27 43 24 26 32 65
0 1 4 3 5 8 4 8 3 4 14 11 21 19 3 6 2 4 14 40 32 21 33 16 40 44 12 15 19 40 17 13 18 36 53 31 31 38 43 24 58 54 40 52 45 56 55 63 60 47 52 34 20 18 10 19 25 47 69 57 62 75 59 50 74 75 42 54 65 63 64 47 45 42 29 32 19 9 3 10 9 16 20 35 32 50 56 30 30 32 18 50 29 31 35 49
6 12 12 25 23 16 9 12 11 10 16 8 10 7 21 6 5 11 25 27 28 23 27 11 20 17 10 19 22 35 15 20 60 41 25 22 29 35 37 47 71 58 61 42 52 70 69 52 51 64 47 26 22 22 13 35 52 49 58 75 67 75 80 59 84 84 51 61 58 60 47 44 56 41 35 18 18 13 8 18 22 22 30 44 36 42 51 43 46 32 32 53 31 35 31 45
19 24 29 12 21 46 22 10 4 10 1 2 7 10 9 6 4 31 42 22 12 26 17 17 34 41 11 11 16 30 32 55 24 13 26 27 16 12 45 44 57 35 68 58 64 73 44 53 65 55 38 33 26 27 24 45 58 59 63 77 66 73 80 75 74 81 62 31 48 71 49 52 51 49 35 33 29 21 15 24 27 41 36 47 36 34 47 46 42 39 37 54 34 28 38 45
4 11 20 4 1 13 21 22 1 1 2 5 11 15 14 9 16 18 9 15 8 10 30 12 44 51 19 14 35 34 44 48 28 30 30 7 9 14 25 48 42 53 65 67 66 59 60 57 57 53 39 36 29 32 35 41 55 75 64 67 85 67 77 82 73 55 28 21 15 37 47 57 51 45 34 30 19 8 17 25 29 43 42 52 38 53 64 65 51 48 37 46 51 17 42 50
6 4 3 8 6 1 0 1 1 4 7 1 2 6 17 11 14 24 5 11 3 11 12 15 40 24 7 11 16 26 14 20 33 24 19 21 15 7 57 25 37 23 61 51 72 56 58 44 61 56 37 35 33 34 38 63 60 76 77 77 78 75 74 80 39 33 52 63 46 49 45 42 43 27 24 16 8 17 28 30 33 49 54 36 52 53 65 67 52 51 38 46 54 24 28 61
4 3 15 4 3 3 0 4 2 2 4 3 2 9 2 5 14 5 10 13 8 32 31 26 40 19 8 9 12 11 10 36 33 23 33 24 33 10 47 34 9 29 62 57 67 59 59 69 60 52 46 39 38 60 59 59 62 67 78 64 77 82 66 58 58 49 56 69 54 38 60 55 65 56 36 9 16 19 32 47 54 42 57 43 56 69 67 64 53 53 41 44 60 51 27 44
0 7 3 7 7 2 1 6 2 5 6 1 3 4 2 6 11 26 6 14 43 18 30 36 50 31 8 13 10 27 31 22 26 51 23 32 34 19 72 46 17 37 25 62 58 49 65 45 58 52 43 45 40 57 74 65 64 62 75 84 70 77 74 54 58 41 44 42 43 33 56 58 60 65 25 15 21 34 32 53 56 56 56 59 44 69 70 70 60 60 29 50 48 46 39 30
3 5 1 1 1 4 3 8 2 2 5 1 5 3 6 13 6 16 4 11 18 44 25 40 23 6 2 2 3 25 30 13 20 30 38 52 24 28 46 57 34 37 24 64 53 44 50 41 57 51 58 43 43 53 61 86 57 64 62 61 77 60 62 56 37 39 51 43 46 38 57 55 31 45 16 17 37 37 38 42 57 58 59 57 59 72 71 79 67 54 41 58 59 32 41 28
2 3 4 2 2 6 2 3 0 2 2 2 2 2 10 11 6 10 8 4 4 5 6 8 6 5 5 2 12 9 25 30 39 29 36 39 22 21 19 71 46 50 44 55 23 55 44 58 60 43 56 44 45 40 66 67 76 66 61 45 67 48 39 52 41 38 50 41 55 44 48 44 32 18 25 39 40 43 43 41 47 61 72 62 60 75 77 77 73 51 39 68 53 49 42 24
2 4 3 2 1 4 3 0 1 5 1 2 2 1 6 6 5 6 15 9 8 9 15 15 14 28 14 6 3 5 14 28 35 34 36 31 30 24 13 45 76 67 42 30 27 37 38 57 43 24 54 43 45 40 52 77 62 74 57 32 42 18 18 19 26 26 41 55 54 53 54 35 19 21 45 44 49 64 60 48 44 58 59 70 74 84 66 82 63 50 44 72 56 64 32 26
1 0 3 2 11 2 0 1 2 1 3 2 2 3 6 4 4 6 4 2 4 8 7 30 40 4 8 4 6 2 3 10 11 34 23 11 32 22 21 29 81 66 35 23 27 39 61 29 43 23 36 51 42 61 63 60 50 53 70 37 38 30 31 18 41 54 50 48 45 35 38 32 15 27 42 44 64 57 55 40 45 29 61 72 72 62 77 79 74 57 42 69 55 60 52 25
0 0 2 1 5 4 2 1 3 0 4 1 1 5 6 7 9 2 6 3 17 13 19 12 10 11 20 11 4 3 14 16 7 15 14 13 38 5 4 27 52 60 43 30 23 70 49 29 23 39 53 53 40 57 75 59 74 39 62 61 41 38 38 23 36 32 32 34 45 44 21 20 27 42 40 45 41 49 38 17 39 43 58 63 70 73 82 78 43 62 35 64 74 39 24 36
0 0 1 0 3 4 3 1 1 2 2 3 7 5 5 5 1 3 7 3 3 4 4 12 18 41 10 6 7 5 22 15 18 24 17 19 21 9 17 21 40 49 53 42 35 78 42 43 28 37 50 42 48 73 77 65 74 50 48 51 34 15 16 57 48 44 44 32 49 22 24 28 44 41 41 42 55 59 49 38 44 59 60 75 75 76 74 84 48 61 49 46 70 24 21 32
0 1 0 1 1 1 3 7 1 3 7 12 3 3 3 6 4 3 5 9 5 5 17 26 31 10 7 14 3 5 10 26 27 40 31 31 30 23 22 31 40 58 47 50 25 46 40 56 42 22 24 51 60 63 72 67 64 53 41 44 31 12 26 36 49 55 46 32 38 39 44 43 41 45 56 28 36 61 49 38 51 55 54 70 67 71 56 68 67 59 78 46 56 30 30 34
0 0 0 3 0 3 3 2 2 7 10 6 2 1 2 3 1 3 3 4 5 7 41 21 14 20 26 38 21 21 7 31 32 50 27 41 25 44 42 32 26 35 46 60 20 48 53 57 44 37 43 58 53 49 64 46 48 54 33 26 12 28 28 29 32 41 30 53 61 46 45 42 41 58 44 25 31 63 61 43 46 55 51 50 75 75 39 50 68 80 63 57 38 28 39 53
1 0 1 0 0 3 1 3 5 1 3 4 3 1 3 1 1 1 3 2 8 19 10 34 29 11 7 20 22 40 21 22 32 24 26 57 15 23 31 20 28 54 70 35 23 23 67 47 59 33 43 57 57 37 43 64 49 44 23 20 17 20 40 35 38 42 49 52 63 47 41 39 55 53 62 46 29 49 64 60 53 41 47 33 39 74 63 20 63 54 73 51 49 38 25 36
0 0 0 0 0 0 1 2 3 3 5 1 2 1 3 2 2 2 2 4 9 13 8 13 16 13 16 20 47 25 39 33 32 21 38 39 15 10 39 23 34 39 37 36 35 47 61 51 38 27 36 50 41 35 47 34 37 29 15 14 19 32 24 28 28 43 51 56 73 45 42 42 50 51 51 39 37 47 52 68 54 49 48 26 19 36 61 58 23 64 51 55 46 34 21 22
0 0 0 0 0 0 0 2 1 1 1 2 3 0 3 0 1 1 3 3 5 6 7 17 10 16 10 24 29 26 22 39 13 34 27 24 17 21 29 24 26 51 29 46 35 42 48 26 20 21 20 29 56 48 23 31 18 17 8 3 16 12 15 14 37 32 53 60 43 38 39 38 54 50 31 34 50 52 35 69 55 55 44 20 20 29 29 27 40 43 34 28 21 25 14 68
0 0 0 0 0 0 0 0 0 0 2 1 0 1 5 1 1 2 7 2 3 4 4 8 10 13 6 17 7 11 5 11 13 20 28 13 18 28 20 14 12 47 41 48 35 70 21 22 18 42 22 43 45 54 55 29 20 12 10 9 21 8 11 33 32 57 64 46 41 41 37 34 48 68 44 33 25 42 32 46 56 54 59 18 20 13 25 10 14 34 33 19 18 26 13 47
