sesion_6_simulaciones/modelos_agentes/ejemplos_netlogo/scenarios/cgcm2_b2/rob_2017.asc
NCOLS 322 
NROWS 307 
XLLCORNER 451900 
YLLCORNER 4086900 
CELLSIZE 100 
NODATA_value -9999 
[rows 222 to 295 of 307, columns 0 to 95 of 322]
17 25 37 55 47 32 45 33 7 21 24 27 50 21 19 11 11 5 5 7 18 29 31 39 29 26 21 36 54 30 19 47 60 32 57 48 29 30 39 64 35 34 50 64 58 76 53 60 64 83 82 55 38 37 32 16 19 35 20 23 25 14 8 19 10 12 5 6 3 2 2 1 0 0 0 0 0 0 0 0 0 0 0 0 0 0 0 1 1 1 0 0 1 1 4 1
41 49 35 25 27 36 36 45 26 12 14 30 33 16 8 9 11 21 27 26 30 42 27 65 47 45 36 36 34 47 30 43 34 41 66 19 23 33 40 65 63 53 47 70 32 20 33 20 22 64 72 52 49 28 22 22 11 13 21 21 16 21 8 10 14 5 4 4 5 2 1 1 0 0 0 0 0 0 0 0 0 0 0 0 0 0 0 1 2 2 1 1 2 2 0 0
42 62 66 76 57 52 44 46 30 37 45 59 27 19 18 27 24 42 21 24 64 18 37 42 43 33 25 59 44 40 39 45 37 57 38 27 38 49 42 63 60 61 58 86 80 69 58 56 48 24 31 40 26 22 13 13 12 14 14 13 12 11 6 21 20 7 4 2 2 1 1 0 0 0 0 0 0 0 0 0 0 0 0 0 0 0 0 1 4 3 1 2 3 2 0 0
46 60 51 63 63 67 37 26 19 54 56 40 25 19 22 28 10 5 3 41 22 34 63 47 34 47 37 44 38 27 37 37 55 17 18 46 36 61 42 67 61 70 75 57 59 74 60 69 70 43 22 23 14 20 9 9 9 14 9 7 10 5 3 3 3 3 1 1 1 1 0 0 0 0 0 0 0 0 0 0 0 0 0 0 0 1 2 2 8 6 6 6 2 1 0 0
14 26 31 22 33 77 53 10 36 44 57 25 40 35 8 5 3 2 16 50 17 45 60 64 45 43 30 13 34 25 39 65 51 26 38 46 65 75 53 59 77 82 78 50 61 65 66 35 63 75 28 19 7 10 9 12 7 6 6 3 2 2 2 1 1 2 2 1 0 0 0 0 0 0 0 0 0 0 0 0 0 0 0 0 0 1 5 7 10 15 6 2 1 1 0 0
42 28 31 31 36 32 16 20 20 29 49 54 56 14 4 3 19 30 49 65 33 37 56 76 64 33 47 21 28 43 19 43 73 35 26 30 53 53 82 88 60 52 39 70 47 51 70 49 34 14 26 29 23 16 14 12 12 6 4 3 2 1 1 1 1 1 1 0 0 0 0 0 0 0 0 0 0 0 0 0 0 0 0 0 0 1 5 19 12 1 1 0 0 0 0 0
43 34 28 49 34 33 37 35 24 47 42 37 28 12 21 44 51 55 59 73 33 47 53 68 21 19 48 15 35 50 19 18 40 47 30 53 42 30 68 81 70 45 63 42 82 58 36 37 33 27 17 35 31 24 24 15 5 5 2 1 1 0 0 0 0 0 0 0 0 0 0 0 0 0 0 0 0 0 0 0 0 0 0 1 1 3 4 23 6 1 1 1 0 1 0 0
14 26 49 30 27 27 46 44 40 42 38 54 35 40 38 58 51 33 64 64 35 40 38 39 19 54 20 6 36 39 19 27 29 40 67 78 62 45 27 45 55 35 27 20 37 77 56 35 29 26 19 18 18 23 25 18 6 4 1 1 0 0 0 1 1 0 0 0 0 0 0 0 0 0 0 0 0 0 0 0 1 1 1 1 4 6 10 11 3 1 2 2 1 1 0 0
52 40 34 38 44 38 57 40 49 41 29 44 31 56 38 56 56 45 45 68 18 31 31 25 37 10 23 25 24 38 14 29 20 33 34 59 50 69 39 16 37 58 43 47 59 27 33 23 16 16 11 10 18 15 11 9 9 4 3 1 1 1 0 0 1 0 0 0 0 0 0 0 0 0 0 0 0 0 0 0 1 1 2 1 2 13 36 10 3 4 6 3 1 0 0 0
26 48 46 53 32 33 43 72 26 45 30 25 39 44 32 56 55 41 34 48 30 26 24 40 23 18 20 19 17 22 12 21 58 46 31 22 63 37 43 36 16 27 68 73 76 46 20 12 23 22 18 7 10 12 8 7 4 1 1 2 1 0 0 0 0 0 0 0 0 0 0 0 0 0 0 0 0 1 1 2 3 3 3 2 1 8 25 6 3 9 6 1 1 1 0 0
21 23 44 47 36 41 38 55 30 30 31 32 28 45 31 38 63 22 22 31 15 21 6 22 16 20 13 9 18 13 18 29 35 64 41 41 26 31 40 17 29 22 20 33 32 22 17 12 21 13 16 9 7 6 5 9 3 2 0 0 0 0 0 0 0 0 0 0 0 0 0 0 0 0 0 0 0 1 2 5 7 11 5 3 2 4 10 8 9 6 2 1 0 0 0 0
13 13 43 28 27 58 50 36 44 31 47 44 31 51 38 28 35 17 21 19 21 8 6 4 12 14 6 10 18 13 12 19 17 17 12 25 15 17 19 12 24 37 60 33 30 13 13 5 6 6 9 6 5 6 6 3 2 1 0 0 0 1 0 0 0 0 0 0 0 0 0 0 0 0 0 0 1 3 3 9 19 16 9 10 4 6 26 23 11 4 2 1 1 1 1 0
16 9 9 25 22 42 56 52 60 25 35 50 14 28 17 28 51 12 17 21 20 20 4 6 17 7 3 21 32 41 45 11 30 23 41 41 40 42 33 40 53 55 58 61 55 50 41 16 17 23 13 6 4 3 2 2 1 0 0 0 0 1 1 1 0 0 0 0 0 0 0 0 0 0 0 0 1 3 5 11 12 26 18 21 14 40 20 18 7 7 5 4 2 1 1 0
3 4 18 19 24 28 29 39 20 37 46 30 6 9 8 9 36 7 6 7 3 10 7 10 6 6 4 12 33 22 67 70 64 54 72 55 58 40 41 41 50 61 57 74 41 23 17 4 10 17 20 10 4 2 2 2 1 1 3 1 1 1 0 0 0 0 0 0 0 0 0 0 1 0 1 1 1 2 7 14 31 23 28 26 44 26 23 18 6 5 12 7 4 1 1 1
2 8 3 5 7 20 27 23 18 20 19 29 6 17 5 15 7 4 4 3 4 2 4 3 9 9 28 26 36 21 31 57 82 61 72 89 87 73 73 62 29 65 72 65 75 55 49 22 17 18 13 8 9 2 2 5 5 2 1 1 1 1 1 0 0 0 0 0 0 0 0 0 1 2 1 1 1 1 3 6 32 47 43 17 14 57 20 22 15 17 6 6 4 2 1 1
1 3 1 5 7 17 12 28 29 24 10 3 7 1 5 8 3 42 3 11 39 26 14 6 5 3 6 12 13 23 25 25 30 74 61 82 86 81 82 73 67 36 75 75 76 51 54 28 17 14 6 5 2 2 1 1 1 1 1 1 0 0 0 0 0 0 0 0 0 0 0 0 1 2 3 1 2 3 4 6 24 47 35 11 41 41 26 39 36 15 11 8 6 3 4 3
1 1 5 9 19 6 13 25 22 18 9 4 3 1 3 2 1 0 18 17 20 37 32 12 7 3 11 13 13 24 21 30 33 28 21 55 87 62 78 49 60 55 54 63 60 47 24 11 30 20 11 8 8 5 3 1 1 1 0 0 0 0 0 0 0 0 0 0 0 0 0 1 1 3 9 4 2 4 8 16 37 55 26 25 42 12 6 10 14 5 4 8 4 5 2 1
1 1 3 1 4 6 8 9 9 6 6 3 2 1 1 2 2 2 2 10 9 4 43 30 8 2 10 25 20 29 26 19 31 38 22 26 59 71 68 63 62 51 54 40 43 48 40 15 6 17 12 9 7 6 5 1 1 0 0 0 0 0 0 0 0 0 0 0 0 0 0 0 2 2 7 9 4 4 8 32 42 71 25 30 53 16 14 10 5 3 2 4 3 2 0 0
0 0 0 2 1 2 3 3 9 8 4 2 1 1 1 1 3 5 9 18 5 5 5 29 31 6 17 42 39 37 45 34 39 50 40 29 24 60 44 45 25 31 18 29 26 22 5 21 10 7 9 5 4 4 4 3 2 1 1 1 0 0 0 0 0 0 0 0 0 0 1 1 2 2 3 15 23 9 25 28 63 57 52 68 21 22 20 13 14 13 5 6 4 2 1 0
0 0 1 1 1 1 2 3 2 6 1 1 2 2 2 1 4 11 14 8 3 3 6 45 23 20 20 17 8 18 26 29 40 40 40 44 23 20 21 16 26 16 7 8 11 16 12 14 5 4 6 4 3 2 2 2 1 1 1 0 0 0 0 0 0 0 0 0 1 1 1 2 3 2 4 6 40 9 15 49 67 48 56 61 47 36 22 40 29 5 5 3 2 0 0 0
0 0 0 0 1 0 1 1 2 2 3 1 1 1 3 4 3 8 15 15 8 5 4 10 13 12 14 36 11 40 50 34 29 39 36 49 43 24 15 8 8 12 15 12 18 15 8 4 5 6 4 3 2 2 2 1 1 0 0 0 0 0 0 0 0 0 0 1 1 1 2 1 1 4 18 16 41 23 31 58 69 65 45 52 30 16 15 31 16 10 3 2 1 0 0 0
0 0 0 0 1 0 0 2 1 0 0 1 10 14 26 15 7 2 3 5 11 11 6 21 37 31 28 28 27 31 45 46 46 47 42 52 49 62 40 15 16 9 8 7 7 5 6 3 2 3 2 3 2 2 1 1 0 0 0 0 0 0 0 0 0 0 1 1 1 2 2 2 1 5 15 15 39 59 39 61 64 65 61 54 31 36 21 19 15 9 4 2 1 1 0 0
0 0 0 0 0 0 0 1 0 0 0 2 1 1 5 33 8 3 3 3 11 7 11 15 6 17 36 58 55 56 47 54 56 61 59 51 53 57 62 54 23 15 13 14 13 6 3 4 6 3 5 4 2 1 1 1 1 1 0 0 0 0 0 0 0 0 1 2 3 3 3 3 2 6 32 15 9 51 83 59 66 67 54 41 30 15 4 11 14 7 2 1 1 1 1 1
0 0 0 0 0 0 0 0 0 3 7 5 2 2 4 2 2 1 5 7 7 22 13 13 28 23 9 23 30 62 66 64 72 77 65 49 64 72 72 56 27 22 18 21 19 17 7 13 6 2 1 1 1 1 0 1 0 0 0 0 0 0 0 0 0 1 1 3 6 6 6 8 5 10 30 41 14 45 65 56 52 34 21 11 13 19 7 7 7 3 2 1 1 1 1 1
0 0 0 0 0 0 0 0 1 1 0 0 2 8 5 4 4 6 3 9 20 11 12 23 16 34 19 6 7 49 37 71 85 69 68 67 52 58 66 62 47 50 33 18 24 26 10 10 6 3 2 2 1 2 1 0 0 1 0 0 0 0 0 0 1 1 1 4 6 12 10 18 7 9 27 50 47 34 67 39 25 15 22 14 10 4 3 5 8 6 2 2 2 2 1 0
0 0 0 0 0 0 0 0 0 1 0 1 2 2 1 2 6 16 5 13 7 12 17 18 16 32 30 18 15 11 17 13 54 59 53 49 39 56 47 29 23 15 11 9 13 23 9 7 5 4 2 1 1 0 0 1 1 1 0 0 0 0 0 0 1 2 3 4 4 9 28 16 21 9 13 46 46 72 42 27 32 18 16 14 17 6 8 8 5 2 2 3 4 2 1 0
0 0 0 0 0 0 1 0 0 0 1 9 2 1 1 6 5 11 13 5 4 7 6 11 17 16 28 26 41 43 23 36 39 28 14 27 32 39 23 26 12 11 5 7 7 7 6 7 3 2 2 1 1 1 0 0 1 1 1 0 0 0 0 0 0 1 1 1 2 3 12 32 47 11 8 34 28 64 29 39 22 19 11 16 15 11 12 3 5 4 4 6 2 1 1 0
0 0 0 0 0 0 0 0 0 0 2 8 2 1 4 6 20 9 12 5 5 8 9 16 22 28 53 49 24 19 15 18 39 44 32 25 40 44 36 28 28 21 31 20 10 8 7 8 6 3 1 1 1 1 1 1 1 0 0 0 0 0 0 0 1 1 2 5 4 2 6 11 28 37 21 24 61 49 40 29 15 24 21 13 6 10 12 8 11 12 4 3 1 1 0 1
0 0 1 0 0 0 0 0 0 0 1 1 2 2 4 7 17 5 12 5 9 9 10 16 60 67 62 32 53 59 52 32 51 48 41 37 45 58 43 37 42 30 17 15 13 10 16 15 6 4 4 2 3 3 1 1 0 0 0 0 0 0 0 0 1 2 4 8 9 5 4 6 17 39 53 30 69 50 48 50 39 20 25 28 20 15 21 13 9 10 8 2 2 1 0 0
0 0 0 0 0 0 0 0 1 2 2 3 4 3 7 9 23 13 4 13 9 20 18 30 50 71 73 51 28 38 42 37 25 28 37 29 30 39 34 57 59 32 31 26 33 25 18 17 9 6 6 6 3 2 1 1 1 0 0 0 0 0 0 1 2 4 11 10 6 6 7 12 16 17 14 65 69 50 39 39 26 29 44 33 31 35 27 30 15 10 4 2 2 1 1 0
0 0 0 0 0 0 0 0 2 10 20 4 1 4 8 5 6 5 3 7 13 18 26 58 44 26 53 52 41 57 62 49 26 17 21 21 35 44 52 48 34 32 59 47 47 33 17 8 6 4 2 3 3 1 1 1 0 0 0 0 0 0 0 1 3 6 11 12 11 18 17 16 41 48 39 47 66 56 31 37 36 46 40 22 29 28 23 12 17 5 3 2 3 1 1 1
0 0 0 0 0 0 2 6 17 12 32 27 5 4 12 9 8 1 3 4 4 5 11 38 11 20 39 63 65 69 83 46 62 42 25 15 28 70 54 55 57 13 16 6 8 16 7 10 5 4 3 3 3 2 1 0 0 0 0 0 0 0 1 1 5 14 11 12 8 35 57 17 51 70 75 57 46 45 41 25 35 30 33 44 32 24 13 11 11 7 5 5 3 2 1 0
0 0 0 1 0 0 0 1 1 5 2 2 5 5 9 10 10 5 5 5 7 6 18 27 5 5 7 37 43 32 45 78 53 66 62 56 51 49 42 44 50 46 32 34 29 14 13 16 9 8 5 2 2 1 1 1 1 1 0 0 0 1 2 3 6 10 13 13 10 10 36 64 36 61 73 70 57 38 51 41 53 53 33 22 27 24 14 8 9 15 10 6 2 1 1 0
0 0 1 0 0 0 1 2 4 4 3 7 6 5 10 10 16 5 3 12 14 12 17 41 11 2 13 7 20 31 12 23 60 51 62 62 38 14 13 14 29 30 25 30 39 37 19 7 12 8 4 5 4 2 1 2 1 1 1 0 0 1 3 7 14 19 12 11 30 28 20 20 63 73 59 72 53 53 72 67 25 22 21 26 22 13 20 13 13 5 5 2 1 1 0 0
0 0 0 0 0 0 0 1 2 2 3 5 2 5 5 4 9 1 3 4 4 26 24 44 27 11 13 19 28 21 23 10 8 17 20 18 17 16 15 10 7 11 10 13 28 24 12 20 15 11 7 6 4 3 2 2 1 1 0 0 1 2 4 12 18 20 14 24 25 51 39 38 27 30 51 55 71 65 43 44 38 48 39 45 30 21 29 21 8 3 2 2 1 0 0 0
0 0 0 0 0 0 0 0 1 1 2 3 4 5 5 13 10 2 3 3 9 28 37 36 15 2 14 31 23 36 38 15 42 48 50 43 39 33 31 15 11 12 38 44 40 21 22 17 16 14 10 6 5 4 3 2 1 1 0 0 0 2 7 15 15 30 20 30 30 28 74 56 46 35 21 62 48 69 57 53 56 67 61 49 34 40 23 15 5 3 2 2 1 0 1 1
0 0 0 0 0 0 0 0 1 1 2 3 15 19 19 35 19 5 2 2 19 27 36 29 14 31 7 30 31 42 25 47 45 30 35 37 30 29 14 23 45 54 28 28 17 26 18 15 20 14 13 10 6 4 3 3 1 1 0 0 0 1 4 17 44 34 22 37 32 28 29 49 65 22 16 28 71 81 76 66 62 58 56 56 46 26 25 12 16 5 2 1 0 1 1 3
0 0 0 0 0 0 0 0 0 3 5 3 16 26 30 7 3 2 1 9 17 21 33 41 43 17 23 24 21 21 29 69 33 32 38 41 39 25 34 37 60 49 46 41 38 33 28 22 26 19 16 9 7 4 4 2 1 1 1 0 0 1 5 12 33 30 44 52 41 63 60 64 63 33 35 49 68 63 67 57 56 51 47 48 34 24 21 21 19 12 3 2 1 2 2 5
0 0 0 0 0 0 0 0 1 5 5 8 11 63 10 5 9 5 4 12 14 17 23 12 12 9 42 11 27 22 46 32 45 55 42 42 41 43 52 45 34 51 51 56 49 49 36 39 29 12 8 7 6 6 5 2 1 1 1 0 1 1 5 11 25 25 24 46 68 55 73 65 67 37 60 57 66 66 49 48 50 49 35 26 24 22 18 14 11 9 6 4 1 4 6 6
0 0 0 0 0 0 0 0 1 3 5 6 2 13 4 1 6 7 15 10 13 26 25 11 9 24 14 22 35 57 61 53 49 50 39 43 55 54 58 51 55 68 65 46 39 50 49 41 22 17 12 9 6 4 3 4 3 1 1 0 1 2 6 13 17 28 24 32 58 79 73 69 61 84 67 49 38 42 51 52 45 45 45 34 23 27 13 21 11 6 6 4 2 5 6 6
0 0 0 0 0 0 0 0 3 1 5 3 1 1 1 1 6 7 5 10 15 12 11 28 26 10 13 40 61 23 21 22 44 41 49 56 57 56 54 53 57 66 50 50 60 50 48 43 21 18 12 9 7 3 3 4 2 2 1 0 1 2 10 16 28 26 27 28 32 36 52 57 61 70 19 45 44 43 38 40 36 35 29 44 34 29 23 18 9 8 7 3 3 8 8 12
0 0 0 0 0 0 0 0 2 2 5 3 3 7 5 3 1 2 2 13 21 12 49 47 13 18 26 40 23 25 27 32 38 34 48 55 58 57 47 73 60 49 47 56 27 42 52 47 39 29 8 7 5 7 6 3 2 2 1 0 0 1 4 15 22 29 62 43 50 50 47 32 45 64 49 56 57 42 42 41 45 38 43 39 33 11 11 7 9 15 8 2 6 15 18 18
0 0 0 0 0 0 0 1 2 7 6 1 2 5 6 6 2 1 3 15 13 42 29 13 16 40 24 23 23 28 33 31 24 35 42 62 44 43 63 56 48 67 71 38 53 51 46 45 30 13 10 13 11 9 7 6 4 3 2 1 0 1 5 11 18 43 62 80 50 60 51 33 37 70 77 42 49 56 57 39 34 37 45 34 19 7 17 14 10 5 3 1 8 17 19 20
0 0 1 0 0 0 2 2 6 12 1 1 2 1 0 1 3 1 6 15 13 14 5 13 33 9 8 18 23 28 46 35 26 38 48 52 50 65 69 67 48 43 45 55 48 49 34 31 25 20 17 22 17 7 6 6 6 2 2 1 1 2 5 14 25 37 59 74 69 69 54 55 60 73 48 44 40 41 49 52 37 67 47 23 25 27 18 12 5 2 1 4 13 21 20 25
0 0 0 0 1 0 0 2 5 2 0 1 2 2 3 3 8 5 16 6 5 4 3 14 12 15 19 30 39 33 29 22 26 32 55 40 75 70 70 43 30 30 39 53 59 49 44 41 34 29 26 19 12 6 5 4 3 3 3 2 1 3 8 18 35 44 41 44 68 80 72 36 43 73 44 49 69 66 63 68 61 44 37 33 32 29 12 10 4 3 3 11 17 21 17 29
0 0 0 0 0 0 0 1 1 1 0 1 2 4 5 5 4 7 11 20 16 13 2 12 17 28 30 40 24 15 25 27 34 37 71 38 23 17 17 35 38 55 67 68 66 56 45 43 26 35 19 15 15 8 7 4 3 3 3 2 2 7 12 18 41 45 41 27 47 71 72 50 58 70 46 31 51 74 72 70 66 35 39 40 32 27 10 8 11 4 11 17 9 27 29 32
0 0 0 0 0 0 0 0 2 4 0 2 2 1 2 1 3 16 8 6 8 12 11 9 28 20 23 28 18 21 41 35 26 73 26 18 47 50 51 49 64 70 63 66 67 64 55 45 29 28 23 20 16 14 11 8 7 4 3 2 4 9 25 51 50 50 39 47 55 61 73 47 45 62 73 54 55 56 70 71 56 57 39 39 34 20 12 3 5 11 14 9 15 21 49 37
0 0 0 0 0 0 0 1 1 2 5 2 1 1 1 2 3 4 8 13 8 13 6 11 23 27 20 23 27 27 29 34 43 31 10 33 39 47 57 84 63 60 70 70 68 65 49 39 30 21 23 21 20 11 13 6 9 8 4 4 6 19 18 44 49 47 45 56 60 53 79 73 53 70 69 55 61 62 59 55 60 46 34 29 28 14 6 2 4 18 10 17 26 28 51 35
0 0 0 0 0 0 0 0 0 3 1 0 1 1 2 1 8 2 3 16 34 13 4 7 34 22 32 26 21 20 49 79 48 8 19 48 37 67 72 66 64 73 72 54 57 55 51 44 27 30 26 24 22 17 16 13 11 10 6 6 8 12 17 26 49 68 56 73 75 64 57 57 57 64 74 74 57 53 44 42 44 37 31 31 23 11 4 3 13 17 20 36 45 36 42 35
0 0 0 0 0 0 1 2 1 1 1 2 1 1 1 12 4 5 6 16 12 4 11 17 4 24 23 14 47 35 59 41 11 19 54 24 49 42 55 77 79 61 49 78 69 46 51 50 43 35 30 28 24 21 19 17 14 7 9 9 11 25 17 20 24 51 74 77 74 73 81 80 57 69 56 50 35 42 54 57 40 39 26 30 22 5 3 13 13 23 36 47 43 27 43 42
0 0 0 0 0 0 0 0 0 1 1 1 1 0 0 8 3 1 1 3 3 6 18 7 4 13 9 13 53 47 41 9 14 28 45 71 43 52 69 72 71 60 66 36 49 42 54 63 45 41 38 32 28 23 22 20 10 6 13 22 17 28 29 33 35 50 58 82 65 62 44 69 53 37 37 50 60 48 42 41 37 23 32 20 7 5 10 15 23 22 28 40 55 45 46 43
0 0 0 0 0 0 0 0 0 0 1 0 1 1 3 13 2 3 3 2 16 5 10 2 11 20 11 34 57 28 16 12 17 23 64 66 63 54 58 59 59 65 52 40 46 75 60 52 48 60 43 37 34 27 25 21 11 8 22 29 44 52 39 44 38 50 65 67 77 60 51 43 51 58 51 66 51 52 43 42 28 29 14 8 5 10 21 26 24 40 42 30 32 42 39 33
0 0 0 0 0 0 0 0 0 0 0 2 0 2 7 3 2 1 7 10 7 9 4 10 32 9 12 41 33 23 22 19 39 46 67 53 57 56 50 35 37 58 68 60 67 57 60 59 67 50 44 55 20 30 26 15 8 21 34 36 62 62 47 61 47 35 43 77 77 37 72 50 48 58 60 58 53 53 50 35 27 28 11 12 10 20 27 32 29 35 43 32 34 44 51 41
0 0 0 0 0 0 0 1 0 0 0 1 0 5 0 1 3 4 6 12 4 4 6 8 13 10 14 33 16 12 25 18 48 53 52 54 39 48 43 47 56 59 61 76 59 59 58 73 56 52 64 46 39 34 20 17 10 21 49 49 55 68 56 65 66 47 48 56 82 36 40 73 73 55 54 54 63 50 55 50 30 23 7 7 13 26 36 44 49 48 46 48 35 40 60 49
0 0 0 0 0 0 2 0 0 0 1 0 3 1 2 2 2 1 1 5 2 6 10 9 10 17 19 3 9 18 30 34 49 57 18 14 47 38 48 42 45 56 64 72 72 58 76 52 71 70 49 45 45 38 23 19 11 24 49 62 57 69 50 54 70 46 65 41 69 42 43 70 46 63 60 56 51 50 67 40 32 9 7 13 24 28 38 48 35 27 36 58 29 33 51 69
0 0 0 0 0 0 0 1 0 1 0 1 2 1 1 1 1 1 0 1 2 5 9 8 8 15 6 5 12 10 23 9 32 22 11 29 21 25 33 55 60 63 67 71 62 46 65 72 67 58 58 47 46 43 39 23 23 27 57 73 72 70 62 51 67 65 34 39 79 40 62 57 54 57 51 43 54 31 27 28 12 7 12 26 29 36 48 49 29 34 47 28 20 24 36 67
0 0 0 0 0 0 0 0 0 1 0 1 1 1 1 5 3 0 1 1 1 5 5 3 7 9 6 26 23 22 45 35 35 21 12 12 26 26 30 28 35 61 47 55 65 37 31 32 49 52 60 54 47 44 29 16 30 43 58 64 84 75 54 54 59 64 59 24 63 14 22 35 46 55 56 58 58 56 42 39 15 9 16 28 31 56 63 51 40 37 45 45 38 24 33 54
0 0 1 1 1 0 1 0 0 0 1 1 4 1 3 3 6 2 3 2 8 9 4 7 13 8 9 1 2 9 32 9 13 7 13 22 13 19 19 23 55 50 39 56 34 40 43 54 55 67 56 57 52 34 30 19 32 48 60 66 74 56 57 65 68 43 38 43 58 27 31 28 27 20 36 47 43 46 29 24 10 17 29 32 37 61 56 27 40 53 35 51 27 30 37 58
0 0 0 0 0 0 0 0 0 1 1 2 4 5 3 6 6 1 3 7 8 3 3 9 8 6 1 4 4 13 13 7 5 20 25 20 28 23 27 42 34 46 61 38 42 43 60 56 66 55 54 53 53 35 16 33 39 72 63 67 66 70 57 72 69 50 36 55 41 27 42 55 54 58 60 54 44 20 15 8 13 31 33 36 40 66 66 25 28 50 37 55 32 33 38 72
0 0 1 0 1 1 0 1 0 0 3 1 3 3 0 1 0 1 2 9 7 3 7 3 11 13 2 3 5 21 7 5 8 21 41 19 21 28 39 17 52 46 34 49 44 58 60 70 70 60 68 53 39 38 24 39 45 64 77 60 65 72 54 44 64 65 33 38 47 56 59 43 45 46 36 43 35 20 8 24 21 34 40 55 49 65 69 39 38 40 22 59 35 37 39 54
1 3 2 6 7 3 2 2 2 1 3 1 1 1 3 1 1 2 5 5 5 4 6 1 4 3 2 4 7 15 6 10 46 24 14 13 19 24 26 45 65 52 60 37 49 69 72 58 58 74 63 46 41 40 26 54 69 60 64 74 62 71 74 45 76 73 32 39 49 55 41 41 57 45 45 28 33 29 18 36 39 37 43 58 45 51 58 51 55 38 37 62 34 38 33 49
3 5 8 2 5 16 4 2 0 1 0 0 1 1 1 1 1 7 10 4 2 5 2 3 7 12 2 2 4 11 13 42 12 7 15 19 9 7 32 38 45 29 67 54 60 72 44 55 70 63 50 47 41 41 40 57 67 67 64 74 59 64 69 63 57 64 40 18 33 64 44 52 52 55 44 44 46 40 30 38 41 52 49 56 44 38 53 50 48 45 42 60 37 29 40 46
0 1 2 0 0 2 4 4 0 0 0 1 1 3 2 1 3 3 1 2 1 2 8 1 10 14 3 3 11 19 27 41 14 17 21 4 5 8 16 35 31 44 61 63 61 59 60 58 60 58 48 47 41 42 48 49 63 76 66 59 77 53 62 62 48 28 15 12 9 30 44 60 56 49 42 39 32 15 27 37 40 55 50 56 41 56 67 68 53 47 39 47 54 17 42 50
1 0 0 1 1 0 0 0 0 0 1 0 0 1 2 1 2 4 1 2 1 2 1 2 11 5 1 2 4 9 5 8 17 13 11 14 9 4 44 17 28 21 55 42 66 51 54 42 61 61 43 43 39 39 46 65 63 76 73 70 64 66 52 52 13 13 29 45 34 40 42 46 47 34 31 26 13 24 40 39 41 56 59 40 52 52 63 65 52 49 37 46 53 22 27 58
0 0 2 0 0 0 0 0 0 0 0 0 0 1 0 1 1 1 2 1 1 8 9 6 12 4 1 2 3 3 3 20 18 11 19 14 21 6 32 24 5 24 56 51 59 53 55 65 58 54 50 42 41 63 62 55 66 63 69 47 62 59 31 28 24 21 32 52 42 30 56 56 65 60 48 16 23 27 40 52 60 45 57 43 55 67 65 61 49 48 39 37 54 46 22 39
0 1 0 1 1 0 0 1 0 1 1 0 0 1 0 1 2 6 1 3 13 3 7 7 16 8 2 3 2 9 14 9 11 32 12 18 20 11 61 32 10 35 17 54 49 42 60 38 54 49 42 44 38 61 71 59 60 55 64 69 41 42 39 24 26 15 22 27 30 26 51 56 62 71 35 21 27 40 36 59 60 54 53 56 39 64 67 65 54 55 24 43 43 38 31 24
0 1 0 0 0 0 0 1 0 0 0 0 1 0 1 2 1 3 1 2 3 12 5 11 5 1 0 0 1 7 13 5 8 15 21 33 13 18 42 42 23 37 16 56 41 34 42 34 50 47 54 38 37 53 59 84 44 49 46 35 44 24 25 22 12 17 30 26 33 31 53 55 35 50 24 21 42 44 41 44 59 53 53 50 54 64 63 74 60 44 31 46 51 26 30 21
0 0 0 0 0 1 0 0 0 0 0 0 0 0 2 1 1 1 1 0 0 1 1 1 1 1 1 1 3 2 10 11 17 13 18 21 10 10 16 55 29 37 32 44 15 45 34 48 53 35 49 38 42 36 60 64 65 51 35 16 28 17 12 22 14 18 31 26 43 37 44 47 37 24 27 42 42 42 43 37 44 57 65 57 51 65 70 67 69 38 27 62 40 43 30 16
0 0 0 0 0 0 0 0 0 1 0 0 0 0 1 1 1 1 2 1 1 1 2 3 3 7 3 2 1 1 4 9 13 14 17 14 14 11 6 33 60 51 31 19 18 25 27 44 35 17 43 35 36 33 45 69 54 49 25 10 14 4 4 5 8 11 21 39 45 50 56 38 23 21 46 42 47 61 56 45 37 50 51 59 63 79 50 75 51 35 29 63 41 55 21 17
0 0 0 0 2 0 0 0 0 0 0 0 0 0 1 0 0 1 0 0 0 1 1 7 12 1 2 1 1 1 1 3 4 13 9 4 15 10 10 21 65 54 21 13 18 25 49 21 34 15 25 38 32 52 49 44 39 29 35 10 12 7 8 4 15 27 28 34 41 32 40 36 13 25 37 39 57 50 45 30 38 21 52 60 61 48 68 63 61 45 29 53 37 48 39 14
0 0 0 0 1 0 0 0 0 0 1 0 0 1 1 1 2 0 1 0 2 2 4 2 2 2 5 3 1 1 4 5 2 5 5 5 18 2 2 20 31 46 26 19 12 61 33 19 16 27 41 40 27 44 63 37 59 16 24 23 11 10 11 6 13 13 17 25 44 46 24 19 24 37 34 39 33 37 31 11 29 32 47 49 53 60 66 59 23 44 18 44 62 25 13 21
0 0 0 0 0 0 0 0 0 0 0 0 1 1 1 1 0 0 1 0 0 1 1 2 4 15 2 1 2 1 7 5 6 8 6 7 9 3 7 11 25 27 34 24 21 70 27 30 19 24 35 28 35 60 67 37 52 20 13 14 9 3 3 20 18 21 27 27 49 23 19 22 37 33 31 36 45 48 37 27 33 45 53 62 60 56 51 67 19 38 26 27 57 13 11 16
0 0 0 0 0 0 0 1 0 0 1 2 0 0 0 1 0 0 1 1 1 1 3 5 8 2 1 4 1 1 3 8 8 13 11 14 12 9 8 13 24 38 31 27 20 28 28 41 28 13 15 34 48 47 52 38 30 18 10 11 7 2 5 9 19 28 33 30 30 33 36 34 30 37 48 20 27 49 36 26 38 38 37 60 46 42 25 38 35 30 54 22 39 17 16 18
0 0 0 1 0 0 0 0 0 1 2 1 0 0 0 0 0 0 0 0 1 1 9 4 2 4 7 14 6 6 2 9 10 22 11 20 8 19 16 12 15 12 24 36 9 28 32 43 28 23 29 44 37 32 36 17 18 17 8 6 2 5 5 7 10 20 19 41 53 35 35 31 29 48 35 16 21 48 46 30 31 36 32 31 50 46 12 20 32 52 27 26 16 12 22 31
