sesion_6_simulaciones/modelos_agentes/ejemplos_netlogo/scenarios/cgcm2_b2/rob_2067.asc
NCOLS 322 
NROWS 307 
XLLCORNER 451900 
YLLCORNER 4086900 
CELLSIZE 100 
NODATA_value -9999 
[rows 219 to 291 of 307, columns 96 to 191 of 322]
5 2 1 1 0 0 0 0 0 0 0 0 0 0 0 0 0 0 0 0 0 0 0 0 1 0 0 0 0 0 0 0 0 1 2 0 0 0 0 1 2 2 3 5 8 9 8 19 24 27 49 33 50 47 43 59 40 51 38 43 59 55 33 32 53 53 51 27 61 48 26 12 19 39 40 31 67 22 51 26 46 51 33 65 89 28 40 35 35 44 53 45 42 19 14 12
5 2 1 1 1 0 0 0 0 0 0 0 0 0 0 0 0 0 0 0 0 0 0 0 0 2 1 0 0 0 0 0 1 1 1 0 0 0 0 0 1 2 2 4 5 7 15 21 20 33 28 33 39 44 52 57 67 54 45 34 47 57 20 51 61 45 39 55 44 48 27 20 20 17 33 27 29 44 34 30 53 26 40 27 58 75 50 69 65 63 72 61 60 41 43 44
6 2 1 1 1 0 0 0 0 0 0 0 0 0 0 0 0 0 0 0 0 0 0 0 0 1 4 1 1 0 0 1 1 3 1 0 0 0 0 0 0 1 1 2 4 7 13 18 18 21 25 30 51 60 54 41 47 47 40 56 65 73 49 55 32 46 59 55 38 41 30 21 17 23 26 37 25 14 32 31 16 19 46 26 8 50 87 66 70 75 57 57 43 41 17 11
2 1 1 1 0 0 0 0 0 0 0 0 0 0 0 0 0 0 0 0 0 0 0 0 0 1 2 4 1 1 1 2 2 4 1 0 0 0 0 0 0 1 1 2 4 6 11 24 28 36 37 39 45 49 47 48 51 59 75 75 76 79 50 66 28 47 36 35 40 34 23 26 17 20 33 33 34 14 13 8 33 27 26 21 25 14 36 50 63 40 34 37 23 17 21 11
2 1 0 0 0 0 0 0 0 0 0 0 0 0 0 0 0 0 0 0 0 0 0 0 0 1 1 2 7 2 2 3 6 1 0 0 0 0 0 0 0 1 1 2 3 5 8 14 23 25 32 26 33 42 52 70 74 49 28 36 37 39 34 36 64 19 24 22 48 36 27 43 16 18 37 27 31 11 29 31 39 75 38 33 27 30 20 21 54 76 59 55 52 29 23 18
1 0 0 0 0 0 0 0 0 0 0 0 0 0 0 0 0 0 0 0 0 0 0 0 1 1 1 1 6 4 4 5 2 1 0 0 0 0 0 0 0 0 1 2 3 4 6 8 16 23 25 32 50 33 52 70 38 34 31 30 10 34 36 24 25 38 10 37 39 31 48 41 11 14 18 27 20 16 20 35 26 18 54 46 30 33 38 21 19 55 83 67 61 39 39 29
1 0 0 0 0 0 0 0 0 0 0 0 0 0 0 0 0 0 1 1 2 1 1 1 2 3 1 3 5 15 7 2 1 1 0 0 0 0 0 0 0 1 1 2 2 4 5 7 15 17 23 27 45 42 24 21 27 25 22 18 43 62 28 39 40 76 56 29 37 38 50 41 26 23 27 38 24 21 31 46 41 19 7 19 62 58 37 36 31 26 68 66 56 48 29 23
1 0 0 0 0 0 0 0 0 0 0 0 0 0 0 0 0 0 1 2 3 1 1 1 2 5 6 4 9 10 2 1 0 0 0 0 0 0 0 0 0 0 1 1 2 4 6 11 12 16 28 38 36 33 33 32 44 35 25 41 16 25 49 52 43 84 51 48 11 42 33 40 25 21 30 40 31 16 30 63 34 27 45 32 31 18 23 41 39 46 28 36 44 31 16 19
1 0 0 0 0 0 0 0 0 0 0 0 0 0 0 0 0 0 0 0 1 3 1 2 2 3 11 15 10 5 1 1 1 1 1 0 0 0 0 0 0 0 1 2 3 5 6 7 12 14 21 21 17 25 26 32 52 44 45 20 23 35 32 43 68 44 50 53 65 29 24 36 38 8 10 21 20 34 49 23 73 55 73 51 69 39 57 46 36 23 24 39 29 22 13 7
1 0 0 0 0 0 0 0 0 0 0 0 0 0 0 0 0 0 0 1 1 1 5 9 2 4 8 18 9 2 3 2 1 1 1 0 0 0 0 0 0 1 1 1 1 4 5 7 13 16 24 23 28 30 26 40 49 73 42 35 24 46 58 78 48 37 46 42 27 31 39 22 20 7 11 18 28 27 68 52 24 18 39 62 46 52 45 47 30 34 27 20 15 20 16 19
1 0 0 0 0 0 0 0 0 0 0 0 0 0 0 0 0 1 2 1 1 1 1 7 3 5 8 31 14 7 9 5 2 1 1 0 0 0 0 0 0 1 1 2 2 2 2 4 11 13 17 19 24 20 41 45 30 30 23 39 25 22 27 40 23 13 23 32 17 23 7 24 19 10 21 10 12 32 22 32 28 24 28 37 27 29 42 49 29 33 17 10 14 9 9 9
0 0 0 0 0 0 0 0 0 0 0 0 0 0 0 0 0 1 1 3 4 4 1 2 13 3 4 16 26 31 10 5 2 1 0 0 0 0 0 1 1 1 1 2 3 3 4 5 5 8 9 11 16 21 32 19 22 21 23 23 26 24 29 32 32 42 43 50 37 35 34 29 19 7 14 18 7 22 27 35 41 41 33 61 40 20 31 20 18 26 13 8 6 10 10 6
1 0 0 0 0 0 0 0 0 0 0 0 0 0 0 0 0 1 1 3 5 6 4 6 7 9 5 9 31 24 11 5 2 1 1 0 0 0 0 1 2 3 3 2 3 4 5 6 8 9 11 13 14 15 10 12 10 11 10 11 11 9 11 34 41 40 21 38 36 29 20 18 18 8 8 17 26 23 28 58 43 47 47 50 43 35 22 20 17 20 18 11 7 6 8 3
0 0 0 0 0 0 0 0 0 0 0 0 0 0 0 0 1 1 2 5 4 4 2 6 20 11 7 8 24 23 15 9 2 1 0 0 0 1 1 1 2 3 4 9 5 6 4 9 15 22 29 24 12 10 9 13 11 12 23 24 17 24 20 15 14 16 20 20 25 29 35 35 38 6 12 10 32 33 42 27 28 44 50 41 41 61 48 28 22 14 9 7 8 5 5 2
1 1 0 0 0 0 0 0 0 0 0 0 0 0 0 0 1 1 2 4 4 9 2 6 7 16 16 20 31 28 17 9 3 1 1 0 0 1 1 1 1 3 4 5 9 15 10 5 12 23 32 40 28 14 17 22 36 34 39 51 41 37 31 21 30 45 26 25 16 35 49 48 42 36 21 40 52 23 54 29 64 57 42 60 46 37 44 43 51 20 9 6 6 3 1 2
2 1 1 1 0 0 0 0 0 0 0 0 0 0 0 0 0 1 2 3 5 7 4 3 7 10 36 28 16 13 8 5 1 1 0 0 0 1 2 1 2 4 5 6 9 11 12 28 13 18 24 27 27 34 30 40 39 45 60 48 33 33 41 30 20 15 29 32 17 22 11 8 8 5 25 6 25 63 37 32 11 27 63 62 41 42 60 34 39 18 22 10 3 4 3 3
3 1 1 0 0 0 0 0 0 0 0 0 1 0 0 0 0 1 1 3 8 7 9 4 5 13 16 34 13 7 4 2 1 0 0 0 1 1 2 3 3 5 6 7 11 16 17 20 29 23 29 29 37 55 34 35 43 43 44 49 44 56 51 48 33 17 33 30 37 22 26 18 15 12 39 12 10 15 20 20 13 6 61 73 53 55 62 65 39 31 26 18 13 15 5 1
2 3 1 0 0 0 0 0 0 0 1 1 1 1 0 0 0 1 1 3 4 9 20 9 4 13 15 39 18 8 2 1 1 0 0 1 1 1 3 4 4 6 7 10 15 19 34 24 33 49 36 49 45 46 44 37 39 42 65 52 59 46 39 55 48 27 21 25 25 17 49 16 10 21 20 28 24 45 40 32 31 21 14 52 57 63 73 57 31 22 10 11 11 4 3 3
9 3 1 0 0 0 0 0 0 0 0 1 2 2 1 0 1 1 1 1 7 11 10 16 4 9 14 26 17 11 7 4 2 1 0 1 1 1 4 4 4 7 8 16 24 26 46 42 31 24 54 73 77 49 47 23 37 39 57 42 66 48 39 35 34 26 15 22 15 43 11 13 8 11 16 9 17 25 28 25 23 21 26 26 49 36 20 42 35 20 16 7 4 4 3 2
4 1 1 0 0 0 0 0 1 0 0 1 3 3 2 1 1 2 2 2 6 9 15 22 11 12 23 33 24 16 12 4 3 1 1 1 3 2 3 5 7 8 11 23 28 40 47 47 47 40 41 58 64 61 44 23 34 41 28 49 62 56 16 59 16 28 25 19 15 29 11 8 7 19 23 18 28 38 58 40 55 30 32 29 26 18 31 27 19 19 9 5 5 3 2 1
1 1 0 0 0 0 0 0 1 1 1 1 2 5 5 2 1 3 5 9 10 5 19 40 24 21 32 33 22 26 15 4 3 1 0 2 3 3 3 5 9 10 14 20 31 43 49 50 54 55 47 59 71 63 53 23 33 46 46 40 48 50 15 33 32 27 36 13 20 17 6 11 18 17 12 12 14 28 35 18 36 47 53 30 35 24 18 21 13 7 6 7 7 5 4 1
1 0 0 0 0 0 0 1 1 2 2 1 3 6 8 4 1 3 4 22 18 6 16 34 33 14 9 61 46 19 13 7 3 1 0 2 5 5 4 9 11 18 17 26 36 33 53 57 60 69 50 63 68 51 55 19 30 35 40 46 40 36 33 32 37 31 23 21 15 7 10 11 16 15 15 13 16 35 29 25 30 28 60 57 38 46 36 19 8 7 4 3 5 3 2 1
1 0 0 0 0 0 1 1 1 3 5 3 3 6 12 10 4 2 6 14 21 13 18 33 50 17 19 61 29 28 22 9 4 1 1 4 5 3 10 7 16 24 20 29 31 35 65 61 62 64 64 55 44 52 78 37 19 38 53 35 27 20 16 37 28 25 21 26 16 6 7 9 15 15 25 24 31 61 48 44 37 36 43 42 46 52 35 24 18 11 6 6 5 2 2 0
0 1 0 0 0 0 1 1 2 2 5 4 3 8 16 15 5 3 18 15 17 25 22 41 60 61 50 57 45 36 21 7 2 1 1 4 5 6 8 17 11 25 35 30 23 33 56 64 66 62 65 68 59 56 76 50 47 17 33 60 36 32 19 16 12 28 23 21 7 6 6 19 15 11 15 22 30 70 56 46 56 28 28 28 32 32 39 32 14 10 8 6 4 3 2 1
1 1 1 0 0 1 1 2 2 3 7 12 9 13 14 25 8 4 14 16 19 28 30 46 62 76 48 64 29 22 20 7 1 1 2 2 4 17 9 12 23 18 34 30 33 54 56 53 66 67 64 63 71 79 79 71 27 13 38 47 50 28 19 18 16 11 6 6 6 5 24 14 7 26 13 20 17 38 35 44 34 43 60 41 26 20 13 13 13 10 7 5 4 2 2 1
2 1 0 0 0 1 1 3 5 8 10 10 19 9 21 32 12 13 8 31 37 37 31 49 63 54 38 26 17 16 8 5 1 1 1 2 6 14 18 11 16 32 14 53 37 45 59 50 52 75 69 46 69 72 69 73 59 20 16 18 31 35 22 16 10 6 2 1 2 7 32 14 16 26 82 65 43 44 41 48 57 63 47 55 42 40 26 20 17 10 6 3 2 1 0 0
1 0 0 1 1 1 2 4 3 9 12 15 26 11 26 33 16 26 12 23 49 46 62 42 67 52 29 22 13 10 7 2 1 1 3 2 4 8 16 19 30 20 22 29 61 41 42 55 66 79 70 59 49 48 53 74 73 21 17 23 25 17 14 11 5 7 3 2 11 17 6 23 45 58 63 69 56 62 50 64 70 56 42 21 30 22 27 22 11 9 5 2 1 1 0 0
0 0 1 1 2 2 3 5 7 6 13 19 36 22 32 40 20 31 38 22 29 48 36 77 54 55 22 17 14 5 2 2 2 2 5 6 7 4 6 5 10 21 34 60 41 46 60 60 56 60 69 71 39 37 30 30 59 45 25 12 16 11 6 3 2 1 3 7 8 17 10 7 14 44 16 48 82 80 72 70 75 54 35 32 27 13 12 9 12 9 1 1 1 1 1 0
0 0 1 3 5 3 4 6 9 13 15 21 31 42 24 50 22 25 47 39 40 60 35 64 67 33 14 10 3 3 4 5 5 3 7 7 6 7 5 16 15 19 30 49 68 47 40 55 48 65 58 57 53 46 29 34 23 42 26 12 13 9 9 6 6 2 2 9 6 12 14 19 30 20 20 21 47 59 69 53 34 34 31 29 18 14 11 8 5 3 2 1 0 1 2 1
1 0 1 4 6 4 5 7 6 13 18 28 33 41 43 65 31 28 47 52 48 63 82 57 37 38 27 14 9 6 10 8 7 3 3 7 6 9 15 14 19 26 32 44 48 66 46 43 53 55 56 47 58 49 35 21 12 25 16 12 7 7 6 6 6 3 2 13 8 9 17 21 66 44 39 31 22 14 42 52 47 22 20 16 19 14 5 2 1 1 1 1 1 2 2 2
1 0 1 5 7 7 5 12 8 16 37 31 31 34 70 67 35 37 38 52 52 67 80 31 48 39 19 18 21 19 22 23 10 8 4 8 7 11 23 12 20 38 50 52 43 56 44 65 50 56 63 77 43 24 25 21 26 6 4 27 8 5 13 7 4 3 8 24 9 10 14 53 72 51 39 31 30 33 26 35 40 28 18 17 17 13 5 4 3 1 1 1 2 2 3 3
1 1 2 8 8 9 6 15 19 21 39 32 54 49 52 62 68 49 59 44 60 55 84 72 47 29 29 32 25 33 34 30 13 7 5 3 10 19 11 23 32 36 57 66 69 53 66 27 15 23 61 21 41 30 34 17 5 3 3 5 7 2 6 3 1 3 16 7 8 10 8 12 9 23 34 27 31 35 27 25 27 16 21 19 20 20 11 15 5 3 1 2 3 3 5 3
1 1 2 8 11 16 6 19 27 27 25 38 30 60 62 38 35 72 53 54 46 68 73 50 43 38 39 40 45 63 33 15 7 9 9 3 7 10 33 29 36 44 50 71 50 68 54 46 32 47 47 9 52 55 36 11 15 9 7 2 14 1 3 2 1 2 4 23 12 6 17 47 35 46 43 36 32 38 38 44 33 31 27 23 21 25 26 7 5 2 2 3 4 4 6 2
1 4 4 10 17 22 10 10 19 35 42 48 29 27 48 70 37 28 76 70 42 66 75 53 59 33 60 77 57 32 20 18 14 10 6 2 6 5 14 26 32 61 64 48 34 52 46 58 59 59 39 27 42 57 44 38 18 5 4 3 9 2 2 2 1 3 7 5 4 4 15 26 29 35 44 51 34 35 26 35 18 14 17 38 34 30 14 7 2 3 4 4 5 9 8 2
2 6 9 12 17 15 20 19 19 14 27 52 22 21 45 59 63 54 19 40 47 67 51 48 41 67 50 32 34 22 23 27 19 7 9 4 8 12 21 22 16 40 44 31 41 45 49 40 56 54 49 38 58 52 31 21 7 11 2 3 3 4 1 1 2 3 1 6 11 15 13 25 40 39 38 49 33 29 23 33 45 33 48 35 31 17 18 7 4 5 6 6 11 10 8 5
4 8 12 11 19 31 26 39 32 25 20 32 63 25 50 46 52 68 49 25 37 69 27 52 79 41 38 43 42 39 31 16 7 10 12 7 10 16 23 20 27 43 35 25 45 52 26 23 52 45 20 16 26 22 24 6 9 4 8 1 2 3 2 1 11 14 3 14 22 12 35 34 50 55 59 60 46 32 39 41 48 42 49 31 29 24 10 6 4 7 7 8 14 20 5 4
6 11 14 7 12 41 48 36 33 32 51 35 43 65 40 44 53 26 69 40 40 41 77 61 49 55 57 57 54 48 26 11 8 9 19 7 9 18 33 37 37 47 52 48 48 29 34 40 25 27 22 18 19 17 13 12 7 4 4 5 1 0 2 7 7 3 6 8 23 18 37 28 36 55 64 49 41 52 42 45 50 47 34 37 27 14 4 5 8 8 13 13 18 17 7 5
9 18 17 11 17 32 34 52 56 34 46 54 49 54 68 42 57 32 28 54 28 30 69 68 63 56 52 56 53 30 28 23 17 7 14 5 8 13 25 46 49 52 35 48 40 49 35 32 34 42 27 16 17 18 18 12 5 3 3 4 1 1 3 1 2 11 13 13 7 15 28 29 43 36 44 69 41 42 24 23 26 28 43 34 21 13 8 7 9 9 14 11 36 12 9 8
9 14 22 17 20 22 36 36 43 53 63 55 52 55 74 68 33 27 34 30 59 62 69 58 64 69 65 61 56 42 31 26 19 9 19 6 6 15 26 41 48 62 57 55 51 48 44 54 30 31 29 20 13 16 13 15 10 3 1 1 1 1 2 1 3 1 1 1 3 22 17 23 37 39 44 34 28 15 12 32 46 44 18 30 36 23 9 13 12 16 13 13 38 13 10 10
12 23 30 30 32 24 27 45 51 52 67 66 64 55 65 67 48 47 34 39 34 63 66 63 46 59 57 58 42 51 41 31 22 20 26 4 17 25 29 31 22 56 63 59 49 54 56 42 32 49 48 43 11 14 19 11 4 3 1 0 1 1 3 1 2 2 5 8 8 11 15 19 22 22 41 15 19 23 17 54 48 23 34 33 32 37 19 25 22 13 13 8 26 16 14 10
14 22 50 31 36 36 33 49 54 53 53 65 61 58 74 51 54 60 43 36 35 53 51 46 44 56 59 56 53 38 35 32 40 32 9 3 16 35 42 47 40 55 67 52 50 56 38 28 39 60 48 37 32 17 17 8 5 4 1 1 1 1 2 1 3 6 14 17 12 20 21 33 23 17 14 20 37 48 29 49 46 44 35 31 26 27 33 30 15 16 14 5 17 27 4 6
18 14 40 51 38 40 35 52 58 54 50 51 64 71 68 62 52 64 44 28 39 76 52 68 48 54 62 66 54 40 48 48 38 22 13 8 10 26 55 67 60 60 49 62 46 49 37 30 39 27 21 18 23 27 9 4 3 2 1 2 2 1 1 2 4 8 14 13 21 11 22 15 9 14 16 44 41 50 58 18 38 38 44 44 32 27 49 35 19 20 11 13 24 18 7 12
20 18 32 57 57 41 50 56 54 55 57 47 59 69 67 53 48 34 46 28 38 65 57 70 54 53 53 49 53 41 63 41 30 22 22 14 19 31 43 56 74 74 65 52 61 29 29 42 28 19 18 19 16 13 37 8 2 3 2 2 1 1 2 1 2 3 17 20 11 7 9 15 16 27 25 48 48 55 38 46 42 24 49 39 33 40 43 27 33 17 11 13 37 15 10 15
29 53 43 46 58 45 40 56 57 50 61 47 26 36 70 71 62 41 35 51 36 76 76 43 55 63 41 45 41 54 47 47 39 16 19 14 19 43 44 48 48 60 53 66 49 48 25 40 44 18 27 29 22 20 14 5 4 2 2 1 1 2 2 2 3 5 20 4 9 3 12 24 45 20 30 51 33 35 52 44 15 23 45 48 54 45 33 21 32 24 13 17 32 26 19 18
30 37 57 60 59 45 45 56 51 48 48 55 44 46 50 64 57 23 31 54 32 71 57 57 58 45 26 47 40 49 59 49 51 29 20 17 22 45 44 55 68 54 36 61 30 47 38 26 38 34 46 32 27 15 10 4 4 1 1 2 1 1 6 3 1 9 5 5 18 16 33 27 24 38 31 21 34 59 32 17 13 40 59 47 48 51 29 24 20 19 29 19 17 40 23 21
45 53 53 61 59 49 55 52 53 48 31 47 47 57 51 53 53 53 63 66 55 62 47 52 46 57 48 49 62 38 56 61 47 36 38 14 21 43 64 54 58 51 52 47 43 33 49 15 28 27 34 26 20 9 8 5 6 2 1 1 1 2 0 2 2 6 5 11 13 12 13 25 46 59 32 25 55 48 42 29 31 39 17 23 46 54 30 25 21 32 32 21 16 61 26 36
46 51 47 49 19 39 64 44 54 54 42 40 54 58 44 55 41 63 54 67 57 49 61 42 41 52 71 65 38 52 47 55 55 36 33 15 20 47 46 53 51 41 58 56 55 32 17 56 22 50 23 22 10 15 7 10 3 3 2 0 0 2 4 5 1 3 5 13 18 10 9 30 59 49 26 49 42 27 32 76 60 26 32 50 35 30 34 17 22 31 32 24 33 65 50 42
46 37 22 13 12 21 62 43 28 34 40 27 32 54 68 63 29 28 59 44 55 51 61 60 22 52 69 44 40 52 37 63 62 54 28 6 16 37 43 57 46 42 49 56 61 47 21 14 5 6 29 27 7 11 7 12 5 3 1 1 1 3 2 6 4 3 5 5 14 11 16 43 52 24 32 52 47 8 44 42 30 46 62 52 37 33 30 11 34 32 36 27 47 83 57 34
47 49 36 36 36 29 37 58 20 25 19 40 34 43 63 52 66 26 38 55 56 64 68 72 52 28 52 56 49 34 62 52 53 45 27 12 11 24 48 61 26 45 63 58 51 32 29 25 22 19 14 13 21 6 2 2 2 1 1 0 1 1 1 1 3 2 4 2 4 6 25 22 31 42 27 29 18 18 35 28 34 55 55 39 31 15 11 11 24 33 36 31 52 69 54 20
61 46 51 46 31 36 30 32 39 37 29 59 37 41 34 39 56 59 49 63 62 55 65 52 20 33 46 40 39 47 62 57 34 34 43 22 18 15 31 41 12 25 31 30 32 24 23 16 49 36 19 13 8 4 3 2 1 6 0 0 0 1 2 1 4 4 2 1 9 17 7 15 9 22 21 27 8 43 36 58 36 35 25 27 29 20 14 24 27 38 36 46 51 70 22 18
41 41 48 41 45 30 24 41 60 59 23 24 48 44 21 21 17 32 55 53 25 28 34 35 45 14 43 57 30 62 48 47 46 35 45 21 33 11 28 45 46 20 27 31 16 21 8 4 10 18 8 23 18 7 3 0 0 0 0 0 0 1 1 1 2 4 2 8 9 5 9 11 16 19 8 16 39 49 64 31 30 33 38 46 28 17 15 28 38 39 38 29 62 70 54 18
42 60 46 46 45 43 32 45 59 44 42 27 20 35 42 24 38 28 16 39 21 35 55 49 37 29 44 28 30 60 50 55 40 21 38 21 26 19 11 31 31 51 41 24 19 26 22 9 15 19 23 17 7 6 4 2 1 1 0 0 0 0 1 1 1 1 3 8 12 14 9 11 8 6 27 32 27 42 45 29 24 31 38 33 24 22 17 35 42 29 39 39 24 45 55 22
47 46 43 35 45 58 31 41 44 49 41 35 45 28 16 42 35 21 27 36 48 17 15 27 26 48 42 59 32 38 54 43 32 52 30 17 23 33 14 35 43 49 55 21 23 40 21 8 16 23 8 12 5 5 5 1 1 1 0 0 0 0 0 1 1 2 5 2 2 2 7 5 18 34 16 20 20 21 22 22 15 23 28 34 30 21 17 28 45 28 41 31 36 35 40 27
41 40 59 42 53 60 22 34 46 52 46 38 47 41 54 33 52 63 28 38 45 16 26 30 36 60 54 70 36 41 44 45 55 29 23 16 16 46 19 20 36 47 30 31 36 35 7 5 43 61 11 12 8 3 2 2 4 1 0 0 0 0 0 1 1 1 1 2 5 9 14 17 8 15 12 8 10 26 19 18 28 45 26 24 32 15 27 28 45 25 30 10 4 14 43 61
41 48 57 55 46 40 22 34 48 53 49 35 27 28 46 54 34 22 31 29 23 12 24 20 46 44 67 47 46 62 59 52 35 34 15 6 7 47 19 19 23 31 29 27 29 26 1 11 19 19 23 13 8 1 1 0 0 0 0 0 0 0 0 0 0 0 0 2 8 20 24 24 13 8 7 12 41 38 21 22 37 31 31 43 11 17 31 36 33 20 10 7 18 22 20 42
46 27 30 54 43 51 39 16 45 45 52 37 38 23 37 28 40 17 17 16 10 23 23 26 25 48 39 54 59 74 53 57 44 43 31 4 27 42 17 19 28 15 25 25 22 17 4 11 9 11 13 7 8 6 4 1 1 1 1 0 0 1 0 0 0 0 2 9 4 5 13 7 5 7 16 25 34 22 16 44 40 32 40 16 15 33 54 26 9 7 12 25 18 52 34 43
41 12 34 48 56 46 48 27 19 34 43 26 32 29 40 43 25 17 25 19 4 21 64 32 31 33 21 33 41 50 53 56 38 23 28 14 28 20 27 20 35 28 23 29 33 22 13 9 7 9 7 12 4 4 2 1 1 1 1 1 0 0 0 0 0 2 1 3 4 3 9 15 10 21 21 26 33 35 30 46 37 22 16 11 32 49 13 6 8 16 19 34 44 39 43 29
36 17 19 15 42 46 55 32 6 21 36 24 30 22 57 39 20 6 12 15 7 26 36 23 25 11 34 47 49 44 52 39 43 35 21 18 20 17 20 14 5 24 20 36 26 28 30 38 25 20 11 20 7 2 1 0 1 0 0 1 1 0 0 0 2 2 1 2 1 2 4 17 21 38 15 15 38 45 28 25 16 28 7 24 31 13 4 14 18 27 31 30 35 48 46 32
45 29 37 11 41 53 49 30 8 6 7 30 34 22 24 32 12 17 14 23 19 7 20 30 19 17 39 48 46 37 33 28 42 34 28 31 34 10 25 18 8 12 16 22 32 17 12 9 9 7 5 10 2 1 2 4 3 1 0 0 0 0 0 1 1 1 1 1 3 1 4 14 21 24 20 23 48 42 37 29 18 12 26 27 17 4 12 27 25 24 31 25 36 39 37 36
56 24 39 11 18 43 30 14 10 9 11 13 20 42 28 28 15 13 9 17 11 17 33 18 20 35 21 40 45 41 27 39 27 18 33 30 23 19 16 25 17 10 14 15 20 15 27 13 10 15 18 10 3 2 0 2 2 1 1 1 1 1 0 1 1 0 0 1 1 2 5 10 18 22 19 20 22 24 48 17 12 12 22 9 10 27 27 26 25 26 25 20 14 12 23 37
41 23 37 18 13 41 30 34 24 22 13 15 22 32 33 35 36 19 9 11 7 9 14 21 33 28 44 55 46 27 31 34 20 16 52 32 20 21 16 7 8 12 14 23 19 20 30 14 18 12 15 5 10 3 1 1 7 2 0 1 1 0 0 0 0 1 0 1 2 2 3 8 18 22 22 9 19 38 32 39 32 17 7 11 13 17 17 34 32 22 31 20 18 11 15 6
33 23 36 27 20 25 15 34 17 16 18 15 22 19 13 23 16 13 11 11 17 6 9 35 27 35 34 33 36 31 33 32 32 20 41 28 27 17 32 11 23 24 9 12 22 29 34 20 25 23 10 4 8 2 2 3 3 1 1 1 0 0 0 0 1 1 2 3 1 1 5 7 5 12 16 11 28 49 70 31 18 10 4 12 9 38 29 22 26 29 49 39 17 14 17 6
45 23 36 24 16 14 9 26 34 20 20 20 17 18 13 22 12 11 6 5 10 4 11 20 30 20 32 40 33 32 26 30 23 35 37 27 37 54 19 13 14 15 17 13 33 17 24 28 15 14 16 10 4 3 4 3 5 1 1 0 0 0 0 0 0 0 4 4 1 2 3 4 12 21 9 39 42 39 30 33 12 3 9 20 19 23 32 17 26 39 32 38 13 11 14 6
44 25 49 28 12 14 22 15 40 17 30 27 13 8 12 8 7 8 8 5 1 12 10 9 14 14 39 30 20 28 30 13 23 42 19 50 22 52 33 13 28 12 25 17 32 31 26 25 11 19 14 6 4 6 4 3 2 1 1 1 0 0 0 0 0 1 2 2 2 3 2 2 8 11 39 31 17 31 24 32 17 10 11 24 40 24 28 34 36 25 27 17 13 9 11 5
37 23 52 29 10 9 47 25 23 18 19 26 12 16 12 10 9 12 9 4 2 3 1 3 7 9 38 42 37 23 15 12 22 42 32 19 31 30 28 14 26 7 21 7 20 29 32 27 13 19 9 12 4 3 6 4 3 1 1 1 0 0 0 0 0 0 1 2 5 2 2 6 15 29 26 12 13 51 31 18 17 12 23 14 35 35 19 28 26 23 19 10 32 11 8 3
52 21 40 17 9 14 24 23 17 40 35 19 17 10 10 9 14 10 6 6 1 2 3 9 17 21 24 26 27 18 10 13 37 26 35 24 46 21 17 16 26 7 21 14 15 23 44 22 14 19 15 12 4 2 5 4 2 1 1 0 1 0 0 0 0 0 0 2 1 2 3 7 10 9 13 12 17 36 26 6 6 15 31 30 32 29 9 20 39 32 16 9 22 5 6 5
50 23 38 15 10 15 16 45 21 35 48 33 12 7 6 12 17 9 2 3 1 3 3 9 6 9 9 22 11 9 18 13 59 33 37 36 35 16 11 31 15 11 13 37 42 23 23 19 26 17 11 8 7 4 3 2 2 1 1 0 0 0 0 0 0 0 0 1 2 2 2 2 6 7 19 17 31 34 31 8 6 27 31 30 27 27 9 15 24 24 8 8 7 9 9 8
63 52 12 26 11 12 27 39 24 19 33 23 35 5 13 28 11 8 3 3 2 1 3 2 4 6 24 11 17 16 17 31 6 17 8 21 18 11 7 31 12 10 2 17 58 26 17 25 23 14 12 8 5 3 5 5 3 2 1 0 0 0 0 0 0 0 0 1 2 1 3 4 9 8 18 32 15 32 24 11 11 34 20 17 21 14 18 17 11 13 20 8 6 12 9 5
47 16 14 21 11 10 39 35 37 14 9 16 35 3 7 5 4 7 3 5 1 1 3 7 10 9 8 18 19 12 34 13 23 13 27 23 15 18 9 21 8 18 9 14 39 40 21 19 21 20 13 9 4 4 2 1 2 1 1 1 0 0 0 0 0 0 0 1 1 2 7 13 17 17 31 53 6 38 17 16 16 16 20 10 13 10 20 27 14 8 15 8 6 6 8 6
45 17 7 23 16 16 28 6 18 27 5 9 24 10 2 5 4 3 2 3 2 3 12 4 6 6 12 26 13 23 15 23 37 52 30 21 42 14 22 29 10 11 13 19 27 25 16 38 16 12 8 8 9 4 1 1 2 1 1 0 0 0 0 0 0 0 0 0 1 2 4 7 19 33 27 9 19 36 26 10 9 14 27 9 15 18 22 12 17 10 5 10 11 7 3 4
44 7 14 20 11 12 19 3 4 5 10 21 6 10 3 3 2 2 1 2 2 2 2 5 4 5 6 12 15 21 11 19 32 20 12 37 14 9 38 14 20 25 20 19 26 21 16 13 17 6 4 3 6 5 2 1 1 1 0 1 0 0 0 0 0 0 1 1 1 3 3 10 17 9 23 15 23 16 9 5 7 22 19 21 11 14 16 11 8 11 10 5 4 7 2 2
47 6 11 24 10 25 20 9 3 5 12 16 20 13 3 2 3 4 3 0 1 1 3 7 3 2 7 23 11 10 8 29 9 17 43 7 12 15 24 11 22 21 15 37 35 31 21 10 11 8 4 3 6 5 3 2 1 0 0 0 0 1 0 0 0 0 1 1 1 4 5 19 17 13 3 14 29 6 9 8 12 16 22 16 9 13 10 9 4 13 6 14 5 2 1 1
24 8 11 29 7 18 27 17 7 6 5 16 6 8 8 1 2 1 1 2 2 1 1 2 1 2 10 15 19 4 32 5 7 28 23 10 18 23 32 19 5 28 25 33 44 28 16 5 7 15 9 2 1 2 2 3 1 0 0 0 0 0 0 0 0 2 5 1 1 2 9 23 18 10 4 19 19 12 10 8 9 14 15 16 15 8 3 10 6 10 7 2 6 1 2 3
