sesion_6_simulaciones/modelos_agentes/ejemplos_netlogo/scenarios/cgcm2_b2/rob_2022.asc
NCOLS 322 
NROWS 307 
XLLCORNER 451900 
YLLCORNER 4086900 
CELLSIZE 100 
NODATA_value -9999 
[rows 0 to 73 of 307, columns 192 to 287 of 322]
41 37 19 11 31 56 31 13 12 15 16 6 4 3 4 3 2 2 3 2 2 2 1 1 2 4 2 4 5 15 4 1 1 0 0 0 0 0 0 1 2 1 1 4 6 8 7 13 24 32 20 24 33 43 44 57 44 82 49 41 9 12 19 46 57 43 59 54 27 38 22 12 16 21 40 23 20 39 57 28 16 17 16 17 15 11 29 26 25 28 10 24 35 61 21 6
51 29 35 32 39 58 18 26 37 21 14 9 15 12 6 5 7 1 3 4 3 2 1 1 1 4 1 2 1 2 12 4 1 0 0 0 0 0 1 0 1 0 0 1 2 3 7 7 19 62 75 57 40 43 45 43 70 67 67 20 25 15 47 42 54 50 57 41 44 20 6 24 12 20 51 25 53 39 35 35 28 33 34 19 13 6 18 28 30 27 16 28 25 31 16 13
31 57 37 36 59 49 35 16 9 22 22 22 32 32 16 24 12 10 14 13 10 3 2 1 0 1 1 0 0 1 1 4 2 1 1 0 0 0 0 0 0 0 1 3 3 8 9 13 21 39 49 48 59 50 66 73 41 35 45 24 23 31 41 30 36 63 31 28 21 27 14 15 13 19 60 23 58 49 26 42 29 25 30 29 14 4 11 15 29 22 15 43 24 40 14 3
41 41 65 53 42 36 33 32 31 51 28 44 57 42 35 46 29 13 19 29 16 12 7 3 2 1 0 0 0 0 0 1 0 0 0 0 0 0 0 0 0 1 1 1 2 10 10 13 5 14 11 16 29 59 48 54 51 18 26 33 36 21 24 44 33 58 46 39 52 20 30 25 8 8 41 23 30 25 33 40 30 29 29 31 15 5 10 23 36 15 27 24 23 36 10 2
30 23 44 15 49 56 51 35 50 45 42 31 34 26 35 51 34 40 40 39 32 13 8 8 3 4 2 3 2 0 0 0 0 0 0 0 0 0 0 0 0 0 1 1 1 3 3 7 23 43 51 46 45 40 63 66 30 24 8 10 34 35 28 43 45 57 37 26 17 11 9 8 11 7 20 20 17 29 54 62 52 20 19 39 33 23 3 19 21 30 29 16 32 45 16 3
31 25 41 35 23 30 51 25 46 37 25 32 11 30 39 39 44 41 14 11 22 10 7 10 7 6 3 5 3 1 1 0 0 0 0 0 0 0 0 0 0 1 1 3 8 18 25 36 35 25 31 36 44 60 79 54 34 24 8 44 65 65 59 60 46 65 28 35 41 32 40 28 22 16 11 15 22 21 33 27 39 62 43 32 34 22 7 14 19 23 10 15 28 28 18 5
23 12 14 32 22 17 47 17 12 22 28 54 28 12 26 37 31 33 17 6 7 17 21 25 9 8 8 4 4 3 2 1 1 1 0 0 0 0 0 0 0 1 2 3 13 9 14 21 40 32 41 76 39 64 69 37 24 25 14 33 50 59 58 59 69 63 51 45 44 18 28 27 18 28 22 11 4 16 35 39 30 54 34 16 8 31 9 8 9 10 11 24 40 51 13 12
16 12 11 15 32 23 38 48 13 6 11 18 34 8 3 11 7 13 16 8 5 10 5 9 9 8 7 4 6 4 4 3 3 2 2 1 1 0 0 0 0 1 3 6 9 15 19 40 65 60 61 38 54 50 57 28 17 7 15 21 32 31 29 26 26 56 33 26 45 27 24 19 22 26 25 15 5 22 43 22 47 62 39 16 9 22 16 8 8 19 22 23 49 31 18 13
30 21 19 10 17 14 24 48 46 18 7 7 13 21 10 6 4 12 17 10 8 12 3 6 17 10 7 7 7 10 9 7 6 5 3 2 1 0 0 0 1 1 3 5 19 15 12 28 34 49 37 28 65 44 40 15 8 37 62 51 63 53 59 46 54 77 46 34 15 16 23 19 20 20 15 9 6 11 15 28 41 54 40 24 10 9 10 6 6 22 18 27 24 33 15 24
21 21 20 10 8 5 19 18 41 30 20 9 9 11 13 5 4 3 13 10 9 15 4 4 8 8 7 5 3 7 1 3 6 5 4 1 1 0 0 0 0 1 2 5 10 4 4 26 13 12 12 66 36 41 21 10 21 51 60 74 55 82 68 43 60 34 58 47 44 18 19 27 23 11 9 6 4 8 31 17 10 41 44 38 18 7 13 4 6 8 10 29 20 32 18 46
27 22 22 19 9 5 2 3 6 15 8 6 4 12 7 4 5 1 2 8 5 12 15 2 3 3 14 4 1 4 6 1 0 0 1 2 1 0 0 0 0 1 3 7 2 7 11 13 3 7 42 45 18 26 11 7 21 40 41 56 77 78 48 29 33 49 59 60 65 47 56 35 29 23 12 9 3 3 10 21 23 47 65 36 37 11 6 9 2 8 25 10 17 13 13 53
49 32 15 17 15 13 9 5 4 3 3 3 5 4 4 3 2 4 2 2 7 8 7 3 1 2 8 4 1 1 6 6 1 0 0 0 1 1 0 0 2 3 3 1 1 1 6 1 4 22 47 30 13 9 4 23 29 28 38 76 60 54 14 26 41 45 68 65 55 62 45 35 39 37 32 20 6 4 14 18 19 66 40 51 32 22 7 4 3 12 13 7 21 7 25 56
57 41 36 49 38 35 28 14 23 13 9 5 2 2 1 1 1 7 5 2 1 3 3 3 1 2 3 2 1 0 1 2 0 0 0 0 1 1 0 0 1 2 1 3 3 2 8 1 6 28 22 7 1 8 28 42 48 56 80 66 18 25 29 21 22 24 40 40 63 42 22 34 51 51 44 21 6 2 13 22 48 53 20 28 43 23 10 2 3 11 10 7 24 7 19 28
66 62 59 61 56 50 36 30 27 24 19 17 6 4 2 1 1 1 1 1 1 1 0 1 1 1 2 1 0 0 0 1 1 1 0 0 0 1 0 1 0 1 1 0 0 4 2 1 8 6 3 1 3 10 19 28 57 52 44 11 45 63 57 46 47 26 23 22 57 47 60 69 46 30 23 21 9 3 7 16 44 18 13 27 57 26 16 5 2 4 4 5 11 6 15 11
23 60 64 64 54 58 35 40 16 17 28 15 11 10 9 6 4 1 0 0 0 0 0 1 1 1 1 0 0 0 0 1 1 0 0 0 0 1 1 0 0 0 1 0 0 1 1 1 2 2 0 1 3 6 15 28 29 8 30 47 61 59 57 78 83 71 64 47 49 60 63 53 58 38 18 12 6 3 7 15 21 9 6 35 54 55 28 25 8 2 3 5 5 5 19 14
32 49 61 42 47 71 53 27 44 28 18 24 18 20 20 9 6 2 1 1 1 0 0 0 1 0 0 0 0 0 0 0 1 1 0 0 0 0 0 1 0 0 0 0 0 0 1 2 1 1 2 2 2 5 9 14 7 32 39 43 57 69 80 69 64 74 41 33 67 20 48 77 54 38 40 37 30 12 5 15 18 8 3 7 21 47 11 6 7 7 1 5 3 4 18 14
57 13 60 40 34 59 69 69 34 16 25 21 31 25 18 11 9 6 4 3 2 2 1 0 0 0 1 1 0 0 0 0 0 0 0 0 0 0 0 1 0 0 0 0 0 0 0 0 1 4 2 8 7 5 4 17 29 32 39 42 65 53 74 64 66 42 31 59 46 36 37 21 54 33 57 59 56 30 17 5 27 14 9 2 6 22 32 6 2 3 1 1 3 7 4 4
32 9 41 22 37 45 55 32 61 65 35 41 42 12 10 8 13 11 6 4 3 3 2 1 1 1 2 1 1 1 0 0 0 0 0 0 0 0 0 0 0 0 0 0 0 0 1 2 3 3 5 13 13 16 7 17 22 53 53 54 74 54 48 44 30 29 47 61 49 31 17 19 47 52 59 55 60 55 30 7 5 11 11 6 2 6 17 9 6 1 2 0 3 4 2 2
19 21 23 22 13 35 43 21 23 58 27 48 63 32 18 11 18 28 22 12 9 4 1 1 2 1 2 2 3 1 1 1 1 0 0 0 0 0 0 0 0 0 0 0 0 1 2 2 2 4 9 17 15 12 20 26 34 36 28 46 64 26 13 9 28 32 29 78 64 22 23 15 50 47 14 29 66 53 50 27 6 3 18 9 5 2 6 9 8 3 1 1 4 2 0 0
20 7 11 18 10 17 48 15 10 29 38 52 51 33 36 28 6 11 13 19 7 5 4 3 3 3 3 4 3 3 2 1 1 1 1 0 0 0 0 0 0 0 0 0 2 2 2 4 2 7 14 12 22 23 30 33 10 9 21 43 69 23 10 34 49 45 59 66 48 37 22 9 18 50 39 13 28 37 46 39 25 4 4 10 7 2 1 4 10 6 0 0 2 0 2 5
41 11 12 11 3 8 30 12 17 13 27 18 31 11 16 19 4 3 9 23 10 13 6 2 8 6 3 2 3 2 1 1 1 1 1 0 0 0 0 0 0 0 0 1 2 3 1 1 6 16 10 16 31 43 56 55 35 27 41 46 44 14 15 49 50 46 45 20 43 43 27 7 11 21 54 26 10 14 58 29 20 6 2 4 6 1 2 6 3 3 0 0 0 1 4 14
17 3 14 12 3 2 8 24 3 8 31 23 28 13 9 4 5 1 3 19 16 9 6 5 2 3 1 1 1 1 1 1 1 0 1 1 0 0 0 0 0 0 1 1 1 2 2 5 7 7 6 11 20 56 66 73 72 61 46 39 21 11 29 40 61 55 46 26 20 39 16 7 10 15 48 27 11 11 17 36 19 10 3 2 6 2 3 4 2 1 1 4 2 3 13 20
25 3 19 25 5 3 5 11 3 2 24 12 8 4 2 5 5 3 1 2 3 8 17 15 5 1 3 1 0 1 1 0 0 0 0 1 1 0 0 0 0 1 1 2 1 1 0 2 1 2 2 8 22 20 36 60 47 35 18 60 25 12 32 42 42 50 70 40 31 13 7 7 21 36 61 26 10 11 19 45 20 6 3 1 3 4 3 4 1 1 2 16 7 8 8 19
14 8 6 18 2 4 6 10 6 2 2 2 2 8 2 1 5 5 2 2 3 3 9 6 5 1 2 3 1 0 0 0 0 0 0 0 1 0 0 0 0 0 0 1 0 0 1 1 2 3 2 7 8 13 18 14 10 27 51 30 10 21 37 35 53 70 48 35 33 20 8 11 22 39 41 17 14 9 17 35 23 20 7 1 1 2 2 4 1 1 3 4 11 24 13 17
3 3 5 5 2 1 7 11 3 1 2 1 1 3 5 2 3 3 3 1 1 1 2 2 1 1 1 3 2 0 0 0 0 0 0 0 0 0 0 0 0 0 0 1 1 2 2 3 2 4 7 5 4 2 3 9 26 30 58 20 9 33 30 29 55 75 40 46 39 18 12 11 20 50 31 15 16 8 11 21 19 18 14 6 1 1 3 1 1 6 8 9 11 11 49 19
1 1 1 3 1 1 7 8 2 1 1 1 1 1 3 3 1 1 1 1 0 1 1 1 1 1 0 1 4 0 0 0 0 0 0 0 0 0 0 0 0 0 0 0 1 1 3 1 1 4 6 14 12 23 18 22 24 44 41 7 16 28 24 19 44 57 32 35 28 20 9 9 20 49 19 23 17 5 4 7 10 16 8 2 2 1 1 1 4 14 19 22 33 22 16 43
1 1 0 0 0 2 3 3 1 0 0 0 0 0 0 1 2 1 1 1 0 0 0 1 0 0 0 0 1 1 1 0 0 0 0 0 0 0 0 0 0 0 0 0 0 1 1 1 2 3 9 11 12 23 36 53 58 66 26 7 18 26 20 27 67 59 15 30 29 17 9 5 15 44 18 13 10 8 1 3 9 14 4 2 1 1 1 5 13 14 20 21 30 43 62 37
0 0 0 0 0 0 0 0 0 0 0 0 0 0 0 0 0 0 0 1 0 0 0 0 0 0 0 0 0 0 1 0 0 0 0 0 0 0 0 0 0 0 0 0 0 0 1 1 1 7 6 9 16 22 35 64 43 32 5 20 29 22 43 54 78 39 39 18 16 14 13 7 21 45 24 11 9 8 1 3 7 11 6 6 2 0 1 4 5 4 5 6 7 13 33 39
0 0 0 0 0 0 0 0 0 0 0 0 0 0 0 0 0 0 0 0 0 0 0 0 0 0 0 0 0 0 0 0 0 0 0 0 0 0 0 0 0 0 1 1 1 1 3 6 2 6 4 6 10 12 47 33 14 4 16 26 29 28 52 75 45 23 31 14 11 12 11 5 12 36 50 21 10 5 2 2 6 13 9 4 1 0 1 2 1 5 7 14 19 20 21 36
0 1 0 1 0 0 0 0 0 0 0 0 0 1 1 0 0 0 0 0 0 0 0 0 0 0 0 0 0 0 0 0 0 0 0 0 0 0 0 0 0 1 1 1 1 2 3 2 8 5 5 5 12 16 42 8 4 9 21 27 26 28 50 73 29 18 17 23 9 4 3 5 21 34 15 32 14 4 1 1 8 6 10 3 1 0 1 4 9 17 11 23 33 33 30 14
1 1 1 1 1 0 0 1 1 1 1 2 1 2 2 1 1 1 1 0 0 0 0 0 0 0 0 0 0 0 0 0 0 0 0 0 0 0 0 0 1 1 1 2 3 4 4 4 7 18 22 22 13 22 12 4 2 14 16 23 13 28 51 57 33 11 15 20 12 6 2 4 26 11 7 37 22 7 2 1 3 3 6 3 1 1 3 4 5 12 13 13 11 12 17 37
2 2 2 2 1 1 1 2 2 2 2 2 4 3 3 3 2 1 1 1 1 1 1 0 0 0 0 0 0 0 0 0 0 0 0 0 0 0 0 1 1 1 1 2 3 4 6 15 12 14 9 37 23 10 12 8 3 11 19 32 36 30 57 22 9 22 23 9 19 5 2 4 9 9 5 33 10 6 2 1 3 3 2 2 0 1 8 13 18 14 13 7 15 19 20 30
6 5 3 4 2 1 1 1 1 2 6 5 5 7 5 3 2 2 2 1 1 1 1 1 0 0 0 0 0 0 0 0 0 0 0 0 0 0 0 1 1 1 1 2 4 5 10 16 12 14 7 4 12 11 14 2 6 12 11 21 22 37 38 41 34 16 10 8 20 12 3 3 8 5 11 35 9 5 3 1 1 2 2 1 1 4 8 25 32 30 37 20 28 40 33 56
8 8 8 4 3 2 1 3 5 6 10 8 9 5 7 5 4 3 2 4 3 2 1 1 1 1 0 0 0 0 1 0 0 0 0 0 0 0 0 0 0 1 1 2 3 8 4 2 15 12 7 4 9 12 1 1 5 7 10 22 34 46 52 22 12 11 16 10 8 9 5 2 7 6 8 14 12 9 3 1 1 1 1 1 2 4 5 8 6 8 11 22 37 38 66 62
12 12 13 11 9 2 2 5 8 12 13 12 13 11 9 9 6 10 6 5 2 1 1 1 1 1 1 0 1 1 0 0 0 0 0 0 0 0 0 0 0 1 2 2 1 2 2 5 4 6 6 1 4 1 2 1 2 4 6 17 36 49 31 45 20 10 9 7 5 9 8 2 2 4 7 9 9 4 2 1 0 1 1 1 4 2 3 7 21 26 29 25 17 61 34 41
23 34 19 6 10 4 6 7 22 16 14 16 17 29 26 14 15 10 4 7 3 2 1 3 2 1 1 1 2 0 0 0 0 0 0 0 0 0 0 0 1 1 2 1 1 2 2 4 3 3 2 1 2 1 2 1 3 9 13 26 20 21 35 45 12 5 4 4 7 5 4 2 1 3 3 9 9 4 2 1 0 0 1 3 9 12 10 11 18 17 17 40 40 52 28 12
43 53 21 17 24 8 5 23 24 35 13 24 31 26 40 21 9 4 12 7 4 3 1 4 1 1 1 3 1 0 0 0 0 0 0 0 0 0 0 0 0 1 0 0 1 3 8 6 4 2 1 1 1 1 2 4 7 5 5 7 12 22 28 44 19 7 6 4 3 2 2 2 1 2 5 4 3 5 2 1 0 1 4 3 8 21 25 31 33 34 21 30 23 26 26 9
37 54 24 21 30 11 11 39 36 41 12 27 51 32 46 20 13 12 17 15 8 2 3 1 1 2 5 0 0 1 1 1 1 0 0 0 0 0 0 0 0 0 0 0 1 5 5 2 6 1 1 1 2 2 3 2 2 1 6 8 9 30 34 27 12 36 31 16 8 6 2 2 1 2 2 1 2 2 1 0 1 3 9 16 18 23 34 33 28 29 30 38 10 3 18 12
57 30 31 23 33 13 17 44 66 39 10 39 61 51 51 46 21 29 39 19 7 3 5 2 6 5 1 1 1 1 1 1 1 0 1 0 0 0 0 0 0 0 0 1 5 2 4 1 1 2 1 1 3 3 3 3 2 5 24 30 27 29 61 26 35 19 23 21 7 3 2 2 1 0 1 2 1 1 0 0 1 2 3 10 11 6 13 6 5 7 5 51 27 9 7 4
79 61 33 25 30 17 29 49 80 31 16 34 62 63 63 30 24 63 23 4 5 13 10 7 7 2 2 1 2 2 1 1 1 1 0 1 0 1 0 0 0 0 0 0 1 1 1 0 0 0 0 1 2 4 4 9 13 14 12 23 42 39 23 40 30 26 6 11 26 6 2 1 1 0 1 1 0 1 0 0 1 3 4 5 5 3 4 9 18 37 50 69 36 9 5 2
73 72 38 40 43 24 32 60 74 41 23 44 83 81 44 52 29 27 7 5 9 30 33 17 7 6 2 2 3 2 1 3 2 0 0 1 1 1 1 0 0 0 0 0 0 0 0 0 0 1 2 2 4 7 8 13 12 10 27 55 51 45 29 39 5 46 30 4 3 14 13 5 2 1 0 0 0 0 0 0 1 1 1 3 3 4 17 25 20 18 24 45 17 8 5 2
73 63 42 54 49 46 35 64 74 47 35 48 83 72 51 37 15 8 2 10 26 32 17 5 3 1 1 7 4 2 3 3 1 0 1 1 1 1 1 0 0 0 0 0 0 0 0 0 0 1 1 2 4 5 4 6 11 25 19 65 39 16 16 61 24 10 34 9 2 1 3 4 5 4 1 0 0 0 0 0 1 2 1 2 4 9 17 16 16 30 16 24 19 10 4 1
76 65 40 60 57 54 50 51 61 41 36 50 64 29 27 18 7 8 7 15 38 13 8 7 3 2 2 10 7 3 9 3 1 1 1 2 2 3 2 1 1 0 1 0 0 0 0 0 0 1 0 1 4 3 9 13 6 21 33 49 8 3 17 50 15 13 7 26 5 1 1 1 3 2 3 2 0 0 0 0 1 1 2 1 2 7 28 10 8 34 11 11 14 3 1 1
48 48 45 63 58 45 62 50 74 76 64 52 46 36 44 39 26 30 13 19 32 15 11 7 4 4 3 13 10 5 10 4 3 2 2 4 3 3 1 1 2 1 1 0 0 0 0 0 0 0 1 2 3 3 4 6 4 11 32 11 6 3 24 47 20 3 2 3 10 2 1 1 1 1 3 1 0 0 0 0 1 1 2 2 8 17 25 10 9 25 8 3 4 7 1 0
62 34 66 74 65 71 68 84 79 89 89 83 46 65 63 59 51 23 19 38 29 15 10 5 6 8 5 17 15 15 8 6 4 5 5 7 10 4 2 2 5 2 0 0 0 0 0 0 0 0 2 2 2 3 2 2 7 24 35 6 3 4 9 39 24 10 2 0 5 5 2 1 1 1 4 1 0 0 0 0 1 2 2 3 5 3 4 3 6 5 9 5 5 4 1 0
55 50 56 66 78 83 87 88 76 73 77 79 83 75 45 41 32 24 26 23 12 14 12 14 19 13 14 39 25 35 13 10 8 11 12 21 21 5 4 3 5 2 1 0 0 0 0 0 0 1 1 1 1 1 1 3 9 14 10 8 3 3 4 47 10 7 6 0 3 5 3 1 0 1 1 2 0 0 0 1 1 2 4 6 4 3 3 2 3 3 3 2 2 1 0 0
64 60 40 43 58 66 78 56 49 45 57 60 64 73 48 40 44 56 43 26 23 25 21 32 46 31 21 47 42 31 17 24 14 19 17 24 13 8 10 3 1 1 1 1 1 1 0 0 0 0 1 1 1 2 2 1 4 3 5 18 4 3 7 14 7 1 4 1 2 2 2 1 1 0 0 5 0 0 0 0 1 1 1 7 2 2 2 2 1 1 1 0 0 0 1 2
72 73 51 29 54 49 51 64 44 52 61 44 59 76 81 66 78 68 47 38 50 46 45 42 49 35 28 54 51 24 30 30 28 27 36 33 17 10 2 1 1 1 1 1 2 1 1 0 0 0 0 1 1 2 2 1 4 3 2 3 3 3 5 10 12 1 2 2 1 3 2 1 1 0 0 1 0 0 0 0 1 1 3 5 2 2 1 1 2 0 0 0 0 1 2 3
54 65 79 47 27 30 54 51 71 35 30 31 66 48 59 91 89 48 66 64 62 59 58 48 52 42 43 66 51 39 40 35 37 55 49 17 4 3 4 3 4 3 2 1 2 2 1 0 0 0 0 1 1 1 2 1 3 2 2 2 2 1 2 4 16 1 1 1 1 1 1 1 0 0 0 0 0 0 0 0 0 1 5 2 1 0 1 1 1 0 0 0 1 1 3 3
75 72 74 79 43 16 17 59 56 49 11 14 27 44 73 81 67 87 88 69 61 77 71 40 58 47 64 54 53 47 51 39 53 69 66 23 15 9 14 11 14 12 5 4 6 1 1 0 0 0 0 0 0 0 2 1 3 3 1 1 1 0 0 1 6 2 1 1 1 1 1 1 0 0 0 0 0 0 0 0 1 1 1 1 0 0 0 0 0 0 0 1 2 3 2 3
59 43 47 86 43 33 26 25 24 29 20 4 19 68 79 77 58 53 81 61 75 77 65 47 70 65 78 71 62 71 51 50 48 44 44 24 20 22 20 18 4 4 11 17 2 1 1 0 0 0 0 0 0 0 0 2 2 4 1 1 1 0 0 2 6 1 1 1 1 1 1 1 0 0 0 0 0 0 0 0 0 1 1 0 0 0 0 1 1 1 2 2 3 3 2 2
28 45 45 79 81 25 28 15 17 14 16 9 22 34 40 48 66 80 62 25 59 29 67 79 90 84 79 52 68 47 58 44 38 19 57 47 47 30 11 8 2 0 13 8 4 2 1 1 0 0 0 0 0 0 0 0 0 1 0 1 1 0 0 1 2 3 1 1 1 0 0 0 0 0 0 0 0 0 0 0 0 0 0 0 0 0 1 1 2 1 2 5 4 3 3 2
17 21 36 38 78 70 33 13 12 10 10 9 15 36 49 59 26 68 66 30 62 53 27 44 65 44 65 38 57 22 12 31 19 19 30 71 51 25 12 39 11 10 11 9 8 2 1 1 1 1 1 0 0 0 0 0 0 0 0 1 0 0 1 1 1 2 1 0 0 0 0 0 0 0 0 0 0 0 0 0 0 0 0 0 0 0 1 1 2 2 2 2 12 4 3 2
7 13 22 6 36 83 35 16 7 5 7 9 7 13 19 34 41 60 36 45 64 39 11 38 58 39 36 30 33 50 36 34 29 14 17 53 65 73 67 52 38 22 20 21 12 3 2 2 3 1 0 0 0 0 0 0 0 0 0 0 0 0 0 1 1 1 1 1 0 0 0 0 0 0 0 0 0 0 0 0 0 0 0 0 0 0 0 1 1 1 1 3 4 4 2 5
15 7 16 36 31 52 74 28 21 5 3 4 4 6 20 15 38 58 8 19 70 57 20 10 62 68 40 24 35 41 16 13 16 10 8 24 40 44 34 13 23 22 10 14 14 10 11 9 2 0 1 1 1 1 1 1 1 0 0 0 0 0 0 0 0 2 1 0 0 0 0 0 0 0 0 0 0 0 0 0 0 0 0 0 0 0 0 0 1 1 1 2 3 4 8 9
20 7 5 20 36 46 74 52 19 12 5 4 4 5 5 3 16 12 11 48 84 29 13 7 9 42 18 21 17 32 27 15 17 14 11 41 25 10 8 5 7 3 3 29 12 23 27 18 6 4 4 2 2 1 1 0 0 0 0 0 0 0 0 0 0 0 1 0 0 0 0 0 0 0 0 0 0 0 0 0 0 0 0 0 0 1 1 1 2 2 2 3 4 5 5 12
37 21 12 7 8 11 23 52 20 21 7 3 2 3 7 3 9 6 23 22 76 25 13 9 5 10 9 15 5 24 26 9 8 8 11 21 18 5 3 5 4 3 3 7 16 10 7 3 3 2 2 2 1 1 1 0 0 0 0 0 0 0 0 0 0 0 0 0 0 0 0 0 0 0 0 0 0 0 0 0 0 0 0 0 0 0 1 4 1 2 4 5 7 7 10 17
15 12 21 6 6 20 24 48 47 23 13 3 2 2 2 3 5 7 8 24 55 70 32 12 3 3 7 1 4 18 25 9 6 7 4 4 5 3 2 3 3 2 2 3 15 9 7 3 1 1 1 0 0 0 1 0 0 0 0 0 0 0 0 0 0 0 0 0 0 0 0 0 0 0 0 0 0 0 0 0 0 0 0 0 0 0 2 3 4 5 5 5 7 12 10 19
27 17 5 3 4 9 15 24 40 16 7 5 1 1 1 3 1 2 10 47 37 56 32 20 7 2 9 7 2 2 11 5 6 4 1 1 2 6 2 1 2 1 1 2 7 9 9 3 2 1 1 0 0 0 0 0 0 0 0 0 0 0 0 0 0 0 0 0 0 0 0 0 0 0 0 0 0 0 0 0 0 0 0 0 0 1 1 3 1 2 1 2 4 9 10 6
39 28 8 3 1 7 7 13 29 23 6 4 2 1 2 2 1 7 19 38 11 23 31 7 5 4 2 4 5 1 4 6 2 3 1 2 2 1 1 1 2 1 0 1 2 6 10 4 3 2 1 0 0 0 0 0 0 0 0 0 0 0 0 0 0 0 0 0 0 0 0 0 0 0 0 0 0 0 0 0 0 0 0 0 1 1 1 1 1 1 1 2 4 5 5 6
39 25 11 7 2 2 5 9 44 5 6 2 1 1 1 1 1 3 17 9 1 11 55 8 4 4 2 2 2 4 3 2 1 1 1 1 1 0 0 1 2 1 0 0 1 2 9 4 4 1 1 0 0 0 0 0 0 0 0 0 0 0 0 0 0 0 0 0 0 0 0 0 0 0 0 0 0 0 0 0 0 0 0 0 0 1 2 1 1 1 2 2 3 5 6 4
35 25 11 4 3 2 4 5 25 6 1 4 2 1 1 1 1 5 7 3 12 21 44 17 5 2 3 5 1 5 2 2 2 1 1 1 1 1 0 1 0 0 1 2 4 5 6 5 9 6 2 1 0 0 0 0 0 0 0 0 0 0 0 0 0 0 0 0 0 0 0 0 0 0 0 0 0 0 0 0 0 0 0 0 0 0 1 1 2 2 3 3 3 2 5 8
25 14 7 4 3 2 1 2 6 19 4 1 2 1 1 1 1 3 2 4 4 11 36 16 5 6 2 2 2 5 2 1 1 1 0 0 1 1 0 0 0 0 1 5 2 2 5 3 6 5 5 1 1 0 0 0 0 0 0 0 0 0 0 0 0 0 0 0 0 0 0 0 0 0 0 0 0 0 0 0 0 0 0 0 0 0 1 1 1 1 2 5 3 5 13 8
21 15 5 3 3 2 2 2 3 7 6 1 1 1 1 1 1 1 1 2 4 11 43 13 7 3 4 1 2 3 1 0 1 0 1 0 0 0 0 0 0 0 2 4 1 2 2 1 4 4 3 2 1 1 0 0 0 0 0 0 0 0 0 0 0 0 0 0 0 0 0 0 0 0 0 0 0 0 0 0 0 0 0 0 0 0 0 0 1 2 1 3 3 1 3 5
63 34 13 3 1 2 1 1 2 4 6 2 1 1 1 1 0 1 1 1 4 5 26 10 2 2 2 2 1 1 2 0 0 0 0 0 0 0 0 0 1 1 1 0 0 1 1 1 2 3 4 3 3 2 1 0 0 0 0 0 0 0 0 0 0 0 0 0 0 0 0 0 0 0 0 0 0 0 0 0 0 0 0 0 0 0 0 0 0 1 2 4 2 2 3 1
18 51 29 9 2 1 1 1 2 2 12 2 1 1 0 0 0 0 0 1 2 4 13 12 3 1 1 1 1 1 1 1 1 0 0 0 0 0 0 0 1 2 1 0 1 1 1 1 2 3 1 1 1 2 1 1 0 0 0 0 0 0 0 0 0 0 0 0 0 0 0 0 0 0 0 0 0 0 0 0 0 0 0 0 0 0 0 0 0 1 1 2 1 2 2 4
4 47 6 28 12 4 1 1 1 2 6 2 1 0 0 0 0 0 1 1 2 6 5 10 5 2 1 1 1 1 1 1 1 0 0 0 0 0 0 0 1 1 1 0 0 1 0 0 2 3 1 1 1 1 3 1 1 0 0 0 0 0 0 0 0 0 0 0 0 0 0 0 0 0 0 0 0 0 0 0 0 0 0 0 0 0 0 0 1 1 1 1 1 2 3 3
8 9 4 19 6 8 2 0 0 1 2 2 1 0 0 0 0 0 0 1 1 1 10 10 10 4 2 2 0 0 0 0 0 0 0 0 0 0 0 0 1 0 0 0 0 1 0 0 3 2 1 0 0 0 1 1 1 0 0 0 0 0 0 0 0 0 0 0 0 0 0 0 0 0 0 0 0 0 0 0 0 0 0 0 0 0 0 0 0 0 1 1 2 3 4 5
9 6 5 3 4 1 6 1 0 0 1 1 0 0 0 0 0 0 0 1 1 6 11 10 13 4 2 1 1 0 0 0 0 0 0 0 0 0 0 0 0 0 0 0 0 1 1 1 3 2 2 0 0 0 0 0 0 0 0 0 0 0 0 0 0 0 0 0 0 0 0 0 0 0 0 0 0 0 0 0 0 0 1 0 0 0 0 0 1 0 0 1 1 1 2 3
7 4 5 2 3 1 1 2 0 0 0 1 1 0 0 0 0 0 1 1 3 4 8 5 6 6 1 1 1 0 0 0 0 0 0 0 0 0 0 0 0 0 0 0 0 0 0 0 2 2 1 0 0 0 0 0 0 0 0 0 0 0 0 0 0 0 0 0 0 0 0 0 0 0 0 0 0 0 0 0 1 0 0 1 1 1 1 1 1 0 0 0 1 2 3 3
5 5 7 2 1 1 1 1 0 0 0 0 1 0 0 0 0 0 1 3 1 1 4 3 2 4 2 1 1 0 0 0 0 0 0 0 0 0 0 0 0 0 0 0 0 0 0 0 2 0 1 0 0 0 0 0 0 0 0 0 0 0 0 0 0 0 0 0 0 0 0 0 0 0 0 0 0 0 0 0 1 1 1 2 2 1 1 2 1 1 1 1 0 1 2 3
1 1 2 2 1 1 0 0 0 0 0 0 0 0 0 0 0 0 1 1 1 1 2 5 1 1 1 1 0 0 0 0 0 0 0 0 0 0 0 0 0 0 0 0 0 0 0 2 4 0 0 0 0 0 0 0 0 0 0 0 0 0 0 0 0 0 0 0 0 0 0 0 0 0 0 0 0 0 0 0 0 1 1 1 3 2 3 3 2 2 1 1 2 2 2 2
0 0 0 0 0 0 0 0 0 0 0 0 0 0 0 0 0 0 0 0 1 0 0 1 1 1 0 1 0 0 0 0 0 0 0 0 0 0 0 0 0 0 0 0 0 0 0 0 2 0 0 0 0 0 0 0 0 0 0 0 0 0 0 0 0 0 0 0 0 0 0 0 0 0 0 0 0 0 0 0 0 0 1 1 3 2 5 6 3 5 4 4 3 3 2 7
1 1 1 0 0 0 0 0 0 0 0 0 0 0 0 0 0 0 0 0 0 0 0 0 0 0 0 0 0 0 0 0 0 0 0 0 0 0 0 0 0 0 0 0 0 0 0 0 0 0 0 0 0 0 0 0 0 0 0 0 0 0 0 0 0 0 0 0 0 0 0 0 0 0 0 0 0 0 0 0 0 0 0 0 1 2 1 2 11 11 3 10 8 7 4 7
