sesion_6_simulaciones/modelos_agentes/ejemplos_netlogo/scenarios/cgcm2_b2/rob_2082.asc
NCOLS 322 
NROWS 307 
XLLCORNER 451900 
YLLCORNER 4086900 
CELLSIZE 100 
NODATA_value -9999 
[rows 73 to 145 of 307, columns 96 to 191 of 322]
22 20 18 15 46 24 56 76 41 29 27 45 49 51 4 1 7 9 8 3 9 17 10 4 2 4 3 4 3 2 1 0 1 2 0 0 1 1 3 3 3 2 8 2 2 2 3 11 2 3 4 6 12 25 18 21 10 14 30 32 25 58 53 58 52 58 39 36 47 65 59 47 50 65 44 27 71 51 56 76 46 47 42 46 73 74 50 27 22 15 6 4 3 1 1 1
19 52 31 16 16 18 19 45 18 18 13 55 26 70 59 39 7 4 4 7 33 27 12 5 6 2 2 0 2 3 1 2 1 4 1 1 1 1 3 1 1 1 2 0 1 2 4 0 1 2 2 7 19 11 11 5 9 14 27 17 14 59 47 35 46 54 32 45 54 57 48 58 43 60 30 32 48 57 44 40 21 46 64 57 41 23 25 28 16 22 16 14 13 6 1 0
24 29 24 18 13 16 23 40 22 33 40 27 12 22 25 47 27 28 38 50 79 34 31 19 5 9 2 1 2 1 2 19 4 4 6 3 1 1 1 0 1 4 6 2 9 4 4 11 21 2 2 1 3 11 3 4 10 21 16 8 21 22 50 36 43 29 27 33 47 57 32 68 31 38 32 20 48 27 19 46 52 46 22 24 35 35 31 27 38 34 43 40 22 15 5 2
36 22 19 21 14 27 13 43 19 43 47 15 22 43 34 23 32 56 32 56 59 66 53 48 9 5 3 1 2 3 10 17 10 5 7 6 7 1 3 4 1 1 2 1 1 9 2 6 5 8 1 1 2 2 3 4 7 19 8 13 12 6 26 27 34 19 36 23 57 39 19 47 33 30 32 31 19 12 62 39 31 31 50 37 55 58 55 66 68 53 53 49 30 20 13 8
37 13 31 27 18 16 21 31 27 32 66 28 33 24 29 40 62 33 58 51 72 75 44 28 36 3 3 3 7 6 12 4 11 4 11 2 16 5 4 8 1 1 1 0 2 3 11 16 8 20 14 8 4 1 1 2 7 3 4 2 7 3 20 16 21 12 28 23 32 12 10 12 29 10 28 12 14 20 45 28 42 40 37 56 73 70 77 62 61 70 48 47 28 25 15 13
37 20 28 29 38 19 24 29 12 53 71 60 36 23 44 38 46 57 74 42 39 54 58 68 23 14 16 20 32 12 10 5 8 9 1 3 4 6 7 8 5 1 1 1 3 5 15 12 5 33 23 14 14 8 7 2 2 2 3 2 4 4 2 7 4 8 8 15 9 4 6 6 23 14 6 3 16 25 22 24 49 70 79 72 75 78 54 64 69 48 52 34 26 27 25 39
55 56 21 51 60 33 12 34 13 32 35 63 46 32 34 7 45 79 46 48 51 31 59 65 28 17 48 56 47 39 46 12 2 2 3 12 13 2 4 6 10 1 1 3 4 5 12 41 34 35 30 25 27 7 19 17 12 2 1 1 4 8 2 2 3 5 4 8 2 2 10 15 14 10 34 30 10 7 26 53 59 66 66 65 57 70 71 80 63 44 43 30 27 39 58 36
80 86 64 62 22 19 14 13 13 41 21 13 49 57 13 36 71 43 29 25 42 17 10 47 52 54 59 51 59 39 62 44 10 11 12 23 8 7 1 4 16 5 2 3 8 21 10 11 39 21 34 55 33 23 30 11 17 26 19 14 15 2 12 4 2 1 6 8 11 15 9 1 1 2 6 31 33 47 22 49 56 43 69 55 53 55 71 77 62 55 51 37 68 67 31 26
66 60 74 20 16 17 26 20 17 24 26 6 15 26 30 40 20 54 51 38 31 40 9 16 55 71 62 34 27 47 26 16 39 34 30 18 30 24 7 5 22 16 2 3 15 11 7 4 16 9 48 56 26 66 42 17 39 16 12 10 24 6 12 16 12 4 10 14 31 7 15 4 3 3 6 4 11 50 46 45 27 46 66 61 42 54 77 65 60 55 55 61 74 60 30 53
80 79 67 36 34 39 44 30 18 21 35 5 18 31 38 22 21 71 46 31 43 70 37 37 59 91 54 12 30 28 19 20 6 10 57 25 12 10 10 15 32 23 8 4 9 9 9 14 15 37 40 72 68 73 42 40 41 23 34 20 27 17 18 12 11 14 5 7 25 11 27 36 26 16 7 10 12 7 41 65 71 34 55 51 37 74 59 41 54 69 58 76 54 49 40 70
37 57 77 74 16 17 42 41 55 29 29 9 29 57 38 12 22 82 31 47 39 41 27 66 40 48 28 39 46 32 24 24 11 35 74 44 29 9 8 26 13 5 10 3 7 6 7 12 15 22 19 66 57 74 53 47 61 30 46 41 29 33 15 13 17 9 26 8 23 37 50 46 28 12 15 6 8 18 11 57 49 46 21 52 68 32 42 46 58 50 59 50 34 44 45 84
24 33 45 56 66 19 35 24 19 50 42 20 29 50 42 26 39 77 46 43 25 18 71 73 62 51 24 59 52 36 16 8 47 82 78 72 60 18 27 27 18 3 9 5 9 16 15 11 18 6 4 28 71 82 51 61 49 46 68 57 36 21 12 7 26 13 45 26 22 41 54 46 14 10 15 13 19 19 17 26 61 71 63 37 19 52 65 68 58 70 29 46 46 67 46 77
20 31 48 34 57 60 47 47 25 39 57 16 32 59 43 53 43 54 57 68 65 19 45 50 80 68 64 69 61 66 38 74 84 72 69 83 73 27 24 37 15 5 10 8 9 15 17 13 19 13 20 29 74 78 54 40 48 77 67 68 35 13 23 29 45 32 62 55 44 23 65 42 43 29 25 16 16 24 21 20 37 70 52 71 60 29 58 25 63 32 31 55 43 75 49 63
18 12 8 8 23 46 23 13 20 31 37 21 44 67 51 20 41 33 54 69 75 66 31 37 39 44 74 86 56 61 78 83 84 67 73 70 59 69 40 46 22 40 24 28 11 18 28 35 25 28 19 34 67 89 66 49 75 65 77 68 39 28 25 28 66 40 55 55 45 29 52 40 28 7 18 12 5 17 24 15 8 57 71 60 43 76 52 52 53 55 52 63 71 74 77 43
12 7 1 3 21 21 6 11 17 28 15 32 65 58 24 13 25 33 60 61 73 89 58 31 27 38 79 78 84 41 83 69 65 66 87 80 59 73 45 55 39 76 26 47 30 20 22 17 21 22 21 19 41 83 67 77 67 78 88 63 36 38 41 56 60 45 56 53 42 12 16 23 41 29 35 18 7 13 20 29 41 10 61 66 60 72 79 84 90 68 84 85 73 43 78 32
19 17 5 3 19 13 8 16 22 16 23 35 47 53 23 9 50 51 42 47 55 67 80 77 57 40 62 74 84 76 74 86 82 51 53 41 44 74 28 35 84 66 41 24 17 25 17 25 36 45 49 24 32 59 61 70 66 81 82 66 57 69 63 63 70 28 54 59 43 18 17 40 53 38 20 45 13 10 17 25 36 25 16 57 64 85 74 46 48 63 64 82 72 45 59 70
22 10 9 4 10 7 5 30 16 15 12 22 65 41 16 8 50 33 48 58 58 69 78 76 76 49 56 29 49 77 65 70 74 65 63 61 46 36 49 85 46 59 26 13 22 40 26 33 44 54 44 42 28 34 29 56 70 74 82 62 49 61 56 78 75 45 56 69 26 9 11 34 27 32 67 44 18 18 8 28 27 42 45 17 57 79 76 72 73 64 45 43 61 41 27 49
12 12 5 4 3 3 3 18 17 7 27 45 64 60 17 8 31 10 34 73 71 73 40 53 75 61 61 49 72 92 86 81 58 70 53 35 40 32 64 38 38 32 14 44 68 42 32 37 32 29 29 30 26 26 10 17 54 69 83 53 69 64 79 87 86 45 75 57 46 24 14 26 45 58 80 26 17 43 11 24 24 35 50 38 16 62 65 48 30 44 41 40 31 45 47 44
25 20 11 6 5 2 2 4 13 16 21 55 38 27 40 15 37 11 6 27 34 68 47 43 44 28 50 67 85 91 75 80 83 78 71 43 24 36 77 21 50 50 63 70 71 42 57 21 16 27 56 56 64 62 59 27 12 9 42 54 55 64 81 88 87 61 90 64 62 49 26 28 45 82 59 18 42 34 17 12 29 41 46 42 35 10 29 52 42 43 26 40 64 71 61 60
13 11 5 4 4 3 1 1 7 18 26 32 30 12 14 7 40 15 8 38 34 42 30 41 51 45 38 65 42 71 73 72 73 63 22 34 44 48 49 25 67 65 81 66 56 37 69 58 61 45 53 50 52 38 47 18 8 9 12 41 66 85 78 87 79 51 80 73 39 29 37 55 43 63 35 37 63 45 36 45 34 46 37 38 45 30 9 18 23 30 50 60 68 71 68 60
7 6 6 6 4 3 3 2 2 6 17 26 28 21 10 6 39 13 5 22 17 21 25 35 26 49 48 55 42 16 38 42 36 26 49 50 66 80 52 49 30 67 92 59 37 72 62 48 67 47 52 43 30 38 40 47 27 13 14 64 82 78 83 89 85 82 78 84 67 26 48 37 37 17 24 62 49 18 32 19 27 33 33 34 44 32 40 18 7 33 54 73 81 75 72 46
11 5 12 18 10 8 8 7 5 6 10 19 15 12 11 6 20 8 3 10 19 15 12 16 20 37 39 39 42 32 15 13 20 42 45 74 83 57 62 69 49 83 88 59 72 65 57 33 79 51 66 53 66 72 72 59 40 17 20 34 77 70 86 86 81 75 80 85 76 47 33 46 48 41 42 46 55 73 25 29 18 18 41 36 23 41 57 52 20 22 31 29 44 51 56 48
32 26 18 30 27 19 19 18 10 2 5 8 7 9 7 8 7 5 4 8 8 11 5 8 16 20 27 30 30 43 11 15 20 40 82 85 68 46 71 78 65 75 81 67 59 66 60 50 78 60 51 69 59 68 70 59 43 22 14 19 25 69 81 84 75 69 83 77 53 21 32 58 28 47 70 57 65 36 13 41 21 24 36 36 65 47 31 37 47 48 44 21 13 14 24 28
41 23 36 35 39 28 38 22 12 10 1 2 2 4 7 4 6 5 3 3 8 8 5 5 5 7 30 25 24 11 16 7 28 77 73 74 34 63 86 71 54 57 65 29 36 84 54 73 77 73 53 70 81 56 33 38 43 45 39 23 29 45 66 74 73 71 54 60 32 28 46 45 38 56 64 72 54 34 36 42 33 16 34 65 65 64 46 42 48 52 63 59 41 17 9 19
38 41 47 31 45 40 28 26 20 19 18 8 4 1 1 2 5 4 2 2 4 2 2 3 3 5 21 31 17 12 19 5 41 67 53 34 43 80 89 77 42 49 47 35 79 68 51 50 85 80 46 55 56 73 60 41 14 25 30 40 34 44 35 47 31 52 59 54 26 45 57 53 45 43 64 57 48 54 19 10 38 31 39 58 67 54 50 44 34 43 57 52 48 27 22 7
52 37 50 53 49 34 33 38 23 26 16 15 11 6 3 1 2 3 1 2 3 3 2 2 2 4 6 21 5 6 19 6 25 49 24 33 44 63 61 64 51 54 34 72 76 32 55 87 84 76 77 37 23 32 28 36 17 23 37 48 34 50 36 24 23 39 32 30 24 53 49 64 35 58 63 56 71 34 33 18 41 17 20 28 40 62 62 45 36 30 52 45 51 46 41 18
36 26 53 55 27 36 18 21 39 31 19 19 14 13 8 3 1 1 0 0 1 1 1 2 1 2 2 2 3 23 10 4 7 9 15 46 50 60 87 69 63 48 61 62 56 46 51 88 83 75 91 70 45 59 57 36 20 14 9 22 51 37 32 18 21 39 28 23 33 42 58 62 54 27 33 33 45 35 28 31 6 40 26 37 46 56 55 58 66 48 48 51 56 65 42 31
20 37 73 50 49 28 52 30 46 41 23 21 18 6 6 5 5 4 3 3 3 3 1 1 1 0 1 1 5 21 3 6 7 5 20 48 54 22 51 46 57 48 48 63 47 51 67 87 83 82 84 85 46 32 28 26 26 32 25 6 9 20 20 18 20 28 22 23 23 42 51 65 56 57 18 31 46 33 14 15 32 18 12 41 49 51 57 66 57 70 59 70 69 66 52 43
27 43 66 44 41 40 26 31 46 36 30 26 17 16 7 11 6 8 9 9 5 7 4 3 5 3 0 1 2 11 3 6 9 8 18 24 23 28 21 11 45 58 37 31 40 72 84 85 78 67 79 78 61 46 51 61 55 40 33 12 3 18 13 10 20 15 14 18 33 42 38 47 41 37 46 42 29 44 72 70 56 58 33 36 36 40 49 59 71 61 77 72 66 67 65 62
26 58 26 32 43 34 32 22 41 40 17 14 26 14 11 9 8 10 11 11 12 10 9 7 4 6 2 0 1 5 2 4 7 10 16 15 18 27 27 12 24 61 49 22 51 58 86 80 42 35 45 67 82 74 58 55 50 36 20 9 4 20 10 6 9 12 15 28 35 43 39 43 46 60 71 72 60 78 74 69 57 38 24 14 17 38 64 59 59 66 74 76 75 79 72 67
55 21 32 29 23 36 39 28 14 19 25 27 26 23 11 15 13 14 15 23 20 13 19 11 15 7 5 1 1 3 2 2 5 8 17 17 25 25 24 8 13 29 40 16 43 46 73 47 25 27 52 58 81 76 69 53 51 38 19 15 4 7 6 4 15 12 19 40 37 42 43 40 68 72 86 70 76 65 69 43 18 10 12 26 8 29 49 50 70 82 74 60 46 42 36 34
18 24 41 65 58 43 16 11 15 36 34 30 16 26 23 24 20 29 27 25 26 24 17 20 16 8 4 3 0 1 1 1 1 7 11 33 43 26 26 12 10 10 15 5 16 29 22 29 32 45 46 67 86 76 70 69 64 51 46 22 7 5 6 3 12 17 24 20 19 32 53 54 59 63 64 68 69 56 36 28 27 16 35 36 65 38 25 52 77 67 55 58 59 57 52 51
41 53 46 16 15 24 29 14 25 40 38 33 31 31 28 37 26 33 34 41 18 34 30 24 14 8 3 2 1 0 0 0 1 3 9 16 17 23 30 15 18 13 16 4 11 23 33 64 76 75 87 70 86 83 78 63 66 44 31 19 7 7 6 2 2 6 10 25 37 34 49 70 44 50 46 62 64 23 13 23 19 23 53 46 67 42 64 47 57 52 56 60 55 63 66 61
46 27 36 36 34 22 31 18 41 41 39 41 56 39 50 43 42 56 48 31 33 37 45 17 18 10 6 2 1 1 0 0 0 2 5 8 20 37 34 12 7 11 12 7 13 28 60 44 69 65 65 56 91 85 80 57 41 29 20 7 6 2 2 1 1 4 15 38 47 37 44 65 54 38 31 41 26 29 46 42 23 49 54 53 64 72 52 40 46 48 42 53 58 66 60 76
24 22 15 14 13 12 7 25 47 40 41 60 45 53 52 54 61 33 27 54 42 48 44 21 11 7 8 6 4 3 1 1 0 1 4 4 3 13 25 11 9 10 10 11 24 27 17 35 50 82 53 65 83 69 75 64 47 27 11 7 5 3 0 2 1 3 12 22 51 38 40 18 30 41 31 44 46 45 38 31 30 57 52 53 61 56 28 49 24 34 50 63 64 46 74 76
14 20 32 37 33 19 18 28 43 60 56 55 44 54 73 73 50 35 36 65 49 31 27 23 12 10 10 9 5 4 2 2 1 0 4 5 2 2 2 2 3 5 7 10 19 15 21 39 75 36 29 52 86 72 60 37 28 23 22 14 4 3 1 1 0 2 9 13 23 33 31 24 44 33 39 47 59 69 63 59 53 79 54 40 40 47 56 73 64 37 40 49 44 57 63 58
24 45 31 57 26 25 29 46 45 59 59 27 30 57 55 46 38 39 54 75 41 33 29 27 17 15 9 7 5 2 1 2 3 1 1 3 3 2 1 1 2 4 5 5 7 16 28 17 63 27 44 69 85 58 36 34 26 12 9 11 5 4 0 1 1 1 4 4 15 18 32 40 52 47 71 71 82 51 33 18 71 72 75 51 18 52 71 86 78 65 70 39 67 53 48 80
39 42 63 55 30 47 44 49 67 61 46 34 41 62 45 64 28 43 74 45 34 31 35 31 29 22 12 9 4 4 4 3 3 2 1 0 2 1 1 1 1 3 3 4 6 12 19 17 12 22 49 78 80 52 41 33 16 14 11 7 5 2 2 1 1 1 5 13 22 30 40 46 58 67 74 66 32 32 22 62 71 76 80 82 42 57 82 83 69 60 50 60 45 55 38 56
53 61 35 27 37 46 46 68 35 50 24 46 52 80 64 47 30 66 26 23 49 30 23 16 21 17 16 15 12 7 9 7 4 3 2 1 0 2 1 1 1 1 2 4 8 19 7 18 4 8 34 64 88 81 44 31 20 7 10 6 5 2 3 1 0 2 9 19 40 44 44 52 60 53 45 50 43 55 66 73 70 77 67 81 72 63 66 34 20 15 35 76 66 49 33 39
64 48 35 25 36 49 63 14 59 24 29 49 69 74 53 29 61 53 37 18 20 32 13 12 22 22 31 16 22 19 13 11 5 4 3 2 2 0 1 1 1 1 1 4 5 10 2 10 3 15 26 14 60 70 40 23 9 7 5 2 5 5 2 1 0 6 11 15 21 28 34 39 45 48 67 69 67 67 67 57 68 60 47 73 68 48 38 46 58 59 73 34 54 51 31 31
27 47 36 30 43 65 68 23 52 45 64 46 77 48 34 48 61 28 33 30 64 42 24 18 29 42 32 39 32 37 17 7 2 8 4 3 3 2 1 0 1 1 2 4 5 1 5 9 2 12 11 48 59 33 32 26 22 12 5 3 5 4 3 2 0 1 6 12 20 20 26 31 46 41 38 36 36 35 80 42 66 73 55 52 44 30 64 68 65 76 68 50 43 58 60 60
82 29 47 47 60 38 46 58 55 45 58 55 47 40 40 73 33 45 38 68 62 39 48 37 23 51 54 52 63 40 28 8 3 4 2 2 3 3 3 0 0 1 3 3 1 3 19 5 2 10 47 52 65 24 21 29 15 11 8 4 5 2 2 1 1 0 2 5 10 14 6 18 17 18 34 47 45 44 69 62 54 68 85 46 36 53 51 61 77 67 55 67 51 57 46 59
77 92 85 89 82 54 13 9 56 31 66 75 84 76 58 66 63 73 55 68 55 54 55 49 47 57 73 78 43 47 29 16 16 8 5 6 2 3 4 1 0 1 2 2 1 1 2 2 1 10 25 61 55 16 22 23 20 10 5 6 5 2 2 0 0 1 7 11 12 24 32 42 57 51 31 31 45 75 70 75 77 58 60 74 46 50 65 65 54 36 69 80 46 41 56 65
60 86 72 79 73 59 73 32 55 43 20 39 81 86 89 59 45 55 66 65 61 56 67 53 66 67 78 65 63 57 46 32 21 19 19 7 4 5 4 2 1 0 1 1 3 2 1 1 1 6 20 12 31 11 27 14 19 15 7 3 4 3 1 0 0 3 8 14 20 38 58 48 31 45 66 45 59 75 76 89 78 65 61 58 17 30 32 49 69 80 86 58 78 45 47 58
45 85 59 77 75 61 87 60 41 72 51 41 71 79 73 63 72 52 80 88 89 72 60 44 80 69 73 63 50 40 45 34 31 30 25 13 9 5 3 3 3 1 1 1 2 1 2 1 1 2 5 8 36 21 38 30 14 18 7 6 1 1 1 0 1 4 10 9 19 34 59 65 69 57 73 76 78 76 69 85 83 53 39 36 21 30 51 69 62 90 60 67 77 79 49 52
51 78 65 62 80 54 63 25 46 75 59 34 13 60 69 65 75 59 58 84 88 53 76 40 73 60 73 60 53 28 38 55 51 45 37 14 6 5 6 3 1 1 1 0 3 2 2 1 1 0 4 15 35 7 11 5 16 19 16 5 1 1 0 0 2 4 10 9 20 33 46 60 52 36 34 47 82 59 80 80 88 86 29 24 21 39 66 43 73 85 72 79 65 56 38 57
15 39 25 53 74 58 58 14 49 81 44 27 19 36 71 66 71 68 34 42 69 51 46 64 32 31 79 52 32 21 11 17 28 22 23 22 10 12 10 4 2 1 0 0 1 2 2 1 0 2 5 18 13 26 11 5 6 4 3 1 2 1 1 0 1 3 5 6 12 20 30 24 31 45 46 62 88 88 74 65 80 84 68 22 12 31 30 53 81 69 62 28 20 25 36 55
15 45 70 53 63 41 71 48 60 82 67 39 37 35 70 83 54 13 14 28 40 25 33 72 41 21 65 53 62 25 2 19 41 33 14 28 20 14 5 2 1 1 0 0 0 2 3 1 1 5 7 14 6 8 7 7 1 1 3 3 2 1 0 1 2 2 2 4 5 15 28 30 47 46 57 80 88 87 83 51 60 73 66 35 12 23 44 66 61 31 30 59 55 54 58 71
24 15 15 21 29 44 75 29 66 67 85 56 38 32 33 26 18 14 15 35 30 28 20 64 27 50 57 42 59 73 35 19 21 16 19 23 20 12 6 4 2 0 0 0 0 1 2 1 0 2 8 13 1 4 4 13 4 1 2 2 1 1 0 1 1 4 24 15 22 42 52 68 74 57 70 93 89 88 81 63 21 41 58 52 14 24 43 65 48 47 86 65 45 50 40 75
27 35 16 17 29 49 70 59 41 59 78 58 27 13 35 35 15 37 14 17 25 24 20 66 24 19 55 43 49 63 40 30 38 14 8 8 3 5 3 3 3 2 0 0 0 0 0 1 1 2 7 7 1 4 2 2 5 5 2 1 0 0 0 1 1 4 9 24 49 59 82 57 34 50 80 93 88 79 78 79 67 25 56 54 15 25 48 44 32 71 70 50 63 77 21 10
29 39 30 20 26 18 65 71 62 30 80 50 21 7 28 27 35 38 28 17 22 27 6 29 57 7 21 25 54 76 34 9 18 12 19 19 11 9 4 3 2 1 1 0 0 0 0 0 0 2 9 6 1 2 3 2 3 2 1 1 0 0 0 1 1 6 11 30 44 45 25 28 49 57 76 79 85 77 72 56 71 33 22 27 25 41 33 25 65 85 49 60 67 74 65 22
41 30 31 14 14 17 50 78 43 36 67 64 41 7 27 27 48 38 32 23 23 40 18 20 75 17 24 27 49 50 53 38 34 36 28 19 15 11 7 2 1 0 1 1 0 0 0 1 1 4 13 7 2 3 2 0 1 2 2 1 0 0 0 1 3 9 31 34 27 19 36 42 56 87 77 68 84 56 41 34 63 39 22 6 8 31 33 54 85 62 47 57 78 64 63 31
72 18 33 16 13 20 36 43 14 13 75 53 9 5 24 26 46 36 49 35 39 33 31 23 36 23 11 24 35 32 46 51 31 18 15 6 9 9 8 5 2 1 1 0 0 0 0 0 1 3 8 5 2 1 1 1 0 0 0 0 0 0 0 1 3 13 17 11 9 16 42 51 78 85 84 66 48 67 26 28 57 26 9 4 16 43 55 68 74 32 58 84 75 69 77 40
20 33 14 14 11 10 14 23 17 22 63 31 14 5 16 21 41 15 36 27 22 31 28 17 28 36 18 11 5 21 22 41 20 11 14 10 5 3 4 4 1 1 1 0 0 0 0 0 2 4 6 1 1 1 1 0 1 0 0 0 0 0 0 1 3 8 5 3 13 35 43 51 81 86 72 59 45 53 56 18 25 20 6 7 21 29 51 73 48 47 78 70 66 67 60 52
19 13 27 27 11 12 5 7 6 8 22 11 27 11 7 17 39 17 11 29 13 8 4 30 30 44 7 6 2 7 29 43 39 17 10 5 5 2 2 1 1 1 0 0 0 0 0 0 1 2 3 2 1 1 1 1 1 0 0 0 0 0 1 1 5 2 1 6 22 37 49 76 73 75 69 63 44 34 53 21 12 14 6 7 20 26 58 63 48 39 41 54 49 41 56 63
33 21 14 32 34 20 16 6 4 13 9 8 24 27 8 14 23 24 8 10 8 10 7 55 25 30 15 2 3 2 7 12 32 29 14 8 4 2 1 1 3 1 1 0 0 0 0 0 2 2 2 2 2 1 1 1 1 1 0 0 0 0 0 1 2 0 2 11 27 57 61 80 78 63 40 19 17 16 23 25 17 5 3 7 15 21 43 39 26 19 39 31 21 36 53 66
36 23 12 18 21 34 14 6 2 10 12 5 5 11 6 7 14 19 7 5 5 3 3 9 3 7 22 2 3 3 1 8 30 31 12 6 7 14 10 5 2 1 0 0 0 0 0 0 0 1 1 1 2 1 1 1 1 0 0 0 0 0 0 0 0 1 2 7 27 77 72 67 81 73 41 20 7 2 7 16 9 4 1 3 11 20 35 19 12 33 42 47 73 60 73 65
68 38 20 7 14 25 33 4 6 14 15 7 3 6 5 3 8 19 5 4 3 2 1 5 1 2 11 8 2 4 1 2 11 46 25 10 4 3 2 2 1 1 1 0 0 0 0 0 0 1 1 1 1 2 1 0 1 0 0 0 0 0 0 0 1 6 10 27 51 52 79 81 67 77 65 34 19 8 2 2 7 4 1 1 3 7 9 5 12 31 40 72 74 63 58 62
53 80 34 16 5 8 8 6 8 11 9 5 11 3 4 1 2 16 6 3 2 2 1 3 3 0 5 7 2 3 2 1 5 16 37 17 7 7 9 4 1 1 1 0 0 0 0 0 0 0 1 1 1 0 1 0 0 0 0 0 0 0 0 0 2 10 16 11 23 46 71 63 56 53 73 39 18 6 2 1 2 1 0 1 3 2 2 7 22 35 65 70 43 56 64 63
14 67 73 46 18 8 2 13 5 4 4 4 12 5 3 2 2 15 7 5 2 1 0 2 4 0 3 3 2 4 2 1 5 4 5 27 8 2 4 3 2 0 0 0 0 0 0 0 0 0 0 1 1 1 1 0 0 0 0 0 0 0 0 1 1 2 2 11 59 60 59 54 41 45 43 34 18 7 7 2 0 0 0 1 5 13 11 7 16 40 42 30 32 52 69 62
8 36 45 61 28 13 6 11 11 3 7 4 5 5 7 4 2 4 12 2 1 1 0 1 3 1 2 2 1 4 4 1 4 4 4 2 22 10 7 3 2 1 1 0 0 0 0 0 0 0 0 0 0 0 1 0 0 0 0 0 0 0 0 1 2 3 8 13 46 69 59 72 56 16 17 23 14 12 7 4 1 0 0 1 4 10 24 38 17 15 14 27 44 55 77 56
17 25 20 41 17 9 9 7 10 6 4 4 4 7 6 4 3 3 6 4 1 1 0 2 4 3 2 2 1 1 5 2 1 2 3 8 8 3 11 4 1 0 0 0 0 0 0 0 0 0 0 0 0 0 1 0 0 0 0 0 0 0 0 0 1 3 6 24 45 55 82 70 65 37 13 7 11 7 5 3 0 0 1 4 6 12 29 54 49 41 44 29 46 55 80 68
10 19 7 21 21 19 10 7 7 5 3 2 3 3 3 4 2 2 1 4 2 1 1 1 1 3 2 2 1 0 1 1 1 2 4 8 7 3 14 2 3 2 1 0 0 0 0 0 0 0 0 0 0 0 1 0 0 0 0 0 0 0 0 1 1 3 6 14 41 30 70 64 48 39 44 14 10 6 2 1 0 0 1 3 11 21 32 47 62 53 55 52 44 69 91 78
15 10 9 6 9 5 6 6 17 11 5 1 2 2 2 3 2 2 2 2 1 1 0 0 1 2 1 2 1 1 0 0 1 1 14 19 7 4 2 3 2 2 1 0 0 0 0 0 0 0 0 0 0 0 1 0 0 0 0 0 0 0 0 0 1 3 7 30 47 58 60 66 53 35 24 23 9 5 1 0 0 1 2 1 3 17 23 36 50 35 55 59 75 91 90 78
5 11 6 4 3 3 2 2 3 3 2 2 1 1 1 1 1 1 1 2 2 1 1 0 0 2 0 1 1 1 0 0 2 5 6 11 16 31 25 12 2 1 0 0 0 0 0 0 0 0 0 0 0 0 0 0 0 0 0 0 0 0 0 0 1 6 26 44 50 63 63 63 58 44 13 7 8 2 1 0 0 2 7 5 4 3 7 12 20 40 43 71 68 89 89 74
2 5 2 3 1 1 1 0 1 1 1 1 1 0 0 1 1 1 1 1 1 1 1 0 0 1 0 1 1 0 1 0 0 1 2 2 2 2 2 0 1 1 1 0 0 0 0 0 0 0 0 0 0 0 0 0 0 0 0 0 0 0 0 1 3 3 8 15 44 62 41 67 39 27 8 5 3 2 1 0 0 2 6 11 27 17 22 21 36 57 63 67 80 81 74 62
0 1 1 0 0 1 0 0 1 1 0 0 0 0 0 0 0 0 0 0 0 0 1 0 0 1 1 0 1 0 0 0 0 0 0 0 0 0 1 1 1 0 0 0 0 0 0 0 0 0 0 0 0 0 0 0 0 0 0 0 0 0 0 1 2 6 6 16 28 24 34 46 39 16 5 2 1 0 0 0 0 1 3 7 12 29 49 46 60 79 73 57 73 59 64 52
2 0 0 0 0 0 1 2 1 1 3 3 3 4 1 1 0 0 0 0 0 0 0 0 0 0 1 0 1 1 0 0 0 0 0 0 0 0 0 1 2 1 1 0 0 0 0 0 0 0 0 0 0 0 0 0 0 0 0 0 0 0 0 0 1 4 6 22 18 22 34 22 19 5 3 1 0 0 0 0 1 3 5 10 13 35 77 72 32 40 76 86 60 27 30 45
8 3 1 2 2 3 3 6 3 5 8 11 15 9 5 3 2 1 0 0 0 0 0 0 0 1 1 0 0 1 0 0 0 0 0 0 0 0 0 0 1 0 0 0 0 0 0 0 0 0 0 0 0 0 0 0 0 0 0 0 0 0 0 0 1 6 8 6 11 15 16 10 13 3 2 1 0 0 0 2 3 5 9 16 43 48 41 13 27 62 89 85 82 27 13 17
15 5 3 9 9 11 11 12 15 17 15 14 15 22 10 5 3 2 1 1 1 0 0 0 0 0 0 0 1 0 0 0 0 0 0 0 0 0 0 0 0 0 0 0 0 0 0 0 0 0 0 0 0 0 0 0 0 0 0 0 0 0 0 0 2 6 12 6 3 3 7 7 3 1 0 0 0 0 1 2 6 8 18 40 38 14 7 16 37 81 86 74 51 48 7 2
21 15 7 21 21 34 22 25 38 27 36 25 34 21 14 10 13 5 1 2 2 1 0 0 0 0 0 0 0 0 0 0 0 0 0 0 0 0 0 0 0 1 1 0 0 0 0 0 0 0 0 0 0 0 0 0 0 0 0 0 0 0 0 0 2 6 10 8 2 5 3 2 1 0 0 0 0 0 1 2 6 18 14 11 4 3 11 31 51 70 71 64 29 51 12 2
33 26 19 40 57 76 60 47 66 55 52 39 63 49 41 31 11 4 4 8 3 1 1 1 1 1 0 0 0 0 0 0 0 0 0 0 0 0 1 0 0 0 0 0 0 0 0 0 0 0 0 0 0 0 0 0 0 0 0 0 0 0 0 0 1 5 15 8 3 2 2 1 0 0 0 0 0 0 1 1 7 8 5 1 4 14 23 55 68 52 57 33 18 24 32 2
69 72 59 47 49 50 34 22 53 34 33 30 33 49 50 18 15 16 12 12 6 1 0 1 2 1 1 0 0 0 0 0 0 0 0 0 0 0 0 0 0 0 0 0 0 0 0 0 0 0 0 0 0 0 0 0 0 0 0 0 0 0 0 0 1 5 17 15 2 3 1 0 0 0 0 0 0 0 1 2 1 0 1 3 9 17 28 71 74 89 44 9 6 9 15 3
