sesion_6_simulaciones/modelos_agentes/ejemplos_netlogo/scenarios/cgcm2_b2/rob_2023.asc
NCOLS 322 
NROWS 307 
XLLCORNER 451900 
YLLCORNER 4086900 
CELLSIZE 100 
NODATA_value -9999 
[rows 222 to 295 of 307, columns 192 to 287 of 322]
1 1 0 0 1 1 0 0 0 0 0 0 0 0 0 0 0 0 0 0 0 1 2 1 1 1 1 1 2 2 1 1 5 6 6 6 10 26 27 33 40 36 41 61 43 55 57 40 50 63 60 54 24 23 33 34 32 56 68 66 47 38 45 25 52 73 61 49 65 72 26 10 2 1 0 0 0 0 0 0 0 0 0 0 0 0 0 0 0 0 1 1 1 1 1 1
3 3 2 1 0 0 0 0 0 0 0 0 0 0 0 0 0 0 0 0 0 1 2 3 1 2 2 2 3 3 2 3 6 8 9 7 14 10 19 25 33 31 40 60 50 38 54 39 51 46 46 32 35 29 18 23 31 45 37 36 28 39 43 23 26 53 41 30 48 60 23 7 2 1 0 0 0 0 0 0 0 0 0 0 0 0 0 0 0 0 0 0 1 1 1 2
4 2 2 1 1 0 0 0 0 0 0 0 0 0 0 0 0 0 0 0 0 2 3 6 4 3 3 5 5 9 11 6 8 9 12 8 15 7 18 22 19 29 37 57 66 35 49 48 28 25 34 35 49 19 10 30 31 50 26 45 43 43 44 35 9 10 3 1 4 30 35 6 1 0 0 0 0 0 0 0 0 0 0 0 0 0 0 0 0 0 0 1 1 1 1 4
2 1 1 1 0 0 0 0 0 0 0 0 0 0 0 0 0 0 0 0 0 1 2 5 7 8 6 7 7 13 38 23 12 14 7 9 12 11 29 18 16 19 32 38 57 52 24 35 15 16 16 13 27 30 7 24 29 24 36 54 58 47 51 37 10 12 7 7 2 3 12 3 1 1 0 0 0 0 0 0 0 0 0 0 0 0 0 0 0 0 0 1 1 1 2 3
2 1 1 0 0 0 0 0 0 0 0 0 0 0 0 0 0 0 1 1 1 1 3 4 8 24 12 12 13 10 23 40 15 25 17 21 26 26 19 21 13 18 20 22 27 36 29 49 41 15 44 42 25 18 11 19 58 50 51 54 64 48 42 22 15 13 15 19 6 3 2 1 1 1 1 1 0 0 0 0 0 0 0 0 0 0 0 0 0 0 0 0 1 2 2 2
1 2 1 1 0 0 0 0 0 0 0 0 0 0 0 0 0 0 1 2 2 3 3 4 9 29 42 20 34 17 28 40 26 17 32 36 31 26 27 23 6 12 12 21 32 38 50 59 72 34 33 36 32 15 22 26 43 36 49 55 53 36 29 20 37 25 27 19 7 4 1 1 1 1 1 1 1 0 0 0 0 0 0 0 0 0 0 0 0 0 0 0 1 1 2 3
2 1 1 0 0 0 0 0 0 0 0 0 0 0 0 0 0 0 1 2 4 9 16 10 15 25 56 23 40 23 27 43 13 15 33 35 43 40 32 29 18 19 17 15 33 40 41 59 57 58 50 40 37 22 48 60 55 51 60 71 51 29 30 40 66 52 23 11 7 3 2 2 2 2 3 1 1 1 0 0 0 0 0 0 0 0 0 0 0 0 0 1 1 1 1 3
2 1 0 0 0 0 0 0 0 0 0 0 0 0 0 0 0 0 1 1 2 7 17 37 30 30 53 50 58 33 51 24 14 15 26 44 46 46 27 29 31 33 21 20 24 42 43 45 42 42 61 57 39 35 41 39 56 37 43 19 33 55 55 75 61 36 20 11 12 10 6 4 4 5 2 1 1 0 0 0 0 0 1 0 0 0 0 0 0 0 0 1 2 1 2 3
1 1 0 0 0 0 0 0 0 0 0 0 0 0 0 0 1 0 0 1 3 5 15 19 40 44 59 66 61 32 44 20 17 39 28 43 49 36 34 42 39 44 21 24 42 44 56 48 60 36 40 40 36 13 22 15 76 47 27 41 51 50 52 38 22 15 15 14 9 9 13 12 7 2 0 0 0 0 0 0 0 0 1 0 0 0 1 2 0 0 0 1 1 1 2 3
0 0 0 0 0 0 0 0 0 0 0 0 0 0 0 1 0 0 1 2 3 6 18 31 33 40 54 56 58 55 63 30 23 36 46 37 50 42 38 38 42 29 36 22 24 30 47 56 54 45 28 31 26 26 40 36 12 76 81 56 35 18 32 26 31 22 13 8 4 14 32 14 4 1 1 0 0 0 0 0 0 0 0 0 1 0 1 1 1 0 0 1 1 2 1 3
0 0 0 0 0 0 0 0 0 0 0 0 0 0 1 1 0 1 2 2 3 11 24 39 32 38 54 52 75 80 52 42 42 54 35 52 52 49 47 44 43 40 52 20 38 33 45 44 35 18 40 31 41 40 46 58 43 33 42 48 26 44 25 25 19 19 16 5 9 15 14 5 3 2 1 0 0 0 0 0 0 0 0 1 1 0 0 0 3 0 0 1 1 2 1 2
0 0 0 0 0 0 0 0 0 0 0 0 0 0 0 0 1 1 2 7 4 6 34 34 55 44 54 64 26 78 57 53 45 60 48 40 47 57 49 48 48 40 66 24 23 62 45 42 40 33 52 33 35 51 58 26 51 50 31 15 25 14 21 21 19 17 9 28 18 5 9 3 2 1 1 0 0 0 0 0 0 0 0 0 1 1 0 1 1 1 1 1 1 3 2 2
0 0 0 0 0 0 0 0 0 0 0 0 0 0 0 0 1 1 3 7 14 23 51 38 58 61 68 65 71 65 83 49 44 56 46 24 33 54 58 63 49 24 45 53 15 30 39 61 39 44 57 45 35 42 33 30 17 19 24 40 32 32 27 38 13 13 18 8 4 6 5 3 1 0 0 0 0 0 0 0 0 0 0 1 1 2 0 1 2 2 5 2 1 1 5 3
0 0 0 0 0 0 0 0 0 0 0 0 0 0 0 0 0 1 3 6 17 15 30 8 26 48 46 25 27 53 77 46 54 81 45 48 54 62 40 16 28 15 46 54 17 41 58 41 18 37 53 52 36 40 28 15 45 48 48 34 19 26 52 57 33 23 36 27 19 10 4 2 1 0 0 0 0 0 1 0 0 0 0 0 1 1 2 1 2 1 0 3 1 1 2 4
0 0 0 0 0 0 0 0 0 0 0 0 0 0 0 0 0 1 2 4 8 7 8 26 25 33 25 33 42 52 68 67 72 74 64 59 57 53 52 29 39 36 41 57 16 28 48 44 28 25 33 48 40 31 14 35 50 23 28 35 36 58 64 62 59 48 22 11 14 7 14 4 1 0 0 0 0 0 0 0 0 0 1 0 1 1 2 3 2 2 2 5 2 0 1 1
0 0 0 0 0 0 0 0 0 0 0 0 0 0 0 0 0 1 1 1 2 14 19 15 27 39 40 32 42 55 56 56 68 72 51 57 54 56 59 26 55 48 38 58 14 20 43 38 52 53 29 28 54 39 27 36 34 28 57 41 66 48 46 65 72 36 22 6 18 4 2 2 0 0 0 0 0 1 1 1 1 1 1 1 1 1 1 4 10 11 2 1 3 1 2 5
0 0 0 0 0 0 0 0 0 0 0 0 0 0 0 0 0 0 0 1 3 5 10 11 10 22 41 30 46 37 49 57 59 74 63 70 55 67 47 50 30 43 25 45 15 13 26 27 35 52 56 32 28 11 31 16 13 42 45 37 44 33 54 51 51 58 19 4 2 2 1 0 0 0 1 1 0 0 1 1 2 1 1 1 1 1 1 1 1 3 7 7 4 3 3 6
0 0 0 0 0 0 0 0 0 0 0 0 0 0 0 0 0 0 0 1 4 7 6 12 18 32 28 25 36 38 25 31 52 48 45 61 40 64 50 45 45 44 75 51 23 25 39 59 35 24 31 31 10 39 13 20 37 65 54 73 70 50 29 30 23 12 12 10 3 1 0 0 0 1 0 1 0 0 1 2 2 3 1 1 1 1 2 1 1 2 5 5 4 18 4 8
0 0 0 0 0 0 0 0 0 0 0 0 0 0 0 0 1 0 1 1 1 1 3 5 7 15 17 17 19 27 43 44 31 28 20 71 52 76 42 56 44 39 78 58 43 29 60 51 51 46 29 58 30 56 40 54 52 23 36 41 43 34 18 22 29 16 16 4 4 1 1 0 0 1 1 1 2 1 1 2 2 4 2 3 2 1 1 2 1 0 1 1 1 6 13 5
0 0 0 0 0 0 0 0 0 0 0 0 0 0 1 0 1 1 1 2 4 5 11 16 22 22 30 47 56 44 44 59 59 46 58 54 75 67 47 53 43 34 28 65 39 18 33 42 54 41 48 58 64 72 89 82 81 70 71 46 42 38 40 44 27 13 8 4 3 1 0 0 0 1 2 1 2 1 2 3 2 5 3 5 2 1 1 3 4 1 2 2 2 1 1 3
0 0 0 0 0 0 0 0 0 0 0 0 0 1 1 0 0 0 2 5 10 9 17 29 43 58 57 47 69 54 47 47 45 32 22 25 48 54 57 48 51 23 28 58 29 23 22 41 29 47 12 10 13 16 37 52 85 85 67 61 43 36 16 33 19 10 6 3 1 0 0 0 1 1 1 1 2 3 2 5 3 1 7 7 4 1 2 4 3 2 2 4 4 8 10 16
0 0 0 0 0 0 0 0 0 0 0 0 0 1 0 1 0 0 1 2 5 14 7 25 23 40 54 43 8 23 42 35 26 26 36 47 51 35 62 30 43 31 12 48 36 39 16 16 13 37 30 21 19 17 17 14 35 63 73 72 77 35 25 16 10 7 6 4 2 0 0 0 2 2 1 2 7 5 6 5 7 2 3 13 6 2 2 3 3 2 4 2 6 9 14 21
0 0 0 0 0 0 0 0 0 0 0 0 0 0 0 1 0 0 1 1 3 5 5 14 13 16 16 11 11 12 24 26 26 37 34 24 39 56 50 12 33 39 14 33 33 13 8 38 34 34 53 35 41 42 40 43 43 55 47 35 45 71 46 27 19 14 11 4 2 0 0 1 2 3 4 2 5 8 6 4 5 4 2 8 12 6 6 2 6 3 6 7 5 11 11 9
0 0 0 0 0 0 0 0 0 0 0 0 0 0 1 0 1 0 0 0 1 1 3 4 8 16 20 27 33 25 34 23 26 43 37 33 31 23 12 16 31 45 70 45 25 26 11 24 30 29 47 60 33 48 62 37 30 26 26 18 16 28 39 34 21 10 9 3 1 0 1 2 2 3 4 5 4 12 8 15 6 12 7 6 27 9 13 4 8 8 8 16 9 10 9 15
0 0 0 0 0 0 0 0 0 0 0 0 0 1 1 1 1 0 0 1 1 1 3 4 8 15 22 22 26 47 42 51 46 65 25 21 26 34 33 31 60 58 27 30 58 34 21 27 24 63 64 26 47 42 32 34 48 40 47 26 20 14 13 13 12 8 4 3 1 1 1 2 2 5 4 5 4 9 12 18 13 8 14 8 28 7 10 11 7 17 9 10 11 8 10 10
0 0 0 0 0 0 0 0 1 1 0 0 0 0 2 6 0 0 0 2 2 3 2 3 6 7 15 13 19 32 37 33 30 33 37 39 34 45 44 32 20 17 13 9 19 36 43 29 60 71 24 14 18 44 43 40 32 39 26 22 19 14 10 6 5 4 3 1 1 1 2 3 3 4 5 5 6 9 16 13 14 12 14 24 32 9 12 14 8 18 12 6 16 6 4 9
0 0 0 1 0 0 0 1 1 1 0 0 0 1 1 2 1 1 0 1 3 3 4 3 3 3 9 13 18 28 22 23 33 33 33 34 34 29 28 28 22 16 13 10 18 10 15 49 22 44 21 19 19 17 28 75 51 52 38 27 17 14 9 6 4 3 2 1 1 1 2 3 2 4 4 8 11 7 10 25 19 24 25 25 35 20 23 8 25 18 5 10 13 5 8 11
0 0 0 1 1 0 0 1 1 2 1 0 1 1 2 4 2 1 1 3 4 8 4 7 8 2 5 9 13 12 18 16 25 30 32 20 19 12 16 20 37 38 41 36 33 48 38 17 9 18 28 47 47 38 42 24 37 38 44 38 25 12 9 7 5 3 2 1 0 2 3 3 5 5 11 9 9 16 10 9 16 16 19 31 14 68 27 9 18 17 4 11 8 20 10 14
0 1 1 2 1 0 0 1 1 2 0 0 1 1 2 3 4 0 2 4 6 14 8 10 11 15 9 8 6 8 11 21 40 35 15 33 17 34 21 24 29 37 27 23 21 32 19 19 32 48 50 41 46 40 47 16 13 13 12 20 16 14 11 8 7 6 3 1 1 3 3 3 6 8 11 4 8 7 15 7 11 11 22 14 32 57 16 12 27 9 5 12 11 16 20 21
0 1 1 2 1 1 1 1 2 5 0 1 1 2 2 5 1 1 3 5 10 15 21 12 26 18 21 21 13 15 10 42 52 37 43 29 26 36 25 21 35 17 28 15 25 28 25 25 25 48 46 32 44 46 41 17 30 33 31 32 26 20 18 17 11 9 5 1 1 4 4 4 11 7 10 18 19 13 7 14 10 17 20 29 25 46 32 29 27 11 11 18 9 10 5 23
0 0 1 2 2 1 1 1 2 3 1 2 3 7 9 3 1 1 3 5 7 19 20 29 18 20 39 30 25 28 28 40 58 55 45 50 50 32 55 34 20 31 12 10 11 22 20 25 26 30 35 37 41 34 44 44 44 49 44 45 43 39 24 14 6 4 4 1 1 5 7 6 12 14 10 12 20 15 17 5 23 7 10 26 31 47 54 62 27 15 21 17 22 23 15 35
1 1 2 3 5 2 1 2 4 4 1 1 4 10 5 1 0 2 3 5 12 17 21 27 31 26 38 34 47 50 51 43 23 32 44 45 44 24 41 40 41 30 19 17 36 25 19 40 17 13 16 26 46 60 43 44 62 56 50 30 43 21 9 11 9 5 2 1 1 4 12 7 12 15 22 16 23 15 20 15 11 27 13 6 7 26 47 60 28 35 26 21 20 36 14 15
1 1 1 2 7 4 2 2 4 5 1 1 4 10 3 1 1 2 5 6 8 10 16 25 42 26 33 33 28 50 57 46 47 39 39 26 33 36 44 35 34 23 20 29 50 35 30 33 10 9 14 42 53 34 62 64 33 37 25 23 16 12 19 17 7 5 4 1 2 2 15 10 10 11 16 24 19 19 9 18 9 32 20 15 9 7 22 38 51 63 33 28 23 28 11 15
1 2 2 2 3 8 2 3 8 2 1 1 3 13 5 1 1 3 6 7 13 25 26 40 42 39 23 29 48 46 29 58 78 65 35 36 27 31 44 33 20 33 34 25 32 17 24 18 40 29 37 42 45 56 62 48 56 34 36 34 24 18 15 9 8 7 3 1 2 4 5 19 12 11 14 17 32 30 18 38 13 13 22 20 16 15 14 29 49 53 36 34 28 31 17 27
1 2 5 5 2 6 2 5 17 2 2 6 8 11 2 2 0 2 7 11 23 17 22 44 49 47 41 16 13 18 28 28 33 16 19 32 48 33 32 50 40 31 23 20 15 10 17 22 47 46 47 48 55 58 72 65 59 46 35 37 29 29 24 11 10 7 3 2 2 9 10 11 25 11 14 16 36 33 23 17 28 14 12 28 30 18 22 23 38 48 57 35 30 21 34 17
2 3 7 9 4 11 3 5 23 7 4 10 12 6 2 1 0 1 3 12 26 30 24 29 42 53 37 19 23 21 27 28 36 30 23 14 27 38 51 47 32 29 15 23 27 15 24 11 4 10 46 40 32 49 46 34 32 54 48 39 38 18 16 12 9 8 7 1 3 10 14 11 13 6 19 21 23 40 52 39 39 21 16 15 31 21 16 28 44 77 69 36 23 20 34 16
2 3 3 12 5 11 6 5 8 12 5 15 10 2 1 1 2 2 6 16 18 23 35 19 31 46 61 27 22 23 36 35 35 36 30 38 28 34 23 12 17 30 20 22 31 22 19 7 24 32 37 54 75 63 43 66 60 73 49 32 35 31 26 21 18 8 6 4 6 12 12 21 28 12 13 36 28 45 36 32 49 19 27 29 50 23 13 20 16 31 57 31 32 16 47 35
2 2 2 7 22 9 14 5 21 8 18 6 2 1 2 2 4 3 17 26 14 23 29 33 15 32 50 64 36 37 24 36 30 19 16 18 25 19 15 14 17 9 8 5 16 9 15 11 31 28 24 47 40 55 63 61 39 57 34 22 24 26 23 19 9 7 5 9 11 14 17 24 5 18 30 36 36 27 42 26 60 24 29 21 28 46 34 37 44 36 42 28 51 20 29 51
6 4 3 4 8 20 21 10 34 14 11 2 1 3 4 6 6 4 5 6 13 19 28 51 47 29 33 18 42 57 24 39 22 19 28 31 35 22 22 18 14 15 29 20 9 5 6 8 25 37 39 43 52 39 50 43 38 30 19 8 18 23 19 14 7 6 6 12 12 15 19 32 9 9 5 9 32 52 65 23 51 43 32 33 21 18 55 30 45 44 37 52 21 22 38 52
5 8 6 4 5 12 34 13 12 4 2 1 2 4 10 15 15 5 7 9 17 21 23 9 14 14 19 35 14 21 44 63 43 44 16 34 13 20 22 5 8 11 9 7 9 28 13 13 23 31 40 26 27 37 37 38 27 41 29 32 38 24 21 11 15 15 8 15 15 18 16 31 10 20 12 17 17 14 36 34 28 53 35 39 24 45 48 16 41 57 56 47 19 25 24 29
6 11 7 10 16 23 23 12 11 3 3 2 5 11 12 16 20 12 14 17 20 24 20 16 15 21 20 14 17 31 18 27 32 57 32 54 16 13 15 16 15 11 14 17 8 8 16 14 24 40 52 26 28 34 47 24 45 61 66 54 43 26 25 21 19 15 17 25 18 19 21 26 14 26 23 18 32 29 35 53 23 56 35 56 23 21 43 11 21 29 55 36 16 28 30 55
8 13 11 16 21 32 23 4 3 1 5 5 10 13 16 22 14 31 27 17 23 24 21 29 33 26 27 18 23 46 20 12 9 11 13 35 45 34 29 50 37 31 20 17 17 10 5 16 41 35 41 17 19 36 37 42 56 71 38 41 47 26 27 22 19 19 23 35 20 22 23 26 24 27 36 21 34 33 33 34 53 77 47 55 39 14 46 28 11 17 35 44 28 33 26 11
10 22 25 21 48 28 5 3 5 6 13 11 9 20 17 29 10 21 49 13 29 22 14 20 30 37 16 26 31 34 57 22 17 9 10 7 10 7 15 41 49 25 31 24 23 17 11 14 33 25 22 19 28 33 53 54 49 44 45 29 45 34 22 8 24 13 14 46 25 26 37 28 40 28 40 33 33 40 33 28 27 17 62 64 51 20 25 25 12 11 21 47 27 39 45 32
12 17 44 36 43 7 6 6 8 14 17 16 25 34 12 21 13 21 27 45 18 35 13 12 18 35 36 36 33 24 15 32 15 19 14 10 10 12 11 15 23 13 11 18 8 5 7 22 21 20 20 18 16 30 49 61 29 55 69 55 25 20 12 6 37 24 24 40 34 25 43 32 60 42 41 45 31 32 47 33 26 18 46 44 51 25 13 51 16 18 28 44 50 48 31 35
9 22 49 60 28 4 8 14 16 18 30 39 20 26 15 15 33 15 27 24 20 26 21 18 21 30 27 46 34 38 41 29 40 23 21 16 11 10 10 15 18 9 8 9 12 9 15 35 19 22 19 15 24 42 59 52 76 53 40 52 30 15 6 14 20 46 29 32 38 27 35 31 54 45 30 46 46 31 34 51 40 13 25 55 63 29 9 31 25 19 32 22 65 50 26 65
10 29 53 30 5 5 19 18 13 37 27 53 15 31 19 14 20 54 17 28 45 27 40 17 18 34 42 34 32 50 32 33 53 15 23 18 14 17 5 16 13 7 17 22 19 16 35 24 30 32 36 40 36 34 41 52 57 44 47 35 30 15 8 24 20 32 28 32 42 29 32 36 35 53 31 32 57 32 35 38 51 19 28 32 51 29 14 24 35 27 18 17 19 43 36 28
13 42 37 18 8 14 24 25 17 30 16 49 20 32 41 17 39 56 13 39 56 20 50 18 17 37 45 47 21 16 50 15 16 35 47 29 8 15 7 14 7 5 7 8 11 15 17 27 37 44 31 25 19 27 26 34 42 46 33 50 33 19 17 26 34 40 21 27 37 41 28 26 18 42 32 32 41 40 34 30 15 15 42 25 50 28 18 11 23 43 11 23 46 43 39 9
16 38 36 25 12 16 33 47 16 23 21 43 19 31 55 24 39 55 24 23 34 38 38 22 19 22 23 34 38 40 17 25 12 10 3 37 31 11 8 9 7 10 14 13 16 17 15 25 33 46 36 41 29 35 28 32 19 33 35 18 18 30 28 30 28 35 41 32 37 43 18 32 20 30 37 31 40 19 15 36 19 19 17 23 53 59 21 12 23 36 8 13 39 48 49 28
38 38 46 18 15 25 29 37 18 30 27 30 37 22 52 23 21 48 26 19 20 18 65 39 18 16 20 19 26 29 50 31 9 23 5 8 34 10 6 8 5 20 23 23 12 18 6 15 33 51 52 30 27 15 17 33 44 61 37 17 10 29 29 29 30 32 51 22 37 45 19 28 30 33 48 6 28 37 18 16 32 16 16 17 26 43 16 12 16 39 12 11 14 42 66 54
72 36 16 17 26 28 29 35 21 55 36 19 43 22 57 22 20 35 30 17 21 35 51 29 15 23 17 35 37 36 29 32 23 29 4 9 11 26 4 6 13 20 11 17 15 19 13 6 20 43 46 54 37 24 33 38 46 59 49 22 11 39 30 21 30 31 41 28 21 46 30 16 19 47 42 19 16 17 40 12 24 45 21 20 61 41 9 27 3 44 27 10 8 7 18 25
17 9 20 16 25 30 46 41 38 46 32 22 70 20 24 52 26 53 37 14 18 28 29 57 25 30 14 30 38 36 25 16 25 45 10 13 8 42 6 7 8 10 8 9 8 19 16 21 23 49 46 33 49 30 25 22 19 43 43 10 18 27 34 19 32 31 27 43 21 48 37 24 27 22 38 18 17 26 23 23 10 7 40 18 28 47 18 41 9 26 59 15 31 20 12 9
39 21 43 32 28 32 55 33 60 43 17 28 52 30 30 55 18 23 58 12 32 26 19 47 15 29 27 22 24 29 37 35 7 22 13 14 8 9 27 8 3 12 11 21 17 9 7 24 41 38 58 47 15 24 25 4 21 27 20 9 22 49 40 18 15 42 19 37 18 25 68 17 34 35 22 24 23 21 36 25 28 14 16 30 11 43 55 45 16 24 76 15 18 13 26 11
67 38 23 39 40 43 38 35 60 34 30 32 25 29 29 37 21 18 52 22 30 23 11 22 35 29 25 16 19 17 24 25 32 10 14 33 11 8 16 23 7 18 13 18 19 16 18 8 37 15 10 8 9 21 21 46 31 16 22 20 14 36 25 20 20 31 45 15 41 14 43 15 28 41 10 16 37 13 20 28 34 20 13 5 10 9 36 62 22 17 46 24 20 14 25 18
84 45 31 32 34 41 19 36 46 16 36 31 30 33 24 43 23 22 39 16 15 37 14 7 4 12 13 7 28 44 22 25 36 5 10 2 20 9 11 55 7 9 9 16 19 14 26 14 66 28 22 13 15 13 39 46 25 7 9 32 15 12 32 19 33 20 53 13 53 11 24 30 19 28 13 35 20 18 13 14 24 30 23 12 11 12 7 14 42 56 43 33 22 13 33 19
65 30 19 40 25 25 24 26 48 15 28 22 25 50 23 49 24 46 22 14 12 29 21 11 11 13 14 15 19 22 42 38 12 10 5 5 5 20 7 50 4 5 5 14 13 9 27 14 9 20 26 28 6 31 44 38 23 15 6 37 23 18 9 35 32 31 46 14 45 21 14 20 34 48 18 13 22 8 19 5 7 22 11 16 10 8 11 6 7 18 54 30 13 18 37 22
76 31 60 31 32 24 24 25 23 17 32 30 15 56 53 16 34 31 35 26 24 13 22 17 22 29 17 26 12 12 16 17 16 10 4 8 4 6 15 28 11 3 7 5 10 10 13 34 8 11 16 16 25 56 48 32 24 21 6 13 31 15 25 20 26 49 29 35 9 33 50 10 42 63 23 5 17 7 11 6 19 15 22 21 6 4 6 10 10 7 19 38 28 9 37 9
69 49 23 25 24 28 38 25 28 15 21 20 29 38 39 14 15 16 17 5 20 14 19 27 35 28 22 30 26 7 9 13 39 24 6 5 22 6 4 15 23 3 10 5 10 22 19 16 8 10 10 16 37 41 39 22 6 19 18 10 29 15 21 23 10 20 17 20 13 18 49 14 31 35 2 7 9 18 14 9 2 22 3 8 14 1 2 4 11 12 20 6 41 13 25 8
16 48 16 28 28 23 30 20 59 19 21 22 21 8 36 19 20 9 30 14 11 20 22 22 25 13 26 36 28 4 9 11 18 23 22 13 9 18 4 4 28 3 6 5 5 28 34 18 13 11 17 35 39 34 39 15 11 22 15 18 33 17 8 9 20 15 13 32 11 17 44 26 50 18 3 11 4 1 7 17 4 9 8 9 20 5 8 5 7 6 7 15 25 26 36 5
30 59 19 21 13 26 32 30 17 30 22 18 24 10 21 14 19 11 57 18 7 13 16 49 14 12 20 31 27 6 10 9 23 15 26 15 7 8 16 5 28 4 5 4 5 15 8 20 5 28 21 35 38 40 20 7 13 21 16 21 39 24 35 13 13 23 11 34 10 14 12 20 38 3 4 2 5 3 10 8 7 2 1 12 13 14 12 9 5 5 4 3 7 34 18 4
29 66 42 6 14 17 42 29 16 38 25 14 9 14 11 21 6 29 11 6 9 17 25 15 33 15 12 14 14 11 7 19 19 17 15 16 12 16 18 7 32 4 6 6 6 6 14 39 23 11 32 49 48 36 4 13 22 29 18 24 14 37 15 37 23 10 9 17 7 15 20 35 18 16 10 10 1 9 16 6 13 4 1 6 8 22 18 6 5 4 5 4 2 10 20 18
12 30 45 6 24 12 27 40 13 35 20 10 3 17 8 30 10 23 16 21 7 8 22 26 22 11 8 12 16 22 3 7 12 26 18 8 12 24 9 19 31 11 5 15 7 6 5 31 40 34 46 51 38 9 14 26 30 25 19 29 32 25 9 23 33 4 8 7 14 6 15 22 13 24 10 9 6 16 12 2 23 26 6 9 3 3 9 9 5 8 2 5 6 25 7 17
17 32 42 13 15 5 12 12 18 18 19 7 2 12 13 55 14 10 14 4 11 21 21 27 14 6 6 6 15 11 7 12 22 13 6 3 11 23 21 7 19 11 9 19 14 10 14 62 46 66 68 53 6 10 14 14 21 24 20 24 38 11 27 19 17 37 56 7 6 3 4 32 7 23 19 14 10 22 17 12 17 45 9 12 5 3 8 12 27 25 10 4 32 9 10 30
14 19 49 24 25 9 8 15 6 26 22 14 6 8 6 20 15 8 13 8 13 16 11 10 12 5 26 5 11 19 9 9 23 24 9 7 19 8 8 14 2 9 3 12 32 55 77 53 49 48 24 4 10 14 21 17 20 20 16 11 14 7 19 13 4 28 8 1 1 7 10 10 28 8 26 15 16 19 33 15 22 30 7 21 7 7 6 7 8 14 16 26 8 25 32 46
16 8 5 49 10 7 3 3 3 16 36 10 10 5 9 24 5 7 21 6 8 12 10 9 4 10 4 4 2 17 6 9 11 12 9 11 11 10 3 8 4 6 3 53 47 49 77 82 50 13 4 10 10 15 16 15 19 22 16 4 1 2 19 26 34 37 4 3 2 17 27 15 16 5 31 11 27 12 21 8 11 26 12 21 12 14 3 3 5 4 3 7 19 8 31 27
18 18 7 55 2 9 13 4 16 1 21 8 7 14 12 33 8 12 19 12 4 9 10 26 3 8 2 21 3 3 7 11 19 14 5 10 30 15 4 6 13 61 68 69 78 40 60 80 56 2 8 12 13 12 3 12 14 13 13 1 1 13 44 44 37 12 6 17 17 10 28 28 6 8 13 16 34 24 40 44 48 29 11 16 23 16 15 1 5 7 9 6 10 18 30 24
14 12 5 55 8 3 5 5 27 2 6 20 7 7 8 27 6 12 23 9 5 7 7 23 4 5 4 8 12 12 6 9 13 11 11 20 13 10 11 26 51 76 83 69 81 79 69 56 2 5 17 11 12 16 4 10 22 24 9 4 3 18 39 28 14 10 16 16 16 15 23 39 48 12 8 14 15 18 22 11 6 16 21 43 33 24 5 3 13 3 15 14 9 22 47 17
12 10 5 20 19 28 7 6 25 6 6 20 1 6 4 6 10 9 16 8 3 1 1 17 3 7 16 10 21 6 6 10 7 20 8 17 11 4 15 36 29 13 57 73 76 63 4 5 10 6 8 6 12 13 7 3 4 55 9 17 8 14 10 31 24 11 24 21 15 39 33 29 4 10 11 24 23 17 15 11 15 15 24 18 24 6 13 6 6 2 7 17 7 15 42 16
10 10 5 8 31 12 7 4 14 3 3 12 5 2 1 2 7 2 16 6 6 1 3 3 7 11 15 8 11 5 14 11 13 7 11 12 11 4 13 28 13 39 23 13 9 4 14 19 14 13 7 7 6 1 5 13 6 20 19 12 10 12 5 14 7 8 10 28 38 45 13 4 9 14 16 18 38 18 33 16 23 24 25 20 28 4 9 6 12 1 17 13 9 10 13 5
9 9 7 3 31 3 4 5 21 7 2 5 17 4 2 4 3 3 12 12 3 3 3 11 18 8 7 13 4 7 8 10 11 15 10 7 14 7 28 30 69 61 20 4 13 14 3 6 8 3 4 1 5 2 7 13 6 35 14 5 9 9 17 13 3 11 17 45 32 1 6 1 5 16 40 37 21 21 9 18 20 17 23 34 10 13 12 13 6 2 20 12 10 14 8 2
5 4 10 21 5 3 6 4 9 3 3 2 11 4 3 3 2 4 3 15 4 2 1 4 13 13 12 9 3 7 3 8 7 17 5 10 18 10 24 18 18 27 5 13 15 8 7 10 19 9 3 1 1 1 10 18 3 18 10 8 8 9 16 4 3 5 25 28 3 1 2 9 5 5 10 34 31 34 7 12 17 19 24 15 18 13 14 12 17 3 8 11 6 4 5 4
19 3 7 29 33 2 6 4 12 3 5 1 6 3 5 0 5 2 5 3 3 2 1 7 7 17 13 3 4 4 1 3 11 3 9 6 7 7 23 12 20 26 6 12 3 14 2 1 6 12 7 1 1 3 1 5 14 6 12 1 2 19 10 2 6 20 26 29 3 0 1 9 6 8 9 20 27 12 7 9 15 22 20 32 11 16 24 8 7 3 9 10 7 4 3 3
9 3 0 2 7 3 3 4 7 3 2 1 1 5 3 0 2 3 5 1 2 1 1 9 8 8 12 1 4 5 2 2 2 7 11 8 11 45 22 66 60 29 5 2 2 12 8 4 3 9 5 5 1 2 5 3 21 16 1 0 0 13 9 7 21 27 25 23 1 5 5 14 31 3 9 19 14 11 6 7 18 10 14 5 10 32 11 12 4 4 3 4 3 1 4 1
4 6 2 5 2 10 4 2 0 2 3 1 1 2 1 1 4 2 18 0 1 2 3 10 4 3 3 1 3 2 4 2 3 3 6 12 26 31 63 41 20 46 11 3 3 7 1 1 1 4 7 6 3 1 5 7 4 26 5 3 4 23 8 3 11 20 12 21 4 7 10 12 15 3 4 9 7 22 10 7 1 2 1 4 4 9 4 4 4 2 2 1 1 1 1 1
4 9 9 4 1 2 1 6 1 2 2 2 2 1 3 2 2 2 3 1 1 1 6 3 5 3 4 1 3 1 2 2 2 5 7 33 49 66 80 41 9 2 10 10 4 1 7 20 3 11 15 2 6 9 7 12 3 9 2 9 3 25 4 9 15 11 13 23 5 5 9 12 9 2 1 2 9 10 32 11 3 2 6 7 2 3 3 4 2 1 0 2 0 1 2 2
