sesion_6_simulaciones/modelos_agentes/ejemplos_netlogo/scenarios/cgcm2_b2/rob_2070.asc
NCOLS 322 
NROWS 307 
XLLCORNER 451900 
YLLCORNER 4086900 
CELLSIZE 100 
NODATA_value -9999 
[rows 148 to 221 of 307, columns 0 to 95 of 322]
0 17 16 13 23 36 31 20 7 5 7 59 53 57 52 56 73 57 41 56 28 39 11 5 0 1 1 2 1 0 4 1 1 4 2 5 2 5 4 5 21 21 19 14 25 12 28 26 16 29 16 17 28 12 21 36 31 16 11 29 42 44 36 26 39 54 57 38 44 74 67 63 38 46 67 76 22 18 17 33 30 23 9 12 41 29 8 5 20 15 12 16 29 25 13 29
7 18 23 30 38 47 33 49 45 12 15 35 48 71 69 70 81 47 58 56 58 45 14 21 5 1 1 1 1 2 11 7 1 3 1 2 2 5 4 6 11 9 5 12 23 65 34 26 12 14 10 26 28 25 7 7 8 5 31 26 25 60 39 29 41 63 61 60 61 68 42 22 16 49 37 26 56 11 12 36 30 17 22 13 6 31 12 7 5 8 3 18 10 28 14 5
4 3 8 37 26 55 48 14 28 40 19 24 78 79 78 50 82 68 69 73 56 25 17 9 15 7 1 4 2 3 1 11 4 9 12 10 3 8 11 9 6 5 12 39 55 35 22 17 13 12 13 16 17 16 29 21 28 30 32 33 48 60 34 32 63 63 71 73 54 15 57 35 33 41 59 23 25 8 2 8 19 19 12 21 9 9 24 13 5 7 4 2 6 7 11 4
2 3 7 5 7 6 7 9 13 11 29 12 33 66 64 55 78 74 70 24 10 11 24 25 36 21 9 3 3 1 2 4 36 24 29 39 53 9 4 11 24 27 53 48 16 17 8 17 11 8 20 17 19 17 20 16 37 40 42 44 65 58 55 40 60 74 66 51 75 42 21 55 58 25 27 10 21 37 16 7 9 14 16 8 11 5 8 23 15 7 6 3 2 5 9 7
20 5 4 4 7 6 9 15 16 22 13 35 17 10 7 8 11 11 17 24 18 49 51 42 59 23 45 13 12 14 8 9 26 3 1 1 8 49 6 4 22 14 25 32 25 39 39 47 22 11 19 20 26 21 7 21 28 61 38 61 60 66 74 88 86 73 69 42 42 84 42 35 32 36 19 5 9 9 28 19 9 9 15 13 6 10 6 6 18 5 4 3 1 1 3 3
24 19 16 10 11 7 8 19 3 9 31 23 19 28 18 18 12 27 41 53 81 60 79 49 47 25 20 20 13 39 22 3 1 4 4 1 4 5 26 6 2 55 12 16 22 15 7 14 31 19 30 38 35 25 9 15 25 48 72 60 80 69 80 79 79 77 69 25 34 70 73 54 33 20 26 15 11 8 14 10 15 9 8 12 8 6 4 4 23 12 2 2 2 1 3 4
54 30 48 33 28 27 35 8 12 8 13 18 20 47 45 17 7 22 56 61 73 85 69 82 59 51 57 49 25 30 59 44 16 3 6 7 14 13 12 24 4 36 18 15 31 5 9 15 9 31 39 50 60 45 45 23 31 49 65 69 52 41 76 78 75 67 64 50 32 46 78 26 29 17 10 8 14 4 13 26 8 12 9 5 4 3 3 3 5 3 7 2 1 1 1 1
63 49 64 40 49 37 30 37 9 7 16 11 50 35 15 36 26 18 17 57 71 62 59 68 47 48 57 52 27 9 28 67 69 46 33 13 16 21 18 26 12 33 63 27 30 17 8 8 9 17 15 18 35 11 16 44 33 59 46 27 25 27 32 54 54 23 32 19 46 58 51 46 21 15 17 6 7 9 9 16 12 7 9 6 3 3 3 2 2 2 3 5 2 1 1 0
35 56 51 71 75 47 25 67 18 8 16 17 17 19 40 42 28 44 30 17 21 53 63 22 37 63 39 67 39 9 10 11 44 69 54 31 22 19 16 23 21 35 69 20 29 29 22 30 33 36 34 39 27 26 32 27 43 72 57 54 56 51 25 15 8 24 20 25 18 30 32 46 49 21 10 5 6 8 10 13 12 19 4 5 3 2 2 1 1 2 2 0 4 1 0 0
63 77 64 82 66 27 60 78 30 29 33 15 43 66 50 31 51 38 32 21 25 24 17 51 40 17 28 58 68 30 23 15 12 61 54 52 57 49 46 55 49 28 65 68 34 27 35 40 39 41 51 63 33 49 55 29 24 46 58 44 40 26 15 23 22 7 3 15 32 34 35 41 18 19 9 7 9 8 12 9 9 7 8 3 2 2 1 1 1 1 1 1 1 2 1 0
44 80 39 79 41 66 70 71 19 43 47 27 19 15 33 36 41 67 59 70 28 19 26 22 27 26 39 78 38 77 32 44 36 56 24 48 49 78 54 42 51 27 49 68 74 34 32 26 54 38 39 31 25 49 55 29 44 75 74 75 39 49 53 41 34 15 13 18 22 22 21 26 20 10 15 3 7 11 9 9 5 3 4 4 1 1 0 0 0 1 1 1 1 1 1 1
15 71 54 68 64 72 69 27 37 61 55 41 35 22 20 13 18 29 30 66 42 14 23 24 64 67 61 67 31 72 74 26 27 35 60 69 57 80 87 54 48 19 27 63 72 62 55 39 54 19 14 22 55 53 44 38 43 33 28 29 24 40 56 48 46 30 26 23 16 17 18 15 10 13 4 6 5 6 4 2 3 2 1 2 3 2 1 2 1 0 0 0 1 1 0 0
17 16 12 53 67 68 27 30 70 43 60 72 56 42 26 31 38 35 43 23 32 51 44 17 53 55 65 73 71 40 82 79 37 17 33 76 74 61 58 64 69 22 29 66 82 84 50 41 45 44 32 25 75 41 83 85 84 73 82 73 52 29 37 31 31 25 25 24 18 10 10 15 11 11 5 8 3 3 3 4 2 1 1 3 1 1 1 1 1 1 1 0 0 0 0 0
17 59 36 28 19 44 36 75 77 51 50 64 35 51 19 37 30 31 41 28 34 36 37 17 62 71 63 85 77 59 73 84 78 46 38 12 30 59 43 24 34 24 16 80 82 80 65 66 57 67 87 92 79 53 45 78 74 40 43 63 59 37 47 35 29 20 16 27 18 7 8 7 8 7 5 5 4 4 2 2 1 1 0 1 1 0 1 1 0 0 0 0 0 0 0 0
46 51 36 55 45 21 50 81 72 77 14 49 66 63 74 40 57 29 24 22 25 13 40 61 83 61 84 89 74 74 52 66 80 54 51 28 59 76 83 82 64 51 34 47 82 69 59 87 60 64 83 82 89 60 41 83 88 61 45 33 70 67 26 53 32 26 14 15 12 8 9 6 6 4 4 4 3 2 2 1 1 1 1 1 1 0 0 0 0 0 0 0 0 0 0 0
37 35 62 39 32 12 45 65 49 80 32 42 72 58 72 55 30 48 38 53 56 57 19 52 66 73 82 83 61 82 66 81 69 71 70 75 68 77 82 74 18 60 67 36 17 48 60 81 64 56 76 72 75 80 43 55 74 90 65 45 55 34 33 29 31 38 32 22 11 6 9 5 3 2 2 1 2 1 0 0 0 0 0 0 0 0 0 0 0 0 0 0 0 0 0 0
27 22 12 30 43 41 17 78 32 30 31 48 57 16 43 59 35 42 35 65 64 40 37 18 49 83 75 83 66 84 70 69 61 51 65 68 81 73 74 81 75 56 25 23 10 14 56 74 55 26 40 69 76 81 77 82 84 78 86 46 31 36 29 35 28 25 31 11 7 11 4 3 2 2 1 0 0 0 1 1 1 0 0 0 0 1 1 1 2 0 1 2 1 2 2 1
16 30 47 38 22 17 18 36 44 41 63 55 64 64 32 50 42 57 23 19 36 69 46 27 13 29 32 67 65 40 17 19 16 32 30 25 65 44 48 64 66 58 49 22 8 15 59 62 51 41 31 25 51 80 77 71 58 57 77 73 31 20 26 25 27 22 10 12 6 2 2 3 2 1 1 1 0 0 0 0 1 1 1 1 3 4 5 4 2 1 2 5 4 7 5 2
31 21 19 17 30 23 26 19 22 21 39 68 65 71 22 21 29 61 63 44 33 29 48 15 31 40 33 31 21 29 44 33 44 41 61 32 27 23 22 23 19 38 29 15 15 22 48 53 61 40 37 34 9 44 41 49 49 61 39 54 44 19 40 36 27 13 11 6 5 3 3 2 1 0 1 1 0 0 0 1 5 5 3 6 8 11 9 15 9 9 22 22 8 14 6 4
19 21 28 53 43 44 38 32 38 37 47 12 18 24 34 46 33 18 63 65 55 31 28 10 30 61 59 48 35 39 57 63 35 63 32 26 28 36 37 34 24 14 22 23 37 38 57 55 61 50 34 17 19 16 24 49 21 14 12 36 18 22 19 11 15 8 4 6 4 2 1 1 1 1 1 1 1 0 4 6 12 13 14 19 21 35 30 18 16 19 5 2 3 3 3 10
26 32 48 31 28 36 38 25 43 63 20 27 49 46 29 48 12 17 22 26 37 23 20 18 35 33 52 46 65 29 57 47 41 45 31 28 38 61 31 60 39 20 14 14 16 26 37 48 42 44 28 42 38 25 30 29 27 18 21 23 41 31 15 4 6 5 4 1 2 1 1 7 6 3 3 4 2 3 9 25 39 32 34 55 41 36 33 22 25 23 7 2 1 1 2 6
46 65 61 65 32 28 33 30 46 54 32 34 49 47 44 26 31 27 41 40 28 33 37 21 35 32 31 53 28 37 50 48 51 39 30 32 27 52 27 61 44 35 28 11 7 5 23 23 63 64 39 30 61 31 16 36 40 46 40 24 26 13 6 4 4 3 1 1 3 3 8 14 18 5 8 10 5 11 30 38 59 76 34 59 38 29 20 23 17 12 7 4 1 1 0 1
17 14 10 13 19 20 47 47 60 37 41 20 38 53 23 11 19 21 27 23 14 11 10 21 30 27 25 31 41 46 41 40 25 33 24 10 35 28 47 60 39 40 55 29 32 15 10 23 22 52 34 44 34 14 15 27 26 19 12 7 5 4 2 1 1 0 3 9 16 11 22 30 28 17 25 15 8 21 46 51 79 55 35 25 14 2 2 10 4 4 3 1 1 0 0 2
23 34 24 42 37 44 30 46 41 35 15 20 31 40 49 43 45 21 18 16 22 7 10 29 59 49 31 28 44 26 20 38 68 38 23 12 34 21 59 23 54 35 46 41 25 14 20 22 13 29 37 29 12 19 16 12 31 10 6 4 2 7 7 11 4 7 13 26 30 28 30 44 28 26 31 22 19 35 57 68 65 44 20 12 7 3 2 3 4 1 1 1 1 0 0 0
18 17 18 39 57 20 24 32 28 36 31 22 47 31 60 44 33 53 42 30 58 27 32 25 50 61 36 58 22 28 40 27 56 54 29 21 26 35 39 20 27 28 41 44 19 30 21 13 14 19 19 24 19 17 16 13 6 2 2 11 10 21 21 21 13 15 30 38 55 57 41 53 54 50 35 44 52 58 61 58 48 53 25 11 5 5 3 1 6 2 1 0 0 0 0 1
23 14 26 41 25 26 23 40 46 36 47 55 49 36 29 27 63 62 39 42 43 32 51 29 35 54 66 44 24 25 18 19 20 19 33 42 13 16 47 43 41 47 37 26 36 26 25 23 14 19 20 23 31 21 10 7 8 12 18 35 30 28 43 30 22 38 44 47 64 49 55 65 76 42 46 55 65 70 76 51 17 12 12 13 8 4 2 1 1 1 0 0 0 0 0 0
17 26 35 29 15 55 41 33 58 66 74 68 62 67 40 20 24 43 39 47 15 36 62 33 41 33 54 68 44 60 41 34 27 29 48 58 25 37 47 57 49 13 15 27 21 25 14 11 20 25 24 38 26 16 20 12 19 21 40 39 37 37 49 38 32 44 56 41 69 65 54 78 64 50 58 77 64 66 26 74 46 37 13 6 6 4 2 2 1 0 0 0 0 0 0 0
17 21 29 22 15 15 23 33 29 38 54 71 51 53 64 24 36 32 25 23 26 58 62 44 25 33 19 42 29 34 28 28 42 41 56 50 28 45 57 55 44 23 11 10 19 19 22 37 21 22 38 25 19 35 20 17 29 45 48 57 50 48 50 39 41 68 71 58 75 72 72 72 84 83 55 60 65 65 24 17 31 40 19 12 4 2 2 2 1 0 0 0 0 0 0 0
17 18 44 18 31 12 20 16 32 40 18 22 19 20 29 42 41 36 63 31 45 61 41 55 18 54 28 55 25 21 33 38 39 35 45 37 38 34 49 52 42 21 7 16 20 21 28 27 28 27 28 40 28 22 21 35 46 48 46 51 49 39 59 53 57 74 72 70 67 84 76 70 64 73 29 26 16 42 47 23 10 21 10 5 3 2 2 1 0 1 0 0 0 0 0 0
18 42 36 65 10 59 48 8 34 26 41 26 54 31 43 37 42 32 31 34 23 48 26 40 31 25 31 33 17 39 41 33 37 38 40 28 34 26 36 53 38 31 32 39 47 22 32 23 42 51 47 58 43 27 42 45 48 59 42 49 67 52 67 70 61 73 56 75 40 57 81 79 76 60 73 56 37 14 9 16 10 6 12 9 6 4 3 4 1 0 0 0 0 0 0 0
58 37 17 29 50 28 15 34 35 41 26 45 25 25 55 32 34 8 30 39 35 14 27 36 26 18 26 10 19 12 15 31 29 60 21 23 23 34 35 15 24 37 16 23 20 31 15 32 47 60 53 52 45 44 41 60 52 61 59 52 59 68 61 66 66 74 55 51 76 39 74 76 56 69 76 80 61 54 49 29 18 11 4 2 4 5 3 2 1 1 0 0 0 0 0 0
41 74 36 42 12 23 18 34 26 30 52 19 27 49 54 61 62 23 26 51 31 22 9 17 35 13 19 15 14 8 12 33 37 34 16 21 21 22 50 33 23 35 18 57 31 29 35 26 53 60 46 43 44 44 42 47 68 61 57 73 73 81 68 57 66 31 46 40 43 51 37 64 42 51 69 72 73 83 62 43 41 45 36 17 3 2 2 2 1 0 0 0 0 0 0 0
18 25 18 18 36 44 25 23 29 36 41 24 41 24 16 18 14 20 25 36 52 18 29 17 22 14 13 7 11 17 19 29 20 19 20 15 22 39 48 35 21 19 35 60 18 47 34 38 47 69 39 42 43 41 42 48 64 71 59 70 81 55 43 72 71 64 49 28 19 7 14 16 24 26 49 60 53 59 65 40 59 41 24 6 4 4 3 2 2 1 0 0 0 0 0 0
16 19 34 26 25 37 34 20 9 31 6 10 24 25 58 27 46 20 23 23 36 22 17 22 17 18 23 11 10 11 22 14 17 29 6 7 15 47 27 24 15 27 30 47 40 34 39 45 56 49 33 51 39 41 53 41 66 78 80 60 68 73 32 17 15 22 29 48 38 27 12 8 4 12 21 40 30 53 69 27 37 58 25 11 7 3 2 2 1 1 0 0 0 0 0 0
11 45 27 15 15 22 18 16 7 8 11 15 14 34 34 24 31 34 32 30 20 43 14 32 16 18 34 7 7 15 8 11 26 15 18 29 31 50 9 8 20 39 34 47 40 30 34 37 45 31 54 65 52 58 57 54 64 65 65 44 46 60 31 30 55 69 74 57 55 38 30 35 10 3 7 25 19 42 61 41 24 20 17 10 5 4 3 2 1 1 1 1 0 0 0 0
11 22 20 21 19 18 16 11 5 2 6 12 23 11 18 26 22 33 15 9 6 8 13 8 6 25 17 9 15 11 7 7 18 10 4 10 19 25 19 19 25 29 51 53 24 31 40 38 49 48 68 78 61 80 73 85 72 64 71 44 33 14 63 55 23 51 70 57 62 61 58 32 13 11 4 4 5 12 38 17 11 4 3 7 2 3 1 1 1 1 1 1 0 0 0 0
26 3 7 18 4 11 5 1 2 1 2 2 3 7 22 9 7 10 18 8 7 4 5 6 3 7 6 9 13 6 2 3 3 8 9 6 23 15 9 20 29 50 71 83 70 67 57 56 52 31 76 49 83 74 65 72 44 51 69 77 31 27 23 76 36 30 48 65 53 46 65 61 63 29 16 4 2 1 1 1 2 2 1 3 3 1 1 0 0 1 1 1 0 0 0 0
1 2 6 4 4 4 2 1 1 3 11 1 2 3 4 12 8 7 11 6 7 5 6 8 2 2 5 6 4 2 0 1 2 16 37 37 52 60 70 73 73 83 62 84 75 82 76 27 58 69 40 37 62 62 67 70 46 72 75 60 55 39 18 48 73 29 10 29 57 71 55 50 24 19 25 16 5 2 3 1 2 2 1 1 3 2 1 1 0 0 0 0 0 0 0 0
1 2 3 1 1 1 5 20 33 7 11 11 21 2 2 7 5 3 4 3 3 1 2 1 2 2 10 12 14 2 1 4 4 3 7 38 55 66 67 70 65 78 65 65 79 81 80 47 35 40 82 60 29 56 25 37 35 72 84 68 52 46 32 27 81 40 38 17 33 48 72 17 8 15 16 22 14 10 7 4 1 1 0 1 1 2 1 0 0 0 0 0 0 0 0 0
3 5 5 7 8 18 26 13 17 22 23 9 13 8 5 3 2 1 2 2 1 1 12 10 25 24 8 4 12 3 1 13 9 6 9 11 19 62 66 73 59 46 46 46 68 81 87 87 40 40 60 65 46 27 50 20 51 58 78 74 25 37 29 17 77 55 24 21 17 62 64 74 34 22 14 8 5 3 2 2 4 3 1 0 0 0 1 1 0 0 0 0 0 0 0 0
13 14 8 34 24 27 33 44 49 44 22 19 24 10 8 2 1 2 1 2 2 1 1 2 4 8 20 16 4 5 5 4 9 19 3 11 30 50 58 69 64 38 26 38 53 79 86 82 88 84 35 47 42 39 23 18 33 56 70 75 27 28 34 27 49 84 55 31 15 8 11 27 13 13 9 19 11 4 2 1 1 1 2 1 0 0 0 1 0 0 0 0 0 0 0 0
12 26 29 35 48 39 54 36 63 54 30 52 41 17 41 25 21 10 3 1 1 1 1 1 2 3 6 24 3 3 6 4 18 14 22 20 17 15 8 5 54 59 24 41 33 41 64 67 83 88 81 52 51 63 38 45 28 61 74 64 66 25 42 33 20 75 85 59 36 11 6 7 28 15 8 7 9 10 3 2 1 1 1 1 1 0 0 1 0 0 0 0 0 0 0 0
2 5 10 45 58 45 76 75 77 75 62 61 35 54 67 56 30 13 24 7 4 2 2 3 4 11 23 7 6 7 5 15 33 17 24 33 27 23 18 17 15 28 25 27 18 37 70 47 68 80 88 58 49 45 55 48 10 48 67 64 63 43 28 25 12 59 75 74 43 32 5 2 16 30 10 2 2 2 4 1 1 1 1 1 1 0 0 0 0 0 0 0 0 0 0 0
7 10 16 59 62 71 72 62 57 81 85 64 73 75 74 61 37 37 33 25 11 2 7 11 25 58 47 9 4 7 10 15 12 20 13 25 26 32 39 23 15 16 16 12 29 36 52 47 17 63 79 85 45 34 43 20 17 12 36 45 77 69 15 16 30 39 41 67 20 28 18 3 4 15 11 5 2 2 3 2 1 1 0 0 0 1 0 0 0 0 0 0 0 0 0 0
4 6 7 6 7 11 31 40 42 16 41 78 87 82 78 47 44 66 44 28 37 7 9 5 5 7 43 58 15 5 11 15 16 32 26 20 30 29 43 26 34 45 36 28 21 12 53 55 42 29 56 75 59 29 13 11 29 10 17 39 38 33 21 15 17 25 14 65 16 18 11 12 1 6 6 9 5 4 4 2 2 1 0 0 0 0 0 0 0 0 0 0 0 0 0 0
2 4 9 27 29 35 69 35 35 27 33 19 62 82 87 68 63 69 38 40 23 39 17 30 23 9 5 9 16 8 3 14 22 43 16 19 14 23 39 36 30 31 23 25 39 34 31 12 33 61 34 43 12 14 7 19 15 23 16 17 35 42 28 18 7 8 8 38 43 9 4 8 6 2 3 3 4 2 1 1 1 1 1 0 0 0 0 0 0 0 0 0 0 0 0 0
2 7 4 4 14 10 19 26 22 34 18 7 17 41 66 78 76 35 11 14 15 45 30 45 29 23 16 7 6 14 8 53 41 20 58 31 32 35 40 26 33 49 56 43 49 33 39 21 21 16 59 38 31 17 13 9 17 19 12 15 25 41 28 14 11 8 12 25 49 20 6 3 9 5 2 1 1 2 2 1 0 0 1 0 0 0 0 0 0 0 0 0 0 0 0 0
6 1 4 11 21 25 16 17 21 31 38 26 48 23 21 29 41 25 17 28 49 16 21 38 65 64 12 16 9 52 25 27 59 47 68 29 72 37 29 28 33 35 32 43 36 38 36 24 21 21 19 26 18 18 20 14 11 17 7 3 7 10 19 15 16 10 8 12 17 18 9 9 10 3 4 1 1 2 1 1 1 0 0 0 0 0 0 0 0 0 0 0 0 0 0 0
23 8 19 9 11 22 19 29 39 42 27 29 13 35 46 31 36 28 18 29 11 42 36 25 11 29 34 44 43 9 17 45 41 16 32 31 17 55 25 33 34 42 22 28 18 20 19 26 28 26 13 7 26 31 19 25 13 11 9 9 4 7 19 7 7 7 4 6 8 17 3 5 3 2 2 1 1 0 1 1 1 0 0 0 0 0 0 0 0 0 0 0 0 0 0 0
40 31 4 5 22 9 36 59 23 21 37 31 29 55 20 35 20 19 14 12 19 30 28 30 25 16 21 26 13 22 10 46 26 40 40 55 13 24 46 18 25 41 33 42 39 15 21 24 16 24 9 15 4 10 9 31 8 12 8 14 8 6 3 2 2 1 0 2 3 3 2 1 3 2 1 3 2 1 1 1 0 0 0 0 0 0 0 0 0 0 0 0 0 0 0 0
43 34 61 15 14 33 8 7 41 47 17 42 20 46 19 40 37 26 22 34 43 46 32 16 30 31 23 29 52 54 41 11 10 16 39 29 26 8 47 39 37 30 14 19 34 30 20 12 18 23 14 4 25 14 9 26 14 4 8 3 3 5 3 2 1 0 0 0 1 3 3 1 1 2 2 2 2 1 2 1 0 0 0 0 0 0 0 0 0 0 0 0 0 0 0 0
25 41 55 41 9 6 36 16 5 14 32 22 11 18 35 27 18 11 19 25 37 37 67 48 37 34 31 28 59 69 45 29 12 27 45 38 54 25 8 50 28 40 37 31 17 15 20 24 17 18 6 3 6 3 2 9 5 4 4 2 2 4 2 2 2 1 0 0 0 1 2 1 2 2 2 3 3 2 1 1 0 0 0 0 0 0 0 0 0 0 0 0 0 0 0 0
45 43 71 50 59 24 8 56 17 24 55 20 36 28 16 40 17 17 18 16 15 29 50 46 37 41 38 34 47 70 75 51 25 21 60 55 57 37 16 28 68 27 25 56 33 33 24 28 24 9 5 2 2 3 2 2 5 3 2 1 1 1 2 3 1 1 0 0 0 0 0 1 1 0 0 1 1 2 1 0 0 0 0 0 0 0 0 0 0 0 0 0 0 0 0 0
53 43 39 61 35 44 48 17 64 36 51 65 49 57 39 21 22 19 27 49 23 40 64 57 39 40 40 30 20 24 67 57 40 29 25 62 43 31 24 15 21 53 16 15 18 19 20 28 37 16 22 6 3 3 2 1 2 1 1 4 1 1 1 1 0 0 0 0 0 0 0 0 0 0 0 1 0 0 1 0 0 0 0 0 0 0 0 0 0 0 0 0 0 0 0 0
23 64 56 66 52 60 67 56 34 26 17 12 24 17 20 48 36 23 42 14 58 27 68 76 40 43 45 28 17 7 15 42 60 40 16 41 52 22 47 36 26 15 40 42 22 19 30 18 24 11 23 7 3 2 2 1 1 1 1 2 2 1 0 0 0 0 0 0 0 0 0 0 0 0 0 0 0 0 0 0 0 0 0 0 0 0 0 0 0 0 0 0 0 0 0 0
17 20 8 31 34 8 12 9 34 27 48 47 47 52 22 24 48 46 40 39 29 23 60 82 63 55 50 49 29 9 8 9 51 34 37 34 54 20 47 50 36 16 13 37 26 33 23 18 20 6 2 2 4 3 2 2 1 0 0 0 1 0 0 0 0 0 0 0 0 0 0 0 0 0 0 0 0 0 0 0 0 0 0 0 0 0 0 0 0 0 0 0 0 0 0 0
17 30 24 11 13 28 20 19 21 46 26 44 32 19 29 45 24 18 27 45 26 73 44 66 73 54 61 53 53 24 11 13 8 24 37 39 46 22 47 28 35 34 24 19 30 20 19 28 18 11 7 3 3 1 1 1 1 0 0 0 0 0 0 0 0 0 0 0 0 0 0 0 0 0 0 0 0 0 0 0 0 0 0 0 0 0 0 0 0 0 0 0 0 0 0 0
35 26 30 18 29 46 29 22 35 38 19 26 29 13 29 50 34 38 23 25 62 46 34 29 74 49 22 18 17 11 13 6 14 6 12 18 77 56 29 43 28 15 24 26 15 26 13 13 27 20 15 6 3 1 1 1 0 0 0 0 1 1 0 0 0 0 0 0 0 0 0 0 0 0 0 0 0 0 0 0 0 0 0 0 0 0 0 0 0 0 0 0 0 0 0 0
20 14 16 15 6 18 18 20 13 9 31 27 28 10 22 33 23 33 42 70 46 32 41 59 76 67 32 25 24 26 23 23 9 13 15 9 6 8 24 25 17 31 12 23 18 25 26 12 26 13 15 11 5 2 1 0 0 0 0 1 1 2 2 1 0 0 0 0 0 0 0 0 0 0 0 0 0 0 0 0 0 0 0 0 0 0 0 0 0 0 0 0 0 0 0 0
11 7 14 6 14 12 13 10 6 5 10 13 16 26 22 24 20 37 35 25 28 29 16 9 17 17 14 20 43 44 25 49 35 14 9 7 8 8 6 19 15 29 22 9 26 17 21 16 11 5 7 6 3 2 1 1 0 1 2 2 3 3 2 2 1 0 1 1 0 0 0 0 0 0 0 0 0 0 0 0 0 0 0 0 0 0 0 0 0 0 0 0 0 0 0 0
14 7 11 2 7 6 15 23 48 44 36 5 9 22 20 10 20 35 54 38 44 19 28 21 15 20 48 27 31 42 53 39 24 24 25 5 3 4 7 10 10 15 21 23 21 17 11 7 16 6 4 3 1 1 1 2 1 2 4 2 5 3 3 2 1 1 1 2 2 1 1 0 0 0 0 0 0 0 0 0 0 0 0 0 0 0 0 0 0 0 0 0 0 0 0 0
3 4 2 3 15 15 6 24 63 65 49 51 29 12 21 31 27 41 42 21 14 19 39 30 26 28 42 20 9 28 24 16 8 14 24 13 6 5 10 6 4 7 6 7 10 11 10 5 9 5 2 1 2 2 4 4 4 5 6 7 3 6 6 4 7 2 2 2 2 2 0 0 0 0 0 0 0 0 0 0 0 0 0 0 0 0 0 0 0 0 0 0 0 0 0 0
2 5 12 13 20 15 32 27 8 24 56 51 51 60 64 53 78 47 38 41 14 9 35 22 25 36 21 19 12 11 24 26 25 18 25 12 9 18 21 6 4 17 8 11 7 3 9 4 3 2 2 3 5 8 8 10 6 5 5 7 5 9 11 14 10 6 4 3 3 2 1 1 1 1 0 0 0 0 0 0 0 0 0 0 0 0 0 0 0 0 0 0 0 0 0 0
8 2 1 7 33 38 46 75 66 37 44 73 64 48 74 57 82 81 79 56 28 46 8 10 11 10 31 34 36 47 15 52 48 24 8 12 4 14 14 7 20 10 8 7 8 5 6 4 3 3 6 6 14 25 25 15 17 9 11 11 7 15 15 16 11 7 4 4 3 4 2 1 0 0 0 0 0 0 0 0 0 0 0 0 0 0 0 0 0 0 0 0 0 0 0 0
12 14 32 8 6 27 48 68 72 37 30 77 42 38 73 52 50 28 45 59 19 30 23 18 13 19 26 34 33 53 25 16 15 33 20 19 7 28 13 11 17 22 17 15 16 21 19 12 3 13 23 20 26 39 39 35 14 8 28 17 13 17 18 12 15 16 2 9 7 3 2 1 1 0 0 0 1 0 0 0 0 0 0 0 0 0 0 0 0 0 0 0 0 0 0 0
38 14 22 52 30 15 16 26 28 68 24 69 47 46 68 34 15 23 36 24 18 9 24 14 21 35 34 17 12 35 24 16 7 5 8 7 22 25 12 8 38 39 19 41 33 15 13 6 6 19 38 36 36 69 33 25 22 9 44 17 15 20 30 31 18 13 9 11 3 2 2 1 1 1 0 1 1 0 0 0 0 0 0 0 0 0 0 0 0 0 0 0 0 0 0 0
61 56 26 50 62 75 66 36 15 16 47 75 65 25 68 32 33 24 36 26 13 10 32 14 31 26 29 25 21 17 10 12 13 19 24 15 31 6 11 21 39 38 48 49 25 11 6 11 24 19 34 54 68 37 24 33 29 17 56 24 46 16 35 16 15 36 16 6 10 3 2 2 5 4 1 0 0 1 0 0 0 0 0 0 0 0 0 0 0 0 0 0 0 0 0 0
58 69 71 60 65 82 69 85 59 12 37 67 12 25 49 46 35 15 49 9 10 9 18 11 45 30 17 13 13 4 3 13 22 15 33 12 40 9 29 27 55 57 64 26 23 14 13 29 42 38 35 61 59 39 45 60 46 27 67 58 31 38 30 37 50 29 19 13 6 2 3 13 4 0 1 1 0 0 0 0 0 0 0 0 0 0 0 0 0 0 0 0 0 0 0 0
54 78 77 83 76 72 82 82 70 40 35 33 41 15 49 39 29 19 13 9 9 10 27 15 22 20 18 36 26 25 27 28 17 9 12 25 55 25 32 42 68 66 47 26 15 26 28 56 67 49 41 64 51 36 51 72 34 55 60 52 59 24 35 67 61 29 21 9 11 10 6 5 2 2 1 0 0 0 0 0 0 0 0 0 0 0 0 0 0 0 0 0 0 0 0 1
12 69 82 68 78 34 61 72 71 69 59 66 46 13 52 73 45 18 22 15 8 16 25 15 13 17 28 8 13 14 5 12 9 24 54 36 55 26 26 42 67 46 22 11 23 48 44 48 76 58 62 64 34 57 71 64 31 56 42 68 56 62 66 54 36 22 22 9 4 1 1 1 0 0 0 0 0 0 0 0 0 0 0 0 0 0 0 0 0 0 0 0 0 0 0 1
27 25 50 22 11 12 19 16 22 10 14 28 59 18 11 51 60 44 34 29 15 12 9 11 29 9 17 18 44 40 8 20 24 28 65 68 76 41 28 55 48 22 13 29 56 56 51 51 77 57 66 77 67 59 77 64 63 38 61 66 43 64 47 17 6 7 3 6 10 7 6 4 4 1 0 0 0 0 0 0 0 0 0 0 0 0 0 0 0 0 0 0 0 0 1 1
28 26 12 16 26 53 55 21 26 5 12 13 8 4 16 9 12 19 10 8 6 27 14 17 8 29 26 33 19 29 27 46 40 41 66 76 59 51 44 59 30 27 27 48 61 59 68 46 66 76 69 82 87 71 64 81 81 62 80 76 73 79 54 58 34 23 21 14 6 1 2 2 1 1 1 1 0 0 0 0 0 0 0 0 0 0 0 0 0 0 0 0 0 0 1 2
46 49 37 33 52 59 62 50 21 17 28 19 22 16 15 21 17 6 6 9 12 33 14 16 29 34 16 60 53 40 52 59 52 55 66 42 28 43 25 56 44 35 34 50 64 70 74 65 71 79 69 80 77 76 32 44 75 82 79 64 23 16 33 24 51 22 14 21 4 2 1 1 2 1 0 0 0 0 0 0 0 0 0 0 0 0 0 0 0 0 0 0 0 0 1 1
31 9 38 45 55 49 53 32 10 19 19 25 49 39 18 18 8 13 11 13 3 7 48 32 21 6 12 32 45 37 37 47 64 40 66 27 41 30 11 53 42 40 51 64 64 78 79 65 81 87 66 46 47 36 22 21 55 63 51 31 36 24 21 28 17 13 10 4 8 4 3 1 1 1 0 0 0 0 0 0 0 0 0 0 0 0 0 1 1 0 0 0 0 1 1 1
