sesion_6_simulaciones/modelos_agentes/ejemplos_netlogo/scenarios/cgcm2_b2/rob_2046.asc
NCOLS 322 
NROWS 307 
XLLCORNER 451900 
YLLCORNER 4086900 
CELLSIZE 100 
NODATA_value -9999 
[rows 74 to 147 of 307, columns 0 to 95 of 322]
0 0 0 0 0 0 0 0 0 0 0 0 0 0 0 0 0 0 0 0 0 0 0 0 0 0 0 0 0 0 0 0 0 0 0 1 3 3 3 2 1 2 1 0 0 0 1 1 1 1 0 1 0 0 1 0 0 1 1 1 1 3 2 3 1 1 1 2 3 5 11 6 4 2 15 43 17 19 39 61 58 14 20 29 39 9 5 4 9 5 7 7 5 5 10 7
0 0 0 0 0 0 0 0 0 0 0 0 0 0 0 0 0 0 0 0 0 0 0 0 0 0 0 0 0 0 0 0 0 0 1 2 1 1 7 5 1 2 2 1 0 0 0 1 0 1 1 1 1 0 1 1 0 0 0 0 0 1 4 7 2 3 6 4 4 2 3 7 8 5 9 54 19 8 6 48 44 28 22 16 6 19 20 7 8 7 9 18 14 8 6 37
0 0 0 0 0 0 0 0 0 0 0 0 0 0 0 0 0 0 0 0 0 0 0 0 0 0 0 0 0 0 0 0 0 0 0 1 1 3 3 2 2 7 2 1 1 1 0 0 0 1 1 0 1 0 1 0 2 1 0 0 1 4 2 5 6 5 8 8 12 6 6 2 2 2 8 58 70 19 11 12 32 32 17 6 5 41 39 31 23 6 5 3 22 25 16 22
0 0 0 0 0 0 0 0 0 0 0 0 0 0 0 0 0 0 0 0 0 0 0 0 0 0 0 0 0 0 0 0 0 0 0 0 1 1 1 1 7 2 2 2 3 4 1 0 1 1 1 1 1 1 1 0 1 1 0 1 1 2 2 5 3 5 7 9 11 14 14 14 14 11 6 13 46 31 20 6 35 50 10 5 31 53 9 54 34 16 6 19 29 29 30 16
0 0 0 0 0 0 0 0 0 0 0 0 0 0 0 0 0 0 0 0 0 0 0 0 0 0 0 0 0 0 0 0 0 0 0 0 0 1 1 3 2 5 2 3 4 14 4 3 4 2 2 1 1 1 0 0 1 1 1 2 1 1 1 1 2 4 5 11 11 11 13 23 15 16 8 3 4 13 14 8 15 16 11 11 34 13 10 6 6 23 14 21 16 21 26 33
0 0 0 0 0 0 0 0 0 0 0 0 0 0 0 0 0 0 0 0 0 0 0 0 0 0 0 0 0 0 0 0 1 3 5 3 2 1 2 3 4 9 6 1 2 3 10 12 25 22 12 5 3 2 1 1 1 1 2 2 1 1 1 1 1 1 2 1 3 11 15 14 16 18 13 10 6 12 4 3 14 15 12 18 35 13 26 14 7 18 24 49 62 58 40 46
0 0 0 0 0 0 0 0 0 0 0 0 0 0 0 0 0 0 0 0 0 0 0 0 0 0 0 0 0 0 0 0 0 1 7 13 2 1 2 6 5 4 11 7 2 2 4 14 50 57 63 72 46 9 5 3 2 2 1 2 1 1 1 0 1 2 1 3 3 8 15 12 17 20 17 10 9 4 2 0 5 13 14 20 32 23 9 10 12 18 62 62 62 35 36 64
0 0 0 0 0 0 0 0 0 0 0 0 0 0 0 0 0 0 0 0 0 0 0 1 0 0 0 0 0 0 0 0 0 0 1 5 4 2 1 5 12 32 8 18 13 5 4 1 1 4 12 20 37 52 27 8 3 1 2 1 1 1 1 3 1 0 1 1 2 4 5 17 16 19 23 13 4 0 2 1 3 6 9 23 11 24 29 31 18 16 11 8 28 21 28 47
0 0 0 0 0 0 0 0 0 0 0 0 0 0 0 0 0 0 0 1 1 1 3 1 4 1 0 0 0 0 0 0 0 1 1 1 1 1 1 3 4 4 6 18 10 7 9 5 2 0 0 1 3 13 13 33 11 4 2 10 13 4 3 1 4 2 1 2 1 1 4 10 23 16 10 12 7 4 5 9 3 3 12 35 13 39 37 33 29 36 23 12 10 27 64 77
0 0 0 0 0 0 0 0 0 0 0 0 0 0 0 0 0 1 2 2 0 0 0 0 0 0 0 0 0 0 0 0 0 0 1 1 1 1 2 3 10 16 5 3 2 2 3 2 0 1 2 1 5 2 3 7 15 9 26 19 4 2 1 2 4 1 1 2 3 3 17 15 17 12 10 13 16 21 12 5 9 8 33 40 25 56 48 77 57 52 55 48 14 12 17 17
0 0 0 0 0 0 0 0 0 0 0 0 0 0 0 0 0 0 0 0 0 0 0 0 0 0 0 0 1 1 1 0 0 1 2 1 1 2 2 3 7 13 16 11 1 0 1 1 1 1 1 6 19 9 7 5 3 15 45 7 4 2 1 1 2 1 3 2 7 11 11 14 12 10 11 11 15 14 22 5 9 7 13 11 24 59 29 41 59 72 47 51 52 33 24 19
0 0 0 0 0 0 0 0 0 0 0 0 0 0 0 0 0 0 0 0 0 0 0 0 0 0 0 0 0 0 0 0 0 1 1 1 0 5 2 3 8 9 18 18 7 8 12 8 11 12 8 11 15 11 7 4 8 16 6 7 5 6 4 2 1 1 1 6 7 5 12 8 31 8 7 22 15 14 15 11 9 6 7 18 4 43 32 64 63 78 85 85 67 46 32 28
0 0 0 0 0 0 0 0 0 0 0 0 0 0 0 0 0 0 0 0 0 0 0 0 0 0 0 0 0 0 0 0 0 0 0 1 1 2 2 4 8 4 13 9 6 8 11 7 6 9 10 4 6 7 6 7 15 5 6 8 11 4 2 1 1 1 1 1 2 4 2 8 3 3 23 16 11 15 43 19 21 10 5 14 28 48 41 30 71 67 56 61 73 36 33 30
0 0 0 0 0 0 0 0 0 0 0 0 0 0 0 0 0 0 0 0 0 0 0 1 1 0 1 1 1 0 0 0 0 0 0 0 1 1 1 3 8 3 1 3 3 4 10 1 3 5 4 6 5 9 7 5 6 3 6 6 9 2 2 1 2 2 7 10 8 5 7 4 5 4 4 4 29 38 8 16 17 11 11 9 13 18 35 51 60 68 16 42 56 58 33 28
0 0 0 0 0 0 0 0 0 0 0 0 0 0 0 0 0 0 0 0 0 0 0 0 2 2 2 2 1 3 1 1 0 0 0 0 0 1 1 2 1 1 3 2 4 6 9 2 4 7 2 2 4 9 6 2 4 3 5 6 3 0 0 1 3 1 1 4 11 3 6 5 4 5 10 6 7 11 9 8 5 9 20 18 12 14 13 9 27 25 17 44 22 57 46 35
0 0 0 0 0 0 0 0 0 0 0 0 0 0 0 0 0 0 0 0 0 0 0 1 1 5 5 3 1 2 2 2 0 2 1 1 0 0 0 0 0 1 1 1 2 3 4 1 1 3 1 3 1 5 8 1 3 1 12 3 1 1 2 3 3 1 1 0 22 4 5 4 4 4 5 14 14 32 34 27 38 25 13 9 27 35 31 29 13 10 21 39 42 19 39 31
0 0 0 0 0 0 0 0 0 0 0 0 0 0 0 0 0 0 0 0 0 0 1 2 11 1 8 9 1 3 3 2 1 4 1 2 2 1 0 0 0 0 0 0 1 3 1 1 1 1 1 4 3 8 0 3 6 2 4 1 1 3 4 2 1 1 1 1 5 45 30 12 5 19 19 27 59 52 11 20 48 35 42 39 35 38 38 39 29 15 7 33 30 16 10 4
0 0 0 0 0 0 0 0 0 0 0 0 0 0 0 0 0 1 0 0 0 0 0 2 6 1 1 21 11 2 1 6 2 5 5 10 2 1 1 0 1 1 1 0 0 0 1 0 1 1 12 16 21 16 21 2 1 3 1 0 0 2 1 1 0 1 7 6 2 2 10 14 56 81 52 30 16 12 57 23 5 28 43 37 32 35 42 42 35 16 10 11 7 4 7 21
0 0 0 0 0 0 0 0 0 0 0 0 0 0 0 1 1 1 1 0 0 0 0 3 1 4 4 14 32 8 1 1 1 1 2 5 3 4 7 2 1 0 2 4 4 4 5 1 4 19 32 18 3 5 13 27 7 1 1 1 1 2 1 1 1 2 2 2 6 2 3 4 3 5 4 53 15 17 9 23 40 12 18 48 37 40 45 38 41 39 20 6 13 27 14 22
0 0 0 0 0 0 0 0 0 0 0 0 0 0 0 0 1 1 4 2 0 3 1 0 0 1 1 0 5 5 12 2 0 0 3 1 2 11 2 1 8 1 2 6 16 7 5 13 15 20 47 43 12 29 21 32 12 19 8 7 3 4 0 1 1 1 1 3 2 2 2 1 3 3 3 11 8 13 11 14 25 50 25 29 40 42 27 31 20 12 23 30 36 8 7 9
0 0 0 0 0 0 0 0 0 0 0 0 0 0 0 0 0 2 1 1 1 1 1 1 0 3 1 1 0 8 33 7 1 1 1 3 1 3 15 2 14 1 2 17 15 13 18 32 31 72 59 58 39 76 63 52 33 33 28 3 5 3 0 1 1 1 3 11 5 5 2 9 12 10 7 4 6 16 23 17 11 12 41 39 36 22 30 14 13 35 36 28 36 34 22 12
0 0 0 0 0 0 0 0 0 0 0 0 0 0 0 0 0 0 1 1 1 3 0 1 1 2 3 1 1 2 16 19 6 3 1 2 0 1 12 2 14 1 4 14 18 23 52 57 64 79 67 22 56 46 42 34 28 44 3 2 8 3 1 1 1 1 2 5 6 4 27 6 2 5 6 12 38 40 41 32 25 19 21 29 19 11 26 25 25 32 47 40 22 16 22 19
0 0 0 0 0 0 0 0 0 0 0 0 0 0 0 0 1 0 0 0 1 1 1 1 4 1 5 3 2 1 10 30 2 2 2 2 0 6 31 16 26 15 6 12 30 56 80 71 42 80 45 8 24 5 14 47 55 41 8 24 19 17 3 1 1 1 2 2 3 14 3 8 12 4 7 23 19 13 32 42 47 24 12 13 9 15 31 47 43 41 40 45 22 24 23 35
0 0 0 0 0 0 0 0 0 0 0 0 1 0 0 0 0 0 1 1 0 0 1 6 9 10 4 8 4 2 14 33 2 2 7 6 1 5 3 18 31 59 22 24 48 60 83 77 35 56 9 13 7 3 1 2 52 61 55 40 13 28 2 1 7 14 2 1 2 3 5 14 5 20 24 5 17 37 26 44 35 40 43 17 29 30 44 42 51 33 51 50 36 41 35 48
0 0 0 0 0 0 0 0 0 0 0 0 1 2 0 1 0 1 2 2 4 2 3 5 6 10 9 20 12 12 6 18 5 5 5 2 3 9 4 9 13 43 35 49 54 58 84 91 81 54 20 8 2 2 1 1 2 2 69 39 42 5 1 10 5 6 5 1 1 1 7 6 20 15 11 7 10 5 20 26 45 54 35 23 27 45 38 34 55 27 72 32 36 38 30 34
0 1 1 0 0 0 0 0 0 0 0 0 0 0 2 3 0 1 4 3 5 4 6 19 22 27 28 22 22 26 3 15 24 10 7 4 3 5 2 1 3 40 7 15 16 22 79 83 76 31 18 19 11 9 3 6 2 6 4 4 4 3 8 11 10 3 2 1 1 2 3 7 6 8 4 3 5 14 18 34 39 46 29 28 23 34 40 18 42 37 74 43 42 23 34 45
0 0 1 0 0 0 0 0 0 0 0 0 0 0 2 0 6 1 1 2 3 3 1 2 4 10 14 7 23 27 12 43 60 30 9 20 6 8 6 2 21 34 25 14 21 26 10 37 52 12 20 25 17 12 18 9 4 14 7 11 5 2 6 9 6 3 2 1 3 1 1 1 9 10 8 7 12 19 19 27 26 38 28 28 27 23 32 27 58 62 19 37 45 43 47 32
0 0 0 0 0 0 0 0 0 0 0 0 0 0 0 1 1 9 2 3 1 6 6 8 16 19 17 10 4 5 6 53 43 22 38 44 57 35 5 5 22 27 72 40 37 33 30 9 6 13 33 29 19 14 7 15 15 9 8 5 7 6 14 10 6 3 2 3 4 1 0 2 2 5 7 16 13 19 20 24 22 22 18 29 32 19 21 27 48 5 21 35 28 11 7 20
0 0 0 0 0 0 0 0 0 0 0 0 0 1 1 1 1 1 2 4 6 13 12 16 25 46 28 25 17 8 4 3 44 55 50 17 71 40 23 42 53 13 59 36 81 66 28 12 12 6 20 28 20 15 18 7 15 10 10 5 10 13 31 31 10 3 1 1 2 1 1 1 1 1 1 9 9 11 16 16 20 15 19 27 12 33 25 53 21 13 27 29 31 20 19 31
0 0 0 0 0 0 0 0 0 0 0 0 1 1 0 1 1 2 3 3 9 12 37 30 34 28 52 31 11 13 10 9 4 36 41 10 13 10 58 29 24 8 69 29 14 6 20 14 21 15 22 33 37 25 16 7 4 6 1 3 6 5 16 17 1 3 2 1 2 2 3 3 1 3 4 1 8 10 12 13 10 27 9 4 15 43 20 52 14 6 12 15 18 17 28 31
0 0 0 0 0 0 0 0 0 0 0 0 0 0 2 2 2 1 1 2 3 9 43 50 18 16 22 23 31 27 17 25 12 4 4 14 6 11 65 10 8 18 40 13 14 9 24 17 18 14 7 22 26 26 12 6 5 5 2 2 2 2 3 2 3 3 2 1 1 3 4 1 3 4 4 4 10 10 10 9 32 7 7 13 17 27 23 17 19 3 4 13 16 29 34 48
0 0 0 0 0 0 0 0 0 0 0 0 0 0 0 1 3 4 9 13 8 18 13 11 6 2 12 23 29 23 41 41 11 6 2 3 10 39 20 19 3 45 66 23 20 20 19 26 30 7 10 16 13 15 7 7 5 2 2 1 1 1 2 6 6 3 3 3 4 4 4 2 1 6 2 3 6 5 7 17 10 7 11 7 17 6 18 25 38 15 9 13 21 24 18 42
0 0 0 0 0 0 0 0 0 0 0 0 0 1 1 3 3 6 10 9 10 30 13 9 12 12 4 13 21 17 17 10 6 14 11 13 26 17 31 13 17 22 44 46 32 26 9 13 17 5 5 20 27 29 24 12 5 3 7 16 9 4 2 4 2 1 12 9 4 3 2 25 11 4 4 2 2 3 4 11 4 7 8 3 10 9 17 28 16 32 19 28 22 33 30 40
0 0 0 0 1 1 0 0 0 0 0 0 1 6 2 15 6 3 7 16 20 20 30 15 12 13 13 8 22 19 11 9 13 19 23 22 7 10 15 16 16 5 10 23 33 18 3 7 6 7 10 13 11 11 8 6 7 2 22 23 10 10 1 2 4 2 17 67 41 18 9 6 22 37 7 3 3 4 8 5 1 12 3 7 7 16 6 7 10 16 29 22 50 34 15 23
0 0 0 0 0 0 0 0 0 0 0 0 0 1 6 6 11 15 11 17 14 11 25 11 7 8 6 4 3 5 13 12 19 19 11 22 20 17 14 12 4 10 18 6 32 19 14 13 12 6 5 5 5 23 14 12 8 2 5 4 4 3 10 4 8 12 8 43 66 42 4 8 8 5 26 11 3 3 4 3 8 12 4 31 12 11 11 17 13 19 29 43 19 19 21 10
0 0 0 0 0 1 1 0 0 0 0 0 0 0 1 1 1 2 6 13 15 14 24 33 18 12 15 13 6 4 8 2 5 10 10 18 19 13 20 6 3 14 7 11 33 17 16 12 14 8 7 6 7 17 26 3 4 4 8 6 5 19 15 19 23 11 20 14 55 28 26 7 5 6 7 15 9 12 8 12 4 7 8 15 13 16 19 7 11 50 23 11 27 20 23 22
0 0 0 0 0 0 0 0 0 0 0 0 1 1 3 3 1 1 3 10 16 35 44 51 44 16 10 5 2 4 4 1 1 2 6 5 12 14 9 12 10 13 4 24 4 2 6 9 11 10 18 17 8 17 11 9 6 10 13 3 12 13 7 7 64 20 21 11 5 58 54 14 15 6 21 32 35 55 33 25 14 11 4 17 41 25 46 33 33 41 28 16 28 33 39 23
0 0 0 0 0 0 0 0 0 0 0 0 0 1 2 2 2 7 4 24 60 31 15 23 34 17 13 13 5 1 4 5 8 4 2 5 17 15 4 9 21 22 19 18 6 3 8 17 26 27 11 41 27 29 18 8 9 4 4 15 7 4 5 8 7 28 15 15 7 22 43 66 46 9 3 24 18 43 5 3 17 47 2 9 3 19 20 69 56 49 73 37 35 32 34 35
0 0 0 0 0 0 0 1 0 0 0 0 0 0 0 1 7 9 9 5 5 39 40 21 24 17 25 36 20 7 6 13 9 9 10 4 4 11 10 11 12 18 16 15 12 13 29 25 19 23 23 18 22 16 15 21 27 32 11 4 13 5 4 33 7 21 33 15 9 11 42 46 51 26 10 14 3 26 11 5 1 21 10 10 14 48 12 20 7 5 44 20 28 72 36 53
0 0 0 0 0 0 0 0 0 0 0 0 1 0 1 2 4 6 9 9 7 2 28 60 39 36 29 29 33 11 11 17 8 9 18 25 10 4 5 11 16 13 8 40 17 19 22 53 52 32 44 19 24 54 70 65 22 16 9 6 9 37 17 4 33 9 34 24 15 3 39 37 28 44 10 16 4 30 42 9 5 40 6 11 17 3 21 13 5 15 68 27 16 57 74 72
0 0 0 0 0 0 0 0 0 0 0 0 1 0 0 1 2 6 9 17 15 14 6 20 22 22 7 9 30 11 8 9 6 5 8 15 12 9 7 13 10 5 5 5 24 28 24 44 32 18 15 37 18 15 12 7 12 5 10 11 10 24 29 10 13 30 4 44 26 8 31 51 45 41 17 13 6 39 10 10 2 60 18 11 19 16 7 15 13 30 62 75 21 18 70 69
0 0 0 0 0 0 0 0 0 0 0 0 0 0 0 1 1 2 10 25 29 16 10 4 3 2 8 5 1 2 9 1 2 5 10 7 10 15 11 8 18 14 18 15 21 27 24 22 15 15 28 31 31 39 16 27 23 13 8 13 6 13 22 22 17 53 22 39 57 19 17 25 52 29 45 13 9 37 21 42 31 57 76 26 19 21 7 26 15 9 40 81 30 13 14 67
0 0 0 0 0 0 0 0 0 0 0 0 0 0 1 1 2 2 8 14 22 14 7 11 6 7 7 3 1 1 4 3 3 4 4 6 13 14 10 21 32 22 21 17 9 16 18 17 20 42 28 47 32 32 27 35 31 24 16 25 17 28 13 30 11 49 39 17 60 39 6 28 39 29 60 21 39 22 24 20 44 21 77 46 12 21 21 52 17 9 11 56 38 18 35 32
0 0 0 0 0 0 0 0 0 0 0 0 0 0 0 1 1 3 5 9 14 13 13 10 17 13 16 11 2 1 1 1 1 4 4 3 12 14 6 7 26 19 11 7 18 11 18 13 12 40 53 47 55 34 14 27 58 24 38 33 37 46 18 7 11 9 28 16 30 54 23 18 21 62 47 36 55 22 36 67 50 21 51 72 22 26 11 11 12 17 22 63 35 47 29 10
1 0 0 0 0 0 0 0 0 0 0 0 0 1 0 0 4 4 23 24 16 35 21 26 8 10 15 14 9 1 1 1 7 5 15 15 12 20 22 19 19 15 13 10 12 9 8 17 13 11 9 20 11 20 48 41 61 21 79 62 20 58 24 32 33 13 8 6 23 42 20 41 22 43 11 37 78 56 35 53 66 60 52 80 24 20 33 13 17 6 28 43 44 19 12 15
0 1 1 0 0 0 0 0 0 0 0 0 0 1 1 1 1 3 4 2 6 3 5 9 18 26 15 14 22 4 1 13 9 12 6 4 12 11 11 36 25 9 14 24 20 20 24 27 12 30 32 11 34 54 45 59 43 50 42 56 17 41 53 27 45 58 56 35 17 55 57 71 65 37 33 42 64 68 52 55 61 64 47 77 72 41 8 8 11 23 32 47 56 26 13 8
0 0 0 0 1 0 0 0 0 0 0 0 0 0 2 3 3 2 6 5 4 8 7 13 31 14 17 20 22 22 8 53 16 6 11 5 21 21 24 33 52 26 31 34 22 34 20 26 15 21 27 19 8 39 18 31 65 66 47 51 55 71 74 63 21 63 56 62 54 35 51 65 21 39 37 42 61 51 73 75 63 44 43 81 72 35 43 9 13 41 23 52 40 41 34 21
1 0 0 0 0 0 0 0 0 0 0 0 0 0 0 0 1 2 1 12 6 9 12 13 14 14 26 18 20 13 16 53 12 15 14 11 18 16 18 34 45 22 22 33 19 30 10 11 25 14 13 24 9 6 7 8 37 59 65 70 60 50 67 83 47 39 65 65 55 34 14 28 40 28 35 56 66 81 61 43 41 32 82 72 74 32 25 25 17 24 29 53 15 10 13 45
3 1 0 0 0 0 0 0 0 0 0 0 1 0 2 0 0 1 1 6 11 15 4 6 9 15 18 8 25 21 37 19 20 29 14 7 8 17 43 42 21 13 27 41 39 26 9 9 8 25 14 13 20 16 7 4 13 19 14 43 30 28 61 79 70 51 28 13 15 25 19 21 20 24 29 29 64 54 48 33 12 31 83 70 74 63 29 33 9 30 38 64 62 47 23 11
1 1 1 0 0 0 0 0 0 0 0 1 0 0 6 0 1 1 3 8 6 5 1 8 4 2 12 5 24 32 34 34 38 19 9 19 23 21 43 31 15 31 15 17 33 10 8 12 5 20 10 7 16 7 16 10 9 15 18 6 25 28 35 46 49 24 21 34 26 39 24 15 18 24 26 12 38 34 39 22 19 12 44 30 48 72 33 45 14 42 59 50 37 40 38 16
1 0 0 0 0 1 0 0 0 0 0 0 0 1 0 2 1 2 1 2 5 1 7 5 5 3 8 7 20 15 19 20 33 14 23 24 30 16 31 23 16 23 15 17 20 8 10 10 6 32 15 10 21 22 16 12 24 23 35 21 13 19 7 15 5 5 17 30 34 37 34 20 15 9 11 10 19 20 23 21 23 16 20 17 32 41 16 33 11 34 59 55 32 17 76 59
0 1 1 0 0 0 0 0 0 0 0 0 0 1 0 7 3 1 2 1 4 2 2 4 4 5 21 15 21 14 25 34 11 19 20 35 18 17 39 10 16 23 9 16 15 27 7 15 6 20 12 16 16 28 11 17 17 28 20 26 27 35 15 14 15 9 28 21 27 19 11 8 29 15 10 5 8 20 14 12 13 10 13 26 31 28 22 30 15 69 73 71 69 28 9 21
0 0 0 1 0 0 0 0 0 0 0 0 2 3 2 0 2 1 1 2 4 2 3 8 6 5 19 10 7 6 8 12 19 45 22 14 16 5 19 8 15 13 14 12 6 9 9 11 16 16 15 17 13 18 17 28 31 18 26 20 37 20 11 27 8 16 20 36 14 11 18 40 28 24 26 26 8 6 15 12 13 18 12 32 19 15 44 15 29 69 67 63 79 43 48 14
1 0 0 0 0 0 0 0 0 0 0 0 0 1 1 0 0 2 1 1 1 1 2 5 4 11 10 12 5 5 10 32 14 17 27 16 11 11 18 6 11 9 4 4 5 11 3 6 7 2 9 4 11 22 27 32 44 31 14 24 19 25 21 15 51 15 23 27 30 53 43 26 16 16 23 27 25 30 32 32 41 44 18 19 17 31 53 32 48 61 34 54 83 63 66 47
1 1 1 1 0 0 0 0 0 0 0 0 0 1 1 1 1 1 1 1 1 1 1 1 2 1 4 7 7 15 9 20 7 12 23 13 7 10 5 9 6 7 5 16 21 9 4 18 40 16 25 18 32 48 48 17 25 28 25 19 23 24 40 32 37 30 27 27 53 11 8 11 14 7 5 8 28 23 37 45 48 41 34 14 14 34 60 27 32 17 25 60 90 54 72 62
0 0 0 1 2 2 1 0 1 2 2 1 1 0 0 2 1 1 2 4 13 6 9 3 8 2 2 5 9 6 9 5 5 10 20 11 6 5 3 5 14 44 12 7 13 14 22 10 40 52 74 40 53 72 54 29 47 28 12 13 13 16 38 21 23 32 29 38 14 12 16 23 42 27 27 20 9 31 48 64 54 18 12 18 10 35 53 33 30 26 31 81 84 51 59 88
0 0 0 1 1 1 3 2 1 1 1 0 0 0 0 0 1 1 3 2 10 20 14 4 5 8 19 11 13 4 22 8 7 6 7 6 3 4 10 9 21 3 18 42 13 27 31 24 22 71 71 77 30 59 57 56 36 55 33 25 21 26 8 24 34 40 41 14 17 17 31 47 35 44 57 36 22 48 63 64 28 17 11 24 16 33 18 15 31 35 58 87 67 80 58 89
1 1 1 1 2 1 1 1 1 1 0 0 0 0 1 0 2 1 5 6 3 26 17 28 34 47 34 28 19 6 13 8 5 8 11 31 19 32 46 36 41 48 29 58 20 40 59 63 14 14 13 68 67 34 56 30 27 71 48 43 19 20 26 35 37 40 28 33 32 44 37 20 34 33 37 34 58 48 35 34 18 12 11 14 12 21 15 18 19 21 36 76 51 71 30 61
1 2 2 1 1 1 0 0 0 0 0 0 0 0 1 0 0 1 7 21 6 2 19 58 30 48 42 51 47 61 36 55 54 67 25 49 5 42 65 33 54 74 29 63 61 34 65 29 77 42 21 79 61 57 57 56 78 81 35 52 26 19 20 21 20 28 23 16 14 20 22 28 20 34 39 60 65 53 16 7 17 9 7 12 6 11 12 21 23 43 60 74 39 44 43 38
1 2 11 1 4 4 1 1 1 1 1 1 1 1 1 0 1 1 1 12 7 2 2 7 8 5 29 59 42 47 53 47 70 48 37 49 64 54 59 65 31 74 73 38 56 49 71 35 70 83 55 58 59 49 33 76 60 63 50 57 46 16 16 16 37 26 28 36 38 38 46 32 45 38 63 63 41 23 18 7 2 4 5 7 8 5 9 18 19 32 57 60 19 26 29 30
2 2 1 5 4 6 3 4 3 3 1 2 2 2 1 1 2 1 4 1 1 1 4 2 3 9 23 19 28 42 50 60 20 50 24 68 58 57 61 66 52 66 56 60 67 62 68 74 20 68 51 31 76 23 47 74 56 21 64 23 31 51 13 13 24 25 45 40 41 36 36 42 57 80 76 62 40 20 4 6 5 3 1 1 5 2 9 8 12 22 41 30 21 13 33 42
1 2 3 2 2 4 1 1 4 1 2 1 1 2 1 1 1 1 4 7 6 5 4 4 4 6 2 4 4 7 5 5 10 14 5 4 8 7 7 11 13 14 9 17 19 17 19 69 55 47 77 31 61 57 59 61 24 15 26 28 59 53 26 18 35 35 41 30 31 59 73 74 76 72 63 51 31 8 3 3 2 3 2 1 3 1 4 3 5 8 16 19 16 8 15 19
3 4 4 3 1 0 1 1 2 0 2 1 1 1 1 1 1 1 2 1 2 6 6 4 10 6 4 5 8 11 7 7 19 15 12 16 8 10 14 19 18 20 33 19 24 16 27 11 16 19 50 49 57 63 58 31 35 43 37 49 52 28 22 29 32 30 43 58 71 71 77 62 40 38 22 18 5 6 6 5 5 4 2 2 1 1 1 1 2 2 5 6 9 6 5 7
12 16 7 1 1 0 0 1 0 1 0 0 0 1 0 1 1 1 1 5 3 1 2 2 4 3 2 9 5 4 8 9 3 3 3 8 7 6 12 7 10 21 21 13 13 19 14 26 23 23 14 17 15 16 26 30 42 37 34 43 15 17 19 31 35 25 26 23 46 68 71 64 43 31 11 10 17 16 26 20 11 6 1 2 4 4 3 2 1 1 1 1 3 7 6 4
2 2 1 5 2 1 0 0 0 0 0 1 0 1 0 1 1 0 0 0 5 5 4 4 3 3 3 6 8 9 6 2 6 3 4 6 7 9 10 14 10 10 12 7 5 6 7 8 17 26 36 52 35 29 29 26 30 29 30 13 11 20 18 38 29 17 25 25 28 34 25 36 39 17 10 21 27 24 7 5 2 3 3 6 14 15 14 7 5 4 2 1 1 1 1 1
2 2 2 1 0 0 0 0 1 0 0 0 0 0 1 0 0 1 1 1 1 6 6 4 5 2 3 6 10 2 2 4 3 8 9 4 7 7 6 8 8 9 27 14 15 11 12 18 26 22 34 36 29 27 29 23 27 20 19 19 4 21 20 26 43 43 40 49 35 29 16 15 7 14 20 31 49 28 11 7 7 10 10 23 18 17 19 20 18 8 10 5 3 2 1 1
4 2 1 1 0 0 0 0 0 0 0 0 0 0 0 0 0 1 1 0 1 3 5 5 6 1 9 14 4 1 5 3 6 5 9 10 6 11 12 12 3 11 14 16 12 25 26 22 17 14 23 12 39 28 50 37 22 20 14 10 13 16 20 15 59 66 34 52 45 37 25 23 12 22 38 45 23 8 14 18 16 26 17 28 33 30 38 26 25 21 18 15 11 9 3 6
2 1 1 0 0 1 3 5 2 0 3 0 0 0 0 0 0 0 0 1 2 3 1 2 4 6 24 25 8 4 7 5 6 16 7 11 9 12 5 5 16 14 10 14 15 26 22 11 29 14 24 31 30 20 36 20 36 10 18 8 26 40 18 49 76 51 49 31 27 29 20 10 14 26 37 33 14 22 21 28 36 33 37 51 48 41 40 30 42 44 28 40 21 13 11 10
1 1 0 0 2 8 3 2 6 10 0 2 0 0 0 0 0 0 0 1 2 1 1 5 4 19 11 2 2 2 3 7 4 6 21 7 7 11 12 17 10 11 9 9 13 13 22 20 18 22 27 25 31 21 25 20 40 23 10 5 12 35 53 66 58 59 35 33 31 16 13 15 24 11 39 17 29 29 45 47 55 42 50 58 59 42 56 54 51 36 37 37 28 23 30 30
0 0 0 0 1 8 6 7 12 6 2 2 7 1 0 0 0 0 1 1 0 0 1 5 2 1 2 3 6 8 4 3 9 3 8 9 9 21 11 11 5 12 5 4 6 14 14 23 26 18 15 34 10 22 29 26 14 10 22 14 4 20 20 28 41 62 50 62 40 11 27 22 33 27 72 37 31 34 44 47 59 44 50 65 45 44 60 72 61 57 41 41 36 50 44 28
0 0 0 2 0 0 0 0 7 8 10 9 7 1 2 1 0 0 0 0 0 0 1 1 1 3 4 4 5 3 3 2 2 3 3 6 4 5 6 12 23 7 12 11 3 5 9 9 15 20 24 20 22 5 34 5 13 30 14 15 7 8 16 14 12 13 33 22 12 30 59 32 38 31 69 35 41 44 59 66 81 69 82 80 74 67 68 68 82 80 53 46 45 45 71 46
0 0 0 0 0 0 0 1 0 3 1 5 4 2 2 2 2 2 2 0 0 1 0 0 1 3 3 1 1 1 1 1 1 2 2 2 3 3 3 9 14 27 11 4 21 15 20 7 14 10 9 17 6 18 17 23 25 16 18 14 10 26 39 28 21 14 14 28 38 35 47 51 30 44 63 55 62 55 68 82 71 61 83 81 80 78 77 75 79 73 61 53 70 73 75 60
0 0 0 1 1 0 6 1 2 0 6 13 3 11 4 7 13 7 5 1 1 0 0 0 1 1 0 0 0 0 0 0 0 1 2 2 1 2 5 9 7 11 16 19 1 15 14 16 16 10 10 22 29 14 6 6 11 25 21 20 15 40 31 23 12 26 29 31 57 52 43 70 50 65 59 73 77 71 78 69 42 67 78 62 43 47 66 40 70 79 66 66 62 65 63 78
2 4 9 2 9 1 0 0 3 2 12 14 11 42 15 17 31 16 3 4 1 2 0 0 0 0 1 0 0 0 0 0 1 1 0 1 2 2 2 2 2 7 11 26 16 9 16 10 16 13 12 10 8 37 55 23 21 18 17 20 31 29 36 19 28 35 49 27 49 59 40 56 64 60 76 51 65 61 76 67 24 36 49 61 35 10 14 30 72 68 70 75 40 45 33 71
