sesion_6_simulaciones/modelos_agentes/ejemplos_netlogo/scenarios/cgcm2_b2/rob_2079.asc
NCOLS 322 
NROWS 307 
XLLCORNER 451900 
YLLCORNER 4086900 
CELLSIZE 100 
NODATA_value -9999 
[rows 219 to 291 of 307, columns 192 to 287 of 322]
10 8 3 2 1 1 1 1 0 0 0 0 0 0 0 0 0 0 0 0 0 0 0 0 0 0 0 0 0 0 1 1 6 15 46 50 34 53 45 37 50 54 55 55 46 40 28 65 52 34 37 32 32 39 9 57 46 24 26 45 57 61 48 82 79 83 81 50 30 23 55 55 71 26 3 1 0 0 0 0 0 0 0 0 0 0 0 0 1 1 1 2 1 2 5 4
14 5 5 9 5 2 1 1 1 0 0 0 0 0 0 0 0 0 0 0 1 0 0 1 1 0 0 1 1 1 2 1 6 14 33 25 48 37 41 37 51 47 41 60 43 30 33 28 36 22 46 33 20 26 39 18 14 29 18 55 70 61 55 82 89 80 80 90 75 48 32 32 41 21 13 3 1 0 0 0 0 0 0 0 0 0 0 1 1 1 1 1 3 2 3 8
4 1 1 5 2 1 1 0 0 0 0 0 0 0 0 0 0 0 0 0 1 1 1 1 1 1 1 1 1 2 2 2 3 11 17 18 17 32 39 37 59 53 55 67 49 45 46 38 46 23 57 29 15 12 37 49 7 15 46 40 49 34 21 58 83 67 70 82 91 73 20 6 3 5 6 0 0 0 0 0 0 0 0 0 0 0 0 0 0 1 2 1 1 2 4 5
2 2 1 0 2 2 1 0 0 0 0 0 0 0 0 0 0 0 0 0 0 1 5 4 2 3 2 2 4 5 2 4 12 13 13 11 20 38 36 41 44 38 41 60 39 49 51 32 41 54 45 41 17 16 20 20 19 43 62 61 43 36 45 28 60 78 68 60 75 79 39 18 6 1 1 0 0 0 0 0 0 0 0 0 0 0 0 0 0 0 1 2 2 2 3 2
8 8 5 3 1 1 1 1 0 0 0 0 0 0 0 0 0 0 0 0 1 2 5 9 4 5 6 5 9 10 5 7 15 19 20 13 23 19 27 31 38 33 41 60 47 33 48 33 43 37 34 21 22 18 11 12 19 33 30 31 25 38 45 30 35 62 52 43 64 69 40 13 5 2 0 0 0 0 0 0 0 0 0 0 0 0 0 0 0 1 1 1 2 3 4 5
9 7 5 3 2 1 1 0 0 0 0 0 0 0 0 0 0 0 0 0 1 4 6 15 11 8 9 12 13 24 22 15 16 18 22 14 25 11 27 28 22 31 38 58 65 31 45 43 23 19 26 24 34 10 6 17 20 39 20 39 39 43 46 42 15 19 5 3 8 43 51 13 3 0 0 0 0 0 0 0 0 0 0 0 0 0 0 1 1 0 1 2 2 3 4 10
5 3 3 1 1 1 0 0 0 0 0 0 0 0 0 0 0 1 1 1 1 2 5 13 20 21 16 18 15 29 57 38 24 24 13 15 20 19 39 23 20 21 34 39 56 51 21 32 11 12 11 8 20 18 4 14 18 17 28 49 54 48 56 46 19 22 13 15 5 5 21 8 2 1 1 1 1 0 0 0 0 0 0 0 0 0 0 0 1 1 1 3 3 3 4 7
5 3 2 1 0 0 0 0 0 0 0 0 0 0 0 0 0 1 1 2 1 3 7 9 22 48 28 24 28 20 39 54 26 35 26 30 35 37 24 26 16 21 22 23 28 35 26 46 34 11 35 29 14 10 5 10 43 38 43 49 63 52 48 30 23 21 26 33 14 8 6 1 2 2 2 1 1 0 0 0 0 0 0 0 0 0 0 0 0 0 1 1 3 4 4 7
3 5 3 2 1 1 0 0 0 0 0 0 0 0 0 0 1 1 2 5 5 8 8 12 20 47 60 36 53 31 40 54 38 26 45 48 37 33 32 29 8 14 13 23 32 36 46 57 65 26 24 23 17 8 11 15 28 25 43 55 55 38 35 25 48 37 44 33 15 9 3 2 2 3 2 2 1 1 0 0 0 0 0 0 0 0 0 0 0 0 1 1 1 2 4 7
5 2 1 1 1 0 0 0 0 0 0 0 0 0 1 0 0 1 3 5 10 21 33 22 28 41 73 35 54 34 39 54 21 24 44 46 49 45 35 33 20 22 19 15 34 39 37 55 49 48 36 26 19 11 35 46 43 46 57 69 49 29 33 47 73 63 35 21 14 6 6 5 6 5 6 3 2 1 0 0 0 1 1 0 1 0 0 1 0 1 1 2 2 2 3 8
5 3 1 1 0 0 0 0 0 0 0 0 0 0 0 0 0 1 1 3 6 16 37 57 50 44 65 63 71 41 62 34 21 21 33 51 53 52 30 31 32 34 22 20 25 40 41 41 35 32 43 41 21 23 30 28 47 31 42 16 29 54 55 78 70 47 34 20 22 21 15 11 10 11 4 2 2 1 0 0 0 1 1 1 0 1 1 1 0 1 1 1 4 4 5 8
1 2 1 0 0 0 0 0 0 0 0 0 0 0 0 0 1 1 1 3 9 16 34 37 57 58 70 75 67 39 54 26 22 48 34 48 52 39 35 43 41 45 22 23 43 43 52 43 51 25 26 23 19 7 14 10 73 44 23 36 48 49 55 46 29 24 25 25 17 21 28 26 15 4 1 1 1 0 0 0 0 0 1 1 1 1 2 4 1 1 1 2 3 3 5 9
0 0 1 0 0 0 0 0 0 0 0 0 0 0 1 1 1 1 3 7 9 17 35 49 47 55 63 62 64 61 69 38 28 40 51 40 50 44 38 38 41 28 34 21 23 28 45 50 45 35 17 18 13 14 26 26 8 76 78 52 32 17 34 31 39 32 22 14 8 26 52 28 9 3 1 1 0 0 0 0 0 0 1 1 2 1 1 2 3 1 1 2 3 4 4 8
1 0 0 0 0 0 0 0 0 0 0 0 0 1 1 1 1 2 5 6 7 27 46 58 46 52 64 57 76 82 54 44 44 58 37 53 51 49 45 43 41 36 52 18 34 32 42 38 27 12 30 17 22 24 33 53 37 29 39 45 24 44 28 29 25 29 25 9 16 30 30 11 8 4 1 0 0 0 0 0 0 0 0 2 2 1 0 1 6 1 1 2 4 4 3 5
0 0 0 0 0 0 0 0 0 0 0 0 0 0 1 1 2 4 7 18 12 16 55 48 66 55 61 66 26 80 57 52 44 59 48 38 44 54 46 45 44 36 62 20 20 59 41 36 34 22 40 18 20 41 51 19 47 46 27 13 25 14 23 28 25 25 15 42 31 11 18 7 4 3 2 0 0 0 0 0 1 1 0 1 1 2 1 2 4 3 3 2 2 8 5 5
1 1 1 0 0 0 0 0 0 0 0 0 0 0 0 1 1 3 8 18 29 39 67 54 69 68 72 65 71 64 82 48 41 52 44 22 29 49 54 58 44 21 41 48 12 29 33 57 32 33 39 28 19 33 25 25 13 15 20 37 30 32 29 42 19 20 30 14 9 14 11 6 4 1 0 0 0 0 1 0 1 1 1 1 3 4 1 1 4 4 13 5 2 3 11 10
0 1 0 0 0 0 0 0 0 0 0 0 0 0 0 1 1 3 8 14 33 28 45 15 35 58 55 25 26 49 75 40 49 79 43 43 50 57 35 13 26 12 41 48 14 37 52 33 12 25 39 33 20 29 22 11 38 41 49 33 18 25 53 62 42 33 49 44 32 19 9 5 1 1 0 0 1 0 1 0 1 1 1 1 3 3 6 2 5 3 1 9 3 3 5 8
0 0 0 0 0 0 0 0 0 0 0 0 0 0 0 0 1 1 4 10 17 14 14 41 38 40 29 34 46 49 65 63 65 68 60 55 51 46 45 24 33 31 33 51 12 23 40 36 19 16 19 30 26 24 9 25 42 18 24 31 34 55 63 64 65 57 36 20 26 14 25 8 2 1 0 0 0 1 1 1 1 1 2 1 2 3 3 8 7 7 4 11 6 1 4 4
1 0 0 0 0 0 0 0 0 0 0 0 0 0 0 0 1 1 2 3 6 31 33 29 40 51 45 36 42 53 51 51 64 65 44 50 46 48 52 20 49 39 31 51 10 16 37 29 41 37 15 14 37 28 18 27 28 22 51 36 62 46 47 69 78 47 34 13 30 9 6 4 1 1 1 1 1 2 2 1 2 1 1 2 2 1 3 10 21 23 4 4 7 4 6 12
0 0 0 0 0 0 0 0 0 0 0 0 0 0 0 0 0 1 1 3 7 13 23 20 19 33 49 35 47 35 46 52 53 72 55 63 45 58 38 42 23 35 20 39 11 10 21 21 24 35 36 17 18 6 21 10 9 35 39 32 42 32 57 62 62 68 32 10 5 5 3 1 0 1 1 1 1 1 3 3 5 2 2 2 2 2 2 1 2 6 19 16 10 7 7 12
0 0 0 0 0 0 0 0 0 0 0 0 1 1 0 0 1 1 1 3 8 14 13 23 30 46 35 30 38 38 22 28 49 40 37 61 30 53 39 35 35 34 67 43 17 19 32 48 22 14 18 16 5 26 7 13 27 58 51 73 71 53 36 42 36 23 22 20 8 3 1 0 1 2 1 3 1 1 3 6 4 7 3 3 3 3 4 3 3 4 11 9 9 33 10 17
0 0 0 0 0 0 0 0 0 0 0 0 1 1 1 0 1 1 2 2 4 3 7 10 15 27 23 20 25 28 40 39 25 21 14 63 39 66 30 43 32 28 70 50 34 21 54 36 36 27 14 37 15 37 26 38 42 19 35 41 45 39 22 32 41 27 29 10 9 4 2 0 1 1 2 4 5 2 2 4 6 10 6 8 4 2 3 6 2 1 2 2 3 12 21 12
0 0 0 0 0 0 0 0 0 0 0 1 1 1 2 1 1 3 2 6 11 15 26 32 38 36 38 53 57 42 46 61 58 39 52 46 66 56 32 36 28 22 18 52 28 12 24 30 34 23 28 42 53 62 87 77 77 67 68 44 44 43 47 55 40 24 16 9 6 3 1 0 1 2 4 4 5 4 5 10 6 14 7 12 6 3 3 6 9 2 5 6 4 3 3 7
0 0 0 0 0 0 0 0 0 0 0 1 0 1 2 1 1 1 6 12 23 21 32 46 60 67 67 57 76 61 47 45 40 27 17 19 38 40 46 34 36 13 16 43 17 14 14 28 15 25 6 5 8 11 29 46 84 84 63 60 46 41 21 47 30 18 13 8 2 1 0 0 2 3 2 4 5 10 6 12 7 4 17 16 9 4 4 11 8 4 6 9 8 16 21 31
0 0 0 0 0 0 0 0 0 0 0 0 1 1 1 3 1 1 2 5 14 32 16 40 38 56 65 51 11 29 46 33 22 22 29 39 42 25 50 18 30 16 6 31 20 25 8 8 7 18 16 12 12 11 12 11 30 60 74 76 81 43 35 24 18 14 12 9 6 1 1 2 4 4 4 5 17 12 14 15 15 5 6 26 13 5 5 7 8 6 10 5 13 17 26 35
0 0 0 0 0 0 0 1 1 1 0 0 1 1 1 2 1 1 2 4 8 13 11 27 24 24 25 17 14 16 27 25 24 33 28 18 30 45 38 7 21 26 7 16 17 6 4 23 16 14 34 20 29 33 32 37 40 55 47 37 49 77 57 41 31 25 22 8 4 1 1 4 6 10 9 7 14 19 15 11 10 11 4 15 24 12 12 5 14 7 14 14 10 20 22 16
0 0 0 0 1 1 1 1 1 1 0 1 1 1 2 1 4 0 1 1 3 3 8 11 16 29 28 34 41 29 40 23 24 38 31 25 24 18 9 10 20 27 61 31 10 13 5 13 17 13 33 42 23 41 58 33 28 25 29 20 21 36 53 48 37 20 18 9 3 1 2 5 6 10 11 13 9 28 18 28 14 22 14 14 43 18 24 9 16 16 16 28 17 19 16 25
0 0 0 0 1 1 1 1 1 1 1 1 1 2 3 2 3 1 1 2 2 2 7 10 17 24 32 30 33 52 46 50 43 62 21 16 20 26 25 22 46 44 15 15 40 18 9 12 11 45 55 17 38 35 27 30 46 41 49 30 26 21 20 22 22 15 8 6 2 1 3 7 7 14 10 10 11 18 24 33 23 15 26 15 46 15 17 20 12 31 19 19 19 14 17 17
0 0 1 1 1 1 1 1 2 2 1 0 1 1 5 13 1 1 1 5 6 8 6 8 13 15 27 19 26 37 40 33 29 29 32 33 26 35 34 23 13 10 7 4 8 22 25 12 47 62 15 9 13 41 38 35 31 40 28 25 30 21 18 12 11 8 7 3 2 3 5 8 8 10 11 12 14 18 29 24 25 22 24 37 50 16 20 23 15 33 21 10 27 11 6 14
1 1 1 1 1 1 1 2 4 4 1 0 1 2 4 6 2 2 1 4 8 9 10 6 6 6 17 23 26 36 26 25 31 30 29 27 28 23 21 23 15 9 7 5 9 4 7 34 11 34 12 14 14 12 24 76 49 52 41 35 25 21 16 11 9 7 5 2 2 3 6 8 6 10 10 19 24 15 19 40 32 37 38 39 50 31 35 14 37 30 9 16 23 9 13 18
1 1 1 4 2 1 1 2 3 7 1 1 2 2 5 9 5 3 3 8 13 21 11 15 15 5 10 16 20 19 26 18 26 28 27 16 15 8 12 15 27 27 24 19 19 26 21 7 4 9 17 35 38 32 39 22 36 39 50 46 34 21 15 13 10 7 5 2 1 6 8 9 12 12 22 20 18 28 18 16 28 30 31 45 22 79 40 15 27 28 7 18 15 29 16 23
2 3 1 4 3 1 1 3 4 6 1 1 2 3 7 8 9 1 6 11 15 27 15 18 19 28 17 13 10 12 14 26 42 32 13 28 12 28 16 17 21 28 15 11 9 15 7 8 16 28 35 31 40 35 46 15 13 14 14 26 22 24 18 16 13 12 8 3 2 6 7 7 14 17 22 9 18 13 27 13 20 18 32 21 44 68 25 18 41 15 9 18 17 26 31 29
1 2 4 4 4 3 2 2 6 13 2 3 4 7 7 12 2 2 8 12 22 31 38 22 42 27 29 29 18 20 13 47 56 35 38 24 20 27 18 14 26 11 18 8 12 13 10 11 10 31 30 23 39 43 38 15 29 36 35 40 34 29 28 29 21 19 11 4 2 8 10 9 22 14 19 33 31 22 12 24 16 26 29 37 31 55 45 37 38 18 17 26 14 15 7 35
1 1 5 6 5 4 3 4 8 8 2 5 7 17 22 6 2 1 8 12 16 36 35 41 27 31 49 37 33 33 35 43 56 50 38 43 42 24 44 24 13 19 6 5 5 10 9 11 11 17 21 29 34 29 42 41 41 49 47 51 51 52 35 24 14 9 9 2 4 11 16 12 25 28 20 23 31 23 26 8 35 11 16 36 38 56 63 71 35 20 30 24 29 31 21 46
2 2 6 9 12 7 4 5 11 12 3 4 10 22 13 3 1 4 8 12 26 31 35 38 43 34 48 40 55 54 54 41 22 28 38 37 36 17 31 29 28 18 10 9 18 9 8 21 8 7 9 18 37 53 39 39 57 57 54 36 53 33 15 19 19 13 5 3 3 9 23 13 22 29 34 26 35 23 29 22 18 39 19 8 11 35 54 68 33 44 34 29 26 44 19 19
2 3 4 6 19 12 5 6 10 14 3 3 11 23 8 3 2 5 13 15 16 21 26 37 56 34 41 38 34 53 56 42 43 33 33 19 27 28 34 24 21 14 11 14 29 16 13 15 5 4 8 28 43 28 56 62 31 38 27 27 21 18 28 28 14 11 9 3 4 6 27 18 19 19 26 35 29 28 14 27 14 43 26 20 11 10 29 44 53 69 40 34 28 39 13 18
3 7 5 5 9 20 7 10 20 5 4 4 8 29 12 4 2 8 13 15 26 38 38 54 53 48 27 33 52 47 27 55 73 56 28 27 20 22 33 21 11 19 19 13 14 7 10 6 19 14 21 28 33 47 57 42 55 33 38 38 32 28 23 16 16 14 6 3 4 9 10 34 20 18 23 26 43 40 27 47 18 17 28 24 20 18 17 34 53 56 39 40 33 37 20 30
4 5 14 11 5 14 5 12 37 6 6 13 19 21 7 5 1 4 17 20 36 30 35 57 56 52 46 20 15 18 26 25 29 12 14 24 37 23 24 36 25 17 11 9 6 4 5 7 24 25 30 33 42 49 65 60 58 45 37 45 35 38 37 21 18 17 7 6 6 18 20 20 38 18 21 26 50 41 29 24 35 19 15 38 34 20 24 24 42 49 58 38 33 24 35 18
5 7 16 23 10 26 6 13 40 17 8 20 25 12 5 1 1 3 7 21 39 43 35 40 47 62 43 20 26 20 25 24 31 23 17 10 21 29 36 32 18 16 7 10 10 5 10 4 2 4 29 24 22 40 39 30 30 53 51 43 46 24 24 22 16 15 14 3 8 18 23 21 23 10 28 29 31 47 58 47 45 26 19 18 35 23 18 32 47 79 70 36 24 21 36 17
6 7 9 28 12 22 12 11 17 26 12 30 22 4 2 3 5 7 14 27 30 34 45 27 37 47 63 27 21 21 33 30 30 28 22 30 20 25 14 7 9 16 8 9 14 8 7 2 9 15 19 37 69 55 36 63 57 74 51 37 44 40 37 32 29 15 13 7 11 22 20 32 46 18 19 45 35 52 42 37 55 21 30 31 55 23 14 20 17 35 58 32 32 15 49 35
6 6 6 17 38 17 28 12 35 15 35 15 5 2 5 6 10 7 31 41 23 34 37 41 19 34 55 63 32 33 20 30 25 14 12 13 19 13 9 8 10 4 3 2 6 4 6 3 13 12 12 31 27 47 56 55 36 59 34 27 31 35 35 29 16 13 10 18 18 23 28 35 9 27 38 46 42 31 46 30 67 27 31 23 30 47 33 36 42 36 46 27 51 18 30 48
15 9 7 9 17 32 34 17 53 22 21 4 3 6 8 14 14 9 12 11 24 28 37 57 50 31 31 16 37 52 19 31 16 14 21 25 25 15 14 12 8 8 14 8 4 2 2 2 9 16 24 28 41 29 43 39 37 34 23 9 23 29 27 23 13 10 10 19 22 24 29 44 14 13 7 13 38 54 69 24 57 44 31 33 21 17 55 29 40 42 34 51 18 21 35 48
11 18 12 9 9 20 48 24 22 8 5 1 5 9 20 26 24 9 13 16 28 32 28 11 18 14 19 36 11 19 37 55 33 37 11 25 9 13 14 3 4 5 4 3 3 12 4 4 8 16 25 16 18 28 30 35 26 43 31 34 44 32 29 18 24 23 13 24 23 27 25 41 14 27 16 22 22 16 40 34 28 53 33 38 22 43 46 14 38 53 55 45 17 23 21 25
13 20 15 20 30 38 39 20 20 6 7 6 9 20 22 28 32 21 22 24 29 32 26 19 17 23 20 13 16 30 15 22 26 54 24 41 10 8 9 9 8 5 6 7 3 3 5 4 10 19 35 16 18 25 40 20 40 61 66 57 47 32 33 31 26 24 26 37 26 27 28 35 19 32 29 23 36 32 37 54 20 55 32 54 20 18 42 9 19 26 53 34 13 24 25 50
14 26 19 26 35 46 36 8 5 3 10 9 18 23 24 33 22 45 39 26 31 30 28 34 36 28 28 16 20 41 16 12 7 8 10 26 33 24 18 35 21 17 10 8 7 4 2 7 21 18 26 10 13 27 29 35 50 73 37 42 51 31 34 28 26 25 31 44 28 29 31 32 30 31 43 25 36 35 33 32 48 76 44 50 36 12 47 26 11 15 34 43 23 27 22 8
17 34 36 33 64 42 9 6 9 11 21 18 16 29 27 40 15 28 59 19 35 26 16 24 33 37 16 24 28 31 52 17 12 6 7 5 6 4 9 28 32 13 16 10 8 6 4 5 15 13 12 11 18 24 45 46 44 44 43 30 49 39 27 10 32 17 19 53 32 31 45 32 46 30 42 35 33 38 33 26 29 16 59 58 48 16 23 20 10 10 18 46 21 33 38 29
21 29 59 49 57 11 11 10 12 23 25 25 35 48 16 32 17 28 33 55 21 41 16 14 20 36 36 32 27 20 11 24 12 13 9 7 7 7 7 9 12 7 5 8 3 2 3 8 8 10 11 10 12 21 39 54 25 49 68 57 27 23 16 9 43 28 29 47 38 30 47 33 61 42 41 46 31 31 45 29 22 16 44 39 47 20 10 45 12 14 23 42 42 38 24 28
14 33 62 71 39 6 12 23 26 26 43 52 25 33 20 20 42 19 32 30 23 31 21 20 22 29 25 43 28 32 33 22 30 18 14 11 8 6 6 9 10 4 4 4 5 3 5 17 7 10 10 8 15 29 48 45 71 48 39 53 32 18 7 17 24 49 31 34 41 28 38 32 53 46 29 45 44 28 31 45 37 12 22 52 59 23 6 28 20 14 25 17 59 41 20 63
17 41 66 42 7 9 28 27 19 48 36 63 20 39 22 19 26 61 18 34 47 31 41 18 18 33 39 28 27 44 26 24 45 10 15 11 9 11 3 10 7 3 9 10 8 6 13 8 11 16 20 23 23 23 30 44 51 41 43 36 33 17 9 26 21 34 30 31 44 30 31 37 32 52 28 30 56 28 30 33 47 15 25 29 47 23 10 20 28 19 15 12 14 33 28 21
19 50 47 25 12 20 31 32 21 39 20 58 24 40 48 18 44 62 14 42 58 19 52 17 16 35 40 42 16 13 47 10 11 26 37 20 5 9 4 8 4 3 3 4 4 6 7 11 17 21 15 13 11 17 19 27 36 41 30 49 33 20 18 28 36 41 20 27 39 40 26 24 17 40 28 28 36 35 29 23 11 11 34 21 45 22 14 8 21 35 7 17 37 33 37 7
21 46 42 31 16 19 39 54 18 26 25 49 20 33 60 26 40 60 23 23 35 34 38 21 16 20 20 32 33 30 12 17 8 7 2 29 21 6 4 5 4 5 7 6 7 7 5 8 12 25 19 24 17 25 19 26 15 27 32 19 16 30 26 28 27 36 38 30 34 38 17 28 17 28 32 27 35 15 12 30 14 14 13 18 49 53 16 8 18 29 5 10 31 41 41 20
44 42 53 22 18 28 30 40 19 31 28 33 37 23 53 21 18 51 24 17 18 16 60 35 15 13 16 16 19 22 41 23 6 15 3 5 24 6 3 5 3 11 12 10 5 8 2 6 12 24 31 16 16 9 12 27 38 56 35 16 8 25 27 28 28 28 53 20 33 41 15 25 26 29 45 5 24 30 14 12 25 11 11 12 21 43 11 8 11 31 8 8 11 41 66 50
75 43 17 17 28 28 30 36 20 55 34 17 41 20 61 19 18 34 27 14 18 31 48 24 12 18 13 29 30 28 20 22 15 20 2 6 6 17 2 3 7 12 5 7 6 8 4 2 7 18 26 34 25 15 23 30 38 54 45 19 9 39 26 19 26 26 40 25 17 43 25 13 15 43 35 14 13 13 34 8 20 35 15 15 57 35 6 20 2 42 20 7 5 5 13 20
17 9 19 16 25 30 44 42 34 45 29 18 69 16 20 47 23 51 31 12 14 23 24 52 19 23 11 25 29 26 18 11 16 32 6 8 4 32 3 4 4 5 4 4 3 8 6 7 10 28 27 18 40 20 18 15 15 40 42 10 15 24 30 16 29 25 24 39 17 46 32 19 21 17 36 13 13 20 18 16 7 5 35 13 21 39 12 32 6 22 49 10 23 14 8 7
36 19 42 31 26 31 52 29 57 38 13 22 48 23 23 50 14 21 52 9 26 20 15 40 11 22 20 16 18 21 27 23 4 14 7 8 5 4 15 4 1 5 5 9 7 3 2 10 19 20 38 33 9 17 19 3 17 23 17 7 20 48 36 15 12 39 15 31 13 20 63 13 26 27 17 20 17 16 29 19 21 10 12 22 7 36 46 35 10 16 72 10 12 8 19 7
60 33 20 35 36 38 32 29 53 27 24 24 18 22 22 30 17 14 48 17 24 17 8 17 27 21 19 11 13 12 16 16 20 5 7 20 5 4 9 13 3 10 6 7 8 6 7 3 17 7 5 4 5 15 15 38 27 13 19 16 11 35 21 16 16 26 40 11 34 11 38 10 22 37 7 11 34 8 14 21 29 14 9 3 6 6 33 49 14 11 40 17 13 9 17 12
82 41 26 25 27 33 14 30 42 11 30 24 21 24 16 35 16 17 31 11 11 28 10 5 3 9 9 5 21 32 15 16 24 3 5 1 10 4 5 37 4 4 4 7 8 4 10 6 43 14 10 7 8 9 30 43 21 6 7 27 11 9 28 14 27 15 50 10 49 8 21 24 14 20 9 29 15 13 8 10 16 21 17 8 7 7 5 9 34 43 31 22 14 8 22 12
60 22 14 31 18 18 17 19 42 11 20 15 17 42 16 40 17 40 16 9 8 22 14 7 7 9 10 10 13 16 31 30 6 5 3 2 2 10 3 36 2 2 2 6 5 3 10 4 3 8 13 16 3 21 34 30 19 11 4 33 18 13 6 28 25 23 39 10 41 16 10 15 26 38 13 9 15 5 13 3 4 14 7 9 6 5 7 3 4 10 43 17 8 10 23 13
71 24 53 23 24 17 17 17 16 12 23 21 10 47 45 11 27 22 25 20 17 9 16 12 15 20 11 17 7 7 10 10 9 5 2 4 2 3 6 14 4 1 3 2 3 4 4 14 3 4 7 8 15 47 39 26 18 16 5 10 23 11 18 15 20 40 23 28 6 27 41 6 35 51 16 3 11 5 7 3 12 9 14 13 3 2 3 5 5 4 10 21 16 5 21 5
61 40 16 17 17 20 28 18 20 10 15 13 20 31 28 9 10 12 12 3 13 9 14 19 26 19 15 21 19 4 5 7 26 13 3 2 10 2 1 5 9 1 4 2 4 11 8 5 2 4 5 7 22 31 32 17 4 14 13 7 24 10 14 17 6 15 11 14 9 12 40 9 24 27 1 4 6 12 9 6 1 16 2 4 9 1 1 2 6 6 11 2 26 6 12 4
11 40 11 20 19 16 20 13 47 12 14 14 13 5 27 12 13 5 20 9 7 13 15 15 17 8 17 25 20 2 6 7 10 12 11 6 4 8 2 1 13 1 2 2 2 14 20 6 4 4 7 18 25 25 31 10 8 15 11 13 28 12 6 6 13 10 9 24 7 11 33 16 43 13 2 7 3 1 4 11 2 6 5 6 12 3 5 3 4 3 3 7 12 12 18 2
21 57 12 14 8 17 22 20 11 19 14 11 15 6 14 8 13 7 44 13 4 8 11 38 9 7 12 20 19 4 6 6 14 7 13 6 3 3 7 2 12 1 2 1 2 5 3 7 2 12 9 18 24 31 14 4 9 14 11 14 30 16 24 9 8 17 7 22 6 9 8 12 32 2 2 1 3 2 6 5 4 1 1 7 7 7 6 4 2 2 2 1 3 19 8 2
20 57 30 4 8 10 29 19 9 24 15 8 5 8 6 13 3 19 7 3 6 11 16 9 21 8 7 8 8 7 4 12 10 8 7 7 5 5 7 2 16 1 2 2 2 2 7 20 10 4 15 32 37 28 3 8 14 19 12 17 10 27 10 27 15 6 5 12 4 10 12 22 12 11 6 7 1 6 10 4 8 2 1 4 4 13 10 3 3 2 2 2 1 5 10 9
7 27 34 4 15 7 16 27 7 20 11 6 2 9 4 18 5 13 9 13 4 5 13 15 13 6 4 7 9 15 2 4 7 14 8 3 5 9 3 6 11 3 2 4 2 2 1 15 22 16 29 36 31 6 10 17 20 16 12 18 22 17 5 15 22 2 5 4 9 3 9 13 8 17 6 6 3 10 7 1 15 17 4 5 2 2 5 5 2 4 1 2 3 13 3 8
10 20 29 7 9 3 7 6 9 9 10 4 1 6 6 39 8 6 7 2 7 12 12 16 7 3 3 3 9 6 4 7 13 6 2 1 4 8 7 2 6 4 3 6 5 3 7 37 31 53 54 47 4 6 8 9 13 16 13 14 27 6 17 11 11 26 44 4 3 2 2 21 4 14 12 9 6 14 10 7 10 29 5 6 3 1 5 5 14 11 4 2 18 4 4 15
8 11 36 13 14 5 4 8 3 13 12 7 3 4 3 10 8 4 7 4 6 8 5 5 6 3 15 3 6 11 5 5 12 11 4 3 8 2 3 4 1 3 1 4 16 35 58 31 35 38 16 3 6 8 13 10 12 12 10 6 8 4 12 8 2 19 4 1 0 3 5 6 16 4 15 9 10 11 22 9 13 17 4 12 4 3 3 3 3 6 7 11 3 10 15 26
9 4 2 36 5 3 1 2 1 8 19 5 5 2 4 13 2 3 11 3 4 6 5 4 2 5 2 2 1 9 3 5 6 5 4 5 4 3 1 3 1 2 1 31 25 30 64 72 33 8 2 6 6 9 10 8 11 12 9 2 0 1 11 16 23 27 2 2 1 9 14 7 8 2 18 6 15 6 12 4 6 16 6 11 6 7 1 1 2 2 1 2 7 3 14 18
9 9 3 38 1 4 6 2 7 1 9 3 3 6 5 18 4 6 9 6 2 4 5 13 1 4 1 10 1 1 3 5 9 6 2 4 12 4 1 2 5 38 51 53 62 23 42 70 45 1 4 7 6 6 1 6 7 7 7 1 0 7 28 27 26 7 4 11 10 5 16 14 3 4 6 8 20 14 26 36 37 18 6 8 12 8 8 0 3 3 4 2 3 7 18 13
7 5 2 40 4 1 2 2 13 1 2 9 3 3 3 11 2 5 11 4 2 3 3 11 2 2 2 4 6 6 3 5 5 4 4 8 4 3 3 12 30 54 70 58 68 74 64 42 1 3 9 6 7 8 2 5 12 12 4 2 2 10 22 16 7 6 9 8 9 7 12 28 35 6 4 6 8 11 16 7 3 10 12 24 16 13 2 1 6 1 7 5 3 9 28 7
5 4 2 10 8 12 3 2 11 2 2 9 0 2 1 2 3 4 6 3 1 1 0 7 1 3 7 4 9 3 3 4 3 8 3 6 3 1 5 16 14 6 45 67 72 55 2 2 5 3 4 3 6 6 4 1 2 37 5 9 5 7 5 16 12 5 12 10 7 22 21 20 2 6 6 13 13 10 9 7 9 9 13 10 12 2 6 3 2 1 4 7 2 6 21 6
4 4 2 3 13 4 3 1 6 1 1 5 2 1 0 1 2 1 6 2 2 0 1 1 3 4 6 3 5 2 6 5 5 2 4 4 3 1 6 13 5 24 15 9 5 2 8 11 7 6 3 3 3 0 2 6 3 9 10 6 4 6 2 6 3 4 4 14 24 34 8 2 5 8 8 9 24 10 27 9 14 14 13 9 13 2 4 3 5 1 7 5 3 3 5 2
3 3 2 1 13 1 2 2 8 3 1 1 6 1 1 1 1 1 4 4 1 1 1 4 6 3 3 5 1 2 3 3 4 5 3 2 4 2 14 13 53 45 13 3 8 8 2 3 4 1 2 0 2 1 3 6 2 18 6 2 4 4 8 5 1 4 8 26 19 1 3 0 2 8 21 20 10 12 5 10 11 9 11 16 4 4 5 5 2 1 11 4 4 5 3 0
1 1 3 8 2 1 2 1 3 1 1 1 4 2 1 1 1 1 1 5 1 1 0 1 4 4 4 3 1 2 1 3 2 5 1 3 5 3 10 8 8 17 3 8 8 4 4 6 11 5 2 0 0 1 5 7 1 7 4 3 3 3 7 2 1 2 11 15 1 0 1 5 2 2 5 18 16 20 3 7 9 9 11 5 6 5 5 5 7 1 3 4 2 1 1 1
