sesion_6_simulaciones/modelos_agentes/ejemplos_netlogo/scenarios/cgcm2_b2/rob_2029.asc
NCOLS 322 
NROWS 307 
XLLCORNER 451900 
YLLCORNER 4086900 
CELLSIZE 100 
NODATA_value -9999 
[rows 0 to 73 of 307, columns 192 to 287 of 322]
37 33 15 8 26 51 24 11 9 11 11 3 2 2 2 2 1 1 2 1 1 1 1 1 1 3 1 2 3 9 2 0 0 0 0 0 0 0 0 1 1 0 0 2 4 5 4 9 17 24 14 18 24 36 40 54 42 80 48 39 9 13 20 48 59 45 60 56 27 38 23 12 17 20 40 24 20 39 54 29 16 16 14 14 12 8 25 22 23 27 11 24 36 58 21 7
49 27 32 30 34 52 16 22 31 16 9 6 9 7 4 4 4 1 2 2 2 1 0 0 1 3 1 1 1 2 8 3 0 0 0 0 0 0 0 0 1 0 0 1 1 2 4 5 14 50 67 49 34 38 42 41 67 63 63 20 26 15 48 43 54 50 59 43 44 20 7 23 12 18 50 25 49 38 35 33 27 32 30 14 10 4 14 23 26 24 15 28 26 29 16 13
32 56 37 35 55 46 30 12 7 17 18 17 25 21 10 17 8 6 9 8 6 2 1 1 0 0 0 0 0 0 0 3 2 0 0 0 0 0 0 0 0 0 1 2 2 5 5 9 16 30 38 39 52 47 63 70 37 29 41 23 21 32 42 32 38 63 33 28 20 26 14 15 13 18 57 22 53 47 24 39 29 24 27 25 10 3 9 12 25 19 13 40 23 35 13 3
41 42 62 53 38 34 30 27 26 45 23 38 49 34 25 36 21 8 13 20 11 6 4 2 1 1 0 0 0 0 0 0 0 0 0 0 0 0 0 0 0 1 0 0 1 6 6 9 3 8 7 12 24 54 44 49 46 15 22 27 32 20 25 45 35 57 46 38 49 19 28 22 7 8 39 21 27 20 29 37 28 27 26 25 11 3 7 18 31 13 23 22 19 31 9 2
29 21 42 13 44 51 46 31 43 40 34 25 25 21 26 42 26 28 28 29 20 8 5 5 2 3 1 2 1 0 0 0 0 0 0 0 0 0 0 0 0 0 1 1 1 2 2 5 16 33 41 38 40 36 63 60 25 19 6 8 29 33 29 44 46 55 36 26 16 11 8 8 9 6 17 17 14 23 47 57 49 18 17 33 27 17 2 14 17 23 24 12 28 41 14 3
30 24 38 32 20 26 44 20 39 30 19 25 8 22 30 29 35 29 8 8 15 6 4 5 4 4 2 3 2 0 0 0 0 0 0 0 0 0 0 0 0 0 1 2 4 11 16 24 26 17 25 30 44 54 76 46 27 19 6 39 62 65 60 62 45 64 28 36 41 32 39 25 20 13 9 12 17 16 27 24 35 58 38 26 26 17 5 10 13 17 8 12 24 25 16 5
22 10 12 27 19 13 39 14 9 16 21 44 19 8 18 26 22 23 10 3 4 11 14 15 6 5 5 2 2 2 1 1 1 1 0 0 0 0 0 0 0 0 1 2 9 5 8 15 32 25 38 72 33 57 63 28 18 19 10 26 45 58 56 58 69 63 49 42 42 18 27 24 15 22 17 7 3 12 30 34 26 49 29 12 6 23 6 6 7 7 8 18 36 48 11 10
15 10 9 12 26 18 31 38 9 4 8 11 30 5 2 7 4 8 9 4 3 6 3 7 6 4 5 3 3 3 2 2 1 2 1 0 1 0 0 0 0 1 2 3 6 10 14 35 58 50 53 30 51 40 48 21 13 5 11 17 29 30 28 28 26 55 31 24 42 25 23 16 18 20 20 11 3 17 35 18 42 59 31 12 6 15 11 5 5 12 15 18 41 26 15 11
28 18 15 8 11 10 16 36 38 12 5 5 9 15 6 4 2 8 10 6 4 8 2 4 11 6 5 5 5 6 5 4 4 3 1 1 0 0 0 0 0 1 2 3 13 11 7 19 29 38 25 23 56 33 31 10 5 30 55 46 62 51 56 44 55 75 45 32 14 15 21 17 16 14 12 6 4 8 11 21 33 51 34 18 6 6 6 4 3 16 11 19 20 24 12 18
19 18 16 7 6 3 12 13 30 20 13 6 5 8 8 3 3 2 8 7 7 9 2 2 5 6 5 3 2 4 1 2 3 4 2 1 0 0 0 0 0 0 1 3 6 3 3 19 8 7 9 62 30 31 13 6 16 44 56 72 51 81 65 42 57 32 57 44 41 17 18 24 19 9 6 4 3 5 24 13 8 34 37 31 11 5 8 2 3 4 6 21 15 24 12 36
24 19 18 14 6 3 2 2 4 10 5 4 2 9 4 2 4 1 1 5 3 7 10 2 2 2 10 3 1 2 4 1 0 0 0 1 1 0 0 0 0 0 2 5 1 4 8 9 2 5 34 35 13 19 6 5 14 33 36 52 73 75 46 27 31 48 58 60 64 46 53 31 24 17 8 6 2 2 7 14 17 43 63 29 27 7 4 5 1 5 18 7 11 8 9 47
46 26 11 11 11 9 6 3 2 2 2 2 3 3 2 2 1 3 1 1 5 6 5 2 0 1 6 3 1 1 3 4 0 0 0 0 1 0 0 0 1 2 2 1 0 0 4 1 2 17 40 25 9 6 3 16 22 23 33 77 55 47 11 24 40 44 66 64 55 62 42 31 33 29 23 14 4 3 10 13 14 62 32 45 24 14 4 2 2 8 9 4 15 5 19 45
52 37 31 40 29 25 21 9 17 8 5 3 1 1 1 1 1 4 3 1 1 2 2 2 0 1 2 1 1 0 0 1 0 0 0 0 0 0 0 0 1 1 1 2 1 2 6 1 4 22 14 5 1 5 18 34 38 50 76 64 15 22 26 20 20 23 40 39 61 42 22 31 48 46 34 14 4 1 9 15 40 41 13 23 33 16 7 1 2 7 6 4 15 4 14 18
61 58 54 55 49 40 28 23 20 17 13 11 4 2 1 1 1 0 0 0 1 0 0 1 1 1 1 1 0 0 0 1 1 0 0 0 0 0 0 0 0 1 1 0 0 2 1 1 5 3 2 1 2 7 13 20 47 44 36 8 39 61 57 46 47 26 24 21 57 48 60 66 40 25 16 14 5 2 4 11 33 12 8 19 49 17 9 3 1 2 2 3 6 4 10 7
18 54 58 60 49 51 29 32 12 12 18 10 7 5 5 4 2 1 0 0 0 0 0 0 0 0 0 0 0 0 0 0 0 0 0 0 0 0 1 0 0 0 0 0 0 0 0 1 1 1 0 1 2 4 10 18 21 5 22 41 58 57 55 77 81 70 62 45 48 59 60 51 53 32 13 8 4 2 4 11 14 5 3 28 43 44 18 17 5 1 2 3 2 3 13 9
25 41 58 32 41 66 43 21 32 21 11 14 11 13 12 6 3 1 1 1 0 0 0 0 0 0 0 0 0 0 0 0 0 1 0 0 0 0 0 0 0 0 0 0 0 0 1 1 1 0 1 1 1 3 5 10 4 22 30 38 53 67 76 66 60 71 39 31 67 19 44 74 50 32 32 27 20 8 3 9 12 5 2 4 14 38 7 4 5 4 1 3 2 3 10 9
49 10 57 29 28 51 65 66 25 11 16 14 20 17 12 7 6 4 2 2 1 1 0 0 0 0 0 0 0 0 0 0 0 0 0 0 0 0 0 0 0 0 0 0 0 0 0 0 1 2 2 4 4 3 3 11 21 24 32 37 63 49 68 59 60 37 29 57 43 33 33 19 51 30 52 51 44 20 11 3 19 8 5 1 3 14 23 4 1 2 1 1 2 4 2 3
24 6 35 14 29 37 48 21 54 57 30 32 29 7 6 5 7 6 3 3 2 2 1 0 0 0 1 1 0 0 0 0 0 0 0 0 0 0 0 0 0 0 0 0 0 0 0 1 2 2 3 9 8 9 4 11 14 42 47 51 73 49 41 35 24 25 44 59 45 27 15 16 42 48 52 49 51 43 21 5 3 7 7 4 1 4 10 6 3 0 1 0 2 3 1 1
15 14 18 16 9 25 36 15 18 50 21 40 54 24 12 8 12 19 14 7 5 2 1 1 1 1 1 1 2 1 0 0 0 0 0 0 0 0 0 0 0 0 0 0 0 0 1 2 2 3 6 10 9 6 14 19 26 27 26 46 64 19 10 7 22 27 27 76 62 19 19 12 43 42 11 22 59 45 39 18 3 2 12 5 2 1 4 5 5 2 0 0 2 1 0 0
15 5 7 12 6 11 38 12 6 23 32 40 44 27 30 18 4 7 8 11 4 3 2 1 2 2 2 2 2 2 1 1 1 0 0 0 0 0 0 0 0 0 0 0 1 1 1 2 1 4 8 7 15 15 19 22 6 6 16 43 65 20 7 26 42 40 60 62 44 31 17 7 14 44 34 10 21 30 36 27 17 3 2 6 4 1 1 3 6 3 0 0 1 0 1 3
34 6 9 7 1 5 25 8 13 8 21 13 25 6 11 14 3 2 5 16 6 9 3 2 6 3 2 1 2 1 1 0 0 0 1 0 0 0 0 0 0 0 0 1 1 2 1 1 4 10 7 10 21 32 46 42 27 20 32 46 43 10 11 44 45 42 42 17 39 37 22 6 8 17 48 19 7 10 55 20 12 3 1 3 3 1 1 4 2 2 0 0 0 0 2 9
13 2 9 9 2 1 6 19 2 6 24 17 21 8 6 3 3 1 2 13 12 6 4 3 1 2 1 0 1 0 1 1 0 0 1 0 0 0 0 0 0 0 0 1 1 1 1 3 4 4 3 7 14 45 56 65 63 54 38 36 16 7 23 34 55 52 41 21 16 31 11 5 7 12 41 19 7 7 13 27 13 7 2 1 3 1 2 3 1 0 1 2 1 2 8 14
16 2 12 16 3 2 3 7 2 2 15 7 5 2 1 3 3 2 1 1 2 5 11 11 3 1 2 1 0 0 0 0 0 0 0 1 0 0 0 0 0 0 1 1 0 1 0 1 1 1 1 5 15 12 28 52 36 28 16 54 19 8 25 37 38 46 66 34 25 9 5 5 16 29 53 17 6 7 14 40 13 4 2 1 1 2 1 2 1 0 1 10 4 4 5 12
8 6 4 11 1 2 4 6 4 1 1 1 1 4 1 1 3 3 1 1 2 2 6 3 3 1 1 1 1 0 0 0 0 0 0 0 0 0 0 0 0 0 0 0 0 0 0 1 2 2 1 5 5 9 11 9 7 21 47 24 6 15 30 31 49 66 43 29 26 15 5 8 16 31 30 11 9 6 11 25 16 14 4 1 1 1 1 2 0 0 2 2 8 16 8 10
2 1 3 3 1 1 4 6 2 0 1 1 1 2 3 1 2 2 2 1 0 1 1 1 1 0 1 2 1 0 0 0 0 0 0 0 0 0 0 0 0 0 0 0 1 1 2 2 2 3 5 3 2 1 2 5 17 22 52 16 5 27 25 25 51 71 35 40 31 13 8 8 15 42 22 9 12 5 6 13 14 13 8 3 1 0 1 1 0 3 4 5 7 7 36 14
1 1 1 2 1 0 4 5 2 0 0 1 1 0 1 2 1 1 1 1 0 0 1 1 0 0 0 1 2 0 0 0 0 0 0 0 0 0 0 0 0 0 0 0 1 1 1 1 1 2 3 8 7 16 11 14 18 40 36 4 11 22 20 16 42 52 27 27 20 15 6 6 16 42 12 15 10 3 2 5 7 10 4 1 1 0 0 1 3 9 11 14 21 14 10 34
0 0 0 0 0 1 2 2 1 0 0 0 0 0 0 1 1 1 1 1 0 0 0 0 0 0 0 0 0 1 0 0 0 0 0 0 0 0 0 0 0 0 0 0 0 0 0 1 1 2 5 7 8 15 27 44 55 60 17 4 14 21 15 22 65 52 12 21 21 11 6 3 10 37 11 8 6 5 1 2 6 9 2 1 0 0 1 3 8 9 12 13 20 31 51 29
0 0 0 0 0 0 0 0 0 0 0 0 0 0 0 0 0 0 0 0 0 0 0 0 0 0 0 0 0 0 0 0 0 0 0 0 0 0 0 0 0 0 0 0 0 0 1 1 1 4 4 6 10 14 27 54 35 21 3 13 23 16 36 50 77 31 32 12 10 10 7 4 15 36 16 7 5 5 1 1 4 8 4 3 1 0 1 2 3 2 3 3 4 8 24 30
0 0 0 0 0 0 0 0 0 0 0 0 0 0 0 0 0 0 0 0 0 0 0 0 0 0 0 0 0 0 0 0 0 0 0 0 0 0 0 0 0 0 0 0 0 1 2 4 1 4 3 4 7 8 42 29 9 2 10 19 22 21 44 71 38 17 25 9 8 8 6 3 8 26 40 14 7 3 1 1 3 8 5 2 1 0 1 1 1 3 4 8 12 13 14 27
0 0 0 1 0 0 0 0 0 0 0 0 0 0 1 0 0 0 0 0 0 0 0 0 0 0 0 0 0 0 0 0 0 0 0 0 0 0 0 0 0 0 0 0 1 1 2 1 4 3 3 3 8 11 33 6 2 5 13 20 18 22 44 70 21 13 11 17 6 2 2 3 16 25 9 23 10 3 1 0 5 4 6 2 1 0 1 2 5 10 6 14 25 23 22 10
0 1 1 1 0 0 0 1 0 1 1 1 1 1 1 1 1 1 0 0 0 0 0 0 0 0 0 0 0 0 0 0 0 0 0 0 0 0 0 0 0 0 1 1 1 3 3 2 4 12 14 15 10 15 8 3 1 9 11 17 10 21 48 52 24 8 10 13 8 4 1 3 19 6 6 28 15 5 1 0 2 2 3 2 0 0 2 2 3 7 8 9 7 8 12 31
1 1 1 1 1 0 0 1 1 1 1 1 3 2 2 2 1 1 1 1 0 1 0 0 0 0 0 0 0 0 0 0 0 0 0 0 0 0 0 0 0 0 1 1 2 3 4 9 8 10 5 28 18 7 8 5 2 7 13 24 26 24 56 17 6 15 17 6 12 3 1 2 5 6 3 23 7 4 1 1 1 1 1 1 0 1 5 8 10 8 7 4 10 13 15 23
3 3 2 3 1 1 1 1 1 1 3 3 3 5 4 2 1 1 1 1 1 1 1 0 0 0 0 0 0 0 0 0 0 0 0 0 0 0 0 0 0 1 1 1 3 4 7 10 8 9 4 2 8 8 9 1 4 7 7 15 15 28 35 33 25 11 6 4 14 8 2 1 4 3 8 24 6 3 2 1 1 1 1 0 1 2 5 18 23 22 25 15 19 30 26 53
5 5 5 2 2 2 1 2 3 4 6 5 5 3 4 3 2 2 2 2 2 2 1 1 0 1 0 0 0 0 0 0 0 0 0 0 0 0 0 0 0 0 1 1 2 6 2 1 11 8 4 2 7 7 1 1 3 5 6 16 27 38 47 17 8 7 10 6 4 5 3 1 5 3 6 9 7 6 2 0 0 1 0 0 1 2 3 4 3 5 7 15 27 31 57 53
7 6 9 6 5 1 1 3 5 8 9 7 7 6 6 5 3 7 3 3 1 1 1 1 1 1 0 0 0 0 0 0 0 0 0 0 0 0 0 0 0 0 1 1 1 1 1 3 3 3 3 1 3 0 1 1 1 3 4 12 31 40 26 37 15 6 5 4 4 5 6 1 2 2 5 6 6 2 1 0 0 0 0 1 3 1 2 4 12 18 21 18 13 50 25 31
16 23 13 4 7 2 4 4 13 11 9 9 11 20 18 9 8 6 3 4 2 1 0 2 2 1 0 1 1 0 0 0 0 0 0 0 0 0 0 0 0 1 1 0 1 1 1 3 2 2 1 1 1 0 1 0 2 6 9 17 15 14 32 39 8 4 2 2 4 3 2 1 1 2 2 6 5 3 1 0 0 0 1 2 5 6 6 7 11 11 11 32 32 42 20 7
30 42 13 11 15 5 4 16 16 25 8 16 23 19 30 12 5 3 7 4 2 2 0 3 1 0 1 1 0 0 0 0 0 0 0 0 0 0 0 0 0 0 0 0 0 2 4 4 2 1 1 1 1 1 1 2 5 3 3 5 7 17 24 36 12 5 4 2 2 1 1 1 1 1 3 2 2 3 1 0 0 1 3 2 5 15 17 20 22 25 13 24 16 17 19 5
26 44 15 14 22 7 7 30 26 28 7 20 37 24 35 11 9 8 11 10 4 1 1 1 1 2 3 0 0 0 0 0 0 0 0 0 0 0 0 0 0 0 0 0 1 3 3 1 3 1 1 0 1 1 2 1 1 1 3 6 6 22 28 19 7 26 23 11 5 4 2 1 0 1 1 1 1 1 0 0 0 2 5 11 11 18 25 22 20 20 23 29 6 2 12 7
44 23 21 16 24 8 10 33 55 28 6 31 50 42 37 33 14 20 30 12 5 2 3 1 3 3 0 0 1 0 0 0 1 0 0 0 0 0 0 0 0 0 0 0 2 1 2 0 1 1 0 0 2 2 2 2 1 3 16 23 21 24 58 22 27 14 17 14 4 2 1 1 0 0 1 1 1 1 0 0 1 1 2 6 6 3 8 3 3 5 4 44 21 6 4 2
74 50 25 18 22 10 20 41 74 24 11 25 53 53 51 22 16 54 16 2 3 9 6 5 4 1 1 1 1 1 1 1 1 0 0 0 0 0 0 0 0 0 0 0 1 0 0 0 0 0 0 0 1 2 2 6 8 10 7 18 38 27 16 34 24 19 4 7 18 3 1 1 0 0 0 0 0 0 0 0 1 2 2 3 2 1 3 5 13 27 42 64 25 6 3 1
68 65 30 31 34 16 24 53 69 34 17 37 78 76 35 44 21 19 4 2 6 22 26 11 4 4 1 1 2 1 1 2 1 0 0 1 0 1 1 0 0 0 0 0 0 0 0 0 0 0 1 1 3 4 5 9 7 6 19 48 43 39 21 32 3 41 22 3 2 10 8 4 1 0 0 0 0 0 0 0 1 1 1 2 1 2 10 19 12 12 18 34 10 5 3 1
70 58 35 48 44 41 30 58 70 41 30 42 80 67 45 28 9 4 1 7 17 25 13 3 2 1 1 4 3 1 2 2 1 0 0 1 1 1 1 0 0 0 0 0 0 0 0 0 0 0 1 1 2 3 3 4 7 20 15 56 33 11 11 55 19 7 25 7 2 1 2 2 3 2 1 0 0 0 0 0 1 1 1 1 2 5 14 11 10 22 10 16 11 6 2 1
73 62 38 57 55 52 49 47 57 40 34 46 60 25 21 14 4 5 4 11 28 8 4 4 2 1 1 6 4 2 5 2 1 1 1 1 1 2 1 0 0 0 0 0 0 0 0 0 0 0 0 1 2 2 6 8 4 16 24 38 5 1 12 41 9 8 5 17 4 0 1 1 2 1 1 1 0 0 0 0 1 1 1 1 1 4 20 6 5 28 7 7 8 2 1 1
47 47 45 62 60 45 63 50 73 77 65 49 43 31 37 28 17 19 8 14 24 10 6 5 3 2 2 9 7 3 6 2 1 1 1 2 2 2 1 1 1 1 0 0 0 0 0 0 0 0 0 1 2 2 3 4 2 7 24 7 3 2 19 40 15 2 1 2 6 1 1 0 1 0 2 0 0 0 0 0 0 1 1 1 5 11 19 5 6 16 5 2 2 4 1 0
63 37 67 75 67 70 67 83 77 89 88 84 43 62 59 50 42 15 12 28 21 9 7 3 3 5 3 9 9 9 5 3 3 3 3 4 7 2 1 1 3 1 0 0 0 0 0 0 0 0 1 1 2 2 1 1 4 18 28 4 2 3 7 32 19 6 1 0 4 3 1 0 0 0 2 0 0 0 0 0 0 1 1 2 4 2 3 2 4 4 6 3 3 2 0 0
56 52 58 67 79 81 85 86 73 70 73 78 83 77 40 35 26 19 20 15 7 9 7 8 12 8 9 26 15 25 7 6 5 7 8 14 13 3 3 2 3 1 0 0 0 0 0 0 0 0 0 1 1 1 1 2 5 8 7 6 2 2 3 33 6 4 4 0 2 4 2 0 0 0 0 1 0 0 0 0 0 1 2 4 3 2 2 1 2 1 2 1 1 0 0 0
67 58 41 43 57 65 76 53 45 40 50 57 59 75 46 36 39 49 35 20 17 19 15 22 36 20 14 33 31 20 10 14 10 12 11 17 8 4 7 2 1 0 1 1 0 0 0 0 0 0 0 0 0 1 1 0 3 2 3 11 3 2 4 10 5 1 3 1 1 1 1 1 0 0 0 3 0 0 0 0 1 1 1 4 2 1 1 1 1 0 0 0 0 0 0 1
71 76 49 26 49 44 46 60 39 45 54 37 57 77 82 65 75 64 40 30 40 38 36 31 39 26 21 44 41 15 21 19 19 19 24 25 13 6 1 0 0 1 1 1 1 1 0 0 0 0 0 0 1 1 1 1 2 2 1 2 2 2 3 7 8 1 1 1 1 2 1 0 1 0 0 0 0 0 0 0 0 1 2 3 1 1 1 1 1 0 0 0 0 0 1 2
52 63 81 44 24 25 49 44 65 28 23 22 60 42 54 91 90 45 63 60 58 52 52 41 42 34 33 56 41 30 28 26 28 42 39 12 3 2 2 2 2 2 1 1 1 1 1 0 0 0 0 1 0 0 1 1 2 1 1 1 1 1 1 2 11 0 0 1 1 0 1 0 0 0 0 0 0 0 0 0 0 0 3 1 0 0 0 0 0 0 0 0 0 1 1 2
71 69 73 78 38 13 13 51 46 37 7 9 20 37 71 78 67 86 87 66 58 74 66 33 52 41 57 45 42 35 39 31 43 58 54 15 10 5 10 7 10 9 3 3 3 1 0 0 0 0 0 0 0 0 1 1 2 2 1 1 1 0 0 1 3 1 0 0 0 0 0 1 0 0 0 0 0 0 0 0 0 0 1 0 0 0 0 0 0 0 0 0 1 2 1 2
53 38 43 87 39 27 20 19 18 19 12 3 14 62 75 72 56 49 77 61 72 75 62 41 66 59 72 62 55 63 43 41 40 39 35 15 14 13 12 11 3 3 7 12 1 1 0 0 0 0 0 0 0 0 0 1 1 2 1 1 0 0 0 1 4 1 1 0 0 0 0 0 0 0 0 0 0 0 0 0 0 0 0 0 0 0 0 0 0 1 1 1 1 2 1 1
22 37 37 80 81 19 21 11 11 10 11 5 15 24 32 39 59 78 56 20 55 23 63 78 90 80 73 44 64 41 50 32 26 14 53 35 34 19 7 5 1 0 8 5 3 1 1 0 0 0 0 0 0 0 0 0 0 0 0 0 0 0 0 1 1 1 1 0 0 0 0 0 0 0 0 0 0 0 0 0 0 0 0 0 0 0 0 0 1 1 1 3 2 1 1 1
12 18 27 31 77 67 27 8 8 7 6 6 11 28 44 50 20 66 62 27 60 46 21 37 57 34 54 29 51 14 8 21 13 11 24 67 42 19 8 32 7 6 7 5 4 2 1 0 1 1 0 0 0 0 0 0 0 0 0 0 0 0 0 1 1 1 1 0 0 0 0 0 0 0 0 0 0 0 0 0 0 0 0 0 0 0 0 1 1 1 1 1 6 3 1 1
5 9 16 4 27 81 26 10 4 3 4 6 5 8 14 25 33 50 31 41 61 31 8 31 49 28 28 21 25 41 24 28 21 9 12 40 54 65 58 45 29 16 12 13 7 2 1 1 2 0 0 0 0 0 0 0 0 0 0 0 0 0 0 1 1 1 1 0 0 0 0 0 0 0 0 0 0 0 0 0 0 0 0 0 0 0 0 0 1 0 1 2 2 3 1 2
10 5 10 30 24 47 70 20 14 3 2 2 3 3 13 10 29 48 6 14 68 48 13 6 55 59 28 15 24 32 9 8 10 6 6 17 32 34 22 9 17 15 7 9 8 7 8 5 2 0 1 1 1 1 0 1 1 0 0 0 0 0 0 0 0 1 0 0 0 0 0 0 0 0 0 0 0 0 0 0 0 0 0 0 0 0 0 0 1 1 1 1 2 2 4 5
13 4 3 14 30 42 68 47 12 7 4 2 2 3 3 2 11 8 8 41 81 22 9 4 7 33 13 16 11 25 21 9 10 9 8 30 16 6 4 3 5 2 2 22 9 15 20 13 3 2 3 1 1 1 0 0 0 0 0 0 0 0 0 0 0 0 0 0 0 0 0 0 0 0 0 0 0 0 0 0 0 0 0 0 0 1 1 1 1 1 1 2 2 3 3 8
28 15 8 5 5 8 15 48 15 14 5 2 1 2 4 2 6 5 17 16 72 21 9 6 3 7 7 9 3 16 20 5 5 5 7 16 13 3 2 3 2 2 2 4 10 8 5 2 2 2 1 1 1 1 1 0 0 0 0 0 0 0 0 0 0 0 0 0 0 0 0 0 0 0 0 0 0 0 0 0 0 0 0 0 0 0 0 2 1 2 2 3 4 4 6 10
10 8 15 4 4 16 16 43 39 15 8 2 1 1 1 2 3 5 5 18 47 66 24 9 2 2 5 1 3 11 17 7 3 4 3 2 3 2 1 2 1 1 1 2 11 6 5 1 1 1 0 0 0 0 0 0 0 0 0 0 0 0 0 0 0 0 0 0 0 0 0 0 0 0 0 0 0 0 0 0 0 0 0 0 0 0 1 2 2 3 3 3 4 8 7 12
21 12 3 2 2 5 10 19 32 12 5 3 1 0 1 1 1 2 8 40 31 46 27 14 5 1 5 4 1 1 7 4 4 2 1 1 2 4 1 1 1 1 0 1 4 5 7 2 1 0 0 0 0 0 0 0 0 0 0 0 0 0 0 0 0 0 0 0 0 0 0 0 0 0 0 0 0 0 0 0 0 0 0 0 0 0 1 2 1 1 1 1 2 5 6 4
31 19 5 2 1 4 4 9 23 15 3 2 1 1 1 1 1 4 15 27 8 18 24 5 3 2 1 2 3 0 2 4 1 1 1 1 1 1 1 1 1 1 0 0 1 4 7 3 2 1 1 0 0 0 0 0 0 0 0 0 0 0 0 0 0 0 0 0 0 0 0 0 0 0 0 0 0 0 0 0 0 0 0 0 0 0 1 1 1 1 1 1 2 2 3 3
32 18 7 5 1 1 3 5 31 3 3 1 1 1 1 1 1 2 13 5 1 7 47 5 2 2 1 1 1 2 2 1 1 1 1 0 0 0 0 1 1 0 0 0 0 2 6 2 2 1 0 0 0 0 0 0 0 0 0 0 0 0 0 0 0 0 0 0 0 0 0 0 0 0 0 0 0 0 0 0 0 0 0 0 0 0 1 1 1 1 1 1 1 2 4 2
27 16 7 3 2 1 3 3 17 5 1 2 1 1 0 0 0 3 4 2 7 14 33 13 3 1 2 3 1 3 2 1 1 0 1 0 0 0 0 0 0 0 0 1 2 3 4 3 5 3 1 0 0 0 0 0 0 0 0 0 0 0 0 0 0 0 0 0 0 0 0 0 0 0 0 0 0 0 0 0 0 0 0 0 0 0 0 1 1 1 2 1 2 1 4 4
18 9 5 2 2 2 1 1 4 13 2 1 1 1 0 0 0 2 1 2 2 7 28 11 3 4 1 1 1 3 1 1 1 1 0 0 0 0 0 0 0 0 0 3 1 1 3 2 4 3 3 1 0 0 0 0 0 0 0 0 0 0 0 0 0 0 0 0 0 0 0 0 0 0 0 0 0 0 0 0 0 0 0 0 0 0 0 1 1 1 1 3 2 3 7 4
16 11 4 2 2 1 1 1 2 5 4 1 0 0 0 0 0 1 1 1 2 8 30 8 5 2 3 1 1 2 1 0 0 0 0 0 0 0 0 0 0 0 1 2 0 1 1 1 3 2 1 1 1 0 0 0 0 0 0 0 0 0 0 0 0 0 0 0 0 0 0 0 0 0 0 0 0 0 0 0 0 0 0 0 0 0 0 0 0 1 1 2 1 1 2 3
58 28 8 1 1 1 1 1 1 3 4 1 1 0 0 0 0 0 0 0 2 4 16 6 2 1 1 1 1 0 1 0 0 0 0 0 0 0 0 0 0 1 1 0 0 1 0 1 1 2 2 2 2 1 0 0 0 0 0 0 0 0 0 0 0 0 0 0 0 0 0 0 0 0 0 0 0 0 0 0 0 0 0 0 0 0 0 0 0 0 1 2 1 1 2 0
12 44 22 6 2 1 0 1 1 1 6 2 1 0 0 0 0 0 0 0 1 3 8 9 2 1 0 1 1 1 1 1 0 0 0 0 0 0 0 0 0 1 0 0 0 0 0 0 1 1 1 1 1 1 1 0 0 0 0 0 0 0 0 0 0 0 0 0 0 0 0 0 0 0 0 0 0 0 0 0 0 0 0 0 0 0 0 0 0 1 1 1 1 1 1 2
3 34 4 21 8 2 0 0 0 1 3 1 1 0 0 0 0 0 0 0 1 3 3 7 3 1 1 0 0 0 0 0 0 0 0 0 0 0 0 0 0 0 0 0 0 0 0 0 1 1 0 0 0 0 1 1 0 0 0 0 0 0 0 0 0 0 0 0 0 0 0 0 0 0 0 0 0 0 0 0 0 0 0 0 0 0 0 0 0 0 1 0 1 1 2 2
5 6 2 13 4 4 1 0 0 0 1 1 0 0 0 0 0 0 0 1 0 0 5 5 6 2 1 1 0 0 0 0 0 0 0 0 0 0 0 0 0 0 0 0 0 1 0 0 1 1 0 0 0 0 1 0 0 0 0 0 0 0 0 0 0 0 0 0 0 0 0 0 0 0 0 0 0 0 0 0 0 0 0 0 0 0 0 0 0 0 0 1 1 2 3 3
5 4 3 2 2 1 4 0 0 0 0 0 0 0 0 0 0 0 0 0 1 4 6 5 7 2 1 0 0 0 0 0 0 0 0 0 0 0 0 0 0 0 0 0 0 1 0 0 2 1 1 0 0 0 0 0 0 0 0 0 0 0 0 0 0 0 0 0 0 0 0 0 0 0 0 0 0 0 0 0 0 0 0 0 0 0 0 0 0 0 0 0 1 0 1 1
5 2 3 2 2 0 1 1 0 0 0 0 0 0 0 0 0 0 0 1 2 2 4 3 3 4 1 0 0 0 0 0 0 0 0 0 0 0 0 0 0 0 0 0 0 0 0 0 1 1 0 0 0 0 0 0 0 0 0 0 0 0 0 0 0 0 0 0 0 0 0 0 0 0 0 0 0 0 0 0 0 0 0 0 0 0 0 1 1 0 0 0 0 1 1 2
2 3 3 2 1 0 0 0 0 0 0 0 0 0 0 0 0 0 0 1 1 0 2 1 1 2 1 0 0 0 0 0 0 0 0 0 0 0 0 0 0 0 0 0 0 0 0 0 1 0 0 0 0 0 0 0 0 0 0 0 0 0 0 0 0 0 0 0 0 0 0 0 0 0 0 0 0 0 0 0 0 1 1 1 1 1 1 1 1 0 0 0 0 0 1 2
1 1 1 1 0 0 0 0 0 0 0 0 0 0 0 0 0 0 0 0 0 0 1 3 0 1 0 1 0 0 0 0 0 0 0 0 0 0 0 0 0 0 0 0 0 0 0 1 2 0 0 0 0 0 0 0 0 0 0 0 0 0 0 0 0 0 0 0 0 0 0 0 0 0 0 0 0 0 0 0 0 0 0 1 2 1 2 2 1 1 1 1 1 1 1 1
0 0 0 0 0 0 0 0 0 0 0 0 0 0 0 0 0 0 0 0 0 0 0 0 0 0 0 0 0 0 0 0 0 0 0 0 0 0 0 0 0 0 0 0 0 0 0 0 1 0 0 0 0 0 0 0 0 0 0 0 0 0 0 0 0 0 0 0 0 0 0 0 0 0 0 0 0 0 0 0 0 0 0 0 1 2 3 3 2 3 2 2 2 2 1 5
0 0 0 0 0 0 0 0 0 0 0 0 0 0 0 0 0 0 0 0 0 0 0 0 0 0 0 0 0 0 0 0 0 0 0 0 0 0 0 0 0 0 0 0 0 0 0 0 0 0 0 0 0 0 0 0 0 0 0 0 0 0 0 0 0 0 0 0 0 0 0 0 0 0 0 0 0 0 0 0 0 0 0 0 1 1 1 1 6 6 2 6 4 4 2 4
