sesion_6_simulaciones/modelos_agentes/ejemplos_netlogo/scenarios/cgcm2_b2/rob_2087.asc
NCOLS 322 
NROWS 307 
XLLCORNER 451900 
YLLCORNER 4086900 
CELLSIZE 100 
NODATA_value -9999 
[rows 148 to 221 of 307, columns 192 to 287 of 322]
1 2 2 5 10 15 20 26 38 15 27 9 2 1 0 0 0 0 0 0 0 0 0 0 0 0 0 0 0 0 0 0 0 0 0 0 0 0 0 0 0 0 0 0 0 0 0 1 1 2 1 1 1 1 1 1 0 0 2 2 19 19 11 31 29 36 46 24 22 60 30 42 23 7 9 49 16 26 24 14 7 4 1 0 0 0 0 0 0 0 0 0 0 0 0 0
0 0 1 5 4 7 10 23 22 25 10 3 2 1 0 0 0 0 0 0 0 0 0 0 0 0 0 0 0 0 0 0 0 0 0 0 0 0 0 0 0 0 0 0 0 0 0 0 1 1 1 0 0 0 0 0 0 1 1 4 3 7 30 31 14 30 55 54 36 51 66 62 50 15 15 43 20 24 12 5 5 2 1 0 0 0 0 0 0 0 0 0 0 0 0 0
0 0 0 1 2 3 7 9 11 21 5 2 1 0 0 0 0 0 0 0 0 0 0 0 0 0 0 0 0 0 0 0 0 0 0 0 0 0 0 0 0 0 1 0 1 0 0 0 0 0 0 0 0 0 0 0 0 1 1 2 2 4 17 15 13 23 15 20 50 70 64 55 41 26 20 39 25 6 3 2 0 0 0 0 0 0 0 0 0 0 0 0 0 0 0 0
0 0 0 0 0 1 1 2 5 11 4 3 2 0 0 0 0 0 0 0 0 0 0 0 0 0 0 0 0 0 0 0 0 0 0 0 0 0 0 0 0 0 0 0 0 0 0 0 0 0 0 0 0 0 0 0 0 1 1 1 2 6 5 10 17 14 7 19 22 16 32 55 46 32 63 33 18 5 4 2 0 0 0 0 0 0 0 0 0 0 0 0 0 0 0 0
0 0 0 0 0 0 0 1 5 5 11 3 2 1 0 0 0 0 0 0 0 0 0 0 0 0 0 0 0 0 0 0 0 0 0 0 0 0 0 0 0 0 0 0 0 0 0 0 0 0 0 0 0 0 0 0 0 0 1 1 3 2 2 2 7 4 7 11 9 14 16 38 44 50 40 33 15 10 6 2 1 1 2 0 0 0 0 0 0 0 0 0 0 0 0 0
0 0 0 0 0 0 0 0 2 1 6 5 2 0 0 0 0 0 0 0 0 0 0 0 0 0 0 0 0 0 0 0 0 0 0 0 0 0 0 0 0 0 0 0 0 0 0 0 0 0 0 0 0 0 0 0 0 0 0 1 3 2 1 1 1 4 4 4 12 14 21 20 29 44 25 15 15 18 15 11 7 2 1 1 0 0 0 0 0 0 0 0 0 0 0 0
0 0 0 0 0 0 0 0 0 0 2 2 1 0 0 0 0 0 0 0 0 0 0 0 0 0 0 0 0 0 0 0 0 0 0 0 0 0 0 0 0 0 0 0 0 0 0 0 0 0 0 0 0 0 0 0 0 0 0 0 0 1 1 1 1 2 5 3 2 5 11 14 24 42 27 19 5 4 6 4 5 2 1 0 0 0 0 0 0 0 0 0 0 0 0 0
0 0 0 0 0 0 0 0 0 0 1 1 0 0 0 0 0 0 0 0 0 0 0 0 0 0 0 0 0 0 0 0 0 0 0 0 0 0 0 0 0 0 0 0 0 0 0 0 0 0 0 0 0 0 0 0 0 0 0 0 0 0 0 0 1 1 1 1 4 7 10 23 31 47 16 14 13 4 2 1 0 0 0 0 0 0 0 0 0 0 0 0 0 0 0 0
0 0 0 0 0 0 0 0 0 0 0 0 0 0 0 0 0 0 0 0 0 0 0 0 0 0 0 0 0 0 0 0 0 0 0 0 0 0 0 0 0 0 0 0 0 0 0 0 0 0 0 0 0 0 0 0 0 0 0 0 0 0 1 3 2 1 3 10 17 17 29 21 53 55 45 46 21 7 4 3 2 1 0 0 0 0 0 0 0 0 0 0 0 0 0 0
0 0 0 0 0 0 0 0 0 0 0 0 0 0 0 0 0 0 0 0 0 0 0 0 0 0 0 0 0 0 0 0 0 0 0 0 0 0 0 0 0 0 0 0 0 0 0 0 0 0 0 0 0 0 0 0 0 0 0 0 0 0 1 3 3 4 3 9 16 28 15 12 20 26 60 22 7 5 11 11 3 1 1 0 0 0 0 0 0 0 0 0 0 0 0 0
0 0 0 0 0 0 0 0 0 0 0 0 0 0 0 0 0 0 0 0 0 0 0 0 0 0 0 0 0 0 0 0 0 0 0 0 0 0 0 0 0 0 0 0 0 0 0 0 0 0 0 0 0 0 0 0 0 0 0 0 0 1 1 1 2 4 6 8 9 14 53 27 25 35 49 28 37 22 15 10 5 2 1 0 0 0 0 0 0 0 0 0 0 0 0 0
0 0 0 0 0 0 0 0 0 0 0 0 0 0 0 0 0 0 0 0 0 0 0 0 0 0 0 0 0 0 0 0 0 0 0 0 0 0 0 0 0 0 0 0 0 0 0 0 0 0 0 0 0 0 0 0 0 0 0 0 0 1 1 2 4 7 4 12 13 21 23 14 40 47 69 56 19 5 3 2 1 1 0 0 0 0 0 0 0 0 0 0 0 0 0 0
0 0 0 0 0 0 0 0 0 0 0 0 0 0 0 0 0 0 0 0 0 0 0 0 0 0 0 0 0 0 0 0 0 0 0 0 0 0 0 0 0 0 0 0 0 0 0 0 0 0 0 0 0 0 0 0 0 0 0 1 2 1 1 4 5 3 5 4 4 11 20 17 19 19 55 47 32 20 3 1 1 0 0 0 0 0 0 0 0 0 0 0 0 0 0 0
0 0 0 0 0 0 0 0 0 0 0 0 0 0 0 0 0 0 0 0 0 0 0 0 0 0 0 0 0 0 0 0 0 0 0 0 0 0 0 0 0 0 0 0 0 0 0 0 0 0 0 0 0 0 0 0 0 0 0 1 2 2 2 2 4 4 6 28 27 15 34 38 28 37 58 64 24 13 7 3 2 0 1 0 0 0 0 0 0 0 0 0 0 0 0 0
0 0 0 0 0 0 0 0 0 0 0 0 0 0 0 0 0 0 0 0 0 0 0 0 0 0 0 0 0 0 0 0 0 0 0 0 0 0 0 0 0 0 0 0 0 0 0 0 0 0 0 0 0 0 0 0 0 0 1 1 1 2 3 2 2 4 6 11 15 19 32 44 24 41 69 68 26 14 7 3 1 1 0 0 0 0 0 0 0 0 0 0 0 0 0 0
0 0 0 0 0 0 0 0 0 0 0 0 0 0 0 0 0 0 0 0 0 0 0 0 0 0 0 0 0 0 0 0 0 0 0 0 0 0 0 0 0 0 0 0 0 0 0 0 0 0 0 0 0 0 0 0 1 0 0 1 2 3 4 7 5 1 1 4 6 20 23 24 25 25 55 69 31 32 14 3 1 0 1 1 1 1 0 1 0 0 0 0 0 0 0 0
0 0 0 0 0 0 0 0 0 0 0 0 0 0 0 0 0 0 0 0 0 0 0 0 0 0 0 0 0 0 0 0 0 0 0 0 0 0 0 0 0 0 0 0 0 0 0 0 0 0 0 0 0 0 0 1 1 1 1 1 2 2 2 5 6 11 6 5 5 10 18 23 21 25 42 68 35 22 9 2 2 1 2 1 2 2 2 2 1 0 0 0 0 0 0 0
0 0 0 0 0 0 0 0 0 0 0 0 0 0 0 0 0 0 0 0 0 0 0 0 0 0 0 0 0 0 0 0 0 0 0 0 0 0 0 0 0 0 0 0 0 0 0 0 0 0 0 0 0 0 0 0 1 6 1 1 2 2 3 4 5 13 16 11 9 19 20 19 39 57 57 67 50 29 13 4 2 2 4 2 4 2 0 0 0 0 0 0 0 0 0 0
0 0 0 0 0 0 0 0 0 0 0 0 0 0 0 0 0 0 0 0 0 0 0 0 0 0 0 0 0 0 0 0 0 0 0 0 0 0 0 0 0 0 0 0 0 0 0 0 0 0 0 0 0 0 0 0 1 1 2 4 8 5 3 4 7 17 29 21 15 19 21 25 42 43 62 65 38 28 17 9 4 4 4 7 4 2 0 0 0 0 0 0 0 0 0 0
0 0 0 0 0 0 0 0 0 0 0 0 0 0 0 0 0 0 0 0 0 0 0 0 0 0 0 0 0 0 0 0 0 0 0 0 0 0 0 0 0 0 0 0 0 0 0 1 0 1 1 0 0 0 0 1 1 1 1 1 2 3 5 19 9 9 11 18 12 27 16 14 11 25 49 74 41 33 18 12 13 22 6 8 10 3 1 0 0 0 0 0 0 0 0 0
0 0 0 0 0 0 0 0 0 0 0 0 0 0 0 0 0 0 0 0 0 0 0 0 0 0 0 0 0 0 0 0 0 0 0 0 0 0 0 0 0 0 0 0 0 0 0 0 0 1 3 1 1 0 0 1 0 0 0 1 3 2 7 4 18 12 6 6 9 7 34 52 40 46 44 59 21 19 18 27 38 14 20 7 2 1 1 0 0 0 0 0 0 0 0 0
0 0 0 0 0 0 0 0 0 0 0 0 0 0 0 0 0 0 0 0 0 0 0 0 0 0 0 0 0 0 0 0 0 0 0 0 0 0 0 0 0 0 0 0 0 0 0 0 0 0 1 1 2 1 1 0 1 1 1 1 2 4 7 14 15 39 15 10 16 16 29 44 37 65 45 71 25 51 57 48 38 36 18 10 5 1 1 0 0 0 0 0 0 0 0 0
0 0 0 0 0 0 0 0 0 0 0 0 0 0 0 0 0 0 0 0 0 0 0 0 0 0 0 0 0 0 0 0 0 0 0 0 0 0 0 0 0 0 0 0 0 0 0 1 2 0 1 1 3 2 1 0 1 1 3 1 2 3 6 6 11 16 35 27 12 17 30 65 40 43 72 67 69 62 51 60 53 35 10 2 1 1 0 0 0 0 0 0 0 0 0 0
0 0 0 0 0 0 0 0 0 0 0 0 0 0 0 0 0 0 0 0 0 0 0 0 0 0 0 0 0 0 0 0 0 0 0 0 0 0 0 0 0 0 0 0 0 1 1 0 1 2 1 2 3 3 2 1 1 2 2 2 3 3 3 4 6 10 19 43 26 21 25 62 32 29 43 66 69 78 69 62 22 12 5 2 1 0 0 0 0 0 0 0 0 0 0 0
0 0 0 0 0 0 0 0 0 0 0 0 0 0 0 0 0 0 0 0 0 0 0 0 0 0 0 0 0 0 0 0 0 0 0 0 0 0 0 0 0 0 0 0 1 1 1 1 1 5 6 2 2 16 4 4 4 3 3 5 3 4 4 5 6 18 28 32 46 64 47 23 54 36 69 70 43 62 62 60 26 9 5 2 1 1 1 1 0 0 0 0 0 0 0 0
0 0 0 0 0 0 0 0 0 0 0 0 0 0 0 0 0 0 0 0 0 0 0 0 0 0 0 0 0 0 0 0 0 0 0 0 0 0 0 0 0 0 0 0 2 1 4 2 4 6 8 7 7 14 7 5 5 4 4 8 4 3 5 8 10 16 19 40 37 19 54 55 50 59 57 48 38 36 21 37 43 18 10 6 4 2 1 1 0 0 0 0 0 0 0 0
0 0 0 0 0 0 0 0 0 0 0 0 0 0 0 0 0 0 0 0 0 0 0 0 0 0 0 0 0 0 0 0 0 0 0 0 0 0 0 0 0 0 0 1 2 2 5 5 8 6 17 20 26 28 20 16 17 9 4 15 11 6 3 6 11 26 26 43 61 71 54 57 52 75 51 62 45 37 24 8 6 15 9 6 3 1 1 1 0 0 0 0 0 0 0 0
0 0 0 0 0 0 0 0 0 0 0 0 0 0 0 0 0 0 0 0 0 0 0 0 0 0 0 0 0 0 0 0 0 0 0 0 0 0 0 0 1 1 0 2 4 2 3 2 6 15 20 29 36 35 42 30 29 28 18 27 13 9 5 6 12 8 22 33 52 61 59 50 35 61 62 56 44 36 28 22 14 8 8 4 2 2 3 1 0 0 0 0 0 0 0 0
0 0 0 0 0 0 0 0 0 0 0 0 0 0 0 0 0 0 0 0 0 0 0 0 0 0 0 0 0 0 0 0 0 0 0 0 0 0 0 0 0 1 1 1 5 10 4 6 10 15 29 36 45 45 33 55 42 41 42 39 21 24 8 13 17 31 20 30 36 48 44 56 73 51 65 46 53 49 46 34 18 13 6 2 2 2 1 0 0 0 0 0 0 0 0 0
0 0 0 0 0 0 0 0 0 0 0 0 0 0 0 0 0 0 0 0 0 0 0 0 0 0 0 0 0 0 0 0 0 0 0 0 0 0 0 0 0 0 0 1 3 4 10 14 13 18 29 39 48 50 64 73 57 56 58 53 46 32 15 28 31 33 20 20 25 34 41 52 62 65 48 52 67 63 39 33 30 13 6 3 1 1 1 0 0 0 0 0 0 0 0 1
0 0 0 0 0 0 0 0 0 0 0 0 0 0 0 0 0 0 0 0 0 0 0 0 0 0 0 0 0 0 0 0 0 0 0 0 0 0 0 1 3 0 0 0 1 1 3 28 32 38 18 43 49 65 74 46 45 73 69 64 62 55 37 39 61 52 31 21 26 27 36 39 41 73 72 59 57 65 50 32 24 16 11 3 1 1 0 0 0 0 0 0 0 0 0 1
0 0 0 0 0 0 0 0 0 0 0 0 0 0 0 0 0 0 0 0 0 0 0 0 0 0 0 0 0 0 0 0 0 0 0 0 0 0 0 0 1 3 1 1 1 5 5 20 21 39 52 36 54 61 62 69 66 43 79 80 70 64 48 46 61 54 36 22 30 38 37 48 50 60 70 54 59 61 45 31 26 23 10 4 2 1 0 0 0 0 0 0 0 0 0 1
0 0 0 0 0 0 0 0 0 0 0 0 0 0 0 0 0 0 0 0 0 0 0 0 0 0 0 0 0 0 0 0 0 0 0 0 0 0 0 0 0 1 3 6 10 6 9 4 5 8 12 24 52 58 53 70 57 65 59 80 74 68 55 52 72 38 26 23 20 35 45 60 71 74 53 46 44 46 31 19 16 11 8 4 1 1 0 0 0 0 0 0 0 0 0 0
0 1 0 0 0 0 0 0 0 0 0 0 0 0 0 0 0 0 0 0 0 0 0 0 0 0 0 0 0 0 0 0 0 0 0 0 0 0 0 0 0 1 1 4 5 4 2 1 7 7 12 20 46 42 51 70 75 72 77 72 71 76 71 68 46 25 41 40 19 28 32 46 64 40 34 27 27 25 13 12 14 9 3 2 1 1 0 0 0 0 0 0 0 0 0 0
0 0 0 0 0 0 0 0 0 0 0 0 0 0 0 0 0 0 0 0 0 0 0 0 0 0 0 0 0 0 0 0 0 0 0 0 0 0 0 0 0 0 1 0 1 2 1 5 11 8 9 30 15 37 65 40 74 62 46 49 81 78 74 48 20 28 44 50 36 45 48 37 61 31 40 31 30 26 29 19 13 7 5 4 2 1 1 1 0 0 0 0 0 0 0 0
1 0 0 0 0 0 0 0 0 0 0 0 0 0 0 0 0 0 0 0 0 0 0 0 0 0 0 0 0 0 0 0 0 0 0 0 0 0 0 0 0 0 0 1 1 1 3 6 9 8 12 13 18 33 26 36 38 37 33 35 26 54 62 50 52 30 69 71 59 51 62 70 75 72 59 58 51 46 43 24 18 18 9 8 3 1 1 1 0 0 0 0 0 0 0 0
1 0 0 0 0 0 0 0 0 0 0 0 0 0 0 0 0 0 0 0 0 0 0 0 0 0 0 0 0 0 0 0 0 0 0 0 0 0 0 0 0 0 0 0 1 0 2 3 5 12 10 11 19 18 22 34 32 50 55 44 38 50 65 58 76 48 63 76 73 44 53 77 53 70 74 67 62 49 44 40 29 17 5 4 2 1 1 1 0 0 0 0 0 0 0 0
1 1 1 0 0 0 0 0 0 0 0 0 0 0 0 0 0 0 0 0 0 0 0 0 0 0 0 0 0 0 0 0 0 0 0 0 0 0 0 0 0 0 0 0 0 0 1 4 11 14 13 20 16 33 16 35 35 19 31 46 43 47 71 90 93 76 71 71 63 47 50 29 23 40 33 31 28 31 37 31 17 9 6 4 3 2 1 0 0 0 0 0 0 0 0 0
3 2 1 0 0 0 0 0 0 0 0 0 0 0 0 0 0 0 0 0 0 0 0 0 0 0 0 0 0 0 0 0 0 0 0 0 0 0 0 0 0 0 0 0 0 1 1 1 5 5 8 8 6 10 24 28 10 14 27 46 52 52 51 63 44 77 60 68 31 23 58 66 58 53 48 49 37 18 8 13 14 6 5 9 4 2 1 0 0 0 0 0 0 0 0 0
2 2 1 0 0 0 0 0 0 0 0 0 0 0 0 0 0 0 0 0 0 0 0 0 0 0 0 0 0 0 0 0 0 0 0 0 0 0 0 0 0 0 0 0 1 1 1 1 2 2 3 1 1 1 2 3 5 20 22 29 49 55 44 45 34 46 42 19 49 46 27 47 74 69 37 35 48 46 52 36 25 10 2 4 4 2 1 1 0 0 0 0 0 0 0 0
2 2 0 0 0 0 0 0 0 0 0 0 0 0 0 0 0 0 0 0 0 0 0 0 0 0 0 0 0 0 0 0 0 0 0 0 0 0 0 0 0 0 0 0 1 1 1 0 0 1 0 1 1 2 3 4 8 7 24 19 30 22 29 22 18 16 36 31 45 50 44 29 29 53 28 29 53 66 48 34 16 6 4 5 3 1 1 1 0 0 0 0 0 0 0 0
2 1 1 0 0 0 0 0 0 0 0 0 0 0 0 0 0 0 0 0 0 0 0 0 0 0 0 0 0 0 0 0 0 0 0 0 0 0 0 0 0 0 0 0 1 0 0 0 1 1 1 3 4 7 8 14 10 19 8 8 18 43 45 34 50 49 49 35 55 43 56 58 28 44 42 51 59 44 28 15 9 6 3 2 1 1 0 0 0 0 0 0 0 0 0 1
2 1 1 1 1 1 0 0 0 0 0 0 0 0 0 0 0 0 0 0 0 0 0 0 0 0 0 0 0 0 0 0 0 0 0 0 0 0 0 0 0 0 0 0 0 1 1 1 1 1 1 4 12 13 15 25 26 21 32 16 26 41 69 65 51 65 61 59 47 51 62 73 36 46 36 41 68 54 36 27 13 8 3 2 2 1 1 1 1 0 0 0 0 0 0 1
1 1 1 2 1 1 0 0 0 0 0 0 0 0 0 0 0 0 0 0 0 0 0 0 0 0 0 0 0 0 0 0 0 0 0 0 0 0 0 0 0 0 0 0 0 0 1 2 3 2 5 10 10 15 21 25 33 34 43 45 34 47 50 64 68 72 65 62 41 27 32 31 26 29 44 56 41 28 20 9 12 10 3 1 0 0 1 1 0 0 0 0 0 0 0 1
1 2 3 3 1 0 0 0 0 0 0 0 0 0 0 0 0 0 0 0 0 0 0 0 0 0 0 0 0 0 0 0 0 0 0 0 0 0 0 0 0 0 0 0 0 0 1 2 5 9 20 20 12 14 30 46 33 39 61 60 53 39 46 61 52 41 50 46 28 50 52 33 22 29 36 28 28 16 13 9 8 2 1 1 1 1 1 0 0 0 0 0 0 0 0 0
1 3 2 3 2 1 1 1 1 1 0 0 0 0 0 0 0 0 0 0 0 0 0 0 0 0 0 0 0 0 0 0 0 0 0 0 0 0 0 0 0 0 0 0 0 1 0 1 2 2 9 22 40 35 30 53 40 52 72 70 73 38 30 31 32 37 42 53 25 56 45 46 30 26 14 11 10 4 5 6 4 4 5 2 4 1 1 1 0 0 0 0 0 0 0 1
4 5 4 4 3 2 2 2 1 1 0 0 0 0 0 0 0 0 0 0 0 0 0 0 0 0 0 0 0 0 0 0 0 0 0 0 0 0 0 1 1 2 1 1 1 1 1 1 2 3 5 10 18 51 53 49 70 65 50 64 75 76 62 42 28 17 31 51 32 55 58 47 27 19 20 29 21 29 26 18 13 16 9 4 2 1 1 0 0 0 0 0 0 1 1 1
12 6 4 2 4 3 2 1 1 0 0 0 0 0 0 0 0 0 0 0 0 0 0 0 0 0 0 0 0 0 0 0 0 0 0 0 0 0 0 1 2 1 3 2 1 1 2 3 6 6 11 20 28 31 41 45 61 69 69 70 48 63 52 76 71 38 29 39 58 68 63 61 57 51 23 32 46 56 44 32 25 11 2 1 2 1 0 0 0 0 0 0 0 1 1 2
18 11 4 1 2 2 1 1 0 0 0 0 0 0 0 0 0 0 0 0 0 0 0 0 0 0 0 0 0 0 0 0 0 0 0 0 0 0 0 0 1 2 3 5 3 2 5 6 9 15 13 27 36 35 41 50 35 41 64 62 64 63 37 49 45 45 23 52 63 53 52 44 41 49 41 64 43 33 45 33 19 6 5 3 1 1 0 0 0 0 0 0 0 1 2 4
15 8 2 1 1 1 0 0 0 0 0 0 0 0 0 0 0 0 0 0 0 0 0 0 0 0 0 0 0 0 0 0 0 0 0 0 0 1 1 1 1 3 4 6 6 3 7 12 20 20 17 48 45 43 45 48 53 18 20 27 18 26 47 52 27 55 54 73 35 26 27 29 38 54 70 69 58 26 31 15 11 7 4 2 1 1 0 0 0 0 0 0 0 1 1 2
10 5 2 1 1 0 0 1 0 0 1 0 0 0 0 0 0 0 0 0 0 0 0 0 0 0 0 0 0 0 0 0 0 0 1 1 1 1 1 2 4 3 8 9 10 4 7 15 19 27 35 47 42 50 53 36 33 39 45 44 42 50 46 42 48 11 36 18 18 20 46 69 70 69 58 62 63 53 36 20 16 6 5 2 1 1 0 0 0 0 0 0 0 0 1 1
17 9 6 4 2 2 2 1 1 1 0 0 0 0 0 0 0 0 0 0 0 0 0 0 0 0 0 0 0 0 0 0 0 0 1 1 1 1 1 1 1 2 1 1 4 9 20 19 25 24 33 42 44 49 48 62 51 21 66 69 50 46 43 40 51 25 39 44 55 49 64 66 70 79 69 50 61 41 39 16 15 13 5 2 1 0 0 0 0 0 1 0 1 1 1 2
27 14 18 12 4 0 0 1 1 1 0 0 0 0 0 0 0 0 0 0 0 0 0 0 0 0 0 0 0 0 0 1 0 0 1 2 2 2 3 1 2 3 3 2 2 3 14 30 36 40 25 27 44 49 52 55 54 71 55 45 53 66 69 70 43 21 42 56 60 62 66 44 57 57 52 54 54 58 48 40 26 11 6 1 1 0 0 0 0 0 1 0 1 2 3 5
37 31 9 2 1 0 2 2 1 0 0 1 1 0 0 0 0 0 0 0 0 0 0 0 0 0 0 0 0 1 1 1 0 1 1 2 4 4 5 2 6 4 7 5 3 4 5 10 41 61 40 27 44 61 53 51 58 48 66 67 51 53 70 68 32 38 25 17 55 75 74 71 66 66 49 61 58 50 27 26 13 8 9 3 1 0 0 0 0 0 1 1 1 1 3 6
32 12 6 2 1 2 3 1 1 0 1 0 1 0 0 0 0 0 0 0 0 0 0 0 0 0 0 0 1 1 1 1 1 0 0 1 1 3 4 5 12 13 8 14 14 5 6 29 41 54 45 30 36 39 65 51 46 56 39 43 46 65 66 55 47 40 47 49 44 33 60 71 67 78 67 47 67 44 23 17 17 8 2 5 1 0 0 0 0 0 1 1 1 1 2 2
13 14 13 3 3 6 2 2 2 1 1 0 0 0 0 0 0 0 0 0 0 0 0 0 0 0 0 0 1 1 2 2 1 1 1 1 1 2 1 9 12 21 19 11 28 11 12 39 44 27 63 31 42 41 43 75 64 56 79 69 43 44 54 61 42 44 38 31 42 63 64 70 69 53 70 50 34 26 32 10 11 7 1 1 1 0 0 0 0 0 1 1 2 5 5 3
17 16 17 15 12 8 5 3 1 1 0 0 0 0 0 0 0 0 0 0 0 0 0 0 0 0 0 0 0 1 1 1 2 3 2 1 2 2 2 4 6 17 19 35 28 24 21 44 39 34 57 61 24 43 47 26 25 28 54 56 63 30 39 47 39 57 49 56 42 58 69 60 44 57 38 55 36 32 23 14 11 2 0 0 0 0 0 0 0 1 1 1 3 7 6 6
43 35 30 15 13 7 2 2 1 0 0 0 1 0 0 0 0 0 0 0 0 0 0 0 0 0 0 0 0 1 2 2 4 5 5 4 2 2 7 4 8 7 12 44 46 40 32 50 23 27 46 30 31 35 42 52 31 30 30 32 31 60 64 56 48 30 50 55 34 26 15 20 26 20 33 27 32 30 17 11 6 2 0 0 0 0 0 0 0 1 1 1 2 3 5 6
46 31 22 20 10 2 1 1 1 1 1 1 1 0 0 0 0 0 0 0 0 0 0 0 0 0 0 1 1 0 2 4 7 7 7 12 3 2 5 9 10 12 19 33 54 40 31 48 59 58 40 58 82 44 50 55 44 31 31 41 18 21 38 44 59 23 29 39 62 57 39 28 22 5 4 7 12 12 14 7 3 1 1 0 0 0 0 0 0 0 1 1 2 1 3 3
38 21 15 13 6 4 2 1 1 2 1 0 0 0 0 0 0 0 0 0 0 0 0 0 0 0 1 1 1 2 2 5 16 11 7 18 8 5 7 7 15 16 29 33 53 39 25 41 62 76 55 56 74 68 43 55 56 54 35 41 50 43 36 35 61 19 45 70 61 62 60 56 35 25 17 9 3 5 5 7 3 1 0 0 0 0 0 0 1 1 1 1 1 2 5 8
21 19 20 9 8 5 3 4 1 0 0 0 0 1 0 0 0 0 0 0 0 0 0 0 0 0 1 2 3 3 8 11 17 22 22 10 20 12 10 15 29 31 39 44 27 45 67 47 37 23 51 50 28 62 63 48 61 53 36 22 29 54 38 36 42 60 60 56 62 64 65 50 29 44 36 29 16 9 3 2 2 0 0 0 0 0 0 0 0 1 1 1 1 2 3 4
40 22 30 14 10 21 9 2 1 1 1 1 1 0 0 0 0 0 0 0 0 0 0 0 0 0 1 2 3 5 8 23 40 40 35 34 25 39 30 22 42 55 41 26 38 59 69 66 43 46 46 62 59 42 51 53 55 48 48 35 20 40 46 19 18 31 43 55 58 62 70 79 56 39 43 37 42 16 5 1 1 0 0 0 0 0 0 0 0 1 1 1 2 2 3 5
39 30 15 10 8 3 5 4 3 3 2 1 0 0 0 0 0 0 0 0 0 0 0 0 0 1 1 1 2 3 4 15 31 60 52 25 35 53 55 28 36 68 48 43 32 55 70 67 79 63 51 50 65 77 62 32 58 66 63 34 24 20 20 18 41 28 65 72 82 56 35 60 65 27 7 12 18 14 5 1 0 0 0 0 0 0 0 0 0 1 1 1 2 3 3 4
22 24 18 9 3 1 1 3 2 1 1 0 0 0 0 0 0 0 0 0 0 0 0 1 1 1 2 1 2 1 3 8 17 42 71 25 23 68 68 39 38 63 70 44 45 57 59 70 75 70 26 26 52 62 41 40 53 51 54 69 31 25 26 31 32 52 26 21 42 84 52 26 30 30 8 4 5 12 5 1 0 0 0 0 0 0 0 0 0 1 1 1 2 2 6 7
22 17 11 7 7 6 2 3 1 1 0 0 0 0 0 0 0 0 0 0 0 0 0 0 1 1 2 2 4 5 4 6 9 19 43 69 37 39 78 73 47 49 72 58 47 56 58 70 80 76 58 27 71 59 53 43 35 15 18 32 22 14 11 39 37 33 33 53 53 62 59 27 18 5 3 1 0 3 3 1 0 0 0 0 0 0 0 0 0 1 1 1 2 2 2 4
10 8 5 7 4 4 2 3 1 1 0 0 0 0 0 0 0 0 0 0 0 0 0 0 1 1 1 1 2 2 11 7 11 10 30 54 81 46 30 73 69 53 77 63 42 54 57 70 60 68 73 41 40 47 39 57 27 26 21 17 15 31 30 53 32 44 51 45 39 63 55 27 16 16 6 3 0 0 1 1 0 0 0 0 0 0 0 0 0 1 1 2 3 4 5 4
15 13 15 20 7 5 2 2 1 0 0 0 0 0 0 0 0 0 0 0 0 0 0 0 0 1 1 3 3 2 13 32 52 47 57 73 71 68 57 43 45 69 71 57 42 44 62 70 70 50 74 42 45 45 43 55 45 22 26 43 28 27 32 45 79 62 66 60 45 44 21 29 27 22 10 4 1 0 0 0 0 0 0 0 0 0 0 0 0 0 1 1 2 3 7 11
23 20 14 10 6 5 2 1 1 0 0 0 0 0 0 0 0 0 0 0 0 0 0 0 0 0 0 0 2 6 11 20 30 40 20 23 46 72 73 74 42 38 78 60 42 54 50 36 72 49 34 53 22 42 28 25 49 20 29 31 27 23 46 42 63 57 41 42 31 29 46 45 46 25 18 5 0 0 0 0 0 0 0 0 0 0 0 0 0 0 1 0 1 1 3 6
4 6 6 6 4 4 3 2 1 0 0 0 0 0 0 0 0 0 0 0 0 0 0 0 0 0 0 1 2 2 8 5 5 9 25 48 61 44 63 81 82 69 70 58 65 44 45 37 24 26 37 19 42 28 48 17 19 29 15 18 12 20 22 28 22 19 34 51 50 61 65 51 23 14 3 5 2 1 0 0 0 0 0 0 0 0 0 0 0 1 1 2 2 1 4 9
3 2 3 3 2 1 3 2 1 1 1 0 0 0 0 0 0 0 0 0 0 0 0 0 0 0 0 0 1 1 3 6 6 19 31 44 43 51 49 76 58 46 45 55 68 64 63 34 29 58 29 37 20 36 53 28 14 12 26 13 25 25 56 51 53 46 60 64 65 65 66 40 28 13 2 1 1 0 0 0 0 0 0 0 0 0 0 0 1 0 0 1 1 2 2 3
6 5 4 2 1 0 1 2 1 1 0 0 0 0 0 0 0 0 0 0 0 0 0 0 0 0 0 0 0 1 1 5 9 31 41 46 51 43 48 36 47 39 38 32 43 56 75 41 33 34 17 18 33 42 47 33 32 32 15 24 59 33 53 77 60 58 61 61 61 75 70 64 35 13 4 2 0 0 0 0 0 0 0 0 0 0 0 1 1 1 1 1 2 4 4 5
13 13 5 3 2 2 2 2 1 0 0 0 0 0 0 0 0 0 0 0 0 0 1 1 0 0 0 0 1 1 1 2 10 22 56 55 39 54 46 36 48 52 52 52 42 33 23 59 46 28 30 26 26 31 6 49 36 16 17 34 52 58 47 82 78 82 81 50 30 25 60 63 77 35 4 2 1 0 0 0 0 0 0 0 0 0 1 0 1 1 1 3 2 4 6 5
21 9 8 13 9 4 3 2 1 0 0 0 0 0 0 0 0 0 0 1 1 0 1 1 1 1 0 1 1 2 3 2 8 21 39 31 54 40 42 37 49 46 38 57 39 25 27 22 31 17 39 26 15 19 30 12 9 20 12 48 66 60 54 82 89 81 81 90 77 52 39 37 49 28 18 5 2 0 0 0 0 0 0 0 0 0 0 1 1 1 1 2 4 4 5 13
6 2 1 8 4 2 2 1 0 0 0 0 0 0 0 0 0 0 0 1 1 2 2 2 2 1 1 2 2 2 3 4 5 17 24 23 21 35 41 36 58 51 52 64 44 39 39 31 39 17 50 21 11 8 27 37 5 11 37 34 45 32 20 59 84 69 72 84 91 77 24 9 5 7 9 1 0 0 0 0 0 0 0 0 0 0 0 0 0 1 2 2 2 3 6 9
