sesion_6_simulaciones/modelos_agentes/ejemplos_netlogo/scenarios/cgcm2_b2/rob_2044.asc
NCOLS 322 
NROWS 307 
XLLCORNER 451900 
YLLCORNER 4086900 
CELLSIZE 100 
NODATA_value -9999 
[rows 74 to 147 of 307, columns 0 to 95 of 322]
0 0 0 0 0 0 0 0 0 0 0 0 0 0 0 0 0 0 0 0 0 0 0 0 0 0 0 0 0 0 1 0 1 2 2 5 10 9 8 6 2 6 3 1 1 0 2 2 2 3 1 2 2 1 3 1 1 3 2 2 2 8 7 8 3 2 3 6 8 11 23 13 8 4 25 59 30 31 48 68 72 29 43 54 60 21 11 9 16 11 13 15 10 11 19 15
0 0 0 0 0 0 0 0 0 0 0 0 0 0 0 0 0 0 0 0 0 0 0 0 0 0 0 0 0 0 0 0 0 2 6 12 6 6 22 15 3 6 6 3 1 0 1 2 1 2 2 2 2 1 2 2 1 1 1 1 1 3 13 17 6 7 14 10 9 4 6 14 14 9 17 66 31 14 11 52 51 44 43 32 14 40 37 15 15 12 15 27 25 17 12 51
0 0 0 0 0 0 0 0 0 0 0 0 0 0 0 0 0 0 0 0 0 0 0 0 0 0 0 0 0 0 0 0 0 0 2 7 8 15 11 7 7 22 7 3 3 2 1 1 1 2 5 1 3 2 2 1 6 2 1 0 2 12 7 14 16 14 20 19 25 14 12 5 5 5 15 66 75 29 17 15 39 45 29 13 13 59 55 47 38 10 8 6 32 38 26 37
0 0 0 0 0 0 0 0 0 0 0 0 0 0 0 0 0 0 0 0 0 0 0 0 0 0 0 0 0 0 0 0 0 0 3 2 4 5 2 3 23 6 7 6 9 10 3 1 2 3 3 2 2 2 4 2 2 2 1 2 5 8 8 18 11 16 21 24 26 29 27 26 25 20 10 20 52 41 30 10 39 61 19 11 44 65 17 60 46 28 12 30 44 43 39 25
0 0 0 0 0 0 0 0 0 0 0 0 0 0 0 0 0 0 0 0 0 0 0 0 0 0 0 0 0 0 1 1 1 1 2 2 2 3 5 11 8 17 6 8 11 30 10 7 10 5 5 2 3 2 1 1 2 2 5 6 5 3 5 3 10 16 19 32 29 26 26 40 27 27 13 5 7 19 22 13 24 25 20 22 52 24 18 11 11 35 24 32 25 33 37 39
0 0 0 0 0 0 0 0 0 0 0 0 0 0 0 0 0 0 0 0 0 0 0 0 0 0 0 0 0 0 0 1 6 14 24 19 10 3 9 12 13 25 16 3 5 7 22 25 42 41 27 13 7 6 4 2 2 3 6 7 2 3 3 3 3 6 6 3 8 26 32 28 29 31 21 18 11 20 8 6 19 25 21 32 50 21 35 23 12 27 32 54 69 61 47 50
0 0 0 0 0 0 0 0 0 0 0 0 0 0 0 0 0 0 0 0 0 0 0 0 0 0 0 0 0 1 0 1 1 7 33 44 11 4 7 19 15 12 27 15 5 5 9 25 61 67 78 80 65 21 14 8 6 7 5 6 5 3 3 1 7 8 5 9 10 22 32 24 31 34 30 17 16 7 5 1 8 21 22 33 38 32 15 16 17 23 63 64 67 41 42 64
0 0 0 0 0 0 0 0 0 0 0 0 0 0 0 0 0 0 0 0 0 0 1 6 1 0 0 0 0 1 1 1 1 1 3 20 14 6 4 13 27 52 18 35 26 11 8 3 3 7 22 34 52 66 48 20 9 4 6 5 2 7 3 13 2 2 4 3 5 12 12 35 31 34 38 23 7 1 3 3 6 12 13 35 19 32 43 43 25 20 14 10 32 24 30 45
0 0 0 0 0 0 0 0 0 0 0 0 0 0 0 0 0 0 0 5 5 7 14 4 16 4 1 0 0 0 0 2 2 4 7 3 2 2 2 9 11 10 13 33 19 14 18 11 3 1 1 2 6 25 25 54 26 13 5 28 35 16 10 4 17 9 3 6 2 2 12 24 40 28 19 20 12 8 8 17 6 5 20 47 20 43 45 44 40 44 27 13 11 27 55 68
0 0 0 0 0 0 0 0 0 0 0 0 0 0 0 0 0 4 8 10 1 3 1 0 1 1 1 0 1 1 1 2 1 1 3 5 3 2 7 11 25 32 10 7 5 5 6 4 1 3 4 1 8 4 6 14 28 21 48 40 11 5 5 8 16 4 5 8 9 8 43 37 37 25 21 23 28 33 20 10 16 13 42 49 31 62 60 83 62 60 61 50 14 11 13 12
0 0 0 0 0 0 0 0 0 0 0 0 0 0 0 0 1 3 1 1 1 1 0 0 0 1 1 1 5 4 7 1 1 3 9 6 3 7 10 10 20 31 31 21 2 1 2 3 3 2 1 11 33 18 15 12 7 29 61 16 11 9 4 4 9 6 10 7 23 33 28 30 28 22 24 24 29 25 35 9 14 11 19 17 30 66 31 50 61 76 49 54 52 29 17 12
0 0 0 0 0 0 0 0 0 0 0 0 0 0 0 0 1 1 0 0 0 2 0 0 0 0 1 0 0 0 1 0 2 6 4 7 2 21 12 14 26 25 37 32 15 16 22 17 20 23 17 22 31 26 17 11 17 24 13 16 15 22 16 9 5 3 3 24 22 14 24 18 49 21 17 43 30 25 26 18 14 9 11 25 6 47 35 66 64 78 81 83 65 40 22 16
0 0 0 0 0 0 0 0 0 0 0 0 0 0 0 0 0 0 0 0 1 0 0 0 1 1 1 0 0 0 1 1 2 3 3 5 3 9 8 21 29 15 32 22 14 18 26 17 13 21 24 11 17 20 16 17 31 11 15 21 31 17 7 5 6 6 6 4 6 11 7 18 9 7 42 30 21 25 52 29 31 15 8 16 31 41 39 32 68 64 52 52 71 29 23 16
0 0 0 0 0 0 0 0 0 0 0 0 0 0 0 0 0 0 0 0 0 1 1 4 5 3 4 9 5 1 0 0 1 1 1 1 3 6 8 16 25 9 5 9 9 14 26 3 11 17 14 17 19 29 22 15 17 9 16 18 26 8 9 5 9 9 24 33 28 15 19 12 14 10 9 8 37 47 14 25 25 17 15 12 15 19 30 43 54 61 13 31 46 48 20 15
0 0 0 0 0 0 0 0 0 0 0 0 0 0 1 0 0 0 1 0 1 1 1 1 13 11 10 11 3 14 9 7 3 1 0 1 1 5 4 9 7 4 13 7 18 22 29 8 13 26 11 9 17 35 22 7 13 8 14 22 11 1 1 4 14 5 3 13 34 11 19 16 11 13 20 12 14 20 16 14 8 13 25 22 13 13 11 7 20 19 10 32 15 40 30 18
0 0 0 0 0 0 0 0 0 0 0 0 0 0 0 0 0 2 0 0 2 0 1 6 7 22 23 16 9 11 11 13 3 9 4 3 1 1 2 1 2 4 6 7 9 12 16 5 6 15 6 14 4 25 33 5 12 6 34 11 7 7 8 13 15 4 2 2 49 16 18 12 12 10 11 28 29 47 44 40 51 34 17 11 30 36 29 25 9 6 12 24 28 11 22 15
0 0 0 0 0 0 0 0 0 0 0 0 0 0 0 1 2 0 1 1 0 0 7 13 35 3 29 31 8 16 15 16 10 19 8 14 11 5 1 0 1 2 2 2 7 15 5 7 7 7 7 18 12 31 2 15 25 10 16 3 3 13 19 10 6 6 4 3 14 69 58 30 14 40 39 41 68 59 19 29 53 42 52 47 40 40 36 33 22 9 4 18 18 8 4 2
0 0 0 0 0 0 0 0 0 0 0 0 0 2 1 0 2 4 1 1 3 1 0 10 25 9 4 48 41 11 4 30 13 26 24 41 16 7 8 1 4 5 6 1 1 2 3 2 4 7 35 45 54 36 48 11 3 13 3 2 3 13 7 3 2 3 22 20 7 7 27 27 70 89 68 47 25 21 67 33 8 35 52 43 33 34 36 30 23 9 5 5 3 2 3 10
0 0 0 0 0 0 0 0 0 0 0 0 0 0 0 4 5 4 4 1 1 2 1 13 3 17 19 33 68 30 3 4 3 7 9 23 14 19 32 12 6 2 12 20 18 19 20 8 16 52 68 45 15 19 45 59 27 4 8 7 4 12 6 4 5 7 6 6 16 7 9 11 7 11 8 58 26 26 16 32 46 17 22 53 37 35 35 22 23 20 9 2 7 15 7 10
0 0 0 0 0 0 0 0 0 0 0 0 0 1 0 0 5 8 22 8 1 16 3 2 1 6 4 1 18 20 46 9 2 2 15 4 10 38 12 7 24 4 10 28 46 29 20 37 48 54 76 69 31 64 56 70 37 50 31 25 13 16 3 4 4 6 3 9 8 4 5 2 7 7 6 19 15 22 17 19 31 52 27 30 36 33 15 17 10 5 12 16 22 4 3 4
0 0 0 0 0 0 0 0 0 0 0 0 0 2 1 1 1 10 3 8 4 5 4 5 2 12 4 4 2 25 65 28 5 5 5 15 8 17 50 10 43 4 12 53 49 45 44 68 66 86 81 71 60 89 80 79 61 67 57 15 19 16 2 4 3 6 15 34 17 13 7 21 26 20 14 8 11 24 31 23 13 13 39 36 29 14 15 7 7 20 23 17 25 20 11 5
1 0 0 0 0 0 0 0 0 0 0 0 1 1 2 1 2 2 4 5 7 12 2 5 4 9 10 3 2 8 40 50 23 14 4 8 2 7 43 10 38 8 17 45 48 52 75 79 78 87 82 42 70 65 66 60 56 75 14 10 30 12 6 5 7 5 11 20 22 13 53 15 6 11 13 22 55 54 52 39 29 20 21 24 14 8 17 17 17 24 39 29 15 9 12 10
0 0 0 0 0 0 0 0 0 0 0 1 1 1 1 1 3 1 1 2 3 5 2 6 14 5 18 10 8 2 25 59 6 6 8 9 2 27 56 46 57 47 24 35 55 72 89 84 62 85 62 17 44 11 26 61 75 65 27 58 52 44 17 4 4 7 12 11 13 40 12 21 28 10 15 42 33 22 45 53 52 24 10 9 6 11 21 41 39 37 36 38 17 17 15 23
1 0 0 0 0 0 0 0 0 0 0 1 9 2 1 1 2 2 5 4 1 1 4 17 26 29 14 23 13 6 28 56 8 6 24 21 6 20 13 46 65 84 48 48 59 64 88 84 42 62 18 25 13 6 2 5 57 73 74 71 41 62 9 7 34 45 10 3 11 12 18 36 14 43 46 12 30 54 40 56 43 44 41 16 26 28 43 43 54 34 51 46 33 35 29 39
1 2 0 0 0 0 0 0 0 0 0 0 4 13 2 5 2 6 9 10 15 7 9 15 18 27 24 41 25 25 12 34 14 14 17 7 11 31 14 24 37 74 63 67 61 63 87 93 82 64 31 15 4 4 1 3 5 4 78 65 65 19 8 34 19 25 21 8 7 6 27 22 47 31 23 14 17 10 33 40 58 61 41 26 32 51 45 40 58 29 73 33 36 35 26 28
0 7 3 0 0 0 0 0 0 0 0 1 1 2 13 14 2 5 15 12 15 11 17 37 44 51 51 41 41 45 6 27 43 26 19 12 12 18 8 4 12 68 19 28 25 31 78 82 75 40 28 31 22 19 8 12 4 13 8 9 13 14 30 36 30 15 12 6 8 14 12 26 20 20 10 7 10 28 33 51 54 58 38 38 31 43 52 25 53 44 75 46 45 23 33 43
0 0 5 1 0 0 0 0 0 0 0 1 2 2 10 2 24 5 4 6 11 7 3 5 9 23 28 15 40 44 22 56 74 51 21 44 20 23 19 6 42 60 52 29 33 36 15 41 58 15 28 37 30 24 36 21 11 30 16 29 19 10 25 33 22 12 13 6 17 7 3 5 27 28 21 18 27 36 37 43 42 53 43 41 39 34 45 38 68 70 22 44 50 46 49 32
0 0 0 1 1 0 0 0 0 0 0 1 2 1 1 5 6 30 9 9 5 16 13 17 30 36 33 19 8 10 11 59 55 36 56 63 73 60 15 14 49 44 82 59 52 43 40 14 7 16 42 40 32 28 17 35 36 26 23 20 28 24 40 33 19 13 9 13 20 5 2 7 9 16 20 38 31 37 39 41 39 37 31 45 48 32 34 39 57 9 27 42 34 13 8 21
0 0 0 1 1 0 0 0 0 0 0 1 2 3 5 4 4 5 8 11 18 29 25 30 40 61 41 42 30 13 7 5 46 64 64 32 82 63 41 63 71 27 74 49 80 74 38 17 14 8 27 40 33 29 38 20 39 30 32 22 37 40 64 62 28 12 6 5 12 4 3 5 3 5 5 27 23 27 34 33 37 29 34 45 22 50 40 64 28 20 38 39 40 24 23 36
0 0 0 1 2 0 1 0 0 0 0 1 5 4 2 2 3 7 7 9 22 26 55 44 48 41 65 47 21 23 19 17 8 41 56 18 25 20 72 47 42 16 79 44 24 10 29 21 27 17 26 42 51 43 34 20 14 20 5 12 25 18 41 41 4 10 10 4 8 9 17 13 5 12 16 6 25 26 29 30 22 47 19 8 25 59 32 59 22 10 19 23 26 23 35 39
0 0 0 1 1 1 0 0 0 0 0 0 1 1 10 10 7 5 4 6 7 18 57 62 29 26 32 36 45 41 29 35 20 7 7 24 11 21 75 20 17 30 57 23 23 17 35 26 27 21 11 29 36 41 27 19 15 16 8 12 12 10 11 6 9 11 9 5 7 16 18 5 15 18 15 14 30 28 27 24 57 17 16 26 30 45 35 27 29 5 6 20 24 39 42 57
0 0 0 1 1 1 0 0 0 1 0 1 1 1 2 3 13 14 26 30 18 27 22 18 10 4 17 34 42 32 49 53 18 10 3 6 18 53 35 32 7 59 75 36 35 34 32 40 44 11 16 24 23 25 16 20 17 8 11 4 7 4 7 23 22 10 11 13 16 16 17 11 6 25 11 14 23 17 22 42 25 18 25 16 33 14 31 40 49 22 15 20 32 35 25 53
0 0 0 1 2 1 1 0 1 0 1 0 1 4 4 14 12 19 27 20 21 42 22 15 19 19 7 17 27 20 21 16 10 21 19 21 39 29 45 23 28 36 58 60 49 39 17 21 26 9 8 30 38 45 45 29 18 10 22 40 31 16 11 16 8 5 34 29 14 12 9 60 40 20 17 11 10 12 15 32 12 20 21 8 23 20 33 45 28 47 31 39 31 47 41 49
0 0 0 0 6 4 1 0 0 0 1 3 3 29 12 45 22 10 19 34 35 34 44 23 18 20 19 12 23 22 13 13 20 29 33 35 13 18 25 27 24 9 16 37 45 26 6 11 10 12 17 21 18 20 17 16 20 7 45 47 27 29 7 7 13 8 33 81 68 44 29 22 55 68 29 15 14 17 29 19 4 31 9 18 20 35 14 16 20 29 47 37 66 44 23 29
0 0 0 0 1 2 1 0 0 1 0 2 2 5 27 24 34 43 30 36 28 21 40 20 12 12 7 5 5 7 16 17 27 28 16 33 30 28 23 18 7 16 30 10 43 32 25 23 19 9 8 10 10 36 28 26 21 7 12 14 15 13 30 15 25 30 19 60 72 63 14 26 29 18 57 39 13 16 19 14 26 34 12 61 35 29 26 36 28 36 49 59 30 29 27 14
0 0 0 0 0 5 6 1 0 0 1 1 1 3 3 4 2 6 17 30 30 28 40 49 28 18 23 18 9 6 11 4 8 14 15 26 28 19 28 10 6 22 13 17 43 27 27 21 22 13 10 11 12 28 44 7 12 12 24 22 18 43 37 45 53 29 36 25 64 43 49 20 17 22 23 43 32 38 30 37 15 25 28 46 38 43 42 20 27 73 42 21 41 30 35 32
0 0 0 0 0 1 2 0 0 0 0 1 5 5 13 12 5 3 9 25 34 56 62 65 58 24 16 7 3 6 6 2 2 3 9 9 17 20 13 16 16 21 8 32 7 4 11 14 17 15 21 24 13 28 21 20 16 27 35 12 33 33 20 21 82 42 38 20 9 63 71 32 37 17 46 61 56 75 57 48 36 32 16 43 69 49 65 54 54 64 56 34 47 50 54 34
0 0 0 0 0 0 2 1 0 0 0 3 2 4 13 9 7 23 12 42 73 50 27 38 46 26 20 18 7 1 6 8 11 6 2 7 21 20 5 12 29 32 28 28 10 6 13 27 32 34 18 45 34 37 27 18 19 11 11 38 23 13 13 21 19 52 30 26 13 30 54 80 68 23 9 46 30 65 15 9 37 71 8 26 10 41 42 79 76 66 81 56 53 54 53 51
0 0 0 0 0 0 1 6 0 1 1 2 1 2 2 7 26 27 22 11 11 49 56 36 37 27 39 48 27 11 10 20 14 14 15 6 6 13 12 15 16 25 24 23 19 17 35 36 25 26 28 21 31 26 24 33 42 52 28 13 33 17 12 49 17 39 48 25 15 15 50 63 66 47 24 31 8 52 28 15 3 40 26 26 30 65 26 36 16 11 52 35 43 77 56 71
0 0 0 0 0 0 2 0 0 0 1 3 6 2 4 11 18 20 21 20 14 4 41 70 52 47 40 42 46 18 17 26 13 15 27 32 12 5 6 13 22 19 12 45 24 25 24 56 55 35 47 21 31 60 77 72 38 28 22 20 23 61 35 11 48 17 47 38 25 6 49 52 44 62 21 33 10 52 66 20 12 55 16 27 29 7 37 26 10 24 78 43 26 65 82 81
0 0 0 0 0 0 2 0 0 0 0 2 4 2 1 6 11 21 26 36 30 26 11 29 34 34 12 15 37 18 13 14 10 8 12 19 14 10 8 16 13 7 8 8 30 34 27 42 32 19 17 45 27 21 19 13 19 11 24 30 24 42 49 20 23 45 7 56 39 13 36 61 47 58 29 27 14 58 23 22 6 73 35 23 35 28 15 27 22 38 66 79 32 30 69 75
1 0 0 0 0 0 1 0 0 0 0 0 2 1 2 4 5 9 29 49 48 28 18 8 6 3 13 8 2 4 13 1 4 9 15 10 13 19 15 11 23 20 25 21 30 35 28 27 19 21 36 43 42 53 28 43 41 30 21 36 17 25 36 36 24 66 35 47 67 27 19 33 62 36 60 24 18 53 37 60 47 60 83 41 34 33 14 40 26 16 45 82 44 21 21 70
3 0 0 0 1 0 1 1 0 1 0 0 0 2 4 3 12 12 22 31 37 25 14 20 10 11 12 5 1 2 6 5 4 6 6 9 18 16 10 20 34 28 26 22 13 24 28 25 24 52 39 59 44 43 40 56 54 45 39 48 35 42 23 40 19 59 51 26 67 50 10 36 50 36 71 31 45 33 39 32 59 35 80 58 20 34 32 62 25 15 18 60 48 24 42 37
2 1 0 0 0 0 1 0 1 0 0 0 1 2 2 3 7 11 17 24 27 25 23 18 28 21 24 14 4 1 2 1 1 6 7 4 16 16 7 7 25 21 15 11 23 16 19 17 14 43 60 57 61 43 24 39 70 38 57 55 55 60 28 12 17 16 37 24 41 59 31 24 25 69 54 45 65 32 46 73 59 32 53 76 32 35 18 18 18 25 26 63 46 53 35 13
5 2 1 0 0 1 0 0 1 0 0 1 1 4 3 3 21 19 51 48 33 55 36 41 16 18 23 22 15 2 1 2 11 9 22 22 16 26 26 20 22 17 17 13 15 12 13 22 18 16 14 26 17 31 54 58 72 33 87 75 29 68 40 46 46 20 13 9 28 46 25 44 25 50 14 45 82 65 42 59 70 65 54 83 29 30 34 18 21 9 32 49 50 24 16 19
2 3 3 1 1 1 0 0 1 0 1 0 0 4 5 5 4 12 12 6 13 6 10 18 31 42 24 24 33 8 3 19 15 19 9 7 16 13 13 38 30 11 19 31 26 24 34 38 20 40 43 18 39 60 52 66 52 64 59 68 28 56 68 42 57 68 63 41 19 52 54 69 60 39 38 50 71 75 58 57 60 64 49 79 74 47 10 12 15 27 40 52 63 32 16 10
0 1 2 2 4 1 1 0 0 0 1 1 0 3 12 16 13 7 20 15 10 19 15 26 49 25 29 33 35 32 13 63 24 9 15 8 29 30 32 41 60 33 41 41 34 43 26 36 26 33 39 28 15 46 25 35 71 74 57 60 66 76 81 71 28 67 62 63 49 31 40 61 20 39 42 49 69 56 74 73 56 39 41 81 73 43 47 12 18 40 27 56 48 47 38 25
3 0 0 1 1 1 1 0 0 1 2 1 1 2 2 2 3 9 5 30 17 21 24 27 26 27 43 31 34 24 27 63 19 24 21 16 25 26 28 46 56 31 33 44 32 41 15 19 40 24 23 34 15 10 10 11 47 63 70 75 70 63 72 85 57 44 59 56 43 24 10 19 32 27 38 57 66 80 63 41 35 25 78 69 73 38 29 28 18 25 33 56 20 13 16 48
14 4 1 1 2 1 1 0 1 2 1 1 4 1 10 2 1 4 7 20 34 36 9 15 19 30 34 16 43 37 53 31 32 40 16 10 13 27 59 56 27 22 32 54 54 39 17 16 14 41 26 24 33 26 12 7 19 22 19 48 39 38 64 78 74 52 26 12 12 20 14 16 18 23 31 32 67 57 46 30 10 20 77 63 73 61 32 32 10 32 42 65 62 51 25 12
3 6 4 1 3 1 0 0 1 1 0 3 1 2 21 1 4 3 13 30 19 13 3 19 10 4 25 12 42 53 49 47 51 27 13 27 34 34 58 42 23 43 25 29 49 20 16 23 11 33 20 14 28 13 26 16 15 24 26 9 23 34 40 52 54 28 22 35 28 39 22 14 18 24 25 13 42 34 37 19 15 8 31 20 41 70 33 41 13 43 61 49 40 38 42 17
3 1 1 2 1 3 1 0 0 1 0 2 2 4 2 12 5 9 7 9 14 4 18 15 13 7 19 16 38 29 32 31 43 18 32 37 43 29 46 35 28 38 27 29 39 19 21 21 14 50 30 22 36 34 28 22 37 35 47 31 20 25 9 18 7 8 24 39 40 41 38 21 17 10 11 11 20 21 20 16 16 10 11 12 26 36 14 32 11 33 57 53 33 18 73 50
2 3 4 1 1 1 1 1 1 1 0 0 3 5 1 24 16 5 10 7 15 6 8 14 13 16 45 31 37 24 36 44 17 31 33 51 33 30 59 20 31 43 20 33 33 50 16 33 15 41 28 33 31 46 22 30 31 43 34 41 40 47 22 19 20 13 36 28 32 21 12 8 32 17 11 5 8 18 12 9 8 5 8 18 24 19 17 24 13 64 69 71 68 27 9 19
1 2 2 2 1 2 1 1 0 1 2 1 11 14 9 1 12 8 5 13 17 8 13 28 20 18 44 21 15 10 15 21 28 60 36 27 32 10 38 19 31 28 34 31 18 24 25 31 39 41 39 39 31 38 34 47 50 33 43 33 53 30 19 38 12 21 25 38 17 13 21 42 32 26 26 27 7 5 12 9 9 11 6 21 11 10 34 10 23 64 59 55 75 42 44 11
5 2 2 2 1 0 1 1 1 1 1 1 1 7 6 2 3 9 4 9 5 6 9 23 17 40 30 25 11 10 20 48 23 30 49 33 24 27 39 14 29 24 12 15 15 32 10 20 21 7 23 12 28 45 52 56 65 50 26 41 32 37 32 23 58 19 28 31 34 58 45 29 16 16 21 25 22 27 27 25 28 28 11 10 9 20 37 22 36 50 23 45 78 59 60 38
6 7 5 4 2 1 0 1 1 2 2 1 1 5 3 5 8 4 6 5 7 9 6 6 9 7 13 19 17 29 22 38 15 25 46 27 18 24 13 23 21 22 16 34 46 28 12 37 59 31 46 36 54 66 60 33 43 51 46 34 40 39 56 43 52 41 38 37 58 15 10 13 16 7 4 7 23 18 29 30 31 21 18 8 6 17 37 15 19 11 18 49 86 48 63 52
1 1 2 5 7 8 3 1 3 9 7 3 3 1 1 7 4 3 12 19 40 29 33 16 32 9 8 18 24 18 24 14 12 25 43 30 19 15 11 16 30 65 33 19 31 33 43 20 53 65 79 56 67 81 66 41 58 43 25 26 26 29 56 35 37 46 40 49 19 17 21 28 44 26 25 18 7 21 34 45 33 8 5 8 5 18 32 17 17 15 20 73 76 38 43 82
1 1 1 3 5 6 11 10 4 3 5 1 1 1 1 2 5 8 13 12 32 56 45 19 19 32 50 36 37 14 52 24 22 19 23 21 12 14 29 26 42 8 33 62 25 47 52 40 32 74 73 79 39 67 62 61 45 64 49 44 41 44 16 40 51 56 56 21 25 25 38 55 39 44 55 30 15 31 39 42 13 7 4 9 7 15 7 7 15 19 39 77 50 65 39 80
6 6 2 2 6 2 3 6 3 4 2 2 1 1 4 1 7 6 20 25 11 50 45 62 69 74 64 62 48 22 38 27 18 25 34 55 41 61 69 56 57 63 44 73 34 49 72 72 24 22 16 71 71 39 64 41 32 78 62 57 31 38 44 52 54 56 40 44 43 54 43 24 37 33 32 26 41 27 16 16 7 4 4 5 4 8 5 6 8 9 19 57 30 50 15 39
4 9 6 4 5 3 1 1 1 1 1 1 1 1 3 2 1 3 25 54 19 6 41 78 56 72 62 75 75 81 66 76 75 80 47 67 14 61 78 50 65 82 43 70 74 43 72 40 79 52 28 81 65 60 62 57 82 83 44 64 37 24 35 37 34 43 34 24 21 28 27 31 20 32 33 44 44 30 5 2 6 3 2 3 2 4 4 8 9 22 34 54 19 22 22 19
3 6 28 2 16 17 5 6 3 3 2 4 4 6 5 2 4 5 4 33 20 5 6 18 18 14 49 68 65 69 70 64 77 67 51 63 73 62 66 74 44 80 78 44 64 57 75 44 71 84 54 59 62 44 32 77 66 66 50 63 57 26 28 27 51 40 41 48 48 47 52 34 43 34 52 43 21 9 6 2 1 1 1 2 2 1 3 6 7 12 32 35 7 9 12 14
8 5 3 17 20 24 15 16 13 10 3 7 11 10 3 4 7 5 14 4 2 2 11 5 8 18 40 33 44 57 64 71 35 58 41 73 68 66 69 72 61 71 64 63 67 67 71 77 26 66 54 31 73 22 45 76 59 24 63 27 34 66 20 21 36 37 52 51 50 43 39 42 51 71 60 40 19 7 1 2 1 1 0 0 1 1 3 2 4 8 17 11 7 4 12 18
2 7 12 11 12 20 5 6 19 4 9 3 7 8 3 7 7 6 16 23 16 15 9 10 9 13 4 8 9 13 10 9 18 25 10 8 14 13 12 16 16 19 14 25 27 22 24 72 57 45 76 29 54 46 50 59 21 18 31 32 65 59 34 25 42 46 50 38 34 59 73 63 65 55 40 27 13 3 1 1 1 1 0 0 1 0 1 1 1 2 6 5 5 2 5 6
12 16 21 13 6 3 5 5 13 2 10 6 4 7 5 7 7 7 11 4 7 21 17 10 22 15 8 11 18 23 15 15 37 30 24 29 16 19 24 29 28 31 44 30 38 26 39 17 20 20 43 41 42 47 47 26 35 48 44 52 59 37 27 35 43 41 50 61 72 71 74 52 26 21 10 7 1 2 2 2 1 1 0 1 0 0 0 0 0 1 2 2 3 2 1 2
35 46 29 7 5 2 3 5 3 6 2 3 1 6 1 4 4 3 3 20 14 4 8 6 12 9 4 21 14 11 20 21 9 8 7 18 14 13 21 14 19 35 35 22 20 29 22 36 28 26 13 13 9 8 15 25 42 41 41 40 19 22 25 40 43 34 32 26 44 60 60 49 25 14 4 4 6 6 9 7 3 1 0 1 1 1 1 1 0 0 0 0 1 2 2 1
8 9 7 20 8 4 3 1 1 2 2 4 2 6 2 4 7 2 1 2 18 18 14 13 8 9 7 12 19 24 13 4 12 7 9 13 14 19 20 24 19 18 21 12 9 9 11 11 22 31 38 49 22 17 20 21 27 31 31 16 15 27 25 49 37 23 30 25 26 26 16 21 20 6 4 10 13 9 2 1 1 1 1 2 4 5 4 2 1 1 0 0 0 0 0 0
10 8 12 3 1 1 2 0 3 0 1 1 1 1 4 1 2 5 5 5 6 25 21 13 14 6 8 17 26 6 5 10 7 15 15 8 11 13 12 14 13 14 31 23 25 19 20 27 36 27 32 34 27 23 28 24 26 23 24 25 6 26 26 33 52 49 45 51 30 21 9 8 3 6 10 16 29 12 4 2 2 3 3 8 7 6 6 7 6 2 3 1 1 1 0 0
18 12 6 4 2 1 1 1 2 0 2 1 1 1 1 1 3 5 6 1 6 15 22 18 19 4 24 35 12 3 10 6 11 9 14 14 12 18 18 19 7 19 23 25 18 28 32 27 23 18 25 12 40 30 51 40 27 23 16 12 16 21 26 19 64 69 36 51 40 29 16 12 6 12 21 27 11 3 6 7 7 12 7 14 16 14 19 11 11 8 6 5 3 3 1 2
9 3 4 2 1 4 15 21 9 3 10 2 0 0 1 0 0 1 1 3 9 12 4 11 13 20 40 47 18 10 15 12 13 28 15 20 17 22 9 11 24 26 19 25 26 38 31 15 33 16 28 34 36 27 44 26 45 13 21 10 30 47 21 54 77 53 49 28 22 19 11 5 7 14 24 21 7 10 11 15 23 20 23 33 30 24 23 16 23 23 11 18 7 4 3 3
3 4 1 1 8 30 16 10 24 32 2 8 2 0 0 1 2 2 2 6 12 7 8 21 16 40 26 6 6 4 8 18 10 16 42 16 17 23 24 30 21 22 19 17 23 20 32 26 23 28 36 33 37 30 37 29 47 30 15 8 15 39 53 65 56 58 31 27 23 10 8 9 14 7 28 11 20 19 34 37 46 31 37 48 43 28 41 37 34 21 19 18 12 9 12 11
1 1 1 3 3 25 25 28 43 27 13 10 22 7 2 1 1 1 5 5 1 2 6 21 8 4 7 9 18 22 14 9 29 9 25 26 25 43 24 25 11 26 10 8 11 20 21 36 35 28 24 48 16 31 41 37 19 15 23 16 5 23 23 27 37 56 42 45 23 5 18 16 24 19 66 30 28 32 45 44 56 41 46 60 39 37 53 64 50 43 26 23 18 29 24 12
1 1 2 7 1 1 1 1 28 33 31 34 28 8 10 6 2 1 2 1 4 2 5 5 7 12 16 16 19 17 13 9 11 16 14 23 15 18 20 32 46 17 23 20 6 10 15 15 25 32 37 33 29 10 43 9 20 36 18 18 8 9 16 12 9 9 21 11 6 19 48 26 34 29 69 34 47 50 65 70 83 73 83 81 74 60 63 62 80 75 42 34 32 30 54 26
1 1 1 1 0 1 2 4 2 11 5 24 20 9 13 15 12 10 9 3 1 3 1 3 7 14 16 5 4 6 5 6 7 10 12 11 12 15 15 28 35 51 24 10 39 28 32 13 25 18 13 27 11 27 25 27 27 19 24 18 11 31 40 25 17 10 9 17 29 30 44 51 34 50 65 62 66 57 67 82 69 64 79 75 74 71 68 66 73 64 52 41 57 64 65 47
2 1 2 5 4 3 23 8 8 2 28 40 13 34 22 27 38 23 14 5 3 2 2 2 7 5 3 3 3 1 2 1 2 3 10 11 5 9 20 30 24 30 37 37 3 29 27 30 29 18 17 32 37 22 10 10 16 32 25 21 15 44 31 21 10 22 21 28 56 54 45 74 57 73 62 73 76 67 74 63 38 61 69 56 33 33 54 27 55 68 51 52 49 48 47 65
11 17 24 12 32 4 2 3 15 9 30 41 30 72 45 42 66 40 16 15 8 9 3 2 2 1 4 2 3 2 3 1 4 8 3 3 10 9 11 7 10 22 31 53 34 20 33 21 28 24 22 16 13 45 61 31 30 25 20 23 34 32 37 17 23 34 50 30 48 63 47 59 66 63 78 50 61 53 70 59 21 29 38 46 26 6 8 17 52 48 49 56 23 26 18 48
