sesion_6_simulaciones/modelos_agentes/ejemplos_netlogo/scenarios/cgcm2_b2/rob_2011.asc
NCOLS 322 
NROWS 307 
XLLCORNER 451900 
YLLCORNER 4086900 
CELLSIZE 100 
NODATA_value -9999 
[rows 0 to 73 of 307, columns 192 to 287 of 322]
34 29 13 7 22 46 20 9 7 8 9 3 2 1 2 1 1 1 1 1 1 1 0 1 1 2 1 2 3 8 2 0 0 0 0 0 0 0 0 1 1 0 0 2 3 4 3 7 13 19 11 14 21 32 36 51 41 80 46 36 9 13 19 48 59 44 60 56 26 36 22 11 16 18 39 23 20 38 52 29 15 14 12 12 10 7 21 21 21 25 10 24 35 56 19 6
46 25 29 27 30 47 13 19 25 12 7 5 7 5 3 3 3 0 1 1 1 1 0 0 0 2 1 1 0 1 6 2 0 0 0 0 0 0 0 0 1 0 0 0 1 1 3 4 11 43 64 43 29 34 39 40 65 60 59 19 25 15 47 42 53 50 59 43 42 20 6 21 11 16 47 24 46 35 34 31 25 30 26 12 8 4 11 20 23 21 14 26 25 27 14 12
31 54 36 33 52 43 26 11 6 13 14 13 20 18 7 13 6 5 7 6 4 1 1 0 0 0 0 0 0 0 0 2 1 0 0 0 0 0 0 0 0 0 1 1 1 4 4 6 15 25 35 34 48 43 61 69 34 26 37 20 19 30 40 31 38 62 32 27 19 25 14 13 11 16 53 20 50 44 22 36 28 22 25 22 8 3 7 10 21 17 11 37 21 33 12 3
40 41 58 54 35 31 27 26 24 39 19 33 43 28 22 29 16 6 9 15 8 5 3 1 1 0 0 0 0 0 0 0 0 0 0 0 0 0 0 0 0 0 0 0 1 5 4 6 2 6 6 10 22 52 41 47 42 13 19 25 29 18 23 43 35 57 44 37 47 18 25 21 6 7 35 19 23 18 27 34 26 25 23 22 9 3 6 15 27 11 20 19 17 29 8 2
27 19 39 12 40 47 42 28 38 35 31 21 21 18 21 35 20 22 22 24 16 6 4 3 1 2 1 2 1 0 0 0 0 0 0 0 0 0 0 0 0 0 0 1 1 1 2 4 13 27 35 33 36 33 64 56 22 16 4 6 26 31 28 42 45 55 34 25 15 11 7 7 8 5 15 14 12 19 45 55 47 16 15 31 22 14 2 13 14 19 21 11 25 37 13 2
27 22 34 28 19 23 39 17 33 25 17 21 6 17 25 24 31 24 6 7 12 5 3 4 3 3 1 2 1 0 0 0 0 0 0 0 0 0 0 0 0 0 0 1 3 10 12 19 21 13 20 26 43 50 77 42 23 16 5 35 59 64 60 62 44 63 27 35 39 30 37 23 17 11 7 10 13 13 23 21 32 55 34 22 23 14 4 8 12 14 7 10 21 22 14 4
19 9 10 23 16 11 34 11 7 12 17 40 17 6 15 22 17 20 8 2 4 9 11 12 4 4 4 2 2 1 1 1 1 0 0 0 0 0 0 0 0 0 1 1 7 4 6 12 28 22 35 70 29 51 59 23 15 16 8 23 42 56 55 57 68 62 48 40 40 16 24 21 12 19 14 6 3 9 25 30 23 46 25 10 5 18 5 4 5 5 7 15 32 44 10 9
13 8 7 10 21 14 26 32 8 3 6 8 26 4 1 5 3 6 8 3 2 5 2 6 4 3 3 2 3 2 2 1 1 1 1 0 0 0 0 0 0 1 1 3 5 8 11 31 53 46 49 25 49 39 43 17 10 4 9 15 27 29 27 28 26 54 30 22 39 23 20 14 16 16 16 9 3 14 30 15 39 57 27 10 5 13 9 4 4 9 12 15 35 22 12 10
25 15 12 6 9 8 14 30 33 10 4 3 6 14 5 3 2 6 8 5 3 6 1 3 9 5 4 4 4 5 4 3 3 2 1 1 0 0 0 0 0 0 2 3 10 8 5 15 24 33 21 20 52 31 26 7 4 25 50 43 60 49 55 42 54 75 43 30 13 13 18 14 13 12 9 5 3 6 9 18 32 48 30 15 5 5 4 3 2 12 9 16 16 20 10 15
17 15 13 6 4 2 9 10 29 15 10 4 4 6 6 2 2 1 7 5 5 7 1 2 4 4 4 2 2 4 0 1 3 3 2 1 0 0 0 0 0 0 1 2 5 2 2 15 6 6 8 57 26 26 11 5 13 39 52 69 50 81 64 39 56 31 56 42 39 16 16 20 16 7 4 3 2 4 19 10 7 30 33 26 9 4 7 2 3 3 5 17 12 19 10 31
22 16 14 11 5 2 1 2 3 8 4 3 2 7 3 2 3 0 1 4 2 7 8 1 1 1 7 2 0 2 3 1 0 0 0 1 0 0 0 0 0 0 1 4 1 3 6 7 2 4 32 30 11 15 4 4 11 29 32 49 73 73 43 24 29 47 57 59 63 44 51 28 21 14 7 4 2 2 5 13 15 41 61 25 22 5 3 4 1 4 14 5 8 6 7 43
42 22 9 9 9 7 4 2 2 2 1 1 2 2 2 1 1 2 1 1 3 4 4 2 0 1 4 2 1 1 2 3 0 0 0 0 1 0 0 0 1 1 1 1 0 0 3 1 2 14 34 20 7 4 2 13 18 20 30 76 52 43 10 22 38 42 65 63 53 60 39 28 29 24 19 11 3 2 8 11 12 59 27 41 20 11 3 2 1 6 7 4 12 4 15 39
48 32 27 34 26 20 16 7 13 6 4 2 1 1 1 1 1 4 2 1 1 1 1 1 0 1 1 1 1 0 0 1 0 0 0 0 0 0 0 0 1 1 1 1 1 1 4 1 3 17 13 4 1 4 15 29 33 47 73 62 13 19 25 18 19 23 39 38 60 40 21 30 44 41 29 11 3 1 7 12 37 37 10 20 28 13 5 1 1 5 4 3 11 3 12 14
61 57 50 50 43 34 23 18 15 13 10 9 3 2 1 1 0 0 0 0 0 0 0 0 0 1 1 1 0 0 0 1 0 0 0 0 0 0 0 0 0 0 0 0 0 2 1 1 4 3 2 0 2 5 10 16 41 40 31 7 36 57 55 45 46 25 23 20 56 47 58 64 36 21 13 12 4 2 3 9 29 9 6 16 45 16 7 2 1 1 2 3 5 3 9 6
15 51 54 58 47 45 24 26 9 9 13 8 5 5 4 3 2 1 0 0 0 0 0 0 0 0 0 0 0 0 0 0 0 0 0 0 0 0 0 0 0 0 0 0 0 0 0 1 1 1 0 1 2 3 8 14 17 4 18 36 55 55 55 77 80 70 61 44 46 57 58 49 50 28 11 6 3 2 3 9 12 4 2 24 38 40 14 13 4 1 1 2 2 3 10 7
21 36 55 29 38 65 38 17 26 16 9 11 8 10 10 4 3 1 1 0 0 0 0 0 0 0 0 0 0 0 0 0 0 0 0 0 0 0 0 0 0 0 0 0 0 0 0 1 0 0 1 1 1 3 4 8 3 18 25 35 50 66 74 63 58 69 37 30 65 17 41 72 46 28 29 22 18 6 2 8 9 4 1 3 11 34 6 3 3 3 0 2 1 2 8 7
45 9 53 24 25 46 63 63 23 9 13 11 16 13 9 6 5 3 2 1 1 1 0 0 0 0 0 0 0 0 0 0 0 0 0 0 0 0 0 0 0 0 0 0 0 0 0 0 0 2 1 3 3 2 2 9 16 20 28 34 62 47 64 54 58 34 27 57 41 32 29 17 49 27 47 48 38 18 9 2 16 7 4 1 3 11 20 3 1 1 0 1 1 3 2 2
19 4 32 11 29 32 47 17 50 52 27 28 25 6 5 4 5 5 3 2 1 1 1 0 0 0 1 1 0 0 0 0 0 0 0 0 0 0 0 0 0 0 0 0 0 0 0 1 1 1 2 7 6 7 3 8 11 36 43 50 73 46 36 32 20 23 42 58 43 25 12 14 39 44 48 46 45 37 17 3 2 5 5 3 1 3 8 5 2 0 1 0 1 2 1 1
13 11 16 13 7 24 33 12 16 45 18 35 49 21 10 6 10 16 11 5 4 2 1 0 1 0 1 1 2 0 0 0 0 0 0 0 0 0 0 0 0 0 0 0 0 0 1 1 1 2 4 9 7 5 10 15 21 23 24 45 63 17 7 5 19 24 27 75 59 17 16 10 39 39 9 18 54 40 33 17 3 1 10 4 2 1 3 4 4 1 0 0 2 1 0 0
12 3 6 9 5 9 37 10 5 19 28 39 39 22 25 14 3 6 6 9 3 2 2 1 2 1 1 2 2 1 1 1 1 0 0 0 0 0 0 0 0 0 0 0 1 1 1 2 1 3 6 6 12 12 14 19 5 4 13 41 63 17 5 22 39 38 60 59 41 28 14 6 12 40 29 8 18 25 31 25 14 2 2 5 3 1 0 2 4 2 0 0 1 0 1 2
28 5 7 6 1 5 20 7 10 6 17 11 20 5 9 11 2 1 4 12 5 7 2 1 4 3 2 1 1 1 1 0 0 0 0 0 0 0 0 0 0 0 0 1 1 1 1 1 3 7 5 7 17 26 39 36 22 16 29 44 39 8 9 39 41 40 39 15 35 33 19 4 6 15 43 16 6 8 52 17 10 3 1 2 3 0 1 3 1 1 0 0 0 0 2 7
10 1 8 7 1 1 5 15 1 5 20 13 17 6 5 2 2 0 1 10 9 5 3 2 1 1 0 0 0 0 0 0 0 0 0 0 0 0 0 0 0 0 0 1 0 1 1 2 3 3 3 6 11 39 49 59 57 48 34 34 14 6 19 30 52 51 39 19 14 27 9 4 6 10 36 17 6 6 11 23 10 5 1 1 3 1 1 2 1 0 0 1 1 1 6 11
15 2 10 14 3 2 2 5 1 1 12 5 4 2 1 2 2 2 0 1 1 4 8 8 2 0 1 1 0 0 0 0 0 0 0 0 0 0 0 0 0 0 1 1 0 0 0 1 1 1 1 4 12 9 24 48 30 24 15 51 15 7 21 33 35 44 63 30 22 7 4 4 14 26 47 14 5 6 11 36 10 3 1 0 1 2 1 2 1 0 1 8 3 3 4 9
6 4 3 10 1 2 3 5 3 1 1 1 1 3 1 1 2 3 1 1 1 1 4 3 2 0 1 1 0 0 0 0 0 0 0 0 0 0 0 0 0 0 0 0 0 0 0 0 1 1 1 4 4 7 8 7 6 17 45 21 5 12 26 27 46 64 41 25 22 12 4 6 13 27 25 9 7 4 9 21 13 11 3 1 0 1 1 1 0 0 1 2 6 12 6 8
2 1 3 2 1 0 3 5 1 0 1 1 1 1 2 1 1 2 1 0 0 1 1 1 1 0 1 1 1 0 0 0 0 0 0 0 0 0 0 0 0 0 0 0 0 1 1 1 1 2 4 2 2 1 2 5 14 19 52 13 5 23 22 22 49 69 31 35 26 11 6 6 12 36 18 7 10 4 5 11 11 10 6 2 0 0 1 0 0 2 3 4 5 5 29 11
0 1 0 2 0 0 3 4 1 0 0 1 0 0 1 1 1 0 1 1 0 0 0 0 0 0 0 1 2 0 0 0 0 0 0 0 0 0 0 0 0 0 0 0 0 0 1 0 1 2 3 7 5 12 9 11 17 40 33 3 8 18 17 14 41 49 24 22 16 11 5 5 14 37 10 12 8 2 2 4 5 8 3 1 1 0 0 0 2 6 8 11 16 11 8 29
0 0 0 0 0 1 2 1 0 0 0 0 0 0 0 0 1 1 0 1 0 0 0 0 0 0 0 0 0 0 0 0 0 0 0 0 0 0 0 0 0 0 0 0 0 0 0 0 1 1 4 6 6 12 22 39 51 56 13 3 11 17 14 21 64 47 10 17 17 8 4 2 10 33 9 6 5 4 1 1 5 7 2 1 0 0 0 2 6 8 10 10 16 26 44 24
0 0 0 0 0 0 0 0 0 0 0 0 0 0 0 0 0 0 0 0 0 0 0 0 0 0 0 0 0 0 0 0 0 0 0 0 0 0 0 0 0 0 0 0 0 0 1 1 1 4 3 5 8 11 24 50 34 20 3 11 19 15 31 48 76 27 28 10 9 7 6 3 13 35 13 6 4 4 1 1 4 6 3 3 1 0 0 2 2 2 2 2 3 6 19 25
0 0 0 0 0 0 0 0 0 0 0 0 0 0 0 0 0 0 0 0 0 0 0 0 0 0 0 0 0 0 0 0 0 0 0 0 0 0 0 0 0 0 0 0 0 0 1 3 1 3 2 3 6 6 38 25 8 2 8 15 18 17 40 69 32 14 22 8 6 6 4 2 7 24 39 12 6 2 1 1 3 6 5 2 1 0 0 1 0 2 3 6 9 10 11 23
0 0 0 0 0 0 0 0 0 0 0 0 0 0 0 0 0 0 0 0 0 0 0 0 0 0 0 0 0 0 0 0 0 0 0 0 0 0 0 0 0 0 0 0 0 1 2 1 3 2 2 3 6 11 32 5 2 4 12 17 16 18 40 67 19 10 9 14 5 2 1 2 14 21 8 19 8 3 1 0 4 3 4 1 0 0 0 2 4 7 4 11 20 19 19 8
0 0 0 1 0 0 0 0 0 0 0 1 1 1 1 1 1 0 0 0 0 0 0 0 0 0 0 0 0 0 0 0 0 0 0 0 0 0 0 0 0 0 0 1 1 2 2 2 3 9 11 12 8 13 7 2 1 8 8 14 8 17 47 49 20 6 8 12 7 3 1 2 18 5 5 24 12 4 1 0 1 1 2 1 0 0 1 2 2 5 6 7 5 6 10 26
1 1 1 1 0 0 0 1 1 1 1 1 2 1 2 1 1 1 0 0 0 0 0 0 0 0 0 0 0 0 0 0 0 0 0 0 0 0 0 0 0 0 0 1 1 2 3 8 6 8 4 23 15 6 6 3 1 5 10 20 21 20 55 14 5 13 14 5 9 3 1 2 4 5 3 19 6 3 1 0 1 1 1 1 0 1 3 6 9 6 5 3 7 10 12 20
2 2 1 2 1 0 0 1 1 1 2 3 3 3 3 1 1 1 1 1 1 1 0 0 0 0 0 0 0 0 0 0 0 0 0 0 0 0 0 0 0 0 0 1 2 3 5 8 6 7 3 2 7 7 7 1 3 5 6 14 12 23 34 30 21 9 5 3 12 7 2 1 4 3 6 20 4 2 1 0 0 1 1 0 1 1 4 14 18 18 20 11 15 25 23 49
4 4 4 2 1 1 1 1 2 3 4 4 4 2 3 2 2 1 1 2 1 1 1 0 0 1 0 0 0 0 0 0 0 0 0 0 0 0 0 0 0 0 0 1 2 4 2 1 8 6 3 2 5 6 1 1 2 4 5 13 24 37 45 14 7 5 7 5 4 4 2 1 4 3 4 7 5 5 1 0 0 0 0 0 1 2 2 3 2 4 5 12 23 27 52 49
6 6 7 5 4 1 1 2 4 6 7 5 6 5 4 4 2 5 3 2 1 0 0 0 1 0 0 0 0 0 0 0 0 0 0 0 0 0 0 0 0 0 1 1 0 1 1 3 2 2 2 1 2 0 1 0 1 2 3 10 28 36 25 33 13 4 4 3 3 4 4 1 1 2 4 4 5 2 1 0 0 0 0 0 2 1 1 3 9 14 17 15 11 45 21 25
13 21 10 3 5 1 3 4 11 8 7 9 8 15 15 7 6 5 2 4 1 1 0 1 1 0 0 0 1 0 0 0 0 0 0 0 0 0 0 0 0 0 1 0 0 1 1 2 1 1 1 1 1 0 1 0 1 4 7 13 13 11 29 36 7 3 2 2 3 3 2 1 1 1 2 5 4 2 1 0 0 0 1 2 4 5 5 5 8 8 8 29 29 38 17 5
28 37 11 8 12 4 3 13 13 21 6 13 19 16 25 11 4 2 6 3 2 1 0 2 0 0 1 1 0 0 0 0 0 0 0 0 0 0 0 0 0 0 0 0 0 1 4 3 2 1 1 0 0 1 1 2 4 3 2 4 7 14 22 36 9 4 3 2 1 1 1 1 0 1 2 2 1 2 1 0 0 1 2 2 4 12 13 18 18 21 11 22 14 13 16 4
22 37 11 11 18 5 6 25 21 26 5 16 31 19 29 9 7 6 9 8 3 1 1 1 1 1 3 0 0 0 0 0 0 0 0 0 0 0 0 0 0 0 0 0 1 2 2 1 2 1 0 0 1 1 1 1 1 1 3 4 5 18 24 16 6 22 19 9 3 3 1 1 0 1 1 1 1 1 0 0 0 1 4 8 9 15 21 18 16 17 20 25 5 2 9 5
37 18 16 12 19 6 8 31 49 26 5 26 43 37 34 27 11 16 24 11 4 1 3 1 2 2 0 0 0 0 0 0 0 0 0 0 0 0 0 0 0 0 0 0 2 1 1 0 0 1 0 0 1 1 2 2 1 2 13 19 18 21 54 20 24 12 16 12 3 2 1 1 0 0 0 1 0 1 0 0 0 1 2 5 4 2 6 2 2 4 3 39 17 5 3 1
70 44 21 14 18 8 17 37 71 21 9 23 47 50 48 18 14 49 13 2 2 7 5 4 4 1 1 1 1 1 0 0 1 0 0 0 0 0 0 0 0 0 0 0 0 0 0 0 0 0 0 0 1 2 2 5 6 8 6 15 34 25 13 30 21 17 4 6 14 3 1 0 0 0 0 0 0 0 0 0 1 1 2 2 2 1 2 5 10 23 37 60 21 5 2 1
66 60 25 26 28 14 20 48 66 29 14 32 75 72 32 40 20 16 3 2 5 18 22 10 4 3 1 1 1 1 1 2 1 0 0 0 0 0 0 0 0 0 0 0 0 0 0 0 0 0 1 1 2 3 4 7 5 5 16 42 39 35 20 28 3 36 21 2 1 8 7 3 1 0 0 0 0 0 0 0 1 1 1 2 1 2 10 16 10 10 15 29 8 4 2 1
69 54 32 43 38 35 25 54 68 36 25 38 78 65 41 27 9 3 1 5 16 22 10 2 1 1 0 3 2 1 1 1 1 0 0 1 1 1 0 0 0 0 0 0 0 0 0 0 0 0 1 1 1 2 2 3 6 17 13 50 28 9 9 49 16 6 20 5 1 1 1 2 2 2 0 0 0 0 0 0 1 1 1 1 2 4 11 9 9 18 9 13 9 5 2 0
71 59 35 54 52 48 47 45 55 39 32 43 57 22 18 12 3 4 3 9 25 6 4 3 1 1 1 5 4 1 5 2 0 1 0 1 1 2 1 0 0 0 0 0 0 0 0 0 0 0 0 0 2 2 5 6 3 13 22 36 3 1 10 36 7 6 3 13 3 0 0 1 2 1 1 1 0 0 0 0 0 1 1 1 1 3 16 5 4 23 6 5 6 2 1 0
48 45 44 60 60 43 62 49 72 77 64 47 40 28 32 25 13 15 7 11 20 8 5 4 2 1 1 7 5 3 6 2 1 1 1 2 1 1 0 0 1 0 0 0 0 0 0 0 0 0 0 1 2 2 2 3 2 7 19 5 3 2 16 34 12 2 1 1 5 1 0 0 0 0 1 0 0 0 0 0 0 1 1 1 4 8 15 4 4 13 4 1 2 3 1 0
63 37 66 76 67 68 66 84 76 89 87 85 42 60 54 44 36 12 10 24 17 7 5 2 3 4 2 7 7 7 4 3 2 2 2 3 5 2 1 1 2 1 0 0 0 0 0 0 0 0 1 1 1 1 1 1 4 13 22 3 2 2 5 26 15 6 1 0 3 2 1 0 0 0 2 0 0 0 0 0 0 1 1 2 3 2 2 2 3 3 5 2 2 2 0 0
56 52 58 67 80 81 85 86 71 67 72 78 84 79 37 31 21 15 16 13 6 7 5 6 9 6 7 21 13 23 5 5 4 5 6 11 10 2 2 2 2 1 0 0 0 0 0 0 0 0 0 1 1 0 1 1 4 8 6 4 1 1 2 30 5 3 3 0 1 3 1 0 0 0 0 1 0 0 0 0 0 1 2 3 2 1 1 1 1 1 2 1 1 0 0 0
67 57 41 42 55 64 74 50 41 35 46 55 55 76 45 32 34 44 30 16 13 15 11 19 31 16 11 27 25 18 8 13 7 10 9 13 6 3 5 1 0 0 1 0 0 0 0 0 0 0 0 0 0 1 1 0 2 2 2 8 2 2 3 8 3 0 2 1 1 1 1 1 0 0 0 2 0 0 0 0 0 1 1 3 1 1 1 1 1 0 0 0 0 0 0 1
69 78 47 25 46 41 45 55 34 41 47 33 55 77 82 66 73 60 37 26 37 33 31 26 33 21 17 37 34 13 17 15 15 15 19 20 10 6 1 0 0 1 1 0 1 0 0 0 0 0 0 0 0 1 1 1 1 2 1 2 1 2 2 5 6 0 1 1 1 1 1 0 0 0 0 0 0 0 0 0 0 0 1 2 1 1 1 1 1 0 0 0 0 0 1 1
49 63 82 44 22 21 44 39 59 27 19 18 57 37 51 91 90 42 60 56 53 47 46 35 36 28 28 50 34 24 22 21 24 35 33 10 2 1 2 1 2 1 1 1 1 1 0 0 0 0 0 0 0 0 1 1 2 1 1 1 1 1 1 2 8 0 0 1 0 0 0 0 0 0 0 0 0 0 0 0 0 0 2 1 0 0 0 0 0 0 0 0 0 1 1 1
69 67 73 78 34 11 12 46 41 31 6 7 17 34 69 76 68 86 87 66 54 71 62 30 47 35 50 39 35 30 35 25 38 51 48 12 8 5 7 5 8 7 2 2 2 1 0 0 0 0 0 0 0 0 1 1 1 1 1 1 0 0 0 0 2 1 0 0 0 0 0 0 0 0 0 0 0 0 0 0 0 0 0 0 0 0 0 0 0 0 0 0 1 1 1 1
50 34 41 86 35 23 16 15 14 17 9 2 12 59 73 69 57 49 75 61 69 74 61 40 62 54 69 59 49 58 38 36 36 36 30 12 11 11 9 10 2 2 5 9 1 0 0 0 0 0 0 0 0 0 0 1 1 2 0 0 0 0 0 1 3 1 0 0 0 0 0 0 0 0 0 0 0 0 0 0 0 0 0 0 0 0 0 0 0 1 1 1 1 2 1 1
18 33 33 79 81 18 17 8 8 7 8 4 14 20 27 35 56 78 51 18 56 19 61 77 90 77 69 43 62 37 45 27 21 11 50 30 28 17 6 4 1 0 6 3 2 1 1 0 0 0 0 0 0 0 0 0 0 0 0 0 0 0 0 0 1 1 0 0 0 0 0 0 0 0 0 0 0 0 0 0 0 0 0 0 0 0 0 0 1 1 1 2 2 1 1 1
10 16 24 28 75 64 24 7 6 5 4 4 9 27 40 46 17 63 60 25 58 43 18 36 53 30 48 25 48 13 7 18 10 9 21 63 42 16 7 28 5 5 5 4 4 1 0 0 0 0 0 0 0 0 0 0 0 0 0 0 0 0 0 1 0 1 0 0 0 0 0 0 0 0 0 0 0 0 0 0 0 0 0 0 0 0 0 0 1 1 1 1 5 2 1 1
4 7 13 3 25 81 24 8 3 2 4 4 3 7 12 21 33 48 28 39 59 30 7 28 44 26 23 19 22 36 21 24 16 7 10 35 49 64 52 40 24 15 12 13 5 2 1 1 1 0 0 0 0 0 0 0 0 0 0 0 0 0 0 0 0 0 0 0 0 0 0 0 0 0 0 0 0 0 0 0 0 0 0 0 0 0 0 0 1 0 1 2 2 2 1 2
7 4 8 28 20 44 67 16 12 3 1 1 2 3 13 8 25 43 4 13 64 44 12 5 51 53 23 13 20 28 8 6 9 5 5 14 27 28 20 7 13 13 6 9 7 5 6 4 1 0 0 1 0 0 0 1 0 0 0 0 0 0 0 0 0 1 0 0 0 0 0 0 0 0 0 0 0 0 0 0 0 0 0 0 0 0 0 0 0 1 1 1 2 2 3 4
12 3 2 11 27 38 65 44 10 6 3 2 1 3 3 2 9 6 7 40 78 19 7 4 5 29 11 13 9 21 18 9 8 8 7 25 13 5 3 2 4 1 1 17 7 12 16 10 2 1 2 1 1 1 0 0 0 0 0 0 0 0 0 0 0 0 0 0 0 0 0 0 0 0 0 0 0 0 0 0 0 0 0 0 0 0 0 0 1 1 1 1 2 2 2 6
23 12 7 3 4 7 13 43 13 11 4 2 1 2 3 1 5 4 14 15 68 19 7 5 2 6 6 7 3 13 17 5 4 4 6 12 10 2 1 2 2 1 1 4 8 6 4 1 1 1 1 1 0 1 1 0 0 0 0 0 0 0 0 0 0 0 0 0 0 0 0 0 0 0 0 0 0 0 0 0 0 0 0 0 0 0 0 2 0 1 2 2 3 3 5 8
9 7 13 3 3 13 13 39 35 15 7 1 1 1 1 2 2 4 4 17 43 62 23 7 1 2 4 1 2 9 16 5 2 3 2 2 3 2 1 2 1 1 1 1 8 5 4 1 1 0 0 0 0 0 0 0 0 0 0 0 0 0 0 0 0 0 0 0 0 0 0 0 0 0 0 0 0 0 0 0 0 0 0 0 0 0 1 1 2 2 2 2 3 6 5 9
18 10 3 1 2 5 9 16 28 10 4 2 1 0 1 1 1 1 6 34 25 40 23 12 4 1 5 4 1 1 5 3 3 2 1 1 1 3 1 1 1 1 0 1 3 4 5 2 1 0 0 0 0 0 0 0 0 0 0 0 0 0 0 0 0 0 0 0 0 0 0 0 0 0 0 0 0 0 0 0 0 0 0 0 0 0 0 1 1 1 1 1 2 4 5 3
28 19 4 1 0 4 3 8 20 14 2 2 1 1 1 1 1 3 12 22 6 14 23 4 2 2 1 2 2 0 2 3 1 1 1 1 1 0 1 1 1 1 0 0 1 3 5 2 1 1 0 0 0 0 0 0 0 0 0 0 0 0 0 0 0 0 0 0 0 0 0 0 0 0 0 0 0 0 0 0 0 0 0 0 0 0 1 1 1 0 0 1 2 2 2 2
29 15 5 4 1 1 3 4 24 3 3 1 1 0 0 1 0 2 10 5 1 6 41 5 2 2 1 1 1 2 1 1 1 1 1 0 0 0 0 0 1 0 0 0 0 1 4 2 2 1 0 0 0 0 0 0 0 0 0 0 0 0 0 0 0 0 0 0 0 0 0 0 0 0 0 0 0 0 0 0 0 0 0 0 0 0 1 1 1 1 1 1 1 2 3 2
24 14 6 2 2 1 2 3 15 4 1 2 1 0 0 0 0 3 3 2 6 11 27 10 2 1 1 2 0 2 1 1 1 0 1 0 0 0 0 0 0 0 0 1 1 2 3 2 4 2 1 0 0 0 0 0 0 0 0 0 0 0 0 0 0 0 0 0 0 0 0 0 0 0 0 0 0 0 0 0 0 0 0 0 0 0 0 1 1 1 1 1 2 1 3 3
17 7 4 2 1 1 1 1 3 10 2 1 1 0 0 0 0 1 1 2 2 6 23 8 3 3 1 1 1 2 1 0 0 0 0 0 0 0 0 0 0 0 0 2 1 1 2 1 3 2 2 0 0 0 0 0 0 0 0 0 0 0 0 0 0 0 0 0 0 0 0 0 0 0 0 0 0 0 0 0 0 0 0 0 0 0 0 0 0 1 1 3 2 2 5 3
14 10 3 1 1 1 1 1 1 3 3 0 0 0 0 0 0 0 1 1 2 5 24 6 4 1 2 1 1 1 1 0 0 0 0 0 0 0 0 0 0 0 1 1 0 1 1 1 2 1 1 1 0 0 0 0 0 0 0 0 0 0 0 0 0 0 0 0 0 0 0 0 0 0 0 0 0 0 0 0 0 0 0 0 0 0 0 0 0 1 1 1 1 1 2 2
52 24 8 1 1 1 1 1 1 2 3 1 1 0 0 0 0 0 0 0 1 3 13 5 1 1 1 1 1 0 1 0 0 0 0 0 0 0 0 0 0 0 1 0 0 0 0 0 1 1 1 1 1 1 0 0 0 0 0 0 0 0 0 0 0 0 0 0 0 0 0 0 0 0 0 0 0 0 0 0 0 0 0 0 0 0 0 0 0 0 1 2 1 1 1 0
10 36 17 4 1 0 0 0 1 1 5 1 1 0 0 0 0 0 0 0 1 2 6 6 1 1 0 0 0 0 0 0 0 0 0 0 0 0 0 0 0 1 0 0 0 0 0 0 1 1 0 0 0 1 0 0 0 0 0 0 0 0 0 0 0 0 0 0 0 0 0 0 0 0 0 0 0 0 0 0 0 0 0 0 0 0 0 0 0 0 1 1 1 1 1 2
2 32 3 16 5 2 0 0 0 1 2 1 0 0 0 0 0 0 0 0 1 3 3 5 2 1 1 0 0 0 0 0 0 0 0 0 0 0 0 0 0 0 0 0 0 0 0 0 1 1 0 0 0 0 1 0 0 0 0 0 0 0 0 0 0 0 0 0 0 0 0 0 0 0 0 0 0 0 0 0 0 0 0 0 0 0 0 0 0 0 0 0 0 1 1 2
4 5 2 9 3 3 1 0 0 0 1 1 0 0 0 0 0 0 0 1 0 0 4 5 4 2 1 1 0 0 0 0 0 0 0 0 0 0 0 0 0 0 0 0 0 0 0 0 1 1 0 0 0 0 0 0 0 0 0 0 0 0 0 0 0 0 0 0 0 0 0 0 0 0 0 0 0 0 0 0 0 0 0 0 0 0 0 0 0 0 0 0 1 1 2 2
4 3 2 2 2 1 2 0 0 0 0 0 0 0 0 0 0 0 0 0 1 2 4 4 6 2 1 0 0 0 0 0 0 0 0 0 0 0 0 0 0 0 0 0 0 0 0 0 1 1 1 0 0 0 0 0 0 0 0 0 0 0 0 0 0 0 0 0 0 0 0 0 0 0 0 0 0 0 0 0 0 0 0 0 0 0 0 0 0 0 0 0 0 0 1 1
3 2 2 1 1 0 0 1 0 0 0 0 0 0 0 0 0 0 0 0 1 2 3 2 3 3 1 0 0 0 0 0 0 0 0 0 0 0 0 0 0 0 0 0 0 0 0 0 1 1 0 0 0 0 0 0 0 0 0 0 0 0 0 0 0 0 0 0 0 0 0 0 0 0 0 0 0 0 0 0 0 0 0 0 0 0 0 1 0 0 0 0 0 1 1 2
2 2 3 1 0 0 0 0 0 0 0 0 0 0 0 0 0 0 0 1 1 0 2 1 1 2 1 0 0 0 0 0 0 0 0 0 0 0 0 0 0 0 0 0 0 0 0 0 1 0 0 0 0 0 0 0 0 0 0 0 0 0 0 0 0 0 0 0 0 0 0 0 0 0 0 0 0 0 0 0 0 0 1 1 1 1 1 1 0 0 0 0 0 0 1 1
1 0 1 1 0 0 0 0 0 0 0 0 0 0 0 0 0 0 0 0 0 0 1 2 0 0 0 0 0 0 0 0 0 0 0 0 0 0 0 0 0 0 0 0 0 0 0 1 1 0 0 0 0 0 0 0 0 0 0 0 0 0 0 0 0 0 0 0 0 0 0 0 0 0 0 0 0 0 0 0 0 0 0 0 1 1 1 1 1 1 0 0 1 1 1 1
0 0 0 0 0 0 0 0 0 0 0 0 0 0 0 0 0 0 0 0 0 0 0 0 0 0 0 0 0 0 0 0 0 0 0 0 0 0 0 0 0 0 0 0 0 0 0 0 1 0 0 0 0 0 0 0 0 0 0 0 0 0 0 0 0 0 0 0 0 0 0 0 0 0 0 0 0 0 0 0 0 0 0 0 1 1 2 3 2 3 2 2 1 1 1 4
0 0 0 0 0 0 0 0 0 0 0 0 0 0 0 0 0 0 0 0 0 0 0 0 0 0 0 0 0 0 0 0 0 0 0 0 0 0 0 0 0 0 0 0 0 0 0 0 0 0 0 0 0 0 0 0 0 0 0 0 0 0 0 0 0 0 0 0 0 0 0 0 0 0 0 0 0 0 0 0 0 0 0 0 0 1 1 1 4 4 2 4 3 3 2 3
