sesion_6_simulaciones/modelos_agentes/ejemplos_netlogo/scenarios/cgcm2_b2/rob_2056.asc
NCOLS 322 
NROWS 307 
XLLCORNER 451900 
YLLCORNER 4086900 
CELLSIZE 100 
NODATA_value -9999 
[rows 219 to 291 of 307, columns 96 to 191 of 322]
3 1 1 0 0 0 0 0 0 0 0 0 0 0 0 0 0 0 0 0 0 0 0 0 0 0 0 0 0 0 0 0 0 0 1 0 0 0 0 0 1 1 2 3 4 5 5 13 16 22 41 30 47 47 44 60 43 55 43 50 66 63 39 38 59 59 57 31 64 50 28 13 21 42 42 36 71 26 58 33 54 61 43 69 90 30 44 38 36 44 51 40 36 15 10 8
3 1 0 0 0 0 0 0 0 0 0 0 0 0 0 0 0 0 0 0 0 0 0 0 0 1 0 0 0 0 0 0 0 1 1 0 0 0 0 0 0 1 1 2 3 4 8 13 15 26 23 28 36 43 52 58 69 58 50 41 57 66 27 59 66 51 45 59 47 52 30 21 23 19 36 31 35 51 43 40 62 35 48 32 60 77 56 72 66 65 71 57 54 34 34 35
3 2 1 0 0 0 0 0 0 0 0 0 0 0 0 0 0 0 0 0 0 0 0 0 0 1 2 1 0 0 0 1 0 2 0 0 0 0 0 0 0 0 1 1 2 4 8 11 13 16 20 26 47 56 54 43 50 50 45 62 71 77 60 65 41 54 65 60 43 45 33 23 20 26 29 42 31 17 40 43 23 26 52 31 10 53 87 69 72 75 55 53 38 34 13 8
1 1 1 0 0 0 0 0 0 0 0 0 0 0 0 0 0 0 0 0 0 0 0 0 0 0 1 3 1 0 1 1 1 2 0 0 0 0 0 0 0 0 1 1 2 4 7 15 20 26 30 32 40 46 46 48 53 62 77 76 78 82 56 74 38 56 44 40 46 39 28 29 20 24 37 38 42 18 19 13 44 34 32 26 28 16 38 52 63 40 33 36 20 14 16 8
1 0 0 0 0 0 0 0 0 0 0 0 0 0 0 0 0 0 0 0 0 0 0 0 0 0 0 1 4 1 1 2 4 1 0 0 0 0 0 0 0 0 1 1 1 3 4 9 16 19 26 21 29 39 51 70 74 51 31 40 42 44 40 44 74 26 31 28 53 43 33 49 20 23 41 33 38 16 37 41 44 78 44 37 31 33 21 22 53 76 58 52 47 23 17 13
0 0 0 0 0 0 0 0 0 0 0 0 0 0 0 0 0 0 0 0 0 0 0 0 1 0 0 1 4 2 2 3 1 1 0 0 0 0 0 0 0 0 1 1 1 2 3 5 10 16 19 24 45 30 50 67 39 35 34 33 12 38 40 30 32 49 14 45 47 38 54 46 13 18 23 33 26 22 30 45 34 22 58 51 34 36 40 22 18 52 81 63 55 33 33 21
1 0 0 0 0 0 0 0 0 0 0 0 0 0 0 0 0 0 0 0 1 0 0 0 1 1 1 2 3 8 5 1 0 0 0 0 0 0 0 0 0 0 1 1 1 2 3 4 10 12 17 21 38 38 23 21 26 27 25 20 46 64 33 44 47 82 66 41 48 45 58 48 30 27 32 44 31 30 42 55 46 23 9 23 64 61 38 36 30 24 62 61 49 40 22 16
1 0 0 0 0 0 0 0 0 0 0 0 0 0 0 0 0 0 0 1 2 1 1 0 1 3 4 2 5 6 1 1 0 0 0 0 0 0 0 0 0 0 0 0 1 2 4 7 8 11 19 31 30 29 31 31 44 37 28 41 18 28 53 53 49 86 58 58 17 54 42 48 32 25 38 50 41 24 40 71 40 33 49 36 34 19 24 41 37 42 24 30 36 25 11 13
0 0 0 0 0 0 0 0 0 0 0 0 0 0 0 0 0 0 0 0 0 2 1 1 1 2 6 9 6 3 1 0 0 0 0 0 0 0 0 0 0 0 1 1 1 2 4 4 8 10 13 16 12 20 23 30 52 46 45 22 26 38 37 48 72 49 53 60 73 43 34 47 47 11 15 29 29 44 59 29 74 58 76 54 72 41 57 44 33 20 20 32 22 16 9 5
0 0 0 0 0 0 0 0 0 0 0 0 0 0 0 0 0 0 0 0 1 1 3 5 1 2 5 10 5 1 2 1 1 0 0 0 0 0 0 0 0 0 0 1 1 2 2 4 8 9 17 18 23 24 23 37 48 71 43 37 26 48 61 79 52 43 51 48 33 41 51 29 25 9 16 26 39 37 74 57 27 21 41 64 46 52 44 44 27 28 23 16 11 14 11 13
0 0 0 0 0 0 0 0 0 0 0 0 0 0 0 0 0 1 1 0 1 1 1 4 2 3 4 21 8 3 5 3 1 1 0 0 0 0 0 0 0 0 1 1 1 1 1 2 7 8 12 14 18 16 36 41 28 28 23 39 27 24 30 44 25 15 27 38 23 33 12 33 25 15 28 15 17 43 29 38 33 26 29 38 26 29 39 46 25 27 13 8 10 7 6 6
0 0 0 0 0 0 0 0 0 0 0 0 0 0 0 0 0 1 1 1 3 3 1 1 7 2 2 11 17 18 6 3 1 1 0 0 0 0 0 0 1 1 0 1 2 2 2 3 3 4 6 8 12 16 28 16 19 19 23 23 26 25 30 34 34 46 48 55 44 44 46 41 27 11 21 28 12 33 34 41 47 44 36 61 40 20 28 17 14 20 10 6 4 7 6 3
0 0 0 0 0 0 0 0 0 0 0 0 0 0 0 0 0 0 1 2 3 3 2 3 4 5 3 5 22 16 6 3 1 1 0 0 0 0 0 1 1 1 2 1 2 2 3 3 5 5 7 9 10 12 7 10 9 9 9 10 10 10 11 35 43 43 23 42 42 37 30 26 26 13 13 27 35 31 36 63 48 50 50 52 42 33 19 17 13 15 13 8 4 4 5 2
0 0 0 0 0 0 0 0 0 0 0 0 0 0 0 0 0 1 1 3 3 2 1 3 13 7 4 5 14 15 9 5 1 1 0 0 0 0 0 1 1 1 2 5 3 3 2 5 9 13 21 18 9 8 7 10 9 11 21 24 17 26 22 17 15 18 23 24 29 36 46 48 49 11 20 17 44 40 50 32 33 47 52 42 42 60 44 24 18 10 6 4 5 3 3 1
1 0 0 0 0 0 0 0 0 0 0 0 0 0 0 0 0 0 1 2 2 4 1 3 4 10 11 14 22 19 10 5 1 0 0 0 0 0 1 1 1 2 2 3 5 9 6 3 8 15 23 32 23 11 14 18 32 32 38 50 42 39 34 23 33 49 31 28 20 40 56 57 53 46 28 49 63 30 58 33 63 59 45 61 45 36 43 38 43 14 7 4 3 2 1 1
1 0 0 0 0 0 0 0 0 0 0 0 0 0 0 0 0 1 1 2 3 4 2 2 5 7 26 18 11 8 5 3 1 0 0 0 0 1 1 1 1 2 3 4 4 7 7 19 8 12 18 21 22 29 25 36 35 43 59 50 36 36 45 33 23 18 32 38 20 27 15 13 12 9 36 10 31 68 43 35 14 30 66 64 41 41 57 29 33 13 15 6 2 3 2 2
2 1 1 0 0 0 0 0 0 0 0 0 0 0 0 0 0 0 0 2 4 4 5 2 3 8 10 25 8 4 2 1 0 0 0 0 0 1 1 2 2 3 3 4 7 8 11 13 21 16 23 23 31 50 30 32 42 42 45 51 48 59 55 53 37 21 36 35 46 30 34 25 24 18 54 20 14 20 24 24 15 7 62 73 54 54 59 60 32 24 19 12 8 9 3 1
1 1 1 0 0 0 0 0 0 0 0 0 1 0 0 0 0 0 1 2 2 4 13 5 2 9 10 29 11 5 1 0 0 0 0 1 1 1 2 2 2 3 4 6 9 12 25 17 25 40 30 42 41 42 41 36 39 42 66 54 61 51 45 60 55 33 25 29 33 24 60 25 17 29 31 38 33 52 46 36 35 24 16 54 55 59 67 50 27 16 7 8 7 2 1 2
4 2 1 0 0 0 0 0 0 0 0 1 1 1 1 0 0 1 0 1 3 6 6 10 2 6 10 19 11 7 4 2 1 0 0 1 1 1 2 2 2 3 5 8 16 18 36 30 25 19 47 67 74 47 45 22 37 40 60 46 69 54 45 41 39 33 19 29 21 55 18 20 15 19 25 14 23 29 32 29 27 24 27 25 47 32 17 34 28 14 11 4 2 2 2 1
2 1 0 0 0 0 0 0 0 0 0 1 2 2 1 1 0 1 1 1 4 5 8 15 7 8 17 24 16 10 7 2 1 0 0 1 2 1 2 3 4 5 6 15 20 30 38 38 39 33 36 53 60 59 44 23 35 43 31 53 66 61 20 66 21 35 33 25 20 39 18 13 12 31 35 27 36 46 58 45 58 32 32 28 24 15 26 21 14 15 6 3 3 2 1 1
1 0 0 0 0 0 0 0 0 1 0 0 1 3 3 1 0 1 3 5 6 2 12 29 17 14 22 25 14 17 9 2 1 1 0 1 2 1 2 3 5 6 8 13 22 34 40 42 47 49 43 56 69 64 53 24 34 48 50 44 52 55 18 39 40 34 44 20 28 25 11 18 29 26 18 18 20 32 39 21 39 50 53 29 33 20 15 16 10 5 4 4 4 3 2 1
0 0 0 0 0 0 0 0 1 1 1 1 1 3 4 2 1 2 3 14 11 3 11 25 25 10 7 51 35 12 7 3 1 0 0 1 3 3 2 6 6 11 11 18 27 26 45 51 55 65 47 61 68 52 56 20 33 39 44 52 45 42 40 41 46 42 34 32 24 13 17 20 25 25 22 19 21 39 33 29 33 30 60 55 35 40 29 13 5 4 3 2 3 2 1 1
0 0 0 0 0 0 0 0 1 1 3 2 1 3 7 6 2 1 3 9 14 8 12 25 40 13 14 52 21 19 14 6 2 0 0 2 2 2 6 4 10 16 13 21 23 28 58 55 57 61 63 55 45 54 79 41 22 43 57 41 31 24 22 45 40 34 31 40 25 11 14 16 26 26 35 34 38 66 52 48 40 38 43 40 42 46 28 20 12 7 4 3 3 1 1 0
0 0 0 0 0 0 0 1 1 1 3 3 2 4 10 9 3 2 9 10 12 18 15 32 51 53 42 48 35 26 13 4 1 0 1 2 3 3 5 11 7 17 26 23 17 26 49 59 63 60 63 67 61 59 79 55 50 19 36 65 43 38 24 22 18 40 37 33 12 10 11 30 25 19 23 29 38 73 58 47 57 29 27 25 29 26 31 26 9 6 5 3 3 1 1 1
1 0 0 0 0 0 0 1 1 2 3 7 5 8 9 16 4 3 8 11 13 20 23 38 54 71 41 55 21 15 13 4 1 1 1 1 2 10 5 7 16 12 25 23 26 47 50 49 64 67 65 65 73 81 81 74 31 16 42 52 58 36 26 27 25 19 11 11 11 10 35 25 13 38 18 26 21 44 38 45 36 43 60 37 22 16 9 9 9 7 4 3 2 1 1 0
1 0 0 0 0 0 1 2 2 4 5 6 12 5 14 19 7 9 5 23 28 26 22 39 56 47 30 19 12 10 5 3 1 0 1 1 3 8 12 7 11 23 10 44 31 39 54 46 51 75 69 49 72 75 72 76 62 24 18 22 37 44 33 24 18 10 3 2 5 12 46 23 26 35 85 70 50 48 44 51 58 62 45 51 36 36 20 16 11 6 4 1 1 1 0 0
1 0 0 0 1 0 1 2 2 5 7 9 17 7 16 24 10 19 9 17 40 38 55 36 61 42 22 15 8 6 4 1 0 1 2 1 2 5 11 13 22 14 17 23 55 35 38 53 65 79 72 62 52 51 58 78 76 25 21 27 33 24 23 16 9 13 7 4 18 27 11 33 56 64 66 75 58 67 53 66 70 56 38 18 25 17 20 16 7 5 4 1 1 0 0 0
0 0 0 1 1 1 2 2 4 3 8 12 26 15 24 31 15 23 30 16 24 42 30 74 49 48 17 12 9 3 1 1 1 1 3 4 4 2 4 3 7 15 27 53 36 41 56 58 56 62 72 74 44 42 33 35 65 52 30 16 21 15 10 5 4 2 4 13 14 26 16 11 19 50 20 53 83 80 73 71 74 52 31 27 24 9 8 7 9 5 1 1 1 1 1 0
0 0 1 2 3 2 2 3 5 8 9 14 22 32 18 41 17 19 40 33 36 55 32 60 62 27 10 6 2 2 2 3 3 1 4 4 4 4 3 11 10 14 23 42 64 44 39 53 50 67 61 62 58 51 34 38 31 53 34 16 19 14 14 10 11 4 3 15 11 20 22 27 36 25 24 24 51 61 70 53 33 31 27 23 13 10 8 5 3 2 1 0 0 0 1 0
0 0 1 3 4 2 3 4 4 7 12 19 22 31 34 57 25 23 42 48 44 61 81 53 33 31 20 9 6 4 6 5 4 2 2 4 3 6 10 9 13 20 25 38 44 65 46 44 54 59 61 51 63 55 43 27 18 34 25 19 10 11 10 11 12 6 4 21 14 15 25 29 70 50 44 34 25 15 43 52 44 20 17 12 14 9 3 1 1 0 0 0 1 1 1 1
1 0 1 3 4 4 3 7 5 10 27 22 23 26 63 60 30 33 34 49 49 66 78 29 44 32 13 13 15 13 15 15 6 5 2 5 4 7 16 8 14 31 42 46 40 55 44 67 52 62 64 79 49 31 30 26 36 9 7 41 12 8 21 14 7 5 14 35 16 16 21 56 77 56 43 34 33 34 27 34 37 25 15 15 14 9 3 2 2 1 0 1 1 1 1 1
1 0 1 4 5 5 3 9 12 14 28 25 45 41 46 57 64 46 56 43 59 55 84 72 43 23 23 26 19 25 25 21 8 4 3 2 7 13 8 17 24 29 51 61 67 53 67 28 17 25 64 25 46 36 42 24 8 5 5 8 13 4 11 6 3 5 25 11 13 14 12 16 11 26 38 30 33 36 27 24 24 14 19 15 17 14 8 9 3 1 1 2 2 2 3 2
1 1 1 5 7 10 4 12 19 19 18 30 24 53 57 34 32 71 53 53 46 69 74 49 40 34 33 34 38 54 25 10 5 5 6 2 4 6 24 22 28 37 43 67 48 69 56 50 35 50 52 10 57 62 45 16 23 15 11 4 24 3 6 4 2 4 8 34 20 10 24 53 41 50 47 39 34 39 39 42 31 27 23 19 16 18 18 4 3 1 1 2 2 3 4 1
1 2 2 6 9 14 6 7 13 26 33 40 24 23 43 67 34 27 75 71 44 67 76 54 57 30 57 73 49 25 14 12 9 6 4 1 4 3 10 19 25 53 59 45 32 51 48 62 62 62 43 33 49 66 55 52 29 9 7 6 15 4 4 4 2 5 13 8 6 7 21 31 34 39 50 54 37 36 26 32 16 12 14 34 26 22 9 4 1 2 3 3 3 6 5 1
1 4 5 7 11 10 14 13 14 10 20 44 18 16 40 56 62 54 18 40 49 69 53 49 41 66 46 27 27 17 17 19 13 5 6 2 5 8 15 17 12 34 39 30 39 45 50 43 61 59 55 45 66 61 43 32 12 18 4 5 5 8 2 3 5 6 2 11 19 21 19 33 47 45 42 51 35 30 23 32 41 28 42 29 24 12 12 5 2 3 4 4 7 6 6 3
2 5 7 7 12 22 19 30 25 19 15 27 58 22 47 44 51 68 51 25 38 71 29 54 79 40 36 37 34 32 24 11 4 7 8 5 7 11 17 15 22 37 31 23 44 52 28 25 54 49 25 20 33 28 33 10 15 7 15 2 4 5 5 2 18 21 7 24 31 18 43 41 56 60 62 62 48 34 39 40 45 38 46 25 23 18 7 3 3 4 4 5 9 13 3 2
4 7 9 4 8 31 39 28 26 26 41 30 39 62 38 44 53 26 70 41 41 40 78 63 49 54 54 52 48 40 19 8 6 6 14 6 6 13 25 33 30 41 48 46 47 30 37 44 29 30 26 22 24 23 19 20 12 9 7 10 1 1 3 13 13 5 11 16 31 24 47 36 42 60 66 51 43 52 42 44 48 44 31 33 21 10 3 3 5 5 10 10 14 13 5 3
5 11 10 7 11 23 26 44 48 29 41 50 46 52 67 42 58 34 29 56 31 33 71 70 64 56 50 52 49 24 22 17 12 5 10 3 6 9 19 38 43 48 32 46 41 50 37 35 39 45 32 20 22 24 24 19 8 6 5 8 3 1 4 2 3 16 20 19 11 22 38 37 48 40 47 71 43 42 23 23 24 26 38 28 17 9 5 4 7 7 11 8 27 9 7 5
5 9 15 11 14 16 28 29 36 48 59 51 50 54 74 70 36 28 36 33 62 66 71 61 66 69 63 58 51 35 25 19 14 6 14 4 5 11 20 34 43 59 55 55 52 50 46 57 33 36 35 24 17 22 18 25 16 5 1 2 3 2 3 3 5 2 2 2 5 32 22 28 44 43 47 36 29 15 12 31 45 41 17 27 29 19 7 10 8 13 11 9 29 10 8 6
8 16 22 22 25 18 21 38 45 46 64 63 63 55 66 68 51 49 38 41 36 66 68 65 47 59 57 55 38 45 36 25 16 15 20 3 12 20 23 26 18 53 61 60 52 57 59 46 36 53 53 49 15 19 26 19 6 6 2 1 1 2 5 3 3 5 10 13 13 16 18 22 26 25 43 17 20 24 18 55 46 21 33 30 28 32 14 19 16 10 10 6 19 11 10 8
9 15 40 24 29 29 27 43 50 51 52 65 61 59 75 52 57 63 48 39 39 57 53 49 47 56 57 54 50 33 30 26 33 26 6 2 12 28 38 41 36 52 66 53 52 58 43 32 45 65 53 45 41 23 25 13 7 7 2 2 2 2 4 3 6 11 24 25 18 26 26 37 26 19 16 22 40 50 30 50 45 43 32 27 22 22 29 23 11 14 10 4 13 20 3 5
13 10 31 42 32 34 30 47 54 53 49 51 65 71 70 65 54 68 48 32 43 78 55 70 50 55 62 64 52 37 42 41 31 17 10 6 7 21 49 63 57 58 49 65 49 52 43 34 43 31 25 24 30 35 13 7 5 4 3 3 3 2 2 4 8 15 20 19 29 15 27 18 11 16 18 49 43 54 61 19 38 36 44 42 29 22 42 28 14 17 8 9 19 14 5 8
15 13 25 50 50 38 45 52 52 53 57 47 60 70 69 56 51 38 50 32 42 67 60 72 57 54 53 48 51 41 58 35 25 17 17 10 14 26 39 52 73 74 66 53 63 33 33 46 34 23 22 24 23 19 48 14 4 5 3 4 2 2 4 2 4 6 24 28 16 9 12 18 19 33 29 54 51 57 39 47 42 24 47 38 29 34 39 22 26 14 8 9 31 12 8 12
22 46 38 41 53 40 36 54 55 50 61 48 27 38 72 74 65 45 41 57 41 78 78 46 57 64 41 45 40 52 43 42 33 13 15 11 16 37 40 46 47 60 55 68 53 53 29 45 49 22 32 37 29 28 22 7 7 3 4 2 1 3 4 5 6 8 30 7 13 4 15 30 50 23 34 56 36 38 54 46 14 22 44 46 50 40 29 18 25 18 10 13 26 23 17 14
25 31 53 55 54 42 41 54 51 48 50 56 46 48 53 68 61 27 35 59 36 75 60 61 60 46 26 48 40 48 58 44 45 25 16 13 17 39 41 55 68 54 39 64 34 50 42 31 43 39 55 41 36 22 16 7 7 2 2 3 1 2 11 6 2 16 7 7 25 22 40 33 29 43 35 23 37 62 33 17 14 42 59 46 47 46 27 20 16 17 23 15 15 36 20 17
39 48 49 58 56 47 54 53 54 50 32 50 49 59 54 58 57 58 68 71 62 67 53 56 50 59 49 50 62 38 55 59 42 31 32 11 17 40 63 55 60 54 55 52 47 38 53 18 33 33 40 35 27 15 15 8 12 5 3 2 1 3 1 4 3 10 8 16 20 17 17 32 52 63 36 29 59 50 44 31 32 41 17 24 45 52 25 23 17 27 27 18 14 56 24 31
41 47 44 47 18 37 63 45 55 56 45 43 56 60 47 58 45 67 61 72 64 55 66 46 44 56 72 66 40 52 46 55 52 32 29 13 17 45 44 55 53 44 63 59 58 36 21 60 28 58 31 31 15 25 13 17 6 6 4 1 1 4 8 8 2 4 9 20 28 14 13 38 67 55 31 54 47 30 35 77 62 26 33 49 34 27 30 14 20 29 27 22 31 62 46 40
42 34 20 12 11 20 62 44 29 35 43 31 35 56 72 66 33 34 65 52 63 58 67 64 26 54 71 46 43 52 37 62 59 50 24 5 14 34 41 58 48 46 53 61 65 54 26 17 7 8 39 37 11 18 12 20 9 4 2 1 2 5 3 10 7 6 8 8 23 15 21 52 59 30 38 57 51 10 48 45 32 48 63 51 37 31 26 10 30 31 33 23 45 81 53 31
46 47 35 35 36 28 37 59 21 26 22 44 37 46 66 56 69 33 45 63 63 70 72 74 54 31 54 58 52 36 63 52 52 42 24 10 10 21 46 62 29 47 66 62 56 37 34 32 27 25 18 21 33 10 4 4 3 2 2 1 2 2 1 3 5 3 6 4 6 10 35 30 38 50 32 34 21 22 39 32 37 58 56 39 29 14 11 10 23 30 32 29 50 66 53 20
59 45 50 47 31 36 31 33 40 38 31 63 40 45 38 44 62 65 59 72 72 63 70 56 23 36 49 44 42 50 63 56 33 34 40 19 15 13 30 42 13 27 34 34 36 28 27 21 56 43 26 18 12 7 6 3 2 9 1 0 0 2 3 2 7 8 4 3 16 24 10 22 13 27 26 29 10 48 40 61 39 37 26 28 29 18 12 23 26 36 36 44 50 68 22 17
40 41 48 41 46 32 26 44 62 61 27 27 51 49 25 25 21 38 63 63 31 34 40 41 49 16 47 59 32 64 49 48 46 34 42 20 30 10 25 45 47 22 29 35 20 26 10 6 13 24 11 35 27 14 4 1 0 0 1 0 0 1 1 3 4 8 3 13 15 9 14 15 21 25 10 19 43 53 67 34 33 35 39 46 28 17 14 28 38 39 37 30 61 69 53 19
41 59 46 46 46 45 35 48 63 47 46 30 22 40 47 27 46 33 23 51 28 45 59 54 41 32 48 31 33 63 52 55 40 21 36 20 25 18 11 29 33 54 44 28 22 30 28 12 19 26 32 26 11 10 8 4 2 1 1 0 0 1 2 2 3 2 6 13 21 22 14 15 12 7 32 38 31 47 48 32 27 34 39 32 24 23 16 35 41 30 40 39 24 45 57 24
47 47 44 37 46 60 33 45 47 54 45 39 49 33 19 49 43 29 35 49 59 23 19 33 30 52 48 63 35 40 56 44 33 52 30 17 23 31 14 34 44 53 59 23 26 45 27 10 21 28 11 19 9 10 8 3 2 2 1 1 1 1 0 2 2 3 8 3 4 4 10 7 23 40 20 24 23 24 26 24 16 25 30 35 31 21 17 27 45 29 43 32 37 36 42 29
42 41 60 43 55 62 25 38 50 56 52 42 50 45 58 39 59 72 40 46 54 23 33 37 42 66 59 72 41 44 47 48 56 29 23 15 16 46 19 20 36 49 33 34 40 40 9 6 50 69 16 19 13 5 3 3 7 2 1 0 1 0 1 1 1 1 1 4 9 14 19 25 12 19 15 10 12 29 22 20 31 48 28 26 33 17 28 29 46 27 32 11 5 15 43 62
42 49 60 57 50 44 25 38 52 58 53 39 31 32 51 61 42 30 43 41 31 16 30 25 53 51 71 52 49 65 61 54 35 35 15 6 7 47 21 19 23 33 31 30 33 30 2 13 24 25 33 21 12 3 1 1 1 1 1 0 0 1 0 0 0 0 1 3 15 29 33 33 18 12 9 14 47 42 24 25 41 34 33 45 12 19 33 38 33 21 10 8 20 24 23 45
47 29 32 57 47 55 42 19 49 49 56 42 43 29 43 34 50 24 24 25 16 30 30 33 31 55 45 59 63 77 56 59 46 42 31 4 27 42 18 20 29 16 27 28 25 20 5 14 13 15 19 11 14 10 7 2 1 1 1 1 0 2 0 0 0 1 3 16 7 10 19 10 7 10 21 31 39 26 19 49 44 36 43 18 17 36 56 27 9 8 13 27 20 55 38 45
43 14 36 51 59 51 51 31 22 38 48 30 37 36 46 51 34 26 35 28 8 32 73 41 39 40 27 39 45 53 56 58 40 24 28 15 28 21 28 21 36 29 25 31 36 26 15 11 9 12 11 17 6 7 5 2 1 1 1 2 1 1 0 0 1 4 2 5 6 4 15 21 13 28 26 32 38 39 34 50 40 25 18 12 35 50 14 7 9 17 20 37 47 43 47 33
38 19 21 16 45 50 59 37 7 24 41 28 36 27 64 50 31 9 18 23 11 35 47 31 32 14 41 52 53 48 54 41 44 36 22 20 22 17 22 16 6 26 22 38 29 32 36 46 32 27 16 31 13 4 2 1 1 1 1 2 1 0 0 1 4 4 1 3 2 4 7 24 30 48 20 19 44 49 34 28 18 31 8 26 33 14 4 15 19 29 33 34 39 52 51 37
48 32 40 13 44 59 53 33 10 7 8 34 40 27 30 39 18 26 23 31 29 12 28 40 26 22 46 55 51 41 35 32 45 36 31 33 36 11 27 20 9 13 18 25 35 20 15 11 11 10 7 15 4 2 3 8 5 2 1 0 0 0 1 2 1 2 1 2 5 2 6 22 29 31 25 29 53 48 42 32 20 13 27 29 18 5 13 30 27 27 34 29 40 42 42 41
59 26 42 13 20 47 33 17 11 10 13 16 24 49 36 36 23 20 15 28 17 26 45 26 26 44 27 47 49 45 31 41 30 20 35 33 24 21 18 27 19 11 16 17 22 18 31 16 13 20 25 14 5 3 1 4 3 2 1 1 1 1 0 1 2 1 1 2 2 4 7 17 27 31 26 25 26 28 52 20 13 14 24 9 11 29 29 29 28 29 29 23 17 14 26 42
45 26 41 20 15 46 34 38 27 26 16 19 27 39 41 46 47 31 16 18 11 15 22 32 44 38 54 61 50 30 35 37 22 18 54 34 21 24 18 9 9 13 16 26 21 23 33 17 23 16 21 8 15 5 1 2 12 4 1 1 1 0 0 0 0 2 1 2 4 4 5 14 26 29 28 12 23 43 35 40 35 18 8 13 15 19 19 38 37 26 35 23 21 13 19 7
36 27 40 31 23 28 17 39 20 20 21 18 28 23 19 31 25 21 17 18 29 10 14 46 41 47 42 38 41 36 37 35 35 22 44 31 30 20 35 12 25 27 10 14 25 35 39 24 30 29 14 6 14 3 3 4 6 2 2 1 1 0 0 0 2 2 5 5 2 2 8 11 8 17 21 14 34 54 72 34 20 11 4 13 10 41 32 25 30 33 54 45 20 17 20 8
49 26 40 28 19 16 11 31 39 26 24 25 21 24 18 31 19 17 8 8 17 7 19 32 43 29 40 47 38 36 30 34 26 38 41 31 41 58 22 15 17 17 20 14 37 19 28 32 19 18 23 16 7 5 6 5 10 1 1 1 1 0 0 0 1 1 7 6 2 3 5 6 17 29 12 48 48 42 33 36 14 4 10 22 21 26 36 20 30 44 37 43 16 13 18 8
48 29 53 33 14 17 26 17 45 21 36 32 17 11 16 13 11 14 12 8 2 19 18 15 22 21 46 35 24 32 34 15 27 44 22 53 25 56 36 15 31 14 29 19 34 37 30 29 15 25 19 10 6 10 6 5 3 2 1 2 1 1 0 0 0 2 4 3 4 6 4 4 12 15 47 39 21 32 27 34 19 11 13 27 45 28 31 39 41 30 32 22 17 12 15 6
42 27 57 33 12 10 52 30 29 22 24 33 15 21 17 15 13 17 15 7 3 6 2 4 11 14 48 50 43 27 18 15 26 46 37 21 36 33 31 16 29 8 24 9 22 32 37 31 17 24 14 19 7 5 10 6 6 2 2 3 0 0 0 0 0 0 1 4 8 4 4 9 21 40 33 16 16 54 34 21 19 13 26 17 40 40 23 33 31 28 24 13 37 14 11 4
56 25 45 20 12 16 28 28 22 47 41 24 23 15 15 14 20 15 11 10 2 4 5 16 26 31 33 33 33 23 12 15 43 30 38 28 51 24 20 19 29 8 24 17 18 26 48 28 18 26 22 18 6 3 7 6 3 1 1 1 1 0 0 0 0 0 1 3 2 3 4 12 15 14 18 15 20 40 28 7 7 17 35 34 35 32 12 24 45 39 20 12 28 6 9 7
55 29 45 18 12 18 19 51 26 44 57 43 17 10 9 17 27 16 3 6 1 5 6 15 10 13 13 28 15 11 22 16 64 38 42 40 40 19 13 35 17 13 15 41 45 27 27 24 33 24 16 14 11 6 5 3 4 2 1 0 0 0 0 1 0 0 1 1 4 3 5 4 9 10 24 21 35 37 34 9 7 31 36 35 32 31 10 19 30 29 10 10 10 12 13 11
68 57 15 30 13 15 33 46 30 24 42 32 43 8 19 38 19 15 6 5 3 3 6 4 6 9 33 16 23 22 21 36 8 20 10 25 21 13 8 35 14 12 3 19 62 30 20 31 30 18 16 12 9 4 10 9 7 3 1 1 0 0 1 0 0 1 1 1 4 1 5 7 14 12 25 38 18 34 28 13 13 38 24 20 25 16 22 21 14 17 25 11 9 18 12 8
52 20 17 26 13 13 48 42 45 18 12 23 44 5 10 8 7 13 5 9 1 1 6 11 15 14 12 25 24 15 41 16 28 16 32 26 17 21 11 25 10 21 10 15 43 47 26 25 29 26 18 14 7 8 4 2 4 1 1 1 0 0 0 0 0 1 1 1 3 4 12 19 24 23 36 56 7 43 20 19 19 18 24 13 16 13 24 33 18 11 20 11 9 10 12 10
51 22 9 28 21 20 35 7 23 36 7 13 33 15 4 8 7 6 4 5 3 7 21 7 9 10 18 34 18 27 20 29 42 58 35 25 47 16 25 32 12 12 15 21 30 30 21 47 24 17 11 14 14 7 2 2 4 2 1 1 1 0 0 0 0 0 1 1 1 4 7 11 25 42 30 11 22 41 31 12 11 16 31 11 19 23 26 15 23 13 8 15 16 10 6 7
51 9 17 28 15 17 23 5 6 6 16 31 10 17 5 5 3 3 1 4 3 3 3 7 8 8 9 16 22 27 15 23 39 24 15 42 17 11 41 17 24 28 23 22 29 26 21 18 26 10 6 4 9 10 3 2 2 1 1 1 1 0 0 0 0 0 1 1 2 6 5 16 22 12 26 18 28 19 11 6 8 26 23 26 14 18 21 15 11 16 14 8 5 12 3 3
55 9 15 31 14 31 26 12 4 7 17 23 32 24 6 4 5 6 5 1 2 2 6 12 5 4 11 34 16 15 12 37 12 21 49 9 14 18 28 13 26 24 18 41 40 38 28 14 17 12 6 5 11 8 5 4 1 1 0 0 0 1 0 0 0 0 1 2 2 6 9 26 21 16 4 18 34 8 11 9 13 20 25 20 12 16 13 12 5 18 9 19 7 3 1 1
33 11 15 38 10 25 36 23 9 8 6 20 9 14 14 2 4 3 2 4 3 2 3 2 1 4 16 23 28 7 39 6 9 34 28 12 22 27 37 23 6 33 30 38 51 34 23 7 11 24 15 4 2 3 4 5 1 1 0 0 0 0 1 0 0 3 8 3 1 3 14 31 22 12 5 25 23 15 12 9 12 18 19 21 19 10 5 14 8 14 10 3 9 2 2 4
