sesion_6_simulaciones/modelos_agentes/ejemplos_netlogo/scenarios/cgcm2_b2/rob_2073.asc
NCOLS 322 
NROWS 307 
XLLCORNER 451900 
YLLCORNER 4086900 
CELLSIZE 100 
NODATA_value -9999 
[rows 0 to 73 of 307, columns 192 to 287 of 322]
42 38 21 12 33 59 32 14 14 18 19 7 5 3 6 4 3 2 4 3 2 2 2 2 3 5 3 6 6 18 5 1 1 0 0 0 1 1 0 2 2 1 1 5 8 11 9 17 32 38 24 28 36 45 45 58 45 83 48 40 8 11 17 43 55 41 57 51 26 38 20 11 15 20 39 21 19 37 57 27 15 16 15 18 15 12 30 26 25 27 10 22 33 61 20 6
51 29 35 32 40 59 19 28 40 23 16 11 17 15 8 7 9 2 3 5 5 2 1 1 1 6 2 2 1 3 15 6 1 0 0 0 0 0 1 1 2 0 0 1 2 4 9 10 24 67 79 60 41 43 45 45 69 68 68 19 24 14 45 40 52 48 55 39 43 18 6 24 11 20 50 23 53 38 33 35 27 32 34 19 14 7 20 28 30 27 16 27 25 31 15 12
29 55 36 34 60 49 35 16 10 24 24 24 35 36 19 28 16 13 18 17 13 4 3 1 1 1 1 0 0 1 1 5 3 1 1 0 0 0 1 0 0 0 2 5 5 10 13 17 25 45 54 50 61 50 66 75 41 36 45 24 23 30 40 29 33 61 29 26 20 26 14 15 13 19 61 23 60 49 26 42 28 24 30 30 15 5 12 15 29 21 15 42 22 40 13 3
39 40 64 55 44 35 32 32 31 53 29 46 61 47 38 53 36 16 26 35 21 16 10 4 2 1 0 0 0 0 0 1 0 1 1 0 1 0 0 0 1 1 1 1 3 14 13 17 7 17 13 18 30 61 49 56 52 20 27 34 37 20 23 43 31 59 45 38 53 20 29 24 8 8 41 22 30 25 33 40 30 29 30 33 16 5 10 24 38 16 28 24 23 37 10 2
29 22 43 14 51 58 52 39 53 47 45 32 38 31 39 58 41 45 47 46 40 17 11 11 4 6 3 5 3 1 0 0 0 0 0 0 0 0 0 0 0 1 1 2 2 4 5 9 29 49 55 49 46 41 64 69 31 26 9 11 34 34 27 42 43 57 36 25 16 11 8 8 11 7 20 20 17 31 56 64 54 20 19 40 35 24 3 20 22 33 30 17 32 47 16 3
31 25 42 36 23 30 54 26 50 41 29 36 13 34 44 47 49 47 17 13 28 14 9 14 12 9 4 7 4 1 1 1 0 0 0 0 0 0 0 0 0 1 2 4 11 24 32 43 41 29 35 39 44 62 80 57 35 26 8 45 64 63 56 57 45 65 27 33 40 32 39 28 22 16 12 16 24 23 34 27 40 63 44 33 36 24 7 14 20 25 11 17 28 28 18 5
22 12 14 33 23 18 51 19 13 26 34 59 33 17 31 44 37 39 21 7 9 22 27 32 13 11 10 7 6 4 3 2 2 1 1 0 0 0 0 0 0 1 2 4 17 11 18 25 46 36 42 78 42 67 72 40 26 29 16 35 51 59 58 60 69 61 52 45 44 17 28 26 20 29 24 11 5 17 37 41 32 56 35 17 10 33 11 9 11 11 12 25 41 52 13 12
16 12 11 16 34 26 42 52 15 7 15 21 38 12 4 15 9 17 20 10 7 13 7 11 12 10 10 6 9 7 6 5 4 3 3 1 2 1 0 0 0 2 4 8 15 20 22 44 69 66 66 43 57 55 62 33 20 8 16 23 32 29 29 24 25 55 34 26 47 27 24 19 23 27 27 17 5 24 43 23 50 64 42 17 10 26 19 9 10 22 22 26 52 32 18 13
30 23 20 11 19 16 28 53 54 23 10 9 18 26 13 9 5 15 21 13 11 17 4 8 21 13 9 10 9 15 12 10 9 8 4 3 1 0 0 0 1 2 4 7 23 20 16 31 39 56 43 29 69 50 46 19 9 41 64 51 62 52 60 45 53 77 46 34 15 16 23 19 21 22 17 10 6 12 17 30 44 57 43 26 11 11 12 7 7 25 19 31 26 36 17 26
21 22 22 11 10 6 22 22 47 36 25 13 12 14 17 7 6 5 16 15 12 19 5 5 11 11 8 6 4 8 1 4 7 7 5 2 1 0 0 0 0 1 3 6 12 5 6 32 17 15 15 70 43 48 26 12 25 54 61 74 55 83 69 42 61 34 58 47 43 18 19 28 25 13 10 7 5 9 35 18 12 43 47 41 20 9 16 5 7 9 12 34 24 33 20 48
26 23 23 22 11 5 3 4 7 19 12 8 6 16 9 6 7 2 3 10 7 16 18 4 4 5 17 6 2 5 8 1 0 0 1 3 1 1 0 0 1 1 4 9 2 9 14 17 5 9 46 50 22 33 14 9 25 42 41 57 78 79 47 30 33 49 59 58 63 45 56 35 30 25 14 9 4 4 11 23 25 50 64 39 42 13 8 11 3 10 30 12 19 15 16 55
50 32 16 19 18 15 10 6 4 4 5 4 7 6 5 4 3 6 3 3 9 11 9 5 1 3 10 7 2 2 7 7 1 0 0 1 2 1 0 0 2 4 4 2 1 1 7 2 5 25 52 34 16 12 6 28 33 31 40 76 62 56 15 26 40 43 68 63 54 60 45 36 40 40 35 23 7 5 17 20 22 69 44 54 36 27 9 5 4 15 16 9 25 9 29 61
58 42 38 52 41 38 32 16 28 16 12 6 3 2 2 2 2 9 6 2 2 4 3 3 1 2 4 3 2 1 1 3 1 0 0 0 1 1 0 0 2 2 2 3 3 3 11 2 8 33 26 9 2 11 34 48 52 60 82 68 19 25 29 21 22 23 38 39 62 41 21 33 52 53 47 24 8 2 15 25 52 57 22 32 48 27 13 3 4 14 12 9 29 9 23 34
68 65 61 64 59 53 39 34 31 29 26 22 8 5 3 2 1 1 1 1 1 1 1 1 1 2 2 2 1 0 1 1 1 1 0 0 0 1 1 1 1 1 1 1 1 5 2 2 10 8 4 1 4 13 24 33 62 57 49 12 46 63 56 44 46 25 22 22 56 45 59 68 46 31 26 25 10 4 8 19 47 20 15 32 60 31 18 7 2 5 6 7 14 7 18 15
25 63 67 66 58 61 38 46 21 21 33 19 14 14 12 8 5 2 1 1 0 0 0 1 1 1 1 1 0 0 1 1 1 1 0 0 0 1 1 0 0 1 1 1 0 1 1 2 2 2 1 2 5 7 19 34 35 10 33 48 62 58 59 79 83 72 65 47 49 59 64 52 58 41 21 14 7 4 8 18 25 12 7 41 59 60 33 31 11 2 4 6 6 7 22 18
36 54 64 45 51 73 57 30 48 33 22 29 23 29 26 12 8 3 1 1 1 0 0 0 1 0 0 0 0 0 0 1 1 1 1 0 0 0 1 1 0 0 0 0 0 0 1 2 1 1 3 2 3 6 12 18 9 36 42 45 59 71 81 70 66 75 41 34 66 19 49 78 54 40 42 40 35 15 6 18 20 10 3 9 24 53 13 7 10 10 2 7 4 6 22 18
63 15 64 45 40 64 71 72 39 19 30 25 38 31 23 15 13 8 5 4 3 2 1 0 0 0 1 1 0 0 0 0 0 0 1 0 0 0 0 1 0 0 0 0 0 0 0 0 1 4 4 10 10 7 6 21 34 37 43 44 67 56 76 66 68 44 32 60 46 37 38 21 56 33 57 61 60 35 21 6 32 17 12 2 8 27 34 9 3 4 1 2 4 9 5 6
38 12 48 27 42 53 57 37 65 71 40 47 48 15 13 11 17 14 8 6 5 4 2 1 1 1 2 1 1 1 0 0 0 0 0 0 0 0 0 0 0 0 0 0 0 0 1 3 4 4 7 18 17 21 9 22 27 56 56 56 74 57 53 47 31 31 49 62 49 32 18 20 49 54 60 58 62 59 35 9 6 14 14 8 2 8 19 12 8 1 3 0 4 6 3 3
23 26 27 30 19 41 51 26 28 64 32 54 67 37 23 14 23 35 29 17 12 5 2 1 2 1 3 3 4 1 1 1 1 0 0 0 0 0 0 0 0 0 0 0 1 1 3 3 3 5 12 22 20 15 26 32 40 41 30 46 64 30 16 11 28 33 30 79 63 23 24 15 51 49 15 31 68 56 55 33 7 4 23 12 6 2 8 12 10 4 1 1 5 2 1 1
25 9 14 22 13 21 52 18 14 35 43 58 57 39 42 35 8 14 17 24 11 7 5 4 4 4 4 6 5 4 2 2 1 1 1 0 0 0 0 0 0 0 0 1 2 2 3 6 3 9 19 16 28 29 36 39 13 10 25 44 70 26 12 36 51 46 59 67 48 38 23 9 19 53 42 14 31 41 49 44 30 6 6 13 9 3 1 6 12 7 1 0 3 0 3 6
43 14 15 16 4 10 34 17 24 16 34 22 36 14 20 24 6 4 12 27 13 17 8 3 13 8 5 3 4 2 2 1 1 1 1 1 0 0 0 0 0 0 1 2 3 4 2 2 8 21 14 21 38 50 63 58 39 30 44 46 46 16 18 51 52 47 47 21 45 46 30 8 11 23 57 29 11 17 60 32 24 7 2 6 7 2 2 8 5 5 0 1 1 1 6 19
19 4 18 15 4 3 10 32 4 10 36 27 33 16 12 6 7 1 4 22 22 11 7 6 3 3 1 1 1 1 1 1 1 1 2 1 0 0 0 0 0 0 1 2 1 3 3 6 9 10 8 14 26 63 71 76 75 64 49 41 25 12 32 42 62 56 47 26 22 41 17 8 11 17 51 31 12 13 20 39 24 14 5 3 8 3 4 6 3 1 1 5 2 4 17 26
29 5 23 28 6 4 6 14 4 3 29 16 10 5 2 7 6 4 1 3 4 10 21 19 6 1 4 2 1 1 1 0 0 0 1 1 1 0 0 0 0 1 2 2 1 1 1 2 2 3 3 11 25 24 42 65 52 39 21 64 29 14 34 43 43 51 71 41 34 14 8 9 23 39 64 29 11 14 23 50 24 8 4 1 3 5 3 5 2 1 3 21 9 10 11 24
18 13 10 22 2 5 7 13 9 2 3 2 3 10 3 2 7 6 2 3 4 4 11 7 6 2 3 3 1 0 0 0 0 0 0 0 1 0 0 0 0 0 0 1 1 0 1 1 3 4 3 9 11 17 22 17 13 31 54 33 12 24 39 36 54 71 48 36 35 21 9 13 24 42 45 20 16 11 20 42 28 25 9 2 1 2 3 5 1 1 5 5 15 29 15 21
5 3 7 6 3 1 8 14 4 1 3 2 1 4 6 3 3 4 4 1 1 2 3 2 2 1 2 4 2 1 0 0 0 0 0 0 0 1 0 0 0 0 1 1 1 2 3 4 3 5 10 6 5 3 4 11 30 34 61 24 10 37 32 30 57 77 42 49 42 21 14 13 24 54 35 18 20 10 14 26 24 22 17 8 2 1 3 2 1 8 11 12 14 14 54 22
2 2 1 4 2 1 9 10 3 1 1 2 1 1 4 4 2 1 2 2 1 1 1 1 1 1 1 2 5 1 0 0 0 0 0 0 0 0 0 0 0 0 0 0 1 2 3 1 2 6 7 18 14 29 22 27 28 46 46 8 18 31 26 20 46 60 35 38 32 23 11 11 24 54 20 28 21 7 5 10 11 18 10 3 4 1 1 2 6 18 24 26 38 24 18 47
1 1 1 1 0 2 4 4 2 1 0 1 1 0 0 1 2 2 1 2 1 0 1 1 0 0 0 1 1 1 1 0 0 0 0 0 0 0 0 0 0 0 0 0 1 1 1 1 3 4 11 15 16 26 42 58 59 67 31 8 21 29 21 29 69 61 18 33 33 20 11 6 18 49 20 15 12 10 2 4 11 18 5 3 1 1 2 6 18 18 25 26 33 46 63 39
0 0 0 0 0 0 0 0 0 0 0 0 0 0 0 0 0 0 1 1 0 0 0 0 0 0 1 0 0 1 1 0 0 0 0 0 0 0 0 0 0 0 0 0 0 0 1 1 2 9 8 12 20 27 40 66 48 38 7 23 33 24 46 56 79 41 44 21 19 17 16 9 25 50 27 15 12 10 2 4 10 15 8 8 2 0 2 5 7 5 7 8 8 14 35 40
0 0 0 0 0 0 0 0 0 0 0 0 0 0 0 0 0 0 0 0 0 0 0 0 0 0 1 0 0 0 0 0 0 0 0 0 0 0 0 0 0 0 1 1 1 1 3 9 2 8 6 9 13 15 50 37 18 5 18 30 32 30 54 77 47 26 35 17 14 15 12 7 13 42 56 25 13 6 2 3 8 17 12 5 2 0 1 2 2 6 9 18 23 21 22 38
0 1 1 1 1 0 0 0 0 1 0 0 1 1 1 1 1 0 0 0 0 0 0 0 0 0 0 0 0 0 0 0 0 0 0 0 0 0 0 0 0 1 1 1 1 3 4 3 11 7 6 7 16 19 48 10 6 11 25 32 29 31 53 76 32 21 18 28 11 4 4 6 24 40 18 38 18 6 2 1 10 9 11 4 2 0 2 5 11 22 14 28 38 37 33 15
1 1 1 2 1 0 0 1 1 1 1 2 2 2 2 2 2 1 1 0 0 0 0 0 0 0 0 0 0 0 0 0 0 0 0 0 0 0 0 0 1 1 1 2 3 5 6 5 9 23 28 25 16 27 13 5 2 17 20 28 16 31 52 61 37 13 18 25 15 8 2 5 31 14 9 43 27 9 3 1 5 4 8 4 1 1 4 5 7 13 17 17 12 14 19 40
2 3 3 2 1 1 1 3 2 2 2 3 6 4 4 5 2 2 1 1 1 1 1 0 0 0 0 0 0 0 0 0 0 0 0 0 0 0 0 1 1 1 1 2 4 6 8 20 16 18 11 41 25 13 13 10 4 14 23 38 39 34 59 25 11 26 28 12 23 7 2 5 11 11 6 39 13 8 2 1 4 4 4 2 1 2 10 17 23 18 16 8 18 22 22 33
8 7 4 6 3 1 1 2 2 3 7 7 7 9 7 3 3 2 2 2 2 2 1 1 1 1 0 0 0 0 0 0 0 0 0 0 0 0 0 1 1 1 1 3 5 7 14 20 16 16 10 5 15 13 15 2 8 15 15 26 26 40 40 45 40 20 13 9 25 16 5 3 10 7 15 39 11 7 4 1 1 3 2 1 2 5 11 31 38 36 40 24 32 42 36 59
11 11 12 5 4 3 2 4 7 8 13 11 12 7 11 6 5 4 3 5 4 3 2 1 1 2 1 0 0 0 1 0 0 0 0 0 0 0 0 0 0 1 1 2 4 10 6 2 19 16 8 5 11 14 2 2 6 9 12 28 40 50 55 26 15 14 18 13 10 12 7 3 9 7 11 18 14 12 4 1 1 2 1 1 3 5 7 10 8 10 14 27 41 42 70 67
16 16 18 15 12 3 3 7 11 16 19 17 17 15 12 13 8 13 9 6 2 1 1 2 2 1 1 1 1 1 0 0 0 0 0 0 0 0 0 0 1 1 3 2 1 3 3 6 5 8 7 2 5 1 3 2 3 5 8 21 40 54 34 49 25 13 12 9 7 13 11 3 3 5 10 12 12 5 3 1 0 1 1 2 6 3 4 9 26 31 34 29 20 64 40 47
29 42 25 8 13 5 8 9 28 22 19 22 22 36 33 18 20 14 6 10 4 2 1 4 3 1 1 1 3 0 0 0 0 0 0 0 0 0 0 0 1 2 3 1 2 2 3 5 4 4 2 1 3 1 2 1 4 12 16 31 24 24 39 50 15 7 5 5 9 7 6 3 2 4 4 12 11 6 3 1 0 0 2 5 12 14 13 14 23 21 21 43 45 57 31 16
50 61 27 24 30 10 7 29 30 43 17 30 37 32 48 27 12 6 16 9 6 4 1 6 1 1 2 3 1 0 0 1 0 0 0 0 0 0 0 0 1 1 1 1 1 3 10 7 5 3 2 1 1 1 3 6 10 8 5 9 15 27 32 49 21 9 9 6 4 3 3 3 1 3 6 5 4 6 2 1 0 2 6 5 10 27 31 37 39 39 24 32 28 29 32 11
43 61 29 26 37 14 16 47 42 48 16 33 58 39 53 25 18 17 22 20 11 3 3 2 2 3 7 1 0 1 1 1 1 1 0 0 0 0 0 0 0 0 0 1 2 6 6 3 7 1 1 1 3 3 4 3 3 2 9 11 12 35 39 32 13 40 37 21 11 8 3 3 1 2 2 2 3 3 1 0 1 4 12 22 22 28 41 37 34 34 36 41 13 4 23 14
62 35 36 28 40 17 21 50 71 46 13 45 66 57 57 53 26 35 47 24 10 4 7 3 7 7 1 1 1 1 1 1 1 1 1 0 0 0 0 0 0 0 0 1 6 2 5 1 1 3 1 1 4 3 4 4 3 7 29 37 33 32 62 29 40 22 26 26 8 4 3 3 1 1 1 2 1 2 0 0 1 3 5 13 15 8 15 7 7 10 7 56 33 12 10 5
82 65 39 31 36 20 34 54 83 37 20 39 66 67 67 35 29 69 28 5 6 17 13 8 9 3 2 2 3 3 1 2 1 1 0 1 0 1 1 0 0 0 0 0 1 1 1 0 0 0 0 1 2 6 6 12 17 19 16 28 45 44 25 42 30 28 8 14 29 8 3 1 1 0 1 1 1 1 0 0 2 5 5 7 7 4 6 12 22 43 56 74 43 11 7 3
76 75 42 44 48 27 36 63 76 46 26 47 84 83 48 56 34 33 9 6 11 37 39 20 10 7 3 3 4 2 2 4 2 1 1 1 1 1 1 1 0 0 0 0 0 0 0 0 0 1 2 3 6 9 9 17 15 13 32 55 56 51 34 43 7 51 34 5 5 18 16 7 3 1 0 1 1 0 0 0 2 2 2 5 4 6 22 26 25 21 29 52 21 10 6 3
75 64 43 57 51 48 36 66 75 48 36 51 84 74 55 41 18 10 3 13 32 38 21 7 5 2 1 8 6 3 4 4 2 1 1 2 2 2 2 0 0 0 0 0 0 0 0 0 0 1 2 2 5 6 6 8 12 28 22 65 44 18 19 64 28 12 39 11 3 2 4 5 6 5 2 1 0 0 0 0 2 2 2 2 5 12 21 20 20 33 21 27 24 11 5 2
77 65 39 62 56 54 50 51 61 40 35 51 65 31 31 21 9 11 9 19 42 17 11 9 4 3 2 13 10 4 12 5 1 2 1 2 3 5 3 1 1 0 1 1 0 0 0 0 0 1 1 1 5 5 11 16 8 25 36 53 11 4 20 55 18 14 8 27 6 1 2 2 4 3 3 2 0 0 0 0 1 2 2 2 3 9 30 14 10 40 14 12 15 4 2 2
49 47 43 63 55 44 60 49 73 74 63 53 46 37 47 43 30 35 16 24 38 19 13 10 6 5 4 17 14 7 14 5 4 3 2 5 4 4 1 2 3 1 1 0 0 0 0 0 0 1 1 2 4 5 5 8 5 14 34 13 8 4 29 50 24 5 3 4 12 3 1 1 1 1 4 1 1 0 0 0 1 2 2 2 10 18 31 13 12 31 11 3 5 9 1 1
60 31 64 72 63 70 69 85 79 90 90 83 47 66 65 61 56 26 23 43 34 19 13 7 8 11 7 22 20 19 11 8 6 7 7 9 13 5 2 2 7 3 0 0 0 0 0 0 0 1 2 2 3 4 2 3 9 27 39 8 4 6 12 43 29 13 3 1 7 6 3 1 1 1 5 1 0 0 0 1 1 2 3 5 6 5 5 4 8 7 11 7 7 5 1 0
53 48 53 63 79 83 87 89 76 74 78 80 83 74 46 44 35 27 30 27 15 18 15 17 24 17 18 46 31 42 17 13 11 14 16 26 24 7 6 4 6 2 1 0 0 0 0 0 0 1 1 2 2 1 1 4 11 17 13 10 4 4 5 52 13 8 8 1 4 7 4 1 1 1 1 2 0 0 0 1 1 2 4 7 5 4 4 2 4 3 4 3 2 1 0 1
62 60 37 42 57 65 79 55 50 47 60 63 65 73 50 42 46 58 46 29 26 30 25 38 52 34 26 51 49 38 21 30 19 24 22 31 17 11 12 4 1 1 1 1 1 1 0 0 0 0 1 1 1 2 2 1 5 4 6 22 5 4 8 18 8 1 6 2 2 3 2 2 1 0 0 7 0 0 0 0 1 2 2 7 3 3 3 2 2 1 1 1 1 1 1 3
71 73 51 31 56 51 54 65 46 56 65 48 61 77 82 67 79 69 49 40 52 49 49 46 54 40 34 60 58 29 36 33 34 33 43 41 21 12 3 1 1 2 2 2 2 1 1 0 0 0 0 1 1 2 2 1 5 4 2 4 4 4 6 12 15 1 3 2 2 4 2 1 1 1 1 1 0 0 0 0 1 1 4 6 2 2 2 2 3 1 0 0 0 1 3 5
53 66 79 48 27 31 55 54 74 39 35 35 70 52 61 91 88 49 67 65 64 60 61 51 54 46 47 70 56 44 46 41 44 62 56 22 6 4 6 4 5 4 3 2 3 3 1 0 0 0 0 1 1 1 3 2 4 3 2 2 3 1 2 5 20 1 1 2 1 1 2 1 1 1 0 0 0 0 0 0 1 1 7 2 1 1 1 1 1 0 0 1 1 2 4 4
76 74 75 79 45 16 19 63 61 55 13 17 32 48 75 83 66 88 89 71 62 78 72 41 60 50 67 58 57 51 55 44 58 72 72 29 19 12 18 15 19 16 7 5 6 2 1 0 0 0 0 0 0 0 2 2 4 4 2 1 1 1 0 1 8 2 1 1 1 1 1 1 1 1 0 0 0 0 0 0 1 1 1 1 0 0 0 0 0 0 1 1 2 4 3 4
60 44 50 85 45 36 28 28 28 34 24 5 24 72 82 80 60 55 83 61 77 78 67 50 71 66 79 73 66 74 55 54 53 48 50 29 25 27 26 24 6 5 15 21 2 1 1 0 0 0 0 0 0 0 1 2 3 5 1 1 1 0 0 3 7 2 1 1 1 1 1 1 0 0 0 0 0 0 0 0 0 1 1 0 0 0 0 1 1 2 2 3 4 4 2 3
30 49 48 79 80 28 32 18 19 18 20 11 27 40 46 53 70 81 65 28 62 31 69 79 91 86 81 56 71 51 64 49 43 24 60 54 51 37 15 10 3 1 18 10 5 2 2 1 0 0 0 0 0 0 0 0 0 1 0 1 1 0 0 1 3 3 1 1 1 0 0 0 1 0 0 0 0 0 0 0 0 1 1 0 0 0 1 1 2 2 3 7 6 4 3 3
19 24 40 42 77 72 37 16 15 13 13 12 20 41 54 65 31 70 70 33 64 56 31 48 70 49 67 42 62 26 15 36 23 23 36 75 55 30 15 45 13 13 15 10 10 3 1 1 1 1 1 0 0 0 0 0 0 0 0 1 1 0 1 2 1 3 2 1 0 0 0 0 0 0 0 0 0 0 0 0 0 0 0 0 0 1 1 1 2 2 3 3 14 6 4 2
9 15 25 7 40 82 39 20 9 6 10 12 10 17 23 40 46 66 42 48 64 43 14 43 61 45 42 35 38 57 42 40 36 17 21 60 67 77 71 57 43 26 24 27 15 5 3 2 4 1 1 0 0 0 0 0 0 0 0 0 0 0 0 1 2 2 1 1 0 0 0 0 0 0 0 0 0 0 0 0 0 0 0 0 0 0 0 1 2 1 2 4 6 5 3 7
17 9 19 40 36 53 77 33 26 7 4 5 6 8 25 19 43 63 10 22 70 62 24 13 68 74 44 29 41 48 20 17 21 13 10 30 46 49 41 17 26 26 12 18 18 13 14 11 3 0 1 2 1 1 1 2 2 0 0 0 0 0 0 0 1 2 1 1 0 0 0 0 0 0 0 0 0 0 0 0 0 0 0 0 0 0 0 0 1 2 2 3 5 6 11 11
24 8 6 25 41 51 78 57 21 16 7 5 5 7 7 5 21 16 13 51 85 34 17 9 12 49 23 26 21 39 33 19 22 18 14 43 30 14 11 7 9 4 3 33 15 25 33 22 6 4 5 3 3 1 1 0 0 0 0 0 0 0 0 0 0 1 1 1 0 0 0 0 0 0 0 0 0 0 0 0 0 0 0 0 1 1 1 1 2 2 2 4 5 7 6 16
42 26 15 9 11 14 28 55 25 26 10 4 3 4 9 3 12 8 26 26 77 29 15 12 6 13 12 17 7 26 31 13 10 11 14 26 22 6 4 6 5 3 4 9 19 13 9 3 3 3 2 2 2 2 2 0 0 0 0 0 0 0 0 0 0 0 1 1 0 0 0 0 0 0 0 0 0 0 0 0 0 0 0 1 0 0 1 4 1 3 5 7 10 10 13 20
18 15 27 9 8 25 29 52 53 28 16 4 3 2 3 4 6 8 10 26 56 72 36 15 4 4 9 2 5 21 30 12 8 7 5 6 7 4 3 4 4 3 3 3 18 11 9 4 1 1 1 0 0 0 1 1 0 0 0 0 0 0 0 0 0 0 0 0 0 0 0 0 0 0 0 0 0 0 0 0 0 0 0 0 0 1 2 3 4 6 7 7 8 15 13 25
32 22 6 4 5 12 19 29 46 20 10 6 2 1 2 4 2 3 12 51 40 56 36 25 9 2 11 9 2 3 14 7 8 5 2 2 3 8 2 2 3 2 1 2 7 9 12 4 2 1 1 0 0 0 0 0 0 0 0 0 0 0 0 0 0 0 0 0 0 0 0 0 0 0 0 0 0 0 0 0 0 0 0 0 1 1 1 3 2 2 2 2 6 11 14 8
45 34 10 4 1 10 9 16 32 29 7 6 2 2 2 2 1 7 23 43 13 25 34 10 7 5 3 5 6 1 5 8 3 3 1 2 2 2 2 2 3 2 1 1 2 7 12 6 4 2 1 1 0 0 0 0 0 0 0 0 0 0 0 0 0 0 0 0 0 0 0 0 0 0 0 0 0 0 0 0 0 0 0 0 1 1 2 2 2 1 1 3 5 7 7 9
45 31 14 10 2 2 6 11 48 7 7 3 2 1 1 1 1 4 22 12 2 11 58 10 6 6 2 3 2 5 4 3 2 2 2 1 1 0 1 1 2 1 1 1 1 3 11 5 5 2 1 1 0 0 0 0 0 0 0 0 0 0 0 0 0 0 0 0 0 0 0 0 0 0 0 0 0 0 0 0 0 0 0 1 0 1 2 2 1 2 3 2 4 6 8 5
40 30 14 5 5 2 5 6 29 8 2 5 2 1 1 1 1 7 9 4 13 22 44 20 7 3 4 6 2 6 3 2 2 1 2 1 1 1 0 1 0 0 1 2 4 6 8 6 11 6 3 1 0 0 0 0 0 0 0 0 0 0 0 0 0 0 0 0 0 0 0 0 0 0 0 0 0 0 0 0 0 0 0 0 0 1 1 2 3 3 4 3 5 3 7 10
30 18 9 5 4 3 2 3 7 23 5 2 2 1 1 1 1 4 3 5 5 12 40 19 7 8 2 3 3 6 2 1 1 1 1 0 1 1 0 0 0 0 1 6 3 2 6 4 7 7 5 2 1 0 0 0 0 0 0 0 0 0 0 0 0 0 0 0 0 0 0 0 0 0 0 0 0 0 0 0 0 0 0 0 0 0 1 1 1 2 2 7 5 7 17 11
25 19 7 4 3 3 2 2 4 9 8 1 1 1 1 1 1 1 2 3 4 13 47 14 9 3 5 2 2 4 2 0 1 1 1 0 0 1 0 0 0 0 2 4 1 2 3 2 5 5 3 3 1 1 1 0 0 0 0 0 0 0 0 0 0 0 0 0 0 0 0 0 0 0 0 0 0 0 0 0 0 0 0 0 0 0 0 0 1 2 2 4 3 2 4 7
66 37 17 3 2 2 1 2 2 5 8 2 2 1 1 1 1 1 1 1 5 7 30 12 3 2 2 2 2 1 2 1 0 1 0 1 0 0 0 0 1 1 2 1 1 2 1 1 2 3 4 4 4 2 1 1 0 0 0 0 0 0 0 0 0 0 0 0 0 0 0 0 0 0 0 0 0 0 0 0 0 0 0 0 0 0 0 0 1 1 2 5 3 3 4 1
20 55 33 10 3 1 1 1 2 3 16 3 1 1 0 0 0 0 1 1 3 5 14 15 3 2 1 1 1 1 1 1 1 0 0 1 0 0 0 0 1 3 1 0 1 1 1 1 2 3 1 1 2 2 2 1 0 0 0 0 0 0 0 0 0 0 0 0 0 0 0 0 0 0 0 0 0 0 0 0 0 0 0 0 0 0 0 0 0 1 2 2 2 2 3 6
5 51 8 33 14 5 1 1 1 3 6 2 1 0 0 0 0 0 1 1 3 7 6 12 6 3 1 1 1 1 1 1 1 1 0 0 0 0 0 0 1 1 1 0 0 1 0 1 3 3 1 1 1 1 4 2 1 0 0 0 0 0 0 0 0 0 0 0 0 0 0 0 0 0 0 0 0 0 0 0 0 0 0 0 0 0 0 0 1 1 1 1 1 3 4 5
10 11 6 23 8 8 3 0 1 1 3 2 1 1 0 0 0 0 1 2 1 1 12 12 13 6 3 2 0 0 0 0 0 0 0 0 0 0 0 0 1 0 0 0 0 1 0 1 3 3 1 0 0 0 2 1 1 0 0 0 0 0 0 0 0 0 0 0 0 0 0 0 0 0 0 0 0 0 0 0 0 0 0 0 0 0 0 0 0 1 1 1 3 4 5 7
11 8 6 4 5 2 8 1 0 0 1 1 1 0 0 0 0 0 0 1 2 8 12 12 16 6 3 1 1 0 1 1 0 0 0 0 0 0 0 0 0 0 0 0 0 2 1 1 4 3 2 0 0 0 0 0 0 0 0 0 0 0 0 0 0 0 0 0 0 0 0 0 0 0 0 0 0 0 0 0 0 1 1 0 0 0 0 0 1 1 1 1 1 1 2 4
9 5 6 3 4 1 2 3 0 0 1 1 1 0 0 0 0 0 1 2 4 5 10 6 8 8 2 1 1 1 0 0 0 0 0 0 0 0 0 1 0 0 0 0 0 0 0 0 2 3 1 0 0 0 0 0 0 0 0 0 0 0 0 0 0 0 0 0 0 0 0 0 0 0 0 0 0 0 0 1 1 1 1 1 1 1 1 2 1 0 0 0 1 2 3 5
5 6 9 3 1 1 1 1 0 0 0 1 1 0 0 0 0 0 1 3 2 1 5 4 3 5 2 1 1 1 0 0 0 0 0 0 0 0 0 0 0 0 0 0 0 0 0 0 3 1 1 0 0 0 0 0 0 0 0 0 0 0 0 0 0 0 0 0 0 0 0 0 0 0 0 0 0 0 0 0 1 2 2 2 2 2 2 2 1 1 1 1 1 1 3 4
2 1 2 2 1 1 0 0 0 0 0 0 0 0 0 0 0 0 1 1 1 1 3 6 1 1 1 1 0 0 0 0 0 0 0 0 0 0 1 0 0 0 0 0 0 0 0 3 5 0 0 1 0 0 0 0 0 0 0 0 0 0 0 0 0 0 0 0 0 0 0 0 0 0 0 0 0 0 0 0 1 1 1 2 3 2 3 3 2 3 1 1 3 2 2 3
1 1 1 1 1 0 0 0 0 0 0 0 0 0 0 0 0 0 0 0 1 1 0 1 1 1 1 1 0 0 0 0 0 0 0 0 0 0 0 0 0 0 0 0 0 0 1 1 3 0 0 0 0 0 0 0 0 0 0 0 0 0 0 0 0 0 0 0 0 0 0 0 0 0 0 0 0 0 0 0 0 0 1 1 3 3 6 7 4 7 6 5 4 4 3 10
1 1 1 0 0 0 0 0 0 0 0 0 0 0 0 0 0 0 0 0 0 0 0 0 0 0 0 0 0 0 0 0 0 0 0 0 0 0 0 0 0 0 0 0 0 1 0 0 0 0 0 0 0 0 0 0 0 0 0 0 0 0 0 0 0 0 0 0 0 0 0 0 0 0 0 0 0 0 0 0 0 0 0 1 1 2 2 3 12 12 4 12 11 10 6 10
