sesion_6_simulaciones/modelos_agentes/ejemplos_netlogo/scenarios/cgcm2_b2/rob_2057.asc
NCOLS 322 
NROWS 307 
XLLCORNER 451900 
YLLCORNER 4086900 
CELLSIZE 100 
NODATA_value -9999 
[rows 0 to 73 of 307, columns 96 to 191 of 322]
18 2 0 0 11 2 2 2 2 2 6 5 9 22 21 5 11 7 7 2 9 7 5 19 5 3 6 6 9 6 2 2 5 9 4 3 4 8 11 5 3 24 59 66 76 67 77 77 84 74 72 76 52 27 40 41 41 12 26 20 27 13 10 6 27 37 41 6 5 28 38 20 18 23 20 14 17 22 13 57 42 24 35 36 41 26 29 31 42 60 38 28 23 8 17 33
1 1 1 1 1 4 2 2 1 3 3 6 21 30 12 9 3 3 2 4 6 1 2 2 6 3 6 3 4 19 8 3 3 5 2 5 6 8 13 17 22 31 29 24 82 85 84 80 93 73 85 72 30 33 67 18 6 12 7 11 3 14 11 5 12 6 9 36 32 28 16 40 52 28 44 50 56 24 27 32 29 25 39 42 48 33 32 43 49 43 52 41 50 27 34 35
0 0 0 3 2 3 2 1 1 2 2 4 8 10 2 2 5 7 9 10 16 1 3 3 4 4 6 3 7 7 14 12 1 6 19 16 16 22 27 32 42 53 36 43 14 6 17 45 91 80 79 79 34 69 62 56 34 16 11 17 11 46 69 61 71 42 34 53 20 29 23 28 37 38 44 62 71 69 45 32 32 31 45 45 51 41 43 60 39 41 52 41 48 50 37 38
0 0 0 0 0 0 0 3 1 1 1 2 3 6 7 7 8 13 16 12 5 1 6 6 1 3 4 5 5 2 7 7 7 14 20 14 36 34 56 70 76 77 58 20 9 14 5 10 35 14 27 25 13 32 59 16 56 4 7 17 25 48 77 76 78 80 74 33 52 44 43 50 35 35 51 48 52 25 21 31 44 44 58 58 57 44 41 52 38 35 54 55 38 47 31 51
0 0 0 0 0 0 0 3 6 1 4 3 2 3 11 8 6 32 12 5 6 5 5 11 9 5 5 4 3 14 18 13 3 14 30 33 44 59 78 83 84 75 61 32 18 8 13 27 16 12 21 22 5 45 14 30 44 25 5 9 51 68 56 75 58 34 73 41 53 67 52 46 34 30 53 38 42 35 38 42 48 44 79 59 44 47 45 59 43 45 53 66 33 54 57 60
1 0 0 0 0 0 0 1 5 11 2 5 1 4 6 3 13 9 13 9 2 3 9 8 10 4 7 6 2 3 6 16 14 7 36 56 62 76 83 71 78 76 71 43 17 24 16 21 25 20 26 45 8 18 19 40 21 20 15 17 52 57 18 10 15 34 42 15 20 33 12 40 76 58 48 30 35 35 33 52 42 51 56 53 61 48 46 65 61 44 57 43 55 53 71 34
0 0 1 0 0 1 1 1 2 9 8 2 2 2 3 10 4 11 19 12 14 7 3 4 8 7 11 7 4 2 5 20 24 17 33 74 79 79 74 75 75 72 40 22 27 53 29 42 36 35 27 35 28 29 41 28 12 26 34 13 8 10 9 15 7 12 41 61 40 41 16 42 25 12 57 53 50 55 32 51 42 33 41 35 57 59 48 64 62 37 64 54 53 46 31 28
0 0 0 0 0 1 1 0 1 5 28 29 28 10 5 2 3 7 7 8 18 39 8 19 24 11 11 3 6 6 7 9 25 51 36 63 65 74 73 68 62 26 32 25 53 43 36 61 44 42 24 28 46 52 36 35 31 58 65 66 41 16 3 3 16 9 31 18 42 24 33 21 10 25 15 45 56 81 66 32 49 58 40 49 75 53 53 59 64 63 45 36 15 24 25 20
0 0 0 0 0 1 1 0 1 1 4 28 36 56 21 31 4 3 3 14 16 7 8 13 10 4 7 7 5 8 20 16 36 66 75 39 28 36 27 25 38 22 18 32 62 51 28 40 45 35 29 22 75 44 37 52 39 52 17 37 67 47 22 3 16 14 9 10 4 12 39 33 14 16 40 18 26 33 42 68 64 83 53 60 36 25 37 77 47 56 41 75 55 36 26 34
0 0 0 0 0 1 1 0 1 1 3 1 1 1 1 1 6 3 4 5 7 5 9 5 14 10 8 6 10 14 19 51 46 38 58 49 46 44 24 22 12 10 16 34 65 41 18 19 30 39 35 23 33 83 71 70 16 30 14 55 40 45 11 15 3 8 6 4 13 22 22 28 32 26 37 53 20 23 63 68 40 67 53 45 25 33 23 39 39 55 30 46 76 70 29 21
0 0 0 0 1 1 1 1 2 0 1 1 3 2 1 2 7 1 9 3 6 4 6 8 16 4 3 7 16 28 48 52 79 63 40 39 39 57 54 33 19 8 7 11 39 15 15 23 35 27 40 21 38 45 81 65 32 21 29 49 24 25 13 5 9 12 14 6 22 36 35 40 26 18 44 59 40 18 19 55 39 29 51 64 34 37 25 30 68 54 50 41 69 83 59 32
0 0 1 1 1 1 1 3 4 4 1 2 4 7 6 4 4 12 15 7 29 11 3 8 7 9 4 6 11 63 65 56 56 51 40 30 34 53 48 35 19 8 10 19 22 11 12 38 22 27 53 25 37 55 33 48 32 30 41 36 15 14 31 22 11 7 24 22 34 63 71 72 19 31 48 56 40 23 21 61 37 8 37 64 32 41 35 30 54 36 30 37 56 65 65 57
0 0 0 1 1 1 1 1 2 3 4 2 1 1 2 8 13 5 18 15 39 40 7 4 4 6 4 10 23 44 68 46 45 39 40 50 51 21 27 46 17 7 8 25 21 9 19 22 28 41 57 46 44 66 46 38 42 38 50 18 15 18 28 24 13 10 9 23 41 27 50 47 35 27 30 57 28 25 10 21 40 8 47 72 33 37 49 30 22 46 37 17 23 41 58 71
0 0 0 0 0 0 0 0 1 2 4 2 3 3 4 2 15 5 34 10 6 6 24 13 8 5 9 38 41 34 40 42 33 16 17 17 15 11 9 14 16 3 2 2 8 7 13 17 48 63 70 65 49 52 33 49 53 44 39 38 14 11 31 33 24 22 11 13 15 10 4 4 22 32 31 39 28 40 25 15 7 12 25 62 63 32 40 41 26 24 41 22 33 55 77 58
0 0 0 0 0 0 0 0 0 1 2 2 3 3 4 3 2 3 25 13 9 22 28 11 13 10 14 15 37 41 21 13 12 17 23 17 16 13 6 2 13 2 8 5 1 3 12 27 34 65 63 58 48 56 36 63 62 52 51 54 10 29 38 38 24 16 7 10 6 4 4 23 52 45 39 48 47 39 20 21 32 11 30 59 65 32 16 19 24 19 14 12 28 42 53 47
3 0 0 0 0 1 0 0 0 0 0 0 0 1 1 2 4 7 3 1 4 6 3 32 17 21 10 14 13 9 11 27 32 33 22 29 47 43 21 4 5 4 2 5 2 3 2 13 28 33 43 35 33 32 47 33 46 43 56 50 10 26 9 37 53 31 11 12 15 3 10 37 48 52 26 17 29 38 47 41 30 26 28 48 71 83 57 41 20 16 15 8 25 59 51 38
0 0 0 0 0 0 1 1 0 0 1 1 0 0 1 3 4 7 4 7 6 2 4 9 36 20 26 31 57 41 26 15 20 29 29 46 59 57 36 4 9 8 3 5 13 14 13 3 11 19 13 13 9 11 18 40 47 54 57 55 17 36 25 29 42 14 10 11 8 8 11 41 33 45 16 13 24 23 44 36 33 31 35 36 68 85 81 34 21 18 15 11 24 47 59 50
0 0 0 4 4 1 0 1 0 0 1 0 0 0 1 1 4 3 6 7 4 3 5 7 18 22 6 17 16 12 25 24 32 21 52 72 51 56 37 20 29 30 21 21 33 30 33 16 5 2 2 3 2 1 5 43 74 87 64 30 50 34 29 19 32 24 12 22 7 7 44 44 49 40 16 28 51 31 33 40 24 21 15 9 54 61 57 59 37 20 18 11 14 28 32 16
0 1 1 1 0 2 0 0 0 0 0 0 0 0 0 0 1 2 3 1 3 4 4 5 27 43 20 19 14 26 35 41 26 47 54 57 25 27 29 51 39 46 53 62 55 34 42 31 15 10 7 6 9 1 2 7 70 81 54 35 33 41 21 16 26 8 11 13 3 34 62 59 49 51 22 23 49 47 43 69 45 28 15 9 17 40 44 44 43 24 17 15 8 15 52 11
1 1 0 0 0 1 3 0 0 0 1 1 1 1 1 3 1 1 1 2 4 6 8 4 19 17 14 22 26 26 29 58 45 40 41 23 40 42 35 45 67 69 59 32 36 19 30 34 18 14 11 3 6 3 7 5 20 32 44 51 34 20 17 36 32 6 11 36 63 48 64 78 39 72 36 15 42 65 46 64 51 49 34 13 12 35 57 41 52 30 23 12 5 9 35 29
1 0 0 0 0 1 1 1 0 1 1 1 1 0 1 0 0 1 2 2 2 3 3 2 8 18 14 7 7 22 16 15 28 38 52 30 28 43 28 65 37 36 52 36 22 18 19 24 21 10 14 13 4 8 12 9 12 28 48 46 15 15 55 48 28 7 25 36 48 59 47 51 30 37 59 44 27 23 26 63 28 25 40 27 18 8 36 22 50 21 25 11 6 7 10 24
1 0 0 0 1 1 2 3 3 3 6 2 1 1 1 1 1 1 1 5 3 4 4 4 18 11 22 19 10 16 16 26 31 59 59 44 70 36 53 24 40 24 16 15 26 25 43 29 26 10 12 9 9 9 16 12 13 20 43 48 47 14 22 26 16 19 46 12 36 56 60 40 45 21 51 60 37 21 22 73 80 40 17 50 30 7 6 10 41 27 22 21 7 6 6 20
1 0 0 1 3 1 0 1 1 1 0 1 3 1 1 1 1 1 1 4 11 9 10 6 20 6 13 28 14 9 35 56 58 20 10 73 62 30 30 31 39 48 25 13 10 22 16 5 7 6 14 8 9 10 10 11 6 11 22 17 19 20 12 13 15 35 50 7 31 22 47 57 43 16 14 41 39 51 25 44 80 53 40 14 26 10 3 7 38 44 8 26 12 5 7 14
2 0 0 1 3 2 1 2 7 2 5 2 2 13 8 4 3 3 3 19 10 17 14 9 20 18 10 33 35 20 16 16 7 6 7 20 35 42 19 36 34 47 39 33 20 5 3 2 1 1 5 4 2 3 7 3 4 4 5 12 24 20 13 20 43 39 28 13 24 24 24 42 33 32 21 57 56 37 30 14 50 49 29 44 14 8 5 5 5 20 6 12 9 3 3 5
3 2 0 1 4 3 2 1 11 4 1 4 8 10 12 13 31 6 8 7 20 24 44 23 16 19 38 27 54 31 15 10 21 21 13 2 8 37 35 14 27 46 56 57 32 21 14 9 6 5 2 2 1 1 1 1 1 1 7 17 33 21 29 33 18 41 21 27 30 26 19 26 44 48 13 42 48 30 32 19 30 45 19 8 25 12 5 5 3 6 7 7 9 4 2 2
11 5 2 2 7 2 4 1 4 7 6 6 14 21 26 14 29 36 10 12 40 70 72 81 70 63 62 42 61 46 68 68 71 43 18 17 19 14 11 24 46 33 41 46 51 45 37 23 18 14 7 6 5 5 4 4 4 4 14 29 29 25 19 21 18 35 35 45 16 39 16 12 39 27 13 29 26 13 17 14 14 18 38 7 8 4 5 2 2 3 3 5 2 2 1 1
9 5 8 9 9 2 4 3 9 15 13 8 9 38 47 34 37 71 51 69 74 76 80 82 72 79 75 70 75 80 55 25 43 52 43 22 27 22 10 8 31 38 43 59 49 46 44 32 29 23 16 16 15 13 7 12 7 8 16 16 23 16 10 11 10 43 25 40 31 33 9 14 19 23 13 25 21 30 8 12 11 4 14 7 4 8 2 2 0 1 3 2 2 1 1 1
6 12 8 7 11 11 14 9 13 26 24 41 34 43 60 82 76 64 74 35 42 49 63 77 75 70 80 79 80 81 23 15 15 15 31 33 43 24 32 23 23 48 53 45 44 42 33 61 47 30 23 23 20 19 15 15 16 5 9 11 13 8 10 19 34 49 42 23 30 13 14 7 15 15 14 8 8 11 16 7 10 6 9 6 2 7 3 2 0 1 2 2 2 2 1 0
10 21 11 8 16 13 14 15 23 43 60 73 83 84 89 88 77 77 82 65 35 18 49 66 49 45 35 62 65 59 40 9 9 6 8 14 25 22 26 32 13 26 32 33 20 18 11 23 29 29 41 39 25 22 21 30 19 5 7 7 5 12 27 34 41 31 17 17 12 22 17 22 10 9 9 7 6 6 10 7 6 5 4 2 3 2 2 2 1 0 1 1 1 1 0 0
11 25 9 11 35 29 28 45 62 77 86 84 84 87 82 90 76 77 90 44 73 34 21 42 29 18 22 25 26 28 50 31 21 4 8 4 13 11 11 27 23 21 39 15 20 17 8 15 16 9 9 9 8 13 14 6 23 12 8 6 8 14 28 32 32 22 10 21 29 16 17 10 9 6 5 3 3 3 4 4 4 3 1 2 1 1 1 0 1 0 0 0 0 0 0 0
7 32 28 27 38 55 69 77 72 86 80 89 75 88 81 84 61 68 86 74 36 42 22 12 12 9 4 4 14 15 20 62 29 9 11 8 25 49 47 32 31 19 17 9 7 11 11 4 3 4 5 14 24 23 12 12 26 16 22 7 12 16 25 17 28 11 6 12 24 20 13 8 4 6 4 2 1 0 1 1 2 1 1 1 0 1 0 0 0 0 0 0 1 1 1 1
25 43 59 58 77 87 82 84 82 83 78 90 77 79 61 77 60 74 74 77 25 47 46 19 13 3 3 2 5 7 7 15 21 10 11 15 8 17 17 19 14 14 15 23 21 12 13 6 10 10 30 51 45 28 44 8 29 27 6 2 3 10 8 19 12 12 6 3 4 7 6 6 3 1 1 1 2 1 2 3 2 2 1 2 3 3 2 2 2 2 1 1 4 2 1 3
56 69 74 82 81 79 84 81 83 73 89 70 44 60 55 56 62 64 65 72 34 21 29 17 15 9 4 5 12 14 14 26 18 7 22 18 23 23 34 24 38 25 36 35 39 34 24 20 16 21 31 60 66 63 58 28 34 28 14 17 9 2 2 2 3 3 5 3 2 2 2 2 2 4 7 6 10 6 9 4 5 8 3 6 4 13 6 2 4 4 2 2 4 3 2 5
75 83 83 73 82 81 87 74 74 57 72 19 32 24 34 48 48 37 36 59 35 14 7 6 9 13 13 11 16 7 40 45 41 28 38 40 37 31 35 36 36 39 38 37 52 37 43 25 13 46 45 47 62 48 38 32 58 35 28 44 30 19 17 16 14 14 24 13 9 8 9 9 15 15 15 9 16 13 14 13 12 11 10 10 18 11 7 6 5 3 4 3 6 3 9 9
18 27 56 52 71 68 78 74 40 8 4 6 14 10 9 10 12 22 39 55 33 9 12 19 10 11 38 27 40 29 41 42 42 37 36 59 48 26 48 43 41 53 52 50 39 37 44 31 25 37 50 47 60 69 53 54 43 34 41 43 35 38 35 36 36 29 39 26 22 10 19 20 19 19 29 19 19 30 17 26 24 15 17 16 33 12 10 9 8 7 6 5 11 13 12 20
24 15 11 10 7 8 25 28 27 10 6 9 16 15 6 3 3 5 22 28 16 9 38 11 28 39 48 40 52 38 36 31 51 46 29 45 44 28 41 49 40 58 39 36 37 42 57 42 28 33 52 51 31 76 56 69 40 43 52 41 54 40 36 35 35 23 46 28 16 24 24 23 34 23 33 23 23 36 33 33 22 21 31 23 25 16 13 12 10 10 10 9 29 21 15 15
41 57 45 20 19 15 5 10 14 6 12 15 11 6 3 4 1 10 9 14 25 44 50 25 45 40 48 45 36 16 6 18 37 38 29 43 26 33 42 52 57 35 41 35 35 57 47 31 44 42 55 65 43 78 73 39 68 61 55 38 49 42 55 52 37 41 34 32 29 18 27 42 41 27 39 39 29 43 27 36 26 40 38 47 28 16 8 19 15 15 22 25 32 13 33 18
50 37 33 24 13 10 11 10 22 24 26 26 17 5 6 14 15 19 24 35 64 62 61 39 41 32 33 41 40 36 20 17 35 30 45 28 24 34 32 47 21 17 42 48 38 72 44 47 57 35 65 40 72 74 46 57 74 61 38 53 40 53 52 39 27 41 40 34 20 33 53 58 50 32 44 49 48 53 32 30 35 46 45 35 23 13 11 28 24 14 37 41 39 16 9 43
26 38 44 33 35 19 35 27 36 40 42 51 36 25 21 31 19 30 43 51 62 46 24 40 55 35 19 28 42 38 29 17 27 35 18 46 28 56 41 28 33 22 47 32 31 76 55 54 43 35 46 73 69 54 48 44 61 71 41 55 55 64 53 30 54 51 54 38 19 39 52 75 60 44 50 57 58 44 36 26 43 70 59 48 39 16 33 56 38 16 31 59 56 24 13 44
52 60 31 32 20 32 45 33 33 50 47 49 42 38 41 38 38 46 50 50 58 44 39 50 37 25 26 42 31 40 22 32 19 14 41 44 50 33 39 26 29 16 48 15 14 52 55 57 34 42 51 37 72 21 15 12 34 60 33 63 71 57 50 70 56 54 35 16 25 57 64 81 69 52 56 70 78 52 51 29 53 77 53 37 32 24 49 66 44 25 20 70 78 50 28 40
27 40 24 45 31 44 44 44 42 41 55 52 41 39 62 31 37 48 44 44 55 51 30 50 34 34 41 34 35 44 20 35 21 21 20 45 18 29 21 37 28 28 37 20 43 39 70 50 21 38 54 48 49 29 25 16 23 34 26 68 74 64 65 71 32 51 20 19 28 62 75 77 75 59 64 74 84 45 58 29 57 85 61 32 27 34 57 73 53 34 27 63 74 62 23 45
22 35 57 38 24 33 43 32 29 33 59 42 34 50 34 33 22 42 51 33 31 41 47 44 30 31 25 22 22 68 22 40 21 24 27 44 36 28 18 26 18 34 28 22 39 30 47 25 28 19 31 67 50 36 23 25 56 25 31 61 55 60 82 46 56 48 32 34 47 51 75 76 77 48 56 76 63 42 65 36 48 76 64 53 34 38 64 76 57 44 32 49 70 48 37 50
14 13 34 16 12 10 28 23 16 24 28 29 25 36 33 28 30 30 40 35 28 17 29 39 37 32 37 20 17 25 35 51 21 16 26 45 22 12 16 27 17 33 23 22 31 31 37 18 16 16 17 46 13 19 28 26 45 19 38 49 41 64 33 49 74 38 35 40 58 50 65 84 63 37 59 77 64 46 68 44 52 74 50 47 48 36 38 75 75 46 31 52 71 50 35 53
3 8 5 6 8 8 18 25 10 25 23 32 33 23 21 32 24 24 27 35 17 15 14 33 35 23 35 12 17 32 26 33 10 14 25 17 14 22 17 31 39 14 18 35 28 15 9 42 12 11 10 22 6 13 17 40 37 52 42 25 22 17 39 71 33 42 56 32 44 50 48 73 36 33 53 72 46 48 62 29 63 67 44 48 51 55 25 36 78 44 36 46 71 61 51 43
2 2 3 4 9 3 7 6 10 15 14 27 21 19 21 22 20 15 16 23 25 12 29 21 31 26 22 20 4 14 29 40 3 8 11 33 10 6 10 13 39 16 13 7 9 14 15 3 10 17 12 29 20 11 20 23 56 42 29 55 41 21 54 31 52 62 28 33 36 54 29 67 24 29 40 65 35 62 62 30 47 49 36 62 64 61 36 35 74 55 35 50 58 40 50 39
1 1 2 3 6 2 7 6 8 11 15 29 17 10 12 17 20 30 15 7 8 7 36 5 14 22 18 13 5 10 11 10 2 2 17 4 3 2 14 4 27 11 12 7 12 13 11 36 51 65 57 36 44 36 21 36 45 29 31 36 26 32 44 21 55 28 31 33 37 58 25 47 28 46 21 40 27 55 38 29 58 33 34 47 67 33 46 28 51 41 46 37 68 71 73 61
1 1 2 1 1 7 1 2 5 7 13 16 9 17 5 20 5 18 13 6 4 10 14 12 12 15 13 15 3 3 2 6 8 11 5 3 7 9 12 10 11 13 19 31 14 54 25 72 42 49 31 31 47 62 71 48 47 13 21 41 28 33 10 16 38 26 26 32 42 50 54 45 47 38 26 60 25 58 24 25 66 25 61 56 67 40 52 40 40 63 56 69 70 74 79 89
0 1 0 0 1 2 7 1 4 3 2 4 2 8 5 10 7 14 12 14 9 12 11 16 4 4 8 5 8 10 2 1 4 5 28 35 20 24 46 65 37 43 41 69 43 29 61 69 25 57 39 31 43 66 59 45 51 55 43 66 49 61 60 29 37 42 49 44 33 42 59 55 48 75 78 75 77 87 81 59 64 71 74 70 34 85 85 72 66 34 54 42 54 79 58 66
0 0 0 1 4 14 3 2 1 0 0 1 2 7 7 8 7 14 7 7 8 9 8 15 9 5 2 2 3 2 2 4 4 1 3 27 39 8 14 51 51 54 33 70 79 32 34 48 61 51 63 16 26 68 72 34 79 67 84 79 39 62 45 50 42 58 46 68 68 15 25 66 68 30 60 78 51 74 55 81 46 69 81 69 46 83 74 63 87 80 64 37 52 66 48 35
0 0 0 0 0 1 0 0 0 1 2 2 7 5 3 6 3 9 4 4 7 5 8 9 6 4 1 2 6 8 4 1 2 2 2 6 10 5 8 28 45 18 61 77 60 21 40 27 46 46 62 25 30 57 54 71 58 49 69 78 46 14 29 65 63 71 65 57 60 64 20 61 79 36 61 82 28 21 35 85 79 52 46 58 67 74 71 79 88 78 49 69 33 28 63 70
0 0 0 0 0 1 1 0 0 1 1 3 2 4 2 5 4 4 3 3 2 5 6 3 5 5 0 1 2 4 3 2 5 2 2 2 5 30 13 42 21 43 33 36 77 53 30 18 40 42 50 55 26 66 68 88 45 72 89 87 72 16 48 56 59 82 73 79 53 79 40 31 70 38 63 82 48 39 26 72 62 69 17 18 31 70 78 72 80 67 29 73 49 36 52 63
0 0 0 0 0 0 1 1 1 1 1 3 2 1 3 6 3 4 1 2 4 4 2 2 2 2 0 1 1 3 3 2 2 2 4 6 5 9 37 71 35 59 33 59 58 69 36 35 55 51 82 84 47 68 86 92 62 85 90 81 73 39 73 79 59 51 43 33 60 83 46 28 53 28 65 71 87 43 52 84 63 75 68 28 26 46 67 62 60 44 65 88 50 32 19 20
0 0 0 0 1 0 0 1 0 0 1 1 1 1 2 4 6 2 2 3 1 2 1 1 2 3 1 1 5 6 11 6 6 9 15 19 13 18 57 45 52 27 21 69 71 44 27 24 39 54 75 69 69 49 75 91 66 71 82 77 83 75 77 87 42 48 57 36 61 77 73 47 14 34 78 77 82 73 41 86 43 65 77 49 29 25 57 46 49 23 76 87 68 47 47 18
2 0 0 0 0 0 0 0 1 1 2 1 0 1 1 3 2 1 1 1 2 1 1 0 1 2 2 10 28 4 4 4 23 19 20 20 8 24 40 40 67 35 56 32 84 36 41 35 20 40 70 65 47 25 27 64 69 78 84 82 91 78 80 79 77 53 60 45 51 61 83 61 31 29 64 77 83 82 59 72 66 61 66 79 46 28 18 21 19 35 74 53 78 51 44 25
0 0 1 0 0 0 0 0 0 0 1 1 0 0 2 1 1 1 1 1 2 1 1 2 0 1 1 1 8 3 3 20 11 13 37 23 13 8 3 19 22 15 5 5 29 31 69 57 22 14 37 17 28 15 12 21 22 59 65 64 71 75 68 65 88 52 52 43 15 69 92 47 32 27 69 60 60 67 39 51 54 24 67 80 67 43 12 13 15 25 16 39 82 49 31 35
0 0 1 1 3 0 0 0 0 0 1 0 0 0 1 0 0 1 1 0 3 1 1 2 6 17 3 3 4 4 7 8 25 34 28 20 20 26 11 6 11 28 13 6 12 19 30 42 41 15 19 14 30 16 19 36 27 16 27 47 46 22 33 67 91 74 41 44 53 76 88 57 24 15 28 41 63 48 59 64 53 16 51 67 80 32 20 10 33 39 22 41 89 63 56 55
0 0 0 2 2 3 1 0 2 0 1 0 0 0 0 0 0 0 0 2 0 6 2 2 12 21 12 2 2 11 11 8 21 31 13 7 29 32 11 11 12 40 23 14 21 19 21 17 18 9 17 41 48 44 38 36 26 20 17 12 4 2 13 77 80 78 55 28 33 71 81 75 65 28 17 40 56 41 42 28 51 36 24 71 74 60 24 14 35 29 50 81 82 83 66 59
1 2 3 1 1 3 6 0 0 0 1 6 1 0 0 0 0 1 0 0 0 1 1 1 6 13 5 16 17 28 10 8 32 16 26 29 22 37 19 26 21 34 35 21 11 36 21 26 19 7 16 54 63 69 65 56 42 37 33 29 33 29 30 51 53 65 56 22 11 43 43 77 78 37 18 45 54 40 23 38 65 32 22 20 73 76 25 11 39 50 49 72 48 78 47 26
0 0 0 2 3 2 1 0 1 1 5 7 7 2 3 3 0 1 0 0 0 0 1 1 2 3 8 18 24 14 9 12 9 5 35 36 12 16 26 45 31 39 31 24 9 15 48 38 26 16 14 35 74 74 73 73 59 59 51 51 75 77 80 70 58 56 46 29 12 8 35 48 80 63 56 19 38 46 24 5 18 26 31 41 61 76 41 19 10 29 33 29 73 75 87 54
0 0 0 2 8 8 28 2 4 1 2 1 6 8 4 2 2 0 0 0 0 1 1 1 4 2 6 8 8 6 4 18 34 23 40 27 24 35 53 28 47 44 24 30 37 37 49 50 36 26 15 20 42 69 66 75 74 72 52 42 34 47 56 60 70 67 70 59 37 3 11 46 53 63 56 48 29 14 19 17 44 33 14 24 22 62 61 17 7 16 23 29 24 66 56 70
6 2 1 1 1 9 3 1 1 11 2 3 1 2 1 1 2 0 0 0 0 0 1 4 10 2 6 13 12 19 20 48 30 18 22 32 22 24 17 8 15 51 63 41 61 47 40 38 39 39 34 16 12 15 50 51 46 66 68 60 54 48 34 38 41 59 66 66 62 53 37 58 51 69 39 39 28 18 27 18 15 15 9 31 24 60 69 14 5 21 30 21 23 23 56 70
7 8 6 1 1 7 20 11 2 2 2 2 0 1 1 1 1 2 0 1 1 2 1 7 4 6 2 4 4 5 3 7 7 22 19 20 23 26 31 30 19 7 20 65 66 76 66 50 45 23 33 31 22 11 18 30 25 19 32 38 43 56 56 44 24 26 50 62 61 46 54 72 50 72 57 38 34 34 19 10 11 21 10 14 25 17 52 23 5 11 24 27 12 9 51 69
2 2 34 11 3 9 3 22 13 7 8 1 0 3 1 4 2 3 1 1 0 2 4 3 3 4 5 20 12 7 10 21 15 18 24 40 40 46 41 46 48 39 21 14 12 58 66 61 42 29 22 31 21 11 4 4 4 5 5 5 9 24 20 28 30 15 14 23 25 21 48 50 47 44 39 42 47 43 24 25 21 17 9 8 32 41 24 34 8 3 16 23 14 33 75 27
2 2 10 4 4 3 1 0 31 46 44 32 2 6 2 1 1 6 1 2 1 1 2 2 8 3 9 13 7 9 20 28 15 18 25 36 34 44 40 43 46 40 55 48 46 29 14 10 35 36 42 14 12 7 11 18 17 17 16 13 12 4 3 4 5 4 3 3 3 13 19 33 27 24 19 13 13 34 26 23 16 8 20 16 17 28 22 39 20 4 3 15 41 72 37 68
5 4 7 39 15 4 4 2 2 52 4 5 6 3 4 5 4 0 1 3 0 0 0 3 4 4 3 3 3 4 4 5 12 18 21 24 43 53 38 49 55 59 55 54 56 42 37 33 21 12 10 7 8 22 26 38 37 36 33 39 14 4 4 13 13 22 9 11 3 2 5 13 10 7 7 7 8 13 18 31 26 7 6 7 8 9 16 28 34 8 3 15 72 40 37 46
7 5 10 20 11 14 22 3 1 1 1 1 1 2 3 24 2 3 3 5 1 0 1 1 1 1 4 4 7 5 4 6 8 14 27 31 35 35 34 55 55 41 36 38 44 33 30 41 33 28 31 32 34 47 45 43 56 57 54 43 19 15 17 28 26 17 21 9 3 3 3 1 1 1 1 1 4 3 1 3 6 3 3 2 3 3 10 17 16 8 3 43 39 18 55 44
19 10 5 2 18 16 53 24 17 14 8 4 1 2 13 6 30 19 6 5 13 7 6 1 0 1 2 3 2 3 3 9 16 8 3 11 35 38 23 22 35 45 33 25 35 28 38 40 45 39 46 30 33 48 60 61 60 62 67 53 29 27 40 37 46 46 43 28 11 8 2 1 1 1 2 5 14 8 5 4 3 2 1 1 1 2 3 6 17 16 5 53 10 6 39 51
18 17 15 26 15 23 15 9 10 42 10 21 3 7 12 24 50 29 10 8 17 3 3 4 2 2 3 1 2 2 11 2 3 4 9 12 31 52 45 53 49 38 48 38 46 38 42 44 48 29 58 49 47 42 58 62 78 76 72 55 26 50 46 59 57 71 58 44 30 12 9 9 9 12 15 25 30 21 11 10 15 16 7 3 4 2 1 2 4 21 11 37 6 7 41 65
21 21 6 5 23 16 52 35 19 18 32 45 23 9 18 55 56 23 8 22 3 14 2 3 2 1 0 6 1 3 2 1 1 10 7 12 18 29 41 44 49 33 34 38 40 43 47 61 51 39 47 62 45 48 64 73 80 70 55 44 42 53 64 64 63 78 69 52 37 18 28 28 27 33 34 34 46 31 27 28 26 23 12 16 14 5 4 1 2 7 6 7 7 4 13 28
19 29 20 6 40 39 50 40 70 45 30 13 7 42 47 40 33 17 13 51 5 26 3 3 3 2 2 6 8 1 1 2 3 9 10 15 20 43 26 47 53 39 19 41 39 40 49 67 56 32 34 63 57 48 62 78 75 60 44 33 36 67 64 66 80 76 63 54 27 21 36 33 37 47 48 61 59 57 38 40 51 36 33 38 26 19 7 2 1 4 4 8 6 2 6 13
21 6 22 9 4 50 27 18 33 57 45 34 6 28 63 33 5 11 32 48 6 40 5 4 13 9 2 6 11 19 4 1 3 3 10 8 6 9 17 16 40 26 37 36 40 24 59 40 61 30 65 53 52 42 70 83 61 55 37 48 49 62 59 73 81 73 63 59 32 48 59 58 38 57 68 65 66 56 47 54 64 55 44 47 18 9 3 2 1 1 1 4 4 1 3 2
17 17 12 22 6 13 51 65 65 42 20 23 9 16 42 53 17 32 70 43 12 44 8 5 4 9 5 15 12 3 11 20 4 4 4 8 3 8 6 17 24 21 23 41 31 29 33 41 24 30 79 29 49 39 76 52 48 55 34 43 43 56 69 79 63 72 60 44 37 53 64 64 42 65 62 72 75 62 54 59 75 59 55 28 10 12 8 10 7 2 0 0 2 1 1 1
29 16 21 15 20 19 29 45 37 53 54 27 56 13 6 4 39 83 72 35 36 19 18 22 24 9 4 10 16 15 11 2 4 2 4 1 2 4 5 25 11 22 26 26 16 19 18 24 34 44 21 17 44 63 38 53 42 30 35 34 32 51 80 65 67 52 37 41 56 68 66 66 57 67 48 55 66 44 56 62 76 42 24 20 25 26 33 17 10 3 2 0 0 1 1 1
30 27 23 20 52 30 59 79 45 36 34 52 59 61 7 2 12 17 15 6 20 36 25 10 7 10 8 10 10 7 2 0 2 5 0 2 3 4 8 8 8 6 21 5 7 5 8 30 6 7 12 19 27 46 34 33 17 23 45 44 35 72 65 66 59 63 44 40 52 68 64 51 54 67 50 28 76 56 60 77 45 44 36 39 62 63 34 14 10 7 3 2 1 0 0 0
