sesion_6_simulaciones/modelos_agentes/ejemplos_netlogo/scenarios/cgcm2_b2/rob_2024.asc
NCOLS 322 
NROWS 307 
XLLCORNER 451900 
YLLCORNER 4086900 
CELLSIZE 100 
NODATA_value -9999 
[rows 148 to 221 of 307, columns 0 to 95 of 322]
1 25 25 20 32 48 42 28 10 5 8 64 61 65 58 63 77 65 51 66 38 51 18 9 1 2 1 4 2 1 5 1 2 5 3 7 3 7 5 6 25 26 22 17 27 13 29 28 17 30 17 18 28 12 20 35 30 15 10 27 41 42 33 24 36 52 56 37 44 74 66 63 37 45 65 73 19 14 14 27 26 18 8 10 33 24 6 3 16 12 9 11 21 20 9 20
11 25 32 41 46 58 43 56 53 14 17 38 53 74 73 73 83 52 65 64 63 52 18 31 8 2 2 1 1 2 16 11 1 4 2 2 3 7 5 9 15 11 5 13 26 67 36 27 12 14 10 26 28 24 7 7 8 5 30 26 24 59 37 28 39 63 61 60 61 68 42 21 15 46 33 23 51 10 10 30 25 14 17 11 4 26 8 5 4 6 2 14 7 20 10 3
6 4 12 42 33 62 55 17 33 43 21 25 79 81 79 51 83 69 72 77 61 32 24 14 20 10 2 6 4 5 2 16 6 12 17 15 4 12 15 13 8 7 15 44 57 37 23 18 14 13 14 17 17 16 28 20 28 29 31 33 48 61 35 33 63 63 72 73 53 15 56 34 30 38 55 18 20 6 2 7 15 14 10 17 6 6 19 10 4 5 3 2 4 5 7 2
2 5 11 7 9 8 8 11 16 13 32 13 35 67 65 55 78 74 71 26 12 16 33 33 47 30 12 4 5 1 3 6 47 33 36 46 61 12 7 14 32 33 59 51 18 18 9 18 11 8 21 18 19 16 20 16 37 40 42 45 65 59 56 41 61 74 66 50 74 41 20 53 55 22 23 8 18 33 13 5 6 12 11 6 8 4 5 19 10 4 3 2 1 4 5 4
27 8 6 6 11 9 13 20 21 27 15 37 17 11 8 9 12 11 18 27 21 55 60 49 69 29 57 19 18 18 11 12 33 4 1 1 10 57 8 6 27 19 28 34 28 41 40 49 24 12 20 21 26 21 7 22 28 62 39 62 60 66 74 88 86 73 69 42 40 84 40 33 29 32 14 4 7 7 24 14 6 7 12 9 5 6 4 4 13 3 2 2 1 1 2 2
34 28 24 15 18 11 13 26 4 12 37 26 21 29 19 19 12 29 43 57 83 65 82 57 56 34 27 29 18 48 31 4 2 5 6 1 5 7 31 8 3 64 16 18 24 16 7 15 32 19 31 38 35 25 10 15 25 49 72 61 80 69 80 79 79 76 68 23 32 68 72 49 28 16 22 11 8 6 10 7 11 7 5 8 5 4 3 3 17 7 1 1 1 0 2 2
64 36 59 43 34 36 46 11 16 11 16 21 23 51 47 18 8 23 57 62 74 86 72 84 65 58 63 60 31 36 65 50 21 4 8 9 19 16 15 31 5 44 24 17 34 5 10 15 10 31 39 50 59 44 43 22 31 49 65 69 53 40 75 76 73 65 61 46 29 43 76 22 23 13 9 6 10 4 11 21 7 9 7 3 3 2 2 2 4 2 5 1 1 0 0 1
68 57 69 49 55 45 37 47 14 11 22 14 56 38 17 38 27 19 17 58 71 63 60 69 49 52 62 58 33 11 31 70 72 50 39 16 20 25 24 33 15 37 70 30 33 18 9 9 10 17 15 18 34 11 15 43 34 60 46 27 25 26 30 51 52 21 29 16 43 55 47 41 18 12 14 5 5 7 7 13 9 4 6 5 2 2 2 2 2 1 2 3 1 1 0 0
38 61 58 76 79 52 31 74 23 11 22 22 20 22 44 46 31 46 32 18 21 54 63 22 40 67 44 75 47 11 11 12 48 72 58 36 26 23 19 28 25 38 73 24 34 33 24 32 35 37 35 39 27 26 33 27 44 73 58 55 55 50 24 14 7 22 16 21 15 27 27 41 44 17 7 4 5 6 7 9 9 14 3 4 2 1 1 1 1 2 1 0 3 1 0 0
64 79 66 84 69 30 64 80 35 35 41 18 47 70 53 34 54 39 33 22 26 25 17 52 41 19 33 62 73 34 26 17 13 63 55 55 61 53 51 60 52 31 70 75 39 32 41 45 43 43 53 63 34 50 56 29 25 47 58 44 39 25 13 22 20 6 3 12 26 27 30 36 15 15 6 5 7 6 9 5 6 4 6 2 1 1 0 0 0 0 1 1 1 1 0 0
44 81 41 80 43 68 73 73 21 47 54 31 22 17 34 37 42 68 60 71 30 20 27 22 28 28 44 82 41 79 34 45 37 57 25 50 52 79 56 45 53 28 50 73 80 43 37 32 59 42 41 33 27 51 56 30 45 75 74 74 38 48 50 37 31 13 11 14 17 17 15 22 14 7 12 3 5 8 6 6 3 2 3 3 1 0 0 0 0 0 0 1 1 1 1 0
16 71 55 68 65 73 70 28 39 64 60 45 40 24 22 14 18 30 30 67 43 15 24 24 65 68 65 71 34 74 75 27 28 36 60 70 58 81 88 55 50 20 28 66 76 69 63 45 58 22 16 24 58 56 47 40 44 34 28 29 24 39 55 46 42 25 22 19 12 12 14 12 8 10 2 4 4 5 3 2 2 1 1 1 2 1 1 1 1 0 0 0 1 1 0 0
17 16 12 53 68 68 27 32 72 44 63 75 59 45 28 33 39 36 44 23 32 51 44 18 53 56 67 75 72 41 83 80 37 18 33 75 74 62 59 64 70 23 29 67 83 85 54 48 52 48 37 28 77 43 83 86 85 74 82 72 51 29 34 29 26 22 21 20 14 8 8 10 7 8 3 6 2 2 2 3 1 1 1 2 1 1 1 1 0 0 1 0 0 0 0 0
18 60 37 28 19 44 36 76 78 52 50 66 38 54 20 39 32 33 42 28 34 36 37 17 62 72 64 85 78 60 73 84 78 45 38 12 30 60 44 24 34 24 17 81 83 81 67 70 61 69 88 92 81 53 45 79 74 41 43 62 58 34 44 31 26 17 14 20 13 5 6 5 5 5 3 3 3 3 1 1 1 1 0 1 1 0 1 0 0 0 0 0 0 0 0 0
49 53 37 56 45 21 50 81 73 77 15 51 66 65 75 41 57 30 25 23 25 13 40 60 82 61 84 89 74 74 52 66 79 53 51 28 59 76 83 81 63 52 35 48 82 69 61 88 61 66 84 83 89 62 43 83 88 62 45 32 69 65 23 47 28 22 11 10 8 6 7 5 4 3 2 2 2 1 1 0 0 0 0 0 0 0 0 0 0 0 0 0 0 0 0 0
40 37 63 40 33 13 45 64 49 80 33 42 72 58 72 55 30 48 39 54 56 57 18 50 64 73 82 83 61 82 65 80 67 69 67 74 67 76 81 74 18 60 67 37 17 48 60 82 65 56 76 72 75 80 43 56 74 90 64 44 50 30 28 24 27 31 25 17 9 4 7 3 2 1 1 1 1 1 0 0 0 0 0 0 0 0 0 0 0 0 0 0 0 0 0 0
29 23 13 31 43 41 16 78 32 30 32 48 57 16 43 59 36 43 36 65 64 39 35 16 46 81 73 82 64 84 67 67 58 46 60 66 78 70 72 79 74 55 25 23 11 15 56 75 57 27 40 69 76 81 77 81 83 77 85 44 29 31 26 31 24 19 26 8 5 7 3 2 1 1 0 0 0 0 1 1 1 0 0 0 0 0 1 1 1 0 1 1 1 1 1 1
18 32 48 39 23 17 17 34 42 41 62 54 64 63 31 49 42 58 24 19 35 67 44 24 12 25 28 65 62 35 15 16 13 28 26 20 60 39 43 59 63 56 48 22 8 15 60 63 52 41 32 25 50 79 76 69 56 54 74 71 27 17 22 21 20 16 7 8 4 2 2 2 1 1 1 0 0 0 0 0 0 1 1 1 2 3 3 3 1 1 1 3 3 4 4 1
34 23 19 17 31 23 26 18 20 20 37 67 64 70 22 21 29 61 63 44 33 27 44 14 28 39 32 29 19 27 41 31 41 38 58 27 22 20 18 20 17 35 28 15 15 22 49 54 61 40 37 33 9 41 39 47 44 58 35 48 39 16 32 28 20 10 8 4 4 2 2 2 1 0 1 1 0 0 0 1 3 4 2 4 6 7 6 9 5 6 17 16 6 10 4 2
22 24 30 54 44 45 37 31 37 37 46 11 17 23 34 46 33 18 62 64 54 28 25 9 27 59 59 48 34 38 56 62 33 62 29 24 25 32 33 30 21 13 21 22 36 38 57 55 62 50 33 17 19 15 22 44 18 12 9 29 15 18 16 8 11 5 3 4 3 1 1 1 1 1 1 1 1 0 3 4 9 10 9 13 15 29 24 13 12 15 4 1 2 2 2 6
30 35 51 33 28 37 39 26 44 63 19 27 48 46 29 48 12 17 21 25 35 21 17 16 33 32 52 46 64 28 57 47 40 45 29 26 36 60 30 58 37 19 13 13 16 25 36 47 42 43 27 41 36 23 26 25 23 15 18 19 32 23 12 3 4 4 3 1 1 1 1 4 4 2 2 3 1 2 6 18 33 24 26 46 35 27 28 16 20 15 5 1 0 0 1 4
48 66 62 66 33 28 33 31 47 55 32 34 49 48 45 26 32 27 40 39 26 30 33 19 34 31 31 54 28 37 50 48 51 38 28 30 26 51 27 60 42 33 28 10 7 5 22 22 61 63 37 29 57 28 13 30 33 38 31 20 21 9 5 3 3 2 1 1 2 2 5 9 12 4 6 6 3 7 25 32 51 69 26 53 29 23 15 15 13 9 5 3 1 0 0 1
18 15 11 14 20 21 48 49 61 38 42 21 38 54 24 11 19 20 26 22 12 10 9 19 29 26 25 32 42 47 41 40 25 32 22 10 34 28 47 60 39 40 55 29 31 15 10 21 21 51 32 41 29 12 13 22 22 16 10 5 4 2 1 1 1 0 2 6 12 9 16 25 22 12 20 12 5 15 40 46 75 50 27 19 9 1 2 6 2 3 2 1 1 0 0 1
25 36 26 44 39 45 32 49 41 36 15 20 31 41 50 44 46 21 17 15 21 6 9 27 59 49 31 28 44 26 20 37 67 38 21 11 33 20 58 24 56 36 46 41 25 14 19 21 12 27 36 25 11 15 12 10 23 8 4 3 2 5 5 7 3 5 10 21 23 23 23 35 21 21 23 18 15 31 50 63 59 36 14 9 5 2 2 2 3 1 1 1 0 0 0 0
20 18 19 42 60 22 27 34 30 38 32 24 48 31 61 45 34 53 42 30 56 25 31 22 50 62 37 59 22 28 40 26 53 52 26 18 24 33 39 20 28 28 42 46 19 30 20 12 13 18 18 21 16 15 12 9 4 2 2 9 8 17 15 16 10 12 25 33 50 52 34 48 46 41 27 37 45 55 58 54 40 46 20 8 4 3 2 1 4 2 1 0 0 0 0 0
26 16 29 46 29 29 27 43 49 38 49 56 50 38 30 27 63 61 39 41 42 31 50 28 35 55 67 45 25 25 17 19 18 17 31 39 11 15 46 43 42 48 38 27 36 26 25 22 13 17 19 19 28 17 8 5 6 8 14 27 25 24 35 23 18 33 39 43 60 46 51 62 72 38 42 52 62 68 73 45 14 9 9 10 5 2 1 1 1 1 0 0 0 0 0 0
20 28 39 35 18 58 43 35 60 67 75 69 62 67 41 20 24 41 38 46 14 36 63 34 42 33 56 69 45 60 41 34 27 29 47 58 23 36 48 58 50 14 16 27 21 25 13 11 18 24 22 36 22 13 17 9 14 16 35 34 31 30 44 31 29 41 52 39 68 64 52 77 62 47 57 76 62 63 24 70 37 30 9 5 4 2 1 2 0 0 0 0 0 0 0 0
20 25 36 27 18 17 25 34 29 38 54 71 50 53 64 24 35 32 24 23 25 59 63 45 27 35 20 44 30 37 29 29 43 41 58 50 29 45 58 56 45 24 11 10 19 19 22 35 21 21 36 22 16 31 16 14 23 41 44 54 47 45 45 36 37 67 70 57 74 73 72 72 84 82 54 58 62 61 21 13 26 34 15 9 2 1 1 1 1 0 0 0 0 0 0 0
21 24 50 21 34 14 21 17 33 41 19 23 20 20 30 43 41 36 63 31 46 62 43 57 19 56 30 58 26 22 35 40 41 37 47 39 39 34 50 53 43 21 8 17 21 21 28 27 26 26 26 38 25 19 18 31 43 43 42 49 47 36 57 51 56 74 72 70 66 83 75 69 63 72 27 24 14 35 42 19 8 17 8 4 2 1 2 0 0 1 0 0 0 0 0 0
25 49 41 67 11 61 50 8 36 29 43 27 56 32 44 38 43 33 32 35 24 50 28 42 34 29 35 35 20 42 43 36 39 41 42 29 36 27 37 55 39 33 33 40 48 22 32 23 41 49 46 56 40 25 39 42 46 58 41 47 65 51 66 70 62 73 56 74 38 55 80 78 74 57 71 53 34 11 7 13 7 4 9 6 4 3 2 3 1 0 0 0 0 0 0 0
65 42 19 30 52 29 15 36 39 46 29 49 27 26 57 33 35 8 31 40 36 14 29 39 29 21 30 11 21 13 17 34 32 62 22 25 24 38 38 16 25 39 17 24 21 31 15 31 47 61 53 51 43 42 40 59 50 61 58 51 59 68 62 67 66 74 55 50 74 37 71 73 51 67 73 78 58 50 41 22 14 8 3 1 2 3 1 2 1 0 0 0 0 0 0 0
44 75 38 43 13 24 20 36 31 35 57 21 30 52 55 62 63 23 27 53 33 23 10 19 39 15 22 18 16 10 13 37 41 37 17 23 24 24 55 35 24 36 19 59 31 29 35 26 54 61 47 43 44 43 42 46 68 61 57 73 73 82 69 58 66 31 45 38 40 47 33 59 38 46 64 68 70 81 58 38 35 34 29 11 2 1 1 1 1 0 0 0 0 0 0 0
19 27 19 18 39 48 29 27 37 46 49 27 43 26 16 19 14 21 26 39 55 20 31 19 25 16 16 8 12 20 24 35 23 22 23 17 24 43 51 37 23 20 37 62 19 48 35 39 49 70 40 44 44 43 43 49 65 72 60 70 82 56 43 71 71 63 47 24 17 6 12 13 20 22 44 54 47 54 57 32 50 31 19 5 3 3 2 1 1 0 0 0 0 0 0 0
18 21 37 27 27 43 41 26 13 42 8 13 27 28 60 27 47 21 24 24 40 25 19 24 20 22 29 14 12 14 27 17 20 33 7 8 17 51 30 26 16 30 33 50 42 35 41 47 59 52 35 53 42 43 55 42 67 79 81 61 69 73 32 17 15 23 28 44 34 23 10 7 3 9 17 34 25 46 64 20 31 47 17 8 4 2 1 1 1 0 0 0 0 0 0 0
14 51 30 16 17 26 25 20 12 13 17 20 18 39 37 25 33 38 35 33 24 49 18 39 20 24 40 9 11 20 10 15 34 19 22 34 36 57 11 10 22 42 39 51 43 33 38 41 49 34 57 68 55 60 60 56 66 67 66 45 47 60 32 30 56 69 73 56 50 33 26 30 7 2 4 18 15 35 54 34 16 15 13 7 3 3 2 1 1 1 0 0 0 0 0 0
16 29 24 25 22 23 23 15 7 4 9 18 31 13 22 30 26 40 19 12 9 11 18 11 9 34 25 12 21 15 10 11 27 15 6 14 26 31 22 23 29 34 57 61 30 35 46 42 55 53 71 79 62 80 74 85 73 65 72 44 33 15 63 55 23 49 69 56 60 58 52 28 10 8 3 3 4 9 31 11 7 3 2 4 1 2 1 1 1 1 1 0 0 0 0 0
33 5 11 24 6 16 8 2 4 2 3 3 5 10 29 12 9 14 25 13 11 6 7 9 5 10 8 12 21 10 3 5 5 11 13 9 30 22 14 24 35 56 75 85 76 73 61 62 57 34 77 51 84 75 66 72 44 52 70 77 31 27 23 75 36 29 47 63 50 42 62 56 54 24 13 3 1 1 1 1 1 1 1 2 2 1 1 0 0 1 0 0 0 0 0 0
2 4 10 5 6 5 4 1 1 5 17 1 3 5 6 15 12 10 15 10 10 9 10 11 3 4 8 10 6 3 1 2 3 24 48 48 59 70 78 79 77 86 66 86 78 84 78 30 61 70 41 38 62 62 67 70 46 72 75 60 55 39 17 47 72 27 9 25 52 67 51 45 18 15 18 12 4 1 2 0 1 1 1 1 2 1 0 0 0 0 0 0 0 0 0 0
2 3 6 2 2 1 7 29 44 11 16 17 30 4 2 9 8 4 6 5 5 2 3 2 4 3 14 17 19 3 1 5 6 4 11 47 63 72 72 75 69 79 67 67 80 83 82 49 37 42 82 61 29 56 25 36 34 71 84 68 51 45 30 25 79 38 34 14 28 43 68 14 7 11 11 17 11 6 5 2 1 1 0 0 1 1 1 0 0 0 0 0 0 0 0 0
5 7 7 10 11 23 37 20 25 28 30 13 18 13 7 4 3 2 3 3 1 2 18 14 32 31 11 6 18 4 2 20 14 8 12 15 24 67 69 77 62 47 48 48 68 82 88 88 41 42 60 65 46 26 48 18 48 57 77 73 24 35 28 15 76 53 22 18 14 56 59 69 28 18 11 6 4 2 1 2 3 2 1 0 0 0 1 0 0 0 0 0 0 0 0 0
17 21 11 46 31 38 44 56 57 54 31 25 35 14 11 3 2 3 1 3 2 2 1 3 6 12 29 23 7 7 7 7 13 23 5 14 34 53 60 69 66 39 27 39 54 80 86 82 88 84 36 47 41 38 21 16 30 52 69 73 26 26 31 24 46 82 51 27 12 6 8 22 10 10 6 13 7 2 1 1 1 1 1 1 0 0 0 0 0 0 0 0 0 0 0 0
18 33 39 47 55 50 64 46 72 61 38 62 48 22 53 36 31 13 5 1 1 1 1 1 2 5 9 32 4 4 9 5 23 17 27 24 19 17 9 6 55 60 24 42 34 42 64 67 83 87 81 52 50 62 35 40 25 58 72 61 63 21 37 27 16 72 83 53 30 9 4 5 20 12 6 5 6 6 2 1 1 1 1 1 1 0 0 0 0 0 0 0 0 0 0 0
3 6 13 52 68 55 81 79 80 78 67 69 45 64 76 64 41 19 31 11 6 3 4 5 5 14 31 9 8 9 7 20 39 21 28 37 30 26 20 18 16 28 26 27 19 37 70 46 67 79 88 57 45 41 50 44 9 43 61 60 58 36 22 21 9 54 72 69 35 26 4 1 12 24 7 1 2 1 2 1 1 1 0 0 1 0 0 0 0 0 0 0 0 0 0 0
11 13 20 63 69 75 72 62 57 82 86 68 79 79 78 66 47 48 40 32 17 3 9 15 30 63 55 12 5 9 12 20 16 25 17 28 29 35 41 25 16 16 16 12 28 34 51 45 16 61 78 84 40 30 36 17 13 10 31 40 73 65 12 13 23 33 36 59 14 23 14 2 3 10 7 3 2 2 2 2 1 1 0 0 0 0 0 0 0 0 0 0 0 0 0 0
6 9 9 8 9 12 34 41 43 17 41 79 89 84 80 51 52 73 51 38 49 9 12 7 6 9 47 63 17 5 13 18 19 38 31 22 33 32 45 28 35 46 37 28 20 12 50 50 39 27 52 72 52 23 11 9 22 8 13 31 33 28 17 12 12 20 11 57 11 14 8 9 1 4 4 6 3 2 2 2 1 1 0 0 0 0 0 0 0 0 0 0 0 0 0 0
3 7 14 35 35 40 71 37 36 28 34 19 63 83 87 70 67 72 45 48 29 51 22 37 28 11 6 10 18 9 4 16 27 49 19 21 16 25 43 37 31 31 24 25 38 32 29 11 28 55 31 39 9 11 5 16 12 17 12 13 27 33 23 14 5 5 6 32 33 7 3 5 5 1 2 2 3 1 1 0 1 0 0 0 0 0 0 0 0 0 0 0 0 0 0 0
3 10 6 6 17 12 20 27 24 35 19 7 18 41 66 78 77 37 13 17 19 52 36 51 33 27 18 7 7 15 9 56 44 21 60 34 33 36 41 27 34 49 56 43 48 31 35 18 17 14 53 33 24 14 9 7 12 14 9 10 20 34 19 9 8 5 9 19 38 15 4 2 6 4 2 0 0 2 1 1 0 0 0 0 0 0 0 0 0 0 0 0 0 0 0 0
10 2 7 15 27 30 17 19 23 32 39 27 49 23 22 30 42 28 21 33 60 20 26 42 67 68 14 17 10 53 27 29 62 49 69 30 73 38 30 29 34 35 32 42 34 34 33 21 18 16 14 22 15 15 17 11 9 12 5 2 5 8 15 12 12 7 5 8 11 14 6 6 6 2 3 1 0 1 1 0 1 0 0 0 0 0 0 0 0 0 0 0 0 0 0 0
33 11 27 13 15 27 23 34 44 43 28 30 13 37 47 32 37 29 20 35 15 48 43 29 13 31 36 46 46 10 17 46 42 17 34 32 17 56 26 34 35 43 22 28 17 18 16 22 24 20 10 5 22 23 14 18 10 7 7 6 3 5 14 5 5 5 3 4 6 12 2 3 2 1 1 1 0 0 1 1 0 0 0 0 0 0 0 0 0 0 0 0 0 0 0 0
52 42 7 7 28 13 43 66 27 23 39 32 31 57 20 36 22 22 18 14 25 38 33 34 28 17 22 27 14 23 10 46 27 40 42 56 14 25 47 18 25 40 32 41 35 13 19 20 14 18 7 11 3 8 7 22 6 7 5 9 5 4 2 2 1 0 0 1 2 2 1 0 2 1 1 2 1 1 1 0 0 0 0 0 0 0 0 0 0 0 0 0 0 0 0 0
53 45 72 21 18 40 9 9 44 50 20 45 22 48 20 41 40 29 28 41 48 54 37 19 32 33 24 30 53 55 42 11 10 17 40 30 27 8 47 40 37 29 14 18 30 28 17 9 15 17 9 3 19 9 6 18 10 3 5 2 2 4 2 1 1 0 0 0 1 2 2 1 1 1 1 1 1 1 1 1 0 0 0 0 0 0 0 0 0 0 0 0 0 0 0 0
32 51 66 48 13 9 42 20 6 16 34 25 12 19 36 30 21 14 23 30 41 42 72 52 38 36 32 29 59 69 45 29 12 27 45 39 55 26 8 50 28 39 35 29 15 13 17 20 14 13 5 2 4 2 1 7 4 3 3 1 1 3 2 1 1 0 0 0 0 1 1 1 1 1 2 2 2 1 0 0 0 0 0 0 0 0 0 0 0 0 0 0 0 0 0 0
51 48 77 57 67 30 10 59 19 25 57 22 38 30 17 42 19 20 22 19 16 32 56 49 39 42 38 33 46 69 75 51 25 21 60 55 58 38 16 27 68 26 23 52 31 30 19 23 20 7 4 1 1 1 1 1 3 2 1 1 1 1 1 2 1 1 0 0 0 0 0 0 0 0 0 0 1 1 0 0 0 0 0 0 0 0 0 0 0 0 0 0 0 0 0 0
57 48 43 67 41 49 51 19 65 37 51 66 50 58 40 22 24 21 30 53 25 43 66 60 40 40 40 29 20 23 66 56 40 28 25 62 43 31 25 15 20 51 15 14 15 16 18 22 31 12 15 4 2 1 1 1 1 1 1 3 1 0 0 0 0 0 0 0 0 0 0 0 0 0 0 0 0 0 0 0 0 0 0 0 0 0 0 0 0 0 0 0 0 0 0 0
25 66 58 70 57 65 69 58 35 27 18 13 25 18 20 49 38 26 45 16 60 28 69 78 41 44 45 27 15 7 14 41 59 38 15 41 51 22 47 36 25 14 37 40 19 17 26 15 20 7 17 5 2 1 1 1 1 1 0 1 1 1 0 0 0 0 0 0 0 0 0 0 0 0 0 0 0 0 0 0 0 0 0 0 0 0 0 0 0 0 0 0 0 0 0 0
18 21 9 33 36 9 13 9 35 29 50 49 48 53 22 24 50 48 43 42 31 24 60 82 63 56 50 49 27 8 8 9 49 33 36 33 53 19 46 49 34 14 11 34 24 28 18 13 14 5 1 1 3 2 2 1 0 0 0 0 0 0 0 0 0 0 0 0 0 0 0 0 0 0 0 0 0 0 0 0 0 0 0 0 0 0 0 0 0 0 0 0 0 0 0 0
19 33 27 13 15 31 22 21 24 49 28 49 38 20 30 46 25 19 28 45 26 73 45 65 73 55 61 52 51 23 10 11 7 22 34 36 43 20 45 26 33 32 21 17 27 16 16 23 14 8 5 2 2 1 1 1 0 0 0 0 0 0 0 0 0 0 0 0 0 0 0 0 0 0 0 0 0 0 0 0 0 0 0 0 0 0 0 0 0 0 0 0 0 0 0 0
38 29 37 22 35 53 35 27 39 43 24 33 33 15 30 53 37 41 25 27 62 47 34 29 75 49 21 17 16 11 12 5 12 5 11 16 74 52 27 39 25 13 21 22 13 21 10 10 22 15 10 3 2 1 1 1 0 0 0 0 0 0 0 0 0 0 0 0 0 0 0 0 0 0 0 0 0 0 0 0 0 0 0 0 0 0 0 0 0 0 0 0 0 0 0 0
25 19 23 19 8 24 25 27 19 13 40 35 33 12 25 36 26 35 44 71 47 31 41 59 76 67 31 24 23 25 22 21 7 11 12 8 5 7 20 21 16 29 10 19 14 22 20 9 21 10 10 7 4 1 1 0 0 0 0 0 1 1 1 1 0 0 0 0 0 0 0 0 0 0 0 0 0 0 0 0 0 0 0 0 0 0 0 0 0 0 0 0 0 0 0 0
15 11 18 10 21 17 20 15 9 7 13 17 18 30 26 29 23 41 35 26 29 29 16 9 16 17 13 20 42 43 23 47 33 11 7 5 7 6 5 17 13 25 18 8 22 12 17 11 9 4 5 3 2 1 0 0 0 0 1 1 2 2 1 1 1 0 0 0 0 0 0 0 0 0 0 0 0 0 0 0 0 0 0 0 0 0 0 0 0 0 0 0 0 0 0 0
19 11 17 4 11 9 22 32 56 55 47 7 13 27 26 13 22 38 54 39 45 19 28 21 15 20 47 27 30 40 52 36 21 20 23 4 2 3 5 8 8 12 18 19 18 14 8 5 11 4 3 2 1 0 1 1 1 2 2 2 3 2 2 1 1 1 1 1 1 1 0 0 0 0 0 0 0 0 0 0 0 0 0 0 0 0 0 0 0 0 0 0 0 0 0 0
5 7 4 4 20 23 10 32 68 72 55 61 38 17 26 37 31 43 43 21 14 19 40 30 26 28 42 19 9 27 23 15 7 12 20 11 4 4 9 5 3 6 5 5 8 8 8 4 6 4 1 0 1 1 3 2 2 4 4 4 2 4 4 3 5 1 2 2 2 1 0 0 0 0 0 0 0 0 0 0 0 0 0 0 0 0 0 0 0 0 0 0 0 0 0 0
3 8 19 20 26 21 42 33 11 27 60 57 57 65 70 58 80 49 39 42 14 9 35 23 25 36 20 18 11 10 23 24 23 16 22 10 7 14 18 5 3 14 6 8 5 2 6 2 2 1 1 1 3 6 6 6 4 4 4 5 3 6 7 9 7 4 2 2 2 1 1 0 1 0 0 0 0 0 0 0 0 0 0 0 0 0 0 0 0 0 0 0 0 0 0 0
12 3 2 10 40 45 55 78 71 38 46 78 67 51 76 58 82 82 79 57 30 46 8 11 11 10 30 33 35 45 14 48 45 21 7 10 4 12 12 6 16 7 6 5 6 3 4 3 2 2 4 4 11 20 17 10 13 6 7 7 5 11 11 10 6 5 3 2 2 2 1 0 0 0 0 0 0 0 0 0 0 0 0 0 0 0 0 0 0 0 0 0 0 0 0 0
18 20 39 10 8 30 52 70 73 39 31 79 44 39 76 54 51 29 46 59 19 30 23 19 13 19 25 33 31 51 22 13 12 28 17 15 5 23 11 10 14 18 13 11 12 16 13 8 2 10 16 16 19 33 32 29 9 5 22 11 8 13 14 8 11 10 2 7 5 2 2 1 0 0 0 0 1 0 0 0 0 0 0 0 0 0 0 0 0 0 0 0 0 0 0 0
49 20 31 59 38 19 18 28 29 70 25 71 49 47 69 35 16 24 37 24 19 9 24 15 21 34 33 16 11 32 22 13 6 5 7 6 20 21 10 6 34 32 16 35 26 11 10 5 4 13 30 30 31 61 27 21 17 7 34 13 12 14 22 25 13 8 6 8 2 1 1 1 1 1 0 0 0 0 0 0 0 0 0 0 0 0 0 0 0 0 0 0 0 0 0 0
70 65 31 58 67 78 69 38 16 17 47 75 66 27 69 33 34 25 36 26 13 10 31 14 31 26 28 24 19 14 9 11 11 16 21 13 26 5 10 18 34 34 44 41 20 9 4 8 19 15 29 50 64 32 20 26 24 14 49 19 39 13 26 13 11 26 11 4 7 2 1 1 3 3 0 0 0 0 0 0 0 0 0 0 0 0 0 0 0 0 0 0 0 0 0 0
63 75 74 66 67 83 70 86 59 12 38 67 12 26 49 47 36 15 48 9 10 8 18 11 44 29 15 12 11 3 3 11 18 12 29 10 36 8 26 25 52 52 59 23 18 10 10 23 35 34 31 58 56 33 40 53 41 23 59 52 26 32 25 30 43 23 14 8 4 2 2 8 3 0 0 1 0 0 0 0 0 0 0 0 0 0 0 0 0 0 0 0 0 0 0 0
56 80 79 85 77 72 82 81 70 41 35 34 42 15 49 39 29 19 13 8 8 10 27 15 21 18 16 33 24 22 25 24 15 7 10 22 52 23 28 38 65 64 44 23 12 20 24 52 63 46 39 62 48 33 47 68 30 48 53 46 53 20 30 61 54 23 16 7 7 8 4 4 2 1 1 0 0 0 0 0 0 0 0 0 0 0 0 0 0 0 0 0 0 0 0 1
13 70 82 69 78 35 61 71 70 68 58 65 46 13 51 73 45 18 22 15 7 16 25 15 12 16 26 7 11 12 4 11 8 22 51 33 52 24 25 41 65 42 18 9 20 43 41 45 75 56 61 63 33 56 70 60 28 51 39 62 50 57 61 49 31 18 18 6 3 1 1 1 0 0 0 0 0 0 0 0 0 0 0 0 0 0 0 0 0 0 0 0 0 0 0 1
28 26 51 23 12 13 19 16 21 10 14 28 58 18 11 50 59 44 33 29 15 12 8 10 27 8 16 17 42 36 7 18 22 26 64 66 75 41 27 53 46 20 11 26 53 54 49 50 76 57 65 77 67 58 75 62 61 35 58 63 39 60 42 14 5 5 3 4 8 5 3 3 3 1 0 0 0 0 0 0 0 0 0 0 0 0 0 0 0 0 0 0 0 0 1 1
30 28 12 17 27 53 55 21 25 5 11 13 8 4 15 9 11 19 9 7 6 26 13 16 7 28 25 31 17 28 25 44 38 40 65 76 58 50 43 58 29 25 25 45 60 58 68 45 66 76 69 82 86 70 63 79 80 59 78 71 69 76 46 53 29 19 15 9 4 1 1 1 1 0 1 0 0 0 0 0 0 0 0 0 0 0 0 0 0 0 0 0 0 0 0 1
51 51 38 35 53 60 63 49 20 16 27 19 22 16 15 21 16 6 6 9 12 32 14 15 28 33 16 59 52 40 51 57 51 54 65 42 28 43 24 55 41 33 31 49 64 71 75 66 71 79 69 79 75 74 29 39 73 79 76 59 19 12 26 20 41 17 10 14 3 1 1 1 1 0 0 0 0 0 0 0 0 0 0 0 0 0 0 0 0 0 0 0 0 0 1 1
34 9 39 47 57 50 53 32 9 19 19 25 49 39 18 19 8 13 11 12 3 7 48 31 21 6 12 32 45 36 36 46 63 40 67 28 42 30 11 53 41 39 51 65 65 78 79 64 81 87 65 44 45 33 18 18 48 58 42 24 28 19 15 21 12 8 7 3 6 2 2 1 1 1 0 0 0 0 0 0 0 0 0 0 0 0 0 0 0 0 0 0 0 1 1 1
