sesion_6_simulaciones/modelos_agentes/ejemplos_netlogo/scenarios/cgcm2_b2/rob_2086.asc
NCOLS 322 
NROWS 307 
XLLCORNER 451900 
YLLCORNER 4086900 
CELLSIZE 100 
NODATA_value -9999 
[rows 73 to 145 of 307, columns 96 to 191 of 322]
20 17 15 13 42 22 55 75 39 27 25 45 47 51 4 1 6 9 8 3 10 17 10 4 2 4 3 4 3 2 1 0 1 2 0 0 1 1 3 3 3 2 9 2 2 2 3 11 2 3 4 6 11 23 17 19 10 13 28 30 24 57 52 57 49 56 37 34 45 62 57 45 48 65 43 27 71 49 55 76 46 47 41 44 72 73 48 25 20 13 5 4 2 1 1 1
17 48 29 14 14 16 17 43 16 17 12 53 24 70 59 39 7 4 4 7 36 27 12 5 7 2 2 0 2 3 1 2 1 4 1 1 1 1 3 1 1 1 2 0 1 2 4 0 1 2 2 7 19 10 12 5 9 13 27 16 13 59 47 33 44 52 30 43 52 56 46 57 41 60 29 30 49 58 44 39 20 45 64 57 40 22 23 26 16 20 14 14 11 5 1 0
21 26 22 17 12 14 20 39 20 31 39 25 11 20 23 45 25 28 39 51 80 32 31 19 5 10 2 1 2 1 2 20 4 4 7 3 1 1 1 0 1 4 6 3 8 5 4 11 23 2 2 1 3 11 3 4 9 21 14 8 21 23 51 36 42 27 26 33 46 56 31 68 30 38 31 20 50 27 18 46 53 46 22 24 34 34 29 27 38 34 41 37 20 13 4 2
32 20 17 20 12 24 12 42 17 41 45 13 21 42 34 21 30 56 31 57 59 66 53 48 9 5 3 1 2 3 11 17 11 5 7 6 7 1 3 4 1 1 2 1 1 9 2 7 5 8 1 1 2 2 3 4 7 19 8 13 12 6 27 26 34 18 35 22 58 39 18 46 33 29 32 33 20 12 61 38 31 30 49 36 53 57 54 65 68 51 53 47 31 18 11 6
35 11 29 26 17 14 19 29 25 31 64 26 32 22 27 38 61 35 57 50 72 75 44 27 37 3 3 3 7 6 12 4 11 4 12 2 18 6 4 10 1 1 1 0 2 3 11 15 9 22 15 8 4 1 1 2 8 3 4 2 7 3 21 17 21 12 27 24 30 12 10 12 30 9 26 12 14 18 44 28 41 38 36 54 72 69 77 61 61 69 46 48 29 23 15 12
35 19 25 27 34 18 22 26 11 53 70 59 33 21 42 34 45 58 73 40 36 53 58 69 22 14 17 20 33 12 10 5 8 10 1 3 5 7 8 9 5 1 1 1 3 5 17 12 5 36 25 15 15 9 7 2 2 2 3 2 4 4 2 8 4 8 8 13 9 4 6 6 24 14 6 3 17 24 22 23 48 69 78 70 75 78 53 62 68 48 50 32 25 25 24 37
52 53 20 49 58 30 11 32 12 30 34 62 45 30 32 6 44 79 45 44 49 29 59 64 27 16 48 57 48 40 49 12 2 2 3 13 14 2 4 7 12 1 1 3 4 5 13 43 34 36 34 27 28 7 21 16 13 2 1 1 4 7 2 2 2 6 4 7 2 2 12 17 13 11 36 29 11 6 26 54 58 65 65 64 55 69 70 79 62 44 41 30 27 40 59 37
79 85 63 60 21 17 13 12 12 39 19 12 47 56 12 35 69 41 26 23 41 16 9 46 51 54 58 52 59 39 61 44 10 12 13 24 8 7 1 5 19 6 2 3 8 21 9 11 40 21 36 58 35 26 31 12 19 28 22 15 14 2 13 4 2 1 7 9 10 17 9 1 1 2 6 30 34 52 21 50 56 42 68 53 51 53 70 76 61 54 50 37 68 66 29 25
64 58 73 19 14 15 24 19 16 22 25 5 14 25 29 39 18 54 49 36 30 36 7 15 54 71 60 33 27 48 26 16 38 37 33 19 32 23 6 5 24 15 2 3 14 10 6 4 15 8 50 59 27 68 44 18 41 17 12 11 26 5 13 17 13 5 11 15 29 8 17 4 3 3 6 4 12 50 50 47 28 44 66 60 39 52 75 64 58 54 54 61 74 59 30 52
79 78 66 34 30 37 41 28 17 20 33 4 17 29 37 20 20 70 44 29 42 69 35 36 58 90 53 11 30 27 18 19 5 11 60 26 11 10 9 16 35 24 9 4 9 9 8 13 15 36 37 74 67 71 44 42 44 25 37 19 28 17 16 12 12 15 5 6 25 12 29 38 29 18 8 10 12 7 41 65 75 32 53 49 35 73 57 40 53 67 57 76 53 48 39 69
35 55 76 72 15 16 38 38 53 28 28 9 28 56 36 11 21 81 29 45 35 39 25 65 38 46 25 38 45 31 22 24 11 37 75 44 31 9 8 27 13 5 11 3 7 5 7 11 15 21 18 65 59 75 55 49 63 32 50 43 30 35 16 14 19 10 27 9 24 35 49 47 30 13 17 6 7 16 11 60 53 48 21 50 67 29 41 43 56 48 58 49 33 44 44 84
22 31 42 55 64 17 32 23 18 48 41 19 28 51 40 24 38 76 43 40 23 17 70 72 61 50 23 58 50 34 15 8 49 82 78 70 61 18 28 27 19 2 10 5 8 14 15 11 18 6 4 27 72 82 51 62 48 49 71 59 37 21 12 7 29 11 44 27 21 42 55 47 15 9 17 14 20 19 15 27 62 72 65 36 19 51 63 65 56 70 28 45 45 67 44 77
18 29 45 32 56 57 46 45 24 37 56 15 31 59 43 51 42 53 55 66 64 17 44 49 80 66 63 69 60 63 37 74 84 72 68 84 74 26 24 38 16 5 11 8 9 15 17 13 17 12 20 27 74 79 53 38 49 79 70 69 34 14 25 31 49 31 65 54 42 22 66 40 46 33 28 17 16 23 22 19 36 72 53 71 62 27 57 24 62 30 30 53 42 74 50 64
17 11 7 7 21 44 22 12 19 29 35 20 44 67 49 19 40 32 53 67 75 65 29 35 37 41 74 86 54 61 79 82 84 67 73 69 60 68 40 47 23 43 26 30 11 19 28 35 25 27 18 32 67 89 65 49 75 67 78 67 37 28 26 30 70 42 57 56 44 28 52 41 26 8 20 11 5 15 23 14 7 56 72 59 46 77 54 53 52 55 52 62 71 72 76 41
11 6 1 2 19 19 5 11 16 26 14 31 64 57 23 12 24 32 59 59 71 89 56 29 25 36 79 77 83 40 83 68 64 66 86 80 58 73 45 55 42 78 29 48 33 22 23 17 20 21 20 19 40 83 66 78 68 79 89 62 35 40 43 60 63 47 59 53 40 11 15 21 43 31 35 17 7 14 18 29 41 9 60 65 61 71 78 84 90 66 83 85 72 43 78 31
18 15 5 3 18 12 7 15 21 14 22 33 47 53 22 8 49 50 40 45 53 66 80 77 56 38 61 73 84 76 73 86 81 50 50 40 43 73 28 37 85 68 42 23 19 27 16 24 36 45 47 23 32 58 61 71 66 81 83 66 57 69 66 67 72 28 53 58 42 17 16 41 54 40 22 50 15 10 18 23 36 25 15 56 66 85 72 44 46 62 63 81 71 45 58 71
20 8 8 3 9 6 4 28 15 14 11 21 64 40 16 8 48 31 47 57 56 67 77 75 75 47 56 27 48 77 64 69 74 64 62 60 45 36 49 85 47 59 24 14 22 43 27 34 44 53 42 41 27 33 28 56 70 74 83 61 49 61 57 80 77 45 58 68 24 8 10 34 26 31 69 49 17 17 7 26 26 43 44 16 57 79 75 71 71 62 44 42 59 40 26 47
10 11 5 3 3 2 2 16 16 7 26 44 63 59 16 7 29 9 32 72 70 71 38 52 74 60 59 48 73 91 86 81 58 69 52 34 39 31 64 36 37 30 14 43 70 45 35 38 32 29 28 29 24 24 10 16 54 70 83 53 69 65 79 88 87 44 76 55 45 22 13 25 45 57 79 25 16 47 13 23 25 34 50 37 16 62 64 46 28 43 39 38 30 44 46 43
23 18 10 5 4 2 2 4 12 15 20 53 36 25 38 14 38 10 5 25 32 66 44 44 42 26 48 66 85 91 74 80 83 78 72 42 25 36 77 20 49 49 64 69 71 44 60 22 16 27 56 55 64 61 59 26 11 9 41 54 55 64 81 88 87 61 90 63 60 48 25 28 45 82 60 19 40 36 17 13 29 42 46 41 35 10 28 51 40 42 26 39 63 70 60 58
12 10 5 3 3 2 1 1 6 16 27 30 28 11 13 6 38 16 7 36 32 40 28 39 49 44 36 64 41 69 73 71 73 63 22 33 44 49 47 24 67 66 81 66 56 37 70 58 63 45 52 49 51 37 46 17 8 8 11 41 66 85 78 87 78 50 80 73 37 27 37 55 43 63 36 38 65 44 40 47 36 44 34 37 44 28 9 17 22 28 50 60 68 70 68 59
6 5 5 5 4 3 3 1 2 5 16 25 26 20 11 6 37 12 4 21 15 20 23 34 25 47 47 56 41 15 36 42 34 26 48 49 66 80 51 48 30 68 92 58 38 73 65 52 69 46 52 42 29 38 39 46 26 13 14 64 82 78 83 89 84 82 78 84 66 25 48 37 36 16 24 63 47 19 36 21 28 34 33 33 43 30 39 17 6 32 54 73 80 74 71 46
9 4 12 16 9 7 7 6 4 5 10 18 13 11 10 5 18 8 3 9 17 14 10 15 18 37 37 40 41 31 14 12 19 42 45 75 83 56 63 68 48 83 88 58 73 66 60 36 81 52 66 52 65 72 72 59 39 16 19 32 77 70 86 86 81 75 80 85 76 45 33 45 47 40 42 43 54 75 27 32 19 18 40 34 22 39 55 51 20 21 30 27 43 52 55 46
29 24 18 27 25 18 17 17 9 2 4 7 7 8 6 7 6 5 4 7 7 10 4 8 14 19 27 28 31 39 10 14 20 40 82 86 67 45 72 78 65 76 81 67 59 66 61 51 78 61 52 69 59 69 71 59 42 21 14 18 24 69 81 84 75 68 83 76 52 20 33 58 28 47 69 57 66 35 14 43 21 25 34 35 63 45 29 36 46 47 43 21 13 13 23 27
39 21 33 32 36 26 36 20 10 9 1 2 2 4 6 4 6 5 2 3 7 7 5 5 5 6 27 23 22 10 14 6 26 76 72 74 33 62 86 70 53 57 64 29 37 84 54 74 79 75 53 71 81 56 33 38 43 46 37 23 28 45 66 74 73 70 54 60 31 29 46 44 37 54 64 71 56 35 35 42 36 17 33 65 63 62 44 41 46 51 63 59 41 17 9 18
35 39 44 29 42 37 26 24 20 19 16 7 3 1 1 2 5 4 2 2 4 2 2 3 2 5 19 32 16 11 17 5 37 65 52 34 42 79 89 76 41 49 46 36 79 69 52 51 86 82 47 55 57 73 60 40 15 25 29 39 35 42 34 46 29 53 58 53 26 45 56 53 45 41 63 56 48 55 21 10 38 30 39 56 66 53 49 43 33 42 57 51 48 26 21 7
49 35 47 50 45 31 30 36 21 23 15 14 10 5 3 1 1 3 1 2 3 3 2 2 1 4 5 21 5 6 18 6 23 46 23 32 43 62 60 63 51 54 33 73 77 32 56 87 84 77 78 37 23 32 27 36 16 22 37 47 35 48 34 23 23 39 31 28 24 54 49 63 34 57 63 55 71 34 35 19 45 19 18 27 37 61 61 44 35 29 52 44 50 44 39 17
33 24 51 53 25 33 17 19 36 28 17 17 14 12 7 2 1 1 0 0 1 1 1 2 1 1 2 3 3 19 9 4 6 8 14 44 48 59 87 69 62 48 60 62 56 45 52 88 83 75 90 71 45 59 57 37 19 15 8 19 51 35 30 18 22 37 27 22 33 43 57 63 53 26 32 31 44 36 28 34 7 42 27 38 44 56 53 57 65 46 47 50 56 66 43 30
18 35 72 49 47 27 50 27 43 38 23 22 16 6 5 5 4 3 3 3 3 2 1 1 1 0 1 1 4 18 2 5 8 4 21 49 55 21 49 45 56 46 46 61 48 51 67 88 83 82 84 85 46 32 28 25 25 31 23 5 8 21 19 19 21 26 21 24 23 42 51 64 55 56 17 31 45 32 13 15 36 19 13 39 49 49 56 65 54 69 58 69 69 65 51 43
25 41 63 42 38 37 24 28 46 33 30 24 18 15 7 10 5 8 8 8 5 8 3 2 5 3 0 1 2 9 2 5 8 7 16 23 24 28 20 11 46 57 38 30 40 71 84 85 78 68 79 79 61 46 51 60 56 39 31 13 3 17 13 10 18 15 14 18 32 42 37 47 40 37 45 40 29 43 73 73 56 62 33 37 36 40 46 58 70 60 76 71 66 67 65 61
25 57 24 30 40 32 31 20 38 37 17 12 27 13 11 8 7 9 10 10 11 9 8 6 4 5 2 0 1 4 1 3 6 9 14 15 19 25 25 11 22 60 47 21 49 56 86 80 41 35 46 68 83 74 58 55 49 37 20 9 4 18 10 5 8 11 15 29 36 42 39 43 46 60 71 73 59 78 75 68 56 42 24 15 18 36 61 57 58 65 73 75 75 79 72 68
54 20 29 26 22 34 37 27 13 18 23 27 24 22 10 14 12 13 13 21 20 12 17 10 13 6 5 1 0 3 1 2 4 7 15 18 24 23 23 8 14 28 38 15 42 45 73 46 25 27 53 59 81 76 69 53 50 38 18 14 4 7 6 4 14 11 19 41 38 42 43 40 68 72 86 70 76 64 70 43 18 11 13 28 7 31 51 50 70 81 72 59 46 42 35 35
17 22 38 63 57 41 15 10 13 34 32 28 14 26 23 22 20 27 25 25 24 22 17 18 15 8 3 2 0 0 0 1 1 6 10 29 40 23 24 11 9 9 15 4 15 29 21 30 32 45 47 68 86 77 71 70 63 50 43 23 7 5 6 3 10 16 24 19 19 33 53 54 59 62 64 69 68 53 34 27 25 15 35 35 67 42 23 52 75 66 53 57 58 56 52 51
38 52 43 15 14 22 27 13 23 38 36 32 29 29 26 37 24 30 32 38 16 35 31 24 15 7 2 2 1 0 0 0 1 3 7 14 15 23 28 13 16 12 14 5 12 21 32 65 76 75 87 70 86 83 78 63 66 43 31 19 6 7 6 2 2 6 10 25 36 34 49 70 44 49 46 61 64 22 12 23 18 26 58 45 66 43 65 46 55 52 56 58 54 62 65 60
43 25 34 34 32 20 29 16 39 39 37 38 54 37 47 42 39 53 45 31 34 35 42 15 19 10 6 2 1 1 0 0 0 1 4 7 19 32 29 10 6 10 10 8 12 27 59 43 70 64 65 56 91 86 80 56 40 28 18 7 6 2 2 1 1 4 14 35 48 36 44 65 55 38 30 41 25 28 45 40 23 49 56 52 66 72 52 39 48 47 42 52 57 65 59 76
22 20 14 13 12 11 6 23 45 38 40 58 44 51 51 51 60 30 27 54 39 48 41 19 11 8 7 5 3 2 1 1 0 1 4 3 2 13 20 11 7 8 9 10 22 28 15 33 51 82 53 65 84 69 75 64 45 26 11 7 4 2 0 2 1 2 12 22 49 39 41 18 31 41 30 44 45 45 37 30 29 57 54 53 62 55 28 53 23 32 49 61 63 45 74 75
12 19 30 35 31 17 16 27 41 58 54 53 41 52 71 71 47 33 34 63 46 28 27 21 13 9 9 8 5 3 2 2 1 0 3 4 2 2 2 1 2 4 6 9 18 16 22 39 76 34 28 52 86 71 59 36 29 21 21 12 4 3 1 1 0 2 8 13 24 32 32 24 44 32 38 47 59 67 64 58 53 79 56 39 39 47 57 73 65 40 41 48 43 57 64 58
22 41 29 55 24 23 27 44 43 57 56 25 27 54 53 44 36 37 52 74 38 31 29 25 15 14 9 7 4 2 1 2 2 1 1 2 3 1 1 1 2 4 5 4 7 14 26 16 60 25 42 68 85 59 37 32 26 11 8 10 5 4 0 1 1 1 3 4 14 19 33 40 52 46 71 71 83 50 34 19 71 72 74 51 17 52 71 86 78 68 70 42 67 54 46 81
37 38 60 53 28 46 42 46 65 57 45 32 38 59 43 63 27 41 73 44 34 29 32 29 30 23 12 8 3 4 3 3 3 2 1 0 2 1 1 1 1 2 3 3 6 12 17 15 11 20 49 77 79 52 40 31 14 12 10 7 5 2 1 1 1 1 4 12 22 29 41 46 58 67 74 66 32 32 22 63 70 77 81 83 42 58 83 83 70 61 51 60 46 55 38 55
51 59 33 25 36 43 42 66 33 48 22 43 49 79 62 46 29 65 25 22 47 30 23 16 20 17 14 13 12 6 8 7 3 3 1 1 0 1 1 1 1 1 1 3 7 17 7 16 4 9 33 61 88 80 45 29 20 7 10 5 4 2 2 1 0 2 7 19 40 45 45 53 59 54 46 50 44 56 66 74 71 77 68 82 72 64 65 33 19 14 39 76 65 49 34 38
62 44 31 24 34 47 61 13 57 23 28 47 68 73 52 27 60 51 36 18 19 30 12 11 22 20 31 15 20 20 12 11 4 4 3 2 1 0 1 1 1 1 1 4 5 9 2 9 2 14 26 14 60 71 41 21 10 7 5 2 5 5 2 1 0 4 11 15 21 29 33 38 46 48 67 70 67 67 68 59 68 60 47 74 68 48 39 46 58 59 75 33 54 51 31 31
25 44 34 27 40 62 67 21 48 43 61 44 75 46 32 46 59 27 32 29 62 39 23 18 27 43 30 40 33 38 15 7 1 7 4 3 3 1 1 0 1 1 1 3 4 1 5 8 2 10 10 45 57 34 32 26 22 12 5 3 5 4 3 2 0 1 5 12 20 19 25 32 45 41 38 37 36 37 80 42 66 73 55 52 43 31 65 68 64 77 67 52 42 57 60 60
83 28 46 46 58 34 46 57 54 42 58 54 44 36 38 72 32 43 36 67 60 38 46 36 23 49 54 53 64 41 28 8 3 3 2 2 3 3 2 0 0 1 2 3 1 2 18 5 2 9 42 52 63 24 20 27 14 9 7 3 4 2 2 1 0 0 1 4 9 14 6 18 17 18 34 47 44 44 70 63 54 69 85 47 36 54 52 61 78 68 55 67 51 57 45 58
77 92 85 88 82 53 12 8 56 30 65 76 85 75 56 64 61 72 52 67 54 53 54 49 47 57 72 77 44 45 27 16 15 8 5 6 2 3 4 1 0 1 1 2 1 1 1 2 1 10 22 60 55 14 22 21 20 10 5 6 4 2 2 0 0 0 7 9 12 25 32 43 58 51 31 31 46 75 70 75 77 59 60 74 46 50 65 66 54 36 69 80 47 41 55 64
58 86 72 78 72 58 72 31 56 42 18 38 81 85 88 58 43 54 65 64 60 54 66 52 65 67 77 63 61 55 44 30 21 17 17 6 4 5 3 2 1 0 1 1 3 2 1 1 1 6 17 10 28 10 27 14 17 15 7 3 3 3 1 0 0 2 7 14 20 36 59 49 31 46 66 45 60 75 76 89 78 66 62 58 17 30 33 50 70 81 86 58 78 44 46 57
44 84 57 77 73 59 86 59 41 72 50 40 70 80 73 61 71 50 80 89 89 73 59 43 79 67 72 62 50 40 43 34 32 30 22 14 8 4 3 2 2 1 0 1 2 1 2 0 1 2 4 8 35 18 34 30 14 15 6 6 1 1 1 0 1 4 10 9 19 35 58 66 69 58 73 77 79 77 70 85 83 54 38 37 20 30 52 70 62 90 60 69 77 79 48 50
50 76 62 61 80 52 62 23 47 74 59 32 12 60 69 64 74 58 57 83 87 53 76 39 73 60 72 59 54 26 39 56 51 46 38 14 5 4 4 3 1 1 0 0 3 1 2 0 0 0 4 13 34 7 11 5 13 16 14 4 1 1 0 0 2 3 9 9 21 31 47 61 52 36 34 48 83 59 80 81 88 86 30 23 19 40 66 44 74 85 72 80 66 55 39 58
14 38 23 52 73 56 58 13 49 81 43 25 18 35 70 66 70 68 32 43 68 51 47 64 30 32 80 51 31 19 11 16 28 23 24 20 10 10 8 3 1 1 0 0 1 2 1 1 0 2 4 17 13 25 11 5 5 4 2 1 2 1 1 0 1 3 5 6 12 20 31 24 31 45 47 63 88 89 74 66 80 85 69 21 12 32 30 54 82 69 62 28 19 25 35 54
14 45 69 51 63 39 70 48 60 83 66 38 36 35 70 83 53 12 13 27 39 23 34 72 40 20 66 53 62 24 2 19 39 31 15 26 20 14 4 2 1 0 0 0 0 2 2 1 1 5 6 12 5 8 6 6 1 1 3 3 1 1 0 1 2 2 2 3 5 15 27 31 48 46 57 80 89 87 83 52 60 72 66 33 12 24 45 67 62 32 31 60 58 54 61 72
23 14 14 20 28 43 74 28 66 67 85 56 37 30 32 24 18 14 14 34 28 26 19 64 26 51 57 43 57 72 35 20 22 16 20 24 18 12 6 4 1 0 0 0 0 1 2 1 0 2 7 12 1 4 4 10 3 1 1 2 0 1 0 0 1 3 21 15 23 42 52 69 75 58 71 93 89 88 81 63 20 42 59 53 14 24 43 66 49 48 86 65 46 50 40 75
26 34 15 16 28 48 69 58 39 58 77 58 26 13 34 33 15 36 13 16 24 22 20 65 24 19 54 41 50 62 40 30 36 14 7 7 3 5 3 3 3 2 0 0 0 0 0 1 1 2 5 6 1 3 2 2 4 5 2 1 0 0 0 1 1 4 8 23 48 57 82 58 35 51 81 93 88 79 78 79 66 25 56 51 13 25 48 45 33 71 71 51 63 77 22 10
28 37 28 18 26 18 65 70 62 29 79 51 19 7 29 27 34 38 25 17 20 27 6 28 56 7 21 23 55 76 32 8 17 11 18 17 11 8 4 3 2 1 1 0 0 0 0 0 0 2 7 6 1 2 3 1 3 2 1 1 0 0 0 1 1 5 9 28 43 45 24 28 50 58 76 79 84 76 72 56 71 31 22 27 23 41 34 26 65 85 50 61 67 74 65 22
39 28 30 13 13 16 49 78 41 37 66 63 39 7 26 26 47 37 30 21 22 38 16 19 73 16 24 25 50 48 53 36 33 35 26 17 15 10 7 2 1 0 1 1 0 0 0 0 1 4 11 6 1 3 2 0 1 2 2 1 0 0 0 1 2 8 30 32 24 17 37 43 56 87 77 66 84 56 41 32 62 38 22 6 8 31 33 53 85 61 48 58 79 64 64 31
72 17 31 16 12 18 34 44 14 13 75 52 9 5 22 24 47 36 47 36 39 31 29 22 36 22 11 24 35 32 43 52 29 17 15 6 9 8 7 5 1 1 0 0 0 0 0 0 1 2 7 4 2 1 1 0 0 0 0 0 0 0 0 1 3 13 15 10 9 16 42 52 79 85 84 65 48 64 26 28 56 26 7 4 16 43 55 69 74 33 59 84 76 70 78 40
18 32 14 13 11 9 14 23 17 23 61 28 14 5 15 21 42 15 34 25 23 28 27 18 28 36 19 10 4 21 22 42 20 12 15 10 5 3 4 3 1 1 1 0 0 0 0 0 2 4 5 1 1 1 1 0 0 0 0 0 0 0 0 1 3 8 4 3 12 35 44 51 82 85 71 58 46 50 52 17 25 19 6 5 20 26 51 73 49 47 78 71 67 67 60 52
18 13 26 25 11 11 4 7 6 8 22 10 28 12 8 17 38 15 11 29 12 8 4 27 31 40 7 6 2 8 29 43 39 18 9 5 4 2 2 1 1 1 0 0 0 0 0 0 1 2 2 2 0 1 0 1 1 0 0 0 0 0 1 1 4 2 1 5 22 37 49 76 73 75 67 61 43 33 48 20 11 13 6 6 17 26 56 62 49 38 42 54 50 42 57 63
31 20 13 30 32 20 16 5 4 12 10 7 22 25 7 14 23 25 8 9 8 10 7 50 25 26 15 2 3 2 7 12 32 27 14 7 4 2 1 1 3 1 1 0 0 0 0 0 1 1 2 1 2 1 1 1 1 0 0 0 0 0 0 1 1 0 2 9 24 57 62 80 78 62 39 19 15 15 22 21 16 4 3 6 15 20 42 39 26 20 39 32 22 36 54 67
34 22 12 17 21 32 13 5 1 10 12 5 6 10 5 7 14 18 7 5 5 3 3 9 3 7 21 2 3 3 2 7 26 29 12 6 7 14 10 5 2 1 0 0 0 0 0 0 0 1 1 1 2 1 1 1 1 0 0 0 0 0 0 0 0 1 2 6 26 76 72 67 80 72 40 20 6 2 7 12 8 3 1 3 10 19 33 18 11 32 43 48 74 60 73 66
69 36 19 6 14 23 34 4 6 12 15 7 3 5 5 3 7 17 5 4 3 2 1 4 1 2 11 7 2 3 1 2 9 44 24 10 4 3 2 1 1 1 1 0 0 0 0 0 0 1 1 1 1 2 1 0 1 0 0 0 0 0 0 0 1 6 9 26 50 50 78 81 67 76 64 33 18 7 2 2 7 4 1 1 3 7 9 4 12 31 40 72 75 64 59 63
54 79 32 14 4 8 7 6 7 11 8 5 10 3 4 1 2 16 7 4 2 2 1 3 3 0 5 7 2 3 2 1 4 14 36 16 7 6 7 4 1 1 0 0 0 0 0 0 0 0 1 1 1 0 1 0 0 0 0 0 0 0 0 0 1 8 15 11 21 46 71 63 55 53 72 38 15 5 2 1 1 1 0 1 3 1 2 7 21 35 66 70 44 56 65 64
13 65 73 44 17 8 2 13 5 4 4 4 12 5 3 2 2 15 8 5 2 1 0 1 4 0 2 3 2 3 2 1 4 4 4 26 7 2 3 3 2 0 0 0 0 0 0 0 0 0 0 1 1 1 1 0 0 0 0 0 0 0 0 1 1 1 2 10 57 60 59 54 41 43 42 34 17 6 6 2 0 0 0 1 5 12 11 7 15 39 43 31 32 52 70 63
8 37 46 58 26 12 5 12 10 3 7 4 5 4 7 4 2 4 10 2 1 1 0 1 3 1 2 2 1 3 3 1 3 4 4 2 21 9 6 3 1 0 1 0 0 0 0 0 0 0 0 0 0 0 1 0 0 0 0 0 0 0 0 0 1 3 7 12 45 67 59 70 55 15 16 22 13 11 7 3 1 0 0 1 4 9 24 39 17 16 14 27 45 56 78 57
18 24 21 39 17 8 8 8 9 6 4 4 4 7 5 4 3 3 6 4 1 1 0 2 3 2 1 2 1 1 4 1 1 2 3 7 8 2 11 3 1 0 0 0 0 0 0 0 0 0 0 0 0 0 1 0 0 0 0 0 0 0 0 0 1 3 6 22 43 52 81 69 64 33 12 6 11 7 5 3 0 0 1 3 6 12 29 51 50 42 45 30 47 56 81 69
10 20 7 19 19 16 10 7 6 5 3 2 2 3 3 4 2 2 1 3 2 1 0 1 1 2 2 2 1 0 1 0 0 2 4 7 7 2 14 2 2 1 1 0 0 0 0 0 0 0 0 0 0 0 1 0 0 0 0 0 0 0 0 0 1 2 6 13 40 29 69 63 46 37 42 13 9 5 2 1 0 0 1 3 10 20 32 47 63 52 55 52 45 69 90 78
14 10 9 6 9 4 6 5 16 11 4 1 2 2 2 3 1 1 2 2 1 1 0 0 1 2 1 1 1 1 0 0 1 1 13 18 6 4 2 3 2 1 1 0 0 0 0 0 0 0 0 0 0 0 1 0 0 0 0 0 0 0 0 0 1 3 6 26 46 56 59 64 51 33 20 21 8 5 1 0 0 1 2 1 3 15 23 35 48 36 56 60 76 91 90 78
5 10 5 4 3 2 2 2 3 3 2 2 1 1 1 1 1 1 1 2 1 1 1 0 0 2 0 1 1 1 0 0 1 4 5 10 15 30 23 11 2 1 0 0 0 0 0 0 0 0 0 0 0 0 0 0 0 0 0 0 0 0 0 0 1 6 21 41 48 61 61 61 56 41 13 7 8 2 1 0 0 2 6 4 4 2 7 12 20 41 44 72 68 89 89 73
2 4 2 3 1 1 1 0 1 1 1 1 1 0 0 1 1 1 1 1 1 1 0 0 0 1 0 1 1 0 0 0 0 1 2 2 2 2 2 0 1 1 1 0 0 0 0 0 0 0 0 0 0 0 0 0 0 0 0 0 0 0 0 1 3 3 7 15 42 60 36 65 37 25 8 5 3 2 1 0 0 2 6 10 26 17 22 21 37 58 64 67 79 81 74 61
0 1 1 0 0 0 0 0 1 1 0 0 0 0 0 0 0 0 0 0 0 0 1 0 0 1 1 0 1 0 0 0 0 0 0 0 0 0 1 1 1 0 0 0 0 0 0 0 0 0 0 0 0 0 0 0 0 0 0 0 0 0 0 1 2 6 5 15 26 23 32 43 37 15 5 2 1 0 0 0 0 1 3 6 11 28 50 46 61 80 74 57 72 58 63 51
2 0 0 0 0 0 1 2 1 1 3 3 3 4 1 1 0 0 0 0 0 0 0 0 0 0 1 0 1 1 0 0 0 0 0 0 0 0 0 1 1 1 1 0 0 0 0 0 0 0 0 0 0 0 0 0 0 0 0 0 0 0 0 0 1 4 5 21 17 21 32 21 18 5 2 1 0 0 0 0 1 2 5 10 13 34 75 71 32 40 76 85 60 26 29 44
8 3 1 2 2 3 3 6 3 4 8 9 13 9 5 2 1 1 0 0 0 0 0 0 0 1 1 0 0 1 0 0 0 0 0 0 0 0 0 0 1 0 0 0 0 0 0 0 0 0 0 0 0 0 0 0 0 0 0 0 0 0 0 0 1 5 7 5 11 14 15 10 13 3 2 1 0 0 0 1 3 5 8 16 41 46 40 13 26 62 88 84 82 26 13 16
16 4 4 9 10 11 11 12 13 17 15 12 14 22 10 5 3 2 1 0 0 0 0 0 0 0 0 0 0 0 0 0 0 0 0 0 0 0 0 0 0 0 0 0 0 0 0 0 0 0 0 0 0 0 0 0 0 0 0 0 0 0 0 0 2 5 11 6 3 3 5 5 2 1 0 0 0 0 1 2 6 7 17 38 36 13 6 16 38 80 86 72 50 47 7 2
19 13 7 20 19 32 20 24 38 25 34 23 35 21 13 10 13 5 1 2 2 1 0 0 0 0 0 0 0 0 0 0 0 0 0 0 0 0 0 0 0 1 0 0 0 0 0 0 0 0 0 0 0 0 0 0 0 0 0 0 0 0 0 0 2 6 9 7 2 5 2 2 1 0 0 0 0 0 1 2 5 17 13 10 3 3 12 31 51 69 70 62 27 49 11 2
33 26 17 38 57 74 58 48 67 56 50 37 64 50 42 28 10 4 3 6 2 1 1 1 1 1 0 0 0 0 0 0 0 0 0 0 0 0 1 0 0 0 0 0 0 0 0 0 0 0 0 0 0 0 0 0 0 0 0 0 0 0 0 0 1 5 15 7 2 1 2 1 0 0 0 0 0 0 1 1 6 7 5 1 4 13 23 54 67 50 55 31 17 23 30 2
68 71 59 46 50 51 33 20 54 32 33 30 34 47 47 16 15 15 13 12 5 1 0 1 2 1 0 0 0 0 0 0 0 0 0 0 0 0 0 0 0 0 0 0 0 0 0 0 0 0 0 0 0 0 0 0 0 0 0 0 0 0 0 0 1 4 17 14 2 3 1 0 0 0 0 0 0 0 1 2 1 0 1 3 8 16 27 70 73 88 43 8 7 8 13 3
