sesion_6_simulaciones/modelos_agentes/ejemplos_netlogo/scenarios/cgcm2_b2/rob_2094.asc
NCOLS 322 
NROWS 307 
XLLCORNER 451900 
YLLCORNER 4086900 
CELLSIZE 100 
NODATA_value -9999 
[rows 148 to 221 of 307, columns 96 to 191 of 322]
52 51 48 73 42 23 27 31 47 32 21 22 48 20 9 53 27 42 37 34 17 16 19 17 16 4 3 4 3 2 1 1 0 0 0 0 0 0 0 0 1 0 0 0 0 1 0 0 0 0 0 0 0 0 0 0 0 0 0 0 0 0 0 0 1 2 4 11 17 5 2 0 0 0 0 0 0 0 1 4 7 11 27 37 66 72 79 66 35 33 56 57 14 6 1 2
45 70 42 40 35 9 6 4 8 25 9 38 20 6 10 31 57 36 48 19 11 9 13 25 16 9 3 2 2 2 2 1 1 0 0 0 0 1 0 0 0 0 0 0 0 0 0 0 0 0 0 0 0 0 0 0 0 0 0 0 0 0 0 0 1 1 2 3 6 3 1 1 0 0 0 0 0 1 3 4 13 20 30 62 68 62 82 59 35 10 19 39 37 7 2 1
32 52 28 14 21 22 13 9 2 7 7 18 26 32 11 28 58 52 44 37 30 19 33 13 13 9 4 2 2 1 2 2 1 0 0 0 0 0 0 0 0 0 0 0 0 0 0 0 0 0 0 0 0 0 0 0 0 0 0 0 0 0 0 0 1 1 1 2 2 3 1 1 0 0 0 0 0 1 4 9 13 28 57 65 54 22 55 55 33 11 10 27 45 15 3 1
20 6 15 6 14 14 17 9 2 3 11 8 20 39 36 21 24 45 57 54 38 43 31 29 14 8 2 2 1 2 2 3 1 1 0 0 0 0 0 0 0 0 0 0 0 0 0 0 0 0 0 0 0 0 0 0 0 0 0 0 0 0 0 1 1 1 1 2 2 2 1 0 0 0 0 0 1 2 3 10 24 40 43 31 35 20 47 53 28 5 6 20 32 30 13 2
28 7 24 10 4 8 16 12 4 3 17 29 19 20 30 22 35 44 53 41 42 34 21 22 14 6 2 1 1 1 2 2 2 1 0 0 0 0 0 0 0 0 0 0 0 0 0 0 0 0 0 0 0 0 0 0 0 0 0 0 0 0 0 1 1 1 1 2 1 1 0 0 0 0 0 0 1 3 4 10 40 34 30 20 29 24 48 49 18 5 3 6 13 23 11 4
12 10 12 14 6 4 3 5 3 2 3 7 13 11 7 6 24 65 33 61 9 30 21 20 13 2 2 3 1 2 4 2 2 1 0 1 1 0 0 0 0 0 0 0 0 0 0 0 0 0 0 0 0 0 0 0 0 0 0 0 0 0 0 0 1 0 1 1 1 0 0 0 0 0 0 0 1 2 2 13 8 12 14 18 9 16 38 27 10 9 2 2 7 11 13 4
9 10 3 9 3 6 1 3 4 7 6 7 12 15 8 1 12 20 23 44 33 52 50 21 10 7 8 6 3 8 4 6 4 3 1 2 1 1 1 0 0 0 0 0 0 0 0 0 0 0 0 0 0 0 0 0 0 0 0 0 0 0 0 0 0 0 1 1 1 1 0 0 0 0 0 0 1 2 5 10 6 10 11 8 4 5 20 20 13 10 3 1 3 3 7 6
4 7 5 10 11 8 8 5 16 14 7 2 4 12 16 17 5 11 35 15 54 34 44 28 28 15 18 10 10 17 18 9 7 4 5 3 3 2 1 1 0 0 0 0 0 0 0 0 0 0 0 0 0 0 0 0 0 0 0 0 0 0 0 0 0 0 0 1 0 0 0 0 0 0 0 0 1 4 11 4 4 5 2 1 1 4 16 20 11 4 2 0 1 2 3 3
6 3 6 10 10 10 8 9 7 3 3 0 1 1 2 23 5 13 25 41 17 55 44 30 33 36 25 14 14 32 21 3 2 6 6 8 4 3 2 2 1 1 0 0 0 0 0 0 0 0 0 0 0 0 0 0 0 0 0 0 0 0 0 0 0 0 0 0 0 0 0 0 0 0 0 0 2 3 4 3 3 1 0 0 1 6 14 10 3 1 1 0 0 1 1 1
3 2 2 4 3 3 5 5 3 2 0 0 3 5 4 1 3 9 6 64 21 42 57 40 61 54 50 24 29 25 11 8 10 9 7 5 3 2 2 2 3 2 0 0 0 0 0 0 0 0 0 0 0 0 0 0 0 0 0 0 0 0 0 0 0 0 0 0 0 0 0 0 0 0 0 1 1 3 4 1 1 0 0 0 1 0 1 0 0 0 0 0 0 0 0 0
9 3 1 1 3 3 6 2 3 2 1 1 2 5 2 4 8 9 3 24 4 12 42 79 71 53 26 22 11 15 28 13 7 4 2 0 1 3 2 3 3 1 1 1 0 0 0 0 0 0 0 0 0 0 0 0 0 0 0 0 0 0 0 0 0 0 0 0 0 0 0 0 0 0 0 0 1 1 2 1 1 0 0 0 0 0 0 0 0 0 0 0 0 0 0 0
7 6 7 1 1 3 3 6 4 1 1 1 2 4 3 8 9 6 4 7 5 2 28 57 44 42 25 39 18 3 6 11 3 1 1 1 1 2 3 1 1 3 4 1 0 0 0 0 0 0 0 0 0 0 0 0 0 0 0 0 0 0 0 0 0 0 0 0 0 0 0 0 0 0 0 0 1 1 1 0 0 0 0 0 1 1 1 1 1 1 1 0 0 0 0 0
3 4 4 3 2 1 1 2 2 1 1 1 2 2 5 3 5 2 4 5 2 3 13 13 6 18 15 8 6 1 2 12 5 1 1 1 3 2 2 1 0 1 1 1 0 0 0 0 0 0 0 0 0 0 0 0 0 0 0 0 0 0 0 0 0 0 0 0 0 0 0 0 0 0 0 0 0 0 0 0 0 0 0 0 0 1 1 0 1 1 0 0 0 0 0 0
2 1 1 2 2 1 2 1 2 2 1 0 1 2 3 4 2 1 4 4 1 4 5 12 10 2 3 2 3 3 1 7 1 0 1 1 1 4 2 2 1 1 1 1 0 0 0 0 0 0 0 0 0 0 0 0 0 0 0 0 0 0 0 0 0 0 0 0 0 0 0 0 0 0 0 0 0 0 0 0 0 0 0 0 0 0 0 0 0 0 0 0 0 0 0 0
1 1 0 0 1 1 1 1 1 1 0 0 1 4 2 2 2 1 3 1 4 4 3 8 7 8 2 1 1 3 3 1 3 1 0 0 0 1 2 2 1 1 1 0 0 0 0 0 0 0 0 0 0 0 0 0 0 0 0 0 0 0 0 0 0 0 0 0 0 0 0 0 0 0 0 0 0 0 0 0 0 0 0 0 0 0 0 0 0 0 0 0 0 0 0 0
3 1 0 1 0 0 0 0 0 0 0 0 1 1 0 0 1 1 1 2 4 1 6 3 3 2 6 1 1 2 1 1 1 1 1 1 0 1 0 0 0 1 0 0 0 0 0 0 0 0 0 0 0 0 0 0 0 0 0 0 0 0 0 0 0 0 0 0 0 0 0 0 0 0 0 0 0 0 0 0 0 0 0 0 0 0 0 0 0 0 0 0 0 0 0 0
6 4 2 2 1 1 2 1 1 0 0 0 0 0 0 1 1 1 2 1 3 1 6 4 4 4 2 1 0 0 1 1 0 1 1 1 0 0 0 0 0 0 0 0 0 0 0 0 0 0 0 0 0 0 0 0 0 0 0 0 0 0 0 0 0 0 0 0 0 0 0 0 0 0 0 0 0 0 0 0 0 0 0 0 0 0 0 0 0 0 0 0 0 0 0 0
17 7 6 10 8 5 5 4 2 1 1 0 0 0 0 1 2 2 2 2 3 1 2 2 3 3 1 1 1 0 0 0 1 0 0 1 0 0 0 0 0 0 0 0 0 0 0 0 0 0 0 0 0 0 0 0 0 0 0 0 0 0 0 0 0 0 0 0 0 0 0 0 0 0 0 0 0 0 0 0 0 0 0 0 0 0 0 0 0 0 0 0 0 0 0 0
24 16 13 23 20 14 7 5 4 2 2 1 0 0 0 0 1 2 1 2 2 1 5 1 1 1 1 0 1 1 0 0 1 0 0 0 0 0 0 0 0 0 0 0 0 0 0 0 0 0 0 0 0 0 0 0 0 0 0 0 0 0 0 0 0 0 0 0 0 0 0 0 0 0 0 0 0 0 0 0 0 0 0 0 0 0 0 0 0 0 0 0 0 0 0 0
50 26 15 4 8 20 13 18 9 7 3 2 1 0 0 0 1 1 1 1 1 1 1 1 1 1 1 0 1 2 1 0 1 1 0 0 0 0 0 0 0 0 0 0 0 0 0 0 0 0 0 0 0 0 0 0 0 0 0 0 0 0 0 0 0 0 0 0 0 0 0 0 0 0 0 0 0 0 0 0 0 0 0 0 0 0 0 0 0 0 0 0 0 0 0 0
20 41 16 16 10 5 4 2 2 3 3 2 1 0 0 0 1 1 1 1 0 0 1 1 0 1 0 0 2 2 1 1 1 1 1 0 0 0 1 1 0 0 0 0 0 0 0 0 0 0 0 0 0 0 0 0 0 0 0 0 0 0 0 0 0 0 0 0 0 0 0 0 0 0 0 0 0 0 0 0 0 0 0 0 0 0 0 0 0 0 0 0 0 0 0 0
8 29 41 18 13 6 2 1 1 1 3 1 0 0 0 0 0 1 1 1 0 1 1 0 0 0 0 0 0 1 0 1 0 1 1 1 0 0 0 1 0 0 0 0 0 0 0 0 0 0 0 0 0 0 0 0 0 0 0 0 0 0 0 0 0 0 0 0 0 0 0 0 0 0 0 0 0 0 0 0 0 0 0 0 0 0 0 0 0 0 0 0 0 0 0 0
9 20 21 18 22 16 4 3 1 0 0 0 1 0 0 0 0 1 1 1 0 0 0 0 0 0 0 0 0 0 1 1 0 0 1 1 0 0 0 1 1 1 0 0 0 0 0 0 0 0 0 0 0 0 0 0 0 0 0 0 0 0 0 0 0 0 0 0 0 0 0 0 0 0 0 0 0 0 0 0 0 0 0 0 0 0 0 0 0 0 0 0 0 0 0 0
3 6 10 22 20 14 13 8 3 1 0 0 0 0 0 0 0 0 1 1 0 1 0 0 0 0 0 0 0 0 1 3 3 1 0 0 0 0 0 0 0 0 0 0 0 0 0 0 0 0 0 0 0 0 0 0 0 0 0 0 0 0 0 1 0 0 0 0 0 0 0 0 0 0 0 0 0 0 0 0 0 0 0 0 0 0 0 0 0 0 0 0 0 0 0 0
2 3 4 15 22 14 12 8 5 2 1 0 0 0 0 0 0 1 1 2 2 1 0 0 0 0 0 0 0 0 0 0 1 1 0 0 0 0 0 0 0 0 0 0 0 0 0 0 0 0 0 0 0 0 0 0 0 0 0 0 0 1 1 1 0 0 0 0 0 0 0 0 0 0 0 0 0 0 0 0 0 0 0 0 0 0 0 0 0 0 0 0 0 0 0 0
8 1 10 8 19 10 5 2 1 0 0 0 0 0 0 0 0 1 0 1 1 1 1 0 0 0 0 1 0 0 0 0 0 0 0 0 0 0 0 0 0 0 0 0 0 0 0 0 0 0 0 0 0 0 0 0 0 0 0 0 1 2 2 2 1 1 1 0 0 0 0 0 0 0 0 0 0 0 0 0 0 0 0 0 0 0 0 0 0 0 0 0 0 0 0 0
3 2 6 3 9 14 9 4 4 1 1 1 0 0 0 0 0 0 0 0 0 0 0 0 0 0 0 0 0 0 0 0 0 0 0 0 0 0 0 0 0 0 0 0 0 0 0 0 0 0 0 0 0 0 0 0 0 0 0 0 0 1 1 1 1 2 3 0 0 0 0 0 0 0 0 0 0 0 0 0 0 0 0 0 0 0 0 0 0 0 0 0 0 0 0 0
3 3 6 4 5 11 11 8 6 4 3 2 1 0 0 0 0 0 0 0 0 0 0 0 0 0 0 0 0 0 0 0 0 0 0 0 0 0 0 0 0 0 0 0 0 0 0 0 0 0 0 0 0 0 0 0 0 0 0 0 0 1 0 1 2 3 2 0 1 0 0 0 0 0 0 0 0 0 0 0 0 0 0 0 0 0 0 0 0 0 0 0 0 0 0 0
3 3 4 3 4 7 15 13 8 8 5 1 0 0 0 0 0 0 0 0 0 0 0 0 0 0 0 1 0 0 0 0 0 0 0 0 0 0 0 0 0 0 0 0 0 0 0 0 0 0 0 0 0 0 0 0 0 0 0 0 0 1 0 1 1 3 1 2 1 0 0 0 0 0 0 0 0 1 0 0 0 0 0 1 0 0 0 0 0 0 0 0 0 0 0 0
1 3 5 2 2 7 9 14 11 7 4 2 1 0 0 0 0 0 0 0 0 0 0 0 0 0 0 0 0 0 0 0 0 0 0 0 0 0 0 0 0 0 0 0 0 0 0 0 0 0 0 0 0 0 0 0 0 0 0 0 0 0 0 1 1 2 3 5 1 1 0 0 0 0 0 0 0 0 0 0 0 0 0 1 0 0 0 0 0 0 0 0 0 0 0 0
1 2 3 2 0 4 5 7 4 6 5 4 1 1 0 0 0 0 0 0 0 0 0 0 0 0 0 0 0 0 0 0 0 0 0 0 0 0 0 0 0 0 0 0 0 0 0 0 0 0 0 0 0 0 0 0 0 0 0 0 0 0 0 1 1 1 2 3 2 2 1 1 1 0 0 0 1 1 1 0 0 0 1 1 0 0 0 0 0 0 0 0 0 0 0 0
1 1 3 3 2 3 1 2 7 5 2 1 1 0 0 0 0 0 0 0 0 0 0 0 0 0 0 0 0 0 0 0 0 0 0 0 0 0 0 0 0 0 0 0 0 0 0 0 0 0 0 0 0 0 0 0 0 0 0 0 0 0 0 0 0 1 1 3 3 5 4 4 2 2 1 0 0 1 0 0 0 0 1 0 0 0 0 0 0 0 0 0 0 0 0 1
0 2 3 4 4 2 1 4 7 5 2 2 1 1 0 0 0 0 0 0 0 0 0 0 0 0 0 0 0 0 0 0 0 0 0 0 0 0 0 0 0 0 0 0 0 0 0 0 1 0 0 0 0 0 0 0 0 0 0 0 0 0 0 0 0 1 3 1 2 1 4 12 7 4 2 1 1 0 0 0 0 0 0 0 0 0 0 0 0 0 0 0 0 1 1 2
0 1 2 2 1 1 1 1 2 2 1 1 0 0 0 0 0 0 0 0 0 0 0 0 0 0 0 0 0 0 0 0 0 0 0 0 0 0 0 0 0 0 0 0 0 0 0 0 1 1 1 1 0 0 0 0 0 0 0 0 0 0 0 0 0 1 1 1 1 2 2 4 1 7 8 4 2 0 0 0 1 0 1 1 1 0 0 0 0 0 0 0 0 0 1 3
0 0 2 2 1 1 1 1 1 2 1 1 1 0 0 0 0 0 0 0 0 0 0 0 0 0 0 0 0 0 0 0 0 0 0 0 0 0 0 0 0 1 0 0 0 0 0 0 1 2 1 0 0 0 0 0 0 0 0 0 0 0 0 0 0 1 0 1 1 1 1 3 3 3 11 12 1 1 0 0 2 2 1 5 1 1 0 0 0 0 0 0 0 0 1 3
0 0 1 1 1 1 1 1 1 1 1 1 0 0 0 0 0 0 0 0 0 0 0 0 0 0 0 0 0 0 0 0 0 0 0 0 0 0 0 1 1 1 1 1 0 0 0 1 2 2 0 0 0 0 0 0 0 0 0 0 0 0 0 0 0 0 0 1 1 1 1 1 1 8 5 6 3 1 0 0 1 4 5 15 5 3 1 0 0 0 0 0 1 1 2 4
0 0 1 1 1 1 1 0 0 1 0 0 0 0 0 0 0 0 0 0 0 0 0 0 0 0 0 0 0 0 0 0 0 0 0 0 0 0 0 1 1 0 0 2 1 0 0 1 3 2 1 1 0 0 0 0 0 0 0 0 0 0 0 0 0 0 0 0 0 1 1 2 4 4 5 5 2 0 0 0 1 2 3 8 7 2 1 0 1 0 0 0 1 2 3 4
0 0 0 0 0 0 1 0 0 0 0 0 0 0 0 0 0 0 0 0 0 0 0 0 0 0 0 0 0 0 0 0 0 0 0 0 0 0 0 0 0 0 0 2 1 0 0 2 3 4 2 2 1 1 1 1 1 1 0 0 0 0 0 0 0 0 0 0 0 1 2 5 6 4 8 4 2 1 0 0 1 2 3 4 5 2 1 1 1 0 1 1 1 2 5 8
0 0 0 0 0 0 0 0 0 1 1 0 0 0 0 0 0 0 0 0 0 0 0 0 0 0 0 0 0 0 0 0 0 0 0 0 0 0 0 0 1 0 0 1 1 0 0 2 3 9 6 3 2 1 2 1 2 2 0 0 0 0 0 0 0 0 0 0 0 1 3 2 3 13 8 7 4 2 1 0 0 1 3 7 7 5 2 1 1 1 2 2 1 3 4 12
0 0 0 0 0 0 0 0 0 0 0 0 0 0 0 0 0 0 0 0 0 0 0 0 0 0 0 0 0 0 0 0 0 0 1 1 0 0 0 1 3 1 1 2 1 0 0 1 3 12 18 6 4 3 6 3 5 3 2 1 1 0 0 0 0 0 0 0 0 1 1 2 4 8 5 7 4 3 1 0 0 1 3 6 23 8 4 2 3 2 3 3 2 3 7 23
0 0 0 0 0 0 0 0 0 0 0 0 0 0 0 0 0 0 0 0 0 0 0 0 0 0 0 0 0 0 0 0 0 0 1 1 0 0 0 2 3 3 3 5 3 1 0 1 4 9 35 14 5 6 10 6 5 4 3 2 2 1 1 0 0 0 0 0 0 0 1 2 4 8 8 11 5 4 1 0 0 1 3 5 17 25 9 4 5 5 6 6 5 4 8 27
0 0 0 0 0 0 0 0 0 0 0 0 0 0 0 0 0 0 0 0 0 0 0 0 0 0 0 0 0 0 0 0 0 1 1 2 0 0 1 3 8 7 8 15 5 2 1 1 4 14 16 26 9 10 16 18 11 6 5 5 2 2 0 0 0 0 0 0 0 0 0 2 3 3 6 7 11 8 3 1 0 1 2 3 6 14 28 9 9 10 9 10 10 6 13 29
0 0 0 0 0 0 0 0 0 0 1 0 0 0 0 0 0 0 0 0 0 0 0 0 0 0 0 0 0 0 0 0 0 1 3 4 1 0 1 2 2 12 24 31 7 4 3 4 6 22 17 38 22 19 30 28 33 24 13 6 4 2 1 1 0 1 1 1 0 0 0 1 4 4 5 7 18 13 5 1 0 1 1 3 9 15 40 30 13 14 15 16 16 10 15 28
0 0 0 0 0 0 0 0 0 0 0 0 0 0 0 0 0 0 0 0 0 0 1 1 0 0 0 0 0 0 0 0 1 2 4 7 2 2 1 4 5 11 23 41 12 5 2 7 12 17 44 43 50 30 40 45 47 32 26 8 5 2 1 1 1 1 1 1 0 0 0 1 3 5 3 2 15 16 10 2 0 0 1 4 9 17 19 45 22 21 22 26 28 14 38 16
0 0 0 0 0 0 0 0 0 0 0 0 0 0 0 0 0 0 0 0 0 0 1 0 0 0 0 0 0 0 0 0 1 1 1 7 18 5 2 3 11 14 21 39 20 5 5 14 35 27 36 72 48 39 53 69 58 45 23 5 6 3 4 2 2 2 2 1 1 0 0 0 1 3 2 4 11 41 15 7 2 1 1 4 8 18 19 25 42 23 41 12 14 31 21 4
0 0 0 0 0 0 0 0 0 0 0 0 0 0 0 0 0 0 0 1 1 1 0 0 0 0 0 0 0 0 0 0 1 0 1 3 11 14 11 5 4 32 44 59 16 16 16 17 32 45 24 49 75 48 73 75 65 38 15 8 8 7 6 5 4 3 4 1 1 1 0 0 1 2 3 6 11 32 28 14 3 1 2 3 8 13 6 11 30 47 48 14 44 24 6 6
0 0 0 0 0 0 0 0 0 0 0 0 0 0 0 0 0 1 1 1 1 0 0 0 0 0 0 0 0 0 0 0 0 0 2 2 4 4 17 30 9 16 37 69 23 22 23 22 24 15 43 54 65 50 77 48 36 21 16 17 11 9 8 7 11 9 4 2 1 1 1 1 1 1 3 6 11 29 34 11 4 7 2 4 14 14 17 13 21 68 62 46 62 14 12 14
0 0 0 0 0 0 0 0 0 0 0 0 0 0 0 0 1 2 1 0 0 0 0 0 0 0 0 0 0 0 0 0 0 0 1 1 2 4 11 28 35 15 22 70 31 34 29 28 24 29 46 53 80 64 69 37 30 27 31 20 15 14 12 15 14 12 6 3 4 2 2 2 1 1 1 3 13 25 62 31 23 17 8 4 8 12 16 37 21 29 65 65 47 22 21 44
0 0 0 0 0 0 0 0 0 0 0 0 0 0 1 3 3 1 0 0 0 0 0 0 0 0 0 0 0 0 0 0 0 0 2 4 5 10 17 20 50 41 23 30 50 38 54 32 30 21 47 45 61 78 53 51 47 31 39 18 24 18 21 20 18 10 6 7 5 2 5 9 2 2 2 4 8 26 52 60 55 48 6 4 7 14 23 22 45 25 53 63 37 33 55 55
0 0 0 0 0 0 0 0 0 0 0 0 0 1 1 3 1 0 0 0 0 0 0 0 0 0 0 0 0 0 0 0 0 1 2 7 12 20 19 33 49 53 46 45 70 49 61 48 47 35 38 57 51 79 62 60 68 71 44 33 42 34 25 17 13 12 9 4 3 1 3 7 16 8 8 4 6 5 21 50 69 23 5 4 8 16 22 26 57 55 29 73 63 67 65 52
0 0 0 0 0 0 0 0 0 1 1 0 1 1 1 1 1 1 0 0 0 0 0 0 0 0 0 0 0 0 0 0 1 2 3 4 11 14 12 15 14 17 45 52 70 73 68 72 52 39 36 56 69 76 63 78 67 58 49 39 27 22 19 27 17 15 13 7 3 1 4 13 20 25 15 14 8 9 27 27 52 14 7 9 10 23 33 44 54 67 24 81 79 55 51 66
0 0 0 0 0 0 0 0 0 0 2 1 2 3 1 1 0 0 0 0 0 0 0 0 0 0 0 0 0 0 0 0 0 1 2 3 5 6 5 6 11 12 16 24 40 45 60 68 70 46 24 42 64 72 72 69 60 60 50 26 30 25 22 33 22 19 18 12 5 2 4 11 21 34 57 39 27 15 30 58 75 25 14 10 22 25 42 51 59 70 43 73 62 56 59 36
0 0 0 0 0 0 0 1 1 1 4 4 2 1 1 1 1 0 0 0 0 0 0 0 0 0 0 0 0 0 0 0 0 0 1 1 1 1 1 5 8 9 20 23 29 37 31 42 65 55 19 45 52 70 45 41 31 48 34 41 32 17 25 44 17 33 24 18 6 4 4 10 21 28 36 68 52 34 39 61 67 37 17 31 29 30 42 57 59 74 84 39 17 62 46 44
0 0 0 0 0 0 1 1 3 5 5 2 1 1 1 0 0 0 0 0 0 0 0 0 0 0 0 0 0 0 0 0 0 0 0 0 0 1 2 4 7 14 18 19 22 22 39 52 50 70 33 42 49 55 47 30 47 57 57 40 42 26 50 40 11 43 35 20 6 4 7 6 7 17 31 34 53 79 48 59 43 27 37 40 36 34 52 52 62 73 45 26 25 63 48 41
0 0 0 0 0 1 2 4 4 4 1 1 1 1 1 0 0 0 0 0 0 0 0 0 0 0 0 0 0 0 1 2 1 0 1 2 1 2 2 4 5 9 11 15 21 34 50 60 39 48 63 30 35 56 43 20 58 66 51 32 44 38 54 31 23 50 41 25 7 8 9 3 2 12 23 16 28 48 68 76 72 50 62 58 34 33 40 66 63 63 19 24 49 64 52 60
0 0 0 0 1 1 3 3 6 3 2 1 1 1 0 0 0 0 0 0 0 0 0 0 0 0 0 0 0 0 1 1 2 2 0 0 1 5 11 8 8 10 14 10 20 29 29 31 52 45 52 43 40 70 32 25 80 59 31 52 49 42 73 29 46 34 23 10 4 8 6 9 7 10 13 17 32 40 58 55 60 68 63 61 41 35 27 60 72 67 38 55 61 39 74 48
0 1 0 0 0 1 1 5 4 1 1 1 0 0 0 0 0 0 0 0 0 0 0 0 0 0 0 0 0 0 1 1 1 1 2 2 2 1 2 21 26 31 43 32 32 31 33 38 50 55 50 61 59 41 39 33 69 40 29 52 52 69 47 67 48 27 31 16 7 12 12 12 14 6 5 4 11 24 35 57 67 60 79 66 57 25 33 42 69 61 38 65 37 68 46 39
0 1 0 1 1 4 3 2 3 1 1 0 0 0 0 0 0 0 0 0 0 0 0 0 0 0 0 0 0 0 0 0 1 2 3 3 2 1 4 5 11 35 41 47 53 42 44 39 39 35 53 63 32 59 42 72 24 54 33 54 75 68 68 51 45 27 44 19 16 21 12 24 23 9 15 22 25 15 25 52 62 69 60 78 46 43 24 43 61 34 70 23 54 58 58 59
0 0 0 0 0 0 2 6 2 1 1 0 0 0 0 0 0 0 0 0 0 0 0 0 0 0 0 0 0 0 0 0 1 1 1 0 4 5 6 5 6 16 44 41 43 56 53 48 35 29 26 21 30 40 26 63 43 32 40 62 82 73 42 53 31 44 47 39 20 26 16 26 24 21 30 28 39 33 23 14 30 22 31 46 59 42 23 35 70 23 42 33 72 50 67 72
0 0 0 0 1 1 2 4 3 2 1 0 0 0 0 0 0 0 0 0 0 0 0 0 0 0 0 0 0 0 0 0 0 1 1 6 4 3 16 13 17 26 24 36 38 29 22 50 73 26 25 31 49 40 36 48 13 42 61 77 57 49 40 42 19 42 37 42 36 30 19 30 29 26 48 41 55 45 20 27 49 48 32 51 54 38 40 22 42 24 66 60 58 60 63 58
0 0 0 1 3 5 5 5 1 1 0 0 0 0 0 0 0 0 0 0 0 0 0 0 0 0 0 0 0 0 0 0 1 1 2 7 10 12 11 27 41 23 23 17 32 39 53 60 24 55 40 36 39 47 46 44 21 75 46 26 24 29 55 46 48 46 34 35 41 40 23 21 34 37 50 42 47 51 20 26 37 31 36 40 50 53 57 23 14 42 40 40 54 61 46 35
0 0 0 1 5 5 6 1 1 0 1 0 0 0 0 0 0 0 0 0 0 0 0 0 0 0 0 0 0 0 0 1 1 2 2 5 5 5 12 29 40 44 30 35 41 40 48 41 51 42 32 60 42 26 28 45 50 41 28 27 23 35 49 58 49 33 47 48 45 41 28 23 32 32 22 34 49 60 42 20 24 20 26 19 15 24 36 24 18 44 56 55 54 60 52 60
1 1 1 3 6 7 6 2 1 0 0 0 0 0 0 0 0 0 0 0 0 0 0 0 0 0 0 0 0 0 0 0 2 3 2 4 6 17 15 18 24 47 74 62 44 43 44 47 43 42 62 27 49 61 44 42 26 17 14 18 31 47 64 59 36 45 48 55 34 27 29 37 36 25 13 35 61 71 59 37 24 28 30 32 45 23 40 42 40 69 35 21 37 57 63 57
1 6 8 7 9 6 3 2 2 1 0 0 0 0 0 0 0 0 0 0 0 0 0 0 0 0 0 0 0 0 0 0 1 2 2 4 7 14 15 21 33 35 37 52 74 68 47 49 45 47 35 42 59 22 27 40 32 25 37 52 40 40 64 55 54 60 32 48 40 43 27 28 40 29 13 25 42 54 66 60 37 37 25 26 41 47 42 52 48 53 68 26 29 29 39 47
1 3 19 13 7 3 1 1 2 1 1 0 0 0 0 0 0 0 0 0 0 0 0 0 0 0 0 0 0 0 0 0 0 1 2 3 4 5 6 8 5 17 41 51 67 74 42 58 69 55 48 48 70 70 25 26 27 37 54 45 39 55 67 57 63 57 43 42 49 50 32 17 49 55 22 26 48 42 28 58 65 53 25 29 33 43 31 27 21 20 33 38 20 15 18 24
2 7 10 7 8 5 1 1 0 0 0 0 0 0 0 0 0 0 0 0 0 0 0 0 0 0 0 0 0 0 0 0 0 0 2 2 2 2 3 8 17 29 30 39 45 35 44 59 78 56 70 84 35 45 39 32 42 50 51 30 36 54 63 71 56 42 51 47 45 58 20 22 45 63 33 19 24 32 28 42 46 60 34 22 36 39 42 39 46 50 25 19 44 27 24 15
4 9 8 7 5 3 2 1 0 0 0 0 0 0 0 0 0 0 0 0 0 0 0 0 0 0 0 0 0 1 1 1 0 0 0 1 2 2 7 11 11 14 24 38 49 64 46 63 66 58 59 49 36 26 25 31 29 43 33 25 35 59 36 42 40 41 52 57 53 39 18 34 40 68 43 30 16 23 19 31 28 27 54 28 33 53 49 78 48 33 15 18 20 34 45 26
7 15 12 4 2 1 1 1 0 0 0 0 0 0 0 0 0 0 0 0 0 0 0 0 0 0 0 0 0 0 0 1 1 0 0 0 1 2 3 8 11 14 26 27 64 57 48 64 26 34 31 34 31 30 22 10 12 25 32 26 34 70 44 37 41 63 54 38 35 36 18 34 58 51 58 29 27 27 17 25 35 42 34 44 16 52 21 22 61 48 41 19 19 13 19 26
18 12 9 2 1 0 0 0 0 0 0 0 0 0 0 0 0 0 0 0 0 1 0 0 0 0 0 0 0 0 0 1 2 3 2 0 0 1 3 5 8 8 20 35 48 44 63 54 40 20 20 30 36 34 41 28 19 41 30 24 49 18 32 32 52 55 44 36 51 31 19 12 43 61 64 31 28 24 18 24 27 38 30 30 47 11 35 40 23 34 43 31 29 19 10 9
29 16 4 3 1 1 0 0 0 0 0 0 0 0 0 0 0 0 0 1 0 1 1 1 0 1 0 0 0 0 0 0 1 4 4 0 0 1 2 4 8 11 13 15 15 39 47 34 33 23 30 34 33 39 52 51 39 56 44 14 10 32 17 51 55 51 41 49 31 25 17 20 31 33 59 33 26 21 22 24 12 18 9 22 36 43 60 71 43 25 27 25 13 16 16 16
15 8 3 2 1 1 1 0 0 0 0 0 0 0 0 0 0 0 0 0 0 1 2 2 1 1 0 0 0 0 0 1 1 1 5 1 0 0 2 3 6 9 11 14 20 45 35 20 25 36 37 33 59 47 59 57 32 24 14 10 27 12 24 34 40 34 48 47 31 34 16 11 19 24 26 52 28 27 18 30 18 16 28 4 14 37 14 5 9 22 25 30 31 22 19 14
15 7 3 2 1 0 0 0 0 0 0 0 0 0 0 0 0 0 0 0 0 0 0 1 3 1 1 1 0 0 1 1 1 2 6 1 0 0 1 2 6 7 11 14 17 19 17 28 32 33 51 33 48 40 33 49 30 37 23 21 33 29 15 17 32 35 34 16 51 35 18 7 13 29 27 16 49 9 29 12 22 22 13 48 81 21 28 25 25 37 48 44 44 24 19 18
15 6 2 2 2 1 0 0 0 0 0 0 0 0 0 0 0 0 0 0 0 0 1 1 1 6 2 1 1 1 1 1 2 5 3 1 0 0 1 2 3 6 5 11 12 16 26 32 28 40 32 34 37 39 43 45 55 40 29 17 22 32 8 24 37 24 22 39 29 33 18 12 12 11 22 15 15 21 14 11 23 9 19 13 45 65 33 57 58 53 67 60 61 47 58 55
17 9 4 2 2 1 0 0 0 0 0 0 0 0 0 0 0 0 0 0 0 0 1 1 2 3 11 4 2 2 2 4 3 9 3 1 0 0 0 1 2 3 4 6 10 16 25 29 26 28 30 33 50 58 48 31 37 33 25 36 44 52 23 26 13 22 34 35 24 26 18 12 10 15 16 20 11 5 14 10 5 7 27 14 4 38 83 53 60 70 53 55 44 44 23 18
