sesion_6_simulaciones/modelos_agentes/ejemplos_netlogo/scenarios/cgcm2_b2/rob_2029.asc
NCOLS 322 
NROWS 307 
XLLCORNER 451900 
YLLCORNER 4086900 
CELLSIZE 100 
NODATA_value -9999 
[rows 222 to 295 of 307, columns 96 to 191 of 322]
0 0 0 0 0 0 0 0 0 0 0 0 0 0 0 0 0 0 0 0 0 0 0 0 0 0 0 1 0 0 0 0 0 1 0 0 0 0 0 0 0 0 0 0 0 1 1 4 6 8 11 14 19 25 28 39 49 63 78 77 80 85 63 79 57 70 56 50 56 48 36 36 25 28 42 45 53 30 32 25 60 47 42 35 33 17 36 50 56 32 20 18 8 4 4 2
0 0 0 0 0 0 0 0 0 0 0 0 0 0 0 0 0 0 0 0 0 0 0 0 0 0 0 0 1 0 0 1 1 0 0 0 0 0 0 0 0 0 0 0 0 1 1 2 4 5 8 7 11 20 35 61 67 48 34 46 49 52 48 55 82 40 40 41 63 53 43 58 26 31 50 45 46 27 45 57 47 79 54 44 35 31 20 18 37 65 43 32 23 9 5 3
0 0 0 0 0 0 0 0 0 0 0 0 0 0 0 0 0 0 0 0 0 0 0 0 0 0 0 0 1 1 0 1 0 0 0 0 0 0 0 0 0 0 0 0 0 0 1 1 3 4 5 9 23 14 32 51 32 30 34 36 16 45 45 40 40 62 26 61 61 52 66 57 19 26 32 44 37 37 51 61 45 32 60 58 36 34 35 16 11 35 65 41 28 14 10 6
0 0 0 0 0 0 0 0 0 0 0 0 0 0 0 0 0 0 0 0 0 0 0 0 0 0 0 0 1 2 1 0 0 0 0 0 0 0 0 0 0 0 0 0 0 0 1 1 2 3 4 6 17 20 11 13 18 22 23 22 48 66 41 49 58 87 77 57 63 60 72 60 40 32 46 58 48 48 59 64 51 30 14 27 60 59 33 26 19 13 34 32 21 14 7 4
0 0 0 0 0 0 0 0 0 0 0 0 0 0 0 0 0 0 0 0 0 0 0 0 0 1 1 0 1 2 0 0 0 0 0 0 0 0 0 0 0 0 0 0 0 0 1 1 2 2 5 10 12 12 15 18 30 29 25 32 19 31 56 50 56 88 67 72 36 72 58 61 43 32 54 66 60 41 57 80 46 42 57 40 35 17 19 28 21 20 9 12 14 8 3 3
0 0 0 0 0 0 0 0 0 0 0 0 0 0 0 0 0 0 0 0 0 0 0 0 0 0 2 2 1 1 0 0 0 0 0 0 0 0 0 0 0 0 0 0 0 1 1 1 1 2 4 4 4 8 10 18 39 40 34 21 25 41 42 53 75 58 54 66 80 64 55 62 61 18 23 46 50 63 74 37 73 61 78 53 69 36 45 30 16 9 8 12 7 4 2 1
0 0 0 0 0 0 0 0 0 0 0 0 0 0 0 0 0 0 0 0 0 0 1 1 0 0 1 3 1 0 0 0 0 0 0 0 0 0 0 0 0 0 0 0 0 0 1 1 2 2 4 5 7 10 10 19 31 55 34 32 23 47 62 76 58 50 55 54 39 56 69 44 32 16 25 42 62 58 81 60 32 25 41 59 38 43 32 25 12 12 7 4 3 3 3 3
0 0 0 0 0 0 0 0 0 0 0 0 0 0 0 0 0 0 0 0 0 0 0 1 0 1 1 6 2 1 1 1 0 0 0 0 0 0 0 0 0 0 0 0 0 0 0 0 1 2 3 3 5 5 15 21 16 17 15 31 21 22 28 43 29 18 33 47 36 51 26 48 42 26 44 28 29 66 41 50 41 29 26 30 17 19 24 26 11 10 3 2 2 1 1 1
0 0 0 0 0 0 0 0 0 0 0 0 0 0 0 0 0 0 0 0 1 1 0 0 2 0 0 3 5 5 1 1 0 0 0 0 0 0 0 0 0 0 0 0 0 0 0 0 1 1 1 2 3 6 10 6 9 10 12 15 19 19 24 30 37 50 56 65 53 55 66 67 47 22 39 55 29 58 50 56 56 49 36 54 28 11 12 8 5 6 2 1 1 1 1 1
0 0 0 0 0 0 0 0 0 0 0 0 0 0 0 0 0 0 0 0 1 1 1 1 1 1 1 1 5 4 1 1 0 0 0 0 0 0 0 0 0 0 0 0 0 0 0 1 1 1 2 2 3 3 3 4 3 4 5 6 6 7 8 30 42 44 29 50 52 51 50 48 43 26 29 52 50 44 47 69 57 53 49 47 30 21 9 7 5 4 3 2 1 1 1 0
0 0 0 0 0 0 0 0 0 0 0 0 0 0 0 0 0 0 0 1 1 1 0 1 3 1 1 1 4 4 2 1 0 0 0 0 0 0 0 0 0 0 1 1 1 1 0 1 2 3 5 5 2 2 2 4 3 5 10 14 11 19 17 15 14 18 27 30 33 48 64 71 71 28 43 37 69 53 59 43 41 51 49 38 32 41 26 10 5 2 1 1 1 1 0 0
0 0 0 0 0 0 0 0 0 0 0 0 0 0 0 0 0 0 0 0 1 1 0 1 1 2 2 3 7 5 3 1 0 0 0 0 0 0 0 0 0 0 0 1 1 2 1 1 1 4 6 11 7 4 5 7 15 18 22 39 34 33 30 22 33 53 36 33 29 44 65 66 69 64 48 63 76 43 62 40 61 61 46 55 35 24 23 19 18 4 1 1 1 0 0 0
0 0 0 0 0 0 0 0 0 0 0 0 0 0 0 0 0 0 0 0 1 1 0 0 1 1 7 6 3 2 1 1 0 0 0 0 0 0 0 0 0 0 1 1 1 1 2 4 2 3 5 6 7 13 10 17 21 28 47 44 32 35 46 37 28 23 39 48 28 39 23 24 27 24 59 24 40 75 50 38 17 31 67 59 33 27 33 13 11 3 4 1 0 1 0 0
0 0 0 0 0 0 0 0 0 0 0 0 0 0 0 0 0 0 0 1 1 1 1 0 1 2 3 10 2 1 1 0 0 0 0 0 0 0 0 0 0 1 1 1 1 2 2 3 5 4 6 7 12 28 14 18 27 32 35 48 48 63 59 57 46 29 42 45 60 44 49 43 47 41 80 38 24 28 31 30 18 7 59 64 42 38 39 31 10 8 5 3 2 2 0 0
0 0 0 0 0 0 0 0 0 0 0 0 0 0 0 0 0 0 0 0 1 1 3 1 1 2 3 9 3 1 0 0 0 0 0 0 0 0 0 0 0 1 1 1 2 3 6 5 6 13 11 19 19 20 23 21 26 32 60 54 59 57 53 67 67 45 36 42 46 39 73 52 42 49 52 60 48 60 56 43 39 24 14 46 39 38 43 26 9 5 2 1 1 0 0 0
1 0 0 0 0 0 0 0 0 0 0 0 0 0 0 0 0 0 0 0 1 1 1 3 0 1 3 6 3 2 1 0 0 0 0 0 0 0 0 0 1 1 1 2 4 4 11 10 7 5 21 36 51 30 28 14 27 30 57 47 73 62 55 51 51 47 30 45 35 72 36 40 44 51 42 28 35 39 41 35 28 23 22 18 29 17 7 15 10 3 2 1 0 0 0 0
1 0 0 0 0 0 0 0 0 0 0 0 0 0 0 0 0 0 0 0 1 1 2 4 1 2 4 9 5 2 2 1 0 0 0 0 0 0 0 1 1 1 1 4 4 8 12 15 16 13 17 30 37 41 30 16 29 37 27 53 72 68 28 74 32 51 49 41 37 60 42 27 36 63 62 46 52 56 56 52 61 30 25 18 13 7 9 7 3 4 1 1 0 0 0 0
0 0 0 0 0 0 0 0 0 0 0 0 0 1 1 0 0 0 1 1 1 1 3 8 4 4 8 7 4 4 2 1 0 0 0 0 0 0 0 0 1 1 2 3 5 10 14 18 20 26 24 35 51 54 43 18 30 43 52 47 59 64 26 55 58 54 64 35 49 46 30 47 58 53 42 33 32 42 46 23 40 45 43 18 17 7 5 5 2 1 1 1 1 1 0 0
0 0 0 0 0 0 0 0 0 0 0 0 0 1 1 0 0 0 0 3 2 1 3 8 6 2 2 22 11 3 2 1 0 0 0 0 1 1 0 1 1 2 2 4 8 8 19 22 28 40 28 44 57 42 51 18 30 40 46 59 53 54 54 55 63 63 56 55 49 34 47 54 57 52 44 36 32 46 40 32 30 27 49 41 17 18 11 3 1 1 1 0 1 0 0 0
0 0 0 0 0 0 0 0 0 0 1 0 0 1 1 1 0 0 1 2 3 2 3 8 13 3 5 25 7 4 3 1 1 0 0 1 1 0 1 1 2 3 3 6 7 9 28 29 35 42 44 40 36 49 76 39 22 45 62 48 38 34 33 60 61 60 56 69 53 33 41 44 60 56 60 52 54 73 59 50 39 33 31 24 23 22 10 5 3 2 1 1 1 0 0 0
0 0 0 0 0 0 0 0 0 0 1 1 0 1 2 2 1 0 2 2 2 4 4 10 21 23 19 25 12 6 3 1 0 0 0 0 1 1 1 2 2 4 7 6 5 9 25 37 44 41 49 58 55 56 81 59 51 18 38 72 55 51 38 38 34 65 68 68 41 36 33 65 58 44 45 42 50 75 58 41 52 23 17 12 13 10 12 7 2 1 1 1 0 0 0 0
0 0 0 0 0 0 0 0 0 0 1 1 1 1 2 4 1 1 2 3 3 6 6 14 29 43 18 24 7 4 3 1 0 0 0 0 0 2 1 2 3 3 6 7 9 19 26 27 46 53 55 57 68 81 83 79 37 21 49 63 70 52 43 46 49 43 34 39 37 37 64 57 33 59 34 39 30 52 43 41 32 34 44 18 8 6 3 2 2 1 1 1 0 0 0 0
0 0 0 0 0 0 0 0 1 1 1 1 2 1 3 5 1 2 1 6 9 8 7 17 31 24 10 5 3 3 1 1 0 0 0 0 1 2 2 2 2 6 3 16 11 17 28 25 34 64 64 43 69 75 76 80 65 33 26 28 44 64 57 50 44 31 14 9 23 36 74 51 47 53 89 77 60 54 49 50 54 47 26 28 17 13 6 4 3 1 1 0 0 0 0 0
0 0 0 0 0 0 0 1 0 1 2 2 4 1 4 5 3 5 2 5 16 14 25 16 39 19 7 5 2 1 1 0 0 0 0 0 0 1 2 3 5 4 5 7 27 16 20 33 52 72 68 59 54 52 63 82 77 39 31 34 47 43 47 43 30 40 28 18 49 57 32 53 68 73 65 81 60 72 56 64 62 39 23 8 10 6 6 4 2 1 1 0 0 0 0 0
0 0 0 0 0 0 0 1 1 1 2 3 7 3 6 10 3 7 11 4 8 20 12 50 25 23 5 3 2 1 0 0 0 0 0 1 1 0 1 1 2 4 8 23 16 20 37 44 45 57 72 76 51 50 41 47 75 63 46 24 33 25 22 16 15 7 21 46 40 50 37 22 32 60 29 61 82 79 69 63 62 35 17 12 8 3 2 1 2 1 0 0 0 0 0 0
0 0 0 0 1 0 1 1 1 1 2 4 5 9 5 14 5 6 18 15 16 32 17 39 39 11 3 2 0 0 0 1 1 0 1 1 1 1 1 2 2 3 8 18 42 26 22 35 43 62 64 68 67 63 47 42 46 67 51 29 33 28 34 30 36 18 15 38 42 46 46 46 48 35 32 28 53 60 67 40 21 18 13 9 4 2 2 1 1 0 0 0 0 0 0 0
0 0 0 1 1 0 1 1 1 2 3 4 6 9 11 28 9 9 21 25 24 40 68 34 15 12 6 2 1 1 1 1 1 0 0 1 1 1 2 2 3 5 9 17 24 46 33 35 49 59 68 60 69 68 57 41 29 54 48 38 21 25 28 32 38 28 19 48 39 36 46 45 75 57 50 36 26 14 37 39 25 9 7 4 4 2 1 0 0 0 0 0 0 0 0 0
0 0 0 1 1 1 1 1 1 2 7 5 6 8 32 30 14 16 18 30 32 51 66 15 23 13 4 3 3 3 4 4 1 1 0 1 1 2 3 2 4 10 18 22 21 40 33 62 52 66 63 83 62 44 44 38 55 21 19 70 30 21 49 44 29 23 37 62 39 31 35 59 81 63 48 38 34 30 19 24 21 13 6 4 3 2 1 0 0 0 0 0 0 0 0 0
0 0 0 1 1 1 1 2 2 3 9 6 16 15 22 31 42 28 34 26 45 45 77 56 22 8 8 8 5 8 6 5 1 1 1 0 1 3 2 4 8 11 22 39 50 40 60 27 15 30 65 35 55 50 59 41 18 12 15 24 38 12 33 28 15 26 59 30 34 32 21 26 18 33 44 34 34 31 21 14 12 6 7 5 4 3 2 2 1 0 0 0 0 0 1 0
0 0 0 1 1 2 1 3 4 5 4 9 8 27 33 16 15 53 38 40 38 62 68 37 21 16 16 13 16 24 6 2 1 1 1 0 1 1 7 6 10 15 20 47 33 58 51 48 37 53 58 16 64 72 64 31 44 33 31 14 56 10 23 21 13 18 27 55 45 21 40 65 54 59 53 43 33 33 28 25 15 13 9 7 5 5 4 1 1 0 0 0 0 0 1 0
0 1 1 1 2 3 1 2 3 7 10 15 8 8 19 46 20 16 61 64 39 61 72 43 41 17 36 49 23 8 4 3 2 1 1 0 1 1 2 6 9 26 33 26 21 39 44 62 66 65 51 45 62 76 75 75 57 25 23 21 44 18 19 22 11 17 39 23 16 17 37 45 46 49 56 56 36 31 18 18 8 5 5 13 9 6 2 1 0 0 0 0 1 1 1 0
0 1 1 2 2 2 3 3 4 3 6 18 7 7 18 37 45 41 11 32 46 67 51 40 31 50 27 10 10 5 5 5 3 1 1 1 1 2 4 5 4 13 18 15 25 36 45 44 65 64 64 58 76 76 67 60 34 49 16 21 24 35 9 17 25 20 9 36 43 43 33 49 61 55 49 53 30 22 14 19 25 14 22 12 9 3 3 1 0 1 1 1 1 1 1 1
0 1 1 2 3 5 4 8 8 6 5 11 29 10 28 28 37 57 42 19 33 68 28 49 69 24 18 16 12 12 7 3 1 2 2 1 2 3 5 5 8 15 15 12 28 43 24 24 51 53 32 27 42 41 50 26 43 29 49 11 20 29 21 12 48 58 29 59 63 40 61 58 67 69 68 63 44 27 29 25 28 21 23 10 8 5 2 1 1 1 1 1 2 3 1 0
1 1 2 1 2 9 14 9 9 8 18 12 19 44 23 29 43 21 66 38 38 35 77 59 41 40 34 29 21 15 6 2 1 1 3 1 2 3 7 11 12 21 29 29 31 25 35 44 33 34 34 30 31 35 34 40 33 33 33 44 9 5 18 41 44 26 38 45 62 48 64 52 54 67 69 49 36 42 31 29 32 26 13 12 7 3 1 1 1 1 2 2 3 2 1 1
1 3 2 2 2 7 8 18 23 11 19 25 29 34 53 32 51 29 25 55 30 35 70 68 56 40 30 31 23 9 7 5 3 1 2 1 1 3 5 14 22 27 17 32 31 40 36 38 46 50 42 31 33 37 43 40 25 22 25 34 19 11 22 12 16 41 42 48 29 40 56 52 58 47 52 71 38 32 16 13 14 13 20 12 5 2 1 1 1 1 2 2 7 2 1 1
1 2 3 2 4 4 10 11 15 23 36 30 32 39 62 64 32 26 34 32 63 68 74 59 58 58 44 38 26 15 9 6 4 2 4 1 1 3 6 13 22 39 36 41 43 46 44 61 42 45 46 37 26 34 31 48 42 20 7 8 13 14 17 14 18 8 5 5 12 51 35 41 55 51 49 36 25 10 8 21 31 25 8 11 11 6 2 2 2 3 3 2 9 3 2 1
2 4 5 6 7 5 7 15 21 25 42 47 48 42 56 63 48 47 38 42 39 69 69 63 43 50 40 36 19 23 14 8 5 4 6 1 4 6 9 11 7 33 45 48 45 54 61 49 46 62 65 60 25 33 43 39 22 24 11 5 6 10 24 13 14 19 29 34 28 30 29 31 33 29 43 17 18 19 13 42 34 12 17 13 10 10 4 6 5 3 2 2 6 3 2 2
2 4 13 7 10 11 9 19 28 32 33 52 50 47 70 50 57 66 52 42 44 61 55 50 43 47 42 35 28 14 13 10 11 8 2 0 3 9 15 21 19 34 51 44 47 55 46 37 52 74 67 61 59 39 44 33 26 25 13 14 14 10 18 14 28 37 57 54 35 42 37 43 33 21 18 25 39 44 25 41 33 27 19 14 9 8 9 8 3 3 3 1 3 6 1 1
3 3 11 18 13 13 13 26 34 35 36 40 56 65 67 64 55 71 53 38 47 81 57 70 48 50 51 46 32 18 22 17 10 6 3 1 2 7 22 37 34 44 39 61 49 53 48 39 49 41 37 36 48 50 25 19 20 19 14 20 21 11 12 22 37 45 47 39 46 25 38 25 15 20 22 53 40 49 51 14 28 23 28 25 13 10 20 10 4 5 2 3 5 4 1 2
4 3 8 25 26 17 22 30 33 39 46 38 53 66 68 58 55 45 56 39 48 66 65 74 57 48 42 35 37 23 31 16 10 6 6 3 4 9 20 31 55 62 61 48 62 38 39 53 43 33 32 37 39 37 67 37 15 18 18 19 16 16 18 14 18 20 39 47 27 17 18 27 28 43 37 59 53 54 34 40 29 16 32 22 14 17 17 8 9 4 2 3 11 4 2 4
7 19 16 21 29 21 18 35 37 39 52 41 22 32 71 76 70 53 48 66 47 80 80 49 57 60 31 34 28 34 25 19 14 4 5 3 5 17 19 29 30 51 52 64 58 58 37 56 62 34 47 53 50 48 47 24 26 13 20 9 8 13 19 23 27 25 48 15 22 8 26 43 60 33 45 62 38 39 51 39 9 16 32 30 31 21 13 6 10 7 3 5 9 7 5 5
10 13 29 34 34 23 24 37 40 39 42 52 44 46 53 72 67 34 44 69 45 79 65 65 61 38 19 39 29 35 38 25 20 9 6 4 7 19 22 37 57 45 36 63 40 51 52 42 57 54 68 61 58 48 40 24 26 10 12 18 7 11 29 27 11 40 20 17 44 38 57 45 41 55 46 28 43 63 29 13 11 33 48 32 28 27 11 8 6 6 9 6 5 16 7 7
17 25 30 38 40 29 40 40 43 45 29 47 47 58 57 63 65 67 74 77 73 74 61 62 51 55 45 43 49 28 40 40 21 14 15 5 7 20 41 41 52 51 54 56 55 47 57 28 47 48 58 53 49 38 40 29 41 22 16 10 9 17 5 19 15 26 22 38 37 32 30 46 66 72 49 39 66 48 42 29 29 31 11 16 29 28 12 10 7 13 12 7 5 33 12 15
22 27 27 33 11 26 52 34 50 53 42 43 55 60 52 64 52 75 71 79 71 64 73 54 49 57 68 64 34 45 34 36 30 14 12 5 7 24 30 43 46 40 63 61 61 46 32 68 43 73 47 52 36 54 37 52 27 28 21 7 6 19 32 34 8 18 27 46 50 28 25 56 78 69 42 66 56 34 39 74 59 21 26 36 22 15 15 7 10 13 14 9 14 41 28 22
24 19 11 7 6 12 53 35 22 31 41 31 35 56 74 72 43 43 73 64 72 68 73 71 32 54 70 45 39 42 28 46 40 31 11 2 5 18 26 47 43 44 53 66 71 66 38 28 12 15 55 62 29 44 39 56 39 25 13 7 10 24 18 35 25 23 28 24 46 33 40 68 74 44 52 68 57 13 53 48 32 45 57 39 24 19 14 5 17 17 18 12 26 65 35 17
27 30 23 24 22 17 31 52 19 23 22 45 38 48 70 63 74 45 57 75 70 79 79 77 58 36 56 58 49 31 54 38 37 24 12 5 4 10 27 53 25 46 66 69 66 49 47 46 41 39 33 41 61 33 16 17 18 11 13 4 8 12 6 13 21 15 24 12 20 26 60 50 56 66 46 41 26 26 43 35 38 56 49 28 17 7 5 5 13 18 19 16 34 46 37 12
44 30 36 35 24 30 27 29 37 36 32 64 44 49 44 53 71 75 70 83 83 73 76 59 29 43 53 46 42 48 54 43 21 20 22 9 8 5 19 34 12 27 37 39 43 39 40 33 68 61 46 41 35 25 27 16 10 35 3 2 1 8 12 10 29 31 15 9 42 49 24 38 23 42 38 32 14 57 46 62 39 35 22 19 17 9 7 14 15 22 22 29 35 52 15 11
28 29 36 33 39 25 22 41 61 61 28 28 56 56 31 33 28 49 77 78 50 44 47 50 57 20 51 55 35 64 44 39 35 22 25 10 16 5 13 33 44 21 32 41 27 36 17 10 22 35 23 62 58 44 22 3 2 2 5 3 3 8 6 17 22 33 13 42 40 25 32 31 37 37 17 28 53 61 68 37 36 34 34 35 19 10 8 17 24 27 26 22 47 54 41 14
28 48 38 40 42 42 31 46 62 50 51 35 25 46 58 35 57 46 35 69 47 59 64 62 50 40 53 36 36 63 49 47 29 13 22 12 14 10 5 18 29 55 49 34 30 41 41 21 30 41 51 53 33 35 31 19 11 8 5 2 2 4 11 12 15 14 28 47 52 49 32 31 21 14 46 49 43 56 53 34 27 32 35 23 17 16 10 24 30 20 32 29 16 32 51 22
38 37 37 32 41 59 32 46 50 58 50 43 56 40 25 58 57 45 47 69 72 31 28 43 39 61 55 68 40 41 54 39 25 41 20 10 13 19 8 21 36 55 64 28 33 56 40 17 33 41 24 40 26 34 33 15 14 12 7 7 5 4 1 11 14 19 33 15 15 14 25 15 41 53 32 36 33 32 31 25 17 25 28 28 23 14 13 19 37 23 38 27 31 29 41 28
35 35 55 41 51 59 25 40 55 61 58 49 54 55 67 51 71 82 62 67 65 37 46 50 55 75 67 75 46 46 46 45 48 20 15 9 10 34 13 13 28 45 35 42 48 53 14 9 62 80 33 40 37 18 14 13 24 11 5 2 4 3 4 8 11 8 8 15 30 37 40 43 23 30 24 14 18 37 28 24 35 49 26 24 27 13 22 25 42 24 30 9 4 14 36 59
37 42 56 56 49 44 26 40 58 64 61 49 40 39 59 73 52 47 67 65 45 29 46 39 66 62 78 59 55 68 62 51 28 24 10 3 4 37 14 14 16 31 31 32 42 42 3 20 34 40 55 43 33 10 7 5 4 4 5 2 1 6 2 2 3 2 6 19 45 62 62 57 32 20 16 22 59 48 31 33 47 35 32 40 10 17 28 34 23 17 8 7 19 24 26 44
43 27 31 57 48 57 46 21 54 56 64 51 54 39 53 44 68 44 40 49 32 51 48 49 46 69 58 70 70 78 57 57 39 32 22 2 18 35 12 15 25 14 26 32 33 29 8 22 20 25 35 27 38 33 27 10 6 6 7 5 2 12 1 1 1 6 20 50 26 33 43 22 15 19 34 45 50 34 27 59 48 39 44 17 16 33 54 22 7 6 12 26 21 56 43 48
40 13 35 52 62 55 56 37 25 46 59 40 50 48 59 63 53 50 53 52 22 56 84 57 53 56 39 49 54 58 58 55 34 18 20 9 21 16 23 18 30 28 26 34 43 35 24 18 15 20 21 37 21 27 20 9 6 6 7 12 4 5 4 2 5 23 11 24 27 19 39 37 26 45 42 48 50 47 45 60 45 29 18 12 34 44 13 6 8 15 19 39 48 50 56 45
37 18 21 16 46 56 65 44 10 28 50 38 50 40 73 65 54 23 38 51 31 63 66 51 50 25 55 62 61 55 57 41 40 33 18 16 18 14 19 14 6 25 22 39 35 41 48 60 46 42 31 52 35 16 9 4 9 4 6 11 9 2 1 4 21 22 8 17 13 16 25 51 54 68 35 30 57 57 43 36 23 33 9 27 32 13 4 16 18 29 34 38 45 59 62 49
49 34 42 13 47 64 61 40 14 9 12 41 54 37 41 57 37 51 51 61 53 29 52 61 43 37 61 66 57 49 39 32 42 33 30 29 31 9 25 18 8 11 19 27 36 26 22 19 20 17 15 30 13 8 12 30 22 9 6 2 2 1 4 13 8 11 8 9 23 10 23 51 55 52 42 44 62 59 52 41 25 14 26 27 16 5 12 32 30 30 39 35 47 49 51 52
60 30 45 16 21 53 41 23 16 15 17 21 32 64 53 51 46 42 40 58 45 55 69 48 47 62 40 55 59 51 35 43 31 20 36 33 22 18 17 27 19 12 17 19 26 24 39 26 22 34 43 31 14 12 3 17 16 11 6 8 8 8 2 7 11 5 5 11 12 18 29 44 51 53 42 38 37 38 58 23 14 15 24 8 10 28 31 32 34 35 36 31 25 21 35 54
49 30 44 23 16 53 42 48 36 35 23 26 38 51 60 66 71 62 45 46 39 40 49 58 68 59 68 70 57 38 40 41 24 20 55 35 21 23 18 8 9 14 15 29 27 29 38 26 37 28 35 18 33 15 5 10 41 16 5 6 9 1 2 2 3 10 4 9 17 18 21 39 52 50 46 21 33 53 43 41 37 17 7 13 17 22 21 44 46 33 42 35 31 21 29 13
39 33 47 36 27 33 24 50 28 29 32 26 39 36 31 48 49 51 51 51 61 33 42 75 66 68 57 46 51 45 43 41 40 24 45 35 32 21 34 12 27 29 11 16 31 43 46 34 40 44 26 15 31 10 10 18 23 10 8 6 5 1 2 2 12 10 24 26 9 8 31 31 21 34 33 24 47 63 72 39 21 11 5 15 10 44 37 33 39 44 63 58 32 28 32 14
54 34 48 35 23 21 14 38 48 35 36 37 34 36 31 50 40 43 26 31 50 28 54 66 69 49 56 58 50 44 39 41 34 43 47 35 46 61 23 16 19 19 23 17 42 26 36 39 30 30 41 33 17 14 21 20 36 8 9 6 5 2 2 2 4 6 33 28 11 14 22 21 40 46 22 64 60 46 39 37 15 4 11 26 23 30 45 28 42 55 51 56 27 24 29 14
56 37 63 39 19 22 36 24 59 32 50 48 30 21 30 26 26 38 35 32 13 57 47 42 46 41 59 49 36 42 42 22 35 47 29 58 31 61 38 19 34 17 34 23 35 46 39 38 25 38 37 22 16 26 20 21 14 12 6 11 5 4 2 1 3 12 22 18 18 27 17 14 29 32 65 53 30 31 33 36 19 12 15 31 52 36 39 51 52 44 45 35 28 21 27 13
52 36 66 41 18 16 63 41 40 34 36 48 28 36 32 30 32 42 39 27 12 24 12 15 30 31 65 64 57 39 26 22 36 57 44 25 43 40 35 20 32 10 30 12 23 39 50 40 29 42 28 39 18 17 30 27 24 9 11 15 3 1 1 2 2 3 7 22 34 21 19 31 50 64 50 25 23 59 38 25 20 15 32 22 49 51 33 46 46 42 37 25 47 25 20 9
63 35 55 25 17 25 38 40 32 63 56 39 40 30 31 31 44 40 39 37 10 19 22 46 54 55 51 49 47 34 20 23 54 41 44 38 60 32 25 22 33 10 28 21 25 32 58 41 29 41 42 38 18 9 25 25 16 6 7 6 8 2 1 3 3 3 5 18 13 16 20 37 36 29 31 25 27 45 29 9 10 21 43 43 46 46 19 35 60 55 33 22 44 13 19 15
64 38 55 26 18 26 26 63 37 59 72 62 34 23 21 36 59 46 14 27 7 25 23 39 25 30 27 45 24 19 35 25 71 52 52 48 49 25 18 43 22 17 19 50 52 37 40 38 50 42 34 32 29 21 22 14 21 13 8 3 2 1 3 4 3 4 4 6 22 17 20 16 26 22 39 33 41 44 37 13 10 37 45 48 45 44 18 30 47 46 21 22 20 25 26 24
76 64 24 41 21 21 44 62 45 38 60 55 63 19 42 64 44 44 29 22 17 13 21 16 19 23 52 29 38 34 34 45 13 29 15 34 28 19 12 42 19 15 4 21 71 42 32 46 48 37 35 30 25 15 35 35 29 18 6 4 2 2 4 1 2 5 4 8 21 8 22 24 31 24 38 47 26 43 33 20 18 45 35 30 39 28 34 34 26 33 44 24 20 37 29 21
62 30 27 37 22 20 60 57 61 32 22 43 69 15 28 26 24 39 23 29 7 6 22 36 39 33 26 42 42 24 55 24 38 24 42 35 24 28 17 32 14 28 13 15 48 59 40 41 50 49 39 37 24 27 17 14 20 8 8 7 2 1 3 1 3 5 4 9 15 19 39 47 47 38 44 59 10 52 30 27 27 26 35 20 27 21 38 51 34 23 38 26 22 26 32 27
59 34 16 43 33 30 46 13 38 57 17 28 59 40 14 27 27 27 14 17 15 30 54 28 30 27 37 55 34 36 31 43 54 69 48 34 55 24 32 38 17 17 19 22 35 41 32 67 44 39 30 37 40 28 8 12 19 15 8 6 5 2 2 1 2 3 4 5 8 17 26 30 44 56 38 16 30 51 42 19 16 24 44 18 30 37 42 29 41 29 17 32 36 27 18 23
62 17 30 42 27 28 37 9 11 13 32 57 30 47 20 26 15 15 9 20 18 15 15 29 23 24 25 36 42 47 27 37 53 35 23 52 25 18 43 24 32 36 28 28 33 40 33 34 50 24 20 16 32 36 15 11 11 7 6 7 4 2 2 1 1 3 6 7 11 24 19 35 37 20 31 26 39 27 16 9 13 38 35 39 25 31 35 27 23 32 32 21 17 33 11 12
67 18 28 48 25 47 43 22 9 12 29 50 65 59 23 18 24 24 26 6 8 10 25 37 16 13 33 59 33 28 22 51 21 34 59 14 20 27 37 20 37 33 25 47 48 56 46 28 34 33 18 18 34 36 26 18 9 3 2 1 2 5 1 1 1 3 6 11 11 25 28 48 37 23 7 27 45 13 17 16 21 31 40 35 21 30 26 26 12 36 22 43 21 11 6 5
50 23 30 55 19 43 56 37 18 17 12 34 27 44 50 14 19 16 13 19 18 13 12 12 5 16 47 50 49 15 55 14 17 51 38 20 32 37 49 32 10 45 41 46 62 53 43 18 28 53 42 15 9 16 24 25 6 6 3 2 1 3 4 2 2 17 33 15 7 11 37 46 32 18 9 36 34 24 19 16 19 29 31 35 32 21 11 28 19 33 27 10 27 8 10 15
46 23 25 49 18 41 47 16 14 19 26 26 17 21 29 25 8 13 17 5 7 5 8 5 9 18 72 32 36 16 51 34 13 58 30 18 34 60 43 29 18 42 47 55 30 51 35 33 20 19 25 35 13 8 12 22 9 5 2 2 1 2 3 3 12 16 19 30 32 37 44 46 32 8 15 37 24 12 12 18 22 19 38 15 21 17 11 14 20 14 26 9 9 24 18 12
70 32 54 31 13 54 26 14 21 16 38 16 35 20 13 17 7 4 6 5 15 31 9 4 7 15 41 26 12 44 28 23 45 41 36 16 29 61 62 33 19 34 35 58 56 47 25 31 30 13 12 12 19 14 7 3 7 3 4 1 3 4 3 21 41 47 61 57 55 72 50 47 27 5 40 52 14 12 14 22 19 22 35 18 33 31 7 13 19 13 13 6 8 7 8 15
70 53 9 13 11 38 15 17 30 32 27 28 28 24 8 12 6 2 9 9 13 11 3 9 6 26 25 13 36 11 24 49 43 23 25 35 46 70 58 27 25 42 36 45 40 28 41 44 27 26 20 10 18 16 10 4 3 3 3 1 4 3 9 12 11 9 43 55 62 72 72 47 8 27 42 56 22 3 11 39 19 39 19 28 19 41 6 19 22 12 16 5 25 6 13 4
64 16 12 18 18 23 5 16 23 33 14 36 45 21 12 6 8 1 5 2 11 10 2 6 6 38 6 33 38 10 52 50 20 15 41 35 17 71 55 13 23 30 29 38 46 36 30 32 19 13 20 8 6 15 7 3 2 1 3 2 6 7 15 18 23 18 42 68 75 61 57 8 18 33 51 59 41 10 23 27 20 22 21 26 27 32 4 8 21 16 21 10 10 6 5 7
