sesion_6_simulaciones/modelos_agentes/ejemplos_netlogo/scenarios/cgcm2_b2/rob_2025.asc
NCOLS 322 
NROWS 307 
XLLCORNER 451900 
YLLCORNER 4086900 
CELLSIZE 100 
NODATA_value -9999 
[rows 225 to 299 of 307, columns 96 to 191 of 322]
0 0 0 0 0 0 0 0 0 0 0 0 0 0 0 0 0 0 0 0 0 0 0 0 0 0 0 0 0 1 1 0 0 0 0 0 0 0 0 0 0 0 0 0 0 0 0 0 1 1 2 3 9 10 6 7 10 14 17 17 43 60 41 46 60 86 77 59 66 63 75 63 41 30 49 62 54 52 60 63 48 31 14 26 50 50 22 17 12 6 23 20 12 7 3 2
0 0 0 0 0 0 0 0 0 0 0 0 0 0 0 0 0 0 0 0 0 0 0 0 0 0 0 0 1 1 0 0 0 0 0 0 0 0 0 0 0 0 0 0 0 0 0 1 1 1 2 5 5 6 8 9 20 18 18 25 15 27 52 46 54 87 66 72 43 76 62 64 47 33 58 70 65 46 58 81 44 44 57 35 28 13 12 18 13 12 5 5 6 3 1 1
0 0 0 0 0 0 0 0 0 0 0 0 0 0 0 0 0 0 0 0 0 0 0 0 0 0 1 1 1 0 0 0 0 0 0 0 0 0 0 0 0 0 0 0 0 0 0 0 1 1 1 2 2 3 5 9 24 28 23 15 19 35 38 51 73 59 52 65 80 68 60 66 65 22 27 52 56 67 75 37 73 57 75 45 62 26 33 17 9 4 3 5 3 2 1 0
0 0 0 0 0 0 0 0 0 0 0 0 0 0 0 0 0 0 0 0 0 0 0 1 0 0 1 1 1 0 0 0 0 0 0 0 0 0 0 0 0 0 0 0 0 0 0 0 1 1 2 2 3 4 4 11 18 41 22 22 16 38 54 70 55 49 53 52 38 57 70 45 32 20 28 45 68 61 82 58 30 23 34 49 28 30 19 14 7 5 4 2 1 1 1 1
0 0 0 0 0 0 0 0 0 0 0 0 0 0 0 0 0 0 0 0 0 0 0 0 0 0 0 3 1 0 1 0 0 0 0 0 0 0 0 0 0 0 0 0 0 0 0 0 1 1 1 1 2 2 7 12 8 9 9 20 14 15 22 35 26 16 33 47 40 55 31 48 47 33 49 32 29 69 44 53 41 25 19 21 10 12 13 13 5 5 2 1 1 1 1 1
0 0 0 0 0 0 0 0 0 0 0 0 0 0 0 0 0 0 0 0 0 0 0 0 1 0 0 2 2 2 1 0 0 0 0 0 0 0 0 0 0 0 0 0 0 0 0 0 0 0 0 1 1 2 5 3 4 5 7 9 11 13 15 23 31 47 56 66 53 55 68 70 50 28 44 63 34 63 54 59 56 46 29 41 19 6 7 3 2 3 1 1 0 1 1 0
0 0 0 0 0 0 0 0 0 0 0 0 0 0 0 0 0 0 0 0 0 0 0 0 0 0 0 1 3 2 1 0 0 0 0 0 0 0 0 0 0 0 0 0 0 0 0 0 0 0 1 1 1 2 1 2 1 2 2 3 4 4 6 20 35 38 27 50 54 53 55 53 45 32 36 58 52 44 49 68 56 48 43 35 20 12 5 3 2 2 1 1 0 0 0 0
0 0 0 0 0 0 0 0 0 0 0 0 0 0 0 0 0 0 0 0 0 0 0 0 1 1 0 0 2 2 1 1 0 0 0 0 0 0 0 0 0 0 0 0 0 0 0 0 1 1 2 2 1 1 1 2 1 2 6 7 7 12 11 11 10 13 24 30 31 50 68 75 72 37 51 44 73 52 59 46 42 46 40 30 21 28 14 5 3 1 1 0 0 0 0 0
0 0 0 0 0 0 0 0 0 0 0 0 0 0 0 0 0 0 0 0 0 1 0 0 0 1 1 2 3 2 1 1 0 0 0 0 0 0 0 0 0 0 0 0 0 1 1 0 1 2 2 4 3 2 2 3 8 9 12 26 23 26 22 18 26 48 35 32 31 42 64 65 69 68 58 67 76 45 60 40 61 55 38 45 23 13 14 9 9 2 1 0 0 0 0 0
0 0 0 0 0 0 0 0 0 0 0 0 0 0 0 0 0 0 0 0 0 0 0 0 0 1 3 3 1 1 1 0 0 0 0 0 0 0 0 0 0 0 0 0 0 1 1 2 1 1 2 2 3 6 5 8 11 16 32 32 24 29 39 32 24 22 37 50 30 43 26 29 31 30 64 29 40 75 50 34 16 27 60 47 22 17 21 6 6 2 2 1 0 0 0 0
0 0 0 0 0 0 0 0 0 0 0 0 0 0 0 0 0 0 0 0 0 0 1 0 0 1 1 5 1 0 0 0 0 0 0 0 0 0 0 0 0 0 0 0 1 1 1 1 2 1 2 3 6 14 7 9 15 20 25 40 40 57 56 55 45 28 40 46 64 50 54 46 54 48 84 45 29 30 32 29 17 6 48 51 30 26 23 18 5 4 2 1 1 1 0 0
0 0 0 0 0 0 0 0 0 0 0 0 0 0 0 0 0 0 0 0 0 1 2 0 0 1 1 5 1 1 0 0 0 0 0 0 0 0 0 0 0 0 0 1 1 1 3 2 3 5 5 9 9 10 12 13 16 21 46 44 50 54 52 67 70 48 38 44 50 47 76 59 51 56 57 64 53 61 58 41 36 20 10 36 27 26 29 13 4 2 1 1 1 0 0 0
0 0 0 0 0 0 0 0 0 0 0 0 0 0 0 0 0 0 0 0 0 1 1 1 0 1 1 3 1 1 0 0 0 0 0 0 0 0 0 0 0 0 0 1 2 2 5 4 3 2 9 22 34 17 16 8 17 19 46 42 70 61 55 52 53 53 34 52 41 76 43 46 54 60 46 34 40 41 41 33 25 18 15 10 18 10 3 9 4 2 1 0 0 0 0 0
0 0 0 0 0 0 0 0 0 0 0 0 0 0 0 0 0 0 0 0 0 0 1 2 1 1 2 4 2 1 1 0 0 0 0 0 0 0 0 0 0 0 1 2 2 4 5 6 7 5 8 16 24 25 21 11 20 29 22 45 71 68 29 75 36 57 56 49 43 64 52 31 44 71 68 54 57 59 56 51 56 24 16 10 7 3 5 3 2 2 1 0 0 0 0 0
0 0 0 0 0 0 0 0 0 0 0 0 0 0 0 0 0 0 0 1 1 0 1 4 2 2 4 3 2 2 1 0 0 0 0 0 0 0 0 0 0 1 1 1 2 4 5 7 10 13 12 19 36 40 29 12 21 31 47 44 57 64 27 59 65 62 71 43 56 51 41 55 68 61 48 39 37 43 44 20 34 37 29 11 10 4 2 2 1 0 0 0 0 0 0 0
0 0 0 0 0 0 0 0 0 0 0 0 0 0 0 0 0 0 0 1 1 0 1 4 3 1 1 11 5 1 1 0 0 0 0 0 0 0 0 0 1 1 1 2 3 3 8 12 14 22 15 27 42 29 39 13 24 32 40 57 52 56 58 59 68 70 65 64 58 45 58 65 68 61 51 41 36 45 40 29 24 19 37 26 10 10 4 1 1 0 0 0 0 0 0 0
0 0 0 0 0 0 0 0 0 0 0 0 0 0 1 1 0 0 0 1 1 1 1 4 6 1 2 15 3 2 1 1 0 0 0 0 0 0 1 0 1 2 1 2 3 4 13 16 19 25 31 25 24 40 69 31 17 39 58 48 37 36 37 63 68 68 66 77 63 47 51 57 71 66 67 58 58 73 57 43 31 23 21 15 12 11 4 2 1 1 0 0 0 0 0 0
0 0 0 0 0 0 0 0 0 0 0 0 0 0 1 1 0 0 1 1 1 2 2 5 10 14 10 16 6 3 1 0 0 0 0 0 0 0 0 1 1 1 3 2 2 4 12 20 27 28 33 43 42 45 77 54 43 13 33 71 58 55 44 44 39 72 77 78 56 54 45 75 69 53 52 46 53 73 52 33 40 15 9 7 7 4 6 3 1 1 1 0 0 0 0 0
0 0 0 0 0 0 0 0 0 0 0 1 1 1 1 2 0 0 1 1 1 2 3 7 18 26 10 12 3 2 2 0 0 0 0 0 0 1 0 1 2 1 3 3 4 10 13 14 29 37 41 44 56 74 80 77 35 20 47 64 74 58 51 55 57 54 45 53 54 54 71 69 42 64 39 43 32 53 41 33 23 22 31 11 4 2 1 1 1 1 0 0 0 0 0 0
0 0 0 0 0 0 0 0 0 0 1 1 1 1 1 2 1 1 0 2 4 4 3 9 17 16 5 2 1 1 1 0 0 0 0 0 0 1 1 1 1 2 1 8 5 8 16 15 23 48 52 35 61 70 74 78 62 34 27 28 44 69 65 58 56 43 22 16 38 49 78 60 52 56 88 77 62 53 46 41 42 35 16 17 8 6 2 2 1 1 0 0 0 0 0 0
0 0 0 0 0 0 0 0 0 0 1 1 2 1 2 2 1 2 1 2 7 6 12 8 27 10 3 2 1 1 0 0 0 0 0 0 0 0 1 1 2 2 2 3 15 7 11 21 36 58 57 48 50 44 61 82 75 43 34 35 53 48 54 53 41 53 42 30 63 65 41 58 69 73 64 82 57 71 52 56 47 27 12 3 4 3 3 2 1 1 0 0 0 0 0 0
0 0 0 0 0 0 0 0 0 0 1 1 3 1 2 4 1 3 5 2 3 9 7 34 15 12 3 2 1 0 0 0 0 0 0 0 0 0 0 0 1 2 3 12 8 10 21 29 31 45 67 71 48 49 41 50 77 65 52 28 37 28 28 22 22 12 33 62 52 57 44 27 36 63 32 62 78 73 60 53 46 21 8 6 4 1 1 1 1 1 0 0 0 0 0 0
0 0 0 0 0 0 0 0 1 1 1 1 2 4 2 6 2 2 8 7 7 17 9 24 24 5 2 1 0 0 0 0 0 0 0 0 0 0 0 1 1 2 3 9 24 14 14 22 31 54 60 65 66 64 51 40 51 69 58 35 39 36 41 40 50 29 26 49 55 56 54 51 50 38 32 27 49 52 57 28 14 9 6 5 2 1 1 0 0 0 0 0 0 0 0 0
0 0 0 0 0 0 0 0 0 1 1 2 3 4 5 15 4 4 10 13 13 24 51 21 7 6 3 1 0 0 1 0 0 0 0 0 0 0 1 1 1 2 4 8 12 32 21 23 36 51 65 58 68 71 63 46 33 59 58 47 28 33 38 43 51 46 36 57 50 45 52 49 74 58 48 31 21 11 28 25 16 5 3 2 2 1 0 0 0 0 0 0 0 0 0 0
0 0 0 0 0 0 0 1 0 1 3 2 2 3 16 17 6 8 9 16 19 35 53 8 13 6 2 1 1 1 1 2 0 0 0 0 0 1 1 1 1 4 8 12 12 25 21 51 45 63 57 82 64 49 48 42 61 29 25 78 39 30 60 57 45 39 50 70 47 37 41 57 81 62 47 36 27 21 13 14 12 6 3 2 2 1 0 0 0 0 0 0 0 0 0 0
0 0 0 0 1 0 0 1 1 1 4 3 7 7 10 16 25 15 20 14 30 31 65 39 13 4 3 3 2 3 3 2 1 0 0 0 1 1 1 2 3 4 12 22 32 25 47 20 11 26 60 37 56 54 65 48 23 16 21 33 51 20 46 43 26 41 72 36 42 38 26 30 19 34 42 30 27 24 13 8 6 3 3 2 2 1 1 1 0 0 0 0 0 0 0 0
0 0 0 0 1 1 0 1 2 2 2 4 3 13 17 8 8 35 27 28 25 48 56 24 11 7 7 6 7 12 3 1 0 0 0 0 0 0 3 2 4 6 10 28 20 46 40 41 31 50 57 18 64 75 70 39 53 43 39 23 65 17 35 37 23 29 41 60 54 27 48 68 58 59 52 39 27 23 20 16 9 6 4 3 2 2 2 0 0 0 0 0 0 0 0 0
0 0 0 1 1 1 1 1 1 3 5 6 3 3 9 28 11 8 48 51 28 49 61 29 25 9 20 30 11 3 2 1 1 0 0 0 0 0 1 2 3 13 17 14 11 25 33 56 60 61 51 49 65 78 81 81 68 35 34 34 58 29 32 40 22 27 51 30 21 22 44 50 51 50 54 50 27 21 11 10 4 2 3 6 4 3 1 0 0 0 0 0 0 0 0 0
0 0 1 1 1 1 1 1 1 1 3 8 3 3 9 22 29 27 7 22 36 58 40 28 19 33 15 5 4 2 2 2 1 0 0 0 0 1 2 2 1 6 9 8 14 24 33 37 61 62 65 61 78 79 72 70 44 64 25 35 38 55 18 34 40 31 17 47 54 53 39 55 64 56 49 46 23 15 9 11 13 8 11 6 3 2 1 0 0 0 0 0 1 1 0 0
0 0 1 1 1 2 2 3 3 2 2 5 15 5 15 16 23 41 30 12 24 59 22 37 58 15 11 7 6 5 3 1 0 1 1 0 1 1 2 2 3 8 7 7 16 30 17 18 42 49 33 28 44 45 54 33 54 43 67 22 37 49 32 27 61 71 49 68 72 48 65 65 70 69 65 58 34 20 20 17 17 11 13 5 3 2 1 0 0 0 0 0 1 1 0 0
0 1 1 0 1 4 6 4 4 3 8 5 9 27 12 17 30 13 54 28 29 32 69 48 28 25 19 15 11 6 2 1 1 1 1 0 1 1 3 4 5 10 16 17 18 17 26 38 31 31 35 33 33 39 38 48 45 46 50 62 20 13 35 60 63 39 53 60 69 56 69 58 57 67 64 43 28 32 22 19 19 16 7 6 3 1 0 0 0 0 1 1 1 1 0 0
1 1 1 1 1 3 4 8 10 5 9 13 16 20 37 20 37 20 17 48 24 30 64 58 42 25 19 16 11 4 3 2 1 0 1 0 1 1 2 7 10 14 10 20 20 30 28 32 42 48 44 36 38 41 49 48 33 33 39 51 37 23 37 22 25 49 48 57 39 47 63 56 61 47 49 63 30 23 10 9 8 8 11 5 2 1 1 0 1 1 1 1 3 1 1 0
1 1 1 1 2 2 4 5 7 11 19 16 19 24 46 51 22 19 26 24 57 64 69 50 48 42 30 22 13 7 4 2 2 1 1 0 0 1 3 6 10 23 21 30 31 36 37 55 40 45 48 41 29 40 35 56 55 31 13 17 27 26 33 28 26 13 9 8 16 56 39 45 56 51 44 31 19 6 6 14 18 13 4 5 5 2 1 1 1 1 1 1 3 1 1 1
1 2 2 2 3 2 3 6 10 12 24 29 32 27 41 50 38 38 30 36 34 65 63 56 32 36 28 21 9 11 6 3 2 2 2 0 1 3 3 5 3 19 29 37 34 47 54 45 44 61 67 63 31 41 49 46 30 37 21 10 14 20 37 23 26 28 38 44 34 35 34 34 34 27 37 14 14 13 8 32 21 7 10 7 5 5 2 2 2 1 1 1 2 1 1 1
1 2 6 3 4 4 4 9 14 18 19 36 36 32 59 40 49 61 47 37 40 58 49 43 33 33 27 23 15 7 6 4 5 3 1 0 1 4 6 10 9 20 38 31 39 47 43 34 51 75 70 66 66 46 51 42 36 38 24 27 31 22 33 29 47 54 70 62 44 47 41 43 33 19 16 22 30 35 17 31 23 18 11 6 4 3 4 3 1 1 1 0 2 2 0 0
1 1 5 8 5 5 6 13 19 20 22 26 42 51 57 55 48 68 51 36 44 79 52 65 38 38 36 29 20 10 11 9 5 2 1 1 1 3 12 22 21 29 29 50 41 48 44 36 47 43 42 41 56 54 30 26 29 29 27 36 41 23 28 42 54 61 55 47 52 30 41 26 15 18 20 48 34 41 41 10 20 15 16 13 6 5 10 5 2 2 1 1 2 2 1 1
1 1 3 10 12 8 10 16 19 25 32 26 40 54 59 51 50 42 54 38 47 62 62 68 49 36 28 24 22 12 17 7 4 2 2 1 2 4 9 17 40 49 49 37 56 34 36 53 44 36 36 43 48 44 71 47 24 26 30 35 30 31 34 28 33 29 41 54 34 22 21 31 31 43 37 58 48 47 27 29 20 11 19 12 7 9 9 3 4 2 1 1 5 1 1 1
3 8 7 10 14 10 9 21 22 26 39 30 14 22 64 71 68 52 47 66 46 77 77 44 50 48 20 22 17 20 13 11 6 2 2 2 2 8 11 17 19 37 42 56 54 56 35 57 64 39 53 59 58 56 58 34 36 24 36 21 20 26 39 39 41 33 51 19 27 11 32 48 61 35 46 60 32 34 41 28 6 9 20 20 20 12 6 3 5 3 1 2 5 3 2 2
4 6 15 19 19 12 13 22 26 27 30 41 35 36 47 69 65 34 45 71 46 78 62 62 53 27 12 27 17 22 23 13 11 5 3 2 3 9 13 22 41 35 29 57 37 46 53 42 61 59 71 68 64 57 54 35 37 20 21 35 18 23 43 46 21 46 26 24 53 46 63 49 45 59 48 27 41 55 20 8 7 23 34 23 17 16 6 4 3 3 4 3 2 8 4 3
8 13 17 23 24 17 25 26 29 33 20 37 37 49 52 61 65 68 75 78 75 74 62 59 44 44 34 31 34 17 25 24 10 6 7 2 3 11 28 29 38 40 45 51 53 47 54 31 52 55 64 59 56 48 54 44 57 38 33 24 22 36 11 32 25 32 32 48 45 41 36 51 71 74 52 39 64 40 32 21 21 23 8 9 19 16 7 5 4 7 5 3 2 19 5 8
11 14 15 19 6 15 37 23 37 42 33 35 48 52 47 61 51 76 73 80 71 66 73 53 45 50 58 53 23 32 21 21 18 8 6 2 3 14 17 32 34 33 58 54 56 48 35 69 51 78 53 60 46 63 52 69 45 47 41 16 14 32 51 50 15 27 40 58 58 38 33 63 81 74 47 67 55 31 33 68 52 15 17 26 13 9 9 4 5 7 8 5 7 24 17 11
12 9 5 3 3 7 38 24 14 21 33 26 29 47 71 71 44 45 74 66 72 70 74 71 30 48 63 36 30 28 19 33 23 17 5 1 2 9 15 36 32 35 46 63 71 68 42 32 15 19 60 68 40 55 56 68 60 46 30 20 21 40 36 48 38 36 42 35 57 44 49 72 79 49 56 70 55 12 50 43 27 36 47 29 16 11 8 3 9 9 9 7 13 49 22 10
14 17 13 14 13 9 21 40 13 16 17 38 32 41 67 63 73 48 61 77 69 80 79 75 53 33 50 50 41 24 44 26 23 13 5 2 2 5 18 42 19 37 61 67 68 52 52 51 48 45 38 47 70 49 29 33 32 25 29 10 19 23 13 21 34 25 35 20 29 37 69 60 62 71 50 43 25 26 40 32 33 46 40 19 11 4 3 3 7 11 12 8 23 35 22 6
28 18 23 23 15 19 19 21 28 27 27 58 39 44 43 53 73 78 72 85 83 75 76 56 28 41 48 42 35 39 40 28 14 12 13 4 4 3 11 22 8 21 33 36 43 42 45 38 71 67 53 50 45 36 42 31 24 50 9 5 3 19 21 22 48 49 26 16 55 58 32 46 30 49 42 29 14 56 42 55 35 27 15 13 11 5 4 8 9 15 14 19 22 37 9 8
17 17 23 22 28 19 15 31 51 53 23 22 52 55 30 34 30 51 80 79 54 45 48 51 55 19 48 47 29 58 32 26 23 14 14 6 9 3 7 21 34 17 28 39 27 38 20 12 26 39 29 69 66 58 37 8 5 4 12 9 7 17 12 36 41 50 23 56 53 36 40 38 45 43 20 31 53 61 64 35 30 26 24 26 13 6 5 11 17 17 19 14 34 43 30 10
17 34 26 28 31 33 22 37 54 44 46 31 23 45 59 35 60 50 38 71 52 63 63 62 49 39 51 33 32 58 39 34 20 9 12 7 9 5 3 12 22 48 46 34 31 44 45 24 36 48 57 62 46 48 49 35 25 20 14 6 7 9 25 27 34 27 48 62 65 59 40 39 27 17 51 54 46 56 50 31 23 25 27 15 12 10 7 16 22 14 24 19 11 23 39 18
25 25 26 23 30 50 25 40 44 53 45 39 53 40 26 59 61 50 47 73 73 32 31 46 41 62 54 65 36 34 45 28 17 27 12 6 9 11 4 14 26 50 62 27 32 58 44 20 40 46 30 49 38 49 48 29 29 27 17 16 14 13 5 25 32 41 52 23 23 21 33 20 48 57 38 41 36 32 30 22 15 21 20 21 17 8 8 13 28 17 28 21 21 19 35 24
24 24 43 31 39 48 19 35 50 58 54 47 50 56 68 54 73 83 67 69 64 42 51 54 59 77 68 71 42 40 39 34 34 13 9 5 7 22 9 8 18 35 32 40 48 57 15 10 64 83 41 48 48 30 26 21 36 24 13 5 9 9 12 20 23 19 18 28 42 46 49 50 29 35 27 15 21 38 28 22 30 41 21 17 19 10 17 19 34 20 25 7 3 10 28 50
26 31 46 46 40 37 21 35 55 62 60 48 41 39 59 75 54 50 72 71 46 35 53 44 71 65 79 59 53 65 54 42 19 16 6 2 2 25 9 10 10 24 26 29 43 46 4 23 38 45 62 54 42 16 12 9 8 8 10 7 4 13 5 4 7 6 12 33 60 74 70 65 37 25 19 27 62 46 32 31 43 29 27 33 8 11 22 28 16 13 6 5 15 20 22 38
33 19 24 49 41 51 41 18 51 56 63 52 56 42 55 46 73 51 42 56 37 57 55 55 53 73 61 72 69 74 53 46 30 20 13 2 11 24 8 10 17 9 21 30 34 31 9 24 24 30 41 34 50 48 43 19 12 16 18 15 7 22 4 4 4 16 37 65 41 49 52 27 18 24 40 52 54 37 28 59 46 36 36 13 13 27 44 15 4 5 9 21 18 51 41 44
31 9 27 47 56 50 52 35 23 47 61 41 53 53 62 66 60 58 56 59 29 64 86 62 57 62 44 51 54 56 51 48 23 12 12 6 13 12 17 12 23 21 21 29 42 37 27 21 19 24 25 43 31 42 33 19 13 14 17 28 13 14 10 5 12 44 24 42 44 30 49 42 34 54 49 54 54 47 47 60 41 25 15 10 29 35 9 4 5 12 15 35 42 48 56 48
29 14 17 12 40 52 63 42 9 26 51 40 54 45 74 69 61 30 44 57 41 69 69 59 56 30 61 64 61 53 52 33 30 24 12 11 12 8 14 10 4 18 18 33 34 41 52 65 54 48 39 59 46 25 17 8 18 10 14 26 22 6 3 12 37 41 18 33 25 28 36 59 64 73 43 35 61 59 45 35 22 29 8 23 25 9 2 11 15 25 30 35 41 57 63 53
42 28 35 10 41 61 60 38 13 9 12 41 58 40 44 61 44 58 61 68 59 36 61 67 50 44 66 68 56 48 34 28 35 25 23 23 22 7 18 14 7 7 16 23 31 26 24 22 23 23 19 38 19 14 19 43 39 19 13 5 6 2 11 27 21 24 19 20 38 19 36 62 65 60 50 50 65 62 53 39 23 13 19 20 11 4 9 26 26 28 35 34 46 47 54 55
54 25 40 13 17 51 40 23 16 15 18 22 34 69 59 55 54 51 50 68 56 66 75 57 55 68 45 57 60 50 33 36 27 17 29 27 15 14 12 23 15 9 14 16 23 24 40 30 27 40 50 38 21 20 6 26 28 20 17 21 16 17 5 17 23 12 11 24 24 31 42 56 61 61 48 44 41 42 58 22 12 12 20 6 7 23 27 29 32 33 36 33 26 25 37 58
44 27 39 20 13 51 43 48 37 36 25 28 42 55 66 71 76 70 59 54 53 53 61 67 75 65 73 72 57 37 38 36 20 17 48 29 16 20 14 6 7 13 12 27 26 29 37 29 44 34 41 24 40 24 9 16 54 28 12 17 19 4 5 5 9 23 10 20 32 29 33 51 63 57 55 26 38 57 44 36 32 14 6 10 14 18 19 42 45 34 42 38 36 26 36 16
35 31 45 33 24 31 24 53 30 31 36 29 43 41 37 51 57 62 64 66 73 46 53 81 73 74 60 47 52 45 43 38 36 22 38 30 28 17 29 9 23 25 9 15 29 43 47 38 43 50 32 20 41 16 17 28 36 19 18 16 12 5 7 7 28 22 46 43 18 17 47 38 30 42 38 30 51 64 68 37 18 9 4 12 8 40 34 34 41 46 65 63 37 34 38 18
51 33 47 34 22 21 14 39 49 39 40 42 40 40 36 54 49 52 33 45 65 45 71 77 76 54 60 60 52 44 40 39 34 40 43 33 42 58 20 14 17 17 20 16 39 27 37 39 36 34 49 43 25 20 32 31 52 18 20 14 11 5 5 5 11 15 58 50 23 26 36 33 50 50 28 69 63 44 38 32 13 4 9 24 21 29 46 30 45 57 56 62 34 30 36 19
56 36 64 39 19 22 38 25 63 36 55 54 37 27 36 33 33 48 43 49 27 71 60 55 54 49 62 53 40 45 43 24 36 43 29 54 29 58 33 16 30 15 32 21 30 48 39 39 31 43 45 29 23 36 30 33 25 24 16 23 13 11 5 3 7 27 42 35 35 44 29 22 39 40 70 59 32 28 31 33 17 11 13 29 52 37 39 55 56 50 52 42 35 28 34 18
53 38 66 42 19 17 65 44 45 39 41 56 36 43 39 38 39 51 49 44 22 37 20 24 39 40 69 68 61 44 28 24 39 57 44 22 42 39 32 19 29 9 28 11 20 38 54 42 35 49 34 49 23 25 43 41 41 21 24 31 10 2 2 6 6 8 17 44 58 37 31 45 60 71 54 30 26 58 35 22 17 13 31 21 50 54 37 51 51 51 45 32 50 33 27 14
62 38 56 27 19 28 40 44 36 68 61 46 49 38 40 41 54 49 56 57 21 33 35 61 64 63 56 55 52 39 25 26 57 44 43 38 60 32 24 21 30 9 25 20 24 32 59 48 34 46 52 48 27 14 36 40 30 13 16 13 19 6 4 9 9 7 13 34 30 32 35 51 47 35 38 29 28 44 26 9 9 20 43 44 47 51 23 40 65 63 41 29 51 18 27 21
65 42 58 28 21 28 28 67 42 66 76 69 43 30 29 41 70 59 25 47 16 38 37 50 32 36 33 52 29 25 40 29 72 56 53 48 49 25 17 43 21 16 17 50 51 38 46 43 56 49 42 41 41 31 33 24 38 29 18 8 7 3 7 11 9 11 9 17 41 31 32 24 35 29 45 38 41 44 34 12 9 37 47 51 52 50 22 37 55 57 27 29 28 33 35 33
77 65 27 43 24 23 47 67 52 43 68 64 69 25 52 71 54 59 47 40 29 24 33 25 26 31 57 36 45 41 39 48 15 32 16 36 28 20 12 40 18 14 4 19 71 47 36 54 55 46 46 40 37 26 50 54 47 37 17 11 7 5 9 4 7 14 11 21 41 17 34 35 38 30 42 49 30 43 32 20 19 44 38 34 44 34 43 41 33 41 56 33 27 49 39 31
64 34 32 41 26 22 65 64 68 39 26 50 75 22 39 38 36 54 42 44 15 13 37 50 51 41 31 50 49 28 61 28 41 27 46 37 25 31 17 32 14 28 12 12 46 64 47 49 58 57 51 49 35 41 31 25 36 20 20 20 8 3 7 4 8 12 13 20 30 37 54 60 57 42 44 58 12 54 32 30 30 28 38 23 32 27 45 60 42 30 48 35 31 36 46 38
60 39 20 49 39 34 50 15 43 65 23 33 66 54 23 43 41 43 26 28 33 50 67 40 41 36 47 61 42 38 37 50 58 72 51 37 56 26 32 36 18 16 17 19 34 45 37 74 53 48 41 50 56 43 17 24 35 30 21 17 14 6 6 3 5 8 11 13 18 30 39 39 50 60 40 18 32 54 44 22 18 26 51 23 38 45 50 36 50 38 24 42 47 38 27 35
63 22 37 50 34 33 43 12 13 15 40 67 42 62 33 41 29 30 19 38 33 26 27 42 34 33 35 46 49 55 34 42 58 40 26 54 28 20 40 25 35 37 27 27 32 45 37 41 60 33 27 24 46 55 28 22 24 18 14 16 9 5 5 2 3 7 14 19 23 36 29 42 42 23 30 29 43 30 18 11 15 42 42 48 33 40 44 36 31 41 44 30 25 45 17 20
69 24 36 55 33 51 50 28 12 14 32 59 76 74 41 32 45 41 47 15 17 21 42 51 26 21 45 68 42 35 28 55 26 40 63 17 22 32 40 23 40 35 26 47 50 62 55 35 40 45 28 30 48 54 46 34 21 9 7 4 4 9 4 2 3 8 14 25 20 41 39 56 42 26 10 33 50 17 21 19 25 36 46 43 29 39 35 34 18 48 31 55 31 17 10 8
55 30 37 60 25 49 62 45 24 23 14 36 37 59 71 30 36 38 30 39 34 25 21 20 9 25 60 59 57 21 59 18 21 56 42 24 36 41 54 35 12 50 44 47 65 59 53 25 38 62 56 25 17 28 42 47 17 17 9 4 2 7 9 6 5 33 55 27 14 19 46 48 35 20 12 42 39 28 23 20 24 36 39 44 38 28 15 37 26 43 37 17 41 14 16 25
51 30 34 57 22 48 53 22 20 25 34 30 24 27 41 49 20 30 28 12 15 11 15 10 16 29 81 44 45 24 60 42 17 63 35 23 38 60 48 31 21 47 52 60 36 57 46 44 30 29 41 51 26 17 25 44 25 16 5 6 3 5 7 8 25 36 38 47 46 50 50 51 38 9 18 42 28 16 17 22 28 25 44 20 28 25 17 20 30 21 37 14 14 37 29 21
73 42 63 40 17 61 34 21 28 22 48 23 43 30 30 35 20 7 15 14 34 50 20 9 13 24 54 34 18 52 38 30 50 46 43 21 36 62 64 36 24 40 42 63 63 55 36 43 43 24 21 23 38 29 17 6 20 7 12 4 7 8 8 32 54 62 73 64 67 78 56 51 31 7 44 56 19 16 19 29 25 29 43 24 42 40 11 19 28 20 21 10 13 11 15 26
75 60 14 19 18 45 21 25 38 41 37 41 41 43 18 29 16 7 21 22 31 23 7 17 12 36 37 21 50 18 34 58 49 30 31 44 51 72 63 32 30 49 44 53 51 37 51 58 40 41 36 19 34 36 25 9 8 9 8 4 8 8 17 27 25 17 55 63 69 75 73 48 10 31 47 61 27 4 14 49 26 49 26 37 27 52 10 28 32 19 25 9 37 11 22 9
71 24 18 26 27 30 8 24 32 43 24 51 64 36 23 16 18 2 12 8 24 23 6 14 14 57 12 46 54 18 64 56 27 22 49 45 25 73 59 19 30 40 36 46 58 48 44 46 35 26 36 18 14 31 18 9 5 3 6 5 12 18 31 34 39 30 50 70 75 62 60 10 22 40 57 64 45 13 30 34 28 29 29 36 36 43 8 13 31 25 33 17 18 11 10 14
61 32 33 28 34 19 16 33 37 34 45 37 59 37 12 11 16 3 15 18 13 24 10 10 23 60 9 62 30 28 69 32 35 25 57 25 43 66 32 20 29 32 44 30 35 43 59 40 53 18 16 37 26 14 17 12 7 2 2 8 16 30 42 43 49 63 67 54 43 40 9 28 35 46 56 60 43 28 37 27 38 36 21 38 47 14 9 19 16 23 23 16 18 2 11 13
47 45 33 34 56 17 26 30 30 56 36 40 36 25 9 5 8 4 12 15 17 15 5 6 16 43 16 22 10 56 37 42 16 35 53 26 70 11 18 25 47 27 43 21 28 23 32 32 26 36 30 12 10 10 11 12 6 3 5 7 15 22 36 43 54 69 73 66 40 11 40 52 48 47 63 37 20 22 22 25 35 23 28 20 34 26 10 14 13 12 17 18 14 11 5 21
29 33 22 48 53 30 23 27 25 38 53 43 26 21 17 6 4 8 11 10 5 9 7 7 9 28 32 7 12 26 19 31 17 36 70 38 13 16 22 20 39 21 21 33 27 29 46 22 37 20 37 14 7 4 16 6 5 3 13 22 30 24 24 35 39 64 55 14 16 24 41 56 67 61 53 18 11 17 21 35 33 27 11 24 12 32 8 10 6 3 9 26 10 23 10 14
26 18 30 64 18 19 23 22 16 24 21 19 38 14 10 9 3 10 2 3 11 3 7 5 2 10 16 5 5 32 25 19 15 59 13 16 12 27 32 14 38 16 16 25 29 41 28 25 15 26 10 15 9 5 4 4 3 5 14 30 29 33 26 35 46 31 14 14 25 44 24 52 64 68 20 12 15 16 37 41 32 43 7 17 20 39 7 11 12 10 12 21 12 11 12 8
