sesion_6_simulaciones/modelos_agentes/ejemplos_netlogo/scenarios/cgcm2_b2/rob_2071.asc
NCOLS 322 
NROWS 307 
XLLCORNER 451900 
YLLCORNER 4086900 
CELLSIZE 100 
NODATA_value -9999 
[rows 146 to 218 of 307, columns 0 to 95 of 322]
1 0 1 2 2 1 12 3 4 1 14 24 6 19 9 14 23 13 8 2 1 1 1 1 3 2 1 1 1 1 1 1 1 1 4 5 2 4 10 18 15 19 27 28 2 21 21 23 23 14 14 29 34 19 8 9 14 30 25 22 16 45 33 24 12 26 27 32 58 55 46 73 55 71 62 74 78 70 77 67 42 66 75 60 40 42 64 36 65 76 61 62 59 59 56 73
5 7 14 4 17 2 1 1 6 5 18 25 16 57 27 27 48 26 7 8 3 4 1 1 1 0 1 1 1 1 1 0 2 3 1 1 4 4 5 4 5 13 20 41 25 13 25 14 22 20 18 14 11 43 59 29 26 22 20 23 34 32 39 20 28 36 52 31 50 62 45 59 66 63 78 52 65 59 75 65 24 35 46 55 33 9 12 25 64 61 62 68 33 37 27 61
0 10 6 6 11 19 15 9 4 2 3 47 38 39 35 42 59 40 28 43 14 23 6 2 0 1 0 1 0 0 1 0 1 1 1 2 1 2 2 2 11 11 11 9 18 8 19 19 11 22 12 14 27 9 19 33 28 15 10 29 41 43 36 27 38 52 57 35 41 71 67 60 36 45 67 77 26 21 21 36 34 27 13 18 50 37 11 7 30 24 18 22 39 35 19 38
3 11 11 14 22 27 19 31 30 6 10 26 36 57 57 66 74 40 46 42 43 32 6 13 2 0 0 0 0 1 4 3 0 1 0 1 1 2 2 3 6 5 2 7 14 56 26 20 8 10 8 20 23 22 6 6 7 4 29 23 21 57 36 26 38 62 57 57 58 68 40 20 15 51 38 32 61 14 16 41 37 21 27 19 9 39 17 11 8 14 5 26 16 37 23 8
2 1 3 24 15 38 33 7 18 30 13 19 71 74 73 44 78 62 60 66 46 14 9 5 6 3 0 2 1 1 1 5 1 4 5 4 1 3 4 4 3 3 6 29 43 28 15 13 9 9 9 13 13 13 26 19 25 26 29 30 44 56 30 26 59 59 67 73 51 13 56 34 32 46 66 26 30 9 3 10 23 23 17 27 12 13 34 21 9 12 7 5 9 11 17 6
1 1 3 2 3 3 3 5 8 6 19 8 25 61 61 52 77 74 69 15 6 6 14 11 24 12 4 1 1 0 1 2 21 12 14 23 32 4 2 4 13 18 41 35 10 12 5 12 8 6 15 14 15 13 16 14 31 35 36 39 61 53 49 34 57 75 62 48 76 40 19 57 59 30 36 12 26 44 19 9 11 18 20 11 15 8 12 33 22 10 9 4 3 10 13 11
9 2 2 2 3 2 4 7 8 12 7 26 13 7 5 6 8 8 13 16 10 33 32 25 43 10 29 6 6 6 4 4 14 1 0 0 3 29 2 2 12 7 14 21 17 30 30 38 16 8 15 16 21 18 5 18 23 57 33 55 57 62 72 88 85 71 65 40 42 85 41 35 33 41 22 6 11 12 36 23 11 13 23 18 10 14 9 10 28 9 7 5 2 2 5 5
10 9 7 4 5 3 3 10 1 5 19 14 12 20 12 13 9 21 32 45 70 47 69 38 32 16 11 10 7 23 11 1 1 2 2 0 1 2 12 3 1 39 7 10 15 10 4 10 25 14 25 32 29 22 7 14 23 43 68 55 78 66 79 78 77 78 69 23 37 69 74 55 36 22 31 18 13 10 19 13 20 13 11 17 12 9 8 8 36 18 4 3 4 1 6 6
34 16 32 18 14 12 19 4 5 4 6 10 13 35 36 12 5 19 49 54 68 83 59 75 47 32 42 37 15 18 49 26 8 1 3 3 7 6 5 13 2 25 9 9 22 3 6 11 7 27 34 45 55 43 41 22 29 45 66 65 47 39 75 78 75 67 68 50 35 51 79 27 34 20 14 11 18 6 19 33 13 19 16 8 7 6 7 5 9 7 13 3 2 1 1 2
49 37 49 24 35 21 17 23 5 3 8 6 34 25 10 27 19 15 13 53 67 59 51 62 42 33 43 35 16 5 18 61 52 31 20 7 8 10 10 15 6 24 49 16 21 12 6 6 7 14 13 16 33 10 14 43 31 57 42 24 23 25 31 56 54 23 32 19 49 61 57 51 27 21 25 8 9 14 14 24 19 10 15 11 5 6 5 5 4 4 5 8 4 2 1 1
23 45 37 58 65 39 16 54 9 4 7 8 9 11 27 31 20 33 23 13 18 50 58 18 30 52 24 55 28 5 5 7 32 60 43 21 13 11 9 13 14 30 56 12 19 19 15 21 24 28 28 33 23 23 28 25 40 69 53 50 52 49 24 15 8 27 23 26 19 34 35 53 58 29 13 7 9 12 14 19 20 30 6 8 5 3 3 2 3 5 4 1 6 2 1 1
57 73 55 77 59 19 46 70 19 17 20 7 28 54 41 21 41 30 28 16 18 19 14 49 30 11 19 47 58 18 15 11 7 53 50 41 46 35 34 40 37 20 58 54 20 15 22 28 27 29 42 58 27 42 48 26 20 42 52 41 37 26 14 24 24 8 3 16 36 38 42 52 24 27 12 10 14 13 20 13 15 10 13 5 4 3 1 1 2 1 3 2 2 3 1 0
39 78 31 77 34 62 61 65 13 30 32 16 12 9 27 29 34 62 55 67 23 14 21 20 21 19 27 70 26 70 23 37 29 52 20 42 41 73 40 32 39 21 45 57 64 22 19 16 39 26 28 23 19 40 46 23 39 72 71 74 34 46 52 41 37 16 15 21 26 27 26 36 25 14 23 6 10 18 14 16 8 6 8 6 2 1 1 0 0 1 1 2 2 1 2 1
11 68 49 64 62 69 65 21 29 50 45 27 23 16 14 10 14 27 28 64 38 11 19 22 59 59 53 61 23 67 67 21 23 31 58 65 52 75 85 47 40 13 23 56 63 49 38 24 38 11 9 16 48 45 32 29 36 29 23 26 21 37 56 49 47 32 30 29 20 22 25 22 16 19 5 8 9 11 7 5 5 4 3 4 5 4 2 3 2 1 1 1 1 2 1 1
13 12 9 50 65 64 22 26 62 35 53 64 47 34 17 22 30 28 38 20 30 49 43 15 49 50 58 65 67 32 81 76 34 14 34 77 73 58 51 63 65 16 27 62 76 78 35 28 33 29 22 18 68 33 81 81 81 66 82 70 49 27 34 33 33 29 30 31 25 13 15 20 16 18 8 12 5 6 5 7 3 3 3 5 2 2 2 2 1 1 1 1 1 1 0 0
12 52 32 23 16 41 32 71 74 46 44 58 26 43 12 29 22 25 36 25 30 33 34 15 60 69 61 82 75 57 73 84 76 44 36 11 29 57 40 21 29 19 12 80 79 75 56 59 45 61 82 88 76 47 41 75 68 37 40 60 57 37 47 36 32 23 21 33 23 10 13 11 13 13 8 9 7 7 4 3 3 3 1 2 2 1 2 1 1 1 1 1 0 0 0 0
35 41 28 47 40 18 51 81 70 75 12 45 61 57 71 34 52 24 19 19 21 10 38 62 82 59 83 88 73 72 49 63 79 52 49 25 56 73 81 82 64 45 29 40 81 66 53 86 52 58 80 78 84 53 33 81 86 57 42 31 69 68 27 54 36 31 19 20 17 12 14 11 10 7 6 7 5 4 3 1 1 1 1 1 2 1 1 1 0 0 0 0 0 0 0 0
26 26 57 32 28 10 43 66 49 78 28 39 70 56 72 50 26 41 32 46 50 53 17 52 67 73 82 84 60 82 66 81 71 74 71 75 67 77 81 72 17 57 63 31 13 48 55 76 58 51 72 69 72 75 40 50 74 90 63 46 55 34 35 32 37 44 39 30 18 8 16 8 5 4 3 2 3 2 1 1 1 1 1 1 1 0 0 0 0 0 0 0 1 1 1 1
22 17 9 24 36 36 14 78 28 27 29 46 54 13 41 55 32 37 31 63 63 36 35 19 53 84 76 83 64 86 71 73 66 58 69 72 83 76 76 82 76 54 22 19 8 11 56 67 48 22 34 67 75 78 75 81 84 80 86 46 32 38 33 39 35 32 39 15 11 16 7 5 4 3 1 1 1 1 2 2 2 1 1 0 1 1 2 2 3 1 2 3 2 3 3 2
10 22 41 32 19 14 15 34 42 39 61 55 64 63 29 51 37 55 19 16 35 70 44 28 13 32 36 69 68 41 17 19 16 33 31 30 72 53 57 70 71 60 47 19 6 12 55 56 45 35 27 23 48 78 77 70 57 57 79 74 34 23 30 31 33 29 15 18 10 4 4 4 4 2 2 1 1 1 1 0 1 2 2 3 4 7 8 7 4 3 4 8 7 11 9 3
19 14 14 13 25 19 23 19 21 20 38 67 66 72 20 17 27 59 61 39 32 27 49 16 31 40 30 31 20 28 43 32 44 40 62 35 30 27 24 26 21 38 28 14 13 17 43 46 57 34 34 31 8 44 40 51 51 62 41 56 50 25 48 44 34 20 17 9 8 6 5 4 1 1 2 2 1 0 1 1 9 11 7 12 15 17 14 23 14 14 33 35 15 25 11 6
11 12 19 42 35 38 33 28 32 32 44 10 16 21 31 41 27 18 62 64 55 30 32 11 30 57 55 46 32 37 54 61 33 62 33 27 28 36 38 35 23 14 21 20 33 34 56 53 56 47 30 15 19 17 23 50 22 16 13 39 21 28 25 16 21 11 7 9 8 3 2 1 2 2 2 2 3 1 7 9 20 19 21 27 29 46 43 28 26 28 10 4 6 5 6 17
17 21 39 22 22 30 30 20 37 59 18 23 44 43 24 45 9 14 19 27 35 24 21 20 35 30 47 40 63 25 55 43 37 43 30 28 38 60 29 58 36 20 14 12 14 23 33 48 40 41 26 40 38 25 32 30 28 22 26 32 48 39 22 6 9 9 7 3 3 2 2 11 10 6 6 9 3 5 14 35 52 41 42 64 54 45 43 28 37 33 11 3 1 1 3 11
35 57 55 61 28 24 28 24 40 48 28 29 45 42 38 21 26 24 41 40 26 31 38 22 34 30 27 48 26 32 46 43 46 36 28 30 25 49 24 58 41 32 25 9 5 4 20 22 66 63 37 30 62 33 17 38 44 54 47 34 38 19 11 7 7 5 2 2 5 5 12 21 26 10 15 15 8 17 40 50 66 80 43 69 47 40 31 32 26 19 13 8 2 1 1 2
12 10 7 10 15 15 41 36 53 29 35 18 32 50 20 9 17 21 25 22 12 10 10 22 30 25 22 28 36 41 38 38 22 30 23 10 34 25 42 57 34 36 51 25 26 12 8 22 24 52 34 45 35 17 19 31 33 26 18 10 9 6 3 1 2 1 6 14 24 18 30 42 40 24 37 24 13 29 56 57 83 63 45 37 21 3 4 16 6 8 4 2 2 1 0 3
16 26 18 34 28 35 23 36 35 32 12 16 27 33 40 38 41 18 17 16 21 6 10 28 56 45 28 25 37 22 18 36 67 36 22 13 33 20 57 21 49 30 39 35 21 12 17 20 12 27 36 29 14 21 18 16 39 15 8 6 4 11 12 16 7 12 19 35 37 36 36 51 34 32 40 33 27 42 61 72 70 52 27 18 13 6 5 5 7 3 2 2 1 1 0 1
12 13 13 28 47 12 16 22 19 29 23 17 40 28 59 40 29 47 38 28 55 25 31 25 48 56 30 53 18 26 36 26 56 55 31 22 26 36 38 17 23 22 33 38 15 26 17 11 12 17 19 25 21 21 20 16 8 4 4 17 16 30 28 29 20 22 40 45 61 62 44 59 58 56 41 52 56 61 64 64 54 64 34 18 8 8 5 2 11 4 1 1 0 1 1 1
14 9 17 27 14 15 15 29 38 28 35 46 40 30 24 24 63 60 35 38 40 31 47 24 31 49 59 40 20 21 15 19 21 19 32 42 12 16 45 39 34 40 30 20 31 22 22 21 12 17 21 22 35 24 13 10 12 16 25 42 36 36 49 36 29 44 50 51 66 51 56 66 77 46 50 58 65 71 79 56 23 18 17 19 13 7 4 2 2 2 1 0 1 0 0 1
10 18 22 18 8 44 34 26 50 62 70 63 58 65 35 19 23 44 37 47 12 32 57 27 34 28 46 60 36 54 34 28 23 24 42 55 22 34 43 52 44 11 12 22 17 21 11 10 18 24 24 40 28 19 24 15 23 25 47 44 40 40 52 41 35 47 56 41 69 63 52 77 63 49 57 76 65 68 29 80 53 49 19 10 12 7 4 4 1 1 0 0 0 0 0 0
10 12 18 14 9 10 17 26 26 36 50 68 50 50 62 20 33 30 21 20 23 52 58 36 20 26 14 35 22 28 23 23 35 34 49 43 24 40 50 50 38 19 8 7 15 15 19 33 19 20 37 25 19 40 22 21 32 51 50 59 51 49 51 40 42 68 69 55 72 69 69 69 83 81 58 63 69 68 28 22 43 53 30 20 7 4 4 4 2 1 1 0 0 0 0 0
9 9 31 10 24 7 13 13 25 33 13 16 15 15 24 37 35 32 60 26 40 56 35 45 12 44 20 46 19 15 26 29 29 28 35 30 31 29 42 45 34 16 6 13 16 17 23 25 25 25 27 41 29 24 23 38 49 48 46 51 48 38 58 52 55 72 69 68 67 84 76 70 65 75 29 27 18 49 55 29 16 32 16 10 5 4 4 1 1 1 1 0 0 0 0 0
10 29 24 54 6 51 42 5 25 19 33 19 44 26 37 29 36 26 25 27 17 41 20 29 22 16 21 25 12 28 31 25 26 29 30 21 27 20 28 44 31 25 25 32 41 18 30 19 38 47 44 57 42 26 40 45 47 57 38 46 65 50 64 67 58 71 56 76 39 57 83 81 78 63 75 58 40 17 12 23 16 10 20 16 12 8 5 7 2 1 1 0 0 0 0 0
47 25 10 22 42 21 11 24 25 30 16 33 18 18 47 25 26 5 24 32 28 11 20 25 17 10 16 6 11 7 10 21 20 49 14 16 16 25 25 11 17 30 12 19 16 27 12 28 42 55 49 49 41 41 39 58 48 57 54 48 55 64 56 61 66 73 52 51 78 39 77 79 59 73 78 82 64 59 55 36 27 16 6 3 7 10 4 5 2 1 1 0 0 0 0 0
31 69 28 37 8 16 12 22 17 17 38 12 19 39 48 56 59 20 21 43 22 15 6 12 24 8 10 9 9 5 6 20 24 25 10 14 15 15 39 26 16 29 14 51 25 25 29 22 48 54 38 37 37 39 37 42 64 56 51 70 68 78 61 54 65 28 45 43 44 53 39 69 47 59 73 77 78 86 69 53 49 55 51 26 6 4 5 4 2 1 1 0 0 0 0 0
11 20 13 14 28 33 16 13 16 19 29 16 35 17 12 15 11 17 20 27 41 12 20 13 15 8 7 4 6 8 11 18 12 12 13 10 14 28 36 26 16 13 29 52 14 38 29 32 40 60 31 36 36 35 36 42 57 65 52 64 77 50 43 73 73 65 49 31 21 8 18 19 32 33 59 69 63 68 72 49 68 51 38 12 7 8 5 3 3 1 1 0 0 0 0 0
9 13 27 19 18 23 20 12 5 19 3 5 14 16 49 23 41 15 16 17 27 12 10 13 11 9 13 6 4 5 11 7 9 17 4 4 9 31 17 16 10 20 22 36 29 25 30 35 44 39 24 39 31 33 45 33 57 70 75 60 65 73 30 14 13 20 27 47 39 30 15 12 5 16 28 53 39 64 76 36 51 67 35 18 12 5 5 4 2 1 1 1 0 0 0 0
6 32 17 9 10 13 11 7 4 4 5 7 7 21 24 16 23 23 22 22 14 25 7 19 10 10 17 3 4 8 3 6 15 8 11 17 19 35 5 5 13 25 22 32 27 18 23 26 32 22 40 53 44 50 51 46 60 58 57 38 42 60 28 28 51 66 71 56 55 41 33 44 14 5 10 34 27 56 68 52 33 32 25 16 9 8 6 4 3 2 1 1 1 0 0 0
6 12 12 12 11 11 8 5 2 1 2 6 12 5 10 17 13 20 7 4 3 4 7 3 3 14 9 4 7 5 3 3 9 4 2 5 11 13 10 12 15 16 31 36 14 17 24 23 35 37 58 74 56 76 70 83 69 59 67 39 28 11 64 51 20 53 71 56 60 62 61 40 19 15 6 7 8 20 48 26 18 8 6 11 3 5 2 2 2 2 2 1 1 0 0 0
12 2 3 10 2 5 2 1 1 0 1 1 1 3 10 4 4 4 8 3 3 2 2 3 1 3 2 3 6 3 1 1 1 3 4 3 11 8 5 10 16 36 60 76 57 57 42 42 40 23 74 42 81 72 59 67 41 46 65 73 27 23 22 77 34 32 48 68 53 46 67 68 70 37 23 8 3 2 3 2 3 3 2 6 6 2 2 1 1 2 1 1 1 0 0 0
0 1 2 1 2 2 1 0 0 1 4 0 1 1 2 5 4 3 4 3 3 2 2 3 1 1 2 2 2 1 0 0 1 7 26 25 32 46 58 62 61 76 49 79 65 72 70 18 46 64 33 31 61 58 64 68 44 70 74 57 51 36 17 51 73 29 11 33 61 74 61 56 30 28 34 24 8 3 5 1 3 3 3 2 4 4 1 1 1 1 1 0 0 0 0 0
0 1 1 1 1 0 2 13 22 3 6 5 13 1 1 3 2 1 1 1 1 1 1 1 1 1 4 6 6 1 0 1 2 1 3 23 38 56 49 58 54 73 54 57 74 75 74 36 27 34 80 56 26 53 22 36 34 70 83 66 55 45 30 30 82 40 39 19 39 56 78 23 11 21 22 34 22 17 13 6 3 2 1 1 1 3 2 1 0 0 0 0 0 0 0 0
1 2 2 3 3 9 14 7 10 11 12 4 6 4 2 1 1 1 1 1 0 1 6 4 11 11 3 2 5 1 0 7 4 2 4 6 11 51 56 64 49 41 37 37 63 77 85 84 33 35 56 62 42 26 50 18 51 57 78 73 25 37 28 16 79 58 27 23 22 71 71 82 42 32 22 12 8 5 4 4 6 5 2 1 1 1 2 1 1 1 0 1 0 0 0 0
6 6 3 23 13 17 21 33 31 27 10 10 13 5 3 1 0 1 0 1 1 1 0 1 2 3 9 8 2 2 2 2 4 8 2 6 20 41 53 67 56 31 21 31 47 77 85 83 87 83 32 43 39 38 25 17 35 58 70 74 28 32 38 31 53 85 60 38 21 11 15 38 17 20 13 28 17 6 4 2 2 2 3 2 1 0 1 1 1 1 0 0 0 0 0 0
8 14 16 19 31 26 37 22 46 38 20 37 24 9 29 15 12 4 1 0 0 0 0 0 1 1 3 14 1 1 3 2 8 6 11 12 11 11 6 4 51 53 19 37 28 35 60 65 82 87 79 50 51 64 39 50 32 64 77 65 67 26 45 37 25 78 88 65 46 15 9 11 37 22 13 10 16 16 5 4 2 2 2 2 2 0 0 1 0 1 0 0 0 0 0 0
1 2 4 28 45 33 65 70 70 69 53 47 22 36 54 38 15 7 12 3 2 1 1 1 2 5 13 3 3 3 3 8 18 8 13 20 18 16 13 13 12 24 22 23 16 33 67 43 69 80 89 57 49 48 60 55 11 55 70 68 66 48 34 31 16 67 78 79 51 42 9 3 26 44 16 4 5 3 7 2 2 2 1 1 2 1 0 0 1 0 0 0 0 0 0 0
4 5 9 46 52 64 69 62 58 78 82 55 63 62 61 46 25 28 19 12 5 1 3 6 13 39 33 5 2 4 5 9 6 11 8 14 17 23 28 17 12 12 12 10 28 34 51 45 15 65 80 85 47 36 47 23 19 15 43 51 82 76 20 22 40 49 49 74 27 37 26 5 6 23 16 9 5 4 6 5 2 2 1 0 1 1 0 0 0 0 0 0 0 0 0 0
2 3 3 3 4 7 22 33 36 14 41 74 86 77 70 37 31 54 27 18 25 3 4 3 2 4 30 46 8 2 6 9 8 20 17 12 19 21 34 20 28 39 32 25 19 11 56 58 44 32 57 77 63 33 15 14 33 13 20 47 45 42 30 21 24 37 21 70 22 28 19 20 3 10 10 15 10 7 6 4 4 2 0 0 0 1 1 0 0 0 0 0 0 0 0 0
1 2 4 15 17 24 64 27 28 22 27 20 62 81 85 63 55 57 26 32 12 25 8 19 14 5 3 6 10 5 2 9 14 31 10 12 10 17 31 29 24 26 20 22 36 34 32 12 38 64 37 47 14 17 9 23 19 29 21 22 44 51 36 28 11 12 13 48 54 14 7 12 12 3 5 4 9 3 2 2 2 1 1 1 0 0 0 0 0 0 0 0 0 0 0 0
1 3 2 2 8 6 16 21 17 30 16 5 15 41 64 78 76 26 7 7 8 28 17 29 16 15 10 4 4 9 6 45 31 13 48 23 23 27 32 21 28 43 52 40 47 32 39 22 23 20 67 42 35 23 16 12 22 26 19 21 37 55 37 21 19 12 18 36 56 32 11 5 16 8 5 1 1 4 3 2 1 1 1 1 0 0 0 0 0 0 0 0 0 0 0 0
3 0 2 5 11 16 9 11 15 23 31 21 43 17 17 25 35 20 11 17 37 8 13 24 55 55 8 10 6 44 19 20 51 41 60 23 68 31 23 22 28 30 28 41 34 37 37 26 26 26 24 35 23 24 27 21 17 23 12 6 11 18 26 23 25 15 13 18 25 31 14 14 16 6 8 2 1 3 3 1 1 0 1 0 0 0 0 0 0 0 0 0 0 0 0 0
16 3 13 4 5 11 10 17 27 35 23 25 9 29 42 25 32 23 11 22 5 25 23 16 7 20 24 35 34 6 15 38 35 14 24 25 13 52 20 28 30 38 19 26 18 20 19 29 33 33 19 10 33 39 26 33 19 16 14 13 8 13 29 14 13 12 7 10 15 24 6 8 5 3 3 3 1 1 1 2 1 1 0 0 0 0 0 0 0 0 0 0 0 0 0 0
28 20 2 2 11 4 25 50 13 13 28 25 22 47 17 31 14 12 8 5 11 17 18 21 18 11 16 20 10 17 7 42 20 37 33 51 10 22 41 15 21 37 30 41 39 16 22 27 21 31 14 23 6 16 13 41 13 18 13 22 12 12 4 5 3 1 1 2 5 5 3 1 5 3 2 4 3 1 2 1 1 1 1 0 0 0 0 0 0 0 0 0 0 0 0 0
29 20 51 9 8 26 4 4 35 36 11 33 14 41 16 31 28 15 12 24 30 38 21 10 22 25 18 23 49 50 35 9 9 14 34 24 21 6 48 34 33 26 13 18 36 32 21 14 24 30 20 7 34 21 13 37 21 8 13 6 6 9 5 3 1 1 1 0 2 6 5 1 1 3 2 3 3 2 4 1 0 0 0 0 0 0 0 0 0 0 0 0 0 0 0 0
14 29 40 25 4 3 26 10 3 9 22 16 7 13 29 20 12 7 10 16 27 28 56 39 29 28 26 24 58 67 39 25 11 25 40 33 49 21 7 52 25 37 34 30 17 16 22 29 24 25 10 4 10 4 3 15 10 8 7 3 4 8 5 4 3 1 1 1 1 2 3 2 3 3 4 5 5 2 1 1 1 0 0 0 0 0 0 0 0 0 0 0 0 0 0 0
37 27 58 33 46 15 5 50 11 20 48 15 31 24 13 36 11 10 10 11 10 23 39 34 31 36 33 31 45 72 73 49 22 18 61 50 52 33 14 27 66 25 23 56 35 35 26 32 32 15 8 3 3 4 4 4 8 6 3 2 2 2 3 5 2 2 1 1 0 0 0 1 1 1 1 1 2 2 1 1 0 0 0 0 0 0 0 0 0 0 0 0 0 0 0 0
44 34 27 47 23 29 36 12 58 32 47 64 43 50 32 16 16 13 19 43 16 35 57 48 33 35 37 28 18 23 66 55 38 27 24 59 38 27 21 14 20 51 17 15 18 21 24 32 46 25 32 10 6 4 3 3 3 2 2 7 2 1 1 1 1 1 1 0 0 0 0 0 0 0 0 1 1 1 1 0 0 0 0 0 0 0 0 0 0 0 0 0 0 0 0 0
17 56 45 56 43 51 63 50 28 22 13 9 18 13 17 43 29 17 35 9 53 22 63 70 34 38 41 27 16 7 14 43 60 37 14 39 48 21 45 34 25 14 39 41 23 22 36 24 32 16 32 12 5 4 3 2 2 2 1 3 3 1 0 0 0 0 0 0 0 0 0 0 0 0 0 0 0 0 0 0 0 0 0 0 0 0 0 0 0 0 0 0 0 0 0 0
14 15 5 26 29 5 9 6 28 20 42 40 40 45 19 22 43 39 35 31 24 18 57 81 58 50 45 46 27 8 8 9 52 34 37 32 53 18 45 49 34 16 13 39 28 35 26 23 27 11 3 4 6 6 5 3 1 1 0 0 1 0 0 0 0 0 0 0 0 0 0 0 0 0 0 0 0 0 0 0 0 0 0 0 0 0 0 0 0 0 0 0 0 0 0 0
11 19 15 7 8 18 13 12 14 34 19 32 24 13 23 40 18 14 23 41 23 71 42 65 71 50 59 50 51 23 10 13 9 27 36 40 47 21 46 28 34 35 25 20 35 23 24 37 27 19 11 5 7 3 2 2 1 0 0 0 0 0 0 0 0 0 0 0 0 0 0 0 0 0 0 0 0 0 0 0 0 0 0 0 0 0 0 0 0 0 0 0 0 0 0 0
23 17 17 11 17 34 18 13 23 24 11 18 20 9 22 37 24 29 17 20 60 43 31 28 73 46 19 16 16 11 13 6 15 6 13 19 81 61 30 43 29 16 25 27 16 29 17 17 36 31 23 9 5 3 2 1 0 0 0 0 1 1 1 1 0 0 0 0 0 0 0 0 0 0 0 0 0 0 0 0 0 0 0 0 0 0 0 0 0 0 0 0 0 0 0 0
11 8 8 7 3 9 9 12 7 5 19 16 19 6 15 24 16 25 35 68 42 29 39 57 75 64 29 22 22 25 23 23 9 13 15 9 6 9 26 26 19 33 14 25 20 32 32 18 35 19 22 18 9 4 2 1 0 0 1 1 2 4 4 3 0 1 0 0 0 0 0 0 0 0 0 0 0 0 0 0 0 0 0 0 0 0 0 0 0 0 0 0 0 0 0 0
5 3 7 3 8 6 7 4 2 2 4 7 12 15 11 14 13 28 30 21 25 27 14 8 16 15 12 18 40 43 24 49 36 14 11 8 9 9 7 22 17 34 25 12 32 21 30 22 18 9 12 9 5 4 1 1 1 1 3 4 5 5 3 3 2 1 1 1 1 1 0 0 0 0 0 0 0 0 0 0 0 0 0 0 0 0 0 0 0 0 0 0 0 0 0 0
6 3 6 1 3 3 8 14 31 30 25 2 5 11 12 6 12 28 49 34 42 16 25 18 13 18 45 26 30 39 52 38 24 25 28 5 3 5 8 12 11 18 25 28 26 24 14 11 23 10 6 5 3 2 2 3 2 5 7 5 8 7 6 4 3 2 2 3 3 2 1 0 0 0 0 0 0 0 0 0 0 0 0 0 0 0 0 0 0 0 0 0 0 0 0 0
1 2 1 1 7 9 3 18 48 56 35 38 16 6 12 20 18 34 37 18 11 16 34 26 22 24 38 18 9 26 24 16 8 15 25 15 7 6 12 7 5 9 8 10 15 15 14 8 13 8 4 1 3 4 7 7 6 8 11 11 6 10 11 7 11 4 4 4 4 4 1 0 0 0 0 0 0 0 0 0 0 0 0 0 0 0 0 0 0 0 0 0 0 0 0 0
1 2 7 7 10 8 21 16 5 18 43 40 37 47 53 45 72 38 31 38 11 7 31 19 23 33 19 17 11 12 24 25 25 19 27 14 10 21 24 8 4 20 10 14 9 5 14 6 5 3 3 4 8 15 15 16 11 10 10 11 8 16 17 21 19 10 6 5 5 3 2 1 3 1 0 1 0 0 0 0 0 0 0 0 0 0 0 0 0 0 0 0 0 0 0 0
4 1 1 3 21 22 34 66 57 32 38 65 56 40 68 51 80 79 75 53 24 43 6 9 9 8 29 33 34 45 15 54 53 26 10 13 5 16 16 9 24 12 11 9 12 7 8 7 5 4 9 10 23 37 35 22 29 14 17 17 11 23 23 25 17 13 9 7 7 6 4 1 0 0 0 0 1 0 0 0 0 0 0 0 0 0 0 0 0 0 0 0 0 0 0 0
5 7 20 4 3 21 43 62 68 31 26 73 35 32 68 46 44 23 39 56 16 27 19 16 11 17 24 34 33 53 26 17 16 38 22 20 8 30 14 13 19 25 21 19 21 30 26 18 5 19 31 29 34 50 52 46 20 12 39 25 19 28 26 18 26 24 4 15 15 6 4 2 1 0 0 1 1 1 0 0 0 0 0 0 0 0 0 0 0 0 0 0 0 0 0 0
26 8 13 36 19 9 10 19 23 63 19 65 40 42 61 28 11 19 33 20 15 8 21 12 19 32 32 17 12 35 25 17 9 7 10 8 24 27 13 9 42 43 24 49 40 21 19 10 9 27 47 45 46 75 41 33 29 15 55 24 21 28 40 41 29 19 14 17 7 3 3 2 2 2 1 1 1 1 0 0 0 0 0 0 0 0 0 0 0 0 0 0 0 0 0 0
50 46 14 41 45 63 57 31 12 14 43 75 63 20 67 27 29 21 33 22 11 9 31 14 29 25 28 25 22 17 11 14 16 22 26 17 33 7 13 23 41 42 52 54 33 15 9 16 31 25 41 62 74 43 30 40 39 23 64 31 56 23 45 23 21 48 27 12 16 6 3 3 8 7 1 0 0 1 0 0 0 0 0 0 0 0 0 0 0 0 0 0 0 0 0 0
43 58 59 49 54 80 63 83 58 9 33 66 9 22 49 44 31 13 47 8 8 8 17 10 42 29 16 13 14 4 3 14 25 17 37 13 42 10 31 28 57 59 67 31 29 19 19 36 48 43 40 65 64 42 49 63 52 35 72 65 39 47 39 49 63 39 28 20 11 4 5 20 7 1 1 1 1 1 0 0 0 0 0 0 0 0 0 0 0 0 0 0 0 0 0 0
49 71 71 77 74 72 80 82 68 37 31 30 38 12 50 36 26 17 11 7 7 10 26 13 21 19 17 35 27 26 28 29 19 9 13 26 57 27 32 42 68 68 51 31 18 31 32 62 69 50 43 64 52 38 52 73 38 61 64 60 67 31 42 75 69 41 29 15 17 19 10 8 4 3 2 1 0 0 0 0 0 0 0 0 0 0 0 0 0 0 0 0 0 0 0 2
8 67 80 64 78 30 59 72 71 69 60 65 45 11 52 72 43 16 20 14 7 16 24 15 12 17 28 8 12 14 5 13 10 27 56 36 54 25 26 42 67 47 26 13 28 52 47 51 75 57 61 64 33 57 72 65 33 59 46 72 61 66 72 61 47 27 31 14 6 2 2 1 1 0 0 0 0 0 0 0 0 0 0 0 0 0 0 0 0 0 0 0 0 0 0 2
21 22 46 18 9 10 17 14 20 9 14 27 59 17 10 49 62 44 33 27 14 12 8 10 28 8 17 17 44 39 8 20 25 29 66 66 74 40 27 53 48 24 16 33 57 57 49 51 75 54 65 76 65 61 78 63 64 38 62 69 46 68 55 22 9 10 5 9 16 11 9 6 6 2 1 0 0 0 0 0 0 0 0 0 0 0 0 0 0 0 0 0 0 1 2 2
