sesion_6_simulaciones/modelos_agentes/ejemplos_netlogo/scenarios/cgcm2_b2/rob_2014.asc
NCOLS 322 
NROWS 307 
XLLCORNER 451900 
YLLCORNER 4086900 
CELLSIZE 100 
NODATA_value -9999 
[rows 222 to 295 of 307, columns 96 to 191 of 322]
0 0 0 0 0 0 0 0 0 0 0 0 0 0 0 0 0 0 0 0 0 0 0 0 0 0 0 1 0 0 0 0 0 1 0 0 0 0 0 0 0 0 0 0 0 1 1 4 6 8 11 13 18 27 28 39 51 64 78 77 80 85 63 78 60 71 57 53 58 51 39 38 26 31 44 47 55 33 36 27 61 49 44 37 35 18 36 50 55 32 19 17 8 4 4 2
0 0 0 0 0 0 0 0 0 0 0 0 0 0 0 0 0 0 0 0 0 0 0 0 0 0 0 0 1 0 0 1 1 0 0 0 0 0 0 0 0 0 0 0 0 1 1 2 4 5 9 7 12 19 35 60 66 48 36 48 52 53 49 57 82 42 42 43 65 57 46 60 27 33 52 47 48 29 45 57 47 79 56 46 37 31 21 18 37 64 43 31 22 8 4 3
0 0 0 0 0 0 0 0 0 0 0 0 0 0 0 0 0 0 0 0 0 0 0 0 0 0 0 0 1 1 1 1 0 0 0 0 0 0 0 0 0 0 0 0 0 0 1 1 3 4 5 9 22 14 31 53 32 30 37 38 17 47 45 43 41 62 28 64 63 55 68 60 21 28 35 47 39 39 54 61 46 34 59 60 37 34 35 16 11 34 64 39 27 13 10 6
0 0 0 0 0 0 0 0 0 0 0 0 0 0 0 0 0 0 0 0 0 0 0 0 0 0 0 0 1 2 1 0 0 0 0 0 0 0 0 0 0 0 0 0 0 0 1 1 2 3 4 6 17 19 11 12 17 22 24 23 49 66 43 48 59 86 77 58 64 62 74 63 42 32 48 60 51 50 59 63 50 31 15 29 59 60 33 28 19 12 34 31 20 14 7 4
0 0 0 0 0 0 0 0 0 0 0 0 0 0 0 0 0 0 0 0 0 0 0 0 0 1 1 0 1 2 0 0 0 0 0 0 0 0 0 0 0 0 0 0 0 1 1 1 2 2 5 10 11 12 16 18 30 29 26 31 19 32 57 49 56 87 67 72 39 74 60 63 47 33 56 69 63 44 57 81 45 45 58 41 36 18 20 30 20 20 9 12 14 8 3 3
0 0 0 0 0 0 0 0 0 0 0 0 0 0 0 0 0 0 0 0 0 0 0 0 0 0 2 2 2 1 0 0 0 0 0 0 0 0 0 0 0 0 0 0 0 1 1 1 1 2 3 4 4 7 9 18 38 40 33 22 26 42 43 54 75 60 53 65 79 65 57 64 63 21 26 50 53 64 74 37 73 60 78 53 70 37 44 29 15 8 8 12 7 4 2 1
0 0 0 0 0 0 0 0 0 0 0 0 0 0 0 0 0 0 0 0 0 0 1 1 0 1 1 3 1 0 0 0 0 0 0 0 0 0 0 0 0 0 0 0 0 0 1 1 2 2 5 4 7 10 9 19 29 54 34 32 24 48 62 75 60 52 55 54 39 56 68 44 32 19 27 44 64 58 81 59 32 26 41 58 38 43 31 25 12 11 7 4 3 3 3 3
0 0 0 0 0 0 0 0 0 0 0 0 0 0 0 0 0 0 0 0 0 0 0 1 0 1 1 6 2 1 1 1 0 0 0 0 0 0 0 0 0 0 0 0 0 0 0 1 1 2 3 3 5 5 15 20 16 16 15 31 21 22 30 44 31 18 34 48 38 53 28 46 44 30 47 30 28 67 42 52 42 29 25 30 16 18 23 25 11 10 3 2 2 1 1 1
0 0 0 0 0 0 0 0 0 0 0 0 0 0 0 0 0 0 0 0 1 1 0 0 2 0 1 4 5 6 1 1 0 0 0 0 0 0 0 0 0 0 0 0 0 0 0 1 1 1 1 2 3 5 10 6 8 10 12 15 19 21 23 31 38 51 58 66 53 55 66 67 48 25 42 58 30 60 53 58 58 50 37 54 31 10 12 7 5 6 2 1 1 1 1 1
0 0 0 0 0 0 0 0 0 0 0 0 0 0 0 0 0 0 0 0 1 1 1 1 1 1 1 2 7 4 2 1 0 0 0 0 0 0 0 0 0 0 1 0 0 1 0 1 1 1 2 2 3 4 2 3 3 4 5 6 7 7 9 29 42 45 30 51 54 52 52 49 43 30 32 53 49 44 49 69 58 54 51 47 30 21 9 7 4 4 3 2 1 1 1 0
0 0 0 0 0 0 0 0 0 0 0 0 0 0 0 0 0 0 0 1 1 1 0 1 3 2 1 1 5 4 2 1 0 0 0 0 0 0 0 0 0 0 1 1 1 1 0 1 2 3 5 4 3 2 2 4 3 5 10 14 12 20 18 16 15 18 27 31 33 49 66 72 70 32 45 38 70 51 59 46 44 52 49 39 32 41 26 10 5 2 1 1 1 1 0 0
0 0 0 0 0 0 0 0 0 0 0 0 0 0 0 0 0 0 0 1 1 1 0 1 1 3 3 4 7 5 3 1 0 0 0 0 0 0 0 0 0 0 1 1 1 2 1 1 1 4 6 11 7 4 5 7 15 18 22 39 35 34 31 25 34 54 38 34 31 44 65 65 67 63 49 63 76 44 61 41 62 61 47 55 35 23 23 18 18 4 1 1 1 0 0 0
0 0 0 0 0 0 0 0 0 0 0 0 0 0 0 0 0 0 0 0 1 1 1 0 1 2 8 6 3 2 1 1 0 0 0 0 0 0 0 0 0 1 1 1 1 1 2 4 2 3 5 6 7 12 11 16 21 27 47 45 34 36 48 39 29 25 40 51 30 41 25 27 29 26 58 26 40 75 51 38 18 32 67 59 33 26 32 13 11 3 4 1 0 1 0 0
0 0 0 0 0 0 0 0 0 0 0 0 0 0 0 0 0 0 0 1 1 1 1 1 1 2 3 10 2 1 1 0 0 0 0 0 0 0 0 0 1 1 1 1 1 2 2 3 5 4 6 7 11 27 13 18 27 33 37 51 50 65 61 59 48 31 43 46 63 48 52 44 50 41 81 41 27 30 33 32 19 8 58 63 41 37 38 30 10 7 5 3 2 2 0 0
0 0 0 0 0 0 0 0 0 0 0 0 0 0 0 0 0 0 0 0 1 1 4 1 1 3 3 10 3 1 0 0 0 0 0 0 0 0 0 0 1 1 1 1 2 3 5 4 6 13 11 19 18 20 22 21 27 32 60 55 60 60 55 69 70 49 38 44 49 44 74 55 44 48 53 62 51 61 58 45 40 24 15 46 38 38 44 25 8 5 2 1 1 0 0 0
1 0 0 0 0 0 0 0 0 0 0 0 0 0 0 0 0 0 0 0 1 1 1 3 0 1 3 6 3 2 1 1 0 0 0 0 0 0 0 0 1 1 1 2 4 4 11 9 7 5 20 39 50 30 27 15 27 30 58 49 74 64 58 54 53 51 32 50 39 74 40 41 46 53 43 32 38 41 42 36 29 24 23 18 28 17 6 17 10 3 2 1 1 1 0 0
1 0 0 0 0 0 0 0 0 0 0 0 0 1 0 0 0 0 0 0 1 1 2 4 1 3 5 9 5 2 2 1 0 0 0 0 0 0 0 1 1 1 1 4 5 8 11 14 16 12 17 30 36 40 31 16 30 38 28 54 73 69 31 75 35 55 54 46 40 61 47 28 37 65 65 50 55 58 57 53 62 31 25 18 13 7 9 7 3 4 1 1 0 0 0 0
0 0 0 0 0 0 0 0 0 0 0 0 0 1 1 0 0 0 1 1 1 1 3 8 4 4 9 7 4 4 2 1 0 0 0 0 0 0 0 1 1 1 2 3 5 9 13 17 19 26 23 34 50 55 43 19 31 43 53 48 60 65 28 57 61 58 67 40 52 47 34 49 59 56 44 36 35 43 46 24 42 46 40 17 16 7 5 5 2 1 1 1 1 1 1 0
0 0 0 0 0 0 0 0 0 0 0 0 0 1 1 1 0 0 1 3 2 1 3 8 8 2 2 23 12 3 2 1 0 0 0 0 1 1 0 1 1 2 2 4 8 8 18 22 27 39 28 44 57 42 51 20 32 42 48 61 54 55 58 58 66 67 61 60 53 39 51 57 58 55 47 39 34 46 42 33 31 27 48 41 17 18 10 3 1 1 1 0 1 0 0 0
0 0 0 0 0 0 0 0 0 0 1 1 0 1 2 2 0 0 1 2 3 2 3 8 13 3 5 27 8 5 3 1 1 0 0 1 1 0 1 1 2 3 3 5 7 9 27 28 35 41 44 40 37 50 76 41 23 47 63 51 39 36 36 62 65 63 61 73 57 37 44 46 62 61 63 56 56 73 59 51 40 33 30 24 22 22 8 5 3 2 1 1 1 0 0 0
0 0 0 0 0 0 0 0 0 0 1 1 1 1 2 2 1 0 2 2 3 4 4 11 21 23 19 27 13 7 3 1 0 0 0 0 1 1 1 3 2 3 7 5 5 9 24 36 44 41 49 58 55 56 82 61 52 18 39 74 58 55 41 42 37 68 73 73 46 42 35 67 61 48 49 44 52 74 57 40 52 23 17 12 12 10 11 7 2 1 1 1 1 0 0 0
0 0 0 0 0 0 0 0 0 0 1 2 1 2 2 4 1 1 2 3 4 6 7 14 30 43 19 24 7 4 4 1 0 0 0 0 0 2 1 2 3 3 6 7 9 18 25 27 46 53 56 58 68 81 83 80 40 23 50 65 73 55 48 51 54 48 39 44 43 41 63 61 36 60 36 41 32 54 44 40 32 33 44 18 8 5 3 2 2 1 1 1 1 0 0 0
0 0 0 0 0 0 0 0 1 1 1 1 3 1 3 5 2 2 1 6 9 8 7 17 30 26 10 5 3 3 1 1 0 0 0 0 1 2 2 2 2 6 3 16 10 16 27 25 35 63 65 45 70 76 77 80 65 36 28 29 45 66 62 53 49 35 16 11 27 37 75 55 48 54 89 77 62 55 51 50 55 46 25 28 17 13 6 4 3 1 1 0 0 0 0 0
0 0 0 0 0 0 0 1 0 1 2 2 5 1 4 5 3 5 2 5 16 14 25 16 40 19 7 5 2 2 1 0 0 0 0 0 0 1 2 3 5 4 4 7 26 16 20 32 52 71 69 59 57 52 64 83 77 42 34 36 51 45 51 46 34 44 33 22 50 58 36 55 69 73 64 82 60 73 57 64 60 38 22 7 8 5 6 4 2 1 1 0 0 0 0 0
0 0 0 0 0 0 0 1 1 1 2 3 7 3 6 10 3 6 10 4 7 19 13 50 24 22 5 3 2 1 0 0 0 0 1 1 1 0 1 1 2 4 8 23 15 20 36 44 43 58 73 77 53 53 43 50 76 64 49 27 36 27 25 18 18 8 24 50 41 51 39 25 35 62 31 63 81 78 68 63 61 34 16 11 7 3 2 1 2 1 0 0 0 0 0 0
0 0 0 0 1 0 1 1 1 2 2 4 5 8 5 14 5 6 17 14 15 31 16 38 38 10 4 2 0 0 0 1 1 0 1 1 1 1 1 2 2 3 7 16 37 26 22 34 44 63 65 70 69 66 51 42 49 68 55 32 36 32 37 34 40 22 17 40 46 51 50 48 49 38 34 30 54 61 67 39 21 18 13 9 4 2 2 1 1 0 0 0 0 0 0 0
0 0 0 1 1 1 1 1 1 2 3 4 6 9 11 28 8 8 20 24 23 39 67 33 14 12 6 2 1 1 1 1 1 0 0 1 1 1 2 2 3 5 9 17 23 46 34 35 49 60 69 62 71 71 62 43 32 57 53 43 25 30 33 37 41 33 22 48 42 39 48 47 75 59 51 36 27 15 37 38 25 9 5 4 4 2 1 0 0 0 0 0 0 0 0 0
0 0 0 1 1 1 1 1 1 2 7 6 6 8 31 31 14 16 18 29 31 50 66 15 23 13 4 3 3 3 4 4 1 1 0 1 1 2 3 2 4 9 18 21 20 40 33 63 53 68 62 84 64 48 47 41 58 25 22 73 34 25 55 47 32 25 36 61 41 34 38 58 82 64 50 40 35 30 19 24 20 11 6 4 3 2 1 0 0 0 0 0 0 0 0 0
0 0 0 1 1 1 1 3 3 3 9 6 15 15 19 29 41 27 33 25 44 44 76 54 21 8 8 8 5 8 7 5 2 1 1 0 1 3 2 4 7 10 22 38 49 39 61 28 15 31 64 38 57 53 63 45 21 14 17 28 44 15 37 33 18 28 59 31 37 35 23 28 19 35 45 35 34 32 19 14 11 6 6 5 4 4 2 2 1 0 0 0 0 0 1 0
0 0 0 1 2 3 1 3 4 5 4 9 8 26 32 16 15 52 38 39 38 61 67 36 20 15 15 13 15 24 7 2 1 1 1 0 1 1 7 6 8 13 19 45 33 58 53 49 39 55 60 18 65 74 68 35 48 38 34 18 58 13 25 25 15 19 28 54 49 24 45 67 57 61 55 44 34 34 28 25 15 11 9 6 5 5 4 1 1 0 0 0 0 0 1 0
0 1 1 1 2 3 1 2 3 7 10 15 8 8 18 45 20 15 60 64 39 60 70 42 40 17 35 48 23 7 4 3 2 1 1 0 1 1 2 6 8 26 32 26 20 38 43 64 68 66 53 49 64 77 79 77 61 29 28 25 49 21 23 27 13 17 40 25 18 19 41 48 50 52 58 56 37 30 18 18 8 5 5 12 9 6 2 1 0 0 0 0 1 1 1 0
0 1 1 2 2 2 3 3 4 3 6 17 7 6 17 36 44 41 11 31 46 67 51 39 31 48 23 10 10 5 5 5 3 1 1 0 1 2 4 4 4 12 18 15 25 36 45 46 67 66 66 61 77 77 70 65 37 55 19 25 27 40 11 19 26 20 11 40 48 48 37 52 63 57 52 54 30 22 14 19 22 14 22 11 8 3 3 1 0 1 1 1 1 1 1 1
1 1 2 2 3 5 4 8 8 6 4 11 28 9 27 27 37 56 42 18 32 67 28 49 68 23 17 15 12 11 6 2 1 1 2 1 2 3 5 5 6 14 15 12 27 43 25 25 50 54 34 29 44 44 52 29 47 34 55 13 26 33 22 16 48 60 34 61 67 44 63 62 70 70 69 64 45 28 29 26 28 18 22 10 7 5 2 1 1 1 1 1 2 3 1 0
1 1 2 1 2 10 13 9 9 8 17 11 19 43 22 28 44 21 66 38 38 36 76 57 40 39 33 28 20 14 6 2 1 1 3 1 2 3 7 11 12 18 28 29 30 26 36 45 36 35 36 33 32 37 36 43 38 37 38 48 11 6 21 46 51 29 42 50 65 52 67 55 56 69 69 50 37 43 32 29 32 26 13 12 7 2 1 1 1 1 2 2 3 2 1 1
2 3 2 2 2 7 8 18 22 10 18 24 28 33 53 32 51 30 25 56 31 36 70 68 55 39 29 30 22 9 7 5 3 1 2 1 1 2 5 14 21 24 16 32 31 40 38 40 48 52 45 35 37 39 46 44 28 27 28 37 22 12 24 14 18 42 43 51 34 44 60 54 60 49 53 70 39 32 17 14 14 13 19 11 5 2 1 1 1 1 2 2 6 2 1 1
1 2 3 3 4 4 10 11 14 22 34 29 32 38 61 64 32 27 35 32 64 69 74 60 58 58 43 36 25 14 8 6 4 2 4 1 1 3 6 13 21 39 33 41 44 48 45 62 45 48 49 40 28 38 33 51 47 24 8 11 15 15 18 19 19 10 7 6 14 54 37 44 57 53 49 38 26 10 9 22 31 25 7 10 11 4 2 2 2 3 2 2 8 2 1 1
2 4 5 5 7 5 7 14 20 24 41 46 48 41 55 63 49 49 39 44 39 70 69 64 43 50 39 35 18 20 13 7 5 4 6 1 3 5 8 11 7 32 44 49 46 56 61 51 48 63 68 63 29 38 47 42 25 28 14 6 8 12 25 14 17 22 32 39 30 33 32 33 35 30 43 18 19 20 14 44 32 12 17 13 9 9 4 6 4 2 2 1 5 3 2 2
2 4 13 7 10 10 9 19 27 31 33 52 50 46 70 51 58 68 54 44 44 62 55 50 44 46 41 34 27 13 13 10 11 7 2 0 3 9 14 20 16 34 50 44 48 56 49 39 53 76 70 65 62 43 48 38 30 29 16 17 17 11 19 16 33 41 64 57 40 45 40 44 36 22 19 27 40 45 26 42 33 27 19 13 8 8 9 7 3 3 3 1 3 6 1 1
3 2 11 17 12 12 12 25 33 34 36 40 56 65 68 65 56 73 55 40 48 81 58 70 48 49 51 45 31 17 21 16 10 5 2 1 2 7 21 36 33 44 39 62 51 55 51 41 51 44 41 39 53 53 28 22 24 22 17 24 25 12 16 25 40 49 49 43 50 28 41 27 16 21 23 55 41 50 52 15 29 23 26 22 11 9 19 10 4 4 2 3 5 3 1 2
4 3 8 21 22 16 21 29 32 39 47 38 53 66 68 58 57 46 58 42 49 64 65 74 58 49 41 35 36 22 30 15 9 5 6 3 4 9 19 30 54 62 61 48 63 41 42 56 46 36 35 41 44 40 68 41 18 20 20 23 18 18 19 17 21 21 38 51 31 20 20 30 31 45 40 61 55 55 35 39 29 17 32 20 14 17 16 8 9 4 2 3 10 3 2 4
6 18 15 20 28 20 16 34 36 39 53 42 22 31 72 76 72 55 50 68 48 79 80 50 58 60 31 35 26 30 25 19 13 4 5 3 4 16 19 29 29 51 51 64 60 60 40 59 65 39 51 57 55 53 53 28 30 16 24 11 10 16 24 26 30 27 49 17 25 10 29 46 62 36 49 64 39 40 53 38 9 14 32 30 31 21 11 6 9 7 3 4 9 7 5 5
8 12 27 33 34 23 21 37 40 40 42 53 46 45 53 73 68 37 46 71 47 79 66 67 60 37 19 40 28 35 37 24 19 9 6 4 5 18 21 36 56 45 37 63 42 51 56 44 60 58 70 65 61 52 47 29 30 14 14 22 10 13 28 31 13 41 22 21 49 42 61 48 45 59 50 30 45 62 28 12 12 32 49 33 27 27 11 8 6 5 9 6 4 15 7 6
16 24 29 38 39 29 40 40 43 43 29 46 48 59 57 64 67 70 76 78 75 74 63 63 52 55 46 44 48 28 40 36 20 13 14 4 7 19 40 41 50 52 53 58 58 50 57 31 51 53 62 57 53 42 47 36 45 25 19 12 12 22 6 22 17 27 27 43 41 37 33 49 70 74 53 42 67 47 41 29 28 32 12 14 29 27 12 9 7 12 12 7 5 32 10 15
21 26 26 32 10 26 52 35 48 54 44 43 56 61 53 65 54 76 73 80 71 66 74 56 49 58 67 65 34 45 33 35 29 14 11 5 6 24 29 44 47 42 65 61 60 49 36 70 49 77 50 57 41 58 43 60 31 33 26 8 7 19 33 38 9 21 33 52 54 34 30 60 80 73 47 68 59 35 41 75 61 22 25 36 23 15 15 7 9 13 14 9 13 40 28 21
23 17 9 7 6 12 50 36 22 31 43 32 37 56 75 73 45 45 74 65 72 70 74 72 34 54 71 44 38 39 28 45 38 28 11 2 5 18 26 47 44 45 55 68 73 68 42 31 14 17 58 65 34 50 47 59 45 30 17 10 11 26 21 37 29 27 33 29 52 39 44 71 77 48 55 71 58 14 55 50 34 47 58 40 25 19 14 5 17 16 18 12 25 62 34 17
26 29 22 24 22 16 31 53 20 23 23 47 39 48 71 64 75 48 60 76 69 80 80 77 59 37 58 60 50 32 55 37 37 23 11 4 4 10 26 53 25 47 67 71 69 53 52 49 46 43 36 43 64 40 21 21 21 14 17 4 10 13 7 15 25 19 28 15 24 31 65 56 59 69 48 43 28 28 45 38 40 57 50 28 17 6 5 5 13 19 19 15 33 46 33 12
40 30 36 35 24 28 26 31 39 37 33 64 45 50 46 55 73 77 72 84 83 74 76 59 32 46 54 48 44 49 54 42 21 19 21 9 8 5 19 33 12 28 38 40 45 43 44 36 70 65 50 46 40 28 31 20 14 37 5 2 2 9 13 14 34 37 19 12 48 53 28 43 27 47 41 32 15 60 47 63 42 36 21 19 18 9 7 14 15 23 22 29 32 49 14 12
26 29 36 33 40 26 23 42 61 63 30 28 58 59 33 35 30 50 79 78 52 45 48 52 58 21 52 55 36 65 44 39 33 22 25 10 15 6 12 32 45 22 33 43 29 39 19 11 25 37 27 65 60 48 27 4 3 2 6 4 4 9 6 21 28 37 16 47 46 30 35 35 41 41 20 31 54 64 69 40 37 35 35 36 20 10 9 17 25 29 28 21 46 53 42 15
28 49 38 41 43 44 32 48 64 52 51 36 26 47 60 36 59 48 37 69 49 61 64 64 52 42 55 38 38 64 50 47 28 14 21 11 14 10 4 17 29 57 51 36 32 44 44 23 34 46 54 58 38 41 36 23 16 11 7 3 3 5 12 15 19 18 33 52 58 53 36 35 25 16 50 53 46 58 54 37 29 34 36 23 18 15 11 24 31 21 33 27 16 31 49 24
36 38 38 33 42 61 34 47 52 59 52 45 58 43 27 59 60 48 47 71 72 32 30 45 42 64 57 70 41 42 55 39 25 41 18 10 14 19 8 21 35 55 66 30 35 59 43 20 38 44 27 44 31 39 37 17 18 15 8 8 6 5 2 14 17 26 39 17 18 17 29 18 46 56 36 40 37 34 33 27 19 26 27 29 25 12 12 19 38 24 37 28 29 27 43 30
35 35 56 40 51 59 26 42 57 64 60 52 55 57 69 53 72 83 64 66 64 40 49 53 59 77 69 76 48 47 47 43 45 20 15 10 10 32 13 13 28 42 36 43 50 57 16 10 64 82 37 44 42 22 18 14 26 14 6 2 5 4 6 10 13 11 10 20 36 40 45 47 26 33 26 16 21 39 30 26 36 51 28 23 26 14 24 26 43 26 33 10 4 14 35 57
35 43 58 57 50 46 27 42 60 66 63 52 43 41 60 75 54 48 70 67 46 33 50 42 70 64 80 61 56 70 63 53 28 24 10 4 4 37 14 15 15 32 32 32 44 46 3 22 37 43 59 49 37 12 9 6 5 5 5 3 2 6 2 2 3 3 7 23 51 68 66 61 34 23 18 26 63 50 34 36 48 35 34 42 12 16 29 36 23 18 8 8 20 26 27 45
44 27 32 59 48 59 48 22 56 58 66 54 57 43 55 45 71 47 40 51 35 54 52 53 51 72 61 72 71 78 58 57 39 32 22 3 17 33 12 16 24 14 26 34 35 32 9 24 23 28 38 30 44 38 32 11 8 8 10 7 3 12 2 2 2 9 24 54 32 38 47 24 16 22 38 50 53 38 30 62 51 42 43 18 18 34 53 21 7 7 12 28 23 57 46 49
39 13 36 54 62 57 58 38 26 49 63 42 53 52 61 65 57 54 53 54 26 60 85 61 56 60 43 51 56 59 59 56 32 18 20 10 21 17 24 18 31 29 28 34 44 37 27 20 18 23 23 40 26 33 24 13 7 8 9 14 6 7 5 3 6 27 14 29 33 23 43 39 30 51 46 52 53 49 48 62 46 30 19 13 36 44 13 6 8 17 20 41 49 52 58 48
36 19 23 17 48 58 67 45 11 29 53 41 54 44 74 67 57 27 39 52 36 66 68 56 54 28 59 64 63 56 58 41 41 32 19 16 17 14 20 15 6 26 23 39 36 43 52 64 51 46 36 55 39 20 12 5 11 6 7 13 11 3 1 6 23 26 10 21 16 20 29 54 59 71 40 33 61 60 47 38 25 34 10 28 31 13 4 16 20 31 37 41 46 60 64 53
51 35 43 14 48 65 64 42 15 10 13 43 58 40 43 59 40 55 55 61 54 32 57 65 47 41 64 68 58 50 40 34 43 35 30 30 30 10 26 19 9 10 20 28 35 28 24 21 22 20 17 34 15 10 14 35 26 11 7 3 2 1 5 14 11 13 11 11 27 13 29 56 60 58 46 47 65 62 54 43 28 15 25 26 15 5 13 32 32 33 41 39 49 50 54 55
61 31 46 17 21 55 44 25 18 17 19 23 34 68 57 53 50 46 44 59 49 60 72 53 52 65 44 57 61 52 36 44 32 22 36 33 21 20 17 29 20 13 17 21 27 26 41 30 25 37 47 35 17 15 4 20 20 13 9 10 9 9 2 9 13 6 7 15 16 22 33 48 57 57 45 42 40 42 60 24 15 15 25 8 10 29 34 35 36 37 39 35 27 25 37 57
51 32 45 25 17 55 45 51 39 38 26 28 41 54 64 69 73 64 49 46 44 46 55 63 73 62 71 72 58 40 41 42 26 22 56 36 23 25 19 9 9 16 16 31 29 31 39 29 42 32 39 21 37 20 7 12 44 19 7 9 11 2 2 2 4 13 6 13 22 22 24 44 57 54 51 24 37 57 45 40 37 18 8 14 18 22 23 46 48 36 45 38 36 25 34 15
41 34 50 38 28 35 26 54 31 32 36 29 42 39 34 50 52 54 54 54 64 37 47 78 70 72 59 47 53 47 45 43 41 26 46 37 34 23 35 13 29 32 12 17 34 46 48 37 42 48 30 17 36 13 13 22 27 12 10 8 6 2 3 3 16 12 28 31 11 11 37 33 25 38 36 28 50 64 71 40 22 12 5 16 10 46 39 37 43 47 66 62 35 32 36 16
56 36 51 38 25 22 16 40 51 38 39 41 38 39 34 53 44 46 27 34 55 33 60 70 72 52 58 60 52 45 41 43 37 44 49 37 49 63 24 18 21 21 25 18 42 29 38 40 34 32 46 39 21 16 25 24 39 12 11 8 5 3 2 2 5 7 40 35 15 18 26 27 45 47 26 67 62 45 40 37 17 5 12 28 25 32 49 32 46 58 55 60 31 27 33 17
58 39 66 41 21 24 39 26 63 35 54 52 34 25 34 29 29 41 36 34 17 60 50 47 49 45 61 51 39 45 45 24 38 47 32 60 34 63 39 20 37 18 36 25 35 49 40 40 29 41 41 26 19 30 24 25 17 15 9 13 7 5 2 1 4 14 25 22 22 32 20 17 33 36 67 57 32 30 34 38 21 14 16 33 55 39 42 55 56 48 51 39 33 26 30 15
55 39 68 43 20 18 66 44 44 38 40 53 33 40 36 35 36 45 42 32 15 26 14 19 34 35 67 66 60 43 28 25 39 59 46 26 46 43 37 22 34 11 32 13 23 39 53 42 33 46 31 44 20 21 35 32 29 13 14 18 4 1 1 3 3 4 8 28 43 26 23 37 53 68 52 28 25 60 39 25 20 16 35 24 52 55 37 50 49 48 43 28 49 30 24 12
64 38 57 27 19 28 40 43 35 66 60 43 46 34 36 36 49 43 42 40 13 21 25 51 58 59 54 53 50 38 24 25 57 45 45 40 63 35 27 24 34 11 30 23 26 34 60 46 32 44 47 43 22 11 31 30 21 8 10 6 10 3 2 4 4 3 6 21 18 22 26 42 42 32 35 28 28 46 29 10 11 23 46 46 49 51 22 40 63 61 39 27 49 17 23 19
66 41 58 29 21 28 28 66 41 64 74 67 39 27 25 38 65 49 15 29 9 27 27 42 28 33 30 49 27 23 39 28 72 56 55 50 51 27 19 46 24 19 20 54 54 40 44 42 55 46 38 36 34 25 26 16 24 16 10 4 3 1 4 5 4 5 5 9 26 21 23 18 31 25 43 36 42 46 38 14 10 40 48 51 50 48 21 35 51 52 24 25 24 29 32 28
77 65 26 43 24 23 47 66 50 41 65 60 67 22 47 68 47 48 33 27 19 15 26 19 22 28 55 33 42 38 37 47 15 32 17 37 30 21 14 45 21 17 5 22 73 46 35 51 52 42 41 35 30 20 41 42 33 24 9 5 3 2 4 2 3 7 5 11 26 11 25 29 34 27 40 49 29 44 35 21 20 47 38 33 42 31 40 39 31 37 51 28 23 43 34 26
63 33 30 40 25 22 63 62 65 36 25 47 72 18 33 31 29 41 26 28 9 8 27 42 44 37 28 47 46 27 59 27 41 27 46 38 26 32 18 34 16 30 13 15 49 62 44 46 55 53 45 43 29 32 22 17 24 11 10 10 4 1 4 2 4 6 6 11 18 25 44 53 53 40 44 59 12 54 32 31 31 29 38 23 30 25 43 56 38 27 45 30 26 31 39 32
60 38 19 47 37 33 49 14 42 62 20 31 62 47 18 33 32 31 15 17 21 35 58 32 34 30 43 59 38 37 35 47 57 72 52 38 58 27 34 39 19 18 20 22 35 44 35 71 49 44 36 42 48 33 11 15 23 18 11 8 7 3 3 2 2 4 5 7 10 20 32 33 47 58 40 18 32 54 44 22 19 26 49 21 35 41 47 32 47 33 21 38 41 33 22 28
63 20 34 47 32 31 41 11 12 14 36 62 35 53 24 31 19 20 10 24 21 17 18 34 28 29 30 41 45 53 31 40 57 39 26 55 28 20 43 26 36 39 30 30 34 44 36 38 56 28 23 18 39 42 19 13 14 9 7 8 5 2 2 1 1 3 7 11 14 26 22 38 41 22 31 29 41 30 18 11 15 42 40 45 30 36 41 32 28 36 38 25 20 37 14 15
69 21 32 52 30 49 47 26 11 13 30 54 70 64 28 22 31 28 28 8 9 13 29 42 21 16 38 64 38 32 25 54 25 38 62 17 23 31 41 23 41 36 27 49 50 59 51 32 37 39 23 23 39 41 32 22 11 4 3 2 2 5 2 1 1 4 7 15 13 31 32 52 40 25 9 31 48 16 20 19 24 36 43 40 26 35 31 29 15 42 27 49 25 13 8 6
53 27 33 58 22 46 60 42 21 20 13 35 31 48 56 17 22 20 15 24 21 15 14 15 6 19 51 54 53 18 57 17 20 55 41 23 35 41 53 35 12 49 45 48 64 57 48 21 32 57 48 18 11 19 28 30 9 8 4 2 1 3 4 3 2 20 39 17 9 14 39 47 34 20 11 40 37 27 23 19 23 33 35 40 36 25 13 34 22 39 31 13 34 11 12 19
49 27 30 53 20 45 50 19 17 22 30 28 19 22 30 30 10 15 17 6 8 6 10 7 11 22 76 36 41 20 56 39 16 61 33 21 38 61 47 31 21 46 52 59 33 55 41 39 24 23 30 39 16 10 15 27 13 8 2 3 1 2 3 4 14 22 24 34 36 42 47 49 36 9 16 40 26 15 15 20 26 22 41 18 25 22 14 18 26 17 31 12 11 30 22 15
71 37 59 36 16 58 31 18 26 19 43 19 38 22 16 19 9 4 8 6 21 36 13 5 8 17 46 29 15 48 33 26 48 44 41 19 33 62 64 36 22 39 40 62 60 51 31 36 35 17 15 16 26 19 9 3 11 3 6 2 4 4 4 20 40 49 62 56 61 74 53 49 30 6 43 55 17 14 17 25 22 27 39 22 37 36 9 15 23 16 16 8 10 8 10 18
72 56 11 16 15 41 18 21 34 36 32 33 33 31 10 14 7 3 11 12 16 14 4 11 8 28 30 16 42 14 29 55 46 28 29 41 49 71 62 31 29 46 41 50 46 32 45 48 31 32 27 13 21 23 14 5 4 4 4 2 4 4 10 16 15 12 46 58 65 73 73 48 9 30 45 58 25 4 12 45 22 45 23 32 22 46 8 23 28 15 19 7 29 7 15 6
66 19 14 22 22 26 6 19 26 38 19 43 51 23 12 7 10 1 6 3 13 12 3 7 8 42 7 37 43 14 57 52 24 19 45 40 21 72 58 17 27 36 34 43 52 43 36 36 25 18 23 11 8 18 9 4 2 1 3 3 6 9 19 21 26 22 44 67 75 62 59 10 20 37 55 62 44 12 27 30 25 25 26 32 32 38 6 11 24 19 27 13 13 7 6 9
