sesion_6_simulaciones/modelos_agentes/ejemplos_netlogo/scenarios/cgcm2_b2/rob_2039.asc
NCOLS 322 
NROWS 307 
XLLCORNER 451900 
YLLCORNER 4086900 
CELLSIZE 100 
NODATA_value -9999 
[rows 219 to 291 of 307, columns 96 to 191 of 322]
2 1 0 0 0 0 0 0 0 0 0 0 0 0 0 0 0 0 0 0 0 0 0 0 0 0 0 0 0 0 0 0 0 0 1 0 0 0 0 0 1 1 1 1 2 3 3 9 12 16 36 25 42 44 44 61 45 58 47 55 70 69 43 45 64 65 63 36 66 52 29 14 22 43 45 39 73 32 63 39 58 68 51 70 90 31 46 40 38 43 49 37 30 11 7 6
2 1 0 0 0 0 0 0 0 0 0 0 0 0 0 0 0 0 0 0 0 0 0 0 0 1 0 0 0 0 0 0 0 0 0 0 0 0 0 0 0 1 1 1 2 2 6 10 10 19 17 23 30 40 50 58 70 61 54 47 64 70 35 64 71 58 51 62 51 55 33 24 25 20 39 34 38 58 50 49 70 43 54 37 61 77 60 74 66 64 67 53 50 29 27 28
2 1 0 0 0 0 0 0 0 0 0 0 0 0 0 0 0 0 0 0 0 0 0 0 0 0 1 0 0 0 0 0 0 1 0 0 0 0 0 0 0 0 0 1 1 2 5 8 8 11 15 20 40 52 51 42 51 53 50 66 75 79 65 71 50 62 70 65 49 49 38 27 23 29 31 46 36 22 45 52 29 32 56 36 12 55 87 71 74 73 52 47 34 27 10 6
1 0 0 0 0 0 0 0 0 0 0 0 0 0 0 0 0 0 0 0 0 0 0 0 0 0 1 2 1 0 0 1 1 1 0 0 0 0 0 0 0 0 0 1 1 2 4 10 13 20 22 26 34 41 42 49 54 64 79 78 80 84 60 77 48 64 51 46 52 44 32 34 23 27 41 42 47 24 24 18 52 41 37 31 32 18 39 54 63 41 30 31 17 10 11 6
1 0 0 0 0 0 0 0 0 0 0 0 0 0 0 0 0 0 0 0 0 0 0 0 0 0 0 1 3 1 0 1 2 0 0 0 0 0 0 0 0 0 0 1 1 2 2 5 10 13 19 16 23 34 49 70 73 53 35 45 46 49 45 50 78 33 36 34 59 48 38 54 24 27 46 39 42 20 42 49 45 80 49 41 34 34 23 23 50 75 56 48 40 19 12 10
0 0 0 0 0 0 0 0 0 0 0 0 0 0 0 0 0 0 0 0 0 0 0 0 0 0 0 1 2 1 1 2 1 0 0 0 0 0 0 0 0 0 0 0 1 1 2 3 6 10 13 20 37 26 47 63 39 36 37 37 15 42 43 35 36 55 20 54 54 45 60 52 16 22 27 39 32 29 39 53 40 28 60 55 36 37 41 22 17 49 79 59 47 28 24 16
0 0 0 0 0 0 0 0 0 0 0 0 0 0 0 0 0 0 0 0 1 0 0 0 1 1 0 1 2 5 3 1 0 0 0 0 0 0 0 0 0 0 0 1 1 1 2 2 6 7 12 15 30 34 20 18 26 26 26 22 49 66 37 47 53 85 72 48 56 54 66 54 35 29 39 52 40 38 50 61 49 27 11 26 64 63 39 35 28 22 54 52 39 31 17 12
0 0 0 0 0 0 0 0 0 0 0 0 0 0 0 0 0 0 0 1 1 0 0 0 1 2 2 1 3 4 1 0 0 0 0 0 0 0 0 0 0 0 0 0 0 1 2 4 4 7 14 23 23 24 26 28 42 37 28 39 20 31 55 52 53 87 63 66 25 63 51 54 37 28 45 57 51 32 49 76 43 38 54 39 37 20 25 39 33 36 19 25 30 20 9 9
0 0 0 0 0 0 0 0 0 0 0 0 0 0 0 0 0 0 0 0 0 1 0 1 1 1 3 5 4 2 0 0 0 0 0 0 0 0 0 0 0 0 0 1 1 2 2 2 4 6 10 11 9 15 19 29 51 46 43 24 28 42 41 51 74 54 55 63 77 52 43 55 54 14 19 36 37 53 66 33 74 60 77 55 72 42 56 43 28 17 17 26 18 11 7 3
0 0 0 0 0 0 0 0 0 0 0 0 0 0 0 0 0 0 0 0 0 0 2 3 1 1 3 6 3 1 1 1 0 0 0 0 0 0 0 0 0 0 0 0 0 1 2 2 5 6 11 12 17 19 19 33 44 68 42 38 28 51 63 79 56 47 53 51 37 49 58 37 29 12 19 34 52 45 78 59 30 24 43 64 46 52 43 40 23 24 17 11 9 9 8 8
0 0 0 0 0 0 0 0 0 0 0 0 0 0 0 0 0 0 1 0 0 0 0 3 1 2 2 14 5 2 3 2 0 0 0 0 0 0 0 0 0 0 0 1 1 1 1 1 4 6 8 9 13 11 29 36 26 26 22 40 27 25 31 45 29 17 30 44 30 41 17 40 33 19 35 21 23 55 35 44 37 29 30 38 25 27 37 42 22 21 9 6 6 4 4 4
0 0 0 0 0 0 0 0 0 0 0 0 0 0 0 0 0 0 1 1 2 2 0 1 4 1 1 7 11 11 4 2 1 0 0 0 0 0 0 0 1 0 0 1 1 1 1 2 2 3 4 5 8 13 21 13 15 17 20 21 26 25 30 35 37 49 53 61 49 49 56 53 37 15 29 41 18 44 42 49 52 48 38 62 38 17 23 15 12 15 7 4 3 5 4 2
0 0 0 0 0 0 0 0 0 0 0 0 0 0 0 0 0 0 1 1 1 2 1 2 2 3 2 3 14 10 4 2 1 0 0 0 0 0 0 0 1 1 1 1 1 1 1 2 3 3 4 6 7 8 6 7 7 8 8 9 10 10 11 36 45 45 27 47 48 45 39 34 34 18 19 36 40 38 42 67 53 53 52 53 40 32 16 14 11 11 9 6 3 2 3 1
0 0 0 0 0 0 0 0 0 0 0 0 0 0 0 0 0 0 1 1 2 1 1 2 8 4 2 3 9 9 5 3 1 0 0 0 0 0 0 0 1 1 1 3 2 2 1 3 5 9 14 12 6 5 5 7 7 9 18 22 16 26 22 18 16 19 26 27 31 42 55 59 60 17 28 23 56 47 54 37 37 51 53 44 41 56 42 21 13 7 4 3 3 2 1 1
0 0 0 0 0 0 0 0 0 0 0 0 0 0 0 0 0 0 1 1 2 3 1 2 2 6 7 9 14 12 6 3 1 0 0 0 0 0 0 0 0 1 1 2 3 5 3 1 4 9 16 25 17 8 12 14 28 30 34 50 43 40 35 26 35 53 34 31 24 43 62 61 61 52 33 53 70 37 61 37 62 62 47 61 45 35 38 34 36 11 4 2 2 1 1 0
1 0 0 0 0 0 0 0 0 0 0 0 0 0 0 0 0 0 1 1 2 2 1 1 3 4 18 12 7 5 3 2 0 0 0 0 0 0 1 0 1 1 2 2 3 4 4 11 5 8 12 15 16 23 20 30 33 39 58 51 37 39 48 38 27 21 37 43 24 33 19 18 18 15 44 15 36 72 47 37 16 32 68 65 42 38 51 25 25 9 11 4 1 2 1 1
1 1 0 0 0 0 0 0 0 0 0 0 0 0 0 0 0 0 0 1 2 3 3 1 2 5 6 18 5 2 2 1 0 0 0 0 0 0 1 1 1 2 2 2 4 6 6 8 13 11 16 17 24 43 25 30 40 43 45 54 52 64 60 57 43 25 40 40 52 36 42 34 32 28 66 26 19 24 28 27 17 8 63 71 52 51 56 52 26 19 14 8 5 5 2 0
1 1 0 0 0 0 0 0 0 0 0 0 0 0 0 0 0 0 0 1 1 3 8 3 1 5 7 21 6 3 1 0 0 0 0 0 0 0 1 1 1 2 2 3 5 7 16 11 17 31 22 34 34 36 36 32 37 42 67 57 63 56 50 64 62 40 31 36 39 30 67 37 25 34 38 49 39 56 51 40 38 25 17 54 53 54 62 45 20 12 5 5 5 1 1 1
3 1 0 0 0 0 0 0 0 0 0 0 1 1 0 0 0 0 0 0 2 4 3 6 1 4 6 13 7 4 2 1 1 0 0 0 0 0 1 1 1 2 3 5 10 11 25 24 18 13 41 58 69 45 42 20 36 39 61 49 73 59 50 46 45 41 24 36 29 63 25 27 24 31 31 19 28 34 37 33 29 25 28 25 43 29 14 28 23 9 7 3 2 2 1 1
1 0 0 0 0 0 0 0 0 0 0 0 1 1 1 0 0 1 0 1 2 3 5 10 4 5 11 17 11 6 4 1 1 0 0 0 1 1 1 2 2 3 4 9 12 21 28 29 34 27 29 46 55 54 42 23 36 44 32 55 70 66 24 70 26 42 40 33 28 48 27 17 20 44 48 34 43 51 57 49 62 34 33 27 22 14 20 17 9 10 4 2 1 1 1 1
0 0 0 0 0 0 0 0 0 0 0 0 1 2 2 1 0 1 2 3 3 1 8 20 11 9 15 17 8 10 5 1 1 0 0 1 1 1 1 1 3 3 5 9 14 24 31 36 39 45 37 50 66 62 51 24 36 49 54 48 57 60 22 47 49 44 54 26 38 33 17 29 38 38 28 24 25 37 43 23 41 51 51 27 28 16 12 12 7 3 3 3 2 2 1 1
0 0 0 0 0 0 0 0 0 1 1 0 1 2 2 1 0 1 1 7 7 2 7 17 17 6 4 39 25 8 5 2 1 0 0 1 1 2 1 3 4 8 6 11 21 20 35 42 47 59 41 59 66 51 58 21 35 42 48 57 49 48 47 48 55 53 43 41 34 19 28 32 35 35 32 26 27 43 37 31 34 31 59 54 30 33 24 9 4 2 2 1 2 1 1 0
0 0 0 0 0 0 0 0 0 1 2 1 1 2 4 4 1 1 2 5 8 5 7 17 30 8 10 41 15 12 8 3 1 0 0 1 1 1 3 3 6 9 10 16 18 20 49 48 54 58 59 54 45 55 80 43 23 46 61 45 35 29 26 52 50 47 42 53 36 17 23 26 37 38 46 42 47 70 56 51 42 39 41 37 38 40 23 14 9 5 3 2 2 1 1 0
0 0 0 0 0 0 0 0 0 1 2 1 1 2 6 5 2 1 5 6 6 10 10 23 40 42 33 39 25 17 8 2 1 0 0 1 2 2 3 6 4 11 17 15 11 21 41 56 61 56 62 66 62 61 82 58 52 20 39 69 49 45 31 29 25 51 51 49 21 19 16 42 36 29 32 35 43 74 59 47 58 29 26 22 24 22 26 18 6 4 3 2 1 1 1 0
0 0 0 0 0 0 0 1 1 1 2 4 3 4 5 10 3 1 4 6 8 13 15 28 44 64 32 44 14 9 8 2 0 0 0 0 1 6 3 4 10 8 17 16 22 38 45 44 61 66 65 65 74 82 83 77 35 20 47 58 64 44 33 34 35 27 19 20 18 16 44 35 19 46 25 32 25 48 42 46 37 43 57 32 17 13 7 5 6 4 2 2 1 1 1 0
1 0 0 0 0 0 0 1 2 2 3 3 7 3 8 12 4 5 3 15 20 18 15 30 50 39 22 13 8 6 3 2 0 0 0 1 2 5 7 4 7 16 6 35 24 32 47 41 48 74 70 51 73 77 75 79 64 29 23 25 41 55 44 35 26 16 6 3 9 18 59 34 35 43 88 74 55 52 48 52 60 60 40 45 32 28 15 11 8 4 3 1 1 0 0 0
0 0 0 0 0 0 1 1 1 3 4 4 10 4 10 15 6 12 5 11 30 30 45 28 53 32 16 10 5 4 2 1 0 0 1 1 1 3 6 8 15 11 12 16 47 31 34 49 64 78 72 63 57 53 61 80 77 32 25 31 40 33 33 27 16 21 12 7 27 37 19 41 62 69 66 78 61 70 56 67 69 53 36 15 21 14 16 12 5 4 2 1 0 0 0 0
0 0 0 0 0 1 1 1 2 2 5 7 17 10 16 22 10 14 21 11 17 34 23 68 42 38 11 7 6 2 1 1 1 1 2 2 2 1 2 2 4 10 20 44 30 36 53 58 54 63 74 77 48 47 38 42 71 59 38 20 27 20 14 8 7 3 9 23 20 35 24 15 25 55 24 57 83 81 73 70 73 49 29 23 18 7 5 4 5 4 0 1 0 0 0 0
0 0 0 1 2 1 1 2 3 4 5 8 12 22 12 32 12 14 32 26 30 47 27 53 54 20 7 4 1 1 1 2 1 1 2 2 2 2 2 6 7 9 18 33 58 41 35 49 51 68 65 67 64 58 42 40 37 60 43 22 26 19 22 16 18 7 6 23 21 31 32 36 42 30 28 27 54 63 71 51 31 29 24 19 10 7 5 3 2 1 1 0 0 0 1 0
0 0 0 2 2 1 2 2 2 4 7 11 14 19 25 46 19 17 34 42 38 56 79 47 27 23 13 6 3 2 3 3 2 1 1 2 2 3 6 6 9 14 18 30 37 61 45 44 55 61 66 57 67 63 49 33 23 43 35 28 14 16 16 19 19 11 7 28 21 22 34 36 73 54 47 36 27 16 44 50 40 16 14 10 10 7 2 1 0 0 0 0 0 1 1 1
0 0 0 2 2 2 2 3 2 6 15 13 16 18 53 47 24 27 29 43 45 63 75 26 37 24 9 8 10 8 10 9 4 3 1 3 2 4 10 5 11 23 33 39 34 52 42 68 55 65 65 82 56 36 38 33 44 15 12 53 19 12 34 23 12 10 22 43 24 23 26 59 79 60 47 39 36 35 26 33 34 21 12 11 9 6 2 1 1 0 0 0 1 1 1 1
0 0 1 2 3 3 2 6 6 8 19 17 34 32 37 50 58 41 51 38 57 54 83 69 37 17 17 18 14 17 17 14 5 2 2 1 4 9 5 12 17 21 42 55 65 52 68 31 18 29 66 30 51 43 51 32 13 8 9 13 21 6 17 12 6 10 35 17 20 22 16 20 14 31 43 35 36 38 27 23 21 12 14 12 11 10 5 6 2 1 0 1 1 1 2 1
0 0 1 3 4 6 2 8 12 12 12 20 17 44 49 27 25 68 51 52 46 68 73 47 34 28 27 27 29 42 17 7 3 3 3 1 3 4 16 17 21 28 34 62 46 68 58 53 39 54 56 13 61 68 54 22 32 21 18 7 36 5 10 8 4 7 12 40 31 14 32 60 47 56 52 43 37 40 38 39 27 22 19 15 13 14 13 3 2 1 1 1 1 2 2 1
0 1 1 3 5 8 3 4 8 15 21 29 16 18 35 61 30 24 72 71 44 66 76 52 54 26 51 66 40 18 9 8 6 4 2 1 2 2 7 13 18 43 52 42 31 49 49 65 67 65 48 40 56 71 66 62 41 14 13 11 26 7 8 8 4 8 19 13 9 10 28 38 40 44 54 56 39 36 26 30 14 10 12 26 22 17 7 3 1 1 2 2 2 4 3 1
1 2 3 4 7 6 8 8 9 7 12 35 14 13 33 51 59 52 17 39 50 70 55 48 39 63 40 21 22 12 13 13 8 3 3 1 3 6 10 12 9 26 33 26 38 46 52 47 65 63 60 51 72 69 56 46 20 29 7 9 9 14 3 5 9 9 3 19 27 31 26 41 54 50 48 55 35 29 21 30 36 25 38 25 20 9 9 3 1 2 2 3 5 4 4 2
1 3 4 4 7 12 12 21 17 13 10 21 49 18 41 39 49 67 50 25 38 71 30 54 78 36 31 30 26 26 17 7 3 4 5 3 4 8 12 12 16 29 28 20 41 51 29 27 54 52 28 24 37 34 42 16 26 14 26 4 9 10 8 4 26 34 11 37 46 27 52 51 63 65 67 65 50 35 39 38 42 34 39 21 18 14 5 2 2 3 3 3 7 9 2 2
2 3 5 2 4 21 28 20 19 19 32 23 33 57 35 41 52 26 71 42 42 39 79 63 49 51 48 44 39 31 13 5 3 4 9 4 4 10 18 25 26 34 45 42 44 31 40 46 32 33 31 27 27 29 26 27 19 16 14 19 3 1 6 22 24 11 19 24 46 35 56 43 49 64 69 53 43 52 41 41 46 41 25 26 16 7 2 2 4 4 6 7 9 8 3 2
3 7 6 4 6 15 18 34 39 22 34 43 42 48 64 40 57 35 29 59 32 36 72 72 64 53 45 45 41 18 15 11 8 3 6 2 4 6 14 30 36 41 28 45 39 49 40 39 43 49 37 25 27 30 33 28 14 11 10 15 6 3 8 4 6 25 27 31 18 30 46 44 54 44 51 72 44 42 24 21 23 23 34 24 12 6 4 3 4 5 7 6 20 6 4 4
3 5 9 6 9 10 20 22 27 37 52 46 44 51 72 70 36 30 38 34 65 68 73 63 66 68 59 52 44 27 18 13 9 5 9 3 3 9 16 28 35 53 50 53 53 52 49 61 39 41 40 31 21 27 24 35 25 9 3 3 4 5 5 6 8 4 3 3 7 40 28 34 49 48 49 39 30 14 12 31 43 38 15 22 24 14 5 7 6 10 8 7 23 8 6 5
4 10 14 15 17 13 15 30 35 39 59 60 61 52 65 68 52 52 41 44 39 69 70 66 48 60 54 49 33 37 28 18 13 10 13 2 10 14 19 20 15 47 60 59 52 59 62 50 42 58 60 55 20 26 34 26 12 10 4 2 2 4 10 5 5 8 15 21 18 22 24 27 29 28 45 19 22 25 18 53 46 20 28 25 21 23 11 15 12 8 7 5 15 8 7 5
5 10 26 16 21 22 21 33 42 45 48 62 59 58 75 54 59 67 53 43 43 60 56 52 49 55 56 50 44 27 24 22 25 19 4 1 8 21 30 37 30 47 64 52 54 60 47 36 49 70 61 53 49 31 35 21 14 12 5 5 4 3 7 4 11 17 37 37 24 33 32 40 31 21 19 25 42 51 31 50 45 40 30 25 18 18 22 19 8 9 8 3 10 16 2 4
8 6 22 33 24 26 23 40 48 49 46 49 65 71 71 67 57 71 53 37 46 80 58 72 52 56 60 61 47 31 38 33 23 12 6 4 5 17 40 56 51 56 49 66 53 56 47 38 47 37 31 29 39 43 19 11 10 8 6 7 7 3 4 8 16 23 31 28 38 19 33 22 14 18 21 53 44 55 60 20 38 34 42 39 25 19 37 23 11 12 7 7 13 10 4 6
9 9 17 41 42 29 36 47 46 51 56 46 61 71 70 59 55 42 55 37 47 67 64 74 59 55 51 46 48 36 50 28 19 12 12 7 9 20 35 46 70 72 68 54 65 38 38 52 39 28 27 31 29 26 57 22 7 8 6 7 5 5 8 5 7 9 29 37 21 13 14 22 23 38 34 58 55 59 40 48 40 24 45 35 26 31 32 18 22 10 6 8 26 9 6 10
14 33 30 34 47 33 30 49 52 48 60 48 27 37 74 77 69 51 46 63 45 79 80 50 59 65 40 43 38 47 38 35 26 10 12 8 11 32 34 44 44 60 57 69 57 57 35 52 56 28 40 45 38 38 32 14 13 5 8 3 2 6 7 8 11 12 36 10 17 6 20 36 56 29 40 60 39 41 56 46 14 22 43 44 47 36 25 14 21 15 8 11 21 19 12 11
19 23 46 49 49 35 36 51 49 47 49 57 48 50 55 71 65 31 40 65 42 77 63 64 62 46 26 47 37 45 54 38 37 19 14 9 13 34 36 51 66 54 40 65 39 52 49 36 50 47 61 51 47 32 26 12 12 4 4 6 2 4 14 10 4 24 12 10 32 28 49 38 34 50 42 27 41 64 35 17 14 43 59 45 42 43 21 17 14 13 20 13 12 30 16 14
32 40 44 54 52 43 51 50 54 51 33 52 51 61 57 62 62 64 72 75 69 71 58 61 52 60 51 51 60 38 52 54 37 25 29 9 13 34 58 53 59 55 57 56 53 44 55 23 41 41 50 44 37 23 25 16 19 8 5 3 3 7 2 7 6 15 12 24 27 25 22 38 59 68 42 34 64 51 46 34 34 41 17 23 42 45 23 20 15 24 24 15 11 51 21 27
35 41 39 44 16 35 62 44 56 58 47 46 59 63 51 62 49 72 67 77 69 61 70 51 48 58 73 68 40 52 44 51 47 27 23 10 12 40 42 54 54 46 65 62 60 42 26 65 36 67 38 39 24 37 20 31 10 11 7 2 2 7 13 15 3 8 14 30 36 21 18 45 72 63 37 61 53 34 39 78 64 27 34 48 33 25 27 13 18 24 25 17 28 58 43 36
36 30 17 11 10 18 61 44 29 36 46 34 37 58 74 70 39 39 70 59 68 64 70 68 30 56 72 49 44 50 37 60 54 45 19 4 10 31 37 57 50 47 55 64 70 60 31 23 9 11 46 48 18 30 22 32 17 9 4 2 3 9 6 17 11 10 14 13 32 23 29 60 66 36 44 64 55 12 52 50 35 50 64 51 35 29 24 9 28 29 31 21 41 79 50 28
39 43 32 32 33 26 37 60 22 27 24 48 40 49 69 60 72 39 52 70 68 75 76 76 58 35 57 61 55 37 63 50 49 39 20 8 9 19 41 62 30 50 68 67 62 44 41 38 35 32 26 28 43 19 7 6 6 4 5 1 3 4 2 5 8 6 11 6 11 16 47 40 46 57 38 38 24 25 43 36 40 60 58 38 27 12 9 9 21 29 30 27 48 62 51 19
56 41 48 44 31 36 32 34 42 40 34 65 44 49 42 50 68 72 66 79 78 70 74 58 28 42 53 48 45 52 63 54 31 31 35 17 14 10 29 42 14 30 38 37 41 34 33 26 63 53 34 29 21 12 12 6 4 16 1 1 0 3 4 4 11 14 7 5 23 35 15 29 17 34 32 31 12 54 44 63 42 39 27 27 26 16 12 23 24 34 33 42 48 65 22 17
38 38 45 41 46 32 26 45 64 64 29 29 56 54 29 30 25 45 71 72 41 40 44 46 54 19 51 59 36 67 51 48 44 32 39 18 27 10 21 43 49 24 33 40 23 30 14 8 17 30 16 48 40 22 9 1 1 0 1 1 1 2 2 5 8 13 5 21 24 14 20 21 27 30 13 23 48 58 69 38 37 38 41 46 27 16 13 27 36 39 37 30 59 66 53 19
38 58 46 47 47 47 35 50 65 51 50 34 25 44 53 32 51 41 30 60 38 53 63 59 47 38 53 36 37 65 53 55 39 20 34 18 23 15 9 27 34 57 48 32 27 36 34 16 24 34 40 39 19 18 13 7 4 2 2 1 1 1 3 4 5 4 11 24 32 31 20 22 16 10 39 44 37 52 52 35 30 37 41 32 24 23 16 33 41 28 41 39 23 43 58 26
46 45 44 38 47 63 36 49 51 58 50 43 54 38 22 54 51 38 42 60 66 27 24 38 36 58 53 67 40 42 58 44 33 52 28 16 21 30 13 32 43 56 63 27 30 51 32 13 27 35 16 27 14 16 15 5 5 4 2 2 1 1 0 3 4 7 15 6 7 7 17 10 31 48 26 29 29 28 30 26 18 28 32 36 32 20 18 27 46 30 45 33 38 36 45 30
42 41 61 45 56 63 28 42 55 60 57 48 53 51 64 46 66 78 52 56 61 30 40 45 49 71 64 75 45 47 49 48 55 28 22 15 16 44 19 20 36 49 36 38 44 47 11 8 57 76 23 27 22 8 6 5 11 4 1 1 1 1 1 2 3 3 3 7 15 21 26 33 16 25 18 12 15 34 26 23 35 52 30 29 34 17 30 31 48 29 34 12 5 16 43 63
42 49 61 59 52 47 27 41 57 63 59 46 37 36 56 68 48 39 56 54 38 22 39 32 60 57 76 56 54 69 64 56 35 33 14 5 6 46 20 20 22 35 33 32 39 37 2 17 29 33 43 29 20 4 3 2 1 1 1 1 0 1 0 0 1 1 2 7 24 43 47 44 24 15 11 18 53 45 29 31 46 37 35 46 13 20 34 39 32 21 11 9 22 27 26 46
48 30 34 60 50 59 47 21 53 54 62 48 50 35 49 40 60 34 32 36 23 41 40 41 39 63 52 66 68 79 59 60 46 41 31 4 25 42 17 20 30 17 29 32 30 25 6 18 16 20 26 18 22 17 12 3 2 2 2 2 1 4 0 0 0 2 7 26 12 16 28 14 10 13 26 38 45 30 23 55 48 41 46 20 19 38 58 27 9 8 14 30 22 58 42 48
44 15 39 55 62 56 57 35 25 44 55 36 44 44 54 58 44 38 44 37 14 44 79 50 46 49 33 44 51 57 59 59 39 24 26 14 27 21 29 22 37 31 28 34 40 30 20 14 12 16 15 26 12 14 8 4 2 2 2 4 1 2 1 1 1 7 4 9 11 8 22 28 18 36 33 39 44 43 40 56 44 28 20 13 37 50 16 7 10 19 22 40 50 47 52 39
40 21 23 17 48 55 64 42 9 27 47 34 44 34 69 58 42 15 27 34 19 49 57 42 41 19 49 58 58 53 57 43 46 38 22 20 22 17 23 16 7 28 24 40 34 37 43 53 39 35 22 39 19 7 4 1 3 1 2 3 3 1 0 1 7 8 2 6 5 7 12 35 40 57 27 24 52 54 39 34 21 34 10 28 35 15 5 17 21 32 36 36 43 56 57 41
51 35 43 14 48 63 59 38 12 9 10 38 48 32 36 49 27 38 36 43 40 19 39 51 34 30 55 62 55 46 39 34 46 37 33 34 36 12 29 22 10 13 20 27 37 24 19 15 15 13 11 20 7 4 5 16 9 3 2 1 1 0 1 4 2 3 2 3 9 4 11 32 41 41 32 35 58 53 47 38 24 15 29 30 19 6 14 33 31 30 38 33 44 46 47 46
61 30 46 16 22 52 39 21 14 13 16 19 29 58 45 45 34 31 25 41 28 40 58 37 37 55 34 51 55 49 34 44 33 22 38 36 25 22 19 31 21 13 18 20 25 22 36 21 17 25 34 22 8 7 1 7 6 3 2 2 2 3 1 2 3 1 2 4 4 7 13 25 37 40 32 31 31 33 56 22 15 15 26 10 12 32 33 32 33 33 33 27 21 18 31 48
49 29 45 23 16 51 40 44 33 31 20 23 33 46 52 57 59 46 28 27 21 24 35 45 58 49 62 67 55 35 39 41 25 20 58 37 24 26 20 9 10 16 17 29 26 27 36 22 30 22 27 12 22 8 2 4 20 6 2 2 3 0 0 0 1 3 1 4 7 7 9 22 35 40 36 16 28 48 40 42 37 19 8 14 17 22 21 42 42 30 39 28 26 17 23 9
39 31 46 36 27 32 21 46 25 25 27 22 35 30 26 40 35 34 29 31 44 17 24 61 53 59 51 43 47 41 41 39 39 25 47 35 34 22 38 13 29 30 12 16 30 39 43 29 35 36 20 10 20 6 5 8 10 3 3 2 2 0 1 1 4 3 8 9 3 3 15 17 12 23 27 19 40 59 73 39 22 12 5 15 11 45 36 28 35 39 59 51 25 21 25 10
53 31 46 33 23 20 13 36 44 31 30 31 28 30 24 41 29 27 14 15 29 14 33 49 57 40 48 53 45 41 36 39 32 42 46 35 46 62 24 17 19 20 23 17 40 24 32 36 24 24 31 23 10 7 11 9 16 3 3 2 1 1 0 0 1 2 11 10 4 5 9 10 26 36 16 56 54 45 37 38 16 5 11 26 24 28 41 24 36 49 44 49 20 17 22 10
53 34 60 38 17 20 31 21 53 27 44 41 23 16 23 19 17 24 19 14 5 32 27 24 33 31 53 43 30 38 39 19 32 47 26 58 30 61 39 18 35 17 34 23 36 42 35 34 20 32 28 14 9 14 11 10 5 4 2 3 2 1 1 0 1 3 7 6 6 11 7 6 17 22 56 46 26 33 30 37 21 13 15 31 50 32 36 45 47 36 38 27 22 16 19 9
48 32 63 38 15 13 59 36 36 28 30 42 22 29 24 22 21 27 24 13 5 12 5 8 19 22 57 58 51 34 22 18 32 53 41 24 41 39 35 19 32 9 28 11 24 36 44 36 23 33 21 26 10 9 16 12 10 4 3 5 1 0 0 1 1 1 2 8 14 8 7 14 31 51 41 20 20 57 37 24 21 15 30 20 45 46 27 37 37 34 29 17 42 19 14 6
61 30 51 24 15 21 34 34 28 56 50 32 32 22 22 21 31 25 21 19 4 7 9 28 39 43 43 42 41 29 16 20 49 36 42 34 56 30 23 21 33 10 28 20 22 30 54 34 23 33 31 26 10 4 14 11 6 2 2 2 2 1 0 1 1 1 1 6 5 6 8 19 21 20 23 20 23 43 30 8 9 20 40 39 40 38 15 29 51 45 24 16 35 8 13 9
62 35 51 23 15 23 23 59 33 53 66 54 25 16 14 26 42 25 6 12 3 10 12 23 16 21 20 37 19 15 29 21 69 46 48 46 46 22 16 41 21 15 17 47 49 33 34 31 42 32 23 20 16 11 11 5 8 4 2 1 1 0 1 1 1 1 1 2 7 6 8 7 16 14 31 26 38 41 37 11 8 35 41 41 38 37 13 23 37 37 14 14 14 16 18 15
73 62 20 37 17 18 39 55 39 32 52 44 55 13 29 51 27 23 12 10 6 5 11 8 11 15 43 22 30 27 28 41 10 24 13 31 25 17 10 40 17 14 4 21 68 36 26 38 39 27 24 18 14 8 17 17 11 7 2 1 1 1 1 0 1 1 1 2 8 3 9 12 20 16 30 43 22 39 31 16 16 42 29 24 31 21 27 27 19 24 33 16 12 25 18 12
59 25 22 32 18 16 56 51 55 25 17 33 57 9 18 14 13 21 10 13 3 2 11 20 24 21 18 34 33 19 50 21 33 20 37 31 22 25 14 29 13 26 12 16 46 53 33 32 39 36 27 23 12 13 8 5 7 3 2 2 1 0 1 0 1 1 1 3 5 7 19 28 35 29 40 58 9 48 25 23 23 22 29 16 20 16 30 40 24 15 26 16 13 15 18 15
56 29 13 36 27 26 42 10 31 47 12 19 45 25 8 15 13 11 7 8 6 12 32 14 17 17 26 45 26 32 25 37 48 64 42 29 52 21 30 36 15 15 17 22 33 36 26 57 32 26 18 21 23 14 3 4 7 5 3 2 1 1 0 0 0 1 1 2 3 6 13 16 33 48 34 13 26 46 36 15 13 19 37 14 24 28 33 20 30 19 11 22 22 16 9 12
58 13 24 36 21 23 31 7 8 9 24 45 17 29 10 11 6 6 3 8 7 6 7 14 13 14 15 26 32 37 21 30 47 31 19 47 22 14 43 21 28 34 26 26 32 34 27 25 36 14 11 8 18 16 6 4 3 2 2 2 1 1 0 0 0 1 2 2 4 10 9 23 28 16 28 22 33 23 13 7 10 31 29 31 19 23 27 20 16 21 20 12 8 18 5 5
62 13 21 40 20 40 35 17 6 10 23 35 48 38 11 7 10 11 11 2 3 4 12 22 9 7 19 46 24 20 15 44 17 28 54 12 17 22 34 17 32 29 22 45 45 48 36 20 23 21 10 10 17 16 11 6 3 1 1 0 1 2 0 0 0 1 2 4 4 11 15 36 29 19 5 22 40 10 14 12 16 25 31 26 15 21 18 17 7 24 13 27 11 5 2 2
42 17 22 47 14 34 47 31 13 13 9 27 16 25 27 5 7 6 5 8 6 5 5 5 2 8 28 36 40 10 48 10 13 43 33 16 27 32 43 27 8 40 36 43 58 44 31 11 16 35 23 7 3 6 9 9 2 2 1 0 0 1 1 1 1 6 13 5 2 4 21 37 27 15 7 30 28 19 15 12 15 22 24 26 24 14 6 19 11 21 14 5 14 4 4 7
