sesion_6_simulaciones/modelos_agentes/ejemplos_netlogo/scenarios/cgcm2_b2/rob_2015.asc
NCOLS 322 
NROWS 307 
XLLCORNER 451900 
YLLCORNER 4086900 
CELLSIZE 100 
NODATA_value -9999 
[rows 74 to 147 of 307, columns 0 to 95 of 322]
0 1 1 0 0 0 0 0 0 0 0 0 1 0 2 1 0 0 0 0 0 0 0 0 0 0 0 1 1 0 2 1 5 6 6 12 20 17 14 12 4 10 5 1 1 1 3 4 3 6 2 5 3 2 6 2 3 5 4 5 4 14 11 14 6 4 4 9 13 19 31 19 12 6 31 64 36 39 49 67 75 38 54 63 64 30 16 13 21 16 17 21 15 16 25 21
0 0 0 0 0 0 0 0 0 1 0 0 0 0 0 0 0 0 0 0 0 0 0 0 0 0 1 1 1 1 0 0 2 5 18 25 13 12 35 25 6 10 12 6 2 1 2 4 3 3 5 5 4 3 4 4 2 3 2 2 3 6 22 26 10 11 23 17 14 6 10 20 18 13 22 69 36 17 14 48 50 49 51 39 18 49 47 21 19 15 19 31 32 23 16 56
0 0 0 0 0 0 0 0 0 0 0 0 0 0 0 0 0 0 0 0 0 0 0 0 1 1 0 0 0 0 0 0 0 2 6 19 19 32 23 13 13 36 13 6 6 3 3 2 2 5 8 3 5 3 5 2 9 4 2 1 3 20 12 25 25 23 32 30 37 22 18 8 7 6 19 66 73 34 20 14 40 50 36 17 17 64 60 55 45 14 9 8 35 43 32 45
1 0 0 0 0 0 0 0 0 0 0 0 0 0 0 0 0 0 0 0 0 0 0 0 0 0 0 0 0 0 0 0 1 1 8 6 9 12 5 7 40 11 13 11 15 17 6 1 3 6 5 4 5 4 8 3 3 4 2 4 9 16 14 30 18 28 34 36 38 41 37 37 34 24 12 22 49 43 32 12 37 62 23 14 46 68 25 60 50 35 17 35 51 49 41 30
1 0 0 0 0 0 0 0 0 0 0 0 0 0 0 0 0 0 0 0 0 0 1 0 0 0 1 1 0 1 2 2 3 4 7 7 4 7 11 22 17 29 10 15 18 40 16 12 17 9 9 4 5 4 2 1 4 4 10 12 11 7 12 7 18 30 32 48 45 39 38 51 35 33 17 6 7 21 25 17 27 30 24 28 59 30 23 15 15 39 30 36 27 36 39 38
0 0 0 0 0 0 0 0 0 0 0 0 0 0 0 0 0 0 0 0 0 0 0 0 0 0 0 0 0 2 1 3 18 32 46 40 22 7 19 24 23 41 26 6 8 12 33 35 50 50 37 22 13 10 7 4 3 6 12 13 6 6 7 6 7 13 11 7 15 38 44 38 37 39 27 22 13 23 10 8 20 29 26 39 55 26 38 27 15 29 34 50 68 55 45 45
0 0 0 0 0 0 0 0 0 0 0 0 0 0 0 0 0 0 0 0 0 0 0 1 0 0 0 0 0 3 2 2 3 17 52 65 24 9 12 32 26 20 38 24 8 8 15 34 63 70 82 82 72 31 23 13 11 13 9 12 10 8 6 3 15 15 10 17 19 34 46 34 40 44 38 22 20 10 6 1 10 26 26 38 37 36 19 18 18 25 57 57 63 37 39 58
0 0 0 0 0 0 0 0 0 0 0 0 0 0 0 0 0 0 0 0 0 0 2 14 2 1 0 0 1 4 3 3 2 3 7 37 26 12 8 21 37 60 28 45 37 18 12 5 4 10 31 43 58 70 56 30 15 8 11 10 6 13 6 26 5 3 8 7 10 21 20 49 41 44 45 28 9 1 4 3 8 16 15 41 24 34 47 47 26 19 12 9 29 20 23 35
0 0 0 1 1 0 0 0 0 0 0 0 0 0 0 0 0 0 1 15 15 17 30 9 31 10 3 0 0 0 1 6 6 13 15 7 5 4 3 15 18 15 21 43 27 21 25 17 6 1 1 3 9 35 33 62 37 20 9 39 50 26 19 8 33 18 6 12 4 4 20 36 52 38 25 25 16 11 10 21 8 7 23 52 22 41 46 46 43 44 25 11 9 21 42 54
0 0 0 0 1 0 0 0 0 0 0 0 0 0 1 1 2 12 15 30 3 10 4 1 2 3 3 0 4 5 2 5 4 3 8 10 6 5 14 20 39 43 16 11 7 8 9 7 2 4 5 2 10 7 9 20 37 29 55 51 19 9 10 16 30 9 9 14 17 15 59 50 51 35 30 32 36 41 26 13 20 15 43 49 29 60 62 83 61 60 59 44 10 7 8 8
0 0 1 1 0 0 0 0 0 0 0 0 0 0 0 1 2 8 2 4 5 2 2 1 1 2 2 4 13 12 20 2 3 10 20 13 5 14 19 19 32 45 42 29 3 1 3 5 4 3 2 15 42 27 23 19 12 34 65 25 17 16 8 9 20 15 21 15 38 46 37 38 38 34 35 33 38 32 40 12 16 13 21 19 30 66 28 51 56 73 43 47 42 19 11 7
0 0 0 0 1 1 1 0 0 0 0 0 1 0 1 1 2 2 1 1 1 5 1 0 1 1 5 1 1 1 2 2 6 17 11 15 5 39 25 28 43 41 51 42 22 25 32 24 27 32 24 32 43 37 26 17 26 26 19 22 23 36 31 18 13 7 6 39 34 23 30 25 55 30 26 55 42 33 33 21 16 10 10 24 6 41 32 61 59 72 77 78 55 30 14 9
0 0 1 1 0 0 0 1 0 0 0 0 0 1 0 0 1 1 1 0 3 1 0 1 3 2 2 0 1 1 2 3 8 8 9 12 9 22 20 43 50 27 47 33 22 29 38 26 21 34 36 18 26 33 27 28 39 19 24 33 47 33 16 14 15 15 14 8 13 20 11 27 13 10 51 39 28 30 54 34 34 16 8 14 29 34 30 28 59 54 42 41 60 20 13 8
0 0 0 1 1 1 0 1 0 0 0 0 0 1 0 0 0 1 1 2 1 4 3 10 11 9 12 24 14 4 2 2 4 2 5 3 11 19 20 37 38 18 10 16 16 26 41 7 18 29 24 29 33 46 33 25 27 14 26 29 41 17 18 12 19 21 38 48 45 28 32 20 22 16 13 12 38 48 19 29 28 18 15 11 14 14 21 31 40 47 9 22 32 33 12 7
0 1 1 1 1 1 0 0 0 0 0 0 0 0 2 0 1 2 2 2 4 2 4 4 32 27 26 30 11 27 26 20 11 2 1 6 6 18 14 27 17 10 25 15 32 40 45 14 25 45 22 20 32 56 35 13 23 14 24 37 21 4 3 11 30 11 7 19 49 22 32 27 18 20 28 18 19 27 21 17 10 14 25 20 11 10 8 5 13 13 6 20 10 28 18 10
0 1 1 1 0 0 1 1 0 0 0 0 0 0 0 1 1 5 2 1 6 1 3 16 24 43 42 41 25 30 28 37 10 28 16 11 3 3 6 4 5 12 17 18 25 29 33 11 14 36 14 33 13 47 50 11 24 12 48 21 17 18 18 32 28 8 5 3 60 29 31 20 18 16 16 37 38 53 46 45 56 35 17 10 26 28 21 16 5 3 7 15 17 5 12 8
0 1 1 0 0 1 1 0 0 0 0 0 0 0 0 5 6 1 3 4 1 1 17 36 55 9 46 48 25 37 38 40 26 45 23 36 27 13 3 1 3 8 9 5 19 37 13 17 20 18 17 38 23 50 4 31 43 22 29 8 7 27 37 23 15 13 7 5 18 75 67 39 22 51 47 45 69 58 24 31 50 40 52 45 37 34 27 22 14 5 2 11 10 4 2 1
0 1 1 0 0 0 0 0 0 0 0 0 0 7 3 1 5 12 4 4 8 4 1 24 43 22 10 59 66 29 13 55 33 54 51 67 36 18 18 3 11 15 17 2 4 7 10 7 10 17 55 61 71 46 61 28 9 29 6 4 6 27 18 7 5 6 32 29 12 11 42 32 71 89 72 52 30 25 68 36 9 34 50 41 26 27 26 20 14 4 3 3 2 1 2 5
0 0 0 0 0 0 0 0 0 0 0 0 1 1 1 12 13 13 12 3 4 5 2 28 9 36 36 41 80 50 10 10 10 20 26 48 31 41 55 32 18 7 28 42 41 38 40 18 29 67 84 61 29 36 68 75 44 12 18 19 12 27 13 11 13 15 11 11 26 12 15 18 12 17 13 57 34 30 19 34 45 17 20 50 29 26 22 14 13 13 5 1 4 8 3 5
1 1 0 0 0 0 0 0 0 0 0 0 1 2 1 1 13 24 47 22 2 32 8 6 4 14 8 3 32 36 66 22 7 6 32 12 27 58 29 23 37 15 26 51 64 53 41 56 71 69 83 76 43 77 74 84 55 66 51 39 28 33 6 9 9 12 5 16 14 7 8 4 11 11 10 23 20 26 19 19 28 47 23 24 25 22 9 11 4 2 6 9 11 2 1 2
1 0 0 0 1 0 0 0 0 0 0 0 2 7 3 3 2 28 10 20 11 13 10 11 4 25 9 8 4 38 76 48 13 11 11 35 18 35 72 24 60 11 32 72 71 63 56 81 77 90 85 71 65 91 83 85 71 76 70 33 31 33 7 11 7 13 28 52 29 20 11 32 36 28 20 11 15 29 32 22 11 11 31 28 20 8 8 3 3 12 14 10 14 12 5 2
2 0 0 0 0 0 0 0 0 0 0 0 2 3 5 3 5 6 9 12 15 26 5 11 8 18 21 6 4 14 51 66 39 28 9 20 4 17 66 23 51 18 36 66 63 63 82 84 80 88 85 55 72 70 73 69 66 82 27 19 52 23 16 14 19 13 25 41 37 22 62 23 10 17 19 28 63 59 54 38 27 17 15 17 9 4 10 9 10 14 28 19 8 5 6 4
1 1 0 0 0 0 0 0 0 0 0 2 4 4 2 4 9 3 3 5 7 10 5 12 26 10 30 19 14 4 38 70 11 12 17 20 6 47 65 61 71 69 42 49 66 74 91 86 69 84 68 25 53 18 32 64 79 71 40 74 70 62 34 12 14 17 27 28 25 55 21 32 38 16 22 52 40 27 50 54 50 19 7 5 4 7 13 29 28 29 26 27 10 10 8 14
4 2 0 0 0 0 0 1 0 0 1 3 23 6 3 5 5 6 11 9 2 2 8 30 43 44 25 36 22 10 38 63 15 12 41 37 13 40 22 59 78 90 58 58 60 64 89 84 41 62 24 34 21 9 4 8 55 74 77 78 59 75 21 16 53 63 27 10 26 24 31 52 22 55 57 17 39 63 47 58 44 41 31 11 17 21 35 37 46 30 44 34 23 24 19 26
4 7 1 0 0 0 1 0 0 0 0 1 12 30 6 14 5 14 19 21 26 13 16 26 31 41 37 54 38 35 19 42 21 24 29 14 20 48 25 32 48 82 72 72 60 61 86 92 80 65 37 21 6 7 2 5 9 7 82 72 69 29 16 50 31 45 39 21 20 15 49 37 61 41 32 20 21 15 41 47 61 59 39 23 28 46 43 38 55 24 68 29 30 28 19 21
0 22 12 1 0 0 1 0 0 0 2 5 4 6 27 30 5 10 29 23 27 18 25 50 56 65 64 54 51 55 10 34 53 37 29 22 22 31 16 7 18 75 28 34 30 34 79 82 71 41 31 36 28 26 12 18 6 20 13 15 19 23 46 52 43 25 25 16 23 29 29 42 32 27 15 11 15 37 44 59 60 60 39 39 32 43 54 26 53 44 71 42 38 17 27 35
0 1 16 4 1 0 1 0 0 1 1 5 7 4 21 6 45 11 9 12 18 13 5 8 16 35 42 23 51 53 28 60 77 60 31 58 31 35 29 10 49 68 63 39 40 39 16 36 56 15 30 43 37 32 47 30 17 41 26 42 33 19 44 48 33 20 25 14 36 18 8 11 43 39 33 28 39 48 49 55 50 58 50 45 45 38 49 41 70 69 19 42 46 41 41 26
0 0 0 2 4 0 1 0 1 0 1 3 5 1 2 12 14 49 17 17 9 24 21 24 40 47 44 27 12 14 15 59 59 44 62 68 76 69 24 21 59 48 82 66 58 45 41 14 7 15 43 45 38 36 25 47 52 37 33 33 46 43 57 50 28 19 17 27 39 11 6 16 19 29 33 52 45 51 51 53 49 45 40 54 54 39 40 43 58 10 27 42 31 12 7 16
0 0 1 3 4 1 2 0 0 0 0 4 6 8 12 11 8 9 16 19 29 42 35 39 48 67 49 52 38 17 10 7 42 65 68 41 85 71 48 70 75 34 75 53 83 76 39 18 12 8 26 44 40 37 50 30 56 48 48 35 57 60 75 73 38 18 12 11 27 10 9 12 8 10 9 44 38 39 44 45 46 38 42 54 29 57 48 66 29 21 42 40 40 23 21 31
0 0 0 5 7 1 2 0 0 0 2 5 14 11 5 6 7 13 13 15 33 36 64 52 55 46 69 55 28 30 25 23 11 39 61 23 33 26 75 57 52 20 79 50 29 12 31 21 27 16 24 44 56 51 44 32 23 35 9 18 39 31 54 53 7 17 21 10 20 23 33 28 12 23 27 12 39 41 42 42 32 56 27 12 31 66 37 58 27 12 21 25 27 23 35 39
0 0 0 4 4 5 2 0 0 0 2 1 4 4 24 22 13 9 8 10 11 23 63 65 35 29 35 42 49 47 35 38 24 10 10 29 15 29 78 29 23 35 61 29 28 21 41 30 28 22 13 31 39 46 37 27 26 25 14 25 25 18 20 12 17 17 19 14 18 31 34 12 29 34 27 25 47 43 41 34 67 25 25 35 36 53 40 31 31 5 7 23 25 39 42 57
0 0 0 3 5 5 1 1 0 3 2 3 3 4 6 7 24 26 41 42 26 30 27 21 12 5 19 38 46 34 49 54 22 13 4 8 23 57 44 41 11 63 76 43 43 43 40 45 48 14 19 28 28 30 22 30 28 12 21 10 18 8 17 38 36 14 21 24 31 31 31 27 16 43 23 26 38 30 36 57 32 26 36 25 44 20 41 47 51 25 17 22 36 38 26 55
0 0 0 4 6 4 2 1 2 1 2 2 4 14 12 29 24 33 41 30 29 47 27 19 23 21 7 16 27 17 19 17 12 23 24 27 46 36 51 31 33 43 62 64 56 45 21 24 28 11 10 33 43 53 54 39 27 16 31 50 47 30 23 31 15 9 44 42 25 23 17 74 61 40 33 21 20 23 27 48 21 32 32 13 32 28 43 54 36 53 37 44 35 51 44 51
0 0 0 0 17 12 5 1 1 1 2 8 11 50 29 61 37 19 30 45 47 45 51 28 21 22 20 11 17 19 10 12 21 32 37 41 17 22 31 33 29 11 19 44 48 29 8 13 12 14 21 25 24 25 23 24 30 13 54 55 38 41 14 14 20 14 39 82 76 56 45 36 69 77 46 29 28 34 47 30 8 41 15 25 30 47 21 23 27 39 56 46 71 47 25 29
0 0 0 0 4 8 5 1 1 2 1 7 5 14 47 42 52 60 46 49 40 28 47 24 14 12 6 5 4 6 15 17 29 31 17 35 34 32 27 20 9 17 36 12 46 39 32 29 22 10 10 12 13 41 35 34 30 11 16 22 28 24 41 27 38 40 25 65 73 69 22 41 48 31 69 61 28 30 33 27 41 50 21 71 50 41 38 47 38 44 59 64 36 32 28 15
0 0 0 0 0 15 21 2 2 2 3 4 4 8 7 8 4 9 30 43 42 39 50 55 30 19 23 18 9 6 11 4 8 14 16 27 30 21 28 11 7 26 16 20 46 32 34 26 26 14 11 12 15 34 52 10 19 19 37 35 29 52 47 56 64 39 44 30 64 46 57 29 29 34 35 56 50 56 44 53 29 42 46 65 52 61 52 29 37 80 52 29 47 35 39 35
0 0 0 0 0 3 6 1 1 1 2 3 15 13 27 24 11 6 16 38 48 67 70 70 62 25 16 7 4 6 6 2 2 3 9 9 16 20 14 16 18 24 10 33 9 6 14 17 19 17 19 26 16 32 27 27 23 39 48 19 43 42 27 32 85 51 45 25 12 61 74 40 50 24 56 70 59 79 62 56 48 44 26 55 78 59 67 59 58 70 67 43 56 58 60 38
1 0 0 0 0 0 7 3 1 2 1 10 6 12 31 18 15 38 18 49 77 59 37 46 51 28 21 20 8 1 6 7 12 6 2 7 20 19 5 11 29 34 33 32 12 8 14 32 32 35 20 41 34 38 29 24 26 17 18 48 36 19 19 29 28 61 38 33 16 32 54 83 74 30 13 53 33 70 25 15 46 77 15 41 16 51 54 79 81 70 82 59 58 62 60 58
0 1 0 0 0 1 5 18 1 3 4 6 5 6 6 18 46 41 33 17 17 50 61 45 43 33 44 50 27 11 10 21 16 14 14 6 5 10 10 14 15 25 25 27 21 18 34 38 25 23 27 20 34 30 27 37 48 57 39 20 42 25 17 52 23 48 53 31 19 16 50 68 69 55 32 41 12 61 39 22 5 43 38 39 39 69 36 43 22 17 56 42 48 79 63 76
0 0 1 1 0 1 6 1 1 1 3 8 18 7 11 30 36 36 34 29 21 7 46 72 57 50 44 47 50 21 20 28 15 16 28 32 11 5 5 12 22 20 13 41 25 25 20 50 52 32 42 18 32 60 77 72 46 33 29 29 32 67 44 15 52 22 50 44 28 9 51 57 51 67 29 41 15 59 73 27 16 56 21 38 34 11 45 34 14 27 78 48 28 64 82 81
1 0 0 1 0 0 6 1 1 1 1 6 12 9 5 16 23 37 38 48 41 34 14 33 40 39 14 16 36 20 16 17 11 9 13 19 13 8 6 14 14 8 9 9 31 33 24 34 26 16 14 43 29 23 21 17 22 16 31 41 31 48 57 26 26 50 11 58 43 14 34 63 44 63 35 34 19 63 31 30 9 73 41 30 44 33 19 33 26 39 64 78 36 37 69 74
3 1 0 0 1 1 5 1 1 0 1 1 7 5 5 13 13 18 45 62 59 37 24 11 9 5 15 9 3 4 15 2 4 10 16 11 13 18 13 9 21 20 27 22 32 35 25 24 18 21 38 47 45 58 35 50 49 41 28 48 23 30 41 42 25 70 41 48 69 28 17 34 64 37 64 30 22 59 46 66 53 59 83 46 40 38 17 45 33 19 43 82 49 25 24 67
8 1 1 0 2 1 5 4 1 2 0 1 1 6 13 10 28 23 36 42 45 33 20 26 13 14 14 6 1 2 7 6 5 7 7 10 17 15 9 14 30 26 24 22 14 25 29 27 23 53 42 62 48 45 44 64 62 52 50 54 42 46 28 42 24 62 53 30 68 51 11 35 53 36 74 35 43 36 46 38 65 42 78 60 24 40 37 63 29 18 20 58 51 26 43 37
5 2 1 0 1 0 2 1 2 1 1 0 4 6 6 9 18 22 31 36 35 36 29 24 36 26 25 13 4 2 3 1 1 7 8 4 16 12 5 5 20 19 15 12 23 16 16 15 12 38 60 60 61 45 28 41 70 41 61 60 60 62 32 15 19 19 38 26 43 57 31 24 23 69 54 46 66 38 49 72 61 36 50 75 35 38 21 20 20 26 25 62 48 51 33 12
15 7 4 1 1 2 1 0 2 0 1 3 2 12 8 8 40 37 62 59 44 67 46 47 21 23 26 25 18 2 1 2 12 10 24 23 17 26 21 16 18 16 16 13 13 12 13 21 18 16 16 25 19 36 51 65 74 36 88 77 31 68 46 50 49 23 13 9 27 42 23 38 22 48 14 46 81 66 42 57 67 63 51 83 29 33 30 18 20 9 29 47 48 24 17 18
6 8 10 3 2 2 1 0 2 0 2 2 2 11 15 15 9 25 21 10 20 10 15 25 41 50 28 28 37 9 3 20 18 20 9 7 15 12 10 34 28 10 19 29 26 23 37 40 23 41 45 22 37 59 52 66 52 68 66 71 36 61 71 47 60 70 64 39 16 43 45 59 51 34 36 51 72 75 55 52 53 59 44 77 72 46 11 13 15 25 40 49 62 30 15 9
1 2 5 6 10 2 3 1 1 0 2 2 0 8 29 35 26 15 34 24 17 28 23 37 60 34 38 42 42 35 14 64 27 10 14 9 30 33 33 40 59 31 41 42 39 44 27 40 33 39 43 30 19 46 26 33 70 75 60 62 68 75 81 72 29 64 59 57 36 22 27 48 15 33 39 49 68 52 69 65 43 31 36 78 69 42 43 12 17 34 26 53 48 46 35 23
7 1 1 2 2 3 2 1 1 5 6 3 3 7 6 6 7 19 11 46 27 33 36 40 38 38 54 41 43 32 33 65 23 27 23 17 25 30 33 51 58 33 38 48 39 44 16 22 47 30 31 39 18 11 12 11 48 60 69 74 71 66 70 84 58 41 53 45 32 14 6 12 21 20 34 51 59 75 56 33 23 19 73 64 68 37 26 25 14 21 31 52 20 12 15 42
28 9 3 2 5 2 2 1 3 7 3 4 10 4 25 5 3 10 15 36 51 50 16 23 29 44 47 24 55 48 59 40 38 42 15 10 16 32 65 60 26 27 30 58 59 44 23 21 18 51 35 30 41 30 15 8 19 20 18 44 39 39 61 75 72 46 20 8 9 13 10 9 14 18 27 27 61 52 38 20 7 15 66 53 65 53 28 24 8 27 38 61 57 46 20 10
7 13 8 3 7 3 1 0 2 2 1 10 5 8 38 4 10 9 29 50 30 21 6 31 17 7 36 19 54 63 54 53 55 28 14 27 38 39 63 46 28 48 30 34 54 27 24 32 15 39 29 21 35 18 29 20 17 26 28 9 18 34 39 49 51 25 19 30 24 33 18 11 13 18 20 10 36 26 27 14 10 4 21 14 30 60 28 32 9 37 56 44 35 32 36 13
8 2 1 5 3 8 2 0 1 2 1 7 6 13 5 30 16 23 17 17 23 7 29 25 22 12 28 23 48 37 39 36 45 19 33 43 48 38 52 42 36 46 36 34 51 27 31 30 22 58 39 30 44 42 36 28 45 42 52 32 22 25 9 17 8 8 25 38 38 38 31 17 13 8 8 9 16 17 13 10 10 6 6 7 18 27 9 23 8 26 51 48 27 16 64 44
6 7 7 3 3 2 2 2 2 1 1 1 7 13 4 42 34 15 23 16 27 12 14 25 22 26 57 40 47 29 40 45 18 36 39 58 44 39 67 27 41 54 30 41 47 62 24 44 24 53 42 44 41 57 31 41 41 53 42 47 44 48 23 18 20 13 36 27 29 18 9 6 28 14 8 4 6 13 8 5 5 3 4 11 14 12 11 15 8 53 60 64 62 21 6 13
3 6 5 6 3 5 4 2 1 2 5 3 25 33 21 4 30 22 16 28 31 16 25 47 34 31 57 29 22 13 19 27 33 65 42 36 44 17 49 28 41 37 45 40 30 36 37 46 55 57 55 54 45 51 47 58 61 44 52 42 60 34 22 41 13 22 23 31 14 11 17 35 28 24 20 21 5 3 8 5 5 7 4 13 7 5 22 6 15 50 48 48 72 33 34 7
12 5 4 6 3 1 2 4 2 1 2 4 2 15 16 5 7 20 13 22 15 14 20 47 37 62 41 30 18 16 28 57 28 36 60 43 30 39 50 20 41 36 20 26 26 47 19 32 32 12 31 17 38 55 63 65 73 59 34 51 39 43 36 26 56 20 26 26 30 55 39 27 13 13 14 17 16 19 17 17 18 16 5 5 5 11 25 12 24 35 15 34 76 51 50 26
12 15 12 11 5 2 1 3 4 5 4 2 1 11 7 9 19 11 15 15 20 21 17 15 22 16 22 30 27 37 33 49 21 32 56 35 27 30 22 33 36 35 28 41 54 41 21 46 63 37 54 43 62 70 59 42 49 61 56 41 49 48 63 46 58 44 41 39 56 15 9 11 12 5 3 4 15 11 17 20 17 12 9 4 3 11 26 9 11 6 10 38 82 35 53 40
2 3 5 11 16 18 7 3 8 21 17 8 6 2 1 15 10 8 31 37 59 54 54 30 55 20 18 30 39 30 37 23 20 37 55 42 31 24 20 28 36 71 45 27 43 45 53 25 57 68 78 60 71 82 67 44 58 46 34 35 33 37 65 43 43 52 44 52 19 17 20 25 39 21 19 11 4 13 20 28 20 4 2 4 2 9 17 10 9 9 12 66 65 27 37 75
3 2 2 7 12 12 21 20 10 6 11 3 1 2 2 5 13 19 27 25 48 74 63 34 33 53 64 57 51 26 68 40 36 34 38 36 22 23 43 36 51 14 39 67 31 54 59 45 35 71 71 77 40 67 60 59 47 63 54 51 49 54 21 49 59 62 61 24 27 26 37 53 37 37 44 20 8 18 26 24 6 3 2 5 3 9 4 4 9 11 26 67 35 51 27 71
13 12 5 4 11 4 6 13 5 9 4 3 3 2 9 4 15 14 34 40 19 57 60 75 79 81 71 74 62 37 52 42 30 37 47 63 52 70 75 62 61 65 49 76 40 49 75 71 29 25 16 68 68 38 64 43 31 79 67 61 35 46 52 58 61 61 46 48 46 54 43 23 31 26 23 17 28 16 8 9 3 2 2 3 2 5 3 4 4 5 13 48 21 32 9 27
9 19 13 7 9 6 2 3 1 1 1 2 2 2 6 4 1 7 42 66 32 11 52 82 64 79 66 80 81 85 76 81 79 80 55 71 22 66 80 55 66 83 49 71 78 44 71 43 77 54 30 79 62 56 60 53 81 80 45 68 40 23 42 44 42 50 38 27 23 28 25 26 16 23 22 31 28 15 3 1 3 1 1 2 1 2 2 4 4 13 24 41 11 14 11 9
6 11 37 4 29 33 11 12 7 6 5 8 9 12 11 5 10 10 9 47 33 9 9 27 27 22 56 67 72 75 74 69 76 73 53 66 73 61 64 76 48 80 77 42 65 57 74 45 67 81 49 52 56 33 25 73 64 62 46 62 60 30 35 33 56 46 46 51 49 47 48 28 35 25 36 30 11 4 3 1 0 1 1 1 1 1 2 3 4 7 22 22 4 5 7 8
15 9 6 32 38 46 28 34 26 20 5 15 21 21 8 9 17 11 26 8 4 5 17 9 11 24 49 43 50 63 67 72 45 57 52 71 70 68 70 70 61 69 64 59 62 63 69 74 26 60 50 24 65 17 37 71 55 22 56 25 32 71 23 24 41 41 53 53 51 43 36 35 38 58 48 23 11 4 1 1 1 0 0 0 1 0 1 1 2 4 9 6 4 2 7 11
4 14 24 23 31 37 15 15 38 10 21 8 16 22 7 18 18 13 29 41 27 23 15 16 15 20 7 11 14 16 15 14 24 31 15 13 18 16 15 17 15 19 17 27 28 20 24 69 51 36 68 22 41 34 40 49 16 16 29 29 63 58 36 28 41 48 52 37 32 53 64 54 52 41 25 16 6 1 0 0 0 0 0 0 0 0 1 0 1 1 3 3 3 1 2 4
22 30 40 30 18 10 16 14 33 6 23 14 11 20 13 20 19 15 24 9 13 35 27 16 32 24 14 18 27 32 23 22 49 43 34 37 23 27 30 33 32 37 46 35 44 30 42 18 18 16 31 28 29 33 33 19 28 44 44 49 57 38 26 35 46 42 48 56 65 63 62 37 16 11 4 3 1 1 1 1 1 0 0 0 0 0 0 0 0 0 1 1 1 1 1 1
49 61 50 19 13 7 9 15 9 15 6 8 4 19 4 11 10 7 8 38 25 8 14 12 22 14 7 32 22 18 32 31 14 12 11 26 20 18 27 19 27 43 43 27 22 33 24 39 26 23 10 9 4 4 8 15 33 37 41 42 19 21 26 42 43 34 29 23 37 47 46 35 15 7 2 2 3 3 5 4 1 1 0 0 0 0 0 0 0 0 0 0 0 1 1 1
14 17 14 34 21 11 9 3 3 7 6 12 7 16 7 12 20 5 4 5 30 33 24 23 15 15 11 16 29 37 21 7 17 12 13 18 20 27 28 31 24 23 27 15 13 11 12 12 21 28 31 37 14 9 12 13 19 27 26 15 15 28 27 51 38 22 26 21 18 16 9 11 10 3 2 4 7 5 1 1 0 0 0 1 2 2 2 1 1 0 0 0 0 0 0 0
21 19 25 8 3 2 6 1 12 1 5 4 2 4 10 3 6 14 15 12 14 45 36 24 24 10 13 27 40 10 10 16 11 22 20 11 12 18 17 18 16 15 28 26 31 24 23 28 37 25 25 24 19 16 21 19 20 20 24 25 6 26 27 34 52 46 41 43 22 14 5 4 1 3 5 8 15 7 2 1 1 1 2 4 3 3 3 3 3 1 2 1 0 0 0 0
36 28 17 12 8 2 3 4 6 1 7 6 3 2 3 3 9 14 15 4 16 33 38 34 32 8 33 47 20 6 12 9 17 13 17 15 17 21 20 22 9 23 27 28 19 25 30 25 23 16 19 10 34 26 44 34 25 20 15 11 15 21 26 19 62 65 30 41 28 20 9 7 2 6 12 15 5 1 2 3 3 5 3 6 8 6 9 5 5 4 3 3 2 1 0 1
17 10 14 7 3 11 30 40 21 9 16 6 1 0 2 2 1 4 4 9 25 27 11 22 25 31 42 58 28 14 19 17 18 35 21 28 24 28 14 15 27 35 28 31 31 41 33 14 30 14 25 29 34 26 44 26 46 12 19 9 27 47 20 50 72 46 42 20 14 12 5 2 4 8 14 11 3 5 6 8 13 10 13 21 18 14 13 9 13 11 5 10 4 2 2 1
10 11 4 4 17 48 37 24 40 50 8 20 7 1 1 3 5 6 6 19 30 21 20 45 26 47 37 9 11 7 14 26 17 25 54 26 26 32 33 38 29 31 27 25 28 23 36 26 23 27 36 33 35 32 40 31 46 31 16 7 14 34 45 58 45 48 23 18 13 5 4 5 8 4 16 6 11 11 23 23 34 21 25 36 29 17 25 24 22 10 9 9 5 4 5 6
3 5 5 8 10 36 44 49 67 51 33 23 36 18 6 3 4 2 14 14 5 6 17 39 19 9 14 17 30 36 26 18 43 18 41 40 40 53 34 36 17 36 15 12 15 22 24 41 36 32 28 52 20 32 45 40 18 15 20 15 5 21 18 21 29 42 27 31 14 3 11 9 14 12 51 19 21 22 36 33 47 31 37 50 30 26 42 52 34 26 14 12 10 17 14 6
5 2 5 14 2 5 4 3 50 50 44 55 53 19 25 19 6 3 7 3 10 7 14 14 18 27 31 30 30 34 29 22 26 35 29 43 30 33 34 48 57 25 30 28 10 13 19 18 31 39 42 39 30 13 44 11 22 35 16 16 6 8 12 9 7 6 13 6 3 11 35 18 23 23 61 27 43 45 63 66 80 69 78 78 67 51 52 50 70 61 27 20 18 19 39 15
2 5 4 3 1 4 9 13 6 19 14 47 43 19 32 32 28 22 23 8 4 10 4 10 19 35 34 15 10 17 13 16 19 23 28 26 25 31 29 46 50 65 37 16 52 38 40 18 30 24 15 31 15 31 27 25 24 17 23 17 10 28 35 19 12 6 5 10 19 21 34 44 30 46 60 61 63 52 62 77 62 57 73 68 64 61 56 54 61 53 40 30 44 51 49 30
7 4 4 14 13 10 41 20 21 4 44 58 26 54 44 46 55 40 25 15 11 8 6 6 22 13 9 10 10 5 7 5 7 11 25 26 13 21 39 51 40 46 50 47 6 38 37 38 39 24 21 36 39 26 12 11 17 32 21 16 11 40 24 16 7 14 14 22 45 46 40 71 57 73 57 68 70 58 66 58 30 49 62 41 22 22 37 16 41 52 36 38 35 34 31 55
27 29 40 24 56 12 6 9 30 19 38 58 40 82 63 55 82 56 33 28 24 25 8 6 7 5 12 8 8 6 11 4 12 25 9 10 25 22 24 16 20 36 48 66 48 29 45 30 37 32 29 19 15 45 59 32 32 26 18 21 31 28 29 13 15 26 44 28 41 59 48 56 62 57 74 42 51 42 59 48 13 20 26 37 17 3 4 9 40 32 35 44 13 17 11 36
