sesion_6_simulaciones/modelos_agentes/ejemplos_netlogo/scenarios/cgcm2_b2/rob_2088.asc
NCOLS 322 
NROWS 307 
XLLCORNER 451900 
YLLCORNER 4086900 
CELLSIZE 100 
NODATA_value -9999 
[rows 0 to 73 of 307, columns 96 to 191 of 322]
3 0 0 0 2 0 0 0 0 0 1 1 2 5 6 1 3 2 2 1 2 2 1 4 1 1 1 1 2 1 1 0 1 2 1 1 1 1 2 1 1 8 30 39 49 45 48 47 70 43 35 36 17 6 12 14 12 2 7 4 6 2 2 1 7 12 15 2 2 11 18 8 8 11 10 8 10 14 8 48 36 21 35 38 47 32 35 38 46 60 37 24 18 6 14 28
0 0 0 0 0 0 0 0 0 0 0 1 4 7 3 3 1 1 0 1 2 0 0 0 1 1 1 0 1 5 2 1 1 1 0 1 1 1 3 4 5 10 11 9 69 78 71 60 86 58 62 40 9 12 35 4 1 3 2 2 1 2 2 1 2 1 2 12 10 10 5 18 28 13 25 33 41 16 18 24 24 21 35 42 49 34 34 43 47 38 44 32 40 18 25 29
0 0 0 0 0 0 0 0 0 0 0 1 1 2 1 0 1 2 3 3 4 0 1 1 1 1 1 0 1 2 3 3 0 1 4 3 3 5 6 9 14 25 16 22 6 2 7 27 83 64 61 62 15 44 27 21 12 6 3 4 2 16 38 26 44 15 10 19 6 9 7 9 15 18 24 42 56 58 31 20 23 22 35 36 48 36 41 54 32 32 41 29 38 37 24 27
0 0 0 0 0 0 0 0 0 0 0 0 1 1 1 2 2 3 4 3 1 0 1 1 0 1 1 1 1 0 1 2 2 4 5 3 10 10 23 41 53 57 34 9 4 6 2 4 16 6 14 11 5 13 29 4 27 1 2 5 6 20 50 49 57 54 48 9 21 16 14 21 13 14 27 28 36 14 12 19 30 31 44 44 47 34 33 40 28 27 42 39 26 36 18 43
0 0 0 0 0 0 0 0 1 0 0 0 0 0 2 1 1 7 3 1 2 1 1 2 2 1 1 1 0 3 4 4 1 4 8 9 17 28 56 68 70 60 41 17 8 3 6 12 7 5 10 9 2 28 5 10 17 7 1 2 26 41 34 55 31 12 53 21 31 39 20 17 11 12 28 18 23 20 23 28 30 27 69 45 31 35 33 46 31 37 38 52 20 37 48 47
0 0 0 0 0 0 0 0 1 1 0 1 0 1 1 0 2 2 3 2 1 1 3 2 2 1 1 1 0 1 1 4 4 2 12 26 34 54 70 53 67 66 57 26 8 14 7 10 12 9 11 26 3 8 6 17 7 6 5 6 28 32 7 4 5 17 24 5 8 12 4 14 56 38 23 12 16 18 15 31 22 31 36 35 43 31 29 50 44 31 42 32 39 47 59 23
0 0 0 0 0 0 0 0 0 1 1 0 0 0 0 1 1 2 4 3 4 2 1 1 2 1 2 1 1 0 1 4 6 5 14 54 62 64 63 64 67 63 29 14 16 36 17 27 19 17 13 27 15 12 18 10 4 8 14 5 3 4 3 6 3 5 21 38 22 21 5 21 8 4 39 26 23 29 13 26 22 17 20 17 35 37 28 44 42 21 43 35 36 34 19 18
0 0 0 0 0 0 0 0 0 1 5 5 5 1 1 0 0 1 1 1 4 13 2 5 6 2 2 0 1 1 1 2 8 23 17 48 46 62 64 56 52 17 22 19 44 31 24 50 28 24 12 17 29 31 16 14 13 40 49 50 21 7 1 1 7 3 15 9 26 13 14 8 4 9 5 24 37 64 49 15 26 32 19 28 56 34 36 43 52 55 27 23 8 14 15 13
0 0 0 0 0 0 0 0 0 0 1 5 7 19 4 6 0 0 0 2 3 1 2 3 2 1 1 1 1 1 4 4 14 43 56 20 15 21 17 17 30 15 13 25 57 41 19 28 33 20 16 12 66 26 20 31 20 31 7 17 51 27 10 1 8 6 4 5 2 5 20 15 5 6 23 7 12 18 22 49 51 73 37 44 18 12 24 65 27 45 26 64 44 24 15 23
0 0 0 0 0 0 0 0 0 0 1 0 0 0 0 0 1 0 1 1 1 1 2 1 2 2 1 1 2 3 5 21 22 19 37 29 28 28 15 15 9 7 14 29 61 33 13 13 22 27 22 12 20 78 59 53 7 15 6 34 20 27 5 6 1 4 3 2 6 10 10 14 16 14 22 37 10 17 53 61 26 55 41 29 12 18 11 27 28 41 18 40 74 61 19 14
0 0 0 0 0 0 0 0 0 0 0 0 0 0 0 0 1 0 1 0 1 1 1 1 2 1 1 1 3 7 19 25 63 42 22 23 28 44 42 27 16 7 6 9 35 12 13 18 25 18 28 12 24 28 75 56 17 10 14 28 12 13 6 2 5 6 6 3 11 25 22 25 16 11 30 44 25 10 13 48 27 28 41 55 20 22 15 19 56 42 39 35 68 78 50 22
0 0 0 0 0 0 0 0 1 1 0 0 1 1 1 1 1 2 2 1 5 1 0 1 1 1 1 1 3 30 37 33 35 32 24 18 24 48 38 29 17 8 10 18 21 9 12 33 16 19 43 16 25 43 21 40 20 16 24 20 7 7 17 11 5 3 13 13 26 56 60 64 11 24 40 44 28 15 13 51 25 4 31 60 21 28 25 23 46 27 23 28 53 60 60 48
0 0 0 0 0 0 0 0 0 0 1 0 0 0 0 1 2 1 3 2 9 9 1 1 1 1 1 2 7 19 44 26 27 25 28 45 44 16 22 41 16 6 8 29 23 10 19 20 24 34 50 38 36 57 35 30 30 25 35 9 8 10 17 13 7 5 4 14 30 17 43 34 26 17 18 49 16 15 5 13 31 4 39 70 23 25 40 22 16 49 32 13 22 35 60 70
0 0 0 0 0 0 0 0 0 0 0 0 0 0 1 0 3 1 7 2 1 1 4 2 1 1 2 13 16 15 21 24 19 9 11 11 11 8 7 13 16 3 2 2 9 8 15 17 47 61 67 64 44 50 29 44 42 31 25 27 8 6 19 19 14 13 6 8 9 5 2 2 18 24 20 24 16 26 14 9 4 6 21 55 59 25 33 36 22 21 42 21 34 54 79 60
0 0 0 0 0 0 0 0 0 0 0 0 0 0 0 0 0 1 6 3 2 4 6 2 2 2 3 4 17 21 10 6 6 9 14 12 12 10 5 2 12 2 8 5 2 3 16 31 38 69 69 65 49 59 39 62 56 41 38 43 6 23 32 28 15 10 4 7 4 2 3 17 43 32 34 42 34 25 12 13 23 7 22 53 66 27 13 16 21 17 12 12 29 45 52 48
0 0 0 0 0 0 0 0 0 0 0 0 0 0 0 0 1 2 1 0 1 1 1 9 3 3 2 4 4 3 4 13 17 19 13 19 36 37 18 4 4 4 2 6 3 3 3 22 34 39 50 40 40 39 50 34 45 35 46 39 6 20 5 27 43 23 7 8 10 2 7 34 40 42 15 9 17 26 34 29 22 19 20 48 71 85 53 36 19 16 15 9 32 68 56 37
0 0 0 0 0 0 0 0 0 0 0 0 0 0 0 0 1 1 1 1 1 0 1 2 9 4 6 9 27 21 12 7 9 15 15 31 45 50 36 3 8 7 3 5 14 15 16 4 17 29 19 20 13 16 28 47 48 48 51 47 12 25 17 19 29 8 6 7 6 5 6 33 25 35 9 8 14 13 43 27 26 27 31 39 72 86 84 30 21 20 19 13 34 60 64 61
0 0 0 0 0 0 0 0 0 0 0 0 0 0 0 0 1 0 1 1 1 1 1 1 4 5 1 4 5 4 10 10 15 9 32 57 36 45 36 17 26 28 20 21 33 32 37 21 6 3 3 5 3 2 9 54 80 88 60 23 46 25 21 14 25 15 7 15 4 5 35 37 37 31 9 24 41 21 32 31 20 19 13 9 59 65 64 61 40 24 23 17 22 42 47 23
0 0 0 0 0 0 0 0 0 0 0 0 0 0 0 0 0 0 0 0 1 1 1 1 6 10 4 5 4 8 14 19 11 25 31 37 14 18 21 45 34 42 49 58 53 35 44 38 19 14 10 11 14 2 3 14 79 84 58 32 29 35 16 12 19 5 7 8 2 27 52 52 41 54 15 17 38 39 40 71 40 26 15 10 21 47 55 52 55 33 27 27 14 29 69 20
0 0 0 0 0 0 0 0 0 0 0 0 0 0 0 0 0 0 0 0 1 1 1 1 4 3 3 5 7 7 9 30 21 19 21 12 24 26 23 33 58 62 54 30 36 19 34 42 24 20 19 5 10 5 10 7 27 38 51 51 34 18 14 28 24 4 7 28 52 39 62 78 30 73 29 10 34 65 40 68 58 47 35 16 18 53 73 58 64 43 37 24 10 18 58 46
0 0 0 0 0 0 0 0 0 0 0 0 0 0 0 0 0 0 0 0 0 0 0 0 2 3 3 2 2 6 4 4 10 16 29 14 14 27 16 51 30 30 53 41 24 23 27 38 36 16 26 20 7 12 20 15 20 45 60 50 15 15 52 43 20 5 25 26 39 49 39 41 23 30 55 39 24 21 27 68 29 27 49 34 27 13 59 39 67 33 42 23 15 14 22 45
0 0 0 0 0 0 0 0 0 0 1 0 0 0 0 0 0 0 0 1 1 1 1 1 4 2 6 5 3 5 5 9 12 41 35 22 57 19 35 14 32 21 18 18 36 39 64 51 49 20 22 18 18 19 30 23 24 39 60 59 57 15 22 23 13 15 42 8 29 47 57 32 43 18 51 61 34 21 29 79 85 47 21 61 47 15 11 22 63 49 40 39 18 16 16 43
0 0 0 0 0 0 0 0 0 0 0 0 0 0 0 0 0 0 0 1 2 2 2 1 5 2 4 9 4 3 14 37 39 9 4 62 43 16 16 19 29 44 28 19 16 42 35 14 18 15 31 20 20 22 22 22 13 24 44 30 26 22 12 11 13 34 44 5 24 17 42 56 48 17 17 45 44 56 28 58 86 62 55 26 44 22 7 18 59 68 19 51 30 16 18 34
0 0 0 0 0 0 0 0 1 0 1 0 0 2 1 0 0 1 0 4 2 4 3 2 6 6 3 12 14 7 6 6 3 2 3 9 22 25 10 22 24 41 38 40 33 11 8 5 4 3 13 11 6 9 17 8 10 11 13 24 33 23 14 19 45 35 22 9 20 22 21 45 37 35 28 64 65 44 40 22 63 66 46 66 28 18 12 13 13 45 15 30 25 11 9 14
0 0 0 0 1 0 0 0 2 1 0 1 1 1 2 2 8 1 2 2 5 6 15 8 5 6 18 11 29 14 6 4 9 9 6 1 3 29 23 7 16 37 51 57 41 33 24 20 14 14 6 5 3 2 2 2 2 3 19 30 43 24 30 33 18 40 19 24 34 27 19 33 51 55 16 57 63 43 46 31 48 65 35 17 48 29 14 13 10 19 19 19 28 13 7 6
2 1 0 0 1 0 1 0 1 1 1 1 2 4 5 3 7 9 2 3 15 41 48 63 48 42 41 22 40 26 54 58 55 26 9 8 9 7 6 14 31 23 31 41 51 53 49 35 30 28 14 14 14 12 12 12 12 10 32 43 36 30 22 22 18 39 33 44 16 43 19 15 46 34 18 42 43 22 28 25 27 37 62 17 18 12 14 6 6 11 9 14 7 7 4 5
2 1 1 1 1 0 0 0 1 2 2 2 2 9 14 8 10 42 22 42 54 56 61 69 57 67 61 57 62 69 45 14 29 39 29 11 14 11 5 5 20 27 33 51 45 47 53 41 40 37 28 28 29 28 15 25 16 17 31 26 31 20 12 13 11 42 27 43 38 43 12 18 26 33 23 40 36 50 17 25 25 11 32 19 11 23 8 7 2 5 9 6 8 5 5 4
1 2 1 1 2 2 2 2 2 5 5 12 9 14 25 58 50 39 52 16 23 27 44 62 63 55 82 72 72 72 14 9 8 10 22 19 26 14 20 14 16 38 44 38 48 46 38 61 52 39 32 33 31 30 27 29 29 8 17 18 20 12 13 22 38 59 54 29 36 17 24 12 25 28 27 17 15 27 31 17 25 14 24 19 6 19 9 5 2 3 8 8 5 7 4 2
2 5 2 1 3 2 3 3 5 14 24 42 61 65 76 77 58 64 66 46 19 9 30 50 35 31 22 49 53 49 27 5 5 3 4 8 15 14 17 21 8 20 29 31 17 17 11 28 40 36 46 46 34 31 29 44 32 11 11 11 8 17 31 41 49 39 21 24 16 32 27 36 19 18 19 16 16 16 27 18 14 13 13 8 9 9 8 6 4 2 4 2 3 4 2 1
3 6 2 2 8 7 6 15 27 47 71 65 76 79 71 87 61 65 84 29 61 21 12 29 18 11 17 19 17 18 42 20 12 2 4 2 8 6 7 19 17 18 37 15 20 19 11 26 21 13 12 12 10 20 20 10 34 20 13 10 13 19 36 39 43 33 15 34 46 26 31 21 17 15 12 8 9 8 13 12 12 11 4 8 5 2 3 2 2 1 1 0 0 1 1 1
2 9 7 6 11 21 35 50 48 75 68 84 69 82 74 74 43 55 80 63 25 26 13 7 7 6 3 3 10 10 13 57 20 5 6 4 19 47 47 32 28 18 16 9 11 15 15 5 4 7 8 19 29 29 17 17 33 20 30 10 17 23 37 25 38 18 13 24 41 38 25 18 9 15 11 6 3 1 4 5 6 4 3 2 1 2 2 1 1 1 1 1 5 2 3 4
8 15 27 27 46 70 59 68 73 74 67 87 66 72 49 67 44 67 64 67 15 34 32 12 8 2 2 1 3 5 5 10 13 6 7 10 5 12 12 15 11 11 13 21 22 14 17 8 13 15 39 53 46 30 50 11 39 34 9 4 4 15 12 29 22 24 13 8 11 17 14 14 7 3 2 3 4 3 8 10 6 9 6 9 10 10 8 6 6 10 3 3 14 8 5 11
29 42 51 69 65 63 69 74 78 65 88 59 30 50 42 45 53 56 56 64 26 14 21 11 10 6 2 4 8 9 9 17 10 3 12 10 13 14 22 15 28 18 28 30 36 35 27 24 20 24 35 61 62 62 61 29 43 34 17 23 13 3 4 5 6 5 10 6 5 5 6 5 5 10 16 15 24 15 23 13 14 20 11 19 12 31 19 9 15 13 6 7 14 11 8 17
55 74 74 59 73 72 81 63 65 46 71 14 24 18 28 42 44 32 29 52 28 11 5 4 6 9 8 7 10 4 32 30 26 17 22 24 22 19 21 23 24 27 28 29 44 32 43 28 16 50 43 44 54 40 33 28 60 33 28 46 35 23 23 24 23 23 36 25 18 17 17 19 29 30 29 17 29 28 28 27 27 26 25 25 37 29 21 17 17 9 15 9 18 12 26 25
8 13 43 43 61 55 72 62 27 5 3 4 10 7 7 9 10 21 37 51 26 6 8 13 7 7 25 16 26 18 28 26 25 20 20 41 30 14 30 26 26 36 37 37 29 29 40 28 24 37 47 40 51 57 41 44 33 27 34 40 33 38 37 40 41 36 49 40 35 19 33 32 30 31 44 32 32 46 31 42 42 30 35 33 56 28 25 22 22 21 19 16 29 30 31 42
11 6 5 5 4 4 15 16 16 6 4 7 12 13 6 3 2 5 24 25 13 7 28 7 19 28 32 23 33 21 19 16 30 30 14 24 24 15 22 30 23 41 24 22 24 29 46 31 22 26 44 39 22 66 40 58 28 30 40 33 49 34 32 33 36 25 54 37 24 35 34 33 46 32 45 33 34 48 46 48 35 33 45 40 45 33 28 29 25 25 25 23 53 41 31 32
19 35 27 10 9 8 2 6 8 3 8 11 9 6 2 3 1 10 8 13 20 35 37 15 29 23 29 26 19 7 3 9 19 19 13 22 12 15 22 30 36 19 23 21 20 42 32 20 33 36 42 54 28 69 60 24 51 46 41 26 38 33 49 46 35 42 37 37 35 25 34 49 46 34 47 46 37 53 35 46 37 48 51 63 47 31 17 40 31 32 40 44 50 23 51 33
26 18 16 12 6 5 6 5 12 15 17 19 14 4 5 12 13 17 20 28 56 48 49 30 23 16 16 21 22 18 9 8 16 12 25 11 9 16 14 26 10 8 23 28 23 54 26 30 41 28 52 24 51 50 24 36 60 44 24 38 27 42 44 32 23 39 39 37 23 37 58 60 53 35 47 53 50 55 37 36 42 52 53 48 37 24 23 45 37 24 53 54 50 24 17 56
10 18 26 18 19 10 21 15 19 24 26 38 29 20 17 25 14 27 34 39 48 32 14 23 34 18 8 13 21 18 13 7 11 15 6 20 10 27 18 12 15 9 26 16 18 64 36 35 26 23 29 50 43 28 23 23 41 53 24 38 38 53 41 23 45 45 49 37 21 38 52 71 58 39 47 55 58 44 36 28 44 71 65 57 52 25 46 69 49 23 45 67 66 34 18 56
23 36 14 16 9 18 26 16 15 30 29 31 27 25 30 27 28 33 38 33 40 26 20 26 17 10 11 20 13 18 9 12 6 5 15 15 21 11 16 10 12 6 26 6 6 31 30 36 17 25 27 14 45 8 5 5 16 39 18 44 51 40 34 58 44 45 30 13 25 53 60 75 62 45 48 68 73 47 47 30 52 76 49 39 38 32 53 70 50 33 26 76 81 55 32 48
9 18 10 25 15 25 21 20 18 18 31 33 22 22 47 20 25 31 26 25 35 26 12 24 14 14 18 14 15 18 7 13 6 6 5 15 4 9 6 15 11 10 17 8 23 19 42 24 8 17 23 17 18 9 9 5 8 14 11 43 54 44 49 62 21 42 16 17 23 56 69 71 66 49 52 69 80 38 50 25 62 84 56 29 26 36 56 72 53 36 30 64 76 65 24 47
6 12 32 18 10 13 15 11 10 12 30 21 16 29 17 16 11 22 28 15 13 18 20 18 11 10 9 7 7 34 6 13 6 6 6 12 10 8 5 8 5 12 10 8 16 9 16 7 8 5 8 24 16 11 8 8 26 8 11 31 29 36 69 30 41 36 24 29 36 47 66 66 68 34 42 69 50 31 55 25 47 71 58 48 28 33 58 70 51 43 32 46 69 43 32 48
2 2 11 3 3 2 8 6 4 7 8 9 9 15 14 12 14 13 18 14 11 5 10 13 11 9 11 6 5 6 8 16 4 3 5 10 5 2 4 7 4 10 6 6 9 7 14 3 3 3 3 11 2 3 6 6 14 5 12 20 16 38 15 30 60 25 24 35 45 43 50 72 47 25 43 63 48 34 53 35 43 65 38 32 35 25 30 71 68 38 25 45 67 40 24 48
0 1 1 1 1 2 4 5 2 5 6 9 10 7 7 11 8 9 10 13 5 4 4 9 8 5 9 2 4 7 4 6 2 2 4 3 2 5 3 7 9 3 4 8 6 2 1 9 2 1 1 3 1 2 3 9 9 15 13 7 7 6 18 48 17 23 42 22 31 29 28 55 20 17 28 50 28 33 44 17 49 53 26 29 35 41 15 30 70 33 24 37 63 45 33 29
0 0 0 0 1 0 1 1 1 3 3 7 5 5 6 6 6 5 5 7 7 3 8 5 6 5 4 4 1 2 5 7 0 1 1 5 1 1 1 2 10 2 2 1 1 2 2 0 1 2 2 6 3 1 3 3 15 9 7 20 13 6 24 11 25 38 12 16 15 25 9 42 8 10 14 36 14 43 40 16 29 28 18 37 42 45 21 26 60 36 20 35 41 21 29 21
0 0 0 0 1 0 1 1 1 2 2 6 3 2 3 4 5 9 4 2 2 1 10 1 2 3 3 2 1 2 1 1 0 0 2 0 0 0 2 0 5 2 2 1 2 2 2 6 14 19 15 6 13 8 3 7 10 5 6 8 5 7 14 5 25 8 10 10 10 19 6 16 7 17 5 14 8 26 15 11 34 12 13 18 38 14 23 13 37 22 23 17 47 47 49 38
0 0 0 0 0 1 0 0 1 1 2 3 1 3 1 4 1 4 3 1 1 2 3 3 2 2 2 2 0 0 0 1 1 2 1 0 1 1 2 1 1 2 4 7 2 22 5 35 10 13 6 6 19 21 38 14 13 2 4 8 6 9 2 2 8 5 5 7 11 12 14 11 12 8 5 24 5 20 5 6 31 7 27 27 43 17 22 17 25 38 27 46 52 55 67 83
0 0 0 0 0 0 1 0 0 0 0 1 0 1 1 2 1 3 3 3 2 2 2 3 0 1 1 1 1 1 0 0 0 1 6 6 3 4 11 19 8 9 9 24 9 6 18 28 5 22 9 7 13 27 22 15 21 21 14 28 16 35 27 5 10 13 14 14 10 18 28 17 20 45 50 46 54 74 55 30 40 51 53 43 13 74 70 58 45 15 34 20 32 69 41 59
0 0 0 0 0 2 0 0 0 0 0 0 0 1 1 1 1 2 1 1 1 1 1 2 1 1 0 0 0 0 0 0 0 0 0 4 8 1 2 14 14 15 6 32 46 7 8 15 31 16 29 4 6 33 35 11 49 31 49 42 10 29 14 13 10 18 14 37 44 3 7 32 39 8 23 58 20 46 25 67 19 49 71 49 25 71 56 52 76 72 57 23 43 56 37 24
0 0 0 0 0 0 0 0 0 0 0 0 1 1 0 1 0 1 1 1 1 1 1 1 1 1 0 0 1 1 0 0 0 0 0 1 2 1 1 5 11 4 25 41 21 5 13 7 20 17 31 8 11 30 24 45 28 16 32 48 16 3 10 32 23 35 32 24 38 31 6 37 57 14 31 67 10 7 21 75 64 34 26 49 51 71 57 73 83 75 37 65 25 20 53 68
0 0 0 0 0 0 0 0 0 0 0 0 0 0 0 1 0 1 0 0 0 1 1 0 1 1 0 0 0 0 0 0 1 0 0 0 1 7 2 10 4 15 8 10 44 21 10 5 18 23 22 29 10 43 44 75 22 46 73 69 46 4 22 24 25 68 57 62 33 59 18 13 51 19 42 67 25 23 12 51 38 49 8 10 19 65 69 67 79 61 24 69 41 30 49 56
0 0 0 0 0 0 0 0 0 0 0 0 0 0 0 1 0 0 0 0 1 0 0 0 0 0 0 0 0 0 0 0 0 0 0 1 1 2 10 30 10 30 10 31 24 38 16 18 32 38 68 74 27 54 79 86 46 72 82 63 46 19 48 56 30 25 22 16 46 76 24 16 40 16 45 55 80 25 41 80 56 69 60 20 17 38 61 60 49 39 62 88 44 29 16 17
0 0 0 0 0 0 0 0 0 0 0 0 0 0 0 1 1 0 0 0 0 0 0 0 0 0 0 0 1 1 1 1 1 1 2 3 2 4 29 14 22 12 7 50 45 19 13 11 23 42 64 56 55 32 62 88 49 53 71 62 73 61 64 76 21 30 35 23 47 69 58 34 7 24 62 77 75 66 27 84 28 62 76 41 24 22 50 36 42 20 77 87 67 41 45 18
0 0 0 0 0 0 0 0 0 0 0 0 0 0 0 0 0 0 0 0 0 0 0 0 0 0 0 1 4 0 1 0 4 3 3 4 2 8 17 16 37 15 40 16 72 17 22 19 10 25 64 48 30 13 14 45 62 72 77 75 87 68 73 73 64 37 47 33 52 54 80 51 24 23 50 73 78 77 50 68 64 58 68 80 43 26 17 17 16 30 73 55 79 48 44 27
0 0 0 0 0 0 0 0 0 0 0 0 0 0 0 0 0 0 0 0 0 0 0 0 0 0 0 0 1 0 0 3 2 2 8 5 3 2 1 6 7 5 2 2 12 17 55 38 13 7 26 9 16 8 6 11 13 46 54 48 58 67 64 61 84 39 38 30 11 70 90 38 24 21 62 53 55 59 29 44 45 21 69 82 67 40 10 12 15 21 15 39 81 46 30 38
0 0 0 0 0 0 0 0 0 0 0 0 0 0 0 0 0 0 0 0 0 0 0 0 1 2 0 0 0 0 1 1 4 7 6 5 5 9 3 2 4 11 5 2 5 9 17 27 29 8 12 9 19 9 11 23 16 9 16 35 34 13 29 64 87 64 30 37 48 75 89 51 17 10 20 31 57 43 53 60 48 14 51 71 82 31 20 11 34 40 23 40 89 63 56 60
0 0 0 0 0 0 0 0 0 0 0 0 0 0 0 0 0 0 0 0 0 1 0 0 2 4 1 0 0 1 2 1 4 7 3 2 9 14 4 4 4 18 9 6 10 9 11 10 11 5 12 31 36 33 27 24 16 13 11 8 2 1 9 75 74 71 46 23 28 67 79 77 61 21 12 34 48 36 38 29 52 38 22 76 77 62 27 18 41 30 54 83 84 84 67 63
0 0 0 0 0 0 1 0 0 0 0 1 0 0 0 0 0 0 0 0 0 0 0 0 1 2 1 2 3 5 2 1 10 3 7 10 8 16 8 12 9 17 17 11 5 21 12 17 13 4 12 49 59 62 58 48 32 29 25 25 25 21 23 43 46 60 50 21 8 45 40 78 79 33 15 44 51 40 24 45 68 34 22 24 77 80 32 17 50 59 54 75 52 79 49 32
0 0 0 0 0 0 0 0 0 0 1 1 1 0 0 0 0 0 0 0 0 0 0 0 0 0 1 2 5 2 1 2 2 1 13 14 5 7 14 28 16 22 17 12 4 8 34 26 17 12 10 32 73 78 69 70 59 56 45 45 77 78 81 71 57 54 43 26 11 7 33 51 83 63 57 18 39 48 27 6 20 33 35 52 71 76 51 30 17 38 39 33 79 78 87 59
0 0 0 0 1 1 5 0 0 0 0 0 1 2 0 0 0 0 0 0 0 0 0 0 0 0 1 1 1 1 1 3 9 7 16 11 11 20 40 18 34 29 13 20 24 24 35 36 25 19 11 18 48 72 69 77 80 76 54 41 33 46 57 66 76 73 74 62 37 3 11 52 60 65 54 50 32 16 22 21 53 45 23 32 31 71 70 29 15 24 31 36 30 71 60 74
1 0 0 0 0 1 0 0 0 1 0 0 0 0 0 0 0 0 0 0 0 0 0 0 1 0 1 2 2 4 4 15 9 6 8 17 10 12 9 4 9 51 54 30 53 35 28 29 31 31 30 16 12 17 58 59 54 75 76 67 60 54 39 46 53 72 76 75 72 62 41 65 53 76 43 43 32 24 32 25 22 26 17 47 34 73 78 26 11 37 44 30 31 32 61 77
1 1 1 0 0 1 3 1 0 0 0 0 0 0 0 0 0 0 0 0 0 0 0 1 1 1 0 1 1 1 1 2 2 7 7 8 10 13 17 17 10 4 16 61 62 75 63 44 36 20 28 32 26 16 25 40 34 29 49 55 58 69 70 58 33 38 68 76 76 61 64 80 60 82 69 50 45 47 28 16 18 37 16 28 42 29 65 39 11 23 41 41 18 13 53 78
0 0 7 1 0 1 0 5 2 1 1 0 0 0 0 1 0 0 0 0 0 0 0 0 0 1 1 3 2 1 2 5 3 4 7 16 18 24 21 27 31 25 13 9 8 60 68 62 40 28 20 33 27 16 6 6 7 8 8 9 18 38 33 48 51 27 28 44 44 38 65 65 64 62 59 62 66 59 37 42 38 33 16 18 54 62 43 50 18 7 30 39 22 41 80 38
0 0 2 1 0 0 0 0 6 9 9 6 0 1 0 0 0 1 0 0 0 0 0 0 1 0 1 2 1 1 3 5 3 3 7 11 12 18 19 22 25 25 40 36 37 27 12 8 35 36 44 16 15 10 15 24 22 23 22 20 21 8 6 9 11 9 7 6 8 25 37 53 48 44 36 29 29 54 48 40 30 19 42 35 37 50 43 61 39 11 8 30 48 79 49 70
1 1 1 9 3 0 0 0 0 14 1 1 1 0 0 1 0 0 0 0 0 0 0 0 0 0 0 0 0 0 0 1 2 3 4 5 14 21 14 22 30 36 37 37 44 32 30 28 20 12 11 8 12 27 29 40 39 41 40 51 23 8 7 22 23 36 19 21 6 5 13 30 25 17 17 18 22 30 38 55 50 19 16 20 19 24 37 51 57 18 8 25 84 58 49 60
1 1 2 5 2 2 4 0 0 0 0 0 0 0 0 4 0 0 0 1 0 0 0 0 0 0 0 0 1 1 0 1 1 2 5 6 9 11 11 27 30 24 20 22 28 24 21 32 27 24 30 33 35 46 42 38 54 58 58 54 30 23 25 39 36 28 35 18 7 9 9 3 2 3 4 4 10 9 4 8 16 10 11 7 9 9 27 38 34 21 9 57 64 38 65 60
3 2 1 0 4 3 18 5 3 2 1 1 0 0 2 1 6 2 1 1 2 2 1 0 0 0 0 0 0 0 0 1 2 1 0 2 9 12 6 7 15 24 17 13 23 18 25 29 36 29 39 24 26 39 51 53 55 57 68 58 37 36 46 43 52 55 57 45 24 21 7 3 2 4 5 12 30 20 13 11 8 6 3 4 4 6 10 17 37 38 15 67 24 16 51 69
4 4 4 9 3 5 3 2 2 10 2 4 1 1 2 3 13 5 1 2 3 1 0 0 0 0 0 0 0 0 1 0 0 1 1 2 6 15 15 25 23 18 28 21 29 23 27 29 34 18 49 35 33 30 45 49 71 70 70 54 29 47 44 59 58 74 65 59 47 26 19 20 20 26 29 41 49 37 23 23 34 37 21 10 11 7 2 5 13 43 27 56 16 18 57 81
5 6 2 1 7 4 18 10 4 3 8 13 4 1 3 15 18 3 1 4 0 5 0 0 0 0 0 1 0 0 0 0 0 1 1 2 3 6 11 15 20 14 16 19 21 24 29 44 35 28 36 44 29 32 48 58 69 62 48 39 40 46 57 57 58 78 72 60 51 29 42 42 43 48 46 47 60 44 42 43 43 42 26 36 34 17 14 3 6 20 17 20 18 11 30 54
5 8 6 2 21 14 19 14 34 15 8 3 1 15 12 8 8 2 2 13 1 4 0 0 0 0 0 1 1 0 0 0 0 1 1 2 3 9 5 15 20 15 6 21 19 22 26 46 31 15 19 41 36 29 41 62 64 48 35 24 28 55 53 55 75 72 62 58 32 28 43 42 44 59 50 63 63 66 46 49 60 51 51 61 50 39 21 6 3 12 10 21 13 5 16 33
6 2 7 3 1 31 9 6 11 26 16 10 1 8 33 8 1 2 7 12 1 8 1 0 2 1 0 1 2 5 1 0 0 0 1 1 1 1 3 3 12 7 12 13 15 8 32 16 28 10 36 25 25 20 41 67 41 36 24 31 33 46 42 61 73 67 60 58 33 49 59 59 42 57 66 64 66 55 47 58 66 61 56 66 35 24 11 8 4 2 3 11 11 3 10 7
5 5 4 8 2 5 27 41 40 17 7 8 2 4 16 23 4 6 27 13 3 12 1 1 0 1 1 2 2 0 2 5 0 0 0 1 0 1 1 3 4 4 5 10 8 6 7 11 5 8 47 8 19 13 42 23 22 32 17 22 23 34 49 64 49 64 53 38 34 47 59 59 37 60 57 65 71 56 49 58 72 61 65 43 24 27 23 28 20 5 1 1 5 4 3 5
11 6 8 6 8 9 13 23 16 33 31 11 33 4 2 1 14 54 43 9 10 3 2 3 4 1 0 1 3 3 1 0 1 0 0 0 0 1 1 4 1 4 4 5 3 3 3 4 7 12 4 4 13 21 10 19 18 12 14 14 13 24 62 46 52 40 29 32 47 58 55 55 49 60 37 51 56 35 46 55 75 45 31 32 41 48 60 39 27 10 5 2 1 2 2 2
13 11 10 8 32 15 48 70 31 18 16 35 34 34 2 1 3 4 4 1 5 6 4 1 1 1 1 1 1 1 0 0 0 1 0 0 0 0 1 1 1 1 4 1 1 1 1 5 1 1 2 3 4 11 8 10 5 7 16 17 13 41 38 42 39 47 29 27 37 54 48 35 40 59 35 22 64 40 47 72 44 45 41 45 74 79 59 34 29 20 9 7 4 1 2 1
