sesion_6_simulaciones/modelos_agentes/ejemplos_netlogo/scenarios/cgcm2_b2/rob_2094.asc
NCOLS 322 
NROWS 307 
XLLCORNER 451900 
YLLCORNER 4086900 
CELLSIZE 100 
NODATA_value -9999 
[rows 148 to 221 of 307, columns 0 to 95 of 322]
0 1 0 0 1 1 1 0 0 0 0 7 3 4 3 4 8 4 3 5 1 1 0 0 0 0 0 0 0 0 0 0 0 0 0 0 0 0 0 0 1 1 1 1 2 1 3 3 2 5 3 4 13 3 8 14 13 6 4 18 22 25 18 15 22 31 38 16 20 42 48 34 19 28 52 69 21 17 18 30 28 25 11 20 57 44 18 12 43 41 34 37 62 59 35 63
0 1 0 1 1 2 1 2 2 0 1 3 4 7 10 20 20 6 6 6 5 4 0 1 0 0 0 0 0 0 0 0 0 0 0 0 0 0 0 0 0 0 0 0 1 10 4 3 1 2 2 5 7 8 2 2 3 1 13 9 8 31 18 11 17 38 29 26 29 47 19 9 8 41 27 34 57 11 16 37 35 19 27 23 12 58 27 18 14 27 13 54 35 66 47 26
0 0 0 2 1 3 2 0 1 3 1 2 21 21 23 9 26 17 13 19 6 1 0 0 0 0 0 0 0 0 0 0 0 0 0 0 0 0 0 0 0 0 0 2 6 3 2 2 2 2 2 3 4 4 11 8 11 10 12 12 20 27 12 10 30 24 32 52 27 4 38 21 20 40 67 21 30 8 3 9 21 24 20 36 18 24 50 35 19 26 19 14 29 31 42 20
0 0 0 0 0 0 0 0 0 0 2 1 3 18 23 19 52 43 29 1 0 0 1 1 2 1 0 0 0 0 0 0 1 1 1 1 2 0 0 0 1 1 4 3 1 1 1 2 1 1 4 4 4 4 5 4 12 12 12 15 27 16 17 9 25 56 31 27 67 20 9 43 45 26 38 11 21 39 18 8 11 21 27 15 25 14 23 59 45 29 26 16 13 32 42 37
0 0 0 0 0 0 0 0 0 1 1 3 2 1 1 1 1 1 2 1 1 3 2 2 6 0 3 0 0 0 0 0 1 0 0 0 0 2 0 0 1 0 1 2 2 3 5 8 3 2 3 4 6 6 2 6 8 23 9 18 24 26 42 74 66 43 38 20 30 76 25 20 21 32 20 5 10 11 45 24 13 16 33 28 19 26 20 26 54 25 21 21 8 9 24 24
0 0 0 0 0 0 0 1 0 0 1 1 1 3 2 2 2 3 4 6 13 5 17 4 2 1 1 1 0 2 1 0 0 0 0 0 0 0 1 0 0 5 0 1 2 1 1 2 5 3 6 9 10 8 2 6 8 13 25 19 53 40 56 62 58 69 54 12 31 52 62 39 28 16 27 19 13 11 29 15 25 20 20 33 25 23 20 21 66 45 16 15 19 8 27 33
3 1 2 1 1 1 1 0 0 0 0 1 1 4 6 2 1 3 12 11 21 38 11 20 5 2 5 4 1 1 7 2 0 0 0 0 0 0 0 1 0 3 0 1 2 0 1 2 1 9 11 19 30 22 20 11 11 13 37 31 20 19 59 66 65 49 63 36 31 47 70 18 32 17 13 12 24 7 22 43 18 30 30 18 18 17 21 17 31 24 41 17 11 9 8 14
5 4 6 2 4 1 1 2 0 0 0 0 2 2 1 4 3 3 2 16 28 22 11 16 9 3 6 3 1 0 1 14 6 2 1 0 0 1 1 1 0 3 8 1 2 2 1 1 1 4 4 6 16 3 5 26 10 22 14 8 9 12 15 43 33 11 18 11 38 53 52 44 24 22 32 11 12 17 18 34 32 21 31 26 18 19 18 19 18 19 23 32 21 13 9 7
2 6 3 8 13 5 1 7 1 0 0 0 0 1 2 3 2 5 3 2 4 20 23 3 3 9 2 7 2 0 0 1 4 10 5 1 1 1 1 1 1 5 10 1 1 2 1 2 3 5 6 11 9 9 10 9 15 28 18 20 28 28 11 8 4 19 19 17 13 23 25 51 57 32 16 11 13 17 22 31 37 55 17 24 17 16 15 8 13 21 18 6 32 13 5 7
17 31 11 21 12 2 5 17 1 1 1 0 2 7 6 2 6 4 6 2 3 4 3 19 5 1 1 10 10 1 1 1 1 10 15 6 5 3 3 4 3 2 12 8 1 1 1 2 3 3 7 17 6 11 16 8 4 11 16 16 16 14 6 12 14 4 2 10 31 34 39 57 27 35 18 16 22 21 36 28 34 29 37 17 15 15 7 6 9 8 15 10 14 17 7 3
9 37 5 40 5 18 14 21 1 2 3 1 1 1 4 4 6 20 20 26 4 2 4 6 3 2 3 16 2 21 2 6 4 15 4 7 6 22 5 3 6 2 14 11 11 1 1 1 3 2 3 3 2 6 11 5 8 34 34 51 14 23 31 25 24 10 10 16 24 28 27 42 32 22 35 10 21 34 34 39 24 19 26 24 9 7 5 2 3 9 10 14 12 12 13 10
2 30 15 23 26 29 24 3 4 8 5 2 2 1 2 1 2 9 12 33 13 2 4 7 19 11 8 13 2 19 19 3 5 9 27 24 15 26 41 8 6 2 4 12 10 5 4 2 4 1 1 1 8 7 4 4 7 7 6 10 8 17 37 33 32 23 25 27 20 28 29 28 23 33 11 19 19 28 18 15 17 15 12 17 24 17 10 17 10 6 5 7 13 14 8 5
3 2 2 26 35 28 4 5 16 5 10 16 6 4 1 2 5 5 11 6 12 25 21 5 17 15 15 17 22 6 51 36 11 4 20 60 45 22 14 30 23 3 8 19 22 26 3 2 3 3 2 2 17 5 44 30 34 22 62 43 25 13 19 20 23 21 26 32 29 18 21 30 28 33 18 28 16 18 18 24 13 13 12 21 12 10 14 15 8 10 12 6 5 7 3 2
2 13 8 7 5 16 9 27 28 12 11 12 3 7 1 4 3 4 9 8 12 14 14 5 29 31 24 41 32 23 46 63 46 23 17 4 14 26 14 5 7 4 2 49 38 24 13 12 6 20 32 45 29 13 14 32 23 12 17 32 36 26 30 22 23 19 20 39 32 16 20 22 28 29 21 23 21 24 14 14 11 12 5 9 9 6 11 8 6 6 6 5 2 3 3 4
4 5 4 13 13 5 29 59 34 43 2 10 22 16 30 6 16 4 4 5 7 3 20 45 66 32 52 63 41 43 23 33 59 29 27 10 29 44 57 77 59 16 8 11 50 27 11 53 12 13 33 33 43 15 8 49 61 26 20 15 49 53 15 40 27 27 20 27 25 20 27 25 25 21 20 24 20 17 15 7 6 7 8 8 10 5 7 5 4 4 3 3 1 1 1 1
3 3 16 7 8 3 22 54 29 52 7 14 35 27 47 17 7 9 6 14 19 27 7 37 53 57 68 67 37 68 49 70 66 68 63 64 50 61 67 53 7 29 34 10 3 34 17 25 15 15 35 33 35 39 16 20 55 78 38 30 41 20 24 23 31 43 44 38 26 17 34 20 16 16 14 8 15 8 4 3 4 6 6 4 5 2 3 1 2 3 1 4 6 6 5 6
3 2 1 5 11 13 5 63 10 11 10 16 21 3 19 24 9 9 8 37 38 15 18 11 51 76 69 73 44 82 63 70 69 58 70 66 79 72 69 74 65 33 8 6 2 3 28 22 11 4 10 44 50 51 53 65 72 71 79 33 20 26 26 32 32 38 48 24 21 35 19 15 15 15 6 4 3 3 8 9 11 5 4 2 4 9 12 12 21 5 11 24 11 21 20 13
1 2 8 7 5 4 6 19 23 20 38 33 41 40 13 36 13 24 5 6 20 58 26 18 7 27 35 59 61 27 8 12 8 21 21 32 72 59 62 75 69 49 24 7 2 3 21 17 12 10 8 9 24 59 63 52 35 39 73 61 26 17 26 28 38 37 20 33 22 10 12 16 15 10 8 6 4 3 4 3 7 13 10 17 24 34 32 34 21 16 19 34 31 45 45 23
1 1 2 3 7 6 9 11 10 9 21 50 52 60 7 6 12 35 35 15 16 14 33 10 16 22 14 20 9 14 26 17 28 26 49 30 23 19 17 17 15 24 14 5 4 5 13 15 24 12 15 14 3 29 23 37 42 46 31 44 43 23 51 52 43 28 27 18 19 16 14 16 7 4 9 9 3 2 4 9 33 35 23 37 41 45 39 53 39 41 68 70 46 62 43 32
1 1 2 7 8 12 13 11 13 12 21 4 6 8 14 17 9 9 44 44 39 18 25 7 19 34 30 26 14 17 31 41 18 45 21 15 16 22 23 23 12 8 11 8 15 12 32 27 26 22 12 6 8 11 12 35 14 11 9 34 20 31 33 21 34 19 14 20 19 9 9 6 7 6 10 10 14 3 30 30 44 42 42 46 46 66 63 51 48 59 32 15 25 23 26 53
1 2 6 3 4 7 9 6 12 26 6 7 21 19 8 19 3 4 7 17 19 16 12 14 21 14 21 16 38 9 30 19 16 23 16 15 23 42 15 38 18 9 7 5 5 9 14 31 18 20 11 20 22 13 23 19 19 19 22 37 52 49 32 11 19 18 16 7 10 5 6 32 31 19 19 29 13 22 41 56 66 50 49 74 68 67 68 56 66 65 39 15 8 8 17 42
4 14 13 20 5 6 7 5 10 15 9 10 15 14 11 5 8 8 26 25 13 16 26 14 18 14 9 18 11 11 18 15 19 18 12 15 11 25 10 35 22 15 9 3 2 1 8 11 61 46 20 18 49 20 11 28 38 60 52 43 55 32 24 15 18 13 5 5 15 14 29 40 50 23 32 42 25 45 59 58 68 82 53 83 72 69 60 62 61 55 43 35 11 7 7 11
1 2 1 1 2 2 9 6 12 6 10 5 7 20 5 2 6 12 12 10 5 4 4 13 17 12 7 8 10 13 14 18 8 13 10 4 19 10 17 30 13 15 24 9 9 4 3 13 20 34 20 32 23 11 16 28 33 28 25 17 15 11 7 4 5 2 13 27 39 29 46 56 55 39 53 42 28 46 60 57 82 69 58 56 45 11 13 45 23 32 25 15 15 5 3 20
1 4 3 5 3 6 3 5 7 8 3 4 6 7 10 11 16 6 7 7 10 2 5 17 31 19 11 7 10 6 6 19 49 17 11 9 17 9 34 6 18 8 13 12 7 4 6 9 6 14 20 18 8 16 16 16 50 20 13 11 7 21 21 33 15 24 34 50 42 39 40 56 39 40 52 49 34 43 58 69 72 56 42 41 31 17 18 18 33 15 13 13 8 6 3 4
1 1 2 3 7 1 1 2 2 4 4 3 9 8 29 12 9 20 15 11 32 12 16 17 24 23 7 16 4 10 15 12 40 42 24 14 14 26 20 6 6 5 9 13 5 9 6 4 5 8 9 15 14 16 19 19 12 6 6 25 21 39 38 38 28 28 43 47 60 55 37 51 53 57 43 61 51 51 55 61 55 73 49 37 23 28 23 12 47 26 11 6 1 6 6 8
1 1 1 2 1 1 1 3 6 3 5 8 7 6 6 7 43 40 15 18 20 16 22 8 11 15 16 10 5 7 5 9 14 11 17 27 6 9 23 14 8 12 8 5 11 7 8 8 5 8 11 13 25 20 13 12 16 23 31 48 37 35 48 37 29 43 43 41 54 35 46 54 66 34 42 46 52 59 76 53 28 25 32 42 34 25 17 12 11 14 7 5 5 3 5 5
1 1 2 1 0 6 5 3 12 22 23 19 19 29 10 7 11 32 20 30 4 13 25 7 9 7 9 16 8 21 13 10 8 9 18 31 9 18 18 17 13 2 3 6 5 7 4 4 7 11 12 24 21 15 22 15 21 24 44 36 32 32 42 32 28 35 42 28 54 42 30 58 43 32 38 62 53 59 22 79 56 60 34 27 34 28 21 25 9 6 3 4 2 1 3 1
1 1 1 1 1 1 2 5 8 14 16 32 30 24 35 6 15 14 8 8 9 18 20 7 3 4 2 5 4 7 5 6 11 10 18 16 7 16 18 14 8 4 2 2 5 5 7 15 8 9 19 15 12 29 17 16 25 44 40 41 35 33 35 24 28 48 47 31 47 40 40 42 64 59 54 55 68 59 22 24 55 64 51 46 24 18 21 25 13 8 5 2 2 4 4 2
1 1 4 1 3 1 2 2 5 7 2 3 3 3 7 12 12 11 32 9 13 19 6 8 1 7 2 6 3 2 5 6 6 6 8 7 8 9 10 9 7 4 1 3 5 6 9 11 10 11 14 25 17 15 14 25 35 32 30 31 28 20 35 33 34 49 39 45 51 81 62 55 51 66 17 17 13 53 53 34 24 50 35 27 22 18 23 10 6 12 8 4 3 2 1 1
0 2 2 8 0 10 9 1 3 2 5 3 8 6 8 7 8 6 6 7 3 8 2 3 2 2 2 2 1 3 4 3 3 4 5 3 5 3 4 7 5 5 6 9 15 5 12 7 17 24 22 37 25 13 24 26 27 35 19 23 42 29 37 41 28 43 37 62 25 43 78 73 70 59 69 47 32 15 11 29 27 21 46 38 36 29 25 40 18 6 5 4 4 2 2 0
6 2 1 3 7 3 1 3 2 2 1 3 2 3 8 4 4 1 4 5 5 1 2 2 1 1 1 0 1 1 1 2 2 7 2 2 2 3 3 1 3 6 3 4 4 10 4 11 18 25 23 25 20 21 19 34 24 30 27 24 28 32 24 28 40 47 30 34 75 24 73 77 50 77 75 78 58 51 52 41 41 36 17 11 24 34 22 27 12 9 5 3 4 2 1 1
3 24 3 9 1 2 1 2 1 1 3 1 2 6 10 16 22 4 3 7 3 2 1 1 2 1 1 1 1 0 0 2 2 2 1 2 1 1 5 4 3 6 3 16 7 9 9 7 17 20 13 13 15 16 15 17 34 25 20 41 31 39 23 21 36 11 28 34 28 44 31 69 39 58 79 80 77 86 69 54 58 71 74 55 22 19 22 22 14 7 5 3 2 1 1 0
1 3 2 2 3 3 1 1 1 1 2 1 7 2 2 3 2 5 3 3 5 1 2 2 1 0 0 0 0 1 1 1 1 1 1 1 1 2 4 3 2 2 5 13 3 10 7 8 9 18 7 8 10 11 11 13 20 24 16 22 33 15 20 57 65 54 33 29 14 5 16 18 34 33 68 74 69 75 77 61 79 67 64 34 28 31 29 20 23 11 5 5 2 1 1 0
1 1 3 2 2 2 1 1 0 1 0 0 1 1 9 6 10 2 2 2 2 1 1 1 1 1 1 0 0 0 1 0 1 1 0 0 1 3 1 2 1 2 2 4 4 4 5 5 7 5 3 6 4 5 9 6 16 21 23 28 25 44 12 5 4 8 12 28 26 21 12 12 7 21 37 64 55 76 86 52 71 86 63 50 39 25 24 23 17 9 6 6 3 2 1 0
0 2 1 1 1 1 1 0 0 0 0 0 0 1 2 2 2 2 2 2 1 2 0 1 1 0 1 0 0 0 0 0 1 0 1 1 1 2 0 0 1 2 1 3 3 2 2 2 3 2 5 9 6 10 9 9 18 12 14 9 14 52 9 11 23 37 46 36 39 31 28 43 18 7 16 53 52 76 87 78 63 63 61 49 34 34 33 23 19 15 11 10 5 2 1 0
0 1 1 1 1 1 0 0 0 0 0 0 1 0 1 1 1 1 0 0 0 0 0 0 0 1 0 0 0 0 0 0 0 0 0 0 1 1 1 1 1 1 2 2 1 1 2 2 3 3 9 30 15 35 33 50 30 18 24 11 9 3 56 23 8 46 60 35 40 45 51 39 23 22 12 15 20 48 80 57 45 26 21 40 16 30 15 14 15 18 15 9 6 3 2 1
1 0 0 0 0 0 0 0 0 0 0 0 0 0 1 0 0 0 0 0 0 0 0 0 0 0 0 0 0 0 0 0 0 0 0 0 1 0 0 1 1 5 13 27 7 8 5 3 4 3 33 8 43 40 22 30 17 16 25 41 9 8 11 71 17 23 31 61 36 31 58 66 75 47 39 20 11 7 9 9 14 14 11 29 28 11 11 6 6 15 7 8 5 4 1 1
0 0 0 0 0 0 0 0 0 0 0 0 0 0 0 0 0 0 0 0 0 0 0 0 0 0 0 0 0 0 0 0 0 0 2 2 2 5 8 10 12 19 6 26 13 16 24 1 6 20 6 8 37 25 36 42 22 46 50 29 24 15 7 47 60 18 6 32 62 71 57 56 36 37 49 48 26 11 16 6 15 16 14 10 25 24 8 9 6 6 5 3 3 2 2 1
0 0 0 0 0 0 0 1 2 0 0 0 1 0 0 0 0 0 0 0 0 0 0 0 0 0 0 0 0 0 0 0 0 0 0 1 3 9 5 6 8 27 9 10 26 18 22 5 3 6 46 26 10 28 8 21 18 47 62 42 48 28 16 27 79 26 27 14 45 59 80 26 13 27 34 59 48 40 35 24 14 12 6 8 11 23 13 5 5 2 3 3 2 1 1 1
0 0 0 0 0 1 1 0 1 1 1 0 0 0 0 0 0 0 0 0 0 0 0 0 1 1 0 0 0 0 0 0 0 0 0 0 1 6 12 10 8 9 6 6 23 32 49 46 6 9 23 33 18 13 35 8 35 39 69 58 14 23 16 8 79 49 19 20 26 79 82 87 50 41 34 28 22 21 16 19 29 28 14 6 7 6 17 10 6 6 2 5 3 1 0 0
0 0 0 2 1 1 2 4 2 2 1 1 1 0 0 0 0 0 0 0 0 0 0 0 0 0 0 0 0 0 0 0 0 0 0 0 2 7 12 30 11 6 4 7 14 43 58 65 60 57 12 19 20 23 19 8 27 51 55 58 18 30 32 24 58 87 53 34 22 14 20 56 25 30 23 52 41 21 17 12 12 15 19 17 7 3 5 9 8 5 2 4 2 1 1 1
1 1 1 1 3 3 4 1 5 4 2 3 2 1 2 1 1 0 0 0 0 0 0 0 0 0 0 1 0 0 0 0 0 0 1 1 1 1 1 1 20 16 4 12 8 11 29 40 62 71 56 28 33 45 24 47 32 57 71 49 56 17 35 34 31 82 89 68 49 24 16 19 57 38 29 29 42 48 24 19 10 12 12 16 15 4 2 8 5 7 3 2 1 2 1 0
0 0 0 2 4 3 14 27 22 19 8 5 2 4 7 3 1 0 1 0 0 0 0 0 0 0 1 0 0 0 0 0 1 0 1 1 2 2 1 2 2 7 7 7 5 13 44 19 61 67 81 39 36 36 55 53 8 54 66 63 57 44 37 29 21 75 84 82 57 58 16 8 45 66 38 13 19 14 29 11 15 12 11 10 15 6 3 3 6 4 3 2 1 1 1 0
0 0 0 7 7 19 32 33 32 57 52 12 16 10 11 6 2 4 2 1 0 0 0 0 1 4 2 0 0 0 0 0 0 1 0 1 1 2 4 3 2 3 4 3 14 17 33 25 6 55 71 78 37 28 40 19 15 15 42 53 84 76 21 27 54 65 67 82 37 57 45 12 15 51 39 29 21 22 28 26 15 15 7 5 6 8 5 2 1 3 3 2 1 1 1 0
0 0 0 0 0 0 3 6 9 4 19 43 51 25 19 5 4 8 2 1 2 0 0 0 0 0 3 5 1 0 0 1 1 1 1 1 2 2 5 3 6 13 12 9 8 5 52 55 36 26 45 69 58 29 13 11 32 11 18 54 47 45 36 34 39 56 38 84 38 52 39 46 9 28 34 44 36 31 34 26 24 15 5 3 3 7 5 2 1 2 1 1 1 1 0 0
0 0 0 1 1 2 18 5 6 5 6 12 44 56 50 21 14 10 2 5 1 1 0 1 1 0 0 0 1 0 0 1 1 3 1 1 1 2 6 6 5 8 6 8 17 19 19 7 35 59 29 41 11 15 8 24 21 31 25 31 58 61 49 44 22 31 30 74 78 36 19 36 35 12 21 22 37 22 19 12 16 12 11 9 2 4 2 2 3 1 1 0 1 1 1 0
0 0 0 0 0 0 2 3 3 7 4 1 5 23 52 55 43 3 0 0 1 2 1 2 1 1 1 0 0 1 0 6 4 1 8 2 3 4 6 4 7 15 27 18 25 17 25 14 18 18 69 39 33 24 18 14 28 36 30 33 59 76 58 42 42 36 51 69 82 66 34 18 47 35 22 7 9 24 22 16 9 8 9 8 5 1 1 2 2 2 0 1 0 0 0 0
0 0 0 0 1 1 1 1 1 3 5 4 13 5 4 6 8 2 1 1 4 0 1 2 12 8 1 1 1 9 2 2 10 7 15 3 23 6 5 5 7 10 11 21 17 23 24 17 21 30 30 39 25 25 33 27 24 37 21 12 25 40 60 58 63 53 44 54 64 70 48 50 54 30 34 16 9 20 19 9 14 4 5 3 2 2 2 1 1 1 0 0 0 0 0 0
2 0 1 0 0 1 1 1 2 5 3 6 2 6 11 5 7 4 1 3 0 1 2 1 1 2 3 6 5 1 3 7 7 3 4 4 2 18 4 8 10 16 7 12 10 12 13 21 29 39 25 14 56 49 38 48 34 31 31 34 22 41 67 47 48 49 37 40 53 71 33 38 31 21 22 16 9 7 12 17 10 7 3 3 1 1 2 1 1 0 1 0 0 0 0 0
2 3 0 0 1 0 3 8 1 1 3 4 3 10 3 7 1 1 0 0 1 1 1 2 2 1 2 3 1 3 1 16 4 13 7 16 2 6 14 3 7 16 14 25 25 9 15 21 19 41 22 40 11 27 31 63 31 40 34 52 40 38 22 23 20 9 8 18 29 30 21 9 29 20 16 29 22 13 16 9 5 6 5 3 1 1 1 1 1 0 0 0 0 0 0 0
2 2 11 1 1 4 0 0 5 4 1 4 1 9 3 5 3 1 1 2 3 5 2 1 3 4 3 5 18 17 9 2 2 4 9 4 5 1 32 12 13 11 5 9 27 20 15 11 25 41 39 15 62 45 38 66 51 25 41 25 23 37 23 22 11 8 5 3 20 36 31 12 12 20 20 26 21 14 27 12 4 4 3 1 2 1 1 0 0 0 0 0 0 0 0 0
1 3 6 2 0 0 2 1 0 1 2 1 1 2 5 2 1 0 1 1 3 3 7 4 4 6 7 8 34 40 13 7 4 9 12 8 16 6 2 37 9 17 17 18 10 10 15 26 26 39 28 13 29 16 12 44 33 31 29 17 20 34 24 24 23 11 8 5 6 16 23 16 25 24 26 30 32 19 9 9 7 2 1 1 1 1 0 0 0 0 0 0 0 0 0 0
5 2 10 3 5 1 0 10 1 3 10 1 5 4 1 8 1 1 1 1 1 3 4 4 5 11 12 14 26 65 50 28 8 6 44 18 19 11 5 15 42 11 11 41 22 24 20 30 36 27 26 11 9 15 14 17 35 29 20 13 13 15 20 32 14 15 8 6 5 3 4 11 10 5 8 11 14 19 9 6 3 3 2 1 1 0 1 0 0 0 0 0 0 0 0 0
6 3 2 6 2 2 5 1 17 6 16 30 8 12 6 2 1 1 2 8 2 6 15 8 6 11 15 13 8 11 50 32 18 12 12 31 14 10 8 6 9 28 11 8 11 13 18 29 55 40 57 28 19 17 16 13 19 16 15 38 17 8 11 10 6 7 6 3 2 3 2 2 2 2 3 7 6 4 7 4 3 2 2 1 1 0 0 0 0 0 0 0 0 0 0 0
2 12 6 8 5 8 19 12 5 5 2 1 3 2 3 10 3 2 5 1 12 3 22 20 7 12 18 13 7 3 7 28 45 18 6 19 23 9 22 15 13 7 23 26 14 15 31 25 46 33 64 34 18 18 15 13 16 14 9 17 21 12 5 4 2 3 5 4 2 1 2 1 1 1 1 2 3 2 4 2 2 1 2 1 0 0 0 0 0 0 0 0 0 0 0 0
2 2 0 4 4 0 1 1 5 3 8 8 8 10 5 6 9 6 6 4 3 3 22 48 17 16 20 25 13 4 4 4 41 20 23 17 33 8 26 31 19 8 7 26 19 26 22 25 40 25 10 14 25 24 23 22 9 7 3 3 7 3 4 2 3 2 3 2 2 1 1 1 1 1 1 0 1 1 3 1 1 0 0 0 0 0 0 0 0 0 0 0 0 0 0 0
1 2 1 0 1 2 1 1 1 4 2 3 2 1 4 10 3 2 4 12 6 40 16 39 35 20 32 26 31 11 5 7 5 22 23 27 37 11 28 18 19 22 17 14 29 18 23 41 41 39 34 18 24 14 15 15 9 4 2 2 2 2 2 1 1 1 1 1 1 1 0 0 0 0 0 0 0 0 1 1 0 0 0 0 0 0 0 0 0 0 0 0 0 0 0 0
2 1 1 1 1 3 1 1 2 2 1 1 2 1 3 4 2 3 2 3 28 16 12 12 63 21 7 7 7 5 6 3 8 3 8 13 82 58 20 29 20 10 16 19 12 25 18 24 52 54 52 32 21 14 14 12 3 2 1 4 9 9 5 5 4 3 3 1 0 0 0 0 0 0 0 0 0 0 0 0 0 0 0 0 0 0 0 0 0 0 0 0 0 0 0 0
1 0 0 0 0 0 0 1 0 0 1 1 2 0 1 4 2 3 6 30 15 13 38 31 56 40 12 8 9 12 11 12 5 7 8 6 4 6 21 18 12 24 9 18 17 30 33 26 53 38 49 48 36 22 13 5 3 3 6 9 18 25 27 20 4 6 3 3 2 1 1 0 0 0 0 0 0 0 0 0 0 0 0 0 0 0 0 0 0 0 0 0 0 0 0 1
0 0 0 0 0 0 0 0 0 0 0 0 1 1 1 1 1 3 6 5 8 12 5 3 7 6 4 7 20 24 12 29 23 9 8 6 6 6 5 16 12 30 19 10 28 22 43 31 32 22 31 29 23 21 9 11 8 9 18 24 29 27 21 21 13 6 8 9 7 7 4 3 1 0 1 2 0 0 0 0 0 0 0 0 0 0 0 0 0 0 0 0 0 0 0 0
0 0 0 0 0 0 0 1 3 2 2 0 0 1 1 0 1 3 15 9 18 5 10 6 4 7 23 14 16 19 32 22 13 16 20 4 2 3 7 10 8 15 25 26 28 27 21 17 42 25 22 21 15 9 13 20 12 27 33 25 38 32 33 24 20 17 15 22 22 15 10 3 1 1 3 2 1 1 0 0 1 0 0 0 0 0 0 0 0 0 0 0 0 0 0 0
0 0 0 0 0 1 0 2 7 9 5 3 1 0 1 1 1 6 9 5 3 5 11 9 7 8 16 8 4 12 13 8 4 8 19 11 5 4 8 5 4 8 8 10 19 20 23 18 29 26 15 9 15 19 31 28 30 37 39 39 28 40 42 31 48 24 29 25 28 26 7 3 1 2 3 2 3 1 0 1 0 0 0 0 0 0 0 0 0 0 0 0 0 0 0 0
0 0 0 0 1 0 1 1 0 2 7 8 5 8 8 8 19 5 6 14 3 2 12 5 8 13 8 7 4 11 13 14 14 11 19 10 6 18 16 5 4 19 10 16 14 9 24 14 17 14 12 18 29 39 38 44 35 32 32 38 30 44 48 56 54 45 33 28 30 23 15 11 20 9 3 4 2 1 1 1 0 0 0 0 0 0 0 0 0 0 0 0 0 0 0 0
0 0 0 0 2 1 3 21 14 8 9 24 14 12 24 14 41 42 35 20 7 19 2 2 3 3 14 17 17 26 8 43 49 17 6 9 3 12 12 7 24 11 11 11 17 12 16 17 17 18 28 28 46 58 56 44 58 38 45 43 34 54 54 55 49 46 38 33 35 33 27 8 4 1 1 2 4 2 0 2 1 0 0 0 0 0 0 0 0 0 0 0 0 0 0 0
0 0 2 0 0 4 10 15 27 4 5 32 7 6 18 9 10 4 11 26 5 10 6 5 3 7 11 19 22 38 16 11 12 36 15 13 5 22 10 10 14 24 20 21 25 38 42 39 15 45 51 44 46 59 66 66 38 27 67 50 41 49 51 40 56 61 20 50 52 31 27 17 11 4 1 5 11 4 1 1 1 1 0 0 0 0 0 0 0 0 0 0 0 0 0 0
2 0 1 5 1 0 1 2 3 18 2 20 8 10 16 6 2 4 11 6 5 3 8 4 7 14 16 8 6 24 16 12 7 6 9 7 16 21 9 8 31 36 20 49 44 28 32 20 20 46 61 50 50 78 49 45 43 27 72 44 38 45 60 63 53 47 42 52 31 21 22 14 13 18 8 7 9 5 3 2 1 1 0 0 0 0 0 0 0 0 0 0 0 0 0 0
7 9 1 6 5 12 14 5 2 3 13 49 27 3 31 5 8 6 13 7 4 3 17 7 13 11 14 13 11 10 7 9 11 16 21 13 26 4 9 18 30 32 47 52 37 21 14 24 42 33 49 64 76 42 30 44 44 30 72 42 69 36 61 40 40 72 55 36 54 29 20 23 42 39 11 2 4 8 3 2 1 1 1 0 0 0 0 0 0 0 0 0 1 0 0 2
5 8 13 6 10 40 18 44 28 2 10 37 2 6 30 17 9 4 27 3 3 3 7 5 22 15 8 7 8 3 2 9 22 12 30 8 34 7 24 19 45 45 59 32 30 24 24 42 44 38 36 60 61 35 45 57 51 39 72 71 47 59 52 62 76 61 57 50 39 22 24 63 38 7 12 12 7 6 3 2 1 1 0 0 0 0 0 0 0 0 0 0 0 0 2 3
14 22 25 43 36 42 46 63 39 14 10 10 14 3 30 13 9 6 4 3 3 5 14 5 10 8 8 21 15 16 17 20 12 6 9 16 47 18 21 28 52 56 43 31 16 33 32 59 61 37 34 50 39 25 38 63 32 62 58 60 67 33 48 79 79 59 54 37 46 52 40 41 24 19 17 6 4 4 3 2 1 1 0 0 0 0 0 0 0 0 0 0 0 0 2 16
1 27 44 24 53 8 32 53 55 55 44 45 24 3 34 48 22 5 8 5 3 8 11 7 5 9 18 4 6 7 3 7 6 18 45 22 35 13 14 27 52 36 27 12 26 45 34 42 63 39 41 47 18 37 60 52 22 55 36 74 56 62 75 71 59 48 60 40 25 11 13 9 6 3 2 2 1 1 1 1 0 0 0 0 0 0 0 0 0 0 0 1 1 1 3 11
3 5 14 4 2 3 5 6 10 4 6 15 43 6 4 28 52 29 18 12 6 6 3 5 16 4 9 9 26 23 5 11 14 18 56 44 55 21 14 32 31 17 12 29 44 40 31 37 56 28 43 54 42 55 72 45 53 25 50 59 39 66 60 25 14 19 15 27 46 42 40 32 37 16 5 1 1 1 1 1 1 1 0 0 0 0 1 0 0 0 0 0 1 5 11 14
3 4 2 3 5 18 26 8 13 2 5 4 2 1 5 2 5 7 3 3 2 12 5 8 3 15 11 18 9 16 16 38 23 26 44 48 32 25 23 37 17 19 24 41 44 34 42 20 38 42 42 76 81 60 68 80 84 64 81 81 81 88 69 78 61 55 54 50 36 13 21 17 12 11 11 9 5 3 1 1 1 0 0 0 0 0 1 1 1 1 1 0 1 2 7 21
4 6 5 6 11 18 30 22 7 6 11 6 7 5 5 7 6 2 2 3 4 16 5 6 14 14 6 38 28 19 32 44 27 29 49 16 9 17 9 34 27 20 25 32 37 37 42 25 34 53 52 68 69 69 24 42 79 87 86 69 28 23 49 47 81 59 49 63 29 17 13 15 22 9 3 2 1 2 1 1 0 0 0 0 0 1 1 3 3 1 2 1 1 2 9 10
3 1 4 5 9 11 23 15 3 6 6 8 20 13 5 6 3 4 4 4 1 3 24 14 8 2 7 17 20 15 14 24 34 15 30 7 14 12 4 33 21 25 31 34 25 38 54 39 65 77 48 31 33 27 20 23 63 71 66 41 61 48 44 55 48 44 43 26 44 31 32 15 14 10 6 4 2 2 0 0 0 0 0 0 0 1 2 6 10 5 4 2 2 9 14 15
