sesion_6_simulaciones/modelos_agentes/ejemplos_netlogo/scenarios/cgcm2_b2/rob_2013.asc
NCOLS 322 
NROWS 307 
XLLCORNER 451900 
YLLCORNER 4086900 
CELLSIZE 100 
NODATA_value -9999 
[rows 75 to 149 of 307, columns 96 to 191 of 322]
38 39 34 20 12 17 23 27 17 33 36 31 22 29 45 66 47 54 61 77 93 80 81 63 41 37 22 14 33 16 34 82 62 60 58 57 30 21 31 16 27 65 70 59 76 58 50 79 79 38 43 34 48 72 32 37 56 70 52 34 59 62 77 67 67 50 43 57 70 75 48 83 55 63 58 42 61 30 23 46 46 31 7 6 9 8 4 4 6 4 5 5 2 1 0 0
48 31 26 19 14 23 12 32 15 30 43 17 22 41 34 38 49 71 62 74 86 87 87 80 47 32 26 15 27 41 73 82 72 65 62 63 60 36 42 50 41 37 48 30 42 64 46 67 60 55 31 25 52 46 51 53 65 74 45 46 58 41 76 75 67 49 64 59 84 67 45 74 72 63 73 63 34 24 77 46 26 20 30 18 26 24 18 23 20 10 9 7 3 2 1 0
50 17 29 22 16 13 14 21 16 18 59 25 24 30 34 44 70 42 67 71 86 89 73 67 67 21 18 30 55 58 74 48 64 48 58 31 73 58 34 62 35 26 23 16 38 45 68 64 42 73 71 57 55 22 33 44 69 50 51 37 63 41 75 64 53 31 66 74 77 49 42 56 81 54 77 51 49 50 69 39 46 39 32 44 53 43 43 20 17 22 9 8 3 2 1 1
41 21 26 23 26 9 13 16 6 26 48 42 28 22 36 42 47 61 79 57 59 64 74 79 48 39 51 69 79 65 67 49 57 55 23 47 57 58 44 57 58 25 19 30 43 44 58 68 40 79 77 73 81 68 66 36 41 38 48 37 54 41 33 48 30 35 49 72 60 42 53 52 82 71 54 27 63 65 49 48 63 75 81 68 63 55 23 24 27 10 10 5 3 4 3 4
45 45 12 32 33 17 5 14 5 17 12 37 27 24 28 7 36 79 49 62 56 39 60 76 52 38 82 79 79 77 81 63 25 22 35 68 73 34 42 50 63 29 25 46 44 39 40 81 80 71 71 73 85 56 82 75 70 46 28 18 38 48 30 31 40 47 53 64 37 36 54 62 61 49 80 77 40 44 66 69 76 71 63 62 45 49 40 47 24 9 9 4 4 6 12 5
61 67 38 31 10 8 5 4 4 20 8 4 22 35 10 24 65 45 37 36 47 28 16 55 65 74 81 71 78 68 89 85 51 50 67 81 61 51 19 38 78 52 31 39 51 68 42 33 78 58 62 87 79 72 85 64 68 83 78 75 77 40 73 51 39 16 41 54 57 69 57 16 20 22 33 64 73 86 58 80 72 54 73 56 43 42 51 50 27 18 15 11 30 22 4 4
32 30 39 5 4 5 7 5 5 8 7 1 4 11 18 28 17 43 51 38 32 49 14 23 59 75 77 52 45 60 64 52 68 62 71 76 79 73 33 41 76 68 30 31 56 50 32 19 49 28 65 80 67 90 85 63 84 68 55 66 80 49 59 69 60 45 64 63 79 49 66 37 38 40 48 24 29 71 73 77 55 66 77 63 44 50 67 46 36 26 26 33 38 20 5 13
43 46 27 8 7 8 11 8 3 6 10 1 5 14 19 13 12 56 40 27 30 65 38 34 64 90 67 21 47 57 42 48 22 24 87 78 47 46 27 61 81 78 42 37 43 36 31 35 32 54 56 82 85 89 75 74 78 63 81 65 79 62 61 62 61 63 42 50 70 41 78 87 77 66 53 46 33 24 55 86 91 59 72 66 43 75 53 35 43 53 38 55 25 17 11 31
6 12 35 29 2 2 7 8 14 6 6 2 8 29 18 5 10 65 22 40 35 32 25 57 44 56 34 46 63 53 42 39 25 60 91 80 58 40 26 67 57 38 57 29 30 21 25 29 27 40 36 69 72 86 69 69 82 60 84 75 68 67 44 50 67 44 75 42 55 67 81 83 69 54 64 43 33 38 24 79 78 68 44 64 75 42 46 47 57 44 45 27 15 20 19 60
2 4 6 14 17 2 5 3 2 11 9 3 8 30 15 8 13 56 28 33 15 10 57 57 54 46 25 56 62 50 27 17 60 90 88 87 82 55 58 69 67 27 53 42 41 49 35 23 29 12 8 31 76 86 61 67 60 70 92 79 65 57 38 31 84 53 82 60 48 63 81 79 45 45 65 52 45 44 32 30 76 82 78 60 34 67 74 71 57 65 20 33 28 52 29 63
2 3 5 3 10 10 7 5 3 6 13 3 8 36 15 15 13 23 31 45 43 10 22 29 65 54 53 63 65 71 44 79 89 80 77 87 81 59 43 69 57 32 58 48 46 48 42 26 31 20 20 40 74 80 54 50 55 88 89 81 59 29 49 68 83 65 87 74 61 45 75 63 68 77 82 58 49 48 31 28 37 79 65 82 82 50 74 34 70 37 30 54 40 73 44 60
1 1 0 0 2 5 2 1 2 4 5 3 15 35 12 3 10 8 23 33 47 38 14 20 22 28 57 78 52 52 77 83 84 69 77 78 60 79 63 64 53 77 64 75 53 60 62 57 37 33 22 40 64 88 62 46 76 75 88 71 57 41 43 62 89 64 85 72 64 44 67 54 49 30 68 48 23 45 32 22 13 56 75 65 55 84 60 56 59 55 55 67 67 74 69 33
1 0 0 0 2 1 0 1 1 3 1 5 28 17 3 2 4 7 19 22 32 66 27 13 11 17 59 59 72 32 78 63 62 72 84 79 59 76 51 62 66 91 53 81 67 61 47 31 30 25 18 15 37 77 57 72 64 80 91 62 40 45 59 82 79 59 75 66 54 23 27 33 57 62 78 65 41 50 50 47 50 15 59 65 63 74 83 84 90 74 82 84 67 32 78 18
1 1 0 0 1 1 1 1 2 1 2 5 13 17 3 1 17 13 8 10 15 25 45 43 24 14 29 45 65 74 61 78 75 47 49 41 45 69 29 56 90 79 63 55 48 64 46 52 53 51 45 17 20 44 42 60 67 82 82 57 54 70 79 83 80 49 62 67 55 30 27 42 66 62 56 88 56 40 46 49 47 28 21 53 72 85 77 51 50 61 59 75 65 28 40 55
1 1 0 0 0 0 0 3 1 1 1 3 27 8 2 1 8 4 10 15 13 22 34 34 34 16 21 8 21 62 41 50 58 49 50 47 34 30 48 85 50 76 46 28 44 76 63 58 59 56 39 32 14 15 13 37 56 63 76 47 42 62 58 87 83 50 63 76 35 14 15 34 34 53 88 84 62 62 30 61 37 50 44 14 48 74 70 67 64 58 38 36 46 24 12 23
1 1 0 0 0 0 0 1 1 0 3 9 17 16 2 1 3 1 5 22 21 21 6 12 28 17 18 16 45 73 67 58 32 47 32 19 24 25 60 42 38 44 23 57 82 70 68 64 45 30 26 20 14 11 4 5 28 47 65 33 64 63 86 89 89 49 79 60 48 28 18 26 51 72 90 53 58 90 52 55 46 51 55 32 12 50 55 41 24 36 31 26 18 25 21 17
2 1 1 0 0 0 0 0 1 1 2 9 5 3 5 1 5 1 0 3 4 16 6 7 7 4 10 25 56 70 35 43 60 53 48 19 13 29 74 18 47 53 69 76 78 61 82 41 31 35 60 51 53 43 33 9 3 2 14 32 38 67 76 86 86 53 90 59 56 45 22 27 48 86 73 39 77 76 70 45 60 59 55 41 24 7 18 36 29 29 14 22 40 41 28 23
1 1 0 0 0 0 0 0 0 1 2 4 3 1 1 1 5 1 0 5 3 4 3 5 8 8 5 24 8 21 30 25 33 28 6 14 29 44 42 22 59 63 81 65 60 50 89 80 76 57 55 50 43 22 21 5 2 2 3 16 46 78 71 82 70 43 76 65 29 24 28 49 46 71 41 58 83 74 84 81 60 62 44 38 36 21 5 9 10 15 27 32 40 35 29 21
0 0 0 0 0 0 0 0 0 0 1 3 2 2 1 0 3 1 0 2 1 2 2 4 3 8 9 14 7 1 5 7 5 5 18 27 62 68 39 39 21 63 90 55 35 84 79 69 80 59 56 41 24 25 18 18 7 3 3 29 62 56 78 81 74 72 74 75 52 18 33 30 37 20 31 73 74 45 80 52 52 45 41 36 39 26 26 9 3 13 23 47 49 34 29 10
1 0 1 1 1 0 0 0 0 0 1 1 1 1 1 0 1 0 0 1 1 1 1 1 2 5 5 5 6 4 1 1 3 11 17 55 66 34 50 49 30 75 83 48 72 65 75 54 87 63 70 52 59 59 50 28 11 3 4 8 45 39 68 74 67 54 64 70 57 24 20 37 44 44 51 60 70 89 62 73 43 32 47 39 26 39 47 32 8 6 9 6 13 12 14 9
2 2 1 2 2 1 1 1 1 0 0 0 0 0 0 0 0 0 0 0 0 1 0 0 1 2 3 3 3 7 1 1 3 13 53 65 34 21 57 60 42 62 67 49 47 74 66 63 88 67 53 67 51 53 49 28 11 4 2 3 4 29 54 57 55 36 58 48 24 7 21 47 24 48 71 67 76 58 44 88 54 43 45 45 67 48 25 25 26 22 14 4 2 2 3 4
6 2 4 3 4 2 3 1 1 1 0 0 0 0 0 0 0 0 0 0 0 0 0 0 0 0 3 2 2 1 1 1 5 38 33 38 8 27 74 40 23 33 37 14 32 78 59 84 88 78 53 67 73 34 11 11 11 10 7 4 5 9 24 30 41 33 21 23 9 11 27 32 31 53 66 76 61 62 69 81 77 45 52 77 71 62 41 32 32 29 30 19 8 3 1 2
7 7 8 4 6 4 2 2 1 1 1 0 0 0 0 0 0 0 0 0 0 0 0 0 0 0 1 3 1 1 2 0 6 21 12 6 11 44 60 41 14 26 18 18 65 59 46 61 91 90 48 47 45 50 26 10 2 4 5 9 6 8 6 10 5 14 18 15 7 21 34 39 36 39 64 57 52 74 44 33 78 69 68 73 72 50 47 35 21 23 27 18 13 4 3 1
13 7 11 11 7 4 3 4 2 2 1 1 1 0 0 0 0 0 0 0 0 0 0 0 0 0 0 2 0 0 2 0 2 7 3 6 8 21 18 22 16 18 10 45 52 20 56 90 89 82 82 29 10 12 7 8 3 3 7 12 6 11 5 3 3 7 6 5 7 23 25 45 24 48 57 53 71 40 54 51 83 56 46 45 50 65 61 38 26 16 25 16 15 10 7 2
11 6 15 13 4 4 2 2 3 2 1 1 1 1 0 0 0 0 0 0 0 0 0 0 0 0 0 0 0 1 1 0 0 1 2 8 10 18 53 28 22 14 25 27 30 34 47 89 83 72 93 70 34 33 24 9 3 2 1 2 11 7 4 2 3 6 4 4 7 17 31 42 37 18 27 31 43 43 47 63 28 79 59 61 60 65 56 56 56 32 24 21 21 24 9 4
6 14 35 14 10 4 8 3 6 4 1 2 1 0 0 0 0 0 0 0 0 0 0 0 0 0 0 0 0 1 0 0 0 0 2 8 12 2 8 8 15 11 11 15 17 25 58 81 72 75 85 87 36 15 9 5 4 4 3 0 1 2 2 2 2 3 3 3 5 13 21 36 33 42 12 25 46 46 30 44 79 59 51 68 68 62 62 66 52 58 40 41 34 25 13 8
9 19 34 14 10 8 3 4 6 4 3 2 1 1 0 1 0 0 0 0 0 0 0 0 0 0 0 0 0 1 0 0 1 1 2 2 3 3 2 1 8 15 7 5 12 47 71 69 53 53 76 80 54 27 24 21 16 8 5 1 0 2 1 1 2 1 1 3 8 13 13 20 19 22 36 38 35 57 87 87 82 91 74 68 60 55 59 64 72 55 64 50 36 27 21 17
14 30 9 9 12 7 5 3 6 5 1 1 2 1 1 0 0 1 1 1 1 1 0 0 0 0 0 0 0 0 0 0 0 1 1 1 2 3 3 1 2 17 8 2 14 21 66 51 13 12 29 66 80 56 29 20 13 6 3 1 0 2 1 0 1 1 2 5 8 13 12 16 23 44 64 72 63 82 81 80 75 68 63 46 44 63 77 66 62 64 67 60 51 47 33 22
40 11 14 10 5 8 8 5 1 2 2 2 2 2 1 1 1 1 1 1 1 1 1 1 1 0 0 0 0 0 0 0 0 0 1 2 3 2 2 1 1 3 6 2 7 10 28 12 6 10 31 49 76 62 40 19 15 7 2 2 0 1 0 0 1 1 2 8 8 11 15 15 44 57 80 64 75 70 74 61 31 29 44 67 39 66 70 64 76 83 70 44 23 15 9 6
13 16 25 35 22 11 2 1 2 4 3 3 1 2 2 2 2 2 2 2 2 2 1 1 1 1 0 0 0 0 0 0 0 0 1 3 5 3 3 1 1 1 1 0 2 4 3 5 8 18 27 61 79 59 47 35 22 12 8 2 1 0 0 0 1 2 3 3 3 7 21 24 31 41 47 64 65 58 42 32 44 44 76 67 88 76 57 74 85 71 52 46 38 25 18 13
36 38 26 6 4 6 6 2 4 7 5 4 3 3 2 4 2 3 3 3 1 3 3 2 1 0 0 0 0 0 0 0 0 0 0 1 1 2 3 1 1 1 1 0 1 3 5 23 41 46 77 59 80 69 56 27 24 9 4 2 1 1 0 0 0 0 1 4 9 8 16 34 19 27 29 49 56 22 14 29 32 60 82 65 82 68 90 74 74 58 54 52 37 34 31 23
35 17 18 13 11 5 7 3 10 9 7 7 12 5 8 6 5 7 5 3 3 3 4 1 1 1 0 0 0 0 0 0 0 0 0 0 1 3 3 1 0 1 1 1 1 4 13 8 30 35 37 42 83 67 46 18 8 4 2 1 0 0 0 0 0 0 2 6 11 8 12 30 26 18 16 28 20 27 52 53 42 78 71 61 72 83 70 79 64 58 43 48 45 49 36 48
19 14 7 5 4 3 2 6 14 13 11 20 12 12 12 10 12 3 3 8 4 6 4 1 1 0 0 0 0 0 0 0 0 0 0 0 0 1 1 1 0 1 1 1 2 3 2 5 16 50 22 45 67 40 35 20 9 4 1 1 0 0 0 0 0 0 1 3 11 8 9 3 10 19 14 29 39 44 44 44 53 78 65 56 62 62 43 81 47 51 58 63 60 38 65 61
9 14 16 16 12 5 4 9 16 31 26 24 14 18 28 23 8 5 4 14 6 3 3 2 1 1 1 0 0 0 0 0 0 0 0 0 0 0 0 0 0 0 0 1 2 1 2 6 30 7 7 30 70 39 18 7 4 3 2 1 0 0 0 0 0 0 1 1 3 6 5 5 15 12 20 33 53 69 69 72 79 89 63 39 35 49 72 88 87 65 59 59 47 57 64 59
23 37 21 30 12 9 11 20 22 37 34 10 10 22 18 10 7 7 11 24 5 3 3 2 1 1 1 0 0 0 0 0 0 0 0 0 0 0 0 0 0 0 0 0 0 1 3 2 16 3 13 41 65 21 7 6 3 1 1 1 0 0 0 0 0 0 0 0 2 2 6 10 20 20 51 60 82 48 37 31 86 81 78 50 18 56 78 93 88 82 89 63 74 53 38 74
48 44 58 40 16 31 31 34 55 46 26 15 18 33 18 25 6 11 30 8 4 3 4 3 3 2 1 0 0 0 0 0 0 0 0 0 0 0 0 0 0 0 0 0 0 1 2 2 1 3 12 45 56 19 10 6 2 1 1 0 0 0 0 0 0 0 0 1 3 5 9 12 22 36 54 52 27 31 30 79 77 81 82 84 34 61 83 83 79 72 75 72 47 50 27 35
68 62 38 26 29 42 44 56 29 39 13 31 31 59 38 19 8 28 5 3 8 4 2 1 1 1 1 1 1 0 0 0 0 0 0 0 0 0 0 0 0 0 0 0 1 2 1 2 0 1 5 23 64 47 9 5 2 1 1 0 0 0 0 0 0 0 1 2 6 9 10 16 23 23 28 38 40 59 76 80 79 77 63 80 62 60 57 32 20 19 62 82 67 43 22 18
76 60 40 27 39 57 61 14 51 21 27 44 57 55 26 14 31 19 8 3 2 4 1 1 2 2 3 1 2 1 1 1 0 0 0 0 0 0 0 0 0 0 0 0 0 1 0 1 0 1 3 2 21 25 7 3 1 1 0 0 0 0 0 0 0 0 1 1 2 5 7 9 13 22 51 69 62 68 76 63 69 56 38 65 49 29 32 44 61 71 89 39 54 43 19 13
47 61 43 39 55 75 74 30 62 55 67 53 76 37 24 27 34 9 8 6 17 6 2 2 3 6 3 4 3 4 1 0 0 0 0 0 0 0 0 0 0 0 0 0 0 0 0 1 0 1 1 12 15 6 5 3 2 1 0 0 0 0 0 0 0 0 0 1 2 3 4 6 13 17 17 25 29 43 84 46 65 73 49 33 19 20 56 67 64 80 80 61 42 51 45 35
88 45 62 66 73 53 47 57 59 52 54 53 48 42 36 58 17 21 13 30 19 7 8 5 3 8 10 9 11 4 3 1 0 0 0 0 0 0 0 0 0 0 0 0 0 0 1 0 0 1 6 11 18 3 3 4 2 1 1 0 0 0 0 0 0 0 0 0 1 1 1 3 3 6 18 34 39 47 74 66 53 66 82 25 13 30 44 54 76 70 66 81 55 54 34 37
75 93 87 89 84 54 21 12 52 31 55 73 83 70 54 57 53 63 39 46 26 21 16 12 11 15 23 25 6 5 2 1 1 1 0 0 0 0 0 0 0 0 0 0 0 0 0 0 0 1 2 11 12 2 3 3 2 1 0 0 0 0 0 0 0 0 0 1 1 3 5 11 21 22 17 23 42 78 72 75 74 47 44 50 15 25 55 61 48 36 76 87 57 43 50 55
58 84 66 76 76 54 71 29 53 36 15 23 72 78 81 51 34 36 48 46 39 33 39 20 29 27 33 16 14 10 6 3 2 2 1 0 0 0 0 0 0 0 0 0 0 0 0 0 0 0 1 1 4 1 3 1 2 1 0 0 0 0 0 0 0 0 0 1 2 6 16 15 9 22 51 38 58 78 77 88 76 50 34 22 3 11 19 40 66 83 89 64 87 56 51 56
35 79 55 67 68 59 82 53 29 63 34 24 46 65 54 45 55 27 58 77 76 56 34 22 54 33 30 17 10 6 6 3 3 3 2 1 1 0 0 0 0 0 0 0 0 0 0 0 0 0 0 1 5 2 4 3 1 1 0 0 0 0 0 0 0 0 1 1 2 6 18 32 44 42 63 72 83 78 74 85 81 38 16 10 5 12 34 56 54 90 57 77 83 87 60 56
33 70 54 43 66 40 46 15 35 63 36 14 4 32 44 39 48 27 24 53 65 20 56 15 40 36 36 16 12 3 5 9 7 6 4 1 0 0 0 0 0 0 0 0 0 0 0 0 0 0 0 1 4 1 1 0 1 1 1 0 0 0 0 0 0 0 1 1 2 5 11 24 23 19 24 43 83 60 80 78 84 73 11 5 4 15 42 28 65 82 69 78 65 59 52 65
7 21 15 28 49 36 37 8 34 75 24 9 5 10 41 36 35 32 8 16 29 19 20 35 9 9 49 12 5 2 1 2 3 2 2 2 1 1 1 0 0 0 0 0 0 0 0 0 0 0 0 1 1 2 1 0 0 0 0 0 0 0 0 0 0 0 0 1 1 3 6 6 12 29 38 60 89 90 69 52 62 68 35 5 2 9 12 34 72 54 53 24 20 29 42 61
6 19 38 24 31 19 43 21 36 75 41 12 9 11 35 48 18 2 2 6 9 4 11 41 10 4 31 16 17 3 0 2 5 3 1 3 2 1 0 0 0 0 0 0 0 0 0 0 0 0 0 1 0 1 0 0 0 0 0 0 0 0 0 0 0 0 0 0 1 2 6 10 29 34 51 83 89 86 77 28 28 37 28 8 2 6 19 42 36 19 27 60 68 59 66 79
10 5 4 5 10 16 43 10 31 39 73 19 7 5 7 5 3 2 2 7 5 4 3 29 4 14 15 12 25 24 4 2 2 1 2 2 1 1 0 0 0 0 0 0 0 0 0 0 0 0 0 1 0 0 0 1 0 0 0 0 0 0 0 0 0 0 2 1 3 10 22 48 62 47 71 92 86 83 68 37 4 11 19 16 3 6 15 32 25 37 87 61 48 54 46 80
11 10 3 3 7 13 29 20 10 19 58 20 3 1 7 6 3 7 2 2 3 3 3 28 3 3 11 7 12 17 6 4 5 1 1 1 0 0 0 0 0 0 0 0 0 0 0 0 0 0 0 0 0 0 0 0 0 0 0 0 0 0 0 0 0 0 1 3 12 20 50 32 24 47 79 89 80 60 54 50 28 5 13 11 2 6 16 14 16 64 58 50 62 79 25 9
10 12 6 3 5 3 22 24 20 6 55 14 2 1 4 5 6 7 3 2 3 3 1 6 15 1 2 3 10 27 5 1 2 1 1 2 1 1 0 0 0 0 0 0 0 0 0 0 0 0 0 0 0 0 0 0 0 0 0 0 0 0 0 0 0 0 1 3 8 11 6 13 40 53 68 65 66 46 32 19 25 5 3 4 3 11 9 8 38 76 36 53 65 73 66 19
15 7 6 2 2 2 10 32 7 7 34 19 7 1 3 4 11 6 4 3 3 5 2 2 29 2 3 3 8 9 12 5 4 5 2 1 1 1 0 0 0 0 0 0 0 0 0 0 0 0 1 0 0 0 0 0 0 0 0 0 0 0 0 0 0 0 2 3 3 3 14 28 49 83 62 37 58 18 8 6 16 5 3 0 1 6 9 21 61 31 32 50 79 61 64 27
35 4 6 2 1 2 4 6 1 1 36 10 1 0 2 4 9 6 8 4 5 3 3 2 6 2 1 3 5 4 8 11 3 2 1 0 1 1 0 0 0 0 0 0 0 0 0 0 0 0 0 0 0 0 0 0 0 0 0 0 0 0 0 0 0 1 1 1 1 3 21 35 73 75 65 29 15 22 4 4 11 3 1 0 2 9 17 30 40 10 43 79 69 67 77 37
3 6 2 2 1 1 1 3 2 3 11 3 1 0 2 2 7 1 5 2 2 3 2 2 3 5 1 1 0 2 3 7 2 1 1 1 0 0 0 0 0 0 0 0 0 0 0 0 0 0 0 0 0 0 0 0 0 0 0 0 0 0 0 0 0 0 0 0 2 11 25 37 73 70 40 21 9 11 11 2 2 1 0 0 2 4 11 31 14 18 59 48 55 62 58 51
3 2 4 3 1 1 0 0 0 1 2 1 3 1 1 1 6 1 1 3 1 1 0 3 4 7 1 0 0 1 3 6 6 2 1 0 0 0 0 0 0 0 0 0 0 0 0 0 0 0 0 0 0 0 0 0 0 0 0 0 0 0 0 0 0 0 0 0 3 13 29 62 55 47 27 17 7 5 7 2 1 1 0 0 1 3 12 16 11 9 16 35 35 37 53 62
6 3 2 4 4 2 1 0 0 1 1 0 2 2 0 1 3 2 1 1 0 1 0 6 2 2 1 0 0 0 1 1 4 3 1 1 0 0 0 0 0 0 0 0 0 0 0 0 0 0 0 0 0 0 0 0 0 0 0 0 0 0 0 0 0 0 0 1 4 26 38 63 54 29 9 3 2 1 2 2 1 0 0 0 1 2 5 6 4 4 14 15 11 28 50 69
7 3 1 2 2 3 1 0 0 1 1 0 0 1 0 1 1 2 0 0 0 0 0 1 0 0 2 0 0 0 0 1 3 4 1 0 1 1 1 0 0 0 0 0 0 0 0 0 0 0 0 0 0 0 0 0 0 0 0 0 0 0 0 0 0 0 0 1 5 46 50 42 55 37 10 3 1 0 0 1 1 0 0 0 1 1 3 2 1 8 16 28 61 54 71 65
27 6 2 0 1 2 4 0 0 1 1 0 0 0 0 0 1 1 0 0 0 0 0 0 0 0 1 0 0 0 0 0 1 5 2 1 0 0 0 0 0 0 0 0 0 0 0 0 0 0 0 0 0 0 0 0 0 0 0 0 0 0 0 0 0 0 1 3 11 20 58 57 28 37 20 5 2 0 0 0 0 0 0 0 0 0 1 0 2 7 15 53 61 56 57 63
11 39 4 1 0 1 0 0 0 1 0 0 1 0 0 0 0 1 0 0 0 0 0 0 0 0 0 0 0 0 0 0 0 1 3 1 0 0 1 0 0 0 0 0 0 0 0 0 0 0 0 0 0 0 0 0 0 0 0 0 0 0 0 0 0 0 1 1 4 15 42 30 19 14 21 5 1 0 0 0 0 0 0 0 0 0 0 1 3 9 31 39 26 48 65 65
1 16 25 6 1 0 0 1 0 0 0 0 1 0 0 0 0 1 0 0 0 0 0 0 0 0 0 0 0 0 0 0 0 0 0 2 1 0 0 0 0 0 0 0 0 0 0 0 0 0 0 0 0 0 0 0 0 0 0 0 0 0 0 0 0 0 0 1 13 25 28 20 10 7 7 4 1 0 0 0 0 0 0 0 0 1 1 1 2 9 12 11 18 49 69 58
1 5 6 12 2 1 0 1 1 0 0 0 0 0 0 0 0 0 1 0 0 0 0 0 0 0 0 0 0 0 0 0 0 0 0 0 2 1 0 0 0 0 0 0 0 0 0 0 0 0 0 0 0 0 0 0 0 0 0 0 0 0 0 0 0 0 0 1 10 27 26 32 14 2 1 2 1 1 0 0 0 0 0 0 0 1 3 6 2 2 3 11 27 50 76 49
1 2 1 4 1 1 0 0 0 0 0 0 0 0 0 0 0 0 0 0 0 0 0 0 0 0 0 0 0 0 0 0 0 0 0 0 1 0 1 0 0 0 0 0 0 0 0 0 0 0 0 0 0 0 0 0 0 0 0 0 0 0 0 0 0 0 0 2 8 15 46 30 19 5 1 0 1 0 0 0 0 0 0 0 0 1 5 14 14 10 14 11 33 50 78 58
1 1 0 1 1 1 1 0 0 0 0 0 0 0 0 0 0 0 0 0 0 0 0 0 0 0 0 0 0 0 0 0 0 0 0 0 0 0 1 0 0 0 0 0 0 0 0 0 0 0 0 0 0 0 0 0 0 0 0 0 0 0 0 0 0 0 0 1 6 6 24 21 9 5 4 1 1 0 0 0 0 0 0 0 1 2 5 12 28 27 26 28 31 66 89 64
1 1 1 0 1 0 0 0 1 1 0 0 0 0 0 0 0 0 0 0 0 0 0 0 0 0 0 0 0 0 0 0 0 0 1 1 0 0 0 0 0 0 0 0 0 0 0 0 0 0 0 0 0 0 0 0 0 0 0 0 0 0 0 0 0 0 0 3 9 14 16 18 9 3 1 1 0 0 0 0 0 0 0 0 0 1 3 6 15 12 32 47 71 88 83 54
0 1 0 0 0 0 0 0 0 0 0 0 0 0 0 0 0 0 0 0 0 0 0 0 0 0 0 0 0 0 0 0 0 0 0 0 1 1 1 1 0 0 0 0 0 0 0 0 0 0 0 0 0 0 0 0 0 0 0 0 0 0 0 0 0 0 2 5 8 14 14 11 8 3 1 0 0 0 0 0 0 0 0 0 0 0 1 2 5 16 26 58 57 79 74 38
0 0 0 0 0 0 0 0 0 0 0 0 0 0 0 0 0 0 0 0 0 0 0 0 0 0 0 0 0 0 0 0 0 0 0 0 0 0 0 0 0 0 0 0 0 0 0 0 0 0 0 0 0 0 0 0 0 0 0 0 0 0 0 0 0 0 0 1 5 10 4 11 3 2 0 0 0 0 0 0 0 0 0 1 3 2 3 4 12 34 47 52 61 54 37 20
0 0 0 0 0 0 0 0 0 0 0 0 0 0 0 0 0 0 0 0 0 0 0 0 0 0 0 0 0 0 0 0 0 0 0 0 0 0 0 0 0 0 0 0 0 0 0 0 0 0 0 0 0 0 0 0 0 0 0 0 0 0 0 0 0 0 0 1 2 2 3 3 2 1 0 0 0 0 0 0 0 0 0 0 1 4 13 16 29 59 58 35 40 19 20 12
0 0 0 0 0 0 0 0 0 0 0 0 0 0 0 0 0 0 0 0 0 0 0 0 0 0 0 0 0 0 0 0 0 0 0 0 0 0 0 0 0 0 0 0 0 0 0 0 0 0 0 0 0 0 0 0 0 0 0 0 0 0 0 0 0 0 0 2 1 1 2 1 1 0 0 0 0 0 0 0 0 0 0 1 1 6 27 30 10 21 59 66 21 4 4 7
0 0 0 0 0 0 0 0 0 0 1 1 1 1 0 0 0 0 0 0 0 0 0 0 0 0 0 0 0 0 0 0 0 0 0 0 0 0 0 0 0 0 0 0 0 0 0 0 0 0 0 0 0 0 0 0 0 0 0 0 0 0 0 0 0 0 0 0 1 1 1 0 1 0 0 0 0 0 0 0 0 0 1 1 6 7 6 2 7 38 74 54 41 4 1 1
1 0 0 1 1 1 1 1 1 1 1 1 1 2 1 0 0 0 0 0 0 0 0 0 0 0 0 0 0 0 0 0 0 0 0 0 0 0 0 0 0 0 0 0 0 0 0 0 0 0 0 0 0 0 0 0 0 0 0 0 0 0 0 0 0 0 1 0 0 0 0 0 0 0 0 0 0 0 0 0 0 0 1 4 3 1 1 3 12 56 59 27 11 8 1 0
1 1 1 2 1 3 1 2 4 2 4 2 3 2 1 1 1 0 0 0 0 0 0 0 0 0 0 0 0 0 0 0 0 0 0 0 0 0 0 0 0 0 0 0 0 0 0 0 0 0 0 0 0 0 0 0 0 0 0 0 0 0 0 0 0 0 1 0 0 0 0 0 0 0 0 0 0 0 0 0 0 1 1 1 0 0 1 8 21 33 27 15 3 7 1 0
3 2 1 5 11 24 14 9 15 9 7 4 13 7 5 3 1 0 0 0 0 0 0 0 0 0 0 0 0 0 0 0 0 0 0 0 0 0 0 0 0 0 0 0 0 0 0 0 0 0 0 0 0 0 0 0 0 0 0 0 0 0 0 0 0 0 1 0 0 0 0 0 0 0 0 0 0 0 0 0 0 0 0 0 0 1 4 20 31 14 12 3 1 2 2 0
21 21 16 12 12 10 5 2 11 4 4 4 4 8 7 1 1 1 1 1 0 0 0 0 0 0 0 0 0 0 0 0 0 0 0 0 0 0 0 0 0 0 0 0 0 0 0 0 0 0 0 0 0 0 0 0 0 0 0 0 0 0 0 0 0 0 1 1 0 0 0 0 0 0 0 0 0 0 0 0 0 0 0 0 1 2 5 27 28 45 7 1 0 0 1 0
16 7 20 9 7 10 8 5 3 2 4 8 3 2 5 11 5 1 0 0 0 0 0 0 0 0 0 0 0 0 0 0 0 0 0 0 0 0 0 0 0 0 0 0 0 0 0 0 0 0 0 0 0 0 0 0 0 0 0 0 0 0 0 0 0 0 0 1 0 0 0 0 0 0 0 0 0 0 0 0 0 0 0 1 1 2 11 9 14 18 12 1 0 0 0 0
15 2 11 9 2 1 2 3 5 4 2 1 9 2 3 5 2 1 0 0 0 0 0 0 0 0 0 0 0 0 0 0 0 0 0 0 0 0 0 0 0 0 0 0 0 0 0 0 0 0 0 0 0 0 0 0 0 0 0 0 0 0 0 0 0 0 0 0 0 0 0 0 0 0 0 0 0 0 0 0 0 0 0 1 3 6 8 6 4 3 10 1 0 0 0 0
5 4 3 8 1 1 1 1 2 1 1 1 2 1 0 4 1 2 1 1 0 0 0 0 0 0 0 0 0 0 0 0 0 0 0 0 0 0 0 0 0 0 0 0 0 0 0 0 0 0 0 0 0 0 0 0 0 0 0 0 0 0 0 0 0 0 0 0 0 0 0 0 0 0 0 0 0 0 0 0 0 0 1 2 6 9 13 5 1 1 3 3 0 0 0 0
2 6 2 1 1 0 0 0 0 1 0 1 1 0 0 2 4 1 1 0 0 0 0 0 0 0 0 0 0 0 0 0 0 0 0 0 0 0 0 0 0 0 0 0 0 0 0 0 0 0 0 0 0 0 0 0 0 0 0 0 0 0 0 0 0 0 0 0 0 0 0 0 0 0 0 0 0 0 0 0 0 0 1 4 6 4 11 4 1 0 0 1 1 0 0 0
