sesion_6_simulaciones/modelos_agentes/ejemplos_netlogo/scenarios/cgcm2_b2/rob_2027.asc
NCOLS 322 
NROWS 307 
XLLCORNER 451900 
YLLCORNER 4086900 
CELLSIZE 100 
NODATA_value -9999 
[rows 0 to 74 of 307, columns 192 to 287 of 322]
34 29 13 8 23 46 20 9 7 8 9 3 2 1 2 1 1 1 1 1 1 1 0 1 1 2 1 2 3 8 2 0 0 0 0 0 0 0 0 0 1 0 0 2 3 4 3 7 13 19 11 14 20 32 37 51 41 79 46 36 9 13 19 47 59 44 60 56 26 37 22 11 16 18 39 23 20 38 53 29 15 14 12 12 10 7 21 21 21 25 10 24 35 56 19 6
48 25 29 27 31 48 14 19 26 13 7 5 7 6 3 3 3 1 1 1 1 1 0 0 0 2 1 1 0 1 6 2 0 0 0 0 0 0 0 0 1 0 0 0 1 1 3 4 11 43 61 43 30 34 39 40 65 61 60 19 25 15 47 42 54 50 59 43 42 20 6 22 11 16 47 24 47 36 34 31 26 30 26 12 8 4 11 20 23 21 14 26 25 27 14 12
31 54 36 33 52 43 27 11 6 14 14 13 20 19 7 13 6 5 7 6 4 1 1 0 0 0 0 0 0 0 0 2 1 0 0 0 0 0 0 0 0 0 1 1 1 4 4 6 15 25 32 34 48 44 61 69 34 26 37 20 19 30 41 31 38 62 32 28 19 25 14 13 11 16 53 20 50 44 22 37 28 22 25 22 8 3 7 10 21 17 11 37 21 33 12 3
40 41 59 52 36 31 27 26 24 40 19 33 43 29 22 30 16 6 9 15 8 5 3 1 1 0 0 0 0 0 0 0 0 0 0 0 0 0 0 0 0 0 0 0 1 5 4 6 2 6 6 10 21 50 41 47 43 13 19 25 29 18 23 44 35 57 44 37 47 18 25 21 6 7 35 19 24 18 27 34 26 25 23 22 9 3 6 15 27 11 20 19 17 29 8 2
27 19 39 12 40 47 42 28 38 35 31 21 21 18 21 35 20 22 22 24 16 6 4 3 1 2 1 1 1 0 0 0 0 0 0 0 0 0 0 0 0 0 0 1 1 1 2 4 13 27 36 33 36 33 64 56 22 16 4 6 26 31 28 43 45 55 35 25 15 11 7 7 8 5 15 14 12 19 45 55 47 16 15 31 22 14 2 12 14 19 21 11 25 37 13 2
27 22 34 29 19 23 39 17 34 25 16 21 6 18 25 24 31 24 6 6 12 5 3 4 3 3 1 2 1 0 0 0 0 0 0 0 0 0 0 0 0 0 0 1 3 8 12 19 21 14 20 26 43 50 76 42 23 16 5 35 60 64 60 62 44 63 27 35 39 30 37 23 17 11 7 10 13 13 23 21 32 55 34 22 22 14 4 8 12 14 7 10 21 22 14 4
19 9 10 23 16 12 37 11 7 12 17 40 17 6 15 22 17 19 9 2 4 9 11 11 4 3 4 2 2 1 1 1 1 0 0 0 0 0 0 0 0 0 1 1 7 4 6 12 28 22 34 70 29 51 59 23 15 16 8 23 42 56 55 57 68 62 48 41 40 16 24 21 12 19 14 6 3 9 25 30 23 46 25 10 5 19 5 5 5 5 7 15 32 44 10 9
13 9 7 10 21 14 26 32 8 3 6 8 26 4 1 5 3 6 8 3 2 4 2 6 4 3 3 2 2 2 2 1 1 1 1 0 0 0 0 0 0 1 1 2 5 7 11 31 53 45 49 25 48 36 43 17 10 4 9 15 28 29 27 28 26 54 30 22 39 23 20 14 16 16 16 9 2 14 30 15 39 57 27 10 5 13 9 4 4 9 12 15 36 22 12 10
25 16 12 6 10 8 14 33 32 10 4 3 6 14 5 3 2 6 8 5 3 6 1 3 8 5 4 4 4 5 4 3 3 2 1 1 0 0 0 0 0 0 2 3 10 8 5 15 24 33 21 20 51 28 26 7 4 25 50 43 60 50 55 43 54 75 43 30 13 14 18 14 13 12 9 5 3 6 9 18 32 48 30 15 5 5 5 3 3 12 9 16 16 20 10 15
17 15 13 6 5 2 9 10 28 16 10 4 4 6 6 2 2 1 7 5 5 7 1 1 4 4 4 2 1 4 0 1 3 2 2 1 0 0 0 0 0 0 1 2 5 2 2 15 6 6 7 57 25 26 11 5 13 39 52 69 49 80 64 40 57 31 56 43 39 16 16 21 16 7 4 3 2 4 20 10 7 30 33 26 9 4 6 2 3 3 5 17 12 19 10 31
22 16 15 11 5 2 1 2 3 8 4 3 2 7 3 2 3 0 1 4 2 6 8 1 1 1 7 2 0 2 3 1 0 0 0 1 0 0 0 0 0 0 1 4 1 3 6 7 2 4 32 30 11 15 5 4 11 29 32 49 71 73 43 25 29 47 57 59 63 44 49 28 21 14 7 4 2 2 5 11 14 40 61 25 22 5 3 4 1 4 14 5 8 6 7 43
42 22 9 9 9 7 4 2 2 2 1 1 2 2 2 1 1 2 1 1 3 4 3 1 0 1 4 2 1 1 2 3 0 0 0 0 1 0 0 0 1 1 1 0 0 0 3 1 2 14 34 19 7 4 2 13 18 20 30 76 52 43 10 22 38 42 65 63 54 61 39 28 29 24 19 11 3 2 8 10 12 59 27 41 20 11 3 2 1 6 7 4 12 4 15 39
49 32 27 34 26 20 16 7 13 6 4 2 1 1 1 1 1 3 2 1 0 1 1 1 0 1 1 1 1 0 0 1 0 0 0 0 0 0 0 0 1 1 1 1 1 1 4 1 3 17 11 4 1 4 15 28 33 46 73 61 12 19 23 18 19 23 39 38 60 40 21 30 44 41 29 11 3 1 7 12 36 38 10 20 28 13 5 1 1 5 4 3 11 3 12 14
60 56 50 50 44 34 23 18 15 13 10 9 3 2 1 1 0 0 0 0 0 0 0 0 0 1 1 1 0 0 0 1 0 0 0 0 0 0 0 0 0 0 0 0 0 2 1 1 4 2 1 0 2 5 10 16 41 40 31 7 36 57 55 45 46 25 23 20 56 47 58 64 36 21 13 12 4 2 3 9 28 9 6 16 45 14 7 2 1 1 2 3 5 3 9 6
15 51 54 58 46 45 24 26 9 9 14 8 5 5 4 3 2 1 0 0 0 0 0 0 0 0 0 0 0 0 0 0 0 0 0 0 0 0 0 0 0 0 0 0 0 0 0 1 1 1 0 0 2 3 8 14 17 4 18 36 55 56 54 77 80 70 61 44 46 57 58 49 50 28 10 7 3 1 3 9 12 4 2 24 38 39 14 13 4 1 1 2 2 3 10 7
21 36 54 29 37 63 38 17 27 16 9 11 8 10 10 4 2 1 0 0 0 0 0 0 0 0 0 0 0 0 0 0 0 0 0 0 0 0 0 0 0 0 0 0 0 0 0 1 0 0 1 1 1 3 4 8 3 18 25 35 51 66 74 63 58 69 37 30 65 17 41 72 47 28 27 22 16 6 2 8 9 4 1 3 11 33 6 3 3 3 0 2 1 2 8 7
44 9 52 24 25 46 62 62 23 9 13 11 16 13 9 6 5 3 1 1 1 1 0 0 0 0 0 0 0 0 0 0 0 0 0 0 0 0 0 0 0 0 0 0 0 0 0 0 0 2 1 3 3 2 2 9 16 20 28 34 62 47 64 54 58 34 27 57 41 32 30 17 49 27 48 48 38 16 9 2 16 7 4 1 3 11 20 3 1 1 0 1 1 3 2 2
19 4 31 11 25 32 47 17 49 51 27 28 26 5 5 4 5 5 3 2 1 1 1 0 0 0 1 0 0 0 0 0 0 0 0 0 0 0 0 0 0 0 0 0 0 0 0 1 1 1 2 7 6 7 3 8 11 36 42 49 72 46 36 30 20 23 42 58 43 25 13 14 39 45 48 46 46 38 17 3 2 5 5 3 1 3 8 5 2 0 1 0 1 2 1 1
12 11 15 12 7 23 32 12 15 45 17 34 48 20 9 6 10 15 10 5 4 1 1 0 1 0 1 1 2 0 0 0 0 0 0 0 0 0 0 0 0 0 0 0 0 0 1 1 1 2 4 8 6 5 10 15 21 23 24 44 62 16 7 5 19 24 26 75 60 17 16 11 39 39 9 18 54 40 33 15 3 1 10 4 2 1 3 4 4 1 0 0 2 1 0 0
12 3 6 9 4 8 33 10 5 19 27 38 38 22 25 14 3 6 6 9 3 2 2 1 2 1 1 2 2 1 1 1 1 0 0 0 0 0 0 0 0 0 0 0 1 1 1 2 1 3 6 5 11 12 14 19 5 4 13 41 63 17 5 22 40 38 60 59 41 28 14 6 12 40 30 8 17 25 31 23 14 2 2 4 3 1 0 2 4 2 0 0 1 0 1 2
28 5 7 6 1 5 20 6 10 6 17 10 20 5 9 10 2 1 4 12 4 6 2 1 4 3 2 1 1 1 1 0 0 0 0 0 0 0 0 0 0 0 0 1 1 1 1 1 3 7 5 7 17 26 39 36 22 16 27 43 39 8 9 39 41 40 39 15 36 33 19 5 6 15 44 16 6 8 52 17 10 3 1 2 2 0 1 3 1 1 0 0 0 0 2 7
10 1 7 7 1 1 5 14 1 4 19 13 17 6 5 2 2 0 1 10 9 5 3 2 1 1 0 0 0 0 0 0 0 0 0 0 0 0 0 0 0 0 0 1 0 1 1 2 3 3 2 6 11 39 49 59 57 48 34 34 14 6 19 30 52 51 39 19 14 27 9 4 6 10 36 17 5 6 11 23 10 5 1 1 3 1 1 2 1 0 0 1 1 1 6 11
14 2 9 12 2 2 2 5 1 1 12 5 4 2 1 2 2 2 0 1 1 4 8 8 2 0 1 1 0 0 0 0 0 0 0 0 0 0 0 0 0 0 1 1 0 0 0 1 1 1 1 4 12 9 24 47 30 24 15 50 15 7 21 33 35 44 63 30 22 7 4 4 14 26 47 14 5 6 11 36 10 3 1 0 1 2 1 2 1 0 1 8 3 3 4 9
6 4 3 10 1 2 3 4 3 1 1 1 1 3 1 1 2 2 1 1 1 1 4 2 2 0 1 1 0 0 0 0 0 0 0 0 0 0 0 0 0 0 0 0 0 0 0 0 1 1 1 4 4 7 8 7 6 17 44 21 5 12 26 28 47 64 39 25 22 12 4 6 13 27 25 9 7 4 9 20 13 11 3 0 0 1 1 1 0 0 1 2 6 12 6 8
2 1 2 2 1 0 3 5 1 0 1 0 1 1 2 1 1 2 1 0 0 1 1 1 1 0 1 1 1 0 0 0 0 0 0 0 0 0 0 0 0 0 0 0 0 1 1 1 1 2 4 2 2 1 1 4 14 19 49 13 5 23 22 22 49 69 32 35 27 11 7 6 12 36 18 7 10 4 5 11 11 10 6 2 0 0 1 0 0 2 3 4 5 5 29 11
0 1 0 2 0 0 3 4 1 0 0 1 0 0 1 1 1 0 1 1 0 0 0 0 0 0 0 1 2 0 0 0 0 0 0 0 0 0 0 0 0 0 0 0 0 0 1 0 1 2 2 6 5 12 8 11 15 37 32 3 8 18 17 14 40 49 24 23 16 12 4 4 13 37 10 12 8 2 2 4 5 8 3 1 1 0 0 0 2 6 8 11 17 11 8 29
0 0 0 0 0 1 2 1 0 0 0 0 0 0 0 0 1 0 0 1 0 0 0 0 0 0 0 0 0 0 0 0 0 0 0 0 0 0 0 0 0 0 0 0 0 0 0 0 1 1 4 6 6 12 22 38 51 55 13 3 11 17 13 20 63 48 10 17 17 8 4 2 9 33 9 6 5 4 1 1 4 7 2 1 0 0 0 2 6 7 9 10 16 26 45 25
0 0 0 0 0 0 0 0 0 0 0 0 0 0 0 0 0 0 0 0 0 0 0 0 0 0 0 0 0 0 0 0 0 0 0 0 0 0 0 0 0 0 0 0 0 0 1 1 1 3 3 5 7 11 23 49 30 17 2 10 19 14 31 48 75 27 28 10 8 7 6 3 13 32 13 5 4 4 1 1 4 6 3 3 1 0 0 2 2 2 2 2 3 6 19 25
0 0 0 0 0 0 0 0 0 0 0 0 0 0 0 0 0 0 0 0 0 0 0 0 0 0 0 0 0 0 0 0 0 0 0 0 0 0 0 0 0 0 0 0 0 0 1 3 1 3 2 3 5 6 37 24 8 2 8 15 18 17 40 69 33 14 22 8 6 6 4 2 7 22 36 12 6 2 1 1 3 6 4 1 1 0 0 1 0 2 3 6 9 10 11 23
0 0 0 0 0 0 0 0 0 0 0 0 0 0 0 0 0 0 0 0 0 0 0 0 0 0 0 0 0 0 0 0 0 0 0 0 0 0 0 0 0 0 0 0 0 1 1 1 3 2 2 3 6 9 31 5 2 4 11 17 16 18 40 67 18 11 9 14 5 2 1 2 13 21 8 19 8 2 1 0 4 3 4 1 0 0 0 2 4 7 4 11 20 19 18 8
0 0 0 1 0 0 0 0 0 0 0 1 1 1 1 1 1 0 0 0 0 0 0 0 0 0 0 0 0 0 0 0 0 0 0 0 0 0 0 0 0 0 0 1 1 2 2 2 3 9 11 12 8 12 6 2 1 7 8 14 8 18 46 49 20 6 8 10 7 3 1 2 15 5 5 23 12 4 1 0 1 1 2 1 0 0 1 2 2 5 6 7 5 6 10 26
1 1 1 1 0 0 0 1 1 1 1 1 2 1 2 1 1 1 0 0 0 0 0 0 0 0 0 0 0 0 0 0 0 0 0 0 0 0 0 0 0 0 0 1 1 2 3 8 6 8 4 23 15 6 6 3 1 5 10 20 22 20 54 14 5 13 14 5 9 3 1 2 4 5 3 19 6 3 1 0 1 1 1 1 0 1 3 6 9 6 5 3 7 10 12 20
2 2 1 2 1 0 0 1 1 1 2 3 3 3 3 1 1 1 1 1 1 1 0 0 0 0 0 0 0 0 0 0 0 0 0 0 0 0 0 0 0 0 0 1 2 3 5 8 6 7 3 2 6 7 7 1 3 5 6 13 12 23 33 29 21 9 5 3 12 6 2 1 3 3 6 20 4 2 1 0 0 1 1 0 1 1 4 14 18 18 20 11 16 25 23 49
4 4 4 2 1 1 1 1 2 3 4 4 4 2 3 2 1 1 1 2 1 1 0 0 0 1 0 0 0 0 0 0 0 0 0 0 0 0 0 0 0 0 0 1 1 4 2 1 8 6 3 2 5 5 1 1 2 4 5 13 23 34 44 14 6 5 7 4 3 4 2 1 3 3 4 7 5 5 1 0 0 0 0 0 1 2 2 3 2 4 5 12 23 27 52 49
6 6 6 5 4 1 1 2 4 6 6 5 5 5 4 4 2 5 3 2 1 0 0 0 1 0 0 0 0 0 0 0 0 0 0 0 0 0 0 0 0 0 1 1 0 1 1 3 2 2 2 1 2 0 1 0 1 2 3 10 28 36 23 33 13 4 4 3 3 4 4 1 1 2 4 4 4 1 1 0 0 0 0 0 2 1 1 3 9 14 17 15 11 45 20 25
13 21 10 3 5 1 3 3 11 8 7 7 8 15 14 6 6 5 2 3 1 1 0 1 1 0 0 0 1 0 0 0 0 0 0 0 0 0 0 0 0 0 1 0 0 1 1 2 1 1 1 1 1 0 1 0 1 4 7 13 13 11 29 36 7 3 2 2 3 2 2 1 0 1 2 5 4 2 1 0 0 0 0 2 4 5 5 5 8 8 8 29 28 37 16 5
27 36 9 8 12 3 3 12 12 20 6 13 19 15 24 9 4 2 5 3 2 1 0 2 0 0 1 1 0 0 0 0 0 0 0 0 0 0 0 0 0 0 0 0 0 1 3 3 2 1 1 0 0 1 1 2 3 3 2 4 7 14 21 35 9 4 3 2 1 1 1 1 0 1 2 2 1 2 1 0 0 1 2 2 4 12 13 16 18 21 11 21 13 13 16 4
21 37 11 11 17 5 6 24 21 23 5 16 30 19 29 9 6 6 9 8 3 1 1 1 1 1 2 0 0 0 0 0 0 0 0 0 0 0 0 0 0 0 0 0 1 2 2 1 2 1 0 0 1 1 1 1 1 1 3 4 5 18 24 16 6 21 19 9 3 3 1 1 0 1 1 1 1 1 0 0 0 1 4 8 9 14 21 18 16 16 20 25 5 2 9 5
38 18 16 12 19 6 8 31 49 23 5 26 44 36 34 27 11 16 24 9 4 1 3 1 2 2 0 0 0 0 0 0 0 0 0 0 0 0 0 0 0 0 0 0 2 1 1 0 0 1 0 0 1 1 2 1 1 2 13 19 18 21 54 19 24 12 14 12 3 2 1 1 0 0 0 1 0 1 0 0 0 1 2 5 4 2 6 2 2 4 3 39 17 5 3 1
70 44 21 14 18 8 17 36 70 21 9 21 47 48 45 18 14 49 13 2 2 7 5 4 3 1 1 1 1 1 0 0 0 0 0 0 0 0 0 0 0 0 0 0 0 0 0 0 0 0 0 0 1 2 2 5 6 8 6 15 34 23 13 30 20 16 3 6 14 3 1 0 0 0 0 0 0 0 0 0 1 1 2 2 2 1 2 5 10 22 36 59 20 5 2 1
64 60 25 26 29 13 20 48 66 29 14 32 75 72 32 40 18 16 3 2 5 18 21 8 3 3 1 1 1 1 1 2 1 0 0 0 0 0 0 0 0 0 0 0 0 0 0 0 0 0 1 1 2 3 4 7 5 4 15 42 38 35 17 27 3 35 18 2 1 8 6 3 1 0 0 0 0 0 0 0 1 1 1 2 1 2 8 15 9 9 15 29 8 4 2 1
68 54 31 44 39 36 26 55 68 36 26 38 78 64 41 26 8 3 1 5 14 22 10 2 1 1 0 3 2 1 1 1 1 0 0 0 1 1 0 0 0 0 0 0 0 0 0 0 0 0 1 1 1 2 2 3 6 17 13 49 28 9 9 49 16 6 20 5 1 1 1 2 2 2 0 0 0 0 0 0 1 1 1 1 1 4 11 9 8 18 8 13 9 5 2 0
72 59 35 54 52 49 47 45 55 39 31 43 57 22 18 12 3 4 3 9 24 6 4 3 1 1 1 4 3 1 4 1 0 1 0 1 1 2 1 0 0 0 0 0 0 0 0 0 0 0 0 0 2 2 5 6 3 13 19 31 3 1 10 35 7 6 3 13 3 0 0 1 2 1 1 1 0 0 0 0 0 1 1 1 1 3 16 4 4 23 6 5 6 1 1 0
47 45 44 60 59 43 62 49 73 77 64 47 40 27 33 23 13 15 6 11 20 8 5 4 2 1 1 7 5 2 4 2 1 1 1 2 1 1 0 0 1 0 0 0 0 0 0 0 0 0 0 1 2 2 2 3 2 6 19 5 2 2 15 34 12 1 1 1 5 1 0 0 0 0 1 0 0 0 0 0 0 1 1 1 4 8 15 4 4 13 4 1 2 3 0 0
63 37 67 76 67 69 66 83 76 88 87 84 42 60 55 45 36 12 10 24 17 7 5 2 2 4 2 7 7 7 4 2 2 2 2 3 5 2 1 1 2 1 0 0 0 0 0 0 0 0 1 1 1 1 1 1 3 13 22 3 2 2 5 26 14 5 1 0 3 2 1 0 0 0 2 0 0 0 0 0 0 1 1 2 3 1 2 1 3 3 5 2 2 2 0 0
56 52 58 67 79 80 85 85 71 67 71 78 83 78 37 31 21 15 16 12 6 7 5 6 9 6 7 20 11 20 5 5 3 5 6 11 10 2 2 2 2 1 0 0 0 0 0 0 0 0 0 1 0 0 1 1 4 6 6 4 1 1 2 26 5 3 3 0 1 3 1 0 0 0 0 1 0 0 0 0 0 1 2 3 2 1 1 1 1 1 2 1 1 0 0 0
67 57 41 42 55 64 74 50 41 36 46 55 55 75 44 33 34 44 30 16 13 15 12 17 31 16 11 27 25 15 7 11 7 9 8 13 6 3 5 1 0 0 1 0 0 0 0 0 0 0 0 0 0 1 1 0 2 1 2 8 2 2 3 7 3 0 2 1 1 1 1 1 0 0 0 2 0 0 0 0 0 1 1 3 1 1 1 1 1 0 0 0 0 0 0 1
69 77 47 25 46 41 43 56 34 41 48 32 54 76 82 65 73 60 35 26 35 33 31 26 33 21 17 37 34 11 17 15 15 15 19 20 10 5 1 0 0 1 1 0 1 0 0 0 0 0 0 0 0 1 1 0 1 2 1 2 1 2 2 5 6 0 1 1 0 1 1 0 0 0 0 0 0 0 0 0 0 0 1 2 1 1 1 0 1 0 0 0 0 0 1 1
49 62 82 43 22 22 44 40 60 24 19 18 56 37 51 91 90 42 61 57 54 47 47 36 36 28 27 50 35 24 23 21 24 35 33 10 2 1 2 1 2 1 1 1 1 1 0 0 0 0 0 0 0 0 1 1 2 1 1 1 1 1 1 2 8 0 0 1 0 0 0 0 0 0 0 0 0 0 0 0 0 0 2 1 0 0 0 0 0 0 0 0 0 0 1 1
69 67 73 78 34 11 11 46 41 31 5 7 17 34 69 76 66 85 86 64 55 71 62 29 47 36 51 39 35 30 33 25 38 51 48 12 8 4 7 5 8 7 2 2 2 1 0 0 0 0 0 0 0 0 1 1 1 1 1 0 0 0 0 0 2 1 0 0 0 0 0 0 0 0 0 0 0 0 0 0 0 0 0 0 0 0 0 0 0 0 0 0 1 1 1 1
48 34 40 86 35 23 16 15 14 15 9 2 12 57 72 68 54 47 75 59 69 73 61 38 62 55 67 56 49 58 38 36 36 35 30 12 11 10 9 8 2 2 5 9 1 0 0 0 0 0 0 0 0 0 0 1 1 2 0 0 0 0 0 1 3 1 0 0 0 0 0 0 0 0 0 0 0 0 0 0 0 0 0 0 0 0 0 0 0 1 1 1 1 1 1 1
19 33 33 79 81 16 18 8 8 7 8 4 12 20 27 35 55 76 51 18 53 20 61 77 89 77 69 40 60 36 45 27 21 11 49 30 28 15 6 4 1 0 6 3 2 1 0 0 0 0 0 0 0 0 0 0 0 0 0 0 0 0 0 0 1 1 0 0 0 0 0 0 0 0 0 0 0 0 0 0 0 0 0 0 0 0 0 0 1 1 1 2 2 1 1 1
9 16 23 27 75 64 24 6 6 5 4 4 9 23 39 45 17 62 59 25 57 43 17 33 52 30 48 25 47 11 7 18 10 9 20 62 38 15 7 26 5 4 5 4 3 1 0 0 0 0 0 0 0 0 0 0 0 0 0 0 0 0 0 1 0 1 0 0 0 0 0 0 0 0 0 0 0 0 0 0 0 0 0 0 0 0 0 0 1 1 1 1 5 2 1 1
4 7 13 3 23 79 22 8 3 2 3 4 3 6 12 20 29 44 27 38 58 27 6 27 44 24 23 18 21 36 19 23 16 7 9 35 48 60 52 39 24 12 10 10 5 2 1 1 1 0 0 0 0 0 0 0 0 0 0 0 0 0 0 0 0 0 0 0 0 0 0 0 0 0 0 0 0 0 0 0 0 0 0 0 0 0 0 0 1 0 1 1 2 2 1 2
7 4 8 27 20 42 67 16 11 3 1 1 2 3 11 8 25 42 4 12 64 43 10 5 50 53 23 12 19 27 7 6 7 5 4 14 26 27 17 6 13 11 5 7 6 5 6 4 1 0 0 1 0 0 0 0 0 0 0 0 0 0 0 0 0 1 0 0 0 0 0 0 0 0 0 0 0 0 0 0 0 0 0 0 0 0 0 0 0 1 1 1 1 2 3 4
11 3 2 11 26 38 65 42 10 6 3 2 1 2 2 2 9 6 6 37 78 18 7 3 5 28 10 13 9 20 18 7 8 7 7 24 12 4 3 2 4 1 1 17 7 11 16 9 2 1 2 1 1 0 0 0 0 0 0 0 0 0 0 0 0 0 0 0 0 0 0 0 0 0 0 0 0 0 0 0 0 0 0 0 0 0 0 0 1 1 1 1 2 2 2 6
23 12 7 3 4 7 12 43 12 11 4 1 1 1 3 1 5 4 14 13 68 19 7 5 2 6 6 7 2 13 17 4 4 4 5 12 10 2 1 2 2 1 1 3 8 6 4 1 1 1 1 1 0 0 1 0 0 0 0 0 0 0 0 0 0 0 0 0 0 0 0 0 0 0 0 0 0 0 0 0 0 0 0 0 0 0 0 2 0 1 2 2 3 3 5 7
8 7 12 3 3 13 13 38 35 12 6 1 1 1 1 1 2 3 4 15 42 62 20 7 1 1 4 1 2 9 13 5 2 3 2 2 3 2 1 1 1 1 1 1 8 4 4 1 1 0 0 0 0 0 0 0 0 0 0 0 0 0 0 0 0 0 0 0 0 0 0 0 0 0 0 0 0 0 0 0 0 0 0 0 0 0 1 1 2 2 2 2 3 6 5 9
18 10 2 1 2 4 8 16 28 9 4 2 1 0 1 1 1 1 6 34 25 40 23 11 4 1 4 3 1 1 5 3 3 2 1 1 1 3 1 1 1 1 0 1 3 4 5 2 1 0 0 0 0 0 0 0 0 0 0 0 0 0 0 0 0 0 0 0 0 0 0 0 0 0 0 0 0 0 0 0 0 0 0 0 0 0 0 1 1 1 1 1 2 4 5 3
27 16 4 1 0 3 3 7 19 12 2 2 1 1 1 1 0 3 11 22 6 14 20 4 2 2 1 2 2 0 2 3 1 1 0 1 1 0 1 1 1 1 0 0 1 3 5 2 1 1 0 0 0 0 0 0 0 0 0 0 0 0 0 0 0 0 0 0 0 0 0 0 0 0 0 0 0 0 0 0 0 0 0 0 0 0 0 1 1 0 0 1 2 2 2 2
28 15 5 4 1 1 3 4 24 2 3 1 1 0 0 0 0 2 10 4 1 6 41 4 2 2 1 1 1 1 1 1 1 1 1 0 0 0 0 0 1 0 0 0 0 1 4 2 2 1 0 0 0 0 0 0 0 0 0 0 0 0 0 0 0 0 0 0 0 0 0 0 0 0 0 0 0 0 0 0 0 0 0 0 0 0 1 1 0 1 1 1 1 2 3 2
23 14 6 2 1 1 2 2 13 4 1 1 1 0 0 0 0 2 3 2 6 11 27 10 2 1 1 2 0 2 1 1 1 0 1 0 0 0 0 0 0 0 0 1 1 2 3 2 4 2 1 0 0 0 0 0 0 0 0 0 0 0 0 0 0 0 0 0 0 0 0 0 0 0 0 0 0 0 0 0 0 0 0 0 0 0 0 1 1 1 1 1 1 1 2 3
15 7 4 2 1 1 1 1 3 10 2 1 1 0 0 0 0 1 1 2 2 5 23 8 2 3 1 1 1 2 1 0 0 0 0 0 0 0 0 0 0 0 0 2 1 1 2 1 3 2 2 0 0 0 0 0 0 0 0 0 0 0 0 0 0 0 0 0 0 0 0 0 0 0 0 0 0 0 0 0 0 0 0 0 0 0 0 0 0 1 1 2 2 2 5 3
14 9 3 1 1 1 1 1 1 3 3 0 0 0 0 0 0 0 1 1 2 5 24 6 3 1 2 1 1 1 1 0 0 0 0 0 0 0 0 0 0 0 1 1 0 1 1 0 2 1 1 1 0 0 0 0 0 0 0 0 0 0 0 0 0 0 0 0 0 0 0 0 0 0 0 0 0 0 0 0 0 0 0 0 0 0 0 0 0 1 1 1 1 1 2 2
52 24 7 1 1 1 1 1 1 2 3 1 0 0 0 0 0 0 0 0 1 3 12 4 1 1 1 1 1 0 1 0 0 0 0 0 0 0 0 0 0 0 1 0 0 0 0 0 1 1 1 1 1 1 0 0 0 0 0 0 0 0 0 0 0 0 0 0 0 0 0 0 0 0 0 0 0 0 0 0 0 0 0 0 0 0 0 0 0 0 1 2 1 1 1 0
9 36 17 4 1 0 0 0 1 1 4 1 1 0 0 0 0 0 0 0 1 2 6 6 1 1 0 0 0 0 0 0 0 0 0 0 0 0 0 0 0 1 0 0 0 0 0 0 1 1 0 0 0 1 0 0 0 0 0 0 0 0 0 0 0 0 0 0 0 0 0 0 0 0 0 0 0 0 0 0 0 0 0 0 0 0 0 0 0 0 1 1 1 1 1 2
2 28 3 16 5 2 0 0 0 1 2 1 0 0 0 0 0 0 0 0 1 2 2 5 2 1 1 0 0 0 0 0 0 0 0 0 0 0 0 0 0 0 0 0 0 0 0 0 1 1 0 0 0 0 1 0 0 0 0 0 0 0 0 0 0 0 0 0 0 0 0 0 0 0 0 0 0 0 0 0 0 0 0 0 0 0 0 0 0 0 0 0 0 1 1 1
4 5 2 9 3 3 1 0 0 0 1 1 0 0 0 0 0 0 0 1 0 0 4 4 4 2 1 1 0 0 0 0 0 0 0 0 0 0 0 0 0 0 0 0 0 0 0 0 1 1 0 0 0 0 0 0 0 0 0 0 0 0 0 0 0 0 0 0 0 0 0 0 0 0 0 0 0 0 0 0 0 0 0 0 0 0 0 0 0 0 0 0 1 1 2 2
4 3 2 1 2 1 2 0 0 0 0 0 0 0 0 0 0 0 0 0 1 2 4 4 5 2 1 0 0 0 0 0 0 0 0 0 0 0 0 0 0 0 0 0 0 0 0 0 1 1 1 0 0 0 0 0 0 0 0 0 0 0 0 0 0 0 0 0 0 0 0 0 0 0 0 0 0 0 0 0 0 0 0 0 0 0 0 0 0 0 0 0 0 0 1 1
3 2 2 1 1 0 0 1 0 0 0 0 0 0 0 0 0 0 0 0 1 2 3 2 2 3 1 0 0 0 0 0 0 0 0 0 0 0 0 0 0 0 0 0 0 0 0 0 1 1 0 0 0 0 0 0 0 0 0 0 0 0 0 0 0 0 0 0 0 0 0 0 0 0 0 0 0 0 0 0 0 0 0 0 0 0 0 1 0 0 0 0 0 1 1 2
2 2 2 1 0 0 0 0 0 0 0 0 0 0 0 0 0 0 0 1 1 0 1 1 1 1 1 0 0 0 0 0 0 0 0 0 0 0 0 0 0 0 0 0 0 0 0 0 1 0 0 0 0 0 0 0 0 0 0 0 0 0 0 0 0 0 0 0 0 0 0 0 0 0 0 0 0 0 0 0 0 0 1 1 1 1 1 1 0 0 0 0 0 0 1 1
1 0 1 1 0 0 0 0 0 0 0 0 0 0 0 0 0 0 0 0 0 0 1 2 0 0 0 0 0 0 0 0 0 0 0 0 0 0 0 0 0 0 0 0 0 0 0 1 1 0 0 0 0 0 0 0 0 0 0 0 0 0 0 0 0 0 0 0 0 0 0 0 0 0 0 0 0 0 0 0 0 0 0 0 1 1 1 1 1 1 0 0 1 1 1 1
0 0 0 0 0 0 0 0 0 0 0 0 0 0 0 0 0 0 0 0 0 0 0 0 0 0 0 0 0 0 0 0 0 0 0 0 0 0 0 0 0 0 0 0 0 0 0 0 1 0 0 0 0 0 0 0 0 0 0 0 0 0 0 0 0 0 0 0 0 0 0 0 0 0 0 0 0 0 0 0 0 0 0 0 1 1 2 2 1 2 2 2 1 1 1 4
0 0 0 0 0 0 0 0 0 0 0 0 0 0 0 0 0 0 0 0 0 0 0 0 0 0 0 0 0 0 0 0 0 0 0 0 0 0 0 0 0 0 0 0 0 0 0 0 0 0 0 0 0 0 0 0 0 0 0 0 0 0 0 0 0 0 0 0 0 0 0 0 0 0 0 0 0 0 0 0 0 0 0 0 0 1 0 1 4 4 1 4 3 3 2 3
0 0 0 0 0 0 0 0 0 0 0 0 0 0 0 0 0 0 0 0 0 0 0 0 0 0 0 0 0 0 0 0 0 0 0 0 0 0 0 0 0 0 0 0 0 0 0 0 0 0 0 0 0 0 0 0 0 0 0 0 0 0 0 0 0 0 0 0 0 0 0 0 0 0 0 0 0 0 0 0 0 0 0 0 0 0 0 0 0 0 0 1 3 7 7 5
