sesion_6_simulaciones/modelos_agentes/ejemplos_netlogo/scenarios/cgcm2_b2/rob_2093.asc
NCOLS 322 
NROWS 307 
XLLCORNER 451900 
YLLCORNER 4086900 
CELLSIZE 100 
NODATA_value -9999 
[rows 219 to 291 of 307, columns 192 to 287 of 322]
10 9 3 2 1 1 1 1 0 0 0 0 0 0 0 0 0 0 0 0 0 0 0 0 0 0 0 0 1 0 1 2 6 17 46 51 36 52 46 37 50 53 55 55 45 38 28 64 51 33 36 31 31 37 8 57 46 22 23 42 57 61 48 82 79 83 81 50 30 24 55 55 73 29 3 1 0 0 0 0 0 0 0 0 0 0 0 0 0 1 1 2 2 3 4 4
14 5 5 9 6 3 1 1 1 0 0 0 0 0 0 0 0 0 0 0 1 0 0 1 1 0 0 1 1 1 2 1 6 14 34 27 48 38 41 36 50 47 40 59 43 28 31 27 35 20 44 31 19 24 36 16 12 29 18 53 69 61 55 82 89 80 80 90 76 48 32 32 44 20 14 3 1 0 0 0 0 0 0 0 0 0 0 1 1 1 1 1 3 2 3 8
4 2 1 5 3 1 1 0 0 0 0 0 0 0 0 0 0 0 0 0 1 2 1 1 1 1 1 1 1 2 2 2 3 13 19 20 17 32 40 36 59 53 55 66 48 44 44 36 45 22 57 28 14 11 36 45 7 15 44 39 48 34 21 58 83 67 70 82 91 73 20 7 3 6 6 0 0 0 0 0 0 0 0 0 0 0 0 0 0 1 2 1 1 2 4 6
2 2 1 0 3 2 1 0 0 0 0 0 0 0 0 0 0 0 0 0 0 1 5 4 2 3 2 2 5 6 2 4 14 14 15 12 20 38 37 40 44 37 40 60 38 48 50 31 40 51 45 39 15 14 19 19 18 42 62 60 42 35 45 28 61 79 69 60 75 79 40 21 6 1 1 0 0 0 0 0 0 0 0 0 0 0 0 0 0 1 1 2 2 2 3 3
10 8 5 3 1 1 1 1 0 0 0 0 0 0 0 0 0 0 0 0 1 2 5 9 4 5 6 5 9 10 7 8 17 19 20 13 23 19 29 32 38 33 41 59 46 32 47 32 42 36 32 20 22 16 10 12 17 32 30 30 25 37 45 30 36 61 52 46 64 71 40 14 5 1 0 0 0 0 0 0 0 0 0 0 0 0 0 0 0 1 1 1 2 3 4 5
11 7 6 3 2 1 1 0 0 0 0 0 0 0 0 0 0 0 0 0 1 4 7 15 14 8 9 13 13 24 25 15 16 18 22 15 25 12 27 29 23 31 37 58 65 31 45 42 23 18 25 24 31 10 5 17 20 38 19 39 39 42 46 43 17 21 6 4 8 46 51 14 3 0 0 0 0 0 0 0 0 0 0 0 0 0 0 1 1 1 1 2 2 3 4 11
5 4 3 2 1 1 0 0 0 0 0 0 0 0 0 0 1 1 1 1 1 2 5 13 20 21 16 18 17 29 60 38 24 24 14 17 21 19 38 22 19 21 33 38 56 50 20 31 11 11 10 7 19 16 3 13 16 16 27 47 53 47 57 46 19 24 14 17 5 5 23 7 2 1 1 1 1 0 0 0 0 0 0 0 0 0 0 0 1 1 1 3 3 3 5 7
5 3 2 1 0 0 0 0 0 0 0 0 0 0 0 0 0 1 1 2 2 3 7 9 22 48 28 27 28 20 39 53 26 35 27 30 37 36 24 25 16 21 22 23 27 35 25 46 33 10 34 28 14 9 5 10 42 37 41 48 63 52 47 31 23 23 28 35 14 8 6 1 2 2 2 1 1 0 0 0 0 0 0 0 0 0 1 0 0 1 1 1 3 4 4 7
3 5 3 2 1 1 0 0 0 0 0 0 0 0 0 0 1 1 2 5 5 8 10 12 23 50 61 36 52 30 40 54 38 25 45 47 37 33 33 29 8 14 13 22 32 35 45 57 65 24 23 23 17 6 10 13 27 25 42 54 55 38 35 26 50 39 44 33 15 10 3 2 2 3 2 2 2 1 0 0 0 0 0 0 0 0 0 0 0 0 1 1 2 2 5 8
5 3 1 1 1 0 0 0 0 0 0 0 0 0 1 0 0 1 4 5 12 21 37 25 28 44 73 34 56 33 39 54 21 23 44 46 50 44 35 33 21 21 18 15 34 39 37 54 48 47 34 25 18 11 31 45 39 45 57 69 49 29 32 47 74 63 38 23 16 8 6 5 6 5 6 3 2 1 0 0 0 1 1 0 1 0 0 1 0 1 1 2 2 2 3 8
6 3 1 1 0 0 0 0 0 0 0 0 0 0 0 0 0 1 1 3 6 16 37 57 50 46 64 63 71 41 61 34 21 20 32 50 52 52 29 31 31 34 21 20 25 39 41 40 34 31 41 40 20 23 27 27 46 30 42 15 28 53 54 78 70 49 33 20 23 21 17 13 10 11 4 2 2 1 0 0 0 1 1 1 1 1 1 1 0 1 1 1 4 4 6 10
1 2 1 0 0 0 0 0 0 0 0 0 0 0 0 0 1 1 1 3 9 16 34 37 59 60 70 74 67 40 53 26 22 48 34 47 52 38 34 43 41 44 21 22 43 42 52 42 50 25 25 20 19 6 14 9 72 43 22 36 48 49 55 47 29 25 24 25 17 21 28 26 15 5 1 1 1 0 0 0 0 0 2 1 1 1 2 4 1 1 1 2 3 3 6 9
0 0 1 0 0 0 0 0 0 0 0 0 0 0 1 2 1 1 3 7 9 17 35 49 47 55 63 61 63 62 70 37 29 39 50 39 49 43 37 37 41 28 33 21 23 28 44 49 44 32 16 18 11 13 25 24 8 76 78 51 31 17 35 31 39 33 22 14 9 26 55 28 10 4 1 1 0 0 0 0 0 0 1 1 2 1 2 2 4 1 1 3 3 5 4 8
1 0 0 0 0 0 0 0 0 0 0 0 0 1 1 2 1 2 5 6 8 27 46 58 45 52 63 57 76 82 54 43 43 57 36 52 50 47 44 42 40 35 51 18 33 31 41 37 26 11 30 16 21 21 31 51 36 29 39 44 24 43 27 28 26 29 27 9 16 30 30 13 8 5 1 0 0 0 0 0 0 0 0 3 2 1 0 1 6 1 1 3 4 4 3 5
0 0 0 0 0 0 0 0 0 0 0 0 0 0 1 1 2 4 7 18 13 16 55 48 66 55 60 66 26 80 56 52 43 58 48 38 43 54 46 44 43 35 61 20 20 59 40 35 32 21 37 18 19 41 50 19 46 46 26 13 25 14 22 27 26 25 15 44 34 12 18 7 4 3 2 0 0 0 0 0 1 1 0 1 1 2 1 2 4 4 3 2 2 9 6 6
1 1 1 0 0 0 0 0 0 0 0 0 0 0 0 1 1 3 8 18 32 40 69 53 68 68 71 64 70 63 82 48 41 51 43 21 29 48 53 57 43 20 41 47 12 28 32 55 31 31 38 28 19 33 24 24 13 15 20 36 29 32 29 43 19 20 30 16 10 15 11 7 4 1 0 0 0 0 1 0 1 1 1 1 3 5 1 2 4 4 15 5 2 3 12 10
0 1 0 0 0 0 0 0 0 0 0 0 0 0 0 1 1 3 8 16 33 29 45 15 34 58 56 25 25 48 75 39 48 78 43 42 48 56 34 13 25 11 40 47 13 36 51 32 11 25 38 32 20 28 21 11 36 39 49 33 17 25 52 62 42 33 49 44 35 19 11 5 1 1 0 0 1 0 1 0 1 1 1 1 4 3 7 2 5 3 1 9 4 3 5 8
0 0 0 0 0 0 0 0 0 0 0 0 0 0 0 0 1 2 5 12 20 14 16 41 37 40 29 34 46 48 64 62 64 67 60 54 50 45 44 23 32 30 33 50 11 23 40 34 18 16 19 29 23 23 8 24 41 17 23 30 33 54 63 64 64 59 36 22 26 16 25 9 2 1 0 0 0 1 1 1 1 1 2 1 2 4 3 10 7 7 4 13 6 1 4 4
1 0 0 0 0 0 0 0 0 0 0 0 0 0 0 0 1 1 2 3 6 31 36 29 40 51 47 35 41 53 50 49 63 64 43 50 45 47 51 20 48 38 30 49 10 15 36 28 38 37 14 14 33 27 17 26 27 21 50 35 61 46 46 70 79 47 35 13 29 11 6 5 1 1 1 1 1 2 2 2 3 1 2 2 2 2 3 12 21 26 4 4 7 4 6 14
0 0 0 0 0 0 0 0 0 0 0 0 0 0 0 0 0 0 1 4 7 13 23 22 19 33 49 34 47 34 45 51 52 72 53 62 43 57 37 41 23 34 19 38 11 9 20 21 24 34 35 16 18 6 19 10 9 33 38 32 41 32 57 62 63 68 34 10 5 5 3 1 0 1 2 1 1 1 3 3 5 3 3 2 3 3 2 1 2 7 19 16 10 7 8 14
0 0 0 0 0 0 0 0 0 0 0 0 1 1 0 0 1 1 1 3 8 16 13 23 32 45 36 29 38 37 21 27 48 39 36 61 29 51 37 34 33 33 66 42 16 18 32 47 21 14 15 14 4 25 7 12 26 56 50 73 71 53 36 42 37 23 23 20 8 4 1 0 1 2 1 3 1 1 3 6 5 7 4 3 3 3 5 3 3 4 11 9 9 33 10 17
0 0 0 0 0 0 0 0 0 0 0 0 1 1 1 0 1 1 2 2 4 3 7 11 15 27 23 19 25 28 39 38 24 20 14 62 38 63 29 41 30 28 68 48 33 20 53 35 35 25 13 36 14 35 24 37 41 18 35 40 45 38 23 31 41 27 29 10 10 4 2 0 1 2 2 4 5 2 2 5 7 10 6 9 5 2 4 7 2 1 2 2 3 14 21 12
0 0 0 0 0 0 0 0 0 0 0 1 1 1 2 1 1 3 2 7 13 15 26 32 38 35 37 53 56 42 46 61 58 38 51 45 64 55 31 35 27 20 17 51 27 12 23 29 30 22 28 42 53 61 86 76 77 66 68 44 44 43 47 56 40 26 18 10 6 3 1 0 1 2 4 5 5 5 5 10 7 14 8 12 6 3 3 8 10 2 5 7 4 3 4 7
0 0 0 0 0 0 0 0 0 0 0 1 0 1 2 1 1 1 7 12 26 22 35 49 59 67 66 57 77 62 46 45 39 27 16 18 36 38 45 32 35 12 15 42 17 13 13 27 14 25 5 4 7 10 28 45 84 84 62 59 46 41 21 47 33 19 15 8 2 1 0 0 2 3 2 4 6 10 7 12 8 4 19 16 9 4 5 11 10 5 6 9 8 16 21 31
0 0 0 0 0 0 0 0 0 0 0 0 1 1 1 3 1 1 2 5 14 33 16 40 39 56 66 50 11 28 46 33 22 21 28 38 40 23 48 17 30 15 5 29 19 24 8 8 7 17 15 11 11 10 11 10 29 60 74 76 81 43 35 24 18 15 12 11 6 1 1 2 5 4 4 5 17 12 14 15 15 6 7 29 15 5 5 7 8 6 11 5 13 17 26 35
0 0 0 0 0 0 0 1 1 1 0 0 1 1 1 2 1 1 2 4 8 13 11 29 24 24 24 16 13 15 27 24 23 32 27 17 29 45 37 7 21 25 6 15 16 6 4 22 16 14 33 19 26 32 31 36 39 55 46 37 50 77 57 41 31 25 22 10 5 1 1 4 6 10 10 7 14 21 15 11 10 11 4 16 24 12 12 5 14 8 14 14 10 22 22 17
0 0 0 0 1 1 1 1 1 1 0 1 1 1 2 1 4 0 1 1 3 3 9 11 16 29 29 34 40 28 39 22 23 38 31 24 24 17 8 9 18 26 59 28 10 13 4 12 16 13 32 42 21 40 57 32 27 25 28 20 21 35 55 50 37 20 18 9 3 1 2 6 6 10 13 13 9 28 20 28 14 22 16 14 44 20 27 9 16 16 18 28 19 20 18 27
0 0 0 1 1 1 1 1 1 1 1 1 1 2 3 3 3 1 1 3 2 2 8 10 17 26 32 30 33 52 46 49 42 61 20 16 19 25 24 21 45 41 13 15 40 17 9 11 11 45 55 16 37 33 26 30 45 40 49 31 26 21 20 22 24 16 9 7 2 1 3 7 8 14 12 11 11 18 27 36 23 17 26 15 47 15 17 20 12 31 19 20 21 14 17 17
0 0 1 1 1 1 1 1 2 2 1 0 1 1 5 16 1 1 1 6 6 8 7 8 14 15 26 19 26 36 39 33 28 29 30 32 25 34 32 21 12 9 6 4 8 19 22 12 44 59 14 8 13 40 38 34 30 40 28 25 29 21 19 12 11 8 7 3 2 3 6 8 8 10 12 12 16 20 32 26 25 21 24 40 51 16 21 25 14 33 21 10 27 11 7 14
1 1 1 1 1 1 1 2 4 4 1 0 1 2 4 6 2 2 2 5 9 9 10 6 7 6 17 23 27 35 26 24 30 30 28 27 27 22 19 22 14 9 6 5 8 4 7 30 11 31 11 13 14 12 23 76 48 51 40 34 25 22 16 12 9 7 6 3 2 3 6 8 6 12 10 19 24 17 19 43 31 37 41 38 50 33 37 15 39 32 9 18 23 10 13 18
1 1 1 4 2 1 1 2 3 8 1 1 2 3 5 10 5 3 3 8 13 21 11 16 15 5 10 16 20 18 26 18 26 27 28 15 15 8 11 14 27 26 23 18 18 24 21 6 4 9 16 33 37 32 38 22 35 38 50 47 35 20 16 13 10 7 5 2 1 6 8 9 14 12 24 20 18 28 20 16 28 30 30 45 23 79 40 15 29 28 7 19 15 29 18 23
2 3 2 4 3 1 1 4 5 7 1 1 2 3 7 8 9 1 6 11 15 29 15 19 19 27 17 13 10 12 14 26 42 32 12 27 12 27 15 16 20 27 14 10 9 14 6 7 14 27 34 29 39 34 46 15 12 13 14 27 22 24 18 16 13 12 9 3 2 6 7 8 15 17 25 9 18 13 29 14 20 18 34 20 44 69 26 18 41 16 9 20 17 27 30 29
2 2 4 4 4 3 2 3 6 13 2 3 4 7 7 14 2 2 8 12 22 31 37 22 42 26 29 31 18 19 13 47 55 34 37 23 19 26 18 13 26 10 16 7 12 12 10 9 9 28 29 22 38 43 37 15 28 35 35 39 35 29 28 29 21 19 11 4 2 8 10 9 24 14 21 33 33 21 12 24 16 25 29 38 32 56 45 37 38 19 16 27 14 16 7 37
1 1 5 6 6 5 3 4 8 10 3 5 8 20 22 8 2 2 10 12 16 36 35 43 28 30 51 37 33 32 34 42 55 49 37 42 40 23 43 23 12 19 6 4 4 9 9 10 11 15 20 29 32 28 41 39 40 48 47 50 51 52 35 24 14 9 10 2 4 11 16 14 25 28 20 23 34 23 25 8 35 11 16 36 39 56 63 72 35 20 29 24 29 31 21 45
2 2 7 9 12 7 4 5 12 12 3 4 10 25 15 3 1 4 8 12 26 31 35 40 43 33 47 39 54 53 53 40 21 27 37 35 35 16 29 27 27 17 9 8 17 9 6 18 7 6 9 16 35 53 38 37 56 56 55 36 53 33 15 19 19 13 5 3 3 9 23 15 24 29 34 26 35 22 29 24 18 38 19 8 11 35 55 68 34 43 35 28 25 46 19 20
2 3 4 8 20 12 5 6 10 14 3 3 12 24 8 3 2 5 13 15 16 21 29 37 57 33 40 37 33 52 55 42 42 32 31 18 26 26 32 22 20 13 9 14 25 15 11 14 4 4 7 27 42 26 55 61 31 38 26 27 22 19 30 30 14 11 9 3 5 6 29 18 20 21 26 37 28 29 14 27 14 43 26 20 11 10 29 45 52 69 40 35 27 39 14 18
3 7 5 6 9 21 7 10 20 5 4 4 8 29 12 4 2 8 14 15 26 38 38 54 52 47 27 32 51 46 26 55 72 55 26 26 19 21 31 20 11 18 18 11 14 6 8 6 18 13 20 27 30 45 56 41 54 33 38 39 31 27 24 18 16 14 7 4 4 10 10 34 19 20 25 26 42 41 27 46 18 17 29 26 20 17 17 33 52 56 39 40 33 36 21 29
4 5 14 11 5 15 5 12 37 7 6 13 19 24 7 6 1 4 17 20 36 29 35 56 55 51 46 19 14 18 25 24 28 11 13 23 36 22 22 35 25 16 10 9 6 4 5 7 23 24 26 31 41 47 64 59 57 45 37 45 34 38 37 20 20 17 7 6 6 19 20 22 40 19 22 26 50 40 30 23 34 18 15 38 33 19 24 24 43 48 58 38 32 23 35 18
5 7 16 23 11 26 6 13 44 17 8 22 25 12 5 1 1 3 7 21 42 43 35 39 47 62 43 20 25 20 24 23 30 22 16 9 21 28 35 30 16 14 6 10 10 5 9 4 1 4 27 23 21 38 38 29 29 53 51 43 45 24 24 22 16 17 13 3 8 20 25 21 25 9 30 30 30 48 58 47 46 26 18 17 35 22 18 31 47 79 70 35 24 21 35 17
6 7 9 28 12 25 13 13 17 26 12 30 22 4 2 3 5 7 14 27 29 35 44 26 38 46 62 27 20 20 32 29 29 27 21 29 19 23 13 7 8 14 8 8 13 7 7 2 9 14 18 36 69 53 35 62 56 73 50 36 43 42 39 34 31 15 13 8 11 24 22 34 46 19 20 44 34 51 42 37 54 21 30 31 55 23 14 20 16 35 58 31 32 15 49 34
6 6 5 17 37 17 27 12 35 16 35 15 5 2 6 6 10 8 31 40 23 34 36 40 20 33 55 62 31 32 19 29 25 13 11 12 18 12 8 8 9 4 3 2 6 3 5 3 11 11 12 29 26 44 55 54 36 59 34 27 31 35 34 31 16 13 10 18 20 25 28 37 9 26 37 45 41 30 46 31 67 26 31 22 30 47 32 35 42 36 46 26 50 18 29 47
15 9 7 9 17 32 34 19 53 22 21 4 3 6 9 13 14 9 12 12 24 30 36 56 49 32 30 15 36 51 18 30 15 13 20 24 25 15 13 11 7 7 13 8 4 2 2 2 8 16 21 25 40 28 41 38 36 34 23 9 23 29 27 23 14 10 10 21 21 25 28 43 14 14 7 13 38 53 69 23 57 44 31 33 20 17 55 28 40 42 34 51 17 20 34 48
12 18 12 10 10 20 50 24 22 8 5 1 5 10 19 25 24 9 12 16 27 32 27 11 18 14 19 36 11 19 36 53 31 35 11 25 9 13 14 3 4 5 4 3 3 12 3 4 8 15 22 15 17 27 29 34 26 43 31 33 44 32 31 18 24 22 13 23 23 27 25 41 14 28 16 21 21 17 40 33 27 53 33 38 21 42 45 13 37 52 54 44 16 22 20 24
13 20 15 20 29 38 39 20 22 6 7 6 9 19 22 27 32 20 22 24 30 33 25 19 16 23 20 13 15 30 15 21 25 54 23 39 9 8 8 9 8 5 6 7 3 2 5 4 10 18 34 15 17 24 39 19 39 60 65 56 47 32 34 31 26 23 25 36 25 28 27 35 18 31 28 24 35 32 37 54 19 54 31 53 19 18 41 9 18 25 53 33 12 23 25 49
14 25 21 26 35 46 38 8 5 3 9 10 18 23 24 35 23 45 38 26 30 30 28 33 35 28 27 15 19 40 15 12 6 7 9 26 32 23 16 33 20 15 8 7 7 3 1 6 20 15 23 8 12 26 28 35 49 73 36 41 50 30 35 28 26 24 33 43 27 28 30 33 30 32 42 25 36 34 33 32 47 75 43 50 35 11 47 25 10 14 34 42 23 26 21 8
16 33 35 33 64 43 9 6 9 11 23 20 16 28 27 42 15 29 58 18 34 27 16 23 32 36 15 23 26 30 51 16 11 6 7 5 6 4 9 27 30 12 15 10 8 6 4 5 14 11 11 11 17 23 43 44 44 45 42 30 48 39 26 10 31 17 19 52 31 30 44 32 46 30 43 34 33 38 33 26 29 16 59 57 47 15 22 19 9 10 17 46 20 32 36 28
21 29 59 50 58 11 11 10 13 23 24 26 36 48 16 32 17 28 34 54 21 41 15 13 19 35 35 31 26 19 11 23 11 12 9 7 7 7 6 8 12 6 4 7 3 2 2 8 8 9 11 9 11 20 38 53 24 48 67 56 27 22 16 8 43 27 29 47 38 29 47 32 60 42 40 45 30 30 44 28 21 16 43 38 46 19 10 44 12 14 22 42 40 38 23 27
13 33 61 71 38 6 12 22 25 27 42 51 26 33 20 21 41 18 33 30 22 30 21 19 21 29 24 43 27 31 32 21 28 17 14 10 7 6 6 9 9 4 4 4 4 3 4 14 7 10 9 8 14 28 48 44 70 47 38 53 31 17 6 17 24 49 30 33 41 28 37 31 52 45 29 44 42 27 30 45 36 12 21 51 58 23 6 28 19 13 25 16 59 40 19 62
16 41 66 43 7 9 27 26 19 48 36 62 20 39 21 18 26 61 18 34 46 30 40 17 17 32 38 27 27 43 25 23 45 10 14 11 8 11 3 9 7 3 8 10 7 5 13 8 10 14 17 22 23 21 29 43 50 40 43 36 33 17 9 25 21 33 29 31 43 29 30 36 32 51 28 30 55 27 29 32 46 14 24 29 46 22 10 19 27 18 14 12 14 32 27 20
19 50 47 26 11 19 30 31 20 38 20 58 24 40 47 17 43 62 13 41 57 19 52 17 16 34 39 40 15 12 46 10 10 25 35 19 5 8 4 8 4 2 3 3 4 5 6 10 16 20 14 12 10 16 18 26 35 40 29 49 33 20 18 27 36 40 19 26 38 40 26 23 16 39 26 27 36 34 27 23 10 11 33 20 44 21 13 7 21 34 7 16 35 31 37 6
20 46 43 32 15 20 38 53 17 25 24 48 20 33 59 26 40 61 23 22 34 33 37 20 16 19 19 31 32 29 12 16 8 7 2 28 20 6 4 5 4 4 7 6 6 6 5 8 12 24 17 22 17 24 19 25 14 26 31 19 17 29 25 27 26 35 37 28 32 38 16 27 17 27 31 26 34 14 12 29 13 14 13 17 48 51 15 8 17 29 5 9 30 40 39 19
43 42 53 21 17 27 30 39 19 30 27 32 36 22 53 21 17 50 24 17 17 15 59 34 15 13 16 16 19 21 40 22 6 14 3 4 23 5 3 4 2 11 11 10 5 7 2 5 11 23 27 15 15 9 12 26 37 56 34 15 8 24 26 27 27 27 52 19 32 41 14 24 25 28 44 5 23 29 13 12 23 11 11 12 20 42 10 7 11 29 8 8 11 41 66 49
75 42 16 17 27 27 29 35 20 54 33 16 40 19 60 18 17 34 26 14 18 30 47 23 11 17 13 28 29 27 19 21 15 18 2 6 6 16 2 3 6 11 5 7 6 6 4 2 6 17 24 32 24 14 22 28 36 53 44 18 9 39 26 18 25 25 39 24 16 42 24 13 14 43 35 14 12 13 34 8 19 34 15 15 56 35 6 19 2 42 19 7 5 5 13 19
17 8 19 15 24 29 43 41 33 44 28 17 68 15 19 46 22 50 30 11 14 22 24 51 18 22 11 23 28 25 17 10 15 31 6 7 4 31 3 3 4 4 3 4 3 8 6 7 8 27 26 17 39 18 17 14 14 39 41 9 14 23 29 15 28 24 23 38 16 45 31 18 20 17 35 13 12 19 17 16 7 4 34 13 21 38 12 32 6 22 48 9 21 13 8 6
35 18 41 30 26 30 51 27 56 38 14 21 47 22 22 49 13 20 51 8 25 19 14 39 10 21 19 15 18 20 27 23 4 14 7 7 4 4 15 4 1 5 5 9 6 3 2 10 18 20 37 31 8 16 18 3 17 22 16 7 19 47 35 14 12 38 14 30 13 19 63 12 25 26 16 19 16 15 28 19 19 9 11 21 7 35 45 33 10 15 71 9 12 8 17 7
59 32 19 34 34 37 30 28 52 25 23 23 17 20 21 29 16 14 47 16 23 16 7 16 26 20 18 10 12 12 15 16 19 5 7 20 5 4 8 11 3 10 5 7 7 6 6 3 17 7 4 4 5 14 14 36 26 12 18 15 11 35 20 15 15 24 39 11 33 10 37 10 21 36 7 11 34 8 13 20 27 13 8 3 6 5 32 48 13 10 39 15 12 8 16 12
81 40 25 24 26 31 14 28 42 11 29 23 20 22 16 34 15 16 30 10 10 26 10 4 3 9 9 4 21 31 14 15 22 3 5 1 10 4 5 35 3 4 4 6 7 4 10 5 42 14 9 6 7 8 29 42 20 5 6 26 10 9 28 14 25 14 49 9 49 8 21 23 13 19 8 28 15 12 8 9 15 20 16 7 7 7 5 8 32 43 30 20 13 7 21 11
59 21 13 30 17 17 17 18 41 10 19 15 16 41 15 38 16 38 15 9 8 21 13 7 7 8 9 9 13 15 30 29 6 5 2 2 2 9 3 35 2 2 2 5 5 3 10 4 3 8 12 15 3 20 33 30 18 10 4 32 17 13 6 27 24 23 37 10 40 15 9 14 25 37 13 8 14 5 12 3 4 14 6 9 5 4 6 3 4 9 40 16 7 10 22 13
71 23 52 22 23 16 16 16 15 11 22 20 9 46 44 11 26 21 24 19 16 8 15 11 14 19 11 17 7 7 9 9 8 5 2 3 2 3 6 14 4 1 3 2 3 3 4 13 3 3 7 8 14 46 38 25 17 15 4 10 23 11 17 14 19 39 22 27 6 26 40 6 34 50 15 3 11 4 6 3 12 9 13 13 3 2 3 5 5 4 9 20 14 4 20 5
59 39 15 16 16 19 27 17 18 9 14 12 19 30 27 8 9 11 11 3 13 9 13 18 25 18 14 20 18 4 5 7 25 12 3 2 9 2 1 5 8 1 3 2 4 9 7 4 2 3 4 7 21 30 31 16 4 13 12 7 23 9 14 16 6 15 11 14 8 11 38 8 23 26 1 4 6 11 8 6 1 14 2 4 8 1 1 2 6 6 10 2 25 5 10 3
10 39 10 19 18 15 19 12 45 11 13 13 13 4 26 11 12 5 19 8 7 12 14 15 15 8 16 24 19 2 5 7 10 12 10 6 3 7 2 1 13 1 2 2 2 12 17 5 4 4 7 17 24 24 31 10 7 14 10 12 28 11 5 6 13 9 9 23 7 10 31 16 41 12 2 7 3 1 4 11 2 6 4 5 12 2 4 2 3 3 3 7 11 12 17 2
20 57 12 13 8 16 21 19 10 19 13 11 14 5 14 8 12 6 42 12 4 7 10 37 8 7 12 19 18 3 6 5 13 6 12 6 3 3 6 1 11 1 2 1 2 5 3 6 2 10 8 18 23 30 13 4 9 14 11 14 29 15 24 8 8 15 7 21 6 8 7 11 31 2 2 1 3 2 6 4 4 1 1 6 7 7 6 4 2 2 2 1 3 19 7 2
19 56 30 3 8 10 27 18 9 23 14 7 5 8 6 12 3 18 6 3 5 11 15 9 20 8 6 7 8 7 4 11 10 8 7 7 5 5 6 2 16 1 2 2 2 2 7 20 10 4 14 31 36 27 3 8 14 18 11 16 9 26 10 26 14 6 5 12 4 9 12 21 12 10 6 6 1 6 10 3 8 2 0 3 4 12 9 3 2 2 2 2 1 5 8 7
7 26 33 3 14 7 15 26 7 19 11 5 1 9 4 17 5 13 9 12 4 5 12 14 12 6 4 6 8 14 1 4 6 13 8 3 4 9 3 6 10 3 2 4 2 2 1 15 21 15 28 35 30 6 10 16 19 16 12 17 20 17 5 14 20 2 5 4 9 3 8 12 8 16 6 5 3 10 7 1 14 16 3 4 2 1 4 4 2 4 1 2 3 11 3 7
9 19 28 7 8 3 6 6 9 9 10 4 1 6 6 38 8 6 7 2 6 11 11 15 7 3 3 3 8 6 4 7 12 6 2 1 3 7 7 2 6 3 3 5 4 3 6 37 31 52 53 46 4 6 8 8 12 15 12 14 25 6 16 10 10 25 43 4 3 1 2 20 3 13 11 8 6 13 9 7 9 29 5 6 2 1 5 5 13 10 4 2 18 3 4 13
8 10 35 13 13 5 4 7 2 13 11 7 3 4 3 10 8 4 7 4 6 7 5 5 5 3 14 2 5 11 5 5 12 11 3 2 7 2 3 4 1 2 1 4 16 35 59 31 32 36 15 2 6 8 12 10 11 11 9 5 7 4 11 8 2 18 4 0 0 3 5 5 15 4 15 8 9 10 20 8 12 16 4 11 3 3 3 3 3 6 6 11 3 9 14 24
8 4 2 36 4 3 1 1 1 7 19 4 4 2 4 12 2 3 10 3 4 5 4 4 2 4 2 2 1 9 3 4 5 5 3 4 3 3 1 3 1 2 1 31 25 29 64 69 32 7 2 5 5 8 9 8 10 11 8 2 0 1 11 15 22 26 2 2 1 8 14 7 8 2 17 5 14 6 11 4 5 16 6 10 5 7 1 1 2 1 1 2 6 3 13 19
9 8 3 37 1 4 6 2 7 1 9 3 3 5 5 17 3 6 8 5 2 4 4 12 1 4 1 10 1 1 3 5 9 6 2 3 11 4 1 2 5 38 51 49 62 22 41 70 44 1 4 6 6 6 1 6 7 7 7 0 0 6 26 25 25 7 4 10 9 5 15 14 3 4 6 7 19 14 25 35 36 17 5 8 11 7 7 0 2 3 3 2 3 7 18 13
6 5 2 39 3 1 2 2 12 1 2 9 3 3 3 11 2 4 10 4 2 3 3 11 2 2 2 4 5 5 2 4 5 4 4 8 4 3 3 11 30 53 70 58 68 72 64 42 1 3 8 5 6 7 2 5 11 11 4 2 1 9 21 14 7 5 8 8 8 7 12 26 33 6 4 6 7 11 15 7 3 10 12 23 15 11 2 1 6 1 7 5 3 9 25 6
5 4 2 10 7 12 3 2 11 2 2 8 0 2 1 2 3 3 6 3 1 0 0 6 1 3 7 4 9 3 2 4 3 8 3 5 3 1 5 15 14 6 44 67 72 55 2 2 5 3 4 3 5 6 3 1 2 36 4 9 4 6 4 15 12 5 12 10 7 21 21 19 2 5 5 12 12 10 9 7 8 9 12 9 10 2 6 3 2 1 3 7 2 5 18 5
4 4 2 3 12 4 3 1 5 1 1 4 2 1 0 1 2 1 6 2 2 0 1 1 2 4 6 3 4 2 6 5 5 2 3 4 3 1 6 12 5 21 15 9 5 2 8 11 6 6 3 3 3 0 2 6 3 8 9 6 4 5 2 6 3 3 4 13 24 33 7 2 5 8 8 9 23 10 27 9 13 13 11 9 12 1 3 2 5 1 7 5 3 3 5 2
3 3 2 1 13 1 1 2 7 3 1 1 5 1 1 1 1 1 3 4 1 1 1 4 6 2 2 5 1 2 3 3 4 5 3 2 4 2 13 13 52 44 11 2 7 7 2 3 4 1 2 0 2 1 3 6 2 17 5 2 3 3 7 4 1 4 8 25 19 1 3 0 2 8 20 19 10 11 5 10 10 8 11 14 3 4 5 5 2 1 10 4 3 4 3 0
1 1 3 8 2 1 2 1 3 1 1 1 4 1 1 1 1 1 1 5 1 1 0 1 4 4 4 3 1 2 1 2 2 5 1 3 5 3 10 8 7 17 3 7 8 4 4 6 11 5 1 0 0 1 4 7 1 6 4 3 3 3 7 2 1 2 10 14 1 0 1 4 2 2 4 18 16 19 3 6 8 8 9 5 6 4 5 5 7 1 3 4 1 1 1 1
