sesion_6_simulaciones/modelos_agentes/ejemplos_netlogo/scenarios/cgcm2_b2/rob_2097.asc
NCOLS 322 
NROWS 307 
XLLCORNER 451900 
YLLCORNER 4086900 
CELLSIZE 100 
NODATA_value -9999 
[rows 74 to 147 of 307, columns 0 to 95 of 322]
0 0 0 0 0 0 0 0 0 0 0 0 0 0 0 0 0 0 0 0 0 0 0 0 0 0 0 0 0 0 0 0 1 1 2 4 8 8 6 6 2 5 2 0 0 0 1 2 1 3 1 2 1 1 2 1 1 2 2 2 2 7 6 7 3 2 2 5 7 10 21 11 7 4 23 57 26 29 47 67 70 27 41 50 59 19 10 8 15 9 12 13 9 10 18 14
0 0 0 0 0 0 0 0 0 0 0 0 0 0 0 0 0 0 0 0 0 0 0 0 0 0 0 0 0 0 0 0 0 1 5 9 5 5 17 13 3 5 5 3 1 0 1 2 1 1 2 2 2 1 2 2 1 1 1 1 1 3 11 15 5 6 13 9 8 3 6 13 13 8 15 65 29 13 10 51 50 42 40 30 13 36 34 14 14 11 14 26 23 15 11 49
0 0 0 0 0 0 0 0 0 0 0 0 0 0 0 0 0 0 0 0 0 0 0 0 0 0 0 0 0 0 0 0 0 0 1 5 6 12 9 5 6 18 6 2 3 1 1 1 1 2 4 1 2 1 2 1 5 2 1 0 1 10 6 12 14 12 18 16 22 13 11 4 4 4 14 64 74 28 16 14 39 43 28 12 12 57 53 45 36 9 7 5 31 36 25 34
0 0 0 0 0 0 0 0 0 0 0 0 0 0 0 0 0 0 0 0 0 0 0 0 0 0 0 0 0 0 0 0 0 0 2 2 3 4 2 3 20 5 6 5 7 9 3 1 1 3 3 2 2 2 3 1 1 2 1 2 4 7 6 15 9 14 18 20 23 26 25 24 23 17 9 18 51 40 27 9 39 60 17 10 43 64 16 60 44 26 11 28 42 41 38 23
0 0 0 0 0 0 0 0 0 0 0 0 0 0 0 0 0 0 0 0 0 0 0 0 0 0 0 0 0 0 0 0 1 1 2 2 1 2 4 9 7 13 5 7 9 26 8 6 9 5 4 2 2 2 1 1 2 2 4 5 4 3 4 3 8 13 16 28 26 23 23 37 25 25 12 4 6 18 20 12 22 24 19 20 50 22 16 10 10 33 22 30 23 31 36 38
0 0 0 0 0 0 0 0 0 0 0 0 0 0 0 0 0 0 0 0 0 0 0 0 0 0 0 0 0 0 0 1 5 10 18 13 8 2 7 10 11 22 13 3 4 6 19 22 39 38 24 12 6 5 3 2 2 3 5 5 2 2 3 2 3 6 5 3 7 23 27 24 25 29 20 16 9 19 7 5 18 23 19 30 48 20 33 21 11 25 31 53 68 60 46 49
0 0 0 0 0 0 0 0 0 0 0 0 0 0 0 0 0 0 0 0 0 0 0 0 0 0 0 0 0 1 0 0 1 6 25 38 9 3 5 15 13 10 22 13 4 4 8 22 59 66 75 80 63 19 12 7 5 6 4 5 4 3 2 1 6 6 4 8 9 19 28 22 27 32 28 16 14 7 4 1 8 20 21 31 38 31 14 15 16 23 64 64 66 40 41 65
0 0 0 0 0 0 0 0 0 0 0 0 0 0 0 0 0 0 0 0 0 0 0 5 0 0 0 0 0 1 1 1 0 1 2 17 11 5 4 11 23 50 15 30 22 10 7 2 2 6 20 31 49 65 45 18 7 4 5 4 2 5 2 11 2 1 3 3 5 10 11 32 28 31 35 21 6 1 3 2 5 10 12 33 18 31 40 41 25 19 14 10 32 23 29 45
0 0 0 0 0 0 0 0 0 0 0 0 0 0 0 0 0 0 0 3 3 4 9 3 12 3 1 0 0 0 0 1 1 3 5 3 2 2 1 7 9 8 12 30 17 12 15 9 3 1 1 1 5 23 22 51 23 10 4 25 32 14 8 3 14 7 3 6 2 2 10 20 37 25 17 18 11 7 8 16 6 5 19 45 19 43 44 42 38 43 27 13 11 27 57 69
0 0 0 0 0 0 0 0 0 0 0 0 0 0 0 0 0 3 7 7 1 2 1 0 1 1 1 0 1 1 0 1 1 1 2 4 2 2 6 9 22 29 9 6 4 4 5 4 1 2 3 1 8 4 5 13 26 19 45 35 9 4 4 6 13 3 4 7 8 7 40 33 34 22 19 21 26 31 19 9 14 12 41 48 30 61 58 82 62 59 60 50 13 10 13 13
0 0 0 0 0 0 0 0 0 0 0 0 0 0 0 0 0 2 0 1 1 0 0 0 0 0 0 1 3 3 5 0 1 2 7 5 2 5 7 9 16 26 29 19 2 1 2 3 2 1 1 10 30 16 14 10 6 26 60 14 9 8 3 4 8 5 8 6 20 29 25 26 26 20 21 21 26 23 33 8 13 10 18 15 29 66 31 50 61 76 49 53 51 28 19 13
0 0 0 0 0 0 0 0 0 0 0 0 0 0 0 0 0 0 0 0 0 1 0 0 0 0 1 0 0 0 0 0 1 4 3 5 2 16 9 11 21 22 34 30 13 15 20 15 18 21 15 20 27 22 15 9 16 23 11 14 12 19 13 7 4 2 2 20 19 12 22 15 47 19 15 40 27 23 24 17 13 9 10 24 6 45 35 66 65 78 82 83 65 42 24 18
0 0 0 0 0 0 0 0 0 0 0 0 0 0 0 0 0 0 0 0 0 0 0 0 1 1 0 0 0 0 0 1 2 2 2 4 2 7 6 16 23 12 28 19 12 16 23 15 12 19 21 10 14 18 14 15 27 10 14 19 28 15 6 4 5 5 5 3 5 10 6 16 8 6 40 28 19 24 51 27 29 14 7 16 31 43 39 33 69 65 53 52 71 30 23 16
0 0 0 0 0 0 0 0 0 0 0 0 0 0 0 0 0 0 0 0 0 1 1 2 4 2 3 7 3 1 0 0 1 0 1 1 2 4 6 13 22 8 4 8 7 12 23 3 9 14 11 14 16 27 19 13 15 7 14 15 22 6 7 4 7 8 22 29 24 13 17 11 12 9 8 7 35 46 13 24 24 16 15 11 15 18 30 45 54 62 14 31 47 48 22 15
0 0 0 0 0 0 0 0 0 0 0 0 0 0 0 0 0 0 0 0 1 1 1 1 10 8 7 8 3 11 6 4 2 0 0 1 1 4 3 7 5 3 10 6 15 18 25 6 11 21 9 8 13 29 18 6 11 6 12 19 9 1 1 4 11 4 3 11 30 10 17 14 10 11 19 11 12 19 15 13 8 12 24 21 13 14 11 8 22 20 11 33 17 43 33 21
0 0 0 0 0 0 0 0 0 0 0 0 0 0 0 0 0 1 0 0 1 0 1 4 6 16 16 12 7 8 8 10 2 7 3 3 1 1 1 1 1 3 4 5 7 10 13 4 5 12 4 11 3 21 27 4 10 5 29 9 6 6 6 11 12 3 2 1 45 15 16 10 10 9 9 24 25 45 42 38 49 33 17 11 30 35 29 24 9 6 13 26 31 11 23 18
0 0 0 0 0 0 0 0 0 0 0 0 0 0 0 1 1 0 0 1 0 0 5 10 30 2 25 24 6 12 11 11 6 15 5 9 8 3 1 0 1 2 2 1 5 12 4 5 5 5 6 14 10 26 1 12 20 8 12 3 2 10 16 8 5 5 3 2 13 67 56 27 12 37 35 39 67 59 18 27 52 41 51 46 40 40 36 33 23 9 4 20 20 8 5 2
0 0 0 0 0 0 0 0 0 0 0 0 0 1 1 0 1 2 1 1 2 1 0 8 19 6 3 40 35 8 3 23 9 20 19 34 11 6 6 1 3 3 5 0 1 2 2 2 3 5 30 40 49 33 44 9 2 12 2 1 2 10 6 2 2 2 20 17 6 6 24 25 68 88 66 45 23 19 65 31 7 34 50 42 32 35 38 33 25 9 6 6 4 2 4 11
0 0 0 0 0 0 0 0 0 0 0 0 0 0 0 3 3 3 3 1 1 1 0 9 2 12 15 29 63 26 3 3 2 5 7 18 11 15 26 9 5 2 10 15 15 15 16 6 13 48 63 41 12 16 39 54 23 3 6 6 3 10 4 4 5 6 5 5 14 6 8 10 7 10 7 58 24 24 15 30 46 16 22 53 36 37 35 25 24 23 10 3 8 15 8 12
0 0 0 0 0 0 0 0 0 0 0 0 0 0 0 0 3 6 18 6 1 12 2 2 1 5 3 1 14 15 37 6 2 2 10 3 8 33 10 5 21 3 8 23 41 25 17 32 41 50 72 66 28 59 51 65 32 45 26 21 10 14 2 3 3 5 2 7 7 4 4 2 6 6 6 17 14 21 16 18 30 53 27 30 36 35 17 17 10 5 13 18 22 4 3 4
0 0 0 0 0 0 0 0 0 0 0 0 0 1 1 1 0 8 2 6 3 4 3 4 1 10 3 3 1 21 60 22 4 4 3 12 6 14 44 8 38 3 10 47 43 39 40 63 62 84 79 70 57 88 80 76 58 64 53 12 15 12 2 3 3 5 12 31 15 11 6 19 23 18 12 7 10 23 29 22 13 13 40 37 30 14 16 7 7 22 26 19 25 23 11 5
0 0 0 0 0 0 0 0 0 0 0 0 0 1 1 1 1 2 3 4 5 9 2 4 3 7 8 2 2 7 35 43 19 11 3 7 1 5 37 8 34 6 13 39 42 47 73 77 77 87 80 39 69 63 63 57 52 72 11 8 28 10 5 4 6 4 8 18 20 11 49 13 5 10 11 21 52 52 51 38 28 20 20 26 15 8 18 17 18 24 41 32 15 9 12 10
0 0 0 0 0 0 0 0 0 0 0 0 1 1 0 1 2 1 1 2 3 4 2 5 11 4 13 8 6 2 22 56 5 5 6 7 2 22 53 41 52 42 20 31 52 71 88 83 58 84 59 14 41 10 23 60 73 62 23 57 47 40 13 3 4 5 9 10 10 36 10 19 24 9 13 39 31 20 42 52 51 24 11 9 7 11 23 40 38 39 36 40 17 17 15 25
1 0 0 0 0 0 0 0 0 0 0 1 6 1 1 1 1 2 4 3 1 1 3 14 23 24 11 19 10 5 25 53 7 5 20 18 5 17 11 42 61 82 44 45 58 65 88 84 41 61 15 23 12 5 2 4 57 72 73 68 36 58 7 5 28 38 9 3 9 9 15 32 12 40 41 10 28 52 38 54 42 44 40 16 25 29 44 43 53 35 51 46 32 35 29 39
1 1 0 0 0 0 0 0 0 0 0 0 3 10 1 4 1 4 7 8 12 6 7 12 16 23 21 36 23 23 11 32 11 12 14 6 9 27 12 21 32 71 59 65 60 63 87 93 82 63 29 13 3 4 1 3 5 3 77 62 62 16 7 28 15 21 17 6 5 4 25 18 45 28 21 12 15 9 30 38 56 60 40 26 31 49 43 38 58 28 73 33 37 36 27 29
0 5 2 0 0 0 0 0 0 0 0 1 1 1 9 11 1 3 12 10 12 9 14 34 40 47 47 38 36 40 5 25 40 22 16 10 10 14 7 3 10 65 16 26 24 30 78 82 76 38 25 29 19 17 7 11 3 12 7 8 11 12 25 31 28 12 10 4 7 10 11 22 17 18 8 6 9 25 31 48 52 56 37 37 30 41 50 24 51 43 75 46 44 22 34 43
0 0 4 1 0 0 0 0 0 0 0 1 2 1 7 2 20 4 4 5 8 6 2 4 8 20 26 13 37 41 19 54 72 48 18 40 17 20 16 5 39 57 49 27 31 34 14 40 58 14 27 35 28 22 32 18 9 26 14 25 16 8 21 28 18 11 11 4 14 5 2 4 24 25 19 16 24 32 34 40 39 50 40 37 37 31 43 37 67 69 21 43 49 46 48 32
0 0 0 0 1 0 0 0 0 0 0 1 1 0 1 4 5 26 7 7 4 13 12 14 26 33 30 17 7 9 10 58 53 34 54 60 72 56 13 12 44 41 82 57 50 42 39 13 7 16 41 38 30 25 15 30 32 21 19 17 24 22 35 29 16 11 7 10 16 4 2 6 8 13 17 35 28 34 36 38 36 34 27 42 44 30 31 37 56 8 26 41 33 13 8 20
0 0 0 0 1 0 0 0 0 0 0 1 1 2 4 4 3 4 7 9 15 26 22 26 36 59 39 39 26 12 7 4 46 63 63 29 81 59 38 61 69 25 72 48 80 74 36 16 14 8 26 38 31 26 35 17 35 26 28 19 33 35 60 60 24 10 5 4 10 3 3 4 3 4 4 24 21 24 29 28 35 27 32 42 20 46 37 63 27 19 37 37 39 24 22 34
0 0 0 1 1 0 0 0 0 0 0 1 4 3 1 2 3 6 6 8 19 22 53 42 45 38 63 45 18 21 17 15 7 41 53 16 22 17 71 45 39 14 78 41 22 9 28 19 26 17 26 41 49 41 31 17 12 17 4 10 21 15 37 38 3 9 8 3 6 8 13 12 5 10 12 5 22 23 27 27 20 44 17 7 24 57 31 58 21 9 17 22 25 23 34 38
0 0 0 1 1 1 0 0 0 0 0 0 1 1 8 8 5 4 4 5 6 15 55 60 27 24 30 34 42 39 27 34 18 7 6 22 10 19 74 18 14 28 55 22 21 15 33 24 25 20 10 28 34 39 25 16 13 14 7 9 9 8 9 5 7 10 7 5 6 13 14 4 12 15 12 12 26 25 24 20 54 15 15 23 28 43 33 25 27 5 6 19 23 37 41 56
0 0 0 1 1 1 0 0 0 1 0 1 1 1 2 2 10 11 22 27 16 25 20 16 9 4 16 32 40 31 49 51 16 9 3 5 16 50 32 29 6 57 74 34 31 31 29 37 40 10 15 23 21 23 14 18 15 7 9 4 7 3 6 19 19 9 10 11 15 14 14 10 5 21 9 11 19 14 20 39 22 15 22 15 30 13 29 38 47 20 14 19 29 32 24 52
0 0 0 1 1 1 0 0 0 0 0 0 1 3 3 10 9 15 23 17 18 40 20 13 18 18 6 16 26 19 21 15 9 20 18 20 37 27 43 21 25 33 56 58 46 37 15 20 24 8 7 28 36 43 42 25 15 9 19 36 28 12 9 14 7 4 31 26 12 11 7 55 34 18 14 9 9 10 14 29 11 18 19 7 20 17 31 42 26 44 29 37 30 45 39 48
0 0 0 0 4 3 1 0 0 0 0 2 2 21 10 37 19 7 15 29 32 32 42 22 17 19 17 11 23 22 12 12 19 27 32 33 12 16 23 26 23 8 15 33 42 25 5 10 9 11 16 20 17 18 15 14 18 6 44 44 24 28 6 6 11 7 31 80 65 42 27 18 52 64 24 12 11 15 24 16 4 28 8 16 17 32 13 15 18 27 45 34 64 43 22 28
0 0 0 0 1 1 1 0 0 0 0 1 1 4 20 20 30 37 25 33 25 18 37 18 11 11 7 5 4 7 16 16 26 27 16 30 28 25 21 17 7 14 28 9 41 30 23 20 18 8 8 9 9 34 26 23 18 6 11 12 14 11 26 13 21 27 17 58 72 62 12 22 26 15 53 36 12 13 15 12 23 32 11 57 31 24 24 33 24 33 46 57 28 27 26 13
0 0 0 0 0 3 5 0 0 0 1 1 1 2 2 3 2 4 15 27 26 25 37 45 25 18 22 18 9 5 10 4 7 14 14 25 27 18 27 9 5 21 11 16 41 25 25 19 21 11 10 9 11 26 41 6 10 10 21 19 15 40 35 42 50 26 34 23 64 41 46 17 16 18 19 38 29 36 24 35 13 21 24 41 32 40 40 17 25 71 38 19 39 28 33 30
0 0 0 0 0 0 1 0 0 0 0 1 4 3 10 10 4 2 8 22 31 51 58 63 56 22 15 6 3 5 5 2 2 3 8 8 15 18 13 16 15 20 7 31 6 4 10 13 16 14 21 23 12 25 18 18 13 24 31 10 30 30 19 19 81 39 35 19 8 63 70 30 35 14 42 59 53 75 54 47 32 29 15 39 68 48 63 54 51 61 53 31 45 47 52 32
0 0 0 0 0 0 2 1 0 0 0 2 1 3 10 6 5 19 9 40 72 48 25 35 44 24 18 18 7 1 5 7 11 5 2 7 20 19 5 11 28 31 26 25 9 6 12 26 31 34 17 45 33 36 26 16 18 9 10 34 21 12 12 19 17 49 26 24 12 29 53 79 67 20 7 43 29 65 14 8 35 70 7 23 9 37 38 78 74 65 82 55 51 51 50 49
0 0 0 0 0 0 1 4 0 1 1 2 1 1 1 5 21 22 18 10 10 47 54 33 34 25 36 46 26 10 9 19 13 13 14 5 6 12 12 15 15 24 22 22 18 16 34 33 24 26 28 21 30 25 22 32 40 48 25 11 30 15 10 47 15 36 46 23 14 15 49 61 65 45 22 28 8 48 26 13 3 38 23 24 27 63 23 34 15 10 53 33 42 77 54 69
0 0 0 0 0 0 1 0 0 0 1 2 5 1 3 8 13 17 19 18 13 4 39 68 51 45 38 40 44 17 16 24 12 14 26 30 12 5 6 13 22 17 11 45 23 24 24 56 55 35 47 21 30 59 76 71 36 27 19 17 20 58 33 9 46 15 46 36 22 6 48 50 42 60 19 29 9 49 63 18 10 54 14 25 28 6 35 24 9 23 78 42 24 64 82 81
0 0 0 0 0 0 1 0 0 0 0 2 3 2 1 4 9 16 23 31 27 23 10 27 32 31 11 14 35 17 12 13 10 7 12 18 14 10 8 15 13 7 7 7 29 33 27 43 32 19 17 43 25 20 17 12 18 10 22 28 22 39 47 18 21 42 7 54 36 12 35 59 48 55 27 25 12 56 21 19 5 73 33 21 33 26 13 25 20 37 66 79 30 28 70 74
1 0 0 0 0 0 1 0 0 0 0 0 2 1 1 3 4 6 25 45 45 26 17 8 6 3 12 7 2 3 13 1 3 8 15 10 13 18 14 10 23 20 24 20 29 34 28 27 18 20 35 41 39 51 26 40 39 26 18 32 15 23 34 34 23 64 32 46 66 25 19 32 61 36 58 22 16 52 35 58 45 60 83 38 31 32 13 38 24 15 45 82 42 20 20 70
2 0 0 0 0 0 1 1 0 0 0 0 0 1 3 2 10 9 19 28 34 23 13 18 9 10 11 5 1 2 6 5 4 6 6 9 16 16 11 19 34 27 25 21 12 23 26 24 24 51 37 57 42 42 38 53 51 43 35 44 32 40 22 38 17 58 48 25 67 47 9 35 49 35 70 30 45 32 37 31 57 31 80 57 19 32 30 61 24 14 16 60 47 23 41 37
1 1 0 0 0 0 0 0 0 0 0 0 1 1 1 2 5 9 15 21 23 22 20 16 26 19 22 14 4 1 2 1 1 6 7 4 15 16 7 7 25 21 14 10 22 15 19 16 14 43 59 56 61 42 23 37 69 37 55 52 53 59 26 11 15 15 36 22 40 58 29 23 25 68 53 44 64 31 45 72 58 31 53 76 31 34 17 16 17 24 26 64 44 52 34 12
4 2 1 0 0 0 0 0 0 0 0 1 0 3 2 2 17 15 46 45 29 52 34 38 14 17 21 20 14 1 1 1 10 8 21 21 16 26 25 19 22 17 16 13 14 12 11 21 18 14 13 25 16 29 54 56 71 32 86 74 28 67 38 44 44 19 12 8 28 45 25 44 25 49 14 44 82 63 41 58 70 65 55 83 28 28 34 17 21 9 31 49 49 23 15 18
2 2 2 1 0 1 0 0 0 0 0 0 0 3 4 4 2 9 10 5 12 5 9 16 29 39 22 22 32 7 2 18 14 17 8 6 15 13 13 38 30 11 18 30 26 24 32 36 18 38 41 17 39 59 52 65 51 62 57 67 26 55 66 40 55 67 63 40 18 53 55 69 61 39 37 49 70 74 57 57 61 65 49 79 74 47 10 11 14 27 39 51 62 31 15 10
0 1 1 2 3 0 1 0 0 0 0 0 0 2 10 13 10 6 17 13 9 17 13 23 46 23 27 30 33 31 12 62 23 9 14 8 28 29 31 40 59 31 39 40 32 42 25 35 24 31 37 26 13 45 23 35 70 73 55 59 64 76 80 70 27 67 61 64 49 32 40 61 20 40 41 49 68 55 74 74 57 41 42 82 74 42 46 12 17 40 27 56 47 46 38 24
2 0 0 1 0 1 0 0 0 1 1 1 1 2 1 1 2 7 4 26 14 19 22 24 24 24 40 27 30 22 26 62 18 23 19 15 24 24 27 44 55 29 31 43 30 39 13 17 37 22 21 33 14 9 10 11 45 63 70 75 68 61 71 85 55 43 61 57 46 26 11 21 32 27 38 57 66 81 62 42 34 26 79 70 74 38 28 27 17 25 33 56 19 12 15 47
11 3 1 0 1 0 1 0 1 2 1 1 3 1 7 1 1 3 5 17 28 32 8 12 16 28 31 14 40 34 51 29 30 38 16 10 12 26 55 53 25 21 31 51 50 37 16 14 13 39 24 22 31 24 12 6 18 22 18 48 37 36 64 78 74 52 27 12 13 21 15 16 19 24 31 31 66 57 47 29 10 22 77 65 73 62 32 32 9 32 42 65 62 50 24 12
2 5 3 1 2 1 0 0 0 0 0 2 1 2 18 1 3 2 11 25 16 11 3 17 9 4 23 10 39 50 46 45 49 25 12 26 32 32 56 41 22 42 23 27 46 18 14 21 10 31 18 13 26 12 23 15 14 22 25 9 24 34 39 51 53 27 22 35 28 40 23 15 17 23 26 13 40 33 36 19 16 9 34 21 42 70 34 41 13 43 61 50 39 38 41 16
3 1 0 1 1 3 0 0 0 0 0 2 1 3 1 10 4 7 5 7 12 3 16 12 11 6 17 14 35 27 29 28 42 17 30 34 41 25 44 33 26 36 25 27 36 16 19 17 13 48 27 20 32 32 25 20 35 33 45 28 19 24 9 18 7 7 23 37 39 41 36 21 16 10 11 11 20 21 20 17 17 10 12 12 27 37 14 31 11 34 58 54 33 19 74 52
2 2 2 1 1 1 0 1 0 0 0 0 2 3 1 20 12 4 7 5 13 5 6 11 11 13 40 28 34 22 34 42 16 29 29 49 30 28 57 18 29 40 18 29 30 45 13 30 13 37 26 29 29 43 20 28 28 40 32 38 37 45 21 18 19 12 35 27 31 21 11 8 32 17 11 5 8 19 12 9 8 6 8 18 24 21 17 24 13 64 69 71 69 27 9 19
1 2 2 2 1 1 1 0 0 0 1 1 8 11 6 1 9 6 4 10 14 6 10 23 17 15 38 20 13 9 13 19 26 57 34 24 29 9 35 16 29 25 30 26 16 21 22 28 35 36 35 35 27 35 31 44 46 30 40 31 51 28 17 36 11 21 24 37 16 13 20 41 31 26 25 26 7 5 13 9 9 12 7 21 13 10 35 10 24 64 60 56 76 42 44 12
3 1 1 2 1 0 0 1 1 0 0 1 1 5 5 1 2 7 3 7 4 4 6 18 14 34 27 23 10 9 18 46 21 28 44 31 21 24 36 12 26 20 10 13 13 28 9 17 18 6 21 10 25 41 47 53 62 47 24 38 30 35 29 21 57 19 27 29 34 58 45 29 17 16 20 25 23 27 27 26 31 29 11 10 10 20 40 22 36 51 25 47 79 60 61 39
4 5 4 3 2 1 0 1 1 1 1 1 0 4 2 4 6 3 4 3 5 7 5 4 7 5 11 16 14 26 19 35 13 22 41 25 16 22 12 22 18 18 13 31 43 23 11 35 57 29 44 33 52 63 59 31 41 48 43 31 38 37 54 41 50 40 36 35 57 14 10 13 15 7 4 6 23 18 28 33 31 22 18 8 7 19 41 17 20 12 18 50 86 48 64 53
1 1 2 4 6 6 2 1 3 8 6 3 2 1 0 6 3 3 9 15 34 24 28 13 25 7 6 14 21 15 20 12 10 22 40 27 16 13 9 14 28 63 30 18 28 30 40 18 52 64 79 53 66 80 65 40 57 42 23 24 22 27 54 32 34 44 38 48 18 16 20 27 44 26 25 17 7 23 35 46 36 9 6 9 5 19 33 17 17 15 21 73 77 39 46 82
1 1 1 3 4 5 9 7 4 2 4 1 1 1 1 2 4 6 10 10 27 50 39 14 15 26 45 31 33 12 48 21 19 17 19 18 10 11 26 23 40 7 31 60 24 45 50 38 30 74 74 79 38 66 61 61 44 64 48 40 38 41 14 38 48 53 53 20 24 24 37 54 39 44 55 30 15 32 43 43 13 7 5 10 7 15 7 7 15 19 40 78 51 66 42 80
5 4 2 2 5 2 2 5 2 3 1 1 1 1 3 1 6 5 16 20 8 46 40 57 65 70 60 57 43 18 34 23 16 23 29 52 38 57 66 54 56 61 42 71 33 49 71 71 22 20 16 71 70 39 63 39 32 77 60 56 29 35 40 50 51 52 39 42 41 52 42 24 36 33 32 28 44 27 17 16 7 5 4 5 5 9 6 7 8 11 19 60 30 50 15 39
3 7 5 3 4 2 1 1 1 0 1 1 1 1 2 1 0 2 21 47 17 5 38 76 53 70 60 72 72 79 62 74 73 79 44 66 13 59 77 48 64 81 41 69 73 42 71 39 79 50 27 81 65 60 62 57 82 83 43 63 36 24 33 33 32 41 31 23 20 27 26 30 21 32 33 47 45 30 6 2 6 3 2 4 2 4 4 8 9 22 37 53 19 25 22 19
3 5 24 2 13 14 4 4 3 2 2 3 3 4 4 2 3 4 3 29 18 4 5 15 16 12 45 68 62 67 68 63 77 64 49 62 72 61 65 73 41 79 78 43 63 56 75 42 71 84 55 59 61 45 33 77 65 66 50 63 56 25 26 25 50 37 39 46 47 46 50 33 44 36 52 44 21 9 7 2 1 1 1 2 3 2 4 6 7 14 35 35 8 11 12 13
6 4 3 14 16 20 10 13 10 8 2 6 7 7 3 3 6 4 11 3 2 2 9 5 6 15 37 31 41 55 63 70 33 57 38 73 67 65 69 71 59 70 63 63 68 66 71 77 25 67 54 31 74 22 46 76 59 24 63 27 35 64 18 20 34 34 51 49 49 43 39 43 51 71 60 40 19 8 1 2 1 1 0 0 1 1 3 2 4 8 17 11 7 4 14 19
2 6 10 9 9 14 4 4 14 3 7 3 5 7 2 5 5 4 13 20 14 12 8 9 8 11 4 7 8 11 9 8 16 23 9 7 13 12 11 16 15 19 14 24 25 21 23 72 57 45 76 30 55 49 52 60 22 18 30 32 64 58 33 24 41 44 49 36 34 60 72 65 67 59 41 28 13 3 1 1 1 1 1 0 1 0 1 1 1 2 5 6 5 2 5 7
10 13 15 10 4 2 3 4 11 2 8 4 3 6 3 6 6 5 9 3 5 18 14 8 19 13 7 10 16 20 13 13 34 27 22 27 14 18 22 28 25 30 43 27 35 24 37 16 19 20 45 41 45 51 49 28 35 47 43 52 58 36 26 35 40 39 48 60 71 70 73 53 29 21 10 7 2 2 2 2 1 1 1 1 0 0 0 0 0 1 2 2 2 2 1 2
30 41 24 6 3 1 2 4 2 4 1 2 1 5 1 2 3 2 2 15 11 3 6 5 11 7 4 19 12 9 18 18 8 7 6 16 11 11 19 12 17 32 33 21 18 27 21 35 27 25 13 14 9 8 16 25 42 40 40 40 19 21 25 39 42 33 30 26 44 62 62 52 28 16 5 4 8 7 11 7 4 2 0 1 1 1 1 1 0 0 0 0 1 2 2 1
6 8 5 15 6 3 2 0 1 1 1 3 2 5 1 3 5 1 1 1 15 14 11 11 7 7 6 11 17 22 12 4 11 7 8 12 12 16 17 22 17 17 19 11 8 9 10 11 21 29 38 50 24 17 20 21 27 31 31 15 15 26 24 47 36 22 29 26 25 26 18 21 20 7 4 10 13 11 2 2 1 1 1 2 5 5 5 2 1 1 0 0 0 0 0 0
8 6 9 2 1 1 1 0 3 0 1 1 0 1 3 1 1 3 4 4 5 21 18 11 12 5 7 14 24 5 5 9 6 14 14 7 10 12 11 13 12 13 31 21 23 18 18 24 34 26 33 33 26 24 28 23 26 22 23 24 5 25 25 32 50 48 43 50 32 23 10 8 3 6 11 17 29 14 5 3 2 3 4 9 7 7 7 7 6 2 3 1 1 1 0 0
15 9 4 3 2 0 1 1 1 0 2 1 0 0 1 1 2 4 5 1 5 12 17 15 16 4 21 31 10 3 9 5 10 8 13 14 11 17 17 18 6 18 22 23 16 28 31 26 22 18 24 13 40 30 51 39 26 22 16 12 16 20 25 19 63 69 35 50 39 31 16 14 6 13 24 27 12 3 6 8 7 12 8 14 18 14 20 12 11 9 6 5 3 2 1 2
7 2 3 1 1 3 12 17 7 2 9 2 0 0 0 0 0 1 1 2 7 9 4 9 11 18 38 43 16 9 13 10 11 25 13 19 15 20 8 10 23 23 18 23 23 35 30 14 32 15 27 34 35 25 42 25 44 13 21 9 30 47 21 53 77 52 50 27 22 21 11 5 8 15 26 21 7 12 13 15 23 20 23 37 34 27 23 16 26 24 12 18 8 4 3 3
2 3 1 1 6 26 13 7 20 28 2 7 2 0 0 1 1 1 1 5 9 6 6 17 13 37 23 4 5 4 7 16 8 13 39 14 16 20 21 28 19 20 16 15 21 19 31 26 23 27 35 32 36 28 34 27 46 30 14 7 15 38 53 66 56 57 31 28 23 10 8 10 16 7 28 11 20 21 34 37 48 33 39 51 46 31 41 40 34 21 19 18 12 9 12 11
1 1 1 2 2 19 21 23 37 22 10 9 19 6 1 1 1 0 3 4 1 2 4 17 6 3 6 7 14 19 12 7 25 8 22 22 22 39 21 22 10 23 9 7 10 20 20 34 33 26 22 46 15 29 39 35 18 14 24 16 5 23 22 27 38 56 42 48 25 6 20 15 24 21 66 30 29 31 43 44 56 40 45 61 39 37 53 64 50 43 27 24 21 33 24 12
1 0 1 6 0 1 1 1 24 26 24 29 23 5 8 5 1 1 1 1 3 2 4 4 5 10 13 13 15 13 10 7 8 14 12 18 12 16 17 28 41 15 21 18 6 8 14 14 24 30 34 30 28 9 42 9 19 35 17 18 8 9 15 13 10 10 23 12 7 21 51 27 34 30 69 35 46 49 64 69 82 72 82 81 74 61 64 63 80 75 42 34 32 30 55 27
0 1 1 0 0 1 2 3 2 9 4 20 15 7 10 11 9 7 7 2 1 2 1 2 5 11 12 4 3 4 4 4 5 7 9 10 10 12 12 25 31 48 22 9 36 26 30 11 22 15 13 25 10 25 24 27 27 18 22 17 11 30 40 26 17 10 9 17 31 31 45 51 33 48 65 61 66 57 68 82 70 63 80 77 75 72 70 66 74 65 54 42 60 64 65 47
2 1 1 4 3 2 20 6 6 1 21 34 10 30 18 23 34 20 13 4 2 2 1 1 5 3 2 2 2 1 2 1 1 3 8 9 4 7 16 26 20 26 33 35 3 25 24 27 27 15 16 31 36 21 9 9 15 31 24 20 14 43 30 22 10 21 23 29 55 52 46 73 56 72 62 73 77 67 75 63 39 62 71 56 35 36 55 28 59 68 52 53 52 52 48 65
9 14 22 8 28 3 1 2 12 8 26 36 27 68 40 38 61 36 12 13 6 7 2 1 2 1 3 2 2 1 3 1 3 7 2 3 7 6 8 6 8 18 27 49 31 17 29 19 25 22 20 15 12 44 60 30 28 24 19 23 34 31 36 18 23 33 50 30 49 62 47 59 66 62 78 50 62 55 70 61 20 29 40 49 26 6 8 18 53 49 50 57 24 27 21 52
