sesion_6_simulaciones/modelos_agentes/ejemplos_netlogo/scenarios/cgcm2_b2/rob_2033.asc
NCOLS 322 
NROWS 307 
XLLCORNER 451900 
YLLCORNER 4086900 
CELLSIZE 100 
NODATA_value -9999 
[rows 0 to 73 of 307, columns 96 to 191 of 322]
33 4 1 1 20 4 4 3 4 4 9 9 13 27 25 6 14 8 8 3 10 8 6 23 7 4 8 8 12 8 3 2 6 11 5 4 6 10 16 6 4 27 62 68 78 69 80 80 86 79 76 81 59 32 47 46 46 15 32 26 34 17 13 7 33 43 45 7 6 30 40 21 19 23 21 15 17 21 12 55 38 22 29 30 33 20 23 27 35 54 33 25 21 8 16 32
1 2 2 1 3 8 4 3 3 6 5 10 30 37 15 12 3 3 2 4 8 1 2 3 8 5 8 4 5 24 9 4 3 6 3 6 8 11 17 22 27 36 32 26 83 85 85 81 93 75 86 75 34 38 73 21 8 14 9 14 5 19 14 7 15 8 11 39 36 30 17 41 54 30 44 51 56 23 26 30 26 22 37 39 42 27 27 39 44 38 48 38 48 25 33 34
0 1 1 6 3 5 4 2 2 4 3 6 12 13 3 2 6 9 10 12 19 2 3 4 6 5 9 4 10 10 17 14 2 7 23 20 22 27 32 38 46 56 39 45 16 7 18 47 91 81 80 80 37 71 67 61 39 18 14 21 14 51 73 67 75 48 39 58 24 33 26 30 39 40 47 64 72 68 43 31 31 29 43 43 46 36 38 56 37 39 50 39 46 50 36 37
0 0 0 1 1 1 1 6 2 1 1 3 5 8 9 10 10 17 19 15 6 1 8 8 1 4 6 7 7 3 8 9 9 17 25 17 41 40 61 73 78 78 60 22 10 15 6 11 38 16 28 27 14 35 62 18 59 5 8 19 29 52 80 78 80 82 76 38 56 49 46 55 36 38 53 50 52 25 21 31 44 43 57 56 54 41 38 50 35 33 52 54 37 47 32 51
1 1 1 0 0 0 1 5 11 2 7 5 3 4 15 10 8 39 14 6 8 5 6 14 12 7 7 6 5 19 22 15 4 17 36 37 48 63 80 84 85 76 62 34 19 8 13 29 18 13 22 23 6 46 16 33 49 28 5 11 54 70 58 76 61 35 74 44 55 70 56 49 36 31 56 39 42 36 38 43 49 45 79 59 43 45 44 57 42 44 53 66 34 55 57 60
2 1 0 0 0 0 1 1 10 19 4 8 2 7 9 5 19 13 17 11 3 4 11 9 13 6 9 8 3 5 7 19 17 8 41 60 65 78 83 73 78 76 71 44 17 25 17 23 26 21 27 47 9 20 21 43 24 23 18 18 54 59 20 11 16 36 43 16 21 36 13 44 78 60 50 32 36 36 34 53 44 53 58 54 62 48 47 65 62 43 58 43 56 52 71 34
0 1 2 1 1 1 2 1 3 16 14 4 3 4 5 17 7 15 25 16 18 8 4 5 9 10 15 10 5 3 6 25 28 21 36 75 81 80 75 75 75 71 39 22 27 53 29 43 37 36 28 36 30 31 44 31 14 29 37 14 9 11 10 17 8 13 44 62 42 43 18 44 27 14 59 56 54 57 34 53 44 35 42 37 59 61 50 65 64 39 65 56 54 47 31 27
0 0 1 0 0 1 1 1 2 9 43 41 39 15 11 4 5 12 9 11 23 45 9 22 30 15 14 5 10 8 9 12 30 55 38 65 67 74 73 67 59 25 30 24 52 43 35 59 44 43 25 29 48 54 38 38 32 59 66 67 43 17 3 3 17 10 32 19 43 25 35 23 12 26 16 47 58 82 67 33 52 60 41 51 76 53 54 59 65 63 45 37 16 25 25 20
0 0 0 1 1 1 1 1 2 2 8 40 52 65 32 42 6 6 5 21 23 8 11 17 13 6 11 10 7 12 24 19 39 68 77 42 29 37 26 23 35 20 15 30 60 48 26 38 45 34 30 22 75 46 39 54 41 53 19 39 68 49 24 3 16 15 10 10 4 13 40 35 14 16 41 19 28 35 44 69 64 84 54 61 37 26 38 77 49 56 42 75 55 36 26 33
0 0 0 0 1 3 1 1 1 2 6 1 2 2 2 1 10 5 7 8 11 7 13 9 21 15 11 9 14 17 22 56 49 41 59 50 46 44 22 20 10 8 13 30 61 38 16 17 29 39 36 23 33 82 72 71 18 32 15 57 42 47 12 15 4 9 7 4 13 24 24 30 34 27 38 54 21 23 63 68 41 68 53 46 26 33 24 39 39 55 30 45 76 70 29 21
1 0 0 1 2 1 2 2 4 1 2 1 5 3 2 3 10 2 14 6 9 7 10 12 23 7 5 11 20 33 52 54 80 64 42 39 39 55 51 30 17 7 5 9 35 12 13 21 33 26 38 21 37 45 81 65 33 22 30 51 25 27 14 5 10 13 14 6 23 36 36 42 27 18 45 60 41 18 19 55 38 28 51 64 34 38 26 30 68 54 48 39 67 83 58 31
0 0 1 1 1 3 2 6 7 6 1 2 5 10 9 6 7 18 23 11 39 18 6 13 12 13 6 8 14 68 67 58 57 52 41 31 32 49 44 31 15 7 8 15 18 9 10 34 20 25 51 24 36 54 33 47 32 31 42 38 16 15 33 23 11 8 25 22 33 62 71 72 19 32 48 57 40 22 21 61 37 9 36 63 32 40 35 29 53 35 28 35 54 64 64 57
0 0 0 1 2 2 2 2 3 5 6 3 1 2 4 12 20 8 27 20 48 49 10 7 6 9 6 13 27 47 70 48 46 39 39 47 48 18 22 39 14 5 5 20 16 7 16 19 25 38 55 43 41 64 44 37 42 39 50 18 16 18 29 24 13 10 9 23 40 26 48 46 34 27 31 56 28 25 10 20 39 8 47 72 33 37 47 29 20 42 33 16 22 39 57 70
0 0 0 0 1 0 0 0 2 3 6 4 4 5 6 3 20 7 41 14 8 8 31 18 13 8 12 44 45 36 42 44 33 16 16 15 13 8 8 11 13 2 2 1 6 5 9 14 43 59 67 60 43 47 30 46 52 44 39 37 14 12 31 33 24 22 11 12 14 9 4 4 21 33 32 40 29 41 25 16 7 11 24 61 62 31 38 39 23 20 38 20 30 52 75 55
0 0 0 0 0 0 0 0 1 1 3 3 4 6 6 4 3 4 32 16 11 29 36 15 19 15 18 17 40 44 22 14 12 17 22 15 14 11 5 2 10 2 6 4 1 2 9 21 27 58 56 51 41 49 30 58 59 50 50 53 10 28 37 38 25 16 7 10 6 4 4 22 51 45 39 47 47 39 21 21 32 11 29 58 64 31 15 18 21 16 11 10 24 40 50 44
5 0 0 0 0 1 1 0 0 0 0 0 0 1 2 3 6 10 4 2 5 9 5 37 23 28 14 17 14 10 12 28 33 33 22 27 44 39 17 3 4 3 1 4 2 2 2 10 22 26 35 28 26 26 40 28 42 40 55 49 9 26 9 37 53 31 11 12 14 3 9 35 47 53 26 17 30 39 47 40 29 25 26 44 69 82 54 37 18 13 12 6 21 54 46 35
0 0 1 1 1 1 2 1 0 1 2 2 1 1 2 5 6 9 5 9 8 3 5 12 44 29 31 37 61 43 28 16 20 30 29 45 56 53 30 3 7 6 2 4 10 10 9 2 8 13 10 9 7 8 13 34 43 51 54 52 16 35 25 29 42 14 9 11 7 7 10 40 33 45 17 14 24 23 43 36 33 28 32 31 64 83 79 31 18 14 12 8 18 40 54 46
0 1 1 7 7 1 1 1 0 0 1 0 1 1 1 2 5 5 8 10 5 4 6 8 24 31 9 20 19 13 27 26 34 22 54 73 51 54 32 17 25 25 17 17 27 25 26 12 3 1 1 2 1 1 4 35 68 84 60 27 46 32 27 19 31 23 11 21 6 7 43 43 49 39 16 27 50 31 32 39 23 18 13 8 48 57 51 54 32 16 13 8 10 22 28 14
0 1 2 1 0 4 0 0 0 0 1 0 0 0 0 1 1 3 4 2 5 6 6 7 36 51 25 23 16 30 38 44 28 50 56 59 25 26 27 47 35 41 49 58 49 28 36 25 11 7 5 4 6 1 1 5 63 76 48 31 30 38 20 15 25 8 10 12 3 32 62 58 49 51 21 22 49 46 41 67 43 26 12 7 14 36 37 37 37 19 14 11 5 12 43 9
2 2 0 0 0 1 5 0 0 0 1 2 1 1 1 4 1 1 2 3 6 8 11 5 25 24 18 27 32 30 33 62 48 43 44 25 40 41 34 44 65 67 55 28 31 15 25 27 14 10 8 2 4 2 5 3 15 25 37 45 29 18 15 34 31 5 11 36 63 47 63 77 38 71 34 15 40 61 43 62 49 46 29 10 9 27 49 33 45 23 18 8 3 6 27 22
2 1 0 1 0 2 2 2 1 2 2 2 2 1 1 1 1 2 3 3 3 4 4 2 11 22 18 9 9 26 19 17 31 41 55 32 30 44 28 64 36 33 47 30 17 13 14 16 15 6 10 9 3 6 8 6 8 20 39 39 12 12 52 44 26 6 23 34 47 59 46 51 28 34 57 41 25 20 23 60 25 21 34 22 13 5 27 16 43 17 19 7 5 4 7 17
3 1 1 1 3 2 3 5 5 5 10 4 2 1 2 1 2 1 1 8 4 6 6 5 23 14 27 23 12 20 18 29 34 60 61 46 71 37 54 24 38 20 13 11 19 18 34 21 18 6 8 6 6 6 11 8 9 14 34 39 42 12 19 23 15 18 43 11 34 54 57 38 42 19 47 57 33 18 19 68 77 34 13 41 23 5 4 7 33 20 18 15 5 4 4 14
2 1 0 1 4 3 1 2 2 2 1 2 5 2 1 1 1 2 1 5 15 11 13 8 24 8 15 32 16 11 38 58 60 22 12 73 63 31 31 31 38 44 20 10 6 16 11 3 4 4 9 5 6 6 6 7 4 7 15 14 14 16 11 11 14 34 48 6 29 20 44 53 39 13 11 36 35 44 20 40 75 45 35 11 21 7 2 6 29 34 6 19 8 3 4 10
3 1 0 1 5 4 2 5 13 3 9 4 4 20 12 6 5 5 4 24 13 21 17 12 24 21 12 36 40 23 18 18 8 7 8 22 36 43 19 36 34 43 34 27 14 3 2 1 1 1 3 3 1 2 4 2 2 3 3 9 18 16 11 18 38 36 25 11 21 21 21 37 28 27 17 50 49 32 23 11 41 44 22 35 10 5 3 3 3 14 4 8 7 2 2 3
5 3 0 1 7 6 4 2 17 7 2 8 12 15 18 20 40 8 11 9 24 28 50 27 18 21 42 30 57 35 17 11 23 22 14 2 8 37 35 14 26 44 52 48 25 15 10 6 4 3 1 1 1 0 0 0 0 1 5 12 26 17 24 28 16 39 18 25 27 24 15 23 37 40 9 34 41 23 24 14 25 37 13 6 18 8 3 3 2 4 4 5 7 2 1 1
17 8 3 4 10 3 7 2 6 11 10 9 21 27 36 20 37 43 13 14 45 73 74 82 72 64 63 44 63 48 69 68 72 44 20 18 20 15 12 23 45 31 37 42 45 37 29 17 13 9 5 4 4 3 3 3 3 2 11 22 22 20 15 18 15 30 31 40 13 33 12 9 32 21 10 22 19 10 12 9 9 13 32 4 5 2 3 1 1 2 1 3 1 1 1 1
14 8 13 13 14 3 6 5 14 21 17 12 13 45 57 42 43 76 56 72 76 77 82 82 73 79 75 70 76 81 54 25 43 52 44 22 29 23 10 8 31 38 41 57 44 40 37 25 22 16 11 11 10 9 4 8 5 5 11 11 18 12 7 10 8 38 20 36 27 27 7 10 14 17 10 18 15 22 5 8 7 3 9 5 2 5 2 1 0 1 2 1 1 1 1 1
9 16 13 11 17 17 20 14 19 33 31 49 41 50 65 84 78 66 76 37 44 51 65 79 75 70 79 79 80 81 24 15 14 15 30 33 43 24 32 22 22 47 50 42 39 35 27 51 39 23 17 17 15 13 12 12 11 3 6 8 10 7 8 15 29 45 35 18 24 11 11 5 11 10 10 6 5 8 11 5 8 4 5 4 1 4 2 1 0 1 1 1 1 1 1 0
12 29 16 11 22 18 21 20 29 52 66 77 85 86 90 88 78 78 83 67 37 19 49 66 48 44 35 60 64 58 40 9 8 6 8 14 25 21 25 30 12 24 29 29 17 15 8 18 23 22 34 32 19 16 16 25 14 4 5 5 3 9 21 28 33 25 13 13 9 18 12 16 7 6 6 5 4 4 8 4 3 3 2 2 2 1 2 1 1 0 1 0 0 1 0 0
15 30 13 16 42 39 34 51 67 80 87 85 84 87 83 90 77 77 90 44 73 34 20 41 27 16 20 22 24 26 48 30 21 4 7 4 13 10 10 25 21 18 35 12 16 13 6 11 12 7 6 6 6 10 10 4 17 8 6 4 6 10 23 25 25 18 7 15 22 13 13 8 6 4 3 2 2 2 3 3 2 2 1 1 1 0 0 0 0 0 0 0 0 0 0 0
8 37 34 33 45 62 73 80 74 87 82 90 75 88 80 84 62 68 86 74 36 42 22 11 10 9 4 3 12 13 19 60 28 9 10 7 23 45 42 27 26 16 14 7 5 8 8 3 2 3 3 11 19 18 9 8 20 12 17 5 9 12 19 14 21 8 4 8 17 14 9 5 2 4 3 1 1 0 1 1 1 1 0 0 0 0 0 0 0 0 0 0 1 0 0 1
29 48 65 64 80 88 84 85 82 83 78 90 76 78 58 76 60 73 73 77 24 46 45 18 12 3 3 1 4 6 6 14 20 10 11 14 8 16 16 17 12 11 12 19 16 9 10 4 7 8 23 44 40 23 37 7 23 21 4 2 2 7 6 13 9 10 4 3 3 4 4 4 2 1 1 1 1 1 1 2 1 1 1 1 2 2 1 1 1 1 0 0 3 1 1 2
58 72 77 83 82 80 85 81 82 72 88 68 42 58 52 52 58 61 64 70 33 19 26 16 13 8 3 5 11 12 13 24 18 7 21 17 22 22 33 21 36 23 32 31 34 29 19 16 12 16 25 54 62 59 52 23 28 22 10 13 6 1 2 2 2 2 3 2 1 1 1 1 1 2 4 4 6 4 6 3 3 5 2 4 3 8 3 1 3 2 1 1 2 2 1 3
77 83 84 73 83 82 87 74 73 54 68 17 29 22 28 41 42 32 33 56 32 13 6 5 8 12 12 10 15 6 38 44 41 29 38 40 37 31 35 35 35 37 36 34 48 33 37 20 10 40 40 44 60 46 35 28 52 30 24 37 23 14 13 12 10 10 17 9 6 5 6 6 11 10 10 6 11 10 9 9 8 8 6 6 12 7 5 3 4 2 3 2 4 2 6 6
21 30 56 51 71 67 78 73 37 8 4 5 13 8 7 8 10 18 35 49 30 8 11 18 10 10 36 26 39 28 40 42 43 38 39 61 48 26 49 43 41 53 51 49 37 34 40 27 21 32 46 45 58 69 52 53 40 31 38 39 30 32 29 32 29 23 31 22 16 8 14 14 13 13 24 14 14 22 14 19 17 10 13 13 24 9 6 5 5 4 5 3 7 8 9 15
26 17 11 11 7 8 25 27 26 9 6 8 13 13 5 3 2 4 16 24 13 8 36 11 26 38 48 40 54 39 37 34 53 47 31 49 46 30 43 50 41 59 39 35 36 40 55 40 26 30 50 50 30 77 57 69 39 42 50 39 49 36 32 30 29 19 38 21 12 17 18 19 29 17 25 17 17 30 27 25 16 15 24 17 18 11 8 8 8 7 7 7 23 14 11 10
45 59 47 21 19 15 4 10 14 5 10 12 10 5 2 3 1 8 7 12 22 41 48 24 46 41 49 47 37 17 6 19 40 40 32 45 30 35 45 55 58 36 41 37 36 57 46 30 43 39 55 65 44 78 74 40 68 61 55 37 47 39 52 48 33 35 28 26 23 13 23 34 34 21 32 31 24 38 23 29 22 32 33 41 23 12 6 15 10 10 15 18 24 10 25 13
54 39 36 24 13 10 11 10 21 23 25 23 14 4 5 11 12 14 20 32 61 61 61 39 43 34 34 43 44 38 22 18 38 33 47 31 27 38 35 50 23 19 44 49 40 73 45 47 57 34 65 41 74 76 48 59 75 61 38 53 39 53 50 36 24 39 34 30 16 29 46 52 46 29 40 42 44 46 28 24 29 39 38 27 19 9 8 23 17 10 29 32 31 11 7 37
29 41 47 35 35 20 35 29 37 41 41 49 33 22 18 28 17 26 39 48 61 46 24 42 56 38 21 30 45 41 32 19 30 39 22 50 32 60 44 30 35 23 50 34 32 77 57 56 44 35 48 74 71 56 50 47 62 72 41 56 55 64 51 28 52 47 49 32 15 35 49 72 56 39 47 53 55 39 31 22 39 65 55 40 33 13 28 48 30 12 24 51 48 20 10 37
56 63 33 34 22 34 47 37 35 53 49 50 41 38 40 33 35 45 48 49 58 45 43 52 40 27 28 45 34 43 24 34 21 17 45 51 54 39 43 28 31 17 51 17 15 54 57 59 36 44 54 40 74 23 17 14 36 61 34 63 72 57 50 70 54 52 32 13 22 55 61 80 68 49 54 68 77 48 47 27 50 74 48 31 25 21 42 60 38 22 15 67 76 44 24 36
33 45 28 48 34 46 47 48 45 44 59 54 42 40 63 31 36 49 45 45 58 53 33 53 38 37 44 37 38 48 24 41 24 23 25 52 21 34 24 41 31 31 39 22 45 42 72 53 24 40 59 54 54 33 28 18 26 37 28 70 76 66 66 70 30 49 19 16 26 61 74 77 74 57 64 74 83 42 55 26 55 84 57 28 23 31 53 70 50 31 23 61 72 58 19 42
27 40 61 40 27 36 49 37 33 39 62 47 38 53 38 35 24 45 55 36 34 44 51 50 36 35 28 25 26 72 29 47 24 29 33 53 44 33 22 30 21 38 32 24 42 35 52 29 32 22 36 74 57 42 27 29 59 27 32 64 57 62 83 46 55 47 30 32 45 49 76 76 77 48 57 77 63 41 64 34 47 75 63 52 32 36 62 75 55 40 29 46 69 46 34 48
18 18 41 19 16 13 36 30 21 31 33 34 28 41 36 31 34 32 43 39 31 19 32 46 43 37 44 23 20 31 42 61 26 20 35 55 29 17 20 33 21 38 27 26 35 38 42 24 21 22 23 56 18 24 34 30 50 22 43 53 44 66 35 50 74 38 35 39 59 49 65 84 64 38 60 77 65 46 69 44 52 74 50 47 47 35 37 75 75 46 29 51 71 49 35 52
5 14 8 9 12 13 27 33 15 31 29 38 39 26 25 37 27 28 32 39 21 17 17 40 42 30 44 15 21 40 34 44 15 20 36 24 20 30 23 38 46 18 23 42 36 22 14 53 20 17 14 31 10 18 24 49 43 59 48 29 24 18 41 73 34 44 57 33 45 53 50 75 38 34 55 74 48 49 63 31 64 68 46 50 52 55 25 36 78 44 37 46 71 62 51 44
3 4 5 6 14 5 10 10 15 23 20 35 27 23 25 26 23 18 19 26 29 14 36 29 39 34 30 28 6 20 40 52 6 13 17 46 15 9 14 18 48 23 19 11 15 22 23 5 17 26 19 39 29 17 29 32 65 51 36 60 46 25 58 33 55 63 31 34 39 58 32 70 26 32 44 68 38 64 62 31 49 50 37 64 65 62 37 35 75 57 35 51 59 42 51 40
1 2 4 7 10 3 11 10 12 19 21 39 22 13 15 22 25 34 17 8 10 8 43 7 21 32 26 19 8 16 18 16 3 4 27 6 5 3 23 6 38 18 20 12 19 20 18 49 62 75 68 48 55 47 31 48 56 36 39 44 34 40 50 24 60 32 36 37 43 64 30 51 33 52 24 43 31 58 42 32 59 35 37 51 69 36 48 30 52 43 49 38 70 73 74 62
2 1 5 2 3 14 2 4 9 13 21 23 12 22 7 25 7 23 17 8 5 14 19 16 18 24 22 28 5 5 3 12 14 17 8 6 12 15 20 16 18 20 27 43 22 65 35 79 52 60 40 41 54 71 76 59 58 19 29 53 38 39 15 22 49 34 34 39 51 60 63 51 56 46 33 66 31 65 29 29 70 28 65 60 70 44 55 43 42 64 58 71 71 75 80 89
0 1 1 1 1 3 13 3 7 5 4 7 4 11 7 14 9 19 16 19 12 16 16 24 6 8 13 9 14 17 4 3 7 9 44 49 31 35 58 76 52 56 53 79 54 38 71 77 32 64 47 38 50 73 68 53 61 65 54 74 58 66 65 40 46 51 56 52 41 46 63 63 55 78 83 79 79 89 84 64 68 74 76 72 36 86 86 74 68 37 56 44 56 79 59 66
0 1 1 2 8 23 4 3 1 0 1 2 4 12 12 12 9 21 10 10 13 14 12 24 14 10 4 4 5 4 3 7 8 2 5 40 52 13 21 63 62 65 44 77 84 38 42 53 66 58 69 21 31 73 76 41 83 75 88 83 44 67 53 57 51 65 53 73 73 18 30 69 71 33 65 80 54 77 59 83 49 70 82 71 48 83 75 64 88 80 64 38 52 67 48 36
0 0 1 0 0 1 1 1 0 2 3 3 12 9 5 10 4 13 6 7 11 7 13 17 11 8 2 3 10 14 8 1 4 4 3 9 16 7 11 38 55 26 67 82 68 27 45 31 50 49 66 28 34 61 57 74 63 56 74 82 51 17 35 71 69 75 69 62 64 69 22 63 81 38 64 83 31 23 36 86 79 54 46 58 68 73 72 79 89 78 50 69 33 28 63 69
0 1 0 0 1 2 2 1 0 2 3 5 3 6 3 8 6 8 4 5 4 8 11 6 9 9 1 2 4 7 5 3 8 3 4 3 7 38 18 51 27 50 39 42 81 58 34 20 43 44 53 57 29 68 70 89 49 75 90 89 74 18 52 60 63 83 75 80 55 80 42 32 71 40 64 83 51 40 28 73 64 70 18 18 31 70 78 72 80 67 29 74 49 35 50 61
0 1 0 0 0 0 2 1 1 1 3 6 4 2 6 10 6 6 3 3 8 7 4 4 4 3 1 2 2 6 6 4 4 4 6 9 8 13 44 77 42 62 38 63 63 72 39 37 57 52 83 85 49 68 87 92 63 86 91 82 75 41 75 80 61 54 45 36 61 84 47 29 54 29 67 72 88 43 52 84 63 75 68 29 25 45 66 61 59 43 64 88 49 30 18 18
0 0 0 0 2 0 0 2 1 1 3 3 2 3 4 8 10 4 3 5 2 3 2 2 4 6 2 3 9 11 18 10 9 13 21 25 16 22 61 52 57 29 23 70 74 47 29 25 40 55 76 70 71 50 76 91 67 72 83 78 84 75 77 88 44 49 59 36 62 77 73 48 15 34 79 76 82 73 42 86 43 65 77 49 28 24 56 45 49 23 75 87 67 45 44 16
4 0 0 0 0 0 0 1 1 1 4 3 1 2 2 5 5 2 2 2 3 2 1 1 3 4 5 18 40 6 8 7 34 26 26 26 10 28 43 44 71 37 57 33 84 38 43 36 21 41 69 66 48 26 28 65 69 79 84 82 91 78 80 79 78 54 60 46 51 61 83 61 32 28 65 77 83 82 59 71 65 60 65 79 46 27 17 19 18 33 72 52 78 49 42 23
0 1 1 1 0 0 1 0 0 0 2 2 0 0 4 2 1 2 1 3 4 2 2 4 1 2 1 3 15 7 6 30 18 18 45 29 16 9 4 22 24 17 6 6 32 32 69 58 22 14 38 18 29 16 13 22 22 60 65 64 71 74 67 65 88 53 53 43 15 69 92 48 31 27 68 60 59 67 39 51 53 22 65 79 65 40 10 12 14 24 15 38 82 48 29 31
0 0 2 3 7 0 0 0 0 0 1 0 0 0 2 1 1 1 1 1 5 2 2 4 11 27 6 5 7 7 12 13 34 42 33 25 23 29 13 7 12 31 15 7 14 20 31 42 41 15 18 14 30 17 20 36 27 16 27 47 47 21 32 66 91 74 41 42 51 75 88 56 24 15 28 41 62 47 57 62 51 15 48 66 78 29 17 9 31 36 20 39 89 62 54 52
0 1 0 3 4 6 2 1 3 1 3 0 0 0 1 0 1 1 1 3 1 10 3 4 20 35 19 4 4 17 17 12 28 39 17 9 32 35 13 12 14 42 25 15 23 20 22 18 18 9 17 41 48 44 38 35 26 20 17 12 4 2 12 76 79 77 53 26 31 69 80 75 65 27 16 38 53 39 39 25 49 34 21 68 73 58 21 12 31 26 47 79 81 83 64 55
2 4 7 2 2 6 12 1 1 1 1 11 1 1 1 0 0 1 0 0 0 1 1 3 10 22 11 26 26 38 15 12 38 20 32 34 25 39 20 28 22 36 38 23 11 37 22 27 19 7 15 51 61 68 63 55 42 36 32 28 32 27 29 50 52 64 54 20 9 40 41 75 77 36 16 41 52 36 21 32 59 29 19 17 70 75 22 9 34 45 43 69 44 78 45 23
0 0 1 4 5 5 2 0 1 2 10 13 12 3 5 6 0 1 1 0 1 1 2 2 5 6 13 27 33 21 14 16 12 7 39 38 14 17 27 46 32 41 34 25 9 16 49 38 25 15 13 33 71 71 71 71 56 56 50 48 72 75 78 67 54 52 42 27 10 7 31 46 79 60 53 17 35 40 20 4 15 23 25 37 56 75 36 14 8 24 29 26 71 74 87 50
0 0 1 5 14 14 42 3 8 2 4 2 12 15 7 4 4 0 0 0 1 2 1 3 7 4 9 14 12 9 6 24 40 28 45 29 25 36 54 29 48 45 25 31 37 38 49 50 35 25 13 17 38 64 61 71 71 68 48 38 30 44 51 56 66 62 66 54 33 3 9 42 50 59 52 42 24 12 15 13 37 26 12 19 18 57 54 14 5 12 18 24 20 61 54 66
11 4 2 2 1 16 6 2 2 18 4 6 2 3 2 1 5 1 1 0 0 1 2 8 15 3 10 19 17 23 25 55 35 20 25 35 23 25 19 8 16 49 63 42 60 47 40 37 38 37 33 14 10 12 43 44 41 59 62 53 47 42 29 31 33 51 62 60 58 47 32 54 47 65 35 33 25 14 22 14 12 11 7 26 20 55 63 12 4 16 24 17 20 20 55 67
11 16 11 3 2 12 31 19 4 5 5 3 1 2 1 1 2 4 0 2 2 3 2 11 7 10 4 6 6 6 4 9 9 25 21 22 24 28 33 31 19 8 20 64 64 74 64 49 43 22 30 29 18 8 14 23 19 16 25 33 35 48 48 36 18 19 44 53 55 38 47 67 45 68 51 31 29 29 15 8 8 16 7 11 19 13 47 17 3 8 20 21 9 7 50 65
4 4 47 18 5 15 7 35 21 12 15 3 1 5 3 8 4 6 2 2 1 3 6 5 5 6 8 29 18 10 14 29 18 22 27 44 43 48 44 48 50 39 21 13 12 55 62 57 39 26 19 27 18 8 3 3 3 4 3 4 7 18 16 23 23 11 11 17 18 18 42 41 41 36 34 33 41 34 18 20 17 12 6 7 24 33 20 27 5 2 12 17 10 29 71 24
3 4 17 8 6 6 1 1 43 60 58 45 4 10 4 2 1 11 2 4 2 2 4 4 14 5 15 22 11 15 29 36 19 25 33 41 40 47 44 45 48 41 56 47 44 26 13 9 31 31 36 11 9 5 8 13 13 13 11 10 9 3 2 3 4 3 2 2 2 9 15 25 20 18 14 10 10 25 22 17 11 5 16 12 13 21 16 31 16 3 2 13 35 68 34 65
7 6 11 48 24 6 7 4 3 64 7 8 11 6 7 8 7 1 3 5 0 1 1 5 8 6 6 6 6 7 7 8 19 25 27 30 49 58 42 53 58 61 56 55 56 41 34 31 19 10 8 5 6 19 21 34 33 32 26 34 10 3 2 10 11 16 6 7 2 1 3 10 8 5 5 5 5 10 14 23 19 5 4 5 5 6 13 20 26 5 2 11 68 33 33 42
12 8 14 26 16 22 32 5 1 2 1 1 2 4 6 35 3 6 5 8 2 1 1 2 2 3 7 7 11 8 7 10 13 21 36 39 41 41 38 60 57 44 38 39 44 33 29 40 30 26 29 27 29 44 42 39 53 51 50 35 14 10 12 21 19 12 16 6 2 2 2 1 1 1 1 1 2 2 1 2 4 2 2 1 2 2 7 14 11 6 3 35 33 14 47 39
27 14 8 3 24 22 62 36 25 22 13 6 3 3 20 10 43 30 11 8 20 10 9 1 1 1 4 5 3 5 5 15 25 13 5 16 45 46 27 25 37 47 35 26 37 28 37 39 44 37 44 29 31 47 59 59 58 58 64 49 23 23 34 30 38 38 34 21 8 6 2 1 0 1 1 3 10 5 3 2 2 1 1 1 1 1 2 5 14 13 4 47 7 5 34 43
26 22 18 31 20 30 20 14 14 50 14 29 5 10 19 37 63 41 16 14 26 5 5 7 4 3 6 1 3 4 17 4 5 6 13 17 40 59 51 56 53 41 51 41 47 38 43 44 47 29 58 49 46 42 58 61 78 75 71 50 21 46 42 54 54 65 50 35 23 9 6 6 7 8 10 18 24 15 7 8 12 12 5 2 2 1 0 1 3 14 7 31 5 4 31 60
27 26 7 6 27 20 57 44 26 24 40 52 29 13 27 67 66 33 15 33 5 20 3 5 3 2 1 9 1 6 4 2 2 18 11 17 25 40 50 51 53 36 37 41 42 45 48 63 52 40 48 63 47 49 65 74 80 69 53 41 39 52 62 62 62 76 64 45 29 13 21 21 20 27 29 29 40 26 22 23 21 17 8 12 10 4 3 1 1 4 4 5 5 3 10 23
24 33 23 8 42 43 54 45 74 52 36 16 9 48 58 51 43 25 20 64 9 38 5 6 6 4 4 10 13 2 3 4 5 16 16 23 31 54 36 55 58 43 21 43 41 42 52 69 59 34 36 64 60 50 63 79 75 60 44 33 36 67 64 66 79 74 58 48 22 18 30 29 30 42 42 55 53 53 34 35 46 31 25 32 19 13 5 1 1 3 3 6 4 1 4 8
25 7 25 10 4 51 31 22 38 61 50 39 7 33 68 43 7 16 44 60 9 54 9 6 22 17 3 11 17 24 6 2 5 5 18 13 10 13 23 21 47 31 42 40 43 27 62 44 64 34 68 57 56 46 72 84 62 56 38 50 51 63 60 74 81 72 61 56 27 42 54 55 33 53 66 62 63 53 44 49 59 51 39 39 12 7 2 1 1 0 1 3 3 1 3 2
20 21 14 24 7 15 55 67 67 46 23 27 10 20 47 59 23 40 78 53 19 57 14 9 7 15 9 25 21 5 18 30 7 7 8 14 5 13 9 25 32 26 29 48 37 36 41 49 30 35 82 33 54 44 79 56 51 57 36 45 45 58 70 79 64 72 58 42 35 52 62 62 39 63 60 72 74 60 52 58 72 55 52 21 8 8 6 6 5 1 0 0 1 1 1 1
34 19 25 18 23 22 33 49 40 54 57 30 59 16 8 5 45 86 77 44 46 33 27 32 35 15 7 17 24 23 18 4 7 3 6 2 3 7 9 36 16 30 36 35 23 25 27 35 45 53 26 23 52 70 43 57 45 33 38 37 35 54 81 67 68 53 37 40 56 68 66 66 57 66 48 54 66 44 55 61 75 39 19 17 19 21 27 11 6 2 1 0 0 0 0 0
33 29 25 22 54 32 60 79 46 40 37 54 62 64 9 3 15 22 19 9 27 48 37 16 12 17 14 17 15 10 3 1 4 8 1 3 5 7 14 14 13 10 33 8 11 9 14 38 10 12 17 25 36 56 42 38 20 27 49 48 38 75 68 68 60 63 44 40 53 69 65 52 55 67 50 28 76 57 61 77 45 41 33 32 57 53 28 11 8 5 2 1 1 0 0 0
