sesion_6_simulaciones/modelos_agentes/ejemplos_netlogo/scenarios/cgcm2_b2/rob_2020.asc
NCOLS 322 
NROWS 307 
XLLCORNER 451900 
YLLCORNER 4086900 
CELLSIZE 100 
NODATA_value -9999 
[rows 0 to 73 of 307, columns 192 to 287 of 322]
41 37 19 10 30 56 29 13 12 15 16 5 4 2 4 3 2 2 2 2 2 2 1 1 2 4 2 4 4 13 3 1 1 0 0 0 0 0 0 1 1 1 1 3 6 7 6 13 24 32 20 24 31 42 44 57 44 81 49 41 9 12 19 46 57 44 60 54 27 39 22 12 16 21 40 23 20 39 57 29 16 17 16 17 15 11 29 25 25 28 11 24 36 61 21 7
51 30 35 33 39 57 19 26 35 21 12 9 13 11 6 5 6 1 2 3 3 2 1 1 1 4 1 1 1 2 12 4 0 0 0 0 0 0 1 0 1 0 0 1 2 3 7 7 17 59 74 57 40 42 45 43 69 67 66 21 26 15 48 42 54 51 57 42 45 20 6 24 12 20 51 25 52 39 35 35 28 33 33 18 13 6 18 27 29 26 16 29 26 31 16 13
31 57 38 35 58 49 34 15 9 21 21 22 32 29 14 22 12 10 14 13 9 3 2 1 0 1 0 0 0 1 1 3 2 0 1 0 0 0 0 0 0 0 1 3 3 8 8 13 20 39 46 46 57 50 66 73 40 34 44 24 23 31 41 31 36 63 31 28 21 27 15 15 13 19 60 23 57 49 26 41 30 25 30 29 13 4 11 15 28 21 15 42 23 39 14 3
41 42 64 53 42 36 33 31 30 51 26 45 57 42 32 46 29 13 19 28 14 10 6 2 2 1 0 0 0 0 0 1 0 0 0 0 0 0 0 0 0 1 1 1 2 9 9 13 5 12 10 16 28 58 47 53 51 18 26 32 36 21 25 45 33 58 46 39 51 21 29 24 8 8 40 23 30 24 32 39 30 29 29 30 15 4 9 22 36 16 26 24 22 35 10 2
30 23 44 14 49 56 50 35 49 45 40 31 32 26 33 51 34 37 37 39 29 13 8 7 3 4 2 3 2 0 0 0 0 0 0 0 0 0 0 0 0 0 1 1 1 3 3 7 23 43 51 45 45 40 63 65 29 23 7 10 33 34 29 43 45 56 37 27 17 11 9 8 11 7 20 19 16 28 52 61 52 20 19 38 32 22 3 18 21 29 28 15 31 45 16 3
31 26 42 35 23 29 49 24 46 37 24 30 10 29 38 39 41 38 12 10 22 10 6 9 7 6 3 4 3 1 1 0 0 0 0 0 0 0 0 0 0 1 1 3 7 16 23 33 35 23 31 36 44 59 78 53 32 24 8 44 65 65 59 60 46 65 28 36 42 33 41 28 22 15 11 15 22 21 32 27 39 62 43 30 32 22 7 13 17 22 11 15 28 28 18 5
23 12 14 30 22 16 45 17 12 21 28 51 26 12 25 34 30 30 15 5 6 17 21 22 8 8 8 4 3 3 2 1 1 1 0 0 0 0 0 0 0 1 1 3 13 8 12 19 40 31 40 75 38 64 67 35 24 25 13 31 49 59 58 59 69 63 51 44 44 18 28 26 18 27 22 10 4 15 35 39 29 53 34 16 8 29 8 7 10 10 10 22 41 51 13 12
16 11 11 14 32 23 38 46 12 6 11 16 34 8 3 11 6 11 14 7 5 9 5 10 9 6 7 4 5 4 3 3 2 2 2 1 1 0 0 0 0 1 3 5 9 15 20 41 63 58 61 38 55 48 56 28 17 7 14 20 32 31 29 26 26 56 33 26 45 27 25 18 22 25 25 15 4 22 41 22 47 61 37 16 8 21 16 7 8 17 20 23 48 30 17 13
30 22 18 10 15 13 22 45 46 18 7 7 13 19 10 6 3 11 15 9 7 12 3 6 15 9 7 8 7 10 8 6 6 5 2 2 1 0 0 0 1 1 3 5 18 15 11 26 34 46 34 26 62 41 39 14 7 37 61 50 63 53 59 46 54 76 46 34 16 16 23 19 20 19 15 9 5 11 14 27 39 54 40 23 9 9 9 6 5 20 16 25 24 31 16 22
21 21 20 10 8 4 17 18 38 28 20 9 8 11 13 5 4 3 11 10 9 13 3 3 8 8 7 4 3 6 1 2 5 5 4 1 1 0 0 0 0 1 2 4 9 4 5 26 12 10 12 67 36 38 19 9 20 50 60 74 54 82 67 43 60 33 58 46 43 18 18 27 23 11 8 5 4 8 31 17 10 39 43 38 16 7 12 3 5 7 9 29 19 30 16 44
27 23 22 19 9 5 2 3 6 15 8 6 4 12 6 4 5 1 2 7 4 11 15 2 3 3 14 4 1 4 7 1 0 0 1 2 1 0 0 0 0 1 3 7 1 6 11 13 3 7 40 42 16 26 9 7 20 39 40 55 76 77 47 29 33 49 59 60 65 47 55 35 29 22 11 8 3 3 9 19 22 47 64 36 35 10 6 8 2 8 25 10 15 12 13 52
50 30 14 15 15 12 8 4 3 3 3 3 5 4 4 3 2 4 2 2 7 9 7 3 0 2 7 4 1 1 5 6 1 0 0 0 1 0 0 0 1 2 3 1 1 1 5 1 3 22 48 31 11 9 4 23 28 28 37 76 59 53 14 26 41 45 67 65 55 62 45 34 38 36 30 20 6 4 14 17 18 66 38 49 31 20 6 4 3 12 12 6 21 6 24 55
56 41 36 47 36 32 28 14 23 12 8 5 2 2 1 1 1 6 4 1 1 3 3 3 0 2 3 2 1 0 1 2 0 0 0 0 0 1 0 0 1 2 1 3 2 3 9 1 5 29 19 7 1 8 25 40 46 56 79 66 17 25 29 21 22 24 40 40 63 42 22 33 50 51 42 19 5 2 12 20 46 50 18 28 41 22 9 2 3 11 10 6 22 6 19 25
65 62 59 61 56 48 35 30 26 24 19 17 6 4 2 1 1 0 1 1 1 1 0 1 1 1 2 2 0 0 0 1 1 1 0 0 0 1 0 0 0 1 1 0 0 4 2 1 8 5 3 1 3 10 17 27 54 49 44 10 44 63 58 46 48 27 24 22 58 48 61 68 45 29 21 19 8 3 6 16 41 16 11 25 55 24 14 5 2 3 4 5 10 6 13 11
23 58 63 63 54 58 35 40 16 17 25 15 9 9 9 6 3 1 0 0 0 0 0 1 1 1 1 0 0 0 0 1 1 0 0 0 0 1 1 0 0 0 1 0 0 1 1 1 2 1 0 1 3 5 15 25 29 7 28 46 61 58 57 78 82 71 63 47 49 60 62 53 57 38 17 12 5 3 6 15 19 8 5 35 51 52 25 25 8 1 3 4 4 5 17 14
30 48 59 40 47 69 51 27 41 28 17 21 16 20 18 9 5 2 1 1 1 0 0 0 1 0 0 0 0 0 0 0 1 1 0 0 0 0 0 1 0 0 0 0 0 0 1 1 1 1 2 2 2 5 8 14 7 29 37 42 56 69 79 69 64 74 41 32 68 20 48 77 53 37 39 35 28 12 4 13 16 7 3 6 19 45 9 6 7 6 1 5 3 4 15 12
57 13 61 37 34 58 67 69 32 16 23 20 29 25 17 11 9 6 3 3 2 2 1 0 0 0 1 1 0 0 0 0 0 0 0 0 0 0 0 1 0 0 0 0 0 0 0 0 1 3 3 7 6 4 4 16 29 32 38 42 65 53 73 64 65 41 31 58 46 35 37 21 53 33 56 58 54 28 17 4 27 12 8 2 5 20 29 6 2 3 1 1 3 6 4 4
32 8 41 20 35 45 53 29 59 65 35 38 38 10 10 8 11 9 5 4 3 2 2 1 0 1 2 1 1 0 0 0 0 0 0 0 0 0 0 0 0 0 0 0 0 0 1 2 2 3 5 13 13 14 6 16 20 50 52 53 73 52 48 42 29 28 47 61 48 31 17 19 46 52 58 54 58 52 29 6 4 10 10 6 2 6 15 9 5 1 2 0 3 4 2 2
19 21 23 22 13 32 43 21 23 58 27 48 60 29 17 11 18 27 20 11 8 3 1 1 2 1 2 2 3 1 1 1 1 0 0 0 0 0 0 0 0 0 0 0 0 1 2 3 2 4 9 15 13 10 20 26 34 34 28 46 64 24 13 9 27 31 28 78 64 22 22 14 49 46 13 27 65 52 48 25 5 3 18 8 4 1 6 8 8 3 0 0 4 2 0 0
20 7 10 16 10 15 45 13 9 29 39 49 52 33 37 25 6 11 12 16 7 4 3 2 3 2 2 3 3 3 2 1 1 1 1 0 0 0 0 0 0 0 0 0 1 1 2 4 2 6 13 10 22 22 27 30 9 8 20 43 68 23 10 33 48 44 59 65 48 36 21 9 17 49 38 13 27 37 44 36 24 4 4 9 6 2 1 4 9 5 0 0 2 0 2 4
41 10 12 11 2 7 31 12 18 11 27 18 32 9 16 19 4 3 8 21 9 13 5 3 8 5 3 2 2 2 1 1 1 1 1 1 0 0 0 0 0 0 0 1 2 3 1 1 6 14 10 14 31 39 53 52 33 26 39 46 46 14 15 48 50 46 45 20 43 43 27 7 10 20 53 25 10 14 59 27 18 5 2 4 5 1 2 6 3 3 0 0 0 1 4 14
17 3 12 12 2 2 8 25 3 9 31 23 28 11 9 4 5 1 3 19 16 9 6 5 2 3 1 1 1 1 1 1 0 0 1 1 0 0 0 0 0 0 1 1 1 2 2 5 6 6 5 11 20 55 65 72 70 61 45 38 21 10 29 39 60 54 45 25 20 38 15 7 10 14 47 26 10 10 17 34 18 10 3 2 5 2 3 4 2 1 1 3 1 3 13 20
22 3 17 22 5 3 4 10 2 2 22 11 8 3 2 4 4 3 1 2 3 8 15 16 4 1 3 1 0 0 0 0 0 0 1 1 1 0 0 0 0 1 1 1 1 1 0 2 1 2 2 8 20 18 36 58 45 35 18 60 25 11 30 42 42 49 69 39 30 12 7 7 21 34 61 23 9 11 19 43 18 6 3 1 2 4 2 4 1 1 2 14 7 7 8 17
12 9 7 16 2 3 6 9 6 2 2 1 2 7 2 1 5 4 2 2 2 3 9 5 4 1 2 2 1 0 0 0 0 0 0 0 1 0 0 0 0 0 0 1 0 0 1 1 2 2 2 7 7 13 16 13 10 27 51 28 9 20 36 35 53 69 47 34 31 18 7 10 20 37 38 16 13 8 15 33 22 20 6 1 1 2 2 3 0 1 3 3 10 23 12 16
4 2 4 4 2 1 6 9 3 1 2 1 1 3 4 2 3 4 3 1 1 1 2 1 1 1 1 3 2 0 0 0 0 0 0 0 0 0 0 0 0 0 0 1 1 2 3 3 3 4 7 4 3 2 3 8 24 28 57 20 8 33 30 29 55 75 40 46 38 18 12 11 19 49 29 13 16 7 10 19 19 18 13 5 1 1 2 1 1 5 7 8 11 10 46 19
1 1 1 3 1 0 6 8 3 1 1 1 1 1 2 3 1 1 2 1 1 0 1 1 1 1 0 1 4 0 0 0 0 0 0 0 0 0 0 0 0 0 0 0 1 1 2 1 1 4 5 12 10 23 16 20 22 43 39 6 15 28 24 19 43 57 32 33 26 20 8 8 20 47 17 21 15 5 4 7 9 14 7 2 2 0 0 1 4 12 17 21 30 20 15 43
1 1 0 0 0 2 3 3 1 0 0 1 0 0 0 1 1 1 1 1 0 0 0 0 0 0 0 0 1 1 1 0 0 0 0 0 0 0 0 0 0 0 0 0 0 1 0 1 2 2 8 11 11 21 35 52 57 64 24 6 18 26 19 26 67 58 15 28 28 15 9 5 14 44 16 11 8 7 1 3 9 13 4 2 1 0 1 5 13 12 18 19 28 41 59 35
0 0 0 0 0 0 0 0 0 0 0 0 0 0 0 0 0 0 0 1 0 0 0 0 0 0 0 0 0 0 0 0 0 0 0 0 0 0 0 0 0 0 0 0 0 0 1 1 1 6 6 9 14 20 33 61 41 29 5 18 29 21 42 53 78 37 39 16 14 14 11 7 21 43 22 10 8 8 1 2 6 11 6 6 2 0 1 3 5 4 5 5 7 12 31 37
0 0 0 0 0 0 0 0 0 0 0 0 0 0 0 0 0 0 0 0 0 0 0 0 0 0 0 0 0 0 0 0 0 0 0 0 0 0 0 0 0 0 1 1 1 1 3 7 2 6 4 6 10 11 48 34 12 3 14 25 28 26 50 75 43 22 29 13 11 11 9 5 11 33 48 20 9 4 1 2 5 12 8 3 1 0 1 2 1 4 6 13 17 18 19 34
0 0 0 1 0 0 0 0 0 0 0 0 0 0 1 0 0 0 0 0 0 0 0 0 0 0 0 0 0 0 0 0 0 0 0 0 0 0 0 0 0 0 1 1 1 2 3 2 7 5 5 5 12 14 39 8 4 8 19 27 24 28 50 72 27 18 15 23 9 3 3 4 19 34 13 29 13 5 1 1 8 6 8 3 1 0 1 3 8 15 9 21 31 31 28 14
1 1 1 1 1 0 0 1 1 1 1 2 1 2 2 1 1 1 1 0 0 0 0 0 0 0 0 0 0 0 0 0 0 0 0 0 0 0 0 0 1 1 1 2 2 3 4 3 6 18 20 20 13 20 10 4 2 12 15 23 13 27 50 56 31 11 13 18 12 6 2 4 24 9 7 34 20 7 2 1 3 3 5 2 0 1 3 4 5 10 12 13 10 11 17 37
2 2 2 2 1 1 1 2 1 2 2 2 4 2 3 3 2 1 1 1 0 1 1 0 0 0 0 0 0 0 0 0 0 0 0 0 0 0 0 1 1 1 1 2 3 5 6 13 12 15 8 34 21 10 11 7 3 10 18 32 34 30 56 20 8 20 21 9 17 4 1 3 8 9 5 30 10 6 2 1 2 2 2 1 0 1 7 13 16 13 11 6 14 17 19 28
5 5 2 3 2 1 1 2 1 2 5 5 5 7 5 3 2 1 1 1 1 1 1 1 0 0 0 0 0 0 0 0 0 0 0 0 0 0 0 1 1 1 1 2 4 5 10 14 11 12 6 3 11 10 12 1 6 10 10 19 20 35 38 39 32 16 9 7 18 12 3 2 7 5 10 32 8 5 2 1 1 2 2 1 1 3 8 23 31 30 34 20 26 38 31 56
8 8 8 4 3 2 1 3 5 7 9 7 7 5 7 4 3 3 2 4 3 2 1 1 1 1 0 0 0 0 1 0 0 0 0 0 0 0 0 0 0 1 1 1 3 8 4 2 15 10 6 4 9 10 1 1 4 6 9 22 34 43 51 22 11 10 14 9 6 8 5 2 7 5 8 14 10 9 3 1 1 1 1 1 2 4 4 7 5 8 10 21 35 38 64 60
12 10 13 10 8 2 2 4 8 12 13 11 11 9 9 8 5 10 5 5 2 1 1 1 1 1 1 1 1 1 0 0 0 0 0 0 0 0 0 0 0 1 2 2 1 2 2 4 4 5 5 1 3 1 2 1 2 4 5 17 33 47 30 43 18 9 8 7 5 8 8 2 2 4 6 9 9 3 2 1 0 1 1 1 4 2 3 6 18 24 29 24 17 59 32 41
23 31 19 5 10 3 6 6 19 16 14 14 16 28 26 13 13 10 5 6 2 2 1 2 2 1 1 1 2 0 0 0 0 0 0 0 0 0 0 0 1 1 2 1 1 2 2 3 3 3 1 1 2 1 2 1 3 9 13 23 18 19 34 45 12 5 3 3 6 5 3 2 1 3 3 9 8 4 2 1 0 0 1 3 8 10 10 10 16 16 16 38 38 49 25 11
40 53 19 17 21 6 5 23 23 35 13 23 31 23 40 18 8 4 11 6 4 2 1 4 1 1 1 2 0 0 0 0 0 0 0 0 0 0 0 0 0 1 0 0 1 3 7 6 4 2 1 1 1 1 2 4 7 5 4 7 11 22 28 42 17 7 6 4 2 2 2 2 1 2 4 3 3 4 2 1 0 1 3 3 8 21 24 28 31 33 19 29 21 23 24 7
34 54 21 20 30 10 11 36 35 37 11 27 47 32 45 17 13 12 15 15 7 2 2 1 1 3 5 0 0 1 0 0 0 0 0 0 0 0 0 0 0 0 0 0 2 4 4 2 5 1 1 1 2 2 3 2 2 1 5 8 9 28 34 25 10 33 28 14 7 5 2 2 1 1 2 1 2 2 1 0 0 3 8 14 16 23 31 30 25 26 30 36 9 3 16 10
54 28 29 23 33 13 15 41 64 36 9 39 60 51 47 43 21 28 39 17 7 3 5 2 5 5 0 1 1 1 0 1 1 0 1 0 0 0 0 0 0 0 0 1 5 2 3 1 1 2 1 1 2 3 3 2 2 5 21 30 25 27 62 24 33 17 21 19 6 3 2 2 1 0 1 1 1 1 0 0 1 2 3 9 10 5 12 5 5 7 5 49 27 9 6 3
79 59 33 25 30 15 27 49 79 31 16 32 62 61 60 29 22 63 22 4 4 13 8 6 6 2 1 1 2 2 1 1 1 1 0 1 0 1 0 0 0 0 0 0 1 1 1 0 0 0 0 1 2 4 4 9 11 14 11 23 40 35 21 39 28 24 6 11 24 5 2 1 1 0 0 1 0 1 0 0 1 3 4 4 4 2 4 8 18 34 50 67 33 8 4 2
72 71 38 40 43 22 31 59 73 41 23 42 82 81 42 51 27 25 7 4 9 30 33 15 6 6 2 2 3 2 1 3 1 0 0 1 1 1 1 0 0 0 0 0 0 0 0 0 0 1 2 2 5 6 7 13 10 9 24 53 49 43 26 37 5 47 28 4 3 14 11 5 2 1 0 0 0 0 0 0 1 1 2 3 2 4 15 24 17 16 24 44 15 7 4 2
73 63 41 54 49 46 35 63 74 46 33 48 83 71 51 34 13 7 2 10 24 32 17 5 3 1 1 6 4 2 3 3 1 0 1 1 1 1 1 0 0 0 0 0 0 0 0 0 0 1 1 1 3 4 4 6 10 25 19 63 40 14 15 63 24 9 31 9 2 1 3 4 5 3 1 0 0 0 0 0 1 2 1 2 3 8 16 16 14 27 14 22 17 9 3 1
75 65 40 60 57 55 51 50 60 41 36 49 63 28 27 18 7 8 6 15 36 12 7 6 3 2 2 9 6 3 8 3 1 1 1 2 2 4 2 1 1 0 1 0 0 0 0 0 0 0 0 1 3 3 9 11 5 19 31 46 7 2 15 48 13 12 7 24 5 1 1 1 3 2 2 1 0 0 0 0 1 1 2 1 2 6 26 9 7 32 11 10 12 3 1 1
48 48 45 63 59 45 62 50 74 76 65 51 45 35 44 37 24 27 12 19 32 13 9 7 4 3 3 13 10 5 9 3 2 2 2 3 3 3 1 1 2 1 1 0 0 0 0 0 0 0 0 1 4 4 3 6 3 10 30 10 5 3 25 48 20 3 2 3 9 2 1 1 1 1 3 1 0 0 0 0 0 1 2 1 8 15 26 8 8 23 8 2 4 6 1 0
63 34 66 75 65 71 68 84 78 89 89 83 45 65 63 57 51 21 17 35 28 13 9 5 5 8 5 14 13 13 8 5 4 4 4 7 10 4 2 1 5 2 0 0 0 0 0 0 0 0 1 2 3 3 2 2 6 24 35 5 3 4 8 40 22 9 2 1 6 5 2 1 1 1 4 1 0 0 0 0 1 1 2 3 4 3 3 3 6 5 8 4 4 3 1 0
55 51 56 66 78 82 87 88 75 73 76 79 82 76 44 40 32 24 26 21 11 14 10 12 19 12 13 35 22 32 11 10 8 10 12 18 19 4 4 3 4 1 1 0 0 0 0 0 0 1 1 1 1 1 1 3 8 12 11 7 3 3 4 44 9 6 5 0 3 6 3 1 0 0 1 1 0 0 0 0 1 1 3 5 4 3 3 2 3 2 3 2 1 0 0 0
66 59 40 44 58 66 78 55 49 45 56 59 63 74 48 39 44 54 43 24 22 25 20 29 45 28 21 44 38 28 14 21 13 19 15 24 12 7 8 2 1 1 1 1 1 1 0 0 0 0 1 1 1 1 2 1 4 3 5 15 3 3 6 15 6 1 5 1 2 2 2 1 1 0 0 4 0 0 0 0 1 1 1 6 2 2 2 1 1 1 1 0 0 0 1 2
72 74 50 29 53 48 50 64 44 52 61 43 59 77 81 66 78 68 46 36 48 46 45 40 48 35 28 54 51 21 30 27 25 27 32 30 17 9 2 1 1 1 1 1 1 1 1 0 0 0 0 1 1 1 2 1 3 3 2 3 3 4 5 10 11 1 2 2 1 3 2 1 1 0 0 0 0 0 0 0 1 1 3 4 2 2 1 1 2 0 0 0 0 1 2 3
54 64 80 46 27 30 54 51 71 33 30 28 65 48 58 91 89 48 66 64 62 58 58 48 50 42 40 65 48 39 37 32 37 52 46 15 4 3 3 3 4 3 2 1 2 2 1 0 0 0 0 1 1 1 2 1 3 2 1 1 2 1 1 3 14 1 1 1 1 1 1 0 0 0 0 0 0 0 0 0 0 1 4 2 1 0 0 1 1 0 0 0 1 1 2 2
74 72 74 78 42 16 16 57 54 46 10 13 25 42 72 81 67 87 88 68 61 76 70 38 58 47 64 54 51 44 48 39 52 67 64 21 13 8 14 10 15 11 4 4 5 1 0 0 0 0 0 0 0 0 2 1 3 2 1 1 1 0 0 1 5 2 1 1 1 0 1 1 0 0 0 0 0 0 0 0 0 1 1 1 0 0 0 0 0 0 0 1 2 2 2 2
58 43 47 86 43 31 24 25 24 27 18 4 19 66 78 77 58 52 81 61 75 77 64 46 69 64 76 69 62 70 50 49 48 42 43 22 17 19 18 16 4 4 10 17 2 1 1 0 0 0 0 0 0 0 0 1 2 3 1 1 1 0 0 2 5 1 1 1 1 1 1 1 0 0 0 0 0 0 0 0 0 1 1 0 0 0 0 0 1 1 2 2 2 3 1 2
27 43 43 80 80 24 28 14 15 13 16 8 20 32 39 46 65 79 62 25 58 28 67 79 90 84 78 50 68 47 58 42 35 18 58 44 44 27 11 8 2 0 12 7 3 2 1 0 0 0 0 0 0 0 0 0 0 1 0 1 0 0 0 1 2 2 1 1 1 0 0 0 0 0 0 0 0 0 0 0 0 0 0 0 0 0 1 1 1 1 2 4 3 2 2 2
16 21 34 37 78 70 31 11 10 10 9 8 15 34 50 57 26 69 65 29 62 52 26 42 65 42 63 35 57 19 12 28 18 17 30 72 49 25 12 40 10 9 10 8 7 2 1 1 1 1 1 0 0 0 0 0 0 0 0 0 0 0 1 1 1 2 1 0 0 0 0 0 0 0 0 0 0 0 0 0 0 0 0 0 0 0 0 1 1 1 2 2 10 4 2 1
7 12 22 6 34 82 33 14 6 4 6 9 6 12 19 33 39 57 37 44 63 37 11 36 56 36 36 28 31 50 33 34 29 12 17 50 62 71 66 53 37 20 17 19 10 3 2 1 3 1 0 0 0 0 0 0 0 0 0 0 0 0 0 1 1 1 1 1 0 0 0 0 0 0 0 0 0 0 0 0 0 0 0 0 0 0 0 1 1 1 1 3 3 3 2 4
13 7 15 34 31 50 74 26 20 5 3 3 4 5 18 14 36 55 8 18 70 54 18 9 60 68 36 21 32 41 14 11 14 10 8 21 40 41 30 11 23 20 9 13 12 9 10 8 2 0 1 1 1 1 1 1 1 0 0 0 0 0 0 0 0 1 1 0 0 0 0 0 0 0 0 0 0 0 0 0 0 0 0 0 0 0 0 0 1 1 1 2 3 4 7 8
18 6 4 19 36 47 74 53 17 11 5 4 3 5 5 3 16 11 10 46 84 27 12 6 9 42 16 19 15 32 28 13 15 12 12 38 22 9 7 5 7 2 3 29 12 21 24 18 5 3 4 2 2 1 1 0 0 0 0 0 0 0 0 0 0 0 1 0 0 0 0 0 0 0 0 0 0 0 0 0 0 0 0 0 0 1 1 1 2 2 2 2 4 4 4 10
36 21 12 7 7 11 21 53 20 19 7 3 2 3 6 3 9 6 21 20 74 24 12 9 4 10 10 13 4 22 27 8 7 7 10 19 16 4 2 4 4 2 3 6 14 11 6 3 3 3 1 1 1 1 1 0 0 0 0 0 0 0 0 0 0 0 0 0 0 0 0 0 0 0 0 0 0 0 0 0 0 0 0 0 0 0 1 3 1 3 3 4 6 6 10 15
13 12 21 6 6 20 21 46 47 21 11 3 2 1 2 3 4 7 8 22 53 69 30 12 3 3 6 1 4 16 23 8 5 6 4 4 5 3 2 3 2 2 2 3 15 8 7 2 1 1 1 0 0 0 1 0 0 0 0 0 0 0 0 0 0 0 0 0 0 0 0 0 0 0 0 0 0 0 0 0 0 0 0 0 0 0 2 2 3 5 4 5 6 11 10 16
27 17 5 3 4 8 15 25 40 16 7 4 1 1 1 2 1 2 9 48 35 54 30 18 7 2 8 6 1 2 10 5 5 4 1 2 2 6 1 2 2 1 1 2 6 8 10 4 2 1 1 0 0 0 0 0 0 0 0 0 0 0 0 0 0 0 0 0 0 0 0 0 0 0 0 0 0 0 0 0 0 0 0 0 0 1 1 3 1 1 1 1 4 8 9 6
39 25 7 3 1 6 6 12 30 21 5 4 2 1 2 2 1 6 20 35 11 21 30 7 5 4 2 4 5 1 3 5 2 2 1 2 2 1 1 1 2 1 1 1 2 5 9 4 3 1 1 0 0 0 0 0 0 0 0 0 0 0 0 0 0 0 0 0 0 0 0 0 0 0 0 0 0 0 0 0 0 0 0 0 1 1 1 1 1 1 1 2 3 4 5 5
39 25 10 6 2 2 5 8 41 5 5 2 1 1 1 1 1 4 18 8 1 10 55 7 4 4 1 2 2 3 2 2 1 1 1 1 1 0 0 1 2 1 0 0 1 3 8 3 4 1 1 0 0 0 0 0 0 0 0 0 0 0 0 0 0 0 0 0 0 0 0 0 0 0 0 0 0 0 0 0 0 0 0 0 0 0 1 2 1 1 2 2 2 4 5 4
33 22 9 4 3 2 4 5 23 7 1 3 2 1 1 1 1 6 6 3 11 19 41 18 4 2 2 4 1 5 3 2 1 1 1 1 1 1 0 1 0 0 0 2 3 4 6 5 8 5 2 1 0 0 0 0 0 0 0 0 0 0 0 0 0 0 0 0 0 0 0 0 0 0 0 0 0 0 0 0 0 0 0 0 0 0 1 1 2 2 2 2 3 2 5 7
23 13 6 4 3 3 1 2 6 20 4 1 2 1 1 0 1 2 2 3 3 10 37 15 5 5 2 2 2 5 2 1 1 1 0 0 1 0 0 0 0 0 0 4 2 2 4 2 6 5 4 1 1 0 0 0 0 0 0 0 0 0 0 0 0 0 0 0 0 0 0 0 0 0 0 0 0 0 0 0 0 0 0 0 0 0 1 1 1 1 2 5 3 4 11 7
21 15 5 3 3 2 1 2 2 7 5 1 1 1 1 1 1 1 1 2 4 11 40 12 6 3 3 1 1 3 1 0 0 1 1 0 0 0 0 0 0 0 2 3 1 2 2 1 4 3 2 2 1 1 0 0 0 0 0 0 0 0 0 0 0 0 0 0 0 0 0 0 0 0 0 0 0 0 0 0 0 0 0 0 0 0 0 0 1 1 1 2 2 1 3 5
65 34 12 2 1 2 1 1 2 4 6 2 1 1 1 0 0 1 1 1 3 5 23 9 3 1 2 2 1 1 2 0 0 0 0 0 0 0 0 0 1 1 1 0 1 1 1 1 2 2 3 2 3 1 1 0 0 0 0 0 0 0 0 0 0 0 0 0 0 0 0 0 0 0 0 0 0 0 0 0 0 0 0 0 0 0 0 0 0 1 1 4 2 2 3 1
16 52 30 8 2 1 1 1 1 2 10 2 1 1 0 0 0 0 0 1 2 4 12 13 3 1 1 1 1 1 1 1 1 0 0 0 0 0 0 0 1 2 1 0 1 1 1 1 2 2 1 1 1 2 1 0 0 0 0 0 0 0 0 0 0 0 0 0 0 0 0 0 0 0 0 0 0 0 0 0 0 0 0 0 0 0 0 0 0 1 1 2 1 2 2 4
4 44 6 29 10 4 1 1 1 2 5 1 1 0 0 0 0 0 0 1 2 5 5 9 4 2 1 1 1 1 1 1 1 0 0 0 0 0 0 0 1 1 1 0 0 1 0 0 2 2 1 1 1 1 3 1 0 0 0 0 0 0 0 0 0 0 0 0 0 0 0 0 0 0 0 0 0 0 0 0 0 0 0 0 0 0 0 0 0 1 1 1 1 2 3 3
7 9 4 19 6 7 2 0 0 0 2 1 0 0 0 0 0 0 0 1 0 1 8 8 9 4 2 1 0 0 0 0 0 0 0 0 0 0 0 0 1 0 0 0 0 1 0 0 2 2 1 0 0 0 1 1 0 0 0 0 0 0 0 0 0 0 0 0 0 0 0 0 0 0 0 0 0 0 0 0 0 0 0 0 0 0 0 0 0 0 0 1 2 3 4 4
8 6 5 3 3 1 6 1 0 0 1 1 0 0 0 0 0 0 0 0 1 6 10 8 11 4 2 1 1 0 0 0 0 0 0 0 0 0 0 0 0 0 0 0 0 1 0 1 3 2 2 0 0 0 0 0 0 0 0 0 0 0 0 0 0 0 0 0 0 0 0 0 0 0 0 0 0 0 0 0 0 0 1 0 0 0 0 0 1 0 0 1 1 1 1 2
7 4 5 3 3 1 1 2 0 0 0 1 1 0 0 0 0 0 0 1 3 3 7 5 5 7 1 1 0 0 0 0 0 0 0 0 0 0 0 0 0 0 0 0 0 0 0 0 1 2 1 0 0 0 0 0 0 0 0 0 0 0 0 0 0 0 0 0 0 0 0 0 0 0 0 0 0 0 0 0 1 0 0 1 0 0 0 1 1 0 0 0 1 2 2 3
4 5 6 2 1 1 1 1 0 0 0 0 0 0 0 0 0 0 1 2 1 1 3 3 2 3 2 1 1 0 0 0 0 0 0 0 0 0 0 0 0 0 0 0 0 0 0 0 2 0 1 0 0 0 0 0 0 0 0 0 0 0 0 0 0 0 0 0 0 0 0 0 0 0 0 0 0 0 0 0 1 1 1 1 2 1 1 1 1 1 0 1 0 1 2 3
1 1 1 1 1 1 0 0 0 0 0 0 0 0 0 0 0 0 1 1 1 1 2 5 1 1 1 1 0 0 0 0 0 0 0 0 0 0 0 0 0 0 0 0 0 0 0 2 4 0 0 0 0 0 0 0 0 0 0 0 0 0 0 0 0 0 0 0 0 0 0 0 0 0 0 0 0 0 0 0 0 0 1 1 2 1 3 2 2 2 1 1 2 1 1 2
0 0 0 0 0 0 0 0 0 0 0 0 0 0 0 0 0 0 0 0 1 0 0 1 1 1 0 0 0 0 0 0 0 0 0 0 0 0 0 0 0 0 0 0 0 0 0 0 2 0 0 0 0 0 0 0 0 0 0 0 0 0 0 0 0 0 0 0 0 0 0 0 0 0 0 0 0 0 0 0 0 0 0 0 2 2 5 5 3 4 4 4 3 3 2 6
1 1 0 0 0 0 0 0 0 0 0 0 0 0 0 0 0 0 0 0 0 0 0 0 0 0 0 0 0 0 0 0 0 0 0 0 0 0 0 0 0 0 0 0 0 0 0 0 0 0 0 0 0 0 0 0 0 0 0 0 0 0 0 0 0 0 0 0 0 0 0 0 0 0 0 0 0 0 0 0 0 0 0 0 1 1 1 2 10 10 3 9 7 6 3 6
