sesion_6_simulaciones/modelos_agentes/ejemplos_netlogo/scenarios/cgcm2_b2/rob_2074.asc
NCOLS 322 
NROWS 307 
XLLCORNER 451900 
YLLCORNER 4086900 
CELLSIZE 100 
NODATA_value -9999 
[rows 0 to 73 of 307, columns 192 to 287 of 322]
42 39 21 12 34 59 32 15 14 18 20 7 5 3 6 4 3 2 4 3 3 3 2 2 3 6 3 6 6 18 5 1 1 0 0 0 1 1 0 2 2 1 1 5 8 11 10 17 32 40 24 29 36 46 45 58 45 83 49 41 8 11 18 43 55 41 58 52 26 38 21 11 15 21 39 22 19 38 57 27 15 17 16 18 16 12 30 26 25 27 10 23 34 61 20 6
51 29 35 32 40 59 20 29 41 25 16 11 17 15 8 7 9 2 3 5 5 3 1 1 2 7 2 2 2 3 17 6 1 0 0 0 0 0 1 1 2 0 0 1 3 4 9 11 24 67 79 62 42 44 45 45 69 68 68 20 24 14 46 40 52 49 55 40 43 19 6 24 11 20 50 24 53 39 33 35 27 33 34 20 15 7 20 28 30 27 16 28 25 31 16 13
29 55 36 34 60 50 35 16 10 24 25 25 37 36 19 28 17 14 20 19 15 5 3 1 1 1 1 0 0 1 1 5 4 1 1 0 0 0 1 0 0 0 2 5 5 10 12 19 25 47 54 50 61 50 66 75 41 36 46 24 23 30 40 29 33 62 30 26 20 26 14 15 13 20 61 23 60 49 26 42 29 25 30 30 15 5 13 16 30 22 15 43 23 40 14 3
40 40 64 55 45 36 33 32 31 54 29 48 61 47 38 53 36 17 26 38 21 16 10 4 3 2 0 0 0 0 0 1 0 1 1 1 1 0 0 0 1 2 1 1 3 14 13 17 7 17 14 19 30 61 49 56 52 20 28 34 38 20 23 43 31 59 45 38 53 20 30 25 8 8 41 23 30 26 33 40 30 29 30 33 16 5 10 25 39 16 28 25 23 37 10 2
30 23 44 14 51 58 52 38 53 48 45 34 38 32 39 58 41 45 47 49 39 19 13 11 5 7 3 5 3 1 0 0 0 0 0 1 0 0 0 0 1 1 1 2 2 4 4 9 31 51 57 49 47 41 64 68 31 26 9 11 35 34 27 42 43 57 36 26 16 11 8 8 11 7 21 21 17 31 56 63 54 21 19 40 35 24 3 20 23 33 31 17 33 47 16 3
31 25 43 36 23 30 54 26 50 42 30 36 13 36 46 47 49 47 17 13 30 14 10 14 12 10 4 7 4 1 1 1 0 0 0 0 0 0 0 0 0 1 2 5 11 24 32 43 44 29 36 39 45 63 80 57 35 27 9 45 65 64 57 58 45 65 27 33 40 32 40 28 23 17 12 17 25 23 35 28 40 63 44 33 36 24 8 15 20 25 12 17 29 29 18 5
23 12 14 34 23 18 51 20 14 26 34 59 33 17 33 43 40 39 21 7 9 24 29 31 13 12 12 7 6 4 3 2 2 1 1 0 0 0 0 0 0 1 2 4 17 11 18 25 48 37 42 78 42 68 72 40 28 30 16 35 51 59 58 60 69 62 51 45 45 18 28 27 20 29 25 12 5 18 38 42 32 56 35 17 10 33 11 9 12 12 13 25 42 52 13 12
16 12 12 16 35 27 43 52 15 7 15 21 40 12 4 16 9 17 20 10 8 13 7 12 14 10 12 6 9 7 6 5 4 3 3 1 2 1 0 0 0 2 4 8 14 22 24 47 69 65 67 43 57 55 63 33 20 8 16 23 33 30 29 24 25 55 34 26 47 27 25 19 24 28 27 17 5 25 45 24 50 63 42 18 10 26 19 9 10 22 24 26 52 33 18 14
31 23 21 12 19 16 28 53 54 23 10 10 18 26 14 9 5 17 21 13 11 17 4 9 21 13 11 11 10 15 12 10 10 8 4 3 1 0 0 0 1 2 4 7 23 22 16 32 39 56 43 29 69 50 48 19 9 42 64 51 63 52 60 45 53 77 46 34 15 16 23 20 22 22 17 10 6 13 17 31 44 57 44 27 11 11 12 7 7 25 21 31 26 36 17 26
21 23 23 12 10 6 22 23 47 36 27 13 12 15 18 7 7 5 16 15 14 19 5 5 11 12 8 6 4 8 2 4 7 8 5 2 1 0 0 0 0 1 3 6 13 6 7 35 19 15 16 73 45 48 26 12 25 54 61 74 55 83 69 42 61 34 58 47 43 18 19 28 26 13 10 7 5 10 35 19 12 43 47 41 20 9 16 5 7 9 12 36 24 35 20 49
28 24 25 23 11 6 3 4 8 21 12 9 6 18 10 7 8 2 4 10 7 16 21 4 5 5 19 7 2 5 9 1 0 0 1 3 1 1 0 0 1 1 4 11 2 9 14 19 5 10 47 50 22 33 14 9 25 42 41 57 78 79 47 30 33 49 59 58 64 46 56 36 31 25 14 10 4 4 11 23 25 50 65 40 41 14 8 11 3 11 30 13 20 15 16 57
50 32 16 19 19 15 10 6 4 4 5 4 7 7 6 4 3 6 3 4 10 13 10 5 1 3 10 7 2 2 7 7 1 0 0 1 2 1 0 0 2 4 4 2 1 1 7 2 5 28 56 38 16 14 5 30 34 31 40 76 62 57 15 27 40 44 68 64 54 61 45 36 41 40 35 23 7 5 18 21 22 69 44 54 38 26 9 5 4 15 16 9 25 9 29 64
58 43 38 52 41 38 34 18 30 16 12 7 3 3 2 2 2 9 6 2 2 5 4 4 1 2 4 3 2 1 1 3 1 0 0 0 1 1 0 0 2 2 2 4 3 4 12 2 8 33 26 9 2 12 34 48 52 60 82 69 19 26 29 21 22 23 38 39 62 41 22 34 52 53 47 24 8 2 16 25 51 57 22 32 48 29 13 3 4 16 14 9 29 9 23 33
68 65 62 65 60 53 41 36 33 31 26 24 9 6 3 2 1 1 1 1 2 1 1 1 1 2 2 2 1 0 1 2 1 1 0 0 0 1 1 1 1 2 1 1 1 6 2 2 12 8 4 1 4 15 23 35 62 56 50 12 46 63 57 45 46 25 22 22 56 46 59 69 47 32 26 25 11 4 9 20 49 21 15 32 61 31 20 7 3 5 6 8 14 7 18 15
26 63 67 66 59 62 39 46 21 22 33 21 14 14 13 10 5 2 1 1 0 0 0 1 1 1 1 1 0 0 1 1 1 1 0 0 1 1 1 1 0 1 1 1 0 1 1 2 3 2 1 2 5 7 19 34 35 10 33 48 62 58 59 79 83 72 65 47 49 59 64 52 59 42 21 15 7 4 8 20 25 11 7 41 59 59 33 33 11 2 4 6 6 7 24 20
38 55 65 45 52 73 57 32 48 35 22 29 23 29 26 14 8 3 1 1 1 0 0 0 1 1 0 0 0 0 0 1 1 1 1 0 0 0 1 1 0 0 0 0 0 0 2 2 1 1 4 3 3 7 12 18 9 36 42 45 59 71 81 70 66 75 42 34 67 20 49 78 54 40 42 40 35 17 6 18 21 10 4 9 26 53 13 8 10 9 2 8 4 6 22 18
64 16 65 45 40 65 71 72 39 20 30 27 38 34 25 17 15 8 5 5 3 3 1 0 0 0 1 1 1 0 0 0 0 0 1 0 1 0 0 1 0 0 0 0 0 0 0 0 1 5 4 11 10 7 7 23 36 38 43 45 67 56 76 66 68 44 32 60 46 37 38 21 55 33 58 62 60 35 22 6 34 17 11 2 8 27 37 9 3 4 1 2 4 9 6 6
40 12 48 27 42 53 57 37 65 72 41 47 48 15 15 13 17 14 8 7 5 4 2 1 1 1 2 2 1 1 0 0 0 0 0 0 0 0 0 0 0 0 0 0 0 0 1 3 4 4 8 18 19 21 9 22 27 58 57 56 74 57 54 47 31 31 49 62 49 32 18 20 49 54 61 57 62 59 37 9 6 14 15 8 3 9 21 13 8 1 3 0 4 7 2 3
25 28 29 30 19 41 51 28 30 66 34 57 67 37 25 14 25 34 28 17 12 5 2 2 2 2 3 3 4 1 1 1 1 0 0 0 0 0 0 0 0 0 0 0 1 1 3 4 3 6 14 22 20 15 28 34 42 41 30 46 64 30 16 11 29 33 30 79 64 23 24 15 51 49 15 31 69 56 55 33 7 5 23 12 6 2 9 12 12 4 1 1 6 3 1 1
28 10 14 22 15 21 53 18 14 38 46 58 60 42 45 35 9 16 17 24 11 7 5 4 4 4 4 6 6 5 3 2 1 1 1 0 0 0 0 0 0 0 0 1 2 2 3 6 3 9 19 16 28 31 36 39 13 10 24 44 71 26 12 36 51 46 59 67 48 38 23 10 19 52 42 14 31 42 50 44 30 7 6 13 9 3 1 6 13 8 1 0 3 1 3 6
47 14 16 15 4 10 37 17 24 16 34 24 40 14 22 27 6 4 12 27 13 19 8 4 13 8 5 3 4 3 2 1 1 1 1 1 0 0 0 0 0 0 1 2 3 4 2 2 9 21 14 21 41 50 63 61 39 31 44 47 47 16 18 51 52 47 47 21 45 47 30 8 11 23 57 29 12 17 60 34 24 8 2 6 8 2 3 8 5 5 0 1 1 1 6 21
22 5 18 17 4 3 12 32 5 12 40 31 36 16 13 7 8 2 4 26 22 13 8 7 3 4 1 1 1 1 1 1 1 1 2 1 0 0 0 0 0 0 1 2 1 3 3 7 9 10 8 16 28 65 73 76 75 64 49 41 26 13 33 43 62 56 47 27 23 42 18 8 11 17 51 31 12 14 21 41 24 15 5 3 8 3 4 6 3 1 1 5 2 4 19 28
29 5 23 29 7 5 6 14 4 4 29 16 12 5 3 7 6 5 1 3 5 12 21 22 6 1 4 2 1 1 1 0 0 0 1 2 1 0 0 0 0 1 2 2 1 1 1 2 2 3 3 12 28 24 44 65 52 39 20 65 29 14 34 43 43 51 71 41 34 14 8 9 23 38 64 29 12 15 23 50 24 8 4 1 3 5 3 6 2 1 4 21 9 11 10 24
18 13 10 22 2 5 9 13 9 3 3 2 3 10 4 2 7 6 2 4 4 5 13 7 6 2 3 3 2 0 0 0 0 0 0 1 1 0 0 0 0 0 0 1 1 0 1 1 3 4 3 10 11 19 22 17 14 32 55 33 12 24 39 36 54 71 48 37 36 22 9 13 24 42 45 20 17 11 20 41 30 28 9 2 2 2 3 5 1 1 5 5 14 28 16 21
5 3 7 6 3 2 8 14 5 1 3 2 2 5 6 3 4 5 4 1 1 2 3 2 2 1 2 4 3 1 0 0 0 0 0 0 0 1 0 0 0 0 1 1 1 3 4 4 3 6 11 6 5 3 4 11 30 34 61 25 10 39 32 30 57 77 42 49 43 22 14 14 23 53 35 18 20 10 14 26 25 22 18 8 2 1 4 2 1 9 11 12 14 14 54 22
2 2 1 4 2 1 9 12 4 1 1 2 1 1 4 5 2 1 2 2 1 1 1 2 1 1 1 2 6 1 0 0 0 0 0 0 0 0 0 0 0 0 0 0 1 2 3 1 2 6 8 18 15 31 22 27 28 47 46 8 18 31 26 20 46 60 36 38 32 23 11 11 25 54 22 28 21 7 5 10 13 20 10 3 3 1 1 2 7 18 24 26 38 26 19 47
1 1 1 1 0 3 5 4 2 1 0 1 1 0 0 2 2 2 1 2 1 0 1 1 0 0 1 1 1 1 1 0 0 0 0 0 0 0 0 0 0 0 0 0 1 1 1 1 3 4 11 15 16 28 44 60 60 69 31 8 22 30 21 29 69 61 17 33 35 20 12 6 18 51 21 16 12 10 2 4 11 18 5 3 1 1 2 7 17 17 25 26 35 48 65 39
0 0 0 0 0 0 0 1 0 0 0 0 0 0 0 0 0 0 1 1 1 0 0 0 0 0 1 1 0 1 1 0 0 0 0 0 0 0 0 0 0 0 0 0 0 1 2 2 2 9 9 12 20 27 40 68 48 38 7 23 33 24 45 56 79 41 45 21 19 19 16 8 27 50 28 14 12 11 2 4 9 15 9 8 3 0 2 5 7 6 7 7 8 15 36 42
0 0 0 0 0 0 0 0 0 0 0 0 0 0 0 0 0 0 0 0 0 0 0 0 0 0 1 0 0 0 0 0 0 0 0 0 0 0 0 0 0 0 1 1 1 1 4 10 3 8 6 9 13 15 52 40 17 5 19 31 33 30 54 78 47 26 35 17 14 16 13 7 14 41 56 25 13 6 2 3 8 17 12 5 2 0 2 3 2 7 9 18 23 23 23 39
0 1 1 1 1 0 0 0 0 1 1 1 1 1 1 1 1 0 0 0 0 0 0 0 0 0 0 0 0 0 0 0 0 0 0 0 0 0 0 0 0 1 1 1 2 3 4 3 11 7 7 7 17 19 48 11 6 11 25 32 29 32 54 76 32 22 20 28 12 5 4 6 24 40 18 38 18 7 2 1 10 9 13 4 2 0 2 5 12 22 14 28 38 37 33 16
1 2 2 2 1 0 0 2 1 1 1 2 2 3 3 2 2 1 1 0 0 0 0 0 0 0 0 0 0 0 0 0 0 0 0 0 0 0 0 0 1 1 1 3 3 5 6 5 9 23 28 28 18 27 14 6 2 17 21 27 16 31 52 61 37 14 18 24 16 9 2 5 31 13 9 43 27 9 3 1 5 4 8 4 1 1 4 6 7 15 17 16 13 14 19 40
2 3 3 3 1 1 1 3 2 2 3 3 6 4 5 5 2 2 1 1 1 1 1 0 0 0 0 0 0 0 0 0 0 0 0 0 0 0 0 1 1 1 2 2 4 7 10 20 16 21 11 42 26 13 14 10 4 14 25 38 41 34 59 25 11 26 28 12 23 7 2 5 12 11 7 39 15 9 2 2 4 4 4 2 1 2 11 17 23 18 16 8 18 22 22 32
8 7 4 6 4 2 2 2 2 3 7 8 8 11 9 4 3 2 2 2 2 2 1 1 1 1 0 0 0 0 0 0 0 0 0 0 0 0 0 1 1 1 1 3 5 7 16 20 16 16 10 5 15 13 17 2 8 15 14 26 26 41 41 45 39 21 13 10 25 16 5 3 10 8 15 42 12 7 4 1 1 3 3 1 2 5 11 31 38 36 42 24 32 44 36 59
12 13 12 6 5 4 2 5 8 10 13 11 12 8 11 6 5 4 3 6 4 4 2 1 1 2 1 1 0 0 1 0 0 0 0 0 0 0 0 0 0 1 2 2 4 12 6 2 22 16 10 5 13 14 2 2 6 9 13 27 40 50 55 27 15 14 20 13 10 12 7 3 9 8 12 18 15 12 4 1 1 2 1 1 3 5 7 10 8 10 14 26 41 42 70 66
18 16 20 15 12 4 3 7 13 18 19 17 17 15 14 13 8 15 9 7 2 2 2 2 2 1 1 1 1 1 0 0 0 0 0 0 0 0 0 0 1 1 3 2 2 3 3 6 6 8 8 2 5 1 3 2 3 5 8 21 40 53 34 49 25 13 11 10 7 12 11 3 4 6 9 12 13 5 3 1 0 1 1 2 6 3 4 9 26 31 34 29 21 65 39 47
32 42 28 8 14 5 10 9 28 24 21 22 24 39 36 20 20 14 7 10 4 3 1 4 4 1 1 1 3 1 0 0 0 0 0 0 0 0 0 0 1 2 3 1 2 3 3 5 5 4 2 1 3 1 2 1 4 12 18 31 24 24 38 52 16 7 5 5 9 7 6 3 2 4 5 12 11 6 3 1 0 0 2 5 12 16 13 16 23 21 21 44 45 57 33 16
50 63 27 24 30 10 8 32 33 46 19 30 40 32 51 27 12 7 16 9 6 4 1 7 1 1 2 3 1 0 0 1 0 0 0 0 0 0 0 0 1 1 1 1 1 3 10 9 5 3 2 1 1 1 3 6 10 7 6 10 15 27 32 48 22 10 8 6 4 3 3 3 1 3 7 5 4 6 2 1 0 2 6 5 10 30 31 37 39 39 24 34 28 31 32 11
43 63 29 26 39 16 16 47 45 48 16 35 58 42 56 25 20 19 22 22 11 3 3 2 2 4 7 1 0 1 1 1 1 1 0 0 0 0 0 0 0 0 0 1 2 6 6 3 8 1 1 1 3 3 4 3 3 2 8 12 12 35 40 31 14 42 37 21 11 8 3 3 1 2 3 2 3 3 1 0 1 4 12 21 22 31 41 39 34 34 35 43 13 4 23 15
62 35 36 30 42 19 21 50 71 46 13 47 68 57 57 53 26 38 50 24 11 4 9 3 7 7 1 1 1 1 1 1 1 1 1 0 0 0 0 0 0 0 0 1 8 3 5 1 2 3 1 1 4 4 4 4 3 8 29 39 32 32 64 29 39 22 26 26 9 5 4 3 1 1 1 2 1 2 0 0 1 3 5 13 15 8 17 8 7 10 7 56 35 12 10 5
83 65 41 31 38 20 34 56 82 39 22 39 67 67 67 37 29 71 31 6 7 19 13 8 9 3 2 2 3 3 1 2 1 1 0 1 1 1 1 1 0 0 0 0 1 1 1 0 0 0 0 1 2 6 6 12 17 19 16 28 45 44 27 43 33 30 8 16 29 8 3 1 1 0 1 1 1 1 1 0 2 5 6 7 7 4 6 12 22 43 56 74 43 11 7 3
76 75 43 46 50 27 38 63 76 47 27 47 84 83 47 56 34 33 10 6 13 40 42 20 10 9 3 3 5 3 2 5 2 1 1 1 1 2 1 1 0 0 0 0 0 0 0 0 0 1 2 3 6 9 11 19 15 13 32 57 56 51 34 43 7 54 34 5 5 18 16 8 3 1 0 1 1 0 0 0 2 2 2 5 4 6 22 29 25 22 29 52 21 10 7 3
75 64 43 57 52 49 37 66 75 49 36 51 84 74 56 41 18 10 3 14 32 41 21 7 5 2 2 9 7 3 5 4 2 1 1 2 2 2 2 0 0 0 0 0 0 0 0 0 1 1 2 2 5 6 6 9 13 30 24 68 47 20 19 65 28 12 39 11 4 2 5 5 7 5 2 1 0 0 0 0 2 2 2 3 5 12 21 20 19 34 21 29 24 13 5 2
77 65 39 62 56 55 50 51 61 40 35 51 65 32 32 23 9 12 9 20 45 17 11 10 4 4 3 13 10 5 12 5 1 2 2 3 3 5 3 1 1 0 1 1 0 0 0 0 1 1 1 2 5 5 11 16 8 25 37 53 11 4 20 55 18 16 9 31 7 1 2 2 4 3 3 2 0 0 0 0 1 2 2 2 3 9 33 14 10 40 14 14 17 4 2 1
49 47 43 63 55 44 60 49 73 74 63 53 47 37 48 43 30 35 16 26 40 19 14 11 7 5 5 19 16 8 14 5 4 3 3 5 5 4 1 2 3 1 1 0 0 0 0 0 0 1 1 2 5 5 5 9 5 14 37 14 8 4 32 54 24 5 3 4 12 3 1 1 2 1 4 1 1 0 0 0 1 2 3 2 10 21 34 13 12 31 11 4 5 9 2 1
61 31 64 72 63 70 69 85 79 90 90 83 47 66 66 61 56 26 23 43 36 19 13 7 8 11 7 21 20 19 11 8 6 7 7 11 15 6 2 2 7 3 0 0 0 0 0 0 0 1 2 3 3 4 2 3 9 28 43 8 4 6 12 47 29 13 3 1 7 6 3 1 1 1 5 1 0 0 0 1 1 2 3 5 6 5 5 4 8 7 11 7 7 5 1 0
52 48 53 63 79 83 87 89 76 75 78 80 83 74 46 44 36 27 31 26 15 19 15 17 26 17 18 46 31 42 17 15 12 14 16 26 27 7 6 5 6 2 1 0 0 0 0 0 0 1 1 2 2 1 1 4 12 17 13 10 4 4 5 52 13 10 8 1 4 9 5 1 1 1 1 2 1 0 0 1 1 2 5 8 5 4 4 3 4 4 4 3 2 1 0 1
62 60 37 42 57 65 80 55 51 47 60 63 65 73 50 42 47 58 48 29 28 30 27 37 52 37 28 54 49 38 21 30 19 27 22 34 17 11 12 4 1 1 2 1 1 1 0 0 0 0 1 1 1 2 2 1 5 5 7 22 5 4 9 18 8 1 6 2 3 3 2 2 1 0 0 7 1 0 0 0 1 2 2 9 3 3 3 2 2 1 1 1 1 1 1 3
71 73 51 31 56 51 54 65 47 57 65 49 62 77 82 67 79 69 49 40 52 49 51 46 54 42 36 60 57 29 36 36 34 36 43 41 24 12 3 1 1 2 2 2 2 1 1 0 0 0 0 1 1 2 2 1 5 5 2 4 4 5 6 15 16 1 3 3 2 5 2 1 1 1 1 1 0 0 0 0 1 1 4 6 2 2 2 2 3 1 0 0 0 1 3 5
53 66 79 48 27 32 56 55 74 39 36 35 70 53 61 91 88 49 67 65 64 60 61 51 55 48 47 70 56 47 46 41 46 62 56 21 6 4 6 5 6 4 3 2 3 3 1 0 0 0 0 1 1 1 3 2 4 3 2 2 3 2 2 5 21 1 1 2 1 1 2 1 1 1 0 0 0 0 0 0 1 1 7 2 1 1 1 1 1 0 0 1 1 2 4 4
77 74 76 79 45 16 19 63 61 55 13 17 32 47 75 83 66 88 89 70 62 78 72 41 61 50 68 60 57 51 55 44 60 74 72 29 19 12 18 15 19 16 7 5 8 2 1 0 0 0 0 0 0 0 3 2 4 4 2 1 1 1 0 1 8 2 1 1 1 1 1 1 1 1 0 0 0 0 0 0 1 1 1 1 0 0 0 0 0 1 1 1 3 4 3 4
60 45 51 85 46 36 29 30 30 34 24 6 24 72 82 81 60 55 83 62 77 79 66 50 71 67 79 73 67 74 55 56 55 48 52 29 25 27 26 24 7 6 15 21 2 1 1 0 0 0 0 0 0 0 1 2 3 5 1 2 1 0 0 3 7 2 2 1 1 1 1 1 1 0 0 0 0 0 0 0 1 1 1 0 0 0 0 1 1 2 3 3 4 4 2 3
31 49 48 80 80 28 34 18 21 18 22 11 27 40 48 53 70 81 65 29 62 31 70 80 91 86 81 56 72 51 65 49 43 24 60 54 54 36 15 12 3 1 17 10 5 2 2 1 0 0 1 0 0 0 0 0 0 1 1 1 1 0 1 1 3 4 1 1 1 0 0 0 1 0 0 0 0 0 0 0 1 1 1 0 0 0 1 1 2 2 3 7 6 4 4 3
19 25 40 43 77 73 37 16 15 14 13 12 20 41 57 65 32 72 69 33 65 57 33 48 71 49 69 42 62 26 16 36 25 23 38 75 55 33 17 48 15 13 15 12 10 3 1 1 1 1 1 0 0 0 0 0 0 0 0 1 1 0 1 2 2 3 2 1 0 0 0 0 0 0 0 0 0 0 0 0 0 0 0 0 0 1 1 1 2 2 3 3 16 6 4 2
9 16 27 7 40 82 39 20 9 6 10 12 10 17 25 40 46 66 44 48 64 43 15 43 63 44 44 35 38 59 42 42 36 17 23 60 70 77 71 60 43 26 24 27 15 5 3 2 5 1 1 1 1 0 0 0 0 0 0 0 0 0 0 2 2 2 1 1 0 0 0 0 0 0 0 0 0 0 0 0 0 0 0 0 0 0 0 1 2 1 2 4 6 5 3 7
17 10 19 40 38 53 78 33 26 8 4 5 7 8 25 21 43 63 12 22 71 62 24 13 68 74 46 29 41 51 20 17 21 13 12 30 50 49 41 17 29 26 12 18 18 13 14 11 4 0 1 2 1 1 1 2 2 0 0 0 0 0 0 0 1 2 1 1 0 0 0 0 0 0 0 0 0 0 0 0 0 0 0 0 0 0 0 0 1 2 2 3 5 6 11 12
24 8 6 26 41 53 79 59 23 16 8 6 5 7 7 5 24 16 13 51 85 34 16 9 12 52 23 26 21 42 36 19 22 18 14 46 30 14 11 8 10 4 4 36 15 28 33 22 7 5 5 3 3 2 1 0 1 0 0 0 0 0 0 0 0 1 1 1 0 0 0 0 0 0 0 0 0 0 0 0 0 0 0 0 1 1 1 2 2 3 3 4 6 7 6 16
43 27 16 9 11 14 28 57 25 26 10 5 4 4 9 4 13 8 27 26 77 29 16 13 6 14 13 19 7 29 34 13 11 11 15 26 22 6 4 7 6 3 4 9 19 14 9 3 4 4 2 2 2 2 2 0 0 0 0 0 0 0 0 0 0 0 1 1 0 0 0 0 0 0 0 0 0 0 0 0 0 0 0 1 0 0 1 5 1 3 6 7 10 9 13 22
18 17 29 10 8 27 29 52 53 28 16 4 3 2 3 4 6 9 10 26 58 72 36 15 4 4 9 2 6 21 30 12 8 9 5 6 7 5 3 4 4 3 3 3 20 11 9 4 2 1 1 0 0 0 1 1 0 0 0 0 0 0 0 0 0 0 0 0 0 0 0 0 0 0 0 0 0 0 0 0 0 0 0 0 0 1 2 4 5 6 7 7 9 15 13 24
32 22 7 4 5 12 21 32 49 22 11 6 2 1 2 4 2 4 13 54 40 59 36 25 11 3 11 9 2 3 14 7 8 6 2 2 3 8 2 2 3 2 1 2 9 11 14 5 2 1 1 0 0 0 0 0 0 0 0 0 0 0 0 0 0 0 0 0 0 0 0 0 0 0 0 0 0 0 0 0 0 0 0 0 1 1 2 4 2 2 2 2 6 13 14 8
45 33 10 4 1 10 9 16 35 29 7 6 3 2 3 2 1 9 26 43 15 25 35 11 7 5 3 6 7 1 5 8 3 3 2 3 2 2 2 2 3 2 1 1 2 7 12 7 4 2 1 1 0 0 0 0 0 0 0 0 0 0 0 0 0 0 0 0 0 0 0 0 0 0 0 0 0 0 0 0 0 0 0 0 1 1 2 2 2 1 1 3 5 7 7 9
47 31 14 10 2 3 7 11 48 8 7 3 2 1 1 2 2 5 22 12 2 13 61 10 6 6 2 3 2 5 4 3 2 2 2 1 1 1 1 1 2 1 1 1 1 3 12 5 6 2 1 1 0 0 0 0 0 0 0 0 0 0 0 0 0 0 0 0 0 0 0 0 0 0 0 0 0 0 0 0 0 0 0 1 0 1 2 2 1 2 3 2 4 6 8 6
40 30 14 6 5 3 6 7 29 8 2 5 3 1 1 1 1 8 9 4 14 24 47 20 7 3 4 6 2 7 4 2 2 1 2 1 1 1 0 1 0 0 1 3 5 6 8 7 11 7 3 1 0 0 0 0 0 0 0 0 0 0 0 0 0 0 0 0 0 0 0 0 0 0 0 0 0 0 0 0 0 0 0 0 0 1 1 2 3 3 4 4 5 3 7 11
30 18 9 5 4 4 2 4 7 26 5 2 3 1 1 1 1 4 3 5 5 14 40 19 7 8 2 3 3 7 2 1 2 1 1 0 1 1 1 0 0 0 1 7 3 2 6 4 8 7 6 2 1 0 0 0 0 0 0 0 0 0 0 0 0 0 0 0 0 0 0 0 0 0 0 0 0 0 0 0 0 0 0 0 0 0 1 1 2 2 2 7 5 7 17 11
27 21 8 4 4 3 2 3 4 10 8 2 1 1 1 1 1 1 2 3 5 13 47 16 9 3 5 2 2 4 2 0 1 1 1 0 0 1 0 0 0 0 2 5 1 3 3 2 5 5 3 3 2 1 1 0 0 0 0 0 0 0 0 0 0 0 0 0 0 0 0 0 0 0 0 0 0 0 0 0 0 0 0 0 0 0 0 0 1 2 2 4 4 2 4 7
69 40 17 3 2 2 2 2 2 5 9 3 2 1 1 1 1 1 1 1 5 7 30 12 4 2 3 2 2 1 2 1 1 1 0 1 0 0 0 0 1 1 2 1 1 2 1 2 3 4 5 4 4 2 1 1 0 0 0 0 0 0 0 0 0 0 0 0 0 0 0 0 0 0 0 0 0 0 0 0 0 0 0 0 0 0 0 0 1 1 2 5 3 3 4 1
21 58 36 11 3 1 1 1 2 3 16 4 2 1 1 0 0 0 1 1 3 6 16 17 3 2 1 1 1 1 1 2 1 0 0 1 0 0 0 0 1 3 1 1 1 2 1 1 2 4 1 1 2 3 2 1 0 0 0 0 0 0 0 0 0 0 0 0 0 0 0 0 0 0 0 0 0 0 0 0 0 0 0 0 0 0 0 0 1 1 2 3 2 2 3 6
6 51 9 36 14 5 1 1 1 3 7 2 1 1 0 0 0 0 1 1 3 7 6 12 6 3 2 1 1 1 1 1 1 1 0 0 0 0 0 0 1 1 1 0 0 1 0 1 3 4 1 1 1 1 4 2 1 0 0 0 0 0 0 0 0 0 0 0 0 0 0 0 0 0 0 0 0 0 0 0 0 0 0 0 0 0 0 0 1 1 1 1 1 3 4 5
11 11 6 26 9 10 3 0 1 1 3 2 1 1 0 0 0 0 1 2 1 1 12 12 13 6 3 2 1 0 0 1 0 0 0 0 0 0 0 0 1 0 0 0 0 2 0 1 4 3 1 0 0 0 2 1 1 0 0 0 0 0 0 0 0 0 0 0 0 0 0 0 0 0 0 0 0 0 0 0 0 0 0 0 0 0 0 0 0 1 1 1 3 4 5 7
11 8 7 4 5 2 10 1 0 0 1 1 1 0 0 0 0 0 0 1 2 9 14 12 16 6 3 1 1 0 1 1 0 0 0 0 0 0 0 1 0 0 0 0 0 2 1 1 4 3 2 0 0 0 0 0 0 0 0 0 0 0 0 0 0 0 0 0 0 0 0 0 0 0 0 0 0 0 0 0 0 1 1 1 0 0 0 0 1 1 1 1 1 1 2 4
9 5 8 4 4 1 2 3 0 0 1 1 1 0 0 0 0 0 1 2 4 5 10 8 8 8 2 1 1 1 0 0 0 0 0 0 0 0 0 1 0 0 0 0 0 0 0 1 2 4 1 1 1 0 0 0 0 0 0 0 0 0 0 0 0 0 0 0 0 0 0 0 0 0 0 0 0 0 0 1 1 1 1 1 1 1 1 2 1 0 0 0 1 2 3 5
6 7 9 4 1 1 1 1 0 0 0 1 1 0 0 0 0 0 1 4 2 1 5 4 3 5 3 1 1 1 0 0 0 0 0 0 0 0 0 0 0 0 0 0 0 1 0 1 3 1 1 0 0 0 0 0 0 0 0 0 0 0 0 0 0 0 0 0 0 0 0 0 0 0 0 0 0 0 1 0 1 2 2 2 3 2 2 2 1 1 1 1 1 1 3 4
2 1 2 2 1 1 0 0 1 0 0 0 0 0 0 0 0 0 1 1 1 1 3 6 1 2 1 1 1 0 0 0 0 0 0 0 0 0 1 0 0 0 0 0 0 0 0 3 6 0 0 1 0 0 0 0 0 0 0 0 0 0 0 0 0 0 0 0 0 0 0 0 0 0 0 0 0 0 0 0 1 1 1 2 4 2 4 4 2 3 1 1 3 2 2 3
1 1 1 1 1 0 0 0 0 0 0 0 0 0 0 0 0 0 0 0 1 1 1 1 1 1 1 1 0 0 0 0 0 0 0 0 0 0 0 0 0 0 0 0 0 0 1 1 3 1 0 0 0 0 0 0 0 0 0 0 0 0 0 0 0 0 0 0 0 0 0 0 0 0 0 0 0 0 0 0 0 0 1 1 3 3 7 8 4 7 6 6 5 4 3 10
1 1 1 0 0 0 0 0 0 0 0 0 0 0 0 0 0 0 0 0 0 0 0 0 1 1 0 0 0 0 0 0 0 0 0 0 0 0 0 0 0 0 0 0 0 1 0 0 0 0 0 0 0 0 0 0 0 0 0 0 0 0 0 0 0 0 0 0 0 0 0 0 0 0 0 0 0 0 0 0 0 0 0 1 1 2 2 3 14 15 4 14 11 10 6 10
