sesion_6_simulaciones/modelos_agentes/ejemplos_netlogo/scenarios/cgcm2_b2/rob_2061.asc
NCOLS 322 
NROWS 307 
XLLCORNER 451900 
YLLCORNER 4086900 
CELLSIZE 100 
NODATA_value -9999 
[rows 222 to 295 of 307, columns 0 to 95 of 322]
21 29 41 58 48 34 46 33 7 21 24 28 50 21 19 11 10 4 5 7 17 29 30 38 29 26 20 35 54 30 20 47 61 34 59 50 30 29 38 64 36 35 50 65 60 76 54 59 61 81 78 49 33 29 24 12 14 24 13 15 15 8 5 13 6 7 2 3 2 1 1 1 0 0 0 0 0 0 0 0 0 0 0 0 0 0 0 0 1 0 0 0 0 1 2 1
46 55 42 29 30 38 37 45 24 11 14 30 32 15 8 9 11 21 26 26 30 43 27 65 48 45 36 37 33 47 31 45 36 44 68 20 24 35 42 66 63 57 49 73 34 21 33 19 19 60 67 46 39 22 15 15 7 8 13 12 9 14 5 5 8 3 2 2 2 1 0 0 0 0 0 0 0 0 0 0 0 0 0 0 0 0 0 0 1 1 0 1 1 1 0 0
48 67 69 77 59 55 45 46 30 37 45 59 26 18 17 26 24 42 22 24 64 18 38 44 45 34 26 61 45 42 41 48 40 60 39 29 40 52 45 64 63 64 62 87 80 70 58 55 45 20 25 31 18 14 9 8 7 10 8 7 6 7 3 12 12 4 2 1 1 0 0 0 0 0 0 0 0 0 0 0 0 0 0 0 0 0 0 1 2 2 1 1 1 1 0 0
52 61 50 66 63 67 37 25 18 55 55 41 25 18 22 28 10 5 4 42 22 34 64 50 37 48 40 47 41 29 40 40 58 19 20 49 40 65 45 70 66 73 77 60 61 75 59 65 66 38 17 16 9 13 5 5 5 8 5 4 6 2 2 1 2 2 1 1 0 0 0 0 0 0 0 0 0 0 0 0 0 0 0 0 0 1 1 1 4 4 3 3 1 0 0 0
17 30 33 24 32 76 51 10 37 44 57 26 41 35 8 6 4 2 15 49 17 47 62 65 47 45 32 15 37 28 43 69 56 29 40 49 71 80 59 66 79 82 80 51 62 64 64 30 55 68 21 13 5 6 6 8 4 3 3 2 1 1 1 0 0 1 1 1 0 0 0 0 0 0 0 0 0 0 0 0 0 0 0 0 0 1 2 4 5 8 3 1 1 0 0 0
45 30 33 31 36 30 16 20 19 30 49 55 56 14 3 3 19 30 50 66 34 39 60 77 66 37 51 24 32 48 22 48 77 38 29 37 59 56 84 89 63 55 40 69 47 48 66 44 26 10 18 20 16 11 10 8 6 3 2 1 1 0 1 0 0 1 0 0 0 0 0 0 0 0 0 0 0 0 0 0 0 0 0 0 0 1 3 12 6 0 0 0 0 0 0 0
49 36 31 50 34 32 38 36 25 48 41 37 28 12 21 44 51 57 61 75 37 50 58 71 24 24 53 18 40 57 23 21 43 54 39 64 49 33 68 81 72 46 62 39 80 53 32 29 25 19 13 25 21 15 15 9 3 3 1 1 0 0 0 0 0 0 0 0 0 0 0 0 0 0 0 0 0 0 0 0 0 0 0 0 1 1 2 14 3 1 0 0 0 0 0 0
17 30 51 31 28 27 47 46 42 43 40 55 35 40 38 59 53 36 66 68 40 45 45 46 24 60 24 8 41 47 23 31 38 51 74 83 66 47 29 46 56 36 26 18 33 72 48 28 22 18 12 11 11 16 15 10 3 2 0 0 0 0 0 0 0 0 0 0 0 0 0 0 0 0 0 0 0 0 0 0 0 0 1 1 2 3 5 6 1 1 1 1 0 0 0 0
59 45 36 40 46 39 58 43 51 43 30 46 32 57 40 58 59 50 49 71 23 39 42 34 44 14 28 32 32 47 19 39 28 42 41 65 54 70 41 17 36 57 41 45 54 22 26 17 11 11 7 6 11 9 6 5 5 2 1 0 0 0 0 0 0 0 0 0 0 0 0 0 0 0 0 0 0 0 0 0 1 0 1 1 1 9 24 6 2 2 3 2 0 0 0 0
36 54 48 57 36 36 45 74 27 49 31 27 42 47 35 60 59 45 41 58 39 38 36 52 30 24 28 28 25 30 17 30 68 53 36 25 66 39 45 37 17 26 65 70 70 40 14 8 15 16 13 4 6 8 5 4 3 1 1 1 0 0 0 0 0 0 0 0 0 0 0 0 0 0 0 0 0 0 1 1 2 1 2 1 1 4 18 3 2 5 3 1 0 0 0 0
32 29 50 50 38 44 43 58 33 33 34 36 32 49 36 42 65 25 30 41 23 35 10 32 24 31 19 15 27 19 27 41 44 69 46 43 29 33 41 17 28 20 18 27 26 16 12 8 14 8 11 5 4 3 3 5 2 1 0 0 0 0 0 0 0 0 0 0 0 0 0 0 0 0 0 0 0 1 1 2 4 6 3 1 1 2 6 4 6 3 1 0 0 0 0 0
22 20 52 34 31 63 58 43 48 35 51 51 36 59 44 35 43 23 29 31 36 14 11 8 21 24 11 17 29 21 21 26 22 21 14 27 16 18 19 12 24 36 56 27 22 9 8 3 4 4 5 3 3 3 3 2 1 0 0 0 0 0 0 0 0 0 0 0 0 0 0 0 0 0 0 0 0 1 2 5 12 9 5 5 2 4 16 15 7 2 1 1 0 1 0 0
28 15 14 33 28 50 61 54 62 29 42 59 20 36 24 39 63 19 27 31 35 31 7 11 26 14 7 34 46 53 55 18 38 28 46 45 43 44 34 41 53 54 55 56 49 40 32 10 10 16 8 3 2 1 1 1 0 0 0 0 0 1 1 0 0 0 0 0 0 0 0 0 0 0 0 0 0 2 3 6 6 18 10 12 8 29 11 10 4 4 3 2 1 1 0 0
6 9 26 25 30 37 36 44 22 43 56 44 12 16 14 16 52 12 12 15 5 19 13 19 11 13 9 23 48 32 74 77 70 58 76 58 60 43 44 41 49 61 56 71 37 17 11 3 6 10 13 7 2 1 1 1 1 1 1 1 0 0 0 0 0 0 0 0 0 0 0 0 0 0 0 0 0 1 4 9 22 13 19 16 31 16 16 11 3 3 7 3 2 1 0 1
3 16 7 9 13 30 36 27 21 26 29 43 12 28 9 26 14 8 9 6 7 4 9 6 17 16 39 41 50 30 39 62 84 63 72 89 87 74 74 60 28 63 69 61 69 48 37 16 12 10 7 5 4 1 1 3 3 1 1 0 0 1 0 0 0 0 0 0 0 0 0 0 1 1 1 0 1 0 2 3 21 36 30 10 11 47 14 13 10 9 4 3 2 1 1 1
2 7 3 10 13 29 19 34 33 33 16 7 13 2 11 16 6 58 6 18 54 41 25 13 11 6 11 19 20 30 31 29 33 75 61 81 86 80 82 72 66 34 71 71 70 41 45 18 11 9 3 2 1 1 0 0 0 1 1 0 0 0 0 0 0 0 0 0 0 0 0 0 0 1 1 1 1 1 2 4 16 38 28 8 33 29 17 28 23 8 7 4 3 1 2 1
2 3 11 15 32 11 21 32 27 28 16 10 7 3 7 5 2 1 31 29 32 50 48 22 12 6 19 21 19 31 25 35 35 30 23 53 87 62 77 45 56 50 48 55 53 38 16 7 21 12 6 4 4 3 1 1 0 0 0 0 0 0 0 0 0 0 0 0 0 0 0 0 1 2 4 2 1 2 5 11 26 43 17 16 31 9 4 6 8 3 2 4 2 2 1 0
1 3 6 1 8 12 15 15 15 10 12 7 5 2 2 5 4 4 5 18 16 6 54 44 13 4 19 37 28 36 31 21 33 40 23 26 58 68 65 57 55 43 48 31 32 36 28 10 4 10 6 6 4 3 3 1 0 0 0 0 0 0 0 0 0 0 0 0 0 0 0 0 1 1 4 6 2 2 5 24 31 60 19 21 44 11 8 5 3 2 1 2 2 1 0 0
0 1 1 5 2 4 6 6 16 15 8 4 3 2 3 3 6 10 16 29 9 8 8 41 45 10 27 53 49 45 51 38 42 51 40 29 21 55 37 37 19 23 14 21 17 14 3 13 6 4 5 3 2 2 2 1 1 1 0 1 0 0 0 0 0 0 0 0 0 0 0 1 1 1 2 8 13 5 18 18 52 49 42 58 15 14 12 9 9 7 3 3 2 1 0 0
0 0 1 1 1 2 4 6 4 11 3 2 5 4 4 3 8 20 25 13 5 4 9 54 32 28 32 25 11 23 31 33 42 41 40 42 20 16 15 12 21 11 5 5 7 10 7 8 3 2 3 2 2 1 1 1 1 0 0 0 0 0 0 0 0 0 0 0 0 0 0 1 1 1 2 3 29 6 10 37 58 40 48 50 38 25 14 27 18 3 3 2 1 0 0 0
0 0 0 0 1 1 1 2 4 4 5 3 2 2 6 7 6 13 24 24 12 8 6 14 17 18 21 47 16 46 54 37 32 40 36 47 39 19 10 6 5 8 10 8 11 9 5 2 2 3 2 1 1 1 1 1 1 0 0 0 0 0 0 0 0 0 0 0 0 1 1 0 0 2 10 9 32 16 22 49 62 59 38 41 23 11 9 20 11 5 2 1 1 0 0 0
0 0 0 0 1 1 0 5 2 1 1 3 19 23 41 27 12 4 5 9 15 14 8 25 44 40 36 36 35 39 50 49 48 48 42 51 45 56 32 11 11 6 6 4 4 3 3 1 1 1 1 1 1 1 0 0 0 0 0 0 0 0 0 0 0 0 0 0 0 1 1 1 1 3 8 10 28 50 33 56 60 60 54 42 23 27 13 14 10 5 2 1 0 0 0 0
0 0 0 0 0 1 1 2 1 0 0 4 1 2 10 44 15 5 5 5 15 10 14 20 9 20 42 63 58 60 52 57 59 63 60 51 50 52 57 45 16 10 8 8 7 4 2 2 3 2 2 2 1 0 1 0 1 0 0 0 0 0 0 0 0 0 0 1 2 2 1 2 1 4 20 9 7 43 80 55 64 59 47 33 21 11 3 8 8 4 1 1 0 0 1 0
0 0 0 0 0 1 1 0 0 6 13 11 4 5 8 4 5 2 8 11 11 31 18 19 37 27 11 26 33 65 68 66 74 79 65 49 62 69 66 47 19 17 12 15 12 10 4 8 3 1 0 0 1 1 0 0 0 0 0 0 0 0 0 0 0 0 1 2 3 4 3 5 3 7 19 29 10 40 61 51 44 28 16 7 9 11 4 4 4 2 1 1 1 1 1 0
0 0 0 0 0 0 0 0 1 2 0 1 4 15 10 7 7 11 5 16 31 17 18 33 23 41 23 8 8 49 38 71 85 70 68 67 51 54 60 54 38 38 23 11 15 17 6 5 3 1 1 1 0 1 0 0 0 0 0 0 0 0 0 0 0 0 1 2 3 6 5 10 4 7 20 39 38 31 62 32 19 11 15 9 6 2 2 3 5 3 1 1 1 1 1 0
0 0 0 0 1 0 0 0 0 2 1 1 3 4 2 3 10 27 9 22 14 21 27 27 23 39 36 21 17 13 19 13 53 60 51 47 36 51 41 21 16 10 8 5 8 14 5 4 2 2 1 1 0 0 0 0 0 0 0 0 0 0 0 0 0 1 2 2 3 5 17 9 12 6 10 37 40 69 36 21 26 14 12 10 10 4 5 5 3 1 1 2 2 1 1 0
0 0 0 1 0 0 2 0 0 1 2 17 5 2 1 10 10 22 24 9 7 13 11 19 23 22 34 31 47 47 25 38 41 28 14 25 30 33 18 19 8 7 3 4 4 4 3 4 2 1 1 1 1 1 0 0 0 0 0 0 0 0 0 0 0 1 1 1 1 2 7 24 33 7 6 29 25 61 24 32 16 13 7 11 10 8 7 2 3 2 3 3 1 1 0 0
0 0 0 0 0 1 0 0 0 1 5 15 4 2 9 12 33 15 22 10 9 14 15 25 31 36 62 55 27 22 17 19 40 45 31 23 36 38 28 20 20 14 21 14 6 4 4 4 3 1 0 1 0 0 0 0 0 0 0 0 0 0 0 0 0 1 1 3 2 1 3 7 19 26 14 20 57 45 36 23 11 17 14 8 3 7 8 5 6 6 2 2 1 0 0 0
0 0 1 0 0 1 0 0 0 1 3 1 4 5 9 15 28 9 20 10 16 15 17 23 68 72 68 37 57 62 54 34 52 49 41 36 42 52 35 28 31 21 12 10 8 6 9 10 3 2 2 1 2 1 1 0 0 0 0 0 0 0 0 0 1 1 3 4 5 2 2 4 12 31 42 27 67 45 43 42 30 15 18 18 12 9 14 8 4 6 5 1 1 1 0 0
0 0 0 0 1 0 0 0 1 3 5 6 8 5 13 17 36 22 7 21 15 28 27 39 54 73 77 57 31 41 44 39 26 28 36 28 27 34 30 48 49 22 23 18 22 15 11 10 5 3 3 3 2 1 1 1 0 0 0 0 0 0 0 0 1 2 6 6 3 4 3 7 10 11 11 62 66 45 35 32 20 21 33 23 20 25 19 18 9 6 2 1 1 1 0 0
0 1 0 1 0 0 0 1 6 18 34 8 2 7 16 9 11 9 6 12 19 24 32 61 49 30 56 56 45 60 63 50 26 17 19 19 32 39 45 41 26 25 47 37 37 21 10 4 3 2 1 2 2 1 1 0 0 0 0 0 0 0 0 1 2 4 6 6 6 10 10 9 29 37 33 44 63 50 27 31 30 38 29 14 19 19 16 8 11 3 1 1 2 1 0 0
0 0 0 1 0 0 5 12 28 18 47 38 8 6 21 14 12 2 5 6 7 7 14 42 13 23 41 64 66 69 84 47 62 42 23 14 26 66 48 48 47 9 10 4 5 9 4 6 2 3 2 2 1 1 0 0 0 0 0 0 0 0 0 1 2 8 6 6 4 24 43 11 39 61 70 55 43 41 35 21 27 22 23 32 21 17 9 6 6 4 3 3 2 1 0 0
0 0 0 1 0 1 1 2 3 10 4 3 10 9 17 17 17 8 8 8 9 8 23 29 7 6 8 39 43 33 44 78 54 66 60 53 48 44 37 37 43 35 22 26 19 8 9 11 5 4 3 1 1 1 0 0 0 0 0 0 0 0 1 2 3 6 7 7 5 6 25 52 29 56 70 68 53 33 44 33 44 42 23 14 19 17 9 5 6 9 6 4 1 1 1 0
1 0 1 0 0 1 1 4 8 9 6 12 11 8 18 17 25 9 5 18 20 15 22 44 13 2 15 8 21 31 13 21 60 50 59 58 33 11 10 10 22 21 17 22 27 25 11 5 6 5 2 3 2 1 1 1 0 0 0 0 0 1 2 3 8 13 7 6 21 18 13 15 55 69 55 70 51 50 67 62 18 15 14 17 14 9 13 7 8 3 2 1 0 0 0 0
0 0 1 0 0 1 1 1 3 4 7 10 5 10 10 8 15 2 5 6 6 34 29 48 30 12 15 21 30 22 24 10 8 17 18 16 14 13 12 8 5 7 6 8 18 15 7 11 8 6 5 3 2 2 1 1 1 0 0 0 0 1 2 7 12 13 8 14 18 40 28 29 22 26 48 54 68 61 39 38 32 40 31 33 21 14 18 12 4 2 1 1 1 0 0 0
0 0 0 0 0 0 0 1 2 3 3 6 7 9 10 23 16 4 5 5 12 36 43 40 16 3 16 34 24 38 39 15 42 47 47 39 34 28 26 11 7 8 27 32 29 13 14 10 9 9 6 4 3 2 2 1 1 0 0 0 0 1 5 8 10 20 11 19 22 19 67 47 40 32 19 61 46 65 54 48 50 60 49 36 23 30 16 8 3 2 1 1 0 0 0 1
1 0 0 0 0 0 1 0 2 2 4 6 25 31 32 46 29 8 4 4 27 35 42 32 17 34 9 33 33 43 27 47 45 29 32 33 26 24 10 18 35 42 20 19 12 17 11 8 11 8 8 5 3 2 2 2 1 0 0 0 0 0 2 10 30 25 13 25 21 19 22 43 61 19 15 26 71 79 75 61 55 49 45 47 36 17 15 8 9 3 1 1 0 0 0 2
0 0 0 0 0 0 0 1 0 5 10 8 26 41 41 12 6 3 2 14 24 28 38 46 47 19 24 27 24 22 30 69 33 31 36 38 35 20 28 29 53 41 35 30 27 25 20 13 18 11 10 6 4 3 2 1 1 0 0 0 0 1 2 7 22 20 32 42 30 52 53 60 61 31 33 47 67 61 63 53 49 42 37 36 23 17 14 14 13 6 2 1 1 1 1 3
0 0 0 0 0 0 1 1 1 9 10 16 18 73 19 9 14 9 6 18 20 23 26 14 13 11 44 13 29 23 48 33 46 54 41 39 38 38 46 38 28 42 40 45 37 36 24 26 18 7 5 4 3 4 3 1 1 1 0 0 0 1 3 6 16 18 17 34 58 46 69 61 64 35 59 57 65 63 44 43 43 40 26 18 16 14 12 9 6 5 4 2 1 2 3 3
0 0 0 0 0 0 0 0 2 7 11 13 4 22 8 2 11 12 22 15 18 32 29 14 10 27 16 25 38 60 63 54 50 50 39 41 53 51 52 46 49 61 56 35 29 40 35 28 13 10 6 5 3 2 2 2 1 1 0 0 0 1 3 8 12 18 16 22 51 75 70 67 59 83 66 49 37 40 48 46 40 38 34 26 15 19 8 12 6 4 4 2 1 3 4 3
0 0 0 0 0 0 0 0 5 3 10 7 3 1 1 2 10 11 8 15 19 14 14 32 30 12 15 43 63 26 22 23 45 41 48 55 55 52 50 49 52 59 41 39 48 38 37 33 12 11 8 5 3 2 2 2 1 1 1 0 0 1 6 12 18 19 18 19 24 31 48 54 60 69 19 44 42 40 34 34 31 26 22 33 23 21 14 12 6 5 4 1 2 5 4 6
0 0 0 0 0 0 0 0 4 5 10 7 7 12 9 4 1 4 4 20 28 16 56 53 16 22 29 43 26 27 28 33 39 34 48 54 56 54 45 70 56 43 39 47 20 30 43 37 26 18 5 4 3 3 3 2 1 1 1 0 0 1 2 9 15 19 52 35 41 44 43 29 43 63 49 56 55 39 39 35 37 30 33 28 22 7 6 5 5 8 4 1 3 9 10 12
0 0 0 0 0 0 0 2 5 14 13 3 4 9 11 11 4 1 5 23 19 52 36 16 20 44 28 26 26 30 35 33 24 36 43 62 43 42 61 54 46 63 66 30 44 40 34 32 19 9 5 7 7 5 4 3 2 2 1 0 0 1 3 7 12 31 53 74 44 55 47 32 36 69 77 42 46 54 52 33 29 31 38 26 13 5 11 8 6 3 2 1 5 11 13 14
0 0 1 0 0 1 4 5 11 21 2 2 4 1 1 3 6 2 10 22 19 20 7 16 37 11 10 21 26 30 48 37 28 37 49 53 51 65 69 65 46 39 38 47 38 38 24 23 16 12 9 12 11 4 4 3 3 1 1 0 0 1 3 8 16 27 49 67 64 65 52 54 59 72 47 43 39 38 45 48 32 60 37 17 17 19 12 7 3 1 1 3 8 13 14 17
0 0 0 0 3 0 0 4 9 4 0 2 4 5 5 7 14 9 23 10 8 6 4 18 15 18 23 34 43 36 31 24 28 33 57 42 76 71 70 41 29 27 33 45 49 40 32 29 25 21 16 13 7 3 2 2 2 2 1 1 1 2 4 12 26 32 32 39 64 78 71 36 42 73 44 50 68 64 59 65 55 38 28 26 24 21 7 6 3 2 2 7 11 15 11 19
0 0 0 0 0 0 0 2 3 2 0 2 4 8 9 10 6 11 18 28 22 17 2 16 21 34 36 43 27 17 28 29 34 39 73 40 24 17 17 34 36 51 62 62 57 45 33 30 16 23 11 8 10 4 4 2 2 2 1 1 1 4 8 12 32 34 32 22 43 69 72 50 57 70 47 31 51 72 70 67 62 30 31 30 22 18 7 4 6 3 7 10 6 19 21 24
0 0 0 0 0 0 0 1 5 8 1 4 4 2 4 3 5 27 14 10 13 16 15 13 35 25 29 32 21 25 42 38 28 75 28 21 49 52 51 49 62 67 60 62 61 56 42 32 21 18 16 12 11 8 6 5 3 2 2 1 3 6 16 41 42 40 33 43 52 59 73 48 46 62 74 54 55 55 68 68 51 49 30 29 23 14 7 2 3 6 9 5 11 15 37 27
0 0 0 0 0 0 1 3 2 3 10 5 2 2 3 5 6 8 15 20 12 19 9 15 31 32 25 28 31 30 33 39 47 34 11 35 41 49 58 83 61 58 66 66 63 55 37 28 20 15 16 13 12 6 7 4 5 4 2 3 4 13 13 32 40 37 37 51 58 52 79 73 54 71 68 56 61 62 57 51 55 37 26 21 19 10 4 1 3 12 6 11 17 21 42 26
0 0 0 0 0 0 0 0 0 5 3 1 1 3 4 2 14 5 6 26 46 18 6 10 43 29 39 31 25 24 54 81 51 10 21 51 39 69 74 67 63 72 69 49 50 46 40 34 19 19 16 15 13 12 10 7 7 6 3 4 5 7 13 18 42 62 50 69 73 63 57 59 56 65 75 74 57 51 41 39 39 31 23 22 15 7 2 2 8 12 14 27 36 29 34 26
0 0 0 0 1 0 2 4 2 2 2 4 2 2 1 20 9 10 11 26 18 7 17 26 6 32 30 19 52 43 66 44 14 22 57 27 52 45 57 78 79 60 47 75 63 38 41 39 31 26 22 18 15 13 11 10 8 5 5 6 7 16 11 15 19 46 70 74 73 73 81 81 57 70 57 50 35 41 52 53 34 33 20 22 14 3 2 9 8 15 25 36 33 22 34 36
0 0 0 0 0 0 1 0 0 1 2 3 1 1 1 16 6 2 2 5 5 10 26 10 6 18 13 18 59 55 46 11 17 31 50 73 47 55 71 73 71 60 64 32 45 37 45 52 36 29 26 23 18 16 13 12 6 3 8 15 11 21 21 23 27 44 54 80 65 63 46 70 54 39 39 50 59 46 39 37 32 18 26 15 4 2 6 9 17 17 21 30 46 37 40 37
0 0 0 0 0 0 1 0 1 1 2 1 1 2 5 23 5 6 5 4 25 8 15 3 17 27 17 43 68 37 20 15 21 28 69 70 67 57 61 62 60 65 50 38 42 69 52 45 38 49 31 26 23 19 16 12 7 5 14 19 34 42 31 37 33 45 63 66 76 61 53 45 52 60 52 66 51 50 41 37 23 23 10 5 3 6 13 19 18 32 32 24 26 37 34 28
0 0 0 0 0 0 0 0 1 0 1 4 1 4 14 7 5 2 14 17 11 15 7 15 45 14 20 53 42 31 28 24 46 55 72 57 60 60 52 38 39 58 67 58 65 53 54 51 58 40 35 42 14 19 16 9 5 15 23 25 51 53 41 55 42 30 42 77 77 38 75 53 50 60 61 59 53 51 46 29 22 20 7 8 7 14 18 24 22 26 37 27 28 39 44 35
0 0 0 0 0 0 1 1 1 0 1 2 1 10 1 3 7 7 11 21 8 6 10 14 23 18 23 48 24 17 32 26 57 59 55 57 43 53 46 50 58 60 61 75 57 56 53 67 48 44 53 35 30 23 12 11 6 14 39 39 45 63 51 63 63 43 46 57 84 39 41 76 74 57 55 55 62 48 52 44 24 15 5 5 8 17 25 34 41 42 41 41 31 36 54 45
0 0 0 0 0 1 4 0 0 0 3 0 7 2 3 5 4 2 1 10 5 12 18 18 19 30 30 6 16 26 39 46 57 61 21 17 52 42 52 44 47 58 64 72 71 56 73 47 65 63 40 37 33 29 16 13 8 16 42 54 50 67 49 53 70 46 65 42 72 46 48 72 49 64 61 56 50 48 64 34 25 6 4 8 17 21 30 39 30 23 32 54 26 30 47 64
0 0 0 0 0 0 0 1 1 2 0 1 4 1 1 3 2 2 1 2 3 8 18 16 16 28 12 10 22 18 32 14 39 25 14 34 24 28 36 58 62 64 68 71 62 44 63 69 63 51 49 39 34 32 28 15 17 20 48 69 70 69 62 50 67 65 34 41 83 46 67 61 57 58 51 42 54 27 22 22 8 4 9 20 22 29 39 43 24 28 42 25 17 20 33 64
0 0 0 1 1 1 1 1 1 1 1 2 2 3 3 9 6 1 1 1 1 11 10 5 14 18 13 35 36 35 56 46 39 24 14 14 30 31 33 32 38 63 49 56 65 36 29 29 46 46 54 45 40 33 20 12 23 35 50 61 83 75 55 56 61 64 61 28 69 17 25 39 47 55 55 56 56 50 36 29 10 6 12 22 25 49 56 46 34 34 41 43 35 21 32 51
0 0 2 1 1 1 1 1 1 0 1 3 8 3 5 5 11 3 5 3 13 17 8 15 24 16 16 3 4 17 42 12 17 9 16 24 15 22 22 25 58 52 41 56 35 39 41 53 51 63 50 49 45 25 24 14 26 41 55 64 74 56 58 65 70 45 42 51 65 32 36 30 28 20 35 45 40 40 22 17 8 12 23 26 31 56 50 23 37 49 32 48 25 28 35 57
0 1 0 0 0 1 0 0 0 1 1 4 9 10 6 11 10 2 6 13 17 7 7 19 16 12 2 8 8 22 19 10 7 24 29 24 32 26 30 46 37 48 63 39 43 44 59 55 64 50 49 48 47 27 11 27 33 66 60 66 67 71 59 72 72 55 38 63 51 33 45 58 54 58 58 51 39 16 11 6 9 25 27 29 36 62 62 23 25 48 35 53 31 31 38 71
0 0 1 1 1 2 1 2 1 1 5 3 7 7 1 2 1 1 4 17 14 7 14 6 18 24 4 6 9 30 11 7 11 26 46 24 25 31 41 20 55 49 37 51 45 59 60 70 69 57 65 47 33 32 20 33 40 60 75 60 65 73 57 48 69 70 39 47 56 61 63 46 46 46 35 40 31 17 6 18 17 29 35 51 44 61 66 36 36 39 22 57 34 36 38 54
2 5 3 11 13 7 4 4 4 3 6 2 3 2 7 2 2 3 9 11 11 7 11 3 7 6 4 9 11 23 9 14 53 31 18 16 22 28 29 47 68 55 61 39 52 70 71 58 56 73 60 40 36 33 21 49 65 58 63 75 64 73 78 51 81 79 42 50 55 59 44 43 58 45 43 25 27 23 14 31 34 34 40 54 43 49 57 50 54 36 36 61 34 38 33 49
6 11 15 4 10 27 9 3 1 3 0 0 2 3 3 2 1 13 19 8 5 10 5 5 13 22 4 4 8 17 20 50 16 9 19 23 11 8 36 41 49 32 68 56 63 73 44 56 70 62 47 43 38 36 35 55 66 65 65 75 63 69 75 70 67 73 52 24 41 68 47 53 53 55 42 43 42 35 25 34 38 50 46 54 43 38 53 51 47 44 41 60 37 29 40 47
1 3 5 1 0 4 8 9 0 0 1 1 3 6 4 3 5 6 2 5 3 4 15 3 19 26 7 5 19 27 36 46 19 23 25 5 6 10 19 41 35 48 63 65 64 60 61 59 61 58 47 44 39 40 44 48 62 76 66 63 81 59 69 74 59 41 20 15 12 34 46 60 55 49 40 38 29 13 24 35 38 52 49 56 41 56 67 69 53 48 40 48 54 18 43 51
2 1 1 2 1 0 0 0 0 1 2 0 0 2 5 3 4 9 1 4 1 4 3 5 20 10 3 4 7 15 8 11 23 17 14 17 11 5 49 20 31 22 57 45 68 54 56 43 62 60 42 42 39 39 45 65 64 77 76 74 71 72 62 64 23 21 40 55 40 45 44 45 47 33 30 24 12 23 38 37 40 55 59 40 53 54 64 67 54 50 39 47 54 24 29 61
1 1 4 1 1 1 0 1 0 1 1 1 1 3 0 1 3 1 4 3 2 14 17 12 21 8 3 3 5 5 5 26 23 16 24 17 25 7 37 28 6 26 59 54 63 56 57 67 60 55 49 42 41 63 62 57 66 65 73 55 69 70 47 42 39 33 44 62 47 34 59 57 66 60 45 13 22 26 38 52 59 45 58 44 57 69 67 63 51 51 41 40 57 48 24 42
0 2 1 2 2 0 0 2 1 1 2 0 1 1 0 2 3 10 2 6 20 6 13 15 28 15 4 5 4 15 21 13 16 39 15 24 25 13 67 37 12 38 20 57 53 46 62 41 56 51 43 45 40 61 73 62 62 59 70 77 53 59 56 38 37 25 32 33 36 30 53 58 63 70 32 20 25 39 37 59 59 56 55 58 42 66 69 67 57 58 26 46 46 41 34 26
1 1 0 0 0 1 1 2 0 0 1 0 2 1 2 4 1 7 1 3 6 22 10 21 10 2 1 1 1 13 20 7 11 19 27 41 17 22 46 48 27 39 19 59 45 38 45 36 53 49 57 41 40 54 60 85 49 57 53 46 61 35 37 33 22 25 38 34 40 35 56 57 34 48 22 20 42 43 40 44 60 55 56 53 56 67 66 76 64 47 34 50 54 28 34 23
0 1 1 0 0 2 0 1 0 1 0 0 1 0 3 3 2 3 3 1 1 1 2 3 2 2 2 1 6 4 15 18 25 18 24 28 14 14 18 63 35 42 38 49 18 49 38 52 56 38 52 41 44 38 63 66 70 58 48 28 45 26 19 36 25 25 39 32 48 41 47 47 36 23 27 42 43 43 43 40 46 59 67 59 54 69 73 71 71 43 31 64 45 46 34 18
1 1 1 0 0 1 1 0 0 1 0 1 0 0 3 2 1 2 5 3 2 3 5 6 6 13 6 3 1 2 7 15 21 20 23 20 19 16 8 40 67 59 37 23 21 29 31 49 38 20 47 38 39 36 49 73 59 62 39 18 25 6 8 10 13 16 29 46 50 53 56 38 22 22 47 44 49 63 58 47 40 53 55 63 67 81 56 78 56 40 34 67 46 58 25 20
0 0 1 0 4 0 0 0 0 0 1 0 1 1 2 1 1 2 1 1 1 2 2 12 20 2 3 2 2 1 1 5 5 21 13 6 22 13 14 25 74 60 27 16 21 31 54 24 37 17 29 42 36 56 56 51 45 42 48 18 22 12 16 7 22 39 39 41 44 34 40 35 14 26 40 41 60 53 49 34 41 24 56 65 65 54 73 70 68 51 34 59 43 53 44 17
0 0 0 0 1 1 1 0 1 0 1 0 0 2 2 2 3 1 2 1 5 4 8 4 4 5 10 5 2 1 7 8 3 8 8 8 24 3 3 24 39 52 33 23 16 66 39 22 19 31 46 45 31 49 69 47 67 26 39 35 19 20 19 10 22 20 23 30 46 46 23 20 25 39 37 42 36 42 33 13 32 36 51 54 60 66 73 68 31 53 25 53 67 31 16 26
0 0 0 0 1 1 1 0 0 0 1 1 2 2 2 2 0 1 2 1 1 1 1 4 7 26 4 2 3 2 11 8 9 12 9 11 13 5 10 15 34 36 42 31 26 75 33 35 22 29 40 33 40 66 74 49 62 29 24 24 18 6 6 32 31 30 34 31 50 23 22 25 40 36 35 38 49 52 41 31 38 50 57 68 67 64 62 75 28 48 35 34 64 16 14 20
0 0 0 0 0 0 1 2 0 1 2 4 1 1 1 2 1 1 1 2 1 1 5 10 15 4 3 7 1 2 4 13 13 22 18 21 18 14 12 20 33 47 38 36 23 35 34 47 33 16 18 41 54 55 61 52 46 28 17 22 14 5 11 16 29 41 40 33 34 35 39 37 34 40 51 23 30 53 41 30 43 45 43 66 56 55 36 50 47 41 64 30 47 21 20 23
0 0 0 1 0 1 1 1 1 2 3 2 0 0 1 1 0 1 1 1 1 2 18 9 5 9 13 23 11 11 3 16 17 34 16 30 13 27 25 19 19 19 35 47 12 37 41 49 34 28 35 50 44 40 47 28 28 30 15 11 4 11 11 13 16 28 24 47 57 39 39 34 33 52 38 18 24 54 51 34 36 43 39 39 62 58 21 30 46 64 41 37 23 17 27 39
