sesion_6_simulaciones/modelos_agentes/ejemplos_netlogo/scenarios/cgcm2_b2/rob_2023.asc
NCOLS 322 
NROWS 307 
XLLCORNER 451900 
YLLCORNER 4086900 
CELLSIZE 100 
NODATA_value -9999 
[rows 222 to 295 of 307, columns 96 to 191 of 322]
0 0 0 0 0 0 0 0 0 0 0 0 0 0 0 0 0 0 0 0 0 0 0 0 0 0 0 1 0 0 0 0 0 1 0 0 0 0 0 0 0 0 0 0 0 1 2 4 6 10 13 14 21 28 31 41 50 63 79 78 80 85 63 79 57 70 55 50 56 49 36 36 25 29 43 46 53 30 32 25 60 47 42 34 34 18 37 51 57 34 22 20 10 5 5 2
0 0 0 0 0 0 0 0 0 0 0 0 0 0 0 0 0 0 0 0 0 0 0 0 0 0 0 0 1 0 0 1 1 0 0 0 0 0 0 0 0 0 0 0 0 1 1 2 4 6 9 8 13 22 38 63 67 49 35 46 49 52 48 55 82 39 40 40 63 54 43 58 26 30 50 44 46 26 45 56 47 79 54 44 36 32 21 19 40 67 46 35 25 10 5 4
0 0 0 0 0 0 0 0 0 0 0 0 0 0 0 0 0 0 0 0 0 0 0 0 0 0 0 0 1 1 1 1 0 0 0 0 0 0 0 0 0 0 0 0 0 1 1 1 3 5 6 10 23 16 35 53 32 31 35 37 16 45 45 40 40 61 26 61 60 51 65 57 19 26 32 44 36 36 50 61 45 32 60 58 37 35 35 17 12 37 68 41 31 16 12 7
0 0 0 0 0 0 0 0 0 0 0 0 0 0 0 0 0 0 0 0 0 0 0 0 0 0 0 0 1 3 1 0 0 0 0 0 0 0 0 0 0 0 0 0 0 0 1 1 2 3 5 7 17 22 13 13 19 22 24 22 49 66 41 49 57 87 77 56 62 59 71 60 39 31 45 57 47 47 58 64 51 30 14 28 61 61 34 28 21 14 37 35 24 16 8 4
0 0 0 0 0 0 0 0 0 0 0 0 0 0 0 0 0 0 0 0 1 0 0 0 0 1 1 0 1 2 0 0 0 0 0 0 0 0 0 0 0 0 0 0 0 1 1 2 2 3 6 12 12 14 17 20 33 31 25 33 19 32 57 50 55 88 67 72 35 72 57 61 44 32 53 66 59 41 57 80 46 43 57 40 36 18 21 30 23 23 11 14 14 8 4 4
0 0 0 0 0 0 0 0 0 0 0 0 0 0 0 0 0 0 0 0 0 1 0 0 0 0 2 2 2 1 0 0 0 0 0 0 0 0 0 0 0 0 0 0 0 1 1 1 2 2 4 5 5 8 11 20 41 40 36 21 26 42 42 54 75 58 54 66 80 63 54 62 61 18 23 46 49 62 74 37 73 61 78 54 70 36 47 30 18 9 8 14 9 5 2 1
0 0 0 0 0 0 0 0 0 0 0 0 0 0 0 0 0 0 0 0 0 0 1 1 0 1 1 3 2 0 0 0 0 0 0 0 0 0 0 0 0 0 0 0 0 0 1 1 2 3 5 5 8 10 11 22 33 57 34 34 24 48 63 76 59 50 55 54 39 56 68 43 32 16 24 41 62 56 81 60 32 25 42 60 40 43 32 25 14 12 9 5 4 4 3 3
0 0 0 0 0 0 0 0 0 0 0 0 0 0 0 0 0 0 0 0 0 0 0 1 0 1 1 7 2 1 1 1 0 0 0 0 0 0 0 0 0 0 0 0 0 0 0 1 2 2 3 4 6 6 17 23 18 18 16 33 22 21 30 44 30 18 33 47 35 51 25 47 41 26 44 27 29 65 40 49 41 29 27 32 18 20 24 28 13 11 4 2 3 2 2 2
0 0 0 0 0 0 0 0 0 0 0 0 0 0 0 0 0 0 0 0 1 1 0 0 2 0 1 3 6 6 2 1 0 0 0 0 0 0 0 0 0 0 0 0 0 0 0 1 1 1 1 2 4 7 12 7 9 11 14 15 20 20 25 32 37 51 56 65 53 55 65 65 46 21 38 54 28 57 50 55 56 49 37 56 30 12 14 9 6 8 3 1 1 1 1 1
0 0 0 0 0 0 0 0 0 0 0 0 0 0 0 0 0 0 0 0 1 1 1 1 1 1 1 2 6 5 2 1 0 0 0 0 0 0 0 0 0 0 1 0 0 0 1 1 1 1 2 2 3 4 3 4 4 4 5 6 7 8 9 31 43 44 28 50 52 50 50 46 43 26 29 50 51 44 47 69 56 54 51 47 32 21 10 8 5 5 4 2 1 1 1 0
0 0 0 0 0 0 0 0 0 0 0 0 0 0 0 0 0 0 0 1 1 1 0 1 4 2 1 1 5 4 2 1 0 0 0 0 0 0 0 0 0 0 1 1 1 1 0 1 2 4 6 5 3 2 3 4 4 5 11 15 11 21 19 16 15 18 26 30 33 48 64 70 70 28 43 36 68 52 59 43 42 51 50 39 32 44 26 12 6 3 2 1 1 1 1 0
0 0 0 0 0 0 0 0 0 0 0 0 0 0 0 0 0 0 0 1 1 1 0 1 1 3 3 4 7 5 3 2 0 0 0 0 0 0 0 0 0 0 1 1 1 2 1 1 2 4 7 13 9 4 6 8 17 18 24 42 37 35 32 24 34 53 37 34 29 44 65 66 68 63 47 62 76 43 62 40 61 61 46 57 35 26 26 21 18 5 2 1 1 0 0 0
0 0 0 0 0 0 0 0 0 0 0 0 0 0 0 0 0 0 0 0 1 1 1 0 1 2 8 7 3 3 1 1 0 0 0 0 0 0 0 0 0 1 1 1 1 1 2 4 2 3 5 7 8 13 12 19 23 28 49 45 34 36 48 38 27 23 39 48 28 38 23 24 26 23 59 23 40 75 50 38 17 32 67 59 33 29 36 13 13 4 4 2 0 1 0 0
0 0 0 0 0 0 0 0 0 0 0 0 0 0 0 0 0 0 0 1 1 1 2 0 1 2 4 9 3 1 1 0 0 0 0 0 0 0 0 0 0 1 1 1 1 2 2 3 5 5 7 9 13 28 15 18 29 34 37 49 48 64 60 58 45 29 42 44 60 44 49 42 47 41 79 38 24 28 32 31 19 8 60 65 44 40 42 34 12 9 6 3 2 2 1 0
0 0 0 0 0 0 0 0 0 0 0 0 0 0 0 0 0 0 0 0 1 1 3 1 1 3 3 11 3 2 0 0 0 0 0 0 0 0 0 0 1 1 1 1 2 3 7 5 7 16 11 19 21 23 25 23 29 34 59 55 61 58 53 68 67 45 35 41 46 39 73 50 41 46 52 59 48 60 56 43 39 25 15 48 41 38 47 29 10 6 2 2 2 0 0 0
2 1 0 0 0 0 0 0 0 0 0 0 0 0 0 0 0 0 0 0 1 2 1 3 1 2 3 7 3 2 1 1 0 0 0 0 0 0 1 1 1 1 1 2 4 4 11 11 8 6 24 40 54 33 30 14 29 32 57 49 73 63 56 52 50 47 29 45 35 72 36 40 41 48 42 28 35 39 40 35 29 24 24 19 32 19 8 15 12 4 3 1 0 1 0 0
1 0 0 0 0 0 0 0 0 0 0 0 0 0 0 0 0 0 0 0 1 1 2 4 2 2 5 9 5 3 2 1 0 0 0 0 0 0 0 1 1 1 1 4 5 9 14 15 19 15 17 31 40 41 33 17 29 39 29 54 72 68 28 74 32 51 49 41 36 59 41 26 33 61 61 46 52 56 56 52 61 31 27 18 13 7 11 7 4 4 1 1 1 0 0 0
0 0 0 0 0 0 0 0 0 0 0 0 0 1 1 0 0 0 1 1 1 1 3 9 4 4 9 8 4 5 2 1 0 0 0 0 0 0 0 1 1 1 2 4 6 11 16 20 23 30 24 35 54 54 43 20 32 43 53 48 59 64 26 54 57 53 63 35 48 44 30 44 56 53 40 33 32 41 45 24 40 47 43 19 18 9 5 5 3 1 1 1 1 1 1 0
0 0 0 0 0 0 0 0 0 0 0 0 0 1 1 1 0 0 1 4 3 1 3 8 8 3 2 22 13 3 2 1 0 0 0 0 1 1 0 1 2 3 2 5 9 10 19 25 31 44 28 47 57 44 53 18 32 41 46 59 53 53 54 55 63 63 56 55 48 34 44 52 57 51 43 35 32 46 41 33 32 27 51 44 20 20 12 4 2 1 1 0 1 1 0 0
0 0 0 0 0 0 0 0 0 0 1 0 0 1 2 1 0 0 1 2 3 2 3 8 16 4 5 25 8 5 4 1 1 0 0 0 1 0 1 1 2 4 4 7 8 11 31 32 39 45 47 43 36 50 77 41 22 45 62 49 38 34 33 59 61 58 56 68 53 33 39 44 58 55 58 52 53 72 58 50 39 34 33 27 23 25 10 6 4 2 1 1 1 0 0 0
0 0 0 0 0 0 0 0 0 0 1 1 0 1 2 2 1 0 3 2 3 5 5 12 24 26 19 25 14 8 3 1 0 0 0 1 1 1 1 2 2 4 7 7 5 10 25 40 47 45 49 58 57 57 82 60 50 18 39 72 55 51 37 38 33 65 67 67 38 36 31 62 56 43 44 42 50 75 58 42 54 23 19 14 14 10 13 8 2 1 1 1 1 0 0 0
0 0 0 0 0 0 0 0 0 1 1 2 1 2 2 4 1 1 2 3 3 6 7 16 32 46 20 27 8 5 4 1 0 0 0 0 0 2 1 2 4 3 8 7 11 22 29 30 49 56 55 59 70 81 83 78 37 22 49 62 70 51 43 46 48 42 33 37 35 34 64 55 33 58 33 38 29 52 44 42 32 34 47 20 9 6 3 2 2 2 1 1 0 0 0 0
0 0 0 0 0 0 0 0 1 1 1 1 3 1 3 6 2 2 1 7 10 10 9 19 34 27 12 6 3 3 1 1 0 0 0 0 1 2 3 2 3 7 3 19 12 19 31 28 37 64 64 45 70 76 76 80 65 34 26 28 44 63 57 48 44 28 13 8 21 33 72 50 45 52 89 77 60 55 49 50 56 50 28 31 20 15 6 5 3 2 1 0 0 0 0 0
0 0 0 0 0 0 0 1 1 1 2 2 4 2 5 6 3 6 2 5 18 16 28 18 39 21 8 5 2 2 1 0 0 0 0 0 0 1 2 3 6 5 5 8 30 18 22 36 54 72 68 60 56 52 63 82 77 38 31 34 47 41 46 40 29 37 26 17 49 54 31 52 68 73 65 81 61 72 56 64 63 42 23 9 10 7 7 5 2 1 1 0 0 0 0 0
0 0 0 0 0 0 0 1 1 1 2 3 7 4 7 10 4 8 11 5 9 20 13 53 27 25 5 3 3 1 0 0 0 0 1 1 1 0 1 1 2 4 10 26 18 23 40 44 45 59 73 76 51 51 41 47 75 63 45 24 33 25 21 14 14 6 20 43 37 49 35 22 31 60 29 61 82 79 69 65 62 35 19 13 9 3 2 2 2 1 0 0 0 0 0 0
0 0 0 1 1 0 1 1 1 2 3 4 6 10 6 17 5 7 18 17 18 32 19 42 42 11 3 2 0 0 1 1 1 0 1 1 1 1 1 3 3 4 9 18 42 29 24 37 43 64 65 68 67 63 47 42 46 66 51 28 32 28 32 29 36 17 13 38 39 46 45 45 47 35 32 29 54 60 67 42 23 20 13 11 5 3 2 1 1 0 0 0 0 0 0 0
0 0 0 1 1 1 1 1 1 2 3 5 7 11 13 31 10 9 23 28 27 43 70 37 16 12 7 2 1 1 1 1 1 0 0 1 1 1 2 2 4 6 9 17 24 49 36 37 50 59 68 60 70 68 58 40 29 54 48 38 21 25 27 31 36 28 19 45 37 36 45 45 75 57 50 36 26 15 38 39 28 10 7 5 5 2 1 0 0 0 0 0 0 0 0 0
0 0 0 1 1 1 1 2 1 2 8 7 7 9 35 34 14 16 18 32 32 51 68 17 26 15 4 4 4 3 4 4 1 1 1 1 1 2 4 2 5 11 18 25 23 40 33 64 53 67 63 83 61 44 44 38 54 21 19 69 30 20 49 42 26 22 37 62 37 31 34 59 81 63 49 39 35 32 21 24 23 13 6 5 4 2 1 1 0 0 0 0 0 0 0 0
0 0 0 1 1 1 1 2 3 3 10 8 18 18 22 34 45 30 37 28 48 47 78 58 24 9 8 9 6 9 8 6 2 1 1 0 1 4 2 5 8 11 25 39 53 42 62 27 15 29 65 35 55 50 59 41 18 12 15 24 37 12 31 26 13 23 55 29 33 31 21 26 17 34 44 34 34 33 21 14 12 6 8 6 5 3 2 2 1 0 0 0 0 0 1 0
0 0 0 1 2 2 1 3 5 5 5 11 8 27 33 18 17 56 41 42 40 64 68 37 23 17 16 15 16 27 8 3 1 1 1 0 1 2 7 8 10 15 20 47 36 60 54 49 37 54 58 16 64 72 64 31 44 32 29 14 53 10 22 21 11 16 24 55 44 21 40 65 54 59 54 43 34 35 30 28 17 13 11 8 5 6 4 1 1 0 0 0 0 0 1 0
0 1 1 2 3 3 1 2 3 8 12 17 10 10 21 46 22 16 63 66 41 62 73 45 44 19 36 49 26 9 4 3 3 1 1 0 1 1 3 6 9 26 36 29 23 39 44 64 67 66 51 45 62 76 75 73 56 24 22 21 44 16 18 20 10 17 36 22 15 16 37 45 47 49 56 56 37 31 18 18 8 5 6 14 11 7 2 1 0 0 1 1 1 1 1 0
0 1 2 2 3 3 4 3 4 3 7 20 8 8 20 40 48 44 12 32 46 67 52 40 31 52 27 12 12 5 6 5 3 1 1 1 1 2 4 5 4 15 21 17 28 38 45 45 66 65 64 58 76 76 66 60 33 49 15 20 21 35 8 16 21 18 8 34 42 43 33 48 60 55 50 53 31 24 16 19 25 16 25 13 9 4 3 1 1 1 1 1 2 2 1 1
1 1 2 2 3 6 5 10 8 7 5 13 32 10 30 30 39 59 44 20 35 69 29 49 71 26 20 18 14 14 8 3 1 2 2 1 2 3 5 6 8 17 17 13 30 43 26 25 51 53 32 27 42 41 50 25 41 27 49 11 20 25 18 12 45 55 29 57 62 38 60 58 67 69 68 64 44 29 31 28 30 21 26 12 9 6 2 1 1 1 1 1 2 3 1 1
1 2 2 1 2 9 14 11 11 10 20 13 21 47 25 31 46 22 66 38 38 35 77 59 41 42 37 32 24 17 7 2 1 2 4 1 2 4 8 13 14 21 32 31 34 25 35 45 34 34 34 31 31 35 33 39 32 31 31 39 8 5 15 41 44 23 38 45 60 48 64 52 54 67 69 51 38 45 34 31 32 29 15 14 7 3 1 1 1 1 2 2 3 3 1 1
2 3 3 2 3 8 8 18 25 12 21 28 32 37 56 32 51 31 25 56 30 35 70 69 58 43 33 31 25 10 7 5 3 1 3 1 1 3 6 16 22 27 19 35 31 42 36 39 46 51 42 31 33 36 41 40 24 22 22 31 17 9 20 11 14 39 42 46 28 39 56 51 58 47 53 71 39 35 16 15 15 15 22 12 6 3 2 1 2 2 3 2 7 2 2 1
1 2 4 3 4 5 10 13 15 26 36 33 35 39 62 64 32 27 35 33 64 68 73 61 60 60 47 38 29 17 9 6 4 2 5 1 1 4 8 16 22 39 36 44 46 48 46 62 42 46 46 37 25 34 30 47 42 19 7 8 13 12 16 14 18 8 5 5 11 50 34 41 54 51 50 38 26 11 9 23 30 27 8 12 13 6 2 3 2 3 3 3 9 3 2 2
2 4 6 7 8 6 7 17 23 25 45 47 51 44 58 65 48 49 39 43 39 69 69 64 45 52 43 38 21 23 15 9 6 5 6 1 4 7 10 11 8 33 48 51 47 56 61 49 45 61 65 60 25 33 43 37 21 22 11 5 5 9 21 13 13 17 28 33 28 29 29 31 33 29 44 18 20 19 13 45 34 12 19 15 11 11 4 6 5 3 3 2 6 3 2 2
3 4 15 9 10 11 11 22 30 32 36 52 50 49 70 51 57 66 53 43 44 61 55 50 45 47 45 38 31 15 13 12 13 9 2 1 3 11 17 24 19 34 54 44 49 56 48 37 52 74 67 61 58 39 44 33 25 24 12 12 13 10 15 12 26 35 57 52 35 42 37 43 33 22 19 26 38 46 25 43 35 29 21 14 10 8 11 9 3 4 3 1 4 6 1 1
4 3 11 18 13 15 13 26 34 37 36 42 58 65 69 65 55 71 54 38 48 81 58 71 48 50 54 49 34 20 24 19 12 6 3 2 2 9 25 40 37 44 41 61 51 54 49 40 49 41 37 35 48 50 25 19 19 17 14 18 19 9 12 19 34 45 45 39 46 25 38 25 15 20 22 53 42 51 54 15 30 25 28 25 13 11 22 12 5 6 3 3 6 4 2 3
4 4 10 25 26 19 24 33 35 42 49 40 55 67 69 58 56 44 56 40 49 66 65 74 57 50 42 37 37 25 34 16 10 6 6 3 4 10 22 31 58 64 63 48 63 38 40 54 42 33 32 37 39 35 67 35 15 17 16 17 13 14 18 12 18 19 39 47 27 17 18 27 28 42 37 60 54 56 36 40 31 16 32 22 14 19 19 8 11 5 3 3 11 4 2 4
8 21 18 23 32 21 18 35 40 41 55 41 22 32 72 76 71 53 49 66 47 80 80 50 57 62 31 37 28 34 25 22 14 5 6 4 5 19 22 32 32 53 52 66 58 59 37 56 62 34 47 53 49 48 47 23 25 13 18 8 7 13 19 21 24 23 47 15 22 8 26 42 60 33 45 62 38 40 51 39 10 15 32 33 34 23 13 7 10 8 3 5 9 8 6 6
10 14 32 37 37 26 24 40 40 41 44 52 44 46 54 72 67 35 44 69 45 79 65 65 61 40 21 41 31 35 41 25 23 11 7 5 7 21 24 40 57 48 37 64 41 51 52 41 57 54 67 60 57 47 40 23 24 10 11 16 7 10 26 25 10 38 19 17 44 37 57 45 41 56 47 29 44 63 29 13 11 33 48 32 30 30 13 8 6 7 11 7 5 18 8 8
19 28 30 41 42 32 40 43 45 45 30 47 47 59 57 63 65 68 75 77 73 74 61 62 52 55 47 45 52 30 40 40 24 14 17 5 7 22 44 44 52 50 54 57 56 47 57 28 47 48 58 53 49 35 40 29 39 20 16 10 9 17 4 18 15 24 21 36 37 32 30 45 66 72 49 39 66 48 42 29 28 33 13 16 31 31 14 10 9 14 12 7 6 36 12 17
22 30 27 33 12 26 54 37 50 55 44 43 56 61 52 64 52 75 71 79 71 64 73 54 49 56 68 65 34 45 36 39 33 16 13 6 7 27 32 46 48 42 64 61 61 46 32 68 43 73 46 52 35 53 36 52 25 26 19 6 5 16 29 32 8 16 27 45 48 28 25 56 78 69 43 66 56 35 38 76 61 22 26 38 22 17 17 7 10 15 15 10 15 41 31 22
24 19 11 7 7 14 53 37 24 32 43 32 37 57 74 72 43 43 73 64 72 68 73 71 32 55 70 45 39 42 30 49 42 31 11 2 5 20 26 49 45 44 55 66 72 65 38 28 12 15 54 60 28 44 39 53 36 23 12 7 8 21 18 32 24 21 28 24 45 33 40 67 74 44 52 68 57 13 54 49 33 45 59 42 26 19 16 5 17 17 18 13 26 65 37 19
29 33 25 26 24 19 31 54 20 24 22 47 39 48 70 63 74 45 57 75 70 79 79 77 58 36 56 58 51 33 57 40 37 27 12 5 5 11 29 55 26 47 67 69 66 49 48 45 41 39 33 39 61 33 16 17 15 10 13 4 8 10 5 12 19 14 22 12 20 26 59 50 56 66 46 41 26 26 44 36 39 55 49 30 19 7 6 5 13 18 21 16 34 49 37 12
44 33 39 37 24 30 27 31 39 37 32 64 44 49 45 53 71 75 70 83 82 73 76 59 30 44 53 48 42 48 56 46 23 22 24 10 9 5 21 36 12 28 37 38 43 40 40 32 68 61 46 40 34 25 25 15 10 32 3 2 1 8 11 10 28 31 15 9 40 49 23 38 23 42 38 32 14 57 45 62 41 35 22 20 19 10 7 14 17 24 24 31 35 52 15 13
28 31 38 35 41 27 23 41 60 63 29 28 57 56 31 33 28 49 77 78 49 44 47 50 57 20 51 56 36 65 46 41 35 24 28 12 17 6 13 33 44 22 32 42 26 35 17 10 22 35 23 61 56 40 20 3 2 2 4 3 3 6 6 17 22 30 12 40 39 24 30 31 37 37 17 28 52 61 69 39 36 34 34 35 19 10 9 18 27 27 29 22 49 56 44 16
31 51 40 42 44 42 32 48 63 50 50 35 25 46 58 35 56 46 35 69 46 59 64 62 50 40 54 37 38 64 51 49 31 15 24 12 15 10 5 19 30 56 50 35 30 41 40 20 30 41 51 53 32 35 31 17 11 7 5 2 2 4 11 10 15 13 28 43 50 49 30 31 21 14 46 50 42 56 53 35 28 32 37 25 18 16 11 25 33 22 32 29 16 33 51 22
38 40 40 32 41 59 34 47 51 58 51 44 56 40 25 57 57 44 47 69 72 31 28 42 39 62 55 68 40 41 54 39 27 43 20 11 15 21 8 23 38 56 65 29 33 56 39 17 33 41 24 40 25 33 31 14 13 11 6 6 5 4 1 9 14 19 33 13 14 14 25 15 41 53 32 36 34 32 31 25 18 26 28 28 25 14 13 19 39 25 38 29 30 29 41 30
35 37 57 41 51 60 26 42 56 61 58 50 54 55 67 51 71 82 62 66 65 37 46 49 55 75 67 75 47 47 47 44 48 22 17 10 11 34 14 15 30 45 36 42 48 53 14 9 62 80 32 40 36 17 13 12 22 10 5 2 3 3 4 7 9 8 8 15 30 34 40 43 23 30 23 14 18 37 28 24 35 49 28 24 27 14 24 26 41 26 32 10 4 14 36 59
37 44 58 56 48 45 27 41 58 65 62 49 40 39 59 73 52 46 67 65 45 29 46 39 66 62 78 59 55 69 63 53 28 26 11 4 4 37 15 15 17 31 32 33 42 42 3 20 34 40 55 42 32 9 7 4 3 3 4 2 1 4 2 1 2 2 5 17 43 62 61 57 32 20 16 22 59 48 32 33 47 35 32 42 11 17 30 36 23 18 8 7 19 25 26 45
43 28 32 57 48 59 46 21 55 57 65 52 55 40 53 44 68 44 39 47 31 50 48 49 46 69 58 70 70 78 58 58 41 32 24 3 18 35 13 15 25 15 27 33 33 29 8 22 20 25 34 26 37 33 27 9 6 6 7 5 2 10 1 1 1 6 18 47 25 33 43 22 15 19 33 45 50 34 28 59 50 41 43 18 17 33 54 22 7 6 12 26 21 57 44 49
40 13 36 53 62 56 57 37 25 47 60 40 50 48 59 63 53 50 53 51 21 56 83 57 52 56 39 49 54 59 59 56 34 19 20 10 21 17 24 18 32 28 27 34 42 35 24 18 15 20 21 36 21 27 18 9 5 6 6 12 4 5 3 2 4 23 10 22 26 17 38 37 26 45 42 48 50 47 45 60 45 29 19 12 36 46 13 6 8 17 20 41 49 50 56 46
37 19 22 17 48 57 66 44 10 28 51 38 50 40 72 65 52 23 38 49 30 62 65 51 49 25 55 62 61 55 57 41 42 33 18 16 18 14 20 14 6 25 23 39 35 41 48 60 46 42 31 52 34 15 9 4 9 4 5 11 8 2 1 4 18 22 7 17 12 15 25 50 53 67 35 30 58 58 44 36 23 33 9 28 32 13 4 16 20 31 36 38 44 59 62 49
50 34 42 13 48 64 62 41 14 10 12 42 54 37 41 57 36 50 50 59 52 28 51 61 43 37 61 65 57 49 40 33 43 35 30 30 31 10 26 19 9 11 20 27 36 26 22 19 20 17 15 30 12 8 11 30 22 8 5 2 2 1 4 13 8 10 8 9 23 10 23 49 54 52 42 43 62 59 52 41 25 15 26 27 15 5 13 32 31 30 39 36 48 49 51 52
61 30 45 15 22 54 42 23 16 15 18 21 32 64 53 51 46 40 40 58 44 55 69 48 47 61 40 55 59 51 35 44 32 21 36 33 22 20 17 29 20 12 17 19 26 24 39 26 22 32 43 31 14 12 3 16 15 9 6 8 6 7 2 6 11 4 5 11 12 17 26 42 51 53 42 38 37 38 58 23 14 15 24 8 10 29 33 34 34 36 37 31 25 22 35 54
50 30 44 24 16 53 43 48 36 35 23 26 38 51 60 66 70 61 45 43 37 39 49 57 68 59 68 70 57 38 40 41 25 21 56 35 21 24 18 9 9 15 16 30 27 29 38 26 37 28 35 18 33 15 5 9 39 14 4 6 8 1 2 2 3 10 4 9 17 16 20 39 52 50 46 20 33 54 43 41 37 18 8 13 17 22 22 44 45 33 43 34 31 21 29 13
40 32 48 36 27 34 24 51 29 28 33 26 39 36 31 48 48 51 47 48 59 31 39 74 66 68 57 46 51 45 43 41 40 25 46 35 33 21 35 12 28 29 11 17 31 43 47 34 40 44 26 15 31 10 10 17 23 9 7 6 5 1 2 2 12 10 23 24 8 8 30 29 21 34 33 24 47 63 72 39 22 12 5 15 10 45 37 33 40 45 64 58 32 28 32 14
55 34 48 36 24 21 14 38 49 35 36 37 33 35 30 49 40 42 25 29 50 26 54 66 69 48 56 58 50 43 39 41 35 43 48 36 47 62 24 17 20 20 23 18 41 27 36 39 30 29 41 33 17 13 20 19 34 8 8 5 4 2 2 2 4 6 33 28 11 13 20 21 40 44 22 64 60 46 40 37 15 4 12 27 24 31 45 28 42 55 50 56 27 24 29 14
56 37 63 40 19 22 35 24 59 32 50 48 30 21 30 26 26 36 33 29 13 54 45 41 46 41 59 49 36 42 43 22 36 47 29 59 32 62 38 19 34 17 35 24 35 46 39 38 25 38 37 21 15 26 20 20 13 11 6 10 5 4 2 1 2 10 22 16 16 24 15 13 29 32 65 53 30 31 32 38 20 13 16 32 52 36 39 51 53 43 46 35 28 21 26 13
52 37 66 41 18 16 63 40 40 34 36 48 28 36 32 30 31 41 39 27 12 24 11 15 30 31 64 64 57 39 26 22 37 57 44 25 44 41 35 21 32 10 30 12 24 39 50 40 29 41 28 38 17 17 30 25 23 9 10 13 3 1 0 2 2 3 6 22 34 20 17 31 50 64 50 25 23 59 38 25 20 15 32 22 49 51 34 46 44 42 37 23 47 25 20 9
63 34 55 26 17 25 38 40 32 62 56 39 40 29 31 31 44 39 39 34 10 17 19 44 52 55 51 49 47 34 21 23 54 41 44 38 60 33 25 23 33 10 28 21 25 32 58 41 28 41 42 38 18 8 25 24 16 5 7 5 7 2 1 3 3 3 5 16 13 16 20 35 36 28 31 25 27 46 29 9 10 21 43 43 46 46 19 36 60 55 33 22 44 13 19 15
64 38 55 26 18 26 26 63 37 59 72 62 34 23 21 35 59 42 14 24 7 23 22 37 25 30 26 45 24 19 35 25 71 52 52 48 49 25 18 44 22 17 19 50 52 37 40 38 50 42 33 31 29 20 21 14 21 13 7 3 2 1 2 4 3 3 4 6 19 17 18 15 26 22 39 33 41 44 37 13 9 37 45 48 45 44 18 30 45 46 21 22 20 24 26 24
76 64 23 41 21 21 43 62 45 38 60 55 63 18 41 64 43 42 26 22 15 12 21 16 19 23 52 29 37 34 34 45 13 29 15 35 28 20 12 42 19 15 4 21 71 42 31 46 48 36 35 29 25 15 35 35 29 18 6 4 2 2 4 1 2 4 4 8 20 7 20 23 30 23 37 47 26 43 33 20 18 45 34 30 39 28 34 34 26 33 44 24 19 37 28 21
62 30 26 37 22 20 60 57 61 32 22 43 68 14 28 25 24 36 21 26 7 6 21 35 38 32 25 42 40 24 55 24 38 24 42 35 24 29 16 32 14 28 13 15 48 59 40 41 50 47 39 36 23 26 17 12 18 8 7 7 2 1 3 1 3 4 4 8 13 19 36 47 47 37 44 59 10 52 30 27 27 26 35 20 27 21 38 50 34 23 38 26 22 25 32 26
59 34 16 42 33 30 46 13 37 57 17 26 58 40 14 26 26 25 14 15 15 27 52 26 29 26 37 55 34 36 31 43 54 69 48 34 56 24 32 38 17 17 19 22 35 41 32 67 43 38 30 36 40 28 8 12 19 13 8 6 5 2 2 1 2 3 4 5 8 17 26 30 44 55 38 16 30 51 42 19 16 24 44 19 30 37 42 29 40 29 17 32 36 26 17 22
62 17 30 42 27 28 37 9 11 12 32 57 29 45 19 24 14 15 7 20 16 13 14 27 22 24 25 36 40 47 27 37 53 35 23 52 25 18 43 24 33 37 28 28 33 40 33 33 49 23 19 16 32 36 15 10 10 6 5 7 3 2 1 1 1 2 6 7 11 21 19 34 37 20 31 26 39 27 17 9 13 39 35 39 25 31 35 27 23 31 32 20 16 32 10 11
67 18 28 47 25 47 43 22 9 12 28 49 64 59 23 16 24 24 22 6 8 9 25 36 16 12 32 59 33 28 21 51 21 34 59 14 20 27 37 20 37 33 25 47 48 56 46 28 33 33 18 18 32 33 26 16 8 3 2 1 2 4 1 1 1 3 6 11 10 25 27 48 37 23 7 27 45 13 17 16 22 31 40 34 21 30 26 25 12 35 22 43 21 10 6 5
50 22 29 55 19 43 56 37 18 17 12 34 27 41 47 12 17 16 11 19 16 11 11 12 5 15 44 49 49 15 55 14 17 51 38 20 32 37 49 32 11 45 41 46 62 53 43 18 27 51 40 14 9 15 22 22 6 6 3 2 1 2 3 2 2 15 33 14 7 11 37 45 32 18 9 36 34 24 19 16 19 29 31 34 32 21 11 28 19 33 26 10 27 8 9 15
46 23 25 49 17 40 47 16 14 19 25 26 16 21 26 25 8 13 15 4 7 5 7 5 8 17 72 32 36 16 51 34 13 58 30 18 34 60 43 29 18 42 47 55 29 51 35 33 19 18 25 31 13 8 11 20 9 5 2 2 1 2 2 2 12 16 19 27 30 37 44 46 32 8 15 36 24 12 12 18 22 18 38 15 20 17 11 14 20 13 26 9 8 23 17 11
69 31 54 31 12 54 26 14 20 15 38 16 33 19 13 15 7 3 6 5 15 28 9 4 6 14 41 25 12 44 28 23 45 41 36 16 29 61 62 33 19 34 35 58 55 46 25 30 28 13 12 12 19 14 6 2 7 2 4 1 3 3 3 21 37 47 58 54 55 72 50 47 27 5 40 52 14 12 14 22 19 22 35 17 33 31 7 13 19 13 13 6 8 6 7 14
69 53 9 12 11 38 14 17 30 32 27 27 28 24 7 11 5 2 9 9 12 10 3 8 5 24 25 13 34 11 23 49 42 23 25 35 46 69 58 27 25 42 36 45 40 28 41 44 25 24 20 9 16 16 10 3 3 3 3 1 4 3 8 12 11 9 41 55 62 71 72 47 8 27 42 55 22 3 11 39 19 39 19 28 19 41 6 19 22 12 16 5 23 6 12 4
62 15 11 18 18 22 5 15 21 32 14 36 43 19 10 6 8 1 4 2 9 9 2 5 6 38 6 31 36 10 51 49 19 15 41 35 17 70 55 13 23 30 29 38 46 36 29 30 19 13 18 7 6 13 6 3 2 1 2 2 5 7 15 16 23 18 40 67 75 61 57 8 18 33 51 59 41 10 23 27 20 22 21 26 26 32 4 8 20 15 21 10 9 5 5 7
