sesion_6_simulaciones/modelos_agentes/ejemplos_netlogo/scenarios/cgcm2_b2/rob_2065.asc
NCOLS 322 
NROWS 307 
XLLCORNER 451900 
YLLCORNER 4086900 
CELLSIZE 100 
NODATA_value -9999 
[rows 222 to 295 of 307, columns 192 to 287 of 322]
1 1 0 0 1 1 0 0 0 0 0 0 0 0 0 0 0 0 0 0 0 1 2 1 1 1 1 1 2 2 1 1 5 6 6 6 11 26 27 35 40 37 42 61 43 55 57 41 51 63 60 55 25 24 33 35 33 56 68 67 48 38 45 25 52 74 62 50 66 73 27 11 2 1 0 0 0 0 0 0 0 0 0 0 0 0 0 0 0 0 1 1 1 1 1 1
3 3 2 1 0 0 0 0 0 0 0 0 0 0 0 0 0 0 0 0 0 1 2 4 1 2 2 2 3 4 2 3 6 8 10 7 14 10 19 25 33 31 41 60 51 38 54 40 51 47 46 33 36 30 19 24 32 45 37 36 29 39 43 23 26 54 41 30 48 61 23 7 2 1 0 0 0 0 0 0 0 0 0 0 0 0 0 0 0 0 0 0 1 1 2 2
4 2 2 1 1 0 0 0 0 0 0 0 0 0 0 0 0 0 0 0 0 2 3 6 4 3 3 5 5 9 10 6 8 9 12 8 15 7 17 22 19 29 37 57 66 36 49 49 28 26 34 35 49 20 10 31 31 51 27 45 43 43 43 34 9 10 2 1 4 31 35 7 1 0 0 0 0 0 0 0 0 0 0 0 0 0 0 0 0 0 0 1 1 1 1 4
2 1 1 1 0 0 0 0 0 0 0 0 0 0 0 0 0 0 0 0 0 1 2 5 7 9 6 8 7 13 38 23 12 14 7 9 12 11 29 18 16 19 32 39 57 52 25 36 15 16 16 13 27 31 8 24 29 25 37 54 58 47 50 37 10 12 7 7 2 3 12 3 1 1 0 0 0 0 0 0 0 0 0 0 0 0 0 0 0 0 1 1 1 1 2 3
2 1 1 0 0 0 0 0 0 0 0 0 0 0 0 0 0 0 1 1 1 1 3 4 8 24 14 12 15 10 23 40 15 25 17 21 26 26 19 21 13 18 20 23 27 36 29 49 42 15 44 43 27 19 11 20 59 51 52 54 64 48 42 22 13 13 15 18 6 3 2 0 1 1 1 1 0 0 0 0 0 0 0 0 0 0 0 0 0 0 0 0 1 2 1 2
1 2 1 1 0 0 0 0 0 0 0 0 0 0 0 0 0 0 1 2 2 3 3 4 9 29 42 20 33 17 28 40 26 17 32 37 31 26 27 24 7 13 12 22 32 39 50 59 72 35 34 37 33 15 23 28 44 36 50 55 52 38 29 20 36 25 27 19 7 4 1 1 1 1 1 1 1 0 0 0 0 0 0 0 0 0 0 0 0 0 0 0 1 1 2 3
2 1 1 0 0 0 0 0 0 0 0 0 0 0 0 0 0 0 1 2 4 9 16 10 14 25 56 23 40 23 27 43 13 15 33 36 43 40 32 30 19 19 17 15 33 41 41 59 57 59 51 42 38 23 49 59 56 51 60 71 51 29 29 40 66 49 23 11 7 3 2 2 2 2 3 1 1 1 0 0 0 0 0 0 0 0 0 0 0 0 0 1 1 1 1 3
2 1 0 0 0 0 0 0 0 0 0 0 0 0 0 0 0 0 1 1 2 7 17 36 30 30 53 50 58 33 51 24 14 15 26 45 46 46 28 29 31 33 21 20 25 43 44 46 43 43 62 57 40 36 42 39 56 37 43 20 34 55 54 75 61 36 20 10 10 10 6 4 3 5 2 1 1 0 0 0 0 0 1 0 0 0 0 0 0 0 0 1 2 1 2 3
1 1 0 0 0 0 0 0 0 0 0 0 0 0 0 0 1 0 0 1 3 5 17 19 40 44 59 65 61 32 44 20 17 39 29 43 49 36 34 43 39 44 21 24 42 45 56 48 60 37 42 41 37 14 24 16 76 47 28 41 51 49 52 38 22 15 15 13 8 9 12 12 7 2 1 0 0 0 0 0 0 0 1 0 0 0 1 2 0 0 0 1 1 1 2 3
0 0 0 0 0 0 0 0 0 0 0 0 0 0 0 1 0 0 1 2 3 6 18 31 33 40 54 56 58 55 63 31 24 36 46 37 51 43 39 39 43 30 37 23 25 30 47 57 55 45 28 32 27 27 41 37 13 76 81 56 35 18 33 26 31 22 12 7 4 14 32 14 4 1 1 0 0 0 0 0 0 0 0 0 1 0 1 1 2 0 0 1 1 2 1 3
0 0 0 0 0 0 0 0 0 0 0 0 0 0 1 1 0 1 2 2 3 13 24 39 32 38 57 52 76 80 52 43 42 54 35 53 52 50 47 44 44 40 52 20 38 33 45 44 36 19 40 32 42 41 46 58 44 34 42 48 27 44 26 23 19 17 15 5 7 15 14 5 3 2 1 0 0 0 0 0 0 0 0 1 1 0 0 0 3 0 0 1 1 2 1 2
0 0 0 0 0 0 0 0 0 0 0 0 0 0 0 0 1 1 2 8 5 6 34 34 55 44 54 64 26 78 57 54 45 61 48 41 48 58 50 49 48 40 66 24 24 62 45 43 40 34 53 34 37 50 58 27 51 50 32 15 26 14 21 21 19 17 9 28 18 5 8 3 2 1 1 0 0 0 0 0 0 0 0 0 1 1 0 1 1 1 1 1 1 3 2 2
0 0 0 0 0 0 0 0 0 0 0 0 0 0 0 0 1 1 3 7 14 23 50 38 57 61 69 65 71 65 83 49 44 57 47 24 33 54 58 64 50 25 46 54 15 30 40 62 40 45 58 46 36 41 34 31 18 19 24 40 32 32 27 38 13 13 18 8 4 6 5 3 2 0 0 0 0 0 0 0 0 0 0 1 1 2 0 1 1 2 5 2 1 1 5 3
0 0 0 0 0 0 0 0 0 0 0 0 0 0 0 0 0 1 3 6 17 15 29 8 26 47 46 25 27 53 77 47 54 81 46 49 55 63 41 16 29 15 46 54 17 42 59 42 19 38 53 53 36 41 28 16 46 49 48 35 19 26 52 57 33 23 33 27 18 10 4 2 1 0 0 0 0 0 0 0 0 0 0 0 1 1 3 1 1 1 0 3 1 1 2 3
0 0 0 0 0 0 0 0 0 0 0 0 0 0 0 0 0 1 2 4 8 7 8 26 25 33 25 34 41 53 69 68 72 74 64 60 58 54 53 30 40 36 42 58 16 29 48 45 29 26 34 48 40 32 14 36 51 23 29 35 36 58 65 62 58 47 22 11 14 7 12 4 1 0 0 0 0 0 0 0 0 0 1 0 1 1 1 3 2 2 1 5 2 0 1 1
0 0 0 0 0 0 0 0 0 0 0 0 0 0 0 0 0 1 1 1 2 14 19 15 27 39 40 32 41 55 57 57 68 72 52 58 55 57 59 27 56 49 39 59 14 21 44 38 53 54 30 29 55 41 28 38 35 29 58 41 66 48 46 65 72 33 20 6 16 4 2 2 0 0 0 0 0 1 1 1 1 1 1 1 1 1 1 5 8 11 2 1 3 1 2 5
0 0 0 0 0 0 0 0 0 0 0 0 0 0 0 0 0 0 0 1 3 5 10 11 10 22 41 31 46 37 50 57 60 74 64 71 56 67 48 51 31 44 27 45 16 13 26 28 36 52 59 36 30 12 32 16 14 44 46 37 45 33 54 51 49 58 19 4 2 2 1 0 0 0 1 0 0 0 1 1 2 1 1 1 1 1 1 1 1 3 7 7 4 3 3 5
0 0 0 0 0 0 0 0 0 0 0 0 0 0 0 0 0 0 0 1 4 7 6 12 18 32 28 25 35 39 25 31 52 49 45 61 41 65 52 47 46 46 76 52 24 26 40 60 36 26 32 32 11 41 13 21 38 65 54 73 70 49 29 30 22 12 13 10 3 1 0 0 0 1 0 1 0 0 1 2 2 3 1 1 1 1 2 1 1 2 5 5 4 16 4 7
0 0 0 0 0 0 0 0 0 0 0 0 0 0 0 0 1 0 1 1 1 1 3 5 7 15 17 16 19 27 43 45 32 29 21 71 52 77 43 57 45 40 79 59 44 30 61 52 52 47 30 59 31 58 41 55 53 24 36 41 42 34 18 22 28 16 15 4 4 1 1 0 0 1 1 1 2 1 1 2 2 4 2 3 2 1 1 2 1 0 1 1 1 6 12 6
0 0 0 0 0 0 0 0 0 0 0 0 0 0 1 0 1 1 1 2 4 5 11 16 22 22 30 47 56 45 44 59 59 47 58 55 76 68 48 54 45 35 29 66 40 19 34 43 55 44 49 58 64 72 89 82 81 70 72 46 42 38 38 44 27 13 8 4 2 1 0 0 0 1 1 1 2 1 2 3 2 5 3 5 2 1 1 3 4 1 2 2 2 1 1 3
0 0 0 0 0 0 0 0 0 0 0 0 0 1 1 1 0 0 2 5 10 8 17 29 43 55 57 46 69 54 48 47 46 32 23 26 49 55 58 50 51 24 29 59 30 24 23 42 30 47 14 10 13 18 38 52 85 85 67 61 43 36 15 33 18 10 6 3 1 0 0 0 1 1 1 1 2 3 2 5 3 1 7 6 3 1 2 4 3 2 2 4 3 6 10 16
0 0 0 0 0 0 0 0 0 0 0 0 0 1 0 1 0 0 1 2 5 14 7 25 23 40 54 43 8 23 42 35 26 27 37 47 52 36 64 31 43 32 13 49 38 41 17 17 15 38 32 22 21 17 17 15 35 63 73 72 76 35 25 14 10 7 5 4 2 0 0 0 2 2 1 2 6 5 5 5 5 2 3 13 6 2 2 3 3 2 4 2 5 8 12 21
0 0 0 0 0 0 0 0 0 0 0 0 0 0 0 1 0 0 1 1 3 5 4 14 13 16 16 11 11 12 25 27 27 38 35 25 40 57 52 12 34 40 15 35 36 13 8 40 35 35 54 37 44 43 41 43 44 55 47 35 45 70 46 27 17 12 9 4 2 0 0 1 2 3 4 2 5 8 5 4 4 4 2 7 11 5 5 2 6 3 6 7 4 10 11 9
0 0 0 0 0 0 0 0 0 0 0 0 0 0 1 0 2 0 0 0 1 1 3 4 8 16 20 27 34 24 34 23 26 44 38 33 32 24 12 16 31 46 70 46 26 28 11 25 33 33 48 61 35 49 62 38 31 26 27 18 16 26 39 34 21 9 7 3 1 0 1 2 2 3 4 4 3 12 8 12 6 10 7 6 24 9 13 4 7 7 8 14 9 10 9 15
0 0 0 0 0 0 0 0 0 0 0 0 0 1 1 1 1 0 0 1 1 1 3 4 8 15 22 23 26 47 43 50 46 65 26 22 27 35 34 32 61 59 28 31 58 34 23 29 27 62 64 27 47 42 32 34 48 40 48 26 20 12 11 13 12 8 3 3 1 0 1 2 2 5 4 4 4 7 12 18 11 8 12 7 29 7 8 9 6 16 9 10 11 7 9 9
0 0 0 0 0 0 0 0 1 1 0 0 0 0 2 6 0 0 0 2 2 3 2 3 6 7 15 12 19 33 37 33 31 33 37 40 35 46 45 33 21 18 14 10 20 36 44 30 59 71 26 14 19 44 43 41 32 40 26 20 19 12 10 6 5 3 3 1 1 1 2 3 3 4 4 4 6 9 15 13 12 11 12 24 32 8 12 14 8 18 12 6 14 6 4 8
0 0 0 1 0 0 0 1 1 1 0 0 0 1 1 2 1 1 0 1 3 3 4 2 3 3 8 13 18 28 23 23 32 33 34 34 35 30 29 28 23 17 13 11 19 11 16 49 22 45 22 19 20 17 29 75 51 51 38 26 16 13 9 6 4 3 2 1 1 1 2 3 2 4 4 8 10 7 10 25 19 24 25 25 34 20 22 8 25 18 5 10 11 5 7 11
0 0 0 1 1 0 0 1 1 2 1 0 1 1 2 4 1 1 1 3 4 8 4 7 8 2 5 9 13 12 18 16 25 31 33 21 21 12 16 21 38 39 43 38 36 52 41 17 10 19 29 48 48 38 42 25 37 38 44 38 25 12 8 6 4 3 2 1 0 2 3 3 5 4 11 9 9 14 10 8 14 16 19 28 14 65 24 9 18 15 4 11 8 18 10 14
0 1 1 2 1 0 0 1 1 2 0 0 1 1 2 3 4 0 2 4 6 14 8 10 11 15 9 7 6 8 11 21 40 35 15 34 18 35 22 25 30 39 28 24 22 35 20 20 34 49 52 42 46 41 48 17 13 13 12 20 14 14 11 7 6 5 3 1 1 3 3 3 6 7 11 4 8 6 15 7 11 9 22 13 29 57 16 11 25 9 5 12 11 16 20 19
0 1 1 2 1 1 1 1 2 5 0 1 1 2 2 5 1 1 2 5 9 15 21 12 26 18 21 21 14 14 10 42 52 37 44 30 27 37 26 22 36 19 29 16 26 31 28 28 26 49 48 34 45 46 41 17 30 33 31 32 26 18 16 15 10 8 4 1 1 3 4 4 11 6 9 18 19 11 6 14 9 15 18 29 25 45 32 27 24 11 10 18 9 10 4 23
0 0 1 2 2 1 1 1 2 3 1 2 3 7 9 3 1 1 3 5 7 19 20 29 18 21 39 30 25 26 29 40 58 55 46 51 51 33 57 36 21 32 13 10 11 24 21 26 28 30 37 38 42 35 44 44 43 48 45 45 40 38 21 12 6 4 4 1 1 4 7 6 12 14 10 12 20 13 15 5 21 7 9 23 29 47 52 60 24 14 21 17 20 21 14 32
1 1 2 3 5 2 1 2 4 4 1 1 4 10 5 1 0 1 3 5 12 17 21 27 31 24 38 34 47 51 51 43 23 33 46 46 47 25 42 42 43 31 20 17 38 26 20 41 18 14 16 27 47 61 44 45 62 56 50 30 40 21 8 10 9 5 2 1 1 4 10 7 12 15 19 14 20 13 18 16 11 26 13 5 7 26 46 60 28 32 26 21 19 36 15 15
1 1 1 2 7 4 2 2 4 5 1 1 4 10 3 1 1 2 5 6 7 10 16 25 42 26 33 34 29 51 58 47 47 40 41 27 34 37 44 36 35 25 21 31 51 38 31 34 12 10 15 43 56 34 62 64 34 37 24 22 16 12 18 17 6 5 4 1 2 2 14 8 10 11 14 24 17 19 9 18 8 32 20 14 8 7 22 37 50 61 34 29 22 27 11 14
1 2 2 2 3 8 2 3 8 2 1 1 3 13 5 1 1 3 6 7 13 22 24 40 42 39 23 27 48 46 28 58 79 66 36 37 27 32 46 34 21 35 35 26 33 20 26 19 42 30 38 45 46 57 64 48 57 35 36 34 24 18 14 9 7 6 3 1 1 4 4 19 10 11 14 15 33 30 19 35 12 12 22 21 16 14 14 27 49 53 36 35 29 30 18 25
1 2 5 4 2 6 2 5 17 2 2 5 8 11 2 2 0 2 7 11 20 17 22 44 49 47 42 17 13 18 28 28 33 16 20 33 49 34 34 52 42 33 24 22 17 11 17 24 49 48 50 50 56 59 73 66 59 46 35 37 27 27 24 11 10 7 3 2 2 9 10 11 25 11 14 17 36 31 23 16 28 14 12 28 29 17 21 22 37 48 57 34 29 20 32 16
2 3 7 9 4 11 3 5 23 7 3 9 11 6 2 1 0 1 3 11 25 27 24 29 40 53 38 19 23 21 27 29 37 31 23 15 28 38 52 49 33 30 16 24 28 16 27 13 5 11 49 41 34 50 46 34 33 54 49 39 36 16 14 12 8 8 6 1 3 10 13 11 13 5 19 21 21 40 50 37 39 21 15 15 31 20 17 29 43 77 69 34 24 20 32 15
2 3 3 12 5 11 6 5 8 12 5 14 10 2 1 1 2 2 6 14 18 23 33 19 31 44 60 27 22 23 36 36 36 37 31 39 29 35 24 13 17 31 21 23 35 23 22 7 27 35 39 57 75 64 44 66 61 73 48 32 35 31 26 21 18 7 6 4 5 12 12 21 28 12 13 34 26 43 34 31 47 18 28 28 48 24 14 20 15 31 56 31 33 15 46 34
2 2 2 7 22 8 13 5 19 8 18 6 2 1 2 2 4 3 17 26 14 23 27 33 15 32 50 64 37 38 25 38 31 20 18 19 26 20 16 15 18 10 8 5 17 11 16 11 32 29 25 48 41 57 64 61 39 56 34 23 25 26 23 19 9 7 5 9 11 14 17 24 5 18 28 36 34 25 43 26 59 24 30 21 27 47 33 37 45 35 41 28 50 21 30 51
6 4 3 4 8 18 21 10 33 15 11 2 1 3 4 6 6 4 5 6 13 18 28 52 48 30 34 17 43 58 24 40 22 20 29 32 36 24 23 20 14 16 30 21 10 6 6 9 26 39 40 44 53 40 51 45 38 30 19 8 18 21 17 14 7 6 6 12 12 15 17 29 9 9 5 8 30 50 64 24 51 42 32 34 22 17 55 30 44 44 37 51 20 22 38 52
5 8 6 4 5 10 33 13 11 4 2 1 2 4 10 15 15 5 6 9 17 21 23 9 15 14 19 35 14 22 45 64 44 45 18 35 14 21 24 6 9 12 10 8 9 31 13 13 24 35 41 27 29 38 37 39 27 41 29 30 39 24 21 11 15 14 8 14 14 17 17 29 9 20 11 16 16 14 35 36 29 54 36 38 23 46 48 16 41 58 56 46 19 26 24 30
6 10 7 10 16 23 23 12 11 3 3 2 4 11 12 16 18 12 15 15 21 24 20 16 15 22 20 14 17 32 19 27 33 57 35 55 17 13 15 17 16 11 15 18 9 8 16 15 25 41 55 28 29 35 49 25 46 61 65 52 41 26 25 21 17 16 17 26 17 20 19 24 13 24 22 19 31 29 35 53 23 56 37 57 23 22 43 12 21 30 55 36 16 30 31 56
8 13 11 14 21 29 22 4 3 1 5 5 10 13 16 22 14 31 27 17 22 23 22 29 33 26 28 18 23 46 21 12 9 12 14 36 46 35 30 51 39 33 21 19 21 12 5 19 46 36 42 17 20 37 38 43 56 70 38 41 46 25 27 20 19 18 23 33 20 21 23 26 24 27 37 21 33 32 32 34 54 77 47 56 41 15 45 28 12 18 35 44 28 34 27 11
10 19 22 21 48 29 5 3 5 6 13 11 9 20 17 29 11 21 49 13 27 23 13 20 29 38 17 27 32 36 58 23 18 10 11 8 10 8 16 42 50 28 33 27 24 19 13 17 36 27 24 20 29 34 54 55 49 44 45 30 45 34 21 7 24 13 14 44 25 24 38 27 41 27 40 32 33 39 34 29 27 18 62 65 52 21 26 25 13 11 22 47 28 40 47 33
12 17 44 35 43 7 6 6 8 14 17 16 25 34 12 21 13 21 28 45 18 35 14 12 18 34 35 37 34 24 15 34 16 20 15 11 12 12 12 16 24 14 12 19 9 5 9 22 22 23 23 19 17 32 50 62 30 55 69 56 24 19 12 7 35 23 25 38 33 26 44 30 59 41 40 46 32 34 49 33 27 19 46 45 52 26 14 53 16 18 29 44 52 49 32 37
9 22 49 60 25 4 8 15 16 18 30 39 20 27 15 16 33 15 28 25 21 26 20 18 21 29 28 46 35 39 42 31 41 25 22 18 12 11 11 17 19 10 9 10 12 10 15 37 21 25 20 17 27 43 61 54 78 54 40 51 29 14 5 14 21 44 27 31 38 28 34 33 53 46 31 46 47 32 35 51 40 14 25 56 63 29 9 32 26 20 33 24 65 52 27 65
11 29 53 28 5 6 19 18 13 37 28 50 15 31 17 15 20 53 17 28 44 28 41 18 18 36 43 35 33 52 33 34 53 16 24 19 15 19 6 17 14 7 19 23 21 17 36 25 31 35 37 41 38 35 42 53 58 45 47 36 31 15 8 23 19 33 30 32 41 30 31 35 34 54 31 34 57 33 36 38 51 21 29 33 52 30 15 26 37 28 19 18 20 45 38 30
14 42 34 18 8 14 24 25 17 31 16 49 21 32 42 16 40 56 13 39 56 21 51 19 18 37 45 49 22 17 51 16 17 37 50 31 8 16 8 14 8 6 8 9 13 17 21 28 43 46 33 26 20 28 28 35 43 47 34 50 32 19 18 27 35 39 20 28 38 42 30 27 18 43 33 33 41 41 36 31 16 16 43 25 50 29 20 12 24 45 11 24 48 45 39 10
17 38 36 25 12 16 33 48 16 21 21 43 18 31 55 25 40 55 24 24 34 37 37 23 19 22 24 35 38 41 19 26 13 12 4 37 33 11 8 10 8 10 15 15 17 20 18 26 35 51 39 42 31 36 29 33 20 34 35 19 19 31 27 29 29 36 40 33 37 42 19 32 21 31 38 33 41 20 17 38 19 20 18 24 53 60 23 12 25 37 8 14 41 49 51 30
39 38 46 18 15 26 30 38 18 30 27 30 38 23 52 24 21 48 26 20 21 19 66 40 19 17 20 19 26 30 51 32 10 24 5 8 35 11 6 9 5 21 25 24 13 21 6 16 34 52 55 31 28 17 18 34 46 62 38 17 10 29 31 30 31 33 50 23 39 46 19 30 32 34 47 7 28 38 20 18 33 18 17 19 27 43 17 12 17 39 13 12 15 41 66 53
72 36 15 17 27 27 30 35 21 56 36 20 44 22 56 23 21 34 30 18 22 36 51 30 16 23 18 36 37 38 30 33 24 30 4 11 12 28 5 6 14 23 11 18 17 21 14 7 21 45 50 55 39 25 34 40 47 59 50 22 11 40 31 22 31 32 41 29 22 47 32 18 20 47 43 20 16 18 41 12 26 46 22 21 61 42 10 29 4 44 29 11 9 7 19 26
17 9 20 16 26 31 47 42 38 47 33 22 70 21 25 52 26 53 38 15 19 29 29 58 26 31 15 32 39 37 27 18 26 47 11 14 9 42 7 8 9 10 8 11 9 21 19 21 23 53 47 36 50 31 25 23 20 43 43 11 18 28 35 20 33 32 29 45 22 48 39 26 29 23 39 19 19 26 25 24 11 7 42 19 28 47 20 42 10 26 60 16 33 21 13 10
39 22 43 33 29 33 56 33 61 44 18 29 52 31 31 56 19 23 59 12 33 28 20 48 16 30 28 23 25 30 39 37 8 23 14 15 9 9 30 9 3 12 12 22 19 10 8 24 41 39 58 50 16 26 26 4 22 27 20 10 23 50 42 19 16 43 21 37 18 26 68 17 35 37 23 26 23 23 38 26 30 16 16 33 12 44 57 47 16 26 76 17 19 14 29 11
68 39 23 39 40 44 39 36 61 35 31 33 26 30 31 39 22 19 52 23 32 24 11 23 36 30 26 17 20 18 25 27 33 10 14 35 11 9 17 24 7 21 14 19 21 19 19 10 37 18 10 9 10 22 23 48 31 17 23 21 15 37 26 21 21 33 46 15 42 15 45 16 31 42 11 17 37 13 21 30 35 22 15 5 11 10 36 64 24 18 46 25 22 16 28 19
84 46 31 33 35 42 19 37 46 17 37 32 31 34 25 46 24 23 40 16 16 38 15 7 4 13 13 7 29 46 23 27 38 6 11 3 21 9 12 56 8 11 10 17 20 15 30 17 66 30 23 14 15 15 41 46 26 8 10 34 15 12 32 21 34 22 54 15 53 12 25 32 21 30 14 37 21 19 14 16 26 33 25 13 12 13 8 15 42 57 44 35 25 15 34 20
66 31 20 41 26 27 25 27 49 16 30 23 26 51 24 50 25 46 24 15 13 30 21 11 11 14 15 16 20 24 44 39 13 10 5 5 5 21 7 52 5 5 6 16 15 11 27 15 10 23 30 28 6 34 46 39 25 16 7 38 24 18 10 36 34 32 47 16 46 23 15 21 37 49 20 14 24 9 20 5 7 25 12 17 11 9 13 7 8 20 55 32 15 20 40 24
76 33 60 32 33 25 25 26 24 18 33 32 16 57 54 18 35 32 36 27 26 14 24 18 23 30 18 27 12 13 17 18 17 11 4 9 5 7 16 30 12 3 8 6 11 12 13 35 10 11 18 18 26 57 49 34 25 22 7 14 32 17 26 21 28 51 30 37 10 35 52 11 43 64 25 5 18 8 11 6 20 17 24 23 6 4 7 10 10 9 21 41 32 11 38 11
70 50 24 26 25 30 40 27 29 16 22 21 30 38 40 14 15 17 19 5 21 15 21 28 36 29 23 32 28 7 10 14 41 25 7 5 23 6 4 16 24 4 11 6 11 22 20 18 9 12 12 18 40 44 41 23 7 20 19 11 31 16 22 26 10 21 18 22 13 18 50 15 33 37 2 7 10 20 16 10 2 23 3 8 16 1 2 4 13 13 21 6 44 14 27 9
17 48 17 30 29 24 31 21 60 20 23 24 22 8 37 20 21 9 31 14 12 21 23 25 26 14 27 37 31 4 10 12 20 24 23 14 9 20 5 4 30 3 8 6 5 29 34 19 16 14 19 37 42 36 40 15 11 23 16 19 34 19 9 10 21 16 14 34 13 18 47 27 50 20 3 12 5 2 7 19 4 10 8 10 21 5 9 6 8 7 8 18 28 30 37 5
31 59 20 22 14 27 34 32 18 32 23 19 25 10 22 14 21 12 58 19 8 13 18 51 15 13 21 34 30 7 10 10 25 16 27 16 8 10 20 5 31 4 6 4 6 16 10 21 7 30 23 38 39 42 21 7 15 23 18 22 41 25 36 14 13 24 12 35 11 16 14 22 39 4 4 2 5 4 11 9 7 3 1 13 14 15 14 10 6 5 5 4 7 37 21 5
30 66 43 6 15 18 44 30 17 39 26 15 9 15 12 22 7 31 13 6 10 18 26 16 35 16 12 14 14 12 7 20 20 18 17 17 15 17 19 7 35 4 7 6 6 8 16 43 23 11 33 50 50 36 5 14 23 30 19 26 16 40 17 40 24 11 10 18 7 17 22 37 19 18 11 11 1 10 16 7 13 4 1 7 9 25 21 7 6 4 5 4 2 11 21 21
12 30 46 7 25 13 29 43 14 36 21 11 3 18 9 31 10 24 17 22 7 9 23 27 23 12 9 13 17 24 3 8 13 27 20 9 13 27 11 21 32 11 6 16 9 7 6 35 44 36 49 52 40 10 15 27 31 27 20 30 34 27 10 24 35 4 9 7 15 6 16 23 15 27 11 10 6 17 13 3 25 28 7 10 3 3 10 11 5 10 2 6 7 26 8 18
17 33 43 14 16 6 13 13 19 19 20 7 2 12 14 57 16 11 15 4 13 22 23 30 15 7 6 7 17 12 8 13 23 14 6 3 12 24 25 9 21 14 10 20 16 11 16 63 49 68 69 53 6 11 14 16 23 27 22 25 41 11 30 20 18 40 59 8 6 3 4 34 8 24 20 16 12 23 18 14 19 47 10 13 6 3 9 13 31 27 11 5 33 11 12 34
15 20 51 25 26 10 9 16 6 27 24 15 7 9 7 22 17 9 14 9 13 17 11 12 13 6 27 5 12 21 10 9 24 25 10 7 21 9 10 16 3 10 3 13 32 59 77 53 49 49 25 5 11 15 22 18 22 22 18 12 15 8 22 14 4 29 9 1 1 7 10 12 30 9 29 17 18 20 34 17 25 32 8 23 8 8 7 8 9 17 19 30 9 28 35 49
17 9 5 50 10 7 3 4 3 18 37 11 11 6 10 26 5 8 22 6 9 13 11 9 4 11 5 4 2 18 7 10 13 13 10 14 12 10 3 8 4 7 4 52 48 52 78 82 50 14 5 11 11 16 19 16 21 23 17 4 1 3 21 28 36 39 4 3 2 18 28 15 17 5 34 12 30 13 23 9 12 27 14 23 12 16 3 3 6 5 4 7 21 10 32 28
19 19 8 55 3 10 14 5 17 2 22 9 8 14 13 36 8 15 20 13 4 10 11 29 4 9 3 22 3 3 8 11 20 15 5 11 34 16 6 7 15 60 71 72 78 43 61 80 57 2 8 14 13 12 3 13 15 15 15 1 1 14 46 46 39 13 7 19 19 10 30 29 6 9 15 17 36 26 41 46 50 31 13 19 25 18 17 1 6 8 10 6 11 21 32 27
15 13 6 56 9 3 5 5 28 2 6 22 8 8 8 28 6 12 26 10 6 8 8 27 4 6 4 9 13 12 6 11 14 12 12 23 15 12 12 26 50 77 83 71 81 79 69 57 2 6 18 13 14 17 4 11 25 25 9 4 3 20 41 31 15 11 17 17 19 16 24 40 50 12 9 15 17 19 24 12 6 17 22 44 36 27 5 4 14 3 18 15 12 26 47 18
13 10 5 21 20 29 8 6 27 6 6 22 1 6 4 7 10 11 17 9 3 1 1 18 3 8 18 10 22 7 6 11 8 22 9 18 11 4 16 36 32 15 58 72 76 64 4 5 11 7 9 7 14 14 8 4 5 58 10 18 10 15 11 33 26 11 26 24 17 43 34 31 5 11 12 25 25 19 15 12 16 17 26 21 27 6 14 7 7 2 8 18 8 19 47 18
11 10 5 9 34 12 8 4 15 4 4 13 6 2 1 3 7 2 18 7 7 1 4 4 8 13 18 9 12 6 15 12 14 8 12 15 12 4 16 32 15 42 25 14 9 4 16 22 15 15 8 8 6 1 5 14 7 21 22 13 10 14 5 16 7 10 11 32 38 47 14 5 10 16 17 19 41 19 34 17 25 27 27 23 30 5 10 8 14 2 19 15 11 11 16 7
10 10 8 3 32 3 5 7 22 9 3 5 18 4 3 4 4 3 12 12 3 4 4 12 19 9 9 15 5 8 9 10 12 17 11 7 15 8 31 30 71 61 21 5 14 14 4 7 9 3 5 1 6 2 8 15 6 40 15 5 10 10 20 13 3 13 20 47 34 1 6 1 5 18 41 41 23 23 10 20 23 20 27 38 12 14 15 14 6 2 20 13 13 15 10 2
5 4 10 25 6 3 7 5 10 4 3 2 13 5 4 3 3 4 4 18 4 2 1 5 14 15 15 10 4 8 4 9 8 17 5 11 18 11 27 21 20 27 5 14 16 8 8 11 20 10 4 1 1 2 11 19 4 18 12 9 9 10 18 5 3 6 25 30 3 1 2 10 5 5 11 35 34 36 7 14 20 22 28 16 20 16 16 15 19 4 10 13 6 4 5 6
20 4 8 32 36 2 6 4 14 3 5 2 7 4 5 0 6 3 6 3 3 2 2 7 9 21 14 4 5 5 2 4 12 3 11 6 9 7 26 13 22 28 7 13 4 15 3 1 6 13 9 1 1 4 1 5 16 7 15 1 2 23 11 3 7 22 27 31 3 0 2 10 7 8 11 21 30 14 7 10 17 26 24 37 14 18 28 10 8 3 12 12 9 5 4 4
11 3 0 3 8 4 3 4 7 3 2 1 1 5 3 0 3 3 7 2 2 1 2 11 10 9 15 1 5 6 2 2 2 9 12 10 12 49 25 69 60 32 6 3 2 12 9 5 3 10 6 6 1 2 5 3 24 19 1 0 0 14 10 8 24 31 28 24 1 5 6 15 32 3 9 21 17 12 7 8 20 13 15 6 10 34 14 14 4 5 4 5 3 2 6 1
5 6 2 6 2 10 4 2 0 2 3 1 1 2 1 1 4 2 19 0 1 3 3 11 4 4 3 1 4 3 5 2 4 4 7 15 26 34 64 43 21 47 12 3 4 7 1 1 1 5 7 6 3 1 5 8 5 30 6 4 6 27 9 3 13 23 14 22 5 8 12 12 17 3 5 11 8 25 10 8 2 2 1 6 5 11 4 5 5 3 2 1 1 2 1 1
4 10 10 5 1 2 1 6 1 2 2 2 3 2 4 2 3 3 3 1 1 1 6 3 6 3 4 1 4 1 3 2 3 5 8 32 49 66 79 42 10 3 11 10 4 1 7 21 4 12 16 3 7 11 8 14 3 10 3 10 3 26 4 11 16 12 16 25 5 6 10 13 10 2 1 2 11 12 37 13 3 3 8 9 3 4 3 5 2 1 0 3 1 1 2 3
