sesion_6_simulaciones/modelos_agentes/ejemplos_netlogo/scenarios/cgcm2_b2/rob_2046.asc
NCOLS 322 
NROWS 307 
XLLCORNER 451900 
YLLCORNER 4086900 
CELLSIZE 100 
NODATA_value -9999 
[rows 148 to 221 of 307, columns 192 to 287 of 322]
1 2 2 6 11 14 22 25 41 14 26 10 2 1 0 0 0 0 0 0 0 0 0 0 0 0 0 0 0 0 0 0 0 0 0 0 0 0 0 0 0 0 0 0 0 0 0 1 1 2 1 1 1 1 1 1 0 0 2 2 18 18 11 31 29 39 47 24 22 61 31 43 26 8 9 50 16 25 24 16 7 4 1 0 0 0 0 0 0 0 0 0 0 0 0 0
0 0 2 5 4 7 10 23 25 27 11 3 2 1 0 0 0 0 0 0 0 0 0 0 0 0 0 0 0 0 0 0 0 0 0 0 0 0 0 0 0 0 0 0 0 0 0 0 1 1 1 0 0 0 0 0 0 1 1 5 3 7 29 35 14 33 55 57 37 55 66 63 53 15 17 46 20 24 12 5 5 2 1 0 0 0 0 0 0 0 0 0 0 0 0 0
0 0 0 1 2 3 8 11 13 20 5 2 1 0 0 0 0 0 0 0 0 0 0 0 0 0 0 0 0 0 0 0 0 0 0 0 0 0 0 0 0 0 1 0 1 0 0 0 0 0 0 0 0 0 0 0 0 1 1 2 2 4 17 15 13 26 15 22 53 71 66 58 44 26 20 40 26 6 3 2 0 0 0 0 0 0 0 0 0 0 0 0 0 0 0 0
0 0 0 0 0 1 2 2 6 13 4 3 3 0 0 0 0 0 0 0 0 0 0 0 0 0 0 0 0 0 0 0 0 0 0 0 0 0 0 0 0 0 0 0 0 0 0 0 0 0 0 0 0 0 0 0 0 1 1 1 2 6 5 11 16 14 8 19 25 17 32 58 47 35 63 36 18 5 4 2 0 0 0 0 0 0 0 0 0 0 0 0 0 0 0 0
0 0 0 0 0 0 0 1 6 5 11 4 2 1 0 0 0 0 0 0 0 0 0 0 0 0 0 0 0 0 0 0 0 0 0 0 0 0 0 0 0 0 0 0 0 0 0 0 0 0 0 0 0 0 0 0 0 0 1 1 3 3 2 2 8 4 8 11 9 14 16 38 45 50 43 36 15 11 6 1 1 1 1 0 0 0 0 0 0 0 0 0 0 0 0 0
0 0 0 0 0 0 0 1 2 1 7 5 2 0 0 0 0 0 0 0 0 0 0 0 0 0 0 0 0 0 0 0 0 0 0 0 0 0 0 0 0 0 0 0 0 0 0 0 0 0 0 0 0 0 0 0 0 0 0 1 3 2 1 1 2 4 5 4 12 14 21 21 32 47 26 17 15 19 17 10 7 2 1 1 0 0 0 0 0 0 0 0 0 0 0 0
0 0 0 0 0 0 0 0 0 0 2 2 1 0 0 0 0 0 0 0 0 0 0 0 0 0 0 0 0 0 0 0 0 0 0 0 0 0 0 0 0 0 0 0 0 0 0 0 0 0 0 0 0 0 0 0 0 0 0 0 0 0 1 1 1 2 5 4 2 5 10 14 26 42 29 19 6 4 5 5 5 2 1 1 0 0 0 0 0 0 0 0 0 0 0 0
0 0 0 0 0 0 0 0 0 0 1 1 0 0 0 0 0 0 0 0 0 0 0 0 0 0 0 0 0 0 0 0 0 0 0 0 0 0 0 0 0 0 0 0 0 0 0 0 0 0 0 0 0 0 0 0 0 0 0 0 0 0 0 0 1 1 1 2 5 7 11 23 33 48 18 16 15 4 2 1 0 0 0 0 0 0 0 0 0 0 0 0 0 0 0 0
0 0 0 0 0 0 0 0 0 0 0 0 0 0 0 0 0 0 0 0 0 0 0 0 0 0 0 0 0 0 0 0 0 0 0 0 0 0 0 0 0 0 0 0 0 0 0 0 0 0 0 0 0 0 0 0 0 0 0 0 0 0 1 3 2 2 3 10 19 17 30 22 54 56 46 50 24 7 4 3 3 1 0 0 0 0 0 0 0 0 0 0 0 0 0 0
0 0 0 0 0 0 0 0 0 0 0 0 0 0 0 0 0 0 0 0 0 0 0 0 0 0 0 0 0 0 0 0 0 0 0 0 0 0 0 0 0 0 0 0 0 0 0 0 0 0 0 0 0 0 0 0 0 0 0 0 0 0 1 3 2 5 3 11 19 29 16 12 20 27 61 24 8 6 11 10 3 1 1 0 0 0 0 0 0 0 0 0 0 0 0 0
0 0 0 0 0 0 0 0 0 0 0 0 0 0 0 0 0 0 0 0 0 0 0 0 0 0 0 0 0 0 0 0 0 0 0 0 0 0 0 0 0 0 0 0 0 0 0 0 0 0 0 0 0 0 0 0 0 0 0 0 0 1 1 1 2 4 6 8 9 14 53 27 26 36 51 29 41 22 17 11 5 3 1 0 0 0 0 0 0 0 0 0 0 0 0 0
0 0 0 0 0 0 0 0 0 0 0 0 0 0 0 0 0 0 0 0 0 0 0 0 0 0 0 0 0 0 0 0 0 0 0 0 0 0 0 0 0 0 0 0 0 0 0 0 0 0 0 0 0 0 0 0 0 0 0 0 1 1 1 2 4 8 4 14 13 24 23 16 43 50 70 58 21 5 3 2 1 1 0 0 0 0 0 0 0 0 0 0 0 0 0 0
0 0 0 0 0 0 0 0 0 0 0 0 0 0 0 0 0 0 0 0 0 0 0 0 0 0 0 0 0 0 0 0 0 0 0 0 0 0 0 0 0 0 0 0 0 0 0 0 0 0 0 0 0 0 0 0 0 0 0 1 2 1 2 5 5 3 5 5 5 11 21 17 19 21 56 47 35 23 4 2 1 0 0 0 0 0 0 0 0 0 0 0 0 0 0 0
0 0 0 0 0 0 0 0 0 0 0 0 0 0 0 0 0 0 0 0 0 0 0 0 0 0 0 0 0 0 0 0 0 0 0 0 0 0 0 0 0 0 0 0 0 0 0 0 0 0 0 0 0 0 0 0 0 0 0 1 2 2 2 2 4 4 8 28 31 15 37 41 28 37 59 65 24 14 8 3 2 0 1 0 0 0 0 0 0 0 0 0 0 0 0 0
0 0 0 0 0 0 0 0 0 0 0 0 0 0 0 0 0 0 0 0 0 0 0 0 0 0 0 0 0 0 0 0 0 0 0 0 0 0 0 0 0 0 0 0 0 0 0 0 0 0 0 0 0 0 0 0 0 0 1 1 1 2 3 3 2 4 6 13 18 19 35 45 27 41 69 69 28 13 7 3 1 1 0 0 0 1 0 0 0 0 0 0 0 0 0 0
0 0 0 0 0 0 0 0 0 0 0 0 0 0 0 0 0 0 0 0 0 0 0 0 0 0 0 0 0 0 0 0 0 0 0 0 0 0 0 0 0 0 0 0 0 0 0 0 0 0 0 0 0 0 0 0 1 0 0 1 2 3 5 7 5 2 2 4 7 22 23 26 26 25 55 69 34 35 14 3 1 0 1 1 1 1 1 1 1 0 0 0 0 0 0 0
0 0 0 0 0 0 0 0 0 0 0 0 0 0 0 0 0 0 0 0 0 0 0 0 0 0 0 0 0 0 0 0 0 0 0 0 0 0 0 0 0 0 0 0 0 0 0 0 0 0 0 0 0 0 0 1 1 1 1 1 2 2 2 5 8 11 6 6 5 12 19 23 21 26 42 68 35 24 10 2 2 1 2 1 2 2 2 2 1 0 0 0 0 0 0 0
0 0 0 0 0 0 0 0 0 0 0 0 0 0 0 0 0 0 0 0 0 0 0 0 0 0 0 0 0 0 0 0 0 0 0 0 0 0 0 0 0 0 0 0 0 0 0 0 0 0 0 0 0 0 0 0 1 7 2 2 2 2 3 4 7 15 16 13 9 19 21 21 40 59 58 68 52 30 15 4 2 2 4 2 3 1 0 0 0 0 0 0 0 0 0 0
0 0 0 0 0 0 0 0 0 0 0 0 0 0 0 0 0 0 0 0 0 0 0 0 0 0 0 0 0 0 0 0 0 0 0 0 0 0 0 0 0 0 0 0 0 0 0 0 0 0 0 0 0 0 0 0 1 1 2 4 9 6 3 4 7 17 30 21 15 21 22 25 43 43 63 66 38 30 17 10 4 5 4 8 5 2 0 0 0 0 0 0 0 0 0 0
0 0 0 0 0 0 0 0 0 0 0 0 0 0 0 0 0 0 0 0 0 0 0 0 0 0 0 0 0 0 0 0 0 0 0 0 0 0 0 0 0 0 0 0 0 0 0 1 0 1 1 0 0 0 0 1 1 1 1 2 2 3 6 20 9 10 12 20 12 27 17 15 12 25 50 74 42 36 18 12 13 22 6 8 9 4 0 0 0 0 0 0 0 0 0 0
0 0 0 0 0 0 0 0 0 0 0 0 0 0 0 0 0 0 0 0 0 0 0 0 0 0 0 0 0 0 0 0 0 0 0 0 0 0 0 0 0 0 0 0 0 0 0 0 0 1 3 1 1 0 0 1 0 0 0 1 3 2 7 4 18 12 6 6 9 7 37 52 43 46 45 60 22 21 20 28 42 14 20 7 2 1 1 0 0 0 0 0 0 0 0 0
0 0 0 0 0 0 0 0 0 0 0 0 0 0 0 0 0 0 0 0 0 0 0 0 0 0 0 0 0 0 0 0 0 0 0 0 0 0 0 0 0 0 0 0 0 0 0 0 0 0 1 2 2 1 1 0 1 1 1 1 2 4 9 14 18 40 17 10 16 16 31 46 38 66 46 72 25 51 57 48 42 37 18 9 5 2 1 0 0 0 0 0 0 0 0 0
0 0 0 0 0 0 0 0 0 0 0 0 0 0 0 0 0 0 0 0 0 0 0 0 0 0 0 0 0 0 0 0 0 0 0 0 0 0 0 0 0 0 0 0 0 0 0 1 2 0 1 1 3 1 1 0 1 1 4 2 2 3 7 7 11 18 36 30 12 19 33 65 40 44 73 67 70 64 51 63 56 35 11 2 1 1 0 0 0 0 0 0 0 0 0 0
0 0 0 0 0 0 0 0 0 0 0 0 0 0 0 0 0 0 0 0 0 0 0 0 0 0 0 0 0 0 0 0 0 0 0 0 0 0 0 0 0 0 0 0 0 1 1 0 1 2 1 2 3 3 2 1 1 2 2 2 3 3 4 4 7 10 21 43 28 23 25 63 32 31 44 65 69 79 71 65 24 12 5 3 1 0 0 0 0 0 0 0 0 0 0 0
0 0 0 0 0 0 0 0 0 0 0 0 0 0 0 0 0 0 0 0 0 0 0 0 0 0 0 0 0 0 0 0 0 0 0 0 0 0 0 0 0 0 0 0 1 1 1 1 1 5 6 3 2 17 5 4 4 3 3 5 4 5 4 5 6 18 31 35 46 65 46 23 54 37 69 70 43 62 63 61 27 9 6 2 1 1 1 1 0 0 0 0 0 0 0 0
0 0 0 0 0 0 0 0 0 0 0 0 0 0 0 0 0 0 0 0 0 0 0 0 0 0 0 0 0 0 0 0 0 0 0 0 0 0 0 0 0 0 1 0 2 1 5 2 4 6 10 9 7 14 8 5 5 4 4 8 5 4 5 9 10 16 21 41 40 19 56 54 50 58 57 48 39 37 23 38 44 18 10 6 5 2 1 1 0 0 0 0 0 0 0 0
0 0 0 0 0 0 0 0 0 0 0 0 0 0 0 0 0 0 0 0 0 0 0 0 0 0 0 0 0 0 0 0 0 0 0 0 0 0 0 0 0 0 1 0 2 2 5 6 8 7 17 20 27 28 21 19 17 10 5 18 13 7 3 7 12 27 29 46 61 72 53 57 52 74 51 62 45 37 24 8 6 16 11 6 3 1 1 1 1 0 0 0 0 0 0 0
0 0 0 0 0 0 0 0 0 0 0 0 0 0 0 0 0 0 0 0 0 0 0 0 0 0 0 0 0 0 0 0 0 0 0 0 0 0 0 0 1 1 0 2 4 3 3 3 6 15 21 30 37 39 46 30 32 28 18 27 13 10 5 7 13 8 22 36 52 61 59 49 35 60 61 56 45 38 28 25 15 9 8 4 2 2 4 1 0 0 0 0 0 0 0 0
0 0 0 0 0 0 0 0 0 0 0 0 0 0 0 0 0 0 0 0 0 0 0 0 0 0 0 0 0 0 0 0 0 0 0 0 0 0 0 0 0 1 2 1 5 12 4 7 10 15 29 37 46 45 37 59 45 44 43 39 21 24 9 15 20 34 20 32 38 49 44 55 73 51 65 45 54 51 47 37 18 13 7 2 2 2 1 1 0 0 0 0 0 0 0 0
0 0 0 0 0 0 0 0 0 0 0 0 0 0 0 0 0 0 0 0 0 0 0 0 0 0 0 0 0 0 0 0 0 0 0 0 0 0 0 0 0 0 0 1 3 5 11 16 14 18 33 43 52 53 65 75 59 56 58 53 46 32 17 30 31 33 21 20 25 35 41 52 63 64 47 52 67 65 42 37 31 13 7 2 1 1 1 0 0 0 0 0 0 0 0 1
0 0 0 0 0 0 0 0 0 0 0 0 0 0 0 0 0 0 0 0 0 0 0 0 0 0 0 0 0 0 0 0 0 0 0 0 0 0 0 1 3 0 0 1 1 2 3 32 32 39 18 44 49 65 76 45 46 72 68 64 64 58 40 39 61 51 32 21 26 28 35 38 40 73 72 59 57 66 51 33 24 16 11 3 1 1 0 0 0 0 0 0 0 0 0 1
0 0 0 0 0 0 0 0 0 0 0 0 0 0 0 0 0 0 0 0 0 0 0 0 0 0 0 0 0 0 0 0 0 0 0 0 0 0 0 0 1 3 2 1 2 5 5 20 21 43 52 40 55 63 62 68 65 42 79 79 69 64 48 45 61 53 36 22 30 38 37 48 50 60 71 54 60 61 46 32 27 24 10 4 2 1 0 0 0 0 0 0 0 0 0 1
0 0 0 0 0 0 0 0 0 0 0 0 0 0 0 0 0 0 0 0 0 0 0 0 0 0 0 0 0 0 0 0 0 0 0 0 0 0 0 0 0 1 3 6 10 6 9 4 6 9 12 27 55 58 55 69 56 64 58 80 73 68 54 52 73 37 25 23 21 36 44 60 71 74 53 46 44 47 32 19 16 13 8 4 1 1 0 0 0 0 0 0 0 0 0 0
0 1 0 0 0 0 0 0 0 0 0 0 0 0 0 0 0 0 0 0 0 0 0 0 0 0 0 0 0 0 0 0 0 0 0 0 0 0 0 0 0 1 1 4 5 4 2 2 8 7 13 23 47 45 53 71 76 73 77 72 70 76 70 67 45 25 41 40 19 28 32 46 64 40 33 27 28 27 15 14 16 9 3 2 1 1 1 1 0 0 0 0 0 0 0 0
0 0 0 0 0 0 0 0 0 0 0 0 0 0 0 0 0 0 0 0 0 0 0 0 0 0 0 0 0 0 0 0 0 0 0 0 0 0 0 0 0 0 1 0 1 2 1 6 11 10 10 33 15 37 65 40 74 61 47 48 82 78 74 48 20 27 43 50 35 45 47 36 62 31 40 31 30 26 29 20 13 8 5 4 2 1 1 1 0 0 0 0 0 0 0 0
1 0 0 0 0 0 0 0 0 0 0 0 0 0 0 0 0 0 0 0 0 0 0 0 0 0 0 0 0 0 0 0 0 0 0 0 0 0 0 0 0 0 0 1 1 1 3 6 10 9 14 14 21 33 26 36 41 39 33 35 26 54 63 49 52 29 68 71 59 50 61 69 74 71 59 58 53 46 43 27 18 18 9 8 4 1 1 1 0 0 0 0 0 0 0 0
1 0 0 0 0 0 0 0 0 0 0 0 0 0 0 0 0 0 0 0 0 0 0 0 0 0 0 0 0 0 0 0 0 0 0 0 0 0 0 0 0 0 0 0 1 0 2 4 5 12 11 11 21 21 22 35 32 50 56 44 38 50 65 57 75 47 62 76 73 42 53 77 52 69 73 68 63 51 47 41 32 20 6 3 3 1 1 0 0 0 0 0 0 0 0 0
1 1 1 0 0 0 0 0 0 0 0 0 0 0 0 0 0 0 0 0 0 0 0 0 0 0 0 0 0 0 0 0 0 0 0 0 0 0 0 0 0 0 0 0 0 0 1 4 11 14 14 20 18 33 19 35 35 19 32 46 44 46 70 91 93 76 70 69 62 45 49 28 23 39 32 31 28 31 37 32 18 11 7 5 3 1 1 0 0 0 0 0 0 0 0 0
2 2 1 0 0 0 0 0 0 0 0 0 0 0 0 0 0 0 0 0 0 0 0 0 0 0 0 0 0 0 0 0 0 0 0 0 0 0 0 0 0 0 0 0 0 1 1 1 6 5 8 8 6 12 24 28 10 15 27 46 53 52 50 62 43 77 59 68 30 23 56 64 58 52 47 48 37 18 9 14 16 6 5 9 3 2 1 0 0 0 0 0 0 0 0 0
2 2 1 0 0 0 0 0 0 0 0 0 0 0 0 0 0 0 0 0 0 0 0 0 0 0 0 0 0 0 0 0 0 0 0 0 0 0 0 0 0 0 0 0 1 1 1 1 2 2 3 1 1 2 2 3 6 20 25 29 49 55 43 44 33 45 42 18 48 45 26 46 73 68 37 35 50 47 52 37 25 10 2 4 5 1 1 1 0 0 0 0 0 0 0 0
3 2 0 0 0 0 0 0 0 0 0 0 0 0 0 0 0 0 0 0 0 0 0 0 0 0 0 0 0 0 0 0 0 0 0 0 0 0 0 0 0 0 0 0 1 1 1 0 0 1 1 1 2 2 3 4 8 8 24 19 30 23 30 21 18 16 36 31 44 49 42 28 29 52 27 28 53 66 49 38 17 7 4 5 3 1 0 0 0 0 0 0 0 0 0 0
2 1 1 0 0 0 0 0 0 0 0 0 0 0 0 0 0 0 0 0 0 0 0 0 0 0 0 0 0 0 0 0 0 0 0 0 0 0 0 0 0 0 0 0 1 0 0 0 1 1 1 3 4 7 10 14 10 19 9 9 18 44 45 34 49 48 48 33 54 41 56 58 27 43 42 50 59 47 29 15 9 6 3 2 1 0 0 0 0 0 0 0 0 0 0 1
2 1 1 1 1 1 0 0 0 0 0 0 0 0 0 0 0 0 0 0 0 0 0 0 0 0 0 0 0 0 0 0 0 0 0 0 0 0 0 0 0 0 0 0 0 0 1 1 1 1 1 5 14 14 17 25 29 23 35 16 26 41 69 64 50 64 59 57 46 50 63 72 35 45 36 41 70 54 36 27 14 8 3 2 2 1 1 1 1 0 0 0 0 0 0 1
1 1 1 2 1 1 0 0 0 0 0 0 0 0 0 0 0 0 0 0 0 0 0 0 0 0 0 0 0 0 0 0 0 0 0 0 0 0 0 0 0 0 0 0 0 0 1 2 3 2 5 11 11 17 21 25 33 37 43 47 36 49 50 63 67 71 64 62 39 26 31 31 25 28 44 55 43 30 20 10 12 9 3 1 0 0 1 1 0 0 0 0 0 0 0 1
1 2 3 3 1 0 0 0 0 0 0 0 0 0 0 0 0 0 0 0 0 0 0 0 0 0 0 0 0 0 0 0 0 0 0 0 0 0 0 0 0 0 0 0 0 1 1 2 5 9 23 20 13 14 31 50 33 42 63 60 53 39 46 60 50 39 49 43 27 48 51 32 21 28 37 28 30 16 14 11 8 2 1 1 1 1 1 0 0 0 0 0 0 0 0 0
2 3 3 4 2 1 1 1 1 1 0 0 0 0 0 0 0 0 0 0 0 0 0 0 0 0 0 0 0 0 0 0 0 0 0 0 0 0 0 0 0 0 0 0 0 1 0 1 2 2 9 26 41 35 30 53 39 54 72 71 73 37 30 31 32 35 40 51 24 54 45 45 30 26 13 12 10 4 6 6 4 4 5 2 4 1 0 1 0 0 0 0 0 0 0 0
5 5 5 5 3 2 2 2 1 1 0 0 0 0 0 0 0 0 0 0 0 0 0 0 0 0 0 0 0 0 0 0 0 0 0 0 0 0 0 1 1 1 1 1 1 1 1 1 2 3 5 11 18 51 53 48 70 67 50 64 75 75 61 40 27 16 29 50 30 54 58 46 28 19 20 29 23 29 29 19 15 17 10 4 2 1 1 0 0 0 0 0 0 1 1 1
15 7 4 2 5 3 2 1 1 1 0 0 0 0 0 0 0 0 0 0 0 0 0 0 0 0 0 0 0 0 0 0 0 0 0 0 0 0 0 1 2 2 3 2 1 2 2 4 7 7 11 20 29 31 40 45 62 70 69 70 48 61 51 75 70 36 28 36 57 67 62 61 56 50 23 32 46 60 44 33 25 11 2 1 1 1 0 0 0 0 0 0 0 1 1 1
22 12 5 2 2 2 1 1 0 0 0 0 0 0 0 0 0 0 0 0 0 0 0 0 0 0 0 0 0 0 0 0 0 0 0 0 0 0 0 1 1 2 3 5 3 3 6 6 9 17 13 27 37 37 40 49 35 42 64 61 63 62 35 48 44 43 21 53 62 52 51 43 40 48 42 64 43 33 48 36 20 6 6 3 1 1 0 0 0 0 0 0 0 1 1 4
15 10 3 1 1 1 0 0 0 0 0 0 0 0 0 0 0 0 0 0 0 0 0 0 0 0 0 0 0 0 0 0 0 0 0 0 0 1 1 1 1 3 4 7 6 3 8 12 21 23 18 48 45 45 45 48 52 17 21 27 17 25 46 51 26 53 54 72 33 25 26 28 37 53 69 68 60 26 34 16 13 8 4 2 1 1 0 0 0 0 0 0 0 1 1 2
12 5 2 1 1 0 1 1 0 0 1 0 0 0 0 0 0 0 0 0 0 0 0 0 0 0 0 0 0 0 0 0 0 1 1 1 1 1 1 2 4 4 8 9 12 5 8 15 20 27 38 47 44 50 52 35 32 38 44 43 41 49 44 41 44 11 35 18 17 19 45 68 69 69 57 63 62 53 36 20 17 6 5 2 1 1 0 0 0 0 0 0 0 0 1 1
20 9 7 4 3 2 2 2 1 1 0 0 0 0 0 0 0 0 0 0 0 0 0 0 0 0 0 0 0 0 0 0 0 1 1 1 2 2 1 2 2 2 1 2 4 10 21 20 25 24 33 44 44 51 49 61 50 21 66 68 48 45 41 39 48 23 37 42 54 48 63 65 69 79 69 49 61 44 40 17 15 13 5 2 1 0 0 0 0 0 1 1 1 1 1 2
27 17 21 12 4 0 0 1 1 1 0 0 0 0 0 0 0 0 0 0 0 0 0 0 0 0 0 0 0 0 0 1 0 0 1 2 3 2 3 1 2 3 3 2 2 3 14 30 36 40 25 29 44 49 51 53 53 70 54 44 51 65 69 69 40 19 40 54 59 61 65 44 56 56 52 53 54 58 49 40 26 11 6 2 1 0 0 0 0 0 1 0 1 2 3 6
40 32 10 3 1 0 2 2 1 0 0 1 1 0 0 0 0 0 0 0 0 0 0 0 0 0 0 0 0 1 1 1 0 1 1 2 4 5 5 2 7 4 7 6 4 5 5 11 41 61 39 27 43 60 51 52 57 47 66 66 50 52 69 67 31 37 24 16 54 74 74 70 66 65 48 60 58 50 29 27 15 8 10 3 1 0 0 0 0 0 1 1 1 1 3 6
35 14 6 2 2 3 3 2 1 0 1 1 0 0 0 0 0 0 0 0 0 0 0 0 0 0 0 0 1 1 1 2 1 0 0 1 1 3 5 6 13 16 9 14 15 5 6 32 44 56 44 29 36 38 66 51 44 54 37 41 44 64 65 54 45 38 45 48 43 32 60 71 67 78 66 49 68 47 26 17 17 8 1 5 1 0 0 0 0 0 1 1 1 1 2 2
13 14 15 4 3 6 3 2 2 1 1 0 0 0 0 0 0 0 0 0 0 0 0 0 0 0 0 0 1 1 2 2 1 1 1 1 1 2 2 9 14 21 20 12 28 12 13 39 46 26 63 32 42 40 42 75 63 55 78 68 41 43 53 58 41 43 37 30 41 63 64 70 69 53 70 50 35 27 33 12 12 8 2 1 1 0 0 0 0 0 1 1 2 5 5 3
19 18 17 16 13 10 6 4 1 1 0 0 0 0 0 0 0 0 0 0 0 0 0 0 0 0 0 0 0 1 1 1 2 3 2 1 2 2 3 5 6 17 22 35 28 26 21 44 39 33 57 60 23 41 46 26 25 26 53 55 62 28 38 45 36 56 47 55 42 59 70 61 46 57 40 55 36 35 24 16 12 1 0 0 0 0 0 0 0 0 1 1 3 7 6 6
46 35 34 17 14 7 2 2 1 1 0 0 1 0 0 0 0 0 0 0 0 0 0 0 0 0 0 0 0 1 2 2 4 5 5 5 2 3 7 5 10 8 12 48 49 43 32 50 24 26 45 30 30 34 40 51 30 28 29 30 30 58 61 55 47 28 50 54 33 26 16 20 27 20 33 28 33 31 17 11 6 2 0 0 0 0 0 0 0 1 1 1 2 3 5 8
48 34 22 20 12 2 1 1 1 1 1 1 1 0 0 0 0 0 0 0 0 0 0 0 0 0 0 0 1 0 2 5 7 7 7 13 3 2 5 11 10 13 21 33 53 42 31 48 59 57 39 57 82 42 49 53 42 30 29 39 17 21 37 43 59 22 28 38 62 57 38 29 22 5 4 8 12 12 14 7 3 2 1 0 0 0 0 0 0 0 1 1 2 1 3 3
41 23 15 13 6 4 3 1 1 2 1 0 0 0 0 0 0 0 0 0 0 0 0 0 0 0 1 1 1 2 2 6 16 12 7 18 9 6 8 9 18 16 29 36 53 39 27 41 63 75 53 55 73 66 42 53 53 53 34 40 48 42 34 34 60 18 44 69 59 62 61 56 35 27 17 10 3 5 5 7 3 1 0 0 0 0 0 0 1 1 1 1 1 2 5 8
22 19 23 11 8 5 4 5 1 0 0 0 0 1 0 0 0 0 0 0 0 0 0 0 0 0 1 2 3 3 9 13 20 25 22 11 20 14 10 15 32 31 38 46 29 45 67 48 38 22 51 49 28 62 62 46 59 52 34 20 28 51 37 34 39 58 58 54 61 63 65 50 30 44 37 30 16 9 4 2 2 0 0 0 0 0 0 0 0 1 1 1 2 2 3 4
42 22 30 16 11 24 10 2 1 1 1 1 1 0 0 0 0 0 0 0 0 0 0 0 0 0 1 2 3 5 10 23 44 41 36 34 25 43 31 22 42 57 43 25 37 59 68 66 42 46 46 60 58 41 49 51 52 46 45 33 18 39 45 18 16 30 41 53 57 62 71 80 57 39 42 40 45 18 5 1 1 0 0 0 0 0 0 0 0 1 1 1 2 3 3 5
38 32 15 11 9 4 5 4 3 3 2 0 0 0 0 0 0 0 0 0 0 0 0 0 0 1 1 1 2 3 4 18 31 64 56 25 35 56 54 30 36 68 49 42 31 54 69 68 79 62 50 48 64 76 60 30 56 65 60 33 23 18 19 15 39 27 65 72 82 56 36 61 65 28 8 12 18 17 4 1 0 0 0 0 0 0 0 0 0 1 1 1 2 3 4 5
21 26 18 9 4 1 1 3 2 1 1 0 0 0 0 0 0 0 0 0 0 0 0 0 1 1 2 1 2 1 3 9 17 46 72 25 23 70 68 38 37 64 69 44 44 56 57 69 74 69 25 25 51 60 39 37 51 50 51 66 29 23 26 30 30 50 25 20 41 84 52 26 30 30 8 4 5 14 4 1 0 0 0 0 0 0 0 0 0 1 1 1 2 2 6 9
24 19 11 8 8 7 2 3 1 1 0 0 0 0 0 0 0 0 0 0 0 0 0 0 1 1 2 2 4 5 4 6 9 21 44 69 37 38 78 73 46 48 71 57 46 54 57 69 78 75 56 26 70 58 50 41 32 14 18 32 21 13 10 37 36 31 32 53 53 62 59 28 19 5 3 1 0 3 3 1 0 0 0 0 0 0 0 0 0 1 1 1 2 2 2 4
10 8 5 7 4 4 2 3 1 1 0 0 0 0 0 0 0 0 0 0 0 0 0 0 0 1 1 1 2 2 11 7 11 11 30 55 81 46 29 72 68 52 77 61 40 52 55 68 58 65 71 39 38 44 36 55 25 24 19 15 14 29 28 50 30 43 50 44 39 63 55 30 16 17 6 2 0 0 1 1 0 0 0 0 0 0 0 0 0 1 1 2 4 5 5 5
15 13 16 23 7 5 2 2 1 0 0 0 0 0 0 0 0 0 0 0 0 0 0 0 0 1 1 3 3 3 13 32 52 50 57 74 71 67 56 42 43 69 69 55 40 42 60 68 68 48 72 39 42 42 42 54 43 19 25 42 27 25 30 44 79 61 66 59 46 46 21 29 28 23 10 4 1 0 0 0 0 0 0 0 0 0 0 0 0 0 1 1 3 4 7 11
23 20 14 10 7 6 3 1 1 0 0 0 0 0 0 0 0 0 0 0 0 0 0 0 0 0 0 0 2 7 11 20 31 43 22 24 47 72 72 73 40 36 77 59 41 52 48 34 70 47 33 51 21 40 26 23 48 18 27 29 25 20 44 41 63 56 41 41 32 29 48 45 46 25 17 5 0 0 0 0 0 0 0 0 0 0 0 0 0 0 1 0 1 1 3 7
5 6 7 6 4 4 3 2 1 0 0 0 0 0 0 0 0 0 0 0 0 0 0 0 0 0 0 1 2 3 8 5 5 9 26 48 60 43 62 81 81 68 68 56 64 41 42 34 22 25 35 17 40 26 44 16 18 26 14 17 11 18 20 28 21 19 33 50 49 60 65 53 24 14 3 6 2 1 0 0 0 0 0 0 0 0 0 0 0 1 1 2 2 1 4 9
3 2 3 3 2 2 3 2 1 1 1 1 0 0 0 0 0 0 0 0 0 0 0 0 0 0 0 0 1 1 3 7 6 22 34 44 43 51 48 75 57 44 42 53 66 61 61 31 27 55 28 34 19 33 52 25 12 11 23 12 23 24 55 48 52 45 59 63 65 64 66 40 30 13 2 1 1 0 0 0 0 0 0 0 0 0 1 0 1 0 0 1 1 2 2 3
7 5 4 3 1 0 1 2 1 1 0 0 0 0 0 0 0 0 0 0 0 0 0 0 0 0 0 0 0 1 2 6 9 31 44 46 51 43 47 36 45 37 37 30 41 53 73 38 32 31 15 16 31 41 44 31 30 29 13 20 58 32 51 77 59 57 60 60 61 75 70 64 38 13 4 1 0 0 0 0 0 0 0 0 0 0 0 1 0 1 1 1 2 4 4 5
14 14 5 3 3 2 2 2 1 1 0 0 0 0 0 0 0 0 0 0 0 0 1 1 0 0 0 0 1 1 1 3 10 22 55 57 38 55 45 35 47 50 49 49 40 32 21 57 43 27 28 25 24 28 6 47 34 15 16 32 51 56 47 81 78 82 81 49 30 25 60 63 77 35 4 2 1 0 0 0 0 0 0 0 0 0 1 0 1 1 1 3 2 4 8 6
21 9 8 16 9 5 3 2 1 0 0 0 0 0 0 0 0 0 0 1 1 0 1 1 1 1 0 1 1 2 3 2 9 21 42 31 54 40 41 36 48 46 37 55 37 23 25 19 27 16 36 24 13 17 27 11 9 18 12 46 65 60 54 83 89 81 81 90 77 53 40 36 48 27 18 4 2 0 0 0 0 0 0 0 0 0 0 1 1 1 1 2 4 4 5 13
6 2 1 8 5 2 2 1 0 0 0 0 0 0 0 0 0 0 0 0 2 2 2 2 2 1 2 2 3 3 3 4 5 19 24 23 21 35 40 36 56 49 51 62 42 38 36 27 35 15 47 19 10 7 25 34 4 9 35 32 43 31 20 59 84 69 73 84 91 77 24 9 5 7 8 1 0 0 0 0 0 0 0 0 0 0 0 0 0 1 3 2 3 3 6 9
