sesion_6_simulaciones/modelos_agentes/ejemplos_netlogo/scenarios/cgcm2_b2/rob_2026.asc
NCOLS 322 
NROWS 307 
XLLCORNER 451900 
YLLCORNER 4086900 
CELLSIZE 100 
NODATA_value -9999 
[rows 0 to 73 of 307, columns 96 to 191 of 322]
55 9 2 2 34 10 11 8 8 9 19 17 21 41 35 11 20 13 13 4 16 14 10 33 11 7 13 14 20 13 4 3 9 16 9 8 10 17 25 11 7 32 67 71 81 69 83 83 87 82 82 86 67 40 56 52 57 23 41 39 45 26 21 12 44 52 52 10 9 37 47 27 22 27 23 15 16 19 11 51 31 16 21 20 22 12 15 18 24 43 25 19 17 7 13 28
4 6 6 4 7 20 10 8 7 13 12 18 45 49 23 19 5 5 3 7 12 2 4 5 12 8 14 7 9 34 14 6 5 9 4 10 13 17 26 31 37 45 41 35 83 84 85 83 93 73 88 79 43 43 77 28 12 19 13 22 8 29 21 12 24 12 16 46 43 38 24 49 61 35 49 53 56 21 24 27 21 17 30 29 31 19 21 29 34 33 42 33 43 23 31 31
0 2 2 13 8 11 10 4 6 9 7 14 21 19 5 4 9 14 16 18 28 3 6 6 9 9 14 7 15 16 27 21 3 11 32 29 31 39 44 47 55 63 47 52 19 10 22 50 91 83 82 81 41 74 72 68 44 20 19 27 21 57 78 73 77 56 45 66 33 42 36 38 48 47 52 67 73 66 41 29 27 25 38 37 39 29 31 49 32 35 46 36 43 48 36 37
1 1 0 1 1 2 2 14 6 3 3 6 9 14 14 16 16 26 30 24 10 2 12 13 3 7 10 12 12 5 13 14 12 22 33 25 52 50 69 78 81 81 66 27 14 19 8 14 45 21 32 33 18 40 66 26 63 8 11 23 36 57 82 81 81 84 78 49 62 54 56 63 46 46 59 54 53 25 21 31 43 41 55 53 49 36 33 46 32 29 50 53 35 46 34 48
2 2 2 0 0 0 2 12 24 5 16 10 6 8 26 17 15 54 21 10 12 8 10 21 18 12 11 11 8 29 32 22 6 21 45 48 59 70 82 86 86 77 65 38 22 11 15 34 23 17 24 30 8 47 21 41 56 36 8 14 59 74 62 78 67 43 76 47 57 73 67 56 47 38 63 45 47 39 40 44 52 48 78 58 42 43 42 56 39 40 53 67 35 57 55 60
4 1 1 1 1 1 2 3 19 37 9 17 5 15 18 9 31 22 27 16 5 6 16 14 19 10 14 14 6 8 13 29 24 11 50 67 72 81 85 75 78 75 70 46 19 27 20 26 31 25 33 50 12 23 26 49 30 30 23 22 59 66 26 15 22 40 45 21 24 44 18 54 79 61 56 38 42 41 40 58 49 58 61 56 64 49 48 66 62 43 59 43 58 49 71 34
1 2 5 2 2 2 5 2 7 29 29 8 7 10 11 32 14 27 39 25 26 12 6 8 14 15 24 18 10 6 10 36 40 27 43 78 83 82 74 74 72 67 36 21 27 54 30 44 41 41 33 34 32 38 51 39 19 35 42 17 12 15 13 21 11 16 48 65 44 46 22 48 35 18 58 63 61 62 41 60 49 40 49 43 63 65 54 68 67 43 69 59 56 46 31 26
0 1 1 1 1 3 3 1 3 17 62 60 55 30 21 9 10 24 18 19 34 56 15 29 40 24 22 8 17 14 15 19 38 63 44 65 70 74 70 65 57 22 28 21 49 40 33 57 46 45 28 30 50 59 45 45 37 60 66 66 47 21 4 4 21 13 38 21 46 27 42 30 15 33 20 51 59 84 66 37 57 66 49 55 79 56 57 60 64 61 49 38 17 25 25 19
0 0 1 2 1 3 2 1 4 3 15 54 67 74 44 57 15 11 11 36 35 15 17 26 23 11 18 17 13 19 34 27 48 71 80 49 31 38 25 20 30 17 13 25 53 43 23 37 42 36 32 23 75 49 43 57 46 57 23 46 69 53 28 4 17 19 12 11 6 16 46 41 19 20 41 23 32 38 48 71 64 84 55 63 44 30 39 78 53 55 44 76 54 36 26 31
1 0 0 1 2 6 3 1 2 5 11 2 4 4 3 3 19 12 15 18 20 13 22 15 34 27 20 16 22 26 30 63 57 46 63 54 48 45 21 17 8 6 10 23 53 33 13 15 25 38 36 25 34 80 71 73 21 36 18 60 48 50 14 18 5 12 8 5 15 29 28 34 39 30 38 55 24 21 62 66 43 68 53 49 30 37 27 39 40 56 30 41 73 69 28 19
1 1 1 3 5 2 5 5 8 1 3 2 10 6 4 6 18 4 28 13 19 14 19 21 37 13 10 17 30 45 61 61 82 68 45 43 37 54 49 27 13 5 3 7 27 10 9 17 29 23 37 22 38 46 79 63 36 26 35 57 29 30 16 6 11 14 17 7 25 37 38 44 28 18 45 60 42 20 19 51 38 24 49 62 37 40 27 31 67 52 46 34 63 81 55 31
1 1 3 3 3 7 5 13 13 10 2 5 11 18 15 12 14 31 35 19 56 32 12 23 20 21 11 14 21 74 72 63 62 54 42 31 30 41 40 24 11 5 5 11 14 7 7 27 17 22 47 22 34 51 32 44 33 34 45 41 19 18 36 25 12 9 26 23 30 58 70 69 19 30 46 56 41 22 21 58 37 9 33 60 33 41 34 27 48 32 23 31 47 59 59 54
1 1 1 3 5 4 5 4 6 10 11 6 2 3 7 21 31 14 40 31 61 60 19 15 11 16 10 21 36 54 75 52 48 39 37 39 40 14 19 33 10 4 4 14 12 6 11 14 19 32 49 37 38 59 40 34 42 39 51 20 17 20 30 26 14 10 9 23 39 25 42 44 31 27 32 54 31 26 11 20 36 8 43 69 33 36 43 26 17 35 27 13 17 33 54 66
1 1 0 1 1 1 1 1 5 7 13 8 9 9 11 6 27 13 54 23 14 13 43 28 23 13 19 52 55 44 48 47 34 15 14 12 10 7 6 8 9 2 1 1 4 3 6 9 32 49 58 50 37 38 23 39 49 43 40 37 15 13 33 35 25 22 11 11 13 9 4 4 17 31 33 43 31 42 26 16 7 11 21 57 58 27 32 33 19 15 28 14 23 43 72 48
0 0 0 1 1 0 0 1 2 3 7 6 10 11 12 9 6 7 43 25 15 39 50 26 30 25 27 24 46 49 26 16 13 16 20 14 11 9 4 1 7 1 4 2 1 1 5 14 20 45 42 38 30 36 22 48 53 47 49 50 10 25 33 36 25 16 7 9 5 3 4 19 48 45 36 44 47 40 22 21 31 10 26 53 60 26 12 14 16 12 8 6 16 31 41 36
12 0 1 1 1 3 2 1 1 1 1 1 1 2 3 6 10 16 6 3 10 14 8 44 33 41 21 23 19 14 16 34 37 34 21 25 38 32 13 2 2 2 1 2 1 1 1 6 14 16 23 19 17 16 28 19 35 35 51 46 9 23 8 35 50 29 11 11 12 2 8 29 44 51 28 19 31 39 47 39 26 22 22 37 62 80 46 31 13 9 8 5 14 49 37 27
0 1 2 2 2 2 6 3 1 2 4 4 2 1 3 10 11 15 9 14 14 5 8 16 52 38 40 47 68 49 35 20 23 33 31 45 55 48 22 2 5 4 2 2 6 7 6 1 4 9 5 5 4 5 9 23 33 44 48 49 14 33 23 29 42 13 9 10 6 6 9 37 31 44 17 14 25 24 39 33 29 23 25 24 57 77 75 24 13 10 7 5 11 32 42 37
0 2 3 18 15 3 2 3 1 1 2 1 2 2 2 4 11 9 15 17 8 7 10 11 31 40 14 28 26 19 34 31 40 27 58 74 50 52 25 12 18 19 12 12 19 19 17 7 2 1 1 1 1 0 2 23 57 77 53 23 38 30 25 17 29 23 11 18 6 6 41 39 48 38 16 24 48 31 28 36 18 13 9 5 36 45 41 43 23 10 8 4 6 14 21 8
2 3 5 2 1 8 1 1 1 1 1 1 0 0 1 1 3 6 7 4 8 10 10 10 45 63 35 32 23 40 48 52 35 56 62 61 26 24 24 39 28 35 40 49 39 20 25 18 6 4 2 2 3 1 1 3 48 64 36 26 24 32 18 14 22 8 10 11 3 28 60 55 45 48 19 19 47 42 34 64 36 19 9 4 9 25 29 28 31 13 8 6 3 7 34 5
6 4 1 1 0 3 12 1 1 1 4 4 3 2 2 9 2 3 4 5 11 14 19 9 33 35 28 40 45 43 44 67 59 51 50 27 43 43 32 42 62 61 46 23 22 10 16 19 8 6 4 1 2 1 3 2 8 16 26 34 23 13 12 30 28 5 10 32 61 44 58 73 37 67 31 13 35 52 36 58 44 37 20 6 5 21 38 24 38 16 11 5 2 3 20 14
5 2 1 2 1 4 4 7 2 5 6 4 4 2 2 2 1 5 6 6 5 8 6 4 19 33 29 14 15 36 26 25 40 50 61 38 34 46 30 64 31 27 38 22 11 8 8 11 9 4 6 5 2 3 4 3 5 14 29 27 8 8 43 37 23 6 19 31 43 57 42 47 24 30 50 34 19 16 16 56 19 14 26 14 8 3 21 10 35 10 12 5 2 2 4 10
7 1 1 2 7 5 8 13 12 13 20 9 6 3 5 2 3 3 2 14 8 9 10 9 34 21 39 33 18 26 26 38 41 61 66 54 71 41 56 24 34 16 9 7 11 11 24 12 12 3 4 3 3 4 6 4 4 8 23 26 30 8 13 19 11 16 36 10 30 49 50 33 34 15 39 46 25 12 13 62 71 25 9 29 14 2 2 4 28 16 13 9 3 2 3 10
4 2 1 2 11 6 2 6 5 4 2 5 11 5 2 2 2 3 3 9 26 17 21 14 33 12 21 42 24 15 45 60 63 28 15 73 66 34 33 30 34 38 14 6 4 10 6 2 3 2 6 3 3 3 3 4 2 3 11 8 8 10 7 8 10 27 40 5 25 16 36 43 30 8 7 28 25 32 13 33 66 33 29 7 13 4 1 3 22 29 3 12 4 2 2 6
8 2 0 2 12 10 5 10 24 7 17 8 8 36 24 12 10 9 7 33 21 31 26 17 32 27 17 45 48 29 24 22 10 8 10 25 37 45 21 38 31 38 25 17 9 2 1 1 0 0 1 1 1 1 2 1 1 1 2 5 11 10 8 12 31 30 21 9 17 15 16 27 21 18 11 38 36 21 16 6 31 33 14 25 6 3 2 2 2 10 2 5 4 1 1 2
10 7 1 3 15 12 8 4 31 14 5 15 23 27 31 32 51 14 18 15 35 39 59 35 24 27 48 36 62 40 21 13 28 27 17 3 10 34 35 14 26 39 43 38 16 8 5 3 2 2 1 0 0 0 0 0 0 0 3 7 18 11 16 20 11 30 15 19 20 17 10 15 26 30 6 24 33 16 15 9 15 29 9 3 12 5 2 1 1 2 3 3 4 1 1 1
28 17 7 9 22 7 15 4 12 20 17 17 32 41 50 30 50 55 21 20 52 77 78 83 75 67 67 48 67 52 69 67 73 46 22 20 22 16 12 23 44 29 34 34 34 25 18 9 7 5 2 2 2 1 1 1 1 1 6 13 14 12 10 12 11 24 23 32 10 22 7 6 21 13 5 15 14 6 7 6 5 9 24 3 3 2 2 1 1 1 1 2 1 1 0 0
21 14 25 26 25 6 11 8 24 35 28 19 20 57 68 53 53 79 63 75 79 79 85 84 74 80 76 70 76 82 52 26 43 51 45 24 31 25 10 7 31 35 39 51 35 29 24 16 13 9 7 6 5 4 2 4 2 3 7 6 11 7 4 6 5 28 15 26 18 18 4 6 8 10 5 10 9 13 3 4 5 2 5 3 1 3 1 1 0 1 1 1 1 0 0 0
13 26 22 19 29 28 32 23 29 45 43 59 52 60 72 86 81 70 78 43 50 58 68 80 75 71 79 77 79 80 24 15 14 14 29 34 44 25 31 22 20 45 45 35 29 27 18 42 28 16 10 10 8 7 6 6 6 2 3 5 5 4 5 10 21 33 26 11 15 6 7 3 6 6 5 3 3 5 6 3 4 2 3 3 1 3 1 1 0 0 1 1 0 1 0 0
17 38 25 18 35 29 31 30 40 60 73 81 87 88 91 89 81 78 84 69 40 21 52 67 48 42 33 57 61 55 40 9 9 6 8 13 25 20 23 28 11 21 22 21 12 10 5 11 14 14 22 21 11 11 9 15 8 2 2 3 2 5 13 18 24 15 8 7 5 11 8 10 4 3 3 2 2 2 5 2 2 1 1 1 1 1 1 1 0 0 0 0 0 0 0 0
19 38 19 24 54 49 44 61 74 84 88 87 84 87 84 89 78 78 90 46 73 35 20 39 25 15 17 19 22 24 42 29 22 5 7 4 12 9 8 22 18 13 26 8 11 8 4 7 8 4 4 4 3 6 6 2 10 5 3 3 4 6 14 18 15 10 4 10 15 7 8 4 3 2 2 1 1 1 2 2 2 1 0 1 0 0 0 0 0 0 0 0 0 0 0 0
13 48 43 42 55 70 78 84 78 88 83 89 73 87 79 84 63 68 85 74 35 42 21 10 10 7 3 3 10 12 17 53 28 9 10 7 19 38 32 20 21 11 10 4 3 5 5 2 1 2 2 6 13 13 5 5 14 7 11 3 5 7 12 8 13 5 2 5 11 8 5 3 1 2 1 1 0 0 0 0 1 0 0 0 0 0 0 0 0 0 0 0 0 0 0 0
35 55 70 70 84 89 86 87 82 83 77 89 76 75 56 73 58 69 73 76 24 44 42 17 11 3 2 1 3 5 5 12 18 10 10 12 7 13 13 14 9 8 9 13 12 6 6 2 4 4 14 32 29 17 28 4 14 13 3 1 1 4 3 9 5 5 2 1 2 2 2 2 1 0 0 0 0 0 1 1 1 1 0 1 1 1 1 1 1 1 0 0 1 1 0 1
63 76 80 85 84 82 87 80 80 70 85 65 40 53 47 48 54 57 59 67 30 17 23 13 12 7 3 4 10 10 12 23 18 7 21 17 23 21 32 20 32 19 27 25 26 20 12 10 8 10 18 43 54 49 42 16 19 14 6 8 3 1 1 1 1 1 2 1 1 1 1 1 1 1 2 2 4 2 3 1 2 2 1 2 2 5 2 1 1 1 1 1 1 1 1 2
79 83 84 74 83 82 86 72 69 50 60 14 26 19 24 35 36 25 29 50 29 10 5 4 7 11 11 8 14 5 35 43 42 30 41 43 37 31 34 34 33 34 32 29 41 26 27 14 6 28 31 35 55 40 28 24 43 23 17 26 15 8 7 7 6 5 10 5 3 3 3 4 6 6 6 3 6 5 5 5 5 4 3 3 8 4 3 2 2 1 2 1 2 1 4 4
25 36 55 47 68 65 75 71 36 7 4 5 10 6 6 6 7 12 27 42 25 7 8 16 8 9 33 24 37 29 38 44 45 42 43 64 51 29 51 45 42 53 48 45 33 29 34 22 17 23 39 39 55 68 51 48 35 26 34 33 22 23 22 22 19 14 20 13 9 4 8 9 8 8 14 9 8 14 7 10 11 6 7 7 15 5 4 3 3 3 2 2 4 5 5 9
32 20 12 11 7 8 24 27 25 8 5 6 10 9 4 2 1 3 11 18 10 6 32 10 23 35 49 42 57 42 41 38 57 49 36 54 52 33 48 53 44 59 40 35 36 38 53 35 21 25 46 47 28 77 58 67 37 40 47 34 44 29 24 25 23 12 26 15 7 10 12 12 18 11 17 11 11 19 16 15 9 8 14 11 10 6 4 4 4 4 4 4 14 8 6 7
53 65 51 23 21 14 4 9 12 5 9 10 7 4 2 2 1 6 5 9 17 36 45 24 48 43 53 51 42 19 7 20 46 45 39 50 37 42 52 60 62 40 45 39 38 57 45 29 41 35 53 63 45 77 75 42 69 60 53 35 43 34 47 40 25 25 19 17 14 8 15 23 23 15 23 23 16 26 14 20 14 21 21 29 14 7 3 9 6 7 10 12 16 5 15 8
62 46 41 27 14 11 10 11 20 21 21 19 11 3 3 8 9 11 15 26 57 60 59 36 48 38 39 50 50 43 28 21 45 40 50 40 35 44 42 56 27 21 49 53 43 76 48 49 56 31 66 43 77 79 53 63 76 62 39 53 38 50 44 32 18 30 25 21 10 20 36 40 35 20 29 31 33 34 19 15 19 30 26 19 11 5 4 14 10 5 18 21 19 6 4 25
38 50 52 38 37 21 34 30 40 42 41 46 27 18 14 22 13 19 36 45 59 46 26 46 60 43 25 37 52 50 40 25 37 47 29 58 41 68 52 39 42 29 55 39 33 78 60 59 46 36 51 77 75 62 58 52 66 74 45 58 56 62 49 24 48 40 41 24 10 28 39 66 47 31 38 42 45 29 24 15 29 56 43 30 21 7 18 35 19 7 15 40 38 12 6 25
65 68 39 40 25 36 51 43 41 59 52 50 42 36 36 31 31 41 46 50 61 49 48 59 48 34 36 52 41 51 29 43 28 23 53 61 62 49 52 37 39 23 57 21 18 57 63 63 41 47 60 48 77 27 22 18 42 65 38 66 74 59 50 68 51 47 26 11 15 48 54 78 62 42 48 60 71 40 39 19 40 67 39 24 16 13 30 50 28 13 9 56 67 34 16 26
43 54 36 53 38 49 55 57 56 53 66 57 46 44 62 29 34 51 49 50 62 61 40 62 47 48 53 47 44 60 31 51 33 31 34 63 32 45 33 51 40 40 46 29 49 46 76 61 31 46 64 62 61 41 34 24 32 44 33 76 79 68 67 69 28 44 15 13 21 55 70 75 72 54 62 70 81 38 48 22 52 79 51 21 16 22 44 62 40 22 15 51 66 47 14 33
39 49 65 47 33 43 59 47 43 48 70 55 46 59 44 40 28 51 61 43 42 53 60 60 46 45 38 34 32 79 39 58 36 39 46 66 56 44 31 42 31 48 40 32 48 45 60 36 41 31 46 81 67 53 37 39 65 36 42 71 64 67 84 48 55 44 26 28 44 44 75 76 77 49 57 75 63 39 63 32 42 72 58 45 27 29 56 72 49 31 22 40 64 39 28 41
29 30 48 28 23 21 48 42 31 42 43 44 39 51 44 39 43 41 53 48 40 26 39 57 55 48 55 34 28 41 57 73 38 32 50 71 45 26 29 44 32 49 37 34 42 50 44 37 34 35 36 68 30 37 46 42 61 31 54 61 53 71 41 54 75 39 33 33 58 46 67 85 65 39 62 78 67 46 70 41 50 73 49 48 46 34 33 72 72 41 26 46 67 47 34 48
10 27 15 17 21 22 40 46 24 46 42 50 50 38 35 48 38 36 41 49 30 24 23 53 56 44 57 24 30 54 51 62 25 34 53 44 35 44 34 51 58 27 35 55 52 37 26 65 35 29 27 47 20 32 38 62 60 70 60 36 32 24 45 76 40 48 58 33 45 56 52 76 40 38 60 76 51 50 65 33 64 68 50 53 54 56 26 33 77 43 37 43 69 64 54 45
8 10 12 14 27 10 19 18 26 36 31 47 38 33 36 37 33 27 26 35 39 21 48 41 54 49 45 41 11 32 60 68 12 26 36 65 30 16 26 31 58 35 33 23 27 39 40 12 33 41 38 52 49 30 48 51 77 66 49 71 56 34 62 43 60 67 37 39 45 64 41 70 33 39 51 73 44 65 66 34 51 53 42 68 69 64 40 33 76 60 38 53 60 46 55 44
3 5 11 14 21 7 22 20 25 32 35 54 34 21 24 33 37 45 27 12 15 13 56 11 32 49 43 33 14 31 32 36 7 10 50 15 11 9 42 14 49 29 38 27 33 33 28 65 75 86 79 65 67 60 47 63 69 53 54 59 48 51 59 32 66 39 45 46 53 73 40 59 42 59 31 51 40 63 48 40 61 42 42 58 73 42 54 35 50 47 55 44 72 76 77 65
4 3 12 4 7 27 5 9 18 25 37 38 21 33 12 37 11 34 26 12 8 21 31 21 30 41 39 46 11 11 9 24 29 31 16 14 25 26 37 30 33 33 41 61 39 75 53 83 62 72 54 54 58 79 81 72 68 34 38 70 49 50 24 35 64 47 48 52 61 72 75 65 66 58 44 75 41 73 39 39 76 36 71 63 70 48 62 48 42 67 64 72 70 77 79 88
1 3 1 2 3 9 25 7 16 11 8 13 7 19 13 23 16 29 25 28 18 26 26 40 13 17 28 21 32 36 12 7 17 18 59 65 53 49 73 86 71 72 67 87 66 52 82 83 45 70 58 48 58 78 76 62 70 73 61 82 65 73 71 57 54 60 67 59 51 50 67 73 61 81 86 82 81 90 85 67 70 75 77 75 42 86 86 73 68 39 55 48 59 78 61 63
1 2 3 6 17 40 11 7 3 1 2 4 7 22 20 21 17 33 17 18 23 24 24 43 29 19 11 10 12 10 9 15 18 5 12 56 70 25 34 76 76 76 59 81 89 52 55 65 71 66 75 30 40 77 81 49 85 81 92 88 55 71 61 70 62 75 61 76 81 26 38 74 74 44 72 81 61 80 63 87 54 70 81 72 51 83 77 62 87 79 66 37 50 66 47 36
1 1 3 1 1 3 1 2 1 5 7 7 24 17 10 19 9 25 11 13 22 16 27 32 26 18 7 9 23 29 18 3 10 9 7 19 29 15 17 56 66 39 72 87 77 35 51 40 54 56 70 35 40 65 63 75 68 64 79 85 58 24 40 74 76 80 74 68 64 73 28 64 83 44 69 83 36 29 36 85 79 55 50 56 70 72 73 77 88 76 49 70 32 27 61 65
1 2 1 1 2 5 5 2 1 4 6 12 8 13 8 15 13 15 10 10 9 17 24 13 20 22 3 5 9 17 13 7 16 6 8 7 13 49 27 63 38 58 48 51 85 65 41 27 47 45 58 61 34 71 72 89 53 78 91 90 77 22 55 65 68 83 74 80 54 80 46 37 72 45 67 84 54 41 31 75 68 72 20 19 33 67 78 69 78 65 27 77 47 31 44 57
1 2 0 1 1 1 4 4 3 3 7 15 10 5 13 23 12 13 6 8 16 16 8 10 12 9 2 4 6 16 15 11 9 8 11 16 13 19 52 83 51 65 46 67 71 76 44 40 61 50 83 84 53 68 86 91 63 87 91 84 79 45 77 82 66 58 48 40 59 85 51 31 54 31 69 73 87 47 51 83 61 73 66 28 25 42 62 56 57 38 62 89 46 26 15 14
1 1 1 1 5 1 1 7 1 2 8 6 6 6 10 18 21 11 8 13 5 8 5 5 9 15 6 8 21 27 35 24 19 26 35 36 25 32 64 62 63 30 28 70 77 54 33 29 43 54 75 70 72 52 78 90 69 75 83 79 84 75 77 87 48 52 62 37 62 76 73 47 17 34 80 77 81 71 44 84 45 61 76 47 24 19 50 42 44 19 73 89 66 42 37 12
12 0 0 1 1 1 1 2 2 4 9 8 2 4 7 12 12 4 5 6 9 5 4 3 6 11 13 34 59 15 20 16 47 42 37 35 16 34 47 49 75 41 57 36 85 43 47 39 23 43 67 68 51 29 32 67 67 77 84 82 90 77 78 78 78 56 60 46 50 58 82 59 30 26 65 74 82 80 56 67 60 55 64 78 40 21 13 15 14 28 68 51 80 44 35 16
1 2 3 2 1 0 2 1 0 1 5 5 1 1 10 6 3 5 4 7 11 7 5 10 2 5 4 7 32 16 13 47 32 31 58 40 23 13 6 29 31 22 8 8 38 35 69 60 23 16 38 19 32 17 14 24 23 60 64 65 71 72 64 63 87 53 53 43 13 68 94 45 29 25 65 56 53 64 36 46 49 18 62 80 61 33 8 8 10 19 11 34 85 43 23 22
0 1 5 8 15 1 1 1 1 1 3 0 1 1 5 2 2 4 4 3 11 7 6 9 24 50 17 11 15 17 25 26 52 54 43 36 31 37 18 10 15 38 19 9 17 24 33 43 40 16 18 15 30 18 21 38 28 17 27 45 46 21 29 63 91 73 39 39 46 72 88 53 23 14 27 38 57 41 51 55 46 12 39 63 77 24 12 6 23 28 17 35 90 58 48 44
1 3 1 10 9 16 5 2 9 2 7 1 1 1 1 1 2 2 2 8 2 25 9 10 37 50 38 10 11 33 33 23 41 50 25 13 41 39 16 16 18 49 31 18 27 23 24 18 17 9 15 40 47 44 37 36 25 19 16 11 4 2 12 72 77 75 49 22 27 63 76 72 60 24 14 33 47 32 33 20 40 25 17 63 72 50 15 8 24 19 40 79 81 84 58 45
4 11 17 5 7 14 27 1 2 2 3 21 4 2 3 1 1 3 1 1 1 3 3 6 25 41 23 45 42 53 28 20 45 28 40 40 30 46 23 33 27 40 44 26 14 40 24 27 17 7 12 45 56 64 58 51 39 32 29 23 28 25 25 45 46 58 47 15 7 31 34 72 74 31 13 33 44 27 14 25 48 21 14 12 64 73 16 6 25 34 34 60 38 79 39 17
0 1 2 11 13 12 6 1 4 5 25 26 22 9 12 13 1 3 2 1 2 1 7 5 12 14 28 44 45 33 23 27 18 10 45 45 18 20 30 48 36 45 37 28 10 18 49 38 24 13 12 26 62 66 65 63 50 48 43 42 66 69 72 60 45 45 36 21 7 4 25 39 79 52 44 12 25 29 14 3 9 15 16 29 50 72 29 9 5 16 20 18 67 74 87 41
0 1 2 11 32 29 62 9 21 7 11 5 22 22 18 9 8 1 1 1 2 5 3 6 17 10 20 26 22 16 11 34 49 35 51 35 29 39 54 29 49 46 27 32 39 39 49 49 34 22 10 14 28 53 52 63 64 58 37 29 22 35 40 45 56 52 56 45 24 2 7 37 44 49 42 32 18 7 9 8 25 17 7 12 12 51 46 9 3 8 12 16 15 52 53 58
25 12 5 5 3 33 14 5 6 38 12 13 5 8 5 4 9 2 1 1 1 2 5 17 29 7 19 29 25 32 32 65 43 26 30 39 26 28 20 9 16 45 61 41 57 47 39 35 34 33 26 10 6 8 33 34 29 48 52 41 37 32 19 21 25 44 51 50 48 37 23 45 36 55 25 22 17 9 14 8 7 8 4 17 12 42 57 7 3 11 18 11 13 17 53 65
22 29 23 7 4 26 52 35 8 12 12 8 2 6 4 3 4 9 1 4 4 7 6 19 14 16 7 10 11 10 6 12 13 32 26 27 30 32 36 33 20 8 17 58 60 69 58 43 37 17 23 21 12 5 9 14 12 9 19 24 25 35 37 25 11 13 35 43 45 30 35 57 32 60 38 22 19 20 9 4 5 10 4 8 14 8 41 13 2 6 14 17 6 5 47 61
8 9 65 36 12 29 13 46 39 27 31 6 2 13 7 16 13 12 5 6 3 8 14 11 11 12 16 46 29 17 24 39 27 32 35 53 52 53 49 52 52 40 20 12 10 46 53 48 31 19 13 19 11 4 2 2 2 2 2 2 4 11 9 15 16 6 7 13 12 13 30 29 29 27 26 27 33 23 11 13 11 8 3 4 18 25 13 21 4 1 8 13 7 28 70 18
8 9 28 15 14 12 3 1 57 76 75 65 9 21 12 5 4 25 6 9 6 6 10 9 28 10 28 39 24 30 46 49 29 37 45 53 49 55 51 51 53 44 57 46 39 19 10 6 22 24 28 7 5 3 5 9 9 8 7 6 5 2 1 2 2 1 1 1 1 5 10 17 15 11 8 6 6 17 15 11 7 3 10 8 8 14 12 22 11 2 2 9 31 62 28 57
15 12 19 59 36 13 14 8 7 75 15 16 22 13 17 16 15 2 7 13 1 2 2 12 17 13 14 14 13 17 15 16 33 40 39 43 60 67 50 60 64 65 59 56 55 39 31 26 14 7 5 3 4 12 16 24 23 21 18 22 6 2 1 6 6 9 3 4 1 1 2 7 5 3 3 3 4 6 10 18 12 3 2 2 3 4 8 14 21 3 2 8 61 26 27 35
20 15 21 33 26 34 48 10 3 4 2 3 5 9 13 52 8 16 14 18 5 2 4 7 5 6 18 17 27 19 16 20 27 36 51 53 52 53 48 67 62 48 42 41 45 31 27 36 25 20 21 20 20 35 33 31 43 42 38 26 8 6 7 14 13 8 10 3 1 1 1 0 0 0 1 0 1 1 1 1 3 1 1 1 1 1 4 9 7 4 2 29 24 10 41 30
39 23 12 5 32 33 72 51 39 36 23 12 5 6 37 20 61 48 24 16 35 17 14 4 2 4 12 12 8 12 11 33 47 25 9 26 57 57 36 31 44 51 38 29 37 28 36 38 40 35 39 25 26 43 54 55 51 52 54 37 16 15 23 22 26 25 24 14 4 4 1 0 0 1 1 2 6 3 2 1 1 1 0 0 0 1 1 3 9 8 2 33 4 3 23 36
36 32 25 36 28 41 30 22 23 61 24 41 9 17 34 57 74 57 28 25 39 10 12 19 12 8 12 4 8 10 35 9 11 14 25 31 54 70 62 60 59 47 55 45 49 40 44 45 47 29 55 49 46 41 57 61 75 72 63 40 16 36 33 46 42 56 39 25 14 5 3 3 4 5 6 11 15 9 5 4 7 7 3 1 1 1 0 1 2 9 5 20 3 3 23 48
38 36 11 9 33 28 65 56 37 36 49 62 41 20 42 80 74 51 26 50 12 33 8 14 8 5 1 18 4 14 11 4 5 34 24 33 40 56 62 60 60 43 43 47 46 49 51 64 53 39 47 65 49 51 67 75 80 67 47 33 33 46 56 58 55 69 52 32 21 7 12 12 14 18 18 19 28 16 14 14 13 10 5 7 6 2 2 0 1 3 3 3 3 2 6 15
34 43 32 11 45 52 63 56 79 59 45 24 14 53 70 64 56 39 35 76 16 54 12 17 13 10 10 20 24 5 7 10 12 31 35 44 51 69 50 64 66 51 27 48 47 45 56 71 64 38 40 68 64 54 67 81 76 60 42 32 33 65 63 64 77 69 48 35 14 11 19 19 20 33 31 43 44 40 23 24 33 21 18 22 12 8 3 1 0 2 1 4 2 1 3 5
34 11 32 15 7 52 40 30 46 67 60 49 11 39 72 56 13 22 59 74 17 72 19 14 45 37 8 26 26 37 12 4 13 13 37 28 20 25 37 32 57 40 50 48 50 35 65 48 71 41 72 63 62 51 76 85 65 59 39 52 53 65 61 74 79 68 53 47 19 31 46 44 24 45 59 55 57 43 34 41 51 39 28 32 8 4 1 1 0 0 0 1 1 0 1 1
28 28 19 30 10 20 61 71 71 53 29 32 14 28 52 64 31 52 85 62 29 70 27 20 17 33 18 40 37 12 33 45 15 15 19 28 10 23 18 39 46 39 41 60 46 47 52 59 39 41 85 41 63 53 84 62 58 62 39 50 49 62 73 81 65 69 52 38 28 45 57 56 32 58 55 69 70 55 45 50 68 48 43 16 5 5 3 4 3 1 0 0 1 1 0 0
44 24 31 24 30 28 38 56 48 58 61 35 61 22 11 7 50 89 81 55 55 51 44 51 53 28 14 35 38 37 35 11 12 7 15 5 9 17 20 53 27 45 52 52 31 42 45 53 62 65 39 33 64 78 54 65 50 39 44 43 42 60 83 70 69 52 35 37 52 66 64 64 53 63 47 51 65 42 53 58 71 32 15 11 12 13 18 8 4 1 1 0 0 0 0 0
40 36 29 27 58 37 59 78 46 45 43 55 67 67 12 5 21 30 26 14 33 65 56 32 23 33 26 30 25 22 9 2 9 16 2 8 15 17 31 28 26 22 53 19 23 22 30 59 21 21 31 40 52 68 53 44 25 34 57 56 44 79 73 72 63 64 45 41 54 70 67 54 56 65 52 26 75 59 61 75 40 34 24 24 44 41 19 7 5 3 1 1 0 0 0 0
