sesion_6_simulaciones/modelos_agentes/ejemplos_netlogo/scenarios/cgcm2_b2/rob_2079.asc
NCOLS 322 
NROWS 307 
XLLCORNER 451900 
YLLCORNER 4086900 
CELLSIZE 100 
NODATA_value -9999 
[rows 146 to 218 of 307, columns 0 to 95 of 322]
1 0 1 2 2 1 12 3 4 1 15 24 6 19 10 14 23 13 8 2 1 1 1 1 3 2 1 1 1 1 1 1 1 1 4 5 2 4 10 18 14 19 26 30 2 22 21 23 23 14 14 28 34 19 8 8 14 30 24 22 15 44 33 24 12 26 27 32 58 54 46 73 56 70 62 74 78 70 77 66 42 66 75 60 40 42 62 34 65 74 59 62 59 59 56 71
5 8 14 5 17 2 1 1 7 5 19 25 19 57 27 27 48 26 7 8 3 3 1 1 1 0 1 1 1 1 1 0 2 3 1 1 4 4 5 4 5 13 20 41 25 14 25 15 22 19 17 13 11 43 59 28 26 22 20 23 34 32 39 20 27 36 52 31 50 62 45 59 66 63 78 52 65 59 75 65 24 35 46 55 33 8 12 23 64 58 59 68 31 37 27 61
0 10 6 7 13 19 18 11 3 2 3 50 38 42 38 42 59 40 28 43 17 23 6 3 0 1 0 1 0 0 1 0 1 1 1 2 1 2 2 2 11 12 11 9 17 8 20 19 11 22 12 15 27 10 19 32 29 15 9 29 40 43 35 25 38 52 56 34 41 71 66 60 36 46 67 77 25 21 20 36 33 27 12 18 50 37 11 7 30 22 18 22 39 32 19 38
4 11 10 16 22 27 19 34 30 7 10 26 38 56 61 66 74 40 46 45 43 32 6 14 2 0 0 0 0 1 4 3 0 1 0 1 1 2 2 3 6 4 2 7 15 55 25 20 9 10 7 20 23 21 6 6 7 4 29 23 21 57 37 26 38 61 57 57 58 68 40 20 15 51 38 31 61 14 15 41 37 20 27 18 9 39 17 10 7 14 6 26 15 37 23 8
2 1 4 24 15 38 33 7 18 31 13 19 72 73 73 44 77 62 61 68 45 13 9 5 6 3 0 2 1 1 1 5 1 3 5 4 1 4 5 5 3 3 6 29 44 27 17 12 9 9 9 12 13 13 26 19 25 26 28 29 44 56 30 28 59 59 68 73 51 13 56 34 32 45 65 26 30 9 3 10 23 23 16 27 12 13 32 19 8 11 6 4 9 11 17 6
1 1 3 2 3 3 3 5 7 6 19 8 25 61 61 52 78 74 68 16 6 6 16 11 24 13 4 1 1 0 1 2 20 15 14 22 32 4 2 4 12 18 41 35 10 12 5 12 7 6 15 13 15 13 16 14 32 34 36 39 60 52 48 34 58 75 62 48 77 40 19 56 59 30 34 12 24 42 19 8 11 18 20 11 15 8 12 31 22 11 9 5 3 10 14 11
9 2 2 1 3 2 4 8 9 13 7 25 13 7 5 6 8 7 13 17 10 33 35 25 47 10 29 7 6 6 4 4 16 1 0 0 3 29 2 2 12 7 14 20 18 29 30 39 16 8 15 16 21 18 6 18 23 56 33 55 57 62 72 88 85 71 65 40 42 85 41 35 33 39 22 6 11 11 36 23 11 13 23 18 10 14 9 10 25 8 7 6 2 2 5 5
12 10 7 4 5 3 3 11 1 5 18 14 14 20 13 13 9 22 32 45 70 47 72 38 32 15 13 11 7 25 13 1 1 2 2 0 2 2 12 3 1 43 7 10 16 10 5 10 25 14 24 31 29 21 8 14 22 43 68 55 78 66 78 78 77 78 69 24 37 69 74 54 36 22 30 18 13 10 19 13 20 12 11 17 12 9 7 8 33 18 4 3 4 1 6 6
37 15 32 18 14 14 19 3 5 4 7 10 13 35 37 13 5 19 49 53 68 82 60 75 48 32 41 36 15 18 49 26 9 1 3 3 7 6 5 14 2 28 10 9 22 3 7 10 7 27 34 46 55 42 42 22 29 45 66 65 47 39 75 78 75 67 67 50 35 51 79 27 34 20 14 10 18 6 19 33 12 17 16 7 7 5 7 5 9 7 13 3 2 1 1 2
52 37 48 24 35 23 19 26 4 3 9 5 35 24 10 27 20 15 13 52 67 58 51 62 42 33 43 35 19 5 18 61 52 30 20 6 8 10 10 15 6 24 53 18 22 13 6 6 7 13 12 16 33 10 14 43 31 57 42 24 22 25 30 55 53 21 32 19 49 61 56 51 27 21 23 8 10 12 12 24 19 10 13 10 5 6 5 4 4 4 5 8 3 2 1 1
25 45 36 58 65 39 16 54 11 4 8 9 9 11 27 32 19 33 22 13 18 50 58 18 30 54 24 54 28 5 5 7 34 60 43 21 13 11 9 14 14 30 56 13 19 19 15 22 25 28 27 33 23 23 28 24 40 69 53 49 52 49 24 15 8 26 23 26 19 34 35 53 56 26 13 7 10 12 14 19 20 27 6 8 5 3 3 1 3 4 4 1 6 2 1 1
58 75 56 76 59 19 46 70 19 18 19 7 28 53 43 22 42 29 28 16 18 19 14 49 32 11 19 48 58 19 15 10 7 54 51 43 45 37 32 40 35 20 58 57 21 14 23 28 27 29 40 58 27 42 49 26 20 42 53 40 37 26 14 23 24 7 3 16 36 38 40 50 24 25 12 10 14 12 18 13 15 10 13 5 4 3 1 1 1 1 2 2 2 3 1 0
39 78 32 78 34 61 63 67 12 29 32 15 12 10 26 29 33 62 56 66 23 15 20 20 21 19 29 70 26 70 24 36 28 51 20 42 41 72 40 32 40 21 45 59 64 22 18 16 37 26 28 23 19 40 46 23 39 72 70 73 35 46 52 41 37 16 14 21 26 27 26 33 25 14 21 5 10 18 14 16 8 6 8 6 2 1 1 0 0 1 1 2 2 1 2 1
11 68 49 64 62 69 65 20 31 52 44 27 23 15 15 10 14 26 28 63 38 11 18 22 60 58 52 60 23 67 67 21 23 31 58 66 53 75 85 45 40 13 23 56 62 49 41 24 38 12 10 16 47 45 33 29 38 29 24 26 21 37 56 48 47 32 30 29 20 22 23 21 14 19 5 8 8 12 6 4 5 4 3 4 5 4 2 3 2 1 1 1 1 1 1 1
13 12 9 50 65 64 22 26 64 35 53 66 45 33 17 23 29 29 37 19 30 49 43 15 49 51 59 66 67 33 82 76 34 14 34 77 73 58 50 63 65 16 27 62 75 78 35 28 32 29 22 18 68 33 81 82 81 66 82 70 49 27 34 33 33 28 30 29 25 13 15 20 16 18 8 12 5 6 5 6 3 3 3 5 2 2 2 2 1 1 1 1 1 1 0 0
12 52 32 24 15 40 32 71 74 46 44 57 26 43 12 30 23 24 36 25 30 33 34 15 60 68 61 82 75 57 73 84 76 44 36 10 29 56 40 21 29 19 12 80 80 75 58 59 45 61 83 88 76 47 42 75 67 37 40 60 57 37 47 36 32 23 20 33 23 10 11 11 13 13 8 9 7 7 4 3 2 2 1 2 2 1 1 1 1 1 1 1 0 0 0 0
34 39 29 49 38 18 51 81 70 75 12 44 62 58 72 34 52 23 19 19 21 10 38 62 82 59 83 88 73 72 49 63 79 51 49 25 56 73 81 82 64 45 29 40 80 66 53 86 54 57 80 78 84 53 33 80 86 57 42 31 69 68 27 54 34 30 19 20 17 12 14 10 10 7 6 6 5 4 3 1 1 1 1 1 1 1 1 1 0 0 0 0 0 0 0 0
27 27 56 31 27 10 43 66 49 78 28 40 70 56 72 50 27 42 32 46 50 54 17 52 67 73 82 84 60 82 66 81 71 74 71 75 68 76 81 72 16 57 64 30 13 48 55 76 58 51 72 69 71 75 40 50 74 90 63 46 55 34 35 32 37 44 39 28 18 8 16 8 5 4 3 2 3 2 1 1 1 1 1 1 1 0 0 0 0 0 0 0 1 1 1 1
22 16 9 24 36 35 14 78 27 27 29 45 53 12 41 55 32 37 31 63 62 35 35 19 53 84 76 83 64 86 71 73 66 58 69 72 83 76 76 82 76 54 21 19 8 11 56 67 49 22 33 67 74 78 75 81 83 80 86 46 31 38 33 39 35 32 39 15 11 16 7 5 4 3 1 1 1 1 1 2 2 1 1 0 1 1 2 2 3 1 2 3 2 3 3 2
10 22 40 31 18 14 15 35 42 39 61 55 64 63 29 51 38 55 19 16 35 70 44 27 13 32 35 69 68 40 16 19 15 32 31 30 72 53 57 69 71 59 47 18 6 12 55 57 45 35 27 23 48 78 77 70 57 57 79 74 34 22 30 31 33 29 13 18 10 4 4 4 4 2 2 1 1 1 1 0 1 2 2 3 4 7 8 7 4 2 4 8 7 11 9 3
19 14 15 13 25 19 23 19 20 20 38 67 66 72 19 17 27 60 61 39 32 27 48 16 30 39 31 31 19 27 43 32 44 40 61 35 30 27 24 26 20 37 27 13 13 17 42 47 57 34 34 31 7 43 39 50 51 62 41 56 48 25 48 44 34 18 16 9 8 6 5 4 1 1 2 2 1 0 1 1 9 9 7 12 15 18 14 23 14 14 33 31 15 25 10 6
11 13 19 43 35 38 33 27 32 31 44 10 15 21 32 41 27 18 62 64 55 30 32 11 30 58 55 46 32 36 54 61 33 62 33 27 28 35 37 34 23 14 21 20 33 33 55 52 57 46 30 15 18 17 23 50 22 16 13 40 21 27 25 16 21 11 7 9 7 3 2 1 2 1 2 2 3 0 7 9 18 19 21 27 29 46 43 26 24 28 10 4 5 4 6 17
17 24 39 23 22 29 30 20 37 58 17 22 44 42 24 45 9 14 18 26 35 24 20 19 35 30 47 40 63 24 54 43 37 43 30 28 37 60 29 58 36 19 14 12 14 23 34 48 40 41 25 40 37 25 32 30 28 22 26 32 48 39 20 6 9 9 7 3 3 1 1 11 10 5 5 8 3 5 14 35 52 41 42 64 54 46 43 28 37 33 11 3 1 1 3 11
36 57 54 62 27 24 27 23 39 48 27 30 44 42 37 21 26 23 41 40 26 31 37 22 34 30 27 48 26 32 45 42 45 36 26 29 24 49 24 58 41 31 25 9 5 4 20 22 66 63 37 30 62 33 17 38 44 54 47 34 35 19 10 7 7 5 2 2 5 5 12 21 26 8 13 15 8 17 40 50 66 80 43 69 47 40 31 32 24 19 11 8 2 1 1 2
11 10 7 9 14 14 40 37 53 29 35 18 32 50 19 9 17 21 25 22 12 10 9 21 30 25 22 28 36 41 38 38 22 30 22 10 34 25 41 57 34 36 51 25 26 12 8 22 24 51 34 44 35 17 19 31 31 26 18 10 9 6 3 1 2 1 5 14 24 16 30 39 40 24 37 22 13 29 56 57 83 63 45 37 21 3 4 16 6 8 4 2 2 1 0 3
15 26 19 35 27 36 23 36 35 31 12 16 26 34 40 36 41 18 17 16 20 6 10 28 56 45 28 25 37 22 18 36 67 35 22 13 33 19 57 21 49 30 39 35 21 11 17 19 12 27 36 29 13 21 18 16 39 14 8 6 3 11 12 16 7 12 19 35 37 36 36 51 34 32 40 33 25 42 61 72 70 52 27 18 13 5 5 5 7 3 2 2 1 1 0 1
12 13 13 28 48 13 16 20 20 28 24 17 41 28 59 39 29 47 38 28 55 25 31 25 48 56 29 52 19 26 36 25 56 55 31 22 25 36 38 17 22 22 33 38 15 26 17 11 12 17 18 25 21 20 20 16 8 4 3 17 16 28 28 27 20 22 37 45 61 60 44 59 58 56 41 52 56 61 64 63 54 64 34 18 8 8 5 2 11 4 1 1 0 1 1 1
15 9 17 29 15 16 14 29 39 28 36 45 40 28 23 24 63 60 35 38 40 31 46 23 32 49 59 39 20 21 15 19 21 19 32 42 12 16 45 39 34 40 30 20 31 22 22 21 12 17 20 22 35 24 13 10 12 16 23 42 35 35 49 36 29 44 48 51 65 50 56 66 77 45 50 58 65 71 79 56 23 17 17 19 13 7 4 2 2 2 1 0 0 0 0 1
11 18 24 18 8 44 34 26 51 63 70 63 57 65 35 18 23 44 37 47 12 32 57 27 34 28 46 60 36 53 34 28 23 24 42 55 22 34 42 51 44 11 12 22 16 21 11 10 18 24 24 40 28 19 24 14 23 25 47 44 40 40 52 41 35 47 56 41 69 63 51 77 62 49 57 76 65 68 29 79 53 49 19 10 12 7 4 4 1 1 0 0 0 0 0 0
10 12 17 14 8 9 17 27 26 36 49 68 50 50 62 20 33 30 21 20 23 52 57 35 20 25 14 34 23 28 22 23 35 33 49 42 23 40 50 49 36 19 8 7 15 15 19 33 19 19 37 25 19 38 22 21 32 49 50 58 50 49 51 39 41 67 69 55 72 69 69 69 83 81 58 63 69 68 27 22 43 53 31 20 7 4 4 4 1 1 1 0 0 0 0 0
10 10 34 10 24 8 14 13 25 33 13 16 14 15 24 37 35 32 60 26 39 56 35 45 13 43 20 46 19 15 24 29 30 27 35 30 31 29 42 45 34 16 6 13 16 17 23 25 25 25 27 40 29 24 22 37 49 48 46 50 48 38 57 52 55 72 68 68 67 85 76 70 65 75 29 27 18 49 55 29 14 32 16 9 5 4 4 1 1 1 1 0 0 0 0 0
10 29 23 54 6 51 42 5 25 18 34 19 46 26 36 29 36 25 25 28 17 40 20 29 22 17 21 24 12 28 31 25 26 29 30 21 26 19 28 43 29 25 25 32 40 18 29 19 38 47 43 57 42 26 40 44 47 57 38 46 64 50 63 66 58 71 56 76 39 57 83 81 78 64 75 58 40 17 12 23 16 9 18 14 10 7 5 7 2 1 1 0 0 0 0 0
47 25 10 22 43 21 11 25 25 30 17 33 19 18 47 24 26 5 24 32 28 11 21 25 17 11 16 6 11 7 10 20 21 47 14 16 16 25 25 11 17 30 12 19 16 27 12 27 41 55 49 47 41 40 38 58 48 57 54 47 55 63 56 60 66 73 52 51 78 39 77 79 59 73 78 82 64 59 54 35 27 17 6 3 7 10 4 4 2 1 0 0 0 0 0 0
30 69 28 38 8 16 12 22 16 16 38 12 18 41 48 55 58 20 20 43 22 15 6 12 25 8 10 9 9 5 7 21 23 24 10 14 14 14 39 26 16 29 14 51 25 25 29 22 47 54 38 37 37 38 36 42 63 56 51 70 68 78 61 54 64 28 45 42 44 53 39 69 47 59 73 77 78 86 69 53 49 55 48 26 6 4 5 4 2 1 1 0 0 0 0 0
11 20 13 14 28 31 16 13 16 21 29 15 35 16 12 14 11 18 19 27 41 12 20 13 15 8 7 3 6 9 11 18 12 12 14 9 13 28 36 26 16 13 29 52 14 39 29 32 40 60 30 34 37 35 36 42 58 65 52 64 78 50 43 73 73 65 49 31 21 8 18 19 32 33 58 69 63 67 72 49 68 51 38 12 7 8 5 3 3 1 1 0 0 0 0 0
9 13 26 19 18 25 21 12 4 19 3 5 13 16 49 23 40 15 16 17 27 13 9 14 11 9 13 6 4 5 11 7 8 17 3 4 8 32 18 16 10 20 20 35 30 25 30 34 44 39 24 39 31 31 45 33 58 71 74 60 64 73 30 14 13 20 27 47 39 29 15 12 5 16 28 53 40 64 76 36 48 67 35 18 12 5 4 3 2 1 1 1 0 0 0 0
6 32 18 9 10 13 10 7 4 4 5 8 8 23 23 16 23 22 22 22 13 25 7 19 9 10 16 3 4 8 3 6 14 8 11 16 19 35 6 5 12 24 22 32 27 20 23 26 32 22 42 53 43 50 50 46 60 57 57 38 42 60 28 27 51 66 71 56 55 41 33 42 14 5 10 34 27 53 68 52 34 29 25 16 9 8 5 4 3 2 1 1 1 0 0 0
5 12 12 12 12 10 8 4 2 1 2 6 12 5 9 16 14 20 8 4 3 3 7 4 3 14 8 4 7 5 3 3 9 5 2 5 11 13 11 12 16 17 31 36 14 17 26 22 34 36 56 75 56 76 70 83 69 59 66 39 28 11 64 51 20 53 71 56 60 61 60 40 19 15 6 6 8 20 49 26 18 8 5 11 3 5 2 2 2 2 1 1 1 0 0 0
12 2 4 9 2 5 2 1 1 0 1 1 1 3 11 5 3 5 9 4 3 2 2 3 1 3 3 3 6 3 1 1 1 3 4 3 10 8 5 10 18 36 63 76 57 57 45 40 38 23 74 41 80 72 58 66 41 47 64 73 26 23 22 77 34 32 48 68 53 46 67 68 70 37 23 7 3 2 2 2 3 3 2 6 6 2 1 1 1 2 1 1 1 0 0 0
0 1 3 1 2 1 1 0 0 1 5 0 1 1 2 5 4 3 4 3 2 2 3 3 1 1 2 3 2 1 0 0 1 7 25 25 32 46 58 62 61 76 49 79 65 72 70 18 48 65 33 31 61 58 64 67 44 70 74 57 51 36 16 51 73 29 11 33 61 74 61 56 30 28 34 24 9 3 5 1 3 3 2 1 4 4 1 1 1 0 1 0 0 0 0 0
0 1 1 1 1 0 2 13 22 3 6 5 13 1 1 3 2 1 1 1 1 1 1 1 1 1 5 5 6 1 0 1 2 1 3 23 38 56 52 56 54 73 54 56 74 75 73 36 27 32 80 56 26 53 22 35 34 69 83 66 55 45 30 30 82 40 38 19 39 56 77 23 11 21 22 34 22 17 11 6 3 2 1 1 1 3 2 1 0 0 0 0 0 0 0 0
1 2 2 3 3 9 16 6 9 11 12 5 6 4 2 1 1 1 1 1 0 1 6 4 11 11 3 2 5 1 0 7 4 2 4 6 11 51 58 63 50 41 36 36 64 77 85 84 33 35 55 61 41 25 50 17 50 57 78 73 24 36 28 16 79 57 27 23 22 71 70 82 42 29 22 12 8 5 4 4 6 5 2 1 1 1 2 1 1 1 0 1 0 0 0 0
6 7 3 22 12 17 21 33 31 30 12 10 13 4 4 1 0 1 0 1 1 1 0 1 2 3 10 8 2 3 2 2 4 8 2 6 19 41 53 68 55 32 21 32 46 77 85 83 87 83 32 43 39 38 25 16 35 58 70 74 27 33 38 30 53 85 60 38 19 11 15 38 17 20 13 28 17 6 4 2 2 2 3 2 1 0 1 1 1 1 0 0 0 0 0 0
8 14 18 21 31 29 41 22 49 41 20 37 24 8 28 14 12 4 1 0 0 0 0 0 1 1 3 14 2 1 3 2 9 7 12 12 11 11 5 4 51 52 19 36 27 34 60 65 82 87 79 49 50 63 39 50 32 64 77 64 67 26 45 37 25 78 88 65 46 15 9 11 37 22 13 10 14 16 5 4 2 2 2 2 2 0 0 1 0 1 0 0 0 0 0 0
1 2 4 28 44 32 68 70 72 69 52 47 24 40 54 37 18 7 12 3 2 1 1 1 2 5 13 4 3 3 3 8 17 9 13 20 19 16 13 12 12 24 22 23 16 33 67 43 70 80 89 57 49 47 59 55 11 55 70 68 66 48 34 31 16 67 78 79 51 42 8 3 26 44 16 3 4 3 7 2 2 2 1 1 1 1 0 0 1 0 0 0 0 0 0 0
4 5 8 46 51 66 69 62 58 78 82 57 66 62 61 46 25 28 19 12 5 1 3 5 13 39 31 5 2 4 5 9 6 11 7 15 17 22 28 17 12 12 12 10 27 33 51 45 15 65 80 85 46 36 46 23 19 15 43 51 82 75 20 22 40 49 49 74 27 37 26 4 6 23 17 9 5 4 6 5 2 2 1 0 1 1 0 0 0 0 0 0 0 0 0 0
2 3 3 3 4 6 22 33 35 14 41 74 86 77 72 39 34 54 30 18 24 3 5 3 2 4 31 44 8 2 6 9 8 20 17 12 20 21 34 20 28 39 32 24 19 11 56 58 44 32 57 76 63 33 15 13 33 12 20 47 45 42 28 21 24 37 21 70 22 28 19 21 3 10 10 15 10 7 6 4 4 2 0 0 0 1 1 0 0 0 0 0 0 0 0 0
1 2 4 15 18 26 64 28 28 21 27 20 62 82 85 65 57 57 25 32 12 24 9 19 14 5 3 6 10 5 2 9 14 31 9 12 9 17 31 29 24 26 20 22 35 33 32 12 38 64 37 47 14 17 9 23 19 29 21 22 44 51 36 25 11 12 12 48 54 14 7 12 12 3 5 5 9 3 2 2 2 1 1 1 0 0 0 0 0 0 0 0 0 0 0 0
1 3 2 2 8 6 16 20 17 29 16 5 15 41 65 78 76 27 7 7 8 32 17 31 18 14 10 4 4 9 6 44 31 12 48 23 23 26 31 21 27 43 52 39 47 31 39 22 23 20 66 42 35 23 16 12 22 26 17 21 37 55 37 21 17 12 18 36 55 32 11 5 16 8 4 1 1 4 3 2 1 1 1 1 0 0 0 0 0 0 0 0 0 0 0 0
3 0 2 5 12 16 9 11 15 23 30 21 42 17 16 25 35 20 11 17 37 8 13 24 55 55 8 10 6 43 19 19 51 40 60 23 68 31 23 22 27 29 28 41 33 37 37 26 25 26 24 35 23 24 27 21 17 23 12 5 11 18 26 23 25 15 13 18 25 31 14 14 16 6 8 2 1 3 3 1 1 0 1 0 0 0 0 0 0 0 0 0 0 0 0 0
16 3 13 4 5 11 11 19 27 34 22 25 9 29 42 24 31 23 12 22 5 24 25 16 7 20 25 35 34 7 14 37 33 15 24 25 12 52 20 28 29 38 19 26 18 20 19 28 33 33 18 10 33 39 26 33 19 16 14 14 8 13 29 12 13 11 7 10 15 24 6 8 5 3 3 3 1 1 1 2 1 1 0 0 0 0 0 0 0 0 0 0 0 0 0 0
28 23 2 2 13 4 27 50 13 14 28 25 22 47 16 31 14 12 8 6 11 19 18 20 18 11 16 19 9 17 7 43 20 37 33 51 10 22 41 14 21 37 30 41 39 16 22 27 21 31 13 21 6 15 13 41 13 18 13 22 12 12 4 4 3 1 1 2 4 5 3 1 5 3 2 4 3 1 2 1 1 1 1 0 0 0 0 0 0 0 0 0 0 0 0 0
29 23 51 9 8 26 4 4 34 36 11 33 14 41 16 31 27 14 12 24 33 38 21 10 22 24 17 23 49 50 35 9 8 14 34 24 21 6 49 34 33 26 13 18 36 31 21 14 24 30 20 7 34 21 13 37 21 8 13 5 6 9 5 3 1 1 1 0 2 6 4 1 1 3 2 3 2 2 4 1 0 0 0 0 0 0 0 0 0 0 0 0 0 0 0 0
14 29 43 25 4 3 26 10 3 9 23 16 7 13 28 19 12 7 12 16 29 27 55 38 28 28 26 24 57 67 38 24 11 25 39 31 48 22 7 52 24 36 34 30 17 16 21 29 24 25 10 4 10 4 3 15 10 8 7 3 4 6 5 4 3 1 1 1 1 2 3 2 3 3 4 5 5 2 1 1 1 0 0 0 0 0 0 0 0 0 0 0 0 0 0 0
37 26 61 33 45 15 5 50 11 19 49 14 31 24 12 36 12 11 11 11 10 23 38 36 31 36 33 30 45 72 73 49 22 18 61 48 50 32 14 27 66 25 23 56 35 35 26 32 30 15 9 3 3 4 4 4 8 6 3 2 2 2 3 5 2 2 1 1 0 0 0 1 1 1 1 1 2 2 1 1 0 0 0 0 0 0 0 0 0 0 0 0 0 0 0 0
44 34 26 50 23 29 36 12 60 31 48 65 42 49 32 16 16 14 19 43 17 35 59 48 32 35 37 27 18 23 66 55 37 27 24 58 38 27 21 14 20 50 17 15 18 20 22 32 46 25 32 10 6 4 3 3 3 2 2 7 2 1 1 1 1 1 1 0 0 0 0 0 0 0 0 1 1 1 1 0 0 0 0 0 0 0 0 0 0 0 0 0 0 0 0 0
17 56 45 56 43 51 63 50 28 22 12 9 18 13 17 43 29 17 35 9 53 21 63 70 34 38 40 26 15 7 14 42 60 37 14 38 48 21 44 33 25 14 39 41 22 22 35 24 32 16 32 12 5 4 3 2 2 2 1 3 3 1 0 0 0 0 0 0 0 0 0 0 0 0 0 0 0 0 0 0 0 0 0 0 0 0 0 0 0 0 0 0 0 0 0 0
14 15 5 26 29 5 9 6 29 20 42 40 41 45 20 22 43 38 35 31 24 18 57 81 57 49 45 46 26 8 8 9 52 34 37 32 53 18 45 49 34 16 12 39 28 35 26 23 27 11 3 4 6 6 5 3 1 1 0 0 1 0 0 0 0 0 0 0 0 0 0 0 0 0 0 0 0 0 0 0 0 0 0 0 0 0 0 0 0 0 0 0 0 0 0 0
11 21 15 7 8 19 13 12 14 34 19 32 24 13 22 40 18 13 23 41 23 71 42 65 71 50 58 49 51 23 10 13 9 26 36 40 47 21 45 28 34 35 25 20 35 23 23 37 27 17 11 5 6 3 2 2 1 0 0 0 0 0 0 0 0 0 0 0 0 0 0 0 0 0 0 0 0 0 0 0 0 0 0 0 0 0 0 0 0 0 0 0 0 0 0 0
23 17 19 10 18 33 18 13 23 25 11 18 21 10 23 37 23 28 17 20 59 42 31 28 74 46 19 16 16 11 13 6 14 6 13 19 81 61 30 43 29 16 25 27 16 29 17 17 36 31 23 9 5 3 2 1 0 0 0 0 1 1 0 1 0 0 0 0 0 0 0 0 0 0 0 0 0 0 0 0 0 0 0 0 0 0 0 0 0 0 0 0 0 0 0 0
11 8 9 7 3 10 10 12 7 5 19 16 21 7 15 24 16 26 35 68 42 29 39 57 75 64 28 21 21 25 22 22 9 13 15 9 6 9 26 26 19 33 13 25 20 32 32 18 35 19 23 18 9 4 2 1 0 0 1 1 2 4 3 3 0 1 0 0 0 0 0 0 0 0 0 0 0 0 0 0 0 0 0 0 0 0 0 0 0 0 0 0 0 0 0 0
5 3 8 3 8 6 7 4 3 2 4 7 12 15 13 15 12 27 29 21 25 27 14 8 16 15 11 18 40 43 24 48 36 14 11 8 9 9 7 21 17 34 24 12 32 21 28 22 18 9 12 9 5 4 1 1 1 1 3 4 5 5 3 3 2 1 1 1 1 1 0 0 0 0 0 0 0 0 0 0 0 0 0 0 0 0 0 0 0 0 0 0 0 0 0 0
6 3 6 1 3 2 8 14 34 30 25 2 5 12 12 6 11 28 50 34 42 16 25 18 12 17 45 26 29 39 52 38 23 25 27 5 3 5 8 12 11 18 25 27 26 24 14 11 23 9 6 5 3 2 2 3 2 5 7 5 8 7 6 4 3 2 2 3 3 2 1 0 0 0 0 0 0 0 0 0 0 0 0 0 0 0 0 0 0 0 0 0 0 0 0 0
1 2 1 1 8 9 3 18 48 55 35 37 18 6 13 20 18 35 37 18 11 15 33 26 22 24 38 18 9 25 24 16 8 15 25 15 7 6 11 7 5 9 8 10 15 15 14 8 13 8 4 1 3 4 7 7 6 8 11 11 6 10 11 8 11 4 4 4 3 4 1 0 0 0 0 0 0 0 0 0 0 0 0 0 0 0 0 0 0 0 0 0 0 0 0 0
1 2 7 7 9 8 21 16 5 17 46 43 37 51 53 45 72 38 31 38 11 7 31 19 22 33 18 17 11 12 24 25 25 19 26 14 10 21 23 8 4 20 10 14 9 5 14 6 5 4 3 4 8 14 15 16 11 10 10 11 8 16 17 21 19 10 6 5 5 3 2 1 3 1 0 1 0 0 0 0 0 0 0 0 0 0 0 0 0 0 0 0 0 0 0 0
4 1 1 3 20 21 34 66 60 34 38 68 58 41 70 51 80 79 75 53 24 43 6 9 9 8 29 33 33 45 14 54 53 26 9 13 5 16 16 9 24 12 11 9 12 7 8 7 5 4 9 10 23 37 35 22 29 14 18 17 11 23 23 25 17 13 9 7 7 6 4 1 0 0 0 0 1 0 0 0 0 0 0 0 0 0 0 0 0 0 0 0 0 0 0 0
6 8 20 4 3 21 43 62 68 31 27 73 35 33 68 45 44 22 40 55 16 27 19 15 11 17 24 33 33 53 26 17 16 38 21 20 7 30 14 13 19 25 21 19 21 29 26 18 5 19 32 29 34 50 52 46 20 12 39 25 19 25 26 18 26 25 4 15 15 6 4 2 1 0 0 1 1 0 0 0 0 0 0 0 0 0 0 0 0 0 0 0 0 0 0 0
25 8 13 40 18 9 10 20 22 63 19 65 40 42 61 29 11 19 33 20 15 8 21 12 18 31 32 17 12 35 24 17 9 7 9 8 23 27 13 9 40 43 24 49 40 21 19 10 9 27 47 45 46 75 41 33 29 15 55 24 22 28 40 41 29 19 14 17 7 3 3 2 2 2 1 1 1 1 0 0 0 0 0 0 0 0 0 0 0 0 0 0 0 0 0 0
50 47 15 41 44 63 57 31 11 14 43 76 63 20 67 26 28 21 32 22 11 9 31 14 28 24 27 25 21 17 11 13 15 22 26 17 33 7 13 23 41 40 52 54 33 15 9 16 31 25 41 62 74 43 30 40 39 23 64 31 56 23 45 23 21 48 27 12 16 6 3 3 8 7 1 0 0 1 0 0 0 0 0 0 0 0 0 0 0 0 0 0 0 0 0 0
43 57 63 49 54 80 63 83 58 9 33 66 9 22 50 43 30 12 47 8 8 8 17 10 42 28 16 13 14 4 3 14 25 17 37 13 42 10 31 28 57 58 67 31 29 19 19 36 47 42 40 65 64 42 49 63 52 35 72 65 39 47 39 49 63 39 28 20 11 4 5 20 7 1 1 1 1 1 0 0 0 0 0 0 0 0 0 0 0 0 0 0 0 0 0 0
51 73 71 77 75 72 80 82 68 37 30 30 38 12 50 36 26 17 11 7 7 10 26 13 21 18 16 35 26 26 28 29 19 9 13 25 57 27 32 42 68 68 50 31 18 31 32 62 69 50 43 64 52 37 52 73 37 61 63 60 67 31 42 75 69 42 29 15 17 19 10 8 4 3 2 1 0 0 0 0 0 0 0 0 0 0 0 0 0 0 0 0 0 0 0 2
8 67 80 64 78 29 59 71 71 69 59 65 45 11 52 72 43 16 20 14 7 16 24 15 12 17 28 8 12 14 5 12 10 25 55 35 54 25 26 42 67 47 26 13 28 52 47 51 75 57 60 63 33 56 72 64 32 59 46 72 61 66 72 61 47 27 31 14 6 2 2 1 1 0 0 0 0 0 0 0 0 0 0 0 0 0 0 0 0 0 0 0 0 0 0 1
21 21 46 18 9 10 16 14 20 9 13 27 59 16 10 48 62 44 33 27 13 12 8 10 28 8 17 17 43 39 8 20 25 28 66 65 74 39 27 53 48 23 16 33 56 56 49 51 75 53 64 76 65 61 78 63 64 38 62 68 46 68 55 22 9 10 5 9 16 11 9 6 6 2 1 0 0 0 0 0 0 0 0 0 0 0 0 0 0 0 0 0 0 1 2 2
