sesion_6_simulaciones/modelos_agentes/ejemplos_netlogo/scenarios/cgcm2_b2/rob_2093.asc
NCOLS 322 
NROWS 307 
XLLCORNER 451900 
YLLCORNER 4086900 
CELLSIZE 100 
NODATA_value -9999 
[rows 73 to 145 of 307, columns 0 to 95 of 322]
0 0 0 0 0 0 0 0 0 0 0 0 0 0 0 0 0 0 0 0 0 0 0 0 0 0 0 0 0 0 0 0 1 1 2 2 5 6 1 1 1 1 1 0 0 0 1 1 1 1 1 1 2 1 1 1 2 2 2 5 8 5 1 4 6 20 24 20 28 12 4 5 15 7 8 32 51 66 36 62 58 54 15 27 26 55 36 12 10 10 4 10 8 40 16 33
0 0 0 0 0 0 0 0 0 0 0 0 0 0 0 0 0 0 0 0 0 0 0 0 0 0 0 0 0 0 0 0 1 1 1 3 6 6 5 4 2 4 2 0 0 0 1 1 1 2 1 1 1 1 2 1 1 1 1 1 1 5 5 6 2 2 2 4 6 8 18 10 6 3 21 54 24 27 45 66 68 23 35 43 52 16 8 7 14 8 10 12 8 9 16 12
0 0 0 0 0 0 0 0 0 0 0 0 0 0 0 0 0 0 0 0 0 0 0 0 0 0 0 0 0 0 0 0 0 1 3 5 3 3 13 10 2 4 4 2 1 0 1 1 1 1 1 1 1 1 1 1 1 1 1 1 1 2 9 12 4 5 10 7 6 3 5 11 11 8 14 63 27 12 9 51 49 38 36 25 11 31 29 12 12 10 12 24 21 13 9 47
0 0 0 0 0 0 0 0 0 0 0 0 0 0 0 0 0 0 0 0 0 0 0 0 0 0 0 0 0 0 0 0 0 0 1 3 4 8 6 4 4 14 5 2 2 1 1 1 1 1 3 1 2 1 1 1 4 1 0 0 1 7 5 10 11 10 14 13 19 11 10 4 4 3 12 63 74 26 15 14 37 40 24 10 9 53 50 41 33 8 7 5 29 34 22 31
0 0 0 0 0 0 0 0 0 0 0 0 0 0 0 0 0 0 0 0 0 0 0 0 0 0 0 0 0 0 0 0 0 0 1 1 2 2 1 2 14 3 4 4 5 7 2 0 1 2 2 1 2 1 3 1 1 1 1 1 3 5 4 11 6 10 13 15 18 22 22 21 20 15 8 17 51 38 26 8 38 58 15 8 40 62 14 58 42 22 10 26 39 38 36 21
0 0 0 0 0 0 0 0 0 0 0 0 0 0 0 0 0 0 0 0 0 0 0 0 0 0 0 0 0 0 0 0 0 0 1 1 1 1 2 6 4 10 3 6 7 22 6 5 7 4 3 1 2 1 1 0 1 1 3 4 3 2 3 2 5 9 11 21 20 19 20 32 23 23 11 4 6 17 19 11 21 22 16 17 46 20 14 9 9 31 20 29 22 29 33 37
0 0 0 0 0 0 0 0 0 0 0 0 0 0 0 0 0 0 0 0 0 0 0 0 0 0 0 0 0 0 0 0 3 6 11 8 5 2 5 7 7 17 11 2 3 5 17 18 36 33 20 10 5 4 3 1 1 2 4 4 1 1 2 1 2 3 3 2 5 18 23 21 23 25 18 15 9 18 6 5 17 22 17 27 45 18 32 19 10 23 30 53 67 61 46 49
0 0 0 0 0 0 0 0 0 0 0 0 0 0 0 0 0 0 0 0 0 0 0 0 0 0 0 0 0 0 0 0 0 3 16 26 5 2 3 11 10 8 18 11 3 3 7 20 57 64 73 78 59 16 10 5 4 4 3 4 3 2 1 1 4 4 3 6 6 15 24 18 24 29 25 14 13 6 4 1 7 18 20 27 37 29 13 14 16 22 64 65 66 40 41 66
0 0 0 0 0 0 0 0 0 0 0 0 0 0 0 0 0 0 0 0 0 0 0 3 0 0 0 0 0 0 0 0 0 0 1 11 8 3 3 8 19 45 13 26 19 9 6 2 2 5 18 29 46 62 40 14 5 2 3 3 1 3 1 7 1 1 2 2 3 8 8 28 25 29 33 19 5 1 2 2 5 9 12 31 16 29 37 39 24 19 14 10 32 24 32 48
0 0 0 0 0 0 0 0 0 0 0 0 0 0 0 0 0 0 0 2 2 2 5 2 7 2 0 0 0 0 0 1 1 2 3 2 1 1 1 5 8 7 10 27 15 10 13 8 3 1 1 1 4 20 19 46 19 8 3 19 24 9 5 2 9 5 2 4 1 1 8 16 33 23 15 16 10 6 7 14 5 5 17 43 17 43 42 40 36 42 27 14 12 30 62 74
0 0 0 0 0 0 0 0 0 0 0 0 0 0 0 0 0 2 4 4 0 1 0 0 0 0 0 0 0 1 0 1 1 0 1 3 2 1 4 6 18 26 8 5 3 4 4 3 1 2 3 1 7 3 4 10 22 15 38 30 7 3 3 4 8 2 3 4 6 5 31 27 29 19 17 19 24 29 17 8 13 11 39 47 29 60 57 81 61 58 60 52 15 13 17 16
0 0 0 0 0 0 0 0 0 0 0 0 0 0 0 0 0 1 0 0 0 0 0 0 0 0 0 0 2 1 3 0 0 1 4 3 1 4 5 6 12 21 25 17 1 1 2 2 2 1 1 9 27 14 12 9 5 22 55 11 7 5 2 2 5 3 5 4 13 22 20 22 20 17 18 18 22 21 31 8 12 10 18 15 29 65 32 49 61 76 50 54 54 34 23 17
0 0 0 0 0 0 0 0 0 0 0 0 0 0 0 0 0 0 0 0 0 1 0 0 0 0 0 0 0 0 0 0 1 2 2 3 1 10 5 7 15 16 28 27 12 13 18 12 16 18 12 17 23 18 11 7 13 21 9 12 9 13 8 4 2 1 1 14 13 9 19 12 43 16 12 34 24 21 22 15 13 8 10 24 6 46 36 67 65 80 84 85 67 46 30 24
0 0 0 0 0 0 0 0 0 0 0 0 0 0 0 0 0 0 0 0 0 0 0 0 0 0 0 0 0 0 0 0 1 1 1 2 1 4 4 10 16 9 23 16 10 13 18 12 9 16 17 7 11 13 11 12 23 8 11 15 21 10 4 2 3 3 3 2 4 7 4 13 6 5 34 23 17 22 49 25 28 13 7 17 32 46 41 34 71 67 57 58 73 35 30 24
0 0 0 0 0 0 0 0 0 0 0 0 0 0 0 0 0 0 0 0 0 0 0 1 2 1 1 4 2 0 0 0 0 0 0 0 1 2 3 6 15 6 3 5 5 9 17 2 6 11 8 11 11 18 14 9 12 6 11 11 16 4 5 2 4 5 13 19 16 10 13 8 9 7 6 6 34 44 12 22 23 15 15 11 15 19 35 50 60 68 16 36 54 54 29 22
0 0 0 0 0 0 0 0 0 0 0 0 0 0 0 0 0 0 0 0 0 0 0 0 5 4 4 4 1 6 3 2 1 0 0 1 1 2 2 4 3 2 6 4 9 12 16 4 7 14 5 4 8 20 13 4 8 5 9 12 6 1 1 2 7 2 2 8 21 7 12 10 7 9 15 9 11 17 14 12 7 11 24 22 14 15 13 10 26 24 15 40 21 51 40 28
0 0 0 0 0 0 0 0 0 0 0 0 0 0 0 0 0 1 0 0 1 0 0 2 3 9 10 6 3 4 4 5 1 4 2 1 0 0 1 0 1 2 2 3 4 6 7 2 3 7 2 6 2 10 17 3 7 3 22 6 4 4 4 6 8 2 1 1 36 9 11 8 8 7 8 21 22 41 40 35 47 31 17 11 31 39 33 28 12 8 18 33 37 16 30 24
0 0 0 0 0 0 0 0 0 0 0 0 0 0 0 0 1 0 0 0 0 0 3 6 20 1 17 16 3 7 6 6 3 8 3 5 5 1 0 0 0 1 1 1 3 7 2 3 3 3 3 8 6 14 1 7 13 5 8 2 1 6 9 5 3 3 2 1 9 60 45 22 9 31 30 35 65 57 16 25 51 40 50 46 41 42 40 39 28 13 7 26 26 11 8 3
0 0 0 0 0 0 0 0 0 0 0 0 0 1 0 0 1 1 0 1 1 1 0 4 12 4 2 29 22 5 2 14 5 12 11 22 6 3 3 0 2 2 2 0 0 1 1 1 2 2 20 29 36 24 32 5 1 7 1 1 1 6 3 1 1 2 13 13 4 4 19 21 65 86 63 40 21 17 63 30 7 33 50 43 35 37 42 39 31 13 8 9 5 3 5 16
0 0 0 0 0 0 0 0 0 0 0 0 0 0 0 2 2 1 1 0 0 1 0 6 1 8 10 22 48 17 1 1 1 3 4 10 5 9 13 5 3 1 6 8 8 8 10 3 8 31 50 30 8 10 27 41 15 2 3 3 2 5 2 2 3 4 4 3 10 5 6 8 5 8 6 57 22 22 14 29 45 16 22 54 40 41 43 32 31 30 15 4 10 23 11 17
0 0 0 0 0 0 0 0 0 0 0 0 0 0 0 0 2 3 11 3 0 7 1 1 1 3 2 1 10 10 24 4 1 1 6 2 4 21 5 3 14 2 4 14 29 16 10 22 28 33 62 57 21 47 37 52 22 32 17 13 6 8 1 2 2 3 1 5 5 3 3 1 5 5 5 15 12 19 15 18 30 54 28 32 41 40 23 24 14 9 18 25 31 6 4 6
0 0 0 0 0 0 0 0 0 0 0 0 0 1 0 0 0 4 1 3 2 3 2 2 1 6 2 2 1 15 50 15 2 2 2 7 3 7 27 4 26 1 5 32 29 26 29 51 47 77 72 66 51 84 73 68 47 48 42 7 10 7 1 2 1 3 8 21 10 9 5 15 18 15 11 6 9 21 28 21 13 14 42 40 35 18 23 10 11 29 32 24 33 29 17 8
0 0 0 0 0 0 0 0 0 0 0 0 0 0 1 0 1 1 2 2 3 6 1 2 2 4 5 2 1 5 28 31 13 7 2 4 1 3 21 4 20 3 8 27 32 37 64 69 70 84 77 34 66 58 57 50 44 60 7 5 16 6 3 2 3 2 5 11 13 7 41 11 4 8 10 18 49 49 49 37 29 21 23 30 18 11 23 23 23 30 47 38 20 14 18 15
0 0 0 0 0 0 0 0 0 0 0 0 0 0 0 1 1 1 1 1 2 2 1 3 8 3 9 6 5 2 17 46 3 3 4 4 1 14 43 29 40 29 13 22 45 65 85 80 54 83 55 12 35 8 21 57 68 55 17 40 33 28 6 1 2 3 5 5 6 27 7 14 20 7 11 33 27 18 40 50 52 26 12 12 9 14 28 47 42 43 41 45 22 21 21 31
0 0 0 0 0 0 0 0 0 0 0 0 3 1 0 1 1 1 2 2 1 1 2 11 17 18 8 14 8 4 22 47 5 4 14 12 3 11 6 29 48 74 35 38 55 63 86 82 40 60 13 20 10 4 2 3 56 69 66 56 26 46 4 3 16 26 4 1 5 6 11 25 9 33 36 9 25 47 36 52 42 45 45 19 30 32 47 46 55 37 54 51 38 41 35 47
0 1 0 0 0 0 0 0 0 0 0 0 2 6 1 2 1 2 4 5 8 4 5 9 11 18 16 30 19 19 9 28 9 9 10 4 6 19 7 16 23 61 51 61 59 62 86 92 82 61 27 12 3 3 1 2 4 3 74 55 55 10 3 19 10 13 10 4 3 3 14 13 35 24 18 11 14 8 28 35 55 61 41 26 33 50 43 39 59 30 75 35 40 39 30 34
0 3 1 0 0 0 0 0 0 0 0 0 0 1 5 5 1 2 8 7 9 7 11 28 34 41 40 33 32 37 4 22 34 18 12 8 7 9 5 2 7 53 12 23 22 28 78 82 77 38 24 27 17 14 6 10 2 10 6 6 8 8 16 20 18 7 5 2 4 5 6 14 12 13 7 5 7 21 28 44 50 54 36 35 29 40 48 23 51 42 76 47 46 25 36 47
0 0 2 0 0 0 0 0 0 0 0 1 1 1 4 1 13 2 2 3 6 5 2 3 6 17 22 11 34 36 17 51 68 42 15 32 13 15 12 3 32 49 41 22 29 32 14 41 58 14 25 33 24 19 28 16 7 22 12 20 11 5 13 19 12 7 6 3 8 3 1 2 17 19 15 13 20 28 30 37 36 47 38 35 36 30 40 34 65 68 22 43 50 47 52 35
0 0 0 0 0 0 0 0 0 0 0 0 1 0 0 3 3 19 5 5 3 10 10 12 23 29 27 14 6 8 9 57 51 30 50 55 68 50 10 8 35 35 78 52 46 41 38 12 7 16 39 36 27 22 12 25 26 16 14 10 15 12 24 20 11 8 4 6 10 2 1 4 5 10 13 26 23 29 32 34 33 31 25 39 41 27 28 34 55 8 26 41 34 13 8 22
0 0 0 0 0 0 0 0 0 0 0 1 1 1 2 2 2 2 5 7 11 21 19 24 33 55 36 34 23 11 6 4 46 61 59 25 78 53 33 56 64 21 68 45 80 72 34 15 14 8 25 35 29 22 30 13 27 20 20 11 20 25 48 47 19 6 3 2 6 1 2 2 2 3 3 18 16 19 25 24 30 24 27 37 18 43 34 60 25 17 34 37 38 24 22 35
0 0 0 0 1 0 0 0 0 0 0 1 2 2 1 1 2 4 5 6 15 19 47 39 43 36 61 42 16 18 15 13 6 40 50 14 20 15 66 40 34 12 76 38 20 8 27 18 27 17 26 39 45 36 26 13 8 12 3 7 14 10 28 29 2 6 5 2 4 4 8 6 3 7 9 3 15 18 20 21 16 38 14 6 21 53 27 57 19 9 16 20 24 22 34 38
0 0 0 0 0 0 0 0 0 0 0 0 0 1 5 5 3 3 3 4 5 13 52 58 26 23 28 32 39 37 25 31 17 6 5 20 8 16 72 16 12 25 50 19 19 14 31 23 24 19 10 27 32 36 19 12 9 10 5 5 5 5 6 3 5 7 4 3 3 8 9 2 8 10 8 7 19 18 19 16 46 12 12 20 24 37 30 24 25 5 6 18 22 35 40 55
0 0 0 0 1 0 0 0 0 0 0 0 0 0 1 1 6 8 17 21 13 23 18 15 8 4 16 31 38 30 47 50 15 8 2 5 15 47 28 27 6 55 72 31 28 29 26 34 39 10 14 22 19 20 11 13 11 5 6 2 3 2 4 13 13 6 6 7 8 8 9 5 3 14 5 7 13 10 14 30 17 12 18 12 26 10 26 35 46 19 13 17 28 30 22 51
0 0 0 0 1 0 0 0 0 0 0 0 0 2 2 6 6 11 17 14 16 38 18 12 16 17 6 16 26 20 20 14 9 18 15 17 34 23 40 19 23 30 52 55 42 33 13 18 22 8 7 26 34 38 35 19 10 6 13 27 17 8 5 8 5 3 23 19 7 6 4 43 22 10 9 5 5 7 8 20 8 14 15 5 16 14 26 39 23 42 27 35 28 41 38 46
0 0 0 0 2 1 1 0 0 0 0 1 1 13 5 26 12 5 12 25 29 29 38 20 16 18 17 11 24 23 13 12 17 25 29 29 11 15 21 23 21 7 13 30 40 23 5 9 9 10 14 18 15 17 13 11 12 4 34 35 18 18 3 3 8 5 26 75 56 31 18 12 38 53 15 6 7 8 17 11 2 21 6 13 14 26 11 12 15 24 39 31 60 41 20 28
0 0 0 0 0 1 0 0 0 0 0 1 1 2 13 13 21 28 19 27 22 16 33 17 10 11 7 5 4 7 16 15 25 26 14 28 26 23 20 16 6 13 26 8 39 26 20 18 17 8 7 7 8 31 21 19 14 4 8 8 8 7 19 8 15 21 14 54 70 55 8 15 17 10 42 23 6 8 8 7 15 22 7 47 24 19 19 26 21 28 40 53 26 25 26 13
0 0 0 0 0 2 3 0 0 0 0 0 1 1 1 2 1 3 10 21 22 21 34 42 24 16 21 17 9 6 10 3 7 13 14 23 25 17 26 9 5 19 10 14 39 22 22 18 19 11 9 9 10 24 36 5 8 7 15 13 10 31 25 32 38 21 29 21 61 37 39 13 11 12 14 27 19 23 17 23 8 15 17 32 24 30 31 13 19 65 33 17 35 26 31 29
0 0 0 0 0 0 1 0 0 0 0 0 2 2 5 6 3 2 6 18 25 46 54 60 54 21 14 6 3 5 5 2 2 3 8 8 15 18 12 15 14 18 6 29 5 3 9 12 14 13 21 21 11 23 16 14 11 19 23 7 21 23 13 13 75 31 30 16 7 62 65 23 27 11 34 48 46 66 46 36 24 20 9 30 58 39 57 45 45 54 46 25 40 44 48 29
0 0 0 0 0 0 1 0 0 0 0 1 1 2 6 4 4 14 7 35 68 44 22 31 42 22 17 17 7 1 5 7 10 5 2 7 20 19 5 11 27 28 25 24 8 5 11 23 31 33 16 44 31 34 23 13 15 7 7 26 13 8 9 14 13 41 23 21 10 27 50 75 59 16 6 36 25 55 9 5 27 62 4 17 6 31 31 75 68 60 78 50 46 45 45 45
0 0 0 0 0 0 0 2 0 0 1 1 1 1 1 3 14 15 14 8 8 45 50 29 32 23 35 45 25 9 8 18 13 13 13 5 6 13 12 14 15 23 20 21 16 16 34 32 23 26 28 21 28 22 20 28 36 43 19 7 22 10 8 42 12 32 42 21 12 14 47 57 61 38 16 23 6 40 20 10 2 32 18 18 22 59 19 29 12 8 50 29 37 74 48 64
0 0 0 0 0 0 1 0 0 0 0 1 3 1 1 5 8 12 15 15 10 3 35 67 48 43 36 38 41 16 15 22 11 13 24 31 12 5 6 13 21 17 10 44 22 23 24 56 55 36 48 21 29 58 75 70 31 23 15 12 15 51 28 7 43 14 42 33 21 5 46 46 38 56 16 25 7 43 56 15 9 49 11 19 24 5 30 20 8 21 76 37 22 62 80 78
0 0 0 0 0 0 1 0 0 0 0 1 1 1 0 2 5 10 17 26 23 20 9 26 29 29 10 13 35 16 12 12 9 7 11 19 15 10 8 16 12 7 7 6 28 33 28 46 34 20 18 42 23 19 16 11 16 8 17 20 17 34 41 15 18 39 6 52 33 11 34 58 48 51 24 20 10 51 17 16 4 69 27 17 28 24 11 22 19 35 65 78 27 26 70 73
0 0 0 0 0 0 1 0 0 0 0 0 1 1 1 2 2 4 17 38 41 22 14 7 5 3 11 7 2 3 12 1 3 7 14 10 13 19 14 10 23 18 22 19 27 33 28 26 19 19 35 38 37 49 23 36 33 21 14 25 11 20 30 30 21 62 30 45 64 24 19 30 60 34 54 20 14 47 31 54 41 59 81 35 27 28 11 34 22 13 44 82 40 18 18 70
1 0 0 0 0 0 1 0 0 0 0 0 0 1 2 1 5 5 14 23 31 19 11 17 9 10 10 4 1 1 5 4 4 6 6 9 16 17 11 22 36 27 25 21 12 21 24 22 24 49 36 55 40 39 35 47 44 35 28 36 26 36 19 37 16 56 46 23 66 46 9 33 46 33 67 28 44 28 33 28 54 29 79 54 17 28 28 59 22 13 15 60 45 22 40 36
1 0 0 0 0 0 0 0 0 0 0 0 0 1 1 1 3 5 10 16 20 19 18 14 24 17 21 14 3 1 2 1 1 5 6 4 15 17 8 8 27 22 14 10 22 14 20 16 14 43 58 54 59 40 20 34 66 32 49 46 48 55 24 10 14 14 34 21 38 58 29 22 24 67 52 43 62 29 43 71 56 28 53 75 28 32 16 15 16 22 25 64 42 51 34 12
2 1 0 0 0 0 0 0 0 0 0 0 0 2 1 1 9 9 37 38 25 46 29 35 12 15 20 19 14 1 1 1 10 7 21 20 15 26 26 21 23 18 16 12 14 11 11 21 17 14 12 24 15 27 53 52 68 28 84 71 26 65 34 40 41 17 12 8 27 46 25 45 25 49 14 42 81 62 39 57 69 64 54 82 27 27 35 16 21 8 31 47 48 22 15 18
1 1 1 0 0 0 0 0 0 0 0 0 0 2 2 2 1 5 7 3 10 4 7 13 25 35 20 19 29 6 2 17 13 16 8 6 15 13 13 40 30 11 18 30 25 24 31 35 16 36 39 16 38 58 50 64 50 59 54 64 24 52 63 37 53 65 62 40 19 57 58 72 64 40 37 47 69 73 56 58 62 66 49 79 74 46 9 11 14 26 37 51 61 31 15 10
0 0 1 1 2 0 0 0 0 0 0 0 0 1 6 7 5 3 12 10 6 13 11 19 41 21 24 27 31 28 11 60 21 8 14 7 26 27 30 39 58 31 38 39 29 40 24 32 21 28 34 25 12 44 23 34 69 72 54 57 62 75 79 69 26 66 61 65 54 35 48 66 22 41 41 47 67 55 75 76 62 43 43 82 74 41 47 11 16 42 26 55 46 46 37 24
1 0 0 0 0 0 0 0 0 1 1 0 0 1 1 1 1 4 2 21 10 15 18 20 20 20 35 25 28 19 22 60 16 21 18 15 22 22 24 42 53 28 29 40 26 37 13 15 33 19 19 31 12 9 9 10 43 62 69 74 66 58 70 85 53 43 63 63 52 31 14 25 38 29 38 58 67 82 64 45 40 30 81 72 75 37 28 28 18 26 32 56 18 12 15 48
6 2 1 0 1 0 0 0 0 1 0 0 1 0 4 1 0 2 3 10 21 25 6 10 13 23 25 12 35 31 47 26 27 36 16 9 11 23 52 50 25 18 30 49 48 34 13 12 11 35 20 19 27 22 11 6 17 22 17 47 36 34 64 79 73 53 29 14 15 24 18 20 21 26 32 32 67 58 49 33 13 27 81 68 75 64 32 34 10 32 41 65 63 50 26 13
1 3 1 0 1 1 0 0 0 0 0 1 1 1 11 0 1 1 5 16 12 8 2 13 7 3 18 8 35 44 43 43 46 24 12 24 30 28 53 38 20 39 21 25 43 15 13 18 8 27 16 11 23 10 22 14 13 20 23 8 26 34 39 51 53 28 23 37 30 43 25 16 19 25 27 14 42 36 40 23 19 11 40 26 47 73 35 45 14 44 61 51 40 40 42 18
1 0 0 1 1 1 0 0 0 0 0 1 1 2 1 6 2 4 3 4 9 2 11 10 9 5 14 11 29 23 27 26 39 17 29 31 38 23 40 31 22 33 21 24 30 13 15 15 10 42 23 16 29 30 22 18 32 31 43 27 18 23 9 18 7 7 23 37 40 42 38 22 18 10 12 12 21 22 24 20 21 14 17 16 32 41 16 34 12 36 60 55 34 19 76 56
1 1 2 1 1 0 0 0 0 0 0 0 1 2 0 13 6 2 4 3 9 4 4 8 8 10 33 24 30 19 32 41 14 26 27 45 27 24 51 15 24 34 14 25 24 39 11 24 10 31 20 24 24 38 17 24 24 37 28 34 35 43 19 18 18 12 34 26 32 22 13 9 33 17 11 6 9 21 14 12 12 8 11 24 30 25 21 29 15 68 72 72 70 29 10 21
0 1 1 1 1 1 1 0 0 0 1 0 5 6 4 1 5 3 2 6 8 4 7 16 12 9 29 16 11 8 11 17 25 54 30 21 24 8 28 14 23 20 25 21 11 15 17 21 27 29 25 28 21 28 26 39 42 26 35 27 47 26 15 34 11 20 24 39 17 13 21 43 32 27 28 29 8 6 15 12 12 16 10 29 16 14 42 14 27 69 65 60 78 44 48 14
2 1 1 1 1 0 0 1 0 0 0 1 0 3 3 1 1 3 2 3 3 2 3 11 8 23 18 19 8 8 14 42 19 24 39 25 18 18 29 10 19 16 7 9 9 21 6 13 13 4 16 7 19 34 41 46 57 41 20 33 26 32 27 20 56 18 27 31 34 57 46 30 18 17 24 28 27 31 32 31 37 38 16 15 14 27 47 30 45 59 30 51 81 63 65 45
2 3 2 2 1 0 0 0 1 1 1 0 0 2 1 2 4 2 2 2 3 3 2 2 3 3 7 13 11 23 15 29 11 19 35 20 12 17 9 16 12 13 9 23 33 17 7 28 51 24 37 28 45 59 55 26 35 40 37 27 33 32 50 39 47 38 34 34 57 14 10 13 16 8 5 8 28 23 36 40 42 32 27 12 9 25 52 23 28 15 23 56 88 54 69 59
0 1 1 2 3 4 1 0 1 4 3 1 1 0 0 3 2 1 5 8 24 14 18 6 16 3 4 9 15 11 16 9 8 16 31 20 11 9 6 8 22 55 22 13 22 23 32 15 48 61 78 49 63 79 62 37 54 37 19 20 19 23 49 28 31 40 37 45 18 16 20 27 45 29 28 21 9 29 44 58 46 13 8 13 8 28 45 26 25 22 27 78 82 47 52 86
1 0 1 2 3 3 5 5 2 1 2 1 0 0 0 1 2 3 5 5 17 36 25 9 9 17 30 21 21 8 37 16 13 11 14 12 7 8 17 17 33 5 25 54 20 39 43 33 28 73 73 79 36 65 60 60 42 61 43 36 32 37 12 34 44 49 50 19 22 22 36 53 39 46 59 35 20 42 55 56 21 12 8 15 11 24 13 12 23 28 51 84 61 75 51 86
3 3 1 1 3 1 1 3 1 2 1 1 1 0 2 1 3 3 11 12 5 36 30 45 52 62 49 42 33 12 22 14 10 15 21 43 30 48 60 48 51 56 38 67 28 46 68 68 19 18 15 70 70 38 61 37 31 76 57 52 26 30 36 45 47 49 35 40 39 50 42 24 37 35 37 32 52 39 26 25 12 8 8 9 8 14 10 11 14 15 28 68 42 63 24 52
2 5 3 2 3 1 0 1 0 0 0 0 0 1 1 1 0 1 14 36 11 4 30 70 44 64 52 66 63 71 50 68 64 73 38 60 10 53 73 43 62 79 37 68 70 40 69 36 79 49 26 81 65 60 61 57 81 83 41 60 33 22 28 30 29 37 29 21 19 25 26 31 22 35 39 56 57 43 11 4 11 6 4 8 4 7 8 14 16 33 50 66 30 34 34 29
1 3 18 1 9 9 3 3 2 1 1 2 2 3 2 1 2 2 2 20 13 3 4 12 13 9 40 65 56 61 64 58 74 60 44 58 70 59 64 71 39 78 77 42 61 54 74 41 72 84 56 60 62 48 34 78 65 66 51 61 53 22 23 22 46 34 36 43 45 45 51 35 46 39 60 55 32 16 12 4 1 2 3 5 5 3 6 12 13 20 46 49 13 16 21 21
4 3 2 9 9 13 6 9 7 5 1 3 5 4 1 2 3 2 7 3 1 1 7 3 5 13 32 27 37 52 58 67 28 55 33 72 65 63 67 70 58 69 62 63 69 66 70 76 24 68 55 32 76 24 49 76 59 24 64 26 34 61 17 18 32 32 50 47 48 42 40 44 56 77 70 53 30 14 3 4 3 2 1 1 3 1 5 5 8 15 29 20 14 8 21 31
1 4 6 4 5 8 2 2 8 2 5 2 3 4 1 3 3 2 9 13 10 9 6 7 6 9 3 6 6 10 7 7 14 20 8 6 11 10 10 14 15 18 12 22 24 20 23 72 58 48 78 32 60 54 57 62 24 18 29 31 63 57 31 23 40 42 47 35 34 61 75 71 73 67 54 40 22 5 2 2 1 2 1 1 2 1 2 1 3 5 10 10 10 5 10 12
6 7 9 5 2 1 2 2 6 1 4 2 2 3 2 3 3 3 5 2 3 12 11 6 15 11 6 8 12 17 11 11 28 22 18 23 12 15 19 25 24 27 40 25 32 22 35 15 19 22 49 48 54 58 55 32 37 47 42 52 57 34 25 33 39 37 48 61 73 73 77 60 36 31 16 12 3 4 4 3 3 2 1 1 1 0 0 0 1 1 3 3 5 3 3 4
20 27 15 3 2 1 1 2 1 2 1 1 0 3 0 1 1 1 1 9 6 2 5 4 8 6 3 15 9 8 14 14 6 6 5 13 10 9 17 10 15 29 29 18 17 25 19 33 27 26 15 17 13 13 22 29 44 40 39 41 18 21 23 37 41 31 30 27 48 67 68 60 38 22 7 7 12 11 18 13 7 3 1 1 2 2 2 1 1 0 0 1 2 4 3 2
4 4 3 9 4 2 1 0 0 1 1 1 1 2 1 1 3 1 1 1 9 9 8 8 5 6 5 9 14 16 9 3 9 5 7 10 10 14 15 19 15 15 16 9 7 8 9 10 21 30 39 53 32 25 27 26 31 32 32 15 14 24 23 45 34 21 30 28 29 32 22 30 30 13 7 16 21 18 4 3 1 2 2 4 9 10 9 4 3 2 1 1 0 0 1 1
5 3 5 1 0 0 1 0 1 0 0 0 0 0 1 0 1 2 2 2 3 13 11 8 8 3 5 11 18 3 4 7 5 12 12 6 9 10 10 11 11 12 30 19 21 16 16 23 32 26 36 37 30 27 31 25 28 23 23 23 5 24 24 31 49 48 45 52 35 27 14 12 5 10 16 25 41 21 7 5 4 6 7 16 12 12 13 13 11 5 6 3 2 1 1 0
9 4 2 1 1 0 0 0 1 0 1 1 0 0 0 0 1 2 2 0 3 7 11 10 11 2 15 24 7 2 7 4 9 7 12 13 9 15 16 16 5 15 19 21 16 27 30 25 21 17 26 13 42 32 53 40 26 23 16 12 15 19 24 18 63 69 37 54 45 36 22 19 9 18 33 38 18 6 10 14 12 20 13 22 26 22 30 19 19 14 12 10 7 5 2 4
4 1 2 1 0 2 6 9 4 1 5 1 0 0 0 0 0 0 0 1 4 5 2 5 8 12 32 37 13 7 11 8 9 22 11 16 12 17 7 8 21 20 15 20 21 33 28 14 33 16 28 34 35 25 42 25 43 13 21 9 30 45 21 53 78 54 52 31 27 26 16 8 12 21 32 29 11 18 18 23 32 28 32 45 42 35 33 24 35 36 18 29 14 8 7 6
1 2 0 0 3 14 7 3 11 16 1 4 1 0 0 0 1 1 1 2 4 3 3 11 7 26 17 4 4 3 5 12 6 10 32 12 12 17 18 24 16 17 14 13 18 17 28 25 22 26 33 30 36 27 33 26 45 28 13 7 15 39 55 67 59 61 36 32 29 14 12 13 22 10 36 15 27 26 43 45 54 41 48 56 56 38 52 50 45 30 29 29 20 16 21 20
0 0 0 1 1 13 11 13 21 13 4 5 12 2 1 0 0 0 2 2 1 1 2 11 4 2 4 5 10 14 7 5 16 5 15 16 16 32 17 17 8 19 8 6 8 18 18 31 32 23 20 42 13 27 36 33 17 13 24 16 5 23 23 30 43 62 49 58 35 9 24 21 31 26 72 36 33 35 47 48 60 45 51 66 45 43 59 71 59 53 36 34 28 42 36 20
0 0 1 3 0 1 0 0 13 16 16 16 13 3 4 2 1 0 1 0 1 1 2 2 3 6 8 8 10 7 5 4 5 7 6 12 8 10 11 21 35 12 18 16 5 7 12 12 21 27 31 27 26 8 40 8 17 34 17 18 8 9 17 15 12 12 30 18 9 26 56 32 38 33 71 37 46 49 64 70 83 72 83 82 76 65 68 67 83 79 51 43 41 40 66 38
0 0 0 0 0 0 1 2 1 5 2 12 8 3 6 5 5 4 3 1 0 1 0 1 3 7 6 2 1 2 2 2 3 4 5 5 5 7 7 16 24 40 18 7 31 22 26 10 20 14 11 22 9 23 22 26 27 19 22 17 11 30 42 29 21 13 13 24 36 35 49 53 34 49 65 60 66 57 69 83 72 64 82 80 79 77 74 73 78 71 60 50 66 71 72 56
