sesion_6_simulaciones/modelos_agentes/ejemplos_netlogo/scenarios/cgcm2_b2/rob_2095.asc
NCOLS 322 
NROWS 307 
XLLCORNER 451900 
YLLCORNER 4086900 
CELLSIZE 100 
NODATA_value -9999 
[rows 148 to 221 of 307, columns 192 to 287 of 322]
3 8 6 14 25 34 44 48 61 32 52 28 5 2 1 0 0 0 0 0 0 0 0 0 0 0 0 0 0 0 0 0 0 0 0 0 0 0 0 0 0 0 0 0 1 2 2 4 2 7 4 3 3 4 3 2 1 2 6 9 43 43 31 60 57 62 66 43 39 79 50 65 49 20 23 74 36 48 54 37 22 14 5 1 1 0 0 0 0 0 0 0 0 0 0 0
0 1 5 16 13 21 26 47 49 53 29 9 6 3 1 0 0 0 0 0 0 0 0 0 0 0 0 0 0 0 0 0 0 0 0 0 0 0 0 0 0 0 0 1 1 1 1 2 3 3 3 1 1 2 1 0 1 3 5 18 13 24 59 64 34 57 75 75 56 68 79 75 72 31 34 67 37 48 30 16 18 7 4 2 1 0 0 0 0 0 0 0 0 0 0 0
0 0 2 5 8 11 21 29 28 44 14 8 4 1 0 0 0 0 0 0 0 0 0 0 0 0 0 0 0 0 0 0 0 0 0 0 0 0 0 0 0 1 3 1 2 2 0 0 2 1 1 1 0 0 0 0 1 2 5 8 8 15 44 41 33 53 37 43 73 83 79 68 59 42 35 61 50 17 8 6 2 2 1 0 1 0 0 0 0 0 0 0 0 0 0 0
0 0 0 1 1 5 7 5 18 33 11 10 8 1 0 0 0 0 0 0 0 0 0 0 0 0 0 0 0 0 0 0 0 0 0 0 0 0 0 0 0 1 1 0 0 0 0 0 0 1 1 0 0 0 0 1 2 3 4 4 8 21 18 32 43 35 22 43 45 33 54 71 59 46 74 53 40 17 15 8 2 1 1 1 0 0 0 0 0 0 0 0 0 0 0 0
2 0 0 0 1 1 1 3 17 17 31 13 8 2 0 0 0 0 0 0 0 0 0 0 0 0 0 0 0 0 0 0 0 0 0 0 0 0 0 1 0 0 0 0 0 0 0 0 0 0 0 0 0 0 0 0 1 1 2 5 11 10 9 8 26 14 23 29 24 30 30 56 59 59 55 56 33 29 20 7 6 4 6 2 1 1 0 0 0 0 0 0 0 0 0 0
1 0 0 0 0 0 0 2 6 3 22 17 9 2 0 0 0 0 0 0 0 0 0 0 0 0 0 0 0 0 0 0 0 0 0 0 0 0 0 0 1 0 0 1 1 0 0 0 0 0 0 0 0 0 0 0 1 1 1 4 12 6 6 4 6 13 16 13 30 35 41 37 44 55 39 31 36 43 41 31 22 8 4 5 2 1 0 0 0 0 0 0 0 0 0 0
1 0 0 0 0 0 0 2 1 1 8 8 2 1 0 0 0 0 0 0 0 0 0 0 0 0 0 0 0 0 0 0 0 0 0 0 0 0 1 0 0 0 0 0 0 0 0 0 0 0 0 0 0 0 0 0 0 1 1 2 1 2 3 3 3 8 17 12 8 15 25 27 38 54 45 40 15 11 16 15 16 7 4 2 1 1 0 1 0 0 0 0 0 0 0 0
0 0 0 0 0 0 0 0 1 1 3 4 1 0 0 0 0 0 0 0 0 0 0 0 0 0 0 0 0 0 0 0 0 0 0 0 0 0 0 0 0 0 0 0 0 0 0 0 0 0 0 0 0 0 0 0 1 1 2 1 1 0 1 2 3 3 5 6 16 22 26 41 44 59 28 31 35 11 7 3 2 2 1 0 1 0 1 1 0 0 0 0 0 0 0 0
0 0 0 0 0 0 0 0 0 0 0 1 0 0 0 0 0 0 0 0 0 0 0 0 0 0 0 0 0 0 0 0 0 0 0 0 0 0 0 0 0 0 0 0 0 0 0 0 0 0 0 0 0 0 0 0 0 0 1 0 0 0 3 10 9 7 12 29 43 40 51 38 67 66 57 68 48 22 15 12 11 3 1 1 0 1 1 0 0 0 0 0 0 0 0 0
0 0 0 0 0 0 0 0 0 0 0 0 0 0 0 0 0 0 0 0 0 0 0 0 0 0 0 0 0 0 0 0 0 0 0 0 0 0 0 0 0 0 0 0 0 0 0 0 0 0 0 0 0 0 0 0 0 0 0 0 0 1 4 11 10 19 11 30 41 51 33 23 34 36 71 40 20 18 32 32 14 5 3 1 1 2 1 0 0 0 0 0 0 0 0 0
0 0 0 0 0 0 0 0 0 0 0 0 0 0 0 0 0 0 0 0 0 0 0 0 0 0 0 0 0 0 0 0 0 0 0 0 0 0 0 0 0 0 0 0 0 0 0 0 0 0 0 0 0 0 0 0 0 0 0 0 1 3 4 5 9 18 22 25 26 32 71 43 41 46 60 42 63 47 34 32 18 9 4 1 1 1 0 0 0 0 0 0 0 0 0 0
0 0 0 0 0 0 0 0 0 0 0 0 0 0 0 0 0 0 0 0 0 0 0 0 0 0 0 0 0 0 0 0 0 0 0 0 0 0 0 0 0 0 0 0 0 0 0 0 0 0 0 0 0 0 0 0 0 0 0 1 2 4 3 8 16 25 13 36 35 46 40 26 55 60 76 70 39 17 10 6 3 2 1 0 0 0 0 0 0 0 0 0 0 0 0 0
0 0 0 0 0 0 0 0 0 0 0 0 0 0 0 0 0 0 0 0 0 0 0 0 0 0 0 0 0 0 0 0 0 0 0 0 0 0 0 0 0 0 0 0 0 0 0 0 0 0 0 0 0 0 0 0 0 0 1 3 6 4 7 18 19 14 16 16 15 28 37 27 27 29 62 57 54 46 11 6 5 1 0 1 0 0 0 0 0 0 0 0 0 0 0 0
0 0 0 0 0 0 0 0 0 0 0 0 0 0 0 0 0 0 0 0 0 0 0 0 0 0 0 0 0 0 0 0 0 0 0 0 0 0 0 0 0 0 0 0 0 0 0 0 0 0 1 0 0 0 0 0 0 0 1 3 8 8 10 7 16 16 23 57 56 33 55 53 37 44 66 71 42 33 22 10 7 2 2 1 1 1 1 0 1 1 1 0 0 0 0 0
0 0 0 0 0 0 0 0 0 0 0 0 0 0 0 0 0 0 0 0 0 0 0 0 0 0 0 0 0 0 0 0 0 0 0 0 0 0 0 0 0 0 0 0 0 0 0 0 0 0 0 1 1 1 1 0 1 1 2 5 5 8 12 12 9 16 21 33 39 37 53 61 35 51 75 73 43 30 21 12 5 3 2 1 1 2 1 1 1 1 0 0 0 0 0 0
0 0 0 0 0 0 0 0 0 0 0 0 0 0 0 0 0 0 0 0 0 0 0 0 0 0 0 0 0 0 0 0 0 0 0 0 0 0 0 0 0 0 0 0 0 0 0 0 0 0 0 0 1 1 1 1 2 1 1 5 8 11 19 25 18 7 6 12 18 43 39 38 33 35 61 72 45 55 32 12 4 2 4 3 4 2 2 3 2 2 0 0 0 0 0 0
0 0 0 0 0 0 0 0 0 0 0 0 0 0 0 0 0 0 0 0 0 0 0 0 0 0 0 0 0 0 0 0 0 0 0 0 0 0 0 0 0 0 0 0 0 1 1 1 0 0 0 0 0 1 2 2 3 4 4 5 7 10 10 17 25 31 20 16 15 25 32 34 27 32 47 71 44 42 27 8 7 3 10 5 9 7 7 7 2 0 0 0 0 0 0 0
0 0 0 0 0 0 0 0 0 0 0 0 0 0 0 0 0 0 0 0 0 0 0 0 0 0 0 0 0 0 0 0 0 0 0 0 0 0 0 1 0 0 0 0 1 0 1 1 1 0 0 0 0 0 0 1 5 23 7 7 12 10 12 14 21 37 38 30 20 39 33 30 47 64 62 69 58 45 34 14 11 11 17 8 16 6 2 1 1 0 0 0 0 0 0 0
0 0 0 0 0 0 0 0 0 0 0 0 0 0 0 0 0 0 0 0 0 0 0 0 0 0 0 0 0 0 0 0 0 0 0 0 0 0 0 0 0 0 1 0 0 1 1 1 1 1 1 0 0 1 1 2 3 5 8 16 31 21 13 15 21 43 54 41 33 37 34 35 55 49 67 66 44 42 36 28 17 19 15 29 19 8 2 1 1 0 0 0 0 0 0 0
0 0 0 0 0 0 0 0 0 0 0 0 0 0 0 0 0 0 0 0 0 0 0 0 0 0 0 0 0 0 0 0 0 0 0 0 0 0 0 0 0 0 1 1 1 0 1 2 2 3 2 2 1 1 1 3 4 6 4 7 10 11 20 47 27 24 28 39 29 43 26 22 19 32 55 73 54 51 37 29 33 51 23 27 31 13 2 1 1 1 0 0 0 0 0 0
0 0 0 0 0 0 0 0 0 0 0 0 0 0 0 0 0 0 0 0 0 0 0 0 0 0 0 0 0 0 0 0 0 0 0 0 0 0 0 0 0 0 1 0 0 0 2 0 1 4 10 6 3 2 1 4 2 2 2 7 15 8 22 12 40 27 14 13 20 14 49 62 51 53 43 64 29 30 34 49 68 36 51 25 9 6 2 0 0 1 0 0 0 0 0 0
0 0 0 0 0 0 0 0 0 0 0 0 0 0 0 0 0 0 0 0 0 0 0 0 0 0 0 0 0 0 0 0 0 0 0 0 0 0 0 0 0 0 0 1 1 0 2 2 1 1 3 7 7 4 3 2 3 5 4 7 8 16 26 35 38 63 33 20 29 26 42 52 47 66 44 75 25 58 70 68 66 64 45 28 19 6 4 1 0 0 0 0 0 0 0 0
0 0 0 0 0 0 0 0 0 0 0 0 0 0 0 0 0 0 0 0 0 0 0 0 0 0 0 0 0 0 0 0 0 0 0 0 0 0 0 0 1 1 0 1 2 2 1 2 8 2 4 5 14 7 7 2 3 4 15 8 9 12 21 20 27 38 58 45 22 30 44 69 40 44 71 67 72 67 61 75 75 64 30 8 5 4 2 1 0 0 0 0 0 0 0 0
0 0 0 0 0 0 0 0 0 0 0 0 0 0 0 0 0 0 0 0 0 0 0 0 0 0 0 0 0 0 0 0 0 0 0 0 0 0 0 0 0 1 1 2 1 4 5 1 5 8 6 10 14 11 8 5 6 9 10 9 12 11 13 12 18 24 36 60 39 30 33 62 31 32 44 60 66 80 77 76 43 29 19 10 6 1 1 0 0 0 0 0 0 0 0 0
0 0 0 0 0 0 0 0 0 0 0 0 0 0 0 0 0 0 0 0 0 0 0 0 0 0 0 0 0 0 0 0 0 0 0 0 0 0 0 0 1 2 1 1 6 6 4 7 5 22 24 11 8 46 17 14 14 12 12 19 15 17 13 18 15 38 50 47 58 69 46 21 49 34 63 67 48 69 74 76 48 26 20 7 4 3 3 2 1 0 0 0 0 0 0 0
0 0 0 0 0 0 0 0 0 0 0 0 0 0 0 0 0 0 0 0 0 0 0 0 0 0 0 0 0 0 0 0 1 0 0 0 0 0 1 0 1 1 2 2 8 6 19 11 18 23 29 28 23 38 21 16 16 15 14 25 15 11 15 24 24 35 36 53 45 21 58 49 44 51 49 42 37 43 37 59 70 41 28 23 19 11 5 3 1 1 0 0 0 0 0 0
0 0 0 0 0 0 0 0 0 0 0 0 0 0 0 0 0 0 0 0 0 0 0 0 0 0 0 0 0 0 0 0 0 0 1 0 0 0 1 1 1 2 2 2 8 11 21 24 30 23 45 47 53 53 45 41 40 27 15 41 30 20 10 17 28 48 46 58 65 71 50 54 45 66 45 56 42 44 40 19 17 38 31 22 12 6 3 3 2 0 0 0 0 0 1 0
0 0 0 0 0 0 0 0 0 0 0 0 0 0 0 0 0 0 0 0 0 0 0 0 0 0 0 0 0 0 0 0 0 1 1 0 0 0 0 1 2 2 2 6 15 13 14 10 23 42 48 57 62 60 66 51 51 49 36 49 27 23 13 16 28 18 38 47 55 61 54 41 29 51 54 49 42 44 43 44 33 25 28 17 11 9 13 2 1 1 0 0 0 0 1 0
0 0 0 0 0 0 0 0 0 0 0 0 0 0 0 0 0 0 0 0 0 0 0 0 0 0 0 0 0 0 0 0 1 0 1 0 0 0 0 0 1 2 5 3 21 35 17 25 31 39 56 62 68 63 54 71 57 57 60 58 36 42 18 29 35 52 32 42 41 47 39 49 67 40 63 39 50 55 60 58 41 34 24 9 9 7 5 2 1 0 0 0 0 0 1 1
0 0 0 0 0 0 0 0 0 0 0 0 0 0 0 0 0 0 0 0 0 0 0 0 0 0 0 0 0 0 0 1 1 1 1 1 0 1 1 1 1 0 1 4 13 19 33 42 36 41 58 65 70 65 77 81 63 61 64 63 59 49 27 45 43 42 27 26 29 33 35 45 61 56 39 45 64 69 54 55 55 34 23 10 5 5 4 2 1 0 0 0 0 0 1 3
0 0 0 0 0 0 0 0 0 0 0 0 0 0 0 0 0 0 0 0 0 0 0 0 0 0 0 0 0 0 0 0 1 1 0 1 1 1 2 4 11 2 1 2 5 6 12 62 60 64 35 63 65 75 81 51 55 72 68 66 69 64 48 48 66 55 35 24 30 26 30 31 32 68 68 52 55 71 64 49 46 43 34 12 4 3 2 1 1 0 0 0 0 1 1 4
0 1 1 0 0 0 0 0 0 0 0 0 0 0 0 0 0 0 0 0 0 0 0 0 0 0 0 0 0 0 0 0 0 1 1 0 1 0 0 1 4 11 7 3 7 19 17 45 44 63 70 56 67 69 66 70 62 37 75 76 68 63 46 44 59 52 37 25 30 36 32 39 43 62 69 49 61 65 59 48 49 50 30 16 8 3 1 0 0 0 0 0 0 1 2 4
0 1 1 0 0 0 0 0 0 0 0 0 0 0 0 0 0 0 0 0 0 0 0 0 0 0 0 0 0 0 0 0 0 2 1 0 0 0 0 1 2 3 11 25 33 22 27 14 18 20 25 40 67 64 56 68 52 59 52 74 66 60 47 45 69 34 24 22 22 34 39 51 65 70 49 45 46 56 44 34 35 32 24 14 5 2 1 1 0 0 0 0 0 0 1 2
1 2 1 0 0 0 0 0 0 0 0 0 0 0 0 0 0 0 0 0 0 0 0 0 0 0 0 0 0 0 0 0 0 0 0 0 0 0 0 1 1 2 3 17 18 18 8 6 21 18 26 36 64 53 56 72 76 74 77 66 62 66 61 58 39 20 36 35 16 26 29 39 60 34 29 28 31 37 24 28 35 29 11 9 4 3 2 2 1 0 0 0 0 0 1 1
1 1 1 0 0 0 0 0 0 0 0 0 0 0 0 0 0 0 0 0 0 0 0 0 0 0 0 0 0 0 0 0 0 0 0 0 0 0 0 1 1 2 3 2 5 7 6 20 30 21 22 55 27 52 73 45 77 60 48 43 81 74 67 42 14 21 34 42 28 41 38 27 57 23 36 30 34 34 44 37 32 24 18 17 10 5 4 3 1 0 0 0 0 0 1 1
4 0 0 0 0 0 0 0 0 0 0 0 0 0 0 0 0 0 0 0 0 0 0 0 0 0 0 0 0 0 0 0 0 0 0 0 0 0 0 1 2 1 1 3 3 3 13 20 28 22 31 30 40 50 39 47 49 43 33 33 21 48 61 39 46 20 58 59 53 41 48 55 63 62 56 56 56 53 57 47 40 43 32 29 15 4 3 2 1 0 0 0 0 0 1 1
3 1 0 1 0 0 0 0 0 0 0 0 0 0 0 0 0 0 0 0 0 0 0 0 0 0 0 0 0 0 0 0 0 0 0 0 0 0 1 1 0 1 2 2 3 2 7 12 16 31 27 25 41 35 36 49 46 60 61 44 33 43 58 45 64 34 50 64 56 26 39 74 38 63 70 65 66 57 60 62 58 45 20 14 11 5 3 2 1 0 0 0 0 0 1 1
3 3 3 1 1 0 0 0 0 0 0 0 0 0 0 0 0 0 0 0 0 0 0 0 0 0 0 0 0 0 0 0 0 0 0 0 0 0 1 0 0 0 1 1 1 2 6 16 35 39 36 45 37 58 36 56 53 29 41 50 44 40 65 90 92 71 57 52 45 26 29 18 15 31 26 29 30 39 53 51 38 29 22 20 14 7 3 2 1 0 0 0 0 0 0 1
10 7 3 1 1 0 0 0 0 0 0 0 0 0 0 0 0 0 0 0 0 0 0 0 0 0 0 0 0 0 0 0 0 0 0 0 0 0 0 0 0 0 1 1 1 5 5 4 21 20 26 25 19 32 50 54 22 26 37 52 54 48 44 54 34 72 46 60 17 14 38 48 45 41 41 45 41 25 16 26 37 19 18 35 14 7 3 1 1 0 0 0 0 0 0 1
9 6 2 1 1 0 0 0 0 0 0 0 0 0 0 0 0 0 0 0 0 0 0 0 0 0 0 0 0 0 0 0 0 0 0 0 0 0 0 0 0 0 1 1 4 5 4 3 10 9 11 4 5 5 7 8 15 38 36 36 53 56 39 38 25 35 32 11 34 28 15 32 64 61 30 32 53 57 66 59 49 31 8 16 19 6 4 3 1 0 0 0 0 0 0 1
10 8 2 1 1 1 1 0 0 0 0 0 0 0 0 0 0 0 0 0 0 0 0 0 0 0 0 0 0 0 0 0 0 0 0 0 0 0 0 0 0 1 1 2 2 5 4 2 2 3 2 3 5 8 8 12 19 17 40 28 36 26 29 18 14 11 28 20 25 30 27 18 19 41 22 25 54 71 62 59 41 20 17 19 12 4 2 2 2 1 0 0 0 0 1 1
10 5 3 2 1 2 1 1 0 0 0 0 0 0 0 0 0 0 0 0 0 0 0 0 0 0 0 0 0 0 0 0 0 0 0 0 0 0 0 0 0 1 1 1 3 2 2 2 3 3 6 12 15 20 22 31 21 33 16 16 24 46 41 30 41 37 35 19 35 23 41 46 19 34 35 47 61 55 43 33 23 20 12 9 6 2 1 1 1 1 0 0 0 0 1 4
9 4 5 2 4 2 1 0 0 0 0 0 0 0 0 0 0 0 0 0 0 0 0 0 0 0 0 0 0 0 0 0 0 0 0 0 0 0 0 0 0 0 1 1 1 2 4 4 5 4 3 17 35 33 37 46 46 34 47 23 33 42 64 55 39 49 40 34 24 32 58 63 26 36 31 42 72 64 53 50 33 26 12 6 10 3 3 3 2 1 0 0 0 1 2 4
6 5 6 7 3 2 1 0 0 0 0 0 0 0 0 0 0 0 0 0 0 0 0 0 0 0 0 0 0 0 0 0 0 0 0 0 0 0 0 0 0 0 0 1 1 2 6 10 14 9 18 31 27 37 41 44 49 49 53 53 43 49 43 53 54 52 40 33 18 14 22 24 18 23 42 56 48 43 37 23 30 25 13 3 1 1 3 2 1 0 0 0 0 1 1 3
4 8 12 12 5 2 1 1 1 1 1 0 0 0 0 0 0 0 0 0 0 0 0 0 0 0 0 0 0 0 0 0 0 0 0 0 0 0 0 1 1 1 1 1 1 2 4 8 19 30 53 44 29 31 50 66 45 53 67 64 51 36 40 50 35 22 27 19 11 29 38 24 17 26 36 32 38 26 27 25 24 7 3 4 7 3 3 2 1 0 0 0 1 1 1 1
7 15 11 14 10 3 3 4 3 2 1 1 0 0 0 0 0 0 0 0 0 0 0 0 0 0 0 0 0 0 0 0 0 0 0 0 0 0 1 1 1 2 2 1 1 3 1 3 7 8 28 48 64 55 45 64 47 57 73 67 66 28 25 22 18 19 21 27 10 34 33 38 29 25 14 15 17 9 13 17 13 13 17 9 17 4 2 2 0 0 0 1 1 2 2 2
17 19 17 19 12 9 9 6 5 2 1 0 0 0 0 0 0 0 0 0 0 0 0 0 0 0 0 0 0 0 0 0 0 0 0 0 0 0 1 2 4 7 5 3 4 3 4 6 8 11 16 26 36 67 65 56 73 67 47 57 66 64 45 24 13 7 12 23 12 34 44 39 30 18 21 34 31 44 49 40 37 43 33 15 7 3 3 1 0 0 0 1 2 2 3 5
37 23 17 8 18 13 8 5 3 2 1 0 0 0 0 0 0 0 0 0 0 0 0 0 0 0 0 0 0 0 0 0 0 0 1 0 1 0 1 3 7 7 14 8 6 7 10 13 20 20 28 41 48 44 49 52 63 67 65 61 38 47 36 58 47 15 10 14 33 49 49 53 53 47 22 36 54 72 64 57 56 31 9 3 7 3 1 0 0 0 0 0 1 4 5 6
46 34 15 6 11 9 4 3 1 1 0 0 1 0 0 0 0 0 0 0 0 0 0 0 0 0 0 0 0 0 1 1 1 0 1 1 1 2 1 2 5 10 14 20 12 11 20 20 24 34 28 48 53 46 46 52 37 39 59 52 52 50 22 33 24 17 7 36 40 37 40 34 34 43 41 66 49 45 66 58 43 18 20 12 4 2 1 0 0 0 0 1 1 2 6 17
38 27 10 4 5 4 2 1 1 1 1 1 1 0 0 0 0 0 0 0 0 0 0 0 0 0 0 0 0 0 0 1 1 1 1 1 1 4 6 4 7 14 16 25 23 12 22 33 43 40 34 66 59 53 49 47 49 15 17 22 12 19 32 29 9 23 33 55 19 15 19 20 29 48 67 69 65 36 53 32 30 24 14 9 5 2 1 0 0 1 1 1 1 2 3 11
28 17 6 4 3 2 2 3 2 2 2 1 0 0 0 0 0 0 0 0 0 0 0 0 0 0 0 0 0 1 1 0 0 2 3 3 4 5 4 9 18 14 27 29 31 15 19 34 39 48 52 61 54 56 53 33 28 32 38 36 31 36 28 22 19 3 18 8 9 11 32 58 60 62 52 60 65 62 54 39 38 23 17 9 4 2 0 0 0 1 2 1 1 2 3 7
38 22 19 15 12 6 9 6 7 4 2 1 0 0 0 0 0 0 0 0 0 0 0 0 0 0 0 0 0 1 1 1 0 2 5 6 7 7 6 6 7 8 6 6 14 26 42 39 44 40 47 53 52 54 48 58 43 16 59 58 35 32 25 18 19 7 16 21 32 30 47 52 59 72 62 47 64 52 56 34 34 35 21 7 4 1 0 0 1 1 2 2 3 4 6 9
49 35 45 38 14 2 1 3 6 3 2 1 1 1 0 0 0 0 0 0 0 0 0 0 0 0 0 1 1 1 2 2 1 2 6 9 11 10 13 6 7 11 11 8 8 10 33 52 54 54 35 35 50 51 51 48 45 61 43 33 38 48 50 45 13 5 19 29 35 39 49 30 44 46 45 50 56 66 63 60 51 30 20 6 2 1 0 0 1 2 3 2 3 9 13 22
58 56 26 9 3 2 9 9 4 1 2 3 2 1 0 0 0 0 0 0 0 0 0 0 0 0 0 1 1 2 3 4 2 3 4 10 16 18 21 8 23 13 22 17 10 11 14 22 60 71 48 31 48 60 47 50 47 39 55 51 34 37 53 43 9 13 10 8 39 63 68 61 58 58 44 60 62 59 44 49 34 21 27 11 2 1 0 0 2 2 2 3 3 6 12 23
50 27 20 7 6 10 15 7 3 2 2 2 2 1 0 1 0 0 0 0 0 0 0 0 0 0 1 1 3 5 5 6 3 1 2 7 6 12 18 20 37 37 22 33 32 12 15 48 56 62 49 32 39 37 59 42 33 41 25 29 28 49 42 29 17 13 21 27 29 21 50 67 62 75 66 51 75 59 44 37 40 21 6 17 3 1 0 0 1 2 4 5 6 6 9 11
22 30 34 12 10 23 11 9 10 7 3 2 1 1 1 0 0 0 0 0 0 0 0 0 0 0 1 2 3 3 10 8 4 3 4 5 6 10 6 28 35 46 42 25 48 23 25 56 54 30 65 31 41 35 37 68 51 40 67 52 24 27 29 27 14 16 17 19 32 57 58 66 72 54 76 59 47 41 57 29 32 21 6 2 3 1 0 0 1 2 5 4 11 23 21 13
29 31 37 39 35 27 21 14 6 3 1 0 0 1 1 0 0 0 0 0 0 0 0 0 0 0 0 1 2 2 4 4 9 14 9 7 7 9 10 16 20 37 40 57 45 38 34 57 44 35 60 57 20 34 37 18 16 16 40 37 43 14 18 17 11 27 28 44 35 61 68 60 49 62 47 67 52 56 48 39 33 6 2 0 1 0 0 1 2 2 4 3 14 26 22 24
58 53 53 36 33 24 10 10 3 2 1 1 3 1 1 0 0 0 0 0 0 0 0 0 0 1 1 1 2 3 11 11 16 19 21 16 8 10 20 13 24 19 27 65 62 54 45 58 26 27 43 30 24 25 29 41 19 17 18 19 17 34 35 22 20 12 31 43 27 20 13 22 34 28 46 44 54 56 41 32 20 7 2 1 0 0 0 1 2 3 3 3 8 14 19 26
59 49 38 43 29 8 4 5 5 3 3 4 3 1 1 0 0 0 0 0 0 0 0 0 1 1 2 2 4 2 9 18 25 26 26 37 10 7 16 25 26 29 36 50 67 52 41 54 60 56 34 49 75 29 35 39 27 17 17 24 8 9 16 17 38 8 14 24 51 48 34 31 29 9 8 17 27 29 37 23 9 6 3 0 0 0 1 1 1 2 3 5 11 6 12 13
53 36 29 27 19 13 9 5 6 8 5 2 1 1 1 0 0 0 0 0 0 0 0 0 1 1 3 4 5 8 11 19 44 34 21 45 21 16 18 19 32 32 47 50 61 47 32 45 64 71 45 45 65 52 28 36 35 33 19 23 28 20 13 11 27 6 22 52 47 53 55 57 40 37 30 21 9 15 17 23 12 2 0 0 0 0 1 2 2 3 4 5 7 9 20 28
30 31 37 21 20 15 12 18 5 1 1 1 2 2 1 0 0 0 0 0 0 0 0 0 1 1 3 7 13 13 31 36 43 47 47 27 42 28 22 29 47 46 50 54 33 56 69 47 35 18 42 36 20 56 45 29 39 31 18 10 13 28 12 9 13 27 33 34 49 53 59 54 36 55 56 52 38 26 13 8 6 2 1 0 0 0 1 1 2 3 3 5 7 7 11 15
50 34 47 29 24 47 27 9 5 2 3 4 4 1 0 0 0 0 0 0 0 0 0 0 1 2 4 8 12 21 29 53 67 65 58 60 44 62 49 33 55 65 49 31 41 61 67 61 37 37 35 46 44 30 33 32 30 24 23 15 7 18 17 4 4 10 18 32 41 52 73 80 66 58 67 63 71 41 19 6 2 1 0 0 0 0 1 1 2 3 4 5 9 13 13 21
48 44 28 22 21 11 16 16 15 12 8 3 1 1 0 0 0 0 0 0 0 0 0 0 1 2 3 6 11 12 17 41 57 79 72 48 54 69 66 37 44 70 50 45 31 53 65 59 74 50 36 33 47 65 43 15 35 38 32 13 8 6 5 3 12 10 55 65 82 49 41 70 78 50 23 32 43 43 16 4 1 1 0 0 0 0 1 1 2 3 5 6 8 13 15 18
30 38 34 19 10 5 2 13 7 4 4 2 1 0 0 0 0 0 0 0 0 0 1 2 3 5 8 6 8 6 11 24 38 62 81 40 33 74 71 39 37 61 65 41 40 49 48 59 63 56 15 15 36 41 22 19 31 25 24 33 9 7 7 8 10 25 13 12 31 82 53 36 50 57 24 12 17 37 15 3 1 0 0 0 0 0 1 1 2 2 5 6 10 10 21 27
34 31 23 18 20 20 8 10 6 4 2 1 1 1 0 0 0 0 0 0 0 0 0 1 4 6 7 9 14 18 13 19 25 33 53 72 44 42 75 68 39 37 61 45 36 42 44 55 67 62 38 14 54 37 29 21 15 5 6 11 6 3 2 11 13 14 18 43 44 59 67 43 35 15 10 5 1 11 11 2 1 0 0 0 0 0 1 1 2 3 3 3 8 11 9 16
18 15 10 16 11 13 6 10 5 3 2 1 1 0 0 0 0 0 0 0 0 0 0 1 2 4 5 6 8 7 29 19 26 20 39 54 79 40 25 64 55 39 66 47 27 37 39 52 40 48 53 22 20 24 18 34 10 9 6 6 3 7 7 18 11 22 34 33 33 67 66 42 30 37 21 10 2 1 4 2 0 0 0 0 0 1 1 1 1 4 3 10 16 18 19 19
24 22 31 41 16 15 7 9 5 3 2 1 0 0 0 0 0 0 0 0 0 0 0 1 1 3 3 11 14 10 36 54 72 63 65 75 66 58 44 31 31 53 52 39 25 26 43 50 49 29 54 21 22 21 19 27 18 7 8 16 6 5 7 18 63 41 53 51 44 48 26 41 47 46 30 13 5 1 1 1 0 0 0 0 1 1 1 1 2 2 5 5 11 16 26 33
36 37 29 24 17 16 9 6 3 2 1 1 0 0 0 0 0 0 0 0 0 0 0 1 1 2 2 2 6 23 31 43 54 60 29 27 43 66 64 63 25 21 60 43 24 34 29 19 52 27 16 30 8 18 10 8 18 5 8 9 5 4 16 22 50 42 28 32 29 28 51 55 64 48 37 17 2 1 1 0 0 0 0 0 1 0 1 0 1 2 3 2 5 7 14 21
9 12 15 16 13 12 13 8 6 2 1 1 1 1 0 0 0 0 0 0 0 0 0 0 1 1 1 5 9 10 23 15 13 19 36 54 59 36 51 71 71 52 47 34 42 23 23 17 10 11 17 7 17 10 20 5 5 8 3 3 2 4 5 14 10 10 22 40 41 57 66 60 39 32 10 19 7 3 1 0 0 0 0 0 0 1 1 1 2 5 3 9 9 5 16 27
7 4 8 9 6 5 11 9 4 5 3 2 1 0 0 0 0 0 0 0 0 0 1 1 0 0 1 2 3 4 12 18 16 36 46 52 41 41 36 65 41 31 24 31 39 36 38 14 11 30 12 14 6 12 23 8 3 3 6 2 5 6 27 23 28 28 44 50 56 59 66 48 44 31 9 3 4 2 1 0 0 0 0 0 1 0 2 1 3 1 2 5 6 7 8 12
12 11 10 8 3 2 2 7 6 4 2 1 1 0 0 0 0 0 0 1 1 1 1 1 1 1 1 1 1 3 6 17 21 50 56 53 50 36 36 24 32 22 21 15 19 24 42 16 12 12 6 6 11 18 16 8 7 7 3 4 21 11 32 58 36 39 48 50 55 72 69 70 53 30 14 6 1 0 0 0 0 0 0 0 1 1 1 3 2 3 6 7 9 14 14 19
25 26 12 10 8 8 7 9 3 3 2 1 1 0 0 0 0 0 0 2 2 1 3 3 1 1 1 2 4 4 5 9 23 38 65 60 37 50 38 25 34 32 31 28 19 12 7 24 18 8 10 9 8 9 1 14 7 3 3 7 20 32 31 70 66 72 75 42 24 22 63 75 88 62 14 7 3 1 0 0 0 0 0 1 1 1 2 2 3 4 7 13 10 16 26 21
35 19 18 34 28 16 10 8 5 2 1 1 0 0 0 0 0 0 1 2 5 2 2 4 5 3 2 6 7 8 10 6 22 34 52 36 54 36 34 26 34 37 21 34 17 8 8 5 8 4 11 7 4 4 7 2 2 3 2 17 38 47 43 80 85 76 79 91 77 52 49 58 72 54 43 14 6 1 0 0 0 0 0 1 1 2 2 3 4 5 7 10 19 15 18 36
12 6 3 21 14 8 8 3 1 1 1 1 0 0 0 0 0 1 2 2 7 12 8 8 8 5 7 8 9 10 11 14 14 32 34 29 23 31 33 26 42 33 34 43 21 16 13 8 11 3 15 4 2 1 6 7 1 2 9 10 22 19 13 55 82 70 75 86 92 79 37 21 15 23 24 2 1 0 0 0 0 0 1 1 1 1 1 2 2 5 11 8 11 12 22 27
