sesion_6_simulaciones/modelos_agentes/ejemplos_netlogo/scenarios/cgcm2_b2/rob_2085.asc
NCOLS 322 
NROWS 307 
XLLCORNER 451900 
YLLCORNER 4086900 
CELLSIZE 100 
NODATA_value -9999 
[rows 148 to 221 of 307, columns 192 to 287 of 322]
1 5 4 10 19 27 33 40 54 25 43 21 4 2 1 0 0 0 0 0 0 0 0 0 0 0 0 0 0 0 0 0 0 0 0 0 0 0 0 0 0 0 0 0 0 1 1 3 1 5 2 2 2 2 2 1 1 1 4 5 32 32 21 47 45 55 61 37 34 74 45 59 38 15 18 67 27 39 40 28 14 9 3 1 1 0 0 0 0 0 0 0 0 0 0 0
0 1 3 12 9 15 20 39 37 44 19 6 4 2 1 0 0 0 0 0 0 0 0 0 0 0 0 0 0 0 0 0 0 0 0 0 0 0 0 0 0 0 0 1 0 1 1 1 2 2 1 1 1 1 1 0 0 2 3 11 7 14 47 53 26 46 69 69 50 64 76 73 67 25 28 61 30 38 21 10 10 4 3 1 0 0 0 0 0 0 0 0 0 0 0 0
0 0 1 4 5 7 15 22 21 36 10 5 3 1 0 0 0 0 0 0 0 0 0 0 0 0 0 0 0 0 0 0 0 0 0 0 0 0 0 0 0 0 1 1 1 1 0 0 1 1 1 0 0 0 0 0 1 2 2 5 5 8 32 28 24 43 27 35 67 78 74 67 56 38 31 53 40 11 5 4 1 1 1 0 0 0 0 0 0 0 0 0 0 0 0 0
0 0 0 0 1 3 4 4 14 26 8 7 6 1 0 0 0 0 0 0 0 0 0 0 0 0 0 0 0 0 0 0 0 0 0 0 0 0 0 0 0 1 0 0 0 0 0 0 0 1 0 0 0 0 0 0 1 2 3 2 4 13 11 22 31 25 14 32 39 27 46 68 56 45 72 46 30 10 8 5 1 0 1 0 0 0 0 0 0 0 0 0 0 0 0 0
1 0 0 0 0 0 1 2 12 12 24 9 6 1 0 0 0 0 0 0 0 0 0 0 0 0 0 0 0 0 0 0 0 0 0 0 0 0 0 1 0 0 0 0 0 0 0 0 0 0 0 0 0 0 0 0 1 1 1 3 6 6 4 4 17 9 16 21 18 24 26 51 55 58 53 50 26 21 13 3 3 2 3 1 1 0 0 0 0 0 0 0 0 0 0 0
1 0 0 0 0 0 0 1 4 2 16 13 6 1 0 0 0 0 0 0 0 0 0 0 0 0 0 0 0 0 0 0 0 0 0 0 0 0 0 0 0 0 0 0 0 0 0 0 0 0 0 0 0 0 0 0 0 1 1 2 8 4 3 2 3 8 11 8 23 26 33 31 40 54 36 27 26 33 30 21 14 5 2 3 1 1 0 0 0 0 0 0 0 0 0 0
0 0 0 0 0 0 0 1 1 1 5 4 1 0 0 0 0 0 0 0 0 0 0 0 0 0 0 0 0 0 0 0 0 0 0 0 0 0 0 0 0 0 0 0 0 0 0 0 0 0 0 0 0 0 0 0 0 0 1 1 1 1 2 2 2 5 11 8 4 10 18 23 35 50 40 31 11 7 10 8 10 4 2 1 1 0 0 0 0 0 0 0 0 0 0 0
0 0 0 0 0 0 0 0 0 1 2 2 1 0 0 0 0 0 0 0 0 0 0 0 0 0 0 0 0 0 0 0 0 0 0 0 0 0 0 0 0 0 0 0 0 0 0 0 0 0 0 0 0 0 0 0 0 0 1 1 0 0 1 1 2 2 2 4 10 14 20 35 42 56 26 26 27 7 4 2 1 1 0 0 0 0 0 0 0 0 0 0 0 0 0 0
0 0 0 0 0 0 0 0 0 0 0 0 0 0 0 0 0 0 0 0 0 0 0 0 0 0 0 0 0 0 0 0 0 0 0 0 0 0 0 0 0 0 0 0 0 0 0 0 0 0 0 0 0 0 0 0 0 0 0 0 0 0 2 6 5 4 7 20 33 30 44 33 63 63 55 63 38 15 9 6 6 2 1 0 0 1 1 0 0 0 0 0 0 0 0 0
0 0 0 0 0 0 0 0 0 0 0 0 0 0 0 0 0 0 0 0 0 0 0 0 0 0 0 0 0 0 0 0 0 0 0 0 0 0 0 0 0 0 0 0 0 0 0 0 0 0 0 0 0 0 0 0 0 0 0 0 0 1 2 7 6 10 6 21 29 44 26 19 29 33 69 35 14 13 22 21 7 3 2 1 1 1 0 0 0 0 0 0 0 0 0 0
0 0 0 0 0 0 0 0 0 0 0 0 0 0 0 0 0 0 0 0 0 0 0 0 0 0 0 0 0 0 0 0 0 0 0 0 0 0 0 0 0 0 0 0 0 0 0 0 0 0 0 0 0 0 0 0 0 0 0 0 1 2 2 2 5 10 13 17 17 24 67 39 36 43 57 39 54 37 24 20 10 5 2 1 0 0 0 0 0 0 0 0 0 0 0 0
0 0 0 0 0 0 0 0 0 0 0 0 0 0 0 0 0 0 0 0 0 0 0 0 0 0 0 0 0 0 0 0 0 0 0 0 0 0 0 0 0 0 0 0 0 0 0 0 0 0 0 0 0 0 0 0 0 0 0 1 1 2 2 5 10 17 8 26 24 37 35 23 53 58 74 67 31 11 5 4 2 1 1 0 0 0 0 0 0 0 0 0 0 0 0 0
0 0 0 0 0 0 0 0 0 0 0 0 0 0 0 0 0 0 0 0 0 0 0 0 0 0 0 0 0 0 0 0 0 0 0 0 0 0 0 0 0 0 0 0 0 0 0 0 0 0 0 0 0 0 0 0 0 0 0 2 4 2 3 11 12 8 11 9 9 21 32 25 26 27 61 55 48 36 6 4 2 1 0 1 0 0 0 0 0 0 0 0 0 0 0 0
0 0 0 0 0 0 0 0 0 0 0 0 0 0 0 0 0 0 0 0 0 0 0 0 0 0 0 0 0 0 0 0 0 0 0 0 0 0 0 0 0 0 0 0 0 0 0 0 0 0 0 0 0 0 0 0 0 0 1 2 5 5 6 4 10 10 16 46 47 26 50 51 36 44 64 70 35 25 15 6 4 1 1 0 1 1 0 0 0 0 1 0 0 0 0 0
0 0 0 0 0 0 0 0 0 0 0 0 0 0 0 0 0 0 0 0 0 0 0 0 0 0 0 0 0 0 0 0 0 0 0 0 0 0 0 0 0 0 0 0 0 0 0 0 0 0 0 1 0 0 0 0 0 0 1 2 3 4 7 7 5 9 13 25 30 31 48 57 34 49 74 73 38 22 14 6 3 1 1 1 1 1 1 0 1 1 0 0 0 0 0 0
0 0 0 0 0 0 0 0 0 0 0 0 0 0 0 0 0 0 0 0 0 0 0 0 0 0 0 0 0 0 0 0 0 0 0 0 0 0 0 0 0 0 0 0 0 0 0 0 0 0 0 0 1 1 1 0 1 1 1 3 4 6 10 16 12 4 3 8 13 36 34 34 33 32 60 73 42 48 24 6 2 1 2 2 3 1 1 1 1 1 0 0 0 0 0 0
0 0 0 0 0 0 0 0 0 0 0 0 0 0 0 0 0 0 0 0 0 0 0 0 0 0 0 0 0 0 0 0 0 0 0 0 0 0 0 0 0 0 0 0 0 1 0 0 0 0 0 0 0 1 1 1 2 2 2 3 4 6 6 11 14 22 14 11 10 20 29 32 27 32 46 71 42 36 17 4 4 2 5 3 5 4 4 4 1 0 0 0 0 0 0 0
0 0 0 0 0 0 0 0 0 0 0 0 0 0 0 0 0 0 0 0 0 0 0 0 0 0 0 0 0 0 0 0 0 0 0 0 0 0 0 0 0 0 0 0 0 0 1 0 1 0 0 0 0 0 0 0 3 12 4 4 6 5 8 9 14 28 30 21 16 31 30 27 47 64 61 70 58 41 25 9 6 6 10 5 8 3 1 0 0 0 0 0 0 0 0 0
0 0 0 0 0 0 0 0 0 0 0 0 0 0 0 0 0 0 0 0 0 0 0 0 0 0 0 0 0 0 0 0 0 0 0 0 0 0 0 0 0 0 1 0 0 1 1 1 0 1 0 0 0 0 1 1 2 3 4 10 21 14 8 10 15 31 46 35 26 32 32 34 52 49 66 68 44 40 28 20 10 12 9 18 11 4 1 0 1 0 0 0 0 0 0 0
0 0 0 0 0 0 0 0 0 0 0 0 0 0 0 0 0 0 0 0 0 0 0 0 0 0 0 0 0 0 0 0 0 0 0 0 0 0 0 0 0 0 0 1 0 0 0 1 1 2 1 1 0 0 1 1 2 3 2 4 5 7 13 37 18 18 22 33 21 39 24 21 17 31 54 73 50 47 29 23 24 39 14 17 20 8 1 1 1 1 0 0 0 0 0 0
0 0 0 0 0 0 0 0 0 0 0 0 0 0 0 0 0 0 0 0 0 0 0 0 0 0 0 0 0 0 0 0 0 0 0 0 0 0 0 0 0 0 1 0 0 0 1 0 1 3 6 3 2 1 1 2 1 1 1 4 8 5 15 8 32 22 11 11 15 12 47 61 51 52 46 62 28 29 31 42 60 27 36 15 5 3 1 0 0 0 0 0 0 0 0 0
0 0 0 0 0 0 0 0 0 0 0 0 0 0 0 0 0 0 0 0 0 0 0 0 0 0 0 0 0 0 0 0 0 0 0 0 0 0 0 0 0 0 0 1 0 0 1 1 0 1 2 3 4 2 1 1 2 3 2 4 5 10 16 27 28 56 28 17 26 24 39 53 45 68 47 74 27 59 68 62 58 55 34 19 10 4 2 0 0 0 0 0 0 0 0 0
0 0 0 0 0 0 0 0 0 0 0 0 0 0 0 0 0 0 0 0 0 0 0 0 0 0 0 0 0 0 0 0 0 0 0 0 0 0 0 0 0 0 0 0 1 1 1 1 5 1 2 3 8 4 4 1 2 2 8 4 5 8 15 15 20 30 51 42 20 27 40 70 43 46 73 69 73 69 60 72 68 52 21 4 3 2 1 0 0 0 0 0 0 0 0 0
0 0 0 0 0 0 0 0 0 0 0 0 0 0 0 0 0 0 0 0 0 0 0 0 0 0 0 0 0 0 0 0 0 0 0 0 0 0 0 0 0 1 1 1 1 2 3 1 3 4 3 5 9 6 5 3 3 5 6 6 7 7 9 9 12 18 32 56 38 28 32 64 34 33 45 65 70 81 77 75 37 21 11 6 3 1 0 0 0 0 0 0 0 0 0 0
0 0 0 0 0 0 0 0 0 0 0 0 0 0 0 0 0 0 0 0 0 0 0 0 0 0 0 0 0 0 0 0 0 0 0 0 0 0 0 0 0 1 1 1 3 3 2 4 3 13 14 7 5 33 9 9 9 8 7 12 8 11 9 11 11 30 45 45 56 70 49 23 54 37 68 70 48 68 71 72 41 17 13 4 2 2 2 1 0 0 0 0 0 0 0 0
0 0 0 0 0 0 0 0 0 0 0 0 0 0 0 0 0 0 0 0 0 0 0 0 0 0 0 0 0 0 0 0 0 0 0 0 0 0 0 0 0 1 1 1 4 3 11 5 11 15 19 19 15 28 15 11 11 10 10 18 10 8 11 18 19 28 30 51 46 22 59 54 50 56 55 47 40 43 32 53 61 32 19 15 11 5 2 1 1 0 0 0 0 0 0 0
0 0 0 0 0 0 0 0 0 0 0 0 0 0 0 0 0 0 0 0 0 0 0 0 0 0 0 0 0 0 0 0 0 0 0 0 0 0 0 1 0 1 1 1 4 6 13 15 20 13 34 37 44 45 36 30 31 20 11 29 24 13 7 13 22 41 42 55 66 74 54 58 50 72 50 61 46 44 35 15 12 29 19 14 6 3 2 2 1 0 0 0 0 0 0 0
0 0 0 0 0 0 0 0 0 0 0 0 0 0 0 0 0 0 0 0 0 0 0 0 0 0 0 0 0 0 0 0 0 0 0 0 0 0 0 1 1 1 1 4 9 7 8 6 15 31 38 48 55 55 61 45 44 43 30 43 22 17 10 11 23 14 34 44 57 64 59 47 33 58 59 54 46 44 39 39 26 18 17 10 6 4 8 1 0 0 0 0 0 0 0 0
0 0 0 0 0 0 0 0 0 0 0 0 0 0 0 0 0 0 0 0 0 0 0 0 0 0 0 0 0 0 0 0 0 0 1 0 0 0 0 0 0 1 3 2 13 23 11 15 22 29 47 55 62 59 50 70 54 53 56 53 32 37 14 25 31 46 30 41 42 50 44 54 71 48 66 44 54 56 57 52 31 25 16 5 5 4 3 1 1 0 0 0 0 0 1 1
0 0 0 0 0 0 0 0 0 0 0 0 0 0 0 0 0 0 0 0 0 0 0 0 0 0 0 0 0 0 0 0 1 1 1 1 0 0 0 0 1 0 1 2 8 12 23 29 27 33 50 59 66 63 75 81 64 62 65 63 58 45 23 40 42 42 26 26 30 36 40 50 64 62 45 51 68 70 51 50 47 25 15 6 3 2 2 1 0 0 0 0 0 0 1 2
0 0 0 0 0 0 0 0 0 0 0 0 0 0 0 0 0 0 0 0 0 0 0 0 0 0 0 0 0 0 0 0 0 1 0 1 1 1 1 3 6 1 1 1 3 4 8 52 51 56 30 59 62 74 81 52 53 75 71 68 69 63 47 48 67 57 38 26 31 29 35 36 38 72 72 58 58 71 62 46 39 30 24 7 2 2 1 0 0 0 0 0 0 0 1 2
0 0 0 0 0 0 0 0 0 0 0 0 0 0 0 0 0 0 0 0 0 0 0 0 0 0 0 0 0 0 0 0 0 1 1 0 0 0 0 1 2 6 4 2 4 12 11 35 36 57 66 53 66 70 68 72 67 43 79 80 71 67 51 48 63 56 40 26 32 40 36 45 49 61 71 54 63 66 57 44 42 40 21 9 4 1 1 0 0 0 0 0 0 0 1 2
0 1 0 0 0 0 0 0 0 0 0 0 0 0 0 0 0 0 0 0 0 0 0 0 0 0 0 0 0 0 0 0 0 1 1 0 0 0 0 0 1 2 6 15 21 14 18 9 13 16 20 36 64 65 59 72 57 64 58 79 73 66 53 51 73 39 28 25 23 37 43 57 70 74 53 48 48 55 42 30 28 24 16 8 2 1 1 1 0 0 0 0 0 0 1 1
0 2 1 0 0 0 0 0 0 0 0 0 0 0 0 0 0 0 0 0 0 0 0 0 0 0 0 0 0 0 0 0 0 0 0 0 0 0 0 1 1 1 2 10 11 11 4 4 15 14 22 32 60 52 58 74 78 75 79 71 68 73 68 65 45 24 41 40 19 29 32 44 64 39 33 30 32 35 23 24 28 19 7 5 2 1 1 1 1 0 0 0 0 0 1 1
1 1 0 0 0 0 0 0 0 0 0 0 0 0 0 0 0 0 0 0 0 0 0 0 0 0 0 0 0 0 0 0 0 0 0 0 0 0 0 0 0 1 1 1 3 4 4 13 22 16 17 49 24 50 73 47 78 64 50 48 83 77 72 47 19 26 42 48 35 45 45 33 61 28 40 33 35 34 41 31 24 16 12 9 5 3 2 1 1 0 0 0 0 0 0 0
3 0 0 0 0 0 0 0 0 0 0 0 0 0 0 0 0 0 0 0 0 0 0 0 0 0 0 0 0 0 0 0 0 0 0 0 0 0 0 0 1 1 1 2 1 1 8 13 18 16 22 24 33 46 37 46 47 44 36 36 25 53 63 46 51 26 66 67 58 47 57 65 71 68 59 60 58 54 55 38 32 33 20 19 8 2 2 1 1 0 0 0 0 0 0 1
2 1 0 0 0 0 0 0 0 0 0 0 0 0 0 0 0 0 0 0 0 0 0 0 0 0 0 0 0 0 0 0 0 0 0 0 0 0 0 0 0 0 1 1 1 1 4 7 11 23 20 20 35 30 33 46 44 59 62 47 38 49 63 54 71 42 58 72 67 36 48 77 47 68 73 69 67 58 56 56 50 32 12 8 6 3 2 1 0 0 0 0 0 0 0 1
2 2 2 1 0 0 0 0 0 0 0 0 0 0 0 0 0 0 0 0 0 0 0 0 0 0 0 0 0 0 0 0 0 0 0 0 0 0 0 0 0 0 1 1 1 1 3 10 24 28 27 35 29 50 30 50 49 27 41 51 46 46 69 91 93 75 66 64 57 38 41 24 19 37 32 33 32 39 50 46 30 21 15 11 8 4 2 1 0 0 0 0 0 0 0 1
6 5 2 1 1 0 0 0 0 0 0 0 0 0 0 0 0 0 0 0 0 0 0 0 0 0 0 0 0 0 0 0 0 0 0 0 0 0 0 0 0 0 1 0 1 3 3 2 13 13 18 17 13 24 39 44 18 23 36 53 56 52 49 60 40 76 55 66 25 19 49 59 54 49 47 50 42 25 14 22 28 12 12 21 8 4 2 1 1 0 0 0 0 0 0 0
5 4 2 1 0 0 0 0 0 0 0 0 0 0 0 0 0 0 0 0 0 0 0 0 0 0 0 0 0 0 0 0 0 0 0 0 0 0 0 0 0 0 0 0 2 3 2 2 6 6 7 2 3 3 5 5 11 32 34 36 55 59 44 44 31 42 39 16 43 38 22 41 70 66 36 36 54 56 64 52 41 20 5 10 11 4 2 2 1 0 0 0 0 0 0 0
5 4 1 1 0 0 0 0 0 0 0 0 0 0 0 0 0 0 0 0 0 0 0 0 0 0 0 0 0 0 0 0 0 0 0 0 0 0 0 0 0 0 1 1 1 3 2 1 1 2 1 2 3 5 6 9 15 14 36 27 37 27 32 22 17 14 34 27 37 41 37 25 25 49 27 29 56 72 60 50 29 14 10 12 7 2 1 1 1 1 0 0 0 0 0 1
6 2 1 1 1 1 1 0 0 0 0 0 0 0 0 0 0 0 0 0 0 0 0 0 0 0 0 0 0 0 0 0 0 0 0 0 0 0 0 0 0 0 1 1 1 1 1 1 2 2 3 8 10 14 17 25 17 30 15 14 24 49 46 34 48 45 43 28 46 34 51 54 24 41 41 51 63 54 40 26 18 13 7 5 3 1 0 1 1 1 0 0 0 0 1 2
5 2 2 1 3 2 0 0 0 0 0 0 0 0 0 0 0 0 0 0 0 0 0 0 0 0 0 0 0 0 0 0 0 0 0 0 0 0 0 0 0 0 0 0 1 1 2 2 3 2 2 11 27 26 30 40 43 31 45 22 33 44 69 62 47 59 52 48 36 43 62 69 32 43 36 44 73 63 49 42 23 17 8 4 6 1 2 2 1 0 0 0 0 0 1 2
3 3 3 4 2 1 1 0 0 0 0 0 0 0 0 0 0 0 0 0 0 0 0 0 0 0 0 0 0 0 0 0 0 0 0 0 0 0 0 0 0 0 0 0 1 1 3 5 9 5 12 22 21 30 35 38 45 46 53 54 43 51 48 60 63 64 55 48 29 21 29 29 23 27 45 59 48 39 32 18 22 18 8 2 0 1 2 1 1 0 0 0 0 0 1 1
2 5 8 8 3 1 1 1 1 1 0 0 0 0 0 0 0 0 0 0 0 0 0 0 0 0 0 0 0 0 0 0 0 0 0 0 0 0 0 0 0 0 0 0 0 1 2 5 12 20 42 36 23 25 45 63 44 51 69 66 55 40 45 57 45 32 40 33 19 40 47 30 21 29 39 33 36 24 23 19 17 4 2 2 3 2 2 1 1 0 0 0 0 1 1 1
5 9 6 8 5 2 2 3 2 1 1 0 0 0 0 0 0 0 0 0 0 0 0 0 0 0 0 0 0 0 0 0 0 0 0 0 0 0 1 1 1 1 1 1 1 1 1 2 4 5 19 39 58 50 42 63 48 59 75 71 72 35 29 28 26 28 32 40 17 46 41 43 31 28 16 16 16 7 10 12 8 8 11 5 10 2 1 1 0 0 0 0 0 1 1 1
11 12 12 11 7 5 5 4 3 2 1 0 0 0 0 0 0 0 0 0 0 0 0 0 0 0 0 0 0 0 0 0 0 0 0 0 0 0 0 1 2 4 3 2 2 1 2 4 5 7 11 20 30 64 64 57 75 70 52 63 72 72 56 34 21 11 20 37 21 46 53 44 31 20 23 35 29 41 43 32 28 32 23 9 4 2 2 1 0 0 0 0 1 1 2 3
27 15 11 5 12 7 5 3 2 1 0 0 0 0 0 0 0 0 0 0 0 0 0 0 0 0 0 0 0 0 0 0 0 0 0 0 0 0 0 1 4 4 8 5 3 4 6 8 15 14 21 34 43 42 49 53 66 71 69 68 45 57 46 70 61 26 18 24 47 62 58 59 57 52 25 38 54 70 59 50 43 22 6 2 3 2 0 0 0 0 0 0 1 2 3 4
39 25 9 4 7 6 2 2 1 0 0 0 0 0 0 0 0 0 0 0 0 0 0 0 0 0 0 0 0 0 0 1 0 0 1 0 1 1 0 1 3 5 8 12 8 7 13 14 18 27 23 42 50 45 48 55 39 43 64 59 60 58 30 43 35 29 13 45 53 47 48 40 40 49 44 68 50 43 59 49 34 12 13 7 2 1 1 0 0 0 0 0 0 1 4 10
29 19 7 2 3 3 1 1 1 0 1 1 0 0 0 0 0 0 0 0 0 0 0 0 0 0 0 0 0 0 0 1 1 0 1 1 1 3 3 2 4 8 11 16 15 8 16 25 36 36 29 62 57 53 51 52 54 18 21 26 16 23 41 42 17 38 44 67 28 21 24 26 35 53 71 72 66 35 48 27 21 17 9 6 3 1 1 0 0 0 0 0 1 1 2 5
24 12 4 2 1 1 1 1 1 1 1 1 0 0 0 0 0 0 0 0 0 0 0 0 0 0 0 0 0 0 0 0 0 1 2 2 2 3 2 5 11 9 18 20 22 10 16 28 33 42 49 59 54 57 57 38 34 38 44 42 38 44 39 33 32 6 27 13 14 16 41 65 67 67 57 64 67 62 50 33 29 14 10 6 3 1 0 0 0 0 1 1 1 1 2 3
31 19 13 9 8 4 5 4 4 2 1 1 0 0 0 0 0 0 0 0 0 0 0 0 0 0 0 0 0 1 1 0 0 1 2 3 5 4 3 4 4 5 3 3 9 20 35 33 39 36 44 52 53 56 52 63 50 21 65 65 44 40 35 29 34 13 27 32 46 42 57 61 66 77 67 51 65 52 52 28 27 26 12 4 2 0 0 0 0 1 1 1 1 2 4 5
43 30 35 26 10 1 1 2 3 2 1 1 1 0 0 0 0 0 0 0 0 0 0 0 0 0 0 1 1 1 1 1 1 1 3 5 7 5 8 4 5 7 7 5 6 7 26 46 50 52 34 35 52 55 55 54 52 69 51 40 47 59 63 59 25 11 30 43 49 53 60 38 52 53 51 54 58 66 60 55 42 21 13 3 1 0 0 0 1 1 1 1 2 5 7 14
53 49 19 6 2 1 6 5 2 1 1 2 1 1 0 0 0 0 0 0 0 0 0 0 0 0 0 0 1 1 2 2 1 1 2 5 9 12 13 6 15 9 16 12 8 10 11 18 55 70 48 33 50 64 53 53 55 46 63 61 45 47 63 57 18 23 17 13 49 71 72 67 64 64 49 63 63 59 40 41 26 14 19 7 1 0 0 0 1 1 1 2 2 3 7 14
46 22 14 5 3 6 9 4 2 1 2 1 1 1 0 0 0 0 0 0 0 0 0 0 0 0 0 1 1 3 3 4 2 1 1 4 3 7 11 15 27 28 17 26 26 9 12 43 54 62 51 35 41 41 66 49 41 51 33 37 38 59 56 43 30 25 34 39 38 28 57 70 66 78 69 53 75 57 36 29 30 15 3 10 2 0 0 0 1 1 2 2 3 3 5 6
20 25 26 8 7 15 7 6 6 4 2 1 0 0 0 0 0 0 0 0 0 0 0 0 0 0 0 1 2 2 5 5 2 2 2 2 3 6 3 20 28 38 35 20 43 20 21 52 53 32 68 35 46 41 42 74 60 50 75 63 35 37 43 44 25 28 27 26 38 61 63 70 72 56 76 59 45 38 49 19 23 13 4 1 2 0 0 0 1 1 2 2 5 12 13 8
26 26 30 30 26 19 15 10 3 2 1 0 0 0 1 0 0 0 0 0 0 0 0 0 0 0 0 1 1 1 2 2 5 8 5 4 4 6 6 11 14 32 36 51 41 35 32 56 46 38 62 62 25 41 44 24 22 23 49 48 55 22 28 31 22 44 40 52 40 61 71 63 50 63 48 65 49 50 39 29 23 3 1 0 0 0 0 1 1 1 2 2 7 16 14 14
55 49 47 31 27 16 6 6 2 1 1 1 1 1 0 0 0 0 0 0 0 0 0 0 0 0 1 0 1 2 6 6 9 13 13 10 6 6 15 10 20 14 22 60 59 52 43 59 28 30 48 33 30 32 37 48 26 24 24 26 25 49 51 39 33 20 42 51 32 25 16 23 34 27 44 40 48 47 31 22 13 4 1 0 0 0 0 1 1 1 2 2 4 8 12 18
57 44 36 36 21 5 3 3 3 2 1 3 2 1 0 0 0 0 0 0 0 0 0 0 0 1 1 1 2 1 5 10 16 16 17 27 7 5 11 19 20 23 31 46 65 51 40 56 64 60 40 57 81 38 45 48 37 25 24 33 13 15 27 29 49 15 22 33 58 55 39 33 29 8 7 14 21 22 27 15 6 4 2 0 0 0 1 1 1 1 1 3 6 3 7 8
51 32 25 24 13 9 7 3 4 4 3 1 0 0 0 0 0 0 0 0 0 0 0 0 1 1 2 2 3 5 6 12 33 25 17 35 18 13 16 15 27 27 43 49 63 48 33 48 66 76 53 54 71 62 36 47 47 46 27 33 40 32 23 21 44 12 34 63 56 60 60 59 41 36 27 17 7 10 11 15 7 1 0 0 0 0 0 1 1 1 2 3 4 5 12 19
31 28 35 18 17 12 8 13 3 1 0 0 1 1 1 0 0 0 0 0 0 0 0 0 0 1 2 4 7 7 20 28 37 39 39 21 35 25 18 26 42 43 50 56 36 55 73 52 40 22 49 46 26 60 56 40 51 43 27 16 21 42 22 19 25 43 47 47 57 60 64 55 36 54 50 44 29 18 7 4 4 1 0 0 0 0 0 0 1 1 2 2 3 4 7 9
50 32 43 27 21 42 19 5 3 2 2 2 2 1 0 0 0 0 0 0 0 0 0 0 0 1 2 4 7 12 19 41 59 58 52 52 41 56 44 32 54 65 50 32 44 65 71 68 43 44 43 56 54 37 44 44 44 36 36 24 13 28 29 9 9 19 30 44 51 59 72 81 64 51 58 53 61 29 12 3 2 1 0 0 0 0 0 1 1 1 2 3 5 6 8 12
48 44 25 19 18 8 11 11 9 8 5 1 1 0 0 0 0 0 0 0 0 0 0 0 1 1 2 4 6 8 11 30 49 76 70 40 50 66 65 37 45 73 54 48 35 58 70 67 79 60 46 43 59 72 54 24 48 55 48 23 15 11 10 8 23 19 61 70 82 54 40 67 74 42 16 22 32 31 10 3 1 0 0 0 0 0 0 0 1 2 2 3 5 8 9 12
30 35 29 17 7 3 2 8 4 2 3 1 0 0 0 0 0 0 0 0 0 0 0 1 2 3 5 4 4 4 8 18 30 57 80 37 33 75 73 43 42 66 70 47 46 56 56 68 72 66 21 21 47 53 32 29 43 39 38 52 18 14 14 16 19 39 20 17 38 84 55 35 43 47 16 8 11 27 9 2 1 0 0 0 0 0 0 0 1 1 3 3 5 6 13 19
32 30 20 15 17 15 6 7 4 2 1 1 0 0 0 0 0 0 0 0 0 0 0 1 2 3 4 5 9 11 10 13 18 29 52 73 44 44 79 74 46 46 69 54 44 53 53 66 75 71 49 21 64 51 42 32 25 9 12 20 12 6 4 22 25 23 27 50 50 62 65 38 30 11 6 3 1 7 7 1 0 0 0 0 0 0 0 1 1 2 2 2 4 6 5 10
17 14 10 14 9 9 4 7 3 2 1 1 0 0 0 0 0 0 0 0 0 0 0 0 1 2 3 3 4 5 23 14 20 18 39 57 82 46 30 72 65 49 74 57 35 47 50 63 51 59 65 32 30 36 28 47 17 17 11 10 7 15 15 33 19 34 44 40 37 67 62 40 26 29 14 6 1 1 2 2 0 0 0 0 0 0 1 1 1 2 2 6 8 10 12 12
23 21 27 34 14 11 4 5 3 1 1 0 0 0 0 0 0 0 0 0 0 0 0 0 1 2 1 7 8 6 27 50 67 60 65 76 71 65 53 38 39 64 63 49 34 35 54 62 61 40 66 32 33 32 32 42 31 13 15 28 13 12 16 31 73 53 62 57 47 49 27 39 41 38 21 8 3 1 1 1 0 0 0 0 0 1 1 0 1 1 2 3 6 10 15 23
34 32 24 20 13 13 7 3 2 1 1 0 0 0 0 0 0 0 0 0 0 0 0 0 1 1 1 1 4 15 23 35 47 55 28 28 47 71 70 70 34 30 72 53 34 45 41 27 64 38 25 43 15 29 18 15 33 11 16 18 12 10 29 33 58 51 37 39 32 31 52 54 59 40 28 11 1 1 0 0 0 0 0 0 0 0 0 0 1 1 2 1 3 3 8 14
7 11 12 12 9 9 8 5 4 1 1 1 1 0 0 0 0 0 0 0 0 0 0 0 0 0 1 3 5 6 17 11 10 16 35 55 63 42 59 78 78 62 61 48 57 33 34 27 16 19 26 12 30 17 33 10 10 16 7 7 5 9 11 21 16 16 29 47 48 61 68 59 35 24 6 11 4 2 0 0 0 0 0 0 0 0 0 1 1 3 2 5 5 3 9 19
6 4 6 6 4 4 7 5 3 3 2 1 1 0 0 0 0 0 0 0 0 0 0 0 0 0 1 1 2 3 7 13 12 31 43 52 45 49 45 72 52 40 35 45 54 51 52 23 19 44 20 24 13 22 36 15 7 6 13 5 11 13 41 37 42 39 53 59 62 64 68 48 40 23 5 2 2 1 0 0 0 0 0 0 0 0 1 1 2 1 1 3 3 4 5 8
12 9 9 6 3 1 1 5 4 3 1 1 0 0 0 0 0 0 0 0 0 0 1 1 0 0 0 0 0 2 4 12 16 45 53 54 54 43 44 32 42 31 31 24 31 40 60 26 22 23 10 10 21 30 27 17 16 15 6 10 38 20 43 69 50 50 56 57 60 75 72 70 48 23 9 4 1 0 0 0 0 0 0 0 0 0 1 1 1 1 3 4 5 9 9 11
21 23 10 7 6 5 5 5 2 1 1 1 0 0 0 0 0 0 0 1 1 1 1 1 1 1 1 1 2 3 3 6 19 34 65 62 42 55 45 32 42 43 42 40 30 22 13 41 29 17 18 16 15 17 3 28 17 6 6 16 35 46 40 77 74 79 80 47 28 25 64 72 85 52 9 4 2 1 0 0 0 0 0 0 0 0 1 1 2 2 4 7 5 10 18 12
33 17 16 27 20 10 7 5 3 1 1 1 0 0 0 0 0 0 1 2 3 1 2 3 3 2 1 4 4 5 7 4 16 32 51 37 58 42 41 33 44 43 30 47 27 15 15 11 16 9 22 15 8 9 15 5 4 8 5 30 53 54 51 82 88 80 81 91 78 55 47 50 63 42 32 9 4 1 0 0 0 0 0 0 1 1 1 2 2 2 4 5 10 9 12 26
11 5 2 17 9 5 5 2 1 1 1 0 0 0 0 0 0 0 1 1 4 7 5 5 4 3 4 5 6 6 7 10 10 27 33 30 25 36 39 33 53 43 45 56 33 28 24 18 21 7 29 10 5 3 12 17 2 4 18 19 34 27 17 59 84 70 75 86 91 80 33 17 10 15 17 1 0 0 0 0 0 0 0 0 1 1 0 1 1 3 5 4 6 6 15 19
