sesion_6_simulaciones/modelos_agentes/ejemplos_netlogo/scenarios/cgcm2_b2/rob_2081.asc
NCOLS 322 
NROWS 307 
XLLCORNER 451900 
YLLCORNER 4086900 
CELLSIZE 100 
NODATA_value -9999 
[rows 222 to 295 of 307, columns 0 to 95 of 322]
4 6 12 23 26 15 31 24 4 13 15 16 34 12 11 6 6 3 3 4 11 17 24 27 18 16 12 28 41 20 11 34 48 16 37 28 17 19 30 54 21 21 37 42 37 68 39 54 60 83 82 52 40 41 39 23 35 49 33 42 48 31 23 48 32 38 21 25 16 11 10 6 2 1 1 1 0 0 0 0 0 0 0 0 0 1 1 4 4 2 1 1 4 6 14 6
11 13 8 6 10 16 20 34 21 8 9 21 23 11 5 6 6 12 16 15 19 27 16 54 30 27 23 22 30 34 19 25 16 19 44 11 13 17 24 50 49 28 25 44 15 11 24 13 18 60 70 56 54 38 32 33 20 24 39 45 36 52 26 31 43 21 18 20 20 9 3 3 2 1 0 0 0 0 0 0 0 0 0 0 0 1 1 3 7 8 2 5 8 9 2 1
14 24 37 59 34 28 29 33 18 26 31 47 20 11 11 16 13 30 11 14 55 12 21 24 25 19 12 41 31 23 21 23 17 32 23 14 19 25 22 44 30 32 28 72 71 56 46 48 41 24 30 47 34 30 23 22 22 32 32 32 35 38 23 50 49 26 18 11 9 4 3 3 1 1 1 0 0 0 0 0 0 0 0 1 1 2 1 5 15 15 5 9 13 9 2 1
14 34 41 39 59 64 25 20 13 38 47 28 18 10 13 15 5 2 2 28 13 20 44 24 15 30 19 23 18 12 16 15 30 7 7 25 14 28 19 30 27 39 51 33 42 61 49 69 67 44 26 30 20 30 16 17 21 36 27 24 32 18 15 12 17 14 8 8 4 2 2 1 1 1 0 0 0 0 0 0 0 0 1 1 1 5 7 9 29 25 22 20 7 4 2 2
3 8 13 11 31 71 48 5 22 34 47 15 25 22 4 3 2 1 13 46 11 25 35 44 24 23 14 5 15 8 15 30 21 10 20 21 25 32 17 23 50 67 56 33 47 53 58 32 68 78 32 26 12 18 18 27 22 19 19 15 11 7 11 6 5 8 9 4 2 1 1 1 1 0 0 0 0 0 0 0 0 0 1 1 1 6 18 25 35 43 22 8 6 3 2 1
19 11 16 24 26 28 9 13 15 21 35 38 43 9 2 2 10 19 34 54 18 18 25 57 37 12 21 7 9 16 5 14 34 12 8 7 20 26 59 69 34 30 24 66 37 43 67 48 43 19 35 39 35 30 29 30 31 19 16 12 11 5 6 4 4 5 4 1 1 1 1 0 0 0 0 0 0 0 0 0 0 1 2 2 2 5 20 50 34 4 3 2 2 2 1 1
13 12 12 32 23 24 24 20 12 32 34 24 19 7 12 33 33 36 38 52 14 22 18 40 5 5 16 4 11 17 5 4 17 11 6 15 11 9 52 68 48 31 53 41 83 57 31 41 38 35 25 49 45 42 44 36 19 20 8 5 4 1 0 1 2 2 2 1 1 1 0 0 0 0 0 0 0 0 0 0 1 2 2 3 6 11 16 50 21 7 5 3 2 2 1 1
3 7 25 16 15 19 28 26 21 25 19 39 26 26 24 39 29 15 41 30 12 12 10 9 3 19 5 1 11 8 4 8 5 9 27 44 26 24 13 28 37 22 18 16 43 78 55 37 34 35 30 31 30 43 51 47 21 14 4 3 1 1 1 5 4 2 1 1 1 0 0 0 0 0 0 0 1 0 1 1 3 2 5 5 15 24 29 29 12 6 7 11 4 2 1 1
13 12 16 18 26 25 41 19 29 23 13 27 17 40 21 32 28 17 19 44 4 6 5 4 7 2 5 5 4 7 2 5 3 7 8 21 20 50 20 8 31 47 44 40 55 26 36 27 21 25 20 20 33 33 29 28 29 18 15 4 5 3 2 2 3 1 0 0 0 0 0 0 0 0 0 0 1 1 1 2 6 3 10 7 9 38 65 28 15 19 23 11 4 2 1 0
4 14 21 25 13 15 17 42 12 19 15 11 19 20 12 27 23 12 7 12 5 3 3 7 4 3 3 2 2 3 2 4 20 12 8 6 34 18 26 22 9 20 66 72 80 49 23 15 31 35 35 15 24 32 24 25 18 5 7 11 5 3 1 2 1 1 1 0 0 0 0 0 0 0 0 1 1 2 4 7 12 13 14 8 6 21 50 20 13 33 21 7 3 2 1 1
3 4 12 22 17 16 12 28 12 11 12 11 8 14 9 12 35 7 4 7 2 2 1 3 2 3 1 1 2 2 3 4 8 25 13 19 11 16 27 9 19 17 17 34 35 26 28 17 31 23 36 21 20 18 17 28 13 7 2 2 3 1 0 1 0 1 1 1 0 0 0 0 0 0 1 1 2 5 10 18 26 39 20 12 9 13 27 27 31 22 8 4 2 1 2 2
1 1 9 6 8 22 13 9 17 9 19 11 9 14 10 6 8 3 4 2 2 1 1 1 1 2 1 1 2 2 1 3 3 4 4 10 6 8 12 6 15 29 56 32 33 17 21 8 12 14 21 16 16 20 22 12 8 3 1 0 2 4 1 2 2 1 1 1 0 0 0 0 0 1 1 1 3 11 13 30 52 46 31 34 15 19 55 54 36 15 11 5 3 4 3 1
2 1 1 4 5 10 24 26 37 6 8 14 2 9 3 4 12 1 2 3 2 3 0 1 2 1 0 3 5 11 11 1 5 5 13 17 20 25 19 26 38 43 50 57 56 57 58 29 29 45 32 18 14 12 10 8 4 2 1 2 2 5 5 2 1 1 0 0 0 0 0 1 1 1 2 1 4 12 20 35 37 58 46 50 37 65 44 44 23 26 20 17 9 5 3 2
0 0 2 4 5 6 5 12 7 10 10 5 1 1 1 1 5 1 0 1 0 1 1 1 1 1 0 1 4 3 25 41 26 27 43 26 31 21 22 34 47 46 47 69 42 28 29 8 18 34 46 32 16 9 8 7 7 5 13 6 3 3 2 2 1 0 0 0 0 0 1 1 3 2 4 2 3 9 25 39 64 53 57 53 68 49 48 44 18 20 38 27 16 5 3 4
0 1 0 0 1 4 4 6 5 4 2 5 1 3 0 2 1 0 0 0 0 0 0 0 1 1 5 3 6 3 6 23 64 40 58 82 82 59 58 58 20 65 70 61 76 62 63 38 33 37 32 26 27 11 10 21 17 10 6 3 3 5 3 1 0 0 0 0 0 0 0 1 5 7 7 4 6 5 15 17 62 74 70 37 31 77 43 46 42 46 23 23 16 11 6 5
0 0 0 0 1 2 1 5 10 4 1 0 1 0 0 1 1 8 0 2 9 4 1 1 1 0 1 1 2 4 5 6 10 58 47 78 83 79 74 61 60 29 75 76 77 57 69 45 33 34 18 16 7 10 4 3 6 6 5 3 2 1 0 0 0 0 0 0 0 0 1 2 4 10 12 6 7 12 15 16 49 70 60 26 63 62 49 66 64 41 37 31 24 13 19 11
0 0 0 2 3 1 1 5 4 2 1 0 0 0 0 0 0 0 2 2 2 11 5 1 1 0 1 1 2 5 5 10 16 15 11 53 84 50 80 47 56 57 50 71 66 61 42 23 50 44 31 25 28 22 12 7 5 3 3 2 1 0 0 0 0 0 0 0 0 0 1 3 5 14 31 16 10 16 29 38 60 73 45 42 60 25 14 27 35 16 16 27 17 16 9 4
0 0 0 0 0 1 1 1 1 1 1 0 0 0 0 0 0 0 0 1 1 0 15 5 1 0 1 3 3 6 7 6 15 22 14 18 49 70 62 62 62 54 58 53 57 68 60 36 16 39 35 31 24 27 20 8 5 2 2 1 1 0 0 1 0 0 0 0 0 1 2 2 7 10 27 37 16 16 20 60 62 82 37 42 69 30 31 26 17 11 9 16 13 8 2 1
0 0 0 0 0 0 0 0 1 1 1 0 0 0 0 0 0 0 1 2 1 1 1 5 5 1 2 11 8 8 15 13 19 34 29 22 26 59 47 56 26 34 24 37 39 39 13 42 26 23 28 18 16 20 17 15 10 6 4 4 2 1 1 0 0 0 0 0 1 2 4 6 7 12 13 42 55 29 50 46 75 69 59 77 32 36 40 33 38 38 19 19 13 7 3 1
0 0 0 0 0 0 0 0 0 1 0 0 0 0 0 0 0 1 1 1 0 0 1 12 4 2 2 2 1 4 7 11 23 27 31 37 22 18 25 18 33 21 10 12 20 31 26 33 17 15 21 17 14 10 9 8 6 3 2 2 1 0 0 0 0 0 0 1 3 3 4 7 13 11 17 19 73 26 32 64 74 54 61 70 61 54 41 65 59 18 18 11 6 2 1 1
0 0 0 0 0 0 0 0 0 0 0 0 0 0 0 0 0 1 2 2 1 1 1 2 2 1 2 7 1 11 19 13 13 26 25 40 40 23 17 10 10 17 23 22 33 32 23 12 15 20 16 13 9 11 7 7 5 2 1 1 1 0 0 0 0 0 1 2 3 5 10 5 3 15 48 41 68 44 48 65 73 68 53 60 46 30 32 54 41 31 11 8 4 2 1 0
0 0 0 0 0 0 0 0 0 0 0 0 1 2 4 1 1 0 0 1 1 2 1 6 11 6 5 6 5 7 18 20 27 32 29 42 42 61 44 18 20 13 15 14 17 14 17 9 7 11 10 13 13 9 5 4 2 1 1 1 1 0 0 0 0 1 3 3 4 7 10 11 6 18 42 30 60 74 51 63 67 69 69 66 46 57 41 42 39 28 15 10 4 2 1 1
0 0 0 0 0 0 0 0 0 0 0 0 0 0 0 8 1 0 0 0 2 1 2 3 1 5 10 27 32 21 15 27 31 41 43 38 44 54 64 59 31 22 22 27 28 17 11 12 16 12 19 18 7 5 7 4 5 3 1 1 0 0 0 0 0 2 3 7 12 17 13 15 10 22 62 36 17 61 85 62 69 71 65 56 45 33 11 29 37 22 11 5 4 3 4 3
0 0 0 0 0 0 0 0 0 0 1 0 0 0 0 0 0 0 0 1 1 3 2 2 6 6 3 6 11 37 45 40 48 59 51 38 53 67 71 61 37 34 29 38 37 41 22 36 20 10 5 4 7 6 2 2 2 1 0 1 1 0 0 1 2 3 5 12 21 25 23 28 20 29 56 65 23 51 67 61 59 40 31 19 26 38 19 21 21 13 10 6 6 5 4 3
0 0 0 0 0 0 0 0 0 0 0 0 0 1 0 0 0 1 0 1 2 1 1 3 2 10 5 2 2 37 26 58 77 53 57 57 42 53 65 66 61 63 49 32 45 55 28 31 20 11 10 9 4 6 3 2 2 2 2 1 1 0 1 1 3 3 5 17 22 39 33 47 24 24 50 67 55 34 68 42 31 20 33 25 24 11 10 15 27 22 11 8 9 7 4 1
0 0 0 0 0 0 0 0 0 0 0 0 0 0 0 0 0 2 0 1 1 1 2 2 2 7 8 5 4 4 6 6 47 46 48 43 32 53 48 36 32 24 21 21 30 48 26 22 17 16 11 7 3 2 1 3 4 3 1 1 0 0 1 1 2 7 14 18 18 31 61 42 48 23 28 62 52 75 46 30 36 26 25 25 34 15 21 23 19 8 9 16 17 8 5 1
0 0 0 0 0 0 0 0 0 0 0 1 0 0 0 0 0 1 1 0 0 1 1 1 3 3 6 7 15 19 10 21 24 17 8 20 29 37 26 32 17 19 11 17 18 21 18 26 12 10 8 7 7 5 1 2 2 4 2 1 0 0 0 2 2 5 6 6 10 13 32 61 73 27 18 46 31 67 29 42 26 26 17 28 32 28 22 11 19 17 18 24 10 6 3 1
0 0 0 0 0 0 0 0 0 0 0 1 0 0 0 0 2 1 1 0 0 1 1 2 3 6 15 17 9 8 7 10 25 29 22 19 39 43 40 36 40 32 50 40 23 22 24 25 20 11 5 6 5 3 4 3 3 1 1 0 0 0 0 1 3 6 10 22 16 10 20 29 51 59 36 31 63 50 39 36 18 33 34 24 14 27 33 26 31 35 19 15 6 3 2 3
0 0 0 0 0 0 0 0 0 0 0 0 0 0 0 1 2 0 2 1 1 1 1 2 20 38 25 7 20 35 33 16 36 34 31 29 40 56 46 42 54 42 32 32 29 28 39 42 24 16 15 11 15 12 7 2 2 2 1 0 0 1 1 1 5 8 17 30 32 18 13 16 37 57 63 36 71 49 48 52 47 28 38 47 39 36 47 37 29 35 32 12 10 5 2 2
0 0 0 0 0 0 0 0 0 0 0 0 0 0 1 1 4 1 0 1 1 4 3 7 18 48 40 16 9 17 23 22 14 19 28 22 27 36 33 59 68 42 48 47 56 50 42 43 28 21 22 24 15 9 7 4 4 2 1 0 0 1 1 3 7 14 35 33 22 21 21 31 35 29 20 71 72 49 40 40 31 37 57 50 52 59 54 61 43 34 17 9 7 6 3 2
0 0 0 0 0 0 0 0 0 1 2 0 0 0 1 1 1 0 0 1 2 3 5 33 15 9 26 22 17 30 42 34 18 11 17 16 31 40 50 49 41 41 71 65 70 61 40 25 19 15 7 13 14 6 4 4 2 1 1 0 0 1 1 5 12 22 35 36 34 44 40 36 62 61 49 50 66 59 31 38 43 54 54 36 49 51 49 34 44 18 10 7 12 6 4 3
0 0 0 0 0 0 0 1 3 2 6 4 1 1 3 2 1 0 0 0 1 1 2 16 3 7 20 41 47 63 80 29 49 29 18 11 22 67 50 54 67 18 25 12 17 35 22 30 16 17 13 14 12 9 3 2 2 1 1 0 0 1 2 5 17 40 34 35 25 63 78 33 64 76 75 61 44 47 41 28 39 38 45 62 53 47 33 28 32 25 21 21 14 11 4 1
0 0 0 0 0 0 0 0 0 0 0 0 1 1 1 1 1 1 1 1 1 1 4 10 2 1 3 20 30 20 45 76 41 53 53 47 47 48 39 43 56 56 45 52 49 33 35 44 27 24 21 10 7 6 4 3 3 3 2 1 1 3 9 13 23 31 38 35 29 27 57 75 43 65 73 71 56 36 55 44 57 62 45 36 49 46 33 24 27 42 34 25 10 5 5 1
0 0 0 0 0 0 0 0 0 0 0 1 1 1 1 1 2 1 0 1 2 2 4 18 4 1 5 3 10 21 7 24 51 40 64 60 38 14 16 14 33 40 36 46 58 61 42 24 35 30 16 21 18 7 5 7 3 3 2 1 2 5 13 24 41 52 35 30 58 52 36 30 67 73 60 70 51 48 71 69 30 28 32 40 40 30 43 32 36 19 17 8 4 4 2 2
0 0 0 0 0 0 0 0 0 0 0 0 0 1 1 0 1 0 0 1 1 5 6 19 9 4 5 8 14 13 13 5 5 13 15 14 15 16 16 11 9 18 16 22 46 47 32 46 41 34 29 22 17 13 12 8 7 3 2 1 3 7 15 35 48 49 37 51 50 72 52 50 30 29 49 50 69 62 41 48 42 56 52 60 51 42 53 48 24 12 10 8 4 1 2 2
0 0 0 0 0 0 0 0 0 0 0 0 0 1 0 1 1 0 0 0 1 5 11 14 5 1 5 14 11 22 25 8 29 37 43 35 36 32 33 17 15 16 49 58 60 39 45 40 44 42 36 23 21 17 13 10 6 3 1 0 1 7 26 43 40 59 44 55 53 46 82 60 45 32 20 65 43 65 53 53 58 72 72 63 53 63 48 38 18 13 11 7 4 3 4 5
0 0 0 0 0 0 0 0 0 0 0 0 3 5 3 10 2 1 0 0 3 6 12 11 5 12 2 13 15 28 14 38 32 23 29 33 26 29 15 25 52 62 38 40 33 45 39 35 46 37 41 32 22 18 13 12 5 4 2 1 1 4 14 44 73 62 44 59 53 44 38 54 63 19 13 31 64 77 73 64 63 63 66 71 64 46 47 31 43 19 9 6 2 5 3 14
0 0 0 0 0 0 0 0 0 0 1 0 3 4 7 1 0 0 0 1 2 4 9 14 18 6 10 10 10 10 16 57 23 23 29 35 36 23 36 39 64 57 55 52 56 56 54 46 58 46 46 29 26 18 16 7 4 3 3 1 2 4 15 34 63 55 66 71 58 73 66 64 60 27 28 47 61 60 65 57 57 56 55 61 51 44 42 46 46 32 12 9 6 9 8 20
0 0 0 0 0 0 0 0 0 1 0 1 1 17 1 1 1 1 0 1 2 3 7 3 4 3 21 4 12 10 31 19 31 43 33 35 35 40 50 46 39 54 60 66 63 66 57 65 57 34 29 25 21 25 21 10 6 4 3 1 3 6 16 31 52 48 43 62 77 62 75 62 66 31 50 59 60 65 46 45 52 54 42 37 39 39 38 35 28 30 22 17 7 15 21 20
0 0 0 0 0 0 0 0 0 0 0 1 0 2 0 0 1 1 2 1 2 6 7 3 3 9 5 8 16 35 40 39 34 37 29 32 47 48 54 50 57 68 71 55 51 67 68 65 47 42 34 29 22 16 15 17 12 6 2 1 3 9 19 33 40 50 42 46 69 82 72 64 55 79 68 40 32 37 50 51 48 51 53 49 37 46 28 42 28 20 23 17 9 18 21 18
0 0 0 0 0 0 0 0 1 0 0 0 0 0 0 0 1 1 1 1 3 2 2 8 9 3 4 16 41 10 11 11 30 28 36 46 48 48 48 49 54 66 53 59 71 64 68 69 44 44 35 29 24 13 13 15 8 7 6 2 2 6 27 40 54 48 46 42 41 41 52 54 54 66 14 37 40 39 35 38 42 40 37 57 49 49 41 39 26 25 23 11 12 25 21 30
0 0 0 0 0 0 0 0 0 0 0 0 0 1 0 0 0 0 0 2 4 2 14 16 3 5 8 15 9 11 14 18 27 22 35 43 47 47 40 70 54 46 50 65 35 55 70 71 66 58 25 24 20 24 22 12 10 11 6 2 1 4 11 36 45 50 77 56 56 53 45 27 44 61 39 49 52 38 39 39 48 44 51 52 49 22 23 19 24 39 25 8 18 37 38 40
0 0 0 0 0 0 0 0 0 1 1 0 0 0 0 1 0 0 0 2 2 10 6 3 3 14 6 8 9 13 16 18 14 23 28 47 31 32 57 48 42 63 72 41 62 62 61 66 54 36 28 36 36 29 26 23 19 13 7 3 2 4 18 28 39 63 75 84 52 61 47 28 30 68 71 34 45 52 57 38 39 42 55 49 33 16 36 31 25 17 10 4 24 39 40 41
0 0 0 0 0 0 0 0 1 1 0 0 0 0 0 0 0 0 1 2 2 2 1 2 10 2 2 6 8 11 26 19 14 30 33 36 36 51 58 62 42 37 47 58 55 60 47 52 47 45 41 50 45 24 25 21 22 11 8 4 3 9 15 31 49 55 70 76 68 65 49 50 54 69 43 36 34 38 45 51 37 70 57 33 40 48 38 27 15 7 5 14 31 42 40 44
0 0 0 0 0 0 0 0 1 0 0 0 0 0 0 0 1 1 2 1 1 1 0 3 2 4 5 11 15 15 13 10 14 18 35 24 62 57 60 35 24 27 38 55 65 60 57 59 60 57 53 50 35 22 18 16 14 12 12 9 5 13 23 41 59 60 53 47 67 77 66 28 40 65 32 39 64 62 60 66 61 47 46 46 48 50 24 24 13 10 11 28 36 40 31 44
0 0 0 0 0 0 0 0 0 0 0 0 0 0 0 1 0 1 1 4 2 2 0 2 3 7 9 19 8 5 11 13 26 23 51 22 13 10 11 26 31 50 63 68 70 65 58 61 47 61 43 38 41 25 28 17 14 14 12 11 8 21 35 40 61 58 50 28 48 66 65 40 53 59 35 22 42 69 67 66 67 39 48 50 46 46 24 18 28 14 28 33 20 46 45 47
0 0 0 0 0 0 0 0 0 0 0 0 0 0 0 0 0 2 1 1 1 2 2 2 6 4 6 9 5 7 26 17 13 52 12 8 29 34 38 36 57 64 58 66 70 73 67 63 49 51 47 45 44 39 34 30 24 15 13 7 17 27 52 72 65 59 46 49 55 55 65 37 43 51 63 43 46 49 64 68 56 62 45 51 49 39 26 9 13 28 29 18 29 35 61 46
0 0 0 0 0 0 0 0 0 0 0 0 0 0 0 0 0 0 1 2 1 2 1 2 4 5 4 6 8 9 10 13 19 14 4 15 19 28 42 78 56 52 64 68 69 72 60 55 49 42 47 46 46 30 36 24 29 26 17 17 21 45 41 61 61 54 47 57 57 46 70 61 41 55 61 43 52 54 53 52 60 51 41 41 45 30 16 5 12 38 20 30 40 40 61 42
0 0 0 0 0 0 0 0 0 0 0 0 0 0 0 0 1 0 0 2 5 2 1 1 7 4 8 6 6 5 18 45 25 3 7 24 17 45 57 55 53 66 66 52 58 59 61 60 47 50 47 48 47 43 40 37 33 32 22 21 24 30 38 43 60 72 57 73 71 56 43 43 52 48 63 63 47 46 38 41 49 44 39 45 40 25 11 7 30 33 35 54 58 45 52 39
0 0 0 0 0 0 0 0 0 0 0 0 0 0 0 2 0 1 1 2 2 1 2 3 0 4 5 3 17 8 26 17 3 6 26 9 25 22 36 65 69 53 41 76 70 50 58 61 59 55 51 50 48 46 44 42 38 23 25 29 30 51 34 36 33 55 74 74 68 65 70 67 40 52 42 41 26 34 49 55 42 47 37 47 42 13 9 29 24 36 51 56 50 32 47 46
0 0 0 0 0 0 0 0 0 0 0 0 0 0 0 1 0 0 0 0 0 1 3 1 0 2 1 2 16 15 16 2 4 10 16 48 20 28 49 56 59 49 62 34 47 43 58 71 57 56 56 53 51 46 47 45 28 19 32 45 36 52 45 47 43 52 57 82 56 48 30 52 35 23 25 41 52 42 38 40 41 32 49 40 18 11 22 30 38 33 39 47 59 46 49 45
0 0 0 0 0 0 0 0 0 0 0 0 0 0 0 1 0 0 0 0 2 1 1 0 1 3 2 8 18 6 3 3 4 6 27 35 35 26 35 39 45 56 43 33 41 74 62 58 56 70 59 54 54 50 49 44 29 21 44 49 66 67 51 50 38 53 63 62 74 46 32 26 35 42 37 57 43 45 40 46 35 41 28 19 13 22 35 43 35 52 48 36 37 43 38 31
0 0 0 0 0 0 0 0 0 0 0 0 0 0 1 0 0 0 1 1 1 1 0 1 5 1 2 11 6 4 5 4 11 13 34 23 29 30 28 19 23 45 61 51 60 54 59 62 70 58 60 69 36 50 48 33 19 42 54 54 76 68 50 60 46 37 46 69 64 21 51 27 30 41 47 47 45 49 49 40 35 42 20 25 21 36 42 45 37 40 47 34 33 44 48 37
0 0 0 0 0 0 0 0 0 0 0 0 0 1 0 0 0 0 1 1 0 0 1 1 2 1 2 5 2 2 4 3 13 19 27 31 14 21 20 27 37 46 51 68 50 53 54 74 57 57 72 59 58 54 37 34 22 40 64 62 64 71 54 60 61 48 46 43 64 17 26 47 53 38 40 44 56 47 56 56 40 36 15 14 21 39 48 50 56 51 46 45 33 37 55 44
0 0 0 0 0 0 0 0 0 0 0 0 0 0 0 0 0 0 0 0 0 1 1 1 1 2 3 0 1 2 8 8 18 27 4 4 19 15 23 23 27 40 52 61 63 51 72 49 70 74 55 55 59 55 40 35 23 41 64 65 58 65 43 47 62 35 55 31 45 17 18 47 26 46 46 49 48 54 72 50 48 18 14 21 36 41 46 50 38 27 35 55 27 28 44 65
0 0 0 0 0 0 0 0 0 0 0 0 0 0 0 0 0 0 0 0 0 0 1 1 1 2 1 0 1 1 7 1 9 7 3 9 7 9 14 31 40 45 52 59 52 40 59 68 65 60 64 55 56 56 55 36 36 41 66 76 69 63 53 40 61 54 25 23 54 13 31 29 31 41 41 43 55 31 35 41 19 13 20 38 37 46 54 50 29 33 43 24 16 19 30 59
0 0 0 0 0 0 0 0 0 0 0 0 0 0 0 0 0 0 0 0 0 1 0 0 1 1 1 5 4 3 9 7 19 7 3 3 9 10 12 13 18 44 31 41 57 29 26 26 46 50 62 58 54 56 40 25 42 55 65 64 81 67 41 41 44 49 34 9 31 4 7 16 27 42 48 57 56 57 49 49 24 14 24 36 38 62 64 53 39 33 39 39 31 18 28 44
0 0 0 0 0 0 0 0 0 0 0 0 1 0 0 0 1 0 0 0 1 1 0 1 1 1 1 0 0 1 7 1 3 2 3 8 4 7 7 10 33 30 24 46 23 31 34 47 50 64 54 60 58 42 37 25 40 54 67 63 67 44 43 53 47 25 26 18 24 8 11 14 16 14 38 51 49 50 34 32 14 23 36 38 40 63 55 23 34 47 28 46 21 23 29 48
0 0 0 0 0 0 0 0 0 0 0 0 0 0 0 0 1 0 0 1 1 0 0 1 1 1 0 0 0 2 2 1 1 4 6 5 10 8 10 22 17 30 42 23 30 31 49 47 59 50 51 55 57 40 20 37 44 73 64 61 57 56 38 59 43 23 19 26 13 7 22 32 39 49 54 51 43 23 21 11 17 36 35 38 39 65 63 20 20 43 28 47 24 24 30 63
0 0 0 0 0 0 0 0 0 0 0 0 0 0 0 0 0 0 0 1 1 0 1 0 1 2 0 0 1 4 1 1 1 4 12 5 6 10 21 7 30 26 18 31 29 45 49 62 63 54 65 52 40 42 28 45 45 66 73 48 54 52 32 21 30 31 15 14 13 26 33 23 31 36 31 44 35 25 10 30 23 38 42 53 45 61 64 29 29 31 16 51 25 27 29 43
0 0 0 2 1 1 0 0 0 0 0 0 0 0 0 0 0 0 0 1 0 0 1 0 0 0 0 1 1 2 1 2 12 5 3 3 5 8 9 27 41 30 43 21 34 54 61 47 48 68 59 44 40 41 27 53 65 53 58 59 38 45 43 15 38 33 14 9 19 27 19 24 44 36 44 25 34 31 20 38 39 34 40 52 37 41 46 41 46 27 26 55 23 25 21 36
0 1 1 0 1 4 1 0 0 0 0 0 0 0 0 0 0 1 1 0 0 1 0 0 1 2 0 0 1 1 2 13 2 1 4 6 2 2 11 19 20 14 49 34 42 58 30 42 60 53 43 41 37 36 39 50 59 63 51 53 31 30 30 24 18 24 9 4 10 32 22 36 39 49 40 39 44 41 31 35 38 45 44 48 36 27 40 36 35 32 31 50 25 18 29 33
0 0 0 0 0 0 0 1 0 0 0 0 0 0 0 0 0 0 0 0 0 0 1 0 1 1 0 0 1 4 7 18 3 4 6 1 1 2 4 13 12 20 41 44 41 44 44 44 47 47 40 39 34 35 45 39 55 64 52 29 42 18 22 20 13 6 3 2 2 11 25 48 50 38 35 34 31 12 23 31 33 48 41 44 28 44 57 57 39 32 25 34 40 10 28 36
0 0 0 0 0 0 0 0 0 0 0 0 0 0 0 0 0 0 0 0 0 0 0 0 1 1 0 0 0 1 1 1 3 3 3 4 2 1 16 5 10 10 31 20 44 32 36 27 47 51 32 35 29 28 39 52 54 61 50 37 25 32 15 12 2 2 5 14 10 17 23 37 37 27 25 24 11 20 33 30 34 47 47 31 37 37 46 51 37 32 23 32 38 12 16 43
0 0 0 0 0 0 0 0 0 0 0 0 0 0 0 0 0 0 0 0 0 1 1 1 1 0 0 0 0 0 0 3 3 2 4 3 6 1 10 8 1 10 32 29 34 34 35 45 42 41 37 29 29 52 51 37 57 39 36 14 23 15 6 7 4 3 7 17 14 10 33 42 53 50 45 15 17 20 32 40 49 33 42 29 40 51 49 43 31 32 24 21 36 30 11 23
0 0 0 0 0 0 0 0 0 0 0 0 0 0 0 0 0 1 0 0 2 0 1 1 2 1 0 0 0 1 2 1 2 7 2 4 5 3 27 10 3 18 6 28 25 23 39 20 35 32 29 30 24 52 53 36 40 26 29 27 8 7 8 5 4 3 4 6 9 9 28 38 51 65 34 14 19 29 26 49 48 38 35 40 23 44 49 44 34 38 11 25 28 22 16 11
0 0 0 0 0 0 0 0 0 0 0 0 0 0 0 0 0 0 0 0 0 2 0 1 1 0 0 0 0 1 2 1 1 2 4 8 3 4 19 13 6 22 5 28 17 14 22 16 29 29 36 23 21 38 42 68 17 16 13 8 9 3 4 3 2 3 6 6 9 12 32 40 28 50 24 15 32 35 29 32 45 36 32 30 35 42 39 54 40 24 15 25 30 12 15 9
0 0 0 0 0 0 0 0 0 0 0 0 0 0 0 0 0 0 0 0 0 0 0 0 0 0 0 0 0 0 1 2 3 2 3 4 2 2 5 18 8 11 10 17 5 20 14 23 30 17 29 21 27 21 35 39 28 17 8 2 4 3 2 4 2 3 7 6 14 15 25 35 33 24 18 31 30 27 28 23 29 39 43 35 28 37 46 39 47 17 11 39 18 22 13 6
0 0 0 0 0 0 0 0 0 0 0 0 0 0 0 0 0 0 0 0 0 0 0 0 0 1 0 0 0 0 0 1 2 2 3 2 3 2 1 10 20 18 9 6 5 8 9 19 16 7 20 16 16 15 21 35 26 12 4 1 2 0 0 1 1 1 4 10 17 28 43 29 24 12 34 27 31 45 39 28 19 30 29 35 33 55 21 46 22 13 10 33 18 30 8 6
0 0 0 0 0 0 0 0 0 0 0 0 0 0 0 0 0 0 0 0 0 0 0 1 1 0 0 0 0 0 0 0 0 2 1 1 3 2 2 5 22 17 5 3 5 8 20 7 14 5 9 16 12 25 17 13 13 7 6 1 2 1 1 1 2 5 6 10 18 18 27 35 7 14 21 24 37 31 25 15 22 9 28 32 30 17 35 22 26 16 10 21 12 21 15 5
0 0 0 0 0 0 0 0 0 0 0 0 0 0 0 0 0 0 0 0 0 0 0 0 0 0 1 0 0 0 0 1 0 1 1 1 3 0 0 6 6 13 6 5 3 31 10 5 5 10 17 16 9 16 26 9 21 3 4 3 1 1 1 1 2 2 3 7 24 35 22 11 12 21 19 22 16 18 14 4 13 14 22 20 21 26 22 16 5 14 4 14 27 8 3 7
0 0 0 0 0 0 0 0 0 0 0 0 0 0 0 0 0 0 0 0 0 0 0 0 0 2 0 0 0 0 1 1 1 1 1 1 1 1 1 2 7 5 8 5 5 35 8 10 6 8 12 9 12 24 30 7 14 3 1 2 1 0 0 3 3 4 7 11 37 15 9 10 21 18 16 20 24 25 18 12 14 19 27 27 23 17 14 24 3 9 5 5 23 3 3 4
0 0 0 0 0 0 0 0 0 0 0 0 0 0 0 0 0 0 0 0 0 0 0 0 1 0 0 0 0 0 0 1 1 2 2 2 2 1 1 2 6 9 7 5 6 7 7 13 8 3 4 11 17 16 14 8 5 2 1 1 1 0 1 1 3 6 9 15 13 15 17 16 14 19 25 9 11 22 14 10 14 13 11 28 14 9 4 9 6 6 14 4 11 4 3 4
0 0 0 0 0 0 0 0 0 0 0 0 0 0 0 0 0 0 0 0 0 0 1 0 0 1 1 2 1 1 0 1 1 3 1 4 1 2 2 2 4 2 5 7 1 6 7 13 8 6 9 14 10 7 7 2 3 2 1 1 0 1 1 1 1 4 4 15 26 14 16 13 12 23 16 6 7 21 19 11 9 11 9 8 13 9 2 3 5 13 5 5 3 2 4 7
