sesion_6_simulaciones/modelos_agentes/ejemplos_netlogo/scenarios/cgcm2_b2/rob_2092.asc
NCOLS 322 
NROWS 307 
XLLCORNER 451900 
YLLCORNER 4086900 
CELLSIZE 100 
NODATA_value -9999 
[rows 74 to 147 of 307, columns 96 to 191 of 322]
22 56 35 18 18 21 21 49 20 20 15 60 30 73 64 47 10 6 8 11 48 43 23 12 13 4 4 1 4 7 3 3 3 8 3 1 2 2 6 1 2 2 4 1 2 6 7 1 1 5 4 16 33 22 21 9 16 22 38 23 21 72 59 44 53 57 36 50 59 61 52 62 47 65 35 37 55 63 46 41 22 46 62 51 32 15 17 19 10 12 9 8 7 3 0 0
27 32 26 20 14 18 25 41 23 36 42 29 14 25 31 53 32 37 51 65 87 48 47 31 9 16 3 2 5 1 4 37 9 9 13 7 3 1 2 1 2 9 14 6 18 9 9 22 34 4 5 3 6 23 6 9 17 34 24 13 31 36 65 47 52 36 33 42 56 65 39 75 40 49 42 27 56 31 22 50 52 45 21 21 31 29 24 20 27 24 28 27 12 9 3 1
39 24 21 23 15 28 14 44 20 43 49 16 24 45 37 26 38 64 42 65 71 76 66 62 17 10 6 2 4 7 23 30 19 10 13 14 13 3 7 8 3 2 4 2 3 16 5 14 12 14 3 2 5 4 6 8 15 32 15 21 20 12 44 43 47 27 47 34 70 52 28 58 49 43 47 45 27 16 69 44 33 32 50 37 53 56 51 60 59 40 41 34 19 12 6 4
41 14 34 29 20 17 22 32 27 32 67 30 34 27 31 44 66 40 64 58 78 82 55 39 49 6 5 7 14 12 23 8 21 7 20 4 27 10 7 14 3 2 1 1 4 7 21 27 15 33 25 15 9 2 3 4 17 7 8 6 15 8 37 30 31 20 41 38 48 20 17 21 45 19 44 23 23 29 56 33 46 42 39 57 73 69 75 56 54 62 37 35 19 15 9 7
41 22 30 31 39 19 24 29 12 53 71 60 37 24 45 40 49 62 77 47 45 59 66 75 31 20 25 35 47 23 20 10 16 17 3 6 9 13 13 17 11 2 1 3 6 9 29 22 10 52 38 25 27 16 15 4 4 4 7 4 9 8 4 15 8 15 16 27 20 10 12 12 39 26 14 6 31 37 31 32 55 74 81 73 76 77 52 59 62 40 42 25 16 16 16 24
56 58 21 51 59 33 12 32 13 33 32 63 47 34 36 7 46 81 50 52 54 35 63 70 35 24 63 68 61 54 64 22 5 5 5 22 24 5 8 12 21 3 3 6 8 9 21 60 50 49 44 39 47 15 38 29 22 5 3 1 7 14 4 5 6 12 8 16 4 4 18 25 24 18 54 46 19 14 42 62 65 70 68 67 57 70 69 78 58 37 35 23 20 29 46 25
80 85 64 61 22 19 13 12 12 40 20 12 48 57 14 37 72 46 32 28 46 19 12 51 58 63 68 62 68 51 74 60 19 19 23 37 16 14 2 9 26 12 4 7 16 35 17 17 53 32 46 69 52 37 48 21 29 42 32 25 27 6 23 9 4 2 11 18 20 27 18 2 3 5 10 45 48 61 34 62 64 49 72 57 54 56 71 75 59 50 46 31 62 59 20 18
64 58 72 18 14 15 23 18 16 22 24 5 14 25 31 41 21 56 54 41 33 43 10 19 59 75 68 40 34 56 36 25 51 47 44 35 46 38 12 9 37 28 4 6 25 18 11 7 24 13 60 70 42 78 59 28 55 27 20 20 42 11 21 27 21 10 22 25 46 16 28 8 6 7 14 8 18 61 59 60 39 55 72 64 44 56 77 65 59 53 53 58 71 52 23 43
76 75 64 32 29 35 40 27 15 20 32 4 16 30 37 22 22 71 47 32 44 71 40 39 63 91 59 15 38 37 25 27 9 16 72 41 20 19 16 26 49 38 15 9 18 15 14 19 21 45 47 78 78 82 57 57 60 36 54 32 42 29 29 22 20 25 10 14 38 18 42 57 40 28 16 19 18 11 49 74 82 45 62 57 41 76 60 43 56 69 58 75 51 45 34 65
30 51 70 67 13 14 35 35 48 25 25 8 27 56 37 12 21 81 32 49 40 42 29 67 42 51 30 43 53 39 30 31 16 48 83 59 44 15 13 40 22 9 19 7 13 9 12 17 19 27 24 70 68 81 65 61 73 43 63 55 42 50 24 25 27 17 41 17 35 50 65 61 42 23 29 13 14 25 15 65 59 58 29 59 73 36 46 48 61 52 60 49 33 43 44 82
19 26 36 46 58 14 28 18 14 42 37 16 26 48 40 24 36 77 46 44 25 19 71 73 64 53 25 61 57 41 19 11 56 87 84 80 71 27 39 40 30 6 19 12 16 25 22 16 22 8 5 31 76 86 57 67 57 58 78 69 50 30 20 13 45 22 60 38 31 52 66 63 26 17 28 22 29 28 22 31 66 79 72 47 26 59 69 70 60 71 30 47 46 66 46 77
14 21 36 22 47 49 36 34 18 32 51 13 29 56 37 48 40 51 57 68 65 19 44 51 81 68 65 69 65 69 42 79 88 77 74 86 79 38 32 50 26 9 19 14 16 26 25 17 23 15 22 33 77 81 57 45 53 83 77 76 46 20 37 44 64 46 76 66 53 30 72 52 56 46 38 27 26 34 27 24 40 74 60 76 68 37 65 29 67 35 33 57 45 76 49 63
11 7 4 5 15 32 15 8 14 24 30 16 40 62 45 17 37 30 52 67 75 65 30 36 39 44 74 86 58 61 79 85 86 71 77 74 63 75 50 56 34 58 38 43 22 30 42 45 31 31 20 38 67 89 68 51 78 68 81 72 46 35 34 44 77 55 69 64 54 35 60 49 38 12 34 21 9 26 30 18 10 59 74 65 50 83 60 57 59 58 56 67 73 75 78 44
8 4 0 1 14 14 3 6 12 19 11 27 60 52 19 10 20 28 55 56 70 88 56 31 26 37 78 77 84 42 84 70 67 68 87 82 62 77 50 62 50 86 37 62 43 32 32 23 26 24 22 19 43 82 68 77 68 79 89 65 41 44 53 68 70 56 64 61 48 15 20 28 51 45 51 29 13 22 30 37 47 12 63 68 64 75 82 86 91 71 85 86 74 44 78 32
12 11 3 2 12 8 5 9 14 11 17 28 40 44 16 7 44 42 36 42 50 63 78 75 56 38 60 72 83 77 75 86 82 53 55 43 47 75 31 42 88 75 54 36 28 38 26 36 44 50 51 25 33 60 61 69 66 81 82 67 59 72 69 72 76 36 61 64 48 22 20 45 60 50 32 60 22 18 29 35 43 29 18 59 66 85 76 49 51 65 66 82 74 45 58 69
14 6 6 2 5 4 3 20 11 10 8 15 59 34 11 6 40 25 36 49 51 64 73 71 73 46 51 27 47 76 64 70 74 65 64 62 48 38 53 86 52 68 33 21 32 58 42 44 54 58 45 43 28 33 29 54 68 73 82 62 50 62 61 83 79 50 61 73 30 11 13 38 32 42 77 62 29 30 13 40 33 48 48 18 57 79 77 73 73 66 47 45 62 41 26 47
7 7 3 2 2 1 1 11 11 4 19 36 55 50 12 5 22 6 24 64 63 65 32 42 69 55 55 44 69 91 84 80 57 69 53 34 40 33 66 41 41 37 19 53 77 58 46 49 39 32 31 31 26 25 10 16 51 67 82 51 68 64 81 89 87 49 77 61 49 26 16 28 51 67 86 38 28 58 23 36 35 42 55 40 17 63 66 49 31 46 42 40 31 45 45 42
16 13 7 3 3 1 1 2 8 10 14 41 28 19 29 10 27 7 3 19 23 57 37 34 33 21 41 59 81 89 70 77 80 75 68 41 23 36 77 22 52 54 68 76 77 53 70 30 22 31 61 58 65 63 58 26 11 8 39 51 54 64 81 88 88 62 90 66 63 51 27 31 50 85 68 27 57 50 27 23 42 51 53 45 36 11 30 52 43 43 27 40 63 69 57 56
9 6 3 2 2 1 1 0 3 11 17 22 21 8 8 4 27 9 5 27 22 30 19 28 37 33 30 57 32 61 67 66 67 58 20 32 44 48 50 26 67 67 83 69 61 45 78 69 70 52 56 52 53 38 45 17 7 8 11 37 64 84 77 87 79 52 80 74 40 30 37 56 47 68 41 48 74 59 50 60 49 55 41 41 46 31 9 18 22 29 48 58 66 68 63 52
4 3 4 3 2 2 1 1 1 3 10 18 17 14 6 4 27 7 3 14 11 12 16 22 17 37 35 45 33 11 27 32 26 22 44 49 65 80 53 51 31 68 92 61 39 76 69 58 75 56 57 45 31 39 39 45 24 11 13 59 80 76 83 89 85 82 77 84 68 27 47 37 40 19 29 70 61 27 50 30 40 41 38 37 46 33 40 18 7 32 51 69 77 70 64 38
7 3 7 10 5 5 4 4 2 3 6 11 9 7 6 3 12 5 2 6 11 9 7 10 12 25 28 28 31 23 10 8 13 35 42 72 81 56 61 69 49 83 88 60 73 68 63 41 84 60 70 56 67 72 71 56 37 14 17 30 73 66 84 85 80 73 79 84 75 46 32 46 50 45 48 53 65 81 37 47 30 24 46 39 26 43 58 52 19 20 26 24 35 43 46 38
21 18 12 21 16 12 12 10 5 1 3 5 4 5 4 4 4 3 2 5 5 6 3 5 9 13 17 20 20 34 7 8 14 33 79 83 64 44 70 76 64 74 80 66 59 67 63 56 83 66 56 71 59 68 68 55 39 18 12 16 21 63 77 81 72 66 81 75 51 19 31 59 30 50 73 63 73 48 22 58 33 33 42 41 68 49 32 38 47 46 40 17 10 10 16 20
33 16 28 24 29 20 25 14 7 5 1 1 1 2 4 2 3 2 1 2 4 5 2 3 3 3 19 16 13 6 10 4 20 70 66 68 30 60 84 69 52 55 64 28 35 84 55 76 82 77 56 71 81 55 30 33 36 37 30 18 22 37 58 68 68 66 50 56 29 26 46 46 40 58 68 75 60 43 50 57 49 25 44 72 68 66 48 43 48 51 60 53 33 11 6 11
32 35 40 24 36 28 20 16 13 12 11 4 2 1 1 1 3 2 1 1 2 1 1 2 1 3 12 19 10 7 12 3 31 57 43 27 36 76 87 74 39 45 44 33 78 68 50 53 87 84 47 55 55 71 55 35 10 18 22 31 27 35 27 36 24 45 53 48 22 42 56 54 46 44 66 60 53 61 29 17 53 45 54 66 71 56 52 45 35 42 55 46 40 18 14 4
45 31 44 46 40 26 24 28 14 15 10 8 6 3 1 1 1 1 1 1 2 1 1 1 1 2 3 12 3 3 10 3 16 36 16 25 36 55 53 60 45 50 29 69 74 30 55 88 85 78 78 37 22 30 24 29 12 14 27 39 25 39 27 18 17 31 25 22 20 49 47 63 36 59 65 58 74 40 44 29 55 29 30 35 45 66 65 47 37 30 50 42 46 38 31 12
33 23 48 49 22 28 12 14 28 19 12 12 8 7 4 1 1 0 0 0 0 0 1 1 0 1 1 1 1 14 5 2 4 5 10 33 40 52 83 62 56 40 55 55 51 45 51 88 83 75 92 71 44 56 52 29 14 9 5 14 40 27 22 12 15 29 20 17 26 38 55 61 54 28 34 34 47 42 38 47 11 55 41 50 54 62 57 60 67 48 46 49 51 58 32 22
18 35 71 46 41 22 43 21 34 30 15 13 9 3 3 3 2 2 1 1 2 1 1 1 1 0 0 1 3 13 1 3 4 3 13 36 43 13 40 36 47 40 39 55 40 47 66 87 82 82 84 85 45 30 25 20 17 23 15 3 5 13 13 12 13 19 15 17 18 37 48 63 55 57 19 32 49 41 21 25 46 29 23 54 59 57 61 68 58 71 59 68 66 60 41 32
25 42 64 40 37 34 20 24 36 27 21 17 11 10 4 6 3 4 5 5 2 4 1 1 3 1 0 0 1 6 1 3 5 5 11 16 15 19 14 7 34 48 28 23 33 70 82 83 76 66 78 78 60 45 48 56 47 31 23 7 2 10 8 6 11 9 9 12 26 35 33 44 40 37 47 43 34 52 82 80 68 70 47 49 47 48 54 63 74 62 77 72 64 62 58 52
27 57 24 30 38 29 27 17 33 30 11 9 17 7 6 4 5 6 6 6 6 5 5 4 2 3 1 0 1 2 1 2 4 5 8 9 12 18 18 7 16 50 34 14 41 52 83 75 38 33 44 67 82 74 55 49 42 27 13 5 2 11 6 3 5 7 10 20 28 37 35 40 45 60 72 74 65 83 80 77 68 50 36 25 27 49 70 64 62 68 75 76 74 76 67 58
56 21 31 27 21 32 32 21 11 13 18 19 17 15 6 9 7 8 9 14 12 7 11 5 7 3 2 0 0 1 1 1 2 4 9 11 16 16 14 5 8 19 28 10 32 34 64 39 21 24 50 57 81 75 67 48 43 28 13 9 2 4 3 2 9 6 13 30 29 35 39 37 67 72 86 71 78 69 75 53 24 17 21 40 15 43 62 57 75 84 75 60 44 39 29 26
19 25 41 63 55 38 13 9 11 28 26 19 10 18 15 16 13 19 18 16 16 15 10 11 9 4 2 1 0 0 0 1 1 4 6 21 28 16 17 6 5 6 9 3 10 20 16 23 27 41 44 66 85 75 68 65 54 40 32 14 4 3 3 2 7 11 16 13 13 26 48 51 57 62 64 68 70 58 40 33 36 25 48 50 77 55 37 62 82 71 57 59 58 54 46 43
43 54 46 15 14 20 26 12 19 32 30 25 24 23 20 27 16 23 21 29 11 23 19 15 8 4 1 1 0 0 0 0 0 1 5 9 10 14 19 9 10 8 9 3 7 15 23 56 71 71 86 68 86 81 75 56 57 34 21 11 4 4 3 1 1 3 6 17 29 27 41 66 41 48 46 62 64 24 15 28 26 33 65 57 76 54 75 60 67 57 59 61 55 61 63 54
47 27 36 34 32 20 26 15 35 36 34 35 49 31 38 33 32 45 36 22 23 26 29 10 11 5 3 1 1 0 0 0 0 1 2 4 12 21 22 6 4 6 6 4 8 19 49 32 62 62 61 54 90 84 76 49 31 20 13 4 3 1 1 0 0 2 10 27 37 29 37 60 50 36 31 41 27 31 51 49 32 62 64 59 70 78 62 56 59 55 46 55 59 66 59 74
26 22 15 13 12 11 6 21 42 36 38 56 40 46 45 46 51 24 19 42 31 35 31 13 6 4 4 3 2 1 0 0 0 1 2 2 1 7 15 6 4 5 5 6 16 18 10 25 41 78 47 62 81 65 68 54 36 18 6 4 3 2 0 1 0 1 7 14 41 28 32 14 26 39 30 44 47 48 44 40 41 68 62 57 64 62 36 61 35 43 55 65 65 47 75 76
15 21 32 36 31 17 16 27 41 59 55 53 40 51 69 65 42 26 29 53 38 21 18 15 7 5 6 5 2 2 1 1 0 0 2 2 1 1 1 1 1 3 3 5 12 9 14 28 67 27 23 49 84 67 49 28 19 15 14 8 2 1 0 0 0 1 5 8 15 24 23 19 39 30 38 47 60 71 70 68 64 85 61 43 41 51 63 80 74 51 51 56 48 57 63 57
26 46 32 56 25 24 27 45 44 59 58 25 28 54 52 40 32 33 47 68 29 24 20 17 10 8 5 3 2 1 1 1 1 1 0 1 2 1 1 1 1 2 2 3 4 10 18 11 52 17 36 65 82 51 27 22 17 8 5 6 3 2 0 1 0 0 2 2 8 12 24 33 47 44 70 71 82 53 37 25 78 78 78 53 19 53 74 89 83 76 78 48 70 54 48 80
42 44 65 55 30 49 45 49 67 61 46 33 40 60 42 60 24 37 69 36 26 20 25 21 19 13 6 4 2 2 2 2 2 1 0 0 1 0 1 0 1 1 2 2 3 7 12 11 7 14 39 73 78 45 32 23 10 8 7 4 3 1 1 1 0 1 3 8 14 21 31 38 53 63 72 65 33 35 27 70 76 79 81 83 42 57 83 84 72 65 60 68 49 56 37 56
58 63 38 29 39 48 47 69 36 51 24 46 52 80 63 45 27 63 23 18 40 22 15 10 12 10 9 9 6 4 4 3 2 1 1 1 0 1 1 1 0 1 1 2 4 11 4 12 2 5 26 57 86 74 34 22 13 4 6 3 3 1 1 0 0 1 5 12 29 33 35 44 53 49 44 50 45 59 73 79 73 78 68 81 72 62 66 36 22 19 45 80 69 50 33 37
68 51 37 27 38 52 64 15 61 26 31 52 70 74 52 29 60 51 32 14 14 24 7 8 14 14 20 8 13 11 7 6 3 2 2 1 1 0 0 0 1 1 1 2 3 5 1 6 1 9 17 10 51 61 30 15 6 4 3 1 3 3 1 0 0 3 6 9 13 20 26 31 37 42 64 69 68 69 73 62 70 61 47 73 67 46 38 48 62 66 79 39 56 52 31 29
33 51 39 33 47 69 71 25 55 49 66 49 78 49 35 48 60 26 29 25 54 33 17 12 21 31 22 27 21 24 9 3 1 4 2 2 2 1 0 0 0 1 1 2 2 1 3 5 1 7 7 39 46 24 22 17 14 7 3 2 3 2 2 1 0 0 3 7 13 14 18 23 38 36 35 35 37 38 83 46 67 72 54 49 42 28 63 68 67 80 75 58 46 59 59 58
85 34 53 53 65 43 50 61 59 48 59 58 49 42 41 73 33 43 36 66 57 32 39 28 16 39 44 41 50 27 17 4 2 2 1 1 1 1 2 0 0 1 1 1 1 2 11 3 1 6 35 41 55 16 14 19 9 6 4 2 3 1 1 0 0 0 1 3 6 9 4 12 12 14 31 47 46 48 73 65 54 67 85 43 33 50 50 61 78 70 63 73 56 59 46 58
79 93 87 90 84 57 15 10 58 33 66 75 84 76 60 67 64 74 55 68 53 51 50 43 40 50 67 68 32 34 19 9 9 4 3 3 1 2 2 1 0 0 1 1 1 1 1 1 0 5 17 50 43 10 14 15 12 6 3 3 2 1 1 0 0 0 4 6 7 16 23 33 51 47 29 31 47 78 73 75 77 57 58 71 41 45 64 64 54 38 74 85 54 45 58 66
62 87 73 80 75 61 74 34 56 44 21 39 81 86 89 60 46 54 66 66 61 55 66 50 63 63 74 57 52 45 33 21 12 11 10 3 2 3 2 1 1 0 0 1 1 1 1 0 1 3 12 7 22 7 19 8 12 8 4 2 2 2 1 0 0 2 4 8 13 27 47 40 26 43 65 45 61 77 77 89 77 63 57 52 14 25 30 48 69 81 87 63 83 53 52 61
46 85 61 77 76 63 87 62 41 73 51 41 70 78 73 63 72 52 79 88 88 71 60 44 79 67 70 55 40 29 33 23 20 19 14 7 4 2 1 1 1 0 0 0 1 1 1 0 0 1 3 5 25 12 27 20 8 11 4 3 1 1 0 0 1 2 6 5 12 24 49 59 65 55 72 77 79 77 69 85 82 51 34 28 16 25 49 68 61 90 62 70 80 83 57 57
51 78 66 62 80 54 63 25 46 75 58 33 12 58 68 65 74 57 54 82 86 50 73 39 70 56 70 53 44 20 28 43 38 31 24 7 3 2 3 2 0 0 0 0 2 1 1 0 0 0 2 10 24 4 6 3 9 11 9 3 1 0 0 0 1 2 5 5 13 23 36 53 47 33 34 47 83 59 80 80 87 84 25 18 16 33 62 42 72 84 72 80 67 61 43 64
15 39 25 52 73 58 58 14 48 80 43 26 17 33 68 64 68 64 31 37 64 46 41 61 29 27 76 46 25 14 7 11 19 14 14 13 5 6 5 2 1 0 0 0 0 1 1 1 0 1 3 11 8 16 7 3 3 2 1 1 1 0 0 0 1 2 3 3 7 13 22 19 27 43 46 62 88 89 73 63 78 82 63 17 8 25 26 50 80 68 62 29 22 30 42 61
14 43 69 51 61 40 70 46 58 82 66 36 32 29 66 80 50 11 12 25 35 21 28 68 36 18 59 47 54 18 2 13 27 23 8 18 12 8 2 1 0 0 0 0 0 1 1 0 0 3 4 8 3 5 4 4 1 1 2 1 1 0 0 0 1 1 1 2 3 10 21 25 45 45 56 80 88 87 82 47 52 67 59 27 8 18 38 63 59 30 30 60 59 58 63 75
23 14 14 19 27 41 73 28 63 65 84 52 32 25 28 22 15 12 12 30 24 23 16 57 21 41 49 35 53 65 26 13 14 10 12 14 10 6 3 2 1 0 0 0 0 0 1 1 0 1 4 7 1 2 2 6 2 1 1 1 0 0 0 0 1 2 14 9 15 32 46 66 73 56 70 93 89 88 80 59 16 32 49 42 10 18 37 60 45 46 86 65 47 53 41 76
26 32 14 14 26 44 66 55 37 55 76 52 21 9 29 29 12 29 11 13 19 18 15 57 18 13 45 31 39 54 30 21 27 8 4 4 2 2 1 2 1 1 0 0 0 0 0 0 0 1 4 3 0 2 1 1 2 3 1 0 0 0 0 0 1 2 5 16 38 51 78 53 33 49 80 92 87 77 75 76 60 17 45 42 9 19 41 38 30 71 69 50 64 79 22 11
27 37 26 16 22 15 60 66 54 24 78 42 15 5 22 21 29 31 22 12 16 20 4 22 47 5 14 17 43 67 25 6 12 7 10 11 6 5 2 2 1 1 1 0 0 0 0 0 0 1 5 3 1 1 1 1 2 1 1 0 0 0 0 0 0 3 6 20 32 34 19 25 48 56 75 77 83 72 64 46 61 23 14 19 17 32 25 20 62 85 47 60 67 75 67 23
38 27 26 10 11 12 41 71 33 27 61 56 31 5 20 20 38 31 25 16 16 30 12 14 68 11 16 18 36 39 41 27 24 25 16 10 8 6 4 1 1 0 1 0 0 0 0 0 1 2 7 3 1 1 1 0 0 1 1 0 0 0 0 0 1 5 19 22 18 14 31 40 55 86 75 65 80 48 30 24 52 28 14 4 5 22 25 47 82 57 45 56 78 64 65 32
68 15 27 12 10 14 27 33 9 8 68 43 6 3 17 19 36 26 38 25 27 23 21 15 26 15 6 15 24 21 32 39 19 12 9 4 5 5 4 2 1 1 0 0 0 0 0 0 0 2 4 2 1 1 0 0 0 0 0 0 0 0 0 0 1 7 9 6 6 12 37 49 78 84 82 59 39 57 18 19 45 17 5 2 10 32 44 60 67 26 56 83 74 69 79 41
17 27 11 10 8 7 9 15 11 15 49 22 9 3 10 14 30 9 26 18 14 20 18 11 18 25 11 6 3 14 14 30 13 7 8 5 2 1 2 2 1 0 0 0 0 0 0 0 1 2 3 1 1 1 0 0 0 0 0 0 0 0 0 1 2 4 2 1 9 29 40 49 80 85 68 51 34 42 44 11 16 12 3 4 13 20 39 64 38 39 76 68 65 66 60 52
15 10 22 20 7 7 3 4 3 5 14 7 18 7 4 11 29 11 6 18 7 5 2 20 20 32 4 3 1 4 19 31 27 11 5 2 3 1 1 0 1 1 0 0 0 0 0 0 0 1 2 1 0 0 0 0 0 0 0 0 0 0 0 0 2 1 0 3 15 30 45 74 71 71 62 53 33 23 39 13 7 7 3 4 12 17 46 53 36 30 35 51 47 41 57 63
28 15 10 24 25 14 10 4 2 8 6 5 15 17 5 8 15 15 5 5 5 5 4 41 16 20 9 1 1 1 4 7 22 20 8 4 2 1 1 0 2 1 0 0 0 0 0 0 1 1 1 1 1 0 0 0 0 0 0 0 0 0 0 1 1 0 1 7 19 51 58 78 75 56 31 13 11 9 14 15 9 2 2 3 9 13 31 28 18 14 34 28 20 35 54 66
30 18 8 12 14 25 9 3 1 6 7 3 3 6 3 4 8 12 4 3 2 1 1 5 2 4 14 1 2 1 1 5 19 21 7 4 3 8 5 3 1 0 0 0 0 0 0 0 0 0 0 1 1 0 0 0 1 0 0 0 0 0 0 0 0 0 1 4 20 73 68 64 78 67 31 14 4 1 4 8 5 2 1 2 6 12 23 12 8 26 36 44 72 59 73 65
61 30 14 4 9 17 22 2 4 8 9 4 1 3 3 2 4 12 3 2 2 1 0 3 0 1 6 4 1 2 1 1 7 33 16 5 2 1 1 1 1 0 0 0 0 0 0 0 0 0 0 0 1 1 0 0 0 0 0 0 0 0 0 0 1 3 5 18 40 46 76 78 59 70 55 24 12 4 1 1 4 2 0 0 1 4 5 3 8 23 33 70 72 62 58 62
42 74 25 10 3 5 4 4 4 6 5 3 6 2 2 1 1 9 3 2 1 1 0 2 1 0 3 4 1 2 1 0 3 9 25 10 4 3 5 2 1 0 0 0 0 0 0 0 0 0 0 1 1 0 0 0 0 0 0 0 0 0 0 0 1 5 9 7 18 40 66 56 47 42 63 28 11 3 1 1 1 0 0 0 1 1 1 4 15 26 58 64 41 54 64 63
9 56 63 34 11 5 1 8 3 2 2 2 7 2 2 1 1 9 4 2 1 0 0 1 2 0 1 2 1 2 1 0 2 2 3 17 5 1 2 2 1 0 0 0 0 0 0 0 0 0 0 0 0 0 0 0 0 0 0 0 0 0 0 0 1 1 1 7 49 53 52 48 34 34 31 24 11 4 3 1 0 0 0 0 3 7 7 4 12 31 33 25 29 51 68 61
5 25 32 49 18 8 3 6 6 1 4 2 3 3 4 2 1 2 7 1 1 0 0 1 1 1 1 1 0 2 2 0 2 2 2 1 13 6 3 2 1 0 0 0 0 0 0 0 0 0 0 0 0 0 0 0 0 0 0 0 0 0 0 0 1 2 4 8 36 62 53 66 47 11 10 14 8 6 4 2 0 0 0 1 2 6 18 28 11 10 10 23 43 54 77 55
10 16 12 28 10 5 5 4 5 3 2 2 2 3 3 2 2 2 3 2 1 0 0 1 2 1 1 1 0 1 2 1 0 1 1 4 4 1 6 2 1 0 0 0 0 0 0 0 0 0 0 0 0 0 0 0 0 0 0 0 0 0 0 0 1 1 3 15 34 46 76 62 55 27 8 4 6 4 3 2 0 0 0 2 4 7 20 43 39 32 37 25 44 54 79 67
6 11 4 12 12 11 5 4 4 3 1 1 1 1 2 2 1 1 1 2 1 0 0 0 0 1 1 1 1 0 0 0 0 1 2 4 4 1 8 1 1 1 0 0 0 0 0 0 0 0 0 0 0 0 1 0 0 0 0 0 0 0 0 0 1 1 3 8 30 22 62 54 37 27 30 7 5 3 1 0 0 0 0 1 6 13 22 37 55 50 50 49 43 68 91 77
7 5 5 3 5 2 3 3 9 6 2 1 1 1 1 1 1 1 1 1 1 1 0 0 0 1 0 1 1 0 0 0 1 1 7 10 3 2 1 2 1 1 0 0 0 0 0 0 0 0 0 0 0 0 0 0 0 0 0 0 0 0 0 0 1 2 4 20 36 47 49 55 41 23 14 13 5 3 1 0 0 0 1 0 2 10 15 28 41 29 51 57 75 91 90 75
3 6 3 2 2 1 1 1 1 2 1 1 1 1 0 0 0 1 1 1 1 0 0 0 0 1 0 1 0 0 0 0 1 2 3 5 8 18 14 6 1 1 0 0 0 0 0 0 0 0 0 0 0 0 0 0 0 0 0 0 0 0 0 0 1 3 15 30 37 54 55 51 43 29 7 4 4 1 1 0 0 1 3 2 2 1 4 8 14 35 40 69 67 89 88 68
1 2 1 1 0 1 0 0 0 0 0 0 1 0 0 0 0 0 0 0 1 0 0 0 0 0 0 0 0 0 0 0 0 1 1 1 1 1 1 0 1 0 0 0 0 0 0 0 0 0 0 0 0 0 0 0 0 0 0 0 0 0 0 0 1 1 4 11 31 50 29 58 29 15 4 2 2 1 0 0 0 1 3 6 17 10 14 14 29 53 60 65 78 78 67 51
0 0 0 0 0 0 0 0 0 0 0 0 0 0 0 0 0 0 0 0 0 0 0 0 0 0 1 0 0 0 0 0 0 0 0 0 0 0 0 0 0 0 0 0 0 0 0 0 0 0 0 0 0 0 0 0 0 0 0 0 0 0 0 0 1 3 3 9 17 15 25 30 23 8 3 1 1 0 0 0 0 0 2 4 8 22 38 38 54 77 71 53 68 50 54 40
1 0 0 0 0 0 0 1 0 0 1 1 1 2 1 0 0 0 0 0 0 0 0 0 0 0 0 0 0 0 0 0 0 0 0 0 0 0 0 0 1 0 0 0 0 0 0 0 0 0 0 0 0 0 0 0 0 0 0 0 0 0 0 0 1 2 4 15 10 15 21 12 10 2 1 0 0 0 0 0 0 1 3 6 8 26 69 64 28 36 74 84 53 18 21 33
4 2 0 1 1 2 1 3 1 2 4 6 8 5 3 1 1 0 0 0 0 0 0 0 0 0 0 0 0 0 0 0 0 0 0 0 0 0 0 0 0 0 0 0 0 0 0 0 0 0 0 0 0 0 0 0 0 0 0 0 0 0 0 0 1 3 4 3 6 8 8 5 6 1 1 0 0 0 0 1 1 3 5 10 31 39 30 10 21 58 87 81 75 19 8 10
8 2 2 5 5 6 6 7 8 10 8 8 9 12 5 3 1 1 1 0 0 0 0 0 0 0 0 0 0 0 0 0 0 0 0 0 0 0 0 0 0 0 0 0 0 0 0 0 0 0 0 0 0 0 0 0 0 0 0 0 0 0 0 0 1 3 6 3 1 1 3 3 1 1 0 0 0 0 0 1 3 4 10 26 24 8 4 11 32 77 83 66 39 36 4 1
13 8 4 13 13 23 14 17 27 18 25 16 23 12 8 5 8 3 1 1 1 0 0 0 0 0 0 0 0 0 0 0 0 0 0 0 0 0 0 0 0 0 0 0 0 0 0 0 0 0 0 0 0 0 0 0 0 0 0 0 0 0 0 0 1 3 5 5 1 3 1 1 1 0 0 0 0 0 1 1 3 10 8 6 2 2 8 23 45 64 63 54 19 37 6 1
23 17 12 30 46 67 49 36 56 44 41 28 51 36 28 19 6 2 2 4 2 0 1 1 0 0 0 0 0 0 0 0 0 0 0 0 0 0 0 0 0 0 0 0 0 0 0 0 0 0 0 0 0 0 0 0 0 0 0 0 0 0 0 0 1 2 8 4 1 1 1 0 0 0 0 0 0 0 1 1 3 4 2 0 2 9 16 46 61 43 46 25 10 14 19 1
62 65 49 38 41 39 25 15 41 24 23 21 24 37 37 11 8 9 6 6 3 0 0 0 1 0 0 0 0 0 0 0 0 0 0 0 0 0 0 0 0 0 0 0 0 0 0 0 0 0 0 0 0 0 0 0 0 0 0 0 0 0 0 0 0 2 9 7 1 1 0 0 0 0 0 0 0 0 0 1 1 0 0 2 5 11 20 62 67 84 33 5 4 5 8 2
52 36 61 38 31 41 36 25 18 15 21 32 20 12 22 44 29 10 1 1 1 0 0 0 0 0 0 0 0 0 0 0 0 0 0 0 0 0 0 0 0 0 0 0 0 0 0 0 0 0 0 0 0 0 0 0 0 0 0 0 0 0 0 0 0 1 4 10 3 1 0 0 0 0 0 0 0 0 0 0 0 0 2 4 7 11 38 34 48 59 50 8 1 0 4 3
50 17 51 48 16 6 18 21 27 24 11 9 45 13 14 30 12 8 4 2 2 1 1 0 1 1 0 0 0 0 0 0 0 0 0 0 0 0 0 0 0 0 0 0 0 0 0 0 0 0 0 0 0 0 0 0 0 0 0 0 0 0 0 0 0 0 1 4 3 1 0 0 0 0 0 0 0 0 0 0 0 1 3 5 15 27 35 29 21 18 48 11 2 0 0 1
