sesion_6_simulaciones/modelos_agentes/ejemplos_netlogo/scenarios/cgcm2_b2/rob_2021.asc
NCOLS 322 
NROWS 307 
XLLCORNER 451900 
YLLCORNER 4086900 
CELLSIZE 100 
NODATA_value -9999 
[rows 225 to 299 of 307, columns 192 to 287 of 322]
1 1 1 0 0 0 0 0 0 0 0 0 0 0 0 0 0 0 0 0 0 0 1 3 4 4 3 4 4 8 26 13 7 7 4 6 8 7 20 12 12 16 29 36 55 49 26 36 16 18 18 16 28 36 10 29 34 29 39 56 58 44 46 28 7 7 4 5 1 2 7 2 0 0 0 0 0 0 0 0 0 0 0 0 0 0 0 0 0 0 0 1 1 1 1 2
1 1 0 0 0 0 0 0 0 0 0 0 0 0 0 0 0 0 0 0 0 1 1 2 5 15 7 7 7 5 15 26 10 15 12 13 19 20 13 15 9 14 17 20 25 34 30 48 44 16 47 48 31 24 14 25 64 56 54 55 62 45 34 16 9 8 9 12 3 2 2 0 0 0 0 0 0 0 0 0 0 0 0 0 0 0 0 0 0 0 0 0 1 1 1 1
1 1 1 0 0 0 0 0 0 0 0 0 0 0 0 0 0 0 0 1 1 2 2 2 5 19 28 12 23 11 18 30 19 12 24 29 22 21 22 19 5 9 9 19 28 38 50 59 74 39 38 42 40 20 30 34 49 41 51 53 50 37 23 14 27 18 19 11 4 3 1 0 0 1 1 0 0 0 0 0 0 0 0 0 0 0 0 0 0 0 0 0 0 0 1 2
1 1 0 0 0 0 0 0 0 0 0 0 0 0 0 0 0 0 1 1 2 5 10 6 8 17 44 14 29 15 20 31 9 11 26 28 36 34 25 25 16 16 14 13 30 37 41 60 59 61 56 49 45 31 53 62 60 50 59 69 49 25 25 34 57 38 15 7 4 2 1 1 1 1 1 1 1 0 0 0 0 0 0 0 0 0 0 0 0 0 0 0 0 0 1 2
1 1 0 0 0 0 0 0 0 0 0 0 0 0 0 0 0 0 0 1 1 3 11 22 20 21 39 40 48 23 42 18 10 10 19 37 40 39 22 26 26 30 18 18 22 40 42 48 45 46 67 64 50 41 46 43 59 39 41 21 33 53 50 69 52 27 14 6 6 5 3 3 2 2 1 1 0 0 0 0 0 0 0 0 0 0 0 0 0 0 0 0 1 1 1 2
0 0 0 0 0 0 0 0 0 0 0 0 0 0 0 0 0 0 0 1 2 3 9 12 29 33 49 57 51 25 36 14 11 32 23 34 44 32 31 39 34 41 19 22 38 43 56 50 63 41 47 49 46 17 26 17 75 46 30 41 50 46 45 31 14 10 9 8 5 5 8 6 4 1 0 0 0 0 0 0 0 0 0 0 0 0 1 1 0 0 0 0 1 1 1 2
0 0 0 0 0 0 0 0 0 0 0 0 0 0 0 0 0 0 1 1 2 4 9 18 23 30 45 46 51 48 55 25 19 30 40 32 45 39 34 35 40 28 35 22 23 28 47 59 57 49 33 37 34 33 46 40 14 77 81 56 34 16 27 21 21 14 8 4 2 8 23 7 2 1 0 0 0 0 0 0 0 0 0 0 0 0 0 1 1 0 0 1 1 1 1 2
0 0 0 0 0 0 0 0 0 0 0 0 0 0 0 0 0 0 1 1 2 6 15 27 21 29 45 46 71 76 48 38 38 49 31 49 49 46 45 42 42 38 49 20 38 31 46 46 38 21 41 37 50 47 50 58 45 34 40 47 26 40 22 18 14 12 10 3 5 10 9 3 2 1 0 0 0 0 0 0 0 0 0 1 1 0 0 0 2 0 0 1 1 1 1 1
0 0 0 0 0 0 0 0 0 0 0 0 0 0 0 0 1 1 1 4 2 4 23 21 41 35 46 60 23 75 54 51 43 58 43 39 47 57 49 48 47 40 65 23 23 61 46 45 42 38 58 41 45 53 59 30 51 50 32 15 23 12 17 16 14 11 5 19 12 3 5 2 1 1 0 0 0 0 0 0 0 0 0 0 0 0 0 0 1 1 1 0 0 2 1 1
0 0 0 0 0 0 0 0 0 0 0 0 0 0 0 0 0 1 2 4 8 15 39 28 48 53 63 60 69 63 83 47 43 56 43 23 33 54 58 64 49 25 46 54 16 28 41 63 42 50 64 54 42 43 36 33 19 21 25 39 30 30 23 32 10 9 13 5 3 4 3 2 1 0 0 0 0 0 0 0 0 0 0 0 1 1 0 0 1 1 3 1 0 1 2 2
0 0 0 0 0 0 0 0 0 0 0 0 0 0 0 0 0 1 2 4 11 8 20 5 19 39 40 22 26 53 77 47 56 81 44 50 55 63 41 16 28 16 46 56 18 42 62 44 21 42 59 63 42 45 30 19 49 51 45 33 18 25 48 50 26 17 25 19 12 5 2 1 0 0 0 0 0 0 0 0 0 0 0 0 1 1 2 0 1 1 0 2 1 1 1 2
0 0 0 0 0 0 0 0 0 0 0 0 0 0 0 0 0 0 1 3 5 3 5 18 18 24 20 30 37 53 69 69 74 76 64 60 58 55 54 30 41 38 45 59 17 30 51 49 32 30 41 54 46 33 17 40 53 25 30 35 35 57 63 56 50 39 16 8 8 5 8 2 1 0 0 0 0 0 0 0 0 0 0 0 0 1 1 2 1 1 1 3 1 0 1 1
0 0 0 0 0 0 0 0 0 0 0 0 0 0 0 0 0 0 0 1 2 9 12 10 17 30 34 27 37 54 57 58 69 75 54 61 58 59 60 29 58 51 42 61 16 22 45 41 56 61 37 38 61 44 33 42 37 32 60 42 67 46 43 63 68 26 14 4 11 3 1 1 0 0 0 0 0 0 0 0 1 0 0 0 0 0 1 2 5 7 1 1 2 1 1 3
0 0 0 0 0 0 0 0 0 0 0 0 0 0 0 0 0 0 0 1 2 3 6 7 7 16 33 26 42 35 49 57 62 73 67 74 60 71 52 53 35 48 30 47 17 15 28 30 40 57 67 44 33 15 38 19 15 46 47 38 43 30 47 44 40 52 14 3 1 1 1 0 0 0 0 0 0 0 1 1 1 1 0 0 1 1 0 0 0 1 4 4 2 1 2 3
0 0 0 0 0 0 0 0 0 0 0 0 0 0 0 0 0 0 0 1 2 5 4 7 12 23 21 20 30 36 25 31 51 52 49 63 46 69 56 51 50 50 79 55 27 29 42 63 41 30 39 39 14 46 16 23 41 67 54 71 67 44 23 22 17 8 9 7 2 1 0 0 0 0 0 1 0 0 1 1 1 1 1 1 1 0 1 1 1 1 3 3 2 10 2 4
0 0 0 0 0 0 0 0 0 0 0 0 0 0 0 0 0 0 0 0 1 1 1 3 4 10 11 12 15 23 42 45 33 32 24 74 58 80 49 62 51 46 81 62 47 33 63 56 57 56 37 67 39 65 48 60 56 25 35 39 38 28 13 16 19 9 8 2 2 1 0 0 0 0 0 1 1 0 0 1 1 2 1 2 1 0 1 1 0 0 0 0 1 3 8 4
0 0 0 0 0 0 0 0 0 0 0 0 0 0 0 0 0 1 0 1 3 3 6 10 15 15 23 40 52 43 44 57 57 50 60 57 79 70 54 59 51 41 36 70 44 23 39 46 62 53 58 64 65 73 89 82 81 71 72 44 37 32 30 35 17 9 6 3 2 1 0 0 0 0 1 1 1 1 1 2 1 3 2 2 1 1 1 1 2 0 1 1 1 1 1 2
0 0 0 0 0 0 0 0 0 0 0 0 0 0 0 0 0 0 1 3 6 5 11 19 32 45 47 40 62 49 45 46 46 33 26 30 53 60 60 55 55 30 37 64 35 28 25 45 37 55 19 13 17 20 40 54 85 85 67 59 38 27 11 25 13 5 4 2 0 0 0 0 0 1 0 1 1 2 1 2 1 1 4 3 2 1 1 2 2 1 1 2 2 4 6 10
0 0 0 0 0 0 0 0 0 0 0 0 0 0 0 1 0 0 0 1 3 9 4 16 18 33 45 35 6 19 37 34 27 27 40 50 55 39 68 36 46 39 17 56 44 48 21 23 18 47 39 28 26 20 19 17 37 63 70 70 73 28 18 9 6 4 3 2 1 0 0 0 1 1 1 1 3 2 3 3 3 1 2 8 3 1 1 2 2 1 2 1 3 4 8 12
0 0 0 0 0 0 0 0 0 0 0 0 0 0 0 1 0 0 0 1 2 3 3 9 8 11 12 8 8 10 21 25 26 38 36 27 43 61 56 15 38 44 20 44 44 17 10 46 48 44 63 43 49 46 44 45 44 51 43 31 38 62 34 19 11 7 6 2 1 0 0 1 1 2 2 1 3 5 3 2 2 2 1 5 7 3 3 1 3 1 3 3 2 5 7 5
0 0 0 0 0 0 0 0 0 0 0 0 0 0 0 0 1 0 0 0 1 1 2 3 5 11 14 21 27 19 28 22 25 44 40 36 35 27 14 20 36 52 73 51 34 37 15 29 40 43 53 67 39 51 63 39 30 23 23 14 12 19 30 25 14 6 4 2 1 0 0 1 1 2 2 2 2 7 5 7 3 6 4 4 17 6 8 2 4 4 4 8 6 5 5 10
0 0 0 0 0 0 0 0 0 0 0 0 0 0 1 1 1 0 0 0 0 0 2 2 5 9 15 17 21 41 37 47 45 65 26 23 30 38 36 37 65 64 34 37 63 40 31 37 35 67 65 33 50 45 34 34 47 37 43 21 15 8 7 7 8 5 2 2 1 0 0 1 1 3 2 2 2 4 7 11 6 5 7 4 22 4 5 6 3 10 5 6 7 4 5 6
0 0 0 0 0 0 0 0 1 0 0 0 0 0 1 4 0 0 0 1 1 1 1 2 4 4 10 8 14 27 33 30 29 33 38 41 38 50 50 37 24 22 17 14 26 42 53 40 64 76 31 17 22 43 45 41 30 36 22 16 14 8 6 4 3 2 2 1 0 0 1 2 2 2 3 2 4 5 9 8 8 6 7 16 25 5 6 9 5 11 7 3 9 4 2 5
0 0 0 0 0 0 0 0 1 1 0 0 0 0 1 1 0 0 0 1 2 2 2 1 2 2 5 9 13 22 18 20 31 32 34 36 37 34 33 30 26 20 17 15 24 16 21 55 27 48 26 21 22 19 30 73 49 48 33 19 11 9 5 4 2 2 1 0 0 0 1 2 1 2 2 4 6 4 5 16 11 14 17 15 23 13 15 5 17 12 3 5 8 3 5 7
0 0 0 1 0 0 0 0 1 1 0 0 0 0 1 2 1 1 0 1 2 5 2 4 4 1 3 6 9 8 13 13 22 30 33 21 22 13 18 25 43 43 49 47 42 62 48 24 14 23 34 52 51 40 41 24 35 34 37 30 18 8 5 4 2 2 1 0 0 1 1 2 3 2 6 5 4 9 6 5 9 10 13 20 9 56 16 6 12 10 2 6 5 12 6 10
0 1 0 1 0 0 0 1 1 1 0 0 0 1 1 2 2 0 1 2 3 8 5 6 7 9 6 4 4 6 9 16 35 34 15 35 19 37 25 29 35 42 34 31 29 45 28 29 43 56 57 45 47 42 46 16 12 11 10 15 10 9 7 4 3 3 2 1 0 1 1 2 3 4 7 2 5 3 10 5 7 6 15 9 22 50 11 8 19 5 4 7 7 11 14 14
0 0 1 1 1 1 0 0 1 3 0 1 1 1 1 3 0 0 2 3 5 9 13 8 18 13 15 16 10 10 7 36 46 36 44 32 29 41 31 26 39 23 34 22 33 38 39 39 35 55 53 38 46 45 41 17 28 28 26 26 19 12 12 10 6 5 2 1 0 2 2 2 6 3 6 11 12 7 4 8 6 10 12 22 17 37 24 21 17 7 7 12 6 7 3 17
0 0 1 1 1 1 0 1 1 2 0 1 1 4 5 2 0 0 2 3 4 12 13 20 13 15 31 24 19 21 23 36 56 56 47 54 55 37 61 41 25 37 18 13 16 29 30 36 37 36 43 41 45 36 42 44 42 44 40 39 35 29 15 9 4 2 2 0 1 2 4 3 7 9 6 8 13 9 10 3 14 5 6 17 25 38 43 51 18 10 16 13 15 16 10 24
0 0 1 2 3 1 1 1 2 2 0 1 2 6 3 1 0 1 2 3 7 11 14 19 23 20 31 28 40 46 46 41 22 33 48 49 50 28 45 47 48 36 26 24 46 35 29 51 25 17 19 31 50 63 44 46 62 52 44 24 34 15 5 6 5 3 1 1 1 2 6 4 7 9 12 9 13 9 12 11 8 19 10 4 5 20 40 52 22 25 18 16 14 28 11 11
0 1 1 1 5 2 1 1 2 3 1 1 2 6 2 1 0 1 3 3 5 6 10 18 32 20 27 28 24 46 55 47 46 40 44 30 36 40 48 40 41 30 26 40 59 51 42 43 16 12 19 48 59 36 63 64 33 33 20 19 12 8 13 11 4 3 2 1 1 1 9 5 6 7 9 17 11 14 6 13 6 25 14 11 6 5 17 32 44 53 27 23 17 21 9 11
1 2 1 1 2 5 1 2 4 1 1 1 2 9 3 1 0 2 3 4 8 14 19 30 34 33 19 24 43 42 27 57 80 68 41 41 31 37 51 39 26 42 43 32 42 29 37 27 51 37 45 51 51 61 65 49 55 33 32 28 18 13 10 6 4 4 1 1 1 2 3 12 6 7 9 10 25 23 14 28 9 8 17 17 13 11 11 22 43 47 31 27 24 23 14 21
1 1 3 2 1 4 1 3 10 1 1 3 4 7 1 1 0 1 4 6 15 11 15 35 41 41 36 14 11 16 27 29 33 17 22 36 53 39 39 57 50 40 31 30 23 18 26 35 58 58 57 56 59 63 75 66 56 43 31 29 21 20 17 7 6 4 2 1 1 5 6 7 17 7 9 12 27 24 18 11 22 11 9 21 24 14 17 18 33 44 53 29 24 17 28 13
1 1 4 5 2 7 2 3 15 4 2 6 7 3 1 0 0 1 2 7 17 21 19 22 36 44 31 17 20 19 26 29 37 33 27 17 32 42 57 54 40 37 21 34 38 25 35 21 7 15 57 48 39 54 50 35 33 52 44 33 31 12 10 8 5 5 3 1 2 6 9 7 9 4 14 16 17 33 43 29 32 17 12 12 26 17 14 24 38 74 65 30 21 17 28 13
1 1 2 7 3 7 3 3 5 7 3 9 6 1 0 1 1 2 3 10 12 16 28 15 25 42 57 24 20 22 36 36 37 40 34 42 33 39 28 15 22 39 28 31 43 33 30 12 36 47 49 63 76 66 47 65 60 70 42 27 28 24 19 14 12 4 4 2 3 8 8 14 20 9 9 26 22 36 28 27 39 15 24 24 41 21 12 18 13 30 51 27 29 13 41 31
1 1 1 4 14 5 8 3 14 5 12 4 1 0 1 1 2 2 10 18 9 17 22 27 11 28 43 62 37 38 25 38 32 22 20 22 29 23 19 19 22 13 11 8 23 17 25 19 45 40 33 55 46 60 66 62 38 52 31 18 19 20 16 13 5 4 3 6 7 9 11 17 3 13 24 29 28 21 37 20 51 20 26 18 23 43 31 34 43 32 37 26 47 19 27 49
3 2 1 2 5 13 13 6 26 11 7 1 1 1 2 4 3 3 3 4 10 13 21 46 43 26 32 17 43 60 25 42 25 23 32 36 41 28 28 24 18 20 37 28 15 9 10 14 36 49 47 51 56 44 53 45 37 25 15 6 14 16 12 9 5 4 4 8 8 10 12 21 6 7 3 6 24 45 57 21 45 38 30 30 19 15 52 28 44 41 36 48 19 21 37 51
3 5 3 3 3 7 24 9 7 3 1 0 1 2 6 10 9 3 4 6 12 17 18 7 11 12 17 31 15 22 46 69 48 47 21 40 17 24 28 8 11 15 13 11 14 40 22 23 34 42 48 33 33 42 40 40 26 37 25 26 32 18 15 7 10 11 5 9 11 12 12 24 6 15 8 13 13 11 30 33 26 51 34 35 21 44 46 16 41 58 54 45 19 25 24 30
3 7 4 6 10 15 18 8 7 1 2 1 3 7 8 11 13 8 10 12 15 18 16 13 12 18 18 13 17 30 20 29 36 56 39 61 20 16 18 21 20 15 20 24 13 13 25 24 36 50 61 34 33 39 51 26 46 58 63 49 38 21 19 16 12 11 12 19 12 14 14 20 10 19 19 15 26 25 32 49 22 54 36 55 22 21 41 12 21 30 54 34 17 31 32 56
5 8 7 11 16 23 16 2 2 1 3 3 6 10 11 15 10 22 20 12 18 20 17 24 29 22 25 18 22 47 23 11 10 13 17 40 50 38 35 60 46 41 28 26 28 19 9 25 57 45 49 21 23 40 41 46 57 67 35 39 40 22 21 15 15 13 17 26 15 16 18 21 19 22 31 17 28 30 31 31 54 76 48 56 40 16 41 27 11 18 33 42 29 36 29 11
7 14 17 15 37 23 3 2 3 4 8 8 6 14 12 21 7 16 40 11 24 18 11 17 26 35 17 26 32 36 58 25 20 11 13 10 12 10 19 46 57 34 39 34 35 27 20 24 44 34 29 24 33 39 58 57 50 40 43 26 40 29 18 6 19 10 11 39 20 19 32 24 35 24 35 29 30 38 31 27 24 17 61 65 51 22 25 26 13 11 23 45 31 42 49 34
8 12 34 26 35 5 4 4 5 9 12 11 18 25 9 16 10 18 22 37 15 29 11 10 15 32 33 37 35 25 16 38 18 23 18 14 14 15 14 20 28 18 15 26 14 8 12 32 30 29 28 23 19 36 54 64 31 55 67 52 20 16 10 5 32 20 20 30 27 22 38 26 55 37 36 42 29 31 46 32 27 18 45 46 52 27 15 54 18 19 30 43 55 52 35 40
6 16 42 55 20 3 6 10 11 13 25 31 16 21 11 12 27 12 23 21 19 21 18 15 19 28 26 45 36 41 45 34 46 27 26 21 16 13 13 21 23 13 12 14 17 15 24 49 31 31 26 21 32 49 65 56 79 54 38 48 25 12 5 12 17 40 25 29 33 24 29 29 49 43 28 44 44 31 34 51 40 13 26 56 64 31 10 31 28 22 35 26 67 56 29 65
7 22 46 23 3 4 14 14 9 29 21 44 11 25 15 12 16 45 14 23 41 24 36 16 16 34 41 36 33 54 35 38 56 20 28 23 18 23 7 21 18 10 25 30 27 25 48 38 43 45 46 49 44 41 46 56 60 45 46 33 27 12 6 21 18 29 26 29 38 27 30 31 34 52 29 32 54 33 36 39 52 22 28 33 52 31 17 27 39 31 20 21 22 50 41 32
10 35 30 13 5 10 19 20 14 25 14 43 17 25 36 14 34 48 11 34 51 19 46 18 16 35 46 49 24 18 51 18 20 41 55 37 10 19 10 17 10 8 10 13 17 23 29 39 51 55 42 32 24 33 31 38 45 48 34 48 28 17 16 24 31 35 19 25 34 40 28 26 17 41 33 32 41 42 37 33 16 17 46 27 51 32 22 13 24 48 13 28 52 49 38 12
13 30 30 19 9 13 27 41 14 19 17 36 17 26 49 21 37 49 22 21 31 37 35 22 18 22 23 35 40 46 22 30 16 14 5 40 39 14 11 13 10 13 20 19 23 27 25 37 47 59 48 50 37 40 32 35 22 35 35 17 18 28 25 26 27 32 38 31 37 41 18 33 21 30 37 34 41 21 17 39 22 22 19 25 53 63 25 15 27 39 9 15 43 51 54 32
35 32 39 15 12 22 26 33 17 27 24 26 34 20 48 22 20 42 25 19 20 19 66 40 19 17 20 20 29 33 54 35 13 28 6 10 38 14 8 12 7 25 32 32 18 28 11 24 48 64 63 39 34 20 20 37 47 62 37 16 10 27 29 29 30 32 47 23 38 45 20 29 33 33 47 7 28 40 21 19 37 20 20 22 29 42 20 15 18 42 15 13 16 40 66 53
67 30 14 15 23 26 29 33 19 55 34 19 42 21 52 23 20 33 30 17 22 35 51 31 16 25 19 37 39 41 34 38 29 35 5 14 15 31 6 9 18 28 15 24 23 30 22 12 32 58 58 61 43 29 39 43 50 60 49 21 10 37 30 21 31 32 40 28 22 46 32 18 21 46 45 21 18 19 43 13 27 50 25 23 61 44 12 32 5 43 32 13 10 8 21 28
16 9 18 15 23 28 44 38 38 44 31 22 69 22 27 53 26 52 39 15 19 30 29 59 28 33 17 34 42 41 32 22 32 52 14 17 11 44 9 10 11 14 11 15 13 27 26 31 33 60 53 43 52 35 28 26 22 43 40 10 19 27 34 19 33 34 29 45 23 46 40 27 30 24 38 21 21 28 26 27 13 8 43 22 30 50 24 45 12 27 63 19 36 24 15 11
38 21 41 30 27 33 55 34 60 45 19 31 52 34 34 56 21 24 59 13 34 30 21 50 18 33 30 25 27 33 43 43 10 26 17 18 11 12 37 11 4 16 16 30 26 15 13 33 52 47 64 55 20 29 28 5 23 27 20 10 22 49 41 19 17 42 23 38 20 27 69 20 38 39 25 27 26 24 41 28 35 19 18 37 14 45 60 50 20 29 76 20 23 17 34 14
68 39 23 39 40 43 40 37 62 37 33 35 28 34 34 42 24 20 53 25 35 27 13 25 39 33 29 20 23 21 29 30 39 13 17 42 14 11 20 30 10 25 19 26 30 26 28 14 48 23 13 11 12 24 27 50 32 17 23 22 17 35 26 22 22 34 46 16 43 15 45 19 34 42 13 20 36 15 24 33 37 25 17 7 14 11 36 67 28 22 45 29 26 19 31 23
84 45 32 36 37 45 22 39 46 19 39 35 35 38 29 49 28 26 42 19 18 42 17 8 5 14 15 9 32 51 28 32 43 7 14 4 26 13 16 63 11 14 13 23 29 22 40 21 73 36 29 18 19 17 44 46 26 9 11 36 16 13 33 22 36 23 53 16 53 14 25 35 23 35 16 39 23 22 17 18 31 37 27 15 14 15 10 17 43 61 46 40 30 19 40 24
67 34 23 44 29 30 29 31 51 20 34 28 30 53 29 54 29 48 27 17 15 33 25 13 13 17 18 19 23 27 48 41 17 13 7 7 7 26 11 55 6 8 8 22 21 16 38 24 16 32 37 33 8 39 48 41 26 17 8 39 25 21 11 39 36 37 50 18 47 26 18 23 41 52 22 17 28 12 24 6 9 29 15 21 13 11 15 8 9 24 58 39 19 25 47 29
77 38 62 36 37 29 29 29 29 21 37 37 19 60 57 21 40 36 41 30 30 17 27 21 27 34 21 31 15 15 21 22 22 14 6 12 6 10 21 35 16 5 11 8 16 17 21 46 15 17 24 22 31 59 52 36 27 24 8 15 35 19 30 23 31 54 32 40 12 36 55 13 45 68 28 6 22 10 14 8 24 20 28 27 8 6 8 13 14 11 26 50 39 13 46 14
73 53 28 30 31 34 45 31 34 19 28 26 35 40 46 17 18 18 22 6 26 18 26 33 40 34 27 37 32 9 12 17 45 31 9 7 30 9 6 23 34 6 16 9 16 29 29 27 15 17 16 23 46 47 43 25 8 22 21 11 33 18 26 29 13 23 21 25 17 22 53 19 35 40 3 9 12 23 18 13 3 25 4 10 18 2 3 6 16 17 26 9 49 20 35 12
19 50 21 34 34 30 37 25 65 25 27 29 27 11 40 25 25 12 36 18 15 26 28 30 31 17 32 41 35 5 11 14 23 29 29 18 13 27 7 7 36 5 11 9 7 37 46 29 23 18 25 45 48 39 43 17 13 27 19 21 36 22 11 11 26 20 15 38 15 21 52 32 52 22 4 14 6 2 9 22 5 12 10 12 25 7 11 8 11 9 11 23 34 39 46 8
34 58 25 27 17 32 40 37 23 38 28 25 30 13 25 18 25 15 63 22 10 17 21 56 19 16 26 40 34 8 13 12 29 20 35 23 11 14 26 8 39 7 8 6 9 25 13 32 10 41 31 45 44 45 23 9 18 27 20 26 44 30 42 17 17 26 14 41 13 19 17 26 39 5 5 3 6 5 13 11 9 3 1 16 17 19 18 13 8 7 6 5 10 42 27 7
34 68 49 8 19 22 50 38 21 46 31 19 12 19 15 27 9 36 16 8 13 22 31 20 40 20 16 18 18 14 9 24 25 24 22 22 19 24 30 13 42 7 11 10 10 11 20 52 30 17 41 55 52 39 6 17 27 36 24 30 19 44 21 46 29 14 12 19 9 19 26 44 22 21 14 14 1 12 20 8 16 5 1 9 11 30 27 10 8 5 8 6 3 15 26 26
16 29 49 9 30 16 35 49 18 43 26 14 4 22 12 37 13 29 21 27 10 11 28 33 28 16 12 17 21 27 4 10 15 33 26 13 19 37 17 32 46 19 10 25 14 12 10 42 51 45 54 56 42 12 17 32 37 32 25 35 39 31 12 28 40 5 12 9 19 8 20 27 18 30 14 13 8 21 16 3 28 34 8 12 4 4 13 14 8 13 2 8 10 33 11 24
22 39 47 18 21 8 16 17 25 24 25 10 3 16 18 62 19 14 18 6 17 28 28 35 20 9 8 8 22 15 10 16 28 18 8 5 18 34 36 15 33 20 16 33 24 18 20 74 52 70 72 54 8 14 18 18 27 31 26 30 45 14 35 24 21 44 62 11 8 4 6 38 10 28 25 18 15 28 22 16 23 55 12 17 7 4 11 17 40 35 16 8 38 15 15 39
19 24 55 31 33 13 12 21 9 34 30 19 9 12 9 28 22 11 18 11 17 21 15 15 18 8 32 7 15 26 12 12 29 32 14 10 28 15 15 24 5 18 6 21 38 68 82 61 53 51 29 6 13 18 27 22 26 26 22 15 19 10 25 18 5 32 11 1 1 9 13 15 36 12 34 21 23 25 39 20 30 37 11 28 11 10 9 10 12 22 26 38 13 36 44 55
22 12 7 54 14 10 4 5 4 24 46 14 14 8 13 30 7 11 28 8 12 17 14 13 6 14 6 6 2 23 9 13 16 18 14 19 18 17 6 13 8 12 6 62 57 58 81 84 55 17 6 13 14 21 22 20 27 29 22 5 1 3 25 34 39 41 5 4 3 22 35 20 22 7 40 16 35 16 28 11 16 31 18 29 17 21 4 4 8 7 6 11 31 13 41 30
24 25 11 59 3 13 18 6 22 2 28 12 11 19 18 42 12 18 27 17 6 13 15 36 5 13 4 28 4 4 10 15 26 20 8 15 44 26 9 11 21 70 76 76 82 49 66 82 60 2 11 17 17 16 4 17 19 18 18 1 1 17 52 53 42 15 9 23 23 13 34 36 9 11 18 21 41 30 46 47 52 35 15 23 31 23 21 1 7 11 14 10 16 29 39 32
21 17 8 61 12 5 7 7 36 3 9 29 12 12 12 36 9 18 33 14 9 10 12 34 6 8 6 13 17 17 8 14 19 17 16 30 23 18 18 35 60 81 86 72 83 80 69 60 3 8 23 16 18 22 5 14 30 32 12 5 4 25 48 36 19 13 22 22 22 21 29 43 53 15 11 19 20 22 26 13 8 19 25 51 45 31 7 5 19 4 22 22 17 33 56 24
18 15 8 25 28 38 11 9 35 8 9 30 2 9 7 10 16 15 24 13 5 2 1 25 5 11 24 15 29 9 9 15 11 28 14 28 18 8 21 48 38 19 60 72 76 65 5 6 14 9 11 9 18 19 11 5 6 63 12 23 12 20 14 40 30 15 32 30 22 50 38 35 6 12 14 29 29 22 18 15 20 21 31 24 33 9 19 10 9 3 9 23 13 28 55 27
15 16 8 12 44 18 12 6 22 5 6 19 9 3 2 4 11 3 25 10 9 1 5 6 12 18 24 13 17 8 21 17 20 11 19 23 19 7 21 40 20 47 27 17 11 5 19 25 19 18 10 11 9 1 7 18 10 28 27 17 14 18 8 21 10 12 15 38 41 49 17 6 13 20 21 24 46 22 36 21 31 33 34 30 38 7 14 10 18 2 25 22 16 18 25 12
14 15 12 6 41 4 8 9 31 12 4 8 26 6 4 7 6 5 19 18 5 5 5 16 29 15 13 21 7 12 13 16 18 24 16 12 23 13 37 40 74 65 24 6 17 18 4 8 12 4 6 1 8 3 10 19 9 47 21 7 13 14 26 19 4 17 23 53 39 2 8 1 7 22 49 48 28 27 13 24 27 26 33 46 17 21 19 19 9 4 24 18 18 23 17 3
8 7 15 33 10 5 11 8 16 6 5 3 19 8 6 5 4 7 6 25 7 3 2 8 23 23 21 14 6 13 6 14 12 26 9 19 26 17 34 27 26 30 7 17 20 10 9 13 24 13 5 1 1 2 15 26 5 26 16 13 13 14 23 7 5 9 33 36 4 1 3 12 7 7 14 41 40 42 10 17 25 29 35 24 30 22 23 20 26 6 13 20 12 7 8 9
29 6 13 44 46 4 9 6 21 6 9 2 11 6 8 1 10 4 10 6 5 3 2 11 14 30 23 7 7 7 3 6 18 5 17 11 13 11 38 21 26 30 9 16 5 16 3 2 7 16 11 2 1 5 1 7 20 10 20 1 3 29 15 4 10 30 36 37 4 0 2 13 9 11 14 28 37 18 10 13 22 33 31 49 20 28 37 15 11 5 17 17 15 8 6 8
16 4 0 5 12 6 5 7 12 5 4 1 2 10 5 1 5 5 10 3 3 2 2 16 15 14 22 3 9 10 4 3 3 13 19 15 20 56 32 73 66 37 7 3 3 16 11 6 4 13 7 8 1 3 7 4 30 24 2 1 1 20 15 12 31 37 34 28 2 7 7 19 41 4 13 27 22 16 9 11 27 19 21 9 18 48 19 21 7 8 7 10 5 3 10 2
8 10 3 10 4 16 7 3 0 4 6 2 1 3 2 2 6 4 30 0 2 5 5 16 8 6 6 2 7 5 8 4 6 7 11 21 38 40 72 49 27 50 15 4 5 9 1 1 1 6 10 8 4 2 7 11 7 36 8 5 8 35 13 5 19 28 18 27 6 10 15 17 22 4 7 14 12 33 16 11 2 3 2 9 8 17 7 9 9 5 5 3 1 3 2 3
7 15 17 9 1 4 2 11 2 3 4 3 5 3 6 4 4 5 6 1 2 2 10 6 10 5 8 2 7 2 4 4 4 10 11 43 55 70 82 48 13 4 13 12 5 2 9 26 5 15 20 3 8 14 11 18 4 15 4 16 5 36 7 14 23 18 21 32 7 8 13 18 13 3 1 2 16 16 47 18 5 4 11 16 5 7 6 8 4 2 1 5 1 1 4 4
14 12 7 17 4 6 1 7 3 7 8 1 1 2 6 2 7 9 2 2 2 4 13 5 3 4 6 2 2 2 3 5 6 15 18 36 63 19 5 46 56 12 6 14 4 11 26 33 11 11 19 5 4 7 10 6 16 11 18 8 8 36 11 11 38 11 13 23 12 9 13 16 41 14 8 22 19 17 41 11 7 5 6 3 5 2 3 2 2 3 1 3 4 7 10 12
7 4 3 19 2 3 1 1 3 3 2 2 2 3 5 3 11 3 2 11 2 4 12 7 1 2 1 2 5 5 3 10 6 6 40 46 53 3 19 19 6 6 3 1 16 14 25 40 13 8 12 7 9 6 5 4 1 3 37 16 8 22 8 5 25 26 19 3 11 16 9 16 46 8 7 22 5 14 25 12 5 9 3 3 4 2 1 6 6 4 2 4 4 5 5 0
12 2 1 2 31 1 1 0 2 0 1 2 2 1 6 3 5 10 3 11 9 7 7 10 3 1 3 11 4 6 3 9 6 21 32 23 18 5 37 30 1 2 1 0 9 7 25 24 17 11 24 20 9 15 5 7 1 1 5 28 17 18 10 4 13 18 2 10 13 16 4 26 18 9 4 5 4 3 3 8 2 1 4 1 2 2 1 5 6 4 3 12 9 2 8 3
7 6 2 1 12 0 1 0 1 2 1 1 2 1 1 3 3 2 5 6 3 9 8 5 6 1 11 51 47 59 47 29 2 44 56 47 27 6 51 10 4 7 4 8 10 11 17 20 10 18 16 37 10 32 14 12 19 9 11 5 12 11 12 2 16 7 9 6 10 9 5 3 9 22 2 1 3 7 1 1 4 3 2 1 1 1 2 1 1 7 3 19 19 14 1 4
