sesion_6_simulaciones/modelos_agentes/ejemplos_netlogo/scenarios/cgcm2_b2/rob_2049.asc
NCOLS 322 
NROWS 307 
XLLCORNER 451900 
YLLCORNER 4086900 
CELLSIZE 100 
NODATA_value -9999 
[rows 222 to 295 of 307, columns 192 to 287 of 322]
0 0 0 0 1 0 0 0 0 0 0 0 0 0 0 0 0 0 0 0 0 0 2 1 1 1 0 1 1 2 1 1 4 4 5 5 9 21 24 30 38 35 40 60 44 56 58 42 52 64 63 57 27 25 35 38 36 59 68 67 48 37 43 23 50 73 61 45 64 69 22 10 2 0 0 0 0 0 0 0 0 0 0 0 0 0 0 0 0 0 0 1 1 1 1 1
3 2 1 1 0 0 0 0 0 0 0 0 0 0 0 0 0 0 0 0 0 1 2 3 1 2 2 1 2 3 2 2 5 6 7 5 10 9 17 23 32 31 40 59 51 39 55 41 52 48 48 36 40 31 20 26 34 48 38 37 29 39 42 21 25 48 36 28 46 59 21 6 2 0 0 0 0 0 0 0 0 0 0 0 0 0 0 0 0 0 0 0 1 1 1 1
3 2 2 1 1 0 0 0 0 0 0 0 0 0 0 0 0 0 0 0 0 1 2 5 4 3 2 4 4 8 9 5 6 7 9 7 11 6 16 20 18 28 36 55 65 36 50 50 29 27 35 37 51 22 11 35 34 52 27 46 43 43 41 30 8 9 2 1 3 29 29 6 1 0 0 0 0 0 0 0 0 0 0 0 0 0 0 0 0 0 0 1 1 1 1 3
1 1 1 0 0 0 0 0 0 0 0 0 0 0 0 0 0 0 0 0 0 1 1 4 6 6 5 6 6 11 34 18 10 10 6 8 11 10 25 16 15 18 31 38 57 51 26 36 16 17 17 14 28 33 8 27 31 27 37 55 58 46 49 33 9 11 6 6 2 2 11 3 1 0 0 0 0 0 0 0 0 0 0 0 0 0 0 0 0 0 0 1 1 1 2 2
1 1 1 0 0 0 0 0 0 0 0 0 0 0 0 0 0 0 0 1 0 1 2 3 7 21 10 10 11 8 20 33 13 20 15 17 24 24 16 18 11 17 19 22 27 36 30 49 43 15 45 44 28 21 12 23 62 53 53 55 64 47 39 20 12 11 13 16 5 2 2 0 1 0 1 1 0 0 0 0 0 0 0 0 0 0 0 0 0 0 0 0 1 1 1 2
1 1 1 1 0 0 0 0 0 0 0 0 0 0 0 0 0 0 1 1 1 2 3 3 8 25 34 17 30 15 23 37 23 15 30 34 26 24 26 22 6 11 11 21 30 39 51 59 73 37 36 39 36 17 26 30 46 39 51 54 52 37 27 18 33 23 24 15 5 4 1 1 1 1 1 1 1 0 0 0 0 0 0 0 0 0 0 0 0 0 0 0 0 1 2 3
1 1 0 0 0 0 0 0 0 0 0 0 0 0 0 0 0 0 1 2 3 7 13 9 11 22 52 18 36 19 25 37 12 14 31 33 41 39 29 28 18 18 16 14 33 39 42 59 58 60 53 45 40 27 51 61 57 51 59 70 51 27 28 38 63 45 20 10 6 2 2 1 2 2 2 1 1 0 0 0 0 0 0 0 0 0 0 0 0 0 0 0 1 1 1 3
2 1 0 0 0 0 0 0 0 0 0 0 0 0 0 0 0 0 0 1 2 5 14 29 27 27 47 47 55 28 48 22 13 13 23 42 45 44 25 28 29 32 20 20 24 42 43 47 44 44 64 61 43 39 44 41 58 38 43 21 33 55 53 73 58 33 18 8 9 7 5 4 3 3 1 1 1 0 0 0 0 0 0 0 0 0 0 0 0 0 0 0 1 1 2 3
0 0 0 0 0 0 0 0 0 0 0 0 0 0 0 0 0 0 0 1 3 5 12 16 36 40 56 63 56 30 42 17 14 37 27 39 48 35 34 42 38 44 21 23 41 44 56 49 61 39 44 45 41 15 25 16 76 47 29 42 51 48 49 36 18 13 12 11 7 8 11 9 5 1 0 0 0 0 0 0 0 0 1 0 0 0 1 1 0 0 0 1 1 1 2 3
0 0 0 0 0 0 0 0 0 0 0 0 0 0 0 1 0 0 1 2 2 5 13 24 27 37 51 51 56 53 61 29 22 32 44 35 48 42 37 38 42 30 36 23 24 29 47 58 56 47 30 34 29 30 43 38 13 76 81 56 35 18 32 25 26 19 10 6 3 11 29 10 3 1 0 0 0 0 0 0 0 0 0 0 1 0 1 1 1 0 0 1 1 1 1 2
0 0 0 0 0 0 0 0 0 0 0 0 0 0 0 0 0 1 1 2 2 9 21 35 26 35 51 51 74 79 51 42 41 53 34 52 51 49 47 44 43 39 52 20 39 32 46 45 37 20 40 34 45 43 48 58 45 34 41 48 27 43 25 22 17 15 14 4 6 13 12 4 2 2 0 0 0 0 0 0 0 0 0 1 1 0 0 0 2 0 0 1 1 1 1 1
0 0 0 0 0 0 0 0 0 0 0 0 0 0 0 0 1 1 2 6 4 5 30 27 49 41 51 63 25 78 56 53 45 60 46 40 48 58 50 49 48 41 65 24 23 62 46 44 41 35 55 37 40 52 59 28 51 50 32 15 25 13 19 20 17 14 7 25 16 4 7 2 1 1 1 0 0 0 0 0 0 0 0 0 0 1 0 1 1 1 1 0 1 3 1 2
0 0 0 0 0 0 0 0 0 0 0 0 0 0 0 0 1 1 2 6 12 17 47 35 55 59 67 63 71 64 83 49 44 57 45 24 33 55 58 65 50 25 46 54 16 30 40 62 41 47 60 50 38 43 35 32 18 20 25 40 31 32 26 36 12 12 16 7 4 5 4 2 1 0 0 0 0 0 0 0 0 0 0 0 1 2 0 0 1 2 5 2 0 1 4 3
0 0 0 0 0 0 0 0 0 0 0 0 0 0 0 0 0 1 3 5 13 11 24 7 24 45 44 24 27 53 77 47 55 81 45 49 55 63 41 16 28 16 46 55 18 42 60 42 19 40 56 58 39 43 29 17 47 50 47 34 19 26 51 55 31 21 30 24 16 7 3 2 0 0 0 0 0 0 0 0 0 0 0 0 1 1 2 1 1 1 0 2 1 1 1 2
0 0 0 0 0 0 0 0 0 0 0 0 0 0 0 0 0 1 2 4 7 5 6 23 22 29 24 33 40 53 69 68 73 75 64 60 59 54 53 30 40 37 43 58 17 30 50 47 30 28 37 51 43 32 15 37 51 24 29 36 36 58 64 60 55 45 19 10 11 6 11 3 1 0 0 0 0 0 0 0 0 0 1 0 0 1 1 3 2 2 1 4 2 0 1 1
0 0 0 0 0 0 0 0 0 0 0 0 0 0 0 0 0 0 1 1 2 12 16 13 22 36 38 31 40 55 58 58 68 73 53 60 56 57 60 28 57 50 40 60 15 21 44 39 54 57 34 34 58 42 30 39 36 30 59 41 67 48 45 63 70 31 18 5 14 3 2 2 0 0 0 0 0 0 0 1 1 0 0 0 1 0 1 3 7 9 1 1 2 1 2 4
0 0 0 0 0 0 0 0 0 0 0 0 0 0 0 0 0 0 0 1 2 4 9 9 9 20 38 29 45 36 50 57 61 73 65 72 57 69 50 51 33 46 28 46 16 14 27 29 38 54 62 39 31 13 35 17 15 44 46 37 44 32 51 49 46 57 17 4 1 2 1 0 0 0 0 0 0 0 1 1 2 1 1 1 1 1 0 0 1 2 6 6 3 2 2 5
0 0 0 0 0 0 0 0 0 0 0 0 0 0 0 0 0 0 0 1 3 6 4 9 16 29 26 23 34 38 26 31 52 51 47 62 42 66 53 49 47 48 77 53 25 27 41 61 39 27 35 35 12 43 15 22 40 66 54 73 69 48 27 27 20 10 12 9 3 1 0 0 0 1 0 1 0 0 1 2 1 2 1 1 1 1 1 1 1 1 4 4 3 14 3 6
0 0 0 0 0 0 0 0 0 0 0 0 0 0 0 0 0 0 0 0 1 1 2 4 6 13 14 15 18 26 43 45 32 30 23 73 55 78 46 59 48 43 80 60 44 31 62 53 55 52 33 64 34 60 44 57 54 24 36 40 41 32 16 20 24 12 12 3 3 1 0 0 0 0 0 1 1 0 1 1 2 3 2 3 1 0 1 2 0 0 1 1 1 5 10 5
0 0 0 0 0 0 0 0 0 0 0 0 0 0 1 0 0 1 1 2 4 4 9 13 19 20 28 45 55 44 44 58 59 48 59 56 77 69 50 57 46 37 32 68 41 21 36 44 57 48 54 62 65 72 89 82 81 71 72 46 40 36 36 41 22 12 7 4 2 1 0 0 0 1 1 1 1 1 1 3 2 5 2 3 2 1 1 2 3 1 1 2 1 1 1 2
0 0 0 0 0 0 0 0 0 0 0 0 0 0 1 0 0 0 2 3 8 7 15 26 39 52 54 44 67 52 47 48 46 33 24 27 50 57 59 52 53 26 32 61 31 25 23 43 33 50 16 12 15 18 39 53 85 85 67 60 42 32 13 28 16 7 5 2 1 0 0 0 0 1 1 1 1 3 2 3 2 1 6 5 3 1 1 3 3 1 2 3 2 5 8 14
0 0 0 0 0 0 0 0 0 0 0 0 0 0 0 1 0 0 1 1 4 12 6 19 21 37 51 38 8 22 41 35 27 27 39 48 54 37 65 33 44 35 15 52 41 44 18 19 16 41 35 25 23 19 18 16 36 63 72 71 76 33 22 12 8 5 4 3 2 0 0 0 1 1 1 1 5 3 4 4 4 1 2 11 5 1 1 2 2 2 3 2 4 6 10 16
0 0 0 0 0 0 0 0 0 0 0 0 0 0 0 1 0 0 0 1 3 4 4 12 11 12 15 10 9 11 23 25 27 38 36 26 41 59 53 13 36 42 17 39 38 15 9 42 42 39 59 39 46 44 43 44 44 54 46 34 41 67 40 24 15 10 8 3 1 0 0 1 2 3 3 2 4 7 4 3 3 3 1 6 9 4 4 1 5 2 5 5 3 8 9 7
0 0 0 0 0 0 0 0 0 0 0 0 0 0 1 0 1 0 0 0 1 1 3 4 6 14 18 23 32 22 32 23 26 44 39 34 33 25 13 18 34 48 71 48 28 32 12 27 36 36 51 64 36 49 63 38 30 25 26 16 15 23 36 31 19 8 6 3 1 0 1 2 2 3 4 4 3 10 7 11 5 8 6 5 21 8 11 3 6 6 6 12 8 8 8 13
0 0 0 0 0 0 0 0 0 0 0 0 0 1 1 1 1 0 0 1 0 1 2 3 7 13 18 19 25 46 41 49 46 66 26 23 29 37 34 34 63 61 30 33 60 36 26 32 30 64 64 30 48 44 33 34 48 40 46 25 18 11 10 10 9 6 3 2 1 0 1 2 2 4 4 3 3 6 10 15 9 6 10 6 26 6 7 8 5 14 8 9 9 6 7 8
0 0 0 0 0 0 0 0 1 1 0 0 0 0 1 6 0 0 0 1 1 2 2 3 5 6 13 11 17 29 36 32 31 33 38 40 36 48 48 34 22 19 15 11 22 38 47 33 61 74 28 15 20 44 44 41 32 39 25 19 17 11 9 5 4 3 2 1 1 1 2 2 2 3 3 4 5 7 13 11 11 9 10 21 30 7 9 12 7 15 9 4 12 5 3 7
0 0 0 0 0 0 0 0 1 1 0 0 0 1 1 2 0 1 0 1 2 3 3 2 2 2 7 12 15 26 21 22 31 32 34 36 36 32 30 29 24 18 15 13 21 13 19 54 24 47 24 20 21 18 29 74 50 51 35 23 14 12 7 5 3 2 2 1 1 1 2 2 2 4 3 6 9 6 7 21 15 19 23 20 29 16 20 7 22 16 4 7 10 5 6 9
0 0 0 1 0 0 0 1 1 2 0 0 0 1 1 3 1 1 1 2 4 7 4 6 5 2 4 8 11 11 16 15 24 30 32 21 21 12 17 23 40 41 46 42 39 55 44 20 11 20 31 50 49 39 41 25 36 37 42 35 22 10 6 5 3 2 1 1 0 1 2 3 4 4 7 7 6 12 8 7 12 14 17 25 11 62 21 8 16 13 3 8 7 16 8 13
0 1 0 1 1 0 0 1 1 2 0 0 1 1 2 2 3 0 2 3 5 12 6 8 8 13 8 6 5 8 9 20 38 35 16 34 18 35 24 26 32 40 30 27 26 39 22 24 39 51 54 43 46 42 47 17 13 13 12 19 13 12 8 6 5 4 3 1 0 2 2 2 4 6 8 3 7 5 13 6 10 8 18 12 27 55 14 10 23 7 5 9 9 14 18 17
0 1 1 1 1 1 0 1 1 3 0 1 1 2 2 5 0 0 2 3 8 13 18 10 24 15 17 20 11 13 9 40 50 37 44 31 27 39 28 23 37 20 31 19 30 34 32 31 30 52 49 35 46 45 41 17 29 32 28 30 24 16 14 13 8 6 3 1 0 2 3 3 9 5 8 15 16 10 5 11 8 13 16 27 21 42 29 25 22 9 9 15 8 9 3 21
0 0 1 1 1 1 1 1 2 3 1 1 2 6 7 2 0 0 2 4 6 16 18 26 16 19 34 26 23 25 27 39 57 55 47 52 53 34 58 38 22 34 15 11 13 27 26 31 31 32 39 39 43 36 44 45 43 47 44 43 38 35 19 10 5 3 3 1 1 3 5 5 10 12 9 11 18 11 13 4 18 6 8 21 27 43 49 57 22 12 19 16 19 20 13 29
0 1 2 2 3 2 1 1 3 3 1 1 3 8 4 1 0 1 2 4 10 15 19 24 28 22 36 30 45 49 50 43 23 33 46 46 48 26 43 45 44 33 22 21 41 30 25 45 21 16 17 29 49 62 44 46 62 55 48 28 37 19 7 8 7 4 2 1 1 3 9 5 10 13 17 12 18 11 16 14 10 24 12 5 6 24 45 57 24 30 22 20 17 33 13 14
0 1 1 2 6 3 1 2 3 4 1 1 4 8 2 1 0 1 4 5 6 9 14 23 39 24 31 30 27 49 57 47 48 39 42 28 35 38 46 38 38 26 23 34 53 43 34 38 13 10 16 46 57 35 63 64 33 36 23 20 15 11 16 15 5 4 3 1 1 2 11 7 9 9 12 20 15 16 8 16 8 30 17 13 7 6 20 36 48 58 32 25 20 25 10 13
1 2 1 1 2 6 2 3 6 1 1 1 2 12 4 1 0 2 4 5 11 19 22 37 40 37 20 26 47 43 28 58 79 67 39 38 29 34 49 37 23 37 40 28 36 23 32 22 45 32 41 47 49 59 64 49 57 35 34 30 22 17 13 7 6 5 2 1 1 3 4 16 9 10 11 13 27 26 17 33 11 11 19 20 14 13 13 26 47 49 35 31 27 28 17 24
1 1 4 3 1 4 2 4 14 2 2 4 6 9 2 2 0 1 5 8 18 15 19 41 44 43 37 16 13 17 28 29 33 16 20 34 51 35 36 53 46 35 27 26 19 14 20 27 52 52 52 53 57 61 73 66 57 45 34 34 25 25 22 10 8 6 2 2 2 8 8 8 19 10 11 15 33 28 19 14 26 13 11 26 28 16 19 21 34 47 54 33 27 19 31 16
1 2 5 8 4 9 2 4 20 6 2 8 10 4 1 0 0 1 2 8 23 25 22 27 38 50 36 18 22 21 27 29 37 32 25 16 30 40 53 51 37 34 17 28 32 20 31 16 5 13 52 43 36 52 48 35 33 54 46 38 34 15 13 10 7 7 5 1 3 7 10 9 12 5 16 19 19 35 48 34 37 20 14 14 30 19 16 27 41 76 68 34 22 18 31 15
2 2 3 10 4 9 5 4 7 10 4 12 8 1 0 1 1 2 5 12 16 21 30 18 29 43 58 25 22 23 36 35 35 37 32 40 31 37 26 14 19 35 24 25 39 27 25 10 31 40 43 60 76 65 45 66 61 72 46 30 33 29 24 16 16 6 5 3 4 9 9 16 25 10 10 31 24 41 32 29 45 17 25 27 46 22 14 19 15 31 54 30 32 15 45 33
2 2 2 6 16 7 12 5 16 7 16 5 1 1 2 2 3 3 12 21 12 21 25 31 13 29 48 64 36 39 24 39 31 21 18 20 27 21 17 17 20 11 9 6 19 13 19 14 40 36 30 52 44 58 65 61 39 54 31 21 23 24 21 17 7 6 4 8 8 11 15 19 4 15 26 34 33 24 41 22 56 23 28 21 26 44 33 36 45 34 40 28 50 20 29 50
5 3 2 3 7 16 16 8 30 12 8 1 1 2 3 5 5 3 5 5 11 15 26 50 44 29 34 17 43 60 25 41 24 21 31 34 38 25 24 21 16 17 33 23 13 7 7 10 29 43 44 48 55 42 52 45 37 28 18 7 17 20 16 12 6 5 5 9 11 13 16 27 8 7 4 7 28 49 61 23 49 42 30 31 21 17 55 30 45 43 37 50 21 22 38 53
4 7 4 4 4 9 30 11 10 3 2 0 2 4 8 12 11 4 5 8 15 19 20 8 13 13 19 33 14 22 45 66 45 46 18 38 15 22 25 6 9 13 11 9 11 34 18 17 28 38 44 30 30 40 39 40 27 40 28 29 34 22 19 10 13 12 7 12 12 15 15 27 8 18 10 14 14 13 32 35 28 52 36 37 23 46 47 17 42 58 56 46 20 26 24 30
5 8 6 8 14 20 21 9 9 2 3 2 3 8 11 14 16 11 11 13 19 20 19 15 13 21 20 13 17 31 19 28 34 57 36 58 17 15 16 19 18 13 16 21 11 9 19 19 31 45 57 30 31 37 50 26 46 60 64 51 40 23 21 19 15 14 15 24 15 18 18 22 12 22 20 16 29 28 33 52 23 55 37 56 23 22 43 12 21 30 55 36 17 31 32 56
6 12 9 13 19 26 20 3 2 1 4 4 9 11 12 17 13 28 25 16 20 21 20 28 32 24 27 18 22 46 22 12 9 13 15 38 48 36 33 55 41 36 24 22 23 14 6 22 49 40 46 19 21 38 40 44 56 69 37 39 44 23 23 18 18 16 19 31 19 19 22 25 23 24 35 20 32 31 32 33 54 77 48 57 41 16 44 28 11 18 34 44 29 36 29 11
8 17 20 19 44 27 4 3 4 5 11 9 8 16 15 24 8 19 43 12 25 21 12 19 27 37 16 27 32 35 58 24 19 11 12 8 11 8 18 43 53 31 35 30 29 23 16 20 39 30 26 22 31 37 56 56 50 42 44 29 44 33 19 7 23 12 13 41 24 23 36 25 39 25 37 31 31 38 34 28 25 17 62 65 52 22 26 26 13 11 23 46 30 41 48 33
11 15 41 32 38 5 5 5 7 12 14 13 20 31 10 18 11 20 26 42 16 31 13 12 17 33 34 37 34 25 15 36 17 22 16 12 12 13 13 17 25 16 14 22 11 7 10 26 26 25 24 21 18 33 52 63 31 56 68 53 23 18 12 6 34 22 24 35 31 25 42 29 58 40 39 45 31 32 48 34 27 19 45 46 52 26 14 54 17 19 30 43 53 51 34 38
7 20 45 59 23 3 7 13 14 16 28 36 19 22 14 13 32 14 24 23 20 24 19 18 20 28 27 45 34 39 44 32 44 25 24 19 13 12 11 18 21 11 10 11 14 12 20 41 24 27 23 18 28 46 63 55 78 54 40 50 28 13 5 14 19 42 26 30 37 25 33 32 52 46 29 45 46 33 35 51 40 14 26 56 63 31 10 32 27 21 34 25 66 54 28 65
9 27 49 25 4 5 17 17 12 34 25 47 14 29 16 14 19 48 15 27 42 27 37 17 18 35 42 35 33 52 34 35 55 18 25 21 16 20 6 18 15 9 21 26 24 21 40 30 36 39 41 44 41 38 44 55 59 45 48 35 28 14 7 22 18 32 28 30 40 29 31 34 34 53 31 32 57 33 37 39 52 21 29 33 52 31 16 26 38 30 20 19 20 47 39 30
13 40 32 16 7 13 23 23 15 29 15 46 19 29 40 15 39 52 13 38 53 20 50 18 17 37 46 49 23 17 51 17 18 38 52 33 9 18 8 16 9 6 8 11 15 19 24 35 46 50 37 29 22 29 28 36 44 48 33 50 31 19 16 26 32 38 20 27 37 40 29 27 18 42 33 33 42 42 36 32 16 16 45 26 51 30 21 13 24 47 12 26 50 47 38 11
16 35 34 23 11 15 31 46 15 20 20 41 17 28 54 24 39 51 24 23 33 37 36 23 19 22 23 35 39 42 20 27 14 12 4 39 36 12 9 11 8 11 18 17 20 22 21 29 39 54 43 46 33 38 31 34 21 35 36 18 18 29 27 29 27 35 40 32 37 43 19 33 21 31 38 33 41 21 17 39 21 21 19 25 53 61 24 14 26 38 9 15 42 50 53 31
37 34 44 17 15 24 29 36 17 28 24 29 36 22 49 22 21 46 26 19 21 19 67 41 18 18 20 20 28 32 51 34 11 25 5 9 36 13 7 10 6 23 27 28 15 23 9 21 39 57 59 35 31 17 18 36 46 62 37 17 10 29 30 29 31 32 49 23 38 47 20 29 33 34 47 7 28 39 20 18 35 19 18 20 28 43 19 14 18 41 14 12 16 41 66 53
71 34 14 15 26 26 29 34 21 55 36 20 44 23 55 23 21 34 30 18 22 35 51 30 16 23 19 36 38 38 32 35 26 33 5 11 13 29 5 7 16 24 13 21 19 25 16 8 27 50 53 57 40 27 37 41 49 60 50 22 11 39 31 22 31 32 41 29 22 46 32 18 20 47 45 20 17 19 42 13 26 48 23 22 61 43 11 30 4 44 30 12 9 8 20 27
17 9 20 16 26 30 46 41 37 45 32 22 69 22 26 53 27 53 38 16 19 30 29 58 26 31 16 32 39 39 28 19 28 49 12 15 10 43 8 8 9 11 10 12 11 23 21 25 29 57 49 38 51 33 27 24 21 43 42 11 18 28 35 20 34 33 28 44 23 47 39 26 29 23 38 21 20 27 25 25 12 8 42 21 29 49 21 44 11 27 61 17 34 22 14 10
39 21 43 32 28 32 56 33 61 45 19 29 52 31 33 56 19 23 59 13 33 28 20 49 17 32 28 24 26 31 41 40 9 25 14 16 10 10 32 10 4 14 14 26 21 12 10 27 45 42 60 52 18 27 27 5 22 27 20 10 23 50 42 19 16 43 21 37 19 27 69 19 37 37 23 26 25 23 39 27 33 17 17 35 13 44 58 48 18 27 76 18 21 16 31 12
68 39 23 38 40 43 39 37 61 35 32 33 27 31 31 40 23 20 53 24 32 25 12 24 37 30 28 18 22 20 26 28 35 11 16 38 13 10 18 27 8 22 16 22 25 22 24 12 41 19 12 9 11 23 24 49 32 17 23 21 16 36 27 21 22 34 46 16 42 15 45 17 31 42 12 18 37 14 23 31 36 23 16 6 12 10 36 65 26 20 46 27 23 18 29 21
84 45 31 34 35 44 21 39 46 18 38 33 32 35 26 46 26 24 40 17 18 40 16 7 5 13 14 8 31 49 25 28 41 7 12 3 24 10 14 59 9 12 12 20 25 18 35 19 69 33 26 15 17 16 42 46 26 8 10 35 16 12 33 21 36 22 54 15 54 13 25 33 22 32 15 38 22 21 15 17 28 34 26 14 13 14 9 16 43 59 45 38 27 17 37 22
67 32 22 42 27 28 27 28 49 18 32 25 28 51 25 51 26 47 25 15 14 31 23 12 11 15 16 16 21 25 46 40 15 11 6 6 6 23 9 54 5 6 7 17 18 14 31 17 12 27 32 31 7 35 46 40 25 17 7 39 24 20 10 37 35 35 48 16 47 24 17 22 38 51 21 15 26 11 22 6 8 26 14 19 12 10 13 7 9 21 57 35 17 23 44 26
77 35 61 34 35 26 27 28 25 19 34 33 18 58 55 19 37 33 37 28 28 15 25 19 25 31 19 28 14 14 19 19 18 13 5 10 6 8 18 32 13 4 9 7 13 14 16 39 11 14 21 19 28 58 51 35 26 23 7 14 34 18 28 22 29 52 31 38 11 35 53 12 44 66 26 6 20 9 13 7 22 18 25 24 7 5 7 12 12 9 24 45 35 12 42 12
71 51 25 27 27 32 41 28 32 17 25 22 31 39 42 15 16 17 20 5 23 17 22 29 37 32 25 33 30 8 10 16 42 27 7 6 27 7 5 19 28 4 13 7 13 27 25 22 11 14 14 19 43 45 42 24 8 21 20 11 31 17 24 27 12 22 19 23 15 20 52 17 33 38 3 8 11 21 16 11 3 24 4 9 17 1 2 5 14 15 23 7 46 17 32 10
18 49 19 31 30 27 33 22 62 21 24 25 23 9 38 22 23 10 32 15 13 23 24 26 29 16 28 39 32 4 10 13 21 26 26 16 11 24 6 5 34 4 9 7 6 34 42 22 19 16 22 40 44 38 42 17 12 25 17 20 35 19 10 10 24 17 14 36 13 20 48 29 51 21 3 13 5 2 8 20 5 11 9 11 23 6 10 7 9 8 9 20 31 34 41 6
32 58 21 23 15 29 35 35 20 35 25 21 26 11 24 15 23 14 60 20 9 15 19 53 16 15 23 35 31 7 12 11 26 17 32 18 9 11 22 7 35 6 7 5 7 19 11 24 8 37 27 42 42 43 22 8 16 25 18 24 43 27 39 16 15 25 13 38 12 17 15 24 39 4 5 3 5 4 12 10 8 3 1 14 15 17 16 11 7 6 5 4 9 39 24 6
31 67 46 7 17 19 47 33 18 41 27 16 10 16 13 23 7 32 14 6 11 19 29 17 36 17 14 16 16 13 7 21 22 21 19 20 16 20 25 10 39 5 9 8 8 9 18 47 28 15 37 52 51 37 5 15 25 33 21 28 18 41 18 43 26 12 10 18 8 17 24 41 20 19 12 12 1 11 18 7 15 4 1 8 10 27 24 9 8 5 6 5 2 13 24 23
14 30 47 7 27 14 30 45 15 38 23 12 3 19 10 32 11 27 19 23 8 10 25 30 25 14 10 14 18 25 3 9 14 30 22 10 16 32 14 24 38 16 8 19 11 9 7 38 47 39 52 54 40 10 16 29 34 29 22 33 36 29 11 26 37 4 10 8 17 7 18 25 16 28 12 11 7 19 14 3 26 31 7 11 4 4 12 12 7 11 2 7 8 30 9 21
19 35 45 15 18 7 14 14 21 21 21 9 2 13 16 60 17 12 15 5 14 24 24 32 18 7 7 7 18 13 9 14 26 15 7 3 15 28 30 11 25 16 13 24 19 13 18 67 50 69 70 54 7 12 16 16 24 28 23 28 43 13 32 22 19 41 60 9 7 4 5 36 9 26 23 17 13 25 20 15 20 51 11 15 6 3 10 15 36 30 13 6 35 14 13 36
16 21 53 27 28 11 10 18 7 29 25 17 8 10 7 23 18 10 16 9 14 19 13 13 14 7 30 6 13 23 10 10 27 28 11 9 25 12 12 20 4 13 4 18 35 63 79 56 52 50 26 5 11 17 25 20 24 23 19 14 17 9 23 16 4 30 10 1 1 8 12 13 33 11 31 19 21 23 37 18 27 34 9 25 9 9 8 9 10 18 22 34 11 32 40 52
20 10 6 52 12 8 3 4 3 19 41 12 12 6 11 28 6 9 24 7 10 14 12 10 5 12 5 5 2 20 8 11 14 15 11 15 14 14 4 10 5 8 5 56 54 56 80 84 52 16 5 12 12 19 20 18 23 26 20 5 1 3 23 31 37 40 5 4 3 20 31 18 19 6 36 14 32 14 25 10 14 29 16 27 15 18 4 3 7 6 4 9 24 12 35 29
21 21 9 57 3 11 16 5 18 2 25 10 9 16 15 38 9 16 23 14 5 11 12 31 4 10 3 24 3 4 9 12 23 17 6 12 39 20 7 9 18 64 73 74 80 46 63 81 58 2 9 15 15 14 3 15 17 16 16 1 1 16 49 50 40 14 8 20 21 12 31 33 7 10 17 19 38 28 43 46 51 33 13 20 28 20 19 1 7 9 12 8 13 25 34 29
18 14 7 59 10 4 5 6 32 2 7 25 10 9 10 32 7 14 28 12 7 9 9 30 5 6 5 11 15 15 7 12 15 14 14 26 17 15 14 29 53 79 84 72 82 80 69 59 3 7 20 14 16 19 5 12 27 29 11 4 3 23 44 33 17 12 19 20 21 18 27 41 52 14 10 17 18 21 24 12 7 18 24 47 40 29 6 4 17 4 20 17 14 30 53 22
14 12 6 22 24 34 9 7 29 7 7 26 2 7 5 8 12 12 20 11 4 2 1 20 4 10 20 12 26 8 8 12 9 24 11 24 14 6 18 40 35 17 59 72 76 65 4 6 12 8 10 8 16 17 9 4 5 60 11 21 10 17 12 36 27 13 29 26 19 46 36 33 5 11 13 26 27 20 17 14 18 19 28 22 30 7 17 8 8 2 8 21 10 22 51 21
13 13 6 10 38 15 10 5 18 4 5 16 7 2 1 3 9 2 21 8 8 1 4 4 9 15 20 11 14 7 18 14 17 9 14 18 14 6 18 36 17 44 26 15 10 4 17 23 17 16 9 9 7 1 6 16 8 24 24 15 12 15 6 18 9 11 13 35 40 48 15 5 11 17 19 21 43 20 35 20 28 29 30 27 33 6 12 9 16 2 21 18 14 13 19 9
11 12 10 4 35 3 6 8 26 10 3 7 21 5 3 5 4 4 14 14 4 4 4 14 24 11 10 17 5 10 10 12 14 19 13 9 19 9 34 37 72 63 22 5 15 16 4 8 10 4 5 1 7 2 9 16 8 42 18 6 11 12 22 16 3 15 21 49 36 2 7 1 6 20 45 43 25 24 11 21 24 23 29 43 14 17 17 17 8 3 22 16 15 17 12 3
6 5 12 28 7 4 8 6 13 5 3 3 15 6 4 4 3 6 5 20 5 3 1 6 18 17 18 11 4 10 4 11 10 21 7 14 22 13 31 24 23 29 6 15 18 9 8 12 22 12 4 1 1 2 13 23 4 23 14 11 11 11 21 6 4 7 28 33 4 1 3 11 6 6 12 37 37 39 8 15 23 25 31 20 25 18 18 17 22 4 12 15 9 5 6 7
22 5 10 36 40 3 7 4 17 4 6 2 9 4 6 1 8 3 8 4 4 2 2 8 10 25 17 5 6 6 2 5 15 4 14 8 11 8 33 18 23 29 8 15 4 15 3 2 6 14 9 2 1 4 1 6 18 8 17 1 3 25 13 3 8 25 31 34 4 0 2 12 8 10 13 24 33 16 9 11 20 29 27 42 16 21 32 12 9 4 14 14 11 6 5 5
12 4 0 4 9 4 4 5 9 4 3 1 1 7 4 0 3 4 8 2 3 2 2 13 12 11 18 2 7 7 3 2 3 11 14 12 14 53 28 71 64 34 6 3 3 13 9 5 4 11 7 7 1 3 6 4 27 21 2 1 1 16 12 10 28 33 30 26 2 6 7 17 36 4 11 24 20 14 8 9 24 16 17 8 13 43 16 17 5 7 5 7 4 2 7 1
5 8 2 8 3 12 5 3 0 3 4 2 1 2 1 1 5 3 24 0 1 4 4 13 5 5 4 2 5 3 6 3 5 5 8 18 30 37 69 46 24 48 13 3 4 8 1 1 1 5 9 7 4 1 6 9 6 33 7 5 6 30 11 4 16 25 16 24 5 9 13 15 19 4 6 12 10 28 13 9 2 2 2 7 6 14 6 7 6 4 4 2 1 2 1 2
5 12 12 6 1 3 2 8 1 2 3 2 3 2 4 3 3 4 4 1 1 2 8 4 8 4 6 2 5 1 3 3 3 8 10 36 52 69 82 45 12 3 12 11 4 1 8 24 4 13 18 3 7 12 9 15 4 13 3 13 4 32 5 12 19 14 18 29 6 7 11 15 12 3 1 2 13 15 41 15 4 3 9 12 4 6 5 6 3 2 1 3 1 1 3 3
