sesion_6_simulaciones/modelos_agentes/ejemplos_netlogo/scenarios/cgcm2_b2/rob_2038.asc
NCOLS 322 
NROWS 307 
XLLCORNER 451900 
YLLCORNER 4086900 
CELLSIZE 100 
NODATA_value -9999 
[rows 222 to 295 of 307, columns 0 to 95 of 322]
17 24 36 54 46 30 44 33 7 21 23 26 49 21 19 11 10 4 5 7 17 28 31 38 29 25 20 36 53 30 19 46 60 30 56 47 29 29 38 64 34 34 49 63 58 76 53 60 64 83 82 55 38 37 32 15 19 35 20 24 25 14 9 20 10 12 5 6 3 2 2 1 0 0 0 0 0 0 0 0 0 0 0 0 0 0 0 1 1 0 0 0 1 1 3 1
39 45 33 23 26 34 35 44 26 12 14 29 32 16 8 9 10 21 26 25 28 41 26 64 45 43 35 35 35 46 29 42 32 39 65 19 23 32 39 64 63 52 47 70 30 19 33 20 22 64 72 52 49 28 22 22 12 13 21 21 16 21 8 10 14 5 4 4 4 2 1 1 0 0 0 0 0 0 0 0 0 0 0 0 0 0 0 1 2 1 1 1 2 2 0 0
41 59 66 76 56 51 43 45 30 36 44 59 26 18 17 25 23 41 21 23 64 18 35 40 42 31 24 58 43 38 37 43 36 55 37 27 37 47 42 62 59 60 58 86 80 68 57 56 48 24 31 40 26 21 13 13 12 15 14 13 12 11 6 21 17 7 4 2 2 1 1 0 0 0 0 0 0 0 0 0 0 0 0 0 0 0 0 1 3 3 1 2 3 2 0 0
44 59 51 62 63 67 36 26 18 53 56 40 25 18 22 26 9 5 3 40 21 33 62 45 32 45 36 43 36 26 36 34 53 16 18 46 34 60 40 65 61 69 74 55 58 74 60 69 69 44 22 23 14 20 9 9 9 15 9 7 10 5 4 3 3 3 1 1 1 0 0 0 0 0 0 0 0 0 0 0 0 0 0 0 0 1 1 2 7 6 6 5 1 1 0 0
13 25 30 21 33 77 53 10 35 43 57 25 39 34 7 5 3 2 16 51 17 43 58 63 44 41 29 12 33 24 38 62 49 25 38 45 64 73 52 59 76 81 77 49 61 64 65 34 63 75 28 19 7 10 9 12 8 6 6 3 2 2 2 1 1 2 2 1 0 0 0 0 0 0 0 0 0 0 0 0 0 0 0 0 0 1 4 7 10 14 6 2 1 1 0 0
42 27 31 31 35 32 16 19 19 29 48 53 55 14 3 3 18 29 49 65 32 36 54 76 62 31 45 20 26 41 17 40 70 33 25 30 52 53 82 88 59 51 37 71 47 51 70 48 35 14 26 29 24 16 14 12 12 6 4 3 2 1 1 1 1 1 1 0 0 0 0 0 0 0 0 0 0 0 0 0 0 0 0 0 0 1 5 18 11 1 1 0 0 0 0 0
42 32 28 48 33 32 36 33 23 46 42 36 28 12 20 44 50 55 58 72 31 45 51 68 18 18 45 14 34 48 18 17 40 44 29 52 40 29 68 81 69 44 62 42 82 58 36 37 33 27 17 35 31 24 24 15 5 5 2 1 1 0 0 0 0 0 0 0 0 0 0 0 0 0 0 0 0 0 0 0 0 0 0 1 1 3 4 23 6 1 1 1 0 0 0 0
13 24 48 29 26 26 45 43 39 41 36 53 35 39 37 57 50 31 64 62 33 38 36 37 17 52 20 6 35 38 17 27 27 39 67 77 60 44 27 44 54 33 26 20 38 77 56 35 29 26 19 18 18 23 25 18 6 3 1 1 0 0 0 1 1 0 0 0 0 0 0 0 0 0 0 0 0 0 0 0 1 1 1 1 4 6 9 11 3 1 1 2 1 0 0 0
48 36 33 36 44 37 57 39 47 40 28 43 30 55 36 55 54 44 44 68 16 29 29 22 34 9 21 23 23 36 12 28 18 32 31 58 49 69 37 15 37 57 44 47 59 27 33 23 16 16 11 10 18 15 11 9 9 4 3 1 1 1 0 0 1 0 0 0 0 0 0 0 0 0 0 0 0 0 0 0 1 1 2 1 2 13 32 10 3 4 5 2 1 0 0 0
24 45 44 52 31 31 41 70 25 43 29 23 38 42 31 54 53 39 33 46 26 23 22 37 22 17 19 17 15 20 11 20 58 43 29 19 61 36 42 34 16 27 68 74 76 46 20 12 23 22 18 7 10 12 9 7 4 1 1 2 1 0 0 0 0 0 0 0 0 0 0 0 0 0 0 0 0 1 1 2 3 2 3 1 1 7 24 6 3 9 5 1 1 1 0 0
20 22 41 46 35 40 36 54 29 29 29 30 26 42 29 36 61 22 21 30 14 19 5 21 15 18 10 8 16 13 18 28 34 62 40 39 25 30 39 16 28 22 20 33 33 22 17 12 21 13 16 9 7 6 5 9 3 1 0 0 0 0 0 0 0 0 0 0 0 0 0 0 0 0 0 0 0 1 2 4 7 11 5 3 2 4 9 8 9 6 2 1 0 0 0 0
12 11 41 25 25 57 48 33 43 30 46 42 30 49 37 26 34 15 20 17 20 7 5 4 12 13 5 8 16 12 11 18 15 16 12 24 14 17 19 11 24 37 60 33 29 13 13 5 6 6 9 6 6 6 6 3 2 1 0 0 0 1 0 0 0 0 0 0 0 0 0 0 0 0 0 0 1 2 3 9 19 16 9 10 4 6 26 23 11 4 2 1 1 1 1 0
16 8 8 22 22 40 56 51 60 24 33 49 14 28 16 24 51 10 15 18 19 20 4 6 14 7 3 21 31 41 40 11 29 21 39 40 38 41 31 39 52 55 57 61 56 50 41 17 17 24 13 6 4 3 2 2 1 0 0 0 0 1 1 1 0 0 0 0 0 0 0 0 0 0 0 0 1 3 5 11 12 26 18 21 13 40 18 18 7 7 4 3 2 1 1 0
2 4 15 17 23 25 27 37 20 36 45 28 6 8 7 8 35 6 5 7 2 9 6 9 5 6 4 12 31 21 64 71 62 53 72 54 56 39 40 41 51 60 56 74 41 23 17 4 10 17 20 11 4 2 2 2 1 1 2 1 1 1 0 0 0 0 0 0 0 0 0 0 1 0 1 0 1 2 5 13 31 23 28 24 45 26 23 18 5 5 11 6 4 1 1 1
1 7 3 4 7 20 26 23 17 19 18 26 6 16 4 15 7 3 4 2 3 2 4 3 8 8 25 25 34 19 29 56 82 61 73 89 87 73 72 62 29 66 72 65 75 56 49 23 17 18 13 8 9 2 2 5 4 2 1 1 1 1 1 0 0 0 0 0 0 0 0 0 1 2 1 1 1 1 3 6 32 47 44 17 14 57 21 20 15 14 6 6 3 2 1 1
1 2 1 4 6 16 12 26 29 22 9 3 7 1 5 8 3 41 3 11 38 25 13 6 5 3 5 11 12 21 22 24 28 74 60 82 87 81 81 72 67 35 75 76 76 51 54 28 18 14 6 5 2 2 1 1 1 1 1 1 0 0 0 0 0 0 0 0 0 0 0 0 1 2 2 1 1 3 3 5 24 47 35 11 42 41 26 39 33 15 11 7 6 3 4 3
1 1 5 9 19 5 10 22 21 17 8 4 3 1 3 2 1 0 18 16 19 37 32 11 5 3 10 13 12 24 19 28 33 27 20 55 87 62 79 49 60 55 53 63 60 50 24 12 29 21 12 8 8 5 3 1 1 1 0 0 0 0 0 0 0 0 0 0 0 0 0 1 1 3 8 4 2 4 8 16 34 52 27 25 43 12 6 9 14 4 4 6 4 4 2 1
0 1 3 1 3 5 7 8 8 6 6 3 2 1 1 2 1 2 2 10 8 3 43 29 6 2 10 22 19 27 24 18 30 37 21 26 59 71 67 63 62 51 54 40 43 49 41 16 7 17 12 9 7 6 5 1 1 0 0 0 0 0 0 0 0 0 0 0 0 0 0 0 1 2 6 9 4 4 8 32 43 71 25 31 53 16 14 10 5 3 2 4 3 2 0 0
0 0 0 2 1 2 3 3 8 8 4 2 1 1 1 1 2 4 8 18 5 4 5 29 30 5 16 41 37 35 44 32 38 49 39 29 25 60 44 45 25 31 18 29 26 22 5 22 10 7 9 5 4 4 4 3 2 1 1 1 0 0 0 0 0 0 0 0 0 0 1 1 1 2 3 15 20 9 24 26 63 57 50 68 21 20 20 13 14 13 5 5 3 2 1 0
0 0 1 1 1 1 1 2 2 5 1 1 2 1 2 1 3 10 13 7 3 3 5 44 22 17 19 16 7 17 25 27 39 39 40 43 23 20 21 16 26 16 7 8 11 16 12 14 6 4 6 4 3 2 2 2 1 1 1 0 0 0 0 0 0 0 0 0 1 1 1 2 3 2 4 6 40 9 15 49 67 49 57 61 48 36 20 37 29 5 4 3 2 0 0 0
0 0 0 0 0 0 1 1 2 2 2 1 1 1 3 3 3 7 14 14 6 5 4 9 12 11 13 35 10 39 47 32 28 38 36 48 42 23 14 8 7 12 15 13 18 15 8 4 5 6 4 3 2 2 2 1 1 0 0 0 0 0 0 0 0 0 0 1 1 1 2 1 1 4 18 16 42 23 32 58 69 66 44 50 31 16 16 28 16 10 3 2 1 0 0 0
0 0 0 0 0 0 0 2 1 0 0 1 10 14 26 14 6 2 2 5 10 10 6 20 37 29 27 27 26 30 44 44 44 45 41 51 48 62 40 15 16 9 9 7 7 5 6 3 2 3 2 3 2 2 1 1 0 0 0 0 0 0 0 0 0 0 1 1 1 1 2 2 1 5 15 14 36 59 40 61 65 65 61 54 31 37 21 20 15 9 4 2 1 0 0 0
0 0 0 0 0 0 0 1 0 0 0 2 0 1 5 33 7 3 3 3 10 6 10 14 6 16 35 58 56 54 44 53 54 61 58 50 52 57 63 54 23 15 13 14 13 6 3 4 6 3 5 4 2 1 1 1 1 1 0 0 0 0 0 0 0 0 1 2 3 3 3 3 2 6 32 13 9 51 83 59 65 67 55 42 28 15 4 11 14 6 2 1 1 1 1 1
0 0 0 0 0 0 0 0 0 3 7 4 2 2 4 2 2 1 4 6 6 20 11 12 27 22 9 21 29 62 66 64 71 76 64 48 63 72 72 56 27 22 18 21 20 17 7 13 6 2 1 1 1 1 0 0 0 0 0 0 0 0 0 0 0 1 1 3 5 6 6 8 5 10 30 41 14 46 65 56 53 34 21 11 13 19 7 7 7 3 2 1 1 1 1 1
0 0 0 0 0 0 0 0 1 1 0 0 2 7 4 3 4 6 2 9 19 10 11 21 15 34 18 6 6 49 38 71 85 68 67 66 51 58 66 62 47 50 33 18 24 26 10 10 6 3 2 2 1 1 1 0 0 0 0 0 0 0 0 0 1 1 1 4 5 12 9 16 7 9 27 50 48 34 66 39 26 15 22 14 10 4 3 5 8 5 2 2 2 1 1 0
0 0 0 0 0 0 0 0 0 1 0 0 1 2 1 1 5 14 4 11 7 11 15 17 14 30 28 16 14 10 15 12 54 58 53 49 38 56 47 29 24 15 11 9 13 23 9 7 5 3 2 1 1 0 0 1 1 1 0 0 0 0 0 0 0 1 3 4 4 9 28 17 21 9 13 44 47 72 42 27 32 18 16 14 17 6 8 8 5 2 2 3 4 2 1 0
0 0 0 0 0 0 1 0 0 0 1 8 2 1 1 4 5 10 12 4 3 7 6 11 16 15 26 24 40 42 22 35 38 26 13 26 33 38 23 26 12 11 5 7 8 7 6 7 3 2 2 1 1 1 0 0 1 1 1 0 0 0 0 0 0 1 1 1 2 3 10 32 47 11 8 34 28 64 29 39 22 19 11 16 15 11 10 3 5 4 4 6 2 1 1 0
0 0 0 0 0 0 0 0 0 0 2 8 2 1 4 5 18 8 11 5 5 7 8 16 22 28 51 47 23 18 14 17 38 44 31 24 41 44 36 28 28 21 31 23 10 8 8 8 6 3 1 1 1 1 1 1 1 0 0 0 0 0 0 0 1 1 2 5 4 2 6 11 28 37 21 24 62 49 40 29 14 25 20 13 6 11 12 8 10 10 4 3 1 1 0 1
0 0 1 0 0 0 0 0 0 0 1 0 2 2 4 7 16 4 12 5 8 8 10 15 58 68 61 30 49 59 51 30 50 48 41 37 45 58 43 37 42 30 18 15 13 10 16 15 6 4 4 2 3 3 1 0 0 0 0 0 0 0 0 0 1 2 4 8 9 5 4 6 17 39 53 30 70 49 48 50 39 20 25 28 20 15 21 14 9 10 8 2 2 1 0 0
0 0 0 0 0 0 0 0 0 1 2 3 3 2 7 8 22 11 4 12 8 19 17 29 47 71 73 48 26 37 40 36 24 27 36 28 30 39 34 56 60 32 31 28 34 25 19 17 9 6 6 6 3 2 1 1 1 0 0 0 0 0 0 1 2 4 11 10 6 6 7 12 16 17 15 66 69 50 39 39 26 30 44 33 31 35 27 30 15 10 4 2 1 1 1 0
0 0 0 0 0 0 0 0 2 9 19 3 1 4 8 4 5 5 3 6 13 16 24 58 41 26 52 51 41 56 61 48 25 17 21 21 35 43 52 48 34 32 59 47 48 33 17 8 6 4 1 2 3 1 1 1 0 0 0 0 0 0 0 1 3 5 11 10 11 18 17 14 41 49 40 48 67 56 31 37 37 46 40 22 29 28 24 13 17 5 2 1 3 1 1 1
0 0 0 0 0 0 2 6 17 11 32 23 4 4 12 9 7 1 3 3 4 5 10 37 10 20 38 62 64 69 84 44 61 41 24 15 27 70 53 54 58 13 16 6 8 16 7 10 5 4 3 3 3 2 1 0 0 0 0 0 0 0 0 1 5 12 11 12 8 35 54 18 48 70 75 57 46 46 41 25 33 31 33 45 32 25 13 10 11 7 5 5 3 2 1 0
0 0 0 0 0 0 0 1 1 5 2 1 5 5 8 9 9 4 4 5 6 5 18 25 5 4 7 36 42 31 46 78 53 65 61 55 51 49 42 43 50 46 32 34 29 14 13 16 9 7 5 2 2 1 1 1 1 1 0 0 0 1 2 3 6 9 13 13 10 10 36 64 36 62 73 70 57 38 51 41 53 53 33 22 27 24 14 8 9 15 10 6 2 1 1 0
0 0 0 0 0 0 1 1 4 4 3 5 5 5 10 9 15 5 2 11 14 10 16 40 11 2 13 7 19 30 12 23 60 51 62 62 38 14 13 13 29 30 26 30 40 37 19 7 12 8 4 5 4 2 1 2 1 1 1 0 0 1 3 7 14 19 12 11 31 29 21 20 63 73 59 72 53 52 71 67 24 22 21 26 22 14 20 12 13 5 5 2 1 1 0 0
0 0 0 0 0 0 0 1 1 2 3 4 2 5 5 4 8 1 3 4 3 24 22 43 24 10 12 18 27 21 22 9 8 17 19 17 17 16 15 11 7 12 10 13 29 25 12 20 15 11 7 6 4 3 2 2 1 1 0 0 1 2 4 12 18 20 14 22 25 51 37 38 26 30 51 55 71 65 42 44 38 48 40 43 30 21 27 21 8 3 2 2 1 0 0 0
0 0 0 0 0 0 0 0 1 1 1 3 3 5 4 12 10 2 3 3 8 27 36 35 13 2 13 29 21 35 38 14 40 48 50 42 39 33 32 14 11 12 38 44 41 21 23 17 17 14 10 6 5 4 3 2 1 1 0 0 0 2 7 15 15 30 20 28 31 26 74 56 46 35 21 62 48 68 57 53 56 67 61 46 35 40 23 15 5 3 2 2 1 0 1 1
0 0 0 0 0 0 0 0 1 1 2 3 16 20 18 35 18 5 2 2 18 26 35 28 14 29 7 28 29 41 24 47 44 30 34 37 29 30 14 22 45 54 28 28 17 26 18 15 20 14 13 9 6 4 3 2 1 1 0 0 0 1 4 17 44 34 22 37 33 28 30 49 65 22 16 28 71 81 76 66 62 58 56 56 46 26 22 12 16 5 2 1 0 1 1 3
0 0 0 0 0 0 0 0 0 3 5 3 16 26 30 7 3 2 1 8 16 20 32 40 41 16 22 23 20 20 28 68 32 32 37 40 40 24 34 36 60 49 46 41 39 37 29 23 27 19 16 9 7 4 4 2 1 1 1 0 0 1 4 12 33 30 45 52 41 61 60 64 63 32 34 50 68 64 67 57 56 51 47 48 34 24 21 21 19 12 3 2 1 2 2 5
0 0 0 0 0 0 0 0 1 5 4 8 9 58 10 5 8 5 3 11 13 17 21 10 11 9 40 10 26 21 46 31 44 54 42 41 40 43 52 45 35 51 51 56 49 49 36 39 29 12 8 6 6 6 5 2 1 1 1 0 1 1 4 11 25 25 24 43 68 55 73 65 67 37 59 58 66 66 48 47 50 49 33 25 24 22 18 15 10 10 6 4 1 3 6 6
0 0 0 0 0 0 0 0 1 3 5 6 2 13 4 1 5 7 13 9 13 24 23 10 8 23 13 20 34 57 59 52 48 49 38 42 54 53 57 51 55 67 65 46 39 50 49 41 23 15 12 9 6 4 3 4 3 1 1 0 1 2 6 13 17 28 25 32 59 79 73 69 61 83 68 48 38 42 51 52 45 45 42 34 23 27 13 21 9 6 6 4 2 5 6 5
0 0 0 0 0 0 0 0 3 1 4 3 1 1 0 1 5 6 4 10 14 11 10 26 25 9 12 39 60 22 20 21 43 40 48 55 56 55 54 53 57 66 50 50 60 50 48 43 21 18 12 9 7 3 3 3 2 1 1 0 1 1 10 16 28 26 28 28 31 37 53 57 61 70 19 44 44 43 37 38 37 35 29 42 34 29 23 18 9 8 7 3 4 8 7 12
0 0 0 0 0 0 0 0 2 2 4 3 3 6 5 2 1 2 2 12 20 10 47 46 12 17 24 38 22 24 25 30 38 33 47 54 57 56 47 73 60 48 47 57 28 42 53 48 40 29 9 7 5 7 6 3 2 2 1 0 0 1 3 15 22 29 62 43 49 50 47 31 46 64 49 56 57 42 42 39 45 38 41 39 31 11 10 7 9 15 8 2 5 15 18 18
0 0 0 0 0 0 0 1 2 7 5 1 2 4 5 5 2 1 3 13 12 41 28 12 15 39 22 22 22 26 32 31 23 35 40 61 43 42 63 56 47 67 71 38 53 51 46 46 31 13 10 13 11 9 7 6 4 3 1 1 0 1 5 11 18 40 62 80 50 60 51 33 36 70 77 42 49 56 57 38 34 37 46 34 19 8 17 13 9 5 3 1 8 17 19 21
0 0 1 0 0 0 2 2 5 11 1 1 2 1 0 1 3 1 6 14 12 14 4 11 31 8 7 17 23 26 45 33 25 37 47 51 49 64 68 67 48 42 45 55 48 50 34 31 25 21 17 22 17 7 6 6 6 2 2 1 1 2 4 12 25 35 59 74 69 68 53 55 60 73 48 44 40 41 49 52 37 67 47 23 26 27 18 10 5 2 1 4 12 21 21 25
0 0 0 0 1 0 0 2 5 2 0 1 2 2 3 3 7 5 13 6 5 4 3 13 11 14 18 29 36 32 28 21 26 31 54 39 74 69 69 42 30 30 39 53 59 49 44 41 34 30 26 20 11 6 5 4 3 3 3 2 1 3 8 18 35 42 41 45 68 80 72 36 43 73 43 49 69 66 63 68 61 44 37 33 32 29 11 9 4 3 3 11 17 22 17 27
0 0 0 0 0 0 0 1 1 1 0 1 2 3 4 5 3 6 9 20 15 12 1 10 15 27 29 39 22 14 24 26 34 37 70 37 22 16 17 34 37 55 67 68 66 56 45 43 26 36 19 15 15 7 7 4 3 3 3 2 2 7 12 18 41 45 42 27 47 71 72 50 58 69 45 30 50 74 72 70 66 35 39 38 32 25 10 7 11 4 11 15 9 27 29 32
0 0 0 0 0 0 0 0 2 3 0 2 2 1 2 1 2 16 8 6 7 11 11 8 27 18 22 26 17 20 40 35 26 73 25 18 46 49 50 48 63 69 62 66 67 65 55 45 29 29 23 20 17 14 11 8 7 4 3 2 4 9 25 52 51 51 39 47 56 61 73 46 46 62 73 54 55 56 70 71 56 57 37 40 31 20 12 3 4 12 14 8 15 21 46 34
0 0 0 0 0 0 0 1 1 1 4 2 1 1 1 2 3 4 7 12 7 12 6 9 21 23 18 21 26 26 28 33 42 30 9 32 37 45 56 84 62 60 69 69 68 65 49 40 30 21 23 21 18 11 13 6 9 8 4 4 6 19 18 41 49 47 44 55 60 53 79 72 53 69 68 55 61 62 58 54 59 44 34 30 28 14 6 2 4 18 9 17 23 28 50 35
0 0 0 0 0 0 0 0 0 2 1 0 1 1 2 1 7 2 3 15 32 11 4 6 32 20 31 25 20 19 47 77 47 8 18 46 35 66 72 66 63 73 71 54 57 55 51 44 27 30 26 25 23 18 16 13 11 9 6 6 8 12 17 27 50 68 56 73 75 64 56 57 57 64 74 73 57 53 43 42 44 37 31 31 21 10 4 3 14 18 20 36 45 36 42 32
0 0 0 0 0 0 1 2 1 1 1 1 1 1 1 12 4 5 6 15 11 4 11 16 3 23 23 13 46 33 59 41 10 18 51 23 48 41 54 76 78 61 49 78 69 46 51 50 43 35 31 28 24 22 20 18 14 8 9 9 11 26 17 20 25 52 74 77 74 73 80 80 57 68 55 50 34 41 54 57 40 40 26 28 20 5 3 13 12 21 36 44 40 27 41 42
0 0 0 0 0 0 0 0 0 0 1 1 0 0 0 7 3 1 1 2 3 6 17 6 4 11 9 12 50 46 40 8 14 27 44 70 42 51 68 71 70 59 66 36 48 42 54 63 45 41 38 32 29 24 23 20 10 6 13 22 17 29 29 31 35 50 57 82 65 62 44 69 53 37 37 50 60 48 42 41 37 22 32 20 7 5 10 13 23 22 28 37 55 43 46 43
0 0 0 0 0 0 0 0 0 0 1 0 1 1 3 12 2 3 2 2 15 4 9 2 11 19 11 33 56 27 15 11 16 22 61 65 62 51 56 59 58 64 51 40 46 74 60 52 48 60 43 37 34 28 25 21 11 8 22 26 44 52 39 44 37 50 66 67 77 60 50 43 51 58 50 66 51 51 43 42 28 29 14 8 5 10 21 26 24 40 40 30 32 42 38 33
0 0 0 0 0 0 0 0 0 0 0 2 0 2 7 3 2 1 7 9 6 8 3 9 29 8 12 40 31 23 20 18 37 45 67 50 55 55 49 35 36 57 68 60 67 56 60 59 65 50 44 55 20 30 26 15 8 22 35 34 62 62 47 61 47 35 44 77 76 36 72 50 48 58 60 58 53 53 50 36 27 26 10 12 10 20 25 32 29 33 43 32 32 44 49 40
0 0 0 0 0 0 0 1 0 0 0 1 0 5 0 1 3 3 5 11 4 3 5 8 13 9 12 32 15 11 23 17 46 52 51 54 37 46 41 46 54 58 60 76 59 59 57 73 56 52 64 47 39 35 20 17 10 22 49 49 55 68 56 65 66 47 48 56 82 35 40 73 72 55 54 54 63 50 56 50 30 23 7 7 12 24 36 43 49 48 46 47 35 40 58 48
0 0 0 0 0 0 1 0 0 0 1 0 3 1 1 2 2 1 1 5 2 6 9 9 9 16 18 3 8 17 30 34 49 57 16 13 44 37 46 41 44 55 63 72 71 57 75 52 71 70 49 45 45 38 23 19 11 22 50 62 57 69 50 54 70 45 65 42 69 41 44 70 45 62 60 56 52 51 67 40 33 9 7 12 24 28 38 45 35 26 36 58 29 32 50 67
0 0 0 0 0 0 0 1 0 1 0 1 2 1 1 1 1 1 0 1 1 4 9 7 7 15 5 4 11 10 23 8 32 21 11 28 20 23 31 54 59 62 67 70 62 46 64 72 67 58 58 47 46 43 39 23 23 27 58 73 72 69 62 50 67 65 34 39 80 40 61 57 53 56 51 44 53 30 27 28 12 7 12 26 29 36 46 49 28 34 45 28 18 23 35 66
0 0 0 0 0 0 0 0 0 1 0 1 1 1 1 4 3 0 1 0 1 5 4 2 6 8 6 26 22 21 44 34 35 20 11 11 25 25 29 27 34 60 46 54 65 37 30 31 49 51 60 54 47 44 29 16 30 44 58 64 84 75 54 53 58 64 58 24 63 14 21 35 45 54 56 58 58 56 43 39 14 8 16 28 31 56 61 51 40 37 44 45 37 22 33 52
0 0 1 0 1 0 0 0 0 0 1 1 4 1 3 2 6 1 2 2 7 8 4 6 12 8 8 1 2 9 31 8 13 6 11 21 12 18 19 21 53 49 38 56 34 40 42 54 55 67 56 57 52 34 30 19 32 48 61 66 74 55 56 64 67 43 39 43 58 27 31 28 26 20 36 47 43 46 29 24 10 17 29 32 37 61 56 26 39 52 34 50 27 29 36 57
0 0 0 0 0 0 0 0 0 1 1 2 4 5 3 5 5 1 2 6 8 3 3 9 8 6 1 4 4 13 11 6 4 18 23 18 26 22 26 41 33 44 60 36 42 43 60 56 66 54 54 53 53 35 16 33 39 72 63 66 66 69 55 72 69 50 36 55 40 26 42 55 53 58 60 54 44 20 15 8 13 31 32 36 40 66 66 24 27 50 36 54 32 32 38 71
0 0 0 0 1 1 0 1 0 0 2 1 3 3 0 1 0 1 2 8 7 3 7 3 10 13 2 3 5 20 7 5 7 20 39 18 20 27 38 17 51 45 33 48 42 58 60 70 70 59 68 53 38 38 24 39 45 64 77 59 64 71 54 43 63 64 34 38 46 56 59 43 45 45 36 43 35 21 8 24 21 34 40 55 47 64 68 37 36 40 22 58 34 36 39 54
1 3 1 6 7 3 2 2 2 1 3 1 1 1 3 1 1 1 4 5 4 3 6 1 3 3 2 4 6 14 5 9 45 22 14 12 18 23 24 44 63 51 58 36 48 68 71 58 57 73 62 45 41 40 26 54 68 59 64 73 61 70 73 44 75 73 35 38 49 54 40 41 57 45 45 28 33 29 17 36 38 37 43 56 45 50 57 51 54 37 36 62 34 37 32 48
2 5 8 2 5 17 4 1 0 1 0 0 1 1 1 1 1 6 9 4 2 4 2 2 6 12 2 2 4 10 13 41 11 6 14 18 9 7 31 38 43 28 66 53 59 71 43 55 69 63 50 46 41 40 40 56 66 67 64 73 59 63 68 62 56 64 39 17 34 63 44 52 52 55 44 44 45 40 30 38 40 52 48 55 44 37 52 50 47 44 41 60 36 28 40 45
0 1 2 0 0 2 4 4 0 0 0 1 1 3 2 1 2 2 1 2 1 2 8 1 9 13 3 3 11 19 27 41 14 16 20 3 4 7 15 33 30 43 60 62 59 58 58 57 60 58 48 46 40 42 48 48 62 75 66 58 76 51 61 62 47 30 15 11 9 30 44 60 56 48 42 39 32 15 26 36 40 55 49 56 40 55 67 68 52 46 38 46 53 17 41 49
1 0 0 1 1 0 0 0 0 0 1 0 0 1 2 1 2 4 0 1 1 2 1 2 10 5 1 2 4 8 5 7 16 13 10 14 8 3 41 16 26 20 53 41 65 49 53 41 60 60 42 42 38 38 46 64 63 75 73 69 64 66 51 51 15 14 28 44 33 41 42 46 46 33 31 26 13 24 40 38 41 56 59 40 50 51 62 65 52 48 36 45 53 22 26 58
0 0 2 0 0 0 0 0 0 0 0 0 0 1 0 1 1 1 1 1 1 7 9 5 10 3 1 2 3 3 3 19 17 10 18 13 20 6 31 24 5 24 55 50 58 52 53 64 57 53 49 41 40 63 61 54 66 62 68 46 61 58 30 27 26 20 34 52 41 29 56 55 65 60 47 15 23 26 40 52 59 44 56 42 55 66 64 60 48 48 38 36 53 45 22 38
0 1 0 1 1 0 0 1 0 0 1 0 0 0 0 1 1 5 1 3 12 3 6 7 15 8 2 3 2 8 13 9 10 29 11 17 18 10 59 29 10 35 17 53 48 41 59 37 53 48 41 44 37 61 70 58 60 54 64 69 40 41 38 23 25 15 21 26 29 25 50 56 62 71 35 20 26 39 36 59 59 53 52 56 38 63 66 64 53 54 23 42 43 38 30 23
0 0 0 0 0 0 0 1 0 0 0 0 1 0 1 2 1 3 1 2 2 11 4 11 5 1 0 0 1 7 12 4 7 13 20 32 12 16 42 39 21 38 15 55 40 33 41 33 48 45 53 38 37 52 58 84 43 47 45 34 43 23 24 22 12 16 29 26 32 31 54 55 35 50 25 20 42 43 40 43 58 52 52 49 53 63 62 74 60 42 30 46 50 25 29 20
0 0 0 0 0 1 0 0 0 0 0 0 0 0 1 1 1 1 1 0 0 1 1 1 1 1 1 0 3 2 9 11 16 12 16 19 10 9 16 53 28 35 31 43 14 43 32 47 52 34 47 37 42 36 59 63 64 50 37 16 27 17 11 22 13 17 30 26 42 37 44 47 37 25 26 41 42 41 42 37 43 56 63 56 49 64 70 66 69 37 26 61 39 42 29 15
0 0 0 0 0 0 0 0 0 0 0 0 0 0 1 1 1 1 2 1 1 1 2 3 3 6 3 1 1 1 4 9 13 13 16 13 13 10 5 32 59 50 29 18 17 23 25 43 34 16 41 32 35 32 44 68 54 48 24 9 14 3 4 5 8 10 20 38 44 50 56 38 23 20 45 41 46 60 55 44 35 49 50 58 62 79 48 74 50 34 28 62 40 53 20 17
0 0 0 0 1 0 0 0 0 0 0 0 0 0 1 0 0 1 0 0 0 1 1 5 11 1 2 1 1 1 1 3 3 12 8 4 15 9 10 21 63 53 20 12 17 24 48 19 33 14 24 36 30 51 48 43 39 29 34 9 14 6 8 4 14 29 28 34 40 32 39 36 13 24 36 38 56 49 44 29 38 21 51 59 59 47 68 62 60 44 29 52 36 48 38 14
0 0 0 0 1 0 0 0 0 0 0 0 0 1 1 1 1 0 1 0 2 2 4 2 2 2 5 2 1 1 4 5 2 5 5 5 17 2 2 20 29 45 23 17 12 60 32 18 15 26 39 39 26 43 62 35 58 16 23 22 11 9 11 6 12 13 16 24 44 47 24 18 23 36 33 38 32 37 30 10 28 31 46 47 52 59 64 57 23 45 18 44 61 26 12 21
0 0 0 0 0 0 0 0 0 0 0 0 1 1 1 1 0 0 1 0 0 1 0 2 3 14 2 1 2 1 6 4 5 8 5 7 9 3 6 10 25 26 33 23 20 69 26 28 17 23 34 27 34 58 66 35 51 19 12 14 9 3 3 20 17 21 27 28 50 23 19 22 36 32 30 35 44 47 36 26 33 43 53 61 60 54 50 66 18 37 25 25 57 12 10 16
0 0 0 0 0 0 0 1 0 0 1 1 0 0 0 1 0 0 0 1 1 1 3 4 7 2 1 4 1 1 2 7 7 13 10 13 11 8 7 12 24 37 30 26 20 27 27 39 27 12 14 32 47 46 51 37 29 17 9 11 7 2 5 9 18 30 33 31 30 32 35 33 29 35 47 19 26 47 35 25 37 38 35 61 47 43 24 38 35 29 52 21 39 16 15 17
0 0 0 0 0 0 0 0 0 1 2 1 0 0 0 0 0 0 0 0 0 1 8 4 2 4 6 13 6 6 2 9 9 21 10 19 7 17 15 11 15 12 24 34 8 26 31 42 27 22 28 43 36 31 35 15 18 16 7 6 2 5 5 6 10 20 18 40 53 34 34 30 28 47 34 15 20 48 45 30 29 35 31 30 51 44 12 19 31 51 29 25 15 11 21 31
