sesion_6_simulaciones/modelos_agentes/ejemplos_netlogo/scenarios/cgcm2_b2/rob_2012.asc
NCOLS 322 
NROWS 307 
XLLCORNER 451900 
YLLCORNER 4086900 
CELLSIZE 100 
NODATA_value -9999 
[rows 225 to 299 of 307, columns 192 to 287 of 322]
0 0 0 0 0 0 0 0 0 0 0 0 0 0 0 0 0 0 0 0 0 0 0 1 1 1 1 1 1 2 7 4 2 2 1 1 2 2 6 4 4 6 12 17 36 34 20 28 15 18 19 19 27 41 13 32 36 31 38 51 49 30 32 13 2 2 1 1 0 0 2 0 0 0 0 0 0 0 0 0 0 0 0 0 0 0 0 0 0 0 0 0 0 0 0 0
0 0 0 0 0 0 0 0 0 0 0 0 0 0 0 0 0 0 0 0 0 0 0 0 1 5 2 1 2 1 4 8 2 4 2 3 6 6 4 5 3 5 6 8 13 19 21 39 42 17 46 53 38 29 19 29 67 57 53 49 53 36 18 6 3 2 2 3 1 1 0 0 0 0 0 0 0 0 0 0 0 0 0 0 0 0 0 0 0 0 0 0 0 0 0 0
0 0 0 0 0 0 0 0 0 0 0 0 0 0 0 0 0 0 0 0 0 0 0 1 1 6 10 3 6 3 5 9 5 3 7 10 7 7 7 7 2 3 3 8 14 22 37 51 73 41 40 46 47 26 38 41 53 42 48 49 46 27 10 4 10 6 6 3 1 1 0 0 0 0 0 0 0 0 0 0 0 0 0 0 0 0 0 0 0 0 0 0 0 0 0 1
0 0 0 0 0 0 0 0 0 0 0 0 0 0 0 0 0 0 0 0 1 1 2 1 2 4 18 4 8 4 6 10 2 3 8 10 15 13 10 9 6 6 6 5 15 22 29 51 57 60 61 57 55 39 54 62 61 48 54 60 34 11 10 14 29 15 5 2 1 0 0 0 0 0 0 0 0 0 0 0 0 0 0 0 0 0 0 0 0 0 0 0 0 0 0 1
0 0 0 0 0 0 0 0 0 0 0 0 0 0 0 0 0 0 0 0 0 1 3 7 6 5 15 16 20 7 16 5 3 3 6 13 18 17 9 10 12 12 8 8 10 25 29 42 44 45 72 67 59 41 47 44 56 36 35 16 22 35 28 44 26 8 4 2 2 1 1 1 1 1 0 0 0 0 0 0 0 0 0 0 0 0 0 0 0 0 0 0 0 0 0 0
0 0 0 0 0 0 0 0 0 0 0 0 0 0 0 0 0 0 0 0 1 1 2 3 10 10 23 31 23 8 14 4 3 12 7 14 22 15 13 20 14 23 9 11 20 28 44 45 62 44 51 58 56 22 29 19 76 42 26 32 35 29 26 15 5 3 2 2 1 1 2 2 1 0 0 0 0 0 0 0 0 0 0 0 0 0 0 0 0 0 0 0 0 0 0 1
0 0 0 0 0 0 0 0 0 0 0 0 0 0 0 0 0 0 0 0 0 1 3 6 6 10 17 21 25 22 25 9 6 11 18 14 24 21 17 19 21 15 20 12 12 16 36 54 57 49 36 41 43 40 50 44 16 80 76 45 22 8 12 7 7 4 2 1 1 2 7 2 1 0 0 0 0 0 0 0 0 0 0 0 0 0 0 0 0 0 0 0 0 0 0 0
0 0 0 0 0 0 0 0 0 0 0 0 0 0 0 0 0 0 0 0 0 2 5 8 6 10 20 22 47 53 23 17 19 25 15 28 30 28 27 26 24 23 30 11 25 18 36 41 39 24 38 43 57 53 52 55 42 28 29 33 15 20 10 7 4 4 3 1 2 3 3 1 0 0 0 0 0 0 0 0 0 0 0 0 0 0 0 0 0 0 0 0 0 0 0 0
0 0 0 0 0 0 0 0 0 0 0 0 0 0 0 0 0 0 0 1 1 1 8 6 15 13 21 32 11 56 33 29 25 38 23 23 28 38 30 30 29 26 50 15 15 45 37 41 40 41 61 46 52 55 56 32 44 41 23 8 11 5 7 6 5 3 1 7 4 1 2 0 0 0 0 0 0 0 0 0 0 0 0 0 0 0 0 0 0 0 0 0 0 0 0 0
0 0 0 0 0 0 0 0 0 0 0 0 0 0 0 0 0 0 0 1 2 4 13 10 21 26 38 37 50 43 71 28 27 40 26 14 19 40 43 52 36 16 30 43 11 18 36 57 41 54 68 59 46 42 37 30 17 17 18 26 16 15 9 12 3 3 6 2 1 1 1 0 0 0 0 0 0 0 0 0 0 0 0 0 0 0 0 0 0 0 1 0 0 0 1 1
0 0 0 0 0 0 0 0 0 0 0 0 0 0 0 0 0 0 0 1 3 3 6 1 6 19 26 10 13 37 66 39 45 73 29 36 42 50 30 11 16 10 35 46 13 33 58 43 24 46 59 69 45 47 30 20 48 48 36 19 10 13 27 26 10 6 11 7 4 2 1 0 0 0 0 0 0 0 0 0 0 0 0 0 0 0 0 0 0 0 0 0 0 0 0 0
0 0 0 0 0 0 0 0 0 0 0 0 0 0 0 0 0 0 0 1 1 1 1 6 6 9 8 15 22 39 59 62 71 73 54 48 48 47 43 22 32 29 39 51 14 25 49 50 37 33 46 57 48 31 20 43 51 22 24 26 22 41 44 34 27 20 6 2 3 1 2 1 0 0 0 0 0 0 0 0 0 0 0 0 0 0 0 1 0 0 0 1 0 0 0 0
0 0 0 0 0 0 0 0 0 0 0 0 0 0 0 0 0 0 0 0 0 3 3 3 5 11 14 11 19 37 47 51 63 74 51 57 55 53 52 22 52 47 38 55 14 19 41 42 58 66 46 47 65 46 39 46 36 32 55 33 57 32 25 48 53 12 5 1 3 1 0 0 0 0 0 0 0 0 0 0 0 0 0 0 0 0 0 1 1 2 0 0 0 0 0 1
0 0 0 0 0 0 0 0 0 0 0 0 0 0 0 0 0 0 0 0 0 1 2 2 2 5 13 11 22 20 35 47 56 69 67 74 60 69 50 50 33 47 29 41 16 13 26 29 43 59 73 54 33 20 45 21 16 46 43 30 31 16 25 27 23 29 5 1 0 0 0 0 0 0 0 0 0 0 0 0 0 0 0 0 0 0 0 0 0 0 1 1 1 0 0 1
0 0 0 0 0 0 0 0 0 0 0 0 0 0 0 0 0 0 0 0 0 1 1 2 4 8 7 7 14 20 16 21 40 51 49 68 50 72 61 54 52 52 80 54 27 30 40 64 48 34 46 49 19 50 20 27 44 65 46 64 54 27 11 10 7 2 3 2 1 0 0 0 0 0 0 0 0 0 0 0 0 0 0 0 0 0 0 0 0 0 1 1 1 3 1 1
0 0 0 0 0 0 0 0 0 0 0 0 0 0 0 0 0 0 0 0 0 0 0 1 1 3 3 4 7 11 27 35 27 30 26 73 64 83 54 68 57 51 83 64 47 35 61 61 61 66 45 74 49 72 55 65 56 24 26 25 22 13 5 5 6 3 3 1 1 0 0 0 0 0 0 0 0 0 0 0 0 1 0 1 0 0 0 0 0 0 0 0 0 1 2 1
0 0 0 0 0 0 0 0 0 0 0 0 0 0 0 0 0 0 0 0 1 1 2 3 4 4 7 18 30 26 37 49 48 46 56 57 80 71 62 67 60 50 44 75 50 27 43 47 70 62 67 65 66 72 89 80 78 66 63 30 22 15 13 15 6 3 2 1 0 0 0 0 0 0 0 0 0 0 0 1 0 1 0 1 0 0 0 0 1 0 0 0 0 0 0 0
0 0 0 0 0 0 0 0 0 0 0 0 0 0 0 0 0 0 0 1 1 1 2 6 10 18 23 24 37 35 26 31 36 26 25 31 56 64 58 59 56 41 48 67 43 36 29 45 45 62 29 19 22 24 41 50 82 80 58 43 22 11 3 9 4 2 1 1 0 0 0 0 0 0 0 0 0 1 0 1 0 0 1 1 0 0 0 1 1 0 0 0 0 1 2 3
0 0 0 0 0 0 0 0 0 0 0 0 0 0 0 0 0 0 0 0 1 2 1 4 7 17 19 12 2 7 18 20 18 21 37 48 57 44 71 43 45 51 27 64 55 55 28 31 22 57 46 36 32 23 21 16 32 51 55 61 62 12 6 3 2 1 1 1 0 0 0 0 0 0 0 0 1 1 1 1 1 0 1 2 1 0 0 0 0 0 1 0 1 1 2 4
0 0 0 0 0 0 0 0 0 0 0 0 0 0 0 0 0 0 0 0 1 1 1 2 2 3 3 2 2 3 9 12 16 29 30 26 45 63 61 18 42 45 30 59 57 24 15 51 60 58 71 52 55 46 45 40 34 35 25 14 18 36 14 6 3 2 2 1 0 0 0 0 0 1 0 0 1 1 1 1 1 1 0 1 2 1 1 0 1 0 1 1 1 1 2 2
0 0 0 0 0 0 0 0 0 0 0 0 0 0 0 0 0 0 0 0 0 0 1 1 1 3 4 6 10 7 12 11 14 34 33 33 33 27 14 23 40 58 81 52 48 48 23 32 46 57 54 73 44 48 58 32 20 12 10 5 4 6 12 9 4 2 1 1 0 0 0 0 0 0 1 1 0 2 1 2 1 1 1 1 6 1 2 1 1 1 1 2 1 1 1 2
0 0 0 0 0 0 0 0 0 0 0 0 0 0 0 0 0 0 0 0 0 0 0 1 1 2 4 4 7 19 17 28 29 51 20 20 29 39 38 43 68 67 44 44 65 45 47 49 45 72 67 39 49 45 30 26 32 21 23 8 5 3 2 2 2 1 1 0 0 0 0 0 0 1 1 1 1 1 2 3 1 1 2 1 8 1 1 1 1 2 1 2 2 1 1 1
0 0 0 0 0 0 0 0 0 0 0 0 0 0 0 1 0 0 0 0 0 0 0 0 1 1 3 2 4 9 15 15 16 21 28 34 37 51 53 42 30 28 24 20 37 45 62 54 75 83 38 20 24 37 38 33 18 19 10 6 5 2 2 1 1 1 0 0 0 0 0 0 0 1 1 1 1 1 2 2 2 1 2 4 10 1 2 2 1 3 2 1 2 1 0 1
0 0 0 0 0 0 0 0 0 0 0 0 0 0 0 0 0 0 0 0 0 0 0 0 0 0 1 2 4 8 7 8 16 20 24 30 34 35 36 28 30 26 23 23 32 26 27 64 31 47 32 21 23 18 23 62 33 28 14 7 4 3 1 1 1 0 0 0 0 0 0 0 0 1 1 1 2 1 1 4 3 3 5 4 9 4 4 1 5 4 1 1 3 1 1 2
0 0 0 0 0 0 0 0 0 0 0 0 0 0 0 1 0 0 0 0 1 1 1 1 1 0 1 1 2 2 5 5 10 18 23 17 19 13 17 28 46 47 60 60 51 74 56 34 21 30 41 56 51 34 30 15 20 17 17 12 6 2 1 1 1 0 0 0 0 0 0 0 1 1 2 1 1 2 1 1 2 3 3 6 3 32 5 1 3 3 1 2 1 3 2 3
0 0 0 0 0 0 0 0 0 0 0 0 0 0 0 0 1 0 0 1 1 2 1 1 1 2 1 1 1 2 2 6 17 20 9 28 17 32 25 32 40 45 41 42 41 59 44 46 57 64 63 47 43 36 32 9 6 5 4 5 3 3 2 1 1 1 0 0 0 0 0 0 1 1 2 0 1 1 3 1 2 2 4 2 9 32 3 2 8 2 1 2 2 3 4 4
0 0 0 0 0 0 0 0 0 1 0 0 0 0 0 1 0 0 0 1 1 2 3 2 5 3 4 5 2 3 2 16 25 23 33 26 27 41 33 29 41 30 39 31 42 53 57 59 49 60 60 42 42 34 29 10 15 13 11 9 6 3 3 2 2 1 1 0 0 0 0 0 2 1 1 3 3 2 1 3 1 3 4 7 6 18 9 7 6 2 2 4 2 2 1 8
0 0 0 0 0 0 0 0 0 1 0 0 0 1 1 0 0 0 1 1 1 3 3 5 3 4 10 7 6 8 9 17 37 41 39 48 54 39 65 48 31 44 25 18 25 41 44 53 50 43 50 40 44 32 28 31 26 24 20 17 14 10 4 3 1 1 1 0 0 1 1 1 2 2 1 2 3 2 2 1 5 1 2 8 13 22 22 30 6 3 5 4 4 5 3 10
0 0 0 0 1 0 0 0 1 1 0 0 0 2 1 0 0 0 0 1 2 2 3 5 7 5 11 11 17 24 24 25 12 24 42 46 50 31 48 55 55 44 36 36 57 52 45 64 36 23 21 36 52 61 35 37 49 31 24 10 16 5 1 1 1 1 0 0 0 0 1 1 2 2 3 3 4 2 3 3 2 6 3 1 2 8 25 29 8 9 7 5 4 10 4 4
0 0 0 0 1 1 0 0 1 1 0 0 1 2 0 0 0 0 1 1 1 1 3 5 12 7 10 11 9 23 35 31 32 32 40 30 33 42 51 47 49 40 37 52 69 67 59 54 25 18 25 56 63 34 57 52 21 17 8 7 4 2 3 3 1 1 0 0 0 0 2 1 1 2 2 5 3 4 2 4 2 8 5 3 2 2 7 20 22 30 10 8 6 8 3 3
0 0 0 0 0 1 0 0 1 0 0 0 0 3 1 0 0 0 1 1 2 4 4 10 13 13 7 9 21 23 14 40 75 65 40 42 32 42 58 48 35 54 58 41 54 44 57 42 65 50 54 59 58 62 60 40 39 19 15 11 6 4 3 1 1 1 0 0 0 1 1 3 1 2 2 3 8 7 4 9 3 2 6 6 4 4 4 10 24 24 14 12 9 9 5 8
0 0 1 0 0 1 0 1 3 0 0 1 1 2 0 0 0 0 1 1 3 3 4 12 17 19 16 5 4 7 15 19 23 14 21 36 57 45 44 64 61 52 45 43 40 34 46 57 70 70 68 63 62 66 73 59 39 27 14 12 7 6 5 2 1 1 0 0 0 1 1 2 5 2 2 3 9 7 6 3 8 4 3 8 10 5 6 8 20 24 31 12 10 6 12 5
0 0 1 1 1 2 0 1 5 1 0 2 2 1 0 0 0 0 0 2 4 5 5 7 13 21 13 7 8 9 14 19 27 29 25 18 32 44 64 62 53 51 33 50 55 44 55 38 14 24 66 57 45 57 48 27 22 32 23 14 12 4 3 2 1 1 1 0 0 1 2 2 3 1 4 4 5 13 18 11 13 6 5 4 11 8 6 10 22 57 42 14 10 8 14 5
0 0 0 2 1 2 1 1 2 2 1 3 2 0 0 0 0 0 1 2 3 4 8 5 9 19 30 11 11 12 22 26 28 36 32 41 36 44 37 19 28 51 41 47 61 51 52 25 59 63 63 72 73 66 44 54 47 51 21 11 10 8 6 4 3 1 1 0 1 2 2 4 7 2 2 9 8 14 10 11 19 6 10 10 20 10 5 9 6 23 31 14 15 7 20 16
0 0 0 1 3 1 2 1 3 1 3 1 0 0 0 0 0 0 3 5 2 5 6 10 4 13 24 43 25 26 17 30 24 20 20 23 30 26 25 25 28 18 17 14 34 28 43 41 66 58 45 62 52 62 64 55 26 33 15 7 7 6 5 3 1 1 1 1 2 2 3 4 1 4 8 11 11 8 17 8 30 8 12 8 10 24 17 19 27 18 28 13 28 10 14 32
1 0 0 1 1 3 3 2 7 3 2 0 0 0 0 1 1 0 1 1 3 4 7 22 22 11 19 9 32 51 19 36 23 22 32 35 44 35 35 30 27 28 48 41 27 17 20 32 56 64 54 62 58 47 52 37 24 13 5 2 5 5 3 2 1 1 1 2 2 2 3 6 2 2 1 2 10 23 35 10 25 19 16 15 9 8 32 17 30 26 23 29 11 11 26 37
1 1 1 1 1 2 7 2 2 1 0 0 0 1 1 2 2 1 1 1 3 4 6 2 4 5 8 16 9 15 40 68 49 44 23 45 21 30 36 12 17 24 18 17 25 53 43 46 53 55 55 42 38 45 38 32 16 19 11 11 13 6 4 2 3 3 1 3 3 3 3 8 2 5 2 4 4 4 15 19 14 31 20 20 11 29 28 10 29 47 40 31 13 16 17 22
1 1 1 1 2 4 5 2 2 0 0 0 0 2 2 2 3 2 2 2 4 5 5 5 5 8 9 7 9 18 15 23 34 48 44 69 28 21 23 29 30 23 31 37 25 25 42 47 55 64 69 43 39 42 50 23 36 39 42 26 17 7 6 4 4 3 3 6 3 4 4 6 3 6 7 5 11 11 15 29 13 37 25 39 14 13 26 8 13 22 43 21 12 24 24 44
1 2 1 2 4 7 6 1 0 0 1 1 1 2 3 4 2 6 6 3 6 7 6 9 13 9 12 10 14 34 19 7 8 13 18 44 54 41 45 69 58 56 41 40 46 35 18 43 70 57 57 29 28 43 42 43 48 51 20 21 18 8 7 5 5 5 5 10 5 6 6 8 7 8 13 6 14 15 15 18 42 63 36 45 28 11 28 16 6 13 25 29 24 31 24 9
1 3 4 4 14 10 1 0 1 1 2 2 1 4 3 6 2 5 15 3 9 7 4 6 11 19 8 16 22 26 49 23 19 11 14 12 15 13 27 52 65 47 48 50 54 48 40 47 60 45 37 33 40 44 59 55 41 24 27 13 20 12 6 2 7 3 3 16 7 7 13 10 16 11 17 14 15 22 17 15 14 11 50 59 39 19 17 20 10 7 19 36 30 36 46 25
2 3 11 9 19 1 1 1 1 2 3 3 5 8 2 7 3 5 8 15 5 11 4 4 6 16 16 24 27 18 13 39 16 26 21 17 17 20 20 27 36 27 25 39 24 16 25 51 44 42 38 31 21 43 58 62 24 44 48 30 8 7 3 2 13 8 8 12 11 9 18 13 32 19 21 24 16 18 31 21 20 11 34 41 44 22 12 47 15 14 26 35 54 51 37 38
2 4 14 34 5 1 1 3 3 3 7 10 5 7 4 4 10 4 9 7 8 8 8 7 9 14 15 30 29 33 41 34 50 27 33 27 21 18 16 29 30 21 20 23 28 27 42 67 48 44 39 30 41 57 69 56 76 44 25 27 13 5 2 4 6 19 11 14 15 11 14 15 32 25 16 27 31 20 23 41 29 8 20 48 56 27 9 22 25 21 33 26 63 56 29 57
2 7 23 10 1 1 4 4 3 10 7 17 4 9 5 4 5 22 6 9 19 10 19 7 8 21 27 27 25 48 31 40 54 25 36 31 25 32 11 27 26 16 35 41 43 42 67 62 64 61 61 62 55 49 51 58 56 35 32 17 12 4 3 10 8 14 13 15 19 14 16 16 20 33 19 20 35 22 25 29 42 19 21 28 46 29 15 24 40 31 19 22 22 54 43 33
3 14 15 4 1 3 7 7 5 9 4 17 6 9 15 6 15 26 5 16 28 10 25 10 9 21 34 40 20 15 43 21 25 46 62 46 15 28 16 22 16 13 15 19 29 39 49 60 70 69 58 43 34 41 34 37 39 40 23 29 16 8 7 12 15 18 10 14 17 23 17 15 9 28 22 22 28 33 30 29 14 14 43 23 46 31 23 15 18 47 15 30 55 53 34 13
5 13 12 7 3 4 11 19 6 7 6 16 8 11 25 9 19 28 12 11 16 24 19 12 11 14 15 24 32 47 23 36 20 18 7 40 49 22 17 19 14 21 32 31 32 44 45 61 67 72 63 62 47 44 37 34 20 30 24 8 10 16 15 14 15 17 24 21 25 29 11 22 13 18 29 25 31 17 13 33 22 21 17 24 47 61 26 17 27 38 10 16 46 49 55 37
14 14 18 6 5 10 12 16 7 13 11 12 19 10 26 12 12 23 14 11 12 11 54 28 13 12 14 14 26 33 54 37 17 36 10 12 42 23 13 19 12 30 46 45 29 39 24 42 70 78 76 51 42 25 21 38 44 54 24 9 6 18 17 17 18 20 29 15 27 32 14 20 25 24 33 5 20 36 19 18 37 21 21 23 29 39 24 18 19 43 16 13 15 38 67 49
44 15 6 7 11 13 14 16 10 33 19 11 26 12 33 14 12 18 17 11 13 24 38 21 12 20 14 30 34 42 39 44 38 42 8 20 21 38 11 14 29 40 27 35 39 48 42 27 57 76 70 70 49 38 44 46 49 51 36 14 6 21 19 13 22 24 25 19 17 32 25 14 17 34 38 17 14 17 38 13 25 51 26 23 57 42 16 35 6 38 34 16 13 8 22 28
7 4 9 7 12 15 27 20 24 27 20 14 52 17 20 40 17 36 30 11 14 23 21 47 23 27 14 30 40 45 37 29 44 60 22 25 19 42 15 17 19 23 21 25 24 39 45 52 55 73 59 53 50 43 30 29 21 32 25 6 13 17 25 12 22 26 21 34 18 33 33 24 27 20 28 19 20 25 25 28 14 9 40 24 31 50 29 47 16 24 64 25 42 27 18 12
23 12 23 16 16 18 39 24 44 34 14 25 40 30 30 46 17 16 48 10 27 26 17 43 17 29 28 23 27 35 48 55 16 31 28 27 16 17 51 20 8 26 28 46 42 28 27 47 68 54 68 61 27 34 29 6 21 21 13 7 14 33 31 15 13 29 19 30 19 23 61 19 36 38 23 25 26 24 41 28 39 23 18 42 17 43 61 55 26 37 73 28 29 23 41 19
60 28 14 26 25 31 32 29 55 31 27 32 27 34 33 37 21 17 42 20 30 25 12 22 37 34 28 21 26 25 36 38 48 22 23 56 24 20 26 39 18 35 31 44 46 48 48 24 63 31 18 17 17 28 30 52 28 14 17 17 14 22 22 17 17 29 38 14 37 13 41 20 33 35 14 23 28 17 26 36 36 33 23 9 18 15 35 72 39 32 43 33 37 27 41 29
77 33 23 31 30 42 19 32 34 19 33 32 36 41 32 47 29 25 38 18 18 43 17 9 6 12 14 10 32 59 35 42 52 12 24 7 37 23 27 69 20 24 21 33 50 40 64 36 81 45 41 26 27 23 48 39 22 8 10 32 14 9 24 21 33 22 44 15 45 15 20 33 26 38 19 38 24 28 21 21 39 48 30 20 19 23 12 21 41 63 48 48 40 27 52 31
61 33 23 42 29 29 28 32 44 20 36 32 34 52 35 54 33 43 28 18 16 32 27 15 15 18 20 23 26 32 53 41 26 22 13 13 12 33 20 56 13 14 16 33 35 36 58 51 33 47 51 39 12 46 51 40 23 16 7 33 21 19 11 35 36 39 47 21 41 28 22 23 48 53 26 23 35 17 30 10 12 39 24 31 22 18 23 14 11 31 57 49 29 37 58 38
72 39 55 35 36 31 32 32 33 24 39 44 24 60 57 25 42 39 44 28 33 20 32 22 32 37 26 38 21 20 30 32 34 23 11 21 13 19 32 43 29 9 22 17 29 34 41 64 32 32 38 30 37 58 54 37 27 22 8 13 34 20 31 24 33 55 32 41 16 37 57 17 45 72 35 9 28 15 19 11 32 28 39 36 14 10 14 22 22 17 34 63 52 23 57 23
74 53 31 35 35 39 50 35 41 25 36 34 42 39 53 23 21 19 28 9 33 23 32 37 43 40 36 44 40 12 15 26 51 41 18 14 48 18 13 43 54 12 31 19 25 41 49 54 33 34 25 33 57 51 44 24 9 23 21 11 30 20 31 34 16 23 28 30 23 28 55 25 37 42 4 13 15 30 28 19 5 29 7 14 24 3 5 9 24 26 33 15 55 34 53 22
24 49 27 39 40 37 46 33 71 34 37 40 37 16 43 35 35 17 45 23 21 34 36 39 40 25 42 47 43 8 15 19 34 35 41 28 24 47 16 14 48 10 24 19 13 48 74 52 47 35 39 57 56 44 44 19 15 31 22 24 32 24 14 13 32 26 17 41 22 28 58 43 50 25 6 20 9 3 12 29 9 16 14 18 30 11 17 13 17 17 19 36 44 54 57 13
37 57 33 35 23 41 50 49 34 51 40 37 40 20 28 28 36 24 70 26 16 25 31 62 27 25 38 50 41 13 19 18 36 31 46 36 21 28 48 20 55 17 21 15 18 42 27 55 27 63 45 57 50 48 25 12 22 33 24 33 47 37 51 22 23 28 19 50 20 28 24 34 37 8 8 5 9 7 17 15 14 6 3 24 24 30 27 23 14 13 10 8 17 48 41 14
38 68 57 12 29 34 61 51 33 58 41 29 20 27 21 39 15 42 23 13 20 27 41 30 49 32 27 29 26 20 14 30 34 34 36 33 37 43 56 32 56 16 27 25 22 25 44 72 41 30 52 60 55 39 8 23 35 45 32 39 26 53 30 54 37 20 18 21 15 24 36 53 25 25 19 20 2 17 25 13 21 7 2 14 16 42 41 18 16 11 15 11 6 21 35 37
24 28 52 15 40 25 49 57 31 56 41 23 7 34 21 48 23 39 30 39 17 19 40 49 40 24 20 27 31 35 6 15 21 41 40 24 36 62 40 61 70 41 27 51 32 29 24 62 64 58 61 61 43 14 18 40 48 44 36 46 49 39 20 36 50 8 18 15 26 13 26 33 25 36 19 17 12 30 23 6 35 44 14 19 7 8 19 24 15 22 5 14 19 44 18 32
32 49 50 27 33 13 23 29 40 35 38 18 6 22 31 70 31 21 27 10 27 40 42 51 33 15 15 15 33 23 16 22 37 26 15 9 33 58 67 41 61 50 43 61 52 45 37 87 58 71 75 51 10 19 25 27 40 44 37 40 55 22 48 35 26 52 69 17 13 7 9 43 17 33 32 25 22 39 33 25 32 67 21 28 13 6 13 26 58 51 29 16 42 30 28 51
30 34 59 43 48 22 21 34 16 48 46 32 17 22 18 40 33 17 27 20 30 35 28 25 30 15 40 11 25 38 19 19 39 47 25 19 45 34 34 55 16 45 20 46 65 88 93 69 54 51 34 9 20 26 37 34 41 41 32 25 27 17 35 28 8 34 19 2 2 16 19 23 48 20 49 33 35 37 47 27 43 46 20 40 19 18 17 17 21 35 44 58 26 53 62 65
35 21 11 55 25 18 8 10 9 37 63 26 27 16 24 40 14 19 42 16 22 29 26 23 12 22 12 11 4 34 17 22 25 31 25 35 32 38 18 25 24 31 19 82 70 67 87 87 59 25 11 22 22 32 35 33 41 43 34 10 2 6 32 45 44 45 8 7 6 31 48 32 33 12 54 25 47 23 38 16 25 35 29 42 29 34 9 7 14 13 12 23 53 27 54 37
40 39 20 63 7 24 30 12 38 5 44 23 22 34 33 52 22 31 44 30 12 24 26 50 11 23 7 41 7 8 18 26 40 35 15 25 65 51 27 32 47 85 90 87 89 57 69 81 60 5 18 29 29 28 8 27 32 28 27 3 2 26 60 65 44 19 14 32 35 20 43 48 15 16 27 30 46 37 52 48 56 42 22 34 43 36 29 2 10 18 24 22 29 50 55 37
36 29 16 63 23 10 14 15 52 6 15 47 24 24 24 55 18 32 53 27 17 22 23 53 12 16 12 23 30 29 16 26 31 31 33 46 43 45 47 56 78 87 87 77 84 84 69 64 6 13 35 28 31 33 10 20 46 47 19 9 8 35 59 48 26 22 32 33 36 29 36 45 58 21 16 27 27 26 30 16 10 23 30 60 58 40 13 8 29 9 31 36 36 54 66 37
34 28 16 29 48 55 21 18 55 18 18 50 5 20 16 22 34 30 41 27 10 5 3 39 12 24 43 27 47 18 18 27 20 45 28 51 38 23 42 69 52 31 61 74 78 65 8 10 24 17 21 17 32 31 20 10 12 72 22 34 19 31 22 52 39 22 45 47 36 62 40 41 9 16 20 33 36 27 22 21 29 31 41 31 44 15 28 17 18 6 12 32 26 52 75 45
31 32 17 25 64 35 25 13 41 12 13 36 21 7 4 10 26 9 46 22 21 3 12 13 26 37 42 27 31 16 33 32 36 24 38 49 40 22 42 62 32 53 32 21 16 8 28 39 31 32 20 20 16 2 14 31 16 38 41 27 24 32 15 35 20 24 26 55 42 50 22 11 21 29 30 31 54 29 35 31 43 45 49 49 50 15 25 18 28 5 38 39 32 40 48 32
30 32 27 15 53 11 19 23 54 26 10 20 48 15 10 16 16 13 42 37 13 12 12 33 52 32 30 40 16 25 26 32 36 46 40 33 50 31 62 56 76 67 31 10 26 25 8 14 19 8 11 2 13 6 19 33 15 63 35 15 26 26 46 32 9 31 32 62 47 4 13 2 11 34 60 58 38 35 21 32 41 40 50 62 35 39 33 32 16 7 26 31 38 45 40 15
18 18 35 53 24 12 27 20 35 16 12 9 38 21 15 15 12 20 18 49 17 8 4 18 45 49 48 33 14 27 14 33 31 51 27 46 56 37 58 42 36 32 13 26 30 16 13 19 30 22 10 2 2 4 23 38 11 39 33 26 26 28 34 14 10 17 42 45 8 2 6 21 12 12 21 47 51 51 17 28 40 47 57 40 55 46 42 37 41 11 25 37 31 23 23 32
53 17 32 69 70 11 26 18 47 16 22 8 28 16 24 3 25 12 27 16 14 8 6 24 33 63 53 19 22 21 8 17 42 17 44 34 39 23 70 41 32 31 16 26 8 19 6 3 10 23 19 4 2 10 3 13 33 16 36 4 8 44 25 8 19 45 48 45 9 1 4 24 18 19 23 40 48 28 18 23 40 54 52 67 47 52 60 32 23 11 34 39 38 31 20 22
36 13 1 14 29 19 17 21 33 16 11 4 6 27 15 2 13 17 30 8 9 6 6 38 37 42 54 10 28 28 12 9 11 34 42 37 48 77 51 80 69 46 11 6 5 24 18 10 8 20 12 13 3 7 14 9 42 38 5 2 2 32 27 23 46 51 43 34 3 12 14 29 55 9 21 38 34 29 18 21 45 38 34 21 43 71 44 45 17 22 20 30 22 14 28 9
19 27 8 28 12 39 25 12 2 14 17 8 4 10 5 6 19 14 55 1 6 13 15 40 24 24 23 9 25 17 24 12 18 24 30 51 62 58 81 56 40 50 25 7 8 14 2 2 2 10 16 13 8 4 14 21 12 50 18 14 18 53 23 9 34 38 29 36 12 19 28 28 32 8 14 25 26 52 32 23 5 7 6 18 24 40 25 26 27 19 20 12 6 13 9 14
19 38 44 28 6 15 10 37 8 12 15 12 15 9 20 13 15 18 17 4 5 8 30 21 36 24 30 11 27 9 17 15 16 29 29 72 76 76 86 59 20 7 21 14 9 3 16 36 8 23 32 7 14 24 20 33 10 28 10 36 13 54 14 27 38 33 38 44 14 15 24 31 25 7 3 5 25 30 70 36 11 10 26 35 17 28 23 27 18 12 5 23 6 7 16 20
36 34 26 49 17 25 5 29 12 26 27 6 3 8 20 7 26 31 8 6 7 12 38 20 14 19 29 12 12 11 14 20 16 36 41 59 75 26 10 51 60 22 11 21 8 19 39 44 19 17 28 9 8 13 19 13 32 25 41 22 22 58 26 28 59 28 28 37 24 19 26 31 58 26 17 38 37 36 67 29 20 13 20 12 20 10 14 10 8 14 5 13 17 21 27 31
20 13 11 50 10 13 5 3 17 14 8 10 10 13 19 11 28 13 7 33 8 13 39 30 7 10 6 13 27 22 15 35 18 15 69 61 55 7 24 21 10 11 5 3 24 24 38 54 21 15 21 13 16 13 10 9 3 8 55 41 27 54 25 17 52 54 39 7 24 32 21 36 67 20 17 44 15 37 54 40 20 29 13 14 17 8 6 25 24 20 12 19 18 22 19 2
39 10 7 11 63 6 3 1 8 3 6 10 8 7 28 13 21 36 15 36 22 22 26 37 17 6 15 34 19 26 17 29 17 46 52 35 33 9 38 35 2 4 3 1 12 14 36 38 29 20 35 32 18 27 10 14 3 3 10 44 47 51 32 19 32 40 6 24 34 39 10 52 46 29 13 18 15 12 12 31 9 6 17 5 11 8 7 23 24 16 15 40 30 8 27 9
29 25 11 3 27 2 4 2 4 12 6 7 11 6 6 16 15 9 24 21 11 31 33 23 29 7 28 77 71 82 77 56 10 71 74 64 45 12 52 16 6 11 6 13 17 21 28 35 19 32 29 55 19 48 27 25 37 22 23 14 26 38 42 8 42 22 26 21 31 34 17 10 35 58 8 5 11 26 7 7 20 16 9 4 5 5 14 4 7 23 12 47 42 36 2 16
