sesion_6_simulaciones/modelos_agentes/ejemplos_netlogo/scenarios/cgcm2_b2/rob_2058.asc
NCOLS 322 
NROWS 307 
XLLCORNER 451900 
YLLCORNER 4086900 
CELLSIZE 100 
NODATA_value -9999 
[rows 74 to 147 of 307, columns 96 to 191 of 322]
30 63 43 25 24 27 26 53 24 26 20 66 38 73 68 54 17 9 13 19 58 60 39 24 24 8 8 2 8 16 6 6 8 14 6 4 4 4 15 4 4 4 11 3 5 11 13 3 4 12 9 31 54 38 34 16 26 34 53 35 29 80 69 54 60 63 40 55 65 67 57 68 53 67 42 43 56 65 45 40 22 43 56 45 25 10 12 13 7 8 6 6 4 2 0 0
35 39 34 25 17 22 30 43 25 40 44 34 20 30 39 62 41 47 58 72 90 64 64 44 18 24 7 5 11 3 9 52 18 18 21 15 6 4 4 2 5 21 26 15 34 18 17 40 44 9 13 7 13 40 12 17 31 51 37 22 45 50 73 58 61 45 39 52 64 72 45 80 49 58 51 36 58 32 24 51 50 42 18 17 25 23 16 14 19 16 20 21 8 5 2 1
47 32 27 26 19 32 18 47 23 44 53 20 27 49 40 34 45 70 53 72 80 83 78 72 28 17 12 5 9 13 38 49 35 23 23 25 22 7 12 14 8 6 11 5 8 28 11 28 24 21 6 5 12 10 15 19 31 51 25 32 35 22 59 60 58 38 56 46 78 61 37 68 62 54 60 55 32 21 74 48 33 32 49 35 49 50 44 51 49 30 30 25 14 9 4 3
50 19 37 32 24 20 24 36 29 32 70 33 34 33 37 48 70 44 68 66 84 86 66 54 59 11 9 15 26 25 40 17 34 16 29 8 36 20 10 20 7 4 4 3 10 15 34 40 23 45 38 24 16 4 7 9 32 17 17 13 29 16 52 45 42 26 54 54 63 32 27 35 63 32 59 35 34 40 64 38 49 45 42 58 72 67 71 48 44 52 28 26 13 11 6 5
47 27 35 35 42 20 26 31 13 50 69 59 40 28 47 46 53 65 80 54 54 64 72 79 41 30 38 51 62 37 35 21 29 29 6 13 19 23 19 25 19 4 3 6 13 18 40 39 18 60 51 39 43 28 27 9 9 9 15 10 20 14 10 25 15 24 27 43 34 19 23 24 57 42 26 11 45 51 41 41 61 76 84 75 77 74 47 53 54 31 32 15 10 12 11 18
59 61 22 54 60 34 13 34 13 34 28 62 47 36 39 9 46 83 53 60 58 39 65 75 45 31 74 75 71 65 72 37 10 10 11 35 40 11 16 19 31 7 6 14 17 18 29 71 65 60 52 51 63 25 53 43 33 11 6 3 12 20 8 10 13 22 19 29 10 10 24 33 36 28 66 59 26 25 54 68 73 73 70 70 59 69 66 74 51 29 25 16 14 21 36 18
80 83 63 59 23 19 14 13 12 41 21 12 46 57 16 37 75 50 38 35 50 26 15 56 64 70 76 69 75 61 82 73 31 30 37 55 28 24 5 14 36 22 9 14 29 50 27 24 67 45 53 76 64 49 64 33 39 57 41 39 44 13 36 16 10 4 16 26 28 39 29 4 6 10 20 54 60 70 45 73 70 54 75 61 56 57 69 72 54 44 38 25 55 46 14 13
61 57 69 18 13 15 21 17 15 22 22 5 13 25 32 44 25 56 58 45 38 49 13 23 62 78 74 48 41 60 51 38 61 54 52 53 61 53 20 16 49 41 9 13 38 31 19 12 35 20 64 74 54 84 72 42 67 42 27 33 57 21 33 40 29 18 34 38 59 25 37 13 12 14 25 14 24 65 64 69 48 62 76 67 49 58 78 65 57 49 47 52 64 42 16 33
70 70 58 27 26 29 35 25 12 18 29 4 15 30 36 24 23 70 52 36 43 73 44 41 67 92 66 19 44 48 35 38 14 21 79 58 30 30 21 37 62 52 23 17 28 24 21 27 27 51 53 79 82 87 66 67 68 47 63 45 57 42 41 35 30 36 18 26 52 26 56 70 49 39 27 30 25 17 51 78 85 53 69 63 45 78 62 46 57 70 56 72 47 39 27 58
27 44 66 59 10 10 29 29 39 21 20 7 24 52 37 13 21 80 35 53 45 45 32 67 49 58 36 48 60 48 37 37 21 55 88 70 50 26 19 51 34 16 30 14 20 14 18 23 24 35 31 71 70 85 68 67 79 50 70 65 55 59 33 34 35 24 54 27 45 59 73 74 53 32 40 23 21 32 20 70 67 64 37 64 76 41 50 52 64 54 59 46 31 39 39 79
14 20 28 39 48 10 21 13 10 35 31 12 22 46 37 22 32 77 47 47 27 20 72 73 66 56 29 62 62 47 24 15 60 90 87 85 78 41 49 55 46 11 30 21 26 36 29 20 27 10 7 34 76 87 62 69 60 63 83 74 59 44 28 20 61 33 70 49 40 59 75 72 35 26 36 32 37 36 28 32 69 81 75 55 32 65 74 73 63 72 29 48 46 63 45 76
9 15 26 17 36 39 27 24 13 24 42 11 24 54 32 42 35 47 57 68 63 20 42 51 80 70 65 67 68 72 46 81 89 81 77 87 82 49 39 61 39 16 31 25 27 36 34 22 28 19 23 38 77 81 58 50 54 85 82 80 54 26 44 54 72 55 81 72 59 38 75 59 62 54 51 39 36 42 31 28 41 75 65 77 75 45 71 34 71 39 35 60 46 78 47 61
8 5 3 3 10 23 10 5 10 17 22 13 34 58 37 13 31 26 50 63 73 64 31 37 41 45 73 86 61 60 78 86 87 73 79 78 63 79 58 62 43 65 49 56 33 43 51 52 36 35 24 43 65 89 69 49 79 69 84 73 53 40 40 53 80 61 77 70 61 41 66 54 45 20 44 30 14 35 33 21 12 58 74 67 50 84 61 57 62 57 58 69 72 78 77 45
5 3 0 1 9 9 2 4 8 14 7 20 53 44 14 7 17 22 48 51 65 85 54 30 26 37 75 75 83 43 84 71 70 71 88 83 64 78 54 63 55 89 42 72 50 45 40 28 30 27 24 17 46 81 68 76 66 78 89 66 43 45 57 72 74 59 67 66 53 19 25 32 54 53 61 38 21 34 40 44 51 15 61 69 64 76 84 86 92 75 86 87 75 42 79 32
7 7 2 1 8 5 3 6 10 7 11 20 32 36 12 5 40 35 28 35 44 58 73 70 52 36 57 68 81 79 75 86 83 56 58 48 51 75 33 47 89 77 59 46 33 50 36 45 51 54 53 25 32 62 58 67 69 82 82 66 60 72 72 75 78 44 62 68 54 28 25 44 61 56 40 69 30 26 38 43 48 31 22 61 67 85 79 53 54 67 67 82 75 43 55 66
10 4 3 1 3 2 2 13 7 6 5 12 53 25 7 4 30 18 30 40 42 56 65 63 66 42 46 25 44 73 62 68 73 65 65 63 48 38 53 86 52 74 40 25 38 67 52 53 59 60 47 44 26 30 29 51 66 71 81 60 48 61 61 84 79 53 60 77 34 14 15 38 36 49 82 68 40 41 20 51 38 52 50 19 55 77 77 74 73 68 50 47 62 39 25 45
4 5 2 1 1 1 1 7 7 3 13 28 45 42 8 4 15 4 18 54 53 55 24 35 60 47 48 37 65 89 82 76 53 67 50 33 40 32 66 45 42 43 23 56 80 61 56 58 45 34 32 31 26 24 10 15 46 64 79 47 67 63 85 88 87 53 77 64 52 30 19 30 53 72 89 45 39 70 33 45 43 49 58 40 18 62 66 51 33 48 43 41 31 43 41 38
12 8 4 2 1 1 1 1 5 6 9 34 20 13 20 7 20 4 2 12 15 47 27 24 24 16 35 50 77 87 63 72 76 71 64 38 21 34 75 24 53 57 68 78 79 58 75 37 28 36 64 59 66 62 54 24 9 7 35 47 51 67 80 87 86 60 89 66 65 53 29 32 51 87 72 33 67 62 38 32 52 58 57 46 34 12 30 51 44 43 26 39 60 66 51 49
5 4 2 1 1 1 0 0 2 7 11 16 14 5 5 3 21 6 3 20 14 21 13 19 29 24 22 52 26 50 59 57 60 52 16 29 42 46 52 28 66 66 82 69 63 47 81 73 74 57 59 55 54 35 41 15 7 7 9 33 61 83 76 85 78 53 78 73 40 32 35 55 50 72 43 55 79 66 60 70 56 60 45 43 46 32 10 18 21 28 43 54 61 63 56 43
2 2 2 2 1 1 1 0 1 2 7 12 11 9 4 2 18 5 2 9 6 9 10 15 12 28 29 36 24 8 19 23 19 16 38 45 67 78 53 52 30 66 91 62 38 78 71 61 77 60 59 47 32 38 35 40 21 10 11 52 77 72 85 87 83 80 76 82 67 28 44 36 42 21 33 73 69 35 59 38 48 45 42 40 47 35 41 18 6 29 46 66 72 62 55 30
4 2 4 7 3 3 2 2 1 2 4 6 5 4 3 2 7 3 1 4 7 6 5 6 8 18 20 20 23 16 6 5 10 27 36 69 79 54 59 68 46 82 87 59 71 67 67 44 85 64 73 57 66 70 68 50 32 12 14 24 67 60 82 83 77 69 76 82 71 44 29 45 51 48 52 59 69 84 45 56 37 29 49 42 29 46 59 51 18 16 21 19 28 33 37 29
16 12 7 14 12 8 7 6 3 1 2 3 2 3 2 3 2 2 1 3 3 4 2 3 6 9 12 13 13 29 4 6 10 28 75 80 59 40 67 73 61 72 78 64 57 70 62 57 84 68 56 70 57 64 64 49 32 15 9 13 17 56 75 77 70 60 77 71 46 17 28 57 31 53 74 68 76 54 30 72 42 39 46 46 70 53 33 38 45 41 34 13 7 7 11 14
26 13 20 19 20 13 19 9 4 3 0 1 1 1 2 1 2 1 1 1 2 3 1 2 2 3 13 10 9 4 7 3 16 69 61 62 24 55 84 65 48 50 61 25 35 82 55 79 83 77 55 69 79 51 25 26 28 28 22 13 16 29 50 60 63 59 43 49 24 22 42 45 40 60 70 78 60 50 59 66 61 35 50 76 72 68 50 44 48 48 55 45 25 8 4 8
28 29 33 18 28 22 13 10 8 7 6 3 1 0 0 1 2 1 1 1 1 1 1 1 1 2 8 14 6 4 9 2 27 51 35 19 29 70 84 69 34 41 38 29 76 66 48 55 88 88 46 52 52 67 48 27 7 13 16 24 19 26 20 28 18 36 44 40 17 37 52 52 46 46 69 62 55 66 37 22 61 57 62 71 74 56 55 47 35 40 50 39 32 13 9 3
41 27 37 39 32 19 18 19 10 11 6 5 4 2 1 0 0 1 0 1 1 1 1 1 1 1 2 9 2 2 8 2 12 29 12 18 27 46 44 52 38 43 23 64 70 28 56 90 86 78 78 34 20 25 18 22 8 10 23 35 19 30 19 12 12 23 18 16 16 42 43 61 35 59 66 60 74 41 49 37 64 40 38 42 50 68 67 49 38 28 46 37 38 29 23 8
31 20 43 43 16 21 9 10 20 14 7 7 5 4 2 1 0 0 0 0 0 0 0 1 0 0 1 1 1 11 3 1 2 4 7 27 32 45 80 56 47 32 47 48 49 48 52 90 83 73 93 69 42 51 45 23 10 6 4 12 35 21 15 8 10 21 14 12 20 32 50 56 51 27 36 37 46 44 44 54 15 66 51 58 59 66 60 63 68 47 43 44 44 49 24 15
18 35 68 41 35 17 33 17 25 21 10 8 7 2 2 2 1 1 1 1 1 1 0 0 0 0 0 0 2 10 1 2 2 2 10 27 34 10 30 27 38 31 30 45 35 43 66 86 80 80 86 85 43 26 20 15 12 17 12 2 4 9 9 9 9 13 10 12 14 30 42 58 53 57 19 32 50 46 27 33 55 41 35 62 65 62 64 71 60 72 58 65 60 52 32 24
26 41 63 38 32 29 15 18 27 19 14 11 6 6 2 3 2 3 3 3 1 2 1 1 2 1 0 0 1 4 1 2 3 3 8 11 10 13 9 5 26 38 21 16 28 70 81 81 72 65 79 79 58 41 43 48 37 23 17 5 1 7 5 4 8 6 6 9 20 28 27 39 37 35 47 44 37 57 86 83 74 77 55 59 55 54 59 66 76 64 77 70 58 55 49 42
28 56 25 28 36 25 22 13 25 22 7 6 11 5 3 3 3 3 4 4 4 3 3 2 1 2 1 0 0 2 0 1 2 4 7 6 8 12 12 5 11 43 25 9 35 51 83 72 31 28 40 67 81 71 49 42 34 20 9 4 1 8 4 2 4 5 7 15 21 30 29 34 41 57 70 72 66 83 82 79 72 56 43 35 36 58 75 67 65 70 76 75 71 71 59 49
58 23 31 26 19 29 28 16 7 10 12 12 11 9 4 5 5 5 5 9 7 5 7 4 5 2 2 0 0 1 1 1 2 3 8 8 12 12 11 3 5 13 21 6 23 31 58 31 16 20 46 56 79 72 62 41 35 21 9 7 2 3 2 1 7 5 9 23 22 27 32 31 62 70 85 70 78 72 76 59 29 23 29 51 23 54 67 63 77 85 76 59 40 32 23 19
21 27 43 62 51 35 11 7 8 21 19 15 7 12 10 10 8 12 11 10 10 9 6 7 6 3 1 1 0 0 0 0 0 3 4 16 25 12 14 5 4 4 6 2 7 14 11 17 21 35 40 65 83 72 63 58 48 32 30 10 3 2 2 1 5 8 12 11 10 20 41 45 52 58 62 66 70 61 44 34 41 34 56 58 82 61 47 70 85 73 58 58 55 48 38 33
47 56 47 15 13 20 22 10 16 27 23 18 17 16 14 19 12 15 14 20 7 15 12 9 5 3 1 1 0 0 0 0 0 1 3 7 7 10 14 6 7 5 6 2 5 11 17 48 65 66 85 67 84 80 73 50 50 27 16 8 3 3 2 1 1 2 5 13 23 21 33 59 36 44 43 60 63 26 16 31 30 40 70 62 80 59 80 68 72 60 59 61 53 57 57 45
49 30 37 33 30 18 24 12 32 31 28 29 41 24 32 24 24 34 26 14 15 17 22 6 7 3 2 1 0 0 0 0 0 1 2 3 9 18 17 5 2 4 4 3 6 14 39 26 55 61 56 53 89 81 70 40 23 15 10 3 2 1 1 0 0 2 7 23 30 23 29 53 44 32 29 40 27 32 54 54 36 68 69 60 71 79 65 68 63 59 48 56 59 65 56 70
29 25 16 13 12 10 5 20 38 35 35 51 35 40 37 37 42 17 13 32 21 25 21 8 4 2 3 2 1 1 0 0 0 0 1 1 1 5 10 4 3 3 4 4 12 13 7 18 36 75 42 62 79 60 61 45 27 13 4 3 2 1 0 1 0 1 5 11 36 22 24 10 21 33 27 41 47 49 47 44 46 72 63 56 64 64 39 67 42 49 59 67 67 47 74 74
16 24 33 36 31 16 15 25 40 58 54 51 38 47 63 60 34 22 22 45 28 14 11 9 4 3 4 3 2 1 1 1 0 0 1 2 1 1 1 1 1 2 2 4 8 6 9 21 61 20 19 50 85 61 40 21 14 10 10 6 2 1 0 0 0 1 4 6 12 18 17 14 33 26 34 45 60 72 71 72 68 87 62 42 40 50 65 83 78 54 57 60 51 56 62 57
30 50 35 55 27 24 27 44 44 60 58 25 27 51 48 35 27 26 39 58 23 16 13 11 6 5 3 2 2 1 0 1 1 0 0 1 1 1 1 0 1 2 2 2 2 7 13 7 46 14 33 63 80 43 20 19 12 5 4 5 2 2 0 0 0 0 2 2 7 9 17 25 40 39 66 69 81 53 37 28 81 79 78 52 21 52 74 90 84 78 82 52 70 53 48 78
49 50 69 58 31 50 48 52 70 63 47 34 39 60 41 55 20 34 62 29 19 16 17 14 12 8 4 3 1 1 1 1 1 1 0 0 1 0 0 0 0 1 1 2 2 5 8 8 5 11 34 70 77 38 26 18 8 6 4 2 2 1 1 0 0 0 2 6 11 16 24 30 45 58 69 62 32 35 28 72 78 78 81 82 39 58 82 84 73 67 64 70 50 53 34 53
66 67 44 34 41 52 52 71 41 55 25 49 52 78 62 43 25 59 18 14 30 15 10 6 8 6 6 5 5 2 3 3 1 1 1 0 0 1 0 0 0 0 1 1 3 8 3 9 2 4 21 53 84 73 27 16 9 3 4 2 2 1 1 0 0 1 4 9 23 26 27 35 45 43 40 47 43 58 74 80 74 77 66 80 70 62 65 37 22 20 50 81 69 47 29 33
74 59 44 32 43 59 68 18 63 29 35 55 71 73 49 29 57 47 26 10 11 17 5 5 9 9 13 6 8 7 5 4 2 1 1 1 0 0 0 0 0 0 0 2 2 4 1 4 1 7 13 9 47 53 23 11 4 3 2 1 2 2 1 0 0 2 5 7 10 15 20 24 30 38 61 70 66 67 73 63 69 59 44 71 63 43 36 46 61 67 82 41 54 51 28 25
41 59 45 38 54 74 75 30 62 55 70 56 81 51 38 46 59 24 25 21 47 24 12 8 14 22 14 18 13 16 6 2 1 3 2 1 1 0 0 0 0 0 1 1 2 1 2 4 1 5 6 34 42 19 17 12 10 5 2 1 2 2 1 1 0 0 2 6 10 10 14 20 34 32 30 32 36 37 83 45 65 71 52 46 37 26 61 66 66 80 77 60 45 58 56 54
85 41 60 61 71 49 52 62 62 53 57 59 53 47 45 72 33 43 35 62 51 28 30 20 13 31 34 30 38 18 12 3 1 1 1 1 1 1 1 0 0 0 1 1 0 1 8 2 1 4 28 39 51 12 10 14 7 5 3 1 2 1 1 0 0 0 1 2 5 7 3 9 9 12 28 44 44 47 73 64 52 67 86 38 28 46 50 58 76 69 64 75 57 57 45 55
79 93 89 91 86 58 19 12 57 37 65 74 83 76 63 69 66 76 57 68 53 47 43 36 32 41 59 61 22 24 13 5 6 3 2 2 1 1 1 0 0 0 0 1 0 0 1 1 0 4 13 43 37 8 10 10 9 4 2 2 2 1 1 0 0 0 3 4 5 12 17 25 43 40 26 28 45 77 72 74 75 55 58 68 34 41 65 63 52 36 74 86 57 46 57 65
65 88 73 81 78 61 76 36 54 46 23 38 80 86 88 63 48 52 65 65 62 56 65 47 58 58 68 48 41 33 23 14 8 7 7 2 2 2 1 1 0 0 0 0 1 1 0 0 0 3 9 5 19 5 15 6 8 6 3 1 1 1 0 0 0 1 3 6 9 21 39 31 21 38 62 43 59 76 76 88 76 61 53 44 10 21 27 46 68 81 87 64 84 56 54 60
47 85 65 76 77 67 87 65 39 72 51 42 67 76 72 64 72 51 76 86 86 68 57 41 78 63 63 49 30 21 23 17 13 12 10 6 3 2 1 1 1 0 0 0 1 0 1 0 0 1 2 4 20 11 22 15 6 8 3 2 0 0 0 0 0 1 4 4 9 19 41 55 62 53 70 75 79 76 70 84 83 49 31 22 14 22 47 66 59 90 60 71 81 84 59 58
50 80 69 62 78 56 61 26 43 75 54 32 12 53 64 64 71 54 48 79 84 46 70 36 67 53 64 47 34 14 20 32 27 23 16 6 2 2 2 1 0 0 0 0 1 1 1 0 0 0 1 7 19 4 5 2 6 8 7 2 0 0 0 0 1 1 5 4 9 18 30 46 41 30 31 45 82 58 80 81 88 83 22 13 14 29 60 39 70 83 70 79 66 62 44 65
15 40 27 49 71 58 55 16 45 79 43 24 15 28 63 59 64 58 27 31 59 39 36 55 25 21 71 38 18 10 5 7 12 9 9 9 4 4 4 1 1 0 0 0 0 1 1 0 0 1 2 8 6 12 5 2 2 2 1 0 1 0 0 0 0 1 2 2 6 10 17 16 23 40 43 60 88 90 73 63 77 81 58 14 7 20 24 46 78 65 60 28 22 30 44 63
15 39 66 50 56 40 67 42 54 81 64 31 26 26 59 75 43 9 10 21 29 17 23 64 30 13 53 39 47 13 1 8 21 15 6 12 8 5 2 1 0 0 0 0 0 1 1 0 0 2 3 6 2 3 3 3 1 0 1 1 1 0 0 0 1 1 1 2 2 8 17 21 41 42 54 81 89 88 82 45 50 61 52 22 5 15 35 58 54 27 28 59 61 58 62 75
23 14 14 18 27 39 71 27 58 59 83 45 24 19 22 18 11 9 10 24 20 17 11 54 15 33 39 29 50 55 18 8 9 7 8 11 8 4 2 2 1 0 0 0 0 0 1 0 0 1 3 5 0 1 2 5 1 0 1 1 0 0 0 0 0 1 11 7 11 27 42 64 71 54 72 93 89 87 81 59 12 25 44 36 8 15 31 54 40 43 87 63 46 53 41 76
26 29 13 12 24 37 60 49 31 47 77 44 15 7 22 23 9 24 8 10 16 13 10 56 12 10 35 25 31 44 23 14 19 5 3 3 1 2 1 1 1 1 0 0 0 0 0 0 0 1 3 3 0 1 1 1 2 2 1 0 0 0 0 0 0 1 3 12 34 47 75 52 31 48 80 92 87 76 73 74 57 13 40 36 9 16 34 31 26 72 66 50 62 79 22 10
26 34 21 14 18 12 52 58 45 18 78 36 10 3 17 15 22 25 16 9 11 14 3 19 38 3 9 11 32 60 18 4 7 4 8 7 5 3 1 1 1 0 0 0 0 0 0 0 0 1 3 2 0 1 1 1 1 1 0 0 0 0 0 0 0 2 5 16 27 29 16 23 47 57 77 77 83 70 60 41 55 19 11 15 14 30 20 18 57 85 44 57 65 74 66 22
38 24 21 8 8 9 35 62 24 22 58 46 24 3 14 15 31 23 18 11 11 21 8 9 63 8 14 12 27 31 32 20 17 17 12 7 6 4 3 1 0 0 0 0 0 0 0 0 0 2 5 3 1 1 1 0 0 1 1 0 0 0 0 0 1 3 14 19 14 12 28 38 56 87 76 63 78 44 25 20 46 23 10 3 4 20 20 41 79 51 43 54 78 62 64 30
64 14 21 9 7 10 19 23 7 6 64 32 4 2 11 15 29 19 28 17 19 15 14 10 22 10 4 13 19 17 29 31 15 8 6 2 3 3 3 2 1 0 0 0 0 0 0 0 0 1 3 2 1 0 0 0 0 0 0 0 0 0 0 0 1 4 6 4 4 11 36 47 79 84 81 56 35 52 14 17 42 12 4 2 8 27 41 53 63 21 56 83 72 67 78 39
13 21 9 7 5 4 7 11 7 11 41 15 6 2 7 10 22 6 19 11 12 15 12 9 12 20 7 4 2 11 11 23 9 5 6 4 2 1 2 1 0 0 0 0 0 0 0 0 1 2 2 0 0 0 0 0 0 0 0 0 0 0 0 0 1 2 1 1 8 26 39 48 81 86 66 46 28 37 38 8 12 9 2 3 10 16 34 59 32 38 75 64 63 64 59 50
13 9 16 15 5 5 2 3 2 4 9 4 12 4 3 8 22 7 4 12 5 3 1 16 15 27 2 2 1 3 15 25 24 8 4 2 2 1 1 0 0 0 0 0 0 0 0 0 0 1 1 1 0 0 0 0 0 0 0 0 0 0 0 0 1 1 0 2 12 27 45 74 72 70 59 47 27 18 33 9 5 5 2 2 9 13 40 47 30 25 30 51 45 39 55 61
22 12 7 17 18 9 6 2 1 6 4 3 10 11 3 5 12 10 3 3 3 3 3 33 12 16 7 0 1 1 3 5 18 15 5 3 1 1 0 0 1 0 0 0 0 0 0 0 0 1 1 1 1 0 0 0 0 0 0 0 0 0 0 0 0 0 1 5 16 49 57 78 74 53 28 12 8 8 10 11 6 2 1 2 6 9 25 23 16 11 29 25 18 33 52 66
25 12 5 8 11 17 6 2 1 4 4 2 2 4 2 3 6 8 3 2 2 1 1 4 1 3 10 1 1 1 0 3 15 16 6 3 3 7 4 2 1 0 0 0 0 0 0 0 0 0 0 0 1 0 0 0 0 0 0 0 0 0 0 0 0 0 1 3 17 71 66 64 77 64 27 11 3 1 3 6 4 1 0 1 3 8 16 9 7 23 33 40 70 57 71 64
53 23 9 2 6 11 17 1 3 5 5 3 1 2 1 1 3 8 2 1 1 1 0 2 0 1 4 3 0 1 0 1 5 29 12 4 2 1 1 1 0 0 0 0 0 0 0 0 0 0 0 0 0 1 0 0 0 0 0 0 0 0 0 0 0 2 4 14 36 43 75 77 56 66 50 19 9 3 1 1 2 1 0 0 1 3 3 2 7 21 29 69 70 60 57 62
34 69 18 6 2 3 3 2 3 3 3 2 3 1 1 0 1 8 3 1 1 1 0 1 1 0 2 2 1 1 1 0 2 7 19 9 3 2 3 1 0 0 0 0 0 0 0 0 0 0 0 0 0 0 0 0 0 0 0 0 0 0 0 0 1 3 6 5 15 37 64 56 42 37 57 23 8 2 1 0 0 0 0 0 1 1 1 3 12 23 53 59 38 53 64 65
6 45 54 25 7 3 1 5 2 1 1 1 4 2 1 1 0 7 3 2 1 0 0 1 1 0 1 1 1 1 1 0 2 1 2 12 3 1 2 1 1 0 0 0 0 0 0 0 0 0 0 0 0 0 0 0 0 0 0 0 0 0 0 0 0 0 1 5 41 49 49 45 31 29 26 18 8 3 2 1 0 0 0 0 2 5 5 3 10 27 28 21 27 52 69 61
3 21 22 41 11 5 2 4 4 1 2 1 2 1 2 1 1 2 5 1 0 0 0 0 1 0 1 1 0 1 2 0 1 1 1 1 11 4 3 1 0 0 0 0 0 0 0 0 0 0 0 0 0 0 0 0 0 0 0 0 0 0 0 0 0 1 3 7 31 57 49 62 42 8 8 11 6 4 2 1 0 0 0 0 2 4 15 23 8 7 7 21 39 53 77 56
6 10 7 21 7 3 3 3 3 2 1 1 1 2 2 1 1 1 2 1 0 0 0 1 1 1 1 1 0 0 2 1 0 1 1 3 4 1 5 1 0 0 0 0 0 0 0 0 0 0 0 0 0 0 0 0 0 0 0 0 0 0 0 0 0 1 2 11 29 41 74 58 53 22 6 3 4 2 2 1 0 0 0 1 2 5 16 38 35 25 29 21 42 53 80 67
4 8 2 8 8 8 4 3 2 2 1 1 1 1 1 1 1 1 0 1 1 0 0 0 0 1 1 1 0 0 0 0 0 1 1 3 3 1 6 1 1 1 0 0 0 0 0 0 0 0 0 0 0 0 0 0 0 0 0 0 0 0 0 0 0 1 2 6 26 21 58 50 35 22 23 5 3 2 1 0 0 0 0 1 4 10 18 33 50 49 45 43 40 69 92 78
5 3 4 2 3 1 2 2 8 4 2 0 1 1 1 1 1 0 1 1 1 0 0 0 0 1 0 1 0 0 0 0 0 0 5 7 2 1 1 1 1 0 0 0 0 0 0 0 0 0 0 0 0 0 0 0 0 0 0 0 0 0 0 0 0 1 3 16 30 41 44 53 34 16 9 8 3 2 0 0 0 0 0 0 1 7 12 24 36 24 46 55 76 92 91 74
2 4 2 2 1 1 1 1 1 1 1 1 0 0 0 0 0 0 0 1 1 0 0 0 0 1 0 0 0 0 0 0 0 1 2 4 5 11 9 5 1 0 0 0 0 0 0 0 0 0 0 0 0 0 0 0 0 0 0 0 0 0 0 0 0 2 11 22 34 48 49 44 38 20 4 2 2 1 0 0 0 1 2 2 1 1 3 6 12 30 37 67 69 89 87 65
1 2 1 1 0 0 0 0 0 0 0 0 0 0 0 0 0 0 0 0 0 0 0 0 0 0 0 0 0 0 0 0 0 0 1 1 1 1 1 0 0 0 0 0 0 0 0 0 0 0 0 0 0 0 0 0 0 0 0 0 0 0 0 0 1 1 3 8 24 41 23 47 20 10 3 1 1 0 0 0 0 0 2 5 13 7 11 12 25 51 58 64 78 78 63 46
0 0 0 0 0 0 0 0 0 0 0 0 0 0 0 0 0 0 0 0 0 0 0 0 0 0 0 0 0 0 0 0 0 0 0 0 0 0 0 0 0 0 0 0 0 0 0 0 0 0 0 0 0 0 0 0 0 0 0 0 0 0 0 0 1 2 2 6 13 10 18 21 15 6 1 1 0 0 0 0 0 0 1 3 6 19 32 34 53 75 70 53 66 49 49 35
1 0 0 0 0 0 0 1 0 0 1 1 1 2 0 0 0 0 0 0 0 0 0 0 0 0 0 0 0 0 0 0 0 0 0 0 0 0 0 0 0 0 0 0 0 0 0 0 0 0 0 0 0 0 0 0 0 0 0 0 0 0 0 0 0 1 2 11 8 10 14 7 6 1 1 0 0 0 0 0 0 1 2 4 6 22 65 59 25 35 75 83 49 15 17 26
3 1 0 1 1 1 1 2 1 2 3 3 5 3 2 1 1 0 0 0 0 0 0 0 0 0 0 0 0 0 0 0 0 0 0 0 0 0 0 0 0 0 0 0 0 0 0 0 0 0 0 0 0 0 0 0 0 0 0 0 0 0 0 0 0 2 3 2 4 5 5 4 4 1 0 0 0 0 0 0 1 2 3 7 25 32 25 8 19 57 87 79 70 15 6 7
5 1 1 3 3 4 4 5 5 6 6 5 6 9 3 2 1 1 1 0 0 0 0 0 0 0 0 0 0 0 0 0 0 0 0 0 0 0 0 0 0 0 0 0 0 0 0 0 0 0 0 0 0 0 0 0 0 0 0 0 0 0 0 0 1 2 4 2 1 1 2 2 1 0 0 0 0 0 0 1 2 3 8 19 17 6 3 9 28 76 82 61 37 30 3 1
8 5 3 9 8 15 9 11 18 11 16 10 17 9 5 4 5 2 0 1 1 0 0 0 0 0 0 0 0 0 0 0 0 0 0 0 0 0 0 0 0 0 0 0 0 0 0 0 0 0 0 0 0 0 0 0 0 0 0 0 0 0 0 0 0 2 3 3 1 1 1 1 0 0 0 0 0 0 0 1 2 6 5 4 1 1 6 19 41 61 59 46 17 29 5 1
17 12 8 21 35 56 39 30 48 36 30 20 39 26 21 13 4 1 1 3 1 0 0 0 0 0 0 0 0 0 0 0 0 0 0 0 0 0 0 0 0 0 0 0 0 0 0 0 0 0 0 0 0 0 0 0 0 0 0 0 0 0 0 0 0 1 5 3 1 0 0 0 0 0 0 0 0 0 0 0 2 2 1 0 1 6 13 42 58 41 39 18 7 10 13 1
55 56 39 32 33 29 17 10 32 17 18 16 16 27 26 6 5 6 4 4 2 0 0 0 1 0 0 0 0 0 0 0 0 0 0 0 0 0 0 0 0 0 0 0 0 0 0 0 0 0 0 0 0 0 0 0 0 0 0 0 0 0 0 0 0 1 5 4 1 1 0 0 0 0 0 0 0 0 0 0 0 0 0 1 3 8 17 57 62 79 27 4 3 3 6 1
43 30 53 31 26 35 27 21 14 10 18 28 13 9 19 35 20 6 1 1 1 0 0 0 0 0 0 0 0 0 0 0 0 0 0 0 0 0 0 0 0 0 0 0 0 0 0 0 0 0 0 0 0 0 0 0 0 0 0 0 0 0 0 0 0 1 2 7 2 1 0 0 0 0 0 0 0 0 0 0 0 0 1 3 5 9 33 28 42 52 42 6 1 0 2 2
40 11 39 36 11 4 13 19 20 17 9 7 35 8 13 20 9 5 3 2 1 0 1 0 0 1 0 0 0 0 0 0 0 0 0 0 0 0 0 0 0 0 0 0 0 0 0 0 0 0 0 0 0 0 0 0 0 0 0 0 0 0 0 0 0 0 1 2 2 1 0 0 0 0 0 0 0 0 0 0 0 1 2 3 11 22 29 23 16 14 38 8 2 0 0 0
