sesion_6_simulaciones/modelos_agentes/ejemplos_netlogo/scenarios/cgcm2_b2/rob_2086.asc
NCOLS 322 
NROWS 307 
XLLCORNER 451900 
YLLCORNER 4086900 
CELLSIZE 100 
NODATA_value -9999 
[rows 219 to 291 of 307, columns 0 to 95 of 322]
15 15 6 10 17 41 48 16 22 4 10 10 5 3 11 6 10 15 7 5 4 22 11 14 6 26 21 30 16 26 25 48 36 39 61 69 51 43 39 53 27 27 31 50 58 53 61 38 60 69 65 83 87 70 69 83 84 67 84 82 81 86 67 73 49 43 39 30 17 4 6 5 3 2 2 2 1 1 0 0 0 0 0 0 0 0 0 0 0 0 0 0 0 0 2 6
24 29 21 23 38 47 55 41 15 12 21 13 15 11 11 15 12 4 4 6 9 28 10 12 24 27 12 54 45 34 47 57 44 48 64 33 20 33 18 50 40 31 34 47 58 63 68 54 63 74 67 79 77 77 32 48 81 87 86 72 31 23 47 41 69 44 28 40 11 5 3 4 5 2 1 0 0 0 0 0 0 0 0 0 0 0 0 1 1 0 0 0 0 0 2 3
15 4 21 26 38 34 46 28 7 14 13 18 38 29 13 14 6 9 8 9 2 6 41 26 15 4 12 29 36 28 28 40 56 31 58 18 32 23 8 49 35 37 47 57 54 71 77 61 80 86 62 43 45 38 25 27 64 73 64 41 52 41 36 46 33 27 26 11 18 10 10 3 3 2 1 1 1 0 0 0 0 0 0 0 0 0 1 1 2 1 1 0 0 2 4 3
7 11 20 35 35 20 36 28 5 16 18 20 41 15 14 8 8 3 3 5 14 21 27 31 22 20 15 32 46 25 13 39 53 21 44 35 21 23 34 58 26 26 42 52 45 72 45 57 63 83 83 55 42 42 40 23 34 49 31 40 46 28 20 43 27 32 16 19 12 8 6 4 2 1 1 0 0 0 0 0 0 0 0 0 0 0 1 3 3 2 1 1 3 4 10 4
19 21 15 11 14 23 26 39 23 10 11 25 27 13 7 7 8 15 20 19 23 33 20 59 36 34 28 27 33 39 23 32 21 26 52 14 17 22 29 56 55 37 32 53 20 14 28 16 20 63 72 57 56 38 31 32 20 23 37 39 32 46 22 26 36 16 13 15 15 6 2 2 1 1 0 0 0 0 0 0 0 0 0 0 0 0 1 2 5 5 2 3 6 7 1 1
19 34 47 68 42 37 36 39 22 30 37 52 23 14 14 20 17 35 14 18 60 14 27 30 31 23 17 48 36 29 27 30 22 42 28 18 25 34 29 53 42 41 37 78 75 62 51 52 45 26 33 48 35 30 22 21 21 30 28 28 30 32 18 43 41 20 13 8 6 3 2 2 1 1 0 0 0 0 0 0 0 0 0 0 1 1 1 3 11 10 4 6 9 6 1 1
23 45 46 49 61 66 31 23 16 44 52 33 21 13 16 19 6 3 2 33 17 26 51 31 20 36 25 32 25 16 21 21 38 10 10 33 19 40 25 45 39 49 60 42 48 66 54 70 69 46 27 30 21 30 15 17 19 32 23 20 26 14 11 9 13 10 5 5 3 2 1 1 1 0 0 0 0 0 0 0 0 0 0 1 1 3 5 6 22 19 16 17 5 3 2 1
5 12 20 14 33 74 51 7 28 38 52 18 30 27 5 4 2 1 15 49 13 32 43 52 31 30 20 7 21 12 21 41 31 13 27 28 38 44 25 33 60 73 65 40 52 58 62 35 69 79 33 26 12 17 17 25 19 16 15 10 8 5 8 4 3 6 7 3 2 1 0 0 1 0 0 0 0 0 0 0 0 0 1 1 1 4 13 19 27 35 17 6 4 2 1 1
25 16 22 27 30 30 12 15 17 25 41 45 49 11 2 2 13 22 40 60 24 24 36 67 46 17 28 11 15 23 8 21 45 17 14 12 28 33 70 79 43 38 30 69 41 47 70 50 43 19 35 40 34 29 28 28 27 15 12 9 8 3 4 3 3 3 3 1 1 1 0 0 0 0 0 0 0 0 0 0 0 0 1 1 1 4 15 45 27 3 2 1 1 2 1 1
22 18 18 38 27 28 29 25 16 38 38 29 22 8 15 37 40 44 47 60 19 31 28 51 8 7 25 6 17 25 7 8 22 18 10 23 17 14 58 75 56 37 57 42 84 59 34 42 40 35 26 48 45 41 41 32 16 15 6 4 3 1 0 1 2 1 1 1 1 0 0 0 0 0 0 0 0 0 0 0 1 1 1 2 4 8 12 43 16 5 3 2 1 2 1 1
5 12 35 21 19 22 35 33 29 33 25 45 30 31 29 47 37 20 52 40 18 20 15 14 6 28 8 2 17 15 6 12 9 15 37 56 39 31 17 35 44 26 22 18 43 79 58 39 35 35 29 30 29 41 45 42 17 11 3 2 1 1 1 3 3 2 0 0 0 0 0 0 0 0 0 0 0 0 0 1 2 2 4 3 13 18 23 24 8 4 5 8 3 2 1 1
23 18 21 25 33 30 48 25 36 30 19 33 22 47 27 41 38 27 26 52 6 11 9 7 12 3 8 9 7 13 4 9 5 13 12 30 30 57 27 11 34 52 45 44 58 28 38 28 21 25 19 18 31 30 25 23 24 14 11 3 3 2 1 2 2 1 0 0 0 0 0 0 0 0 0 0 0 1 1 1 4 2 7 5 6 31 58 22 11 14 17 9 3 1 1 0
7 22 28 36 20 20 26 52 17 26 19 14 25 27 19 37 34 21 12 18 9 6 5 13 8 5 6 5 4 6 3 7 27 18 12 9 44 24 32 27 12 23 68 74 80 51 24 16 32 35 33 14 22 28 20 20 14 4 5 8 3 2 1 1 1 1 0 0 0 0 0 0 0 0 0 0 1 2 3 5 10 9 12 5 4 17 43 15 10 26 18 4 2 2 1 1
6 7 18 30 23 24 19 38 18 17 17 16 13 20 14 19 44 10 7 12 3 5 1 6 4 5 3 2 4 4 6 8 12 36 21 25 15 21 32 11 23 20 19 35 37 27 28 17 31 21 33 19 17 15 14 22 10 5 1 1 2 1 0 0 0 1 0 0 0 0 0 0 0 0 0 1 1 4 7 13 20 31 15 9 6 10 22 22 25 17 6 2 1 1 1 1
2 3 17 10 12 32 22 14 24 16 28 20 13 24 16 9 14 5 7 4 4 2 1 1 2 3 1 2 4 3 3 5 5 7 6 14 8 11 15 8 18 33 59 34 35 18 20 8 12 13 19 13 14 16 17 9 6 2 1 0 1 2 1 1 1 1 1 1 0 0 0 0 0 1 1 1 2 8 9 23 44 38 25 27 11 15 49 51 30 13 8 3 2 3 2 1
4 2 2 7 9 16 32 34 45 10 13 23 4 13 5 7 21 3 4 4 4 5 1 1 3 1 1 5 10 16 16 2 9 9 21 24 26 31 23 31 44 48 54 61 58 57 55 28 27 42 27 14 12 9 7 6 3 1 1 2 1 4 4 2 1 0 0 0 0 0 0 1 1 1 1 1 3 8 14 28 30 50 39 44 32 60 39 38 18 20 15 12 6 4 2 1
0 1 4 6 8 9 9 18 11 17 16 8 1 2 1 2 9 1 1 1 0 2 1 2 1 1 1 3 9 6 36 50 36 34 56 38 42 27 28 37 50 52 51 72 44 29 27 8 17 32 42 27 13 7 6 5 5 4 10 4 2 2 1 1 1 0 0 0 0 0 1 1 3 1 3 2 2 6 19 32 57 46 54 48 65 45 46 41 15 15 30 20 11 4 2 3
0 1 1 1 1 7 9 11 9 7 5 8 1 4 1 4 1 1 1 0 1 0 1 0 2 2 8 6 10 6 11 32 70 47 64 86 84 65 65 61 24 66 72 63 77 63 62 37 31 34 28 22 22 8 8 16 13 7 4 2 2 3 2 1 0 0 0 0 0 0 0 1 4 6 5 3 4 3 11 13 55 70 66 33 29 75 41 44 38 39 18 17 13 8 4 4
0 0 0 1 1 3 3 9 16 7 2 1 2 0 1 2 1 13 1 3 13 7 3 1 1 1 1 2 3 7 8 10 15 65 52 81 85 81 78 66 64 32 76 77 78 58 66 44 31 30 15 13 6 7 3 2 3 4 3 2 1 1 0 0 0 0 0 0 0 0 1 2 3 7 8 4 5 8 11 13 44 68 58 25 60 59 45 62 61 35 30 24 18 9 13 8
0 0 1 3 5 1 2 7 8 5 2 1 0 0 0 0 0 0 4 4 5 18 10 2 1 1 2 3 3 9 8 14 22 19 14 55 86 55 81 49 59 58 53 70 67 60 39 21 45 39 26 21 21 17 9 5 3 2 2 1 1 0 0 0 0 0 0 0 0 0 1 2 4 10 24 12 9 12 23 32 56 71 42 40 58 23 12 23 29 14 12 21 12 13 6 3
0 0 1 0 1 1 1 2 2 2 1 1 0 0 0 0 0 0 0 2 1 1 23 9 1 0 2 5 6 10 11 8 20 27 17 21 54 71 65 64 64 55 60 51 56 66 58 33 14 34 28 26 19 21 15 6 3 1 1 1 0 0 0 1 0 0 0 0 0 1 1 1 5 7 21 30 12 12 16 55 59 81 36 42 69 28 28 22 13 9 8 12 10 6 2 1
0 0 0 0 0 0 0 1 2 2 1 1 0 0 0 0 0 1 2 4 1 1 1 10 9 1 4 16 14 15 22 18 26 40 33 25 27 61 48 55 27 35 25 38 38 37 11 39 23 20 23 15 12 14 13 9 7 4 2 3 1 1 1 0 0 0 0 0 1 2 3 4 5 8 9 35 48 24 44 44 74 68 60 77 31 35 37 31 32 32 15 16 11 5 2 1
0 0 0 0 0 0 0 0 0 1 0 0 0 0 0 0 1 2 2 2 1 1 1 21 6 4 5 5 2 7 11 15 29 32 35 40 23 20 26 19 34 21 10 12 19 29 24 29 14 11 17 13 10 7 6 6 4 2 2 1 1 0 0 0 0 0 0 1 2 2 3 5 9 8 13 15 68 21 29 63 74 55 62 69 61 52 38 63 53 14 14 8 5 2 1 1
0 0 0 0 0 0 0 0 0 0 0 0 0 0 0 1 1 1 3 3 2 1 1 3 4 2 4 12 3 17 27 20 19 31 29 44 42 25 18 11 10 17 23 22 31 30 20 10 12 16 11 9 7 8 5 4 3 1 1 1 0 0 0 0 0 0 1 2 2 3 7 3 2 11 40 35 64 41 46 65 73 69 53 61 44 28 29 52 35 25 8 5 3 1 1 0
0 0 0 0 0 0 0 0 0 0 0 0 2 4 7 3 1 0 1 1 3 3 2 10 19 11 8 10 9 11 25 27 33 37 34 46 45 63 45 19 21 13 14 13 15 12 14 8 5 9 7 9 9 6 3 2 2 1 1 1 0 0 0 0 0 1 2 2 3 5 7 7 4 14 35 26 57 72 51 64 68 70 69 66 45 55 38 38 32 22 11 7 3 2 1 1
0 0 0 0 0 0 0 0 0 0 0 0 0 0 1 12 2 1 1 1 3 2 3 5 2 8 17 35 42 31 23 37 40 49 49 43 49 57 66 60 31 22 21 26 25 15 8 10 13 9 14 14 5 3 5 3 3 2 1 1 0 0 0 0 0 2 2 5 8 13 9 11 7 18 56 31 15 60 86 63 67 71 65 57 45 29 10 24 31 17 8 3 3 2 3 2
0 0 0 0 0 0 0 0 0 1 2 1 0 0 1 0 0 0 1 2 1 6 3 4 9 10 4 9 16 46 52 48 57 67 57 43 57 70 73 62 36 34 28 37 35 34 18 32 16 8 3 3 4 4 1 2 1 1 0 1 0 0 0 1 1 3 4 10 16 19 18 22 16 24 51 62 21 51 68 61 59 41 30 18 24 35 16 17 17 10 8 4 4 4 3 2
0 0 0 0 0 0 0 0 0 0 0 0 0 1 1 1 1 1 1 2 4 3 3 6 5 15 8 2 3 42 30 65 80 60 62 62 46 56 67 67 59 63 48 31 42 47 24 24 16 8 7 7 3 4 2 1 1 2 1 1 0 0 1 1 2 2 4 12 17 31 27 41 19 20 47 64 55 36 69 43 32 20 32 24 21 10 8 12 21 17 8 6 6 6 4 1
0 0 0 0 0 0 0 0 0 0 0 0 0 0 0 0 1 3 1 2 1 3 3 4 4 11 12 7 7 5 9 8 50 52 51 47 35 56 50 36 32 24 21 18 26 43 22 17 13 12 7 5 2 1 1 2 2 2 1 1 0 0 0 1 2 5 10 13 13 24 53 36 43 19 25 59 52 75 47 31 37 26 24 24 31 13 17 18 14 6 8 12 12 6 3 1
0 0 0 0 0 0 0 0 0 0 0 2 0 0 0 1 1 2 3 1 1 1 1 3 5 5 10 10 22 26 13 27 29 21 10 22 31 39 27 33 17 18 10 15 16 16 14 20 9 6 6 5 5 4 1 1 2 2 2 1 0 0 0 1 1 4 4 4 7 9 26 56 69 24 15 45 32 68 31 43 27 26 17 27 29 26 20 8 15 13 13 18 7 4 2 1
0 0 0 0 0 0 0 0 0 0 0 2 0 0 1 1 4 2 2 1 1 2 2 4 7 10 23 25 13 11 9 12 30 34 26 21 41 45 41 36 39 31 47 38 21 18 19 20 16 8 3 4 3 2 3 2 2 1 1 0 0 0 0 1 2 4 7 16 12 7 16 25 47 56 34 30 64 52 42 35 18 33 33 23 12 24 28 21 27 31 14 11 4 2 1 2
0 0 0 0 0 0 0 0 0 0 0 0 0 0 1 1 4 1 3 1 2 2 2 4 29 49 34 12 28 43 41 22 42 39 35 33 43 58 48 43 54 41 31 30 27 23 34 36 17 11 12 8 9 9 4 2 1 1 1 0 0 1 0 1 4 6 15 24 26 14 10 13 32 55 63 36 72 50 50 53 48 29 37 44 36 32 42 32 24 28 25 9 7 4 1 2
0 0 0 0 0 0 0 0 0 0 0 0 1 0 2 2 7 2 1 3 2 6 5 11 26 56 51 26 13 24 29 28 18 22 32 25 29 39 36 61 68 42 47 45 53 45 37 37 22 16 17 18 11 5 5 3 3 1 1 0 0 1 1 2 5 11 28 26 17 17 17 27 31 28 20 71 72 50 42 42 31 37 56 48 49 56 49 55 36 28 13 8 5 4 3 2
0 0 0 0 0 0 0 0 0 2 5 1 0 1 2 1 1 1 1 2 4 5 8 41 22 14 34 33 25 39 51 41 21 14 19 18 34 43 53 52 42 42 71 64 68 55 35 20 15 11 5 8 10 4 3 2 1 1 1 0 0 1 1 4 8 17 28 29 28 38 35 32 59 61 48 51 67 60 32 40 43 55 53 35 47 48 44 29 38 14 8 6 9 4 3 2
0 0 0 0 0 0 0 1 5 3 11 6 1 1 3 3 2 0 1 1 1 1 4 22 5 11 27 49 54 66 82 35 54 34 21 13 25 70 53 56 66 18 25 11 16 31 17 25 13 13 10 11 9 7 2 1 1 1 1 0 0 1 2 4 13 33 28 29 20 58 75 31 64 77 77 60 46 48 43 29 40 38 44 60 50 43 29 26 27 20 16 16 10 8 3 1
0 0 0 0 0 0 0 0 0 1 0 0 1 2 2 2 2 1 1 1 2 2 7 15 2 2 4 26 35 25 46 78 46 58 57 51 50 50 42 46 57 56 44 50 47 28 31 35 22 19 16 7 5 4 3 2 2 2 1 0 1 2 6 9 17 24 32 29 25 22 54 75 44 66 74 72 58 38 56 45 59 62 44 35 46 43 29 20 23 35 27 19 7 4 3 1
0 0 0 0 0 0 0 0 1 1 1 1 1 1 2 2 4 1 1 3 4 3 6 26 6 1 7 4 13 25 9 24 55 45 65 62 40 15 16 15 34 40 36 44 57 58 38 20 29 24 12 16 11 5 3 5 2 2 2 0 1 4 10 18 33 45 29 25 54 48 34 29 68 74 61 72 53 51 73 70 30 28 31 39 38 27 39 30 30 15 13 6 3 3 1 1
0 0 0 0 0 0 0 0 0 0 1 1 0 2 1 1 2 0 1 1 1 9 9 26 14 6 7 12 19 16 16 7 6 15 17 16 17 17 17 12 10 17 16 22 44 43 26 41 35 28 23 17 12 9 9 6 5 2 2 0 2 6 11 28 40 42 31 45 46 69 52 49 31 31 50 52 71 64 43 49 42 56 51 60 48 39 51 42 20 10 7 7 4 1 1 1
0 0 0 0 0 0 0 0 0 0 0 0 1 1 1 3 2 1 1 1 3 10 17 21 7 1 8 19 14 27 30 11 33 42 47 39 39 34 35 18 15 17 49 57 58 37 41 35 36 36 27 18 16 12 8 7 5 2 1 0 1 5 20 36 33 52 39 51 50 44 82 61 47 35 21 65 45 67 56 55 60 73 71 63 51 60 43 33 14 10 8 6 3 2 3 4
0 0 0 0 0 0 0 0 0 0 0 1 6 8 5 16 5 1 0 1 5 9 17 16 7 17 4 17 19 33 18 42 37 26 32 36 29 31 16 27 53 63 38 39 31 43 35 31 40 31 34 26 17 13 9 9 3 2 1 1 1 3 10 36 67 57 40 56 50 42 38 55 64 20 15 31 67 79 75 66 65 64 66 70 62 43 45 27 36 15 8 4 2 4 2 10
0 0 0 0 0 0 0 0 0 1 1 1 6 7 12 2 1 0 0 2 5 7 16 23 26 10 14 14 13 14 21 62 27 27 33 38 39 26 38 41 66 57 56 52 54 54 51 42 53 40 36 23 20 14 12 5 3 2 2 1 1 3 11 27 57 51 64 69 57 73 66 66 63 30 31 49 64 62 66 59 58 57 55 60 49 41 39 41 40 29 9 6 5 6 6 16
0 0 0 0 0 0 0 0 0 1 1 2 2 26 2 1 2 1 1 3 4 6 10 5 5 5 27 6 17 14 37 23 36 48 37 39 39 43 53 48 40 56 60 66 62 65 55 61 52 28 21 20 16 17 15 7 5 3 2 1 2 4 12 25 46 44 40 61 76 63 76 64 67 34 54 60 63 67 49 48 53 55 43 36 37 37 34 31 25 24 17 13 5 11 17 18
0 0 0 0 0 0 0 0 0 1 1 1 0 4 1 0 1 2 4 3 4 10 11 5 4 13 7 12 22 44 48 45 40 42 33 37 51 52 58 53 58 70 71 56 51 66 66 61 42 36 28 23 17 12 10 12 9 4 2 1 2 7 14 28 35 47 40 45 69 82 74 66 58 81 69 44 35 40 52 53 49 52 54 47 36 43 25 40 25 16 18 13 6 15 17 17
0 0 0 0 0 0 0 0 1 0 1 1 0 0 0 0 1 1 1 3 5 4 4 13 14 4 6 24 49 14 14 15 35 33 41 50 52 52 52 52 57 68 55 59 71 64 67 64 40 38 29 23 19 9 10 11 5 5 4 1 2 4 22 33 49 45 43 41 41 42 54 56 57 68 16 40 42 41 37 40 43 41 38 57 48 46 40 35 22 21 19 9 10 20 20 28
0 0 0 0 0 0 0 0 1 0 1 1 1 1 1 0 0 0 0 3 7 4 24 25 5 8 12 23 12 16 18 22 31 26 39 48 52 52 44 73 58 49 52 65 35 54 69 67 62 52 21 20 15 19 17 9 6 7 4 1 1 3 9 30 41 47 76 55 57 54 47 29 45 63 42 52 54 41 41 41 49 45 52 51 49 21 22 16 20 33 20 6 16 33 36 36
0 0 0 0 0 0 0 0 0 1 1 0 0 1 1 1 0 0 1 4 3 16 12 5 6 22 10 11 12 18 22 23 17 27 33 53 36 36 60 52 45 66 73 42 61 62 60 63 50 29 23 30 30 23 20 17 14 9 5 2 1 3 14 23 35 61 74 85 54 62 49 30 33 70 74 37 47 54 59 39 40 43 55 47 32 15 32 29 21 14 8 4 20 35 37 37
0 0 0 0 0 0 1 0 1 2 0 0 0 0 0 0 1 0 2 4 3 4 1 4 15 3 3 8 13 16 33 24 18 33 39 42 42 57 63 65 45 40 49 59 55 60 47 50 44 40 36 44 38 19 18 16 16 7 6 3 2 6 12 26 45 54 69 77 70 68 51 53 57 72 46 39 37 40 47 53 39 72 57 33 40 45 34 23 12 6 4 11 27 40 37 42
0 0 0 0 0 0 0 0 1 0 0 0 0 0 1 1 2 1 3 2 1 1 1 5 4 6 8 16 21 21 18 14 18 23 43 30 68 63 64 39 27 29 40 57 65 60 57 57 57 52 48 41 29 18 14 12 10 9 8 6 3 10 18 35 55 59 51 49 68 78 69 31 42 68 37 43 66 64 62 68 63 48 46 45 47 47 22 22 11 8 9 24 33 37 30 43
0 0 0 0 0 0 0 0 0 0 0 0 0 1 1 1 1 2 2 7 5 4 0 4 6 12 13 26 12 8 15 17 30 28 59 28 15 12 13 30 34 53 66 70 71 65 58 59 44 57 38 33 34 20 20 13 10 10 9 8 6 16 29 34 58 57 50 29 50 69 68 44 56 63 40 25 45 71 70 69 68 40 48 50 45 42 21 17 26 11 25 30 18 43 43 45
0 0 0 0 0 0 0 0 0 1 0 0 0 0 0 0 0 4 2 1 2 4 3 3 10 7 9 13 9 11 31 24 17 62 17 11 36 40 43 41 60 67 62 68 72 73 67 61 47 48 43 40 36 33 28 21 18 12 10 5 13 21 46 70 64 60 46 50 56 57 68 41 45 56 67 47 50 52 67 71 58 62 46 51 47 36 25 8 11 25 26 16 27 34 61 45
0 0 0 0 0 0 0 0 0 0 1 0 0 0 0 0 1 1 2 3 2 4 2 3 7 9 8 10 13 15 15 18 26 19 5 21 25 34 48 81 60 56 67 70 71 72 60 54 47 37 42 41 41 25 30 19 23 21 13 13 17 39 34 59 60 55 49 59 58 50 74 66 46 60 64 47 55 58 55 54 62 52 42 40 43 27 13 5 11 34 19 28 40 39 61 43
0 0 0 0 0 0 0 0 0 1 0 0 0 0 0 0 2 0 1 4 11 3 1 2 12 7 14 11 9 8 26 59 32 4 10 31 23 54 64 60 58 70 69 55 60 60 61 58 43 48 44 44 42 37 35 31 27 26 17 17 19 26 33 40 60 73 58 75 73 60 49 49 55 53 67 68 51 49 41 43 49 44 39 44 37 21 9 6 27 31 34 52 58 45 52 40
0 0 0 0 0 0 0 0 0 0 0 0 0 0 0 3 1 1 1 4 3 1 3 5 1 8 9 5 27 13 35 26 5 9 35 13 34 29 44 71 73 57 45 78 71 51 58 61 58 52 48 47 44 41 39 37 32 19 21 23 25 46 31 33 33 56 76 76 71 69 74 72 47 58 47 45 30 38 52 57 44 48 36 43 39 11 8 26 23 36 50 56 50 33 48 48
0 0 0 0 0 0 0 0 0 0 0 0 0 0 0 2 0 0 0 1 1 2 5 2 1 3 3 4 24 22 23 4 6 15 25 57 27 36 57 63 64 54 64 36 49 45 60 71 57 55 54 50 48 43 42 40 24 15 28 41 33 48 43 45 43 53 59 83 59 53 35 58 42 28 30 45 55 45 40 42 42 30 46 36 16 10 19 28 36 33 38 47 61 48 50 47
0 0 0 0 0 0 0 0 0 0 0 0 0 0 1 3 0 1 1 0 4 1 2 0 3 6 3 13 27 10 6 4 7 10 37 45 45 36 43 47 51 60 47 37 44 76 63 59 57 70 58 53 52 46 45 40 25 19 40 46 62 66 50 51 41 54 65 65 75 51 39 32 41 48 43 61 47 48 43 47 35 40 26 18 11 20 35 41 34 52 49 36 38 46 40 34
0 0 0 0 0 0 0 0 0 0 0 0 0 0 1 1 0 0 2 2 1 2 1 2 8 2 3 16 11 8 7 7 17 20 44 32 39 39 35 25 28 50 65 56 64 56 61 63 72 59 58 68 34 48 45 30 17 39 52 50 74 68 52 62 48 38 46 73 69 26 58 34 36 48 52 52 49 51 51 41 35 39 19 23 19 34 40 44 37 40 48 35 36 46 51 40
0 0 0 0 0 0 0 0 0 0 0 0 0 1 0 0 1 1 1 2 1 1 1 2 3 2 3 9 4 3 8 5 20 30 35 39 21 29 28 34 44 52 55 72 55 57 56 75 59 58 72 59 55 52 35 31 20 37 63 62 64 72 56 63 64 49 48 48 71 22 31 57 61 44 45 48 59 49 58 56 40 36 14 13 21 37 48 52 57 52 49 49 36 39 58 48
0 0 0 0 0 0 0 0 0 0 0 0 1 0 0 0 0 0 0 1 0 1 2 2 2 4 5 1 2 4 12 12 25 38 7 6 26 22 30 29 34 46 57 66 67 54 74 52 72 75 56 55 58 54 38 33 21 37 62 67 60 67 47 50 65 39 60 36 53 24 25 55 30 52 52 52 50 54 71 49 46 16 13 20 35 40 46 52 39 28 37 58 29 32 49 67
0 0 0 0 0 0 0 0 0 0 0 0 0 0 0 0 0 0 0 0 0 1 2 1 2 3 1 1 2 2 9 2 14 10 5 14 10 12 18 40 48 52 58 64 56 43 62 70 67 61 65 56 56 56 53 35 34 40 66 77 71 66 56 44 64 59 28 28 63 20 40 38 38 46 45 44 54 32 34 39 19 13 20 37 37 46 54 52 31 35 46 27 17 22 33 63
0 0 0 0 0 0 0 0 0 0 0 0 0 0 0 1 1 0 0 0 0 1 1 0 1 2 1 9 7 5 17 12 23 10 5 5 14 14 17 18 23 50 36 46 61 33 29 29 48 53 63 59 55 56 40 25 41 54 65 65 82 71 47 46 49 55 42 12 40 6 10 22 33 47 52 58 58 58 49 49 23 14 23 37 38 62 65 54 42 36 43 43 35 20 30 47
0 0 0 0 0 0 0 0 0 0 0 0 1 0 1 0 1 0 0 0 2 2 1 1 3 2 2 0 0 2 11 2 5 2 5 11 6 10 11 13 39 37 29 51 28 35 38 51 53 67 57 62 59 43 38 25 40 55 67 65 70 49 49 58 55 30 30 24 33 12 16 18 19 16 38 50 48 50 34 33 14 23 36 38 42 65 57 26 38 50 31 49 23 25 32 53
0 0 0 0 0 0 0 0 0 0 0 0 1 1 1 1 1 0 1 1 2 1 1 2 2 1 0 1 1 3 3 2 2 8 10 8 14 12 15 28 22 35 49 27 34 36 54 52 63 52 53 56 59 41 20 38 45 74 65 64 61 62 44 64 53 32 23 33 17 11 28 40 44 53 57 53 45 24 21 11 17 36 36 40 42 67 65 22 24 47 32 51 28 27 33 66
0 0 0 0 0 0 0 0 0 0 1 0 1 1 0 0 0 0 0 2 1 1 2 1 2 3 0 1 1 7 2 1 2 7 21 8 10 15 26 10 38 33 24 38 34 50 54 66 67 57 68 54 41 43 29 46 47 67 74 53 59 60 40 27 41 41 19 19 20 34 42 29 36 40 33 46 36 26 11 31 25 39 44 56 48 63 67 33 32 35 18 54 28 31 32 48
0 1 0 2 2 1 0 0 1 0 1 0 0 0 1 0 0 0 1 1 1 1 1 0 1 0 0 1 1 4 1 3 21 9 5 5 8 12 13 33 49 39 49 26 39 60 65 52 51 71 61 46 42 43 29 56 67 56 61 66 47 53 53 22 50 45 18 13 26 36 26 29 49 39 45 27 35 32 21 39 41 37 42 55 41 45 51 45 49 30 30 58 27 29 25 41
0 1 2 0 2 6 1 0 0 0 0 0 0 0 0 0 0 1 2 1 0 1 0 0 1 3 0 0 1 3 4 19 4 2 6 9 4 3 16 25 27 18 57 42 48 64 35 48 64 58 47 45 40 38 41 54 62 65 56 61 41 39 41 35 27 33 14 6 15 42 29 41 45 52 42 42 46 42 33 38 40 48 46 51 39 31 44 40 39 36 34 53 28 22 32 37
0 0 0 0 0 0 1 1 0 0 0 0 0 1 0 0 0 0 0 0 0 0 2 0 2 3 1 1 3 7 10 23 4 6 9 1 2 3 7 18 17 28 48 50 47 50 51 50 53 52 44 43 37 39 47 44 59 69 60 39 54 25 32 29 19 9 5 4 3 15 31 53 53 42 38 37 33 13 25 34 37 52 44 49 32 49 61 61 44 37 29 38 45 12 33 40
0 0 0 0 0 0 0 0 0 0 0 0 0 0 0 0 0 1 0 0 0 0 0 0 2 1 0 0 1 2 1 2 5 5 4 6 4 1 22 8 15 13 39 27 52 38 43 32 52 55 36 38 33 33 43 57 58 67 58 48 35 41 21 19 4 4 9 21 15 24 29 41 41 30 28 26 12 22 37 34 37 50 51 34 41 42 52 56 42 38 28 36 43 15 19 47
0 0 0 0 0 0 0 0 0 0 0 0 0 0 0 0 0 0 0 0 0 2 2 1 2 1 0 0 1 1 1 7 6 4 7 6 9 2 15 13 2 14 40 38 43 40 41 54 48 45 42 34 34 56 56 44 62 48 46 21 33 24 10 10 7 5 12 25 20 15 41 48 58 55 46 16 20 23 35 46 54 37 47 34 45 56 54 48 37 37 28 25 42 35 14 27
0 0 0 0 0 0 0 0 0 0 0 0 0 0 0 0 0 1 0 1 3 0 1 1 4 2 0 1 0 2 4 2 3 12 4 7 8 4 38 14 4 24 9 37 32 28 47 26 42 39 33 36 29 55 61 44 48 35 38 38 14 12 14 8 7 4 6 10 13 12 36 45 55 68 35 16 22 33 30 54 53 42 41 45 29 50 55 51 40 43 14 31 33 26 20 15
0 0 0 0 0 0 0 0 0 0 0 0 0 0 0 0 0 1 0 0 0 3 1 2 1 0 0 0 0 2 3 1 2 4 7 14 5 7 26 19 10 27 8 37 23 20 28 22 36 35 43 28 26 44 48 75 23 23 20 12 15 6 6 6 3 4 10 10 15 16 40 46 30 51 25 17 35 39 32 36 49 41 38 36 40 49 48 62 47 29 19 30 36 15 18 11
0 0 0 0 0 0 0 0 0 0 0 0 0 0 0 0 0 0 0 0 0 0 0 0 0 0 0 0 1 1 2 3 5 4 6 8 3 3 8 27 11 17 15 25 7 28 19 31 38 23 35 27 32 27 44 47 39 25 13 4 8 4 3 6 4 5 11 10 22 21 31 40 35 25 20 34 35 33 33 27 33 46 50 43 34 47 55 48 54 21 14 46 22 29 17 8
0 0 0 0 0 0 0 0 0 0 0 0 0 0 0 0 0 0 0 0 0 0 0 1 1 1 1 0 0 0 1 2 3 4 5 4 4 4 2 14 30 25 16 9 8 12 13 26 22 9 27 22 22 20 28 46 33 19 7 2 4 1 1 1 2 2 6 16 23 35 48 33 24 15 38 31 37 50 44 33 25 35 36 41 43 64 26 53 30 16 14 43 22 35 10 9
0 0 0 0 0 0 0 0 0 0 0 0 0 0 0 0 0 0 0 0 0 0 0 1 3 0 0 0 0 0 0 1 1 4 2 1 4 3 3 9 33 28 8 5 7 11 29 10 19 7 13 22 17 33 28 20 19 10 10 2 4 1 2 1 3 9 9 14 24 22 32 37 8 16 27 29 43 36 30 18 27 12 36 40 38 23 45 31 35 23 13 29 18 27 22 7
