sesion_6_simulaciones/modelos_agentes/ejemplos_netlogo/scenarios/cgcm2_b2/rob_2074.asc
NCOLS 322 
NROWS 307 
XLLCORNER 451900 
YLLCORNER 4086900 
CELLSIZE 100 
NODATA_value -9999 
[rows 74 to 147 of 307, columns 96 to 191 of 322]
24 57 36 19 19 22 21 49 21 21 16 61 32 73 66 49 12 7 9 14 55 50 29 14 17 5 5 1 5 10 4 4 5 11 4 2 2 2 8 2 2 2 6 1 2 7 10 1 2 7 5 19 41 25 24 11 19 26 42 26 23 74 63 46 55 58 36 51 61 63 53 63 48 66 36 38 56 64 46 41 22 45 60 49 30 13 14 15 9 10 8 7 5 2 0 0
28 33 27 20 14 18 25 41 23 36 42 30 15 25 32 56 34 40 53 67 89 54 55 38 11 20 4 3 7 2 6 41 12 12 15 10 4 2 3 1 3 12 16 8 22 13 11 26 42 6 7 4 8 27 8 10 22 40 27 15 36 39 67 49 54 37 35 44 59 67 40 77 42 51 44 30 59 32 22 50 52 45 20 20 28 26 20 18 25 21 25 22 10 6 2 1
41 25 21 23 15 28 15 44 21 43 50 16 24 46 37 28 40 66 46 68 73 78 71 65 20 11 7 3 6 8 27 38 26 15 18 16 18 4 8 11 4 3 5 3 5 22 6 17 14 19 4 3 7 6 9 11 18 39 19 26 23 13 48 47 51 30 51 39 74 55 29 60 52 46 53 50 28 17 71 45 33 32 50 36 52 53 47 55 57 37 37 30 17 9 5 3
42 15 34 29 20 17 22 32 27 32 68 31 34 28 32 45 67 41 66 60 80 84 59 45 52 6 6 9 16 15 30 9 24 10 26 5 34 14 9 19 4 2 2 1 5 8 27 31 17 37 29 18 12 2 3 6 21 9 11 7 19 10 41 34 36 21 45 46 52 24 21 25 52 22 48 26 24 32 58 35 46 43 39 57 73 68 74 54 51 56 32 32 16 12 7 5
42 23 31 31 39 19 25 29 12 52 70 60 38 25 45 41 50 63 78 49 47 61 68 77 35 24 30 39 55 29 25 14 21 22 4 9 13 17 17 19 15 2 2 4 8 13 32 28 13 55 46 29 35 21 18 6 6 5 9 6 11 10 5 17 10 17 20 31 23 12 16 16 48 33 16 7 34 43 35 34 57 74 82 74 76 76 49 57 60 37 36 20 14 15 13 21
57 58 21 51 58 32 12 33 13 32 31 62 46 34 36 7 46 82 50 54 55 36 64 72 37 26 66 72 66 60 67 28 6 6 8 29 31 7 11 16 24 4 3 9 11 12 25 63 57 52 50 47 52 17 42 33 28 7 4 2 10 16 5 6 7 15 12 19 6 5 23 31 28 23 58 49 22 16 45 65 68 71 69 68 58 70 68 77 54 35 31 21 18 27 43 22
80 85 63 59 21 18 13 12 12 39 19 12 46 57 15 37 73 47 33 29 47 21 12 52 60 65 70 64 71 55 76 66 23 24 29 46 21 18 3 12 33 15 5 8 19 41 19 20 59 36 52 75 56 45 56 27 36 46 39 32 32 7 30 12 6 3 15 20 22 34 21 2 4 7 13 48 55 67 38 67 67 50 73 58 54 56 70 75 58 49 44 29 58 53 18 15
63 57 71 18 13 15 22 18 15 22 23 5 13 25 30 41 21 56 55 42 34 44 10 19 60 76 69 42 36 58 40 28 55 52 47 40 53 42 14 13 41 32 6 9 28 23 13 8 27 15 62 72 46 82 62 35 63 31 23 24 47 13 27 35 27 12 25 29 50 18 32 10 8 9 16 10 21 63 63 66 43 57 73 65 45 56 77 65 58 52 51 56 69 49 21 40
74 73 61 29 28 32 37 25 13 18 30 4 16 30 37 22 21 71 48 33 44 72 41 40 64 92 60 16 40 39 28 31 10 17 77 49 24 21 18 32 53 46 19 11 20 17 15 22 23 47 49 80 80 83 62 60 63 43 57 36 50 32 33 28 26 31 14 17 45 23 50 61 47 31 19 22 21 13 50 76 83 47 64 58 41 77 61 44 56 69 57 74 50 42 32 63
28 47 68 65 11 12 33 31 45 24 24 7 25 55 36 12 21 81 32 49 41 42 29 67 44 52 31 45 55 41 31 32 18 52 85 64 47 18 15 47 28 12 24 9 16 10 13 19 20 29 25 71 69 83 67 63 76 48 66 62 49 52 29 28 33 20 48 20 40 53 68 68 49 26 33 15 15 26 17 68 63 62 31 60 74 37 46 49 61 52 59 48 32 42 42 82
16 22 34 41 53 13 24 15 13 39 34 15 24 47 39 23 36 77 45 44 26 19 71 73 64 54 26 61 58 42 21 12 59 88 86 81 75 31 44 46 37 7 22 13 18 27 24 16 23 8 5 32 77 87 59 69 59 62 81 73 53 35 24 15 49 25 64 44 34 56 71 65 28 20 31 28 34 30 23 32 67 80 75 49 27 60 70 71 61 72 30 47 46 66 45 77
11 17 33 20 41 43 31 31 15 27 46 12 27 54 36 47 37 50 57 68 65 19 44 51 80 68 65 69 65 69 43 79 88 78 75 87 80 41 35 55 32 12 24 19 21 28 28 18 24 16 23 34 77 81 58 46 55 84 79 78 48 21 39 47 68 49 78 68 55 33 74 54 61 49 42 33 28 36 28 25 41 75 63 77 71 39 67 30 68 36 34 58 46 77 49 62
10 6 4 4 14 29 12 6 11 20 25 15 37 59 40 15 35 28 50 66 74 64 30 36 39 44 74 86 59 61 79 85 86 71 78 75 64 76 52 60 39 62 44 51 25 36 44 47 33 32 21 39 67 89 68 51 79 69 82 73 48 37 38 47 78 57 71 66 56 37 62 51 40 16 37 24 11 29 31 19 10 60 75 66 51 84 61 58 59 58 57 68 73 76 78 44
7 4 0 1 11 10 3 6 9 17 9 23 57 48 16 9 19 25 52 55 68 87 54 29 25 36 77 77 84 43 84 71 68 68 88 82 63 77 51 63 52 87 41 67 49 39 35 24 26 25 22 19 44 82 68 77 68 79 89 65 41 46 55 72 74 58 67 62 49 16 21 29 54 48 54 33 17 28 32 40 47 13 63 69 65 76 83 86 92 72 85 87 74 44 78 32
10 9 3 1 9 6 4 8 12 10 13 24 38 42 14 5 39 40 34 40 46 62 75 73 53 36 59 70 83 77 75 86 83 54 55 44 47 75 32 43 89 77 56 39 30 42 29 38 46 51 51 25 33 60 60 69 66 81 82 67 60 73 71 74 78 38 62 66 50 22 21 45 61 55 38 67 28 20 32 37 44 29 19 59 66 85 77 50 51 66 66 82 74 45 58 68
12 5 4 2 4 3 2 16 8 8 7 14 54 31 10 5 35 21 33 47 46 60 69 67 71 43 50 25 46 75 64 70 74 65 64 62 48 38 53 87 53 69 35 22 35 61 45 49 55 58 46 44 27 32 28 53 67 72 82 62 50 62 61 84 79 52 62 74 31 11 13 38 34 44 81 64 33 33 15 43 34 50 48 19 57 79 77 73 73 65 48 45 62 40 26 46
6 6 2 2 1 1 1 9 9 3 15 31 52 47 11 4 20 5 20 58 57 60 28 39 65 51 54 41 68 90 83 79 56 69 52 34 40 33 66 42 42 38 20 54 79 60 53 54 42 33 31 31 26 24 10 15 48 65 81 51 68 64 82 89 87 50 77 61 50 27 16 28 52 69 87 41 31 65 26 39 38 44 56 40 17 63 66 49 32 46 42 40 31 44 44 41
14 10 6 2 2 1 1 2 6 8 11 38 23 15 24 8 24 5 3 15 20 51 34 31 31 19 38 57 79 89 68 75 79 74 67 41 23 36 77 23 53 55 69 76 78 57 72 34 24 33 61 58 65 62 57 24 10 7 38 50 53 64 81 88 87 62 90 66 64 51 28 31 51 86 70 31 60 57 30 25 45 53 54 45 35 11 30 52 42 43 26 40 62 69 56 53
7 5 2 2 1 1 1 0 3 9 15 18 19 7 7 3 24 8 3 22 19 25 17 25 34 31 26 52 29 58 62 61 63 54 19 31 44 47 51 27 67 67 83 70 62 47 79 71 73 54 57 53 54 37 44 16 7 7 9 36 63 84 77 86 79 53 79 74 40 30 37 56 48 69 43 53 76 61 57 64 52 56 42 41 46 31 9 18 22 29 47 57 65 66 62 50
3 3 3 2 2 1 1 1 1 2 8 14 15 10 5 3 24 6 2 11 8 10 12 19 14 31 32 42 28 9 24 30 24 19 43 48 65 80 53 51 31 68 92 61 40 77 71 62 76 57 58 46 32 39 38 44 23 11 12 57 79 75 83 88 84 82 77 83 67 27 47 37 40 20 30 72 63 32 54 36 43 42 39 38 46 33 41 18 7 31 50 67 75 66 62 36
6 2 6 8 4 3 3 3 2 2 5 9 8 5 5 2 9 3 1 4 8 7 6 7 11 23 23 26 28 19 8 7 12 33 40 72 80 56 60 69 48 83 88 60 73 68 64 42 86 61 71 57 67 72 71 55 34 13 16 26 70 63 84 84 79 72 78 84 73 45 32 46 50 45 49 55 66 84 44 51 32 26 47 40 26 43 58 52 19 19 25 22 33 40 41 33
19 16 10 17 14 9 10 8 4 1 2 3 3 4 3 3 3 2 2 3 3 4 2 3 8 11 15 16 18 29 5 7 13 31 77 82 62 44 69 75 64 74 80 66 59 67 63 57 84 68 57 71 59 67 67 52 35 17 11 14 19 59 75 79 71 63 80 73 49 19 30 59 30 51 74 64 75 50 27 62 36 37 43 42 68 50 32 37 46 45 37 15 8 8 14 16
29 14 23 22 24 16 22 11 5 4 1 1 1 2 3 2 3 2 1 1 3 3 2 2 2 3 14 12 12 5 8 3 18 68 62 66 27 58 84 68 50 53 63 27 35 84 55 77 83 78 56 71 81 54 28 29 31 35 28 16 20 35 56 66 66 63 46 54 28 25 45 46 40 58 68 76 61 45 54 61 57 30 46 73 69 66 48 43 48 50 59 51 30 10 5 10
29 31 37 22 31 25 16 14 11 10 8 3 1 1 1 1 2 2 1 1 1 1 1 1 1 2 9 17 7 6 9 2 29 54 37 24 34 75 86 72 38 44 42 33 78 67 50 53 87 85 47 54 54 70 53 30 9 17 18 27 24 30 23 33 21 43 50 46 19 40 55 53 47 45 67 61 54 62 33 19 56 49 56 67 72 56 52 45 34 42 54 45 38 17 12 4
44 30 39 41 37 22 20 23 12 13 8 7 5 2 1 0 1 1 0 1 1 1 1 1 1 2 2 11 2 3 9 3 14 30 13 23 31 53 51 56 43 47 27 68 73 29 55 88 85 78 78 36 21 29 22 27 10 13 25 36 23 36 22 14 15 29 22 20 18 47 46 63 36 59 65 58 74 41 48 34 59 34 31 38 46 66 65 47 37 29 49 39 42 33 26 9
31 22 45 47 18 26 11 12 23 17 10 9 7 5 3 1 0 0 0 0 0 0 1 1 0 1 1 1 1 11 4 2 3 5 7 30 34 46 80 58 52 38 50 53 50 45 50 88 83 74 92 70 44 56 50 27 12 8 4 12 37 22 18 11 13 24 17 14 24 36 54 60 53 28 35 35 47 44 40 51 14 62 44 52 55 63 58 61 67 48 46 48 50 56 30 18
18 34 70 44 39 21 37 19 31 25 13 12 8 3 2 2 2 1 1 1 1 1 0 0 0 0 0 1 2 9 1 2 3 2 12 33 40 12 34 30 45 35 34 49 38 45 65 86 81 81 84 85 45 29 22 17 16 19 13 3 5 12 11 10 12 16 12 15 15 35 45 62 55 57 19 32 50 42 23 27 52 33 26 57 62 58 62 68 58 71 59 68 65 56 39 29
25 41 62 39 33 30 18 20 34 22 19 15 9 7 3 5 2 3 3 3 2 3 1 1 2 1 0 0 1 4 1 2 3 3 9 12 13 17 12 6 31 43 26 19 31 70 82 82 75 64 78 78 60 44 46 52 44 28 18 6 2 9 7 5 10 8 8 11 23 34 32 43 39 37 47 44 35 54 83 83 71 75 50 55 51 50 55 63 74 63 77 71 62 60 56 47
26 57 24 29 36 28 25 14 29 25 10 7 15 6 5 4 4 4 4 4 5 4 3 3 2 2 1 0 0 2 1 1 2 4 7 8 10 16 14 6 13 47 31 12 38 48 83 74 35 30 42 67 82 73 54 48 37 25 11 5 2 9 5 3 4 5 9 18 26 33 33 39 44 59 72 74 65 83 81 78 70 53 39 28 31 52 72 65 63 68 75 76 73 75 63 55
56 21 30 25 20 31 30 20 9 11 14 17 15 12 5 7 6 6 6 11 10 6 8 4 6 2 2 0 0 1 1 1 2 3 8 9 15 13 12 4 7 17 23 7 26 32 61 37 18 23 48 56 80 74 66 45 38 26 11 7 2 4 3 2 7 6 11 28 27 33 36 36 66 72 86 71 78 70 75 55 25 20 23 47 17 50 64 60 75 84 75 60 43 37 28 24
19 24 41 62 53 36 13 7 9 24 21 17 9 16 13 12 11 17 14 14 12 13 8 10 7 3 1 1 0 0 0 0 0 3 5 16 24 13 15 5 4 5 8 2 8 18 13 21 25 39 43 66 85 75 67 63 51 38 30 13 3 2 3 1 5 9 14 11 12 24 46 48 56 61 64 68 71 59 41 33 38 28 51 53 81 58 40 66 83 72 57 59 57 52 44 40
43 54 45 15 13 19 23 10 18 30 26 23 20 19 16 24 14 20 19 23 10 20 17 13 7 3 1 1 0 0 0 0 0 1 3 8 7 12 15 8 9 6 7 2 6 12 21 53 67 70 86 68 85 80 73 54 54 28 18 10 3 3 2 1 1 3 5 15 24 23 39 64 40 47 46 62 64 25 15 29 27 39 69 59 78 56 77 63 68 59 59 61 55 60 61 52
47 28 36 34 31 18 25 13 34 32 30 31 44 27 36 30 27 38 30 19 20 21 25 8 9 4 3 1 1 0 0 0 0 1 2 3 10 19 19 5 3 5 5 4 6 15 42 29 59 61 59 53 90 83 74 44 28 16 10 4 3 1 1 0 0 2 7 22 34 25 35 55 48 35 30 41 27 31 52 51 34 65 66 60 71 79 64 58 60 56 46 55 59 66 59 72
26 22 15 13 12 10 6 20 40 35 37 53 38 45 42 41 49 20 17 39 28 32 25 10 5 3 3 2 1 1 0 0 0 0 2 1 1 6 11 5 3 4 5 5 12 16 8 21 39 76 45 62 80 62 66 51 30 15 6 3 2 1 0 1 0 1 6 12 38 26 29 12 25 38 29 44 47 49 45 41 43 70 63 57 65 63 38 64 37 45 56 66 66 47 75 75
15 21 32 35 29 17 15 25 39 57 54 51 39 48 66 63 40 24 26 49 32 19 16 11 6 4 4 3 2 1 1 1 0 0 2 2 1 1 1 1 1 2 3 4 9 8 12 25 64 22 21 47 83 63 46 26 17 13 11 6 2 1 0 0 0 1 4 7 13 19 21 16 38 29 37 47 60 72 70 69 66 86 63 43 41 51 64 81 76 54 54 57 49 58 63 57
26 47 32 56 25 24 27 44 44 59 57 24 26 52 50 39 31 29 42 65 27 19 18 13 7 6 4 3 2 1 1 1 1 0 0 1 1 1 1 1 1 2 2 2 3 7 14 8 45 15 34 63 80 48 25 20 15 6 4 5 2 2 0 0 0 0 2 2 7 11 21 30 44 42 69 71 82 53 38 28 79 78 78 53 19 53 74 89 84 77 80 51 71 54 49 80
43 45 65 56 30 48 45 49 67 61 46 32 38 59 42 59 23 36 66 34 24 18 22 19 16 11 5 3 1 2 1 1 1 1 0 0 1 0 0 0 0 1 1 2 3 6 9 10 5 11 36 71 76 42 27 21 8 7 5 3 2 1 1 0 0 0 2 7 13 19 28 36 51 62 72 65 33 35 28 72 77 79 82 83 42 57 83 84 72 67 62 69 51 55 37 55
58 64 39 29 39 49 48 69 37 51 23 46 51 79 62 44 26 61 20 15 37 20 14 9 10 9 8 6 5 3 3 3 2 1 1 1 0 1 1 0 0 0 1 2 3 8 3 9 2 4 24 55 85 72 31 18 11 4 5 2 2 1 1 0 0 1 4 11 26 30 32 41 49 47 42 50 45 60 74 80 73 78 67 81 72 62 66 37 22 19 49 81 70 50 32 36
70 52 38 28 39 53 65 16 61 26 32 52 70 74 51 28 59 48 29 13 13 20 7 7 12 11 18 7 11 9 5 5 2 2 1 1 1 0 0 0 1 0 1 2 2 4 1 5 1 7 15 10 49 58 27 12 5 3 2 1 2 2 1 0 0 2 5 8 12 18 23 26 35 40 63 69 68 69 73 64 70 61 46 72 66 46 37 47 62 67 82 40 56 52 31 28
35 53 40 34 48 70 72 26 56 50 67 50 79 49 35 47 59 25 28 24 52 28 14 11 17 28 18 24 18 21 7 3 1 3 2 1 1 1 0 0 0 1 1 1 2 0 2 4 1 5 7 33 43 22 20 15 12 6 2 1 2 2 1 1 0 0 3 6 12 12 15 21 35 33 34 35 37 38 84 46 67 72 53 49 41 28 63 68 67 81 76 60 46 59 59 57
85 36 55 55 67 44 51 61 60 49 59 58 50 43 42 73 33 43 36 64 53 30 34 26 15 36 41 37 47 24 15 4 1 1 1 1 1 1 1 0 0 1 1 1 1 1 9 2 1 5 32 39 53 14 11 17 7 5 4 2 2 1 1 0 0 0 1 2 5 8 3 11 11 14 30 46 46 48 74 65 53 67 85 42 31 49 50 60 78 70 64 74 57 58 46 57
79 93 88 90 85 58 16 10 58 34 66 75 84 77 60 67 64 74 55 67 52 50 48 41 38 48 63 65 29 28 14 8 7 4 2 3 1 1 2 0 0 0 1 1 0 0 1 1 0 5 12 47 40 9 13 11 11 5 2 3 2 1 1 0 0 0 3 4 6 14 20 31 49 45 28 30 47 78 73 75 77 56 56 68 37 44 63 64 54 38 74 86 56 46 58 66
62 87 73 80 76 61 75 34 55 45 21 39 81 86 89 61 46 54 66 65 61 55 65 49 62 61 71 52 49 41 26 16 10 9 7 2 2 2 2 1 0 0 0 0 1 1 1 0 0 3 9 5 18 5 17 7 9 7 3 2 2 1 1 0 0 1 4 7 11 25 44 37 25 42 65 45 61 77 77 89 77 62 55 47 13 24 29 48 69 81 87 64 84 55 53 61
46 85 61 77 76 63 87 62 41 73 51 41 69 78 73 63 72 51 78 87 88 70 58 43 78 65 66 53 37 27 27 20 18 16 11 6 3 2 1 1 1 0 0 0 1 1 1 0 0 1 2 5 23 11 25 18 7 8 3 3 1 1 0 0 1 2 5 4 11 22 43 57 64 54 72 76 79 77 69 85 82 50 31 26 14 24 48 67 61 90 62 71 81 84 58 58
50 79 66 62 80 54 63 25 46 75 57 32 12 57 67 65 73 56 53 81 85 49 72 37 69 55 69 51 41 18 26 40 34 28 21 6 2 2 2 1 0 0 0 0 1 1 1 0 0 0 2 7 22 4 5 2 7 9 7 2 1 0 0 0 1 2 5 5 11 19 34 50 45 32 33 47 83 59 80 80 87 84 24 15 13 31 61 41 72 84 71 80 67 62 44 66
14 39 25 51 73 58 57 14 47 80 43 24 16 31 67 63 67 62 30 35 63 44 40 59 28 25 75 42 21 13 6 10 17 12 12 10 4 4 4 1 1 0 0 0 0 1 1 1 0 1 2 10 7 14 6 2 3 2 1 1 1 0 0 0 0 1 2 3 6 11 20 17 26 42 46 62 88 89 72 62 77 81 61 15 7 23 25 49 79 68 62 29 22 30 43 62
14 42 68 50 59 39 69 45 57 81 65 34 31 27 64 79 48 10 11 22 33 18 26 65 35 15 57 43 51 15 1 12 24 18 7 13 10 6 2 1 0 0 0 0 0 1 1 0 0 2 3 7 2 4 3 3 1 0 1 1 1 0 0 0 1 1 1 2 3 9 18 24 44 45 56 80 88 87 82 46 50 63 57 23 7 16 37 62 58 30 30 60 60 59 64 75
23 13 13 18 26 41 72 26 62 63 83 50 27 22 25 19 14 11 11 28 21 20 13 55 17 39 46 32 51 62 23 12 12 9 10 12 9 5 3 2 1 0 0 0 0 0 1 0 0 1 3 6 1 2 2 5 1 1 1 1 0 0 0 0 1 2 11 8 13 30 44 65 72 56 70 92 88 87 80 58 13 30 47 39 9 17 33 59 43 46 86 65 47 54 41 76
25 32 13 14 25 41 64 54 34 53 74 48 17 8 27 26 11 28 9 11 18 15 13 55 16 11 39 29 37 48 27 19 22 7 4 4 1 2 1 1 1 1 0 0 0 0 0 0 0 1 3 3 0 1 1 1 2 2 1 0 0 0 0 0 1 2 4 14 36 46 76 52 32 49 80 92 86 76 73 74 58 15 42 36 8 17 36 36 28 70 69 50 64 79 22 11
27 35 24 14 21 14 58 64 52 22 76 40 12 4 20 19 25 29 18 11 15 18 4 19 42 4 13 13 40 64 21 5 10 6 9 8 5 4 2 1 1 1 1 0 0 0 0 0 0 1 4 3 1 1 1 1 1 1 0 0 0 0 0 0 0 2 5 18 29 31 16 23 48 56 75 76 82 71 62 43 58 21 13 16 16 29 23 19 59 84 46 59 67 75 67 23
38 25 23 9 9 11 39 68 28 25 59 50 26 4 17 17 35 28 21 15 15 25 11 11 63 9 14 14 33 33 38 23 20 22 14 8 7 4 3 1 0 0 0 0 0 0 0 0 1 2 5 3 1 1 1 0 0 1 1 0 0 0 0 0 1 4 17 20 14 12 29 39 55 86 75 64 79 46 28 22 48 25 12 3 5 20 23 42 80 54 43 56 78 64 65 32
67 14 24 11 8 11 23 30 8 7 66 40 5 2 13 15 33 24 32 22 24 18 17 12 24 12 6 14 22 19 29 36 17 9 8 3 4 4 3 2 1 0 0 0 0 0 0 0 0 1 3 2 1 0 0 0 0 0 0 0 0 0 0 0 1 6 8 5 5 11 36 47 77 83 81 57 37 54 16 17 42 14 4 2 9 30 41 57 65 25 55 83 74 69 79 41
16 24 10 9 7 5 8 13 9 14 46 18 8 3 8 12 28 8 21 14 12 16 14 10 16 23 9 4 2 12 13 27 11 6 7 5 2 1 2 1 1 0 0 0 0 0 0 0 1 2 3 1 1 1 0 0 0 0 0 0 0 0 0 0 1 3 2 1 8 27 39 48 80 85 66 48 31 36 37 10 14 11 3 3 11 16 36 61 35 37 75 67 65 66 61 52
14 9 20 19 7 6 2 4 3 4 13 5 16 6 4 9 24 8 5 16 6 4 2 16 18 27 3 3 1 3 17 28 25 10 5 2 2 1 1 0 0 0 0 0 0 0 0 0 0 1 1 1 0 0 0 0 0 0 0 0 0 0 0 0 2 1 0 3 14 28 44 74 70 68 60 50 30 21 36 11 6 6 3 3 11 15 43 49 33 26 33 51 45 40 57 63
25 13 9 20 21 12 9 3 2 6 5 4 12 13 4 7 13 13 4 5 3 4 3 33 14 16 7 1 1 1 3 6 20 16 7 3 2 1 1 0 1 1 0 0 0 0 0 0 1 1 1 1 1 0 0 0 0 0 0 0 0 0 0 1 0 0 1 6 16 50 57 77 74 54 29 12 8 8 12 11 8 2 1 3 7 11 28 25 16 12 32 27 19 35 53 66
28 16 7 10 13 20 7 2 1 5 6 2 3 5 2 4 7 10 3 3 2 1 1 4 1 3 12 1 1 1 1 3 15 17 6 3 3 7 4 2 1 0 0 0 0 0 0 0 0 0 0 1 1 0 0 0 0 0 0 0 0 0 0 0 0 0 1 3 18 72 67 63 77 64 29 12 3 1 3 6 4 2 1 1 5 10 20 10 7 24 34 43 71 59 72 65
59 26 12 4 8 13 19 2 3 6 8 3 1 3 2 1 4 9 2 1 1 1 0 2 0 1 5 3 1 2 0 1 6 30 14 5 2 1 1 1 0 0 0 0 0 0 0 0 0 0 0 0 0 1 0 0 0 0 0 0 0 0 0 0 0 3 5 16 38 42 75 77 57 68 53 21 10 4 1 1 3 2 0 0 1 3 4 2 7 21 31 69 72 62 58 62
39 69 21 9 2 4 3 3 3 5 4 2 4 1 2 1 1 8 3 1 1 1 0 1 1 0 2 3 1 1 1 0 2 7 22 9 3 3 3 2 1 0 0 0 0 0 0 0 0 0 0 1 0 0 0 0 0 0 0 0 0 0 0 0 1 4 8 6 15 38 64 54 44 39 60 25 9 3 1 0 0 0 0 0 1 1 1 4 13 25 56 62 40 54 64 63
7 53 60 28 10 4 1 6 2 2 2 2 5 2 1 1 1 8 3 2 1 0 0 1 2 0 1 1 1 2 1 0 2 2 2 15 3 1 2 1 1 0 0 0 0 0 0 0 0 0 0 0 0 0 0 0 0 0 0 0 0 0 0 0 1 1 1 6 46 51 51 46 30 31 28 21 9 3 3 1 0 0 0 0 2 6 6 3 9 29 30 23 29 51 68 61
4 22 29 42 14 6 2 5 4 1 3 2 2 2 3 2 1 2 5 1 0 0 0 0 1 0 1 1 0 1 1 0 2 2 2 1 11 4 3 1 1 0 0 0 0 0 0 0 0 0 0 0 0 0 0 0 0 0 0 0 0 0 0 0 1 1 4 7 33 60 50 63 44 10 9 13 7 6 3 2 0 0 0 0 2 5 14 25 9 9 9 22 41 54 77 55
9 12 10 22 8 4 3 3 4 3 2 1 2 3 2 2 1 1 3 1 1 0 0 1 2 1 1 1 0 1 2 1 0 1 1 3 4 1 5 1 0 0 0 0 0 0 0 0 0 0 0 0 0 0 0 0 0 0 0 0 0 0 0 0 0 1 3 14 32 40 75 59 52 24 7 3 5 3 2 1 0 0 0 2 3 6 18 41 36 30 35 24 43 54 79 66
5 9 3 9 9 8 5 3 3 2 1 1 1 1 1 2 1 1 1 1 1 0 0 0 0 1 1 1 0 0 0 0 0 1 2 4 3 1 7 1 1 1 0 0 0 0 0 0 0 0 0 0 0 0 1 0 0 0 0 0 0 0 0 0 0 1 3 7 28 20 60 52 35 25 27 6 5 2 1 0 0 0 0 1 5 11 20 35 52 47 48 48 42 68 91 77
6 4 4 2 4 2 2 2 8 5 2 0 1 1 1 1 1 1 1 1 1 1 0 0 0 1 0 1 1 0 0 0 0 0 6 9 3 2 1 1 1 1 0 0 0 0 0 0 0 0 0 0 0 0 0 0 0 0 0 0 0 0 0 0 0 1 3 18 33 44 47 53 38 20 12 11 4 2 0 0 0 0 1 0 1 8 13 24 38 27 50 56 74 91 90 74
2 4 2 2 1 1 1 1 1 1 1 1 0 0 0 0 0 0 0 1 1 0 0 0 0 1 0 0 0 0 0 0 1 2 3 4 7 15 12 5 1 1 0 0 0 0 0 0 0 0 0 0 0 0 0 0 0 0 0 0 0 0 0 0 1 3 11 27 34 48 49 48 39 26 6 3 3 1 0 0 0 1 3 2 2 1 3 7 13 33 39 68 66 89 87 66
1 2 1 1 0 0 0 0 0 0 0 0 0 0 0 0 0 0 0 0 0 0 0 0 0 0 0 0 0 0 0 0 0 0 1 1 1 1 1 0 1 0 0 0 0 0 0 0 0 0 0 0 0 0 0 0 0 0 0 0 0 0 0 0 1 1 3 8 28 46 27 49 22 13 4 2 1 1 0 0 0 1 3 5 15 9 13 13 28 52 59 64 78 77 64 48
0 0 0 0 0 0 0 0 0 0 0 0 0 0 0 0 0 0 0 0 0 0 0 0 0 0 0 0 0 0 0 0 0 0 0 0 0 0 0 0 0 0 0 0 0 0 0 0 0 0 0 0 0 0 0 0 0 0 0 0 0 0 0 0 1 2 3 8 15 13 19 27 20 7 2 1 1 0 0 0 0 0 1 3 6 20 35 36 52 76 70 52 66 47 51 38
1 0 0 0 0 0 0 1 0 0 1 1 1 2 0 0 0 0 0 0 0 0 0 0 0 0 0 0 0 0 0 0 0 0 0 0 0 0 0 0 1 0 0 0 0 0 0 0 0 0 0 0 0 0 0 0 0 0 0 0 0 0 0 0 0 2 2 11 9 11 18 10 8 2 1 0 0 0 0 0 0 1 2 5 7 24 66 61 26 35 73 83 50 16 18 30
3 1 0 1 1 1 1 2 1 2 3 5 6 4 2 1 1 0 0 0 0 0 0 0 0 0 0 0 0 0 0 0 0 0 0 0 0 0 0 0 0 0 0 0 0 0 0 0 0 0 0 0 0 0 0 0 0 0 0 0 0 0 0 0 1 2 4 3 5 7 7 4 5 1 1 0 0 0 0 1 1 2 4 9 28 36 27 9 20 57 87 80 72 17 7 9
7 2 1 4 4 5 5 5 6 8 7 7 6 10 4 2 1 1 1 0 0 0 0 0 0 0 0 0 0 0 0 0 0 0 0 0 0 0 0 0 0 0 0 0 0 0 0 0 0 0 0 0 0 0 0 0 0 0 0 0 0 0 0 0 1 2 5 3 1 1 3 3 1 1 0 0 0 0 0 1 3 3 9 23 21 7 4 10 30 76 82 64 36 33 3 1
10 6 3 12 11 20 11 13 24 14 22 12 20 11 7 4 5 2 0 1 1 0 0 0 0 0 0 0 0 0 0 0 0 0 0 0 0 0 0 0 0 0 0 0 0 0 0 0 0 0 0 0 0 0 0 0 0 0 0 0 0 0 0 0 1 2 4 3 1 2 1 1 0 0 0 0 0 0 0 1 3 8 6 5 2 2 7 21 42 62 60 50 17 34 6 1
20 15 9 25 43 64 43 34 53 41 35 23 48 33 25 14 4 1 1 3 1 0 0 0 0 0 0 0 0 0 0 0 0 0 0 0 0 0 0 0 0 0 0 0 0 0 0 0 0 0 0 0 0 0 0 0 0 0 0 0 0 0 0 0 1 2 7 3 1 1 1 0 0 0 0 0 0 0 0 1 3 3 2 0 2 7 14 43 59 41 43 22 9 12 17 1
59 63 46 33 36 36 22 12 38 22 21 19 21 31 30 8 7 6 5 5 2 0 0 0 1 0 0 0 0 0 0 0 0 0 0 0 0 0 0 0 0 0 0 0 0 0 0 0 0 0 0 0 0 0 0 0 0 0 0 0 0 0 0 0 0 2 7 6 1 1 0 0 0 0 0 0 0 0 0 1 1 0 0 1 4 10 18 59 65 82 30 4 3 4 8 1
47 34 58 35 28 38 33 23 16 13 19 29 16 11 20 37 26 7 1 1 1 0 0 0 0 0 0 0 0 0 0 0 0 0 0 0 0 0 0 0 0 0 0 0 0 0 0 0 0 0 0 0 0 0 0 0 0 0 0 0 0 0 0 0 0 1 3 8 3 1 0 0 0 0 0 0 0 0 0 0 0 0 2 4 6 10 34 31 46 55 46 7 1 0 3 2
47 15 44 40 13 5 14 19 24 21 9 8 39 11 13 26 11 7 3 2 1 0 1 0 0 1 0 0 0 0 0 0 0 0 0 0 0 0 0 0 0 0 0 0 0 0 0 0 0 0 0 0 0 0 0 0 0 0 0 0 0 0 0 0 0 0 1 4 3 1 0 0 0 0 0 0 0 0 0 0 0 1 2 4 13 24 32 26 19 16 44 10 2 0 0 1
