sesion_6_simulaciones/modelos_agentes/ejemplos_netlogo/scenarios/cgcm2_b2/rob_2051.asc
NCOLS 322 
NROWS 307 
XLLCORNER 451900 
YLLCORNER 4086900 
CELLSIZE 100 
NODATA_value -9999 
[rows 74 to 147 of 307, columns 0 to 95 of 322]
0 0 0 0 0 0 0 0 0 0 0 0 0 0 0 0 0 0 0 0 0 0 0 0 0 0 0 0 0 0 1 0 2 2 2 6 11 10 9 7 3 6 3 1 1 0 2 2 2 4 1 3 2 1 3 1 2 3 2 3 2 10 8 10 4 3 3 6 9 14 25 15 9 5 27 60 32 34 49 68 73 31 46 56 60 23 12 10 18 12 14 16 12 13 21 16
0 0 0 0 0 0 0 0 0 0 0 0 0 0 0 0 0 0 0 0 0 0 0 0 0 0 0 0 0 0 0 0 1 2 7 13 7 7 24 16 4 7 7 4 1 0 1 2 2 2 3 3 2 1 2 3 1 1 1 1 2 4 14 19 6 8 16 12 10 4 7 16 16 11 18 67 32 15 12 51 51 45 45 33 15 42 40 16 16 13 16 29 27 18 13 53
0 0 0 0 0 0 0 0 0 0 0 0 0 0 0 0 0 0 0 0 0 0 0 0 0 0 0 0 0 0 0 0 0 1 2 8 9 17 13 7 8 23 8 4 4 2 2 2 1 3 5 2 3 2 3 1 7 2 1 0 2 13 8 16 17 16 23 22 29 16 14 6 6 5 16 66 75 31 19 15 40 47 32 14 14 60 56 50 40 12 8 6 33 40 28 40
0 0 0 0 0 0 0 0 0 0 0 0 0 0 0 0 0 0 0 0 0 0 0 0 0 0 0 0 0 0 0 0 0 0 3 3 4 6 3 4 26 7 8 6 10 12 4 1 2 4 3 3 3 2 5 2 2 2 1 2 5 9 9 20 11 18 23 26 29 31 30 29 27 21 11 21 52 42 31 11 39 61 20 12 45 67 20 61 48 30 14 32 46 45 40 27
0 0 0 0 0 0 0 0 0 0 0 0 0 0 0 0 0 0 0 0 0 0 0 0 0 0 0 0 0 0 1 1 1 1 3 3 2 3 5 11 9 19 7 9 12 33 11 8 11 6 6 3 3 2 1 1 3 3 6 7 6 4 6 4 11 18 21 35 32 28 30 43 30 29 15 5 7 20 24 15 25 27 21 24 54 26 19 12 13 37 27 34 26 34 39 40
0 0 0 0 0 0 0 0 0 0 0 0 0 0 0 0 0 0 0 0 0 0 0 0 0 0 0 0 0 0 0 1 7 16 26 20 11 4 10 13 14 28 17 4 5 8 24 27 44 43 30 15 8 7 4 2 2 4 7 8 3 3 4 3 4 7 7 4 10 28 35 30 31 34 24 20 12 22 9 7 19 26 22 34 52 23 36 25 13 28 34 54 70 61 49 50
0 0 0 0 0 0 0 0 0 0 0 0 0 0 0 0 0 0 0 0 0 0 0 0 0 0 0 0 0 1 0 1 1 8 32 47 12 5 7 20 18 13 29 17 6 5 11 28 62 68 79 81 67 23 16 8 7 8 5 7 6 4 3 1 7 9 5 10 11 24 36 26 33 37 33 19 18 8 5 1 9 24 24 34 38 34 17 18 18 25 63 64 68 42 43 64
0 0 0 0 0 0 0 0 0 0 0 0 0 0 0 0 0 0 0 0 0 0 1 6 1 0 0 0 0 1 1 1 1 1 3 21 16 7 5 14 29 54 20 37 29 13 9 3 3 8 24 36 54 68 50 22 10 5 6 5 3 7 3 14 3 2 5 4 6 13 14 38 34 37 40 24 8 1 4 3 6 13 14 37 20 33 44 45 27 21 15 11 33 25 30 45
0 0 0 0 0 0 0 0 0 0 0 0 0 0 0 0 0 0 0 5 5 6 13 4 15 4 1 0 0 0 0 2 2 5 7 3 3 3 2 10 12 11 15 35 21 16 19 12 4 1 1 2 6 27 27 56 28 14 6 30 38 17 11 5 19 11 4 7 2 3 14 26 45 31 21 22 14 9 9 18 7 6 21 50 21 43 46 45 42 46 29 14 11 28 54 68
0 0 0 0 0 0 0 0 0 0 0 0 0 0 0 0 0 4 8 11 1 3 1 0 1 1 1 0 1 2 1 2 2 1 4 5 3 3 8 12 27 35 11 8 5 6 7 5 1 3 4 1 9 5 7 15 31 23 49 43 12 6 6 8 18 5 5 9 11 9 46 40 40 27 23 27 30 37 23 11 18 14 43 50 31 62 61 83 63 61 62 50 14 11 13 13
0 0 0 0 0 0 0 0 0 0 0 0 0 0 0 0 1 3 0 1 1 1 0 0 0 1 1 1 5 4 7 1 1 4 10 7 3 8 10 12 22 34 34 23 2 1 2 4 3 2 1 12 35 20 17 13 9 30 62 17 12 10 5 5 11 8 12 9 26 35 30 32 30 26 26 26 31 28 37 10 15 12 21 19 32 68 32 52 61 76 48 54 53 29 19 12
0 0 0 0 0 0 0 0 0 0 0 0 0 0 0 0 1 1 0 0 0 2 0 0 0 0 1 0 0 0 1 0 2 7 5 8 2 21 13 16 29 27 40 35 16 18 26 18 22 26 18 24 34 28 19 12 20 25 14 17 16 24 17 10 6 3 3 26 24 16 26 19 51 23 19 46 33 28 28 19 15 10 11 26 7 47 37 67 64 78 81 82 65 40 22 16
0 0 0 0 0 0 0 0 0 0 0 0 0 0 0 0 0 0 0 0 1 0 0 0 1 1 1 0 0 0 1 1 2 3 3 5 3 10 10 23 32 17 35 24 15 21 28 19 15 24 27 13 19 22 19 20 33 13 17 24 34 19 8 6 6 7 7 4 7 13 8 21 10 8 45 33 23 26 53 31 33 16 9 17 33 41 39 33 67 63 52 51 71 28 22 16
0 0 0 0 0 0 0 0 0 0 0 0 0 0 0 0 0 0 0 0 0 1 1 4 5 3 4 10 5 1 1 0 1 1 1 1 4 7 9 16 26 11 6 10 10 16 29 4 12 19 15 20 20 32 24 16 19 10 17 20 30 9 11 6 9 11 26 34 30 17 23 14 15 12 10 9 37 47 16 27 27 18 17 12 16 19 31 42 53 61 13 30 46 48 20 14
0 0 0 0 0 0 0 0 0 0 0 0 0 0 1 0 0 0 1 1 1 1 1 1 15 10 10 12 4 14 10 7 4 1 0 2 2 6 4 10 8 4 15 8 20 24 30 9 15 29 12 10 19 37 24 8 15 9 16 23 12 2 1 5 16 5 3 14 36 13 21 19 12 15 22 13 16 22 18 15 9 14 27 23 13 14 11 7 20 19 10 31 15 39 29 18
0 0 0 0 0 0 0 0 0 0 0 0 0 0 0 0 0 1 0 0 2 0 1 5 8 21 22 17 10 12 11 15 3 11 5 4 1 1 2 1 2 5 6 8 11 14 17 5 7 17 7 15 5 25 33 6 13 6 37 13 8 8 9 16 17 4 3 2 51 18 20 13 13 11 12 30 31 49 45 42 54 35 18 12 31 36 30 25 9 6 12 25 28 11 22 15
0 0 0 0 0 0 0 0 0 0 0 0 0 0 0 1 2 0 1 1 0 0 7 15 36 4 31 29 9 18 17 16 10 21 8 14 13 4 1 0 1 3 3 2 8 17 5 7 8 8 8 19 13 29 2 17 28 11 17 4 3 14 20 11 7 7 4 3 15 71 59 32 15 43 41 42 69 59 21 30 53 43 53 48 41 41 37 33 22 9 4 17 17 8 4 2
0 0 0 0 0 0 0 0 0 0 0 0 0 2 1 0 2 4 1 1 3 2 1 10 24 9 5 44 43 13 5 33 14 28 26 44 15 8 8 1 5 5 6 1 1 2 4 3 5 6 35 45 55 36 48 12 4 15 3 2 3 14 8 3 2 3 24 21 7 7 30 28 70 89 69 48 27 22 67 35 9 36 53 44 33 35 36 30 23 8 5 5 3 2 3 10
0 0 0 0 0 0 0 0 0 0 0 0 0 0 0 4 5 4 4 1 1 2 1 13 4 17 21 33 67 32 4 4 4 8 10 26 13 20 34 13 7 2 13 19 20 20 21 7 16 49 69 46 16 21 47 59 28 5 8 8 5 14 6 5 6 8 7 7 18 8 10 12 8 12 10 58 28 27 17 34 48 18 23 54 38 35 35 22 23 20 9 2 7 15 6 10
0 0 0 0 0 0 0 0 0 0 0 0 0 0 0 0 4 9 24 8 1 17 3 2 2 7 4 1 20 22 46 9 3 2 15 5 11 40 14 8 24 5 11 30 47 31 21 37 49 52 76 70 34 65 58 71 37 50 32 25 13 17 3 5 4 6 3 10 9 5 5 3 8 8 8 20 17 24 18 20 32 53 27 30 36 32 15 18 9 5 11 16 21 4 3 4
0 0 0 0 0 0 0 0 0 0 0 0 1 2 1 1 1 12 4 9 5 6 5 6 2 13 4 4 2 28 66 31 6 5 5 17 9 17 49 11 44 4 14 55 52 47 44 69 64 84 81 70 61 89 80 80 61 64 57 17 19 17 3 5 3 7 15 37 19 14 7 25 28 22 15 9 12 27 33 24 14 14 39 36 28 14 15 7 7 20 23 16 25 20 10 5
1 0 0 0 0 0 0 0 0 0 0 0 1 1 2 1 2 2 4 6 7 14 2 6 4 10 12 3 3 9 42 50 25 16 4 9 2 8 42 11 38 8 19 48 50 53 74 78 76 87 82 45 71 66 67 62 57 74 16 11 32 12 7 6 8 6 13 24 24 14 55 17 7 12 15 24 57 56 54 40 31 22 21 25 14 8 18 17 17 24 39 29 15 9 12 10
0 0 0 0 0 0 0 0 0 0 0 1 1 1 1 2 4 1 1 2 4 6 3 7 15 6 19 12 9 3 28 61 7 7 9 10 3 29 56 47 57 49 26 37 58 72 89 85 64 85 64 19 46 13 28 62 75 66 28 60 53 45 16 4 5 7 13 12 14 44 13 23 30 11 17 44 35 24 48 55 54 24 10 9 7 11 22 42 39 38 37 38 17 17 15 23
1 1 0 0 0 0 0 0 0 0 0 1 8 2 1 2 2 3 5 4 1 1 5 19 29 32 16 25 14 7 30 57 9 7 26 23 7 24 14 48 66 85 49 50 60 64 88 84 42 63 19 27 16 7 3 6 56 74 74 70 43 64 10 8 32 47 11 4 13 13 21 40 16 46 49 13 34 57 42 58 45 45 42 17 26 30 43 44 55 36 52 46 34 36 30 40
1 2 0 0 0 0 0 0 0 0 0 0 5 14 2 5 2 6 9 11 16 8 10 17 20 30 26 44 28 27 14 37 15 16 19 8 12 34 16 26 37 75 65 68 61 62 87 93 82 65 34 17 4 5 2 4 6 5 79 66 65 19 8 35 20 29 22 10 8 7 30 25 50 34 25 16 18 11 36 42 60 62 42 28 34 52 46 42 60 30 75 34 37 36 26 29
0 8 4 0 0 0 0 0 0 0 0 1 1 2 12 16 2 5 16 14 17 12 18 40 46 54 54 44 43 48 7 29 45 28 21 14 13 19 9 4 12 67 20 29 28 33 78 82 75 42 29 32 23 21 9 14 4 15 9 10 14 15 28 37 31 15 13 7 9 14 14 28 22 21 11 8 12 30 37 53 56 60 40 40 32 45 53 27 54 45 76 47 46 24 34 43
0 0 5 1 0 0 0 0 0 0 0 2 2 2 10 2 27 5 5 7 12 8 3 5 11 25 31 16 43 46 24 57 75 53 23 47 21 25 21 6 43 61 54 31 35 38 16 41 59 16 29 39 32 26 39 23 12 33 18 31 21 11 27 34 23 13 13 7 18 8 4 5 31 29 24 20 29 40 39 48 44 55 46 43 42 37 47 40 70 70 23 45 52 49 50 33
0 0 0 1 1 0 0 0 0 0 0 1 2 1 1 6 7 33 10 11 5 17 15 19 33 38 36 21 9 11 12 60 56 39 58 64 74 63 17 15 50 45 82 62 54 44 41 15 8 17 44 42 33 30 19 37 39 27 24 21 31 25 41 35 20 13 10 15 22 5 3 8 11 19 23 41 34 42 42 46 41 40 34 48 50 35 36 41 58 10 29 44 35 14 8 22
0 0 0 1 1 0 1 0 0 0 0 1 2 3 5 5 4 5 9 12 20 32 27 33 43 63 43 45 32 14 8 6 45 65 66 34 83 65 43 65 72 28 74 50 81 75 39 18 14 9 28 41 35 31 41 22 42 33 35 23 39 43 65 63 30 12 6 5 14 4 4 6 4 6 6 30 27 30 36 36 40 32 36 47 25 52 42 65 29 21 40 41 42 26 23 37
0 0 0 1 2 0 1 0 0 0 0 2 6 4 2 3 3 8 8 10 24 28 58 46 50 44 66 49 23 25 21 18 9 41 58 19 27 21 73 51 45 17 79 46 25 11 31 22 29 18 27 44 53 45 36 22 15 22 5 12 26 20 44 44 4 11 11 4 9 10 19 15 6 14 18 7 28 29 32 32 24 50 21 9 27 62 34 60 25 11 20 25 27 24 37 41
0 0 0 1 1 1 0 0 0 0 0 1 1 1 11 12 7 5 5 6 8 19 59 63 31 28 33 39 47 43 31 37 21 8 8 25 12 23 76 22 18 31 58 25 25 18 39 28 29 22 12 30 37 42 29 20 17 18 9 13 13 10 12 7 10 12 10 7 8 18 20 5 17 21 16 15 33 31 31 26 59 19 19 28 32 47 37 28 30 6 7 22 25 40 43 58
0 0 0 1 2 1 0 0 0 1 1 1 1 1 3 3 15 16 28 32 20 28 24 19 11 5 19 36 44 34 51 54 20 11 3 6 19 54 37 34 8 60 75 39 37 36 34 42 46 12 18 27 24 26 17 22 19 9 12 5 8 4 9 25 24 11 12 15 18 17 19 12 7 29 12 16 25 20 25 46 26 19 28 19 37 15 35 43 50 23 16 21 34 37 26 55
0 0 0 1 2 1 1 0 1 0 1 0 1 5 5 14 13 20 29 22 23 44 24 17 21 21 8 18 29 20 22 17 11 22 21 23 42 31 47 25 30 38 59 61 51 41 18 23 27 10 9 31 40 48 47 31 19 11 23 41 32 18 12 18 9 5 35 31 16 13 10 62 43 23 20 11 11 14 17 35 14 24 23 9 25 21 36 48 31 49 33 42 33 48 43 51
0 0 0 0 6 4 2 0 0 0 0 3 4 28 14 44 24 11 21 37 38 37 47 25 19 22 20 13 23 23 13 14 21 30 35 37 15 19 27 29 27 10 17 39 46 27 6 12 11 13 18 23 21 22 18 18 22 8 47 48 29 30 8 8 14 9 35 81 70 46 32 24 56 69 31 15 16 19 33 21 5 33 11 20 23 38 16 18 22 33 50 41 67 46 24 30
0 0 0 0 1 2 1 0 0 1 0 2 2 6 28 26 37 46 33 39 31 23 42 21 13 13 8 6 5 7 17 18 29 30 17 34 32 30 25 20 8 17 32 10 44 34 27 25 21 10 9 10 11 37 29 28 23 8 13 15 16 14 31 17 26 32 21 61 71 64 14 28 33 20 59 43 14 17 19 16 28 37 14 63 38 31 30 38 30 38 52 61 32 30 28 15
0 0 0 0 0 5 7 1 0 0 1 1 1 3 3 4 2 6 19 33 32 30 42 51 30 20 24 20 10 7 12 4 8 15 16 27 30 21 29 11 6 24 14 18 45 29 29 23 24 13 11 11 13 29 46 7 13 13 27 24 19 44 38 47 54 31 38 27 65 44 50 22 20 23 25 45 35 40 32 39 17 29 32 48 40 48 45 21 30 76 45 24 43 32 38 34
0 0 0 0 0 1 2 0 0 0 1 1 5 5 15 13 6 3 10 28 37 58 65 67 60 25 17 8 4 6 6 2 2 4 9 9 18 21 15 17 18 22 9 33 7 4 12 15 18 16 22 25 14 29 22 22 18 31 37 13 34 35 21 23 82 44 39 22 10 62 72 33 39 18 48 63 56 74 57 49 38 34 17 45 71 51 65 55 54 65 59 36 50 52 56 36
0 0 0 0 0 0 2 1 0 0 0 3 2 5 14 9 8 26 13 44 75 53 31 40 50 27 22 20 8 1 6 8 13 6 3 8 22 22 5 13 30 33 31 29 11 7 14 29 33 35 19 46 34 38 28 19 21 12 12 39 25 14 14 22 20 53 32 28 14 31 54 81 69 24 10 47 31 66 17 10 38 72 9 30 11 44 45 78 77 67 81 57 55 56 55 53
0 0 0 0 0 0 2 6 0 1 1 3 2 2 2 8 29 29 24 12 13 49 57 38 40 29 41 50 29 12 10 21 16 15 16 6 6 13 12 16 17 26 25 25 20 18 36 37 26 27 29 22 33 27 25 34 44 53 30 14 34 18 13 50 18 42 50 27 17 16 50 64 67 49 25 34 9 54 31 16 4 40 29 29 33 66 29 38 18 13 52 37 45 76 58 72
0 0 0 0 0 0 2 0 0 0 1 3 7 2 4 13 19 22 24 22 16 5 42 71 54 49 43 44 48 20 19 27 14 16 29 34 13 6 6 14 23 20 13 45 24 26 24 56 56 36 48 22 32 61 77 72 40 29 24 21 25 62 38 12 49 19 48 39 26 7 50 53 46 63 23 35 11 54 68 22 13 55 17 29 30 8 40 28 11 25 78 45 26 65 82 81
0 0 0 0 0 0 2 0 0 0 0 2 5 3 1 6 12 22 28 38 32 28 12 31 36 36 14 16 38 19 15 15 11 9 13 21 16 11 8 17 14 8 9 8 31 35 27 42 32 20 18 46 28 22 20 14 20 12 25 32 25 43 51 22 24 46 8 57 40 13 36 62 47 59 31 29 15 59 25 24 6 73 36 25 38 29 16 29 24 39 65 79 33 33 69 75
1 0 0 0 0 0 2 0 0 0 0 0 2 2 2 5 6 9 32 52 51 30 20 9 7 4 14 9 2 4 14 2 4 9 17 11 14 20 16 11 24 21 26 22 31 36 29 29 20 23 39 45 43 55 30 45 43 32 22 39 18 26 37 38 24 68 37 49 68 28 19 34 64 37 61 26 19 56 40 63 50 59 83 42 35 35 15 41 28 17 45 82 46 22 23 69
3 0 0 0 1 0 2 1 0 1 0 0 0 2 5 4 13 12 25 33 39 27 16 22 11 13 13 6 1 2 7 5 5 7 7 10 19 18 11 20 35 29 26 23 14 25 29 26 25 54 40 61 46 44 41 58 56 46 40 48 36 43 24 41 21 61 52 28 69 51 11 36 52 36 72 33 45 34 41 35 61 37 79 59 21 36 34 63 27 17 19 60 49 25 44 38
2 1 0 0 0 0 1 0 1 0 0 0 1 2 2 4 8 12 19 26 29 28 25 20 31 23 26 15 4 2 2 1 1 7 8 5 17 16 8 7 25 22 16 12 24 16 20 17 14 43 61 59 62 44 25 40 70 38 58 56 56 61 29 13 18 17 39 25 43 60 33 25 26 70 55 46 66 35 47 73 60 34 52 76 33 36 20 19 20 26 26 63 47 53 35 13
6 2 1 0 0 1 0 0 1 0 0 1 1 4 3 3 23 21 53 50 36 58 39 43 17 20 25 24 16 2 1 2 12 10 24 24 17 28 27 21 23 19 18 14 15 13 14 23 20 17 15 27 18 33 54 60 73 34 87 76 30 68 42 47 47 22 13 10 29 47 26 44 26 52 15 46 82 66 42 59 71 65 54 83 30 32 34 19 22 9 32 49 50 25 17 20
2 3 4 1 1 1 0 0 1 0 1 0 0 5 6 5 4 14 13 6 15 7 11 19 34 44 26 25 36 8 3 20 17 20 10 7 17 14 13 39 32 12 20 31 27 26 36 40 22 41 44 20 39 61 53 67 53 65 62 69 31 58 69 44 58 69 65 42 20 53 54 69 59 40 38 51 72 75 58 57 60 64 49 79 74 48 11 13 16 28 40 51 63 33 16 10
0 1 2 2 4 1 1 0 0 0 1 1 0 3 13 18 14 8 22 17 11 21 17 28 52 27 32 36 37 34 14 64 25 10 16 9 30 32 34 42 61 34 42 42 36 45 27 38 28 35 41 29 16 47 26 36 71 75 58 61 66 76 81 72 29 67 63 63 49 31 39 61 20 39 42 50 69 56 74 73 55 38 40 81 73 44 47 13 19 39 28 56 49 48 38 25
3 0 0 1 1 1 1 0 0 2 2 1 1 2 2 2 3 10 6 34 18 24 27 30 29 29 46 34 37 26 29 64 21 26 22 17 26 28 30 49 58 32 36 46 34 42 16 20 42 26 26 36 16 11 12 12 48 64 71 76 71 64 72 85 58 44 58 56 43 23 11 19 31 27 39 57 65 80 63 41 34 25 78 69 72 39 29 28 18 25 33 55 20 13 17 49
15 4 1 1 2 1 1 0 1 3 1 1 4 1 10 2 1 5 8 21 37 38 11 17 22 33 37 18 46 40 55 34 34 42 17 11 14 29 61 57 27 24 32 55 55 40 19 18 16 45 28 25 36 28 14 8 20 23 19 48 40 39 64 77 74 51 26 12 13 20 15 16 19 23 32 33 67 58 47 30 10 20 76 62 72 61 33 32 10 32 42 64 61 51 25 13
3 7 4 1 3 1 0 0 1 1 0 4 2 3 21 1 4 4 15 32 20 14 4 22 12 5 28 13 45 55 50 50 53 28 15 28 37 36 60 44 26 45 27 31 50 21 19 25 12 35 23 16 30 15 27 18 16 25 27 10 23 36 41 53 55 29 23 36 29 41 23 15 18 24 25 13 43 35 37 19 15 7 30 20 40 70 34 41 13 43 61 49 40 37 42 17
4 1 1 2 2 4 1 0 1 1 0 3 2 5 2 13 6 10 7 10 16 4 20 17 14 8 22 17 41 31 34 33 44 19 34 39 45 31 47 38 30 40 29 31 42 21 23 23 16 52 32 24 38 37 30 24 41 39 50 32 21 26 10 19 8 9 26 41 42 43 39 21 17 10 11 12 20 21 20 16 16 10 11 12 25 36 13 32 11 33 57 53 32 19 73 50
3 3 4 1 1 1 1 1 1 1 0 0 3 5 1 25 18 5 10 8 17 7 9 16 15 18 48 33 39 25 37 45 17 33 35 53 36 33 61 22 34 46 22 35 36 53 18 36 18 44 31 36 34 50 24 33 33 47 37 43 42 48 23 20 20 14 37 29 34 22 12 8 33 17 11 6 8 19 12 9 8 5 7 18 23 19 16 23 12 63 68 70 68 27 9 19
1 3 2 3 2 2 2 1 0 1 2 1 12 15 10 1 14 9 6 14 19 9 14 31 22 20 47 24 17 11 16 23 31 62 37 29 35 12 40 21 34 30 36 32 20 26 27 35 42 45 42 43 33 41 37 51 53 36 45 37 55 32 20 40 13 22 26 39 18 13 21 43 33 27 27 28 7 5 12 9 9 11 6 21 11 10 33 10 23 63 58 55 75 41 44 11
5 2 2 3 1 0 1 1 1 1 1 2 1 7 7 2 3 9 5 10 6 6 10 25 19 43 31 26 12 12 22 51 24 32 51 35 26 29 42 15 31 27 14 17 17 35 11 23 23 8 25 13 30 47 55 59 67 52 28 43 34 39 34 25 59 21 29 31 34 59 46 31 17 16 21 25 24 27 27 25 28 27 11 9 9 19 36 22 35 50 23 44 78 59 59 38
6 7 6 5 2 1 0 1 2 2 2 1 1 5 4 5 9 5 6 5 8 10 7 6 10 8 15 21 19 31 24 40 16 27 48 29 20 24 16 26 23 24 18 35 46 29 14 39 60 33 47 37 56 67 60 36 45 53 50 36 42 41 58 44 55 44 40 39 59 16 11 13 16 7 4 7 23 18 28 30 30 21 18 7 5 17 40 15 19 10 17 49 86 48 63 51
1 1 2 5 8 9 3 1 4 11 8 4 3 1 1 9 5 4 13 21 41 31 35 15 34 10 9 20 27 20 26 16 14 27 47 32 21 16 13 18 31 67 35 21 35 36 45 21 54 66 79 57 69 82 66 42 58 44 27 28 28 32 59 37 39 48 43 51 20 18 21 29 45 27 25 18 8 21 34 45 32 8 5 7 5 18 31 16 17 14 20 74 76 37 44 81
1 1 1 4 6 6 12 11 5 3 6 2 1 1 1 2 6 8 13 13 34 58 47 19 21 34 51 39 39 16 55 28 24 22 26 23 14 15 32 28 44 9 34 63 27 49 54 41 33 73 73 79 40 68 62 61 46 64 51 46 42 48 17 44 53 58 58 23 27 27 40 56 40 44 56 30 15 30 38 41 13 7 4 9 6 15 7 7 15 18 39 77 50 65 38 79
7 6 3 2 7 2 3 7 3 5 2 2 2 1 5 2 8 7 21 25 11 49 47 63 69 75 63 61 50 24 40 29 20 27 36 57 43 62 70 58 58 63 45 74 36 50 73 72 25 23 17 70 71 40 65 42 32 79 64 58 32 40 46 54 56 58 42 46 44 55 45 25 38 33 32 25 40 27 16 16 7 4 4 5 4 8 5 6 8 9 19 57 30 49 15 38
5 10 7 4 5 3 1 2 1 1 1 1 1 1 3 2 1 4 27 54 21 7 43 79 57 74 62 75 75 81 68 77 76 80 49 68 16 62 78 51 66 82 45 71 76 44 72 41 78 53 30 81 66 60 63 56 82 82 45 65 38 24 37 39 37 45 36 25 23 29 28 31 21 32 33 43 44 29 5 2 6 3 2 3 2 3 4 8 9 23 34 56 19 22 22 18
3 6 30 2 18 19 6 7 4 3 3 4 4 6 6 2 5 5 5 35 23 6 7 20 20 15 50 68 67 71 71 66 77 69 51 64 73 62 66 75 45 80 78 44 65 57 75 45 71 83 54 59 62 43 32 77 67 66 49 64 58 27 30 29 53 42 43 49 50 49 53 35 43 34 51 43 20 9 6 2 1 1 1 2 2 1 3 6 7 12 32 36 7 9 12 14
9 6 3 19 22 27 15 18 14 11 3 8 11 10 4 4 8 6 15 5 2 3 12 6 8 19 42 36 46 60 65 71 38 58 44 73 69 67 70 72 62 71 65 63 67 67 71 77 27 65 55 31 73 22 45 76 60 25 62 27 34 68 21 22 38 39 53 53 52 45 40 42 50 70 59 39 18 7 1 2 1 1 0 0 1 1 3 3 4 8 17 11 8 4 12 19
2 8 13 12 14 20 6 6 19 5 11 4 8 9 3 7 7 6 18 26 19 16 11 11 10 14 5 8 10 14 11 11 20 26 11 9 15 14 13 17 16 20 16 26 28 22 25 73 57 44 75 29 54 45 49 59 21 18 31 32 65 60 35 27 42 47 52 39 35 60 73 64 64 54 40 27 12 3 1 1 1 1 0 0 1 0 1 1 1 2 6 5 6 3 5 6
13 17 21 15 6 3 5 5 15 2 12 6 5 8 5 8 8 8 12 5 7 23 19 11 25 17 9 12 20 25 17 16 40 33 27 31 17 21 26 31 30 33 46 32 40 27 41 18 21 20 42 40 44 47 46 26 35 48 45 52 60 38 28 36 44 42 51 62 72 71 73 52 26 21 9 7 1 2 2 2 1 1 0 1 0 0 0 0 0 1 2 2 3 2 1 2
37 48 31 8 5 2 3 6 3 6 2 3 1 7 1 4 4 3 3 22 15 5 9 7 14 10 5 23 15 13 22 23 10 9 8 19 15 14 23 15 21 37 37 24 21 31 23 38 29 26 14 13 9 8 15 24 42 41 42 40 20 22 26 41 44 36 33 27 45 59 59 48 24 13 4 4 6 5 9 7 3 1 0 1 1 1 1 1 0 0 0 0 1 2 2 1
9 10 7 19 9 5 3 1 1 2 2 4 2 7 2 4 8 2 2 2 18 20 15 14 9 10 8 13 22 27 16 5 14 8 10 14 15 21 22 26 20 20 22 13 10 10 12 13 23 32 39 49 22 17 21 21 27 31 31 16 16 28 27 50 39 24 31 26 26 26 16 21 19 6 4 9 13 9 2 1 1 1 1 2 4 5 4 2 1 1 0 0 0 0 0 0
11 9 13 3 1 1 2 0 4 0 2 1 1 1 4 1 2 5 6 5 7 27 23 15 16 7 9 19 29 6 7 11 8 18 17 9 11 14 14 15 14 15 31 24 27 21 21 28 37 28 32 34 27 23 29 25 27 24 25 26 6 27 27 34 53 50 46 51 31 21 9 8 3 6 10 16 28 12 4 2 2 3 3 8 7 6 6 7 6 2 3 1 1 1 0 0
20 13 7 4 3 1 1 1 2 0 2 2 1 1 1 1 3 5 7 2 7 17 23 20 20 5 26 37 13 4 10 7 13 10 15 15 13 19 19 20 7 20 25 26 18 28 32 27 24 19 25 13 41 31 51 41 28 24 17 13 17 22 27 20 65 69 36 52 40 29 16 12 6 12 21 26 11 3 6 7 7 12 6 13 15 13 19 11 10 7 6 5 3 3 1 2
9 4 5 2 1 4 16 22 9 3 10 2 0 0 1 0 0 1 1 4 10 14 5 12 15 22 39 50 20 11 16 13 14 30 17 22 19 24 10 12 25 28 21 27 27 39 32 15 33 17 29 35 37 29 46 27 47 14 22 10 31 48 22 55 77 54 50 29 22 19 10 5 7 14 23 21 7 10 11 14 22 20 22 33 30 24 22 15 23 23 10 17 7 4 3 3
4 5 1 1 7 31 17 11 25 33 3 9 2 0 0 1 2 2 2 7 13 8 8 25 17 41 29 6 7 5 9 19 11 18 45 19 19 25 27 32 23 24 21 20 24 21 34 27 24 29 37 34 38 31 39 30 48 32 16 8 16 39 53 65 56 58 32 27 23 10 8 9 14 7 27 11 20 19 34 36 46 31 36 48 42 28 41 37 34 20 18 17 11 9 12 11
1 2 2 3 4 22 27 29 45 28 14 11 21 8 2 1 1 1 5 6 2 2 6 22 9 5 8 10 20 25 16 11 31 11 27 29 27 45 26 27 13 28 12 9 12 21 23 38 36 29 26 50 18 32 43 39 20 15 24 17 6 24 24 28 37 56 41 44 22 5 18 16 24 19 66 30 29 32 45 44 57 42 46 60 40 37 53 64 50 42 26 23 18 29 23 11
1 1 2 7 1 2 1 1 30 31 28 36 29 8 11 7 2 1 2 1 3 2 5 5 8 14 18 17 20 19 15 10 12 18 16 26 17 22 22 35 49 19 25 22 7 11 17 17 27 35 39 35 30 11 44 10 21 37 18 19 8 10 16 12 10 9 21 10 6 18 47 26 34 30 70 34 48 51 67 70 83 74 83 82 74 59 63 62 80 74 41 33 31 29 54 25
1 1 1 1 0 1 3 5 3 11 6 26 22 9 14 14 12 9 10 3 1 4 1 3 7 17 17 6 4 6 5 7 8 11 14 12 14 16 16 31 38 54 27 11 42 31 35 15 27 20 14 28 12 29 26 28 28 19 24 19 12 32 41 26 17 10 9 16 29 30 44 51 36 51 65 64 67 56 67 82 69 64 79 75 74 71 67 65 71 63 52 40 56 63 64 46
2 1 2 5 5 3 24 9 10 2 27 41 14 35 21 28 39 24 14 6 4 2 2 2 8 6 3 3 3 2 2 2 2 4 12 13 6 11 22 33 26 33 39 39 4 31 30 32 32 20 18 33 38 23 11 11 17 34 25 21 14 45 32 21 10 22 21 29 56 54 46 74 59 74 62 73 75 66 74 63 38 61 69 55 33 32 54 27 55 67 50 52 48 48 46 66
12 17 24 11 34 5 2 3 17 11 31 43 31 72 46 43 68 40 17 15 9 10 3 2 2 1 4 2 3 2 3 1 5 9 3 4 11 10 12 8 12 25 34 56 37 22 36 23 31 26 25 17 14 46 61 32 32 26 21 24 35 32 38 18 23 34 51 31 48 63 49 59 65 62 78 49 60 52 69 58 21 29 38 46 26 6 8 17 52 48 49 56 23 26 18 48
