sesion_6_simulaciones/modelos_agentes/ejemplos_netlogo/scenarios/cgcm2_b2/rob_2070.asc
NCOLS 322 
NROWS 307 
XLLCORNER 451900 
YLLCORNER 4086900 
CELLSIZE 100 
NODATA_value -9999 
[rows 74 to 147 of 307, columns 0 to 95 of 322]
0 0 0 0 0 0 0 0 0 0 0 0 0 0 0 0 0 0 0 0 0 0 0 0 0 0 0 0 0 0 0 0 1 2 2 5 11 10 8 7 2 6 3 1 1 0 1 2 2 3 1 3 2 1 3 1 1 3 2 3 2 8 7 9 3 3 3 6 9 12 24 13 8 5 26 59 30 32 48 68 72 30 45 54 60 22 12 9 17 11 13 16 11 11 20 16
0 0 0 0 0 0 0 0 0 0 0 0 0 0 0 0 0 0 0 0 0 0 0 0 0 0 0 0 0 0 0 0 0 2 7 12 6 6 21 15 3 6 7 4 1 0 1 2 1 2 2 2 2 1 2 2 1 1 1 1 1 3 13 18 6 7 15 11 9 4 7 15 14 10 18 67 31 14 11 52 51 44 44 33 14 40 38 16 15 12 15 28 26 17 12 51
0 0 0 0 0 0 0 0 0 0 0 0 0 0 0 0 0 0 0 0 0 0 0 0 0 0 0 0 0 0 0 0 0 0 2 7 8 16 12 7 7 22 7 3 4 2 1 1 1 3 5 1 3 2 2 1 6 2 1 0 2 12 7 15 16 14 21 19 26 15 13 5 5 5 16 66 75 30 18 15 40 46 30 13 13 60 55 48 38 11 8 6 33 39 26 38
0 0 0 0 0 0 0 0 0 0 0 0 0 0 0 0 0 0 0 0 0 0 0 0 0 0 0 0 0 0 0 0 0 0 3 2 4 5 3 3 23 6 7 6 9 10 4 1 2 4 3 2 3 2 4 2 2 2 1 2 5 8 7 17 11 16 21 23 26 30 28 28 26 20 10 20 52 42 30 10 39 61 19 11 44 66 18 60 46 28 13 31 45 44 40 26
0 0 0 0 0 0 0 0 0 0 0 0 0 0 0 0 0 0 0 0 0 0 0 0 0 0 0 0 0 0 1 0 1 1 2 2 2 3 5 10 9 17 6 9 11 30 9 8 11 6 5 2 3 2 1 1 2 2 5 6 6 3 6 3 10 16 19 33 31 27 27 40 28 28 14 5 7 20 22 14 25 26 20 22 53 25 18 12 12 36 25 33 26 34 37 39
0 0 0 0 0 0 0 0 0 0 0 0 0 0 0 0 0 0 0 0 0 0 0 0 0 0 0 0 0 0 0 1 6 12 21 18 9 3 9 13 13 26 16 4 5 7 23 26 43 41 27 14 8 6 4 2 2 3 6 6 3 3 3 3 3 7 6 4 9 27 32 28 29 33 22 19 11 21 8 6 19 25 21 33 50 22 35 23 12 27 33 54 69 61 48 50
0 0 0 0 0 0 0 0 0 0 0 0 0 0 0 0 0 0 0 0 0 0 0 0 0 0 0 0 0 1 0 1 1 7 31 42 11 4 6 19 16 12 26 15 5 5 10 26 61 68 78 81 66 22 15 8 6 7 5 6 5 4 3 1 7 8 5 9 11 23 33 24 31 36 31 18 16 8 5 1 9 22 23 33 38 33 16 17 17 24 64 64 67 41 42 65
0 0 0 0 0 0 0 0 0 0 0 0 0 0 0 0 0 0 0 0 0 0 1 5 1 0 0 0 0 1 1 1 0 1 3 20 13 6 4 14 27 53 19 34 26 12 8 3 3 7 23 35 52 67 48 21 9 4 6 5 3 6 3 13 3 1 4 3 5 12 12 37 32 36 39 24 7 1 3 3 6 12 13 36 20 32 43 44 26 21 14 10 33 24 30 45
0 0 0 0 0 0 0 0 0 0 0 0 0 0 0 0 0 0 0 5 4 6 12 3 14 3 1 0 0 0 0 2 2 5 6 3 3 2 2 9 11 10 14 34 20 14 18 11 4 1 1 2 6 26 25 55 27 13 5 28 36 15 10 4 18 9 3 7 2 2 13 24 42 29 19 21 13 8 9 18 7 6 21 48 20 43 45 44 41 45 28 14 12 28 56 68
0 0 0 0 0 0 0 0 0 0 0 0 0 0 0 0 0 4 7 9 1 3 1 0 1 1 1 0 1 1 1 1 1 1 3 5 3 2 7 11 26 33 11 7 5 5 6 5 1 3 4 1 9 5 6 15 29 22 48 39 11 6 5 8 17 4 5 8 9 9 44 37 39 26 22 24 29 35 21 11 16 13 42 49 31 62 61 83 63 60 61 51 14 11 13 13
0 0 0 0 0 0 0 0 0 0 0 0 0 0 0 0 0 3 0 1 1 0 0 0 0 1 1 1 4 4 7 0 1 3 8 6 3 7 10 11 19 31 33 22 2 1 2 3 3 2 1 11 34 18 16 12 8 29 61 16 11 9 4 4 9 7 10 7 25 34 28 30 29 23 25 24 29 26 36 10 15 12 20 17 31 67 32 52 61 76 49 54 52 29 19 13
0 0 0 0 0 0 0 0 0 0 0 0 0 0 0 0 1 1 0 0 0 2 0 0 0 0 1 0 0 0 0 0 2 6 4 7 2 20 12 14 25 26 38 33 15 17 23 17 21 24 18 23 31 25 18 11 18 24 13 16 15 22 16 9 5 3 3 25 22 14 25 18 50 22 17 44 31 27 27 18 15 10 11 25 6 47 36 67 65 78 81 83 65 42 22 18
0 0 0 0 0 0 0 0 0 0 0 0 0 0 0 0 0 0 0 0 1 0 0 0 1 1 1 0 0 0 1 1 2 2 3 5 3 9 8 21 29 15 32 22 15 19 27 18 14 23 24 12 17 21 17 18 31 12 16 22 32 18 7 6 6 6 7 4 7 12 7 19 8 7 44 30 22 26 53 30 32 16 8 17 33 41 39 34 68 64 54 52 71 31 23 16
0 0 0 0 0 0 0 0 0 0 0 0 0 0 0 0 0 0 0 0 0 1 1 3 4 3 4 8 5 1 0 0 1 0 1 1 3 6 7 15 26 10 5 9 9 15 27 4 11 18 14 17 19 31 23 15 17 9 16 19 26 8 9 5 8 10 24 34 28 16 20 13 14 11 9 8 37 47 15 26 26 17 16 12 16 19 31 45 54 61 13 31 46 48 20 14
0 0 0 0 0 0 0 0 0 0 0 0 0 0 1 0 0 0 1 0 1 1 1 1 12 10 9 11 3 12 7 6 3 1 0 1 1 5 4 10 6 4 12 7 16 23 29 7 13 26 11 9 16 34 21 7 13 8 15 22 11 2 1 5 15 5 3 13 34 11 20 17 11 14 21 12 14 21 17 14 9 13 26 23 14 14 12 8 22 21 10 32 17 42 32 20
0 0 0 0 0 0 0 0 0 0 0 0 0 0 0 0 0 1 0 0 2 0 1 5 7 20 21 14 8 11 10 13 3 10 5 4 1 1 2 1 1 4 5 7 10 12 16 5 6 16 5 15 5 23 31 5 13 6 33 11 8 8 7 14 14 3 2 2 47 17 18 12 12 10 11 28 29 48 44 41 52 34 18 11 31 36 30 25 9 6 13 26 30 11 22 17
0 0 0 0 0 0 0 0 0 0 0 0 0 0 0 1 2 0 1 1 0 0 7 14 35 3 27 29 9 15 15 15 9 20 8 13 10 4 1 0 1 2 3 2 7 14 4 6 7 6 8 18 11 28 1 14 23 11 15 4 3 11 19 10 7 6 3 3 14 68 58 30 14 41 38 41 68 59 20 29 53 42 53 48 42 40 37 33 22 9 4 19 19 8 4 2
0 0 0 0 0 0 0 0 0 0 0 0 0 2 1 0 1 3 1 1 3 1 1 10 23 9 4 44 42 11 4 27 13 26 25 39 15 8 7 1 4 4 6 1 1 2 3 2 4 6 35 41 54 33 44 12 3 14 3 2 2 12 8 3 2 3 22 19 7 7 29 27 70 89 69 47 26 21 67 34 8 35 52 44 33 36 36 32 25 9 6 6 4 2 3 11
0 0 0 0 0 0 0 0 0 0 0 0 0 0 0 4 5 4 3 1 1 2 1 13 3 16 19 31 66 31 3 3 3 7 10 22 13 20 29 11 6 2 11 18 17 17 20 6 14 48 68 45 14 20 46 59 24 5 7 7 4 11 5 4 6 8 6 6 17 8 9 11 8 12 9 58 27 26 16 33 47 18 23 55 37 37 35 24 23 22 10 3 7 15 7 11
0 0 0 0 0 0 0 0 0 0 0 0 0 0 0 0 4 9 21 8 1 16 3 2 1 6 4 1 17 20 44 9 2 2 14 4 11 35 11 7 22 4 10 26 42 30 21 37 48 51 73 69 30 64 57 70 37 46 31 22 12 17 2 4 4 6 3 9 8 5 5 2 7 7 7 19 16 23 17 19 31 54 28 31 36 33 17 17 9 5 13 18 22 4 3 4
0 0 0 0 0 0 0 0 0 0 0 0 1 2 1 1 1 10 3 8 4 5 4 5 2 12 4 4 2 24 63 26 5 4 5 16 8 16 48 9 39 3 13 50 49 43 40 65 63 84 81 70 60 88 80 78 61 64 57 15 16 16 2 5 3 6 15 35 18 13 7 22 27 21 15 8 11 25 31 23 13 14 40 38 30 14 15 7 7 22 25 18 25 22 11 5
1 0 0 0 0 0 0 0 0 0 0 0 1 1 2 1 2 2 3 5 6 12 2 5 4 9 10 3 2 8 39 49 24 14 4 9 2 7 41 9 34 7 17 46 48 52 75 79 77 87 82 44 70 65 66 61 57 73 13 9 30 12 6 6 8 5 11 22 23 13 54 16 6 12 13 23 56 55 53 40 30 21 21 26 15 8 18 17 18 24 41 29 15 9 12 10
0 0 0 0 0 0 0 0 0 0 0 1 1 1 0 1 3 1 1 2 3 5 2 6 13 5 17 10 8 2 26 60 6 6 8 9 2 26 56 43 57 48 24 34 55 72 88 84 62 84 62 17 43 11 26 61 75 65 28 59 53 44 15 4 4 6 10 12 12 42 12 21 27 11 15 43 33 22 46 54 53 25 11 9 7 11 22 41 39 40 36 40 17 17 15 25
1 1 0 0 0 0 0 0 0 0 0 1 8 2 1 2 2 2 4 4 1 1 4 17 26 29 14 23 13 6 29 57 8 7 24 22 6 21 13 45 66 83 46 48 60 64 88 84 42 62 18 26 14 6 2 5 57 73 73 70 42 60 9 6 30 41 11 3 10 11 18 38 14 44 46 12 31 56 41 56 45 46 41 17 26 30 43 45 54 36 53 46 33 35 29 39
1 2 0 0 0 0 0 0 0 0 0 0 4 12 2 5 2 5 8 10 15 7 9 15 19 27 24 41 26 26 13 35 14 15 17 8 10 31 14 24 36 72 62 67 61 63 87 93 82 64 32 15 4 4 1 3 6 4 78 65 65 19 7 31 17 24 22 8 7 5 29 21 49 32 24 14 17 11 34 41 59 62 43 27 33 51 45 41 60 29 74 35 38 37 28 30
0 8 3 0 0 0 0 0 0 0 0 1 1 2 12 13 2 5 14 12 15 10 17 38 45 52 52 42 40 45 6 28 44 26 18 13 13 18 8 4 12 66 19 29 26 32 78 82 75 41 28 31 22 19 8 13 4 14 9 10 13 13 27 33 30 14 11 6 9 12 13 25 19 20 10 7 10 28 35 52 55 59 39 39 31 43 53 26 54 44 76 48 46 24 33 45
0 0 5 1 0 0 0 0 0 0 0 1 2 1 9 2 25 5 5 6 10 8 3 5 10 24 30 16 41 45 22 56 74 52 21 45 20 23 19 6 42 61 52 30 34 36 16 41 60 16 29 38 31 25 36 21 11 30 17 30 19 9 25 31 21 13 12 5 17 7 3 5 29 28 22 19 28 37 38 45 43 54 44 41 41 35 45 39 69 70 22 45 51 48 49 34
0 0 0 0 1 0 0 0 0 0 0 1 2 1 1 5 6 31 9 9 5 15 14 17 30 37 34 20 8 11 11 59 55 37 57 63 73 60 15 14 48 43 82 60 53 44 41 14 8 17 43 41 33 29 17 35 38 25 22 20 27 24 40 34 18 13 8 12 19 4 3 8 10 17 20 38 32 39 40 43 40 37 31 46 48 33 35 40 58 9 28 44 35 13 8 21
0 0 0 1 1 0 1 0 0 0 0 1 2 3 5 5 4 5 9 12 19 31 26 30 40 62 42 43 30 14 8 5 46 64 64 33 82 63 41 64 71 27 74 50 80 75 38 18 14 9 27 41 34 30 39 20 41 32 32 21 37 41 62 63 27 11 5 5 12 4 4 5 4 5 5 28 25 28 33 33 39 30 35 46 23 50 41 65 28 20 40 40 40 26 23 36
0 0 0 1 2 0 0 0 0 0 0 1 5 4 2 2 3 7 8 9 22 26 57 45 49 42 66 48 21 24 20 18 8 41 56 18 25 20 72 49 42 15 79 44 25 10 30 21 29 18 27 43 52 44 34 21 14 21 5 11 23 18 40 43 4 11 11 4 8 10 18 13 5 12 15 6 25 27 31 31 23 48 20 8 26 60 32 59 23 11 19 23 27 24 36 40
0 0 0 1 1 1 0 0 0 0 0 0 1 1 11 11 7 5 4 6 7 17 58 63 30 27 32 37 45 42 30 36 21 8 7 24 11 22 75 21 17 30 57 24 23 18 37 27 27 21 12 30 36 42 28 19 16 16 8 12 12 9 11 6 9 11 9 6 7 15 16 5 14 18 14 13 31 28 28 23 58 18 17 27 31 46 36 28 30 5 7 21 25 39 43 58
0 0 0 1 1 1 0 0 0 1 0 1 1 1 2 3 12 14 27 31 19 27 23 18 11 5 18 35 43 34 50 53 19 10 3 6 18 53 36 33 8 59 75 37 35 35 33 40 44 12 17 25 23 25 16 21 18 8 11 4 8 3 8 22 22 10 12 12 17 16 16 12 6 26 11 13 23 18 22 44 25 18 25 17 34 15 33 41 49 22 16 20 32 35 25 55
0 0 0 1 2 1 0 0 1 0 0 0 1 4 4 13 12 19 28 21 21 42 22 16 21 20 7 17 28 20 22 16 11 22 20 22 41 30 46 24 28 37 58 60 50 39 17 22 26 10 8 30 39 46 46 28 18 10 20 38 31 15 11 17 8 5 33 29 14 12 8 61 38 21 18 10 10 12 16 34 13 21 22 9 22 20 34 46 29 48 32 40 32 47 42 50
0 0 0 0 6 3 1 0 0 0 0 2 3 26 12 43 23 10 18 34 37 36 46 24 19 21 19 12 23 23 13 13 20 30 35 36 14 19 26 28 25 10 17 37 45 27 6 11 11 12 18 22 19 21 17 16 21 8 46 46 28 29 7 7 13 9 34 81 68 45 31 21 56 68 27 15 13 18 28 18 4 31 10 18 20 35 15 17 20 30 47 38 67 45 24 30
0 0 0 0 1 2 1 0 0 0 0 2 2 5 25 25 36 43 30 37 29 21 41 21 13 12 8 5 5 7 17 18 29 30 17 33 31 28 24 19 8 16 31 10 43 33 25 23 20 9 9 10 10 37 29 26 21 7 12 14 16 13 28 15 26 30 19 61 72 64 14 26 30 18 56 41 14 16 17 15 26 34 13 61 35 28 28 37 28 37 51 59 31 29 28 14
0 0 0 0 0 5 6 1 0 0 1 1 1 3 3 4 2 5 18 31 30 29 41 49 28 19 24 19 10 6 11 4 8 15 16 27 30 20 29 11 6 23 13 17 43 28 28 22 23 13 10 11 12 28 45 7 12 11 26 22 19 43 37 44 53 29 37 25 64 43 48 19 18 21 23 44 33 39 30 37 15 25 28 46 36 45 44 20 27 74 42 22 42 31 36 33
0 0 0 0 0 1 2 0 0 0 1 1 5 4 12 11 6 3 10 26 34 56 62 66 59 24 16 7 4 6 6 2 2 3 9 9 17 20 14 17 17 22 8 32 7 4 12 14 18 16 22 25 14 28 21 20 16 28 36 12 31 33 20 22 82 43 38 21 10 63 71 32 38 16 46 62 54 75 55 48 35 31 17 42 70 50 63 54 53 63 57 33 48 51 55 34
0 0 0 0 0 0 2 1 0 0 0 3 2 3 12 8 7 22 11 43 74 52 28 39 48 27 20 20 8 1 6 8 12 6 2 8 22 20 5 12 30 33 29 28 10 6 13 28 33 35 19 45 34 37 27 18 20 11 12 38 24 13 13 22 20 52 30 27 14 30 54 80 69 22 9 46 30 65 16 9 38 71 9 26 10 40 41 79 77 66 81 56 53 55 54 52
0 0 0 0 0 0 1 6 0 1 1 2 1 1 2 7 26 26 21 12 12 48 56 37 38 28 40 49 28 12 10 21 15 14 16 6 6 13 12 16 16 25 24 24 19 18 35 36 25 26 29 22 32 27 24 34 43 51 29 12 31 17 12 48 17 40 48 25 15 16 50 63 67 48 24 32 9 53 29 15 3 39 26 28 30 65 26 36 17 12 52 36 44 76 57 71
0 0 0 0 0 0 1 0 0 0 1 3 6 2 3 10 17 21 22 21 15 5 41 70 53 48 41 43 47 19 18 26 14 15 28 33 13 6 6 14 23 19 13 45 24 26 24 56 56 36 48 21 31 60 77 72 39 29 21 19 24 61 36 11 48 17 47 38 25 7 49 52 45 62 22 33 10 52 66 20 12 54 16 28 29 8 38 27 10 24 78 44 26 65 82 81
0 0 0 0 0 0 2 0 0 0 0 2 4 3 1 6 10 21 27 36 31 27 11 30 35 35 12 16 37 19 14 15 11 9 13 20 15 11 8 16 14 8 8 8 31 34 28 44 33 20 17 45 27 21 19 13 19 11 24 30 24 42 50 20 22 45 8 56 39 13 36 61 47 58 29 28 14 58 23 22 6 72 35 23 35 28 15 28 22 38 66 79 32 31 69 75
1 0 0 0 0 0 1 0 0 0 0 0 2 1 2 4 5 9 29 50 50 29 19 9 7 4 13 8 2 4 14 1 4 9 16 11 14 20 15 11 23 21 26 22 31 35 29 27 19 21 38 44 42 54 29 44 42 30 21 35 17 25 37 37 24 66 36 48 67 27 19 33 63 36 60 24 18 54 38 61 48 59 83 41 35 34 14 40 27 16 45 82 45 21 22 70
3 0 0 0 1 0 1 1 0 1 0 0 0 2 4 3 11 11 24 32 38 26 15 21 11 12 12 6 1 2 7 5 4 7 7 10 18 17 11 20 35 28 26 22 13 24 29 26 25 53 40 59 44 43 40 56 54 45 40 46 34 42 24 40 19 60 51 27 68 50 11 36 51 36 71 32 45 33 39 33 60 35 79 58 20 35 33 62 26 16 18 60 48 25 43 38
2 1 0 0 0 0 1 0 1 0 0 0 1 2 2 3 7 10 18 25 26 25 23 19 30 21 24 15 4 2 2 1 1 7 8 5 17 17 7 7 26 22 16 12 24 16 20 17 14 43 61 58 62 44 25 39 70 38 56 54 55 61 28 12 17 16 38 25 42 59 31 25 26 69 55 45 65 33 46 73 59 33 52 76 32 36 19 18 19 25 26 63 46 53 35 13
5 2 1 0 0 1 0 0 0 0 0 1 0 4 3 3 19 20 51 49 33 57 38 42 17 19 23 23 16 2 1 2 11 9 24 23 17 28 26 21 22 19 17 13 15 13 13 22 19 16 15 26 17 31 54 59 72 34 87 75 29 68 41 46 46 21 13 9 29 47 26 44 26 51 15 46 82 65 42 59 70 65 54 83 29 31 34 18 22 9 32 49 50 24 17 20
2 3 3 1 1 1 0 0 1 0 1 0 0 5 5 5 3 11 12 6 14 6 10 19 33 43 24 25 33 8 3 20 16 19 9 7 16 14 13 40 31 12 20 31 28 25 35 39 20 40 43 19 39 60 53 66 52 64 60 68 29 57 68 43 57 68 64 42 19 53 56 69 60 40 38 51 71 75 58 57 61 65 49 79 74 48 11 12 15 27 40 51 63 32 16 10
0 1 2 2 4 1 1 0 0 0 1 0 0 2 13 17 12 7 21 16 10 20 15 27 50 26 31 34 37 33 13 64 25 9 15 8 30 31 33 41 61 33 41 42 35 44 27 37 27 34 39 28 15 47 25 36 71 74 57 60 66 76 81 71 28 67 62 64 49 32 40 61 21 40 42 50 69 56 74 73 56 40 41 81 73 43 47 12 18 39 27 56 48 48 39 25
3 0 0 1 1 1 1 0 0 1 2 1 1 2 2 2 3 9 5 31 16 22 25 28 27 28 45 31 34 25 28 63 20 25 21 17 25 27 29 47 57 31 34 45 33 42 15 19 41 25 24 35 16 10 11 11 47 64 71 75 70 64 72 85 57 44 60 56 45 24 10 20 32 27 39 57 65 80 63 43 34 25 78 70 73 39 29 28 18 25 33 56 20 13 17 48
14 4 1 1 2 1 1 0 1 2 1 1 3 1 10 2 1 4 7 20 34 37 10 15 19 32 35 16 44 38 54 33 33 41 17 10 14 28 59 56 27 23 32 54 54 40 18 16 14 43 27 24 34 27 13 7 19 23 19 48 39 38 64 78 74 52 27 12 14 21 16 16 19 24 32 32 67 57 48 30 10 22 77 64 73 62 33 32 10 32 42 65 62 51 25 13
3 6 3 1 3 1 0 0 0 1 0 3 1 2 21 1 3 3 13 31 20 13 4 20 10 4 26 12 44 54 48 48 51 27 14 27 35 35 59 43 24 44 25 29 49 20 17 24 11 34 21 15 29 14 26 17 15 25 27 10 23 35 41 52 55 28 23 37 30 42 24 16 18 24 26 13 42 34 37 19 16 8 33 20 41 70 35 42 13 43 61 49 40 38 42 17
3 1 1 2 1 3 1 0 1 1 0 2 2 4 2 13 5 9 7 8 15 4 18 15 14 8 20 15 39 30 32 31 43 19 32 38 44 29 46 36 29 39 28 29 40 19 21 21 15 51 30 22 36 35 29 22 38 37 48 31 21 26 9 19 8 8 25 40 41 43 38 22 17 10 11 12 21 22 20 17 17 10 11 12 27 38 14 32 11 33 58 53 33 19 73 51
2 3 3 1 1 1 1 1 1 0 0 0 2 5 1 24 14 4 9 7 16 7 8 14 13 16 45 32 38 24 37 44 17 32 33 52 34 31 59 20 32 44 21 33 34 50 16 33 16 41 30 33 31 47 23 32 32 45 35 42 40 47 23 19 21 13 36 29 33 22 12 8 34 18 11 6 8 20 12 9 9 6 8 18 24 21 17 24 12 63 69 71 68 27 9 19
1 2 2 3 1 2 1 1 0 1 2 1 11 14 9 1 12 7 6 12 17 8 13 28 20 18 43 22 15 10 15 21 29 60 37 28 33 11 39 19 32 27 35 30 19 25 26 32 40 41 39 39 32 39 35 48 50 34 44 34 54 31 19 39 12 22 25 38 17 13 21 42 32 27 26 27 7 5 13 9 9 13 7 23 12 10 34 10 24 64 60 55 75 41 44 12
5 2 2 2 1 0 1 1 1 0 1 1 1 7 6 2 2 8 4 8 6 5 8 22 18 39 30 25 12 11 20 50 23 31 48 34 24 27 40 15 29 24 12 16 16 33 10 21 22 7 23 11 28 45 52 56 65 51 27 42 33 38 32 23 58 20 28 31 34 59 46 31 17 16 21 25 24 27 27 27 30 28 11 9 10 20 39 22 38 50 25 46 79 59 60 38
5 6 5 5 2 1 0 1 2 2 2 1 1 5 3 5 8 4 5 5 7 8 6 5 9 7 13 20 17 30 23 39 15 25 46 28 19 24 14 24 22 21 17 33 46 27 13 38 58 31 47 36 55 66 60 33 43 52 47 34 41 40 57 44 53 42 39 38 58 15 11 14 16 8 5 7 23 18 28 33 31 21 18 8 6 18 40 16 19 12 18 49 86 48 63 54
1 1 2 5 7 8 3 1 3 9 7 3 3 1 1 7 4 3 13 17 40 30 34 15 32 9 7 17 25 19 24 15 12 25 43 31 19 16 11 16 29 65 34 20 31 33 43 20 54 65 79 55 68 81 66 42 58 43 26 27 25 29 58 36 37 47 41 50 19 18 21 28 46 27 26 18 8 23 34 45 36 9 5 9 5 18 32 19 17 16 20 73 76 40 46 81
1 1 1 4 5 5 10 10 4 3 5 1 1 1 1 2 5 8 12 11 30 57 43 18 18 32 48 35 35 14 52 25 22 19 24 21 13 14 29 26 42 9 33 62 26 48 53 40 32 74 73 79 39 67 62 61 45 64 50 44 40 45 16 41 52 57 56 22 26 26 38 56 39 45 56 30 15 31 42 42 13 7 5 10 7 17 8 7 15 20 39 77 50 65 41 81
6 6 2 2 6 2 3 6 3 4 2 2 1 1 4 2 8 6 18 23 10 48 43 63 68 74 62 61 46 22 37 27 18 25 34 54 42 60 68 57 57 63 45 73 35 50 72 71 25 22 16 71 71 40 64 41 32 78 62 58 31 38 44 53 55 56 41 45 44 54 44 25 37 34 32 28 43 27 16 16 7 4 4 6 5 9 6 7 9 10 19 60 30 50 15 41
4 9 7 4 5 3 1 1 1 1 1 1 1 1 3 2 0 3 26 53 19 6 42 77 56 73 61 75 74 80 66 75 74 79 47 66 14 61 78 51 65 82 44 70 75 43 72 40 79 52 29 81 66 61 63 57 82 83 44 65 38 24 36 37 35 44 34 24 22 28 27 31 21 32 33 46 44 29 6 2 6 3 2 4 2 4 4 9 9 22 37 54 19 25 22 18
3 6 27 2 17 17 5 6 3 3 2 4 4 6 5 2 4 5 4 33 20 5 6 18 19 15 49 68 66 69 70 65 77 67 51 64 73 62 66 74 44 80 78 44 64 57 75 44 71 84 54 59 62 43 32 77 66 66 50 63 58 26 29 27 52 40 42 48 49 48 52 34 44 36 52 43 20 9 6 2 1 1 1 2 2 2 4 6 7 13 35 36 8 11 14 14
8 5 3 18 19 25 14 17 13 10 3 7 10 9 3 4 7 5 14 4 2 2 11 5 8 18 41 34 44 58 64 71 37 58 43 73 68 66 70 72 61 71 65 63 67 67 72 77 27 66 55 32 74 23 46 76 60 25 63 27 34 67 20 21 37 37 53 52 51 44 40 43 51 71 60 39 21 8 1 2 1 1 0 0 1 1 3 3 5 8 17 13 9 4 13 21
2 7 12 10 12 18 5 6 18 4 10 3 7 9 2 7 7 5 16 24 16 14 10 11 10 13 5 8 10 13 10 10 19 25 11 9 14 13 13 17 16 20 15 26 27 22 25 73 57 45 76 30 54 48 51 60 22 18 31 32 65 59 35 26 42 46 51 38 35 60 73 64 67 58 40 27 13 3 1 1 1 1 0 0 1 0 1 1 1 2 6 6 5 2 5 7
12 15 20 12 6 3 4 4 13 2 9 6 4 7 4 7 7 6 12 4 6 22 17 10 22 15 9 12 19 23 15 16 38 31 25 29 17 19 25 30 28 33 45 30 39 27 39 18 20 21 42 41 44 50 49 28 36 48 45 52 59 37 27 35 43 41 50 61 72 71 74 52 29 21 10 7 1 2 2 2 1 1 1 1 0 0 0 0 0 1 2 2 3 2 1 2
33 44 30 7 4 2 3 5 3 5 2 3 1 6 1 3 4 3 3 18 13 4 8 7 13 9 4 22 14 11 21 21 9 8 8 18 14 13 21 14 19 35 36 23 20 29 23 37 28 27 14 14 9 8 15 25 42 41 41 40 19 22 26 40 43 35 32 28 46 62 62 52 27 15 5 4 7 6 10 7 3 2 0 1 1 1 1 1 0 0 0 0 1 2 2 2
8 9 7 18 8 4 2 1 1 2 2 4 2 6 2 4 7 2 2 2 17 17 14 14 9 9 7 12 20 26 14 5 13 8 10 13 14 19 20 25 19 18 21 12 10 10 11 12 23 31 38 49 24 17 21 21 27 32 31 16 15 27 26 49 38 23 30 27 26 26 17 21 20 7 4 10 13 10 2 1 1 1 1 2 5 5 4 2 2 1 0 0 0 0 0 0
10 7 10 3 1 1 2 0 4 0 1 1 1 1 3 1 2 5 5 4 6 26 21 14 14 6 8 17 26 6 6 11 7 16 16 8 11 14 13 14 13 14 31 23 26 20 20 27 36 27 33 34 27 24 29 25 27 23 24 25 6 26 26 33 52 50 45 51 32 23 10 8 3 7 11 16 29 14 4 2 2 3 4 9 7 6 7 7 6 2 3 1 1 1 0 0
19 10 5 3 2 1 1 1 2 0 2 2 1 1 1 1 3 4 6 1 6 15 21 19 18 4 24 36 12 4 10 6 12 10 14 14 13 18 18 20 7 19 24 25 18 28 32 27 23 18 25 14 42 32 52 40 28 23 17 13 16 21 27 20 65 70 36 51 40 31 16 14 6 13 23 27 11 3 6 8 7 12 7 14 18 13 19 11 11 9 6 6 4 3 1 2
9 3 5 2 1 4 13 19 9 3 8 2 0 0 0 0 0 1 1 3 10 11 5 11 14 21 38 47 19 10 15 12 13 28 15 21 17 23 10 11 25 27 19 25 26 38 32 15 33 16 28 35 37 27 45 27 46 13 22 10 30 48 22 54 77 53 51 28 22 21 11 5 8 14 26 21 7 11 13 16 25 20 25 36 33 26 25 17 26 23 12 18 8 4 3 3
3 4 1 1 7 27 16 8 21 29 2 7 2 0 0 1 2 2 2 5 11 8 7 20 15 38 26 6 6 4 8 18 10 16 44 17 18 23 24 30 22 23 19 18 23 20 32 27 25 28 37 33 37 30 37 30 47 31 16 8 16 39 53 66 56 58 32 28 23 10 8 10 16 7 28 11 20 20 37 37 48 34 39 51 45 30 41 40 37 21 19 20 12 9 12 11
1 1 1 3 3 22 23 25 39 27 12 11 19 6 2 1 1 1 4 4 1 2 5 19 8 4 7 9 17 24 14 9 29 9 26 26 26 43 25 24 12 27 11 9 11 20 22 36 35 29 24 48 17 31 42 37 19 15 24 17 5 24 23 27 39 56 42 47 25 6 20 16 24 21 66 30 30 32 45 44 57 41 46 62 42 39 55 64 50 43 26 23 20 32 26 13
1 1 1 7 1 1 1 1 27 31 28 31 29 7 10 5 2 1 2 1 3 2 5 5 6 13 16 16 19 16 12 9 11 17 14 23 15 18 20 33 46 17 24 20 7 10 15 15 26 33 37 33 29 11 43 10 20 37 18 19 8 9 16 13 10 10 23 12 6 21 50 28 34 31 69 35 47 50 66 70 83 73 83 82 74 60 63 62 80 74 42 34 32 30 57 29
0 1 1 1 0 1 3 4 2 11 6 25 18 8 12 13 12 9 8 2 1 3 1 3 7 15 15 5 3 6 4 5 6 8 12 12 12 15 15 29 35 53 26 11 41 30 33 13 25 18 14 27 12 27 25 28 28 19 24 19 11 31 42 27 18 10 9 17 31 32 45 52 35 50 66 63 67 57 68 82 70 64 79 76 74 73 69 66 73 65 54 41 59 64 65 47
2 1 1 5 4 2 23 7 8 1 26 37 13 34 21 25 35 23 14 5 3 2 1 2 8 4 3 3 2 1 2 1 2 3 10 11 5 9 18 29 25 31 38 37 4 28 27 30 30 18 17 33 37 23 10 10 16 32 25 21 15 45 31 23 11 22 23 30 56 54 47 74 58 73 62 73 76 66 74 63 40 61 70 56 35 35 54 27 58 67 51 55 51 51 47 65
12 15 24 10 33 4 2 3 14 9 28 42 28 72 42 39 63 37 16 15 8 9 3 2 2 1 3 2 2 2 3 1 4 9 3 3 10 9 11 8 10 21 33 54 35 20 33 21 29 25 23 17 13 46 61 31 30 26 20 24 35 32 37 19 23 34 51 32 49 63 48 59 66 62 78 49 62 55 71 60 21 31 40 48 28 6 9 17 55 48 49 56 23 29 20 51
