sesion_6_simulaciones/modelos_agentes/ejemplos_netlogo/scenarios/cgcm2_b2/rob_2090.asc
NCOLS 322 
NROWS 307 
XLLCORNER 451900 
YLLCORNER 4086900 
CELLSIZE 100 
NODATA_value -9999 
[rows 74 to 147 of 307, columns 96 to 191 of 322]
25 58 38 20 19 23 22 50 21 23 17 62 33 73 67 51 13 7 10 16 58 54 33 17 20 6 6 1 7 12 5 5 6 13 5 2 3 3 10 3 2 3 8 2 3 8 10 2 3 8 6 22 43 29 28 12 20 27 44 28 24 76 65 48 56 59 37 51 62 64 54 64 49 66 37 39 57 64 46 41 22 45 59 47 28 12 13 13 7 9 7 6 4 2 0 0
29 34 28 21 15 19 26 41 24 37 43 31 15 26 33 57 36 42 55 70 90 58 58 41 14 23 5 4 8 2 7 46 15 14 17 12 4 2 3 1 4 15 20 10 26 15 13 30 41 7 9 5 10 31 8 12 25 42 30 17 40 43 69 53 57 39 36 47 61 68 41 77 44 53 47 31 59 32 23 51 52 44 19 19 26 24 18 16 22 19 23 22 9 5 2 1
42 26 23 24 16 29 15 44 21 44 50 18 25 47 38 30 41 67 48 70 76 80 75 67 23 13 9 3 7 10 31 44 30 16 21 20 21 5 10 13 5 4 6 3 6 25 7 20 17 21 5 3 9 7 10 13 22 42 21 26 28 16 52 51 52 32 53 40 76 57 32 63 55 49 56 53 30 18 72 46 33 32 49 36 51 53 47 55 54 34 34 27 15 9 4 3
43 16 35 29 21 17 22 32 27 32 68 31 34 29 33 45 68 42 66 62 81 85 62 48 55 8 7 10 19 18 34 12 28 13 29 6 38 18 10 21 4 2 3 2 6 10 31 35 20 41 33 21 14 2 4 7 24 11 12 9 23 11 46 38 36 23 49 47 56 25 23 29 55 25 52 29 28 34 60 36 47 43 40 57 72 68 73 52 49 56 29 29 14 10 6 6
43 24 31 31 39 19 25 29 12 51 69 60 38 26 46 42 50 64 79 50 49 62 69 78 36 25 33 44 59 33 29 16 24 26 5 11 14 20 19 22 17 3 2 5 10 15 36 32 13 59 50 33 40 22 22 6 8 6 10 8 13 12 6 20 12 19 21 35 27 14 19 17 52 34 19 8 38 44 37 35 58 75 82 74 76 76 49 56 58 35 36 18 12 13 13 19
57 58 21 51 58 32 12 32 13 31 30 61 46 34 37 8 46 82 51 55 56 37 64 73 40 28 68 72 66 63 70 31 7 7 9 33 35 8 13 19 28 4 4 10 11 14 27 67 60 56 53 47 56 20 47 38 32 9 5 2 12 18 6 7 9 17 13 23 6 6 22 34 31 27 62 54 24 19 48 67 68 71 69 68 58 69 67 76 54 33 28 19 16 24 39 20
80 84 62 58 20 17 13 12 12 39 19 11 46 57 15 37 73 48 34 31 48 22 13 53 61 66 72 66 72 58 78 69 26 27 33 47 24 21 4 13 36 17 6 10 22 42 21 22 63 40 54 77 60 45 57 30 36 51 42 36 37 9 34 14 7 3 15 23 25 38 25 3 4 7 15 51 58 67 41 68 68 51 73 59 54 56 70 74 56 47 42 27 58 50 16 15
61 56 69 17 12 14 22 17 14 21 23 5 13 24 31 41 22 56 55 43 35 45 11 20 61 77 70 43 37 60 43 31 58 55 50 44 57 46 16 15 45 35 7 10 32 25 15 10 28 16 63 74 49 82 67 39 66 35 26 27 52 16 31 35 27 14 29 32 54 21 35 12 10 11 19 11 21 65 65 66 45 59 74 65 45 57 77 65 57 51 50 55 68 46 19 37
71 70 59 28 26 30 35 24 12 17 29 4 15 29 36 22 22 71 49 34 43 72 41 40 64 92 61 17 41 42 29 34 11 19 79 53 27 24 19 36 57 46 22 12 22 19 17 23 24 49 50 80 81 85 65 63 66 46 61 40 51 36 36 29 29 32 14 20 49 25 54 65 51 35 22 24 22 14 52 77 84 49 65 60 42 77 61 44 56 69 57 74 49 42 30 61
26 44 65 62 10 11 31 29 43 22 22 7 25 54 36 12 21 81 33 50 41 42 30 68 45 53 32 45 56 43 33 34 19 54 86 67 50 19 16 47 28 14 28 10 17 11 14 20 22 30 26 71 70 84 68 65 78 51 69 62 52 55 29 31 33 22 49 22 40 56 70 71 49 30 36 17 17 28 18 68 63 62 33 62 74 38 47 50 62 52 59 48 32 41 41 81
14 20 29 38 50 12 22 13 12 37 31 14 23 46 37 22 34 76 45 44 26 19 71 73 65 54 27 62 59 44 21 13 60 89 86 83 76 35 46 47 41 8 25 16 21 30 26 18 24 8 6 33 77 87 60 69 60 64 83 74 55 36 24 17 54 28 67 45 35 57 73 68 31 23 34 31 34 32 25 32 67 81 75 51 28 61 71 71 61 72 30 47 46 65 46 77
10 15 30 17 37 40 28 27 13 25 43 11 25 52 34 45 36 49 56 68 64 19 43 50 80 69 65 68 66 70 44 80 89 79 76 87 81 43 37 58 35 14 28 19 21 31 29 19 25 16 23 35 77 81 58 47 55 85 80 79 50 23 41 51 70 52 80 70 57 34 75 56 61 52 45 34 31 38 29 26 41 76 63 78 71 41 68 30 68 36 34 58 46 77 49 62
8 5 3 3 12 26 10 5 10 18 23 14 35 57 40 14 33 27 50 65 73 63 30 36 39 44 74 86 59 61 79 85 86 72 78 76 64 77 54 61 39 65 48 55 28 37 47 49 33 33 21 39 67 89 68 51 79 69 82 73 50 38 38 50 80 59 73 68 57 38 63 52 42 18 41 26 12 31 32 19 11 59 75 67 52 84 61 58 60 59 57 68 73 76 78 44
6 3 0 1 9 9 2 5 8 15 8 23 55 45 14 8 17 23 49 53 67 87 54 29 25 37 76 76 83 43 84 71 68 68 88 83 63 78 52 63 54 88 43 70 52 42 37 26 27 25 23 19 44 82 68 77 67 79 89 66 42 45 57 73 74 59 68 64 50 16 22 30 54 51 58 36 17 28 35 41 49 13 63 69 65 76 83 86 92 72 85 87 74 43 78 32
9 7 2 1 8 5 3 7 11 8 12 22 35 39 13 5 37 37 32 38 47 60 74 72 52 36 58 69 82 77 75 86 83 54 56 45 48 75 32 44 89 78 58 42 32 46 31 40 48 51 52 25 33 60 60 68 67 81 82 67 60 73 71 74 78 40 63 67 50 23 22 45 62 55 38 67 28 23 34 39 45 30 19 60 66 85 77 51 52 66 66 83 74 45 57 68
11 5 4 1 4 2 2 14 7 7 6 12 51 29 9 5 32 19 31 44 43 57 67 67 69 42 48 25 45 74 63 69 74 65 64 62 48 38 53 87 53 71 36 23 37 64 48 49 56 59 46 44 27 31 28 51 67 72 81 62 50 62 62 84 79 53 61 75 31 12 14 38 35 47 81 67 36 36 17 46 36 51 49 19 57 79 77 74 74 66 48 45 62 40 26 46
5 5 2 1 1 1 1 8 8 3 14 29 49 44 9 4 18 5 18 54 54 60 25 36 62 51 51 39 66 90 83 78 55 68 52 34 40 33 66 42 42 40 21 56 81 62 53 55 43 34 31 31 26 24 10 15 47 64 80 50 67 64 83 89 87 51 77 62 51 27 17 29 53 70 88 43 34 65 29 42 40 46 57 40 17 63 66 50 32 46 42 40 31 44 43 40
12 9 5 2 2 1 1 2 5 7 10 35 21 15 21 8 22 4 2 13 18 47 31 28 28 17 36 54 78 88 66 74 77 73 66 40 22 36 77 23 53 56 69 77 79 59 74 35 25 34 62 59 66 62 56 24 9 7 37 49 53 64 81 88 87 61 90 66 64 52 28 31 52 86 71 33 63 58 33 28 48 55 55 46 35 11 30 52 43 43 26 40 61 68 54 52
6 5 2 1 1 1 0 0 2 8 14 16 16 6 6 3 21 7 3 19 17 22 15 23 30 28 23 50 27 55 60 59 60 51 18 30 44 47 51 27 67 67 83 69 63 48 81 72 73 56 58 53 54 37 42 15 7 7 10 34 62 84 77 86 79 53 79 74 40 30 36 56 49 70 43 53 78 64 57 67 54 58 43 42 46 31 9 18 22 29 46 56 63 65 60 47
3 2 2 2 1 1 1 0 1 2 7 12 13 9 5 3 21 5 2 9 7 9 11 17 12 31 29 39 25 9 22 27 22 18 41 47 65 79 53 51 31 68 92 62 39 77 72 63 77 58 59 46 32 39 37 42 22 10 11 55 78 74 83 88 84 81 76 83 68 27 46 37 41 20 31 72 66 33 57 36 45 44 40 38 46 33 41 18 6 31 49 67 75 66 59 33
5 2 5 7 4 3 3 2 1 2 4 8 7 5 4 2 9 3 1 3 7 6 5 6 9 20 20 23 26 17 7 6 10 31 39 71 80 55 60 69 48 83 88 60 72 68 65 43 86 62 72 57 67 71 70 53 33 13 15 27 69 63 83 84 79 72 77 83 73 45 31 46 51 46 50 56 68 84 44 54 34 27 48 40 27 44 58 52 19 18 23 22 30 38 40 33
17 14 9 15 12 8 9 7 3 1 2 3 3 4 2 3 2 2 1 3 3 4 2 3 7 9 13 15 16 29 5 6 11 29 77 81 60 42 68 75 63 73 80 65 58 68 63 58 84 68 57 71 59 66 66 51 33 16 10 14 17 59 74 78 70 63 79 73 47 18 30 59 30 51 74 65 75 52 27 66 39 37 44 43 69 51 32 38 46 44 37 14 8 8 12 16
26 13 21 20 21 14 20 10 4 4 0 1 1 1 2 1 2 2 1 1 3 3 2 2 2 2 14 10 10 4 7 3 16 66 62 63 26 56 83 67 50 53 62 27 35 83 54 77 83 78 56 71 81 53 27 29 31 32 25 16 18 32 53 64 64 62 46 52 26 24 44 46 40 59 69 77 61 46 57 64 57 31 47 74 70 67 49 43 48 49 58 49 28 10 5 10
27 29 35 20 31 23 14 12 10 9 8 3 1 0 0 1 2 1 1 1 1 1 1 1 1 2 8 15 6 5 8 2 27 51 37 22 32 73 86 72 36 42 41 32 77 66 50 53 87 86 47 54 53 69 51 30 8 15 18 26 22 30 23 31 20 40 48 43 19 39 54 53 47 45 67 61 54 63 34 21 59 52 59 69 72 57 53 46 34 41 53 44 35 16 12 3
43 28 40 41 35 20 18 20 11 11 7 6 5 2 1 0 1 1 0 1 1 1 1 1 1 1 2 9 2 3 8 2 13 27 13 20 29 50 48 56 41 46 26 66 72 29 55 88 85 78 78 36 21 28 21 25 10 11 23 34 21 33 22 14 13 26 21 19 17 45 45 63 36 59 66 59 75 41 48 35 62 35 34 39 47 67 66 48 37 29 48 39 41 33 26 9
29 21 45 45 17 24 10 10 21 15 9 7 6 4 3 1 0 0 0 0 0 0 0 1 0 0 1 1 1 11 4 1 2 4 7 27 34 46 78 58 51 35 50 51 48 45 50 88 83 74 92 70 43 54 48 25 11 7 4 11 35 22 18 9 12 24 17 14 22 34 53 59 53 28 35 35 47 44 42 51 14 62 47 53 56 64 58 61 68 47 46 46 48 53 27 18
18 33 69 43 37 19 37 17 28 22 12 10 7 2 2 2 1 1 1 1 1 1 0 0 0 0 0 0 2 10 1 2 3 2 10 30 36 10 33 30 42 34 34 49 36 44 65 86 81 81 84 85 44 28 22 17 14 16 11 2 4 10 10 9 10 15 12 13 15 33 45 61 54 57 19 33 50 44 24 30 52 36 27 59 62 59 62 69 59 71 59 67 63 56 38 26
24 40 61 37 32 29 17 18 31 20 17 13 8 6 3 4 2 3 3 3 2 3 1 1 2 1 0 0 1 4 1 2 3 3 9 12 12 15 11 5 28 42 23 19 29 69 81 81 74 64 78 78 59 43 46 52 41 25 18 6 1 8 6 5 9 7 7 10 22 31 31 42 39 36 47 44 35 56 83 83 73 75 54 56 51 51 56 64 75 63 77 71 61 58 53 46
27 57 23 28 35 26 23 13 26 23 9 6 13 5 4 3 3 4 4 4 4 3 3 2 1 2 1 0 0 2 0 1 3 4 6 7 9 14 14 5 12 44 28 11 35 49 82 72 34 30 42 67 82 73 52 45 37 22 10 4 2 8 4 2 4 5 8 16 24 33 32 37 43 59 72 74 66 83 81 79 71 55 42 29 32 54 73 65 63 69 76 76 73 74 63 52
56 21 29 25 19 30 28 18 9 10 13 15 13 10 4 6 5 5 6 9 9 5 7 3 5 2 2 0 0 1 1 1 1 3 7 8 13 11 11 3 6 15 23 7 26 29 58 34 18 22 48 56 80 73 64 45 38 23 10 7 2 3 2 2 7 5 10 25 24 31 35 34 65 71 86 71 78 70 75 55 27 21 26 47 19 50 64 60 76 84 75 60 42 35 27 22
20 24 41 61 51 35 12 7 8 22 21 15 8 14 12 11 9 15 12 12 12 11 7 8 6 3 1 1 0 0 0 0 0 3 4 17 22 13 14 5 4 4 7 2 8 16 11 19 23 38 42 65 84 74 65 61 51 35 27 11 3 2 3 1 5 8 13 11 11 22 44 48 55 60 63 67 71 60 42 34 39 30 53 56 81 58 43 67 83 72 57 59 57 51 44 37
43 55 45 15 13 19 21 9 17 27 26 20 18 17 16 22 12 18 17 21 8 17 14 11 6 3 1 1 0 0 0 0 0 1 3 7 7 11 15 7 8 6 7 2 5 12 19 50 67 68 85 67 85 80 73 52 52 28 17 9 3 3 2 1 1 2 5 14 24 23 39 63 39 47 45 62 64 25 15 30 29 38 69 61 79 58 77 63 68 59 60 61 55 59 60 51
47 28 35 33 30 17 24 12 32 31 30 29 44 25 33 28 25 38 27 17 18 18 22 7 8 4 2 1 0 0 0 0 0 1 2 3 9 16 17 4 3 5 5 3 6 15 42 27 57 60 57 53 89 82 72 43 26 16 10 3 2 1 1 0 0 2 7 23 31 25 32 55 47 35 30 41 27 32 53 52 34 67 68 61 71 79 65 62 61 56 47 56 59 66 58 72
26 23 14 12 12 10 5 19 39 34 35 53 37 42 40 41 46 20 15 36 25 29 25 8 4 3 3 2 1 1 0 0 0 0 2 1 1 5 11 4 3 4 4 5 12 14 7 20 37 74 43 61 80 62 63 48 30 14 5 3 2 1 0 1 0 1 5 13 36 24 27 12 23 37 29 43 47 49 45 42 45 72 63 58 65 63 39 66 39 46 57 66 66 47 75 75
15 22 31 35 30 16 14 24 38 57 53 51 37 46 66 61 37 22 24 46 32 17 14 11 5 3 3 3 2 1 1 1 0 0 1 2 1 1 1 1 1 2 2 3 9 7 10 23 62 22 19 47 84 63 43 23 15 12 11 6 2 1 0 0 0 1 4 6 12 19 19 16 36 28 37 46 60 72 70 71 67 87 63 43 41 51 64 82 78 53 55 58 49 57 63 57
27 47 33 55 25 23 26 44 44 59 57 25 26 50 49 37 29 29 42 63 24 17 15 12 7 6 3 2 2 1 0 1 1 0 0 1 1 1 1 0 1 1 2 2 3 8 14 8 46 15 32 62 80 45 22 20 13 6 4 5 2 2 0 0 0 0 2 2 7 9 19 28 43 42 68 71 82 53 38 27 80 79 79 53 20 53 74 89 84 77 81 51 71 54 49 79
44 46 66 56 30 48 46 50 68 61 46 33 37 58 41 57 22 34 63 31 21 16 20 16 14 10 5 3 1 2 1 1 1 1 0 0 1 0 0 0 0 1 1 1 2 5 9 8 5 11 34 69 76 40 27 19 8 6 5 3 2 1 1 0 0 0 2 6 11 17 26 33 48 61 71 64 33 35 29 73 77 79 81 83 41 57 83 84 72 66 64 70 50 55 36 55
61 64 39 31 39 49 49 70 37 51 23 46 51 79 62 44 25 59 19 15 34 18 12 8 9 7 7 5 4 3 3 2 1 1 1 0 0 1 0 0 0 0 1 1 3 9 3 9 2 4 22 53 84 72 28 17 10 3 4 2 2 1 1 0 0 1 4 11 24 28 29 38 49 46 42 50 44 60 73 80 74 78 67 81 72 62 66 37 22 20 49 81 70 49 32 36
71 54 39 29 40 54 66 16 61 27 32 53 70 73 51 28 58 49 29 12 11 18 6 6 11 11 15 6 9 8 5 4 2 1 1 1 1 0 0 0 0 0 0 2 2 4 1 4 1 7 14 9 46 55 25 12 4 3 2 1 2 2 1 0 0 2 5 7 11 16 21 26 33 40 63 69 68 69 73 64 70 60 46 72 65 45 37 47 63 67 82 41 56 52 30 27
36 54 42 35 49 71 72 27 57 51 68 52 80 50 35 47 59 25 27 23 49 28 12 9 17 25 17 21 16 18 7 2 1 3 2 1 1 1 0 0 0 1 1 1 2 1 2 4 1 5 6 34 43 20 18 13 11 5 2 1 2 2 1 1 0 0 2 7 11 11 15 20 33 33 32 34 37 38 84 46 67 72 53 48 40 27 63 68 67 81 77 60 46 59 59 56
86 37 57 56 68 45 51 61 60 50 59 58 51 43 42 73 32 42 35 62 53 28 34 23 13 33 38 34 43 21 13 3 1 1 1 1 1 1 1 0 0 0 1 1 0 1 8 2 1 4 29 36 50 13 11 15 7 5 3 2 2 1 1 0 0 0 1 2 5 7 3 10 10 13 30 46 45 48 73 65 53 67 85 40 30 48 49 60 78 70 65 74 58 58 46 57
80 94 88 91 85 58 16 10 58 35 66 74 84 77 61 68 65 74 55 68 52 49 46 39 36 45 63 62 26 25 14 6 7 3 2 2 1 1 1 0 0 0 1 1 0 0 1 1 0 4 13 44 37 8 11 11 9 4 2 2 2 1 1 0 0 0 3 5 6 14 18 30 47 45 28 30 47 78 73 75 76 56 57 68 37 42 63 63 54 38 74 86 56 46 58 66
63 87 73 81 77 61 75 35 55 45 21 38 81 86 89 61 46 54 65 66 61 54 65 48 61 59 71 52 46 38 26 16 9 8 7 2 2 2 1 1 0 0 0 0 1 1 1 0 0 3 9 6 19 5 15 6 9 6 3 1 1 1 1 0 0 1 3 7 11 22 41 37 23 41 64 45 61 77 77 89 77 62 54 47 11 24 28 47 69 81 87 64 85 56 53 61
46 85 62 77 76 65 87 63 41 73 51 41 68 77 73 63 72 51 77 87 87 69 58 43 78 65 66 50 34 24 27 18 16 14 11 5 3 2 1 1 1 0 0 0 1 0 1 0 0 1 2 4 20 11 22 16 6 8 3 3 1 0 0 0 0 2 4 5 11 22 43 57 63 54 71 76 79 77 69 84 82 50 31 26 14 23 47 67 61 90 62 71 81 84 59 58
50 79 66 63 80 55 62 25 45 75 57 32 12 55 66 64 73 56 51 80 84 47 71 37 68 53 67 48 38 16 23 36 31 25 18 5 2 2 2 1 0 0 0 0 1 1 1 0 0 0 2 8 20 4 6 2 7 8 7 2 0 0 0 0 1 2 5 4 10 19 31 48 43 31 33 47 83 58 79 80 87 83 22 14 14 31 60 40 72 84 71 80 67 62 44 66
14 39 25 50 72 58 57 14 47 80 43 24 15 30 66 62 65 60 28 33 61 42 38 58 27 24 73 41 21 11 6 9 15 11 11 10 4 4 4 1 1 0 0 0 0 1 1 0 0 1 2 10 6 13 5 2 2 2 1 0 1 0 0 0 0 1 2 3 6 11 18 16 25 42 45 61 87 89 72 62 76 81 59 14 7 23 24 49 79 67 61 29 22 31 43 63
14 41 67 49 58 39 69 44 56 81 65 34 29 26 63 78 46 10 11 22 31 18 24 65 33 15 55 43 48 15 1 10 24 18 6 13 8 6 2 1 0 0 0 0 0 1 1 0 0 2 3 6 2 3 3 3 1 0 1 1 1 0 0 0 1 1 1 2 3 9 18 23 43 44 55 80 88 87 82 45 50 63 54 23 7 15 36 60 57 29 29 60 60 59 63 75
23 13 13 18 25 39 71 27 61 62 82 48 27 22 23 19 13 10 10 26 21 19 13 55 17 36 43 30 49 59 21 10 11 7 9 13 9 5 2 2 1 0 0 0 0 0 1 0 0 1 3 6 0 1 2 5 2 1 1 1 0 0 0 0 0 2 11 7 12 28 42 64 72 55 70 92 88 87 80 57 13 27 44 39 8 17 33 57 42 45 86 64 47 54 41 76
26 31 13 13 24 38 63 52 34 51 75 48 17 7 25 26 10 25 9 11 16 15 12 53 15 10 39 29 34 48 27 17 22 6 3 3 1 2 1 1 1 1 0 0 0 0 0 0 0 1 3 3 0 1 1 1 2 2 1 0 0 0 0 0 0 2 4 14 36 46 74 51 31 49 80 92 86 75 72 73 56 14 40 36 9 18 36 34 28 70 69 49 63 79 22 11
26 33 23 13 19 13 55 61 49 20 75 37 12 4 18 17 25 26 18 10 13 16 3 19 41 4 11 13 36 61 21 4 9 5 9 8 5 3 2 1 1 0 0 0 0 0 0 0 0 1 3 2 0 1 1 1 1 1 0 0 0 0 0 0 0 2 5 16 30 32 16 23 47 56 75 76 82 72 60 44 56 19 13 17 14 29 21 19 59 85 45 59 67 75 67 23
37 24 23 8 8 10 36 66 28 23 57 50 26 4 15 15 32 26 21 13 13 25 9 11 63 9 13 14 30 33 35 23 19 20 13 8 6 4 3 1 0 0 0 0 0 0 0 0 0 2 5 3 1 1 1 0 0 1 1 0 0 0 0 0 1 3 15 20 15 12 28 39 54 86 74 62 79 43 25 20 45 23 12 3 5 20 23 42 80 53 43 56 78 64 65 31
65 14 24 10 8 11 22 27 7 7 64 36 4 2 13 14 30 21 32 20 22 18 16 12 22 12 5 14 20 17 30 33 17 9 6 3 3 3 3 2 1 0 0 0 0 0 0 0 0 1 3 2 1 0 0 0 0 0 0 0 0 0 0 0 1 6 8 5 5 11 36 47 78 83 80 55 35 52 16 17 42 13 4 2 9 27 41 54 65 23 54 82 74 68 79 41
15 24 9 8 6 5 7 12 8 12 42 18 7 2 8 11 25 7 21 14 11 16 14 10 14 20 8 4 2 11 11 24 10 5 6 4 2 1 2 1 0 0 0 0 0 0 0 0 1 2 2 0 0 0 0 0 0 0 0 0 0 0 0 0 1 4 2 1 8 28 39 48 80 84 64 49 29 37 37 8 12 9 3 3 12 16 34 62 36 37 75 66 64 66 60 52
13 9 18 17 6 6 2 3 3 4 11 5 14 5 3 8 24 8 5 14 5 3 2 17 16 27 3 2 1 3 15 26 25 9 4 2 2 1 1 0 0 0 0 0 0 0 0 0 0 1 1 1 0 0 0 0 0 0 0 0 0 0 0 0 2 1 0 2 12 29 44 73 71 69 58 48 28 18 33 11 5 7 2 3 9 16 44 47 34 26 31 51 45 40 56 63
25 12 8 20 21 11 8 2 2 6 4 4 12 13 3 6 11 12 3 4 3 4 3 34 12 16 6 1 1 1 3 5 18 16 6 3 2 1 0 0 1 0 0 0 0 0 0 0 1 1 1 1 1 0 0 0 0 0 0 0 0 0 0 1 0 0 1 5 16 48 56 77 73 55 27 12 8 8 12 11 8 2 1 3 6 11 25 23 16 13 30 26 19 35 53 66
26 15 6 10 11 20 7 2 1 4 5 2 2 4 2 3 6 9 3 2 2 1 1 4 1 3 11 1 1 1 1 4 15 17 5 3 3 7 4 2 1 0 0 0 0 0 0 0 0 0 0 0 1 0 0 0 0 0 0 0 0 0 0 0 0 0 1 3 17 70 67 62 77 65 29 13 3 1 3 6 4 1 1 1 5 10 18 11 7 22 34 41 71 58 72 65
56 26 11 3 7 13 17 2 3 6 7 3 1 2 2 1 3 9 2 1 1 1 0 2 0 1 5 3 1 1 0 1 5 30 12 4 2 1 1 1 0 0 0 0 0 0 0 0 0 0 0 0 0 1 0 0 0 0 0 0 0 0 0 0 0 2 4 17 35 42 76 77 55 69 53 22 9 3 1 1 3 2 0 0 1 3 4 2 8 21 31 68 71 62 57 62
36 70 20 8 2 3 3 3 3 4 4 2 4 1 1 0 1 7 3 1 1 1 0 1 1 0 2 3 1 1 1 0 2 7 20 9 3 2 3 2 1 0 0 0 0 0 0 0 0 0 0 0 0 0 0 0 0 0 0 0 0 0 0 0 1 4 7 5 15 36 64 55 44 40 57 23 8 2 1 0 0 0 0 0 1 1 1 4 14 23 56 62 39 54 64 63
7 49 56 28 9 3 1 5 2 1 2 1 5 2 1 1 1 7 3 2 0 0 0 1 1 0 1 1 1 1 1 0 2 1 2 13 4 1 2 1 1 0 0 0 0 0 0 0 0 0 0 0 0 0 0 0 0 0 0 0 0 0 0 0 1 1 1 6 43 48 51 44 30 29 28 21 8 3 2 1 0 0 0 0 2 6 6 4 9 29 31 23 28 51 68 61
4 20 25 42 13 6 2 4 4 1 3 1 2 2 3 1 1 1 5 1 0 0 0 0 1 0 1 1 0 1 1 0 1 2 1 1 11 4 3 1 1 0 0 0 0 0 0 0 0 0 0 0 0 0 0 0 0 0 0 0 0 0 0 0 1 1 3 7 34 60 51 61 42 10 8 11 7 5 3 1 0 0 0 0 2 4 14 23 9 8 8 22 41 53 77 54
8 12 9 20 7 3 3 3 4 2 1 1 1 2 2 1 1 1 2 1 0 0 0 1 2 1 1 1 0 0 2 1 0 1 1 3 4 1 5 1 0 0 0 0 0 0 0 0 0 0 0 0 0 0 0 0 0 0 0 0 0 0 0 0 0 1 3 12 29 41 73 60 52 22 6 3 4 3 2 1 0 0 0 1 2 6 16 38 36 27 32 24 43 53 79 66
4 8 2 9 9 8 4 2 3 2 1 1 1 1 1 1 1 1 0 1 1 0 0 0 0 1 1 1 0 0 0 0 0 1 1 3 3 1 7 1 1 1 0 0 0 0 0 0 0 0 0 0 0 0 1 0 0 0 0 0 0 0 0 0 0 1 3 8 26 20 57 49 35 26 24 7 5 2 1 0 0 0 0 1 5 12 21 35 53 48 48 47 42 68 91 77
5 4 3 2 3 2 2 2 7 4 2 0 1 1 1 1 1 1 1 1 1 0 0 0 0 1 0 1 0 0 0 0 0 0 6 8 2 2 1 1 1 1 0 0 0 0 0 0 0 0 0 0 0 0 0 0 0 0 0 0 0 0 0 0 0 1 3 16 34 45 47 54 39 18 11 9 3 2 0 0 0 0 1 0 1 7 14 24 36 27 50 56 75 91 90 75
2 4 2 1 1 1 1 1 1 1 1 1 0 0 0 0 0 0 0 1 1 0 0 0 0 1 0 0 0 0 0 0 1 2 2 4 6 15 10 5 1 0 0 0 0 0 0 0 0 0 0 0 0 0 0 0 0 0 0 0 0 0 0 0 1 3 12 28 35 48 49 45 40 23 5 3 3 1 0 0 0 1 3 2 2 1 4 7 13 33 39 68 66 89 87 64
1 2 1 1 0 0 0 0 0 0 0 0 0 0 0 0 0 0 0 0 0 0 0 0 0 0 0 0 0 0 0 0 0 0 1 1 1 1 1 0 1 0 0 0 0 0 0 0 0 0 0 0 0 0 0 0 0 0 0 0 0 0 0 0 1 1 4 8 28 43 24 50 23 13 4 2 1 1 0 0 0 1 2 5 15 9 11 13 26 52 59 64 77 77 65 49
0 0 0 0 0 0 0 0 0 0 0 0 0 0 0 0 0 0 0 0 0 0 0 0 0 0 1 0 0 0 0 0 0 0 0 0 0 0 0 0 0 0 0 0 0 0 0 0 0 0 0 0 0 0 0 0 0 0 0 0 0 0 0 0 1 2 2 7 14 13 19 23 17 7 2 1 0 0 0 0 0 0 1 3 6 19 36 33 52 75 69 52 65 48 52 38
1 0 0 0 0 0 0 1 0 0 1 1 1 1 0 0 0 0 0 0 0 0 0 0 0 0 0 0 0 0 0 0 0 0 0 0 0 0 0 0 1 0 0 0 0 0 0 0 0 0 0 0 0 0 0 0 0 0 0 0 0 0 0 0 0 1 3 11 9 11 18 9 8 2 1 0 0 0 0 0 0 1 2 5 7 24 64 62 24 34 73 84 48 17 16 27
3 1 0 1 1 1 1 2 1 2 3 4 6 3 2 1 1 0 0 0 0 0 0 0 0 0 0 0 0 0 0 0 0 0 0 0 0 0 0 0 0 0 0 0 0 0 0 0 0 0 0 0 0 0 0 0 0 0 0 0 0 0 0 0 0 2 3 3 4 7 6 4 4 1 1 0 0 0 0 0 1 2 4 9 29 33 28 8 20 57 87 81 73 18 7 9
6 2 1 3 3 4 4 5 6 7 6 6 6 10 3 2 1 1 1 0 0 0 0 0 0 0 0 0 0 0 0 0 0 0 0 0 0 0 0 0 0 0 0 0 0 0 0 0 0 0 0 0 0 0 0 0 0 0 0 0 0 0 0 0 1 2 5 2 1 1 2 2 1 1 0 0 0 0 0 1 2 3 9 21 22 7 4 10 28 77 82 65 37 34 3 1
9 6 3 10 10 18 10 13 21 14 19 12 20 11 6 4 5 2 1 1 1 0 0 0 0 0 0 0 0 0 0 0 0 0 0 0 0 0 0 0 0 0 0 0 0 0 0 0 0 0 0 0 0 0 0 0 0 0 0 0 0 0 0 0 1 2 4 3 1 2 1 1 0 0 0 0 0 0 0 1 2 7 7 4 2 2 6 19 43 63 61 51 17 34 6 1
20 13 9 24 39 61 43 33 49 40 34 23 44 30 24 14 4 1 1 3 1 0 0 0 0 0 0 0 0 0 0 0 0 0 0 0 0 0 0 0 0 0 0 0 0 0 0 0 0 0 0 0 0 0 0 0 0 0 0 0 0 0 0 0 1 2 6 3 1 1 1 0 0 0 0 0 0 0 0 1 3 3 2 0 2 8 14 41 60 41 43 20 9 12 17 1
57 61 43 33 36 33 20 12 35 19 19 19 19 31 30 8 6 6 5 4 2 0 0 0 1 0 0 0 0 0 0 0 0 0 0 0 0 0 0 0 0 0 0 0 0 0 0 0 0 0 0 0 0 0 0 0 0 0 0 0 0 0 0 0 0 2 7 6 1 1 0 0 0 0 0 0 0 0 0 1 1 0 0 1 4 10 18 59 62 83 30 5 3 4 7 1
47 31 54 34 28 34 29 20 14 11 19 26 16 11 20 37 22 7 1 1 1 0 0 0 0 0 0 0 0 0 0 0 0 0 0 0 0 0 0 0 0 0 0 0 0 0 0 0 0 0 0 0 0 0 0 0 0 0 0 0 0 0 0 0 0 1 3 8 3 1 0 0 0 0 0 0 0 0 0 0 0 0 2 4 6 10 35 31 46 56 46 6 1 0 3 2
44 13 44 40 12 5 14 20 21 19 8 7 38 10 13 23 10 6 3 2 1 0 1 0 0 1 0 0 0 0 0 0 0 0 0 0 0 0 0 0 0 0 0 0 0 0 0 0 0 0 0 0 0 0 0 0 0 0 0 0 0 0 0 0 0 0 1 4 2 1 0 0 0 0 0 0 0 0 0 0 0 1 2 3 13 25 33 27 19 17 40 10 2 0 0 1
