sesion_6_simulaciones/modelos_agentes/ejemplos_netlogo/scenarios/cgcm2_b2/rob_2077.asc
NCOLS 322 
NROWS 307 
XLLCORNER 451900 
YLLCORNER 4086900 
CELLSIZE 100 
NODATA_value -9999 
[rows 219 to 291 of 307, columns 0 to 95 of 322]
23 20 8 13 22 47 52 18 24 4 11 11 6 3 13 7 11 17 8 6 5 24 12 16 7 28 23 31 18 27 26 48 38 40 64 73 55 47 42 57 29 28 30 50 60 56 65 42 63 73 68 83 87 71 66 83 83 65 82 79 77 82 60 64 39 32 27 19 10 2 3 2 1 1 1 1 1 0 0 0 0 0 0 0 0 0 0 0 0 0 0 0 0 0 1 3
36 40 29 29 46 54 59 45 18 15 25 15 18 14 13 18 14 5 5 7 10 31 12 13 26 31 14 58 50 37 50 59 48 52 66 37 24 39 21 53 42 34 34 49 61 68 72 61 68 77 69 80 78 77 32 46 79 85 84 69 26 19 39 32 57 32 18 27 6 3 2 2 2 1 0 0 0 0 0 0 0 0 0 0 0 0 0 0 0 0 0 0 0 0 1 1
25 6 30 36 48 42 50 30 8 16 16 21 43 34 15 16 7 11 9 10 3 7 44 29 18 5 12 31 41 33 32 43 60 35 63 22 36 27 9 51 38 39 50 61 60 75 79 64 81 87 65 45 46 38 23 24 60 69 57 35 43 32 27 35 23 18 14 6 10 5 5 2 1 1 1 0 0 0 0 0 0 0 0 0 0 0 0 1 1 1 1 0 0 1 2 2
12 17 29 47 42 26 41 31 6 18 21 24 46 18 16 9 9 4 4 6 16 25 30 35 25 23 18 34 50 28 16 43 57 26 52 41 25 26 36 62 30 30 47 59 53 76 50 59 64 84 83 56 42 40 37 20 27 42 25 31 33 20 13 31 18 21 8 11 5 4 3 2 1 0 0 0 0 0 0 0 0 0 0 0 0 0 1 1 2 1 0 0 1 3 6 3
31 34 25 17 21 29 31 42 25 11 13 28 30 15 8 8 9 18 23 22 26 38 23 62 41 39 32 31 34 43 27 38 27 33 59 16 20 27 34 62 60 47 41 65 26 17 31 19 22 64 73 57 53 35 27 27 15 17 28 29 23 34 14 15 24 9 7 8 7 3 1 1 1 0 0 0 0 0 0 0 0 0 0 0 0 0 1 1 3 3 1 2 3 4 1 0
33 49 60 74 52 45 41 42 26 34 41 56 25 16 16 23 20 38 17 20 63 16 31 36 37 28 20 54 41 34 33 38 29 50 33 23 32 42 36 59 52 53 51 83 79 66 55 55 48 25 32 46 30 26 18 17 16 22 20 19 18 21 11 29 28 11 7 4 3 1 1 1 0 0 0 0 0 0 0 0 0 0 0 0 0 1 1 2 6 5 2 3 5 3 1 0
35 54 50 57 64 67 34 25 17 49 54 37 23 15 19 23 8 4 3 37 19 30 58 39 26 42 31 37 31 21 28 29 48 13 14 40 28 51 34 58 53 63 69 50 54 71 57 71 70 46 26 27 18 25 12 13 13 21 15 12 16 8 6 5 7 5 2 2 1 1 1 0 0 0 0 0 0 0 0 0 0 0 0 0 0 2 2 3 12 11 9 9 3 1 1 1
9 19 25 18 34 76 53 8 31 42 56 22 35 30 6 4 3 2 16 51 15 39 53 59 39 37 25 10 28 18 30 54 41 19 34 38 54 62 42 48 71 79 72 45 57 62 65 35 67 78 32 23 9 13 13 19 12 9 9 6 4 3 4 2 1 2 4 2 1 0 0 0 0 0 0 0 0 0 0 0 0 0 0 0 0 2 7 10 16 21 9 3 2 1 1 0
37 23 27 30 33 32 14 18 19 27 46 50 52 12 3 3 15 26 45 63 29 31 47 74 57 24 38 16 21 34 12 31 62 26 20 21 44 48 79 85 53 46 34 70 45 49 70 51 41 17 31 34 29 24 21 20 18 9 7 5 4 2 2 1 1 2 1 0 0 0 0 0 0 0 0 0 0 0 0 0 0 0 1 1 1 2 8 30 17 2 1 0 1 1 0 0
33 26 22 44 31 31 33 30 20 43 41 33 25 10 17 41 46 49 53 68 26 40 40 63 13 13 36 10 27 38 12 12 34 31 20 39 31 22 65 79 64 42 60 43 83 59 36 41 36 31 22 42 38 34 32 22 10 9 3 2 1 0 0 0 1 1 1 0 0 0 0 0 0 0 0 0 0 0 0 0 0 1 1 1 2 4 7 30 9 2 2 1 1 1 0 1
9 18 42 26 22 25 41 39 34 37 32 50 33 36 33 52 43 26 60 55 26 30 26 27 11 42 13 4 27 26 12 21 18 28 57 70 53 39 23 40 50 30 24 19 41 79 58 38 33 31 24 23 23 33 34 27 10 6 2 1 0 0 0 2 1 1 0 0 0 0 0 0 0 0 0 0 0 0 0 0 1 1 2 2 7 10 14 15 4 2 2 4 1 1 0 0
37 28 29 31 38 35 54 33 43 36 24 40 26 52 33 48 48 36 38 62 11 21 18 14 24 6 14 16 14 24 8 19 10 23 22 47 41 65 33 13 36 55 45 46 59 28 36 26 19 21 15 14 24 22 16 15 14 8 5 1 2 1 1 1 1 1 0 0 0 0 0 0 0 0 0 0 0 0 0 1 2 1 3 3 3 19 45 14 6 7 9 5 1 1 1 0
15 35 39 44 25 27 34 64 22 36 25 19 33 36 24 48 46 31 21 35 17 14 13 25 14 10 12 10 9 13 7 13 43 31 20 15 54 31 38 31 14 25 69 75 79 50 22 14 29 30 26 10 14 20 13 12 8 2 2 4 2 1 0 1 0 0 0 0 0 0 0 0 0 0 0 0 0 1 2 3 5 5 6 3 2 11 31 9 5 14 9 3 1 1 1 0
11 15 32 39 30 33 29 49 25 23 24 24 19 33 22 27 55 17 14 21 8 11 3 12 9 10 6 4 9 8 11 17 25 53 31 33 21 26 36 14 26 21 20 35 35 25 23 15 26 17 25 13 12 10 9 13 5 2 1 1 1 0 0 0 0 0 0 0 0 0 0 0 0 0 0 0 1 2 3 7 11 18 9 4 3 6 14 13 14 9 3 1 1 0 1 1
6 6 30 18 19 48 36 24 36 23 39 32 23 39 26 18 24 10 13 9 10 4 2 2 6 7 3 4 9 6 6 11 9 11 9 20 11 14 17 9 21 35 60 34 32 16 17 7 10 9 13 9 9 10 10 5 3 1 0 0 1 1 0 1 1 0 0 0 0 0 0 0 0 0 0 0 1 4 5 13 32 25 17 17 6 9 36 37 18 7 4 2 1 2 1 0
8 4 5 14 15 30 48 45 57 17 25 38 8 21 10 15 36 6 9 10 9 11 2 4 7 3 1 12 20 28 29 6 19 15 31 33 33 37 28 36 48 52 56 61 58 54 47 22 22 34 19 9 7 5 3 3 1 1 0 1 1 2 2 1 0 0 0 0 0 0 0 0 0 0 1 0 2 4 8 16 18 36 26 31 21 48 28 26 12 13 8 6 3 2 1 1
1 2 8 11 17 17 19 30 16 27 30 18 3 4 3 4 21 3 3 3 1 5 3 4 2 3 2 6 19 13 52 63 51 47 67 48 51 34 35 40 51 56 55 73 44 26 22 6 13 23 31 18 8 4 3 3 2 2 4 2 1 1 1 1 0 0 0 0 0 0 0 0 1 1 2 1 1 3 10 20 43 33 41 36 55 35 35 29 9 9 18 11 6 2 1 2
1 4 1 2 3 13 17 17 13 13 11 16 3 10 2 8 3 2 2 1 2 1 1 1 4 4 16 14 21 12 20 48 78 57 70 89 87 71 69 63 26 67 73 65 76 61 57 31 25 25 19 14 14 5 4 9 8 4 2 1 1 2 1 0 0 0 0 0 0 0 0 0 2 3 3 1 2 2 6 8 42 58 54 24 21 69 31 32 26 25 10 9 6 4 2 2
0 1 1 2 3 9 7 17 24 14 5 2 4 0 2 4 2 28 1 6 27 15 7 2 2 1 2 5 7 14 15 17 22 71 58 82 86 82 80 70 66 35 76 77 78 56 59 38 24 22 10 8 3 4 1 1 2 2 2 1 1 0 0 0 0 0 0 0 0 0 0 1 1 4 4 2 2 4 6 8 33 59 47 18 51 50 35 53 48 23 21 14 9 5 7 4
0 0 3 6 11 3 6 15 15 10 4 2 1 1 1 1 0 0 9 9 11 28 20 6 2 1 5 7 7 16 14 22 28 23 17 56 87 59 80 50 60 58 54 68 65 56 31 16 35 29 18 13 12 10 5 2 2 1 1 1 1 0 0 0 0 0 0 0 0 0 0 1 2 5 13 6 4 6 15 22 47 63 34 32 51 17 8 15 19 8 7 12 7 7 3 1
0 0 1 0 1 2 4 4 4 3 3 1 1 0 0 1 1 1 1 5 4 2 34 18 3 1 5 12 12 18 18 13 26 33 20 24 57 72 67 64 64 54 59 46 50 59 50 24 10 25 19 16 12 11 8 3 1 1 1 0 0 0 0 0 0 0 0 0 0 0 1 1 2 4 11 18 8 7 11 44 51 77 31 37 63 23 20 15 9 5 4 7 5 3 1 0
0 0 0 1 0 1 1 1 4 4 2 1 1 0 0 0 1 2 4 10 3 2 2 19 19 3 9 31 25 25 34 26 33 45 37 28 27 61 47 51 27 34 23 34 32 29 8 29 15 13 15 9 7 7 7 5 3 2 1 2 1 1 0 0 0 0 0 0 0 1 1 2 2 4 5 22 34 15 35 36 70 63 57 73 26 29 28 22 24 20 9 9 6 3 1 0
0 0 0 0 0 0 1 1 1 3 1 0 1 1 1 1 2 5 6 4 2 1 3 34 14 9 11 10 4 11 19 22 35 36 37 42 24 20 24 18 31 19 9 10 16 22 17 20 9 7 10 7 6 4 3 3 2 1 1 1 0 0 0 0 0 0 0 0 1 1 2 2 5 4 7 9 55 13 21 57 72 53 60 66 55 44 29 52 40 8 8 4 2 1 0 0
0 0 0 0 0 0 0 0 1 1 1 1 0 0 1 2 1 4 7 7 4 3 2 5 7 5 8 24 6 27 39 27 24 35 33 46 44 25 16 10 9 15 20 17 24 21 14 6 7 10 6 5 3 4 3 2 2 1 1 0 0 0 0 0 0 0 0 1 1 2 4 2 1 7 27 23 52 34 39 63 72 68 50 57 38 22 21 41 24 15 4 3 1 1 0 0
0 0 0 0 0 0 0 1 0 0 0 1 5 8 16 7 3 1 1 3 6 7 3 16 29 20 15 19 17 20 35 37 40 42 38 49 47 63 44 17 19 11 12 10 10 8 9 4 3 5 4 5 5 3 1 1 1 0 0 0 0 0 0 0 0 0 1 1 1 2 3 4 2 8 23 18 48 68 47 64 67 69 66 61 39 46 29 29 21 13 7 4 1 1 0 0
0 0 0 0 0 0 0 0 0 0 0 1 0 0 2 24 4 1 1 1 6 4 6 9 4 13 27 51 52 44 34 46 48 56 54 47 51 57 65 58 27 18 17 19 18 10 5 6 8 5 8 8 3 2 2 1 2 1 0 0 0 0 0 0 0 1 1 3 5 6 5 6 4 10 43 22 12 57 85 62 66 70 61 51 38 21 6 16 20 11 5 2 1 1 2 1
0 0 0 0 0 0 0 0 0 1 4 2 1 1 2 1 1 0 2 3 3 13 7 7 18 16 6 15 23 56 61 58 66 73 61 45 61 71 73 60 32 29 23 30 27 25 11 21 10 4 2 2 2 2 1 1 1 1 0 0 0 0 0 0 1 1 2 5 8 10 10 13 9 17 39 51 17 49 68 60 57 38 27 15 18 26 11 11 10 5 4 3 2 2 1 1
0 0 0 0 0 0 0 0 0 0 0 0 1 4 2 2 2 3 1 5 10 5 6 13 9 24 13 4 5 47 36 70 84 65 65 65 49 57 67 66 53 57 41 24 33 35 16 15 9 4 4 4 1 2 1 1 1 1 1 1 0 0 0 1 1 1 2 7 9 19 16 27 12 14 37 57 52 36 69 42 29 18 28 19 15 6 5 7 13 11 4 3 3 3 2 1
0 0 0 0 0 0 0 0 0 0 0 0 1 1 1 1 3 7 2 6 3 6 7 9 8 22 19 12 10 8 12 10 53 55 53 49 37 56 50 33 28 19 17 13 19 32 14 11 8 7 4 3 1 1 0 1 1 1 1 0 0 0 0 0 1 2 5 7 8 14 39 24 30 12 18 53 50 74 45 30 36 23 21 20 23 9 11 11 8 3 4 6 7 3 2 1
0 0 0 0 0 0 0 0 0 0 0 5 1 0 0 2 2 5 6 2 2 4 2 5 11 10 17 17 32 35 18 32 34 24 12 25 33 40 26 30 15 14 7 11 11 11 9 12 5 3 3 2 3 2 0 1 1 1 1 0 0 0 0 1 1 2 2 2 4 5 17 43 58 18 11 41 30 67 31 42 25 23 14 21 23 18 14 5 10 7 7 9 3 2 1 0
0 0 0 0 0 0 0 0 0 0 1 4 1 0 2 3 9 5 5 2 2 3 4 8 13 19 38 38 19 15 12 15 34 39 29 23 41 45 39 33 34 26 39 30 15 12 12 12 9 5 1 2 2 1 1 1 1 1 0 0 0 0 0 0 1 2 4 8 6 4 9 16 37 47 27 28 64 51 42 33 17 30 27 17 9 18 19 13 17 19 7 6 2 1 1 1
0 0 0 0 0 0 0 0 0 0 1 0 1 1 2 4 9 2 7 2 4 4 5 9 46 62 52 21 41 53 48 26 46 44 38 36 45 59 46 41 48 36 25 23 19 15 23 24 10 6 6 4 6 4 2 1 1 1 0 0 0 0 0 0 2 3 8 13 15 8 6 8 25 47 59 34 72 51 50 52 44 26 31 36 28 22 31 21 14 17 16 5 4 2 1 1
0 0 0 0 0 0 0 0 0 1 1 1 2 1 5 4 14 6 2 6 4 12 10 20 39 66 64 39 21 32 35 32 21 25 35 27 30 39 36 59 65 37 41 36 43 34 27 26 14 9 9 10 6 3 3 2 1 1 0 0 0 0 0 1 3 6 17 15 10 11 10 18 23 23 18 69 71 51 42 41 29 34 51 41 40 45 37 41 26 19 7 4 3 2 1 1
0 0 0 0 0 0 0 0 1 5 10 2 1 2 4 2 3 2 2 4 8 9 15 52 33 21 45 44 34 50 58 45 24 15 20 20 35 43 53 51 38 39 66 58 60 44 25 13 9 7 3 4 5 2 1 1 1 0 0 0 0 0 0 2 4 10 17 18 17 26 25 22 50 56 44 50 68 59 32 39 41 51 48 29 38 37 33 21 25 9 4 3 4 2 1 1
0 0 0 0 0 0 1 3 11 7 20 14 2 2 7 6 3 0 1 2 2 3 6 31 8 15 33 58 61 69 83 41 58 38 22 14 27 70 54 56 63 16 21 9 12 22 11 16 7 8 5 6 4 3 1 1 1 1 0 0 0 1 1 2 7 21 17 18 12 45 67 24 58 74 77 59 47 48 43 28 38 35 39 53 41 33 20 17 17 12 10 10 6 4 2 0
0 0 0 0 0 0 0 0 1 2 1 1 3 3 4 4 5 2 2 3 4 3 12 21 4 3 5 33 40 28 47 79 50 62 59 54 51 50 43 45 55 52 39 42 38 20 22 26 13 11 9 4 3 2 2 1 1 1 1 0 0 1 3 5 10 17 20 19 16 15 45 70 41 65 75 72 59 39 55 44 57 58 39 29 36 33 20 14 14 25 16 10 4 2 1 0
0 0 0 0 0 0 0 1 2 2 1 3 3 3 5 5 8 3 1 6 8 6 11 34 8 1 10 5 16 28 10 24 57 48 64 63 40 15 15 15 32 36 31 37 48 47 27 13 18 15 7 9 6 2 2 2 1 1 1 0 1 2 6 10 20 31 19 16 44 38 27 26 67 74 61 73 54 53 73 70 28 25 27 33 29 21 28 20 20 9 7 3 1 1 1 1
0 0 0 0 0 0 0 0 1 1 1 2 1 3 2 2 5 0 1 2 2 16 16 35 19 8 10 14 23 18 19 8 7 16 19 17 17 17 17 12 9 15 13 17 36 33 18 29 23 18 14 9 7 5 4 3 2 1 1 0 1 3 6 17 30 29 21 33 34 63 46 44 30 31 51 54 71 65 44 48 41 53 48 53 39 31 39 31 12 6 4 3 2 1 1 1
0 0 0 0 0 0 0 0 0 1 1 1 1 3 2 7 5 1 2 1 5 18 26 29 11 2 11 24 18 31 34 12 37 45 49 41 39 34 34 17 13 15 44 51 50 29 31 25 25 24 16 10 9 6 5 4 2 1 0 0 1 3 13 23 24 39 28 40 40 36 80 59 47 36 22 64 47 68 57 55 58 71 67 57 43 50 32 23 10 5 4 3 1 1 1 2
0 0 0 0 0 0 0 0 0 0 1 1 10 14 11 26 11 2 1 1 11 17 28 22 10 23 5 23 25 37 20 44 41 28 33 37 30 31 15 26 49 59 33 34 25 34 26 22 29 20 22 15 9 7 5 5 2 1 1 0 0 1 7 24 55 45 30 47 41 35 35 54 65 21 15 30 69 80 76 67 64 62 62 64 55 34 34 18 24 8 4 2 1 2 1 5
0 0 0 0 0 0 0 0 0 1 3 1 11 14 21 3 2 1 1 5 10 12 24 32 35 13 18 19 17 17 24 65 30 30 36 40 39 25 37 39 65 55 51 48 47 45 41 31 40 28 24 14 11 7 6 3 2 1 1 1 1 2 6 18 44 40 54 61 50 69 64 66 64 32 33 50 66 63 67 59 58 55 52 55 42 32 29 29 28 18 5 4 3 3 3 9
0 0 0 0 0 0 0 0 0 3 2 4 4 43 5 2 4 3 2 6 8 11 16 7 8 7 35 8 21 18 41 27 41 51 40 41 41 43 53 47 38 54 56 62 57 58 45 50 39 19 15 12 9 11 8 4 2 2 1 0 1 2 7 16 34 34 34 54 73 60 76 65 68 35 57 59 65 67 50 49 53 53 40 32 31 29 28 21 17 15 10 7 2 7 9 11
0 0 0 0 0 0 0 0 1 1 2 3 1 7 2 0 3 3 8 5 8 18 18 8 6 18 10 16 28 51 55 49 45 46 36 40 54 53 58 53 57 69 69 51 46 60 58 51 31 25 18 14 10 7 6 6 5 2 1 0 1 4 8 18 24 37 32 39 65 81 74 68 60 83 69 47 37 42 52 53 49 51 50 43 30 35 20 29 16 11 10 8 4 9 10 10
0 0 0 0 0 0 0 0 2 1 2 1 1 0 0 0 3 3 2 6 9 7 7 20 19 7 9 32 56 18 17 18 40 37 45 54 55 54 53 53 57 68 53 55 66 58 59 57 29 26 19 14 11 5 5 7 3 2 2 1 1 2 14 22 37 35 35 35 38 40 54 58 59 70 18 42 44 43 38 41 41 39 34 51 41 40 30 25 14 13 11 5 6 12 12 19
0 0 0 0 0 0 0 0 1 1 2 1 1 3 2 1 0 1 1 7 13 7 38 37 9 12 19 32 18 20 22 27 35 29 43 51 55 55 46 73 59 49 50 62 32 49 63 58 50 40 13 12 9 11 10 5 4 4 2 1 0 2 5 20 32 38 72 52 55 54 48 31 46 64 46 55 56 42 42 42 48 43 48 46 41 15 16 11 13 22 12 4 10 22 26 28
0 0 0 0 0 0 0 0 1 3 3 0 1 2 3 3 1 0 1 8 7 28 20 8 10 31 16 16 17 23 26 27 20 31 37 57 40 39 62 54 47 67 73 41 58 57 54 55 40 21 15 20 19 14 12 10 8 5 2 1 1 2 9 15 25 52 70 83 53 62 51 32 35 71 76 40 48 55 59 40 39 42 53 41 27 11 26 21 15 9 4 2 13 27 27 28
0 0 0 0 0 0 1 1 2 5 0 0 1 0 0 1 2 1 3 9 7 8 3 8 24 6 5 13 17 21 39 29 22 36 43 47 46 61 66 66 47 42 48 58 53 56 41 42 34 29 25 31 25 11 12 9 9 4 3 1 1 3 7 18 34 46 65 76 70 69 53 55 59 74 48 42 39 41 49 54 40 70 53 28 33 36 28 17 8 4 2 7 20 30 30 35
0 0 0 0 1 0 0 1 3 1 0 0 1 1 1 2 4 2 7 3 3 2 2 9 7 9 13 24 29 26 23 17 22 27 49 35 71 67 67 41 29 30 40 56 63 57 51 50 47 40 36 31 19 10 8 7 6 5 4 3 2 5 11 24 45 52 47 47 69 80 71 33 44 71 41 47 68 66 63 69 63 47 43 40 42 40 17 15 7 5 6 18 24 29 23 36
0 0 0 0 0 0 0 0 1 0 0 0 1 2 2 2 1 3 5 13 9 7 1 7 10 19 20 34 17 11 20 21 33 33 66 33 19 14 15 32 36 54 67 70 69 62 52 52 34 46 27 22 23 12 14 7 6 6 5 4 3 10 21 25 52 52 47 29 50 70 70 48 59 67 43 28 48 73 71 70 68 38 46 46 39 36 15 11 17 7 17 23 13 35 36 39
0 0 0 0 0 0 0 0 1 2 0 1 1 0 1 1 1 9 4 3 4 7 6 5 17 12 16 20 12 16 37 30 22 69 21 15 41 44 47 45 62 69 62 68 70 71 62 54 38 38 32 28 27 22 18 14 11 6 6 3 7 13 34 64 58 56 45 50 57 60 71 44 46 60 70 51 53 54 69 71 58 61 44 46 42 30 17 6 8 17 19 13 21 29 56 42
0 0 0 0 0 0 0 1 0 1 2 1 0 0 1 1 1 2 4 6 4 7 3 6 14 16 13 16 19 20 21 25 35 25 7 26 32 41 52 82 61 59 69 71 70 70 55 48 39 31 34 30 29 16 20 11 14 12 7 8 10 30 27 52 57 52 48 58 60 51 77 69 50 66 67 52 58 60 57 55 62 50 39 36 36 20 9 3 7 25 14 24 33 35 58 39
0 0 0 0 0 0 0 0 0 1 0 0 0 1 1 0 4 1 1 8 20 7 2 3 21 13 23 16 15 13 39 70 42 6 14 40 30 60 68 63 61 72 71 55 59 58 57 54 37 39 35 33 31 26 23 20 17 16 10 10 12 17 26 34 56 72 58 75 75 62 53 53 57 60 71 71 54 51 43 44 48 42 36 38 30 16 7 4 19 24 26 44 52 41 50 38
0 0 0 0 0 0 0 1 0 0 0 1 0 0 0 7 2 2 3 8 7 2 6 10 2 15 16 8 38 23 49 33 8 13 45 17 40 36 49 74 76 59 48 78 71 49 56 57 51 46 39 37 33 30 28 26 21 12 13 16 19 34 24 28 30 56 76 77 73 72 78 76 53 65 52 48 33 40 53 57 43 45 33 37 30 7 5 19 18 29 44 52 48 30 46 46
0 0 0 0 0 0 0 0 0 0 0 1 0 0 0 4 1 0 1 1 2 3 10 3 2 6 5 7 38 35 33 6 10 21 35 66 34 44 64 67 67 57 66 37 50 45 58 68 51 49 46 41 38 32 31 28 16 10 19 30 24 40 36 40 40 53 59 83 63 58 41 65 49 33 34 48 58 47 42 43 40 26 39 27 12 7 14 21 30 27 33 44 58 47 49 47
0 0 0 0 0 0 0 0 0 0 0 0 0 0 1 7 1 1 1 1 8 2 5 1 5 10 6 24 43 18 10 7 11 17 52 56 56 45 50 54 56 63 50 39 46 75 62 56 53 66 51 45 43 36 34 29 17 12 30 37 56 60 46 48 40 53 66 66 77 57 46 39 47 54 47 64 49 50 44 45 32 36 20 12 9 14 28 33 29 48 46 34 36 46 40 34
0 0 0 0 0 0 0 0 0 0 0 1 0 1 3 1 1 0 4 5 3 4 2 4 18 4 7 29 21 15 13 12 27 34 58 42 48 47 42 30 32 55 67 58 66 57 61 62 70 55 54 62 28 38 35 21 12 29 43 44 69 66 50 63 48 37 45 75 74 32 67 44 42 55 56 55 51 53 51 39 32 35 15 17 14 27 34 40 33 38 48 34 35 46 51 41
0 0 0 0 0 0 0 0 0 0 0 0 0 2 0 1 2 2 3 6 2 2 2 4 7 5 7 19 9 7 14 10 34 43 45 48 29 39 35 41 50 55 58 74 57 58 58 74 58 57 69 53 50 43 27 23 14 29 57 58 60 71 56 65 65 49 49 54 78 30 38 67 68 50 51 51 61 50 57 55 36 30 10 10 17 32 43 48 54 52 48 49 36 40 59 48
0 0 0 0 0 0 1 0 0 0 1 0 1 0 1 1 1 0 0 2 1 3 4 5 4 8 11 1 4 9 21 22 38 50 11 9 37 29 39 36 39 52 60 70 69 56 75 53 72 73 53 51 52 49 30 28 17 31 57 65 59 69 49 53 68 42 63 41 62 35 34 65 39 58 56 54 52 53 69 47 41 12 10 17 29 34 43 51 39 28 37 58 30 32 50 68
0 0 0 0 0 0 0 0 0 0 0 0 1 0 0 1 0 0 0 0 1 2 5 3 4 7 2 2 5 5 17 5 23 16 7 22 15 18 25 47 54 57 62 67 60 45 64 71 68 60 62 53 52 50 47 29 29 34 63 76 72 68 59 47 66 63 32 36 73 31 53 49 48 53 49 45 53 33 32 34 15 10 16 32 33 43 52 51 30 35 47 28 19 22 35 65
0 0 0 0 0 0 0 0 0 0 0 0 0 1 1 2 1 0 0 0 0 2 2 1 3 4 3 17 14 12 30 23 31 16 8 8 19 20 23 23 28 56 42 51 64 35 30 31 49 52 62 57 52 51 35 20 36 50 63 66 83 73 51 50 55 60 52 19 54 10 16 28 41 51 55 59 59 58 47 45 20 12 20 33 35 60 65 54 42 37 44 44 36 22 32 51
0 0 0 0 0 0 0 0 0 0 0 0 2 1 1 1 2 1 1 1 3 4 2 3 6 4 4 1 1 5 20 5 9 4 8 17 9 14 15 17 47 44 33 53 30 37 40 53 54 67 57 60 56 39 34 23 37 52 64 66 72 52 53 62 61 38 35 33 48 19 24 23 24 18 38 49 46 49 32 29 12 20 33 36 40 64 57 26 39 52 34 50 26 28 35 55
0 0 0 0 0 0 0 0 0 0 0 1 2 2 1 3 3 0 1 3 4 1 1 4 4 3 0 2 2 7 7 4 3 12 17 13 21 17 21 36 28 41 54 32 39 40 57 54 65 54 54 55 57 39 18 36 43 74 65 65 65 66 51 70 62 41 30 47 30 19 37 49 50 56 59 54 45 23 18 10 16 34 35 38 41 67 66 24 25 49 34 53 29 30 36 69
0 0 0 0 0 0 0 0 0 0 1 1 1 1 0 0 0 0 1 4 3 1 4 1 4 7 1 1 2 13 4 3 4 13 30 13 15 20 33 13 44 39 29 42 39 54 57 68 68 59 69 54 41 41 27 43 47 67 76 56 63 68 48 37 53 54 28 30 33 47 53 38 41 43 35 46 36 24 10 28 23 37 42 55 48 64 68 36 35 38 20 57 32 34 36 51
0 2 1 4 4 2 1 1 1 1 1 0 1 0 1 0 0 1 2 3 2 1 3 1 1 1 1 2 3 8 3 5 34 15 10 8 12 17 18 40 58 44 55 30 45 64 68 56 55 72 63 46 42 42 28 56 68 58 63 71 55 64 66 33 65 61 25 25 36 48 35 36 54 42 46 28 35 32 20 38 41 37 43 57 44 48 54 48 53 34 33 60 31 33 28 44
1 3 4 1 3 11 2 1 0 0 0 0 0 1 1 0 0 3 4 2 1 2 1 1 3 6 1 1 2 6 7 31 7 4 10 14 6 5 24 33 35 24 62 47 54 68 38 51 67 61 49 46 41 40 41 56 65 66 61 68 51 53 57 50 43 51 27 11 23 54 38 48 48 54 44 44 46 42 32 39 42 51 48 54 42 35 49 45 43 40 38 57 33 25 36 41
0 1 1 0 0 1 2 2 0 0 0 0 1 1 1 1 1 1 0 1 1 1 4 1 5 7 2 1 5 12 18 34 8 11 15 2 3 5 11 26 23 35 56 57 54 55 55 53 56 55 46 45 39 40 48 46 61 73 64 50 69 38 48 48 34 16 9 7 6 22 38 58 55 45 40 38 33 14 26 36 38 53 48 52 36 52 64 65 48 42 33 42 49 14 36 45
0 0 0 0 0 0 0 0 0 0 0 0 0 0 1 1 1 2 0 1 0 1 1 1 5 2 1 1 2 5 3 4 10 8 7 10 6 2 33 12 20 17 47 33 60 45 48 36 56 58 40 41 35 35 45 61 61 73 68 61 51 54 37 35 7 7 17 31 24 32 37 45 44 32 30 27 13 24 39 37 40 54 55 38 47 47 57 60 47 42 31 41 48 18 22 53
0 0 1 0 0 0 0 0 0 0 0 0 0 1 0 0 1 0 1 1 1 4 5 3 5 2 1 1 1 1 2 12 10 7 11 8 14 4 22 17 3 19 48 44 51 47 48 60 53 50 46 37 37 59 59 49 65 55 60 35 49 41 17 17 13 11 20 38 30 21 49 52 62 57 48 16 21 25 38 49 56 41 52 38 50 61 59 54 42 42 33 31 47 40 17 32
0 0 0 0 0 0 0 0 0 0 0 0 0 0 0 0 1 3 0 1 6 1 3 3 8 4 1 1 1 4 7 5 6 19 7 11 13 7 50 22 7 31 13 45 40 36 54 32 47 43 38 40 32 59 67 51 55 46 54 56 26 25 23 15 14 8 12 17 22 19 44 52 59 70 36 18 25 36 33 56 56 48 46 50 33 56 61 57 47 50 18 36 37 33 24 18
0 0 0 0 0 0 0 0 0 0 0 0 0 0 0 1 0 2 0 1 1 6 2 5 2 1 0 0 0 4 7 2 4 8 12 23 8 12 36 30 15 35 11 46 31 26 35 27 43 40 49 33 31 49 54 81 35 37 33 23 28 12 13 12 6 10 19 17 23 24 47 51 34 51 25 19 39 41 36 40 54 47 45 43 48 56 55 68 55 35 23 38 44 20 23 15
0 0 0 0 0 0 0 0 0 0 0 0 0 0 1 1 0 0 1 0 0 0 0 1 0 1 1 0 2 1 5 6 9 7 10 12 6 6 12 41 20 26 24 34 11 36 25 40 45 28 42 33 37 32 53 58 53 36 22 9 15 8 5 13 7 10 18 16 33 30 38 44 37 25 24 38 38 36 37 32 37 51 58 50 42 56 62 56 63 29 20 54 31 36 22 11
0 0 0 0 0 0 0 0 0 0 0 0 0 0 1 0 0 0 1 0 0 1 1 1 1 3 1 1 0 1 2 5 7 7 9 8 8 6 3 24 45 40 22 14 11 18 19 35 28 12 33 27 28 27 37 59 44 33 14 5 8 1 2 3 4 5 13 27 35 45 53 36 24 17 41 36 41 56 51 38 29 43 43 50 52 72 39 67 42 25 20 53 30 46 15 12
0 0 0 0 1 0 0 0 0 0 0 0 0 0 0 0 0 0 0 0 0 0 0 2 6 0 1 0 1 0 0 1 2 7 4 2 9 5 5 14 50 40 13 9 12 18 39 15 26 10 18 29 24 44 38 31 30 19 20 4 7 3 4 2 7 15 17 23 34 28 37 37 10 20 31 34 50 42 38 23 33 16 43 50 50 36 60 48 48 33 21 41 27 39 29 9
