sesion_6_simulaciones/modelos_agentes/ejemplos_netlogo/scenarios/cgcm2_b2/rob_2085.asc
NCOLS 322 
NROWS 307 
XLLCORNER 451900 
YLLCORNER 4086900 
CELLSIZE 100 
NODATA_value -9999 
[rows 222 to 295 of 307, columns 96 to 191 of 322]
4 2 2 1 1 1 0 0 0 0 0 0 0 0 0 0 0 0 0 0 0 0 0 0 0 1 3 8 2 1 2 4 4 6 1 1 0 0 0 0 1 1 2 4 5 10 16 30 36 39 42 42 45 50 47 45 47 54 71 71 71 74 40 59 18 37 27 28 33 28 19 21 14 16 28 26 26 9 8 5 24 19 19 17 20 11 33 46 60 38 33 38 25 19 24 15
3 1 1 1 0 0 0 0 0 0 0 0 0 0 0 0 0 0 0 1 0 0 0 1 1 1 1 2 12 3 2 6 10 2 1 0 0 0 0 1 1 1 2 3 5 8 12 21 30 31 38 28 35 42 50 67 72 46 24 31 31 33 27 26 55 12 19 17 40 29 22 36 13 15 30 21 23 7 21 23 32 69 31 27 22 27 16 19 53 75 57 56 54 33 26 24
1 1 0 0 0 0 0 0 0 0 0 0 0 0 0 0 0 0 0 1 1 0 1 1 2 1 1 2 10 7 5 8 3 1 0 0 0 0 0 0 0 1 2 3 4 6 9 13 22 29 31 34 53 34 51 72 35 31 26 25 8 28 30 17 18 29 6 27 31 24 40 34 8 11 14 20 13 11 13 23 20 13 49 39 26 29 35 19 17 55 84 68 64 44 45 36
1 1 0 0 0 0 0 0 0 0 0 0 0 0 0 0 0 0 1 1 2 1 1 1 3 5 2 5 9 21 12 4 1 1 1 0 0 0 0 0 1 1 2 3 4 6 8 10 21 23 28 32 49 44 24 20 25 23 19 15 38 57 22 33 30 70 43 21 28 27 40 33 20 19 20 28 17 13 23 39 34 15 6 16 60 53 33 34 29 26 70 69 59 54 35 29
2 1 0 0 0 0 0 0 0 0 0 0 0 0 0 0 0 0 1 2 6 2 2 1 3 8 11 5 13 17 4 2 1 0 0 0 0 0 0 0 0 1 1 1 2 6 10 15 17 19 32 44 41 34 34 31 43 32 22 40 14 21 43 49 35 79 41 35 7 28 23 30 19 16 23 29 21 9 20 50 28 22 39 28 27 16 21 39 38 47 29 40 51 38 21 24
1 0 0 0 0 0 0 0 0 0 0 0 0 0 0 0 0 0 0 1 1 5 2 4 3 5 16 23 15 8 2 1 1 1 1 0 0 0 0 0 1 1 2 3 5 8 11 12 17 20 24 23 19 28 28 32 51 41 44 17 20 31 27 37 63 36 43 43 57 20 14 25 28 6 7 13 12 22 36 16 70 50 69 47 65 35 54 45 36 25 26 44 35 25 17 10
1 1 0 0 0 0 0 0 0 0 0 0 0 0 0 0 0 1 1 1 2 2 8 16 4 7 14 24 14 4 6 3 2 1 1 0 0 0 0 0 0 1 2 2 3 6 7 10 19 19 30 28 33 33 27 40 49 73 39 32 22 41 54 76 42 31 39 34 21 21 27 14 14 5 7 11 17 17 62 44 20 15 35 59 43 49 43 48 30 38 32 24 19 25 21 24
1 0 0 0 0 0 0 0 0 0 0 0 0 0 0 0 1 2 3 1 2 2 2 11 6 8 11 42 21 10 13 9 2 2 1 0 0 0 0 1 1 1 2 3 3 4 4 7 16 19 22 24 26 23 42 46 29 28 21 36 23 19 23 36 19 10 18 24 11 14 4 16 12 6 13 7 7 20 15 24 22 20 25 34 25 27 41 51 31 35 22 13 16 12 13 14
0 1 0 0 0 0 0 0 0 0 0 0 0 0 0 0 1 1 3 4 7 7 2 4 20 5 7 24 37 39 14 8 4 2 0 0 0 0 1 1 3 2 1 3 4 5 7 7 9 10 11 12 19 23 34 20 23 20 23 21 24 22 27 29 28 37 36 41 28 25 22 18 13 4 8 12 4 14 18 26 34 36 29 58 37 19 31 21 21 31 15 11 8 14 13 9
1 1 0 0 0 0 0 0 0 0 0 0 0 0 0 0 1 1 2 5 8 10 8 8 11 14 8 12 41 34 17 8 4 2 1 0 0 1 1 2 3 5 6 4 5 7 7 9 11 12 15 17 18 19 11 13 10 11 10 10 10 8 9 31 37 36 17 31 27 22 12 10 11 5 4 10 17 17 19 52 36 42 42 46 39 34 22 21 20 24 21 15 10 8 12 6
1 0 0 0 0 0 0 0 0 0 0 0 0 0 0 0 1 2 4 8 8 6 4 9 29 17 9 12 29 32 23 15 3 2 1 1 0 1 1 1 4 5 7 15 9 9 6 13 22 27 37 27 15 12 10 14 11 12 23 22 16 21 18 13 11 14 17 15 20 22 25 24 29 3 7 5 19 24 32 19 22 39 46 36 39 60 49 31 24 16 11 9 11 8 7 4
1 1 0 0 1 0 0 0 0 0 0 0 0 0 0 0 1 1 3 5 8 13 3 10 10 23 23 28 40 38 26 13 5 1 1 0 0 1 2 2 2 5 7 8 15 23 15 7 17 30 40 47 33 17 20 25 38 34 37 47 38 32 28 17 26 40 22 20 12 29 39 37 30 25 15 30 42 15 47 23 64 52 36 56 43 36 45 46 57 25 12 8 9 5 3 2
3 1 1 1 0 0 0 0 0 0 0 1 0 0 0 0 1 2 3 5 9 10 7 5 12 14 42 34 23 19 14 8 2 1 0 0 1 2 3 3 4 7 9 11 12 17 18 34 18 24 31 32 31 38 32 40 38 45 57 44 28 28 36 25 16 12 24 25 12 15 7 5 4 3 16 3 18 54 31 28 9 23 59 59 38 40 60 37 45 21 28 14 5 7 4 5
5 2 2 1 0 0 0 0 0 0 0 1 1 1 0 0 1 1 1 6 11 12 15 6 8 18 20 44 19 11 6 3 1 0 0 1 1 2 4 5 6 8 10 11 15 20 23 26 36 29 35 34 41 57 35 35 43 40 41 44 38 50 46 42 27 14 27 24 28 15 18 11 8 6 27 7 6 11 16 16 10 5 58 71 51 53 62 68 44 38 33 25 19 21 7 2
4 3 2 0 0 0 0 0 0 0 1 1 2 1 1 0 1 1 1 5 6 13 30 14 6 19 21 45 23 13 3 2 1 1 1 2 2 2 5 6 7 9 11 15 22 26 43 31 41 52 41 53 46 48 43 37 36 39 62 47 54 40 33 48 40 21 16 19 18 11 36 9 5 14 12 19 16 36 32 27 26 18 12 49 57 65 76 60 37 28 14 16 15 6 4 6
12 5 2 1 0 0 0 0 0 0 1 2 3 4 1 1 1 2 2 2 10 17 15 24 6 13 20 34 24 17 10 7 4 1 1 2 2 2 7 7 7 10 11 21 33 34 54 46 35 28 59 76 78 49 47 21 33 36 52 36 60 41 32 29 27 19 11 15 10 29 6 7 5 7 10 5 11 18 23 21 20 18 24 24 47 36 21 50 41 24 19 10 6 7 5 4
6 2 1 1 0 0 0 0 1 1 1 2 5 5 3 2 1 3 3 4 9 14 19 31 16 17 30 41 33 24 17 7 4 1 1 3 6 4 6 9 10 14 17 33 37 48 54 53 53 42 45 61 65 62 42 21 30 37 25 45 56 48 12 51 11 20 18 13 9 18 6 4 4 10 15 11 19 30 57 34 50 26 29 27 26 19 32 32 23 26 12 7 6 6 4 2
2 1 0 0 0 0 0 0 1 2 1 1 4 8 9 3 1 4 8 13 16 7 27 46 31 25 38 41 28 36 20 8 4 2 1 4 6 5 5 7 15 15 21 29 39 51 55 56 58 58 49 60 71 61 50 20 29 43 41 35 42 43 11 25 24 19 25 8 12 9 3 7 10 9 6 7 9 21 29 15 31 44 51 28 34 25 21 26 18 8 9 11 10 9 7 2
1 1 0 0 0 0 0 1 1 3 3 2 5 9 12 8 3 5 8 28 26 8 23 43 41 18 12 68 56 27 18 10 5 1 1 4 8 9 5 15 17 26 24 34 44 39 59 62 61 69 51 63 66 48 51 16 26 30 37 40 34 28 25 24 25 21 14 13 9 4 5 7 8 8 9 8 10 29 24 21 27 24 58 56 38 47 42 22 11 8 7 5 7 6 4 2
1 1 0 0 0 0 1 1 2 4 9 6 4 10 20 17 6 4 10 21 29 18 24 41 57 22 24 68 38 38 31 13 6 1 1 6 8 5 16 11 23 32 27 36 38 41 67 64 64 64 63 54 41 48 75 32 16 33 47 29 22 15 11 26 20 15 12 15 9 3 4 5 8 9 15 15 23 53 41 39 32 33 41 41 47 56 38 31 24 16 8 9 8 3 3 1
1 1 1 0 0 0 1 2 2 4 8 8 6 12 25 22 8 5 23 22 22 30 29 48 63 67 54 64 54 43 27 12 4 1 2 7 9 10 13 25 16 32 43 34 28 38 60 66 67 61 63 65 56 52 72 44 42 15 29 53 29 24 13 11 8 17 13 13 4 3 3 10 8 7 9 15 22 65 53 44 52 25 27 29 33 36 45 39 17 13 12 8 7 5 4 1
2 1 1 0 0 1 1 3 3 5 10 19 14 19 21 35 12 7 18 22 26 35 37 52 68 79 54 68 37 30 28 10 3 2 2 3 6 26 13 17 31 25 41 36 39 59 60 52 64 66 61 59 68 76 75 66 22 11 33 39 41 19 12 11 10 6 3 3 3 2 14 7 4 16 7 13 12 31 30 41 30 41 59 41 27 22 16 15 18 15 9 7 5 4 3 1
3 1 1 1 0 1 2 5 8 13 14 15 28 14 29 39 15 19 12 40 45 41 34 52 65 58 42 32 23 22 12 8 2 1 2 3 10 21 26 16 20 40 17 59 42 49 62 50 50 74 65 42 65 68 64 68 53 15 12 14 24 25 15 10 5 3 1 0 1 3 20 9 11 17 75 56 34 38 35 45 53 62 47 54 45 46 32 27 23 14 10 4 2 2 1 0
2 0 0 1 2 1 3 6 6 14 18 20 35 16 31 42 21 34 16 29 55 51 66 45 70 55 34 28 16 13 12 4 2 2 5 4 6 12 21 26 38 25 27 34 65 44 42 54 64 77 67 55 43 44 47 67 67 16 12 17 17 11 9 6 3 4 2 1 6 10 3 14 36 47 60 61 51 56 45 60 68 55 42 22 32 27 33 29 16 13 9 3 2 1 0 0
1 0 1 2 2 3 5 8 12 10 20 27 46 30 39 48 25 35 45 27 33 52 41 79 56 60 28 23 20 8 2 3 3 4 7 9 11 6 9 7 14 26 37 65 42 49 60 59 54 56 64 66 33 31 25 22 48 35 18 9 11 7 3 1 1 0 1 4 4 10 6 4 10 35 12 41 80 78 70 68 75 54 36 35 32 16 14 13 18 14 2 3 2 2 2 1
1 0 1 5 8 4 7 10 14 19 22 30 36 50 31 56 27 29 51 43 41 62 36 64 69 38 20 14 4 4 6 9 8 4 11 11 10 10 8 19 19 24 35 54 70 47 39 55 44 61 53 51 46 39 23 28 15 32 18 8 9 5 5 3 3 1 1 5 4 6 8 12 22 15 15 17 42 54 66 51 32 34 32 33 22 18 16 12 8 4 3 1 1 1 2 1
1 1 2 8 10 7 8 12 10 18 26 36 38 46 50 70 35 32 49 54 49 63 82 58 38 43 34 18 11 9 15 13 11 5 4 11 9 13 18 19 22 29 37 48 50 64 44 40 50 50 49 40 51 40 27 15 8 16 9 7 4 4 3 3 3 2 1 7 4 4 10 13 57 37 34 27 18 12 39 51 46 22 22 18 24 17 7 3 2 1 1 2 2 3 3 3
2 1 2 9 11 12 8 18 13 23 47 36 38 42 74 70 37 38 39 52 51 66 80 31 50 44 24 21 25 23 29 32 14 12 6 11 10 16 28 14 25 41 55 54 42 55 42 62 44 50 59 72 35 19 18 14 18 3 3 16 4 2 7 4 2 1 5 14 5 6 8 46 66 44 34 26 25 29 24 33 40 28 20 21 22 19 8 6 4 2 1 2 4 4 5 5
2 1 3 13 13 14 9 23 26 28 48 40 60 54 56 65 68 50 60 44 59 53 83 72 48 32 33 36 28 40 43 37 18 10 7 4 15 25 15 29 38 42 62 67 69 51 62 23 13 19 57 16 33 22 24 12 3 2 2 2 4 1 3 2 1 2 9 4 4 6 5 8 7 18 29 23 26 31 24 24 29 17 24 23 26 28 16 20 7 4 2 4 5 5 9 5
2 2 3 14 18 24 10 27 36 34 31 42 35 64 65 38 35 71 51 52 44 65 72 49 43 39 41 42 50 70 39 21 11 12 13 5 9 12 40 35 42 49 54 72 49 65 50 41 27 41 41 6 44 46 25 7 9 5 4 1 8 1 2 1 1 1 2 15 7 3 11 36 27 38 37 30 28 34 36 44 35 32 31 27 26 32 32 10 8 3 3 5 6 6 9 3
2 6 7 16 22 31 15 15 25 40 47 51 31 30 51 71 36 28 75 68 39 63 74 52 59 33 61 79 62 36 25 24 19 12 9 3 8 6 20 32 38 66 65 48 33 50 42 53 53 53 33 20 33 47 30 25 10 3 2 1 4 1 1 1 0 2 4 2 2 2 10 18 22 28 38 45 30 32 25 35 19 15 19 43 40 37 18 11 3 4 7 7 7 14 12 4
3 10 15 18 25 22 28 25 25 19 31 56 25 22 46 59 62 53 18 38 44 64 48 46 39 66 51 34 39 27 29 32 26 10 12 6 12 16 26 25 19 43 45 30 40 43 46 35 50 48 42 30 49 39 19 12 3 5 1 1 1 2 0 1 1 2 0 4 6 9 9 18 32 32 32 44 30 27 22 32 44 35 50 40 36 22 24 11 5 8 8 8 16 15 12 7
7 13 18 17 26 39 34 47 39 30 22 36 66 27 51 45 50 66 45 23 34 66 24 48 78 40 39 45 45 46 35 21 9 13 16 10 14 21 29 24 32 47 37 24 45 49 22 20 48 39 16 12 20 14 17 3 5 2 4 1 1 1 1 1 6 7 2 8 12 7 24 24 41 47 53 55 42 29 36 40 48 42 51 35 35 31 13 8 6 10 10 11 17 27 7 6
9 17 20 11 16 51 56 43 39 37 53 37 44 65 40 43 51 23 66 36 36 41 75 57 46 54 58 59 58 51 31 15 11 13 25 10 13 23 39 43 42 50 53 46 47 26 30 35 20 23 18 14 14 12 9 7 4 2 2 3 0 0 1 4 3 2 3 4 13 10 25 19 28 48 59 44 37 49 40 42 50 48 36 41 33 17 6 6 11 11 18 18 25 23 11 6
13 26 21 16 21 40 42 58 61 37 49 56 49 53 65 40 54 28 25 50 25 26 66 64 61 55 52 58 57 35 34 28 21 8 16 6 10 16 29 49 53 54 35 47 38 45 31 27 28 36 21 12 12 12 11 7 3 2 1 2 1 0 1 1 1 6 7 7 4 9 20 20 35 30 38 65 36 40 22 22 26 29 45 36 26 17 11 8 13 13 19 14 42 17 13 11
13 19 29 23 26 28 42 41 47 54 65 56 50 54 73 65 30 23 30 27 54 57 64 54 61 68 64 62 56 46 36 31 24 11 24 8 9 19 31 46 51 63 58 53 48 44 39 48 24 25 22 15 9 10 8 9 5 1 0 0 1 1 1 1 1 1 0 0 1 14 11 17 30 33 40 29 25 14 11 30 44 44 19 33 41 29 12 17 16 21 17 18 43 17 14 13
17 30 38 37 39 30 31 50 52 54 68 66 62 53 63 65 43 42 29 34 29 58 62 59 42 57 56 58 42 54 46 34 26 24 32 4 21 28 34 34 24 56 63 56 44 49 50 37 26 42 39 34 8 9 12 6 2 2 1 0 0 0 2 1 1 1 3 4 4 7 10 14 18 19 37 13 16 20 16 51 45 22 35 35 36 44 22 31 28 16 16 11 31 20 16 13
19 29 57 38 43 41 37 51 56 54 51 63 59 56 71 46 50 55 37 31 29 48 46 41 40 54 58 55 53 41 39 37 45 36 12 4 21 40 47 49 42 54 65 50 45 51 33 23 33 53 38 28 22 11 11 5 2 2 1 1 1 0 1 1 2 3 9 9 7 13 15 27 18 14 11 16 33 44 26 45 43 43 35 33 30 31 39 36 17 21 18 7 22 30 5 9
24 18 46 57 43 44 38 55 59 53 49 49 61 68 64 58 47 59 38 23 33 72 48 63 44 50 59 65 53 42 50 50 41 27 16 9 13 31 57 69 61 59 46 58 41 44 32 25 33 21 15 13 15 17 5 2 2 1 1 1 1 0 1 1 2 4 8 7 15 7 16 11 7 11 13 39 36 45 55 16 36 37 44 46 35 30 54 41 23 24 14 16 29 22 9 15
23 23 36 62 60 45 51 57 53 54 55 44 55 66 63 48 42 29 40 22 32 61 51 67 50 50 52 46 52 42 64 45 34 25 26 17 23 33 46 58 73 72 62 48 57 25 24 35 23 15 13 13 10 8 24 5 1 1 1 1 1 1 1 1 1 1 11 12 7 4 6 11 12 22 20 42 42 50 34 42 40 23 47 40 33 42 47 29 38 20 13 16 43 19 12 19
34 58 47 49 60 47 41 56 56 48 58 44 24 34 66 67 56 35 29 44 29 71 72 38 50 60 39 43 40 54 48 48 43 19 23 15 23 46 45 48 48 57 49 63 43 42 21 34 36 13 20 20 15 12 8 2 2 1 1 0 0 1 1 1 1 2 12 2 6 2 8 18 37 15 25 46 29 30 47 41 14 21 43 48 55 47 37 24 37 28 15 21 35 31 23 21
34 41 59 61 60 44 45 54 49 45 45 50 40 42 45 58 50 19 25 45 25 65 51 52 53 43 24 43 38 47 59 50 53 31 23 18 25 48 43 55 67 51 31 56 25 43 31 21 31 26 35 21 17 8 6 2 2 1 1 1 0 0 4 2 1 6 2 2 11 10 23 20 19 31 25 17 28 55 29 15 12 37 56 45 48 53 32 25 21 22 33 22 21 43 26 24
47 56 54 60 59 48 54 50 51 44 27 42 43 52 45 47 46 46 55 57 44 54 39 46 42 54 44 45 60 36 55 61 50 39 41 15 23 45 65 52 55 47 48 41 36 27 43 11 21 20 24 17 12 5 5 3 3 1 1 0 0 1 0 1 1 3 2 6 8 8 9 19 38 51 25 20 49 44 38 25 27 36 15 22 45 57 31 28 23 35 33 22 18 64 29 39
48 52 47 48 18 37 62 40 51 49 37 35 48 53 39 49 34 55 47 58 47 39 54 35 36 47 69 60 35 49 46 55 55 36 34 15 23 49 45 51 47 37 53 52 50 26 13 47 16 38 15 14 6 9 4 6 1 2 1 0 0 1 2 2 0 1 2 7 11 6 6 21 49 40 20 42 36 23 27 72 55 23 30 48 34 30 36 18 23 33 34 26 36 67 52 45
47 37 22 12 11 20 60 40 25 31 36 23 28 50 65 56 23 21 50 35 43 41 53 53 18 48 65 40 36 50 34 62 63 55 30 6 18 38 42 54 42 38 44 50 55 39 16 10 3 4 19 17 4 7 4 6 2 1 1 0 0 1 1 3 2 2 2 2 8 6 9 31 40 18 25 44 41 7 39 37 25 41 59 50 37 32 30 11 33 33 37 28 49 84 57 34
48 49 35 34 35 28 34 54 18 22 16 34 30 39 58 44 59 19 28 45 46 53 60 67 46 23 46 51 46 30 59 51 52 46 29 13 12 24 49 58 23 41 59 52 44 25 22 19 15 13 8 8 12 3 1 1 1 0 1 0 0 1 0 1 1 1 2 1 2 4 15 14 22 34 20 23 14 14 30 24 30 50 52 37 30 15 11 10 24 32 36 31 51 70 54 20
60 44 49 43 28 33 27 28 34 33 25 53 32 36 29 32 47 48 39 49 52 43 57 46 17 27 41 36 34 43 60 55 31 34 42 23 18 16 30 39 11 22 27 25 27 18 17 12 38 25 12 7 4 2 2 1 0 3 0 0 0 0 1 0 2 2 1 1 5 9 4 9 6 16 16 23 6 37 31 53 31 30 22 25 28 20 13 24 25 38 35 46 50 71 21 17
40 39 46 39 42 26 21 36 55 54 19 21 42 38 17 16 13 23 42 39 16 20 26 29 38 11 38 54 25 57 45 45 44 33 45 21 32 11 29 44 42 18 23 26 12 16 6 3 7 12 5 15 10 4 1 0 0 0 0 0 0 0 0 1 1 2 1 4 5 3 5 6 10 13 5 12 33 42 60 26 26 29 34 43 26 16 14 27 37 38 36 27 60 70 52 16
39 57 43 42 41 39 29 40 54 38 36 22 16 29 35 19 29 20 11 27 13 26 46 41 31 23 38 23 26 55 46 52 38 19 38 21 25 19 12 31 28 46 35 20 14 20 17 7 10 14 15 11 3 3 2 1 1 0 0 0 0 0 0 0 1 1 2 4 6 8 5 7 5 4 20 26 21 36 39 24 21 27 34 31 22 21 16 33 39 27 36 37 23 45 52 19
44 43 40 32 42 53 26 36 38 43 35 30 39 22 12 34 27 14 19 24 35 12 11 20 21 40 36 53 27 33 49 40 30 50 28 17 21 32 13 34 40 46 49 17 18 32 15 6 11 15 5 7 2 3 2 1 1 0 0 0 0 0 0 0 1 1 2 1 1 1 4 3 12 25 12 15 15 17 18 18 12 19 24 30 27 21 15 26 42 25 37 27 33 33 35 23
38 37 56 37 49 57 19 29 40 45 40 33 42 33 45 25 40 50 17 26 33 10 18 23 28 52 47 65 31 36 40 41 53 27 22 15 15 44 18 19 33 45 26 26 29 27 5 4 33 50 6 7 4 1 1 1 2 0 0 0 0 0 0 0 0 0 0 1 3 5 8 10 6 10 9 6 8 21 16 14 23 40 23 21 29 13 24 24 40 21 26 8 4 12 41 58
37 45 53 51 42 35 19 29 42 47 43 29 22 22 38 44 25 15 19 18 17 7 16 13 35 35 59 40 40 57 54 47 33 33 14 5 6 44 17 17 22 28 25 24 24 20 1 8 13 12 14 7 4 1 0 0 0 0 0 0 0 0 0 0 0 0 0 1 4 11 14 16 9 6 5 9 33 32 17 18 32 26 26 39 9 15 27 32 32 17 9 6 15 19 17 38
42 24 26 49 38 45 33 14 39 38 45 31 31 19 29 20 30 10 11 9 6 14 15 18 18 39 31 46 53 72 47 53 41 41 29 4 25 38 16 17 26 13 22 21 18 13 3 8 6 7 8 4 4 3 2 1 0 0 0 0 0 1 0 0 0 0 1 4 2 3 7 4 3 5 11 18 27 18 13 38 35 27 35 14 12 30 50 23 8 6 10 22 15 47 29 38
37 10 29 42 50 40 42 23 16 28 36 21 25 23 31 32 16 10 17 11 2 13 50 22 22 24 15 26 34 44 49 52 35 21 26 13 26 18 23 18 32 24 19 25 27 17 9 6 5 6 4 7 2 2 1 0 0 0 0 0 0 0 0 0 0 1 0 1 2 1 4 10 6 14 14 19 26 29 24 39 31 18 14 9 28 46 12 5 7 13 16 29 39 33 36 23
32 14 16 12 37 40 49 27 5 18 30 18 24 16 47 27 13 3 7 10 4 15 26 15 17 7 24 38 42 38 47 34 39 31 18 16 17 15 17 12 4 21 16 32 22 22 23 30 19 14 6 12 4 1 1 0 0 0 0 0 0 0 0 0 1 1 0 1 1 1 2 9 12 25 10 10 30 38 24 20 12 24 6 20 28 11 3 12 15 23 26 25 30 42 39 25
40 24 32 10 36 47 42 25 7 5 5 24 26 16 17 21 7 11 8 14 11 4 12 21 12 11 29 40 39 31 28 24 38 30 24 27 30 9 22 16 7 11 13 18 29 14 9 6 6 5 3 5 1 1 1 3 1 0 0 0 0 0 0 1 0 0 0 0 2 1 2 7 12 15 13 17 39 35 31 23 14 9 23 25 15 4 10 23 20 20 26 20 30 33 31 28
51 20 33 9 16 37 24 11 7 7 8 10 15 32 19 18 8 7 5 10 6 9 20 12 12 24 15 31 37 35 24 34 23 15 29 26 20 17 14 21 14 8 12 12 16 12 22 9 7 10 11 6 2 1 0 1 1 0 0 0 0 0 0 0 1 0 0 1 1 1 2 5 12 15 13 14 16 18 42 14 10 10 19 8 8 24 22 22 21 21 20 16 11 9 18 28
36 19 32 15 11 35 25 27 19 17 10 11 16 23 22 25 22 11 5 7 4 5 7 12 22 18 33 46 40 22 26 29 16 13 47 27 17 18 13 6 6 9 12 19 15 16 25 10 13 8 10 3 5 1 0 1 4 1 0 0 0 0 0 0 0 0 0 0 1 1 2 5 10 13 14 6 14 30 26 35 28 15 6 9 11 14 14 29 27 18 26 15 14 8 11 4
28 19 30 22 16 21 11 28 13 12 13 11 16 13 8 16 9 7 6 5 9 3 5 21 18 25 25 26 29 25 27 27 27 16 36 23 22 14 28 9 19 20 8 10 17 25 29 15 18 16 7 3 5 1 1 1 2 0 0 0 0 0 0 0 1 0 1 1 0 0 2 4 3 7 10 7 20 41 68 27 15 8 3 9 7 33 24 17 21 23 42 32 12 10 12 4
40 18 30 20 13 11 7 21 27 15 15 14 11 12 8 14 6 6 3 2 6 2 6 11 18 12 22 31 25 27 21 25 18 30 31 23 32 48 16 10 11 12 14 10 28 13 19 23 10 9 10 6 2 1 2 1 3 0 0 0 0 0 0 0 0 0 2 2 1 1 1 2 6 13 5 30 33 34 26 30 10 3 7 16 15 19 26 14 21 32 26 30 9 8 10 4
37 21 41 23 9 11 17 11 32 12 22 19 9 5 7 4 4 4 4 2 1 6 5 4 8 9 28 22 15 22 24 10 18 37 15 44 17 46 28 11 23 10 21 14 28 27 21 19 8 13 9 3 2 3 2 2 1 1 0 0 0 0 0 0 0 0 1 1 1 2 1 1 4 6 27 23 13 27 19 27 14 8 9 20 34 19 22 28 30 19 20 12 9 6 7 3
30 18 45 23 7 6 39 19 18 13 13 18 8 10 7 5 5 6 5 2 1 2 1 1 4 5 26 33 28 17 11 9 17 35 26 16 25 24 23 11 21 6 17 6 17 24 25 21 9 12 6 7 2 2 3 2 1 0 0 1 0 0 0 0 0 0 0 1 2 1 1 3 8 19 17 8 10 45 26 15 14 9 18 11 29 29 16 22 20 17 14 7 24 7 5 2
45 16 33 13 7 10 19 18 13 30 26 12 10 6 6 5 7 5 3 3 0 1 1 5 9 12 15 19 20 13 7 9 30 20 29 19 39 17 14 13 21 6 17 11 12 19 36 16 9 12 10 7 2 1 2 2 1 0 0 0 0 0 0 0 0 0 0 1 1 1 1 4 5 5 8 8 13 31 23 5 5 12 26 24 27 22 7 15 30 24 11 6 15 3 4 3
42 17 30 11 7 11 12 36 15 25 38 24 7 4 3 7 10 5 1 2 0 2 2 4 3 5 5 15 7 6 13 9 52 26 31 30 29 13 8 26 12 9 10 31 36 18 17 13 19 10 6 5 4 2 2 1 1 1 0 0 0 0 0 0 0 0 0 0 1 1 1 1 4 4 12 11 25 28 27 6 4 22 26 24 22 20 6 11 17 16 5 5 5 5 5 5
54 43 9 19 8 9 20 29 17 13 22 14 23 3 7 16 6 4 2 1 1 1 2 1 2 3 16 7 11 11 12 23 4 12 6 17 14 9 5 26 10 8 2 14 51 19 12 17 15 8 7 4 3 1 3 3 2 1 0 0 0 0 0 0 0 0 0 0 1 0 1 2 6 4 11 24 11 26 20 9 8 28 16 12 15 10 13 12 7 9 12 5 4 8 5 3
37 11 9 16 8 7 29 25 27 9 6 10 22 2 4 2 2 3 1 3 0 0 1 3 5 5 5 11 12 8 24 9 18 10 21 18 11 14 7 17 6 15 7 13 34 30 14 12 15 12 7 5 2 2 1 1 1 0 0 0 0 0 0 0 0 0 0 0 1 1 3 7 10 10 24 47 4 31 13 12 12 13 16 8 10 7 14 19 9 6 9 5 3 3 4 3
35 12 5 17 11 11 20 4 11 17 3 5 14 5 1 2 2 2 1 2 1 2 6 2 3 3 7 17 8 16 10 16 28 43 24 16 35 10 18 24 8 8 10 17 22 18 11 26 9 6 4 4 4 2 0 1 1 1 0 0 0 0 0 0 0 0 0 0 0 1 2 4 11 23 20 7 14 29 22 8 7 11 20 6 11 14 16 8 11 6 3 6 6 4 2 2
34 4 9 15 8 8 12 2 3 3 6 12 3 5 1 2 1 1 0 1 1 1 1 2 2 3 3 7 10 13 8 13 24 14 9 30 11 7 34 11 16 20 16 16 21 16 10 7 10 3 2 1 3 3 1 0 0 0 0 0 0 0 0 0 0 0 0 0 1 2 2 6 10 6 19 11 17 12 7 4 5 17 14 15 8 10 10 7 5 7 6 3 2 4 1 1
35 4 7 16 6 16 12 6 2 3 7 9 11 7 1 1 1 2 1 0 0 0 1 3 2 1 4 13 6 6 5 20 6 12 34 5 9 11 19 8 17 16 12 31 29 22 14 5 6 4 2 2 3 2 2 1 0 0 0 0 0 0 0 0 0 0 0 1 1 2 3 11 11 9 2 10 22 5 7 6 9 12 15 11 6 8 6 6 2 7 3 7 2 1 0 0
15 5 6 21 4 11 17 10 4 3 3 10 3 4 4 1 1 1 0 1 1 1 1 1 0 1 5 8 11 2 21 3 5 20 17 7 13 17 25 15 4 22 20 27 34 18 9 3 3 8 5 1 1 1 1 1 0 0 0 0 0 0 0 0 0 1 2 1 0 1 5 15 12 7 3 13 14 9 7 5 7 10 10 11 10 5 2 6 3 5 4 1 3 1 1 1
13 4 4 13 3 9 12 3 2 4 4 6 2 3 3 1 0 1 1 0 0 0 0 0 1 1 16 3 6 2 14 8 3 26 11 5 13 41 19 12 6 19 20 25 9 15 6 5 2 2 2 2 1 0 1 1 0 0 0 0 0 0 0 0 1 1 1 2 2 4 9 15 11 2 4 13 8 3 4 6 7 5 13 3 4 3 2 2 3 2 3 1 1 2 2 1
28 5 12 6 2 13 4 2 3 2 6 2 5 2 1 1 0 0 0 0 1 2 0 0 0 1 5 3 1 9 4 4 13 14 12 4 10 36 35 15 6 12 13 24 19 10 3 4 3 1 1 1 1 1 0 0 0 0 0 0 0 0 0 2 5 6 8 13 9 22 15 19 11 1 17 23 4 3 4 7 5 6 10 4 7 6 1 2 3 2 1 1 1 1 1 1
22 13 1 1 1 7 2 2 5 5 3 3 2 2 0 0 0 0 0 0 1 0 0 0 0 2 2 1 4 1 3 10 10 5 6 10 20 39 27 9 8 14 11 13 9 4 7 5 2 2 1 0 1 1 0 0 0 0 0 0 0 0 1 1 1 0 5 10 19 34 46 28 2 10 15 22 6 1 3 12 5 11 4 6 3 7 1 2 3 1 1 0 2 0 1 0
13 1 1 2 2 3 1 2 2 4 1 3 4 1 1 0 0 0 0 0 0 0 0 0 0 3 0 2 3 1 7 10 3 2 9 8 3 34 20 3 5 8 6 9 9 5 3 2 1 1 1 0 0 1 0 0 0 0 0 0 0 0 1 1 1 1 7 39 49 39 33 2 5 10 16 22 17 3 6 7 4 4 4 4 4 5 0 1 2 1 2 1 1 0 0 0
