sesion_6_simulaciones/modelos_agentes/ejemplos_netlogo/scenarios/cgcm2_b2/rob_2069.asc
NCOLS 322 
NROWS 307 
XLLCORNER 451900 
YLLCORNER 4086900 
CELLSIZE 100 
NODATA_value -9999 
[rows 146 to 218 of 307, columns 0 to 95 of 322]
0 0 0 1 1 1 8 2 2 0 9 17 4 13 6 8 13 8 5 1 1 0 0 0 2 1 1 1 1 0 0 0 0 1 3 3 1 3 7 13 10 15 22 26 2 20 19 22 23 14 13 28 34 18 8 8 14 30 25 23 16 45 34 26 14 30 30 35 60 56 47 73 55 70 61 74 78 71 78 68 44 68 77 64 46 48 68 41 71 79 65 67 65 66 63 77
3 4 9 3 11 1 0 1 4 3 13 18 11 45 19 19 37 18 5 5 2 2 1 0 0 0 1 0 1 0 1 0 1 2 1 1 3 2 3 2 3 9 15 33 22 12 22 14 21 18 17 13 11 43 59 28 26 23 20 24 35 32 41 22 30 38 53 32 51 62 45 58 66 63 78 53 67 62 77 67 26 39 51 60 37 10 15 31 70 67 68 74 40 44 34 69
0 6 4 3 7 12 11 6 2 2 3 38 30 30 26 32 48 30 20 32 9 15 3 1 0 0 0 0 0 0 1 0 0 1 0 1 1 1 1 1 8 8 8 7 14 7 17 18 10 21 11 14 26 10 19 32 28 15 9 30 41 43 36 27 39 52 56 34 41 70 66 60 36 45 68 78 28 25 23 39 37 32 15 21 55 44 15 10 37 31 25 29 47 42 25 47
2 7 7 9 15 19 13 23 22 5 8 22 28 47 50 59 67 31 36 31 32 22 4 8 1 0 0 0 0 0 3 2 0 1 0 0 1 1 1 2 4 3 2 5 12 48 22 18 8 9 7 20 23 21 6 6 7 4 28 23 21 56 37 26 37 61 57 55 57 67 39 20 15 52 39 34 64 16 18 45 41 25 31 23 11 47 24 15 11 18 8 37 22 46 31 12
1 1 2 16 11 28 25 5 13 24 11 16 66 69 69 40 73 55 52 57 36 9 6 3 4 2 0 1 1 1 0 3 1 2 3 2 1 2 3 3 2 2 4 21 37 22 15 11 9 8 9 12 13 13 26 20 25 26 28 29 44 55 30 26 59 57 66 72 50 12 56 35 33 47 68 29 34 11 4 13 27 29 21 35 16 18 42 28 13 17 10 7 13 18 24 9
0 1 2 1 2 2 2 3 6 5 16 7 21 58 58 50 76 71 61 12 4 3 9 8 16 7 2 1 1 0 0 1 12 9 9 15 22 2 1 3 7 12 30 29 9 10 5 11 7 6 15 13 15 13 16 14 31 33 36 38 59 51 47 32 55 74 61 48 76 39 19 57 60 32 39 14 29 48 23 11 13 24 26 15 20 12 16 41 31 17 13 7 5 15 20 16
6 1 1 1 2 2 3 5 6 8 6 21 12 7 5 6 8 7 12 12 7 24 23 18 32 7 20 4 4 4 2 3 10 1 0 0 2 21 1 1 8 5 10 16 14 26 27 36 15 8 14 15 21 18 5 18 23 55 31 52 55 60 71 87 84 70 65 39 43 85 41 36 35 43 25 8 14 14 43 28 14 16 29 23 14 19 13 16 36 13 10 8 3 3 9 9
7 5 4 3 3 2 2 7 1 3 14 12 11 18 12 12 8 20 28 37 63 37 60 29 23 9 7 6 5 16 7 1 0 1 1 0 1 1 8 2 1 29 5 8 13 9 4 9 22 13 23 30 29 21 7 14 22 41 65 53 78 66 78 78 77 78 70 24 37 69 74 56 38 24 35 23 16 13 23 17 24 17 15 25 16 14 11 11 45 25 6 5 7 2 9 11
24 10 23 12 9 8 14 2 3 2 4 8 10 31 33 11 5 17 45 48 63 79 52 69 39 23 31 26 11 13 36 19 5 1 2 2 5 4 4 9 1 17 6 7 19 3 6 10 6 27 34 44 55 42 41 22 28 42 64 63 47 38 75 78 76 67 69 51 36 52 80 30 37 24 17 14 24 8 23 42 17 24 21 12 11 9 10 7 15 10 18 6 3 2 2 3
39 29 37 17 25 16 12 16 3 2 5 4 25 19 8 24 18 14 12 49 64 55 49 58 36 26 33 25 12 4 14 53 43 23 15 4 5 7 7 10 4 17 38 12 16 11 5 5 6 13 12 16 32 10 14 43 29 53 40 23 22 25 31 56 55 23 34 21 51 63 59 54 31 25 30 12 12 17 17 30 25 14 20 16 8 8 7 7 7 7 9 12 7 4 2 2
18 36 27 48 55 32 11 43 6 3 5 5 6 8 22 26 17 29 20 13 17 49 57 17 25 43 17 39 20 4 4 6 27 53 36 14 9 7 6 9 10 24 45 8 13 15 12 18 21 26 26 33 23 23 28 24 39 66 50 48 52 49 24 16 9 29 25 29 21 36 37 57 63 34 16 10 13 16 19 25 27 39 10 13 7 6 5 3 4 8 6 2 11 3 1 2
52 67 48 71 52 15 37 61 13 11 14 5 22 46 36 17 38 26 25 15 17 18 14 47 28 9 14 37 44 14 11 9 6 48 45 35 38 26 26 33 29 16 49 42 13 10 15 22 21 24 37 54 26 39 47 25 18 38 49 40 36 26 14 24 25 8 4 17 39 44 46 57 29 33 16 14 19 17 26 18 20 15 21 7 6 5 2 2 3 2 5 3 4 5 2 1
36 75 29 74 30 56 55 59 10 22 24 11 9 7 24 26 30 60 54 65 21 14 19 19 19 15 20 62 19 61 18 33 26 48 17 36 36 67 34 26 34 18 39 47 53 13 12 12 29 19 24 19 17 36 43 21 35 68 69 73 34 46 53 42 39 18 16 24 30 32 32 41 31 19 29 8 15 24 21 22 13 9 12 11 3 2 1 0 1 2 3 4 3 3 3 2
11 66 48 62 59 67 62 18 23 43 37 20 17 12 13 9 13 26 27 63 37 10 17 21 55 52 45 49 18 58 60 18 21 30 56 62 49 72 83 41 36 12 20 49 53 39 28 17 30 8 7 13 40 38 27 26 31 26 22 26 21 37 57 51 49 35 34 33 24 27 30 28 20 27 7 13 12 16 10 7 8 6 5 7 9 6 3 5 3 1 1 1 3 3 2 1
13 12 9 49 64 63 20 23 56 31 47 56 39 27 14 19 26 27 36 19 30 48 42 15 46 45 52 58 62 29 77 72 32 13 33 76 72 56 48 61 62 15 25 55 69 71 27 19 21 22 16 14 62 29 77 77 76 63 81 69 48 28 36 34 35 31 34 36 30 18 19 26 21 24 12 18 9 8 9 11 5 5 4 7 3 3 4 4 2 3 3 1 1 1 1 0
11 49 31 23 16 39 31 68 69 43 42 53 22 37 10 25 19 22 35 25 30 33 33 15 58 66 58 79 72 55 71 83 75 43 35 10 29 55 38 20 28 18 11 77 76 68 47 50 35 53 76 84 71 44 38 72 64 35 39 59 57 38 48 38 35 27 25 39 29 14 17 15 17 18 11 12 10 11 6 5 4 4 1 3 3 1 3 2 1 1 1 1 0 1 1 1
29 35 26 47 38 18 50 79 68 73 11 41 57 54 67 32 49 21 18 18 21 10 39 62 82 58 81 87 71 71 48 63 79 51 49 25 56 73 81 82 64 45 28 39 79 63 48 82 45 52 76 75 83 51 32 79 85 56 41 30 69 69 28 56 39 35 22 25 23 17 20 16 14 11 9 11 8 6 5 2 2 2 2 2 3 1 2 1 1 1 1 0 0 0 0 0
21 24 53 31 26 10 43 66 49 77 27 36 68 54 71 48 25 39 30 45 49 54 18 53 67 73 82 83 60 82 66 81 71 74 72 75 68 76 81 72 16 57 62 29 13 47 51 70 53 48 70 67 70 74 39 48 73 89 62 46 57 35 36 34 40 50 45 37 23 13 22 11 8 7 6 3 5 3 1 1 1 2 1 1 1 0 1 0 0 1 0 1 1 1 1 1
19 14 8 24 36 35 14 78 28 27 28 43 52 12 41 54 30 34 30 63 62 35 36 20 54 84 76 83 64 86 72 73 67 60 71 73 83 77 77 82 76 54 21 19 8 11 54 64 45 20 33 67 74 78 75 81 83 80 86 48 34 40 36 44 39 38 48 22 15 22 11 7 6 6 2 1 1 1 3 3 3 1 1 1 1 2 3 3 5 1 3 6 3 5 5 3
8 19 37 30 19 14 15 35 43 39 61 54 63 62 29 51 37 54 19 16 35 70 44 29 15 34 37 70 69 42 18 20 17 35 34 33 74 56 60 72 72 60 47 18 6 11 53 53 42 34 26 23 47 78 77 70 57 57 79 75 36 25 34 35 39 35 19 26 14 6 6 8 6 4 3 2 1 1 1 1 2 4 3 5 8 13 12 13 6 5 6 13 11 18 16 6
16 12 13 13 25 19 23 20 22 20 38 67 66 72 19 17 27 59 60 39 32 27 49 17 32 40 32 32 21 28 44 33 45 41 63 38 33 29 27 28 22 38 27 14 13 17 41 45 56 33 33 31 8 44 40 51 53 64 44 58 53 28 53 51 41 25 22 12 12 8 7 7 3 1 3 3 1 1 1 3 13 16 10 18 21 24 22 32 20 22 46 45 22 34 17 10
8 10 17 39 33 38 34 28 32 31 44 10 16 21 32 40 27 17 62 64 55 31 34 12 31 58 55 46 33 37 54 62 34 62 34 29 30 37 39 36 24 15 21 20 33 33 55 51 56 46 30 15 18 18 24 52 24 18 15 43 26 34 33 20 27 15 9 12 11 4 3 2 3 2 4 4 5 1 11 14 27 28 27 35 36 56 52 37 34 40 14 6 10 8 9 24
13 18 35 19 21 28 30 21 36 57 17 22 44 42 25 44 9 14 18 27 36 26 22 21 35 30 47 40 63 25 54 42 36 43 30 29 38 60 30 59 37 20 14 12 14 22 33 47 39 41 25 39 38 26 33 31 31 24 29 37 54 46 28 9 13 12 10 4 5 3 3 16 15 8 8 13 5 8 20 43 59 47 48 70 60 54 54 36 45 42 18 5 2 2 5 16
31 54 51 58 25 23 26 22 38 47 27 30 42 42 36 20 26 23 40 40 26 32 39 24 34 30 26 47 26 31 45 41 45 36 27 30 25 49 25 58 42 32 25 9 5 4 20 22 66 63 37 31 63 35 18 42 48 59 53 40 45 24 15 9 9 7 3 3 9 7 17 28 35 14 20 22 12 23 50 56 70 83 48 75 55 53 40 42 35 30 19 13 3 2 2 3
9 10 7 9 14 13 39 32 49 27 34 17 30 48 19 8 16 21 25 23 13 10 10 22 30 25 21 27 35 40 37 38 22 30 22 10 34 25 41 56 34 36 50 25 26 12 8 23 25 51 34 46 37 18 21 35 38 31 23 13 12 8 4 2 3 1 8 19 31 23 37 50 48 31 45 32 17 36 61 62 84 68 52 45 28 6 6 23 9 12 8 4 4 1 1 5
13 23 17 31 24 33 20 30 32 29 12 15 25 31 39 36 41 18 17 16 21 7 11 29 56 44 27 24 36 22 17 36 67 35 22 14 33 19 57 20 48 29 39 34 21 11 17 20 13 27 37 31 15 23 22 19 46 19 12 9 5 16 16 22 9 17 27 45 43 42 42 57 40 41 47 40 33 47 64 73 73 57 34 24 18 9 8 7 13 4 3 3 2 1 1 1
9 11 12 25 40 10 12 18 16 25 22 16 39 27 58 38 28 47 38 28 55 25 32 26 48 56 28 50 18 26 35 26 57 56 32 22 26 37 38 17 21 21 32 37 15 25 17 11 12 18 19 27 23 23 24 21 12 5 5 22 20 36 37 36 25 27 45 52 66 65 48 62 62 61 47 57 59 63 65 66 59 70 41 25 12 13 8 4 20 8 3 1 0 1 1 2
11 8 13 22 10 12 11 24 32 24 31 41 36 28 23 23 63 60 35 38 40 31 47 23 31 48 56 37 19 20 15 19 21 20 32 43 12 17 45 38 33 39 29 20 31 22 22 20 13 18 21 24 37 28 16 13 15 21 31 48 43 41 54 42 33 49 53 53 68 52 58 68 78 48 53 59 66 71 80 58 28 23 25 28 18 10 6 3 3 3 2 1 1 0 1 1
8 15 16 13 6 37 27 23 47 58 66 60 55 63 34 18 23 44 37 47 12 31 56 26 33 26 42 57 35 52 34 28 23 24 42 55 22 35 42 50 42 10 11 21 16 21 11 10 18 25 25 41 30 22 29 19 26 30 51 48 43 43 56 44 39 49 57 42 70 63 51 77 63 50 57 76 65 69 31 82 58 56 25 16 17 11 7 7 2 1 1 1 0 0 0 0
7 9 12 10 6 8 13 24 25 34 48 67 49 49 61 20 33 30 21 21 23 51 56 32 18 23 12 30 20 27 21 23 34 32 49 42 23 40 50 46 35 17 8 7 15 15 19 33 19 20 37 27 21 42 26 24 36 54 53 60 53 52 53 41 43 68 69 54 72 68 68 68 82 80 58 64 71 69 30 26 49 60 38 27 10 6 7 7 3 2 1 0 0 1 1 0
6 6 23 7 19 5 12 12 23 31 13 16 14 15 23 36 35 32 60 26 39 54 32 40 11 38 16 39 17 14 23 27 27 25 34 29 30 28 40 42 32 16 6 13 16 17 23 25 25 26 28 42 31 26 25 40 51 49 47 51 49 38 58 52 55 72 68 67 66 84 75 69 65 75 29 28 19 52 59 36 20 40 23 14 9 7 7 2 1 3 2 1 1 0 0 0
7 21 19 47 5 47 39 5 22 15 29 17 41 25 35 28 34 24 24 26 16 37 17 25 19 13 17 20 10 25 28 22 23 26 27 18 24 17 25 39 27 23 23 30 40 17 29 19 37 48 44 58 44 27 42 46 47 57 39 46 65 51 63 66 56 70 56 75 39 58 83 81 78 64 76 58 42 19 14 28 20 14 27 22 17 12 9 13 4 1 1 1 1 0 0 0
37 19 8 19 36 19 10 22 20 24 13 26 16 16 42 22 24 5 22 30 26 10 17 22 14 8 12 5 9 5 7 16 16 43 12 14 14 22 21 10 16 29 11 17 15 26 12 27 41 54 48 48 42 41 38 57 47 56 55 47 54 63 54 60 64 72 52 51 79 40 78 80 60 75 79 83 66 61 59 41 34 22 9 5 10 15 7 8 3 2 1 1 1 0 0 0
23 62 24 33 7 13 10 18 12 12 29 9 16 33 44 54 56 19 18 39 19 12 5 9 18 5 7 7 6 4 5 15 18 20 8 12 11 11 34 24 15 27 14 49 25 24 27 22 46 52 38 35 37 38 36 41 62 54 49 70 67 76 59 51 63 28 45 43 45 56 42 73 50 62 75 79 80 87 72 57 58 63 61 34 9 7 7 6 3 1 1 0 0 0 0 0
8 17 12 12 24 26 12 9 11 13 21 11 29 14 11 13 11 17 17 23 34 9 17 10 12 5 5 2 4 6 8 14 9 8 9 7 10 21 30 22 14 12 25 49 13 37 27 30 37 58 28 33 34 35 34 40 55 63 49 61 74 47 41 72 73 65 49 32 23 9 20 23 36 38 64 73 67 72 75 55 73 59 47 18 12 12 10 6 7 2 1 1 0 0 0 0
7 10 22 17 15 17 13 8 3 13 2 3 10 13 45 22 38 14 14 14 19 9 7 10 7 6 9 4 3 3 7 5 6 12 2 3 6 23 12 13 8 16 17 29 26 22 27 30 39 32 21 35 26 28 41 29 55 67 71 55 61 71 29 14 12 20 27 47 41 32 17 14 7 21 34 59 48 70 82 43 59 75 45 28 18 8 7 7 4 2 1 1 1 0 0 0
4 25 13 7 8 10 7 4 2 2 3 5 5 16 18 14 19 17 17 17 10 18 5 14 7 7 11 2 2 5 2 3 9 6 7 11 14 27 3 4 9 19 16 26 22 15 18 18 25 16 32 46 35 43 44 40 55 52 53 36 40 60 27 27 50 65 71 57 56 43 38 48 17 6 13 42 37 64 75 61 42 42 37 25 14 12 11 6 4 3 2 2 1 0 0 0
4 8 9 8 8 7 5 3 1 1 2 3 7 3 7 12 10 14 5 2 2 2 4 2 2 10 5 2 4 3 2 2 6 3 1 4 7 9 7 8 10 10 22 24 10 12 17 16 26 29 49 69 52 73 68 81 67 56 63 37 27 11 64 50 20 53 71 55 61 62 63 44 23 20 9 10 12 27 61 34 25 12 9 16 5 10 4 3 3 4 3 2 1 1 0 0
8 1 2 6 1 3 1 0 1 0 0 0 1 2 7 3 2 3 5 2 2 1 1 2 1 2 1 2 4 2 0 1 1 2 2 2 7 5 3 6 11 26 50 67 47 46 32 32 31 19 70 37 78 71 57 66 40 45 62 73 26 23 22 77 34 32 48 68 53 46 69 71 75 46 32 11 6 3 4 4 6 6 4 10 9 3 3 2 1 3 1 2 1 1 0 0
0 0 1 1 1 1 1 0 0 1 3 0 1 1 1 3 3 2 3 2 1 1 2 2 0 0 1 1 1 0 0 0 1 5 17 17 23 34 47 47 51 66 41 71 56 64 63 13 39 59 31 30 60 56 63 67 43 69 73 56 50 35 17 52 73 30 11 35 63 75 63 60 35 34 41 34 14 5 7 2 5 5 5 3 7 7 2 2 1 1 1 1 1 0 0 0
0 1 1 0 0 0 1 8 15 2 4 3 8 1 0 2 1 1 1 1 1 0 1 0 1 0 3 3 4 1 0 1 1 1 2 15 29 45 39 47 46 67 47 49 68 70 68 30 23 30 78 56 26 52 21 35 33 69 82 65 55 45 30 31 82 41 40 20 41 59 80 27 14 26 28 43 32 23 18 9 5 4 2 2 3 6 3 1 1 0 1 1 0 0 0 0
1 1 1 2 2 6 9 4 6 7 8 3 4 3 1 1 0 0 0 0 0 0 4 2 7 7 2 1 3 1 0 4 3 2 2 4 8 43 47 55 42 36 32 33 60 74 83 82 29 34 54 61 41 26 50 18 51 57 78 73 25 37 29 17 80 59 28 27 27 75 75 85 48 38 28 16 13 9 6 7 10 10 4 1 2 1 4 2 1 1 0 1 1 0 0 0
4 4 2 15 8 11 14 23 22 19 7 6 7 3 2 1 0 0 0 1 0 0 0 0 1 2 6 5 1 1 1 1 2 5 1 4 14 35 48 62 51 29 19 29 44 76 84 81 85 82 32 42 39 38 26 17 36 59 70 74 28 34 40 33 55 86 61 41 24 15 19 45 23 26 17 36 23 9 6 4 4 4 5 4 2 0 1 2 1 1 0 1 0 0 0 0
5 9 10 12 22 17 27 15 35 28 14 27 16 5 19 9 7 3 1 0 0 0 0 0 0 1 2 9 1 1 2 1 5 4 7 8 8 9 5 3 49 50 18 35 26 33 59 64 81 86 79 49 51 64 40 52 35 66 78 65 68 27 47 40 28 80 89 70 51 21 12 14 44 30 18 15 23 23 9 6 3 3 3 4 3 1 0 1 1 1 1 0 0 0 0 0
1 1 3 20 33 23 54 61 62 62 44 37 15 26 38 27 10 4 8 2 1 1 1 1 1 3 8 2 2 2 2 5 11 5 8 15 14 14 11 11 11 23 21 22 16 33 67 42 70 80 89 57 50 49 62 58 13 58 72 70 68 51 38 35 19 72 80 83 57 52 12 5 33 53 22 5 7 5 10 3 4 3 2 2 3 1 1 1 1 1 1 0 0 0 0 0
2 3 6 36 42 55 65 60 56 75 78 45 52 51 50 35 15 19 13 8 3 1 2 3 9 30 23 3 1 2 3 6 4 8 5 11 13 19 25 16 11 12 12 10 27 33 51 45 15 66 80 86 48 40 50 27 22 17 47 56 84 79 24 27 46 56 56 78 32 48 36 7 8 31 23 13 8 8 9 8 4 3 1 1 1 1 1 0 0 1 1 0 0 0 0 0
1 2 2 2 3 5 20 31 34 13 40 72 82 71 62 29 22 42 19 12 16 2 3 2 2 3 22 34 6 2 4 6 6 15 12 10 16 17 31 18 27 38 32 24 19 12 58 60 46 33 59 78 65 37 18 16 38 15 23 53 52 47 35 29 31 45 29 75 28 36 26 28 4 14 17 21 15 11 11 7 6 3 1 1 0 1 1 0 0 0 0 0 0 0 0 0
1 1 2 10 12 18 59 24 27 21 26 19 61 79 82 56 45 47 16 23 8 16 5 13 10 4 2 4 7 4 1 6 11 25 7 9 8 14 29 27 24 26 19 21 35 34 33 13 40 66 40 51 16 20 11 29 24 34 26 28 51 58 44 35 15 17 18 60 63 19 10 20 18 4 8 7 15 7 5 3 4 2 2 2 0 1 0 0 1 0 0 0 0 0 0 0
1 2 1 1 6 5 14 18 15 27 15 5 15 41 63 75 72 21 5 5 5 20 11 21 11 10 7 3 3 7 4 38 26 9 40 18 20 23 29 20 26 42 52 40 47 32 40 24 26 23 70 48 39 27 20 16 27 32 24 27 44 63 46 28 26 17 28 45 65 42 17 7 23 14 8 2 2 7 6 4 2 2 2 2 1 0 0 1 1 0 0 0 0 0 0 0
2 0 1 3 8 12 7 9 12 19 29 19 42 17 17 24 32 16 6 12 27 5 8 18 46 47 6 8 5 39 17 16 47 36 55 20 62 28 22 21 26 29 28 41 34 38 39 28 28 31 29 40 28 28 34 26 22 30 16 8 16 24 37 35 34 25 19 26 35 41 20 21 24 11 12 5 2 6 5 2 3 1 1 1 0 1 0 0 0 0 0 0 0 0 0 0
10 2 8 3 3 8 7 12 21 29 20 24 9 28 40 22 27 18 8 15 3 17 16 12 5 17 20 32 30 6 13 34 30 13 21 22 11 50 19 28 29 38 19 26 19 21 21 31 36 38 24 13 42 46 32 41 27 22 21 21 11 19 39 21 19 19 11 15 23 39 9 13 10 6 7 4 2 2 3 4 2 2 1 1 0 0 0 0 0 0 0 0 0 0 0 0
19 13 1 1 7 3 17 40 9 10 23 22 19 42 15 28 12 9 5 4 7 12 13 16 14 10 14 17 9 16 6 41 20 35 31 48 10 21 40 14 20 37 30 42 40 17 24 29 24 37 18 29 8 21 17 49 20 24 19 29 20 18 7 8 6 2 2 4 8 9 5 2 8 5 4 8 6 3 4 2 1 1 1 1 0 0 0 0 0 0 0 0 0 0 0 0
20 13 39 6 5 18 3 3 28 29 8 28 12 38 15 27 22 10 9 17 22 28 16 8 19 22 16 21 48 48 33 8 8 13 33 22 19 6 48 34 32 26 13 19 37 34 23 15 28 36 26 9 45 28 19 46 32 12 21 10 9 16 8 6 3 2 1 1 5 10 8 3 3 5 5 7 5 3 7 2 1 1 1 0 0 0 0 0 0 0 0 0 0 0 0 0
10 21 29 17 2 2 19 7 2 7 17 13 6 11 25 14 9 5 7 12 20 21 46 31 25 27 25 24 57 67 38 23 11 24 38 30 46 20 7 51 24 36 35 31 18 17 23 32 27 31 15 7 14 7 5 21 15 12 10 5 6 12 8 6 5 2 1 1 1 4 5 3 7 7 7 9 8 4 2 2 1 0 0 0 0 0 0 0 0 0 0 0 0 0 0 0
29 19 46 24 35 10 4 41 9 16 42 12 27 21 11 31 8 7 7 8 7 18 30 28 28 35 32 30 45 72 73 49 22 18 60 48 49 32 13 27 66 25 23 57 36 36 28 36 36 19 12 5 4 6 6 6 13 10 5 4 3 4 5 8 3 3 1 1 1 0 1 2 2 1 2 2 3 5 2 1 1 1 0 0 0 0 0 0 0 0 0 0 0 0 0 0
37 27 19 37 17 22 28 9 52 29 44 61 39 46 29 14 13 10 14 35 12 30 49 42 30 34 37 27 19 23 66 54 37 27 24 58 37 27 21 14 20 50 17 16 19 22 25 35 51 31 41 16 9 7 6 4 6 4 4 13 4 2 2 2 1 1 1 1 0 0 0 0 0 0 1 2 1 1 2 1 1 0 0 0 0 0 0 0 0 0 0 0 0 0 0 0
14 50 38 48 35 44 54 45 26 20 12 8 16 12 16 39 24 14 28 7 47 19 58 66 32 37 40 26 16 7 15 43 60 37 14 38 48 20 44 33 25 14 40 43 24 23 38 27 39 21 44 18 7 6 4 3 4 3 2 5 5 3 1 1 0 0 1 1 0 0 0 0 0 0 0 0 1 0 1 0 1 0 0 0 0 0 0 0 0 0 0 0 0 0 0 0
12 13 4 22 24 4 7 5 26 18 38 35 33 41 18 21 39 33 29 26 21 16 54 78 53 48 45 46 27 9 9 9 54 35 37 32 52 18 45 50 35 16 13 40 29 38 29 26 33 15 5 6 10 9 7 6 2 1 1 0 2 1 1 0 1 0 1 0 0 0 0 0 0 0 0 0 0 0 1 0 0 0 0 0 0 0 0 0 0 0 0 0 0 0 0 0
9 15 11 5 6 14 11 9 11 28 16 25 18 11 20 37 16 12 20 36 21 69 41 63 69 50 58 50 51 24 11 13 10 28 38 41 48 21 46 29 35 36 26 21 37 25 27 41 33 25 18 8 10 5 4 4 2 1 0 0 0 0 0 0 0 0 0 0 0 0 0 0 0 0 0 0 0 0 0 0 0 0 0 0 0 0 0 0 0 0 0 0 0 0 0 0
18 12 12 7 12 26 13 9 17 17 8 12 15 8 19 30 19 23 13 17 58 41 31 27 72 45 18 16 16 11 14 6 15 7 14 20 82 62 31 43 30 17 27 29 18 32 20 22 46 39 31 14 8 4 4 3 1 0 0 1 2 2 1 1 1 1 1 0 0 0 0 0 0 0 0 0 0 0 0 0 0 0 0 0 0 0 0 0 0 0 0 0 0 0 0 0
8 5 5 4 2 6 6 8 4 3 13 11 14 5 11 18 12 21 32 65 41 29 39 56 75 64 28 21 22 25 23 24 9 14 16 10 7 10 28 27 20 35 15 27 22 35 36 23 45 25 30 25 15 7 3 1 1 1 1 2 4 6 7 4 1 1 1 1 0 0 0 0 0 0 0 0 0 0 0 0 0 0 0 0 0 0 0 0 0 0 0 0 0 0 0 0
3 2 4 2 5 4 4 3 1 1 2 5 8 10 8 9 9 23 27 20 25 27 14 7 16 15 12 18 40 43 25 49 38 15 12 9 10 10 8 23 18 36 27 13 35 24 36 27 24 13 17 13 8 6 2 2 1 2 4 7 9 8 5 5 3 1 2 2 1 1 1 1 0 0 0 0 0 0 0 0 0 0 0 0 0 0 0 0 0 0 0 0 0 0 0 0
4 2 3 1 2 2 5 9 21 21 17 1 3 7 8 4 9 24 46 32 41 16 25 18 12 17 44 26 30 39 53 39 24 26 30 6 4 5 9 14 12 20 29 32 31 29 20 14 29 14 9 7 5 3 4 5 3 8 11 8 14 11 11 7 5 4 3 5 5 3 2 1 0 0 1 0 0 0 0 0 0 0 0 0 0 0 0 0 0 0 0 0 0 0 0 0
1 1 1 1 4 6 2 12 37 45 26 27 10 4 8 14 14 29 34 17 11 15 32 25 22 23 38 18 9 26 24 17 8 16 28 17 8 6 13 8 6 11 10 12 18 19 19 11 18 12 6 2 5 7 11 10 10 15 16 17 11 17 16 12 19 7 8 6 7 6 1 1 0 0 1 0 1 0 0 0 0 0 0 0 0 0 0 0 0 0 0 0 0 0 0 0
1 1 4 4 6 5 14 11 3 13 33 30 27 37 43 36 66 34 28 37 10 7 31 18 22 32 18 17 11 13 24 26 26 20 28 15 11 23 26 9 5 23 12 17 12 7 18 8 8 5 5 7 13 21 21 23 17 15 15 19 13 23 24 30 27 18 11 8 8 6 3 2 5 2 1 1 0 0 0 0 0 0 0 0 0 0 0 0 0 0 0 0 0 0 0 0
2 0 0 2 14 15 25 56 46 26 31 55 46 32 60 44 77 76 72 51 23 42 6 9 9 8 29 33 34 45 15 55 55 27 10 15 5 17 18 10 27 14 13 11 15 10 11 9 7 7 14 14 30 46 43 29 37 21 25 24 16 34 33 33 25 19 14 11 11 10 7 2 1 0 0 0 1 0 0 0 0 0 0 0 0 0 0 0 0 0 0 0 0 0 0 0
3 4 13 2 2 15 35 55 62 26 21 67 30 27 61 41 41 21 38 54 16 26 19 15 10 17 24 34 34 54 27 18 17 40 23 22 8 32 16 15 21 30 25 23 25 36 33 24 8 28 39 36 41 57 59 57 27 17 51 33 26 36 36 25 35 34 7 22 22 9 7 4 2 1 0 1 3 1 0 0 0 0 0 0 0 0 0 0 0 0 0 0 0 0 0 0
17 5 8 26 12 6 7 16 19 59 17 60 36 38 56 26 11 18 32 20 15 7 20 12 18 31 32 17 12 37 26 19 10 8 11 9 25 29 14 10 44 46 27 54 46 26 26 15 13 34 54 50 50 78 47 42 36 20 63 31 28 36 49 50 37 27 21 25 11 6 6 3 3 4 2 1 2 1 1 0 0 0 0 0 0 0 0 0 0 0 0 0 0 0 0 0
38 35 9 31 34 54 48 27 10 13 40 72 61 19 64 24 28 20 32 21 11 9 31 14 28 24 28 26 22 18 12 15 17 25 29 19 35 8 14 25 43 44 56 58 38 20 12 21 38 30 48 65 76 48 35 45 44 28 70 40 63 31 53 30 30 57 35 17 26 10 5 6 13 11 2 0 1 2 1 0 0 0 0 0 0 0 0 0 0 0 0 0 0 0 0 1
33 47 49 39 46 75 58 80 56 9 32 64 9 21 48 41 29 12 47 8 8 8 17 10 41 29 16 14 15 4 4 15 27 18 39 14 45 12 33 29 59 61 69 36 33 23 23 41 51 46 43 67 66 45 52 66 56 39 75 72 45 54 49 56 70 48 36 28 18 7 7 30 12 2 2 2 2 1 1 1 0 0 0 0 0 0 0 0 0 0 0 0 0 0 1 1
41 63 64 71 70 69 78 80 66 36 30 29 37 11 49 34 25 17 11 7 7 10 26 13 21 18 17 36 27 27 30 32 20 10 14 27 58 29 34 43 69 69 53 36 21 35 37 64 71 52 45 65 53 39 53 74 41 63 67 64 70 36 48 79 77 50 40 21 24 26 15 15 6 5 4 1 1 1 1 0 0 0 0 0 0 0 0 0 0 0 0 0 0 0 1 4
7 62 77 61 77 28 58 71 71 69 59 65 44 11 51 71 42 15 20 14 7 16 24 15 12 17 29 9 13 15 6 13 10 28 57 36 55 25 27 43 67 48 29 15 31 54 49 52 75 57 61 64 33 56 72 65 34 61 48 74 64 70 76 66 53 34 42 21 10 4 4 2 1 1 1 0 0 0 0 0 0 0 0 0 0 0 0 0 0 0 0 0 0 0 1 3
18 20 44 17 9 10 16 14 20 9 13 27 59 16 10 48 62 44 32 27 14 12 8 11 28 8 18 18 44 40 9 21 25 30 67 66 74 40 27 53 48 25 17 36 58 57 50 51 75 53 64 75 64 61 78 63 64 39 63 69 47 70 59 25 12 13 8 14 22 19 15 9 11 4 1 0 0 0 0 0 0 0 0 0 0 0 0 0 0 0 0 0 0 1 3 3
