sesion_6_simulaciones/modelos_agentes/ejemplos_netlogo/scenarios/cgcm2_b2/rob_2075.asc
NCOLS 322 
NROWS 307 
XLLCORNER 451900 
YLLCORNER 4086900 
CELLSIZE 100 
NODATA_value -9999 
[rows 148 to 221 of 307, columns 0 to 95 of 322]
0 5 4 3 7 12 10 6 2 1 2 39 26 29 26 29 49 32 22 31 10 16 3 1 0 0 0 0 0 0 1 0 0 1 0 1 0 1 1 1 7 7 7 6 13 6 15 16 9 18 10 13 25 8 17 29 26 13 8 29 38 41 33 25 36 49 54 31 38 68 65 57 33 43 66 77 27 23 22 37 35 30 13 20 54 42 14 9 34 29 24 27 46 41 23 45
2 7 6 9 15 18 11 22 19 4 6 21 28 46 50 58 68 34 37 34 34 25 4 9 1 0 0 0 0 0 3 2 0 1 0 0 0 1 1 2 4 3 2 5 10 46 20 15 7 8 6 18 20 18 5 5 6 4 26 20 18 53 33 23 34 59 54 54 56 66 36 18 14 51 37 35 63 15 17 42 39 22 29 22 10 47 20 13 10 17 7 35 21 45 29 11
1 1 2 18 9 28 22 4 12 23 10 15 66 66 66 39 71 57 54 60 34 9 5 3 4 2 0 1 1 1 0 3 1 2 3 2 1 2 3 2 2 1 4 20 35 20 12 10 7 7 8 10 11 11 24 17 22 23 25 27 41 51 27 23 56 54 64 72 49 11 54 33 31 46 68 26 33 10 3 11 24 26 19 33 14 16 40 25 11 15 9 6 12 16 22 8
0 1 2 1 2 2 2 3 5 4 14 6 19 55 56 49 76 72 64 11 3 3 10 7 17 8 2 1 1 0 0 1 11 8 9 15 22 2 1 3 7 11 29 27 8 9 4 9 6 5 13 11 12 11 14 11 28 30 32 35 57 47 43 28 54 74 58 46 77 37 18 56 58 31 38 13 26 45 21 10 12 21 23 13 18 10 14 39 27 15 12 6 5 13 18 15
5 1 1 1 2 2 2 4 5 8 5 19 10 5 4 5 6 6 10 11 7 24 21 18 34 6 21 4 4 4 2 2 10 1 0 0 2 21 1 1 8 4 9 15 13 23 23 32 13 6 12 13 17 16 4 16 21 51 28 49 54 59 70 88 84 68 63 37 42 84 39 33 32 41 23 7 12 13 42 25 13 14 26 21 13 17 11 14 34 12 9 8 3 3 9 8
6 5 4 2 3 2 2 7 1 3 13 10 9 15 9 10 7 18 25 37 62 37 62 27 23 9 8 6 5 16 7 1 0 1 1 0 1 1 8 1 1 31 4 7 12 8 3 8 19 11 20 27 26 19 6 12 20 39 63 51 77 64 77 77 76 78 68 22 37 67 73 54 36 22 32 21 14 12 22 15 22 16 13 23 14 13 10 10 43 23 6 5 6 2 8 9
24 10 20 13 9 8 11 2 3 2 4 7 9 28 29 10 4 15 43 47 63 78 51 69 39 23 33 28 11 11 38 18 5 1 2 2 5 4 3 8 1 19 6 6 17 2 5 8 5 25 31 41 52 39 38 21 27 41 64 61 43 36 74 77 75 65 68 49 36 52 79 27 36 22 15 12 22 7 21 39 15 22 19 10 10 8 9 6 14 9 17 5 3 2 2 3
40 27 39 17 27 14 12 17 2 2 5 4 23 18 7 21 15 12 10 47 63 54 45 55 38 25 35 26 12 3 13 55 42 22 14 4 5 7 7 10 4 19 41 11 15 9 4 5 5 11 10 15 30 9 12 42 27 53 39 21 20 23 28 55 52 21 30 19 48 61 58 52 29 23 28 10 11 15 16 28 23 13 18 14 7 8 7 7 6 6 8 10 6 3 2 1
17 37 27 49 57 30 12 45 6 2 4 5 6 8 20 24 15 26 17 10 15 46 54 15 24 44 17 41 19 3 4 5 26 52 36 14 9 6 5 8 9 24 48 8 12 13 11 16 19 23 23 30 20 21 25 22 38 65 48 45 49 46 21 15 8 27 24 26 19 33 34 55 60 31 15 9 11 14 17 23 25 36 9 12 6 6 5 2 4 7 5 2 10 3 1 1
52 69 47 68 50 14 38 63 12 11 11 5 20 41 35 16 33 24 23 13 15 16 12 45 26 8 12 42 46 12 10 7 5 46 45 34 37 25 22 31 27 13 51 44 13 9 14 18 19 22 32 52 23 36 43 23 16 38 47 38 33 24 12 22 23 7 3 16 37 41 43 55 27 31 14 12 17 15 24 16 18 14 19 6 5 4 2 2 2 2 4 2 3 4 1 1
35 74 26 75 27 54 54 60 9 21 24 10 8 7 21 24 27 56 51 61 18 13 16 18 18 14 20 63 19 63 17 31 22 46 16 34 32 67 32 23 32 16 43 49 55 13 12 10 28 18 21 17 15 31 40 19 34 69 67 72 31 42 50 40 36 16 14 22 27 29 29 39 30 17 27 7 14 22 19 21 12 8 11 10 3 2 1 0 1 2 2 3 3 2 2 2
9 65 45 59 59 66 62 16 24 42 32 20 15 11 11 8 12 24 26 60 34 9 15 20 54 51 42 51 18 59 61 16 19 27 55 60 48 69 82 38 32 10 19 50 50 39 28 17 30 7 7 12 38 38 25 22 31 26 20 23 18 34 54 48 46 33 31 31 22 25 27 25 18 25 7 12 11 15 9 7 7 5 4 6 8 5 3 5 3 1 1 1 2 2 1 1
11 10 7 48 62 61 19 23 56 30 47 58 38 27 12 18 23 23 32 17 28 47 41 14 45 46 52 59 61 27 79 72 31 12 34 76 71 54 45 61 60 13 25 56 70 73 26 18 21 22 16 14 63 28 78 77 76 60 81 67 45 26 32 31 33 29 31 33 27 16 17 23 19 22 10 17 8 7 8 10 5 4 4 7 3 3 3 4 2 2 2 1 1 1 1 0
10 47 28 21 13 37 29 68 68 41 40 52 19 35 9 23 17 19 32 23 28 30 31 13 57 64 57 79 70 55 72 83 74 42 34 9 28 53 37 18 26 16 10 78 76 68 49 52 35 56 77 85 72 43 38 70 62 33 37 55 55 36 45 35 32 25 22 36 26 12 15 14 16 16 10 11 9 10 5 4 4 4 1 3 2 1 3 2 1 1 1 1 0 0 0 1
25 32 23 43 35 15 50 80 67 73 10 39 58 53 68 29 48 19 16 15 18 9 36 61 81 57 81 87 71 70 46 61 77 49 47 23 54 71 80 83 65 42 25 35 79 63 48 84 46 51 76 74 81 47 29 78 85 53 39 28 67 67 26 54 36 32 21 22 21 15 18 14 12 10 8 10 7 6 5 2 2 2 2 2 2 1 1 1 1 1 0 0 0 0 0 0
20 22 52 27 24 8 41 66 48 76 25 36 68 53 71 45 24 38 27 41 46 50 15 51 66 72 82 83 58 82 65 80 72 74 72 75 66 75 80 71 15 54 60 26 11 49 51 69 51 47 69 66 67 71 37 45 72 89 60 45 55 32 34 32 37 48 43 34 20 11 20 10 7 6 5 3 5 2 1 1 1 1 1 1 1 0 0 0 0 0 0 1 1 1 1 1
18 13 7 21 32 32 12 77 24 25 26 42 50 11 39 52 29 32 27 61 60 32 33 18 55 83 77 83 62 86 71 74 68 60 72 72 83 77 76 82 75 52 19 16 7 10 55 62 42 17 30 65 72 75 73 80 83 79 86 46 31 37 34 41 36 35 45 19 14 22 10 6 6 5 2 1 1 1 2 3 3 1 1 0 1 2 3 3 5 1 2 6 2 5 4 2
7 17 34 27 16 12 14 33 40 37 60 54 62 61 26 50 34 53 17 14 34 69 42 27 13 33 37 69 68 39 15 19 15 32 31 33 74 56 60 72 72 59 44 16 6 10 51 50 39 32 23 20 44 76 76 69 54 55 79 73 34 23 32 33 36 32 17 24 12 5 6 7 6 3 3 2 1 1 1 1 2 3 2 4 7 10 11 11 5 4 5 12 10 16 14 5
14 11 12 11 22 16 21 18 19 18 36 66 65 71 17 15 25 58 59 36 30 25 47 16 28 37 28 30 18 25 41 31 42 39 61 36 30 27 25 26 21 36 25 12 11 15 37 42 53 30 31 28 7 42 38 49 51 61 42 55 51 26 51 48 40 23 20 11 11 7 6 6 2 1 2 2 1 0 1 2 12 14 9 16 20 23 20 29 19 21 44 43 20 32 16 9
7 9 14 36 30 34 30 24 29 28 40 9 14 19 30 37 24 17 61 63 54 30 32 11 29 55 52 43 29 33 51 60 32 61 32 26 27 35 36 34 22 14 20 18 31 30 54 50 52 43 27 14 17 17 22 49 21 16 14 40 24 32 30 18 25 13 8 11 10 4 3 2 3 2 3 3 4 1 10 12 26 26 26 33 34 52 49 34 32 38 13 5 9 7 8 22
11 17 31 17 19 25 26 18 33 54 15 20 41 39 21 41 8 12 16 26 34 24 20 20 34 28 44 37 60 22 52 39 33 41 28 27 36 58 27 56 34 17 13 11 12 20 30 46 37 38 23 37 36 23 32 29 28 23 27 35 52 43 26 8 12 11 9 4 5 2 2 15 14 8 8 12 4 7 19 41 57 45 46 69 59 52 52 34 43 40 17 5 2 2 4 15
30 52 49 58 23 21 23 20 35 43 24 27 40 38 33 18 23 21 39 38 24 29 37 22 32 28 24 44 24 27 42 37 41 34 24 27 22 45 22 55 39 29 22 8 5 4 17 20 66 62 35 29 61 32 16 39 45 58 51 38 44 23 14 8 9 6 2 3 8 6 15 25 32 12 18 20 11 22 46 54 69 82 47 74 53 50 38 39 32 28 17 12 3 2 1 2
9 8 5 7 11 11 35 29 47 24 30 16 28 47 17 7 15 20 23 20 11 9 9 21 28 23 19 25 30 36 35 36 20 27 20 9 32 22 38 54 31 33 46 21 23 11 7 22 25 49 32 44 35 17 20 33 35 28 21 12 10 7 4 2 2 1 7 17 28 21 35 47 45 28 42 29 16 34 59 60 84 66 50 43 26 5 6 21 8 11 7 3 3 1 1 5
11 21 15 29 22 30 19 28 30 27 10 13 23 28 35 32 38 16 15 15 19 6 9 27 54 41 25 21 33 19 16 34 66 33 20 13 31 18 56 18 45 26 35 30 18 10 15 18 12 25 34 29 13 21 20 17 43 17 10 8 5 14 14 20 8 15 25 42 41 39 39 55 37 38 44 38 31 45 63 73 72 55 32 23 16 8 7 7 12 4 3 3 2 1 0 1
8 10 10 22 39 9 11 15 14 23 19 14 36 26 56 35 26 43 34 25 52 23 29 25 44 52 25 47 16 24 33 23 55 54 31 21 24 36 36 16 19 19 29 33 13 22 15 10 11 16 17 24 21 21 22 19 11 4 4 20 18 34 34 33 23 25 42 49 64 63 45 60 59 58 44 56 57 61 64 65 57 69 39 23 11 12 7 3 17 7 2 1 0 1 1 1
10 6 12 21 9 11 10 22 31 23 29 38 34 24 20 21 61 59 33 36 37 29 43 20 28 44 54 35 17 18 14 17 20 18 30 41 11 16 42 35 30 36 26 17 27 18 19 18 11 16 19 22 34 25 14 11 14 20 28 46 40 38 51 38 30 47 51 51 66 49 57 66 76 46 51 57 65 70 80 57 27 21 23 24 16 9 5 3 2 3 1 1 1 0 1 1
7 13 16 11 6 37 27 19 44 58 65 58 53 62 31 17 22 43 35 46 10 29 53 23 30 25 40 54 32 49 30 25 20 21 38 52 20 32 39 46 40 9 9 18 14 19 9 9 16 22 22 37 28 20 26 17 24 27 49 45 41 40 53 41 37 47 55 40 68 60 48 75 61 47 55 75 64 68 29 81 56 53 23 14 16 10 6 6 2 1 1 1 0 0 0 0
7 8 12 8 6 7 12 22 24 34 45 65 49 47 59 17 30 28 18 18 21 47 52 29 16 19 11 29 17 24 18 20 31 28 45 38 20 36 46 43 31 15 7 6 13 13 17 30 17 18 34 24 19 39 24 21 32 52 51 57 50 48 50 38 40 65 66 53 70 66 65 65 81 78 59 63 71 68 29 24 48 57 36 25 9 6 6 6 3 1 1 0 0 1 1 0
6 6 24 7 19 5 10 11 21 29 10 13 12 13 20 33 32 28 57 23 35 51 30 37 10 36 15 37 16 12 20 24 24 22 30 24 27 26 36 38 29 14 5 11 13 14 21 23 22 23 25 39 28 23 22 37 48 46 44 49 46 35 54 50 52 70 65 66 66 85 75 69 64 75 27 26 18 52 57 34 19 37 20 13 8 6 7 2 1 2 1 1 0 0 0 0
7 19 17 46 5 45 36 4 20 14 26 15 37 23 31 25 31 21 21 24 14 34 15 23 17 12 15 19 9 22 25 20 20 23 24 16 21 15 23 35 24 20 20 27 36 15 26 17 33 44 40 55 40 24 39 43 45 54 35 42 62 48 60 64 53 69 55 75 37 56 83 80 78 64 75 57 41 18 13 27 19 12 25 20 16 11 8 10 4 1 1 1 1 0 0 0
39 18 7 18 35 16 8 19 18 22 11 24 14 14 39 19 21 4 19 27 22 9 15 19 13 7 11 4 8 5 7 15 14 39 10 12 13 20 19 8 14 25 10 15 13 24 10 24 38 50 45 44 38 37 35 55 44 52 51 44 52 60 50 56 64 70 50 49 79 38 77 80 59 75 79 82 65 59 56 39 32 21 8 4 9 13 6 7 2 1 1 0 1 0 0 0
23 65 22 32 6 12 9 17 11 10 30 9 13 32 43 50 54 17 16 35 17 11 4 8 17 5 7 5 6 4 4 14 17 18 7 10 10 10 31 21 13 25 12 46 22 22 24 20 42 48 34 31 33 34 32 38 59 51 47 67 64 74 56 50 62 26 43 43 42 53 40 72 48 61 75 79 80 87 71 55 55 61 58 32 8 5 7 6 3 1 1 0 0 0 0 0
8 17 10 11 21 22 11 8 11 12 21 11 31 13 10 12 9 15 16 20 33 9 16 10 11 5 5 2 4 6 7 11 8 8 9 7 9 18 26 20 12 10 23 46 11 33 24 28 34 54 25 30 30 31 31 36 51 59 45 59 72 44 40 72 73 65 47 32 21 8 19 21 35 35 63 72 66 71 75 54 72 57 45 16 11 11 9 5 5 2 1 1 0 0 0 0
6 9 19 15 14 17 13 7 3 13 2 3 9 12 42 20 35 12 12 13 19 8 6 9 7 6 9 3 3 3 7 4 6 11 2 3 6 21 11 12 7 15 14 26 24 20 24 28 36 29 19 32 24 25 39 26 51 64 69 57 60 71 28 12 11 18 24 44 39 29 15 12 7 19 32 57 47 69 81 41 57 73 42 23 16 8 7 6 3 2 1 1 0 0 0 0
4 22 12 7 8 9 7 4 2 2 3 5 4 15 17 12 18 16 17 17 9 17 5 13 6 7 11 2 2 5 2 3 9 5 7 10 13 23 3 3 9 17 15 24 21 13 17 17 23 14 30 45 35 43 44 39 56 50 50 33 37 61 25 25 47 62 69 54 53 41 35 46 16 5 11 39 35 62 73 59 40 40 32 24 13 11 9 5 4 3 2 2 1 0 0 0
3 7 8 8 8 7 5 3 1 0 1 3 7 3 6 11 9 14 4 2 2 2 4 2 2 8 4 2 4 3 2 2 5 3 1 3 7 9 6 7 10 10 21 23 9 11 16 15 25 28 48 70 50 72 67 81 66 55 61 36 24 9 65 47 18 54 70 53 58 60 61 42 21 18 8 9 11 26 59 32 23 11 8 14 5 8 3 3 3 3 2 1 1 1 0 0
7 1 2 5 1 3 1 0 1 0 0 0 1 2 6 3 2 3 4 2 2 1 1 2 1 2 1 2 4 2 0 1 1 2 2 2 6 5 3 6 11 28 52 70 47 48 32 31 30 18 71 34 77 69 53 62 39 43 59 71 23 20 20 78 31 31 46 68 51 44 67 70 73 43 29 10 5 3 4 3 5 4 3 9 8 2 2 1 1 3 1 1 1 1 0 0
0 0 1 1 1 1 1 0 0 1 3 0 1 1 1 3 2 2 2 2 1 1 1 2 0 0 1 1 1 0 0 0 1 4 16 18 23 36 48 49 53 67 39 72 57 64 65 12 36 58 28 27 59 53 60 65 41 68 72 53 47 32 15 52 72 28 10 35 63 75 62 58 33 32 38 29 13 5 6 2 5 5 4 2 6 6 1 2 1 1 1 0 0 0 0 0
0 1 1 0 0 0 1 9 16 2 4 3 9 1 0 2 1 1 1 1 1 0 0 0 1 0 2 3 3 0 0 1 1 1 2 15 28 47 38 43 43 68 44 47 68 69 68 29 21 27 77 53 23 49 19 34 31 67 81 63 55 43 28 31 83 39 38 19 42 58 80 25 12 23 25 41 27 21 17 9 4 3 1 2 2 5 2 1 1 0 0 0 0 0 0 0
1 1 1 2 2 7 9 4 6 7 8 3 4 2 1 1 0 0 0 0 0 0 3 2 6 7 2 1 3 1 0 3 3 1 2 4 7 43 48 54 40 36 29 30 59 73 82 82 27 31 51 58 37 24 48 16 49 55 78 72 23 35 27 15 80 58 27 25 25 75 75 84 46 36 25 15 11 9 6 6 9 8 3 1 1 1 3 2 1 1 0 1 0 0 0 0
4 4 2 14 8 11 15 26 22 20 7 7 7 3 2 1 0 0 0 0 0 0 0 0 1 2 5 5 1 1 1 1 2 5 1 4 13 35 48 64 48 26 17 26 41 75 83 82 85 82 29 39 36 36 25 15 35 59 69 72 27 34 39 31 55 86 60 39 22 13 17 44 20 24 15 34 22 8 5 3 3 4 4 3 1 0 1 1 1 1 0 1 0 0 0 0
5 9 11 12 24 19 28 15 35 29 15 27 17 6 21 9 7 3 1 0 0 0 0 0 0 1 2 9 1 1 2 1 5 4 7 8 8 8 4 3 48 47 16 32 23 30 56 63 81 86 77 47 49 61 37 52 35 65 77 63 67 25 45 39 28 81 89 69 49 20 11 13 43 28 16 14 21 22 8 5 2 3 2 3 3 1 0 1 1 1 0 0 0 0 0 0
1 1 3 20 31 24 57 65 64 61 44 38 16 28 40 28 10 5 8 2 1 1 1 1 1 3 8 2 2 2 1 4 11 5 8 14 13 12 10 10 10 21 19 20 14 30 65 38 70 79 88 55 48 47 61 57 12 57 71 69 66 49 37 33 19 72 79 82 55 49 10 4 31 50 20 5 7 4 9 3 3 2 2 2 3 1 0 0 1 1 1 0 0 0 0 0
2 4 5 38 44 58 67 61 57 75 80 48 55 53 52 37 16 23 14 8 3 1 2 3 9 29 23 3 1 2 3 6 4 7 5 10 12 17 23 14 10 10 11 8 26 31 49 42 14 65 79 85 47 37 47 25 19 16 45 54 84 78 22 25 45 55 55 78 31 46 33 6 8 29 21 12 7 7 8 7 3 3 1 1 1 1 1 0 0 0 0 0 0 0 0 0
1 2 2 2 2 5 17 27 30 12 39 70 84 69 63 30 24 45 19 13 18 2 2 2 2 2 21 33 5 2 4 6 5 12 11 9 14 15 28 16 24 35 29 21 17 10 58 60 45 32 57 77 64 34 16 14 35 13 22 51 49 45 33 27 28 43 25 73 27 34 24 26 4 13 16 20 14 10 9 6 5 3 1 1 0 1 1 0 0 0 0 0 0 0 0 0
0 1 2 9 12 18 59 22 24 18 24 20 62 81 82 58 48 49 16 26 8 16 5 13 9 3 2 4 7 3 1 5 10 24 7 8 7 12 26 24 21 23 17 19 32 31 31 12 39 65 38 49 14 18 10 27 22 31 23 25 49 56 41 33 14 16 17 58 61 18 9 18 16 4 8 6 13 5 4 2 3 2 2 1 0 1 0 0 0 0 0 0 0 0 0 0
1 2 1 1 5 5 13 17 13 25 14 4 14 40 64 77 74 20 4 4 6 21 12 21 11 9 7 3 3 6 4 37 25 9 39 16 18 21 26 18 23 38 49 36 45 29 38 21 24 21 70 45 37 25 18 14 25 30 22 25 43 62 43 25 24 16 26 43 61 39 15 7 21 11 7 2 2 6 5 3 1 1 1 1 1 0 0 0 0 0 0 0 0 0 0 0
2 0 1 3 7 11 7 8 11 17 25 17 39 14 14 22 31 16 6 13 29 5 8 18 48 47 5 7 4 37 15 15 45 34 54 19 62 26 19 19 23 26 25 38 31 36 36 25 26 29 27 38 26 26 31 24 19 27 14 7 14 23 35 33 31 20 17 24 32 38 18 19 22 10 11 4 2 5 4 2 2 1 1 0 0 0 0 0 0 0 0 0 0 0 0 0
12 2 10 2 3 7 7 12 19 29 19 22 7 25 38 20 27 19 8 17 3 16 16 12 5 16 18 30 27 5 13 32 28 12 19 20 10 49 17 25 26 35 17 24 17 20 19 29 34 37 22 11 41 43 30 38 25 20 20 19 10 17 36 19 17 17 9 13 20 35 8 11 9 5 6 4 2 1 2 3 1 1 1 0 0 0 0 0 0 0 0 0 0 0 0 0
20 15 1 1 7 3 19 42 9 10 21 20 18 40 14 27 11 8 5 4 7 12 13 15 13 9 12 15 7 14 5 39 17 34 28 46 8 20 37 12 18 34 27 39 38 15 22 27 22 35 16 28 8 20 16 47 18 22 17 27 18 17 6 7 5 2 1 3 7 8 5 2 7 5 3 6 5 2 3 1 1 1 1 1 0 0 0 0 0 0 0 0 0 0 0 0
21 14 40 6 5 21 3 3 29 29 7 27 10 36 14 25 21 10 7 18 23 31 16 7 17 20 14 19 46 46 30 7 7 12 30 20 17 5 49 31 29 24 11 17 36 31 22 14 26 34 25 8 43 26 17 44 27 11 19 9 8 14 7 5 2 1 1 1 4 8 7 2 2 4 4 6 4 2 5 2 1 1 0 0 0 0 0 0 0 0 0 0 0 0 0 0
9 22 31 18 2 2 19 7 2 6 16 12 6 10 24 13 9 5 7 11 21 21 46 30 23 24 22 21 55 66 34 21 10 23 36 28 43 18 6 52 21 33 32 29 17 15 22 30 26 30 14 6 13 6 5 19 14 11 9 5 6 11 7 5 4 2 1 1 1 2 4 3 5 4 5 7 6 3 1 1 1 0 0 0 0 0 0 0 0 0 0 0 0 0 0 0
31 19 49 25 33 10 3 44 8 16 42 11 27 21 10 32 8 7 7 7 7 19 30 27 26 32 29 28 43 72 71 47 20 16 60 44 46 29 12 26 64 23 21 55 33 35 26 34 35 18 11 5 4 6 5 6 11 8 5 3 2 3 4 6 2 3 1 1 1 0 0 2 2 1 1 1 2 3 2 1 1 0 0 0 0 0 0 0 0 0 0 0 0 0 0 0
36 27 19 38 17 22 29 9 54 28 44 63 37 43 28 13 11 10 14 37 12 30 51 41 27 31 34 25 17 21 65 53 34 25 23 55 35 25 19 12 18 47 16 14 17 20 24 34 50 29 38 14 8 6 5 4 5 3 3 11 3 2 2 2 1 1 1 0 0 0 0 0 0 0 0 1 1 1 1 1 1 0 0 0 0 0 0 0 0 0 0 0 0 0 0 0
13 50 37 45 36 44 56 44 24 19 10 7 14 10 14 39 23 14 29 7 48 18 59 65 30 34 37 24 14 7 13 41 59 34 13 35 44 19 41 30 23 13 38 40 22 22 36 26 37 20 42 16 7 5 4 3 3 3 1 4 4 2 1 1 0 0 1 1 0 0 0 0 0 0 0 0 0 0 1 0 0 0 0 0 0 0 0 0 0 0 0 0 0 0 0 0
11 12 4 22 24 4 7 5 24 16 37 35 34 40 17 21 39 31 30 25 19 15 54 79 52 45 42 44 24 8 8 8 52 33 35 30 51 17 43 47 33 15 12 38 27 35 27 25 32 14 4 5 9 8 7 5 2 1 0 0 1 1 1 0 0 0 0 0 0 0 0 0 0 0 0 0 0 0 0 0 0 0 0 0 0 0 0 0 0 0 0 0 0 0 0 0
8 14 10 5 5 13 10 9 10 26 15 24 18 10 18 37 14 11 20 37 20 68 39 64 68 47 56 46 48 22 9 12 9 27 35 39 47 20 43 28 32 34 25 20 35 23 25 40 32 24 17 7 9 4 4 3 1 1 0 0 0 0 0 0 0 0 0 0 0 0 0 0 0 0 0 0 0 0 0 0 0 0 0 0 0 0 0 0 0 0 0 0 0 0 0 0
17 13 11 7 11 23 13 8 17 16 8 13 15 7 18 29 18 22 12 16 57 39 29 26 74 44 16 15 15 10 12 6 13 6 13 19 82 62 30 42 29 15 25 27 17 30 19 20 41 37 29 12 7 4 3 2 1 0 0 1 1 1 1 1 1 0 0 0 0 0 0 0 0 0 0 0 0 0 0 0 0 0 0 0 0 0 0 0 0 0 0 0 0 0 0 0
8 5 5 4 2 6 5 8 4 3 13 11 15 4 10 20 12 20 30 65 39 27 39 54 74 62 25 19 19 23 21 21 8 12 14 9 6 9 27 26 18 34 14 25 21 33 34 21 43 23 28 23 14 6 2 1 1 1 1 2 3 5 6 4 1 1 0 0 0 0 0 0 0 0 0 0 0 0 0 0 0 0 0 0 0 0 0 0 0 0 0 0 0 0 0 0
3 2 4 2 5 4 4 2 1 1 2 4 9 10 7 9 8 21 26 18 22 25 12 7 15 13 10 16 37 40 22 46 35 14 11 8 10 9 7 22 17 35 25 12 33 22 35 25 22 12 15 12 7 6 2 2 1 2 4 6 7 7 5 4 2 1 1 1 1 1 1 0 0 0 0 0 0 0 0 0 0 0 0 0 0 0 0 0 0 0 0 0 0 0 0 0
4 2 3 1 2 2 5 9 23 22 19 1 3 7 8 4 8 22 46 30 39 14 22 16 11 15 42 24 28 36 50 36 22 24 28 6 3 5 9 13 11 19 28 29 29 26 18 13 28 13 8 7 4 2 3 5 3 7 10 7 13 9 8 6 4 3 3 4 4 2 2 1 0 0 0 0 0 0 0 0 0 0 0 0 0 0 0 0 0 0 0 0 0 0 0 0
1 1 1 1 5 6 2 14 40 47 28 28 11 4 8 14 12 29 32 16 10 13 29 23 19 20 34 16 8 23 22 15 7 14 26 15 7 5 12 7 5 9 9 11 17 17 18 11 17 11 5 2 4 6 10 9 9 12 15 15 10 13 15 11 15 6 7 5 6 5 1 0 0 0 1 0 0 0 0 0 0 0 0 0 0 0 0 0 0 0 0 0 0 0 0 0
1 1 4 5 6 5 12 11 3 13 35 34 29 39 45 38 66 32 26 36 9 6 28 16 20 30 17 15 10 13 23 24 24 18 26 14 10 21 23 8 4 21 11 16 11 6 17 8 7 5 4 6 12 20 19 21 15 13 14 15 12 21 22 27 25 17 9 7 7 4 3 2 3 1 1 1 0 0 0 0 0 0 0 0 0 0 0 0 0 0 0 0 0 0 0 0
2 0 0 2 15 15 26 60 50 28 33 59 49 36 63 46 77 76 71 49 20 40 5 7 8 7 27 31 31 42 14 54 54 26 9 13 5 16 17 9 26 13 12 10 14 9 10 8 6 6 12 13 29 43 40 27 35 19 23 22 15 29 31 31 23 17 13 10 10 8 5 1 1 0 0 0 1 0 0 0 0 0 0 0 0 0 0 0 0 0 0 0 0 0 0 0
3 4 14 2 2 17 39 56 64 24 22 69 30 28 62 39 38 18 35 52 14 25 16 13 9 16 22 32 33 52 25 16 16 39 21 20 7 30 15 14 19 28 22 21 23 33 30 22 7 26 37 34 39 54 57 55 25 15 49 31 24 33 34 23 33 31 6 20 20 8 5 3 2 1 0 1 2 1 0 0 0 0 0 0 0 0 0 0 0 0 0 0 0 0 0 0
19 5 9 28 12 6 7 15 19 58 15 61 35 38 55 24 9 16 30 18 13 7 19 11 17 29 30 16 11 35 24 17 9 7 11 9 23 28 13 10 42 44 25 51 43 23 24 13 12 32 53 49 49 77 45 39 34 18 61 29 26 33 46 47 35 25 19 23 10 4 5 3 2 3 1 1 2 1 0 0 0 0 0 0 0 0 0 0 0 0 0 0 0 0 0 0
41 40 9 34 35 55 51 27 9 12 39 74 60 17 65 22 25 18 30 19 9 8 30 13 26 22 26 23 20 16 11 14 15 22 28 18 33 7 13 24 41 42 53 56 36 19 11 19 35 28 45 64 76 46 32 43 42 26 68 35 60 26 50 28 28 55 33 16 24 8 5 5 11 9 2 0 1 1 1 0 0 0 0 0 0 0 0 0 0 0 0 0 0 0 0 0
34 49 52 40 46 77 57 81 55 7 30 63 8 19 49 41 27 11 45 7 7 7 16 9 40 27 15 13 13 4 3 14 26 17 37 13 43 10 31 28 57 58 67 34 31 21 21 40 49 44 42 66 65 43 50 64 54 38 74 70 43 52 46 54 68 45 34 26 14 6 7 27 10 1 2 2 1 1 1 0 0 0 0 0 0 0 0 0 0 0 0 0 0 0 0 1
44 65 66 73 71 71 78 81 66 34 27 28 35 10 49 33 23 15 10 6 6 10 25 12 19 17 15 34 25 25 27 29 19 9 13 25 57 27 32 41 67 68 51 34 19 33 35 63 69 49 43 63 52 37 51 73 38 63 65 62 69 33 46 78 75 47 38 19 22 24 14 11 5 4 3 1 1 1 1 0 0 0 0 0 0 0 0 0 0 0 0 0 0 0 0 3
6 64 78 60 77 26 56 71 70 68 59 64 43 9 50 70 41 14 18 12 6 15 22 13 11 16 28 8 12 13 5 12 9 26 55 34 52 24 24 41 66 47 28 14 30 52 46 51 75 55 58 62 31 54 71 64 32 60 46 74 62 67 74 65 52 32 40 18 8 3 3 2 1 1 0 0 0 0 0 0 0 0 0 0 0 0 0 0 0 0 0 0 0 0 1 2
17 19 42 15 8 9 14 13 19 8 12 26 58 15 9 46 62 43 31 25 12 11 7 10 27 7 16 17 41 37 8 19 24 28 66 63 72 37 25 51 46 24 16 34 56 55 47 50 73 50 63 74 63 61 78 60 63 37 61 68 46 69 58 24 11 12 7 12 20 15 13 8 9 3 1 0 0 0 0 0 0 0 0 0 0 0 0 0 0 0 0 0 0 1 2 3
16 17 7 11 19 44 49 17 23 4 10 10 6 3 12 6 10 16 8 6 5 23 11 15 6 27 22 30 17 27 26 48 37 39 62 71 53 44 40 55 28 28 31 50 59 54 63 40 62 70 66 83 87 71 68 83 83 67 83 81 80 85 66 70 47 41 36 27 13 3 5 4 2 2 2 2 1 0 0 0 0 0 0 0 0 0 0 0 0 0 0 0 0 0 1 4
27 33 24 24 40 50 56 43 17 13 23 14 17 12 11 17 13 4 4 7 10 29 11 13 25 28 13 56 47 35 49 58 46 49 65 34 21 36 20 52 41 33 34 47 59 65 70 57 66 76 67 79 78 77 33 48 80 86 86 71 30 23 45 39 66 41 25 36 10 4 3 3 4 2 0 0 0 0 0 0 0 0 0 0 0 0 0 1 1 0 0 0 0 0 2 2
20 5 24 30 41 37 48 29 7 15 14 20 41 30 13 14 6 10 9 9 2 6 43 27 17 5 12 30 39 30 29 42 58 33 59 20 33 25 8 50 37 38 48 60 57 72 77 62 81 87 63 45 47 38 25 27 64 73 63 40 50 39 34 43 31 25 21 9 16 9 7 3 2 2 1 1 0 0 0 0 0 0 0 0 0 0 0 1 2 1 1 0 0 2 3 3
