sesion_6_simulaciones/modelos_agentes/ejemplos_netlogo/scenarios/cgcm2_b2/rob_2078.asc
NCOLS 322 
NROWS 307 
XLLCORNER 451900 
YLLCORNER 4086900 
CELLSIZE 100 
NODATA_value -9999 
[rows 222 to 295 of 307, columns 192 to 287 of 322]
4 4 2 1 5 3 2 1 0 0 0 0 0 0 0 0 0 0 0 0 1 3 9 7 4 6 3 4 9 11 5 7 22 22 21 15 25 43 38 41 41 33 36 56 33 39 42 21 28 39 29 25 9 8 10 9 9 27 52 51 36 31 42 27 64 81 72 68 80 83 51 31 10 2 1 0 0 0 0 0 0 0 0 0 0 0 0 0 1 1 2 3 5 5 7 5
14 14 9 6 2 2 1 1 0 0 0 0 0 0 0 0 0 0 0 1 1 5 10 19 8 11 12 9 17 19 10 13 24 25 28 17 29 23 30 32 36 29 37 55 40 26 39 25 31 25 20 10 12 9 5 5 8 20 21 24 20 33 42 32 41 66 62 57 73 77 53 21 9 3 0 0 0 0 0 0 0 0 0 0 0 1 1 0 1 2 2 3 5 7 8 10
17 11 11 7 4 2 2 1 1 0 0 0 0 0 0 0 0 1 0 1 2 8 13 28 22 16 16 22 22 33 33 20 23 25 30 19 31 13 29 28 22 28 34 55 62 26 38 33 17 12 17 14 19 5 3 8 10 25 13 31 33 39 44 46 23 30 8 5 13 56 65 23 6 1 1 1 1 0 0 0 0 0 0 0 0 1 1 1 1 1 3 5 5 6 9 22
10 7 5 3 2 1 1 1 1 0 0 0 0 0 0 0 1 1 1 1 3 4 11 24 30 33 23 28 23 38 67 48 31 31 17 20 24 21 41 23 18 19 30 35 50 47 16 25 7 7 6 4 12 9 2 6 9 9 18 38 47 44 58 48 25 29 18 24 8 8 31 14 4 3 1 2 2 1 0 0 0 0 0 0 0 0 0 1 1 1 2 6 7 6 11 14
9 6 5 2 1 1 1 1 0 0 0 0 0 0 0 1 1 2 3 4 3 6 14 17 32 58 39 34 38 28 47 59 31 41 30 35 38 36 24 24 15 19 19 20 23 31 20 40 25 7 23 16 7 5 2 5 25 24 29 40 59 52 47 32 26 26 33 43 21 13 11 3 4 3 4 3 1 1 1 0 1 1 0 0 0 0 1 0 1 1 2 2 6 9 8 14
6 10 6 5 3 2 1 1 0 0 0 0 0 0 1 1 2 1 4 8 9 16 16 19 31 59 71 45 61 35 45 58 41 29 48 49 37 33 31 27 8 13 12 19 28 31 39 51 55 16 14 12 8 3 5 6 14 15 31 50 54 40 34 25 53 44 51 43 24 17 5 4 5 7 5 4 3 2 1 0 1 1 1 0 1 0 0 0 1 1 1 2 3 4 10 15
9 5 3 2 1 1 0 0 0 0 0 0 0 0 1 1 1 2 7 12 20 36 49 34 40 51 79 41 60 38 42 58 23 26 46 47 48 42 32 30 19 19 15 13 31 34 32 47 36 33 20 12 8 5 20 31 26 37 50 65 44 26 29 45 75 66 42 30 22 12 12 9 13 10 13 7 4 3 0 0 0 2 1 1 1 1 1 1 1 1 2 3 4 5 5 15
10 5 2 1 1 1 0 0 0 0 0 0 0 1 0 1 1 2 3 6 10 28 49 68 58 51 68 65 73 43 62 36 22 21 32 51 49 51 26 27 27 30 18 16 23 34 37 32 23 20 25 23 9 13 17 16 33 22 38 12 23 48 51 77 71 51 39 26 32 31 25 22 19 22 8 5 3 2 1 0 0 2 3 2 1 1 2 2 1 1 2 3 8 9 12 17
3 3 2 0 0 0 0 0 0 0 0 0 0 0 1 1 3 1 3 6 18 24 47 46 65 63 71 75 67 39 54 27 22 48 33 46 48 34 30 37 37 38 17 18 40 37 45 33 39 14 14 11 8 3 7 5 65 37 16 29 42 45 54 47 32 28 29 31 24 30 42 40 26 8 2 2 1 1 0 0 0 0 3 2 1 2 5 7 2 1 2 4 6 6 11 16
1 1 1 1 1 1 0 0 0 0 0 0 0 1 2 3 2 3 6 12 17 25 47 59 54 59 65 62 62 60 69 36 27 37 47 35 44 38 33 31 34 23 27 17 19 24 39 41 32 23 9 9 6 6 14 15 5 75 73 44 27 14 32 29 40 36 27 19 11 37 66 42 19 7 3 1 1 0 0 0 0 1 2 2 4 2 4 5 8 2 2 5 6 10 8 15
1 0 0 1 1 1 0 0 0 0 0 0 1 1 3 3 2 4 10 11 13 40 58 63 52 54 64 55 74 80 50 40 38 54 33 48 44 41 38 36 33 30 47 14 27 27 35 30 17 7 20 7 10 12 19 43 27 23 34 39 20 40 24 27 25 33 30 12 23 40 43 19 14 10 3 1 0 0 0 1 1 1 1 5 4 1 1 2 12 2 3 6 7 8 7 10
1 1 1 0 1 0 0 0 0 0 0 0 0 1 1 2 5 8 12 32 21 24 62 55 69 55 59 63 22 78 51 45 38 54 43 33 37 46 38 36 36 29 53 15 15 53 33 27 24 13 24 8 9 28 38 12 39 39 21 10 21 12 20 27 26 28 18 51 42 17 29 13 8 6 3 1 0 1 0 1 1 2 1 2 3 4 2 5 7 8 7 4 5 15 10 10
2 1 1 0 0 0 0 0 0 0 0 0 0 0 1 1 3 5 15 28 43 53 74 56 69 68 69 61 65 59 78 44 36 43 38 17 23 41 44 50 36 16 35 39 9 25 24 47 22 19 23 14 9 23 16 17 9 11 15 30 24 28 26 40 19 22 37 18 13 22 19 13 8 2 0 0 1 1 1 1 1 1 2 3 6 8 3 4 8 9 27 11 4 7 22 17
0 1 1 0 0 0 0 0 0 0 0 0 0 0 1 1 2 6 13 24 46 39 54 18 37 58 59 22 22 42 71 31 40 74 37 35 40 47 27 10 21 9 33 38 9 29 42 23 7 14 23 17 10 17 14 7 27 30 47 30 14 21 48 60 42 35 54 52 43 29 16 10 3 1 0 1 2 1 3 1 1 2 3 3 8 7 14 4 9 6 3 16 7 6 9 14
1 1 1 0 0 0 0 0 0 0 0 0 0 0 0 0 2 3 9 19 28 20 20 46 40 41 27 30 45 42 58 56 57 57 53 47 43 36 36 18 25 24 25 41 8 18 31 23 11 9 9 17 14 16 5 15 31 12 17 24 28 49 58 62 64 60 42 29 38 26 39 16 5 2 0 0 1 3 3 1 2 3 4 2 4 7 6 18 14 13 7 19 11 2 7 7
1 0 0 0 0 0 0 0 0 0 0 0 0 0 0 0 1 3 4 6 11 43 44 36 46 52 45 33 38 47 43 43 55 53 34 40 35 37 43 15 39 30 22 42 7 11 27 18 26 21 7 6 20 16 10 16 19 15 40 28 55 41 42 72 81 51 43 20 42 19 11 8 2 1 1 1 1 4 4 3 6 3 4 4 4 3 7 19 34 40 8 8 13 6 10 19
0 0 0 0 0 0 0 0 0 0 0 1 0 0 0 0 1 1 2 6 13 21 33 27 22 36 48 32 43 29 39 44 43 67 42 51 32 48 29 32 16 25 13 31 7 6 14 14 14 20 19 7 10 3 11 6 6 24 29 25 36 28 55 65 67 73 42 16 9 10 6 1 1 2 4 3 2 2 7 7 11 6 5 5 6 6 3 3 4 12 29 27 17 11 12 20
0 0 0 0 0 0 0 0 0 0 0 1 1 1 1 1 2 2 1 6 13 23 21 32 37 48 36 28 35 32 18 21 42 30 25 59 20 39 27 25 24 24 54 32 11 12 23 32 11 7 8 7 2 13 3 7 17 46 44 70 68 52 37 45 44 29 32 31 15 7 2 1 1 5 3 8 3 3 7 13 9 14 8 6 7 6 10 7 6 8 18 15 15 46 15 25
0 0 0 0 0 0 0 0 0 0 1 1 1 1 1 1 3 3 4 3 9 5 11 15 18 33 25 18 26 26 33 32 18 15 9 50 26 50 19 28 20 17 55 36 23 13 41 21 21 13 6 20 6 19 13 22 28 13 31 37 42 37 23 33 47 35 40 17 18 7 4 0 3 4 4 9 11 4 5 9 13 19 11 17 10 4 7 12 3 1 4 4 6 22 26 18
0 0 0 0 0 0 0 0 0 1 1 1 1 2 3 2 3 6 5 12 21 25 37 42 46 38 39 51 51 35 48 60 55 30 42 33 51 40 18 23 16 12 9 34 17 7 13 17 17 10 14 25 38 46 80 66 69 58 62 39 41 42 47 58 45 33 25 16 12 5 1 0 3 4 9 9 11 9 9 18 13 24 15 20 11 6 6 12 18 5 9 10 6 4 6 10
0 0 0 0 0 0 0 1 0 0 1 1 1 3 5 3 1 2 12 22 36 33 43 56 65 70 67 60 78 65 42 39 34 21 11 12 25 27 32 19 21 6 8 27 9 7 7 16 6 13 2 2 4 6 19 35 80 81 56 55 44 41 21 52 38 26 21 15 4 2 1 1 4 6 4 7 11 18 13 20 13 8 30 26 16 7 9 19 16 8 10 15 13 23 30 40
0 0 0 0 0 0 1 1 1 1 0 1 2 3 3 6 1 1 4 8 24 42 24 49 49 64 67 51 11 28 44 28 17 16 22 29 30 14 34 10 18 7 3 15 10 13 4 3 3 7 7 5 6 6 7 7 22 54 72 77 82 42 37 27 22 21 20 17 11 3 1 3 9 9 9 10 28 21 23 23 23 9 12 42 24 9 9 12 13 10 17 9 20 24 35 44
0 0 0 1 1 1 1 1 1 1 1 1 2 3 2 5 3 1 4 8 13 21 17 38 31 29 25 17 14 15 25 21 18 25 22 12 21 32 25 4 11 14 3 7 7 3 2 11 7 6 17 9 16 21 21 28 33 52 43 34 48 77 59 45 38 34 33 17 9 3 2 8 11 18 17 13 24 32 23 18 16 17 6 24 36 18 18 8 22 11 21 21 14 30 28 23
0 0 1 1 1 1 1 2 2 2 1 1 2 2 4 3 8 1 2 2 6 5 13 16 21 35 31 36 40 26 39 18 19 31 24 18 17 11 6 6 11 13 50 18 5 6 2 6 8 5 19 24 13 29 48 25 23 22 26 18 20 37 58 54 45 28 27 16 5 1 4 11 12 17 21 21 15 39 29 39 21 31 22 21 56 27 36 14 24 21 24 36 25 25 23 32
0 1 1 1 2 2 2 2 2 2 1 2 2 4 7 5 5 2 2 5 4 4 12 15 24 31 37 32 32 49 43 43 35 53 16 12 14 18 16 12 32 27 7 7 24 8 3 5 5 29 42 9 25 24 20 24 39 36 45 30 26 24 24 27 30 23 15 13 5 3 5 13 13 22 19 17 18 27 37 47 31 21 34 21 59 19 22 27 17 39 25 27 26 19 21 22
0 1 2 1 2 1 2 3 5 5 1 1 3 2 11 25 2 2 2 9 11 13 10 13 19 20 32 21 25 36 36 29 24 24 25 25 18 26 23 13 6 5 3 2 3 11 12 5 34 51 7 5 8 34 31 27 27 36 25 24 32 24 24 16 16 13 12 6 4 5 12 15 14 17 17 18 23 28 41 34 32 28 32 47 61 20 25 30 18 41 27 13 34 14 8 18
1 1 2 3 3 2 3 3 7 7 2 1 2 4 9 10 3 4 3 7 14 14 14 9 11 8 22 27 28 34 25 21 26 24 21 21 20 15 13 15 8 5 3 2 4 2 3 20 5 21 6 8 9 8 19 73 43 46 37 35 28 24 20 16 13 12 9 5 4 5 11 14 10 18 16 27 35 23 26 52 39 45 47 45 58 39 44 19 45 39 11 21 31 12 16 21
2 2 2 7 4 2 2 5 7 13 3 2 4 5 10 18 9 5 5 14 20 29 17 21 21 8 14 18 22 19 28 17 23 23 22 12 10 5 8 9 18 16 12 9 8 11 11 2 2 4 8 22 26 25 33 17 30 34 49 47 36 24 19 18 14 12 9 4 2 10 13 15 21 18 31 27 25 36 24 20 36 39 35 51 27 83 46 18 32 36 8 23 18 32 20 25
4 6 3 10 5 3 3 6 8 12 2 2 5 7 11 15 17 2 11 17 20 36 22 24 25 32 19 17 12 12 14 25 39 26 10 21 8 21 11 11 12 16 7 5 4 6 2 3 7 13 20 19 31 27 42 12 10 11 13 27 24 27 23 23 19 18 15 6 3 11 12 13 20 25 32 14 24 18 38 17 25 23 37 22 49 74 30 20 49 18 10 22 19 32 33 31
3 4 8 9 7 7 4 5 12 24 3 6 8 12 13 22 4 3 14 18 29 40 44 26 49 31 33 31 19 20 13 44 53 28 31 17 14 19 12 9 17 5 9 3 5 5 4 4 4 16 15 13 29 37 31 11 23 32 32 38 37 32 33 37 29 28 17 7 3 13 15 13 34 21 28 41 40 27 15 30 19 29 33 39 31 57 48 38 42 21 18 29 15 18 8 43
2 2 10 10 9 9 6 6 12 16 4 9 13 28 31 12 3 3 14 19 21 45 42 47 31 32 51 37 34 31 32 39 51 41 30 33 31 16 31 15 7 10 3 2 2 4 3 4 4 8 10 19 25 21 36 32 34 43 42 48 52 55 40 31 21 14 16 4 6 16 23 20 34 36 26 28 40 28 30 10 42 12 18 41 44 57 64 74 37 21 31 25 30 33 22 49
4 5 11 15 22 13 6 9 18 19 5 6 17 34 21 5 2 8 14 19 32 36 40 43 46 36 46 39 52 50 49 33 18 21 28 27 25 11 20 17 16 9 4 4 7 4 3 9 3 3 5 9 26 43 31 30 48 52 53 36 56 36 18 24 26 19 8 5 5 14 32 19 32 37 41 32 43 26 33 26 20 41 20 8 12 36 57 69 33 45 35 29 26 46 19 19
4 6 7 12 30 18 8 11 16 23 5 5 18 33 13 5 3 10 19 19 22 27 33 38 60 32 38 37 30 49 50 34 36 25 24 13 19 18 24 14 13 6 5 6 13 6 5 7 2 2 3 17 29 20 46 56 26 34 24 26 22 21 33 36 19 17 14 5 8 9 36 24 27 27 32 40 33 31 15 29 15 44 26 20 11 10 29 46 49 69 38 34 26 41 13 17
6 14 9 9 14 30 10 16 31 7 6 6 12 39 18 7 3 14 20 21 32 46 43 56 54 45 26 31 48 41 22 49 64 46 19 18 13 14 20 13 6 10 9 6 6 2 4 3 8 6 10 15 21 35 47 34 50 27 34 36 32 29 26 21 21 20 10 5 6 13 15 42 25 24 28 30 46 43 28 48 18 17 29 23 19 16 16 33 50 53 35 38 31 35 18 27
7 10 20 18 8 23 7 20 47 9 10 19 25 33 10 9 1 7 25 27 45 33 40 57 55 48 44 16 12 15 20 19 22 8 9 16 26 14 14 22 14 8 5 4 2 1 2 3 10 11 14 18 27 34 53 52 54 40 33 44 34 40 41 25 26 23 10 8 9 26 26 28 45 23 26 29 53 42 30 25 33 18 14 39 30 17 22 22 42 43 53 35 30 21 31 15
8 12 26 34 15 35 9 20 53 22 11 29 33 20 8 3 2 5 11 29 46 49 38 39 45 62 42 17 22 17 19 19 25 17 12 6 14 19 21 18 9 8 3 4 4 2 4 1 1 2 14 12 12 27 29 23 23 47 47 41 46 26 27 27 21 22 19 4 11 25 29 27 33 12 33 32 32 47 56 48 45 24 17 16 33 19 15 29 45 77 66 31 21 18 32 14
9 12 13 37 18 33 17 17 24 32 15 37 30 6 3 4 8 12 19 36 35 38 48 27 38 43 58 24 17 16 25 23 22 20 16 22 13 16 8 4 4 7 4 3 5 3 2 1 4 6 8 20 58 41 26 56 51 70 47 34 43 43 42 38 37 20 18 10 15 29 25 38 53 21 22 45 34 51 41 35 53 18 27 27 54 19 11 16 15 37 55 28 27 12 46 29
8 10 9 23 48 24 33 16 44 20 42 19 8 3 9 9 15 10 42 49 26 35 38 40 19 30 53 57 25 26 15 23 19 10 8 8 12 8 5 4 5 2 1 1 3 1 2 1 5 5 5 17 16 33 45 46 30 56 29 25 30 36 37 35 21 17 13 23 23 30 33 42 10 29 38 45 40 28 43 29 67 23 26 19 27 41 27 29 35 33 47 22 44 14 25 40
22 13 9 15 23 40 43 23 60 31 28 7 4 9 12 19 18 13 16 15 30 33 37 53 45 29 26 12 29 42 14 24 11 9 15 17 17 9 8 6 4 3 6 4 1 1 1 1 3 6 12 14 26 19 32 31 32 33 22 8 22 29 30 26 16 13 13 23 26 30 33 48 16 15 8 14 37 50 68 20 56 39 25 28 17 14 50 23 31 37 28 47 13 16 27 38
16 23 17 13 13 26 54 29 27 11 7 2 7 13 24 33 31 12 17 18 30 35 28 10 18 12 16 34 8 15 28 42 24 27 7 17 5 8 8 2 2 2 2 1 1 5 2 1 3 7 12 8 10 17 22 27 22 39 28 30 42 32 33 20 27 27 16 27 26 30 27 44 14 28 16 21 21 16 39 27 23 47 25 32 17 35 40 10 31 44 50 37 12 17 15 18
17 27 19 24 35 44 46 27 27 7 10 7 12 25 26 31 39 22 27 27 32 34 24 17 15 20 17 10 13 26 11 17 18 48 15 28 6 5 5 5 4 3 3 3 1 1 2 1 4 8 18 8 10 16 29 14 32 55 60 52 44 31 35 33 28 25 27 39 27 30 29 37 19 31 27 23 33 29 33 50 14 49 24 46 14 13 36 6 15 20 48 29 9 17 18 40
20 30 26 32 41 53 44 11 6 3 13 12 21 28 29 40 25 50 40 28 31 31 27 32 30 25 23 12 15 33 10 11 5 5 6 17 22 15 10 19 10 8 4 3 3 1 1 2 8 7 14 5 7 17 20 26 41 71 31 36 47 30 35 28 26 25 35 44 27 28 30 32 28 30 39 23 32 30 29 27 39 72 36 41 28 8 45 20 9 11 30 38 16 18 14 5
21 41 41 36 67 50 10 7 10 14 26 22 19 32 31 45 18 29 60 19 34 24 15 21 31 30 12 18 20 24 44 12 8 4 5 3 4 2 5 15 16 6 7 4 3 2 1 2 6 5 6 6 10 15 32 35 38 42 37 25 44 36 26 9 30 16 18 52 29 29 42 29 42 26 38 31 28 33 26 21 28 13 53 49 40 11 18 14 7 7 13 42 14 24 28 23
23 34 62 53 65 13 13 12 14 26 29 28 39 51 17 40 18 28 33 54 19 40 13 12 17 31 31 24 21 15 8 17 8 9 6 4 4 4 4 4 6 3 2 3 1 1 1 3 3 4 5 5 6 13 26 45 19 40 62 52 24 20 15 8 41 25 27 47 35 26 43 28 54 36 34 39 24 25 37 22 16 12 39 30 39 14 7 35 8 10 17 36 30 27 15 19
16 35 64 76 43 7 14 24 29 29 46 53 26 35 19 20 39 16 31 29 20 29 19 16 18 25 19 37 20 23 25 15 21 12 9 7 4 4 3 5 5 2 2 1 2 1 2 7 3 4 4 4 8 18 35 34 61 39 33 49 27 16 6 15 22 46 28 29 37 24 34 26 46 39 23 37 35 21 24 35 29 9 16 44 51 16 4 23 14 9 18 11 48 29 13 56
18 43 69 49 8 10 28 27 20 50 35 65 20 38 20 17 25 62 16 32 43 27 36 13 13 25 31 22 21 34 19 16 35 6 9 7 5 6 2 5 3 2 4 4 3 2 5 3 4 7 9 11 13 13 20 32 41 33 37 31 29 15 7 22 18 28 25 26 40 23 25 33 26 45 22 23 50 20 22 25 38 10 19 23 38 16 7 14 19 13 10 7 9 21 18 14
19 49 51 27 12 20 28 31 19 36 19 59 22 40 45 16 41 62 11 38 55 15 48 13 13 28 33 32 11 9 40 7 6 16 24 12 3 5 2 4 2 1 1 2 2 2 2 5 7 9 7 6 5 9 11 18 27 32 23 43 29 17 15 22 31 35 16 21 34 34 20 18 13 32 20 20 28 27 20 16 7 7 24 15 36 14 9 5 17 25 4 10 24 21 31 4
19 46 42 31 15 19 36 51 16 23 23 47 17 31 58 23 34 60 19 18 30 28 33 16 12 14 14 26 25 21 8 11 5 4 1 20 12 3 2 3 2 2 3 3 3 2 2 3 5 11 8 11 9 15 12 18 10 20 25 16 13 24 20 22 21 30 31 22 26 31 12 21 12 21 24 19 26 10 8 22 9 9 9 12 41 40 10 5 11 20 3 6 21 30 27 12
42 40 51 18 16 24 26 35 16 26 25 29 32 18 49 16 13 48 20 14 13 12 53 28 11 10 12 12 14 16 29 16 3 9 2 3 14 3 2 2 1 5 5 4 2 3 1 2 4 10 14 7 8 5 7 18 29 47 29 12 6 19 21 21 21 21 49 14 25 34 10 18 18 22 38 3 18 22 9 8 16 7 7 8 14 36 6 5 7 20 5 5 7 35 61 41
73 42 14 15 23 24 25 29 15 47 29 13 34 15 59 14 13 30 21 10 13 25 42 18 8 12 9 22 22 20 13 13 9 12 1 3 3 9 1 2 3 5 2 3 2 3 1 1 3 7 11 17 13 8 14 19 28 45 38 14 7 34 20 13 19 19 33 18 12 36 18 9 10 36 27 10 8 9 25 5 13 24 9 10 48 25 4 12 1 35 13 4 3 3 8 13
14 7 16 12 21 24 37 36 26 39 21 14 64 11 14 39 17 43 23 8 10 17 18 43 14 16 7 17 22 18 11 6 9 20 3 4 2 21 2 2 2 2 1 2 1 3 2 3 4 13 13 8 27 11 11 9 10 34 38 7 10 18 22 11 22 18 17 30 11 40 24 13 14 12 30 9 8 14 12 10 4 3 26 8 13 28 7 21 3 15 34 6 14 8 5 4
30 13 36 26 21 24 44 21 49 30 10 15 41 17 17 41 10 16 44 6 18 14 10 32 7 16 13 11 13 14 18 14 2 8 3 4 2 2 7 2 1 2 2 4 2 1 1 4 8 9 20 17 4 9 12 2 12 17 13 5 15 41 27 10 8 32 10 24 9 14 55 8 18 19 11 13 11 10 20 12 13 6 7 14 4 24 32 22 5 9 62 5 7 5 10 4
51 26 14 27 29 31 24 21 42 20 17 18 13 15 15 21 11 10 40 12 17 12 5 12 19 14 13 7 9 8 10 9 12 3 4 10 3 2 4 6 1 4 2 3 3 2 3 1 8 3 2 2 2 8 9 27 20 9 14 11 7 31 15 10 11 18 31 8 26 7 29 7 14 29 4 7 29 5 9 13 19 8 5 2 3 3 24 32 7 5 28 9 7 5 9 6
77 35 20 18 19 25 10 22 37 8 22 17 15 16 11 25 11 11 23 7 7 20 6 3 2 6 6 3 15 22 9 9 13 1 2 0 5 2 2 19 1 2 2 3 3 2 4 3 25 6 4 3 4 4 19 36 15 4 4 19 7 7 22 9 18 10 42 6 42 5 16 16 9 13 5 20 10 7 5 6 9 12 10 4 3 4 2 4 21 26 18 11 7 4 10 6
51 15 9 23 12 13 12 13 34 7 14 10 12 31 10 29 11 32 11 6 5 15 10 5 4 6 6 6 9 9 20 20 3 2 1 1 1 4 1 22 1 1 1 2 2 1 4 1 1 3 5 7 1 11 22 22 13 7 3 25 12 9 4 20 17 16 28 6 32 10 6 10 16 26 8 5 9 3 7 2 2 8 3 5 3 2 3 1 2 4 25 8 3 4 11 6
64 16 45 17 17 12 12 12 11 8 16 13 6 36 34 7 18 14 17 13 12 6 10 8 10 13 7 11 5 4 6 5 4 3 1 2 1 1 3 7 2 0 1 1 1 1 1 6 1 1 3 3 7 33 26 17 12 11 3 7 16 7 11 10 13 28 16 19 4 19 29 4 24 36 9 2 6 2 4 2 6 5 7 7 2 1 1 2 2 2 4 9 6 2 9 2
49 30 11 12 11 14 19 11 13 6 9 8 13 22 18 5 6 8 7 2 9 6 8 12 17 12 9 13 11 3 3 4 15 6 1 1 4 1 1 2 4 0 1 1 1 5 3 2 1 1 2 3 10 18 21 11 3 9 8 5 17 6 9 11 4 10 6 9 5 7 27 5 14 17 1 2 3 6 5 3 1 8 1 2 4 0 0 1 3 3 4 1 13 2 4 1
7 31 7 13 13 10 14 8 33 7 8 8 8 3 16 7 8 3 13 6 4 8 9 9 10 5 9 16 12 1 3 4 5 7 5 3 1 3 1 1 5 0 1 1 1 7 12 2 1 1 3 7 12 14 22 7 5 10 7 8 21 7 3 4 8 6 5 15 4 6 19 9 29 8 1 4 1 0 2 6 1 3 2 3 6 1 2 1 2 1 1 3 4 5 7 1
14 53 8 9 5 11 13 13 6 12 8 6 9 3 8 5 7 4 31 7 3 5 6 24 5 4 7 11 11 2 3 3 7 3 6 2 1 1 2 1 4 1 1 0 1 2 1 2 1 4 3 8 12 19 9 2 5 9 7 9 20 9 16 5 5 10 4 13 3 5 4 6 22 1 1 1 2 1 4 2 2 1 0 3 3 3 3 2 1 1 1 1 1 9 3 1
13 43 19 2 5 6 18 10 5 15 8 4 3 5 3 7 2 10 4 2 3 6 9 5 11 4 3 4 4 4 2 6 5 4 3 3 2 2 3 1 7 0 1 1 1 1 4 9 5 1 6 17 23 18 2 5 9 12 7 10 5 16 6 16 8 3 3 7 2 5 6 11 7 6 3 3 0 3 5 2 4 1 0 2 2 5 4 1 1 1 1 1 0 2 3 3
4 21 24 2 9 4 8 15 4 11 6 3 1 5 2 10 3 7 5 7 2 3 7 8 7 3 2 3 4 8 1 2 3 7 3 1 2 3 1 2 4 1 1 2 1 1 0 7 10 6 14 21 20 4 7 9 11 10 7 11 12 10 3 8 12 1 2 2 5 2 4 6 4 9 3 3 2 5 4 1 8 9 2 2 1 1 2 2 1 2 0 1 1 5 1 3
6 11 19 4 5 2 3 3 5 4 6 2 1 3 3 24 4 3 4 1 3 6 5 7 4 1 1 2 4 3 2 4 7 3 1 0 2 3 3 1 2 1 1 2 2 1 3 24 18 35 36 35 2 4 5 5 7 9 7 8 15 3 9 5 5 14 28 2 1 1 1 11 2 7 6 4 3 7 5 4 5 15 2 3 1 1 2 2 5 4 1 1 8 1 1 5
5 5 21 7 7 2 2 4 1 6 6 4 1 2 1 5 4 2 4 2 3 4 2 2 2 1 7 1 3 6 3 2 7 5 1 1 3 1 1 2 0 1 0 2 9 23 43 17 18 23 9 1 3 4 7 5 6 6 5 3 4 2 6 4 1 10 2 0 0 2 2 2 6 2 7 4 4 5 11 4 6 8 2 5 2 1 1 1 1 2 2 4 1 3 5 11
5 2 1 22 2 1 1 1 1 3 10 2 2 1 2 6 1 2 5 1 2 2 2 2 1 2 1 1 0 4 2 2 3 2 1 2 1 1 0 1 0 1 0 19 13 15 48 56 18 4 1 3 3 5 5 4 5 6 4 1 0 1 6 8 12 15 1 1 1 4 7 3 3 1 8 2 7 3 5 2 2 8 2 5 2 3 1 0 1 1 0 1 2 1 6 10
4 5 2 22 0 2 3 1 3 0 4 1 1 2 2 9 2 3 4 2 1 2 2 5 1 2 0 4 1 1 2 2 4 3 1 1 5 1 0 1 2 23 35 36 46 11 24 55 29 0 2 3 3 3 1 3 3 3 3 0 0 3 14 13 15 4 2 5 5 2 7 7 1 2 2 3 9 7 14 23 24 9 2 3 4 3 3 0 1 1 1 1 1 2 11 6
3 2 1 24 2 1 1 1 6 0 1 4 1 1 1 5 1 2 4 2 1 1 1 5 1 1 1 2 3 3 1 2 2 2 1 3 1 1 1 6 18 36 54 42 52 65 54 27 1 1 4 3 3 4 1 2 5 5 2 1 1 5 10 6 3 3 4 3 4 3 5 15 20 3 2 2 3 5 9 4 2 5 5 11 7 5 1 1 2 0 2 2 1 3 13 2
2 2 1 5 4 6 1 1 5 1 1 4 0 1 1 1 1 1 2 1 0 0 0 3 1 1 3 2 4 1 1 2 1 3 1 2 1 0 2 7 6 3 29 57 62 42 1 1 2 1 2 1 2 3 1 1 1 19 2 4 2 3 2 7 5 2 5 4 3 10 11 10 1 3 2 6 6 5 5 4 5 4 6 4 4 1 2 1 1 0 1 2 1 2 8 2
2 1 1 1 6 2 1 1 2 0 1 2 1 0 0 0 1 0 2 1 1 0 0 0 1 2 2 1 2 1 3 2 2 1 1 1 1 0 2 5 2 12 8 5 3 1 4 6 3 3 1 1 1 0 1 2 1 3 4 3 2 2 1 2 1 1 2 6 14 21 3 1 2 4 3 3 10 5 18 5 6 6 5 3 5 1 1 1 2 0 3 2 1 1 2 1
1 1 1 0 6 0 1 1 3 1 0 1 2 0 0 0 0 0 2 1 0 0 0 1 2 1 1 2 1 1 1 1 1 2 1 1 1 1 7 6 34 27 7 1 4 4 1 2 2 1 1 0 1 0 1 2 1 7 2 1 1 1 3 2 0 2 3 12 9 0 1 0 1 4 9 9 4 5 2 5 4 4 4 6 1 2 2 2 1 0 5 1 1 2 1 0
1 1 1 3 1 0 1 1 1 0 0 0 2 1 0 0 0 0 0 2 0 0 0 0 2 2 2 1 0 1 0 1 1 2 0 1 2 1 5 3 3 9 1 4 4 2 2 3 6 2 1 0 0 0 2 3 0 2 1 1 1 1 3 1 0 1 4 6 1 0 0 2 1 1 2 8 7 9 2 3 3 3 4 2 2 1 2 2 3 0 1 1 1 0 0 0
3 0 1 4 5 0 1 0 2 0 1 0 1 0 1 0 1 0 1 0 0 0 0 1 1 2 1 0 0 0 0 0 1 0 1 1 1 1 3 2 4 10 2 3 1 5 1 0 2 3 2 0 0 1 0 1 2 1 2 0 0 3 2 0 1 3 4 7 1 0 0 2 1 2 2 3 5 2 1 1 2 4 3 5 1 2 3 1 1 0 1 1 1 0 0 0
1 0 0 0 1 0 0 0 1 0 0 0 0 1 0 0 0 0 1 0 0 0 0 1 1 1 1 0 0 1 0 0 0 1 1 1 1 14 4 29 23 8 1 1 1 3 3 1 1 3 1 1 0 0 1 0 4 2 0 0 0 2 1 1 3 4 5 5 0 1 1 2 6 0 1 3 2 2 1 1 3 1 2 1 1 4 1 1 0 0 0 0 0 0 0 0
1 1 0 1 0 1 0 0 0 0 0 0 0 0 0 0 0 0 2 0 0 0 0 1 0 0 0 0 0 0 0 0 0 0 1 2 4 8 20 12 4 21 2 1 1 2 0 0 0 1 2 1 1 0 1 1 1 5 1 0 1 4 1 0 1 4 2 4 1 1 2 2 3 0 1 1 1 3 1 1 0 0 0 1 0 1 0 0 0 0 0 0 0 0 0 0
0 1 1 0 0 0 0 1 0 0 0 0 0 0 0 0 0 0 0 0 0 0 1 0 0 0 0 0 0 0 0 0 0 1 1 9 17 34 50 9 2 1 2 3 1 0 2 7 1 3 4 1 1 2 1 2 0 1 0 1 0 3 0 1 2 1 2 4 1 1 1 2 1 0 0 0 1 1 5 1 0 0 1 1 0 0 0 0 0 0 0 0 0 0 0 0
