sesion_6_simulaciones/modelos_agentes/ejemplos_netlogo/scenarios/cgcm2_b2/rob_2027.asc
NCOLS 322 
NROWS 307 
XLLCORNER 451900 
YLLCORNER 4086900 
CELLSIZE 100 
NODATA_value -9999 
[rows 0 to 74 of 307, columns 96 to 191 of 322]
59 13 2 3 37 13 12 9 9 10 22 20 24 42 38 11 21 14 14 5 17 15 11 35 13 9 15 16 22 14 5 4 10 17 10 9 10 19 28 12 7 32 67 72 81 69 83 83 87 83 82 87 68 41 58 53 59 25 42 41 47 28 23 13 47 54 53 11 9 38 47 27 22 26 22 14 15 19 10 47 28 13 17 16 17 10 11 14 19 39 20 17 15 6 11 25
5 8 7 4 9 23 11 10 8 16 14 22 50 50 25 20 6 6 3 7 13 2 4 5 14 9 15 8 10 37 16 6 6 10 5 11 14 19 28 33 39 47 42 36 83 84 85 83 92 73 88 79 44 44 77 30 13 21 14 23 9 31 23 12 25 13 17 48 45 39 25 51 62 36 48 52 54 20 23 25 18 14 25 24 28 15 17 24 29 29 37 29 38 20 28 28
1 3 3 16 9 12 13 6 8 11 8 15 23 22 5 4 10 16 17 20 30 3 6 6 10 10 16 8 18 18 28 23 3 12 34 32 34 41 46 50 56 65 48 53 19 10 23 50 91 83 82 81 42 74 73 69 46 21 20 29 22 59 78 75 77 57 46 68 34 44 37 39 49 48 52 67 72 65 39 27 24 22 34 33 34 24 26 43 27 30 41 32 39 45 33 35
1 1 1 2 2 2 2 18 7 4 4 7 10 15 16 17 17 28 31 25 10 2 13 14 3 7 11 14 13 5 14 15 13 23 35 27 54 53 70 79 82 81 67 28 14 18 8 14 46 22 32 33 18 41 67 27 64 9 11 24 38 58 83 82 81 84 79 51 63 55 57 64 48 47 60 53 52 23 19 28 40 40 52 49 44 32 29 41 28 25 46 49 34 44 33 46
2 3 2 1 0 1 2 15 29 6 18 12 7 10 28 19 16 56 23 10 13 9 11 23 20 13 12 13 9 30 35 23 6 22 47 50 60 71 83 86 86 76 65 38 22 11 15 35 23 17 25 30 9 47 22 43 58 38 8 15 59 74 62 78 69 45 76 47 57 74 68 58 49 40 63 45 46 38 39 43 52 46 77 55 39 41 38 53 38 38 51 65 34 56 54 58
5 2 1 2 1 1 2 4 23 40 11 20 6 17 21 10 35 25 28 18 5 6 17 15 20 11 15 16 7 9 14 30 26 12 51 69 73 81 85 75 77 74 68 44 18 25 20 25 31 25 34 50 12 24 28 51 31 32 23 22 59 67 27 15 23 40 44 23 24 46 19 55 79 60 57 39 43 41 41 58 49 57 61 55 62 49 47 65 61 41 58 41 57 47 69 32
1 2 7 3 3 3 6 2 9 33 33 11 9 11 14 36 15 30 41 28 27 14 7 8 15 16 26 20 12 6 11 39 41 28 44 78 83 82 73 72 69 65 33 19 25 53 29 43 40 40 32 33 32 38 52 41 20 36 42 18 12 15 13 21 11 17 49 65 44 47 23 48 37 19 57 64 63 63 42 61 49 41 50 43 64 65 54 68 67 43 69 59 55 45 30 24
0 1 2 1 1 3 3 2 4 19 66 64 60 36 25 12 13 27 19 21 38 58 16 30 43 27 25 10 19 16 16 20 40 63 45 64 69 73 68 63 52 21 25 19 46 37 31 56 44 45 27 29 50 59 45 46 38 60 65 66 47 22 4 4 21 13 38 21 46 27 43 31 15 33 21 51 58 84 66 37 58 67 51 56 79 56 56 59 63 59 49 37 17 24 23 17
0 1 1 3 2 4 3 2 4 4 18 58 71 76 48 60 18 14 13 39 37 16 18 28 24 11 21 19 14 21 35 29 49 72 80 48 29 36 23 19 26 14 11 23 51 41 20 34 41 34 30 22 73 49 44 58 45 57 23 46 69 53 29 4 16 19 12 11 6 16 47 41 20 20 41 23 33 38 48 70 63 84 54 62 44 30 38 77 53 53 43 75 52 34 24 30
1 1 1 1 3 8 4 1 2 5 12 2 4 5 4 3 23 15 18 20 23 15 25 17 39 30 23 18 24 29 32 64 57 46 63 54 46 42 19 15 7 5 8 21 47 28 11 13 24 34 34 24 32 79 71 72 21 36 18 61 49 50 15 18 5 11 8 5 14 28 29 34 39 30 38 54 24 20 60 65 42 66 52 48 30 37 27 38 38 54 29 39 71 67 26 17
2 1 2 3 6 3 6 6 9 2 4 2 11 7 5 7 20 5 34 16 22 16 22 23 41 15 11 19 31 46 62 62 82 67 45 41 36 50 44 23 11 4 3 6 25 8 8 15 26 21 34 20 35 44 77 62 35 26 35 57 29 30 16 6 11 14 16 7 25 35 38 43 27 18 44 59 42 19 18 49 36 23 47 61 36 39 27 29 64 49 44 31 60 79 52 28
2 1 4 4 3 8 6 16 16 11 3 5 12 20 17 14 17 33 38 23 58 36 15 26 23 23 13 16 23 75 73 63 61 53 41 29 26 36 35 22 10 4 4 9 11 5 6 23 14 19 45 20 33 48 30 40 32 33 44 40 18 17 35 25 12 8 25 22 29 55 68 67 18 29 44 55 39 21 20 56 35 8 31 59 32 40 32 25 44 28 20 27 43 56 57 51
1 2 2 4 7 6 7 5 7 12 12 7 2 4 7 23 34 16 43 35 62 63 22 16 13 18 11 22 37 56 75 52 47 37 34 36 38 13 16 28 9 3 3 11 9 4 8 12 16 28 46 33 33 54 38 30 40 38 50 19 16 19 30 25 14 10 9 22 36 22 40 40 29 26 31 53 30 25 10 19 34 7 41 67 31 34 40 23 14 30 23 11 14 29 52 63
1 1 1 1 2 1 1 1 6 9 15 10 10 10 12 7 28 13 57 24 15 15 46 31 26 14 22 53 56 44 47 46 33 15 12 10 8 5 4 7 8 1 1 1 3 2 5 7 27 46 52 47 31 32 19 35 46 40 39 35 14 12 32 35 24 20 10 10 12 8 3 4 16 30 32 42 31 41 25 15 6 10 19 54 55 25 31 29 16 12 23 11 19 41 70 44
1 0 1 1 1 0 0 2 3 3 8 7 12 14 13 10 7 8 45 27 16 41 52 27 32 28 30 25 47 50 26 15 12 15 17 12 9 7 3 1 6 1 4 2 1 1 4 12 16 38 39 32 24 30 18 45 50 43 46 47 9 23 31 34 23 15 6 8 5 3 3 17 45 44 35 43 46 39 21 19 28 9 23 49 58 23 10 11 13 9 6 5 13 27 36 32
14 1 2 1 2 4 2 2 1 1 1 1 1 3 4 6 11 17 7 3 10 16 8 45 34 45 22 24 19 14 16 33 36 34 21 22 36 27 10 2 2 2 1 2 1 1 1 4 10 14 19 15 13 13 22 16 30 31 49 42 8 20 8 33 48 26 10 10 10 2 7 27 43 50 27 18 30 38 45 38 23 19 19 33 59 79 41 27 11 7 6 4 11 45 32 22
0 1 3 3 3 3 7 4 1 2 5 6 2 2 4 11 12 17 10 16 15 5 9 17 54 41 42 50 69 49 36 21 23 32 30 43 51 43 20 2 4 3 1 2 6 5 5 1 4 6 5 4 3 3 7 18 28 39 44 45 12 30 21 27 40 12 8 8 6 5 8 34 29 42 16 13 24 22 38 31 25 21 21 20 53 74 71 20 11 8 5 4 9 28 35 32
1 3 3 23 20 4 2 3 1 1 3 1 2 2 3 4 12 11 17 18 10 8 11 12 33 42 15 30 27 19 36 32 41 27 58 72 49 48 21 10 15 17 10 10 17 15 13 5 1 0 1 1 1 0 1 19 54 73 48 19 35 27 23 16 26 21 10 16 5 5 38 38 47 36 15 21 46 29 26 33 15 11 7 4 31 40 36 37 18 8 6 3 4 11 18 6
2 4 6 4 1 11 2 1 1 1 2 1 0 1 1 1 3 7 8 4 10 11 10 11 47 65 37 34 25 43 50 54 35 58 62 60 26 23 22 36 26 30 37 46 36 16 20 14 5 3 2 2 3 0 1 2 44 61 31 22 20 28 15 12 19 7 9 10 2 25 58 53 43 47 17 17 44 39 30 62 33 16 7 3 7 20 24 23 26 11 6 5 2 6 29 4
8 5 1 1 0 4 14 2 1 1 4 4 4 2 3 10 3 3 4 6 12 15 20 10 33 37 31 41 48 44 47 68 59 52 51 27 42 40 31 39 58 57 41 19 18 8 13 15 7 5 4 1 2 1 2 2 6 12 21 29 19 11 10 27 26 4 9 29 58 41 55 70 34 64 28 12 31 50 31 56 41 32 16 4 4 17 32 19 33 13 9 3 1 2 16 11
7 3 1 2 1 5 6 9 3 7 7 5 5 2 3 2 2 5 7 7 6 9 7 5 20 36 30 15 15 39 29 26 42 52 62 39 34 44 29 62 27 23 32 18 9 7 6 8 7 3 5 3 1 2 3 2 3 11 23 22 6 7 37 34 20 5 18 29 39 54 39 44 23 26 46 30 16 13 13 53 16 12 22 11 6 2 17 8 30 8 9 3 2 2 3 8
9 2 2 2 9 6 9 16 14 15 23 11 7 4 6 3 4 3 2 16 9 10 11 9 37 23 41 35 19 26 27 39 42 61 66 55 71 40 54 22 31 13 7 5 10 9 19 9 9 3 3 3 2 3 5 3 3 6 18 21 25 6 10 16 10 14 32 8 26 45 47 29 29 13 34 44 21 10 11 57 67 23 7 24 11 2 1 3 23 13 10 7 2 1 2 7
6 2 1 3 13 9 2 7 6 5 2 6 15 7 3 3 3 4 3 11 28 20 22 14 36 13 23 45 25 16 47 60 63 29 16 72 66 34 32 28 32 33 11 4 3 7 4 1 2 1 4 2 2 3 2 2 1 3 8 6 7 9 6 7 8 24 36 4 24 14 32 38 26 7 6 24 21 27 10 29 61 30 25 5 10 3 1 2 17 23 2 9 3 1 2 5
9 2 0 3 14 12 6 12 28 8 20 9 9 42 28 15 11 10 8 36 23 34 28 19 33 29 19 47 49 30 25 23 11 8 10 25 36 45 20 36 28 33 20 13 7 1 1 0 0 0 1 1 1 1 1 1 1 1 1 4 8 8 6 10 27 26 19 7 14 14 13 22 17 15 8 32 30 17 12 5 25 28 12 21 5 2 1 1 1 7 2 4 3 1 1 1
12 8 1 4 18 14 10 5 35 17 6 17 25 32 35 34 54 15 19 16 36 40 60 37 26 28 48 37 63 41 21 13 28 27 18 3 9 33 33 13 24 35 38 32 12 7 4 2 1 1 0 0 0 0 0 0 0 0 2 5 14 8 14 17 9 26 12 15 16 13 8 12 23 24 5 20 28 12 11 6 12 27 7 2 9 4 1 1 1 2 2 2 3 1 0 0
31 19 8 10 24 8 17 4 15 22 20 18 35 45 52 33 52 58 22 22 53 78 78 84 75 67 67 49 67 52 68 65 73 45 21 20 21 15 11 22 43 25 29 29 29 19 13 7 5 4 1 1 1 1 1 1 1 1 5 10 11 10 8 10 9 20 19 27 8 18 6 5 16 10 4 11 11 4 5 4 4 7 19 2 2 1 1 0 0 1 1 1 0 0 0 0
22 16 28 28 29 7 13 10 26 37 31 22 22 59 70 55 54 79 64 76 79 79 85 83 74 79 75 70 76 81 50 25 41 49 43 23 30 24 10 6 29 32 35 45 30 24 22 13 10 8 5 4 4 4 1 3 2 2 5 5 8 5 4 5 4 23 12 21 14 14 3 4 6 8 4 9 6 10 2 4 3 1 4 2 1 2 1 1 0 0 1 0 0 0 0 0
14 29 26 22 33 31 35 25 31 49 46 61 53 62 73 87 82 70 78 44 49 59 67 80 73 69 78 76 77 79 23 13 13 12 27 32 42 23 29 20 17 41 42 30 24 22 16 36 22 12 8 7 6 5 5 4 5 1 2 3 5 3 4 8 17 28 22 9 13 5 5 2 4 5 4 2 2 4 4 2 3 1 2 2 0 2 1 0 0 0 1 1 0 0 0 0
17 40 28 21 36 32 33 33 42 62 74 82 87 88 91 89 81 77 84 70 40 20 51 66 45 41 30 56 58 51 37 9 8 5 7 13 24 19 20 27 9 18 20 19 10 8 4 9 11 12 18 16 10 8 7 11 6 1 2 2 1 4 10 15 20 12 6 6 4 8 6 8 3 2 2 2 2 2 3 2 1 1 1 1 1 1 1 0 0 0 0 0 0 0 0 0
20 40 20 26 56 51 47 63 75 84 88 87 83 86 83 88 77 77 90 45 71 34 20 35 24 12 15 16 20 22 40 28 20 4 7 4 11 8 8 19 15 11 24 7 10 6 3 6 6 3 3 3 2 5 4 2 8 4 2 2 3 5 11 14 13 8 3 8 12 5 6 3 2 2 1 1 1 1 1 1 1 1 0 1 0 0 0 0 0 0 0 0 0 0 0 0
13 50 44 43 56 72 79 84 78 88 82 89 71 86 77 83 62 66 84 73 33 41 19 9 8 6 3 2 8 10 14 50 25 8 9 6 18 33 27 17 17 10 8 4 2 4 3 1 1 1 1 5 10 10 4 4 11 5 9 2 4 5 9 6 10 3 2 4 8 7 3 2 1 2 1 0 0 0 0 0 0 0 0 0 0 0 0 0 0 0 0 0 0 0 0 0
36 56 71 72 84 89 87 87 81 82 77 88 74 72 52 70 55 66 70 75 22 40 41 15 9 2 2 1 3 4 4 11 16 9 9 12 6 12 12 12 9 8 7 10 10 5 4 2 3 3 11 27 24 14 22 3 13 10 2 1 1 3 2 6 4 4 1 1 1 2 1 1 1 0 0 0 0 0 1 1 0 1 0 1 1 1 1 0 0 1 0 0 1 0 0 1
64 77 81 84 84 82 87 79 78 67 83 63 38 48 45 43 49 53 57 64 26 15 20 13 11 6 3 3 8 10 10 20 16 6 20 15 21 19 29 18 28 16 23 21 21 16 11 7 6 8 14 37 48 46 36 14 15 12 4 6 3 1 1 1 1 1 1 1 0 0 0 1 1 1 2 1 3 1 2 1 1 2 1 2 1 3 1 1 1 1 0 0 1 1 1 2
79 82 83 73 83 81 85 71 67 46 55 12 23 16 20 30 31 23 25 47 25 9 4 3 6 9 9 8 12 5 31 41 40 28 40 41 37 29 33 31 32 32 28 25 36 22 23 11 4 25 26 32 50 38 26 20 37 18 13 21 12 6 6 5 4 4 7 3 2 2 2 3 5 5 4 2 4 4 3 3 3 3 3 2 6 3 2 1 1 1 1 1 1 1 3 3
26 35 53 43 65 63 74 69 32 7 3 4 8 5 4 5 5 10 24 36 21 6 7 13 7 7 32 22 36 26 35 42 45 42 43 62 50 27 50 43 39 50 47 41 29 25 29 18 14 21 34 34 51 65 48 44 33 22 30 28 18 19 18 18 15 11 15 10 6 3 5 6 6 6 10 6 6 11 5 8 8 5 5 5 12 3 3 2 2 2 2 1 3 3 4 7
31 20 13 11 6 7 21 25 23 8 4 5 9 8 3 2 1 2 9 14 9 5 28 8 22 32 46 41 56 41 41 36 56 48 37 55 51 33 48 52 42 57 37 32 33 34 49 31 19 22 41 45 26 76 57 65 36 37 43 30 39 25 20 20 19 10 20 11 5 8 9 9 14 8 13 8 8 15 13 11 7 6 10 8 8 4 3 3 3 3 3 3 10 6 4 5
54 64 49 21 19 12 4 8 12 4 8 9 7 3 1 2 1 5 4 8 14 34 41 22 45 43 53 50 41 19 7 20 45 46 40 51 37 43 52 61 61 39 43 37 36 56 42 26 38 31 50 61 44 77 74 41 68 60 50 33 39 30 42 37 20 20 15 13 11 6 12 18 18 12 18 18 12 21 11 16 10 16 17 23 11 5 2 7 4 5 8 9 12 4 11 6
63 46 40 26 13 10 10 9 19 20 18 18 10 3 3 6 7 9 13 24 52 57 58 35 47 38 40 50 49 44 28 22 45 42 50 41 36 45 43 56 27 22 49 53 41 75 47 46 53 29 65 43 77 80 53 63 75 61 37 50 35 46 40 28 15 25 21 17 8 16 30 34 29 16 24 25 27 28 15 12 15 24 21 16 8 4 4 11 7 4 14 16 15 5 3 20
40 50 51 38 37 19 33 30 39 39 40 42 23 16 13 20 11 16 31 41 56 45 25 46 61 43 26 38 53 51 40 25 38 48 30 60 42 69 54 39 43 29 56 39 32 77 59 59 44 34 51 78 76 63 58 53 66 73 43 56 54 59 45 23 43 35 35 19 8 24 33 61 41 26 33 37 39 24 20 12 24 50 37 25 17 6 14 30 15 5 12 34 32 10 4 21
67 69 40 40 23 35 50 43 42 58 50 48 39 34 32 27 27 38 42 48 59 48 48 60 50 36 37 53 43 53 29 44 29 24 54 63 63 50 54 38 40 24 57 22 19 57 64 63 41 47 60 49 77 28 23 19 43 65 37 66 74 58 49 65 47 42 22 9 13 42 49 76 58 37 44 55 67 34 36 16 35 62 33 19 14 10 25 45 23 11 7 51 62 29 12 22
44 55 37 53 37 50 56 59 57 55 66 56 46 43 61 26 31 49 48 49 62 62 42 64 49 49 55 49 45 61 32 52 35 32 37 66 33 47 35 53 41 42 48 30 50 47 76 62 32 47 66 64 62 43 35 25 33 45 34 76 79 68 65 66 25 39 13 11 20 51 67 73 70 50 59 68 78 34 43 19 49 77 47 17 13 18 38 57 35 18 12 46 62 41 11 28
40 51 65 48 35 44 60 50 46 50 70 56 46 59 43 40 28 50 62 45 43 54 62 61 47 47 39 35 33 81 41 59 37 40 48 68 58 46 32 43 32 50 42 33 48 46 61 38 43 32 47 83 69 56 38 40 66 37 42 73 65 68 84 46 53 40 23 24 40 41 74 76 76 47 55 74 61 37 60 28 39 70 54 40 23 25 53 69 44 26 18 36 62 34 24 38
32 32 49 30 25 22 50 43 34 44 46 45 40 52 46 41 43 42 54 50 42 28 40 59 58 51 56 35 29 42 60 74 41 34 53 73 47 27 32 47 33 51 40 36 43 53 45 40 36 37 39 70 33 39 48 45 63 33 55 63 54 71 41 54 74 37 31 31 56 44 66 85 65 38 61 78 66 44 69 39 49 71 47 46 44 31 31 70 70 38 24 44 66 44 32 45
13 32 19 20 24 24 43 51 26 48 44 52 51 39 36 49 39 37 42 51 31 26 24 55 60 46 60 26 32 56 54 65 28 37 59 48 39 47 37 55 59 29 37 57 55 41 30 69 39 35 32 52 22 36 41 64 62 72 62 38 33 25 45 77 39 48 56 32 44 57 52 76 40 38 61 76 51 50 65 32 63 68 49 52 53 54 25 31 76 41 35 41 68 63 52 44
10 11 15 16 31 13 22 20 30 39 35 51 40 36 39 40 35 28 28 35 42 24 50 43 58 54 50 43 12 35 64 73 15 31 42 71 34 19 29 35 61 38 37 27 31 45 45 15 40 48 44 57 54 34 54 54 79 69 53 72 58 36 63 44 61 67 38 39 46 65 42 70 34 40 53 74 46 65 66 34 50 54 42 69 69 63 39 32 75 59 37 52 60 47 55 44
4 7 14 19 24 9 25 23 27 35 39 56 37 22 25 34 39 48 28 14 16 14 58 12 35 51 47 38 17 35 38 41 9 13 58 19 13 11 49 17 54 34 44 34 39 39 34 71 77 88 82 68 68 65 53 68 73 56 57 62 51 54 59 32 66 41 46 48 55 74 42 60 44 60 32 52 41 64 49 41 61 43 43 60 73 42 55 36 50 47 56 44 72 77 78 65
6 4 17 6 8 33 7 11 21 30 42 42 24 37 13 41 12 36 27 14 8 22 33 22 32 46 44 52 15 14 11 31 37 38 20 18 32 32 44 34 41 39 44 67 44 78 58 85 66 75 57 58 61 82 83 75 72 37 42 74 53 53 27 39 68 51 51 56 63 74 77 68 69 61 47 76 43 74 41 40 77 37 72 64 70 48 63 48 42 67 65 72 70 77 79 88
1 5 2 2 5 11 32 8 19 14 9 16 9 22 15 25 18 31 27 31 20 30 29 43 15 20 32 26 39 43 15 10 21 21 65 72 60 55 77 89 76 77 69 89 70 56 83 84 48 71 60 51 60 79 78 64 72 74 65 84 67 76 73 60 57 63 70 61 53 51 68 74 62 81 86 82 82 90 85 67 70 76 77 75 43 86 86 73 68 39 55 48 59 77 61 62
1 3 4 7 22 46 14 8 3 1 2 5 8 24 23 23 20 36 20 19 25 27 26 48 34 24 14 12 15 14 13 20 24 7 15 62 75 29 38 79 79 79 63 83 90 54 58 66 71 68 76 31 42 78 82 50 86 82 93 89 57 72 63 72 65 77 63 77 82 28 39 75 74 46 73 81 62 80 64 88 55 69 81 72 51 82 77 61 87 79 67 37 49 64 46 34
1 1 4 1 2 4 2 2 1 7 8 8 28 20 11 23 10 28 13 14 25 18 32 40 29 23 10 12 27 36 21 5 12 10 9 21 33 17 18 60 69 42 74 88 79 36 52 41 55 57 71 35 41 65 64 75 69 65 80 86 59 25 41 75 77 81 74 68 64 74 29 64 83 45 70 83 37 29 36 85 79 55 50 55 69 72 73 76 87 76 48 71 31 25 58 62
1 2 1 1 3 7 8 2 1 5 8 14 10 17 9 19 15 17 11 12 10 21 29 18 25 30 4 7 13 24 16 9 19 8 10 8 15 50 29 65 41 59 49 52 85 65 42 29 48 45 59 61 35 71 72 89 53 78 91 90 77 23 56 66 70 82 73 79 54 80 47 38 72 45 67 84 55 41 31 75 68 72 20 19 32 65 77 67 77 63 26 78 45 28 41 53
1 3 1 2 1 2 5 6 5 4 9 18 14 7 18 28 15 16 7 10 19 20 12 11 17 12 2 6 9 19 18 14 10 9 13 18 15 20 54 84 53 66 47 68 71 76 44 40 61 49 83 84 53 68 86 91 62 86 91 84 80 46 77 82 67 59 49 40 58 85 51 30 53 31 69 73 87 46 50 82 60 72 65 27 23 39 59 53 54 36 61 90 45 23 13 12
1 2 1 1 8 1 2 9 2 3 11 9 8 8 13 24 26 14 10 17 8 11 7 6 12 18 8 11 27 36 43 27 24 30 37 38 26 34 64 63 65 30 29 70 77 54 33 29 43 53 75 70 71 52 77 89 68 74 83 78 83 75 76 87 48 51 62 36 61 76 72 46 17 32 80 77 80 70 43 83 44 59 76 45 22 17 46 38 40 17 72 89 66 38 33 9
14 0 1 1 1 1 1 3 4 6 13 10 3 5 8 15 14 6 7 7 13 8 5 4 7 15 17 43 66 20 25 20 52 46 41 37 17 34 48 50 76 41 56 37 85 43 47 39 23 42 65 67 51 28 31 67 66 76 83 81 90 76 78 78 78 56 58 44 50 58 82 58 28 25 64 73 80 79 53 65 57 52 63 77 38 18 11 13 12 25 65 51 81 41 31 13
1 2 5 2 2 1 2 2 1 2 7 8 1 2 13 8 4 7 6 10 16 9 7 14 3 7 6 9 37 19 16 54 37 34 60 42 24 14 6 30 33 23 8 8 40 35 69 59 22 15 36 19 31 17 14 23 22 58 62 64 70 70 62 62 87 51 52 41 12 68 94 43 27 23 63 53 50 61 33 43 45 16 59 79 59 29 6 7 9 17 10 32 85 40 20 19
0 2 6 10 20 1 1 1 1 2 5 1 1 1 7 2 2 6 7 4 15 9 7 13 32 55 23 15 20 21 31 30 55 56 46 37 33 38 19 10 16 38 19 10 17 24 33 42 38 15 16 14 29 17 20 37 27 15 25 42 43 19 27 61 90 71 37 35 43 70 88 51 21 12 25 35 53 37 47 50 41 11 35 61 76 21 10 5 20 24 15 33 90 56 45 39
1 4 2 12 14 23 7 3 13 3 8 1 1 1 2 2 3 3 3 12 4 30 13 15 44 58 48 12 14 40 39 25 45 54 26 14 42 40 16 17 19 50 31 19 27 23 23 17 17 8 14 37 45 41 34 34 24 17 15 10 3 1 11 69 75 73 46 19 24 59 73 71 58 21 13 29 43 28 26 15 35 21 14 59 71 47 12 6 20 16 36 77 80 83 54 40
6 13 20 7 8 19 35 2 2 2 5 23 4 2 4 1 1 4 2 1 1 5 5 9 32 50 30 51 47 58 33 22 46 29 42 41 31 46 23 33 27 40 44 25 13 39 23 25 16 6 12 43 52 61 55 48 36 29 26 21 25 22 23 41 42 54 43 13 6 27 30 70 72 28 11 28 39 23 12 21 42 17 11 10 60 71 13 5 21 29 30 55 34 78 35 14
1 1 2 15 18 16 8 1 5 6 29 33 28 13 17 18 2 4 3 2 3 2 9 8 15 18 31 51 47 36 25 29 19 10 46 46 19 20 29 48 36 45 37 28 10 18 49 35 22 11 10 22 60 63 61 59 45 44 38 38 62 65 69 55 40 40 32 18 6 4 22 35 77 48 39 10 21 24 10 2 7 12 13 26 42 68 25 8 4 13 16 15 63 72 86 37
1 1 3 15 36 32 66 13 25 9 15 6 28 28 25 12 11 1 1 1 3 7 5 9 20 11 24 30 23 19 12 36 51 36 52 35 29 38 52 28 47 45 26 31 37 38 49 48 31 20 9 11 24 47 46 57 59 53 32 24 18 29 34 39 51 47 51 40 20 1 5 34 40 44 36 26 14 6 7 6 20 14 6 9 9 46 42 8 3 6 10 13 12 47 50 54
30 16 6 6 5 39 20 6 9 44 15 17 6 10 7 4 13 3 2 1 1 3 6 21 34 8 21 32 28 34 34 66 44 27 31 39 26 27 19 8 15 44 59 40 55 44 37 33 30 29 22 8 5 6 28 28 24 42 46 35 32 27 15 19 21 39 46 45 43 32 19 40 30 50 20 18 13 7 11 6 5 6 3 14 10 37 52 6 2 9 13 9 11 15 49 58
27 34 26 9 5 30 56 38 12 17 16 11 3 9 6 4 6 12 1 6 6 10 8 24 16 18 7 11 11 11 7 12 13 33 28 28 30 32 34 32 20 7 15 55 56 68 56 39 33 15 19 17 10 4 7 13 9 7 15 19 21 29 32 21 8 10 30 37 39 26 29 52 27 55 32 18 15 16 7 3 4 7 3 6 10 7 35 11 2 4 11 12 5 4 42 57
11 10 70 39 14 34 16 51 47 34 37 8 3 18 10 21 17 15 6 9 4 12 18 14 13 13 18 51 31 19 26 41 30 34 37 54 53 54 50 52 51 38 19 10 9 41 51 43 26 16 11 16 9 3 1 1 1 2 1 2 3 8 7 12 13 5 5 10 9 10 26 24 24 19 21 23 27 19 8 10 8 6 2 3 15 20 10 17 3 1 6 10 6 24 66 16
9 10 31 18 16 16 3 2 62 79 77 71 12 24 14 7 6 28 8 12 9 8 11 10 33 13 35 46 28 34 51 52 32 39 47 54 50 57 52 52 54 43 55 43 37 16 8 6 18 20 23 5 4 2 4 7 7 6 6 4 4 1 1 1 1 1 1 1 1 4 7 13 11 8 6 5 5 14 12 8 5 2 8 6 6 11 10 18 9 1 1 7 24 56 24 51
18 13 22 61 41 16 17 10 9 77 18 18 27 17 22 21 20 3 10 18 2 3 2 15 22 16 20 19 16 21 18 20 37 44 43 46 62 68 52 61 64 65 58 54 52 35 27 22 12 6 4 2 3 9 12 20 19 17 14 17 4 1 1 4 4 7 3 3 1 1 1 5 3 2 2 2 3 5 7 12 9 2 1 2 2 2 6 11 17 2 1 6 55 21 23 30
22 16 23 35 28 38 52 11 4 4 2 4 6 11 15 59 10 21 19 21 8 3 5 8 8 8 25 22 34 25 20 23 31 41 55 56 54 54 50 68 63 48 41 40 44 28 24 32 21 18 17 17 18 30 28 27 38 37 32 21 6 4 5 11 10 6 7 3 1 1 1 0 0 0 0 0 1 1 0 1 2 1 1 1 1 1 3 7 5 3 1 20 20 7 34 25
41 24 13 5 33 34 74 54 42 39 25 13 6 8 43 25 65 56 28 21 43 22 18 5 2 6 16 17 12 17 15 40 53 27 11 29 59 59 38 32 45 51 38 28 36 26 33 35 36 31 35 21 23 39 50 50 46 47 48 31 13 12 19 18 21 20 19 9 3 3 1 0 0 0 1 1 4 2 1 1 1 0 0 0 0 0 1 2 7 6 2 26 3 2 18 30
39 33 27 36 29 43 32 23 25 63 27 43 11 21 38 63 79 64 35 32 47 13 17 26 17 13 17 6 12 13 43 13 14 17 30 37 59 72 64 61 60 48 56 44 48 39 42 43 45 27 52 47 43 39 54 59 73 69 58 34 13 31 28 41 37 50 33 21 10 4 2 2 3 4 4 8 11 6 3 3 5 5 2 1 1 1 0 0 1 6 4 15 2 2 15 40
41 38 12 10 34 29 66 58 38 38 51 63 43 22 45 83 78 57 32 57 14 41 12 19 12 7 2 21 6 19 14 6 6 41 29 39 46 59 64 61 61 43 44 47 47 49 51 64 52 37 45 64 48 49 66 74 78 65 43 28 27 41 52 53 50 64 46 26 16 5 9 9 11 14 15 15 23 13 10 11 10 8 4 6 5 2 1 0 1 2 2 2 2 1 4 11
35 45 33 12 45 54 64 57 80 60 47 26 15 55 72 65 58 43 40 80 20 62 16 22 18 15 14 27 30 8 9 15 16 38 39 52 56 72 53 65 66 52 28 49 48 45 57 72 64 39 39 68 64 54 67 80 75 58 39 29 30 63 60 61 74 65 42 29 11 8 15 15 16 28 25 37 38 34 18 19 28 17 14 18 9 6 2 0 0 1 1 2 1 0 2 3
35 11 33 16 7 52 41 31 47 68 62 52 13 39 72 58 14 23 64 78 21 75 25 20 53 41 11 33 32 44 14 5 19 18 44 33 23 28 40 34 59 41 51 49 51 36 65 49 72 42 72 65 63 52 76 85 65 58 38 51 52 64 60 73 78 65 48 41 15 27 37 38 20 40 54 51 50 38 29 36 46 33 23 24 6 3 1 1 0 0 0 1 1 0 1 1
30 29 20 32 10 21 61 71 71 53 30 33 15 30 53 65 32 55 86 63 34 73 33 26 22 40 25 48 45 17 41 53 20 20 24 34 12 27 21 43 50 43 45 61 47 50 56 61 41 43 85 42 64 54 84 64 58 62 39 50 50 62 73 81 63 67 49 33 25 41 53 51 28 54 52 67 68 51 41 47 64 41 38 11 4 3 3 3 2 0 0 0 0 0 0 0
45 24 31 24 30 28 38 56 49 58 61 36 61 22 12 8 51 89 81 57 59 58 50 57 59 35 17 41 44 40 40 13 15 10 20 6 11 21 24 59 32 49 56 55 33 47 52 59 66 67 42 35 65 80 56 66 51 40 45 44 42 61 83 70 68 50 32 34 49 64 62 61 50 61 45 50 63 39 50 56 69 28 11 8 9 10 14 6 3 1 0 0 0 0 0 0
40 37 29 27 58 37 58 77 45 45 43 55 67 68 13 5 23 31 27 15 36 70 59 37 28 39 30 35 30 27 12 3 12 21 3 11 20 22 40 33 29 27 59 24 28 29 39 65 25 25 34 44 57 71 56 45 26 36 58 57 45 79 74 72 63 63 44 40 52 69 66 53 55 64 51 25 75 58 60 74 38 31 20 20 38 35 15 5 3 2 1 1 0 0 0 0
36 65 45 27 25 28 25 52 24 27 23 68 42 71 68 57 23 11 18 28 69 75 58 43 42 20 18 5 19 39 19 15 29 34 20 11 16 15 37 14 13 17 34 10 16 27 31 9 13 31 24 55 74 58 46 25 36 45 61 42 35 84 75 60 63 65 42 57 68 69 58 70 55 67 45 46 55 64 43 36 19 35 46 32 14 5 5 5 3 3 3 2 2 1 0 0
