sesion_6_simulaciones/modelos_agentes/ejemplos_netlogo/scenarios/cgcm2_b2/rob_2072.asc
NCOLS 322 
NROWS 307 
XLLCORNER 451900 
YLLCORNER 4086900 
CELLSIZE 100 
NODATA_value -9999 
[rows 148 to 221 of 307, columns 192 to 287 of 322]
1 2 1 5 10 12 19 21 37 12 23 9 2 1 0 0 0 0 0 0 0 0 0 0 0 0 0 0 0 0 0 0 0 0 0 0 0 0 0 0 0 0 0 0 0 0 0 1 1 2 1 1 1 1 1 1 0 0 2 2 18 18 11 31 29 39 47 24 22 61 31 43 23 8 9 50 16 25 24 16 7 4 1 0 0 0 0 0 0 0 0 0 0 0 0 0
0 0 1 5 3 6 8 20 22 24 9 3 2 1 0 0 0 0 0 0 0 0 0 0 0 0 0 0 0 0 0 0 0 0 0 0 0 0 0 0 0 0 0 0 0 0 0 0 1 1 1 0 0 0 0 0 0 1 1 4 3 7 29 32 14 30 55 57 37 52 66 62 50 15 15 46 20 24 12 5 5 2 1 0 0 0 0 0 0 0 0 0 0 0 0 0
0 0 0 1 2 3 7 9 11 20 5 2 1 0 0 0 0 0 0 0 0 0 0 0 0 0 0 0 0 0 0 0 0 0 0 0 0 0 0 0 0 0 1 0 1 0 0 0 0 0 0 0 0 0 0 0 0 1 1 2 2 4 17 15 13 26 15 20 53 69 64 58 44 26 20 40 26 6 3 2 0 0 0 0 0 0 0 0 0 0 0 0 0 0 0 0
0 0 0 0 0 1 1 1 5 11 3 3 2 0 0 0 0 0 0 0 0 0 0 0 0 0 0 0 0 0 0 0 0 0 0 0 0 0 0 0 0 0 0 0 0 0 0 0 0 0 0 0 0 0 0 0 0 1 1 1 2 6 5 9 16 14 7 19 22 17 32 55 47 35 63 33 18 5 4 2 0 0 0 0 0 0 0 0 0 0 0 0 0 0 0 0
0 0 0 0 0 0 0 1 5 4 11 3 2 0 0 0 0 0 0 0 0 0 0 0 0 0 0 0 0 0 0 0 0 0 0 0 0 0 0 0 0 0 0 0 0 0 0 0 0 0 0 0 0 0 0 0 0 0 1 1 3 2 2 2 7 4 7 11 9 14 16 38 45 50 43 34 15 11 6 1 1 1 1 0 0 0 0 0 0 0 0 0 0 0 0 0
0 0 0 0 0 0 0 0 2 1 6 4 2 0 0 0 0 0 0 0 0 0 0 0 0 0 0 0 0 0 0 0 0 0 0 0 0 0 0 0 0 0 0 0 0 0 0 0 0 0 0 0 0 0 0 0 0 0 0 1 3 2 1 1 1 4 4 4 12 14 21 21 29 45 26 15 15 17 15 10 7 2 1 1 0 0 0 0 0 0 0 0 0 0 0 0
0 0 0 0 0 0 0 0 0 0 2 2 1 0 0 0 0 0 0 0 0 0 0 0 0 0 0 0 0 0 0 0 0 0 0 0 0 0 0 0 0 0 0 0 0 0 0 0 0 0 0 0 0 0 0 0 0 0 0 0 0 0 1 1 1 2 5 3 2 5 10 14 25 42 29 19 6 4 5 4 5 2 1 0 0 0 0 0 0 0 0 0 0 0 0 0
0 0 0 0 0 0 0 0 0 0 1 1 0 0 0 0 0 0 0 0 0 0 0 0 0 0 0 0 0 0 0 0 0 0 0 0 0 0 0 0 0 0 0 0 0 0 0 0 0 0 0 0 0 0 0 0 0 0 0 0 0 0 0 0 1 1 1 1 5 7 11 23 31 48 18 15 15 4 2 1 0 0 0 0 0 0 0 0 0 0 0 0 0 0 0 0
0 0 0 0 0 0 0 0 0 0 0 0 0 0 0 0 0 0 0 0 0 0 0 0 0 0 0 0 0 0 0 0 0 0 0 0 0 0 0 0 0 0 0 0 0 0 0 0 0 0 0 0 0 0 0 0 0 0 0 0 0 0 1 3 2 1 3 10 17 17 30 22 54 56 46 47 24 7 4 3 3 1 0 0 0 0 0 0 0 0 0 0 0 0 0 0
0 0 0 0 0 0 0 0 0 0 0 0 0 0 0 0 0 0 0 0 0 0 0 0 0 0 0 0 0 0 0 0 0 0 0 0 0 0 0 0 0 0 0 0 0 0 0 0 0 0 0 0 0 0 0 0 0 0 0 0 0 0 1 3 2 4 3 11 17 28 16 12 20 26 61 24 7 5 11 10 3 1 1 0 0 0 0 0 0 0 0 0 0 0 0 0
0 0 0 0 0 0 0 0 0 0 0 0 0 0 0 0 0 0 0 0 0 0 0 0 0 0 0 0 0 0 0 0 0 0 0 0 0 0 0 0 0 0 0 0 0 0 0 0 0 0 0 0 0 0 0 0 0 0 0 0 0 1 1 1 2 4 6 8 9 14 53 27 26 35 50 29 38 22 14 10 5 2 1 0 0 0 0 0 0 0 0 0 0 0 0 0
0 0 0 0 0 0 0 0 0 0 0 0 0 0 0 0 0 0 0 0 0 0 0 0 0 0 0 0 0 0 0 0 0 0 0 0 0 0 0 0 0 0 0 0 0 0 0 0 0 0 0 0 0 0 0 0 0 0 0 0 0 1 1 2 4 6 4 14 13 24 23 16 41 48 70 58 19 5 3 2 1 1 0 0 0 0 0 0 0 0 0 0 0 0 0 0
0 0 0 0 0 0 0 0 0 0 0 0 0 0 0 0 0 0 0 0 0 0 0 0 0 0 0 0 0 0 0 0 0 0 0 0 0 0 0 0 0 0 0 0 0 0 0 0 0 0 0 0 0 0 0 0 0 0 0 1 2 1 1 4 5 3 5 4 5 11 21 17 19 21 56 47 34 23 3 2 1 0 0 0 0 0 0 0 0 0 0 0 0 0 0 0
0 0 0 0 0 0 0 0 0 0 0 0 0 0 0 0 0 0 0 0 0 0 0 0 0 0 0 0 0 0 0 0 0 0 0 0 0 0 0 0 0 0 0 0 0 0 0 0 0 0 0 0 0 0 0 0 0 0 0 1 2 2 2 2 4 4 8 28 28 15 37 41 28 37 59 65 24 13 7 3 2 0 0 0 0 0 0 0 0 0 0 0 0 0 0 0
0 0 0 0 0 0 0 0 0 0 0 0 0 0 0 0 0 0 0 0 0 0 0 0 0 0 0 0 0 0 0 0 0 0 0 0 0 0 0 0 0 0 0 0 0 0 0 0 0 0 0 0 0 0 0 0 0 0 1 1 1 2 3 2 2 4 6 13 18 19 35 45 27 41 69 69 26 13 7 3 1 1 0 0 0 0 0 0 0 0 0 0 0 0 0 0
0 0 0 0 0 0 0 0 0 0 0 0 0 0 0 0 0 0 0 0 0 0 0 0 0 0 0 0 0 0 0 0 0 0 0 0 0 0 0 0 0 0 0 0 0 0 0 0 0 0 0 0 0 0 0 0 0 0 0 1 2 3 4 7 5 2 1 4 6 20 23 24 26 25 55 69 31 32 14 3 1 0 1 1 1 1 0 1 1 0 0 0 0 0 0 0
0 0 0 0 0 0 0 0 0 0 0 0 0 0 0 0 0 0 0 0 0 0 0 0 0 0 0 0 0 0 0 0 0 0 0 0 0 0 0 0 0 0 0 0 0 0 0 0 0 0 0 0 0 0 0 1 1 1 1 1 2 2 2 5 6 11 6 5 5 12 19 23 21 26 42 68 35 24 9 2 2 1 2 1 2 2 2 2 1 0 0 0 0 0 0 0
0 0 0 0 0 0 0 0 0 0 0 0 0 0 0 0 0 0 0 0 0 0 0 0 0 0 0 0 0 0 0 0 0 0 0 0 0 0 0 0 0 0 0 0 0 0 0 0 0 0 0 0 0 0 0 0 1 5 1 1 2 2 3 4 6 13 16 11 9 19 21 19 40 57 58 68 52 30 13 4 2 2 4 2 3 1 0 0 0 0 0 0 0 0 0 0
0 0 0 0 0 0 0 0 0 0 0 0 0 0 0 0 0 0 0 0 0 0 0 0 0 0 0 0 0 0 0 0 0 0 0 0 0 0 0 0 0 0 0 0 0 0 0 0 0 0 0 0 0 0 0 0 1 1 2 4 8 5 3 4 7 17 29 21 15 21 22 25 43 43 63 65 38 30 17 10 4 5 4 9 5 2 0 0 0 0 0 0 0 0 0 0
0 0 0 0 0 0 0 0 0 0 0 0 0 0 0 0 0 0 0 0 0 0 0 0 0 0 0 0 0 0 0 0 0 0 0 0 0 0 0 0 0 0 0 0 0 0 0 1 0 1 1 0 0 0 0 0 1 1 1 1 2 3 5 20 9 9 12 18 12 27 17 15 12 25 50 73 42 34 18 12 13 22 6 8 9 4 0 0 0 0 0 0 0 0 0 0
0 0 0 0 0 0 0 0 0 0 0 0 0 0 0 0 0 0 0 0 0 0 0 0 0 0 0 0 0 0 0 0 0 0 0 0 0 0 0 0 0 0 0 0 0 0 0 0 0 1 3 1 1 0 0 1 0 0 0 1 3 2 7 4 18 12 6 6 9 7 36 52 41 46 45 60 22 21 18 28 42 14 20 7 2 1 1 0 0 0 0 0 0 0 0 0
0 0 0 0 0 0 0 0 0 0 0 0 0 0 0 0 0 0 0 0 0 0 0 0 0 0 0 0 0 0 0 0 0 0 0 0 0 0 0 0 0 0 0 0 0 0 0 0 0 0 1 1 2 1 1 0 1 1 1 1 2 4 7 14 16 40 17 10 16 16 29 44 38 66 46 72 25 51 57 48 42 37 18 9 5 2 1 0 0 0 0 0 0 0 0 0
0 0 0 0 0 0 0 0 0 0 0 0 0 0 0 0 0 0 0 0 0 0 0 0 0 0 0 0 0 0 0 0 0 0 0 0 0 0 0 0 0 0 0 0 0 0 0 1 2 0 1 1 3 1 1 0 1 1 3 1 2 3 6 6 11 18 36 27 12 19 31 65 40 44 73 67 70 62 51 60 53 35 10 2 1 1 0 0 0 0 0 0 0 0 0 0
0 0 0 0 0 0 0 0 0 0 0 0 0 0 0 0 0 0 0 0 0 0 0 0 0 0 0 0 0 0 0 0 0 0 0 0 0 0 0 0 0 0 0 0 0 1 1 0 1 1 1 2 3 3 2 1 1 2 2 2 3 3 3 4 6 10 19 43 26 21 25 62 32 30 44 65 69 79 71 63 24 12 5 3 1 0 0 0 0 0 0 0 0 0 0 0
0 0 0 0 0 0 0 0 0 0 0 0 0 0 0 0 0 0 0 0 0 0 0 0 0 0 0 0 0 0 0 0 0 0 0 0 0 0 0 0 0 0 0 0 1 1 1 1 1 5 6 2 2 17 4 4 4 3 3 5 4 4 4 5 6 18 29 33 46 64 46 22 54 37 69 70 43 62 62 61 27 9 6 2 1 1 1 1 0 0 0 0 0 0 0 0
0 0 0 0 0 0 0 0 0 0 0 0 0 0 0 0 0 0 0 0 0 0 0 0 0 0 0 0 0 0 0 0 0 0 0 0 0 0 0 0 0 0 0 0 2 1 4 2 4 6 8 7 7 14 7 5 5 4 4 8 5 3 5 8 10 16 19 41 38 19 55 54 50 58 57 48 39 37 22 38 44 18 10 6 4 2 1 1 0 0 0 0 0 0 0 0
0 0 0 0 0 0 0 0 0 0 0 0 0 0 0 0 0 0 0 0 0 0 0 0 0 0 0 0 0 0 0 0 0 0 0 0 0 0 0 0 0 0 0 0 2 2 5 5 8 6 17 20 27 28 20 16 17 9 4 15 11 7 3 7 12 27 26 44 61 71 54 57 52 75 51 62 45 37 24 8 6 15 9 6 3 1 1 1 1 0 0 0 0 0 0 0
0 0 0 0 0 0 0 0 0 0 0 0 0 0 0 0 0 0 0 0 0 0 0 0 0 0 0 0 0 0 0 0 0 0 0 0 0 0 0 0 1 1 0 2 4 2 3 2 6 15 20 29 37 36 43 30 29 28 18 27 13 9 5 6 12 8 22 34 52 61 59 49 35 60 61 56 45 38 28 25 15 8 8 4 2 2 4 1 0 0 0 0 0 0 0 0
0 0 0 0 0 0 0 0 0 0 0 0 0 0 0 0 0 0 0 0 0 0 0 0 0 0 0 0 0 0 0 0 0 0 0 0 0 0 0 0 0 1 1 1 4 10 4 6 10 15 29 37 45 45 34 56 42 41 43 39 21 24 8 15 18 32 20 30 37 48 44 55 73 51 65 46 53 50 47 37 18 13 7 2 2 2 1 0 0 0 0 0 0 0 0 0
0 0 0 0 0 0 0 0 0 0 0 0 0 0 0 0 0 0 0 0 0 0 0 0 0 0 0 0 0 0 0 0 0 0 0 0 0 0 0 0 0 0 0 1 3 4 11 14 14 18 30 40 48 50 65 73 56 56 58 53 46 32 15 28 31 33 20 20 25 35 41 52 63 64 47 52 67 65 40 37 30 13 6 3 1 1 1 0 0 0 0 0 0 0 0 1
0 0 0 0 0 0 0 0 0 0 0 0 0 0 0 0 0 0 0 0 0 0 0 0 0 0 0 0 0 0 0 0 0 0 0 0 0 0 0 1 3 0 0 0 1 1 3 29 32 39 18 44 49 65 74 45 46 73 68 64 62 55 37 39 61 51 30 21 26 28 35 38 40 73 72 59 57 66 51 33 24 16 11 3 1 1 0 0 0 0 0 0 0 0 0 1
0 0 0 0 0 0 0 0 0 0 0 0 0 0 0 0 0 0 0 0 0 0 0 0 0 0 0 0 0 0 0 0 0 0 0 0 0 0 0 0 1 3 1 1 1 5 5 20 21 40 52 37 55 61 62 69 65 42 79 79 69 64 48 45 61 54 36 22 30 38 37 48 50 60 71 53 60 61 46 32 27 24 10 4 2 1 0 0 0 0 0 0 0 0 0 1
0 0 0 0 0 0 0 0 0 0 0 0 0 0 0 0 0 0 0 0 0 0 0 0 0 0 0 0 0 0 0 0 0 0 0 0 0 0 0 0 0 1 3 6 10 6 9 4 5 9 12 25 53 58 53 69 56 64 58 80 73 68 54 52 73 37 26 23 20 35 44 60 71 74 53 46 44 47 32 19 16 13 8 4 1 1 0 0 0 0 0 0 0 0 0 0
0 1 0 0 0 0 0 0 0 0 0 0 0 0 0 0 0 0 0 0 0 0 0 0 0 0 0 0 0 0 0 0 0 0 0 0 0 0 0 0 0 0 1 4 5 4 2 1 7 7 13 21 47 42 51 70 76 72 77 72 70 75 70 67 45 24 41 40 18 28 32 46 64 40 33 27 27 26 14 14 16 9 3 2 1 1 1 0 0 0 0 0 0 0 0 0
0 0 0 0 0 0 0 0 0 0 0 0 0 0 0 0 0 0 0 0 0 0 0 0 0 0 0 0 0 0 0 0 0 0 0 0 0 0 0 0 0 0 1 0 1 2 1 5 11 8 10 30 15 37 65 40 74 61 46 49 82 78 74 48 20 27 43 49 35 45 47 36 62 31 40 31 30 26 29 19 13 7 5 4 2 1 1 1 0 0 0 0 0 0 0 0
1 0 0 0 0 0 0 0 0 0 0 0 0 0 0 0 0 0 0 0 0 0 0 0 0 0 0 0 0 0 0 0 0 0 0 0 0 0 0 0 0 0 0 1 1 1 3 6 9 8 12 14 18 33 26 36 39 37 33 35 25 54 63 49 52 29 68 70 59 50 61 69 74 71 59 58 53 46 43 24 18 18 9 8 3 1 1 1 0 0 0 0 0 0 0 0
1 0 0 0 0 0 0 0 0 0 0 0 0 0 0 0 0 0 0 0 0 0 0 0 0 0 0 0 0 0 0 0 0 0 0 0 0 0 0 0 0 0 0 0 1 0 1 3 5 10 10 11 19 19 22 35 32 50 55 44 38 50 65 57 75 47 63 76 73 42 53 77 52 69 73 68 62 51 44 40 29 17 5 3 2 1 1 0 0 0 0 0 0 0 0 0
1 1 1 0 0 0 0 0 0 0 0 0 0 0 0 0 0 0 0 0 0 0 0 0 0 0 0 0 0 0 0 0 0 0 0 0 0 0 0 0 0 0 0 0 0 0 1 4 11 14 13 20 16 33 17 35 35 19 32 46 43 46 70 91 93 76 71 70 62 46 49 28 23 39 32 31 28 31 37 32 18 11 7 4 3 1 1 0 0 0 0 0 0 0 0 0
2 2 1 0 0 0 0 0 0 0 0 0 0 0 0 0 0 0 0 0 0 0 0 0 0 0 0 0 0 0 0 0 0 0 0 0 0 0 0 0 0 0 0 0 0 1 1 1 5 4 8 8 6 11 24 28 10 15 27 46 53 52 50 62 43 77 60 68 30 23 57 65 58 53 47 48 37 18 9 14 16 6 5 9 3 2 1 0 0 0 0 0 0 0 0 0
2 2 1 0 0 0 0 0 0 0 0 0 0 0 0 0 0 0 0 0 0 0 0 0 0 0 0 0 0 0 0 0 0 0 0 0 0 0 0 0 0 0 0 0 1 1 1 1 2 2 3 1 1 1 2 3 6 20 23 29 49 55 43 44 33 46 41 18 49 45 26 46 73 68 37 35 48 47 52 37 25 10 2 4 5 1 1 1 0 0 0 0 0 0 0 0
2 2 0 0 0 0 0 0 0 0 0 0 0 0 0 0 0 0 0 0 0 0 0 0 0 0 0 0 0 0 0 0 0 0 0 0 0 0 0 0 0 0 0 0 1 1 1 0 0 1 0 1 1 2 3 4 8 7 24 19 30 23 29 21 18 16 36 31 44 49 42 28 29 52 28 28 53 66 49 35 17 7 4 5 3 1 0 0 0 0 0 0 0 0 0 0
2 1 1 0 0 0 0 0 0 0 0 0 0 0 0 0 0 0 0 0 0 0 0 0 0 0 0 0 0 0 0 0 0 0 0 0 0 0 0 0 0 0 0 0 0 0 0 0 1 1 1 3 4 7 9 14 10 19 8 8 18 43 45 34 50 48 48 34 54 43 56 58 28 43 41 50 59 45 29 15 9 6 3 2 1 0 0 0 0 0 0 0 0 0 0 1
2 1 1 1 1 1 0 0 0 0 0 0 0 0 0 0 0 0 0 0 0 0 0 0 0 0 0 0 0 0 0 0 0 0 0 0 0 0 0 0 0 0 0 0 0 0 1 1 1 1 1 5 12 14 15 25 27 21 32 16 26 41 69 65 50 64 59 57 47 50 63 72 35 45 35 41 68 54 36 27 13 8 3 2 2 1 1 1 1 0 0 0 0 0 0 1
1 1 1 2 1 0 0 0 0 0 0 0 0 0 0 0 0 0 0 0 0 0 0 0 0 0 0 0 0 0 0 0 0 0 0 0 0 0 0 0 0 0 0 0 0 0 1 2 3 2 5 11 11 15 21 25 33 34 43 45 34 48 50 63 67 71 64 62 39 27 31 31 25 28 44 55 41 28 20 10 12 9 3 1 0 0 1 0 0 0 0 0 0 0 0 1
1 2 3 2 1 0 0 0 0 0 0 0 0 0 0 0 0 0 0 0 0 0 0 0 0 0 0 0 0 0 0 0 0 0 0 0 0 0 0 0 0 0 0 0 0 0 1 2 5 9 20 20 12 14 31 46 33 40 61 60 52 39 46 61 50 39 49 44 27 48 52 32 22 28 37 28 28 16 14 11 8 2 1 1 1 1 1 0 0 0 0 0 0 0 0 0
1 3 2 3 2 1 1 1 1 1 0 0 0 0 0 0 0 0 0 0 0 0 0 0 0 0 0 0 0 0 0 0 0 0 0 0 0 0 0 0 0 0 0 0 0 1 0 1 2 2 9 23 40 35 28 53 40 52 72 70 73 37 30 31 32 35 40 51 24 54 45 45 30 26 13 12 10 4 6 6 4 4 5 2 4 1 0 1 0 0 0 0 0 0 0 0
4 4 4 5 3 2 2 1 1 1 0 0 0 0 0 0 0 0 0 0 0 0 0 0 0 0 0 0 0 0 0 0 0 0 0 0 0 0 0 1 1 1 1 1 1 1 1 1 2 3 4 9 18 51 53 48 70 65 50 63 75 75 62 41 27 16 30 50 31 54 58 46 27 18 20 29 21 29 29 19 13 17 10 4 2 1 1 0 0 0 0 0 0 1 1 1
13 6 4 2 4 3 2 1 1 0 0 0 0 0 0 0 0 0 0 0 0 0 0 0 0 0 0 0 0 0 0 0 0 0 0 0 0 0 0 1 2 1 3 2 1 1 2 3 6 7 11 20 29 31 41 45 60 68 68 70 48 61 51 75 70 36 28 38 57 67 62 61 56 50 23 32 46 60 44 33 25 11 2 1 1 1 0 0 0 0 0 0 0 1 1 1
19 10 4 1 2 2 1 1 0 0 0 0 0 0 0 0 0 0 0 0 0 0 0 0 0 0 0 0 0 0 0 0 0 0 0 0 0 0 0 0 1 2 3 5 3 2 5 5 8 15 13 27 37 35 41 49 35 41 64 61 63 62 36 48 44 44 22 53 62 52 51 43 40 48 41 64 43 33 45 33 20 6 5 3 1 1 0 0 0 0 0 0 0 1 1 4
13 9 2 1 1 1 0 0 0 0 0 0 0 0 0 0 0 0 0 0 0 0 0 0 0 0 0 0 0 0 0 0 0 0 0 0 0 1 1 1 1 3 4 6 6 3 7 12 18 20 18 48 45 42 45 48 52 17 20 27 17 25 46 51 27 53 54 73 33 25 27 28 37 53 69 68 60 26 34 16 11 8 4 2 1 1 0 0 0 0 0 0 0 1 1 2
10 4 1 1 0 0 0 1 0 0 1 0 0 0 0 0 0 0 0 0 0 0 0 0 0 0 0 0 0 0 0 0 0 0 1 1 1 1 1 2 4 3 8 9 10 5 7 15 19 27 35 44 42 50 52 36 32 38 44 44 41 49 45 41 46 11 35 18 18 20 45 68 69 68 58 63 62 53 36 20 17 6 5 2 1 1 0 0 0 0 0 0 0 0 1 1
18 8 6 3 3 1 2 1 1 1 0 0 0 0 0 0 0 0 0 0 0 0 0 0 0 0 0 0 0 0 0 0 0 0 1 1 1 1 1 1 1 2 1 1 4 10 18 20 25 24 30 42 44 48 47 61 50 20 66 69 49 45 41 39 49 23 37 43 54 48 63 65 70 79 68 49 61 41 40 17 15 13 5 2 1 0 0 0 0 0 1 1 1 1 1 2
24 15 18 10 3 0 0 1 1 1 0 0 0 0 0 0 0 0 0 0 0 0 0 0 0 0 0 0 0 0 0 1 0 0 1 2 2 2 3 1 2 3 3 2 2 3 14 30 36 40 25 27 44 49 52 54 54 70 54 44 51 65 69 69 41 20 41 55 60 61 66 44 56 56 51 53 54 58 49 40 26 11 6 2 1 0 0 0 0 0 1 0 1 2 3 6
37 28 9 2 1 0 2 2 1 0 0 1 1 0 0 0 0 0 0 0 0 0 0 0 0 0 0 0 0 1 1 1 0 1 1 2 4 4 5 2 6 4 7 6 3 4 5 11 41 61 39 27 43 58 52 51 57 47 66 67 50 52 69 68 31 37 24 16 54 74 74 70 66 65 48 60 58 50 29 27 15 8 10 3 1 0 0 0 0 0 1 1 1 1 3 6
32 12 6 2 1 2 3 1 1 0 0 0 0 0 0 0 0 0 0 0 0 0 0 0 0 0 0 0 1 1 1 1 1 0 0 1 1 3 5 5 11 14 8 14 14 5 6 29 41 54 44 29 36 38 64 50 45 54 37 41 44 64 65 54 45 39 46 48 43 32 60 71 67 78 66 49 68 46 23 17 17 8 1 5 1 0 0 0 0 0 1 1 1 1 2 2
11 14 13 4 3 5 2 2 2 1 1 0 0 0 0 0 0 0 0 0 0 0 0 0 0 0 0 0 1 1 2 2 1 1 1 1 1 2 1 7 12 21 20 11 28 12 12 39 44 26 63 31 42 40 43 74 63 55 79 68 41 43 53 59 41 43 37 30 41 63 64 70 69 53 70 50 35 26 33 10 13 8 2 1 1 0 0 0 0 0 1 1 2 5 5 3
17 16 17 16 10 8 5 3 1 1 0 0 0 0 0 0 0 0 0 0 0 0 0 0 0 0 0 0 0 1 1 1 2 3 2 1 2 2 2 4 6 15 19 35 28 23 21 44 39 33 57 60 23 41 46 25 24 26 53 55 62 29 38 45 39 57 48 55 42 58 69 60 44 57 40 55 36 35 24 16 12 1 0 0 0 0 0 0 0 0 1 1 3 7 6 6
43 35 30 15 11 6 2 2 1 0 0 0 1 0 0 0 0 0 0 0 0 0 0 0 0 0 0 0 0 1 2 2 3 4 5 4 2 2 6 4 8 7 12 44 46 40 32 50 22 26 45 30 30 34 40 51 30 28 29 30 31 58 62 55 47 29 50 55 33 26 15 20 27 20 33 28 33 31 17 11 6 2 0 0 0 0 0 0 0 1 1 1 2 3 5 8
46 31 19 20 10 2 1 1 1 1 1 1 1 0 0 0 0 0 0 0 0 0 0 0 0 0 0 1 1 0 2 4 6 7 7 13 3 2 5 9 10 13 19 33 54 39 28 48 59 57 40 57 82 43 50 54 43 30 29 39 17 21 37 43 59 22 28 38 61 57 38 29 22 5 4 8 12 12 14 7 3 2 1 0 0 0 0 0 0 0 1 1 2 1 3 3
38 21 13 11 5 4 2 1 1 2 1 0 0 0 0 0 0 0 0 0 0 0 0 0 0 0 1 1 1 2 2 5 16 11 6 18 7 5 7 8 15 16 29 33 50 39 25 41 62 75 53 56 73 67 42 54 55 53 34 40 48 42 35 34 60 19 44 69 60 62 60 56 35 27 17 10 3 5 5 7 3 1 0 0 0 0 0 0 1 1 1 1 1 2 5 8
20 17 20 9 7 5 3 5 1 0 0 0 0 1 0 0 0 0 0 0 0 0 0 0 0 0 1 1 3 3 9 11 18 22 22 11 20 12 10 14 29 31 36 43 27 45 65 46 37 22 50 49 28 62 63 47 59 52 35 21 28 52 37 34 41 59 58 54 61 63 65 50 30 44 37 30 16 9 4 2 2 0 0 0 0 0 0 0 0 1 1 1 2 2 3 4
40 22 27 14 10 21 9 2 1 0 1 1 1 0 0 0 0 0 0 0 0 0 0 0 0 0 1 2 3 4 8 20 40 41 36 34 23 39 31 20 39 54 41 25 35 59 68 65 42 45 45 61 58 41 49 51 52 46 46 33 19 39 45 19 17 30 42 54 57 62 70 80 57 39 42 36 45 15 5 1 1 0 0 0 0 0 0 0 0 1 1 1 2 3 3 5
38 30 13 9 8 3 5 4 3 3 2 0 0 0 0 0 0 0 0 0 0 0 0 0 0 0 1 1 2 3 4 16 31 60 52 25 35 53 54 27 36 68 47 42 29 54 69 67 79 62 51 49 64 76 61 31 56 65 60 33 23 19 19 16 40 27 65 72 82 56 36 61 65 28 8 12 18 17 4 1 0 0 0 0 0 0 0 0 0 1 1 1 2 3 4 5
20 24 18 8 3 1 1 3 1 1 1 0 0 0 0 0 0 0 0 0 0 0 0 1 1 1 2 1 2 1 3 7 17 43 69 25 21 68 68 37 37 62 69 44 44 57 57 69 74 69 25 25 51 61 40 38 51 50 51 66 29 23 26 30 30 50 25 20 41 84 52 26 30 30 8 4 5 14 4 1 0 0 0 0 0 0 0 0 0 1 1 1 2 2 6 9
22 17 10 7 7 7 2 2 1 1 0 0 0 0 0 0 0 0 0 0 0 0 0 0 1 1 2 2 3 5 3 6 9 19 43 69 37 39 77 73 46 48 72 58 45 55 57 69 79 75 57 27 71 58 52 42 33 14 18 32 22 13 10 37 36 31 32 53 53 62 59 28 19 5 3 1 0 3 3 1 0 0 0 0 0 0 0 0 0 1 1 1 2 2 2 4
10 7 4 6 4 4 1 2 1 1 0 0 0 0 0 0 0 0 0 0 0 0 0 0 1 1 1 1 2 2 9 7 11 10 30 54 81 45 30 72 68 53 77 61 41 52 56 69 59 65 72 40 38 45 36 56 26 25 19 16 15 29 28 50 30 43 50 44 39 63 55 30 16 17 6 2 0 0 1 1 0 0 0 0 0 0 0 0 0 1 1 2 4 5 5 5
14 11 15 20 6 5 1 2 1 0 0 0 0 0 0 0 0 0 0 0 0 0 0 0 0 1 1 2 3 3 13 29 52 47 57 73 71 67 56 42 44 69 70 55 40 43 61 68 68 48 72 41 42 42 42 54 43 20 25 43 27 25 30 45 79 61 66 59 46 46 21 29 28 23 10 4 1 0 0 0 0 0 0 0 0 0 0 0 0 0 1 1 3 4 8 11
23 20 14 9 6 5 2 1 1 0 0 0 0 0 0 0 0 0 0 0 0 0 0 0 0 0 0 0 1 6 11 20 31 40 20 23 46 72 72 73 40 37 78 60 41 52 49 35 70 48 33 51 21 41 26 24 48 19 27 31 26 21 44 41 63 56 41 41 31 29 46 45 46 25 17 5 0 0 0 0 0 0 0 0 0 0 0 0 0 0 1 0 1 1 3 7
4 5 6 6 3 3 3 2 1 0 0 0 0 0 0 0 0 0 0 0 0 0 0 0 0 0 0 1 2 2 8 5 5 9 26 48 60 43 62 81 81 68 68 56 64 41 42 34 22 25 36 18 40 27 45 16 18 28 15 17 11 19 20 28 21 19 33 51 49 60 65 51 24 14 3 6 2 1 0 0 0 0 0 0 0 0 0 0 0 1 1 2 2 1 4 9
3 2 3 3 1 1 3 2 1 1 1 0 0 0 0 0 0 0 0 0 0 0 0 0 0 0 0 0 1 1 3 6 6 19 31 44 42 50 48 75 57 44 44 54 66 61 61 33 27 56 28 34 19 35 52 25 13 12 25 12 24 24 55 50 52 45 59 64 65 64 66 40 30 13 2 1 1 0 0 0 0 0 0 0 0 0 1 0 1 0 0 1 1 2 2 3
6 5 4 2 1 0 1 2 1 1 0 0 0 0 0 0 0 0 0 0 0 0 0 0 0 0 0 0 0 1 1 5 9 31 41 46 51 43 47 36 46 38 37 31 42 53 73 38 32 32 16 16 31 41 45 32 30 29 14 23 58 32 52 77 59 57 61 60 61 75 70 64 36 13 4 1 0 0 0 0 0 0 0 0 0 0 0 1 0 1 1 1 2 4 4 6
13 12 5 3 2 2 2 2 1 0 0 0 0 0 0 0 0 0 0 0 0 0 1 1 0 0 0 0 1 1 1 2 10 22 56 55 38 54 46 36 47 50 51 49 41 32 22 58 44 27 29 25 24 29 6 47 34 15 16 33 51 57 47 81 78 82 81 49 30 25 60 63 77 35 4 2 1 0 0 0 0 0 0 0 0 0 1 0 1 1 1 3 2 4 8 6
19 8 7 13 9 4 2 2 1 0 0 0 0 0 0 0 0 0 0 1 1 0 0 1 1 1 0 1 1 2 2 2 8 19 40 31 52 40 41 36 49 46 37 55 37 24 26 21 28 16 36 25 15 17 28 12 9 20 12 47 66 60 54 83 89 81 81 90 77 52 39 36 49 27 18 4 2 0 0 0 0 0 0 0 0 0 0 1 1 1 1 2 5 4 5 13
5 2 1 7 4 2 2 1 0 0 0 0 0 0 0 0 0 0 0 0 1 2 2 2 2 1 2 2 2 2 3 4 5 17 24 23 21 34 40 36 57 50 51 63 43 38 37 30 38 16 47 20 10 7 25 35 4 10 35 33 43 31 20 59 84 69 72 84 91 77 24 9 5 7 8 1 0 0 0 0 0 0 0 0 0 0 0 0 0 1 3 2 3 3 6 9
