sesion_6_simulaciones/modelos_agentes/ejemplos_netlogo/scenarios/cgcm2_b2/rob_2050.asc
NCOLS 322 
NROWS 307 
XLLCORNER 451900 
YLLCORNER 4086900 
CELLSIZE 100 
NODATA_value -9999 
[rows 0 to 73 of 307, columns 192 to 287 of 322]
41 38 20 11 31 56 30 14 13 16 17 6 4 3 4 3 2 2 3 2 2 2 1 1 2 4 2 4 5 16 4 1 1 0 0 0 0 0 0 1 2 1 1 4 6 8 6 13 26 34 20 26 33 43 43 56 43 81 50 41 9 14 20 47 58 44 60 55 28 39 23 12 17 21 41 24 21 40 56 29 16 17 16 18 15 11 30 26 26 28 11 25 37 61 22 7
52 31 37 33 38 57 19 27 37 21 13 10 14 12 7 5 7 1 2 3 4 2 1 1 1 5 1 2 1 2 13 5 1 0 0 0 0 0 1 1 1 0 0 1 2 3 7 8 19 61 75 58 40 44 45 43 70 66 66 22 27 16 48 43 54 50 58 43 45 21 7 25 12 20 52 26 52 39 36 35 29 34 34 19 14 6 18 28 30 27 17 30 27 31 17 14
32 58 39 37 58 50 36 16 10 23 22 22 32 31 15 23 14 10 16 14 11 4 2 1 0 1 1 0 0 1 1 4 3 1 1 0 0 0 0 0 0 0 1 4 4 8 9 14 23 41 48 47 58 50 65 73 40 34 45 25 23 32 43 32 37 63 32 28 21 28 15 16 14 20 60 24 57 50 27 41 30 26 31 30 14 5 12 16 29 22 16 44 24 39 15 3
42 43 65 54 42 37 34 33 32 51 28 45 58 44 34 48 30 14 20 28 16 12 7 3 2 1 0 0 0 0 0 1 0 0 0 0 0 0 0 0 1 1 1 1 2 11 10 13 5 13 11 15 29 58 47 53 51 19 27 33 36 21 25 45 34 57 46 39 51 21 30 25 8 9 42 25 31 24 32 39 30 30 30 31 16 5 10 23 38 17 28 25 23 35 11 2
31 23 45 15 48 55 51 35 49 45 41 31 33 26 34 53 36 39 39 38 32 12 8 8 4 4 2 3 2 0 0 0 0 0 0 0 0 0 0 0 0 1 1 2 1 3 3 7 25 45 52 45 45 40 64 65 30 24 8 10 34 35 29 44 46 56 37 27 17 12 9 8 11 7 21 21 17 28 53 61 52 20 20 40 34 23 3 19 23 30 30 16 32 45 16 3
33 26 42 37 24 31 50 25 48 37 24 31 11 29 38 40 44 40 13 12 22 11 6 10 8 6 3 5 3 1 1 0 0 0 0 0 0 0 0 0 0 1 1 3 8 18 25 35 37 25 32 36 47 60 79 54 34 25 8 43 65 66 60 61 45 65 28 36 42 34 42 29 23 16 11 16 23 20 33 27 39 62 44 32 33 22 7 14 19 23 11 16 29 29 18 5
24 13 14 31 22 17 46 17 12 23 30 54 27 13 25 37 30 33 16 5 7 17 21 24 9 7 9 5 4 3 2 1 1 1 1 0 0 0 0 0 0 1 2 3 13 9 14 21 42 33 43 76 38 64 68 36 25 26 13 32 49 59 58 58 69 63 50 44 44 19 29 27 18 27 23 11 4 16 36 40 29 53 33 16 8 30 9 8 10 10 11 24 42 53 14 12
17 12 12 15 32 23 38 47 13 6 12 17 36 9 3 11 6 13 16 7 6 10 5 10 10 7 8 4 6 5 4 4 3 3 2 1 1 1 0 0 0 2 3 6 11 15 22 42 66 61 60 38 56 50 56 27 17 7 15 21 32 31 29 27 26 56 33 26 45 27 25 19 23 26 25 15 5 22 43 22 47 61 38 16 9 22 16 7 8 18 21 22 49 32 18 14
31 23 20 10 16 14 23 47 48 19 8 7 14 22 9 7 3 12 17 10 8 14 3 6 18 10 8 8 7 11 9 8 7 6 3 2 1 0 0 0 1 1 3 5 21 18 12 29 35 49 36 29 65 43 41 15 8 38 62 51 64 53 58 46 55 76 45 34 16 16 24 20 21 20 15 9 6 11 15 27 40 54 41 24 10 10 10 6 6 21 17 26 24 33 16 23
22 21 20 11 9 5 19 18 40 30 19 10 9 11 12 5 5 3 13 12 11 15 4 4 10 8 8 5 3 7 1 3 6 7 4 1 1 0 0 0 0 1 2 5 11 4 5 29 14 12 14 71 40 40 20 9 21 50 61 74 53 82 67 43 59 33 58 46 44 19 19 28 24 11 8 6 4 8 30 17 10 40 43 37 17 7 13 4 6 7 10 31 20 32 17 45
28 24 23 19 9 5 3 3 6 15 9 6 5 13 7 4 6 1 2 8 5 13 15 3 4 4 15 4 1 4 7 1 0 0 1 3 1 0 0 0 1 1 4 9 2 8 12 13 4 7 45 47 18 26 10 7 21 39 40 55 76 77 48 29 33 49 59 60 65 48 56 36 29 23 12 9 3 3 9 20 23 48 67 36 36 11 6 8 2 8 24 10 16 13 13 54
50 32 15 17 15 13 8 5 3 3 3 3 5 4 4 3 2 5 3 2 7 9 9 4 1 2 9 5 1 1 6 6 1 0 0 0 2 1 0 0 2 3 3 1 1 1 6 1 4 26 53 32 13 10 4 22 30 28 37 78 59 53 14 27 41 45 67 65 55 63 45 35 39 37 32 19 5 4 15 18 19 66 39 51 33 22 7 4 3 13 13 7 22 7 24 57
56 41 38 49 38 34 27 13 23 13 9 5 2 2 1 1 2 7 5 2 1 3 3 3 1 2 3 2 2 1 1 2 1 0 0 0 1 1 0 0 1 2 1 3 3 3 11 1 7 30 23 7 1 9 28 42 47 55 79 67 18 25 30 22 22 24 41 40 62 43 23 34 51 51 43 20 6 2 13 21 48 52 20 28 42 24 10 2 3 12 11 7 23 7 19 27
65 61 58 60 56 50 35 30 26 23 20 17 6 4 2 1 1 1 1 1 1 1 0 1 1 1 2 2 1 0 0 1 1 1 0 0 0 1 0 1 1 1 1 0 1 5 2 2 10 6 3 1 3 12 18 27 56 51 45 11 45 64 59 47 48 27 24 21 58 48 61 69 45 30 22 20 9 3 7 16 43 18 12 27 57 25 15 5 2 4 4 6 11 5 15 11
23 59 64 64 54 57 35 42 17 16 27 15 10 10 8 6 4 2 0 0 0 0 0 1 1 1 1 0 0 0 0 1 1 0 0 0 0 1 1 0 0 1 1 0 0 1 1 1 2 2 1 1 3 6 15 27 28 8 29 46 61 59 56 78 82 70 63 46 49 60 62 53 58 39 18 13 5 3 6 16 21 9 6 35 53 54 27 27 8 2 3 5 5 5 19 15
31 48 62 41 47 71 52 28 43 28 18 23 18 22 20 10 6 2 1 1 1 0 0 0 1 0 0 0 0 0 0 1 1 1 0 0 0 0 0 1 0 0 0 0 0 0 1 2 1 1 2 2 2 6 9 14 7 31 37 42 56 69 79 69 63 73 41 32 68 20 47 76 53 38 40 36 30 13 5 14 17 8 3 7 21 48 10 6 7 7 1 6 3 5 17 14
57 13 62 39 36 58 70 72 34 16 24 20 31 24 17 11 10 6 4 3 2 2 1 0 0 0 1 1 0 0 0 0 0 0 1 0 0 0 0 1 0 0 0 0 0 0 0 0 1 4 3 8 7 5 5 16 30 31 38 42 65 53 73 63 66 41 31 58 45 35 37 21 53 34 57 59 55 29 18 5 28 13 9 2 6 22 32 6 2 3 1 1 3 6 4 4
31 9 42 22 38 47 57 31 63 65 36 40 41 11 10 8 13 11 6 4 3 3 2 1 1 1 2 1 1 1 0 0 0 0 0 0 0 0 0 0 0 0 0 0 0 0 1 2 3 3 5 13 14 16 7 17 21 52 52 54 75 54 49 44 30 28 46 60 48 30 17 19 46 52 58 54 59 54 29 7 5 11 11 6 2 7 16 10 6 1 2 0 3 5 2 2
19 20 23 24 15 35 47 21 23 58 27 48 64 33 17 11 18 27 23 12 9 4 1 1 2 1 2 2 3 1 1 1 1 0 0 0 0 0 0 0 0 0 0 0 0 1 2 3 3 4 10 17 15 11 20 25 36 36 29 48 67 26 13 9 27 31 28 77 65 22 22 15 49 46 14 28 66 52 49 27 5 4 18 9 4 2 7 9 9 3 1 1 4 2 0 0
20 7 11 18 10 17 50 16 10 30 40 53 53 34 38 28 6 11 13 19 8 5 4 3 3 3 3 4 4 4 2 1 1 1 1 0 0 0 0 0 0 0 0 0 2 2 3 5 2 8 15 12 22 22 29 32 10 9 21 44 69 23 10 34 49 44 59 65 47 36 21 9 18 49 39 13 28 38 45 38 24 5 4 10 7 2 1 4 10 6 0 0 2 0 2 4
43 11 12 12 3 9 32 14 21 13 31 18 33 10 16 20 5 3 10 25 10 13 6 3 10 7 4 2 3 2 1 1 1 1 1 1 0 0 0 0 0 0 1 2 2 3 2 2 6 17 10 16 30 42 56 54 34 26 40 49 49 13 15 49 49 45 44 20 43 44 27 8 10 21 54 26 10 14 60 28 19 5 2 4 6 1 2 6 3 3 0 0 0 1 4 16
18 3 14 12 3 2 9 29 3 9 33 25 30 14 9 4 5 1 3 20 20 10 6 5 3 3 1 1 1 1 1 1 1 1 1 1 0 0 0 0 0 0 1 1 1 2 2 5 7 8 6 12 20 55 67 72 71 60 45 39 21 11 29 40 60 54 45 25 20 39 16 7 9 15 47 27 10 10 17 36 19 10 3 2 6 2 3 4 2 1 1 4 1 3 13 22
26 4 20 26 5 4 5 12 3 2 26 13 9 4 2 5 5 3 1 2 3 9 18 17 5 1 4 1 0 1 1 0 0 0 1 1 1 0 0 0 0 1 1 2 1 1 0 2 1 2 2 8 22 19 38 61 46 34 18 61 24 12 31 41 41 48 69 39 30 13 7 7 20 35 60 25 10 11 19 46 19 6 3 1 2 4 3 4 1 1 3 15 7 8 8 19
15 9 8 20 2 4 7 11 7 2 2 2 2 9 2 2 6 5 2 3 3 3 10 6 5 1 2 3 1 0 0 0 0 0 0 0 1 0 0 0 0 0 0 1 0 0 1 1 3 3 2 7 8 13 17 13 10 26 51 30 10 21 36 34 52 69 48 35 32 20 7 11 21 38 40 17 14 9 16 35 24 20 7 1 1 2 2 4 1 1 4 3 11 23 13 17
4 3 5 5 3 1 7 12 3 1 2 1 1 3 5 2 3 4 3 1 1 2 2 2 1 1 1 3 2 1 0 0 0 0 0 0 0 0 0 0 0 0 1 1 1 2 3 3 3 4 8 4 4 2 3 8 25 29 59 20 8 33 29 28 54 75 40 46 38 18 11 11 20 48 30 14 16 7 11 21 19 17 14 5 1 1 3 1 1 5 8 9 10 11 48 19
1 2 1 3 1 1 7 8 3 1 1 1 1 1 3 3 1 1 2 1 1 1 1 1 1 1 0 2 4 0 0 0 0 0 0 0 0 0 0 0 0 0 0 0 1 1 3 1 1 4 6 13 11 23 17 22 24 46 42 7 16 28 24 19 44 56 33 34 27 20 9 9 20 49 18 22 16 5 4 7 10 16 8 2 2 1 1 1 4 14 19 21 32 21 16 42
1 1 0 1 0 2 4 3 1 0 0 1 1 0 0 1 2 1 1 1 0 0 0 1 0 0 0 0 1 1 1 0 0 0 0 0 0 0 0 0 0 0 0 0 1 1 1 1 3 3 9 11 12 23 35 52 60 68 25 6 18 26 20 26 67 59 15 29 27 16 8 5 15 44 17 12 9 8 1 3 9 14 4 2 1 0 1 4 13 14 19 21 30 42 61 37
0 0 0 0 0 0 0 0 0 0 0 0 0 0 0 0 0 0 1 1 0 0 0 0 0 0 1 0 0 0 1 0 0 0 0 0 0 0 0 0 0 0 0 0 0 0 1 1 1 7 6 9 15 22 35 64 44 31 5 19 28 22 42 54 79 38 38 17 15 14 12 6 20 45 23 11 9 8 1 3 7 11 6 6 2 0 1 4 5 4 5 6 7 13 32 38
0 0 0 0 0 0 0 0 0 0 0 0 0 0 0 0 0 0 0 0 0 0 0 0 0 0 0 0 0 0 0 0 0 0 0 0 0 0 0 0 0 0 1 1 1 1 3 7 2 7 4 6 10 12 49 35 14 4 15 25 28 27 51 74 44 23 30 14 11 11 9 5 12 35 50 20 10 5 2 2 6 13 9 4 1 0 1 2 1 5 7 14 18 19 21 35
0 1 0 1 0 0 0 0 0 0 0 0 0 1 1 0 0 0 0 0 0 0 0 0 0 0 0 0 0 0 0 0 0 0 0 0 0 0 0 0 0 1 1 1 1 2 3 3 8 5 5 5 12 16 43 8 4 9 20 27 25 27 49 73 28 17 16 23 9 4 3 4 22 33 14 32 14 5 1 1 8 6 10 3 1 0 1 4 9 17 10 23 33 33 30 14
1 1 1 1 1 0 0 1 1 1 1 2 2 2 2 2 1 1 1 0 0 0 0 0 0 0 0 0 0 0 0 0 0 0 0 0 0 0 0 0 1 1 1 2 3 4 5 4 7 18 22 20 14 22 11 4 2 14 15 22 13 27 52 57 32 11 14 20 12 6 2 4 26 10 8 37 22 7 2 1 3 3 6 3 1 1 3 4 5 11 13 13 10 12 16 37
2 2 2 2 1 1 1 2 2 2 2 2 4 3 4 3 2 1 1 1 1 1 1 0 0 0 0 0 0 0 0 0 0 0 0 0 0 0 0 1 1 1 1 2 3 5 7 16 12 15 9 39 24 10 13 8 3 11 18 31 35 29 59 21 9 21 22 9 18 5 2 4 9 9 5 33 10 6 2 1 3 3 2 2 0 1 8 13 18 14 12 7 15 19 20 29
6 6 3 4 2 1 1 2 2 2 6 5 5 7 6 3 2 2 2 2 1 2 1 1 1 0 0 0 0 0 0 0 0 0 0 0 0 0 0 1 1 1 1 2 4 6 11 17 13 15 7 4 13 12 15 2 7 11 11 21 21 36 39 41 34 15 10 7 20 12 3 2 8 5 11 32 9 5 3 1 1 2 2 1 1 4 8 25 31 29 35 20 28 40 32 57
8 8 8 4 3 3 2 3 5 7 10 8 9 5 7 5 4 3 2 4 3 3 1 1 1 1 1 0 0 0 1 0 0 0 0 0 0 0 0 0 0 1 1 2 3 9 5 2 16 12 7 4 10 13 1 1 5 7 10 22 34 45 53 21 12 11 14 10 7 9 5 2 7 5 8 14 12 9 3 1 1 1 1 1 2 4 5 7 6 7 11 22 36 37 65 62
12 12 13 11 9 2 2 5 8 12 13 12 13 11 9 9 6 10 7 5 2 1 1 1 1 1 1 1 1 1 0 0 0 0 0 0 0 0 0 0 0 1 2 2 1 2 2 5 4 6 6 1 4 1 2 1 2 4 6 17 37 49 31 45 20 9 9 7 5 9 8 2 2 4 7 9 9 4 2 1 0 1 1 1 4 2 3 6 20 25 28 24 16 60 34 40
23 35 19 6 10 3 6 7 20 16 14 16 16 28 26 13 13 10 5 7 3 2 1 3 3 1 1 1 3 0 0 0 0 0 0 0 0 0 0 0 1 1 2 1 1 2 2 4 3 3 2 1 2 1 2 1 3 9 13 25 20 20 36 45 12 5 4 3 7 5 4 2 1 3 3 9 9 5 2 1 0 0 1 4 9 12 10 10 18 17 17 40 41 52 28 12
42 52 20 16 24 7 5 23 23 34 13 23 31 26 40 21 9 4 11 7 5 3 1 5 1 1 1 3 0 0 0 0 0 0 0 0 0 0 0 0 0 1 0 0 1 3 8 6 5 2 2 1 1 1 2 4 7 5 4 7 12 22 29 45 16 7 6 4 3 2 2 2 1 2 4 4 3 5 2 1 0 1 4 3 8 21 24 30 33 33 20 29 23 25 26 8
34 53 21 20 29 10 11 39 35 40 10 26 47 32 45 19 13 12 17 15 7 2 2 1 1 3 6 0 0 1 1 1 1 0 0 0 0 0 0 0 0 0 0 0 2 5 5 2 6 1 1 1 2 2 3 2 2 1 6 8 9 30 34 27 10 33 30 16 8 6 2 2 1 2 2 1 2 3 1 0 1 3 9 16 18 24 34 30 27 28 30 36 10 3 18 10
56 30 28 22 32 13 15 44 63 39 9 38 60 50 50 45 20 28 39 19 8 3 6 2 6 6 1 1 1 1 1 1 1 1 1 0 0 0 0 0 0 0 0 1 4 2 4 1 1 2 1 1 3 3 3 3 2 5 24 30 27 30 63 26 35 20 24 22 7 3 2 2 1 0 1 2 1 1 0 0 1 3 3 10 11 6 12 6 5 7 5 52 27 9 7 4
78 60 32 25 29 16 26 48 78 31 16 33 61 62 62 29 23 63 23 4 4 13 10 7 7 2 1 1 2 2 1 1 1 1 0 1 0 1 1 0 0 0 0 0 1 1 1 0 0 0 0 1 2 5 4 9 13 14 12 23 44 38 21 42 29 24 7 11 28 6 2 1 1 0 1 1 0 1 0 0 1 4 4 5 5 3 4 9 18 37 50 70 36 9 5 2
73 72 37 39 42 24 31 59 73 40 22 43 82 81 43 51 29 25 7 5 9 30 34 18 8 6 3 2 3 2 1 4 2 1 0 1 1 1 1 0 0 0 0 0 0 0 0 0 0 1 2 2 5 7 7 13 11 10 27 55 54 47 29 40 5 49 32 5 4 15 14 6 2 1 0 0 0 0 0 0 1 2 2 3 3 4 17 25 19 16 24 44 16 8 4 2
73 63 42 54 49 46 35 63 73 46 34 47 82 71 51 36 14 7 2 10 26 33 17 5 4 1 1 6 5 2 3 3 1 1 1 1 1 1 1 0 0 0 0 0 0 0 0 0 0 1 1 2 4 5 5 6 10 26 20 64 41 15 17 63 25 10 35 9 3 2 3 4 5 4 1 0 0 0 0 0 2 2 1 2 4 9 19 16 16 31 16 25 19 11 4 1
75 65 41 59 57 55 51 50 60 42 37 49 63 28 26 18 7 8 6 15 36 12 8 6 3 2 2 10 8 3 10 4 1 1 1 2 2 4 2 1 1 0 1 0 0 0 0 0 0 0 1 1 4 4 10 14 7 22 35 51 8 3 18 52 15 12 7 25 5 1 1 2 4 3 2 2 0 0 0 0 1 2 2 1 3 8 27 11 8 36 11 12 14 3 1 1
47 48 46 63 60 46 63 51 74 77 65 51 45 35 44 38 25 27 13 19 31 15 9 7 4 3 3 13 10 5 11 4 3 2 2 4 3 3 1 1 2 1 1 0 0 0 0 0 0 0 1 2 4 4 4 6 4 12 31 10 6 3 26 49 21 4 2 3 11 3 1 1 1 1 3 1 1 0 0 0 1 1 2 2 8 16 27 10 10 27 8 3 4 7 1 0
63 35 67 75 66 70 68 84 78 89 89 83 45 65 63 56 50 20 17 35 28 13 10 5 5 8 5 14 13 13 8 6 4 5 4 7 10 4 2 1 6 3 0 0 0 0 0 0 0 1 2 2 3 3 2 2 8 25 37 6 3 4 10 41 26 11 3 1 6 5 2 1 1 1 4 1 0 0 0 0 1 2 2 4 6 4 4 3 6 6 10 5 5 4 1 0
56 51 57 67 78 82 86 88 75 72 76 79 83 77 43 40 32 24 25 22 11 13 10 12 18 13 13 35 24 36 11 10 8 11 12 21 19 5 5 4 5 1 1 0 0 0 0 0 0 1 1 1 1 1 1 3 10 15 11 9 3 3 5 49 11 7 7 0 3 6 3 1 0 1 1 1 0 0 0 1 1 2 4 6 4 3 3 2 3 2 4 2 1 1 0 0
66 59 41 44 58 67 78 56 49 44 55 60 63 74 47 39 44 55 42 26 22 25 20 31 45 27 20 43 41 30 16 23 14 18 16 24 14 8 10 3 1 1 1 1 1 1 0 0 0 0 1 1 1 2 2 1 4 3 5 19 4 4 7 16 7 1 5 2 2 2 2 1 1 0 0 4 0 0 0 0 1 1 1 6 3 2 2 1 1 1 1 0 0 0 1 2
72 75 50 28 53 48 50 64 44 51 61 43 59 78 82 66 77 68 47 36 49 45 44 41 48 34 28 53 50 23 29 26 27 26 32 33 18 11 3 1 1 2 1 1 2 1 1 0 0 0 0 1 1 2 2 1 4 4 2 4 4 4 5 11 13 1 2 2 1 3 2 1 1 1 0 0 0 0 0 0 1 1 3 5 2 2 2 1 2 0 0 0 0 1 2 3
53 64 80 46 27 29 54 50 70 35 29 28 65 47 57 91 89 47 66 64 62 57 58 48 49 41 40 65 50 38 37 34 37 52 48 17 4 3 4 3 4 3 2 1 2 2 1 0 0 0 0 1 1 1 2 1 4 2 2 2 2 1 1 4 17 1 1 1 1 1 1 1 1 0 0 0 0 0 0 0 0 1 6 2 1 1 1 1 1 0 0 1 1 1 3 3
74 72 74 79 41 15 17 58 54 46 10 12 25 42 74 80 69 87 88 68 60 76 70 39 58 47 64 54 50 44 50 38 52 66 63 21 15 9 14 10 15 13 5 5 5 1 1 0 0 0 0 0 0 0 2 1 3 3 1 1 1 0 0 1 6 2 1 1 1 1 1 1 1 0 0 0 0 0 0 0 1 1 1 1 0 0 0 0 0 0 1 1 2 3 2 3
59 42 47 87 43 32 25 24 23 28 18 4 19 67 79 77 60 53 80 62 75 76 64 46 69 63 77 70 62 69 50 49 47 45 43 21 19 21 18 18 4 4 10 18 2 1 1 0 0 0 0 0 0 0 0 2 2 4 1 1 1 0 0 2 6 1 1 1 1 1 1 1 0 0 0 0 0 0 0 0 0 1 1 0 0 0 0 1 1 1 2 2 2 3 2 2
27 43 43 81 82 25 27 15 15 14 16 8 22 31 39 46 65 81 61 24 59 27 67 80 91 83 77 52 68 47 58 43 34 19 60 47 43 29 11 8 2 0 12 7 4 2 1 1 0 0 0 0 0 0 0 0 0 1 0 1 1 0 0 1 2 2 1 1 1 0 0 0 0 0 0 0 0 0 0 0 0 0 0 0 0 0 1 1 2 1 2 5 4 3 2 2
17 21 35 37 79 70 33 12 11 10 8 9 15 37 52 57 26 71 67 31 62 52 26 44 64 42 62 37 57 21 12 30 18 16 30 73 53 25 12 40 10 10 10 8 8 3 1 1 1 1 1 0 0 0 0 0 0 0 0 0 0 0 1 1 1 2 1 1 0 0 0 0 0 0 0 0 0 0 0 0 0 0 0 0 0 0 1 1 2 2 2 2 10 4 2 2
7 12 21 5 35 84 34 14 6 5 7 8 7 13 19 33 43 60 37 47 64 39 11 37 56 36 35 28 31 49 35 35 28 12 17 50 63 75 67 55 38 24 20 22 11 4 2 2 3 1 0 0 0 0 0 0 0 0 0 0 0 0 0 1 1 1 1 1 0 0 0 0 0 0 0 0 0 0 0 0 0 0 0 0 0 0 0 1 2 1 1 3 4 4 2 5
13 7 14 36 30 52 75 26 20 5 3 3 4 6 21 15 37 56 8 18 72 56 18 9 63 68 36 23 32 41 15 11 16 10 8 24 41 43 34 13 24 24 11 15 13 10 12 8 3 0 1 1 1 1 1 1 1 0 0 0 0 0 0 0 0 1 1 0 0 0 0 0 0 0 0 0 0 0 0 0 0 0 0 0 0 0 0 0 1 1 2 2 3 4 8 8
19 6 4 19 37 49 74 53 17 11 6 4 3 5 5 3 16 11 10 48 84 27 12 7 9 42 18 21 16 32 28 15 15 14 12 39 23 9 7 5 7 3 3 30 13 21 28 19 5 3 4 3 2 1 1 0 0 0 0 0 0 0 0 0 0 0 1 0 0 0 0 0 0 0 0 0 0 0 0 0 0 0 0 0 0 1 1 1 2 2 2 3 4 5 4 12
36 20 12 7 7 11 21 54 20 19 7 3 2 3 6 3 9 7 22 21 77 26 12 9 5 10 10 13 5 22 27 9 7 8 12 23 19 5 2 4 4 3 3 7 15 11 8 3 3 3 2 2 1 2 2 0 0 0 0 0 0 0 0 0 0 0 0 0 0 0 0 0 0 0 0 0 0 0 0 0 0 0 0 0 0 0 1 4 1 3 4 5 7 7 10 15
14 12 21 6 5 21 21 51 47 21 13 3 2 1 2 3 4 7 8 23 54 72 31 12 3 3 7 2 4 17 27 10 5 6 4 4 6 3 2 3 2 2 2 3 16 8 8 2 1 1 1 0 0 0 1 0 0 0 0 0 0 0 0 0 0 0 0 0 0 0 0 0 0 0 0 0 0 0 0 0 0 0 0 0 0 0 2 3 4 5 6 5 6 12 10 18
27 17 5 3 4 9 15 25 41 17 7 4 1 1 1 3 1 3 11 50 39 55 34 20 8 2 9 7 2 2 11 6 6 4 1 2 3 7 2 2 2 1 1 2 6 8 10 4 2 1 1 0 0 0 0 0 0 0 0 0 0 0 0 0 0 0 0 0 0 0 0 0 0 0 0 0 0 0 0 0 0 0 0 0 0 1 1 3 2 2 1 2 4 8 10 6
38 28 8 3 1 7 7 14 31 24 5 4 2 1 2 2 1 7 21 36 11 24 31 8 5 4 2 4 5 1 4 6 2 2 1 2 2 1 1 1 2 2 1 1 2 7 11 5 3 1 1 0 0 0 0 0 0 0 0 0 0 0 0 0 0 0 0 0 0 0 0 0 0 0 0 0 0 0 0 0 0 0 0 0 1 1 1 1 1 1 1 2 4 5 5 5
39 25 10 7 2 2 5 8 41 5 5 2 1 1 1 1 1 4 19 8 1 11 57 7 4 4 2 2 2 4 3 2 1 1 1 1 1 0 0 1 2 1 0 0 1 3 9 4 4 1 1 0 0 0 0 0 0 0 0 0 0 0 0 0 0 0 0 0 0 0 0 0 0 0 0 0 0 0 0 0 0 0 0 0 0 0 2 2 1 1 2 2 3 5 6 3
33 22 11 4 3 2 4 5 24 7 1 3 2 1 1 1 1 6 6 3 11 20 42 19 5 2 3 4 1 5 3 2 2 1 1 1 1 1 0 1 0 0 1 2 3 5 7 5 10 5 2 1 0 0 0 0 0 0 0 0 0 0 0 0 0 0 0 0 0 0 0 0 0 0 0 0 0 0 0 0 0 0 0 0 0 1 1 1 2 2 3 2 4 2 6 7
26 13 8 4 3 3 1 2 6 20 4 1 2 1 1 0 1 3 2 4 4 11 38 16 6 6 2 2 2 5 2 1 1 1 0 0 1 1 0 0 0 0 1 4 2 2 6 3 6 6 4 1 1 0 0 0 0 0 0 0 0 0 0 0 0 0 0 0 0 0 0 0 0 0 0 0 0 0 0 0 0 0 0 0 0 0 1 1 1 2 2 6 4 5 11 8
21 16 6 3 3 2 1 2 3 8 6 1 1 1 1 1 1 1 1 2 4 12 41 13 8 3 4 1 1 3 1 0 1 1 1 0 0 0 0 0 0 0 2 3 1 2 2 1 4 3 2 2 1 1 0 0 0 0 0 0 0 0 0 0 0 0 0 0 0 0 0 0 0 0 0 0 0 0 0 0 0 0 0 0 0 0 0 0 1 2 1 3 2 1 3 5
66 36 12 2 1 2 1 1 2 4 7 2 1 1 1 0 0 1 1 1 4 6 27 11 3 2 2 2 1 1 2 0 0 0 0 1 0 0 0 0 1 1 1 0 1 1 1 1 2 3 3 3 4 1 1 0 0 0 0 0 0 0 0 0 0 0 0 0 0 0 0 0 0 0 0 0 0 0 0 0 0 0 0 0 0 0 0 0 0 1 2 4 2 2 3 1
17 53 31 9 2 1 1 1 2 2 10 3 1 1 0 0 0 0 1 1 2 4 12 13 3 1 1 1 1 1 1 1 1 0 0 0 0 0 0 0 1 2 1 0 1 1 1 1 2 2 1 1 1 2 1 1 0 0 0 0 0 0 0 0 0 0 0 0 0 0 0 0 0 0 0 0 0 0 0 0 0 0 0 0 0 0 0 0 0 1 1 2 2 2 2 4
4 45 7 30 12 4 1 1 1 2 5 1 1 0 0 0 0 0 0 1 2 5 5 11 5 2 1 1 1 1 1 1 1 0 0 0 0 0 0 0 1 1 1 0 0 1 0 0 2 3 1 1 1 1 3 1 1 0 0 0 0 0 0 0 0 0 0 0 0 0 0 0 0 0 0 0 0 0 0 0 0 0 0 0 0 0 0 0 1 1 1 1 1 2 3 3
8 9 5 20 7 7 2 0 0 1 2 2 0 0 0 0 0 0 0 1 1 1 8 9 9 4 2 2 0 0 0 0 0 0 0 0 0 0 0 0 1 0 0 0 0 1 0 0 2 2 1 0 0 0 1 1 1 0 0 0 0 0 0 0 0 0 0 0 0 0 0 0 0 0 0 0 0 0 0 0 0 0 0 0 0 0 0 0 0 0 1 1 2 3 4 5
8 7 5 3 4 2 6 1 0 0 1 1 0 0 0 0 0 0 0 0 2 6 10 10 11 5 2 1 1 0 0 0 0 0 0 0 0 0 0 0 0 0 0 0 0 1 1 1 3 2 2 0 0 0 0 0 0 0 0 0 0 0 0 0 0 0 0 0 0 0 0 0 0 0 0 0 0 0 0 0 0 0 1 0 0 0 0 0 1 0 0 1 1 1 2 2
7 4 5 3 3 1 1 2 0 0 0 1 1 0 0 0 0 0 0 1 3 4 7 5 5 7 1 1 1 0 0 0 0 0 0 0 0 0 0 0 0 0 0 0 0 0 0 0 1 2 1 0 0 0 0 0 0 0 0 0 0 0 0 0 0 0 0 0 0 0 0 0 0 0 0 0 0 0 0 0 1 1 0 1 1 1 1 1 1 0 0 0 1 2 2 3
4 5 6 3 1 1 1 1 0 0 0 0 0 0 0 0 0 0 1 2 1 1 3 3 3 3 2 1 1 0 0 0 0 0 0 0 0 0 0 0 0 0 0 0 0 0 0 0 2 0 1 0 0 0 0 0 0 0 0 0 0 0 0 0 0 0 0 0 0 0 0 0 0 0 0 0 0 0 0 0 1 1 1 2 2 1 2 1 1 1 1 1 1 1 2 3
1 1 2 2 1 1 0 0 0 0 0 0 0 0 0 0 0 0 1 1 1 1 2 5 1 1 1 1 0 0 0 0 0 0 0 0 0 0 0 0 0 0 0 0 0 0 0 2 4 0 0 0 0 0 0 0 0 0 0 0 0 0 0 0 0 0 0 0 0 0 0 0 0 0 0 0 0 0 0 0 0 1 1 1 3 2 3 3 2 2 1 1 2 2 1 2
0 0 0 1 0 0 0 0 0 0 0 0 0 0 0 0 0 0 0 0 1 0 0 1 1 1 0 0 0 0 0 0 0 0 0 0 0 0 0 0 0 0 0 0 0 0 0 0 2 0 0 0 0 0 0 0 0 0 0 0 0 0 0 0 0 0 0 0 0 0 0 0 0 0 0 0 0 0 0 0 0 0 1 1 2 3 5 6 3 5 4 4 3 3 2 8
1 1 1 0 0 0 0 0 0 0 0 0 0 0 0 0 0 0 0 0 0 0 0 0 0 0 0 0 0 0 0 0 0 0 0 0 0 0 0 0 0 0 0 0 0 0 0 0 0 0 0 0 0 0 0 0 0 0 0 0 0 0 0 0 0 0 0 0 0 0 0 0 0 0 0 0 0 0 0 0 0 0 0 0 1 2 1 2 10 10 3 9 7 7 4 6
