sesion_6_simulaciones/modelos_agentes/ejemplos_netlogo/scenarios/cgcm2_b2/rob_2083.asc
NCOLS 322 
NROWS 307 
XLLCORNER 451900 
YLLCORNER 4086900 
CELLSIZE 100 
NODATA_value -9999 
[rows 0 to 73 of 307, columns 96 to 191 of 322]
6 0 0 0 4 1 1 0 1 1 1 2 3 10 10 3 5 3 3 1 4 3 2 8 2 1 2 2 3 2 1 1 2 3 1 1 2 2 4 2 1 13 40 51 62 54 60 61 77 57 48 52 28 11 20 22 21 5 12 8 10 4 3 2 11 20 24 3 3 17 26 12 12 15 14 11 13 18 10 54 42 25 38 40 49 33 36 40 49 63 39 29 21 8 16 31
0 0 0 0 0 1 0 0 0 1 1 2 7 12 5 4 1 1 1 2 3 0 1 1 2 1 2 1 1 8 3 1 1 2 1 2 2 3 5 6 10 16 18 14 76 82 77 69 89 66 73 53 15 19 48 7 3 5 3 4 1 5 4 2 4 3 4 19 17 15 8 25 37 19 33 40 49 21 22 29 28 25 40 45 52 38 37 47 51 42 51 37 46 23 30 33
0 0 0 1 0 1 1 0 0 0 0 1 2 3 1 1 2 3 4 5 7 1 1 1 2 1 2 1 2 3 5 5 1 2 7 6 6 10 11 15 22 36 23 29 9 3 10 35 87 72 70 70 23 55 40 33 19 10 5 8 4 26 50 39 54 23 17 30 10 14 12 15 23 25 33 52 65 63 38 25 27 28 41 43 52 40 45 58 38 38 48 35 44 44 30 32
0 0 0 0 0 0 0 1 0 0 0 0 1 2 2 3 3 6 7 5 2 0 3 2 0 1 1 1 2 1 2 3 3 6 9 5 16 16 36 53 64 66 43 12 6 9 3 6 24 8 19 16 8 20 40 7 37 2 3 8 11 29 63 61 67 66 60 16 32 26 23 31 19 22 37 37 44 19 16 25 37 38 51 52 54 40 38 47 33 32 48 47 32 42 23 47
0 0 0 0 0 0 0 1 1 0 1 1 1 1 3 2 2 14 4 2 3 2 2 4 3 2 1 1 1 5 7 6 1 7 14 15 26 40 66 76 78 68 51 22 12 5 8 17 9 7 14 14 3 36 7 16 26 12 2 4 36 52 43 65 43 19 62 29 40 50 31 26 17 17 38 26 31 26 29 35 38 35 75 52 37 41 40 53 37 42 45 59 27 45 53 54
0 0 0 0 0 0 0 0 1 3 0 1 0 1 2 1 4 3 5 4 1 1 4 3 4 2 2 2 1 1 2 7 6 3 20 36 44 65 76 62 72 71 64 34 11 19 10 14 16 12 16 34 4 11 10 24 11 9 8 10 39 42 10 6 8 24 32 8 13 19 6 23 65 47 33 19 23 24 22 40 31 40 46 44 52 39 38 58 53 37 50 37 47 50 65 29
0 0 0 0 0 0 0 0 0 2 2 0 0 1 1 3 1 3 7 5 7 3 2 2 3 2 4 2 1 1 2 8 11 8 20 63 71 71 69 70 71 68 35 17 21 43 22 33 26 24 18 31 21 18 26 15 7 13 21 7 4 6 5 10 4 7 29 49 29 29 8 30 13 6 48 36 32 40 19 36 31 24 28 24 45 47 38 54 52 28 53 44 45 40 25 23
0 0 0 0 0 0 0 0 0 1 9 9 10 2 2 1 1 2 2 3 7 22 4 9 10 4 3 1 2 2 2 4 13 34 23 56 56 68 70 63 58 21 27 23 50 37 30 55 35 31 17 22 37 41 24 21 19 49 56 58 28 10 2 2 11 5 20 12 32 18 21 12 6 14 8 33 45 73 57 22 36 43 26 37 67 43 43 50 59 60 34 29 11 19 19 17
0 0 0 0 0 0 0 0 0 0 1 10 14 29 8 10 1 1 1 5 6 2 3 5 3 1 2 2 2 3 8 7 21 53 65 28 19 28 22 22 35 20 16 31 61 47 25 34 40 27 22 17 71 34 26 39 28 41 10 24 59 37 14 1 11 9 6 7 2 8 27 23 8 10 31 11 18 24 30 58 58 78 45 52 24 17 31 72 36 51 33 70 50 29 20 28
0 0 0 0 0 0 0 0 0 0 1 0 0 0 0 0 1 1 1 1 2 2 3 2 4 3 2 2 3 5 8 32 32 27 47 37 35 36 19 20 11 9 16 34 64 39 15 16 27 33 29 16 25 81 66 61 10 20 9 42 27 35 7 9 2 5 4 3 8 15 14 20 21 18 29 45 15 20 59 65 33 61 47 36 17 23 16 33 33 48 23 44 76 66 24 18
0 0 0 0 0 0 0 0 1 0 0 0 1 0 0 0 2 0 2 1 1 1 2 2 4 1 1 2 6 13 28 35 71 52 29 30 34 51 49 31 20 8 8 11 40 14 16 22 31 23 34 16 30 35 79 61 23 14 20 36 16 18 9 3 6 8 9 4 15 30 27 32 21 14 36 52 32 13 16 52 33 29 46 60 25 29 20 24 62 48 44 39 70 81 55 27
0 0 0 0 0 0 0 1 1 1 0 1 1 2 2 1 1 3 5 2 9 3 1 2 2 3 1 2 5 44 48 42 45 40 31 24 29 52 45 34 19 9 12 20 24 12 14 38 20 24 48 21 32 50 26 44 25 22 32 26 10 10 23 16 7 5 18 17 30 60 65 69 14 28 45 50 33 19 17 57 30 6 34 63 26 34 30 26 51 33 27 33 56 64 64 54
0 0 0 0 0 0 0 0 0 1 1 1 0 0 1 3 4 1 6 4 16 16 2 1 1 2 1 4 11 27 56 33 35 31 33 49 49 20 26 45 19 8 9 30 25 11 22 23 28 38 55 43 42 63 42 35 37 30 42 13 11 13 23 17 9 7 6 18 36 22 47 41 31 22 24 54 21 19 7 17 35 6 44 72 28 31 44 27 20 51 35 16 24 39 61 72
0 0 0 0 0 0 0 0 0 0 1 1 1 1 1 1 5 2 13 4 2 2 8 4 2 1 3 20 25 22 29 32 24 13 14 14 14 10 9 16 19 4 3 2 10 8 16 19 51 64 70 67 49 53 33 48 48 38 32 32 11 8 25 26 19 17 8 10 12 7 3 3 21 29 25 31 20 33 18 12 5 9 23 59 62 29 38 40 25 24 45 23 36 56 79 61
0 0 0 0 0 0 0 0 0 0 0 0 1 1 1 1 1 1 11 5 4 8 10 3 4 3 5 7 25 28 15 9 8 12 19 15 14 12 6 2 15 3 10 6 2 3 16 33 39 70 69 65 52 60 41 64 60 47 44 49 8 26 36 33 19 13 6 8 5 3 3 20 47 38 38 46 41 31 15 17 27 9 27 57 67 30 15 19 23 19 14 13 31 46 54 50
1 0 0 0 0 0 0 0 0 0 0 0 0 0 0 1 1 3 1 1 2 2 1 16 6 6 4 6 7 5 7 18 22 24 17 24 42 43 21 4 5 5 2 7 3 4 3 21 36 41 52 41 40 40 52 36 48 40 53 45 8 24 7 32 49 27 9 10 13 2 9 36 44 48 19 13 22 33 40 34 26 23 25 51 72 85 56 41 22 17 17 10 32 67 57 40
0 0 0 0 0 0 0 0 0 0 0 0 0 0 0 1 1 2 1 2 2 1 1 4 16 7 10 15 39 30 16 9 12 20 21 37 52 55 40 4 10 8 4 6 16 17 18 4 17 28 20 19 14 16 27 48 50 52 56 52 15 30 20 24 36 10 7 9 7 7 8 38 29 40 12 10 18 18 45 32 30 30 35 41 73 87 84 35 23 21 19 14 33 57 65 60
0 0 0 1 1 0 0 0 0 0 0 0 0 0 0 0 1 1 2 2 1 1 2 2 6 9 3 8 9 6 15 15 20 14 40 65 44 52 39 21 29 33 23 23 36 35 40 22 7 3 3 5 3 2 9 53 80 89 64 27 50 29 26 17 29 18 10 19 6 6 41 41 43 35 12 27 46 26 34 36 23 21 16 10 60 66 64 63 42 24 23 17 21 39 45 23
0 0 0 0 0 0 0 0 0 0 0 0 0 0 0 0 0 1 1 0 1 2 2 2 12 18 7 8 6 13 20 26 17 33 41 45 18 22 25 50 39 46 53 63 57 37 46 39 19 14 10 10 14 2 3 12 79 85 59 36 32 40 19 14 22 7 9 11 3 31 58 56 46 54 18 20 44 44 43 72 44 30 17 10 22 48 54 53 53 33 26 26 13 26 67 19
0 0 0 0 0 0 1 0 0 0 0 0 0 0 0 1 0 0 0 0 1 2 3 1 7 6 5 9 11 12 15 42 30 26 28 16 31 33 29 39 64 66 58 34 40 22 35 43 26 20 18 5 9 5 11 7 26 39 51 53 37 20 16 33 28 5 9 33 59 44 64 79 36 74 33 13 39 67 45 67 57 50 37 16 18 50 71 55 61 41 34 22 9 15 53 43
0 0 0 0 0 0 0 0 0 0 0 0 0 0 0 0 0 0 1 1 1 1 1 1 3 6 6 3 3 9 8 7 16 24 37 19 20 34 20 59 34 35 56 42 27 24 27 36 34 16 25 19 7 12 19 15 20 42 59 52 17 16 55 47 25 6 26 32 44 55 43 48 27 34 58 42 27 24 29 67 31 28 48 34 26 12 54 36 61 32 39 20 13 13 18 39
0 0 0 0 0 0 0 1 1 1 1 0 0 0 0 0 0 0 0 1 1 1 2 1 7 4 10 9 5 8 8 15 19 50 46 30 63 26 44 19 38 24 20 20 36 37 59 47 45 18 20 17 17 17 27 21 22 35 57 59 57 17 24 26 15 18 45 10 34 52 60 38 46 21 54 63 37 23 28 78 84 48 22 60 45 14 10 19 58 44 35 34 14 13 12 37
0 0 0 0 1 0 0 0 0 0 0 0 1 0 0 0 0 0 0 1 4 3 4 3 8 3 6 14 7 4 20 45 49 12 6 67 52 21 22 23 34 49 30 19 16 38 31 12 16 13 27 17 18 19 19 20 11 21 38 28 25 23 14 13 15 36 49 6 28 20 46 59 49 18 17 46 45 56 30 55 85 62 52 24 42 19 6 16 52 62 16 45 25 12 14 28
0 0 0 0 1 1 0 1 2 0 1 1 1 3 2 1 1 1 1 7 4 7 6 4 10 9 5 18 21 12 9 9 4 4 4 13 28 33 13 29 30 46 41 42 32 10 7 5 3 3 11 8 6 8 15 7 8 9 11 22 33 24 15 21 47 38 26 12 23 25 24 47 39 36 27 64 65 45 40 21 62 63 44 62 26 16 10 11 11 38 11 24 20 8 7 10
1 0 0 0 1 1 1 0 3 1 0 1 2 3 4 4 13 2 3 3 8 11 24 12 8 10 25 16 40 20 10 6 13 13 8 1 5 33 28 10 22 42 55 60 41 33 23 18 12 12 5 4 3 1 2 2 2 3 15 28 43 24 32 35 20 43 22 27 35 30 21 34 52 57 17 55 59 42 45 30 46 60 32 15 42 24 12 10 7 15 15 14 22 10 5 4
3 1 0 1 2 0 1 0 1 2 2 2 4 6 9 5 12 16 4 5 24 54 60 71 59 51 50 30 49 34 61 63 62 33 13 11 13 10 8 18 37 29 38 46 55 54 48 34 28 25 13 13 12 10 10 10 10 8 28 42 37 31 23 23 20 40 37 48 18 44 20 16 48 34 18 41 40 21 27 24 25 31 56 14 14 9 11 5 4 8 7 11 5 5 3 3
3 1 2 3 3 0 1 1 3 4 4 3 3 16 24 15 17 54 32 54 65 65 71 76 64 72 68 64 69 75 50 18 35 46 35 15 20 16 7 7 26 33 40 56 49 50 54 42 41 35 27 26 27 25 14 23 14 16 28 25 32 20 12 14 12 45 29 45 39 42 12 18 27 33 22 39 33 47 15 22 22 9 27 15 8 18 6 5 1 3 7 5 6 3 3 3
2 3 3 2 3 3 4 3 4 9 9 19 16 21 37 69 62 51 63 22 31 36 54 69 69 62 82 76 76 77 18 12 11 12 26 26 33 18 25 18 20 44 49 44 49 48 39 64 54 40 33 32 29 29 26 27 27 7 16 17 19 12 13 23 39 59 53 29 37 18 23 12 24 26 25 16 13 22 27 14 21 12 19 15 5 14 7 4 1 2 5 6 4 4 2 1
4 9 4 2 5 4 5 5 9 23 37 56 72 74 83 82 68 70 74 55 26 12 37 59 43 38 29 55 60 55 34 7 6 4 6 10 20 17 22 26 11 23 32 35 20 20 12 29 39 36 48 48 34 32 29 43 30 10 11 11 8 17 33 42 50 39 22 24 16 31 26 35 17 16 16 14 13 13 22 14 12 10 10 6 7 6 6 5 3 1 3 2 2 3 1 1
5 10 3 4 14 13 11 23 40 60 78 74 81 83 77 89 69 71 87 37 67 27 15 35 24 15 21 22 22 22 47 26 16 3 6 3 10 9 9 24 20 21 41 17 22 20 12 24 22 14 12 12 10 20 20 10 34 19 13 10 13 19 37 40 43 32 15 32 44 25 29 19 16 13 11 6 7 7 11 9 9 8 3 6 3 2 2 1 2 1 1 0 0 0 1 1
3 14 13 12 18 30 47 62 60 81 74 87 73 85 78 80 51 62 83 68 30 34 17 9 10 8 4 3 12 13 17 61 24 7 8 6 23 50 49 34 32 21 18 10 11 15 16 6 4 7 8 20 31 30 17 17 34 20 31 10 17 22 36 25 38 18 12 22 39 35 23 16 8 13 9 5 2 1 3 3 4 3 2 1 1 1 1 1 1 1 1 1 4 2 2 3
13 25 40 38 60 79 70 77 78 79 73 89 72 76 56 72 53 72 69 73 19 40 39 15 11 3 3 1 4 6 6 12 16 8 9 13 7 15 16 19 14 14 15 24 25 15 17 9 13 16 39 56 49 32 52 11 39 35 9 4 4 15 12 28 21 22 12 7 10 14 12 12 6 2 2 3 4 3 6 8 5 7 4 7 7 7 6 5 4 6 2 2 10 6 3 8
39 53 61 75 73 71 76 78 80 70 89 65 37 56 49 52 59 61 62 69 31 18 25 14 12 8 3 5 10 12 12 21 14 5 16 13 18 17 29 19 34 22 33 35 40 38 29 26 20 25 36 63 65 65 63 32 43 36 18 24 13 3 4 4 6 5 9 5 5 4 5 4 5 8 14 13 21 12 20 10 11 16 9 15 9 25 15 6 11 10 4 5 10 8 6 13
65 79 79 66 78 77 84 69 71 53 74 17 29 22 32 46 49 37 34 57 32 14 6 5 8 11 11 9 13 5 37 36 32 22 28 30 27 24 27 28 30 33 35 35 51 36 46 30 16 52 46 48 59 46 37 31 62 36 31 49 36 24 24 24 23 22 34 24 16 15 15 17 27 27 27 15 26 25 24 24 23 23 21 21 30 24 17 12 13 7 11 7 14 9 20 20
12 18 50 49 67 61 76 68 33 6 4 5 12 9 8 11 13 24 40 55 31 8 11 17 9 9 31 21 32 24 34 32 31 27 27 50 39 18 39 34 33 45 44 44 35 34 44 33 28 39 50 44 57 64 47 50 39 32 40 44 37 41 40 43 42 37 50 39 34 18 31 31 30 30 43 31 31 44 29 39 40 28 31 30 50 24 21 17 18 17 15 12 24 25 26 37
16 10 6 7 5 5 20 21 21 8 5 9 15 15 7 4 3 6 26 28 16 9 34 9 23 34 40 30 42 27 25 22 39 36 19 33 33 20 29 38 30 48 30 29 30 35 53 38 26 30 49 45 27 72 47 63 34 38 47 38 53 40 36 37 39 27 54 37 24 34 33 33 45 32 44 33 33 48 46 45 33 32 43 36 41 29 23 25 21 21 21 20 48 37 28 28
28 43 34 14 13 11 3 8 11 4 10 13 11 7 3 4 1 12 9 15 24 40 44 19 36 29 36 33 24 11 4 13 27 26 18 30 17 21 30 39 44 25 30 27 26 49 39 26 38 40 49 59 35 74 66 30 60 53 49 31 44 38 54 51 39 44 39 38 36 25 35 49 48 35 49 48 37 53 36 46 37 49 51 62 44 29 15 35 28 29 37 41 48 22 49 31
34 24 22 16 9 7 8 8 16 19 22 24 17 6 6 14 15 20 23 34 60 54 56 35 29 21 22 28 28 24 13 11 24 18 33 17 14 22 20 35 13 11 31 35 29 62 33 38 49 32 58 31 60 60 32 45 67 51 29 46 33 48 50 38 27 43 42 39 23 39 59 62 56 37 49 55 52 57 39 37 43 53 54 47 36 22 21 43 35 22 52 54 50 23 16 56
15 25 33 24 25 13 28 20 26 31 32 45 34 25 20 31 18 31 40 45 56 40 18 30 42 24 12 18 28 25 19 10 16 21 10 29 16 37 26 18 20 13 33 22 23 70 45 43 34 28 37 61 55 39 33 32 49 62 32 47 46 60 47 27 52 50 53 40 22 41 55 74 61 44 51 58 60 47 39 30 47 73 66 57 51 25 45 68 49 24 43 67 66 34 18 55
32 46 20 21 13 24 34 22 21 38 36 40 33 32 36 33 34 39 45 41 48 33 28 35 23 14 16 28 18 25 13 19 10 7 24 25 30 19 23 15 17 9 34 9 8 41 39 45 22 32 37 22 57 12 9 7 22 48 23 52 61 48 42 64 52 51 34 16 27 57 63 79 67 50 53 70 77 51 51 32 54 78 54 41 39 32 54 71 52 33 27 76 82 57 33 48
15 26 15 33 21 32 28 28 27 25 41 43 29 30 55 25 31 39 34 32 44 35 17 32 20 21 26 20 21 27 11 20 10 10 9 23 8 15 11 23 16 16 23 12 31 27 53 35 12 26 34 27 29 15 14 9 13 21 17 53 63 54 56 67 26 47 19 19 27 61 73 75 71 54 59 72 82 42 55 28 61 85 60 32 29 38 59 74 56 38 31 66 77 66 26 49
10 17 42 25 14 19 24 17 15 19 42 29 23 37 23 23 15 30 38 21 19 27 29 26 16 16 13 11 12 47 10 21 10 11 11 19 16 13 8 12 9 18 15 12 24 15 26 11 14 9 14 37 28 19 12 13 36 14 17 42 38 45 77 37 49 43 28 33 42 49 71 71 73 40 49 73 56 36 61 31 49 74 62 52 32 38 62 74 55 45 35 49 71 46 36 50
4 4 17 6 5 4 13 10 7 12 13 15 13 22 20 17 19 19 26 21 15 8 15 21 18 14 18 10 8 11 13 24 8 5 9 18 9 4 6 11 8 16 10 10 15 12 20 6 6 6 6 19 4 7 11 11 22 8 21 29 24 50 22 38 66 31 30 39 52 47 57 78 55 31 51 70 57 41 61 40 48 70 44 39 41 30 35 74 72 44 28 49 70 45 29 51
1 2 1 2 2 3 7 9 4 10 10 15 17 11 10 18 13 13 15 19 9 6 6 16 14 8 15 4 7 13 8 11 3 5 7 5 4 8 6 13 17 5 7 15 11 4 3 16 4 3 3 6 2 3 5 16 15 26 21 12 11 9 25 58 23 31 50 27 37 39 36 64 26 23 37 61 35 40 52 22 56 60 34 38 42 47 19 34 74 38 29 42 68 53 42 36
0 0 1 1 2 1 2 2 3 5 5 11 9 8 9 10 9 8 8 11 11 5 14 9 11 8 7 7 1 4 9 13 1 2 3 10 3 1 3 4 17 5 3 2 2 4 4 1 3 4 3 10 6 3 6 7 26 16 13 31 21 10 34 17 36 49 18 22 23 36 14 53 12 16 22 48 22 52 49 21 37 37 24 48 53 52 28 31 67 44 26 42 49 29 39 28
0 0 0 1 1 0 2 1 2 3 4 11 6 4 5 7 8 14 7 3 3 3 17 2 4 7 5 3 1 3 3 2 0 1 4 1 1 0 4 1 10 3 4 2 3 4 3 12 24 30 25 12 20 13 6 12 17 10 11 14 9 12 22 9 37 13 17 16 17 32 10 26 12 27 10 22 14 38 24 16 43 18 19 29 50 21 31 18 43 30 33 25 57 59 60 49
0 0 1 0 0 2 0 1 1 2 4 5 3 5 2 7 2 7 6 3 2 4 5 5 3 4 4 5 1 1 0 1 2 4 1 1 2 2 4 2 3 4 6 12 4 32 9 47 17 21 11 11 27 32 49 23 21 4 7 15 11 14 3 5 13 9 9 12 19 21 25 19 20 15 10 36 9 32 10 10 45 12 38 37 55 24 33 26 31 49 38 57 60 65 74 86
0 0 0 0 0 0 2 0 1 1 1 1 1 2 1 3 2 5 5 5 3 4 3 5 1 1 2 1 2 2 0 0 1 1 10 11 5 8 19 30 14 16 16 37 16 11 30 41 8 33 16 12 21 40 35 23 31 30 21 40 24 43 37 9 16 20 23 22 17 25 38 27 29 56 62 56 63 80 66 39 49 60 63 56 19 79 77 64 53 22 42 29 41 74 49 64
0 0 0 0 1 4 1 0 0 0 0 0 1 2 2 2 2 4 2 2 3 3 2 5 2 1 1 0 1 0 0 1 1 0 1 8 15 2 5 23 23 24 11 45 59 13 14 24 42 27 41 6 11 46 50 17 60 44 63 56 16 40 22 22 17 30 22 47 50 6 11 44 50 13 36 66 30 61 37 71 28 58 76 59 34 77 65 58 81 76 60 29 48 61 42 29
0 0 0 0 0 0 0 0 0 0 0 0 2 1 1 2 1 2 1 1 2 1 2 3 1 1 0 0 1 2 1 0 0 1 0 1 3 1 2 9 19 6 36 57 33 9 21 12 28 26 42 12 16 40 36 55 39 25 46 62 25 5 15 43 37 49 45 35 47 43 9 46 68 21 42 74 16 12 26 80 71 43 34 54 59 74 64 76 86 77 43 67 29 24 58 70
0 0 0 0 0 0 0 0 0 0 0 1 0 1 0 1 1 1 1 1 1 1 2 1 1 1 0 0 0 1 1 0 1 0 1 1 1 12 4 17 8 24 15 17 57 33 15 9 26 30 31 39 15 53 54 81 32 57 81 78 57 7 31 35 38 75 65 70 41 67 26 19 61 26 51 75 35 30 18 60 48 59 12 14 24 68 74 70 81 64 27 70 46 34 51 60
0 0 0 0 0 0 0 0 0 0 0 1 0 0 1 1 1 1 0 0 1 1 0 0 0 0 0 0 0 1 1 1 0 1 1 2 2 3 16 44 17 40 17 42 37 52 23 25 41 44 76 80 37 61 83 89 53 79 86 73 59 27 59 66 41 36 30 22 52 80 32 21 46 21 54 63 84 32 47 83 60 73 65 23 21 42 65 62 55 42 65 88 47 31 19 19
0 0 0 0 0 0 0 0 0 0 0 0 0 0 0 1 1 1 0 1 0 0 0 0 1 1 0 0 1 1 3 1 1 2 4 6 5 8 39 24 32 18 11 58 57 28 18 15 29 48 70 63 62 39 69 90 57 61 77 70 78 69 70 82 29 38 44 29 55 73 65 40 10 28 71 77 78 70 33 86 34 65 78 46 27 25 55 42 47 23 77 87 68 45 48 20
0 0 0 0 0 0 0 0 0 0 0 0 0 0 0 1 1 0 0 0 0 0 0 0 0 1 1 2 8 1 1 1 7 5 6 8 3 12 25 24 49 22 47 22 78 25 31 25 14 31 67 56 37 17 19 53 67 76 81 79 89 73 76 77 70 44 53 38 53 58 82 57 28 26 57 75 81 80 55 70 66 61 68 80 46 29 18 20 18 34 75 56 79 50 47 28
0 0 0 0 0 0 0 0 0 0 0 0 0 0 0 0 0 0 0 0 0 0 0 0 0 0 0 0 2 1 1 5 3 4 15 8 5 3 2 11 11 8 3 3 17 23 63 46 17 9 32 12 20 10 8 15 17 53 61 55 64 71 67 64 86 46 45 37 13 70 90 43 28 24 66 57 58 63 35 49 50 23 70 81 68 43 12 14 16 24 16 40 80 49 32 39
0 0 0 0 1 0 0 0 0 0 0 0 0 0 0 0 0 0 0 0 1 0 0 0 1 4 1 1 1 1 2 2 8 14 11 9 8 15 5 3 6 17 7 4 7 13 22 33 34 11 14 11 24 12 14 28 21 12 21 41 40 17 31 66 89 69 36 41 51 77 88 54 20 12 24 37 61 47 57 63 52 16 53 70 82 33 22 12 36 42 24 42 89 64 58 60
0 0 0 0 0 1 0 0 0 0 0 0 0 0 0 0 0 0 0 0 0 1 0 0 3 7 3 0 1 2 3 2 7 12 5 3 14 20 6 6 7 25 14 8 14 12 15 13 14 7 15 36 42 38 33 30 20 16 14 10 3 1 11 77 77 75 50 26 31 70 81 77 64 25 14 38 53 40 42 31 54 40 25 75 76 63 28 18 41 32 55 82 83 83 68 64
0 0 1 0 0 1 1 0 0 0 0 2 0 0 0 0 0 0 0 0 0 0 0 0 1 4 1 4 5 8 3 2 14 6 12 16 12 23 12 17 13 23 25 14 7 27 16 21 16 5 14 52 62 66 62 52 37 34 30 28 29 25 27 48 50 63 55 23 10 47 43 79 79 36 18 46 55 43 26 45 69 36 24 24 77 79 31 17 49 59 55 76 52 78 50 32
0 0 0 0 1 1 0 0 0 0 1 2 2 0 1 1 0 0 0 0 0 0 0 0 1 1 2 5 8 4 3 4 3 2 19 22 7 11 19 36 21 28 22 17 6 11 41 31 21 15 13 35 75 77 72 73 61 59 50 49 77 80 82 73 59 57 46 29 12 8 36 52 82 65 59 20 42 50 28 6 21 34 36 51 69 76 50 28 16 37 40 34 78 77 86 60
0 0 0 0 2 2 9 0 1 0 0 0 2 3 1 0 1 0 0 0 0 0 0 0 1 1 2 2 2 2 1 6 15 11 24 16 15 26 46 23 40 36 18 25 30 29 41 42 30 24 14 21 49 73 70 78 79 77 56 45 35 49 59 67 76 73 75 63 39 3 11 51 59 66 58 52 34 17 23 21 54 44 22 32 30 69 69 26 13 23 31 36 30 71 58 74
1 1 0 0 0 2 1 0 0 2 0 1 0 0 0 0 1 0 0 0 0 0 0 1 2 0 2 4 4 7 8 25 15 8 12 23 14 17 12 5 12 52 59 35 57 40 34 34 35 37 34 17 13 18 59 59 55 74 75 67 61 55 40 46 52 70 75 74 71 62 42 65 55 75 45 45 33 24 33 25 22 25 16 45 34 72 75 24 10 34 42 29 31 30 59 75
2 2 1 0 0 2 5 3 0 0 1 0 0 0 0 0 0 1 0 0 0 0 0 2 1 2 1 1 1 1 1 3 3 11 10 12 15 17 23 22 14 5 19 64 65 76 66 48 42 23 33 34 27 16 25 40 34 29 46 52 55 68 68 56 32 37 65 74 73 59 64 79 60 81 68 50 45 46 27 16 17 34 15 25 39 27 62 35 9 19 37 39 17 12 52 76
1 1 11 3 1 2 1 9 3 2 2 0 0 1 0 1 1 1 0 0 0 0 1 1 1 1 1 6 4 2 3 9 5 8 11 25 26 32 29 34 39 31 16 11 11 62 69 64 43 30 23 35 27 16 6 6 6 8 8 9 16 36 32 44 46 26 25 39 40 35 63 62 62 59 55 58 62 57 36 39 35 30 15 16 49 57 39 46 15 6 25 35 20 39 78 36
1 1 3 1 1 1 0 0 11 17 16 9 0 1 0 0 0 1 0 1 0 0 1 0 2 1 2 3 2 2 6 9 5 6 10 18 19 26 26 29 33 31 47 42 43 29 13 10 37 38 46 17 15 10 15 24 23 24 22 19 20 8 6 8 10 8 6 5 6 22 33 48 44 40 33 25 25 49 43 36 26 15 36 30 32 44 37 56 34 9 6 25 46 77 45 70
1 1 2 16 5 1 1 1 0 23 1 1 1 1 1 1 1 0 0 1 0 0 0 1 1 1 1 1 1 1 1 1 3 5 7 10 22 31 22 31 39 45 45 45 50 38 34 33 22 13 12 8 12 28 31 42 42 43 41 51 23 7 7 21 22 35 17 20 5 4 11 25 21 15 14 15 18 24 32 49 44 16 13 16 16 20 31 44 52 15 7 22 81 53 45 56
2 2 3 8 4 4 7 1 0 0 0 0 0 1 1 8 0 1 1 1 0 0 0 0 0 0 1 1 2 1 1 1 2 4 9 12 14 18 17 36 39 31 27 28 36 28 25 37 31 27 33 35 37 50 45 43 58 60 60 54 29 22 24 39 36 27 33 16 6 7 7 2 2 2 3 3 8 7 3 6 13 8 8 6 7 7 22 31 28 17 7 53 57 32 63 56
6 3 2 1 7 6 28 9 5 4 2 1 0 0 3 2 10 5 1 1 5 2 2 0 0 0 1 1 0 1 1 2 4 2 1 3 16 19 10 11 20 32 23 17 28 22 31 34 42 35 45 28 30 44 56 58 59 62 70 59 38 36 47 44 54 56 56 43 21 18 6 3 2 3 4 10 25 17 10 9 6 4 2 3 3 4 7 13 31 31 11 66 20 13 50 64
7 7 6 14 6 9 5 3 3 17 3 7 1 2 3 7 21 9 2 3 5 1 1 1 0 0 1 0 0 0 3 0 1 1 2 3 10 25 23 36 32 25 35 27 36 29 35 37 40 23 54 43 40 35 51 55 75 74 73 57 30 50 47 61 60 75 66 58 44 23 17 18 18 23 26 38 46 33 21 20 29 31 16 8 8 5 2 4 10 36 21 51 12 14 53 77
8 9 3 2 12 7 28 17 7 6 14 21 8 3 5 26 28 6 2 7 1 7 0 1 0 0 0 2 0 1 0 0 0 2 2 3 5 11 18 24 31 20 22 26 28 31 36 52 42 33 42 53 37 40 57 66 74 66 52 43 43 51 61 61 63 79 73 60 50 28 41 41 41 46 45 46 59 43 40 41 40 39 23 30 28 13 10 2 4 15 13 15 14 8 24 46
9 14 10 3 29 21 28 20 47 24 14 5 2 23 21 15 14 5 4 22 2 8 1 1 1 0 0 1 2 0 0 0 1 2 2 4 5 16 9 24 30 23 10 30 26 29 34 56 42 21 25 50 45 37 50 70 69 54 40 28 33 62 59 60 78 75 65 59 33 29 44 43 45 58 52 65 64 66 47 49 61 49 48 57 44 32 16 4 2 9 8 17 11 4 13 26
10 2 11 4 2 39 14 9 18 37 24 16 2 14 42 13 2 4 13 20 1 14 1 1 4 2 0 1 3 7 1 0 1 1 3 2 2 2 5 5 19 12 19 21 23 13 42 23 39 16 48 35 35 28 53 75 51 45 29 40 40 53 50 68 77 70 63 61 35 52 62 62 43 59 69 66 68 58 50 59 68 62 55 62 30 19 8 6 3 1 2 9 8 2 8 5
8 9 6 12 3 7 37 51 51 26 10 13 4 7 24 34 7 11 40 21 4 19 2 1 1 2 1 4 3 1 4 7 1 1 1 2 1 2 2 6 8 7 8 17 14 11 12 18 9 14 60 14 28 20 57 33 32 41 23 31 30 43 58 72 56 68 58 42 37 51 63 63 40 63 60 69 74 60 53 60 75 62 64 41 20 22 18 22 15 4 1 1 4 3 2 3
16 9 12 9 12 12 18 32 23 41 42 16 42 6 3 2 22 66 51 14 15 6 5 6 7 2 1 2 5 5 3 1 1 0 1 0 0 1 1 7 3 7 8 10 6 6 5 8 12 20 7 7 22 33 16 30 26 17 20 20 19 34 71 55 59 46 34 38 52 64 60 61 54 64 43 54 61 40 51 59 77 46 30 31 38 43 53 32 21 8 4 1 1 2 2 1
18 16 14 12 40 20 54 74 37 24 23 43 43 45 3 1 5 7 7 2 8 12 7 2 2 2 2 3 3 2 0 0 1 1 0 0 1 1 2 2 2 1 7 1 2 1 2 9 2 2 3 5 8 18 13 17 8 11 25 25 20 54 49 53 48 55 35 33 44 61 56 44 47 64 42 25 70 47 53 75 46 47 42 46 73 76 53 28 23 15 6 5 3 1 1 1
