sesion_6_simulaciones/modelos_agentes/ejemplos_netlogo/scenarios/cgcm2_b2/rob_2032.asc
NCOLS 322 
NROWS 307 
XLLCORNER 451900 
YLLCORNER 4086900 
CELLSIZE 100 
NODATA_value -9999 
[rows 0 to 72 of 307, columns 192 to 287 of 322]
43 39 22 12 34 59 33 16 15 19 20 8 6 4 6 4 3 3 4 4 3 3 2 2 4 6 3 7 7 21 6 2 1 0 0 0 1 1 0 2 3 1 1 6 9 12 10 19 34 40 26 31 37 47 45 58 45 82 49 41 9 12 18 44 56 41 57 52 26 38 21 12 16 21 39 22 19 38 57 27 15 17 17 19 17 12 31 27 26 28 10 23 35 62 21 6
52 30 36 34 41 60 20 29 42 25 17 13 19 16 9 8 10 2 4 5 6 3 1 1 2 7 2 3 2 4 18 7 1 0 0 0 0 1 1 1 2 1 0 1 3 5 10 11 26 68 79 63 43 45 46 45 70 68 68 20 25 14 46 40 52 48 55 40 44 19 6 24 12 20 51 24 53 39 34 35 27 34 35 20 15 7 21 29 31 28 16 29 25 31 17 13
30 56 37 36 60 50 37 18 10 26 26 26 38 38 20 31 19 14 22 19 14 5 3 1 1 1 1 0 0 1 1 6 4 1 1 0 0 0 1 0 0 0 2 6 6 12 14 19 27 47 55 51 61 51 67 75 42 37 46 25 24 31 40 30 34 62 30 27 20 27 14 16 14 20 61 24 60 50 26 42 29 25 31 31 16 5 13 17 30 23 16 43 24 41 14 3
41 41 65 55 44 37 34 34 33 54 31 48 63 49 40 55 38 17 28 38 23 18 11 5 3 2 0 1 0 0 0 1 0 1 1 1 1 0 0 0 1 2 1 1 3 15 15 19 8 18 15 18 31 61 49 56 53 21 28 35 38 21 24 44 31 58 45 38 53 20 30 25 9 8 42 23 31 26 34 40 30 29 31 33 17 6 11 26 39 17 29 26 23 37 10 2
31 23 45 15 51 58 53 38 53 48 46 34 39 31 40 59 43 47 49 49 42 19 12 12 6 7 3 5 3 1 0 0 0 0 0 1 0 0 0 0 1 1 1 3 2 5 5 10 33 51 58 50 47 41 64 69 32 27 9 11 35 35 28 42 43 57 36 26 17 11 9 8 11 7 22 22 18 31 56 64 54 21 20 41 37 26 3 22 25 34 32 18 33 47 16 3
32 26 43 37 25 31 54 28 52 42 29 37 14 36 46 49 51 49 19 15 30 16 10 15 13 10 5 8 5 2 1 1 0 0 0 0 0 0 0 0 0 1 2 4 12 26 34 45 46 31 37 39 45 63 80 57 36 28 9 46 65 64 58 58 45 65 27 34 40 32 41 29 23 17 12 17 25 24 35 28 41 63 45 34 37 25 8 16 22 26 13 18 30 29 19 5
24 13 15 34 24 19 51 20 15 28 36 60 34 18 33 46 39 41 22 8 10 23 29 34 14 12 12 8 7 5 3 2 2 1 1 0 0 1 0 0 0 1 3 5 19 13 20 27 50 39 44 78 42 69 73 41 29 30 16 35 51 59 58 59 69 61 51 45 45 18 28 28 20 30 26 13 5 18 39 42 32 56 36 18 10 35 12 10 13 12 13 26 43 53 13 13
17 13 13 17 36 27 43 53 16 8 16 23 40 13 5 16 10 18 22 11 9 14 8 13 13 11 11 7 10 8 7 6 5 4 3 1 2 1 0 0 0 2 5 9 16 21 28 47 71 67 67 44 58 56 63 34 21 9 17 23 33 30 29 25 25 55 33 26 47 27 25 19 24 29 28 18 6 26 46 25 50 64 43 18 11 27 20 10 11 23 25 27 53 34 19 14
31 24 22 12 20 17 29 54 55 24 11 10 20 28 14 10 5 16 23 15 12 19 4 9 23 14 11 11 10 17 14 11 12 9 5 3 1 1 0 0 1 2 5 8 26 25 18 35 42 58 45 31 70 52 48 20 10 44 65 52 63 53 60 46 53 77 46 35 16 17 24 20 22 23 18 10 7 14 18 31 44 57 44 27 12 12 13 8 7 27 22 32 28 37 18 26
22 23 23 12 11 6 24 23 48 38 26 15 13 15 18 7 8 5 18 17 15 21 6 6 13 12 10 7 5 10 2 4 9 10 6 2 1 1 0 0 0 1 4 7 15 6 8 35 21 17 18 75 47 50 27 13 26 55 62 74 55 82 69 43 61 34 58 47 44 19 19 29 26 14 10 7 6 10 36 20 12 44 47 42 22 10 17 5 8 10 13 37 25 37 21 50
28 25 25 23 12 6 4 4 8 21 13 9 7 18 11 6 9 2 4 12 8 19 21 4 6 5 20 7 2 6 10 2 1 1 1 4 2 1 0 0 1 1 5 13 3 11 16 19 5 10 50 53 24 35 15 9 26 43 42 57 78 79 48 30 33 49 59 58 64 47 57 37 32 26 15 11 4 4 12 24 26 50 66 41 43 15 9 12 3 12 32 14 21 17 16 58
51 34 17 20 19 17 11 6 5 5 5 5 7 7 6 4 4 7 4 4 10 13 11 6 1 3 12 8 2 2 8 9 1 0 0 1 3 1 0 0 3 5 5 2 1 1 9 2 6 28 60 39 18 15 6 30 34 31 40 77 63 57 15 27 41 44 68 64 54 61 45 36 41 41 36 24 8 6 19 22 22 69 46 55 39 28 10 6 4 16 18 10 27 10 31 63
58 43 40 54 43 40 34 18 30 18 13 7 4 3 2 2 3 10 7 3 2 5 4 4 1 3 4 4 3 1 1 4 1 0 0 0 1 1 0 0 2 3 2 4 4 5 15 2 9 37 30 10 2 13 36 50 53 60 82 69 19 26 30 22 22 23 39 39 62 42 22 34 53 55 49 25 8 2 17 26 52 58 24 33 49 30 14 3 5 16 15 10 31 10 24 36
68 65 62 64 60 55 41 36 33 31 28 24 9 7 3 2 1 1 1 1 2 1 1 2 1 2 3 2 1 0 1 2 2 1 0 0 0 1 1 1 1 2 2 1 1 7 3 2 14 9 5 1 5 16 25 35 63 58 50 13 47 64 57 45 47 26 22 22 57 46 59 69 47 32 27 26 12 4 10 20 50 23 16 33 62 33 21 8 3 6 6 8 16 8 20 16
26 63 67 66 58 62 40 48 23 22 35 21 16 15 13 10 6 3 1 1 0 0 0 1 1 1 1 1 0 0 1 1 1 1 0 0 1 1 1 1 1 1 1 1 0 1 1 2 3 3 1 2 5 8 21 36 37 10 34 49 63 58 58 79 83 71 64 47 49 60 64 53 59 43 22 15 8 4 9 19 27 13 8 44 61 61 35 35 12 3 5 7 7 7 26 20
37 54 64 46 52 73 57 33 50 35 24 31 25 31 28 15 10 3 2 2 1 1 0 0 1 1 0 0 0 0 0 1 1 1 1 0 0 1 1 1 1 1 1 0 0 0 2 3 1 1 4 3 4 8 13 20 9 38 43 46 58 71 81 71 66 75 42 33 67 20 49 78 55 41 44 42 37 18 7 19 23 11 4 10 28 55 14 9 11 11 2 9 5 6 24 20
64 16 65 46 41 65 72 74 40 20 31 27 40 34 25 17 15 9 6 5 4 3 1 0 0 0 1 1 1 0 0 0 0 0 1 1 1 1 1 1 0 0 0 0 0 0 0 0 1 6 4 12 11 8 7 23 36 38 43 45 67 56 76 66 68 44 32 59 46 37 39 22 56 34 59 62 61 37 24 7 34 18 13 3 9 29 39 9 3 4 2 2 4 10 7 7
40 13 50 29 45 55 60 39 67 72 41 49 50 16 15 12 19 16 10 8 6 4 3 1 1 1 3 2 2 1 0 0 0 0 0 0 0 0 0 0 1 0 0 0 0 0 1 3 4 5 8 20 22 23 10 23 28 59 57 56 75 58 53 48 32 31 48 62 49 32 18 20 49 54 61 58 63 60 37 10 7 15 15 9 3 9 23 13 9 1 4 0 5 7 3 3
24 28 29 32 20 43 54 28 30 66 34 58 70 39 24 16 24 37 31 19 14 6 2 2 3 2 4 3 5 1 1 1 1 1 0 0 0 0 0 0 0 0 0 0 1 1 4 4 4 6 15 24 22 17 27 34 42 42 32 47 65 31 17 11 30 34 29 78 64 23 25 16 52 49 15 32 69 57 57 35 8 5 25 13 7 3 9 13 13 4 1 1 6 3 1 1
27 10 15 24 15 23 56 20 15 38 47 61 60 42 45 37 9 15 18 27 12 8 6 5 5 5 5 7 6 6 3 2 2 1 1 0 0 0 0 0 0 0 0 1 3 3 4 7 4 11 21 18 31 31 38 42 13 11 25 45 71 27 13 38 52 46 59 67 49 38 24 10 19 53 43 15 32 42 51 46 32 7 6 14 10 3 2 6 15 9 1 0 4 1 3 7
49 16 16 17 4 12 38 18 26 18 37 24 40 16 22 27 7 5 13 31 15 22 9 4 15 10 6 4 5 3 2 1 2 1 2 1 1 0 0 0 0 0 1 2 4 4 2 2 9 24 15 23 40 53 65 62 41 31 45 48 48 17 18 53 52 47 46 21 45 47 31 9 12 23 58 30 12 18 62 35 26 8 2 6 9 2 3 9 5 5 1 1 1 1 7 20
23 5 20 17 5 3 12 35 5 14 40 31 37 18 13 7 8 2 4 26 26 13 9 7 4 4 1 1 2 1 2 1 1 1 2 1 1 0 0 0 0 1 1 2 2 4 3 8 10 11 9 18 28 64 74 77 76 65 50 42 25 14 33 43 62 56 47 27 23 43 19 9 11 17 52 32 13 14 21 43 26 15 5 3 9 3 4 6 3 2 1 6 2 5 19 28
33 6 26 33 8 5 7 16 4 4 34 19 14 6 3 8 7 5 1 4 5 12 25 23 7 2 5 2 1 1 1 1 0 1 1 2 1 0 0 0 0 1 2 3 1 1 1 3 2 3 3 12 30 26 45 66 54 40 21 66 30 15 35 44 43 51 71 42 34 15 9 9 24 39 65 30 13 15 24 52 26 9 4 2 4 6 4 6 2 1 4 23 10 12 12 26
20 15 12 26 3 6 9 15 10 3 3 3 3 12 4 2 9 8 3 4 5 5 14 9 8 2 3 4 2 0 0 0 0 0 0 1 1 0 0 0 0 0 0 1 1 0 1 1 4 5 4 10 12 18 23 18 13 32 55 35 13 25 40 37 54 71 49 37 36 23 9 14 25 43 46 21 19 13 22 43 32 27 10 2 2 3 3 6 1 2 5 5 16 31 18 23
6 4 8 8 4 2 10 16 5 1 4 2 2 5 8 3 4 6 4 2 1 2 3 3 2 1 2 5 4 1 0 0 0 0 0 0 0 1 0 0 0 0 1 1 2 3 4 4 4 6 11 7 6 4 5 12 31 35 62 25 11 38 33 31 57 77 43 50 43 22 14 14 24 54 37 19 22 11 16 28 25 24 20 9 2 1 4 2 1 8 12 13 15 15 56 24
2 2 1 5 2 1 11 12 4 1 1 2 2 1 4 5 2 1 2 2 1 1 2 2 2 1 1 3 6 1 1 0 0 0 0 0 0 0 0 0 0 0 0 1 2 2 4 2 2 6 9 19 16 31 23 28 29 48 47 9 19 32 27 21 46 60 36 39 33 25 12 12 25 55 23 30 22 8 6 11 14 22 11 4 4 1 1 2 7 20 26 29 40 26 20 49
1 1 1 1 1 3 5 6 2 1 0 1 1 0 0 2 3 2 2 2 1 1 1 1 0 1 1 1 1 2 1 0 0 0 0 0 0 0 0 0 0 0 0 0 1 1 1 1 4 4 13 16 17 30 43 61 62 71 33 9 22 30 22 29 69 62 18 34 34 21 12 7 19 51 23 17 14 11 2 5 12 20 5 3 1 1 2 7 19 19 26 28 37 50 66 40
1 0 0 0 0 0 0 1 0 0 0 0 0 0 0 0 1 0 1 1 1 0 0 0 0 0 1 1 1 1 1 1 0 0 0 0 0 0 0 0 0 0 0 0 0 1 2 2 2 11 9 13 21 29 42 70 50 40 7 24 34 25 46 56 79 42 44 22 20 19 17 9 27 51 30 16 13 11 2 4 10 16 9 9 3 0 2 6 8 7 8 8 9 16 37 43
0 0 0 0 0 0 0 0 0 0 0 0 0 0 0 0 0 0 0 0 0 0 0 0 0 0 1 1 0 0 0 0 0 0 0 0 0 0 0 0 0 0 1 1 1 2 4 10 3 9 6 10 14 16 53 40 19 5 20 31 33 31 54 77 49 27 36 18 15 16 15 7 15 43 57 27 14 7 3 3 9 19 13 6 2 0 2 3 2 7 10 19 24 24 23 40
0 1 1 1 1 0 0 0 0 1 1 1 1 1 2 1 1 1 0 0 0 0 0 0 0 0 0 0 0 0 0 0 0 0 0 0 0 0 0 0 0 1 1 1 2 3 5 4 12 7 8 8 17 21 50 11 6 12 26 33 31 32 54 76 33 22 20 29 12 5 4 7 26 42 19 40 19 7 2 1 12 10 14 5 2 0 2 6 13 24 15 30 41 39 35 17
1 2 2 2 2 0 0 2 1 2 2 2 2 3 3 2 2 2 1 1 0 0 0 0 0 0 0 0 0 0 0 0 0 0 0 0 0 0 0 0 1 1 1 4 4 7 7 6 11 26 30 30 18 29 16 6 2 19 21 29 17 32 53 61 38 14 19 26 16 9 3 6 33 15 10 45 29 10 3 1 6 5 10 4 1 1 5 6 8 15 18 18 14 15 20 41
3 3 3 3 1 1 1 3 3 3 3 3 7 4 5 6 3 2 2 2 1 2 1 0 0 0 0 0 0 0 0 0 0 0 0 0 0 0 0 1 1 1 2 3 5 7 10 23 17 20 12 45 29 14 16 11 5 15 25 39 42 34 60 25 11 28 29 13 25 7 2 5 13 12 8 41 15 9 3 2 5 4 4 3 1 2 13 19 25 20 17 9 20 23 24 33
9 9 5 7 4 2 2 2 2 4 9 8 8 11 9 4 4 3 3 2 2 2 2 1 1 1 0 0 0 0 0 0 0 0 0 0 0 0 0 1 1 2 2 3 7 8 16 23 18 19 11 6 17 15 19 3 9 17 16 27 27 42 41 46 41 21 14 11 27 17 5 4 11 8 16 45 13 8 4 1 2 3 3 1 2 6 13 34 40 38 44 26 33 45 37 60
14 12 14 6 6 4 2 5 9 10 15 12 14 9 12 8 6 5 4 6 5 5 2 2 1 2 1 1 0 0 1 0 0 0 0 0 0 0 0 1 1 1 2 3 5 12 7 3 24 18 11 6 15 17 2 2 7 10 14 29 41 51 55 26 16 15 21 15 11 13 7 4 10 8 12 20 17 13 4 1 1 2 1 1 4 6 8 12 9 11 15 28 42 43 71 68
18 18 19 17 13 4 4 8 12 18 21 19 19 16 14 14 9 17 10 9 3 2 2 2 2 1 1 1 1 1 0 0 0 0 0 0 0 0 0 1 1 2 3 3 2 3 3 8 6 9 9 2 6 1 3 2 3 6 9 23 42 55 35 50 26 14 13 10 8 14 12 3 4 7 11 13 13 6 4 1 0 1 1 2 7 3 5 10 28 33 36 30 20 66 41 50
31 44 27 9 14 6 9 11 30 23 23 23 24 39 35 20 22 15 8 11 4 4 1 5 4 2 1 2 4 1 0 0 0 0 0 0 0 0 0 0 1 2 3 1 2 3 3 6 5 4 3 2 3 1 2 1 5 13 18 33 26 25 40 51 16 8 6 5 10 8 6 3 2 5 5 14 13 7 3 1 0 1 2 5 13 17 15 15 25 23 22 45 47 59 35 17
52 62 28 26 32 12 8 32 32 45 19 32 39 34 50 29 13 7 18 11 7 5 1 7 1 1 2 4 1 0 0 1 1 0 0 0 0 0 0 0 1 1 1 1 1 4 12 9 7 3 2 2 2 2 3 7 11 8 7 11 17 28 33 50 24 10 9 6 4 3 3 4 1 4 8 6 4 8 3 1 0 2 7 5 11 29 33 40 41 41 25 34 29 33 34 12
45 62 31 28 39 17 17 49 44 50 17 35 59 41 55 27 19 18 24 22 12 4 4 2 2 4 9 1 1 1 1 1 1 1 0 0 0 0 0 0 0 0 0 1 2 8 8 4 9 2 1 1 3 3 5 4 3 2 9 12 13 36 40 32 15 43 39 23 12 9 4 3 1 3 3 2 4 4 1 0 1 5 14 24 24 31 43 42 36 36 37 45 14 4 25 15
63 37 38 30 42 18 23 52 72 48 14 47 68 58 58 55 28 38 53 27 11 4 9 3 9 9 1 1 2 2 1 1 2 1 1 1 0 1 1 0 0 0 0 1 8 3 7 1 2 4 1 1 5 5 5 5 4 8 31 39 34 33 65 30 41 24 29 28 10 5 4 3 1 1 1 3 1 2 0 0 1 4 5 15 17 9 17 8 8 10 7 58 35 14 11 6
82 66 40 33 40 22 36 55 83 38 22 40 67 68 68 37 30 71 30 6 7 18 15 10 11 3 3 2 4 3 1 2 2 2 1 1 1 1 1 1 0 0 0 0 2 1 2 0 0 0 0 1 3 7 6 14 19 20 17 29 47 46 29 46 35 32 9 16 33 9 3 2 1 0 1 1 1 1 1 1 2 5 6 8 8 4 6 14 24 45 58 76 45 12 8 3
76 75 43 46 50 29 37 63 76 46 27 48 84 83 48 57 36 35 10 7 14 39 42 23 11 9 4 3 5 3 2 5 3 1 1 2 1 2 2 1 1 0 0 0 0 0 0 0 0 1 3 3 7 10 12 19 17 14 34 60 59 54 36 45 8 54 37 6 5 20 19 8 4 1 0 1 1 0 0 1 2 2 2 5 5 6 24 29 27 22 31 54 23 12 6 3
75 65 44 57 53 50 38 66 75 50 37 51 84 74 55 42 19 11 3 14 34 41 23 8 5 2 2 11 7 3 5 5 2 1 1 2 2 2 2 0 1 0 0 0 0 0 0 0 1 1 2 3 6 7 7 9 15 31 24 71 48 22 21 68 31 13 42 13 4 2 5 6 8 6 2 1 0 0 0 0 2 3 2 3 6 13 23 22 22 37 23 32 26 15 6 2
76 66 41 62 57 55 51 52 61 42 36 51 65 32 31 22 9 12 9 20 46 18 12 11 4 4 3 15 12 6 14 6 1 2 2 3 4 6 3 1 1 0 1 1 0 0 0 0 1 1 1 2 6 5 13 18 9 28 41 57 12 4 22 58 20 18 9 31 8 1 2 2 5 4 4 3 1 0 0 0 1 2 3 2 4 11 33 16 11 43 16 16 20 5 2 2
48 48 44 63 57 45 61 49 73 75 64 52 47 38 48 45 32 37 18 25 39 21 15 11 6 6 5 19 16 8 16 6 4 4 4 6 5 6 1 2 3 2 1 0 0 0 0 0 0 1 1 3 6 6 6 9 6 16 41 16 9 4 32 55 27 5 3 4 14 4 2 1 2 1 5 1 1 0 0 0 1 2 3 3 11 21 35 15 13 35 12 5 6 10 2 1
61 32 65 73 64 71 69 84 79 89 89 83 46 66 66 62 57 28 24 44 36 20 14 7 9 13 7 24 22 21 12 9 7 8 8 11 15 7 3 3 9 4 0 0 0 0 0 0 1 1 3 3 4 5 3 4 11 32 44 9 5 7 14 48 32 15 4 1 8 8 3 1 1 1 6 1 0 0 0 1 1 2 3 6 8 6 6 5 9 8 13 8 8 6 1 0
53 49 54 64 78 83 87 88 76 74 78 80 83 74 46 44 36 29 31 27 16 21 16 19 26 19 19 49 33 45 19 15 12 16 18 29 30 8 7 5 8 3 1 0 0 0 0 0 0 1 1 2 2 2 2 5 14 20 15 12 4 4 6 57 15 11 10 1 4 9 5 1 1 1 1 2 1 0 0 1 1 3 6 9 6 4 5 3 4 4 5 4 3 1 0 1
63 60 39 43 58 66 79 56 51 47 60 63 66 73 49 42 47 59 48 31 27 31 26 39 54 39 28 56 51 40 23 32 20 26 24 33 19 12 15 4 2 1 2 2 1 1 1 0 0 0 2 1 1 2 3 1 6 5 7 26 6 5 9 21 10 1 7 2 3 4 3 2 1 1 0 8 1 0 0 1 2 2 2 9 4 3 3 3 2 1 1 1 1 1 1 4
71 73 51 30 55 51 53 66 47 57 66 49 61 77 82 66 79 70 50 41 53 50 50 48 56 42 35 62 59 31 38 38 36 36 45 43 24 14 4 1 1 2 2 2 3 1 1 0 0 0 0 1 1 3 3 2 6 6 3 5 5 6 8 15 19 2 3 3 2 5 3 1 1 1 1 1 1 0 0 1 1 2 5 8 3 3 2 2 3 1 0 0 1 1 3 5
54 65 79 48 28 32 56 56 74 40 36 36 70 52 61 91 88 49 67 66 64 61 62 53 57 48 48 71 58 46 48 43 46 63 58 23 6 5 7 5 7 5 3 2 4 3 2 0 0 0 0 2 1 1 3 2 5 3 3 3 3 2 3 6 24 2 1 2 1 1 2 1 1 1 1 1 0 0 0 0 1 2 8 3 1 1 1 1 1 0 0 1 1 2 4 4
76 74 75 79 45 17 20 64 62 56 14 18 33 48 76 83 68 88 88 70 62 78 73 42 61 51 68 60 59 53 57 46 60 75 73 31 21 14 20 17 21 19 8 7 8 2 1 0 0 0 0 0 0 0 3 2 6 5 2 2 2 1 0 2 10 3 1 1 1 1 1 1 1 1 0 0 0 0 0 0 1 1 2 1 1 1 0 0 0 1 1 1 3 5 4 5
61 45 50 86 46 36 30 30 30 36 26 6 25 73 82 80 61 55 83 62 77 78 66 50 72 67 80 74 67 75 56 55 54 49 51 31 27 29 28 26 7 6 17 25 3 2 1 0 0 0 0 0 0 0 1 3 3 6 2 2 2 1 0 4 9 2 2 1 1 1 1 1 1 0 0 0 0 0 0 1 1 1 1 0 0 0 0 1 1 2 3 3 4 5 3 4
31 49 49 81 81 28 33 19 22 19 22 12 28 42 47 54 70 82 66 28 62 32 70 80 91 86 82 56 72 53 65 51 45 25 63 55 56 39 16 12 3 1 20 12 6 3 2 1 0 1 1 0 0 0 0 0 0 1 1 1 1 0 1 2 4 4 2 1 1 0 0 0 1 0 0 0 0 0 0 0 1 1 1 0 0 0 1 1 3 2 3 8 6 5 5 4
20 25 41 43 79 73 38 17 16 14 14 13 21 44 57 66 32 72 71 33 64 57 32 48 70 50 70 44 63 27 16 38 25 24 38 77 58 32 16 48 16 14 17 12 12 4 1 1 2 2 1 0 0 0 0 0 0 0 0 1 1 0 1 2 2 4 2 1 1 0 0 0 0 0 0 0 0 0 0 0 0 0 0 0 0 1 1 1 3 3 4 4 16 7 5 3
9 16 26 7 41 84 40 21 9 7 11 13 11 19 27 43 49 67 43 50 66 44 14 44 62 46 43 36 40 58 44 42 38 19 23 62 72 79 74 61 47 29 27 30 18 6 4 3 5 1 1 1 1 1 0 0 0 0 0 0 0 0 0 2 2 2 2 1 0 0 0 0 0 0 0 0 0 0 0 0 0 0 0 0 0 0 0 1 2 1 2 5 7 6 3 8
18 10 21 41 37 55 78 35 27 7 5 6 7 9 28 20 46 66 11 23 72 63 25 14 69 75 48 30 43 50 21 18 23 14 12 32 50 53 44 19 30 30 14 20 20 15 17 14 4 1 1 2 2 1 2 2 2 0 0 0 0 0 0 0 1 3 1 1 0 0 0 0 0 0 0 0 0 0 0 0 0 0 0 0 0 0 0 1 2 2 2 3 5 7 12 12
25 9 6 26 43 53 79 59 25 17 8 6 6 8 8 5 23 17 15 54 86 35 18 9 13 52 25 28 23 41 36 21 24 20 16 51 33 15 12 8 10 5 4 37 17 31 37 26 8 6 7 4 4 2 1 0 1 0 0 0 0 0 0 0 0 1 1 1 0 0 0 0 0 0 0 0 0 0 0 0 0 0 0 0 1 1 2 2 3 3 3 5 6 7 6 17
43 27 16 10 12 15 30 58 26 28 11 5 4 5 10 4 13 9 30 28 79 31 16 13 7 14 13 21 8 32 34 14 12 13 17 30 26 7 4 8 6 4 5 10 22 15 11 4 4 4 3 3 2 3 2 0 0 0 0 0 0 0 0 0 0 0 1 1 0 0 0 0 0 0 0 0 0 0 0 0 0 0 0 1 0 0 1 6 2 4 6 8 11 11 15 21
19 16 28 9 9 27 31 55 55 30 18 4 3 3 3 5 7 11 12 29 62 75 39 17 5 4 10 2 6 24 34 14 9 10 6 7 8 5 3 5 4 4 4 4 21 13 11 4 2 1 1 0 0 0 1 1 0 1 0 0 0 0 0 0 0 0 0 0 0 0 0 0 0 0 0 0 0 0 0 0 0 0 0 0 0 1 3 5 5 7 8 8 9 17 15 27
33 23 8 5 6 13 20 32 49 22 11 7 2 2 2 4 2 4 14 56 45 63 39 27 11 3 13 11 2 3 16 8 10 6 2 3 4 10 3 2 3 2 1 3 9 12 14 5 3 2 1 1 0 0 1 1 0 0 0 0 0 0 0 0 0 0 0 0 0 0 0 0 0 0 0 0 0 0 0 0 0 0 0 0 1 1 2 4 2 3 2 3 7 14 15 9
46 35 11 4 2 11 10 18 36 31 8 7 3 2 3 3 2 10 26 47 15 29 39 11 8 6 3 6 7 1 6 10 4 4 2 4 3 2 2 2 4 2 1 1 3 9 15 7 5 2 2 1 0 0 0 0 0 0 0 0 0 0 0 0 0 0 0 0 0 0 0 0 0 0 0 0 0 0 0 0 0 0 0 0 1 1 2 2 2 2 1 4 6 7 7 10
47 33 16 11 3 3 7 13 52 8 9 4 2 2 2 2 2 5 25 13 2 15 62 11 6 7 2 3 3 6 4 3 2 2 2 1 1 1 1 2 3 1 1 1 1 4 14 6 6 2 1 1 0 0 0 0 0 0 0 0 0 0 0 0 0 0 0 0 0 0 0 0 0 0 0 0 0 0 0 0 0 0 1 1 0 1 3 2 2 2 3 3 4 7 9 6
42 32 15 6 5 3 6 7 33 10 2 6 3 1 1 1 1 9 10 5 17 28 49 23 8 3 4 7 2 7 4 3 3 1 2 1 1 1 0 1 1 0 1 3 5 7 10 7 14 8 4 1 0 0 0 0 0 0 0 0 0 0 0 0 0 0 0 0 0 0 0 0 0 0 0 0 0 0 0 0 0 0 0 0 1 1 1 2 3 3 5 4 6 3 8 11
32 19 10 6 5 4 2 4 9 27 6 2 3 1 1 1 1 4 4 6 6 16 44 22 8 9 3 3 3 7 3 2 2 2 1 0 1 1 1 1 0 0 1 7 3 3 8 4 9 8 7 2 1 1 0 0 0 0 0 0 0 0 0 0 0 0 0 0 0 0 0 0 0 0 0 0 0 0 0 0 0 0 0 0 0 0 1 2 2 2 3 9 6 8 19 12
26 21 8 4 4 3 3 4 4 11 10 2 1 1 1 1 1 1 2 4 6 16 52 19 11 4 6 2 2 5 2 1 1 1 1 0 1 1 0 0 0 1 3 6 1 3 4 2 6 6 4 4 2 1 1 0 0 0 0 0 0 0 0 0 0 0 0 0 0 0 0 0 0 0 0 0 0 0 0 0 0 0 0 0 0 0 1 0 1 3 2 5 4 2 5 7
70 41 19 4 2 2 2 2 3 6 9 4 2 1 1 1 1 1 1 1 7 8 34 15 4 3 3 3 2 1 3 1 1 1 1 1 0 0 0 0 1 2 2 1 1 2 1 2 3 4 5 5 6 2 1 1 0 0 0 0 0 0 0 0 0 0 0 0 0 0 0 0 0 0 0 0 0 0 0 0 0 0 0 0 0 0 0 0 1 1 3 6 4 4 5 1
24 60 37 13 4 1 1 2 3 4 19 4 2 1 1 1 1 0 1 1 3 6 17 18 4 2 1 1 2 2 1 2 1 0 0 1 0 0 0 0 1 3 1 1 1 2 1 1 3 4 2 2 2 3 2 1 0 0 0 0 0 0 0 0 0 0 0 0 0 0 0 0 0 0 0 0 0 0 0 0 0 0 0 0 0 0 0 0 1 2 2 3 2 3 3 7
6 56 9 37 17 7 1 1 1 3 9 3 2 1 0 0 0 0 1 1 3 9 8 15 7 3 2 1 1 1 1 2 1 1 0 0 0 0 0 0 2 1 1 0 1 1 0 1 3 4 1 1 1 1 5 2 1 0 0 0 0 0 0 0 0 0 0 0 0 0 0 0 0 0 0 0 0 0 0 0 0 0 0 0 0 0 0 0 1 1 1 1 1 4 4 5
13 13 7 27 10 11 4 1 1 1 3 3 1 1 0 0 0 0 1 2 1 1 14 14 16 7 4 3 1 0 0 1 1 0 0 0 0 0 0 0 1 0 0 0 0 2 0 1 4 4 2 0 0 0 2 1 1 0 0 0 0 0 0 0 0 0 0 0 0 0 0 0 0 0 0 0 0 0 0 0 0 0 0 1 1 0 0 0 1 1 1 2 3 5 6 8
13 10 7 5 6 2 10 2 0 0 1 1 1 0 0 0 0 0 1 1 2 10 17 15 20 7 4 1 1 1 1 1 1 0 0 0 0 0 0 1 0 0 0 0 0 2 1 1 5 4 3 1 0 0 0 0 0 0 0 0 0 0 0 0 0 0 0 0 0 0 0 0 0 0 0 0 0 0 0 0 0 1 1 1 1 1 0 0 1 1 1 1 2 1 3 4
11 7 8 4 5 1 2 4 0 0 1 1 1 0 0 0 0 0 1 2 5 6 12 8 10 10 2 1 1 1 1 0 0 0 0 0 0 0 0 1 0 0 0 0 0 0 1 1 3 4 2 1 1 0 0 0 0 0 0 0 0 0 0 0 0 0 0 0 0 0 0 0 0 0 0 0 0 0 0 1 1 1 1 1 1 1 1 2 1 0 1 0 1 3 3 5
7 8 11 4 1 1 1 1 1 0 0 1 1 0 0 0 0 0 1 5 2 2 6 5 4 6 3 1 1 1 0 0 0 0 0 0 0 0 0 1 0 0 0 0 0 1 0 1 3 1 1 1 0 0 0 0 0 0 0 0 0 0 0 0 0 0 0 0 0 0 0 0 0 0 0 0 0 0 1 1 1 2 2 2 3 2 2 3 1 1 1 1 1 1 4 5
2 2 3 3 1 1 1 0 1 0 0 0 0 0 0 0 0 0 1 1 1 1 3 8 2 2 1 2 1 0 0 0 0 0 0 0 0 0 1 0 0 0 0 0 0 0 0 4 6 0 0 1 0 0 0 0 0 0 0 0 0 0 0 0 0 0 0 0 0 0 0 0 0 0 0 0 0 0 0 0 1 1 1 2 4 3 4 4 3 3 1 1 3 3 2 3
1 1 1 1 1 1 0 0 0 0 0 0 0 0 0 0 0 0 0 1 1 1 1 1 1 1 1 1 0 0 0 0 0 0 0 0 0 0 0 0 0 0 0 0 0 0 1 1 3 1 0 0 0 0 0 0 0 0 0 0 0 0 0 0 0 0 0 0 0 0 0 0 0 0 0 0 0 0 0 0 0 1 1 1 4 4 7 8 5 8 7 6 5 5 4 12
