sesion_6_simulaciones/modelos_agentes/ejemplos_netlogo/scenarios/cgcm2_b2/rob_2055.asc
NCOLS 322 
NROWS 307 
XLLCORNER 451900 
YLLCORNER 4086900 
CELLSIZE 100 
NODATA_value -9999 
[rows 219 to 291 of 307, columns 192 to 287 of 322]
11 10 4 2 2 1 1 1 1 0 0 0 0 0 0 0 0 0 0 0 0 0 0 0 0 0 0 0 1 1 1 2 7 17 50 53 38 54 47 37 49 53 54 54 45 38 27 62 50 32 34 30 29 37 8 55 43 20 21 40 55 60 48 82 79 83 81 50 31 25 57 58 75 32 4 2 1 0 0 0 0 0 0 0 0 0 0 0 1 1 1 2 2 3 5 4
16 6 6 11 6 3 2 1 1 0 0 0 0 0 0 0 0 0 0 0 1 0 0 1 1 1 0 1 1 1 2 1 7 16 36 29 51 40 42 37 51 47 40 59 42 28 31 26 34 20 43 31 18 22 34 14 11 26 16 51 68 61 55 82 89 80 80 90 76 50 35 35 47 22 17 3 2 0 0 0 0 0 0 0 0 0 0 1 1 1 1 2 3 3 4 11
4 2 1 6 3 2 1 0 0 0 0 0 0 0 0 0 0 0 0 0 1 2 1 1 1 1 1 1 2 2 2 3 4 15 21 22 18 33 41 37 60 52 55 66 47 43 43 36 43 20 54 26 13 10 33 42 6 13 41 39 47 33 21 58 83 67 71 83 91 74 22 8 4 6 8 0 0 0 0 0 0 0 0 0 0 0 0 0 0 1 2 1 2 2 5 7
2 2 1 1 4 2 1 1 0 0 0 0 0 0 0 0 0 0 0 0 1 2 6 4 2 3 2 2 5 6 3 4 14 16 15 13 21 40 38 41 44 37 40 59 38 48 50 30 39 50 42 38 14 13 18 17 16 40 60 60 41 35 45 28 61 79 70 62 77 80 42 23 7 2 1 0 0 0 0 0 0 0 0 0 0 0 0 0 0 1 2 2 3 3 4 3
10 10 6 4 2 1 1 1 0 0 0 0 0 0 0 0 0 0 0 0 1 3 7 11 4 6 7 5 10 12 8 8 19 21 22 14 25 21 30 33 38 33 41 59 45 31 47 32 41 35 31 18 20 15 9 11 14 30 28 29 25 37 45 31 38 63 54 49 66 73 43 16 6 2 0 0 0 0 0 0 0 0 0 0 0 0 0 0 0 1 1 1 3 4 4 6
11 8 8 4 2 1 1 1 0 0 0 0 0 0 0 0 0 0 0 1 1 4 7 18 16 10 10 15 15 27 28 16 18 20 24 15 27 12 28 30 23 31 38 57 65 31 44 40 22 17 24 22 29 9 5 15 18 35 19 38 39 42 46 43 18 24 7 4 9 49 55 16 4 1 0 0 0 0 0 0 0 0 0 0 0 0 1 1 1 1 1 3 3 3 5 13
6 4 4 2 1 1 0 0 0 0 0 0 0 0 0 0 1 1 1 1 1 2 6 15 23 24 18 21 19 32 63 41 26 26 15 18 23 20 40 24 20 22 33 38 55 50 20 31 11 11 10 7 17 16 3 12 16 15 26 46 53 47 57 47 21 26 16 18 6 6 26 9 2 2 1 1 1 0 0 0 0 0 0 0 0 0 0 1 1 1 1 3 4 4 6 8
6 3 3 1 0 0 0 0 0 0 0 0 0 0 0 0 1 1 2 3 2 3 8 11 25 51 31 30 31 22 41 56 27 37 29 32 39 37 25 26 16 21 21 22 27 35 24 45 33 10 33 26 13 8 4 9 39 36 39 47 63 52 48 32 24 24 30 38 15 9 7 2 3 2 2 2 1 0 0 0 0 0 0 0 0 0 1 0 0 1 1 1 3 5 5 9
4 5 3 2 1 1 0 0 0 0 0 0 0 0 1 1 1 1 3 6 6 10 10 14 26 50 64 39 55 33 42 56 40 27 47 49 38 34 33 30 9 14 13 22 32 35 45 56 64 24 21 21 15 5 9 11 25 23 41 54 55 38 35 26 51 41 46 36 17 11 3 3 3 4 3 2 2 1 1 0 0 1 1 0 0 0 0 0 0 0 1 1 2 2 6 9
6 3 2 1 1 0 0 0 0 0 0 0 0 0 1 0 0 1 4 7 14 25 37 25 31 47 75 37 56 36 41 56 23 25 45 47 51 45 36 32 21 22 19 15 34 39 37 54 47 46 32 22 16 10 28 43 37 45 56 68 49 29 32 47 75 65 40 25 18 9 7 5 8 6 7 4 3 2 0 0 0 1 1 0 1 0 0 1 0 1 1 2 2 3 3 10
6 3 1 1 0 0 0 0 0 0 0 0 0 0 0 0 0 1 2 4 7 18 41 60 52 46 66 65 72 42 63 36 22 21 33 52 52 53 29 30 32 34 22 20 25 39 41 38 33 29 39 36 18 21 25 24 43 29 41 15 29 53 55 79 71 51 36 22 25 23 17 15 12 13 4 3 2 1 0 0 0 1 2 1 1 1 1 1 0 1 1 2 5 5 8 11
2 2 1 0 0 0 0 0 0 0 0 0 0 0 0 1 2 1 2 3 11 18 37 40 62 60 71 75 68 40 55 27 22 49 35 48 52 38 34 44 41 43 20 23 44 41 51 41 48 23 23 18 17 5 13 9 71 42 21 36 47 48 55 47 30 27 26 27 19 23 31 29 17 5 1 1 1 1 0 0 0 0 2 1 1 1 3 5 1 1 1 2 3 3 7 10
1 0 1 0 0 0 0 0 0 0 0 0 0 0 1 2 1 2 4 8 10 20 38 52 49 57 64 62 64 63 70 38 28 40 51 40 50 43 37 38 41 28 33 20 23 28 43 49 43 31 15 15 10 12 23 23 8 75 78 51 31 17 34 32 40 33 24 16 10 29 59 31 12 5 2 1 0 0 0 0 0 1 1 1 2 1 2 3 5 1 1 3 3 6 5 9
1 0 0 0 0 0 0 0 0 0 0 0 0 1 1 2 1 2 6 7 8 30 49 61 48 53 65 57 76 82 54 44 44 58 37 53 51 48 45 41 40 35 51 17 33 31 40 37 25 10 28 14 19 21 31 49 36 29 38 44 24 43 27 29 25 30 29 10 18 33 33 15 9 6 2 0 0 0 0 1 0 0 0 3 3 1 1 1 8 1 2 4 4 5 4 6
0 0 0 0 0 0 0 0 0 0 0 0 0 0 1 1 2 4 8 21 14 18 58 50 68 56 61 66 26 80 57 52 43 59 48 38 43 53 44 44 43 35 61 20 20 59 40 34 31 20 37 15 17 38 49 17 46 46 26 12 25 14 23 28 27 26 16 47 36 13 20 8 5 4 2 0 0 0 0 0 1 1 1 1 2 2 1 3 4 5 4 2 3 9 6 7
1 1 1 0 0 0 0 0 0 0 0 0 0 0 1 1 2 3 9 21 32 43 69 56 70 69 72 65 70 63 81 48 41 51 44 21 28 48 51 57 43 20 41 47 11 28 32 55 29 29 36 24 17 31 24 24 13 14 20 36 29 31 29 43 19 21 32 17 11 16 13 8 5 1 0 0 0 0 1 0 1 1 1 2 3 5 1 2 4 5 18 6 2 4 14 11
0 1 0 0 0 0 0 0 0 0 0 0 0 0 1 1 1 3 9 18 36 31 48 16 36 59 56 25 25 48 75 39 48 78 42 42 49 56 34 13 25 11 40 45 13 35 50 32 11 23 35 28 18 26 20 10 35 39 49 33 17 25 52 62 43 34 51 47 35 21 11 6 2 1 0 0 1 1 2 1 1 1 1 2 5 4 8 2 6 3 2 10 4 4 5 10
0 0 0 0 0 0 0 0 0 0 0 0 0 0 0 0 1 2 6 14 20 15 16 43 39 41 29 34 46 48 64 62 64 66 60 54 50 45 44 23 32 30 32 50 11 22 38 32 17 15 16 26 21 23 8 24 41 17 23 30 33 54 63 64 65 59 38 23 29 18 28 10 3 1 0 0 0 1 1 1 1 1 2 1 2 4 4 11 9 8 5 13 7 1 4 4
1 0 0 0 0 0 0 0 0 0 0 0 0 0 0 0 1 2 2 3 7 34 36 31 42 53 47 36 42 52 50 49 62 63 42 48 44 47 51 20 48 38 30 49 10 15 36 27 37 33 13 12 31 25 16 25 27 20 48 35 61 46 46 70 79 48 37 14 32 12 7 5 1 1 1 1 1 2 2 2 3 2 2 2 2 2 4 12 24 29 5 5 8 4 7 14
0 0 0 0 0 0 0 0 0 0 0 0 0 0 0 0 0 1 1 4 8 15 26 22 20 34 50 35 47 35 45 51 52 71 52 61 43 57 37 41 22 33 19 38 11 9 20 19 22 32 32 14 16 5 18 10 9 33 38 32 41 32 57 63 64 69 35 11 6 6 4 1 0 1 2 2 1 1 4 3 6 3 3 3 3 3 2 2 3 7 21 19 12 8 9 15
0 0 0 0 0 0 0 0 0 0 0 0 1 1 0 0 1 1 1 4 9 16 15 25 32 47 36 30 38 37 21 27 48 38 35 61 29 51 37 33 33 33 66 41 16 18 31 45 19 12 15 14 4 23 7 12 25 56 50 73 71 53 37 43 39 25 25 22 9 4 1 0 1 3 2 4 1 2 4 8 5 8 4 4 4 3 6 4 4 5 12 11 10 36 11 19
0 0 0 0 0 0 0 0 0 0 0 1 1 1 1 1 2 2 2 2 5 4 8 11 16 29 24 20 25 28 39 38 24 20 13 61 37 63 28 40 29 26 68 47 32 20 52 33 33 23 12 33 13 33 23 35 40 18 34 40 45 39 23 33 43 29 32 11 12 4 2 0 1 2 2 5 6 2 3 5 8 12 7 11 6 2 4 7 2 1 2 3 3 15 22 13
0 0 0 0 0 0 0 0 0 0 0 1 1 1 2 1 2 4 3 7 13 17 29 35 41 37 39 53 57 42 46 61 58 37 51 44 63 53 30 33 25 19 15 49 26 11 21 27 28 19 25 39 50 59 85 75 76 66 68 43 44 44 48 57 42 28 18 10 7 3 1 0 2 3 5 6 6 5 6 11 8 16 10 13 7 4 4 8 12 3 6 7 4 3 4 8
0 0 0 0 0 0 0 0 0 0 1 1 1 2 2 1 1 1 7 14 26 24 35 49 62 69 67 58 77 63 47 45 39 26 16 18 36 37 43 30 33 11 14 40 16 13 13 25 12 22 5 4 6 10 27 44 84 83 62 59 47 42 21 49 33 20 15 9 2 1 0 1 2 4 3 4 6 12 8 13 9 4 19 18 10 4 5 13 11 5 6 11 9 18 24 33
0 0 0 0 0 0 1 1 0 0 0 0 1 2 2 4 1 1 2 6 16 36 18 42 41 58 66 52 12 29 46 33 22 21 28 38 40 23 47 16 27 14 5 27 18 22 7 7 6 15 14 10 11 10 11 10 29 59 74 76 81 43 36 25 19 15 14 11 7 1 1 2 5 5 5 6 19 14 16 17 17 6 7 29 17 6 6 8 9 7 11 6 15 19 28 37
0 0 0 0 0 1 1 1 1 1 0 0 1 2 1 3 2 1 2 4 10 14 13 29 26 26 26 17 14 16 27 25 23 32 27 17 29 43 36 6 19 23 6 14 15 6 3 20 14 12 30 18 26 31 30 36 39 55 47 37 50 78 58 43 33 28 25 11 5 1 1 5 7 11 11 8 16 24 17 12 12 12 5 17 27 13 13 6 16 8 16 16 11 22 24 19
0 0 0 0 1 1 1 1 1 1 1 1 1 1 2 1 4 1 1 1 3 3 9 12 18 31 29 35 42 29 40 22 23 37 30 24 24 17 8 9 18 24 59 28 9 11 4 11 14 11 30 38 21 39 55 32 27 25 29 20 21 37 55 50 40 22 20 11 3 1 2 7 7 12 13 15 10 31 22 31 16 25 16 16 47 20 29 11 18 17 18 30 21 20 18 29
0 0 1 1 1 1 1 1 1 1 1 1 1 2 4 3 3 1 1 3 2 2 8 11 19 26 34 31 34 52 46 49 43 61 20 15 19 25 23 20 43 41 13 13 36 15 8 10 10 41 53 15 35 33 26 30 45 40 49 32 26 22 22 24 24 17 10 7 3 2 3 8 9 16 14 12 13 20 30 36 26 17 28 17 50 16 19 22 14 34 20 20 23 16 18 19
0 1 1 1 1 1 1 2 3 3 1 1 2 1 7 16 1 2 1 6 7 9 7 9 14 17 28 20 27 37 40 33 28 29 31 32 25 34 32 21 11 9 6 4 7 19 22 10 44 59 14 8 12 40 37 34 30 40 28 25 31 22 19 13 12 9 8 4 3 3 7 10 10 12 12 13 18 22 34 29 27 23 27 42 53 17 21 27 16 35 23 11 29 12 7 15
1 1 1 2 2 1 2 2 5 4 1 1 1 3 5 6 2 2 2 5 9 11 11 7 7 7 19 25 27 37 27 25 30 30 28 27 27 21 19 21 13 8 6 5 8 4 6 30 10 31 11 13 14 12 23 76 48 51 41 35 26 22 18 12 10 8 6 3 3 3 7 9 7 12 11 21 27 18 21 43 34 40 41 41 53 33 39 17 39 34 10 18 25 11 14 20
1 1 1 4 2 1 1 3 4 9 2 1 2 3 6 11 6 3 3 10 14 21 13 16 17 6 11 17 21 19 27 18 26 27 28 15 15 8 11 14 25 25 22 16 16 22 18 6 3 8 15 32 36 31 38 22 35 38 50 48 35 22 16 14 11 9 6 3 1 6 9 10 16 14 24 22 20 31 20 17 30 32 32 47 23 80 42 17 29 30 7 19 16 30 17 24
2 3 2 5 3 1 1 4 5 7 1 1 3 4 8 9 11 1 6 13 15 29 17 19 21 30 18 15 11 12 15 26 42 32 12 27 12 27 15 16 19 26 13 9 8 12 6 6 14 25 32 29 39 34 46 15 12 14 14 27 23 25 20 18 15 14 9 4 2 8 9 9 15 19 25 11 20 14 32 14 22 19 34 22 46 70 28 19 43 16 10 20 18 27 32 30
2 2 5 5 4 4 2 3 7 15 2 3 5 8 9 14 2 2 9 13 25 34 40 24 45 29 31 31 19 21 13 48 56 34 37 23 19 26 17 13 25 9 16 7 11 11 8 9 8 28 27 21 37 42 37 15 28 36 35 40 36 31 30 32 23 21 13 5 2 10 11 10 24 16 21 35 33 23 13 26 18 27 31 40 32 56 46 38 40 18 17 27 15 17 8 38
1 1 6 6 6 5 3 4 9 10 3 6 8 20 22 8 2 2 10 14 18 39 37 43 29 32 51 38 34 33 35 43 56 49 37 42 40 23 42 22 12 18 6 4 4 8 8 9 10 15 19 27 32 28 41 40 41 48 47 51 52 54 37 26 16 11 11 3 4 12 18 14 28 30 22 25 34 25 27 9 37 12 17 38 40 56 63 72 36 21 31 25 30 32 22 47
2 3 8 9 14 8 5 5 13 14 3 4 11 25 15 3 1 5 9 14 26 33 37 40 45 35 49 41 55 54 54 40 21 27 37 35 35 15 29 27 26 16 8 7 15 8 6 18 6 6 8 16 35 51 38 37 56 56 55 37 55 34 16 20 21 14 6 3 3 11 26 15 24 31 36 28 38 24 31 25 19 40 20 8 12 36 56 69 34 45 35 30 27 45 19 21
2 4 4 8 22 12 5 8 10 16 3 3 12 26 9 3 2 6 15 15 17 23 29 37 57 35 42 39 34 53 56 42 42 32 31 18 25 26 32 22 20 12 9 13 25 13 11 13 4 3 7 26 41 26 55 61 31 38 27 28 22 19 30 30 15 13 11 3 5 7 29 20 20 23 28 37 30 29 15 28 15 44 27 21 12 10 30 45 53 70 40 35 29 40 14 19
3 9 6 6 10 23 8 11 23 6 4 5 8 32 14 4 2 9 14 17 29 41 40 56 54 48 28 33 51 46 26 55 72 55 26 25 18 21 30 20 10 17 17 11 12 6 8 6 16 12 19 26 30 45 56 41 54 33 38 39 32 29 24 18 17 15 7 4 4 10 12 37 21 20 25 28 45 41 28 48 19 17 29 26 20 18 18 34 52 56 39 40 34 37 20 30
4 6 16 13 6 17 5 14 40 7 7 14 19 24 7 6 1 5 19 22 39 32 37 58 57 52 46 20 15 18 25 24 28 11 13 23 35 22 22 34 24 15 10 8 5 3 4 6 20 22 26 30 41 47 64 59 57 45 37 46 36 39 39 22 20 18 8 6 7 19 22 22 40 19 22 28 52 42 30 24 36 19 15 39 34 20 24 24 43 48 57 39 32 24 35 18
5 8 19 26 11 29 7 15 44 19 9 22 25 14 6 2 2 3 8 23 42 45 37 39 48 63 44 20 26 20 24 24 30 22 17 10 20 28 33 30 16 14 6 9 9 4 8 3 1 3 25 22 20 38 38 29 29 53 51 43 47 25 26 24 17 17 15 3 9 20 25 23 27 10 30 30 32 48 59 48 46 27 19 18 35 22 18 32 47 79 70 36 24 21 36 17
6 8 10 31 14 25 13 13 19 26 12 30 25 5 2 3 5 8 16 30 32 35 46 27 38 47 63 27 20 21 32 29 29 27 21 29 20 23 13 7 8 14 7 7 11 6 6 2 8 12 16 34 67 53 35 62 56 74 51 37 45 42 39 34 31 17 15 8 12 24 21 34 48 19 20 46 36 53 43 38 55 21 30 31 55 23 14 20 17 35 58 32 32 15 49 34
7 7 6 17 41 19 30 13 38 16 37 16 5 2 6 7 11 8 34 43 23 34 38 42 20 34 55 63 31 32 19 29 25 13 11 12 18 12 8 8 9 4 3 2 6 3 5 3 11 11 11 29 25 44 55 54 36 59 34 28 32 37 36 30 18 15 11 19 20 25 30 37 9 28 39 47 42 31 46 31 67 27 31 23 30 47 31 35 41 36 47 27 50 18 29 47
17 10 8 10 19 35 37 19 55 24 23 5 3 6 9 15 15 10 13 12 26 30 38 56 50 32 32 15 36 51 18 30 16 13 20 24 25 14 13 11 7 7 12 8 3 1 2 2 7 14 21 25 38 27 41 38 36 34 23 9 24 30 29 24 14 10 11 21 23 25 30 45 15 14 7 14 39 54 69 24 57 44 31 33 20 17 55 28 39 42 34 51 18 21 33 47
12 20 13 10 10 22 50 26 24 9 5 2 5 10 21 28 26 10 14 16 27 34 29 12 18 14 19 36 11 19 36 53 31 35 11 25 8 13 13 3 4 5 4 3 3 11 3 4 7 14 22 15 16 27 29 34 26 43 31 34 44 33 31 18 26 24 14 25 25 29 27 43 14 28 16 22 22 17 40 33 27 53 32 37 21 42 45 13 37 52 54 44 16 22 20 24
13 22 15 22 29 40 41 22 22 6 8 6 10 22 22 30 35 20 24 26 30 33 25 20 17 23 20 13 15 30 15 22 24 53 22 39 9 7 8 9 7 5 5 7 3 2 4 3 8 16 31 14 16 24 39 19 39 60 65 57 48 32 34 33 28 25 27 38 27 28 29 36 20 33 29 24 36 32 37 54 19 54 31 53 19 18 41 9 18 25 53 33 12 23 24 49
16 28 21 28 37 48 38 9 5 3 11 10 20 25 26 35 23 47 41 28 32 31 29 34 35 28 27 16 19 40 15 12 6 7 9 25 31 24 16 32 19 15 8 7 6 3 1 5 17 15 23 8 12 25 28 34 49 73 37 42 51 31 35 29 27 26 33 45 29 29 32 33 30 32 43 26 36 34 33 32 47 75 43 49 35 11 47 25 11 14 33 42 22 26 21 7
18 36 38 33 66 43 9 6 10 12 23 20 17 31 29 42 16 29 60 19 36 27 17 23 34 36 15 23 27 30 51 17 12 6 7 4 6 4 9 25 28 11 13 9 7 5 3 4 13 11 10 10 17 22 43 44 44 44 42 30 49 40 28 10 32 17 19 54 32 31 44 33 47 30 43 35 33 39 32 26 29 16 59 57 47 15 22 19 9 10 17 46 20 31 36 28
21 31 59 50 59 12 12 11 13 23 27 26 37 48 17 34 18 30 34 55 21 42 16 14 19 35 35 31 27 19 11 23 11 12 9 7 7 6 6 8 12 6 4 6 3 1 2 7 7 8 10 9 11 20 37 53 24 48 67 56 27 23 16 9 44 28 29 48 39 30 47 33 60 42 40 45 30 30 44 28 21 16 43 38 46 19 10 44 12 13 22 41 40 36 23 27
15 35 63 72 40 7 14 24 27 27 44 51 27 35 22 21 41 19 33 31 23 31 21 20 21 30 25 43 27 31 33 21 29 17 14 10 7 6 6 8 9 4 3 3 4 3 4 14 6 9 8 8 13 27 47 44 70 47 38 53 31 18 7 18 25 49 31 34 41 28 38 32 52 45 29 44 43 27 30 43 36 12 21 51 58 22 6 28 19 13 24 16 57 39 19 62
18 41 67 44 7 9 29 26 21 50 36 64 21 40 23 19 26 62 18 34 47 30 41 17 17 32 38 27 27 43 25 23 45 9 14 11 8 10 3 9 6 3 8 9 6 5 11 8 10 14 17 22 22 21 28 42 50 40 43 36 33 17 9 26 21 34 30 31 44 29 31 37 32 52 28 30 56 27 29 32 46 14 24 28 45 22 10 19 27 18 14 11 13 31 27 20
19 51 48 26 12 19 30 32 21 39 21 59 24 40 48 18 44 63 13 42 58 19 52 17 16 34 40 40 15 12 46 9 10 24 35 19 5 8 4 8 4 2 3 3 4 5 6 10 15 18 14 12 10 16 17 26 35 40 29 49 33 20 18 27 36 40 20 26 39 40 26 23 17 39 26 27 36 34 27 22 10 11 33 20 44 21 13 7 21 34 7 16 35 31 36 6
20 46 43 32 16 20 40 55 18 26 26 49 20 34 59 26 41 61 23 22 35 34 38 20 17 19 19 31 32 29 12 16 8 7 2 28 19 6 4 5 3 4 6 5 6 6 5 8 12 21 17 22 16 23 19 25 14 26 31 19 17 29 26 28 26 35 38 29 33 39 16 27 17 27 31 26 34 14 12 29 13 14 13 17 48 51 15 8 17 29 5 9 30 39 39 19
44 42 53 22 19 27 31 39 19 31 28 33 38 22 53 21 17 51 24 17 18 16 61 35 15 13 16 16 19 22 39 23 6 14 3 4 22 5 3 4 2 10 10 10 4 6 2 5 10 21 27 14 14 8 11 25 37 56 34 15 8 25 26 27 27 27 52 19 32 42 14 24 25 28 44 5 23 29 13 12 23 11 11 12 20 42 10 7 11 29 8 8 10 41 65 48
75 43 17 17 27 28 30 35 20 54 34 17 42 20 61 18 17 34 27 14 18 30 47 23 12 17 13 28 29 27 19 21 14 19 2 5 6 15 2 3 6 10 4 7 5 6 4 1 6 17 22 30 23 13 22 28 38 53 45 18 9 39 26 18 25 25 39 24 16 42 24 13 14 43 35 14 12 13 32 8 19 34 15 15 55 34 6 19 2 41 19 7 5 4 12 19
17 9 19 16 26 29 43 41 33 45 28 17 68 16 19 47 23 50 30 12 14 23 24 51 18 22 11 23 28 26 17 10 15 32 5 7 4 30 3 3 4 4 3 4 3 7 5 7 8 24 24 17 39 18 17 14 14 39 42 9 14 24 29 15 28 24 23 38 16 45 31 18 20 17 35 13 12 19 17 16 6 4 34 12 20 38 12 31 6 21 47 9 21 13 8 6
36 18 42 30 27 30 51 28 56 38 14 21 47 22 23 49 13 20 52 9 25 20 14 40 11 21 19 15 18 20 27 23 4 14 6 7 4 4 14 4 1 5 4 8 6 3 2 8 16 20 34 29 8 15 18 3 17 22 17 7 19 47 35 14 12 38 14 30 13 19 63 12 25 26 16 19 16 15 28 18 19 9 11 21 7 35 44 32 9 15 71 9 11 8 17 6
59 34 19 34 35 38 32 28 52 25 23 23 18 20 21 29 16 14 47 17 23 16 7 16 26 20 19 11 13 12 15 15 18 5 7 19 5 4 8 12 3 9 5 7 7 5 6 3 17 6 4 4 5 14 14 36 26 12 18 15 11 35 20 15 15 24 39 11 33 10 37 10 21 36 7 11 34 8 13 20 27 13 8 3 6 5 32 46 13 10 39 15 12 8 15 11
82 40 26 25 26 33 14 30 42 11 29 23 20 22 15 34 16 16 30 10 11 27 9 4 3 9 9 5 21 31 14 15 21 3 5 1 9 3 4 33 3 4 4 6 7 4 8 5 38 12 9 6 7 8 29 42 20 5 6 26 10 9 28 14 25 14 49 9 49 8 21 23 13 19 8 28 14 12 8 9 15 20 16 7 6 7 4 8 32 41 29 19 13 7 20 11
59 21 14 29 17 18 17 18 41 11 20 15 17 40 15 38 16 38 16 9 8 21 14 6 7 8 10 9 13 14 29 29 6 5 2 2 2 10 3 33 2 2 2 5 4 3 9 4 3 7 11 14 3 19 33 30 18 10 4 32 17 13 6 27 24 23 37 10 39 15 9 14 24 37 12 8 14 5 12 3 4 14 6 8 5 4 6 3 4 9 40 15 7 9 20 12
71 23 52 23 24 16 17 17 15 11 22 20 10 45 44 11 26 21 24 19 17 8 15 11 15 19 11 16 7 7 9 9 7 5 2 3 2 3 5 13 4 1 2 2 3 3 3 12 2 3 6 8 13 44 37 25 17 15 4 10 23 10 17 14 19 39 22 27 6 26 40 6 34 51 15 3 11 4 6 3 11 9 13 12 3 2 3 5 4 3 9 20 14 4 18 4
59 40 16 16 16 20 27 17 20 9 14 12 18 29 27 8 9 11 11 3 13 9 13 18 24 18 14 19 17 4 5 7 25 12 3 2 9 2 1 5 8 1 3 2 4 9 7 4 2 3 4 6 19 28 30 16 4 13 12 7 23 9 14 16 6 15 11 13 8 11 38 8 22 25 1 4 6 11 8 5 1 14 2 4 8 1 1 2 5 5 9 2 23 5 10 3
10 40 11 19 18 15 20 12 45 11 13 13 13 4 25 12 12 5 19 8 7 13 13 14 16 8 16 24 18 2 5 7 9 12 10 6 3 7 1 1 11 1 2 2 1 13 17 5 4 3 6 17 22 23 31 10 7 14 10 12 27 11 5 6 13 9 9 23 7 10 30 15 41 12 2 6 3 1 4 11 2 5 4 5 12 2 4 2 3 3 3 6 11 10 15 2
20 57 11 13 8 17 21 20 10 19 13 11 14 5 14 7 12 6 42 12 4 8 10 37 8 7 11 19 17 3 6 5 13 6 12 5 2 3 6 1 10 1 1 1 2 4 3 5 1 10 8 17 23 29 13 4 9 14 11 14 30 15 24 8 8 15 7 22 6 8 7 11 31 2 2 1 3 2 6 4 4 1 1 6 7 7 6 4 2 2 2 1 3 17 7 2
19 55 29 3 8 9 28 17 9 23 14 7 4 8 6 11 3 18 6 3 5 10 15 8 20 8 6 7 8 7 4 11 10 8 6 6 4 5 6 2 14 1 2 2 2 2 6 17 10 4 13 32 36 27 3 8 13 18 11 16 9 26 9 25 14 6 5 11 4 9 11 21 11 10 6 6 1 6 10 3 7 2 0 3 4 11 8 3 2 1 2 2 1 4 8 7
7 26 33 3 14 6 15 25 6 18 10 5 1 9 4 17 5 13 9 11 4 5 13 14 11 6 4 6 8 13 1 4 6 13 7 3 4 8 2 6 9 3 2 4 2 2 1 13 19 15 27 35 29 6 10 17 19 16 12 18 20 16 5 13 22 2 5 4 8 3 8 12 7 15 6 5 3 10 7 1 13 15 3 4 1 1 4 4 2 3 1 2 2 11 2 7
9 18 29 7 8 3 6 6 9 9 10 3 1 5 6 38 7 5 7 2 6 11 10 14 7 3 3 3 8 6 4 6 12 6 2 1 3 6 6 2 5 3 2 5 4 3 6 37 28 49 54 45 4 6 8 8 12 14 12 14 24 5 16 11 10 24 41 4 3 1 2 20 3 13 11 8 6 13 9 6 9 28 4 6 2 1 4 5 12 10 3 1 16 3 3 13
7 9 34 12 13 4 4 7 3 12 10 7 3 4 3 10 7 4 7 4 6 7 5 5 5 2 15 2 5 11 5 5 12 10 3 2 7 2 2 3 1 2 1 4 14 31 55 31 32 37 14 2 6 8 13 9 11 11 9 5 7 4 11 7 2 19 4 0 0 3 5 5 15 4 14 8 8 10 20 8 11 16 3 10 3 3 3 3 3 5 5 10 3 9 12 24
8 4 2 34 4 3 1 1 1 7 19 4 4 2 4 11 2 3 10 2 4 5 4 3 2 4 2 2 1 9 3 5 5 5 3 4 4 3 1 2 1 1 1 31 25 27 61 69 30 7 2 5 5 8 9 8 10 11 8 2 0 1 10 15 21 25 2 2 1 9 13 6 7 2 15 5 14 6 10 4 5 15 5 10 5 7 1 1 2 1 1 2 5 2 12 17
8 9 3 36 1 4 6 2 7 1 8 3 3 5 5 17 3 6 9 5 2 4 4 12 1 3 1 10 1 1 3 4 9 5 2 3 11 4 1 2 4 38 47 49 62 21 41 70 44 1 4 6 6 6 1 6 7 7 7 0 0 6 25 25 25 7 4 9 9 4 14 13 2 4 6 7 19 13 25 35 36 16 5 7 10 6 7 0 2 3 3 2 3 6 16 11
6 5 2 37 3 1 2 2 13 1 2 8 3 3 3 10 2 4 10 4 2 3 3 10 1 2 1 4 5 5 2 4 5 4 3 7 3 3 2 10 30 50 70 54 68 72 63 42 1 3 8 5 6 7 2 4 11 11 4 2 1 9 21 14 7 5 8 7 8 7 11 26 33 6 3 6 7 10 14 7 3 9 12 23 15 11 2 1 6 1 6 5 3 8 25 6
5 4 2 10 8 12 3 2 9 2 2 8 0 2 1 2 3 3 6 3 1 0 0 6 1 3 6 4 9 3 3 4 3 7 2 6 3 1 5 15 12 5 41 67 72 53 2 2 5 3 4 3 5 6 3 1 2 33 4 9 4 6 4 13 12 5 11 10 7 19 21 19 2 5 5 12 11 10 9 7 8 8 11 8 10 2 5 2 2 1 3 7 2 4 18 5
3 3 2 2 12 4 3 1 5 1 1 4 2 1 0 1 2 1 5 2 2 0 1 1 2 4 5 3 4 2 6 4 5 2 3 4 3 1 5 11 4 21 14 8 5 2 8 10 6 6 3 3 2 0 2 5 2 9 9 5 4 5 2 5 3 3 4 12 24 31 7 2 5 7 7 8 21 10 26 9 12 12 11 8 11 1 3 2 5 1 7 4 3 3 4 1
3 3 2 1 13 1 1 2 8 2 1 1 6 1 1 1 1 1 3 3 1 1 1 4 6 2 2 4 1 2 2 3 3 4 2 2 3 2 12 13 49 44 11 2 7 8 2 3 4 1 2 0 2 1 3 5 2 15 5 2 3 3 6 4 1 4 7 25 17 1 3 0 2 8 21 18 10 11 5 10 10 7 10 14 3 4 4 5 2 1 10 4 3 4 2 0
1 1 3 7 2 1 2 1 3 1 1 0 4 1 1 1 1 1 1 4 1 1 0 1 4 4 4 2 1 2 1 2 2 4 1 3 5 3 9 7 7 17 3 7 8 4 4 6 11 4 1 0 0 1 4 7 1 7 3 3 3 3 6 2 1 2 10 14 1 0 1 4 2 2 4 18 14 19 3 6 8 7 9 5 6 4 4 4 7 1 3 3 1 1 1 1
