sesion_6_simulaciones/modelos_agentes/ejemplos_netlogo/scenarios/cgcm2_b2/rob_2042.asc
NCOLS 322 
NROWS 307 
XLLCORNER 451900 
YLLCORNER 4086900 
CELLSIZE 100 
NODATA_value -9999 
[rows 222 to 295 of 307, columns 0 to 95 of 322]
21 29 41 58 48 34 46 33 7 22 25 29 51 22 19 11 11 5 5 7 18 29 31 39 30 27 21 36 55 30 21 48 61 34 60 51 31 30 38 65 37 36 51 66 60 75 54 59 62 81 79 51 33 31 26 11 13 27 14 16 17 9 5 13 6 7 3 4 2 2 1 1 0 0 0 0 0 0 0 0 0 0 0 0 0 0 0 1 1 0 0 0 1 1 2 1
46 55 42 28 30 39 38 46 25 12 15 30 33 15 8 9 11 22 27 27 30 43 28 66 50 45 37 38 33 47 31 45 37 44 69 21 24 36 42 67 64 57 50 73 34 21 33 19 20 60 68 46 42 22 16 16 8 9 14 14 10 14 5 6 9 3 3 3 3 1 0 0 0 0 0 0 0 0 0 0 0 0 0 0 0 0 0 0 1 1 0 1 1 1 0 0
47 66 69 76 58 55 45 47 31 38 46 59 26 19 18 28 25 43 23 25 64 19 39 45 46 35 27 62 46 42 41 49 41 60 40 30 41 52 45 64 63 64 62 87 80 70 59 55 45 21 27 33 20 16 9 9 8 9 9 8 7 7 3 15 14 5 3 2 1 1 0 0 0 0 0 0 0 0 0 0 0 0 0 0 0 0 0 1 2 2 1 1 2 1 0 0
52 61 50 66 63 67 37 26 19 56 55 41 25 19 23 30 10 5 4 43 23 35 65 51 38 48 41 48 41 29 41 41 58 19 21 49 41 66 46 70 66 73 77 61 61 75 60 66 67 38 17 18 10 14 6 6 6 9 5 4 7 3 2 2 2 2 1 1 1 0 0 0 0 0 0 0 0 0 0 0 0 0 0 0 0 1 1 1 5 4 4 4 1 1 0 0
17 30 34 24 32 76 51 11 38 44 57 27 42 36 8 6 4 2 16 49 18 47 63 65 47 45 33 15 38 29 44 68 57 30 40 48 71 80 59 66 79 82 80 52 63 65 65 31 57 70 23 14 5 7 6 8 5 4 3 2 1 1 1 1 1 1 1 1 0 0 0 0 0 0 0 0 0 0 0 0 0 0 0 0 0 1 3 4 7 10 4 1 1 0 0 0
45 30 33 31 36 30 17 20 19 30 50 56 56 15 4 4 20 31 51 66 35 40 60 76 66 38 51 25 31 49 23 49 78 39 29 36 58 55 84 89 63 55 40 70 47 49 67 44 28 11 20 22 17 11 9 8 7 3 2 2 1 1 1 0 0 1 0 0 0 0 0 0 0 0 0 0 0 0 0 0 0 0 0 0 0 1 4 13 8 0 0 0 0 0 0 0
49 37 32 51 35 33 38 37 26 48 41 37 29 13 22 44 52 58 61 75 37 50 59 70 25 24 53 19 40 57 24 22 42 55 38 62 49 34 68 81 72 47 62 39 80 54 34 31 27 21 13 27 23 17 16 10 3 3 1 1 1 0 0 0 0 0 0 0 0 0 0 0 0 0 0 0 0 0 0 0 0 0 0 0 1 2 3 17 4 1 1 0 0 0 0 0
17 31 52 32 29 27 48 46 42 44 40 56 36 41 39 60 54 36 66 68 41 45 44 46 24 60 25 8 41 48 24 30 37 49 73 82 66 47 30 46 57 36 27 19 34 73 51 30 24 20 14 12 12 16 17 12 4 2 0 0 0 0 0 0 1 0 0 0 0 0 0 0 0 0 0 0 0 0 0 0 0 0 1 1 2 4 6 8 2 1 1 2 1 0 0 0
58 46 36 41 47 39 58 43 51 43 31 46 33 57 40 59 59 51 49 70 23 38 42 35 44 14 27 32 32 48 19 38 29 40 42 65 54 70 42 17 36 58 41 46 56 24 28 19 12 12 8 7 11 10 7 6 6 2 2 0 1 0 0 0 0 0 0 0 0 0 0 0 0 0 0 0 0 0 0 0 1 0 1 1 1 9 28 7 2 3 4 2 1 0 0 0
35 54 49 58 37 36 46 75 27 49 31 27 42 48 36 60 60 45 41 57 38 37 35 51 30 24 28 27 25 29 16 28 65 53 37 26 66 40 46 37 17 27 65 70 72 40 16 9 17 16 12 4 6 8 5 4 3 1 1 1 1 0 0 0 0 0 0 0 0 0 0 0 0 0 0 0 0 0 1 1 2 2 2 1 1 5 19 4 2 6 4 1 0 0 0 0
31 29 51 51 38 45 42 57 33 34 34 35 34 50 37 43 65 25 29 39 22 34 9 31 23 30 20 14 26 18 25 40 43 69 47 44 29 34 41 18 29 21 19 29 26 17 12 9 15 9 11 6 4 4 3 6 2 1 0 0 0 0 0 0 0 0 0 0 0 0 0 0 0 0 0 0 0 1 1 3 4 7 3 2 1 3 7 5 6 4 1 0 0 0 0 0
21 19 51 35 31 63 58 42 48 35 50 50 36 58 44 35 43 23 27 29 34 13 10 7 20 23 10 16 29 19 20 25 21 20 14 27 17 19 20 12 24 37 57 29 24 10 9 4 4 4 6 3 3 4 4 2 1 0 0 0 0 0 0 0 0 0 0 0 0 0 0 0 0 0 0 0 0 2 2 6 12 10 5 6 2 4 18 17 7 3 1 1 0 1 0 0
27 15 13 32 27 49 60 54 61 29 42 58 20 34 23 38 62 18 25 31 33 29 6 10 27 14 6 32 43 49 55 17 37 29 46 46 44 44 35 42 54 55 56 58 49 42 35 12 12 16 9 3 3 2 1 1 0 0 0 0 0 1 1 0 0 0 0 0 0 0 0 0 0 0 0 0 1 2 3 7 8 18 12 15 9 33 13 12 4 4 3 2 1 1 0 0
5 8 27 24 29 35 36 43 22 42 55 41 11 15 12 14 50 12 11 14 5 17 11 18 11 12 9 21 45 31 74 75 70 57 75 58 60 43 45 41 49 62 57 72 36 18 12 3 6 11 13 7 2 1 1 1 1 1 2 1 0 0 0 0 0 0 0 0 0 0 0 0 0 0 1 0 0 1 4 9 22 16 19 19 34 18 18 11 4 3 8 4 2 1 0 1
3 15 6 9 12 28 35 27 21 25 27 40 10 25 9 24 13 7 8 5 6 4 8 5 16 15 39 39 48 29 38 62 84 62 72 89 87 74 74 60 29 63 70 62 70 48 40 16 12 12 8 5 5 1 1 3 3 1 1 0 0 1 0 0 0 0 0 0 0 0 0 0 1 1 1 0 1 1 2 4 24 36 34 11 12 46 14 15 10 11 4 4 3 2 1 1
2 6 3 9 12 27 18 35 32 33 15 6 12 2 10 14 6 54 6 16 50 38 23 12 9 6 10 20 20 30 32 30 33 76 61 81 86 80 82 73 66 34 72 72 71 43 49 20 12 9 4 3 1 1 0 0 1 1 1 0 0 0 0 0 0 0 0 0 0 0 0 0 1 1 2 1 1 2 2 4 18 38 28 9 33 32 19 28 26 9 7 5 4 2 3 2
2 3 10 13 29 10 20 31 27 26 15 9 6 3 6 4 2 1 28 27 30 46 45 20 12 5 18 20 19 31 26 34 35 31 23 53 87 63 77 45 57 50 50 57 53 38 17 8 24 14 7 5 5 3 2 1 1 0 0 0 0 0 0 0 0 0 0 0 0 0 0 0 1 2 6 2 1 2 5 12 28 46 19 18 34 9 4 7 10 3 3 5 2 3 1 1
1 2 5 1 7 11 14 14 15 9 11 6 4 1 2 4 3 4 5 17 15 6 51 41 13 4 17 35 28 35 30 22 33 40 23 27 59 68 66 59 57 45 48 34 34 39 31 10 4 11 8 6 4 4 3 1 1 0 0 0 0 0 0 0 0 0 0 0 0 0 0 0 1 1 5 6 2 2 6 27 34 63 19 23 47 11 10 6 3 2 2 3 2 1 0 0
0 1 1 4 2 4 6 6 14 14 7 3 2 1 3 2 6 9 15 28 9 8 8 39 43 11 26 51 47 44 52 39 43 52 41 29 22 56 38 40 21 25 14 22 19 15 3 14 6 4 6 3 2 3 3 2 1 1 0 1 0 0 0 0 0 0 0 0 0 0 1 1 1 1 2 10 16 6 19 20 54 49 44 61 15 16 14 9 9 9 3 4 2 1 0 0
0 0 1 1 1 2 3 6 4 10 3 2 4 3 3 2 7 18 23 13 5 4 9 52 30 29 30 24 11 23 31 32 42 41 40 43 20 18 17 13 20 12 5 5 7 11 8 9 3 2 4 2 2 1 1 1 1 0 0 0 0 0 0 0 0 0 0 0 0 0 1 1 2 1 3 4 33 6 11 40 60 42 50 53 38 27 15 30 21 4 3 2 1 0 0 0
0 0 0 0 1 1 1 2 4 4 5 2 1 1 5 7 5 13 23 23 12 8 6 14 17 17 21 46 16 47 54 37 32 40 37 48 39 20 11 6 6 9 11 9 12 10 5 2 3 4 2 2 1 1 1 1 1 0 0 0 0 0 0 0 0 0 0 0 0 1 1 1 0 2 12 11 32 16 24 51 64 60 39 44 23 11 11 23 11 7 2 1 1 0 0 0
0 0 0 0 1 1 0 4 2 1 1 2 16 20 37 25 12 4 4 8 15 14 8 24 43 38 36 35 35 38 51 50 48 48 43 51 47 57 34 12 12 7 6 5 5 3 4 2 1 2 1 2 1 1 1 0 0 0 0 0 0 0 0 0 0 0 0 0 1 1 1 1 1 3 10 11 31 50 35 55 60 59 54 45 23 27 15 14 11 6 3 1 0 0 0 0
0 0 0 0 0 1 1 1 1 0 0 4 1 2 9 41 14 6 5 5 15 10 15 19 9 19 42 62 58 61 53 58 59 64 60 52 52 54 57 47 17 11 9 9 8 4 2 2 4 2 3 2 1 1 1 0 1 0 0 0 0 0 0 0 0 0 0 1 2 2 2 2 1 4 23 10 8 45 81 55 65 61 46 35 22 11 3 8 9 5 2 1 0 0 1 0
0 0 0 0 0 0 1 0 0 6 11 10 4 5 7 4 4 2 8 11 10 30 17 18 37 27 11 26 33 64 68 66 74 79 66 49 63 70 68 49 20 17 13 15 13 11 5 8 4 1 1 1 1 1 0 0 0 0 0 0 0 0 0 0 0 1 1 2 3 4 4 5 3 7 22 32 11 41 62 50 46 28 16 7 9 13 4 5 5 2 1 1 1 1 1 1
0 0 0 0 0 0 0 0 1 2 0 1 3 13 9 6 7 10 5 16 30 17 18 31 23 41 24 8 8 48 37 71 85 70 68 67 52 55 62 56 41 40 25 12 17 19 6 6 4 2 1 2 1 1 0 0 0 0 0 0 0 0 0 0 0 0 1 3 4 8 6 12 4 7 20 43 41 31 63 34 21 11 16 10 7 3 2 3 5 4 1 1 1 1 1 0
0 0 0 0 1 0 0 0 0 2 1 1 3 4 2 3 10 26 9 21 13 20 26 27 23 39 37 22 17 13 19 14 53 60 51 48 37 52 43 23 18 11 8 6 9 16 6 4 3 2 1 1 0 0 0 0 0 0 0 0 0 0 0 0 0 1 2 3 3 6 20 11 14 7 10 40 41 70 37 23 26 14 12 10 11 4 5 5 3 1 1 2 3 1 1 0
0 0 0 1 0 0 2 0 0 1 2 15 4 2 1 10 9 20 23 9 7 13 11 19 22 22 35 31 48 48 26 38 41 28 14 26 30 34 19 21 9 8 4 5 5 4 3 5 2 1 1 1 1 1 0 0 0 0 0 0 0 0 0 0 0 1 1 1 1 2 8 24 37 7 6 29 25 61 25 34 17 15 8 11 10 9 8 2 3 2 3 4 1 1 0 0
0 0 0 0 0 1 0 0 0 1 5 14 3 2 8 11 30 13 21 9 9 13 14 24 31 35 61 54 27 22 17 19 41 46 32 24 36 40 30 22 21 15 23 14 7 5 5 5 3 2 1 1 1 0 1 0 0 0 0 0 0 0 0 0 0 1 1 3 2 1 4 8 21 28 15 21 58 45 37 24 11 19 16 9 4 7 8 5 7 7 3 2 1 0 0 0
0 0 1 0 0 1 0 0 0 1 3 1 4 4 8 13 26 8 18 9 15 15 17 22 68 71 67 38 57 63 55 34 53 50 42 37 42 54 37 30 34 22 12 10 9 6 10 10 4 2 2 2 2 2 1 0 0 0 0 0 0 0 0 0 1 1 3 5 6 3 2 4 12 31 45 26 67 46 45 44 32 16 18 20 14 10 14 8 5 6 5 2 1 1 0 0
0 0 0 0 1 0 0 0 1 3 4 5 7 5 11 15 33 20 7 20 13 26 26 37 54 72 77 57 32 42 44 39 26 28 37 28 28 36 30 50 51 24 23 18 24 17 12 11 6 4 4 4 2 1 1 1 1 0 0 0 0 0 0 0 1 2 7 6 4 4 4 8 11 12 11 62 67 46 34 34 21 23 35 25 23 25 18 20 11 7 2 1 1 1 0 0
0 1 0 0 0 0 0 1 5 16 31 7 2 7 14 8 10 8 6 11 18 25 33 60 49 30 57 56 45 60 64 50 26 17 20 20 33 41 48 43 28 25 50 37 37 24 11 5 4 3 1 2 2 1 1 1 0 0 0 0 0 0 0 1 2 4 7 7 7 11 11 11 32 40 35 45 64 51 27 32 30 38 31 16 21 19 16 9 11 3 2 1 2 1 1 0
0 0 0 1 0 0 4 11 25 18 44 38 8 5 19 12 12 1 5 6 6 8 14 42 13 23 41 64 65 69 84 47 63 43 24 15 27 67 50 50 50 10 11 4 5 10 5 7 3 3 2 2 2 1 0 0 0 0 0 0 0 0 0 1 3 10 7 7 5 27 47 12 42 63 71 55 43 41 36 22 29 24 25 34 23 17 9 7 7 5 3 4 2 1 1 0
0 0 0 1 0 1 0 2 2 9 4 3 9 8 15 16 16 8 9 8 10 8 23 29 7 6 8 39 43 33 44 77 54 66 61 54 48 45 38 39 43 38 24 26 21 9 8 11 6 5 3 1 1 1 1 0 0 0 0 0 0 0 1 2 4 6 8 8 6 7 28 55 29 56 69 68 53 35 46 35 46 45 25 16 19 17 9 6 5 10 6 4 2 1 1 0
1 0 1 0 0 0 1 3 8 8 6 12 10 8 16 16 25 9 4 17 21 15 21 45 14 2 15 8 21 31 13 21 60 51 59 58 34 12 10 11 24 23 19 22 30 27 13 5 7 5 3 3 2 1 1 1 0 0 0 0 0 1 2 4 9 15 8 7 21 20 15 15 57 70 56 71 50 51 69 61 20 16 15 19 15 10 13 9 8 3 3 1 0 1 0 0
0 0 1 0 0 1 1 1 3 3 6 9 4 8 9 8 14 2 5 7 6 33 29 48 30 13 15 21 31 23 24 10 8 17 19 16 15 14 13 8 6 8 7 9 21 17 8 13 10 7 5 4 3 2 1 1 1 0 0 0 0 1 2 8 12 13 9 16 18 40 30 31 23 26 48 54 69 62 40 38 31 40 31 36 21 14 20 14 5 2 1 1 1 0 0 0
0 0 0 0 0 0 0 1 2 3 4 6 8 7 9 21 16 4 5 4 12 36 43 39 16 3 16 34 24 38 40 15 42 48 49 41 36 29 26 11 8 9 30 34 31 15 15 11 11 9 7 4 3 2 2 2 1 1 0 0 0 1 5 10 10 23 13 21 22 21 66 49 41 32 19 61 46 66 54 48 50 60 52 39 25 30 16 10 4 2 1 1 0 0 0 1
1 0 0 0 0 0 1 0 1 2 3 5 22 27 29 43 28 8 4 3 26 35 42 32 17 34 9 33 33 44 27 47 45 30 33 35 27 26 11 18 38 45 21 21 12 18 12 10 13 9 8 6 4 3 2 2 1 0 0 0 0 1 2 12 34 25 15 27 24 21 23 45 62 20 15 27 71 80 75 63 57 51 47 46 36 18 17 8 11 3 2 1 0 1 0 2
0 0 0 0 0 0 0 1 0 4 8 7 23 38 38 12 5 3 2 14 24 28 38 47 46 19 24 27 24 23 31 69 34 32 37 38 36 22 29 31 53 41 37 33 29 27 20 15 18 13 10 6 5 3 3 1 1 0 0 0 0 1 3 8 25 22 35 42 32 55 53 60 61 32 33 47 67 62 64 53 51 44 39 39 25 17 14 14 13 7 2 1 1 1 1 3
0 0 0 0 0 0 0 1 1 8 9 15 16 74 18 9 14 9 5 18 20 23 26 14 13 11 44 13 30 23 48 33 46 55 42 40 38 40 48 40 28 45 43 48 40 39 26 29 20 8 5 4 3 4 4 2 1 1 0 0 0 1 3 8 18 18 17 36 60 48 69 62 64 36 59 57 65 63 46 44 45 42 28 20 17 15 12 9 7 6 4 2 1 2 4 4
0 0 0 0 0 0 0 0 2 6 10 12 4 20 7 2 10 12 21 14 18 31 29 13 11 28 16 25 39 61 63 54 50 51 39 42 53 51 54 46 49 63 59 38 31 40 38 30 15 11 8 6 4 3 2 3 2 1 0 0 0 2 4 9 12 20 18 24 50 74 70 68 59 83 66 49 38 40 47 48 40 40 37 26 17 19 9 14 7 4 4 3 1 3 4 4
0 0 0 0 0 0 0 0 5 3 9 6 3 1 1 2 9 10 8 15 19 15 14 32 30 12 16 44 63 26 23 23 45 42 49 56 55 54 51 51 54 61 44 42 51 41 40 33 14 12 8 6 4 2 2 2 1 1 1 0 0 1 7 12 21 19 20 21 26 31 49 55 60 69 20 44 42 41 35 36 30 28 22 35 25 21 16 12 6 5 4 2 2 5 5 7
0 0 0 0 0 0 0 0 3 5 9 6 7 11 9 4 1 4 3 20 27 15 55 52 16 22 29 43 26 28 28 33 39 35 48 55 57 55 45 71 58 45 41 49 21 33 45 37 29 20 5 5 3 4 4 2 1 1 1 0 0 1 2 11 15 21 55 37 43 44 44 30 43 62 50 56 55 39 39 37 39 32 35 31 24 7 7 5 5 9 5 1 4 9 12 12
0 0 0 0 0 0 0 2 4 12 11 3 3 9 10 10 4 1 5 22 18 51 36 17 20 44 28 26 26 30 36 34 25 37 43 63 44 43 62 55 46 65 67 32 44 42 37 35 22 9 6 8 7 6 5 4 3 2 1 0 0 1 4 8 12 33 53 76 44 55 48 32 36 69 77 43 47 53 52 34 28 33 40 26 13 5 13 9 6 3 2 1 5 13 13 14
0 0 1 0 0 1 4 4 10 20 2 2 4 1 1 3 5 2 10 21 18 20 7 16 37 12 10 21 26 30 49 37 28 37 50 54 51 65 70 65 47 40 40 49 41 41 26 23 17 14 11 14 11 4 4 4 4 1 1 1 0 1 3 10 18 29 51 69 65 66 52 54 59 72 47 44 39 39 46 49 32 61 39 17 18 19 14 8 3 1 1 3 9 14 16 19
0 0 0 0 2 0 0 3 8 4 0 2 4 4 5 6 13 8 23 10 8 6 4 18 15 19 23 35 43 37 32 24 29 33 57 42 76 71 70 41 30 28 35 47 52 40 35 32 25 21 18 13 8 4 3 2 2 2 2 1 1 2 5 13 26 35 34 39 65 78 72 36 42 73 45 50 68 64 60 65 57 38 30 25 24 21 8 6 3 2 2 8 11 15 12 21
0 0 0 0 0 0 0 2 2 2 0 2 3 7 8 9 6 10 18 27 22 17 2 15 21 34 37 42 27 18 28 29 34 39 73 40 24 17 18 34 37 53 64 64 59 48 36 33 19 26 12 10 10 5 5 3 2 2 2 2 1 5 8 14 31 36 35 23 43 69 72 50 57 70 47 31 51 73 71 67 61 30 31 32 24 20 7 5 7 3 7 11 6 19 21 24
0 0 0 0 0 0 0 1 5 7 1 3 4 1 4 3 4 25 14 9 12 16 16 13 36 26 28 33 21 25 42 39 28 75 28 21 49 52 52 49 63 68 60 64 61 56 45 35 21 20 15 13 12 9 7 5 4 2 2 1 3 6 18 41 42 42 33 42 52 60 73 48 46 62 74 54 56 56 69 68 52 51 32 31 26 16 8 2 3 7 9 6 11 17 40 29
0 0 0 0 0 0 0 3 2 3 9 5 2 1 3 4 5 7 13 19 12 19 9 15 30 32 24 28 32 30 33 38 48 34 11 36 41 49 59 84 62 59 67 66 63 58 40 31 22 15 16 14 14 7 8 5 5 5 3 3 4 13 15 35 40 40 39 52 58 52 79 73 54 71 68 56 62 62 57 51 56 39 28 22 21 10 4 1 3 12 6 13 18 23 45 28
0 0 0 0 0 0 0 0 0 5 2 1 1 2 3 2 13 4 5 25 45 17 6 10 44 28 40 31 25 23 55 81 51 10 21 51 39 70 74 67 64 73 70 50 52 48 43 34 19 22 18 17 15 12 10 8 7 7 4 4 5 8 13 20 41 62 52 70 74 63 57 59 56 65 75 75 58 52 42 40 38 31 24 24 17 8 3 2 9 12 14 27 36 29 37 29
0 0 0 0 1 0 2 3 2 1 2 3 2 2 1 19 8 10 10 25 17 6 17 25 5 32 30 18 52 42 65 44 14 22 57 28 53 45 57 78 80 61 48 76 64 40 44 41 34 26 22 20 17 15 13 12 9 5 5 7 7 18 12 15 20 47 71 75 73 74 81 81 57 70 57 50 35 41 52 53 35 33 22 24 16 3 2 9 9 17 28 39 35 22 37 36
0 0 0 0 0 0 1 0 0 1 2 3 1 0 0 15 5 2 2 5 5 10 25 10 6 18 12 17 58 54 45 11 17 32 52 72 47 55 71 73 71 60 64 33 45 37 47 55 36 32 29 23 20 16 15 13 7 4 8 15 11 21 21 25 28 44 55 81 65 63 46 70 54 39 39 50 60 46 40 38 32 19 26 15 4 3 6 10 17 16 21 32 49 39 43 39
0 0 0 0 0 0 1 0 1 1 2 1 1 2 5 21 5 5 5 4 24 8 15 3 17 27 17 41 66 35 20 14 21 28 68 69 68 57 61 62 60 65 51 39 44 71 54 45 40 52 34 28 25 19 17 14 7 5 15 21 37 42 31 37 33 45 63 66 76 61 53 45 52 60 52 66 51 50 41 37 23 23 10 6 4 6 15 19 17 34 35 24 28 39 34 29
0 0 0 0 0 0 0 0 1 0 1 4 1 3 12 6 5 2 13 16 11 14 6 15 43 13 19 51 42 30 28 24 45 54 72 57 60 60 53 38 39 59 68 59 66 55 56 54 60 42 35 45 14 21 18 10 5 15 25 27 54 55 40 57 44 31 42 77 77 39 75 53 50 60 61 59 53 51 46 30 21 21 7 8 7 14 19 27 22 29 39 27 30 42 47 37
0 0 0 0 0 0 1 1 0 0 1 1 1 9 1 2 6 6 10 19 7 6 10 13 23 16 21 47 23 17 32 25 55 58 55 56 43 53 46 50 58 60 61 76 58 57 55 69 50 44 56 37 32 26 14 11 6 15 39 39 47 63 52 63 64 44 46 57 84 39 41 76 74 58 55 55 62 48 51 46 24 17 5 5 9 19 28 36 41 44 41 44 31 37 57 46
0 0 0 0 0 1 3 0 0 0 3 0 6 2 3 5 5 2 1 9 5 11 18 17 17 28 28 6 16 26 37 44 56 61 21 17 51 43 51 45 48 58 64 73 71 57 74 48 67 65 42 36 36 29 16 15 9 18 42 56 52 67 49 53 70 46 65 41 72 46 48 72 49 64 62 56 50 48 65 36 27 6 5 10 17 20 30 41 32 23 32 54 26 30 49 66
0 0 0 0 0 0 0 1 0 1 0 1 3 1 1 2 1 2 1 2 3 8 16 14 14 25 11 9 21 17 30 13 38 25 14 35 25 28 36 58 62 64 69 71 62 45 63 70 64 52 51 39 37 34 30 17 17 20 50 69 70 69 62 51 67 65 34 41 83 46 66 61 57 58 51 42 54 28 22 22 8 5 9 20 22 31 41 43 24 30 44 27 18 22 34 65
0 0 0 1 1 1 1 0 0 1 1 2 2 3 3 9 6 1 1 1 1 9 9 5 12 16 11 35 33 33 56 45 38 24 14 14 30 31 33 32 38 63 49 56 65 37 29 30 46 47 54 47 40 36 22 12 23 35 52 62 83 76 56 56 61 64 61 27 68 17 26 39 47 55 55 57 56 52 36 31 11 7 12 22 25 49 58 48 36 34 43 43 36 22 33 52
0 0 2 1 1 1 1 0 1 0 1 3 7 2 5 5 11 3 5 3 13 15 7 13 21 14 14 3 3 15 41 12 16 9 15 24 15 22 23 25 58 53 41 57 35 40 42 53 53 65 52 51 45 27 23 16 26 41 56 64 74 57 58 65 70 45 42 49 65 32 35 30 28 20 35 46 41 40 24 18 8 12 23 26 31 56 52 25 38 50 34 48 26 29 35 57
0 1 0 0 0 1 0 0 0 1 1 4 8 9 5 11 10 2 5 12 15 6 6 16 14 10 2 7 7 20 18 9 7 23 29 24 32 27 31 46 38 48 63 40 43 44 60 55 65 52 51 48 47 29 12 27 33 67 60 66 67 71 59 72 72 55 37 61 49 33 44 58 54 57 59 52 41 17 11 6 10 25 27 31 36 62 63 23 27 49 35 53 32 32 38 71
0 0 1 1 1 2 1 2 1 1 4 2 6 6 1 2 1 1 4 15 13 6 13 5 18 22 3 5 8 29 10 7 11 27 46 23 25 31 41 20 55 49 37 51 45 59 60 70 69 58 65 49 33 32 20 33 40 60 75 61 65 74 57 47 69 70 37 45 56 61 63 46 46 46 35 40 31 16 7 19 17 29 34 51 45 62 67 38 38 40 22 58 35 37 40 55
2 4 3 10 11 6 3 4 4 3 5 2 2 2 6 2 1 3 9 10 9 6 10 3 7 6 3 8 11 22 9 13 53 30 18 16 22 29 30 47 68 55 61 39 52 70 72 59 57 73 61 42 37 35 22 50 66 58 63 75 64 73 77 52 80 79 39 48 53 59 44 43 58 45 43 26 29 24 15 31 36 34 40 55 45 51 58 50 54 37 36 61 35 39 33 49
5 9 13 3 8 24 7 3 1 2 0 0 2 2 3 2 1 11 17 8 4 9 5 5 13 20 4 4 8 17 19 49 16 9 19 23 11 8 37 41 49 32 68 56 63 73 45 56 70 63 49 44 38 38 36 55 67 65 65 76 63 69 74 69 66 73 50 24 40 68 47 53 53 55 43 43 42 35 26 36 39 51 47 56 44 39 53 51 47 44 42 60 38 31 41 47
1 3 5 1 0 4 7 7 0 0 0 1 2 6 3 3 5 5 2 5 2 3 13 3 17 25 6 5 18 26 34 45 19 22 25 5 6 10 19 40 35 48 63 65 64 60 61 59 61 58 47 45 39 41 45 49 63 76 66 63 81 58 69 72 60 38 20 15 12 33 46 60 56 49 41 39 29 13 25 35 39 54 50 57 42 57 68 69 54 50 40 48 55 18 44 51
1 1 1 2 1 0 0 0 0 1 2 0 0 2 4 3 3 8 1 3 1 3 3 5 17 9 3 4 6 14 8 11 22 17 14 17 11 5 49 19 31 22 57 46 69 54 56 44 62 61 43 42 39 40 46 65 64 77 76 74 72 70 62 64 21 20 38 53 39 45 44 45 47 33 30 24 12 24 39 38 41 55 59 41 54 54 65 67 54 51 39 47 55 24 29 61
1 1 4 1 1 1 0 1 0 0 1 1 0 3 0 1 3 1 3 3 2 12 15 10 19 7 3 3 5 5 5 26 23 15 24 17 26 7 37 28 6 27 59 54 63 56 57 68 60 55 50 43 42 63 62 57 66 65 74 56 70 70 44 39 36 31 42 60 48 33 59 57 67 60 45 14 22 26 39 53 59 46 59 44 57 69 67 63 52 52 41 41 57 49 24 42
0 2 1 1 2 0 0 2 1 1 1 0 1 1 0 2 3 9 2 5 20 5 11 13 26 14 3 5 4 14 20 13 15 38 15 23 25 13 66 37 12 37 21 57 53 46 62 42 56 51 44 46 40 61 73 62 62 59 70 77 53 57 53 34 37 24 31 33 36 30 53 58 63 70 32 20 27 40 37 59 60 56 55 58 42 66 69 67 57 59 26 47 46 42 34 27
1 1 0 0 0 1 1 2 0 0 1 0 2 1 1 4 1 6 1 3 5 19 9 19 9 2 1 1 1 12 19 7 12 19 27 40 17 22 45 48 27 38 19 59 45 38 45 36 53 49 57 42 40 54 60 85 50 56 53 46 58 35 38 33 20 25 39 33 39 35 56 57 34 48 22 21 42 43 41 45 60 56 56 54 57 67 66 76 64 48 35 52 55 28 35 23
0 1 1 0 0 1 0 1 0 1 0 0 0 0 3 3 1 2 2 1 1 1 2 2 2 2 2 1 6 4 14 18 24 18 24 27 14 14 18 62 36 42 38 49 18 49 38 53 56 38 52 41 44 39 63 66 70 57 46 25 42 24 19 33 23 25 38 31 48 42 47 47 36 23 27 43 43 43 44 40 47 59 68 59 55 69 73 72 71 43 31 65 45 46 34 19
1 1 1 0 0 1 1 0 0 1 0 1 0 0 2 1 1 2 4 2 2 3 5 5 6 12 6 3 1 2 7 14 21 20 22 19 20 15 8 39 67 59 36 23 20 29 31 50 38 20 47 38 39 36 48 73 57 60 36 16 22 6 7 9 13 16 29 46 50 53 56 38 21 22 47 44 49 63 59 47 40 54 55 64 67 82 57 78 57 40 35 67 47 59 25 20
0 0 1 0 3 0 0 0 0 0 1 0 0 1 2 1 1 1 1 1 1 2 2 10 20 1 3 2 2 1 1 5 5 20 13 6 21 13 14 24 73 59 26 17 21 31 54 24 37 17 29 43 36 57 55 51 45 39 48 17 19 12 14 7 23 37 37 40 44 34 40 35 15 26 40 42 60 53 50 35 42 24 55 66 65 54 73 69 67 50 35 60 45 54 44 18
0 0 0 0 1 1 0 0 1 0 1 0 0 1 2 2 3 0 2 1 5 4 7 4 4 4 9 4 2 1 6 7 3 8 7 8 24 3 2 24 39 51 32 23 16 66 38 22 19 31 46 46 31 49 69 46 67 24 37 35 19 17 19 10 20 18 23 29 46 46 23 20 25 40 37 42 36 42 33 13 33 36 52 55 60 66 73 68 31 53 24 52 67 31 16 27
0 0 0 0 1 1 1 0 0 0 0 1 2 1 2 2 0 1 2 1 1 1 1 4 6 23 4 2 3 2 11 7 9 12 9 10 13 5 10 14 32 35 41 31 25 74 33 35 22 30 40 33 41 66 73 48 62 29 22 24 15 5 6 33 28 30 35 30 49 24 22 25 40 37 36 39 50 52 41 32 38 50 56 68 67 64 62 75 30 48 35 34 63 16 14 21
0 0 0 0 0 0 1 2 0 1 1 3 1 1 1 2 1 1 1 2 1 1 5 9 13 3 2 7 1 2 4 13 12 20 17 20 17 13 12 20 30 47 38 35 23 35 33 47 32 16 18 41 54 55 61 51 43 28 17 19 12 4 10 16 29 39 40 32 33 35 39 37 35 41 51 24 30 53 41 30 43 44 43 66 56 53 36 50 48 42 64 31 46 21 20 24
0 0 0 1 0 1 1 0 0 2 3 1 0 0 1 1 0 0 1 1 1 2 16 8 4 8 11 21 10 10 3 15 16 32 15 29 12 25 24 18 19 19 33 45 12 36 41 48 35 27 34 49 44 39 45 26 28 27 13 11 3 10 10 12 15 28 23 47 57 39 39 36 33 52 38 19 24 54 51 35 36 44 39 39 60 56 20 28 43 65 40 38 24 17 27 39
