sesion_6_simulaciones/modelos_agentes/ejemplos_netlogo/scenarios/cgcm2_b2/rob_2038.asc
NCOLS 322 
NROWS 307 
XLLCORNER 451900 
YLLCORNER 4086900 
CELLSIZE 100 
NODATA_value -9999 
[rows 74 to 147 of 307, columns 96 to 191 of 322]
28 61 41 22 21 25 24 52 23 24 19 65 36 73 68 53 16 8 12 19 63 60 39 23 24 8 8 2 10 16 6 7 8 15 7 4 5 5 15 4 4 5 11 3 5 12 14 3 4 12 9 31 53 38 33 15 25 33 50 32 28 79 69 53 59 62 39 54 64 66 56 66 52 67 40 42 57 65 46 40 22 43 56 43 23 9 10 10 6 6 5 4 3 1 0 0
33 37 31 23 15 20 28 41 24 38 44 33 18 28 37 60 39 46 58 73 91 64 64 48 17 25 7 6 12 3 9 55 22 21 23 18 7 4 5 2 6 21 28 15 36 22 19 41 49 9 13 8 15 41 12 16 32 50 35 21 44 49 73 57 60 42 39 50 64 71 43 80 48 57 49 34 60 33 24 51 51 43 17 17 24 20 15 12 18 14 18 17 7 5 1 1
45 29 25 25 17 30 16 45 21 44 51 19 26 48 39 32 44 70 52 72 79 83 77 72 27 17 12 5 10 15 40 50 36 23 25 27 24 7 14 18 8 6 10 5 9 33 11 29 24 24 7 5 14 12 15 18 29 50 27 32 34 21 60 58 58 36 56 46 78 61 35 67 61 54 61 56 33 20 74 47 33 31 48 34 48 49 42 49 47 28 28 22 12 7 3 2
46 17 36 30 21 18 22 32 27 31 69 32 34 31 35 47 69 44 68 64 83 86 65 53 60 10 9 14 26 26 44 17 36 18 36 9 41 25 14 23 7 4 4 3 10 15 39 42 25 49 41 27 20 4 7 11 34 17 17 13 29 16 54 45 42 25 54 55 63 31 27 35 62 32 60 35 33 39 64 37 49 45 40 57 71 66 70 46 42 49 26 23 11 9 5 4
45 26 33 32 40 19 24 29 12 49 68 58 39 26 46 44 52 65 80 53 52 64 71 80 40 29 37 50 66 41 38 23 29 30 7 16 20 28 24 28 21 4 3 8 13 21 42 39 19 64 54 42 50 30 29 9 10 9 15 10 19 17 10 26 16 24 28 45 35 19 24 24 62 42 26 11 45 51 40 39 60 76 83 75 76 74 46 51 52 29 30 16 9 10 10 14
58 59 21 51 57 31 12 31 12 31 27 60 46 34 38 8 46 83 53 58 58 39 65 75 43 31 73 75 71 69 74 39 9 10 13 38 41 12 17 25 34 7 6 15 17 19 32 72 67 62 55 55 65 27 56 46 40 13 6 3 14 23 9 11 13 23 19 31 10 10 27 37 39 32 68 61 29 24 54 69 71 73 70 69 58 68 65 73 49 28 25 15 12 19 33 15
79 83 61 56 21 17 12 11 11 37 18 11 45 56 15 37 74 49 37 33 49 24 14 55 63 69 75 68 75 61 82 74 33 31 42 57 32 25 6 16 43 24 9 14 28 50 26 26 68 45 57 79 66 53 66 39 43 60 45 42 46 13 43 18 11 5 19 29 32 42 31 4 6 10 19 56 61 72 47 72 70 53 74 60 55 56 69 72 52 42 37 23 53 47 13 11
60 54 68 16 12 13 20 16 13 20 21 4 11 23 30 42 23 56 57 44 36 48 12 22 62 77 73 46 40 61 49 36 62 57 56 54 65 54 20 18 53 44 10 14 38 30 18 11 34 19 65 76 56 85 73 43 70 44 31 36 60 22 38 43 33 19 37 40 62 27 42 16 12 16 25 14 24 67 66 71 48 62 76 66 47 57 77 64 55 48 46 52 63 40 15 31
68 68 57 24 23 27 33 21 11 17 26 4 14 28 35 22 22 70 50 35 43 73 43 41 66 92 64 18 44 45 33 38 13 21 82 59 31 30 23 43 65 55 25 17 28 23 20 26 27 51 53 81 83 87 69 68 71 52 67 47 59 43 43 37 37 39 20 26 53 28 58 73 57 42 28 30 26 17 53 79 86 53 68 61 44 78 62 44 56 69 56 72 46 38 26 56
23 39 60 57 8 9 27 27 37 19 19 6 23 52 34 12 20 80 33 50 43 43 31 67 47 56 34 47 59 46 36 36 21 57 89 72 54 24 19 54 36 17 35 14 20 14 17 23 23 33 29 71 71 85 70 68 80 53 73 67 58 60 34 37 39 27 57 27 46 61 75 76 56 36 44 23 21 32 20 70 67 65 36 64 75 40 49 51 63 53 59 45 30 38 39 79
12 16 26 35 43 9 19 12 9 31 27 12 21 44 35 21 31 75 45 45 26 18 71 73 65 55 28 62 61 46 23 14 62 90 88 85 79 39 50 54 49 12 32 21 26 35 29 20 26 9 6 34 77 88 62 70 62 66 85 76 59 42 29 21 63 35 73 50 40 60 75 72 36 28 40 35 39 36 27 32 69 82 77 55 31 63 72 73 62 72 30 47 45 63 45 76
7 13 23 13 31 36 25 22 12 22 40 9 22 50 30 41 32 46 55 67 63 19 42 50 79 69 65 67 67 72 45 81 89 80 77 87 82 48 40 61 40 18 32 25 27 36 33 21 27 18 23 37 77 81 59 49 55 85 83 81 54 25 46 57 75 58 83 73 60 38 76 59 65 57 53 41 37 42 31 27 41 75 66 78 74 44 70 32 70 38 35 59 46 77 48 61
6 3 2 2 9 21 8 4 8 16 21 11 31 55 35 12 29 25 47 62 71 61 29 35 39 44 73 86 60 60 78 86 87 73 79 77 64 78 58 64 45 69 51 59 35 44 52 52 35 34 23 41 66 89 69 50 79 70 84 74 53 41 42 55 82 63 78 70 60 40 65 54 46 21 48 32 15 36 34 21 12 59 75 68 52 85 62 58 61 58 58 69 73 77 77 44
4 2 0 1 7 8 2 4 6 12 7 19 50 39 13 7 14 21 44 49 63 85 53 27 24 35 74 75 83 43 84 71 69 70 88 83 64 78 53 64 57 90 46 75 56 46 41 28 29 26 23 18 45 81 68 76 66 79 89 66 43 46 59 76 75 60 68 66 53 18 24 32 55 55 64 43 22 34 40 44 50 14 62 69 65 77 84 86 92 74 86 87 75 42 78 31
7 6 2 1 7 4 2 5 8 6 10 19 31 34 10 4 34 32 27 33 42 56 70 69 51 34 55 66 81 78 75 86 83 55 57 46 50 75 33 47 90 79 62 47 36 52 36 45 50 53 53 25 32 61 58 67 68 81 81 66 60 73 72 76 79 43 63 68 53 26 23 45 63 59 43 72 34 28 39 43 47 30 21 60 66 85 78 53 53 67 67 82 74 43 55 66
8 3 2 1 3 2 1 10 5 5 5 10 47 24 7 4 28 14 25 38 40 52 63 62 65 38 43 23 43 73 62 68 73 64 64 62 48 39 53 87 53 73 40 26 40 69 54 53 59 60 47 44 26 29 28 50 65 70 80 61 49 61 62 84 80 54 61 76 33 13 15 38 36 50 83 71 43 44 20 51 38 52 49 19 55 78 77 74 73 67 49 45 61 39 24 44
4 3 1 1 1 1 1 6 6 2 10 23 42 39 7 3 14 3 14 47 50 53 23 30 55 45 46 34 63 89 80 76 52 66 50 32 40 32 66 44 42 42 23 57 82 65 58 59 45 34 32 31 26 23 9 14 45 62 79 47 66 63 84 89 87 52 77 63 52 29 18 30 54 72 90 48 41 72 35 47 43 48 58 40 17 62 66 51 32 46 43 40 30 42 41 37
9 6 4 2 1 0 0 1 4 5 7 29 18 11 16 6 17 4 2 10 14 40 25 23 23 14 30 48 74 86 62 71 75 70 63 37 21 35 76 24 54 57 69 78 80 61 77 38 28 35 63 59 65 62 54 23 9 6 34 46 51 65 81 88 87 61 90 66 64 53 28 32 52 87 73 35 69 64 40 33 52 57 56 46 34 11 29 51 42 42 26 39 59 65 50 48
5 3 1 1 1 1 0 0 2 6 10 12 12 4 4 2 16 5 2 17 13 16 11 17 24 22 21 45 22 48 53 52 55 49 15 27 42 46 52 28 66 67 82 69 63 49 83 74 75 57 59 54 54 35 39 13 6 7 8 31 60 82 76 86 78 53 78 73 40 31 36 56 50 71 44 56 80 68 63 72 58 60 45 43 46 31 9 17 20 28 43 53 60 62 54 41
2 2 2 1 1 1 1 0 1 1 5 9 10 8 3 2 16 3 1 7 5 6 8 13 9 25 24 33 20 7 17 21 17 15 37 45 66 78 52 51 30 67 92 62 39 78 72 64 78 60 60 47 32 38 35 39 20 9 10 50 76 72 84 87 83 80 76 82 67 27 44 37 42 21 32 74 69 37 63 41 47 46 41 39 47 34 40 17 6 28 45 64 71 61 53 28
4 1 4 5 2 2 2 2 1 1 3 6 5 3 3 1 6 2 1 2 6 4 4 4 7 15 15 18 20 15 6 5 8 26 35 68 79 54 58 67 46 83 88 59 72 68 67 45 86 64 73 58 67 70 68 49 29 11 13 23 65 59 81 82 77 69 75 82 71 43 29 46 51 47 52 59 70 85 49 60 38 29 49 41 28 45 59 50 18 16 20 18 28 32 34 27
13 11 7 11 9 7 6 5 3 1 1 2 2 3 2 2 2 1 1 2 2 2 1 2 5 7 10 11 12 25 3 5 9 25 73 79 58 40 66 72 61 72 79 63 57 69 62 58 85 69 57 71 58 64 63 47 29 13 8 12 14 54 71 76 68 59 77 70 46 16 28 58 31 53 74 67 77 56 32 74 44 41 46 45 70 52 33 37 44 41 33 12 6 6 10 12
22 10 19 16 17 12 15 8 4 2 0 1 0 1 2 1 2 1 1 1 2 2 1 1 1 2 11 7 8 3 5 3 13 62 57 59 22 52 82 64 47 50 61 25 34 83 54 79 83 78 56 70 80 50 24 24 26 26 21 12 15 27 47 58 60 57 41 48 23 21 42 45 40 60 69 78 61 50 62 70 64 36 50 76 71 68 49 44 47 47 54 43 23 8 3 8
24 25 30 17 26 18 12 9 7 6 6 2 1 0 0 0 1 1 0 0 1 0 1 1 1 1 7 11 4 4 7 1 23 45 31 18 27 68 83 68 33 39 37 29 75 65 49 54 88 87 46 53 52 66 46 25 7 12 15 22 18 24 18 25 16 34 42 38 16 36 52 52 46 46 68 62 55 65 38 24 65 58 63 71 73 57 54 46 34 40 49 40 30 12 9 2
39 25 35 36 29 16 14 17 8 8 5 4 3 1 1 0 0 1 0 1 1 1 0 1 0 1 1 7 1 2 6 2 10 25 10 16 23 44 42 51 36 42 22 63 69 27 55 89 86 78 78 35 19 25 18 20 8 9 20 30 17 27 18 11 10 21 17 15 14 41 42 61 35 59 66 60 75 42 51 40 67 41 38 42 49 68 66 48 37 28 46 36 36 27 21 7
29 19 41 40 14 19 7 9 16 11 6 5 4 4 2 1 0 0 0 0 0 0 0 0 0 0 0 1 1 9 3 1 2 3 5 22 29 41 75 52 45 30 45 46 45 46 50 89 83 73 93 69 41 51 43 21 9 5 3 9 30 18 14 7 9 19 13 11 18 30 50 56 51 27 36 36 47 45 45 56 17 68 52 56 58 65 59 62 68 46 44 43 43 47 22 14
16 31 66 39 33 16 31 14 23 19 9 7 5 1 1 1 1 1 1 1 1 1 0 0 0 0 0 0 1 7 1 2 2 2 8 24 30 8 27 25 35 29 29 43 32 40 64 85 79 80 85 85 43 26 19 14 11 15 9 2 3 8 8 7 8 12 9 10 13 28 41 58 52 56 19 32 51 46 27 35 58 43 33 63 65 61 64 70 60 71 58 64 59 51 32 21
23 40 59 34 28 27 14 17 25 16 13 10 6 4 2 3 1 2 2 2 1 2 1 1 1 1 0 0 1 3 1 1 2 3 7 9 9 11 8 4 23 35 19 15 25 67 80 80 71 63 78 78 58 41 42 46 35 21 15 4 1 6 4 3 6 5 5 8 19 27 26 38 36 35 47 44 37 58 86 85 76 79 59 61 55 53 58 65 76 64 76 69 57 53 46 40
27 55 22 26 31 23 20 11 21 18 6 5 9 4 3 2 2 3 3 3 3 2 2 2 1 2 0 0 0 1 0 1 2 3 5 5 7 11 11 4 9 38 22 8 31 46 80 69 30 27 39 66 81 71 48 40 31 18 8 3 1 6 3 2 3 4 6 13 19 28 28 34 41 57 71 73 66 84 82 80 74 58 47 34 36 58 75 67 65 69 76 75 71 70 57 46
56 21 28 23 17 26 24 14 7 8 11 11 10 7 3 5 3 4 4 6 6 3 5 2 3 2 1 0 0 1 0 1 1 2 5 6 10 9 8 2 4 11 18 6 21 25 52 29 15 19 45 55 79 72 61 40 33 19 8 6 1 2 2 1 6 4 8 20 20 26 31 31 62 70 85 70 78 72 76 59 29 24 31 54 24 56 67 63 77 85 76 59 40 31 23 17
20 25 40 61 49 31 10 5 7 20 17 12 6 11 9 8 7 11 8 9 9 8 5 6 4 2 1 1 0 0 0 0 0 2 3 13 18 10 11 3 3 3 5 1 6 12 10 15 19 33 39 64 83 72 62 56 43 29 23 9 2 1 2 1 4 6 10 9 8 18 39 44 51 58 62 66 71 61 43 34 42 35 58 61 84 62 48 70 85 73 58 58 55 47 36 32
45 55 44 14 12 17 19 8 14 23 21 16 16 15 12 17 9 14 12 15 6 13 10 8 4 2 1 1 0 0 0 0 0 1 3 5 6 8 11 5 6 4 5 1 4 9 15 44 62 65 84 66 84 78 71 47 46 24 13 7 2 2 2 1 1 2 4 11 20 19 33 58 35 44 44 61 64 26 16 31 31 43 72 64 81 61 80 70 71 61 60 61 53 57 55 46
47 28 35 31 28 17 21 10 28 29 26 27 39 20 27 22 22 31 24 13 13 13 17 5 5 3 2 0 0 0 0 0 0 0 1 2 7 13 14 3 2 3 3 2 5 12 36 22 51 58 53 51 88 80 68 37 21 13 8 2 2 1 1 0 0 1 6 19 27 20 27 50 43 32 28 40 27 32 54 54 38 70 70 62 72 80 67 68 63 59 48 56 59 64 56 69
27 23 14 11 11 9 5 17 35 31 32 49 33 38 35 35 39 16 12 29 20 23 19 6 3 2 2 1 1 1 0 0 0 0 1 1 1 4 8 3 2 3 3 4 10 11 5 16 32 71 39 59 78 58 58 41 25 11 4 2 1 1 0 0 0 1 4 9 31 20 22 9 20 33 27 42 47 49 47 45 48 74 65 57 64 64 40 69 43 49 59 67 67 47 74 74
15 21 31 34 28 15 13 22 36 55 51 49 34 42 61 55 32 18 20 39 26 13 10 8 3 2 2 2 1 1 1 1 0 0 1 1 0 1 1 0 1 1 2 3 7 5 8 18 57 18 16 46 83 58 37 19 12 9 8 5 1 1 0 0 0 1 3 5 9 16 15 13 31 25 34 45 60 72 71 73 70 88 63 43 41 50 66 84 80 57 58 60 50 57 62 56
28 48 33 54 24 22 24 42 43 58 55 24 25 47 45 33 25 24 37 56 19 13 12 8 5 4 2 2 1 1 0 0 1 0 0 1 1 0 0 0 0 1 1 1 2 6 11 6 40 11 29 59 78 40 18 17 10 4 3 4 1 1 0 0 0 0 1 1 6 7 15 23 39 38 66 69 81 54 38 29 82 80 79 53 20 52 74 90 85 79 83 53 71 53 48 78
47 48 67 56 30 48 46 50 68 61 45 32 36 56 38 53 19 30 60 25 17 13 15 12 10 7 3 2 1 1 1 1 1 1 0 0 1 0 0 0 0 1 1 1 2 4 7 7 4 9 30 66 75 35 23 16 6 5 4 2 2 0 0 0 0 0 2 5 9 14 21 28 43 57 68 63 32 35 29 74 79 79 81 82 40 57 82 84 73 67 66 72 51 54 35 53
64 66 41 32 40 51 50 70 39 52 24 46 51 77 60 41 22 55 17 13 28 14 9 6 6 5 5 4 3 2 2 2 1 1 0 0 0 0 0 0 0 0 0 1 2 6 2 7 1 3 18 49 82 69 23 14 7 2 3 2 1 1 1 0 0 1 3 9 20 23 24 33 43 41 39 48 43 59 74 81 74 77 66 80 70 61 65 37 22 20 51 82 70 49 30 33
73 57 42 30 42 57 67 17 62 28 34 53 70 72 48 27 55 45 25 10 9 16 4 4 8 8 11 4 7 6 4 3 1 1 1 1 0 0 0 0 0 0 0 1 1 3 1 3 1 6 11 7 42 49 20 9 3 2 2 1 1 1 1 0 0 2 4 5 9 13 17 22 28 36 60 69 67 68 74 64 69 59 45 70 63 43 36 46 62 68 83 42 55 52 29 24
40 57 44 37 52 73 74 29 60 54 69 54 80 50 36 46 58 23 23 19 43 22 11 7 13 20 13 16 11 13 5 2 0 2 1 1 1 0 0 0 0 0 0 1 1 0 2 3 1 4 5 30 38 16 15 10 8 4 2 1 1 1 1 0 0 0 2 5 8 9 12 17 30 30 29 33 36 38 84 46 66 71 51 46 37 25 61 67 67 81 78 61 46 59 57 53
86 40 59 60 70 48 52 62 62 52 58 59 52 45 43 72 31 40 33 60 49 24 28 19 10 27 31 27 35 16 10 2 1 1 1 1 1 1 1 0 0 0 1 1 0 1 6 1 1 3 24 31 46 10 9 12 5 4 2 1 1 1 1 0 0 0 0 2 4 5 2 8 8 11 28 44 45 48 73 64 52 66 85 37 27 45 49 59 77 70 66 75 58 58 45 55
80 94 89 91 86 59 18 11 57 36 65 74 84 76 62 68 65 75 55 67 49 45 41 34 30 39 57 55 20 19 11 5 5 2 1 2 0 1 1 0 0 0 0 1 0 0 0 0 0 3 10 38 32 6 9 9 7 3 2 2 1 1 1 0 0 0 2 3 4 10 15 23 41 39 25 29 46 78 72 74 76 54 55 65 32 39 63 63 53 37 75 87 58 46 57 65
64 88 73 81 78 62 76 36 54 46 22 37 80 86 88 61 47 52 64 65 60 53 63 44 57 55 66 46 39 30 20 12 6 6 5 2 1 1 1 1 0 0 0 0 1 0 0 0 0 2 7 4 16 4 13 5 7 5 2 1 1 1 0 0 0 1 2 5 8 18 35 29 20 38 62 44 60 77 76 88 76 60 50 42 9 21 26 46 68 81 87 65 85 58 54 61
46 85 64 76 77 66 87 64 40 72 50 40 66 76 72 62 71 49 75 86 86 68 56 41 77 62 62 44 28 19 21 13 11 10 8 4 2 1 1 1 1 0 0 0 1 0 1 0 0 0 2 3 17 9 18 13 4 6 2 2 0 0 0 0 0 1 3 3 8 16 38 52 60 52 70 75 79 76 69 84 82 48 28 20 12 20 45 65 59 90 61 71 81 84 61 59
49 79 67 62 79 55 61 25 44 75 54 30 11 52 64 63 71 53 47 78 82 43 69 35 65 50 63 43 32 12 18 29 24 19 13 4 1 1 2 1 0 0 0 0 1 0 1 0 0 0 1 6 16 3 4 2 5 6 5 1 0 0 0 0 0 1 4 3 8 15 27 43 39 29 31 46 82 58 79 80 87 82 20 12 12 26 57 38 70 83 70 79 67 62 45 66
14 38 25 48 71 57 55 14 45 79 42 23 14 27 63 58 61 55 25 29 55 37 34 54 24 20 69 36 17 9 4 7 11 8 8 7 3 3 3 1 0 0 0 0 0 0 0 0 0 1 1 7 5 10 4 1 2 1 1 0 1 0 0 0 0 1 2 2 4 8 15 14 22 39 44 60 87 89 72 60 75 80 55 12 6 18 22 46 78 65 60 29 22 31 44 64
13 38 65 46 55 37 67 41 53 80 63 30 25 22 58 74 42 8 9 19 27 16 21 61 28 13 50 37 42 12 1 8 19 13 5 10 6 4 1 1 0 0 0 0 0 1 1 0 0 1 2 5 2 3 2 2 0 0 1 1 0 0 0 0 0 1 1 1 2 6 15 20 40 42 54 81 88 87 81 42 46 58 49 19 5 13 33 56 53 28 28 59 61 59 63 76
22 13 12 16 23 37 68 25 57 58 82 44 23 18 19 17 11 8 8 22 18 16 11 50 14 31 37 26 46 52 16 8 8 5 6 8 6 3 2 1 0 0 0 0 0 0 0 0 0 1 2 4 0 1 1 4 1 0 0 1 0 0 0 0 0 1 9 5 9 24 39 62 70 54 71 92 88 86 79 55 11 23 40 32 7 15 29 52 39 43 86 64 46 53 41 76
25 28 11 11 21 36 58 48 30 46 74 42 13 5 20 21 8 21 8 9 13 12 9 49 11 8 33 21 28 41 19 13 17 5 2 2 1 1 1 1 1 1 0 0 0 0 0 0 0 1 2 2 0 1 1 1 1 1 0 0 0 0 0 0 0 1 3 12 29 43 71 48 30 48 79 92 85 74 70 71 52 11 35 31 7 15 31 29 25 70 66 49 63 79 22 11
24 32 20 13 17 11 50 56 43 16 74 32 9 3 14 14 20 22 15 8 10 13 3 16 35 3 8 10 30 54 16 3 7 4 6 6 4 3 1 1 1 0 0 0 0 0 0 0 0 0 3 2 0 1 1 0 1 1 0 0 0 0 0 0 0 2 4 13 25 25 14 21 46 56 75 75 81 69 56 37 50 16 9 12 12 26 18 16 55 84 43 58 66 75 67 23
34 22 20 7 7 8 30 59 23 18 54 44 21 3 13 13 27 21 16 10 10 19 7 8 59 7 10 11 24 27 29 18 15 15 10 6 4 3 2 1 0 0 0 0 0 0 0 0 0 1 4 2 0 1 1 0 0 0 0 0 0 0 0 0 1 2 11 16 12 10 25 36 54 86 73 60 75 40 21 17 40 19 8 2 3 17 18 38 77 49 41 54 77 63 64 31
61 12 20 8 6 9 18 22 6 5 60 30 3 2 10 13 24 17 26 15 17 13 12 9 19 9 3 9 16 13 25 27 13 7 5 2 2 2 2 1 0 0 0 0 0 0 0 0 0 1 2 1 1 0 0 0 0 0 0 0 0 0 0 0 1 4 5 4 4 9 34 45 77 83 79 52 31 47 13 14 37 10 3 1 7 23 37 49 59 19 53 82 72 68 78 40
12 20 7 6 5 4 5 9 6 10 35 14 5 2 6 8 20 5 16 10 8 12 10 6 11 17 6 3 1 9 9 20 7 4 4 3 1 1 1 1 0 0 0 0 0 0 0 0 0 1 2 0 0 0 0 0 0 0 0 0 0 0 0 0 1 2 1 1 7 25 36 46 79 84 62 45 24 32 32 7 10 7 2 2 9 13 29 54 28 33 73 63 63 65 59 51
11 7 15 13 4 4 2 2 2 3 8 4 11 4 2 6 19 6 3 10 4 2 1 13 12 23 2 1 1 2 12 21 18 7 3 1 1 1 1 0 0 0 0 0 0 0 0 0 0 0 1 0 0 0 0 0 0 0 0 0 0 0 0 0 1 0 0 2 10 24 43 72 70 66 55 43 23 15 28 9 4 5 2 2 7 11 39 41 29 22 27 50 43 39 55 62
21 10 6 15 16 8 6 2 1 5 3 3 9 10 2 4 9 9 2 3 2 3 2 28 9 13 5 0 1 0 2 4 15 13 4 2 1 1 0 0 1 0 0 0 0 0 0 0 0 0 1 0 1 0 0 0 0 0 0 0 0 0 0 0 0 0 1 4 13 45 54 76 71 49 24 10 7 6 8 9 5 2 1 2 5 9 21 19 14 11 27 23 17 33 52 66
22 12 5 7 8 15 5 2 0 3 4 1 1 3 2 2 5 6 2 2 1 1 1 2 1 2 8 1 1 1 0 3 12 13 4 2 2 4 3 1 1 0 0 0 0 0 0 0 0 0 0 0 0 0 0 0 0 0 0 0 0 0 0 0 0 0 1 2 14 68 63 60 74 60 26 9 3 1 2 4 3 1 0 1 3 6 13 7 5 20 30 38 69 57 71 64
50 21 8 2 5 10 13 1 2 4 5 2 1 2 1 1 2 7 1 1 1 1 0 1 0 0 3 2 0 1 0 1 4 25 10 3 1 1 1 0 0 0 0 0 0 0 0 0 0 0 0 0 0 0 0 0 0 0 0 0 0 0 0 0 0 2 3 13 31 39 72 75 51 62 49 16 7 2 1 1 2 1 0 0 1 2 3 2 6 18 26 66 69 60 57 62
31 66 16 6 1 2 2 2 2 3 2 1 3 1 1 0 0 5 2 1 1 0 0 1 1 0 1 2 1 1 0 0 1 5 16 7 2 2 3 1 0 0 0 0 0 0 0 0 0 0 0 0 0 0 0 0 0 0 0 0 0 0 0 0 0 3 5 4 13 33 62 51 37 32 52 19 6 2 1 0 0 0 0 0 1 0 1 2 11 20 52 58 36 53 63 63
5 42 50 22 6 2 1 4 1 1 1 1 3 1 1 1 0 5 2 1 0 0 0 0 1 0 1 1 1 1 0 0 1 1 2 10 3 1 1 1 0 0 0 0 0 0 0 0 0 0 0 0 0 0 0 0 0 0 0 0 0 0 0 0 0 0 0 4 38 45 48 41 27 25 21 15 6 2 2 1 0 0 0 0 1 4 4 3 8 23 27 19 26 51 68 60
3 15 19 36 10 4 2 3 3 1 2 1 1 1 2 1 0 1 4 1 0 0 0 0 1 0 0 1 0 1 1 0 1 1 1 1 9 3 2 1 0 0 0 0 0 0 0 0 0 0 0 0 0 0 0 0 0 0 0 0 0 0 0 0 0 1 2 5 30 53 45 58 38 7 6 8 4 3 2 1 0 0 0 0 1 3 12 19 7 6 6 20 38 52 76 54
5 9 6 18 5 2 2 2 3 2 1 1 1 2 1 1 1 1 2 1 0 0 0 1 1 1 0 1 0 0 1 0 0 0 1 2 3 1 4 1 0 0 0 0 0 0 0 0 0 0 0 0 0 0 0 0 0 0 0 0 0 0 0 0 0 1 2 9 25 37 70 53 48 18 4 2 3 2 1 1 0 0 0 1 2 5 13 34 32 23 27 21 41 53 79 66
3 5 2 7 6 6 3 2 2 1 1 0 1 1 1 1 1 1 0 1 0 0 0 0 0 1 1 0 0 0 0 0 0 1 1 2 2 1 4 1 1 0 0 0 0 0 0 0 0 0 0 0 0 0 0 0 0 0 0 0 0 0 0 0 0 1 2 6 22 17 53 45 31 21 19 4 3 2 1 0 0 0 0 1 3 8 17 29 46 46 44 44 40 68 91 76
3 3 2 2 2 1 2 1 5 3 1 0 1 0 0 1 0 0 0 0 0 0 0 0 0 0 0 0 0 0 0 0 0 0 4 5 2 1 0 1 1 0 0 0 0 0 0 0 0 0 0 0 0 0 0 0 0 0 0 0 0 0 0 0 0 1 2 13 26 37 43 48 33 14 8 7 2 1 0 0 0 0 0 0 1 5 9 21 32 24 46 53 74 91 90 71
1 3 2 1 1 1 1 0 1 1 0 0 0 0 0 0 0 0 0 0 0 0 0 0 0 1 0 0 0 0 0 0 0 1 1 3 4 9 7 4 0 0 0 0 0 0 0 0 0 0 0 0 0 0 0 0 0 0 0 0 0 0 0 0 0 2 9 19 30 43 43 39 34 17 4 2 2 1 0 0 0 1 2 2 1 1 2 5 11 28 37 66 66 88 85 61
1 1 0 1 0 0 0 0 0 0 0 0 0 0 0 0 0 0 0 0 0 0 0 0 0 0 0 0 0 0 0 0 0 0 0 0 1 1 1 0 0 0 0 0 0 0 0 0 0 0 0 0 0 0 0 0 0 0 0 0 0 0 0 0 1 1 3 6 20 36 19 42 17 8 3 1 1 1 0 0 0 0 2 4 10 6 9 10 22 49 56 62 76 75 61 44
0 0 0 0 0 0 0 0 0 0 0 0 0 0 0 0 0 0 0 0 0 0 0 0 0 0 0 0 0 0 0 0 0 0 0 0 0 0 0 0 0 0 0 0 0 0 0 0 0 0 0 0 0 0 0 0 0 0 0 0 0 0 0 0 0 1 2 5 10 9 15 18 13 5 1 1 0 0 0 0 0 0 1 2 5 16 28 30 49 73 68 50 63 44 44 30
1 0 0 0 0 0 0 0 0 0 1 1 1 1 0 0 0 0 0 0 0 0 0 0 0 0 0 0 0 0 0 0 0 0 0 0 0 0 0 0 0 0 0 0 0 0 0 0 0 0 0 0 0 0 0 0 0 0 0 0 0 0 0 0 0 1 2 9 7 8 12 6 5 1 1 0 0 0 0 0 0 1 2 3 6 18 60 55 22 32 72 82 44 14 13 22
2 1 0 1 1 1 1 2 1 1 2 3 4 2 1 1 0 0 0 0 0 0 0 0 0 0 0 0 0 0 0 0 0 0 0 0 0 0 0 0 0 0 0 0 0 0 0 0 0 0 0 0 0 0 0 0 0 0 0 0 0 0 0 0 0 2 2 2 3 4 4 3 3 1 0 0 0 0 0 0 1 2 3 6 21 28 21 7 16 53 85 76 66 13 6 7
4 1 1 2 2 3 3 3 4 5 4 4 5 6 2 1 1 1 0 0 0 0 0 0 0 0 0 0 0 0 0 0 0 0 0 0 0 0 0 0 0 0 0 0 0 0 0 0 0 0 0 0 0 0 0 0 0 0 0 0 0 0 0 0 1 2 3 2 1 1 2 2 1 0 0 0 0 0 0 1 2 2 7 16 17 5 3 8 25 75 81 57 32 25 2 1
7 4 2 7 7 13 8 9 16 10 14 9 15 6 4 3 4 1 0 1 0 0 0 0 0 0 0 0 0 0 0 0 0 0 0 0 0 0 0 0 0 0 0 0 0 0 0 0 0 0 0 0 0 0 0 0 0 0 0 0 0 0 0 0 0 1 3 2 0 1 1 0 0 0 0 0 0 0 0 0 2 5 4 3 1 1 5 17 39 57 54 42 14 28 4 1
16 10 7 19 32 54 36 27 42 33 28 18 36 23 19 10 3 1 1 2 1 0 0 0 0 0 0 0 0 0 0 0 0 0 0 0 0 0 0 0 0 0 0 0 0 0 0 0 0 0 0 0 0 0 0 0 0 0 0 0 0 0 0 0 0 1 4 2 1 0 0 0 0 0 0 0 0 0 0 0 2 2 1 0 1 5 11 38 54 37 35 16 7 10 13 1
50 54 37 29 30 27 15 9 29 15 14 14 15 25 23 5 4 4 3 3 2 0 0 0 0 0 0 0 0 0 0 0 0 0 0 0 0 0 0 0 0 0 0 0 0 0 0 0 0 0 0 0 0 0 0 0 0 0 0 0 0 0 0 0 0 1 4 4 1 1 0 0 0 0 0 0 0 0 0 0 0 0 0 1 3 7 14 56 58 77 23 3 2 3 5 1
40 26 47 25 20 28 24 16 11 8 13 22 12 7 16 30 17 5 1 1 1 0 0 0 0 0 0 0 0 0 0 0 0 0 0 0 0 0 0 0 0 0 0 0 0 0 0 0 0 0 0 0 0 0 0 0 0 0 0 0 0 0 0 0 0 1 2 6 2 1 0 0 0 0 0 0 0 0 0 0 0 0 1 2 4 7 31 24 37 47 41 5 1 0 2 1
37 10 36 33 9 3 11 14 17 14 6 6 31 7 10 18 6 4 2 1 1 0 0 0 0 0 0 0 0 0 0 0 0 0 0 0 0 0 0 0 0 0 0 0 0 0 0 0 0 0 0 0 0 0 0 0 0 0 0 0 0 0 0 0 0 0 0 2 2 0 0 0 0 0 0 0 0 0 0 0 0 1 1 3 10 21 28 22 16 11 33 6 1 0 0 0
