sesion_6_simulaciones/modelos_agentes/ejemplos_netlogo/scenarios/cgcm2_b2/rob_2082.asc
NCOLS 322 
NROWS 307 
XLLCORNER 451900 
YLLCORNER 4086900 
CELLSIZE 100 
NODATA_value -9999 
[rows 219 to 291 of 307, columns 192 to 287 of 322]
13 12 4 3 2 2 2 2 1 1 0 0 0 0 0 0 0 0 0 0 0 0 1 1 0 0 0 0 1 1 1 2 8 21 53 56 39 55 47 37 49 53 53 53 43 36 25 60 48 30 32 29 27 33 7 52 40 17 18 35 53 58 48 82 79 82 81 50 31 25 58 62 77 35 4 2 1 0 0 0 0 0 0 0 0 0 1 0 1 1 1 3 2 4 6 5
21 8 8 13 9 4 3 2 1 0 0 0 0 0 0 0 0 0 0 1 1 0 0 1 1 1 0 1 1 2 2 2 8 18 39 31 52 41 42 38 50 47 39 58 40 26 28 23 32 18 41 29 16 20 31 13 10 23 13 49 67 60 55 82 89 80 80 90 77 51 37 37 50 28 19 5 2 0 0 0 0 0 0 0 0 0 0 1 1 1 2 2 4 4 5 13
5 2 1 7 4 2 2 1 0 0 0 0 0 0 0 0 0 0 0 1 1 2 2 2 2 1 1 2 2 2 3 4 5 16 24 23 21 34 41 37 59 51 54 65 45 42 40 32 40 17 51 22 12 9 29 38 5 11 38 35 46 33 21 59 84 68 72 83 91 76 24 9 5 7 9 1 0 0 0 0 0 0 0 0 0 0 0 0 0 1 2 2 2 2 6 9
3 3 2 1 4 2 1 1 0 0 0 0 0 0 0 0 0 0 0 0 1 2 8 5 3 4 3 3 8 9 4 5 18 18 19 14 23 41 39 42 44 36 39 59 37 46 47 27 37 46 38 35 12 11 16 15 12 37 58 58 40 34 44 29 62 80 71 65 78 82 45 25 8 2 1 0 0 0 0 0 0 0 0 0 0 0 0 0 0 1 2 2 4 3 5 4
13 12 7 5 2 1 1 1 0 0 0 0 0 0 0 0 0 0 0 1 1 4 8 13 6 9 8 7 12 14 9 11 21 23 24 15 26 22 31 33 38 32 40 59 44 30 46 30 38 33 27 16 18 13 8 9 12 25 27 28 24 36 44 32 39 64 57 51 69 74 46 18 7 2 0 0 0 0 0 0 0 0 0 0 0 0 0 0 0 1 2 2 4 4 6 7
15 9 9 6 3 2 2 1 0 0 0 0 0 0 0 0 0 1 0 1 1 5 11 24 19 13 12 19 17 30 30 18 22 24 26 18 29 14 29 30 23 31 37 57 64 30 42 39 21 16 22 19 24 8 4 13 14 33 17 37 38 41 46 45 20 26 8 5 12 52 58 18 5 1 1 1 0 0 0 0 0 0 0 0 0 1 1 1 1 1 2 3 3 5 6 16
7 6 4 3 1 1 1 1 0 0 0 0 0 0 0 0 1 1 1 1 2 3 7 18 26 27 21 23 22 35 65 46 28 30 16 20 24 21 41 24 20 21 33 38 54 50 19 29 10 10 9 6 16 12 3 10 13 13 24 45 52 47 57 48 22 28 17 20 6 7 28 10 3 2 1 1 1 0 0 0 0 0 0 0 0 0 0 1 1 1 2 4 5 4 8 11
8 5 3 1 0 1 1 0 0 0 0 0 0 0 0 1 1 2 2 3 2 4 10 15 28 55 34 32 33 24 44 58 29 39 31 35 39 38 25 27 16 21 21 22 26 34 23 45 30 9 30 22 10 7 3 8 36 33 37 45 62 52 49 33 26 26 32 41 17 10 8 2 3 2 2 2 1 1 0 0 1 1 0 0 0 0 1 0 0 1 1 1 4 6 6 10
5 8 4 4 2 1 1 0 0 0 0 0 0 0 1 1 1 1 3 7 8 11 14 16 29 56 69 42 58 35 43 57 42 28 48 50 39 34 34 30 9 14 13 22 32 35 44 55 61 21 19 18 13 5 7 9 22 21 39 52 55 39 36 27 52 43 48 38 19 13 4 3 4 5 4 3 2 1 1 0 0 1 1 0 1 0 0 0 0 1 1 2 2 3 7 11
8 4 2 2 1 0 0 0 0 0 0 0 0 0 1 1 1 1 5 9 17 28 44 31 37 49 77 39 60 37 42 57 23 26 46 48 51 46 35 33 21 22 18 15 34 38 36 52 45 43 28 17 13 8 25 39 34 41 55 67 48 29 32 47 76 66 42 27 20 10 9 8 9 7 11 5 3 2 0 0 0 1 1 1 1 1 0 1 1 1 2 2 3 3 4 11
8 4 2 1 1 1 0 0 0 0 0 0 0 0 0 0 0 1 2 5 8 22 45 63 55 50 67 66 73 43 63 37 23 22 33 54 52 53 29 31 30 34 21 20 25 38 40 37 31 27 35 32 14 18 22 22 41 26 41 15 28 52 54 79 71 52 37 24 27 26 22 17 14 16 6 4 3 1 1 0 0 1 3 1 1 1 1 2 1 1 2 2 5 6 9 13
3 2 2 0 0 0 0 0 0 0 0 0 0 0 0 1 2 1 2 4 13 21 41 43 64 63 72 76 68 41 55 27 23 50 36 48 52 38 34 43 41 43 20 21 43 41 50 39 45 20 20 16 12 4 11 8 68 40 20 35 46 48 55 48 31 28 30 29 21 25 35 33 20 7 2 1 1 1 0 0 0 0 2 1 1 1 3 5 1 1 1 3 4 4 8 12
1 1 1 0 1 0 0 0 0 0 0 0 0 1 1 3 2 2 4 10 12 22 41 54 52 58 66 63 64 62 71 39 29 40 51 40 50 42 37 36 40 27 32 20 22 27 42 47 41 28 13 13 8 10 20 21 7 75 76 50 31 17 34 31 41 36 25 17 11 31 62 35 14 6 2 1 0 0 0 0 0 1 1 1 2 1 3 3 6 1 1 4 5 7 6 11
1 0 0 0 1 0 0 0 0 0 0 0 0 1 2 2 1 3 7 9 11 33 52 63 50 54 65 57 76 82 54 44 42 58 36 52 50 47 44 40 39 34 51 16 32 31 39 35 23 9 26 12 16 17 26 47 33 28 38 44 23 43 27 29 27 31 30 11 19 35 36 17 10 7 2 1 0 0 0 1 0 1 1 4 3 1 1 1 9 2 2 4 5 7 5 7
1 1 0 0 0 0 0 0 0 0 0 0 0 0 1 1 4 6 10 25 17 20 61 52 69 56 61 66 25 79 55 50 42 58 47 37 42 52 43 42 41 34 59 19 19 58 38 33 28 18 30 13 14 35 45 16 45 44 25 12 24 14 23 28 28 27 17 49 38 14 23 10 6 4 2 0 0 0 0 0 1 1 1 1 2 3 1 4 5 6 5 2 3 13 8 8
1 1 1 0 0 0 0 0 0 0 0 0 0 0 1 1 2 4 11 24 39 47 73 57 70 69 72 64 69 62 81 47 40 50 42 20 27 47 50 56 42 19 39 46 11 28 30 53 27 25 32 21 15 29 22 22 12 13 19 35 29 31 29 43 20 22 33 18 12 18 14 9 5 1 0 0 1 0 1 1 1 1 1 2 4 7 2 2 5 6 21 7 3 5 16 13
0 1 0 0 0 0 0 0 0 0 0 0 0 0 1 1 1 4 11 21 40 34 51 17 37 59 57 25 25 47 74 37 45 78 41 40 47 55 33 12 24 11 39 44 12 34 48 30 10 20 31 25 15 24 18 9 33 37 49 32 16 24 52 62 43 35 52 49 40 24 12 7 2 1 0 0 1 1 2 1 1 1 2 2 5 5 10 3 7 4 2 12 5 5 6 11
1 0 1 0 0 0 0 0 0 0 0 0 0 0 0 0 1 2 8 16 25 17 19 45 40 42 29 33 46 47 63 61 63 65 59 53 49 43 42 22 31 28 31 47 11 21 36 30 15 13 14 23 18 19 7 22 39 16 21 29 32 54 62 64 65 60 39 26 32 20 32 12 3 1 0 0 0 2 2 1 2 2 3 1 2 6 5 13 10 10 5 15 8 2 5 6
1 0 0 0 0 0 0 0 0 0 0 0 0 0 0 0 1 2 3 4 8 37 42 34 44 53 47 36 41 51 49 48 61 60 41 46 41 45 49 19 45 36 27 48 9 14 34 25 34 30 11 10 27 23 14 23 24 19 47 34 60 45 46 70 80 49 39 16 35 14 8 6 1 1 1 1 1 2 2 3 4 2 3 2 3 2 5 16 27 33 6 6 10 5 8 15
0 0 0 0 0 0 0 0 0 0 0 0 0 0 0 0 0 1 2 5 10 17 28 26 21 36 50 35 46 33 43 50 50 71 50 58 41 55 35 39 21 31 17 36 10 9 19 18 19 28 28 11 14 4 15 9 8 31 36 31 40 31 57 64 65 71 37 12 7 7 4 1 0 2 3 2 1 2 5 5 8 4 3 3 4 4 2 2 3 9 24 21 13 9 10 17
0 0 0 0 0 0 0 0 0 0 0 1 1 1 0 1 2 1 1 4 10 20 17 27 36 48 37 30 37 37 21 26 47 37 32 59 25 47 33 31 30 31 64 40 15 17 29 42 17 11 11 12 3 20 6 10 23 53 49 72 71 54 37 44 40 26 27 25 11 5 1 0 1 3 2 5 2 2 5 9 6 10 6 4 5 4 7 5 5 6 14 12 12 39 13 21
0 0 0 0 0 0 0 0 0 0 0 1 1 1 1 1 2 2 3 3 6 4 9 14 17 30 25 20 26 28 37 37 23 19 12 59 32 61 26 37 27 24 64 43 31 19 49 30 29 20 10 29 10 29 19 32 37 16 34 40 45 39 23 33 45 31 34 13 14 5 2 0 2 3 3 6 8 3 4 6 10 14 8 12 7 3 4 9 2 1 3 3 4 17 24 15
0 0 0 0 0 0 0 0 0 0 1 1 1 1 3 1 2 5 4 10 18 20 31 38 43 39 40 54 57 41 47 61 57 36 48 42 61 50 27 30 22 17 14 44 24 10 19 24 24 16 21 35 47 56 84 73 74 64 67 42 44 44 48 58 44 31 22 13 9 4 1 0 2 3 6 7 8 6 7 13 9 18 11 16 8 5 5 9 13 3 7 8 5 3 5 8
0 0 0 0 0 0 0 1 0 0 1 1 1 2 3 2 1 2 10 16 32 27 41 54 63 70 68 59 77 63 46 43 38 25 14 15 33 34 40 27 29 9 12 36 14 11 11 23 10 19 4 3 6 9 26 42 83 83 61 58 46 42 22 50 36 22 19 11 3 1 0 1 3 4 3 5 8 13 10 15 10 6 24 21 12 5 6 15 13 6 7 12 10 20 26 36
0 0 0 0 0 0 1 1 1 1 0 0 2 2 2 5 1 1 3 7 19 39 20 45 44 60 68 52 12 29 46 32 21 20 27 36 38 21 43 14 25 12 4 24 16 19 6 6 5 13 12 8 9 9 10 9 27 58 73 77 82 43 37 26 21 17 16 13 8 2 1 2 6 6 6 7 22 16 18 19 19 7 8 32 19 7 7 9 10 8 14 7 17 21 31 40
0 0 0 0 0 1 1 1 1 1 0 1 1 2 2 4 2 1 3 5 11 16 14 32 28 27 26 17 14 16 27 24 22 31 26 16 27 40 33 5 17 21 5 12 13 5 3 17 12 10 25 16 24 28 28 34 38 54 46 36 50 78 59 44 35 30 27 13 6 2 1 6 8 13 13 10 19 27 19 14 13 14 5 20 30 15 15 6 18 9 18 18 12 24 26 20
0 0 0 1 1 1 1 1 1 1 1 1 1 2 3 2 6 1 1 1 4 4 11 13 20 33 30 36 42 29 40 22 23 36 29 23 22 15 7 8 15 21 56 24 7 10 4 9 12 9 26 34 19 36 54 31 26 24 29 20 21 38 56 52 42 24 22 12 4 1 3 8 9 13 15 17 12 34 24 34 18 27 18 18 50 22 32 12 20 19 20 33 22 22 21 30
0 0 1 1 1 1 1 2 2 2 1 1 1 3 5 4 4 2 2 4 3 3 11 13 21 30 35 32 34 52 46 48 42 58 19 15 17 23 22 18 40 38 10 11 33 13 6 8 8 37 50 13 33 30 25 29 44 40 49 32 27 23 23 25 26 19 12 10 3 2 4 10 10 18 16 14 14 22 32 39 28 18 31 18 53 17 20 24 15 36 22 22 24 17 20 20
0 1 1 1 2 1 1 2 3 3 1 1 2 2 8 21 2 2 2 8 8 11 9 11 16 18 30 21 27 38 40 33 27 28 29 31 23 32 30 19 10 8 5 3 6 15 18 8 37 56 11 7 11 39 36 33 30 39 28 25 31 23 22 14 13 11 9 5 3 4 9 11 11 14 14 15 20 24 37 31 29 25 29 45 56 18 23 28 17 38 25 12 31 13 7 17
1 1 1 2 2 1 2 3 6 5 1 1 1 3 6 8 3 3 2 6 12 12 13 7 8 8 20 26 28 36 27 25 29 28 27 25 24 19 18 20 12 7 5 4 6 3 5 27 8 28 9 12 12 11 22 75 48 51 41 36 27 23 19 15 11 9 7 4 3 4 8 11 8 13 13 23 30 20 23 46 36 42 43 43 55 35 41 18 41 36 10 19 27 12 15 21
1 2 2 5 2 1 2 3 5 11 2 1 3 4 7 13 7 4 4 11 16 26 14 18 18 7 12 18 22 20 28 18 25 26 26 15 14 7 11 13 23 23 19 14 13 19 16 5 3 7 13 30 34 30 37 21 35 38 50 48 36 23 18 16 12 10 7 3 2 8 10 12 17 15 27 24 22 33 22 19 32 34 34 49 25 81 44 18 30 32 8 20 17 32 19 25
2 5 2 6 4 2 2 4 7 8 2 1 4 5 9 11 13 1 9 15 19 35 19 21 22 31 19 16 11 13 15 26 42 31 12 26 11 26 14 15 17 23 12 8 7 10 5 5 11 22 29 26 37 33 45 14 12 14 14 29 24 27 21 20 17 15 11 5 2 9 10 11 17 21 27 12 21 16 34 15 23 21 35 23 48 71 29 20 45 17 10 21 19 29 33 31
2 3 6 6 5 4 3 4 8 18 2 4 5 10 10 19 3 2 10 15 27 36 43 26 47 30 32 31 20 21 14 47 56 33 36 21 18 24 15 12 22 8 13 5 9 9 7 7 7 24 24 19 36 42 36 14 27 36 34 41 37 32 32 34 26 23 14 6 2 11 12 11 27 18 23 38 35 25 14 28 19 29 32 41 33 57 47 39 41 20 18 28 16 18 8 40
1 2 7 8 8 6 4 5 11 13 3 7 9 22 28 10 2 2 11 16 20 42 40 45 30 33 51 38 35 33 35 42 55 48 36 40 37 21 40 21 10 15 5 3 3 7 6 7 8 13 17 25 31 26 40 38 40 48 47 51 53 55 39 28 18 12 13 3 5 13 20 15 30 33 24 27 36 27 29 10 39 13 18 39 41 57 64 73 37 22 32 26 31 34 22 48
3 3 9 13 17 9 5 7 15 17 4 5 13 28 17 4 2 6 11 16 31 36 39 42 47 36 49 41 55 54 53 38 21 25 35 34 33 14 27 24 24 14 7 6 13 6 5 13 5 5 7 14 33 50 37 36 55 56 55 37 56 35 17 22 23 16 7 4 4 12 28 17 26 33 38 30 40 25 32 25 20 41 21 8 12 36 56 69 34 46 35 30 27 46 20 21
3 5 6 9 26 16 6 9 14 18 4 4 14 29 10 4 3 7 17 18 19 25 31 40 60 35 42 39 34 53 55 40 41 31 30 17 24 25 30 20 17 10 8 10 22 11 9 11 3 3 6 24 38 25 53 61 30 38 27 28 23 20 32 32 17 14 12 4 5 7 32 22 22 25 30 39 32 31 15 29 15 45 27 21 12 10 30 45 53 70 41 36 29 41 14 19
4 10 7 7 12 26 9 13 25 7 5 6 11 35 16 5 3 11 16 18 31 43 41 57 55 49 28 33 52 46 25 54 71 53 24 24 17 20 28 18 9 15 14 10 10 5 7 5 14 10 17 23 28 43 54 40 53 31 38 39 33 30 25 19 19 17 8 4 5 11 13 39 23 21 26 29 46 43 29 49 19 18 30 25 20 18 18 34 52 56 39 40 34 37 20 30
5 7 18 15 7 19 7 16 44 8 8 16 23 27 9 8 1 5 21 24 41 33 39 59 57 52 46 19 14 17 25 22 27 11 12 22 33 20 20 31 20 13 8 7 4 3 3 5 17 18 23 26 38 43 62 57 57 44 37 45 36 40 41 22 22 20 8 7 7 21 24 24 43 20 24 29 53 43 31 25 36 19 15 40 34 20 24 24 43 48 57 38 33 24 35 18
6 9 21 29 14 32 8 17 47 21 10 24 30 16 7 2 2 4 9 25 44 47 38 41 47 63 44 19 26 20 24 23 29 21 15 8 19 25 31 26 14 12 5 7 7 3 7 3 1 3 22 19 18 35 36 28 28 52 50 44 47 26 27 25 19 18 16 4 10 22 27 24 27 11 31 31 33 48 59 49 46 27 19 18 36 22 18 31 47 79 70 35 24 21 36 17
8 9 12 34 15 28 16 16 21 30 14 35 27 6 2 4 6 9 17 32 33 37 48 28 39 47 62 27 20 20 30 28 28 26 20 27 17 21 12 6 7 12 6 6 9 5 5 1 6 10 13 30 65 50 33 61 55 73 51 37 45 43 40 36 33 18 16 9 13 26 23 36 48 20 21 47 36 53 43 38 55 22 30 32 56 23 14 20 16 36 58 32 32 15 49 34
7 8 7 21 43 21 32 14 40 18 40 18 6 3 7 8 13 9 37 45 26 35 39 42 20 34 55 61 30 31 18 28 23 12 11 11 17 11 8 7 8 3 2 1 5 2 4 2 8 8 8 25 22 42 53 53 35 58 34 28 32 37 37 32 19 16 12 21 22 27 32 39 10 29 40 46 43 31 46 31 68 27 30 22 30 46 32 34 41 36 47 26 49 18 29 46
19 11 9 12 21 37 39 20 57 26 25 6 4 7 10 17 17 11 14 13 28 31 39 56 50 31 30 15 34 49 17 29 14 13 19 22 22 13 12 9 6 6 10 6 2 1 1 1 6 12 18 22 35 26 39 37 36 34 24 9 24 31 30 26 15 11 12 22 25 27 32 47 16 15 8 14 39 54 70 23 58 43 31 33 20 16 55 28 38 41 33 50 17 20 34 47
13 22 15 11 11 24 52 27 26 10 6 2 7 11 23 30 28 11 15 18 29 35 29 12 19 14 18 36 10 17 35 51 30 34 10 22 8 11 12 3 3 4 3 2 2 9 3 3 5 11 20 13 15 25 27 33 25 42 31 34 45 34 32 19 27 26 15 27 26 30 28 44 15 29 17 23 23 17 40 32 27 52 32 37 21 41 45 13 36 51 53 43 16 21 19 23
16 24 19 24 34 42 43 24 24 7 8 7 11 23 24 31 37 24 25 27 32 35 26 20 17 23 19 12 15 29 14 20 23 52 21 36 8 7 7 8 6 4 5 5 2 2 3 3 7 13 28 12 15 22 37 18 38 60 65 56 48 33 35 34 29 26 28 40 28 29 30 37 20 33 30 24 36 32 37 54 18 53 30 52 18 17 41 9 18 24 52 33 12 22 24 47
17 30 23 30 39 50 40 10 6 3 12 11 21 27 27 37 25 49 41 28 33 32 29 34 35 28 27 15 19 39 14 12 6 7 8 24 29 21 15 29 16 12 7 6 5 2 1 4 15 13 20 7 10 24 26 32 48 73 36 41 51 32 35 30 27 27 34 46 29 30 31 33 31 32 43 25 37 34 33 31 46 75 42 49 34 11 47 24 10 14 33 42 22 25 20 7
19 38 40 37 67 47 10 7 11 13 24 21 19 32 30 44 17 30 61 20 36 27 17 24 33 36 15 22 26 29 50 15 11 5 7 4 5 4 7 23 25 9 11 7 6 4 2 3 10 10 9 9 15 21 41 43 43 44 41 29 49 40 28 11 33 17 20 54 32 31 44 33 47 30 43 35 32 38 32 25 29 15 58 56 46 15 22 18 9 9 17 45 19 30 35 27
24 32 60 52 61 12 13 11 14 24 28 28 38 52 17 36 18 30 35 56 21 42 16 13 19 35 35 30 25 18 10 21 11 11 8 6 6 6 5 7 10 5 3 5 2 1 2 5 5 7 8 8 10 18 35 51 23 47 67 56 27 23 16 9 44 28 30 49 39 30 47 33 60 41 40 45 29 30 43 27 20 15 43 37 45 18 9 43 11 13 21 40 39 36 21 26
16 36 64 74 42 7 14 25 28 28 45 53 27 35 21 21 43 19 33 31 23 31 21 19 21 28 24 42 26 29 31 20 27 16 13 10 6 5 5 7 7 3 3 3 3 2 4 12 5 7 7 7 13 24 45 42 69 46 37 53 31 18 7 18 24 50 31 34 41 28 38 31 52 45 28 43 42 26 29 44 35 11 20 50 57 22 6 27 18 12 24 15 57 37 18 61
18 42 68 46 8 10 30 27 21 50 38 65 21 40 23 18 26 63 18 34 46 30 41 17 17 31 37 26 26 41 24 21 43 9 13 10 8 9 2 8 5 2 7 7 5 4 9 6 8 12 15 19 20 19 26 40 48 39 43 35 32 17 9 25 21 33 30 30 44 28 30 36 32 51 27 29 55 26 28 31 45 14 24 27 44 21 9 18 25 18 13 11 13 29 25 19
21 51 49 27 13 20 32 33 22 40 21 60 24 41 48 18 43 63 13 41 58 18 51 16 15 34 38 39 14 12 45 9 9 23 32 17 4 8 3 7 3 2 2 3 3 4 5 8 12 15 11 10 8 14 16 24 33 39 28 48 33 20 18 26 35 40 19 25 38 39 25 22 16 38 25 26 35 33 26 22 10 10 31 19 42 19 12 7 20 32 6 15 33 28 35 6
21 47 43 32 16 20 40 54 18 26 25 48 20 33 59 26 40 61 22 22 34 33 37 20 16 18 18 30 31 27 11 15 7 6 2 26 17 5 4 4 3 4 5 4 5 5 4 6 10 18 14 20 14 21 17 24 13 25 30 18 16 29 25 27 26 34 37 28 32 38 16 26 16 26 30 25 34 14 11 28 13 13 12 16 47 50 14 7 16 27 4 8 28 37 37 18
44 43 53 22 18 27 30 39 19 30 27 32 36 22 53 20 17 50 23 16 16 15 58 33 14 12 15 15 18 20 37 20 5 13 2 4 20 5 3 4 2 8 9 8 3 5 1 4 8 18 23 13 12 8 10 24 35 54 33 15 8 24 26 26 26 26 52 18 31 40 14 23 24 27 43 4 23 28 12 11 22 10 10 11 19 41 9 7 10 29 7 7 10 40 64 47
75 43 16 17 27 27 29 35 19 54 33 16 40 18 61 18 17 34 26 13 17 29 46 22 10 16 12 27 27 25 17 19 13 17 2 5 5 14 2 2 5 9 4 6 4 5 3 1 5 14 19 27 20 12 20 26 36 52 44 17 9 38 25 17 24 24 39 23 16 41 23 12 14 42 34 13 11 12 32 8 18 32 14 14 54 32 5 18 2 41 18 6 5 4 12 18
16 8 18 15 24 29 43 41 32 43 27 17 67 14 18 45 21 49 29 10 13 21 23 50 17 21 10 22 27 23 16 9 13 28 5 6 4 28 3 3 3 4 3 3 2 6 4 6 7 20 23 15 37 16 15 13 13 39 41 9 14 23 28 15 27 23 22 36 15 44 30 17 19 16 34 12 11 18 16 15 6 4 32 12 20 36 11 30 5 21 46 9 20 12 7 6
34 17 40 30 25 30 50 27 55 36 13 20 46 21 21 48 12 19 50 8 24 18 13 37 9 20 18 14 17 19 25 21 4 12 6 7 4 3 13 3 1 4 4 7 5 2 2 7 13 17 33 26 7 14 17 2 16 21 16 7 19 46 34 13 11 37 13 29 12 19 61 11 25 25 15 18 15 14 27 18 18 9 11 19 6 33 42 31 9 14 69 8 11 8 17 6
57 31 18 33 34 36 29 27 50 24 22 22 16 19 19 28 15 13 46 15 22 15 7 15 24 19 18 10 12 11 14 14 17 4 6 16 4 3 7 10 2 8 4 6 6 4 4 2 14 5 4 3 4 13 13 34 25 12 18 14 10 34 19 14 14 23 37 11 32 10 35 10 19 35 6 10 33 8 12 19 26 12 8 3 6 5 30 43 12 9 37 14 11 7 14 11
81 39 25 23 25 30 13 27 41 10 28 22 19 21 14 32 14 15 29 10 10 25 9 4 2 8 8 4 20 29 12 13 19 2 4 1 8 3 4 29 3 3 3 5 5 3 7 5 34 10 7 5 6 7 27 41 20 5 6 24 10 9 27 13 24 14 48 9 48 7 20 21 12 18 8 27 13 11 8 8 14 18 14 7 6 6 4 7 30 38 26 19 11 6 18 10
58 20 12 28 16 16 16 17 40 10 18 14 15 39 14 37 15 37 14 8 7 20 13 6 6 8 9 9 12 13 27 27 5 4 2 2 2 8 2 29 1 1 1 4 3 2 8 3 2 6 9 13 2 17 31 29 17 10 4 30 16 12 6 26 23 21 37 9 39 14 8 14 23 35 12 8 14 5 11 2 4 12 6 8 5 4 5 3 4 7 38 14 6 8 19 11
70 22 51 21 22 15 15 15 14 10 20 19 9 43 41 10 24 20 23 18 15 8 14 10 14 18 10 15 7 7 8 8 6 4 2 3 2 2 5 11 3 1 2 1 2 2 3 10 2 3 5 7 11 42 35 23 16 14 4 9 22 10 16 13 18 37 21 25 5 25 38 6 32 49 14 2 10 4 6 3 10 8 11 11 3 2 3 4 4 3 8 17 12 3 17 4
57 37 14 15 15 18 25 16 17 9 13 11 17 28 24 7 8 11 10 3 12 9 12 17 23 17 13 18 16 4 4 6 22 10 2 2 8 2 1 4 7 1 3 1 3 8 6 3 2 3 3 5 17 26 28 15 4 12 11 6 22 9 13 15 6 15 10 12 7 10 36 8 21 24 1 4 5 10 7 5 1 13 1 4 7 1 1 2 4 4 8 2 22 5 9 3
9 37 10 17 17 14 18 11 43 10 12 12 11 4 23 11 11 5 18 8 6 11 12 13 15 7 14 21 17 2 5 6 8 10 8 5 2 5 1 1 9 1 2 1 1 11 15 4 3 3 5 14 20 21 29 10 7 14 9 11 26 11 5 5 12 8 8 22 6 10 29 14 39 11 2 6 2 1 4 10 2 5 4 4 10 2 4 2 3 2 2 5 9 9 15 1
19 56 10 12 7 15 19 18 9 17 11 10 12 5 12 7 10 6 40 11 4 7 9 34 7 6 10 17 16 3 5 5 11 5 10 4 2 2 5 1 8 1 1 1 1 4 2 5 1 8 7 14 20 28 12 4 8 13 10 13 28 14 23 8 7 14 6 21 5 8 6 10 29 2 2 1 2 2 6 4 3 1 0 6 6 6 5 4 2 2 1 1 2 16 5 1
17 52 27 3 7 8 24 16 8 21 12 6 4 7 5 10 3 17 6 3 5 9 14 7 18 7 5 6 6 6 3 10 9 7 5 5 3 4 5 1 12 1 1 1 1 1 6 15 9 3 11 29 33 25 3 8 13 18 10 15 8 24 9 23 13 5 5 10 3 8 10 19 10 9 5 5 1 5 9 3 6 2 0 3 3 10 7 2 2 1 2 1 1 3 7 6
6 25 31 3 13 6 13 22 6 16 9 4 1 7 3 15 4 12 8 10 3 4 11 12 10 5 3 5 7 12 1 4 5 12 6 2 3 6 2 4 8 2 1 4 2 1 1 11 16 13 24 33 27 5 10 15 18 15 11 16 19 15 5 13 20 2 4 3 7 3 7 11 6 14 5 5 3 9 6 1 13 15 3 4 1 1 4 3 2 3 0 2 2 9 2 6
8 16 27 6 7 2 5 5 7 7 8 3 1 5 6 34 6 5 6 2 5 10 9 12 6 2 2 3 7 5 3 6 11 5 2 1 3 5 5 2 5 2 2 4 3 2 5 33 25 46 51 43 3 5 8 8 11 13 11 13 22 5 15 10 9 21 38 3 3 1 2 18 3 13 10 7 5 11 9 6 8 25 4 5 2 1 4 4 10 9 3 1 15 3 3 11
7 8 31 10 11 4 3 6 2 10 9 6 3 3 2 8 6 3 6 3 5 6 4 4 5 2 13 2 4 9 4 4 11 9 3 2 5 2 2 3 0 2 1 3 12 28 51 27 29 34 13 2 5 7 12 8 10 10 8 5 6 3 9 6 2 17 4 0 0 3 4 5 13 4 13 7 8 9 18 7 10 14 3 10 3 3 2 2 2 4 5 8 2 7 10 20
7 3 2 31 4 2 1 1 1 6 16 3 3 2 3 9 2 3 8 2 3 4 4 3 1 3 2 1 1 8 3 4 4 4 3 3 3 2 1 2 1 1 1 28 22 23 57 65 29 7 2 5 5 7 8 7 9 10 7 2 0 1 9 13 19 23 2 1 1 8 13 6 6 2 13 4 13 5 10 3 5 13 5 9 4 6 1 1 2 1 1 2 5 2 11 15
7 7 3 31 1 3 5 1 6 1 7 3 2 4 4 14 3 5 8 4 1 3 3 10 1 3 1 8 1 1 3 4 7 5 1 3 8 3 1 1 3 34 43 45 59 18 37 67 41 1 3 6 6 5 1 5 6 6 6 0 0 6 22 22 23 7 3 9 8 4 13 12 2 3 5 6 17 11 24 33 34 16 4 6 9 5 6 0 2 2 3 1 3 5 14 10
5 4 2 33 3 1 1 2 11 1 2 6 2 2 2 8 2 4 8 3 2 2 2 8 1 2 1 3 4 5 2 3 4 3 3 6 3 2 2 10 27 45 67 51 65 70 63 39 1 2 7 4 5 7 1 4 9 11 4 1 1 8 18 12 6 4 8 7 7 6 10 23 31 5 3 5 6 9 13 6 3 8 10 20 14 9 2 1 5 1 5 4 2 7 22 5
4 3 1 8 6 10 2 2 8 2 2 6 0 2 1 2 3 2 5 2 1 0 0 5 1 2 5 3 7 2 2 3 2 6 2 5 2 1 4 13 10 4 41 65 70 51 2 2 4 3 3 2 5 5 3 1 2 30 3 7 3 5 3 13 10 4 9 8 6 18 19 17 2 5 4 11 10 9 8 6 8 7 11 7 9 2 5 2 2 1 3 5 2 4 16 4
3 3 1 2 10 3 2 1 4 1 1 3 1 0 0 1 2 0 4 1 2 0 1 1 2 3 4 2 3 2 5 3 4 2 3 3 2 1 4 9 4 19 12 7 4 2 7 9 5 5 3 3 2 0 2 5 2 7 7 5 4 4 2 5 2 3 3 10 21 29 6 2 4 6 6 7 19 9 25 8 11 12 10 7 10 1 3 2 4 0 6 4 2 2 3 1
2 2 2 1 11 1 1 1 6 2 1 1 4 1 1 1 1 1 3 2 1 1 1 3 5 2 2 3 1 2 2 3 3 4 2 1 3 2 10 11 45 40 10 2 6 7 1 3 3 1 1 0 2 1 2 4 2 15 5 1 3 3 5 4 1 4 6 21 15 0 3 0 2 7 18 17 8 10 4 9 8 7 8 12 2 4 4 4 2 1 9 3 2 4 2 0
1 1 2 5 1 1 2 1 2 1 1 0 3 1 1 1 1 1 1 4 1 1 0 1 3 3 3 2 1 2 1 2 2 4 1 2 4 3 7 5 6 15 2 6 7 3 3 5 9 4 1 0 0 0 3 6 1 5 3 2 2 2 5 1 1 2 9 12 1 0 1 4 2 2 4 15 12 17 3 5 6 7 7 4 5 3 4 3 5 1 3 3 1 1 1 1
