sesion_6_simulaciones/modelos_agentes/ejemplos_netlogo/scenarios/cgcm2_b2/rob_2096.asc
NCOLS 322 
NROWS 307 
XLLCORNER 451900 
YLLCORNER 4086900 
CELLSIZE 100 
NODATA_value -9999 
[rows 74 to 147 of 307, columns 96 to 191 of 322]
12 41 24 12 12 14 14 39 14 14 9 47 18 64 52 29 5 2 2 3 25 14 6 3 4 1 1 0 1 2 1 1 1 2 1 0 0 0 1 0 0 0 1 0 0 1 2 0 0 1 1 3 9 6 7 3 5 7 18 11 9 46 35 24 36 45 25 36 44 48 40 48 34 52 21 23 42 51 40 37 18 44 64 59 44 26 29 34 22 28 22 20 17 8 2 1
17 22 18 14 10 12 17 37 18 27 35 21 9 17 18 36 18 19 28 38 70 18 17 12 3 6 1 1 1 0 1 12 2 2 3 2 1 0 0 0 1 2 3 1 4 2 2 5 13 1 1 1 1 6 1 2 5 11 9 5 13 14 38 23 30 20 20 24 35 44 24 57 22 28 23 11 38 21 14 41 51 45 22 24 35 36 33 31 44 41 50 50 28 19 7 3
27 17 14 18 11 21 10 39 15 38 41 11 19 38 29 17 24 47 22 46 46 50 35 31 5 3 2 0 1 1 6 9 6 2 4 3 4 1 2 2 1 0 1 0 1 5 1 3 3 5 1 0 1 1 2 2 4 10 4 6 6 3 17 16 23 12 25 14 45 28 12 31 22 19 21 22 13 7 52 32 28 29 46 35 52 57 55 67 72 57 60 56 40 26 17 10
30 9 26 23 15 12 17 26 23 29 61 23 30 19 22 34 55 27 49 41 63 64 32 18 23 2 1 2 3 3 6 2 5 2 7 1 12 3 2 6 1 0 0 0 1 1 6 9 4 12 8 4 2 0 1 1 4 2 2 1 4 2 12 10 13 8 17 14 18 6 6 7 18 5 16 7 7 11 33 22 36 34 32 52 71 68 76 62 63 73 52 56 37 31 22 17
30 16 22 24 31 16 20 24 10 51 69 58 30 19 39 30 40 50 68 33 29 46 49 60 15 9 10 12 21 7 5 3 4 5 1 2 2 4 5 5 3 0 0 1 1 2 10 7 2 25 16 7 8 4 4 1 1 1 1 1 2 2 1 4 2 5 5 7 5 2 3 3 14 8 3 1 10 15 15 16 40 64 75 67 73 77 53 63 69 51 55 39 31 32 31 47
49 50 18 46 56 28 10 30 11 28 35 60 43 27 28 5 42 75 40 37 43 24 53 56 18 11 35 42 32 27 36 7 1 1 1 8 7 1 2 4 7 1 0 1 2 2 8 29 21 21 24 18 17 4 12 9 7 1 1 0 2 4 1 1 1 3 2 4 1 1 6 11 7 6 24 18 7 4 17 43 47 59 62 60 52 68 69 79 63 46 45 34 31 45 66 45
78 85 62 59 19 16 12 11 11 37 18 11 46 54 11 33 66 36 22 19 35 12 7 40 43 42 45 41 45 27 43 30 6 6 7 12 4 4 1 3 13 3 1 1 4 13 5 6 27 13 26 45 23 16 17 7 10 15 15 8 8 1 7 2 1 1 4 6 6 10 5 0 1 1 3 20 23 42 13 35 46 35 64 48 48 50 69 75 61 55 52 40 70 70 34 31
64 57 73 18 14 15 24 19 15 21 24 5 14 23 27 36 16 51 45 32 26 31 6 12 48 64 49 25 20 39 16 10 27 26 20 11 20 12 3 3 13 9 1 2 8 6 4 2 9 5 39 48 17 51 26 11 29 8 7 5 16 2 7 10 8 3 6 8 18 4 10 2 2 2 3 2 7 39 39 35 19 34 58 56 34 49 74 62 57 53 54 62 75 62 33 56
81 80 68 35 32 39 42 27 19 20 33 4 16 28 36 18 18 69 40 26 40 66 31 32 52 89 45 8 23 19 12 13 3 6 47 16 7 5 6 9 20 15 5 2 5 5 5 8 10 28 29 66 56 59 31 30 32 16 26 11 17 9 9 7 7 8 3 3 16 7 18 25 20 9 4 6 7 4 32 56 66 22 42 40 30 69 54 36 50 65 56 76 52 49 41 71
37 57 79 76 16 17 41 40 57 28 30 9 27 55 34 10 20 80 26 42 32 36 21 63 33 40 21 32 37 24 16 18 8 27 60 31 22 5 4 16 7 2 6 2 4 3 4 8 11 15 13 58 50 66 45 38 51 23 38 27 19 24 10 9 13 6 17 5 15 24 36 34 20 8 10 3 4 10 7 53 44 37 13 41 60 24 36 39 52 45 56 48 31 42 43 84
24 35 48 63 67 20 35 26 19 51 42 20 29 52 40 24 38 75 41 37 20 16 67 70 58 47 20 53 43 27 11 5 40 75 69 58 48 11 19 16 11 1 6 3 5 8 10 8 13 4 3 22 64 77 41 55 38 37 63 47 26 12 8 4 20 7 31 17 14 32 41 34 9 5 11 8 13 11 10 22 56 63 54 24 13 40 56 61 52 67 27 42 43 66 43 75
22 35 55 40 62 62 53 51 27 40 59 15 31 61 45 53 42 52 54 64 63 16 43 47 78 64 61 67 55 58 32 68 79 62 58 80 64 18 17 27 9 3 6 4 4 9 11 8 12 9 17 22 70 73 47 31 42 73 62 59 25 9 17 18 36 21 53 42 32 15 57 29 34 24 18 10 10 16 16 15 31 67 43 64 55 19 48 18 56 26 27 49 39 70 48 64
21 15 9 9 29 51 28 16 23 33 40 21 46 69 52 20 41 32 52 67 74 63 27 33 35 39 72 85 51 59 77 79 81 61 67 62 55 58 30 36 13 30 17 20 6 11 18 26 19 22 15 28 65 88 61 45 71 62 73 61 29 21 18 21 56 31 48 44 34 21 43 32 18 5 13 7 3 9 17 11 6 51 64 51 39 70 46 47 45 50 46 57 68 68 74 39
16 9 1 3 25 25 7 14 19 30 17 34 66 59 25 14 25 34 60 59 72 89 55 28 24 35 79 76 82 37 81 65 61 66 84 77 53 68 36 46 29 68 20 35 23 13 14 11 15 17 17 19 36 82 64 77 66 77 88 57 30 33 33 50 53 37 51 41 33 8 11 16 34 21 23 11 4 8 11 21 34 7 56 60 56 64 72 81 88 60 81 82 69 41 79 29
22 19 7 4 23 17 11 19 25 19 26 37 49 57 26 10 54 56 44 48 54 66 80 77 55 36 60 73 84 76 71 85 79 46 46 36 37 71 24 32 78 59 31 15 13 15 9 16 28 38 43 22 30 55 59 71 66 81 83 64 53 64 61 59 64 19 44 51 35 13 12 36 45 30 14 38 9 6 11 16 29 21 12 52 65 84 67 39 42 58 60 80 69 43 57 71
25 12 11 4 13 9 6 36 20 18 14 24 68 45 19 11 54 36 52 63 59 69 80 77 77 46 57 27 47 77 63 68 72 62 60 57 43 33 45 82 40 47 16 9 15 31 17 24 35 47 39 39 26 32 26 57 71 75 83 59 47 58 51 75 72 38 53 60 20 7 8 29 19 21 59 38 10 10 4 16 19 36 40 15 55 77 73 69 69 58 41 39 57 38 25 46
13 14 7 5 4 4 4 25 24 9 31 49 70 66 21 10 36 12 40 77 75 76 42 56 77 62 61 50 74 91 86 81 57 68 51 32 37 29 60 31 31 22 10 34 60 34 24 27 25 24 25 27 23 23 9 15 56 71 84 52 70 64 76 85 86 39 74 50 40 19 10 21 36 46 71 17 9 37 7 15 17 24 42 34 14 60 62 42 26 40 37 35 28 43 45 43
29 23 15 7 6 3 3 7 17 20 25 59 43 33 45 19 45 13 7 31 39 73 52 49 46 29 51 69 86 92 75 81 84 79 73 41 24 34 76 18 45 43 58 62 64 34 45 15 11 21 50 52 61 59 58 25 10 8 41 56 55 65 79 86 87 58 89 60 57 44 22 25 39 76 50 13 28 25 12 8 19 31 39 37 33 9 27 49 38 39 24 38 62 70 60 59
16 13 6 5 5 4 2 1 9 25 33 37 37 16 17 9 46 21 10 45 40 48 36 46 56 50 40 68 45 73 76 74 76 67 22 33 42 49 44 21 65 62 78 62 50 28 61 48 52 36 46 44 49 36 46 17 8 8 11 41 67 86 78 86 77 47 80 71 35 24 36 51 37 55 29 28 50 32 30 34 26 34 28 33 41 26 8 15 21 27 50 60 69 70 70 62
8 8 8 7 6 5 4 2 3 8 21 32 33 26 14 9 49 17 7 28 21 27 31 42 32 55 54 63 47 18 41 48 38 28 48 48 67 80 49 46 28 65 91 55 34 68 58 42 57 37 45 37 27 36 38 46 27 13 14 65 83 79 83 89 84 82 78 84 64 23 48 35 32 13 19 54 35 12 26 14 19 26 26 29 39 27 36 16 6 31 54 75 82 76 74 50
14 6 16 22 13 11 10 9 6 8 14 24 21 15 15 8 25 11 5 13 24 20 17 21 27 46 45 47 51 38 18 15 23 45 46 75 83 54 63 67 47 82 87 56 72 62 55 27 74 42 59 48 63 71 72 60 39 17 20 33 79 71 87 87 82 75 80 85 76 44 33 43 43 35 34 34 43 66 18 22 13 12 33 29 19 35 52 49 19 21 31 29 47 56 60 52
34 32 22 34 31 23 25 22 13 3 7 11 10 13 9 10 9 7 6 11 11 14 8 11 23 29 36 36 38 46 14 19 25 44 84 87 68 45 73 79 64 76 80 66 58 64 58 43 72 54 45 65 58 68 72 61 43 22 15 19 25 71 83 85 77 69 84 76 51 19 33 56 25 41 64 48 57 26 9 30 13 17 27 29 59 41 27 34 44 47 45 23 15 16 28 32
43 24 38 37 42 32 43 25 14 13 2 3 3 6 9 6 9 7 4 4 11 12 8 8 7 10 37 31 29 14 20 8 34 79 76 77 35 62 87 70 53 57 63 28 37 83 52 71 74 69 48 69 80 56 34 41 47 49 41 25 30 48 70 76 76 72 55 60 31 29 45 42 35 50 58 66 49 28 24 29 24 10 24 57 56 58 41 38 44 50 62 61 44 20 12 23
37 41 48 34 48 43 31 29 25 25 23 11 5 2 2 3 7 6 3 3 6 3 4 4 4 8 27 42 23 17 23 7 44 72 59 38 46 81 89 77 41 51 47 36 80 70 51 49 84 78 45 54 57 74 62 44 17 29 34 44 39 47 38 51 33 55 61 55 28 46 55 51 42 38 58 51 41 48 13 6 26 19 28 45 59 49 45 40 30 41 56 52 51 29 27 10
50 36 49 53 51 35 35 43 27 30 22 19 17 8 5 2 3 5 2 3 6 5 3 4 3 7 9 30 8 9 25 9 32 56 30 39 47 67 62 65 52 55 35 74 78 33 56 86 83 75 76 36 22 32 28 40 20 27 45 54 41 55 40 27 27 44 34 31 27 55 48 62 32 55 60 50 67 27 26 12 33 11 12 20 30 56 57 41 32 27 51 44 52 49 46 23
33 25 51 54 27 39 20 23 42 34 24 23 20 17 11 4 2 1 1 0 1 1 2 3 1 2 3 4 4 26 13 6 10 11 18 51 55 65 89 73 65 51 63 65 59 46 53 89 83 75 89 70 46 59 59 41 24 20 12 24 59 44 36 23 26 43 31 26 37 46 57 63 52 24 29 28 40 29 19 23 4 29 18 28 34 49 48 53 62 44 46 50 57 68 48 37
18 34 72 49 48 29 54 31 49 44 29 29 22 9 8 8 7 5 5 5 5 4 2 2 2 1 1 2 8 26 4 8 12 6 28 57 63 26 56 52 62 50 50 64 52 53 69 88 83 83 84 85 45 32 30 28 30 38 31 8 12 27 25 25 26 33 26 29 26 44 51 64 53 53 16 28 39 23 9 9 27 12 7 28 39 40 50 60 51 67 56 68 69 67 56 50
24 39 62 41 39 39 27 32 50 39 36 33 23 20 11 16 8 12 12 12 7 12 5 5 8 5 1 1 3 14 4 8 13 11 23 30 30 35 27 15 53 63 44 35 45 72 85 86 79 69 80 79 61 45 52 62 60 46 39 17 5 23 17 14 25 20 18 22 36 44 39 47 39 35 43 37 23 36 63 62 43 51 22 26 26 32 38 52 67 56 75 70 66 68 68 67
23 56 23 30 40 33 33 22 42 43 21 16 34 18 15 11 12 13 15 15 16 14 12 10 7 8 3 0 2 6 2 5 9 13 20 21 25 33 33 15 29 69 55 27 57 60 87 82 43 35 47 69 83 74 58 57 53 43 26 13 6 25 14 7 11 15 20 34 39 45 40 43 45 59 68 71 52 73 67 59 45 32 16 9 11 28 51 51 53 61 71 73 74 80 74 72
51 17 28 25 21 35 39 32 15 21 27 33 32 28 14 19 17 18 19 29 28 18 25 15 20 9 8 2 1 5 2 3 6 11 21 24 31 31 30 11 19 35 48 20 50 51 76 50 27 29 53 59 81 76 70 55 55 44 24 19 6 10 9 6 19 15 26 48 43 44 44 40 68 71 85 68 72 58 63 34 12 7 8 18 5 21 38 41 63 77 70 57 45 43 38 39
15 20 35 61 57 41 17 11 15 38 37 33 19 32 29 29 26 37 32 33 31 30 24 28 22 13 5 4 1 1 1 2 2 9 15 39 50 32 32 16 13 13 21 6 20 36 25 33 34 47 48 69 86 77 72 72 67 57 51 30 10 8 9 5 15 22 31 25 23 36 56 54 58 61 62 68 65 48 28 22 20 11 26 24 55 31 15 40 67 60 49 54 57 57 54 55
34 48 40 14 14 22 28 14 25 41 40 37 33 33 31 43 29 37 39 46 23 44 40 33 22 11 4 3 1 1 0 1 1 4 11 21 21 31 37 19 24 18 21 7 16 27 38 69 78 76 88 71 87 84 80 67 71 50 39 26 9 10 9 3 3 9 14 30 43 38 52 71 45 48 45 59 61 19 10 18 12 19 48 38 56 32 55 33 43 44 52 55 52 61 66 62
40 23 31 32 30 20 29 17 40 40 38 41 57 40 51 47 45 60 52 38 41 43 52 23 26 15 10 3 2 1 0 0 0 2 7 10 27 42 39 15 9 15 16 11 17 34 66 49 74 64 68 58 91 87 82 61 46 35 25 11 9 3 3 1 1 6 19 44 55 42 48 68 57 37 29 39 23 25 38 31 16 41 45 43 59 65 41 28 37 39 37 49 55 64 58 76
20 18 13 12 12 11 6 22 45 37 40 58 44 53 54 54 64 35 32 59 46 55 50 26 17 12 11 9 6 4 2 1 0 2 6 5 4 18 28 17 12 13 14 15 30 36 21 40 56 85 57 67 84 72 78 69 53 33 16 10 7 4 1 3 1 4 17 29 57 43 46 20 33 41 29 43 43 40 30 25 23 45 44 46 57 48 23 43 15 23 41 57 59 43 72 74
11 17 27 33 29 17 16 26 40 57 52 51 41 52 72 73 52 36 38 67 52 35 35 29 18 14 15 13 8 5 4 4 1 1 5 6 3 3 4 2 4 7 9 14 25 22 29 45 80 41 33 54 87 75 64 43 36 28 29 18 6 4 1 1 1 3 11 19 31 39 38 27 45 32 37 45 56 64 56 47 47 71 48 36 36 42 49 64 55 30 31 40 36 56 63 58
19 38 26 53 22 22 25 43 41 54 54 24 26 54 54 44 38 39 54 77 43 37 36 33 22 20 14 11 7 4 2 3 4 1 1 3 5 2 2 2 3 6 7 7 10 21 35 22 68 32 47 71 86 63 42 39 32 16 12 14 8 6 1 2 1 1 5 6 19 23 39 44 54 47 70 70 82 45 29 14 63 65 69 47 14 51 66 83 72 58 61 35 62 52 44 81
32 34 56 49 25 43 39 43 60 54 41 30 37 57 41 63 27 41 75 48 38 34 39 37 39 31 18 13 5 7 5 4 5 3 1 1 3 1 2 1 2 4 5 5 9 17 24 21 15 27 56 80 81 56 46 39 20 18 15 11 8 3 2 2 1 2 7 17 29 36 45 50 60 68 74 65 30 28 19 54 62 73 79 82 40 58 81 80 66 54 41 53 40 53 38 54
44 55 29 22 33 39 38 64 28 44 20 40 47 78 60 45 29 65 26 24 52 35 28 21 26 24 21 20 18 11 13 11 5 5 2 2 0 2 2 1 1 2 2 6 11 25 11 21 7 11 39 66 89 83 52 37 27 11 15 8 7 3 4 1 1 3 11 26 49 52 49 57 62 55 47 49 41 50 58 67 67 75 66 82 72 65 63 30 16 11 30 70 62 47 33 38
54 38 27 21 29 41 56 11 54 20 23 44 66 72 51 25 59 51 38 19 21 35 15 15 28 27 40 21 28 28 18 17 7 7 4 3 2 1 1 1 2 2 2 6 8 14 3 13 3 20 32 16 66 76 47 28 14 10 8 3 8 8 3 1 1 7 16 21 27 36 40 44 50 50 68 71 66 63 61 52 64 58 46 74 68 47 38 44 52 51 68 26 50 48 30 31
19 37 29 22 34 55 60 17 42 38 56 39 72 43 29 45 57 27 33 30 65 44 27 22 33 51 37 49 42 48 23 11 2 11 6 6 6 2 1 0 1 2 2 5 6 2 8 12 3 15 14 53 64 41 40 34 30 17 8 4 8 6 4 2 0 1 7 17 24 25 31 38 51 44 39 37 34 34 75 36 64 72 56 53 43 31 65 68 61 72 61 44 39 54 58 60
80 20 38 36 50 27 41 52 48 37 55 49 40 32 34 70 30 42 35 67 61 40 50 40 26 54 59 60 72 51 38 13 5 6 4 4 5 5 4 0 0 2 4 4 2 4 26 7 3 13 50 60 67 29 27 35 20 14 10 5 7 3 3 1 1 1 2 6 12 17 8 22 20 21 35 46 42 40 65 60 53 69 85 48 36 55 53 60 76 63 46 60 45 54 44 57
73 90 82 85 78 48 10 6 53 26 64 76 84 73 52 61 59 69 50 64 52 53 55 50 49 59 74 81 51 54 36 24 22 13 9 10 3 5 6 2 0 1 2 3 1 2 2 3 1 13 30 67 63 20 29 29 25 13 7 9 6 3 3 1 1 1 9 14 18 33 40 48 61 52 32 31 43 72 67 73 77 60 62 76 48 53 66 66 52 33 63 73 38 36 52 62
54 84 70 75 67 54 69 28 55 39 16 37 81 84 88 54 40 53 64 63 57 52 65 52 65 68 78 66 66 63 53 39 30 25 25 9 7 9 5 3 2 0 1 2 4 3 2 1 2 9 24 14 35 14 34 19 25 19 9 5 5 5 2 1 0 4 9 20 27 45 64 53 33 46 66 43 56 73 74 89 79 67 63 61 19 33 34 50 69 80 84 50 71 38 39 52
41 82 53 75 70 55 85 55 39 70 47 37 70 79 71 59 69 49 79 89 88 74 58 42 78 67 73 65 55 47 51 43 41 40 32 21 13 7 4 4 3 1 1 1 3 2 3 1 1 3 6 11 44 24 42 39 18 22 9 9 2 2 1 1 2 6 14 13 26 43 64 70 71 59 73 75 77 75 69 85 84 56 42 41 23 33 54 70 62 90 57 66 74 75 39 43
48 73 59 59 79 50 60 21 46 72 58 31 11 61 68 62 74 57 58 83 87 53 77 38 73 62 73 62 58 31 45 63 60 56 48 21 9 7 7 5 2 1 1 1 5 2 3 1 1 1 5 18 43 11 16 8 19 23 20 7 2 1 1 0 3 5 14 14 28 39 53 65 54 37 34 46 81 58 81 82 89 87 32 27 23 43 68 45 74 85 71 78 62 49 35 50
13 35 21 51 72 54 57 12 49 82 40 24 17 35 71 66 70 69 32 46 69 54 49 66 31 34 81 53 34 23 14 20 33 30 32 28 15 16 13 5 2 1 0 0 1 2 2 2 0 3 7 23 16 29 16 7 8 6 4 2 3 1 1 0 2 4 8 9 15 27 37 28 33 46 47 62 88 89 75 67 82 86 72 25 14 37 33 55 82 69 61 25 16 19 28 48
13 44 68 49 63 38 69 48 60 83 65 38 37 38 71 83 54 12 14 27 40 24 37 74 42 22 68 56 65 28 3 24 47 39 20 35 29 20 6 3 1 1 0 0 0 3 3 1 1 7 9 16 7 12 9 9 2 2 5 4 2 1 0 1 3 2 4 5 8 20 32 33 49 46 57 80 89 87 84 54 63 76 70 39 15 27 47 68 62 32 30 57 54 49 55 67
21 13 14 19 27 42 74 27 66 68 86 57 40 33 33 25 18 15 15 35 29 28 22 68 30 55 60 48 61 76 40 24 28 22 27 33 26 16 10 6 2 1 0 0 0 1 2 2 1 3 9 18 2 5 7 15 5 2 2 3 1 1 0 1 2 5 29 19 30 47 55 71 75 58 71 93 90 89 82 65 24 48 63 60 18 28 46 67 50 49 86 64 42 44 40 73
24 33 14 17 28 49 69 59 40 59 79 61 29 15 37 35 16 38 14 18 26 25 24 69 28 24 60 47 53 67 46 36 44 19 10 11 5 6 5 4 5 3 1 0 0 0 0 1 1 3 8 9 1 5 3 3 7 7 2 1 1 1 0 1 2 6 12 31 56 63 85 60 35 51 81 93 89 81 80 81 69 31 62 60 18 30 52 47 34 72 71 51 60 73 20 8
27 37 30 18 26 19 67 72 65 32 80 54 22 8 32 30 38 41 28 19 23 31 8 34 62 8 24 29 59 80 38 10 22 15 25 24 17 12 7 5 3 2 2 0 0 0 0 0 1 2 10 9 2 3 4 2 4 3 2 1 1 0 1 1 1 7 14 35 52 53 28 30 51 59 76 80 85 78 75 62 77 39 30 35 27 48 39 29 67 86 50 61 66 70 61 19
39 28 32 14 14 18 53 81 47 42 69 68 46 9 30 30 52 40 34 26 27 44 20 23 78 21 32 33 58 57 60 43 40 44 34 24 22 15 12 3 1 1 1 1 0 0 0 1 2 6 16 10 2 3 3 1 1 3 3 1 0 0 0 1 4 10 38 41 32 21 41 45 57 87 78 67 86 61 47 40 68 46 30 8 11 38 39 57 86 64 49 59 78 61 60 29
73 17 33 18 14 22 39 49 16 16 78 58 11 6 28 30 53 43 54 42 47 39 37 28 43 28 14 32 45 41 52 59 36 23 19 9 14 13 11 7 2 2 1 0 0 0 0 0 1 4 11 7 3 2 1 1 1 0 0 1 1 1 0 1 3 18 22 15 12 20 45 53 80 85 85 68 54 71 34 36 64 33 11 5 21 51 62 72 78 36 61 85 76 68 76 38
19 35 15 15 14 11 18 29 22 29 67 34 17 7 20 26 50 20 43 32 31 38 35 24 36 45 26 14 7 27 29 51 26 16 21 15 8 5 7 6 2 1 1 0 0 0 0 0 3 7 8 2 2 2 1 1 1 0 0 0 0 0 1 2 5 12 6 4 16 39 46 53 82 86 74 63 52 58 61 22 30 23 8 8 27 34 57 78 56 52 80 72 68 67 58 51
19 14 28 28 13 14 6 10 8 11 27 13 35 15 9 23 46 21 14 38 17 12 6 35 40 48 9 9 3 11 38 52 48 22 13 7 7 4 3 1 2 1 0 0 0 0 0 1 2 3 4 3 1 1 1 1 1 0 0 0 0 0 1 2 7 3 1 7 26 41 52 77 75 77 69 66 49 42 57 28 15 19 7 9 23 34 63 67 57 44 46 56 51 42 55 62
33 22 15 35 37 24 20 7 5 16 13 10 30 33 10 20 31 33 12 13 12 15 11 60 33 33 21 3 4 3 11 15 40 36 20 11 6 4 2 1 5 2 1 1 0 0 0 0 2 2 3 2 3 1 1 1 1 1 0 0 0 0 0 3 2 1 3 13 30 60 64 81 80 65 43 25 21 22 30 29 22 7 5 10 18 26 47 48 33 24 43 34 22 36 53 67
36 25 15 22 26 39 18 7 2 14 16 7 7 15 8 10 20 25 10 7 8 4 5 14 4 10 27 4 5 4 3 10 35 38 18 9 10 21 16 8 3 1 0 0 0 0 0 0 0 2 1 2 2 1 1 1 2 1 0 0 0 0 0 1 0 1 3 9 30 78 74 68 82 76 47 26 9 3 9 18 13 5 2 5 14 26 38 24 15 37 47 49 74 61 72 66
72 40 23 8 18 29 42 6 9 17 19 11 3 8 8 4 10 25 8 6 5 4 2 7 1 3 17 11 3 6 2 2 14 53 32 14 6 4 3 2 2 1 1 0 0 0 0 0 0 1 1 1 1 2 1 0 1 1 0 0 0 0 0 0 2 8 13 32 55 54 80 83 70 79 70 42 22 9 3 3 11 6 2 1 3 11 13 5 16 37 44 74 76 64 59 64
60 82 38 19 6 11 10 9 10 15 12 7 14 4 6 2 3 22 10 6 4 3 1 4 5 1 8 11 3 5 3 1 6 20 44 23 11 10 11 7 2 1 1 0 0 0 0 0 0 0 1 2 1 1 1 1 0 0 0 0 0 0 0 0 2 12 21 15 26 48 73 67 61 61 76 44 21 7 3 1 2 1 0 1 4 2 4 10 28 41 70 73 46 57 65 64
17 72 79 53 22 11 3 18 7 5 6 6 18 8 5 3 3 18 12 8 3 1 1 2 6 1 4 5 3 5 3 1 6 5 7 33 11 3 6 5 3 1 0 0 0 0 0 0 0 0 1 1 1 1 1 1 0 0 0 0 0 0 0 1 2 2 2 15 62 64 62 57 47 48 52 42 21 9 8 3 1 0 0 1 6 15 16 11 20 46 49 34 34 53 70 64
11 46 55 67 34 17 8 17 15 4 10 6 8 7 10 6 3 7 16 4 2 1 0 1 4 2 3 4 1 5 6 1 5 5 6 3 29 13 10 4 2 1 1 0 0 0 0 0 0 0 0 1 0 0 1 0 0 0 0 0 0 0 0 1 2 5 9 17 52 70 63 74 59 20 20 27 18 14 10 5 1 0 0 2 6 12 32 45 23 19 17 30 47 57 78 58
24 32 28 49 24 12 12 11 13 10 7 6 7 11 8 6 5 5 9 6 2 1 1 3 5 4 3 3 1 2 6 3 1 2 4 10 12 3 16 5 1 1 1 1 0 0 0 0 0 0 0 0 0 1 1 1 0 0 0 0 0 0 0 1 2 4 8 26 48 59 84 73 70 41 15 8 13 10 8 5 1 0 1 5 8 16 35 59 56 46 48 32 49 57 81 70
15 28 10 28 28 23 16 11 10 8 4 4 4 5 5 7 3 4 2 5 3 1 1 1 1 4 3 3 2 1 1 1 1 2 5 10 11 4 20 2 3 2 1 1 0 0 0 0 0 0 0 0 0 0 2 1 0 0 0 0 0 0 0 1 2 4 9 18 45 36 72 69 54 45 48 18 14 9 3 1 0 0 1 4 14 27 40 55 67 55 58 53 46 70 91 78
20 16 14 9 15 7 9 8 24 17 7 2 3 3 3 5 2 2 3 3 3 2 1 0 1 3 1 3 2 1 1 0 2 2 19 22 8 6 3 5 4 2 1 1 0 0 0 0 0 0 0 0 0 0 1 0 0 0 0 0 0 0 0 0 2 5 9 33 53 62 66 71 58 37 27 26 11 7 2 0 0 1 2 1 4 19 30 43 55 39 57 60 76 91 90 79
9 16 8 7 6 4 4 3 4 5 3 3 2 2 2 1 1 2 2 2 2 1 1 0 0 3 0 1 1 1 0 0 2 6 7 15 19 41 33 17 2 2 1 0 0 0 0 0 0 0 0 0 0 0 0 0 1 0 0 0 0 0 0 0 2 9 29 50 56 69 68 65 64 47 16 11 10 3 2 0 0 3 8 7 5 4 10 17 24 44 46 72 69 90 90 75
4 7 4 4 2 2 1 0 2 1 1 1 2 1 1 1 1 1 1 1 2 1 1 0 1 1 1 1 1 1 1 0 0 1 3 3 3 3 4 0 2 1 1 0 0 0 0 0 0 0 0 0 0 0 0 0 0 0 0 0 0 0 0 1 5 4 10 20 50 65 44 72 46 34 12 6 5 3 2 0 0 2 8 15 34 23 27 27 40 61 65 69 80 83 78 68
1 1 2 1 1 1 1 1 1 1 1 1 0 1 1 1 0 0 0 1 1 1 1 0 1 1 2 0 1 1 0 0 0 0 0 0 0 1 1 1 1 0 0 0 0 0 0 0 0 0 0 0 0 0 0 0 0 0 0 0 0 0 0 1 3 8 7 18 31 29 40 49 43 22 7 3 2 1 0 0 0 1 5 8 16 36 55 50 65 82 75 60 73 64 68 57
4 1 0 0 1 1 1 3 2 2 4 5 4 7 2 1 0 0 0 0 0 0 0 0 1 1 1 1 1 1 0 0 0 0 0 1 0 0 0 1 2 1 1 1 0 0 0 0 0 0 0 0 0 0 0 0 0 0 0 0 0 0 0 1 2 5 8 28 23 28 42 26 26 7 4 2 0 0 0 1 1 4 7 13 19 41 78 74 36 42 78 86 63 34 35 49
12 5 1 4 4 5 5 10 5 7 13 15 20 15 9 4 2 1 1 0 0 0 0 0 0 1 1 1 0 1 0 0 0 0 1 0 0 0 0 1 1 1 0 0 0 0 0 0 0 0 0 0 0 0 0 0 0 0 0 0 0 0 0 0 2 8 9 8 13 21 19 15 17 4 2 1 0 0 1 2 4 7 11 22 46 55 45 18 30 65 89 84 86 32 18 22
24 7 5 14 15 17 17 19 20 22 21 18 20 32 16 8 5 4 2 1 1 1 0 0 0 0 1 1 1 0 0 0 0 0 0 0 0 0 0 0 0 0 0 0 0 0 0 0 0 0 0 0 0 0 0 0 0 0 0 0 0 0 0 1 3 9 14 7 4 4 9 9 4 3 1 0 0 0 1 3 8 9 23 44 45 18 9 21 43 82 87 76 59 55 9 4
27 19 10 28 26 40 26 30 47 32 43 31 44 29 19 16 20 9 2 4 3 1 1 0 0 0 0 0 0 0 0 0 0 0 0 0 0 0 1 0 0 1 1 1 0 0 0 0 0 0 0 0 0 0 0 0 0 0 0 0 0 0 0 1 3 7 14 11 3 8 4 3 2 0 0 0 0 1 2 3 8 21 17 13 5 5 15 35 56 72 72 65 35 58 16 3
39 33 23 45 63 78 65 55 72 62 57 43 71 59 52 39 16 6 6 11 4 1 2 2 1 1 0 0 0 0 0 0 0 0 0 0 0 0 1 1 0 0 0 0 0 0 0 0 0 0 0 0 0 0 0 0 0 0 0 0 0 0 0 0 2 6 18 11 4 2 2 2 1 0 0 0 0 1 1 2 10 9 7 1 5 16 30 58 71 55 61 38 23 31 39 3
71 73 64 52 57 58 40 26 59 39 40 36 41 54 57 23 23 23 20 16 9 2 0 1 3 1 1 1 0 0 0 0 0 0 0 0 0 0 0 0 0 0 0 0 0 0 0 0 0 0 0 0 0 0 0 0 0 0 0 0 0 0 0 0 1 7 25 18 3 4 1 1 0 0 0 0 0 1 1 3 2 1 1 5 12 19 32 75 74 90 50 12 9 13 20 5
64 48 75 58 52 64 56 46 36 28 41 53 34 26 40 65 52 24 5 4 3 1 0 0 1 2 1 1 0 0 0 0 0 0 0 0 0 0 0 0 0 0 0 0 0 0 0 0 0 0 0 0 0 0 0 0 0 0 0 0 0 0 0 0 1 3 13 28 11 4 1 0 0 0 0 0 0 0 1 0 0 1 5 10 15 22 55 49 66 72 68 16 3 1 10 7
66 29 68 66 32 16 34 39 47 44 26 21 66 26 29 52 29 21 13 7 5 2 2 1 2 2 1 1 1 0 0 0 0 0 0 0 0 0 0 0 0 0 0 0 0 0 0 0 0 0 0 0 0 0 0 0 0 0 0 0 0 0 0 0 0 1 3 14 9 3 1 0 0 0 0 0 0 0 0 0 1 4 6 11 28 44 52 47 39 31 64 25 6 1 1 2
