sesion_6_simulaciones/modelos_agentes/ejemplos_netlogo/scenarios/cgcm2_b2/rob_2011.asc
NCOLS 322 
NROWS 307 
XLLCORNER 451900 
YLLCORNER 4086900 
CELLSIZE 100 
NODATA_value -9999 
[rows 0 to 73 of 307, columns 96 to 191 of 322]
64 15 3 4 40 15 15 11 11 12 25 22 27 45 41 13 24 16 15 5 19 16 12 37 14 10 17 18 24 15 5 4 11 18 11 10 11 21 29 13 8 33 68 72 81 68 83 83 87 82 83 87 69 42 58 53 60 26 43 43 49 29 24 14 48 55 54 12 10 39 49 28 23 27 23 14 15 17 10 47 26 13 17 16 17 9 11 13 19 36 20 16 14 6 11 25
6 11 9 6 11 29 15 12 10 19 17 26 53 52 28 22 6 6 4 8 14 3 5 6 15 10 17 9 11 39 18 7 7 11 5 11 15 20 29 35 39 49 43 37 83 84 85 83 92 73 88 80 45 44 77 31 14 21 14 25 9 32 24 14 27 14 18 48 46 40 26 51 62 36 49 52 54 19 22 25 17 14 25 24 25 15 16 23 28 28 36 29 38 20 28 28
1 4 3 19 10 16 14 8 10 13 9 18 26 23 6 5 11 17 19 22 32 4 7 7 11 11 18 9 19 20 31 25 3 13 36 33 34 43 48 52 57 66 50 54 19 11 23 50 91 83 82 81 42 74 73 70 46 21 20 29 23 59 78 75 77 57 47 68 35 45 39 41 50 48 53 67 72 63 38 27 24 22 34 33 33 24 26 43 27 30 41 32 39 45 33 35
1 1 1 2 2 3 3 22 9 4 4 8 11 17 18 19 18 31 34 27 12 3 14 15 3 8 12 15 14 6 15 15 14 24 37 28 55 55 71 79 82 81 67 28 15 19 8 14 48 23 32 34 18 41 67 28 64 9 11 24 39 58 83 82 81 84 78 52 63 56 58 65 49 48 60 54 52 24 20 29 40 38 52 49 44 32 29 41 28 25 46 50 32 43 33 45
3 4 2 1 1 1 3 18 33 7 21 14 8 11 31 22 18 58 25 12 14 9 12 24 22 14 12 14 10 32 36 24 7 23 48 52 61 72 83 86 86 76 65 39 22 11 15 36 24 18 24 31 9 46 23 44 58 39 9 15 60 74 63 79 69 45 76 47 57 74 69 58 49 40 64 46 47 39 39 43 51 47 77 55 39 39 38 53 36 36 51 65 34 56 53 58
6 2 1 2 1 1 2 5 25 46 14 24 7 20 23 12 38 27 31 20 6 7 18 17 21 12 16 17 8 10 15 33 28 12 53 69 74 82 85 75 76 73 68 45 18 26 21 26 32 26 34 51 12 24 29 51 32 33 24 23 59 67 27 16 24 40 44 24 25 47 20 57 79 60 57 40 43 41 41 58 50 58 61 56 63 48 47 65 61 41 58 41 57 47 69 31
1 3 8 4 3 3 7 3 10 35 37 13 10 14 15 39 18 34 45 30 30 15 7 9 17 18 27 22 13 7 13 40 43 29 45 78 83 82 73 72 69 63 33 19 25 53 29 42 41 41 33 32 32 39 53 41 21 37 43 18 12 16 14 22 12 17 49 65 44 47 23 48 37 20 57 65 63 63 43 62 50 42 50 44 64 66 54 68 68 43 69 59 55 45 30 24
1 1 2 2 1 4 4 2 5 22 70 67 61 37 27 14 15 30 22 23 39 60 18 31 45 29 27 11 20 18 18 21 41 65 46 64 70 73 66 62 52 20 25 18 45 37 31 54 45 44 27 29 50 60 46 47 38 59 65 66 48 22 5 4 21 14 39 22 45 27 43 32 16 34 21 51 58 84 66 37 59 67 51 56 79 56 56 59 63 59 49 37 17 24 23 17
1 1 2 3 2 4 3 2 5 5 20 59 72 76 49 63 20 16 15 42 40 18 20 31 26 13 23 22 16 22 37 31 51 72 80 49 30 36 21 18 26 14 11 21 48 38 20 34 39 34 31 22 73 50 44 58 46 58 24 47 69 54 29 4 16 20 12 11 6 17 47 42 20 20 41 23 33 38 48 70 63 84 54 62 45 31 38 77 53 53 43 75 52 34 24 30
1 1 1 1 3 9 4 2 2 6 13 3 5 6 5 4 25 16 21 24 26 17 27 18 40 32 25 20 26 31 34 65 58 47 63 54 47 42 19 14 6 5 8 19 47 28 11 13 24 35 34 24 33 78 70 72 21 37 19 61 50 50 15 19 5 12 8 5 15 29 29 35 39 30 37 54 24 20 60 64 42 66 52 48 31 37 27 37 38 54 29 37 72 66 26 17
3 1 2 4 7 4 7 7 10 2 5 3 13 8 6 8 21 6 36 17 26 18 25 25 44 16 12 20 33 48 64 63 81 68 45 42 34 50 44 23 10 4 3 5 23 8 7 14 26 21 34 20 36 44 76 61 36 26 36 57 30 30 17 6 11 14 17 7 25 35 38 44 27 18 44 59 41 19 17 49 36 23 46 60 36 40 26 29 64 49 42 30 61 79 52 28
2 2 5 5 5 10 7 18 18 13 3 6 14 22 18 16 18 36 39 24 61 37 17 27 25 25 14 17 24 76 74 64 62 53 40 29 26 35 36 20 9 4 4 9 11 5 5 23 14 19 43 20 31 48 30 40 31 33 45 41 19 18 36 25 12 9 25 22 27 55 68 67 18 28 44 54 39 20 20 56 35 9 31 59 32 40 32 24 44 28 20 27 43 55 57 51
1 3 2 6 8 7 8 7 8 14 14 8 3 4 8 24 35 19 45 37 64 65 24 18 15 20 12 24 39 57 76 52 47 38 34 34 35 12 16 28 7 3 3 11 9 4 8 11 15 28 46 33 33 54 36 30 39 38 49 20 17 19 29 25 14 10 9 22 36 22 38 40 28 26 31 53 30 25 10 19 33 7 40 67 31 34 40 22 14 31 23 10 14 29 53 63
1 1 1 2 2 2 1 2 7 11 18 11 12 11 14 8 29 15 59 26 17 16 47 32 28 16 23 54 57 45 48 46 33 14 13 10 9 5 4 6 7 1 1 1 3 2 5 7 27 43 52 43 31 32 19 34 46 40 39 35 14 13 32 35 24 20 10 10 12 8 4 4 15 29 32 42 31 41 25 15 6 10 18 53 55 25 28 29 16 12 23 11 19 40 70 45
1 0 1 1 2 1 0 2 3 4 10 9 14 16 15 11 8 9 47 29 16 42 54 29 34 29 32 27 48 51 26 16 13 15 17 12 10 7 3 1 5 1 3 2 0 1 4 10 16 38 36 31 24 29 18 42 50 43 46 47 9 22 30 34 23 15 6 8 5 3 3 17 45 44 35 42 45 39 21 19 28 9 23 49 58 23 10 11 13 9 6 5 13 27 35 32
17 1 2 1 2 5 3 2 1 1 2 1 1 3 4 7 13 18 8 4 11 18 10 45 36 47 24 26 20 15 16 34 36 33 20 22 34 27 10 2 2 2 1 2 1 1 1 4 10 12 18 14 13 12 22 15 30 31 48 42 8 20 8 32 47 26 9 10 10 2 7 27 41 49 27 18 31 37 45 38 23 19 19 33 59 79 41 26 10 7 6 3 11 46 32 22
1 2 4 3 4 3 9 5 2 3 6 6 3 2 4 13 14 19 11 18 17 6 10 18 55 42 43 52 70 50 37 21 23 32 30 43 52 43 19 2 3 3 1 2 5 5 5 1 4 6 4 4 3 3 7 18 27 39 43 45 12 30 21 27 39 12 8 8 6 5 8 34 29 42 17 13 24 23 38 30 25 20 21 20 53 74 72 20 10 8 5 3 9 28 35 33
1 4 5 25 21 6 3 4 2 1 3 1 2 2 3 5 14 12 19 20 11 9 12 12 34 43 16 31 28 21 37 33 42 27 58 72 48 48 20 10 15 15 9 9 15 15 13 5 1 0 1 1 1 0 1 19 51 72 48 19 33 27 22 16 26 21 9 16 5 5 37 37 46 36 15 21 45 29 26 32 15 11 7 4 31 39 37 37 18 8 6 3 4 11 18 6
2 5 8 4 1 12 2 2 1 1 2 1 0 1 1 2 4 8 9 5 11 12 12 12 48 67 39 36 27 45 52 55 37 58 63 61 25 22 21 33 26 29 34 43 33 16 20 13 5 3 2 2 2 0 1 2 41 57 30 22 20 27 15 12 19 7 9 9 2 25 57 52 41 48 17 17 44 38 30 63 31 16 7 3 7 20 25 23 27 11 6 5 2 6 30 4
11 6 2 1 0 5 16 2 2 2 5 6 5 3 3 11 3 3 5 7 14 17 22 11 35 40 34 44 49 47 50 69 61 54 52 28 42 41 29 39 57 56 40 19 18 8 12 15 6 4 3 1 2 1 2 1 6 12 21 28 18 11 10 27 24 4 9 29 57 41 55 70 33 65 27 12 31 47 31 56 42 32 16 4 4 18 33 20 34 14 9 3 1 2 17 12
8 3 2 3 1 6 7 10 4 8 9 7 6 3 3 2 2 6 8 8 7 10 8 5 22 39 33 16 17 41 30 28 45 54 63 40 34 45 29 62 27 23 32 17 8 6 6 8 7 3 5 3 1 2 3 2 3 11 23 22 6 6 37 34 20 5 18 27 39 53 39 43 21 26 46 30 15 13 13 53 16 11 23 11 6 2 17 7 31 8 9 3 2 2 3 8
11 2 2 2 10 8 12 19 16 19 26 14 8 5 7 3 5 3 3 17 10 11 12 10 39 25 43 38 21 28 29 40 43 60 66 56 70 41 55 22 30 13 7 5 9 8 20 9 9 2 3 3 2 3 5 3 3 6 18 21 25 6 10 16 9 13 32 8 26 45 45 29 29 13 33 43 20 9 11 58 67 21 7 24 11 2 1 3 24 13 10 7 2 1 2 8
6 2 1 3 16 10 3 8 7 5 2 7 16 8 3 3 3 4 3 12 30 22 24 16 38 14 24 47 26 17 48 60 62 30 16 71 66 34 32 29 30 32 11 4 3 8 4 1 2 1 4 2 2 3 2 2 1 2 9 6 7 8 6 6 8 24 35 4 22 13 31 37 26 7 6 24 21 26 10 30 61 31 26 5 10 3 1 2 17 24 3 9 3 1 2 5
11 3 1 4 16 15 7 14 31 9 23 11 10 45 31 16 13 11 8 38 25 37 30 20 35 31 20 49 51 31 26 24 11 9 10 26 36 44 20 36 28 33 19 13 7 1 1 0 0 0 1 1 1 1 1 1 1 1 2 4 8 8 6 10 27 26 17 7 14 14 13 22 17 14 8 32 30 17 12 5 25 29 11 21 5 2 1 1 1 8 2 4 3 1 1 1
14 10 1 5 21 16 12 6 40 19 7 19 28 34 38 39 55 17 21 18 38 42 62 39 27 29 49 38 64 42 21 13 29 28 18 3 10 31 33 14 24 35 37 31 12 6 3 2 1 1 0 0 0 0 0 0 0 0 2 5 14 8 14 16 9 26 12 15 16 13 8 12 21 24 4 21 29 12 11 6 12 28 7 2 9 4 1 1 1 2 2 2 3 1 0 0
33 22 9 12 28 9 20 5 17 24 22 21 38 48 54 35 54 60 23 23 54 78 78 84 76 67 67 49 67 52 68 65 72 46 22 20 21 15 11 22 42 25 29 28 28 19 13 6 5 4 1 1 1 1 1 1 1 1 5 10 11 9 7 10 8 21 18 27 8 18 6 4 16 10 4 11 11 4 5 4 4 7 20 2 3 1 1 0 0 1 1 1 0 0 0 0
24 18 32 31 32 8 15 11 28 40 34 24 25 61 71 56 56 79 65 76 79 80 85 83 74 79 75 70 75 81 49 25 41 49 43 23 31 24 9 6 29 32 35 45 30 23 21 12 9 7 5 4 4 4 1 3 2 2 5 5 8 5 3 5 4 23 12 21 14 14 3 4 6 7 4 7 6 10 2 4 3 1 4 2 1 3 1 1 0 0 1 0 1 0 0 0
15 31 28 24 36 34 38 28 35 52 48 63 55 63 74 87 82 70 78 45 50 59 68 79 73 69 79 74 77 78 23 13 13 12 27 32 43 24 29 20 17 41 40 30 24 22 14 35 22 12 8 7 6 5 4 4 4 1 2 3 4 3 4 8 17 28 22 9 12 5 5 2 4 5 4 2 2 4 5 2 3 1 2 2 0 2 1 0 0 0 1 1 0 0 0 0
18 41 30 23 40 35 37 35 45 63 75 82 87 88 91 89 82 77 84 70 40 21 52 65 45 39 31 54 57 51 38 8 8 6 8 13 23 20 21 25 9 18 20 17 9 8 4 9 11 10 17 16 8 8 7 11 6 1 2 2 1 4 10 15 20 12 6 6 4 8 6 8 3 2 2 2 2 2 4 2 1 1 1 1 1 1 1 1 0 0 0 0 0 0 0 0
21 41 22 28 58 53 48 64 76 85 88 88 83 86 83 88 78 77 90 44 71 33 19 36 23 13 14 16 20 22 40 26 20 4 7 4 11 8 8 19 15 10 21 6 9 6 3 6 6 3 3 3 2 5 4 2 8 4 2 2 3 5 11 14 13 8 3 8 12 5 6 3 2 2 1 1 1 1 1 1 1 1 0 1 0 0 0 0 0 0 0 0 0 0 0 0
14 52 46 45 58 73 79 85 79 87 82 88 70 86 77 82 61 66 84 72 33 40 19 9 8 6 3 2 8 10 15 49 25 8 9 6 16 33 27 17 17 9 8 3 2 4 3 1 1 1 1 5 10 10 4 3 11 5 8 2 4 5 9 6 10 3 2 4 8 7 3 2 1 2 1 0 0 0 0 0 1 0 0 0 0 0 0 0 0 0 0 0 0 0 0 0
38 57 72 73 85 89 87 87 80 82 75 87 74 71 52 70 55 65 70 73 22 41 39 15 9 2 2 1 3 4 4 11 16 9 9 11 6 11 11 11 8 7 7 10 9 5 4 2 3 3 11 26 24 14 22 3 11 10 2 1 1 3 2 6 4 4 1 1 1 2 1 1 1 0 0 0 0 0 1 1 0 1 0 1 1 1 1 0 0 1 0 0 1 1 0 1
65 77 81 84 84 82 87 79 78 66 82 61 36 48 43 43 49 52 55 63 26 14 20 12 11 6 2 3 8 9 10 20 16 6 19 16 21 19 29 18 28 16 23 21 21 16 9 7 6 8 14 37 48 43 35 14 15 11 4 5 2 1 1 1 1 1 1 1 0 0 1 1 1 1 2 1 3 1 2 1 1 2 1 2 1 4 1 1 1 1 0 1 1 1 1 2
79 81 83 72 82 80 84 70 65 46 54 12 23 16 20 30 31 21 25 44 25 8 4 3 6 9 9 7 12 5 30 41 40 28 41 42 36 29 32 32 30 30 28 25 35 21 22 11 4 25 25 30 50 37 24 20 36 18 13 21 11 6 5 5 4 4 7 3 2 2 2 3 5 5 4 2 4 4 3 3 3 3 3 2 6 3 2 1 1 1 1 1 2 1 3 3
27 37 52 43 65 62 72 68 33 6 3 4 9 5 5 5 5 9 22 36 21 6 7 14 7 8 30 22 35 26 35 42 44 41 43 63 50 28 51 44 40 51 45 41 29 25 29 18 14 19 33 34 51 65 48 44 33 22 29 28 18 18 17 17 14 11 15 9 6 3 5 6 6 6 10 6 6 11 5 8 8 5 6 5 12 3 3 2 2 2 2 1 3 4 4 7
32 20 12 11 7 7 22 26 22 7 4 4 8 7 3 1 1 2 9 14 8 5 28 8 21 32 47 41 55 42 41 38 57 48 37 55 52 33 49 53 43 58 38 33 34 35 49 32 19 22 41 43 25 75 57 65 34 37 43 30 38 24 20 20 18 9 20 11 5 7 9 9 14 8 13 8 8 14 12 11 7 6 10 9 8 5 3 3 3 3 3 3 10 6 4 5
56 65 51 22 20 13 4 8 11 4 7 9 6 3 1 2 1 5 4 7 14 32 41 22 46 43 52 51 42 19 7 20 46 46 41 51 39 44 53 61 62 40 44 38 37 54 42 26 38 30 50 61 44 76 74 42 69 58 50 32 39 30 42 34 20 20 15 13 11 6 11 18 18 11 18 18 12 20 11 15 10 16 17 24 11 5 2 7 4 5 8 9 12 4 12 6
65 48 41 27 14 10 10 10 18 18 19 16 9 3 3 6 7 9 13 22 52 58 56 33 49 39 40 51 51 44 29 22 46 43 50 43 38 47 45 58 28 22 50 54 42 76 48 47 54 27 64 43 77 80 54 63 75 61 38 50 35 46 39 28 14 25 20 17 8 16 30 34 28 16 23 25 27 28 14 12 15 24 23 16 8 4 4 11 7 4 14 18 15 5 3 19
43 52 53 38 37 20 32 29 39 40 39 42 23 15 11 18 11 15 31 41 56 43 25 46 61 44 27 39 54 52 41 26 39 50 32 61 44 70 54 41 45 30 57 40 32 77 59 59 45 34 52 78 76 64 59 54 66 74 44 56 54 58 46 23 43 34 35 19 7 23 33 60 40 26 32 36 39 24 19 12 23 49 37 25 17 6 14 33 15 5 12 34 32 10 4 23
69 69 41 40 24 36 51 44 43 60 52 48 40 32 32 27 27 38 42 49 60 48 49 62 51 37 39 55 44 54 30 45 31 25 55 65 64 52 56 40 41 25 58 23 19 57 64 64 41 47 61 50 77 29 24 19 44 65 38 67 75 59 49 65 47 42 22 9 12 42 48 76 58 37 43 55 67 34 35 16 34 62 33 19 14 10 25 45 23 10 8 52 62 28 12 22
48 58 39 54 39 50 58 61 58 57 68 56 46 42 59 27 31 49 48 50 62 63 44 66 51 51 56 51 46 63 34 55 37 33 39 67 36 50 37 54 43 43 49 31 50 47 76 63 33 48 66 64 63 43 36 26 35 46 35 77 79 68 66 66 26 39 13 11 19 50 66 73 69 51 59 68 78 33 43 19 50 77 46 17 13 18 38 59 34 18 12 46 63 41 11 28
45 53 65 49 36 46 63 53 48 52 71 58 48 61 44 41 29 51 62 46 45 56 64 65 50 50 41 37 34 81 43 61 40 42 50 70 60 48 35 46 34 52 43 34 49 47 62 39 45 34 48 83 70 58 40 42 67 39 44 73 65 69 84 46 53 40 22 24 40 40 74 75 75 47 55 74 61 37 59 28 41 69 53 40 23 25 52 70 44 26 18 36 62 34 23 37
34 36 50 32 27 24 54 47 36 47 48 47 42 55 48 43 45 43 56 52 44 30 41 61 60 53 58 37 31 43 63 76 44 36 55 75 50 29 34 48 36 53 41 37 44 54 45 42 39 40 41 70 34 42 50 46 64 35 57 64 55 72 42 54 74 37 31 30 56 44 66 85 65 38 61 78 66 44 69 38 48 71 47 46 44 31 30 70 69 37 23 43 66 43 32 45
15 36 21 22 27 28 48 53 29 52 47 55 54 42 40 52 41 39 45 53 33 28 25 57 62 49 62 28 34 57 58 67 30 39 61 51 41 50 40 57 61 32 40 58 57 43 32 70 42 37 33 54 24 37 43 66 65 74 64 39 34 26 46 77 40 49 56 32 43 57 52 76 40 38 62 77 51 49 65 33 63 67 50 53 53 54 25 31 75 41 35 41 68 63 53 44
12 15 18 19 35 14 25 23 33 42 38 54 43 39 42 43 38 31 30 37 44 26 52 46 61 56 53 46 13 38 66 74 16 32 45 72 37 21 32 38 62 40 41 29 33 47 49 17 42 49 46 58 56 37 55 57 80 70 55 73 59 36 64 46 61 67 39 39 47 66 43 70 35 41 53 74 46 64 66 34 50 54 42 69 69 63 39 31 75 60 38 52 59 47 56 44
5 9 17 21 28 10 30 25 31 38 42 60 40 25 29 37 42 50 30 15 17 15 60 13 38 54 50 41 19 36 40 47 10 15 60 22 16 13 52 18 55 35 45 35 40 39 35 72 77 89 83 69 68 65 54 69 74 59 59 65 53 55 60 33 66 41 48 49 56 75 43 61 45 61 33 53 42 64 50 42 61 43 44 60 74 43 55 37 49 47 56 45 71 77 78 64
8 5 19 7 10 36 8 13 24 32 46 45 26 40 16 44 13 39 31 15 9 23 35 23 35 49 48 55 16 16 13 33 38 38 21 20 32 33 45 38 42 39 44 67 46 77 59 85 66 75 58 59 60 82 83 76 72 39 42 75 53 53 28 40 69 52 53 56 63 75 78 69 70 61 48 76 44 75 42 41 77 38 72 63 69 48 63 49 41 66 65 72 69 77 79 88
2 6 2 3 6 14 35 10 23 17 10 18 10 25 17 27 20 35 30 34 22 32 32 47 17 22 37 29 42 45 18 11 25 22 66 73 62 56 77 89 77 77 71 89 71 57 84 85 49 71 61 51 60 79 78 64 72 74 65 84 67 76 72 61 57 62 70 61 53 51 68 75 62 81 86 82 82 90 85 66 69 76 76 75 44 86 86 74 67 38 54 48 59 77 61 62
2 3 5 9 24 47 16 9 4 1 2 6 10 27 26 26 22 39 22 21 28 30 29 51 37 27 15 15 18 16 14 22 26 8 16 63 76 31 39 80 80 79 65 83 90 56 60 68 71 68 76 33 43 78 82 50 86 82 93 89 59 72 63 73 66 77 63 77 83 28 40 75 74 47 74 81 62 80 64 88 55 69 80 72 51 82 77 61 87 79 68 37 48 64 45 34
1 1 5 1 2 4 2 3 1 8 9 9 30 23 13 25 12 30 15 17 27 20 35 43 34 25 11 13 31 38 22 5 13 12 10 23 36 19 20 62 70 44 73 88 80 37 53 43 55 57 71 36 42 65 64 74 69 66 80 86 59 26 42 75 78 81 74 69 64 74 30 63 82 46 70 83 37 30 35 85 78 54 50 54 69 72 73 76 87 76 47 72 30 26 58 62
2 3 2 1 4 8 9 3 1 6 10 17 11 19 11 21 17 19 12 13 11 23 31 20 28 33 4 8 14 26 20 11 21 8 12 9 17 52 30 66 42 59 50 53 85 66 43 30 49 44 60 61 36 71 72 89 53 78 91 90 77 24 55 67 70 82 73 79 54 80 47 39 72 46 67 84 55 40 31 76 69 72 20 19 32 65 77 67 78 63 26 79 45 28 40 52
2 3 1 2 1 3 7 7 5 5 11 20 15 8 20 31 17 19 8 11 21 24 13 13 18 15 3 7 9 24 20 15 12 11 15 20 16 21 55 85 54 65 48 68 72 77 45 40 62 49 83 84 54 67 85 91 62 86 91 84 80 46 77 82 67 60 49 41 58 86 51 30 53 31 70 73 86 46 50 82 59 72 65 27 23 40 59 53 55 36 61 90 45 24 13 13
1 2 1 1 9 2 2 12 2 4 13 11 9 9 15 26 29 15 12 19 9 12 8 7 13 23 9 12 29 39 45 30 26 32 40 40 28 36 63 65 65 29 30 70 77 55 34 29 43 53 74 69 71 52 77 89 68 75 82 78 83 75 76 87 48 51 63 36 61 76 72 46 17 32 80 77 80 70 43 83 44 59 76 45 22 18 45 38 40 17 73 90 67 39 32 9
18 1 1 1 1 1 2 4 4 7 14 13 4 6 10 19 18 7 8 8 14 9 7 5 8 16 19 45 67 22 28 22 53 49 42 38 19 35 49 50 76 42 56 37 84 44 47 40 23 42 65 67 51 29 32 67 65 76 83 80 90 76 77 78 78 56 58 44 51 57 82 58 28 24 64 72 80 78 53 64 57 52 64 78 37 18 11 13 12 24 65 52 81 41 31 13
2 3 5 3 2 1 3 2 1 3 9 9 2 2 15 10 5 8 7 11 18 12 9 15 4 8 6 10 42 21 18 56 39 36 62 45 25 15 7 31 34 24 9 9 41 35 68 60 22 15 35 19 32 18 14 23 22 57 61 64 70 70 62 62 87 51 52 41 12 69 94 43 27 23 62 53 49 62 33 43 44 16 60 80 60 29 6 7 8 16 10 32 85 40 20 20
0 3 8 12 21 1 2 1 2 2 6 1 1 1 9 3 3 7 8 5 16 12 9 14 34 61 26 17 23 24 33 32 57 57 47 40 34 39 21 11 16 40 20 10 18 24 33 42 38 15 16 14 29 17 20 37 27 15 25 42 43 20 26 61 90 71 37 35 43 70 89 51 21 12 25 35 52 37 47 50 41 10 35 62 77 21 10 5 20 26 15 33 90 56 45 40
1 5 2 16 15 25 8 3 14 3 10 1 1 1 2 2 3 3 4 13 4 32 15 17 45 59 51 15 16 43 41 27 47 56 28 15 44 40 17 17 20 51 33 19 28 24 23 17 17 8 14 37 45 41 34 34 24 17 15 10 3 1 11 69 74 73 45 19 23 60 73 73 58 21 12 29 42 27 28 17 34 21 14 60 71 47 12 6 20 16 37 78 81 84 54 41
7 16 26 8 11 21 39 2 3 3 6 27 5 3 5 2 1 5 2 1 2 6 5 10 34 51 33 53 49 60 35 24 47 30 43 42 32 47 24 34 28 41 45 26 14 40 23 25 16 6 11 42 51 60 54 48 36 29 26 20 25 22 23 43 42 54 42 13 7 29 30 71 73 28 11 28 38 22 11 21 45 17 11 10 61 72 13 5 22 32 30 55 37 78 36 14
1 2 3 17 20 18 10 2 6 8 36 34 29 15 19 19 2 5 3 2 3 3 10 9 17 19 36 53 47 39 27 30 20 11 47 47 19 20 30 48 36 45 37 28 11 18 48 36 22 11 10 22 60 64 60 58 45 43 38 37 62 65 69 55 42 40 31 17 6 3 21 35 79 48 38 10 21 24 11 2 7 12 13 26 46 68 26 9 4 13 16 15 64 72 86 37
1 1 4 17 41 34 69 15 30 12 17 8 30 28 27 12 12 1 1 2 4 8 5 10 22 13 26 32 26 21 13 38 52 37 53 36 30 39 52 28 47 45 26 31 37 38 49 48 31 19 8 11 24 47 46 57 60 53 32 24 18 29 37 39 52 50 51 40 20 1 5 34 41 44 36 26 14 6 7 6 22 14 6 9 10 47 42 8 3 6 10 15 12 48 53 54
36 18 7 8 5 44 22 8 10 50 20 19 8 12 8 6 13 4 2 2 2 3 6 23 36 9 23 34 29 36 35 67 45 28 31 39 27 27 19 8 15 44 59 39 54 44 37 32 30 28 22 8 5 7 28 28 24 44 48 35 32 27 15 19 21 40 46 50 43 36 19 41 30 51 20 18 13 7 11 7 5 6 3 14 10 37 53 6 2 10 15 9 11 15 50 62
28 36 31 10 6 37 61 43 13 18 18 13 4 10 7 4 7 12 2 6 7 11 9 25 18 20 8 12 12 12 7 13 14 34 29 29 31 33 35 32 20 7 14 54 56 67 56 38 33 14 19 17 10 4 7 12 9 7 18 20 22 33 34 21 8 10 31 38 41 26 30 52 27 56 33 18 15 16 7 3 4 8 3 6 12 7 36 11 2 5 11 14 5 4 43 58
12 12 72 44 16 38 18 51 49 36 39 10 4 19 12 22 19 17 6 9 4 13 20 15 15 15 21 53 34 21 28 43 32 36 38 55 55 55 51 52 51 39 19 10 9 41 51 43 26 16 11 15 9 3 1 1 1 2 1 2 3 8 7 13 15 5 5 11 11 10 26 25 25 23 22 24 28 19 8 10 9 7 2 3 15 24 11 18 3 1 7 12 7 25 67 16
10 11 34 20 19 17 4 2 63 81 80 73 14 28 17 8 6 33 8 13 10 9 13 11 36 14 38 49 30 37 53 53 34 41 49 56 52 58 53 53 55 43 55 43 36 16 8 6 18 19 22 6 4 2 4 7 6 6 6 4 4 1 1 1 1 1 1 1 1 4 8 14 12 10 7 5 5 14 12 9 5 3 8 6 7 11 10 18 9 1 1 8 27 57 25 51
20 16 24 62 43 17 19 12 10 77 20 21 29 19 23 22 21 3 11 20 2 3 3 15 25 17 22 21 18 23 20 22 39 47 46 48 64 70 53 63 65 66 58 55 52 35 27 22 11 5 4 2 3 9 12 19 18 17 14 17 4 1 1 4 4 7 3 3 1 1 1 5 4 2 2 3 3 5 8 15 11 3 2 2 2 3 6 13 17 3 1 8 56 22 23 30
25 18 25 36 31 41 55 14 4 5 3 4 7 12 17 59 12 23 20 22 8 4 6 11 9 9 27 26 36 28 22 27 34 43 58 58 56 56 52 69 64 49 42 41 44 28 24 32 21 18 17 16 17 29 30 28 37 36 31 21 7 4 5 11 10 6 7 3 1 1 1 0 0 0 0 0 1 1 0 1 2 1 1 1 1 1 4 7 6 3 1 23 20 8 34 25
44 26 15 6 34 36 75 57 46 42 28 16 6 9 44 26 65 57 33 22 43 21 17 5 3 7 18 19 13 18 17 43 56 29 12 32 61 61 40 34 46 52 39 29 36 26 33 35 36 31 34 21 22 39 50 50 45 47 47 30 12 12 20 18 21 20 19 11 4 3 1 0 0 0 1 1 4 3 1 1 1 1 0 0 0 1 1 2 7 7 2 26 3 2 18 30
41 36 29 37 31 46 35 25 28 64 30 45 12 22 40 65 79 65 37 32 47 13 18 28 19 14 18 7 14 14 45 14 15 19 33 39 60 73 66 61 61 49 57 45 48 39 43 43 45 27 52 47 45 39 55 59 73 68 57 34 13 31 30 40 36 49 33 21 11 4 3 3 3 4 5 9 12 7 4 3 5 5 2 1 1 1 0 1 1 8 4 15 2 2 17 40
43 40 13 11 35 30 67 61 40 41 53 64 47 23 47 84 77 58 33 57 17 42 13 22 14 8 2 23 7 21 16 7 7 43 31 42 47 61 66 62 62 45 45 48 48 49 52 64 52 37 45 65 48 50 66 74 78 64 43 30 28 41 53 53 49 63 46 26 16 6 11 11 11 14 15 15 23 13 11 11 10 9 4 6 5 2 1 0 1 2 2 2 2 1 4 12
37 47 35 13 45 56 66 60 81 61 48 28 17 54 73 67 59 44 41 81 21 62 19 24 20 16 16 28 30 8 10 16 17 40 45 55 59 73 55 67 68 53 29 49 49 46 58 72 65 40 40 69 64 55 68 80 75 58 39 29 30 62 61 61 75 64 42 29 11 8 15 15 16 29 25 39 38 34 18 19 28 17 14 19 11 6 2 1 0 1 1 2 1 1 2 4
38 12 34 17 8 52 44 33 49 68 64 54 14 40 72 60 16 23 64 79 21 76 28 22 55 47 13 34 32 43 13 6 20 19 47 36 25 30 42 36 60 43 53 50 52 37 65 49 73 43 73 65 64 53 77 85 66 59 38 52 52 64 60 73 77 64 48 40 17 26 39 37 20 40 53 51 52 37 29 36 46 33 24 28 6 3 1 1 0 0 0 1 1 0 1 1
32 31 21 33 11 23 63 72 72 55 31 33 16 33 54 66 33 56 87 63 34 72 36 29 24 42 27 49 46 18 41 52 21 22 26 35 13 29 23 45 52 44 46 63 48 51 57 61 42 43 86 44 65 55 85 64 59 63 40 51 50 63 74 81 63 67 48 33 24 41 53 50 28 55 51 67 68 52 42 46 64 44 40 13 4 4 3 3 2 0 0 0 0 0 0 0
48 25 33 26 31 30 39 58 51 58 61 37 61 24 13 8 52 89 81 58 59 60 51 60 60 37 19 43 44 40 41 14 15 11 21 7 12 23 24 61 34 50 58 57 34 48 54 60 67 68 44 37 66 81 57 67 52 41 46 45 44 61 83 70 68 50 32 35 49 63 62 61 50 61 44 50 63 39 51 55 69 31 13 8 9 11 14 6 3 1 0 0 0 0 0 0
42 39 30 28 58 38 57 77 45 46 44 55 68 68 13 5 25 34 28 16 36 71 63 40 30 42 31 36 31 29 14 3 12 21 4 12 22 24 42 36 30 29 60 26 30 31 38 66 27 26 36 46 58 73 58 46 26 36 59 59 46 80 74 73 64 64 44 40 52 70 66 53 54 63 51 25 75 58 59 74 38 33 20 20 39 39 16 5 3 2 1 1 0 0 0 0
