sesion_6_simulaciones/modelos_agentes/ejemplos_netlogo/scenarios/cgcm2_b2/rob_2060.asc
NCOLS 322 
NROWS 307 
XLLCORNER 451900 
YLLCORNER 4086900 
CELLSIZE 100 
NODATA_value -9999 
[rows 222 to 295 of 307, columns 192 to 287 of 322]
2 2 1 1 4 2 1 1 0 0 0 0 0 0 0 0 0 0 0 0 0 2 6 5 2 3 2 2 6 6 3 4 14 16 15 13 21 39 38 40 43 36 39 59 36 45 48 28 37 48 40 35 13 12 16 16 15 38 60 58 40 34 44 28 62 79 70 63 77 80 43 23 7 1 1 0 0 0 0 0 0 0 0 0 0 0 0 0 0 1 2 2 3 3 4 3
10 10 6 4 2 1 1 1 0 0 0 0 0 0 0 0 0 0 0 0 1 3 7 11 5 6 7 6 11 12 8 8 19 21 22 14 24 21 30 32 38 32 40 58 44 30 45 30 39 33 29 17 19 14 9 10 14 29 28 28 23 36 44 31 38 62 54 49 66 72 44 16 6 2 0 0 0 0 0 0 0 0 0 0 0 0 0 0 0 1 1 1 3 4 4 6
11 8 8 4 2 1 1 0 0 0 0 0 0 0 0 0 0 0 0 1 1 4 8 18 16 10 10 15 15 27 28 16 18 20 24 15 27 12 28 29 22 30 37 57 64 30 43 39 22 16 22 21 27 9 4 14 17 34 17 37 37 41 46 44 19 24 7 4 9 49 55 16 4 1 0 0 0 0 0 0 0 0 0 0 0 0 0 1 1 1 1 3 3 4 5 14
6 4 4 2 1 1 0 0 0 0 0 0 0 0 0 0 1 1 1 1 1 2 6 15 23 24 18 21 19 32 63 41 26 26 15 18 23 20 39 23 19 21 32 38 54 50 18 29 10 10 9 6 17 14 3 11 15 14 25 45 52 46 57 47 21 26 16 18 6 6 25 9 2 2 1 1 1 0 0 0 0 0 0 0 0 0 0 1 1 1 1 3 4 4 6 8
6 4 3 1 0 0 0 0 0 0 0 0 0 0 0 0 1 1 2 3 2 3 8 11 25 52 31 29 30 22 41 55 27 37 28 31 38 37 24 25 15 21 21 22 26 34 23 44 31 9 31 24 11 7 4 8 37 34 38 46 62 52 48 32 24 24 30 38 15 9 7 2 3 2 2 2 1 0 0 0 0 0 0 0 0 0 1 0 0 1 1 1 3 5 5 9
4 6 3 2 1 1 0 0 0 0 0 0 0 0 1 1 1 1 3 6 6 10 10 14 26 50 64 39 55 32 41 55 40 26 46 48 37 33 33 29 8 14 13 22 31 35 44 55 63 23 20 20 14 5 8 10 23 22 40 54 55 39 35 25 51 41 46 36 17 12 3 3 3 4 3 2 2 1 1 0 0 0 1 0 0 0 0 0 0 0 1 1 2 2 6 9
6 3 2 1 1 0 0 0 0 0 0 0 0 0 1 0 0 1 4 7 15 25 37 25 31 47 75 36 56 35 40 56 22 24 44 46 49 44 34 31 21 20 17 14 33 37 36 53 45 44 30 21 15 9 28 42 35 44 56 68 47 28 31 46 75 64 40 25 18 9 7 7 8 6 7 4 2 2 0 0 0 1 1 0 1 0 0 1 0 1 1 2 2 3 4 10
7 3 1 1 0 0 0 0 0 0 0 0 0 0 0 0 0 1 2 4 7 19 41 60 52 45 65 64 71 42 62 35 22 21 32 50 51 52 28 30 30 33 20 19 25 38 40 37 31 29 38 35 17 20 24 24 43 28 41 15 27 52 54 78 70 50 35 22 25 24 17 15 12 14 4 3 2 1 0 0 0 1 2 1 1 1 1 1 0 1 1 2 5 5 8 11
2 2 1 0 0 0 0 0 0 0 0 0 0 0 0 1 2 1 2 3 11 18 37 40 62 59 71 75 67 39 53 26 22 48 35 47 51 37 33 41 40 42 20 21 43 41 50 40 47 22 22 18 15 5 12 8 71 41 20 35 46 48 55 47 30 26 26 26 19 23 32 29 18 5 2 1 1 1 0 0 0 0 2 1 1 1 3 5 1 1 1 2 3 3 7 11
1 0 1 0 0 0 0 0 0 0 0 0 0 0 1 2 1 2 4 8 11 20 38 52 49 56 63 61 63 61 69 37 27 39 49 38 48 42 36 35 38 27 31 20 21 27 43 48 41 30 14 15 9 11 22 21 7 76 77 49 31 17 34 31 39 33 23 15 10 29 59 32 12 5 2 1 0 0 0 0 0 1 1 1 2 1 2 3 5 1 1 3 3 6 5 10
1 0 0 0 0 0 0 0 0 0 0 0 0 1 1 2 1 2 6 8 8 30 49 60 47 53 64 56 76 82 52 43 42 56 36 52 48 46 42 40 38 34 50 16 32 30 39 36 24 10 28 13 18 20 27 49 33 27 38 43 23 43 26 28 25 30 28 10 18 33 33 15 9 6 2 0 0 0 0 1 0 0 0 3 3 1 1 1 7 1 2 4 4 5 4 6
0 0 0 0 0 0 0 0 0 0 0 0 0 0 1 1 2 4 8 22 15 18 58 50 67 55 60 65 24 79 55 49 42 58 46 37 42 52 43 41 41 34 58 18 18 57 38 34 30 19 35 15 16 38 47 17 45 44 24 12 24 14 22 27 26 26 16 47 36 13 21 9 5 4 2 0 0 0 0 0 1 1 1 1 2 2 1 3 4 5 4 2 3 9 7 7
1 1 1 0 0 0 0 0 0 0 0 0 0 0 1 1 2 3 9 21 33 43 69 55 69 68 71 64 69 62 81 47 39 48 42 20 27 47 50 56 42 19 39 45 11 28 30 53 28 27 35 24 16 31 23 22 11 13 18 35 28 31 28 42 19 21 32 17 11 17 13 8 5 1 0 0 0 0 1 0 1 1 1 2 3 6 1 2 5 5 18 7 2 4 15 11
0 1 0 0 0 0 0 0 0 0 0 0 0 0 0 1 1 4 9 18 37 32 48 16 35 58 57 24 24 47 74 36 45 77 41 40 46 53 32 12 24 11 38 44 12 34 48 29 10 22 34 27 17 25 18 10 33 38 49 32 16 24 51 61 42 34 51 47 38 21 11 6 2 1 0 0 1 1 2 1 1 1 1 2 5 4 9 2 6 4 2 10 4 4 6 10
0 0 0 0 0 0 0 0 0 0 0 0 0 0 0 0 1 2 6 14 20 15 16 43 39 41 29 33 46 46 62 61 63 64 58 52 49 42 42 21 30 28 31 47 10 22 37 31 15 14 15 26 20 22 7 21 39 16 21 29 32 54 62 63 64 59 38 23 29 18 28 10 3 1 0 0 0 1 1 1 1 1 2 1 2 4 4 11 9 9 5 13 7 1 4 5
1 0 0 0 0 0 0 0 0 0 0 0 0 0 0 0 1 2 3 3 7 34 36 32 42 52 46 35 40 51 49 48 61 61 41 47 41 44 49 19 45 36 27 48 9 14 35 25 34 32 12 11 30 24 15 23 25 19 47 33 60 44 45 70 79 48 37 14 32 12 7 5 1 1 1 1 1 2 2 2 3 2 2 2 2 2 4 12 24 30 5 5 8 4 7 14
0 0 0 0 0 0 0 0 0 0 0 0 0 0 0 0 0 1 1 4 8 15 26 22 20 34 49 34 46 33 43 49 50 71 50 59 40 55 36 38 21 31 17 37 10 8 19 19 21 31 31 13 16 4 17 9 8 31 36 30 40 31 56 63 64 69 35 11 6 6 4 1 0 1 2 2 1 1 4 4 7 3 3 3 3 3 2 2 3 7 22 19 12 8 9 15
0 0 0 0 0 0 0 0 0 0 0 0 1 1 0 0 1 1 1 4 9 16 15 25 34 47 35 29 37 36 21 25 46 37 33 61 26 48 34 32 30 31 63 39 15 16 30 43 18 11 14 13 4 22 6 11 24 54 49 72 70 53 37 43 39 25 25 23 9 5 1 0 1 3 2 4 1 2 4 8 5 8 5 4 4 3 6 4 4 5 12 10 10 36 11 19
0 0 0 0 0 0 0 0 0 0 0 1 1 1 1 1 2 2 2 2 5 4 8 11 16 29 24 19 25 28 37 37 22 19 13 60 34 62 27 37 28 25 64 44 30 18 50 30 32 22 11 32 11 30 21 33 37 17 34 39 44 39 23 32 43 29 32 12 12 4 2 0 1 2 2 5 7 2 3 5 8 12 7 11 6 2 4 8 2 1 2 3 4 16 22 13
0 0 0 0 0 0 0 0 0 0 0 1 1 1 2 1 2 4 3 7 13 18 29 35 40 37 38 53 55 40 47 61 57 36 49 42 62 52 27 32 24 17 15 46 24 10 20 25 26 18 24 38 49 58 85 75 75 65 66 42 44 43 47 57 42 29 18 10 7 3 1 0 2 3 5 6 7 6 6 12 8 16 10 14 7 4 4 8 12 3 6 7 4 3 4 8
0 0 0 0 0 0 0 0 0 0 1 1 1 2 2 1 1 1 7 14 26 24 35 49 61 68 67 58 77 63 46 43 38 25 15 16 34 35 42 29 31 10 13 38 14 11 11 25 11 21 4 4 6 9 26 42 83 83 61 58 46 41 21 48 35 21 15 10 2 1 0 1 2 4 3 4 7 12 9 14 9 4 19 19 10 4 5 13 11 5 7 11 9 18 24 33
0 0 0 0 0 0 0 1 0 0 0 0 1 2 2 4 1 1 2 6 17 36 18 42 42 59 66 51 11 28 46 32 21 20 27 35 39 21 45 15 27 13 5 25 17 21 7 6 5 14 13 9 9 9 10 10 28 58 73 77 82 43 36 25 19 16 14 11 7 1 1 2 5 5 5 6 19 15 16 17 17 6 7 30 17 6 6 8 9 7 12 6 15 19 28 38
0 0 0 0 0 1 1 1 1 1 0 0 1 2 1 3 2 1 2 5 10 15 13 30 26 26 25 17 14 15 26 24 22 31 26 16 26 41 34 6 18 23 5 13 14 5 3 18 13 12 28 16 24 29 29 34 38 54 46 36 49 77 58 42 33 28 25 11 5 1 1 5 7 12 11 8 16 24 17 13 12 12 5 18 27 13 14 6 16 8 16 16 11 22 24 19
0 0 0 0 1 1 1 1 1 1 1 1 1 1 2 1 5 1 1 1 4 3 9 12 18 31 29 35 41 28 39 21 22 36 29 23 22 15 8 8 17 23 59 27 8 11 4 11 14 10 29 37 19 38 54 30 26 24 28 20 20 36 54 50 40 22 20 11 3 1 3 7 8 12 13 15 11 31 22 31 16 25 18 16 47 20 29 11 18 17 18 30 20 20 19 28
0 0 1 1 1 1 1 1 1 1 1 1 1 2 4 3 3 1 1 3 2 3 8 11 19 26 33 31 33 50 45 47 40 58 19 15 18 23 22 18 42 40 11 13 36 15 7 9 9 41 52 14 33 31 25 28 44 40 47 31 25 22 21 23 24 17 10 8 3 2 3 9 9 16 14 12 13 20 30 36 26 16 28 17 50 16 18 22 13 33 20 20 22 15 18 18
0 1 1 1 1 1 1 2 3 3 1 1 2 1 7 16 1 2 1 6 7 9 7 9 14 16 28 20 26 37 39 32 27 28 29 30 23 32 31 19 11 8 5 3 7 16 20 9 41 59 12 7 11 39 36 32 30 39 27 25 30 22 21 13 12 9 8 4 3 3 7 10 10 12 12 13 18 22 34 29 27 23 27 42 54 17 21 26 16 35 23 11 29 12 7 15
1 1 1 2 2 1 2 2 5 5 1 1 1 3 5 6 2 2 2 5 9 11 11 7 7 7 18 24 26 35 26 24 29 28 27 25 24 19 18 20 13 8 6 4 7 3 6 30 9 30 10 12 12 11 22 75 47 50 40 35 26 22 17 13 10 8 6 3 3 3 7 10 7 12 11 21 27 18 21 43 33 39 40 41 53 33 39 17 39 34 9 17 25 11 14 19
1 1 1 4 2 1 1 3 4 9 2 1 2 3 6 11 6 3 3 10 15 24 12 16 16 6 11 17 21 19 27 18 25 26 26 15 13 7 11 12 24 23 20 16 15 20 18 5 3 7 14 31 35 30 36 20 34 38 50 47 34 22 16 14 11 9 6 3 1 7 9 11 16 14 24 22 20 30 20 17 30 32 32 47 23 80 42 16 30 30 7 18 16 30 17 24
2 3 2 5 3 1 1 4 5 7 1 1 3 4 8 10 11 1 7 13 17 29 17 19 20 29 18 15 10 12 14 26 41 31 12 26 11 26 14 15 18 24 12 9 7 11 5 6 13 24 30 28 38 33 45 14 12 13 14 28 23 25 20 18 15 14 9 4 2 8 9 9 15 19 25 10 19 14 32 15 21 19 33 21 46 71 28 18 43 16 10 19 18 29 32 30
2 2 5 5 5 4 2 3 7 15 2 3 5 8 9 14 2 2 9 13 24 33 40 24 44 28 30 29 18 20 13 47 55 32 36 21 18 24 16 12 23 8 13 6 10 10 8 8 8 27 25 19 36 42 36 14 26 35 34 40 36 30 29 31 23 21 13 5 2 10 11 10 24 16 21 35 32 23 13 26 17 26 30 39 31 56 46 38 40 18 17 26 15 17 7 38
1 2 6 6 6 5 3 4 9 10 3 6 8 20 23 8 2 2 10 14 18 39 37 42 28 31 50 37 33 32 34 42 55 47 36 39 37 21 39 21 10 16 5 4 4 8 7 8 8 14 17 26 31 27 40 37 38 47 46 50 51 53 37 26 16 11 11 3 4 12 18 13 28 30 22 24 35 24 27 9 37 11 17 38 40 56 63 73 36 21 30 25 30 32 21 47
2 3 8 9 14 8 5 5 13 14 3 4 11 25 15 3 2 5 9 14 26 33 37 39 44 34 47 40 53 53 53 38 20 25 34 34 32 15 28 25 23 15 7 6 14 7 6 15 6 5 8 15 34 50 37 35 55 55 54 36 54 34 16 20 21 14 6 3 3 11 26 15 24 31 36 27 37 24 30 25 18 40 20 8 12 35 56 69 33 44 34 29 26 45 20 20
2 4 4 8 23 12 5 8 11 16 3 3 12 27 9 4 2 6 15 16 17 22 28 36 57 33 40 38 33 52 54 39 41 30 29 17 24 25 31 21 19 11 9 12 23 12 11 12 3 3 6 25 38 26 54 60 29 37 26 27 21 20 30 30 15 13 11 3 5 7 29 20 20 23 28 37 30 28 14 27 14 44 26 20 11 10 29 45 52 69 39 35 28 40 14 18
3 9 6 6 10 23 8 11 23 6 4 5 8 33 14 4 2 9 14 17 28 40 39 55 53 46 27 32 50 44 25 53 70 53 24 23 17 20 29 19 9 16 16 11 11 5 8 5 15 11 18 23 29 44 54 40 53 31 37 38 32 28 24 18 17 15 7 4 4 10 11 37 21 19 24 27 44 41 28 48 18 17 28 25 19 17 17 34 52 55 39 39 33 37 20 30
4 6 16 13 6 17 5 14 41 7 7 14 19 24 8 6 1 5 19 22 39 31 36 57 56 50 45 18 14 17 24 22 26 11 12 22 34 21 20 32 22 14 9 7 5 3 4 5 18 19 24 28 38 44 62 58 57 44 36 45 35 39 38 22 20 18 7 6 6 19 22 22 40 18 22 27 51 42 30 24 35 19 14 39 33 19 24 24 42 47 57 37 32 23 34 18
5 8 19 26 11 29 7 15 44 19 8 22 25 14 6 2 2 3 8 23 41 44 36 38 46 62 43 19 24 19 23 22 29 21 15 9 18 26 31 27 15 13 5 8 8 4 8 3 1 3 23 21 18 35 35 28 27 52 49 43 46 25 25 23 17 16 15 3 9 20 24 22 27 10 29 30 31 47 58 48 45 25 19 17 35 21 17 31 47 79 69 35 23 20 34 16
7 8 10 31 14 25 13 13 19 26 12 30 25 5 2 3 5 8 16 30 31 35 46 27 38 46 61 26 19 20 30 28 27 26 20 27 18 22 12 6 7 13 7 7 11 6 5 2 7 11 14 32 67 51 34 61 55 73 50 36 44 41 38 34 30 17 14 8 12 24 21 34 48 19 20 45 35 52 42 37 55 20 29 30 55 22 14 19 16 36 57 31 31 14 49 33
6 7 6 17 40 19 30 13 38 16 37 16 5 2 6 7 11 8 34 43 22 33 37 40 19 32 54 61 30 31 18 28 23 12 10 11 17 11 8 7 8 4 3 2 6 3 4 3 10 10 9 27 23 42 52 53 35 58 33 26 31 36 36 30 17 14 11 19 19 24 30 37 9 27 37 46 42 29 45 30 67 26 29 21 29 45 30 33 41 35 47 26 48 17 28 45
17 10 8 10 19 34 36 19 55 24 23 5 3 6 9 15 15 10 13 12 26 30 37 55 49 31 30 15 34 48 17 29 14 12 19 21 23 13 12 9 6 6 11 7 3 1 1 2 7 13 20 23 37 26 40 37 36 34 23 8 23 30 28 24 13 10 11 20 23 25 30 44 15 14 8 13 38 52 69 23 57 43 29 32 19 16 54 26 38 41 33 50 17 20 32 45
12 20 13 10 10 22 50 25 24 9 5 2 5 10 21 27 26 10 14 15 27 33 28 11 18 14 18 36 10 17 35 50 30 34 10 22 7 11 12 3 4 4 3 2 3 10 3 3 6 12 21 13 16 25 28 33 25 41 31 33 44 32 30 19 25 24 14 25 24 28 26 42 14 26 16 21 22 16 40 31 27 52 31 36 21 40 45 12 35 51 54 42 15 20 18 22
13 22 15 22 29 40 41 22 22 5 8 5 9 21 22 29 34 21 23 25 30 32 25 19 16 22 19 12 15 29 13 20 22 53 20 37 9 7 8 8 6 4 5 6 2 2 4 3 7 15 29 13 16 22 36 18 38 59 64 56 46 32 33 31 27 24 26 38 26 27 29 35 19 32 28 23 35 31 35 53 18 53 30 52 18 17 41 9 18 24 52 33 12 22 23 47
16 27 21 28 37 48 38 9 5 3 10 10 19 24 25 35 22 47 39 26 31 30 27 33 33 27 26 14 19 39 13 12 6 7 8 23 30 22 15 29 18 14 8 6 5 3 1 5 16 14 22 8 11 24 26 32 48 72 35 41 50 31 34 29 27 25 32 44 27 29 31 31 30 31 42 25 35 33 32 31 46 75 41 48 34 10 47 24 10 13 33 41 21 24 19 7
18 36 37 33 65 43 9 6 10 12 22 19 17 29 28 41 16 28 59 19 34 26 16 23 33 35 15 22 26 28 50 15 11 5 6 4 6 4 8 24 26 10 13 8 6 5 3 4 12 10 10 9 16 21 40 43 42 44 41 29 47 39 27 10 32 16 19 53 31 30 43 32 45 29 41 34 32 37 31 25 29 15 58 56 46 15 22 18 9 9 17 45 18 30 34 28
20 30 58 50 60 11 12 10 12 22 26 25 36 48 16 35 17 28 33 53 21 40 15 13 19 34 35 30 25 18 10 21 10 11 8 6 6 6 6 7 11 5 4 6 3 1 2 6 6 8 9 9 10 19 34 52 24 47 67 56 27 23 15 8 42 27 28 48 38 29 46 32 59 41 39 44 29 29 42 27 20 15 43 36 45 18 9 43 10 13 21 41 39 35 20 26
14 35 63 73 40 6 13 23 26 27 44 51 25 34 20 20 39 18 32 30 22 30 21 18 21 28 24 41 26 29 31 20 27 16 12 9 6 6 5 7 8 4 3 3 3 3 4 13 5 8 7 7 13 25 44 41 69 46 37 52 30 18 6 17 24 48 30 32 40 26 37 31 51 44 28 43 42 26 28 42 35 11 19 50 57 21 6 27 17 12 23 16 56 38 18 62
17 40 67 45 7 9 28 25 20 49 36 63 20 39 21 17 25 62 18 33 46 29 39 16 17 30 37 26 25 40 24 22 42 9 13 10 8 9 3 8 6 3 7 8 6 5 10 7 10 13 16 20 20 20 27 39 49 39 41 34 32 17 8 24 20 33 29 30 42 26 30 35 30 51 26 28 55 26 28 31 44 14 24 28 45 21 9 17 25 17 13 11 13 30 26 18
19 50 48 25 12 19 29 32 21 38 20 59 23 39 47 17 42 62 12 40 57 18 51 15 15 33 38 37 14 11 45 9 10 23 32 18 4 8 4 7 3 2 3 3 3 4 5 9 13 17 12 11 9 15 17 25 34 37 28 47 32 19 17 26 35 39 19 24 38 39 25 22 16 38 25 26 34 33 26 21 10 10 32 20 42 20 12 7 20 32 6 15 34 29 36 6
19 46 42 31 15 19 39 53 17 25 24 47 19 33 59 25 38 60 22 21 34 33 37 19 15 18 18 30 30 28 11 15 7 6 2 27 18 5 4 4 3 4 6 5 6 5 4 6 11 20 16 20 15 22 17 23 13 24 29 18 15 28 25 27 25 34 37 28 32 36 15 26 16 26 29 25 33 13 11 28 12 12 12 16 47 50 14 7 16 26 4 9 29 38 38 17
44 41 52 21 18 26 29 38 18 29 27 32 35 21 52 20 17 50 23 16 16 15 58 32 14 12 15 14 18 20 38 21 5 13 2 4 21 5 3 4 2 9 9 9 4 6 2 5 9 19 24 13 13 8 11 23 36 53 32 15 8 23 25 25 26 26 52 18 31 39 14 22 24 27 43 4 22 27 12 11 21 10 10 11 19 42 10 7 10 28 7 8 10 41 65 48
74 42 15 16 26 27 28 33 19 52 32 16 39 18 60 18 16 33 26 13 17 29 46 22 10 16 12 27 28 25 18 20 13 17 2 5 5 14 2 3 5 9 4 6 5 6 4 1 6 16 21 29 20 13 21 27 35 52 43 17 9 38 24 17 24 24 38 23 16 41 23 12 14 42 32 12 11 12 31 7 18 32 13 14 55 32 5 18 2 41 17 6 5 4 12 18
16 8 18 15 24 27 42 40 32 43 27 17 67 14 17 44 21 49 29 10 13 21 23 50 17 21 9 22 27 24 16 9 14 29 5 6 4 29 3 3 3 4 3 3 3 6 5 6 8 23 23 17 38 17 16 13 14 39 41 9 13 23 28 15 27 23 22 36 15 44 30 17 19 16 34 12 11 18 16 14 6 4 33 11 19 35 11 29 5 21 46 9 20 12 7 6
34 17 40 29 24 29 49 27 55 35 12 20 46 21 21 48 12 19 50 8 24 18 13 37 9 20 18 14 16 19 24 20 4 12 6 7 4 4 13 3 1 5 4 7 6 2 2 8 15 18 33 28 7 15 17 2 16 21 16 6 19 46 33 13 11 37 13 29 11 18 60 11 24 25 15 18 14 14 27 17 18 9 11 20 6 34 43 31 9 14 70 8 10 7 16 6
57 31 17 32 33 36 29 27 50 24 22 22 16 19 20 26 15 13 45 15 22 15 7 15 24 19 17 10 11 10 14 14 17 5 6 17 4 3 7 11 3 8 4 6 7 5 5 3 16 6 4 3 4 13 13 35 24 12 18 14 10 34 18 14 14 23 37 10 32 10 36 9 20 35 6 9 34 7 12 19 26 12 8 3 5 5 32 45 12 8 38 15 11 8 14 10
81 39 25 23 25 30 12 27 41 10 27 22 19 21 15 33 15 14 29 10 10 25 8 4 2 8 8 4 19 29 13 14 20 2 4 1 8 3 4 30 3 3 3 6 6 4 8 5 38 11 8 5 7 7 28 41 20 5 6 24 10 9 26 13 23 14 48 9 48 7 20 21 13 18 8 27 14 11 7 9 14 19 15 7 6 6 4 7 31 39 28 18 12 7 18 11
57 20 12 28 16 17 15 17 40 9 18 13 15 39 14 37 15 37 14 8 7 20 13 6 6 8 8 9 12 14 28 28 5 4 2 2 2 9 2 32 1 2 2 4 4 3 8 3 2 7 10 13 3 18 32 28 17 10 4 30 16 12 6 26 23 20 36 9 39 14 8 14 23 35 12 8 13 5 11 2 4 13 6 8 5 4 6 3 4 8 39 14 6 9 19 11
69 21 51 21 22 15 15 15 14 10 21 19 9 44 42 10 23 20 23 18 15 8 14 10 13 18 10 15 6 6 9 8 7 4 2 3 2 2 5 12 3 1 2 2 3 3 3 11 2 3 5 7 12 43 36 24 16 14 4 9 21 10 16 13 18 37 21 26 5 25 39 5 33 48 14 3 10 4 6 3 10 8 12 11 3 2 3 4 4 3 8 18 13 4 16 4
57 37 14 15 15 18 26 16 17 9 12 12 17 28 25 8 9 11 10 3 12 8 12 17 23 17 13 18 15 4 5 6 24 11 3 2 8 2 1 5 8 1 3 2 3 9 7 4 2 3 4 6 18 27 29 15 4 12 11 6 22 9 13 15 6 14 10 13 7 10 36 8 21 24 1 4 5 11 8 5 1 14 1 4 8 1 1 2 5 5 8 2 22 5 10 3
9 38 9 18 17 14 18 11 43 11 12 13 12 4 24 11 11 5 18 8 6 11 13 13 15 7 15 22 18 2 5 6 8 11 9 5 3 6 1 1 11 1 2 2 1 12 18 4 3 3 5 16 21 22 29 9 7 14 10 11 26 11 5 5 12 9 8 22 6 10 29 14 40 11 2 6 2 1 3 10 2 5 4 5 10 2 4 2 3 3 3 6 10 10 15 2
19 57 11 12 7 15 20 18 9 17 12 9 13 5 13 7 11 6 41 11 4 7 9 34 7 6 10 18 17 3 5 5 12 6 11 5 2 2 5 1 9 1 1 1 1 4 3 5 1 9 8 15 21 28 12 4 8 13 10 12 27 14 22 7 7 15 6 20 5 8 6 11 29 2 2 1 2 2 6 4 3 1 0 6 6 6 6 4 2 2 1 1 2 16 6 1
18 54 27 3 7 9 25 15 8 22 13 6 4 7 6 11 3 17 6 3 5 10 14 8 18 7 5 6 7 6 3 10 9 7 6 5 4 4 5 2 13 1 2 2 2 2 6 17 10 3 12 30 35 26 2 8 13 17 10 15 8 24 9 24 13 6 5 11 3 8 10 20 11 9 5 6 1 5 8 3 7 2 0 3 4 11 8 3 2 1 2 1 1 4 8 7
6 26 32 3 13 6 13 24 6 17 9 5 1 8 4 16 4 12 8 11 3 4 11 12 11 5 4 6 7 13 1 4 6 12 7 2 4 7 2 5 8 3 1 4 2 2 1 12 18 13 25 32 28 5 9 15 17 15 10 16 19 15 5 12 19 2 4 3 8 3 8 11 7 14 5 5 3 9 6 1 13 14 3 4 1 1 4 4 2 3 0 2 2 10 2 7
9 17 27 6 8 3 6 5 8 8 9 3 1 5 6 35 7 5 7 2 6 11 10 13 6 3 2 3 7 6 4 6 11 5 2 1 3 6 6 2 5 3 2 4 3 3 6 37 28 48 52 44 3 5 7 8 12 14 11 14 23 5 15 9 9 22 40 4 2 1 2 19 3 12 10 7 6 12 8 6 9 25 4 6 2 1 4 4 11 10 3 1 15 3 3 12
7 9 32 11 12 4 3 6 2 11 10 6 3 4 2 9 7 4 6 3 5 6 4 4 5 2 12 2 5 10 4 4 11 9 3 2 6 2 2 3 1 2 1 3 14 32 55 30 31 35 14 2 5 7 11 8 11 10 8 5 6 3 10 6 2 17 4 0 0 3 4 5 13 4 13 7 8 9 19 8 10 16 3 10 3 3 3 3 3 5 5 9 2 8 12 23
7 4 2 32 4 3 1 1 1 6 18 4 4 2 3 10 2 3 9 2 3 5 4 3 2 4 2 2 1 8 3 4 5 5 3 4 3 2 1 2 1 1 1 31 24 25 61 68 29 7 2 5 5 7 8 7 10 10 7 2 0 1 9 14 20 24 2 1 1 8 12 6 6 2 15 5 14 5 10 4 5 14 5 9 5 6 1 1 2 1 1 2 5 2 11 17
7 8 3 34 1 3 5 2 6 1 7 3 3 5 4 15 3 5 8 5 1 4 4 10 1 3 1 9 1 1 3 4 8 5 1 3 9 4 1 1 4 38 47 49 62 19 40 69 43 1 3 6 5 6 1 5 6 6 7 0 0 6 24 23 25 6 3 9 9 4 13 12 2 4 5 7 18 12 24 34 34 16 5 6 10 6 6 0 2 2 3 2 2 5 16 11
6 4 2 36 3 1 2 2 11 1 2 7 2 2 3 10 2 4 9 3 2 2 3 9 1 2 1 3 5 5 2 4 5 4 3 6 3 2 2 10 30 49 70 54 68 72 63 41 1 2 7 5 5 7 2 4 10 11 4 2 1 9 20 13 7 5 7 7 7 7 10 25 32 5 3 5 6 10 14 7 3 9 10 22 13 10 2 1 5 1 6 4 3 7 25 6
4 4 2 9 7 12 3 2 9 2 2 7 0 2 1 2 3 3 5 2 1 0 0 6 1 2 6 3 8 3 2 4 2 6 2 5 3 1 4 15 12 5 41 67 72 52 2 2 5 3 3 2 5 5 3 1 2 32 4 8 4 5 4 13 11 4 10 9 6 18 20 18 2 5 5 12 11 9 8 6 8 8 11 8 9 2 5 2 2 1 3 6 2 4 17 5
3 3 1 2 12 4 2 1 5 1 1 4 2 0 0 1 2 1 5 2 2 0 1 1 2 3 5 3 4 2 5 4 4 2 3 3 3 1 5 10 4 20 13 8 4 2 7 10 6 6 3 3 2 0 2 5 2 8 8 5 3 4 2 5 2 3 4 11 24 31 6 2 5 7 7 7 20 9 25 8 12 12 11 7 10 1 3 2 4 1 6 4 3 3 4 1
3 3 2 1 12 1 1 2 7 2 1 1 5 1 1 1 1 1 3 3 1 1 1 3 5 2 2 4 1 2 2 3 3 4 2 2 3 2 11 12 48 40 11 2 7 7 2 3 4 1 2 0 2 1 3 5 2 15 5 2 3 3 6 4 1 3 7 24 16 1 3 0 2 7 19 17 9 10 5 9 9 7 9 13 3 4 4 4 2 1 10 4 3 4 2 0
1 1 2 6 1 1 2 1 3 1 1 0 3 1 1 1 1 1 1 4 1 1 0 1 4 4 3 2 1 2 1 2 2 4 1 3 4 3 8 6 7 16 3 6 7 3 3 5 10 4 1 0 0 0 4 7 1 6 3 3 3 2 6 1 1 2 10 13 1 0 1 4 2 2 4 17 13 17 3 5 7 7 8 5 5 3 4 4 6 1 3 3 1 1 1 1
6 1 2 9 11 0 1 1 3 1 1 0 2 1 1 0 1 1 1 1 1 0 0 2 2 5 3 1 1 1 0 1 2 1 2 1 2 2 7 3 8 16 3 6 2 8 1 1 3 6 3 1 0 1 0 2 5 2 4 0 1 7 3 1 2 7 10 13 1 0 1 4 3 3 3 7 11 5 3 3 5 8 6 11 3 5 7 2 2 1 3 3 2 1 1 1
2 1 0 1 2 1 1 1 1 1 0 0 0 1 1 0 1 1 1 0 0 0 0 2 2 2 3 0 1 1 0 0 0 2 3 2 3 23 8 43 39 15 2 1 1 6 4 2 2 5 2 2 0 1 2 1 8 5 0 0 0 4 3 2 7 10 10 11 0 2 2 5 14 1 3 7 5 4 2 2 6 3 4 1 2 11 3 3 1 1 1 1 1 0 1 0
1 2 0 1 0 2 1 0 0 0 1 0 0 0 0 0 1 0 5 0 0 1 1 2 1 1 1 0 1 1 1 0 1 1 1 3 9 14 36 20 7 31 5 1 2 3 0 0 0 2 3 2 1 0 2 3 1 10 1 1 1 8 3 1 3 8 4 9 2 3 4 4 6 1 1 3 2 8 3 2 0 0 0 1 1 2 1 1 1 1 1 0 0 0 0 0
1 2 2 1 0 0 0 1 0 0 0 0 1 0 1 0 0 1 1 0 0 0 2 1 1 1 1 0 1 0 1 0 0 1 2 17 29 47 66 19 4 1 5 5 2 1 3 11 2 6 6 1 2 3 3 4 1 3 1 3 1 8 1 3 5 3 4 10 2 2 3 4 3 1 0 0 3 3 10 3 1 1 2 2 1 1 1 1 0 0 0 0 0 0 0 0
