sesion_6_simulaciones/modelos_agentes/ejemplos_netlogo/scenarios/cgcm2_b2/rob_2069.asc
NCOLS 322 
NROWS 307 
XLLCORNER 451900 
YLLCORNER 4086900 
CELLSIZE 100 
NODATA_value -9999 
[rows 73 to 145 of 307, columns 96 to 191 of 322]
26 22 20 17 48 28 58 77 43 33 31 48 54 56 5 2 8 11 10 3 11 21 12 5 3 5 4 5 4 3 1 0 1 2 0 1 1 2 4 3 3 3 11 2 3 2 4 14 3 4 5 9 13 28 20 22 11 17 34 34 28 63 58 60 55 60 41 37 49 66 61 49 52 66 47 27 73 52 58 76 46 47 41 45 71 72 49 25 20 13 5 5 3 1 1 1
22 55 35 19 18 21 21 48 20 21 15 59 29 71 62 42 10 5 6 9 38 33 14 7 9 2 2 1 3 5 2 2 2 5 2 1 1 1 3 1 1 1 3 1 1 3 4 0 1 3 2 9 21 14 14 6 10 16 32 20 17 65 52 39 48 56 34 47 56 60 50 61 45 61 32 34 50 58 44 40 22 46 63 56 39 21 24 25 15 19 15 14 11 5 1 0
26 31 27 20 14 18 25 42 23 35 42 29 14 24 29 52 30 32 42 55 82 40 35 23 7 11 2 2 3 1 3 23 5 5 7 4 2 1 1 0 1 5 7 3 10 6 5 13 21 3 3 2 4 14 3 5 12 24 18 10 25 26 54 38 46 33 30 37 51 59 35 71 35 42 36 21 48 27 20 48 52 45 22 24 34 34 29 26 37 33 40 40 20 14 5 2
39 25 21 23 16 28 15 45 21 44 49 16 24 45 36 27 36 60 38 61 65 68 60 50 12 6 4 1 3 4 14 22 13 6 8 8 8 2 4 5 2 1 2 1 2 11 3 8 7 9 2 1 3 3 4 5 9 21 10 14 13 7 31 32 37 23 41 25 63 43 22 49 39 34 38 36 20 13 63 41 32 32 51 38 55 59 56 66 68 50 52 46 30 21 11 7
42 15 33 29 21 17 23 34 29 33 68 30 34 27 31 43 64 36 60 56 76 79 50 34 39 4 3 4 8 7 16 4 12 5 13 2 19 7 4 9 2 1 1 1 2 4 14 17 8 21 15 8 5 1 1 2 10 4 4 3 9 4 24 20 22 14 30 26 34 14 12 15 32 12 30 15 15 22 50 30 44 41 39 57 74 71 77 61 60 70 45 47 28 22 15 11
41 23 30 32 40 20 26 31 13 54 71 61 38 25 45 40 49 60 76 46 43 57 62 71 27 16 20 25 38 16 13 7 11 12 2 4 5 8 8 9 7 1 1 2 4 6 18 15 6 37 27 15 18 9 8 2 3 2 4 3 5 5 2 8 6 10 10 16 12 6 8 7 29 15 8 3 20 27 26 28 51 72 80 73 76 78 55 63 68 47 51 31 24 24 23 36
56 58 22 53 61 35 14 35 14 34 34 64 48 34 36 8 46 81 49 51 53 33 61 68 31 20 55 58 49 44 51 16 3 3 3 15 16 3 5 8 12 2 1 4 4 6 15 47 40 36 33 26 32 8 23 18 14 3 2 1 5 8 2 3 3 7 5 9 3 2 10 17 15 12 39 31 12 8 30 56 61 68 67 67 58 71 71 80 62 44 41 30 26 39 58 35
81 85 65 63 24 20 15 14 14 43 22 13 49 59 15 37 72 46 32 28 45 20 11 50 56 58 63 56 63 43 64 52 14 13 16 24 10 9 1 5 18 7 2 4 10 26 11 13 45 25 37 59 37 27 33 14 17 27 22 17 16 3 15 6 2 1 6 10 11 19 10 1 2 3 7 32 37 51 23 51 59 46 71 57 54 56 71 77 62 55 51 36 67 65 28 24
66 61 74 21 16 18 27 21 17 25 27 6 15 27 31 42 22 56 54 41 34 42 10 18 57 73 64 37 30 51 31 20 43 38 30 23 35 26 7 6 23 17 3 4 16 14 8 5 18 11 51 59 30 66 44 20 44 17 12 12 28 6 15 19 14 6 13 15 31 9 17 5 4 4 8 5 12 50 50 47 31 50 69 62 43 55 77 66 60 55 55 60 74 59 29 51
78 77 67 36 34 39 43 30 17 22 35 5 18 32 38 23 22 71 47 33 44 71 39 39 62 91 57 14 34 32 22 24 7 11 62 32 14 13 10 18 34 24 10 5 12 10 10 16 18 41 42 74 69 73 47 44 46 27 38 20 32 18 18 15 13 15 6 9 29 13 31 41 29 16 9 12 14 9 40 64 74 35 57 53 39 75 60 43 55 70 59 76 54 49 39 69
37 57 75 72 16 16 41 40 54 29 29 9 29 57 38 13 22 82 33 50 41 42 29 67 43 51 30 42 51 37 26 27 14 40 75 49 33 11 8 27 15 6 13 4 9 6 9 14 17 26 21 66 60 77 57 51 65 33 49 41 33 37 17 16 16 10 27 10 27 37 51 51 28 14 18 7 8 19 12 59 52 49 22 53 70 34 44 48 60 51 60 50 34 45 46 84
23 32 46 54 64 19 33 22 18 48 41 19 28 50 42 26 39 78 47 45 26 19 72 74 64 54 25 60 55 39 18 10 51 84 80 73 65 22 32 29 22 3 11 7 10 18 17 13 20 7 5 29 71 83 52 62 50 49 70 60 41 23 13 8 31 13 46 30 23 43 59 51 17 10 17 15 20 20 18 28 61 73 63 38 21 54 67 69 59 71 30 47 47 66 46 77
18 28 47 31 54 57 44 44 23 37 56 16 31 58 41 53 43 54 59 69 66 20 46 52 81 69 65 68 64 68 40 76 86 73 70 84 74 32 27 42 19 6 13 8 10 18 20 15 20 14 21 31 75 78 54 42 49 78 70 71 39 15 27 30 50 33 66 56 45 26 65 43 44 32 24 17 17 27 24 22 37 71 55 70 62 31 61 27 64 34 32 56 44 76 49 63
16 11 7 7 22 43 21 11 18 30 36 20 43 65 51 20 41 33 55 69 76 66 32 39 41 45 75 86 58 61 78 84 85 69 75 73 61 71 45 49 23 45 28 33 13 22 33 39 28 29 20 37 66 89 67 49 76 66 77 69 43 30 28 32 66 44 59 56 49 32 56 41 28 8 21 13 6 18 24 16 9 56 70 60 45 78 54 53 55 56 54 65 72 75 77 44
12 7 1 2 19 19 5 10 15 26 14 31 63 56 23 13 24 32 59 61 73 89 58 32 28 39 79 78 84 42 84 70 67 67 87 82 61 75 46 56 38 79 28 52 33 24 24 18 23 23 22 19 43 82 68 77 67 78 88 63 38 40 45 59 60 48 58 54 45 13 18 24 41 32 36 18 8 16 21 32 44 11 60 66 61 72 80 85 91 70 85 86 73 44 78 33
18 15 5 3 17 12 7 14 20 16 21 33 45 51 22 9 49 50 42 48 54 68 79 77 58 41 62 73 84 77 75 86 82 53 55 43 46 74 29 37 84 69 45 27 19 26 18 28 39 48 50 25 33 60 61 70 66 80 82 67 58 69 65 63 72 30 54 61 45 20 18 41 53 38 23 45 15 11 20 27 39 27 18 58 65 84 75 48 49 65 65 82 73 46 59 70
21 10 8 3 9 6 4 27 14 13 11 20 63 41 16 8 47 31 45 57 56 68 77 74 76 49 56 29 50 76 65 70 75 66 64 62 47 37 51 85 48 62 27 15 23 44 29 34 48 55 45 43 28 34 30 55 69 73 82 62 50 60 58 79 75 48 56 71 28 10 12 35 28 32 67 48 18 18 8 30 27 45 47 18 57 79 76 73 73 65 47 44 62 42 27 49
11 11 4 3 3 2 3 17 17 6 24 43 64 60 17 7 30 9 31 70 69 72 39 51 74 60 61 47 71 91 85 80 58 70 53 35 41 32 65 40 38 33 16 44 71 46 36 41 35 31 30 31 26 26 11 17 53 68 83 52 68 64 80 87 86 48 75 59 48 25 15 27 46 59 81 27 17 46 14 24 27 37 52 39 17 63 66 48 31 46 42 40 32 46 47 44
23 18 11 5 4 2 2 4 11 14 19 52 36 25 36 14 36 9 5 24 31 65 47 43 42 27 49 65 84 91 74 79 82 77 70 43 24 36 77 22 51 52 64 71 73 46 57 24 18 29 59 58 65 63 60 27 12 9 43 53 55 64 81 87 87 61 90 65 63 51 26 30 47 82 60 21 43 35 17 14 33 45 49 43 35 11 30 53 43 44 27 41 64 71 60 60
12 10 4 4 3 3 1 1 6 17 26 29 30 12 12 6 37 15 7 35 31 39 27 38 48 43 36 63 39 69 72 71 71 62 22 33 45 48 50 26 67 66 81 67 57 37 69 58 62 48 55 51 53 38 46 18 9 9 12 40 65 85 78 86 79 52 80 74 40 30 37 56 45 66 35 40 63 45 39 46 38 47 38 40 46 31 10 18 23 30 50 60 68 71 68 59
6 5 5 5 4 3 3 1 2 5 15 24 25 19 10 6 38 11 5 20 15 19 22 32 23 48 45 55 40 16 35 41 34 25 48 50 66 80 53 51 31 67 92 60 38 72 64 51 67 48 54 44 31 39 40 47 27 13 15 62 81 78 83 89 85 82 77 84 68 27 48 37 39 18 26 63 51 18 36 22 31 34 34 36 45 33 41 19 7 34 54 72 80 74 71 46
11 5 12 16 9 7 6 6 4 5 9 17 14 11 10 5 17 7 3 8 16 13 11 14 19 36 36 39 42 29 14 12 18 41 45 74 82 57 61 69 49 83 88 59 72 66 59 33 79 54 67 55 66 72 72 59 40 17 20 34 76 69 86 86 81 74 80 85 75 47 33 46 49 43 45 47 56 73 25 33 21 19 42 37 25 42 58 53 21 22 30 29 42 51 55 48
30 26 17 28 24 17 18 16 8 2 5 7 6 9 6 7 6 4 4 7 7 9 5 7 16 20 26 27 30 42 10 13 20 39 81 85 67 46 71 77 65 75 81 67 59 66 60 49 77 61 53 70 59 68 70 58 42 22 15 20 25 67 80 83 75 68 83 76 53 21 32 59 29 49 71 58 68 37 15 42 22 27 37 38 66 48 31 38 48 48 44 21 12 14 22 28
40 22 34 33 36 26 35 19 10 9 1 2 2 4 6 4 6 4 2 3 7 7 5 5 4 6 26 22 21 10 14 6 27 76 71 73 33 62 86 71 55 56 65 29 35 84 53 73 77 74 53 70 81 56 32 38 43 45 37 23 28 45 65 73 72 70 53 60 32 28 46 46 39 57 66 73 56 34 37 42 34 19 35 68 66 65 47 43 49 52 63 59 40 16 9 17
38 41 48 32 43 38 26 24 20 18 16 7 3 1 1 2 4 4 2 2 4 2 2 3 3 5 19 31 15 11 17 4 42 67 50 34 42 79 89 76 42 48 46 35 79 68 50 50 84 82 45 55 55 73 59 39 14 25 28 39 34 43 35 44 30 52 59 54 25 44 57 54 46 44 65 58 48 54 22 10 38 33 43 59 67 55 51 45 35 43 57 51 48 25 20 7
52 38 49 52 49 32 31 36 21 23 16 13 11 5 3 1 2 3 1 2 3 3 1 2 2 4 6 21 5 6 17 6 25 46 22 32 42 62 59 63 50 53 32 71 76 31 55 87 84 76 76 36 23 32 27 35 16 21 38 49 34 49 34 24 23 39 30 28 23 52 49 64 36 59 64 57 72 34 33 18 40 21 21 28 41 63 64 47 37 30 52 45 50 45 40 18
37 27 53 56 26 36 17 19 36 28 19 17 13 11 7 2 1 1 0 0 0 1 1 2 1 1 2 2 3 24 9 4 6 9 13 43 49 58 87 68 61 47 60 60 55 46 51 88 83 75 91 70 44 59 56 36 19 14 8 21 51 34 29 18 21 38 26 21 32 42 57 62 54 28 34 34 45 35 29 35 7 40 29 41 47 59 56 59 67 48 48 52 56 65 41 31
22 38 74 51 48 29 50 29 44 38 23 21 15 6 5 5 4 3 3 3 3 2 1 1 1 0 1 1 5 19 2 5 7 5 20 48 54 20 48 43 56 47 47 61 46 50 66 87 82 82 84 84 45 31 27 24 24 29 23 6 9 20 20 18 20 27 20 23 22 41 50 65 56 58 19 32 46 34 15 16 31 18 15 42 50 53 59 67 58 71 60 70 69 66 50 42
28 44 66 44 41 39 26 30 46 34 30 26 17 14 7 10 5 7 7 7 4 7 3 3 5 3 0 1 2 9 2 5 8 7 16 22 23 27 21 11 44 56 37 31 40 73 84 84 78 67 79 78 60 46 50 59 55 40 30 12 3 16 13 9 17 15 13 17 31 41 37 47 41 37 47 42 31 44 75 71 56 61 33 36 37 42 50 61 73 62 77 72 66 67 65 62
28 60 27 34 43 35 33 21 39 37 17 12 26 12 10 7 8 9 10 9 10 9 8 6 4 5 2 0 1 4 1 3 6 9 14 15 18 26 24 11 21 61 46 20 51 58 86 79 42 35 45 67 82 74 57 54 48 36 19 9 4 18 10 5 8 11 15 28 35 42 39 43 46 60 71 72 60 79 76 70 58 38 24 17 20 40 65 60 61 67 75 76 75 79 72 66
57 23 33 29 24 37 39 27 14 18 23 27 26 21 9 13 11 12 13 20 19 12 16 9 13 6 5 1 0 3 2 2 4 7 16 17 25 22 22 8 13 29 37 15 43 44 71 46 24 27 51 58 81 75 69 52 50 37 19 15 4 7 6 4 14 10 19 40 37 41 43 40 68 73 86 70 76 66 71 47 18 12 13 27 9 34 53 53 72 82 74 60 46 42 35 33
20 26 43 65 58 43 17 11 14 35 32 28 16 26 23 22 20 28 24 24 23 23 16 19 14 8 3 2 0 1 1 1 1 7 11 30 41 25 26 11 9 10 14 4 14 28 20 29 31 44 46 67 85 76 70 69 62 50 44 22 7 5 6 3 11 17 24 19 18 32 53 53 59 63 64 68 69 57 37 28 27 16 34 36 68 41 25 53 78 69 55 58 59 57 52 51
43 56 47 17 16 24 30 14 25 40 37 33 30 29 26 37 23 33 31 38 17 34 30 23 14 7 2 2 1 0 0 0 1 3 8 16 15 23 27 15 18 12 14 4 11 20 31 63 75 74 87 69 86 82 77 62 65 44 30 18 7 8 6 2 2 6 10 24 35 34 47 70 44 49 46 62 64 24 13 24 19 22 53 47 67 42 64 47 58 52 57 60 56 63 66 59
47 29 38 37 35 23 31 17 41 41 39 40 55 37 48 43 40 53 45 31 33 34 41 16 18 9 6 2 1 1 0 0 0 2 5 8 21 34 35 11 6 11 10 7 12 26 57 41 69 67 64 55 90 85 79 55 40 27 18 7 6 2 2 1 1 4 14 35 47 35 44 65 54 38 31 42 27 30 47 43 23 49 54 53 66 72 52 42 49 49 43 54 59 67 60 76
26 24 16 15 14 13 7 25 47 41 42 60 46 53 52 52 61 31 27 53 42 47 40 18 11 7 7 5 4 3 1 1 0 1 4 3 3 14 23 12 8 8 10 10 22 27 15 32 50 83 53 65 83 69 74 63 44 25 11 6 5 2 0 2 1 3 12 22 52 37 40 17 29 41 31 44 47 46 39 32 30 57 55 53 61 57 28 48 25 35 50 63 65 47 75 76
15 22 33 39 34 20 18 29 44 61 57 56 44 55 72 72 51 34 37 62 46 30 26 20 12 8 9 8 5 3 3 2 1 0 4 5 2 2 2 1 2 5 6 9 17 15 21 38 75 35 29 52 86 71 57 37 28 23 22 12 4 3 1 1 0 2 8 13 23 31 31 23 43 32 39 47 60 69 65 60 52 79 57 40 40 47 56 72 64 40 41 50 45 56 62 57
27 47 33 58 27 26 29 47 46 61 60 28 30 57 57 47 39 38 52 75 39 30 29 24 14 13 9 7 4 2 1 2 2 1 1 2 3 2 1 1 2 4 5 5 7 14 25 17 61 24 44 69 84 58 35 31 25 11 8 10 5 4 0 1 1 1 4 4 14 18 31 39 52 46 70 71 82 51 33 20 70 72 74 51 18 51 70 86 78 67 69 38 66 53 48 80
43 44 65 57 31 50 47 50 68 62 48 36 42 62 46 65 28 43 73 44 34 29 34 31 29 22 12 8 3 4 3 3 3 3 1 0 2 1 1 1 1 3 3 4 6 12 17 17 10 20 49 78 80 52 39 32 16 13 11 7 5 2 1 1 1 1 5 13 22 30 39 45 58 66 74 66 33 33 22 62 71 76 80 82 42 57 82 83 68 59 49 60 46 55 37 56
58 64 39 30 39 48 48 69 37 53 24 48 53 81 65 49 30 66 26 22 49 30 23 16 19 17 15 13 12 6 8 7 4 3 1 1 0 2 1 1 1 1 2 4 7 17 7 19 4 8 36 66 89 80 44 28 20 7 10 5 5 2 3 1 0 2 9 20 40 44 44 52 58 53 45 50 44 55 66 75 70 76 67 81 72 63 66 35 20 15 38 76 66 49 33 39
67 51 37 28 38 53 64 15 60 26 31 52 70 74 53 31 62 53 36 18 19 30 11 12 21 20 30 14 22 19 11 11 4 4 3 2 1 0 1 1 1 1 1 4 5 10 2 10 2 14 26 15 60 70 40 20 9 7 5 2 5 5 2 1 0 6 12 16 21 28 34 37 44 46 66 69 67 66 67 59 68 60 47 73 67 47 38 46 58 59 74 34 54 51 31 31
30 50 39 32 47 67 70 25 54 48 66 50 79 49 36 48 61 29 34 30 62 39 23 18 27 42 29 38 31 36 15 7 1 8 4 4 4 2 1 0 1 2 2 3 4 1 5 10 2 11 12 49 56 33 32 25 22 12 5 3 5 4 3 2 0 1 6 13 21 20 26 32 46 40 37 36 37 35 80 42 66 72 54 51 43 30 63 67 64 76 67 50 43 58 59 60
82 32 51 51 63 40 48 59 57 48 57 56 49 42 42 73 34 46 39 69 61 39 48 37 23 49 54 52 63 39 28 8 3 3 2 2 3 3 3 0 0 1 3 3 1 3 20 5 2 10 48 53 66 23 19 28 13 9 8 4 4 2 2 1 1 0 2 5 10 14 6 18 17 18 33 47 45 43 70 63 53 67 85 46 35 52 51 60 77 67 55 66 51 57 46 59
78 92 87 89 83 55 15 10 57 33 66 75 84 76 60 67 64 74 56 69 56 56 55 50 47 57 72 76 43 43 26 15 14 8 5 6 2 3 4 1 0 1 2 2 1 1 2 2 1 10 24 63 55 15 22 20 20 10 5 6 4 2 2 0 0 1 7 11 13 24 31 41 57 50 30 31 46 75 70 74 77 57 60 74 46 49 65 64 54 35 69 80 48 42 57 65
61 87 73 80 75 60 74 34 55 44 21 40 81 86 89 61 46 55 66 66 62 57 68 54 67 67 77 63 62 56 45 29 20 19 16 6 5 6 4 2 1 0 1 1 3 2 1 1 1 6 18 11 29 10 28 13 19 15 7 3 4 3 1 0 0 3 8 15 20 38 58 47 30 45 66 45 59 75 75 89 77 64 60 57 17 29 32 49 69 80 85 58 78 46 48 58
46 85 61 77 75 63 87 62 41 73 52 43 71 79 74 64 73 53 80 88 89 72 60 45 80 69 73 63 49 39 42 33 31 29 22 13 8 4 3 3 3 1 0 1 2 1 2 1 1 2 5 9 37 19 39 31 14 16 6 7 1 1 1 0 1 4 10 9 20 34 58 65 68 57 72 76 78 76 69 85 83 53 37 35 20 29 51 69 61 90 61 68 77 78 49 52
51 79 67 63 80 55 63 26 46 75 59 35 13 60 69 66 75 59 58 83 87 53 75 40 73 59 73 60 53 28 38 55 50 44 36 13 5 4 5 3 1 1 0 0 3 1 3 1 1 0 4 14 36 8 11 5 14 20 15 5 1 1 0 0 2 4 10 10 20 30 46 60 51 35 34 47 82 58 79 80 88 86 29 22 20 39 66 43 73 84 71 79 65 57 38 57
15 40 27 53 74 59 59 15 48 80 45 27 19 35 70 66 71 67 35 41 68 51 45 64 33 31 79 51 30 20 11 17 28 22 23 19 10 10 9 3 2 1 0 0 1 2 2 1 0 2 5 19 14 27 12 5 6 4 2 1 2 1 1 0 1 3 6 7 12 20 30 24 30 44 46 61 87 88 73 65 80 84 68 22 12 31 30 52 81 69 62 29 20 25 36 55
16 45 71 53 63 43 71 48 60 82 67 38 37 34 69 83 54 13 14 28 41 24 32 71 42 20 64 51 61 24 2 19 38 30 14 25 20 14 4 2 1 0 0 0 0 2 2 1 1 5 7 15 5 9 7 7 1 1 3 3 2 1 0 1 2 2 3 4 5 15 26 29 47 45 56 80 88 87 82 51 59 72 66 34 12 23 43 66 61 31 29 59 56 54 59 71
25 16 16 22 31 45 75 30 66 66 85 56 37 30 32 25 18 15 15 36 29 27 19 63 25 49 56 42 60 73 35 19 21 16 19 23 17 12 7 4 1 0 0 0 0 1 2 1 0 2 7 14 1 4 5 11 4 1 2 2 1 1 0 1 1 4 22 16 22 42 51 68 74 57 70 93 89 88 82 63 20 41 58 52 14 24 42 64 47 47 86 64 45 49 39 74
28 36 16 17 30 48 69 59 40 59 78 57 25 13 35 34 15 36 14 17 25 23 20 65 24 18 53 41 48 60 40 29 35 14 7 8 3 5 3 3 3 2 0 0 0 0 0 1 1 2 7 7 1 3 2 2 5 5 2 1 0 0 0 1 1 4 9 25 50 58 83 57 33 49 80 93 88 79 78 80 67 24 56 54 14 25 48 43 32 71 70 50 63 77 20 10
29 40 30 19 27 19 66 71 61 29 80 49 19 7 28 26 34 38 26 17 22 27 6 28 55 7 21 22 54 75 31 8 18 12 17 16 11 9 4 3 2 1 1 0 0 0 0 0 0 2 9 7 1 2 3 2 3 2 1 1 0 0 0 1 1 5 12 31 44 45 23 27 49 57 76 79 85 77 72 56 71 33 22 28 26 41 33 25 64 86 48 60 66 73 65 22
42 30 30 13 13 17 50 77 40 36 67 61 38 7 26 25 46 38 30 23 23 37 18 18 74 15 24 24 48 47 52 35 31 36 25 16 15 10 8 2 1 1 1 1 0 0 0 1 1 4 12 7 2 3 2 0 1 2 2 1 0 0 0 1 3 9 33 35 25 20 36 42 55 87 77 70 84 57 40 34 63 39 22 7 9 31 32 52 84 60 47 57 78 63 63 31
72 18 31 17 12 18 34 43 14 12 75 50 9 5 22 24 45 35 46 35 38 30 28 20 36 21 11 24 36 31 43 50 28 16 14 6 9 9 7 5 2 1 1 0 0 0 0 0 1 3 8 5 2 1 1 1 0 0 0 0 0 0 0 1 3 14 17 12 10 17 42 50 78 84 84 66 49 67 26 28 59 27 9 4 17 43 55 68 74 32 58 83 75 69 77 40
20 31 14 14 11 9 14 22 17 22 60 28 14 5 14 21 41 14 33 24 22 28 25 17 27 36 18 9 4 22 22 41 19 11 14 10 5 3 5 4 1 1 1 0 0 0 0 0 2 5 7 1 1 1 1 0 1 0 0 0 0 0 0 1 3 9 4 3 13 36 43 51 82 87 72 60 45 54 56 18 26 21 7 7 21 29 51 73 48 47 78 70 66 66 59 51
19 13 28 27 11 11 4 7 6 7 22 10 27 11 7 16 37 15 10 28 13 8 4 28 30 42 7 6 2 7 30 44 38 17 9 4 4 2 2 1 1 1 0 0 0 0 0 0 1 2 3 2 1 1 0 1 1 0 0 0 0 0 1 1 5 2 1 6 22 37 49 76 74 76 70 64 45 34 53 21 13 14 6 7 21 27 58 64 48 39 41 55 48 41 56 63
32 20 14 29 31 20 16 5 3 12 9 7 21 24 7 14 22 24 8 10 7 9 7 52 26 29 15 2 3 2 7 12 33 27 14 7 4 2 1 1 4 1 1 0 0 0 0 0 2 2 2 2 2 1 1 1 1 1 0 0 0 0 0 1 1 1 2 12 25 57 61 80 78 63 41 20 16 16 24 26 17 5 3 7 16 22 44 40 26 19 39 31 21 36 53 66
35 22 11 17 21 32 13 5 1 10 11 5 5 10 5 6 14 19 6 6 5 2 3 9 3 7 23 2 3 3 1 8 27 29 12 6 6 15 10 5 2 1 0 0 0 0 0 0 0 1 1 2 2 1 1 1 1 0 0 0 0 0 0 0 0 1 2 7 28 78 72 67 81 73 41 21 7 3 8 14 9 4 1 4 11 21 36 20 13 33 42 47 73 59 72 65
68 36 20 6 14 22 32 4 6 12 15 7 2 5 5 3 8 17 5 3 3 2 1 4 1 2 12 7 2 4 1 2 12 47 25 10 4 3 2 2 1 1 1 0 0 0 0 0 0 1 1 1 1 2 1 0 1 0 0 0 0 0 0 0 1 7 10 28 52 51 79 82 67 78 66 34 19 8 2 2 7 4 1 1 3 8 10 5 13 31 39 72 74 63 58 62
52 79 31 15 4 8 7 6 7 10 8 5 9 3 4 1 2 16 6 3 2 2 1 3 3 0 5 7 2 3 2 1 5 15 38 17 7 7 8 5 2 1 1 0 0 0 0 0 0 0 1 1 1 0 1 0 0 0 0 0 0 0 0 0 2 9 17 12 23 47 71 64 56 54 73 40 18 6 2 1 2 1 0 1 3 2 3 7 22 35 65 69 43 55 64 63
12 66 72 43 18 8 2 13 5 3 4 4 12 5 3 2 2 16 8 5 2 1 0 2 4 0 2 3 2 4 2 1 4 4 5 28 8 2 4 4 2 0 0 0 0 0 0 0 0 0 0 1 1 1 1 0 0 0 0 0 0 0 0 1 1 1 2 12 60 61 59 55 42 46 44 36 18 7 7 2 0 0 0 1 5 13 12 7 16 41 42 30 31 51 68 62
7 36 44 58 25 12 5 11 10 3 6 4 5 4 7 4 2 4 11 2 1 1 0 1 3 1 2 2 1 3 4 1 4 5 4 2 23 9 7 3 2 1 1 0 0 0 0 0 0 0 0 0 0 0 1 0 0 0 0 0 0 0 0 1 2 3 8 14 47 69 60 73 57 17 17 24 14 12 7 4 1 0 0 1 5 10 27 39 17 15 14 27 44 55 77 56
17 22 19 38 16 8 7 7 8 6 4 4 4 7 5 4 3 3 7 4 1 1 0 2 4 2 2 2 1 1 5 2 1 2 3 8 9 3 12 4 1 0 0 0 0 0 0 0 0 0 0 0 0 0 1 0 0 0 0 0 0 0 0 0 1 3 7 25 46 56 82 70 66 38 13 7 12 8 5 3 0 0 1 4 7 12 30 54 49 41 44 29 46 54 80 68
10 19 6 18 18 17 10 7 6 5 2 2 2 3 3 4 2 2 1 3 2 1 0 1 1 2 2 2 1 0 1 1 1 2 4 9 8 3 15 2 3 2 1 0 0 0 0 0 0 0 0 0 0 0 1 0 0 0 0 0 0 0 0 1 1 3 7 14 42 31 71 65 50 41 46 14 10 6 2 1 0 0 1 3 11 22 33 48 62 54 54 51 44 68 91 79
13 10 9 5 9 4 5 5 17 11 4 1 2 2 1 3 1 1 2 2 2 1 1 0 1 2 1 2 1 1 0 0 1 1 14 20 7 5 2 3 2 2 1 0 0 0 0 0 0 0 0 0 0 0 1 0 0 0 0 0 0 0 0 0 1 3 7 31 48 59 61 67 54 36 25 23 9 5 1 0 0 1 2 1 3 17 24 39 50 34 54 58 75 91 91 79
5 10 5 4 3 2 2 2 2 3 2 2 1 1 1 1 1 1 1 2 2 1 1 0 0 2 0 1 1 1 0 0 2 5 6 11 16 32 26 12 2 1 0 0 0 0 0 0 0 0 0 0 0 0 0 0 0 0 0 0 0 0 0 0 1 7 26 44 50 63 65 64 58 44 14 8 9 2 1 0 0 2 7 5 4 3 7 12 20 40 43 70 69 90 90 74
2 5 2 3 1 1 1 0 1 1 1 1 1 0 0 1 1 1 1 1 1 1 1 0 0 1 0 1 1 0 1 0 0 1 2 2 3 2 2 0 1 1 1 0 0 0 0 0 0 0 0 0 0 0 0 0 0 0 0 0 0 0 0 1 3 3 8 16 45 63 42 71 40 28 9 5 4 2 1 0 0 2 7 11 27 17 22 20 36 57 62 67 80 83 74 62
0 1 1 0 0 0 0 0 1 1 0 0 0 0 0 0 0 0 0 0 1 0 1 0 0 1 1 0 1 1 0 0 0 0 0 0 0 1 1 1 1 0 0 0 0 0 0 0 0 0 0 0 0 0 0 0 0 0 0 0 0 0 0 1 2 6 6 17 29 25 38 46 39 16 5 2 1 0 0 0 0 1 4 7 13 32 49 46 62 80 73 57 74 59 65 52
2 1 0 0 0 0 1 2 1 1 3 3 3 4 1 1 0 0 0 0 0 0 0 0 0 0 1 0 1 1 0 0 0 0 0 0 0 0 0 1 2 1 1 0 0 0 0 0 0 0 0 0 0 0 0 0 0 0 0 0 0 0 0 0 1 4 7 23 19 23 35 22 19 5 3 1 0 0 0 0 1 3 5 11 14 36 77 73 34 40 76 86 61 27 30 46
8 3 1 2 2 3 3 6 3 4 8 11 13 9 5 3 1 1 0 0 0 0 0 0 0 1 1 0 0 1 0 0 0 0 0 0 0 0 0 0 1 0 0 0 0 0 0 0 0 0 0 0 0 0 0 0 0 0 0 0 0 0 0 0 1 6 8 6 12 16 16 11 13 3 2 1 0 0 0 2 3 5 9 17 44 52 42 15 27 62 89 85 82 28 14 18
15 4 3 9 9 11 11 12 13 17 14 12 13 22 10 5 3 2 1 1 1 1 0 0 0 0 0 0 1 0 0 0 0 0 0 0 0 0 0 0 0 0 0 0 0 0 0 0 0 0 0 0 0 0 0 0 0 0 0 0 0 0 0 0 2 6 12 6 3 3 7 7 3 1 0 0 0 0 1 2 7 8 18 41 38 14 7 16 39 81 87 75 51 49 7 2
18 13 7 21 18 34 19 23 38 24 33 22 34 20 14 10 13 6 1 2 2 1 0 0 0 0 0 0 0 0 0 0 0 0 0 0 0 0 0 0 0 1 0 0 0 0 0 0 0 0 0 0 0 0 0 0 0 0 0 0 0 0 0 0 2 6 11 9 2 5 3 2 1 0 0 0 0 0 1 2 7 19 15 11 4 3 12 31 52 71 72 65 29 52 12 2
32 26 17 37 57 75 57 47 66 55 49 36 63 49 41 27 10 4 3 7 3 1 1 1 1 1 0 0 0 0 0 0 0 0 0 0 0 0 1 0 0 0 0 0 0 0 0 0 0 0 0 0 0 0 0 0 0 0 0 0 0 0 0 0 1 5 16 8 3 2 2 1 0 0 0 0 0 1 1 1 7 8 5 1 4 14 23 55 68 53 57 37 19 25 33 2
69 71 58 45 49 49 34 20 52 31 32 29 33 46 46 16 15 14 12 12 6 1 0 1 2 1 1 0 0 0 0 0 0 0 0 0 0 0 0 0 0 0 0 0 0 0 0 0 0 0 0 0 0 0 0 0 0 0 0 0 0 0 0 0 1 5 18 15 2 3 1 0 0 0 0 0 0 0 1 2 1 0 1 3 9 17 28 71 75 89 45 9 8 9 17 3
