sesion_6_simulaciones/modelos_agentes/ejemplos_netlogo/scenarios/cgcm2_b2/rob_2042.asc
NCOLS 322 
NROWS 307 
XLLCORNER 451900 
YLLCORNER 4086900 
CELLSIZE 100 
NODATA_value -9999 
[rows 222 to 295 of 307, columns 96 to 191 of 322]
0 0 0 0 0 0 0 0 0 0 0 0 0 0 0 0 0 0 0 0 0 0 0 0 0 0 0 1 0 0 0 0 0 1 0 0 0 0 0 0 0 0 0 0 0 1 1 4 6 8 11 14 19 28 31 39 51 63 78 77 80 85 63 79 58 71 56 51 56 49 36 37 25 29 43 46 53 31 33 25 60 47 42 35 34 18 37 50 57 34 22 20 8 5 5 2
0 0 0 0 0 0 0 0 0 0 0 0 0 0 0 0 0 0 0 0 0 0 0 0 0 0 0 0 1 0 0 1 1 0 0 0 0 0 0 0 0 0 0 0 0 1 1 2 4 6 9 7 13 22 35 61 67 50 36 47 50 52 48 56 82 40 41 42 63 55 44 58 26 31 51 45 47 27 45 56 47 79 54 45 37 32 20 19 39 65 43 32 25 9 5 3
0 0 0 0 0 0 0 0 0 0 0 0 0 0 0 0 0 0 0 0 0 0 0 0 0 0 0 0 1 1 0 1 0 0 0 0 0 0 0 0 0 0 0 0 0 0 1 1 3 4 6 9 23 14 32 54 32 30 36 37 17 46 45 41 41 62 26 62 62 52 67 58 20 27 33 45 37 37 52 61 45 33 60 59 36 35 35 17 12 35 65 40 31 14 12 7
0 0 0 0 0 0 0 0 0 0 0 0 0 0 0 0 0 0 0 0 0 0 0 0 0 0 0 0 1 2 1 0 0 0 0 0 0 0 0 0 0 0 0 0 0 0 1 1 2 3 4 7 17 19 11 13 18 22 23 22 49 66 42 49 58 87 77 57 63 61 72 61 40 32 47 58 48 48 59 64 51 30 14 28 60 60 33 28 21 13 37 35 23 16 7 4
0 0 0 0 0 0 0 0 0 0 0 0 0 0 0 0 0 0 0 0 0 0 0 0 0 1 1 0 1 2 0 0 0 0 0 0 0 0 0 0 0 0 0 0 0 0 1 1 2 2 5 11 12 12 17 18 33 29 26 33 19 31 56 50 56 88 67 72 36 73 59 61 45 32 54 66 60 42 57 80 46 43 58 40 35 18 19 30 23 23 11 12 14 8 3 3
0 0 0 0 0 0 0 0 0 0 0 0 0 0 0 0 0 0 0 0 0 0 0 0 0 0 2 2 2 1 0 0 0 0 0 0 0 0 0 0 0 0 0 0 0 1 1 1 1 2 3 4 4 8 11 18 38 40 34 21 26 41 42 54 75 59 54 66 80 64 56 63 61 19 24 47 50 63 74 37 73 61 78 53 71 36 47 30 18 9 8 12 7 5 2 1
0 0 0 0 0 0 0 0 0 0 0 0 0 0 0 0 0 0 0 0 0 0 1 1 0 0 1 3 1 0 0 0 0 0 0 0 0 0 0 0 0 0 0 0 0 0 1 1 2 2 5 5 7 10 10 21 30 55 34 32 23 47 62 76 59 50 55 54 39 56 69 44 32 17 25 42 62 58 80 60 32 26 41 60 40 43 32 25 14 12 8 5 3 4 3 3
0 0 0 0 0 0 0 0 0 0 0 0 0 0 0 0 0 0 0 0 0 0 0 1 0 1 1 6 2 1 1 1 0 0 0 0 0 0 0 0 0 0 0 0 0 0 0 1 1 2 3 3 5 6 15 23 16 17 16 31 22 22 29 43 29 18 33 47 37 51 27 46 42 27 44 28 29 65 41 50 41 29 27 32 18 20 24 26 11 11 4 2 3 2 2 2
0 0 0 0 0 0 0 0 0 0 0 0 0 0 0 0 0 0 0 0 1 1 0 0 2 0 1 3 5 5 1 1 0 0 0 0 0 0 0 0 0 0 0 0 0 0 0 0 1 1 1 2 4 6 10 7 9 10 14 15 19 21 24 32 37 51 56 65 53 55 65 65 46 22 39 55 28 58 51 56 57 49 36 54 31 12 14 8 5 6 3 1 1 1 1 1
0 0 0 0 0 0 0 0 0 0 0 0 0 0 0 0 0 0 0 0 1 1 1 1 1 1 1 1 7 4 2 1 0 0 0 0 0 0 0 0 0 0 0 0 0 0 0 1 1 1 2 2 3 4 3 4 3 4 5 6 7 7 9 30 43 45 29 50 52 50 50 48 43 27 30 52 50 44 48 69 57 53 51 47 32 21 10 7 5 5 4 2 1 1 1 0
0 0 0 0 0 0 0 0 0 0 0 0 0 0 0 0 0 0 0 1 1 1 0 1 3 2 1 1 4 4 2 1 0 0 0 0 0 0 0 0 0 0 1 1 1 1 0 1 2 3 5 4 3 2 2 4 3 5 11 14 12 19 17 15 14 18 27 30 33 48 65 71 69 29 43 38 68 52 59 44 42 52 50 40 32 44 26 10 6 3 2 1 1 1 1 0
0 0 0 0 0 0 0 0 0 0 0 0 0 0 0 0 0 0 0 0 1 1 0 1 1 3 2 3 7 6 3 1 0 0 0 0 0 0 0 0 0 0 1 1 1 2 1 1 2 4 6 11 7 4 5 8 17 18 22 39 35 35 30 24 33 53 37 34 30 44 65 66 67 64 48 63 76 43 62 40 61 61 46 57 35 24 26 19 18 4 2 1 1 0 0 0
0 0 0 0 0 0 0 0 0 0 0 0 0 0 0 0 0 0 0 0 1 1 0 0 1 1 7 6 3 2 1 1 0 0 0 0 0 0 0 0 0 0 1 1 1 1 2 4 2 3 5 6 8 13 12 17 21 28 47 44 33 37 47 37 28 23 39 49 29 40 24 25 27 24 59 24 40 75 51 38 17 32 67 59 33 29 36 13 13 4 4 1 0 1 0 0
0 0 0 0 0 0 0 0 0 0 0 0 0 0 0 0 0 0 0 1 1 1 1 0 1 2 3 10 2 1 1 0 0 0 0 0 0 0 0 0 0 1 1 1 1 2 2 3 5 4 6 7 13 28 15 18 27 32 37 50 49 63 60 59 46 29 42 45 61 45 50 42 48 41 80 39 25 28 32 31 19 8 59 63 44 40 39 34 12 9 5 3 2 2 1 0
0 0 0 0 0 0 0 0 0 0 0 0 0 0 0 0 0 0 0 0 1 1 3 1 1 2 3 9 3 1 0 0 0 0 0 0 0 0 0 0 0 1 1 1 2 3 7 5 7 13 11 19 19 20 23 23 27 32 60 54 60 58 54 68 68 46 36 42 47 41 74 51 42 48 52 60 49 60 57 43 40 25 15 48 41 38 43 26 10 5 2 2 2 0 0 0
1 0 0 0 0 0 0 0 0 0 0 0 0 0 0 0 0 0 0 0 1 1 1 3 0 1 3 7 3 2 1 0 0 0 0 0 0 0 0 0 1 1 1 2 4 4 11 10 7 6 21 40 54 30 28 14 27 30 57 49 74 63 56 52 51 49 31 46 36 72 37 40 42 49 43 29 36 39 41 36 30 24 22 18 31 17 8 16 10 4 3 1 0 0 0 0
1 0 0 0 0 0 0 0 0 0 0 0 0 0 0 0 0 0 0 0 1 1 2 4 1 2 4 9 5 2 2 1 0 0 0 0 0 0 0 1 1 1 1 4 5 8 12 15 16 13 17 30 40 40 33 18 29 37 29 53 72 69 29 74 32 52 51 42 37 60 42 27 34 62 62 47 53 56 56 52 62 30 25 18 13 7 11 7 4 4 1 1 1 0 0 0
0 0 0 0 0 0 0 0 0 0 0 0 0 1 1 0 0 0 1 1 1 1 3 8 4 4 8 7 4 4 2 1 0 0 0 0 0 0 0 0 1 1 2 3 6 11 13 18 23 26 24 35 54 54 43 18 30 43 53 48 59 65 26 55 58 54 64 36 49 46 32 45 59 53 41 34 33 42 46 23 41 47 43 19 18 8 5 5 3 1 1 1 1 1 1 0
0 0 0 0 0 0 0 0 0 0 0 0 0 1 1 1 0 0 1 3 2 1 3 8 8 2 2 22 11 3 2 1 0 0 0 0 1 1 0 1 1 2 2 5 8 8 19 25 28 40 28 44 57 42 51 19 32 40 47 59 53 54 55 55 64 64 58 56 49 36 46 52 57 53 44 36 33 46 41 33 32 27 51 41 19 20 10 4 2 1 1 0 1 1 0 0
0 0 0 0 0 0 0 0 0 0 1 0 0 1 1 2 0 0 1 2 3 2 3 8 13 3 5 26 7 4 3 1 1 0 0 1 1 0 1 1 2 4 3 6 7 9 27 32 35 42 47 40 36 51 76 40 22 46 62 50 38 34 34 60 62 59 57 69 54 34 40 44 61 56 60 53 54 73 59 50 39 33 33 24 23 22 10 6 3 2 1 1 1 0 0 0
0 0 0 0 0 0 0 0 0 0 1 1 0 1 2 2 1 0 2 2 2 4 4 10 21 26 19 26 12 6 3 1 0 0 0 0 1 1 1 2 2 4 7 6 5 9 25 37 44 45 49 58 55 56 81 59 51 18 38 72 56 52 38 39 34 66 69 68 41 38 33 65 59 44 45 42 51 75 58 42 52 23 17 12 14 10 13 8 2 1 1 1 1 0 0 0
0 0 0 0 0 0 0 0 0 0 1 1 1 1 2 4 1 1 2 3 3 6 6 14 29 43 18 24 7 4 3 1 0 0 0 0 0 2 1 2 3 3 8 7 9 22 26 27 46 53 56 57 68 81 83 79 38 22 49 63 71 53 44 48 49 44 34 39 39 38 63 58 33 59 34 39 30 53 44 42 32 34 47 20 9 6 3 2 2 2 1 1 0 0 0 0
0 0 0 0 0 0 0 0 1 1 1 1 2 1 3 5 1 2 1 6 9 8 7 17 30 25 10 5 3 3 1 1 0 0 0 0 1 2 2 2 2 6 3 19 12 19 31 28 37 64 64 46 71 76 76 80 65 34 26 28 45 64 58 50 45 31 13 10 22 36 73 51 46 53 89 77 61 55 49 50 54 47 28 31 17 15 6 4 3 1 1 0 0 0 0 0
0 0 0 0 0 0 0 1 0 1 2 2 4 1 4 5 3 5 2 5 16 14 25 16 39 19 7 5 2 1 1 0 0 0 0 0 0 1 2 3 5 4 5 7 27 16 20 33 52 72 68 59 57 52 63 82 77 39 32 35 48 42 47 43 30 40 27 19 49 57 32 54 68 73 65 81 60 72 57 64 61 42 22 8 10 7 6 4 2 1 1 0 0 0 0 0
0 0 0 0 0 0 0 1 1 1 2 3 7 3 6 10 3 7 10 4 8 20 12 50 27 23 5 3 3 1 0 0 0 0 0 1 1 0 1 1 2 4 8 23 16 20 37 44 45 57 74 76 51 51 42 48 75 63 46 25 33 26 23 16 16 7 22 44 40 51 36 23 32 61 30 62 82 79 69 65 62 35 17 13 9 3 2 2 2 1 0 0 0 0 0 0
0 0 0 0 1 0 1 1 1 1 2 3 5 9 5 14 5 6 18 15 16 32 17 38 38 11 4 2 0 0 0 1 1 0 1 1 1 1 1 2 3 3 8 18 41 26 22 35 43 64 65 68 67 64 48 42 47 67 52 29 33 29 34 31 37 18 15 38 40 47 46 46 48 36 32 29 54 61 67 42 23 18 13 10 5 3 2 1 1 0 0 0 0 0 0 0
0 0 0 1 1 0 1 1 1 2 3 4 6 9 11 28 8 9 21 25 24 40 68 34 15 12 6 2 1 1 1 1 1 0 0 1 1 1 2 2 3 5 9 17 24 46 34 35 49 60 68 60 70 69 59 41 30 55 50 39 22 26 29 32 38 29 20 48 39 37 46 45 75 57 50 37 26 15 39 39 28 10 6 4 4 2 1 0 0 0 0 0 0 0 0 0
0 0 0 1 1 1 1 1 1 2 7 5 6 8 31 30 14 16 18 30 32 51 66 15 23 13 4 3 3 3 4 4 1 1 0 1 1 2 3 2 4 10 18 22 20 40 33 62 54 67 63 83 62 45 44 39 56 22 20 71 31 21 51 43 29 23 37 62 38 32 35 59 81 63 49 40 34 30 21 24 21 13 6 5 4 2 1 0 0 0 0 0 0 0 0 0
0 0 0 1 1 1 1 2 2 3 9 6 16 15 19 30 42 28 34 26 45 45 77 55 22 8 8 8 5 8 6 5 1 1 1 0 1 3 2 4 8 10 25 39 50 40 60 27 16 30 65 35 56 51 60 42 18 12 15 25 38 13 34 27 14 24 59 30 33 32 21 26 18 34 45 35 34 33 21 14 12 6 8 6 5 3 2 2 1 0 0 0 0 0 1 0
0 0 0 1 1 2 1 3 4 5 4 9 8 27 33 16 15 53 38 40 38 62 68 37 20 15 16 13 15 24 6 2 1 1 1 0 1 1 7 6 10 15 20 46 33 58 52 50 38 55 58 16 64 73 65 32 45 34 31 14 54 10 23 22 13 17 27 55 45 22 41 66 55 60 55 44 35 34 30 28 17 13 9 8 5 5 4 1 1 0 0 0 0 0 1 0
0 1 1 1 2 3 1 2 3 7 10 15 8 8 19 46 20 15 61 64 39 61 71 43 41 17 36 49 23 8 4 3 2 1 1 0 1 1 2 6 8 26 32 26 21 39 44 62 66 65 52 46 62 76 76 75 57 26 24 22 45 17 18 21 10 17 39 23 16 17 38 46 47 50 56 56 36 31 18 18 8 5 5 14 11 6 2 1 0 0 1 1 1 1 1 0
0 1 1 2 2 2 3 3 4 3 6 18 7 7 18 37 45 41 11 32 46 67 51 40 31 49 26 10 10 5 5 5 3 1 1 1 1 2 4 4 4 13 18 15 25 36 45 44 66 65 65 58 76 76 67 61 34 51 16 22 24 36 9 17 22 20 9 35 44 44 34 49 61 55 50 53 31 24 16 19 25 16 22 12 9 4 3 1 0 1 1 1 2 2 1 1
0 1 1 2 3 5 4 8 8 6 5 11 29 9 28 28 37 57 42 19 33 68 29 49 69 26 20 16 12 12 7 3 1 2 2 1 2 3 5 5 8 16 15 13 27 43 25 24 51 53 33 27 42 42 50 26 43 30 49 11 21 29 18 12 48 59 30 57 63 40 61 59 68 69 68 64 45 27 31 28 31 21 26 10 8 6 2 1 1 1 1 1 2 3 1 1
1 1 2 1 2 9 12 9 9 8 18 12 19 44 23 29 44 21 66 38 38 35 76 59 41 39 33 29 21 14 6 2 1 2 3 1 2 3 8 11 12 20 29 29 31 25 35 44 35 34 35 31 32 35 34 40 35 32 32 41 9 5 18 41 45 24 39 46 61 49 65 52 54 68 69 51 38 45 31 31 32 29 15 14 7 3 1 1 1 1 2 2 3 3 1 1
1 3 2 2 2 7 8 16 22 11 18 25 29 34 53 32 51 29 25 55 31 36 70 68 56 40 33 30 23 9 7 5 3 1 2 1 1 3 5 14 22 27 19 32 31 40 37 38 46 50 43 32 34 37 43 41 25 23 23 32 17 11 20 12 15 39 42 47 30 41 57 52 59 48 53 71 40 33 16 15 15 15 20 11 6 3 2 1 2 2 3 2 7 2 2 1
1 2 3 2 4 4 8 11 15 23 35 30 32 39 62 64 32 26 35 32 64 68 74 60 58 58 44 37 26 15 9 6 4 2 4 1 1 3 6 13 22 39 36 41 44 46 44 61 42 46 47 38 26 35 31 48 44 20 7 9 14 12 17 15 18 9 6 5 12 51 35 41 55 52 50 37 25 11 8 21 31 25 8 12 11 5 2 3 2 3 3 2 9 2 2 2
2 4 5 6 7 5 7 15 21 25 42 47 48 42 56 63 48 48 38 43 40 69 69 63 43 50 43 35 19 23 13 8 5 4 6 1 4 6 8 11 7 33 45 51 45 57 61 50 46 62 66 61 26 34 44 39 22 25 11 5 7 11 21 13 14 18 29 35 28 30 30 32 34 29 43 18 19 19 13 46 34 12 19 15 11 11 4 6 4 3 3 2 5 3 2 2
2 4 13 7 10 11 9 19 27 32 33 52 50 47 70 50 57 66 52 43 44 61 55 50 44 47 42 35 28 14 13 10 13 8 2 0 3 11 15 21 19 34 54 44 49 57 47 38 52 74 67 62 59 40 45 34 27 26 13 13 15 10 18 14 29 37 59 53 36 43 38 43 34 22 19 25 39 46 25 41 35 30 19 14 9 8 11 8 3 4 3 1 4 6 1 1
3 2 11 18 13 13 13 26 34 34 36 40 56 65 67 64 55 72 54 39 48 81 58 70 48 50 51 46 32 18 22 17 10 6 3 1 2 7 22 40 37 44 42 61 49 55 49 39 50 42 38 36 49 51 26 20 20 19 15 19 20 11 12 23 34 46 46 40 47 26 39 25 15 20 22 53 42 51 54 16 31 25 28 25 13 10 20 12 4 6 3 3 6 4 2 3
4 3 8 22 23 17 22 30 33 39 46 38 53 66 68 58 55 45 57 40 48 65 65 74 57 49 42 35 37 23 31 16 10 6 6 3 4 10 20 31 55 62 61 48 62 39 40 54 43 34 33 38 41 37 67 37 16 18 16 20 14 14 18 15 19 20 39 48 28 18 18 28 29 43 38 60 55 54 37 41 32 16 32 22 14 17 19 8 11 5 2 3 11 4 2 4
7 18 16 20 29 21 16 35 37 39 53 42 22 32 71 76 71 54 49 66 47 80 80 49 58 60 31 34 28 34 25 19 14 5 5 3 5 17 19 29 30 51 52 66 58 59 37 57 63 35 48 54 51 50 48 24 26 14 21 9 8 13 19 23 27 25 48 15 23 9 26 43 60 34 46 62 38 40 52 40 10 16 32 33 31 21 13 7 10 8 3 5 9 8 6 6
9 13 28 34 34 23 22 37 40 39 42 52 44 45 53 72 67 35 45 70 45 79 65 66 61 38 19 39 29 35 38 25 20 9 6 4 7 19 22 37 57 48 37 63 41 51 53 42 58 55 68 62 58 47 42 24 25 11 12 17 7 10 28 28 12 38 19 18 45 38 58 46 42 57 48 29 43 63 29 13 11 34 48 33 30 30 13 8 6 6 11 7 5 18 8 8
17 25 30 38 39 29 40 40 43 45 29 47 47 58 57 64 66 68 75 77 73 74 62 62 51 55 45 43 49 28 40 40 21 14 15 5 7 20 41 41 52 51 54 56 56 48 57 28 48 50 59 54 50 37 41 30 41 22 17 11 9 18 5 19 15 26 23 38 38 34 31 46 67 73 49 39 66 48 42 29 29 34 11 16 31 30 12 10 9 13 12 8 6 36 12 17
22 27 27 33 11 26 52 35 48 53 43 43 55 60 52 64 52 75 72 79 71 65 73 54 49 57 68 64 34 45 34 36 30 16 12 6 6 24 30 43 46 41 63 61 61 47 33 69 45 74 47 53 37 53 39 53 27 30 22 6 6 19 32 33 8 17 29 48 50 30 27 56 78 70 44 66 57 35 39 75 59 23 26 36 22 15 17 7 10 15 15 10 15 41 31 22
24 17 9 7 6 12 50 35 22 31 42 31 36 56 75 72 43 44 73 64 72 69 74 71 32 54 71 45 40 42 28 46 39 31 11 2 5 18 26 49 43 44 54 66 72 66 39 29 13 16 56 61 30 45 41 54 41 24 14 8 10 22 18 35 26 24 29 24 48 35 40 68 74 44 52 69 58 13 54 48 34 46 57 42 27 19 16 5 17 18 18 14 26 65 37 19
27 30 23 24 22 17 31 52 19 23 23 46 38 48 70 63 74 46 58 75 70 79 79 77 58 36 57 59 51 31 55 38 37 24 12 5 4 10 27 55 25 46 66 69 67 50 49 46 43 40 34 41 62 35 17 18 16 11 13 4 8 12 6 13 22 15 22 13 20 28 61 52 56 66 46 42 26 27 44 37 40 56 50 30 19 7 6 5 13 18 21 16 34 49 36 12
41 30 36 35 24 28 26 30 38 36 32 63 44 49 45 53 72 76 71 84 83 74 76 59 30 44 54 47 43 48 54 43 21 20 24 9 8 5 19 34 12 27 38 39 44 40 41 33 69 62 46 42 35 26 26 17 10 32 3 2 1 8 12 10 29 32 16 10 42 49 24 39 24 44 39 32 14 58 46 62 42 35 22 21 19 9 7 14 15 25 24 31 35 52 15 13
26 29 36 33 40 26 22 41 61 62 29 28 57 57 32 33 29 49 77 78 50 44 47 50 57 20 51 55 35 64 44 39 36 24 25 10 17 5 12 33 45 22 33 42 27 36 18 10 22 36 24 62 57 44 21 4 2 2 4 3 3 7 6 17 22 33 14 42 40 26 32 31 38 38 17 28 53 62 69 39 37 34 34 35 19 10 8 18 27 28 29 22 49 56 44 16
28 49 38 40 42 43 31 47 63 51 51 34 25 46 58 35 57 47 36 69 48 60 64 63 50 41 54 37 37 63 50 47 29 13 22 12 14 10 5 17 29 55 50 35 31 42 41 21 31 43 51 54 35 36 32 20 12 9 5 2 2 4 11 13 16 13 29 45 52 49 32 32 22 14 46 50 43 56 54 35 29 33 35 25 19 16 11 26 33 22 32 29 16 33 51 22
35 37 38 33 42 60 33 46 51 59 50 44 56 41 26 58 58 45 47 70 72 31 28 43 40 62 55 69 41 41 55 39 25 41 20 10 15 19 8 21 37 56 64 28 33 57 40 18 34 42 24 41 28 34 32 15 13 11 7 6 5 4 1 12 14 20 33 14 15 15 26 16 41 54 33 37 34 33 31 26 18 25 28 29 26 14 13 19 39 25 38 29 31 29 41 30
35 35 55 41 51 59 25 41 55 62 58 50 54 56 67 51 71 82 63 67 65 38 47 50 56 75 68 75 46 46 46 45 48 20 15 10 10 34 13 13 28 44 36 42 48 54 14 9 62 81 34 41 39 19 15 13 25 11 5 2 4 3 4 9 9 8 8 16 30 37 41 44 23 31 24 15 19 37 28 24 35 49 28 24 27 15 25 27 42 27 32 10 4 15 36 59
35 43 57 56 49 44 26 41 59 65 61 50 41 40 59 73 53 47 67 66 45 30 47 40 67 63 79 60 55 69 62 52 28 24 10 3 4 37 15 14 17 32 32 32 42 43 3 21 35 41 56 45 33 10 7 5 4 4 5 3 1 5 2 2 2 2 5 18 46 62 62 58 32 21 16 23 60 48 33 34 47 35 32 43 12 17 30 36 23 19 8 8 19 26 26 45
44 27 31 57 48 58 47 21 55 57 65 52 55 40 53 44 69 45 40 49 33 52 49 50 48 70 59 70 70 78 58 57 39 32 22 2 19 35 12 16 25 14 26 33 33 30 8 22 21 26 36 27 40 34 28 10 7 7 7 5 2 10 1 1 2 6 19 51 26 35 43 22 15 20 34 47 51 35 27 60 50 42 44 18 18 33 54 23 7 6 12 26 21 57 45 49
39 13 35 52 62 55 57 37 25 47 60 40 51 49 59 64 54 51 54 53 22 57 84 58 53 57 40 49 54 58 58 55 34 18 20 9 21 16 23 18 31 28 27 34 43 36 25 18 16 21 21 37 22 28 21 10 6 6 7 12 5 5 4 2 4 23 12 23 27 18 38 38 27 47 42 49 51 47 45 60 45 29 18 13 35 46 13 6 8 17 21 41 49 50 56 46
36 19 22 16 47 56 66 44 10 28 51 39 51 41 73 66 54 24 39 51 33 63 66 52 51 26 56 63 61 55 57 41 41 33 18 17 18 14 19 14 6 25 23 39 36 41 49 61 48 43 32 53 35 16 10 4 9 4 6 11 8 2 1 4 19 23 8 18 13 17 26 50 55 68 36 31 58 58 45 37 24 34 10 28 32 13 4 16 20 31 36 38 45 60 62 50
49 34 42 13 47 64 62 41 14 10 12 42 55 38 41 57 38 52 52 61 53 29 53 62 44 38 62 66 57 49 39 33 42 34 30 30 31 10 25 20 9 11 19 27 36 27 23 20 20 18 15 31 13 9 12 30 23 10 6 2 2 1 4 13 8 10 8 9 24 10 24 49 56 54 42 44 63 60 52 41 26 15 26 27 16 5 13 32 31 31 40 36 48 49 52 52
61 30 46 16 21 54 42 23 17 16 18 22 33 65 54 52 47 43 41 58 46 56 70 49 48 62 41 56 59 52 35 43 31 21 36 34 22 20 17 28 19 12 17 20 26 24 40 27 23 34 44 32 15 13 3 17 16 11 7 8 7 8 2 6 11 5 5 11 12 19 28 44 53 53 42 39 38 39 59 24 15 15 24 8 10 30 33 34 35 36 37 32 25 23 36 55
49 30 43 23 16 53 43 49 37 36 24 26 39 52 61 67 71 62 47 46 40 42 51 59 69 60 69 71 57 38 41 41 24 21 55 36 22 24 19 8 9 15 16 29 28 30 39 27 38 29 36 19 34 16 5 10 39 17 5 7 8 1 2 2 4 11 5 10 18 18 21 39 53 51 47 21 34 55 44 41 37 18 8 13 17 22 22 44 46 34 43 35 33 22 30 13
40 33 48 36 27 34 24 51 29 29 33 27 40 37 32 49 50 52 51 52 62 34 42 76 67 69 57 47 51 45 44 41 40 25 45 35 32 21 34 13 27 30 11 17 32 44 47 35 40 44 27 15 32 11 11 18 24 10 8 7 5 2 2 2 12 10 24 26 8 9 31 31 22 35 34 25 47 63 72 39 22 12 5 15 10 45 38 34 41 45 64 59 32 28 32 14
55 34 49 36 24 21 15 39 49 36 37 38 35 36 31 50 41 44 27 32 53 30 56 67 70 50 56 58 50 44 39 41 35 44 48 36 47 62 24 17 19 20 24 17 42 27 36 39 31 30 42 35 18 14 21 20 36 8 9 6 5 2 2 2 4 6 33 29 12 14 21 22 40 46 23 65 60 46 39 37 15 5 12 27 25 31 47 29 42 56 51 57 27 24 30 15
56 38 64 40 19 23 36 25 60 33 51 49 31 22 31 27 27 39 35 33 15 58 48 44 47 42 59 49 36 43 43 22 36 47 30 58 32 62 39 19 35 17 35 23 35 47 39 38 26 39 37 23 16 26 20 21 13 12 6 10 6 4 2 1 2 12 22 17 19 26 16 13 30 32 65 54 30 31 33 38 21 13 16 32 53 37 40 52 54 45 47 35 30 22 27 13
53 37 66 42 18 16 64 42 41 35 37 49 29 37 33 32 33 43 39 28 14 24 12 16 31 32 65 64 58 40 26 22 37 57 45 25 44 42 36 21 33 10 30 12 24 39 51 41 29 43 28 40 18 18 32 26 26 10 10 14 4 1 1 2 2 3 6 22 36 21 20 31 50 65 50 26 24 59 38 25 20 15 32 23 50 52 34 46 46 43 39 25 48 27 20 10
63 36 55 26 18 26 39 41 33 63 57 40 42 31 33 33 46 41 39 38 10 19 22 48 55 56 52 49 48 35 21 23 55 42 44 38 61 33 25 22 34 10 29 22 25 33 58 42 29 41 43 39 19 9 26 25 17 6 8 5 8 2 1 3 3 3 5 18 14 16 20 38 37 29 32 26 27 46 29 10 10 22 44 44 46 46 19 37 60 55 33 23 45 13 20 15
65 39 56 27 18 26 27 64 38 61 72 63 35 24 22 36 60 46 14 27 7 26 24 40 26 31 27 46 25 20 36 26 72 53 52 49 50 25 18 44 22 18 19 51 53 38 41 39 51 42 35 33 30 22 21 14 21 14 8 3 3 1 3 4 3 4 4 6 20 17 20 15 26 22 40 33 41 45 38 13 10 38 46 48 47 45 18 31 47 48 21 22 21 25 28 24
76 65 24 41 22 21 44 63 46 39 61 56 64 19 43 66 45 45 30 23 18 13 22 17 20 24 52 30 39 35 35 46 14 30 15 35 28 20 12 43 20 16 4 21 71 43 32 47 48 38 36 30 27 16 36 35 30 18 7 4 2 2 4 1 2 5 4 8 21 8 21 24 32 24 38 47 27 43 34 20 18 46 35 30 39 28 36 35 26 33 46 24 20 38 29 22
62 31 28 38 23 20 61 59 62 33 23 44 70 15 30 27 25 39 24 29 8 6 23 38 40 34 26 44 42 25 56 25 39 25 43 36 24 29 17 33 15 28 13 15 48 60 41 42 51 49 40 37 24 28 18 13 21 8 9 7 3 1 3 2 3 4 5 8 16 20 38 48 49 38 44 59 11 53 30 28 28 26 35 21 27 21 39 51 34 23 38 26 22 25 33 26
60 35 17 43 34 31 47 13 38 58 18 28 60 43 15 29 27 28 14 17 16 31 55 29 31 27 38 56 35 36 32 44 55 70 49 35 56 24 32 38 17 17 19 23 35 42 33 68 45 38 32 38 41 28 9 13 19 13 8 6 5 2 2 1 2 3 5 5 8 17 27 30 44 56 38 17 30 52 42 20 16 24 46 19 31 37 42 29 42 29 17 32 36 28 17 23
62 18 31 44 28 29 38 10 11 13 33 58 31 48 21 27 15 16 9 20 19 15 16 30 24 25 26 36 42 47 28 38 54 36 24 53 26 18 44 24 33 37 29 29 33 41 34 35 52 25 20 16 32 37 15 11 12 8 5 7 3 2 2 1 1 2 6 8 12 24 20 34 38 21 31 27 39 28 17 10 13 39 37 40 26 31 35 29 24 32 33 21 17 32 11 12
68 19 29 49 27 47 44 23 9 12 29 51 67 60 25 19 25 27 26 7 8 10 26 39 17 14 34 61 34 29 23 52 22 35 60 15 21 28 38 21 37 34 26 48 49 56 48 29 34 33 19 19 33 34 26 19 9 4 2 1 2 4 2 1 1 3 6 12 10 26 29 49 37 23 7 28 46 14 18 16 22 31 40 35 22 30 27 25 12 37 23 43 21 10 6 5
51 23 30 56 20 44 57 39 19 17 12 35 28 44 52 14 20 17 13 20 19 13 13 13 5 16 47 51 50 16 55 14 18 52 39 21 33 38 50 33 10 46 42 46 62 54 44 18 29 53 43 16 10 17 22 26 7 7 3 2 1 3 3 2 2 17 34 14 7 11 37 45 32 18 10 37 35 24 20 17 20 30 32 36 33 21 11 29 19 34 26 11 29 9 9 15
47 24 26 50 18 42 48 17 15 20 27 27 18 21 29 26 9 14 17 5 7 5 8 5 9 19 72 33 37 17 52 35 14 59 31 19 34 60 44 29 19 43 48 56 30 52 37 34 21 19 26 33 14 8 13 21 9 6 2 2 1 2 2 3 12 17 19 28 31 38 44 46 33 8 15 37 24 12 13 18 23 19 38 15 21 18 12 14 22 14 26 9 9 24 17 11
70 33 55 33 13 55 28 15 21 17 39 16 35 21 14 17 8 4 6 5 18 32 10 4 7 15 41 26 13 45 29 23 45 42 37 16 30 61 62 34 20 35 36 59 56 48 26 32 31 14 13 12 20 15 7 2 7 2 4 2 3 4 3 21 37 48 58 57 56 72 51 48 28 5 41 53 14 12 15 22 19 22 35 17 33 32 7 13 19 13 13 6 8 6 8 14
71 55 10 13 12 39 15 18 31 33 28 29 29 28 8 13 6 2 9 9 14 12 4 9 6 26 25 14 37 12 25 51 43 24 26 37 47 70 59 28 26 42 38 45 41 28 42 44 27 26 21 9 18 17 10 4 3 3 3 1 4 3 8 12 12 9 41 56 63 72 72 48 8 28 42 56 22 3 11 40 19 41 19 28 19 41 6 19 23 12 16 5 23 6 12 4
64 16 12 18 19 24 5 17 23 35 15 38 47 21 12 6 8 1 5 3 11 11 3 6 7 39 6 34 40 11 54 50 21 16 42 36 18 71 56 14 24 32 30 39 47 38 32 32 20 14 20 8 6 14 8 3 2 1 2 2 5 7 16 17 23 18 42 67 75 61 57 8 18 33 52 60 42 10 24 27 21 22 22 28 28 32 5 9 20 15 21 10 10 5 5 7
