sesion_6_simulaciones/modelos_agentes/ejemplos_netlogo/scenarios/cgcm2_b2/rob_2088.asc
NCOLS 322 
NROWS 307 
XLLCORNER 451900 
YLLCORNER 4086900 
CELLSIZE 100 
NODATA_value -9999 
[rows 222 to 295 of 307, columns 0 to 95 of 322]
4 6 11 22 25 14 29 23 4 12 14 15 33 12 10 6 6 2 3 4 11 16 23 26 17 15 11 26 38 19 10 32 45 15 34 26 16 18 28 53 20 19 36 41 36 66 38 53 59 82 81 51 38 40 38 22 35 49 33 42 48 32 24 48 31 38 21 28 16 13 10 8 2 2 1 1 0 0 0 0 0 0 0 0 0 1 2 4 5 3 2 2 4 8 16 7
10 12 8 6 10 15 19 32 19 8 8 20 22 11 5 5 6 12 15 14 18 26 15 52 27 26 21 20 29 33 18 24 15 18 42 10 13 16 22 47 47 27 24 43 13 10 23 13 17 60 69 55 54 37 31 33 20 24 40 44 38 52 26 31 43 23 20 21 23 10 4 3 2 1 1 0 0 0 0 0 0 0 0 0 1 1 2 3 9 8 3 6 10 11 2 2
13 22 36 59 32 27 28 32 17 23 30 46 18 10 10 14 12 29 11 13 54 11 19 22 24 17 11 37 29 20 19 21 15 30 21 13 18 23 21 42 29 27 27 70 69 54 43 47 40 22 29 45 32 30 23 22 22 31 33 34 35 38 23 54 53 29 21 13 11 5 3 3 1 1 1 0 0 0 0 0 0 0 0 1 1 2 2 6 18 15 7 10 15 10 2 1
13 33 41 38 59 64 25 19 12 36 46 27 17 9 12 14 4 2 1 25 12 19 42 22 14 26 17 22 16 11 14 13 29 6 7 23 11 26 15 29 26 36 47 31 38 59 48 68 65 42 25 30 20 30 16 18 21 35 26 24 35 20 17 14 18 14 9 8 4 3 2 1 1 1 0 0 0 0 0 0 0 0 1 1 1 4 8 10 32 29 25 23 7 5 2 2
3 8 13 10 31 70 47 5 21 32 46 14 24 21 3 2 1 1 13 45 10 23 33 41 23 20 14 4 14 8 13 28 19 8 19 19 23 31 16 19 49 66 54 30 45 51 56 30 68 77 32 26 12 18 18 27 22 19 21 15 11 8 13 6 5 8 11 5 2 1 1 1 1 0 0 0 0 0 0 0 0 0 1 1 2 6 18 28 38 47 24 10 7 3 2 1
18 10 16 24 25 27 9 12 15 20 34 35 42 8 2 2 10 17 33 53 17 17 22 57 32 10 19 7 8 13 5 12 32 11 8 7 20 26 58 68 30 28 22 64 35 42 66 47 41 18 34 38 35 30 29 30 33 20 18 14 11 6 7 5 4 6 4 2 1 1 1 0 0 0 0 0 0 0 0 0 0 1 2 2 2 6 23 54 38 4 4 2 2 2 1 1
12 12 11 31 22 23 22 19 11 30 33 22 18 6 10 32 32 34 37 50 12 20 17 38 4 4 14 4 11 14 4 4 16 10 5 12 11 9 48 67 45 29 51 39 83 55 30 41 37 33 24 49 45 42 46 38 19 20 9 6 5 1 1 1 3 2 2 1 1 1 1 0 0 0 0 0 0 0 1 1 1 2 2 3 7 13 18 54 23 8 6 3 3 2 2 2
3 6 24 15 14 18 28 25 20 24 17 36 25 24 23 38 27 12 40 27 10 12 9 8 3 16 5 1 10 8 3 8 4 8 26 38 24 21 12 27 35 20 18 15 43 78 54 37 33 34 29 30 31 43 51 47 24 16 4 3 1 1 2 5 4 2 1 1 1 0 0 0 0 0 0 0 1 1 1 1 3 3 7 5 18 28 32 32 13 7 9 13 5 3 1 1
13 11 14 16 25 24 40 17 26 22 12 25 15 39 20 30 25 16 18 44 3 5 4 3 7 2 4 4 3 6 2 5 3 6 6 20 19 46 18 8 30 44 43 38 53 24 36 26 20 25 20 20 32 34 30 29 32 18 15 5 6 4 2 2 3 1 0 1 0 0 0 0 0 0 0 0 1 1 1 2 7 4 12 9 11 42 65 31 17 22 26 13 4 2 1 0
4 13 20 24 13 13 16 40 11 18 13 9 17 17 11 24 21 12 7 11 5 3 3 6 4 2 3 2 2 3 2 4 19 11 7 5 31 17 25 20 8 19 65 71 79 49 22 15 30 35 34 16 23 31 26 25 18 6 8 12 6 3 2 2 1 2 1 0 0 0 0 0 0 0 0 1 1 3 5 9 15 14 17 9 7 21 53 22 15 37 24 8 4 3 2 1
2 4 11 21 16 15 10 27 11 11 11 9 7 12 8 11 34 6 4 6 2 2 0 3 2 2 1 1 2 2 3 4 7 23 12 16 9 15 26 8 17 17 16 33 34 26 28 17 31 23 36 22 19 20 17 28 13 8 3 2 3 2 0 1 0 1 1 0 0 0 0 0 0 0 1 1 2 6 10 21 30 42 23 14 10 14 29 29 34 25 9 4 2 1 2 2
1 1 9 6 8 20 12 8 16 9 17 10 8 12 9 5 7 2 3 2 2 1 1 0 1 1 0 1 2 2 1 3 2 3 4 10 6 8 11 6 15 27 55 30 32 17 20 8 12 14 22 16 18 21 24 12 9 3 1 0 2 4 1 2 2 1 1 1 1 0 0 0 0 1 1 1 3 12 15 34 55 49 34 37 16 21 57 57 39 18 11 6 4 4 3 1
2 1 1 4 4 9 24 26 37 6 7 12 2 9 2 4 11 1 2 2 2 3 0 1 1 1 0 3 5 11 10 1 5 4 12 15 18 24 18 23 36 42 47 55 55 56 58 30 29 44 31 18 16 12 10 9 4 2 1 3 2 6 6 3 1 1 0 0 0 0 0 1 1 1 2 2 5 14 23 39 40 61 48 53 37 67 44 47 25 29 20 17 11 6 3 2
0 0 2 4 5 6 5 11 7 9 9 4 1 1 1 1 5 1 0 1 0 1 1 1 0 0 0 1 4 3 24 37 25 27 42 25 29 19 21 32 46 45 44 67 41 28 29 8 17 34 45 32 16 10 9 8 8 6 14 7 4 4 2 2 1 0 0 0 0 0 1 2 4 3 5 3 4 9 25 43 67 55 59 53 69 50 50 46 19 22 41 30 19 7 4 5
0 1 0 0 1 3 4 6 5 3 2 5 1 2 0 2 1 0 0 0 0 0 0 0 1 1 5 3 5 3 5 22 63 36 57 81 80 57 56 58 19 64 69 60 75 61 63 37 32 38 34 26 30 11 11 24 17 12 7 3 3 5 4 1 0 0 0 0 0 0 0 1 6 9 7 5 7 6 15 19 64 75 72 38 33 78 44 49 44 46 26 26 18 13 8 6
0 0 0 0 1 2 1 4 10 4 1 0 1 0 0 1 1 8 0 2 8 4 1 0 0 0 0 1 2 3 5 6 10 55 46 78 83 79 73 60 58 28 74 75 77 57 70 45 34 34 20 17 8 10 4 4 6 6 6 3 2 1 0 0 0 0 0 0 0 0 1 2 5 10 12 7 9 14 17 18 52 72 62 27 64 62 50 68 67 44 40 31 27 15 22 14
0 0 0 2 2 0 1 4 4 2 1 0 0 0 0 0 0 0 2 2 2 11 5 1 1 0 1 1 2 4 4 8 14 13 10 53 83 49 80 46 54 56 49 71 65 60 42 23 52 45 31 27 28 22 14 7 5 4 3 2 1 0 0 0 0 0 0 0 0 0 1 3 6 16 35 17 12 19 32 41 60 73 45 42 61 26 14 27 38 18 16 28 19 18 10 5
0 0 0 0 0 0 1 1 1 1 1 0 0 0 0 0 0 0 0 1 1 0 15 4 1 0 1 3 3 5 6 5 14 19 13 17 48 69 61 61 61 52 58 54 56 68 61 36 17 38 35 31 27 27 20 8 5 2 2 1 1 1 0 1 0 0 0 0 0 1 2 2 8 12 27 37 18 18 22 60 63 82 37 42 70 30 31 27 18 13 10 19 16 10 2 1
0 0 0 0 0 0 0 0 1 1 1 0 0 0 0 0 0 0 1 2 1 0 1 5 4 1 2 10 7 7 14 11 19 31 27 21 26 57 46 56 25 33 24 36 38 39 12 42 28 23 30 19 16 20 17 15 10 6 4 5 2 1 1 0 0 0 0 0 1 2 4 7 8 12 15 42 55 32 52 46 75 69 59 77 32 37 41 35 41 41 21 21 15 7 3 1
0 0 0 0 0 0 0 0 0 0 0 0 0 0 0 0 0 1 1 1 0 0 1 12 3 2 2 2 1 4 7 9 20 26 29 36 20 18 24 17 32 20 10 12 20 31 27 35 18 15 23 17 14 11 9 8 7 4 3 2 1 1 0 0 0 0 0 1 3 3 4 9 15 13 20 21 73 28 34 65 74 53 61 69 62 54 40 66 62 20 18 13 7 3 1 1
0 0 0 0 0 0 0 0 0 0 0 0 0 0 0 0 0 1 1 1 1 1 1 1 2 1 2 6 1 10 17 13 13 24 24 37 38 23 16 10 10 16 22 22 33 32 23 13 15 22 16 14 10 11 9 7 6 2 1 1 1 0 0 0 0 0 1 3 3 5 11 5 3 17 52 43 70 46 49 64 72 67 52 60 46 30 32 56 43 34 13 9 5 2 2 0
0 0 0 0 0 0 0 0 0 0 0 0 1 2 4 1 1 0 0 1 1 2 1 5 11 5 4 6 4 6 14 19 24 30 27 41 40 60 43 18 20 13 14 14 17 14 18 10 7 13 10 13 13 10 5 4 2 1 1 1 1 0 0 0 0 1 4 3 5 8 11 12 7 20 45 32 60 74 51 62 66 69 68 66 47 58 40 44 41 31 17 12 5 3 1 1
0 0 0 0 0 0 0 0 0 0 0 0 0 0 0 8 1 0 0 0 1 1 2 3 1 5 9 26 32 21 14 24 30 40 41 37 42 52 63 58 30 21 22 28 29 17 10 13 18 13 19 18 7 5 7 4 5 3 1 1 0 0 0 0 0 2 4 9 14 18 15 18 11 23 63 36 18 61 85 61 69 70 65 57 45 34 12 30 40 25 13 5 5 4 5 3
0 0 0 0 0 0 0 0 0 0 1 0 0 0 0 0 0 0 0 1 1 3 2 2 5 6 2 5 11 37 40 38 44 58 49 35 51 65 71 60 36 32 30 38 39 40 22 36 20 10 5 4 7 7 2 2 2 2 1 1 1 0 0 1 2 3 6 14 24 28 26 31 23 32 58 65 24 50 67 60 58 39 31 19 27 40 20 23 24 15 11 8 7 6 5 4
0 0 0 0 0 0 0 0 0 0 0 0 0 1 0 0 0 1 0 1 2 1 1 3 2 8 5 1 2 36 25 57 75 52 54 55 40 52 65 66 62 63 49 32 45 55 29 31 22 12 11 10 5 7 3 2 2 3 2 1 1 0 1 2 3 4 7 20 22 42 33 47 26 26 51 68 55 34 67 41 31 19 33 26 24 11 11 17 29 25 12 9 11 8 5 2
0 0 0 0 0 0 0 0 0 0 0 0 0 0 0 0 0 2 0 1 1 1 2 2 2 6 7 4 4 3 6 6 45 44 47 43 31 52 47 36 32 24 21 21 30 48 27 24 19 16 11 7 3 2 2 3 4 3 1 1 0 0 1 1 2 8 14 20 20 34 64 45 51 25 29 62 51 74 45 30 36 26 24 26 35 16 23 25 21 10 11 18 20 9 6 2
0 0 0 0 0 0 0 0 0 0 0 1 0 0 0 0 0 1 1 0 0 1 1 1 3 2 6 5 13 17 9 20 23 16 8 19 28 36 25 32 17 19 11 17 19 21 19 27 12 10 9 7 7 5 2 3 3 4 3 1 0 0 0 2 2 6 6 7 10 14 32 64 73 29 18 46 31 67 29 41 25 25 17 29 32 30 24 12 21 17 20 24 12 6 3 1
0 0 0 0 0 0 0 0 0 0 0 1 0 0 0 0 2 1 1 0 0 1 1 2 3 5 12 14 9 7 6 9 23 27 21 17 37 42 40 36 39 31 49 40 23 24 24 25 20 13 5 7 5 3 5 4 4 2 1 0 0 0 0 1 3 7 10 25 18 11 22 32 53 60 36 32 63 50 39 35 17 33 35 23 15 29 35 28 34 39 19 17 8 4 2 3
0 0 0 0 0 0 0 0 0 0 0 0 0 0 0 1 2 0 2 1 1 1 1 2 19 37 24 7 19 30 32 16 33 31 29 27 39 55 45 42 53 42 32 32 29 28 41 42 24 16 18 12 15 14 8 3 2 2 1 0 0 1 1 2 5 9 20 34 35 20 13 18 38 58 63 36 71 48 46 50 47 28 38 47 41 38 49 40 31 38 35 14 12 7 3 3
0 0 0 0 0 0 0 0 0 0 0 0 0 0 1 1 4 1 0 1 1 4 3 6 17 47 39 15 8 15 21 20 14 18 27 21 25 34 32 58 68 41 47 46 56 52 42 46 30 21 25 27 15 9 7 5 4 2 1 0 0 1 1 4 8 16 39 36 22 24 23 31 37 29 20 71 71 48 39 39 30 36 56 50 53 61 56 61 46 37 17 11 8 7 4 3
0 0 0 0 0 0 0 0 0 1 2 0 0 0 1 0 1 0 0 1 2 2 4 29 15 8 24 21 15 29 41 32 17 10 16 15 29 37 48 48 40 40 71 64 70 61 42 27 19 15 7 13 14 6 5 4 2 1 1 0 0 1 1 5 12 23 35 36 36 46 40 35 62 61 49 50 65 59 30 38 43 54 54 36 49 52 50 36 47 20 11 9 14 7 4 3
0 0 0 0 0 0 0 1 3 2 5 3 1 1 3 2 1 0 0 0 1 1 2 14 3 6 18 38 44 63 80 28 47 28 16 10 21 66 49 53 67 18 25 12 17 36 22 32 16 17 14 14 14 10 4 2 2 2 1 0 0 1 2 6 18 41 37 35 27 63 77 34 64 76 75 61 43 46 40 27 38 36 44 61 52 48 34 29 32 25 23 24 17 13 5 2
0 0 0 0 0 0 0 0 0 0 0 0 1 1 1 1 1 0 1 1 1 1 4 9 2 1 2 19 29 19 45 76 39 52 51 46 46 47 38 43 55 56 44 52 50 33 35 44 30 27 23 10 7 7 5 3 3 3 2 1 1 3 10 15 23 34 38 38 31 28 58 76 43 64 73 71 56 35 54 43 57 60 44 36 50 48 35 25 29 45 37 28 12 6 6 2
0 0 0 0 0 0 0 0 0 0 0 1 1 1 1 1 2 1 0 1 2 2 4 16 4 1 5 3 9 21 6 23 48 38 64 59 37 13 15 14 32 40 36 45 57 62 44 24 38 30 17 23 18 8 5 8 3 3 2 1 2 5 16 27 45 52 38 32 60 52 36 31 67 72 59 69 50 48 70 69 29 27 32 41 41 32 45 34 38 21 17 9 5 5 2 2
0 0 0 0 0 0 0 0 0 0 0 0 0 1 0 0 1 0 0 1 1 5 5 17 9 3 5 7 13 12 12 5 4 12 14 14 14 15 15 11 9 17 16 23 47 47 32 48 44 37 30 22 17 13 12 10 7 3 2 1 4 8 15 36 52 52 39 50 52 73 52 50 29 29 47 48 68 61 40 48 41 56 52 60 52 43 55 47 24 13 11 10 5 2 2 3
0 0 0 0 0 0 0 0 0 0 0 0 0 1 0 1 1 0 0 0 1 5 10 13 5 1 5 13 10 21 24 8 27 36 42 34 34 31 32 17 15 16 48 57 59 39 45 42 44 42 37 26 21 17 13 10 8 3 2 0 1 7 29 47 44 62 44 54 55 46 82 59 45 31 19 65 42 63 53 53 57 72 72 64 53 64 50 38 20 14 12 9 4 3 4 6
0 0 0 0 0 0 0 0 0 0 0 0 3 5 3 10 2 1 0 0 2 5 11 10 4 11 2 12 14 26 13 36 31 22 28 32 26 28 14 25 51 62 38 40 32 44 39 37 46 37 41 35 25 18 15 12 5 4 2 1 1 4 16 44 73 64 45 59 52 45 38 54 61 18 13 31 62 76 72 63 62 63 66 71 65 45 49 33 43 21 10 7 3 6 3 16
0 0 0 0 0 0 0 0 0 0 1 0 3 4 7 1 0 0 0 1 2 3 8 13 17 6 9 10 9 10 15 55 21 23 28 34 34 22 35 37 64 56 55 52 56 55 54 46 58 49 46 32 29 21 16 8 5 4 4 2 2 4 15 37 65 54 66 72 58 73 65 64 59 26 27 46 59 59 64 56 55 56 54 60 50 45 44 48 49 35 14 10 7 9 8 23
0 0 0 0 0 0 0 0 0 1 0 1 1 16 1 1 1 1 0 1 2 3 6 3 3 3 20 4 12 10 29 18 29 40 31 34 34 38 49 45 39 53 59 65 63 66 57 65 59 36 29 26 21 25 21 10 8 5 3 1 3 6 16 34 52 49 44 62 76 62 75 61 65 29 48 59 59 65 45 45 51 53 43 37 38 39 39 37 30 30 25 19 8 17 24 23
0 0 0 0 0 0 0 0 0 0 0 1 0 2 0 0 1 1 2 1 2 6 7 3 2 8 5 7 14 33 39 37 33 36 28 31 46 47 53 49 56 67 70 55 51 66 67 64 47 42 34 30 25 19 15 17 12 6 3 2 3 9 21 34 42 50 42 46 69 81 72 63 54 78 68 39 31 36 49 50 46 51 53 48 36 47 29 44 30 22 25 19 10 20 23 20
0 0 0 0 0 0 0 0 0 0 0 0 0 0 0 0 1 1 0 1 2 2 2 7 8 3 4 15 39 9 10 11 29 27 34 44 46 47 47 47 52 65 53 58 71 65 68 68 46 46 38 32 24 14 13 17 8 7 6 2 2 6 28 42 54 49 45 41 41 41 51 53 53 65 13 34 38 38 34 37 41 39 37 57 48 49 42 40 28 27 26 12 13 25 23 32
0 0 0 0 0 0 0 0 0 0 0 0 0 1 0 0 0 0 0 2 3 2 14 15 3 4 8 14 8 11 13 17 26 20 32 40 45 46 39 70 52 45 49 64 34 55 70 70 65 58 26 24 22 27 23 14 10 11 6 2 1 5 13 36 47 50 78 56 56 53 44 26 43 59 36 47 50 38 37 38 47 43 50 51 49 23 25 20 25 38 25 8 20 40 40 41
0 0 0 0 0 0 0 0 0 1 1 0 0 0 0 0 0 0 0 2 1 10 6 3 3 12 6 7 8 12 15 17 13 22 26 46 30 30 56 47 41 62 71 40 61 61 61 67 54 36 30 36 36 32 26 25 20 15 8 3 2 5 18 29 41 63 75 84 52 60 46 26 29 67 70 32 44 51 56 36 38 42 54 49 34 15 37 32 26 19 11 5 24 41 42 42
0 0 0 0 0 0 0 0 0 1 0 0 0 0 0 0 0 0 1 2 1 2 1 2 10 2 2 5 7 11 25 18 13 29 32 35 35 50 57 61 39 36 46 56 54 60 47 52 49 45 43 50 48 24 25 24 22 11 10 5 3 9 15 31 49 56 70 75 67 65 47 49 52 67 41 34 33 37 44 50 37 70 57 34 41 48 39 29 15 8 5 15 33 43 42 45
0 0 0 0 0 0 0 0 1 0 0 0 0 0 0 0 1 1 2 1 1 1 0 3 2 3 4 11 14 14 13 10 13 17 34 23 60 55 59 34 23 25 37 54 63 59 57 59 60 58 53 50 35 25 18 16 14 13 12 10 6 13 23 41 60 60 52 47 66 76 65 26 40 62 31 38 62 61 58 65 60 46 46 46 49 51 25 25 14 11 11 29 36 39 31 45
0 0 0 0 0 0 0 0 0 0 0 0 0 0 0 1 0 1 1 3 2 2 0 2 3 7 8 19 8 5 10 12 25 21 48 21 11 9 10 24 30 48 62 67 69 64 58 60 46 61 45 40 44 25 28 17 14 14 14 12 8 21 38 42 61 58 50 28 47 65 63 39 52 56 34 21 39 68 66 65 66 38 47 50 46 47 24 20 29 15 30 34 20 47 45 45
0 0 0 0 0 0 0 0 0 0 0 0 0 0 0 0 0 2 1 1 1 2 2 1 6 4 5 8 5 7 24 16 12 51 11 7 27 32 37 35 55 63 57 65 69 73 68 63 51 51 49 47 44 39 34 30 24 17 15 8 19 29 52 73 65 59 45 48 54 53 64 35 41 49 61 41 44 48 63 68 56 60 45 50 49 40 28 10 14 28 28 18 29 36 61 46
0 0 0 0 0 0 0 0 0 0 0 0 0 0 0 0 0 0 1 2 1 2 1 1 4 5 4 6 8 9 9 11 18 13 3 14 18 27 39 78 55 51 63 67 69 71 59 55 49 41 47 46 46 30 36 24 29 29 17 19 24 48 42 61 60 54 47 56 55 46 68 58 38 51 59 41 49 53 51 51 59 50 40 40 44 30 16 6 12 37 21 31 41 40 61 42
0 0 0 0 0 0 0 0 0 0 0 0 0 0 0 0 1 0 0 2 5 2 1 1 7 4 7 6 6 5 17 44 22 2 7 23 16 43 55 53 52 65 65 51 57 58 60 60 46 51 49 47 47 45 43 39 36 32 22 23 26 31 39 43 60 72 56 73 70 55 42 41 50 44 60 62 45 45 37 41 48 43 39 45 41 27 12 8 29 32 35 55 57 43 52 39
0 0 0 0 0 0 0 0 0 0 0 0 0 0 0 2 0 1 1 2 2 1 2 3 0 4 4 3 16 7 25 17 3 5 24 8 24 20 34 63 67 52 40 76 69 49 57 61 58 55 52 50 47 46 44 42 38 25 25 29 32 51 33 36 33 54 74 74 67 64 68 64 39 50 39 40 26 33 48 54 42 47 38 48 44 12 9 28 25 36 51 56 49 31 46 44
0 0 0 0 0 0 0 0 0 0 0 0 0 0 0 1 0 0 0 0 0 1 3 1 0 2 1 2 15 14 16 2 4 9 15 47 19 25 48 53 57 48 61 33 46 42 58 70 57 55 55 54 51 48 46 45 28 20 34 47 38 53 45 46 43 51 56 82 54 45 29 50 34 21 24 39 50 41 36 40 40 32 50 42 19 12 21 31 37 33 38 47 58 46 47 44
0 0 0 0 0 0 0 0 0 0 0 0 0 0 0 1 0 0 0 0 2 0 1 0 1 3 2 8 16 6 3 3 4 5 25 32 34 25 32 38 43 55 42 32 40 73 61 57 56 69 58 54 53 51 49 44 30 21 43 48 65 67 51 49 38 53 62 61 73 42 30 23 32 41 36 56 42 44 39 45 34 41 29 20 14 23 36 44 35 52 48 36 37 42 36 30
0 0 0 0 0 0 0 0 0 0 0 0 0 0 1 0 0 0 1 1 1 1 0 1 5 1 2 10 5 4 4 4 10 12 32 19 26 28 27 18 22 44 60 50 59 52 58 60 70 57 59 68 36 50 47 33 19 43 53 53 76 67 50 59 45 36 45 67 62 19 47 27 26 38 44 46 43 48 48 40 34 42 21 26 20 36 43 44 37 39 47 33 33 42 47 35
0 0 0 0 0 0 0 0 0 0 0 0 0 0 0 0 0 0 1 1 0 0 1 1 2 1 2 5 2 1 4 3 12 18 26 30 13 20 19 25 35 43 49 67 49 51 52 73 57 56 72 58 57 53 37 35 21 40 64 63 63 70 52 59 60 48 45 41 63 15 24 45 49 36 38 42 55 46 56 55 40 37 16 14 22 39 48 50 56 49 45 44 33 36 54 43
0 0 0 0 0 0 0 0 0 0 0 0 0 0 0 0 0 0 0 1 0 1 1 1 1 2 3 0 1 2 8 7 15 26 4 3 18 15 21 21 25 39 49 60 61 48 71 49 70 73 54 55 58 55 41 36 23 41 64 65 58 64 42 45 60 33 53 31 40 17 15 46 22 42 43 46 46 54 72 50 48 18 14 21 36 41 45 50 36 26 34 53 25 27 43 63
0 0 0 0 0 0 0 0 0 0 0 0 0 0 0 0 0 0 0 0 0 0 1 1 1 2 1 0 1 1 6 1 8 6 3 8 7 8 12 30 38 43 51 56 51 39 58 66 64 59 64 55 55 56 54 35 36 41 65 76 68 62 50 39 60 53 23 22 48 13 30 28 29 39 40 43 55 30 34 42 19 13 19 37 37 46 54 49 28 32 42 23 15 18 29 57
0 0 0 0 0 0 0 0 0 0 0 0 0 0 0 0 0 0 0 0 0 1 0 0 0 1 1 5 4 3 9 7 19 7 3 3 8 9 12 12 17 40 29 38 55 29 25 25 44 49 61 57 54 56 40 25 42 54 64 63 80 66 40 39 42 47 31 8 30 3 6 14 26 40 47 55 56 56 48 48 24 14 23 36 37 60 62 52 39 31 37 37 30 16 26 41
0 0 0 0 0 0 0 0 0 0 0 0 1 0 0 0 1 0 0 0 1 1 0 1 1 1 1 0 0 1 6 1 3 1 3 8 4 7 7 8 29 29 22 45 22 29 33 46 49 63 54 60 58 41 36 25 40 54 67 62 66 43 41 51 44 23 24 15 21 7 10 12 14 13 37 51 49 49 33 32 13 22 35 36 40 62 54 23 33 45 27 45 19 22 27 47
0 0 0 0 0 0 0 0 0 0 0 0 0 0 0 0 1 0 0 1 1 0 0 1 1 1 0 0 0 2 2 1 1 4 5 5 8 8 10 21 16 26 40 21 28 30 48 46 58 48 49 54 57 40 19 36 44 73 63 60 56 54 34 58 42 20 16 25 11 7 21 31 36 48 53 50 43 22 21 11 17 34 34 38 39 64 61 18 19 41 26 46 23 23 28 62
0 0 0 0 0 0 0 0 0 0 0 0 0 0 0 0 0 0 0 1 1 0 1 0 1 2 0 0 1 3 1 1 1 4 11 5 6 10 18 6 29 24 17 30 27 43 48 61 62 52 64 50 39 41 27 45 44 66 71 47 53 51 30 19 29 26 15 14 12 25 32 22 28 34 30 44 34 25 10 30 23 36 42 52 44 59 63 28 26 29 14 48 23 25 27 42
0 0 0 2 1 0 0 0 0 0 0 0 0 0 0 0 0 0 0 1 0 0 1 0 0 0 0 0 1 2 1 2 12 5 3 3 5 7 8 26 38 29 40 20 32 53 59 46 45 66 57 42 38 40 27 53 64 52 57 57 37 42 41 14 36 31 12 8 16 24 16 22 41 35 43 25 34 31 19 37 37 33 38 50 35 39 45 40 43 26 25 53 21 23 20 35
0 1 1 0 1 4 0 0 0 0 0 0 0 0 0 0 0 1 1 0 0 1 0 0 1 1 0 0 0 1 2 13 2 1 3 5 2 2 10 18 19 13 48 33 38 57 28 41 59 52 42 40 36 34 38 49 57 62 48 51 30 28 28 23 17 21 9 3 8 30 21 34 37 47 39 38 42 40 30 34 36 44 42 45 35 25 38 35 34 31 29 47 24 17 27 31
0 0 0 0 0 0 0 0 0 0 0 0 0 0 0 0 0 0 0 0 0 0 1 0 1 1 0 0 1 4 6 17 2 3 5 1 1 2 4 12 11 19 39 41 36 43 43 42 46 46 39 38 33 34 44 38 54 62 52 28 41 14 21 18 10 5 2 2 2 9 22 47 48 36 34 33 30 11 22 29 31 46 39 42 26 42 54 55 37 30 24 31 38 9 26 34
0 0 0 0 0 0 0 0 0 0 0 0 0 0 0 0 0 0 0 0 0 0 0 0 1 0 0 0 0 1 1 1 3 3 2 4 2 1 14 5 9 9 30 19 41 29 34 25 45 49 31 33 27 27 38 50 53 59 47 35 21 28 13 11 2 2 5 11 9 14 20 36 35 26 25 24 10 19 32 29 32 45 46 29 34 34 44 48 35 30 22 31 35 11 15 39
0 0 0 0 0 0 0 0 0 0 0 0 0 0 0 0 0 0 0 0 0 1 1 1 1 0 0 0 0 0 0 3 3 2 4 3 5 1 9 7 1 9 29 27 33 31 32 44 40 38 36 27 28 50 49 36 55 35 33 11 22 13 5 5 3 3 6 14 11 9 30 41 51 49 44 15 16 20 29 39 48 31 39 28 37 48 45 41 29 29 23 19 34 27 10 21
0 0 0 0 0 0 0 0 0 0 0 0 0 0 0 0 0 1 0 0 1 0 1 1 2 1 0 0 0 1 2 1 2 6 2 4 4 2 26 9 2 18 6 27 23 21 37 19 34 31 28 29 22 50 52 35 38 25 27 23 8 7 7 4 4 2 3 5 8 8 25 37 49 64 33 14 18 27 24 48 47 35 33 38 22 41 48 42 33 35 11 23 25 20 14 10
0 0 0 0 0 0 0 0 0 0 0 0 0 0 0 0 0 0 0 0 0 2 0 1 1 0 0 0 0 1 2 1 1 2 4 8 3 4 19 12 6 22 5 26 16 14 20 16 26 27 34 21 20 37 39 67 15 14 13 7 8 3 3 3 1 2 5 5 9 11 29 37 26 50 23 14 31 34 26 30 44 33 31 27 32 39 38 51 37 21 13 22 26 11 13 8
0 0 0 0 0 0 0 0 0 0 0 0 0 0 0 0 0 0 0 0 0 0 0 0 0 0 0 0 0 0 1 2 3 2 3 4 2 2 4 17 7 11 9 16 4 18 12 22 28 16 27 20 25 20 34 37 24 14 6 2 4 2 1 4 2 2 5 5 14 14 21 34 32 23 17 28 29 26 27 20 26 36 40 34 24 35 42 34 42 15 9 36 16 21 12 5
0 0 0 0 0 0 0 0 0 0 0 0 0 0 0 0 0 0 0 0 0 0 0 0 0 1 0 0 0 0 0 1 2 2 3 2 2 2 1 9 19 16 9 5 5 8 8 17 15 6 19 15 16 15 20 34 23 11 4 1 2 0 0 1 1 1 3 10 16 26 41 28 23 11 32 25 29 41 36 26 18 27 27 30 30 50 17 42 20 11 9 32 14 25 7 6
0 0 0 0 0 0 0 0 0 0 0 0 0 0 0 0 0 0 0 0 0 0 0 1 1 0 0 0 0 0 0 0 0 2 1 1 2 2 1 5 21 17 5 3 4 6 19 6 13 5 9 15 12 23 16 12 13 6 6 1 2 1 1 0 1 4 5 8 17 16 27 34 6 13 20 21 33 27 22 13 19 8 25 29 27 16 33 21 22 14 8 17 11 18 14 4
0 0 0 0 0 0 0 0 0 0 0 0 0 0 0 0 0 0 0 0 0 0 0 0 0 0 1 0 0 0 0 1 0 1 1 1 3 0 0 5 5 12 5 4 3 28 9 5 5 9 16 14 8 15 22 7 21 3 3 3 1 1 1 1 2 2 3 6 20 34 21 10 12 20 17 21 15 17 14 4 11 12 19 18 18 22 21 16 4 11 3 11 24 7 3 5
0 0 0 0 0 0 0 0 0 0 0 0 0 0 0 0 0 0 0 0 0 0 0 0 0 2 0 0 0 0 1 1 1 1 1 1 1 0 1 2 7 4 8 5 4 34 8 9 6 7 11 8 11 20 29 6 12 3 1 2 1 0 0 2 2 3 6 9 34 14 8 10 19 16 14 18 21 23 15 10 13 16 24 23 20 13 12 23 2 7 4 5 19 3 2 4
0 0 0 0 0 0 0 0 0 0 0 0 0 0 0 0 0 0 0 0 0 0 0 0 1 0 0 0 0 0 0 1 1 2 1 2 2 1 1 2 6 7 7 5 6 6 7 12 7 3 4 10 16 13 13 7 4 2 1 1 1 0 1 1 2 5 9 15 11 15 16 15 12 16 24 8 10 21 14 9 14 11 10 25 11 8 3 7 6 5 12 3 9 3 3 3
0 0 0 0 0 0 0 0 0 0 0 0 0 0 0 0 0 0 0 0 0 0 1 0 0 0 1 2 1 1 0 1 1 3 1 3 1 2 2 1 4 1 4 7 1 5 6 11 7 6 8 12 10 7 5 2 3 2 1 1 0 0 1 1 1 3 4 13 25 13 14 11 10 22 14 5 7 20 17 10 8 10 8 6 10 8 1 3 4 11 4 4 2 2 4 5
