sesion_6_simulaciones/modelos_agentes/ejemplos_netlogo/scenarios/cgcm2_b2/rob_2032.asc
NCOLS 322 
NROWS 307 
XLLCORNER 451900 
YLLCORNER 4086900 
CELLSIZE 100 
NODATA_value -9999 
[rows 219 to 291 of 307, columns 192 to 287 of 322]
8 7 2 2 1 1 1 1 0 0 0 0 0 0 0 0 0 0 0 0 0 0 0 0 0 0 0 0 0 1 1 1 5 14 43 47 34 51 45 37 51 56 57 58 48 42 32 67 55 37 39 35 34 42 10 61 51 26 28 47 60 62 48 82 79 83 81 49 30 23 52 55 72 26 3 1 1 0 0 0 0 0 0 0 0 0 0 0 0 1 1 2 1 2 4 3
12 4 4 7 5 2 1 1 1 0 0 0 0 0 0 0 0 0 0 0 1 0 0 0 1 0 0 1 1 1 1 1 5 12 30 25 46 37 40 38 51 47 43 62 46 31 35 30 40 24 50 35 22 28 41 19 14 34 21 56 70 61 55 81 89 80 79 90 75 46 30 31 42 19 13 3 1 0 0 0 0 0 0 0 0 0 0 0 1 1 1 1 2 2 3 7
3 1 1 4 2 1 1 0 0 0 0 0 0 0 0 0 0 0 0 0 1 2 1 1 1 1 1 1 1 1 2 2 3 11 17 18 17 30 40 37 60 54 56 68 51 47 48 41 49 25 62 32 17 13 40 51 9 18 49 42 50 34 22 57 82 66 69 81 92 72 18 6 3 5 6 0 0 0 0 0 0 0 0 0 0 0 0 0 0 1 1 1 1 1 4 5
2 1 1 0 2 1 1 0 0 0 0 0 0 0 0 0 0 0 0 0 0 1 4 3 2 2 2 2 4 5 2 3 12 12 13 11 18 36 36 40 45 38 42 61 41 51 53 35 44 55 50 45 18 17 23 23 21 47 64 63 45 37 46 29 59 78 68 60 74 78 37 19 5 1 1 0 0 0 0 0 0 0 0 0 0 0 0 0 0 0 1 1 2 2 3 2
8 7 4 3 1 1 1 0 0 0 0 0 0 0 0 0 0 0 0 0 1 2 5 8 4 5 5 4 7 8 5 7 14 16 17 12 21 17 28 32 38 34 42 61 48 35 50 36 46 40 36 24 27 20 13 15 20 35 33 33 26 39 46 29 34 61 50 43 61 70 37 13 5 1 0 0 0 0 0 0 0 0 0 0 0 0 0 0 0 1 1 1 2 3 3 4
9 6 5 3 2 1 1 0 0 0 0 0 0 0 0 0 0 0 0 0 1 3 6 15 11 8 7 12 11 21 22 13 16 18 20 14 23 12 26 28 23 32 39 59 66 33 47 45 25 21 28 27 36 13 6 21 23 42 22 42 40 43 46 41 15 19 5 3 8 44 48 13 3 0 0 0 0 0 0 0 0 0 0 0 0 0 0 0 1 1 1 2 2 2 4 9
4 3 2 1 1 0 0 0 0 0 0 0 0 0 0 0 1 1 1 1 1 2 4 10 17 18 13 16 15 26 57 38 22 22 13 16 20 18 37 24 20 22 35 41 57 52 23 33 12 13 13 9 21 19 4 16 19 19 30 50 55 48 56 45 17 22 13 15 4 5 22 7 2 1 1 1 1 0 0 0 0 0 0 0 0 0 0 0 1 1 1 2 3 3 4 6
5 3 2 1 0 0 0 0 0 0 0 0 0 0 0 0 0 1 1 2 1 2 6 9 19 43 25 24 25 18 36 52 24 34 26 31 36 36 24 25 16 22 22 24 28 36 27 47 36 12 38 31 17 11 6 13 47 43 45 51 64 51 48 30 22 21 26 32 12 6 5 1 2 1 1 1 1 0 0 0 0 0 0 0 0 0 0 0 0 1 1 1 2 4 3 6
3 4 2 2 1 1 0 0 0 0 0 0 0 0 0 0 1 1 2 4 4 6 8 10 20 46 59 34 50 28 38 53 37 25 44 47 39 33 34 30 9 15 14 24 33 38 48 58 68 29 27 27 21 8 13 16 32 29 45 55 54 38 35 26 49 37 42 30 13 9 2 2 2 3 3 2 1 1 0 0 0 0 0 0 0 0 0 0 0 0 1 1 1 2 5 7
4 2 1 1 1 0 0 0 0 0 0 0 0 0 0 0 0 1 3 5 10 18 32 22 28 41 71 33 55 32 38 53 21 23 44 46 50 47 36 34 22 22 19 16 35 40 39 56 51 51 40 28 22 13 36 49 44 47 58 70 50 30 33 47 74 62 35 20 14 6 5 4 5 4 6 3 2 1 0 0 0 1 1 0 1 0 0 1 0 1 1 1 2 2 3 7
5 2 1 1 0 0 0 0 0 0 0 0 0 0 0 0 0 1 1 3 5 13 33 52 47 44 63 62 70 40 61 33 21 20 32 52 53 53 30 33 33 36 23 21 26 42 43 42 37 35 49 45 23 26 31 31 49 33 43 18 31 56 57 78 70 48 32 18 20 18 15 11 8 9 4 2 2 1 0 0 0 1 2 1 1 1 1 1 0 0 1 1 3 4 5 8
1 1 1 0 0 0 0 0 0 0 0 0 0 0 0 0 1 1 1 2 8 13 30 34 56 58 70 74 67 40 54 26 22 48 35 48 54 40 37 45 42 46 22 24 44 44 54 45 54 29 30 26 21 7 16 11 73 45 24 38 50 50 55 46 28 24 25 23 15 18 25 22 13 4 1 1 1 0 0 0 0 0 1 1 1 1 2 4 1 1 1 2 2 2 5 7
0 0 1 0 0 0 0 0 0 0 0 0 0 0 1 2 1 1 2 6 7 15 31 45 47 54 64 62 64 62 70 38 29 41 51 41 51 45 40 39 43 30 36 23 24 29 46 53 48 37 20 21 15 17 30 28 9 75 79 53 34 18 36 31 38 32 20 13 8 23 51 27 9 3 1 0 0 0 0 0 0 0 1 1 1 1 1 2 3 1 1 2 2 4 3 7
0 0 0 0 0 0 0 0 0 0 0 0 0 0 1 1 1 2 4 5 7 23 42 55 44 51 63 58 77 82 55 46 45 58 39 55 53 50 47 45 43 39 53 19 37 33 43 41 29 14 33 20 26 26 35 54 39 31 40 46 26 45 28 29 25 27 25 8 14 27 27 11 6 5 1 0 0 0 0 0 0 0 0 2 2 0 0 1 6 1 1 2 3 3 3 4
0 0 0 0 0 0 0 0 0 0 0 0 0 0 1 1 2 4 6 15 10 13 52 46 65 54 61 68 27 80 58 54 46 62 49 41 47 57 49 47 46 39 64 22 22 61 42 39 35 26 42 22 23 41 53 22 48 48 29 14 26 15 24 27 26 24 14 42 31 10 16 7 4 3 1 0 0 0 0 0 0 1 0 1 1 1 1 2 3 3 3 1 2 8 4 5
1 1 1 0 0 0 0 0 0 0 0 0 0 0 0 0 1 2 6 15 29 39 66 52 68 68 73 66 72 65 83 50 44 54 46 23 32 53 56 62 47 23 44 50 13 30 35 58 34 35 45 30 22 34 27 27 14 17 22 38 32 34 30 43 18 19 28 14 8 13 9 6 3 1 0 0 0 0 1 0 0 1 1 1 2 4 1 1 3 4 13 4 2 3 10 8
0 0 0 0 0 0 0 0 0 0 0 0 0 0 0 0 1 2 7 13 29 25 45 14 35 57 54 27 27 51 76 42 51 80 45 46 52 59 37 15 28 14 43 50 15 39 55 35 14 29 43 38 24 33 23 13 40 44 49 35 19 27 54 62 41 32 47 41 31 17 9 4 1 1 0 0 1 0 1 0 1 1 1 1 3 3 6 2 4 2 1 7 3 3 4 7
0 0 0 0 0 0 0 0 0 0 0 0 0 0 0 0 1 1 4 10 17 12 14 39 36 40 29 36 45 51 66 65 69 70 62 57 55 49 49 26 35 33 37 53 13 26 43 38 21 19 23 34 27 25 10 28 45 19 25 33 35 57 65 65 64 57 33 20 26 14 23 8 2 1 0 0 0 1 1 1 1 1 2 1 1 3 3 8 6 6 3 11 5 1 3 4
1 0 0 0 0 0 0 0 0 0 0 0 0 0 0 0 1 1 2 2 5 27 33 26 37 50 47 36 43 55 54 53 65 67 47 53 49 51 55 23 52 43 33 54 11 17 39 31 43 43 18 17 39 32 21 30 30 24 53 38 64 47 47 69 77 45 32 11 27 9 5 4 1 1 1 0 1 1 1 1 2 1 1 1 2 1 3 10 18 23 4 4 6 3 5 12
0 0 0 0 0 0 0 0 0 0 0 0 0 0 0 0 0 0 1 3 6 11 20 19 17 32 49 35 49 37 48 54 55 73 57 66 48 62 43 45 26 38 22 41 13 11 22 23 28 40 42 20 21 7 23 12 11 37 41 34 43 33 57 60 60 67 31 8 4 4 2 1 0 1 1 1 1 1 3 3 4 2 2 2 2 2 1 1 2 6 16 14 9 6 6 12
0 0 0 0 0 0 0 0 0 0 0 0 0 1 0 0 1 1 1 3 7 14 11 20 30 44 36 30 39 39 24 29 50 44 40 60 33 56 42 40 38 39 70 46 19 21 34 51 26 17 19 18 6 29 8 15 30 60 52 73 71 54 36 40 34 21 21 18 7 3 1 0 0 2 1 3 1 1 3 5 4 6 3 2 3 2 4 3 3 4 9 9 8 29 9 15
0 0 0 0 0 0 0 0 0 0 0 0 1 1 1 0 1 1 2 1 4 2 6 10 13 25 22 20 25 29 42 42 27 24 17 67 43 69 35 46 36 32 72 52 37 23 55 40 39 30 17 40 18 42 29 43 45 20 36 41 45 39 23 31 39 25 26 8 9 3 2 0 1 1 2 4 4 1 2 4 6 9 5 8 4 2 3 5 1 1 2 2 3 12 20 10
0 0 0 0 0 0 0 0 0 0 0 0 1 1 2 1 1 3 2 6 11 13 22 29 36 34 39 54 58 44 45 61 59 42 54 49 70 60 37 42 32 24 21 56 31 14 27 33 37 27 32 47 56 64 87 78 78 68 70 45 45 43 47 55 38 24 16 9 5 2 1 0 1 2 4 4 4 4 4 8 6 12 7 10 5 3 3 6 8 2 4 5 3 2 3 6
0 0 0 0 0 0 0 0 0 0 0 1 0 1 2 1 1 1 6 10 22 19 32 46 58 67 66 55 76 61 49 47 43 29 19 21 42 45 50 39 40 15 19 48 20 16 16 32 17 30 7 6 9 12 31 48 85 85 65 61 47 41 20 46 30 18 13 7 2 1 0 0 1 2 2 4 4 8 6 11 6 4 17 14 7 3 4 9 8 4 5 8 7 14 19 28
0 0 0 0 0 0 0 0 0 0 0 0 1 1 1 3 0 1 2 4 12 29 14 37 35 53 65 52 11 29 47 35 25 24 33 41 46 27 55 22 34 20 7 33 25 29 10 10 8 22 19 14 14 13 13 12 32 61 74 75 80 42 34 22 18 14 11 9 5 1 0 1 4 4 4 4 14 10 12 13 13 5 6 26 13 4 4 6 6 5 9 5 12 15 23 32
0 0 0 0 0 0 0 1 0 0 0 0 1 1 1 2 1 0 2 3 7 11 10 26 22 23 24 16 15 16 28 27 25 35 31 20 33 50 43 8 25 30 8 21 21 8 5 26 21 19 36 24 31 36 34 39 42 56 48 38 50 77 55 39 29 23 19 8 4 1 1 3 5 8 8 6 12 18 13 9 10 10 4 13 21 10 10 4 12 7 12 13 9 18 20 16
0 0 0 0 1 1 1 1 1 1 0 1 1 1 2 1 4 0 1 1 2 2 7 9 14 27 29 35 41 29 40 23 25 41 34 29 27 20 10 12 23 32 60 32 13 17 6 16 19 17 37 48 25 43 59 34 29 26 29 20 21 35 53 48 35 18 15 8 2 0 2 5 5 8 11 11 8 25 17 25 13 20 14 13 40 18 24 8 14 14 16 25 17 17 17 25
0 0 0 0 1 1 1 1 1 1 1 1 1 2 3 2 2 1 1 2 1 2 7 8 15 25 30 31 33 53 47 51 45 63 23 19 22 29 28 25 51 47 16 19 44 21 12 15 14 49 58 19 40 37 29 31 47 41 50 31 26 19 19 20 22 15 8 6 2 1 2 6 6 12 10 9 10 16 24 33 21 15 23 13 43 13 16 18 11 29 17 19 19 13 16 16
0 0 1 1 1 0 1 1 2 2 1 0 1 1 4 14 1 1 1 4 5 7 6 7 13 14 25 18 26 38 42 35 31 32 35 35 29 40 38 25 15 12 8 6 10 23 26 15 46 61 18 10 15 41 40 37 32 41 29 25 28 20 17 12 10 7 6 3 2 2 5 7 7 9 10 10 14 18 29 24 23 20 22 38 47 14 20 23 14 30 19 9 24 10 6 13
0 1 1 1 1 1 1 1 3 3 1 0 1 2 4 5 2 2 1 4 8 8 8 5 6 6 15 22 26 36 27 25 33 32 31 31 30 25 23 24 17 11 8 7 10 5 8 34 14 35 14 16 16 14 26 76 50 53 41 34 24 21 15 11 8 6 5 2 2 2 5 7 5 10 9 16 21 15 20 40 32 35 39 36 47 32 35 14 37 30 8 17 20 9 12 17
1 1 1 3 1 1 1 2 3 6 1 1 2 2 4 8 4 2 2 7 11 18 10 15 13 5 10 15 19 18 26 19 27 30 30 18 17 9 13 17 31 31 30 24 22 31 25 9 5 11 20 40 41 35 40 23 37 40 50 47 34 19 15 12 8 6 4 2 1 5 7 8 12 10 21 17 16 26 18 14 25 27 29 42 22 77 37 15 27 25 6 18 14 27 17 22
1 3 1 4 2 1 1 3 4 6 1 1 2 3 5 7 8 1 5 10 13 27 16 18 19 25 16 12 10 12 15 26 43 35 14 30 14 30 18 19 24 30 18 13 12 18 9 9 19 33 40 33 42 38 47 16 13 14 15 27 21 22 19 15 12 10 8 3 1 6 6 7 13 15 22 8 16 12 26 13 19 16 32 20 42 67 25 17 38 15 9 19 16 26 29 28
1 2 3 3 3 2 1 2 5 10 1 2 3 6 6 12 2 1 6 10 20 28 35 21 40 26 30 30 18 19 13 48 56 36 41 26 22 31 21 17 30 12 20 9 14 16 13 12 13 33 34 26 41 44 39 16 30 37 36 39 35 28 26 27 19 16 9 4 2 7 8 9 22 13 19 31 31 20 11 22 15 24 27 38 32 55 43 36 36 18 16 27 14 15 7 34
1 1 4 4 4 4 2 3 6 8 2 4 7 17 19 6 1 1 8 11 14 33 33 42 28 30 50 37 33 33 35 44 59 52 42 46 45 26 48 28 15 23 8 6 6 13 10 13 14 18 25 32 37 31 43 42 43 50 49 51 50 51 33 22 13 8 8 2 3 9 14 12 23 26 19 21 32 22 24 8 33 11 15 34 37 55 61 70 34 20 29 24 29 30 20 44
2 2 5 7 10 5 3 4 9 10 2 3 9 22 12 2 1 3 7 11 24 29 33 39 43 33 47 42 55 56 55 43 23 30 41 40 39 19 35 33 32 22 12 10 23 13 9 23 10 8 11 20 40 56 40 41 60 57 55 36 52 31 14 17 17 11 4 3 2 8 21 14 22 26 32 24 33 21 28 23 17 37 19 8 11 34 54 68 34 43 33 29 25 45 19 20
2 3 4 6 16 10 5 5 9 12 2 2 10 21 8 2 1 4 11 13 14 19 27 36 56 34 41 41 34 55 59 45 46 35 35 22 29 31 38 28 26 16 13 18 32 20 15 19 6 5 9 32 47 30 58 63 33 39 27 27 22 19 29 28 12 10 8 2 4 5 27 16 19 19 24 36 27 28 14 26 13 42 27 20 11 10 28 43 53 69 41 35 28 38 14 18
2 6 4 5 7 17 6 8 17 4 4 3 7 26 10 3 2 7 12 15 24 36 36 53 53 47 29 33 54 48 29 58 75 60 30 29 23 26 37 26 14 22 22 15 18 9 11 8 23 17 26 32 37 51 59 45 56 35 39 40 31 27 23 17 14 12 6 3 3 9 9 32 18 19 23 25 44 41 26 46 18 16 29 26 21 18 18 33 53 57 41 41 34 36 22 30
3 4 12 9 5 12 4 12 33 6 5 11 16 21 6 5 1 4 14 20 34 28 33 56 57 52 48 20 15 19 28 27 30 14 15 27 42 26 26 40 31 20 14 12 8 5 7 10 29 30 33 38 46 52 67 63 59 47 39 45 35 37 36 19 18 15 6 5 5 18 18 20 38 18 21 25 49 41 30 23 35 19 15 37 34 21 24 25 42 49 60 39 33 24 36 19
4 5 14 21 10 22 5 12 40 15 7 19 22 11 4 1 1 2 7 21 40 41 34 39 47 61 44 21 26 22 26 27 34 26 19 11 23 32 40 37 21 19 8 13 14 7 13 6 2 6 33 28 25 42 41 32 31 55 52 45 45 24 23 20 15 15 12 3 7 18 23 19 22 9 29 30 30 49 59 46 46 26 19 18 36 23 19 32 47 79 71 37 26 22 36 18
5 6 7 25 11 22 12 11 15 23 10 27 20 4 1 3 4 6 12 25 28 34 44 26 39 49 63 29 23 23 35 33 32 31 26 34 23 28 17 9 10 18 11 11 18 11 9 3 12 18 23 40 71 57 39 64 59 74 51 37 43 41 38 33 29 14 12 7 10 22 20 33 43 19 20 44 34 51 42 38 54 22 32 32 55 25 15 22 17 34 58 33 34 16 50 36
5 6 5 15 34 15 25 11 32 15 32 13 4 2 5 5 9 7 31 41 22 33 36 41 20 35 55 65 35 36 22 34 27 16 13 14 22 15 11 10 12 6 4 2 8 5 7 4 15 15 14 35 32 49 59 57 38 59 36 27 31 35 33 30 15 12 9 17 19 23 27 36 8 27 37 45 42 31 48 31 66 28 32 24 31 48 34 37 45 37 45 28 52 20 31 50
13 9 6 8 15 30 31 17 50 20 21 4 2 6 8 12 12 8 11 11 22 28 37 58 51 33 34 17 40 55 22 35 18 16 24 27 29 17 16 14 9 9 18 11 4 2 2 3 11 21 26 31 45 33 46 41 38 34 23 9 23 29 26 22 13 10 11 20 20 24 27 42 14 14 7 13 38 55 69 26 57 45 34 35 22 18 57 30 43 43 36 52 20 22 37 51
11 16 11 9 9 18 48 22 20 8 4 1 5 9 18 26 25 9 12 15 27 31 28 12 18 16 20 37 12 20 41 58 37 39 13 29 10 16 17 4 5 7 5 4 4 16 5 5 11 20 27 18 21 31 33 36 27 44 33 35 45 31 30 17 23 22 13 22 22 26 24 40 13 28 16 22 21 17 40 35 29 55 35 40 24 45 47 15 40 55 55 46 18 24 22 27
12 19 14 18 28 36 36 18 19 5 6 5 8 20 21 26 30 20 23 23 30 33 26 20 18 25 22 14 17 31 17 24 28 56 27 46 11 10 11 12 10 7 8 9 4 3 7 6 11 24 40 18 22 29 43 21 42 62 67 57 48 33 34 30 25 23 25 36 25 28 27 34 18 31 29 24 36 33 38 55 22 56 34 55 21 20 43 10 20 27 54 35 14 26 28 52
15 24 20 25 33 43 35 7 5 2 10 9 17 22 25 34 22 44 38 25 30 31 28 35 36 28 29 18 22 44 17 13 8 9 11 30 38 28 21 38 25 20 12 9 9 5 2 8 25 20 29 11 15 30 32 38 52 73 39 43 52 31 35 28 26 24 32 43 27 28 31 33 31 33 43 26 37 36 35 34 51 77 46 53 38 13 48 27 11 16 35 44 25 30 24 9
16 32 34 32 62 40 8 6 9 11 21 19 15 30 26 41 16 29 58 19 35 28 16 24 34 39 17 26 29 33 55 19 14 7 8 5 8 5 11 32 36 16 19 13 11 8 5 7 19 15 15 14 22 28 48 49 47 45 46 32 50 40 27 10 31 17 19 52 32 31 45 33 47 32 45 36 36 41 35 28 29 17 61 61 49 18 24 22 11 11 19 47 24 35 41 31
20 28 58 49 54 11 10 10 12 22 24 25 36 47 17 32 17 29 35 54 23 41 17 14 21 36 37 34 31 22 13 28 13 15 11 8 8 8 8 10 15 8 6 10 4 2 3 10 11 11 13 12 13 23 42 58 27 51 69 58 28 23 16 9 43 30 30 47 38 30 48 34 62 44 42 47 32 33 47 31 24 17 45 41 48 21 11 48 14 16 25 43 45 42 26 31
14 33 61 69 37 6 12 22 25 27 42 51 27 35 21 21 41 19 34 31 24 31 23 21 23 31 27 45 30 35 37 24 34 20 17 12 9 8 7 11 12 6 5 5 6 4 6 18 9 13 12 10 18 34 53 48 73 50 40 54 32 19 7 18 25 50 32 35 43 30 38 34 54 47 31 46 46 31 33 48 38 13 23 53 60 26 7 29 22 16 28 19 62 44 22 64
16 40 64 40 7 9 27 26 19 48 36 62 20 39 22 19 26 61 20 34 48 31 42 19 19 35 41 32 30 47 28 26 48 12 17 14 11 13 4 11 8 4 11 13 10 7 18 11 15 18 22 27 28 27 34 47 53 43 46 37 34 18 9 26 22 35 31 34 45 31 32 38 35 54 30 32 58 30 32 36 49 17 26 30 48 26 12 22 30 22 16 14 16 36 31 23
19 51 45 26 12 20 32 32 23 38 21 58 26 40 49 19 45 63 15 43 59 21 53 19 18 38 43 44 18 14 48 12 12 29 40 23 6 11 5 10 5 3 4 4 6 6 9 13 22 27 20 17 13 19 21 30 39 43 32 51 35 21 19 29 38 42 21 28 40 42 28 26 18 41 30 30 39 38 31 27 12 13 37 22 47 24 15 9 22 38 9 20 40 37 38 7
21 46 43 32 16 21 40 55 19 26 26 49 22 35 60 28 42 60 26 24 36 37 39 22 19 22 22 33 35 33 14 20 9 8 2 32 25 7 5 6 4 6 9 8 9 8 7 11 16 30 21 28 20 29 23 28 16 29 34 19 19 32 28 30 29 37 41 31 36 41 18 30 19 29 34 29 38 17 14 32 16 16 15 20 50 55 18 9 20 32 6 11 34 44 43 23
45 42 53 23 19 30 33 42 21 33 29 34 39 24 55 24 21 51 27 20 20 18 64 38 17 15 19 18 22 25 44 27 7 18 3 6 28 7 4 5 3 14 15 14 6 10 2 7 16 31 34 20 20 11 14 29 40 58 36 17 9 28 29 30 31 31 53 22 35 45 17 27 28 31 47 5 26 33 15 14 27 13 13 14 23 43 12 9 13 34 9 9 12 41 66 51
75 42 17 19 30 30 32 37 22 56 37 19 44 22 60 22 20 36 30 16 20 34 50 27 14 20 15 32 33 32 24 26 18 23 3 7 8 20 3 4 9 14 6 10 8 9 5 2 8 23 31 39 28 17 27 32 42 56 48 21 10 41 29 20 29 28 42 27 19 45 28 15 17 45 39 16 14 15 37 10 21 40 17 17 58 38 7 22 3 43 23 8 6 5 15 22
19 10 21 17 28 32 47 44 37 47 32 21 70 18 22 50 25 52 35 13 17 26 27 55 22 26 12 27 33 30 20 12 19 37 8 9 6 35 4 4 5 5 4 5 4 9 7 9 11 33 31 22 42 23 21 18 16 41 43 10 16 27 32 17 32 28 25 41 19 47 34 21 23 19 37 15 14 23 20 19 8 5 37 15 24 42 14 36 7 23 53 11 26 16 9 7
39 21 44 34 29 34 55 32 60 41 16 25 50 26 27 53 16 22 56 11 30 23 17 44 13 26 22 19 21 24 31 28 5 17 8 10 6 6 18 5 2 7 7 12 8 4 3 12 23 24 43 37 10 19 21 3 19 25 19 8 21 49 38 16 13 41 17 33 15 22 65 14 30 30 19 21 19 18 32 22 23 11 14 25 8 38 49 38 12 18 73 11 14 10 22 8
64 37 21 37 39 41 35 33 56 30 26 28 21 25 25 33 18 16 50 20 26 20 9 19 29 24 22 13 15 14 19 19 25 7 9 24 7 5 11 15 4 12 8 10 9 8 8 4 20 9 6 5 6 16 17 40 28 14 20 18 12 36 23 18 17 28 42 13 36 12 40 12 24 38 8 13 35 10 17 24 30 16 10 4 8 7 33 53 16 12 41 18 15 10 19 14
83 44 29 28 31 37 16 33 44 14 33 27 25 26 19 38 19 18 35 13 13 32 11 5 3 10 11 6 24 37 18 18 28 4 7 1 13 5 7 42 4 5 5 8 9 6 14 7 47 16 13 8 10 10 33 44 23 6 8 29 13 11 30 16 29 17 51 11 51 9 22 26 16 23 10 31 17 14 10 11 18 23 19 9 8 8 6 10 35 48 34 26 16 9 25 14
62 26 16 35 21 22 20 22 46 13 24 18 20 46 19 44 20 43 19 11 10 24 17 8 8 10 11 11 16 18 35 32 8 6 3 3 3 12 3 40 2 2 3 7 7 4 13 6 4 11 16 19 4 24 37 34 20 13 5 34 20 15 8 31 27 26 42 11 42 17 11 17 29 42 15 10 18 6 15 3 5 17 8 12 7 6 8 4 5 12 45 21 10 12 27 16
73 26 57 27 28 20 20 20 19 14 27 25 12 51 49 13 30 26 28 23 20 10 18 14 18 24 14 20 9 9 12 12 10 7 2 5 3 3 7 16 6 1 3 3 4 5 5 18 4 5 9 10 18 50 43 28 20 18 5 11 27 13 21 16 22 43 25 31 7 30 44 8 38 56 18 4 13 5 8 4 14 11 16 15 4 3 4 6 6 5 12 25 19 5 25 6
64 44 19 20 19 23 33 21 23 12 17 16 23 34 32 11 12 13 13 4 16 11 15 21 30 23 17 25 21 5 6 9 29 16 4 3 13 3 2 7 12 2 5 3 5 11 9 6 3 4 6 10 27 34 35 19 5 15 15 8 26 12 17 19 8 18 13 16 10 14 44 10 26 30 2 5 7 14 10 7 2 17 2 5 10 1 1 2 7 7 13 3 30 7 15 5
13 44 13 23 23 18 24 16 52 15 17 17 16 6 31 15 15 7 24 11 9 16 17 18 20 10 20 29 23 3 6 8 12 15 13 8 5 10 2 2 17 1 3 2 2 15 19 8 5 5 9 21 29 27 35 12 9 18 12 14 30 13 6 7 16 11 10 27 9 13 36 19 44 15 2 8 3 1 5 13 3 7 5 7 15 3 6 3 4 4 4 9 16 15 22 3
25 58 15 16 10 20 26 24 13 23 16 13 18 7 17 10 15 8 49 15 5 10 12 42 11 9 15 23 22 5 7 7 17 9 16 8 3 4 8 2 16 2 2 2 2 7 4 9 2 13 11 23 29 34 17 5 10 17 13 17 34 19 28 10 10 19 8 27 7 10 9 14 34 2 3 2 3 3 7 6 5 2 1 9 9 9 8 5 3 3 2 2 4 23 10 2
24 61 35 4 10 13 34 22 12 29 18 10 6 10 8 16 4 22 8 4 7 14 19 11 26 11 8 9 10 8 5 14 13 11 9 9 6 8 8 3 20 1 3 2 2 3 8 24 12 5 19 37 40 30 3 10 17 23 14 19 11 30 12 30 18 7 6 14 5 11 14 27 14 12 7 8 1 7 12 4 9 3 1 4 5 15 12 4 3 2 3 2 1 6 11 10
9 28 39 5 18 9 20 31 9 25 14 7 2 11 6 22 7 17 11 16 5 6 16 18 16 8 5 8 11 17 2 5 8 17 11 4 5 11 4 8 14 4 2 6 3 2 2 16 26 20 35 41 33 7 12 20 23 20 15 22 25 20 6 18 26 3 6 5 11 4 10 16 9 19 7 7 4 12 9 2 17 19 4 6 2 2 6 6 3 5 1 3 4 14 4 9
12 24 34 9 11 4 9 8 12 12 13 5 1 8 8 45 10 7 9 3 9 15 15 18 9 4 4 4 10 8 5 8 16 8 3 1 5 11 10 3 8 5 4 8 6 4 7 41 32 54 59 49 4 7 10 10 15 18 15 18 30 8 20 13 12 29 48 5 4 2 3 24 5 17 13 10 7 16 12 8 12 35 6 8 3 2 6 7 18 14 5 2 21 4 5 17
10 13 41 17 17 6 5 9 3 17 15 9 4 5 4 13 10 5 9 5 8 10 6 7 8 3 18 3 7 13 6 6 15 15 5 4 9 3 4 6 1 4 1 5 18 38 61 35 36 40 18 3 7 10 16 12 14 14 11 7 10 5 14 9 2 22 6 1 1 4 7 7 18 5 18 10 12 13 25 10 15 20 5 14 4 4 4 4 4 8 8 14 4 12 18 31
11 6 3 40 6 4 2 2 2 10 24 6 6 3 5 15 3 5 14 3 5 8 6 5 2 6 2 2 1 12 4 6 7 7 5 6 5 4 1 3 2 2 1 34 29 31 67 72 38 9 3 7 7 11 11 10 13 15 11 2 1 1 14 19 26 29 3 2 1 11 18 9 10 3 21 7 18 8 14 5 7 19 8 13 7 9 2 1 3 2 1 3 9 4 17 20
12 12 4 44 1 5 8 2 9 1 12 5 4 8 7 23 4 8 12 8 2 5 6 16 2 5 1 13 2 2 4 7 11 7 2 5 14 6 2 3 6 42 50 53 66 28 47 73 49 1 5 8 8 8 2 8 9 8 9 1 1 9 33 33 29 9 5 12 12 6 19 18 4 5 8 9 23 17 31 38 41 21 7 10 15 9 10 0 3 4 5 2 4 9 20 16
9 7 3 45 5 2 3 3 16 1 3 12 4 4 4 15 3 6 13 5 3 4 4 14 2 3 2 5 7 7 3 6 7 6 5 11 5 4 4 14 33 60 74 61 72 73 66 47 1 4 11 7 8 10 2 6 15 16 6 2 2 12 26 18 9 7 11 10 10 10 15 30 39 8 5 8 10 13 18 9 4 12 14 28 21 14 3 2 7 2 9 6 4 12 29 8
7 5 3 12 10 16 4 3 15 3 3 10 1 3 2 3 5 5 8 4 1 1 0 9 2 4 9 5 12 4 3 5 4 10 4 8 4 2 7 19 17 7 48 69 73 58 3 3 6 4 5 4 7 8 4 2 2 40 6 12 5 8 6 19 15 6 15 13 9 28 24 22 3 7 7 15 16 13 11 9 11 11 16 12 13 3 8 4 3 1 4 9 3 7 22 7
5 5 3 4 16 6 4 2 7 2 2 6 3 1 0 1 3 1 8 3 3 0 2 2 3 5 8 4 6 3 8 6 7 3 5 6 4 1 7 16 6 27 17 10 6 3 10 13 9 8 4 4 3 0 3 8 4 12 12 8 6 7 3 8 4 4 5 17 27 37 9 3 6 10 10 11 28 12 30 11 17 17 15 11 16 2 5 4 7 1 9 6 4 4 6 2
5 4 3 1 17 1 2 3 10 4 1 2 8 2 1 2 1 1 5 5 1 2 2 5 8 4 4 7 2 3 4 5 5 7 4 2 6 3 14 16 57 50 14 3 9 10 2 4 5 2 2 0 3 1 4 7 3 22 8 2 5 4 9 6 1 6 10 30 23 1 4 0 3 10 27 24 13 14 6 12 13 11 14 18 4 6 7 6 3 1 13 5 5 6 4 1
2 2 4 11 2 1 3 2 4 2 1 1 6 2 1 1 1 2 1 8 2 1 0 2 6 5 6 4 1 3 1 4 3 7 2 4 7 4 11 10 10 20 4 9 10 5 5 7 14 6 2 0 0 1 6 10 2 9 6 4 4 4 8 2 2 3 14 18 2 0 1 6 3 3 6 22 20 24 4 8 10 12 12 7 8 6 6 6 9 2 4 5 2 1 2 2
