sesion_6_simulaciones/modelos_agentes/ejemplos_netlogo/scenarios/cgcm2_b2/rob_2058.asc
NCOLS 322 
NROWS 307 
XLLCORNER 451900 
YLLCORNER 4086900 
CELLSIZE 100 
NODATA_value -9999 
[rows 222 to 295 of 307, columns 96 to 191 of 322]
1 0 0 0 0 0 0 0 0 0 0 0 0 0 0 0 0 0 0 0 0 0 0 0 0 0 1 1 0 0 0 0 1 1 0 0 0 0 0 0 0 0 0 1 1 1 2 6 10 14 17 21 26 36 38 45 53 65 79 78 80 85 62 78 54 68 54 49 55 48 36 36 25 29 43 45 51 28 30 23 58 45 40 33 34 18 39 53 60 37 25 24 12 7 7 3
0 0 0 0 0 0 0 0 0 0 0 0 0 0 0 0 0 0 0 0 0 0 0 0 0 0 0 0 2 1 0 1 2 0 0 0 0 0 0 0 0 0 0 0 1 1 2 3 6 9 14 11 19 29 43 67 71 51 35 46 49 51 47 54 81 38 39 38 61 52 42 57 25 30 49 42 45 25 45 54 46 80 52 43 36 33 22 21 44 71 51 41 31 14 8 5
0 0 0 0 0 0 0 0 0 0 0 0 0 0 0 0 0 0 0 0 0 0 0 0 0 0 0 0 1 1 1 1 0 0 0 0 0 0 0 0 0 0 0 0 0 1 1 2 4 7 8 14 31 20 40 57 37 34 37 37 16 44 45 39 39 59 23 58 58 49 64 56 19 25 31 43 35 34 47 59 43 31 60 58 37 37 39 19 14 43 73 47 37 20 16 10
0 0 0 0 0 0 0 0 0 0 0 0 0 0 0 0 0 0 0 0 0 0 0 0 0 1 0 1 1 3 2 1 0 0 0 0 0 0 0 0 0 0 0 0 0 1 1 2 3 5 7 10 24 26 16 16 22 26 26 23 49 67 40 48 56 86 75 53 60 57 69 59 38 31 44 55 44 44 56 63 51 29 13 27 63 62 37 31 24 17 44 42 29 22 11 6
0 0 0 0 0 0 0 0 0 0 0 0 0 0 0 0 0 0 0 0 1 0 0 0 0 1 1 1 2 2 1 0 0 0 0 0 0 0 0 0 0 0 0 0 0 1 1 2 3 4 9 18 18 18 23 23 37 34 28 36 20 32 57 51 55 88 66 70 31 69 55 59 42 31 51 63 56 38 55 79 45 41 57 41 37 20 23 34 28 28 14 18 19 11 5 5
0 0 0 0 0 0 0 0 0 0 0 0 0 0 0 0 0 0 0 0 0 1 0 1 0 1 2 4 2 1 0 0 0 0 0 0 0 0 0 0 0 0 0 0 1 1 1 2 3 4 6 7 6 11 14 24 46 45 39 24 27 42 42 53 75 57 54 66 79 59 51 60 59 17 22 43 45 59 71 36 73 61 78 55 72 39 51 35 22 11 11 19 12 7 3 1
0 0 0 0 0 0 0 0 0 0 0 0 0 0 0 0 0 0 0 0 0 0 1 2 1 1 2 4 3 1 1 0 0 0 0 0 0 0 0 0 0 0 0 0 0 1 1 1 3 4 8 9 11 15 14 26 38 62 39 36 26 50 64 78 58 49 55 53 39 54 65 40 31 15 23 39 58 53 80 60 31 25 43 62 43 47 36 30 17 15 12 7 5 6 5 4
0 0 0 0 0 0 0 0 0 0 0 0 0 0 0 0 0 0 0 0 0 0 0 2 1 1 2 11 4 1 2 1 0 0 0 0 0 0 0 0 0 0 0 0 0 0 0 1 2 3 5 6 9 8 22 29 21 22 19 36 24 24 31 46 30 18 32 46 33 47 22 45 38 24 41 25 27 62 39 48 40 30 29 35 21 23 31 34 16 15 6 3 4 3 2 2
0 0 0 0 0 0 0 0 0 0 0 0 0 0 0 0 0 0 0 1 1 1 0 1 3 1 1 5 8 8 2 1 1 0 0 0 0 0 0 0 0 0 0 0 1 1 1 1 1 2 2 3 6 9 15 10 13 14 16 19 23 24 28 33 38 51 55 63 52 53 62 61 43 19 35 49 24 53 48 54 55 49 38 59 34 14 17 11 8 10 4 2 2 2 2 1
0 0 0 0 0 0 0 0 0 0 0 0 0 0 0 0 0 0 0 1 1 1 1 1 1 2 1 2 10 6 3 1 1 0 0 0 0 0 0 0 0 1 1 0 1 1 1 1 1 2 3 4 5 6 4 6 5 6 7 7 8 9 10 34 44 46 28 49 51 48 45 42 41 24 25 45 48 42 46 68 55 54 52 50 36 25 12 11 6 7 5 3 1 1 1 1
0 0 0 0 0 0 0 0 0 0 0 0 0 0 0 0 0 0 1 1 1 1 0 1 6 3 1 2 7 7 4 2 0 0 0 0 0 0 0 0 0 1 1 2 1 1 1 2 4 5 8 8 5 4 4 6 5 7 14 18 14 23 21 18 16 19 26 29 32 46 62 67 67 24 39 31 64 51 58 41 41 52 52 42 36 50 32 15 9 4 3 2 2 1 1 0
0 0 0 0 0 0 0 0 0 0 0 0 0 0 0 0 0 0 0 1 1 2 0 1 2 5 4 6 11 9 5 2 1 0 0 0 0 0 0 0 0 1 1 1 2 3 2 1 3 7 10 17 12 6 8 10 21 24 29 46 40 38 34 25 35 54 36 33 28 44 64 65 66 59 41 59 74 41 62 39 62 62 47 59 39 30 31 26 24 6 2 1 1 1 0 0
1 0 0 0 0 0 0 0 0 0 0 0 0 0 0 0 0 0 0 1 1 1 1 1 2 2 11 9 5 3 2 1 0 0 0 0 0 0 0 0 1 1 1 1 2 2 3 7 3 5 8 10 13 19 17 23 27 35 54 48 36 38 49 38 28 23 38 47 26 36 22 22 24 20 53 20 39 74 49 38 17 32 68 62 37 33 43 17 17 6 6 2 1 1 0 1
1 0 0 0 0 0 0 0 0 0 0 0 0 0 0 0 0 0 0 1 2 2 2 1 1 3 5 14 4 2 1 1 0 0 0 0 0 0 0 1 1 1 1 1 2 3 4 5 9 7 10 12 18 37 19 24 34 38 41 52 51 64 60 58 45 28 42 43 58 42 47 39 43 36 75 35 22 27 31 30 19 8 62 68 48 45 48 42 16 12 9 5 3 3 1 0
1 1 0 0 0 0 0 0 0 0 0 0 0 0 0 0 0 0 0 1 1 2 6 2 1 4 5 14 5 2 1 0 0 0 0 0 0 0 1 1 1 1 1 2 3 5 11 8 12 21 18 28 26 28 30 27 32 38 64 56 62 58 52 67 66 43 34 39 44 37 71 46 34 42 47 56 45 59 55 43 40 26 16 51 47 44 53 32 14 8 3 3 2 1 0 1
3 1 0 0 0 0 0 0 0 0 0 0 0 1 0 0 0 0 0 0 2 3 2 5 1 3 5 10 5 2 1 1 0 0 0 0 0 0 1 1 1 1 1 3 7 8 19 16 12 9 31 51 61 38 36 18 32 36 61 50 73 62 55 49 49 45 27 42 33 69 32 35 35 42 39 25 33 37 40 35 30 25 26 22 37 23 10 19 14 6 4 1 1 1 1 0
1 0 0 0 0 0 0 0 0 0 0 0 1 1 0 0 0 0 0 1 1 2 3 7 3 4 7 13 8 4 3 1 1 0 0 0 1 0 1 1 1 2 2 6 9 13 19 23 25 19 25 40 47 49 37 20 34 42 31 55 72 67 27 73 30 48 47 38 33 55 37 23 28 56 57 42 50 55 56 52 62 33 30 22 16 9 14 10 6 6 2 1 1 1 0 0
0 0 0 0 0 0 0 0 0 0 0 0 1 1 1 0 0 1 1 2 2 1 5 13 8 6 12 13 6 6 3 1 1 0 0 0 1 1 1 1 2 2 3 5 10 18 21 27 29 36 32 44 62 61 49 22 34 47 54 48 58 63 25 51 54 50 60 32 45 40 26 39 49 48 36 30 30 40 45 24 41 49 47 22 22 11 7 7 4 2 1 2 1 1 1 0
0 0 0 0 0 0 0 0 0 0 0 0 1 1 2 1 0 1 1 5 5 1 5 12 12 4 3 32 17 4 3 1 1 0 0 1 1 1 1 2 2 4 4 8 13 14 29 32 38 50 36 53 64 48 55 21 34 43 48 59 52 51 52 53 60 59 52 50 44 28 38 45 50 46 39 32 30 45 40 33 33 29 55 49 24 25 16 5 2 1 1 1 1 1 0 0
0 0 0 0 0 0 0 0 0 1 1 1 1 1 3 2 1 0 1 3 6 3 5 13 24 6 7 34 11 9 5 2 1 0 0 1 1 1 2 1 4 6 6 10 12 15 39 39 45 51 52 48 42 53 79 42 24 46 63 48 37 32 31 57 58 54 51 64 48 26 33 37 51 50 54 49 51 72 58 51 41 37 37 31 28 31 14 8 5 3 1 1 1 0 0 0
0 0 0 0 0 0 0 0 0 1 1 1 1 2 4 3 1 1 4 4 4 7 7 16 30 35 27 33 19 11 5 2 0 0 0 1 1 1 2 4 3 6 12 10 8 14 35 47 53 50 57 64 59 59 82 60 53 19 39 72 54 49 35 35 30 60 62 61 31 29 25 55 49 39 40 40 48 75 59 44 56 26 22 17 18 14 18 12 3 2 2 1 1 1 0 0
0 0 0 0 0 0 0 0 0 1 1 3 2 3 3 7 2 1 3 4 6 10 12 20 38 57 27 34 11 7 6 1 0 0 0 0 1 3 2 3 6 5 13 12 15 31 36 36 54 61 62 62 72 82 83 79 38 22 48 61 69 48 40 42 44 37 28 31 28 27 55 49 27 56 30 37 28 51 44 44 34 38 52 25 12 8 4 3 4 2 1 1 1 0 0 0
1 0 0 0 0 0 0 1 1 2 2 2 5 2 6 8 3 4 2 11 15 14 12 24 40 31 16 10 5 5 2 1 0 0 0 0 1 3 5 3 4 10 5 28 19 27 38 33 42 70 68 48 72 77 76 80 65 31 25 27 43 60 53 44 37 23 10 6 16 26 68 45 42 49 89 76 59 54 50 51 58 55 33 37 24 20 9 7 5 2 1 0 0 0 0 0
0 0 0 0 0 0 0 1 1 2 3 3 7 3 7 11 4 9 4 8 24 24 38 23 48 26 10 8 3 2 2 1 0 0 1 0 1 2 4 6 9 7 9 11 37 23 27 41 59 76 71 62 57 53 63 82 78 35 29 33 45 38 42 35 24 31 20 12 41 48 27 49 66 72 66 80 61 72 57 66 67 47 27 11 13 9 10 6 2 2 1 0 0 0 0 0
0 0 0 0 0 1 1 1 2 1 3 5 12 7 12 16 7 11 17 8 14 28 19 62 36 31 8 5 4 1 0 0 0 0 1 1 1 1 1 1 3 8 13 34 22 28 46 52 52 61 74 77 50 50 41 45 74 61 42 23 31 23 19 12 11 5 15 35 30 44 31 20 29 59 28 61 83 80 71 68 67 41 21 17 12 4 3 2 3 2 0 0 0 0 0 0
0 0 0 1 1 1 1 1 2 3 4 6 10 17 9 25 9 10 26 21 23 41 23 48 48 16 5 3 1 0 1 1 1 0 1 1 1 1 1 4 4 6 12 26 52 34 29 43 48 66 65 68 66 62 45 42 43 65 49 26 30 24 29 24 30 13 10 32 32 41 41 43 45 34 31 29 55 62 69 46 27 22 17 14 7 4 3 2 1 1 0 0 0 0 0 0
0 0 0 1 2 1 1 2 1 3 5 9 10 17 19 38 15 13 29 36 32 51 76 42 21 18 9 3 2 2 2 2 2 1 0 2 1 2 3 4 5 9 14 25 32 55 40 40 53 61 68 59 69 66 54 37 27 51 43 34 18 21 23 26 28 21 12 39 31 30 41 42 75 56 50 37 27 16 41 44 33 12 9 7 7 3 1 0 0 0 0 0 0 0 0 0
0 0 0 1 2 2 1 3 2 4 13 11 12 14 46 40 20 22 25 38 40 59 72 22 31 19 7 5 6 5 6 6 2 2 1 2 2 3 6 3 7 16 27 30 28 48 40 66 55 67 65 83 59 40 41 36 52 19 16 64 25 17 44 35 20 17 31 57 32 28 31 59 81 62 49 40 36 34 23 27 28 16 8 7 6 3 1 1 1 0 0 0 0 0 0 0
0 0 0 2 2 2 1 4 5 6 14 12 27 26 31 44 52 36 46 33 53 51 81 64 32 14 13 13 9 13 12 8 3 2 1 1 3 5 3 8 12 16 35 49 58 47 65 30 17 30 66 33 54 47 56 37 15 10 12 19 31 9 26 20 10 17 47 25 29 28 20 24 16 33 44 35 35 36 23 17 15 8 10 8 7 5 3 3 1 1 0 0 1 0 1 1
0 0 0 2 3 4 1 5 8 9 9 17 13 37 43 23 21 64 48 49 44 66 72 43 30 24 22 20 23 35 11 4 2 2 2 1 1 2 12 11 16 23 28 56 41 64 56 51 39 55 57 15 63 71 61 28 38 28 25 11 47 8 18 14 8 12 19 51 39 18 37 64 52 58 54 44 36 38 34 33 21 17 12 10 7 8 6 1 1 0 0 1 1 1 1 0
0 1 1 3 4 6 2 3 6 13 16 25 14 14 29 56 26 20 70 69 43 65 74 49 49 23 45 60 33 12 7 5 4 2 2 0 1 1 4 10 14 36 43 34 26 46 48 65 67 66 50 43 60 74 72 70 49 20 18 17 37 12 13 15 7 14 29 18 13 14 34 43 44 48 56 57 39 34 21 22 10 7 8 19 15 9 3 1 0 0 1 1 1 2 2 0
0 2 2 3 5 4 6 6 6 5 10 29 11 10 28 46 56 48 16 37 49 69 54 45 37 60 35 15 16 9 8 8 6 2 2 1 2 4 7 8 6 19 25 21 32 42 50 46 66 64 63 55 75 73 63 55 26 40 11 15 15 24 5 11 16 14 6 29 37 39 31 47 59 54 50 54 34 27 18 23 29 20 28 18 12 6 5 2 1 1 1 1 3 2 2 1
1 2 3 3 5 10 9 16 13 10 8 16 43 15 36 35 46 63 49 22 37 71 30 53 76 32 27 25 19 18 11 5 2 3 3 2 3 5 9 8 12 21 21 16 35 49 28 26 54 53 31 26 40 38 47 22 36 22 39 7 15 18 13 8 37 47 22 50 56 34 58 56 66 68 68 65 47 32 35 32 36 25 31 15 11 9 2 1 1 1 1 2 3 5 1 1
2 3 3 2 3 15 22 15 14 15 26 19 29 53 32 38 50 24 70 41 41 37 78 62 46 47 43 38 32 22 10 3 2 3 6 2 3 6 14 17 19 29 37 36 38 29 38 46 34 34 33 29 29 33 31 34 27 25 24 30 5 3 11 32 36 18 31 38 56 44 61 50 52 67 69 52 41 48 37 36 37 34 19 18 10 4 1 1 2 2 3 3 5 4 2 1
2 5 5 3 5 11 14 27 32 18 29 37 37 44 60 38 56 34 28 59 32 36 72 70 62 48 41 40 31 14 11 8 6 2 4 1 3 4 9 21 30 36 23 40 37 46 40 39 45 51 40 28 30 34 38 36 20 18 17 24 11 6 14 7 11 33 38 40 24 36 53 48 57 47 53 72 42 38 19 18 18 18 27 15 8 4 2 1 3 3 4 3 11 3 2 2
2 4 7 5 7 8 16 17 22 34 46 41 40 47 69 68 35 29 38 35 65 69 74 62 64 64 55 47 35 22 14 10 7 3 7 2 2 5 10 20 30 48 45 48 49 51 47 62 42 44 43 34 24 31 28 42 35 15 4 6 8 8 10 10 14 6 4 4 10 48 32 39 52 51 50 39 29 12 11 27 35 29 10 16 15 8 3 4 3 5 4 3 13 4 3 3
3 7 10 11 13 10 12 25 32 33 54 55 58 49 63 67 51 51 41 44 40 69 70 66 47 56 50 44 26 32 20 12 9 6 10 1 6 9 13 16 11 42 53 55 50 58 61 51 45 61 63 59 23 31 40 33 17 17 7 3 4 6 16 8 10 13 23 29 25 27 27 30 32 29 45 19 21 22 15 49 38 15 23 19 15 16 6 8 7 4 4 2 8 4 4 3
4 7 23 12 16 17 16 30 37 40 44 59 56 55 74 53 59 68 53 43 44 61 56 51 47 53 50 46 37 22 19 15 20 12 3 1 6 17 22 29 26 43 59 50 51 58 47 37 51 73 65 57 55 36 41 28 20 19 8 9 9 7 11 9 19 28 51 46 31 39 36 42 33 22 19 27 41 49 28 45 39 34 22 17 12 11 15 11 4 6 5 2 5 9 1 2
6 4 17 27 19 21 19 35 43 45 43 46 63 70 70 67 57 72 54 38 47 81 59 72 51 55 57 55 40 27 30 25 16 9 5 2 3 12 31 47 43 52 45 64 52 56 49 40 49 40 35 33 45 48 23 16 15 13 10 13 13 6 8 14 27 35 40 35 44 23 36 24 15 20 23 54 44 54 57 18 34 29 33 30 17 13 25 16 6 8 3 4 9 6 2 4
7 7 15 35 35 26 33 41 43 47 52 43 59 70 70 59 56 44 56 38 48 67 65 75 59 53 48 43 44 30 40 23 15 10 9 5 7 14 27 40 63 68 65 52 65 39 40 54 42 32 30 35 35 32 63 30 11 13 12 12 9 9 13 8 13 16 37 44 25 16 17 26 27 42 36 60 55 58 39 44 35 19 37 27 18 22 24 11 15 7 4 4 16 5 3 6
12 30 25 28 41 28 25 44 47 45 58 47 26 36 74 77 70 52 47 64 46 80 80 50 59 64 37 41 35 42 33 27 21 6 9 5 7 24 27 37 37 57 56 67 59 58 37 55 60 32 44 50 44 44 41 19 20 10 13 5 4 9 14 15 18 19 45 13 20 7 24 40 58 32 44 62 39 42 54 43 12 18 36 38 37 26 17 10 13 9 5 6 13 11 8 7
15 21 41 43 43 33 31 47 46 45 47 56 47 49 55 72 66 33 42 67 43 78 65 65 62 43 23 45 35 42 47 33 28 14 10 6 10 26 29 45 63 51 39 65 41 52 52 40 54 51 65 57 54 41 35 19 19 7 8 11 5 7 21 18 7 33 17 15 40 35 54 43 39 54 45 29 43 64 32 15 12 37 53 37 35 35 16 11 8 9 14 9 7 22 11 10
27 34 39 49 48 39 47 49 51 49 32 50 50 60 58 63 65 67 73 76 71 72 60 61 52 59 49 48 56 33 48 49 29 20 21 7 11 27 50 48 55 54 55 57 55 46 57 26 45 46 55 50 45 31 34 24 30 15 10 6 6 12 3 13 11 21 18 33 33 30 27 44 64 71 47 38 66 50 44 31 32 37 13 18 36 36 16 13 11 16 16 10 8 39 15 19
30 38 34 40 14 32 59 42 54 57 47 46 59 63 53 64 51 74 69 78 70 63 72 53 49 58 72 67 38 50 41 44 39 20 17 7 10 32 37 49 51 44 65 62 61 45 29 67 41 71 43 48 31 47 30 44 17 19 13 4 3 12 22 25 5 13 23 40 45 25 23 53 76 67 41 64 55 35 40 76 62 25 29 40 26 19 21 8 12 19 17 13 19 47 33 27
31 25 14 9 9 16 59 42 28 34 46 34 38 58 75 71 41 41 71 62 70 67 72 70 31 56 73 48 43 48 35 54 49 40 16 3 8 25 33 53 47 47 55 66 71 63 35 26 11 13 52 56 24 39 32 45 27 16 8 5 5 16 13 25 18 17 23 20 40 29 36 66 72 42 50 67 57 13 54 49 35 48 60 46 28 23 17 6 20 21 22 15 31 70 40 23
37 38 29 29 30 23 35 58 21 26 24 48 40 49 70 62 73 42 55 73 69 78 77 77 58 36 57 61 54 35 60 45 45 32 16 7 6 14 34 58 28 49 68 68 65 48 44 42 39 36 30 35 55 27 12 11 11 7 9 2 6 7 4 9 14 11 18 10 16 23 55 47 53 63 43 40 26 26 45 37 41 58 53 34 23 8 7 6 16 22 23 20 39 52 42 14
52 39 45 43 29 34 31 33 41 39 34 65 45 49 44 51 69 73 68 82 80 71 75 59 29 43 55 49 45 51 60 50 27 26 29 13 11 8 24 39 13 29 38 39 43 38 37 30 66 59 41 36 29 19 19 10 7 25 2 1 1 6 8 7 21 24 12 7 36 44 21 35 21 40 36 32 14 56 46 63 42 37 24 23 22 12 8 17 18 29 28 34 40 57 18 15
34 37 44 40 44 31 25 44 63 63 30 29 57 55 30 31 26 47 75 75 47 43 46 48 56 20 52 58 37 66 48 44 42 27 33 14 21 7 17 39 48 23 33 41 25 34 16 9 20 33 20 56 50 33 15 2 1 1 3 2 2 4 4 10 16 23 9 33 33 20 28 28 34 35 16 27 52 61 69 40 37 36 37 40 22 12 10 22 31 32 30 25 52 61 46 16
36 57 45 45 46 46 35 49 64 51 52 35 25 45 56 33 55 44 32 65 43 56 64 61 49 39 54 37 37 65 52 53 35 17 28 16 18 13 7 22 32 57 49 34 29 39 38 18 27 39 47 48 27 28 22 12 8 5 3 1 2 3 8 7 10 9 21 37 43 44 27 28 19 12 44 48 41 55 54 36 30 34 38 26 21 19 13 29 34 25 36 33 19 37 54 25
43 45 42 36 45 62 35 49 51 59 52 44 55 39 24 56 54 41 44 65 70 29 25 41 37 60 54 69 40 42 57 43 30 47 25 13 17 25 11 27 41 56 65 28 32 55 36 15 31 39 20 35 21 27 24 10 9 7 4 4 3 2 1 6 9 13 26 10 11 12 22 13 38 52 30 34 32 31 31 27 18 26 30 31 28 16 15 22 41 28 42 30 34 32 43 30
39 41 59 44 54 62 27 42 56 61 58 49 54 53 65 48 68 80 57 63 63 33 43 47 53 74 66 75 46 47 48 48 53 25 19 12 13 41 16 17 33 48 36 40 47 51 13 9 59 79 29 35 31 13 10 8 17 7 3 1 2 2 2 5 6 5 6 12 25 31 36 40 21 28 22 14 18 36 28 25 36 51 29 26 30 15 27 29 45 27 33 11 5 15 39 61
41 48 61 59 51 47 27 41 59 64 61 48 39 39 58 70 51 42 62 59 42 26 42 35 63 60 78 59 55 69 63 55 33 29 13 4 5 43 17 17 19 34 33 32 40 39 3 19 33 37 50 38 27 7 5 3 2 2 3 2 1 3 1 1 2 1 3 13 35 56 56 53 29 18 14 21 58 47 32 32 48 36 34 45 12 18 32 39 27 19 9 8 20 26 27 46
47 29 33 59 50 60 47 22 54 57 63 50 53 37 51 42 64 38 36 43 27 46 44 45 43 66 55 67 69 79 58 59 44 38 27 3 21 40 15 19 27 16 28 33 32 28 7 20 18 23 32 23 32 25 19 6 4 4 5 3 1 7 1 1 1 4 13 41 19 27 38 19 13 17 32 43 48 34 26 58 51 41 45 18 18 36 56 25 8 7 13 28 22 57 45 49
43 14 38 55 63 57 57 37 25 46 58 38 47 46 56 61 49 44 48 46 17 50 81 54 50 52 37 47 53 58 59 58 38 21 24 12 25 19 27 21 35 31 28 34 42 33 22 16 14 18 19 32 17 21 14 7 4 4 4 8 3 3 2 1 3 16 8 16 21 14 32 35 23 42 40 45 49 46 44 59 45 29 19 13 36 49 14 6 9 17 21 42 49 50 55 44
39 21 23 17 48 56 66 43 10 28 48 36 47 37 71 62 47 19 32 41 26 56 61 47 45 22 53 60 60 55 58 43 44 36 21 18 20 16 22 16 7 27 24 40 34 39 46 57 44 40 27 48 27 12 7 3 6 3 3 7 5 1 1 3 13 16 5 12 9 12 20 45 49 65 32 28 55 57 42 35 23 34 10 28 34 14 4 17 20 31 36 38 45 58 60 48
51 35 43 14 48 64 61 40 13 9 11 40 52 35 39 54 31 44 44 53 46 23 47 57 40 34 58 64 56 47 40 34 45 36 32 32 35 11 28 21 10 13 20 28 37 26 21 17 18 16 13 26 10 6 8 24 15 6 4 1 1 0 2 9 5 6 5 7 17 7 18 43 49 49 39 41 62 57 51 40 26 15 27 29 17 5 14 33 31 31 39 36 47 49 51 51
62 30 46 16 22 53 40 22 15 14 17 20 30 61 50 48 39 36 31 48 38 46 64 42 43 58 38 54 58 50 35 44 33 22 37 35 24 21 18 30 20 13 18 20 26 23 38 25 20 30 40 28 12 10 2 12 11 6 4 5 5 5 1 4 7 3 3 7 9 14 22 36 47 49 39 37 35 36 58 24 15 16 25 9 11 31 33 33 35 35 36 31 24 21 34 53
49 30 45 24 17 53 41 46 34 33 21 25 35 49 57 63 66 53 35 34 29 33 41 52 64 55 66 68 56 37 40 42 25 21 57 37 23 25 19 9 10 16 16 30 27 29 38 24 34 26 33 15 29 12 4 7 32 10 3 4 6 1 1 1 2 7 3 7 13 12 16 33 47 46 42 20 32 53 43 42 37 19 8 14 18 23 22 44 45 33 42 33 31 20 28 11
40 32 47 36 28 33 23 48 27 26 29 24 37 33 29 44 42 42 40 39 52 24 33 70 60 63 54 45 49 44 43 41 40 25 46 36 33 22 36 14 29 31 12 17 31 42 46 32 38 41 24 13 26 8 8 13 18 6 5 4 3 1 1 1 8 7 17 19 6 6 23 26 19 30 32 22 45 62 72 39 22 12 5 15 11 46 37 32 40 43 63 57 30 26 30 13
54 33 47 34 24 21 14 37 46 34 33 34 30 33 28 45 35 35 20 22 38 19 44 57 63 44 53 55 48 42 37 41 33 44 48 36 47 63 24 18 20 20 24 18 41 26 35 38 28 28 37 29 14 11 16 15 27 6 5 3 3 1 1 1 2 4 24 20 8 10 15 17 36 43 20 61 59 46 39 38 16 5 12 27 24 30 44 27 40 54 49 55 25 21 27 13
55 36 62 39 18 21 34 23 57 29 47 44 26 18 26 23 21 30 27 22 8 41 38 33 40 35 57 46 33 40 41 21 35 48 28 58 31 61 39 19 36 17 35 24 36 45 37 37 23 36 34 18 13 22 16 15 9 8 4 7 3 3 1 1 1 8 15 11 13 19 12 10 26 29 62 52 28 32 32 38 22 14 16 32 53 36 39 50 52 42 44 33 27 20 24 11
50 34 64 40 16 14 61 38 38 31 33 45 24 32 29 26 26 35 30 18 8 16 8 10 25 27 61 61 55 37 24 20 35 55 43 25 43 40 36 21 33 10 30 12 24 37 48 39 26 38 25 34 14 14 25 20 17 7 6 9 2 0 0 1 1 2 4 15 26 14 14 25 44 61 48 23 23 59 38 25 21 16 32 22 48 51 32 43 43 40 36 22 47 24 19 9
62 33 53 25 16 23 36 37 30 59 53 35 35 25 27 26 37 31 28 26 6 12 15 36 47 50 48 46 45 32 19 21 52 39 43 36 59 32 25 22 33 10 29 21 23 32 57 38 26 38 38 34 15 7 21 18 11 4 5 3 4 1 1 2 2 2 3 12 9 12 15 31 31 25 28 23 26 45 30 9 10 22 43 43 44 44 18 33 58 52 30 21 42 12 17 14
62 37 53 24 17 24 25 61 35 57 68 59 29 19 18 31 50 35 9 18 4 15 16 32 21 26 23 41 22 17 32 24 70 50 50 47 48 24 16 43 22 17 18 50 51 36 38 35 47 38 30 27 24 16 17 10 15 9 5 2 1 1 2 2 2 2 2 4 14 12 15 12 22 20 38 31 40 44 37 12 10 37 45 46 44 43 17 27 44 44 18 19 18 22 24 21
75 63 21 38 19 20 41 58 42 34 56 50 59 15 37 58 37 33 17 15 11 8 15 11 14 19 48 26 35 31 31 44 12 27 14 33 27 18 12 42 19 15 4 21 70 40 29 43 45 33 31 25 20 12 28 27 21 12 4 3 1 1 3 1 1 3 2 5 15 6 16 20 28 21 36 46 26 42 33 19 17 45 33 29 36 25 33 33 23 30 42 21 17 34 26 18
60 27 24 34 20 18 58 55 58 28 20 37 63 11 22 20 17 29 15 20 5 4 16 29 32 27 22 39 37 22 53 23 36 22 40 34 23 28 15 31 14 28 13 16 48 57 37 37 46 43 34 31 18 20 13 9 13 5 5 5 2 1 2 1 2 2 3 5 11 14 30 42 44 35 43 59 10 51 29 27 27 25 33 19 24 19 37 48 31 21 34 23 19 23 28 23
58 32 14 39 30 28 44 11 34 51 14 24 54 32 11 21 18 18 9 11 9 20 43 21 23 21 33 52 31 35 29 40 52 68 45 32 55 22 31 37 16 16 18 23 34 39 30 64 39 34 26 30 33 22 6 9 14 9 5 4 3 1 1 1 1 2 2 3 6 12 20 25 41 54 37 16 29 50 40 18 15 23 43 17 29 34 39 26 39 26 16 30 31 24 16 19
60 14 26 39 24 25 34 8 9 11 27 51 24 37 14 18 9 9 5 12 12 10 10 21 18 19 21 31 36 42 24 33 50 33 21 50 24 16 44 22 31 36 28 27 33 38 31 30 45 20 16 13 26 28 11 7 7 4 3 5 2 1 1 0 1 1 4 5 8 19 16 32 34 18 30 25 37 27 15 9 12 36 34 38 24 29 32 26 22 29 29 19 14 29 9 10
65 15 24 43 23 43 39 19 7 11 26 43 56 49 16 11 15 16 16 4 5 6 17 28 12 10 25 54 30 25 19 48 20 31 58 13 19 25 36 19 36 32 24 47 47 52 43 25 29 29 14 15 26 25 19 11 5 2 1 1 1 3 1 1 0 2 4 8 7 20 24 45 34 22 6 27 44 13 17 15 20 29 37 32 20 28 24 23 11 33 20 38 18 9 5 4
46 19 26 51 16 38 51 34 16 15 10 30 20 33 36 8 12 10 7 12 11 8 8 8 4 11 37 42 45 13 52 12 15 48 36 19 30 35 47 30 9 43 40 45 60 50 38 15 23 45 33 11 7 11 15 16 4 4 2 1 1 2 2 1 1 10 25 11 5 9 32 43 31 18 9 35 33 22 18 15 18 27 29 33 30 18 9 26 16 30 23 9 24 7 8 13
42 20 20 44 15 36 43 14 12 16 21 23 13 15 20 15 4 7 11 3 4 3 5 3 6 13 66 25 31 14 47 31 11 56 28 16 31 59 41 27 17 40 45 53 26 47 31 28 16 14 20 26 9 6 7 14 6 4 1 1 1 1 2 2 8 11 14 21 24 32 39 44 31 7 13 35 22 11 11 16 20 17 35 13 18 16 11 13 18 12 22 8 7 19 14 10
65 27 47 27 11 49 21 12 17 13 31 12 27 14 8 10 4 2 3 3 10 20 6 2 4 10 34 20 9 40 23 18 41 38 34 14 26 60 60 32 17 32 33 55 52 42 21 25 23 10 9 9 14 10 4 1 5 1 3 1 2 3 2 16 30 39 49 51 49 68 47 46 27 5 39 51 13 11 13 20 17 20 32 15 30 29 6 11 16 11 11 5 6 5 6 11
64 47 7 10 9 33 11 14 25 27 21 22 21 16 5 7 3 1 5 5 8 7 2 5 4 19 18 10 29 9 19 45 39 21 22 32 44 68 56 25 23 39 34 42 35 23 35 37 20 19 15 7 11 11 6 2 2 2 2 1 3 2 6 8 8 6 34 49 59 70 71 47 7 26 40 53 20 3 10 37 17 37 17 25 16 36 5 16 19 10 13 4 20 4 10 3
56 12 8 14 14 18 4 12 17 25 11 26 34 13 7 3 4 1 2 1 6 6 1 3 4 27 4 23 29 7 44 44 16 13 37 31 15 68 52 12 20 27 26 34 41 31 23 24 14 9 13 5 4 9 4 2 1 1 1 2 3 5 11 12 17 14 37 65 74 61 56 7 16 31 47 57 40 9 22 24 19 19 19 24 24 28 4 7 18 12 17 8 8 4 4 5
