sesion_6_simulaciones/modelos_agentes/ejemplos_netlogo/scenarios/cgcm2_b2/rob_2031.asc
NCOLS 322 
NROWS 307 
XLLCORNER 451900 
YLLCORNER 4086900 
CELLSIZE 100 
NODATA_value -9999 
[rows 150 to 224 of 307, columns 0 to 95 of 322]
19 10 24 52 48 72 66 29 45 49 30 29 80 82 80 53 85 69 73 78 66 45 41 27 42 27 6 17 11 12 7 29 16 28 37 35 12 25 30 28 16 14 25 53 63 44 30 24 19 17 17 20 19 17 27 18 26 28 31 32 46 61 35 35 62 65 73 70 51 15 50 28 23 26 42 12 12 4 1 4 9 8 5 9 3 3 10 5 2 2 1 1 2 2 3 1
7 15 26 17 20 16 16 20 26 22 43 19 42 70 65 54 76 74 71 36 18 25 46 56 64 45 26 12 12 4 8 15 68 48 57 63 77 28 17 31 54 43 67 61 25 22 13 24 15 11 25 22 22 18 21 16 38 43 45 46 67 63 59 46 60 71 67 47 72 39 18 43 44 13 14 5 10 20 7 3 4 6 6 3 4 2 3 11 5 2 2 1 0 2 3 2
55 23 17 16 24 21 27 37 37 40 25 46 22 15 11 12 16 16 23 35 29 67 74 64 78 50 69 34 33 35 22 24 46 9 2 3 23 73 20 13 40 33 41 45 37 50 50 57 30 15 24 25 30 23 8 22 29 64 43 66 59 66 73 87 85 73 68 39 33 79 34 26 21 21 9 2 4 4 14 8 3 4 6 4 2 3 2 2 7 1 1 1 0 0 1 1
59 49 44 34 37 25 30 40 9 23 52 36 30 39 27 26 15 35 50 61 87 72 85 65 68 48 40 48 29 61 47 8 4 10 13 2 12 16 50 17 7 72 24 26 33 23 11 20 39 25 37 43 38 24 10 13 24 52 74 63 78 67 78 75 76 69 61 21 24 63 63 41 20 11 13 6 5 3 6 4 6 3 2 4 2 2 1 1 8 4 1 1 1 0 1 1
78 58 75 60 54 57 67 27 32 23 26 31 36 60 55 26 12 26 60 65 74 86 76 86 72 72 73 72 42 48 69 65 32 7 16 18 37 30 29 49 10 49 37 26 43 8 15 21 13 32 41 51 59 41 40 19 29 50 64 70 54 39 71 71 65 57 50 38 21 34 67 16 15 8 4 3 5 2 5 10 3 4 3 1 1 1 1 1 2 1 3 1 0 0 0 0
74 63 77 62 65 59 48 59 26 23 36 24 69 47 24 46 34 21 21 59 71 62 63 72 48 61 70 70 40 16 40 71 80 62 52 27 33 41 40 49 25 41 75 41 41 25 12 12 13 20 16 18 31 10 15 38 34 58 46 28 25 23 26 40 45 16 22 12 30 41 34 27 10 6 7 2 3 3 3 6 5 2 2 2 1 1 1 1 1 1 1 2 1 0 0 0
49 63 69 81 81 56 37 81 35 20 37 38 34 34 56 56 40 56 40 23 23 54 65 25 45 69 54 82 55 17 16 17 54 76 63 49 38 35 31 41 35 39 78 32 45 43 32 40 42 43 40 41 27 25 34 26 43 72 59 56 54 46 20 10 5 14 10 16 9 18 19 25 28 9 4 2 2 3 3 4 5 6 1 1 1 1 0 0 0 1 1 0 1 0 0 0
64 79 69 86 71 36 70 82 46 46 56 29 59 77 57 42 61 46 34 28 33 29 19 50 48 24 41 69 77 44 33 22 18 69 54 59 68 64 63 71 63 40 71 80 53 48 54 57 54 53 61 66 39 56 60 30 29 45 62 44 39 20 11 16 14 4 2 8 17 18 18 21 7 7 3 2 3 3 4 3 3 2 2 1 1 0 0 0 0 0 0 0 0 1 0 0
46 80 46 78 50 67 75 72 27 56 63 42 29 22 39 41 48 71 61 73 36 25 32 22 31 32 52 84 50 81 40 49 44 59 28 54 57 80 66 55 61 34 51 75 85 56 50 46 70 54 51 42 35 59 62 35 46 74 75 72 38 46 45 29 22 9 7 9 11 10 9 11 8 4 5 1 2 3 3 3 1 1 1 1 0 0 0 0 0 0 0 0 0 0 0 0
20 72 56 71 63 72 69 33 40 68 67 55 50 30 28 17 21 30 27 66 43 19 27 23 65 72 69 72 40 74 77 31 31 38 57 70 60 84 89 60 57 26 29 67 81 78 72 57 67 32 22 30 61 58 54 48 46 34 31 29 24 37 47 36 32 18 13 11 7 7 7 6 3 4 1 2 1 2 1 1 1 1 0 1 1 1 0 0 0 0 0 0 0 0 0 0
21 20 15 50 66 68 30 31 74 48 64 76 65 49 37 42 47 44 47 24 30 47 40 18 54 55 67 76 72 45 83 79 37 19 30 73 72 62 63 62 72 28 28 67 84 86 64 57 61 58 46 30 78 47 82 88 86 78 80 72 49 25 27 21 19 14 12 10 7 4 3 5 4 3 1 2 1 1 1 1 0 0 0 1 0 0 0 0 0 0 0 0 0 0 0 0
24 64 41 30 20 43 37 75 79 54 51 69 47 58 27 44 39 39 45 29 33 34 36 17 60 72 62 85 78 57 72 83 77 42 34 11 27 59 43 25 37 28 21 79 83 82 68 72 67 70 89 93 81 55 43 80 78 42 43 62 54 27 35 24 17 10 7 12 7 2 3 2 3 2 1 1 1 1 1 0 0 0 0 0 0 0 0 0 0 0 0 0 0 0 0 0
58 61 46 62 48 23 47 79 72 76 16 53 65 67 74 45 57 34 29 25 26 13 35 54 79 58 83 88 72 73 50 65 77 50 47 26 56 75 82 82 65 54 39 55 82 69 63 90 62 69 84 84 91 68 49 83 87 63 43 29 63 55 18 36 18 13 6 6 4 3 3 2 2 1 1 1 1 1 0 0 0 0 0 0 0 0 0 0 0 0 0 0 0 0 0 0
48 45 65 46 35 14 42 63 43 79 34 40 70 55 69 57 30 52 44 58 59 56 16 40 57 69 79 81 57 79 59 75 62 59 58 67 62 71 77 70 16 59 67 41 19 50 59 84 69 58 77 73 76 83 43 58 70 89 62 36 42 23 21 17 16 20 15 8 4 2 3 1 1 1 0 0 0 0 0 0 0 0 0 0 0 0 0 0 0 0 0 0 0 0 0 0
31 29 19 35 47 42 16 73 33 29 31 46 57 18 41 59 37 46 39 63 60 39 31 11 37 75 67 78 59 80 57 59 51 33 48 55 70 61 61 71 66 51 25 25 12 17 54 78 62 32 44 66 75 82 75 78 79 72 80 34 21 22 16 19 14 11 13 4 2 3 1 1 1 1 0 0 0 0 0 0 0 0 0 0 0 0 0 0 1 0 0 1 0 1 1 0
26 43 52 43 24 19 17 29 37 37 58 50 60 59 29 42 44 55 26 19 30 61 38 17 9 16 21 55 51 28 11 11 10 21 17 13 44 29 30 53 51 47 45 22 8 17 61 67 56 44 34 25 48 76 71 64 52 47 63 61 19 10 13 12 12 9 3 4 2 1 1 1 1 0 0 0 0 0 0 0 0 0 0 1 1 1 1 1 1 1 1 2 1 2 2 1
46 29 22 20 33 25 25 13 16 16 32 61 58 63 21 21 26 58 60 44 29 24 34 10 23 33 28 23 15 21 34 27 32 30 47 16 14 13 11 13 10 27 24 14 15 25 52 57 63 43 36 30 8 34 33 37 32 47 24 35 25 9 18 16 11 5 4 2 1 1 1 1 0 0 0 0 0 0 0 0 2 2 1 2 3 4 3 5 3 3 8 8 3 6 2 1
34 33 39 62 49 49 36 30 37 38 44 11 15 22 31 46 35 15 56 59 46 21 16 5 20 56 57 44 32 35 53 57 27 55 22 17 19 24 25 23 17 9 18 22 35 39 53 53 63 49 34 15 16 10 17 36 12 8 6 18 8 9 8 4 5 2 1 2 1 0 0 0 0 0 0 0 0 0 1 2 4 4 5 7 8 15 13 7 6 7 2 1 1 1 1 3
42 43 55 40 32 43 44 28 47 64 19 28 47 45 30 48 13 18 20 19 29 14 12 10 26 29 52 46 62 29 55 47 40 41 23 22 28 53 26 52 32 16 10 12 16 25 35 42 40 41 26 37 30 18 19 19 15 8 10 10 20 13 5 1 2 1 1 0 0 0 0 2 2 1 1 1 0 1 3 10 20 14 16 32 23 18 16 11 13 8 2 0 0 0 0 2
56 69 66 66 36 31 37 36 50 58 34 35 51 49 48 29 34 27 33 33 22 25 23 13 30 28 32 56 26 40 51 51 52 35 26 27 24 49 26 57 39 31 27 10 7 6 22 18 58 57 33 23 49 20 8 22 23 25 17 10 12 5 2 1 1 1 0 0 1 1 2 5 6 1 2 3 1 4 14 20 36 56 17 43 21 12 9 8 8 4 2 1 0 0 0 0
22 19 15 17 25 28 51 57 65 45 48 21 41 53 26 12 19 17 23 19 11 8 7 13 24 23 26 32 46 50 42 36 25 31 20 8 29 27 48 59 40 39 54 30 33 15 9 17 15 44 25 31 20 8 7 14 12 8 4 2 2 1 0 0 0 0 1 3 5 4 8 12 10 6 9 5 3 9 27 31 64 34 17 11 5 1 1 4 1 1 1 0 0 0 0 1
33 44 33 49 46 50 38 56 44 38 19 22 34 48 56 48 46 21 16 13 17 5 7 21 57 49 31 30 48 28 20 33 61 35 17 8 29 17 55 25 58 40 52 45 27 15 19 18 9 22 29 18 7 10 7 5 14 4 2 1 1 2 2 3 1 2 4 11 13 14 14 22 12 11 13 10 8 18 38 52 47 23 8 5 3 1 1 1 1 0 0 0 0 0 0 0
27 23 24 49 66 31 36 45 40 45 39 31 51 32 58 47 35 54 43 28 52 21 26 16 49 64 42 61 24 27 40 23 46 42 18 12 19 26 35 19 31 33 47 49 21 31 21 12 12 15 14 16 11 9 7 5 2 1 1 4 4 8 8 8 4 5 13 19 33 37 24 33 34 27 17 28 33 45 49 40 27 32 10 4 1 1 1 0 2 1 0 0 0 0 0 0
34 24 39 58 41 42 37 50 53 44 58 62 56 45 33 29 58 56 38 40 38 28 49 30 35 59 71 48 27 26 17 15 12 12 25 31 8 12 43 45 46 51 43 31 39 28 25 22 12 15 14 15 19 11 4 3 3 4 7 16 14 13 23 14 11 19 25 32 48 36 39 51 64 27 29 40 53 59 63 32 7 4 4 4 3 1 1 0 0 0 0 0 0 0 0 0
27 35 49 50 26 62 45 43 64 67 76 71 64 66 44 19 20 33 34 40 14 35 65 38 46 35 60 74 50 63 43 35 28 29 47 55 21 32 48 60 53 15 19 31 23 26 14 10 16 20 17 27 13 8 10 5 8 10 21 22 22 21 31 22 18 32 43 30 62 59 49 75 57 42 50 70 55 53 15 54 24 18 4 2 2 1 1 1 0 0 0 0 0 0 0 0
29 34 51 39 27 23 30 38 28 36 56 71 46 51 61 25 32 29 24 22 24 63 66 52 33 43 23 48 37 43 35 35 48 47 62 53 31 45 62 60 51 28 13 12 20 19 22 33 18 17 30 15 12 21 11 8 14 27 31 43 37 36 37 28 29 61 66 55 73 73 72 71 82 81 49 47 54 50 13 8 17 21 8 5 1 1 1 1 0 0 0 0 0 0 0 0
33 38 55 31 36 20 28 20 38 45 26 29 24 26 33 46 44 37 62 34 49 65 48 66 27 63 36 65 31 31 45 48 50 46 56 47 46 36 57 58 49 24 10 20 23 22 28 25 24 24 22 29 18 13 12 22 32 36 35 42 40 32 51 44 51 72 73 67 61 83 71 65 57 67 23 17 8 26 29 10 4 9 3 2 1 1 1 0 0 0 0 0 0 0 0 0
41 60 52 72 18 64 51 13 43 38 47 35 62 35 49 45 48 40 39 39 30 56 36 54 43 36 47 41 28 53 52 45 50 53 52 39 44 34 45 64 47 41 41 45 51 25 31 22 40 48 44 50 32 20 33 35 40 52 37 44 63 48 65 68 63 72 51 71 33 48 75 72 65 50 65 44 23 6 4 7 4 2 5 3 2 1 1 1 0 0 0 0 0 0 0 0
70 52 26 34 56 36 19 44 48 58 38 58 34 33 63 41 43 12 38 45 45 17 34 50 39 30 43 18 31 21 25 47 45 72 31 35 31 47 49 22 33 47 22 28 25 32 16 31 47 62 54 49 42 38 35 55 49 61 59 50 58 69 65 69 63 73 52 44 67 32 62 63 40 60 64 71 45 37 29 13 8 3 1 1 1 2 1 1 0 0 0 0 0 0 0 0
50 75 45 44 17 32 27 45 44 52 65 28 37 57 57 65 65 26 31 58 41 31 13 25 48 19 35 29 25 17 21 51 56 46 26 33 32 34 64 42 30 41 21 64 34 29 40 28 57 66 51 47 47 44 43 48 68 63 61 75 76 84 73 58 64 31 41 29 34 35 22 44 27 33 59 61 59 71 45 26 19 21 16 5 1 1 1 1 0 0 0 0 0 0 0 0
26 30 23 21 47 58 38 40 54 64 59 35 43 32 20 21 16 22 30 45 61 29 37 20 33 25 27 14 20 32 38 51 37 33 34 24 36 55 63 48 30 28 43 69 25 54 39 44 56 76 47 50 50 47 48 53 70 77 65 74 83 59 40 68 69 57 42 18 12 4 7 7 12 13 30 42 35 41 45 22 38 19 10 2 1 1 1 1 1 0 0 0 0 0 0 0
26 27 44 35 33 52 56 40 26 59 16 22 39 39 65 30 51 27 33 27 46 37 30 35 26 35 47 25 24 27 45 31 34 48 13 13 25 66 43 36 24 40 45 60 51 46 50 56 67 62 46 63 52 51 64 51 72 83 84 60 70 71 31 17 15 22 26 39 26 16 6 4 1 4 9 23 14 35 51 12 21 36 9 3 2 1 1 1 0 0 0 0 0 0 0 0
25 62 41 24 22 33 38 36 25 23 32 32 32 54 46 34 41 50 43 38 30 63 32 54 30 38 63 22 23 38 21 26 55 33 32 51 47 72 18 15 30 55 54 64 58 45 49 52 62 46 69 73 59 64 63 60 66 70 71 49 50 63 34 30 56 69 71 49 42 24 16 17 4 1 2 10 8 23 41 25 10 9 6 4 2 1 1 1 0 0 0 0 0 0 0 0
31 46 37 35 31 34 40 38 18 11 25 31 47 26 37 42 36 56 36 24 19 24 35 21 18 51 47 29 43 33 25 27 48 29 13 28 38 48 35 34 41 51 74 75 46 51 63 58 66 61 76 79 63 81 73 85 73 67 75 47 36 16 64 56 22 45 63 51 54 52 41 18 6 4 1 1 1 5 18 6 3 1 1 2 1 1 0 0 0 0 0 0 0 0 0 0
56 13 24 43 12 32 22 7 11 6 9 7 14 25 48 24 17 24 47 28 26 16 19 23 13 26 23 31 47 28 8 13 14 28 30 21 54 42 27 39 50 64 79 88 83 79 69 73 67 40 76 57 85 75 70 75 44 54 73 79 32 27 19 75 32 21 39 54 44 35 50 43 39 12 6 2 1 0 0 0 1 0 0 1 1 0 0 0 0 0 0 0 0 0 0 0
6 10 24 15 17 13 11 3 3 16 38 4 11 14 15 31 26 24 37 29 27 23 26 29 9 10 20 26 17 9 2 6 9 46 61 62 76 79 85 83 82 88 74 87 82 88 78 40 69 71 47 43 59 64 67 69 44 69 72 60 55 38 15 44 67 22 7 18 44 57 39 29 10 9 10 5 1 1 1 0 1 1 0 0 1 1 0 0 0 0 0 0 0 0 0 0
6 12 18 7 8 4 16 46 62 26 31 41 47 11 8 25 19 13 18 11 14 7 10 8 12 8 30 33 43 9 3 15 15 11 23 65 74 77 82 82 74 79 75 73 81 86 84 56 43 48 82 62 30 55 24 30 30 69 84 66 45 39 26 19 77 32 27 9 22 33 56 8 3 6 6 10 4 3 2 1 0 0 0 0 0 1 0 0 0 0 0 0 0 0 0 0
15 18 18 26 26 39 58 43 44 46 49 27 35 27 19 12 9 7 8 8 4 7 34 35 59 58 28 14 34 12 4 39 33 18 24 28 37 73 71 82 68 49 58 57 69 83 88 88 45 45 62 65 47 23 42 17 41 51 72 68 20 28 22 12 74 42 16 10 8 44 49 59 15 9 5 2 1 1 1 1 1 1 0 0 0 0 0 0 0 0 0 0 0 0 0 0
33 40 29 66 50 58 62 69 73 66 48 41 58 30 27 10 7 9 4 10 8 6 3 9 16 28 48 41 14 17 16 16 28 42 10 23 44 57 61 69 71 45 31 44 59 80 86 82 88 83 37 47 40 31 15 14 22 44 63 68 19 18 21 15 39 81 40 18 6 3 4 15 5 5 3 7 3 1 1 0 0 0 1 0 0 0 0 0 0 0 0 0 0 0 0 0
30 54 58 69 70 63 76 61 81 69 48 75 66 38 70 58 54 30 13 3 3 4 3 4 7 12 21 48 10 9 18 12 41 33 43 36 25 22 12 8 54 64 30 45 38 47 65 64 81 86 80 48 43 54 27 30 16 47 63 53 54 15 27 18 11 64 76 36 19 4 2 3 12 5 3 2 3 3 1 1 0 0 0 0 0 0 0 0 0 0 0 0 0 0 0 0
11 15 28 67 78 66 85 83 80 79 71 77 57 75 85 78 58 36 53 24 17 10 11 11 13 28 48 18 15 18 15 34 58 37 44 51 41 36 27 25 19 31 27 29 20 39 67 46 60 75 85 50 36 29 35 29 5 32 49 46 46 25 14 13 5 38 65 53 22 14 2 1 7 13 3 1 1 0 1 0 0 0 0 0 0 0 0 0 0 0 0 0 0 0 0 0
24 22 31 68 74 76 73 60 55 85 88 69 81 84 84 73 60 64 56 52 37 8 19 29 46 75 68 21 9 16 22 29 28 40 28 40 42 46 50 30 19 19 18 13 25 32 45 43 14 52 71 78 30 20 25 11 9 5 20 25 59 47 7 7 14 20 25 45 8 11 6 1 1 5 3 2 1 1 1 1 0 0 0 0 0 0 0 0 0 0 0 0 0 0 0 0
15 16 17 15 14 18 42 48 47 18 38 81 90 85 82 54 57 80 67 54 66 21 23 14 11 15 58 70 26 9 21 24 31 51 43 32 44 42 55 36 41 51 38 28 18 10 39 41 29 18 42 60 39 15 6 5 14 4 8 20 19 17 9 6 6 11 5 48 6 8 4 4 0 2 2 3 2 1 1 1 1 0 0 0 0 0 0 0 0 0 0 0 0 0 0 0
10 19 28 56 45 48 72 43 41 32 38 20 66 85 86 69 68 76 55 60 44 71 41 48 38 18 10 15 25 15 6 24 36 58 29 32 22 32 51 45 38 34 25 24 35 27 22 7 20 42 21 26 6 7 3 8 6 10 6 6 16 20 11 6 2 3 2 19 23 3 1 2 2 0 1 1 2 1 0 0 0 0 0 0 0 0 0 0 0 0 0 0 0 0 0 0
10 26 15 13 26 17 21 31 32 37 19 10 18 37 71 79 79 42 19 28 30 68 51 63 48 39 28 10 10 23 13 61 50 29 65 43 42 44 49 34 38 54 54 42 44 25 26 12 12 8 37 20 16 7 5 4 7 8 4 5 12 23 11 5 3 2 4 13 26 9 2 1 3 2 1 0 0 1 1 0 0 0 0 0 0 0 0 0 0 0 0 0 0 0 0 0
25 6 18 31 41 42 27 27 32 40 46 32 51 28 26 33 45 32 28 43 71 33 36 53 70 73 21 23 14 58 33 36 67 53 72 33 74 43 37 34 38 38 33 40 31 28 24 14 11 9 8 13 8 7 8 6 4 6 2 1 2 4 8 5 7 3 3 5 7 8 3 3 4 1 1 0 0 0 1 0 0 0 0 0 0 0 0 0 0 0 0 0 0 0 0 0
49 25 41 31 31 45 37 48 57 45 31 33 17 43 50 37 37 29 27 42 28 64 52 39 19 40 46 52 56 14 18 51 48 17 39 37 22 56 32 36 37 44 21 25 13 13 11 15 14 12 5 3 14 13 8 10 4 4 3 3 1 3 9 2 3 2 2 2 3 6 1 2 1 1 1 0 0 0 0 0 0 0 0 0 0 0 0 0 0 0 0 0 0 0 0 0
68 56 15 17 46 24 48 70 39 32 47 38 38 61 22 39 29 29 27 24 38 50 44 43 36 22 29 34 20 29 14 47 34 39 47 58 18 25 48 21 26 40 31 35 29 9 12 13 7 10 3 6 1 3 3 12 3 4 3 4 2 2 1 1 0 0 0 0 1 1 1 0 1 1 0 1 1 0 0 0 0 0 0 0 0 0 0 0 0 0 0 0 0 0 0 0
68 60 85 32 27 48 16 15 45 55 30 51 29 50 21 48 47 41 39 49 55 59 46 26 39 39 30 35 54 58 46 14 11 17 43 34 32 10 45 43 38 29 12 15 22 20 11 6 8 9 5 1 11 5 3 9 5 1 2 1 1 2 1 1 0 0 0 0 0 1 1 0 0 1 1 1 1 0 1 0 0 0 0 0 0 0 0 0 0 0 0 0 0 0 0 0
50 62 76 63 22 16 52 29 9 23 41 29 18 27 39 36 27 20 33 40 46 48 78 58 44 41 36 31 56 67 48 31 12 25 48 43 58 29 9 46 28 38 33 23 11 9 11 11 7 7 2 1 2 1 0 3 2 2 1 1 1 1 1 1 1 0 0 0 0 0 1 0 1 1 1 1 1 0 0 0 0 0 0 0 0 0 0 0 0 0 0 0 0 0 0 0
54 62 81 70 76 42 15 60 26 28 60 27 39 31 21 41 23 28 30 26 21 33 63 56 44 45 40 32 43 65 73 47 27 22 55 58 61 40 16 23 67 24 20 44 23 21 13 14 10 3 2 1 0 1 1 1 2 1 1 0 0 0 1 1 0 0 0 0 0 0 0 0 0 0 0 0 0 0 0 0 0 0 0 0 0 0 0 0 0 0 0 0 0 0 0 0
62 55 52 73 51 58 57 24 64 38 50 65 54 62 44 25 29 24 35 54 31 43 67 65 45 44 40 26 17 19 60 53 37 28 22 62 45 32 25 14 18 49 10 11 11 11 11 14 19 6 8 2 1 1 1 0 1 0 0 1 0 0 0 0 0 0 0 0 0 0 0 0 0 0 0 0 0 0 0 0 0 0 0 0 0 0 0 0 0 0 0 0 0 0 0 0
31 69 64 75 62 69 69 60 39 29 22 18 32 23 23 51 43 30 47 21 61 30 68 79 45 46 44 24 13 5 12 33 51 37 13 38 51 21 45 34 21 11 30 32 14 11 16 8 11 4 9 2 1 1 0 0 0 0 0 1 1 0 0 0 0 0 0 0 0 0 0 0 0 0 0 0 0 0 0 0 0 0 0 0 0 0 0 0 0 0 0 0 0 0 0 0
21 25 14 35 38 14 18 14 39 36 53 51 48 56 23 23 51 51 43 47 35 28 59 81 66 59 51 45 25 7 6 6 38 27 29 29 47 17 43 44 30 11 9 25 16 20 12 8 8 2 0 1 1 1 1 1 0 0 0 0 0 0 0 0 0 0 0 0 0 0 0 0 0 0 0 0 0 0 0 0 0 0 0 0 0 0 0 0 0 0 0 0 0 0 0 0
27 43 38 21 23 40 30 31 34 60 33 59 43 27 37 47 32 22 28 44 27 72 44 63 72 56 60 50 47 19 7 8 5 14 28 30 35 17 40 20 28 24 15 11 16 10 8 13 7 4 2 1 1 1 0 0 0 0 0 0 0 0 0 0 0 0 0 0 0 0 0 0 0 0 0 0 0 0 0 0 0 0 0 0 0 0 0 0 0 0 0 0 0 0 0 0
48 34 51 35 45 63 46 39 49 57 33 42 36 19 34 62 46 47 30 31 61 47 34 26 78 49 22 16 13 8 9 3 9 4 7 10 66 42 19 32 19 9 15 15 8 14 6 5 11 7 5 2 1 0 0 0 0 0 0 0 0 0 0 0 0 0 0 0 0 0 0 0 0 0 0 0 0 0 0 0 0 0 0 0 0 0 0 0 0 0 0 0 0 0 0 0
39 35 36 35 17 37 39 41 34 28 56 51 37 17 33 38 31 41 48 70 49 30 42 58 74 65 31 22 21 20 17 16 6 8 9 5 3 4 13 15 11 19 6 13 9 14 12 4 10 4 5 4 2 1 0 0 0 0 0 0 0 1 1 1 0 0 0 0 0 0 0 0 0 0 0 0 0 0 0 0 0 0 0 0 0 0 0 0 0 0 0 0 0 0 0 0
31 23 32 22 37 33 41 33 21 18 27 28 20 43 40 41 31 49 37 30 30 27 15 9 15 16 13 20 40 37 20 40 25 7 5 3 4 4 3 10 8 15 11 4 12 7 9 6 4 2 2 2 1 1 0 0 0 0 1 1 1 1 1 1 0 0 0 0 0 0 0 0 0 0 0 0 0 0 0 0 0 0 0 0 0 0 0 0 0 0 0 0 0 0 0 0
40 29 35 11 25 25 43 51 72 68 60 15 24 43 34 22 31 43 54 43 44 20 28 23 16 19 46 23 26 37 47 31 16 15 14 2 1 2 3 5 5 7 10 11 10 8 4 3 6 2 1 1 0 0 0 1 0 1 1 1 1 1 1 1 1 0 0 1 1 0 0 0 0 0 0 0 0 0 0 0 0 0 0 0 0 0 0 0 0 0 0 0 0 0 0 0
15 19 13 12 37 38 23 40 75 76 64 73 52 26 38 51 39 46 46 23 16 20 43 32 29 29 43 18 8 25 19 11 5 9 13 7 3 2 5 3 2 3 3 3 4 4 3 2 3 2 1 0 1 1 1 1 1 2 2 2 1 2 2 1 2 1 1 1 1 1 0 0 0 0 0 0 0 0 0 0 0 0 0 0 0 0 0 0 0 0 0 0 0 0 0 0
11 21 36 36 46 37 56 46 17 30 65 66 65 71 75 60 82 56 45 42 17 10 36 25 26 36 19 17 10 8 19 19 17 12 14 6 5 9 11 3 2 8 3 4 2 1 3 1 1 1 0 1 1 3 3 3 2 2 2 2 1 3 4 5 4 2 1 1 1 1 0 0 0 0 0 0 0 0 0 0 0 0 0 0 0 0 0 0 0 0 0 0 0 0 0 0
26 10 6 21 52 61 64 82 73 38 48 83 69 58 77 58 81 81 80 59 33 46 10 12 12 10 28 30 31 41 10 38 32 14 4 6 2 7 7 3 9 4 3 3 3 1 2 1 1 1 2 2 6 9 9 5 7 3 4 3 2 5 6 5 3 2 2 1 1 1 1 0 0 0 0 0 0 0 0 0 0 0 0 0 0 0 0 0 0 0 0 0 0 0 0 0
33 32 54 21 15 34 53 71 73 43 31 79 45 39 77 58 56 34 49 59 19 30 25 20 14 17 23 27 23 42 17 9 8 19 11 11 4 16 7 6 9 10 8 6 6 8 7 4 1 5 9 8 11 20 20 14 5 2 10 5 4 7 6 4 6 5 1 3 3 1 1 0 0 0 0 0 0 0 0 0 0 0 0 0 0 0 0 0 0 0 0 0 0 0 0 0
65 36 47 71 53 27 25 33 33 72 30 70 52 46 72 39 19 28 37 26 20 8 24 16 20 33 30 12 8 24 15 9 3 2 3 3 13 14 6 4 23 23 9 21 15 6 5 2 2 7 20 17 21 46 15 10 8 4 20 6 5 7 12 12 7 4 3 3 1 1 1 0 0 0 0 0 0 0 0 0 0 0 0 0 0 0 0 0 0 0 0 0 0 0 0 0
78 76 47 64 77 83 70 39 19 19 47 76 65 32 67 37 36 27 36 28 13 9 28 12 29 24 24 19 14 11 6 6 7 10 13 8 18 3 6 12 26 23 30 29 12 4 2 4 10 8 17 38 55 19 12 16 14 7 31 10 22 6 15 6 6 14 6 2 4 1 1 1 2 1 0 0 0 0 0 0 0 0 0 0 0 0 0 0 0 0 0 0 0 0 0 0
71 81 78 71 72 84 72 85 57 15 39 65 14 27 52 46 38 16 44 9 10 8 16 9 42 25 13 9 8 2 2 7 12 8 19 7 25 5 18 18 40 43 47 13 11 6 5 14 24 21 21 44 43 23 27 41 26 14 44 37 14 17 14 18 27 11 7 4 2 1 1 5 2 0 0 0 0 0 0 0 0 0 0 0 0 0 0 0 0 0 0 0 0 0 0 0
56 81 79 88 76 71 81 81 68 42 36 35 43 17 46 39 30 20 13 8 8 8 24 14 18 16 14 28 18 17 18 18 10 5 6 17 39 15 22 32 59 53 30 13 7 12 13 39 53 38 28 55 38 26 39 58 19 36 40 33 39 12 17 46 38 13 8 3 4 4 2 2 1 1 0 0 0 0 0 0 0 0 0 0 0 0 0 0 0 0 0 0 0 0 0 0
18 69 81 70 76 37 60 67 66 62 52 61 43 14 46 71 42 19 21 14 6 13 22 13 11 13 19 6 9 9 3 7 6 15 40 27 47 20 20 34 58 33 12 5 12 32 33 34 69 50 57 58 30 53 63 52 21 40 29 52 37 44 49 37 21 11 11 4 2 0 0 0 0 0 0 0 0 0 0 0 0 0 0 0 0 0 0 0 0 0 0 0 0 0 0 0
32 27 53 27 14 14 20 16 18 9 13 24 52 17 10 46 55 38 30 27 13 10 8 8 23 7 13 13 36 30 5 14 16 19 54 63 72 37 23 50 39 13 7 17 42 46 44 42 75 57 62 75 64 55 72 57 52 29 49 54 28 46 32 7 2 2 1 2 4 3 2 1 1 0 0 0 0 0 0 0 0 0 0 0 0 0 0 0 0 0 0 0 0 0 0 0
36 33 16 21 32 56 54 21 22 4 9 12 8 4 15 9 10 18 9 7 5 24 13 13 6 24 22 27 15 22 19 33 33 33 62 76 58 48 39 55 23 18 16 35 54 55 66 44 66 77 67 79 83 62 58 73 79 54 70 62 57 68 32 40 19 12 9 5 2 0 1 1 0 0 0 0 0 0 0 0 0 0 0 0 0 0 0 0 0 0 0 0 0 0 0 1
59 57 45 39 58 64 62 48 19 15 26 18 23 16 16 21 16 6 6 8 11 29 13 14 24 30 15 56 50 36 45 50 49 52 61 43 29 43 24 52 37 26 25 44 62 71 75 68 71 77 65 74 69 65 21 28 64 74 68 42 11 7 16 11 31 9 5 8 1 1 0 0 1 0 0 0 0 0 0 0 0 0 0 0 0 0 0 0 0 0 0 0 0 0 0 0
39 13 46 55 63 54 53 29 9 19 19 25 51 41 19 18 7 13 11 12 3 6 46 30 20 6 9 28 44 36 35 44 63 40 68 30 42 28 10 48 39 32 46 64 66 79 77 62 79 85 60 36 36 26 12 11 35 45 30 14 20 12 9 11 6 4 3 1 3 1 1 0 0 0 0 0 0 0 0 0 0 0 0 0 0 0 0 0 0 0 0 0 0 0 0 0
25 34 44 61 48 36 46 31 7 20 24 28 50 22 19 11 10 4 5 7 16 29 28 38 29 25 20 33 54 29 20 47 60 36 62 54 32 30 36 63 37 35 50 67 60 74 54 56 58 78 75 44 26 24 19 8 11 19 9 11 11 6 3 10 4 5 2 3 1 1 1 1 0 0 0 0 0 0 0 0 0 0 0 0 0 0 0 0 0 0 0 0 0 1 2 1
51 60 47 32 33 42 39 44 22 10 14 29 32 14 7 9 11 21 26 27 30 43 27 64 50 46 37 38 30 47 31 47 40 47 71 21 25 37 43 67 63 59 50 74 36 21 32 19 17 56 62 40 33 17 11 11 5 6 9 9 6 10 3 4 6 2 2 2 2 1 0 0 0 0 0 0 0 0 0 0 0 0 0 0 0 0 0 0 1 1 0 0 1 1 0 0
49 70 70 76 59 58 45 46 30 36 45 58 24 18 16 26 25 42 23 25 62 18 39 47 48 36 29 62 45 44 43 51 44 62 41 31 43 55 48 64 66 65 64 87 79 70 57 51 42 16 21 25 14 11 7 6 5 7 6 5 4 5 3 10 9 3 2 1 1 0 0 0 0 0 0 0 0 0 0 0 0 0 0 0 0 0 0 0 1 1 0 1 1 1 0 0
