sesion_6_simulaciones/modelos_agentes/ejemplos_netlogo/scenarios/cgcm2_b2/rob_2056.asc
NCOLS 322 
NROWS 307 
XLLCORNER 451900 
YLLCORNER 4086900 
CELLSIZE 100 
NODATA_value -9999 
[rows 219 to 291 of 307, columns 192 to 287 of 322]
13 12 4 2 2 2 1 1 1 1 0 0 0 0 0 0 0 0 0 0 0 0 1 1 0 0 0 0 1 1 1 2 8 19 53 56 39 55 47 37 49 52 53 52 43 35 25 61 48 29 32 28 28 33 7 52 40 17 20 38 52 59 48 82 79 83 81 50 30 25 59 60 75 35 4 2 1 0 0 0 0 0 0 0 0 0 0 0 1 1 1 2 2 3 6 5
19 8 7 13 7 4 2 2 1 0 0 0 0 0 0 0 0 0 0 1 1 0 0 1 1 1 0 1 1 2 2 1 8 18 39 29 52 39 42 37 50 46 39 57 40 26 28 23 31 17 40 28 16 21 31 14 10 22 14 50 67 60 55 82 89 81 81 90 77 51 37 37 46 25 16 4 2 0 0 0 0 0 0 0 0 0 0 1 1 1 2 2 4 4 4 11
5 2 1 7 4 2 2 0 0 0 0 0 0 0 0 0 0 0 0 0 1 2 2 2 1 1 1 2 2 2 2 3 5 16 22 23 20 34 41 37 58 51 53 65 46 41 40 32 40 18 50 23 11 9 30 38 5 11 40 36 46 32 20 59 84 68 72 83 91 75 24 8 4 6 7 1 0 0 0 0 0 0 0 0 0 0 0 0 0 1 2 1 2 2 5 8
3 3 1 1 4 2 1 1 0 0 0 0 0 0 0 0 0 0 0 0 1 2 8 5 3 4 3 3 6 7 3 5 16 18 17 13 23 41 38 41 44 36 39 59 36 45 48 27 35 48 38 33 13 11 15 14 14 36 58 57 40 34 44 28 62 80 70 64 78 81 45 25 8 2 1 0 0 0 0 0 0 0 0 0 0 0 0 0 0 1 2 2 3 3 5 3
11 12 7 5 2 1 1 1 0 0 0 0 0 0 0 0 0 0 0 1 1 3 8 13 5 7 8 7 12 14 9 10 19 23 24 15 26 22 30 32 38 32 40 58 44 30 45 29 38 32 27 16 18 14 8 9 12 27 27 28 23 36 44 32 39 64 57 51 69 74 47 16 7 2 0 0 0 0 0 0 0 0 0 0 0 0 0 0 0 1 1 2 3 4 5 7
13 10 9 5 3 2 2 1 0 0 0 0 0 0 0 0 0 1 0 1 1 5 9 21 19 11 12 17 17 30 28 18 20 22 26 16 29 13 29 30 23 30 36 57 64 30 43 39 20 16 22 19 27 8 4 13 15 33 17 37 37 41 46 45 20 26 7 4 10 49 58 18 5 1 1 0 0 0 0 0 0 0 0 0 0 0 0 1 1 1 1 3 3 4 6 14
7 5 4 2 1 1 1 0 0 0 0 0 0 0 0 0 1 1 1 1 2 3 7 18 26 27 21 23 19 35 63 44 28 28 15 18 23 21 41 24 20 21 33 37 54 49 18 29 10 9 9 6 15 13 2 10 14 13 24 44 51 46 57 48 22 26 16 20 7 7 25 10 3 2 1 1 1 0 0 0 0 0 0 0 0 0 0 1 1 1 1 4 5 4 6 10
7 4 3 1 0 0 1 0 0 0 0 0 0 0 0 1 1 1 2 3 2 4 10 13 28 55 34 29 33 24 43 57 29 39 28 33 39 38 25 26 16 21 21 22 26 34 23 44 30 9 30 23 10 7 3 8 34 32 37 45 62 52 48 32 25 24 30 38 17 10 8 2 3 2 2 2 1 1 0 0 0 0 0 0 0 0 1 0 0 1 1 1 4 6 6 10
5 7 4 3 2 1 1 0 0 0 0 0 0 0 1 1 1 1 3 7 8 11 12 17 26 53 67 41 57 34 43 57 41 28 48 49 38 33 33 30 8 14 13 22 31 34 43 55 62 22 19 18 13 5 7 10 21 20 38 53 55 39 35 26 52 42 48 38 19 12 4 3 4 5 4 3 2 1 1 0 0 1 1 0 0 0 0 0 0 1 1 1 2 2 6 11
8 4 2 1 1 0 0 0 0 0 0 0 0 0 1 1 0 1 4 8 17 28 41 28 34 47 77 39 58 37 41 57 23 25 46 48 50 45 35 32 21 21 18 15 34 37 35 52 44 42 28 19 13 8 25 39 35 42 54 68 47 29 32 47 75 66 40 27 18 9 9 7 9 7 9 4 3 2 0 0 0 1 1 1 1 1 0 1 1 1 2 2 3 3 4 11
8 4 2 1 1 1 0 0 0 0 0 0 0 0 0 0 0 1 2 5 8 22 45 63 55 48 67 65 73 43 63 36 23 22 33 52 52 53 29 30 30 32 21 19 25 38 39 37 30 26 35 32 15 18 24 22 41 27 40 14 27 51 54 78 71 50 37 24 27 26 20 15 14 16 5 4 2 1 1 0 0 1 2 1 1 1 1 1 1 1 1 2 6 6 8 11
2 2 1 0 0 0 0 0 0 0 0 0 0 0 0 1 2 1 2 4 13 21 41 43 64 61 72 76 68 40 54 27 23 49 34 48 52 38 34 42 40 43 20 21 43 41 50 39 45 20 20 17 13 4 11 8 70 41 20 34 46 48 55 47 31 28 28 29 21 25 35 33 20 6 2 1 1 1 0 0 0 0 2 1 1 1 3 5 1 1 1 3 4 4 7 12
1 1 1 0 1 0 0 0 0 0 0 0 0 1 1 2 2 2 4 10 12 22 41 54 51 58 64 62 64 62 70 38 28 40 50 39 48 42 37 36 39 27 31 20 22 27 42 46 40 30 12 13 9 10 19 21 7 76 76 49 30 16 34 31 41 34 25 17 10 31 59 35 14 5 2 1 0 0 0 0 0 1 1 1 2 1 2 3 5 1 1 3 4 6 6 11
1 0 0 0 0 0 0 0 0 0 0 0 0 1 2 2 1 3 7 9 10 33 52 63 50 54 65 57 75 82 52 42 42 57 35 51 49 46 42 40 38 33 51 16 31 30 39 34 22 10 26 12 16 18 27 49 33 27 38 43 23 43 27 29 26 31 28 11 19 35 36 15 10 7 2 1 0 0 0 1 0 1 0 3 3 1 1 1 9 2 2 4 5 6 5 7
1 0 0 0 0 0 0 0 0 0 0 0 0 0 1 1 3 5 10 25 17 20 61 52 69 56 61 65 25 79 55 50 41 58 47 36 42 52 43 42 41 34 59 18 18 57 38 33 30 18 33 13 14 35 45 17 44 44 24 12 24 13 22 28 26 27 17 49 36 14 23 10 6 4 2 0 0 0 0 0 1 1 1 1 2 3 1 3 5 6 5 2 3 11 8 7
1 1 1 0 0 0 0 0 0 0 0 0 0 0 1 1 2 4 11 24 36 47 71 57 70 69 71 64 69 62 81 47 39 48 42 20 27 46 50 55 40 19 38 45 11 28 29 52 27 25 32 21 14 29 21 21 11 13 18 34 28 31 28 42 20 22 34 17 12 18 14 8 5 1 0 0 1 0 1 1 1 1 1 2 4 6 2 2 5 6 18 8 3 5 15 13
0 1 0 0 0 0 0 0 0 0 0 0 0 0 1 1 1 4 11 21 40 34 51 17 36 59 57 25 24 46 74 36 45 77 41 39 46 53 32 12 23 11 38 44 12 34 48 29 10 20 31 25 15 24 18 9 33 36 49 32 16 24 51 62 43 35 52 49 38 24 12 7 2 1 0 0 1 1 2 1 1 1 2 2 5 4 9 3 7 4 2 12 4 5 6 11
1 0 0 0 0 0 0 0 0 0 0 0 0 0 0 0 1 2 8 16 23 17 17 45 40 42 29 33 46 46 62 61 63 64 58 52 48 42 42 21 30 28 31 47 10 21 36 30 14 13 14 23 18 20 7 21 38 15 21 29 31 54 62 64 65 59 39 25 32 20 32 12 3 1 0 0 0 2 1 1 1 2 2 1 3 5 5 13 10 10 6 15 8 1 5 5
1 0 0 0 0 0 0 0 0 0 0 0 0 0 0 0 1 2 3 4 8 37 39 34 44 53 47 35 41 51 47 47 60 60 41 46 41 44 48 18 45 36 27 48 9 14 33 24 32 30 11 10 26 23 14 22 25 19 47 33 60 44 45 70 80 49 39 16 35 12 8 5 1 1 1 1 1 2 2 2 3 2 2 2 3 2 5 14 27 33 6 6 10 5 8 16
0 0 0 0 0 0 0 0 0 0 0 0 0 0 0 0 0 1 2 5 10 17 28 24 21 35 49 35 46 33 43 49 50 70 49 58 40 55 35 38 21 31 17 35 10 8 18 18 19 28 28 11 14 4 16 8 8 30 35 30 40 31 57 64 65 71 37 12 7 7 4 1 0 2 2 2 1 2 4 4 8 4 3 3 4 3 2 2 3 8 24 21 13 9 10 15
0 0 0 0 0 0 0 0 0 0 0 0 1 1 0 1 2 1 1 4 10 18 17 27 36 48 36 30 37 36 21 25 46 37 32 60 26 48 34 30 30 31 62 38 14 16 28 41 16 10 12 12 4 19 5 10 22 53 48 72 70 53 37 44 40 26 27 25 11 5 1 0 1 3 2 5 2 2 5 9 6 10 5 4 5 4 6 4 4 6 14 12 12 39 13 21
0 0 0 0 0 0 0 0 0 0 0 1 1 1 1 1 2 2 3 2 6 4 9 13 17 30 25 20 26 28 37 36 22 19 12 59 32 59 26 35 27 24 64 43 29 18 49 29 29 20 10 29 10 28 19 31 36 16 34 39 44 39 23 33 45 31 34 13 14 5 3 0 2 3 3 5 8 3 4 6 8 14 8 11 6 3 4 8 2 1 3 3 4 16 24 15
0 0 0 0 0 0 0 0 0 0 1 1 1 1 3 1 2 5 4 8 16 20 31 38 43 39 39 54 56 40 47 61 57 36 48 41 61 50 26 29 21 16 14 44 23 10 19 24 23 16 21 34 46 55 84 73 74 64 66 42 43 43 48 57 44 29 20 12 9 4 1 0 2 3 6 6 8 6 7 13 8 18 11 16 8 4 5 9 12 3 7 8 5 3 4 8
0 0 0 0 0 0 0 0 0 0 1 1 1 2 3 2 1 2 8 16 29 27 38 52 63 70 68 59 77 64 45 43 37 25 15 15 32 34 40 27 29 9 12 36 13 11 11 23 10 19 4 3 6 8 25 42 83 83 60 58 46 42 22 50 35 22 17 11 3 1 0 1 3 4 3 5 8 13 9 15 9 5 22 21 12 5 6 15 11 5 8 12 10 20 26 36
0 0 0 0 0 0 1 1 1 1 0 0 1 2 2 5 1 1 3 7 19 39 20 45 44 60 66 52 12 29 46 32 21 20 25 35 38 20 43 14 25 11 5 23 16 19 6 6 5 12 11 8 9 9 10 9 27 58 73 77 82 43 37 26 20 17 16 13 8 2 1 2 6 6 5 7 22 17 18 19 19 7 8 33 17 7 7 10 10 8 12 7 17 21 31 40
0 0 0 0 0 1 1 1 1 1 0 1 1 2 2 4 2 1 3 5 11 16 14 32 28 27 26 17 14 16 27 23 22 29 25 15 26 40 32 6 16 20 5 11 12 4 3 17 12 10 25 15 22 27 27 33 38 54 46 36 49 78 59 44 35 30 27 13 6 2 1 6 8 13 13 10 19 24 19 14 13 14 5 20 30 15 15 6 18 9 18 18 12 24 26 19
0 0 0 1 1 1 1 1 1 1 1 1 1 2 3 2 6 1 1 1 4 4 10 13 20 33 30 36 42 28 40 21 22 36 29 22 22 15 7 8 16 20 56 24 7 10 3 9 12 9 26 34 18 36 54 30 26 24 28 20 21 37 56 52 42 24 22 12 4 1 3 7 9 13 15 17 12 34 22 34 18 27 18 18 50 22 29 12 20 19 20 32 20 22 19 28
0 0 1 1 1 1 1 1 2 2 1 1 1 3 5 4 4 1 2 4 3 3 9 13 21 28 35 32 34 52 46 47 40 58 18 15 17 22 21 18 38 36 11 11 32 13 6 8 8 37 50 13 32 30 25 28 44 39 48 31 26 23 23 25 26 19 12 8 3 2 4 10 10 18 14 14 14 22 30 39 28 18 31 18 53 17 20 24 15 36 22 22 24 17 19 20
0 1 1 1 2 1 1 2 3 3 1 1 2 2 8 18 2 2 2 7 8 11 8 11 16 18 30 21 27 38 40 33 27 28 29 30 23 32 30 18 10 8 5 3 6 15 18 8 37 56 11 7 11 38 36 32 30 39 28 25 31 23 21 14 13 11 9 5 3 4 9 11 11 14 14 15 18 24 34 28 29 25 29 44 56 18 23 26 17 38 25 12 31 13 7 16
1 1 1 2 2 1 2 3 6 5 1 1 1 4 6 8 3 3 2 6 11 12 13 7 8 8 20 26 27 36 27 24 28 28 26 25 24 19 17 20 12 7 5 4 6 3 5 27 8 28 9 11 12 11 22 75 47 50 40 36 27 23 19 13 11 9 7 4 3 4 8 11 8 13 13 23 30 20 23 45 36 42 42 43 55 35 39 16 41 34 10 19 27 10 15 21
1 1 2 5 2 1 2 3 5 11 2 1 3 4 7 13 7 4 4 11 16 26 14 18 18 7 12 18 22 20 28 18 25 26 26 15 13 7 10 12 23 22 19 14 13 18 16 4 3 6 13 30 33 30 36 20 34 37 50 48 36 23 17 15 12 10 7 3 2 8 10 12 16 15 27 24 22 33 21 18 32 35 33 49 25 81 44 17 30 32 8 20 17 32 18 25
2 5 2 7 4 2 2 4 7 9 2 1 4 5 10 11 13 1 9 15 19 32 19 21 22 31 19 16 11 13 15 26 42 30 12 25 10 25 14 14 17 22 11 8 6 10 4 5 11 21 29 25 36 33 45 14 12 13 14 27 24 26 21 20 17 15 11 5 2 9 10 11 17 21 27 12 21 16 34 15 23 21 35 23 48 72 28 20 45 17 10 21 19 29 33 31
2 3 6 6 5 5 3 4 8 18 2 4 5 10 10 19 3 2 10 15 27 36 42 26 47 30 32 31 19 21 14 47 55 32 35 21 17 24 15 12 22 8 12 5 8 8 7 7 7 23 23 18 36 42 35 13 27 36 34 40 37 32 32 34 26 23 14 6 2 11 12 11 27 18 23 38 35 25 14 28 18 28 32 39 33 56 47 39 41 19 18 28 16 17 8 40
1 2 7 8 8 6 4 5 11 12 3 7 9 22 28 10 2 2 11 16 20 41 39 45 30 33 51 38 34 33 35 41 55 47 36 39 37 20 38 20 10 15 5 3 3 7 6 7 7 12 16 25 31 26 40 37 39 47 47 50 53 55 38 28 18 12 13 3 5 13 20 15 30 33 24 26 35 26 29 10 39 12 18 39 41 57 64 73 37 21 31 26 31 33 22 48
3 3 9 13 17 9 5 7 15 17 4 5 13 28 17 4 2 6 11 16 31 35 39 41 46 36 48 41 55 53 53 38 21 25 34 32 32 14 26 23 22 14 7 6 12 6 5 13 5 5 7 13 33 50 36 35 55 55 54 37 55 35 17 22 23 16 7 4 4 12 28 17 26 33 38 29 40 25 32 24 19 41 21 8 12 36 56 69 34 45 35 30 27 46 19 20
3 5 6 9 26 16 6 9 14 18 4 4 14 29 10 4 3 7 17 18 19 25 30 39 60 35 41 39 33 53 55 40 41 30 29 17 24 24 30 19 17 10 7 10 21 10 9 11 3 3 5 24 37 25 52 60 29 37 26 27 22 21 31 32 17 14 12 4 5 7 32 22 22 25 30 39 32 30 15 29 15 45 27 21 12 10 30 46 53 70 40 36 29 41 14 19
4 10 8 7 12 26 9 13 25 7 5 6 11 36 16 5 3 11 16 18 31 43 41 57 54 48 28 33 52 45 25 54 70 53 24 23 17 19 27 18 9 14 14 10 10 4 7 4 13 9 16 22 28 43 53 40 53 31 37 38 33 29 25 19 19 17 8 4 5 11 13 39 23 21 26 29 46 43 29 49 19 18 29 25 20 17 18 34 52 56 39 39 33 37 20 30
5 7 18 15 7 19 7 16 44 8 8 16 23 27 9 8 1 5 21 24 41 33 39 59 57 51 45 19 14 17 24 22 26 10 12 21 33 19 19 30 20 12 8 7 4 2 3 5 16 17 22 26 35 43 61 57 57 44 37 46 36 40 40 24 21 20 8 7 7 21 24 23 43 20 24 28 53 43 31 25 35 19 15 40 33 20 24 24 43 47 57 38 32 23 35 18
6 9 21 29 12 32 8 17 47 21 9 24 30 16 7 2 2 4 9 25 44 47 38 41 47 63 43 19 25 20 23 23 28 21 15 8 18 24 29 26 14 12 4 7 7 3 7 3 1 3 21 18 17 34 35 28 27 51 50 44 47 26 26 25 19 18 16 4 10 22 27 24 29 11 31 31 32 48 59 48 46 26 19 17 35 22 18 31 46 79 69 35 23 21 35 16
8 9 12 34 15 28 16 16 21 30 14 35 27 6 2 4 6 9 17 32 33 38 47 27 38 47 61 27 19 20 30 27 27 25 20 27 17 21 12 6 6 11 6 5 9 5 4 1 6 10 13 29 65 49 32 61 55 73 50 36 44 44 40 36 33 18 16 9 13 26 23 36 50 20 21 46 36 52 43 37 55 21 29 31 55 22 13 19 16 36 57 31 31 14 49 33
7 8 7 21 43 21 32 14 40 18 40 18 6 3 7 8 13 9 37 45 26 36 39 42 20 33 55 61 29 31 18 28 23 12 10 11 15 10 7 7 8 3 2 1 4 2 4 2 8 8 8 25 22 41 52 52 35 58 33 27 32 37 37 32 19 16 12 21 21 26 31 39 10 29 39 47 42 30 45 31 67 27 30 21 30 45 31 33 41 35 47 26 48 18 28 45
19 11 9 12 21 37 39 20 57 26 25 6 4 7 10 17 17 11 14 15 28 31 38 57 49 31 30 14 34 48 16 29 14 12 19 21 22 12 11 9 5 6 10 5 2 1 1 1 5 12 18 21 35 25 39 36 35 34 24 8 23 30 30 25 15 11 12 22 25 26 32 47 16 15 8 14 39 53 70 23 57 43 30 32 19 16 54 27 38 40 32 50 17 19 32 45
13 22 15 11 11 24 52 27 26 10 6 2 7 11 23 30 28 11 15 18 31 35 29 11 19 14 18 36 10 17 34 50 30 32 9 22 7 11 11 2 3 4 3 2 2 9 3 2 5 11 19 12 14 24 27 32 25 42 31 34 44 34 32 20 27 26 15 26 26 29 27 44 15 28 17 22 22 17 40 31 26 52 31 37 21 40 45 12 35 51 53 43 15 20 18 22
16 24 19 24 33 42 43 24 24 7 8 7 11 23 26 31 37 23 25 27 31 34 26 20 17 22 19 12 15 29 13 20 22 52 20 36 8 7 7 8 6 4 4 5 2 2 3 3 6 13 27 12 15 22 36 17 37 59 65 56 47 33 34 33 28 25 28 39 28 29 29 37 20 33 30 24 35 31 36 54 18 53 29 51 18 17 40 9 18 24 52 32 12 21 23 46
17 30 23 30 39 50 40 9 6 3 12 11 21 26 27 37 24 49 41 28 32 32 28 35 34 27 26 15 18 38 13 12 6 7 8 23 29 21 15 27 15 12 6 5 5 2 1 4 14 12 20 7 10 24 26 32 47 72 35 40 51 32 35 29 28 27 33 46 28 29 32 32 31 32 43 26 36 33 33 30 45 75 41 48 33 10 47 24 10 13 33 41 21 24 19 7
19 38 39 36 67 47 10 7 11 13 24 21 18 32 30 43 17 30 60 20 36 26 16 23 33 34 14 22 25 28 49 15 11 5 6 4 5 3 7 23 24 9 11 7 6 4 2 3 10 9 9 9 15 21 39 43 42 44 41 29 48 40 28 11 32 18 20 53 32 31 44 32 46 30 41 35 32 37 31 24 29 15 58 55 46 15 21 18 8 9 17 45 18 30 34 27
23 32 60 52 61 12 13 11 13 26 28 27 38 52 17 36 18 30 35 56 21 41 15 13 20 34 34 29 25 18 10 21 10 11 8 6 6 6 5 7 9 5 3 5 2 1 2 5 5 6 8 8 9 17 33 51 23 47 67 55 27 23 16 9 43 28 29 49 38 29 47 33 60 41 40 45 28 29 42 27 19 15 42 36 44 18 9 41 10 13 21 40 37 35 20 24
15 36 64 74 42 7 14 25 28 28 45 54 27 35 21 21 42 19 33 31 22 31 21 19 21 28 23 41 24 28 31 19 27 15 12 9 6 5 5 7 7 3 3 3 3 2 3 11 4 7 7 6 11 24 43 41 68 44 37 52 30 18 6 18 24 49 31 33 41 27 37 30 52 45 27 42 41 27 28 42 34 11 19 50 56 21 5 26 17 12 23 15 56 37 18 61
18 43 68 46 8 10 30 28 21 50 37 65 21 40 22 18 27 63 17 34 46 30 40 16 16 30 36 26 25 40 23 20 42 9 12 10 8 9 2 7 5 2 6 7 5 4 9 6 7 11 14 17 19 19 26 39 47 38 41 35 32 17 9 25 20 33 29 30 43 27 30 36 31 50 26 28 55 25 27 31 44 13 23 27 43 21 9 17 24 17 12 11 12 29 24 18
21 51 49 27 12 21 31 33 21 39 21 60 24 41 47 17 44 63 13 42 58 18 52 16 15 33 38 37 14 11 44 9 9 22 31 16 4 7 3 6 3 2 2 3 3 4 4 8 11 15 11 10 8 13 15 24 33 37 27 47 32 19 17 26 34 39 19 24 38 38 24 22 16 37 25 25 34 32 25 21 9 10 31 19 41 18 12 6 19 31 6 15 33 28 35 6
20 47 43 32 16 20 39 54 18 25 25 49 19 33 60 26 39 61 21 21 33 33 36 19 15 17 17 30 30 26 10 14 7 6 2 26 17 5 3 4 3 4 5 4 5 5 4 5 8 17 13 19 13 21 16 23 13 24 29 18 15 28 25 27 25 34 37 27 31 36 15 26 15 26 29 25 33 13 11 28 12 12 12 16 46 48 13 7 16 26 4 8 27 36 37 16
44 42 53 21 18 27 30 38 19 29 27 32 36 21 52 19 16 50 23 16 16 15 58 33 13 12 15 14 18 20 36 20 5 13 2 4 20 5 2 4 2 8 8 7 3 5 1 4 8 17 22 12 12 7 10 23 34 53 32 14 7 24 25 25 26 26 52 18 30 39 14 22 24 27 43 4 22 27 12 10 21 10 9 11 18 41 9 7 10 28 7 7 9 40 64 47
75 43 16 17 26 26 28 33 19 52 33 16 40 18 60 17 16 33 25 12 16 29 46 22 10 15 12 27 26 25 17 18 12 17 2 5 5 13 2 2 5 8 3 5 4 5 2 1 5 12 18 25 19 12 20 25 34 52 43 17 9 38 24 16 24 23 38 23 15 41 22 11 13 42 32 12 11 11 31 7 17 32 13 13 54 31 5 17 2 39 17 6 4 4 11 17
16 8 19 15 24 28 43 40 31 43 26 17 67 14 17 45 21 48 27 10 12 21 22 48 17 20 9 21 27 23 15 8 12 27 5 6 4 27 3 3 3 3 2 3 2 6 4 6 6 20 20 13 36 16 15 13 13 38 41 9 13 23 26 15 27 23 21 35 15 44 28 16 18 15 34 12 11 18 15 14 6 4 31 11 18 35 10 28 5 20 45 8 19 12 7 5
35 17 40 30 25 29 50 26 54 35 12 19 45 21 21 46 12 19 50 8 23 18 13 37 9 20 17 14 16 17 24 20 4 12 5 6 4 3 11 3 1 4 4 6 4 2 2 7 13 14 29 25 6 13 16 2 15 21 16 6 19 45 32 13 10 37 13 29 11 18 60 11 24 24 15 17 14 13 25 17 18 8 11 19 6 33 42 29 8 13 69 8 10 7 16 6
57 31 17 32 32 36 29 26 49 24 21 22 16 19 18 26 14 13 45 15 21 15 7 15 23 18 17 10 11 10 14 13 17 4 6 15 4 3 6 10 2 7 4 5 5 4 4 2 12 5 3 3 4 11 12 33 24 11 17 14 9 34 18 14 14 22 36 10 32 9 34 9 18 34 6 9 32 7 12 18 26 11 7 3 5 4 30 42 11 8 37 14 10 7 13 10
81 39 25 23 24 30 12 27 41 10 27 21 19 20 14 31 14 14 29 9 10 25 8 4 2 8 8 4 19 29 12 12 19 2 4 1 8 3 4 28 2 3 3 5 5 3 7 4 34 10 7 5 6 6 25 41 19 5 6 23 10 9 26 12 23 13 47 8 47 7 20 20 12 18 7 26 13 10 7 8 14 16 14 6 6 6 4 6 29 37 25 17 11 6 17 10
56 19 12 28 15 16 15 17 39 9 18 13 15 37 13 35 14 36 14 8 7 19 13 6 6 7 8 8 12 13 27 26 5 4 2 2 2 7 2 29 1 1 1 4 3 2 7 3 2 6 9 12 2 16 29 28 16 10 4 29 16 12 6 25 22 20 36 8 37 13 8 13 22 35 11 7 13 5 11 2 4 12 5 8 4 3 5 2 3 7 37 13 6 8 18 10
69 20 49 21 22 15 15 15 13 10 19 18 9 43 41 9 23 19 21 17 15 7 13 10 13 17 9 14 6 6 8 8 6 4 1 3 1 2 4 11 3 1 2 1 2 2 3 10 2 2 5 6 11 41 35 22 16 14 4 9 21 9 16 12 16 35 20 24 5 24 37 5 31 46 13 2 9 4 6 3 10 7 11 10 2 2 2 4 4 3 8 17 12 3 15 4
55 37 14 14 14 17 24 15 17 8 12 11 17 28 24 7 8 10 9 2 12 8 11 16 23 17 12 17 15 3 4 6 20 9 2 2 7 2 1 4 6 1 2 1 2 8 5 3 2 2 3 5 17 26 27 15 4 11 11 6 22 9 13 14 5 14 9 12 7 10 36 8 19 23 1 3 5 10 7 4 1 13 1 3 7 0 1 2 4 4 7 2 19 4 9 2
9 37 9 16 16 13 18 11 40 10 11 12 11 4 22 10 11 5 18 7 6 11 12 12 14 7 14 21 16 2 4 6 7 10 8 4 2 5 1 1 9 1 2 1 1 10 16 4 3 3 5 12 19 20 28 9 6 13 9 11 26 10 5 5 11 8 7 21 6 9 27 13 39 11 1 5 2 1 3 9 2 5 4 4 10 2 3 2 3 2 2 5 9 9 12 1
18 55 10 12 7 15 18 17 9 16 11 9 12 5 12 7 10 5 39 10 4 7 9 32 7 6 10 15 15 3 5 4 10 5 10 4 2 2 4 1 8 1 1 1 1 3 2 4 1 8 6 14 19 27 12 4 8 13 9 12 27 14 21 7 7 14 6 19 5 7 6 10 27 2 2 1 2 2 5 4 3 1 0 5 5 5 5 3 2 2 1 1 2 14 5 1
17 51 26 3 7 8 24 15 8 20 11 6 4 7 5 10 3 15 5 3 4 9 13 7 17 7 5 6 6 6 3 10 8 7 5 5 3 4 4 1 11 1 1 1 1 1 6 15 9 3 10 26 31 25 2 7 12 17 10 14 8 22 9 23 12 5 4 10 3 7 9 17 9 9 5 5 0 5 8 3 6 2 0 3 3 9 7 2 2 1 1 1 1 3 7 6
6 24 31 3 13 5 13 21 6 15 9 4 1 7 3 14 4 11 7 10 3 4 10 12 10 5 3 5 7 11 1 4 5 11 6 2 3 6 2 4 7 2 1 3 2 1 1 11 16 11 23 30 26 5 9 14 17 14 10 15 18 14 4 12 19 2 4 3 7 2 7 10 6 13 5 5 3 8 6 1 11 13 3 4 1 1 3 3 1 3 0 1 2 9 2 6
8 15 24 5 6 2 5 5 7 7 8 3 1 5 5 33 6 4 6 2 5 9 9 11 6 2 2 2 6 5 3 5 10 5 2 1 3 5 5 1 4 2 2 4 3 2 5 30 25 45 50 43 3 5 7 7 10 12 10 12 22 5 13 8 8 20 37 3 2 1 2 17 3 11 10 7 5 11 8 6 8 23 4 5 2 1 4 4 10 7 3 1 13 3 2 11
6 8 30 10 10 4 3 6 2 10 9 5 2 3 2 7 6 3 6 3 5 6 4 4 4 2 11 2 4 9 4 4 10 8 2 2 5 2 2 3 0 2 0 3 12 28 51 27 29 33 13 2 5 7 10 8 9 9 8 5 6 3 9 6 2 15 4 0 0 3 4 4 12 3 11 7 7 8 17 7 9 12 3 9 3 3 2 2 2 4 4 7 2 7 10 20
7 3 2 30 4 2 1 1 1 5 14 3 3 2 3 9 2 3 8 2 3 4 3 3 1 3 1 1 1 7 3 3 4 4 2 3 2 2 0 2 1 1 1 25 21 22 57 65 27 6 2 4 5 7 7 6 9 10 7 1 0 1 9 12 18 22 2 1 1 7 11 5 6 2 13 4 11 4 8 3 5 12 4 8 4 5 1 1 1 1 1 2 4 2 10 15
6 7 2 31 1 3 4 1 5 0 7 2 2 4 4 14 3 4 6 4 1 3 3 9 1 3 1 8 1 1 3 4 7 4 1 2 8 3 1 1 3 30 43 45 55 17 34 64 41 1 3 5 5 5 1 5 5 5 6 0 0 5 22 21 21 6 3 8 7 4 12 11 2 3 4 6 15 10 21 30 31 14 4 5 8 5 5 0 2 2 2 1 2 4 14 10
5 4 2 33 2 1 1 2 9 1 2 6 2 2 2 8 1 3 7 3 2 2 2 8 1 2 1 3 4 4 2 3 4 3 3 6 3 2 2 8 24 45 63 51 65 70 60 38 1 2 7 4 5 6 1 4 9 9 3 1 1 8 15 11 6 4 7 6 7 6 9 23 29 5 3 5 6 9 12 6 3 8 10 18 12 9 1 1 5 1 5 3 2 6 21 5
3 3 1 7 5 10 2 2 8 2 1 6 0 1 1 2 3 2 4 2 1 0 0 5 1 2 5 3 7 2 2 3 2 5 2 4 2 1 4 13 10 4 37 63 68 50 2 2 4 2 3 2 4 5 2 1 1 28 3 7 3 5 3 11 9 4 9 8 5 17 18 16 2 5 4 10 10 8 8 6 7 7 9 7 8 2 4 2 2 1 3 5 2 3 15 4
3 3 1 2 10 3 2 1 4 1 1 3 1 0 0 0 1 0 4 1 2 0 1 1 2 3 4 2 3 1 5 3 3 2 2 3 2 1 4 9 3 19 12 7 4 2 7 8 5 4 2 2 2 0 2 4 2 6 7 4 3 4 1 4 2 2 3 10 21 28 6 2 4 6 6 6 18 8 24 8 11 11 9 6 9 1 3 2 4 0 5 3 2 2 3 1
2 2 2 1 9 1 1 1 5 2 1 1 4 1 0 1 1 1 2 2 1 1 1 2 5 2 2 3 1 2 2 2 3 3 2 1 3 1 10 11 44 38 10 2 6 6 1 2 3 1 1 0 2 0 2 4 2 13 4 1 2 2 5 3 1 3 5 20 14 0 2 0 2 7 16 14 7 8 4 8 8 6 8 12 2 3 3 3 2 1 8 3 2 3 2 0
1 1 2 5 1 1 1 1 2 1 1 0 3 1 1 1 0 1 1 3 1 0 0 1 3 2 3 2 1 2 1 2 1 3 1 2 3 2 7 5 6 15 2 6 7 3 3 5 9 4 1 0 0 0 3 6 1 5 3 2 2 2 5 1 1 1 7 11 1 0 1 3 2 2 3 15 12 15 3 5 6 6 7 4 5 3 3 3 4 1 2 2 1 1 1 1
