sesion_6_simulaciones/modelos_agentes/ejemplos_netlogo/scenarios/cgcm2_b2/rob_2040.asc
NCOLS 322 
NROWS 307 
XLLCORNER 451900 
YLLCORNER 4086900 
CELLSIZE 100 
NODATA_value -9999 
[rows 222 to 295 of 307, columns 96 to 191 of 322]
0 0 0 0 0 0 0 0 0 0 0 0 0 0 0 0 0 0 0 0 0 0 0 0 0 0 0 1 0 0 0 0 0 1 0 0 0 0 0 0 0 0 0 0 0 1 1 4 5 8 11 14 19 25 28 39 49 64 78 77 80 85 63 79 58 71 56 51 57 49 36 37 25 29 43 46 53 31 33 25 60 48 42 35 34 18 36 50 55 32 20 18 8 4 4 2
0 0 0 0 0 0 0 0 0 0 0 0 0 0 0 0 0 0 0 0 0 0 0 0 0 0 0 0 1 0 0 1 1 0 0 0 0 0 0 0 0 0 0 0 0 1 1 2 4 5 8 7 11 20 35 61 65 48 35 47 50 52 48 56 82 40 41 42 64 54 43 58 26 31 51 45 47 28 45 57 47 79 54 45 36 31 21 18 37 65 43 32 22 9 5 3
0 0 0 0 0 0 0 0 0 0 0 0 0 0 0 0 0 0 0 0 0 0 0 0 0 0 0 0 1 1 0 1 0 0 0 0 0 0 0 0 0 0 0 0 0 0 1 1 3 4 5 9 20 14 32 51 30 30 35 37 16 45 45 41 41 62 26 62 62 53 67 57 20 27 33 45 38 38 52 61 45 33 60 59 36 34 35 16 11 34 65 37 28 13 10 6
0 0 0 0 0 0 0 0 0 0 0 0 0 0 0 0 0 0 0 0 0 0 0 0 0 0 0 0 1 2 1 0 0 0 0 0 0 0 0 0 0 0 0 0 0 0 1 1 2 3 4 6 17 19 11 13 18 21 23 22 48 66 41 49 58 87 77 57 63 61 72 61 41 31 47 59 49 48 59 64 50 30 14 28 60 60 33 26 19 12 34 32 21 14 7 4
0 0 0 0 0 0 0 0 0 0 0 0 0 0 0 0 0 0 0 0 0 0 0 0 0 1 1 0 1 2 0 0 0 0 0 0 0 0 0 0 0 0 0 0 0 0 1 1 2 2 5 10 12 12 15 18 30 29 24 31 18 32 56 49 56 88 67 72 37 73 59 61 44 32 54 67 61 42 57 81 46 43 58 40 35 17 19 28 21 20 9 12 12 7 3 3
0 0 0 0 0 0 0 0 0 0 0 0 0 0 0 0 0 0 0 0 0 0 0 0 0 0 2 2 2 1 0 0 0 0 0 0 0 0 0 0 0 0 0 0 0 1 1 1 1 2 3 4 4 8 10 18 38 38 34 22 25 41 42 54 75 59 54 66 80 64 56 63 61 19 24 47 50 64 74 37 73 61 78 53 69 34 45 27 16 8 8 12 7 4 2 1
0 0 0 0 0 0 0 0 0 0 0 0 0 0 0 0 0 0 0 0 0 0 1 1 0 0 1 3 1 0 0 0 0 0 0 0 0 0 0 0 0 0 0 0 0 0 1 1 2 2 4 5 7 9 10 19 30 55 32 32 24 48 62 76 58 50 55 54 39 56 69 44 32 17 25 42 64 58 81 60 32 25 41 58 38 41 29 23 12 10 7 4 3 3 3 3
0 0 0 0 0 0 0 0 0 0 0 0 0 0 0 0 0 0 0 0 0 0 0 1 0 1 1 6 2 1 1 1 0 0 0 0 0 0 0 0 0 0 0 0 0 0 0 0 1 2 3 3 5 5 15 21 16 16 15 31 21 20 29 43 30 18 33 47 37 52 27 47 43 27 45 29 29 66 41 51 41 29 26 30 17 19 24 26 11 10 3 2 2 1 1 1
0 0 0 0 0 0 0 0 0 0 0 0 0 0 0 0 0 0 0 0 1 1 0 0 2 0 0 3 5 5 1 1 0 0 0 0 0 0 0 0 0 0 0 0 0 0 0 0 1 1 1 2 3 6 10 6 8 10 12 14 19 19 24 30 36 51 57 65 53 55 66 67 47 23 39 56 29 58 51 56 57 49 36 54 28 11 12 8 5 6 2 1 1 1 1 1
0 0 0 0 0 0 0 0 0 0 0 0 0 0 0 0 0 0 0 0 1 1 1 1 1 1 1 1 5 4 1 1 0 0 0 0 0 0 0 0 0 0 0 0 0 0 0 1 1 1 2 2 3 3 3 4 3 4 4 6 6 7 8 30 42 45 29 50 53 51 50 48 44 27 31 52 51 44 48 69 57 54 50 45 30 19 9 7 5 4 3 2 1 1 1 0
0 0 0 0 0 0 0 0 0 0 0 0 0 0 0 0 0 0 0 1 1 1 0 1 3 1 1 1 4 4 2 1 0 0 0 0 0 0 0 0 0 0 1 1 1 1 0 1 2 3 5 4 2 2 2 3 3 5 10 14 10 19 17 15 14 18 26 30 33 48 65 71 70 30 45 38 69 52 59 44 42 51 49 38 30 41 24 10 5 2 1 1 1 0 0 0
0 0 0 0 0 0 0 0 0 0 0 0 0 0 0 0 0 0 0 0 1 1 0 1 1 2 2 3 6 5 3 1 0 0 0 0 0 0 0 0 0 0 0 1 1 2 1 1 1 3 6 11 7 3 5 7 15 18 22 39 35 33 30 23 33 53 37 34 29 44 65 66 68 64 50 63 76 43 62 40 61 60 45 55 33 24 23 18 16 4 1 1 1 0 0 0
0 0 0 0 0 0 0 0 0 0 0 0 0 0 0 0 0 0 0 0 1 1 0 0 1 1 7 6 3 2 1 1 0 0 0 0 0 0 0 0 0 0 1 1 1 1 1 4 2 3 5 6 7 13 10 17 21 25 47 44 33 35 47 38 28 23 39 49 29 40 24 25 27 25 61 24 40 75 51 38 17 31 67 57 31 27 33 13 11 3 3 1 0 0 0 0
0 0 0 0 0 0 0 0 0 0 0 0 0 0 0 0 0 0 0 0 1 1 1 0 1 2 3 8 2 1 1 0 0 0 0 0 0 0 0 0 0 1 1 1 1 2 2 3 4 4 6 7 12 28 13 18 27 32 35 48 49 64 60 58 46 29 43 45 61 45 50 43 49 43 80 39 25 28 32 31 18 8 59 63 42 37 39 31 10 8 5 3 1 2 0 0
0 0 0 0 0 0 0 0 0 0 0 0 0 0 0 0 0 0 0 0 1 1 3 1 1 2 3 10 3 1 0 0 0 0 0 0 0 0 0 0 0 1 1 1 2 2 5 4 6 13 11 19 19 20 23 21 27 32 60 54 60 58 53 68 68 46 36 42 47 41 74 53 43 48 52 61 49 60 57 43 39 24 15 46 38 35 44 26 9 5 2 1 1 0 0 0
1 0 0 0 0 0 0 0 0 0 0 0 0 0 0 0 0 0 0 0 1 1 1 3 0 1 3 6 3 2 1 0 0 0 0 0 0 0 0 0 1 1 1 2 3 4 11 10 7 5 21 36 50 30 28 13 27 30 57 48 73 63 56 52 51 49 31 46 36 72 38 41 44 52 43 29 36 39 41 35 29 23 22 18 29 17 7 14 10 3 2 1 0 1 0 0
1 0 0 0 0 0 0 0 0 0 0 0 0 0 0 0 0 0 0 0 1 1 2 4 1 2 4 9 5 2 2 1 0 0 0 0 0 0 0 1 1 1 1 4 4 8 12 15 16 13 15 30 37 38 31 16 27 37 28 53 72 68 29 74 32 52 51 44 38 60 43 27 36 64 64 47 53 57 56 52 61 30 25 17 12 6 9 7 3 4 1 1 0 0 0 0
0 0 0 0 0 0 0 0 0 0 0 0 0 1 1 0 0 0 1 1 1 1 3 8 4 4 8 7 4 4 2 1 0 0 0 0 0 0 0 0 1 1 2 3 5 9 13 17 20 26 21 35 51 52 40 19 30 43 52 48 59 65 26 55 59 56 65 37 51 46 33 47 59 55 43 34 33 42 46 23 40 46 41 18 17 7 4 4 2 1 1 1 1 1 1 0
0 0 0 0 0 0 0 0 0 0 0 0 0 1 1 1 0 0 1 3 2 1 3 8 6 2 2 22 11 3 2 1 0 0 0 0 0 1 0 1 1 2 2 4 8 8 17 22 28 40 26 44 54 42 51 19 31 40 45 59 53 54 55 55 64 64 58 56 50 36 48 55 59 53 45 37 33 46 41 32 31 27 48 41 17 18 10 3 1 1 1 0 1 0 0 0
0 0 0 0 0 0 0 0 0 0 1 0 0 1 1 2 0 0 1 2 3 2 3 7 13 3 5 26 7 4 3 1 1 0 0 0 0 0 1 1 2 3 3 6 7 9 27 29 35 42 44 40 36 49 76 40 21 44 63 49 38 35 34 60 62 61 58 70 55 36 42 47 61 57 61 53 55 73 59 49 38 33 30 24 23 22 9 5 3 2 1 1 1 0 0 0
0 0 0 0 0 0 0 0 0 0 1 1 0 1 2 2 1 0 2 2 2 4 4 10 21 23 19 26 12 6 3 1 0 0 0 0 1 1 1 2 2 4 6 6 5 9 22 37 44 42 49 55 55 56 82 59 50 18 39 72 56 53 39 39 35 66 70 70 43 41 33 66 59 45 46 43 51 75 57 40 52 23 17 12 12 9 11 7 2 1 1 1 0 0 0 0
0 0 0 0 0 0 0 0 0 0 1 1 1 1 2 4 1 0 2 3 3 6 6 14 29 43 18 24 7 4 3 1 0 0 0 0 0 2 1 2 3 3 6 7 9 19 26 27 46 53 56 57 68 81 83 79 38 22 49 64 71 53 44 48 50 44 36 41 40 38 63 58 33 60 35 39 31 53 44 41 30 32 44 18 8 5 3 2 2 1 1 0 0 0 0 0
0 0 0 0 0 0 0 0 1 1 1 1 2 1 3 5 1 2 1 6 9 8 7 17 30 25 10 5 3 2 1 1 0 0 0 0 1 2 2 1 2 6 3 16 11 16 28 25 35 64 64 43 69 76 76 80 65 34 27 28 45 65 58 51 45 32 15 10 24 36 74 52 47 53 89 77 61 55 49 50 55 47 25 28 17 13 5 4 3 1 1 0 0 0 0 0
0 0 0 0 0 0 0 1 0 1 2 2 4 1 4 5 3 5 2 5 16 14 25 16 39 19 7 5 2 1 1 0 0 0 0 0 0 1 2 3 5 4 4 7 27 16 20 33 52 69 68 59 55 51 63 82 77 40 32 35 48 43 48 44 31 42 29 19 52 57 33 54 69 73 65 81 60 72 56 63 61 39 22 8 8 6 6 4 1 1 1 0 0 0 0 0
0 0 0 0 0 0 0 1 1 1 2 3 7 3 6 10 3 7 10 4 8 20 12 50 24 22 5 3 2 1 0 0 0 0 0 1 1 0 1 1 1 4 8 23 16 20 37 44 43 57 72 77 51 51 41 48 75 64 47 25 34 26 23 16 16 7 22 48 40 51 38 23 33 61 30 62 82 78 67 63 59 32 16 11 8 2 2 1 2 1 0 0 0 0 0 0
0 0 0 0 1 0 1 1 1 2 2 3 5 9 5 14 5 6 16 15 16 32 17 38 38 11 3 2 0 0 0 1 1 0 1 1 1 1 1 2 2 3 8 16 38 26 22 35 43 63 64 69 68 64 49 42 47 67 54 30 33 30 35 31 38 19 16 40 44 49 47 47 48 36 32 29 54 59 67 40 21 18 12 9 4 2 2 1 1 0 0 0 0 0 0 0
0 0 0 1 1 0 1 1 1 2 3 4 6 9 11 28 8 7 21 25 24 39 67 34 14 12 6 2 1 1 1 1 1 0 0 1 1 1 2 2 3 5 9 15 24 46 34 35 49 58 68 61 70 69 59 42 30 55 50 39 23 27 29 35 39 32 20 48 40 37 47 46 75 58 50 36 26 15 37 36 25 9 6 4 4 2 1 0 0 0 0 0 0 0 0 0
0 0 0 1 1 1 1 1 1 2 7 5 6 8 31 30 14 14 18 30 32 51 66 15 23 13 4 3 3 3 4 4 1 1 0 1 1 2 3 2 4 10 18 22 20 40 33 63 52 66 62 83 62 45 45 40 56 23 21 71 32 23 53 45 30 26 40 64 40 33 36 58 81 63 49 39 34 30 19 24 21 11 5 4 3 2 1 0 0 0 0 0 0 0 0 0
0 0 0 1 1 1 1 2 2 3 9 6 15 15 19 30 42 28 34 26 45 45 77 55 22 8 8 8 5 8 6 5 1 1 0 0 1 3 2 4 7 10 22 35 50 40 60 27 15 29 65 36 56 51 60 42 18 12 16 25 40 13 35 30 16 27 59 31 35 33 22 26 18 34 44 34 33 32 19 14 12 5 7 5 4 3 2 2 1 0 0 0 0 0 1 0
0 0 0 1 1 2 1 3 4 5 4 9 8 24 30 16 15 53 38 40 38 62 68 36 20 15 15 13 15 24 6 2 1 1 1 0 1 1 7 6 8 13 20 43 33 58 52 48 38 54 58 17 64 73 65 32 45 34 32 16 57 11 25 22 13 19 27 57 47 22 41 66 55 59 54 43 34 34 28 25 15 12 9 7 4 5 4 1 1 0 0 0 0 0 1 0
0 1 1 1 2 3 1 2 3 7 10 15 8 8 19 46 20 15 61 64 39 61 71 43 41 17 36 45 23 7 4 3 2 1 1 0 1 1 2 6 8 23 32 26 21 39 42 62 66 66 52 46 63 76 77 76 59 26 26 24 48 19 21 24 12 19 39 24 17 18 38 46 47 50 56 55 36 29 18 17 7 5 5 12 9 5 2 1 0 0 0 0 1 1 1 0
0 1 1 2 2 2 3 3 4 3 6 18 7 7 18 37 45 41 11 32 46 67 51 40 31 49 24 10 10 5 5 5 3 1 1 0 1 2 3 4 4 12 18 15 25 36 45 45 66 65 65 58 76 76 68 62 36 54 17 23 25 39 9 20 25 20 10 37 44 46 34 50 61 55 51 52 30 22 14 17 22 14 22 12 7 3 3 1 0 1 1 1 1 1 1 1
0 1 1 2 3 5 4 8 8 6 5 11 29 9 28 28 37 57 42 19 33 68 28 49 69 24 18 16 12 12 7 2 1 1 2 1 1 3 5 5 7 14 15 12 27 43 25 24 50 53 33 27 42 42 51 28 44 30 52 12 23 30 21 14 48 59 33 60 65 41 61 59 69 69 68 64 43 28 29 26 28 19 23 10 8 5 1 1 1 1 1 1 2 3 1 0
1 1 2 1 2 9 14 9 9 8 18 12 19 44 23 29 44 21 66 38 38 34 75 57 41 39 33 28 21 14 6 2 1 1 3 1 1 3 7 11 12 18 29 29 31 24 35 44 34 34 35 32 32 36 34 41 36 34 35 45 10 6 19 45 50 27 41 48 63 49 66 53 55 68 68 50 37 43 31 29 29 26 13 12 6 2 1 1 1 1 2 2 3 2 1 0
1 3 2 2 2 7 8 18 22 11 18 25 29 34 53 32 49 29 25 55 31 36 70 68 56 40 30 30 23 9 7 5 3 1 2 1 1 2 5 14 19 24 17 32 31 40 35 39 45 50 43 32 34 37 44 42 27 24 26 35 20 11 23 13 17 41 44 49 31 42 57 53 60 48 53 70 38 33 17 14 14 13 20 10 5 2 1 1 1 1 2 1 6 2 1 1
1 2 3 2 4 4 10 11 15 23 35 30 32 39 62 64 32 26 35 32 64 68 73 60 58 58 44 37 26 15 9 6 3 2 4 1 1 3 6 13 22 36 33 41 44 47 44 61 43 46 46 38 27 35 32 50 45 22 7 10 14 15 17 17 20 9 6 6 12 52 35 41 56 52 49 37 25 10 9 22 28 25 7 11 11 5 2 2 2 3 2 2 7 2 1 1
2 4 5 5 7 5 7 15 21 25 41 46 48 42 56 63 48 48 38 43 39 69 69 63 43 50 40 35 19 20 13 8 5 4 6 1 4 6 8 9 7 30 45 49 46 55 60 50 47 62 66 61 27 35 44 40 23 25 13 5 7 11 24 13 15 20 30 35 29 31 31 32 34 29 43 17 19 18 12 43 31 11 17 13 10 10 4 5 4 2 2 1 5 3 2 2
2 4 13 7 10 11 9 19 27 32 33 52 50 47 70 50 58 67 52 43 43 61 55 49 44 47 42 35 28 13 13 10 11 8 2 0 3 9 15 21 17 34 51 42 47 55 47 38 52 75 67 62 60 41 45 35 27 26 14 15 15 12 18 15 31 39 60 55 37 43 39 43 34 22 19 25 37 44 23 41 33 27 19 12 9 8 9 7 3 3 3 1 3 5 1 1
3 3 11 18 12 13 13 25 34 34 36 40 56 65 67 64 56 72 54 39 48 81 58 70 48 48 51 46 31 18 22 17 10 5 2 1 2 7 22 36 34 44 39 61 49 54 49 40 50 42 38 37 51 51 27 20 21 19 16 21 22 11 15 23 38 47 48 40 48 26 39 26 15 20 22 54 41 50 52 15 29 23 26 22 11 10 20 10 4 5 2 3 5 4 1 2
4 3 8 22 23 17 21 30 33 39 46 38 53 66 68 57 56 44 57 40 48 65 65 74 58 49 42 35 36 23 30 16 10 5 6 3 4 9 20 28 55 62 61 48 62 39 40 55 44 34 33 39 41 38 68 39 16 18 18 21 16 17 21 15 19 20 39 48 29 18 19 28 29 44 38 60 54 55 34 38 29 16 29 20 13 17 17 7 9 4 2 3 10 3 2 3
6 18 15 20 28 21 18 35 37 39 53 42 22 32 71 76 71 54 49 66 47 80 80 50 58 60 31 35 26 31 25 19 14 4 5 3 5 17 19 29 30 51 51 64 59 59 37 57 63 35 49 55 51 51 48 26 27 16 21 10 8 15 23 24 28 25 49 16 24 9 27 44 60 33 45 62 37 39 50 38 9 14 29 30 31 21 11 6 10 7 3 4 9 7 5 5
9 13 28 34 34 23 24 37 40 40 42 53 45 45 53 72 67 35 45 70 45 79 65 66 60 38 19 39 29 35 38 25 20 9 6 4 6 19 22 37 57 45 36 63 41 51 54 43 58 56 69 63 59 49 44 25 27 12 12 19 9 12 28 28 12 40 21 18 45 40 59 46 42 57 48 29 43 62 28 12 10 32 46 33 28 27 11 7 5 6 9 6 4 16 7 7
17 25 30 38 39 29 40 40 43 45 29 45 47 58 56 64 66 69 75 78 73 74 61 62 51 55 45 43 49 28 40 37 21 14 15 4 6 20 41 41 50 49 53 57 56 48 57 29 49 50 60 54 50 39 44 33 42 23 17 11 11 21 5 20 16 26 23 40 39 35 31 47 67 73 50 39 66 47 40 28 27 32 12 14 29 27 12 9 7 13 11 6 5 33 10 15
22 27 26 33 11 26 52 35 48 53 43 43 56 60 52 64 53 76 72 80 71 65 73 55 49 57 67 64 34 45 34 36 30 14 12 5 6 24 30 43 46 41 63 61 60 48 33 69 46 74 48 53 37 56 40 55 28 30 24 7 7 19 32 36 8 19 30 49 51 30 27 57 79 71 45 67 56 35 38 75 60 21 24 36 21 15 15 7 8 13 14 9 14 37 28 19
24 17 10 7 6 12 53 35 22 31 42 31 36 56 75 72 43 44 74 64 72 69 74 71 33 54 71 44 38 39 28 46 39 28 11 2 5 18 26 47 43 43 54 66 72 67 39 28 13 16 56 63 30 48 44 57 41 26 15 9 10 25 21 36 26 24 30 26 49 36 42 69 75 45 53 69 57 13 53 49 33 44 57 40 25 17 14 5 15 16 16 12 23 62 34 17
27 30 23 24 22 17 31 52 19 23 23 46 38 48 70 64 74 46 58 76 70 79 79 77 58 36 57 59 49 31 55 38 37 24 10 4 4 10 26 53 25 46 66 69 68 51 49 47 42 40 35 42 62 38 18 18 19 12 15 4 10 12 7 13 22 16 25 14 21 29 61 52 57 67 47 42 26 27 44 37 39 54 48 28 17 6 5 5 12 16 19 15 31 46 34 11
44 30 36 35 24 30 28 30 38 36 32 63 44 49 45 53 72 76 71 84 83 74 76 59 30 44 53 47 43 49 54 43 21 20 21 9 8 5 19 34 12 27 37 39 44 41 41 34 69 62 47 42 37 27 28 17 12 36 4 2 1 10 12 12 31 34 17 11 45 51 25 41 25 44 39 32 14 58 45 61 40 34 20 19 18 9 7 13 15 23 22 29 33 49 14 11
28 29 36 33 40 26 22 41 61 62 29 28 57 57 32 33 29 50 77 78 51 45 48 51 57 20 52 55 36 64 44 39 33 22 25 10 15 5 11 33 45 22 32 42 27 37 18 10 22 36 24 63 59 45 24 4 2 2 5 4 3 8 6 18 25 34 14 44 43 26 33 32 38 39 18 29 53 61 68 39 36 32 32 36 17 9 9 17 25 26 27 20 46 54 42 14
29 49 38 40 42 43 31 47 63 51 51 34 25 47 58 35 57 47 36 69 48 60 64 63 50 40 54 37 37 64 50 47 29 13 22 11 14 10 5 17 29 56 49 35 31 42 42 22 31 44 52 56 36 37 32 20 13 9 6 2 3 5 12 13 19 15 30 49 53 51 33 32 23 15 48 51 44 56 53 36 28 31 35 23 17 15 10 24 31 21 30 27 16 31 49 21
35 37 38 33 42 60 33 46 51 59 51 44 56 41 26 58 58 45 47 71 72 31 28 44 40 62 55 69 39 41 55 39 25 41 18 10 14 19 8 21 36 55 64 29 33 57 41 18 36 42 25 41 29 37 34 16 15 13 7 7 5 4 2 12 15 22 37 15 16 15 26 16 42 55 34 37 34 32 32 26 18 26 26 27 24 12 12 19 37 24 36 27 29 27 42 29
35 35 55 41 51 59 25 41 56 62 58 50 54 56 67 51 71 82 63 67 65 38 47 51 57 76 68 75 47 46 46 43 46 20 15 10 10 31 13 13 28 43 36 42 49 54 14 10 62 81 35 42 40 20 16 13 25 12 6 2 4 4 5 9 11 9 9 18 32 38 42 45 24 32 24 15 20 38 29 25 35 48 27 23 26 14 23 26 42 25 31 10 4 14 36 58
35 43 57 56 49 45 26 41 59 65 61 50 41 40 59 73 53 47 68 66 46 31 48 40 67 63 79 60 55 69 62 52 28 24 10 3 4 37 14 14 16 32 31 32 42 43 3 21 36 41 57 46 35 11 8 5 4 4 5 3 1 6 2 2 3 3 6 20 46 65 63 59 32 21 17 24 60 48 33 33 47 34 31 41 11 16 29 35 23 17 7 7 18 25 26 44
44 27 31 58 48 58 47 21 55 57 65 52 56 40 53 45 69 45 40 50 33 52 49 50 48 70 59 70 70 78 58 57 39 32 22 3 17 33 12 16 23 14 26 33 33 30 8 22 21 26 37 29 40 34 28 11 7 7 9 6 3 12 2 1 2 7 21 52 28 36 45 23 15 20 35 46 52 36 28 60 50 41 42 17 17 32 52 21 7 7 12 25 21 57 44 48
41 13 35 53 62 56 57 37 25 48 61 40 52 50 59 64 54 52 54 53 23 57 84 58 54 57 41 50 55 58 58 55 32 18 20 9 21 16 23 18 31 28 27 33 43 36 25 19 17 21 22 38 24 31 21 11 6 7 8 13 6 6 4 2 5 26 12 26 31 21 41 38 28 47 44 49 52 48 46 60 45 28 18 12 35 44 12 6 7 16 20 40 48 50 56 46
36 19 22 16 47 56 66 44 10 28 52 39 51 41 73 66 55 24 39 51 34 63 66 53 51 26 57 63 62 56 58 41 41 31 19 16 17 14 19 15 6 25 22 38 35 41 49 62 49 43 32 54 36 18 10 4 10 5 6 11 10 2 1 5 22 23 8 19 15 18 28 52 57 69 38 31 58 59 45 37 23 33 9 27 31 12 4 15 19 30 35 38 44 59 62 51
50 35 42 13 47 65 62 41 14 10 12 42 56 38 42 58 38 52 53 61 53 29 55 62 45 38 62 67 58 49 40 33 42 34 29 29 29 10 25 18 9 10 19 27 35 26 22 20 20 19 15 32 14 9 13 32 23 10 6 2 2 1 5 13 10 12 10 11 25 11 26 52 58 54 44 45 64 61 52 41 25 15 25 26 15 5 12 31 30 31 39 36 48 49 53 53
61 30 46 16 21 54 42 23 17 16 18 22 33 65 55 52 47 43 41 58 47 56 70 50 49 64 41 56 60 51 36 43 32 21 35 33 21 19 16 28 19 12 17 20 26 25 40 27 23 35 44 33 16 13 4 18 18 11 8 10 8 8 2 7 11 6 5 13 14 20 30 45 54 54 43 40 39 40 59 24 14 15 23 8 9 29 32 33 35 36 37 33 26 23 36 56
50 30 45 23 17 54 43 49 37 36 25 27 39 53 62 68 72 62 47 46 40 43 51 61 71 60 70 71 58 38 40 42 25 21 56 36 22 24 18 8 9 15 15 30 27 30 39 27 39 29 37 19 34 18 6 11 42 17 6 8 10 1 2 2 4 11 5 11 19 18 23 40 55 51 48 22 35 55 44 41 36 17 7 13 17 21 22 45 47 35 43 36 33 23 31 14
40 33 49 37 28 34 24 52 30 29 33 27 41 37 33 49 50 52 51 52 63 34 43 76 68 70 57 47 51 46 44 42 39 25 45 35 33 22 34 13 27 31 11 17 32 44 48 36 41 46 28 16 33 12 12 19 25 11 9 7 6 2 3 3 15 10 26 27 10 10 34 31 23 36 35 26 48 63 71 38 21 11 5 15 10 45 38 34 41 45 65 60 33 29 34 15
55 35 49 37 24 21 15 39 49 37 38 38 35 37 32 50 42 44 27 33 53 30 57 67 70 50 57 58 51 44 39 42 35 43 48 36 48 62 23 17 20 20 24 17 41 27 36 39 32 31 42 36 19 15 23 21 37 10 10 6 5 2 2 2 5 6 37 33 13 16 24 24 43 46 24 66 61 46 40 36 16 4 11 27 24 31 47 30 43 56 52 58 28 25 31 15
56 38 64 40 20 23 37 25 61 33 52 49 31 22 31 28 27 39 36 33 15 58 49 44 47 42 60 50 36 43 43 23 37 47 30 58 32 61 38 19 36 17 35 24 35 48 39 38 27 39 39 24 17 28 22 23 15 13 8 12 6 5 2 1 3 13 23 19 20 29 19 15 31 34 66 55 31 31 33 37 20 13 16 32 54 37 40 53 54 46 48 37 31 23 28 14
53 37 66 43 19 16 65 42 42 35 38 51 29 37 34 33 33 43 39 30 14 24 13 17 32 33 65 65 58 40 27 23 38 57 45 25 45 41 36 21 34 10 30 12 23 39 52 41 30 43 29 41 18 18 33 29 27 12 12 16 4 1 1 2 2 3 7 26 40 23 21 34 52 66 51 27 24 59 38 24 20 15 33 23 50 53 34 47 47 45 40 26 48 28 22 10
63 36 55 26 18 26 39 42 34 64 58 40 42 31 33 33 46 41 39 38 11 20 23 48 56 56 52 50 49 35 21 24 55 42 44 39 61 33 26 23 33 10 29 22 25 33 58 43 30 42 45 41 20 10 28 28 18 7 9 6 9 2 2 3 4 3 5 19 16 19 22 39 40 31 33 26 27 46 29 10 10 22 44 44 46 47 20 38 61 57 36 24 46 15 21 17
65 40 57 27 19 27 27 65 39 62 72 65 37 24 23 37 60 47 15 28 7 26 24 40 27 31 28 46 26 21 36 27 72 53 53 49 51 26 18 45 22 18 19 52 53 38 42 39 51 43 36 34 32 22 23 15 22 14 9 3 3 1 3 5 4 4 4 8 24 18 21 16 28 24 41 34 41 45 37 13 10 38 47 49 48 46 19 32 48 49 22 23 22 26 29 26
76 65 24 42 22 22 45 63 47 39 62 57 65 20 45 67 46 45 30 23 18 14 23 17 20 24 53 31 39 36 35 46 14 30 15 36 29 20 13 43 20 15 4 21 71 44 33 49 49 38 38 32 28 18 36 39 31 21 8 5 3 2 4 2 3 6 5 10 24 9 23 26 33 25 39 48 28 43 34 20 19 46 36 31 40 29 37 37 28 34 48 25 21 40 31 23
63 31 28 38 23 21 62 60 63 33 23 44 70 15 31 28 25 40 25 29 8 6 25 39 41 34 26 45 43 25 57 26 39 26 44 37 25 30 17 32 14 29 13 15 49 61 42 43 51 50 43 40 26 30 20 14 21 10 9 9 3 1 3 2 3 5 6 10 16 23 41 51 50 39 44 59 11 53 31 29 29 27 36 21 28 23 41 53 35 24 42 28 23 29 36 29
60 36 17 44 34 31 47 13 39 58 18 28 61 43 17 30 29 28 15 17 19 31 55 29 31 28 40 57 35 37 33 45 56 71 49 36 57 25 33 39 18 17 20 23 35 43 33 69 46 40 32 40 44 31 10 13 20 16 9 7 6 2 2 1 2 3 5 6 9 18 29 31 46 57 39 17 31 53 43 20 17 24 47 19 33 39 44 30 44 30 19 35 38 30 20 25
62 18 32 45 28 29 38 10 11 13 33 60 32 48 21 28 16 16 9 20 20 16 16 30 25 26 26 38 43 49 29 38 54 37 24 53 26 18 43 25 34 37 29 29 34 42 34 36 52 26 20 16 35 39 17 12 12 8 6 8 4 2 2 1 1 3 6 9 12 25 22 36 39 21 31 28 40 29 17 10 14 39 38 42 27 33 38 30 26 34 35 23 18 36 12 13
68 19 29 49 28 47 44 23 9 13 30 52 67 62 26 19 26 27 26 7 9 11 27 39 19 14 34 62 36 30 23 52 22 35 61 15 21 29 39 22 38 34 26 48 49 57 49 30 35 36 20 21 36 38 30 20 10 4 2 2 2 5 2 1 1 3 7 14 12 29 30 51 38 24 8 29 47 14 18 17 22 33 41 37 23 32 28 27 13 39 25 46 22 12 7 5
51 24 31 56 20 44 57 40 19 18 12 35 28 45 52 14 21 18 14 23 19 14 13 13 6 16 48 51 51 17 56 14 18 52 40 21 34 39 51 34 11 47 42 47 63 55 46 19 30 54 45 17 10 17 25 28 8 7 4 2 1 3 4 2 2 18 38 16 8 13 37 46 33 19 10 38 35 24 21 17 21 31 33 37 34 23 11 31 20 36 28 12 31 10 10 17
48 25 26 51 18 43 49 17 16 20 27 28 18 21 29 26 9 14 17 5 7 5 8 6 10 20 75 34 38 19 54 35 14 60 32 19 35 60 45 29 19 44 48 56 31 52 39 35 22 21 28 36 15 9 13 25 12 7 2 2 1 2 3 3 13 20 23 32 35 40 45 48 34 8 15 38 25 13 14 18 24 20 39 15 22 20 13 16 23 15 28 10 10 27 19 14
71 34 55 34 14 56 29 16 22 17 39 17 36 21 14 17 8 4 6 6 18 33 10 4 8 15 44 27 13 46 30 24 45 43 39 17 31 62 62 34 20 35 38 59 58 49 28 34 32 15 13 14 24 15 8 3 9 3 5 2 4 4 4 21 41 51 61 57 59 73 52 48 29 6 41 53 16 13 15 23 20 25 36 20 34 34 8 14 20 15 15 7 9 7 9 16
71 54 9 14 12 39 15 19 31 34 29 30 30 29 9 13 6 3 9 9 14 12 4 9 6 26 26 14 39 12 26 51 44 25 26 38 48 70 60 28 26 43 39 47 43 29 43 45 28 28 22 11 19 17 12 4 4 4 3 2 4 4 9 15 14 10 44 56 65 72 72 48 8 28 43 57 23 3 11 42 20 42 20 29 20 43 7 21 25 14 17 6 26 7 14 5
64 17 13 19 20 24 6 17 24 35 16 39 48 21 12 6 8 1 5 3 12 11 3 7 7 40 6 34 41 11 55 51 22 17 43 38 19 71 56 15 24 33 30 41 49 38 33 33 23 15 21 9 7 16 8 4 2 1 3 3 6 9 18 20 24 21 43 67 75 62 58 9 19 35 53 61 42 10 25 28 23 23 24 29 30 35 5 10 23 17 24 12 11 6 6 8
