sesion_6_simulaciones/modelos_agentes/ejemplos_netlogo/scenarios/cgcm2_b2/rob_2062.asc
NCOLS 322 
NROWS 307 
XLLCORNER 451900 
YLLCORNER 4086900 
CELLSIZE 100 
NODATA_value -9999 
[rows 0 to 73 of 307, columns 96 to 191 of 322]
7 0 0 0 4 1 1 1 1 1 2 2 3 11 10 3 6 3 4 1 4 3 2 8 2 1 2 2 3 3 1 1 2 4 2 1 2 3 4 2 1 13 42 51 64 56 62 62 79 58 51 56 30 13 22 24 23 5 13 8 12 5 3 2 12 20 24 3 3 17 25 12 12 15 13 10 13 18 10 53 40 24 37 39 47 32 34 38 47 62 39 27 21 7 16 31
0 0 0 0 0 1 1 0 0 1 1 2 8 14 5 5 1 1 1 2 3 0 1 1 2 1 2 1 1 9 3 1 1 2 1 2 2 3 5 7 11 17 18 15 76 82 78 72 90 67 75 55 16 20 51 8 3 5 3 4 1 5 4 2 4 3 4 20 17 16 8 26 37 19 33 40 48 20 22 29 27 24 39 44 51 36 35 45 50 42 49 37 45 22 29 32
0 0 0 1 1 1 1 0 0 1 0 1 3 4 1 1 2 4 4 5 8 1 1 1 2 2 2 1 2 3 6 5 1 2 8 7 7 11 14 17 25 36 24 29 10 3 10 35 88 72 71 71 24 57 42 34 20 10 5 8 5 27 53 38 57 25 18 33 10 15 12 16 23 25 32 51 64 63 38 25 27 27 40 41 51 39 44 58 36 37 47 35 43 43 29 32
0 0 0 0 0 0 0 1 0 0 0 1 1 2 3 3 3 6 7 6 2 0 3 2 0 1 2 2 2 1 3 3 3 7 9 6 18 17 36 55 64 67 43 12 5 9 3 6 23 8 19 16 8 21 42 7 40 2 3 9 12 31 64 63 68 68 61 17 33 26 24 31 20 21 37 36 44 18 16 24 36 37 51 51 52 40 38 46 33 31 48 46 31 42 24 47
0 0 0 0 0 0 0 1 2 0 1 1 1 1 4 3 2 14 5 2 3 2 2 5 3 2 2 1 1 6 8 7 1 7 15 16 28 42 67 77 78 67 50 22 12 4 8 17 9 7 14 14 3 36 7 17 27 13 2 4 37 54 44 65 43 20 64 30 42 52 31 28 19 18 37 25 30 26 29 34 37 34 74 52 37 41 39 53 36 41 45 59 26 44 53 53
0 0 0 0 0 0 0 0 2 3 1 1 0 1 2 1 5 3 6 4 1 1 4 4 4 2 3 2 1 1 2 8 7 3 20 37 46 65 77 62 72 71 64 34 11 19 10 14 16 12 16 34 5 11 10 25 12 10 8 10 40 42 10 6 9 24 33 8 13 19 6 23 67 48 34 18 23 24 22 40 30 39 44 42 51 38 36 57 52 37 49 37 46 51 65 28
0 0 0 0 0 0 0 0 1 3 2 1 0 1 1 3 1 3 8 5 7 3 2 2 3 3 4 2 1 1 2 8 11 9 20 64 72 71 69 70 71 68 34 17 21 43 23 33 25 24 17 31 20 18 26 16 6 14 22 7 5 6 5 9 4 7 29 49 30 29 9 30 14 6 48 37 34 40 20 35 30 23 28 23 44 46 37 53 51 27 52 44 44 39 24 22
0 0 0 0 0 0 0 0 0 2 10 10 11 3 2 1 1 3 2 3 8 22 4 10 11 4 4 1 2 2 3 4 14 36 24 57 54 68 70 63 57 21 27 23 49 37 30 55 35 31 17 22 37 40 25 22 20 49 58 59 29 10 2 2 10 5 20 13 33 18 22 12 6 14 9 34 46 72 58 22 35 44 27 37 66 42 44 51 59 60 35 29 11 18 19 16
0 0 0 0 0 0 0 0 0 0 2 12 16 32 9 12 1 1 1 5 7 3 3 5 4 1 2 2 2 3 9 7 21 53 65 28 19 28 22 20 34 18 15 30 61 46 24 34 39 27 21 16 71 33 27 40 29 41 10 24 60 35 14 1 12 8 6 7 2 8 28 22 8 10 31 11 17 24 31 59 58 79 46 52 25 17 30 71 35 51 32 70 50 29 19 27
0 0 0 0 0 0 0 0 0 0 1 0 0 0 0 0 2 1 1 1 2 2 3 2 5 4 2 2 4 6 8 36 33 27 47 37 35 36 19 19 11 9 16 33 64 37 15 16 27 33 29 15 25 81 66 62 10 21 9 43 27 35 7 10 2 5 4 2 8 14 14 19 22 19 29 45 14 20 59 66 32 62 47 36 17 24 15 33 33 48 23 44 76 66 24 17
0 0 0 0 0 0 0 0 1 0 0 0 1 1 0 1 2 0 3 1 2 1 2 2 5 1 1 3 6 14 29 37 71 52 30 29 34 51 49 31 19 8 7 10 39 14 15 21 30 23 34 16 30 35 78 61 23 13 20 36 16 17 8 3 6 8 9 4 15 31 27 31 21 14 37 52 31 13 16 53 33 29 46 60 26 28 19 24 62 48 44 39 69 81 55 27
0 0 0 0 0 0 0 1 1 1 0 1 1 3 2 1 1 4 6 2 11 3 1 2 3 3 1 2 5 45 49 43 45 40 31 24 28 52 44 33 19 8 11 19 23 11 13 37 20 23 48 20 32 49 26 44 25 22 32 26 10 9 22 15 7 5 17 17 30 60 65 68 14 28 45 51 34 19 17 56 30 6 34 63 25 34 30 26 50 32 27 32 56 63 63 53
0 0 0 0 0 0 0 0 0 1 1 1 0 0 1 3 5 2 7 6 18 18 2 1 1 2 1 4 12 28 55 34 35 31 33 48 49 19 25 44 18 7 8 29 24 11 21 23 27 38 54 42 41 63 41 35 36 30 41 12 11 13 22 17 9 7 6 18 35 22 47 40 31 21 24 54 21 19 7 17 35 5 44 72 27 30 44 26 19 50 35 15 23 39 61 72
0 0 0 0 0 0 0 0 0 1 1 1 1 1 1 1 6 2 14 4 2 2 9 5 3 2 4 22 26 23 30 32 24 12 14 14 14 9 9 14 18 3 2 2 9 8 15 18 50 63 70 66 48 53 32 48 47 38 31 32 11 8 25 25 18 17 8 10 12 7 3 3 21 28 25 31 21 32 18 11 5 9 23 59 62 28 37 40 25 23 44 22 36 56 79 61
0 0 0 0 0 0 0 0 0 0 0 0 1 1 1 1 1 1 12 6 4 9 13 4 5 3 5 7 26 29 15 9 8 12 18 15 14 12 6 2 13 2 9 5 2 3 15 31 38 69 69 64 51 59 40 64 60 46 44 48 8 26 35 33 19 13 6 8 5 3 3 20 47 38 38 46 40 31 15 16 27 9 26 57 67 30 15 18 23 19 14 13 30 46 54 49
1 0 0 0 0 0 0 0 0 0 0 0 0 0 0 1 1 3 1 1 2 2 1 17 7 8 4 7 7 5 7 18 22 24 16 23 42 41 21 4 5 5 2 6 3 3 3 20 34 40 50 40 38 39 51 35 47 40 53 45 8 23 7 32 49 27 9 10 12 2 8 36 44 47 19 12 22 32 40 34 26 23 24 50 72 85 56 39 21 17 16 9 31 66 57 39
0 0 0 0 0 0 0 0 0 0 0 0 0 0 0 1 1 2 1 2 2 1 1 4 18 9 11 16 42 29 16 9 13 20 20 37 52 54 38 4 9 8 4 6 15 16 17 4 16 26 19 17 13 15 26 47 49 52 56 52 15 30 21 24 35 10 7 9 7 7 8 38 29 40 12 10 18 17 45 31 30 30 34 40 72 87 84 34 22 20 19 13 33 57 64 59
0 0 0 1 1 0 0 0 0 0 0 0 0 0 0 0 1 1 2 2 1 1 2 3 7 10 3 8 9 6 15 15 20 13 40 65 43 52 38 20 28 32 22 22 35 34 38 20 6 2 3 5 3 1 8 51 79 89 63 27 50 29 25 16 29 18 9 18 6 6 40 41 43 35 12 27 46 26 34 36 23 21 15 10 59 65 63 62 41 24 23 16 20 38 43 22
0 0 0 0 0 0 0 0 0 0 0 0 0 0 0 0 0 1 1 0 1 2 2 2 13 20 9 8 6 14 21 26 16 33 41 46 18 22 25 49 38 45 53 62 56 36 45 38 18 13 10 9 13 2 3 12 78 84 58 35 32 39 19 14 22 7 8 10 3 31 57 56 45 54 18 20 44 43 43 72 44 29 16 10 21 47 53 51 53 32 25 24 12 25 66 18
0 0 0 0 0 0 1 0 0 0 0 0 0 0 0 1 0 0 0 1 1 2 3 1 8 7 5 10 12 13 15 44 31 26 28 16 31 33 28 39 63 66 57 33 39 20 34 42 24 19 17 5 9 4 10 7 24 37 50 52 36 20 16 33 28 5 9 32 58 44 64 79 35 74 33 12 39 67 44 67 57 50 36 16 17 48 70 54 61 41 33 20 8 15 51 41
0 0 0 0 0 0 0 0 0 0 0 0 0 0 0 0 0 0 1 1 1 1 1 1 3 7 7 3 3 11 8 8 16 23 38 20 20 35 20 59 34 35 55 41 26 23 26 34 32 15 23 18 6 11 18 14 18 40 58 50 16 16 55 47 24 6 26 32 44 54 43 47 26 34 58 42 27 24 28 68 30 27 47 34 26 11 52 34 62 31 37 19 12 11 16 39
0 0 0 0 0 0 0 1 1 1 2 1 0 0 0 0 0 0 0 2 1 1 2 1 8 4 11 9 5 8 8 15 19 51 47 30 63 26 43 19 38 24 19 18 35 36 57 42 42 16 18 15 15 16 25 20 19 33 55 58 56 16 23 26 15 18 45 10 33 52 60 37 45 21 53 63 36 22 28 78 84 47 21 59 43 13 10 17 56 42 32 34 13 12 11 35
0 0 0 0 1 0 0 0 0 0 0 0 1 0 0 0 0 0 0 1 4 3 4 3 9 3 6 15 7 5 21 46 49 12 6 68 53 21 22 23 34 49 29 17 14 36 29 11 14 12 25 16 16 18 18 18 10 19 36 26 24 23 13 13 15 36 49 6 28 20 45 58 49 18 17 45 44 55 29 54 85 61 51 23 40 18 5 14 50 59 14 42 23 11 13 25
1 0 0 0 1 1 0 1 2 1 2 1 1 5 3 1 1 1 1 8 4 7 7 4 10 9 5 19 22 12 9 9 4 4 4 13 27 32 14 28 29 45 40 40 30 9 6 4 3 2 10 7 5 7 13 6 7 8 10 20 32 23 15 21 46 38 25 12 23 24 24 46 38 35 26 64 64 43 39 20 61 62 42 60 24 15 9 10 9 36 11 22 18 8 6 9
1 0 0 0 1 1 1 0 3 1 0 2 3 4 4 5 15 2 3 3 10 13 27 12 8 10 26 17 39 21 9 6 13 13 8 1 5 34 29 10 21 42 55 59 40 30 21 16 11 11 4 4 2 1 1 2 2 2 14 26 41 24 31 34 19 43 21 27 35 29 20 33 51 55 16 54 60 41 43 28 44 59 30 15 40 22 10 10 7 13 13 13 20 8 4 4
4 2 1 1 2 1 2 0 1 2 2 2 5 7 12 6 14 17 5 5 25 56 61 72 60 52 51 30 50 34 62 63 62 33 13 11 13 10 8 18 37 28 37 45 54 52 46 31 26 23 11 11 11 9 9 9 9 7 26 40 35 30 22 23 19 39 36 47 17 43 19 15 46 34 18 40 38 20 25 22 23 29 53 13 13 8 10 4 4 7 6 11 5 4 3 3
4 2 3 3 3 1 1 1 3 5 4 3 3 17 27 18 19 57 34 55 65 66 71 76 65 73 68 64 70 75 50 18 35 45 35 15 20 16 7 7 26 33 38 56 49 49 52 40 39 33 25 24 25 23 12 19 13 14 26 23 30 19 12 13 11 44 28 44 38 42 12 17 25 31 21 36 31 45 14 21 20 8 25 15 7 17 6 5 1 3 6 4 5 3 3 3
2 4 3 2 4 4 5 3 5 10 11 21 17 24 39 71 63 52 65 23 32 37 54 69 69 62 82 76 77 77 18 12 11 12 26 26 33 18 25 18 20 43 49 43 48 47 38 62 53 38 31 30 27 27 24 25 25 7 14 16 18 12 13 22 38 58 52 28 36 17 22 11 23 24 23 14 12 20 25 13 19 10 17 14 4 13 6 3 1 2 5 5 3 4 2 1
4 10 4 3 6 5 6 6 10 25 42 58 74 76 84 83 69 72 75 55 26 12 37 59 42 37 29 55 60 55 32 7 6 4 6 10 19 17 22 26 11 23 32 34 19 19 11 28 38 35 46 46 32 30 27 41 28 9 10 10 7 16 32 40 48 38 20 23 15 30 25 33 16 15 15 13 12 12 20 14 10 9 9 5 7 6 5 4 3 1 3 1 2 2 1 1
6 11 4 5 16 15 14 25 42 64 80 75 81 83 77 89 69 71 87 36 68 27 15 35 24 15 20 22 21 22 46 26 16 3 6 3 10 8 9 24 20 20 40 16 21 19 11 23 21 13 11 11 10 19 19 9 31 18 12 9 12 18 36 39 41 30 14 31 42 24 27 18 15 11 10 6 7 6 10 8 8 7 3 5 3 1 2 1 1 1 1 0 0 0 0 1
3 15 15 13 20 34 50 63 61 82 75 87 73 85 78 80 51 62 83 68 30 33 17 9 9 8 4 3 11 12 16 61 24 7 8 6 23 50 49 34 31 20 17 10 10 15 14 5 4 6 8 18 29 29 16 16 33 19 29 9 16 21 34 24 36 17 11 20 36 33 21 14 7 12 8 4 2 1 2 3 4 2 2 1 1 1 1 1 0 0 0 0 3 1 2 2
14 26 42 40 64 81 72 77 78 79 73 89 72 76 56 72 53 72 69 73 19 40 39 15 11 3 3 1 4 6 6 12 16 8 8 13 7 15 15 18 13 13 14 23 24 15 17 8 12 15 38 54 48 31 51 11 38 33 8 3 4 14 12 26 19 20 11 6 9 13 11 11 5 2 2 2 3 2 5 7 4 6 4 6 6 6 5 4 4 6 2 2 9 5 3 7
41 55 62 77 74 72 77 79 80 70 89 65 37 56 49 52 58 60 62 69 30 17 25 14 12 7 3 5 10 11 12 21 14 5 16 13 17 17 29 19 33 21 33 33 39 37 28 25 19 24 35 62 65 64 62 31 42 34 17 23 12 3 4 4 5 4 8 5 4 4 4 4 4 8 13 11 19 12 18 9 10 14 8 14 9 22 13 6 10 9 4 4 9 7 5 12
66 79 79 66 78 77 85 69 71 53 73 16 28 22 31 46 48 36 34 56 32 13 6 5 8 11 11 9 13 5 37 36 32 22 28 30 27 24 27 28 30 33 34 33 49 35 45 29 16 51 46 47 58 45 36 31 62 35 30 47 34 23 22 22 21 21 32 22 15 14 14 16 25 25 25 15 24 23 22 22 21 21 19 19 28 22 15 12 12 7 10 6 12 8 18 18
12 18 50 49 67 61 76 69 33 6 4 5 12 9 8 11 12 23 40 55 30 8 10 17 9 9 31 21 32 24 34 32 31 28 27 49 37 18 38 34 33 45 43 44 34 34 43 32 27 39 50 44 56 63 47 49 38 31 40 43 36 40 38 41 41 36 48 37 31 16 29 29 27 28 41 29 29 42 27 39 37 26 29 28 47 22 19 16 16 15 14 11 22 22 24 35
16 10 6 7 5 5 20 21 22 7 5 9 14 15 6 4 2 6 25 27 15 9 34 9 23 34 40 30 42 27 25 22 40 37 19 33 33 20 29 38 30 48 30 29 30 35 52 37 26 30 49 45 26 72 47 63 34 36 46 37 53 39 36 36 38 26 53 36 22 32 32 31 44 30 42 31 32 46 43 45 31 30 43 34 39 27 23 23 19 19 19 18 46 34 26 26
28 45 34 14 13 11 3 8 11 4 10 13 11 6 3 4 1 11 9 15 23 40 44 19 36 29 36 33 25 11 4 13 27 26 19 30 17 21 29 39 44 24 30 27 26 49 39 25 38 39 48 59 35 74 67 30 59 53 49 31 43 37 53 50 38 43 38 37 35 24 33 48 46 33 47 46 36 52 34 45 35 46 49 60 42 26 14 33 26 26 35 39 45 20 47 29
35 24 23 16 9 7 8 8 16 19 22 23 17 5 6 13 15 19 23 34 60 54 56 35 30 21 22 28 28 24 13 11 24 18 34 17 15 22 21 34 13 11 30 35 29 62 33 37 49 32 58 31 61 61 33 45 67 51 29 45 33 48 50 37 26 42 42 38 23 38 58 62 55 36 48 54 52 56 37 36 42 52 53 46 34 21 19 41 33 21 50 52 49 22 15 54
15 26 33 24 25 13 28 20 26 31 32 44 32 24 20 30 17 29 39 45 56 40 18 30 43 24 12 18 28 26 18 10 17 22 10 30 16 39 26 17 21 13 34 22 24 71 45 43 33 28 37 61 56 39 34 31 50 61 32 45 46 59 47 27 50 49 53 40 22 41 54 74 61 42 51 58 60 46 38 29 46 72 65 56 49 23 44 67 47 22 42 66 65 32 17 54
34 46 20 22 13 24 34 23 21 38 36 40 33 32 35 33 34 39 44 41 48 33 28 35 24 15 16 29 19 26 14 20 11 8 25 26 32 20 24 16 17 9 35 9 9 42 40 45 23 33 37 22 59 12 8 7 23 48 23 52 60 48 41 64 50 50 34 15 27 57 63 79 66 50 53 70 76 51 51 31 54 78 52 41 38 31 53 70 50 32 26 76 81 55 32 47
15 27 16 34 22 33 30 28 27 26 41 43 29 30 55 25 31 39 34 32 44 35 18 34 21 21 26 20 22 28 11 21 11 11 10 25 8 16 11 23 17 16 24 12 32 27 55 36 12 25 36 29 31 16 14 9 13 21 16 54 63 53 56 67 26 47 18 18 26 60 72 75 71 54 58 72 82 42 55 28 62 85 60 32 28 37 59 73 55 37 30 66 76 66 25 48
11 20 45 26 14 20 27 18 16 20 43 29 23 37 24 23 15 31 38 21 19 27 30 28 17 17 14 12 12 49 11 23 10 12 12 22 18 14 9 14 9 19 16 13 26 16 27 13 14 9 14 40 29 19 13 14 38 14 18 43 39 46 76 37 48 42 28 32 41 50 71 72 73 40 49 73 56 36 61 30 49 74 62 51 31 37 62 73 55 45 34 49 70 46 35 50
5 5 19 6 6 4 14 11 8 13 14 17 14 23 20 17 20 19 27 21 16 9 16 22 19 15 21 10 9 12 15 29 8 6 12 23 10 5 7 13 8 17 11 11 16 15 23 7 6 7 7 21 5 7 12 12 24 9 22 30 25 50 22 38 67 31 29 38 52 47 58 79 55 30 51 70 56 40 60 40 48 70 44 39 41 30 34 74 72 43 28 49 70 44 29 51
1 3 1 2 3 3 8 10 4 11 11 16 18 12 12 19 13 14 16 20 9 7 7 18 16 10 17 5 8 14 9 14 4 5 8 6 4 9 6 14 18 5 7 16 12 5 3 18 4 3 3 7 2 4 6 17 17 27 22 13 12 9 26 59 23 30 49 26 37 38 37 65 27 23 39 61 35 41 52 22 57 60 33 37 42 47 19 34 74 38 29 41 68 52 41 35
0 1 1 1 3 1 2 2 4 6 6 13 10 9 10 11 10 8 8 11 12 5 14 10 12 10 9 8 2 5 12 15 1 2 3 13 3 2 3 5 18 5 4 2 3 4 4 1 3 5 4 12 6 3 7 8 32 18 13 33 22 11 36 18 36 49 18 23 23 37 15 55 13 16 24 50 21 53 50 22 38 37 25 48 52 53 27 31 68 45 26 42 50 28 38 29
0 0 1 1 2 0 2 2 2 4 5 12 7 4 5 8 9 15 7 3 4 3 19 2 5 8 6 4 1 4 3 3 0 1 5 1 1 0 5 1 11 3 4 2 4 5 4 13 26 34 28 13 23 15 8 14 19 11 14 15 10 13 24 10 38 14 17 17 18 33 11 27 13 28 10 23 14 39 24 17 46 19 21 29 50 21 32 18 45 30 32 24 57 59 61 49
0 0 1 0 0 2 0 1 1 3 5 5 3 6 2 8 2 8 6 3 2 5 6 5 4 5 4 5 1 1 0 2 2 4 1 1 2 3 4 3 3 5 7 14 4 35 10 51 20 24 14 14 30 36 53 26 24 5 8 16 12 16 3 5 15 10 11 13 21 23 26 21 22 16 10 39 10 33 10 11 46 13 40 39 55 26 34 26 31 50 40 58 61 65 74 86
0 0 0 0 0 0 2 0 1 1 1 1 1 2 2 4 2 5 5 6 4 5 4 6 1 1 2 2 2 3 1 0 1 1 12 13 7 9 24 34 16 18 18 41 18 12 35 45 10 36 18 15 23 43 37 26 33 33 23 44 27 46 40 10 18 25 25 24 18 28 41 30 31 59 65 60 66 82 68 42 49 63 64 57 20 81 78 66 55 23 44 29 42 75 50 64
0 0 0 0 1 5 1 0 0 0 0 0 1 3 3 3 2 5 2 2 3 3 2 5 2 2 1 1 1 1 1 1 1 0 1 10 17 3 5 26 26 30 12 48 63 14 15 26 45 29 44 8 13 49 56 19 64 48 66 59 18 43 24 24 18 32 25 51 54 6 12 47 53 14 37 69 32 60 38 73 30 60 77 59 34 78 65 59 82 77 62 30 49 62 42 29
0 0 0 0 0 0 0 0 0 0 0 1 2 2 1 2 1 3 1 1 2 1 3 3 2 1 0 1 1 3 1 0 1 1 0 2 4 2 3 11 21 8 40 60 36 10 22 13 30 28 45 14 17 42 37 58 42 27 48 63 27 6 17 46 38 51 46 38 50 46 10 48 69 22 44 76 16 12 27 81 72 43 34 54 59 74 64 77 86 78 44 69 29 24 58 70
0 0 0 0 0 0 0 0 0 0 0 1 1 1 1 1 1 1 1 1 1 1 2 1 1 1 0 0 1 1 1 0 1 0 1 1 1 13 5 19 8 26 17 19 62 33 16 9 27 33 33 41 16 55 56 82 32 60 82 80 59 8 33 37 39 76 66 71 43 70 27 20 61 27 51 75 35 31 18 60 48 59 12 14 24 68 74 70 81 64 27 71 46 33 51 60
0 0 0 0 0 0 0 0 0 0 0 1 1 0 1 2 1 1 0 1 1 1 1 0 1 0 0 0 0 1 1 1 1 1 1 2 2 4 18 47 18 43 18 44 39 52 24 25 42 45 76 80 36 61 83 89 55 79 87 73 59 27 61 68 43 36 31 23 54 81 34 21 47 21 55 63 84 33 47 83 60 73 65 24 21 42 64 62 55 42 65 88 47 31 18 19
0 0 0 0 0 0 0 0 0 0 0 0 0 0 0 1 1 1 0 1 0 0 0 0 1 1 0 0 2 2 3 2 1 3 5 7 5 8 44 26 34 19 12 60 58 30 18 16 30 48 70 63 63 39 69 90 58 62 78 70 79 69 72 83 30 38 45 29 55 74 66 41 10 28 70 78 79 70 33 86 35 65 78 46 27 24 54 41 46 22 77 87 69 45 47 19
1 0 0 0 0 0 0 0 0 0 0 0 0 0 0 1 1 0 0 0 1 0 0 0 0 1 1 3 9 1 1 1 8 6 7 9 4 13 26 25 51 23 48 22 79 26 30 26 14 31 67 56 37 17 19 53 66 76 81 79 89 74 77 77 71 45 54 39 53 59 83 56 28 26 57 76 81 80 54 70 66 61 68 81 46 28 18 20 18 33 75 56 79 50 46 28
0 0 0 0 0 0 0 0 0 0 0 0 0 0 1 0 0 0 0 0 1 0 0 1 0 0 0 0 2 1 1 6 4 4 17 10 6 3 2 10 12 8 3 3 18 23 63 47 17 9 31 12 21 10 8 15 17 52 60 56 64 71 67 65 87 45 44 36 13 71 91 43 28 24 66 57 58 63 34 48 50 23 70 81 68 43 11 13 16 24 16 40 80 48 32 39
0 0 0 0 1 0 0 0 0 0 0 0 0 0 0 0 0 0 0 0 1 0 0 1 2 5 1 1 1 1 2 3 8 14 12 9 10 16 6 3 7 18 7 4 7 13 23 34 34 11 15 11 24 12 14 28 21 12 20 41 40 17 32 66 89 69 35 41 51 76 89 54 20 12 24 36 61 46 57 63 52 15 53 71 82 33 22 11 36 42 24 42 89 64 58 60
0 0 0 0 0 1 0 0 0 0 0 0 0 0 0 0 0 0 0 0 0 1 0 1 4 8 3 1 1 3 4 3 8 13 6 3 15 21 7 6 7 26 14 8 14 12 15 13 14 7 14 36 42 38 32 29 20 16 14 10 3 1 11 77 77 75 50 26 31 69 81 77 64 25 14 37 53 40 41 30 54 40 24 75 76 63 27 18 41 31 54 83 84 83 68 63
0 0 1 0 0 1 2 0 0 0 0 2 0 0 0 0 0 0 0 0 0 0 0 0 2 4 2 5 6 10 3 3 17 7 13 17 13 24 13 17 13 23 24 15 7 27 16 21 16 5 14 52 62 66 62 52 37 34 30 28 29 25 27 48 50 63 54 23 9 47 42 79 80 36 17 46 54 42 25 45 69 35 23 24 77 79 31 16 48 58 54 75 52 78 50 31
0 0 0 1 1 1 0 0 0 0 1 3 2 1 1 1 0 0 0 0 0 0 0 0 1 1 2 5 10 5 3 4 4 2 21 22 7 11 19 35 22 29 23 17 6 11 40 31 21 15 12 35 75 77 72 72 61 59 50 49 77 79 82 72 59 56 46 29 12 8 35 52 82 64 58 20 41 49 27 6 20 33 35 50 69 75 49 27 15 37 39 33 78 77 86 59
0 0 0 1 2 2 10 0 1 0 1 0 2 3 1 1 1 0 0 0 0 0 0 0 1 1 2 3 2 2 2 7 17 12 25 16 15 27 47 23 40 36 18 25 30 30 41 42 30 23 13 20 48 72 70 78 79 76 55 43 35 49 59 66 76 73 74 63 39 3 11 51 59 66 56 50 33 16 22 21 52 42 21 31 29 69 69 25 12 22 30 36 29 71 58 74
2 1 0 0 0 2 1 0 0 3 1 1 0 0 0 0 1 0 0 0 0 0 0 1 3 1 2 5 4 7 9 26 16 9 13 23 15 18 12 5 12 52 59 35 57 40 34 34 35 36 34 17 13 17 58 58 54 73 74 66 60 54 39 45 51 69 74 74 70 61 41 65 55 75 44 43 32 23 32 24 21 23 15 43 32 71 75 23 9 32 41 28 30 29 59 75
2 3 2 0 0 2 6 3 0 1 1 0 0 0 0 0 0 1 0 0 0 0 0 2 1 2 1 1 1 2 1 3 4 12 11 12 15 17 22 22 14 5 18 64 65 76 66 48 41 23 31 33 26 15 24 39 32 27 44 51 54 67 67 54 31 35 63 73 72 58 62 79 59 80 67 48 43 45 26 15 16 33 14 23 37 26 60 34 9 18 36 38 17 12 51 76
1 1 15 3 1 3 1 10 4 2 3 0 0 1 0 1 1 1 1 0 0 0 1 1 1 1 1 8 4 2 3 10 6 8 12 26 27 33 29 34 39 31 16 11 10 61 69 63 42 29 22 34 26 15 6 6 6 7 7 8 15 34 30 42 44 23 23 37 38 33 61 61 61 58 53 56 60 55 34 37 33 28 13 15 47 55 38 44 14 5 24 34 20 38 78 35
1 1 3 1 1 1 0 0 12 20 18 13 1 1 1 0 0 2 0 1 0 0 1 1 2 1 2 4 2 3 7 11 5 8 12 18 20 27 27 30 33 31 47 42 42 29 13 10 36 38 45 17 15 9 14 23 22 22 21 18 18 7 5 7 10 7 6 5 6 20 31 46 42 38 31 23 23 47 41 34 25 14 34 28 30 41 35 54 33 8 6 24 44 76 44 69
2 1 3 17 6 1 1 1 1 26 1 1 2 1 1 1 1 0 0 1 0 0 0 1 1 1 1 1 1 1 1 2 5 6 8 11 23 33 23 33 40 46 45 45 50 37 34 32 22 13 12 8 11 27 30 41 41 41 40 49 21 6 6 19 20 33 16 18 5 4 10 23 19 13 13 14 16 22 29 46 42 14 12 15 14 18 29 42 49 13 6 20 80 51 44 55
3 2 4 9 4 5 8 1 0 0 0 0 0 1 1 9 0 1 1 1 0 0 0 0 0 0 1 1 2 1 1 2 3 4 10 13 16 20 18 39 40 31 26 29 35 28 25 37 30 27 33 34 37 49 45 42 57 60 59 53 28 21 23 37 34 25 32 15 5 6 7 2 2 2 3 3 7 7 3 6 11 7 7 5 6 6 20 29 26 15 6 51 55 30 61 53
7 4 2 1 9 6 31 10 6 5 3 1 0 1 4 2 11 6 2 1 5 3 2 0 0 0 1 1 0 1 1 3 5 3 1 4 18 21 11 11 22 33 23 17 28 22 31 34 41 34 44 28 30 44 56 58 58 61 69 59 36 35 46 43 52 53 54 41 20 16 5 2 1 3 4 9 23 16 9 8 5 4 2 3 2 4 6 12 28 29 10 62 18 11 47 62
7 8 7 15 7 10 6 4 3 21 4 9 1 2 4 9 24 10 3 3 6 1 1 1 1 0 1 0 0 0 3 1 1 1 2 4 12 27 25 39 33 25 36 28 36 29 35 36 40 23 54 42 39 35 51 55 75 74 73 56 29 50 46 61 60 75 65 56 42 21 16 16 16 22 25 36 44 31 19 18 27 29 15 7 7 4 1 3 9 33 19 48 11 13 50 75
10 10 3 2 13 8 31 18 8 7 15 25 9 3 7 29 31 9 3 10 1 8 0 1 0 0 0 2 0 1 1 0 0 3 2 3 5 13 22 25 32 20 22 26 28 32 36 52 42 33 41 52 36 39 56 65 74 66 52 43 42 51 61 61 62 79 72 59 49 26 39 39 39 44 44 44 58 41 39 40 38 37 21 28 26 11 9 2 3 14 11 13 12 7 22 43
9 15 10 3 30 23 30 22 51 26 15 5 3 25 26 18 16 6 5 24 2 9 1 1 1 1 1 1 3 0 0 1 1 3 3 5 7 20 12 26 32 24 10 29 26 29 36 56 42 21 25 51 46 37 52 70 70 54 40 28 32 61 59 60 78 74 64 57 32 27 41 41 43 57 51 64 63 65 46 48 59 48 47 55 42 30 14 4 2 8 7 15 9 4 11 23
11 3 12 5 2 40 16 10 19 39 26 17 2 15 48 16 2 4 15 25 2 16 1 1 4 3 0 2 4 8 1 0 1 1 3 2 2 3 6 6 21 14 22 21 24 14 45 25 41 17 51 36 36 29 54 76 50 44 30 39 40 54 50 67 77 70 63 60 34 50 61 61 42 59 68 66 67 57 49 59 67 61 54 61 28 17 7 5 3 1 2 7 7 2 7 5
9 10 6 13 3 8 38 52 53 28 11 14 4 7 28 36 8 13 47 23 5 22 2 1 1 3 1 5 3 1 4 10 1 1 1 3 1 2 2 7 10 8 10 19 16 12 14 20 10 15 63 15 30 22 58 34 32 43 24 30 31 44 59 72 56 68 57 42 36 51 62 63 40 63 60 69 73 60 52 60 75 62 63 39 19 20 16 20 13 3 1 1 3 3 2 3
17 9 13 9 13 12 20 32 24 42 43 16 45 7 3 2 24 72 58 17 18 7 5 7 8 2 1 3 7 5 3 1 2 0 1 0 1 1 1 8 3 8 9 10 6 6 6 9 14 22 8 7 24 36 18 32 27 18 21 21 20 35 71 55 60 46 33 37 52 63 60 61 53 64 42 54 62 39 51 59 77 46 30 29 36 41 51 29 19 6 3 1 1 1 1 1
19 17 15 13 41 20 54 75 39 26 24 44 46 50 3 1 6 8 7 2 9 15 9 3 2 3 3 4 3 2 1 0 1 2 0 0 1 1 3 2 2 2 8 2 2 2 2 11 2 2 4 6 9 20 15 17 8 12 26 26 22 56 51 53 48 55 36 32 44 61 56 43 47 64 42 26 70 48 54 76 46 46 41 45 72 75 51 26 21 14 5 4 2 1 1 1
