sesion_6_simulaciones/modelos_agentes/ejemplos_netlogo/scenarios/cgcm2_b2/rob_2084.asc
NCOLS 322 
NROWS 307 
XLLCORNER 451900 
YLLCORNER 4086900 
CELLSIZE 100 
NODATA_value -9999 
[rows 219 to 291 of 307, columns 0 to 95 of 322]
20 19 8 12 21 45 51 18 24 4 11 11 6 3 13 7 11 17 8 6 5 25 12 16 6 28 23 31 18 28 26 48 38 40 64 72 55 46 41 56 29 28 31 50 60 56 64 41 62 72 67 83 87 71 67 83 83 66 83 80 79 84 64 68 44 37 33 24 11 3 4 3 1 2 2 1 1 0 0 0 0 0 0 0 0 0 0 0 0 0 0 0 0 0 1 4
31 37 27 27 43 53 58 44 17 14 24 15 18 13 12 18 14 5 5 7 10 31 12 13 27 30 14 58 49 37 50 59 48 51 66 36 23 38 21 54 42 34 35 48 61 67 71 60 67 76 68 80 78 78 33 48 80 86 85 71 29 22 44 37 63 38 22 33 8 3 2 2 4 1 0 0 0 0 0 0 0 0 0 0 0 0 0 0 0 0 0 0 0 0 1 2
22 5 27 32 45 40 49 30 8 16 16 21 43 33 15 16 7 11 10 10 3 7 45 29 18 5 12 31 40 32 31 44 59 34 61 22 35 27 9 51 38 40 49 61 59 74 78 63 81 87 64 45 48 39 25 26 63 72 61 39 48 37 31 41 28 22 18 8 14 7 6 2 2 1 1 1 0 0 0 0 0 0 0 0 0 0 0 1 2 1 1 0 0 1 3 2
11 15 26 42 39 24 41 30 6 18 20 23 45 18 16 9 9 4 4 6 16 25 30 35 24 22 17 34 49 27 16 43 56 25 50 39 25 26 36 62 30 29 46 57 52 75 49 59 64 84 83 57 42 43 39 21 31 46 29 36 39 24 16 34 20 24 11 14 7 6 4 3 1 1 0 0 0 0 0 0 0 0 0 0 0 0 1 2 2 1 1 1 2 3 8 3
26 31 21 15 20 28 30 41 25 11 13 27 29 15 8 8 9 18 23 22 25 37 23 62 40 38 31 30 34 43 26 36 26 32 59 16 20 26 34 60 59 44 40 62 24 16 30 18 21 65 73 58 55 38 29 31 18 20 33 34 27 37 16 19 30 12 10 10 10 4 2 1 1 1 0 0 0 0 0 0 0 0 0 0 0 0 1 1 4 4 1 2 4 5 1 1
28 45 57 72 49 43 39 42 26 33 41 56 24 16 15 22 19 38 17 20 62 16 30 34 36 27 19 52 40 33 32 36 28 48 33 22 31 39 34 57 49 49 47 82 78 65 54 54 48 26 34 47 33 29 21 20 19 24 24 23 22 23 12 36 34 15 10 6 4 2 2 1 1 0 0 0 0 0 0 0 0 0 0 0 1 1 1 3 8 8 3 4 6 4 1 1
31 51 49 55 63 67 33 24 17 49 54 36 23 15 19 22 7 4 3 36 19 29 57 37 26 40 29 37 29 21 27 26 45 12 13 39 25 47 31 53 48 59 66 48 53 70 57 71 70 47 27 30 20 28 14 15 16 26 17 14 20 11 8 6 9 6 4 3 2 1 1 1 0 0 0 0 0 0 0 0 0 0 0 0 1 2 4 4 16 13 12 11 4 2 1 1
8 18 24 17 34 76 52 8 31 41 55 22 34 30 6 4 2 2 16 50 15 37 51 57 38 35 24 9 27 17 28 51 38 18 31 36 48 57 36 43 69 78 70 44 56 61 64 35 68 79 34 26 11 16 15 20 14 12 12 8 6 4 6 2 2 3 5 2 1 1 0 0 0 0 0 0 0 0 0 0 0 0 1 1 1 3 10 14 21 28 13 4 3 1 1 1
33 20 26 29 33 32 14 18 18 27 45 49 52 12 3 3 15 26 45 63 28 30 43 71 53 22 35 14 19 30 10 27 57 23 17 17 38 43 75 83 50 44 33 70 44 50 71 51 42 18 33 37 33 25 23 22 22 12 9 7 5 2 3 2 2 2 2 1 0 1 0 0 0 0 0 0 0 0 0 0 0 0 1 1 1 3 11 33 22 2 2 1 1 1 1 0
29 23 22 43 31 30 32 29 19 42 41 32 25 10 17 41 45 49 52 65 24 37 36 58 11 11 32 9 25 33 11 11 30 26 15 32 26 20 63 78 62 41 60 43 83 60 36 42 39 34 24 46 42 36 37 27 11 12 4 3 2 0 0 0 1 1 1 0 0 0 0 0 0 0 0 0 0 0 0 0 0 1 1 1 3 6 9 37 12 3 2 1 1 1 1 1
8 16 41 24 22 24 40 38 33 36 30 49 33 35 33 52 43 24 57 50 23 26 23 22 9 37 13 3 24 23 9 18 14 22 50 64 47 36 22 40 48 29 24 19 42 79 59 40 35 34 27 26 27 35 40 33 13 8 2 1 0 0 1 2 2 1 0 0 0 0 0 0 0 0 0 0 0 0 0 0 1 1 3 2 8 14 18 19 6 3 4 5 2 1 1 1
31 27 27 29 38 34 53 31 41 34 23 38 25 51 31 47 45 33 34 60 9 16 14 11 20 5 12 13 12 20 6 15 9 18 18 43 38 63 31 13 35 54 45 46 60 29 38 28 21 23 17 16 28 26 20 18 18 9 7 2 2 2 1 1 1 1 0 0 0 0 0 0 0 0 0 0 0 0 1 1 3 2 5 3 4 25 48 18 8 10 12 5 2 1 1 0
12 32 36 43 24 25 31 60 20 33 24 18 31 33 23 44 42 27 20 29 13 10 10 19 12 8 9 8 7 10 5 10 39 29 18 13 52 30 37 30 13 25 69 75 80 51 24 15 30 32 30 12 17 22 16 14 9 3 4 5 2 1 1 1 0 1 0 0 0 0 0 0 0 0 0 0 1 1 2 4 6 7 7 4 3 14 37 12 7 19 11 3 2 1 1 0
9 12 27 38 28 31 25 44 23 22 21 22 17 29 19 25 53 15 11 17 6 8 2 9 7 7 4 3 6 6 8 13 20 48 28 31 19 25 35 13 25 21 20 36 37 27 25 17 29 19 29 16 13 12 10 17 7 3 1 1 1 1 0 0 0 1 0 0 0 0 0 0 0 0 0 1 1 3 4 10 15 24 11 6 5 8 17 17 19 12 4 2 1 1 1 1
5 5 24 15 17 43 30 19 33 21 35 27 20 32 24 15 20 8 10 8 8 3 2 1 4 5 2 3 6 5 4 9 8 9 8 18 10 14 16 9 21 35 61 35 34 17 19 8 10 11 16 11 11 12 13 6 4 1 0 0 1 2 0 1 1 1 0 0 0 0 0 0 0 0 0 1 1 6 7 18 35 31 19 21 8 11 42 40 23 8 5 2 2 2 1 1
6 3 3 12 13 24 43 40 53 15 20 31 6 17 8 13 30 4 6 7 7 9 1 3 5 2 1 9 15 25 22 4 15 12 27 30 31 36 27 34 47 52 56 62 59 56 51 25 25 36 23 11 9 6 5 4 1 1 0 1 1 3 3 1 1 0 0 0 0 0 0 0 1 1 1 1 2 6 10 22 23 43 32 37 24 54 34 32 14 15 11 9 5 3 1 1
1 1 6 10 13 15 15 26 14 23 26 13 2 3 2 3 17 2 2 2 1 3 2 3 2 2 1 4 14 10 45 57 44 41 62 45 48 32 34 40 51 55 54 73 45 28 25 7 15 27 34 20 9 5 4 4 3 3 6 3 1 2 1 1 0 0 0 0 0 0 1 1 2 1 2 1 2 4 12 26 50 40 45 42 61 40 38 32 10 12 23 15 8 3 1 2
0 3 1 2 2 10 13 15 12 10 8 12 2 7 1 6 2 1 1 1 1 1 1 1 3 3 11 10 16 9 16 43 77 53 69 87 86 69 69 62 26 67 73 65 77 62 60 33 27 29 23 16 18 6 5 12 9 5 3 1 1 3 2 1 0 0 0 0 0 0 0 1 3 4 3 2 3 2 7 11 48 64 60 28 23 71 34 35 29 32 13 13 8 5 3 3
0 1 0 1 2 6 5 14 20 10 4 1 3 0 2 3 1 21 1 5 21 11 5 2 2 1 2 4 5 11 12 15 21 69 57 82 86 81 80 70 66 35 76 78 79 58 63 40 28 24 12 10 4 5 2 2 2 3 2 1 1 1 0 0 0 0 0 0 0 0 0 1 2 5 5 3 4 6 8 10 38 62 50 19 56 55 40 56 51 28 23 18 13 7 10 6
0 0 2 4 8 2 5 13 11 8 4 1 1 0 1 1 0 0 8 6 8 23 15 4 2 1 4 5 5 13 11 19 26 23 17 56 86 58 80 50 60 58 55 69 66 59 35 19 40 34 21 16 16 12 7 3 2 2 1 1 1 0 0 0 0 0 0 0 0 0 0 2 3 7 18 9 5 9 18 27 49 67 39 37 55 20 10 19 24 9 9 16 9 8 4 2
0 0 1 0 1 2 2 3 3 2 2 1 1 0 0 1 0 1 1 4 3 1 28 13 2 1 3 10 9 16 15 12 25 31 19 24 56 72 67 65 65 55 59 48 53 61 55 27 12 29 23 18 15 14 11 3 2 1 1 1 0 0 0 0 0 0 0 0 0 0 1 1 3 5 13 20 9 9 13 47 56 79 34 40 65 25 24 18 10 6 5 9 7 4 1 1
0 0 0 1 0 1 1 1 3 3 2 1 0 0 0 0 1 2 3 7 2 2 2 15 14 2 6 24 20 21 31 23 31 44 36 27 27 62 48 52 28 35 23 36 35 33 9 34 19 15 19 10 9 10 9 6 5 3 2 2 1 1 0 0 0 0 0 0 1 1 2 3 3 5 7 28 37 19 37 38 72 66 59 75 29 31 33 24 27 26 11 10 7 4 1 0
0 0 0 0 0 0 0 1 1 2 0 0 1 0 0 0 1 4 5 3 1 1 2 28 11 7 8 7 3 10 17 20 33 36 37 42 24 21 25 19 32 21 10 11 17 26 20 24 11 9 13 9 8 5 4 4 3 2 1 1 0 0 0 0 0 0 0 0 2 1 2 4 7 6 9 11 59 17 24 60 73 55 62 68 59 49 34 57 47 11 10 6 3 1 1 0
0 0 0 0 0 0 0 0 1 1 1 0 0 0 1 1 1 3 6 6 3 2 2 5 6 5 6 19 4 25 36 25 22 34 32 46 44 25 18 10 10 16 21 19 28 25 15 8 9 13 8 7 5 5 4 3 2 1 1 0 0 0 0 0 0 0 0 1 1 2 4 2 1 8 33 28 58 37 43 64 73 69 52 59 42 25 25 44 29 20 6 4 2 1 1 0
0 0 0 0 0 0 0 1 0 0 0 0 4 6 12 5 2 1 1 2 4 5 3 13 24 16 14 14 14 18 32 34 39 41 37 49 47 64 46 19 20 13 13 12 13 10 12 6 4 7 5 6 6 5 2 2 1 1 1 0 0 0 0 0 0 1 2 1 2 3 5 5 3 10 28 22 51 70 48 65 68 70 68 64 42 51 33 32 26 17 8 5 2 1 1 1
0 0 0 0 0 0 0 0 0 0 0 1 0 0 2 19 3 1 1 1 5 3 5 8 3 11 23 45 47 42 30 43 46 54 54 46 51 58 66 60 30 20 20 23 22 11 6 8 10 7 11 9 4 2 3 2 2 1 1 0 0 0 0 0 0 1 2 4 6 8 7 8 5 12 50 26 13 59 85 62 67 71 63 53 40 25 8 20 25 13 6 2 2 1 2 1
0 0 0 0 0 0 0 0 0 1 3 2 1 1 1 1 1 0 2 2 2 10 5 5 14 15 6 14 22 52 58 56 63 72 61 45 60 71 74 62 35 31 26 32 31 29 14 24 13 5 2 2 3 3 1 1 1 1 0 0 0 0 0 0 1 2 3 6 12 14 13 17 12 19 45 57 19 50 68 60 59 40 28 16 21 30 13 13 13 7 5 3 3 3 2 1
0 0 0 0 0 0 0 0 0 0 0 0 0 2 2 1 1 2 1 3 8 4 5 9 7 21 11 4 4 46 34 68 83 64 65 64 49 57 68 67 55 61 45 28 37 41 20 19 12 6 5 5 2 3 1 1 1 1 1 1 0 0 0 1 2 2 3 9 12 24 18 34 15 16 40 61 54 36 69 43 31 19 30 22 18 8 7 9 16 12 5 4 4 3 3 1
0 0 0 0 0 0 0 0 0 0 0 0 0 1 0 1 2 6 2 4 3 4 6 7 6 18 18 10 9 7 11 10 52 55 53 48 37 57 51 35 31 22 18 15 22 37 17 14 10 8 5 3 2 1 1 1 2 1 1 1 0 0 0 0 1 3 6 9 9 19 46 30 36 15 21 55 51 75 46 31 37 24 23 22 27 11 14 14 11 4 5 8 8 4 2 1
0 0 0 0 0 0 0 0 0 0 0 4 1 0 0 2 2 3 4 1 1 2 2 4 8 8 16 14 28 33 17 30 33 23 12 24 32 41 27 32 17 17 9 13 14 13 11 15 6 5 4 3 3 3 1 1 1 2 1 0 0 0 0 1 1 3 3 3 5 7 21 49 64 20 13 42 31 67 31 44 26 25 16 24 25 20 17 6 11 9 10 13 5 3 1 1
0 0 0 0 0 0 0 0 0 0 1 3 1 0 1 2 7 4 4 2 2 3 3 7 10 16 32 33 18 14 11 15 33 38 28 23 41 47 41 35 37 29 44 32 18 15 15 15 12 6 2 3 2 2 2 2 1 1 0 0 0 0 0 0 1 3 4 12 9 5 12 20 42 51 30 29 64 52 42 34 18 32 29 20 10 19 23 17 19 22 10 8 3 1 1 1
0 0 0 0 0 0 0 0 0 0 0 0 1 1 1 2 6 1 5 2 3 3 4 7 40 56 46 19 38 50 46 25 46 43 38 35 45 59 48 43 52 40 27 25 23 19 28 27 13 8 8 6 7 6 3 1 1 1 1 0 0 0 0 1 2 4 9 18 20 11 8 10 27 51 61 35 72 51 51 54 47 27 35 41 32 27 36 26 18 22 19 6 5 3 1 1
0 0 0 0 0 0 0 0 0 0 1 1 1 1 3 3 10 4 1 5 3 9 7 16 36 64 61 34 19 29 34 31 21 25 34 27 31 40 37 61 67 40 43 39 49 40 32 31 18 11 13 13 8 4 3 2 2 1 1 0 0 0 1 2 4 8 22 20 13 13 13 22 27 25 19 70 71 52 42 42 31 36 54 45 45 51 43 48 29 21 10 5 3 3 2 1
0 0 0 0 0 0 0 0 1 4 7 1 0 2 3 2 2 2 1 3 6 8 14 47 29 18 43 40 31 48 56 44 23 15 20 20 35 44 54 52 41 40 69 60 62 49 30 16 11 8 4 6 6 3 2 2 1 1 1 0 0 1 1 3 6 11 19 21 22 32 30 25 55 59 46 51 68 59 33 40 43 54 51 32 43 43 38 23 31 10 5 4 6 3 2 2
0 0 0 0 0 0 1 2 8 6 16 11 2 2 5 4 3 0 1 2 2 2 5 28 7 14 32 55 59 68 83 39 57 37 23 14 27 71 55 57 65 17 23 10 14 27 14 20 10 9 7 7 6 5 2 1 1 1 1 0 0 1 1 3 10 23 22 23 16 52 69 27 60 76 77 60 47 49 44 29 40 37 43 57 46 39 24 21 21 15 12 11 7 5 2 1
0 0 0 0 0 0 0 0 0 2 1 0 2 3 3 3 3 2 2 2 3 3 10 19 3 3 5 31 39 28 47 79 49 61 59 53 51 51 43 46 56 55 42 47 43 24 24 29 17 15 12 5 4 3 2 2 1 1 1 0 0 1 5 7 13 19 25 23 20 18 49 73 43 66 75 72 59 39 56 45 58 61 42 32 41 38 24 16 18 28 21 14 5 2 2 1
0 0 0 0 0 0 0 0 1 1 1 2 2 2 4 4 6 2 1 5 6 5 9 32 8 1 9 5 15 28 10 24 57 48 65 63 40 15 16 15 34 38 34 41 51 53 32 14 23 17 9 12 8 4 2 3 2 1 1 0 1 3 7 14 26 34 24 20 47 43 31 27 68 75 61 72 54 53 73 71 30 27 29 37 34 23 33 23 24 12 10 4 2 2 1 1
0 0 0 0 0 0 0 0 0 0 1 1 1 3 2 1 3 0 1 2 2 13 14 34 18 7 9 14 23 18 19 8 7 16 18 17 17 18 17 12 9 16 15 20 41 38 21 35 28 22 16 13 9 7 5 4 3 1 1 0 2 3 8 23 33 36 25 36 40 65 48 47 30 32 52 54 71 65 44 49 43 55 50 55 44 34 45 36 15 7 5 4 2 1 1 1
0 0 0 0 0 0 0 0 0 0 1 1 1 2 2 5 4 1 1 1 4 14 23 26 10 2 10 23 17 30 33 12 36 45 49 41 40 35 35 18 14 15 47 55 52 33 36 30 30 27 21 13 10 9 6 4 3 2 1 0 1 4 15 29 27 46 34 43 45 38 81 61 48 36 22 64 47 68 57 56 60 72 70 59 48 55 37 28 11 7 6 4 2 1 2 2
0 0 0 0 0 0 0 0 0 0 1 1 8 10 8 21 8 2 1 1 8 14 23 21 10 21 5 22 24 37 20 44 40 28 34 37 30 31 16 26 52 62 36 37 26 39 30 26 34 23 25 20 12 8 7 5 2 2 1 1 1 2 8 30 61 51 35 52 46 39 37 54 66 22 16 31 69 80 76 67 65 64 65 68 59 39 37 22 30 11 6 3 1 3 1 7
0 0 0 0 0 0 0 0 0 1 2 1 8 12 17 3 1 1 0 4 7 10 21 29 32 12 17 17 16 16 24 65 30 29 36 40 40 26 38 41 65 57 54 51 51 48 44 37 43 34 29 18 15 10 9 4 2 2 2 1 1 2 9 22 50 46 59 65 54 70 66 66 64 31 33 50 66 63 68 60 59 57 55 58 46 37 34 35 33 23 6 4 3 5 4 12
0 0 0 0 0 0 0 0 0 2 2 3 4 39 4 2 3 2 1 5 6 9 14 7 7 6 33 7 21 17 41 26 40 51 40 41 40 44 54 49 39 56 59 63 60 60 50 56 46 23 17 14 12 12 12 5 3 2 2 1 1 3 9 20 40 39 36 56 75 62 76 65 68 35 56 59 64 67 49 49 54 55 41 34 34 33 30 26 21 19 13 9 3 8 12 14
0 0 0 0 0 0 0 0 0 1 2 2 1 5 2 0 2 3 6 4 6 14 15 6 5 17 9 15 26 50 53 48 44 46 36 40 54 54 59 53 59 70 71 55 49 62 63 56 37 28 22 18 13 9 7 9 6 3 1 1 1 4 11 22 29 42 34 42 67 82 75 68 60 82 69 46 37 41 53 54 49 51 51 45 33 40 22 35 18 13 14 10 5 12 13 12
0 0 0 0 0 0 0 0 1 0 1 1 0 0 0 0 2 2 2 4 7 6 6 17 18 6 9 30 55 17 17 17 39 36 44 53 55 54 54 54 58 68 55 58 69 61 62 59 34 32 24 18 13 7 7 8 4 3 2 1 1 3 18 27 43 40 39 38 39 42 54 57 59 70 17 42 43 43 38 41 42 41 37 53 46 42 35 30 17 16 14 7 8 16 14 23
0 0 0 0 0 0 0 0 1 1 1 1 1 2 2 1 0 1 1 5 10 5 32 33 8 11 17 29 16 19 21 26 34 29 42 51 55 54 46 74 60 50 52 64 33 52 65 62 56 46 16 15 12 14 13 7 4 5 3 1 0 3 7 25 35 43 73 53 56 54 48 30 46 64 45 54 56 42 43 42 49 45 50 49 43 18 17 13 17 28 16 5 11 28 31 31
0 0 0 0 0 0 0 0 1 3 2 0 1 2 2 2 1 0 1 6 5 24 17 7 9 28 14 16 16 21 26 26 20 31 36 56 39 39 62 54 47 67 74 42 60 60 58 60 45 24 19 25 22 18 15 13 9 7 3 2 1 2 10 19 29 55 72 84 54 63 51 32 35 71 76 39 48 56 59 40 39 43 54 45 29 13 28 23 17 11 6 3 16 30 32 33
0 0 0 0 0 0 1 1 2 4 0 0 1 0 0 1 1 0 3 6 5 7 2 6 22 5 4 12 16 20 38 28 21 35 43 46 45 60 66 66 47 42 49 59 55 59 43 45 39 34 30 37 31 14 13 12 12 5 4 2 1 5 8 20 39 48 67 77 70 69 53 54 59 73 47 41 39 41 49 54 40 71 56 31 37 41 30 19 10 4 3 9 22 35 33 38
0 0 0 0 1 0 0 1 2 1 0 0 1 1 1 1 3 2 6 3 2 2 1 7 6 8 11 21 27 25 22 17 21 27 47 34 71 66 67 41 29 30 41 57 65 58 55 54 50 46 39 34 21 13 10 9 8 7 5 4 2 7 14 29 50 54 49 49 69 80 71 33 43 70 40 46 68 66 63 69 63 48 45 43 44 43 18 16 9 6 7 20 28 33 27 38
0 0 0 0 0 0 0 0 0 0 0 0 1 1 1 2 1 2 4 10 7 6 1 6 8 16 18 32 15 10 18 21 32 32 64 32 18 14 15 32 36 55 67 71 70 63 56 56 39 52 32 27 28 14 15 8 8 8 6 6 3 13 23 29 54 55 49 30 50 70 70 47 58 66 42 27 47 73 72 70 69 40 47 48 43 38 18 13 21 9 21 26 16 40 40 43
0 0 0 0 0 0 0 0 1 1 0 1 1 0 1 0 1 7 3 2 3 5 5 4 15 11 13 18 12 14 35 28 21 67 20 14 41 44 47 44 62 69 63 69 71 72 65 58 43 40 37 34 30 27 20 16 14 9 7 4 10 17 40 66 61 57 46 51 57 59 71 44 46 59 70 50 53 54 69 71 59 62 45 49 44 32 21 6 9 21 23 14 24 31 58 44
0 0 0 0 0 0 0 0 0 1 2 1 0 0 0 1 1 1 3 5 3 6 3 5 11 14 11 14 17 19 19 24 33 24 6 25 30 39 52 82 61 58 69 71 71 71 58 50 43 33 37 35 32 20 24 13 18 16 10 10 13 33 29 54 58 54 48 59 60 51 76 69 49 65 66 51 58 60 57 55 62 51 41 38 40 24 11 4 9 29 15 26 37 37 60 43
0 0 0 0 0 0 0 0 0 1 0 0 0 0 1 0 3 1 1 6 15 5 2 3 17 10 19 15 13 11 34 67 38 5 13 37 28 59 68 62 61 72 71 56 60 60 59 56 39 44 40 39 34 31 29 25 22 19 13 13 15 21 28 36 58 73 58 75 74 62 52 53 56 58 70 71 54 51 42 44 49 44 38 41 32 17 7 5 23 28 31 49 56 44 51 40
0 0 0 0 0 0 0 1 0 0 0 0 0 0 0 5 1 2 2 6 5 2 5 7 1 11 13 7 33 19 44 31 7 12 42 17 40 34 48 73 76 59 48 79 71 51 57 60 55 48 44 42 39 35 33 28 24 15 17 18 21 37 28 30 31 56 76 77 72 71 78 76 51 63 51 48 32 40 54 58 44 47 34 39 32 9 6 23 20 31 48 54 49 33 48 48
0 0 0 0 0 0 0 0 0 0 0 0 0 0 0 3 1 0 0 1 1 2 9 3 2 5 4 7 35 30 29 5 9 20 32 63 33 42 62 67 67 56 66 37 50 46 59 70 55 53 49 46 43 37 37 34 19 12 23 36 28 43 40 42 42 54 59 83 62 57 39 63 48 31 33 47 57 47 41 43 42 28 42 31 13 9 17 23 34 31 37 46 61 49 50 47
0 0 0 0 0 0 0 0 0 0 0 0 0 0 1 5 1 1 1 1 7 2 4 1 5 9 5 19 38 15 9 7 9 14 48 53 53 42 48 53 55 62 49 39 46 76 64 58 56 67 55 47 48 42 40 34 20 15 35 40 58 63 49 50 41 54 66 66 77 55 44 36 45 53 46 63 49 50 44 46 34 38 23 15 10 17 32 38 33 50 48 37 38 46 41 35
0 0 0 0 0 0 0 0 0 0 0 1 0 0 2 1 1 0 3 3 2 3 2 4 15 4 5 23 16 12 12 11 24 28 53 38 45 45 41 29 32 54 67 58 66 57 62 63 71 58 55 66 30 43 40 26 14 34 48 47 71 68 52 63 49 38 45 75 72 31 65 41 41 53 55 55 51 53 52 40 33 36 16 20 17 31 36 42 37 39 49 36 36 47 52 42
0 0 0 0 0 0 0 0 0 0 0 0 0 2 0 0 1 1 2 4 1 1 2 3 5 3 5 14 7 5 12 9 28 38 43 45 27 37 33 39 48 54 57 74 57 58 58 75 59 58 71 57 52 48 31 28 17 33 61 60 62 72 56 65 65 49 49 52 76 27 35 64 66 50 49 51 61 50 58 56 38 33 12 12 18 34 46 51 56 52 50 50 37 42 60 50
0 0 0 0 0 0 1 0 0 0 0 0 1 0 1 1 1 0 0 2 1 2 3 3 4 6 8 1 3 7 19 20 33 45 10 8 33 27 37 34 38 50 60 69 69 56 75 53 72 75 54 54 56 51 34 30 18 33 60 66 60 69 49 52 67 42 63 38 60 30 31 61 37 56 56 54 51 53 70 47 43 14 12 18 33 38 45 52 39 29 38 59 30 33 51 68
0 0 0 0 0 0 0 0 0 0 0 0 1 0 0 0 0 0 0 0 1 2 3 3 2 5 2 1 5 4 15 4 20 14 7 19 14 16 23 46 53 56 62 67 59 45 64 72 68 62 64 55 55 53 49 33 32 37 64 76 72 68 59 47 66 62 31 32 70 26 48 46 44 51 48 45 53 33 33 37 16 11 18 35 36 45 53 52 32 36 48 29 19 23 35 65
0 0 0 0 0 0 0 0 0 0 0 0 0 0 0 2 1 0 0 0 0 2 1 1 2 3 2 13 10 9 24 18 29 15 7 7 18 18 22 21 28 54 40 49 63 35 30 31 50 54 63 58 54 54 38 23 40 53 64 66 83 73 50 49 54 59 48 15 48 8 14 27 38 50 54 59 59 58 49 48 21 13 22 36 38 62 65 55 43 38 45 45 37 22 32 50
0 0 0 0 0 0 0 0 0 0 0 0 2 0 1 1 2 0 1 1 3 3 1 2 4 3 3 0 1 4 16 4 7 4 7 15 8 13 14 16 45 43 33 53 30 36 40 53 55 68 57 61 58 41 37 24 39 54 65 66 72 52 52 61 61 35 33 30 42 17 22 22 22 18 38 49 47 50 33 31 14 22 36 38 42 65 58 27 40 52 34 51 26 28 34 56
0 0 0 0 0 0 0 0 0 0 0 1 1 1 1 2 2 0 1 2 3 1 1 3 3 2 0 1 1 5 5 3 2 11 14 11 18 16 19 34 27 39 54 31 38 39 57 54 65 54 54 56 58 41 19 38 45 75 66 65 64 65 49 69 60 39 28 40 26 16 33 46 48 55 58 55 46 24 20 11 17 36 37 40 43 68 66 24 25 49 34 54 30 30 36 69
0 0 0 0 0 0 0 0 0 0 1 0 1 1 0 0 0 0 1 3 2 1 3 1 3 5 1 1 2 9 3 2 4 11 26 11 14 19 31 12 44 38 28 42 37 54 57 68 69 59 69 55 42 43 28 45 48 67 76 56 61 65 46 33 50 50 24 24 28 42 49 35 40 42 35 46 37 25 10 30 25 39 44 57 49 64 68 36 35 37 20 56 31 34 35 51
0 1 0 3 3 2 1 1 1 0 1 0 0 0 1 0 0 1 1 2 1 1 2 0 1 1 1 2 2 6 2 4 29 12 8 7 11 16 17 38 56 44 53 30 43 64 68 55 54 72 62 46 42 43 29 56 68 58 62 69 54 60 61 30 59 56 23 20 33 43 31 34 52 42 46 28 36 32 21 40 41 38 44 56 43 48 54 48 52 33 34 60 30 32 29 44
1 2 3 1 3 9 2 0 0 0 0 0 0 0 0 0 0 3 3 1 1 2 1 1 2 4 1 1 2 5 6 26 6 3 8 12 5 4 22 30 34 22 61 47 53 67 38 51 67 60 49 46 42 40 41 56 65 66 60 67 48 48 54 44 36 43 21 9 20 50 35 46 48 54 43 44 47 43 33 39 42 52 48 54 43 34 48 44 43 39 38 56 33 25 36 40
0 0 1 0 0 1 1 2 0 0 0 0 0 1 1 0 1 1 0 1 0 1 3 1 3 5 1 1 5 10 16 29 7 9 12 2 3 5 9 24 22 34 53 56 52 54 53 53 56 55 46 45 39 41 48 45 61 72 63 46 63 34 42 39 27 14 7 6 5 20 36 56 55 45 40 39 34 14 27 36 39 54 47 52 35 52 64 64 48 41 32 41 49 14 36 44
0 0 0 0 0 0 0 0 0 0 0 0 0 0 1 0 0 1 0 0 0 1 0 1 5 2 0 1 1 4 2 3 8 7 6 9 5 2 30 11 19 16 45 33 58 43 47 36 56 58 39 40 35 36 45 61 61 71 65 56 46 50 30 27 6 6 16 28 22 30 34 44 44 32 30 27 13 24 39 37 39 53 56 37 45 46 57 60 46 42 31 40 47 17 22 52
0 0 1 0 0 0 0 0 0 0 0 0 0 0 0 0 1 0 0 1 0 3 4 2 4 1 1 1 1 1 1 10 9 6 11 8 12 3 20 17 3 18 47 43 50 45 46 58 51 49 45 37 37 59 58 48 64 54 55 29 42 34 15 15 11 8 18 34 27 20 48 51 61 57 47 17 22 25 37 49 56 41 51 38 49 61 58 53 41 41 33 29 47 39 16 31
0 0 0 0 0 0 0 0 0 0 0 0 0 0 0 0 0 2 0 1 5 1 3 3 6 3 1 1 1 3 5 4 5 17 6 10 11 6 46 19 6 28 12 43 40 33 53 31 47 43 37 39 32 58 65 50 53 43 48 49 20 22 21 12 10 7 10 14 18 17 42 50 59 70 36 18 24 36 33 56 56 47 46 49 33 55 60 57 45 48 17 36 37 31 24 18
0 0 0 0 0 0 0 0 0 0 0 0 0 0 0 1 0 1 0 0 1 5 1 4 2 0 0 0 0 3 5 2 3 7 11 20 7 9 34 25 13 32 10 44 30 25 33 26 41 39 47 32 31 47 53 80 30 31 28 18 25 9 10 9 4 7 15 14 19 21 46 50 33 51 26 19 38 41 35 39 53 46 43 41 46 55 54 68 52 34 23 36 42 18 22 15
0 0 0 0 0 0 0 0 0 0 0 0 0 0 1 0 0 0 0 0 0 0 0 0 0 0 0 0 1 1 4 5 7 6 8 10 5 5 10 38 16 23 22 33 9 34 24 37 44 27 40 32 36 31 52 54 47 32 19 6 13 7 4 11 6 8 16 14 28 27 36 43 37 25 23 37 38 36 37 30 37 50 56 49 40 54 62 55 60 26 18 53 28 34 22 11
0 0 0 0 0 0 0 0 0 0 0 0 0 0 0 0 0 0 1 0 0 0 1 1 1 2 1 0 0 0 2 4 6 6 7 7 6 5 3 20 40 34 20 12 11 15 17 32 27 12 33 25 27 24 34 55 41 30 10 4 7 1 2 2 3 4 9 23 30 41 52 35 24 17 41 35 41 54 49 37 29 41 42 48 51 70 34 62 37 23 19 51 28 43 13 11
0 0 0 0 0 0 0 0 0 0 0 0 0 0 0 0 0 0 0 0 0 0 0 2 4 0 1 0 0 0 0 1 1 6 4 2 8 4 5 12 42 37 12 7 11 16 36 13 25 10 17 27 22 41 36 27 25 14 15 4 6 2 3 1 5 14 13 20 30 26 35 37 10 19 30 33 48 41 36 22 31 15 42 48 47 31 54 41 44 30 18 37 24 36 28 9
