sesion_6_simulaciones/modelos_agentes/ejemplos_netlogo/scenarios/cgcm2_b2/rob_2041.asc
NCOLS 322 
NROWS 307 
XLLCORNER 451900 
YLLCORNER 4086900 
CELLSIZE 100 
NODATA_value -9999 
[rows 0 to 73 of 307, columns 192 to 287 of 322]
39 35 17 10 28 52 27 12 11 13 14 4 3 2 3 2 1 1 2 2 1 1 1 1 2 3 1 3 4 13 3 1 1 0 0 0 0 0 0 1 1 0 1 3 5 7 5 10 21 28 16 21 28 39 41 54 42 81 49 39 10 14 20 48 59 44 60 56 27 38 24 12 18 21 41 25 21 40 54 30 16 17 16 15 13 9 27 24 25 28 12 26 37 59 22 7
51 29 36 32 35 54 17 25 32 19 11 8 11 9 5 4 5 1 2 2 3 1 1 1 1 4 1 1 1 2 11 4 0 0 0 0 0 0 1 0 1 0 0 1 2 2 5 7 16 55 71 53 36 41 42 42 68 64 64 22 27 16 49 43 54 50 59 44 44 21 7 24 12 18 50 27 50 38 37 33 28 33 32 16 12 5 16 26 28 26 16 29 27 30 17 15
33 58 38 37 56 48 33 14 9 19 19 18 29 25 12 18 10 7 12 11 8 3 1 1 0 1 0 0 0 1 1 3 2 0 0 0 0 0 0 0 0 0 1 3 3 6 7 11 20 35 43 42 55 48 63 72 38 31 42 24 22 32 43 32 38 62 33 28 20 27 15 16 13 19 58 23 54 49 26 39 30 25 29 26 12 4 10 14 27 21 14 42 24 37 14 3
42 43 63 55 40 36 33 30 29 47 24 40 53 39 29 41 25 11 16 25 12 9 5 2 1 1 0 0 0 0 0 1 0 0 0 0 0 0 0 0 0 1 0 1 2 9 8 10 4 10 9 13 26 55 45 50 47 16 24 30 33 21 25 45 35 57 45 39 49 20 29 23 8 8 40 23 29 22 30 37 28 28 28 27 12 4 8 20 35 14 25 23 21 32 10 2
30 22 43 15 45 53 48 33 46 42 37 27 29 24 30 47 30 32 33 35 25 9 7 6 3 3 2 3 2 0 0 0 0 0 0 0 0 0 0 0 0 0 1 1 1 2 2 5 20 38 46 41 42 37 65 63 27 21 7 9 32 34 30 44 46 55 36 27 17 12 9 8 11 7 19 19 16 25 49 58 49 19 18 36 30 20 2 17 20 26 28 14 30 41 15 3
32 25 39 35 23 29 46 23 43 32 23 27 9 26 34 34 41 34 10 10 17 8 5 7 6 5 2 4 2 1 1 0 0 0 0 0 0 0 0 0 0 1 1 2 6 15 20 30 31 20 28 31 48 57 79 50 30 21 7 40 64 66 61 63 45 64 28 37 42 33 40 27 22 15 9 13 18 17 29 24 36 59 39 29 29 19 6 12 16 20 10 13 27 27 17 5
23 12 13 28 21 15 42 14 10 19 25 50 23 10 20 32 27 29 13 4 6 15 16 20 7 6 7 4 3 2 2 1 1 1 0 0 0 0 0 0 0 0 1 2 11 7 11 19 38 30 43 76 34 60 65 31 21 22 11 29 46 58 56 57 68 62 49 42 42 19 27 26 16 24 20 9 4 14 32 35 27 51 30 13 7 26 7 6 8 8 9 21 37 51 12 11
17 11 11 13 29 21 33 42 11 5 9 13 33 7 2 8 5 10 12 6 4 8 4 9 8 6 6 3 5 4 3 3 2 2 2 1 1 0 0 0 0 1 3 5 9 11 18 39 64 57 56 32 54 46 51 23 14 6 13 19 31 31 28 28 26 55 31 24 42 25 24 18 19 23 21 12 4 19 39 19 43 61 34 14 7 19 13 6 6 14 18 19 44 28 17 13
30 21 17 9 13 11 19 41 43 15 6 5 11 19 7 5 3 9 14 7 6 11 2 4 15 8 7 6 7 9 7 6 6 4 2 2 1 0 0 0 0 1 3 4 17 15 10 24 32 45 31 28 62 38 33 12 6 34 58 49 63 52 57 45 55 75 44 33 15 16 22 18 18 17 13 8 5 9 13 24 37 52 37 19 8 7 7 5 4 17 14 22 21 28 13 20
20 20 19 9 7 4 15 14 36 24 15 8 7 9 10 3 4 2 11 10 9 13 3 3 8 7 6 4 2 6 1 2 5 5 3 1 0 0 0 0 0 1 2 4 9 3 4 25 11 10 12 68 36 34 16 7 17 45 58 72 52 82 66 42 58 31 56 44 43 18 18 26 20 9 7 5 4 6 25 15 9 36 40 33 14 6 10 3 4 6 8 25 16 28 14 40
26 22 20 17 7 4 2 2 5 11 7 5 3 10 6 3 5 1 2 7 4 10 13 2 3 3 12 4 1 4 5 1 0 0 1 2 1 0 0 0 0 1 3 7 1 6 10 11 3 6 42 43 16 21 8 6 17 35 38 53 75 76 47 27 31 48 58 60 65 47 55 33 25 20 10 7 2 3 7 17 20 45 67 32 31 9 5 6 2 6 19 8 13 10 10 53
48 29 13 13 12 10 7 3 3 2 2 2 4 4 3 2 2 4 2 2 6 7 7 3 0 2 7 4 1 1 5 5 0 0 0 0 1 0 0 0 1 2 3 1 1 1 5 1 3 23 49 28 11 8 3 18 25 24 35 79 56 49 12 25 40 44 66 64 54 62 43 32 36 32 27 16 4 3 12 15 16 64 34 50 28 17 5 3 2 9 10 5 16 5 20 48
54 38 34 44 33 29 22 10 18 10 7 3 2 1 1 1 1 6 4 1 1 3 2 2 0 1 3 2 1 0 0 2 0 0 0 0 0 1 0 0 1 1 1 2 2 2 8 1 5 26 20 6 1 7 23 36 43 52 77 67 17 22 28 21 20 24 41 39 61 42 23 33 49 47 38 17 5 1 11 17 45 46 16 25 37 19 8 2 2 8 7 5 18 5 16 22
64 60 55 56 51 45 30 25 21 19 16 13 4 3 2 1 1 0 0 0 1 1 0 1 1 1 1 2 0 0 0 1 1 1 0 0 0 1 0 0 0 1 1 0 0 3 2 1 8 5 3 1 3 9 15 22 50 48 38 9 41 62 58 47 48 27 24 21 57 48 60 67 42 26 19 17 7 2 5 12 38 14 10 23 55 21 12 4 1 3 3 4 8 4 13 8
20 56 61 64 51 52 31 36 14 14 21 11 8 7 6 5 3 1 0 0 0 0 0 1 1 1 0 0 0 0 0 1 1 0 0 0 0 1 1 0 0 0 1 0 0 0 1 1 1 1 0 1 3 5 12 22 23 6 25 42 59 58 56 78 81 70 62 45 48 59 60 51 55 35 15 9 4 2 5 12 17 7 4 31 49 50 22 19 6 1 2 3 3 4 16 11
27 43 60 36 44 70 47 24 37 23 14 18 14 17 16 8 5 1 1 1 0 0 0 0 0 0 0 0 0 0 0 0 1 1 0 0 0 0 0 0 0 0 0 0 0 0 1 1 1 1 2 1 2 5 7 11 5 26 33 39 54 68 77 66 61 72 39 31 67 19 44 75 51 35 36 31 24 10 3 12 14 6 2 5 17 45 8 5 5 5 1 4 2 3 14 12
52 11 60 33 33 54 68 71 29 12 20 16 25 19 16 9 9 5 3 2 2 1 1 0 0 0 0 1 0 0 0 0 0 0 0 0 0 0 0 0 0 0 0 0 0 0 0 0 1 3 2 6 5 4 4 13 23 26 34 39 65 52 70 59 63 39 29 58 44 34 35 20 52 32 54 55 49 24 13 3 21 11 7 1 4 18 26 5 1 2 1 1 2 5 3 4
26 7 41 18 35 43 55 25 61 62 33 35 34 9 8 7 10 9 5 4 3 2 2 1 0 1 1 1 1 0 0 0 0 0 0 0 0 0 0 0 0 0 0 0 0 0 1 2 2 3 4 11 11 12 6 13 17 47 48 53 76 51 43 39 26 26 45 59 46 28 15 18 43 49 55 51 55 48 23 5 3 9 8 5 1 5 13 7 4 1 2 0 2 3 1 1
19 18 21 20 12 31 44 17 20 54 26 46 61 30 14 9 15 22 19 10 7 3 1 1 1 1 2 2 3 1 1 1 1 0 0 0 0 0 0 0 0 0 0 0 0 1 2 2 2 3 8 13 12 8 15 21 28 31 29 50 67 23 10 7 24 29 27 76 63 20 20 13 45 44 12 24 62 47 44 22 4 2 14 7 3 1 4 7 6 2 0 0 3 1 0 0
17 5 9 15 7 14 46 14 8 29 40 48 49 30 37 24 4 9 11 16 6 4 3 2 3 2 2 3 3 3 1 1 1 1 1 0 0 0 0 0 0 0 0 0 1 1 2 4 2 6 12 9 17 17 23 26 8 7 18 46 68 22 8 30 45 41 61 62 45 33 18 8 16 46 35 11 24 32 41 32 19 3 3 8 5 1 1 3 7 4 0 0 2 0 2 3
38 9 11 10 2 8 28 11 18 11 28 16 29 8 14 16 4 2 8 21 8 12 5 2 8 5 3 2 2 2 1 0 1 1 1 0 0 0 0 0 0 0 0 1 2 2 1 1 5 14 8 13 24 35 49 48 29 22 36 49 46 11 12 45 46 43 42 18 40 39 23 7 9 19 50 22 8 11 58 24 16 4 1 3 4 1 1 4 2 2 0 0 0 1 3 10
15 2 12 10 2 2 8 25 2 9 28 20 25 11 9 4 4 1 2 16 16 8 5 4 2 2 1 0 1 1 1 1 0 0 1 1 0 0 0 0 0 0 1 1 1 2 2 4 6 6 5 10 16 48 61 67 67 55 41 38 18 9 25 35 57 53 42 23 17 34 13 6 8 13 43 22 8 8 14 31 16 8 2 1 5 1 2 3 2 1 1 3 1 2 9 16
22 3 17 21 5 3 4 10 2 2 21 11 8 3 1 4 4 3 1 2 2 7 15 13 4 1 3 1 0 0 0 0 0 0 0 1 0 0 0 0 0 0 1 1 0 1 0 2 1 2 2 6 19 15 34 58 40 30 17 59 20 10 27 38 39 47 66 36 27 11 6 6 17 32 55 20 8 8 15 43 16 4 2 1 2 3 2 3 1 0 2 12 5 5 6 15
12 8 6 16 1 3 5 9 6 1 2 1 2 7 2 1 5 4 2 2 2 2 7 5 4 1 2 2 1 0 0 0 0 0 0 0 0 0 0 0 0 0 0 0 0 0 1 1 2 2 2 6 6 10 13 10 8 22 50 28 8 17 32 31 50 67 45 31 27 16 6 9 18 34 35 13 10 7 14 30 18 16 5 1 1 1 2 3 0 1 2 3 9 18 8 13
3 2 4 4 2 1 5 9 2 1 2 1 1 2 4 2 2 3 2 1 1 1 2 1 1 1 1 2 2 0 0 0 0 0 0 0 0 0 0 0 0 0 0 1 1 1 2 2 2 3 6 3 3 2 3 7 20 26 58 17 6 28 26 26 52 73 36 41 33 14 9 8 17 43 25 12 14 6 8 17 16 14 10 4 1 0 2 1 0 4 6 7 8 9 41 15
1 1 1 3 1 0 5 6 2 1 0 1 1 1 2 2 1 1 1 1 0 0 1 1 1 1 0 1 3 0 0 0 0 0 0 0 0 0 0 0 0 0 0 0 1 1 2 1 1 4 5 10 9 18 13 17 21 46 39 5 13 23 21 17 44 53 29 30 23 16 7 7 17 44 14 19 13 4 3 6 9 12 6 2 2 0 0 1 3 10 14 16 26 15 13 36
1 1 0 0 0 1 3 3 1 0 0 0 0 0 0 1 1 1 1 1 0 0 0 0 0 0 0 0 0 1 0 0 0 0 0 0 0 0 0 0 0 0 0 0 0 1 0 1 2 2 8 9 9 18 29 47 59 66 21 5 15 22 17 24 66 55 13 24 23 13 6 4 13 40 12 9 7 6 1 3 7 12 3 2 0 0 1 3 10 11 15 16 22 34 53 33
0 0 0 0 0 0 0 0 0 0 0 0 0 0 0 0 0 0 0 1 0 0 0 0 0 0 0 0 0 0 0 0 0 0 0 0 0 0 0 0 0 0 0 0 0 0 1 1 1 6 4 7 12 18 32 58 41 26 4 15 24 19 38 53 79 34 34 14 12 11 9 5 17 42 17 9 7 6 1 2 6 9 4 4 1 0 1 3 4 3 4 4 5 9 28 31
0 0 0 0 0 0 0 0 0 0 0 0 0 0 0 0 0 0 0 0 0 0 0 0 0 0 0 0 0 0 0 0 0 0 0 0 0 0 0 0 0 0 0 1 1 1 2 5 1 5 4 5 8 10 46 32 11 3 11 21 23 24 47 73 39 19 27 12 9 9 7 4 9 31 47 16 8 4 1 2 5 11 7 3 1 0 1 1 1 3 5 11 14 14 16 29
0 0 0 1 0 0 0 0 0 0 0 0 0 0 1 0 0 0 0 0 0 0 0 0 0 0 0 0 0 0 0 0 0 0 0 0 0 0 0 0 0 0 1 1 1 2 3 2 6 4 4 4 9 14 40 7 3 7 17 22 21 24 45 71 24 14 12 19 7 3 2 3 20 28 12 28 12 4 1 1 6 5 7 2 1 0 1 3 6 13 8 18 27 27 26 11
0 1 1 1 1 0 0 1 1 1 1 1 1 1 1 1 1 1 1 0 0 0 0 0 0 0 0 0 0 0 0 0 0 0 0 0 0 0 0 0 0 0 1 1 2 3 4 3 6 14 19 17 12 20 9 3 1 11 12 19 11 24 52 55 28 9 11 16 9 5 1 3 24 8 7 34 19 6 1 1 3 2 5 2 0 0 2 3 4 8 10 10 7 9 13 32
1 2 2 2 1 0 0 2 1 1 1 2 4 2 3 3 2 1 1 1 0 1 1 0 0 0 0 0 0 0 0 0 0 0 0 0 0 0 0 0 1 1 1 1 2 4 5 13 9 12 8 35 22 8 10 6 2 9 14 27 28 25 59 18 7 18 19 7 15 4 1 3 6 7 4 29 9 5 1 1 2 2 2 1 0 1 6 10 14 11 9 5 12 15 16 26
5 4 2 3 2 1 1 1 1 2 5 4 4 6 4 2 2 1 1 1 1 1 1 1 0 0 0 0 0 0 0 0 0 0 0 0 0 0 0 0 0 1 1 2 3 4 9 14 11 13 6 3 11 10 11 1 6 9 9 18 18 30 38 38 29 12 8 5 16 10 2 2 6 4 9 28 7 4 2 1 1 1 1 0 1 3 6 20 25 24 27 16 23 32 30 56
6 6 6 3 2 2 1 2 4 5 8 6 7 4 7 4 3 3 2 3 2 2 1 1 1 1 0 0 0 0 1 0 0 0 0 0 0 0 0 0 0 0 1 1 3 7 4 1 13 10 5 4 8 10 1 1 4 5 7 18 30 43 52 18 10 9 11 8 6 7 4 2 5 4 7 11 9 8 2 1 0 1 0 0 2 3 4 6 5 6 8 18 31 33 62 57
9 9 10 9 7 2 2 4 6 10 12 10 10 8 7 7 5 8 5 4 1 1 1 1 1 1 1 0 0 1 0 0 0 0 0 0 0 0 0 0 0 1 2 1 1 2 2 4 3 5 5 1 3 1 1 1 2 3 5 14 35 46 29 42 17 7 6 5 4 7 7 1 2 3 6 7 7 3 2 1 0 0 1 1 3 1 2 5 14 20 23 20 14 53 29 33
19 30 15 4 8 3 5 6 19 13 11 13 12 23 21 10 12 8 4 6 2 2 1 2 2 1 1 1 2 0 0 0 0 0 0 0 0 0 0 0 0 1 1 0 1 2 2 3 2 2 1 1 2 0 1 1 2 7 10 21 17 17 35 43 10 4 3 3 6 4 3 1 1 2 3 8 8 4 2 1 0 0 1 3 7 8 7 8 14 13 13 35 38 48 22 8
36 46 16 14 20 6 4 18 19 29 10 19 27 22 33 17 7 3 10 6 4 2 1 4 1 1 1 2 0 0 0 0 0 0 0 0 0 0 0 0 0 1 0 0 0 2 6 5 4 2 1 1 1 1 2 3 6 4 3 5 9 18 26 42 13 5 5 3 2 1 2 2 1 2 4 3 2 4 1 0 0 1 3 3 6 17 19 25 24 27 15 27 20 19 22 6
31 47 18 15 25 8 9 33 29 34 9 22 43 26 38 15 10 9 13 12 7 2 2 1 1 2 4 0 0 0 0 0 0 0 0 0 0 0 0 0 0 0 0 0 1 4 4 2 4 1 1 0 2 2 3 2 1 1 5 7 7 26 30 23 8 28 26 13 6 5 2 2 1 1 1 1 1 2 1 0 0 2 6 13 15 21 28 25 22 22 26 32 8 3 15 8
49 24 25 18 26 10 13 39 60 33 7 34 53 44 43 39 16 23 33 17 6 2 4 2 5 5 0 0 1 1 0 0 1 0 1 0 0 0 0 0 0 0 0 0 3 1 3 1 1 2 0 1 2 2 3 2 2 4 21 25 23 29 61 24 33 18 22 19 5 3 2 2 1 0 1 1 1 1 0 0 1 2 3 7 8 4 10 4 4 6 4 50 23 7 5 3
76 55 27 20 24 13 25 44 77 27 13 29 55 58 56 24 19 58 19 3 3 10 8 6 6 2 1 1 2 2 1 1 1 1 0 1 0 1 0 0 0 0 0 0 1 1 1 0 0 0 0 1 2 4 3 7 11 11 10 20 42 32 18 40 27 22 6 9 21 4 2 1 0 0 0 1 0 1 0 0 1 2 3 4 4 2 3 7 15 30 45 68 31 7 4 1
70 68 32 33 36 19 26 54 70 36 18 38 80 78 38 47 26 22 5 3 7 25 30 15 6 5 2 2 2 1 1 3 1 0 0 1 0 1 1 0 0 0 0 0 0 0 0 0 0 1 1 2 4 6 6 11 9 8 24 51 51 44 26 38 4 45 29 4 2 12 11 4 2 1 0 0 0 0 0 0 1 1 1 3 2 3 14 22 15 14 21 38 13 6 3 1
71 59 39 49 45 42 31 59 71 42 31 43 81 68 47 33 12 6 2 8 22 29 15 4 3 1 1 5 4 2 3 2 1 0 1 1 1 1 1 0 0 0 0 0 0 0 0 0 0 0 1 1 3 4 4 5 9 23 18 60 37 13 15 59 22 9 32 8 2 1 2 3 4 3 1 0 0 0 0 0 1 1 1 1 3 8 16 13 14 25 13 19 15 7 3 1
74 63 40 57 56 53 50 48 58 42 35 46 61 25 23 16 5 6 5 12 31 9 6 5 2 2 1 8 6 2 8 3 1 1 1 1 2 3 2 1 1 0 0 0 0 0 0 0 0 0 0 1 3 3 8 11 5 19 30 46 6 2 16 45 13 10 6 20 4 1 1 1 3 2 2 1 0 0 0 0 1 1 1 1 2 6 23 8 6 32 9 8 10 2 1 1
48 47 46 62 61 45 63 50 74 77 66 49 43 33 39 33 20 21 10 16 27 11 7 6 3 2 2 10 8 4 9 3 2 2 1 3 2 2 1 1 2 1 0 0 0 0 0 0 0 0 0 1 3 3 3 5 3 10 27 8 5 2 22 44 18 3 2 2 8 2 1 1 1 1 2 1 0 0 0 0 0 1 1 1 7 13 23 8 8 22 6 2 3 5 1 0
63 37 67 76 67 69 66 84 77 89 88 84 43 63 59 52 44 16 13 33 23 11 8 4 4 6 4 13 12 13 6 5 3 4 3 6 8 3 1 1 4 2 0 0 0 0 0 0 0 0 1 1 2 2 1 2 6 21 32 4 3 3 8 36 22 9 2 0 5 4 2 1 0 0 3 0 0 0 0 0 1 1 2 3 4 3 3 3 5 4 8 4 4 3 0 0
56 52 58 67 79 81 86 87 74 70 74 79 84 79 41 36 27 20 21 18 8 10 8 10 14 10 10 32 19 32 9 8 6 8 10 17 16 4 4 3 4 1 0 0 0 0 0 0 0 0 0 1 1 1 1 2 8 12 9 7 2 2 4 42 9 5 5 0 2 5 2 0 0 0 1 1 0 0 0 0 1 1 3 4 3 2 2 1 2 2 3 1 1 0 0 0
67 57 42 44 58 67 76 54 46 41 52 59 61 76 46 36 40 50 37 21 18 20 16 26 39 22 16 36 34 25 12 18 11 14 13 19 11 6 8 2 1 1 1 1 1 0 0 0 0 0 1 1 1 1 1 1 3 3 4 15 3 3 5 12 6 1 4 1 1 2 1 1 1 0 0 3 0 0 0 0 1 1 1 4 2 2 2 1 1 0 1 0 0 0 1 2
71 77 48 27 50 45 48 61 40 47 55 39 59 78 83 67 75 65 43 33 44 40 38 35 42 28 23 46 43 18 23 21 21 21 27 28 15 9 2 1 1 1 1 1 1 1 1 0 0 0 0 0 1 1 2 1 3 3 1 3 3 3 4 8 10 1 2 2 1 3 1 1 1 0 0 0 0 0 0 0 1 1 2 3 1 1 1 1 2 0 0 0 0 1 2 2
52 63 82 46 25 26 50 46 66 32 24 24 63 43 56 92 90 45 64 62 59 53 53 43 44 35 35 59 43 32 33 28 31 48 42 14 3 2 3 2 3 2 2 1 2 2 1 0 0 0 0 1 0 0 1 1 3 2 1 1 2 1 1 3 13 1 0 1 1 1 1 0 0 0 0 0 0 0 0 0 0 1 4 1 0 0 0 1 1 0 0 0 0 1 2 2
72 70 74 79 38 13 15 54 49 39 8 11 24 42 73 79 70 87 87 67 58 74 67 36 53 42 58 48 46 38 44 32 46 60 57 17 12 7 11 8 12 11 4 3 4 1 0 0 0 0 0 0 0 0 1 1 2 2 1 1 1 0 0 1 4 1 1 1 1 0 0 1 0 0 0 0 0 0 0 0 0 1 1 1 0 0 0 0 0 0 0 1 1 2 2 2
55 39 44 87 40 28 21 20 19 23 14 3 16 67 78 74 60 52 78 63 72 76 65 44 67 60 74 66 57 65 45 43 43 42 37 17 15 17 14 15 3 3 8 14 2 1 0 0 0 0 0 0 0 0 0 1 1 3 1 1 1 0 0 2 5 1 1 0 0 0 0 0 0 0 0 0 0 0 0 0 0 1 0 0 0 0 0 0 0 1 1 2 2 3 1 2
23 39 39 82 83 22 23 12 12 11 12 6 18 27 34 45 62 81 57 22 58 24 66 80 91 81 74 49 66 44 53 37 31 15 58 41 37 24 9 6 2 0 10 6 3 1 1 0 0 0 0 0 0 0 0 0 0 1 0 0 0 0 0 1 2 2 1 0 0 0 0 0 0 0 0 0 0 0 0 0 0 0 0 0 0 0 1 1 1 1 2 4 3 2 2 2
14 20 31 33 78 68 30 10 9 7 6 6 13 34 48 54 22 69 66 30 62 49 23 42 60 37 56 32 54 17 9 26 14 14 27 70 50 21 10 36 8 8 8 7 7 2 1 1 1 1 0 0 0 0 0 0 0 0 0 0 0 0 0 1 1 1 1 0 0 0 0 0 0 0 0 0 0 0 0 0 0 0 0 0 0 0 0 1 1 1 2 2 8 3 2 1
6 10 18 4 31 84 30 13 4 4 5 7 5 10 17 28 40 56 34 45 65 36 9 36 52 33 30 24 28 44 29 31 23 10 14 48 58 72 66 50 37 21 17 19 9 3 2 1 2 1 0 0 0 0 0 0 0 0 0 0 0 0 0 1 1 1 1 0 0 0 0 0 0 0 0 0 0 0 0 0 0 0 0 0 0 0 0 0 1 1 1 3 3 3 1 3
10 5 11 34 26 50 73 22 16 4 2 2 3 5 18 12 34 52 6 16 70 51 16 7 59 62 30 19 27 35 12 9 13 8 7 20 36 38 29 10 20 20 9 13 10 8 9 6 2 0 1 1 1 1 1 1 1 0 0 0 0 0 0 0 0 1 0 0 0 0 0 0 0 0 0 0 0 0 0 0 0 0 0 0 0 0 0 0 1 1 1 1 3 3 6 6
16 5 3 16 34 46 72 51 14 9 4 3 3 4 4 3 13 9 10 48 83 24 10 5 8 37 15 18 13 28 24 13 12 11 10 35 19 7 5 4 6 2 2 26 11 18 24 15 4 2 3 2 1 1 1 0 0 0 0 0 0 0 0 0 0 0 0 0 0 0 0 0 0 0 0 0 0 0 0 0 0 0 0 0 0 1 1 1 1 1 1 2 3 3 3 9
30 17 9 5 6 9 19 52 17 18 6 2 2 2 5 2 8 6 22 20 75 24 10 7 4 9 9 11 4 19 24 7 6 7 10 19 16 4 2 3 3 2 2 6 12 9 6 2 2 2 1 1 1 1 1 0 0 0 0 0 0 0 0 0 0 0 0 0 0 0 0 0 0 0 0 0 0 0 0 0 0 0 0 0 0 0 1 3 1 2 3 4 5 5 7 11
12 9 17 5 4 18 18 47 43 20 11 2 2 1 2 3 4 6 6 23 51 70 30 10 2 2 6 1 3 14 23 8 4 5 3 3 4 3 2 3 2 2 2 2 13 8 7 2 1 1 1 0 0 0 0 0 0 0 0 0 0 0 0 0 0 0 0 0 0 0 0 0 0 0 0 0 0 0 0 0 0 0 0 0 0 0 1 2 3 4 4 4 5 9 8 14
23 14 4 2 3 7 12 22 37 14 6 3 1 1 1 2 1 2 9 45 34 50 31 17 6 1 8 6 1 2 8 5 5 3 1 1 2 5 1 1 2 1 1 1 5 6 8 3 1 1 0 0 0 0 0 0 0 0 0 0 0 0 0 0 0 0 0 0 0 0 0 0 0 0 0 0 0 0 0 0 0 0 0 0 0 1 1 2 1 1 1 1 3 6 8 4
35 25 6 2 1 6 5 12 27 21 4 3 1 1 1 1 1 5 17 32 9 21 28 6 4 3 1 3 4 0 3 4 2 2 1 2 1 1 1 1 2 1 0 1 2 5 9 4 2 1 1 0 0 0 0 0 0 0 0 0 0 0 0 0 0 0 0 0 0 0 0 0 0 0 0 0 0 0 0 0 0 0 0 0 0 0 1 1 1 1 1 2 3 3 3 4
35 21 8 6 1 1 4 6 35 4 4 2 1 1 1 1 1 3 16 8 1 9 52 7 3 3 1 2 1 3 2 2 1 1 1 1 0 0 0 1 1 1 0 0 1 2 7 3 3 1 1 0 0 0 0 0 0 0 0 0 0 0 0 0 0 0 0 0 0 0 0 0 0 0 0 0 0 0 0 0 0 0 0 0 0 0 1 1 1 1 2 1 2 3 5 3
30 19 9 3 3 1 3 4 23 6 1 3 2 1 1 1 0 4 5 3 9 17 37 16 4 2 2 3 1 4 2 1 1 1 1 0 1 0 0 0 0 0 0 1 2 4 6 4 7 4 2 1 0 0 0 0 0 0 0 0 0 0 0 0 0 0 0 0 0 0 0 0 0 0 0 0 0 0 0 0 0 0 0 0 0 0 0 1 1 2 2 2 3 1 4 5
23 11 6 3 2 2 1 2 5 16 3 1 1 1 0 0 1 2 2 3 3 9 32 13 5 5 1 2 2 4 1 1 1 1 0 0 0 0 0 0 0 0 0 3 1 1 4 2 5 4 3 1 0 0 0 0 0 0 0 0 0 0 0 0 0 0 0 0 0 0 0 0 0 0 0 0 0 0 0 0 0 0 0 0 0 0 0 1 1 1 2 4 3 4 9 5
19 14 4 2 2 1 1 2 2 6 4 1 1 1 0 0 0 1 1 2 3 9 34 10 6 2 3 1 1 3 1 0 0 0 0 0 0 0 0 0 0 0 1 2 0 1 2 1 3 3 2 2 1 0 0 0 0 0 0 0 0 0 0 0 0 0 0 0 0 0 0 0 0 0 0 0 0 0 0 0 0 0 0 0 0 0 0 0 1 1 1 2 2 1 3 3
62 32 12 2 1 1 1 1 1 3 5 1 1 1 1 0 0 0 1 0 3 4 21 9 2 1 1 1 1 1 1 0 0 0 0 0 0 0 0 0 0 1 1 0 0 1 0 1 2 2 2 2 3 1 1 0 0 0 0 0 0 0 0 0 0 0 0 0 0 0 0 0 0 0 0 0 0 0 0 0 0 0 0 0 0 0 0 0 0 1 1 3 2 2 2 1
14 47 25 7 2 1 0 1 1 2 8 2 1 0 0 0 0 0 0 1 1 3 10 10 2 1 1 1 1 1 1 1 0 0 0 0 0 0 0 0 0 1 1 0 0 1 0 0 1 2 1 1 1 1 1 0 0 0 0 0 0 0 0 0 0 0 0 0 0 0 0 0 0 0 0 0 0 0 0 0 0 0 0 0 0 0 0 0 0 1 1 1 1 1 2 3
3 43 5 25 9 4 1 0 0 1 3 1 1 0 0 0 0 0 0 0 2 4 4 8 4 2 1 0 0 1 0 1 0 0 0 0 0 0 0 0 1 1 0 0 0 1 0 0 1 2 1 0 0 0 2 1 0 0 0 0 0 0 0 0 0 0 0 0 0 0 0 0 0 0 0 0 0 0 0 0 0 0 0 0 0 0 0 0 0 1 1 0 1 2 2 3
6 7 4 15 5 5 2 0 0 0 1 1 0 0 0 0 0 0 0 1 0 1 7 7 7 4 2 1 0 0 0 0 0 0 0 0 0 0 0 0 0 0 0 0 0 1 0 0 2 2 1 0 0 0 1 0 0 0 0 0 0 0 0 0 0 0 0 0 0 0 0 0 0 0 0 0 0 0 0 0 0 0 0 0 0 0 0 0 0 0 0 1 2 2 3 4
6 5 4 2 3 1 4 1 0 0 0 1 0 0 0 0 0 0 0 0 1 4 7 8 8 4 2 1 0 0 0 0 0 0 0 0 0 0 0 0 0 0 0 0 0 1 0 0 2 2 1 0 0 0 0 0 0 0 0 0 0 0 0 0 0 0 0 0 0 0 0 0 0 0 0 0 0 0 0 0 0 0 0 0 0 0 0 0 0 0 0 1 1 1 1 2
6 3 4 2 2 1 1 2 0 0 0 0 1 0 0 0 0 0 0 1 2 3 5 4 4 5 1 0 0 0 0 0 0 0 0 0 0 0 0 0 0 0 0 0 0 0 0 0 1 2 1 0 0 0 0 0 0 0 0 0 0 0 0 0 0 0 0 0 0 0 0 0 0 0 0 0 0 0 0 0 0 0 0 0 0 0 0 1 1 0 0 0 0 2 2 3
3 4 4 2 1 0 0 0 0 0 0 0 0 0 0 0 0 0 1 2 1 1 3 2 2 3 1 0 0 0 0 0 0 0 0 0 0 0 0 0 0 0 0 0 0 0 0 0 1 0 0 0 0 0 0 0 0 0 0 0 0 0 0 0 0 0 0 0 0 0 0 0 0 0 0 0 0 0 0 0 0 1 1 1 1 1 1 1 1 1 0 1 0 1 2 2
1 1 1 1 0 0 0 0 0 0 0 0 0 0 0 0 0 0 0 0 1 0 1 3 1 1 1 1 0 0 0 0 0 0 0 0 0 0 0 0 0 0 0 0 0 0 0 1 2 0 0 0 0 0 0 0 0 0 0 0 0 0 0 0 0 0 0 0 0 0 0 0 0 0 0 0 0 0 0 0 0 0 1 1 2 1 2 2 1 1 1 1 2 1 1 2
0 0 0 0 0 0 0 0 0 0 0 0 0 0 0 0 0 0 0 0 0 0 0 0 0 0 0 0 0 0 0 0 0 0 0 0 0 0 0 0 0 0 0 0 0 0 0 0 1 0 0 0 0 0 0 0 0 0 0 0 0 0 0 0 0 0 0 0 0 0 0 0 0 0 0 0 0 0 0 0 0 0 0 0 2 2 3 4 3 4 3 3 2 2 2 6
0 0 0 0 0 0 0 0 0 0 0 0 0 0 0 0 0 0 0 0 0 0 0 0 0 0 0 0 0 0 0 0 0 0 0 0 0 0 0 0 0 0 0 0 0 0 0 0 0 0 0 0 0 0 0 0 0 0 0 0 0 0 0 0 0 0 0 0 0 0 0 0 0 0 0 0 0 0 0 0 0 0 0 0 1 1 1 1 8 8 3 7 5 5 3 5
