sesion_6_simulaciones/modelos_agentes/ejemplos_netlogo/scenarios/cgcm2_b2/rob_2092.asc
NCOLS 322 
NROWS 307 
XLLCORNER 451900 
YLLCORNER 4086900 
CELLSIZE 100 
NODATA_value -9999 
[rows 74 to 147 of 307, columns 0 to 95 of 322]
0 0 0 0 0 0 0 0 0 0 0 0 0 0 0 0 0 0 0 0 0 0 0 0 0 0 0 0 0 0 0 0 0 1 1 2 5 5 4 4 1 3 1 0 0 0 1 1 1 2 1 1 1 0 1 1 1 1 1 1 1 5 4 5 2 2 2 4 5 7 16 9 6 3 19 52 23 24 44 65 66 21 31 42 50 14 8 6 13 7 9 10 7 8 14 11
0 0 0 0 0 0 0 0 0 0 0 0 0 0 0 0 0 0 0 0 0 0 0 0 0 0 0 0 0 0 0 0 0 1 2 5 2 3 11 8 2 3 4 2 1 0 1 1 1 1 1 1 1 1 1 1 1 1 1 1 1 2 7 11 3 4 9 6 6 2 4 10 10 7 12 61 25 10 8 51 48 35 32 23 9 29 27 10 12 9 12 22 19 12 8 45
0 0 0 0 0 0 0 0 0 0 0 0 0 0 0 0 0 0 0 0 0 0 0 0 0 0 0 0 0 0 0 0 0 0 1 3 3 7 6 3 4 12 4 2 2 1 1 1 1 1 2 1 1 1 1 1 3 1 0 0 1 6 4 9 10 8 13 12 16 10 8 3 3 3 11 62 73 24 13 14 36 38 23 9 8 51 48 40 30 8 6 4 27 32 21 29
0 0 0 0 0 0 0 0 0 0 0 0 0 0 0 0 0 0 0 0 0 0 0 0 0 0 0 0 0 0 0 0 0 0 1 1 1 2 1 2 13 3 4 3 5 6 2 0 1 2 2 1 1 1 2 1 1 1 0 1 2 4 3 10 5 9 12 14 17 20 20 19 18 15 8 16 50 36 25 7 38 56 14 7 38 60 13 58 41 21 9 24 36 36 35 20
0 0 0 0 0 0 0 0 0 0 0 0 0 0 0 0 0 0 0 0 0 0 0 0 0 0 0 0 0 0 0 0 0 0 1 1 1 1 2 5 4 9 3 5 6 20 6 5 6 3 3 1 1 1 1 0 1 1 2 3 3 1 3 2 5 8 10 19 18 17 18 31 20 21 10 4 5 16 17 10 19 20 15 16 44 18 13 8 8 29 19 27 20 27 32 37
0 0 0 0 0 0 0 0 0 0 0 0 0 0 0 0 0 0 0 0 0 0 0 0 0 0 0 0 0 0 0 0 2 5 8 7 4 1 4 6 7 15 9 2 3 4 15 17 33 31 18 8 4 3 2 1 1 2 3 3 1 1 1 1 1 3 3 2 5 17 22 19 22 24 16 14 8 16 6 4 17 20 16 25 44 17 31 18 9 23 28 52 66 60 45 49
0 0 0 0 0 0 0 0 0 0 0 0 0 0 0 0 0 0 0 0 0 0 0 0 0 0 0 0 0 0 0 0 0 2 15 21 5 2 3 10 9 7 16 9 3 3 6 18 55 62 72 77 57 14 9 4 3 4 2 3 2 2 1 0 3 4 2 5 6 14 22 17 23 26 23 13 12 5 3 1 7 18 18 26 36 28 12 13 15 21 64 64 66 39 41 65
0 0 0 0 0 0 0 0 0 0 0 0 0 0 0 0 0 0 0 0 0 0 0 2 0 0 0 0 0 0 0 0 0 0 1 9 7 3 2 8 17 43 12 24 17 8 5 2 2 5 16 26 44 60 37 13 5 2 3 2 1 3 1 6 1 1 2 2 3 7 8 25 23 26 30 18 5 1 2 2 4 8 11 29 15 28 36 37 22 19 13 9 32 24 31 48
0 0 0 0 0 0 0 0 0 0 0 0 0 0 0 0 0 0 0 1 1 2 5 1 6 1 0 0 0 0 0 1 1 2 3 1 1 1 1 5 7 6 9 25 13 10 12 7 2 1 0 1 4 18 18 43 17 7 3 18 22 8 5 2 8 5 2 3 1 1 7 15 30 20 14 15 9 6 6 13 5 4 16 42 16 42 42 39 35 41 27 13 12 29 62 74
0 0 0 0 0 0 0 0 0 0 0 0 0 0 0 0 0 2 3 4 0 1 0 0 0 0 0 0 0 0 0 0 0 0 1 2 1 1 4 6 16 23 7 5 3 3 4 3 1 2 2 1 7 3 4 10 20 14 37 27 6 3 2 3 8 2 2 4 5 5 28 24 26 17 15 17 21 26 16 7 12 11 38 45 29 60 55 80 60 57 59 51 14 12 16 16
0 0 0 0 0 0 0 0 0 0 0 0 0 0 0 0 0 1 0 0 0 0 0 0 0 0 0 0 1 1 2 0 0 1 3 3 1 3 4 5 11 19 23 16 1 1 1 2 2 1 1 8 25 12 10 8 5 21 54 10 7 5 2 2 4 3 5 3 13 20 18 21 18 14 16 17 21 19 28 7 11 9 16 14 28 63 31 47 61 75 49 54 54 33 22 16
0 0 0 0 0 0 0 0 0 0 0 0 0 0 0 0 0 0 0 0 0 1 0 0 0 0 0 0 0 0 0 0 1 2 2 3 1 9 5 7 13 14 25 24 10 11 16 12 15 17 12 16 20 17 11 7 12 20 9 11 8 12 7 4 2 1 1 12 12 8 18 12 41 13 11 32 22 19 20 14 11 7 9 22 5 46 35 66 65 79 84 85 67 45 29 24
0 0 0 0 0 0 0 0 0 0 0 0 0 0 0 0 0 0 0 0 0 0 0 0 0 0 0 0 0 0 0 0 1 1 1 2 1 3 3 9 14 8 20 14 9 11 17 11 9 14 15 7 10 12 10 10 21 7 10 14 19 9 3 2 3 2 3 2 3 6 4 12 5 5 32 22 15 20 48 23 26 13 7 16 30 47 42 33 71 67 56 58 73 35 30 24
0 0 0 0 0 0 0 0 0 0 0 0 0 0 0 0 0 0 0 0 0 0 0 1 2 1 1 3 2 0 0 0 0 0 0 0 1 2 3 6 14 5 3 5 5 8 16 2 6 9 7 10 10 17 13 8 10 5 9 10 15 3 4 2 3 4 13 19 15 8 12 7 8 7 6 6 33 43 11 20 21 14 14 11 14 19 35 49 59 67 15 37 54 54 28 23
0 0 0 0 0 0 0 0 0 0 0 0 0 0 0 0 0 0 0 0 0 0 0 0 5 3 3 4 1 5 3 2 1 0 0 0 1 2 1 3 3 2 6 3 9 11 15 4 6 13 5 4 7 18 12 3 8 4 8 11 5 1 0 2 6 2 1 7 20 6 11 9 7 8 14 8 10 15 12 11 7 11 23 21 13 15 13 9 25 24 15 40 20 51 40 28
0 0 0 0 0 0 0 0 0 0 0 0 0 0 0 0 0 0 0 0 1 0 0 2 3 8 9 6 3 4 4 5 1 4 2 1 0 0 1 0 0 1 2 3 4 5 7 2 2 6 2 6 2 10 15 2 6 3 20 5 3 3 3 6 7 2 1 1 35 8 9 7 7 6 7 20 21 40 40 33 44 30 16 10 30 37 32 27 12 8 18 33 37 16 30 24
0 0 0 0 0 0 0 0 0 0 0 0 0 0 0 0 1 0 0 0 0 0 2 5 19 1 15 15 3 5 5 6 3 8 3 5 4 1 0 0 0 1 1 1 2 6 2 2 3 3 3 8 6 14 1 6 12 5 7 1 1 5 8 4 3 3 2 1 9 58 44 20 8 29 28 34 64 57 15 24 51 39 48 44 39 41 39 37 27 13 6 27 26 11 8 3
0 0 0 0 0 0 0 0 0 0 0 0 0 1 0 0 0 1 0 0 1 1 0 4 10 3 2 28 21 4 2 13 5 10 10 17 5 3 3 0 2 1 2 0 0 1 1 1 2 2 20 28 35 24 32 4 1 6 1 1 1 5 3 1 1 1 12 11 3 4 17 20 64 86 61 39 21 16 63 28 6 32 48 41 34 36 41 39 31 13 8 9 5 3 5 16
0 0 0 0 0 0 0 0 0 0 0 0 0 0 0 1 2 1 1 0 0 1 0 5 1 7 8 21 46 15 1 1 1 3 3 10 5 8 13 4 2 1 5 7 8 8 10 2 7 31 48 29 7 9 25 40 14 2 3 3 2 5 2 2 2 3 3 3 9 4 5 7 5 7 6 57 20 21 12 28 44 15 21 52 38 40 43 32 31 30 15 4 10 23 11 17
0 0 0 0 0 0 0 0 0 0 0 0 0 0 0 0 1 3 9 3 0 6 1 1 1 2 2 1 8 9 23 3 1 1 6 2 4 21 4 3 13 2 4 13 27 14 9 21 26 32 61 56 19 45 36 50 21 31 15 13 5 8 1 2 2 3 1 5 4 3 3 1 5 5 4 14 11 18 14 17 29 52 27 31 40 40 23 22 14 9 18 25 31 6 4 6
0 0 0 0 0 0 0 0 0 0 0 0 0 1 0 0 0 4 1 3 2 2 2 2 1 5 2 2 1 14 47 13 2 2 2 7 3 6 25 4 22 1 5 28 28 25 29 49 45 77 71 66 50 84 73 66 47 48 41 6 9 6 1 2 1 3 7 19 10 8 4 14 17 14 10 5 8 19 27 21 12 13 42 40 34 18 24 10 11 29 32 24 33 29 17 8
0 0 0 0 0 0 0 0 0 0 0 0 0 0 1 0 1 1 1 2 3 5 1 2 2 4 5 1 1 4 25 30 12 6 2 4 1 3 20 4 20 2 7 26 30 35 64 69 70 84 76 31 65 57 54 47 42 62 7 4 15 6 2 2 3 2 4 10 12 7 40 9 4 7 9 17 47 48 47 36 28 21 22 29 18 10 22 23 22 30 46 37 20 14 18 14
0 0 0 0 0 0 0 0 0 0 0 0 0 0 0 1 1 0 1 1 1 2 1 3 7 2 8 5 4 1 15 45 3 3 3 4 1 13 43 28 39 27 12 21 42 65 85 79 53 83 53 11 33 8 20 55 66 54 15 39 32 27 6 1 2 3 5 4 6 25 6 13 19 6 10 32 26 17 39 48 50 25 12 12 8 14 27 47 42 41 39 44 21 21 21 31
0 0 0 0 0 0 0 0 0 0 0 0 3 1 0 1 1 1 2 2 1 0 2 9 15 16 7 13 7 4 19 45 4 3 13 11 3 10 6 30 47 72 33 36 55 63 87 82 39 59 12 18 9 4 1 3 56 68 65 55 24 44 4 3 15 25 4 1 5 5 9 23 8 31 35 8 23 45 33 51 40 44 43 18 29 31 46 44 54 35 53 50 36 40 34 44
0 1 0 0 0 0 0 0 0 0 0 0 1 5 1 2 1 2 3 4 7 4 5 8 11 16 14 27 17 18 8 25 8 8 9 4 5 17 7 15 23 59 48 59 58 62 86 92 82 60 25 11 2 3 1 2 4 2 73 53 54 10 4 18 9 12 10 3 3 2 13 11 32 22 16 10 13 7 27 33 52 59 39 26 31 49 42 38 58 29 74 34 38 39 30 33
0 3 1 0 0 0 0 0 0 0 0 0 0 1 5 5 1 2 7 6 8 6 10 25 31 38 39 30 29 34 4 21 31 16 11 7 6 9 4 2 6 51 11 21 20 26 78 83 77 35 23 24 16 13 5 9 2 9 6 6 8 7 16 20 17 7 5 2 3 6 5 13 11 13 6 5 7 20 25 42 47 53 35 34 28 39 47 22 48 42 76 46 45 24 36 46
0 0 2 0 0 0 0 0 0 0 0 0 1 1 3 1 12 2 2 3 5 4 2 3 6 16 20 10 31 35 15 50 68 41 14 30 11 13 10 3 31 47 38 21 27 32 13 40 56 13 25 31 23 18 25 14 7 20 11 18 10 4 13 18 13 6 6 2 7 3 1 2 15 18 13 12 18 27 27 35 33 45 35 34 33 29 39 33 64 67 21 41 49 46 49 34
0 0 0 0 0 0 0 0 0 0 0 0 1 0 0 2 3 17 4 5 2 9 9 11 21 27 24 13 5 7 8 56 50 28 48 53 67 47 9 8 32 35 78 50 45 39 36 12 7 15 39 34 25 20 11 22 24 15 13 11 14 11 24 19 11 7 4 5 9 2 1 3 4 9 11 25 21 27 29 33 30 29 24 36 40 25 27 33 53 7 25 40 31 13 8 22
0 0 0 0 0 0 0 0 0 0 0 0 1 1 2 2 2 2 4 6 11 20 17 21 30 54 34 33 21 10 5 4 46 59 58 24 77 50 31 53 63 19 68 43 81 71 33 15 13 8 24 34 26 21 27 12 25 18 19 12 19 23 46 46 18 6 2 2 5 2 1 2 2 3 2 17 14 18 24 23 29 21 26 35 16 42 32 59 25 16 33 35 36 23 21 35
0 0 0 0 1 0 0 0 0 0 0 0 2 1 1 1 2 4 4 5 14 17 46 36 40 34 59 39 15 18 14 12 6 39 48 13 19 13 66 38 32 11 75 36 19 8 25 17 25 16 25 38 44 34 24 12 7 11 2 6 13 9 27 28 2 5 4 1 3 4 7 6 3 6 8 3 15 16 19 20 15 37 13 5 20 52 27 56 18 8 15 19 22 21 33 36
0 0 0 0 0 0 0 0 0 0 0 0 0 0 4 5 3 3 2 3 4 12 50 56 23 21 26 29 37 34 22 31 15 5 5 19 8 15 70 14 11 24 49 18 17 13 29 21 23 17 9 26 32 34 19 11 8 9 4 5 5 4 5 3 5 6 4 2 3 7 8 2 7 9 7 7 18 18 17 15 45 11 11 18 24 37 29 22 24 4 5 17 20 34 39 53
0 0 0 0 0 0 0 0 0 0 0 0 0 0 1 1 6 7 16 20 12 21 16 14 8 3 14 29 35 29 46 47 13 7 2 4 13 45 27 24 5 53 71 29 27 26 25 33 36 9 13 20 17 20 11 12 10 4 5 2 3 2 3 12 12 6 5 6 7 7 8 5 3 12 5 7 12 9 13 28 17 11 16 11 24 9 25 32 44 18 12 16 27 29 22 48
0 0 0 0 1 0 0 0 0 0 0 0 0 2 2 5 5 9 16 13 14 36 16 11 15 15 6 15 24 18 20 13 8 17 15 17 33 22 38 18 22 28 51 53 40 32 12 17 21 7 6 24 32 37 34 19 10 6 12 26 16 7 5 8 4 2 23 17 7 6 4 41 21 10 8 5 5 6 8 19 7 12 14 5 15 13 25 37 21 39 25 34 27 40 37 45
0 0 0 0 2 1 0 0 0 0 0 1 1 11 4 24 11 5 11 22 26 26 37 18 14 17 16 10 24 22 13 11 16 24 28 28 10 13 19 21 20 7 13 29 39 22 4 9 8 9 13 17 14 15 12 10 12 4 33 34 17 17 3 3 7 5 25 75 55 30 18 11 36 52 14 7 6 9 15 10 2 20 5 12 12 24 9 11 14 23 38 30 58 40 19 26
0 0 0 0 0 1 0 0 0 0 0 1 1 2 11 12 20 25 17 25 20 14 32 15 10 10 7 4 4 6 16 14 23 24 14 26 24 22 18 15 5 12 24 8 38 25 19 16 16 7 6 7 7 30 20 18 13 4 8 8 7 6 18 7 14 19 13 53 70 56 8 14 17 9 40 21 6 7 9 7 14 22 7 46 22 18 17 25 20 27 39 52 24 24 24 12
0 0 0 0 0 2 2 0 0 0 0 0 0 1 1 2 1 3 10 20 20 20 31 39 22 16 19 16 8 5 9 3 6 12 13 22 24 16 25 8 5 18 9 13 37 22 21 16 18 10 9 8 9 22 35 4 7 7 14 12 9 30 24 31 38 19 28 19 61 36 37 12 10 12 13 26 17 22 16 22 7 14 15 29 23 27 30 12 19 63 32 16 34 25 30 28
0 0 0 0 0 0 1 0 0 0 0 0 2 1 5 6 3 2 5 16 23 43 51 59 52 19 13 6 3 5 5 2 1 3 7 7 14 17 11 15 13 17 6 28 5 3 8 11 14 13 20 20 10 22 15 14 10 17 22 6 21 22 12 12 74 31 30 16 7 62 65 22 24 10 33 49 46 66 45 38 22 20 8 28 57 37 57 44 44 54 43 24 38 41 47 28
0 0 0 0 0 0 1 0 0 0 0 1 1 1 5 3 3 13 6 33 67 41 20 30 40 21 16 16 6 1 5 6 9 5 2 6 19 18 4 10 25 27 23 23 8 5 10 22 29 31 14 44 31 34 23 12 13 6 6 25 13 7 8 14 12 41 22 20 10 27 49 74 60 15 6 35 24 57 9 5 26 60 5 16 6 29 30 75 67 59 78 49 45 43 44 43
0 0 0 0 0 0 0 2 0 0 0 1 0 1 1 2 12 15 13 7 8 44 49 28 29 21 32 42 24 9 8 17 11 11 13 5 5 12 11 14 14 22 20 19 16 15 33 30 22 25 26 20 27 21 19 27 34 42 18 7 21 9 7 42 12 30 41 20 12 13 47 55 61 36 16 21 5 38 18 9 2 31 17 17 21 58 18 28 11 8 51 27 36 75 48 63
0 0 0 0 0 0 1 0 0 0 0 1 2 1 1 4 7 10 13 14 10 3 34 65 46 42 35 35 40 15 14 21 10 12 23 28 11 5 6 13 20 15 10 43 20 22 24 55 55 35 47 20 28 57 74 69 31 22 15 11 14 50 25 7 41 13 42 31 20 5 45 45 37 54 15 23 7 41 55 14 8 49 10 18 23 5 29 19 7 20 75 37 22 62 80 78
0 0 0 0 0 0 1 0 0 0 0 1 2 1 0 2 5 10 16 24 22 19 8 24 27 27 9 12 33 15 10 11 8 6 10 17 14 10 8 14 12 6 6 6 28 31 26 45 33 19 17 41 22 18 14 9 15 8 16 19 16 33 39 15 17 38 5 51 32 10 34 57 48 50 23 20 9 49 16 15 4 69 28 17 26 22 11 21 17 35 66 78 27 24 71 73
0 0 0 0 0 0 0 0 0 0 0 0 1 0 1 2 2 4 17 36 38 21 13 6 5 3 10 6 2 3 11 1 3 7 13 9 12 17 13 10 21 18 22 18 26 32 28 25 17 18 33 37 37 47 22 35 33 19 13 23 10 19 29 30 21 60 28 44 63 23 18 30 58 34 54 18 13 46 29 52 40 60 81 34 26 28 10 33 20 12 43 83 38 17 17 69
1 0 0 0 0 0 0 0 0 0 0 0 0 1 1 1 5 5 13 21 29 18 10 15 8 9 9 4 1 1 5 4 3 5 5 8 15 16 11 21 35 26 24 20 11 20 23 21 22 47 34 53 38 39 34 46 42 36 26 37 25 35 18 35 15 55 45 21 64 45 8 33 45 33 66 27 43 28 31 26 53 27 79 53 16 27 26 58 21 11 14 59 44 21 39 36
1 0 0 0 0 0 0 0 0 0 0 0 0 1 1 1 3 4 9 15 18 18 16 13 22 16 20 13 3 1 2 1 1 5 6 4 14 16 7 7 27 20 13 9 21 13 20 15 13 42 57 52 59 39 19 33 65 32 48 46 47 54 22 9 14 12 32 20 36 57 27 22 24 66 51 41 61 27 42 71 55 27 53 75 27 31 14 15 15 21 24 65 41 51 32 11
2 1 0 0 0 0 0 0 0 0 0 0 0 1 1 1 9 9 35 36 23 44 28 33 12 14 19 18 12 1 1 1 9 7 19 19 14 24 24 21 22 17 15 12 14 11 10 20 16 13 12 24 14 25 53 50 68 27 84 71 25 64 32 39 40 17 11 7 27 45 24 44 24 48 13 42 81 61 39 57 69 63 54 82 27 25 35 16 20 8 30 47 47 22 14 17
1 1 1 0 0 0 0 0 0 0 0 0 0 2 2 2 1 5 6 3 9 4 7 13 24 34 18 18 28 6 2 16 12 15 7 6 14 13 13 38 28 11 17 28 24 23 29 33 15 35 38 14 37 57 49 63 48 58 51 63 22 50 62 35 52 64 60 39 19 55 57 72 64 39 36 47 68 72 56 57 62 66 49 79 74 45 9 10 13 26 37 50 60 30 15 10
0 0 1 1 1 0 0 0 0 0 0 0 0 1 5 7 5 3 11 9 6 13 10 18 39 18 22 25 28 27 10 59 20 8 13 7 25 26 29 38 57 30 35 37 27 39 23 31 20 27 33 23 11 43 22 34 68 71 53 56 61 74 78 68 25 65 60 64 54 35 47 64 22 40 40 47 66 54 75 75 62 43 43 82 74 40 46 11 15 42 25 55 45 45 37 24
1 0 0 0 0 0 0 0 0 1 1 0 0 1 1 1 1 4 3 18 10 14 16 19 19 19 34 22 26 18 21 59 15 20 17 13 22 21 23 39 52 27 27 39 25 36 12 14 32 18 17 29 11 8 8 10 42 62 68 73 65 57 70 85 53 42 64 63 52 31 13 25 38 29 38 58 67 82 63 44 39 29 81 72 75 36 28 27 18 26 32 55 18 12 15 48
6 1 0 0 1 0 0 0 0 1 0 0 1 0 3 1 0 2 3 10 19 24 6 9 12 22 25 10 33 28 45 24 26 35 16 9 10 22 51 49 24 17 30 47 46 32 13 12 11 32 19 18 26 21 10 6 16 22 17 46 35 33 63 79 73 53 29 13 15 24 18 20 21 25 31 32 66 57 49 32 12 27 81 68 74 63 31 33 10 32 40 65 63 50 25 12
1 3 2 0 1 0 0 0 0 0 0 1 1 1 10 0 1 1 6 15 11 8 2 12 6 3 18 8 32 42 40 40 45 23 11 24 28 27 51 37 18 37 19 23 40 14 11 17 7 26 14 10 22 10 21 13 12 19 22 8 25 32 38 50 53 27 22 36 29 41 24 16 18 24 27 14 41 35 40 22 18 11 40 27 47 73 35 45 14 44 61 51 39 40 41 17
1 0 0 1 1 1 0 0 0 0 0 1 1 1 1 5 2 3 2 4 8 2 11 9 8 4 12 10 28 22 24 24 38 16 28 30 36 22 38 28 21 30 20 23 28 12 15 14 10 41 22 15 27 27 21 16 30 28 40 25 17 23 8 17 6 6 21 35 38 40 38 22 17 10 12 11 21 22 22 19 20 14 17 16 30 40 16 33 11 35 60 55 34 18 76 56
1 1 1 1 0 0 0 0 0 0 0 0 1 2 0 12 6 2 3 3 8 3 4 7 7 9 31 22 28 18 31 39 14 25 24 43 25 23 50 15 23 32 13 22 23 38 10 23 9 30 19 23 23 36 16 23 23 34 27 33 34 41 18 16 18 11 33 25 31 21 11 9 32 17 11 6 9 21 14 12 11 8 10 24 28 25 21 28 14 67 72 72 70 29 9 20
0 1 1 1 1 1 1 0 0 0 1 0 4 6 3 0 5 3 2 5 9 4 6 14 11 10 28 15 10 7 10 16 23 53 29 19 23 7 27 13 22 19 22 21 11 15 16 19 25 27 26 26 20 27 25 36 40 25 34 26 45 25 15 33 10 19 23 38 16 13 20 42 32 26 26 27 8 6 14 11 11 16 10 29 16 13 40 14 27 69 65 60 78 44 48 14
2 1 1 1 1 0 0 1 0 0 0 1 0 3 2 1 1 3 1 3 2 2 3 10 8 22 18 18 7 7 14 40 18 23 38 24 16 17 28 9 18 14 7 8 8 20 5 11 13 4 15 7 18 33 39 44 56 40 19 32 25 30 26 18 55 17 26 30 33 57 45 29 17 17 23 27 25 29 30 30 36 38 14 14 13 26 47 28 45 57 30 51 81 63 64 44
2 3 2 2 1 0 0 0 1 1 1 0 0 2 1 2 3 2 2 2 3 3 2 2 4 3 7 12 11 21 14 28 10 17 34 19 12 17 8 15 12 12 8 24 35 16 7 27 50 23 36 27 44 57 56 25 34 40 35 27 32 31 48 38 45 36 33 33 57 13 10 13 15 8 5 7 27 22 33 40 39 30 25 11 10 26 50 23 28 15 22 56 88 52 68 59
0 0 1 2 3 3 1 0 1 4 3 2 1 0 0 3 2 1 5 8 22 13 17 6 15 4 3 9 15 11 15 9 7 16 30 19 11 8 6 9 21 55 22 13 20 22 32 14 48 59 78 49 61 78 62 36 54 36 18 19 18 22 47 27 30 39 34 44 17 15 19 26 45 28 27 19 9 28 42 55 46 13 8 13 8 28 42 26 23 22 26 78 82 47 52 86
1 0 0 2 2 3 5 4 2 1 2 1 0 0 0 1 2 3 5 5 18 35 26 8 9 16 32 19 22 8 36 14 13 11 12 11 6 7 17 16 32 5 25 53 18 38 42 32 27 73 73 79 35 64 60 60 41 62 43 35 31 34 11 32 42 48 49 17 22 21 34 52 38 46 57 34 19 43 53 53 19 11 8 16 12 24 13 12 22 28 49 83 60 73 51 86
3 2 1 1 3 1 1 3 1 2 1 1 1 0 2 1 3 2 10 11 5 34 29 44 51 60 50 44 31 11 23 15 10 15 19 43 29 47 59 46 50 56 37 67 28 46 67 68 19 17 15 70 69 37 61 36 30 75 56 52 25 29 35 44 45 48 34 38 38 49 41 23 37 35 37 32 52 36 24 23 11 7 7 9 8 14 10 11 14 15 29 68 42 63 24 52
2 4 3 2 3 1 0 1 0 0 0 0 0 1 1 1 0 1 13 34 11 3 29 70 42 61 53 64 64 73 51 66 66 74 35 59 9 52 73 42 60 79 36 67 69 40 69 35 79 47 25 81 64 60 60 57 81 83 40 59 33 23 28 29 27 36 28 20 18 24 25 30 21 35 37 54 58 41 10 4 10 5 4 7 4 7 8 14 14 30 47 63 27 34 31 27
2 3 17 1 8 9 2 3 2 1 1 2 2 2 2 1 2 2 2 20 12 3 4 11 12 9 39 65 54 58 62 57 75 59 45 56 69 59 64 71 37 77 76 41 61 54 74 40 72 84 56 60 61 48 34 77 63 66 51 61 53 21 22 22 45 33 35 42 44 43 50 34 45 38 60 53 29 14 12 4 1 2 3 5 5 3 6 10 13 20 46 46 13 17 21 19
4 3 2 8 9 12 6 8 6 5 1 3 4 4 1 1 3 2 7 2 1 1 6 3 5 12 31 25 36 50 58 67 27 55 32 72 64 62 66 69 57 69 61 62 69 65 70 76 23 68 54 32 76 23 48 76 59 24 64 25 34 59 16 17 30 31 49 46 46 41 39 44 56 77 71 53 30 14 2 3 3 2 1 1 3 1 5 4 8 13 26 20 14 7 21 31
1 4 6 5 5 8 2 2 7 2 4 2 3 3 1 3 3 2 8 12 9 9 6 7 6 9 3 5 6 9 7 6 13 19 7 6 11 10 9 14 15 17 12 21 22 20 23 72 57 48 78 31 60 54 57 61 24 17 29 31 62 56 31 22 39 41 46 34 33 60 74 70 73 67 54 41 22 5 1 2 1 1 1 1 2 1 2 1 3 5 9 10 9 4 8 12
6 7 8 5 2 1 2 2 5 1 4 2 2 3 2 3 3 3 5 2 3 12 9 6 14 9 5 7 12 15 11 10 27 21 17 23 11 14 18 24 22 25 39 24 31 21 33 14 19 21 49 48 52 58 55 31 36 46 41 52 56 33 25 33 38 36 47 61 72 72 76 60 36 32 15 11 3 3 3 3 3 2 1 1 1 0 0 0 1 1 3 3 5 3 2 4
20 28 14 3 2 1 1 2 1 2 1 1 0 2 0 1 1 1 1 9 6 2 4 4 7 5 3 14 9 7 13 13 5 5 5 12 9 9 16 10 14 26 28 17 16 24 18 31 26 25 14 16 13 12 21 28 43 40 38 41 18 20 22 36 39 30 29 26 47 67 68 60 35 22 8 7 12 10 17 14 7 3 1 1 2 2 2 1 1 0 0 1 1 4 3 2
4 5 3 9 3 2 1 0 0 1 1 1 1 2 1 1 2 1 1 1 9 9 7 8 5 5 4 8 12 15 9 3 8 5 6 9 9 13 13 18 14 14 16 9 7 8 9 9 20 29 39 53 31 25 26 25 30 31 31 15 13 23 22 44 34 20 29 27 27 32 22 28 28 11 7 15 21 16 5 3 1 2 2 4 9 8 8 3 3 2 1 1 0 0 1 1
4 3 5 1 0 0 1 0 1 0 0 0 0 0 1 0 1 2 2 2 3 12 11 7 8 3 5 10 17 3 3 7 5 11 11 6 9 10 9 11 10 11 29 18 20 15 16 22 31 25 35 37 28 26 30 24 27 22 22 23 5 24 23 30 48 47 43 51 35 27 13 11 5 10 16 25 41 21 7 4 4 6 7 14 11 10 12 12 12 5 6 3 1 1 1 0
8 4 2 1 1 0 0 0 1 0 1 1 0 0 0 0 1 2 2 1 2 6 10 9 11 2 15 23 7 2 7 4 8 7 12 12 9 15 15 16 5 15 18 20 14 27 30 25 20 17 25 13 41 30 52 40 25 22 16 12 15 19 24 17 62 69 36 52 45 35 21 19 8 18 30 38 17 6 9 12 11 18 11 20 26 20 28 17 17 14 10 10 7 4 2 3
4 1 2 1 0 1 7 10 4 1 5 1 0 0 0 0 0 0 0 1 4 5 2 5 7 12 32 34 12 7 10 8 9 21 10 15 12 17 6 8 20 19 14 19 19 32 27 13 32 15 27 34 34 23 41 24 41 12 20 9 29 44 20 52 77 53 51 30 25 26 15 7 12 21 32 27 11 16 17 23 31 26 32 45 42 35 33 24 35 33 18 27 14 7 6 5
1 2 0 0 4 16 7 4 12 17 1 3 1 0 0 0 1 1 1 2 5 3 3 9 8 28 17 3 4 3 5 12 6 10 31 11 12 16 17 23 15 16 13 12 17 16 27 24 21 26 32 29 35 26 31 25 44 27 13 7 14 38 54 67 58 60 35 32 29 12 11 13 20 10 34 14 27 26 43 43 53 38 46 56 53 37 49 47 45 28 27 29 18 14 19 18
0 1 1 1 1 14 12 14 23 12 5 5 12 3 1 0 0 0 2 2 1 1 2 10 3 2 4 5 10 13 8 5 17 5 15 14 16 31 16 17 7 18 7 6 8 17 18 30 31 22 19 41 13 27 35 32 17 13 23 16 5 23 23 29 41 60 47 56 32 8 24 19 31 25 70 35 31 34 45 47 60 44 50 64 44 43 59 71 57 50 34 31 28 42 36 20
0 0 1 3 0 0 0 0 14 15 17 17 13 3 4 2 1 0 1 0 1 1 2 2 3 5 8 8 10 7 6 4 5 7 7 12 7 10 11 20 32 11 17 14 4 7 12 12 20 25 30 26 25 7 39 7 16 33 16 17 8 9 17 14 11 12 28 17 9 26 56 30 37 32 70 36 45 48 63 69 82 72 83 82 75 66 67 67 82 78 49 41 39 38 66 38
0 0 0 0 0 0 1 1 1 5 2 11 8 4 5 6 5 3 3 1 0 1 0 1 2 6 7 2 1 2 2 2 3 4 5 5 5 7 7 16 23 38 17 7 30 21 25 10 18 13 11 21 8 22 21 26 27 18 21 16 11 30 42 28 20 12 12 24 36 34 47 53 33 48 65 60 65 57 69 83 71 63 82 79 78 77 74 73 77 71 59 50 66 70 71 54
1 0 1 2 2 1 12 3 3 1 13 23 6 19 10 13 22 13 8 2 1 1 1 1 3 2 1 1 1 1 1 1 1 1 4 5 2 4 10 17 13 18 25 28 2 21 19 22 22 13 13 28 34 18 8 8 14 29 24 21 15 43 32 23 12 26 27 32 57 54 46 73 55 70 61 74 78 70 77 66 42 65 75 60 40 42 62 34 65 75 59 62 58 59 56 72
5 8 14 5 17 1 1 1 7 5 19 24 18 56 27 27 47 25 7 8 3 3 1 1 1 0 1 1 1 1 1 0 1 3 1 1 4 4 5 3 5 12 19 39 24 13 24 15 20 18 16 13 10 42 59 27 26 22 19 22 34 31 38 19 27 36 51 30 50 62 44 59 66 62 78 52 65 60 75 65 24 35 46 55 33 8 12 24 64 59 60 69 31 38 27 61
