sesion_6_simulaciones/modelos_agentes/ejemplos_netlogo/scenarios/cgcm2_b2/rob_2068.asc
NCOLS 322 
NROWS 307 
XLLCORNER 451900 
YLLCORNER 4086900 
CELLSIZE 100 
NODATA_value -9999 
[rows 0 to 73 of 307, columns 96 to 191 of 322]
10 1 0 0 7 1 1 1 1 1 3 3 6 15 16 4 8 5 6 2 7 5 3 13 3 2 4 4 6 4 1 1 4 6 3 2 3 5 7 3 2 19 50 61 71 61 71 70 81 66 60 68 40 19 29 33 31 8 19 13 19 8 6 3 18 27 34 4 4 23 34 17 15 19 18 13 16 21 12 58 44 27 38 40 46 32 35 39 46 64 40 30 23 9 17 33
0 1 1 0 1 2 1 1 1 2 2 3 13 20 8 7 2 2 1 3 5 1 1 1 4 2 3 2 2 14 6 2 2 3 1 3 3 5 8 11 16 24 24 20 80 84 82 76 91 70 80 65 23 26 58 12 5 8 5 7 2 8 6 3 8 4 6 27 25 22 12 33 46 24 39 46 53 23 26 32 30 26 42 46 53 37 37 48 52 45 53 41 50 26 33 35
0 0 0 2 1 1 1 0 1 1 1 2 4 7 2 1 4 5 6 7 12 1 2 2 3 3 3 1 4 5 10 8 1 4 12 10 10 15 20 24 33 46 31 37 13 5 14 42 89 77 76 75 29 63 54 43 26 13 8 12 7 35 60 51 65 32 24 42 15 21 18 21 30 32 39 58 69 67 43 30 31 31 44 45 54 42 46 61 41 41 51 39 47 48 34 36
0 0 0 0 0 0 0 2 1 0 0 1 2 4 4 5 5 9 11 9 3 1 5 4 1 2 2 3 3 1 5 5 6 10 14 9 25 24 49 63 72 73 53 17 8 12 4 8 31 11 24 21 11 27 51 11 47 3 5 13 17 38 72 70 73 75 68 25 41 36 34 41 27 29 45 43 49 23 19 30 42 42 56 56 57 44 41 51 37 34 52 52 36 45 28 50
0 0 0 0 0 0 0 1 3 0 2 2 1 2 6 5 4 24 8 4 5 3 3 8 6 3 3 2 2 9 13 10 2 10 23 25 36 51 73 81 82 73 58 28 16 6 11 22 13 10 18 18 4 41 10 23 35 19 3 7 44 62 51 71 51 27 68 37 48 60 42 37 26 24 47 33 37 31 35 40 44 41 77 57 42 46 44 57 42 45 51 64 30 50 56 58
0 0 0 0 0 0 0 0 3 6 1 3 1 2 3 2 8 6 9 6 2 2 7 6 7 3 4 3 1 2 4 11 10 5 29 46 56 73 80 69 76 75 69 40 14 22 13 18 21 16 21 40 6 15 14 32 17 14 12 14 47 51 14 8 12 29 38 11 17 26 9 32 71 53 41 24 30 30 28 47 37 47 51 49 57 45 42 62 58 41 55 41 52 53 69 32
0 0 0 0 0 0 1 0 1 5 5 1 1 1 1 6 2 6 12 9 10 5 3 3 5 4 7 4 2 1 3 13 18 13 28 69 77 76 72 74 74 72 39 20 25 50 27 38 32 30 24 34 26 25 34 22 10 20 28 10 6 8 7 13 6 9 36 56 36 37 12 38 20 9 53 46 42 50 26 45 38 29 35 29 51 53 44 60 58 33 59 50 49 44 28 26
0 0 0 0 0 0 0 0 1 3 17 16 18 5 3 1 1 4 4 5 11 31 6 15 16 7 5 2 4 3 4 7 19 44 31 61 62 72 72 67 62 25 32 25 53 42 34 59 41 37 21 26 44 49 32 29 26 54 62 63 35 13 2 2 14 8 26 16 38 22 28 17 8 20 12 40 52 78 62 27 44 52 34 44 72 49 49 56 62 62 41 33 13 22 23 19
0 0 0 0 0 0 0 0 1 1 2 18 23 43 13 19 2 1 2 8 10 4 6 9 6 3 4 3 3 5 14 12 29 62 71 35 24 33 26 25 38 23 18 33 63 50 28 38 44 32 27 20 74 41 33 47 35 48 14 32 64 43 19 2 14 12 8 9 3 10 34 29 11 13 36 15 22 29 37 64 62 81 50 57 31 22 35 75 42 54 38 73 53 33 23 32
0 0 0 0 0 1 0 0 0 1 2 0 1 1 1 0 3 2 2 3 4 3 5 3 8 6 4 4 6 9 12 44 40 34 54 44 43 42 23 22 12 10 18 35 66 42 17 18 30 38 33 20 30 82 70 67 13 26 12 50 34 41 10 12 3 7 5 3 11 20 19 25 28 23 34 50 18 22 62 68 37 65 51 41 22 29 20 36 37 53 27 46 77 69 27 20
0 0 0 0 1 0 1 1 1 0 1 0 2 1 1 1 4 1 5 2 3 2 4 4 8 2 2 4 10 21 39 45 77 59 36 36 38 56 54 34 21 9 8 12 42 16 16 24 34 26 38 20 35 41 81 64 29 18 25 44 21 22 11 4 8 10 12 5 18 34 32 37 24 16 41 56 36 16 18 55 37 30 49 62 31 34 23 28 66 53 48 41 70 82 58 31
0 0 0 0 0 1 1 2 2 2 1 1 2 4 4 2 2 7 9 4 18 6 2 4 4 6 3 4 8 55 59 50 52 48 37 29 33 54 49 36 20 10 11 21 25 12 14 40 22 27 52 23 36 54 31 47 29 27 37 32 13 13 28 20 9 7 21 20 32 62 69 71 17 30 47 54 38 21 20 60 34 7 36 64 29 38 33 29 53 36 29 36 57 65 65 56
0 0 0 0 0 0 1 1 1 2 2 1 0 1 1 5 8 3 11 9 28 25 3 2 2 3 2 7 17 36 64 42 42 36 38 51 52 22 29 48 19 8 9 30 25 12 21 24 29 41 57 46 45 66 46 38 41 35 48 16 14 16 26 21 11 8 8 21 40 26 50 45 33 25 28 56 25 22 9 19 38 7 46 73 31 35 48 30 21 50 37 18 25 41 59 72
0 0 0 0 0 0 0 0 1 1 2 1 2 2 2 1 10 3 23 7 4 3 15 8 4 3 6 31 34 29 36 38 29 15 16 16 16 11 10 16 19 4 3 3 10 8 16 19 51 65 72 67 51 54 35 50 52 42 37 36 13 10 29 29 22 20 10 12 14 9 4 4 22 31 29 36 25 37 22 14 6 11 25 61 63 31 40 42 27 25 45 24 36 57 78 61
0 0 0 0 0 0 0 0 0 0 1 1 1 2 2 2 1 2 18 9 6 15 19 7 8 6 10 11 33 36 19 12 11 15 22 18 17 15 7 2 15 3 9 6 2 3 15 31 39 69 67 63 52 60 41 65 62 51 49 53 10 28 37 36 22 16 7 10 6 4 4 23 50 43 39 48 44 36 18 19 31 10 30 59 66 32 17 20 25 20 15 13 31 46 55 50
1 0 0 0 0 0 0 0 0 0 0 0 0 0 1 1 2 5 2 1 3 4 2 24 11 13 7 10 10 7 9 24 28 31 21 28 47 45 23 5 5 5 2 6 3 4 3 18 33 38 49 40 38 38 52 36 49 42 56 49 9 26 8 35 52 30 11 12 14 3 10 38 47 51 23 15 26 37 44 38 29 26 28 51 72 84 58 42 22 17 17 10 30 64 55 41
0 0 0 0 0 0 1 0 0 0 0 1 0 0 0 2 2 4 2 4 4 1 2 6 24 13 18 23 51 37 22 13 17 25 26 43 57 58 39 4 10 9 4 6 15 17 16 4 15 26 17 17 13 15 24 45 50 54 58 55 17 34 24 28 40 13 9 11 8 8 10 41 32 43 15 12 22 21 45 35 33 32 36 40 71 86 83 35 23 21 18 13 30 53 65 57
0 0 0 2 2 0 0 0 0 0 0 0 0 0 0 1 2 2 3 4 2 2 3 5 11 15 4 12 13 9 21 20 28 18 47 70 50 56 40 22 31 33 23 23 36 36 38 20 6 2 3 4 3 1 7 50 78 89 65 30 51 33 28 19 31 22 11 21 7 7 44 44 47 38 14 28 50 30 34 39 25 22 17 10 58 66 61 62 41 23 22 14 18 35 40 21
0 0 0 0 0 1 0 0 0 0 0 0 0 0 0 0 0 1 1 1 2 3 3 3 19 30 14 13 10 21 28 34 22 41 49 54 22 26 28 52 41 49 55 64 58 37 46 37 18 13 9 9 12 2 3 10 76 84 58 38 34 41 21 16 25 8 10 12 3 33 61 58 48 53 21 22 48 46 44 71 46 31 17 10 22 47 52 50 49 29 24 21 10 22 63 16
1 0 0 0 0 0 1 0 0 0 0 1 0 0 0 2 0 0 1 1 2 4 5 2 13 12 9 16 19 19 23 52 39 35 37 20 37 39 33 44 67 69 60 34 39 22 35 42 23 17 15 4 8 4 9 6 25 37 50 54 38 21 17 36 31 5 11 36 63 47 65 79 39 74 35 15 42 67 46 66 55 51 37 16 16 43 65 49 57 36 30 17 7 12 44 37
1 0 0 0 0 0 0 1 0 1 1 1 0 0 0 0 0 1 1 1 1 2 2 1 5 12 10 4 5 15 12 12 23 32 46 25 25 40 25 64 37 38 55 41 26 22 24 31 28 14 19 17 6 11 16 12 16 38 55 51 17 16 57 48 27 7 26 35 47 59 46 51 29 36 60 44 28 25 29 66 30 28 45 33 24 11 45 29 57 29 32 15 11 10 14 33
1 0 0 0 1 1 1 2 2 2 3 1 1 0 1 0 1 0 0 3 2 2 3 3 12 7 16 14 8 13 12 21 26 56 55 39 68 32 50 22 41 26 19 18 32 32 53 38 35 14 16 13 13 13 22 17 18 27 52 55 55 16 24 27 16 19 47 11 36 55 61 40 47 22 55 63 38 23 26 76 83 45 20 57 38 10 8 14 50 35 30 28 11 9 9 28
0 0 0 0 1 1 0 1 1 0 0 1 1 1 0 0 0 1 1 2 7 5 7 4 14 4 9 22 10 7 28 52 56 17 9 71 59 27 27 28 39 50 29 17 14 33 23 8 12 9 20 12 13 14 14 16 9 16 30 25 23 22 14 13 16 37 51 7 31 22 47 59 48 18 16 45 44 55 28 51 83 58 47 21 37 14 5 12 46 53 12 35 18 8 10 22
1 0 0 0 1 1 1 1 4 1 3 1 1 8 4 2 2 2 2 13 7 12 10 7 15 14 8 27 30 17 13 13 6 5 6 17 33 39 17 34 33 48 42 39 26 8 5 3 2 2 7 7 4 5 10 5 6 7 7 18 30 24 15 22 46 39 28 13 25 25 25 46 37 36 25 62 62 44 36 19 57 59 37 54 20 12 8 8 8 28 9 17 13 6 5 7
2 1 0 0 2 2 1 1 6 2 1 3 5 6 7 8 21 4 5 5 15 18 36 18 13 15 33 23 49 27 13 8 18 18 11 2 7 36 33 13 25 46 57 60 38 27 20 14 10 8 4 3 2 1 1 1 1 2 11 22 39 24 31 35 20 44 22 29 35 30 21 31 50 54 15 49 55 37 40 25 41 53 25 12 33 17 8 7 5 10 10 11 17 6 3 3
7 3 1 1 4 1 2 1 2 4 3 4 9 13 18 9 20 26 7 8 33 65 68 78 66 58 59 38 57 41 66 67 68 40 16 14 17 12 10 21 44 32 41 48 55 51 45 30 25 22 10 9 9 8 7 7 7 6 23 36 34 29 22 24 19 38 37 48 18 43 19 15 45 33 16 37 33 17 22 19 19 24 49 10 10 6 8 3 3 6 4 8 3 3 2 2
6 3 5 5 5 1 2 2 5 9 8 5 6 28 36 25 28 65 42 65 71 73 77 80 70 77 72 68 73 78 53 23 40 50 40 19 25 20 9 8 30 37 43 60 51 50 51 38 36 30 22 21 21 19 10 17 11 12 22 21 28 19 12 13 12 46 28 45 38 39 12 17 24 29 18 32 29 39 12 17 16 7 20 11 5 12 5 3 1 2 4 3 4 2 2 2
4 7 5 4 7 7 9 6 8 18 18 31 26 34 51 77 71 59 71 30 38 45 60 75 74 68 81 79 80 80 22 15 14 14 29 30 39 22 30 22 23 47 53 46 48 46 37 65 52 36 29 29 26 24 23 23 22 6 13 14 17 11 12 22 38 57 49 28 35 17 19 10 20 20 20 12 11 17 22 11 17 9 13 10 3 10 4 3 1 1 4 3 3 3 2 1
7 14 7 5 10 8 9 10 16 35 51 66 80 81 87 86 74 75 80 62 32 16 45 64 48 44 34 61 64 59 39 8 8 5 7 13 24 21 25 30 13 26 33 35 22 20 12 27 35 34 47 45 31 28 27 40 25 8 9 9 6 15 31 39 46 37 21 21 15 27 22 29 15 12 13 10 9 10 17 10 9 7 6 4 5 4 4 3 2 1 2 1 1 2 1 1
8 18 6 8 25 21 20 35 54 71 83 81 83 86 81 90 74 75 89 41 71 32 19 41 28 18 23 25 26 27 50 29 19 4 7 4 13 10 11 27 23 22 41 17 22 20 11 20 20 12 11 11 10 17 18 8 29 16 11 8 11 17 34 37 38 28 13 27 37 21 25 16 13 9 8 4 5 5 7 7 6 5 2 4 2 1 1 1 1 1 0 0 0 0 0 0
5 24 21 20 29 46 62 73 68 85 79 89 75 87 80 83 58 66 85 73 34 39 21 11 12 9 4 4 14 15 20 63 28 8 10 7 25 51 49 34 33 21 19 10 9 14 14 5 4 6 7 18 28 28 15 15 31 19 27 9 15 21 31 22 34 15 9 17 32 28 18 12 6 9 6 3 2 1 2 2 3 2 1 1 1 1 1 1 0 0 0 0 2 1 1 2
21 36 51 53 72 85 79 82 81 82 76 90 76 78 60 76 58 74 73 76 23 45 44 19 13 3 3 1 5 7 7 15 19 9 10 15 8 17 18 20 15 15 16 25 24 14 16 7 12 13 36 55 49 31 50 11 35 32 8 3 4 13 11 24 17 19 9 5 7 10 9 9 4 1 1 2 3 2 4 5 3 4 3 4 4 5 3 3 3 4 1 1 7 4 2 5
51 65 71 80 79 77 82 80 82 72 89 70 43 60 55 56 62 64 65 71 34 20 29 17 15 9 4 5 12 14 14 25 17 6 21 17 22 22 33 22 38 25 37 37 40 38 28 24 20 25 35 63 67 65 62 31 40 33 17 21 11 3 3 3 4 4 7 4 3 3 3 3 3 6 10 9 15 9 14 8 7 12 6 10 7 19 9 4 7 6 3 3 7 6 4 8
72 82 82 71 81 80 86 73 73 57 74 19 32 25 35 49 50 39 37 60 36 15 7 6 9 13 13 11 16 7 40 42 38 26 35 37 34 29 32 33 34 38 38 38 53 39 46 29 16 51 48 49 62 48 39 33 61 38 31 48 35 23 21 21 19 18 30 19 14 11 13 13 21 21 21 12 22 19 20 19 17 16 15 15 24 17 12 9 8 5 7 5 10 5 14 14
16 23 55 51 71 67 78 73 39 8 4 6 14 10 10 11 13 24 41 56 33 9 12 20 11 11 36 26 37 28 39 38 39 34 33 56 45 23 45 40 39 51 49 49 39 37 45 33 28 40 51 47 59 68 51 54 42 34 43 45 38 41 39 41 41 34 46 33 28 14 26 26 25 25 37 25 26 38 24 34 32 21 24 23 43 19 15 13 12 11 12 8 17 19 21 28
20 13 9 9 7 7 24 27 26 10 6 10 17 17 7 4 3 6 25 30 17 10 38 11 27 39 46 36 49 35 31 28 47 43 24 41 40 26 38 44 37 55 37 34 35 41 57 42 29 33 52 49 30 75 53 67 38 42 51 41 55 42 38 37 39 26 52 34 21 30 29 29 41 29 40 29 29 43 43 41 29 27 39 31 33 22 18 18 17 15 15 14 39 29 22 21
36 53 42 18 17 14 4 10 13 6 12 15 12 7 3 4 1 12 10 16 26 43 49 23 42 37 45 40 31 14 5 16 34 34 24 37 22 29 38 47 51 31 36 32 32 55 44 30 43 42 54 63 40 77 71 36 65 58 54 36 48 41 56 53 39 44 38 37 34 22 32 48 47 33 46 44 34 50 33 43 33 46 48 56 39 22 12 27 22 22 29 34 41 17 42 25
45 32 29 21 12 9 10 10 21 24 26 26 18 6 6 15 17 20 25 37 64 60 60 38 36 27 28 35 36 32 17 14 31 24 41 24 20 29 27 43 18 15 38 44 35 69 40 44 55 35 63 36 68 69 40 54 72 57 35 51 38 52 52 40 28 44 42 38 23 37 57 62 54 36 50 54 52 57 37 35 41 51 51 42 32 18 16 36 31 19 46 49 46 21 13 51
22 33 40 30 32 18 33 26 33 37 40 50 37 27 22 33 20 32 43 50 61 45 22 36 50 32 16 25 37 33 25 14 22 30 15 38 23 48 34 24 27 18 42 28 28 74 52 50 40 32 43 69 64 48 43 40 57 68 38 53 52 63 52 30 55 52 55 41 21 42 55 76 62 45 52 59 60 47 39 29 47 73 64 54 46 21 41 63 45 21 38 64 62 30 17 51
45 56 27 28 17 30 42 29 29 46 43 46 39 37 40 37 38 45 49 47 55 41 35 45 32 21 22 38 25 34 19 27 15 11 34 36 42 27 33 21 23 13 43 12 11 49 48 53 29 39 47 30 66 17 13 10 29 55 29 59 68 54 48 68 56 54 36 17 27 59 65 81 69 52 56 71 78 53 53 32 55 78 54 41 37 31 53 69 49 30 24 74 81 55 32 45
22 35 21 41 27 40 39 39 36 35 50 49 37 36 60 29 36 45 41 40 51 45 24 44 28 29 36 29 30 37 15 29 17 16 15 37 13 22 16 31 23 22 31 17 39 35 64 45 17 33 47 38 41 22 20 13 18 28 22 63 70 61 62 70 30 50 20 20 29 63 75 77 73 57 63 74 84 45 58 29 60 86 61 33 29 37 59 74 56 38 31 66 76 66 25 49
16 28 52 34 21 28 35 27 23 28 53 37 30 45 30 29 19 38 46 29 25 36 40 37 25 25 19 17 18 62 17 31 16 18 19 33 27 22 13 20 14 28 22 18 33 24 38 19 22 13 23 54 39 28 18 20 49 20 24 54 48 55 81 42 54 47 31 34 46 51 74 75 76 45 54 75 61 40 64 34 49 76 64 54 34 39 64 75 57 46 35 50 71 49 38 51
9 8 27 11 9 7 20 17 13 19 22 23 20 31 28 24 26 26 35 29 23 13 24 32 29 24 29 15 13 18 25 39 15 10 17 32 16 8 12 19 12 24 17 17 24 21 29 12 10 11 12 32 8 12 20 18 35 14 31 40 33 59 29 44 71 36 34 40 56 49 62 82 60 35 57 75 62 44 66 43 51 73 48 44 46 34 37 75 74 46 31 51 71 48 33 53
2 5 3 3 5 6 14 18 7 18 16 24 26 18 16 26 20 19 22 29 13 11 11 27 26 15 27 8 13 23 17 21 6 9 16 10 8 14 12 22 29 9 12 26 20 8 6 29 8 6 6 13 4 7 10 27 25 41 33 19 16 13 33 68 29 38 55 30 42 46 43 69 32 28 47 69 42 45 58 27 61 65 40 44 48 52 23 35 77 42 34 44 70 58 47 40
1 1 1 2 5 2 4 3 6 11 10 21 15 14 15 17 14 12 12 18 18 9 23 16 21 17 13 13 3 9 18 26 2 4 6 20 6 3 6 7 28 9 7 5 5 8 8 1 6 9 7 19 12 6 11 14 42 29 22 45 31 16 46 25 46 58 25 29 31 47 22 62 19 23 32 58 29 58 57 27 43 44 31 56 59 58 34 33 72 51 31 47 55 36 45 35
0 1 1 2 3 1 4 3 5 7 9 20 12 7 8 12 15 23 11 5 6 5 28 3 9 14 11 7 3 7 6 5 1 1 9 2 1 1 8 2 18 6 8 4 7 8 7 23 38 49 42 22 32 23 13 23 30 19 21 25 17 21 34 15 49 21 26 25 28 47 17 38 21 38 15 32 22 49 33 23 52 26 28 40 60 29 40 24 49 37 42 32 64 66 68 57
0 0 1 0 1 5 1 1 3 4 7 10 6 11 3 13 3 12 10 5 3 7 9 9 7 9 8 10 2 1 1 3 4 7 2 1 4 5 8 5 6 8 12 22 8 46 18 61 30 36 21 20 37 48 62 38 34 8 13 28 19 23 6 9 26 16 17 21 30 35 40 32 34 26 17 51 17 47 17 18 58 18 52 48 62 34 45 35 36 58 49 65 67 71 78 88
0 0 0 0 0 1 4 1 2 1 1 3 2 5 3 6 4 9 9 10 6 8 6 11 2 3 4 3 4 5 1 1 2 3 19 22 11 15 32 50 27 29 28 55 29 20 48 58 17 46 27 21 33 55 50 33 40 43 32 56 37 52 50 18 26 31 36 33 24 35 50 42 39 67 70 68 72 85 75 51 57 66 69 65 28 83 82 70 61 29 49 36 49 77 55 66
0 0 0 1 2 8 1 1 0 0 0 1 1 4 5 5 4 9 4 4 6 6 4 10 5 3 1 1 1 1 1 2 2 1 2 17 29 4 10 39 40 41 22 60 73 23 25 37 55 41 55 11 18 60 63 27 72 60 76 70 28 53 34 38 30 46 35 60 60 10 17 57 61 21 49 72 42 69 48 77 38 65 80 65 42 81 72 62 85 79 63 34 51 65 46 33
0 0 0 0 0 0 0 0 0 1 1 1 4 3 2 4 2 5 2 3 5 3 4 6 3 2 1 1 3 5 2 0 1 1 1 3 6 3 4 18 32 12 51 71 51 15 31 19 39 37 54 19 24 51 47 65 52 38 60 73 37 10 22 56 52 63 58 48 56 56 15 55 76 29 54 79 23 17 32 84 76 48 41 57 65 74 69 78 88 78 47 69 32 26 61 71
0 0 0 0 0 1 1 0 0 0 1 1 1 2 1 3 2 3 2 2 1 3 4 2 3 3 0 1 1 2 1 1 3 1 2 1 3 21 8 29 14 37 25 28 71 45 23 13 34 37 43 50 22 62 63 86 41 67 86 85 67 12 41 47 51 80 71 76 49 75 35 26 67 33 59 80 44 36 23 68 56 66 15 16 29 70 77 72 81 67 29 71 48 35 53 62
0 0 0 0 0 0 0 0 0 0 1 2 1 1 2 3 2 2 1 1 2 2 1 1 1 1 0 0 1 2 2 1 1 1 2 4 3 6 28 62 27 51 27 53 50 63 31 32 50 49 80 83 44 65 85 91 60 83 89 79 68 35 68 74 52 46 38 29 57 82 40 26 51 25 62 69 86 39 51 84 63 75 68 27 24 45 66 63 59 44 65 88 50 32 20 20
0 0 0 0 1 0 0 1 0 0 1 1 1 1 1 2 3 1 1 1 1 1 1 0 1 1 0 1 3 3 6 3 3 5 9 12 9 14 50 36 45 23 17 65 67 38 24 20 35 52 74 67 67 45 74 91 63 68 81 75 82 73 75 86 37 45 52 33 60 76 70 45 12 32 76 77 81 72 38 86 40 66 78 48 28 26 57 45 49 24 76 87 68 46 48 19
1 0 0 0 0 0 0 0 0 0 1 1 0 0 1 1 1 0 1 1 1 1 0 0 1 1 1 5 17 2 3 2 14 11 13 14 6 19 35 33 61 29 53 28 82 32 38 31 18 36 69 62 43 22 24 60 69 78 83 81 90 76 79 79 75 50 58 43 52 61 83 60 30 28 62 77 83 81 58 72 67 62 67 80 47 29 19 21 19 35 75 55 78 51 47 28
0 0 0 0 0 0 0 0 0 0 0 0 0 0 1 1 0 1 0 1 1 1 0 1 0 0 0 1 4 2 2 12 7 7 26 17 9 6 3 16 17 12 4 4 25 28 67 53 20 12 36 15 25 13 11 19 21 58 64 61 69 74 68 66 88 50 50 41 14 70 91 47 30 26 68 60 60 66 37 51 53 24 69 80 68 44 12 14 16 25 17 40 81 50 33 38
0 0 0 1 2 0 0 0 0 0 0 0 0 0 0 0 0 0 0 0 1 1 1 1 4 9 2 1 2 2 4 5 15 24 20 15 15 22 9 4 10 24 11 5 10 17 27 39 40 13 18 13 27 15 17 33 25 15 25 46 45 20 33 67 91 72 40 43 53 77 88 57 23 14 27 41 63 49 59 64 54 17 53 69 81 34 22 11 36 42 24 42 89 64 58 58
0 0 0 1 1 2 0 0 1 0 1 0 0 0 0 0 0 0 0 1 0 3 1 1 8 14 6 1 1 7 7 5 13 21 9 5 22 27 10 9 10 33 19 11 19 17 19 16 17 9 17 40 46 43 36 34 24 19 16 11 4 2 12 77 79 77 54 28 33 71 81 77 66 27 16 40 55 41 44 31 54 39 26 73 75 62 26 16 39 31 53 81 82 82 68 61
0 1 2 0 1 2 4 0 0 0 0 4 0 0 0 0 0 0 0 0 0 0 0 1 3 8 3 9 11 18 7 5 25 11 20 24 18 31 17 23 17 30 32 19 9 32 19 25 18 7 16 54 63 68 64 55 41 36 33 30 32 28 29 51 53 65 56 24 11 46 44 78 79 38 18 46 56 42 25 42 68 35 24 23 75 77 29 15 45 56 52 75 50 77 49 30
0 0 0 1 2 1 1 0 0 0 3 4 4 1 1 2 0 0 0 0 0 0 1 1 1 2 4 10 16 8 6 8 6 3 29 31 10 14 23 42 28 35 28 22 7 13 46 35 24 16 14 36 75 76 74 74 61 60 52 51 77 79 82 72 60 57 47 30 13 8 36 51 81 64 58 21 41 48 27 6 20 31 34 46 66 76 46 24 13 33 37 33 76 76 87 58
0 0 0 1 4 4 17 1 2 1 1 0 3 5 2 1 1 0 0 0 0 1 0 1 2 1 4 5 4 4 3 12 26 18 33 22 21 32 51 26 45 41 22 29 35 34 46 47 34 26 15 22 46 71 69 78 77 75 55 44 35 50 60 64 74 71 72 62 39 3 12 48 57 65 57 50 33 16 21 20 50 38 19 28 26 65 66 22 10 20 26 34 28 68 57 72
3 1 1 0 0 5 2 0 1 6 1 1 0 1 1 0 1 0 0 0 0 0 0 3 6 1 3 9 7 13 14 39 24 14 19 29 19 22 16 7 14 52 62 39 60 45 38 37 38 39 35 17 13 17 56 57 52 70 71 64 59 53 37 43 47 65 71 71 68 58 40 62 54 73 43 42 32 21 31 23 19 20 13 38 30 67 71 19 7 28 37 25 28 26 57 73
4 5 3 1 0 3 11 6 1 1 1 1 0 1 0 0 0 1 0 0 0 1 1 4 3 4 1 2 3 3 2 5 6 18 16 17 20 22 28 27 17 7 20 65 67 77 67 50 45 24 33 34 25 14 22 36 30 24 39 46 49 63 63 49 28 32 58 67 68 54 59 76 56 77 64 45 40 41 24 13 14 26 12 19 32 23 57 29 7 15 31 33 14 11 52 73
1 1 24 6 1 5 2 16 8 4 5 1 0 2 1 2 1 2 1 1 0 1 2 2 2 2 3 14 7 4 6 16 10 13 19 34 35 42 37 41 45 37 19 13 12 61 68 63 43 30 22 34 25 13 5 5 5 7 6 7 12 30 26 36 38 19 19 31 33 28 56 56 56 53 47 50 55 49 29 32 28 23 11 12 40 46 32 38 11 4 19 29 17 36 76 32
1 1 6 3 2 2 0 0 20 31 31 23 1 3 1 1 0 3 1 1 1 1 1 1 4 2 5 7 4 6 13 19 9 13 19 28 28 37 35 39 42 37 53 47 46 30 14 11 37 38 45 16 14 8 13 22 21 21 20 16 16 6 4 6 7 6 5 4 5 16 26 40 35 32 26 19 19 40 34 28 20 10 27 22 24 34 29 45 27 6 4 20 43 75 41 70
3 2 5 28 10 2 2 1 1 39 3 3 4 2 2 3 2 0 1 2 0 0 0 1 2 2 2 2 2 2 2 3 8 11 14 18 35 45 31 44 49 55 51 51 54 42 37 34 23 13 12 8 11 26 30 41 41 41 38 47 17 5 5 17 18 27 13 15 4 3 7 18 15 10 10 9 12 17 24 39 32 11 9 10 11 14 23 35 42 10 5 16 77 45 42 51
5 4 6 14 7 10 13 2 0 1 0 0 1 1 2 15 1 2 2 2 1 0 0 1 1 1 2 2 4 2 3 3 5 9 18 22 26 28 27 49 50 38 33 35 41 32 29 41 33 30 33 35 37 50 47 44 58 60 59 50 23 18 20 35 32 22 28 12 4 4 5 2 1 2 2 2 5 5 2 4 8 5 5 3 4 4 13 23 20 12 5 48 48 25 60 50
12 7 4 1 14 11 45 17 10 10 5 2 1 1 9 3 19 11 3 2 9 5 3 0 0 0 1 1 1 1 1 6 10 5 2 7 27 30 18 17 30 41 29 22 33 26 36 39 45 38 47 30 33 48 59 61 61 63 70 58 35 32 44 42 50 50 51 36 15 12 4 2 1 2 3 7 18 11 6 6 4 3 2 2 2 3 5 9 23 23 8 61 14 9 46 58
13 12 12 21 11 17 10 6 6 33 7 15 2 4 8 16 36 18 5 6 10 2 2 2 1 1 2 0 1 1 6 1 1 2 5 7 20 41 37 48 42 34 45 34 43 35 40 42 46 28 57 47 45 40 56 60 77 76 74 57 29 51 47 61 60 74 63 52 36 17 11 12 13 16 19 31 39 26 15 15 21 23 10 4 5 3 1 2 7 25 15 45 8 9 45 72
16 17 5 4 19 13 43 29 13 12 24 37 15 6 12 44 43 16 5 16 2 11 1 2 1 0 0 3 0 2 1 0 1 5 4 7 10 21 32 36 42 27 30 33 36 38 44 58 48 37 46 59 43 45 62 71 78 69 55 45 43 53 63 64 64 80 72 57 45 21 33 33 34 40 41 41 54 38 34 35 33 29 16 22 20 8 7 1 3 10 9 10 10 6 18 37
14 23 16 5 37 32 42 33 62 37 24 9 4 34 38 28 25 11 8 37 3 16 1 2 1 1 1 3 5 1 1 1 2 5 6 9 13 33 19 37 43 34 16 37 35 36 45 64 52 27 31 58 54 44 58 76 73 58 43 32 36 65 63 64 80 76 64 57 31 26 40 39 41 53 50 63 63 63 44 46 57 44 41 48 32 24 10 2 1 6 5 12 8 3 8 16
17 4 18 7 3 47 23 14 28 50 37 27 4 22 57 25 3 7 23 38 4 26 3 2 8 6 1 4 6 12 2 0 2 2 6 5 3 5 10 11 31 21 32 30 35 19 53 35 54 23 60 46 47 37 63 80 58 52 35 46 47 59 55 72 80 72 64 62 34 50 61 61 41 59 69 66 67 58 50 58 67 60 51 53 22 13 5 3 2 1 2 6 6 2 5 3
13 14 10 18 4 11 48 60 62 36 17 19 7 12 37 47 13 22 61 32 9 32 4 3 2 5 3 9 6 2 8 15 2 2 3 5 1 4 4 11 17 14 16 31 25 20 23 33 18 22 72 22 41 32 71 46 42 50 30 39 39 52 65 77 61 71 60 45 38 53 65 65 42 65 62 71 75 62 54 61 76 61 60 33 15 15 12 13 10 2 0 0 2 2 1 2
25 13 18 13 17 17 26 40 32 50 50 23 52 11 5 3 33 80 67 27 25 12 10 12 15 5 2 6 11 9 7 1 3 1 2 1 1 3 3 15 6 14 15 18 11 11 12 16 23 33 14 13 35 51 27 44 35 26 29 30 28 44 77 62 64 51 37 41 55 67 64 65 57 66 47 55 65 43 54 61 77 44 27 26 31 34 43 23 13 4 2 1 0 1 1 1
27 23 20 17 49 27 58 78 43 32 30 49 55 57 6 2 9 13 12 4 14 26 17 6 4 6 5 7 5 3 1 0 2 3 0 1 2 2 5 4 5 4 14 3 4 3 5 18 3 5 7 11 19 33 25 26 13 19 36 38 30 65 60 62 55 60 41 38 49 66 61 49 52 66 47 28 74 53 58 77 46 46 40 43 69 68 43 20 16 10 4 3 2 0 1 1
