sesion_6_simulaciones/modelos_agentes/ejemplos_netlogo/scenarios/cgcm2_b2/rob_2097.asc
NCOLS 322 
NROWS 307 
XLLCORNER 451900 
YLLCORNER 4086900 
CELLSIZE 100 
NODATA_value -9999 
[rows 222 to 295 of 307, columns 0 to 95 of 322]
15 22 34 52 45 29 43 32 7 20 23 26 48 21 18 10 10 4 5 7 17 28 31 38 27 25 19 35 52 29 18 46 59 29 55 45 27 29 38 63 34 32 49 62 57 76 52 60 64 83 82 55 39 39 34 17 21 38 20 24 28 16 10 22 12 14 6 6 4 2 2 1 0 0 0 0 0 0 0 0 0 0 0 0 0 0 0 1 1 0 0 0 1 2 4 2
37 42 31 21 24 33 34 44 26 12 14 29 32 15 8 9 10 21 25 24 28 40 25 64 45 42 34 34 35 46 29 41 31 37 63 18 22 30 37 64 62 51 46 68 30 19 32 19 22 64 72 54 51 30 24 24 12 14 21 23 16 24 9 11 16 6 5 5 5 2 1 1 0 0 0 0 0 0 0 0 0 0 0 0 0 0 0 1 2 2 1 1 2 2 0 0
36 56 65 76 54 49 43 45 29 36 43 58 26 18 17 25 22 41 20 22 64 17 34 39 40 31 23 57 43 37 36 42 34 54 36 25 35 46 40 61 57 59 55 85 80 68 57 56 48 25 32 42 27 21 14 13 12 16 14 13 13 13 7 20 19 8 4 3 2 1 1 1 0 0 0 0 0 0 0 0 0 0 0 0 0 0 0 1 3 3 1 2 3 2 0 0
41 57 51 61 63 67 36 26 18 52 55 39 25 17 21 26 9 4 3 40 21 32 61 43 30 45 35 42 35 25 34 33 52 15 16 45 33 57 39 63 58 68 73 54 57 73 59 70 70 44 23 25 15 20 9 9 11 17 10 8 10 5 4 3 4 3 2 2 1 0 1 0 0 0 0 0 0 0 0 0 0 0 0 0 0 1 2 2 7 7 5 6 2 1 0 0
12 24 29 20 34 77 53 10 35 43 57 24 38 34 7 5 3 2 16 51 16 42 57 62 43 40 28 12 32 22 35 60 47 23 36 43 61 71 49 56 75 81 76 48 59 63 65 35 65 76 30 19 8 10 9 14 9 7 7 4 3 2 2 1 1 2 3 1 0 0 0 0 0 0 0 0 0 0 0 0 0 0 0 0 0 1 4 8 10 14 6 2 1 1 0 0
39 26 30 31 35 32 15 19 19 29 48 52 54 13 3 3 18 28 48 65 31 35 52 75 61 29 43 19 25 39 15 38 68 31 23 27 50 52 81 87 57 50 37 71 46 50 70 49 37 15 28 30 23 18 16 14 14 6 5 3 2 1 1 1 1 1 1 0 0 0 0 0 0 0 0 0 0 0 0 0 0 0 0 0 0 1 5 20 11 1 1 0 0 0 0 0
40 30 27 47 33 32 35 32 22 46 42 35 27 11 19 43 49 54 57 71 30 44 48 67 17 16 43 13 33 45 16 16 38 41 26 48 38 27 67 81 67 44 62 42 83 59 35 38 34 28 19 38 31 27 24 17 6 6 2 1 1 0 0 0 0 0 0 0 0 0 0 0 0 0 0 0 0 0 0 0 0 0 0 1 1 3 4 22 6 1 1 1 0 1 0 0
12 22 47 28 25 26 44 42 38 41 35 53 34 38 36 56 48 30 63 60 31 36 34 34 15 49 17 5 33 35 15 25 24 35 64 76 58 43 26 43 53 33 26 20 39 78 57 35 29 28 21 20 20 25 28 21 7 4 1 1 0 0 0 1 1 0 0 0 0 0 0 0 0 0 0 0 0 0 0 0 1 0 1 1 4 6 9 10 3 1 1 2 1 0 0 0
45 34 32 35 42 37 56 37 46 39 27 42 29 54 36 53 52 42 43 66 15 27 26 20 31 8 19 21 19 33 11 26 17 29 29 55 47 67 36 15 37 56 44 47 59 27 35 24 17 18 12 11 18 17 13 11 11 5 3 1 1 1 0 0 1 0 0 0 0 0 0 0 0 0 0 0 0 0 0 0 1 1 2 2 2 15 35 9 4 4 5 3 1 0 0 0
21 42 43 51 30 30 39 68 24 41 28 22 37 41 29 53 51 37 29 43 23 20 19 33 20 15 17 15 13 18 10 18 54 41 27 19 60 34 41 34 15 27 68 74 77 48 21 12 24 25 20 8 11 14 10 8 5 1 2 3 1 1 0 0 0 0 0 0 0 0 0 0 0 0 0 0 0 1 1 2 3 3 3 1 1 7 26 6 3 9 6 2 1 0 0 0
18 18 38 45 33 38 34 53 28 28 28 28 25 40 27 34 60 20 19 27 12 16 4 18 13 15 9 6 13 11 15 25 31 60 38 38 24 29 38 15 27 22 20 34 33 23 19 12 23 14 18 9 8 6 6 9 3 2 0 0 0 0 0 0 0 0 0 0 0 0 0 0 0 0 0 0 0 1 2 4 8 11 6 3 2 4 9 8 9 6 2 1 0 0 0 0
9 10 38 22 24 53 44 30 40 28 44 39 27 46 33 24 32 14 18 14 17 6 4 3 9 11 4 7 14 11 9 16 14 15 11 23 13 16 18 11 23 37 60 33 31 14 14 5 7 6 9 7 6 6 7 3 2 1 0 0 0 1 0 0 0 0 0 0 0 0 0 0 0 0 0 0 1 3 3 8 21 16 10 10 4 6 26 26 13 4 2 1 1 1 1 0
13 7 6 19 20 35 51 49 58 21 31 46 11 26 14 21 46 9 13 15 16 15 3 5 12 5 2 17 27 38 37 9 25 20 37 38 37 40 30 38 51 54 56 61 56 52 43 18 18 26 15 7 5 3 2 2 1 0 0 1 0 1 1 1 0 0 0 0 0 0 0 0 0 0 1 0 1 3 5 11 12 29 18 22 15 39 20 18 8 8 5 4 2 1 1 0
2 3 13 15 19 22 25 34 19 33 38 25 5 7 6 6 30 5 4 5 2 7 5 7 4 5 3 10 27 19 61 68 59 51 71 53 55 37 39 41 51 59 56 74 42 24 19 4 10 17 23 12 5 2 2 2 2 1 3 1 1 1 0 0 0 0 0 0 0 0 0 0 1 0 1 0 1 2 6 15 35 24 31 27 45 27 26 20 6 5 11 6 3 1 1 1
1 5 2 3 5 17 23 21 16 17 15 22 5 12 3 12 5 3 3 2 3 1 3 2 6 7 21 21 30 17 27 54 81 60 72 89 87 72 72 62 28 66 73 65 75 57 52 25 19 20 15 9 10 3 3 6 5 2 1 1 1 1 1 0 0 0 0 0 0 0 0 0 1 2 2 1 1 1 3 6 35 51 44 17 16 61 23 23 17 17 6 5 4 2 1 1
1 2 1 3 5 12 9 23 28 19 8 3 6 1 3 7 3 36 2 9 35 22 11 4 4 2 4 8 10 19 20 21 27 73 60 82 87 81 81 72 67 36 76 76 77 51 56 31 20 16 7 6 2 2 1 1 1 1 1 1 0 0 0 0 0 0 0 0 0 0 0 0 1 2 3 1 1 2 3 6 27 50 38 13 45 42 26 43 37 15 13 8 6 3 4 3
1 1 4 8 14 4 9 20 19 15 7 3 2 1 2 2 1 0 13 13 16 34 28 9 4 2 8 11 10 21 18 27 31 27 20 55 87 61 79 49 60 56 54 65 62 50 26 13 31 23 12 9 9 6 3 1 1 1 1 0 0 0 0 0 0 0 0 0 0 0 0 1 1 4 8 4 2 4 10 18 37 55 27 25 43 14 6 10 14 5 4 7 4 4 2 1
0 1 2 0 2 4 6 7 6 5 5 2 2 1 1 1 1 1 2 8 6 2 40 25 5 1 8 19 17 25 22 16 29 36 21 26 58 72 67 64 63 52 56 42 46 52 44 18 8 17 14 11 8 8 5 2 1 0 0 0 0 0 0 0 0 0 0 0 0 0 0 0 2 3 7 11 5 4 9 35 43 71 27 31 56 18 14 10 6 3 3 4 3 2 0 0
0 0 0 2 1 1 2 2 6 6 3 1 1 0 1 1 2 4 6 14 4 4 4 26 26 4 13 38 33 32 40 30 37 48 39 29 25 61 45 47 26 32 20 29 28 24 6 22 12 9 11 5 4 5 4 3 2 1 1 1 0 0 0 0 0 0 0 0 0 1 1 1 2 2 3 15 23 9 26 28 64 59 52 69 21 22 21 15 17 13 6 5 4 2 1 0
0 0 0 0 0 1 1 2 1 4 1 1 2 1 1 1 2 8 9 6 2 2 4 41 20 15 16 14 6 16 24 26 38 38 39 43 23 20 22 17 28 17 8 8 12 18 14 16 7 5 7 5 3 3 2 2 1 1 1 0 0 0 0 0 0 0 0 0 1 1 1 1 3 2 4 6 44 10 17 49 68 49 57 61 48 36 22 41 30 5 5 3 1 0 0 0
0 0 0 0 0 0 0 1 1 1 2 1 0 0 2 3 2 6 11 12 5 4 3 8 11 9 11 31 9 35 45 31 27 38 35 48 43 24 15 9 8 13 16 14 20 17 9 5 5 7 4 4 2 2 2 1 1 0 0 0 0 0 0 0 0 0 0 1 1 1 2 1 1 4 21 16 45 26 32 59 70 66 46 52 31 18 16 31 19 10 3 2 1 0 0 0
0 0 0 0 0 0 0 2 0 0 0 1 7 12 20 12 5 2 2 4 8 9 5 19 35 26 23 24 23 28 42 42 43 45 40 51 48 63 42 16 17 10 9 8 8 6 7 3 2 4 2 3 3 2 1 1 0 0 0 0 0 0 0 0 0 0 1 1 1 1 2 2 1 6 15 14 39 62 42 62 66 66 63 54 31 40 22 22 17 8 4 3 1 1 0 0
0 0 0 0 0 0 0 0 0 0 0 1 0 1 4 27 6 2 2 2 8 5 8 13 5 15 33 56 55 51 42 52 53 59 57 50 52 57 63 56 25 15 14 16 15 7 4 4 6 4 6 5 2 1 1 1 1 1 0 0 0 0 0 0 0 0 1 2 3 4 3 3 3 7 32 15 9 52 84 60 65 67 57 45 31 17 5 11 14 7 3 1 1 1 1 1
0 0 0 0 0 0 0 0 0 2 5 4 1 1 3 1 2 1 3 5 5 18 10 10 24 20 8 20 28 60 65 63 70 76 63 48 62 72 72 58 29 24 20 23 22 19 9 15 7 3 1 1 1 1 0 0 0 0 0 0 0 0 0 0 0 1 1 3 5 7 6 9 6 11 33 42 15 46 66 57 53 36 23 12 13 19 7 7 7 4 2 2 1 1 1 1
0 0 0 0 0 0 0 0 0 1 0 0 1 6 4 3 3 5 2 7 16 9 9 18 13 31 16 5 6 49 37 71 85 67 67 66 51 58 66 64 49 53 36 20 27 29 12 12 7 3 3 2 1 2 1 0 1 1 1 0 0 0 0 0 1 1 1 5 5 14 10 19 7 10 29 52 48 35 67 40 26 16 23 14 11 4 3 5 8 6 2 2 2 2 1 0
0 0 0 0 0 0 0 0 0 1 0 0 1 1 1 1 4 12 4 9 5 10 11 15 12 28 26 15 13 10 15 12 54 58 53 49 38 56 48 31 25 17 13 10 15 23 11 8 5 4 3 2 1 0 0 1 1 1 0 0 0 0 0 0 1 1 3 5 5 11 28 19 22 9 15 47 48 73 44 27 33 20 18 16 17 7 8 8 6 2 2 3 4 2 1 0
0 0 0 0 0 0 1 0 0 0 1 7 1 1 0 3 4 8 10 4 3 6 4 9 14 14 24 22 38 40 21 34 37 26 13 26 33 39 24 28 13 12 5 8 9 8 7 9 3 2 2 1 2 1 0 1 1 1 1 0 0 0 0 0 1 1 1 1 2 4 12 36 48 13 9 36 29 65 29 39 22 19 11 18 17 12 11 3 6 4 5 6 2 1 1 0
0 0 0 0 0 0 0 0 0 0 2 6 1 1 3 4 13 7 9 4 4 6 6 13 18 25 47 44 22 18 14 17 37 42 31 24 40 45 37 30 30 23 34 23 12 9 9 9 7 3 1 1 1 1 1 1 1 0 0 0 0 0 0 0 1 2 2 6 4 3 7 11 28 40 21 25 62 50 41 30 15 25 22 13 6 12 12 8 11 12 4 4 1 1 0 1
0 0 0 0 0 0 0 0 0 0 1 0 1 2 3 6 13 3 10 4 6 6 8 13 55 66 59 27 47 57 50 29 49 47 40 37 45 58 44 38 45 32 20 17 14 12 18 17 7 4 4 3 3 3 2 1 0 0 0 0 0 0 0 0 1 2 5 10 11 6 4 6 19 42 54 32 70 50 49 50 40 22 27 29 21 16 22 14 9 10 10 3 2 1 0 0
0 0 0 0 0 0 0 0 0 1 1 2 3 2 5 6 19 9 3 9 7 17 15 26 45 69 70 46 25 36 39 35 23 27 36 28 30 39 34 58 62 34 34 28 37 28 21 20 10 6 7 7 3 2 2 1 1 0 0 0 0 0 0 1 2 4 11 11 6 7 7 12 18 19 16 67 70 50 40 38 26 30 45 34 32 35 28 30 18 12 4 2 2 1 1 0
0 0 0 0 0 0 0 0 2 8 16 3 1 3 7 4 4 4 3 5 11 13 21 56 39 24 50 49 39 55 61 48 25 16 21 21 35 44 52 49 36 34 62 50 51 37 20 9 7 4 2 3 3 2 1 1 0 0 0 0 0 0 0 1 3 6 11 12 13 18 17 16 41 51 40 48 67 56 32 37 38 48 41 23 30 28 27 14 17 5 3 2 3 1 1 1
0 0 0 0 0 0 1 5 13 9 25 20 4 3 9 8 5 1 2 3 3 4 9 36 10 19 37 61 63 69 83 44 60 40 24 15 28 70 54 55 60 14 18 7 8 18 9 12 5 5 4 3 3 2 1 0 1 0 0 0 0 0 0 1 4 14 12 12 9 35 58 19 51 72 75 58 46 47 41 26 35 31 33 45 33 28 15 11 11 7 6 6 4 2 1 0
0 0 0 0 0 0 0 1 1 3 2 1 4 5 7 6 7 3 4 4 5 5 16 24 5 4 6 35 42 30 46 79 52 64 61 55 51 50 42 44 52 49 35 37 32 16 15 19 10 8 6 2 2 1 1 1 1 1 1 0 0 1 2 4 6 11 13 14 12 12 39 66 38 63 74 71 57 38 52 41 53 53 33 22 30 25 14 10 11 17 10 6 2 1 1 0
0 0 0 0 0 0 0 1 3 3 2 4 4 4 7 8 12 4 2 9 12 9 15 38 10 2 12 6 18 30 12 23 59 50 63 62 39 14 14 14 30 32 28 33 40 41 21 8 14 9 5 6 4 2 1 2 1 1 0 0 0 1 4 7 16 22 14 12 34 29 21 22 65 73 59 72 54 53 72 68 25 22 21 26 22 16 20 14 15 6 4 2 1 1 0 0
0 0 0 0 0 0 0 0 1 1 2 3 1 4 4 3 7 1 2 3 3 22 21 40 23 9 12 17 26 20 21 9 8 17 19 17 17 16 16 10 8 13 11 15 31 28 14 23 18 13 9 7 5 3 3 2 1 1 1 0 1 2 4 12 20 23 16 24 28 54 39 38 28 30 51 55 71 64 43 46 39 50 42 46 33 24 30 22 8 3 3 2 1 0 0 0
0 0 0 0 0 0 0 0 1 1 1 2 2 4 4 10 8 2 2 2 7 24 33 33 13 2 13 28 21 34 37 14 40 47 50 42 40 34 32 15 12 13 40 47 41 24 25 20 19 16 12 7 5 4 3 2 2 1 0 0 0 2 8 17 17 33 20 31 34 29 76 57 46 35 21 63 48 68 57 54 57 68 61 49 35 44 23 16 6 4 2 2 1 0 1 1
0 0 0 0 0 0 0 0 0 1 1 2 14 17 16 32 16 4 2 2 15 23 33 26 13 27 6 27 28 40 24 46 43 29 34 37 30 30 14 23 47 56 30 30 19 29 21 17 23 14 15 11 7 4 4 3 1 1 0 0 0 1 4 17 44 38 24 37 33 31 32 51 65 21 16 29 71 80 76 66 62 58 56 57 46 27 25 14 16 6 2 1 0 1 1 3
0 0 0 0 0 0 0 0 0 2 4 2 14 20 27 6 2 2 1 7 13 18 29 37 40 15 21 22 19 19 27 68 32 32 37 40 40 25 35 37 61 51 48 44 41 37 32 25 30 22 18 11 8 5 4 2 1 1 1 0 1 1 5 14 37 31 45 56 45 63 61 65 64 32 34 50 67 63 67 58 56 51 47 48 34 27 21 24 19 12 3 2 1 2 2 5
0 0 0 0 0 0 0 0 0 4 3 5 7 54 8 4 7 4 3 10 11 15 20 9 10 8 39 10 25 20 45 30 43 53 41 42 41 43 53 46 35 52 53 59 52 50 39 43 32 14 10 8 7 7 6 3 2 1 1 0 1 1 5 13 25 28 27 47 68 57 74 65 68 36 59 58 66 66 49 47 50 49 35 27 24 22 21 17 11 10 7 4 1 4 6 7
0 0 0 0 0 0 0 0 1 2 3 5 1 11 3 1 4 6 12 8 10 22 22 9 7 22 12 19 32 56 58 52 47 49 38 41 54 54 58 52 56 68 67 48 42 53 52 44 25 17 14 11 7 5 4 4 3 1 0 0 1 2 6 13 19 31 25 32 61 80 74 68 60 83 68 48 38 42 52 51 47 47 45 37 23 27 14 21 11 7 7 5 2 5 7 6
0 0 0 0 0 0 0 0 2 1 4 2 1 0 0 1 4 5 4 8 12 10 9 24 24 9 12 36 59 21 20 20 42 39 47 55 56 55 54 53 57 67 51 52 62 53 51 47 23 21 14 10 7 4 4 4 2 1 1 0 1 2 11 18 31 29 28 29 33 38 53 57 60 70 19 44 44 43 37 39 37 35 31 45 34 32 23 18 9 8 7 3 4 8 8 13
0 0 0 0 0 0 0 0 2 2 3 2 3 4 3 2 1 2 1 11 18 9 45 43 11 16 23 36 21 23 25 29 37 32 46 53 56 56 47 73 59 49 49 59 28 44 56 51 43 33 9 9 6 8 7 4 2 2 1 0 0 1 4 14 24 32 65 46 51 51 47 31 46 64 48 56 57 42 42 40 45 38 43 39 34 11 11 7 10 15 8 2 6 15 18 20
0 0 0 0 0 0 0 1 2 5 4 1 1 3 4 4 2 1 2 12 10 38 26 11 14 36 20 20 20 25 30 30 22 34 40 60 42 42 63 56 48 67 72 39 55 53 49 49 34 15 11 15 13 10 9 7 5 3 2 1 0 1 6 11 20 43 65 82 51 61 51 33 36 71 77 41 49 56 58 38 36 39 48 37 21 8 19 15 10 6 3 1 8 20 22 21
0 0 0 0 0 0 2 2 4 8 1 1 1 1 0 1 2 1 5 12 10 11 4 10 29 8 6 16 21 25 44 32 24 37 46 50 48 63 68 67 48 42 46 56 50 52 35 34 28 23 19 24 19 8 7 6 6 3 2 1 1 3 5 13 26 38 61 75 69 68 53 55 60 73 48 43 40 41 48 53 38 67 48 25 26 28 20 12 5 2 1 4 14 22 23 27
0 0 0 0 1 0 0 1 4 1 0 1 2 2 2 3 6 4 11 4 4 3 2 12 9 13 16 28 34 31 27 19 24 30 53 38 73 69 69 42 30 30 40 54 61 51 47 44 38 33 27 22 12 7 6 5 4 3 3 2 1 4 8 20 38 45 42 46 68 80 72 35 43 72 43 48 69 66 62 68 61 45 38 36 35 32 12 10 5 3 3 12 17 22 18 29
0 0 0 0 0 0 0 0 1 1 0 1 1 3 3 4 2 5 7 18 13 10 1 9 13 24 27 38 21 14 23 25 34 35 69 36 21 16 16 33 37 55 67 69 66 58 48 46 29 39 21 17 18 8 9 4 4 4 3 3 2 8 14 20 44 48 44 27 48 71 71 49 59 69 45 29 50 74 72 70 67 37 41 41 32 28 10 8 12 4 13 17 9 30 29 32
0 0 0 0 0 0 0 0 1 3 0 1 1 1 2 1 2 13 6 5 6 9 9 7 23 17 20 25 16 19 39 34 25 72 25 17 44 48 49 47 63 69 63 67 68 67 58 48 32 29 26 23 19 17 12 9 8 5 4 2 5 10 25 55 54 51 41 49 56 60 72 46 46 61 72 53 54 56 69 71 57 57 39 40 34 23 12 4 5 12 14 9 17 23 49 36
0 0 0 0 0 0 0 1 1 1 4 2 1 1 1 2 2 3 6 10 6 11 5 8 19 21 16 20 24 24 25 30 40 28 8 31 35 44 55 83 62 60 69 70 69 67 51 43 33 24 26 24 21 12 15 7 10 9 5 5 7 21 20 44 52 49 45 56 60 53 78 71 52 68 68 54 60 62 58 55 60 46 34 30 29 15 7 2 5 18 10 18 26 30 53 34
0 0 0 0 0 0 0 0 0 2 1 0 0 1 1 1 6 2 2 11 28 9 3 5 29 18 29 21 19 16 45 75 46 7 17 44 33 65 71 65 63 73 71 54 58 56 53 47 30 33 29 27 23 20 18 15 13 11 8 7 9 12 19 27 52 70 56 74 75 63 55 56 57 62 73 73 56 52 43 43 45 39 31 31 23 11 4 3 14 18 20 36 45 35 44 34
0 0 0 0 0 0 1 1 1 0 1 1 1 1 0 10 3 4 5 13 10 3 9 14 3 20 20 11 44 30 56 38 10 17 50 22 46 40 53 76 77 60 49 78 70 48 53 53 46 38 34 31 27 24 22 18 15 9 10 11 13 26 19 23 26 53 75 77 73 73 80 79 56 67 54 50 34 41 54 57 40 42 28 31 23 5 4 14 13 23 36 47 42 26 42 42
0 0 0 0 0 0 0 0 0 0 1 1 0 0 0 5 2 1 1 2 2 5 14 5 3 9 7 10 46 43 38 7 13 26 41 69 39 48 67 70 69 59 66 37 49 43 56 65 47 44 38 35 32 26 25 23 12 7 15 24 19 32 31 33 37 51 58 82 64 61 44 69 52 36 36 49 59 48 41 41 39 22 34 22 8 5 10 15 24 22 28 39 55 44 47 44
0 0 0 0 0 0 0 0 0 0 1 0 0 1 2 10 2 2 2 2 13 4 8 2 8 15 9 30 52 24 13 9 14 21 59 62 61 50 55 58 58 64 51 40 46 75 61 54 50 61 46 40 37 31 28 24 13 10 25 29 47 55 42 46 38 51 66 67 77 59 50 42 50 57 50 65 51 51 44 44 30 32 16 9 6 11 21 29 26 42 42 31 33 43 37 32
0 0 0 0 0 0 0 0 0 0 0 1 0 1 5 2 2 1 6 7 4 7 3 7 25 6 10 37 28 20 18 16 34 42 64 48 53 52 48 33 35 57 68 60 67 57 61 60 67 52 47 58 22 33 29 17 9 24 37 36 63 64 48 62 47 36 44 76 76 35 71 49 46 57 59 57 53 53 51 36 27 28 11 13 12 23 27 34 30 34 44 33 33 45 49 39
0 0 0 0 0 0 0 0 0 0 0 0 0 3 0 1 3 3 4 8 3 3 4 6 11 7 10 28 13 10 19 15 42 50 50 52 35 45 40 45 53 58 60 75 59 58 58 74 57 53 66 49 42 38 23 19 11 24 52 51 57 69 55 65 66 48 49 55 81 34 40 72 71 54 53 53 63 51 56 52 32 24 8 8 13 26 36 43 49 49 47 47 36 40 59 49
0 0 0 0 0 0 1 0 0 0 1 0 2 1 1 2 2 1 0 4 2 5 7 7 7 13 16 2 7 13 27 29 45 55 15 12 42 35 44 40 43 55 62 71 71 57 75 52 71 72 51 47 48 41 25 21 13 24 52 62 58 69 50 54 69 44 65 42 68 39 41 70 44 61 59 56 52 51 67 42 35 9 7 13 26 30 40 47 36 26 35 58 29 32 50 67
0 0 0 0 0 0 0 0 0 0 0 0 1 0 0 1 1 1 0 1 1 3 7 6 6 12 4 4 9 8 21 7 29 19 9 27 19 22 29 52 57 60 66 69 61 46 64 71 67 59 60 49 48 46 40 26 25 30 58 74 72 69 61 49 67 64 34 40 79 37 59 55 53 56 51 44 53 31 29 30 12 7 12 26 30 38 48 50 29 33 46 28 18 23 35 65
0 0 0 0 0 0 0 0 0 0 0 1 1 1 1 3 2 0 0 0 0 4 3 2 5 7 5 23 19 18 40 31 34 19 11 10 23 24 27 26 32 59 45 53 65 36 31 32 49 52 61 55 49 47 31 18 33 46 60 65 84 75 53 53 58 63 56 24 61 12 19 34 44 54 56 59 59 56 44 39 16 9 17 30 32 58 62 52 40 37 44 45 38 22 33 52
0 0 1 0 0 0 0 0 0 0 0 1 3 1 2 2 4 1 2 1 5 6 3 5 9 6 6 1 1 8 27 7 12 6 11 20 11 17 18 20 52 48 37 55 32 39 42 53 55 68 55 58 54 36 32 20 34 50 62 66 73 55 55 64 66 41 38 42 55 25 30 27 26 19 37 47 44 47 29 24 11 18 31 32 38 61 55 26 39 51 34 51 26 29 36 57
0 0 0 0 0 0 0 0 0 0 0 2 3 3 2 4 4 1 2 5 6 2 2 7 6 5 1 3 3 11 10 5 4 16 21 17 25 21 24 40 32 44 58 35 41 42 59 55 66 54 53 54 54 37 16 34 41 73 64 66 66 68 54 72 67 48 35 52 39 24 42 53 53 57 59 54 44 21 16 8 14 32 32 35 41 66 65 24 26 49 35 55 31 31 38 70
0 0 0 0 0 1 0 1 0 0 2 1 2 2 0 1 0 0 1 6 5 2 6 2 7 11 1 2 4 18 6 4 6 18 37 16 19 24 37 16 49 44 32 46 41 56 59 69 69 60 68 54 39 39 26 41 46 65 76 59 64 71 52 41 61 62 32 36 43 53 59 42 44 45 36 44 35 22 8 25 22 34 41 55 48 64 68 37 36 39 22 58 34 36 38 53
1 2 1 6 5 3 2 1 2 1 2 1 1 1 2 1 1 1 3 4 3 2 4 1 2 2 1 3 4 12 5 8 42 20 12 11 17 22 23 43 62 49 58 34 48 67 70 57 56 73 62 45 42 41 27 55 68 59 64 73 60 68 71 41 72 69 33 33 45 53 39 40 56 44 46 28 33 29 18 37 39 37 44 56 44 49 57 50 54 36 35 62 33 36 31 47
2 4 5 1 5 14 3 1 0 1 0 0 1 1 1 1 0 5 6 3 2 4 2 2 4 10 1 2 3 9 10 38 9 6 13 17 7 6 29 36 42 27 65 51 58 70 41 54 68 62 50 46 41 40 40 57 66 67 63 72 57 60 64 58 52 60 35 15 31 61 42 51 51 55 44 44 46 41 30 38 41 52 48 55 43 37 50 48 46 43 40 59 35 28 39 44
0 1 2 0 0 1 3 3 0 0 0 0 1 2 1 1 2 2 1 2 1 1 6 1 8 11 2 2 9 17 24 39 11 15 19 3 4 7 14 31 28 41 59 61 58 57 57 56 59 57 48 46 40 41 48 48 62 74 66 56 74 48 57 58 43 25 13 10 8 28 42 59 56 47 41 39 33 14 26 36 40 54 49 55 39 54 66 67 51 45 36 45 52 16 40 48
0 0 0 1 0 0 0 0 0 0 1 0 0 1 1 1 1 3 0 1 0 1 1 2 9 4 1 1 3 7 4 6 14 11 9 12 7 3 39 14 24 19 51 39 64 48 51 40 59 59 42 42 37 38 46 63 63 75 72 67 61 63 47 46 12 12 26 42 31 38 40 46 46 33 31 26 13 24 40 37 41 55 57 39 50 50 61 64 50 47 34 44 51 20 25 56
0 0 1 0 0 0 0 0 0 0 0 0 0 1 0 0 1 0 1 1 1 6 7 4 9 3 1 1 2 2 3 17 13 9 16 11 18 5 29 22 4 23 54 48 56 51 52 63 56 52 48 40 40 61 60 52 66 61 66 43 58 53 28 27 22 17 30 49 38 27 54 54 64 59 48 16 23 26 39 50 58 43 55 41 53 65 63 58 46 46 36 34 52 44 20 36
0 1 0 0 1 0 0 0 0 0 0 0 0 0 0 1 1 4 1 2 9 2 5 6 13 6 1 2 2 7 11 7 9 25 9 15 17 9 57 27 8 34 16 51 45 40 58 36 51 47 40 43 36 60 70 56 58 52 61 65 35 36 36 23 21 14 19 23 27 23 49 54 62 70 35 20 26 38 35 58 58 52 50 54 37 60 65 61 51 53 21 41 42 36 28 22
0 0 0 0 0 0 0 1 0 0 0 0 1 0 0 1 0 3 0 1 2 10 3 9 4 1 0 0 0 6 11 4 6 12 16 29 11 15 40 36 19 37 14 52 36 30 39 31 47 44 52 37 34 51 58 83 41 45 41 31 38 19 20 18 9 14 26 24 29 29 52 54 35 50 25 20 41 42 38 42 57 51 49 47 52 61 59 72 58 41 28 43 49 23 28 18
0 0 0 0 0 0 0 0 0 0 0 0 0 0 1 1 1 1 1 0 0 0 1 1 1 1 1 0 3 2 7 9 13 11 14 17 9 8 14 49 25 32 29 40 13 41 31 45 50 32 46 36 40 35 57 62 60 46 32 13 23 14 9 19 13 14 26 22 39 35 43 46 37 25 25 40 41 39 40 35 42 54 62 54 48 61 68 64 67 34 24 60 36 40 27 14
0 0 0 0 0 0 0 0 0 0 0 0 0 0 1 1 0 1 2 1 1 1 2 2 3 5 3 1 0 1 3 7 11 11 13 11 12 9 4 29 54 47 27 17 15 22 23 41 32 15 38 31 33 30 42 65 52 43 20 8 12 3 3 4 6 8 18 34 41 49 56 37 23 19 45 40 44 59 54 42 33 48 48 57 59 77 47 73 48 31 27 59 38 52 19 15
0 0 0 0 1 0 0 0 0 0 0 0 0 0 0 0 0 1 0 0 0 1 1 4 8 1 1 1 1 0 1 2 3 11 7 3 12 7 8 17 59 47 17 11 15 23 46 18 31 12 22 35 28 49 46 39 36 25 29 9 12 5 7 3 12 24 24 31 38 31 38 37 12 23 34 37 54 48 42 28 37 19 48 57 57 43 66 57 58 41 27 49 34 46 35 13
0 0 0 0 0 0 0 0 0 0 0 0 0 1 1 1 1 0 0 0 2 1 3 1 1 2 4 2 1 1 3 4 2 4 4 4 14 2 1 18 26 42 21 16 10 58 30 17 14 23 37 37 24 40 58 33 55 14 20 18 9 9 9 5 10 11 14 23 43 46 24 18 21 35 32 36 30 35 28 10 26 29 44 45 49 57 60 52 21 42 16 40 58 23 11 19
0 0 0 0 0 0 0 0 0 0 0 0 1 1 1 1 0 0 1 0 0 0 0 1 2 12 2 1 1 1 5 4 4 6 5 6 7 3 6 9 23 22 29 21 18 66 24 27 16 22 31 24 32 55 64 32 46 16 10 11 7 3 3 16 17 18 24 26 49 22 17 20 35 31 29 34 42 44 35 25 30 40 50 58 56 51 48 62 17 34 23 22 54 10 9 14
0 0 0 0 0 0 0 1 0 0 0 1 0 0 0 1 0 0 0 1 0 0 2 3 6 1 1 3 1 1 2 6 6 11 9 12 10 7 6 11 21 33 27 22 18 24 24 36 25 11 13 30 44 43 46 33 24 14 7 8 5 1 4 7 15 27 30 30 28 30 32 31 28 34 44 19 23 44 32 23 34 34 31 58 43 37 21 36 29 28 48 20 35 13 13 16
0 0 0 0 0 0 0 0 0 1 1 1 0 0 0 0 0 0 0 0 0 1 6 3 2 3 5 11 5 5 1 7 7 18 8 17 6 13 13 9 13 10 20 30 7 24 28 38 25 20 26 39 34 28 30 13 15 13 6 5 2 4 5 6 8 17 16 38 50 31 33 28 26 44 31 14 18 44 41 27 26 32 29 29 45 40 10 16 27 46 24 22 15 10 17 27
