sesion_6_simulaciones/modelos_agentes/ejemplos_netlogo/scenarios/cgcm2_b2/rob_2045.asc
NCOLS 322 
NROWS 307 
XLLCORNER 451900 
YLLCORNER 4086900 
CELLSIZE 100 
NODATA_value -9999 
[rows 222 to 295 of 307, columns 0 to 95 of 322]
16 23 35 53 45 29 43 32 7 20 23 26 48 20 18 10 10 4 5 7 17 27 31 38 27 24 19 35 52 29 18 46 59 29 55 45 27 28 37 63 34 32 49 62 57 76 52 60 64 83 82 54 39 37 32 17 21 35 20 24 28 14 9 22 12 14 6 6 4 2 2 1 0 0 0 0 0 0 0 0 0 0 0 0 0 0 0 1 1 0 0 0 1 2 4 2
38 44 32 22 25 33 34 44 26 11 14 29 32 15 8 9 10 20 25 24 28 40 25 64 44 42 34 34 35 46 29 41 31 37 63 18 22 30 37 64 62 51 45 69 30 19 32 19 22 64 71 54 49 30 22 22 12 13 21 21 16 24 9 11 16 5 4 5 4 2 1 1 0 0 0 0 0 0 0 0 0 0 0 0 0 0 0 1 2 2 1 1 2 2 0 0
41 59 65 77 55 50 43 45 29 35 43 58 26 17 17 25 22 40 19 22 64 17 34 39 40 31 23 57 43 37 36 42 33 54 36 25 35 46 40 62 58 59 56 85 80 68 56 56 48 24 31 42 27 21 14 13 12 16 14 13 13 13 7 20 19 7 4 2 2 1 1 1 0 0 0 0 0 0 0 0 0 0 0 0 0 0 0 1 3 3 1 2 3 2 0 0
43 58 51 61 64 67 36 26 18 52 55 39 24 17 21 25 9 4 3 40 21 32 61 44 30 45 35 42 35 24 34 33 52 16 16 45 33 58 40 64 60 68 73 54 57 73 59 69 69 44 23 23 14 20 9 9 9 17 10 8 10 5 4 3 4 3 1 2 1 0 0 0 0 0 0 0 0 0 0 0 0 0 0 0 0 1 1 2 7 7 5 6 2 1 0 0
12 24 30 20 34 77 53 10 35 43 57 24 38 33 7 5 3 2 16 51 16 42 57 63 43 41 28 12 33 22 35 60 47 24 37 43 63 71 50 58 75 81 76 48 59 63 65 35 63 75 28 19 7 10 9 14 9 7 6 3 3 2 2 1 1 2 2 1 0 0 0 0 0 0 0 0 0 0 0 0 0 0 0 0 0 1 4 8 10 14 6 2 1 1 0 0
42 26 30 31 35 32 15 19 19 29 48 52 54 13 3 3 18 28 48 65 31 35 53 76 62 29 44 19 25 40 16 38 69 31 24 28 52 53 82 88 58 50 37 71 46 50 70 49 37 14 26 30 23 18 16 14 12 6 4 3 2 1 1 1 1 1 1 0 0 0 0 0 0 0 0 0 0 0 0 0 0 0 0 0 0 1 6 20 11 1 1 0 0 0 0 0
41 31 27 47 32 32 35 32 22 46 42 35 27 11 19 42 49 54 57 71 30 45 49 68 18 17 43 13 32 46 17 16 40 41 28 51 39 27 68 81 67 44 62 42 83 58 35 37 34 26 19 36 31 27 24 16 6 6 2 1 1 0 0 0 0 0 0 0 0 0 0 0 0 0 0 0 0 0 0 0 0 0 0 1 1 3 4 22 6 1 1 1 0 1 0 0
13 23 47 28 25 26 44 42 38 41 35 53 34 38 36 56 49 30 64 61 31 37 34 36 16 51 17 5 34 35 16 26 26 38 66 77 60 43 25 43 53 33 26 19 38 77 57 35 29 26 19 20 18 25 25 21 6 3 1 1 0 0 0 1 1 0 0 0 0 0 0 0 0 0 0 0 0 0 0 0 1 0 1 1 4 6 9 10 3 1 1 2 1 0 0 0
47 35 32 35 42 37 56 38 47 39 27 42 29 54 36 54 53 42 44 67 16 28 28 21 33 9 19 22 21 35 11 28 17 31 30 55 48 68 36 15 37 56 44 46 58 26 33 23 16 16 11 10 18 16 11 9 9 5 3 1 1 1 0 0 1 0 0 0 0 0 0 0 0 0 0 0 0 0 0 0 1 1 2 2 2 15 35 9 4 4 5 3 1 0 0 0
23 44 44 49 30 30 39 69 24 41 28 22 37 41 30 53 52 38 30 45 25 22 21 36 21 16 18 16 14 19 11 20 54 41 27 19 60 34 41 34 15 26 68 74 77 48 20 11 24 25 20 7 11 14 9 8 5 1 1 2 1 1 0 0 0 0 0 0 0 0 0 0 0 0 0 0 0 1 1 2 3 3 3 1 1 7 26 6 3 9 6 2 1 0 0 0
19 21 40 45 34 38 35 54 29 28 28 29 25 41 28 35 61 21 20 30 12 18 5 20 14 17 10 7 15 12 17 26 33 60 38 38 24 29 38 15 27 21 19 33 33 22 19 12 21 13 18 9 8 6 6 9 3 1 0 0 0 0 0 0 0 0 0 0 0 0 0 0 0 0 0 0 0 1 2 4 8 11 6 3 2 4 9 8 10 6 2 1 0 0 0 0
11 11 40 24 24 56 46 32 42 29 45 41 29 48 35 25 33 15 20 15 19 7 4 4 10 12 5 8 15 11 10 17 14 15 11 23 13 16 18 11 23 36 59 32 29 13 13 5 7 6 9 6 6 6 6 3 2 1 0 0 0 1 0 0 0 0 0 0 0 0 0 0 0 0 0 0 1 3 3 8 21 16 10 10 4 7 26 26 13 4 2 1 1 1 1 0
15 8 7 21 21 40 56 50 60 22 32 48 12 28 15 23 49 10 15 17 16 17 3 6 13 6 3 20 30 38 40 10 27 20 38 38 37 40 30 38 51 53 56 61 56 50 41 17 17 26 14 6 4 3 2 2 1 0 0 0 0 1 1 1 0 0 0 0 0 0 0 0 0 0 1 0 1 3 5 11 12 29 18 22 15 39 20 18 8 8 5 4 2 1 1 0
2 4 14 17 23 25 26 36 19 35 44 28 5 8 6 7 33 5 5 6 2 8 6 8 5 5 4 11 30 20 64 71 61 53 72 53 55 37 38 41 51 59 56 73 42 23 17 4 10 17 23 12 5 2 2 2 1 1 3 1 1 1 0 0 0 0 0 0 0 0 0 0 1 0 1 0 1 2 6 15 35 24 31 27 45 27 26 20 6 5 13 6 3 1 1 1
1 7 2 4 6 20 25 22 17 19 17 25 6 16 4 14 6 3 4 2 3 2 3 2 7 7 24 23 33 18 28 55 82 61 72 89 88 73 71 62 28 66 72 64 75 57 50 25 19 18 13 9 9 3 3 5 5 2 1 1 1 1 1 0 0 0 0 0 0 0 0 0 1 2 2 1 1 1 3 6 32 51 44 17 16 61 23 23 17 17 7 5 4 2 1 1
1 3 1 4 6 16 11 24 29 21 9 3 7 1 5 8 3 40 3 10 38 24 12 5 4 2 4 9 11 20 21 22 27 73 60 82 87 81 81 71 67 35 75 76 76 51 53 31 18 16 6 5 2 2 1 1 1 1 1 1 0 0 0 0 0 0 0 0 0 0 0 0 1 2 2 1 1 2 3 6 25 50 38 13 45 42 26 43 37 15 13 8 5 3 4 3
1 1 5 9 19 5 10 21 20 17 8 4 3 1 3 2 1 0 15 15 18 38 31 10 5 3 9 11 11 22 18 27 32 27 20 55 87 61 79 49 60 56 53 64 62 50 24 12 28 21 12 8 9 6 3 1 1 1 1 0 0 0 0 0 0 0 0 0 0 0 0 1 1 3 8 4 2 4 10 18 38 55 27 25 43 14 6 10 14 5 4 7 4 4 2 1
0 1 3 1 3 4 6 8 7 6 6 3 2 1 1 2 1 2 2 9 7 3 44 28 6 2 9 19 18 25 23 16 29 36 21 25 58 71 67 63 62 51 56 40 44 52 41 18 7 17 12 11 7 8 5 2 1 0 0 0 0 0 0 0 0 0 0 0 0 0 0 0 1 3 7 11 5 4 7 35 43 71 27 31 56 18 15 10 6 3 3 4 4 2 0 0
0 0 0 2 1 2 3 3 7 7 4 2 1 1 1 1 2 4 7 16 5 4 4 28 29 5 15 41 35 34 41 31 37 48 39 29 25 60 44 46 24 30 20 29 26 22 6 22 10 9 10 5 4 4 4 3 2 1 1 1 0 0 0 0 0 0 0 0 0 1 1 1 2 2 3 15 24 9 26 28 64 60 52 69 23 22 21 15 17 13 6 5 4 2 1 0
0 0 0 0 1 1 1 2 2 5 1 1 2 1 1 1 3 9 11 6 3 2 5 44 21 16 18 15 7 16 24 26 38 38 39 43 23 19 22 16 28 16 7 8 12 17 12 14 6 4 6 5 3 2 2 2 1 1 0 0 0 0 0 0 0 0 0 0 1 1 1 1 3 2 4 6 44 10 15 50 68 49 57 61 48 36 22 41 30 5 5 3 2 0 0 0
0 0 0 0 0 0 0 1 2 2 2 1 1 1 2 3 3 6 13 12 6 4 3 8 11 9 12 33 9 37 46 31 27 38 35 47 43 23 14 8 7 13 16 14 18 17 9 4 5 6 4 3 2 2 2 1 1 0 0 0 0 0 0 0 0 0 0 1 1 1 2 1 1 4 18 16 45 26 32 59 70 66 46 52 31 18 16 31 19 10 3 2 1 0 0 0
0 0 0 0 0 0 0 2 1 0 0 1 8 13 26 13 5 2 2 5 9 10 5 20 36 28 23 26 24 28 43 42 44 45 40 51 47 61 40 15 16 9 9 7 7 5 6 3 2 3 2 3 3 2 1 1 0 0 0 0 0 0 0 0 0 0 1 1 1 1 2 2 1 5 15 14 39 62 42 62 66 66 63 54 31 40 22 22 17 8 4 3 1 1 0 0
0 0 0 0 0 0 0 1 0 0 0 1 0 1 4 33 7 2 2 3 9 6 9 13 5 16 34 58 56 52 42 51 53 59 57 49 51 56 63 54 23 15 13 14 13 7 3 4 6 3 5 5 2 1 1 1 1 1 0 0 0 0 0 0 0 0 1 2 3 4 3 3 2 7 32 15 9 52 84 60 65 67 57 45 31 17 5 11 14 7 3 1 1 1 1 1
0 0 0 0 0 0 0 0 0 2 6 4 1 2 4 2 2 1 4 6 5 19 11 11 26 21 8 20 28 61 66 63 70 76 63 47 62 71 71 56 27 24 18 23 20 20 8 15 6 3 1 1 1 1 0 0 0 0 0 0 0 0 0 0 0 1 1 3 5 7 6 9 6 11 30 42 13 46 66 57 53 36 23 12 13 19 7 8 7 4 2 2 1 1 1 1
0 0 0 0 0 0 0 0 0 1 0 0 1 7 4 3 3 5 2 8 18 9 10 20 14 32 17 5 6 49 37 71 85 67 67 66 51 57 66 62 47 50 34 18 25 26 11 10 6 3 2 2 1 1 1 0 0 0 1 0 0 0 0 0 1 1 1 4 5 12 10 19 7 10 29 50 48 35 67 39 26 16 23 14 11 4 3 5 9 6 2 2 2 2 1 0
0 0 0 0 0 0 0 0 0 1 0 0 1 2 1 1 5 13 4 11 6 10 13 16 13 29 26 15 13 10 15 12 54 57 53 49 38 55 47 29 24 15 13 9 13 24 9 7 5 4 3 2 1 0 0 1 1 1 0 0 0 0 0 0 1 1 3 4 5 9 28 17 22 9 15 47 47 73 43 27 33 20 18 16 17 7 8 8 6 2 2 3 4 2 1 0
0 0 0 0 0 0 1 0 0 0 1 8 2 1 0 4 4 9 11 4 3 6 4 9 16 15 24 23 39 41 21 34 37 26 13 25 32 38 23 26 12 12 5 8 8 8 6 8 3 2 2 1 2 1 0 0 1 1 0 0 0 0 0 0 0 1 1 1 2 3 12 36 48 13 9 36 29 65 29 39 22 19 11 18 17 12 11 3 6 4 5 6 2 1 1 0
0 0 0 0 0 0 0 0 0 0 2 6 2 1 3 5 15 8 10 4 4 6 7 13 20 26 49 46 23 18 14 17 37 42 30 24 40 43 36 28 28 21 32 23 10 8 8 8 6 3 1 1 1 1 1 1 1 0 0 0 0 0 0 0 1 1 2 5 4 2 6 11 29 38 21 25 62 49 41 30 15 25 22 13 6 12 12 8 11 12 4 4 1 1 0 1
0 0 1 0 0 0 0 0 0 0 1 0 1 2 3 7 15 4 11 4 7 7 9 14 57 68 59 28 48 58 51 29 49 46 40 36 45 57 43 37 45 30 20 17 14 10 16 17 6 4 4 2 3 3 2 0 0 0 0 0 0 0 0 0 1 2 5 8 9 5 4 5 19 42 54 31 70 50 49 50 40 22 27 29 21 16 22 14 9 12 10 3 2 1 0 0
0 0 0 0 0 0 0 0 0 1 2 2 3 2 7 7 22 11 3 10 7 18 16 28 46 70 71 47 26 36 39 35 23 27 36 28 30 38 34 56 60 32 34 28 34 25 19 18 9 6 6 6 3 2 2 1 1 0 0 0 0 0 0 1 2 4 11 11 6 7 7 12 16 18 16 67 70 50 40 38 26 30 45 34 32 35 28 30 18 12 4 2 2 1 1 0
0 0 0 0 0 0 0 0 2 9 18 3 1 3 8 4 5 4 3 6 12 15 22 58 40 25 51 51 40 55 61 47 25 16 20 20 34 43 51 48 34 34 60 50 51 37 18 8 6 4 1 3 3 1 1 1 0 0 0 0 0 0 0 1 3 6 11 12 11 18 17 16 41 49 40 48 67 56 32 37 37 48 41 23 30 28 27 15 17 5 3 2 2 1 1 1
0 0 0 0 0 0 2 6 17 11 31 22 4 3 12 9 6 1 2 3 4 5 9 36 10 18 37 62 64 69 84 44 60 40 23 14 27 70 52 54 58 13 16 6 8 16 8 11 5 5 3 3 3 2 1 0 0 0 0 0 0 0 0 1 4 13 11 12 8 35 58 18 51 71 75 58 46 47 41 26 35 30 33 45 33 28 16 12 11 7 6 6 4 2 1 0
0 0 0 0 0 0 0 1 1 5 2 1 5 5 8 7 8 4 4 4 5 5 16 25 5 4 6 36 42 30 46 79 52 64 60 54 51 49 41 43 52 47 32 37 30 15 15 19 9 7 5 2 2 1 1 1 1 1 0 0 0 1 2 3 6 11 13 13 11 10 37 65 38 63 74 70 57 38 52 41 53 53 33 22 28 25 14 10 11 17 10 6 2 1 1 0
0 0 0 0 0 0 0 1 3 3 2 5 5 5 9 8 14 5 2 10 13 9 15 39 10 2 12 6 18 30 12 23 59 49 63 62 38 13 13 13 29 30 26 33 40 38 19 8 12 9 4 5 4 1 1 2 1 1 0 0 0 1 4 6 13 22 13 11 34 29 21 22 64 73 59 72 53 53 72 68 25 22 21 26 23 16 20 14 15 6 4 2 1 1 0 0
0 0 0 0 0 0 0 0 1 1 3 4 2 5 4 4 8 1 2 4 3 23 21 41 23 9 12 17 26 20 21 9 7 16 19 17 16 16 15 10 7 12 10 13 29 28 12 21 15 11 9 6 4 3 3 2 1 1 1 0 1 2 4 11 20 23 14 24 28 54 40 38 28 30 51 55 71 64 43 46 39 50 42 46 33 24 30 22 8 4 3 2 1 0 0 0
0 0 0 0 0 0 0 0 1 1 1 2 3 5 4 11 9 2 3 2 7 24 34 34 13 2 12 28 21 34 36 14 40 47 49 41 38 32 32 15 11 12 38 44 41 22 23 17 17 16 12 7 5 4 3 2 1 1 0 0 0 2 8 15 17 30 20 31 34 29 76 56 46 35 21 62 48 68 56 54 55 67 61 49 35 44 24 16 6 4 2 2 1 0 1 1
0 0 0 0 0 0 0 0 1 1 2 3 16 20 18 35 18 4 2 2 16 24 34 26 12 27 6 27 28 40 23 46 43 29 34 36 29 29 14 23 45 53 28 28 19 26 19 15 20 14 15 9 6 4 3 3 1 1 0 0 0 1 4 17 44 38 22 38 33 28 30 51 65 21 15 29 71 80 76 66 62 58 57 57 46 27 25 14 17 6 2 1 0 1 1 3
0 0 0 0 0 0 0 0 0 2 5 3 17 26 30 6 3 2 1 8 15 18 31 38 40 15 21 22 20 19 27 67 31 31 37 40 39 24 34 36 61 51 46 41 39 37 32 23 30 19 18 11 7 5 4 1 1 1 1 0 0 1 4 12 34 31 45 53 42 63 60 64 64 32 34 50 67 63 67 58 56 51 47 48 34 27 22 21 22 12 3 2 1 2 2 6
0 0 0 0 0 0 0 0 0 5 4 7 8 57 9 4 7 5 3 10 12 15 21 10 10 8 39 10 24 20 44 30 43 53 41 40 41 42 51 44 35 50 51 56 49 50 36 40 30 12 10 8 6 7 5 2 1 1 1 0 1 1 5 11 25 28 27 47 68 56 74 64 68 36 59 58 65 66 49 47 50 49 35 27 24 22 21 17 11 10 7 4 2 4 7 7
0 0 0 0 0 0 0 0 1 3 4 5 2 12 3 1 5 6 13 8 11 24 22 10 7 22 13 20 32 55 58 52 47 48 38 41 54 54 57 52 56 67 65 46 40 53 49 42 23 17 12 9 6 4 4 4 3 1 0 0 1 2 5 13 19 28 25 32 59 80 73 68 60 83 68 48 38 42 52 51 47 47 45 37 23 27 14 22 11 7 7 5 2 5 7 6
0 0 0 0 0 0 0 0 3 1 4 3 1 0 0 1 5 6 4 9 13 10 9 25 24 9 11 37 60 21 19 20 42 39 47 55 56 54 53 52 56 65 50 50 60 51 51 47 21 18 14 9 7 4 3 4 2 1 1 0 0 1 9 18 29 27 28 29 33 38 53 57 60 70 19 44 44 43 37 39 37 35 31 45 34 32 23 18 9 8 8 3 4 8 8 13
0 0 0 0 0 0 0 0 2 2 4 3 3 5 4 2 1 2 2 11 19 10 46 45 11 16 23 37 21 23 25 29 37 31 46 53 56 55 46 73 59 48 47 57 28 42 56 48 40 30 9 8 5 7 6 3 2 2 1 0 0 1 3 14 24 30 65 46 51 51 47 31 46 64 48 56 57 41 41 40 45 38 43 39 34 11 11 7 10 15 8 2 6 15 18 20
0 0 0 0 0 0 0 1 2 6 5 1 1 4 5 5 2 1 2 13 11 39 27 11 14 37 21 20 20 26 30 29 22 33 40 59 42 41 63 55 47 66 71 37 55 51 46 46 31 15 10 13 13 9 7 6 5 3 1 1 0 1 6 11 18 44 65 81 51 61 51 33 36 71 77 41 49 55 57 38 36 39 48 37 21 8 19 15 11 6 3 1 8 20 22 21
0 0 1 0 0 0 2 2 5 9 1 1 2 1 0 1 3 1 5 14 11 12 4 11 30 8 7 16 21 25 43 32 24 37 46 49 48 63 68 66 47 41 45 55 48 50 35 34 25 21 17 22 17 7 7 5 5 3 2 1 1 2 5 13 26 38 60 74 69 68 53 55 60 73 48 43 40 41 48 52 38 67 48 23 26 28 21 12 5 2 1 4 14 22 23 27
0 0 0 0 1 0 0 2 5 1 0 1 2 2 2 3 6 4 13 5 4 3 2 13 10 12 17 27 35 30 26 19 24 30 53 38 73 69 69 42 29 29 38 53 59 51 44 42 38 30 27 22 12 6 5 4 3 3 3 2 1 3 7 18 35 45 42 46 68 80 72 35 44 72 43 48 69 65 62 68 61 44 38 33 35 32 12 10 5 3 3 12 17 22 18 29
0 0 0 0 0 0 0 1 1 1 0 1 1 3 4 5 3 6 8 19 14 11 1 10 14 25 26 38 21 13 23 24 34 36 69 36 21 16 16 33 36 54 66 68 66 56 45 43 27 36 19 15 18 8 9 4 3 3 3 2 2 7 14 18 44 46 42 27 48 70 71 49 59 69 45 29 50 73 72 70 66 35 41 41 32 28 10 8 12 4 13 17 9 30 31 32
0 0 0 0 0 0 0 0 2 3 0 1 2 1 2 1 2 14 7 5 7 10 9 8 24 17 21 24 16 19 40 33 24 72 24 17 44 48 49 47 63 69 61 67 68 67 55 45 30 29 23 21 19 15 12 9 7 4 4 2 4 9 25 55 54 51 41 49 56 60 72 46 46 61 72 53 54 55 69 70 56 57 39 40 34 23 12 4 5 12 14 9 17 23 49 36
0 0 0 0 0 0 0 1 1 1 4 2 1 1 1 2 3 3 7 11 6 11 5 9 20 22 17 20 23 25 26 31 40 29 9 30 36 44 55 83 62 59 69 70 69 65 49 40 31 24 26 22 21 11 13 7 9 8 4 5 7 21 20 45 52 47 45 56 60 53 78 71 52 69 68 54 60 61 58 55 60 46 34 30 29 15 7 2 5 18 10 18 26 30 53 34
0 0 0 0 0 0 0 0 0 2 1 0 1 1 1 1 6 2 2 13 30 10 3 5 30 19 29 22 19 17 45 76 46 7 17 45 34 64 71 65 62 72 71 53 57 55 51 47 30 31 27 25 23 20 16 13 13 11 7 6 8 12 19 27 52 70 56 74 75 63 55 56 57 62 73 73 56 52 43 43 45 39 31 32 23 11 4 3 14 18 20 37 45 35 44 34
0 0 0 0 0 0 1 2 1 1 1 1 1 1 1 11 4 4 5 14 11 4 9 15 3 21 22 12 45 31 58 39 10 16 50 21 46 39 52 76 77 60 48 78 69 46 51 51 44 38 31 29 25 22 20 18 15 9 9 11 13 26 18 23 26 53 74 77 73 73 80 79 56 67 54 50 34 41 54 56 40 42 28 31 23 5 4 14 13 23 37 46 42 26 42 41
0 0 0 0 0 0 0 0 0 0 1 1 0 0 0 7 2 1 1 2 3 5 15 6 3 10 8 11 48 45 39 8 12 25 41 69 39 49 67 70 69 58 66 36 49 43 54 63 47 42 38 32 29 26 23 20 11 6 15 22 17 32 29 33 35 51 58 82 64 61 43 69 52 36 36 49 59 47 41 41 37 22 34 22 8 5 10 15 24 22 28 39 54 44 47 44
0 0 0 0 0 0 0 0 0 0 1 0 0 1 2 12 2 2 2 2 13 4 8 2 9 16 10 32 55 26 14 10 15 21 60 63 60 50 55 57 58 64 50 39 45 74 59 54 48 61 44 37 35 28 26 21 12 8 23 29 48 53 42 44 37 51 66 67 77 59 49 43 50 57 49 65 50 51 43 43 29 30 15 9 6 11 21 29 26 42 41 31 33 43 37 33
0 0 0 0 0 0 0 0 0 0 0 2 0 1 6 3 2 1 6 8 6 8 3 8 28 7 11 39 30 21 18 17 36 44 66 49 54 53 47 33 35 56 67 59 66 57 60 59 67 50 47 55 22 30 27 15 9 22 35 37 63 62 47 61 47 35 44 76 76 35 71 49 46 57 59 57 52 53 50 36 27 28 11 14 10 20 27 34 30 34 44 31 33 44 49 39
0 0 0 0 0 0 0 0 0 0 0 1 0 5 0 1 3 3 5 10 3 3 4 7 11 8 12 30 14 10 21 16 45 51 51 53 35 44 40 44 53 58 60 75 58 58 57 73 55 53 64 47 42 35 21 17 10 22 52 52 56 69 55 65 65 48 49 56 81 34 40 72 71 54 53 53 62 50 56 52 31 24 8 8 13 26 36 43 49 49 45 46 35 40 58 48
0 0 0 0 0 0 1 0 0 0 1 0 3 1 1 2 2 1 1 4 2 5 8 8 8 14 18 3 7 14 29 32 48 56 15 12 43 34 45 39 42 55 62 71 71 57 75 51 70 70 49 47 45 41 23 21 13 24 52 62 57 69 49 53 69 44 65 42 68 40 41 69 44 61 59 56 52 51 67 42 35 9 7 13 26 30 39 47 36 26 35 57 29 31 50 67
0 0 0 0 0 0 0 0 0 1 0 1 2 1 1 1 1 1 0 1 1 4 8 6 7 13 5 4 10 9 23 8 30 20 10 26 19 22 30 52 57 60 65 69 61 45 64 71 67 58 58 49 46 43 40 24 25 28 58 74 72 69 61 49 67 64 34 40 79 38 60 55 53 55 51 44 53 31 29 29 12 7 12 26 28 38 48 47 28 33 46 28 18 22 35 65
0 0 0 0 0 0 0 0 0 1 0 1 1 1 1 3 3 0 1 0 0 4 4 2 5 7 5 25 22 19 42 32 35 20 11 10 24 23 27 27 32 59 45 53 65 36 30 31 49 51 61 54 47 45 29 18 33 44 59 65 84 74 52 53 58 63 57 24 62 13 19 33 44 54 56 59 59 56 43 39 16 9 17 30 32 56 62 52 40 36 44 45 37 22 32 52
0 0 1 0 0 0 0 0 0 0 1 1 4 1 2 2 5 1 2 1 6 7 3 6 11 7 7 1 2 9 29 7 12 6 11 20 11 17 17 20 52 47 36 55 32 39 41 53 54 66 55 57 52 34 29 20 34 48 61 66 73 54 55 64 65 42 38 42 55 25 29 27 25 19 37 47 44 46 29 24 10 18 29 32 38 61 55 26 39 51 34 49 25 29 36 56
0 0 0 0 0 0 0 0 0 0 0 2 4 4 2 5 5 1 2 6 7 3 3 8 8 5 1 3 3 12 11 6 4 17 22 17 25 20 24 40 31 44 58 35 40 41 58 54 65 53 53 53 54 35 16 33 39 72 64 66 65 68 54 72 67 47 35 55 39 25 42 53 53 57 59 54 44 21 16 8 14 32 32 35 41 66 65 24 26 49 35 53 30 31 37 70
0 0 0 0 0 1 0 1 0 0 2 1 3 3 0 1 0 0 2 7 6 3 7 2 8 12 2 3 4 19 6 4 7 18 37 17 18 24 37 15 49 43 32 46 41 56 59 69 69 59 68 52 38 37 24 40 45 65 76 58 64 70 52 42 61 62 34 39 44 55 58 42 44 45 36 44 35 21 8 25 22 34 40 55 48 64 68 37 36 38 21 57 33 35 37 53
1 3 1 7 7 3 2 2 2 1 3 1 1 1 3 1 1 1 4 5 4 3 5 1 3 2 2 4 5 13 5 8 43 21 12 11 16 21 22 43 62 49 58 34 47 67 70 57 56 73 62 45 41 40 26 54 68 59 64 72 60 69 72 42 73 71 33 36 45 52 38 40 56 44 46 28 33 29 18 37 39 36 43 56 44 49 56 49 53 36 35 61 32 36 31 47
2 5 7 1 5 17 4 1 0 1 0 0 1 1 1 1 0 6 8 3 2 4 2 2 6 11 2 2 4 9 11 40 10 5 13 18 8 6 28 36 41 27 65 51 58 70 41 53 68 62 49 45 40 39 40 56 66 67 63 72 57 61 66 60 54 60 38 16 31 62 43 51 51 55 44 43 45 41 30 38 41 52 48 55 43 36 50 48 45 42 40 59 35 27 38 44
0 1 2 0 0 2 4 4 0 0 0 0 1 2 1 1 2 2 1 2 1 2 7 1 8 12 3 2 10 18 26 41 12 15 19 3 4 7 14 31 28 40 59 61 58 57 57 56 58 57 47 45 39 41 48 48 62 74 66 56 75 48 60 60 42 25 13 10 8 28 42 59 56 47 41 39 32 14 26 35 38 54 49 54 39 54 66 67 51 44 36 44 51 15 39 48
1 0 0 1 1 0 0 0 0 0 1 0 0 1 2 1 1 4 0 1 0 1 1 2 10 4 1 2 3 8 4 6 14 12 10 13 7 3 40 15 25 19 52 38 63 48 51 39 59 59 41 41 37 37 46 63 63 75 72 68 60 63 50 49 12 12 26 42 31 38 40 46 46 33 30 26 13 24 39 37 40 55 57 39 49 49 60 63 49 45 34 44 50 20 25 55
0 0 2 0 0 0 0 0 0 0 0 0 0 1 0 1 1 0 1 1 1 7 9 5 10 3 1 1 2 3 3 18 14 10 16 12 18 5 28 22 4 23 53 49 56 50 52 62 56 52 48 40 39 61 60 52 66 60 67 42 60 52 28 27 22 19 30 49 37 27 54 55 64 59 48 16 22 25 39 50 58 43 54 40 52 64 62 58 45 45 36 33 51 43 19 36
0 1 0 1 1 0 0 1 0 0 1 0 0 0 0 1 1 5 1 2 10 2 6 6 14 7 2 2 2 7 12 8 9 26 10 16 17 9 58 28 9 35 15 51 46 39 57 35 51 46 40 42 36 60 69 56 59 53 62 65 38 38 36 23 23 14 20 23 28 24 48 54 61 70 35 19 25 38 34 58 58 50 50 54 36 60 65 61 51 52 21 40 41 35 28 21
0 0 0 0 0 0 0 1 0 0 0 0 1 0 1 2 1 3 0 1 2 11 4 10 4 1 0 0 1 6 11 4 6 12 17 29 11 15 42 37 20 38 14 52 37 31 39 31 47 44 51 36 34 51 57 83 40 45 43 33 41 21 20 20 11 15 27 23 31 30 52 54 34 51 25 20 41 42 38 42 57 50 49 46 51 61 59 72 57 40 27 42 47 23 27 18
0 0 0 0 0 1 0 0 0 0 0 0 0 0 1 1 1 1 1 0 0 1 1 1 1 1 1 0 3 2 8 10 15 11 15 18 9 8 14 51 25 33 29 40 13 42 31 44 50 32 46 36 40 34 58 62 60 46 32 15 25 14 9 21 12 14 26 22 40 36 42 46 37 25 25 40 41 39 40 34 41 54 61 54 47 61 68 63 66 34 23 59 36 40 27 13
0 0 0 0 0 0 0 0 0 0 0 0 0 0 1 1 1 1 2 1 1 1 2 2 3 6 3 1 1 1 3 8 11 12 14 12 12 9 4 31 56 48 29 17 15 22 23 40 33 14 39 31 33 31 43 67 52 46 22 9 13 3 3 5 7 9 18 36 43 49 56 37 23 19 44 39 44 58 53 42 33 46 48 55 59 77 45 73 47 31 25 59 37 51 18 15
0 0 0 0 1 0 0 0 0 0 0 0 0 0 1 0 0 1 0 0 0 1 1 5 11 1 1 1 1 0 1 2 3 12 7 3 13 8 8 19 62 49 18 11 15 22 45 18 31 13 22 34 29 49 46 41 38 28 32 8 12 6 7 3 11 24 26 30 39 31 39 37 12 23 34 36 53 46 41 27 36 19 48 56 57 44 65 57 58 41 26 48 33 44 35 12
0 0 0 0 0 0 0 0 0 0 0 0 0 1 1 1 1 0 1 0 2 2 3 2 2 2 5 2 1 1 3 4 2 4 4 5 15 2 1 19 26 41 22 16 10 59 29 16 14 24 37 36 24 40 58 33 57 15 21 18 10 9 10 5 11 11 15 22 42 46 24 17 21 34 31 35 30 33 28 9 25 29 43 43 49 57 62 52 20 41 16 40 57 22 10 18
0 0 0 0 0 0 0 0 0 0 0 0 1 1 1 1 0 0 1 0 0 0 0 2 3 13 2 1 2 1 5 4 5 6 5 6 7 3 6 9 25 23 30 21 18 68 24 26 17 21 31 24 32 55 65 33 46 16 11 11 8 2 2 16 16 19 25 26 50 22 17 20 34 30 28 33 41 44 33 24 29 40 50 58 55 49 48 65 16 34 22 23 54 10 9 13
0 0 0 0 0 0 0 1 0 0 1 1 0 0 0 1 0 0 0 1 0 1 2 4 7 1 1 3 1 1 2 7 6 11 9 13 10 7 6 11 23 33 28 24 19 24 25 37 24 11 13 29 45 44 48 35 27 14 8 10 6 2 5 8 17 26 30 31 28 30 32 31 27 33 44 18 23 44 32 23 35 34 32 58 42 37 22 36 28 27 46 19 35 13 13 15
0 0 0 0 0 0 0 0 0 1 1 1 0 0 0 0 0 0 0 0 0 1 8 4 2 4 6 12 5 5 1 8 8 20 8 18 6 15 13 10 13 9 23 32 7 24 28 38 25 20 26 39 34 29 30 14 17 15 7 5 1 4 5 6 8 19 17 38 51 31 32 27 25 43 31 13 18 43 41 26 27 31 27 28 45 38 10 16 26 49 23 23 14 10 17 26
