sesion_6_simulaciones/modelos_agentes/ejemplos_netlogo/scenarios/cgcm2_b2/rob_2030.asc
NCOLS 322 
NROWS 307 
XLLCORNER 451900 
YLLCORNER 4086900 
CELLSIZE 100 
NODATA_value -9999 
[rows 222 to 295 of 307, columns 96 to 191 of 322]
0 0 0 0 0 0 0 0 0 0 0 0 0 0 0 0 0 0 0 0 0 0 0 0 0 0 0 1 0 0 0 0 0 1 0 0 0 0 0 0 0 0 0 0 0 1 1 4 6 8 11 14 19 28 31 39 50 63 79 77 80 85 63 79 57 70 55 50 56 48 36 36 25 29 43 45 53 29 32 25 60 47 42 34 33 18 37 49 57 32 22 18 8 4 5 2
0 0 0 0 0 0 0 0 0 0 0 0 0 0 0 0 0 0 0 0 0 0 0 0 0 0 0 0 1 0 0 1 1 0 0 0 0 0 0 0 0 0 0 0 0 1 1 2 4 6 9 7 13 22 35 61 67 49 35 46 49 51 48 55 82 39 40 40 62 54 43 58 26 30 50 44 46 26 45 56 47 79 54 44 35 32 20 19 40 65 43 32 25 9 5 3
0 0 0 0 0 0 0 0 0 0 0 0 0 0 0 0 0 0 0 0 0 0 0 0 0 0 0 0 1 1 0 1 0 0 0 0 0 0 0 0 0 0 0 0 0 0 1 1 3 4 6 9 23 16 32 53 32 31 35 37 16 45 45 40 40 62 25 60 60 51 65 56 19 26 32 44 36 36 51 61 45 32 60 58 36 35 35 17 12 35 65 41 31 14 10 6
0 0 0 0 0 0 0 0 0 0 0 0 0 0 0 0 0 0 0 0 0 0 0 0 0 0 0 0 1 2 1 0 0 0 0 0 0 0 0 0 0 0 0 0 0 0 1 1 2 3 5 8 17 20 13 13 18 22 24 22 49 66 41 49 58 87 77 56 62 59 71 60 39 31 45 57 47 47 59 64 51 30 14 28 60 59 33 28 19 13 37 35 24 16 7 4
0 0 0 0 0 0 0 0 0 0 0 0 0 0 0 0 0 0 0 0 0 0 0 0 0 1 1 0 1 1 0 0 0 0 0 0 0 0 0 0 0 0 0 0 0 0 1 1 2 2 6 12 12 13 17 20 33 29 25 33 19 31 56 50 55 88 67 71 35 72 57 61 44 32 53 66 59 41 57 80 46 43 57 39 35 18 19 30 23 23 10 12 14 8 3 3
0 0 0 0 0 0 0 0 0 0 0 0 0 0 0 0 0 0 0 0 0 0 0 0 0 0 1 2 1 1 0 0 0 0 0 0 0 0 0 0 0 0 0 0 0 1 1 1 2 2 4 4 4 8 11 18 39 40 36 21 26 41 41 53 75 58 54 66 80 63 55 62 61 18 23 46 49 63 74 37 73 61 78 53 70 36 45 30 16 9 8 12 8 5 2 1
0 0 0 0 0 0 0 0 0 0 0 0 0 0 0 0 0 0 0 0 0 0 1 1 0 0 1 3 2 0 0 0 0 0 0 0 0 0 0 0 0 0 0 0 0 0 0 1 2 2 5 5 8 10 10 22 33 55 34 32 24 47 62 76 59 50 55 54 39 55 69 43 32 16 25 41 62 57 81 60 32 25 41 60 40 43 32 25 14 12 7 4 3 4 3 3
0 0 0 0 0 0 0 0 0 0 0 0 0 0 0 0 0 0 0 0 0 0 0 1 0 1 1 7 2 1 1 1 0 0 0 0 0 0 0 0 0 0 0 0 0 0 0 1 2 2 3 4 5 6 15 24 16 17 16 31 22 21 30 43 29 18 33 47 35 51 26 47 41 26 44 28 29 65 40 49 41 29 27 32 18 20 24 26 11 10 4 2 3 1 1 1
0 0 0 0 0 0 0 0 0 0 0 0 0 0 0 0 0 0 0 0 1 1 0 0 2 0 1 3 5 5 1 1 0 0 0 0 0 0 0 0 0 0 0 0 0 0 0 0 1 1 1 2 4 6 11 7 9 10 14 15 19 20 24 32 37 50 56 65 53 55 65 65 46 21 38 54 29 57 50 55 56 49 36 54 30 12 14 8 6 6 3 1 1 1 1 1
0 0 0 0 0 0 0 0 0 0 0 0 0 0 0 0 0 0 0 0 1 1 1 1 1 1 1 1 6 4 2 1 0 0 0 0 0 0 0 0 0 0 0 0 0 0 0 1 1 1 2 2 3 4 3 4 3 4 5 6 7 7 9 30 43 44 28 50 52 50 50 48 43 26 29 51 51 44 47 69 56 53 51 47 32 21 10 7 5 5 4 2 1 1 1 0
0 0 0 0 0 0 0 0 0 0 0 0 0 0 0 0 0 0 0 1 1 1 0 1 4 2 1 1 4 4 2 1 0 0 0 0 0 0 0 0 0 0 1 1 1 1 0 1 2 3 6 5 3 2 2 4 4 5 11 15 11 19 19 15 14 17 26 30 33 48 64 71 70 28 43 37 68 53 59 43 41 51 50 38 32 44 26 10 6 3 1 1 1 1 1 0
0 0 0 0 0 0 0 0 0 0 0 0 0 0 0 0 0 0 0 0 1 1 0 1 1 3 2 4 7 5 3 1 0 0 0 0 0 0 0 0 0 0 1 1 1 2 1 1 2 4 7 11 9 4 5 8 17 18 22 39 34 35 30 24 33 52 37 34 29 44 65 66 68 64 47 63 76 43 62 40 61 61 46 57 35 24 23 19 18 4 1 1 1 0 0 0
0 0 0 0 0 0 0 0 0 0 0 0 0 0 0 0 0 0 0 0 1 1 1 0 1 1 7 5 3 2 1 1 0 0 0 0 0 0 0 0 0 0 1 1 1 1 2 4 2 3 5 7 8 13 12 17 21 28 49 43 32 36 46 37 27 23 38 48 28 38 23 24 26 23 59 23 40 75 50 38 17 32 66 59 33 29 36 13 11 4 4 1 0 1 0 0
0 0 0 0 0 0 0 0 0 0 0 0 0 0 0 0 0 0 0 1 1 1 1 0 1 2 3 9 2 1 1 0 0 0 0 0 0 0 0 0 0 1 1 1 1 2 2 3 5 5 7 9 13 28 15 18 27 32 37 49 48 63 60 58 45 29 42 44 60 44 49 42 47 41 80 38 24 28 31 30 19 8 59 64 44 40 39 34 12 8 5 3 2 2 1 0
0 0 0 0 0 0 0 0 0 0 0 0 0 0 0 0 0 0 0 0 1 1 3 1 1 2 3 9 3 1 0 0 0 0 0 0 0 0 0 0 0 1 1 1 2 3 7 5 7 16 11 20 19 23 23 23 26 32 59 53 59 57 52 67 67 45 35 41 46 38 73 50 41 49 52 59 48 60 56 43 39 25 14 46 39 38 43 26 9 5 2 2 2 0 0 0
1 1 0 0 0 0 0 0 0 0 0 0 0 0 0 0 0 0 0 0 1 2 1 3 0 2 3 6 3 1 1 1 0 0 0 0 0 0 1 0 0 1 1 2 4 4 11 10 7 6 22 40 54 30 28 14 26 30 57 49 73 62 55 50 50 47 29 45 35 71 36 40 44 50 42 28 35 39 40 35 28 24 22 18 32 17 8 15 10 4 3 1 0 0 0 0
1 0 0 0 0 0 0 0 0 0 0 0 0 0 0 0 0 0 0 0 1 1 2 4 2 2 4 9 5 3 1 1 0 0 0 0 0 0 0 1 1 1 1 4 5 9 14 15 17 13 17 31 40 41 33 17 29 39 29 53 72 68 27 74 32 51 49 41 36 59 40 27 33 61 62 46 52 56 56 52 61 30 25 18 13 7 11 7 4 4 1 1 1 0 0 0
0 0 0 0 0 0 0 0 0 0 0 0 0 1 1 0 0 0 1 1 1 1 3 8 4 4 8 8 4 4 2 1 0 0 0 0 0 0 0 0 1 1 2 3 6 11 16 18 23 27 24 35 54 54 43 18 30 43 53 48 58 63 26 54 57 53 63 35 48 45 29 46 58 53 40 33 32 41 45 23 40 45 43 19 18 9 5 5 2 1 1 1 1 1 0 0
0 0 0 0 0 0 0 0 0 0 0 0 0 1 1 1 0 0 0 3 2 1 3 8 8 2 2 22 11 3 2 1 0 0 0 0 1 1 0 1 1 2 2 5 8 8 19 26 28 40 28 44 57 42 50 18 32 40 46 59 52 53 54 55 63 63 56 55 48 33 44 53 57 52 43 35 32 46 40 33 32 27 51 41 20 20 11 4 1 1 1 0 1 0 0 0
0 0 0 0 0 0 0 0 0 0 1 0 0 1 2 1 0 0 1 2 3 2 3 8 13 4 5 25 7 5 4 1 1 0 0 0 1 0 1 1 2 4 3 6 7 9 31 32 36 42 47 40 36 50 77 39 22 45 62 49 38 34 33 59 61 58 56 67 53 32 39 44 59 55 59 52 53 72 58 50 39 33 31 24 23 22 10 6 3 2 1 1 1 0 0 0
0 0 0 0 0 0 0 0 0 0 1 1 0 1 2 2 1 0 2 2 2 4 4 10 21 26 19 25 12 6 3 1 0 0 0 1 1 1 1 2 2 4 7 6 5 9 25 37 44 44 49 58 54 56 81 59 50 17 38 72 55 51 37 38 33 65 67 67 40 36 33 64 58 43 44 42 50 75 58 42 52 23 17 12 14 10 12 7 2 1 1 1 0 0 0 0
0 0 0 0 0 0 0 0 0 0 1 2 1 2 2 4 1 1 2 3 3 6 7 14 29 47 20 24 7 4 3 1 0 0 0 0 0 2 1 2 4 3 8 7 9 22 26 30 49 53 55 57 68 81 83 78 37 21 49 62 70 51 43 46 48 43 33 37 37 37 64 57 33 58 33 38 29 52 44 42 32 34 47 20 9 6 3 2 2 1 1 1 0 0 0 0
0 0 0 0 0 0 0 0 1 1 1 1 3 1 3 5 1 2 1 7 9 8 7 17 31 24 10 6 3 3 1 1 0 0 0 0 1 2 3 2 3 7 3 19 12 19 31 28 37 64 64 45 70 75 76 80 65 32 26 28 44 63 57 49 44 30 13 9 23 35 72 50 45 52 89 77 60 55 49 50 54 48 28 31 17 13 6 4 3 1 1 0 0 0 0 0
0 0 0 0 0 0 0 1 1 1 2 2 4 2 4 7 3 5 2 5 16 16 28 16 39 19 7 5 2 1 1 0 0 0 0 0 0 1 2 3 6 4 5 8 31 16 22 36 52 72 68 59 56 52 63 82 77 38 31 34 47 41 47 41 30 39 26 18 49 56 31 53 68 73 65 81 60 72 56 64 62 39 23 8 10 6 6 4 2 1 1 0 0 0 0 0
0 0 0 0 0 0 0 1 1 1 2 3 7 4 6 10 4 7 11 5 9 20 13 50 27 23 5 3 2 1 0 0 0 0 0 1 1 0 1 1 2 4 8 27 18 20 37 44 45 57 73 76 51 50 41 47 75 63 45 24 33 25 22 15 15 7 21 46 39 50 35 22 31 60 29 61 82 79 69 63 62 35 17 12 8 3 2 1 2 1 0 0 0 0 0 0
0 0 0 0 1 0 1 1 1 1 2 4 5 10 5 14 5 7 18 15 16 32 17 39 39 11 3 2 0 0 0 1 1 0 1 1 1 1 1 2 3 4 8 18 42 26 24 35 43 64 65 68 66 63 47 42 46 66 51 28 32 27 32 30 34 17 15 38 39 46 45 45 47 35 32 29 54 60 67 42 23 18 13 9 4 2 2 1 1 0 0 0 0 0 0 0
0 0 0 1 1 1 1 1 1 2 3 4 6 9 11 28 9 9 21 25 24 40 70 34 15 13 6 2 1 1 1 1 1 0 0 1 1 1 2 2 3 5 9 17 24 49 33 35 48 59 68 60 69 68 57 40 29 54 48 38 21 25 27 31 37 28 19 48 38 36 45 45 75 57 50 36 26 14 37 39 28 10 7 4 4 2 1 0 0 0 0 0 0 0 0 0
0 0 0 1 1 1 1 1 1 2 7 5 7 9 32 31 14 16 18 30 32 51 66 17 23 13 4 3 3 3 4 4 1 1 0 1 1 2 3 2 4 10 18 25 23 40 33 62 53 67 63 83 61 43 44 38 55 21 19 70 30 20 49 42 28 22 37 62 37 31 34 59 81 63 48 39 34 30 21 24 21 13 6 5 4 2 1 0 0 0 0 0 0 0 0 0
0 0 0 1 1 1 1 2 2 3 9 8 16 16 22 34 42 28 37 26 45 45 77 56 24 9 8 8 5 8 8 5 2 1 1 0 1 3 2 4 8 11 25 39 50 40 60 27 15 29 65 35 55 50 59 41 18 12 15 24 37 12 33 26 13 23 58 30 34 31 21 26 17 34 43 34 34 33 21 14 12 6 7 5 4 3 2 2 1 0 0 0 0 0 1 0
0 0 0 1 1 2 1 3 5 5 5 9 8 27 33 16 16 53 41 42 38 62 68 37 23 17 16 13 16 24 7 2 1 1 1 0 1 1 7 6 10 15 20 47 33 60 51 49 37 54 58 16 64 72 64 31 42 33 30 14 53 10 22 21 13 16 27 55 44 21 40 65 54 59 53 43 33 33 28 25 15 13 9 7 5 5 4 1 1 0 0 0 0 0 1 0
0 1 1 1 2 3 1 2 3 7 10 15 8 10 21 47 20 16 63 64 39 61 72 43 41 17 36 49 23 8 4 3 2 1 1 0 1 1 2 6 9 26 33 26 21 39 44 62 66 65 51 45 62 76 75 74 56 25 22 21 44 16 19 20 11 17 38 23 16 16 37 45 46 49 56 56 36 31 18 18 8 5 5 14 9 7 2 1 0 0 1 1 1 1 1 0
0 1 1 2 3 2 3 3 4 3 6 21 7 7 18 37 48 41 12 32 46 67 51 40 31 52 27 10 10 5 5 5 3 1 1 1 1 2 4 5 4 13 18 15 25 36 45 44 65 64 64 58 76 75 66 60 33 49 15 21 23 35 9 16 21 20 9 34 43 43 33 49 61 55 49 53 30 22 14 19 25 14 22 12 9 3 3 1 0 1 1 1 1 1 1 1
1 1 1 2 3 5 5 10 8 6 5 11 32 10 28 28 39 57 42 19 33 68 29 49 71 26 20 18 12 12 7 3 1 2 2 1 2 3 5 5 8 17 15 13 28 43 24 24 51 52 32 27 42 41 50 25 41 29 49 11 20 28 18 12 48 58 29 57 63 39 61 58 67 69 67 63 44 27 28 25 28 21 23 10 8 5 2 1 1 1 1 1 2 3 1 0
1 1 2 1 2 9 14 10 9 10 18 13 21 44 25 31 43 21 66 38 38 35 77 59 41 40 34 29 24 15 6 2 1 2 4 1 2 3 9 11 12 21 29 29 31 25 35 45 34 34 34 31 31 35 33 39 33 31 31 39 8 5 18 41 44 23 38 45 62 48 64 52 54 68 69 51 38 42 31 31 32 26 15 12 7 3 1 1 1 1 2 2 3 2 1 1
1 3 2 2 2 7 9 19 23 12 21 25 29 37 53 32 51 31 25 56 30 35 70 67 58 40 33 31 23 9 7 5 3 1 3 1 1 3 5 14 22 27 19 32 31 40 36 38 45 50 42 31 33 36 42 40 25 22 22 31 17 11 20 12 14 41 42 47 29 40 56 51 58 47 52 71 40 32 16 13 14 13 20 12 6 2 1 1 2 2 3 2 7 2 1 1
1 2 4 2 4 4 10 11 15 23 36 33 32 39 62 63 31 26 34 32 63 68 73 59 60 58 47 38 26 15 9 6 4 2 4 1 1 3 6 14 22 39 36 41 43 46 46 61 42 44 46 37 25 34 31 47 42 19 7 8 13 14 16 14 18 8 5 5 12 51 34 41 54 51 50 36 25 11 8 21 31 25 8 12 11 6 2 2 2 3 3 2 9 3 2 1
2 4 5 7 8 6 7 17 21 25 45 47 51 42 58 63 48 47 39 42 39 69 69 64 43 50 43 36 19 23 14 8 5 5 6 1 4 7 9 11 7 33 45 51 45 56 61 49 45 61 65 60 25 33 43 38 21 24 11 5 6 10 21 13 14 17 29 33 28 29 29 31 33 29 43 18 18 19 13 42 34 12 17 13 10 11 4 6 5 3 2 2 6 3 2 2
2 4 13 8 10 11 10 20 28 32 33 52 50 47 70 50 57 66 53 43 43 61 55 50 43 47 43 38 28 15 13 10 13 8 2 0 3 11 15 21 19 35 54 44 49 56 46 37 52 74 67 61 58 39 44 33 26 25 13 14 14 10 18 14 28 37 57 53 35 42 37 43 33 21 18 25 39 44 25 40 33 29 19 14 9 8 11 8 3 4 3 1 4 6 1 1
3 3 11 18 13 15 13 26 34 37 36 40 56 65 67 65 55 71 54 38 47 81 57 71 48 50 51 46 34 20 22 19 12 6 3 2 2 7 25 40 37 44 41 61 49 54 48 39 49 41 37 35 48 50 25 19 20 19 14 20 19 11 12 22 34 45 45 39 46 25 38 25 15 20 22 53 42 49 54 14 28 23 28 25 13 10 20 10 4 6 2 3 5 4 1 2
4 4 8 25 26 17 22 33 33 39 46 38 52 66 67 58 55 44 56 39 48 66 65 74 57 48 42 37 37 23 31 16 10 6 6 3 4 10 20 31 58 64 61 48 62 38 39 53 42 33 32 37 39 35 67 35 15 18 18 19 13 14 18 14 18 20 39 47 27 17 18 27 28 43 37 59 54 54 34 40 31 16 32 22 14 17 17 8 9 4 2 3 11 4 2 4
7 19 18 21 32 21 18 35 40 39 52 41 22 32 71 76 70 53 48 66 46 80 80 49 57 60 31 34 28 34 25 22 14 5 5 4 5 17 22 29 30 51 52 66 58 59 37 56 62 34 47 53 50 48 47 24 25 13 20 9 8 13 19 23 26 25 48 15 22 8 26 42 60 33 45 62 38 40 51 39 9 16 32 30 31 21 13 6 10 7 3 5 9 8 5 5
10 13 32 34 34 23 24 40 40 39 42 52 44 46 54 72 67 34 44 69 45 79 65 65 61 38 19 39 29 35 38 25 20 11 6 5 7 19 22 37 57 48 37 63 40 51 52 41 57 54 67 61 57 48 40 23 24 10 12 16 7 10 29 27 11 38 19 17 44 38 57 45 41 55 46 28 43 63 29 13 11 33 48 32 28 27 11 8 6 6 9 6 5 16 8 7
19 25 30 41 40 32 40 40 45 44 28 47 47 58 57 63 65 67 74 77 73 74 61 62 51 55 45 43 49 28 40 40 21 14 15 5 7 20 41 41 52 50 54 55 55 47 57 28 47 48 58 53 49 35 40 29 39 22 16 10 9 17 5 19 15 26 22 38 37 32 30 46 66 72 49 39 66 48 42 29 29 31 11 16 29 28 12 10 7 13 12 7 6 33 12 15
22 27 27 33 11 26 52 34 50 53 42 42 56 61 52 64 52 75 71 79 71 64 73 54 49 56 68 64 34 45 34 36 33 16 12 6 7 24 30 43 46 40 63 61 61 46 32 68 43 73 46 52 36 53 37 52 27 28 21 7 6 19 32 34 8 18 27 46 50 28 25 56 78 69 42 66 56 35 39 74 59 21 26 36 22 15 15 7 10 13 14 9 15 41 28 22
24 19 11 7 6 12 53 37 24 31 41 32 35 56 74 72 43 43 73 64 72 68 73 71 31 55 70 45 39 42 30 46 40 31 11 2 5 18 26 49 43 44 53 66 71 65 38 28 12 15 55 60 29 44 39 54 39 25 13 7 10 21 18 35 25 23 28 24 46 33 40 68 74 44 52 68 57 13 53 48 32 45 57 40 24 19 14 5 17 17 18 12 26 65 35 17
27 30 23 24 24 19 31 54 19 24 22 46 38 48 70 63 74 44 57 75 70 79 79 77 58 36 56 58 51 33 54 38 37 24 12 5 4 10 27 55 24 46 66 69 66 49 47 45 41 39 33 40 61 33 16 17 15 10 13 4 8 12 6 13 21 15 24 12 20 26 60 50 56 66 46 41 26 26 44 35 38 56 49 28 17 7 5 5 13 18 19 16 34 46 37 12
44 30 36 35 24 30 27 29 37 36 32 64 44 48 44 52 71 75 70 83 83 73 76 59 29 43 53 48 42 48 54 43 23 20 24 9 8 5 19 34 12 27 37 38 43 39 40 32 68 61 46 41 34 25 25 16 10 32 3 2 1 8 12 10 29 31 15 9 42 49 24 38 23 42 38 32 14 57 46 62 41 35 22 19 19 9 7 14 15 22 22 29 35 52 15 11
28 29 36 33 39 27 22 40 60 61 28 27 56 56 30 32 28 49 77 78 50 44 47 49 57 20 51 55 35 65 44 39 35 24 25 10 17 5 13 33 44 21 32 41 26 35 17 10 22 35 23 61 56 42 20 3 2 2 4 3 3 8 6 17 22 33 13 42 40 25 32 31 37 37 17 28 53 61 68 38 36 34 34 35 19 10 8 18 24 28 26 22 47 54 41 14
28 48 38 40 42 42 31 46 62 50 50 35 25 46 58 35 56 46 35 69 47 59 64 62 50 40 54 36 36 63 49 47 29 13 22 12 15 10 5 18 29 55 50 35 30 41 40 21 30 41 51 53 33 35 31 19 11 8 5 2 2 4 11 12 15 13 28 47 52 49 32 31 21 14 46 49 43 56 53 35 27 32 35 23 17 16 10 24 30 20 32 29 16 32 51 22
38 37 37 32 41 59 34 47 50 58 51 44 56 40 25 57 57 44 47 69 72 31 28 42 39 61 55 68 40 41 54 39 25 41 20 11 15 19 8 21 38 56 64 28 33 56 39 17 33 41 24 40 26 34 31 15 14 12 7 7 5 4 1 11 14 19 33 15 15 14 25 15 41 53 32 36 33 32 31 26 17 25 28 28 23 14 13 19 37 23 38 27 31 29 41 28
35 35 55 41 51 59 25 40 55 61 57 49 54 55 67 51 71 82 61 67 65 36 46 49 55 75 67 75 46 46 46 44 48 20 15 9 10 34 13 13 28 45 35 42 48 53 14 9 62 80 33 40 37 18 14 13 24 10 5 2 4 3 4 8 9 8 8 16 30 37 40 43 23 30 24 15 19 37 28 24 35 49 26 24 27 13 25 25 42 25 30 9 4 14 36 59
37 42 56 56 48 45 26 40 58 64 62 49 40 39 59 73 52 46 67 65 45 29 46 39 66 62 78 59 55 68 62 51 28 24 10 3 4 37 15 14 17 31 31 32 42 42 3 20 34 40 55 43 32 10 7 5 4 4 5 2 1 6 2 2 3 2 6 19 45 62 61 57 32 20 16 22 59 48 32 33 47 35 32 40 10 17 28 34 23 17 8 7 19 24 26 44
43 26 31 57 48 57 46 21 54 57 64 52 54 39 53 44 68 44 40 49 32 51 48 49 46 69 58 70 70 78 57 57 39 32 22 2 18 35 12 15 25 14 26 32 33 29 8 22 20 25 35 27 38 33 27 10 6 6 7 5 2 10 1 1 2 6 20 50 26 33 43 22 15 19 34 45 50 35 27 59 48 39 44 17 16 33 54 22 7 6 12 26 21 56 44 48
40 13 36 53 62 56 56 37 25 47 59 40 50 48 59 63 53 50 53 52 21 55 84 57 53 56 39 49 54 58 58 55 34 19 20 9 21 16 23 18 30 28 26 34 43 35 24 18 15 20 21 37 21 27 20 9 6 6 7 12 4 5 4 2 5 23 12 24 27 18 39 38 26 45 42 48 51 47 45 60 45 29 18 12 35 44 13 6 8 16 19 39 48 50 56 45
37 19 21 16 46 56 65 43 10 28 50 38 49 40 72 65 52 23 38 49 31 63 65 51 50 25 55 62 61 55 57 41 40 33 18 16 18 14 19 14 6 25 23 39 35 41 48 60 46 42 31 52 35 16 9 4 9 4 6 11 9 2 1 4 21 22 8 17 13 16 25 51 54 68 35 31 57 58 43 36 24 33 9 27 32 13 4 16 18 29 34 38 45 59 62 49
49 34 42 13 46 63 61 40 14 9 11 41 54 37 41 57 37 50 51 61 52 29 52 61 43 37 61 65 57 49 39 32 42 33 30 30 31 9 25 18 8 11 19 27 36 26 22 19 20 17 15 30 12 8 12 30 22 9 6 2 2 1 4 13 8 11 8 9 23 10 23 51 55 52 42 44 63 59 52 41 26 14 26 27 16 5 12 32 30 30 39 35 47 48 52 52
60 30 45 15 21 53 41 22 16 15 17 21 32 64 53 51 46 41 40 58 45 55 69 48 47 61 40 55 59 51 35 43 31 20 36 33 22 20 17 27 19 12 17 19 26 24 39 26 22 34 43 31 14 12 3 17 16 11 6 8 8 8 2 7 11 5 5 11 12 18 29 44 51 53 42 39 37 38 59 23 14 15 24 8 10 28 31 32 34 35 36 32 25 22 36 55
49 30 44 23 16 53 43 48 36 35 23 26 38 51 60 66 71 61 45 43 39 40 49 58 68 59 68 70 57 38 40 41 24 20 55 35 21 23 18 8 9 14 15 29 27 29 39 26 37 28 35 18 33 15 5 9 41 17 5 6 8 1 2 2 3 10 4 9 17 18 21 39 52 50 46 21 34 54 43 41 37 17 7 13 17 22 21 44 46 34 43 35 33 22 30 13
39 32 47 36 27 33 24 51 28 28 32 26 39 36 31 48 49 51 50 51 61 33 42 75 66 68 57 46 51 45 43 41 40 25 45 35 32 21 34 12 27 29 11 16 31 43 46 35 40 44 26 15 31 10 10 18 23 10 9 6 5 1 2 2 12 10 24 26 9 9 31 31 22 34 34 25 47 63 72 39 21 11 5 15 10 44 36 33 40 44 63 59 32 28 32 14
54 34 47 35 23 21 14 38 48 35 36 37 33 35 31 49 40 43 26 31 50 28 54 66 69 49 56 58 50 43 39 41 34 43 47 35 46 61 23 16 19 19 23 17 42 26 36 39 30 30 41 33 17 14 21 20 36 8 9 6 5 2 2 2 4 6 33 28 11 15 22 21 40 46 22 64 60 46 39 37 15 5 11 26 24 30 45 28 42 55 51 57 27 24 30 15
56 36 63 40 19 22 35 24 59 32 50 48 30 21 30 26 26 38 35 32 13 54 47 42 46 41 59 49 36 42 42 22 35 47 29 58 31 61 38 19 35 17 35 23 35 46 39 38 25 38 37 22 16 26 20 22 15 12 6 11 6 4 2 1 3 12 22 18 18 28 18 14 30 32 65 54 30 31 32 36 20 13 15 31 53 36 40 52 53 44 47 35 30 22 27 13
52 36 66 41 18 16 63 40 40 34 36 48 28 36 32 30 32 42 39 27 12 24 12 15 30 31 65 64 57 39 26 22 36 57 44 25 43 40 35 20 32 10 30 12 23 39 50 41 29 42 28 39 18 17 32 27 24 9 11 15 3 1 1 2 2 3 7 22 34 21 19 31 50 65 50 25 24 59 38 25 20 15 32 22 49 52 33 46 46 43 37 25 48 27 20 10
62 34 55 25 17 25 38 40 32 62 56 39 40 30 31 31 44 39 39 37 10 19 22 46 54 55 51 49 47 34 20 23 54 41 44 38 60 32 25 22 33 10 28 21 25 33 58 41 29 41 42 38 18 9 25 25 16 6 7 6 8 2 2 3 3 3 5 18 13 16 20 38 36 29 31 25 27 45 29 9 10 21 44 44 46 46 19 35 60 55 33 22 45 13 20 15
64 38 55 26 18 26 26 63 37 59 72 62 34 23 21 36 59 45 14 27 7 23 23 39 25 30 27 45 24 19 35 25 71 52 52 49 50 25 18 43 22 17 19 50 52 37 40 38 50 42 34 32 30 21 22 14 21 13 8 3 3 1 3 4 3 4 4 6 22 17 20 16 26 23 40 33 41 44 37 12 10 37 46 48 47 45 18 30 47 48 21 22 21 25 28 24
76 64 23 41 21 21 43 62 45 38 60 55 63 18 42 64 44 44 26 22 17 13 21 16 19 23 52 29 38 34 34 45 13 29 15 34 28 19 12 42 19 15 4 21 71 43 32 47 48 37 35 30 25 15 35 35 30 18 7 4 3 2 4 1 2 5 4 8 23 9 22 25 32 25 38 48 27 43 33 20 18 45 35 30 39 28 36 35 26 33 46 24 20 39 29 22
62 30 26 37 22 20 60 57 61 32 22 43 69 15 28 26 24 39 23 29 7 6 22 35 39 33 26 42 42 24 55 25 38 24 42 36 24 28 17 32 14 28 13 15 48 59 40 41 50 49 39 37 24 27 17 14 20 8 8 7 2 1 3 1 3 5 5 9 16 19 40 48 49 38 44 59 10 53 30 28 28 26 35 20 27 21 38 51 34 23 38 26 22 26 33 27
59 34 16 42 33 30 46 13 38 57 17 28 59 40 14 27 27 27 14 17 15 30 54 28 30 27 37 55 34 36 31 44 54 69 48 34 55 24 32 38 17 17 19 22 35 42 32 67 44 39 30 38 40 28 8 13 19 15 8 6 6 2 2 1 2 3 4 6 8 17 26 30 44 56 38 17 30 51 42 20 16 24 46 18 31 37 42 29 42 29 17 34 36 28 18 24
62 17 30 42 27 28 37 9 11 13 32 57 30 47 20 26 15 15 9 20 16 15 15 29 23 24 25 36 42 47 28 37 53 36 23 52 25 18 44 24 32 36 28 28 33 40 33 35 50 24 20 16 32 37 15 11 12 8 6 7 4 2 2 1 1 3 6 8 12 24 20 35 37 20 31 26 39 28 16 10 13 38 37 40 26 31 36 29 25 32 34 22 17 33 11 12
67 18 28 48 25 47 43 22 9 12 29 50 65 59 23 18 24 24 26 6 8 10 25 37 16 13 33 61 33 28 22 51 21 34 59 15 20 27 38 20 37 34 26 47 48 56 46 28 34 33 19 18 34 36 26 18 9 4 2 1 2 5 2 1 1 3 6 11 11 26 29 50 37 24 7 28 46 14 18 16 21 31 40 35 22 30 27 26 12 37 24 43 21 11 6 5
50 23 29 55 19 43 56 37 18 17 12 34 27 44 50 14 20 16 13 20 18 13 12 12 5 16 47 50 50 15 55 14 18 51 38 20 32 37 49 33 10 46 41 46 62 53 43 18 29 53 42 16 9 16 24 26 6 7 3 2 1 3 4 2 2 17 33 15 7 11 37 46 33 18 10 37 35 24 19 17 20 30 32 36 33 21 11 29 19 35 27 11 29 9 10 16
46 23 25 49 18 41 47 16 14 19 26 26 17 21 29 25 8 13 17 5 7 5 8 5 9 18 74 32 36 17 51 34 13 58 31 18 34 60 43 29 18 42 47 55 30 51 37 33 20 20 25 35 14 8 12 22 9 6 2 2 1 2 3 3 12 16 19 31 32 38 44 47 33 8 15 37 24 12 13 18 22 19 38 15 21 18 12 14 22 14 26 10 9 24 18 12
70 32 54 31 13 54 26 14 21 16 38 16 35 20 13 17 7 4 6 5 17 31 9 4 7 15 41 26 12 45 28 23 45 41 36 16 29 61 62 33 20 34 35 58 56 48 25 31 30 13 12 13 21 14 7 3 8 3 4 2 3 4 3 21 41 48 61 57 56 72 50 48 28 5 41 53 14 12 15 22 19 22 35 18 33 32 7 13 19 14 13 6 9 7 8 15
70 53 9 13 11 38 15 17 30 32 27 28 28 27 8 12 6 2 9 9 13 12 3 9 6 26 25 13 36 11 24 50 43 23 25 35 46 70 58 27 25 42 36 45 41 28 41 44 27 26 20 10 18 16 10 4 3 3 3 2 4 3 9 12 11 9 43 56 63 72 72 48 8 28 42 56 22 3 11 40 19 41 19 28 19 41 6 19 23 13 16 6 25 6 13 4
64 16 11 18 18 23 5 16 23 33 15 36 45 21 12 6 8 1 5 2 11 10 2 6 6 38 6 33 38 10 52 50 21 16 41 35 18 71 55 14 23 32 29 38 46 36 30 32 19 13 20 8 6 15 8 3 2 1 3 3 6 7 15 19 23 18 42 68 75 62 57 8 18 33 51 60 42 10 24 27 22 22 22 28 28 34 5 9 21 16 23 11 10 6 5 8
