sesion_6_simulaciones/modelos_agentes/ejemplos_netlogo/scenarios/cgcm2_b2/rob_2045.asc
NCOLS 322 
NROWS 307 
XLLCORNER 451900 
YLLCORNER 4086900 
CELLSIZE 100 
NODATA_value -9999 
[rows 222 to 295 of 307, columns 192 to 287 of 322]
1 1 1 0 2 1 1 0 0 0 0 0 0 0 0 0 0 0 0 0 0 1 3 2 1 1 1 1 3 3 2 2 9 9 11 9 15 31 33 37 42 36 40 60 40 50 53 34 44 57 50 45 19 18 24 24 23 50 66 63 44 36 45 27 58 76 64 56 70 76 34 14 4 1 0 0 0 0 0 0 0 0 0 0 0 0 0 0 0 0 1 1 1 2 2 1
6 5 3 2 1 0 0 0 0 0 0 0 0 0 0 0 0 0 0 0 0 2 3 5 2 3 3 3 5 6 4 5 11 13 14 9 17 15 24 29 36 32 41 60 48 34 50 35 45 40 37 25 27 21 14 17 23 37 33 33 26 38 44 28 31 58 47 37 55 65 31 10 3 1 0 0 0 0 0 0 0 0 0 0 0 0 0 0 0 0 1 1 2 2 2 3
7 4 4 2 1 1 1 0 0 0 0 0 0 0 0 0 0 0 0 0 1 2 4 11 8 6 5 9 8 16 17 10 13 14 16 11 19 10 22 25 21 30 37 57 66 32 46 44 24 20 28 28 39 13 7 22 24 44 22 41 40 43 46 40 13 15 4 2 6 37 44 9 2 0 0 0 0 0 0 0 0 0 0 0 0 0 0 0 0 0 1 1 1 2 2 7
3 2 2 1 1 0 0 0 0 0 0 0 0 0 0 0 0 0 0 0 1 1 3 8 13 13 10 12 11 21 50 33 18 20 10 13 17 15 33 21 18 20 33 38 56 51 21 32 12 13 12 9 23 21 5 17 22 19 31 50 55 48 55 43 15 18 10 12 3 4 16 5 1 1 0 1 0 0 0 0 0 0 0 0 0 0 0 0 1 0 1 2 2 2 3 5
3 2 1 1 0 0 0 0 0 0 0 0 0 0 0 0 0 1 1 1 1 1 4 7 14 37 20 19 20 16 31 45 20 28 22 26 31 31 20 24 15 19 21 22 27 35 26 47 36 12 39 33 18 13 7 14 48 43 45 50 64 52 46 27 18 18 22 27 9 5 4 1 1 1 1 1 0 0 0 0 0 0 0 0 0 0 0 0 0 0 0 1 2 2 3 4
2 3 2 1 1 1 0 0 0 0 0 0 0 0 0 0 0 0 1 3 3 5 6 8 16 40 54 28 44 24 33 47 32 21 39 42 34 29 30 26 7 14 12 22 32 36 46 58 67 28 28 28 23 10 15 18 34 29 46 55 55 37 33 23 44 33 36 28 12 7 2 1 2 2 2 1 1 1 0 0 0 0 0 0 0 0 0 0 0 0 0 1 1 1 3 5
3 2 1 1 0 0 0 0 0 0 0 0 0 0 0 0 0 1 2 4 7 13 25 17 23 35 66 28 49 29 33 51 17 19 38 41 46 43 32 31 19 20 17 15 33 39 38 56 52 52 41 30 25 15 39 54 47 49 59 69 50 29 30 44 71 57 31 17 11 5 4 3 4 3 4 2 1 1 0 0 0 1 0 0 0 0 0 0 0 0 1 1 1 1 2 5
3 1 1 0 0 0 0 0 0 0 0 0 0 0 0 0 0 0 1 2 3 10 27 46 41 38 58 58 65 36 56 29 17 18 28 48 49 49 29 29 30 33 21 20 25 40 42 42 37 36 50 47 26 28 34 32 51 33 43 17 30 54 54 77 67 43 27 16 16 16 11 8 7 8 3 1 1 1 0 0 0 1 1 1 0 0 1 1 0 0 1 1 3 2 4 6
1 1 1 0 0 0 0 0 0 0 0 0 0 0 0 0 1 0 1 2 5 10 24 28 51 53 66 71 63 36 49 24 20 43 31 44 51 37 34 42 40 44 21 23 43 43 53 45 53 28 32 29 24 9 17 12 75 45 23 37 49 48 54 44 27 21 21 21 12 14 20 20 11 3 1 1 0 0 0 0 0 0 1 0 0 0 1 3 1 0 1 1 2 2 3 5
0 0 0 0 0 0 0 0 0 0 0 0 0 0 0 1 1 1 2 4 5 11 25 39 42 48 60 58 61 59 67 34 26 38 48 38 48 42 37 37 41 27 34 21 23 28 45 52 49 38 21 24 17 18 31 29 9 76 79 53 32 17 33 29 36 28 17 12 6 21 44 22 6 2 1 0 0 0 0 0 0 0 1 0 1 1 1 1 2 1 1 1 2 3 2 5
0 0 0 0 0 0 0 0 0 0 0 0 0 0 1 1 1 1 3 4 5 18 36 49 38 46 59 55 76 81 53 42 42 56 35 52 50 48 45 42 41 36 51 18 34 32 42 40 29 13 35 22 30 29 38 55 39 30 40 46 24 43 26 27 22 25 21 7 13 23 22 8 5 3 1 0 0 0 0 0 0 0 0 2 2 0 0 1 5 1 1 2 2 3 2 4
0 0 0 0 0 0 0 0 0 0 0 0 0 0 0 1 1 2 4 11 8 10 46 40 60 50 58 65 25 79 56 52 43 59 47 38 44 54 47 45 44 36 62 21 21 60 42 38 36 26 44 25 27 46 54 21 48 47 28 13 25 14 22 25 23 22 13 37 26 8 14 5 3 2 1 0 0 0 0 0 0 1 0 1 1 1 1 1 2 2 2 1 1 6 4 3
1 0 0 0 0 0 0 0 0 0 0 0 0 0 0 0 1 2 4 12 23 33 61 47 64 65 70 64 71 64 82 49 42 52 44 22 29 50 54 59 44 21 42 49 12 29 34 58 34 36 47 34 26 37 27 26 14 15 21 37 30 32 28 41 16 17 24 12 7 10 8 4 2 1 0 0 0 0 0 0 0 0 1 1 2 3 1 1 3 3 10 4 1 2 8 6
0 0 0 0 0 0 0 0 0 0 0 0 0 0 0 0 1 2 5 10 26 21 40 11 31 54 52 25 26 50 76 41 50 79 44 44 50 58 36 14 26 12 42 49 14 38 54 35 14 29 44 39 27 32 24 12 39 42 49 34 17 25 52 60 38 29 45 37 27 15 7 3 1 0 0 0 1 0 1 0 0 1 1 1 2 2 4 1 3 2 1 6 2 2 3 6
0 0 0 0 0 0 0 0 0 0 0 0 0 0 0 0 1 1 3 7 13 9 12 34 32 38 27 34 45 49 66 64 67 69 61 56 52 47 46 25 34 32 35 52 13 24 42 38 21 19 24 39 31 27 10 28 44 19 25 31 34 56 63 63 63 55 30 17 21 11 20 5 1 0 0 0 0 1 1 0 1 1 1 1 1 2 2 6 4 4 3 8 4 1 3 3
0 0 0 0 0 0 0 0 0 0 0 0 0 0 0 0 0 1 1 2 4 22 28 22 33 46 44 34 41 53 52 52 65 67 46 51 48 49 53 21 50 40 32 52 11 16 38 32 44 42 19 18 43 31 20 29 30 24 51 37 63 47 46 68 76 43 30 9 24 7 3 3 0 0 0 0 0 1 1 1 2 1 1 1 1 1 2 7 16 18 3 3 5 3 4 9
0 0 0 0 0 0 0 0 0 0 0 0 0 0 0 0 0 0 1 2 4 8 16 16 14 28 45 33 46 35 47 53 55 73 57 65 46 60 40 44 25 37 21 40 12 10 22 22 28 42 46 24 23 7 23 12 10 36 40 33 42 32 56 58 59 62 27 7 3 3 2 0 0 1 1 1 0 1 2 2 4 1 1 1 2 2 1 1 1 4 13 11 8 5 5 9
0 0 0 0 0 0 0 0 0 0 0 0 0 0 0 0 1 0 1 2 6 10 10 16 26 39 32 27 37 37 22 28 49 42 39 62 32 56 41 37 37 36 70 45 18 20 34 52 26 18 22 20 6 30 9 15 30 60 52 73 71 52 34 37 30 18 17 14 6 2 1 0 0 1 1 2 1 1 2 4 3 5 2 2 2 2 3 2 2 3 8 7 7 27 7 13
0 0 0 0 0 0 0 0 0 0 0 0 0 0 0 0 1 1 1 1 2 2 5 8 11 21 19 18 23 28 40 40 26 22 16 66 43 68 33 46 34 30 73 52 36 23 56 41 41 33 20 45 20 43 31 44 46 20 35 41 44 37 20 27 37 23 24 7 6 3 1 0 1 1 1 3 3 1 1 3 4 7 4 5 3 1 2 4 1 0 1 2 2 9 17 8
0 0 0 0 0 0 0 0 0 0 0 0 0 0 1 1 1 2 1 4 8 10 18 24 30 29 35 50 56 42 45 61 59 40 53 49 69 61 37 42 33 25 21 57 31 13 26 35 40 30 34 48 60 67 88 79 78 68 69 44 44 41 45 51 36 20 12 7 5 2 0 0 1 1 3 3 4 3 3 6 4 9 5 8 4 2 2 5 6 2 3 4 3 2 2 5
0 0 0 0 0 0 0 0 0 0 0 0 0 1 1 1 0 1 4 8 17 14 26 40 52 62 63 54 74 59 46 46 41 28 18 20 40 44 51 38 43 15 20 49 21 16 17 34 19 35 7 6 9 12 31 48 85 84 64 60 46 40 19 42 26 15 10 6 1 1 0 0 1 2 1 3 4 6 4 8 5 3 13 12 6 3 3 7 6 3 4 7 6 12 15 23
0 0 0 0 0 0 0 0 0 0 0 0 1 1 1 2 0 0 1 3 9 23 11 34 31 49 61 48 10 26 45 34 23 22 30 41 44 27 53 22 36 20 8 36 25 29 10 10 9 25 20 14 13 13 13 11 31 60 74 75 80 40 31 20 15 11 10 7 4 1 0 1 3 3 3 4 12 9 10 9 11 4 4 21 10 4 4 5 5 4 7 4 10 14 21 29
0 0 0 0 0 0 0 0 0 0 0 0 0 1 1 1 1 0 1 2 5 8 7 22 18 21 20 14 12 14 26 25 24 33 29 19 32 47 42 8 26 30 8 20 21 8 5 28 21 21 41 26 33 36 34 38 41 55 47 36 48 75 54 34 26 21 17 6 3 1 1 3 3 6 7 4 9 14 11 7 8 7 3 12 19 9 9 4 9 5 10 11 8 16 16 13
0 0 0 0 0 0 0 0 0 0 0 0 0 1 1 1 3 0 0 0 2 2 6 7 12 23 25 31 37 27 37 22 24 39 32 27 27 19 9 12 23 34 66 37 15 16 6 17 21 18 38 49 26 44 58 34 28 25 28 19 18 33 48 43 30 16 14 6 2 0 1 3 4 6 8 9 7 19 14 23 10 18 11 10 37 14 20 7 13 12 13 23 14 15 13 21
0 0 0 0 0 0 0 1 1 1 0 0 1 1 2 2 2 1 1 1 1 1 5 7 12 20 28 27 29 50 44 49 43 62 22 17 21 27 27 24 52 49 18 21 50 24 12 17 15 55 61 19 41 37 28 31 46 40 48 29 23 18 17 18 18 12 6 5 2 1 2 4 5 9 8 8 7 14 19 27 19 12 21 12 38 11 14 16 10 24 15 15 16 12 14 14
0 0 1 0 1 0 0 1 2 1 0 0 1 1 4 10 1 1 1 3 4 5 4 5 10 11 21 16 22 35 38 32 28 30 32 34 27 37 36 25 15 11 8 6 12 27 31 18 53 66 17 10 14 42 39 36 31 40 27 24 25 18 15 9 8 6 5 2 1 2 4 6 6 7 8 9 11 14 23 19 20 18 20 32 42 13 16 19 11 25 17 8 22 9 5 12
0 0 0 1 1 0 1 1 2 2 1 0 0 1 3 3 1 1 1 3 6 6 6 4 5 4 13 18 23 32 24 23 31 30 29 28 29 24 22 24 17 11 8 6 11 6 10 40 15 38 15 15 15 13 25 76 49 51 39 32 22 18 12 9 6 5 4 2 1 2 4 5 4 8 8 13 17 12 16 34 26 32 33 33 45 27 30 12 32 25 7 13 19 7 11 14
1 1 1 2 1 1 1 1 2 4 1 0 1 2 3 7 3 2 1 5 8 14 7 11 12 4 8 12 16 15 23 17 25 28 28 17 16 9 13 16 30 31 30 23 23 32 27 10 5 12 20 39 40 33 39 22 36 38 47 43 30 16 12 10 7 6 4 1 1 4 5 6 9 9 17 14 14 23 15 13 23 25 26 40 19 76 35 12 23 24 6 15 11 25 14 18
1 2 1 2 1 1 1 2 3 4 1 1 1 2 4 5 6 1 4 7 10 21 12 14 15 21 13 10 8 10 13 24 41 32 13 29 13 29 17 19 22 31 19 14 12 20 11 10 20 36 39 34 42 36 47 15 12 13 13 24 20 19 15 13 10 9 6 2 1 5 5 5 10 13 18 6 13 10 22 10 17 15 28 18 41 64 21 15 36 13 8 16 13 22 27 26
1 1 2 2 2 2 1 1 4 7 1 2 2 4 4 9 1 1 5 9 15 23 29 17 34 23 25 26 16 16 11 44 54 35 39 25 21 28 19 15 29 12 21 10 16 17 14 15 15 37 36 26 40 44 38 15 29 34 33 36 30 25 24 25 17 15 8 3 1 6 6 6 17 11 15 25 25 18 10 20 14 22 25 34 29 52 40 34 34 15 14 22 11 13 6 31
0 1 3 3 3 3 2 2 4 6 1 3 5 13 15 5 1 1 6 9 11 28 27 36 23 25 45 34 29 29 32 41 56 51 39 44 44 25 47 26 15 22 8 6 6 13 12 14 17 20 26 32 36 30 42 40 41 48 45 48 48 46 30 20 10 6 7 2 3 8 11 9 18 21 15 17 26 19 22 7 31 9 14 33 36 53 60 69 32 18 25 20 26 28 18 42
1 1 4 5 9 4 2 3 7 8 2 2 7 17 9 2 1 3 6 8 19 24 28 33 37 30 42 37 50 51 52 41 21 29 39 38 38 18 33 31 31 22 12 10 24 14 11 27 10 8 12 20 39 54 40 40 58 56 53 33 50 27 13 15 15 9 3 2 2 7 19 11 18 24 29 22 30 19 25 19 14 33 16 7 9 32 52 66 31 40 30 26 23 41 17 17
1 2 3 4 12 7 3 4 7 9 2 2 8 16 6 2 1 3 9 10 11 15 22 31 51 29 37 36 30 51 55 42 43 34 34 20 28 29 36 26 25 16 13 19 35 20 18 22 6 6 9 32 46 29 57 62 31 37 26 26 19 16 24 24 11 8 7 2 3 4 22 15 15 16 22 31 25 24 12 22 12 38 23 18 10 8 26 42 52 67 37 32 26 34 12 17
2 4 3 3 5 13 4 6 13 3 3 2 5 21 8 3 1 5 10 12 20 30 33 47 47 43 25 31 49 46 27 55 74 58 29 28 21 24 35 24 13 23 23 16 19 9 14 10 26 18 27 32 36 49 58 43 55 32 37 36 27 23 19 13 13 11 5 2 3 7 8 27 16 15 19 22 39 35 24 43 16 15 26 23 17 16 16 32 52 55 37 37 30 35 19 28
3 4 9 7 3 11 3 9 27 4 4 10 13 17 4 4 1 3 11 16 31 23 28 50 53 49 44 17 13 17 26 25 29 12 15 26 39 25 26 40 29 21 14 12 8 5 8 12 33 32 34 37 47 50 67 61 58 45 36 42 32 35 30 16 15 12 5 4 4 14 15 16 33 14 18 21 43 38 26 21 31 17 13 34 32 19 23 24 41 48 57 37 31 22 34 17
3 5 11 16 7 18 5 9 34 12 5 15 18 9 3 1 1 2 5 17 34 38 29 34 45 59 40 20 24 20 25 24 32 24 17 10 23 31 40 37 21 19 9 14 15 8 13 6 2 5 33 29 25 41 39 31 29 53 49 41 42 22 21 19 13 12 11 2 5 15 19 16 19 8 24 25 28 44 56 44 43 24 18 17 33 21 17 30 46 79 70 35 23 20 34 16
4 5 6 20 8 18 9 9 12 19 8 22 16 3 1 2 3 4 9 20 23 29 41 22 35 46 62 27 20 21 33 31 31 30 23 31 21 27 16 9 11 20 12 12 18 12 10 3 12 18 24 42 72 57 38 63 58 73 50 34 39 36 33 28 24 12 9 5 9 18 16 27 38 16 16 41 31 49 39 35 53 20 29 30 53 23 13 19 16 34 57 32 31 15 48 34
4 4 3 12 31 12 20 8 27 12 27 10 3 1 4 4 7 5 25 35 18 28 34 36 18 33 53 62 32 33 20 31 25 15 13 13 20 14 10 10 12 6 5 3 9 5 8 5 17 16 15 36 31 48 57 56 37 58 34 25 28 30 29 25 12 10 8 15 15 19 22 31 7 23 34 41 40 28 44 29 65 25 29 21 29 45 32 35 42 36 46 27 49 18 29 47
10 7 4 6 12 25 29 14 44 18 17 3 2 4 6 9 9 7 8 9 19 25 32 53 48 30 31 16 37 53 20 32 17 15 22 25 27 17 16 13 9 9 19 11 5 2 3 4 13 21 28 31 45 32 44 40 37 33 22 8 22 27 24 20 10 8 8 16 17 20 25 39 11 11 6 12 36 52 68 23 56 43 30 33 20 17 54 28 40 43 34 51 18 21 35 48
8 12 8 7 7 15 42 18 17 6 3 1 4 7 14 21 20 7 10 12 22 27 25 10 16 14 18 35 11 19 38 56 34 38 12 26 10 14 16 4 5 6 6 4 4 17 6 6 12 20 30 18 20 30 31 35 26 42 30 33 41 28 26 14 19 19 11 20 20 23 22 37 12 23 14 19 20 15 39 32 28 53 33 38 22 42 46 13 38 54 55 44 17 22 20 25
9 14 11 15 23 30 32 17 16 4 5 4 7 16 17 21 27 16 19 21 25 29 22 17 16 22 19 13 16 30 16 23 27 55 26 44 11 9 10 11 9 7 8 10 4 4 8 7 13 26 39 19 21 27 41 20 41 60 65 55 45 29 29 27 23 19 21 33 22 23 25 31 17 29 26 21 34 30 36 54 20 55 32 53 19 18 42 10 19 27 53 34 13 25 25 51
12 19 16 20 28 38 31 6 4 2 8 7 14 17 20 28 18 38 32 21 27 28 25 31 33 27 27 16 20 42 16 12 7 8 10 28 36 27 20 38 25 20 12 10 10 5 3 9 26 22 30 11 14 29 30 36 51 72 36 41 49 29 31 25 22 22 28 40 24 25 27 29 28 29 40 23 35 34 33 32 49 76 44 51 36 12 47 26 11 15 34 43 23 27 22 8
14 26 28 27 57 35 6 5 7 8 17 15 12 25 21 36 13 24 55 15 32 24 15 21 32 36 15 23 28 31 53 17 13 7 8 5 7 5 10 31 37 16 20 14 13 8 5 7 20 17 15 13 20 26 45 47 45 44 43 29 46 36 25 9 29 15 17 50 27 28 40 30 44 29 40 34 32 38 32 26 29 17 60 58 48 17 23 21 10 10 19 47 21 34 38 29
16 23 52 44 53 9 8 8 10 18 22 21 30 42 14 28 15 24 30 50 19 39 14 12 18 35 35 32 28 20 12 25 12 14 10 7 8 8 7 10 15 8 6 11 5 2 4 12 12 12 14 12 13 23 40 56 26 50 68 55 26 22 14 7 40 26 26 45 36 27 45 32 60 41 40 45 29 31 44 29 23 16 44 39 47 21 10 47 12 14 24 42 43 40 24 30
11 27 56 66 35 5 10 18 20 22 36 46 23 30 17 18 37 16 30 27 21 28 20 18 21 29 25 43 29 33 35 23 31 19 15 12 8 7 7 10 11 6 5 5 6 5 8 22 10 13 12 10 18 32 51 46 72 49 39 52 30 17 6 16 22 47 29 32 40 27 36 31 52 46 28 44 43 28 30 45 37 12 22 53 59 24 7 28 20 15 26 18 60 43 21 64
13 35 61 36 6 7 23 22 15 42 31 60 17 35 20 16 23 59 17 32 46 29 40 16 17 32 39 29 28 45 27 25 47 11 16 12 10 13 3 11 9 4 11 14 10 9 20 13 17 21 24 28 26 25 32 45 52 42 44 35 31 16 8 24 20 32 30 30 42 27 31 36 32 52 28 29 56 28 31 34 47 16 25 30 48 24 11 20 28 20 15 13 15 35 29 22
16 46 42 22 9 16 27 27 19 34 17 54 22 36 44 17 41 60 13 40 57 19 51 16 16 35 41 42 16 13 48 11 12 28 39 22 5 10 5 9 5 3 4 5 6 8 9 16 22 29 20 17 12 19 20 29 37 41 31 48 32 19 17 26 34 40 20 25 38 40 26 24 17 40 28 27 37 36 29 24 11 12 36 22 46 23 14 8 22 37 8 18 39 35 38 7
18 43 40 28 13 18 35 51 17 24 22 46 19 32 58 25 39 59 22 22 34 35 38 21 16 20 20 32 33 32 13 18 9 8 2 31 23 7 5 6 4 6 9 8 10 9 8 13 19 31 24 28 20 28 21 26 16 27 32 19 16 28 26 28 26 34 38 30 33 39 16 28 17 28 32 27 36 15 12 31 14 14 14 18 51 53 16 8 19 30 5 10 32 42 43 21
41 41 50 19 16 26 30 38 18 30 27 31 36 22 52 21 18 49 24 17 18 16 61 35 15 13 17 16 20 23 43 25 6 16 3 5 27 7 4 6 3 14 14 14 6 11 3 8 19 34 36 20 19 11 13 27 39 57 35 16 8 25 27 26 28 28 52 19 33 42 15 24 26 29 45 5 24 30 14 13 25 12 12 13 21 44 12 8 12 32 9 9 11 42 67 52
74 40 16 16 26 27 28 34 19 54 34 17 41 19 60 19 18 35 27 14 19 32 48 24 12 18 14 30 31 29 21 24 16 21 3 7 7 19 3 4 8 14 6 10 8 10 7 3 10 26 32 39 28 17 26 31 39 55 46 19 9 39 27 18 26 27 40 25 17 43 25 13 15 44 36 14 12 13 35 9 20 37 16 16 58 36 6 21 2 43 21 7 5 5 14 21
16 8 18 15 24 29 43 41 34 44 28 18 69 16 21 48 23 51 32 12 15 23 25 53 20 24 11 26 31 28 19 12 18 36 7 9 5 36 4 4 5 6 5 6 4 11 8 11 13 35 35 24 44 22 19 16 15 41 42 10 14 24 29 16 29 26 24 39 17 46 32 20 21 17 36 14 14 21 18 17 7 5 35 14 23 40 14 34 6 23 51 10 23 15 9 7
37 18 42 30 26 30 52 29 57 39 15 23 49 24 24 51 14 21 53 9 27 21 15 41 11 23 20 17 19 22 29 26 5 17 8 9 5 6 19 5 2 7 6 13 10 5 3 14 24 27 47 37 10 19 20 3 17 24 17 8 20 48 35 14 12 40 16 32 13 21 64 12 28 29 18 20 17 16 30 20 22 11 13 24 8 39 49 36 11 17 74 10 13 9 20 7
61 34 20 35 35 39 32 30 54 28 25 25 19 23 23 31 17 15 49 18 25 18 8 18 28 22 20 12 14 13 17 19 23 6 9 23 6 5 10 15 4 12 7 10 11 8 9 5 25 9 6 5 6 16 16 38 27 13 20 16 12 35 21 16 16 25 40 12 35 11 38 11 23 37 7 11 35 9 15 22 30 14 9 3 7 6 35 52 15 11 43 18 14 10 18 13
83 42 27 27 28 34 15 31 43 12 31 25 22 25 17 37 17 18 32 12 11 29 10 5 3 10 10 5 23 34 16 18 27 3 6 1 13 5 6 43 4 6 5 9 10 7 14 9 51 18 14 8 10 9 32 43 21 5 7 28 12 10 28 14 26 15 50 10 49 8 22 25 14 22 9 30 16 13 9 11 18 22 18 8 8 8 5 10 37 47 34 25 16 9 23 14
61 23 14 32 19 19 19 20 44 12 21 17 18 43 17 41 18 41 17 10 9 23 15 7 7 10 10 11 14 17 34 32 8 6 3 3 3 13 4 41 2 3 3 7 7 4 16 7 5 11 17 20 4 24 36 32 19 12 5 33 18 14 7 29 25 24 40 11 42 16 10 15 26 40 13 9 16 6 14 3 5 16 8 11 6 5 7 4 5 11 47 21 9 12 26 15
73 25 55 25 25 18 18 18 17 12 24 23 11 49 47 12 29 24 27 21 18 10 17 12 16 22 12 19 8 8 11 11 10 6 2 5 2 4 8 18 6 2 4 3 5 5 6 21 4 6 9 10 17 50 41 26 18 17 5 11 24 11 19 15 20 41 25 28 6 28 42 7 36 54 16 3 12 5 7 4 13 10 15 14 3 3 4 6 6 4 13 27 19 5 24 6
63 42 17 18 18 21 30 19 21 11 16 14 21 33 30 9 11 13 13 3 14 10 15 20 27 21 15 23 19 5 6 9 30 16 4 3 13 3 2 8 13 2 5 3 6 14 11 7 3 5 6 9 26 34 33 18 5 14 14 7 25 11 15 18 7 16 12 15 9 12 42 10 25 29 1 4 7 13 9 6 1 17 2 5 10 1 1 2 7 7 13 3 30 8 15 4
11 42 12 21 21 18 22 14 49 13 15 16 15 5 29 13 14 6 22 10 8 14 16 17 18 9 19 27 21 2 6 8 12 16 13 8 5 10 2 2 17 1 3 3 2 19 25 9 6 5 9 23 29 27 33 11 8 16 11 13 29 13 6 6 15 11 10 27 8 12 36 18 45 14 2 7 3 1 5 12 3 6 5 6 14 3 5 3 4 4 4 9 16 16 22 3
23 59 14 15 9 19 24 22 12 23 15 13 17 6 16 9 14 8 47 14 5 9 12 40 10 8 14 23 21 4 7 6 17 9 17 9 3 4 9 2 16 2 2 2 3 7 5 11 3 15 12 23 28 34 15 5 10 15 11 15 32 17 26 9 9 18 7 25 7 10 9 14 33 2 3 1 3 2 7 5 4 2 1 8 8 9 8 5 3 3 2 2 4 23 10 2
22 60 34 4 10 11 32 22 11 28 17 9 6 9 8 14 4 22 8 4 6 12 18 10 25 10 8 9 9 8 4 13 13 11 9 9 7 7 9 3 21 2 3 3 3 3 10 27 16 6 19 39 40 30 3 9 16 21 13 17 10 28 11 29 16 7 6 13 4 11 13 26 13 12 7 7 1 6 11 4 9 2 1 4 5 14 12 4 3 2 3 2 1 6 12 11
8 29 38 4 17 8 19 31 9 24 13 6 2 11 5 21 6 16 10 14 5 6 15 17 15 7 5 8 10 16 2 5 8 17 11 4 6 12 4 9 17 5 3 7 3 3 3 20 27 22 35 40 32 7 11 18 21 18 13 20 23 18 6 16 24 2 6 4 10 4 10 15 9 18 7 7 4 11 8 1 16 19 4 6 2 2 6 5 3 5 1 3 3 15 4 11
11 23 35 9 10 3 8 8 11 12 12 4 1 8 8 44 9 7 9 2 8 14 14 17 9 4 3 4 10 7 5 8 16 8 3 1 6 11 10 3 9 5 4 8 6 5 9 48 38 58 60 49 4 7 9 10 14 17 14 17 30 7 19 13 12 27 46 5 3 2 2 24 4 16 13 9 7 15 11 8 11 33 6 8 3 2 6 7 17 13 5 2 22 5 5 19
9 12 40 16 17 6 5 9 3 17 14 9 4 5 4 13 10 5 8 5 8 10 6 7 8 3 18 3 7 13 6 6 15 15 5 3 11 4 4 6 1 4 1 6 21 42 65 41 40 42 18 3 6 9 15 11 14 13 11 7 9 4 14 9 2 22 5 1 0 4 6 6 18 5 17 10 11 12 24 10 14 20 4 13 4 4 4 4 4 7 8 14 4 14 19 33
11 5 3 41 6 4 2 2 2 10 24 6 6 3 5 16 3 4 13 4 5 7 6 5 2 6 3 2 1 11 4 6 7 7 5 6 6 4 1 5 2 3 2 43 35 36 70 77 38 9 3 6 6 10 11 9 13 14 10 2 0 1 13 18 25 29 3 2 1 11 17 9 9 3 20 7 18 7 13 5 7 19 7 13 7 9 2 1 3 2 1 3 9 4 18 22
11 12 4 45 1 5 8 2 9 1 13 5 4 8 7 22 5 8 12 7 2 6 6 17 2 5 1 13 1 2 4 6 12 8 3 5 16 7 2 3 7 50 59 61 72 28 50 76 50 1 5 8 8 7 2 8 8 8 9 1 0 8 32 31 29 8 4 11 11 6 19 17 3 5 8 9 26 16 30 38 39 21 7 10 14 9 9 0 3 4 5 3 4 9 23 17
9 7 3 46 5 2 3 3 17 1 3 12 4 4 4 16 3 7 15 5 3 4 4 14 2 3 2 5 7 7 3 6 7 6 5 11 7 4 4 18 41 62 78 63 76 77 67 47 1 3 10 7 8 10 2 6 14 16 5 2 2 13 27 18 9 6 10 10 11 10 15 31 39 7 5 8 10 13 16 8 4 11 15 30 21 15 3 2 8 2 10 6 4 13 35 9
7 6 3 14 11 17 4 3 15 3 3 12 1 3 2 3 5 5 9 5 1 1 0 10 2 4 9 5 13 4 3 6 4 12 4 9 5 2 8 23 18 8 48 71 75 58 2 3 6 4 5 4 7 8 4 2 2 41 5 11 5 8 5 19 15 6 15 13 8 27 26 22 3 7 7 17 16 12 10 8 10 10 15 12 15 3 8 3 3 1 4 10 3 7 28 8
6 5 2 4 19 6 4 2 8 2 2 6 3 1 0 1 3 1 8 3 3 0 2 2 4 6 9 4 6 3 8 6 7 4 6 6 5 2 8 17 7 29 17 10 6 2 9 13 9 8 4 4 3 0 3 8 4 12 12 7 5 7 3 7 4 4 6 17 30 38 9 3 6 9 10 11 27 11 29 11 16 16 15 12 16 2 5 4 7 1 9 6 5 4 6 2
5 5 4 2 20 1 2 3 11 4 1 2 9 2 1 2 2 1 6 6 2 2 2 5 9 4 4 7 2 4 4 5 5 7 5 3 6 4 18 19 59 52 14 3 9 9 2 4 5 2 2 0 3 1 4 7 3 23 8 2 5 5 10 7 1 6 10 32 22 1 4 0 3 11 26 24 12 13 6 12 13 11 14 21 5 6 7 7 3 1 14 6 5 6 4 1
2 2 5 11 3 1 3 2 5 2 1 1 6 2 1 1 1 2 2 8 2 1 0 2 7 7 6 4 1 4 2 4 3 7 2 5 9 5 14 10 11 21 3 9 10 5 5 7 13 6 2 0 0 1 6 11 2 10 5 4 4 4 9 2 2 3 15 19 2 0 1 5 3 3 6 24 19 24 4 7 11 11 13 8 9 6 6 6 9 2 5 5 3 2 2 2
10 2 3 16 20 1 3 2 6 1 2 1 3 1 2 0 3 1 2 1 1 1 1 3 3 8 6 2 2 2 1 2 5 1 4 2 3 4 12 6 13 21 4 8 2 10 2 1 4 8 5 1 0 2 0 3 7 3 7 0 1 11 6 1 3 10 16 20 2 0 1 6 4 4 6 11 17 7 4 5 9 12 10 19 5 7 12 4 3 1 5 5 3 2 1 2
4 1 0 1 3 2 1 2 3 1 1 0 0 2 1 0 1 1 2 1 1 1 1 4 4 4 6 1 2 2 1 1 1 3 5 4 6 33 13 55 50 20 3 1 1 8 5 3 2 6 3 3 0 1 3 1 12 9 1 0 0 6 4 4 12 16 15 15 1 3 3 8 19 2 5 11 9 6 3 4 10 5 6 2 4 18 5 6 2 2 1 2 1 1 2 0
2 3 1 3 1 5 2 1 0 1 1 1 0 1 0 0 2 1 9 0 1 1 1 4 2 1 1 0 1 1 2 1 1 1 3 6 15 21 49 29 11 38 7 2 2 4 0 1 0 3 4 4 2 1 3 4 2 16 2 2 2 13 4 1 6 13 7 13 2 4 6 6 9 2 2 5 4 11 5 3 1 1 1 2 2 4 2 2 2 1 1 0 0 0 0 0
2 4 4 2 0 1 1 3 0 1 1 1 1 1 2 1 1 1 1 0 0 1 3 1 2 1 2 1 1 0 1 1 1 2 4 24 39 58 74 26 5 2 7 7 2 1 4 14 2 7 9 1 4 5 4 7 1 5 1 5 1 14 2 4 8 5 7 14 3 3 5 7 5 1 0 1 5 5 17 5 1 1 3 4 1 1 1 2 1 0 0 1 0 0 1 1
