sesion_6_simulaciones/modelos_agentes/ejemplos_netlogo/scenarios/cgcm2_b2/rob_2096.asc
NCOLS 322 
NROWS 307 
XLLCORNER 451900 
YLLCORNER 4086900 
CELLSIZE 100 
NODATA_value -9999 
[rows 0 to 73 of 307, columns 96 to 191 of 322]
3 0 0 0 2 0 0 0 0 0 1 1 2 6 7 2 4 2 3 1 3 2 1 6 1 1 1 1 2 2 1 1 2 2 1 1 1 2 2 1 1 10 34 44 55 48 52 53 69 48 39 43 21 8 13 17 14 3 9 5 7 3 2 1 9 15 18 2 2 14 22 11 11 13 13 10 12 17 10 53 41 25 39 40 50 35 37 41 49 63 39 28 20 7 15 30
0 0 0 0 0 1 0 0 0 0 0 1 4 9 3 3 1 1 1 1 2 0 1 1 1 1 1 1 1 5 2 1 1 1 1 1 1 2 3 5 7 12 13 11 73 80 74 65 87 61 66 46 12 13 39 5 2 4 2 3 1 3 2 1 3 2 3 14 13 12 6 20 34 17 29 37 46 19 21 28 27 24 39 46 52 38 37 47 51 42 49 37 45 21 29 31
0 0 0 0 0 0 0 0 0 0 0 1 2 3 1 1 2 3 3 3 5 0 1 1 1 1 1 1 1 2 4 4 0 2 5 4 4 6 8 12 17 30 20 25 8 3 9 31 84 67 66 66 18 45 32 26 14 7 3 5 3 19 38 28 46 17 12 21 6 11 9 12 19 22 29 48 62 62 36 24 27 26 40 41 52 39 45 58 36 36 46 34 42 42 28 30
0 0 0 0 0 0 0 0 0 0 0 0 1 1 2 2 2 4 5 4 1 0 2 2 0 1 1 1 1 0 2 2 3 4 5 3 12 13 29 46 57 62 40 10 5 7 2 5 20 7 16 13 6 15 34 5 32 1 2 6 8 24 56 54 61 59 53 12 25 20 17 24 16 18 32 33 41 17 15 23 35 36 48 50 52 39 38 45 32 31 46 45 30 40 22 45
0 0 0 0 0 0 0 0 1 0 1 1 0 1 2 2 1 10 3 2 2 2 2 3 2 1 1 1 1 3 5 5 1 5 10 12 19 33 59 71 75 65 48 20 10 4 7 15 8 6 12 11 2 32 6 11 19 9 1 3 28 46 37 60 37 15 54 25 34 44 24 20 13 14 32 22 28 23 28 33 35 32 73 51 36 40 38 52 35 40 44 57 24 42 51 51
0 0 0 0 0 0 0 0 1 2 0 1 0 1 1 1 2 2 4 3 1 1 3 2 3 1 2 1 0 1 1 5 5 2 14 30 38 60 74 59 70 70 63 31 10 17 9 12 14 10 14 31 4 9 8 20 8 7 6 7 33 37 8 5 7 21 28 6 10 15 5 18 60 42 28 16 19 20 19 37 27 37 42 40 49 36 35 55 50 36 47 36 43 48 63 27
0 0 0 0 0 0 0 0 0 1 1 0 0 0 0 2 1 2 5 3 5 2 1 1 2 2 2 1 1 0 1 5 8 6 17 57 67 68 67 68 70 67 33 16 20 41 21 30 23 22 16 30 18 15 22 12 5 10 17 6 4 5 4 8 3 6 26 44 26 25 7 25 10 5 41 28 28 34 17 31 26 20 24 21 41 43 34 50 48 25 49 40 41 38 23 21
0 0 0 0 0 0 0 0 0 1 6 6 7 1 1 0 0 1 1 2 5 15 3 7 7 2 2 1 1 1 2 3 9 29 21 53 51 67 68 61 57 20 26 22 48 36 28 53 33 29 15 19 34 36 20 18 15 44 52 53 24 8 2 2 9 5 17 11 30 16 18 10 5 11 6 28 41 67 52 18 31 37 22 33 61 39 40 47 56 57 31 27 10 17 18 15
0 0 0 0 0 0 0 0 0 0 1 6 8 22 4 7 1 0 1 3 3 2 2 3 2 1 1 1 1 2 6 5 17 48 61 25 17 25 20 20 34 19 15 29 60 46 23 33 38 24 20 15 69 30 24 36 24 36 9 20 53 31 12 1 10 7 5 6 2 7 23 19 6 8 26 9 15 21 27 54 54 75 41 48 21 14 28 69 33 49 31 68 47 27 19 26
0 0 0 0 0 0 0 0 0 0 1 0 0 0 0 0 1 0 1 1 1 1 2 1 3 2 1 1 2 3 6 26 27 23 43 34 34 33 18 19 10 9 16 33 64 37 15 15 25 31 26 15 23 80 63 59 9 18 7 38 23 32 6 8 2 5 3 2 8 13 12 17 20 15 25 40 13 18 56 63 30 60 43 32 15 21 14 31 32 46 21 43 76 64 22 16
0 0 0 0 0 0 0 0 0 0 0 0 1 0 0 0 1 0 1 1 1 1 1 1 3 1 1 2 4 9 22 29 68 48 27 27 32 50 47 31 19 8 7 11 39 14 15 21 29 21 33 14 28 34 78 59 21 12 17 33 14 15 8 3 5 7 8 3 13 28 25 29 19 13 33 48 29 11 15 51 31 29 44 57 23 26 18 22 61 46 43 38 69 80 54 26
0 0 0 0 0 0 0 1 1 1 0 0 1 1 1 1 1 2 3 1 6 2 1 1 1 2 1 1 3 36 44 39 41 38 29 22 28 51 43 34 19 9 12 20 24 11 13 37 19 23 46 19 30 48 25 43 23 19 29 23 9 8 20 14 6 4 16 15 29 59 64 67 13 26 43 47 31 18 16 55 28 5 33 62 24 31 28 25 50 31 26 32 56 62 62 52
0 0 0 0 0 0 0 0 0 1 1 0 0 0 0 2 2 1 4 3 11 11 1 1 1 1 1 3 8 23 51 31 32 28 31 48 49 19 26 45 19 8 9 32 26 11 22 23 27 38 53 42 40 61 40 33 35 29 40 12 10 12 21 16 8 6 6 17 34 21 46 39 29 20 21 51 19 18 6 15 34 5 42 71 26 29 43 26 19 50 34 15 23 38 60 71
0 0 0 0 0 0 0 0 0 0 1 0 1 1 1 0 4 1 9 3 2 1 6 2 2 1 2 15 19 19 26 29 23 11 13 13 14 9 9 15 18 4 3 3 10 9 16 19 50 64 70 66 48 53 33 47 46 35 30 31 10 7 22 23 17 16 8 9 11 7 3 3 20 27 23 28 18 30 17 11 5 8 23 58 61 28 37 39 25 24 45 22 36 55 79 61
0 0 0 0 0 0 0 0 0 0 0 0 0 1 1 1 0 1 8 3 3 6 7 2 3 2 4 5 21 24 13 8 8 11 18 15 15 13 6 2 14 3 10 6 2 3 18 33 40 70 70 66 52 62 41 64 59 45 42 47 7 25 35 32 18 12 5 8 5 3 3 19 45 36 36 44 38 29 14 16 26 8 26 56 67 29 15 18 23 19 14 13 31 47 54 49
0 0 0 0 0 0 0 0 0 0 0 0 0 0 0 0 1 2 1 0 1 1 1 11 4 5 2 4 6 4 6 16 20 23 16 23 41 42 21 5 5 5 2 7 3 4 3 23 37 42 53 43 43 41 53 37 47 38 51 43 7 23 6 30 46 25 8 9 12 2 8 35 43 45 18 12 21 30 37 33 25 22 24 50 72 85 55 40 21 18 17 10 33 68 57 40
0 0 0 0 0 0 0 0 0 0 0 0 0 0 0 1 1 1 1 2 1 0 1 2 11 4 7 11 32 25 15 8 12 18 19 35 51 53 40 4 10 9 4 6 16 18 18 4 19 31 21 21 15 17 29 49 50 52 55 50 14 28 20 22 33 10 7 8 7 6 8 36 27 38 11 10 17 16 44 30 30 29 34 41 73 87 84 34 23 22 20 15 35 60 66 61
0 0 0 1 1 0 0 0 0 0 0 0 0 0 0 0 1 1 1 1 1 1 1 2 5 5 2 6 7 5 13 13 19 12 36 62 41 50 39 21 29 32 23 23 37 36 41 23 7 3 3 6 4 2 10 56 80 89 63 26 49 27 24 16 28 17 9 18 5 6 39 40 40 33 11 26 44 25 33 35 23 21 15 10 61 67 64 63 42 25 24 18 23 42 47 24
0 0 0 0 0 0 0 0 0 0 0 0 0 0 0 0 0 0 0 0 1 1 1 1 7 13 5 6 4 11 16 22 14 29 37 43 16 21 24 49 38 46 53 62 57 37 46 41 22 16 12 11 15 2 3 14 80 86 59 35 31 39 18 13 22 6 8 10 3 30 56 54 44 54 17 19 43 42 42 72 43 29 17 11 23 49 56 53 55 34 28 28 15 29 69 21
0 0 0 0 0 0 0 0 0 0 0 0 0 0 0 0 0 0 0 0 1 1 2 1 5 4 3 6 8 9 11 36 26 23 25 14 28 30 26 38 63 65 57 33 40 22 37 45 27 22 20 6 11 5 12 8 29 41 52 53 37 20 16 31 27 4 8 31 57 43 64 78 34 74 32 12 38 67 44 68 57 49 37 17 19 53 73 58 63 43 37 24 11 18 57 46
0 0 0 0 0 0 0 0 0 0 0 0 0 0 0 0 0 0 0 0 0 1 1 0 2 4 4 2 2 7 5 6 13 20 33 17 17 32 18 56 33 34 56 43 27 25 28 39 37 18 27 23 8 13 21 17 22 46 61 52 17 16 54 47 24 5 26 30 42 53 42 46 25 32 58 41 27 23 29 68 31 28 49 36 29 14 58 39 66 35 42 23 16 15 21 43
0 0 0 0 0 0 0 0 0 0 1 0 0 0 0 0 0 0 0 1 1 1 1 1 5 3 8 7 4 6 6 11 15 45 41 27 61 24 41 17 36 24 20 20 38 40 66 52 49 21 23 19 19 19 31 24 25 39 61 61 59 17 24 25 14 17 44 9 33 50 60 36 45 20 54 63 36 22 29 79 85 48 23 62 48 16 12 22 62 48 39 39 18 16 15 43
0 0 0 0 0 0 0 0 0 0 0 0 0 0 0 0 0 0 0 1 3 2 3 2 6 2 4 11 5 3 17 41 45 10 5 65 49 19 20 21 33 48 30 20 18 43 36 15 19 16 32 20 21 23 23 23 15 24 43 31 27 24 14 13 15 35 48 6 28 20 45 58 50 18 18 46 45 57 31 57 86 63 54 26 46 23 7 19 58 67 19 50 30 16 18 34
0 0 0 0 0 0 0 0 1 0 1 0 0 2 1 1 1 1 1 5 2 5 4 3 7 7 4 15 17 9 8 8 4 3 4 11 26 30 12 27 28 44 41 43 34 12 9 6 4 3 13 11 7 10 18 9 10 11 13 25 35 25 15 21 47 37 25 11 23 24 24 47 39 36 28 65 66 46 42 23 64 66 47 65 29 19 13 13 13 44 14 29 24 11 9 13
0 0 0 0 1 0 0 0 2 1 0 1 1 2 2 3 8 1 2 2 6 8 19 9 6 8 21 14 34 17 8 5 11 12 7 1 4 32 26 9 20 41 55 61 44 35 28 21 16 14 6 5 3 2 2 2 2 4 19 31 45 25 33 34 19 42 21 27 35 30 21 35 53 58 17 57 62 45 47 33 49 64 36 17 47 29 14 13 10 17 18 18 27 13 6 6
2 1 0 0 1 0 1 0 1 1 1 1 3 5 6 3 8 11 3 3 19 47 54 68 54 46 47 27 44 30 59 62 59 31 11 10 12 9 7 16 36 27 36 45 55 56 51 37 32 29 16 15 14 14 12 12 13 11 32 45 38 32 24 24 20 40 36 48 18 44 20 17 49 36 19 44 43 23 30 27 28 36 61 17 17 11 14 6 6 11 9 14 6 6 4 4
2 1 1 2 2 0 1 1 2 3 3 2 2 12 16 11 13 47 26 48 59 62 66 73 62 71 65 61 66 72 48 17 33 44 32 13 18 14 6 6 24 31 38 56 48 50 55 44 43 39 30 29 31 29 16 26 17 18 32 27 33 22 13 14 12 45 29 45 40 44 13 19 28 35 24 42 37 51 18 26 26 11 32 18 10 23 8 7 2 4 9 6 8 4 4 4
2 2 2 1 2 2 3 2 3 7 7 14 11 16 29 63 54 44 57 19 27 33 50 66 68 60 82 75 76 76 17 11 10 11 24 23 30 17 23 17 19 41 48 43 49 48 40 65 56 42 35 35 34 32 29 30 31 9 18 19 21 13 14 23 39 60 55 30 38 19 24 13 26 28 28 18 16 26 32 17 25 14 23 19 6 18 9 5 1 3 7 7 5 6 3 2
3 5 2 2 4 3 3 4 6 17 29 45 66 69 79 79 64 67 71 50 23 11 36 56 40 36 27 54 58 53 31 6 6 4 5 9 18 16 20 24 10 23 31 34 20 20 12 30 41 38 50 49 36 34 32 46 34 11 12 12 8 18 34 42 51 41 23 25 17 33 28 37 20 19 19 17 16 16 26 17 14 13 13 8 9 8 8 6 4 2 4 2 3 4 1 1
3 8 2 3 10 8 8 17 32 52 74 71 78 81 75 88 66 68 85 34 65 25 14 33 22 14 20 22 21 21 46 24 14 3 5 3 9 8 9 23 19 21 40 17 22 21 12 26 24 15 14 13 11 22 21 11 36 21 14 11 14 20 38 41 44 34 16 35 47 27 32 22 18 15 13 8 9 8 13 12 12 11 4 8 4 2 3 2 2 1 1 0 0 1 1 1
2 11 9 8 13 24 41 54 52 78 71 85 71 84 77 78 49 59 82 67 28 31 16 8 9 7 3 3 12 12 16 60 22 6 8 5 22 49 49 34 31 20 18 11 11 16 17 6 5 8 9 20 31 31 18 18 36 22 32 11 18 24 38 27 40 20 13 25 42 39 26 18 9 16 11 6 3 1 4 4 6 4 3 2 1 2 1 1 1 1 1 1 5 2 3 4
10 19 30 31 53 74 65 73 75 76 71 88 71 75 54 71 50 71 68 71 18 38 37 14 10 2 3 1 4 6 6 12 15 7 8 12 6 15 15 18 13 14 15 24 25 16 18 9 14 17 41 56 49 32 53 12 40 36 9 4 4 16 13 30 23 25 14 8 12 17 14 14 7 3 2 3 4 3 8 10 6 9 5 9 9 9 8 6 6 8 3 3 13 8 4 10
33 48 56 71 70 67 74 77 79 69 88 64 36 54 48 51 57 59 60 67 29 16 25 14 12 7 3 4 9 11 11 20 13 4 15 12 16 17 27 17 32 21 32 34 40 38 29 27 21 26 37 63 65 64 63 32 44 37 19 25 14 3 4 5 7 6 10 6 5 5 6 5 6 10 17 15 25 14 24 13 14 20 11 19 12 30 18 8 14 13 6 6 14 10 8 17
61 77 77 64 76 75 83 68 69 51 73 16 27 21 31 45 49 36 33 55 32 13 5 5 8 10 10 8 12 5 36 34 29 20 26 29 26 22 25 26 27 32 33 33 49 36 46 31 17 53 47 47 57 44 35 30 62 37 31 49 37 25 25 25 25 24 37 26 19 18 18 20 30 31 30 18 30 29 28 28 27 27 25 23 36 29 21 15 17 9 15 9 18 11 25 25
10 16 48 47 66 60 74 67 31 6 3 5 12 9 8 11 12 24 40 54 29 8 10 16 8 8 29 20 29 22 33 30 30 25 24 47 36 16 36 31 31 42 41 43 33 33 43 32 27 39 49 43 55 62 44 49 37 31 39 44 37 41 40 44 44 38 52 42 37 20 32 34 32 33 46 34 34 48 32 43 44 31 35 34 55 29 25 21 22 21 19 14 27 29 31 43
14 8 6 6 5 5 18 20 20 7 5 9 15 15 7 4 3 6 27 28 15 9 33 8 23 32 38 27 39 26 22 20 36 34 16 29 30 18 27 34 27 45 29 26 28 34 51 36 25 29 48 44 26 70 44 61 33 35 45 36 52 39 35 36 39 27 55 39 26 36 35 35 47 34 47 35 35 50 48 48 36 35 47 40 43 34 27 29 25 25 25 24 53 39 32 32
24 41 31 12 12 10 3 7 10 4 9 13 11 6 3 4 1 12 10 15 23 38 42 17 33 27 33 30 22 9 4 12 23 22 15 26 14 19 27 35 40 23 27 24 24 46 36 24 36 39 47 58 32 72 63 29 57 51 46 30 43 36 52 49 38 45 39 39 38 26 36 51 49 36 50 49 38 55 38 48 39 50 53 64 48 32 18 39 32 33 41 45 51 24 50 32
31 21 20 15 8 7 7 7 14 19 21 22 17 6 6 14 16 19 23 33 60 52 54 33 26 19 19 25 25 22 11 9 20 15 29 14 11 18 17 31 11 10 28 33 26 60 30 36 47 31 56 28 55 55 28 42 64 48 27 43 30 46 48 37 26 43 43 40 24 39 60 63 56 37 50 56 53 58 40 37 43 54 55 50 38 24 23 46 38 25 53 56 52 25 17 58
12 23 29 21 24 12 26 18 24 29 30 43 33 24 20 30 17 30 38 44 54 37 17 27 38 21 10 16 25 22 16 8 14 17 8 24 12 32 22 15 18 11 30 20 21 67 42 39 31 25 33 56 48 33 29 28 45 59 29 44 44 58 45 26 50 48 52 40 22 41 55 73 60 43 50 58 60 47 39 30 47 73 66 58 53 26 47 70 50 24 45 68 67 35 19 56
28 43 17 20 12 21 30 19 18 34 33 37 31 30 34 32 33 38 43 39 46 31 24 30 21 13 14 25 15 22 11 15 8 6 18 19 26 15 19 12 14 8 30 8 7 36 34 40 19 29 32 17 49 9 7 6 19 44 20 48 58 44 40 63 50 49 33 15 27 56 63 78 66 48 51 70 76 50 50 32 54 78 53 41 40 34 55 71 52 34 28 77 82 57 34 49
11 22 13 30 19 30 25 23 22 22 36 39 27 27 52 23 30 36 31 30 39 30 14 28 17 17 23 17 18 22 8 15 8 8 7 18 6 11 8 18 14 13 20 10 27 22 46 29 10 21 28 20 22 11 12 7 10 17 14 50 58 51 53 66 24 46 18 18 26 60 72 74 69 52 57 71 81 41 53 27 62 85 59 32 29 38 59 73 55 38 32 66 77 66 26 49
7 14 36 22 12 17 19 13 12 16 36 24 19 33 21 20 13 27 34 18 16 22 24 21 13 13 10 9 9 40 8 16 7 8 7 14 12 9 6 10 6 15 12 10 20 11 20 9 10 6 10 28 21 14 9 10 31 11 13 36 33 42 74 34 47 41 27 32 40 48 68 68 71 38 47 71 54 35 59 29 48 73 60 50 30 36 61 73 54 45 34 48 70 45 35 50
3 3 13 4 4 3 8 7 5 9 10 12 11 18 18 14 17 16 22 17 13 6 12 16 14 11 14 7 6 8 9 19 6 4 7 13 6 3 5 8 6 12 8 8 11 8 15 4 4 4 4 13 3 4 8 8 17 6 16 23 19 44 19 35 64 29 28 38 50 45 53 75 51 28 49 67 53 38 59 38 46 68 42 36 39 28 33 73 70 42 27 47 68 43 27 50
0 1 1 1 2 2 4 7 2 7 6 11 13 9 8 14 11 11 12 16 7 5 5 12 11 6 11 3 5 9 6 8 2 3 5 3 3 5 4 10 12 3 4 10 7 3 2 11 2 2 2 4 1 3 3 11 11 19 16 9 9 7 22 54 19 28 47 25 33 34 32 58 23 20 33 56 33 36 48 20 52 57 31 35 39 45 18 32 72 36 27 40 66 50 39 33
0 0 0 1 1 1 1 1 2 4 4 9 6 6 7 8 7 6 6 9 8 4 10 6 8 6 4 5 1 3 6 9 1 1 2 6 2 1 2 2 12 3 2 1 2 2 2 0 2 3 2 7 4 2 4 5 21 11 9 24 15 7 29 13 30 44 15 19 19 30 11 46 9 12 19 42 17 47 44 18 32 33 21 43 48 49 26 29 64 42 24 39 44 25 34 25
0 0 0 0 1 0 1 1 1 2 3 7 4 2 3 5 6 11 5 2 2 2 12 1 3 5 3 2 1 2 2 1 0 0 3 1 0 0 3 1 7 2 2 1 2 3 2 8 17 22 19 8 15 9 5 9 12 7 9 10 6 8 16 6 29 10 13 12 14 24 7 20 9 21 7 16 11 31 19 13 37 15 16 23 43 18 26 15 39 26 28 21 51 53 54 43
0 0 0 0 0 1 0 0 1 1 2 3 2 4 1 5 1 5 4 2 1 3 3 4 2 3 2 3 0 0 0 1 1 2 1 0 1 1 2 2 2 3 4 8 2 24 6 38 12 15 9 8 21 24 41 17 15 3 5 10 7 10 2 3 10 6 7 9 13 14 18 13 15 10 7 27 6 24 8 8 36 8 30 30 49 19 27 21 27 43 31 51 55 60 72 84
0 0 0 0 0 0 1 0 1 0 0 1 1 1 1 2 1 3 3 4 2 3 2 4 1 1 1 1 1 2 0 0 1 1 7 7 4 5 15 23 9 11 11 27 11 7 22 32 6 25 11 10 15 31 26 17 23 22 15 31 18 35 29 6 12 16 17 16 12 20 30 22 23 48 53 48 55 75 58 32 42 53 56 49 15 77 74 59 47 19 36 26 36 71 45 61
0 0 0 0 1 3 0 0 0 0 0 0 0 1 2 2 1 3 1 1 2 2 1 3 1 1 0 0 0 0 0 1 1 0 0 6 10 1 3 16 16 20 8 36 50 9 10 18 34 20 33 5 8 37 44 13 52 36 53 46 12 33 16 16 12 22 16 40 43 4 8 36 42 9 28 60 24 54 32 66 24 52 72 54 30 73 61 54 78 73 57 26 45 59 40 26
0 0 0 0 0 0 0 0 0 0 0 0 1 1 0 1 0 2 1 1 1 1 1 2 1 1 0 0 1 1 1 0 0 0 0 1 2 1 1 6 13 4 29 47 26 6 15 9 23 20 34 9 13 33 29 48 32 18 40 53 19 4 11 35 28 41 37 28 40 36 7 42 62 16 35 69 13 9 22 76 67 38 30 51 56 72 60 74 84 75 40 65 27 23 56 69
0 0 0 0 0 0 0 0 0 0 0 0 0 1 0 1 1 1 0 0 0 1 1 1 1 1 0 0 0 1 0 0 1 0 0 0 1 8 3 12 5 19 11 12 51 25 12 7 21 27 26 34 13 47 47 77 26 49 75 72 51 5 24 27 30 70 60 65 35 61 21 15 56 22 45 70 29 26 15 57 42 54 10 12 22 67 72 69 80 63 25 68 43 33 50 58
0 0 0 0 0 0 0 0 0 0 0 0 0 0 1 1 1 1 0 0 1 1 0 0 0 0 0 0 0 0 0 0 0 0 1 1 1 2 12 35 12 33 13 35 29 44 18 21 36 40 72 76 32 57 81 87 49 75 84 68 53 22 52 59 34 30 26 20 47 76 27 18 43 18 50 59 82 29 44 82 57 71 62 22 20 41 64 61 54 41 63 87 46 30 18 19
0 0 0 0 0 0 0 0 0 0 0 0 0 0 0 1 1 0 0 0 0 0 0 0 0 0 0 0 1 1 2 1 1 2 3 4 3 6 32 18 26 14 9 53 51 23 15 13 26 45 68 59 59 35 66 89 54 57 74 67 75 65 66 78 24 34 40 26 51 70 61 37 8 26 67 77 76 68 30 85 32 64 77 44 26 24 54 40 45 22 77 87 67 43 47 19
0 0 0 0 0 0 0 0 0 0 0 0 0 0 0 0 0 0 0 0 0 0 0 0 0 0 0 2 5 0 1 1 5 4 4 5 2 9 21 19 42 18 43 18 75 21 27 22 13 28 65 52 33 15 17 50 65 74 80 77 88 71 75 74 67 40 51 36 52 55 80 54 26 25 54 74 80 79 53 69 65 60 68 80 45 28 18 19 17 33 74 56 79 49 46 29
0 0 0 0 0 0 0 0 0 0 0 0 0 0 0 0 0 0 0 0 0 0 0 0 0 0 0 0 1 0 0 3 2 2 11 7 4 3 1 8 9 6 2 2 15 19 59 42 16 8 30 11 18 9 7 13 16 51 58 53 62 70 65 62 85 43 43 35 12 70 90 42 26 22 65 56 57 62 33 47 48 22 70 82 68 42 11 13 16 24 16 40 80 48 31 39
0 0 0 0 0 0 0 0 0 0 0 0 0 0 0 0 0 0 0 0 0 0 0 0 1 3 1 0 1 1 1 2 5 9 8 6 7 12 4 2 5 14 6 3 6 11 20 31 32 10 13 10 22 11 13 26 20 11 19 40 38 16 30 65 88 67 34 40 50 76 88 53 19 11 22 36 59 46 56 62 51 15 53 71 82 33 21 12 36 41 24 41 89 64 57 60
0 0 0 0 0 0 0 0 0 0 0 0 0 0 0 0 0 0 0 0 0 1 0 0 2 5 2 0 0 2 2 2 5 8 4 2 11 16 5 5 6 21 12 7 12 10 14 12 13 6 14 35 40 37 31 28 19 15 13 9 3 1 10 76 77 74 49 25 30 69 81 77 63 23 14 37 51 39 41 30 53 40 25 76 77 63 28 19 42 32 55 83 84 83 68 64
0 0 0 0 0 0 1 0 0 0 0 1 0 0 0 0 0 0 0 0 0 0 0 0 1 2 1 3 4 6 2 2 11 4 9 12 10 19 11 15 11 19 21 12 6 24 14 20 14 5 13 51 61 64 61 51 35 32 28 27 28 24 25 46 49 62 53 22 9 47 42 78 79 35 17 46 54 42 26 46 69 36 24 25 77 80 32 18 51 59 55 76 52 78 50 32
0 0 0 0 0 0 0 0 0 0 1 1 1 0 0 1 0 0 0 0 0 0 0 0 0 1 1 3 6 3 2 3 2 1 15 18 6 9 16 33 20 25 20 14 5 9 38 29 19 14 12 34 75 78 71 72 60 58 49 49 77 80 82 72 58 56 45 29 12 8 35 51 82 64 58 20 42 49 28 6 21 35 37 52 70 76 51 30 17 39 41 34 79 77 87 60
0 0 0 0 1 1 6 0 1 0 0 0 1 2 0 0 0 0 0 0 0 0 0 0 1 0 1 2 1 1 1 4 11 8 19 13 13 23 44 21 37 33 16 23 28 27 38 40 28 22 13 21 49 73 70 79 80 77 55 44 35 49 59 67 77 74 75 63 38 3 11 52 60 66 57 52 34 17 23 22 54 46 24 32 31 71 70 28 14 25 31 37 30 72 59 75
1 0 0 0 0 1 0 0 0 1 0 0 0 0 0 0 0 0 0 0 0 0 0 1 2 0 1 3 2 4 6 19 11 7 11 19 12 16 11 5 11 52 57 33 55 38 31 32 33 35 33 17 13 18 59 60 56 76 76 67 61 55 40 47 53 71 76 75 72 62 43 66 55 76 45 45 34 24 34 26 23 27 17 48 35 73 77 26 11 35 44 31 32 31 60 76
1 1 1 0 0 1 3 2 0 0 0 0 0 0 0 0 0 0 0 0 0 0 0 1 1 1 0 1 1 1 1 2 3 8 8 10 13 15 21 20 13 5 18 63 64 76 65 47 40 22 31 34 27 17 26 42 36 30 48 55 58 69 69 58 34 39 68 75 76 61 64 80 61 82 70 51 46 48 29 16 19 36 17 28 40 28 65 38 11 21 41 40 19 13 52 77
0 0 7 2 0 1 1 6 2 1 1 0 0 0 0 1 0 1 0 0 0 0 0 0 1 1 1 4 2 1 2 6 4 5 9 20 22 28 25 31 36 28 15 10 10 61 69 63 42 29 22 35 28 16 6 6 7 9 8 9 18 39 34 47 49 28 28 43 42 38 66 65 65 61 59 62 66 60 37 42 38 33 17 19 54 59 43 49 17 6 29 37 21 40 79 38
0 0 2 1 1 1 0 0 7 12 11 7 0 1 0 0 0 1 0 0 0 0 0 0 1 0 1 2 1 2 4 7 3 5 8 13 15 23 22 27 30 28 44 41 41 28 13 10 37 38 46 17 16 10 16 25 24 25 24 21 22 9 6 9 11 8 7 6 8 25 37 53 48 42 35 29 29 54 47 40 30 17 41 35 37 50 42 59 39 11 8 29 47 78 47 70
1 1 2 11 3 1 1 0 0 17 1 1 1 1 1 1 1 0 0 0 0 0 0 0 1 1 0 0 0 1 1 1 3 4 4 7 17 24 17 27 34 41 41 43 47 36 33 32 22 13 13 8 12 28 31 42 42 44 42 53 23 8 7 23 24 36 18 22 6 5 12 29 25 17 17 17 22 29 37 52 47 19 15 18 19 22 37 47 55 18 8 23 83 57 48 59
1 1 2 6 2 3 4 0 0 0 0 0 0 0 1 5 0 0 0 1 0 0 0 0 0 0 1 0 1 1 1 1 2 3 6 8 10 14 13 32 35 27 24 27 33 26 24 36 30 27 33 35 37 49 44 42 57 60 60 55 30 24 26 41 38 29 36 18 7 8 9 3 2 3 4 4 9 9 4 8 16 10 10 7 8 8 24 37 33 19 8 55 62 37 64 59
4 2 1 1 5 4 20 6 3 3 1 1 0 0 2 1 7 3 1 1 3 2 1 0 0 0 0 0 0 0 0 2 3 1 1 2 11 14 8 9 17 28 20 15 26 20 29 32 40 33 43 27 29 42 54 56 58 60 70 60 39 37 47 44 54 56 58 45 23 19 7 3 2 4 5 12 30 19 12 11 7 5 3 4 3 5 9 17 36 37 14 69 24 15 53 66
5 5 5 10 4 7 4 2 2 12 2 5 1 1 2 5 15 6 1 2 4 1 0 1 0 0 0 0 0 0 2 0 0 1 1 2 7 19 17 31 26 21 32 25 33 27 32 34 38 22 52 40 37 33 49 52 74 72 72 57 30 50 46 61 60 75 67 60 48 27 19 19 20 25 28 42 50 37 22 23 34 37 18 9 11 6 2 4 12 39 24 56 15 16 55 81
6 7 2 2 9 6 21 12 5 4 10 16 5 2 4 19 21 4 1 6 0 5 0 0 0 0 0 1 0 0 0 0 0 2 1 2 3 8 14 18 25 16 19 23 25 28 34 49 40 31 40 50 34 37 53 63 72 64 51 43 42 49 59 60 62 79 73 61 53 29 42 42 43 49 47 48 61 46 43 44 44 41 24 36 34 16 14 3 5 18 16 19 17 10 29 53
6 10 8 3 24 17 22 16 40 18 11 3 2 17 16 11 10 3 3 16 1 5 0 1 0 0 0 1 2 0 0 0 0 1 1 3 4 12 7 17 23 20 8 25 23 25 29 51 37 17 21 45 42 33 46 68 67 51 38 26 31 60 57 58 77 74 64 59 34 30 44 44 46 59 52 65 64 67 48 51 62 52 50 61 47 38 20 5 3 12 10 21 13 5 14 29
7 2 9 4 1 35 11 7 14 31 19 12 2 10 37 10 1 3 9 17 1 9 1 0 2 1 0 1 2 5 1 0 0 0 2 1 1 2 3 4 14 10 16 16 19 10 35 18 32 12 43 29 30 23 46 71 47 42 27 36 37 50 46 66 76 69 62 60 34 51 61 61 43 58 68 65 67 57 49 59 67 63 57 64 34 23 9 7 4 2 3 11 11 3 10 7
7 7 5 10 2 6 32 45 44 22 8 10 3 5 19 27 5 8 34 15 3 14 1 1 1 2 1 3 2 0 2 6 1 1 1 1 0 1 1 4 6 5 6 12 11 8 8 13 7 10 52 10 22 16 51 26 27 37 20 27 26 38 54 69 53 67 56 41 36 50 62 62 39 62 59 67 73 59 52 60 74 62 65 42 23 27 22 25 19 5 1 1 5 4 3 4
13 7 11 7 10 10 16 27 20 38 36 13 36 4 2 1 17 58 46 11 11 4 3 4 5 1 1 2 4 3 2 0 1 0 1 0 0 1 1 5 2 5 5 6 4 4 3 5 8 14 5 5 16 25 12 23 20 15 16 17 17 28 67 51 56 43 32 36 50 62 58 59 53 63 41 52 59 38 49 57 76 46 31 32 41 47 59 35 23 9 5 2 1 2 2 2
15 13 12 11 37 19 51 72 35 22 20 38 39 39 2 1 4 5 5 1 6 9 5 2 1 2 2 2 2 1 0 0 0 1 0 0 0 1 1 1 1 1 5 1 1 1 1 6 1 1 2 3 5 13 10 12 6 8 19 21 17 46 42 48 43 52 33 30 41 58 52 41 44 61 38 23 66 43 50 73 45 46 42 46 75 78 58 34 28 20 8 6 4 1 2 1
