sesion_6_simulaciones/modelos_agentes/ejemplos_netlogo/scenarios/cgcm2_b2/rob_2018.asc
NCOLS 322 
NROWS 307 
XLLCORNER 451900 
YLLCORNER 4086900 
CELLSIZE 100 
NODATA_value -9999 
[rows 75 to 149 of 307, columns 96 to 191 of 322]
39 41 36 25 16 21 29 38 23 39 42 35 22 31 44 66 45 52 62 77 93 76 77 58 31 34 15 10 24 9 21 71 42 40 41 35 15 9 14 7 14 42 49 35 62 39 33 66 66 22 26 19 32 61 24 29 47 65 46 29 55 58 77 64 65 48 43 56 69 75 48 82 53 62 56 40 60 31 25 50 48 36 12 11 14 12 9 7 11 8 11 9 4 2 1 0
50 33 29 24 18 29 16 42 21 39 51 20 26 48 39 37 48 72 60 75 84 86 85 79 40 27 21 10 19 29 62 72 59 47 45 44 43 19 26 32 20 18 26 15 23 50 30 54 43 39 17 14 31 27 34 38 51 67 39 43 50 33 71 70 65 46 62 56 83 66 42 73 69 61 71 63 35 23 77 49 31 27 42 27 39 35 28 33 33 18 18 14 7 3 2 1
52 20 36 29 21 18 20 30 24 26 67 32 30 34 37 49 72 45 69 70 86 88 71 63 66 17 15 24 45 46 63 35 54 34 48 20 58 41 21 40 19 13 11 8 23 30 56 55 37 65 61 41 36 10 18 26 54 33 37 25 50 30 68 58 51 30 63 69 73 44 37 49 76 47 71 46 44 47 68 40 50 44 38 54 65 55 59 33 29 33 14 15 7 4 3 2
47 26 33 31 36 15 21 25 10 40 60 52 37 27 44 47 52 65 81 58 58 65 74 80 47 36 47 63 75 56 57 38 48 46 15 31 40 44 33 41 40 12 9 17 29 34 53 59 32 72 70 63 68 52 48 22 24 22 34 24 38 29 21 41 25 32 43 61 50 33 42 43 75 63 43 21 57 62 47 46 63 77 83 73 72 66 33 38 38 19 17 8 5 7 5 9
55 57 18 47 50 26 9 25 9 26 19 52 39 33 36 9 42 82 54 63 59 41 64 77 50 37 79 79 78 75 79 55 18 17 24 57 62 24 31 37 47 18 14 31 33 31 39 79 76 70 64 68 78 42 72 62 56 27 15 10 26 34 18 21 27 36 39 49 25 22 41 51 52 43 77 71 35 36 62 70 75 74 68 69 55 62 55 63 34 18 14 9 7 12 22 10
75 77 53 47 16 13 10 8 8 31 14 8 34 49 14 32 73 50 40 37 51 29 17 57 66 73 80 71 78 67 88 82 45 44 57 74 50 41 12 28 60 39 19 29 42 63 37 32 75 54 60 84 75 65 80 54 59 76 63 62 64 26 60 35 26 10 30 41 44 59 45 10 14 18 28 62 71 82 55 79 72 56 75 61 52 52 61 63 41 30 25 17 39 31 7 6
48 45 55 11 7 9 14 10 9 14 14 3 7 18 26 38 23 51 57 44 37 51 15 25 62 78 77 51 45 61 60 47 67 61 66 69 75 68 28 31 69 61 20 24 51 44 27 17 44 25 65 78 64 89 82 57 80 61 42 56 73 39 51 60 49 32 53 56 73 40 53 26 26 29 38 21 29 69 71 76 54 66 78 66 48 57 74 56 47 38 35 43 52 28 9 22
56 57 41 16 14 16 21 15 6 11 18 2 10 22 28 19 18 65 49 34 38 71 44 40 68 91 68 21 47 54 40 45 19 25 86 73 42 41 27 55 77 71 36 29 38 33 28 32 31 54 56 81 85 89 74 73 75 59 75 59 73 57 55 54 50 55 34 40 66 37 72 82 67 58 42 41 32 22 53 83 89 58 72 66 46 77 60 43 52 64 47 64 35 25 17 44
14 26 52 42 5 5 15 16 24 13 11 4 15 41 28 9 16 75 30 49 43 41 31 64 49 59 37 49 63 52 41 39 24 60 91 78 57 35 25 64 51 30 48 23 27 19 23 27 26 39 35 70 71 86 70 70 83 58 79 74 66 66 43 45 55 36 70 36 54 65 79 81 66 46 55 35 29 37 23 76 74 68 42 65 77 43 50 52 62 51 53 38 24 30 28 71
7 9 13 25 29 4 10 6 5 20 17 6 13 39 26 14 22 70 40 43 23 16 68 67 63 53 29 60 64 50 27 17 61 91 89 87 82 50 57 66 61 20 45 33 36 45 34 23 30 11 8 33 76 87 63 69 61 68 89 79 64 53 36 28 77 46 79 59 47 63 80 77 43 38 52 48 45 43 31 31 73 82 78 60 34 67 75 74 62 69 25 43 39 58 38 71
4 7 11 8 19 20 14 11 6 12 24 6 14 46 24 26 22 35 46 59 55 16 33 42 75 65 60 64 69 73 47 81 90 82 79 86 82 56 43 68 52 27 49 40 41 45 40 25 30 20 22 41 75 80 57 52 54 86 87 82 59 29 49 65 80 63 85 75 62 43 76 63 68 68 73 54 46 48 32 30 39 77 66 79 80 49 73 35 72 40 34 59 44 76 46 60
3 2 1 1 4 10 4 2 4 8 11 7 23 46 21 7 18 16 37 48 62 53 23 30 33 40 67 83 59 56 77 85 86 72 79 79 61 80 62 65 52 74 61 71 47 56 59 56 38 36 24 44 64 88 67 47 78 72 87 72 57 42 44 60 86 65 84 73 64 44 68 56 49 27 58 41 21 43 33 23 13 57 74 67 52 85 60 56 62 56 58 69 70 77 75 40
2 1 0 0 3 3 1 2 3 6 3 10 39 28 6 3 9 12 31 37 48 77 41 22 19 27 68 69 79 39 82 68 68 74 87 82 63 78 54 63 62 91 49 80 61 58 47 31 31 28 22 16 44 79 65 74 65 79 90 65 43 45 60 79 77 60 71 67 56 22 27 34 56 60 72 53 35 46 47 48 52 16 60 68 63 76 85 86 91 76 84 86 72 37 79 27
3 2 1 0 3 2 1 2 4 3 5 10 20 26 6 2 28 22 15 20 27 41 59 57 38 25 44 57 74 79 70 83 80 54 57 47 51 73 32 53 90 79 64 54 41 62 44 51 54 54 51 22 27 55 50 63 71 83 82 63 58 71 76 80 79 48 62 69 56 30 27 43 64 62 53 82 48 35 45 48 49 31 23 59 70 84 79 54 54 66 65 80 72 37 48 62
4 1 1 0 1 1 1 6 3 2 2 6 39 14 3 2 16 8 18 25 24 37 48 47 49 28 32 15 33 69 54 61 67 58 60 57 43 35 51 85 51 76 45 29 43 74 61 59 60 59 45 39 21 23 22 45 60 67 79 54 45 61 60 85 81 53 61 78 36 15 17 36 36 53 86 78 54 55 27 59 39 52 48 18 52 76 75 72 70 66 47 43 57 32 18 33
2 2 1 0 0 0 0 3 3 1 6 15 28 27 3 2 7 2 9 36 34 35 12 20 42 29 30 24 55 82 75 68 43 59 42 25 34 29 63 46 41 45 24 57 82 67 66 64 47 33 31 27 21 17 7 10 37 56 73 40 66 63 86 88 87 53 77 64 52 30 19 29 53 73 91 52 52 85 46 53 47 52 58 37 16 57 62 48 30 44 38 35 26 35 30 27
5 3 1 1 0 0 0 0 2 3 4 18 9 5 10 3 10 2 1 6 8 28 12 12 13 8 19 37 68 79 49 57 69 63 58 29 16 32 75 22 52 56 68 78 79 61 81 42 31 37 64 56 62 55 43 15 5 4 24 39 44 69 78 86 86 57 90 64 62 51 27 30 50 87 74 39 74 74 58 41 58 60 57 44 30 10 26 44 37 37 21 33 51 55 38 33
2 1 1 0 0 0 0 0 1 3 5 7 6 2 2 1 10 2 1 10 7 9 7 10 15 14 11 38 14 34 43 38 46 40 9 21 35 46 49 26 63 64 81 67 63 49 86 77 76 59 59 54 50 30 31 9 4 4 5 23 54 81 73 84 74 49 77 70 36 29 31 53 50 73 43 59 83 72 77 80 60 63 46 42 42 28 7 14 16 21 36 44 49 47 42 30
1 1 1 1 0 0 0 0 0 1 3 5 5 3 1 1 7 2 1 4 2 4 4 8 5 15 16 22 13 3 10 11 10 9 27 37 67 74 47 48 26 64 91 60 36 81 75 66 79 61 59 46 28 31 28 29 13 5 6 40 70 65 84 85 79 77 75 78 61 24 38 33 40 22 33 74 74 44 71 49 53 47 43 39 45 32 36 14 5 20 34 55 59 45 40 18
1 1 1 2 1 1 1 1 0 1 2 3 2 2 1 1 3 1 0 1 3 2 2 2 4 8 9 9 11 8 3 2 5 18 25 63 74 46 55 60 39 79 85 54 72 66 72 49 86 65 72 56 63 65 61 39 19 7 8 13 54 47 74 78 72 63 69 76 64 35 25 41 50 47 53 61 71 87 58 67 43 33 49 42 29 44 55 44 13 11 13 10 18 21 21 15
7 4 3 5 4 3 2 2 1 0 1 1 1 1 1 1 1 1 0 1 1 1 1 1 2 4 6 5 5 15 2 3 6 20 64 74 46 29 62 66 51 68 73 57 53 73 64 59 86 68 55 69 54 60 56 36 19 8 5 6 9 41 66 68 64 46 69 58 33 12 24 53 28 52 73 69 77 58 41 85 51 44 47 47 70 52 30 32 37 31 21 7 3 3 5 6
13 5 9 9 9 5 8 3 1 1 0 0 0 0 1 1 1 1 0 0 1 1 1 1 1 1 6 4 4 2 3 1 8 55 46 51 14 41 80 52 35 40 50 18 35 80 57 83 86 78 54 68 76 43 17 15 16 17 13 7 9 17 36 45 54 43 28 33 16 16 35 40 37 58 69 78 60 58 66 76 74 44 52 77 73 67 48 39 42 39 43 31 15 4 2 4
15 16 17 8 13 10 5 4 3 2 2 1 0 0 0 0 1 0 0 0 0 0 0 0 0 1 3 7 2 2 4 1 13 32 21 11 16 55 73 54 23 34 28 24 70 64 47 59 90 90 46 50 48 57 37 16 3 6 9 13 10 13 10 18 9 23 27 26 10 27 44 45 42 44 68 61 54 71 44 29 72 66 68 73 74 55 52 42 30 33 39 26 20 7 5 1
26 15 21 22 16 9 8 8 4 4 2 2 1 1 0 0 0 0 0 0 0 0 0 0 0 1 1 4 1 1 3 1 5 14 6 10 15 30 30 35 26 28 16 55 62 25 57 91 88 81 80 31 15 17 11 12 4 6 14 20 10 17 9 5 6 12 9 9 9 32 33 53 31 55 63 59 73 40 53 48 77 53 45 46 51 68 66 45 33 23 34 24 23 16 12 4
20 11 27 26 8 10 4 4 8 5 3 3 2 2 1 0 0 0 0 0 0 0 0 0 0 0 0 0 0 4 1 0 1 2 3 15 18 30 68 40 31 22 33 38 37 44 50 90 84 73 94 69 38 43 34 15 5 3 2 5 22 11 7 4 5 10 7 6 13 24 39 50 44 24 33 36 44 44 47 62 24 77 58 61 61 67 59 61 65 40 34 33 31 34 15 7
11 24 52 26 21 8 17 7 13 9 4 3 2 1 1 1 1 0 0 0 0 0 0 0 0 0 0 0 1 4 0 1 1 1 5 14 22 5 15 14 23 17 17 26 26 33 62 83 77 77 87 86 39 21 13 8 7 8 6 1 2 5 4 5 5 6 5 7 8 20 29 46 45 51 17 29 49 48 30 41 72 56 46 67 69 63 65 70 59 67 50 55 48 35 20 14
18 31 50 25 19 16 7 9 13 8 6 4 2 2 1 1 1 1 1 1 1 1 0 0 1 0 0 0 0 2 0 1 1 1 3 5 5 7 4 2 16 23 12 8 17 62 78 77 61 59 79 81 55 33 31 32 25 12 8 2 1 3 2 2 4 3 3 5 12 19 18 29 29 29 43 42 37 58 88 86 79 87 67 67 60 56 60 66 75 61 72 60 47 41 34 26
22 44 17 18 23 14 11 6 13 10 3 2 4 2 1 1 1 1 1 1 1 1 1 1 1 1 0 0 0 1 0 0 1 2 3 3 4 6 6 2 5 26 14 4 21 35 77 62 19 18 34 67 80 65 40 30 21 11 5 2 1 3 1 1 2 2 4 9 12 18 19 25 32 52 68 72 65 83 82 80 75 64 54 43 43 62 77 68 65 68 73 70 62 60 43 35
52 17 23 17 11 16 15 8 3 4 5 5 4 3 1 2 2 2 2 3 3 2 3 1 2 1 1 0 0 0 0 0 1 1 3 3 5 5 5 1 2 5 10 3 12 18 41 17 9 13 38 54 78 68 52 28 22 12 4 3 1 1 1 1 3 2 5 15 14 16 20 22 52 64 82 67 76 72 75 61 32 29 41 64 35 65 71 65 78 84 74 54 32 23 14 11
18 23 36 50 35 21 5 3 4 10 8 6 3 4 4 4 3 5 4 4 4 3 2 3 2 1 0 0 0 0 0 0 0 1 2 7 11 5 6 2 2 1 2 1 3 7 6 10 13 25 32 63 82 67 56 47 33 19 16 5 1 1 1 0 2 4 6 5 6 11 27 32 41 50 56 64 68 61 44 33 45 41 68 65 87 70 55 74 86 73 56 53 47 36 25 21
44 51 39 10 8 12 12 5 8 14 11 8 8 7 6 8 5 6 6 8 2 7 5 3 2 1 0 0 0 0 0 0 0 0 1 2 3 5 6 3 3 2 2 1 2 5 10 36 51 54 81 63 82 76 65 36 34 15 9 4 1 1 1 0 0 1 2 7 13 12 22 47 26 35 36 56 60 25 15 31 32 53 78 65 82 64 87 73 75 60 58 58 47 47 41 32
45 25 29 23 20 11 14 6 19 18 15 15 23 12 16 13 11 16 11 6 6 7 9 2 3 2 1 0 0 0 0 0 0 0 1 1 3 7 7 2 1 2 2 1 2 7 23 15 43 51 48 48 87 74 59 25 13 7 4 1 1 0 0 0 0 1 3 11 20 13 17 39 35 24 22 35 24 30 55 55 40 75 72 61 71 81 68 77 65 59 47 54 54 58 46 58
25 20 11 9 7 6 3 12 24 23 21 34 20 23 22 20 22 7 5 17 9 13 9 3 2 1 1 1 0 0 0 0 0 0 0 0 0 2 3 2 1 1 1 2 5 6 3 9 26 62 30 56 75 49 49 31 15 6 2 1 1 0 0 0 0 0 2 6 20 12 15 5 16 25 20 36 43 48 47 46 52 76 65 56 63 63 42 76 47 52 60 66 65 43 70 69
14 20 26 26 21 10 9 16 28 46 41 38 25 31 45 40 18 10 10 25 13 6 5 4 2 1 1 1 1 0 0 0 0 0 0 1 0 0 0 0 0 1 1 2 3 3 5 10 48 10 11 39 79 48 28 12 8 5 4 2 1 0 0 0 0 0 1 3 6 9 10 8 21 17 26 40 57 71 70 73 75 88 63 41 38 49 68 86 84 62 60 61 50 56 62 58
29 47 30 44 20 16 19 32 35 51 46 17 18 36 32 20 14 14 22 37 11 7 5 5 2 2 1 1 1 0 0 0 0 0 0 0 0 0 0 0 0 1 1 1 1 3 6 3 27 7 21 52 72 31 12 10 6 2 1 2 1 1 0 0 0 0 1 1 3 4 10 17 27 27 59 65 81 51 37 31 84 80 78 50 20 54 76 92 86 81 87 59 72 52 44 76
51 50 67 52 25 43 42 46 66 58 38 25 29 49 28 38 11 20 44 16 8 7 7 6 5 3 2 1 0 1 0 0 0 0 0 0 0 0 0 0 0 0 0 1 1 2 3 4 2 5 23 57 68 26 16 9 3 2 2 1 1 0 0 0 0 0 1 2 6 8 14 20 30 45 61 57 29 33 28 76 78 79 81 83 37 60 82 83 76 69 71 71 49 52 30 46
69 67 43 32 38 50 50 66 37 50 20 42 44 69 51 30 15 43 10 6 15 7 5 3 3 2 2 2 2 1 1 1 0 0 0 0 0 0 0 0 0 0 0 1 1 3 1 3 1 2 11 36 77 60 17 8 5 1 2 1 1 0 0 0 0 0 1 4 13 17 15 24 30 30 33 43 41 58 75 80 76 76 64 80 66 61 61 36 21 20 58 81 68 45 25 25
76 61 44 32 43 61 67 18 60 27 33 53 67 66 38 21 45 33 14 5 5 8 2 2 4 4 5 2 3 3 2 2 1 1 0 0 0 0 0 0 0 0 0 1 1 2 0 2 0 3 6 5 35 40 12 5 2 1 1 0 1 1 0 0 0 1 2 3 6 9 10 14 21 28 56 70 64 67 74 63 68 57 41 68 56 37 34 45 61 68 86 41 53 48 23 18
46 62 47 41 57 75 76 32 64 57 71 56 80 45 33 38 49 14 16 11 29 12 5 3 6 12 6 7 7 6 2 1 0 1 1 0 0 0 0 0 0 0 0 0 1 0 1 1 0 2 2 20 26 11 9 7 5 3 1 0 1 1 0 0 0 0 1 2 4 5 7 12 24 23 24 28 32 39 84 45 65 72 50 39 28 22 58 67 65 80 79 61 44 55 51 43
86 45 63 65 74 53 51 60 62 55 55 57 53 46 43 67 26 33 23 46 33 15 16 11 6 16 17 17 22 9 6 1 0 0 0 0 0 0 0 0 0 0 0 0 0 0 3 1 0 2 12 23 31 6 5 7 3 2 1 1 1 0 0 0 0 0 0 1 2 3 1 4 5 8 23 38 42 46 73 64 53 67 85 30 18 36 49 56 76 69 65 79 57 55 41 46
78 93 88 91 86 57 21 13 54 36 60 74 83 73 61 66 63 72 51 60 41 34 28 20 18 24 39 41 12 11 5 2 2 1 1 1 0 0 0 0 0 0 0 0 0 0 0 0 0 1 5 25 24 3 6 5 4 2 1 1 1 0 0 0 0 0 1 2 3 6 10 16 32 29 21 26 43 77 71 74 74 52 51 58 21 31 62 62 50 36 74 87 58 44 54 61
63 86 70 79 79 59 75 34 53 43 20 31 76 83 85 60 43 45 58 58 53 47 54 33 42 42 50 29 23 16 10 6 3 3 3 1 1 1 0 0 0 0 0 0 0 0 0 0 0 1 3 2 9 2 8 3 3 2 1 1 0 0 0 0 0 0 1 3 5 10 23 21 14 30 56 40 58 76 76 88 76 56 45 30 5 15 23 43 66 82 87 64 86 57 53 59
42 83 63 73 75 66 86 62 35 69 45 33 58 71 65 57 65 40 67 81 81 64 47 31 69 49 46 30 18 10 10 7 5 6 4 2 1 1 0 0 0 0 0 0 0 0 0 0 0 0 1 1 11 4 9 7 2 3 1 1 0 0 0 0 0 1 2 2 5 11 27 41 52 47 66 73 81 77 73 85 82 44 22 14 8 16 42 61 56 90 58 74 82 85 60 58
42 78 65 55 73 51 54 22 39 71 46 23 8 42 53 54 61 41 35 67 75 32 62 25 54 45 48 29 19 6 9 18 14 12 8 2 1 1 1 0 0 0 0 0 0 0 0 0 0 0 1 3 9 1 2 1 2 3 2 1 0 0 0 0 0 1 2 2 5 9 21 36 29 23 28 44 82 59 81 80 87 78 15 7 8 22 53 35 67 83 69 78 65 61 48 65
11 32 22 39 62 50 47 13 40 78 33 16 9 17 51 48 50 44 16 22 43 25 25 43 15 14 61 22 9 4 2 3 5 4 4 4 2 2 1 0 0 0 0 0 0 0 0 0 0 0 1 4 2 4 2 1 1 1 0 0 0 0 0 0 0 0 1 1 3 5 11 11 17 34 41 60 89 90 71 58 70 76 48 8 3 14 18 40 75 60 57 26 20 30 43 63
11 27 53 37 43 31 56 30 43 79 54 20 14 17 44 62 27 4 5 11 18 9 15 53 17 7 42 25 29 6 0 4 10 6 3 5 4 2 1 0 0 0 0 0 0 0 0 0 0 1 1 2 1 1 1 1 0 0 0 0 0 0 0 0 0 0 0 1 1 4 10 16 35 38 52 82 89 88 81 39 37 47 37 13 3 9 25 49 46 23 27 58 65 58 64 77
17 9 8 10 17 25 58 17 44 49 79 30 13 10 12 9 6 4 5 12 10 8 6 41 8 21 25 20 36 35 8 4 5 3 4 5 3 2 1 1 0 0 0 0 0 0 0 0 0 0 1 2 0 1 1 2 0 0 0 0 0 0 0 0 0 0 4 3 6 18 31 59 66 50 72 93 88 86 78 50 7 16 29 24 5 10 20 41 33 40 88 62 46 52 44 78
19 18 7 6 14 23 43 33 18 31 70 30 7 3 11 12 4 13 4 4 7 6 5 42 6 5 20 13 18 28 11 7 8 2 1 1 0 1 0 0 0 0 0 0 0 0 0 0 0 0 1 1 0 0 0 0 1 1 0 0 0 0 0 0 0 1 1 6 21 31 65 44 28 48 81 92 84 71 64 65 40 7 23 20 4 10 22 22 20 71 62 50 61 78 23 10
18 22 11 7 9 6 33 39 31 9 69 22 5 1 8 7 11 13 7 4 5 7 1 11 23 1 4 5 17 42 9 1 3 2 3 3 2 1 1 0 0 0 0 0 0 0 0 0 0 0 1 1 0 0 0 0 0 0 0 0 0 0 0 0 0 1 2 7 15 18 9 17 44 57 74 72 76 59 49 29 41 9 6 7 7 17 13 11 46 82 40 55 65 73 65 21
26 14 11 4 3 4 19 43 12 13 45 31 13 1 7 7 18 11 8 5 5 10 3 4 47 4 7 6 16 17 21 10 7 8 5 3 3 2 1 0 0 0 0 0 0 0 0 0 0 1 2 1 0 0 0 0 0 0 0 0 0 0 0 0 0 1 6 7 6 5 21 33 54 85 72 51 69 31 13 10 27 12 5 1 2 11 13 28 70 38 37 52 79 61 63 28
49 7 11 4 3 4 9 11 3 3 49 18 2 1 5 8 16 9 14 9 10 6 6 5 13 4 1 6 9 8 16 17 7 4 2 1 1 1 1 1 0 0 0 0 0 0 0 0 0 0 1 1 0 0 0 0 0 0 0 0 0 0 0 0 0 2 2 2 2 6 28 41 77 80 74 41 24 34 8 8 21 5 1 1 4 16 26 41 51 14 50 82 71 66 77 38
7 11 4 3 2 2 3 5 3 5 22 6 3 1 3 4 13 3 9 5 5 7 5 4 6 10 3 1 1 4 5 14 4 2 3 2 1 0 1 0 0 0 0 0 0 0 0 0 0 1 1 0 0 0 0 0 0 0 0 0 0 0 0 0 0 1 0 0 3 18 32 43 78 79 52 33 15 20 20 3 6 4 1 1 4 7 19 45 21 25 69 58 59 63 58 50
7 4 8 7 2 2 1 1 1 2 4 2 5 2 1 3 12 3 2 5 2 1 1 7 8 13 1 1 0 1 7 12 12 4 1 1 1 0 0 0 0 0 0 0 0 0 0 0 0 0 0 0 0 0 0 0 0 0 0 0 0 0 0 0 0 0 0 1 6 19 37 69 65 58 45 31 13 9 15 4 2 2 1 1 3 7 23 27 19 15 22 44 39 37 53 61
12 5 3 8 8 4 2 1 1 3 1 1 4 5 1 2 5 5 1 1 1 1 1 15 6 6 3 0 0 0 1 2 9 7 2 1 1 0 0 0 0 0 0 0 0 0 0 0 0 0 0 0 0 0 0 0 0 0 0 0 0 0 0 0 0 0 0 2 7 36 50 73 67 41 18 5 3 3 4 4 2 1 0 1 2 4 12 12 8 7 19 20 14 30 50 67
14 6 2 3 5 7 2 1 0 2 1 1 1 2 1 1 2 3 1 1 1 0 0 1 0 1 4 0 0 0 0 1 6 7 2 1 1 2 2 1 0 0 0 0 0 0 0 0 0 0 0 0 0 0 0 0 0 0 0 0 0 0 0 0 0 0 0 1 9 59 59 56 67 51 17 6 1 0 1 2 1 0 0 0 1 3 6 4 3 13 23 34 66 55 71 64
37 12 4 1 3 4 8 1 1 2 2 1 0 1 1 0 1 3 1 1 0 0 0 1 0 0 2 1 0 0 0 0 2 13 6 2 1 0 0 0 0 0 0 0 0 0 0 0 0 0 0 0 0 0 0 0 0 0 0 0 0 0 0 0 0 1 1 6 22 29 68 68 44 52 34 10 3 1 0 0 1 0 0 0 0 1 1 1 3 12 21 61 66 58 57 64
20 56 8 3 1 1 1 1 1 1 1 1 1 0 0 0 0 3 1 0 0 0 0 0 0 0 1 1 0 0 0 0 1 2 9 3 1 1 1 1 0 0 0 0 0 0 0 0 0 0 0 0 0 0 0 0 0 0 0 0 0 0 0 0 0 1 2 2 7 24 53 41 30 24 35 12 3 1 0 0 0 0 0 0 0 0 0 1 6 15 42 49 31 51 65 66
3 28 36 13 3 1 0 2 1 0 0 0 1 1 0 0 0 2 1 1 0 0 0 0 1 0 0 0 0 0 0 0 1 0 1 5 1 0 1 0 0 0 0 0 0 0 0 0 0 0 0 0 0 0 0 0 0 0 0 0 0 0 0 0 0 0 0 2 24 37 39 30 17 14 13 9 3 1 1 0 0 0 0 0 1 2 2 1 4 16 18 15 22 51 69 60
1 10 10 23 5 2 1 2 1 0 1 0 1 1 1 0 0 1 2 0 0 0 0 0 0 0 0 0 0 0 1 0 0 0 1 0 4 1 1 0 0 0 0 0 0 0 0 0 0 0 0 0 0 0 0 0 0 0 0 0 0 0 0 0 0 0 1 2 18 42 38 46 24 4 3 4 2 2 1 0 0 0 0 0 1 2 6 11 4 3 4 15 33 51 76 53
2 4 3 10 3 1 1 1 1 1 0 0 1 1 1 0 0 0 1 0 0 0 0 0 0 0 0 0 0 0 1 0 0 0 0 1 1 0 2 0 0 0 0 0 0 0 0 0 0 0 0 0 0 0 0 0 0 0 0 0 0 0 0 0 0 0 1 5 15 25 62 44 32 9 2 1 1 1 1 0 0 0 0 0 1 2 9 23 22 15 20 15 37 52 80 63
1 3 1 3 3 3 1 1 1 1 0 0 0 0 0 1 0 0 0 0 0 0 0 0 0 0 0 0 0 0 0 0 0 0 0 1 1 0 2 0 0 0 0 0 0 0 0 0 0 0 0 0 0 0 0 0 0 0 0 0 0 0 0 0 0 0 1 3 12 11 39 35 18 10 10 2 1 1 0 0 0 0 0 0 2 4 9 21 38 37 34 35 36 69 91 73
2 1 1 1 1 1 1 1 3 2 1 0 0 0 0 0 0 0 0 0 0 0 0 0 0 0 0 0 0 0 0 0 0 0 2 2 1 1 0 0 0 0 0 0 0 0 0 0 0 0 0 0 0 0 0 0 0 0 0 0 0 0 0 0 0 0 1 6 17 25 28 32 18 7 3 3 1 0 0 0 0 0 0 0 0 2 6 12 23 18 39 51 75 91 88 66
1 1 1 1 0 0 0 0 0 0 0 0 0 0 0 0 0 0 0 0 0 0 0 0 0 0 0 0 0 0 0 0 0 0 1 1 1 4 3 1 0 0 0 0 0 0 0 0 0 0 0 0 0 0 0 0 0 0 0 0 0 0 0 0 0 1 4 10 16 26 26 22 17 7 1 1 1 0 0 0 0 0 1 1 1 0 1 3 7 22 32 64 64 85 82 52
0 1 0 0 0 0 0 0 0 0 0 0 0 0 0 0 0 0 0 0 0 0 0 0 0 0 0 0 0 0 0 0 0 0 0 0 0 0 0 0 0 0 0 0 0 0 0 0 0 0 0 0 0 0 0 0 0 0 0 0 0 0 0 0 0 0 1 3 11 19 9 22 7 4 1 0 0 0 0 0 0 0 1 2 6 4 6 6 18 42 53 59 71 66 50 32
0 0 0 0 0 0 0 0 0 0 0 0 0 0 0 0 0 0 0 0 0 0 0 0 0 0 0 0 0 0 0 0 0 0 0 0 0 0 0 0 0 0 0 0 0 0 0 0 0 0 0 0 0 0 0 0 0 0 0 0 0 0 0 0 0 1 1 3 6 4 6 9 5 2 0 0 0 0 0 0 0 0 0 1 2 9 21 24 40 67 64 44 54 31 33 21
0 0 0 0 0 0 0 0 0 0 0 0 0 1 0 0 0 0 0 0 0 0 0 0 0 0 0 0 0 0 0 0 0 0 0 0 0 0 0 0 0 0 0 0 0 0 0 0 0 0 0 0 0 0 0 0 0 0 0 0 0 0 0 0 0 0 1 4 3 3 6 2 2 0 0 0 0 0 0 0 0 0 1 2 3 12 44 45 15 28 68 76 32 8 8 13
1 0 0 0 0 0 0 1 0 1 1 1 2 1 1 0 0 0 0 0 0 0 0 0 0 0 0 0 0 0 0 0 0 0 0 0 0 0 0 0 0 0 0 0 0 0 0 0 0 0 0 0 0 0 0 0 0 0 0 0 0 0 0 0 0 1 1 1 1 2 2 1 1 0 0 0 0 0 0 0 0 1 1 3 12 15 13 4 12 48 82 68 57 8 3 3
2 1 0 1 1 1 1 2 2 2 2 2 2 4 1 1 0 0 0 0 0 0 0 0 0 0 0 0 0 0 0 0 0 0 0 0 0 0 0 0 0 0 0 0 0 0 0 0 0 0 0 0 0 0 0 0 0 0 0 0 0 0 0 0 0 1 2 1 0 0 1 1 0 0 0 0 0 0 0 0 1 1 3 8 7 2 1 5 18 67 72 44 19 16 1 0
3 2 1 4 3 6 3 4 7 4 6 4 7 4 2 1 2 1 0 0 0 0 0 0 0 0 0 0 0 0 0 0 0 0 0 0 0 0 0 0 0 0 0 0 0 0 0 0 0 0 0 0 0 0 0 0 0 0 0 0 0 0 0 0 0 1 1 1 0 1 0 0 0 0 0 0 0 0 0 0 1 2 2 1 1 1 3 12 30 48 43 28 7 15 2 0
7 5 3 9 18 35 24 16 27 18 14 9 23 12 9 5 1 0 0 1 0 0 0 0 0 0 0 0 0 0 0 0 0 0 0 0 0 0 0 0 0 0 0 0 0 0 0 0 0 0 0 0 0 0 0 0 0 0 0 0 0 0 0 0 0 0 1 1 0 0 0 0 0 0 0 0 0 0 0 0 1 1 0 0 1 3 7 27 45 24 23 7 3 4 5 0
36 36 24 20 21 16 8 4 18 7 8 7 8 13 12 2 2 2 2 2 1 0 0 0 0 0 0 0 0 0 0 0 0 0 0 0 0 0 0 0 0 0 0 0 0 0 0 0 0 0 0 0 0 0 0 0 0 0 0 0 0 0 0 0 0 0 2 2 0 0 0 0 0 0 0 0 0 0 0 0 0 0 0 0 1 4 10 41 45 64 14 1 1 1 2 0
27 13 33 17 14 19 13 10 6 4 9 15 6 4 10 18 8 2 0 0 0 0 0 0 0 0 0 0 0 0 0 0 0 0 0 0 0 0 0 0 0 0 0 0 0 0 0 0 0 0 0 0 0 0 0 0 0 0 0 0 0 0 0 0 0 0 1 2 1 0 0 0 0 0 0 0 0 0 0 0 0 0 0 1 2 4 20 16 25 32 23 2 0 0 1 1
23 5 21 18 5 2 6 8 9 7 4 3 18 3 6 11 4 2 1 1 0 0 0 0 0 0 0 0 0 0 0 0 0 0 0 0 0 0 0 0 0 0 0 0 0 0 0 0 0 0 0 0 0 0 0 0 0 0 0 0 0 0 0 0 0 0 0 1 1 0 0 0 0 0 0 0 0 0 0 0 0 0 1 1 5 12 16 12 8 6 17 3 0 0 0 0
9 8 6 13 3 1 1 2 4 2 1 1 4 1 0 8 2 3 2 2 1 0 1 1 0 0 0 0 0 0 0 0 0 0 0 0 0 0 0 0 0 0 0 0 0 0 0 0 0 0 0 0 0 0 0 0 0 0 0 0 0 0 0 0 0 0 0 0 0 0 0 0 0 0 0 0 0 0 0 0 0 0 1 4 12 18 22 11 3 2 5 6 1 0 0 0
5 12 3 2 2 0 0 0 0 1 0 3 1 0 1 3 7 2 3 1 0 0 0 1 0 0 0 0 0 0 0 0 0 0 0 0 0 0 0 0 0 0 0 0 0 0 0 0 0 0 0 0 0 0 0 0 0 0 0 0 0 0 0 0 0 0 0 0 0 0 0 0 0 0 0 0 0 0 0 0 0 1 2 8 12 9 22 8 3 0 1 2 2 0 0 0
