sesion_6_simulaciones/modelos_agentes/ejemplos_netlogo/scenarios/cgcm2_b2/rob_2053.asc
NCOLS 322 
NROWS 307 
XLLCORNER 451900 
YLLCORNER 4086900 
CELLSIZE 100 
NODATA_value -9999 
[rows 74 to 147 of 307, columns 96 to 191 of 322]
28 61 40 22 21 24 24 51 23 24 18 64 36 73 68 53 15 8 12 18 63 59 38 23 23 8 8 2 9 16 6 7 8 15 7 4 4 4 15 4 4 5 11 3 5 12 14 3 3 12 8 31 53 38 33 15 24 31 50 32 27 79 67 53 58 62 39 53 63 66 56 66 52 67 40 42 57 65 46 40 22 43 57 43 23 10 10 11 6 8 5 4 4 2 0 0
33 37 31 23 15 20 28 41 24 38 44 33 18 28 36 59 39 46 58 73 91 64 63 48 17 25 7 5 12 3 9 55 21 18 23 18 7 4 5 2 5 21 28 15 35 19 18 41 49 9 13 8 13 41 12 16 32 48 35 20 44 49 73 57 60 42 38 50 64 70 43 80 47 56 49 34 60 33 24 51 51 43 17 17 24 21 16 12 18 14 20 17 8 5 1 1
45 29 25 25 17 30 16 45 21 44 51 18 26 48 39 32 43 69 51 72 79 83 77 72 26 16 12 5 9 14 39 50 36 23 25 27 24 7 14 18 7 6 10 5 9 33 11 27 24 24 7 5 14 12 15 18 29 50 24 32 34 21 60 58 57 35 56 46 78 60 34 67 60 54 60 55 32 20 74 47 33 31 48 34 48 49 42 50 47 28 28 24 12 7 4 2
46 17 35 30 21 18 23 32 27 32 69 32 34 31 35 47 69 44 68 64 83 86 65 51 59 10 9 14 26 25 43 17 36 18 33 9 41 24 12 23 7 4 3 3 10 15 36 42 25 49 41 27 18 4 7 10 32 16 17 12 28 16 54 45 42 25 54 54 62 30 26 33 62 32 59 34 33 39 64 37 48 44 40 57 72 66 70 49 42 49 26 23 11 9 5 4
44 25 33 32 40 19 24 29 12 49 68 58 39 26 46 44 51 64 80 53 52 64 71 80 39 29 37 50 66 40 38 20 28 30 7 16 19 27 24 28 21 4 3 7 13 19 42 39 19 64 54 42 45 30 29 9 10 9 15 10 19 15 9 25 15 24 27 44 34 19 24 23 58 42 25 11 44 51 40 39 59 76 83 75 76 74 46 53 55 29 30 16 11 12 10 14
58 59 21 51 57 31 11 30 12 30 27 61 46 35 38 8 46 82 52 58 58 39 65 75 43 31 72 75 71 69 74 38 9 10 13 38 41 11 16 24 34 7 6 14 17 17 30 72 65 62 55 55 65 27 56 46 36 11 6 3 14 23 9 10 13 22 19 31 10 9 27 37 39 30 65 61 29 24 53 68 71 72 69 69 58 68 66 73 49 28 25 15 12 19 33 15
79 83 61 56 21 17 12 11 11 37 19 10 45 56 15 37 74 49 37 33 49 24 14 55 63 69 74 68 75 61 82 74 31 31 41 57 32 25 5 16 39 23 9 14 28 49 25 26 67 45 56 79 66 52 65 35 43 60 45 42 46 13 39 17 10 5 19 29 32 42 31 4 6 9 18 56 61 72 47 72 69 53 74 60 55 56 69 72 52 42 37 23 53 47 13 11
60 54 68 15 12 13 20 16 13 20 21 4 12 24 30 42 23 56 56 44 36 48 12 21 62 77 73 46 40 61 48 36 62 57 56 53 65 54 20 18 53 44 9 13 38 30 18 11 34 19 65 76 56 85 73 43 70 44 31 35 60 22 35 43 33 19 36 40 62 27 42 14 12 14 24 13 24 67 67 71 48 62 75 66 47 57 77 64 57 48 48 52 63 43 15 31
68 68 57 24 23 28 33 21 11 17 26 4 14 28 35 22 22 70 50 35 43 73 43 41 66 92 64 18 43 45 33 37 13 21 81 57 31 29 23 43 65 55 25 16 27 22 20 26 26 51 53 81 83 87 67 68 71 50 67 47 59 43 43 37 33 39 19 26 53 28 58 72 54 42 26 28 26 16 53 79 86 52 68 61 44 77 62 44 56 69 56 72 48 38 28 56
23 39 60 57 8 9 27 27 37 19 19 6 23 52 34 12 20 80 33 50 43 43 31 67 46 56 34 46 58 46 35 36 21 56 88 71 54 24 19 54 36 17 35 14 19 14 16 22 23 32 28 72 71 85 70 68 79 53 73 67 56 60 34 37 39 27 56 27 46 61 75 74 56 36 40 22 21 32 19 70 67 65 36 64 75 40 48 51 62 53 59 46 30 38 39 79
12 16 26 35 43 9 19 12 9 31 29 12 21 44 36 21 31 75 45 44 26 18 71 73 65 55 28 62 61 46 23 14 62 90 87 85 78 38 49 54 49 11 32 21 26 35 28 19 26 9 6 33 77 87 62 70 62 66 84 76 58 42 28 21 62 35 73 50 40 60 75 71 34 28 41 35 39 36 27 33 69 82 77 55 30 63 72 73 62 72 30 47 45 63 45 76
8 13 23 13 31 36 25 22 12 23 40 9 22 49 30 41 34 46 55 67 63 19 42 49 79 69 65 68 67 72 45 80 89 80 77 87 82 47 39 61 39 17 32 25 27 36 33 21 27 18 23 37 77 81 59 48 55 85 82 81 54 25 44 57 75 58 83 73 59 37 76 59 65 57 53 41 36 41 31 27 41 75 66 78 74 43 69 32 70 38 35 59 46 77 48 61
6 4 2 2 9 21 8 4 8 16 21 11 31 55 35 12 29 25 47 62 71 63 29 35 39 44 73 86 60 60 78 86 87 72 79 77 64 78 57 63 45 69 51 59 35 44 51 51 35 34 23 41 66 89 69 50 79 69 83 74 52 40 42 55 82 62 78 70 60 40 64 54 46 20 48 32 15 36 34 21 11 59 75 68 52 85 61 58 61 58 58 69 73 77 77 44
4 2 0 1 7 8 2 4 6 12 7 19 50 42 13 7 14 21 46 49 63 85 53 29 24 35 75 75 83 43 84 71 69 70 88 83 64 78 53 64 57 90 45 75 54 46 41 28 29 26 23 18 45 81 68 77 66 79 89 66 43 46 58 74 76 60 68 66 53 18 24 32 56 55 64 43 22 34 39 43 50 14 62 69 64 77 84 86 92 74 86 87 75 43 78 31
7 6 2 1 7 4 2 5 8 6 10 19 31 34 10 4 34 32 27 33 42 56 70 69 51 34 55 67 81 77 75 86 83 55 57 46 50 75 33 47 90 79 62 47 36 52 36 45 50 53 53 25 32 60 58 67 67 81 82 66 60 73 72 76 79 42 63 68 52 26 23 45 63 59 44 72 34 28 37 42 47 30 21 60 66 85 78 52 53 67 67 82 74 43 56 66
8 3 3 1 3 2 1 12 6 5 5 10 46 24 7 4 29 15 25 38 40 52 63 62 65 40 43 23 43 73 62 68 73 64 64 62 48 39 53 86 53 73 39 26 40 69 54 53 58 60 47 44 26 29 28 50 65 70 80 61 49 61 62 84 79 53 61 76 33 13 14 38 36 50 83 71 43 44 20 51 38 52 49 19 56 78 77 74 73 67 49 46 61 40 24 44
4 4 2 1 1 1 1 6 6 2 10 23 42 38 7 3 14 3 14 48 50 53 23 30 59 45 46 34 63 89 80 76 52 66 50 32 40 32 66 44 42 42 23 57 81 65 58 59 45 34 32 31 26 23 9 14 45 62 79 48 66 63 84 89 87 52 77 63 52 29 17 30 54 72 90 48 41 72 32 47 42 48 58 40 17 62 66 50 32 47 42 40 30 43 41 37
9 6 4 2 1 0 0 1 4 5 7 29 18 11 16 6 17 4 2 10 14 40 25 23 23 14 30 48 74 86 62 71 75 70 63 37 21 35 76 23 54 57 69 78 80 60 77 38 27 35 63 59 66 62 54 22 9 6 34 46 51 65 81 88 87 61 90 66 64 53 28 32 52 87 72 35 69 64 40 31 52 57 56 46 35 11 30 51 42 43 26 39 60 65 52 48
5 3 1 1 1 1 0 0 2 6 10 12 12 4 4 2 16 5 2 17 13 19 11 17 25 22 21 45 22 48 56 55 58 49 15 27 43 46 52 28 66 67 82 69 63 49 83 75 75 57 59 54 54 35 41 14 6 6 8 32 60 82 76 86 78 53 79 73 40 31 36 56 50 71 44 56 80 68 63 72 56 60 45 43 46 31 9 17 20 28 43 53 60 62 55 44
2 2 2 1 1 1 1 0 1 1 5 9 10 8 3 2 16 3 1 8 5 6 8 13 9 25 24 33 23 7 18 22 18 15 37 45 65 78 52 51 30 67 92 62 39 78 72 63 79 60 60 47 32 38 35 39 20 9 10 50 76 72 83 87 83 80 76 82 67 27 45 37 41 21 32 74 69 37 60 41 47 46 41 39 47 34 40 17 6 28 45 63 71 61 56 28
4 1 4 5 3 2 2 2 1 1 3 6 5 4 3 1 6 2 1 3 6 4 4 5 7 15 18 18 20 15 6 5 8 26 35 68 79 54 58 67 46 83 88 59 72 68 66 45 86 64 73 58 67 70 68 49 31 12 13 23 65 59 81 82 77 69 76 82 71 43 29 46 51 47 52 59 70 85 49 56 37 29 49 41 28 44 59 50 18 16 21 18 28 32 34 27
13 11 7 13 9 7 6 5 3 1 1 2 2 3 2 2 2 1 1 2 2 3 1 2 5 7 10 11 12 25 3 5 9 25 73 79 58 40 66 72 61 72 79 63 57 68 62 58 85 69 57 71 58 64 63 47 31 14 9 12 16 54 73 76 68 60 77 70 46 17 29 58 31 53 74 67 77 56 32 74 44 41 46 44 70 52 33 37 44 42 33 12 6 6 11 12
22 10 19 16 19 12 15 8 4 2 0 1 0 1 2 1 2 1 1 1 2 2 1 1 1 2 11 9 8 3 6 3 13 61 57 59 23 54 82 64 47 50 61 25 34 83 54 78 83 78 56 70 80 51 25 24 26 26 23 12 16 27 47 58 60 57 41 48 23 22 42 45 40 59 69 78 62 50 62 70 63 36 50 75 71 67 49 44 47 48 54 43 23 8 3 8
24 27 30 17 26 18 12 9 7 6 6 2 1 0 0 0 1 1 0 0 1 0 1 1 1 1 7 11 5 4 7 2 22 45 31 18 27 68 83 68 33 39 37 29 75 65 49 54 88 87 47 53 52 66 46 25 7 12 15 22 18 24 19 26 16 34 42 38 16 36 52 52 46 46 68 62 55 65 38 22 65 58 61 71 73 57 54 46 34 40 49 40 33 13 9 3
38 24 35 36 29 18 14 18 8 8 5 4 3 1 1 0 0 1 0 1 1 1 0 1 0 1 1 7 1 2 6 2 10 25 10 16 26 44 43 51 37 42 22 63 69 28 55 89 86 78 78 35 20 25 18 20 8 10 19 30 17 27 18 11 11 21 17 17 14 41 42 61 35 59 66 60 75 41 51 40 67 41 38 42 49 67 66 48 37 28 46 36 36 27 21 7
29 19 41 40 15 19 7 9 18 11 6 5 4 4 2 1 0 0 0 0 0 0 0 0 0 0 0 1 1 9 3 1 2 3 6 22 29 41 77 52 46 30 45 46 45 46 50 89 82 74 93 69 42 51 43 21 9 5 3 10 30 18 14 7 9 19 13 11 18 31 50 57 51 27 36 36 47 45 45 56 17 68 50 56 58 65 59 62 68 47 44 43 45 47 22 14
16 30 66 39 33 16 31 14 23 19 9 7 5 1 1 1 1 1 1 1 1 1 0 0 0 0 0 0 1 7 1 2 2 2 8 24 30 9 27 25 35 29 29 43 32 42 64 85 79 80 85 85 43 26 19 14 12 15 10 2 3 8 8 7 9 12 9 10 13 29 41 58 53 57 19 32 51 46 27 35 58 43 33 63 65 61 64 70 60 71 58 64 59 51 32 21
23 40 59 34 30 27 14 17 25 16 13 10 6 4 2 3 1 2 2 2 1 2 1 1 1 1 0 0 1 3 1 2 2 3 7 9 9 11 8 4 23 36 19 15 24 67 80 80 71 63 78 78 58 41 42 47 35 21 15 4 1 7 4 3 7 5 5 8 19 29 28 38 37 35 47 44 37 58 85 85 76 79 59 61 55 53 58 65 75 64 76 69 59 54 47 40
26 55 22 26 31 23 20 12 22 18 6 5 9 4 3 2 2 3 3 3 3 2 2 2 1 1 0 0 0 1 0 1 2 3 5 5 7 11 11 4 9 38 22 8 31 46 80 70 31 27 39 66 81 71 49 40 32 18 8 3 1 7 3 2 3 4 6 13 19 28 28 35 41 58 71 73 67 84 82 80 74 59 47 34 36 57 74 67 65 69 76 75 71 70 58 46
56 21 28 23 17 26 24 14 7 8 11 11 10 8 3 5 3 4 4 7 6 3 6 2 3 2 1 0 0 1 0 1 1 2 6 6 10 10 9 2 4 11 18 6 21 27 55 29 15 19 45 55 79 72 62 40 33 19 8 6 1 2 2 1 5 4 8 20 20 26 31 31 62 71 85 70 78 71 76 58 29 24 31 54 24 56 67 62 77 85 76 59 40 32 23 17
20 25 40 61 49 31 10 5 7 20 17 12 6 11 9 9 7 11 10 9 9 8 5 6 5 2 1 1 0 0 0 0 0 2 3 13 20 10 11 4 3 3 5 1 6 12 10 15 20 35 39 64 83 72 62 56 46 29 26 9 2 1 2 1 4 7 10 9 8 18 39 44 52 59 62 66 71 61 43 34 42 35 59 59 84 62 48 70 85 73 58 58 56 47 39 34
45 55 44 14 12 17 20 9 14 23 21 16 16 15 12 17 9 14 13 18 6 13 11 8 4 2 1 1 0 0 0 0 0 1 3 5 6 8 11 5 6 4 5 1 4 9 15 44 62 65 84 66 84 79 70 47 46 24 13 8 2 2 2 1 1 2 4 11 20 19 33 58 37 45 44 61 64 26 16 31 31 43 72 64 81 60 80 68 71 61 60 61 53 57 56 46
48 28 35 31 28 17 21 10 28 29 26 27 39 20 27 22 22 31 24 13 13 15 17 5 5 3 2 0 0 0 0 0 0 0 1 2 7 15 14 4 2 3 3 2 5 12 36 24 51 58 53 51 88 80 68 37 21 13 8 3 2 1 1 0 0 1 6 19 26 20 27 50 43 32 28 41 27 32 54 54 36 70 70 61 72 80 67 68 63 58 47 56 59 64 56 69
27 23 14 11 10 9 5 17 35 31 32 49 33 38 35 35 39 16 12 29 20 23 19 7 3 2 2 1 1 1 0 0 0 0 1 1 1 4 8 3 2 3 3 3 9 11 6 16 32 71 38 59 78 58 61 41 25 11 4 2 1 1 0 0 0 1 4 10 31 20 22 9 20 34 27 42 47 49 47 45 48 74 65 58 65 64 41 70 42 48 59 67 67 47 74 74
15 22 31 34 28 15 13 23 36 55 51 49 34 44 61 55 32 18 20 39 26 13 10 8 3 2 3 2 1 1 1 1 0 0 1 1 1 1 1 0 1 1 2 3 7 5 8 18 57 18 16 46 82 58 40 19 13 9 8 5 1 1 0 0 0 1 3 5 11 16 15 13 32 25 34 45 60 72 71 73 70 88 64 43 41 50 65 83 80 57 58 59 50 57 62 56
28 47 33 53 24 22 24 42 42 58 55 23 25 49 45 33 25 24 37 56 19 15 12 10 5 4 2 2 1 1 0 0 1 0 0 1 1 0 0 0 0 1 1 1 2 6 11 6 40 12 28 59 78 40 20 17 10 4 3 4 1 1 0 0 0 0 1 1 6 7 15 23 39 38 67 69 81 54 38 29 82 80 79 53 20 52 75 90 85 79 82 53 71 53 48 78
47 48 67 56 29 48 46 49 68 61 45 32 37 56 38 53 19 30 61 26 17 13 15 12 10 7 3 2 1 1 1 1 1 1 0 0 1 0 0 0 0 1 1 1 2 4 7 7 4 9 29 66 74 35 23 16 6 5 4 2 1 0 0 0 0 0 2 4 9 14 21 28 43 57 69 63 33 35 29 73 78 79 81 82 40 57 82 84 73 67 65 72 51 54 35 53
63 66 41 31 40 50 50 70 39 52 23 46 50 78 60 41 22 57 17 13 29 14 9 6 6 5 5 4 3 2 2 2 1 1 0 0 0 0 0 0 0 0 0 1 2 6 2 7 1 3 18 49 82 69 26 14 7 2 3 2 1 1 1 0 0 1 3 9 20 23 24 35 43 41 39 48 44 59 74 81 74 77 66 80 71 61 65 37 22 20 51 81 70 49 30 33
73 56 42 30 42 57 67 17 62 28 34 53 70 72 48 27 56 45 25 10 9 16 4 4 8 8 11 5 7 6 4 3 1 1 1 1 0 0 0 0 0 0 0 1 1 3 1 3 1 6 11 7 42 49 20 9 4 2 2 1 1 1 1 0 0 2 4 5 8 15 17 22 28 36 61 69 67 68 74 64 69 60 45 71 63 43 36 46 62 68 83 42 55 52 29 25
39 56 43 36 52 72 74 29 59 54 69 53 80 49 36 46 58 22 23 19 43 22 11 7 13 20 13 16 11 13 5 2 0 2 1 1 1 0 0 0 0 0 0 1 1 0 1 3 1 4 5 30 37 18 15 12 8 4 2 1 1 1 1 0 0 0 2 5 8 9 12 17 29 29 30 33 36 38 84 46 66 72 51 46 37 25 61 67 67 81 78 61 46 59 57 54
86 40 59 60 70 47 52 62 61 52 58 59 52 45 43 72 31 40 33 60 49 24 28 19 10 29 31 27 35 16 10 2 1 1 1 1 1 1 1 0 0 0 1 1 0 1 6 1 1 3 24 34 46 10 9 12 5 4 2 1 1 1 0 0 0 0 0 2 4 5 2 8 8 11 28 44 45 48 74 65 53 66 85 38 27 45 49 59 77 70 65 75 58 58 45 55
80 94 89 91 86 59 18 11 57 35 65 74 84 76 62 68 65 75 55 67 49 45 41 34 30 39 57 58 20 22 11 5 5 2 1 2 0 1 1 0 0 0 0 1 0 0 0 0 0 3 10 37 36 6 9 9 7 3 2 2 1 1 1 0 0 0 2 3 4 11 17 25 41 41 26 29 46 78 73 74 76 54 55 65 32 39 63 63 53 37 75 87 58 46 57 65
64 88 73 81 78 62 76 36 54 46 22 37 80 86 88 61 46 52 64 65 60 53 64 44 57 55 66 46 39 30 20 12 6 6 5 2 1 1 1 1 0 0 0 0 1 0 0 0 0 2 7 4 15 4 12 5 7 5 2 1 1 1 0 0 0 1 2 6 9 18 35 31 20 38 63 44 60 77 76 88 76 60 50 42 9 21 27 46 68 81 87 65 85 58 54 61
46 85 63 76 77 65 87 63 40 72 50 40 66 76 72 62 71 49 76 86 86 68 57 41 77 62 62 44 28 19 21 13 11 10 8 4 3 1 1 1 1 0 0 0 1 0 1 0 0 1 2 3 17 9 18 12 4 6 2 2 0 0 0 0 0 1 3 3 9 18 37 52 60 52 70 76 79 77 69 84 82 48 28 22 12 20 45 65 60 90 61 71 81 84 60 59
49 79 67 62 79 55 61 25 44 75 54 30 11 52 64 63 71 53 47 78 83 43 69 35 65 50 63 43 33 13 18 29 24 19 13 5 2 1 1 1 0 0 0 0 1 0 1 0 0 0 1 6 15 3 4 1 5 6 5 1 0 0 0 0 0 1 4 3 8 15 27 43 39 29 31 46 82 58 79 80 87 82 20 12 12 28 57 38 70 83 71 80 67 62 45 67
14 38 25 48 71 57 55 14 45 79 42 23 14 27 63 59 62 55 25 29 56 37 34 54 24 20 69 36 17 9 4 7 11 8 8 7 3 3 3 1 0 0 0 0 0 0 0 0 0 1 2 8 5 10 4 2 2 1 1 0 1 0 0 0 0 1 2 2 4 9 15 14 22 40 44 60 87 89 72 61 75 80 55 12 5 20 21 46 78 66 60 29 22 31 44 64
13 38 65 48 55 37 67 41 53 80 63 30 25 22 58 75 42 8 9 19 27 16 21 61 28 13 50 37 42 12 1 8 19 13 5 10 6 4 1 1 0 0 0 0 0 1 1 0 0 1 2 5 2 3 2 2 0 0 1 1 0 0 0 0 0 1 1 1 2 7 15 20 41 42 54 80 88 87 81 42 46 58 49 19 5 13 33 57 54 28 28 59 61 59 63 75
22 13 12 16 23 37 68 25 57 58 82 44 23 18 21 17 11 8 9 22 18 16 11 50 14 31 37 26 45 52 16 8 8 6 6 9 6 3 2 1 0 0 0 0 0 0 0 0 0 1 2 4 0 1 1 4 1 0 0 1 0 0 0 0 0 1 9 5 9 24 39 61 70 54 70 92 88 87 79 55 11 25 40 34 7 14 29 52 39 44 86 64 47 54 41 76
25 28 11 11 21 36 59 48 30 46 74 42 14 6 20 22 8 23 8 9 13 12 9 52 11 9 33 23 29 41 22 13 17 5 2 2 1 1 1 1 1 1 0 0 0 0 0 0 0 1 2 2 0 1 1 1 1 1 0 0 0 0 0 0 0 1 3 12 32 42 71 48 30 48 80 92 86 74 69 70 52 11 34 31 7 15 31 29 25 70 67 49 63 79 22 11
24 32 20 13 17 11 50 56 43 16 75 32 9 3 14 14 20 22 15 8 10 13 3 16 35 3 8 10 30 54 16 3 7 4 6 6 4 2 1 1 1 0 0 0 0 0 0 0 0 0 2 2 0 1 1 0 1 1 0 0 0 0 0 0 0 2 4 13 25 28 14 21 46 56 74 75 81 69 55 39 50 15 10 14 12 26 18 16 55 84 43 58 66 75 67 23
34 22 20 7 7 8 30 59 23 18 53 44 21 3 13 14 29 21 17 10 10 19 7 8 58 7 10 11 24 27 29 18 15 15 10 6 4 3 2 1 0 0 0 0 0 0 0 0 0 1 4 2 0 1 1 0 0 0 0 0 0 0 0 0 1 2 11 15 12 10 24 37 54 86 73 60 76 39 21 17 40 19 10 2 4 17 19 37 77 49 41 54 77 63 65 31
61 12 20 8 6 9 18 22 6 5 60 30 3 2 10 13 24 17 26 15 17 14 13 9 18 9 3 11 15 15 25 27 13 7 5 2 2 2 2 1 0 0 0 0 0 0 0 0 0 1 2 1 1 0 0 0 0 0 0 0 0 0 0 0 1 4 6 4 4 9 34 45 77 82 79 52 31 47 13 14 37 10 3 1 7 23 37 49 61 19 52 82 73 68 78 40
12 20 7 6 5 4 5 9 6 10 35 14 5 2 6 8 20 5 16 10 8 12 10 7 11 17 6 3 1 9 9 20 7 4 5 3 1 1 1 1 0 0 0 0 0 0 0 0 0 1 2 0 0 0 0 0 0 0 0 0 0 0 0 0 1 2 1 1 6 25 37 46 80 84 61 45 24 32 32 6 9 7 2 2 9 13 29 57 31 33 74 63 63 65 59 51
11 7 15 13 4 5 2 2 2 3 8 4 11 4 2 6 19 6 3 10 4 2 1 13 12 23 2 1 1 2 12 21 20 7 3 1 1 1 0 0 0 0 0 0 0 0 0 0 0 0 1 0 0 0 0 0 0 0 0 0 0 0 0 0 1 1 0 2 10 26 42 72 70 66 55 43 23 15 27 9 4 5 2 2 7 13 38 41 28 22 29 49 43 39 56 62
21 10 6 16 16 8 6 2 1 5 3 3 9 10 2 4 9 9 2 3 2 3 2 28 9 13 5 0 1 1 2 4 15 13 4 2 1 1 0 0 1 0 0 0 0 0 0 0 0 0 1 0 1 0 0 0 0 0 0 0 0 0 0 0 0 0 1 4 13 44 54 75 71 51 24 10 6 6 9 9 6 2 1 2 5 9 21 19 14 11 26 23 17 34 52 66
22 12 5 7 8 15 5 2 0 3 4 2 1 3 2 2 5 6 2 2 1 1 1 3 1 2 8 1 1 1 0 3 12 13 4 2 2 5 3 1 1 0 0 0 0 0 0 0 0 0 0 0 0 0 0 0 0 0 0 0 0 0 0 0 0 0 1 3 14 68 65 60 75 62 25 10 2 1 2 4 3 1 0 1 3 8 13 8 5 19 30 38 69 57 71 64
50 21 8 2 5 10 13 1 2 4 5 2 1 2 1 1 2 7 2 1 1 1 0 1 0 0 3 2 0 1 0 1 4 25 10 3 1 1 1 0 0 0 0 0 0 0 0 0 0 0 0 0 0 0 0 0 0 0 0 0 0 0 0 0 0 2 3 13 31 38 74 75 51 62 48 15 7 2 1 1 2 1 0 0 1 2 3 2 6 18 28 66 69 60 57 62
31 66 16 6 2 2 2 2 2 3 2 1 3 1 1 0 0 7 2 1 0 0 0 1 1 0 1 2 0 1 0 0 1 5 16 7 2 2 3 1 0 0 0 0 0 0 0 0 0 0 0 0 0 0 0 0 0 0 0 0 0 0 0 0 0 3 5 4 13 32 62 51 40 35 51 18 6 2 1 0 0 0 0 0 1 0 1 3 11 19 52 58 36 53 63 63
5 42 50 22 6 2 1 4 1 1 1 1 3 1 1 1 0 5 2 1 0 0 0 0 1 0 1 1 1 1 0 0 1 1 2 10 3 1 1 1 0 0 0 0 0 0 0 0 0 0 0 0 0 0 0 0 0 0 0 0 0 0 0 0 0 0 0 5 37 44 48 41 27 25 24 17 6 2 2 1 0 0 0 0 1 4 5 3 8 25 27 20 26 50 68 60
3 15 19 36 10 4 2 3 3 1 2 1 1 1 2 1 0 1 4 0 0 0 0 0 1 0 0 1 0 1 1 0 1 1 1 1 9 3 2 1 0 0 0 0 0 0 0 0 0 0 0 0 0 0 0 0 0 0 0 0 0 0 0 0 0 1 2 5 30 53 48 58 37 8 6 8 5 3 2 1 0 0 0 0 1 3 12 19 8 6 6 20 38 52 76 54
5 9 6 18 5 2 2 2 3 2 1 1 1 2 1 1 1 1 2 1 0 0 0 1 1 1 0 1 0 0 1 0 0 0 1 2 3 1 4 1 0 0 0 0 0 0 0 0 0 0 0 0 0 0 0 0 0 0 0 0 0 0 0 0 0 1 2 9 25 36 69 53 48 18 4 2 3 2 1 1 0 0 0 1 2 5 13 33 31 23 27 21 41 53 79 65
3 5 2 7 6 6 3 2 2 1 1 0 1 1 1 1 1 1 0 1 0 0 0 0 0 1 1 0 0 0 0 0 0 1 1 2 3 1 5 0 1 0 0 0 0 0 0 0 0 0 0 0 0 0 0 0 0 0 0 0 0 0 0 0 0 1 2 6 22 17 52 45 31 21 19 4 3 2 1 0 0 0 0 1 4 8 17 28 48 46 44 44 40 67 91 77
4 3 2 2 2 1 2 1 6 3 1 0 1 0 0 1 0 0 0 0 0 0 0 0 0 0 0 0 0 0 0 0 0 0 4 5 2 1 1 1 1 0 0 0 0 0 0 0 0 0 0 0 0 0 0 0 0 0 0 0 0 0 0 0 0 1 2 13 29 40 43 48 33 14 8 7 2 1 0 0 0 0 0 0 1 5 11 21 32 24 46 54 74 91 90 73
1 3 2 1 1 1 1 0 1 1 0 0 0 0 0 0 0 0 0 0 0 0 0 0 0 1 0 0 0 0 0 0 0 1 1 3 4 11 7 4 0 0 0 0 0 0 0 0 0 0 0 0 0 0 0 0 0 0 0 0 0 0 0 0 0 2 9 19 29 42 43 39 33 17 3 2 2 1 0 0 0 1 2 2 1 1 3 6 11 29 37 67 65 88 85 60
1 1 0 1 0 0 0 0 0 0 0 0 0 0 0 0 0 0 0 0 0 0 0 0 0 0 0 0 0 0 0 0 0 0 0 0 1 1 1 0 0 0 0 0 0 0 0 0 0 0 0 0 0 0 0 0 0 0 0 0 0 0 0 0 1 1 3 6 23 36 19 42 17 8 3 1 1 1 0 0 0 0 2 4 12 7 9 10 22 49 57 61 75 74 61 44
0 0 0 0 0 0 0 0 0 0 0 0 0 0 0 0 0 0 0 0 0 0 0 0 0 0 0 0 0 0 0 0 0 0 0 0 0 0 0 0 0 0 0 0 0 0 0 0 0 0 0 0 0 0 0 0 0 0 0 0 0 0 0 0 0 2 2 5 10 9 15 18 13 5 1 1 0 0 0 0 0 0 1 2 5 15 28 30 48 73 67 50 62 44 47 30
1 0 0 0 0 0 0 0 0 0 1 1 1 1 0 0 0 0 0 0 0 0 0 0 0 0 0 0 0 0 0 0 0 0 0 0 0 0 0 0 0 0 0 0 0 0 0 0 0 0 0 0 0 0 0 0 0 0 0 0 0 0 0 0 0 1 2 8 7 8 14 6 5 1 1 0 0 0 0 0 0 1 2 3 6 20 60 55 22 31 72 82 44 14 13 22
2 1 0 1 1 1 1 2 1 1 2 3 4 2 1 1 0 0 0 0 0 0 0 0 0 0 0 0 0 0 0 0 0 0 0 0 0 0 0 0 0 0 0 0 0 0 0 0 0 0 0 0 0 0 0 0 0 0 0 0 0 0 0 0 0 2 2 2 3 4 4 3 3 1 0 0 0 0 0 0 1 2 3 7 20 27 21 7 17 55 85 76 69 14 5 7
4 1 1 2 2 3 3 3 4 5 5 4 5 8 2 1 1 1 0 0 0 0 0 0 0 0 0 0 0 0 0 0 0 0 0 0 0 0 0 0 0 0 0 0 0 0 0 0 0 0 0 0 0 0 0 0 0 0 0 0 0 0 0 0 1 2 3 2 1 1 2 2 1 0 0 0 0 0 0 1 2 2 6 16 17 5 3 8 25 74 80 60 32 28 2 1
7 4 2 7 7 13 8 10 16 10 14 9 15 8 4 3 4 2 0 1 0 0 0 0 0 0 0 0 0 0 0 0 0 0 0 0 0 0 0 0 0 0 0 0 0 0 0 0 0 0 0 0 0 0 0 0 0 0 0 0 0 0 0 0 0 1 3 2 1 1 1 0 0 0 0 0 0 0 0 0 2 5 4 3 1 1 5 17 39 59 54 42 13 28 4 1
16 10 7 19 33 54 36 27 42 33 28 18 37 23 19 10 3 1 1 2 1 0 0 0 0 0 0 0 0 0 0 0 0 0 0 0 0 0 0 0 0 0 0 0 0 0 0 0 0 0 0 0 0 0 0 0 0 0 0 0 0 0 0 0 0 1 4 2 1 0 0 0 0 0 0 0 0 0 0 0 2 2 1 0 1 6 12 37 56 37 38 16 7 10 13 1
53 54 37 29 30 27 15 9 29 15 14 14 15 25 23 5 4 4 3 3 2 0 0 0 0 0 0 0 0 0 0 0 0 0 0 0 0 0 0 0 0 0 0 0 0 0 0 0 0 0 0 0 0 0 0 0 0 0 0 0 0 0 0 0 0 1 5 4 1 1 0 0 0 0 0 0 0 0 0 0 0 0 0 1 3 7 14 55 57 79 26 3 2 3 5 1
40 26 47 28 23 28 23 16 11 8 15 21 12 8 16 30 17 5 1 1 1 0 0 0 0 0 0 0 0 0 0 0 0 0 0 0 0 0 0 0 0 0 0 0 0 0 0 0 0 0 0 0 0 0 0 0 0 0 0 0 0 0 0 0 0 1 2 6 2 1 0 0 0 0 0 0 0 0 0 0 0 0 1 2 5 8 31 27 40 46 40 5 1 0 2 1
37 10 36 33 9 3 11 15 17 14 6 6 31 7 10 18 8 4 2 1 1 0 0 0 0 0 0 0 0 0 0 0 0 0 0 0 0 0 0 0 0 0 0 0 0 0 0 0 0 0 0 0 0 0 0 0 0 0 0 0 0 0 0 0 0 0 0 2 2 0 0 0 0 0 0 0 0 0 0 0 0 1 1 3 10 21 28 22 15 11 33 8 1 0 0 0
