sesion_6_simulaciones/modelos_agentes/ejemplos_netlogo/scenarios/cgcm2_b2/rob_2021.asc
NCOLS 322 
NROWS 307 
XLLCORNER 451900 
YLLCORNER 4086900 
CELLSIZE 100 
NODATA_value -9999 
[rows 150 to 224 of 307, columns 0 to 95 of 322]
14 9 22 51 47 70 65 27 44 48 29 28 80 82 80 53 85 69 73 78 66 42 38 25 38 23 5 14 9 10 6 26 14 25 33 29 11 24 29 25 15 14 24 52 63 43 30 23 18 17 17 20 19 18 28 19 27 29 32 32 47 62 36 36 63 66 73 71 52 16 51 29 25 28 45 12 14 4 1 4 9 10 5 10 3 3 11 5 2 2 1 1 3 2 4 1
5 11 21 15 18 14 15 19 25 21 42 18 41 69 65 55 76 74 71 35 17 23 41 53 61 39 23 10 10 3 6 13 63 44 54 60 75 26 15 28 49 42 67 61 24 22 12 23 15 11 25 22 23 19 22 17 39 43 46 47 67 63 59 46 60 72 67 49 72 39 19 46 47 14 15 5 12 22 8 3 4 7 7 3 4 2 3 13 6 2 2 1 1 2 3 3
47 20 15 13 20 18 25 34 35 38 23 45 21 15 11 12 16 16 22 34 28 65 71 62 74 48 66 29 30 33 19 22 44 9 2 2 22 71 17 12 38 31 39 44 36 49 50 58 30 16 25 25 31 24 8 23 30 64 43 66 59 66 73 87 85 74 69 40 34 80 35 28 23 23 9 3 4 4 15 8 3 4 6 4 2 4 2 3 8 2 1 1 0 0 1 1
51 45 38 28 31 21 25 36 8 22 50 35 29 38 26 25 15 34 49 61 87 71 84 64 67 46 35 42 27 58 43 7 3 9 11 2 10 14 47 16 7 69 23 25 33 23 11 19 39 25 37 43 38 25 11 14 25 53 74 63 78 68 79 76 77 71 63 22 26 64 65 43 20 11 14 7 5 4 6 4 7 3 3 4 2 2 1 1 10 4 1 1 1 0 1 1
76 53 73 55 51 54 65 23 30 21 24 30 34 60 55 25 11 26 60 65 74 86 75 86 71 70 71 70 41 46 67 63 30 7 16 16 34 28 27 48 9 48 35 25 42 8 15 20 13 32 42 52 59 43 41 20 29 50 64 71 54 40 72 72 67 59 53 38 23 36 69 17 16 9 5 3 6 2 6 12 3 5 3 2 1 1 1 1 2 1 3 1 0 0 0 0
73 62 76 58 62 56 45 58 24 20 33 22 67 47 23 46 33 21 21 60 71 63 63 72 48 60 68 68 38 16 39 71 79 61 51 26 32 38 38 47 24 41 74 40 41 25 12 12 13 20 17 18 32 11 15 39 35 58 46 28 25 24 27 43 47 18 24 14 33 44 36 30 11 7 8 3 3 4 4 7 5 2 3 2 1 1 1 1 1 1 1 2 1 0 0 0
48 62 67 80 81 55 35 80 33 19 34 36 32 33 55 55 39 55 39 23 24 55 65 25 45 69 53 81 54 17 16 17 54 76 63 47 37 33 29 40 35 39 77 31 43 42 31 40 41 42 40 41 28 26 35 27 43 72 60 57 55 47 21 10 6 15 12 17 11 20 19 28 30 10 4 2 2 3 3 4 5 7 1 2 1 1 1 0 0 1 1 0 2 0 0 0
64 79 69 86 71 35 69 82 45 44 54 28 58 76 57 41 61 46 34 28 32 29 19 51 48 24 40 68 76 44 33 21 18 69 54 59 67 64 61 70 62 40 71 79 51 46 53 56 53 53 61 67 39 56 60 30 29 46 62 45 40 22 12 18 15 4 2 8 19 20 20 24 9 9 3 3 3 3 5 3 3 2 3 1 1 1 0 0 0 0 0 0 0 1 0 0
46 80 45 79 50 67 75 73 27 55 61 41 28 22 39 41 47 71 62 73 36 25 32 22 31 31 51 84 49 81 39 49 43 59 27 54 56 80 65 54 60 34 51 74 84 53 49 45 69 53 51 42 35 59 62 35 46 74 76 73 39 48 45 31 24 10 7 10 12 10 10 13 9 4 6 1 2 4 3 3 2 1 1 1 0 0 0 0 0 0 0 0 0 0 0 0
20 72 57 71 64 72 70 32 40 67 66 53 49 29 28 17 21 30 28 67 44 19 27 23 65 72 68 72 40 74 77 31 31 39 58 70 60 84 89 60 57 26 29 67 80 77 70 55 66 32 22 30 61 58 53 47 46 34 31 30 25 39 49 39 35 20 15 12 7 8 8 7 4 5 1 2 2 2 1 1 1 1 0 1 1 1 0 1 0 0 0 0 0 0 0 0
21 20 15 52 67 69 30 31 74 48 64 76 65 49 36 41 46 43 47 25 31 48 41 18 54 55 67 76 72 45 83 79 38 20 31 74 72 62 63 62 72 27 28 67 84 86 64 56 60 57 45 30 78 47 82 88 86 78 80 72 50 26 29 23 21 16 14 12 8 4 4 6 4 4 2 3 1 1 1 1 1 0 0 1 0 0 0 0 0 0 0 0 0 0 0 0
23 64 41 31 20 45 37 75 79 54 51 69 46 58 27 44 39 38 45 30 33 35 37 18 61 72 62 85 78 58 72 83 77 43 36 11 27 59 44 25 38 28 21 79 83 82 68 72 67 70 89 93 81 55 44 80 78 42 44 62 56 27 37 26 19 11 8 12 8 2 3 3 3 2 1 2 1 1 1 1 0 0 0 0 0 0 0 0 0 0 0 0 0 0 0 0
57 61 46 62 48 23 47 79 72 76 16 53 66 67 74 45 57 33 29 26 27 13 37 55 80 58 83 88 73 73 51 66 77 51 48 28 57 76 82 82 65 54 39 56 82 69 63 89 62 69 84 84 91 68 49 83 88 63 44 30 65 58 20 38 20 14 6 6 5 3 3 2 2 1 1 1 1 1 1 0 0 0 0 0 0 0 0 0 0 0 0 0 0 0 0 0
47 44 65 45 35 14 43 63 45 79 35 40 71 56 70 58 30 52 43 58 59 57 17 42 58 70 80 81 58 80 61 76 64 61 60 68 63 73 78 71 17 60 67 41 20 49 60 84 69 58 77 73 77 83 44 59 71 89 63 37 44 25 21 17 18 22 17 10 4 2 3 1 1 1 1 0 1 0 0 0 0 0 0 0 0 0 0 0 0 0 0 0 0 0 0 0
31 28 18 35 48 43 17 74 34 30 32 47 58 19 42 60 37 46 39 64 61 39 34 13 39 77 68 79 61 80 59 61 53 36 51 57 72 63 64 73 68 52 27 25 12 17 54 78 62 32 44 67 76 82 76 79 80 73 81 36 23 24 18 22 15 11 15 4 2 4 1 1 1 1 0 0 0 0 0 0 0 0 0 0 0 0 0 0 1 0 0 1 0 1 1 0
25 42 52 43 25 19 17 31 39 38 59 51 61 61 30 45 45 56 26 20 32 63 40 18 9 19 25 58 53 30 12 13 11 23 21 16 47 31 33 55 53 49 48 23 8 17 61 67 57 44 35 26 49 77 73 66 54 47 65 63 20 11 15 13 13 10 4 5 2 1 1 1 1 0 0 0 0 0 0 0 0 0 0 1 1 2 1 2 1 1 1 2 1 2 2 1
45 28 22 20 33 26 26 14 18 17 35 64 59 65 21 21 27 59 61 45 30 25 39 11 25 35 30 25 16 23 36 29 34 32 49 18 15 14 14 15 12 29 26 15 16 25 52 58 63 43 37 31 8 36 35 39 34 49 26 38 28 10 20 16 13 5 4 2 2 1 1 1 0 0 0 0 0 0 0 0 2 2 1 2 3 4 3 5 3 3 9 10 3 6 2 1
32 32 38 61 49 49 38 31 38 38 46 12 17 24 34 48 36 16 58 61 48 23 18 7 22 58 58 45 33 37 54 58 30 57 25 19 20 26 27 25 18 9 19 23 36 39 54 54 64 50 35 16 17 11 18 38 14 9 7 20 10 11 9 4 6 2 1 2 1 1 0 0 0 0 0 0 0 0 1 2 5 5 5 8 9 17 13 7 6 8 2 1 1 1 1 4
40 42 55 39 32 43 44 28 47 65 19 29 48 47 31 48 13 18 21 21 31 16 14 12 29 30 53 47 63 30 56 48 41 43 26 23 30 55 27 54 33 17 11 13 16 26 36 43 40 42 27 38 31 19 21 19 16 9 11 12 20 15 6 2 2 2 1 0 1 0 0 2 2 1 1 1 0 1 4 11 20 14 16 35 23 21 19 13 13 8 3 1 0 0 1 3
56 69 65 66 36 31 37 36 50 58 34 36 51 50 48 29 34 28 35 35 23 26 27 15 32 29 33 56 27 40 51 52 52 37 28 28 25 50 28 58 40 32 28 10 7 6 22 19 59 59 34 25 51 22 9 24 23 28 19 11 13 5 3 1 1 1 0 0 1 1 3 5 6 2 3 4 1 5 16 20 36 56 19 43 21 14 9 8 8 5 2 1 0 0 0 0
22 19 15 17 25 27 51 56 65 44 48 22 41 53 26 12 19 17 24 20 12 10 8 15 25 25 27 33 47 51 43 37 26 33 21 9 31 28 48 60 41 40 55 31 34 16 10 19 16 46 27 34 22 9 8 15 14 9 5 2 2 1 1 0 0 0 1 3 6 4 10 14 12 6 11 6 3 10 27 33 67 37 19 11 6 1 1 4 1 1 1 0 0 0 0 1
32 43 33 49 45 50 37 55 44 38 19 23 34 47 56 48 47 22 16 14 18 6 7 22 59 51 32 30 48 29 21 34 62 36 19 8 30 18 55 25 59 40 52 46 28 15 20 19 9 24 31 20 8 11 8 6 15 4 2 2 1 3 2 4 1 3 5 12 13 14 15 22 14 12 15 10 9 20 40 55 50 23 8 6 3 1 1 1 2 1 0 0 0 0 0 0
26 22 24 49 66 30 35 44 39 45 39 30 51 32 59 47 35 56 44 29 54 23 27 18 50 65 41 61 24 28 40 24 48 44 19 13 21 28 36 20 31 33 47 50 21 32 21 12 12 16 15 18 12 10 8 6 2 1 1 4 4 9 10 9 5 6 15 21 36 40 26 36 37 30 19 28 36 45 49 43 30 32 12 4 2 2 1 0 2 1 0 0 0 0 0 0
33 23 38 57 39 40 36 49 52 44 57 62 56 44 33 29 59 57 38 41 40 29 51 31 36 59 71 48 28 26 17 16 13 13 28 33 9 12 45 46 46 51 43 31 40 28 26 23 13 16 15 16 21 12 4 3 3 5 8 18 16 15 23 14 11 22 28 32 51 38 42 53 64 29 31 42 55 61 65 32 8 5 5 5 3 1 1 0 0 0 0 0 0 0 0 0
26 34 47 49 25 62 46 43 64 67 76 71 64 66 44 20 21 35 36 41 15 37 65 38 46 35 60 74 49 63 45 36 29 30 49 56 22 33 49 61 54 15 19 32 23 27 14 11 17 22 19 30 15 9 11 6 9 10 24 25 24 24 34 25 20 32 45 32 62 60 51 75 59 44 52 72 55 53 16 57 27 18 4 2 2 1 1 1 0 0 0 0 0 0 0 0
28 33 49 37 26 22 29 38 29 37 56 71 47 52 63 25 34 30 25 22 25 63 66 52 33 42 23 47 37 43 35 35 49 47 62 54 31 47 62 60 50 28 13 12 20 20 23 35 19 18 32 17 13 23 12 10 16 30 34 46 40 39 40 30 32 63 68 56 74 74 73 72 83 82 50 49 54 50 14 9 17 21 8 5 1 1 1 1 0 0 0 0 0 0 0 0
31 35 54 30 36 20 27 20 37 45 25 29 24 26 33 47 44 37 62 34 49 65 48 65 27 62 36 64 31 30 44 48 49 45 55 47 47 37 57 58 49 24 10 20 24 23 29 26 25 24 24 31 19 14 14 24 34 36 38 44 43 32 53 46 53 72 73 67 62 83 72 65 58 68 23 18 9 28 29 12 4 9 4 2 1 1 1 0 0 0 0 0 0 0 0 0
39 59 51 71 17 64 51 12 42 37 47 34 62 35 49 45 48 39 39 39 30 55 36 53 43 36 46 41 27 52 51 45 49 51 51 39 44 34 45 63 46 40 41 45 51 26 32 23 41 50 44 52 35 22 33 37 42 54 39 45 63 49 66 69 63 72 52 71 33 50 75 73 67 50 66 46 25 7 4 7 4 2 5 3 2 1 1 2 0 0 0 0 0 0 0 0
70 51 26 34 56 35 19 43 47 57 37 57 33 33 63 41 42 12 38 45 45 17 34 49 39 29 41 18 30 20 24 45 45 71 30 33 30 47 47 22 32 47 22 28 25 33 16 31 48 63 55 50 43 40 37 57 49 61 59 50 59 69 65 69 63 73 53 45 69 32 62 65 42 62 64 71 48 37 31 14 8 4 1 1 1 2 1 1 0 0 0 0 0 0 0 0
49 75 45 44 17 31 26 44 42 50 64 28 36 56 57 65 65 26 31 58 40 30 13 24 47 19 34 28 25 16 20 49 54 45 25 32 31 33 64 42 30 41 21 64 34 30 41 28 57 65 52 47 47 46 44 48 69 63 62 75 76 84 73 58 64 31 41 31 34 37 24 47 27 33 62 61 59 74 45 26 22 23 16 6 1 1 1 1 0 0 0 0 0 0 0 0
26 30 23 21 46 57 37 38 52 60 58 34 43 31 20 21 17 22 30 44 61 28 37 20 33 24 27 13 19 30 38 50 36 32 34 24 34 55 63 48 30 27 43 69 25 54 39 44 56 76 48 50 50 47 48 54 70 77 65 74 84 59 40 69 69 58 43 18 12 4 7 8 12 13 33 42 35 44 49 22 41 22 10 2 1 1 1 1 1 0 0 0 0 0 0 0
25 26 43 34 33 51 54 39 23 57 15 21 38 37 65 30 51 27 32 27 45 35 29 33 25 33 45 24 22 24 42 29 32 46 12 13 24 65 41 36 23 40 43 59 50 45 50 55 67 61 46 62 52 51 64 51 72 83 84 60 70 71 31 18 15 23 27 39 29 18 6 4 2 5 10 23 16 34 54 14 21 40 10 4 2 1 1 1 1 0 0 0 0 0 0 0
23 61 40 23 21 32 36 34 23 19 30 29 30 53 45 33 41 49 42 38 29 62 30 52 29 37 60 20 21 37 19 25 52 32 32 49 47 71 17 14 29 54 54 64 57 44 49 52 62 46 68 73 59 64 62 60 66 70 71 49 50 63 34 31 57 70 73 51 45 24 18 19 4 1 2 12 9 23 45 25 11 9 8 4 2 1 1 1 0 0 0 0 0 0 0 0
29 44 36 34 29 32 37 33 15 10 22 29 45 24 35 41 34 55 34 21 17 21 32 20 17 47 43 26 39 30 22 25 45 26 12 27 37 47 35 33 41 50 73 73 45 49 62 57 65 60 76 78 63 81 73 85 73 67 75 47 36 16 64 56 23 45 64 53 56 52 44 18 6 5 2 1 2 5 21 8 4 1 1 3 1 1 0 0 0 1 0 0 0 0 0 0
53 11 21 40 11 28 19 5 10 4 7 6 11 22 44 21 16 23 43 26 23 13 17 21 11 23 21 29 42 25 7 11 12 26 28 19 50 40 26 37 48 62 79 88 83 79 68 73 66 40 76 56 85 75 70 75 44 54 73 79 33 28 20 75 34 23 41 56 44 35 52 43 43 14 7 2 1 0 0 0 1 1 0 1 1 0 0 0 0 0 0 0 0 0 0 0
5 9 21 13 15 12 9 3 3 14 30 3 9 12 13 29 25 21 33 25 24 20 24 25 8 9 17 22 15 8 2 5 8 42 58 60 74 79 85 82 81 88 73 87 82 88 78 40 69 71 47 43 60 65 68 70 45 69 73 60 56 39 16 44 68 23 7 19 46 59 39 31 12 9 11 6 2 1 1 0 1 1 0 0 1 1 0 0 0 0 0 0 0 0 0 0
5 10 13 6 6 3 14 42 58 23 28 36 44 9 7 23 16 12 15 10 12 6 8 6 10 7 27 30 39 7 2 13 14 10 20 63 73 76 81 82 73 79 74 72 81 86 84 55 43 47 82 62 30 55 26 32 32 70 84 67 47 41 26 20 78 32 27 10 22 33 59 8 4 6 7 10 5 4 2 1 0 0 0 0 0 1 0 0 0 0 0 0 0 0 0 0
12 15 16 23 22 36 51 38 40 43 46 24 31 21 16 11 8 6 7 7 3 6 28 30 55 54 26 12 31 10 4 36 30 17 22 26 36 72 71 82 68 49 57 56 69 83 88 88 45 45 62 66 47 24 42 16 43 53 73 69 21 30 23 12 73 44 16 12 9 44 52 59 17 10 5 3 2 1 1 1 1 1 0 0 0 0 0 0 0 0 0 0 0 0 0 0
30 35 25 62 46 55 59 66 71 64 45 38 51 27 23 9 6 8 3 8 7 5 3 8 13 24 45 39 13 16 15 15 25 39 9 22 43 56 61 69 70 45 31 44 59 80 86 82 88 84 37 48 40 33 16 14 23 46 65 68 20 19 23 17 41 82 40 18 7 3 5 15 6 5 3 8 4 1 1 0 0 0 1 0 0 0 0 0 0 0 0 0 0 0 0 0
27 51 52 63 68 58 72 59 79 67 47 74 64 35 67 54 50 27 11 2 3 3 3 3 6 11 18 46 9 8 17 11 40 30 41 35 24 22 12 9 55 64 30 45 38 47 65 65 82 86 81 49 45 56 29 32 18 47 63 56 56 17 27 18 12 66 78 39 19 5 2 3 14 6 3 2 3 3 1 1 0 0 0 0 0 0 0 0 0 0 0 0 0 0 0 0
9 14 25 65 77 65 83 83 80 79 71 76 53 73 82 76 55 33 49 21 14 8 9 9 11 27 46 18 14 17 13 33 55 36 42 51 41 36 27 24 19 32 28 29 20 39 68 47 62 76 85 52 37 32 38 32 6 32 49 49 49 27 15 13 5 41 67 56 22 16 2 1 6 13 3 1 1 1 1 0 0 0 0 0 0 0 0 0 0 0 0 0 0 0 0 0
21 21 29 67 73 75 73 60 55 84 87 69 81 83 83 73 56 61 54 49 33 7 17 27 44 73 66 19 8 15 20 28 27 39 26 40 41 45 50 30 19 19 18 14 26 33 47 43 15 54 72 79 30 22 25 12 9 6 21 28 62 50 7 7 16 23 27 49 9 13 7 1 1 5 3 2 1 1 1 1 0 0 0 0 0 0 0 0 0 0 0 0 0 0 0 0
13 15 16 14 13 17 41 48 47 18 39 81 90 85 82 54 56 80 66 51 63 19 21 13 11 15 56 69 26 9 20 24 30 50 41 32 43 41 55 36 41 51 39 29 19 10 41 43 31 20 45 63 39 17 7 5 14 5 9 22 22 17 10 6 7 11 6 48 6 8 4 4 0 2 2 3 2 1 1 1 1 0 0 0 0 0 0 0 0 0 0 0 0 0 0 0
9 16 24 53 43 48 72 42 41 32 38 20 66 84 86 69 68 75 54 58 42 68 39 47 37 18 10 15 24 15 6 23 36 58 27 30 21 31 51 45 38 34 26 25 36 27 24 8 21 45 23 28 6 7 3 10 7 10 6 7 19 20 13 7 2 3 3 22 26 3 1 3 2 1 1 1 2 1 1 0 0 0 0 0 0 0 0 0 0 0 0 0 0 0 0 0
9 23 13 12 24 16 21 31 31 37 19 10 18 38 70 79 78 42 19 26 28 66 49 62 47 37 26 10 10 23 13 61 49 28 65 42 42 44 49 34 38 54 55 43 46 27 29 14 13 8 40 23 17 8 5 4 8 8 5 5 12 23 11 5 4 3 5 13 30 9 2 1 3 2 1 0 0 1 1 0 0 0 0 0 0 0 0 0 0 0 0 0 0 0 0 0
22 5 15 28 38 40 26 27 32 39 45 32 51 28 26 33 45 31 27 41 69 31 35 52 70 73 20 23 13 57 33 35 67 53 72 33 74 44 37 34 39 38 34 41 31 28 26 15 12 11 8 13 9 8 10 6 5 6 3 1 3 4 10 7 7 4 3 5 8 8 4 4 4 1 1 1 0 1 1 0 0 0 0 0 0 0 0 0 0 0 0 0 0 0 0 0
46 22 38 28 30 43 34 47 57 45 31 33 17 42 50 37 37 29 27 41 26 62 51 38 19 39 46 52 55 14 18 51 48 17 39 36 21 56 32 37 37 45 22 26 13 14 11 15 16 13 6 3 16 15 8 12 5 4 3 3 1 3 9 3 3 3 2 3 3 7 1 2 1 1 1 0 0 0 0 0 0 0 0 0 0 0 0 0 0 0 0 0 0 0 0 0
66 52 13 15 43 22 47 69 37 31 46 38 38 61 22 39 28 28 26 22 36 49 44 42 35 22 29 33 19 29 13 48 34 40 47 58 18 26 49 21 26 42 32 37 31 10 14 14 8 12 3 7 1 4 4 14 3 4 3 5 3 2 1 1 1 0 0 1 1 1 1 0 1 1 0 1 1 0 1 0 0 0 0 0 0 0 0 0 0 0 0 0 0 0 0 0
66 55 83 30 26 46 15 14 45 55 29 50 28 50 21 48 46 40 38 47 55 58 45 25 39 38 30 34 54 58 46 14 11 17 43 34 31 10 45 43 39 30 13 16 22 22 13 6 9 9 6 2 12 5 4 11 5 1 3 1 1 2 1 1 0 0 0 0 1 1 1 0 0 1 1 1 1 0 1 0 0 0 0 0 0 0 0 0 0 0 0 0 0 0 0 0
49 61 72 61 20 15 51 28 9 22 41 29 17 27 39 35 27 20 31 40 45 47 78 58 44 42 36 32 57 68 48 31 12 26 48 43 58 29 9 46 29 38 33 25 12 10 13 13 8 8 3 1 2 1 1 3 2 2 1 1 1 1 1 1 1 0 0 0 0 0 1 0 1 1 1 1 1 1 0 0 0 0 0 0 0 0 0 0 0 0 0 0 0 0 0 0
53 60 81 68 75 41 15 60 25 28 60 26 39 31 20 41 23 27 29 25 20 33 63 56 44 46 40 33 44 66 74 48 27 22 56 58 62 40 17 24 68 25 21 47 25 23 14 14 12 4 2 1 1 1 1 1 2 1 1 0 0 0 1 1 0 0 0 0 0 0 0 0 0 0 0 0 0 1 0 0 0 0 0 0 0 0 0 0 0 0 0 0 0 0 0 0
61 54 51 72 50 57 57 24 65 38 50 65 54 61 44 25 29 24 35 54 30 43 67 65 45 44 41 27 18 21 61 54 39 29 23 62 46 33 26 14 18 49 11 12 12 13 12 14 21 7 9 2 1 1 1 1 1 0 1 2 0 0 0 0 0 0 0 0 0 0 0 0 0 0 0 0 0 0 0 0 0 0 0 0 0 0 0 0 0 0 0 0 0 0 0 0
31 69 64 75 62 69 68 60 39 29 22 18 32 23 23 51 43 30 47 21 61 30 68 79 45 47 45 25 14 6 13 35 53 38 14 39 52 21 46 35 23 12 32 34 14 12 17 9 12 4 10 2 1 1 1 0 0 0 0 1 1 0 0 0 0 0 0 0 0 0 0 0 0 0 0 0 0 0 0 0 0 0 0 0 0 0 0 0 0 0 0 0 0 0 0 0
21 25 14 34 38 14 18 13 39 35 53 51 49 56 23 23 51 51 43 46 35 29 59 81 66 59 52 47 26 8 6 7 40 29 31 31 49 18 44 46 32 12 9 27 18 22 13 9 8 2 1 1 1 1 1 1 0 0 0 0 0 0 0 0 0 0 0 0 0 0 0 0 0 0 0 0 0 0 0 0 0 0 0 0 0 0 0 0 0 0 0 0 0 0 0 0
26 43 36 21 22 39 30 29 34 60 33 59 43 26 36 47 32 22 28 44 27 72 44 63 72 57 60 51 48 20 8 9 5 16 30 30 35 17 42 22 30 26 17 12 18 12 9 14 8 4 2 1 1 1 0 0 0 0 0 0 0 0 0 0 0 0 0 0 0 0 0 0 0 0 0 0 0 0 0 0 0 0 0 0 0 0 0 0 0 0 0 0 0 0 0 0
47 34 49 33 44 61 45 37 48 56 32 40 36 19 34 62 45 47 30 31 62 48 34 27 78 50 22 16 14 9 10 4 10 4 8 11 68 44 21 32 19 10 15 17 9 15 6 6 13 8 6 2 1 0 0 0 0 0 0 0 0 0 0 0 0 0 0 0 0 0 0 0 0 0 0 0 0 0 0 0 0 0 0 0 0 0 0 0 0 0 0 0 0 0 0 0
39 32 34 32 16 35 37 39 32 26 54 49 36 17 32 38 31 41 48 71 50 31 42 58 74 66 32 23 22 22 19 17 6 9 10 6 4 5 13 17 12 21 7 13 10 14 13 5 12 5 6 4 2 1 0 0 0 0 0 0 0 1 1 1 0 0 0 0 0 0 0 0 0 0 0 0 0 0 0 0 0 0 0 0 0 0 0 0 0 0 0 0 0 0 0 0
29 20 30 19 35 30 39 31 18 16 25 26 20 42 40 40 30 48 37 30 30 28 16 9 15 16 14 21 41 39 22 42 27 8 5 4 5 4 4 12 8 17 12 5 14 8 11 7 4 2 2 2 1 1 0 0 0 0 1 1 1 1 1 1 0 0 0 0 0 0 0 0 0 0 0 0 0 0 0 0 0 0 0 0 0 0 0 0 0 0 0 0 0 0 0 0
36 25 32 9 22 21 39 48 69 65 57 14 22 41 33 21 30 43 55 43 44 21 28 23 16 20 47 24 27 38 49 33 16 17 16 3 2 2 4 5 6 8 11 12 11 8 4 3 7 2 1 1 1 0 0 1 0 1 1 1 2 1 1 1 1 0 0 1 1 0 0 0 0 0 0 0 0 0 0 0 0 0 0 0 0 0 0 0 0 0 0 0 0 0 0 0
12 14 11 10 34 35 21 39 74 75 63 72 50 24 36 50 39 46 46 23 17 20 43 32 30 30 44 18 8 26 20 12 5 9 13 8 3 3 6 3 2 4 3 3 4 4 4 2 3 2 1 0 1 1 1 1 1 2 2 2 1 2 2 2 3 1 1 1 1 1 0 0 0 0 0 0 0 0 0 0 0 0 0 0 0 0 0 0 0 0 0 0 0 0 0 0
9 18 33 33 43 34 54 44 16 29 65 65 64 70 75 60 82 56 45 43 16 10 36 26 26 37 20 18 11 8 20 20 19 12 16 6 5 10 13 3 2 9 4 4 2 1 3 1 1 1 1 1 2 3 3 4 2 2 2 2 2 3 4 6 4 2 1 1 1 1 0 0 0 0 0 0 0 0 0 0 0 0 0 0 0 0 0 0 0 0 0 0 0 0 0 0
23 8 6 20 50 59 63 82 73 37 47 82 68 57 77 58 81 81 80 59 33 46 10 11 12 10 29 31 32 43 11 41 34 16 5 7 3 8 8 4 11 5 4 3 3 2 2 2 1 1 2 2 6 11 11 6 7 3 4 4 2 6 6 6 4 3 2 2 1 1 1 0 0 0 0 0 0 0 0 0 0 0 0 0 0 0 0 0 0 0 0 0 0 0 0 0
30 30 51 19 14 33 53 71 73 43 31 79 45 40 77 58 56 34 49 60 20 31 26 20 14 18 24 29 25 44 19 10 8 19 13 11 4 18 7 6 10 12 8 7 6 9 7 5 1 6 10 8 12 20 20 17 5 2 12 7 5 7 7 4 6 6 1 4 3 1 1 0 0 0 0 0 0 0 0 0 0 0 0 0 0 0 0 0 0 0 0 0 0 0 0 0
59 31 45 69 51 26 24 33 33 72 29 71 52 46 72 39 19 27 38 26 20 9 25 16 21 33 31 13 9 25 17 9 3 3 4 4 15 16 6 4 25 25 11 24 18 7 5 2 2 7 20 19 21 49 17 12 9 4 20 7 6 8 14 14 7 5 3 4 1 1 1 0 0 0 0 0 0 0 0 0 0 0 0 0 0 0 0 0 0 0 0 0 0 0 0 0
77 74 44 63 75 83 70 39 19 19 48 75 65 32 67 37 37 27 36 27 13 9 29 12 30 25 25 20 16 11 6 7 8 11 14 9 20 4 7 13 26 26 32 32 12 5 2 4 11 9 19 38 54 21 12 17 15 8 34 11 25 7 17 7 6 17 6 2 4 1 1 1 2 1 0 0 0 0 0 0 0 0 0 0 0 0 0 0 0 0 0 0 0 0 0 0
70 80 78 71 71 84 72 86 57 15 40 65 14 27 51 46 38 16 45 9 10 8 17 9 43 26 14 10 8 2 2 8 13 9 21 8 27 6 19 20 43 45 47 14 12 6 6 16 26 24 21 47 45 26 29 44 29 14 48 37 16 19 14 18 27 12 8 5 2 1 1 6 2 0 0 0 0 0 0 0 0 0 0 0 0 0 0 0 0 0 0 0 0 0 0 0
56 81 79 88 75 71 81 81 69 42 37 35 43 17 46 39 30 20 14 8 8 8 25 14 19 16 15 28 19 17 20 20 11 5 7 18 42 17 22 32 59 55 33 14 7 13 15 39 55 38 30 55 41 26 42 61 21 39 43 33 39 12 19 46 38 13 8 3 4 4 3 2 1 1 0 0 0 0 0 0 0 0 0 0 0 0 0 0 0 0 0 0 0 0 0 0
17 69 81 70 76 38 60 68 67 64 53 62 44 15 47 72 43 20 22 14 7 14 23 14 11 13 21 7 9 10 3 8 6 16 42 29 47 21 22 36 60 35 12 6 13 34 33 36 70 52 57 58 30 53 65 54 23 43 29 55 40 44 49 40 21 13 11 4 2 0 0 0 0 0 0 0 0 0 0 0 0 0 0 0 0 0 0 0 0 0 0 0 0 0 0 0
32 27 53 27 14 14 20 16 19 10 14 25 54 17 10 47 55 39 31 28 14 11 8 9 23 8 14 14 38 30 6 15 18 21 57 64 72 38 24 52 41 15 7 17 44 48 46 44 75 58 63 76 65 56 73 58 54 31 51 54 30 49 32 8 3 3 1 2 4 3 2 1 2 0 0 0 0 0 0 0 0 0 0 0 0 0 0 0 0 0 0 0 0 0 0 0
36 33 16 21 32 56 55 21 23 4 10 12 8 4 15 9 10 19 9 7 5 25 13 14 7 25 23 28 16 24 21 35 35 35 63 76 58 49 41 55 25 20 17 37 55 56 67 45 66 77 67 79 83 64 60 75 79 54 70 64 60 70 35 44 22 12 10 6 2 0 1 1 0 0 0 0 0 0 0 0 0 0 0 0 0 0 0 0 0 0 0 0 0 0 0 1
59 56 45 39 58 63 63 49 20 16 26 19 24 17 16 21 17 6 6 8 11 30 13 15 26 32 15 56 51 37 47 52 50 53 62 43 30 44 25 54 39 28 25 44 63 72 75 68 72 78 65 75 69 67 22 28 64 74 68 45 12 8 18 11 35 9 6 10 2 1 1 0 1 0 0 0 0 0 0 0 0 0 0 0 0 0 0 0 0 0 0 0 0 0 0 0
38 12 46 54 63 54 53 30 10 20 19 26 51 42 20 19 8 13 11 13 3 6 47 31 20 6 9 29 45 36 36 44 64 41 69 31 43 29 11 50 39 34 47 64 66 79 77 62 79 85 61 38 38 26 13 11 35 45 32 16 22 12 10 13 7 5 4 1 3 2 1 0 0 0 0 0 0 0 0 0 0 0 0 0 0 0 0 0 0 0 0 0 0 0 0 0
24 33 44 61 48 36 47 32 7 21 24 28 51 22 19 11 10 4 5 7 17 30 29 38 30 26 20 34 55 30 21 47 60 36 62 53 32 30 37 64 38 36 50 67 60 74 54 56 59 78 76 44 28 26 21 9 11 21 9 11 13 6 4 10 4 5 2 3 2 1 1 1 0 0 0 0 0 0 0 0 0 0 0 0 0 0 0 0 0 0 0 0 0 1 2 1
51 60 46 32 32 41 39 45 23 11 14 30 32 15 8 9 11 22 27 27 31 43 28 65 51 47 37 38 31 47 31 47 40 47 70 21 25 37 44 67 63 59 50 74 36 21 32 19 18 56 64 40 36 17 13 12 5 6 9 10 6 10 3 5 6 2 2 2 2 1 0 0 0 0 0 0 0 0 0 0 0 0 0 0 0 0 0 0 1 1 0 0 1 1 0 0
48 70 70 76 59 57 45 46 31 37 46 59 24 19 17 27 26 42 23 25 62 18 40 47 48 36 29 63 46 44 43 52 44 62 41 31 43 55 47 64 65 65 64 87 80 70 58 52 42 18 21 28 16 11 7 6 5 7 6 6 5 5 3 12 9 4 2 1 1 0 0 0 0 0 0 0 0 0 0 0 0 0 0 0 0 0 0 0 2 1 0 1 1 1 0 0
