sesion_6_simulaciones/modelos_agentes/ejemplos_netlogo/scenarios/cgcm2_b2/rob_2031.asc
NCOLS 322 
NROWS 307 
XLLCORNER 451900 
YLLCORNER 4086900 
CELLSIZE 100 
NODATA_value -9999 
[rows 75 to 149 of 307, columns 0 to 95 of 322]
0 0 0 0 0 0 0 0 0 1 0 1 0 0 1 0 0 0 0 0 0 0 0 0 0 0 1 1 1 1 1 1 3 8 24 31 16 14 39 27 7 12 12 7 3 1 2 4 3 4 5 5 4 3 5 5 2 3 2 3 3 7 23 28 10 12 23 18 15 6 10 20 18 13 22 68 35 16 13 44 49 50 52 39 18 50 48 21 19 14 18 31 32 23 16 56
0 0 0 0 0 0 0 0 0 0 0 0 0 0 0 0 0 0 0 0 0 0 0 0 2 1 1 0 0 0 0 1 1 3 8 25 23 37 25 14 15 38 14 6 7 3 3 3 2 5 9 3 5 3 5 2 10 4 2 1 4 23 14 26 26 24 34 31 38 23 19 8 7 6 18 64 72 32 18 12 39 50 36 18 18 64 60 56 45 14 9 8 35 43 31 44
1 0 0 0 0 0 0 0 0 0 0 0 0 0 0 0 0 0 0 0 0 0 0 1 0 1 0 0 0 0 1 1 1 2 12 8 12 14 6 8 42 13 14 12 17 19 7 1 3 7 6 5 5 4 8 3 4 4 2 5 11 17 15 33 21 30 36 38 40 43 39 37 33 23 11 20 46 41 30 10 34 61 24 15 46 68 25 59 50 34 17 35 49 48 39 29
1 0 0 0 0 0 0 0 0 0 0 0 0 0 0 0 0 0 0 0 0 1 2 0 0 1 1 2 1 1 4 3 4 6 11 9 6 9 13 25 19 32 12 16 19 42 17 14 18 10 10 4 5 4 3 1 5 5 11 13 12 8 13 8 22 32 34 52 46 40 39 52 35 33 15 5 6 19 23 16 25 30 24 28 59 30 23 15 15 38 29 34 26 34 37 35
0 0 0 0 0 0 0 0 0 0 0 0 0 0 0 0 0 0 0 0 0 0 0 0 0 0 1 0 1 3 3 5 25 45 57 48 27 9 22 26 26 43 28 7 9 12 34 37 50 51 38 22 14 11 8 4 4 7 13 14 6 7 8 7 8 16 12 7 16 41 45 38 37 38 26 20 12 21 9 7 19 29 26 39 55 26 37 26 14 27 32 47 64 51 42 41
0 0 0 0 0 0 0 0 0 0 0 0 0 0 0 0 0 0 0 0 1 0 1 2 0 1 0 0 1 5 3 3 4 22 58 71 27 10 14 34 28 21 41 25 8 8 15 34 62 70 82 82 72 32 24 14 12 14 10 14 11 9 7 3 17 18 12 19 20 37 47 35 41 43 37 22 19 9 6 1 10 25 25 38 36 36 19 17 16 22 51 53 57 33 35 52
0 1 1 0 0 0 0 0 0 0 0 0 0 0 0 0 0 0 0 1 0 0 3 24 4 1 0 1 1 7 5 4 2 4 8 41 30 14 9 23 39 61 29 47 39 18 12 5 4 10 31 42 57 70 58 31 16 9 12 11 6 15 8 29 7 4 9 7 11 22 21 50 43 45 45 27 8 1 4 3 7 15 15 41 24 33 47 45 24 16 11 7 24 17 20 30
1 0 1 1 1 0 0 0 0 0 0 0 0 0 0 0 0 1 2 23 25 26 42 17 42 16 5 1 0 1 2 9 9 17 18 8 6 5 4 17 18 15 21 43 27 22 25 17 5 2 1 3 9 35 34 63 38 21 10 41 52 29 21 10 36 20 7 13 4 4 22 37 53 38 25 24 16 10 10 21 8 6 22 51 20 40 45 45 40 40 21 8 7 17 33 48
0 0 0 0 1 1 0 0 0 0 0 0 0 1 2 2 3 19 26 42 5 17 7 2 4 6 5 1 6 9 4 8 6 4 10 11 6 5 15 22 40 44 16 11 8 8 9 7 2 4 5 2 10 7 9 21 38 30 56 53 20 10 11 18 34 10 10 16 18 16 60 53 52 37 31 33 36 40 25 13 19 14 40 46 28 57 60 82 59 58 53 37 7 5 6 5
0 0 1 3 0 0 0 0 0 0 0 0 1 0 1 3 4 13 3 7 8 4 3 2 1 3 4 7 20 19 27 3 5 14 25 15 6 16 21 22 34 48 43 29 3 1 3 5 4 3 2 14 42 27 25 20 13 34 66 26 18 18 9 10 24 17 23 17 42 49 39 39 40 35 36 34 38 32 40 12 15 12 19 18 27 63 24 47 52 70 39 43 37 16 8 5
0 0 0 0 2 2 2 0 0 0 1 0 1 0 2 2 4 4 2 2 3 10 1 0 1 1 8 2 1 1 3 3 9 24 14 17 6 44 29 32 46 43 53 43 22 25 32 24 27 32 25 32 44 40 29 19 27 26 21 23 24 39 35 23 16 8 8 42 36 24 31 26 56 32 27 56 42 34 33 20 15 9 9 21 5 38 26 55 53 69 72 73 50 23 10 6
0 0 2 2 1 1 0 2 0 0 0 0 0 1 1 0 1 1 1 0 4 2 0 2 6 4 4 1 2 2 4 6 13 13 12 16 12 28 26 51 56 30 49 35 23 30 40 27 23 35 38 20 29 34 29 29 40 20 25 34 49 36 19 16 18 18 17 9 14 21 12 28 14 10 52 40 29 30 53 33 32 14 7 12 25 28 24 22 52 46 33 37 54 14 10 6
0 1 1 2 1 3 0 2 0 0 0 0 0 1 1 0 0 1 2 3 1 6 4 16 18 17 19 35 23 7 3 3 7 4 8 5 16 28 30 46 42 20 11 18 17 27 43 7 20 31 25 31 35 49 36 27 29 15 27 32 44 19 20 14 23 24 41 52 49 30 34 21 23 16 14 12 37 46 19 28 25 16 13 9 11 10 17 24 34 40 6 16 26 25 8 5
0 1 2 1 2 1 0 1 0 0 0 0 0 0 3 0 2 3 4 3 6 4 5 7 49 38 37 44 18 38 40 30 17 4 2 10 9 28 21 36 20 11 30 17 38 43 50 15 27 51 25 23 37 61 39 14 24 15 28 40 25 4 3 13 34 13 8 21 52 24 34 28 19 21 28 18 19 26 20 16 9 13 21 16 8 7 5 3 9 9 4 16 7 21 12 7
0 1 1 2 1 0 1 1 0 0 0 0 0 0 0 2 1 8 3 2 10 2 5 24 33 53 53 53 35 41 40 51 16 40 25 18 6 5 10 6 7 18 22 24 29 33 38 13 17 43 19 43 17 57 55 13 26 13 51 24 19 20 22 37 34 9 6 4 62 32 33 22 19 16 16 38 39 53 45 45 54 32 14 9 21 24 17 12 4 2 5 10 12 4 9 5
0 1 2 1 0 1 2 0 0 0 0 0 0 0 1 8 11 1 4 7 2 1 23 45 64 13 56 57 34 48 51 52 37 57 33 48 40 20 6 1 6 14 14 8 27 43 17 22 25 26 22 50 31 60 6 39 47 25 33 10 8 34 44 28 18 15 8 6 19 76 69 40 23 53 48 45 68 57 24 29 47 37 48 42 32 28 23 18 10 4 2 7 7 3 1 0
1 1 2 0 0 0 0 0 0 0 0 0 1 12 5 2 9 18 6 6 12 6 2 31 51 28 13 65 72 38 18 66 44 66 61 76 48 26 27 6 16 23 25 3 6 10 16 10 15 24 65 69 77 54 69 36 11 34 7 5 8 34 23 9 6 7 34 31 13 11 44 33 71 89 72 53 30 25 66 34 8 31 47 35 23 21 20 15 10 3 2 2 1 1 1 3
1 1 1 0 0 0 0 0 0 0 0 1 1 1 1 21 20 20 18 5 5 7 2 33 11 42 41 43 82 56 14 14 13 27 33 59 41 53 66 44 28 11 35 54 49 51 48 26 39 76 88 67 33 42 75 82 54 17 23 23 16 36 17 14 15 16 12 11 27 13 16 19 13 18 13 56 33 29 17 31 41 15 16 43 25 19 18 10 10 8 3 1 2 5 2 3
1 2 1 0 0 0 0 0 0 0 0 0 2 3 2 2 19 32 56 29 3 39 10 7 5 17 10 3 35 41 72 27 9 8 41 16 34 67 39 32 47 21 35 62 73 63 52 66 79 76 86 78 46 80 77 88 61 74 58 48 37 40 9 11 10 13 6 17 15 8 8 4 12 11 10 23 20 25 17 16 25 41 19 19 21 16 6 9 3 2 4 6 9 1 1 1
2 0 0 0 1 1 1 0 0 0 0 0 4 11 5 5 3 34 13 24 15 17 12 14 5 29 10 8 4 42 79 54 16 13 15 41 22 42 80 32 70 15 40 77 77 70 63 86 82 92 86 71 65 91 84 87 74 81 74 39 40 39 8 12 8 14 31 55 30 20 12 33 38 30 20 12 14 28 31 19 9 9 25 21 14 5 6 2 2 8 9 7 11 8 4 2
4 1 1 0 0 0 0 0 0 0 0 0 4 5 8 4 7 7 11 15 17 29 6 13 10 21 23 6 5 15 54 68 42 32 11 24 5 22 73 30 60 24 44 70 67 66 85 86 81 88 85 56 72 70 73 70 68 83 31 23 61 27 22 18 24 17 29 46 39 24 63 23 10 17 20 29 63 57 52 34 22 13 11 12 6 3 7 7 7 11 20 14 6 3 4 3
2 1 0 0 0 0 0 0 0 0 0 4 7 6 3 6 11 4 4 6 8 11 6 13 29 12 34 22 15 5 39 71 13 13 19 23 7 51 68 66 75 75 46 51 67 74 92 86 70 84 68 26 54 19 33 64 79 72 43 78 75 67 43 17 19 25 35 32 30 57 22 33 40 17 22 53 40 26 48 51 44 14 5 4 3 5 9 24 23 22 21 20 8 7 6 10
6 4 0 0 0 0 0 2 0 1 2 5 33 10 4 6 6 8 14 10 3 2 9 33 45 48 28 39 23 11 39 64 16 13 43 40 15 44 26 62 81 92 61 59 59 65 89 84 40 61 24 34 21 10 4 8 54 74 77 80 62 79 27 22 61 70 35 13 32 28 34 54 23 56 58 18 40 63 45 56 39 34 24 9 14 16 28 30 41 23 36 28 19 19 15 21
7 12 2 0 0 0 1 0 0 1 1 1 19 43 9 17 7 17 23 24 28 14 17 28 32 44 39 57 39 35 20 43 22 26 31 16 23 51 28 34 50 84 74 72 59 59 86 92 79 63 36 21 6 7 2 5 9 7 82 73 70 32 22 58 36 51 44 28 24 18 54 40 62 42 32 20 21 15 40 46 58 56 32 18 24 42 37 34 49 20 64 23 23 22 14 15
0 33 20 2 0 0 1 1 0 1 3 7 6 8 33 37 7 13 32 27 29 19 27 53 57 67 65 55 53 56 10 34 54 39 31 24 24 33 17 8 19 77 29 34 30 33 79 82 67 38 29 36 28 27 13 18 6 21 14 16 20 26 53 58 46 28 30 19 30 36 34 48 34 28 15 11 16 37 44 58 59 58 35 35 28 41 50 24 49 39 66 35 33 14 20 27
0 1 25 7 2 1 2 1 1 1 2 7 9 6 26 7 50 13 10 12 20 14 5 9 17 36 43 24 51 53 29 60 77 60 33 60 32 37 32 11 50 69 65 39 40 37 13 30 50 12 27 41 37 33 48 31 18 42 27 43 36 23 49 54 35 23 30 18 41 21 10 14 45 40 34 29 40 50 50 55 50 57 48 43 42 37 47 38 68 66 16 36 41 37 36 20
0 0 1 3 6 1 2 0 2 1 2 4 7 2 3 14 16 52 18 19 10 26 22 25 42 48 45 27 11 13 14 56 58 44 63 68 76 71 25 22 61 48 83 66 58 44 37 11 5 12 40 43 38 37 26 48 53 39 35 37 53 50 62 53 30 21 20 33 47 14 8 20 22 31 35 53 47 52 52 54 50 45 40 54 54 38 38 41 56 9 25 39 28 9 5 14
0 0 1 4 7 1 3 0 1 0 0 7 8 10 14 12 9 10 17 21 30 43 35 40 48 66 48 52 39 16 10 6 39 64 68 42 85 72 49 71 76 34 75 53 83 74 34 15 9 6 24 42 39 37 51 32 58 50 51 39 63 64 78 75 40 19 14 14 33 13 11 13 8 11 10 46 39 40 45 46 47 39 43 54 29 57 47 65 26 19 38 38 35 21 17 28
0 0 0 8 12 1 3 1 0 0 3 8 20 14 7 6 8 15 15 16 34 37 64 51 54 44 67 54 27 29 24 22 10 37 60 23 34 27 76 57 54 20 79 49 27 12 28 19 22 12 20 42 56 52 45 33 25 37 11 20 45 33 56 56 7 19 24 12 25 29 39 32 14 25 30 13 41 43 44 43 33 57 27 12 31 66 37 57 25 11 20 23 24 21 31 36
0 0 0 7 6 8 3 0 0 0 3 3 6 5 28 25 14 9 8 10 11 24 62 63 32 26 32 40 47 44 33 36 22 10 9 28 15 29 78 29 24 35 62 28 27 20 40 27 25 19 11 28 38 46 37 29 28 26 15 28 28 20 21 13 18 18 21 17 21 37 41 14 33 38 30 27 50 45 43 36 68 27 25 37 37 53 40 31 30 5 7 21 24 37 38 53
0 0 0 5 9 8 2 1 1 5 3 5 5 5 8 8 28 28 42 43 27 30 26 19 10 4 17 34 43 30 44 50 20 12 4 7 23 56 43 40 11 62 75 43 43 42 38 43 44 12 17 26 27 30 23 31 30 13 23 12 22 10 19 42 38 15 23 27 34 34 36 32 20 49 26 29 41 32 38 59 33 27 38 26 45 20 41 47 49 23 15 21 35 37 24 53
0 0 0 6 10 6 3 2 3 1 3 2 7 19 16 34 28 35 43 32 30 46 25 18 21 19 6 13 23 15 15 14 10 21 23 26 44 35 50 30 33 42 61 63 56 44 21 23 26 10 9 31 42 53 55 41 30 18 33 53 51 35 27 33 16 10 46 45 28 25 20 78 67 48 37 24 22 26 29 51 23 34 33 14 33 29 44 54 36 53 36 43 33 50 43 49
1 0 0 0 24 21 8 1 1 1 3 13 17 60 36 66 40 20 33 48 48 45 49 26 18 19 16 9 14 15 9 10 18 29 35 38 16 21 29 31 26 10 19 44 48 27 7 12 11 12 20 24 24 25 23 25 32 14 56 57 40 44 17 16 21 15 40 82 77 58 48 40 72 80 52 34 33 37 51 33 9 43 15 26 31 49 22 24 28 39 56 46 70 46 24 26
1 0 0 0 6 12 8 2 1 3 2 11 8 18 52 45 55 62 47 50 40 29 45 22 12 10 5 4 3 4 11 14 25 27 15 32 31 30 25 17 8 16 34 11 46 39 32 27 20 9 9 12 13 41 36 35 31 11 16 24 31 27 45 31 40 42 25 65 73 69 23 43 50 34 72 65 32 34 37 32 43 52 23 73 52 43 39 48 39 45 60 64 35 31 26 13
0 0 1 0 0 22 30 3 3 3 5 7 6 10 8 9 4 11 31 44 44 39 49 53 27 16 19 15 7 4 8 3 6 13 13 24 27 18 25 10 6 24 15 19 45 32 33 25 24 13 11 12 14 33 52 10 19 20 39 39 32 54 49 59 67 41 45 30 64 47 58 30 31 36 37 60 53 59 48 55 32 46 49 67 55 63 54 30 38 81 53 29 47 34 38 33
0 0 0 0 0 4 10 2 2 2 3 6 21 17 33 27 12 6 17 41 49 68 71 68 59 22 13 5 3 4 5 2 1 2 7 8 14 17 12 13 16 22 9 32 8 5 14 16 18 15 17 24 16 32 27 28 24 41 50 21 47 44 28 34 86 52 46 25 12 60 74 41 51 25 58 72 60 80 64 57 50 46 28 57 79 60 68 61 59 71 68 44 57 59 59 37
1 1 0 1 0 0 11 5 2 3 1 16 9 18 36 22 17 40 20 50 78 59 38 45 50 24 18 16 6 1 5 7 9 5 2 6 16 15 4 10 26 31 31 31 11 7 13 31 30 32 19 38 32 37 29 25 26 18 19 50 38 20 19 30 29 62 39 33 16 30 54 83 74 31 13 54 33 71 26 15 47 78 16 43 18 52 55 79 82 71 82 59 59 63 61 58
1 2 1 0 0 1 7 28 2 5 7 10 8 9 8 22 53 45 34 18 18 49 61 44 43 31 40 45 23 9 8 17 13 12 12 4 4 8 7 12 12 23 24 25 20 16 31 36 23 21 23 18 32 30 27 37 48 58 40 22 45 27 18 52 24 48 53 31 19 15 49 68 69 56 33 42 12 62 41 23 5 44 40 41 40 69 37 44 23 17 57 42 49 79 64 76
0 0 2 1 0 1 9 1 1 2 5 12 27 10 16 37 42 40 36 30 21 7 44 71 55 49 42 44 45 18 17 24 13 14 24 27 8 3 4 9 18 17 12 38 23 23 18 46 46 27 36 16 29 58 76 71 46 33 30 31 33 68 45 16 52 22 50 43 28 8 50 57 52 67 29 42 15 60 74 28 16 56 21 39 34 11 46 35 14 28 78 48 28 64 82 81
2 0 0 2 1 1 9 1 1 1 1 9 19 13 7 21 29 41 40 50 41 33 14 31 38 37 12 14 32 17 14 15 10 8 11 16 10 6 5 12 11 6 8 8 29 31 20 28 21 13 12 41 28 21 21 17 22 16 32 43 32 48 57 26 26 50 11 58 42 13 32 62 44 63 35 34 19 63 32 30 9 73 42 31 45 33 19 34 26 38 63 78 36 37 70 74
5 2 0 0 1 1 7 2 2 1 1 1 11 8 8 17 16 20 47 63 59 36 23 10 8 4 13 8 2 4 12 1 3 8 13 9 10 14 10 8 18 17 24 20 29 31 22 21 15 18 33 44 43 58 35 50 50 42 30 50 24 30 42 42 25 69 40 47 68 27 15 32 63 36 64 30 23 60 47 67 54 59 82 46 41 38 17 45 32 18 42 82 49 24 24 66
12 1 1 0 3 2 7 5 2 3 1 1 2 9 19 13 31 26 38 43 46 33 19 25 12 13 12 5 1 2 6 5 4 6 6 8 13 11 6 10 24 22 21 20 12 23 27 23 21 51 39 60 47 44 44 64 63 52 51 55 43 46 28 42 23 61 51 29 65 49 10 33 51 34 73 35 42 36 46 38 65 42 78 59 24 39 37 62 27 18 20 58 50 24 41 34
7 3 1 1 2 1 3 1 3 2 2 0 6 9 9 12 22 25 33 37 35 36 29 23 34 23 22 11 3 1 2 1 1 6 6 3 13 10 4 4 15 15 12 10 20 14 13 14 9 34 56 58 59 44 28 41 70 41 61 60 60 62 31 15 18 18 36 24 41 52 29 22 22 67 52 45 66 37 48 71 60 35 49 75 35 37 21 20 19 25 23 61 47 49 30 11
18 9 5 2 1 2 1 1 2 1 2 6 3 17 12 12 47 42 64 60 45 67 46 46 20 22 23 21 15 2 1 2 11 8 22 20 13 21 17 12 15 13 13 11 10 10 11 18 16 14 13 23 18 35 50 65 74 37 88 77 31 68 47 50 48 21 12 8 23 38 19 34 20 46 13 45 80 65 40 55 65 60 49 82 28 31 28 16 18 8 28 46 46 22 14 16
7 11 13 4 2 3 2 0 3 0 3 2 2 16 21 20 11 28 22 11 21 10 15 25 41 48 27 25 33 8 3 18 16 18 8 6 12 9 7 28 24 7 16 27 23 20 34 37 22 38 43 20 34 58 50 64 52 68 66 70 36 61 71 48 59 70 60 35 14 35 37 54 47 31 33 48 70 74 53 47 47 53 42 76 70 44 9 12 13 24 38 47 60 28 14 7
1 3 7 7 13 2 4 2 2 1 3 3 1 10 37 43 32 18 36 25 17 29 24 38 60 33 37 40 39 32 12 60 24 8 12 7 27 28 28 36 56 26 38 38 36 41 25 38 32 38 41 28 18 43 24 31 68 73 59 61 67 74 80 72 28 62 57 51 31 17 22 42 11 30 35 46 66 50 65 61 38 26 33 76 67 39 40 10 15 31 25 52 45 42 32 20
9 1 1 3 2 4 3 2 2 7 9 5 5 10 9 8 9 22 12 48 29 35 37 41 39 39 54 41 42 31 31 64 21 24 20 15 22 28 31 49 55 29 37 47 37 41 14 21 47 30 30 37 17 10 11 10 45 58 66 72 70 64 69 83 57 37 47 40 25 11 5 8 18 17 30 47 56 73 51 26 18 16 70 59 64 34 23 22 12 18 29 50 19 11 14 38
32 11 4 2 6 2 3 2 4 10 4 5 14 6 33 7 4 12 18 40 54 51 17 25 31 45 48 25 55 48 59 39 36 39 13 9 14 30 64 59 24 25 28 57 59 42 22 20 18 52 35 30 40 29 14 7 17 17 16 41 36 37 58 73 69 41 16 6 6 9 7 7 10 14 24 24 57 46 33 17 5 11 61 45 60 49 25 21 7 24 37 59 55 43 18 8
8 15 10 3 8 5 2 0 2 3 1 14 8 11 46 6 14 11 35 54 32 23 6 33 18 8 37 20 55 64 54 52 54 25 12 24 37 39 63 44 28 47 30 33 54 27 25 32 16 39 30 21 34 17 28 18 16 25 25 8 15 30 35 47 47 23 15 24 18 26 13 8 11 15 16 8 32 22 23 10 8 3 15 11 25 55 22 26 8 33 53 42 32 27 33 11
8 2 2 5 4 10 2 1 2 2 1 9 9 18 7 39 24 29 22 20 24 7 30 27 23 13 29 23 49 37 38 35 43 16 31 40 47 38 52 41 36 46 36 34 52 28 33 32 23 58 41 30 44 41 35 28 43 41 49 30 19 22 8 14 6 7 21 35 34 31 27 13 11 7 7 8 12 13 11 8 8 4 5 5 14 23 8 20 7 23 47 45 25 14 59 40
7 8 9 3 3 2 2 3 2 2 2 1 10 18 6 49 44 19 29 18 29 13 15 27 23 28 58 40 48 29 39 44 17 35 37 57 44 39 67 28 42 55 31 42 49 63 25 46 25 55 43 45 42 57 32 41 40 53 41 46 43 46 20 17 17 12 32 23 26 14 7 5 23 11 7 4 4 10 6 4 4 2 3 8 11 10 8 12 6 49 56 60 59 17 5 10
3 8 6 8 4 6 5 3 1 3 6 4 30 39 28 5 37 28 22 34 34 19 27 51 36 34 60 29 22 12 19 26 31 65 42 37 44 17 50 29 42 38 46 42 31 37 38 48 57 59 56 56 46 52 48 59 62 44 52 41 59 31 20 37 11 19 19 27 12 9 14 31 25 19 17 17 4 2 6 4 4 5 3 9 4 4 18 4 12 44 40 43 68 30 28 6
15 6 5 8 4 1 2 5 2 2 2 5 3 18 20 6 10 27 17 28 19 18 26 51 42 66 42 31 18 17 29 56 27 36 60 44 31 40 51 21 42 38 22 28 28 49 20 34 33 12 32 18 39 56 64 66 73 59 34 51 39 41 34 25 54 17 22 23 25 50 35 22 10 10 12 14 13 15 14 12 14 12 4 4 4 9 20 10 18 29 12 30 71 44 45 21
15 18 14 13 7 2 1 3 5 7 6 3 2 13 8 11 22 15 19 21 25 28 23 20 28 19 24 31 28 38 34 50 22 33 57 35 28 30 23 34 38 38 30 42 56 43 22 47 64 38 54 43 62 70 59 42 50 62 57 41 49 48 62 45 57 42 39 37 52 12 8 9 10 4 2 3 11 9 14 15 13 9 7 3 2 9 21 7 8 5 8 33 79 30 48 35
2 3 5 12 19 21 9 3 9 23 20 9 7 3 2 18 14 11 38 45 66 59 58 36 61 25 21 34 41 31 39 25 21 38 56 44 33 25 21 30 38 72 47 28 44 46 54 25 56 68 77 60 71 82 67 44 58 46 35 36 34 38 65 43 43 51 43 51 16 15 16 21 33 18 14 9 3 10 16 22 13 3 2 3 1 7 13 7 6 6 9 62 59 22 32 68
4 2 2 8 13 14 25 24 11 7 13 4 2 2 2 6 16 23 32 30 52 76 67 39 39 58 69 61 54 27 70 42 38 36 40 38 23 25 46 38 51 14 39 67 32 55 60 45 34 70 70 77 39 66 59 58 46 63 54 52 50 55 22 49 58 62 60 22 26 25 35 50 31 30 38 16 6 14 20 18 4 2 1 4 2 6 2 2 7 7 21 62 29 45 23 65
16 14 6 5 12 5 7 14 7 10 4 4 4 2 10 4 17 17 38 46 22 59 62 77 81 82 73 76 65 40 55 45 33 40 50 64 53 71 76 62 61 66 49 77 40 48 75 71 29 24 15 67 66 35 62 42 30 79 67 61 35 47 53 58 61 61 45 47 43 52 38 19 27 21 18 12 21 12 6 7 2 1 1 2 2 4 2 3 3 4 9 42 15 26 6 21
11 21 14 8 9 6 2 3 1 1 2 2 2 3 6 4 1 8 45 69 34 12 53 82 65 80 66 81 82 86 78 81 80 81 56 71 23 66 80 55 66 83 49 70 78 43 70 42 77 53 28 77 60 51 56 51 80 80 44 67 40 22 43 45 42 50 37 26 22 26 22 23 14 19 18 25 22 11 2 1 2 1 1 1 1 1 1 3 3 10 19 33 8 11 8 7
7 12 39 5 32 36 12 14 8 7 6 9 10 14 12 6 11 12 10 49 35 10 9 28 28 23 56 67 73 76 74 69 76 73 53 66 72 61 64 75 47 79 76 41 63 55 73 44 65 80 45 49 52 29 23 71 62 58 44 61 60 30 35 33 56 45 45 49 48 45 45 25 31 19 30 25 8 3 2 1 0 0 0 1 1 0 1 2 2 5 17 17 3 4 5 6
17 10 6 36 43 52 33 38 29 22 7 17 26 24 9 11 21 13 29 9 4 5 19 9 12 25 49 43 51 63 67 71 46 56 52 71 69 67 69 69 58 67 61 56 59 61 67 72 23 57 45 20 59 12 31 67 48 19 53 24 31 71 22 24 40 41 51 51 49 38 33 29 33 52 39 18 7 2 0 0 0 0 0 0 0 0 1 1 1 3 6 4 3 1 5 8
5 16 26 28 38 45 19 20 43 11 25 9 20 28 9 23 22 16 31 43 29 24 16 16 15 20 8 11 15 16 15 14 24 31 15 12 17 15 14 16 13 17 14 25 26 19 21 65 45 31 65 17 35 27 32 41 12 13 26 28 62 56 34 27 39 47 48 35 28 49 60 49 42 31 20 12 4 1 0 0 0 0 0 0 0 0 0 0 0 1 2 2 2 1 2 3
24 34 47 39 24 14 20 19 39 8 30 19 15 27 17 26 24 20 27 11 15 37 28 18 34 25 15 18 28 33 24 23 50 44 35 37 23 27 29 32 31 35 45 34 42 29 39 16 16 13 27 23 21 24 25 14 23 40 41 47 55 35 24 33 44 40 45 52 60 58 57 31 13 8 3 2 0 0 0 0 0 0 0 0 0 0 0 0 0 0 1 1 1 0 0 1
51 65 55 26 20 11 15 22 13 21 9 12 6 26 7 15 15 10 9 42 28 9 16 13 23 16 7 33 23 20 33 32 15 12 11 26 20 18 27 19 27 42 42 26 21 31 22 35 23 18 8 6 3 3 6 13 29 33 37 40 17 18 24 41 41 32 26 20 32 41 36 26 11 5 1 1 2 2 3 2 1 0 0 0 0 0 0 0 0 0 0 0 0 1 1 0
15 18 17 41 27 16 13 4 5 10 9 17 11 24 11 18 27 7 6 6 33 36 26 25 16 16 12 16 30 38 22 8 17 12 14 18 20 27 28 31 24 23 26 14 12 10 11 11 19 25 27 32 9 7 9 11 16 23 24 14 14 26 26 49 35 20 23 18 15 12 6 8 8 2 1 3 4 3 1 0 0 0 0 1 2 1 1 1 1 0 0 0 0 0 0 0
24 22 31 11 4 4 9 2 19 2 8 5 4 6 15 5 8 19 20 15 17 49 39 26 26 11 14 29 41 11 10 16 11 23 20 11 12 18 17 17 15 15 26 25 30 22 21 27 34 22 20 20 15 11 17 16 17 18 22 23 5 24 25 31 50 42 37 38 16 10 4 3 1 2 3 6 12 5 1 1 1 1 1 3 2 2 2 2 2 1 1 0 0 0 0 0
41 35 23 17 13 4 5 6 8 2 12 10 4 4 5 6 13 20 20 5 20 37 42 36 34 8 34 48 21 7 12 9 18 13 17 15 17 21 19 22 9 23 27 28 18 22 28 23 21 14 16 8 28 20 37 30 20 18 13 10 14 20 24 17 59 59 26 36 23 14 6 5 2 5 9 11 4 1 2 2 2 4 2 4 6 5 6 3 3 3 2 2 1 1 0 1
20 15 21 11 5 17 41 52 31 14 23 10 1 0 3 2 2 5 5 13 31 32 13 25 27 33 43 59 29 15 19 18 19 36 22 28 24 28 14 15 27 35 28 31 30 39 30 13 25 12 21 26 29 24 39 22 43 11 17 7 25 43 17 47 69 41 35 16 11 8 4 2 2 5 11 9 2 4 5 5 9 8 10 16 14 10 9 6 10 8 4 6 2 1 1 1
12 16 5 6 25 59 47 34 52 61 13 26 11 2 2 5 8 9 9 24 39 26 25 51 30 49 38 10 12 8 14 27 17 26 55 27 27 33 34 38 30 31 27 25 28 22 34 23 20 24 32 29 33 29 38 28 44 29 14 7 12 31 41 51 39 42 17 13 10 4 3 4 6 2 13 4 8 9 17 18 28 17 20 30 23 14 20 19 17 8 7 7 4 3 4 4
5 7 8 12 15 44 53 55 73 57 40 32 43 27 9 6 5 3 21 21 7 9 22 44 22 10 15 18 32 38 28 19 45 20 44 42 41 54 35 37 18 37 15 12 15 21 23 38 34 30 26 50 18 30 44 38 17 14 17 12 4 18 15 17 24 36 22 25 10 2 7 7 11 10 45 16 18 18 31 28 39 26 29 44 25 22 36 42 28 21 11 9 8 13 10 5
7 3 8 21 3 7 6 4 55 56 51 65 60 28 36 25 10 4 10 5 16 10 20 19 21 30 34 32 32 40 35 26 29 39 34 47 32 36 36 50 58 26 30 28 10 13 18 18 29 38 41 38 28 13 42 10 20 33 14 13 5 7 9 7 5 4 10 4 2 9 30 15 19 19 56 23 39 42 60 62 78 66 75 73 62 47 47 44 65 55 22 16 14 13 32 11
3 8 6 4 2 7 12 17 7 22 17 53 49 27 39 45 36 31 33 13 6 16 6 14 23 41 40 19 14 21 18 22 23 29 32 31 29 34 32 49 52 66 38 17 53 38 40 18 30 24 14 30 14 30 27 23 22 15 20 14 8 23 28 16 9 4 4 7 14 16 29 39 27 43 57 59 61 47 59 74 58 53 70 64 59 55 50 45 55 48 34 26 38 45 43 25
10 5 7 21 21 14 50 26 26 4 49 62 32 63 54 56 65 50 31 23 15 11 9 9 29 19 12 13 13 7 10 7 9 14 32 32 15 25 43 53 43 48 52 48 6 39 37 39 38 23 20 35 38 25 11 10 16 30 19 13 9 36 20 12 5 11 10 18 40 41 34 68 55 71 55 65 67 53 63 54 25 43 57 35 18 18 31 12 35 46 30 32 28 28 26 48
38 40 51 33 67 18 8 11 35 21 40 62 46 85 67 62 85 61 39 38 31 32 11 10 12 7 18 12 13 10 16 6 18 31 12 13 29 25 27 18 22 39 50 67 50 30 46 30 37 32 29 18 14 43 56 30 30 23 16 17 27 23 25 11 12 22 37 24 37 56 46 54 60 55 72 36 46 37 54 43 11 16 22 32 14 2 3 7 34 26 29 37 10 14 8 30
2 43 51 40 52 69 63 49 18 10 12 67 71 76 68 73 83 73 61 77 58 69 38 22 2 8 3 12 5 3 15 4 8 16 8 18 8 17 11 12 44 41 34 26 36 20 39 35 23 38 21 19 25 13 18 33 27 13 9 22 37 36 27 18 30 48 49 35 42 74 62 61 33 39 57 64 12 9 8 19 16 11 4 5 21 13 3 2 8 5 4 6 13 13 4 12
21 39 55 65 64 74 62 67 67 21 25 43 59 81 78 73 84 54 72 71 72 64 35 46 25 7 6 3 3 8 33 31 4 13 5 7 8 15 12 19 29 20 10 21 37 74 45 34 17 19 13 29 29 24 6 6 7 4 28 25 24 58 35 26 38 60 60 61 60 64 40 19 11 36 25 15 36 5 5 20 14 8 10 5 2 17 4 2 1 2 1 7 3 13 5 2
