sesion_6_simulaciones/modelos_agentes/ejemplos_netlogo/scenarios/cgcm2_b2/rob_2018.asc
NCOLS 322 
NROWS 307 
XLLCORNER 451900 
YLLCORNER 4086900 
CELLSIZE 100 
NODATA_value -9999 
[rows 0 to 74 of 307, columns 192 to 287 of 322]
36 31 14 8 24 48 24 10 8 11 10 3 2 2 2 2 1 1 1 1 1 1 0 1 1 2 1 2 3 9 2 0 0 0 0 0 0 0 0 1 1 0 0 2 3 5 4 8 15 21 13 16 24 34 38 53 41 80 47 37 9 13 20 48 59 45 60 56 27 37 22 11 16 19 40 24 20 38 54 29 15 16 13 13 11 8 23 22 23 26 10 24 36 57 20 7
49 26 31 29 33 52 15 20 28 14 9 5 9 7 3 3 4 1 1 2 2 1 0 0 0 3 1 1 0 1 7 3 0 0 0 0 0 0 0 0 1 0 0 0 1 2 4 4 12 50 67 46 32 36 40 41 66 62 62 20 25 15 48 42 54 50 59 43 43 21 7 22 11 17 48 25 49 36 36 32 27 31 29 14 9 4 14 22 26 24 14 27 25 29 15 14
31 56 37 35 54 45 30 12 7 16 16 15 22 21 10 15 7 5 8 7 5 2 1 0 0 0 0 0 0 0 0 2 1 0 0 0 0 0 0 0 0 0 1 2 2 4 5 7 17 27 38 38 52 45 62 70 36 29 39 22 20 31 42 32 38 62 33 28 20 26 14 14 12 17 55 22 51 46 24 38 28 23 27 23 9 3 8 11 23 18 12 40 22 35 13 3
41 42 61 53 37 33 29 27 26 42 21 36 46 31 24 33 18 7 11 17 9 6 4 1 1 0 0 0 0 0 0 0 0 0 0 0 0 0 0 0 0 1 0 0 1 6 6 7 3 7 6 11 24 53 42 48 45 14 21 27 31 19 24 44 35 57 45 38 48 19 27 22 7 7 37 20 27 20 28 36 27 27 25 24 10 3 7 16 29 12 23 20 19 30 9 2
28 20 40 14 42 49 44 29 42 38 33 23 23 19 25 38 23 27 27 26 20 7 4 4 2 2 1 2 1 0 0 0 0 0 0 0 0 0 0 0 0 0 0 1 1 1 2 4 14 30 39 37 38 34 64 58 24 17 6 8 29 32 29 43 45 55 35 26 16 11 8 7 9 6 16 16 13 22 46 56 48 17 16 33 26 17 2 14 16 22 24 12 28 39 14 3
29 23 36 30 21 26 43 20 36 28 18 23 7 20 27 27 36 29 8 8 13 5 3 5 4 3 1 2 2 0 0 0 0 0 0 0 0 0 0 0 0 0 1 1 4 11 16 24 24 15 22 28 44 52 77 44 27 17 6 37 61 64 60 62 44 64 27 36 40 32 38 25 19 13 8 11 15 14 25 22 35 56 36 25 26 16 5 9 13 16 8 11 24 23 15 4
21 10 11 25 17 13 39 12 8 14 19 45 19 7 16 24 20 24 10 3 4 10 12 15 5 4 4 2 2 2 1 1 1 0 0 0 0 0 0 0 0 0 1 2 8 5 8 15 30 24 39 73 31 54 61 27 17 18 9 25 43 57 56 57 68 62 48 41 41 17 26 22 14 20 16 7 3 12 27 32 26 47 27 11 6 22 6 5 6 6 8 18 34 48 10 10
14 10 8 11 24 16 28 37 9 3 7 11 28 5 2 6 4 7 9 4 3 6 2 6 5 4 4 2 3 2 2 2 2 1 1 0 1 0 0 0 0 1 2 3 6 9 12 33 55 48 51 27 50 41 46 19 11 5 11 16 29 30 27 28 26 55 31 24 40 24 22 16 17 20 18 10 3 16 32 16 41 59 31 11 6 15 10 5 5 12 14 16 38 25 15 11
26 17 15 7 11 9 16 35 35 11 4 4 7 15 5 3 2 7 9 6 4 7 1 3 11 6 4 5 4 5 4 4 3 3 2 1 0 0 0 0 0 1 2 3 13 9 7 19 26 39 25 23 54 33 28 9 4 27 55 44 61 51 56 44 54 75 44 31 14 14 20 16 15 14 10 6 4 7 11 20 34 50 32 16 6 6 6 3 3 14 10 19 18 24 11 17
18 16 15 6 5 3 11 11 31 20 12 5 5 7 7 3 2 2 8 6 6 10 2 2 5 5 5 3 2 4 1 2 3 3 2 1 0 0 0 0 0 0 1 3 6 2 3 17 7 8 8 60 28 28 13 6 14 42 54 70 51 81 65 41 57 31 56 44 41 17 17 22 17 8 5 3 3 5 22 11 7 32 37 28 11 4 8 2 3 4 6 19 13 22 12 34
23 18 16 13 5 3 1 2 3 9 5 3 2 8 3 2 3 1 1 5 3 8 9 1 2 2 8 3 1 2 4 1 0 0 0 1 1 0 0 0 0 0 2 4 1 5 7 8 2 5 35 37 12 17 6 4 14 31 35 51 73 75 45 25 30 47 58 60 64 45 52 30 23 17 8 5 2 2 6 14 17 42 62 27 24 6 4 5 1 4 16 6 9 7 8 45
44 26 10 10 10 8 5 3 2 2 2 1 2 2 2 1 1 2 1 1 4 5 4 2 0 1 5 2 1 1 3 3 0 0 0 0 1 0 0 0 1 1 2 1 0 0 3 1 2 16 38 22 8 5 2 15 20 21 31 77 53 45 11 23 39 43 65 64 54 61 42 30 31 28 21 13 3 3 9 12 13 60 30 45 22 14 4 2 2 7 8 4 13 4 17 42
50 35 29 37 29 22 18 8 14 7 5 2 1 1 1 1 1 4 3 1 1 2 1 2 0 1 2 1 1 0 0 1 0 0 0 0 0 0 0 0 1 1 1 1 2 1 5 1 4 20 15 4 1 5 19 31 38 48 75 62 15 20 26 20 19 23 40 39 61 41 22 31 46 43 33 14 4 1 8 14 41 40 13 21 33 14 6 1 1 6 5 4 13 3 13 18
61 57 52 53 46 40 25 20 17 15 11 10 3 2 1 1 0 0 0 0 1 0 0 1 0 1 1 1 0 0 0 1 1 0 0 0 0 0 0 0 0 1 1 0 0 2 1 1 5 3 2 0 2 6 12 18 44 42 33 8 38 60 56 46 47 26 24 20 57 48 59 66 38 23 15 14 5 2 4 10 31 10 8 19 47 17 8 3 1 2 2 3 6 3 10 7
17 53 56 59 48 48 26 29 10 10 15 9 6 5 5 3 2 1 0 0 0 0 0 0 0 0 0 0 0 0 0 0 0 0 0 0 0 0 0 0 0 0 0 0 0 0 0 1 1 1 0 1 2 4 9 18 19 5 22 39 56 57 55 78 80 70 61 44 47 58 59 50 51 30 12 7 3 2 3 10 14 5 3 26 41 42 18 15 4 1 1 3 2 3 11 8
23 38 56 32 39 66 41 19 29 19 10 13 10 12 12 5 3 1 1 1 0 0 0 0 0 0 0 0 0 0 0 0 0 1 0 0 0 0 0 0 0 0 0 0 0 0 1 1 0 0 1 1 1 3 5 9 4 20 29 36 52 67 75 64 59 70 38 30 66 18 42 73 49 30 32 24 20 7 2 9 11 5 1 3 12 39 6 3 4 3 1 3 2 2 10 9
47 10 55 26 27 48 64 64 25 10 16 12 18 15 11 6 5 3 2 2 1 1 0 0 0 0 0 0 0 0 0 0 0 0 0 0 0 0 0 0 0 0 0 0 0 0 0 0 1 2 1 4 4 2 2 10 18 22 30 35 63 48 68 56 60 35 28 57 42 33 32 18 50 28 50 50 41 20 10 3 17 8 5 1 3 14 22 4 1 1 1 1 2 4 2 3
21 5 33 13 30 34 50 19 52 54 28 30 28 7 6 4 6 6 3 2 2 1 1 0 0 0 1 1 0 0 0 0 0 0 0 0 0 0 0 0 0 0 0 0 0 0 0 1 2 2 3 8 7 8 4 10 14 39 45 50 74 47 39 35 22 24 43 59 44 26 14 15 41 46 50 48 48 41 19 4 3 6 6 3 1 4 9 5 3 0 1 0 2 2 1 1
14 13 17 14 8 26 34 13 17 48 19 37 52 22 11 7 11 17 14 6 5 2 1 1 1 1 1 1 2 0 0 0 0 0 0 0 0 0 0 0 0 0 0 0 0 0 1 1 1 2 5 10 9 6 12 17 24 25 25 47 64 18 8 6 20 27 27 75 62 18 17 11 41 42 10 20 56 43 36 18 3 2 11 5 2 1 3 6 4 1 0 0 2 1 0 0
14 4 7 10 5 11 40 11 6 21 30 41 42 24 27 16 3 6 7 10 4 3 2 1 2 2 2 2 2 2 1 1 1 0 0 0 0 0 0 0 0 0 0 0 1 1 1 3 1 4 9 7 13 13 18 21 5 5 15 42 64 19 6 24 42 40 60 61 43 30 15 6 13 42 32 9 20 27 34 27 15 2 2 6 3 1 1 2 5 2 0 0 1 0 1 2
31 7 8 7 1 5 22 7 12 7 19 12 23 6 10 12 3 1 5 14 6 7 3 1 5 4 2 1 1 1 1 0 0 0 1 0 0 0 0 0 0 0 0 1 1 2 1 1 3 10 6 8 19 29 42 39 24 18 32 44 41 9 10 41 43 41 40 17 38 35 20 5 7 16 46 19 6 9 53 18 11 3 1 2 3 1 1 3 2 2 0 0 0 0 3 8
11 2 9 8 2 1 5 17 2 5 22 15 19 7 5 2 3 1 2 12 10 6 4 3 1 1 0 0 1 0 1 0 0 0 1 0 0 0 0 0 0 0 0 1 1 1 1 3 3 4 3 7 12 42 53 62 60 51 36 36 15 6 21 32 55 52 41 20 15 29 10 5 7 12 39 19 7 6 12 25 13 6 2 1 4 1 2 2 1 0 0 2 1 2 7 12
17 2 13 16 3 2 3 6 2 1 14 6 5 2 1 3 2 2 0 1 2 5 9 10 2 1 2 1 0 0 0 0 0 0 0 1 0 0 0 0 0 0 1 1 0 0 0 1 1 1 1 5 13 12 27 53 35 26 15 53 17 8 23 35 37 45 65 33 24 9 5 5 15 27 50 16 5 7 12 38 11 3 1 0 1 2 1 2 1 0 1 9 4 4 4 10
7 5 4 11 1 2 4 5 3 1 1 1 1 5 1 1 3 3 1 1 2 2 5 3 2 1 1 1 1 0 0 0 0 0 0 0 0 0 0 0 0 0 0 0 0 0 0 1 1 2 1 4 4 8 9 8 6 19 46 23 6 15 28 29 48 65 42 28 24 14 5 7 14 29 28 10 8 5 10 25 15 13 3 1 0 1 1 2 0 0 2 2 7 14 6 9
2 1 3 3 1 1 4 6 2 0 1 1 1 2 3 1 2 2 2 0 0 1 1 1 1 0 1 1 1 0 0 0 0 0 0 0 0 0 0 0 0 0 0 0 0 1 1 2 2 2 5 2 2 1 2 5 15 21 54 15 5 25 24 24 50 70 34 37 29 12 7 7 14 39 20 8 11 4 6 14 12 11 7 3 1 0 1 1 0 3 4 5 6 6 32 12
1 1 0 2 1 0 3 4 1 0 0 1 1 0 1 2 1 0 1 1 0 0 0 1 0 0 0 1 2 0 0 0 0 0 0 0 0 0 0 0 0 0 0 0 0 1 1 0 1 2 3 8 6 14 10 13 18 41 35 4 9 20 19 15 41 51 26 25 18 13 5 6 15 40 11 14 9 3 2 4 6 9 4 1 1 0 0 1 2 8 10 13 19 12 10 32
0 0 0 0 0 1 2 1 1 0 0 0 0 0 0 1 1 1 1 1 0 0 0 0 0 0 0 0 0 0 0 0 0 0 0 0 0 0 0 0 0 0 0 0 0 0 0 0 1 2 5 7 7 13 24 41 53 58 15 4 12 19 15 22 64 50 11 21 19 10 5 3 10 35 10 7 6 5 1 2 5 9 2 1 0 0 1 2 7 9 12 11 18 28 48 29
0 0 0 0 0 0 0 0 0 0 0 0 0 0 0 0 0 0 0 0 0 0 0 0 0 0 0 0 0 0 0 0 0 0 0 0 0 0 0 0 0 0 0 0 0 0 1 1 1 4 3 5 8 13 26 52 36 22 3 13 20 16 35 49 76 29 30 12 10 8 7 4 14 37 14 7 5 5 1 2 4 7 3 3 1 0 1 2 3 2 2 3 4 7 21 27
0 0 0 0 0 0 0 0 0 0 0 0 0 0 0 0 0 0 0 0 0 0 0 0 0 0 0 0 0 0 0 0 0 0 0 0 0 0 0 0 0 0 0 0 0 1 1 4 1 4 3 3 6 7 40 26 9 2 9 17 20 19 42 70 35 15 24 9 7 7 5 3 7 26 41 13 6 3 1 1 4 7 5 2 1 0 0 1 1 2 4 8 10 11 13 25
0 0 0 0 0 0 0 0 0 0 0 0 0 0 0 0 0 0 0 0 0 0 0 0 0 0 0 0 0 0 0 0 0 0 0 0 0 0 0 0 0 0 0 0 1 1 2 1 4 3 3 3 7 11 34 5 2 5 14 18 18 20 42 68 21 12 10 15 6 2 2 3 14 23 8 23 9 3 1 0 4 3 5 2 1 0 1 2 4 8 5 14 22 21 22 9
0 1 1 1 0 0 0 1 0 1 1 1 1 1 1 1 1 0 0 0 0 0 0 0 0 0 0 0 0 0 0 0 0 0 0 0 0 0 0 0 0 0 0 1 1 2 3 2 4 11 13 13 9 14 7 2 1 9 9 15 9 21 47 51 22 7 9 13 7 4 1 2 19 6 5 28 13 4 1 0 2 1 3 1 0 0 1 2 3 6 7 8 6 7 11 28
1 1 1 1 0 0 0 1 1 1 1 1 2 1 2 2 1 1 1 1 0 0 0 0 0 0 0 0 0 0 0 0 0 0 0 0 0 0 0 0 0 0 1 1 2 3 4 10 7 9 5 25 17 7 7 4 2 6 11 22 24 22 55 15 6 15 15 6 10 3 1 2 4 5 3 21 7 4 1 0 2 1 1 1 0 1 4 7 10 7 7 4 8 12 14 21
3 3 2 2 1 1 1 1 1 1 3 3 3 4 3 1 1 1 1 1 1 1 1 0 0 0 0 0 0 0 0 0 0 0 0 0 0 0 0 0 0 0 1 1 2 3 6 9 7 8 3 2 8 8 8 1 3 6 7 15 13 25 34 31 23 10 5 4 13 7 2 1 4 3 7 23 5 3 2 0 1 1 1 0 1 2 5 16 20 20 22 13 17 27 26 51
4 4 5 2 2 1 1 2 3 4 5 5 4 3 4 2 2 2 1 2 2 1 1 0 0 1 0 0 0 0 0 0 0 0 0 0 0 0 0 0 0 0 1 1 2 5 2 1 10 7 4 2 6 6 1 1 2 4 5 14 25 38 46 15 8 6 8 6 4 4 3 1 4 3 5 8 6 6 2 0 0 1 0 0 1 2 3 4 3 4 6 13 25 29 57 52
6 7 8 5 4 1 1 2 4 7 8 6 6 6 5 5 3 6 3 3 1 1 1 1 1 0 0 0 0 0 0 0 0 0 0 0 0 0 0 0 0 0 1 1 1 1 1 3 2 3 3 1 2 0 1 1 1 2 3 11 30 38 26 35 14 5 4 4 3 5 5 1 1 2 4 5 5 2 1 0 0 0 0 1 2 1 1 4 11 16 19 16 12 48 23 28
14 23 11 3 6 2 4 4 12 9 8 10 9 17 16 8 7 6 3 3 1 1 0 1 1 0 0 0 1 0 0 0 0 0 0 0 0 0 0 0 0 1 1 0 1 1 1 2 2 2 1 1 1 0 1 0 1 5 8 15 14 13 31 38 8 3 2 2 4 3 2 1 1 2 2 5 4 3 1 0 0 0 1 2 5 6 5 6 10 9 10 30 31 40 18 6
30 39 11 9 14 4 3 14 14 23 7 15 21 17 27 11 4 2 6 3 2 2 0 2 0 0 1 1 0 0 0 0 0 0 0 0 0 0 0 0 0 0 0 0 0 1 4 3 2 1 1 0 1 1 1 2 4 3 2 4 7 15 23 37 11 4 3 2 1 1 1 1 0 1 2 2 2 2 1 0 0 1 2 2 4 13 15 20 20 23 12 23 15 15 17 4
24 40 13 12 20 6 6 27 23 25 6 18 34 21 32 10 7 7 10 9 4 1 1 1 1 1 3 0 0 0 0 0 0 0 0 0 0 0 0 0 0 0 0 0 1 3 2 1 3 1 0 0 1 1 2 1 1 1 3 5 6 20 26 18 6 24 21 10 4 3 1 1 0 1 1 1 1 1 0 0 0 2 4 10 10 17 23 20 18 18 21 27 6 2 10 6
41 20 18 14 21 7 9 33 52 25 6 29 47 39 37 30 12 18 27 11 4 1 3 1 3 3 0 0 1 0 0 0 0 0 0 0 0 0 0 0 0 0 0 0 2 1 2 0 0 1 0 0 1 1 2 2 1 3 14 21 20 22 57 21 26 13 16 13 4 2 1 1 0 0 0 1 0 1 0 0 0 1 2 5 6 3 7 3 3 4 3 41 19 6 3 2
72 47 23 16 20 9 19 39 72 22 10 23 50 50 48 20 16 52 15 2 2 8 6 4 4 1 1 1 1 1 0 1 0 0 0 0 0 0 0 0 0 0 0 0 0 0 0 0 0 0 0 0 1 3 2 5 7 9 7 16 36 27 14 32 22 18 4 6 16 3 1 1 0 0 0 0 0 0 0 0 1 2 2 2 2 1 2 5 11 25 39 62 23 5 3 1
66 62 27 29 31 14 22 51 67 32 15 34 77 74 34 42 19 17 4 2 5 20 24 10 4 3 1 1 2 1 1 2 1 0 0 0 0 1 0 0 0 0 0 0 0 0 0 0 0 0 1 1 3 4 4 8 6 5 17 45 41 37 19 30 3 38 23 3 2 9 8 3 1 0 0 0 0 0 0 0 1 1 1 2 1 2 11 18 12 11 16 31 9 4 2 1
69 56 33 46 41 38 28 56 69 39 28 40 79 66 43 28 9 4 1 6 16 24 11 3 2 1 1 3 2 1 2 1 1 0 0 1 1 1 1 0 0 0 0 0 0 0 0 0 0 0 1 1 2 2 2 4 6 19 14 53 31 10 11 53 18 7 23 6 1 1 2 2 3 2 1 0 0 0 0 0 1 1 1 1 2 5 13 10 11 20 10 15 10 5 2 1
72 61 36 55 54 50 48 47 56 40 32 44 59 23 20 13 4 5 3 10 26 7 5 4 2 1 1 6 4 2 5 2 0 1 1 1 1 2 1 0 0 0 0 0 0 0 0 0 0 0 0 1 2 2 5 7 3 15 24 39 4 1 11 39 8 7 4 15 3 0 1 1 2 1 1 1 0 0 0 0 0 1 1 1 1 4 18 5 5 25 7 6 7 2 1 1
47 46 44 61 60 44 63 50 73 77 65 48 42 29 35 26 15 17 7 12 22 9 5 4 2 2 2 8 6 3 5 2 1 1 1 2 2 2 0 1 1 1 0 0 0 0 0 0 0 0 0 1 2 2 2 4 2 8 22 6 3 2 18 37 14 2 1 1 6 1 0 0 1 0 1 0 0 0 0 0 0 1 1 1 5 10 17 5 5 14 5 1 2 3 1 0
63 37 67 76 67 69 66 83 76 89 88 84 42 61 57 47 39 13 11 26 19 8 6 3 3 4 3 8 8 8 4 3 2 2 2 4 6 2 1 1 3 1 0 0 0 0 0 0 0 0 1 1 1 2 1 1 4 16 25 3 2 2 6 29 17 5 1 0 3 3 1 0 0 0 2 0 0 0 0 0 0 1 1 2 3 2 2 2 3 3 5 3 3 2 0 0
56 52 58 67 79 81 85 86 72 68 72 78 83 78 38 33 23 17 18 13 6 8 6 7 11 7 8 23 13 22 6 5 4 6 7 13 11 3 3 2 3 1 0 0 0 0 0 0 0 0 0 1 1 0 1 2 5 7 7 5 2 1 2 30 6 4 3 0 2 3 2 0 0 0 0 1 0 0 0 0 0 1 2 3 2 1 2 1 2 1 2 1 1 0 0 0
67 57 41 43 56 65 75 52 43 37 48 56 57 75 45 34 36 46 33 18 15 17 13 19 33 18 13 30 28 17 8 12 8 11 10 15 7 4 6 1 1 0 1 0 0 0 0 0 0 0 0 0 0 1 1 0 2 2 3 9 2 2 4 9 4 0 3 1 1 1 1 1 0 0 0 2 0 0 0 0 0 1 1 3 1 1 1 1 1 0 0 0 0 0 0 1
70 77 48 25 48 42 44 58 36 43 50 34 55 77 82 65 74 62 37 28 37 36 34 28 36 23 19 40 37 13 19 17 17 17 21 22 11 5 1 0 0 1 1 1 1 0 0 0 0 0 0 0 0 1 1 1 2 2 1 2 2 2 3 6 7 0 1 1 1 2 1 0 0 0 0 0 0 0 0 0 0 0 2 2 1 1 1 1 1 0 0 0 0 0 1 1
51 63 82 44 23 23 46 42 62 26 21 20 58 39 52 91 90 44 61 59 56 50 49 38 39 31 30 53 38 27 25 23 26 38 36 11 3 1 2 2 2 2 1 1 1 1 1 0 0 0 0 1 0 0 1 1 2 1 1 1 1 1 1 2 9 0 0 1 0 0 1 0 0 0 0 0 0 0 0 0 0 0 2 1 0 0 0 0 0 0 0 0 0 1 1 1
70 68 73 78 36 12 12 49 43 34 6 8 18 36 70 77 67 86 87 65 56 72 64 31 50 38 54 42 38 33 36 28 40 55 51 13 9 5 8 6 9 8 2 2 3 1 0 0 0 0 0 0 0 0 1 1 1 1 1 1 0 0 0 0 3 1 0 0 0 0 0 0 0 0 0 0 0 0 0 0 0 0 1 0 0 0 0 0 0 0 0 0 1 1 1 1
50 36 42 87 37 23 16 17 16 17 11 2 13 60 74 70 55 48 76 61 70 74 62 40 64 57 69 59 52 60 41 39 38 38 32 14 12 11 10 9 2 2 6 10 1 0 0 0 0 0 0 0 0 0 0 1 1 2 0 1 0 0 0 1 3 1 1 0 0 0 0 0 0 0 0 0 0 0 0 0 0 0 0 0 0 0 0 0 0 1 1 1 1 2 1 1
20 35 35 80 80 18 19 9 9 8 10 4 13 22 29 37 58 77 53 19 55 21 62 78 90 79 71 42 63 38 47 30 24 12 52 33 31 17 6 4 1 0 7 4 2 1 1 0 0 0 0 0 0 0 0 0 0 0 0 0 0 0 0 1 1 1 1 0 0 0 0 0 0 0 0 0 0 0 0 0 0 0 0 0 0 0 0 0 1 1 1 2 2 1 1 1
10 17 25 30 74 65 26 7 7 6 5 5 10 26 42 48 18 64 61 26 59 45 19 35 55 32 51 27 50 13 7 20 11 10 22 65 40 17 8 30 6 5 6 5 4 1 0 0 0 1 0 0 0 0 0 0 0 0 0 0 0 0 0 1 1 1 0 0 0 0 0 0 0 0 0 0 0 0 0 0 0 0 0 0 0 0 0 0 1 1 1 1 6 2 1 1
4 8 15 3 25 80 24 9 3 2 4 5 3 7 13 23 31 47 29 40 60 29 7 29 46 26 26 20 23 38 21 25 18 8 11 38 51 63 56 42 27 14 11 12 6 2 1 1 2 0 0 0 0 0 0 0 0 0 0 0 0 0 0 0 1 1 0 0 0 0 0 0 0 0 0 0 0 0 0 0 0 0 0 0 0 0 0 0 1 0 1 1 2 2 1 2
8 4 9 29 22 45 69 18 13 3 1 2 2 3 12 9 27 45 5 13 66 46 12 5 53 56 25 13 22 30 8 7 8 6 5 15 30 30 20 7 15 13 6 8 8 6 7 4 1 0 0 1 1 0 0 1 0 0 0 0 0 0 0 0 0 1 0 0 0 0 0 0 0 0 0 0 0 0 0 0 0 0 0 0 0 0 0 0 0 1 1 1 1 2 4 5
12 3 2 12 29 40 67 45 11 7 3 2 2 3 3 2 10 7 7 39 80 20 8 4 6 31 12 15 10 23 19 8 9 8 8 27 15 5 4 3 4 2 2 20 8 13 15 11 3 2 2 1 1 1 0 0 0 0 0 0 0 0 0 0 0 0 0 0 0 0 0 0 0 0 0 0 0 0 0 0 0 0 0 0 0 0 0 1 1 1 1 2 2 2 2 7
26 13 8 4 5 7 14 46 14 12 4 2 1 1 4 2 6 3 15 15 70 20 8 6 3 7 7 8 3 15 19 5 4 4 6 14 10 2 1 2 2 1 2 4 9 7 5 2 2 1 1 1 1 1 1 0 0 0 0 0 0 0 0 0 0 0 0 0 0 0 0 0 0 0 0 0 0 0 0 0 0 0 0 0 0 0 0 2 0 1 2 3 3 3 5 9
9 7 14 3 3 15 14 38 37 14 7 2 1 1 1 2 2 4 5 16 45 61 22 8 2 2 5 1 2 10 15 6 3 4 2 2 3 2 1 1 1 1 1 2 9 5 5 1 1 0 0 0 0 0 0 0 0 0 0 0 0 0 0 0 0 0 0 0 0 0 0 0 0 0 0 0 0 0 0 0 0 0 0 0 0 0 1 1 2 3 3 3 3 7 6 10
19 11 3 2 2 5 9 17 30 11 4 2 1 0 1 1 1 1 6 37 28 43 22 13 5 1 5 4 1 1 6 3 3 2 1 1 1 3 1 1 1 1 0 1 3 5 6 2 1 0 0 0 0 0 0 0 0 0 0 0 0 0 0 0 0 0 0 0 0 0 0 0 0 0 0 0 0 0 0 0 0 0 0 0 0 0 1 1 1 1 1 1 2 4 5 3
29 18 4 2 0 4 4 8 22 14 3 2 1 1 1 1 1 4 13 24 7 16 22 5 3 2 1 2 3 0 2 3 1 1 1 1 1 1 1 1 1 1 0 0 1 4 6 3 1 1 1 0 0 0 0 0 0 0 0 0 0 0 0 0 0 0 0 0 0 0 0 0 0 0 0 0 0 0 0 0 0 0 0 0 0 0 1 1 1 1 0 1 2 2 2 3
31 17 6 4 1 1 3 5 28 3 3 1 1 1 0 1 1 2 11 5 1 7 44 5 2 2 1 1 1 2 1 1 1 1 1 0 0 0 0 1 1 0 0 0 0 1 5 2 2 1 0 0 0 0 0 0 0 0 0 0 0 0 0 0 0 0 0 0 0 0 0 0 0 0 0 0 0 0 0 0 0 0 0 0 0 0 1 1 1 1 1 1 1 2 3 2
26 15 6 2 2 1 2 3 15 4 1 2 1 0 0 0 0 3 3 2 6 13 30 12 3 1 1 2 1 3 1 1 1 0 1 0 0 0 0 0 0 0 0 1 2 2 3 3 4 3 1 0 0 0 0 0 0 0 0 0 0 0 0 0 0 0 0 0 0 0 0 0 0 0 0 0 0 0 0 0 0 0 0 0 0 0 0 1 1 1 1 1 2 1 3 4
17 8 4 2 2 2 1 1 4 11 2 1 1 0 0 0 0 1 1 2 2 6 26 10 3 3 1 1 1 3 1 1 1 1 0 0 0 0 0 0 0 0 0 2 1 1 2 1 3 3 2 1 0 0 0 0 0 0 0 0 0 0 0 0 0 0 0 0 0 0 0 0 0 0 0 0 0 0 0 0 0 0 0 0 0 0 0 0 1 1 1 3 2 3 6 3
15 10 3 2 2 1 1 1 1 4 3 1 0 0 0 0 0 0 1 1 2 6 27 7 4 2 2 1 1 1 1 0 0 0 0 0 0 0 0 0 0 0 1 2 0 1 1 1 2 2 1 1 1 0 0 0 0 0 0 0 0 0 0 0 0 0 0 0 0 0 0 0 0 0 0 0 0 0 0 0 0 0 0 0 0 0 0 0 0 1 1 1 1 1 2 2
55 26 8 1 1 1 1 1 1 2 3 1 1 0 0 0 0 0 0 0 2 3 14 5 1 1 1 1 1 0 1 0 0 0 0 0 0 0 0 0 0 0 1 0 0 1 0 1 1 1 2 1 2 1 0 0 0 0 0 0 0 0 0 0 0 0 0 0 0 0 0 0 0 0 0 0 0 0 0 0 0 0 0 0 0 0 0 0 0 0 1 2 1 1 2 0
11 40 20 5 1 0 0 0 1 1 5 1 1 0 0 0 0 0 0 0 1 2 7 7 1 1 0 0 0 0 0 1 0 0 0 0 0 0 0 0 0 1 0 0 0 0 0 0 1 1 0 0 1 1 1 0 0 0 0 0 0 0 0 0 0 0 0 0 0 0 0 0 0 0 0 0 0 0 0 0 0 0 0 0 0 0 0 0 0 0 1 1 1 1 1 2
2 31 4 19 5 2 0 0 0 1 2 1 0 0 0 0 0 0 0 0 1 3 2 5 3 1 1 0 0 0 0 0 0 0 0 0 0 0 0 0 0 0 0 0 0 0 0 0 1 1 0 0 0 0 1 0 0 0 0 0 0 0 0 0 0 0 0 0 0 0 0 0 0 0 0 0 0 0 0 0 0 0 0 0 0 0 0 0 0 0 0 0 0 1 1 2
4 5 2 11 3 3 1 0 0 0 1 1 0 0 0 0 0 0 0 1 0 0 4 5 5 2 1 1 0 0 0 0 0 0 0 0 0 0 0 0 0 0 0 0 0 0 0 0 1 1 0 0 0 0 0 0 0 0 0 0 0 0 0 0 0 0 0 0 0 0 0 0 0 0 0 0 0 0 0 0 0 0 0 0 0 0 0 0 0 0 0 1 1 2 2 3
5 3 3 2 2 1 3 0 0 0 0 0 0 0 0 0 0 0 0 0 1 3 5 4 6 2 1 0 0 0 0 0 0 0 0 0 0 0 0 0 0 0 0 0 0 0 0 0 1 1 1 0 0 0 0 0 0 0 0 0 0 0 0 0 0 0 0 0 0 0 0 0 0 0 0 0 0 0 0 0 0 0 0 0 0 0 0 0 0 0 0 0 0 0 1 1
4 2 3 1 1 0 1 1 0 0 0 0 0 0 0 0 0 0 0 0 1 2 3 3 3 3 1 0 0 0 0 0 0 0 0 0 0 0 0 0 0 0 0 0 0 0 0 0 1 1 0 0 0 0 0 0 0 0 0 0 0 0 0 0 0 0 0 0 0 0 0 0 0 0 0 0 0 0 0 0 0 0 0 0 0 0 0 1 0 0 0 0 0 1 1 2
2 3 3 1 0 0 0 0 0 0 0 0 0 0 0 0 0 0 0 1 1 0 2 1 1 2 1 0 0 0 0 0 0 0 0 0 0 0 0 0 0 0 0 0 0 0 0 0 1 0 0 0 0 0 0 0 0 0 0 0 0 0 0 0 0 0 0 0 0 0 0 0 0 0 0 0 0 0 0 0 0 1 1 1 1 1 1 1 0 0 0 0 0 0 1 1
1 0 1 1 0 0 0 0 0 0 0 0 0 0 0 0 0 0 0 0 0 0 1 2 0 0 0 0 0 0 0 0 0 0 0 0 0 0 0 0 0 0 0 0 0 0 0 1 2 0 0 0 0 0 0 0 0 0 0 0 0 0 0 0 0 0 0 0 0 0 0 0 0 0 0 0 0 0 0 0 0 0 0 1 1 1 1 1 1 1 0 0 1 1 1 1
0 0 0 0 0 0 0 0 0 0 0 0 0 0 0 0 0 0 0 0 0 0 0 0 0 0 0 0 0 0 0 0 0 0 0 0 0 0 0 0 0 0 0 0 0 0 0 0 1 0 0 0 0 0 0 0 0 0 0 0 0 0 0 0 0 0 0 0 0 0 0 0 0 0 0 0 0 0 0 0 0 0 0 0 1 1 2 3 2 2 2 2 2 2 1 4
0 0 0 0 0 0 0 0 0 0 0 0 0 0 0 0 0 0 0 0 0 0 0 0 0 0 0 0 0 0 0 0 0 0 0 0 0 0 0 0 0 0 0 0 0 0 0 0 0 0 0 0 0 0 0 0 0 0 0 0 0 0 0 0 0 0 0 0 0 0 0 0 0 0 0 0 0 0 0 0 0 0 0 0 0 1 1 1 5 5 2 5 4 4 2 3
0 0 0 0 0 0 0 0 0 0 0 0 0 0 0 0 0 0 0 0 0 0 0 0 0 0 0 0 0 0 0 0 0 0 0 0 0 0 0 0 0 0 0 0 0 0 0 0 0 0 0 0 0 0 0 0 0 0 0 0 0 0 0 0 0 0 0 0 0 0 0 0 0 0 0 0 0 0 0 0 0 0 0 0 0 0 0 0 0 0 0 1 4 9 9 6
