sesion_6_simulaciones/modelos_agentes/ejemplos_netlogo/scenarios/cgcm2_b2/rob_2020.asc
NCOLS 322 
NROWS 307 
XLLCORNER 451900 
YLLCORNER 4086900 
CELLSIZE 100 
NODATA_value -9999 
[rows 148 to 221 of 307, columns 0 to 95 of 322]
0 22 22 17 29 44 39 26 8 5 7 62 59 63 56 61 75 62 48 63 34 47 16 8 0 2 1 3 1 1 4 1 2 5 2 6 3 6 5 5 24 25 22 16 27 12 29 27 17 31 16 18 28 12 20 36 31 16 11 28 41 43 35 25 37 53 57 37 45 74 67 63 38 46 66 74 21 16 16 29 28 20 9 11 35 26 7 4 18 13 10 12 24 23 10 23
9 23 29 37 42 55 39 53 50 14 17 36 52 73 72 72 82 50 63 61 61 48 16 27 7 2 1 1 1 2 14 10 1 4 1 2 3 6 5 8 14 10 5 13 25 67 36 27 12 14 10 26 27 25 7 7 8 5 31 26 25 60 38 29 40 63 61 61 61 68 42 22 15 47 34 25 54 11 11 32 27 15 19 12 5 28 9 6 4 7 3 16 8 23 12 4
5 3 10 40 31 60 52 15 31 42 21 25 79 80 79 51 83 68 70 76 60 30 22 12 17 9 1 5 3 4 2 14 5 11 15 13 4 11 14 12 7 7 14 43 56 37 23 18 14 13 14 17 17 16 29 21 28 29 32 33 48 61 35 33 63 63 72 73 54 15 56 35 31 39 57 20 22 6 2 8 16 16 11 19 7 7 21 12 5 6 3 2 4 6 8 3
2 4 9 6 8 7 8 10 15 12 31 13 35 67 65 55 78 74 71 25 12 14 30 29 43 27 10 4 4 1 3 6 42 30 33 43 56 11 6 12 30 31 57 50 17 17 9 18 11 8 21 18 19 17 20 16 38 41 43 45 65 59 56 41 60 74 66 50 75 42 21 54 57 23 25 8 20 35 15 6 7 13 12 6 9 5 6 21 11 6 4 2 1 4 6 5
24 7 5 5 9 8 12 19 20 25 14 36 17 11 8 9 11 11 18 26 19 55 57 46 66 26 53 16 15 16 10 11 31 3 1 1 9 54 7 5 25 17 27 32 26 40 40 49 24 12 20 21 27 22 7 21 28 62 39 62 60 66 74 88 86 74 69 42 41 84 41 34 31 34 16 5 8 8 26 16 7 8 14 10 5 7 4 6 15 4 3 2 1 1 3 2
31 24 20 13 16 10 12 24 4 11 36 25 21 29 19 18 12 29 42 56 82 63 81 55 52 31 25 26 17 45 28 3 2 5 5 1 4 7 29 7 3 61 15 17 24 16 7 15 32 19 32 39 36 25 10 15 25 49 72 61 80 69 80 79 79 76 69 24 33 69 73 51 30 17 24 12 9 7 11 9 12 8 6 9 6 5 4 3 20 9 2 1 2 1 2 3
61 33 56 40 31 32 43 10 14 10 15 20 23 50 47 18 8 23 57 62 73 86 71 83 63 55 60 57 29 34 63 47 19 3 8 8 18 15 14 29 5 42 22 16 33 5 10 15 10 31 39 50 59 45 44 23 31 49 65 69 53 41 76 77 74 66 63 48 30 45 77 23 25 14 10 7 11 4 12 23 7 11 8 4 4 3 3 2 4 3 6 2 1 1 0 1
67 54 67 46 55 43 35 44 12 10 21 14 55 37 16 38 27 19 17 57 71 62 59 68 48 52 60 55 31 10 30 69 71 49 37 15 18 22 22 30 14 35 68 29 32 18 9 9 10 17 15 19 35 11 16 44 34 60 46 27 26 26 31 53 54 22 31 17 44 56 49 44 20 14 16 6 6 8 8 14 11 5 7 5 2 2 2 2 2 2 2 4 2 1 1 0
38 59 55 75 78 51 29 72 22 10 19 21 19 21 42 45 30 44 31 18 21 54 63 22 39 65 43 73 44 11 11 12 47 71 56 35 25 22 19 27 24 37 71 22 33 32 24 31 35 37 35 39 27 26 33 27 43 72 58 55 56 51 24 14 8 23 18 23 16 29 29 43 47 19 8 5 6 7 8 10 11 16 3 4 2 2 1 1 1 2 1 0 3 1 0 0
64 79 66 84 68 29 62 80 33 33 38 16 46 68 52 32 53 39 33 22 26 24 17 52 41 19 31 60 72 32 26 17 13 63 55 54 60 53 50 59 52 30 68 73 37 30 39 44 42 43 53 63 34 50 56 29 25 47 58 45 40 26 14 23 21 7 3 13 28 30 32 38 16 17 7 6 8 7 11 6 7 5 7 2 2 1 0 0 1 1 1 1 1 1 0 0
44 81 41 80 43 67 72 72 21 45 52 29 21 16 34 37 42 67 60 71 30 20 27 22 28 27 43 81 40 78 33 45 37 57 25 50 52 79 56 45 53 28 49 71 78 40 35 31 57 42 41 32 27 51 56 30 45 75 74 75 39 48 52 39 33 14 12 15 19 19 17 24 16 8 13 3 6 9 7 7 3 3 3 3 1 0 0 0 0 1 1 1 1 1 1 1
16 71 54 68 65 73 69 28 39 63 59 45 39 24 22 14 18 30 30 67 43 15 24 24 65 68 64 70 33 73 75 27 28 36 60 69 58 81 88 55 49 20 28 65 75 67 61 42 56 21 15 24 57 55 46 40 44 33 28 29 24 40 56 47 44 27 24 21 13 14 16 14 9 12 3 5 4 5 3 2 2 2 1 2 2 1 1 1 1 0 0 0 1 1 0 0
17 16 12 53 68 68 27 31 72 44 62 74 59 44 27 32 39 36 43 24 32 51 44 18 53 56 66 74 72 41 83 80 37 18 33 76 74 62 59 64 69 23 29 67 82 85 53 46 50 47 36 27 76 43 83 86 85 74 82 73 51 29 35 30 28 24 23 22 16 9 9 12 8 9 4 7 3 2 2 3 1 1 1 2 1 1 1 1 0 1 1 0 0 0 0 0
18 60 37 28 19 44 36 76 78 52 50 66 38 53 20 39 32 33 42 29 34 36 37 17 62 72 64 85 78 60 73 84 78 46 38 12 30 60 44 24 34 24 16 81 83 81 66 69 59 68 88 92 80 53 45 79 74 41 43 63 58 35 45 33 28 18 15 22 14 6 7 5 6 6 3 4 3 3 2 1 1 1 0 1 1 0 1 0 0 0 0 0 0 0 0 0
47 53 37 56 45 22 50 81 73 77 15 51 66 64 75 41 57 30 25 23 26 13 40 60 83 61 84 89 74 74 52 66 80 54 51 28 59 76 83 81 64 52 35 48 82 69 61 88 61 65 83 83 89 62 43 83 88 62 45 32 70 66 24 50 30 24 12 12 10 6 8 5 4 3 3 3 2 2 1 1 0 0 0 0 1 0 0 0 0 0 0 0 0 0 0 0
39 37 63 40 32 13 46 64 49 80 32 42 72 58 72 55 30 48 38 54 57 57 19 51 64 73 82 83 61 82 65 80 68 70 68 74 68 76 81 74 18 60 67 37 17 48 60 82 65 56 76 72 75 80 43 56 74 90 65 45 52 32 30 26 29 33 27 19 10 5 8 3 2 2 1 1 1 1 0 0 0 0 0 0 0 0 0 0 0 0 0 0 0 0 0 0
29 23 13 31 44 41 16 78 33 30 31 48 57 16 43 59 36 43 36 65 64 40 36 17 47 82 74 82 65 84 68 68 60 49 62 67 79 71 73 80 74 56 26 24 11 15 56 75 56 27 40 69 76 81 77 82 83 78 85 45 29 33 28 33 26 21 28 10 6 8 4 2 2 1 0 0 0 0 1 1 1 0 0 0 0 1 1 1 1 0 1 2 1 1 1 1
17 32 48 38 23 17 18 35 43 41 63 55 64 64 31 50 42 58 24 19 36 68 45 25 13 26 30 66 63 37 16 17 14 29 27 22 62 42 45 61 64 57 49 22 8 15 59 63 52 41 32 25 51 79 77 70 57 55 75 72 28 18 22 23 22 18 8 9 5 2 2 2 2 1 1 0 0 0 0 0 0 1 1 1 2 4 3 3 2 1 2 4 3 5 4 1
34 23 19 17 30 23 26 18 21 20 38 67 65 70 22 21 29 61 63 44 33 28 46 15 29 39 33 30 20 28 42 32 42 39 59 28 24 22 19 22 17 36 29 15 15 22 49 54 61 40 37 33 9 42 40 48 46 59 37 50 42 18 35 30 22 12 10 4 4 2 2 2 1 0 1 1 0 0 0 1 4 4 3 5 7 8 7 11 6 8 19 19 7 12 5 3
21 23 29 53 43 45 38 32 37 37 47 12 17 23 34 46 34 18 62 65 55 29 27 9 28 60 59 47 35 39 57 62 33 62 31 25 26 33 35 32 22 13 21 23 37 38 57 55 62 50 34 17 19 16 23 46 20 12 10 31 17 18 15 9 12 6 3 4 4 1 1 1 1 1 1 1 1 0 3 4 10 11 11 15 16 32 26 15 14 17 4 2 3 2 3 7
29 34 50 32 28 37 38 26 44 63 20 28 49 46 29 48 11 17 21 25 36 21 18 17 34 32 52 46 65 29 57 48 41 45 30 27 37 60 30 59 38 20 14 14 16 26 37 47 42 44 27 42 37 24 28 27 24 16 19 21 35 26 13 3 5 4 4 1 2 1 1 5 4 2 2 4 1 2 7 20 36 27 28 49 37 30 30 18 23 17 6 1 1 0 1 4
48 66 62 66 33 28 33 31 47 54 33 34 49 48 45 26 31 27 40 39 26 31 34 20 35 31 31 53 28 37 50 49 51 39 29 31 26 52 27 61 43 34 28 11 7 5 22 23 62 64 38 30 59 30 14 32 36 41 34 22 24 10 5 3 3 2 1 1 3 2 6 11 14 4 7 7 3 9 27 35 54 71 29 56 32 26 17 17 15 10 5 3 1 0 0 1
17 15 11 14 20 20 48 47 61 38 42 21 38 54 24 11 19 21 26 23 13 10 9 20 30 27 25 32 42 47 42 40 26 33 23 10 35 28 47 61 40 41 55 29 32 15 10 22 21 52 33 41 31 14 14 24 24 17 11 5 5 3 1 1 1 0 3 7 13 10 17 27 25 14 23 13 6 17 42 49 76 52 30 22 11 2 2 8 2 3 2 1 1 0 0 1
24 35 26 43 39 45 32 47 41 36 16 20 31 41 50 43 45 21 18 16 20 7 10 28 60 49 32 28 44 26 20 37 67 38 22 11 33 21 59 24 56 36 46 41 26 14 20 21 12 28 36 27 11 16 13 11 25 9 5 3 2 6 6 8 3 6 12 24 25 25 25 38 23 23 26 20 17 33 53 65 61 38 16 11 6 3 2 2 4 1 1 1 0 0 0 0
19 18 19 42 60 22 26 34 30 38 32 24 48 31 61 45 34 54 42 30 57 26 32 23 50 62 37 58 22 28 40 26 54 53 27 19 25 34 39 20 28 28 42 46 19 31 21 13 14 18 19 23 17 16 13 10 5 2 2 10 9 19 17 18 11 13 28 35 50 54 36 51 49 44 30 39 48 57 60 56 43 49 20 9 4 4 2 1 5 2 1 0 0 0 0 0
24 15 29 45 28 29 26 43 48 38 49 55 49 38 30 28 63 61 39 42 42 31 51 29 35 55 67 45 25 25 18 19 18 18 32 41 12 16 47 43 42 48 38 27 37 26 26 23 14 18 20 21 30 19 9 6 7 10 16 29 25 26 38 26 20 33 41 45 62 48 53 64 74 41 44 54 63 69 74 47 15 11 11 11 6 3 1 1 1 1 0 0 0 0 0 0
19 28 38 33 17 58 42 35 59 67 75 69 62 67 41 20 24 42 39 47 15 36 63 34 42 33 56 69 45 60 42 35 27 29 48 58 24 36 48 58 50 14 16 27 21 25 14 12 19 24 23 37 23 14 17 10 16 18 37 37 33 33 44 34 31 43 53 40 69 64 53 78 64 49 58 76 63 64 25 72 40 33 10 5 5 3 2 2 0 0 0 0 0 0 0 0
20 24 33 26 17 16 24 34 29 38 54 71 50 53 64 24 36 32 25 23 26 59 63 45 27 35 20 43 30 37 29 29 43 42 58 50 29 45 58 56 45 24 11 10 19 19 23 36 21 21 36 23 17 34 17 16 25 43 44 56 49 46 47 38 39 68 71 58 75 73 72 72 84 83 54 59 63 63 23 14 28 37 17 10 3 2 2 2 1 0 0 0 0 0 0 0
20 21 48 21 33 14 21 17 33 41 19 23 20 20 29 43 41 36 63 31 46 62 43 57 19 56 30 58 26 22 35 40 40 37 47 39 39 34 50 53 43 21 8 17 21 21 28 28 27 27 27 39 26 21 20 33 45 45 44 50 48 38 58 52 56 74 73 70 66 83 76 69 63 72 28 25 15 37 44 21 9 19 9 4 3 2 2 1 0 1 0 0 0 0 0 0
23 48 40 67 11 61 49 8 36 28 42 27 56 32 44 39 43 33 32 34 24 50 28 42 33 28 35 35 20 42 43 35 38 41 42 29 36 27 37 55 39 33 33 40 48 23 33 23 42 50 47 58 42 25 40 44 47 58 42 48 66 53 67 70 62 73 56 75 39 56 80 78 75 58 72 54 35 12 8 14 9 5 10 7 5 3 2 4 1 0 0 0 0 0 0 0
63 41 18 30 52 29 15 36 38 45 28 48 27 25 56 33 35 8 31 40 36 14 29 39 28 21 29 11 21 13 17 33 32 62 22 25 24 37 37 16 25 39 17 24 21 31 16 32 47 61 54 52 44 43 41 59 51 61 60 51 59 68 62 67 66 74 55 51 75 39 72 74 53 68 73 79 59 52 44 24 16 9 3 1 3 4 2 2 1 0 0 0 0 0 0 0
43 75 38 43 13 24 20 35 30 33 57 21 29 51 55 62 63 23 27 53 33 23 10 19 39 14 22 18 16 10 13 36 40 37 17 23 23 24 54 35 24 36 19 59 32 29 35 27 54 61 47 44 45 44 42 47 68 61 58 74 73 82 69 58 66 31 46 39 42 47 33 62 40 48 66 70 72 81 60 41 38 38 32 12 2 2 2 2 1 0 0 0 0 0 0 0
19 26 19 18 38 47 27 25 34 43 46 26 42 25 16 19 14 21 26 38 55 20 30 18 25 16 16 8 12 20 23 34 23 22 23 16 24 42 51 38 23 20 36 63 19 48 35 40 50 70 40 44 44 43 43 49 65 72 60 71 82 56 43 71 71 63 48 26 18 6 13 14 22 24 46 57 50 57 60 35 53 34 22 5 3 3 3 1 2 1 0 0 0 0 0 0
18 21 35 27 27 40 40 25 12 38 7 12 26 27 60 27 47 21 24 24 39 25 19 24 19 20 28 14 11 13 25 16 19 32 7 8 16 51 30 25 16 31 33 49 42 35 42 47 58 51 36 52 41 43 55 42 67 79 81 60 69 73 32 17 15 23 29 46 36 24 11 7 4 10 17 37 28 49 67 22 34 51 19 10 5 2 2 2 1 1 0 0 0 0 0 0
13 50 30 16 17 25 23 20 10 11 15 19 17 38 36 25 33 38 34 32 23 46 17 37 19 22 38 9 10 19 9 14 32 18 21 33 34 56 10 10 21 41 38 50 43 32 37 40 48 34 56 67 54 60 59 56 66 66 67 46 47 60 33 31 56 69 74 57 52 35 28 33 8 3 5 20 17 38 58 38 19 18 15 8 4 3 3 1 1 1 1 1 0 0 0 0
15 27 23 24 21 21 20 14 6 3 8 16 29 13 22 29 25 38 19 11 8 10 17 10 8 31 23 11 19 14 9 9 24 13 5 13 24 29 22 22 29 32 55 60 29 34 44 41 53 52 70 79 62 80 74 85 72 65 72 45 33 15 63 56 23 50 69 57 61 60 54 30 12 9 3 3 4 10 35 13 8 3 2 5 1 3 1 1 1 1 1 0 0 0 0 0
33 5 10 23 5 15 7 2 3 2 2 2 4 9 27 12 8 13 23 11 10 6 7 9 5 10 8 11 18 9 2 4 5 10 11 8 27 20 13 22 33 53 75 84 74 72 59 61 56 34 77 51 84 75 66 72 44 52 70 77 31 27 23 76 36 30 48 63 51 44 64 58 57 26 14 4 2 1 1 1 2 1 1 3 3 1 1 0 0 1 0 0 0 0 0 0
2 3 9 5 6 5 3 1 1 5 15 1 3 4 5 14 11 10 13 9 8 7 9 9 2 3 7 9 6 3 1 2 3 22 45 44 56 67 76 77 75 85 65 85 77 83 77 29 61 70 41 38 62 63 68 70 46 72 75 60 56 39 18 48 73 28 10 27 54 68 53 45 19 17 20 14 4 1 2 0 1 1 1 1 2 2 0 0 0 0 0 0 0 0 0 0
2 3 5 2 2 1 7 26 40 9 14 15 27 3 2 8 7 4 5 4 4 2 3 2 4 2 14 15 17 3 1 4 5 4 10 45 61 70 72 74 68 79 67 67 80 82 81 49 36 42 82 61 30 56 25 36 35 72 84 68 51 46 30 26 80 39 36 15 30 45 70 15 7 12 12 19 12 8 5 3 1 1 0 0 1 2 1 0 0 0 0 0 0 0 0 0
4 7 7 10 11 23 33 18 22 25 27 13 15 11 6 3 3 2 3 2 1 2 16 14 29 28 10 5 16 4 1 18 13 7 12 14 23 66 69 76 62 47 48 48 68 82 88 87 41 42 60 66 46 27 49 19 49 58 77 73 24 36 28 15 77 54 23 19 14 59 62 72 28 20 12 6 4 3 2 2 3 2 1 0 0 0 1 1 0 0 0 0 0 0 0 0
15 19 11 42 27 34 40 52 53 51 28 25 31 14 11 3 2 3 1 3 2 2 1 3 5 11 26 21 6 7 7 6 12 21 4 13 33 52 60 69 65 39 27 39 54 80 86 82 88 84 36 47 42 38 22 17 31 54 69 74 26 27 33 26 46 83 53 29 13 7 9 25 11 12 7 15 8 3 2 1 1 1 1 1 0 0 0 0 0 0 0 0 0 0 0 0
16 30 36 44 52 47 61 43 69 59 35 59 48 22 49 32 27 12 4 1 1 1 1 1 2 4 9 30 4 4 9 5 23 17 27 23 18 17 9 6 55 60 24 42 34 42 64 67 83 88 81 52 51 63 37 42 25 59 73 62 64 22 39 29 17 73 84 56 33 10 4 6 22 13 6 5 7 7 2 1 1 1 1 1 1 0 0 0 0 0 0 0 0 0 0 0
3 6 13 52 65 52 80 78 79 77 66 67 42 61 73 60 38 17 28 10 5 3 3 4 5 13 29 10 7 8 7 19 37 19 26 35 31 27 20 18 16 29 26 27 19 38 70 46 67 79 88 58 46 43 52 46 10 46 63 62 60 38 24 23 10 56 74 72 38 29 4 2 14 26 8 2 2 1 3 1 1 1 1 0 1 0 0 0 0 0 0 0 0 0 0 0
10 12 18 61 67 73 72 62 57 81 86 67 77 77 78 66 44 44 40 28 15 3 9 14 28 61 53 11 4 9 11 18 15 24 16 28 29 35 41 25 16 16 16 13 28 35 52 47 16 62 78 84 41 32 38 18 14 10 33 40 75 67 13 14 25 33 36 61 16 25 16 2 3 12 8 4 2 2 3 2 1 1 0 0 0 0 0 0 0 0 0 0 0 0 0 0
5 9 8 8 8 12 33 41 43 17 41 79 88 84 80 51 49 71 52 35 45 9 12 7 6 9 47 61 16 5 13 17 18 36 30 21 33 32 45 29 36 47 38 28 20 12 50 52 40 27 54 72 55 25 11 10 24 9 14 34 33 30 19 13 13 22 13 60 12 16 10 10 1 4 5 6 4 3 3 2 1 1 0 0 0 0 0 0 0 0 0 0 0 0 0 0
3 6 12 33 33 39 71 37 36 28 34 19 63 83 87 69 66 70 43 45 26 48 22 35 27 11 6 10 17 10 4 16 26 47 18 21 15 24 42 37 32 32 24 25 38 33 31 11 30 57 31 39 10 12 6 16 12 19 13 13 29 36 23 16 6 6 6 35 37 7 3 6 5 1 2 2 4 2 1 1 1 1 1 0 0 0 0 0 0 0 0 0 0 0 0 0
3 10 5 6 16 12 19 27 24 35 19 7 18 41 66 78 77 37 13 16 17 53 33 51 34 26 18 7 7 15 10 56 44 21 59 34 33 36 41 27 34 51 56 44 49 32 37 20 19 15 56 35 26 16 10 8 14 15 10 12 22 38 22 10 9 5 10 23 42 17 5 2 8 4 2 0 1 2 1 1 0 0 0 0 0 0 0 0 0 0 0 0 0 0 0 0
9 2 6 15 26 29 17 19 23 32 39 27 49 23 22 30 42 27 20 30 56 18 25 40 68 68 13 17 10 53 27 29 62 49 69 30 73 38 30 29 34 35 34 43 35 36 35 23 20 17 16 24 16 16 18 13 10 13 6 3 5 9 17 13 14 9 6 9 13 16 7 7 8 3 3 1 1 1 1 0 1 0 0 0 0 0 0 0 0 0 0 0 0 0 0 0
29 9 24 12 14 27 23 33 43 43 28 30 13 37 47 32 37 28 20 33 14 45 41 28 13 31 36 46 46 10 17 46 42 17 34 32 17 56 27 34 35 43 22 28 17 18 17 24 26 22 12 6 24 25 15 20 12 8 8 7 3 6 17 6 6 6 4 5 7 15 3 4 3 2 2 1 1 0 1 1 0 0 0 0 0 0 0 0 0 0 0 0 0 0 0 0
48 38 6 7 28 12 41 64 27 23 39 32 31 57 20 36 22 22 17 14 24 36 32 33 28 17 23 27 14 24 10 46 28 40 42 56 14 25 47 19 25 41 34 42 37 14 19 21 15 20 8 13 3 9 7 24 6 8 6 10 6 5 2 2 1 1 0 1 2 2 1 0 2 1 1 2 1 1 1 0 0 0 0 0 0 0 0 0 0 0 0 0 0 0 0 0
50 41 68 19 18 37 9 9 43 49 20 44 22 47 20 42 39 28 26 39 48 51 36 19 32 33 24 30 53 55 42 12 10 17 40 30 27 8 47 41 38 29 14 18 32 29 18 10 17 18 11 3 19 11 7 20 10 3 6 3 2 4 2 1 1 0 0 0 1 3 2 1 1 1 1 2 1 1 2 1 0 0 0 0 0 0 0 0 0 0 0 0 0 0 0 0
30 48 62 45 11 8 41 19 5 16 34 24 12 19 36 29 20 14 23 30 40 41 71 51 38 36 32 29 59 70 45 29 13 27 45 39 55 26 9 50 28 39 37 29 16 14 18 22 16 15 6 2 4 2 2 7 4 4 3 1 2 3 2 1 1 1 0 0 0 1 1 1 2 2 2 2 3 1 0 0 0 0 0 0 0 0 0 0 0 0 0 0 0 0 0 0
49 48 75 57 65 29 10 58 19 25 57 22 38 29 17 41 19 20 21 19 16 31 54 49 40 42 38 34 47 69 75 51 26 21 60 55 58 38 16 27 69 27 24 54 32 32 21 24 21 8 4 1 1 2 1 2 4 3 1 1 1 1 1 2 1 1 0 0 0 0 0 1 1 0 0 1 1 1 1 0 0 0 0 0 0 0 0 0 0 0 0 0 0 0 0 0
56 47 42 66 39 47 51 18 65 37 51 66 50 58 40 22 24 21 29 52 25 42 66 59 40 41 41 29 20 24 66 57 40 29 25 62 43 32 25 15 21 52 15 14 16 17 19 24 31 14 17 5 3 2 1 1 1 1 1 4 1 0 1 1 0 0 0 0 0 0 0 0 0 0 0 0 0 0 0 0 0 0 0 0 0 0 0 0 0 0 0 0 0 0 0 0
24 66 58 69 56 64 69 58 35 27 18 13 25 18 20 49 38 25 44 16 60 27 69 77 42 44 45 28 16 7 15 41 59 40 16 41 52 22 47 37 26 14 39 40 20 18 28 16 20 8 20 6 2 1 1 1 1 1 0 1 1 1 0 0 0 0 0 0 0 0 0 0 0 0 0 0 0 0 0 0 0 0 0 0 0 0 0 0 0 0 0 0 0 0 0 0
18 21 9 32 35 9 14 9 35 28 49 49 48 53 22 24 50 48 42 41 31 24 60 82 63 56 51 49 28 9 8 9 49 33 37 34 53 19 47 51 35 15 12 35 25 30 20 15 16 5 1 2 3 2 2 1 0 0 0 0 0 0 0 0 0 0 0 0 0 0 0 0 0 0 0 0 0 0 0 0 0 0 0 0 0 0 0 0 0 0 0 0 0 0 0 0
19 33 27 13 15 30 22 21 24 49 28 48 36 20 30 46 26 19 28 45 26 73 45 65 73 55 61 53 52 24 10 11 8 22 35 38 44 21 46 27 34 33 22 17 28 17 17 25 16 10 6 2 3 1 1 1 0 0 0 0 0 0 0 0 0 0 0 0 0 0 0 0 0 0 0 0 0 0 0 0 0 0 0 0 0 0 0 0 0 0 0 0 0 0 0 0
38 28 35 21 33 52 33 26 38 43 22 31 32 14 30 53 36 40 25 27 62 47 34 29 75 50 22 17 17 11 13 5 13 6 11 17 76 53 28 41 26 14 22 23 13 23 11 10 22 17 11 4 2 1 1 1 0 0 0 0 0 0 0 0 0 0 0 0 0 0 0 0 0 0 0 0 0 0 0 0 0 0 0 0 0 0 0 0 0 0 0 0 0 0 0 0
24 18 21 17 8 22 23 25 17 12 38 33 32 12 24 34 25 35 44 71 48 31 41 59 76 67 32 24 23 26 22 22 8 12 13 8 5 7 21 23 17 29 11 20 15 23 22 10 23 10 11 8 4 2 1 0 0 0 0 1 1 2 2 1 0 0 0 0 0 0 0 0 0 0 0 0 0 0 0 0 0 0 0 0 0 0 0 0 0 0 0 0 0 0 0 0
15 10 18 9 19 15 19 15 8 7 13 16 18 29 26 29 22 40 35 26 29 29 16 9 17 17 14 21 43 44 25 48 35 12 8 6 7 7 5 18 14 27 19 9 24 14 19 13 10 4 6 4 2 2 0 0 0 0 1 2 2 2 1 1 1 0 0 0 0 0 0 0 0 0 0 0 0 0 0 0 0 0 0 0 0 0 0 0 0 0 0 0 0 0 0 0
19 10 15 3 10 8 20 29 56 52 43 6 12 27 24 12 21 37 54 39 45 19 28 22 15 20 48 27 30 42 54 37 22 22 23 4 3 4 6 9 8 14 18 21 18 16 8 6 12 5 3 2 1 1 1 1 1 2 3 2 4 3 3 2 1 1 1 1 1 1 1 0 0 0 0 0 0 0 0 0 0 0 0 0 0 0 0 0 0 0 0 0 0 0 0 0
4 6 3 4 20 20 9 29 68 70 55 58 36 15 26 36 31 43 43 22 14 19 40 30 27 28 43 19 10 27 24 15 7 13 21 11 5 4 10 5 4 6 6 6 9 9 8 4 7 4 2 1 1 2 3 3 2 4 5 5 3 5 4 3 6 2 2 2 2 2 0 0 0 0 0 0 0 0 0 0 0 0 0 0 0 0 0 0 0 0 0 0 0 0 0 0
3 7 17 17 26 20 40 30 10 27 60 57 57 65 68 56 80 50 39 42 14 9 35 24 25 37 21 19 12 10 24 24 23 17 22 11 8 15 19 6 3 14 7 9 5 2 7 3 2 2 1 2 4 7 7 8 5 4 4 6 4 7 8 10 8 5 3 2 2 1 1 1 1 0 0 0 0 0 0 0 0 0 0 0 0 0 0 0 0 0 0 0 0 0 0 0
12 3 2 9 40 45 52 76 70 38 45 76 67 51 76 58 82 82 79 57 30 46 9 11 11 10 31 34 35 46 14 50 46 23 8 11 4 13 13 7 17 8 7 5 7 3 4 3 2 2 4 5 12 22 20 11 15 7 8 8 6 13 13 12 8 6 4 3 3 3 2 0 0 0 0 0 0 0 0 0 0 0 0 0 0 0 0 0 0 0 0 0 0 0 0 0
17 18 35 10 8 30 51 70 73 39 31 79 44 39 75 54 51 29 46 59 19 30 24 19 13 19 25 33 32 51 24 14 13 29 18 17 6 25 11 11 14 18 14 12 13 18 14 9 3 11 18 17 21 36 35 32 10 6 25 13 10 15 15 9 13 11 2 7 6 2 2 1 1 0 0 0 1 0 0 0 0 0 0 0 0 0 0 0 0 0 0 0 0 0 0 0
45 18 28 59 36 18 18 29 29 69 25 70 49 47 69 35 16 24 37 24 19 9 24 15 21 34 33 16 11 33 22 14 6 5 7 6 20 22 10 7 36 35 18 38 28 12 10 6 5 15 33 33 34 63 27 23 17 8 37 13 13 16 24 24 15 9 6 8 3 1 1 1 1 1 0 0 1 0 0 0 0 0 0 0 0 0 0 0 0 0 0 0 0 0 0 0
67 62 31 55 67 77 69 38 16 17 47 75 66 27 69 33 34 25 36 26 13 10 32 14 31 26 28 25 20 15 9 11 11 18 21 14 28 6 11 19 36 36 44 44 22 10 5 9 19 15 29 52 66 34 22 28 27 14 49 21 39 14 29 13 13 29 13 5 8 2 1 2 3 3 1 0 0 0 0 0 0 0 0 0 0 0 0 0 0 0 0 0 0 0 0 0
61 73 74 64 67 83 70 86 59 12 38 67 12 26 49 47 36 15 49 10 10 9 18 11 45 30 16 12 12 3 3 12 20 13 31 11 36 9 27 25 54 54 61 23 20 11 11 25 38 34 33 59 58 35 40 55 41 25 62 55 26 31 27 33 46 23 14 10 5 2 2 10 3 0 1 1 0 0 0 0 0 0 0 0 0 0 0 0 0 0 0 0 0 0 0 0
56 80 78 85 77 72 82 81 70 41 35 34 42 15 49 39 29 20 13 9 9 10 27 15 22 19 17 34 24 23 26 26 16 8 10 23 53 24 30 40 67 65 44 24 13 22 26 53 65 48 40 63 50 35 49 69 32 50 55 49 56 21 32 64 57 26 18 7 8 9 4 4 2 2 1 0 0 0 0 0 0 0 0 0 0 0 0 0 0 0 0 0 0 0 0 1
13 70 82 69 78 35 61 71 71 68 59 66 46 14 51 73 45 18 22 15 7 16 25 15 12 16 27 8 12 13 5 11 8 22 51 34 54 25 26 42 66 43 19 9 21 45 43 46 75 57 62 64 34 57 70 62 29 53 41 64 52 60 63 49 33 18 20 8 3 1 1 1 0 0 0 0 0 0 0 0 0 0 0 0 0 0 0 0 0 0 0 0 0 0 0 1
28 26 52 23 12 13 19 16 21 10 14 28 59 18 11 50 59 44 34 29 15 12 9 11 28 9 17 17 42 38 7 18 23 26 64 67 75 42 28 55 48 21 12 27 53 56 50 51 77 57 66 77 67 58 76 63 61 37 59 64 39 62 44 14 5 5 3 5 8 6 4 3 3 1 0 0 0 0 0 0 0 0 0 0 0 0 0 0 0 0 0 0 0 0 1 1
31 28 12 18 28 54 56 21 26 5 11 13 8 4 16 9 11 19 9 7 6 26 14 16 7 29 25 32 19 28 25 44 39 40 65 76 59 50 43 59 30 27 26 47 60 59 68 45 66 76 69 82 86 70 63 80 81 60 79 73 69 76 48 56 29 21 17 11 5 1 2 1 1 1 1 1 0 0 0 0 0 0 0 0 0 0 0 0 0 0 0 0 0 0 0 2
51 51 38 35 54 60 63 49 20 17 27 19 22 17 16 21 17 6 6 9 12 33 14 15 28 34 16 60 53 41 51 58 52 55 65 42 28 44 25 56 43 34 33 49 64 71 75 66 71 79 69 79 76 75 30 40 74 81 78 62 19 13 28 22 45 19 10 16 3 1 1 1 1 1 0 0 0 0 0 0 0 0 0 0 0 0 0 0 0 0 0 0 0 0 1 1
33 9 40 47 58 50 53 32 10 19 19 25 50 40 19 19 8 13 11 13 3 7 48 32 21 6 12 32 45 37 37 47 64 40 67 29 42 30 11 53 42 40 51 65 65 78 79 64 81 87 65 45 45 35 20 19 50 61 45 26 31 21 17 23 13 10 8 3 6 3 3 1 1 1 0 0 0 0 0 0 0 0 0 0 0 0 0 0 1 0 0 0 0 1 1 1
