sesion_6_simulaciones/modelos_agentes/ejemplos_netlogo/scenarios/cgcm2_b2/rob_2017.asc
NCOLS 322 
NROWS 307 
XLLCORNER 451900 
YLLCORNER 4086900 
CELLSIZE 100 
NODATA_value -9999 
[rows 0 to 73 of 307, columns 192 to 287 of 322]
42 37 20 11 31 56 31 13 13 16 16 6 4 3 4 3 2 2 3 2 2 2 1 1 2 4 2 4 5 14 4 1 1 0 0 0 0 0 0 1 2 1 1 4 6 8 7 13 27 35 21 26 33 44 44 57 44 82 49 41 9 12 19 45 57 43 59 53 27 38 22 12 16 21 40 23 20 38 57 28 15 17 16 18 15 11 30 26 25 28 10 24 35 61 21 6
51 29 35 32 39 58 18 26 37 21 14 10 15 12 7 5 7 1 3 4 4 2 1 1 1 4 1 2 1 2 12 4 1 0 0 0 0 0 1 0 1 0 0 1 2 3 7 8 19 62 75 59 40 43 45 44 70 67 67 21 25 14 47 41 53 50 57 41 44 20 6 24 12 20 51 25 53 39 35 35 28 34 33 18 13 6 18 28 29 27 16 28 26 31 16 13
31 56 37 35 59 49 35 16 10 22 22 22 32 32 16 24 14 10 16 15 11 4 2 1 0 1 1 0 0 1 1 4 3 1 1 0 0 0 0 0 0 0 1 3 4 8 9 15 21 42 49 48 59 50 66 74 41 35 45 25 23 31 41 30 35 63 31 27 21 27 14 16 13 20 60 23 58 49 26 42 30 25 30 30 14 5 12 15 29 21 15 42 24 40 14 3
41 41 65 53 43 36 32 32 31 51 28 44 58 44 35 48 31 13 21 29 17 12 7 3 2 1 0 0 0 0 0 1 0 0 0 0 0 0 0 0 0 1 1 1 2 10 10 13 5 14 12 16 29 59 48 54 51 19 27 33 36 21 24 44 32 59 46 39 52 21 30 25 8 8 41 23 30 25 33 40 30 29 30 32 16 5 10 23 38 16 27 25 22 36 10 2
30 23 44 15 49 56 51 36 50 45 42 31 34 27 35 53 36 40 40 42 33 13 8 8 4 4 2 3 2 0 0 0 0 0 0 0 0 0 0 0 0 1 1 2 1 3 3 7 26 46 53 46 46 41 63 66 30 25 8 10 34 34 28 43 45 56 37 26 17 11 9 8 11 7 21 20 16 29 54 62 53 20 19 39 33 23 3 19 22 30 29 16 32 46 16 3
32 25 41 36 23 30 51 25 48 37 25 32 11 30 39 41 44 41 14 11 22 11 7 10 8 6 3 5 3 1 1 0 0 0 0 0 0 0 0 0 0 1 1 3 8 18 26 36 38 26 33 37 45 61 79 55 34 25 8 44 65 65 58 59 46 66 28 35 41 32 41 28 23 16 12 15 23 22 33 27 40 62 44 31 34 23 7 14 19 23 11 16 28 28 18 5
23 12 14 31 22 17 47 17 12 23 30 54 28 14 26 37 31 33 17 6 7 19 21 25 10 8 9 5 4 3 2 1 1 1 0 0 0 0 0 0 0 1 2 3 13 9 14 21 43 33 41 76 39 65 69 37 25 27 14 33 50 59 58 60 69 62 51 45 44 18 28 27 18 28 23 11 4 16 36 40 30 55 35 16 8 31 9 8 10 10 11 24 41 51 13 12
17 12 11 15 32 23 39 48 13 6 12 18 34 9 3 11 7 13 16 8 6 10 5 9 10 8 8 4 6 5 4 3 3 2 2 1 1 0 0 0 0 1 3 6 11 15 21 43 65 60 63 38 54 50 59 28 17 7 15 21 32 31 29 26 26 56 33 26 46 27 25 18 23 26 26 16 5 24 43 23 48 62 39 17 9 22 17 8 8 19 22 24 49 31 18 13
30 22 19 10 17 14 24 48 49 19 8 7 15 21 10 7 4 12 17 10 8 13 3 6 17 10 8 7 8 11 9 7 7 5 3 2 1 0 0 0 1 1 3 5 19 17 13 28 34 49 37 27 65 44 43 15 8 39 62 50 63 53 59 46 54 77 46 35 15 16 23 20 20 20 16 9 6 11 15 28 41 55 41 25 10 10 10 6 6 22 18 27 26 33 16 24
21 21 20 11 9 5 19 18 41 31 20 10 9 11 13 5 5 3 13 12 11 15 4 4 9 8 7 5 3 7 1 3 6 6 4 1 1 0 0 0 0 1 2 5 10 5 5 28 14 12 13 69 39 41 21 10 21 51 61 74 55 82 68 43 60 34 58 47 44 19 19 28 24 12 9 6 4 8 33 18 11 41 44 40 18 7 13 4 6 8 10 32 22 32 18 46
27 23 23 19 9 5 3 3 6 15 10 6 5 12 8 4 6 1 2 8 5 12 15 3 4 3 14 4 1 4 6 1 0 0 1 3 1 0 0 0 0 1 3 9 2 7 11 15 4 7 42 45 18 26 11 7 21 40 41 56 77 78 48 30 33 49 59 59 65 46 56 35 29 23 12 9 4 3 10 21 23 48 65 38 37 11 6 9 2 9 27 12 17 13 14 53
49 32 15 17 15 13 9 5 4 3 3 3 5 5 4 3 2 5 2 2 7 8 8 4 1 2 8 5 1 1 5 6 1 0 0 0 2 1 0 0 2 3 3 1 1 1 6 1 4 24 51 33 13 11 4 25 31 29 38 76 61 55 14 26 41 44 68 64 55 62 45 35 39 37 32 21 6 4 16 18 20 67 41 51 34 22 7 4 3 13 15 7 23 8 27 58
57 41 37 49 38 35 28 14 23 13 9 5 2 2 1 1 2 7 5 2 1 3 3 3 1 2 3 2 2 1 1 2 1 0 0 0 1 1 0 0 1 2 1 3 3 3 10 1 6 28 22 7 1 9 28 43 48 58 80 67 18 25 29 21 22 24 40 40 63 42 22 34 51 53 44 21 6 2 14 22 48 53 20 30 43 25 10 2 3 13 11 7 24 7 21 28
66 62 59 61 56 50 36 30 27 24 21 17 6 4 2 1 1 1 1 1 1 1 0 1 1 2 2 2 1 0 0 1 1 1 0 0 0 1 0 1 1 1 1 0 1 4 2 2 9 6 3 1 3 11 19 30 57 52 46 11 45 63 57 46 48 26 23 22 57 47 60 69 46 31 23 21 9 3 7 17 44 18 13 28 57 26 16 5 2 4 4 6 11 6 15 13
23 60 65 64 55 58 35 42 18 19 28 15 11 10 9 6 4 1 0 0 0 0 0 1 1 1 1 0 0 0 0 1 1 0 0 0 0 1 1 0 0 0 1 0 0 1 1 1 2 2 0 1 3 6 17 28 29 8 30 47 62 58 57 78 83 71 64 47 49 60 63 53 58 40 19 13 6 3 7 16 21 9 6 38 54 55 28 27 9 2 3 5 5 6 19 16
32 49 61 42 47 71 53 29 44 28 19 24 18 23 20 10 6 2 1 1 1 0 0 0 1 0 0 0 0 0 0 1 1 1 1 0 0 0 0 1 0 0 0 0 0 0 1 2 1 1 3 2 2 5 9 16 8 32 39 43 57 69 80 70 65 74 41 33 67 20 48 77 54 38 40 37 30 14 5 15 18 8 3 7 21 47 11 6 8 7 1 6 3 5 18 14
57 13 60 40 36 59 69 71 34 16 25 21 31 25 20 11 11 6 4 3 2 2 1 0 0 0 1 1 0 0 0 0 0 0 0 0 0 0 0 1 0 0 0 0 0 0 0 0 1 4 2 8 7 5 5 18 31 34 39 43 65 54 74 64 66 42 31 59 46 36 37 21 54 33 57 59 56 30 19 5 29 14 9 2 6 22 32 6 2 3 1 2 3 7 4 4
32 10 43 22 37 47 55 32 61 67 35 41 42 12 10 9 13 11 6 5 3 3 2 1 1 1 1 1 1 1 0 0 0 0 0 0 0 0 0 0 0 0 0 0 0 0 1 2 3 3 6 13 15 16 7 17 22 53 54 54 74 54 50 44 30 29 48 61 49 31 18 19 47 53 59 56 60 55 32 7 5 11 12 7 2 7 17 10 6 1 3 0 3 5 2 2
21 21 23 24 15 35 46 21 23 58 29 50 63 32 18 11 18 28 22 12 9 4 1 1 2 1 2 2 3 1 1 1 1 0 0 0 0 0 0 0 0 0 0 0 0 1 2 3 2 4 10 17 15 12 22 28 37 36 30 46 64 26 15 10 28 32 29 78 64 23 23 15 50 47 14 29 66 53 50 27 6 4 20 9 5 2 7 9 9 3 1 1 4 2 0 0
20 7 11 18 10 17 48 15 11 32 41 52 51 33 39 28 6 11 13 19 8 5 4 3 3 3 3 4 4 3 2 1 1 1 1 0 0 0 0 0 0 0 0 0 2 2 2 4 2 7 14 12 23 25 30 33 10 9 21 44 69 24 11 34 49 45 59 66 48 37 22 9 18 50 40 13 28 39 46 39 27 5 4 10 7 2 1 4 10 6 1 0 2 0 2 5
41 11 12 12 3 8 30 13 20 12 29 17 31 11 16 19 4 3 9 23 10 15 6 2 10 6 3 2 3 2 1 1 1 1 1 1 0 0 0 0 0 0 1 1 2 3 1 2 6 16 10 16 34 43 56 55 35 28 41 46 46 15 16 49 51 46 46 20 44 45 29 8 11 21 55 26 11 16 59 29 20 6 2 5 6 1 2 7 4 4 0 0 0 1 4 16
17 3 14 12 3 2 9 27 3 10 31 22 28 13 10 4 5 1 3 18 18 9 6 5 3 2 1 1 1 1 1 1 0 0 1 1 0 0 0 0 0 0 1 1 1 2 2 5 7 7 6 13 23 59 68 73 72 61 46 39 23 11 30 41 61 55 46 26 21 39 16 7 10 15 49 28 11 12 18 36 20 12 4 2 6 2 3 4 2 1 1 4 2 4 15 23
25 4 19 25 6 3 5 11 3 2 24 12 9 4 2 5 5 3 1 2 3 8 17 15 5 1 3 1 0 1 1 0 0 0 1 1 1 0 0 0 0 1 1 2 1 1 1 2 1 2 2 9 22 20 38 60 47 35 18 62 27 12 32 43 42 50 70 40 31 13 8 8 22 36 63 26 10 12 19 45 20 7 3 1 3 4 3 4 1 1 3 16 8 8 9 20
14 10 8 18 2 4 6 10 7 2 2 2 2 8 2 1 6 5 2 3 3 3 10 6 5 1 2 3 1 0 0 0 0 0 0 0 1 0 0 0 0 0 0 1 0 0 1 1 2 3 2 8 8 15 18 14 11 29 52 30 10 21 37 36 54 70 48 35 33 20 8 11 22 39 41 17 14 9 17 36 25 22 7 1 1 2 2 4 1 1 4 4 11 26 13 17
3 3 5 5 2 1 6 11 3 1 2 1 1 4 5 2 3 3 3 1 1 1 2 2 1 1 1 3 2 1 0 0 0 0 0 0 0 0 0 0 0 0 0 1 1 2 3 3 2 4 8 5 4 3 3 9 26 30 58 22 9 35 31 29 55 75 41 48 40 20 12 12 21 51 31 15 18 9 11 21 21 20 14 6 1 1 3 1 1 6 8 9 12 11 49 21
1 1 1 3 1 1 7 8 3 1 1 1 1 1 3 3 1 1 1 2 0 1 1 1 1 1 1 2 4 1 0 0 0 0 0 0 0 0 0 0 0 0 0 0 1 1 3 1 1 4 6 14 12 26 18 22 24 44 41 7 16 28 25 19 44 57 34 35 28 22 9 9 22 49 19 23 17 5 4 8 10 16 8 2 3 1 1 1 5 14 19 24 33 22 16 45
1 1 0 0 0 2 4 3 1 0 0 1 0 0 0 1 2 1 1 1 0 0 0 1 0 0 0 0 1 1 1 0 0 0 0 0 0 0 0 0 0 0 0 0 0 1 1 1 2 3 9 11 12 23 38 55 58 66 26 7 20 28 20 27 68 59 16 30 30 17 10 5 15 46 18 13 10 8 1 3 10 14 4 2 1 1 1 5 15 14 20 21 30 43 62 37
0 0 0 0 0 0 0 0 0 0 0 0 0 0 0 0 0 0 0 1 0 0 0 0 0 0 0 0 0 0 1 0 0 0 0 0 0 0 0 0 0 0 0 0 0 0 1 1 1 7 6 9 16 22 35 64 43 32 5 20 29 22 43 54 78 39 41 18 16 16 13 7 23 45 24 11 9 9 1 3 7 13 7 7 2 0 1 4 6 4 5 6 8 13 32 39
0 0 0 0 0 0 0 0 0 0 0 0 0 0 0 0 0 0 0 0 0 0 0 0 0 0 0 0 0 0 0 0 0 0 0 0 0 0 0 0 0 0 1 1 1 1 3 6 2 6 4 7 10 12 49 35 14 4 16 27 30 28 52 76 45 23 31 14 13 13 11 5 12 36 50 22 10 5 2 2 6 13 9 4 1 0 1 2 1 5 7 14 19 20 21 36
0 1 0 1 0 0 0 0 0 0 0 0 0 1 1 0 0 0 0 0 0 0 0 0 0 0 0 0 0 0 0 0 0 0 0 0 0 0 0 0 0 1 1 1 1 2 3 2 8 5 5 5 14 16 42 9 4 9 21 29 26 30 51 73 29 19 17 23 10 4 3 5 21 37 15 32 14 5 1 1 9 7 10 4 1 0 1 4 9 17 11 23 33 33 30 14
1 1 1 1 1 0 0 1 1 1 1 2 1 2 2 2 1 1 1 0 0 0 0 0 0 0 0 0 0 0 0 0 0 0 0 0 0 0 0 0 1 1 1 2 3 4 4 4 7 18 22 22 15 22 12 4 2 14 17 23 13 28 50 58 33 12 15 20 13 7 2 4 26 11 7 37 22 8 2 1 3 3 6 3 1 1 3 4 6 12 13 15 11 12 18 39
2 2 2 2 1 1 1 2 2 2 2 2 4 3 3 4 2 1 1 1 1 1 1 0 0 0 0 0 0 0 0 0 0 0 0 0 0 0 0 1 1 1 1 1 3 5 7 15 12 16 9 37 23 10 12 8 3 11 20 32 36 31 57 22 9 22 23 9 19 5 2 4 9 9 5 33 12 7 2 1 3 3 3 2 0 2 8 15 18 14 13 7 15 19 20 30
6 5 3 4 2 1 1 1 1 2 5 5 5 7 5 2 2 2 2 1 1 1 1 1 0 1 0 0 0 0 0 0 0 0 0 0 0 0 0 1 1 1 1 2 4 5 12 16 12 14 7 4 12 11 14 2 6 12 11 22 22 37 39 41 34 18 10 8 20 12 4 3 8 6 12 35 9 5 3 1 1 2 2 1 1 4 10 25 35 33 37 22 28 40 33 58
9 8 9 4 4 2 1 3 6 6 10 8 9 6 8 5 4 3 2 4 3 3 1 1 1 1 1 0 0 0 1 0 0 0 0 0 0 0 0 0 0 1 1 2 3 9 4 2 17 12 7 4 10 12 1 1 5 7 10 22 37 46 52 23 12 11 16 10 8 9 6 2 8 6 9 16 12 10 3 1 1 1 1 1 2 4 5 8 6 9 11 23 37 40 66 62
12 12 13 11 9 2 2 5 8 12 15 12 13 11 10 9 6 11 6 5 2 1 1 1 1 1 1 1 1 1 0 0 0 0 0 0 0 0 0 0 0 1 3 2 1 2 2 5 5 6 6 1 4 1 2 1 2 4 6 19 36 49 31 45 20 10 9 8 5 9 9 2 3 4 7 10 10 4 2 1 0 1 1 1 5 2 3 7 21 26 31 27 18 61 34 44
23 34 19 6 10 4 6 7 22 18 16 17 19 29 29 14 15 10 5 7 3 2 1 3 3 1 1 1 2 0 0 0 0 0 0 0 0 0 0 0 1 1 2 1 1 2 3 4 4 3 2 1 2 1 2 1 3 9 14 26 20 21 35 47 13 5 4 4 7 5 4 2 1 3 4 10 9 4 2 1 0 0 1 4 9 12 11 12 19 18 17 40 41 52 28 12
43 53 21 19 24 8 6 23 26 38 13 24 31 26 40 21 9 5 12 7 4 3 1 4 1 1 1 2 1 0 0 0 0 0 0 0 0 0 0 0 0 1 0 0 1 3 8 7 4 2 1 1 1 1 3 4 7 5 5 7 12 24 30 44 19 8 6 4 3 2 2 2 1 2 5 4 3 5 2 1 0 2 4 4 9 24 27 31 33 36 21 30 23 26 26 9
37 54 24 21 30 12 12 39 36 41 12 27 51 35 46 20 13 12 17 15 8 2 3 1 1 2 5 0 0 1 1 1 1 0 0 0 0 0 0 0 0 0 0 0 1 5 5 2 6 1 1 1 2 2 3 2 2 1 6 10 9 30 36 27 12 36 31 16 8 6 3 2 1 2 2 1 2 2 1 0 1 3 9 16 18 26 34 33 28 29 32 38 10 3 18 12
57 30 31 23 33 13 17 44 66 39 10 39 63 51 51 46 21 31 42 19 9 3 5 3 6 5 1 1 1 1 1 1 1 1 1 0 0 0 0 0 0 0 0 1 5 2 4 1 1 2 1 1 3 3 3 3 2 6 24 33 27 29 62 25 35 19 23 21 7 4 3 2 1 0 1 2 1 1 0 0 1 2 4 10 11 6 13 6 6 8 6 51 29 11 7 4
79 61 33 27 33 17 29 49 80 34 16 34 62 63 63 30 24 63 25 4 5 13 10 7 7 2 2 2 2 2 1 1 1 1 0 1 0 1 0 0 0 0 0 0 1 1 1 0 0 0 0 1 2 4 4 9 13 16 12 23 41 39 23 40 29 26 6 12 26 6 2 1 1 0 1 1 0 1 0 0 1 3 4 5 5 3 4 9 20 37 53 69 36 9 5 2
74 72 40 40 46 24 32 60 74 41 23 44 83 81 44 52 29 27 7 5 10 30 33 17 7 5 2 2 3 2 1 4 2 0 0 1 1 1 1 0 0 0 0 0 0 0 0 0 0 1 2 2 4 7 8 15 12 10 27 55 51 45 29 39 6 49 30 4 3 16 13 6 2 1 0 1 0 0 0 0 1 1 2 4 3 4 17 25 20 18 26 48 17 8 5 2
73 63 42 54 49 46 36 64 74 48 35 49 83 72 53 37 15 8 2 10 26 32 17 5 3 1 1 7 4 2 4 3 1 0 1 1 1 1 1 0 0 0 0 0 0 0 0 0 0 1 1 2 4 5 4 7 11 27 21 65 42 16 16 61 26 10 34 9 3 1 3 4 6 4 1 0 0 0 0 0 1 2 1 2 4 9 17 18 16 30 16 24 19 10 4 1
76 65 40 60 57 54 51 51 61 41 36 50 64 29 27 19 7 9 7 15 38 13 8 7 3 3 2 10 7 3 9 3 1 1 1 2 2 3 2 1 1 0 1 0 0 0 0 0 0 0 0 1 4 3 9 13 6 21 33 49 8 3 17 50 15 13 7 26 6 1 1 1 4 2 3 2 0 0 0 0 1 1 2 1 2 7 28 10 8 34 12 11 14 3 2 1
48 48 45 63 58 45 62 50 74 76 64 52 46 36 44 39 26 30 13 21 32 15 11 7 5 4 4 15 12 5 10 4 3 2 2 4 4 3 1 1 2 1 1 0 0 0 0 0 0 1 1 2 4 3 4 7 4 11 32 11 6 3 27 50 22 3 2 3 10 2 1 1 1 1 3 1 0 0 0 0 1 1 2 2 9 17 28 10 9 25 9 3 4 7 1 0
62 34 66 74 65 71 68 84 79 89 89 83 46 65 63 59 51 23 19 38 29 15 10 5 6 8 5 17 16 15 8 6 4 5 5 8 11 4 2 2 5 2 0 0 0 0 0 0 0 1 2 2 2 3 2 2 7 24 38 6 3 4 9 42 24 10 2 1 6 5 2 1 1 1 4 1 0 0 0 0 1 2 2 3 5 3 4 3 7 6 9 5 5 4 1 0
55 50 56 66 78 83 87 88 76 73 77 79 83 75 45 41 34 24 26 23 12 15 12 14 21 13 14 39 25 35 13 11 9 11 12 21 21 5 4 3 5 1 1 0 0 0 0 0 0 1 1 1 1 1 1 3 9 14 10 8 3 3 4 47 10 7 6 0 3 6 3 1 1 1 1 2 0 0 0 1 1 2 4 6 5 3 3 2 3 3 4 2 2 1 0 0
64 59 40 44 58 66 78 56 49 45 57 60 64 73 48 40 45 56 43 26 23 26 21 32 46 31 21 47 42 31 17 24 14 21 17 24 13 8 10 3 1 1 1 1 1 1 0 0 0 0 1 1 1 2 2 1 4 4 6 17 4 3 7 14 6 1 5 1 2 2 2 2 1 0 0 5 0 0 0 0 1 2 1 7 2 2 2 2 1 1 1 0 0 0 1 2
72 73 51 29 54 49 51 64 44 53 61 45 59 76 81 66 78 68 47 38 50 46 45 42 49 37 31 54 51 24 30 30 28 30 36 34 19 10 2 1 1 1 1 1 2 1 1 0 0 0 0 1 1 2 2 1 4 3 2 3 3 4 5 12 12 1 2 2 1 4 2 1 1 0 0 1 0 0 0 0 1 1 3 5 2 2 1 1 2 0 0 0 0 1 2 3
54 65 79 47 27 31 54 53 71 35 30 31 66 50 59 91 89 48 66 64 62 59 58 48 52 42 43 66 51 41 40 35 37 55 49 17 4 3 4 3 4 3 2 2 2 2 1 0 0 0 0 1 1 1 2 1 3 3 2 2 3 1 2 4 16 1 1 2 1 1 1 1 0 0 0 0 0 0 0 0 0 1 5 2 1 1 1 1 1 0 0 1 1 1 3 3
75 72 74 79 43 16 17 59 56 49 11 14 27 44 73 81 67 87 88 69 62 77 71 40 58 47 66 56 53 47 51 39 53 69 66 23 15 9 14 11 14 12 5 4 6 2 1 0 0 0 0 0 0 0 2 1 3 3 1 1 1 0 0 1 6 2 1 1 1 1 1 1 1 0 0 0 0 0 0 0 1 1 1 1 0 0 0 0 0 0 1 1 2 3 3 3
59 43 47 86 44 33 26 26 24 29 20 4 19 68 79 77 58 53 81 61 75 77 65 47 70 65 78 71 62 71 51 50 48 44 47 24 20 22 20 18 4 5 11 16 2 1 1 0 0 0 0 0 0 0 0 2 2 4 1 1 1 0 0 2 6 1 1 1 1 1 1 1 0 0 0 0 0 0 0 0 0 1 1 0 0 0 0 1 1 1 2 2 3 3 2 2
28 45 45 79 81 26 28 15 17 14 16 9 22 34 40 48 66 80 62 25 59 29 68 79 90 84 79 52 69 47 61 44 38 19 57 47 47 30 12 9 2 0 13 8 4 2 1 1 0 0 0 0 0 0 0 0 0 1 0 1 1 0 0 1 2 3 1 1 1 0 0 0 0 0 0 0 0 0 0 0 0 0 0 0 0 0 1 1 2 1 2 5 4 3 3 3
17 21 36 38 78 70 33 13 12 11 10 9 15 36 49 59 26 68 66 30 63 53 27 44 65 44 65 38 57 22 13 31 20 19 30 71 51 27 12 39 11 10 11 9 8 2 1 1 1 1 1 0 0 0 0 0 0 0 0 1 0 0 1 1 1 2 1 1 0 0 0 0 0 0 0 0 0 0 0 0 0 0 0 0 0 0 1 1 2 2 2 2 12 4 3 2
7 13 22 6 36 83 35 16 7 5 7 9 7 13 21 34 41 60 36 45 64 39 11 38 58 39 36 30 33 53 36 34 29 14 19 53 65 73 67 55 38 22 20 21 12 3 2 2 4 1 0 0 0 0 0 0 0 0 0 0 0 0 0 1 1 1 1 1 0 0 0 0 0 0 0 0 0 0 0 0 0 0 0 0 0 0 0 1 1 1 1 3 4 4 2 5
15 8 16 36 31 52 74 28 21 5 3 4 4 6 20 16 38 58 8 19 70 57 20 10 62 68 40 24 35 41 16 13 16 10 9 24 40 44 34 13 23 22 10 14 14 10 11 9 3 0 1 1 1 1 1 1 1 0 0 0 0 0 0 0 0 2 1 1 0 0 0 0 0 0 0 0 0 0 0 0 0 0 0 0 0 0 0 0 1 1 1 2 3 4 8 9
20 7 5 20 36 46 76 52 19 12 5 4 4 5 5 3 19 12 11 48 84 29 13 7 9 42 19 21 17 32 27 15 17 14 11 41 25 10 8 6 8 3 3 32 12 23 27 18 6 4 4 2 2 1 1 0 0 0 0 0 0 0 0 0 0 0 1 0 0 0 0 0 0 0 0 0 0 0 0 0 0 0 0 0 0 1 1 1 2 2 2 3 4 5 5 12
37 21 12 7 8 11 23 52 20 21 7 3 2 3 7 3 9 6 23 22 76 25 13 9 5 11 9 15 5 24 26 9 8 8 11 21 18 5 3 5 4 3 3 7 16 12 7 3 3 3 2 2 1 1 1 0 0 0 0 0 0 0 0 0 0 0 0 0 0 0 0 0 0 0 0 0 0 0 0 0 0 0 0 0 0 0 1 4 1 3 4 5 7 7 11 17
15 12 21 6 6 20 24 48 47 23 13 3 2 2 2 3 5 7 8 24 55 70 32 12 3 3 7 1 4 18 25 9 6 7 4 4 5 4 2 3 3 2 2 3 17 9 7 3 1 1 1 0 0 0 1 0 0 0 0 0 0 0 0 0 0 0 0 0 0 0 0 0 0 0 0 0 0 0 0 0 0 0 0 0 0 0 2 3 4 6 5 6 7 12 11 19
27 17 5 3 4 9 15 24 40 16 8 5 1 1 1 3 1 3 10 47 37 56 32 20 8 2 9 7 2 2 11 5 6 4 1 1 2 6 2 1 2 2 1 2 7 9 9 3 2 1 1 0 0 0 0 0 0 0 0 0 0 0 0 0 0 0 0 0 0 0 0 0 0 0 0 0 0 0 0 0 0 0 0 0 0 1 1 3 1 2 1 2 4 9 10 7
39 28 8 3 1 7 7 13 29 23 6 4 2 2 2 2 1 7 19 38 12 23 31 7 5 4 2 4 5 1 4 6 2 3 1 2 2 1 1 2 2 1 0 1 2 6 10 5 3 2 1 0 0 0 0 0 0 0 0 0 0 0 0 0 0 0 0 0 0 0 0 0 0 0 0 0 0 0 0 0 0 0 0 0 1 1 1 1 1 1 1 2 4 5 5 6
39 25 11 7 2 2 5 9 44 5 6 2 1 1 1 1 1 4 17 9 1 11 54 8 4 4 2 2 2 4 3 2 1 1 2 1 1 0 0 1 2 1 0 0 1 2 9 4 4 1 1 0 0 0 0 0 0 0 0 0 0 0 0 0 0 0 0 0 0 0 0 0 0 0 0 0 0 0 0 0 0 0 0 0 0 1 2 2 1 1 2 2 3 5 6 4
35 25 11 4 3 2 4 5 25 6 1 4 2 1 1 1 1 5 7 3 12 21 44 17 5 2 3 5 1 5 3 2 2 1 2 1 1 1 0 1 0 0 1 2 4 5 6 6 9 6 2 1 0 0 0 0 0 0 0 0 0 0 0 0 0 0 0 0 0 0 0 0 0 0 0 0 0 0 0 0 0 0 0 0 0 0 1 1 2 2 3 3 3 2 5 8
25 14 7 4 3 2 1 3 6 19 4 1 2 1 1 1 1 3 3 4 4 11 36 16 5 6 2 2 2 5 2 1 1 1 1 0 1 0 0 0 0 0 1 5 2 2 5 3 6 5 5 1 1 0 0 0 0 0 0 0 0 0 0 0 0 0 0 0 0 0 0 0 0 0 0 0 0 0 0 0 0 0 0 0 0 0 1 1 1 1 2 5 3 5 13 8
21 15 5 3 3 2 2 2 3 8 6 1 1 1 1 1 1 1 1 2 4 11 43 13 7 3 4 1 2 3 1 0 1 0 1 0 0 0 0 0 0 0 2 4 1 2 2 1 4 4 3 2 1 1 0 0 0 0 0 0 0 0 0 0 0 0 0 0 0 0 0 0 0 0 0 0 0 0 0 0 0 0 0 0 0 0 0 0 1 2 1 3 3 1 4 6
63 34 13 3 1 2 1 1 2 4 6 2 1 1 1 1 0 1 1 1 4 5 26 10 3 2 2 2 1 1 2 0 0 0 0 0 0 0 0 0 1 1 1 0 1 1 1 1 2 3 4 3 3 2 1 0 0 0 0 0 0 0 0 0 0 0 0 0 0 0 0 0 0 0 0 0 0 0 0 0 0 0 0 0 0 0 0 0 0 1 2 4 2 2 3 1
18 51 32 9 2 1 1 1 2 2 12 2 1 1 0 0 0 0 0 1 2 5 13 12 3 1 1 1 1 1 1 1 1 0 0 0 0 0 0 0 1 2 1 0 1 1 1 1 2 3 1 1 1 2 1 1 0 0 0 0 0 0 0 0 0 0 0 0 0 0 0 0 0 0 0 0 0 0 0 0 0 0 0 0 0 0 0 0 0 1 1 2 2 2 2 4
4 47 6 28 12 4 1 1 1 2 6 2 1 0 0 0 0 0 1 1 2 6 5 10 5 2 1 1 1 1 1 1 1 0 0 0 0 0 0 0 1 1 1 0 0 1 0 0 2 3 1 1 1 1 3 1 1 0 0 0 0 0 0 0 0 0 0 0 0 0 0 0 0 0 0 0 0 0 0 0 0 0 0 0 0 0 0 0 1 1 1 1 1 2 3 3
8 9 4 19 6 8 2 0 0 1 2 2 1 0 0 0 0 0 0 1 1 1 10 10 10 4 2 2 0 0 0 0 0 0 0 0 0 0 0 0 1 0 0 0 0 1 0 0 3 2 1 0 0 0 1 1 1 0 0 0 0 0 0 0 0 0 0 0 0 0 0 0 0 0 0 0 0 0 0 0 0 0 0 0 0 0 0 0 0 0 1 1 2 3 5 5
9 6 5 3 4 1 6 1 0 0 1 1 0 0 0 0 0 0 0 1 2 6 11 10 13 4 2 1 1 0 0 0 0 0 0 0 0 0 0 0 0 0 0 0 0 1 1 1 3 2 2 0 0 0 0 0 0 0 0 0 0 0 0 0 0 0 0 0 0 0 0 0 0 0 0 0 0 0 0 0 0 0 1 0 0 0 0 0 1 0 1 1 1 1 2 3
7 4 5 2 3 1 1 2 0 0 0 1 1 0 0 0 0 0 1 1 3 4 8 5 6 6 1 1 1 0 0 0 0 0 0 0 0 0 0 0 0 0 0 0 0 0 0 0 2 3 1 0 0 0 0 0 0 0 0 0 0 0 0 0 0 0 0 0 0 0 0 0 0 0 0 0 0 0 0 0 1 0 0 1 1 1 1 1 1 0 0 0 1 2 3 3
5 5 7 2 1 1 1 1 0 0 0 0 1 0 0 0 0 0 1 3 1 1 4 3 2 4 2 1 1 0 0 0 0 0 0 0 0 0 0 0 0 0 0 0 0 0 0 0 2 0 1 0 0 0 0 0 0 0 0 0 0 0 0 0 0 0 0 0 0 0 0 0 0 0 0 0 0 0 0 0 1 1 2 2 2 1 1 2 1 1 1 1 0 1 3 3
1 1 2 2 1 1 0 0 0 0 0 0 0 0 0 0 0 0 1 1 1 1 2 5 1 1 1 1 0 0 0 0 0 0 0 0 0 0 0 0 0 0 0 0 0 0 0 2 4 0 0 0 0 0 0 0 0 0 0 0 0 0 0 0 0 0 0 0 0 0 0 0 0 0 0 0 0 0 0 0 0 1 1 1 3 2 3 3 2 2 1 1 2 2 2 2
0 0 0 0 0 0 0 0 0 0 0 0 0 0 0 0 0 0 0 0 1 0 0 1 1 1 0 1 0 0 0 0 0 0 0 0 0 0 0 0 0 0 0 0 0 0 0 0 2 0 0 0 0 0 0 0 0 0 0 0 0 0 0 0 0 0 0 0 0 0 0 0 0 0 0 0 0 0 0 0 0 0 1 1 3 2 5 6 4 5 4 4 3 3 2 7
1 1 1 0 0 0 0 0 0 0 0 0 0 0 0 0 0 0 0 0 0 0 0 0 0 0 0 0 0 0 0 0 0 0 0 0 0 0 0 0 0 0 0 0 0 0 0 0 0 0 0 0 0 0 0 0 0 0 0 0 0 0 0 0 0 0 0 0 0 0 0 0 0 0 0 0 0 0 0 0 0 0 0 0 1 2 1 2 11 11 3 10 8 7 4 7
