sesion_6_simulaciones/modelos_agentes/ejemplos_netlogo/scenarios/cgcm2_b2/rob_2084.asc
NCOLS 322 
NROWS 307 
XLLCORNER 451900 
YLLCORNER 4086900 
CELLSIZE 100 
NODATA_value -9999 
[rows 73 to 145 of 307, columns 0 to 95 of 322]
0 0 0 0 0 0 0 0 0 0 0 0 0 0 0 0 0 0 0 0 0 0 0 0 0 0 0 0 0 0 0 0 0 1 2 2 4 6 1 1 1 0 1 0 0 0 1 0 1 1 1 1 1 1 1 1 1 2 2 4 7 4 1 3 6 17 22 18 25 11 4 5 14 6 7 29 48 63 33 59 55 52 12 22 23 49 32 10 9 9 3 9 6 38 14 31
0 0 0 0 0 0 0 0 0 0 0 0 0 0 0 0 0 0 0 0 0 0 0 0 0 0 0 0 0 0 0 0 0 1 1 2 5 5 4 4 1 3 1 0 0 0 1 1 1 2 1 1 1 0 1 1 1 1 1 1 1 4 4 5 2 2 2 3 5 7 16 9 5 3 19 51 22 24 44 65 66 20 29 40 48 13 7 6 12 7 9 10 7 7 14 10
0 0 0 0 0 0 0 0 0 0 0 0 0 0 0 0 0 0 0 0 0 0 0 0 0 0 0 0 0 0 0 0 0 0 2 4 3 3 11 8 2 3 3 2 1 0 1 1 1 1 1 1 1 1 1 1 1 1 0 1 1 2 7 11 3 4 9 6 5 2 4 10 10 7 12 61 25 10 8 51 48 35 31 22 9 26 26 10 11 9 11 22 19 12 8 44
0 0 0 0 0 0 0 0 0 0 0 0 0 0 0 0 0 0 0 0 0 0 0 0 0 0 0 0 0 0 0 0 0 0 1 3 3 6 5 3 3 11 4 2 2 1 1 1 1 1 2 1 1 1 1 1 3 1 0 0 1 6 4 8 9 8 12 11 16 9 8 3 3 3 11 62 73 24 13 14 36 38 22 9 8 50 47 38 30 7 6 4 27 31 21 29
0 0 0 0 0 0 0 0 0 0 0 0 0 0 0 0 0 0 0 0 0 0 0 0 0 0 0 0 0 0 0 0 0 0 1 1 1 2 1 1 12 3 4 3 5 6 2 0 1 2 2 1 1 1 2 1 1 1 0 1 2 4 3 9 5 8 11 13 16 20 19 19 18 15 8 16 50 36 25 8 38 56 14 7 37 59 12 58 40 21 9 24 36 36 35 19
0 0 0 0 0 0 0 0 0 0 0 0 0 0 0 0 0 0 0 0 0 0 0 0 0 0 0 0 0 0 0 0 0 0 1 1 1 1 2 5 4 9 3 5 6 20 6 4 6 3 3 1 1 1 1 0 1 1 2 3 2 1 2 1 4 8 9 18 17 16 18 30 20 21 10 4 5 16 17 10 19 20 15 16 43 18 13 8 8 29 18 26 20 27 32 37
0 0 0 0 0 0 0 0 0 0 0 0 0 0 0 0 0 0 0 0 0 0 0 0 0 0 0 0 0 0 0 0 2 5 9 6 4 1 4 5 6 14 9 2 3 4 15 17 33 31 18 8 4 3 2 1 1 2 3 3 1 1 1 1 1 3 3 2 4 16 21 19 21 24 16 14 8 16 6 4 17 20 16 24 42 16 30 18 9 23 28 52 66 61 45 49
0 0 0 0 0 0 0 0 0 0 0 0 0 0 0 0 0 0 0 0 0 0 0 0 0 0 0 0 0 0 0 0 0 2 13 21 4 2 3 10 8 6 16 9 3 3 6 18 56 62 71 77 56 13 8 4 3 3 2 3 2 1 1 0 3 3 2 4 5 13 21 16 21 26 23 13 11 5 3 1 7 17 18 26 36 27 12 13 15 21 64 65 66 40 41 65
0 0 0 0 0 0 0 0 0 0 0 0 0 0 0 0 0 0 0 0 0 0 0 2 0 0 0 0 0 0 0 0 0 0 1 9 7 3 2 7 17 42 11 25 17 7 5 2 2 5 16 26 44 60 36 12 5 2 3 2 1 3 1 6 1 1 2 2 3 6 7 24 22 26 30 18 5 1 2 2 4 8 11 28 14 28 35 37 22 18 13 10 32 24 31 48
0 0 0 0 0 0 0 0 0 0 0 0 0 0 0 0 0 0 0 1 1 2 5 1 6 1 0 0 0 0 0 1 1 1 3 1 1 1 1 5 7 6 9 24 13 10 12 7 2 1 0 1 4 18 18 42 16 7 3 16 20 8 4 1 7 4 1 3 1 1 7 14 30 20 14 15 9 6 6 13 5 4 16 41 16 42 41 39 34 41 27 14 12 30 63 76
0 0 0 0 0 0 0 0 0 0 0 0 0 0 0 0 0 1 3 3 0 1 0 0 0 0 0 0 0 0 0 0 0 0 1 2 1 1 3 6 15 23 7 5 3 3 4 3 1 2 2 1 7 3 4 10 20 13 35 26 6 3 2 3 7 2 2 4 5 4 26 23 25 17 14 17 21 26 16 7 12 10 38 45 29 60 55 80 60 56 59 51 15 13 17 17
0 0 0 0 0 0 0 0 0 0 0 0 0 0 0 0 0 1 0 0 0 0 0 0 0 0 0 0 1 1 2 0 0 1 3 3 1 3 4 5 10 18 22 16 1 1 1 2 2 1 1 8 25 12 10 8 5 20 53 10 6 4 2 2 4 2 4 3 12 18 17 20 17 14 16 16 21 19 28 7 11 9 16 14 27 64 31 47 61 75 49 54 55 34 24 17
0 0 0 0 0 0 0 0 0 0 0 0 0 0 0 0 0 0 0 0 0 1 0 0 0 0 0 0 0 0 0 0 0 2 1 3 1 8 4 6 12 14 25 24 10 11 16 12 15 17 12 15 20 16 10 6 11 20 8 10 8 12 7 3 2 1 1 11 11 8 17 11 40 13 11 32 21 19 20 14 11 7 9 22 5 46 35 67 65 80 84 85 68 47 31 25
0 0 0 0 0 0 0 0 0 0 0 0 0 0 0 0 0 0 0 0 0 0 0 0 0 0 0 0 0 0 0 0 1 1 1 2 1 3 3 8 13 7 19 14 9 11 16 11 8 13 15 7 10 11 9 10 20 7 10 13 17 8 3 2 2 2 2 1 3 6 4 12 5 5 32 22 15 20 48 23 26 13 6 16 31 47 42 34 71 67 57 59 74 36 32 26
0 0 0 0 0 0 0 0 0 0 0 0 0 0 0 0 0 0 0 0 0 0 0 1 2 1 1 3 1 0 0 0 0 0 0 0 1 2 2 6 12 4 2 5 4 7 15 2 6 9 7 9 9 15 12 8 10 5 9 9 13 3 4 2 3 4 11 17 12 8 11 7 8 6 6 5 32 43 10 20 21 14 14 10 15 20 35 50 60 68 16 39 55 56 30 25
0 0 0 0 0 0 0 0 0 0 0 0 0 0 0 0 0 0 0 0 0 0 0 0 4 3 3 3 1 5 2 2 1 0 0 0 0 2 1 3 2 2 5 3 8 10 15 4 6 12 5 4 7 16 11 3 7 4 7 10 5 1 0 2 5 2 1 7 18 5 10 9 6 8 14 8 10 15 12 11 6 11 23 21 14 15 14 10 27 25 15 42 22 53 43 31
0 0 0 0 0 0 0 0 0 0 0 0 0 0 0 0 0 0 0 0 1 0 0 2 2 8 8 5 3 3 4 4 1 3 1 1 0 0 0 0 0 1 2 2 3 5 7 2 2 5 2 5 1 9 13 2 5 2 18 5 3 3 3 5 6 1 1 1 31 7 9 6 7 6 7 19 20 40 39 33 44 30 16 11 30 38 33 30 13 9 19 35 39 17 35 27
0 0 0 0 0 0 0 0 0 0 0 0 0 0 0 0 1 0 0 0 0 0 2 4 17 1 14 15 3 5 5 5 3 6 3 4 4 1 0 0 0 1 1 0 2 5 2 2 2 2 3 7 5 14 1 6 10 4 6 1 1 5 7 3 2 3 2 1 8 56 42 19 8 27 27 33 64 57 14 23 51 39 48 44 40 41 40 39 29 14 7 29 28 13 9 3
0 0 0 0 0 0 0 0 0 0 0 0 0 1 0 0 0 1 0 0 1 0 0 4 10 3 1 29 18 4 1 12 4 9 9 17 5 3 2 0 1 1 2 0 0 1 1 1 1 2 17 24 31 21 28 4 1 5 1 1 1 5 2 1 1 1 11 10 3 4 16 19 62 85 60 38 20 16 62 28 6 32 49 41 34 37 43 40 33 14 9 10 6 4 6 18
0 0 0 0 0 0 0 0 0 0 0 0 0 0 0 1 1 1 1 0 0 1 0 5 1 6 8 20 46 13 1 1 1 2 3 8 5 7 13 4 2 1 4 7 7 7 8 2 6 31 44 26 6 8 22 37 12 1 2 2 1 4 2 1 2 3 3 3 9 4 5 7 5 7 5 56 20 20 12 27 44 15 21 53 39 41 44 34 36 33 17 5 11 25 12 19
0 0 0 0 0 0 0 0 0 0 0 0 0 0 0 0 1 3 8 3 0 5 1 1 0 2 2 0 8 8 20 3 1 1 5 1 3 18 4 2 12 1 3 11 24 12 8 19 23 32 58 53 17 41 32 46 19 28 13 11 4 7 1 2 1 3 1 4 4 2 3 1 4 5 4 13 11 18 14 17 29 53 28 32 41 41 24 26 17 10 20 27 33 7 6 7
0 0 0 0 0 0 0 0 0 0 0 0 0 1 0 0 0 4 1 3 1 2 2 2 1 5 2 2 1 13 45 12 2 2 2 6 3 6 25 3 22 1 4 28 25 22 26 45 42 77 69 64 48 82 70 63 43 44 37 5 8 6 1 2 1 2 7 18 9 8 4 13 17 14 10 5 8 19 27 21 12 14 42 40 36 19 26 11 12 31 34 26 35 31 19 9
0 0 0 0 0 0 0 0 0 0 0 0 0 0 1 0 1 1 1 2 3 5 1 2 1 4 5 1 1 4 23 30 11 6 1 3 1 2 20 3 20 2 7 23 28 32 60 65 70 83 75 30 63 56 53 46 39 59 6 4 13 5 2 2 2 2 4 8 11 6 38 9 3 7 8 17 46 47 47 36 27 21 23 30 19 11 24 24 24 31 48 39 22 15 20 17
0 0 0 0 0 0 0 0 0 0 0 0 0 0 0 0 1 0 0 1 1 2 1 3 6 2 8 5 4 1 15 42 3 3 3 3 1 12 39 25 36 24 11 19 40 63 83 78 52 83 52 10 33 7 19 54 65 51 14 35 29 24 5 1 1 2 4 4 5 23 5 12 17 6 9 31 25 16 37 48 50 26 12 13 9 15 29 48 44 43 42 46 22 23 22 33
0 0 0 0 0 0 0 0 0 0 0 0 3 1 0 0 1 1 2 2 0 0 2 9 14 15 7 12 7 3 19 43 4 3 12 10 2 9 6 27 43 69 31 34 54 62 86 81 39 59 12 18 9 4 1 3 56 67 65 55 22 40 3 2 13 22 3 1 4 5 8 21 8 29 33 8 23 45 33 51 40 44 44 19 30 32 46 45 55 36 53 51 38 42 36 48
0 1 0 0 0 0 0 0 0 0 0 0 1 4 1 2 1 2 3 4 7 3 4 8 10 16 14 28 16 17 8 24 8 8 8 3 5 16 7 14 21 56 47 58 58 61 86 92 82 60 25 11 2 3 1 2 3 2 72 51 51 9 3 15 8 10 9 3 2 2 12 10 30 21 15 10 13 7 25 33 52 59 40 26 32 50 42 38 58 29 74 34 39 39 30 34
0 2 1 0 0 0 0 0 0 0 0 0 0 1 4 5 1 2 6 5 8 6 9 25 31 37 38 30 29 35 4 20 31 16 11 6 6 8 4 2 6 51 11 21 20 26 78 83 77 36 23 24 16 13 5 8 2 9 5 5 7 6 13 17 16 6 4 2 3 5 4 12 10 12 6 4 6 20 25 42 47 53 35 34 28 38 47 22 49 41 75 47 46 25 37 47
0 0 1 0 0 0 0 0 0 0 0 0 1 1 4 1 10 2 2 3 6 4 2 3 6 15 20 10 31 35 16 50 68 40 13 29 10 12 10 3 29 45 36 20 27 31 13 40 57 14 25 31 23 17 24 13 7 20 10 17 9 4 11 16 11 6 5 2 6 2 1 2 14 17 13 11 18 25 27 34 33 45 35 33 33 27 39 33 64 67 22 42 49 46 51 35
0 0 0 0 0 0 0 0 0 0 0 0 1 0 0 2 3 15 4 4 2 9 8 11 20 26 24 13 5 7 8 56 50 28 47 52 65 45 9 8 31 34 77 48 45 39 36 12 7 15 39 34 25 19 11 21 22 15 12 10 13 10 21 17 9 7 3 5 8 2 1 3 4 8 11 24 20 25 28 31 30 28 22 36 38 25 27 33 53 7 24 39 32 13 8 22
0 0 0 0 0 0 0 0 0 0 0 0 1 1 2 2 2 2 4 6 10 19 17 22 30 54 33 33 21 10 5 4 46 59 58 23 76 50 30 52 62 18 66 43 80 71 33 15 14 8 24 34 26 21 26 11 23 16 17 10 16 20 43 43 16 6 2 2 4 1 1 2 1 2 2 15 13 17 23 21 28 21 26 35 16 40 32 59 25 16 33 35 37 23 22 35
0 0 0 0 1 0 0 0 0 0 0 0 2 1 1 1 1 4 4 5 14 18 46 36 40 33 59 39 15 17 14 12 6 39 48 13 18 14 66 37 32 11 74 35 19 8 25 17 25 17 25 38 44 34 23 11 6 10 2 6 11 8 25 26 2 5 4 1 3 3 6 5 2 5 7 3 13 15 18 19 14 36 13 5 19 50 26 56 18 8 14 20 22 21 32 36
0 0 0 0 0 0 0 0 0 0 0 0 0 0 4 4 3 2 2 3 4 12 50 56 23 21 26 29 37 34 22 31 15 5 5 19 8 15 70 14 11 24 48 18 17 12 29 21 23 18 9 26 31 33 18 10 7 8 4 4 4 4 5 3 4 6 4 2 2 6 7 2 6 8 6 6 16 15 16 14 43 11 11 18 23 35 29 22 24 4 5 17 20 35 39 53
0 0 0 0 0 0 0 0 0 0 0 0 0 0 1 1 5 7 15 20 12 21 16 14 8 3 14 29 36 29 46 47 14 7 2 4 13 45 27 24 5 52 71 28 27 26 25 31 36 9 13 20 17 19 10 12 9 4 4 2 3 1 3 11 11 5 5 5 7 6 7 4 2 11 4 6 11 8 12 27 16 10 16 11 23 9 23 32 44 18 12 16 26 28 21 48
0 0 0 0 1 0 0 0 0 0 0 0 0 1 1 5 5 9 16 12 14 36 17 12 16 16 6 15 24 19 20 13 8 17 15 17 33 22 38 17 22 28 51 53 40 32 12 17 21 7 6 24 32 37 33 17 10 5 11 24 14 6 4 7 4 2 21 15 6 5 4 37 19 8 7 4 4 6 7 18 6 11 13 5 15 13 24 36 21 39 25 33 26 39 35 44
0 0 0 0 2 1 0 0 0 0 0 1 1 10 4 24 10 4 10 23 26 26 37 18 14 17 17 11 24 22 13 11 16 24 28 28 10 13 19 21 20 7 13 29 39 22 4 9 8 9 13 17 14 15 12 10 11 4 31 32 15 15 3 3 6 5 24 73 53 27 15 10 33 48 13 6 5 7 14 9 2 19 5 11 12 23 9 11 14 21 38 29 58 39 19 26
0 0 0 0 0 1 0 0 0 0 0 1 1 2 11 11 18 24 17 24 20 15 32 15 10 10 7 5 4 6 16 15 24 24 14 26 24 22 18 15 5 13 24 8 37 25 19 16 16 7 6 7 7 29 20 17 13 4 7 7 7 5 16 6 13 18 12 52 69 52 7 13 14 8 37 19 5 6 7 6 12 21 7 42 21 16 16 24 18 26 38 51 24 23 24 12
0 0 0 0 0 1 2 0 0 0 0 0 0 1 1 2 1 3 9 19 21 20 31 39 23 16 20 16 8 5 10 3 6 12 13 22 24 17 25 8 5 18 9 13 37 21 21 16 18 10 9 8 9 22 34 4 7 6 13 11 8 28 22 28 36 18 27 19 60 35 36 11 9 10 11 24 15 19 14 20 7 12 14 27 20 25 28 11 17 61 30 15 34 24 29 27
0 0 0 0 0 0 1 0 0 0 0 0 1 1 5 5 2 1 5 15 23 44 53 59 52 19 13 6 3 5 5 2 1 3 7 7 14 18 12 15 13 17 6 28 5 3 8 11 14 13 20 20 10 22 15 12 9 16 20 6 19 20 11 12 72 30 29 15 7 61 64 21 23 10 31 44 43 63 42 36 21 18 8 26 53 34 54 41 41 50 42 23 37 41 47 27
0 0 0 0 0 0 1 0 0 0 0 1 1 1 5 3 3 12 6 32 67 40 20 30 40 21 16 16 6 1 5 6 10 5 2 6 19 18 4 10 25 27 23 23 8 5 10 22 29 31 14 44 31 34 22 12 13 6 6 22 11 7 7 12 12 39 20 20 10 27 48 73 56 14 5 33 23 54 8 5 25 58 4 14 5 27 28 73 66 57 77 47 43 43 43 43
0 0 0 0 0 0 0 2 0 0 0 1 0 0 1 2 11 13 13 7 8 43 48 27 29 21 32 43 24 9 8 17 11 12 13 5 5 13 12 14 14 22 20 19 16 15 32 30 22 25 27 20 27 21 19 27 33 41 16 6 19 9 7 40 10 29 40 19 11 13 46 55 59 35 16 20 5 36 16 9 2 29 15 15 19 56 16 27 11 7 49 26 34 74 44 62
0 0 0 0 0 0 0 0 0 0 0 1 2 1 1 4 7 9 12 14 10 3 34 65 46 42 35 35 40 15 14 21 10 12 23 29 12 5 6 13 20 15 10 43 20 23 24 55 55 35 48 20 28 57 74 68 30 22 13 10 13 47 24 7 40 12 41 31 19 5 44 45 36 53 14 21 6 39 53 13 8 47 9 17 22 5 28 19 7 19 74 36 20 61 79 76
0 0 0 0 0 0 1 0 0 0 0 1 1 1 0 2 4 10 15 24 21 19 8 24 27 27 9 12 34 15 10 11 8 6 10 17 14 10 8 15 12 6 6 6 27 31 27 45 34 19 17 41 22 18 14 9 15 7 15 17 15 32 38 14 17 37 5 50 31 10 34 56 47 48 21 19 9 48 15 14 4 68 25 15 26 22 10 20 17 34 65 78 25 24 70 72
0 0 0 0 0 0 0 0 0 0 0 0 1 0 1 1 2 3 16 35 37 21 13 6 5 3 10 6 2 3 11 1 3 7 13 9 12 18 14 10 22 18 22 18 26 32 28 26 18 18 33 37 36 46 22 34 32 18 12 21 10 18 29 29 21 60 28 43 63 23 18 29 58 33 53 18 12 44 27 51 38 59 79 33 26 27 10 33 20 12 43 82 37 17 17 69
1 0 0 0 0 0 0 0 0 0 0 0 0 0 1 1 4 4 12 20 28 18 10 15 8 9 9 4 1 1 5 4 3 5 5 8 15 16 11 22 35 26 24 20 11 20 23 21 22 47 34 53 38 38 33 45 41 34 24 35 24 34 18 35 14 55 44 21 64 44 8 33 45 33 66 26 43 27 31 26 51 26 79 53 16 27 26 58 20 11 14 59 43 21 38 35
0 0 0 0 0 0 0 0 0 0 0 0 0 0 0 1 2 4 9 14 19 18 16 13 22 17 20 13 3 1 2 1 1 5 6 4 14 16 8 8 28 21 14 9 21 13 20 15 14 42 57 52 59 39 19 32 64 31 47 44 45 53 22 9 13 12 32 20 36 57 27 22 24 66 51 41 61 27 42 70 54 27 53 74 27 31 14 14 15 21 24 64 40 51 33 11
2 1 0 0 0 0 0 0 0 0 0 0 0 1 1 1 8 8 34 34 23 44 28 33 12 14 19 18 12 1 1 1 9 7 19 20 15 25 25 21 23 17 15 12 14 11 10 20 16 13 12 24 14 25 52 50 67 27 84 69 24 63 31 39 40 17 11 7 27 46 24 44 25 48 13 42 80 60 39 56 69 63 54 82 26 25 34 16 20 8 30 47 47 21 14 18
1 1 1 0 0 0 0 0 0 0 0 0 0 2 2 2 1 5 6 3 9 4 7 13 24 33 18 19 28 6 2 16 12 15 8 6 14 13 13 38 29 11 17 28 24 23 29 33 15 35 38 15 37 57 49 63 48 57 51 63 21 49 61 34 50 64 60 40 19 56 58 72 65 39 35 47 67 72 56 57 63 66 49 79 74 45 9 10 13 26 37 50 60 30 14 10
0 0 1 1 1 0 0 0 0 0 0 0 0 1 4 6 5 3 10 8 6 12 9 18 39 18 22 25 28 27 10 59 20 8 13 7 26 27 29 38 57 31 35 37 27 39 23 31 20 27 33 23 11 43 21 34 68 70 52 56 61 74 78 67 25 65 59 65 55 36 49 65 22 40 40 47 66 54 75 76 62 44 43 82 73 40 46 11 16 42 25 54 44 44 37 24
1 0 0 0 0 0 0 0 0 0 1 0 0 1 1 1 1 4 2 17 10 13 16 18 18 19 34 22 26 18 21 59 15 20 18 14 22 21 23 39 52 27 27 39 25 36 12 14 32 18 17 29 11 8 8 9 42 62 68 73 65 57 70 84 52 42 64 63 53 33 14 27 39 29 38 58 67 82 64 45 41 30 81 72 75 36 28 27 18 26 32 55 18 12 15 48
5 1 0 0 1 0 0 0 0 1 0 0 1 0 3 1 0 2 3 10 18 22 6 9 12 21 24 10 33 28 45 24 26 35 16 9 10 22 51 49 24 17 30 47 45 32 13 11 10 32 19 18 26 21 10 6 16 22 17 46 35 33 63 79 73 53 29 14 16 25 19 21 21 26 32 32 67 57 49 33 12 28 82 69 75 64 32 34 10 32 40 65 63 50 25 13
1 2 1 0 1 0 0 0 0 0 0 1 0 1 9 0 1 1 5 14 10 7 2 11 6 3 17 8 31 41 40 40 45 23 11 24 27 27 51 37 18 37 19 23 40 14 11 17 7 26 14 10 21 10 20 13 12 20 22 8 26 32 38 50 52 27 22 37 29 42 25 17 20 25 27 13 41 36 40 23 19 12 41 28 48 73 35 45 14 44 61 51 39 41 42 18
1 0 0 1 0 1 0 0 0 0 0 1 1 1 0 4 2 3 2 3 7 2 10 8 7 4 12 10 28 21 24 24 38 16 28 30 36 22 38 28 21 30 20 22 28 11 14 14 9 40 21 15 26 27 21 16 30 28 40 25 17 23 8 17 7 7 21 36 38 41 38 22 18 10 12 12 21 23 24 20 21 15 18 16 31 41 16 34 12 36 60 55 34 19 77 57
1 1 1 0 0 0 0 0 0 0 0 0 1 2 0 10 6 1 3 3 7 3 4 7 7 9 29 21 27 18 30 39 14 25 24 43 24 22 50 14 22 31 13 22 22 37 9 22 9 27 18 22 22 35 16 23 23 34 27 33 33 41 19 17 18 11 33 26 31 22 12 9 33 17 11 6 9 21 15 12 11 9 12 25 30 26 21 29 15 68 73 72 70 29 10 21
0 1 1 1 1 1 0 0 0 0 1 0 4 5 3 0 4 3 2 5 8 3 6 13 10 9 27 15 10 7 10 16 23 52 29 19 23 7 26 12 22 18 21 19 10 14 15 18 24 25 24 24 19 26 24 36 40 25 34 26 45 25 15 33 10 19 23 39 16 13 21 43 31 27 27 29 8 6 15 12 12 16 10 31 18 14 43 14 28 69 66 61 78 44 49 14
2 1 1 1 0 0 0 0 0 0 0 0 0 3 2 1 1 3 1 3 2 2 3 9 7 19 16 18 7 7 14 40 18 23 37 23 16 17 27 9 17 13 6 7 7 18 5 10 12 3 14 7 16 31 36 43 53 39 19 31 25 30 25 18 55 17 26 30 33 57 46 29 18 17 23 28 26 30 31 31 38 41 17 16 14 29 49 31 46 60 32 52 82 63 65 46
2 2 2 2 1 0 0 0 0 1 1 0 0 2 1 2 3 1 2 1 2 3 2 2 3 3 7 11 11 20 14 28 10 17 32 18 11 16 8 14 11 10 8 22 32 15 7 25 48 22 34 26 42 56 54 24 33 38 34 25 31 31 48 37 44 36 33 32 56 13 10 13 16 8 5 8 28 23 37 42 44 35 30 13 11 27 53 24 29 16 25 58 89 54 70 60
0 0 1 2 3 3 1 0 1 4 3 1 1 0 0 3 2 1 4 7 20 12 15 6 13 3 3 8 14 10 14 8 7 15 28 18 10 8 5 8 20 53 21 11 19 21 31 14 47 58 77 48 61 77 61 35 52 35 17 18 17 22 47 27 28 39 34 44 17 15 19 27 45 28 28 21 9 29 46 60 49 15 9 14 9 31 48 29 27 24 27 79 83 49 54 87
1 0 0 1 2 2 5 4 2 1 2 1 0 0 0 1 2 3 5 5 16 32 23 7 8 14 29 17 20 7 33 13 12 10 11 10 6 6 16 15 30 5 24 52 18 36 41 31 27 73 73 79 35 64 60 59 40 60 41 32 30 33 11 31 42 48 49 17 22 21 35 53 39 46 59 36 21 45 55 59 24 14 9 18 13 27 14 13 26 30 53 85 62 77 53 87
2 2 1 1 3 1 1 3 1 2 1 1 1 0 2 1 3 2 9 11 4 34 27 41 51 58 47 41 28 10 21 14 9 13 18 41 27 45 56 45 49 55 36 66 27 45 65 68 19 17 15 70 69 37 61 36 30 75 54 51 24 28 33 44 45 47 34 38 38 49 41 23 37 35 38 33 54 42 29 28 14 10 8 11 9 16 11 12 16 17 31 70 45 66 26 55
2 4 3 2 2 1 0 1 0 0 0 0 0 1 1 1 0 1 12 32 10 3 28 68 42 60 51 62 62 70 49 64 64 73 34 58 9 51 71 41 60 78 36 66 68 39 69 35 79 47 24 81 64 60 60 57 80 83 40 59 32 22 27 27 26 35 27 20 18 25 25 31 22 36 40 56 61 47 11 5 13 7 5 8 4 8 9 16 18 36 51 68 33 37 37 32
1 3 16 1 7 8 2 2 1 1 1 2 2 2 2 1 2 2 2 19 11 3 4 10 12 8 38 63 53 57 61 55 73 58 44 55 69 58 63 70 37 77 76 41 61 54 74 39 71 84 56 60 61 49 34 78 64 66 51 61 52 21 22 21 45 32 34 42 44 44 49 34 46 39 62 58 35 18 14 5 1 3 3 5 6 3 7 12 15 23 49 49 14 19 23 24
3 2 1 7 8 10 5 7 5 5 1 3 4 4 1 1 3 2 7 2 1 1 6 3 5 12 30 24 36 49 58 66 27 54 32 71 64 62 66 69 56 68 61 62 69 65 70 76 23 68 54 33 76 24 48 76 59 23 64 25 34 59 16 17 30 30 49 46 47 41 38 44 57 78 72 56 33 16 3 4 3 2 1 1 3 2 6 6 9 15 30 23 16 9 24 34
1 3 5 4 4 7 2 2 7 2 4 1 3 3 1 2 2 2 7 11 9 8 5 6 6 8 3 5 6 9 7 6 13 19 7 6 11 10 9 14 15 17 12 21 22 20 22 72 57 48 78 32 60 56 58 62 24 17 29 31 62 56 31 21 39 41 46 34 33 61 74 71 74 69 57 44 25 6 2 2 2 2 1 1 2 1 3 2 4 6 12 12 12 6 11 14
5 6 7 5 2 1 2 1 5 1 3 2 1 2 1 2 3 2 4 2 3 11 9 6 14 9 5 7 12 15 10 10 27 21 17 22 11 14 18 24 22 25 39 23 30 21 33 14 19 21 50 49 54 60 57 32 36 47 41 52 56 33 25 33 36 36 47 61 72 73 77 61 38 34 18 12 3 4 4 4 3 2 1 1 1 0 0 0 1 1 4 4 6 4 3 4
19 26 13 2 1 1 1 2 1 2 1 1 0 2 0 1 1 1 1 8 6 2 4 3 7 5 2 14 8 6 13 12 5 5 5 12 9 8 15 9 14 26 27 17 16 23 18 31 26 25 15 17 14 14 22 30 44 40 38 41 17 20 22 36 39 30 30 26 47 68 70 62 38 24 9 8 13 12 19 15 8 3 1 2 2 3 2 1 1 0 0 1 2 5 4 3
4 4 3 9 3 1 1 0 0 1 1 1 1 2 1 1 2 1 0 1 8 9 6 7 5 5 4 8 12 15 8 3 8 5 6 9 9 12 13 17 14 14 15 9 7 8 9 9 20 29 39 54 32 26 28 26 31 31 31 14 13 23 22 44 34 20 29 27 29 33 24 33 31 13 8 18 23 18 5 3 2 2 2 5 10 10 11 4 4 3 1 1 0 0 1 1
4 3 4 1 0 0 1 0 1 0 0 0 0 0 1 0 0 1 2 2 2 11 10 6 8 3 5 9 16 3 3 6 5 10 11 6 9 9 8 10 10 11 29 18 20 15 16 22 31 25 35 38 29 27 32 25 28 22 21 23 5 24 23 30 48 47 43 52 36 28 14 13 6 11 18 27 44 23 8 5 5 7 8 16 14 14 13 15 13 6 7 3 2 1 1 0
7 4 2 1 1 0 0 0 1 0 1 0 0 0 0 0 1 2 2 0 2 6 10 8 10 2 14 22 7 2 7 4 8 7 11 12 9 15 15 15 4 15 18 20 14 27 30 25 20 17 25 13 42 31 53 40 26 23 16 12 15 19 24 17 62 69 37 54 45 37 24 21 10 20 33 40 20 6 11 14 14 22 13 24 28 25 33 22 21 16 14 11 8 5 2 4
3 1 1 1 0 1 6 8 3 1 5 1 0 0 0 0 0 0 0 1 3 4 2 5 6 11 30 33 11 6 10 8 9 21 10 15 12 16 6 8 20 19 14 19 19 31 27 13 32 16 27 34 34 24 40 24 42 12 20 9 29 45 20 52 77 54 52 32 27 28 17 9 13 23 34 29 12 18 19 24 34 30 34 47 44 37 36 26 38 39 21 33 16 10 7 7
1 1 0 0 3 14 6 3 10 15 1 3 1 0 0 0 1 1 1 2 4 2 3 8 7 26 16 3 4 2 5 11 6 9 30 10 11 16 16 23 14 16 12 12 17 16 27 24 22 25 32 30 34 25 30 25 44 27 13 7 15 38 55 67 60 60 36 32 30 15 13 14 22 10 38 16 28 27 44 46 55 40 47 58 55 40 54 50 47 33 32 32 23 18 24 23
0 0 0 1 1 12 10 12 20 11 4 4 10 2 1 0 0 0 1 2 0 1 2 9 3 2 3 4 10 12 7 4 16 4 13 13 15 28 16 16 7 18 7 6 8 17 17 30 30 22 19 41 13 27 35 31 17 13 23 16 5 23 23 30 41 61 48 58 35 9 26 22 33 26 71 36 32 35 46 48 60 45 51 65 46 44 60 72 61 55 36 36 31 45 39 23
0 0 0 3 0 0 0 0 12 14 15 15 11 3 3 2 0 0 1 0 1 1 1 2 2 5 7 7 9 6 5 3 4 6 6 10 7 9 10 19 31 11 16 14 4 6 11 11 20 25 29 26 25 7 39 7 16 33 17 18 8 9 17 15 12 13 30 18 10 28 57 32 39 33 71 37 46 49 63 69 82 72 83 82 75 66 68 68 83 80 52 45 43 42 68 41
0 0 0 0 0 0 1 1 1 4 2 10 7 3 5 5 4 3 3 1 0 1 0 1 2 5 6 2 1 2 1 2 2 3 4 5 5 6 7 15 21 37 16 7 29 21 25 9 18 12 11 21 8 21 21 26 27 18 21 17 11 29 42 29 21 13 13 26 37 35 48 53 34 48 65 60 65 57 69 83 72 64 82 80 79 77 75 74 78 72 60 51 67 72 73 58
