sesion_6_simulaciones/modelos_agentes/ejemplos_netlogo/scenarios/cgcm2_b2/rob_2024.asc
NCOLS 322 
NROWS 307 
XLLCORNER 451900 
YLLCORNER 4086900 
CELLSIZE 100 
NODATA_value -9999 
[rows 74 to 147 of 307, columns 0 to 95 of 322]
0 0 0 0 0 0 0 0 0 0 0 0 0 0 1 0 0 0 0 0 0 0 0 0 0 0 0 0 1 0 1 1 2 3 3 7 13 11 9 8 3 7 3 1 1 0 2 2 2 4 1 3 2 1 4 1 2 3 3 3 3 9 8 9 4 3 3 6 9 13 25 14 9 5 26 60 31 33 48 68 73 32 48 57 62 24 13 10 18 12 14 16 11 12 21 16
0 0 0 0 0 0 0 0 0 0 0 0 0 0 0 0 0 0 0 0 0 0 0 0 0 0 0 0 0 0 0 0 1 3 10 15 8 7 25 17 4 7 7 4 2 0 1 2 2 2 3 3 2 2 3 3 1 2 1 1 2 4 15 19 6 7 16 12 10 4 7 16 15 10 18 67 32 15 11 51 51 45 46 34 15 42 40 17 16 13 16 28 27 18 13 53
0 0 0 0 0 0 0 0 0 0 0 0 0 0 0 0 0 0 0 0 0 0 0 0 0 0 0 0 0 0 0 0 0 1 3 10 10 20 15 8 8 25 8 4 4 2 2 2 1 3 5 2 3 2 3 1 7 2 1 0 2 14 8 17 18 16 24 21 28 16 14 5 5 5 16 66 74 31 18 14 40 47 31 14 14 61 56 49 40 11 8 6 33 40 28 39
0 0 0 0 0 0 0 0 0 0 0 0 0 0 0 0 0 0 0 0 0 0 0 0 0 0 0 0 0 0 0 0 0 1 4 3 5 7 3 4 28 7 8 7 10 12 4 1 2 4 4 3 3 2 5 2 2 2 1 3 6 10 9 21 13 19 25 26 30 32 30 29 27 20 10 20 51 42 30 10 39 61 20 12 46 66 19 61 47 30 13 31 46 45 40 26
0 0 0 0 0 0 0 0 0 0 0 0 0 0 0 0 0 0 0 0 0 0 1 0 0 0 0 0 0 0 1 1 1 2 3 3 2 4 6 13 11 20 7 10 12 32 11 8 12 6 6 3 3 2 1 1 3 3 6 7 7 4 7 4 12 19 23 37 34 29 29 43 29 29 14 5 6 19 22 14 24 27 21 23 54 26 19 12 12 36 25 33 26 33 38 38
0 0 0 0 0 0 0 0 0 0 0 0 0 0 0 0 0 0 0 0 0 0 0 0 0 0 0 0 0 1 1 1 10 20 32 25 13 4 11 15 15 29 18 4 5 8 24 27 44 44 29 15 9 7 5 2 2 4 8 8 3 4 4 4 4 9 7 4 10 29 35 29 30 33 23 19 11 21 8 6 19 26 22 34 51 23 36 24 12 27 33 53 68 59 47 48
0 0 0 0 0 0 0 0 0 0 0 0 0 0 0 0 0 0 0 0 0 0 0 0 0 0 0 0 0 1 1 1 2 10 40 52 14 5 8 22 18 14 29 17 5 5 11 27 61 68 79 81 67 24 16 9 7 8 6 8 6 4 4 1 9 10 6 11 12 25 35 27 32 37 32 19 17 8 5 1 9 23 23 34 38 34 16 17 17 23 61 62 65 39 41 62
0 0 0 0 0 0 0 0 0 0 0 0 0 0 0 0 0 0 0 0 0 0 1 9 1 0 0 0 0 2 1 1 1 2 4 25 18 7 5 15 28 55 20 38 28 13 8 3 3 7 24 36 53 68 50 23 10 5 7 6 3 8 4 17 3 2 5 4 7 14 14 39 34 37 40 24 7 1 3 3 6 13 14 37 20 33 43 44 26 19 13 9 30 22 28 42
0 0 0 0 0 0 0 0 0 0 0 0 0 0 0 0 0 0 0 8 7 10 20 6 22 5 1 0 0 0 1 3 3 7 9 4 3 3 2 10 12 10 15 35 21 16 18 12 4 1 1 2 6 27 26 56 29 15 6 32 40 19 12 5 22 12 4 8 2 2 14 26 43 30 21 21 13 8 9 18 7 6 21 49 20 43 46 44 40 44 26 12 10 25 49 64
0 0 0 0 0 0 0 0 0 0 0 0 0 0 0 0 1 7 11 15 1 5 2 1 1 2 1 0 2 2 1 2 2 2 5 6 3 3 9 13 28 35 11 8 5 6 6 5 1 3 4 1 9 5 7 16 30 24 50 42 13 6 7 10 20 5 6 10 11 10 49 41 41 27 23 25 30 35 22 11 16 14 42 49 31 61 60 83 62 60 59 47 12 9 11 10
0 0 0 1 0 0 0 0 0 0 0 0 0 0 0 1 1 5 1 2 2 1 1 1 0 1 1 2 7 6 10 1 2 5 12 8 3 9 12 13 22 33 34 23 2 1 2 3 3 2 1 12 35 19 17 13 8 30 63 18 13 11 5 6 13 8 13 9 28 38 31 32 31 25 26 26 31 27 37 10 14 12 20 17 30 66 30 50 60 75 47 52 49 25 14 9
0 0 0 0 0 0 0 0 0 0 0 0 0 0 1 1 1 1 0 1 1 3 0 0 0 0 2 0 0 0 1 1 2 9 6 9 3 26 16 18 30 30 41 35 16 18 25 18 22 26 18 24 33 29 19 12 19 25 14 17 16 27 20 12 7 4 4 29 26 16 26 19 51 24 19 47 33 28 28 19 15 9 10 25 6 45 34 64 63 77 79 81 62 36 19 13
0 0 0 1 0 0 0 0 0 0 0 0 0 0 0 0 0 0 0 0 1 0 0 0 2 1 1 0 0 1 1 2 4 4 4 7 4 13 12 26 37 18 36 24 16 21 29 19 15 24 26 13 19 23 19 20 32 13 17 24 36 22 10 7 9 8 8 5 8 13 8 20 10 8 45 33 23 26 53 30 32 15 8 16 30 38 35 30 65 60 48 48 68 25 19 12
0 0 0 0 0 1 0 0 0 0 0 0 0 0 0 0 0 0 1 1 0 2 1 6 7 4 6 13 8 2 1 1 2 1 2 1 5 8 11 22 30 12 6 11 10 17 30 4 13 20 16 20 23 36 25 18 19 10 18 21 30 10 12 7 12 13 29 38 32 18 23 14 16 12 10 9 37 47 16 26 26 17 15 11 14 16 27 38 49 57 11 25 41 40 16 11
0 0 1 0 1 0 0 0 0 0 0 0 0 0 1 0 0 1 1 1 2 1 2 2 19 16 15 15 5 19 12 10 5 1 1 3 2 8 7 15 9 5 17 9 22 28 34 9 16 32 14 12 21 42 26 8 15 9 17 26 14 2 1 6 19 6 4 15 40 14 23 19 13 15 22 13 15 22 17 14 9 13 24 21 12 12 9 6 17 16 8 27 13 34 24 14
0 0 0 0 0 0 0 0 0 0 0 0 0 0 0 0 0 2 1 1 3 1 1 8 11 30 31 23 14 16 16 21 5 14 8 5 2 1 3 2 2 6 8 11 13 17 21 6 8 23 8 19 6 33 39 7 15 7 38 14 9 10 10 18 20 4 3 2 54 21 22 14 13 11 12 29 30 49 44 41 52 34 17 11 28 33 26 20 8 4 9 19 23 9 18 12
0 0 1 0 0 0 1 0 0 0 0 0 0 0 0 2 3 0 1 2 1 0 11 19 46 5 37 39 14 23 24 24 14 30 12 21 17 7 1 0 2 4 4 3 10 21 7 9 11 11 10 24 17 39 2 20 30 13 19 4 4 17 26 13 8 8 4 3 16 72 62 33 16 44 41 42 69 59 21 29 52 41 51 46 39 38 33 29 18 8 4 14 14 5 3 1
0 0 1 0 0 0 0 0 0 0 0 0 0 3 1 1 2 6 2 2 4 2 1 14 32 13 5 54 53 15 7 38 20 33 35 52 23 12 11 2 6 7 10 1 2 3 6 4 6 10 47 53 61 42 55 16 4 20 4 2 3 17 11 4 3 4 25 23 8 8 31 29 71 89 69 49 26 22 67 34 8 34 51 42 31 31 32 26 19 7 4 4 2 2 2 7
0 0 0 0 0 0 0 0 0 0 0 0 0 0 0 6 8 6 5 2 2 2 1 18 5 23 23 37 73 37 5 5 5 11 13 32 20 29 41 18 11 3 17 27 25 26 27 11 21 61 75 55 19 25 54 70 34 6 10 11 6 17 8 6 7 9 7 7 19 9 10 13 9 12 9 58 28 26 16 32 46 17 21 51 34 31 30 18 19 16 7 2 5 12 5 8
0 0 0 0 0 0 0 0 0 0 0 0 0 1 1 0 7 12 30 12 1 22 4 3 2 8 5 2 22 25 54 13 3 3 21 7 14 47 18 12 31 6 14 37 55 41 27 49 56 62 80 73 36 70 64 76 44 58 38 31 18 22 4 6 5 7 3 11 9 5 5 3 8 8 7 19 17 23 17 18 30 51 25 27 32 28 12 14 6 4 9 13 17 3 2 3
1 0 0 0 0 0 0 0 0 0 0 0 1 3 1 2 1 15 5 11 6 7 5 6 2 16 5 4 2 29 70 34 7 6 6 22 11 23 60 14 51 5 20 61 61 53 51 75 73 88 84 72 63 90 83 82 66 73 64 21 24 21 4 6 4 8 19 40 20 15 8 24 28 22 15 9 12 25 31 22 12 12 36 32 24 10 12 4 5 16 19 13 21 16 8 3
1 0 0 0 0 0 0 0 0 0 0 0 1 2 3 1 3 3 5 7 9 17 3 6 5 11 13 3 3 9 44 56 29 18 5 11 2 10 53 14 45 10 22 53 53 56 81 83 80 88 83 46 71 67 68 63 60 78 17 13 41 16 10 8 10 7 14 28 26 15 56 17 7 12 14 24 57 56 52 38 27 18 17 21 12 6 13 14 13 20 34 25 12 7 9 8
1 0 0 0 0 0 0 0 0 0 0 1 2 2 1 2 5 2 2 3 4 6 3 7 17 6 20 12 9 3 29 64 7 8 10 12 3 34 63 53 64 59 30 40 59 74 90 86 63 85 63 18 46 13 28 62 76 67 32 68 60 52 22 6 6 10 16 15 17 46 13 24 30 11 16 45 35 23 46 53 50 22 9 8 5 9 17 37 35 34 32 33 14 14 12 19
2 1 0 0 0 0 0 0 0 0 1 1 13 3 1 2 3 3 6 5 1 1 5 20 31 33 16 26 15 7 31 59 10 8 29 27 8 26 16 52 73 87 53 52 60 64 89 85 42 63 18 27 15 7 2 5 57 74 76 75 48 69 13 10 42 52 16 5 15 15 22 41 16 47 48 13 33 57 42 56 43 42 36 14 22 25 40 40 51 32 47 42 30 31 25 34
2 3 0 0 0 0 0 0 0 0 0 0 6 18 3 7 3 8 11 13 18 8 10 18 21 30 27 44 28 27 14 37 16 17 20 9 13 37 18 27 42 78 67 69 61 63 87 93 82 64 33 17 4 5 2 3 6 4 80 68 68 22 11 41 23 32 27 12 10 8 34 26 52 34 25 15 18 11 35 42 58 61 39 25 31 48 43 38 57 27 71 30 33 32 23 24
0 12 5 1 0 0 0 0 0 0 1 2 2 3 17 19 2 6 18 15 19 12 18 41 47 55 54 44 42 46 7 29 46 28 21 15 14 21 10 5 14 71 22 30 27 32 77 81 74 40 28 32 23 20 9 14 4 15 10 11 15 17 36 43 35 18 16 8 12 18 18 32 24 22 10 8 11 30 36 53 56 59 38 38 30 43 52 25 52 43 74 44 43 21 30 38
0 0 8 2 0 0 0 0 0 0 0 2 3 2 13 3 31 7 5 7 12 9 3 5 11 26 31 16 43 46 23 57 75 54 24 48 23 27 22 7 45 64 57 32 35 37 15 39 57 14 29 39 32 26 38 23 12 32 18 33 23 13 32 39 25 16 17 8 22 9 4 7 33 31 24 21 30 39 40 46 44 54 44 41 41 35 47 38 69 69 21 42 49 43 46 29
0 0 0 1 2 0 1 0 0 0 1 1 3 1 1 7 8 36 10 11 5 17 15 18 31 39 36 21 9 11 12 59 56 38 58 64 75 63 17 16 51 45 83 61 54 44 40 13 7 15 42 41 34 30 19 37 41 28 25 24 35 30 47 40 21 15 11 17 27 6 3 10 12 19 23 42 35 41 42 44 41 39 32 48 49 34 35 40 58 9 27 42 33 12 7 19
0 0 0 1 2 0 1 0 0 0 0 2 3 4 6 6 5 6 10 13 21 33 27 31 41 63 43 44 31 14 8 5 45 64 66 34 83 64 43 66 73 29 75 51 81 75 38 17 13 8 27 41 35 31 42 22 44 36 38 27 46 48 69 68 31 14 8 7 17 5 5 7 4 6 6 32 27 30 36 35 40 31 37 47 24 51 42 65 28 19 39 39 39 24 21 34
0 0 0 2 3 0 1 0 0 0 1 2 7 5 3 3 4 9 9 10 24 28 58 46 50 42 66 49 23 25 20 18 9 41 57 19 27 21 73 50 45 17 79 45 25 10 29 21 26 16 25 43 53 46 37 23 16 24 6 14 31 22 46 46 4 13 13 5 12 13 22 19 7 15 18 7 28 30 33 33 25 50 21 9 27 61 34 59 23 11 19 23 26 23 34 38
0 0 0 2 2 2 1 0 0 0 1 1 2 2 15 13 8 6 5 6 7 18 59 62 30 26 32 37 45 42 30 36 21 8 7 25 12 23 76 22 18 31 58 25 24 18 37 26 27 21 11 29 37 42 30 21 18 19 10 15 16 12 13 8 11 13 11 8 10 21 23 6 19 23 17 17 36 32 31 26 60 19 18 28 32 48 37 28 30 5 7 21 25 39 41 57
0 0 0 1 2 2 1 0 0 1 1 1 1 2 3 4 15 17 30 33 20 27 23 18 10 4 18 34 42 33 49 52 18 11 3 6 19 53 37 34 8 60 76 38 37 36 34 41 43 11 17 25 24 26 17 23 21 9 14 6 10 5 10 28 25 12 14 16 21 20 22 15 9 32 14 17 27 20 26 47 27 19 28 18 36 15 34 42 49 22 15 20 33 35 25 54
0 0 0 2 3 2 1 1 1 0 1 1 2 6 6 19 15 23 31 22 22 44 23 16 20 19 7 16 26 19 20 15 10 21 21 23 41 30 47 25 30 38 59 61 51 41 18 22 26 9 9 30 39 48 48 31 21 12 25 45 36 20 15 20 10 6 38 34 17 14 11 67 48 29 22 13 12 15 19 37 14 23 24 9 24 22 36 47 30 49 32 40 32 47 42 49
0 0 0 0 9 6 2 0 0 0 1 4 5 37 17 52 27 11 21 36 38 37 46 24 18 20 18 11 21 20 12 12 19 29 34 36 14 19 26 28 25 10 17 39 45 27 6 11 11 12 18 22 20 21 18 18 23 9 50 51 31 34 9 9 15 10 36 82 72 50 36 27 61 72 36 20 18 22 34 22 5 34 11 20 22 38 16 18 21 32 49 39 67 45 24 29
0 0 0 0 2 3 2 1 0 1 0 3 3 7 34 30 41 47 33 40 31 22 42 20 12 11 7 5 4 6 15 16 27 28 16 32 31 28 24 18 7 16 31 10 44 34 27 23 20 9 9 10 11 37 30 28 23 8 13 17 19 16 35 19 29 33 21 62 72 66 16 31 34 22 63 47 17 20 23 19 30 40 15 64 39 31 30 39 29 38 52 60 32 29 27 14
0 0 0 0 0 8 10 1 1 1 1 2 2 4 4 5 2 6 20 34 31 30 42 49 28 18 22 17 9 5 10 4 7 14 15 26 28 19 28 10 6 23 13 17 44 29 29 22 23 13 10 11 13 29 46 7 14 13 29 27 22 47 41 50 58 32 39 26 65 44 52 22 21 25 27 48 38 45 34 42 19 31 34 53 42 49 46 21 31 76 44 23 43 31 36 33
0 0 0 0 0 1 3 0 1 0 1 2 7 6 16 15 7 4 11 28 38 57 63 67 59 23 15 6 3 5 6 2 2 3 8 8 16 19 13 16 16 22 8 32 7 4 12 15 18 15 21 25 14 28 22 21 17 31 39 15 38 37 22 25 84 45 40 22 10 63 73 35 41 19 50 65 58 77 60 53 40 37 20 48 73 53 67 57 56 67 60 36 50 52 56 35
0 0 0 0 0 0 4 1 0 1 0 5 3 6 18 11 9 26 13 44 75 53 30 40 48 26 19 18 7 1 5 7 11 5 2 7 20 18 5 11 28 33 29 28 10 6 13 29 32 34 18 45 34 38 28 20 21 12 13 42 27 15 15 24 22 55 31 28 14 31 54 81 71 25 10 49 32 69 18 11 40 74 10 30 12 44 46 79 78 68 82 58 55 56 55 53
0 1 0 0 0 0 2 9 1 1 2 4 2 2 3 10 33 30 25 12 13 49 57 38 38 29 40 48 26 10 9 20 14 14 14 5 6 12 10 15 15 25 24 24 20 17 35 36 25 25 27 21 32 27 24 34 44 53 31 15 37 19 13 50 18 41 50 26 16 16 50 64 68 50 26 34 9 56 31 16 4 42 30 30 33 66 28 38 18 13 53 37 45 77 58 72
0 0 0 0 0 0 2 0 0 1 1 4 9 3 5 15 23 26 24 22 16 5 42 71 54 48 41 43 46 18 18 26 13 15 26 30 11 5 5 12 22 18 12 44 24 25 23 54 54 34 45 20 31 60 77 72 41 30 24 23 26 64 38 12 49 18 48 39 25 7 50 53 46 64 24 35 11 55 68 22 13 57 17 30 31 8 40 29 11 25 79 45 26 65 82 82
1 0 0 1 0 0 3 0 0 0 0 3 6 4 2 8 14 26 29 38 32 27 12 30 35 34 12 15 36 18 14 15 10 8 12 18 13 9 7 15 13 8 8 8 30 34 26 39 30 18 16 44 27 21 19 14 20 12 27 34 26 44 52 21 23 46 8 56 39 13 35 61 47 59 30 29 15 60 25 23 6 74 37 25 38 29 15 29 23 38 66 79 33 32 69 75
2 1 0 0 0 0 2 0 1 0 0 0 3 2 3 6 7 11 34 53 51 30 20 9 7 4 13 8 2 4 13 1 3 9 15 10 13 17 14 10 22 20 25 21 30 34 27 26 18 21 36 44 42 55 30 45 44 32 23 40 18 26 38 38 24 67 36 48 68 27 18 33 63 37 60 26 19 55 40 62 49 59 83 42 36 35 15 41 28 17 45 82 46 22 22 70
4 0 0 0 1 1 2 2 1 1 0 0 0 3 7 5 16 15 26 34 39 27 15 21 11 12 12 5 1 2 6 5 4 6 6 9 16 15 9 16 32 26 25 22 13 24 28 25 24 52 39 59 45 44 41 58 56 48 43 50 38 43 24 41 20 60 51 27 67 50 10 36 51 36 72 32 45 34 41 34 61 36 79 59 21 36 34 62 26 16 18 60 49 25 43 37
2 1 0 0 1 0 1 0 1 1 1 0 2 3 3 5 10 14 22 27 28 28 23 19 30 21 23 13 4 1 2 1 1 6 7 4 15 14 6 6 22 20 15 11 23 16 18 16 13 41 60 58 62 44 25 40 71 40 59 57 57 61 29 13 17 16 37 24 41 58 30 24 25 69 54 46 66 34 47 73 60 33 52 76 33 36 19 18 19 25 26 63 46 53 34 13
7 3 2 1 0 1 0 0 1 0 1 2 1 7 4 4 27 26 56 52 35 58 39 42 17 19 23 22 15 2 1 2 11 9 23 22 16 25 22 17 20 16 16 13 14 12 12 21 18 15 14 26 17 32 54 60 73 34 88 76 30 69 42 46 47 21 13 9 28 45 24 42 25 50 14 46 82 65 42 58 70 65 54 83 29 31 33 18 21 9 31 49 50 24 16 19
3 5 5 2 1 1 1 0 1 0 1 1 1 6 7 8 5 15 14 7 15 7 11 19 34 44 24 25 33 8 3 20 16 18 9 6 16 12 12 36 29 10 19 30 26 24 34 38 20 40 43 19 38 60 52 66 52 65 61 69 30 58 69 44 57 69 63 41 18 48 51 66 57 38 37 50 71 75 57 55 58 63 48 79 74 47 10 12 15 27 40 51 63 31 15 9
1 1 3 3 6 1 1 1 1 0 1 1 0 4 17 22 16 9 25 17 11 21 16 28 52 27 31 35 37 33 13 63 24 9 14 8 29 30 32 40 60 31 40 41 35 43 26 37 28 35 39 28 15 46 25 35 71 74 58 61 66 76 81 72 28 67 61 61 45 27 35 55 18 37 41 49 69 55 72 71 52 36 39 80 73 42 46 12 18 38 27 56 48 46 37 23
4 1 0 1 1 1 1 1 1 2 3 2 1 3 3 3 4 12 6 34 19 24 27 30 29 30 46 32 35 26 29 63 20 24 20 16 25 27 29 47 57 31 34 45 34 41 14 19 42 26 25 35 16 10 11 11 47 63 70 75 70 64 72 85 57 43 56 52 39 20 9 16 28 24 37 55 64 79 61 38 30 21 76 67 71 37 27 26 17 24 33 55 20 13 15 46
19 5 1 1 3 1 1 1 1 4 2 2 5 2 15 2 2 5 9 25 37 40 11 16 21 34 37 17 46 40 55 33 33 40 16 10 13 28 59 56 26 23 32 55 55 40 19 17 15 44 28 25 35 27 13 7 19 21 18 47 38 38 63 77 73 50 24 11 11 17 12 13 16 21 30 31 64 55 43 24 8 17 74 59 71 58 31 30 9 30 41 64 60 49 24 12
4 8 5 1 4 2 1 0 1 1 0 5 2 3 27 2 5 4 18 36 22 15 4 22 11 5 28 13 46 56 49 49 52 26 13 26 35 35 59 43 25 45 26 30 50 21 18 25 12 35 22 16 30 14 26 17 15 24 26 9 21 34 39 51 53 27 20 33 25 36 20 13 16 21 23 12 40 32 34 17 13 6 26 17 37 67 31 38 12 42 60 48 39 36 40 16
4 1 1 3 2 4 1 0 1 1 0 3 3 7 3 17 8 12 10 11 16 4 21 17 15 8 21 17 41 31 33 32 44 18 32 38 44 30 47 37 30 40 29 30 42 20 23 22 16 53 31 24 37 36 30 23 39 37 48 31 20 25 9 18 7 8 24 37 38 39 35 19 15 9 10 10 18 19 18 13 13 8 9 10 22 32 12 29 9 31 55 52 31 17 71 47
3 4 4 2 1 1 1 1 1 1 1 1 4 7 2 33 22 7 13 9 19 8 9 16 15 18 48 33 40 25 37 44 17 32 33 53 36 32 61 21 34 46 22 34 37 53 17 35 17 44 32 35 33 48 24 33 33 46 36 42 41 47 22 18 19 13 35 27 31 20 11 7 30 16 10 5 7 16 10 8 6 4 6 15 20 16 14 21 11 60 66 69 67 25 8 17
1 3 3 3 2 3 2 1 0 1 3 2 16 20 11 2 16 12 9 17 21 10 17 33 24 21 47 23 16 11 15 22 29 61 37 29 35 12 41 21 34 30 37 33 21 27 28 35 44 46 43 43 34 41 37 50 52 36 45 35 55 31 19 38 12 21 23 36 16 12 19 40 31 25 24 25 6 4 10 8 8 9 5 17 9 8 30 8 19 60 55 52 73 39 40 9
7 3 2 3 2 0 1 2 1 1 1 2 1 9 9 2 4 12 6 12 8 8 11 30 25 47 34 27 13 11 22 51 24 32 50 36 25 29 43 16 32 27 14 18 18 37 12 23 24 8 26 13 30 48 55 59 67 52 28 43 34 38 32 23 58 19 26 29 32 56 44 28 15 14 19 23 20 24 23 21 24 23 9 7 7 16 31 18 31 45 20 40 77 56 57 34
7 8 6 6 3 1 0 1 2 3 2 1 1 6 4 6 12 7 8 8 10 12 9 8 13 9 16 22 18 31 24 41 16 26 48 30 20 26 16 27 25 25 19 37 50 30 15 40 61 33 49 38 57 67 60 36 45 54 49 35 43 41 58 44 54 42 39 37 57 14 10 12 14 6 4 6 20 16 24 25 25 17 14 6 4 13 31 12 16 8 15 45 84 44 60 47
1 1 3 6 9 10 4 1 4 12 10 4 4 1 1 10 6 5 19 24 50 37 40 20 39 12 10 20 28 21 26 16 14 28 47 34 21 17 13 20 33 68 37 22 34 36 46 21 55 66 79 57 68 82 67 42 58 44 28 29 27 31 59 37 38 48 42 50 18 17 20 27 42 24 22 15 6 17 29 39 26 6 3 6 4 14 26 13 13 12 17 70 72 33 39 78
2 1 1 4 6 7 13 12 6 3 7 2 1 1 1 3 8 12 17 16 37 63 52 24 23 38 57 44 41 16 58 28 25 23 27 25 15 16 34 29 46 10 35 63 27 50 55 41 33 73 73 79 39 68 62 61 46 65 51 46 42 47 17 43 53 57 57 22 26 25 38 54 38 41 52 27 12 26 32 35 10 5 3 7 5 11 5 5 12 15 33 73 44 59 33 75
8 7 3 2 7 2 4 8 3 5 2 2 2 1 5 2 9 8 25 29 12 53 50 68 73 77 67 67 54 26 44 32 22 30 37 58 45 64 71 58 59 64 46 74 36 50 73 72 25 22 16 70 70 39 64 41 32 79 63 59 32 40 46 54 56 57 42 45 43 53 42 23 35 30 29 22 35 22 12 12 5 3 3 4 3 6 4 5 6 7 15 51 25 42 12 32
5 12 8 4 6 3 1 2 1 1 1 1 1 1 3 2 1 4 32 59 23 7 46 80 59 75 64 77 78 83 70 78 77 81 50 69 16 63 79 52 66 82 45 71 75 43 72 41 79 52 28 81 65 59 61 56 82 82 45 66 38 24 37 38 36 45 35 24 22 28 26 29 19 29 29 38 38 23 4 2 4 2 1 2 1 2 3 6 7 18 31 48 15 17 17 14
4 7 31 3 19 21 6 7 4 4 3 4 5 7 6 3 5 6 5 37 23 6 7 20 20 16 50 69 67 71 72 66 77 68 52 65 73 62 66 75 45 80 78 44 64 57 75 44 70 83 52 58 60 40 30 76 66 65 49 63 58 27 30 28 53 41 43 49 48 47 50 32 40 31 46 37 16 7 5 2 0 1 1 2 2 1 2 4 5 8 25 29 5 7 9 11
10 6 3 22 25 31 18 22 17 12 3 9 13 12 4 5 10 7 17 5 2 3 12 6 8 19 42 36 45 59 65 71 38 58 44 73 69 67 70 71 60 70 64 62 66 66 71 76 26 64 53 28 70 19 42 75 57 23 61 27 34 68 20 22 37 38 53 52 50 43 38 40 47 66 54 33 14 5 1 1 1 0 0 0 1 0 2 2 3 6 13 8 5 3 10 14
3 9 15 14 18 26 8 8 25 5 13 4 10 12 4 10 10 8 20 28 19 16 11 12 10 13 5 8 10 13 11 10 19 26 11 9 15 13 13 17 15 19 15 25 27 21 24 71 55 42 73 26 50 41 45 55 19 17 30 32 65 59 35 26 42 46 51 37 33 57 70 58 59 48 34 22 9 2 1 1 0 0 0 0 1 0 1 0 1 2 4 4 4 2 3 4
15 20 27 18 10 4 7 7 19 3 13 8 6 11 7 11 10 9 14 6 8 24 19 11 24 17 9 12 20 25 16 17 40 33 27 31 17 20 25 30 28 33 45 31 39 27 40 17 19 18 39 36 36 41 41 23 32 47 44 52 59 36 27 35 43 41 48 60 70 69 70 47 22 17 7 5 1 1 1 1 1 1 0 0 0 0 0 0 0 0 1 1 2 1 1 1
39 52 38 10 7 3 4 8 4 8 3 4 2 10 2 5 5 4 4 24 16 5 9 8 15 9 5 24 15 12 23 22 10 9 8 20 14 13 22 14 20 36 37 23 20 29 22 36 27 24 12 11 7 5 11 21 39 39 41 40 19 21 26 40 43 34 31 25 40 55 54 43 20 10 3 3 5 4 7 5 2 1 0 0 1 1 1 0 0 0 0 0 1 1 1 1
9 11 8 26 12 6 4 1 1 3 3 6 4 9 3 5 10 3 2 2 22 21 15 16 10 10 8 13 22 28 15 5 13 8 10 14 14 20 21 25 20 19 22 13 10 10 11 12 22 30 35 45 18 14 17 18 25 30 30 16 15 26 26 50 37 22 29 24 23 22 13 17 16 5 3 7 10 7 2 1 0 1 1 1 3 3 3 1 1 1 0 0 0 0 0 0
13 10 15 4 1 1 3 1 5 1 2 2 1 2 6 1 2 7 8 7 8 30 25 15 16 7 9 19 29 7 6 11 8 17 16 9 11 14 13 15 14 14 30 23 27 20 20 26 36 26 29 30 22 19 24 21 24 22 23 25 6 26 26 33 51 48 44 48 27 18 7 6 2 5 8 13 23 9 3 1 1 2 2 5 5 5 5 5 4 2 2 1 1 0 0 0
25 15 9 6 3 1 1 1 3 0 4 3 1 1 1 2 4 7 8 2 9 19 26 22 21 5 27 39 14 4 11 6 13 10 15 15 13 19 18 20 7 19 24 26 18 27 31 26 23 17 22 11 37 28 48 38 25 22 16 12 16 21 26 19 63 68 34 48 35 25 13 10 4 9 17 22 9 2 4 5 5 9 5 10 12 10 15 8 8 5 4 3 2 2 1 1
12 5 7 4 1 7 20 29 12 5 13 3 0 0 1 1 1 2 2 5 13 16 6 14 16 25 42 50 21 11 15 13 13 29 16 22 18 23 10 12 25 28 20 26 26 38 31 15 31 15 27 32 34 26 43 25 45 13 21 9 30 47 21 53 75 51 46 25 19 16 8 4 6 11 19 17 6 8 9 11 18 16 18 27 25 19 18 12 18 18 8 13 5 3 2 2
5 7 2 2 11 38 25 13 31 40 4 11 3 0 0 1 3 3 3 9 16 11 11 28 20 44 29 6 7 5 9 20 11 17 46 18 20 24 25 31 23 24 20 19 24 21 33 26 23 27 35 32 36 29 37 29 46 30 15 8 15 38 51 63 53 55 28 23 19 8 7 7 11 5 23 9 16 15 29 32 40 29 31 43 40 23 35 31 28 17 14 14 9 6 8 8
1 2 2 5 5 31 32 35 51 34 18 14 28 11 3 2 2 1 7 7 2 3 8 27 11 5 8 10 20 26 17 11 33 11 30 29 29 46 26 27 13 28 11 9 12 21 22 36 34 29 24 48 17 31 42 38 19 14 22 15 5 22 21 25 33 51 37 38 18 4 15 13 20 16 61 26 25 28 42 41 53 37 42 58 35 32 49 59 45 37 22 18 14 24 19 9
2 1 2 11 1 2 2 2 36 40 37 43 36 12 16 9 3 1 3 2 5 3 8 8 9 16 20 19 23 22 18 12 14 23 19 28 18 23 24 36 48 18 25 21 7 10 16 16 27 34 37 33 29 11 43 10 20 36 17 17 8 9 14 11 8 8 17 8 4 15 43 22 30 26 67 33 46 48 65 69 82 72 81 80 72 57 60 59 77 71 36 29 26 25 48 21
1 2 2 1 1 2 4 7 3 15 8 32 26 12 18 20 16 14 13 4 1 6 2 5 9 20 21 7 5 8 7 9 9 13 15 16 16 18 19 33 39 55 27 12 43 31 34 14 26 19 14 27 12 28 26 27 27 18 23 17 11 29 37 22 14 8 7 13 25 26 40 48 33 49 64 62 66 55 66 81 67 62 77 74 71 67 63 61 69 59 50 36 51 59 60 41
3 2 2 9 7 4 33 11 12 2 34 46 17 42 30 35 47 33 19 9 5 3 3 3 11 7 4 4 4 2 3 2 3 5 14 15 7 12 24 35 28 34 40 39 4 30 29 32 32 19 18 33 38 23 10 10 16 32 24 19 13 43 28 18 8 19 18 25 52 51 43 73 57 73 61 72 74 64 72 60 35 58 65 51 28 28 48 23 49 62 45 46 43 45 41 60
18 22 34 16 41 6 3 4 20 12 33 50 36 77 52 49 73 47 20 23 12 13 4 3 4 2 6 3 4 3 5 2 6 12 4 5 13 11 14 10 13 25 36 57 38 21 35 22 30 26 24 17 13 45 60 31 30 25 19 22 33 30 34 15 20 31 47 29 46 62 48 59 65 61 77 47 57 49 66 54 18 25 33 41 22 5 6 14 45 41 43 50 18 22 14 44
