sesion_6_simulaciones/modelos_agentes/ejemplos_netlogo/scenarios/cgcm2_b2/rob_2080.asc
NCOLS 322 
NROWS 307 
XLLCORNER 451900 
YLLCORNER 4086900 
CELLSIZE 100 
NODATA_value -9999 
[rows 0 to 73 of 307, columns 96 to 191 of 322]
3 0 0 0 2 0 0 0 0 0 1 1 2 5 6 2 3 2 2 1 3 2 1 5 1 1 1 1 2 1 1 0 1 2 1 1 1 1 2 1 1 9 31 41 52 47 51 50 68 45 36 40 19 7 12 16 12 3 8 5 6 2 2 1 8 13 16 2 2 12 20 9 10 12 11 9 11 15 9 51 39 23 37 40 49 34 36 40 48 62 38 26 20 7 14 29
0 0 0 0 0 1 0 0 0 0 0 1 4 7 3 3 1 1 0 1 2 0 0 1 1 1 1 0 1 5 2 1 1 1 0 1 1 2 2 4 6 11 12 10 71 79 73 63 86 60 64 43 10 12 37 5 2 3 2 3 1 3 2 1 3 1 3 13 12 11 6 19 31 15 27 35 44 18 19 26 26 22 37 44 51 36 36 45 49 40 47 35 43 20 27 30
0 0 0 0 0 0 0 0 0 0 0 1 1 2 1 1 1 2 3 3 5 0 1 1 1 1 1 0 1 2 3 3 0 1 4 3 4 5 7 11 15 27 18 22 7 2 8 28 83 66 63 64 16 44 30 23 14 7 3 5 2 18 37 25 45 15 11 19 6 10 8 10 17 20 27 45 59 60 33 22 25 24 38 39 50 38 43 56 34 34 44 32 40 40 26 29
0 0 0 0 0 0 0 0 0 0 0 0 0 1 1 2 2 3 4 3 1 0 2 1 0 1 1 1 1 0 2 2 2 4 5 3 10 11 26 43 54 59 37 10 4 7 2 5 18 6 14 12 6 14 32 4 29 1 2 6 7 22 53 52 59 57 50 11 23 18 16 22 15 16 29 31 39 16 14 21 33 34 47 47 50 37 36 43 30 29 44 42 28 38 20 45
0 0 0 0 0 0 0 0 1 0 0 0 0 0 2 2 1 8 3 1 2 1 1 3 2 1 1 1 1 3 4 4 1 4 9 10 17 30 55 69 73 63 45 18 9 4 7 14 7 5 11 10 2 30 5 10 18 8 1 3 26 44 35 58 34 14 53 23 32 42 22 19 13 13 29 20 26 22 26 31 32 29 71 48 33 38 35 49 33 39 41 55 22 40 49 49
0 0 0 0 0 0 0 0 1 2 0 1 0 1 1 0 2 2 3 2 1 1 3 2 3 1 1 1 0 1 1 4 4 2 13 27 35 57 72 56 69 68 60 28 9 15 8 11 12 10 12 28 3 9 7 18 7 6 5 7 31 35 8 4 6 19 26 6 9 13 4 16 58 40 25 14 18 19 17 34 25 34 39 38 46 34 32 52 47 33 45 34 41 48 61 25
0 0 0 0 0 0 0 0 0 1 1 0 0 0 0 1 1 2 4 3 4 2 1 1 2 1 2 1 1 0 1 5 7 6 15 54 65 65 66 66 68 65 31 15 18 39 19 29 21 19 14 28 16 13 20 11 4 10 15 5 3 4 4 7 3 5 24 41 24 23 6 23 9 4 40 26 26 32 15 28 24 18 23 19 38 40 31 48 45 23 46 38 39 36 21 20
0 0 0 0 0 0 0 0 0 1 5 5 6 1 1 0 0 1 1 1 4 13 2 6 6 2 2 0 1 1 1 2 8 24 19 51 48 65 66 59 54 18 24 20 46 34 25 51 30 27 13 18 32 33 18 16 14 42 50 52 23 8 1 1 8 4 16 10 28 14 16 9 4 10 6 26 39 65 51 17 28 34 21 31 59 36 38 45 54 57 30 25 9 16 17 14
0 0 0 0 0 0 0 0 0 0 1 5 7 19 4 6 0 0 0 2 3 1 2 3 2 1 1 1 1 2 5 5 16 45 58 22 16 23 18 18 32 17 14 27 59 44 21 30 35 22 18 14 67 28 22 34 22 33 8 18 51 29 11 1 9 6 5 5 2 6 22 17 6 7 25 8 14 19 24 52 52 74 40 46 20 14 26 67 30 47 28 66 46 26 17 25
0 0 0 0 0 0 0 0 0 0 1 0 0 0 0 0 1 0 1 1 1 1 2 1 2 2 1 1 2 3 5 24 24 21 40 31 31 30 16 17 9 8 15 31 63 35 14 14 24 29 24 13 21 79 61 56 8 17 7 37 22 29 5 7 2 4 3 2 7 12 11 15 18 15 24 38 11 18 55 62 28 58 42 31 14 20 13 29 30 44 20 42 75 62 21 15
0 0 0 0 0 0 0 0 0 0 0 0 0 0 0 0 1 0 1 0 1 1 1 1 3 1 1 2 3 8 20 27 66 45 24 25 30 47 44 29 18 7 7 10 37 13 14 20 27 20 30 13 26 31 76 57 19 11 16 31 13 14 7 2 5 7 7 3 12 26 24 27 18 12 32 46 27 11 14 50 29 28 43 56 22 24 16 21 59 45 41 37 69 79 52 24
0 0 0 0 0 0 0 0 1 1 0 0 1 1 1 1 1 2 3 1 6 2 0 1 1 2 1 1 3 33 41 36 38 35 27 20 26 50 41 32 18 9 11 19 22 10 13 35 18 21 44 17 28 45 23 42 21 18 26 22 8 8 18 13 6 4 15 14 28 57 62 66 12 25 42 46 30 17 15 53 27 5 32 61 22 30 27 24 48 29 25 30 55 61 61 50
0 0 0 0 0 0 0 0 0 1 1 0 0 0 0 1 2 1 3 3 10 10 1 1 1 1 1 2 7 20 47 29 30 26 29 47 47 17 24 44 18 7 8 30 24 11 21 21 26 36 52 40 38 59 37 31 32 27 37 10 9 11 19 15 7 6 5 15 32 19 44 37 28 19 20 50 18 16 6 15 33 4 41 71 25 27 42 24 18 50 33 14 23 37 61 71
0 0 0 0 0 0 0 0 0 0 1 0 0 0 1 0 3 1 8 2 1 1 5 2 1 1 2 13 17 17 24 26 21 10 11 12 12 9 8 14 17 3 3 2 10 8 16 18 49 62 69 65 46 51 31 46 44 33 28 29 9 6 21 21 16 15 7 8 10 6 3 3 19 25 22 26 17 28 15 10 4 7 22 57 60 26 35 38 24 22 44 22 35 55 80 61
0 0 0 0 0 0 0 0 0 0 0 0 0 0 1 1 0 1 6 3 2 5 6 2 2 2 3 4 18 23 11 7 7 9 16 13 13 11 6 2 13 3 9 6 2 3 17 33 39 70 70 66 52 61 41 63 58 43 39 45 7 24 33 30 17 11 5 7 4 2 3 19 45 34 35 43 36 28 13 14 25 8 24 55 66 28 14 18 22 18 13 13 30 46 53 49
0 0 0 0 0 0 0 0 0 0 0 0 0 0 0 0 1 2 1 0 1 1 1 10 4 4 2 4 5 4 5 14 18 21 14 21 39 40 20 4 5 5 2 7 3 4 3 23 36 41 52 41 41 41 52 36 46 36 49 41 7 21 6 29 45 25 7 9 11 2 8 35 42 43 16 10 19 28 36 31 23 21 22 49 72 85 55 38 20 17 16 10 32 68 57 39
0 0 0 0 0 0 0 0 0 0 0 0 0 0 0 0 1 1 1 1 1 0 1 2 10 4 7 9 29 23 13 7 10 16 17 33 48 51 38 4 9 8 4 6 15 16 17 4 18 30 20 20 14 16 29 48 49 50 53 49 13 27 18 21 31 9 6 8 6 6 7 35 27 37 10 9 16 15 44 29 28 28 33 40 72 86 84 32 22 21 19 14 35 60 65 61
0 0 0 0 0 0 0 0 0 0 0 0 0 0 0 0 1 1 1 1 1 1 1 2 4 5 1 5 6 5 12 12 17 11 33 60 39 47 37 19 28 30 22 21 35 34 39 22 7 3 3 5 4 2 9 55 80 89 62 25 48 27 23 15 26 16 8 16 5 5 37 39 39 32 10 25 43 23 33 33 22 20 14 10 60 66 64 62 41 24 24 18 22 42 47 24
0 0 0 0 0 0 0 0 0 0 0 0 0 0 0 0 0 0 0 0 1 1 1 1 6 12 5 5 4 9 15 20 12 28 34 40 15 20 23 46 36 44 51 60 55 36 45 40 21 15 11 11 15 2 3 14 80 85 59 34 31 37 17 13 20 6 7 9 2 29 54 53 43 54 16 18 41 41 41 72 42 28 16 10 22 48 55 53 55 34 28 28 14 29 70 20
0 0 0 0 0 0 0 0 0 0 0 0 0 0 0 0 0 0 0 0 1 1 2 1 4 4 3 6 7 8 10 33 23 21 23 13 26 28 24 35 61 63 55 31 38 21 36 43 26 21 19 6 10 5 11 7 28 39 52 52 35 19 15 30 26 4 7 30 54 41 63 78 32 74 30 11 36 66 42 68 58 49 36 17 18 53 73 58 64 43 37 24 10 18 58 46
0 0 0 0 0 0 0 0 0 0 0 0 0 0 0 0 0 0 0 0 0 0 0 0 2 4 3 2 2 6 5 5 12 18 30 16 15 29 17 54 31 32 54 42 26 24 28 39 36 17 27 22 7 14 21 16 21 45 61 51 16 16 54 45 22 5 25 28 41 51 41 44 24 31 56 40 25 23 28 68 30 28 49 35 28 13 58 39 66 34 42 23 15 15 22 43
0 0 0 0 0 0 0 0 0 0 1 0 0 0 0 0 0 0 0 1 1 1 1 1 4 3 6 6 3 5 5 10 14 43 38 25 59 21 38 16 34 22 19 19 37 39 66 52 49 20 22 19 19 19 30 24 24 39 61 60 58 16 23 25 14 16 43 9 31 50 59 34 44 20 53 62 36 22 29 79 85 48 22 62 47 16 11 22 62 48 39 39 18 16 15 43
0 0 0 0 0 0 0 0 0 0 0 0 0 0 0 0 0 0 0 1 2 2 2 2 5 2 4 10 5 3 15 39 42 10 5 64 46 17 18 20 31 46 29 20 17 43 36 14 19 15 32 20 21 22 22 23 15 24 43 30 26 23 13 12 14 35 46 5 26 18 44 57 49 18 17 46 45 57 29 58 86 63 55 26 45 22 7 19 58 67 19 50 30 16 18 34
0 0 0 0 0 0 0 0 1 0 1 0 0 2 1 1 1 1 0 4 2 4 4 2 6 6 3 13 15 8 7 7 3 3 3 10 24 27 11 24 26 43 40 42 34 12 8 6 4 3 13 11 7 9 18 9 10 12 13 25 34 24 15 20 46 36 24 10 21 23 22 46 38 36 28 65 65 45 41 23 64 66 47 66 29 19 12 13 13 45 14 30 25 11 9 14
0 0 0 0 0 0 0 0 2 1 0 1 1 2 2 2 7 1 2 2 5 7 17 8 6 7 19 13 31 15 7 4 10 10 6 1 4 30 24 8 18 39 53 59 42 34 27 20 15 14 6 5 3 2 2 2 2 4 19 30 44 24 31 34 19 41 20 26 35 29 20 34 52 57 17 57 63 44 47 32 49 64 35 17 48 29 14 13 10 19 18 18 28 13 7 6
2 1 0 0 1 0 1 0 1 1 1 1 3 4 6 3 7 9 2 3 16 44 51 66 51 45 44 25 41 29 57 60 56 29 10 9 10 8 7 15 33 25 34 43 53 54 52 38 31 28 16 15 14 14 12 12 12 11 32 44 37 31 23 23 19 40 35 46 17 44 20 16 47 35 19 43 43 23 29 26 27 36 61 17 17 12 14 6 6 11 9 14 6 6 4 5
2 1 1 1 1 0 1 0 1 3 2 2 2 10 14 9 11 42 21 45 56 59 63 71 60 69 64 59 64 70 47 15 30 41 31 13 16 13 6 6 22 28 35 53 47 49 54 43 42 38 29 29 30 28 16 26 17 18 31 26 32 21 12 13 11 44 28 45 39 44 12 19 27 34 24 41 37 51 17 25 26 11 32 19 10 23 8 7 2 4 9 6 8 4 4 4
1 2 1 1 2 2 2 2 2 6 6 12 10 14 26 58 51 39 55 17 25 30 47 64 66 58 82 74 74 74 15 10 9 11 23 21 28 15 21 15 18 39 47 41 49 47 39 63 54 40 34 35 33 31 28 30 30 8 17 18 20 13 13 22 38 60 55 30 37 18 24 13 26 28 28 18 16 26 32 17 25 14 24 19 6 18 9 5 2 3 7 8 5 6 3 2
2 5 2 1 3 3 3 3 6 15 27 42 64 66 78 76 61 65 69 47 21 9 33 53 38 34 25 51 56 51 29 5 5 3 5 9 16 15 19 23 9 21 31 33 19 19 12 30 41 37 48 48 35 33 30 45 33 11 13 12 8 18 33 42 50 40 22 25 17 33 28 37 19 18 19 17 16 16 27 17 14 13 13 8 9 8 8 6 4 2 4 2 3 4 1 1
3 7 2 2 9 7 7 15 29 49 72 68 77 80 73 88 63 66 84 32 63 23 13 32 20 13 18 21 19 20 44 22 13 2 5 3 8 7 8 21 19 20 39 16 21 20 12 26 23 14 13 12 10 21 22 11 35 20 14 10 14 20 37 40 44 34 16 35 46 27 32 21 18 15 13 8 9 8 13 12 12 11 4 8 5 2 3 2 2 1 1 0 0 1 1 1
2 10 8 7 12 21 38 51 49 76 69 85 70 83 75 76 46 57 81 65 27 29 14 8 8 7 3 3 11 11 15 59 21 6 7 5 21 49 48 33 30 20 18 10 11 16 16 6 5 8 9 20 30 30 17 18 35 21 31 10 17 24 37 26 39 19 13 24 42 39 25 18 9 15 11 6 3 1 4 5 6 4 3 2 1 2 2 1 1 1 1 1 5 2 3 4
9 17 28 26 49 72 62 70 74 75 69 88 68 73 52 69 47 69 66 69 16 35 34 13 9 2 2 1 4 6 6 11 15 6 7 11 6 13 14 16 12 13 13 23 24 15 18 9 14 16 40 55 47 32 52 12 40 35 9 4 4 16 13 30 23 24 14 8 12 17 14 14 7 3 2 3 4 3 8 10 6 9 6 9 10 10 8 6 6 8 3 3 13 8 4 10
31 45 52 69 67 64 71 75 78 67 88 61 33 52 45 48 55 57 58 66 27 16 23 12 11 6 3 4 9 10 10 18 11 4 14 11 15 15 24 17 30 19 30 32 38 37 28 26 21 25 36 62 64 63 62 31 44 35 18 24 14 3 4 5 6 5 10 6 5 5 6 5 5 10 17 15 25 14 24 13 14 20 11 19 12 31 19 9 14 13 6 7 14 11 8 17
58 76 75 62 74 73 82 66 67 49 72 14 25 19 31 44 47 35 31 54 30 12 5 4 7 9 9 8 11 4 35 31 28 18 24 26 24 21 24 24 26 29 30 31 47 34 44 30 17 52 45 46 56 42 35 30 62 35 29 48 36 24 24 25 24 23 37 26 19 17 18 20 30 30 30 17 30 28 28 27 27 27 25 25 36 29 21 15 17 9 15 9 18 11 25 25
9 14 46 45 64 58 73 65 28 5 3 4 10 8 8 10 11 23 38 53 27 7 9 15 8 8 27 18 28 20 31 28 27 22 21 44 33 15 33 29 29 39 39 40 31 30 41 30 26 38 48 42 53 60 43 46 36 29 37 42 35 39 39 42 43 37 51 41 36 20 34 33 31 32 45 33 33 47 32 42 43 31 35 34 56 29 25 22 22 21 19 14 27 30 31 43
12 7 5 5 4 5 16 18 18 6 4 8 13 14 6 3 2 6 26 26 14 8 30 7 21 31 35 26 35 23 21 18 33 32 15 26 27 16 25 32 25 44 27 24 26 31 48 34 24 28 47 41 24 68 43 60 30 33 42 35 51 37 34 35 38 26 55 38 25 36 35 34 47 33 46 34 35 49 47 48 35 34 46 40 45 34 27 29 25 25 25 24 53 39 32 32
21 38 28 11 11 9 3 7 9 4 9 12 10 6 3 4 1 11 9 14 22 37 39 16 31 25 31 27 21 8 3 11 21 21 14 24 12 17 24 33 37 21 26 22 23 45 35 22 35 37 44 56 31 70 62 26 54 49 44 28 40 35 51 48 36 43 38 37 37 25 35 50 48 35 49 48 38 54 37 48 38 49 52 64 48 32 17 40 31 33 41 44 51 24 50 32
28 19 18 13 7 6 6 6 13 17 19 20 15 5 5 13 15 18 21 31 58 50 51 31 25 17 18 23 22 20 10 9 18 14 28 12 10 16 16 28 10 9 25 31 24 57 29 33 44 29 54 26 54 53 26 39 63 47 26 41 29 44 46 35 24 41 41 38 23 38 59 62 55 37 49 54 52 57 38 37 42 54 54 49 38 23 23 46 37 25 52 55 51 25 17 57
10 20 27 19 21 10 24 16 21 26 27 41 31 22 18 28 16 29 36 42 51 35 15 24 37 20 9 14 23 19 14 7 13 15 7 21 11 30 20 13 17 11 28 17 20 66 39 38 29 25 31 53 45 31 26 25 42 56 26 41 41 55 44 25 48 46 50 39 22 40 54 73 59 41 50 57 59 46 38 29 46 72 65 58 53 26 47 70 49 23 45 68 67 35 19 56
25 39 16 18 10 19 28 17 16 31 30 34 28 27 31 30 30 36 41 36 43 29 21 28 19 11 12 23 15 19 10 14 7 5 16 17 23 13 18 11 13 7 28 7 7 34 33 37 18 26 29 15 48 9 6 5 18 42 19 47 55 43 37 60 47 48 32 15 26 55 61 76 64 47 50 69 75 49 49 31 53 77 51 41 39 33 54 71 52 34 27 77 81 56 33 49
9 19 11 27 17 27 23 21 20 20 33 36 25 25 49 21 27 33 28 28 36 29 13 25 15 16 20 15 17 20 7 14 7 7 6 16 5 11 7 15 11 12 19 9 25 20 45 27 9 19 25 17 20 11 10 6 9 16 13 46 57 48 52 64 23 45 17 18 24 58 70 73 68 51 55 71 81 40 52 26 62 85 58 31 27 38 58 73 54 37 31 66 76 66 25 48
6 12 33 19 11 15 17 11 11 13 33 22 17 30 19 18 11 24 31 17 15 20 21 19 11 12 8 8 8 35 7 13 6 7 7 12 10 9 5 8 6 13 11 9 18 10 18 8 9 5 9 27 18 13 8 9 28 9 12 34 32 39 72 33 44 39 26 31 38 47 68 68 70 37 45 70 53 33 58 27 48 72 60 50 30 35 60 71 53 44 33 47 70 44 33 49
2 2 11 4 3 3 7 6 4 7 9 10 10 16 15 13 14 14 20 15 12 6 11 14 12 10 12 6 5 7 9 15 5 3 5 11 5 3 4 8 5 10 7 7 10 8 15 4 3 4 4 12 2 4 7 7 16 5 14 22 18 41 17 33 61 27 26 37 48 44 52 74 49 26 47 65 51 36 56 37 44 66 41 35 38 27 33 72 69 40 26 47 68 42 26 50
0 1 1 1 1 1 3 5 2 6 6 10 12 8 7 13 9 9 11 14 6 4 4 11 9 5 10 3 4 8 5 7 2 3 4 3 2 5 4 8 11 3 4 9 7 2 2 10 2 2 2 4 1 2 3 10 10 17 14 8 8 6 20 51 19 25 45 23 32 31 31 57 22 19 32 53 30 35 47 18 51 55 28 32 38 43 16 31 71 35 26 38 65 47 37 31
0 0 0 0 1 1 1 1 2 3 3 7 6 5 6 7 6 5 5 8 8 3 9 5 7 5 4 4 1 3 5 8 0 1 1 6 1 1 2 2 11 3 2 1 1 2 2 0 1 3 2 6 3 1 4 4 16 11 8 22 15 7 26 12 27 41 14 18 17 27 10 44 9 11 18 39 16 45 43 18 31 30 20 40 45 47 24 28 63 39 23 38 43 23 32 24
0 0 0 0 1 0 1 1 1 2 3 7 4 2 3 4 5 10 4 2 2 2 10 1 3 4 3 2 1 2 1 1 0 0 2 0 0 0 2 1 6 2 2 1 2 3 2 7 16 21 17 7 14 9 4 8 11 6 7 9 5 8 15 6 27 9 11 11 13 22 6 18 8 19 7 15 10 29 17 12 36 14 14 20 41 16 25 14 38 24 26 20 50 50 51 42
0 0 0 0 0 1 0 0 1 1 2 3 2 3 1 4 1 4 3 2 1 3 3 3 2 2 2 3 0 0 0 1 1 2 1 0 1 1 2 1 2 3 4 7 2 23 5 37 11 13 7 7 20 23 40 15 14 2 5 9 6 9 2 3 9 5 6 8 13 14 16 12 13 9 7 26 6 22 7 7 33 8 29 29 48 18 24 19 26 40 30 49 54 57 70 84
0 0 0 0 0 0 1 0 1 0 0 1 0 1 1 2 1 3 3 3 2 2 2 3 1 1 1 1 1 1 0 0 0 1 6 7 3 4 12 21 8 10 10 25 10 7 20 29 5 24 10 8 14 30 24 16 22 22 15 30 17 35 28 5 11 16 15 15 11 19 30 21 21 47 52 47 55 74 57 31 41 52 55 46 14 77 73 59 46 18 35 24 35 71 44 60
0 0 0 0 0 2 0 0 0 0 0 0 0 1 1 1 1 3 1 1 2 2 1 2 1 1 0 0 0 0 0 0 1 0 0 5 9 1 3 15 14 16 7 34 47 8 9 16 32 18 31 4 8 36 38 12 51 34 52 45 11 31 15 15 11 20 16 38 44 4 7 35 41 9 26 59 23 52 28 66 23 51 72 51 27 73 58 53 78 73 57 25 45 58 39 26
0 0 0 0 0 0 0 0 0 0 0 0 1 1 0 1 0 1 1 1 1 1 1 1 1 1 0 0 1 1 1 0 0 0 0 1 2 1 1 5 12 3 27 44 23 5 15 8 22 19 33 8 12 32 26 47 31 17 35 50 18 4 11 34 26 38 34 25 39 33 6 41 60 15 33 68 11 8 22 76 65 36 28 50 53 72 59 74 83 75 39 65 27 21 55 69
0 0 0 0 0 0 0 0 0 0 0 0 0 0 0 1 1 1 0 0 0 1 1 0 1 1 0 0 0 0 0 0 1 0 0 0 1 7 3 11 5 17 10 11 46 23 11 6 20 24 24 32 11 46 45 76 24 48 75 71 48 5 23 26 28 69 58 64 34 61 20 14 54 21 43 69 27 25 14 55 41 52 9 12 20 66 71 68 80 62 25 69 43 32 50 58
0 0 0 0 0 0 0 0 0 0 0 0 0 0 0 1 0 1 0 0 1 1 0 0 0 0 0 0 0 0 0 0 0 0 1 1 1 2 11 33 12 32 12 33 27 41 17 19 35 40 70 75 30 56 80 87 48 73 83 66 50 20 50 58 33 28 25 18 47 76 26 17 42 17 48 57 82 28 43 81 57 70 61 21 19 40 62 61 52 40 63 88 45 30 17 18
0 0 0 0 0 0 0 0 0 0 0 0 0 0 0 1 1 0 0 0 0 0 0 0 0 0 0 0 1 1 1 1 1 1 3 4 3 5 31 16 24 13 8 52 48 21 14 12 25 44 66 58 57 34 64 89 52 56 73 66 74 63 65 78 23 32 38 25 49 69 60 36 8 25 65 77 76 68 29 85 30 64 77 43 25 23 52 38 44 21 77 87 67 43 46 19
0 0 0 0 0 0 0 0 0 0 0 0 0 0 0 0 0 0 0 0 0 0 0 0 0 0 0 1 5 0 1 1 4 3 4 5 2 8 19 18 39 17 42 18 74 19 24 21 12 27 65 51 32 15 15 48 64 73 79 76 88 70 74 73 65 39 50 35 53 55 80 52 25 24 53 74 80 78 52 69 65 59 68 80 44 27 17 18 17 31 74 56 79 49 46 28
0 0 0 0 0 0 0 0 0 0 0 0 0 0 0 0 0 0 0 0 0 0 0 0 0 0 0 0 1 0 0 3 2 2 9 6 3 2 1 7 8 6 2 2 14 18 58 41 14 7 28 10 17 9 7 13 15 48 57 51 60 69 65 62 85 41 40 32 12 70 90 40 26 22 63 55 56 61 31 46 47 22 69 82 67 41 11 13 15 22 16 39 80 47 31 38
0 0 0 0 0 0 0 0 0 0 0 0 0 0 0 0 0 0 0 0 0 0 0 0 1 2 0 0 0 1 1 1 4 8 7 5 6 10 4 2 5 12 5 3 6 10 19 30 31 9 13 9 21 10 12 24 18 10 18 38 36 14 30 65 88 66 32 39 49 76 88 52 18 11 21 34 59 44 55 62 50 14 52 71 82 32 21 11 35 41 23 41 89 63 56 60
0 0 0 0 0 0 0 0 0 0 0 0 0 0 0 0 0 0 0 0 0 1 0 0 2 4 2 0 0 1 2 1 4 8 3 2 10 15 5 4 5 20 10 6 11 10 13 11 12 6 13 33 39 35 29 26 18 14 12 9 3 1 9 76 75 72 48 24 29 68 80 77 62 23 13 35 50 38 40 30 53 39 23 76 77 63 27 18 41 31 55 83 84 83 68 64
0 0 0 0 0 0 1 0 0 0 0 1 0 0 0 0 0 0 0 0 0 0 0 0 1 2 1 2 3 5 2 2 10 4 8 11 9 18 9 13 10 19 19 11 5 23 13 18 13 5 13 50 60 63 60 49 33 31 27 26 26 23 25 45 48 61 52 22 9 46 41 78 79 34 16 45 52 41 25 46 69 35 23 24 77 80 32 18 51 59 55 76 52 78 49 32
0 0 0 0 0 0 0 0 0 0 1 1 1 0 0 0 0 0 0 0 0 0 0 0 0 0 1 3 5 2 2 2 2 1 14 16 5 8 16 31 18 24 18 14 4 8 36 28 18 13 11 33 74 78 70 71 60 57 47 47 77 79 82 72 58 55 45 27 12 8 34 51 83 64 58 19 41 49 28 6 21 34 36 52 70 76 51 30 17 38 40 34 79 78 87 60
0 0 0 0 1 1 5 0 1 0 0 0 1 2 0 0 0 0 0 0 0 0 0 0 1 0 1 1 1 1 1 4 10 7 17 12 12 22 41 19 35 32 14 21 26 26 37 38 27 21 12 20 49 73 70 78 80 76 55 43 34 48 59 67 77 74 75 62 38 3 11 52 60 66 56 51 34 17 23 22 53 46 24 32 31 71 71 29 14 24 31 37 30 72 59 75
1 0 0 0 0 1 0 0 0 1 0 0 0 0 0 0 0 0 0 0 0 0 0 1 2 0 1 3 2 4 5 17 10 6 9 18 12 14 10 4 10 51 56 32 54 37 30 31 32 33 32 17 13 18 59 59 55 76 76 67 61 55 39 47 53 72 76 75 72 62 42 66 55 76 44 44 33 24 34 25 23 27 17 47 35 73 77 26 11 36 44 30 32 31 60 76
1 1 1 0 0 1 3 2 0 0 0 0 0 0 0 0 0 0 0 0 0 0 0 1 1 1 0 1 1 1 1 2 2 8 8 9 11 14 19 19 11 4 17 62 63 75 64 46 38 21 30 33 27 16 26 41 35 30 49 55 58 68 70 58 34 39 68 76 76 61 64 80 61 82 70 51 46 47 28 16 18 36 17 28 41 28 65 39 11 21 41 40 19 13 52 77
0 0 6 2 0 1 1 5 2 1 1 0 0 0 0 1 0 1 0 0 0 0 0 0 0 1 1 3 2 1 2 5 3 5 8 18 20 27 24 29 33 27 14 10 9 61 68 63 41 28 22 34 28 17 6 6 7 8 8 9 18 39 34 48 50 28 29 44 42 38 66 65 65 62 59 62 66 60 37 42 38 34 17 19 54 59 43 50 17 6 30 37 21 40 79 38
0 0 2 1 0 0 0 0 6 10 9 6 0 1 0 0 0 1 0 0 0 0 0 0 1 0 1 2 1 1 4 6 3 4 7 12 14 20 20 24 28 27 42 39 39 27 12 9 36 38 45 17 16 10 16 25 23 24 23 20 21 8 6 9 11 9 7 6 8 25 37 53 48 42 35 29 29 54 47 40 30 17 42 35 37 50 42 59 39 11 8 29 47 78 48 70
1 1 1 10 3 1 1 0 0 15 1 1 1 0 1 1 0 0 0 0 0 0 0 0 1 0 0 0 0 1 1 1 2 3 4 6 15 23 16 25 33 39 40 40 45 34 32 30 21 12 12 8 12 28 31 42 41 42 41 52 23 8 7 22 24 36 19 22 6 5 12 29 25 17 17 17 22 29 37 52 47 19 15 18 20 22 37 48 55 18 8 23 84 57 48 60
1 1 2 5 2 3 4 0 0 0 0 0 0 0 0 5 0 0 0 1 0 0 0 0 0 0 0 0 1 1 1 1 1 2 5 7 10 12 12 29 32 26 22 25 31 26 23 35 29 25 32 34 37 48 43 40 56 59 60 55 29 24 26 40 37 28 36 18 7 8 9 3 2 3 4 4 9 9 4 8 16 10 10 7 8 8 24 37 33 19 8 55 63 38 64 60
4 2 1 0 4 3 16 5 3 2 1 1 0 0 2 1 6 3 1 1 3 2 1 0 0 0 0 0 0 0 0 1 2 1 0 2 10 13 7 8 16 27 19 14 24 20 28 31 38 30 41 26 28 41 53 55 57 59 69 59 38 36 46 44 54 56 57 46 22 21 7 3 2 4 5 12 30 19 12 11 8 5 3 4 4 6 9 17 37 37 14 68 24 16 52 66
4 4 4 9 4 6 3 2 2 11 2 4 1 1 2 4 14 5 1 2 3 0 0 0 0 0 0 0 0 0 1 0 0 1 1 2 7 17 16 29 24 20 30 24 32 25 30 32 37 20 51 38 35 32 48 51 73 72 72 56 29 49 45 59 60 75 66 60 48 26 18 19 20 25 28 42 50 37 22 23 34 37 18 9 11 6 2 5 13 40 24 56 15 16 55 81
5 6 2 2 8 5 20 11 4 4 9 14 5 2 3 17 20 4 1 5 0 5 0 0 0 0 0 1 0 0 0 0 0 1 1 2 3 7 13 16 23 15 17 21 23 27 31 47 38 29 38 47 32 34 51 61 71 64 50 41 41 48 59 59 60 79 73 61 52 28 41 42 43 48 47 47 61 45 43 44 43 41 25 36 34 16 14 3 5 18 17 19 17 10 29 53
5 10 7 2 23 15 21 14 37 16 9 3 1 16 13 10 9 3 2 14 1 5 0 0 0 0 0 1 1 0 0 0 0 1 1 2 4 10 6 16 22 17 7 23 21 24 28 49 34 17 19 44 40 32 43 65 66 50 37 26 30 58 56 57 76 73 64 58 33 29 43 43 45 59 51 64 64 67 47 50 61 51 50 61 47 39 20 5 3 12 10 21 13 5 14 30
7 2 8 3 1 34 10 6 13 29 18 11 1 9 32 8 1 2 8 13 1 9 1 0 2 1 0 1 2 5 1 0 0 0 2 1 1 1 3 3 12 9 15 15 17 9 34 17 31 11 41 28 27 22 44 70 44 39 26 34 35 49 45 63 75 68 62 59 34 50 60 61 43 58 67 65 67 57 49 59 67 62 57 64 34 24 9 7 4 2 3 11 11 3 10 7
5 6 4 9 2 5 29 42 43 19 7 9 3 4 17 25 4 7 29 14 3 13 1 1 0 1 1 2 2 0 2 5 1 0 1 1 0 1 1 3 6 5 6 11 10 7 8 12 6 9 50 9 21 14 48 25 24 36 19 25 25 37 52 67 52 66 55 40 35 49 61 61 38 61 58 67 72 58 51 59 73 62 65 42 24 27 22 25 19 5 1 1 5 4 3 4
11 6 9 7 9 9 15 25 18 34 34 12 34 4 2 1 16 57 45 10 11 3 3 3 4 1 0 1 3 3 2 0 1 0 1 0 0 1 1 4 2 5 5 6 3 3 3 5 8 13 4 4 14 24 11 22 20 13 16 15 15 27 64 49 55 42 31 34 49 60 57 58 51 62 39 52 58 37 48 57 76 46 31 32 41 48 60 36 24 9 5 2 1 2 2 2
13 12 11 9 35 17 50 71 33 20 18 36 37 37 2 1 3 5 4 1 5 7 4 1 1 1 1 2 2 1 0 0 0 1 0 0 0 1 1 1 1 1 4 1 1 1 1 5 1 1 2 3 5 12 9 11 5 8 18 19 16 45 41 45 42 51 32 28 39 57 51 38 43 60 37 23 65 42 49 73 45 46 42 46 75 78 59 34 29 20 8 6 4 1 2 1
