sesion_6_simulaciones/modelos_agentes/ejemplos_netlogo/scenarios/cgcm2_b2/rob_2028.asc
NCOLS 322 
NROWS 307 
XLLCORNER 451900 
YLLCORNER 4086900 
CELLSIZE 100 
NODATA_value -9999 
[rows 222 to 295 of 307, columns 0 to 95 of 322]
21 30 42 59 48 35 46 33 7 21 25 28 51 22 19 11 10 5 5 7 18 29 31 39 30 26 20 35 55 30 20 48 61 34 60 51 31 30 38 65 37 36 51 66 60 76 54 59 61 80 78 49 33 29 26 12 13 24 13 15 17 8 5 13 6 7 3 3 2 1 1 1 0 0 0 0 0 0 0 0 0 0 0 0 0 0 0 0 1 0 0 0 0 1 2 1
47 56 42 29 30 39 38 45 25 12 15 30 33 15 8 9 11 22 26 26 30 43 27 66 50 45 37 37 33 47 31 45 37 44 69 20 24 36 42 67 64 57 50 73 34 21 33 19 20 60 67 46 39 22 15 15 7 8 13 14 9 14 5 6 9 3 2 3 2 1 0 0 0 0 0 0 0 0 0 0 0 0 0 0 0 0 0 0 1 1 0 1 1 1 0 0
47 67 69 77 59 55 45 47 31 38 46 59 26 19 18 27 24 42 23 24 64 18 39 45 46 35 27 62 46 43 41 49 41 60 40 30 41 52 45 64 64 65 62 87 80 70 59 55 45 21 25 33 20 14 9 8 7 9 8 7 7 7 3 13 12 4 2 1 1 0 0 0 0 0 0 0 0 0 0 0 0 0 0 0 0 0 0 1 2 2 1 1 2 1 0 0
53 61 50 66 63 67 37 26 19 56 55 41 25 19 23 29 10 5 4 43 23 35 65 51 38 48 40 48 41 29 41 41 58 19 21 49 41 66 46 70 66 73 77 60 61 75 59 65 66 38 17 16 9 13 5 5 5 9 5 4 6 2 2 1 2 2 1 1 0 0 0 0 0 0 0 0 0 0 0 0 0 0 0 0 0 1 1 1 5 4 3 3 1 0 0 0
17 30 34 24 32 76 51 11 37 44 57 27 41 35 8 6 4 2 15 48 18 47 63 65 47 45 33 16 38 29 44 68 57 30 40 48 71 80 59 66 79 82 80 52 62 65 65 31 55 68 21 13 5 6 5 8 5 4 3 2 1 1 1 1 1 1 1 1 0 0 0 0 0 0 0 0 0 0 0 0 0 0 0 0 0 1 2 4 6 8 3 1 1 0 0 0
45 30 33 31 36 30 16 20 19 30 50 56 56 14 4 3 20 30 51 66 35 40 60 76 66 38 51 25 32 49 23 49 78 39 29 37 58 55 84 90 63 55 40 69 47 48 66 44 28 10 18 22 15 11 9 8 6 3 2 1 1 0 1 0 0 1 0 0 0 0 0 0 0 0 0 0 0 0 0 0 0 0 0 0 0 1 3 12 8 0 0 0 0 0 0 0
50 38 32 51 34 32 38 37 25 48 41 38 29 12 21 44 52 58 61 75 37 50 59 71 25 25 53 19 40 58 24 22 42 55 39 64 49 34 68 81 72 46 62 39 80 54 32 29 27 21 13 25 21 17 15 9 3 3 1 1 0 0 0 0 0 0 0 0 0 0 0 0 0 0 0 0 0 0 0 0 0 0 0 0 1 1 2 16 3 1 0 0 0 0 0 0
18 31 52 32 28 27 48 46 42 44 41 56 36 41 39 60 54 36 66 68 41 46 44 46 24 61 25 8 42 49 24 30 38 51 73 83 66 47 30 46 57 36 27 18 33 71 51 28 22 18 12 13 11 16 15 12 3 2 0 0 0 0 0 0 0 0 0 0 0 0 0 0 0 0 0 0 0 0 0 0 0 0 1 1 2 4 5 6 2 1 1 2 0 0 0 0
59 46 37 42 47 39 58 44 51 43 31 46 33 57 40 59 60 51 49 70 23 39 44 35 44 14 27 33 33 49 20 38 29 42 42 65 55 70 42 17 35 58 41 45 54 24 28 17 11 11 7 7 11 9 6 5 5 2 2 0 0 0 0 0 0 0 0 0 0 0 0 0 0 0 0 0 0 0 0 0 1 0 1 1 1 9 24 6 2 2 3 2 0 0 0 0
37 54 49 58 37 37 46 75 27 49 31 27 42 48 36 61 60 46 41 57 38 40 35 53 31 25 29 28 26 29 17 30 65 53 37 26 66 40 46 37 17 26 65 70 70 40 14 9 17 16 12 4 6 8 5 4 3 1 1 1 0 0 0 0 0 0 0 0 0 0 0 0 0 0 0 0 0 0 1 1 2 1 2 1 1 5 19 3 2 6 3 1 0 0 0 0
33 29 51 51 38 45 44 58 33 34 34 36 34 51 38 43 65 25 30 41 22 36 9 33 23 32 20 15 27 20 28 42 43 69 47 44 29 34 41 18 28 21 18 27 26 16 12 8 14 9 11 5 4 3 3 5 2 1 0 0 0 0 0 0 0 0 0 0 0 0 0 0 0 0 0 0 0 1 1 2 4 6 3 2 1 3 6 5 6 4 1 0 0 0 0 0
21 21 53 35 31 63 59 43 48 36 51 51 36 59 44 35 44 24 29 29 34 15 10 8 20 25 11 18 31 19 22 25 21 21 14 27 17 19 20 12 24 36 56 27 22 9 9 3 4 4 5 3 3 3 3 2 1 0 0 0 0 0 0 0 0 0 0 0 0 0 0 0 0 0 0 0 0 1 2 5 12 9 5 5 2 4 16 15 7 2 1 1 0 1 0 0
29 16 14 33 28 49 60 54 61 29 42 59 21 36 24 38 64 19 27 31 33 29 6 10 27 15 7 35 47 49 55 17 37 29 46 46 44 44 34 42 54 55 55 58 49 40 35 10 10 16 7 3 2 2 1 1 0 0 0 0 0 1 1 0 0 0 0 0 0 0 0 0 0 0 0 0 1 2 3 7 6 18 10 15 8 29 11 10 4 4 3 2 1 1 0 0
6 9 27 24 30 35 37 44 22 44 55 44 12 15 13 16 53 13 11 16 6 19 13 20 12 12 10 23 45 31 74 77 70 57 75 58 60 43 45 41 49 61 56 71 36 16 12 3 6 10 13 7 2 1 1 1 1 1 2 1 0 0 0 0 0 0 0 0 0 0 0 0 0 0 0 0 0 1 4 9 22 16 19 17 31 16 16 11 3 3 7 3 2 1 0 1
4 15 6 9 13 30 37 28 21 26 29 40 10 25 9 26 15 8 10 5 7 4 8 6 18 15 39 42 50 30 39 62 84 62 72 89 87 74 74 60 29 63 70 61 70 48 37 16 12 10 7 5 4 1 1 3 3 1 1 0 0 1 0 0 0 0 0 0 0 0 0 0 1 1 1 0 1 0 2 4 24 36 30 10 11 47 14 13 10 9 4 4 2 1 1 1
2 6 3 10 14 27 18 36 33 34 16 7 14 2 10 16 6 54 6 18 50 42 25 12 11 6 10 20 21 31 32 30 33 76 61 81 86 80 82 73 66 34 71 71 71 41 46 20 11 9 4 2 1 1 0 0 1 1 1 0 0 0 0 0 0 0 0 0 0 0 0 0 0 1 1 1 1 1 2 4 18 38 28 8 33 32 17 28 23 8 7 4 3 1 3 2
2 3 11 15 29 12 20 32 28 28 15 10 6 3 6 5 3 1 28 30 33 49 48 22 12 5 18 22 20 31 26 35 35 31 23 53 87 62 77 46 56 50 48 55 53 38 17 7 21 12 6 4 5 3 1 1 1 0 0 0 0 0 0 0 0 0 0 0 0 0 0 0 1 2 5 2 1 2 5 12 26 43 19 16 34 9 4 6 9 3 2 4 2 2 1 0
1 3 6 1 8 11 15 16 15 10 12 6 5 2 3 5 3 4 5 19 15 6 51 41 13 4 19 35 29 35 31 22 33 40 23 27 59 68 65 57 55 43 48 32 34 39 28 10 4 9 8 6 4 4 3 1 1 0 0 0 0 0 0 0 0 0 0 0 0 0 0 0 1 1 4 6 2 2 5 24 31 63 19 21 44 11 8 5 3 2 1 2 2 1 0 0
0 1 1 5 2 4 6 7 16 15 7 3 3 1 3 2 6 9 17 30 10 8 9 39 43 11 28 51 49 44 52 39 43 51 41 29 21 55 37 40 19 23 14 20 17 14 3 13 6 4 6 3 2 3 2 2 1 1 0 1 0 0 0 0 0 0 0 0 0 0 0 1 1 1 2 8 13 5 18 18 52 49 42 58 15 14 12 9 9 8 3 3 2 1 0 0
0 0 1 1 1 2 4 6 4 11 4 2 5 4 4 3 7 21 24 14 5 4 9 54 30 29 33 25 11 24 31 32 42 41 40 42 20 18 17 13 20 11 5 5 7 10 7 8 3 2 3 2 2 1 1 1 1 0 0 0 0 0 0 0 0 0 0 0 0 0 0 1 1 1 2 4 29 6 11 40 58 40 48 53 38 25 14 27 18 4 3 2 1 0 0 0
0 0 0 0 1 1 1 2 5 4 6 3 1 2 6 8 6 13 25 25 12 8 6 14 17 17 22 48 17 47 54 37 32 40 37 47 39 19 10 6 5 9 11 9 11 10 5 2 2 3 2 1 1 1 1 1 1 0 0 0 0 0 0 0 0 0 0 0 0 1 1 1 0 2 12 11 32 16 22 49 64 59 37 41 23 11 9 20 11 6 2 1 1 0 0 0
0 0 0 0 1 1 0 5 2 1 1 2 16 20 37 27 13 4 5 9 16 14 8 25 44 40 36 37 36 38 51 50 48 48 42 51 45 56 32 11 11 6 6 4 4 3 3 2 1 2 1 2 1 1 1 0 0 0 0 0 0 0 0 0 0 0 0 0 0 1 1 1 1 3 8 11 28 50 33 55 60 60 54 42 23 27 13 14 10 6 2 1 0 0 0 0
0 0 0 0 0 1 1 2 1 0 0 4 1 2 10 41 15 6 5 5 15 10 15 20 9 20 42 62 58 61 53 58 59 64 60 51 52 54 57 45 17 10 8 8 7 4 2 2 3 2 2 2 1 1 1 0 1 0 0 0 0 0 0 0 0 0 0 1 2 2 2 2 1 4 20 9 8 43 81 55 64 61 46 33 20 11 3 8 8 4 2 1 0 0 1 0
0 0 0 0 0 1 1 0 0 6 13 10 4 5 8 4 5 2 8 11 10 31 18 18 38 27 11 26 33 65 68 66 74 79 66 49 63 69 66 47 20 17 12 15 12 11 5 8 3 1 1 0 1 1 0 0 0 0 0 0 0 0 0 0 0 0 1 2 3 4 3 5 3 7 22 29 11 40 61 50 46 28 16 7 9 13 4 5 4 2 1 1 1 1 1 0
0 0 0 0 0 0 0 0 1 2 0 1 4 15 10 7 7 10 5 16 30 18 18 33 24 42 24 8 8 48 37 71 85 70 68 67 51 54 60 54 41 37 23 11 15 19 6 6 4 2 1 1 0 1 0 0 0 0 0 0 0 0 0 0 0 0 1 3 3 8 5 10 4 7 20 43 38 31 62 34 19 11 17 10 6 2 2 3 5 3 1 1 1 1 1 0
0 0 0 0 1 0 0 0 0 2 1 1 3 4 2 3 10 28 10 21 15 22 26 27 24 39 37 22 17 13 19 14 53 60 51 48 36 52 41 23 16 9 8 5 9 14 5 4 3 2 1 1 0 0 0 0 0 0 0 0 0 0 0 0 0 1 2 3 3 5 17 11 12 6 10 37 41 70 38 23 26 14 12 10 10 4 5 5 3 1 1 2 2 1 1 0
0 0 0 1 0 0 2 0 0 1 2 15 5 2 1 10 9 23 23 10 8 13 11 20 23 22 35 31 48 48 26 38 41 28 14 25 30 33 18 19 9 8 3 5 4 4 3 5 2 1 1 1 1 1 0 0 0 0 0 0 0 0 0 0 0 1 1 1 1 2 7 24 33 7 6 29 24 60 24 32 16 13 7 11 10 8 7 2 3 2 3 3 1 1 0 0
0 0 0 0 0 1 0 0 0 1 5 14 4 2 9 11 30 15 23 11 9 13 14 24 32 36 63 55 27 22 17 19 40 46 31 24 36 40 28 22 21 13 23 14 6 4 5 4 3 2 1 1 1 0 1 0 0 0 0 0 0 0 0 0 0 1 1 3 2 1 4 7 19 28 14 21 58 45 36 24 11 17 14 8 4 7 8 5 6 6 2 2 1 0 0 0
0 0 1 0 0 1 0 0 0 1 3 1 4 5 8 15 29 9 20 10 17 16 18 22 69 72 67 38 57 63 55 34 53 50 41 36 42 52 37 28 34 20 12 10 8 6 10 10 4 2 2 1 2 1 1 0 0 0 0 0 0 0 0 0 1 1 3 5 6 3 2 4 12 31 42 27 66 45 43 42 30 15 18 20 12 10 14 8 5 6 5 2 1 1 0 0
0 0 0 0 1 0 0 0 1 3 4 6 7 5 11 15 36 22 7 20 15 28 27 39 54 72 77 58 32 42 44 39 26 28 36 28 27 34 30 48 49 22 23 18 22 15 11 11 5 3 4 4 2 1 1 1 0 0 0 0 0 0 0 0 1 2 6 6 3 4 3 7 11 12 11 62 66 45 34 32 19 21 36 25 23 25 19 18 9 6 2 1 1 1 0 0
0 1 0 1 0 0 0 1 5 19 34 8 3 8 14 9 11 8 6 12 19 25 33 61 49 30 57 56 45 61 64 50 26 17 19 20 33 39 46 41 26 25 50 37 37 24 11 4 3 3 1 2 2 1 1 0 0 0 0 0 0 0 0 1 2 4 6 6 7 10 10 9 29 40 33 44 63 50 27 32 30 38 31 14 19 19 16 8 11 3 1 1 2 1 1 0
0 0 0 1 0 0 4 12 25 18 44 39 9 5 19 14 12 1 5 7 7 8 14 42 13 23 41 64 66 69 84 47 62 43 24 15 26 66 48 48 47 10 10 4 5 10 5 6 2 3 2 2 2 1 0 0 0 0 0 0 0 0 0 1 2 8 7 6 5 24 43 12 39 64 70 55 42 41 35 21 27 22 23 32 21 17 9 6 7 4 3 3 2 1 0 0
0 0 0 1 0 1 0 2 3 9 4 3 9 9 15 16 17 8 9 8 10 8 23 29 7 6 8 39 43 33 44 77 54 66 61 53 48 45 37 37 43 35 22 26 21 9 8 11 6 4 3 1 1 1 1 0 0 0 0 0 0 0 1 2 3 6 7 7 6 7 28 55 29 56 69 68 53 33 44 35 44 42 23 16 19 17 9 5 6 9 6 4 1 1 1 0
1 0 1 0 0 0 1 4 9 8 6 13 12 8 16 17 26 9 5 17 21 15 22 45 14 2 15 8 21 31 13 21 60 51 59 58 34 12 10 10 22 21 17 22 27 25 11 5 7 5 2 3 2 1 1 1 0 0 0 0 0 1 2 4 9 13 7 7 21 18 13 15 57 69 55 70 51 50 67 62 18 15 15 19 15 9 13 7 8 3 3 1 0 0 0 0
0 0 1 0 0 1 1 1 3 3 6 9 4 9 10 8 15 2 5 7 6 34 30 48 30 13 15 21 30 22 24 10 8 17 18 16 15 13 12 8 5 7 6 9 18 17 8 13 10 7 5 3 2 2 1 1 1 0 0 0 0 1 2 7 12 13 9 14 18 40 28 29 22 26 48 54 68 61 39 38 31 40 31 33 21 14 18 12 5 2 1 1 1 0 0 0
0 0 0 0 0 0 0 1 2 3 4 7 8 7 10 21 16 4 5 5 12 36 44 39 16 3 16 34 24 38 40 15 42 48 49 39 36 28 26 11 7 8 27 32 28 13 14 10 11 9 7 4 3 2 2 1 1 0 0 0 0 1 5 10 10 23 11 19 22 19 66 49 40 32 19 61 46 66 54 48 50 60 52 36 23 30 16 8 3 2 1 1 0 0 0 1
1 0 0 0 0 0 1 0 1 3 3 6 22 31 32 43 28 8 4 4 27 36 43 32 17 34 9 33 33 44 27 47 45 30 32 33 27 24 11 18 38 42 21 21 12 16 11 10 11 8 8 6 4 2 2 2 1 0 0 0 0 0 2 10 31 25 15 25 21 21 23 43 61 19 15 26 71 80 75 63 57 51 45 47 36 17 15 8 11 3 1 1 0 0 0 2
0 0 0 0 0 0 0 1 0 4 10 8 26 38 41 12 5 3 2 14 24 29 38 47 46 19 25 27 24 23 31 69 34 32 37 38 36 20 28 31 53 41 35 30 29 25 20 13 18 13 10 6 5 3 2 1 1 0 0 0 0 1 2 8 25 20 32 42 32 52 53 60 61 31 33 47 67 61 63 53 51 44 39 36 23 17 14 14 13 6 2 1 1 1 1 3
0 0 0 0 0 0 0 1 1 8 10 15 18 74 20 10 14 9 6 18 20 23 26 14 13 11 44 13 30 23 48 33 46 55 41 39 38 38 46 38 28 42 43 45 40 36 24 26 20 8 5 4 3 4 3 1 1 1 0 0 0 1 3 8 16 18 17 34 57 48 69 61 64 35 59 57 65 63 44 43 43 40 26 18 17 15 12 9 6 6 4 2 1 2 3 3
0 0 0 0 0 0 0 0 2 6 10 14 4 20 8 2 11 13 21 15 18 32 29 14 11 28 16 25 39 61 63 54 50 51 39 41 53 51 53 46 49 63 59 38 29 40 35 27 13 10 6 5 4 2 2 2 1 1 0 0 0 1 4 8 12 18 16 22 50 75 70 67 59 83 66 49 37 40 47 48 40 38 34 26 17 19 8 12 6 4 4 2 1 3 4 3
0 0 0 0 0 0 0 0 5 3 9 6 3 1 1 2 10 10 8 16 19 15 14 32 30 12 16 44 63 26 23 23 45 41 49 55 55 54 51 51 53 61 44 42 51 41 37 33 14 12 8 6 4 2 2 2 1 1 1 0 0 1 6 12 18 19 18 19 24 31 47 54 60 69 19 44 43 40 34 34 31 28 22 33 23 21 14 12 6 5 4 2 2 5 4 7
0 0 0 0 0 0 0 0 3 6 10 7 7 11 9 4 1 4 3 20 27 16 55 52 16 22 29 43 26 28 28 33 39 35 48 54 56 55 45 71 56 43 41 47 20 33 42 37 26 18 5 4 3 4 3 2 1 1 1 0 0 1 2 9 15 21 52 35 41 44 43 30 43 63 50 56 55 39 39 35 39 32 33 31 22 7 6 5 5 9 5 1 3 9 12 12
0 0 0 0 0 0 0 2 5 14 13 3 4 9 10 10 5 1 5 22 19 53 36 17 20 44 28 27 26 30 36 33 24 37 43 62 44 43 61 54 46 65 65 32 44 39 37 35 19 9 6 8 7 6 4 4 2 2 1 0 0 1 3 7 12 31 53 76 44 55 47 32 36 69 77 43 46 53 52 34 29 31 38 26 13 5 11 8 6 3 2 1 5 11 13 14
0 0 1 0 0 1 4 5 12 20 2 2 4 1 1 3 6 2 10 21 18 20 7 16 37 12 10 22 26 30 49 37 28 37 49 54 51 65 69 65 47 40 38 47 38 41 24 23 18 12 11 12 11 4 4 3 3 1 1 1 0 1 3 9 16 26 51 69 64 65 52 54 59 72 47 44 39 38 45 48 32 61 37 17 17 19 12 7 3 1 1 3 8 13 14 17
0 0 0 0 2 0 0 4 8 4 0 2 5 5 6 6 14 9 23 10 8 6 4 18 15 19 23 35 43 37 32 24 29 33 57 42 76 71 70 41 29 27 33 45 49 40 32 29 25 21 16 13 7 4 2 2 2 2 1 1 1 2 4 13 26 32 32 39 64 78 72 36 42 73 44 50 68 64 59 65 55 38 28 26 24 21 7 6 3 2 2 7 11 15 12 19
0 0 0 0 0 0 0 2 2 2 0 2 4 7 9 10 6 10 18 27 22 17 2 15 21 34 37 43 27 18 28 29 34 39 73 40 24 17 18 34 36 53 62 62 57 45 33 30 16 23 12 10 10 4 4 2 2 2 2 1 1 5 8 14 32 36 35 22 43 69 72 50 57 70 47 31 51 72 71 67 61 30 31 30 22 18 7 4 7 3 7 10 6 19 21 24
0 0 0 0 0 0 0 1 5 7 1 4 4 2 4 3 4 28 15 9 12 16 16 13 37 26 29 33 21 25 42 39 29 75 28 21 49 52 51 49 63 68 60 62 61 56 45 35 21 18 15 13 11 8 6 5 3 2 2 1 3 6 16 41 42 40 33 43 52 60 73 48 46 62 74 54 55 55 68 68 51 51 30 31 23 14 7 2 3 7 9 5 11 15 37 27
0 0 0 0 0 0 0 3 2 3 10 5 2 2 3 5 5 8 13 21 13 19 9 15 31 32 24 28 32 30 33 39 48 35 11 36 41 49 58 83 61 58 67 66 63 58 37 28 20 15 16 14 12 6 7 4 5 5 3 3 4 13 13 32 40 40 37 50 58 52 79 73 54 71 68 56 61 62 57 51 55 37 26 23 21 10 4 1 3 12 6 11 16 21 42 26
0 0 0 0 0 0 0 0 0 5 3 1 2 3 4 2 14 5 5 25 45 18 6 10 45 29 40 31 25 24 55 81 51 10 21 51 39 70 74 67 64 73 69 50 52 48 40 34 19 22 18 17 13 12 10 8 7 6 3 4 5 7 13 18 42 62 50 69 73 63 57 59 56 65 75 75 57 52 41 39 39 31 23 24 15 7 2 2 9 12 14 27 36 29 34 26
0 0 0 0 1 0 2 3 2 1 2 4 2 2 1 21 9 11 12 25 18 7 17 26 6 32 30 19 52 42 66 44 14 22 57 28 53 45 57 78 79 61 48 75 64 38 41 39 31 26 22 20 15 13 11 10 8 5 5 6 7 16 11 15 19 46 71 75 73 73 81 81 57 70 57 50 35 41 52 53 35 33 20 22 14 3 2 9 8 15 28 36 33 22 34 36
0 0 0 0 0 0 1 0 0 1 2 3 1 1 1 15 6 2 2 5 5 10 26 10 6 18 12 18 59 55 45 11 18 32 52 72 47 55 71 73 71 60 64 33 45 37 45 52 36 29 26 23 20 16 15 12 7 4 8 15 11 21 21 23 28 44 54 80 65 63 46 70 54 39 39 50 60 46 40 37 32 18 26 15 4 2 6 9 17 17 21 30 49 37 40 37
0 0 0 0 0 0 1 0 1 1 2 1 1 2 6 21 5 5 5 4 26 8 15 3 17 29 18 43 68 37 20 15 21 28 69 69 68 57 61 62 60 65 51 38 42 71 54 45 40 49 34 25 23 19 15 12 7 5 14 19 34 42 31 37 33 45 63 66 76 61 53 45 52 60 52 66 51 50 40 37 23 23 10 5 3 6 15 19 18 32 32 24 26 37 34 29
0 0 0 0 0 0 0 0 1 0 1 4 1 3 14 6 5 2 13 16 11 15 7 15 45 14 21 53 42 30 29 24 45 55 72 57 60 60 53 38 39 59 67 59 65 53 54 54 58 42 35 42 14 21 16 10 5 15 23 25 51 55 41 55 42 30 42 77 77 38 75 53 50 60 61 59 53 51 46 31 22 20 7 8 7 14 17 24 22 26 37 27 28 39 44 37
0 0 0 0 0 0 1 1 0 0 1 1 1 9 1 2 7 7 10 19 8 6 10 13 23 18 21 47 23 17 32 26 55 58 55 56 43 53 46 51 58 60 61 75 58 56 55 67 48 44 53 37 30 26 14 11 6 15 39 39 47 63 51 63 64 44 46 57 84 39 41 76 74 57 55 55 63 48 52 44 24 17 5 5 8 17 25 36 41 42 41 43 31 36 54 45
0 0 0 0 0 1 4 0 0 0 3 0 6 2 3 6 5 2 1 9 5 11 18 19 19 30 28 7 17 26 39 46 56 61 21 17 52 42 52 45 48 58 64 73 71 57 74 46 65 63 40 37 33 29 16 13 8 16 42 54 50 67 49 53 70 46 65 42 72 46 48 72 49 64 61 56 50 48 64 34 25 6 5 8 17 21 30 39 30 23 32 54 26 30 47 64
0 0 0 0 0 0 0 1 1 2 0 1 3 1 2 2 2 2 1 2 3 8 18 16 14 26 12 10 23 19 32 13 38 25 14 35 25 28 36 58 62 64 68 71 62 44 63 69 63 50 48 39 37 32 28 17 17 20 48 69 70 69 62 51 67 65 34 41 83 46 66 61 57 58 51 42 54 27 22 22 8 5 9 20 22 29 39 43 24 28 42 25 17 22 33 65
0 0 0 1 1 1 1 1 0 1 1 2 2 3 3 9 6 1 1 1 1 11 9 5 12 16 13 35 36 33 56 47 39 24 14 14 30 31 33 32 38 63 49 56 65 36 29 29 46 47 54 45 40 36 20 12 23 35 52 61 83 75 55 56 61 64 61 28 68 17 25 39 47 55 55 56 56 50 36 31 10 6 12 22 25 49 56 46 36 34 41 43 35 21 32 51
0 0 2 1 1 1 1 0 1 0 1 3 7 3 5 5 11 3 5 3 13 15 9 15 21 16 16 3 4 17 41 12 17 9 15 24 15 22 23 25 58 53 41 56 35 39 41 53 53 65 50 51 45 27 24 14 26 41 55 64 74 57 58 65 70 45 42 51 65 33 36 30 28 20 35 45 40 40 22 18 8 12 23 26 31 56 52 23 37 50 32 48 26 28 35 57
0 1 0 0 0 1 0 0 0 1 1 4 8 9 7 11 10 2 6 13 15 7 7 16 16 10 2 8 8 20 19 10 7 24 29 24 32 27 31 46 38 48 63 39 43 44 59 55 65 50 49 48 47 29 11 27 33 67 60 66 67 71 59 72 72 55 38 61 51 32 44 58 54 58 59 52 39 17 11 6 9 25 27 31 36 62 63 23 26 49 35 53 31 31 38 71
0 0 1 1 1 2 1 2 1 1 5 3 7 6 1 2 1 1 4 17 13 6 15 6 18 22 4 5 8 29 10 7 11 27 46 23 25 31 41 20 55 49 37 51 45 59 60 70 69 57 65 47 33 32 20 33 40 60 75 60 65 73 57 48 68 70 37 45 55 61 63 46 46 46 35 40 31 17 6 19 17 29 35 51 44 61 66 36 36 39 22 57 34 36 38 54
2 5 3 11 11 7 4 4 4 3 6 2 3 2 6 2 2 3 9 11 9 7 11 3 7 6 3 9 11 22 9 13 53 30 18 16 22 28 29 47 68 55 61 39 52 70 72 58 56 73 60 40 36 35 23 49 65 58 63 75 64 73 78 51 81 79 42 48 55 59 44 43 58 45 43 25 29 23 14 31 34 34 40 54 44 49 57 50 54 37 36 61 34 38 33 49
6 9 13 4 8 27 9 3 1 3 0 0 2 2 3 2 1 13 17 8 4 10 5 5 13 20 4 4 8 18 19 49 16 9 19 23 11 8 37 41 49 32 68 56 63 73 45 56 70 62 47 44 38 36 35 55 66 65 65 75 63 69 75 69 65 73 50 24 41 68 47 53 53 55 43 43 42 35 26 34 38 50 46 54 43 38 53 51 47 44 41 60 37 29 40 47
1 3 5 1 0 4 8 9 0 0 0 1 3 6 4 3 5 6 2 5 3 3 13 3 19 25 7 5 19 26 36 45 19 23 25 5 6 10 19 41 35 48 63 65 64 60 61 59 61 58 47 44 39 41 44 48 62 76 66 63 81 59 69 72 60 41 20 15 11 34 46 60 55 49 40 38 29 13 24 35 38 53 49 57 41 56 67 69 53 48 40 48 54 18 43 51
1 1 1 2 2 0 0 0 0 1 2 0 0 2 4 3 4 8 1 3 1 3 3 5 20 9 3 4 7 14 8 11 22 17 14 17 11 5 49 19 31 22 57 45 68 54 56 44 62 61 43 42 39 39 45 65 64 77 76 74 71 72 62 64 23 21 40 55 40 45 44 45 47 33 30 24 12 23 38 37 40 55 59 40 53 54 64 67 54 50 39 47 54 24 29 61
1 1 4 1 1 1 0 1 0 1 1 1 1 3 0 1 4 1 3 3 2 14 15 10 19 7 3 3 5 5 5 26 23 16 24 17 26 7 37 28 6 26 59 54 63 56 57 68 60 55 50 42 41 63 62 57 66 65 74 55 69 70 47 42 39 31 44 62 47 34 59 57 66 60 45 13 22 26 39 52 59 45 58 44 57 69 67 63 51 51 41 40 57 48 24 42
0 2 1 2 2 0 0 2 1 1 2 0 1 1 0 2 3 11 2 5 20 5 13 15 27 14 3 5 4 14 20 13 16 39 15 24 25 13 67 37 12 37 21 57 53 46 62 41 56 51 43 46 40 61 73 62 62 59 70 77 53 59 56 38 37 25 30 33 36 30 53 58 63 70 32 20 25 39 37 59 59 56 55 58 42 66 69 67 57 58 26 46 46 41 34 26
1 1 0 0 0 1 1 2 0 0 1 0 2 1 2 4 1 6 1 3 5 22 9 19 10 2 1 1 1 13 20 7 12 19 27 41 17 22 46 48 27 38 19 59 45 38 45 36 53 49 57 41 40 54 60 85 49 56 53 46 58 35 37 33 20 25 38 34 39 35 56 57 34 48 22 20 42 43 40 44 60 56 56 53 56 67 66 76 64 47 34 50 54 28 34 23
0 1 1 0 0 1 0 1 0 1 0 0 1 0 3 3 2 3 2 1 1 1 2 2 2 2 2 1 6 4 14 18 24 18 24 28 14 14 18 63 36 42 38 49 18 49 38 52 56 38 52 41 44 38 63 66 70 58 48 25 45 26 19 36 25 25 39 32 48 41 47 47 36 23 27 42 43 43 44 40 46 59 67 59 54 69 73 71 71 43 31 64 45 46 34 18
1 1 1 0 0 1 1 0 0 1 0 1 0 0 2 1 1 2 4 2 2 3 5 6 6 12 6 3 1 2 7 15 22 20 22 20 20 16 8 39 67 59 37 23 21 29 31 49 38 20 47 38 39 36 48 73 59 62 36 16 22 6 8 9 13 16 29 46 50 53 56 38 22 22 47 43 49 63 58 47 40 53 55 63 67 81 56 78 56 40 34 67 46 58 24 20
0 0 1 0 3 0 0 0 0 0 1 0 0 1 2 1 1 1 1 1 1 2 2 12 20 2 3 2 2 1 1 5 5 21 13 6 22 13 14 25 73 60 26 16 21 31 54 24 37 17 29 42 36 56 56 51 45 39 48 18 22 12 16 7 22 39 37 41 44 34 40 35 14 26 40 42 60 53 49 34 41 24 56 65 65 54 73 70 67 51 34 59 43 53 44 17
0 0 0 0 1 1 1 0 1 0 1 0 0 1 2 2 3 1 2 1 5 4 7 4 4 4 9 4 2 1 7 7 3 8 7 8 24 3 3 24 39 52 32 23 15 65 39 22 19 31 46 45 31 49 69 47 67 24 36 35 19 20 19 10 20 20 23 30 46 46 23 20 25 39 37 41 36 41 33 13 32 36 51 54 60 66 73 68 31 53 25 52 66 30 16 26
0 0 0 0 1 1 1 0 0 1 0 1 2 1 2 2 0 1 2 1 1 1 1 4 7 23 4 2 3 2 11 7 9 13 9 11 13 5 10 15 34 36 41 31 26 75 33 35 22 29 40 33 40 66 74 48 62 29 22 24 15 6 6 32 31 30 34 31 50 23 22 25 40 36 35 38 49 52 41 31 37 50 57 68 67 64 62 75 28 48 33 34 64 16 14 20
0 0 0 0 0 0 1 2 0 1 2 4 1 1 1 2 1 1 1 2 1 1 5 9 13 4 2 7 1 2 4 13 13 22 17 20 18 14 12 19 33 47 38 36 23 35 34 47 33 16 18 41 54 55 61 50 43 28 17 19 12 4 10 16 29 41 40 32 34 35 39 37 34 40 51 23 30 53 41 30 43 44 43 66 56 53 36 50 47 41 64 30 46 21 20 23
0 0 0 1 0 1 1 1 0 2 3 2 0 0 1 1 0 1 1 1 1 2 16 8 5 8 13 21 10 10 3 15 16 32 16 30 13 27 25 19 19 19 35 45 12 35 40 49 34 27 35 50 44 39 47 26 28 27 13 10 4 10 11 13 16 28 23 47 57 39 39 34 33 52 38 18 24 53 51 34 36 43 39 39 60 58 21 30 46 64 41 37 23 17 27 39
