sesion_6_simulaciones/modelos_agentes/ejemplos_netlogo/scenarios/cgcm2_b2/rob_2091.asc
NCOLS 322 
NROWS 307 
XLLCORNER 451900 
YLLCORNER 4086900 
CELLSIZE 100 
NODATA_value -9999 
[rows 148 to 221 of 307, columns 0 to 95 of 322]
0 16 12 10 19 30 25 16 6 3 5 56 50 52 46 53 69 52 38 55 26 34 10 4 0 1 0 1 1 0 2 1 1 3 1 3 2 4 3 3 17 18 16 12 20 9 24 23 14 25 13 16 27 11 19 34 29 15 10 28 40 42 34 25 37 52 57 35 42 72 67 61 36 45 67 76 22 18 17 32 29 23 9 14 42 30 8 5 23 16 12 16 30 24 13 29
6 17 18 23 32 40 28 42 40 9 13 32 47 66 66 71 79 47 57 53 54 42 11 19 4 1 1 0 0 1 8 5 1 2 1 1 1 4 3 5 10 6 4 9 19 60 30 23 10 11 9 22 24 22 6 6 7 4 30 24 23 58 37 27 38 62 59 58 59 68 41 20 15 49 36 27 56 11 12 36 32 16 22 14 6 31 12 7 5 9 4 18 10 28 16 5
3 2 6 33 23 49 43 12 24 36 16 22 76 78 76 48 81 67 67 74 54 20 15 8 11 5 1 3 2 2 1 8 3 6 9 7 2 6 8 8 5 5 9 36 51 31 19 14 11 10 11 14 15 15 27 20 26 27 30 31 45 58 32 29 61 61 70 73 52 14 56 34 31 42 60 22 26 7 2 8 18 19 12 21 9 10 24 16 6 7 4 3 6 7 12 4
1 2 5 4 5 5 5 7 11 9 24 10 30 65 63 53 78 74 71 19 9 9 21 20 35 18 7 2 2 1 1 3 31 20 23 33 45 6 3 7 20 25 50 42 13 14 6 14 8 6 17 14 17 15 18 14 34 37 39 41 62 54 52 37 59 75 63 49 76 41 20 55 57 27 28 10 20 37 15 6 8 14 16 8 11 6 8 25 15 7 6 3 2 6 9 7
16 4 3 3 5 5 7 11 14 17 10 31 15 8 6 7 9 9 15 22 15 44 44 37 55 18 41 10 10 10 6 6 22 2 0 1 6 43 4 3 19 11 20 26 21 34 34 43 19 10 17 17 23 19 6 19 25 59 35 58 59 64 73 88 85 72 67 41 42 85 41 33 30 35 18 5 9 9 29 19 9 9 17 13 7 10 6 7 18 5 4 3 1 1 3 3
18 15 12 7 8 5 6 16 2 7 27 20 16 24 15 15 10 25 37 52 78 56 77 48 43 24 17 18 12 34 20 2 1 3 3 0 3 4 20 5 2 54 10 13 19 13 6 11 27 16 27 34 31 23 8 14 23 45 70 58 79 68 79 79 78 77 69 24 35 69 73 52 32 19 27 15 11 8 14 10 15 9 8 12 8 6 5 5 26 12 2 2 2 1 3 4
47 24 45 28 22 20 31 6 9 6 10 14 17 43 41 15 6 21 53 58 71 85 66 81 57 44 53 49 22 26 58 37 14 2 5 5 12 9 9 21 3 36 15 12 26 4 8 12 8 29 36 48 58 44 42 22 29 47 66 67 50 40 75 77 74 66 65 49 32 48 78 25 29 16 11 8 14 4 15 26 8 12 11 5 4 3 4 3 6 4 8 2 1 1 1 1
59 48 60 34 45 32 25 36 8 5 13 9 44 31 13 32 23 17 15 55 69 61 56 65 47 43 54 47 25 7 24 67 64 40 29 10 13 15 16 21 9 31 63 23 27 15 7 7 8 15 13 17 33 10 15 44 32 59 44 26 23 26 30 53 52 21 30 18 47 58 52 47 23 17 18 6 7 9 9 18 14 7 9 6 3 3 3 2 2 3 3 5 2 1 1 0
30 53 47 68 72 46 22 66 14 7 11 14 13 16 34 37 24 38 26 15 19 52 61 20 35 59 33 65 38 8 8 9 39 67 51 28 19 15 13 20 19 36 66 17 25 26 19 26 29 31 31 36 25 24 30 25 42 71 55 51 54 49 24 14 8 24 20 24 18 31 31 48 49 21 10 5 7 9 10 14 15 19 4 5 3 2 2 1 2 2 2 1 4 1 0 0
61 78 61 81 65 24 56 76 26 24 29 11 37 61 47 27 48 34 31 18 22 21 15 51 36 15 25 56 67 25 20 14 10 58 53 48 53 43 40 50 43 25 65 67 29 22 31 36 33 34 46 60 29 45 52 27 22 45 55 43 38 26 14 22 22 6 3 14 31 33 34 42 20 19 9 7 10 8 13 9 10 7 9 3 2 2 1 1 1 1 1 1 1 2 1 0
42 80 36 79 38 66 68 71 17 38 42 22 17 12 30 33 37 64 58 69 25 17 23 21 24 23 37 77 34 76 28 40 33 54 23 46 47 76 48 38 46 24 49 67 73 31 26 23 47 33 34 27 22 45 51 25 43 74 72 74 36 47 51 40 34 14 12 17 22 22 21 27 20 10 15 4 7 12 9 11 5 3 5 4 1 1 0 0 0 1 1 1 1 1 1 1
13 70 51 66 64 72 68 24 35 57 53 36 31 19 18 12 16 28 29 65 40 12 20 23 62 64 60 67 28 71 72 24 25 33 59 68 55 79 87 50 44 15 25 62 70 60 52 34 48 16 12 19 54 51 40 35 41 32 26 28 22 38 55 47 44 29 27 24 16 17 18 15 10 14 4 6 5 8 4 3 3 2 2 2 3 2 1 2 1 0 0 0 1 1 0 0
15 14 10 52 66 66 24 29 69 40 58 70 53 39 21 27 34 32 39 21 31 50 44 16 51 55 63 71 70 37 83 78 35 16 34 77 74 60 53 64 67 18 29 65 80 83 45 38 42 38 29 23 74 38 83 84 83 69 82 71 50 28 34 31 30 24 26 23 19 10 11 15 11 13 6 8 3 4 3 4 2 2 2 3 1 1 1 1 1 1 1 0 0 0 0 0
15 57 34 26 17 42 34 74 77 50 48 63 31 49 16 35 26 28 39 27 32 35 35 16 61 70 63 84 77 59 74 85 77 45 36 11 30 58 42 23 31 21 14 81 82 79 62 66 53 67 87 91 79 51 44 77 71 39 41 61 58 36 46 34 28 19 16 26 18 7 8 7 9 8 5 6 5 5 2 2 1 1 0 1 1 0 1 1 0 0 0 0 0 0 0 0
41 47 32 52 41 19 51 81 71 77 13 48 64 61 73 37 56 27 22 20 23 11 39 62 83 60 84 89 74 73 50 65 79 52 50 27 57 74 82 82 64 49 31 43 81 68 58 87 58 61 82 80 86 56 38 81 87 59 43 31 69 67 25 51 30 25 15 15 12 8 9 7 6 5 4 4 3 2 2 1 1 1 1 1 1 0 0 0 0 0 0 0 0 0 0 0
33 32 60 35 29 11 44 66 49 79 30 41 72 57 72 53 29 45 34 50 53 55 18 52 66 73 82 84 61 83 66 81 70 72 70 75 68 76 81 73 17 58 65 33 15 48 58 79 62 53 74 71 72 78 42 52 74 90 64 45 54 33 32 28 32 38 33 22 13 6 11 5 3 2 2 1 2 1 0 0 0 1 0 0 0 0 0 0 0 0 0 0 0 0 0 0
26 20 10 28 40 38 15 78 30 28 30 47 55 14 42 57 34 40 33 65 63 37 36 18 50 83 76 83 65 85 70 71 63 53 66 70 81 74 75 81 75 55 24 20 9 13 57 72 52 24 37 68 75 79 76 81 83 79 86 45 30 35 30 34 30 26 31 11 8 11 4 3 3 2 1 0 0 0 1 1 1 0 0 0 0 1 1 1 2 0 1 2 1 2 2 1
13 26 44 35 20 15 16 35 42 39 62 55 64 64 30 51 39 57 21 17 36 70 45 26 13 29 33 68 66 39 16 18 15 32 28 26 67 47 51 64 68 59 48 20 7 13 57 60 48 37 29 24 49 79 77 70 56 56 77 73 31 19 26 26 27 22 10 13 7 2 3 3 2 1 1 1 0 0 0 0 1 1 1 2 3 4 5 4 2 1 2 5 4 7 5 2
26 18 17 15 27 20 24 19 21 20 38 68 66 71 20 19 28 60 62 42 32 28 47 16 30 39 31 31 20 27 42 32 43 40 61 32 26 24 21 23 18 36 28 14 14 20 44 49 59 36 35 32 8 43 39 49 49 60 38 53 43 21 41 36 27 13 11 6 5 4 3 2 1 1 1 1 0 0 0 1 5 5 4 8 10 12 9 16 9 9 23 22 10 16 6 4
16 17 23 47 38 41 36 29 34 34 46 11 17 22 33 43 30 18 63 65 55 30 29 10 29 59 57 47 33 37 56 62 33 62 31 26 27 34 36 33 22 14 21 21 35 36 56 54 59 48 31 16 18 17 22 47 21 14 11 35 18 22 19 12 16 8 5 6 4 2 1 1 1 1 1 1 2 0 4 6 12 13 15 20 22 36 34 18 17 20 6 2 3 3 4 10
23 28 46 27 25 33 33 23 40 61 18 25 47 44 27 46 10 16 20 26 35 23 19 18 34 31 49 42 64 27 56 45 39 44 29 27 37 60 30 58 36 19 14 13 15 24 35 48 41 42 26 40 36 24 29 28 26 19 22 26 41 31 15 4 7 6 5 2 2 1 1 7 7 3 3 5 2 3 9 26 43 33 34 57 45 37 34 21 25 23 7 2 1 1 1 6
42 62 59 64 30 26 30 27 43 50 30 32 47 45 41 23 28 25 41 40 26 30 36 22 35 30 29 50 27 34 48 45 48 37 27 30 25 50 25 59 42 33 26 9 6 5 20 22 64 64 37 29 60 31 15 35 39 47 40 27 27 14 7 5 4 3 1 1 3 3 8 15 19 5 9 10 5 12 31 42 60 76 35 59 37 30 20 23 16 12 7 5 1 0 0 1
14 13 8 11 17 17 45 41 57 33 38 19 35 52 21 9 17 21 26 22 13 10 9 21 30 26 23 29 38 43 39 39 24 31 22 10 34 27 44 59 36 37 52 27 28 13 9 22 23 52 33 43 33 15 16 27 26 21 14 7 6 4 2 1 1 0 3 10 18 12 23 31 31 18 28 16 9 21 49 52 80 56 36 28 15 2 2 11 4 5 3 1 1 0 0 2
19 30 21 39 33 41 27 42 39 34 13 17 29 37 45 39 43 19 17 16 20 6 10 28 58 46 29 26 41 24 19 37 67 37 22 12 33 20 58 22 51 32 42 37 22 12 18 20 12 27 35 28 12 18 15 13 31 10 6 4 2 7 8 11 4 9 14 27 30 30 30 44 28 26 32 25 20 36 57 69 66 45 20 12 9 3 3 3 4 1 1 1 1 0 0 0
15 15 16 35 53 17 20 27 23 33 28 20 44 30 60 42 31 50 40 29 56 25 31 24 49 59 33 55 20 27 38 26 55 54 30 20 25 35 38 18 25 25 36 40 17 28 19 11 13 17 18 23 18 18 16 12 6 3 2 12 11 21 22 21 15 17 30 38 55 56 39 52 53 49 35 45 52 59 62 59 48 56 26 13 5 5 3 1 6 2 1 0 0 0 0 1
19 12 22 37 20 21 20 36 43 33 42 50 44 33 26 25 63 61 37 40 41 31 49 26 33 52 64 42 22 22 16 19 20 18 32 41 11 16 45 41 37 44 34 22 33 23 22 21 13 17 20 21 32 21 10 8 9 12 18 35 30 30 42 30 23 38 43 48 63 48 54 64 75 41 46 54 64 69 77 51 18 12 13 13 8 4 2 1 1 1 0 0 0 0 0 0
14 23 30 25 13 52 39 30 54 66 73 66 60 66 38 19 24 43 38 47 13 34 59 29 37 30 52 64 40 57 38 31 24 26 45 57 23 35 44 54 47 12 13 24 19 23 12 10 18 24 23 38 25 16 20 11 18 21 42 40 36 35 47 37 32 44 54 40 69 63 52 77 62 48 56 76 64 67 26 75 46 40 14 7 6 4 2 2 1 0 0 0 0 0 0 0
14 17 24 20 12 13 19 30 28 38 52 69 51 51 63 22 34 31 23 21 24 55 60 40 22 29 17 39 25 31 25 25 38 35 52 46 25 42 54 52 41 21 9 8 17 17 20 34 19 20 36 24 18 34 19 18 28 45 47 55 48 46 48 37 39 67 69 56 73 70 70 70 83 81 56 61 67 65 24 18 35 41 22 14 4 2 2 2 1 0 0 0 0 0 0 0
13 14 40 15 30 10 17 14 29 37 16 19 17 17 26 39 38 34 62 28 43 58 38 51 15 50 25 52 22 18 29 34 35 31 40 33 34 32 45 49 38 19 6 14 18 19 25 25 25 25 26 39 27 22 19 33 47 46 45 49 47 37 57 52 56 72 70 69 67 84 76 70 64 74 28 25 16 43 49 24 10 24 11 5 3 2 2 1 0 1 0 0 0 0 0 0
16 39 32 62 8 57 47 7 31 23 38 23 50 29 40 32 38 29 28 30 20 45 23 35 27 21 28 30 14 35 37 29 30 33 34 24 30 23 32 48 33 28 28 35 44 20 30 20 39 48 45 57 41 25 39 43 46 57 40 46 65 51 64 67 59 72 56 76 39 57 82 80 76 61 74 56 37 14 9 18 10 6 12 9 6 4 3 4 1 0 0 0 0 0 0 0
57 33 14 27 48 25 13 30 31 37 22 41 23 21 51 28 29 6 26 36 31 12 24 32 22 15 22 8 15 10 13 26 25 55 17 20 19 30 31 13 20 33 13 20 18 28 13 29 44 57 51 49 43 41 38 58 49 59 56 49 57 65 58 63 66 74 53 51 77 38 75 76 56 69 76 81 61 53 49 29 21 11 4 2 4 5 3 2 1 1 0 0 0 0 0 0
37 74 33 40 10 19 15 29 23 24 48 16 24 46 52 59 61 21 24 48 27 18 8 15 31 11 15 13 12 7 9 28 32 31 13 18 19 17 45 30 20 32 16 54 28 27 31 24 49 57 41 39 41 39 39 44 65 58 53 71 71 80 64 55 65 30 45 41 43 50 36 65 41 52 69 74 75 84 63 46 41 46 37 18 4 2 3 2 1 0 0 0 0 0 0 0
15 24 16 15 33 40 21 17 25 30 39 21 40 21 14 16 12 19 23 34 48 15 26 16 20 11 11 5 8 13 16 25 17 16 17 12 18 35 43 30 18 15 32 56 15 43 31 35 43 64 33 39 39 38 39 44 60 68 55 67 80 53 43 72 72 65 48 28 20 7 15 15 24 28 50 63 54 60 66 41 60 42 25 7 4 4 3 2 2 1 0 0 0 0 0 0
13 16 31 23 23 31 28 18 8 30 4 8 19 21 55 25 44 18 19 21 34 17 13 17 15 14 20 9 7 8 16 11 13 24 5 5 12 42 23 20 13 24 26 42 36 29 35 39 50 44 29 46 35 37 49 37 62 75 78 61 67 73 31 15 14 21 27 46 37 26 12 9 4 12 22 41 31 56 70 28 38 58 26 12 7 3 2 2 1 1 0 0 0 0 0 0
9 42 22 12 14 18 16 12 6 7 10 12 11 30 30 20 27 30 28 27 18 36 12 28 14 16 27 5 6 12 6 9 22 13 16 24 27 45 7 7 16 32 30 41 34 25 29 33 40 27 49 60 50 55 56 52 64 62 61 41 44 60 29 29 53 67 72 55 53 38 29 35 10 3 7 25 20 43 60 43 25 21 17 10 5 4 3 2 1 1 1 1 0 0 0 0
10 19 17 17 15 16 14 8 3 2 5 10 18 8 14 23 19 29 11 7 5 6 11 6 5 22 15 7 12 8 6 6 15 8 3 9 17 20 16 16 22 25 43 49 21 25 36 32 45 44 65 78 60 78 72 84 71 62 69 42 30 12 64 53 21 52 71 56 59 60 57 32 14 11 4 4 5 14 38 18 12 4 3 7 2 3 1 1 1 1 1 1 0 0 0 0
21 3 5 15 3 9 4 1 2 1 1 1 2 5 19 7 5 7 13 7 6 3 4 5 3 5 4 6 11 5 1 2 2 6 7 5 18 13 8 16 27 46 71 82 68 66 54 50 48 28 76 46 82 73 62 69 42 50 67 75 29 24 22 76 34 30 47 66 52 45 64 64 64 29 17 5 2 1 1 1 2 2 1 3 3 1 1 0 0 1 0 0 0 0 0 0
1 2 4 3 3 3 2 0 0 3 8 0 2 2 3 9 7 5 8 5 4 4 5 5 1 2 4 5 3 1 0 1 2 14 36 36 45 58 69 72 70 82 58 83 72 79 75 23 54 68 37 34 61 60 66 68 45 71 75 58 53 37 17 50 73 28 10 30 58 71 57 50 24 20 26 17 5 2 3 1 2 2 1 1 3 2 1 1 0 0 0 0 0 0 0 0
1 2 2 1 1 1 4 20 33 6 10 9 20 2 1 5 4 2 3 2 2 1 2 1 2 1 7 10 10 2 0 3 3 2 6 34 51 65 63 67 63 77 60 62 78 79 78 42 31 37 81 58 27 54 23 36 34 71 83 66 53 45 30 28 81 40 37 17 34 50 73 18 8 16 16 25 15 11 7 4 1 1 1 1 1 2 1 0 0 0 0 0 0 0 0 0
3 4 4 5 6 15 22 11 16 18 19 7 10 7 3 2 1 1 1 1 1 1 10 7 19 18 6 3 10 2 1 11 8 4 8 10 16 60 65 71 56 45 42 42 66 80 86 86 37 38 58 63 43 26 49 18 50 57 78 73 24 35 27 15 78 55 25 20 18 62 63 75 34 23 14 8 5 3 2 2 4 3 1 0 0 0 1 1 0 0 0 0 0 0 0 0
11 11 6 33 20 26 32 45 44 38 18 16 22 8 6 2 1 1 0 2 1 1 1 2 3 6 18 13 4 4 4 4 7 14 3 9 26 47 57 70 61 35 24 34 49 78 85 83 88 84 34 45 40 38 24 16 33 56 70 74 27 30 35 27 49 84 57 33 15 8 11 30 13 15 9 20 11 4 2 1 1 1 2 1 0 0 0 0 0 0 0 0 0 0 0 0
12 22 24 29 43 36 49 33 58 49 28 50 35 14 40 23 19 7 3 0 1 1 0 1 1 2 5 21 2 2 5 3 13 11 17 17 14 13 6 4 53 56 21 39 30 38 62 66 82 87 80 51 50 63 38 46 29 62 75 63 66 24 41 33 21 75 86 59 39 11 6 8 28 16 9 7 9 10 3 2 1 1 1 1 1 0 0 0 0 0 0 0 0 0 0 0
2 3 7 39 57 44 73 75 76 75 61 59 35 49 66 51 25 12 20 6 3 2 2 2 3 8 20 5 5 5 4 13 27 13 19 27 24 20 16 15 14 26 23 24 17 35 68 44 68 80 88 57 48 45 55 51 10 51 67 64 63 43 28 26 13 60 74 75 44 33 5 2 19 31 11 2 2 2 4 1 1 1 1 1 1 0 0 0 0 0 0 0 0 0 0 0
6 9 13 56 61 70 72 63 58 80 84 62 71 72 71 57 35 38 29 20 9 2 5 9 20 52 44 8 3 6 8 13 9 17 11 21 22 28 33 20 13 14 14 11 28 34 52 45 15 64 79 84 44 33 42 20 16 12 38 45 78 70 16 18 32 40 41 68 21 29 19 3 4 16 11 6 3 2 3 3 1 1 0 0 0 0 0 0 0 0 0 0 0 0 0 0
3 5 5 5 6 9 28 36 38 15 42 77 88 82 76 45 40 65 38 27 36 5 7 4 4 6 40 54 11 4 9 12 13 28 23 16 25 26 38 23 31 42 34 26 20 11 54 56 42 29 55 74 59 28 12 11 28 9 16 40 38 35 22 16 18 26 15 63 16 20 13 14 2 6 7 9 5 4 3 2 2 1 0 0 0 0 0 0 0 0 0 0 0 0 0 0
1 3 7 23 24 31 68 32 32 24 30 20 62 82 86 67 62 66 35 40 19 37 13 28 20 7 4 7 13 7 3 12 20 40 14 16 12 20 35 32 27 28 21 23 36 33 31 11 34 61 34 43 11 14 7 19 15 23 16 17 36 43 28 18 8 8 8 38 44 9 4 8 7 2 3 3 5 2 1 1 1 1 1 0 0 0 0 0 0 0 0 0 0 0 0 0
2 5 3 3 12 9 18 23 19 32 17 6 16 42 65 78 77 32 9 11 13 40 25 40 25 20 13 5 5 12 7 51 38 17 54 28 28 31 35 23 30 45 54 40 47 31 37 21 20 17 59 37 30 19 13 9 17 20 12 15 28 45 28 14 11 8 12 27 46 23 6 3 9 5 2 1 1 2 2 1 0 0 0 0 0 0 0 0 0 0 0 0 0 0 0 0
6 1 3 8 17 22 13 14 18 27 34 23 45 20 19 27 39 24 15 25 49 12 19 33 62 62 10 13 7 49 22 24 56 45 65 27 71 34 26 25 29 32 30 41 34 36 35 24 22 22 19 29 18 19 21 16 11 17 7 3 8 12 19 16 17 10 8 12 17 18 9 9 10 4 5 1 1 2 2 1 1 0 0 0 0 0 0 0 0 0 0 0 0 0 0 0
23 6 19 7 9 17 15 24 35 40 26 28 11 32 44 28 35 27 15 29 9 35 31 22 10 25 28 40 39 8 16 42 38 16 28 28 15 54 22 30 32 40 20 27 18 19 18 26 28 27 13 7 26 31 20 26 14 11 10 9 5 7 20 8 7 6 4 6 9 16 3 4 3 2 2 1 1 0 1 1 1 0 0 0 0 0 0 0 0 0 0 0 0 0 0 0
40 29 3 4 18 8 33 59 19 17 33 28 26 52 18 34 18 16 12 9 17 28 25 27 22 13 18 23 12 20 8 44 23 39 37 53 12 23 43 16 23 38 31 40 38 15 20 24 18 25 9 15 4 10 9 31 9 12 9 14 8 8 3 2 2 1 0 1 3 3 2 1 3 2 1 2 2 1 1 0 0 0 0 0 0 0 0 0 0 0 0 0 0 0 0 0
41 30 62 14 12 33 6 6 40 44 14 39 18 44 18 36 34 21 19 32 39 47 30 14 26 28 20 26 51 52 38 9 9 15 37 26 24 7 48 37 35 27 13 18 34 29 19 11 18 23 14 4 25 14 9 27 14 5 8 3 3 5 3 2 1 0 0 0 1 3 2 1 1 2 1 2 1 1 2 1 0 0 0 0 0 0 0 0 0 0 0 0 0 0 0 0
21 40 52 36 7 5 34 14 4 12 28 20 9 15 32 24 16 10 16 22 35 35 65 45 33 31 28 26 59 68 42 27 12 26 42 35 51 23 7 51 26 38 35 29 16 15 20 25 19 19 7 3 6 3 2 9 6 5 4 2 2 4 2 2 2 1 0 0 0 1 2 1 2 2 2 3 3 1 0 1 0 0 0 0 0 0 0 0 0 0 0 0 0 0 0 0
45 37 68 45 57 22 7 56 15 23 53 18 35 27 15 40 15 14 16 15 13 28 48 43 34 39 35 32 46 71 74 50 24 20 61 52 54 35 15 27 67 26 23 55 33 33 23 28 24 11 5 2 2 3 2 2 5 3 2 1 1 1 2 3 1 1 0 0 0 0 0 1 1 0 0 1 1 1 1 0 0 0 0 0 0 0 0 0 0 0 0 0 0 0 0 0
51 41 35 57 32 39 44 15 63 35 50 66 47 54 37 19 20 17 24 49 21 40 63 54 36 37 38 28 18 23 66 56 39 28 25 60 40 29 22 14 20 51 16 15 17 19 20 28 38 18 23 6 4 3 2 1 2 1 1 4 1 1 1 1 0 0 0 0 0 0 0 0 0 0 0 0 0 0 0 0 0 0 0 0 0 0 0 0 0 0 0 0 0 0 0 0
20 62 52 64 51 59 66 54 31 24 15 11 21 15 18 47 34 22 41 13 58 25 67 75 37 41 43 27 16 7 14 42 60 38 14 40 49 21 46 35 25 14 39 40 21 20 32 20 25 11 23 8 3 2 2 1 1 1 1 2 2 1 0 0 0 0 0 0 0 0 0 0 0 0 0 0 0 0 0 0 0 0 0 0 0 0 0 0 0 0 0 0 0 0 0 0
16 18 7 29 33 6 11 7 32 24 46 45 45 49 21 24 47 44 40 36 27 21 59 82 61 52 48 47 27 8 8 9 50 33 37 33 53 19 46 50 34 15 12 37 26 32 23 18 21 7 2 2 4 3 3 2 1 0 0 0 1 0 0 0 0 0 0 0 0 0 0 0 0 0 0 0 0 0 0 0 0 0 0 0 0 0 0 0 0 0 0 0 0 0 0 0
14 25 20 10 11 23 17 16 18 41 24 41 31 16 26 43 21 16 26 44 25 72 43 66 72 52 60 51 51 23 10 12 8 24 35 38 46 21 46 28 34 34 23 18 32 20 18 30 19 12 7 3 3 2 1 1 1 0 0 0 0 0 0 0 0 0 0 0 0 0 0 0 0 0 0 0 0 0 0 0 0 0 0 0 0 0 0 0 0 0 0 0 0 0 0 0
30 23 25 15 24 41 26 17 31 32 17 25 26 11 26 45 30 35 20 23 61 44 32 28 74 48 20 16 16 11 13 6 14 6 12 18 78 57 29 41 28 14 23 25 14 25 14 13 28 23 16 6 3 1 1 1 0 0 0 0 1 1 0 0 0 0 0 0 0 0 0 0 0 0 0 0 0 0 0 0 0 0 0 0 0 0 0 0 0 0 0 0 0 0 0 0
17 12 13 11 5 14 14 18 11 8 29 24 26 9 19 31 21 30 40 70 44 30 40 58 76 66 30 23 22 25 21 22 8 12 14 8 6 8 24 24 17 30 11 22 17 27 26 13 27 13 16 12 5 2 1 0 0 0 0 1 1 2 2 1 0 0 0 0 0 0 0 0 0 0 0 0 0 0 0 0 0 0 0 0 0 0 0 0 0 0 0 0 0 0 0 0
9 5 11 5 13 10 12 8 4 4 7 11 15 21 17 21 17 34 33 23 26 28 15 8 16 16 13 19 41 42 24 48 35 13 9 7 8 7 6 19 15 30 22 10 27 16 21 16 13 5 7 6 3 2 1 1 0 1 1 2 3 3 2 2 1 0 1 1 0 0 0 0 0 0 0 0 0 0 0 0 0 0 0 0 0 0 0 0 0 0 0 0 0 0 0 0
11 6 10 2 6 5 13 22 43 43 36 4 8 17 18 9 16 33 52 36 43 17 27 19 14 18 46 26 30 39 52 37 23 23 25 5 3 4 7 11 9 15 21 22 21 19 11 8 16 6 4 3 2 1 1 2 1 3 4 3 5 4 3 2 1 1 1 2 2 1 1 0 0 0 0 0 0 0 0 0 0 0 0 0 0 0 0 0 0 0 0 0 0 0 0 0
2 3 2 2 12 15 5 25 59 65 46 49 25 9 18 28 24 38 40 19 12 17 36 27 24 26 39 19 9 26 23 15 7 14 23 13 5 5 10 6 4 7 7 7 11 11 10 5 9 5 2 1 2 2 4 4 4 5 7 7 3 6 6 4 6 2 2 2 2 2 0 0 0 0 0 0 0 0 0 0 0 0 0 0 0 0 0 0 0 0 0 0 0 0 0 0
2 4 11 12 16 13 27 23 7 22 53 49 47 58 63 53 77 43 34 40 12 8 33 20 24 34 20 18 11 11 24 24 23 18 24 12 8 18 21 7 3 16 8 11 7 3 10 4 3 2 2 3 5 9 10 11 7 6 5 7 5 10 11 14 10 6 4 3 3 2 1 1 1 1 0 0 0 0 0 0 0 0 0 0 0 0 0 0 0 0 0 0 0 0 0 0
6 1 1 6 29 32 45 74 65 36 44 72 63 46 73 56 82 81 77 54 26 44 7 9 9 9 30 33 34 45 14 52 50 24 8 12 4 14 14 8 20 10 9 7 8 5 6 4 3 3 6 7 17 26 26 15 20 9 12 11 7 16 15 17 11 8 5 4 4 3 2 1 0 0 0 0 0 0 0 0 0 0 0 0 0 0 0 0 0 0 0 0 0 0 0 0
10 11 29 6 5 26 49 67 72 34 29 77 40 37 73 50 47 25 43 57 17 29 20 17 11 18 25 33 32 53 24 15 14 34 20 18 7 27 13 12 16 21 17 15 16 23 19 13 3 13 24 22 27 39 43 36 14 8 29 17 13 18 18 12 16 16 2 9 7 3 2 1 1 0 0 0 1 0 0 0 0 0 0 0 0 0 0 0 0 0 0 0 0 0 0 0
33 12 21 48 27 13 13 23 26 67 22 69 45 45 66 31 13 21 34 22 17 8 23 13 20 33 33 16 11 34 23 15 7 6 8 7 21 25 11 8 37 38 20 43 33 16 14 7 6 20 39 36 40 69 33 26 22 11 45 18 16 21 31 32 18 13 9 11 4 2 2 1 1 1 1 0 1 0 0 0 0 0 0 0 0 0 0 0 0 0 0 0 0 0 0 0
61 57 21 50 56 72 64 36 13 15 45 76 65 24 69 29 31 22 34 23 12 9 31 14 30 26 28 24 21 16 10 12 14 20 23 15 30 6 11 21 38 37 47 49 27 11 6 11 24 19 35 57 69 37 25 33 32 18 56 24 47 17 36 17 15 37 16 6 10 3 1 2 4 3 1 0 0 1 0 0 0 0 0 0 0 0 0 0 0 0 0 0 0 0 0 0
53 68 68 59 61 82 67 85 59 10 35 67 10 24 49 45 33 14 48 8 9 8 18 10 43 29 16 13 13 4 3 13 22 15 34 12 39 9 29 27 55 56 64 27 23 14 13 30 42 38 37 61 60 38 45 59 46 28 66 58 31 38 31 37 51 29 19 13 6 2 3 13 4 0 1 1 0 0 0 0 0 0 0 0 0 0 0 0 0 0 0 0 0 0 0 0
54 76 76 81 76 73 81 82 69 38 33 32 40 13 50 37 27 18 12 8 8 10 27 14 21 19 17 34 26 24 27 27 17 8 12 24 55 25 31 40 67 65 47 26 15 26 28 58 67 49 41 64 50 36 50 71 33 56 59 55 59 25 35 67 61 33 21 10 11 10 6 5 2 2 1 0 0 0 0 0 0 0 0 0 0 0 0 0 0 0 0 0 0 0 0 1
10 69 82 67 78 32 60 72 71 69 59 66 46 12 52 73 44 17 21 14 7 16 24 15 12 17 28 8 12 13 5 12 9 25 53 35 54 25 26 42 66 45 23 11 25 48 44 48 75 56 61 64 33 56 71 63 30 56 41 69 56 61 67 55 40 21 23 9 4 1 1 1 0 0 0 0 0 0 0 0 0 0 0 0 0 0 0 0 0 0 0 0 0 0 0 1
25 24 49 20 10 11 18 15 20 10 14 28 59 17 10 50 61 44 33 28 14 12 8 10 28 8 16 17 43 38 8 19 23 27 65 66 75 40 27 53 47 22 14 30 55 55 49 51 76 55 65 76 66 60 77 62 63 37 61 66 43 64 48 17 7 7 4 6 10 7 6 3 4 1 0 0 0 0 0 0 0 0 0 0 0 0 0 0 0 0 0 0 0 0 1 1
26 24 10 14 25 50 54 20 25 5 11 12 7 3 14 8 11 19 9 7 5 26 13 16 7 29 24 32 18 28 27 46 39 40 65 74 57 49 43 58 29 27 27 49 60 58 67 44 65 75 69 83 87 71 65 82 81 63 80 76 73 79 55 58 33 26 22 15 6 1 2 1 1 1 1 1 0 0 0 0 0 0 0 0 0 0 0 0 0 0 0 0 0 0 0 2
43 45 33 32 50 57 61 47 19 15 26 17 20 15 14 20 15 6 6 8 11 32 13 14 28 32 15 59 51 39 51 59 50 54 66 40 25 40 23 55 42 34 34 49 63 69 73 63 70 78 69 80 77 76 31 44 76 82 81 64 23 16 34 25 50 23 14 21 4 2 1 1 1 1 0 0 0 0 0 0 0 0 0 0 0 0 0 0 0 0 0 0 0 0 1 1
28 7 34 41 53 46 52 31 9 18 17 23 47 37 16 18 7 12 10 11 3 7 46 31 19 6 12 32 43 34 34 45 62 38 65 25 39 28 10 53 40 40 51 63 62 77 79 65 82 87 65 45 46 35 22 21 56 66 52 31 37 24 22 29 18 13 10 4 7 4 3 1 1 1 0 0 0 0 0 0 0 0 0 0 0 0 0 0 1 0 0 0 0 1 1 1
