sesion_6_simulaciones/modelos_agentes/ejemplos_netlogo/scenarios/cgcm2_b2/rob_2019.asc
NCOLS 322 
NROWS 307 
XLLCORNER 451900 
YLLCORNER 4086900 
CELLSIZE 100 
NODATA_value -9999 
[rows 222 to 295 of 307, columns 96 to 191 of 322]
0 0 0 0 0 0 0 0 0 0 0 0 0 0 0 0 0 0 0 0 0 0 0 0 0 0 0 0 0 0 0 0 0 0 0 0 0 0 0 0 0 0 0 0 0 1 1 3 4 5 7 8 14 19 22 30 44 59 77 75 78 84 62 77 63 73 59 53 60 51 38 39 25 30 43 47 56 35 39 29 62 51 45 37 33 17 31 43 49 24 15 11 5 3 3 1
0 0 0 0 0 0 0 0 0 0 0 0 0 0 0 0 0 0 0 0 0 0 0 0 0 0 0 0 1 0 0 0 1 0 0 0 0 0 0 0 0 0 0 0 0 0 1 1 3 4 6 5 8 15 28 54 59 43 34 47 51 53 49 57 82 43 42 46 65 58 47 60 28 34 52 49 48 32 43 56 50 78 56 46 36 28 17 15 32 55 33 22 16 5 3 2
0 0 0 0 0 0 0 0 0 0 0 0 0 0 0 0 0 0 0 0 0 0 0 0 0 0 0 0 1 0 0 1 0 0 0 0 0 0 0 0 0 0 0 0 0 0 1 1 2 3 4 5 15 10 25 51 25 25 33 36 17 46 43 45 40 62 31 66 66 59 70 60 21 30 36 49 40 43 58 61 47 36 56 59 33 31 28 13 8 25 56 30 21 8 7 3
0 0 0 0 0 0 0 0 0 0 0 0 0 0 0 0 0 0 0 0 0 0 0 0 0 0 0 0 1 2 1 0 0 0 0 0 0 0 0 0 0 0 0 0 0 0 0 1 2 2 3 5 12 13 8 8 13 17 21 21 46 63 43 46 60 86 76 58 66 64 76 65 43 31 51 63 56 53 59 63 48 32 16 28 54 55 26 21 15 8 30 25 16 10 4 2
0 0 0 0 0 0 0 0 0 0 0 0 0 0 0 0 0 0 0 0 0 0 0 0 0 0 1 0 1 1 0 0 0 0 0 0 0 0 0 0 0 0 0 0 0 0 1 1 1 2 4 7 7 9 11 13 24 24 21 29 17 30 54 48 54 86 66 72 43 77 63 66 49 34 59 71 66 47 56 81 44 46 59 38 32 15 15 22 16 15 6 7 9 5 2 2
0 0 0 0 0 0 0 0 0 0 0 0 0 0 0 0 0 0 0 0 0 0 0 0 0 0 1 2 1 1 0 0 0 0 0 0 0 0 0 0 0 0 0 0 0 0 1 1 1 1 2 3 3 5 7 12 29 33 29 18 23 40 42 54 74 60 52 64 80 67 61 66 66 23 28 53 57 67 74 37 74 58 76 48 66 30 38 21 11 5 5 7 4 3 1 1
0 0 0 0 0 0 0 0 0 0 0 0 0 0 0 0 0 0 0 0 0 0 0 1 0 0 1 2 1 0 0 0 0 0 0 0 0 0 0 0 0 0 0 0 0 0 0 1 1 2 3 3 5 6 7 14 24 47 26 26 20 42 58 73 59 52 54 52 37 56 69 44 32 21 29 46 68 60 82 58 31 25 36 53 32 34 23 17 9 7 4 3 2 2 1 2
0 0 0 0 0 0 0 0 0 0 0 0 0 0 0 0 0 0 0 0 0 0 0 1 0 0 1 5 2 1 1 1 0 0 0 0 0 0 0 0 0 0 0 0 0 0 0 0 1 1 2 2 4 3 11 16 10 12 11 24 17 18 27 41 30 17 34 48 41 56 31 46 47 34 50 32 28 69 44 54 42 27 22 25 13 15 16 17 7 7 2 1 1 1 1 1
0 0 0 0 0 0 0 0 0 0 0 0 0 0 0 0 0 0 0 0 0 0 0 0 1 0 0 2 4 4 1 0 0 0 0 0 0 0 0 0 0 0 0 0 0 0 0 0 1 1 1 1 2 4 7 4 5 7 9 11 14 16 17 26 34 49 57 67 52 54 66 69 50 29 45 64 33 63 55 61 58 48 32 45 23 8 9 5 3 4 2 1 1 1 1 1
0 0 0 0 0 0 0 0 0 0 0 0 0 0 0 0 0 0 0 0 0 1 0 1 1 1 1 1 5 3 1 0 0 0 0 0 0 0 0 0 0 0 0 0 0 0 0 0 1 1 1 1 2 2 2 2 2 3 3 4 5 5 7 25 38 40 29 51 55 52 56 52 44 33 36 57 51 43 49 68 58 51 46 40 24 14 6 4 3 3 2 1 1 0 1 0
0 0 0 0 0 0 0 0 0 0 0 0 0 0 0 0 0 0 0 0 0 0 0 1 3 1 1 1 4 3 2 1 0 0 0 0 0 0 0 0 0 0 0 1 0 0 0 1 1 2 4 3 2 1 1 2 2 3 7 11 8 17 16 13 12 15 26 32 31 50 68 74 70 38 50 42 72 51 58 48 44 49 44 35 24 33 17 6 4 2 1 1 1 0 0 0
0 0 0 0 0 0 0 0 0 0 0 0 0 0 0 0 0 0 0 0 0 1 0 1 1 2 2 3 5 4 2 1 0 0 0 0 0 0 0 0 0 0 0 0 1 1 1 0 1 2 4 7 5 2 3 5 11 12 17 33 28 30 25 22 29 51 37 34 33 42 64 64 67 67 58 68 75 45 59 41 64 57 42 49 27 17 15 12 12 2 1 1 1 0 0 0
0 0 0 0 0 0 0 0 0 0 0 0 0 0 0 0 0 0 0 0 1 1 0 0 1 1 6 5 2 2 1 1 0 0 0 0 0 0 0 0 0 0 0 1 1 1 1 3 1 2 3 4 5 7 7 12 16 19 39 40 30 34 46 38 28 25 39 52 31 44 27 30 32 29 61 30 39 74 51 35 17 29 63 51 26 21 25 8 9 2 2 1 0 0 0 0
0 0 0 0 0 0 0 0 0 0 0 0 0 0 0 0 0 0 0 0 1 1 1 0 1 2 3 7 2 1 0 0 0 0 0 0 0 0 0 0 0 0 1 1 1 1 1 2 3 3 4 5 8 18 10 12 19 25 29 45 46 62 59 58 48 32 42 47 66 51 54 47 55 45 83 46 30 31 33 32 19 7 51 56 35 30 28 24 7 4 3 2 1 1 0 0
0 0 0 0 0 0 0 0 0 0 0 0 0 0 0 0 0 0 0 0 0 1 2 1 0 2 2 9 2 1 0 0 0 0 0 0 0 0 0 0 0 1 1 1 1 2 4 3 4 9 6 12 13 15 17 16 22 27 51 49 54 59 55 69 72 51 40 46 52 48 76 60 50 54 56 65 53 61 60 44 39 23 12 38 29 32 38 17 5 3 1 1 1 0 0 0
1 0 0 0 0 0 0 0 0 0 0 0 0 0 0 0 0 0 0 0 1 1 1 2 0 1 2 5 2 1 1 0 0 0 0 0 0 0 0 0 0 1 1 1 3 3 7 7 5 4 13 30 41 21 19 10 23 25 52 47 73 65 59 55 55 55 36 54 43 76 44 44 51 59 45 36 41 42 43 36 28 21 17 13 22 11 5 12 6 3 2 1 0 0 0 0
0 0 0 0 0 0 0 0 0 0 0 0 0 0 0 0 0 0 0 0 1 1 2 3 1 2 4 7 4 2 1 0 0 0 0 0 0 0 0 0 1 1 1 3 3 5 8 8 9 9 10 20 29 30 25 13 24 33 25 50 73 69 32 76 38 59 58 51 45 65 53 30 42 69 69 55 58 60 59 54 60 26 19 13 9 4 6 4 3 2 1 0 0 0 0 0
0 0 0 0 0 0 0 0 0 0 0 0 0 0 1 0 0 0 0 1 1 0 2 7 3 3 6 6 3 3 2 0 0 0 0 0 0 0 0 0 1 1 1 2 4 6 9 10 14 17 15 24 42 46 34 16 28 35 51 47 59 66 29 61 66 63 72 45 58 51 42 54 65 59 50 40 38 44 46 22 38 39 34 13 12 5 3 3 1 1 1 1 1 0 0 0
0 0 0 0 0 0 0 0 0 0 0 0 0 1 1 0 0 0 0 3 2 1 2 5 5 2 2 16 10 2 1 1 0 0 0 0 0 0 0 1 1 2 2 3 5 5 11 16 20 31 19 33 47 33 44 16 29 39 43 60 54 57 60 60 69 72 67 66 59 47 59 63 65 61 51 43 37 45 42 32 27 22 41 31 13 13 6 2 1 1 0 0 0 0 0 0
0 0 0 0 0 0 0 0 0 0 1 0 0 1 1 1 0 0 1 1 2 1 2 6 11 2 3 20 6 4 3 1 0 0 0 0 0 0 1 1 1 2 2 3 4 5 20 21 24 30 36 30 29 45 73 38 20 43 61 51 39 38 39 64 69 69 68 78 63 48 50 55 70 66 68 59 59 73 59 47 35 27 22 17 15 14 6 3 2 1 1 0 0 0 0 0
0 0 0 0 0 0 0 0 0 0 0 0 0 1 2 1 0 0 2 2 2 3 3 9 17 20 13 22 9 5 2 1 0 0 0 0 0 0 1 2 1 3 4 4 3 5 16 25 32 34 39 49 50 52 81 58 47 14 35 73 60 57 45 46 40 73 78 79 56 54 42 74 69 53 53 46 54 73 53 36 44 18 12 8 9 6 7 4 1 1 1 0 0 0 0 0
0 0 0 0 0 0 0 0 0 0 1 1 1 1 1 3 1 0 2 2 2 4 5 11 24 37 17 20 5 3 2 1 0 0 0 0 0 2 1 1 2 2 4 4 5 13 17 21 38 46 47 53 64 77 82 79 39 23 49 66 75 59 52 57 59 55 45 53 55 52 68 69 42 63 40 44 34 54 43 35 26 26 36 13 6 3 1 1 1 1 1 0 0 0 0 0
0 0 0 0 0 0 0 0 1 1 1 1 2 1 2 4 1 2 1 5 6 6 6 14 25 24 9 4 2 2 1 1 0 0 0 0 1 1 2 1 2 4 2 11 7 11 21 19 28 53 57 40 66 74 75 79 63 38 29 29 44 70 67 59 57 44 22 16 37 45 77 60 51 56 88 77 64 54 48 44 47 37 19 21 10 8 4 2 2 1 1 0 0 0 0 0
0 0 0 0 0 0 0 0 0 1 1 2 3 1 3 4 2 3 1 4 10 10 20 11 34 17 5 3 2 1 1 0 0 0 0 0 0 1 2 2 4 2 3 5 19 10 15 26 41 63 62 53 55 47 63 82 75 45 36 37 54 49 55 55 41 55 42 31 59 63 42 58 68 73 65 83 57 72 54 59 52 29 15 5 6 3 3 2 1 1 1 0 0 0 0 0
0 0 0 0 0 0 0 1 1 1 1 2 5 3 4 6 2 5 7 3 6 13 11 45 20 17 4 2 2 1 0 0 0 0 0 1 1 0 1 0 1 3 5 17 11 13 26 34 36 53 71 75 52 53 43 52 77 65 54 29 38 29 29 23 23 12 31 58 49 55 44 28 38 64 34 64 79 75 63 55 51 25 11 7 4 2 1 1 1 1 0 0 0 0 0 0
0 0 0 0 0 0 0 1 1 1 2 3 4 6 3 10 3 4 11 9 11 22 11 33 31 7 3 1 0 0 0 0 0 0 1 1 1 1 0 2 1 2 5 12 29 20 17 29 36 59 64 70 69 68 55 40 52 69 59 37 40 38 43 42 50 29 25 44 55 56 54 52 50 40 34 30 52 56 60 33 17 12 8 5 2 1 1 1 0 0 0 0 0 0 0 0
0 0 0 0 1 0 0 1 1 1 2 3 5 8 9 23 6 6 15 18 16 31 60 29 11 9 5 2 1 1 1 1 1 0 0 1 1 1 1 1 2 4 5 11 16 38 25 27 41 55 69 62 70 74 65 48 34 59 60 49 30 35 40 44 51 45 33 55 51 45 53 50 74 59 50 34 25 13 32 29 19 6 4 2 2 1 0 0 0 0 0 0 0 0 0 0
0 0 0 1 1 1 0 1 1 2 6 4 4 6 24 27 9 10 12 20 23 40 63 11 16 9 3 2 2 2 2 3 1 1 0 1 1 1 2 1 2 6 11 16 15 30 25 59 50 67 59 83 67 51 51 43 62 30 26 78 40 32 61 56 44 37 44 66 46 37 42 57 81 64 49 39 31 24 15 17 14 8 3 3 2 1 0 0 0 0 0 0 0 0 0 0
0 0 0 1 1 1 1 2 2 2 6 5 12 11 14 23 33 21 27 20 35 35 70 48 17 6 5 5 4 5 5 4 1 1 0 0 1 2 1 2 4 6 16 27 38 30 53 23 13 29 61 40 57 56 66 50 25 17 22 34 52 21 46 43 25 37 67 35 43 40 26 31 21 36 45 34 31 28 16 10 7 4 5 3 2 2 1 1 0 0 0 0 0 0 0 0
0 0 0 1 1 2 1 2 3 3 3 6 5 18 22 12 11 45 31 33 29 55 61 28 16 11 10 9 10 17 5 2 1 1 1 0 1 1 4 4 6 9 13 34 24 52 45 46 36 53 59 19 64 75 72 41 54 45 40 24 64 18 34 37 23 24 37 57 54 28 49 69 60 61 55 43 31 27 21 17 9 8 5 4 3 3 3 1 0 0 0 0 0 0 0 0
0 0 1 1 2 2 1 1 2 6 8 11 6 6 14 34 13 10 54 56 34 53 65 33 30 11 25 37 16 6 2 2 2 1 1 0 1 0 2 3 5 18 25 20 14 29 38 61 65 65 53 51 67 78 82 82 69 36 36 35 55 31 30 38 22 22 49 30 21 24 46 51 52 52 57 54 32 25 13 12 5 3 3 8 5 4 1 1 0 0 0 0 0 1 1 0
0 1 1 1 2 2 3 2 3 2 5 13 5 4 14 27 37 31 8 25 39 61 46 32 23 41 19 8 6 3 3 3 2 1 1 0 1 1 2 3 2 9 13 11 18 28 37 42 66 65 67 63 79 80 73 71 46 64 26 35 39 53 18 32 35 26 18 46 56 54 40 57 66 58 51 49 24 18 10 13 16 9 14 7 5 2 2 1 0 0 0 0 1 1 1 0
0 1 1 1 2 4 3 6 5 4 3 6 22 6 19 21 30 50 37 15 28 64 25 42 63 18 13 12 9 7 5 2 1 1 1 1 1 2 3 3 4 10 11 9 21 34 20 20 45 52 35 30 45 46 54 35 54 43 66 22 35 50 27 23 58 69 47 67 73 50 66 66 71 71 67 60 39 22 22 20 19 14 15 6 4 3 1 0 0 0 1 1 1 2 0 0
1 1 1 1 1 7 9 7 5 6 13 8 14 35 17 23 34 15 59 32 32 36 71 52 32 29 24 19 15 11 3 1 1 1 2 1 1 2 5 8 7 13 20 23 24 20 31 42 35 33 37 34 33 40 39 48 46 45 49 61 20 13 33 54 60 38 52 59 69 57 70 59 58 69 66 47 32 34 24 24 23 17 9 7 4 2 0 0 1 1 1 1 2 1 1 0
1 2 2 1 2 5 6 12 14 7 13 19 20 26 45 24 42 26 19 52 27 32 66 64 49 32 23 21 17 5 4 3 2 1 1 0 1 1 4 10 14 18 12 24 24 34 33 36 47 50 47 38 40 42 50 49 34 33 38 47 33 23 32 22 24 46 46 58 40 48 64 58 62 49 52 67 35 24 12 10 9 8 12 7 3 1 1 1 1 1 1 1 5 1 1 1
1 1 3 2 2 3 6 8 9 16 24 22 26 29 52 56 26 24 31 29 60 67 71 56 52 51 36 27 19 9 5 3 2 1 2 1 1 2 4 8 14 28 26 35 36 41 42 59 44 48 50 44 31 41 36 57 56 31 13 15 23 22 29 26 25 14 9 8 17 58 40 46 59 53 46 33 20 8 6 16 22 17 5 7 6 3 1 1 1 2 1 1 5 1 1 1
1 3 4 4 5 4 4 10 15 16 33 35 41 32 49 57 42 45 36 39 37 67 65 60 36 43 32 25 14 15 9 5 3 2 3 0 2 4 5 6 4 23 34 43 42 52 58 48 48 63 69 65 33 43 50 47 31 37 21 10 13 18 31 20 26 30 41 45 35 37 35 35 36 28 38 16 16 16 10 35 26 8 11 8 6 7 2 3 2 1 1 1 3 2 1 1
1 3 10 5 6 6 7 14 18 22 26 41 41 39 63 46 53 64 53 42 43 59 51 46 40 38 32 27 21 10 8 6 8 5 1 0 2 6 10 13 12 24 43 35 44 51 47 37 54 77 72 68 68 47 51 43 37 38 24 26 28 19 27 26 46 53 70 63 45 48 42 43 36 20 19 24 35 38 21 34 25 22 13 8 5 5 6 4 2 2 1 0 2 3 0 1
2 2 7 11 8 9 8 17 24 27 27 31 50 56 64 61 51 71 54 39 47 80 55 67 42 43 41 38 24 13 14 12 7 3 2 1 1 4 16 28 26 34 34 55 48 52 49 40 50 45 44 43 58 55 31 27 30 29 26 33 38 23 25 37 50 59 53 48 52 31 43 27 16 21 22 53 38 47 47 11 23 16 20 16 8 6 12 6 2 3 1 1 3 2 1 1
3 3 6 16 17 12 16 22 25 29 40 30 48 59 65 55 54 45 57 41 49 63 64 71 53 43 32 28 27 17 25 10 6 3 3 2 2 6 12 21 46 55 53 41 59 39 41 56 47 38 38 44 50 47 71 50 25 26 28 35 27 27 28 27 30 28 39 55 36 23 22 33 34 46 41 60 53 50 29 35 24 12 23 15 9 11 10 5 5 2 1 2 7 2 1 2
5 14 11 13 21 13 12 25 29 30 44 34 17 25 69 74 72 55 51 68 47 78 78 48 53 52 23 27 20 24 17 14 8 3 3 2 3 10 14 21 23 42 47 59 57 59 39 60 67 42 55 61 60 57 60 35 36 23 35 20 18 21 33 38 41 32 50 20 28 12 35 50 63 38 49 63 35 39 47 33 6 12 24 22 22 13 7 3 5 4 2 2 5 4 3 3
6 9 21 23 26 17 16 30 31 34 37 46 40 40 50 72 68 37 47 72 47 78 64 65 56 32 14 32 21 26 30 16 15 6 4 3 4 12 16 30 47 40 33 60 41 47 56 46 63 61 73 69 66 60 55 36 37 20 21 32 16 18 36 43 20 44 27 26 55 49 64 50 48 62 51 29 43 60 24 9 9 28 40 25 19 18 6 5 4 3 5 3 3 9 4 4
12 17 21 30 29 23 30 34 37 38 24 42 42 53 54 63 68 71 76 78 76 74 63 63 49 48 39 39 42 23 30 29 14 8 9 3 4 14 33 35 44 45 49 55 57 51 55 33 55 57 65 60 57 51 57 46 58 39 31 22 19 30 10 31 24 31 34 52 47 43 37 54 73 75 55 42 67 43 36 26 25 25 9 12 21 18 8 6 4 8 7 4 3 22 7 9
14 20 18 23 8 19 45 29 42 47 41 40 53 57 50 64 53 77 75 80 70 66 74 55 47 54 62 59 27 37 25 28 23 10 8 3 4 18 21 37 39 38 62 58 58 51 38 70 54 79 55 62 48 65 55 69 46 47 41 16 14 29 46 49 16 28 42 60 60 40 36 66 82 75 50 70 59 34 38 69 55 17 21 28 16 10 10 4 6 8 9 5 8 29 19 14
16 12 7 4 5 9 44 31 19 24 40 30 33 51 73 72 46 47 75 67 72 71 75 73 34 50 67 40 34 32 23 38 29 21 7 1 3 12 18 41 37 40 50 66 73 71 45 34 16 20 61 70 42 56 57 67 61 43 30 19 20 34 34 46 38 38 43 38 59 46 52 74 81 52 59 72 58 14 52 46 30 41 51 32 18 13 9 3 11 12 12 8 17 57 24 11
20 21 18 19 17 13 25 48 16 20 20 45 35 44 69 64 74 50 61 77 68 80 80 76 57 36 54 55 46 27 49 31 28 16 7 3 3 6 22 47 22 41 64 70 69 55 54 54 50 47 39 48 70 49 29 32 31 23 25 9 15 20 13 21 36 26 37 21 32 39 71 62 64 73 52 44 27 27 45 35 36 52 42 21 12 4 3 4 9 13 13 11 24 39 26 8
33 24 30 30 18 23 23 27 33 33 30 62 42 48 45 55 74 79 72 86 83 75 76 57 32 44 52 47 40 44 45 33 17 15 16 6 5 3 13 26 10 24 36 39 44 45 48 41 72 68 56 52 46 36 41 31 22 44 8 5 3 15 19 21 49 49 27 17 58 60 35 48 32 51 43 30 16 59 47 59 40 32 18 14 14 6 5 10 11 16 16 21 26 44 10 9
20 23 30 28 33 22 20 36 56 60 28 26 57 58 33 35 31 51 80 79 54 45 48 53 58 21 51 50 33 62 39 30 28 17 17 8 11 4 9 25 38 20 31 42 30 41 21 13 28 39 30 70 66 60 36 8 5 5 10 7 6 16 10 35 41 52 24 59 54 38 43 41 46 45 22 33 56 63 65 38 35 30 29 28 14 8 6 12 19 22 21 17 36 46 33 12
23 42 33 35 36 38 28 45 61 49 50 35 25 47 61 37 61 50 38 70 52 63 63 64 53 42 54 36 37 62 44 38 23 11 15 8 11 6 3 13 25 52 50 37 33 46 49 27 37 50 59 63 47 49 48 35 25 20 13 5 6 7 21 27 32 27 47 65 67 61 43 40 28 19 54 55 49 58 52 34 25 29 30 17 13 12 8 18 24 16 27 20 12 25 44 20
30 32 31 27 35 55 31 45 49 58 52 45 58 42 27 60 62 50 46 72 72 32 32 47 43 64 57 68 40 37 50 32 21 32 14 7 11 14 5 16 30 53 65 30 35 60 47 22 42 47 32 50 39 51 46 29 29 24 16 16 12 11 4 26 31 38 50 23 25 23 34 22 51 58 40 43 38 34 32 24 17 23 24 23 19 10 11 14 31 20 31 23 25 20 38 26
28 31 49 36 44 53 24 41 54 62 60 51 52 59 70 55 73 83 67 66 63 43 52 56 61 78 70 73 46 45 43 39 39 16 11 7 7 26 10 9 21 38 33 43 51 59 17 11 65 84 43 49 49 31 26 20 34 21 12 5 9 8 10 19 21 18 17 29 42 49 50 52 31 36 29 17 23 39 30 25 35 46 24 21 23 11 19 22 37 22 28 8 4 12 29 51
31 37 54 51 44 44 24 39 59 65 64 52 44 42 60 76 54 50 72 70 45 37 54 46 72 66 80 61 56 68 58 46 22 19 7 2 3 29 12 11 12 27 29 30 45 47 4 24 39 46 63 56 42 18 13 10 9 8 10 6 4 13 4 4 7 5 11 32 61 76 71 67 38 27 21 29 64 49 35 35 48 33 29 35 9 14 24 30 17 14 6 6 17 22 25 40
37 24 28 54 45 57 46 21 54 58 66 55 58 45 56 46 74 52 40 55 38 58 57 57 54 74 63 73 71 75 56 51 34 24 16 2 13 29 10 12 20 11 23 32 35 33 10 26 25 31 42 35 52 48 43 20 12 15 15 12 6 18 3 4 4 15 36 65 44 49 54 29 19 26 43 54 55 39 31 62 49 39 41 15 15 29 47 16 5 5 10 24 20 53 44 45
35 11 33 52 60 56 56 38 25 49 64 43 56 55 63 66 61 59 54 57 30 65 86 63 58 63 46 52 56 58 55 51 27 15 14 8 15 14 21 14 25 25 25 32 44 40 29 23 21 26 26 44 31 42 34 19 12 13 17 24 11 11 10 5 12 41 24 43 46 30 51 42 36 56 52 56 55 50 50 63 45 29 16 11 32 37 10 4 7 14 17 38 45 51 58 51
32 18 20 14 45 57 67 45 11 28 53 42 57 48 75 70 61 31 43 55 42 70 70 60 57 31 62 66 63 55 54 36 35 29 15 14 15 10 18 12 5 21 21 36 36 44 54 68 56 49 41 59 47 27 17 8 18 10 13 22 18 6 3 10 34 40 18 33 25 30 36 60 66 75 45 37 63 60 47 38 25 31 9 24 26 11 3 13 16 28 33 38 46 61 65 56
48 32 39 12 46 65 64 42 15 10 13 44 61 42 44 61 45 59 61 64 58 37 63 68 51 45 67 70 58 50 37 32 39 29 27 27 26 8 22 17 8 9 17 26 33 28 25 24 25 24 20 39 20 15 20 42 36 19 13 6 5 2 10 22 19 25 19 21 39 20 36 64 67 63 53 52 66 64 55 43 27 14 22 23 12 4 11 29 29 30 39 37 49 49 56 57
59 29 44 16 19 55 43 25 18 17 20 23 35 71 60 55 55 51 50 65 56 66 75 58 56 70 47 59 62 52 35 39 29 20 33 31 18 17 15 25 18 11 16 19 26 26 41 33 28 43 52 40 22 21 6 28 29 21 15 18 15 15 5 17 21 12 12 23 24 33 45 59 63 64 51 46 43 44 59 23 13 13 22 7 8 25 30 32 35 36 39 36 29 27 39 60
50 30 43 24 15 54 46 51 39 40 27 29 43 56 67 72 75 70 58 50 52 55 62 69 76 66 73 73 58 40 41 40 24 20 52 33 20 23 17 8 9 14 14 29 29 31 39 31 46 36 42 25 42 25 9 17 53 27 13 15 15 4 4 4 9 23 10 21 33 32 35 53 65 58 57 27 39 58 45 36 34 15 6 12 17 22 21 45 49 36 44 42 39 28 38 18
40 34 49 37 28 34 26 55 33 33 39 31 45 42 38 52 57 62 61 63 71 46 55 81 74 74 60 48 54 48 46 42 40 24 42 34 33 20 33 11 27 29 11 16 33 46 49 39 44 52 33 21 42 17 18 30 35 21 17 14 11 4 5 6 24 22 46 44 18 17 49 39 31 44 39 31 53 64 68 38 19 10 5 14 9 43 37 37 44 50 67 65 40 38 42 20
55 36 51 39 25 22 16 41 51 41 42 44 42 42 37 55 49 51 31 41 63 44 70 77 76 55 61 61 54 46 42 42 38 43 48 37 47 62 23 17 19 21 23 17 42 29 38 40 37 35 51 45 26 21 33 33 51 18 18 14 10 5 4 5 10 15 56 47 23 28 37 34 51 50 29 71 64 43 39 33 15 5 10 27 23 31 49 33 49 60 59 64 38 33 39 21
58 40 66 42 21 24 40 27 65 38 57 56 39 28 38 34 33 48 40 42 25 68 56 55 54 50 62 54 41 46 46 26 39 44 32 57 33 62 37 19 35 17 36 23 32 51 42 40 33 44 47 31 24 39 32 34 26 25 14 23 13 9 5 3 8 27 43 37 35 46 30 24 40 42 70 60 33 28 33 35 19 12 15 32 55 40 41 58 58 54 55 45 39 31 36 20
56 40 69 44 21 19 67 46 47 41 43 57 37 44 41 40 40 49 46 39 19 34 19 24 39 41 69 69 63 45 31 27 41 60 47 24 46 43 35 21 33 10 31 13 22 40 56 43 38 51 36 51 25 28 43 41 41 20 23 30 9 2 2 6 6 8 17 41 55 39 34 46 62 72 56 31 27 58 37 24 19 15 35 24 53 57 40 54 55 53 49 34 51 36 30 15
64 41 58 28 21 30 42 46 38 69 62 47 51 40 41 42 54 47 52 52 19 28 33 61 64 64 57 56 53 41 26 27 58 46 45 42 63 36 27 22 34 10 28 23 27 34 61 50 36 48 54 49 29 16 37 40 30 12 14 12 18 5 4 9 8 7 12 33 28 32 35 51 48 36 39 31 29 45 26 10 11 22 46 47 49 54 25 43 68 66 45 33 53 21 29 25
67 44 60 30 23 30 29 69 44 68 76 71 46 32 31 42 70 58 22 41 14 34 36 49 32 37 34 53 31 27 42 31 73 58 56 51 53 28 20 46 23 19 20 54 54 41 47 46 59 51 44 42 43 34 35 25 38 27 18 8 6 3 7 9 9 11 9 15 41 33 33 25 36 30 46 40 41 45 36 14 11 40 49 55 54 52 25 40 58 59 31 32 30 36 39 37
78 65 28 45 25 25 49 69 54 44 69 65 70 26 53 72 53 57 43 34 25 23 32 25 28 33 58 38 47 43 41 49 17 34 18 38 30 23 14 44 21 17 5 20 73 49 38 56 58 48 48 43 39 27 53 54 47 35 16 11 6 5 8 4 6 13 10 19 38 18 36 36 39 31 43 49 31 45 34 23 21 47 41 37 48 37 46 45 36 45 58 37 30 52 42 34
64 36 33 42 28 23 66 66 69 40 27 51 75 23 41 39 36 50 37 37 14 12 37 51 52 43 32 52 51 29 62 29 43 29 48 39 27 33 19 35 16 30 13 13 47 65 49 51 61 59 53 51 37 43 31 25 37 18 20 17 6 3 7 4 8 12 11 20 31 35 55 60 58 42 44 57 13 55 35 33 32 31 41 25 35 30 49 62 46 34 53 39 35 40 49 42
60 41 22 51 41 35 51 16 44 67 25 34 66 55 24 44 41 40 21 23 30 48 66 40 41 38 48 62 43 38 38 51 60 73 54 40 58 29 34 39 19 19 20 21 34 47 38 75 55 51 44 51 57 44 18 24 35 31 19 15 13 6 5 3 5 7 11 13 18 30 40 40 51 61 40 19 33 56 47 25 22 28 53 25 40 48 54 40 55 42 28 47 52 42 30 38
63 23 38 52 35 34 44 13 13 16 41 69 43 62 34 41 28 27 16 32 29 23 27 42 36 36 37 48 50 58 36 44 60 42 29 56 30 22 41 27 37 39 30 30 32 47 39 43 63 35 30 26 46 55 29 22 24 18 14 15 9 5 5 2 3 7 14 17 23 36 29 43 44 25 31 31 44 32 20 12 17 45 45 50 35 44 48 39 35 43 47 33 27 49 20 21
70 25 38 56 35 52 50 29 13 14 32 59 77 74 40 31 43 36 40 13 15 20 41 50 27 22 47 69 44 37 30 57 28 41 64 19 24 34 43 25 44 38 29 48 50 63 57 36 41 48 30 31 49 54 45 35 21 9 6 4 4 7 4 2 2 8 14 22 21 40 39 57 44 26 11 34 51 18 22 22 27 40 49 46 31 43 38 38 21 51 36 59 35 19 12 10
56 31 38 61 26 50 63 46 25 24 14 35 36 57 69 28 33 34 25 34 30 23 21 21 9 26 60 60 58 23 60 20 23 59 43 26 38 43 55 37 13 52 47 49 66 60 55 26 40 64 58 27 18 28 44 46 16 16 8 4 2 7 9 6 5 32 49 28 13 19 47 47 35 21 13 43 40 30 26 22 26 38 41 47 41 32 18 41 30 47 42 19 43 16 19 28
52 32 34 58 23 49 54 24 22 26 36 30 24 25 35 45 18 25 22 10 14 11 14 10 17 29 80 45 47 26 62 44 19 64 36 25 41 60 50 33 23 49 56 62 37 59 48 47 31 31 42 53 26 18 24 43 23 13 5 5 3 5 7 6 23 33 34 47 47 49 51 52 39 11 19 44 30 18 19 24 32 28 47 23 31 28 19 24 33 23 42 17 17 40 33 24
73 44 64 42 18 62 36 22 31 24 49 25 43 27 26 30 17 6 12 12 30 47 19 9 13 23 52 35 20 52 40 31 51 47 45 23 38 62 65 37 26 43 45 65 65 56 38 45 45 24 23 24 37 29 17 6 18 7 9 4 6 7 7 28 49 59 72 62 67 77 57 52 32 8 45 57 21 18 20 32 29 33 46 28 46 44 12 22 32 23 24 12 16 13 16 29
75 59 15 20 19 45 22 27 39 42 38 43 40 40 15 24 13 6 17 18 27 23 7 17 13 33 37 22 52 20 36 60 50 32 33 46 51 72 64 34 32 52 46 55 53 41 52 61 42 42 37 21 35 34 22 9 7 8 7 4 7 7 15 24 23 17 55 64 68 75 72 48 11 33 49 62 30 5 15 51 29 52 29 41 30 56 12 31 37 22 28 11 41 12 25 10
70 25 19 28 29 31 9 25 33 44 25 52 63 32 19 13 14 2 10 6 22 21 5 13 14 55 12 47 54 19 64 56 29 24 50 47 26 74 61 21 33 43 39 48 60 51 46 48 35 27 38 19 14 31 18 9 5 3 6 5 11 14 25 33 38 29 50 71 74 61 61 12 24 42 58 65 46 15 32 37 31 33 33 40 39 47 9 15 35 27 37 20 19 13 12 15
