sesion_6_simulaciones/modelos_agentes/ejemplos_netlogo/scenarios/cgcm2_b2/rob_2033.asc
NCOLS 322 
NROWS 307 
XLLCORNER 451900 
YLLCORNER 4086900 
CELLSIZE 100 
NODATA_value -9999 
[rows 222 to 295 of 307, columns 0 to 95 of 322]
17 24 37 54 46 31 44 33 7 21 24 27 50 21 19 11 10 5 5 7 18 28 31 38 29 26 20 36 53 30 19 47 60 31 57 47 29 30 38 64 35 34 50 63 58 76 53 60 64 83 82 55 40 37 32 17 21 35 20 24 27 14 9 22 12 13 6 6 4 2 2 1 1 0 0 0 0 0 0 0 0 0 0 0 0 0 0 1 1 1 0 0 1 2 4 2
40 48 34 24 26 35 35 45 26 12 14 30 33 16 8 9 11 21 26 25 29 42 26 65 46 44 35 35 35 47 30 43 34 40 65 19 23 32 39 65 63 53 47 70 31 20 33 20 22 64 72 54 49 30 22 22 12 13 21 21 16 24 9 11 16 5 4 5 5 2 1 1 0 0 0 0 0 0 0 0 0 0 0 0 0 0 0 1 2 2 1 1 2 3 0 0
41 61 66 76 56 52 44 45 30 37 44 59 26 18 18 26 23 42 21 23 64 18 36 41 42 32 25 59 44 39 38 44 36 56 38 27 37 48 42 62 59 60 58 86 80 69 57 56 49 24 31 42 26 22 14 13 12 16 14 13 13 13 7 21 20 7 4 2 2 1 1 1 0 0 0 0 0 0 0 0 0 0 0 0 0 0 0 1 4 3 1 2 3 2 0 0
45 59 51 63 63 67 36 26 19 53 56 40 25 18 22 27 9 5 3 41 22 33 62 46 32 46 37 44 37 26 36 36 54 17 18 46 35 60 41 66 61 70 74 56 59 74 60 69 70 44 23 23 14 20 9 9 9 16 10 8 10 5 3 3 4 3 1 2 1 0 0 0 0 0 0 0 0 0 0 0 0 0 0 0 0 1 2 2 8 7 6 6 2 1 0 0
14 25 30 22 33 77 53 10 35 44 57 25 39 34 7 5 3 2 16 50 17 44 59 63 44 42 30 13 33 24 38 63 50 26 38 44 65 73 52 59 76 81 77 49 61 64 66 35 63 75 28 19 7 10 9 13 9 6 6 3 2 2 2 1 1 2 2 1 1 0 0 0 0 0 0 0 0 0 0 0 0 0 0 0 0 1 5 8 10 14 6 2 1 1 0 0
42 27 31 31 35 32 16 20 20 29 49 54 55 14 4 3 18 29 49 65 33 36 55 76 63 32 46 21 27 42 18 41 71 33 25 30 53 53 82 88 60 52 38 71 47 51 70 50 36 14 26 29 24 18 16 14 12 6 4 3 2 1 1 1 1 1 1 0 0 0 0 0 0 0 0 0 0 0 0 0 0 0 0 1 0 1 5 21 12 1 1 0 0 1 0 0
42 33 28 48 33 33 37 34 23 47 42 36 28 12 20 44 50 55 58 73 32 46 51 68 19 18 46 14 34 49 18 18 40 44 29 53 41 28 68 81 69 45 62 42 82 58 36 37 33 27 19 35 31 26 24 15 6 5 2 1 1 0 0 0 1 0 0 0 0 0 0 0 0 0 0 0 0 0 0 0 0 0 0 1 1 3 4 23 6 1 1 1 0 1 0 0
13 25 48 29 26 27 45 43 39 41 37 54 35 39 37 57 50 32 64 63 34 39 37 38 18 53 20 6 35 38 18 27 28 39 67 78 61 44 27 45 54 34 26 20 38 77 56 35 29 26 19 20 18 25 25 21 6 4 1 1 0 0 0 1 1 1 0 0 0 0 0 0 0 0 0 0 0 0 0 0 1 1 1 1 4 6 9 11 3 2 2 2 1 1 0 0
49 38 34 37 44 37 57 40 48 40 28 44 30 55 37 55 55 44 45 68 17 30 30 23 35 10 21 24 23 36 13 29 18 32 33 58 50 69 38 15 37 57 44 47 59 27 33 23 16 16 11 10 18 15 11 9 9 5 3 1 1 1 0 0 1 0 0 0 0 0 0 0 0 0 0 0 0 0 0 0 1 1 2 2 2 15 36 10 4 4 5 3 1 0 0 0
25 46 45 52 31 32 42 71 25 44 29 24 39 43 31 55 54 40 33 47 27 25 23 38 22 17 19 18 16 21 11 21 55 43 29 20 62 36 43 35 16 27 68 74 76 48 20 12 24 24 20 7 10 14 8 8 5 1 1 2 1 1 0 0 0 0 0 0 0 0 0 0 0 0 0 0 0 1 1 2 3 3 4 1 1 8 27 6 3 9 6 2 1 1 0 0
20 22 43 47 35 40 37 55 30 29 30 31 26 43 30 36 63 22 22 31 14 20 5 22 16 19 11 8 17 13 18 28 35 63 40 40 26 31 40 16 28 22 20 33 33 22 19 12 21 13 18 9 8 6 5 9 3 1 0 0 0 0 0 0 0 0 0 0 0 0 0 0 0 0 0 0 0 1 2 4 8 11 6 3 2 4 9 8 10 6 2 1 0 0 0 0
12 12 42 27 26 57 49 34 44 30 46 43 31 50 37 27 34 16 20 17 20 7 6 4 12 13 5 9 17 12 12 18 16 16 12 24 14 17 19 11 24 37 60 33 30 13 13 5 7 6 9 6 6 6 6 3 2 1 0 0 0 1 0 0 0 0 0 0 0 0 0 0 0 0 0 0 1 3 3 9 22 16 10 10 4 7 26 26 13 4 2 1 1 1 1 0
16 9 8 24 22 41 56 51 60 24 34 50 14 28 17 25 51 11 16 18 19 20 4 6 14 7 3 21 31 41 41 11 29 22 40 40 39 41 32 40 52 55 57 61 56 50 41 16 17 26 13 6 4 3 2 2 1 0 0 0 0 1 1 1 0 0 0 0 0 0 0 0 0 0 1 0 1 3 5 11 12 29 18 21 14 40 20 18 8 8 5 4 2 1 1 0
2 4 15 19 23 28 27 38 20 36 45 29 6 9 7 8 35 6 5 7 2 9 6 9 5 6 4 12 32 22 64 70 62 53 72 54 57 39 40 41 51 60 57 74 43 23 17 4 10 17 22 12 5 2 2 2 1 1 3 1 1 1 0 0 0 0 0 0 0 0 0 0 1 0 1 0 1 2 7 16 35 23 31 26 45 26 26 20 6 5 13 7 4 1 1 1
1 7 3 4 7 20 26 23 17 20 18 26 6 17 4 15 7 4 4 3 3 2 4 3 8 7 25 25 35 20 30 56 81 61 72 89 87 73 72 62 29 66 72 65 75 57 49 25 19 18 13 9 9 3 3 5 6 2 1 1 1 1 1 0 0 0 0 0 0 0 0 0 1 2 2 1 1 1 3 6 32 50 44 17 16 60 23 23 17 17 7 6 4 2 1 1
1 3 1 4 6 16 12 27 29 23 9 3 7 1 5 8 3 41 3 11 38 25 13 5 5 3 5 11 12 22 23 24 29 74 60 82 86 81 81 72 67 36 75 75 76 51 54 30 18 15 6 5 2 2 1 1 1 1 1 1 0 0 0 0 0 0 0 0 0 0 0 1 1 2 3 1 2 3 3 7 24 50 38 13 44 41 26 42 36 15 13 8 6 3 4 3
1 1 5 9 19 5 12 24 21 18 8 4 3 1 3 2 1 0 18 17 19 37 32 11 5 3 10 13 12 24 20 29 33 28 21 55 87 62 79 49 60 56 53 63 62 49 24 12 29 21 12 8 8 6 3 1 1 1 1 1 0 0 0 0 0 0 0 0 0 0 0 1 1 3 9 4 3 4 9 18 37 55 26 25 43 14 6 10 14 5 4 8 4 4 2 1
1 1 3 1 4 6 7 9 9 6 6 3 2 1 1 2 2 2 2 10 8 3 43 29 6 2 10 21 20 27 25 18 30 38 22 26 59 71 67 63 62 51 56 40 43 51 41 17 6 17 12 11 7 8 5 2 1 0 0 0 0 0 0 0 0 0 0 0 0 0 0 1 2 3 7 11 5 4 8 34 43 71 27 31 55 18 14 10 6 3 3 4 4 2 0 0
0 0 0 2 1 2 3 3 8 8 4 2 1 1 1 1 2 5 8 18 5 5 5 29 30 5 16 41 38 36 44 33 39 49 40 29 25 60 44 45 25 31 20 29 26 22 5 21 10 8 9 5 4 4 4 3 2 1 1 1 0 0 0 0 0 0 0 0 0 1 1 1 2 3 4 15 23 9 27 28 63 59 52 68 22 22 20 15 16 13 6 6 4 2 1 0
0 0 1 1 1 1 2 2 2 5 1 1 2 2 2 1 4 10 14 7 3 2 5 44 22 17 20 16 7 17 25 28 40 39 40 44 23 20 21 16 28 16 7 8 12 16 12 14 6 4 6 5 3 2 2 2 1 1 1 0 0 0 0 0 0 0 0 0 1 1 1 2 3 2 4 6 43 10 15 49 67 48 57 61 50 36 22 41 29 6 5 3 2 0 0 0
0 0 0 0 1 0 1 1 2 2 2 1 1 1 3 3 3 7 14 14 7 5 4 9 11 10 13 35 10 38 48 33 29 39 36 48 43 23 15 8 8 13 16 14 18 17 9 4 5 6 4 3 2 2 2 2 1 0 0 0 0 0 0 0 0 0 0 1 1 1 2 1 1 4 18 16 45 26 32 58 69 65 45 52 33 17 15 31 19 10 3 2 1 0 0 0
0 0 0 0 0 0 0 2 1 0 0 1 10 14 26 15 6 2 2 5 10 10 6 21 37 30 25 28 26 30 44 45 45 46 42 52 48 62 40 15 16 9 9 7 7 5 6 3 2 3 2 3 3 2 1 1 0 0 0 0 0 0 0 0 0 0 1 1 1 1 2 2 1 5 15 14 39 61 41 62 65 66 63 54 33 39 21 22 17 9 4 3 1 1 0 0
0 0 0 0 0 0 0 1 0 0 0 2 0 1 5 33 8 3 3 3 10 7 10 15 6 17 35 58 55 54 44 53 55 61 58 51 52 57 64 54 23 15 13 14 13 7 3 4 6 3 5 5 2 1 1 1 1 1 0 0 0 0 0 0 0 0 1 2 3 4 3 3 3 7 32 15 9 51 83 60 66 67 56 44 30 17 5 11 14 8 3 1 1 1 1 1
0 0 0 0 0 0 0 0 0 3 7 5 2 2 4 2 2 1 4 7 6 21 12 12 27 22 9 21 29 62 66 63 71 77 64 48 63 72 72 56 27 24 18 23 19 17 7 14 6 3 1 1 1 1 0 1 0 0 0 0 0 0 0 0 0 1 1 3 5 7 6 9 6 11 30 41 14 45 65 57 53 36 22 12 13 19 7 8 7 4 2 2 1 1 1 1
0 0 0 0 0 0 0 0 1 1 0 0 2 7 4 3 4 6 3 9 19 10 11 22 15 34 18 6 6 49 37 71 85 68 67 67 52 58 66 62 47 50 33 18 24 26 10 10 6 3 2 2 1 1 1 0 0 0 1 0 0 0 0 0 1 1 1 4 5 12 10 18 7 10 29 50 47 35 67 39 26 16 22 14 10 4 3 5 10 7 2 2 2 2 1 0
0 0 0 0 0 0 0 0 0 1 0 0 1 2 1 1 5 15 4 12 7 11 14 17 15 31 28 17 14 10 16 12 54 58 53 49 38 56 47 29 24 15 13 9 13 23 9 7 5 4 3 2 1 0 0 1 1 1 0 0 0 0 0 0 1 1 4 4 5 9 28 17 21 9 14 46 47 72 42 27 33 20 18 16 17 6 8 8 6 2 2 3 4 2 1 0
0 0 0 0 0 0 1 0 0 0 1 8 2 1 1 5 5 10 12 4 3 7 5 11 17 15 26 25 40 42 23 36 39 27 14 26 33 38 23 26 12 12 5 7 8 7 6 7 3 3 2 2 2 1 0 0 1 1 1 0 0 0 0 0 0 1 1 2 2 4 12 35 47 12 9 35 28 64 29 39 22 19 11 17 16 12 11 3 6 4 5 6 2 1 1 0
0 0 0 0 0 0 0 0 0 0 2 7 2 1 4 6 17 8 11 5 5 7 8 14 22 28 52 48 24 19 15 18 39 44 31 24 41 44 36 28 28 21 31 22 10 8 8 8 6 3 1 1 1 1 1 1 1 0 0 0 0 0 0 0 1 1 2 5 4 2 6 11 28 37 21 25 62 49 41 29 15 25 21 13 6 12 12 8 11 12 4 4 1 1 1 1
0 0 1 0 0 0 0 0 0 0 1 0 2 2 3 7 16 4 12 5 8 8 10 15 59 68 59 29 51 59 52 31 50 48 41 37 45 58 43 37 45 30 19 17 13 12 16 17 6 4 4 2 4 3 2 1 0 0 0 0 0 0 0 0 1 2 5 8 9 5 4 6 19 41 53 31 70 50 49 50 39 22 27 28 20 15 24 14 9 12 10 3 3 1 1 1
0 0 0 0 0 0 0 0 0 1 2 3 4 2 7 8 23 12 4 11 8 19 18 29 48 70 72 50 26 37 41 36 25 28 37 29 30 39 35 56 60 32 33 28 34 25 19 17 9 6 6 6 3 2 2 1 1 0 0 0 0 0 0 1 2 4 11 11 6 7 7 12 16 17 16 66 69 50 40 39 26 30 44 33 31 35 27 30 17 12 4 2 2 1 1 0
0 0 0 0 0 0 0 0 2 9 19 4 1 4 8 4 6 5 3 7 13 16 24 58 43 26 52 51 41 56 61 48 26 17 21 21 35 43 52 48 34 34 59 50 50 36 17 8 6 5 2 3 3 1 1 1 0 0 0 0 0 0 0 1 3 7 11 12 11 18 17 16 41 49 40 48 67 56 32 37 36 48 40 22 29 30 26 14 19 5 3 2 3 1 1 1
0 0 0 0 0 0 2 6 17 11 32 24 4 4 12 9 6 1 2 4 4 5 10 37 10 20 38 62 64 69 84 45 62 42 24 15 28 70 53 55 57 13 16 6 8 16 7 10 5 5 3 3 3 2 1 0 0 0 0 0 0 0 0 1 5 14 11 12 8 35 57 17 51 70 75 57 46 46 41 26 35 30 33 45 32 27 15 11 11 7 6 6 4 2 1 0
0 0 0 0 0 0 0 1 1 5 2 1 5 5 9 8 9 4 4 5 6 5 18 26 5 4 7 36 42 31 45 78 53 65 61 55 51 49 42 44 52 46 32 37 29 14 15 19 9 7 5 2 2 1 1 1 1 1 0 0 0 1 2 3 6 11 13 13 10 10 36 64 37 63 73 70 57 38 51 41 53 53 33 22 30 24 14 9 10 17 11 6 3 1 1 0
0 0 0 0 0 0 1 1 4 4 3 6 5 5 10 9 15 5 3 11 14 10 17 40 11 2 13 7 19 31 12 23 60 51 62 62 38 14 13 13 29 30 25 32 40 37 19 8 12 9 4 5 4 2 1 2 1 1 1 0 0 1 4 7 14 22 12 11 34 29 20 21 63 73 59 72 53 53 72 68 25 22 21 26 22 15 20 14 15 6 5 2 1 1 0 0
0 0 0 0 0 0 0 1 1 2 3 4 2 5 5 4 9 1 3 4 4 25 23 43 26 10 12 18 27 21 22 9 8 17 20 17 17 16 15 11 7 12 10 13 28 27 13 20 15 11 9 6 4 3 3 2 2 1 1 0 1 2 4 12 20 23 14 24 28 53 39 38 27 30 51 55 71 65 43 45 39 50 42 45 32 23 29 21 8 3 3 2 1 0 0 0
0 0 0 0 0 0 0 0 1 1 1 3 3 5 4 13 10 2 3 3 8 27 36 35 14 2 13 30 22 36 38 14 41 48 50 42 39 33 32 15 11 12 38 44 41 21 23 17 19 16 12 7 6 4 3 2 1 1 0 0 0 2 9 15 17 30 20 30 33 28 75 56 46 36 21 62 48 68 57 54 56 69 61 49 35 43 23 15 6 4 2 2 1 0 1 1
0 0 0 0 0 0 0 0 1 1 2 3 15 20 19 35 18 4 2 2 18 26 35 28 14 30 7 29 30 41 24 47 44 30 34 37 30 30 14 24 45 54 28 28 19 26 18 15 20 14 15 10 6 4 3 3 1 1 0 0 0 1 4 17 44 37 22 37 32 28 30 50 65 22 16 29 71 81 77 66 62 58 56 56 46 26 25 14 16 6 2 2 0 1 1 4
0 0 0 0 0 0 0 0 0 3 5 3 16 23 30 7 3 2 1 9 16 20 32 40 42 16 22 23 20 20 28 68 32 32 38 41 40 24 34 36 62 51 46 41 38 36 31 22 29 19 18 11 7 5 4 2 1 1 1 0 1 1 4 12 33 30 45 52 41 63 61 65 64 33 34 50 68 64 67 58 56 51 47 48 34 26 23 23 21 12 3 2 1 2 2 6
0 0 0 0 0 0 0 0 1 5 4 8 9 58 10 5 8 5 3 11 14 17 22 11 11 9 41 11 26 21 46 31 45 54 42 41 41 43 52 45 35 51 51 56 49 49 36 39 29 12 9 8 6 7 5 2 1 1 1 0 1 2 5 11 25 28 26 46 68 55 74 65 67 37 59 57 66 66 49 48 50 49 35 27 24 22 20 16 11 9 7 4 2 4 7 6
0 0 0 0 0 0 0 0 1 3 5 6 2 13 4 1 6 7 14 9 12 25 24 11 8 23 14 21 34 56 60 53 49 50 39 42 55 55 57 52 56 68 65 46 39 53 49 41 22 17 12 9 6 4 4 4 3 1 1 0 1 2 6 13 19 28 24 32 59 80 74 69 61 84 67 49 38 43 52 52 47 47 45 37 23 29 14 21 11 7 7 5 2 5 7 6
0 0 0 0 0 0 0 0 3 1 5 3 1 1 0 1 5 6 5 10 14 11 10 27 25 10 12 39 60 22 20 21 44 41 48 56 57 56 54 53 57 66 50 52 60 50 51 46 21 18 14 9 7 4 3 4 2 1 1 0 1 1 10 18 28 29 28 28 32 38 52 57 61 70 19 44 44 43 38 40 37 35 31 44 34 32 23 18 9 8 8 3 4 8 8 12
0 0 0 0 0 0 0 0 2 2 4 3 3 6 5 2 1 2 2 12 20 11 48 45 12 17 25 39 23 24 26 31 38 33 47 54 57 56 47 74 60 48 47 57 28 42 55 51 40 29 9 7 6 7 6 3 2 2 1 0 0 1 3 15 24 29 64 45 50 51 47 31 46 64 49 56 57 42 43 41 45 38 43 39 33 11 11 7 10 15 8 2 6 17 18 20
0 0 0 0 0 0 0 1 2 7 6 1 2 5 5 5 2 1 3 14 12 41 28 12 16 39 21 22 22 27 32 31 23 35 41 61 44 42 63 56 48 67 71 38 55 51 49 45 30 15 11 13 12 9 7 6 5 3 2 1 0 1 6 11 20 43 64 80 51 61 51 33 36 70 77 42 49 56 58 38 36 39 48 36 20 8 19 15 10 6 3 1 8 19 22 23
0 0 1 0 0 0 2 2 5 10 1 1 2 1 0 1 3 1 6 15 12 13 4 12 31 8 7 17 23 27 45 34 26 37 47 51 50 64 69 67 48 42 45 55 48 50 34 34 25 21 17 22 19 7 7 7 6 3 2 1 1 2 5 14 25 38 59 74 69 69 54 55 60 73 48 44 40 41 49 53 38 67 47 25 25 27 20 12 5 2 1 5 13 21 23 27
0 0 0 0 1 0 0 2 5 2 0 1 2 2 3 3 7 5 13 5 5 4 3 14 11 14 19 29 37 32 28 21 26 31 54 40 74 70 69 42 30 30 39 53 59 51 44 41 37 32 26 22 12 6 5 4 3 3 3 2 1 3 8 18 38 44 41 46 68 80 72 36 43 73 44 49 69 66 63 69 61 45 37 35 35 32 12 10 5 4 3 12 17 22 17 29
0 0 0 0 0 0 0 1 1 1 0 1 2 3 4 5 3 6 9 20 15 12 1 11 16 27 29 39 23 14 25 26 34 37 70 38 22 16 17 34 37 56 67 68 66 56 45 43 26 36 19 15 17 8 8 4 3 3 3 2 2 7 14 18 44 45 42 27 48 71 72 50 58 69 46 30 51 74 72 70 67 37 41 40 32 27 10 8 11 5 13 17 10 29 32 32
0 0 0 0 0 0 0 0 2 3 0 2 2 1 2 1 2 16 8 6 8 11 11 9 27 18 22 26 17 20 40 35 26 73 25 18 46 49 50 49 64 69 63 67 68 66 55 45 31 28 25 20 19 14 11 9 7 4 4 2 5 10 25 55 53 51 41 49 56 61 73 47 45 62 73 54 55 56 70 71 57 57 39 39 34 22 12 4 5 12 14 9 17 23 49 37
0 0 0 0 0 0 0 1 1 1 4 2 1 1 1 2 3 4 7 12 7 12 6 10 22 24 19 22 25 26 28 33 42 30 9 32 38 46 56 84 62 60 69 70 69 65 49 40 30 23 25 21 20 11 13 7 9 8 4 5 7 21 20 44 51 47 45 56 60 53 79 72 53 69 68 55 61 62 59 55 60 46 34 30 28 14 7 2 4 18 10 18 26 30 53 35
0 0 0 0 0 0 0 0 0 2 1 0 1 1 2 1 7 2 2 13 33 12 4 6 32 21 31 24 21 19 47 77 48 8 18 47 36 66 72 66 63 73 72 54 58 55 51 46 29 30 26 24 23 20 18 13 13 10 6 7 9 12 19 27 51 69 56 73 75 64 56 57 56 63 74 74 57 53 43 43 44 39 31 31 23 11 4 3 13 19 22 39 48 38 45 35
0 0 0 0 0 0 1 2 1 1 1 1 1 1 1 12 4 5 6 15 12 4 11 16 3 23 23 13 47 34 59 40 11 18 52 23 48 41 54 77 78 61 49 78 69 46 51 50 43 38 33 28 24 21 20 18 14 9 9 11 13 25 17 22 26 53 74 77 74 73 80 80 57 68 55 50 35 42 54 57 40 41 27 30 22 5 4 13 13 23 36 47 43 27 43 42
0 0 0 0 0 0 0 0 0 0 1 1 1 0 0 7 3 1 1 2 3 6 17 6 4 11 9 12 50 46 40 8 14 27 43 70 42 51 68 71 70 59 66 36 50 43 54 63 47 41 38 35 28 26 22 20 10 6 15 24 19 31 31 33 35 51 58 82 65 62 44 69 53 37 37 50 60 48 42 42 38 23 34 22 8 5 10 15 26 22 28 40 55 45 48 45
0 0 0 0 0 0 0 0 0 0 1 0 1 1 3 12 2 3 2 2 15 5 9 2 10 18 11 33 57 27 15 11 16 22 62 65 62 52 57 59 59 65 51 40 46 74 60 54 48 60 43 37 34 30 25 21 13 8 22 29 47 52 41 46 39 51 66 67 77 60 50 43 51 58 50 66 51 51 44 43 29 29 16 8 6 11 21 28 26 43 42 32 33 44 38 34
0 0 0 0 0 0 0 0 0 0 0 2 0 2 7 3 2 1 7 9 6 9 4 9 30 8 12 40 30 23 20 18 38 45 67 52 56 55 49 35 36 57 68 60 67 57 60 59 67 50 47 55 22 30 26 15 8 24 34 36 62 62 48 61 47 35 43 76 76 36 72 50 47 58 60 58 53 54 50 36 27 28 11 13 11 22 27 34 31 35 45 34 34 46 50 40
0 0 0 0 0 0 0 1 0 0 0 1 0 4 0 1 3 3 5 11 4 3 5 8 13 9 13 32 14 11 23 17 47 50 51 54 37 46 42 46 55 59 61 76 59 59 57 73 56 53 64 46 41 35 20 19 10 22 52 51 55 69 56 66 66 47 48 56 82 35 39 73 72 55 54 54 63 51 55 51 30 23 8 8 13 26 36 43 49 50 48 48 36 41 59 50
0 0 0 0 0 0 2 0 0 0 1 0 3 1 1 2 2 1 1 5 2 6 8 9 9 16 18 3 8 15 30 34 49 56 16 13 46 37 47 41 44 56 63 72 72 58 75 52 71 70 49 47 45 41 25 21 13 24 52 62 57 69 51 54 70 45 65 42 69 42 43 70 45 62 60 56 52 50 67 42 35 9 7 13 26 30 40 48 37 26 36 59 30 34 51 68
0 0 0 0 0 0 0 1 0 1 0 1 2 1 1 1 1 1 0 1 1 4 9 7 8 15 5 4 11 10 23 8 32 21 11 28 20 24 32 54 59 62 67 70 62 46 65 72 67 58 58 49 46 43 39 23 25 27 58 74 72 70 62 50 67 65 34 39 79 38 61 57 54 57 51 44 54 31 29 30 12 7 12 26 31 38 48 50 30 34 47 29 19 24 36 66
0 0 0 0 0 0 0 0 0 1 0 1 1 1 1 4 3 0 1 0 1 5 4 2 6 8 6 23 23 21 41 34 35 20 11 11 25 25 29 27 34 60 47 55 66 37 31 31 50 51 61 54 47 44 29 18 33 46 58 65 84 75 54 54 59 63 58 24 63 13 21 34 45 54 56 58 59 56 43 39 16 9 17 30 33 58 63 53 40 38 45 46 39 23 34 53
0 0 1 0 1 0 0 0 0 0 0 1 4 1 2 2 5 1 2 2 7 8 4 6 12 8 8 1 2 9 31 8 13 6 12 21 12 19 19 22 54 49 38 56 34 40 42 55 55 67 56 57 54 34 30 20 34 48 61 67 74 55 56 65 67 43 38 43 56 27 31 28 26 20 36 47 43 47 29 24 11 18 29 32 38 61 56 27 40 52 35 51 27 30 37 58
0 0 0 0 0 0 0 0 0 1 1 2 4 5 3 5 5 1 3 6 8 3 3 7 8 6 1 4 4 13 12 6 5 18 22 19 27 22 26 41 33 45 60 37 42 43 60 56 66 54 54 55 55 35 16 35 39 72 64 67 66 69 56 72 69 50 35 55 41 26 42 55 53 58 60 54 44 20 16 8 14 33 32 36 41 67 66 25 27 51 36 55 32 33 39 72
0 0 0 0 1 1 0 1 0 0 2 1 3 3 0 1 0 1 2 8 7 3 7 3 9 13 2 3 5 21 7 5 8 19 39 18 20 27 38 17 51 45 34 48 43 58 60 70 70 60 69 53 40 39 24 40 46 65 77 59 64 71 53 44 63 64 34 38 46 54 59 43 44 45 36 44 35 22 8 24 22 34 40 56 48 65 69 38 38 41 23 59 35 37 39 54
1 3 1 6 7 3 2 2 2 1 3 1 1 1 3 1 1 1 4 5 5 3 6 1 3 3 2 4 5 14 5 9 43 23 13 12 18 23 24 44 64 51 59 36 49 68 71 58 57 74 63 46 41 40 26 54 68 60 64 73 61 70 73 44 75 73 33 38 46 53 40 41 57 45 45 28 33 29 19 38 40 38 44 57 45 50 58 51 55 37 36 63 34 38 32 48
2 4 8 2 5 17 4 1 0 1 0 0 1 1 1 1 1 6 8 3 2 5 2 2 6 12 2 2 4 10 13 41 11 6 15 18 9 7 31 38 43 28 66 53 60 72 43 55 69 63 50 46 41 40 40 56 67 67 64 73 59 63 68 62 56 61 39 18 33 63 44 52 52 55 44 44 46 41 30 39 42 53 49 56 44 38 52 50 47 44 42 60 36 29 40 45
0 1 2 0 0 2 4 4 0 0 0 1 1 3 2 1 2 2 1 2 1 2 8 1 9 13 3 3 11 19 27 41 14 16 21 3 4 8 15 33 30 43 61 62 60 58 59 57 60 58 48 46 40 42 48 49 63 75 66 58 76 50 59 62 45 27 14 11 9 29 43 60 56 48 42 40 33 15 27 38 40 55 50 56 40 56 67 68 52 47 38 47 53 17 41 49
1 0 0 1 1 0 0 0 0 0 1 0 0 1 2 1 2 4 0 1 1 2 1 2 10 5 1 2 4 9 5 7 16 13 10 14 8 3 41 16 27 20 54 40 65 50 53 41 60 60 42 43 39 39 46 64 63 76 73 69 62 64 51 47 13 13 28 44 33 40 41 46 46 33 31 26 13 25 41 39 42 56 59 40 52 52 62 65 52 48 36 45 53 22 26 58
0 0 2 0 0 0 0 0 0 0 0 0 0 1 0 1 1 0 1 1 1 7 8 5 11 4 1 2 3 3 3 18 16 10 18 13 20 5 31 24 5 23 55 50 58 52 54 64 57 54 49 41 41 63 61 54 66 62 67 44 59 54 30 27 24 20 31 51 39 28 55 55 65 60 48 16 23 26 40 52 59 44 56 42 55 66 64 60 48 48 38 37 53 45 22 38
0 1 0 1 1 0 0 1 0 0 1 0 0 0 0 1 1 5 1 3 11 3 6 7 15 8 2 3 2 8 13 8 10 29 11 17 18 10 60 29 9 35 17 53 48 41 59 37 53 48 42 44 37 61 70 58 60 54 63 66 40 41 38 24 22 15 21 24 30 26 50 56 62 71 35 20 27 39 36 59 59 54 52 56 38 63 66 64 53 55 23 42 43 38 30 23
0 0 0 0 0 0 0 1 0 0 0 0 1 0 1 2 1 3 1 1 2 11 4 11 5 1 0 0 1 7 12 4 7 13 19 32 13 16 42 38 22 38 15 55 40 33 41 33 50 46 53 38 37 52 58 84 43 49 42 31 43 23 21 22 12 15 27 25 32 30 53 55 35 50 24 21 42 43 40 43 58 53 52 50 54 63 62 74 60 42 30 46 51 25 30 20
0 0 0 0 0 1 0 0 0 0 0 0 0 0 1 1 1 1 1 0 0 1 1 1 1 1 1 0 3 2 9 11 16 12 16 20 10 9 15 53 27 34 31 43 14 43 33 47 52 34 48 37 41 36 59 63 62 48 34 16 27 15 10 22 14 16 28 24 41 37 44 47 37 25 26 41 42 41 42 37 43 56 65 56 50 64 70 66 68 37 26 60 39 42 29 15
0 0 0 0 0 0 0 0 0 0 0 0 0 0 1 1 1 1 2 1 1 1 2 3 3 6 3 1 1 1 4 9 13 13 15 13 13 10 5 32 57 49 30 18 16 24 25 43 34 16 41 33 35 33 44 68 52 48 24 10 14 3 4 5 7 9 21 38 43 49 56 38 23 20 45 42 46 61 55 44 35 49 50 58 61 78 48 74 50 34 27 62 40 55 20 17
0 0 0 0 1 0 0 0 0 0 0 0 0 0 1 0 0 1 0 0 0 1 1 5 10 1 2 1 1 1 1 3 3 12 8 4 15 9 9 19 64 51 20 12 17 24 48 19 33 14 24 36 31 51 48 43 36 29 34 9 12 6 8 4 12 26 28 32 40 32 39 36 13 24 36 39 57 49 44 29 38 20 51 59 59 46 67 60 60 43 29 52 36 48 37 13
0 0 0 0 1 0 0 0 0 0 0 0 0 1 1 1 1 0 1 0 2 2 4 2 2 2 5 2 1 1 4 5 2 5 5 5 16 2 2 18 27 43 24 17 12 60 31 18 15 26 40 39 25 42 61 35 56 16 23 19 9 10 11 5 12 12 16 23 43 46 24 18 23 36 33 39 32 37 30 10 29 31 45 46 52 59 62 55 22 43 17 43 61 25 12 20
0 0 0 0 0 0 0 0 0 0 0 0 1 1 1 1 0 0 1 0 0 0 0 2 3 15 2 1 1 1 6 4 5 7 5 7 8 3 6 10 25 26 33 23 19 69 25 28 18 23 34 27 34 58 66 35 48 17 12 12 9 3 3 17 18 18 25 27 49 23 19 21 36 32 31 36 44 47 36 26 32 43 52 61 59 54 50 66 19 37 23 24 56 12 10 16
0 0 0 0 0 0 0 1 0 0 1 1 0 0 0 1 0 0 0 1 1 1 2 5 7 2 1 3 1 1 2 7 7 13 10 14 11 8 7 12 24 35 28 26 19 25 27 39 26 12 14 32 47 46 48 37 29 15 8 11 7 2 5 8 18 27 31 31 29 32 35 33 30 36 47 20 25 47 34 25 37 37 35 60 45 40 22 38 31 29 51 22 37 15 14 17
0 0 0 0 0 0 0 0 0 1 2 1 0 0 0 0 0 0 0 0 0 1 8 4 2 4 6 13 5 6 2 9 9 21 9 19 7 16 15 11 13 11 24 34 8 26 31 40 27 22 28 41 35 31 32 16 16 16 7 5 2 5 5 6 9 20 18 40 53 33 34 30 27 46 34 16 20 48 44 29 29 34 30 30 48 41 11 18 28 47 27 24 15 10 19 30
