sesion_6_simulaciones/modelos_agentes/ejemplos_netlogo/scenarios/cgcm2_b2/rob_2077.asc
NCOLS 322 
NROWS 307 
XLLCORNER 451900 
YLLCORNER 4086900 
CELLSIZE 100 
NODATA_value -9999 
[rows 0 to 72 of 307, columns 96 to 191 of 322]
19 2 0 0 13 2 2 2 2 2 5 5 8 20 19 5 10 6 6 2 8 6 4 17 5 3 5 5 8 6 2 2 5 8 4 3 4 7 10 4 3 23 57 64 75 65 76 75 84 73 71 74 50 26 38 39 38 11 24 18 25 11 9 5 24 34 38 5 5 26 36 18 17 21 19 14 16 21 12 57 41 24 34 35 40 25 29 33 42 59 38 27 23 8 17 33
1 1 1 1 1 4 2 2 1 3 3 5 19 27 11 8 2 2 1 3 6 1 2 2 5 3 5 2 3 17 7 3 2 4 2 4 5 7 11 15 21 29 27 23 81 85 83 79 93 73 83 70 28 31 66 17 6 10 6 9 3 13 9 4 11 6 8 34 30 26 14 37 49 26 42 48 55 23 26 31 28 24 40 43 47 32 34 44 48 43 51 40 49 25 33 35
0 0 0 3 1 2 2 1 1 2 1 4 7 9 2 2 4 7 8 9 15 1 2 2 4 4 5 2 6 7 12 10 1 5 17 14 15 20 24 29 39 50 33 40 14 5 16 43 90 79 78 78 32 68 60 53 32 15 10 15 10 42 68 59 71 40 30 49 19 27 21 24 34 35 42 60 70 68 42 30 31 30 44 44 51 40 44 59 39 41 51 39 47 49 35 37
0 0 0 0 0 0 0 3 1 1 1 2 3 5 6 7 7 12 14 11 4 1 6 5 1 3 4 4 5 2 6 7 7 13 18 12 33 32 54 68 74 75 55 18 8 13 5 9 33 13 26 23 12 30 57 14 53 4 6 16 23 46 76 74 77 79 72 30 48 42 40 47 32 33 47 46 51 23 20 30 42 43 57 56 55 43 40 50 37 34 53 52 36 46 30 51
0 0 0 0 0 0 0 2 6 1 4 3 2 3 10 7 6 30 10 4 6 4 5 10 8 4 4 4 3 12 17 11 3 13 29 30 41 57 76 82 83 74 59 30 16 7 12 24 14 11 19 20 5 44 13 28 42 23 4 8 49 66 55 74 56 31 72 40 52 65 48 43 31 28 50 35 39 33 36 41 46 42 78 58 43 46 44 58 41 45 52 65 32 52 57 59
1 0 0 0 0 0 0 1 4 10 2 4 1 4 5 3 11 8 12 8 2 3 8 7 9 4 6 5 2 3 5 14 12 6 33 53 59 75 82 70 77 75 70 41 15 23 14 20 23 18 24 43 7 17 17 37 19 18 14 16 50 55 16 9 13 32 41 13 19 31 11 37 75 57 45 27 33 33 30 50 39 49 54 51 59 46 44 64 59 42 56 42 54 53 70 33
0 0 1 0 0 0 1 0 2 8 8 2 1 2 2 9 4 9 17 12 12 6 3 4 6 6 10 6 3 2 4 18 21 16 31 72 78 78 73 74 75 71 39 21 25 51 28 40 33 33 25 35 27 27 38 26 11 24 33 12 7 9 8 14 6 11 39 59 39 39 15 40 23 11 57 51 47 53 29 48 39 31 38 32 54 56 46 62 60 35 62 53 51 45 30 27
0 0 0 0 0 1 1 0 1 5 25 27 27 9 5 2 2 6 6 7 17 36 7 18 22 10 9 3 6 5 6 8 23 48 34 63 63 73 73 67 61 25 31 25 53 42 35 60 42 39 22 27 45 50 34 33 29 57 65 65 38 14 3 3 15 8 28 17 40 23 30 19 9 22 14 43 55 80 65 30 47 56 37 47 74 51 52 58 64 63 43 35 15 23 23 19
0 0 0 0 0 1 1 0 1 1 4 25 33 55 19 29 3 3 3 12 14 6 8 12 9 4 6 6 4 8 18 15 33 64 74 37 26 35 26 23 37 21 17 31 62 49 27 39 44 33 27 21 74 42 35 50 37 50 16 34 67 45 21 2 14 12 9 9 4 11 37 31 12 14 39 17 24 32 40 67 63 83 52 59 34 24 36 76 45 55 40 74 54 35 24 32
0 0 0 0 0 1 1 0 0 1 3 1 1 1 1 1 5 3 3 5 6 4 8 5 13 9 7 6 9 12 16 48 43 36 55 47 44 42 23 21 11 9 16 33 64 40 17 18 29 38 34 21 32 83 70 69 15 28 13 53 37 44 10 13 3 8 6 4 12 21 21 26 30 25 36 52 19 23 62 68 39 66 52 44 24 31 21 38 38 54 28 46 77 69 28 20
0 0 0 0 1 0 1 1 2 0 1 1 3 2 1 2 6 1 8 3 5 4 6 7 14 4 3 7 14 25 45 49 78 60 38 37 39 56 53 33 19 8 6 11 38 15 15 22 33 26 38 20 36 43 81 65 30 19 27 47 22 24 12 4 9 11 13 6 20 35 34 39 25 17 43 58 38 17 19 55 37 29 50 63 32 35 24 29 67 53 49 41 69 83 58 31
0 0 0 0 1 1 1 3 4 3 1 1 3 6 5 4 4 11 14 6 26 10 3 7 7 8 4 6 10 60 62 53 53 48 38 29 33 52 47 34 18 8 9 19 22 11 12 37 21 26 52 24 36 54 32 48 31 28 39 34 14 13 29 21 10 7 23 21 33 62 70 71 18 31 48 56 39 22 21 60 36 8 37 64 31 39 34 30 53 35 29 36 57 65 65 57
0 0 0 1 1 1 1 1 1 3 3 2 1 1 2 7 12 4 18 13 37 35 6 4 3 5 3 9 21 41 66 43 42 38 38 49 50 20 26 45 16 6 7 26 22 10 19 21 27 40 56 45 44 65 44 37 41 37 48 17 14 17 27 22 12 9 8 22 40 26 49 45 34 26 29 57 27 24 9 20 39 7 47 73 32 36 48 29 21 47 36 17 24 40 59 72
0 0 0 0 0 0 0 0 1 2 3 2 3 3 3 2 14 5 31 9 6 5 22 11 7 4 8 37 38 31 38 39 31 15 16 16 14 10 9 13 16 3 2 2 8 6 13 17 47 63 70 64 48 51 32 49 52 42 38 37 13 10 29 31 23 21 10 12 14 9 4 4 22 32 31 38 26 39 23 15 6 11 25 61 63 31 39 41 26 23 42 22 34 55 77 59
0 0 0 0 0 0 0 0 0 1 2 1 2 3 3 3 2 3 23 11 8 21 25 10 12 9 13 13 35 39 20 12 11 15 22 17 16 13 6 2 12 2 7 5 1 2 12 26 35 65 63 58 47 55 37 62 61 50 50 53 10 28 38 37 23 16 7 10 6 4 4 23 51 44 40 48 46 37 19 20 32 11 30 59 66 32 16 19 23 18 13 12 28 44 53 48
2 0 0 0 0 1 0 0 0 0 0 0 0 1 1 2 3 6 3 1 4 6 3 31 16 19 10 12 11 8 10 25 30 31 21 27 45 42 20 4 4 4 2 5 2 3 2 14 28 32 43 34 33 32 46 33 47 42 55 49 9 26 8 36 52 31 11 12 14 3 10 37 48 52 24 16 28 37 45 39 29 26 27 49 71 84 57 41 21 15 14 9 26 61 52 39
0 0 0 0 0 0 1 1 0 0 1 1 0 0 1 3 4 6 3 6 5 2 3 8 32 18 24 28 54 39 24 14 18 27 27 44 57 57 35 4 8 7 3 5 12 14 13 3 11 20 13 13 10 11 19 41 47 53 57 55 17 35 24 28 41 13 9 11 8 7 10 41 32 44 15 13 23 21 44 35 33 31 34 36 69 85 82 34 21 19 15 11 24 47 61 53
0 0 0 3 3 1 0 0 0 0 0 0 0 0 1 1 3 3 5 6 3 3 4 6 16 20 6 15 15 10 23 22 29 19 50 71 50 55 37 19 28 29 20 20 32 32 32 15 5 2 2 3 2 1 5 43 74 87 64 29 49 32 28 19 31 22 11 21 7 7 44 44 48 39 15 28 50 31 34 39 24 21 15 9 54 63 57 59 37 20 18 11 14 29 35 18
0 0 1 0 0 1 0 0 0 0 0 0 0 0 0 0 1 2 2 1 3 4 4 4 25 40 18 17 12 24 32 38 23 44 51 55 23 26 28 50 38 46 53 61 54 33 41 33 15 10 6 7 9 1 2 7 71 81 54 36 33 40 21 16 25 8 10 12 3 33 61 58 49 52 21 22 49 46 43 70 45 29 15 9 19 42 47 46 44 25 19 15 8 17 55 13
1 1 0 0 0 1 2 0 0 0 1 1 1 0 1 3 1 1 1 2 3 5 7 3 18 17 13 20 25 23 27 56 42 37 38 22 38 40 33 45 66 68 58 32 36 18 30 36 18 14 12 3 6 3 7 5 19 31 45 50 35 20 17 35 31 5 10 36 62 47 65 79 39 73 35 15 41 65 45 64 53 49 34 13 12 38 58 42 51 30 24 12 5 9 38 30
1 0 0 0 0 1 1 1 0 1 1 1 1 0 1 0 0 1 2 2 2 2 2 2 7 16 13 6 6 20 14 13 26 35 50 28 26 41 27 64 37 35 53 38 21 18 19 25 21 10 16 13 4 8 12 9 12 31 51 46 14 15 55 47 27 7 26 34 47 59 47 51 28 36 59 43 27 23 27 64 29 25 41 28 19 8 36 23 50 23 25 12 8 7 10 25
1 0 0 0 1 1 2 3 3 3 5 2 1 1 1 1 1 1 1 5 3 3 4 3 16 10 20 17 9 15 14 24 28 58 57 41 69 34 51 23 40 24 17 15 26 25 44 29 30 10 12 10 9 11 16 12 13 20 44 48 50 14 22 26 16 19 46 11 35 55 60 39 45 22 52 61 36 20 23 74 81 41 18 50 31 7 6 10 41 30 23 21 8 6 6 20
1 0 0 0 2 1 0 1 1 1 0 1 3 1 0 1 1 1 1 3 10 7 9 6 18 5 12 25 12 8 32 55 57 19 9 72 60 28 28 29 38 49 26 13 10 25 17 6 8 6 16 9 9 10 10 11 6 11 24 19 19 19 13 12 15 36 49 6 31 21 46 57 45 16 14 42 41 51 24 46 80 53 42 16 29 10 3 9 37 46 8 26 12 5 7 15
2 0 0 1 2 2 1 2 6 2 4 2 2 12 7 3 3 3 2 17 9 15 13 9 19 16 9 30 33 18 15 14 6 5 6 18 33 40 17 34 33 47 38 33 22 5 3 2 1 1 5 4 3 3 7 3 4 4 5 13 24 20 14 20 43 39 27 12 23 23 23 42 35 32 21 57 57 39 30 15 53 52 29 45 16 8 5 6 5 23 6 12 10 4 3 5
3 2 0 1 3 3 2 1 10 4 1 4 7 9 10 13 29 5 7 6 18 22 41 21 14 17 37 25 51 29 14 9 19 19 12 2 7 36 34 13 25 45 55 56 32 21 14 9 6 6 3 2 1 1 1 1 1 1 7 17 35 21 28 33 18 42 21 27 32 27 18 28 45 50 12 43 48 30 32 19 33 45 19 8 25 12 5 5 4 6 7 7 11 4 2 2
10 5 2 2 6 2 4 1 4 6 5 6 13 17 24 13 26 33 9 11 38 68 71 80 68 61 60 40 59 44 67 67 69 41 17 16 17 13 11 22 44 31 40 45 50 44 37 23 18 16 7 6 6 5 5 4 4 4 17 29 29 25 19 21 17 35 34 46 17 39 16 13 39 27 13 32 29 14 17 16 14 18 41 7 7 5 5 2 2 4 3 5 2 2 1 1
8 4 8 8 8 2 3 2 8 13 11 7 8 35 44 32 34 70 49 68 73 74 78 81 71 78 74 69 74 80 54 23 42 51 42 20 25 21 9 8 30 37 42 58 48 45 44 32 29 23 18 16 15 13 7 12 7 9 18 16 23 16 10 12 10 42 25 42 33 34 10 14 19 23 14 25 22 31 8 12 12 5 14 8 4 9 3 2 1 1 3 2 2 1 1 1
6 11 8 6 11 10 13 9 12 22 22 40 31 41 58 81 74 62 73 32 40 46 61 76 74 69 80 79 80 80 22 15 14 15 30 31 41 23 30 22 22 47 52 44 45 43 33 60 46 32 23 23 20 19 17 17 16 5 10 12 13 9 11 19 36 52 43 24 30 14 15 7 15 17 15 10 8 12 16 8 12 6 9 7 2 6 3 2 0 1 2 2 1 2 1 0
9 20 10 7 14 12 14 14 21 42 58 71 82 84 88 87 76 76 81 64 33 16 46 65 48 44 34 60 64 58 39 8 8 5 8 13 24 21 25 30 12 26 32 32 19 17 10 23 30 28 41 39 25 24 21 33 21 6 7 7 5 12 27 34 43 31 17 17 12 24 17 25 11 10 9 7 6 7 12 7 6 5 4 3 3 2 3 2 1 1 1 1 1 1 0 0
11 23 8 10 32 27 26 42 58 76 85 83 84 86 82 90 75 76 90 42 72 32 19 40 27 17 21 24 25 26 49 29 20 4 7 4 12 10 10 26 22 20 39 15 19 17 9 16 17 9 9 9 7 15 14 6 23 13 9 6 9 14 29 34 32 24 10 21 30 18 19 12 10 7 5 3 4 3 5 4 4 4 1 2 1 1 1 0 1 0 0 0 0 0 0 0
6 29 26 24 35 52 67 76 71 86 80 89 75 87 80 83 59 66 85 73 35 40 21 11 11 9 4 4 13 14 19 62 28 9 10 7 24 50 47 32 31 19 17 8 7 11 11 4 3 4 5 14 24 25 12 12 26 15 22 7 12 17 25 19 28 11 7 14 27 21 13 8 4 7 5 2 1 0 1 1 2 1 1 1 0 1 0 0 0 0 0 0 1 1 1 1
23 40 56 57 75 86 81 83 81 82 77 90 76 78 59 76 58 74 73 76 24 46 44 18 12 3 3 1 5 7 7 14 20 10 11 15 8 17 17 19 14 13 14 22 22 12 13 6 9 10 30 51 45 29 46 9 30 27 6 3 3 10 8 19 14 14 6 4 5 7 6 6 3 1 1 1 2 1 3 3 2 2 2 2 3 3 2 2 2 2 1 1 4 2 1 3
54 67 73 82 80 78 83 81 82 73 89 69 42 59 53 54 61 64 64 71 33 20 28 16 15 8 4 5 11 13 13 25 17 6 20 17 22 22 32 22 36 24 34 34 38 34 23 20 16 21 32 60 65 63 58 27 35 28 14 17 9 2 2 2 3 3 5 3 2 2 2 2 2 4 7 7 12 6 9 5 6 8 4 7 4 13 6 3 4 4 2 2 4 3 2 5
73 82 83 72 82 81 86 73 73 56 72 18 31 24 33 47 47 36 36 58 35 14 6 5 9 13 12 10 15 6 40 43 39 27 36 38 35 30 33 33 35 37 37 36 51 36 42 26 13 46 44 47 61 47 37 31 59 34 28 43 29 19 17 16 15 14 24 14 10 9 9 9 16 15 15 9 16 15 14 14 13 13 10 10 18 11 8 6 6 3 5 3 6 3 9 9
17 25 55 51 70 66 78 72 38 7 4 5 13 9 8 10 11 21 39 54 32 9 11 19 10 10 36 25 38 28 39 40 40 35 34 58 46 24 46 41 40 51 50 49 38 35 42 32 26 36 50 46 59 68 52 53 41 33 41 42 34 37 36 38 36 29 39 29 22 11 20 22 19 21 32 21 20 30 20 27 27 16 20 19 34 14 10 9 9 7 8 5 12 13 14 23
22 13 9 9 7 7 24 26 25 9 6 9 15 14 6 3 2 5 22 27 15 9 37 10 27 38 47 38 50 36 33 29 48 44 27 42 42 27 39 46 38 55 37 34 36 40 57 41 27 32 52 50 30 76 55 68 39 42 51 40 53 39 35 35 36 23 46 28 16 24 24 25 37 23 35 23 23 38 35 34 22 21 32 24 25 16 13 12 12 12 12 11 32 21 16 15
38 54 44 18 17 14 4 10 13 5 11 14 11 6 3 4 1 10 8 15 24 43 48 23 43 38 46 43 33 14 6 17 35 35 27 40 24 30 39 50 53 32 38 33 34 56 45 30 43 42 54 64 41 77 71 38 66 60 54 36 47 40 55 51 36 40 33 32 29 18 29 42 41 29 42 41 31 46 29 36 29 40 41 51 31 18 9 22 16 16 22 26 32 14 34 19
47 34 30 22 12 10 10 10 20 23 24 24 16 5 5 13 15 18 23 34 63 60 60 39 39 29 30 38 37 33 18 16 33 28 43 25 22 31 30 45 19 16 40 45 36 70 41 45 55 35 64 38 70 72 42 55 72 59 36 52 37 52 51 38 26 42 39 35 20 35 55 58 52 33 45 49 49 52 34 30 35 46 46 35 26 13 12 31 24 14 38 41 39 16 9 46
24 35 42 32 32 18 33 26 33 38 40 49 35 24 20 30 18 29 42 50 60 45 23 38 52 33 18 26 39 35 27 15 25 32 16 43 25 53 38 25 30 19 45 29 30 76 54 52 41 33 45 71 67 51 45 42 58 69 39 54 53 63 51 29 53 49 52 37 19 38 53 74 60 43 50 57 59 44 35 27 44 70 61 50 41 18 36 56 38 16 31 59 56 26 13 45
48 58 28 30 18 31 43 30 30 47 45 47 39 36 39 36 36 44 49 48 56 42 37 47 34 22 24 39 28 37 20 29 17 13 39 40 47 31 36 23 25 14 44 14 13 51 52 54 30 40 49 34 71 19 14 11 32 58 30 60 69 55 48 69 55 54 34 16 25 58 64 81 68 51 55 70 78 51 51 30 53 77 52 37 32 26 49 66 46 27 20 72 79 50 29 42
26 37 22 42 29 42 42 41 38 38 52 50 38 37 60 30 36 46 42 42 53 48 27 47 32 31 38 31 33 41 18 32 19 19 18 42 16 27 18 35 26 26 34 18 40 38 68 47 19 36 52 45 47 27 23 14 20 32 24 66 72 62 63 70 30 50 20 19 28 62 74 77 74 58 63 74 84 45 57 29 58 85 60 31 27 35 57 73 54 36 28 64 75 63 23 47
20 32 55 35 22 31 39 29 26 30 56 39 31 48 31 30 20 39 48 30 28 38 44 41 28 28 22 19 20 65 20 37 18 22 23 40 31 25 16 23 16 31 25 20 37 28 43 23 25 16 28 62 47 33 21 23 53 22 27 58 52 57 81 43 54 47 31 34 46 51 75 75 76 47 55 76 62 41 64 34 49 76 64 53 34 38 64 76 57 44 33 49 71 48 36 51
12 11 32 14 12 9 26 21 15 22 26 26 22 33 30 26 28 27 37 33 26 15 27 35 34 29 34 17 15 23 32 48 18 13 24 42 20 11 14 25 16 29 21 20 28 29 34 15 14 15 15 43 12 16 25 23 41 16 35 46 38 62 31 47 72 36 34 40 57 49 63 83 62 36 58 76 63 45 67 43 52 73 49 46 46 34 37 75 74 46 30 51 71 49 34 53
2 7 5 5 7 7 17 22 9 23 20 29 30 20 19 29 22 22 25 32 15 13 13 31 32 20 32 11 15 30 23 30 9 12 23 15 12 20 14 28 36 12 15 31 25 14 8 36 11 9 8 17 6 11 15 36 32 47 38 23 19 15 37 69 30 40 55 31 43 49 47 73 35 30 50 71 45 46 60 28 62 66 42 46 50 53 24 36 77 43 35 45 71 60 48 42
1 2 2 3 8 3 6 5 9 14 13 25 19 17 19 20 18 14 15 20 22 11 27 19 28 23 20 17 4 13 26 34 3 8 9 30 9 5 8 11 38 14 11 6 7 12 13 2 9 14 11 27 18 8 18 20 53 39 27 50 37 19 52 27 50 60 26 30 34 52 26 66 21 26 38 63 33 61 59 28 46 47 33 59 62 59 35 34 74 53 32 49 57 38 48 36
1 1 2 3 5 2 6 5 7 10 13 26 15 9 11 15 18 26 13 6 7 6 33 4 12 20 14 11 4 9 9 9 1 2 15 3 2 2 13 3 23 9 11 6 11 13 9 34 50 62 55 33 43 33 19 34 41 24 28 33 24 28 41 18 53 26 29 28 34 55 22 43 25 44 19 36 25 52 36 27 55 30 31 44 64 31 43 26 51 39 44 34 67 70 71 59
1 0 2 1 1 7 1 2 4 7 11 15 8 15 5 18 4 16 12 5 3 9 13 11 11 14 11 14 3 2 2 5 7 10 3 3 7 7 11 9 10 13 18 29 13 54 23 71 37 47 29 29 47 60 68 46 45 11 18 39 27 28 9 14 35 22 23 28 40 46 51 39 45 35 24 57 21 56 21 22 63 22 57 54 67 39 49 38 40 60 52 67 69 73 79 88
0 1 0 0 1 2 6 1 3 2 2 4 2 7 4 8 6 12 11 13 8 11 10 14 3 4 7 4 7 9 2 1 3 4 26 30 17 20 44 59 35 41 40 67 36 26 59 67 23 56 35 28 42 64 57 42 51 54 43 64 48 58 56 27 33 41 45 39 32 40 56 52 47 72 78 75 76 87 80 59 64 71 73 68 30 86 85 72 64 33 53 40 52 78 56 66
0 0 0 1 3 13 2 1 1 0 0 1 2 6 7 7 6 13 6 6 7 8 7 13 8 4 2 2 2 2 2 3 4 1 2 25 36 7 13 47 49 52 28 69 78 28 30 43 59 49 61 15 23 67 70 33 77 66 83 76 35 59 43 45 39 53 41 68 65 13 23 62 65 25 57 77 47 73 53 79 43 69 81 68 44 82 73 63 87 80 64 36 52 66 46 34
0 0 0 0 0 1 0 0 0 1 1 1 6 4 2 5 2 8 3 4 6 4 7 8 5 4 1 2 5 7 4 1 2 2 2 5 9 4 7 26 43 17 60 76 57 19 38 22 44 41 60 23 28 55 51 69 57 46 67 77 44 13 28 65 60 70 64 55 60 63 17 60 78 32 58 82 26 19 34 85 78 51 43 57 66 74 70 79 88 78 49 69 32 27 62 71
0 0 0 0 0 1 1 0 0 1 1 2 2 3 2 4 3 4 2 3 2 4 5 3 4 5 0 1 2 3 2 1 4 1 2 2 4 28 11 36 19 42 31 34 76 50 27 16 37 40 48 53 25 65 66 88 44 71 88 87 70 13 46 53 57 81 72 77 52 77 38 28 69 36 61 82 47 37 25 70 60 68 16 17 29 70 77 72 81 67 29 72 49 35 52 62
0 0 0 0 0 0 1 1 1 1 1 3 2 1 3 5 3 3 1 2 3 4 2 2 2 2 0 1 1 3 3 2 2 2 3 5 5 9 33 69 32 55 31 57 56 66 34 33 52 51 81 84 45 66 86 91 62 85 90 81 71 37 72 77 55 49 41 32 60 83 44 27 52 27 64 70 87 40 52 84 63 75 68 27 24 45 67 63 59 44 65 88 50 32 19 20
0 0 0 0 1 0 0 1 0 0 1 1 1 1 2 4 5 2 2 3 1 1 1 1 2 3 1 1 4 6 9 5 4 8 13 17 11 16 56 41 50 26 19 67 70 42 26 21 36 53 75 68 68 47 74 91 65 69 82 76 83 74 76 87 40 46 54 35 61 77 72 46 13 33 76 77 81 73 40 86 40 66 78 49 29 25 57 45 49 24 76 87 68 47 47 19
2 0 0 0 0 0 0 0 0 1 1 1 0 1 1 2 2 1 1 1 1 1 1 0 1 2 2 9 23 3 4 3 19 17 17 18 7 22 38 39 64 33 55 30 83 34 39 33 19 37 69 63 45 23 25 61 69 78 84 82 91 77 80 79 76 52 59 44 52 61 84 60 31 28 63 77 83 82 58 72 66 62 67 80 47 29 18 20 19 35 74 54 78 51 46 26
0 0 0 0 0 0 0 0 0 0 1 1 0 0 1 1 0 1 1 1 2 1 1 2 0 1 1 1 7 3 3 18 10 11 34 20 11 7 3 17 20 13 4 4 27 29 68 54 21 13 36 16 27 14 11 19 21 58 64 62 70 74 68 66 88 51 51 42 14 70 92 47 31 26 68 60 60 67 38 51 53 23 68 80 67 43 12 13 15 25 16 40 81 49 32 35
0 0 1 1 3 0 0 0 0 0 0 0 0 0 1 0 0 1 1 0 2 1 1 2 6 15 3 2 3 4 6 7 22 30 24 18 18 24 10 5 10 26 12 6 11 17 28 39 40 14 18 14 28 16 18 34 26 15 25 46 45 21 33 67 91 73 40 43 53 77 88 57 23 14 28 41 63 48 59 64 54 16 51 68 80 32 20 10 34 40 22 42 89 64 57 57
0 0 0 1 1 3 1 0 1 0 1 0 0 0 0 0 0 0 0 1 0 5 1 2 11 20 10 2 2 9 10 7 17 27 12 6 24 30 10 10 11 35 21 12 20 17 20 16 17 9 17 40 47 44 37 35 24 19 16 12 4 2 12 77 79 77 54 27 33 71 81 76 66 27 16 40 54 41 42 29 52 38 24 71 74 61 25 15 36 30 51 81 82 82 67 60
1 2 3 1 1 3 5 0 0 0 1 6 1 0 0 0 0 1 0 0 0 1 0 1 5 12 5 15 15 23 9 7 29 14 24 27 21 33 18 25 18 32 33 20 10 33 20 25 18 7 15 53 63 68 64 55 41 36 32 29 32 27 29 51 52 65 55 22 10 44 43 77 79 37 18 45 55 40 24 40 65 33 22 21 74 76 26 13 41 51 49 73 49 77 48 28
0 0 0 2 2 2 1 0 1 1 5 7 6 1 2 3 0 0 0 0 0 0 1 1 2 3 7 16 22 12 8 10 8 4 33 33 11 15 24 43 29 37 29 22 8 14 47 36 24 16 14 35 74 75 73 73 60 59 51 50 75 78 81 70 58 55 46 29 11 8 35 49 80 63 57 19 39 45 24 5 18 28 31 43 62 76 43 20 11 30 35 31 74 75 86 55
0 0 0 2 7 7 27 1 4 1 2 1 5 8 3 2 2 0 0 0 0 1 1 1 4 2 5 7 7 5 4 16 30 21 37 24 22 33 52 27 45 42 22 29 35 35 47 49 35 25 14 21 44 69 67 75 75 73 53 42 33 48 56 62 72 68 70 59 37 3 11 46 55 64 56 48 30 14 19 17 45 34 16 24 23 63 63 19 8 16 23 30 25 66 55 70
5 2 1 1 1 8 3 1 1 10 2 2 1 1 1 1 2 0 0 0 0 0 1 4 9 2 5 12 11 17 18 46 28 16 21 31 20 22 16 7 15 51 63 40 60 46 38 37 37 39 34 16 12 15 50 52 49 67 68 61 54 49 34 38 41 61 68 67 64 54 37 60 52 71 40 39 30 19 28 18 16 15 10 34 26 63 68 16 6 22 31 22 25 24 56 70
6 7 6 1 1 6 18 10 2 2 2 1 0 1 1 0 1 2 0 1 1 1 1 5 4 5 2 3 4 4 2 6 7 20 17 18 21 23 29 29 18 7 20 65 66 76 66 50 44 23 32 32 22 11 20 30 26 21 33 41 44 57 56 45 24 26 53 62 64 49 55 74 53 74 60 41 36 37 21 11 12 22 10 16 26 18 53 23 5 11 26 28 12 9 51 70
2 2 31 10 2 8 3 21 12 6 7 1 0 3 1 3 2 3 1 1 0 1 3 3 3 3 4 18 11 6 9 20 12 16 22 37 37 43 39 43 46 37 20 13 12 59 66 61 42 29 21 32 23 11 4 4 4 5 5 6 10 25 22 31 30 15 16 26 25 24 51 51 51 45 42 42 49 44 24 27 23 17 9 10 32 41 27 34 8 3 16 23 14 32 74 29
2 2 9 4 3 3 1 0 26 43 41 30 2 5 2 1 1 5 1 2 1 1 2 2 7 2 8 12 6 8 18 24 11 16 23 32 31 41 37 40 44 38 54 47 45 28 14 10 35 35 43 14 12 7 11 19 18 17 17 14 13 5 3 5 6 4 4 3 4 13 21 34 30 25 20 15 15 34 29 24 16 8 22 18 19 28 22 39 22 5 3 17 39 72 38 68
4 4 7 37 14 3 3 2 2 50 4 4 6 3 4 4 3 0 1 2 0 0 0 2 4 3 3 3 3 4 3 4 11 16 17 22 40 50 34 47 52 57 52 52 55 41 36 33 22 11 10 7 8 24 26 39 38 38 33 42 14 4 4 14 15 23 10 11 3 2 5 15 12 8 8 7 9 14 19 31 27 7 6 8 8 9 18 27 34 8 4 14 74 40 38 48
6 5 9 18 9 13 18 3 1 1 1 1 1 2 3 22 2 3 3 4 1 0 1 1 1 1 3 3 5 4 4 5 7 13 23 27 31 32 31 53 53 40 34 36 42 32 29 40 32 28 32 31 34 48 44 42 57 56 56 44 20 15 17 31 26 17 22 10 3 3 3 1 1 1 2 1 4 4 1 3 7 4 4 2 3 3 10 19 16 8 4 41 42 20 53 45
17 9 5 2 17 15 50 22 15 13 7 3 1 2 12 5 29 15 5 4 12 7 5 1 0 1 2 2 1 2 2 8 14 7 2 10 33 35 20 19 32 43 30 23 34 26 37 39 44 37 46 30 32 48 59 60 60 61 68 55 31 29 40 37 46 46 46 29 12 9 3 1 1 2 2 5 15 9 5 4 3 2 1 1 1 2 3 7 19 18 6 56 11 7 41 50
16 15 13 25 14 21 13 8 8 39 9 19 3 6 11 22 45 26 7 8 16 3 2 3 2 1 3 1 1 2 8 2 2 3 7 10 27 49 42 51 46 36 46 35 44 36 41 42 46 28 57 48 45 40 57 60 77 76 73 55 27 49 45 60 58 72 58 47 31 14 9 9 10 13 15 26 33 22 11 12 17 18 7 3 4 2 1 2 5 20 10 39 7 7 39 67
19 19 5 4 21 15 48 32 17 16 30 43 19 8 16 52 55 21 7 21 2 14 1 2 1 1 0 5 1 2 2 1 1 9 6 10 15 26 38 42 46 29 32 35 37 41 45 59 49 38 46 60 44 46 63 72 79 69 54 43 42 52 63 64 63 79 69 53 38 18 28 28 27 36 36 36 49 33 30 31 28 24 12 18 16 6 5 1 2 6 7 8 8 4 14 30
17 26 18 6 39 36 47 35 68 43 28 11 6 39 45 37 31 15 12 46 5 21 2 3 3 2 2 5 7 1 1 2 3 8 8 13 18 40 24 44 48 36 17 39 37 37 47 66 54 29 32 59 55 46 60 77 74 59 43 32 36 66 63 64 80 75 63 54 27 23 36 36 38 49 48 61 59 60 41 42 54 39 34 42 26 19 8 2 1 4 4 9 6 2 6 12
19 5 20 8 3 48 24 16 31 55 42 31 5 27 62 31 5 10 30 47 5 37 4 3 12 8 1 6 10 16 4 1 2 2 9 7 5 7 15 13 35 24 33 33 37 22 58 38 58 27 63 49 50 39 66 82 59 53 36 47 48 60 57 72 80 72 63 60 31 48 59 59 39 57 68 65 66 57 48 55 64 57 47 48 18 10 3 2 1 1 1 4 4 1 4 2
15 15 11 20 5 11 48 63 63 39 18 22 8 15 40 51 16 30 67 42 12 43 7 4 3 8 4 12 9 2 11 20 3 3 4 7 2 7 5 15 22 17 20 36 29 26 30 39 21 28 77 26 45 36 74 49 45 53 31 41 41 54 67 78 62 71 59 43 37 53 64 64 41 65 62 72 75 62 54 60 75 60 58 29 12 12 9 10 7 2 0 0 2 1 1 1
27 15 20 14 18 18 27 42 34 51 53 26 55 12 6 3 36 83 72 33 35 17 16 19 22 7 3 9 15 14 10 2 4 1 3 1 2 4 5 20 9 19 20 23 15 15 16 22 30 40 18 16 41 58 32 49 38 28 31 32 30 48 78 64 66 51 37 40 55 67 64 65 57 66 47 55 65 43 54 61 77 43 24 23 26 29 36 16 9 3 2 0 0 1 1 1
