sesion_6_simulaciones/modelos_agentes/ejemplos_netlogo/scenarios/cgcm2_b2/rob_2061.asc
NCOLS 322 
NROWS 307 
XLLCORNER 451900 
YLLCORNER 4086900 
CELLSIZE 100 
NODATA_value -9999 
[rows 74 to 147 of 307, columns 96 to 191 of 322]
32 63 43 25 23 27 25 52 24 27 21 67 39 73 68 56 20 10 15 25 68 71 52 35 36 15 14 4 15 29 13 13 18 27 14 7 10 11 27 9 9 10 23 6 11 20 25 5 8 24 17 45 68 49 41 21 32 40 57 39 32 82 73 57 61 64 41 56 66 68 57 69 54 68 43 44 56 65 44 38 21 38 50 36 17 6 6 7 4 4 3 3 2 1 0 0
36 39 34 24 15 20 28 40 23 38 43 34 20 30 41 63 43 50 61 76 93 72 74 56 27 33 12 8 19 6 17 67 35 34 37 30 12 7 10 5 11 36 42 28 55 33 29 60 63 18 22 14 25 54 20 24 41 60 43 26 52 56 76 62 64 46 41 54 67 73 47 81 51 60 54 39 61 32 25 51 48 38 13 12 16 14 10 8 12 9 12 12 4 3 1 0
48 31 27 24 17 29 16 43 21 41 51 19 26 48 39 36 47 71 57 74 83 85 83 77 36 23 18 8 15 23 57 68 53 40 40 39 39 15 22 28 15 13 19 10 17 45 20 46 37 37 14 11 24 20 27 32 44 64 35 40 46 30 68 66 63 42 61 53 82 64 40 71 66 59 68 62 35 22 76 48 32 29 45 29 42 39 31 37 36 20 20 15 8 4 2 1
49 19 36 29 21 18 21 30 25 28 68 32 32 32 36 48 71 45 69 68 85 88 70 60 65 14 12 21 39 40 57 30 50 28 46 16 55 36 19 36 14 9 8 6 18 24 52 53 35 63 57 38 31 8 13 20 48 27 30 21 44 25 65 55 49 29 61 66 71 40 35 45 73 42 69 43 41 45 67 39 49 44 39 55 68 59 63 37 32 36 16 16 7 5 3 2
45 25 32 31 37 16 21 25 11 43 63 54 37 27 45 45 52 65 81 56 56 65 73 80 44 34 45 60 73 52 51 32 42 43 12 26 34 39 32 39 35 9 7 13 23 30 51 54 28 71 68 58 63 47 43 18 20 17 27 20 31 25 17 35 22 30 39 57 46 28 37 37 72 58 37 18 54 59 45 43 62 77 83 74 74 69 37 42 42 21 19 9 6 7 6 10
56 58 19 48 52 27 9 27 10 27 20 55 41 33 36 9 44 83 53 61 59 40 65 76 48 35 77 79 77 74 78 49 15 14 20 53 57 19 27 34 45 14 11 25 27 27 37 77 74 69 63 66 75 38 68 59 52 22 12 7 24 32 15 17 22 32 34 44 19 17 39 48 49 41 75 70 34 33 60 70 74 74 69 69 56 64 59 67 37 20 16 10 8 13 24 10
77 79 56 50 17 14 10 9 8 33 15 9 38 51 14 34 74 50 38 36 51 27 16 57 65 72 78 71 78 66 86 80 40 41 53 71 44 37 9 26 55 34 16 24 38 60 33 30 73 52 60 84 74 64 78 50 57 74 59 58 60 21 56 31 20 8 29 39 41 57 42 8 11 15 25 62 69 79 54 77 72 55 75 61 53 54 64 66 44 34 28 18 41 34 8 7
51 48 59 11 8 10 16 11 10 15 16 3 9 20 28 40 23 53 57 44 37 50 14 23 63 78 75 49 44 62 55 44 66 61 65 64 73 65 26 28 67 55 16 20 47 39 24 15 40 23 66 78 62 89 81 55 79 55 39 51 70 32 48 58 46 28 49 51 71 36 51 24 22 24 34 19 29 69 70 76 53 64 77 67 48 57 76 59 50 42 39 45 55 31 10 24
58 59 45 18 16 19 24 17 7 12 21 3 11 24 30 20 19 67 49 34 40 72 43 40 67 92 66 20 46 51 38 42 17 25 86 69 40 37 27 52 75 68 35 24 34 29 25 30 29 53 55 81 85 89 73 72 75 59 74 56 71 53 52 51 47 53 30 36 64 36 70 80 65 53 38 38 31 20 53 82 88 57 70 65 45 78 61 44 53 66 50 66 39 28 19 47
17 30 52 44 6 6 18 18 26 15 13 4 17 44 30 10 17 77 31 50 42 41 31 66 48 58 36 48 61 50 39 38 23 61 91 77 57 31 24 63 48 26 45 20 25 17 20 25 26 37 33 71 71 87 71 70 82 58 78 73 64 65 42 44 51 34 68 34 52 65 79 81 65 44 53 31 27 36 22 74 72 68 40 65 77 42 49 52 63 52 55 40 26 33 31 74
8 11 16 25 33 5 12 7 6 23 20 7 15 39 29 16 24 72 41 43 23 17 69 69 64 54 29 61 63 49 25 16 62 91 89 87 81 47 55 63 58 17 42 30 33 41 32 22 29 11 7 34 77 88 63 70 62 69 88 79 63 49 35 27 73 43 78 58 45 63 79 76 42 36 49 46 43 41 30 32 71 83 79 58 33 66 75 73 62 71 27 45 41 60 40 73
5 7 13 9 22 23 15 13 7 14 28 7 16 45 25 30 25 39 49 62 58 17 35 45 77 66 62 66 68 73 47 81 90 81 78 87 83 53 43 67 49 24 45 36 37 42 38 24 29 19 23 39 76 81 58 51 54 86 86 82 57 28 49 63 79 63 85 75 62 41 77 63 68 65 65 52 43 46 32 29 40 76 67 79 78 47 72 35 71 39 35 59 46 77 46 60
4 2 1 1 5 12 5 2 5 10 13 8 25 47 24 8 20 18 40 52 65 56 24 32 35 41 69 84 59 58 77 86 86 73 79 79 63 80 61 66 52 74 60 69 44 54 57 55 37 35 24 43 65 88 68 48 79 71 85 73 55 42 45 60 85 65 82 73 63 43 67 56 49 26 57 40 19 41 34 22 13 58 74 67 52 85 61 57 62 57 58 70 72 77 76 42
2 1 0 0 4 4 1 2 4 8 4 12 41 31 8 4 10 14 35 41 53 79 45 24 21 30 69 71 80 41 83 70 69 72 87 83 64 78 54 64 61 91 49 79 61 56 46 30 31 27 23 16 45 80 66 75 65 78 90 66 43 45 61 78 78 61 70 67 55 21 26 34 57 60 71 52 32 44 45 47 52 15 61 69 63 77 85 86 92 75 85 87 74 39 78 28
3 3 1 0 3 2 1 3 5 3 6 12 22 27 7 2 28 23 18 23 31 45 62 60 42 27 48 59 76 78 72 84 82 55 57 47 50 74 33 50 90 79 64 52 40 61 42 49 53 54 52 24 29 57 53 64 69 82 81 64 59 72 74 79 79 46 63 69 55 28 26 44 63 62 52 79 46 34 44 46 48 31 22 60 68 84 79 54 55 66 66 81 73 39 50 62
5 2 1 0 1 1 1 6 3 3 3 7 40 15 4 2 18 9 19 26 28 41 51 50 53 31 35 17 36 69 56 64 69 60 62 59 45 37 52 86 53 75 43 28 43 73 60 58 60 60 46 41 23 25 23 45 62 68 79 57 46 60 61 85 80 54 61 77 35 14 16 38 37 53 85 76 52 53 26 57 39 53 49 19 53 77 76 73 72 66 47 44 59 35 21 38
2 2 1 0 0 0 0 3 3 1 7 17 30 28 4 2 8 2 10 38 37 39 14 22 45 32 34 26 56 84 76 70 46 62 45 29 36 31 65 45 42 44 24 58 83 68 65 64 47 34 32 29 23 18 8 11 38 57 74 41 65 62 85 88 87 53 77 64 53 30 19 29 54 74 91 52 50 82 44 52 46 51 59 39 17 59 64 49 32 45 40 36 28 37 33 30
6 4 2 1 1 0 0 1 2 3 5 20 11 6 11 3 11 2 1 6 9 30 15 15 16 9 22 39 69 80 53 60 70 64 58 32 17 33 75 23 53 57 68 78 80 62 81 42 30 37 64 58 63 57 46 17 6 5 27 41 46 67 79 87 86 59 89 65 64 52 28 31 52 88 74 39 74 71 52 40 57 60 58 46 32 10 27 47 39 39 23 35 54 59 42 39
2 2 1 0 0 0 0 0 1 3 5 8 7 2 2 1 11 3 1 10 8 10 7 11 17 16 13 38 15 38 45 42 47 40 10 23 38 45 50 27 64 66 82 68 64 49 85 77 77 59 60 55 52 31 34 10 5 4 6 25 55 81 73 84 76 52 77 71 38 31 32 54 50 73 43 60 82 72 74 78 60 63 46 43 44 30 8 15 17 24 38 47 53 54 45 32
1 1 1 1 0 0 0 0 0 1 3 6 6 4 2 1 8 2 1 4 3 4 5 8 6 16 17 22 14 4 12 15 12 10 30 40 66 75 50 50 28 65 91 61 38 80 74 65 79 61 60 47 30 34 30 32 15 7 7 42 71 67 83 85 81 78 75 79 63 25 41 34 41 22 33 75 73 44 69 48 52 47 43 40 46 33 38 15 5 24 37 59 61 51 43 20
2 1 2 3 1 1 1 1 1 1 2 3 2 2 2 1 3 1 0 2 3 2 2 3 4 9 10 12 12 9 3 3 5 19 27 64 74 49 55 63 41 80 86 57 71 67 69 47 87 65 73 57 65 67 63 41 22 8 9 15 55 49 77 78 72 64 72 78 65 38 26 43 51 48 53 61 71 87 55 66 42 32 50 42 29 44 56 46 14 12 15 12 19 23 26 19
8 6 3 7 5 3 3 2 1 0 1 1 1 1 1 1 1 1 0 1 1 1 1 1 2 4 6 6 7 17 2 3 6 21 65 75 48 32 62 67 54 69 74 59 54 71 62 59 85 69 56 69 55 61 56 38 22 9 6 7 10 42 66 69 65 49 71 62 37 13 25 55 30 53 74 69 78 58 40 81 50 44 47 46 71 52 32 35 40 34 26 8 4 3 6 8
15 7 11 10 11 7 9 4 2 1 0 0 0 0 1 1 1 1 0 0 1 1 1 1 1 1 6 5 5 2 3 2 9 56 47 52 15 44 81 55 38 42 54 21 34 81 55 81 84 78 55 68 77 45 18 17 18 19 15 8 10 19 38 48 54 46 31 39 18 17 38 42 38 59 70 78 61 54 66 75 73 43 53 77 72 68 49 42 44 42 47 34 16 5 2 5
18 18 20 10 16 12 6 5 3 3 3 1 0 0 0 0 1 1 0 0 1 0 0 0 0 1 4 7 3 2 4 1 14 33 21 12 18 57 76 58 26 34 30 25 71 63 47 56 89 89 46 50 48 59 38 17 4 8 9 14 13 15 11 19 10 26 33 29 11 28 46 48 44 45 68 62 55 68 44 29 71 65 67 73 74 56 53 45 31 35 42 29 22 8 6 2
29 17 24 25 19 10 9 10 5 5 2 2 1 1 0 0 0 0 0 0 0 0 0 0 0 1 1 5 1 1 4 1 6 16 6 10 17 32 33 39 28 31 17 56 63 25 55 90 87 79 79 32 16 20 13 15 4 6 15 24 12 20 10 6 7 15 11 10 10 34 37 56 33 56 64 59 74 41 53 46 74 51 44 45 51 68 66 46 35 24 37 27 25 20 15 5
22 13 31 29 9 12 5 5 10 7 3 3 2 2 1 0 0 0 0 0 0 0 0 0 0 0 0 0 0 5 1 1 1 2 4 16 20 31 69 42 33 23 34 39 41 43 49 89 83 73 94 68 39 45 36 16 7 4 2 6 24 11 8 4 6 11 8 7 13 25 41 51 48 25 34 37 46 45 47 62 24 76 57 61 61 67 60 62 66 43 37 36 34 37 16 9
12 26 56 29 25 10 20 9 15 11 4 4 3 1 1 1 1 0 0 0 0 0 0 0 0 0 0 0 1 4 0 1 1 1 5 17 23 5 17 16 24 19 19 30 26 34 62 84 77 78 85 85 39 22 13 9 7 9 6 1 2 5 5 5 5 8 5 7 8 22 32 51 48 53 18 31 50 48 30 40 66 52 43 67 68 63 65 70 59 69 52 58 51 41 22 15
20 33 53 28 21 18 8 10 15 10 8 5 3 2 1 1 1 1 1 1 1 1 0 0 1 0 0 0 0 2 0 1 1 1 4 5 6 7 5 2 17 24 13 9 18 63 78 76 63 59 78 79 56 35 34 35 27 13 9 3 1 4 3 2 4 3 3 6 12 20 20 32 31 31 45 43 37 59 88 87 79 85 65 66 59 55 60 66 76 63 74 65 50 44 37 30
23 47 18 19 25 16 13 7 15 12 3 2 5 2 2 1 1 1 1 2 2 1 1 1 1 1 0 0 0 1 0 1 1 2 3 3 4 6 6 2 5 31 16 5 22 37 77 63 22 20 34 65 80 67 42 32 22 12 6 2 1 4 2 1 2 2 4 9 14 20 21 27 35 53 69 72 66 84 83 81 75 62 53 42 42 61 77 68 65 69 74 72 65 63 48 37
53 18 24 19 12 19 18 9 4 5 6 6 5 4 2 2 2 2 2 4 3 2 3 1 2 1 1 0 0 0 0 0 1 1 3 4 6 6 5 2 3 6 10 3 13 19 43 21 10 14 38 53 78 68 54 30 23 13 5 3 1 1 1 1 3 2 5 15 15 19 24 25 57 66 83 68 77 72 76 61 32 29 38 61 31 63 71 64 78 85 75 56 34 25 15 12
18 23 37 53 39 24 6 4 5 12 10 7 3 6 5 5 3 5 5 5 4 4 3 3 3 1 0 0 0 0 0 0 0 1 2 7 12 6 7 2 2 2 3 1 3 8 6 11 14 27 35 62 82 68 57 48 34 22 17 6 1 1 1 0 2 4 7 6 6 13 31 34 44 53 58 64 69 61 44 34 45 41 65 65 87 69 54 73 86 74 58 56 49 39 28 23
44 52 40 11 9 13 14 6 10 16 13 9 9 8 7 9 6 7 8 9 3 8 5 5 3 1 0 0 0 0 0 0 0 0 1 3 3 5 7 3 3 2 3 1 3 6 11 37 52 58 82 63 82 76 65 40 39 16 9 4 1 1 1 0 0 1 2 8 14 12 24 49 28 38 39 58 62 26 16 32 33 49 76 66 82 64 85 73 75 61 59 59 49 51 47 35
46 25 30 25 22 12 16 7 21 20 18 18 27 14 19 15 13 19 14 8 8 8 10 3 3 2 1 0 0 0 0 0 0 0 1 1 4 8 7 2 1 2 2 1 3 7 25 16 43 53 48 47 87 76 60 27 15 8 5 2 1 0 0 0 0 1 3 12 21 14 20 43 36 26 25 37 26 31 55 56 40 73 72 62 72 81 68 75 65 60 47 55 56 60 51 61
26 21 12 9 8 6 3 13 27 25 24 38 23 27 26 23 26 9 7 20 11 15 11 4 2 1 1 1 1 0 0 0 0 0 1 1 0 2 4 2 1 1 1 2 6 7 4 10 27 66 30 57 74 49 50 33 16 7 2 1 1 0 0 0 0 0 3 6 24 15 16 6 16 27 23 38 45 49 47 46 51 76 66 56 63 64 41 74 47 52 60 67 66 45 72 71
14 20 27 28 23 11 10 18 30 49 44 41 28 34 50 44 21 12 12 29 16 7 6 4 2 1 1 1 1 1 0 0 0 0 0 1 0 0 0 0 0 1 1 2 4 3 5 13 49 11 12 40 79 49 29 14 8 6 5 3 1 0 0 0 0 0 2 3 7 10 11 9 25 21 30 42 58 72 71 74 73 88 63 42 39 49 67 85 83 61 60 61 51 56 62 56
28 47 30 47 20 18 21 35 37 52 49 19 19 40 35 23 17 16 26 42 13 8 6 5 3 2 1 1 1 0 0 0 0 0 0 0 0 0 0 0 0 1 1 1 1 3 6 3 28 8 21 52 72 32 13 11 7 2 2 2 1 1 0 0 0 0 1 1 3 5 11 18 31 30 61 66 81 53 37 30 83 80 78 51 20 52 75 91 86 81 85 56 71 52 46 76
49 49 66 52 26 44 43 47 66 58 39 27 31 51 31 42 13 23 48 18 10 8 8 7 6 4 2 1 0 1 1 0 0 0 0 0 0 0 0 0 0 0 0 1 1 3 4 5 2 5 24 60 68 29 16 11 4 3 2 1 1 0 0 0 0 0 1 3 6 10 16 21 35 50 63 59 31 34 29 75 79 79 81 82 38 58 82 83 74 68 69 72 50 52 31 49
67 67 43 32 38 50 49 68 37 50 21 43 46 74 56 35 17 47 11 7 18 8 6 3 4 3 2 2 2 1 1 1 1 0 0 0 0 0 0 0 0 0 0 1 1 4 1 4 1 2 13 41 78 60 18 9 5 2 2 1 1 0 0 0 0 0 2 5 14 17 18 25 32 34 35 45 42 59 75 81 75 76 64 80 67 59 63 37 21 20 56 82 69 46 26 27
75 59 43 31 43 59 67 17 61 27 33 53 68 69 41 24 49 36 16 7 6 9 3 2 5 4 6 3 3 4 2 2 1 1 0 0 0 0 0 0 0 0 0 1 1 2 0 2 0 3 7 5 35 41 14 5 2 1 1 0 1 1 0 0 0 1 2 4 6 9 13 14 22 29 57 69 65 67 74 63 69 58 42 69 59 38 34 45 61 68 85 42 54 50 26 19
43 60 45 39 56 74 75 31 62 56 70 56 80 48 34 41 52 16 18 13 33 14 6 4 7 13 7 10 7 8 3 1 0 1 1 1 1 0 0 0 0 0 0 1 1 0 1 2 0 2 3 21 28 12 11 7 5 3 1 0 1 1 0 0 0 0 1 3 6 6 9 13 24 23 25 30 34 38 84 45 65 71 50 40 31 23 58 66 66 80 79 61 44 57 53 48
86 43 62 63 73 51 52 61 62 54 56 58 53 46 43 69 28 35 26 50 37 17 18 13 7 19 22 19 24 10 7 1 0 1 0 0 0 0 0 0 0 0 0 0 0 0 4 1 0 2 14 24 37 7 5 8 3 2 2 1 1 0 0 0 0 0 0 1 2 4 2 6 6 8 23 41 43 47 73 64 52 66 85 32 22 38 48 57 76 69 66 77 58 56 42 50
79 94 89 91 86 58 20 13 55 36 62 73 83 75 62 67 64 73 53 62 44 38 32 23 20 30 43 44 13 12 6 3 3 1 1 1 0 0 1 0 0 0 0 0 0 0 0 0 0 2 6 28 25 4 6 5 5 2 1 1 1 0 0 0 0 0 1 2 3 7 11 17 33 32 22 27 44 77 71 74 74 52 53 61 25 34 62 62 51 36 74 87 58 46 56 63
64 87 71 80 78 61 76 35 53 44 21 33 77 85 86 61 45 47 61 60 55 49 57 36 46 45 55 33 26 18 11 6 4 3 3 1 1 1 0 0 0 0 0 0 0 0 0 0 0 1 4 2 9 3 9 3 4 3 1 1 1 1 0 0 0 0 1 3 5 13 28 22 15 32 58 41 59 76 76 88 75 57 45 34 6 15 23 44 67 81 87 64 86 58 54 60
44 84 63 74 76 66 87 63 36 70 47 35 61 72 68 59 67 43 69 82 84 63 50 34 72 53 50 34 20 13 12 8 7 7 4 2 1 1 0 0 0 0 0 0 0 0 0 0 0 0 1 2 12 5 12 8 3 3 1 1 0 0 0 0 0 1 2 2 5 11 30 42 52 49 68 74 80 76 71 84 81 43 24 15 10 16 42 62 57 90 60 72 81 85 61 59
45 78 65 58 75 52 57 23 40 73 49 26 9 44 56 57 64 44 39 70 77 35 65 28 57 45 52 33 24 7 12 20 16 13 9 2 1 1 1 1 0 0 0 0 0 0 0 0 0 0 1 3 11 2 2 1 3 4 3 1 0 0 0 0 0 1 2 2 5 10 21 36 33 24 29 44 82 57 80 79 86 78 17 9 9 22 53 35 67 82 69 79 66 62 46 66
12 34 23 42 65 52 50 13 41 77 36 18 10 19 54 51 53 47 18 22 46 27 28 45 17 15 62 25 10 5 3 4 7 5 5 4 2 2 2 0 0 0 0 0 0 0 0 0 0 0 1 4 3 6 2 1 1 1 0 0 0 0 0 0 0 0 1 1 3 5 11 11 18 35 41 59 88 90 71 58 72 76 48 10 4 14 18 40 75 61 58 28 21 31 45 64
12 30 57 40 46 33 60 33 48 78 57 22 18 17 47 65 31 5 6 13 20 10 17 53 19 8 43 27 32 7 0 5 11 7 3 6 4 3 1 0 0 0 0 0 0 0 0 0 0 1 1 3 1 2 1 1 0 0 0 0 0 0 0 0 0 0 0 1 1 4 11 16 35 39 52 82 89 87 80 38 38 51 41 15 3 10 25 50 48 24 27 58 63 59 63 76
18 10 9 12 19 30 62 19 47 50 79 33 15 11 14 11 7 6 5 14 12 10 6 41 9 24 27 21 37 38 11 5 5 3 4 5 3 2 1 1 0 0 0 0 0 0 0 0 0 0 1 3 0 1 1 2 1 0 0 0 0 0 0 0 0 1 5 4 6 19 33 58 68 51 72 92 88 86 77 51 8 17 33 25 5 10 23 45 34 40 87 62 46 53 42 77
20 21 8 8 16 26 47 37 21 34 70 31 8 4 13 14 5 15 4 5 9 7 6 43 8 5 22 14 21 29 13 8 9 3 1 1 1 1 0 0 0 0 0 0 0 0 0 0 0 0 1 1 0 1 0 0 1 1 0 0 0 0 0 0 0 1 2 7 23 36 66 44 28 47 80 91 84 71 65 66 46 8 28 24 5 11 25 23 22 70 63 49 62 78 22 10
20 24 13 8 12 7 40 43 34 10 70 24 5 2 10 9 13 15 9 5 6 8 2 11 24 1 5 6 21 44 10 2 3 2 3 3 2 1 1 1 0 0 0 0 0 0 0 0 0 0 1 1 0 0 0 0 0 0 0 0 0 0 0 0 0 1 2 9 16 19 11 17 44 56 74 73 78 61 49 30 42 11 6 8 8 19 14 13 49 82 40 55 65 74 66 22
29 16 13 4 4 5 22 49 14 13 45 32 14 1 8 8 19 13 10 6 6 11 4 5 48 4 7 6 17 18 22 11 8 9 5 3 3 2 1 0 0 0 0 0 0 0 0 0 0 1 2 1 0 0 0 0 0 0 0 0 0 0 0 0 0 1 7 9 8 7 21 33 54 86 71 53 70 33 16 12 32 13 6 1 2 13 14 32 73 42 39 53 77 62 63 29
52 8 13 5 3 5 10 15 4 3 50 19 2 1 6 8 17 12 16 10 11 7 7 5 14 5 2 6 11 9 17 20 7 4 3 1 2 2 1 1 0 0 0 0 0 0 0 0 0 0 1 1 0 0 0 0 0 0 0 0 0 0 0 0 0 2 3 2 2 6 28 43 77 81 76 45 25 39 8 10 24 7 2 1 4 17 30 42 52 15 50 81 70 67 77 39
8 13 5 4 3 2 3 6 4 7 25 8 3 1 4 5 14 3 10 5 6 7 5 4 7 12 4 1 1 6 6 14 5 3 3 2 1 0 1 1 0 0 0 0 0 0 0 0 0 1 1 0 0 0 0 0 0 0 0 0 0 0 0 0 0 1 1 0 4 18 32 44 78 81 57 34 18 25 25 4 6 4 1 1 5 9 22 46 22 29 69 58 60 63 58 50
8 5 9 8 2 3 1 1 1 2 5 2 7 2 1 4 12 3 2 6 2 1 1 8 8 14 1 1 0 1 8 16 13 4 2 1 1 0 0 0 0 0 0 0 0 0 0 0 0 0 0 0 0 0 0 0 0 0 0 0 0 0 0 0 1 0 0 1 7 20 37 70 65 61 47 34 17 10 20 5 2 2 1 1 5 7 26 34 22 17 22 44 41 37 54 61
14 6 4 9 9 4 3 1 1 3 2 1 5 5 1 3 6 5 1 1 1 2 1 17 6 7 3 0 0 0 1 3 10 8 3 1 1 0 0 0 1 0 0 0 0 0 0 0 0 0 0 0 0 0 0 0 0 0 0 0 0 0 0 0 0 0 0 2 10 39 50 73 67 43 19 6 4 4 5 5 3 1 0 1 3 5 14 13 10 7 22 20 15 30 51 66
16 7 3 4 5 9 3 1 0 2 2 1 1 2 1 1 3 3 1 1 1 0 0 2 0 1 5 0 0 0 0 1 7 8 3 1 1 3 2 1 0 0 0 0 0 0 0 0 0 0 0 0 0 0 0 0 0 0 0 0 0 0 0 0 0 0 0 1 11 63 59 56 69 53 18 6 2 0 1 3 2 1 0 1 2 4 8 4 4 15 25 34 66 55 70 63
38 13 5 1 3 5 8 1 1 2 2 1 0 1 1 0 1 4 1 1 0 0 0 1 0 0 2 1 0 1 0 0 2 15 7 2 1 0 0 0 0 0 0 0 0 0 0 0 0 0 0 0 0 0 0 0 0 0 0 0 0 0 0 0 0 1 2 7 24 33 68 69 45 55 36 11 5 1 0 0 1 1 0 0 0 1 2 1 4 14 21 63 65 58 56 62
21 56 9 3 1 1 1 1 1 2 1 1 1 0 1 0 0 4 1 1 0 0 0 0 0 0 1 1 0 1 0 0 1 3 10 4 1 1 1 1 0 0 0 0 0 0 0 0 0 0 0 0 0 0 0 0 0 0 0 0 0 0 0 0 0 1 3 2 9 27 54 42 31 25 42 13 4 1 0 0 0 0 0 0 0 0 0 2 7 15 43 52 33 50 63 64
3 29 38 14 3 1 0 2 1 1 1 1 2 1 0 0 0 3 1 1 0 0 0 0 1 0 0 1 0 1 0 0 1 1 1 6 1 0 1 1 0 0 0 0 0 0 0 0 0 0 0 0 0 0 0 0 0 0 0 0 0 0 0 0 0 0 0 2 28 38 39 35 21 18 15 10 4 1 1 0 0 0 0 0 1 3 3 2 5 17 21 15 23 50 68 59
1 11 13 25 5 2 1 2 1 0 1 1 1 1 1 0 0 1 2 0 0 0 0 0 0 0 0 0 0 1 1 0 1 1 1 0 5 2 1 0 0 0 0 0 0 0 0 0 0 0 0 0 0 0 0 0 0 0 0 0 0 0 0 0 0 0 1 3 20 45 39 51 30 5 4 5 3 2 1 1 0 0 0 0 1 2 8 14 4 4 4 16 34 52 76 53
3 4 3 11 3 1 1 1 1 1 1 0 1 1 1 0 0 0 1 1 0 0 0 0 1 0 0 0 0 0 1 0 0 0 0 1 1 0 2 1 0 0 0 0 0 0 0 0 0 0 0 0 0 0 0 0 0 0 0 0 0 0 0 0 0 0 1 6 19 30 63 46 39 13 3 1 2 1 1 0 0 0 0 1 1 3 9 27 26 17 21 17 39 52 78 65
2 3 1 3 3 4 2 1 1 1 0 0 0 0 0 1 0 0 0 0 0 0 0 0 0 0 0 0 0 0 0 0 0 0 1 1 1 0 3 0 0 0 0 0 0 0 0 0 0 0 0 0 0 0 0 0 0 0 0 0 0 0 0 0 0 0 1 3 16 12 45 37 20 12 12 2 2 1 0 0 0 0 0 0 2 5 10 22 39 41 37 36 37 68 91 73
2 1 2 1 1 1 1 1 3 2 1 0 0 0 0 0 0 0 0 0 0 0 0 0 0 0 0 0 0 0 0 0 0 0 2 3 1 1 0 0 0 0 0 0 0 0 0 0 0 0 0 0 0 0 0 0 0 0 0 0 0 0 0 0 0 0 1 8 19 28 30 39 21 8 4 4 1 1 0 0 0 0 0 0 1 3 6 15 26 20 42 51 74 91 89 66
1 2 1 1 0 0 0 0 0 0 0 0 0 0 0 0 0 0 0 0 0 0 0 0 0 0 0 0 0 0 0 0 0 1 1 1 2 5 4 2 0 0 0 0 0 0 0 0 0 0 0 0 0 0 0 0 0 0 0 0 0 0 0 0 0 1 5 12 18 33 33 28 23 11 2 1 1 0 0 0 0 0 1 1 1 0 2 3 9 23 33 63 64 87 82 54
0 1 0 0 0 0 0 0 0 0 0 0 0 0 0 0 0 0 0 0 0 0 0 0 0 0 0 0 0 0 0 0 0 0 0 0 0 0 0 0 0 0 0 0 0 0 0 0 0 0 0 0 0 0 0 0 0 0 0 0 0 0 0 0 0 0 2 4 13 26 13 30 10 5 1 1 0 0 0 0 0 0 1 2 7 4 6 8 18 44 53 59 72 70 51 37
0 0 0 0 0 0 0 0 0 0 0 0 0 0 0 0 0 0 0 0 0 0 0 0 0 0 0 0 0 0 0 0 0 0 0 0 0 0 0 0 0 0 0 0 0 0 0 0 0 0 0 0 0 0 0 0 0 0 0 0 0 0 0 0 0 1 1 3 7 5 9 11 7 3 1 0 0 0 0 0 0 0 0 1 3 11 22 25 43 69 65 46 56 37 35 23
0 0 0 0 0 0 0 0 0 0 0 0 0 1 0 0 0 0 0 0 0 0 0 0 0 0 0 0 0 0 0 0 0 0 0 0 0 0 0 0 0 0 0 0 0 0 0 0 0 0 0 0 0 0 0 0 0 0 0 0 0 0 0 0 0 1 1 5 4 5 7 3 3 1 0 0 0 0 0 0 0 0 1 2 3 13 51 47 18 28 70 79 37 10 9 15
1 0 0 0 0 0 0 1 0 1 1 1 2 1 1 0 0 0 0 0 0 0 0 0 0 0 0 0 0 0 0 0 0 0 0 0 0 0 0 0 0 0 0 0 0 0 0 0 0 0 0 0 0 0 0 0 0 0 0 0 0 0 0 0 0 1 1 1 2 2 2 1 2 0 0 0 0 0 0 0 0 1 2 4 14 20 15 5 13 49 83 71 58 9 4 4
2 1 0 1 1 2 2 2 2 3 2 2 2 4 2 1 0 0 0 0 0 0 0 0 0 0 0 0 0 0 0 0 0 0 0 0 0 0 0 0 0 0 0 0 0 0 0 0 0 0 0 0 0 0 0 0 0 0 0 0 0 0 0 0 0 1 2 1 0 0 1 1 0 0 0 0 0 0 0 0 1 1 4 10 10 3 2 5 20 71 74 47 24 18 1 0
3 2 1 4 4 7 4 5 10 5 7 5 8 4 2 2 2 1 0 0 0 0 0 0 0 0 0 0 0 0 0 0 0 0 0 0 0 0 0 0 0 0 0 0 0 0 0 0 0 0 0 0 0 0 0 0 0 0 0 0 0 0 0 0 0 1 1 1 0 1 0 0 0 0 0 0 0 0 0 0 1 3 2 2 1 1 4 13 31 50 46 31 9 17 3 0
9 6 4 11 23 39 25 17 31 21 17 10 26 15 10 6 1 1 1 1 0 0 0 0 0 0 0 0 0 0 0 0 0 0 0 0 0 0 0 0 0 0 0 0 0 0 0 0 0 0 0 0 0 0 0 0 0 0 0 0 0 0 0 0 0 1 2 1 0 0 0 0 0 0 0 0 0 0 0 0 1 1 1 0 1 3 8 31 47 30 26 10 4 6 8 0
40 40 28 20 21 19 9 5 19 9 9 8 10 15 14 3 2 2 2 2 1 0 0 0 0 0 0 0 0 0 0 0 0 0 0 0 0 0 0 0 0 0 0 0 0 0 0 0 0 0 0 0 0 0 0 0 0 0 0 0 0 0 0 0 0 1 2 2 0 0 0 0 0 0 0 0 0 0 0 0 0 0 0 1 2 4 10 48 48 68 16 2 1 2 3 0
29 18 36 18 15 20 17 11 7 5 9 16 7 5 10 19 11 3 0 0 0 0 0 0 0 0 0 0 0 0 0 0 0 0 0 0 0 0 0 0 0 0 0 0 0 0 0 0 0 0 0 0 0 0 0 0 0 0 0 0 0 0 0 0 0 0 1 3 1 0 0 0 0 0 0 0 0 0 0 0 0 0 1 1 3 5 24 18 28 36 30 3 0 0 1 1
25 6 23 20 5 2 6 9 12 8 4 3 19 4 6 12 4 3 1 1 0 0 0 0 0 0 0 0 0 0 0 0 0 0 0 0 0 0 0 0 0 0 0 0 0 0 0 0 0 0 0 0 0 0 0 0 0 0 0 0 0 0 0 0 0 0 0 1 1 0 0 0 0 0 0 0 0 0 0 0 0 0 1 2 7 15 21 13 11 7 23 4 1 0 0 0
