sesion_6_simulaciones/modelos_agentes/ejemplos_netlogo/scenarios/cgcm2_b2/rob_2075.asc
NCOLS 322 
NROWS 307 
XLLCORNER 451900 
YLLCORNER 4086900 
CELLSIZE 100 
NODATA_value -9999 
[rows 74 to 147 of 307, columns 0 to 95 of 322]
0 0 0 0 0 0 0 0 0 0 0 0 0 0 0 0 0 0 0 0 0 0 0 0 0 0 0 0 0 0 0 0 0 0 1 1 4 4 3 3 1 3 1 0 0 0 1 1 1 1 0 1 1 0 1 0 0 1 1 1 1 4 3 4 2 1 1 3 4 6 14 7 5 3 17 48 19 22 41 63 63 17 25 34 44 10 6 5 11 6 8 9 6 6 12 9
0 0 0 0 0 0 0 0 0 0 0 0 0 0 0 0 0 0 0 0 0 0 0 0 0 0 0 0 0 0 0 0 0 0 2 3 2 2 8 6 1 2 3 1 1 0 1 1 1 1 1 1 1 0 1 1 0 0 0 0 1 1 6 9 3 3 7 5 5 2 4 9 9 6 11 58 22 9 7 50 46 31 27 19 7 23 23 9 10 8 10 20 17 10 7 41
0 0 0 0 0 0 0 0 0 0 0 0 0 0 0 0 0 0 0 0 0 0 0 0 0 0 0 0 0 0 0 0 0 0 0 2 2 5 4 3 3 9 3 1 2 1 1 1 0 1 2 0 1 1 1 0 3 1 0 0 1 4 3 7 7 6 10 9 13 8 7 3 3 3 10 60 72 22 12 13 34 35 19 7 7 46 43 34 27 6 5 4 25 29 18 26
0 0 0 0 0 0 0 0 0 0 0 0 0 0 0 0 0 0 0 0 0 0 0 0 0 0 0 0 0 0 0 0 0 0 1 0 1 1 1 1 8 2 3 2 3 4 1 0 1 1 1 1 1 1 2 1 1 1 0 1 2 3 2 6 4 6 9 10 13 16 17 17 16 12 7 14 49 34 22 6 37 54 12 6 35 57 11 55 37 19 8 22 34 33 33 18
0 0 0 0 0 0 0 0 0 0 0 0 0 0 0 0 0 0 0 0 0 0 0 0 0 0 0 0 0 0 0 0 0 0 0 0 0 1 1 3 3 6 2 4 5 16 4 3 5 2 2 1 1 1 0 0 1 1 2 2 2 1 2 1 3 6 7 14 14 14 15 25 18 19 9 3 5 15 16 9 18 18 13 13 40 16 11 7 7 27 16 24 19 25 29 35
0 0 0 0 0 0 0 0 0 0 0 0 0 0 0 0 0 0 0 0 0 0 0 0 0 0 0 0 0 0 0 0 1 3 5 5 2 1 2 4 5 11 7 2 2 4 13 15 29 25 14 6 3 3 2 1 1 1 2 2 1 1 1 1 1 2 2 1 3 13 17 16 18 20 14 12 7 15 5 4 16 18 13 22 38 15 28 15 8 20 27 51 64 60 43 47
0 0 0 0 0 0 0 0 0 0 0 0 0 0 0 0 0 0 0 0 0 0 0 0 0 0 0 0 0 0 0 0 0 2 10 15 3 1 2 7 7 5 13 7 2 3 5 16 52 59 67 74 51 11 6 3 2 2 2 2 1 1 1 0 2 2 2 3 4 10 17 13 19 23 21 11 10 5 3 0 6 15 17 22 34 24 10 12 14 19 63 64 64 38 38 65
0 0 0 0 0 0 0 0 0 0 0 0 0 0 0 0 0 0 0 0 0 0 0 1 0 0 0 0 0 0 0 0 0 0 1 6 4 2 2 6 13 36 10 20 15 6 4 2 1 4 14 23 40 56 31 10 4 2 2 2 1 2 1 4 1 0 1 1 2 5 6 21 19 23 27 16 4 1 2 2 4 7 10 26 13 26 32 35 21 17 12 9 31 22 30 47
0 0 0 0 0 0 0 0 0 0 0 0 0 0 0 0 0 0 0 1 1 1 3 1 4 1 0 0 0 0 0 0 0 1 2 1 1 1 1 4 5 5 8 22 11 8 10 6 2 1 0 1 3 16 15 38 14 5 2 13 17 6 3 1 6 3 1 3 1 1 5 12 25 17 12 13 8 5 6 11 4 4 14 38 14 41 39 36 32 38 25 13 12 29 65 77
0 0 0 0 0 0 0 0 0 0 0 0 0 0 0 0 0 1 2 2 0 1 0 0 0 0 0 0 0 0 0 0 0 0 1 1 1 1 3 4 12 19 6 4 2 3 3 3 1 2 2 1 6 3 3 8 17 11 31 21 5 2 2 2 5 1 2 3 3 3 22 18 22 14 12 15 19 24 14 7 10 9 36 43 27 58 52 78 59 54 57 50 15 13 17 18
0 0 0 0 0 0 0 0 0 0 0 0 0 0 0 0 0 1 0 0 0 0 0 0 0 0 0 0 1 1 1 0 0 1 2 2 1 2 3 4 7 15 20 14 1 0 1 2 2 1 1 7 22 10 9 6 4 18 47 8 5 3 1 1 2 2 3 2 9 15 13 16 15 12 13 13 17 16 26 6 10 8 15 12 25 62 30 45 60 74 49 53 54 34 25 19
0 0 0 0 0 0 0 0 0 0 0 0 0 0 0 0 0 0 0 0 0 0 0 0 0 0 0 0 0 0 0 0 0 1 1 2 1 6 3 4 9 11 21 21 9 10 14 10 13 15 10 13 17 12 9 5 9 18 7 8 6 8 5 2 1 1 1 9 7 5 15 9 36 11 9 27 18 16 18 13 10 7 8 21 5 44 35 65 64 79 85 85 68 46 32 27
0 0 0 0 0 0 0 0 0 0 0 0 0 0 0 0 0 0 0 0 0 0 0 0 0 0 0 0 0 0 0 0 0 0 1 1 1 2 2 6 10 5 15 11 7 9 14 8 7 11 12 5 8 9 8 8 18 6 8 10 14 6 2 1 1 2 2 1 2 5 3 9 4 4 28 17 13 18 46 21 24 12 6 16 29 48 42 33 71 67 58 60 74 37 33 28
0 0 0 0 0 0 0 0 0 0 0 0 0 0 0 0 0 0 0 0 0 0 0 1 1 1 1 2 1 0 0 0 0 0 0 0 1 1 1 4 10 3 2 3 3 5 12 1 5 7 5 7 7 12 10 6 8 4 7 8 10 2 2 1 2 3 9 13 10 6 8 6 6 5 4 4 31 41 9 19 19 13 13 9 14 19 35 52 61 68 16 41 56 58 32 27
0 0 0 0 0 0 0 0 0 0 0 0 0 0 0 0 0 0 0 0 0 0 0 0 3 2 2 2 1 3 2 1 1 0 0 0 0 1 1 2 2 1 3 2 5 8 10 3 5 9 3 3 4 11 7 3 5 3 6 8 3 0 0 1 4 1 1 5 14 4 8 7 5 7 12 7 8 13 11 10 6 10 22 20 13 15 14 10 28 26 16 43 22 57 47 35
0 0 0 0 0 0 0 0 0 0 0 0 0 0 0 0 0 0 0 0 0 0 0 1 1 5 6 3 2 3 2 3 1 2 1 1 0 0 0 0 0 1 1 2 2 3 5 1 1 4 1 4 1 6 10 2 4 2 13 3 2 2 2 4 4 1 1 1 24 6 7 5 6 5 6 15 17 37 36 30 41 27 15 10 29 37 33 30 13 10 21 38 43 18 37 31
0 0 0 0 0 0 0 0 0 0 0 0 0 0 0 0 0 0 0 0 0 0 2 3 14 1 9 10 2 3 4 4 2 5 1 3 2 1 0 0 0 0 0 0 1 4 1 1 2 1 2 5 3 9 0 3 7 3 4 1 1 3 5 3 2 2 1 1 6 48 37 15 6 24 21 30 61 55 13 22 49 38 46 42 38 41 40 39 30 14 7 33 29 15 9 4
0 0 0 0 0 0 0 0 0 0 0 0 0 0 0 0 0 1 0 0 1 0 0 2 7 2 1 22 14 2 1 7 3 7 7 12 3 2 2 0 1 1 1 0 0 0 1 0 1 1 14 18 26 16 21 3 1 4 1 0 1 3 2 1 1 1 9 8 2 3 13 16 59 83 57 33 17 14 60 26 6 30 47 40 34 37 42 42 34 15 10 11 6 4 6 21
0 0 0 0 0 0 0 0 0 0 0 0 0 0 0 1 1 1 1 0 0 0 0 3 1 4 5 15 36 11 1 1 1 2 2 5 3 5 8 2 1 0 3 4 4 4 5 1 4 23 38 22 4 6 18 32 8 1 2 2 1 3 1 1 2 2 2 2 7 3 4 5 4 6 5 54 18 18 11 25 42 14 20 52 38 42 45 38 39 36 20 6 12 26 14 21
0 0 0 0 0 0 0 0 0 0 0 0 0 0 0 0 1 2 5 2 0 4 1 1 0 2 1 0 6 6 16 2 1 0 3 1 3 13 3 1 8 1 2 7 17 10 6 16 19 24 48 48 13 36 26 40 15 20 11 8 3 5 1 1 1 2 1 3 3 2 2 1 4 4 4 12 10 16 13 16 28 52 27 32 41 41 27 29 19 11 22 29 35 8 6 8
0 0 0 0 0 0 0 0 0 0 0 0 0 0 0 0 0 2 1 2 1 1 1 1 0 4 1 1 1 9 35 8 1 1 1 4 2 4 17 2 16 1 3 20 19 15 19 35 36 72 64 59 43 77 67 55 38 39 33 4 5 4 1 1 1 2 5 14 7 6 3 11 15 12 8 5 7 17 24 19 12 13 42 41 37 21 28 13 13 33 37 29 36 35 21 11
0 0 0 0 0 0 0 0 0 0 0 0 0 0 0 0 0 0 1 1 2 4 1 1 1 3 3 1 1 3 18 22 8 4 1 2 0 2 14 2 15 2 5 19 22 28 56 62 65 79 70 27 61 50 48 41 34 50 4 2 10 4 2 1 2 1 3 6 9 5 33 8 3 6 7 14 43 44 45 34 26 20 22 31 20 11 27 25 25 32 50 40 22 16 21 18
0 0 0 0 0 0 0 0 0 0 0 0 0 0 0 0 1 0 0 1 1 1 1 2 4 2 6 4 3 1 12 34 2 2 2 3 1 7 35 18 28 19 7 14 33 56 79 73 46 81 48 9 28 6 16 50 61 43 11 30 24 21 4 1 1 1 2 3 3 19 4 9 14 5 8 27 21 15 35 46 49 26 13 13 9 15 31 48 44 43 41 46 23 24 23 36
0 0 0 0 0 0 0 0 0 0 0 0 2 0 0 0 0 1 1 1 0 0 1 6 10 12 5 10 5 3 16 39 3 2 8 8 2 7 4 20 38 61 24 28 52 60 85 80 36 57 10 16 8 3 1 3 54 65 59 47 17 31 2 1 10 15 3 1 3 3 6 17 6 25 28 6 20 41 30 47 38 43 44 18 30 32 46 45 53 36 53 51 38 42 36 49
0 0 0 0 0 0 0 0 0 0 0 0 1 3 0 1 0 1 2 3 5 2 3 6 8 12 11 22 13 15 7 21 6 6 6 3 3 11 5 10 16 47 38 52 55 60 84 92 81 58 23 9 2 2 1 2 3 2 70 46 47 7 2 11 5 7 7 2 2 1 9 7 25 18 13 8 11 6 23 30 50 57 38 25 30 48 40 36 57 28 74 33 39 40 30 35
0 1 1 0 0 0 0 0 0 0 0 0 0 0 3 3 0 1 4 4 6 4 8 21 26 32 33 25 25 30 3 17 26 12 8 5 4 6 3 1 5 43 7 18 18 24 79 83 77 33 20 22 13 11 4 7 2 7 4 4 6 4 9 12 13 4 3 1 2 3 3 8 8 10 5 4 5 17 22 39 44 50 33 30 25 36 45 21 46 39 75 46 45 25 35 46
0 0 1 0 0 0 0 0 0 0 0 0 0 0 2 0 7 1 1 2 4 3 1 2 5 13 17 8 27 32 13 46 64 36 10 23 8 9 8 2 25 40 29 16 24 28 12 39 55 13 23 28 21 14 21 11 5 16 8 14 6 2 8 11 8 4 3 1 4 2 1 1 11 13 11 10 15 22 23 30 30 42 32 30 30 25 34 30 62 64 21 40 47 46 50 34
0 0 0 0 0 0 0 0 0 0 0 0 0 0 0 1 2 11 3 4 2 7 7 9 17 23 21 11 5 6 7 54 45 24 42 48 60 38 7 6 26 29 75 43 41 37 34 11 7 14 37 31 22 17 9 18 19 11 9 7 9 8 17 13 7 5 2 3 5 1 1 2 3 6 8 19 16 22 24 27 27 25 20 33 35 23 24 31 51 7 23 37 31 12 8 21
0 0 0 0 0 0 0 0 0 0 0 0 0 1 1 1 1 2 3 5 8 17 14 19 27 49 31 28 19 9 5 3 45 57 53 20 74 45 26 46 56 16 63 39 81 69 31 14 13 7 22 32 24 18 21 8 19 13 12 7 13 16 34 37 12 4 1 1 3 1 1 1 1 2 2 12 11 13 18 18 25 19 23 32 14 37 29 57 22 14 31 33 35 22 20 33
0 0 0 0 0 0 0 0 0 0 0 0 1 1 1 1 1 3 3 4 11 14 42 33 37 31 56 36 13 16 12 10 5 38 45 11 15 12 62 33 26 9 72 32 17 6 23 16 23 16 24 36 39 30 18 9 5 8 2 4 8 6 18 21 1 4 3 1 2 2 5 4 2 4 5 2 10 12 15 16 12 32 11 4 17 47 23 54 16 7 13 18 21 20 30 35
0 0 0 0 0 0 0 0 0 0 0 0 0 0 3 3 2 2 2 3 3 10 47 53 21 19 24 27 34 31 20 28 14 5 4 16 7 13 67 12 10 21 44 16 16 11 26 19 20 16 8 24 28 30 15 8 6 7 3 3 3 3 4 2 3 4 3 1 2 4 5 1 4 5 5 4 13 12 12 11 38 9 9 16 20 32 26 20 22 4 5 15 19 32 37 51
0 0 0 0 0 0 0 0 0 0 0 0 0 0 1 1 4 5 12 16 10 19 15 13 7 3 13 26 33 27 44 45 12 6 2 4 11 42 23 21 4 50 69 26 23 23 22 29 33 8 12 18 16 17 8 10 7 3 3 1 2 1 2 7 8 4 4 4 5 5 5 3 2 9 3 4 8 6 9 22 13 8 13 9 19 8 20 29 42 16 11 15 23 26 20 46
0 0 0 0 0 0 0 0 0 0 0 0 0 1 1 3 3 7 12 10 12 33 15 10 13 14 5 14 22 18 19 12 7 16 13 15 30 20 35 16 19 26 48 50 37 28 11 15 18 6 5 22 29 33 29 14 7 4 8 17 11 4 3 5 3 2 16 11 4 4 3 32 13 6 5 3 3 4 6 14 5 9 10 4 12 10 20 32 19 36 22 30 24 36 33 42
0 0 0 0 1 1 0 0 0 0 0 0 1 8 3 17 8 3 7 19 23 23 34 17 13 15 15 10 24 21 12 10 15 22 26 26 8 12 17 19 18 6 11 25 35 20 4 8 7 8 11 15 12 13 10 8 8 3 26 25 12 12 2 2 5 3 21 70 45 23 12 8 28 43 9 4 4 5 10 6 2 14 4 10 9 18 7 9 11 19 33 25 55 37 18 25
0 0 0 0 0 0 0 0 0 0 0 0 0 1 8 8 15 19 13 21 17 12 29 14 9 9 7 4 4 6 15 14 22 22 13 24 22 19 17 13 5 11 21 7 34 22 16 15 14 6 6 6 6 27 17 14 10 3 6 5 5 4 11 4 10 14 11 48 67 48 5 10 11 6 29 15 4 5 5 5 10 15 5 37 16 13 14 21 15 23 34 47 22 21 23 11
0 0 0 0 0 1 1 0 0 0 0 0 0 1 1 1 1 2 7 16 17 17 28 36 20 14 18 15 8 5 9 3 6 11 12 20 22 14 23 7 4 16 8 12 35 19 19 14 16 9 7 7 8 19 31 3 6 5 10 8 6 23 19 22 28 14 23 17 58 32 29 8 7 8 9 20 12 16 11 15 5 9 11 20 15 20 24 9 14 57 25 13 31 22 27 25
0 0 0 0 0 0 0 0 0 0 0 0 1 1 3 3 2 1 4 13 18 38 47 56 49 18 11 5 3 5 4 1 1 3 6 7 13 16 11 13 12 15 5 26 4 3 8 10 12 12 19 18 9 19 12 11 7 12 17 4 13 16 9 9 68 25 25 14 6 59 59 17 19 7 26 39 39 59 38 29 17 15 6 22 47 30 50 37 35 43 35 19 33 37 44 25
0 0 0 0 0 0 0 0 0 0 0 1 0 1 3 2 2 8 5 28 62 37 17 27 37 20 14 15 6 1 4 6 9 4 2 6 18 17 4 10 24 25 21 20 7 4 9 20 28 30 13 43 29 32 20 9 11 5 5 19 9 6 6 10 9 34 18 17 9 25 46 70 52 11 4 27 19 47 7 4 21 53 3 10 4 21 22 71 62 52 75 41 37 37 40 40
0 0 0 0 0 0 0 1 0 0 0 0 0 0 0 2 9 10 10 6 6 41 45 24 27 19 29 40 22 8 7 16 10 11 12 5 5 12 11 13 13 20 18 18 14 14 31 27 20 24 25 19 25 19 16 24 30 34 14 4 14 7 5 35 9 25 36 17 10 12 44 51 56 31 12 17 4 32 14 6 1 24 12 13 17 52 14 22 9 6 46 22 31 73 40 58
0 0 0 0 0 0 0 0 0 0 0 1 1 0 1 2 5 7 10 11 8 3 32 63 43 38 31 33 37 14 12 18 9 11 21 27 11 5 6 13 19 14 9 42 19 20 23 54 53 34 47 20 26 55 72 67 27 18 10 7 11 43 21 6 37 11 38 28 17 4 42 42 33 50 12 18 5 33 47 11 6 44 8 14 19 4 25 16 6 17 71 32 18 59 77 74
0 0 0 0 0 0 0 0 0 0 0 0 1 0 0 1 3 7 12 20 19 17 7 22 25 25 8 11 32 13 9 10 7 5 10 16 13 10 8 14 11 6 6 6 25 30 26 45 33 19 16 39 19 17 13 8 14 6 12 14 11 28 33 11 15 33 4 47 29 9 33 54 47 44 18 17 7 44 12 12 3 64 21 12 21 19 9 18 15 32 64 77 23 21 70 71
0 0 0 0 0 0 0 0 0 0 0 0 0 0 0 1 1 2 12 29 34 19 12 5 4 2 9 6 2 3 10 1 2 6 12 9 11 17 13 9 20 17 20 17 24 29 27 23 16 17 31 35 33 44 19 31 28 15 10 16 8 15 26 26 19 57 25 42 61 20 18 27 56 31 49 16 10 41 24 46 34 57 78 29 23 25 9 30 18 11 41 81 35 14 16 68
1 0 0 0 0 0 0 0 0 0 0 0 0 0 1 1 3 3 10 17 25 16 9 13 7 8 8 4 1 1 4 3 3 5 5 7 14 15 11 22 34 24 22 19 10 19 21 20 21 45 32 50 35 35 30 39 35 29 21 29 19 31 16 33 13 52 42 19 62 41 7 31 43 31 64 23 40 25 28 23 48 23 78 49 14 25 24 56 19 10 12 57 40 20 37 34
0 0 0 0 0 0 0 0 0 0 0 0 0 0 0 1 2 3 7 12 16 15 14 12 19 14 18 12 3 1 1 1 1 5 5 3 14 16 7 7 27 20 13 9 20 12 19 14 13 41 55 50 57 37 17 30 62 27 41 38 40 50 20 8 12 11 30 18 34 55 25 20 23 65 49 39 59 24 39 69 52 25 52 73 25 29 13 13 14 19 23 64 38 49 31 10
1 0 0 0 0 0 0 0 0 0 0 0 0 1 1 1 5 6 28 30 19 40 24 30 10 12 17 17 11 1 1 1 8 6 17 18 14 23 23 20 22 16 14 11 13 10 9 19 15 12 10 22 12 23 51 46 65 24 81 66 21 61 28 35 37 15 10 7 25 44 23 43 24 46 12 40 80 58 37 54 68 62 53 81 25 23 34 15 19 7 29 45 46 20 13 17
1 1 1 0 0 0 0 0 0 0 0 0 0 1 1 1 1 3 5 2 7 3 6 11 21 31 16 17 24 5 2 15 11 13 7 5 13 12 12 37 27 10 16 27 23 22 27 31 13 33 35 13 36 55 48 61 46 54 47 60 18 45 57 32 47 60 58 38 18 56 58 72 65 38 34 45 66 70 54 56 62 65 48 78 73 44 9 9 13 25 34 49 59 28 14 9
0 0 1 1 1 0 0 0 0 0 0 0 0 1 3 5 3 2 8 7 5 11 8 15 35 16 20 23 26 25 9 57 18 6 12 6 24 24 27 35 56 29 33 36 25 37 22 29 18 25 30 22 10 41 20 33 67 69 49 53 58 73 76 65 23 64 58 64 55 36 51 66 22 40 39 45 64 53 74 76 63 44 43 82 73 37 45 10 15 42 24 53 43 43 36 23
1 0 0 0 0 0 0 0 0 0 0 0 0 0 0 0 1 2 2 14 7 11 13 16 16 17 30 20 23 16 19 55 14 18 15 12 20 19 21 37 49 24 24 36 22 33 11 13 29 16 15 26 10 7 7 9 40 61 67 72 63 54 69 84 50 41 65 64 55 34 14 29 40 29 37 57 67 82 63 45 42 32 82 73 75 35 26 26 17 25 31 55 16 11 14 47
4 1 0 0 0 0 0 0 0 1 0 0 1 0 2 0 0 1 2 7 14 19 5 7 10 18 21 9 29 25 42 22 23 33 15 8 9 20 46 44 22 15 29 44 42 30 11 10 9 29 17 16 24 19 9 5 15 21 15 45 32 31 62 79 72 53 29 14 16 26 20 21 21 25 31 31 66 56 50 33 13 29 83 69 74 63 31 34 9 31 39 65 62 49 24 12
1 2 1 0 1 0 0 0 0 0 0 1 0 1 7 0 1 1 3 11 8 6 2 10 5 2 14 6 28 37 36 37 41 21 10 22 25 25 47 35 16 35 17 20 37 12 10 15 6 23 12 9 19 9 18 11 10 18 20 7 26 31 36 48 51 25 22 36 28 42 25 17 19 24 27 13 40 35 40 23 20 12 44 29 48 73 35 45 14 43 60 51 38 40 40 17
1 0 0 1 0 1 0 0 0 0 0 1 0 1 0 3 1 2 2 2 5 1 8 6 6 3 10 8 23 19 22 22 35 15 25 27 33 18 33 26 19 27 17 20 24 10 12 11 8 37 18 13 24 24 19 14 27 26 37 23 16 21 8 16 6 6 19 34 36 40 37 22 16 10 12 11 21 22 24 21 23 16 19 17 32 41 17 34 12 35 59 55 34 18 77 58
1 1 1 0 0 0 0 0 0 0 0 0 1 1 0 8 4 1 2 2 6 3 3 5 6 7 25 18 24 16 28 37 13 22 22 40 22 19 43 12 19 28 10 19 17 31 8 17 7 23 16 18 18 31 14 20 20 31 24 30 30 39 17 16 17 11 30 24 30 21 12 9 32 17 11 6 9 22 15 12 12 10 12 26 31 28 22 30 15 69 73 72 70 29 10 21
0 1 1 1 0 0 0 0 0 0 0 0 3 4 2 0 3 2 1 3 5 3 4 10 7 6 21 12 8 6 9 13 21 48 26 16 19 6 23 10 19 14 18 15 8 11 12 15 20 21 19 19 16 21 20 32 34 22 30 23 42 23 13 30 9 18 22 38 16 12 20 41 30 26 27 28 8 6 16 12 13 18 12 32 18 15 44 15 29 69 67 62 79 44 48 15
1 0 0 1 0 0 0 0 0 0 0 0 0 2 2 0 1 2 1 2 1 1 2 6 5 14 13 15 6 6 12 36 15 21 30 20 14 13 23 7 14 11 4 6 6 15 4 8 10 3 11 5 13 25 32 38 49 36 17 28 22 27 23 16 54 16 25 29 32 55 45 28 17 17 23 28 26 31 33 32 41 43 18 18 16 30 52 32 47 61 34 54 82 64 66 46
1 2 1 1 0 0 0 0 0 0 0 0 0 1 1 1 2 1 1 1 2 2 1 1 2 2 5 9 8 18 12 24 8 15 27 16 9 13 6 11 9 7 6 18 26 11 5 22 45 19 30 21 38 52 51 20 28 33 31 22 28 28 45 35 42 34 30 30 55 12 9 13 16 8 5 8 29 23 37 45 46 38 32 14 13 32 58 28 31 17 25 59 89 54 71 61
0 0 1 1 2 2 1 0 1 2 2 1 1 0 0 2 1 1 3 4 16 9 12 4 10 2 2 6 11 8 11 7 6 12 22 15 8 6 4 6 16 46 16 9 15 17 25 12 43 56 75 42 57 75 58 33 50 32 14 15 15 18 43 24 26 36 32 42 15 14 18 26 44 28 28 21 10 31 47 62 52 18 12 16 10 33 50 31 29 25 30 80 84 50 57 88
0 0 0 1 2 2 3 3 1 1 2 0 0 0 0 1 1 2 3 3 11 26 17 5 5 11 21 12 14 5 26 10 9 7 9 7 4 5 12 11 26 4 20 47 15 33 37 28 25 72 72 78 32 62 58 58 38 58 37 29 25 29 9 28 39 45 44 16 20 20 33 51 36 45 59 36 21 47 61 62 26 15 11 22 14 30 16 14 28 33 55 86 65 78 56 88
2 1 1 1 2 1 1 2 1 1 1 0 0 0 1 0 2 2 6 7 3 28 19 35 42 52 39 32 21 8 15 10 7 10 14 34 23 37 49 41 45 51 33 62 24 43 62 65 16 15 14 69 68 36 59 33 28 73 51 47 22 25 29 40 42 43 31 35 35 46 39 23 36 34 38 34 57 45 32 31 16 11 10 12 11 18 13 16 18 19 34 74 48 69 28 58
1 3 2 1 2 1 0 0 0 0 0 0 0 0 1 0 0 1 9 27 7 3 24 62 36 55 45 58 54 64 40 57 57 68 29 52 7 47 69 38 57 77 33 64 65 36 67 33 78 45 23 80 63 59 59 57 80 82 38 56 29 20 24 24 23 32 25 18 17 23 24 30 21 35 40 59 63 50 14 6 15 8 6 10 5 10 10 19 20 40 57 71 36 41 40 35
1 2 12 1 6 5 2 2 1 1 1 1 1 2 1 1 1 1 1 14 9 2 3 9 9 7 33 61 49 52 58 51 70 53 40 52 67 56 61 68 34 76 75 40 58 52 72 37 71 84 56 59 61 49 34 77 62 64 51 59 49 18 19 18 42 29 32 40 41 42 48 33 45 39 62 61 38 20 16 6 2 3 4 6 7 4 8 16 17 29 53 56 16 23 26 27
3 2 1 6 5 8 4 5 4 3 1 2 3 2 1 1 2 1 5 2 1 1 5 3 4 10 27 21 31 44 54 63 24 53 28 70 62 59 64 68 54 67 59 61 68 64 69 75 22 68 53 32 76 24 48 76 58 22 64 24 32 56 14 15 28 27 47 44 43 39 37 43 57 79 74 59 37 18 4 5 4 2 1 1 4 2 7 7 11 20 37 26 18 11 30 38
1 3 4 3 3 5 1 1 5 1 3 1 2 2 1 2 2 1 6 9 6 6 4 5 5 7 2 4 5 8 6 5 11 16 6 5 9 9 8 13 13 16 11 19 20 19 21 71 57 48 78 32 61 58 60 62 24 17 28 30 60 55 29 20 37 38 44 32 32 60 74 73 75 71 60 47 28 7 2 2 2 2 2 1 2 1 3 2 4 7 14 16 13 7 13 18
4 4 5 3 1 1 1 1 3 0 2 1 1 2 1 2 2 1 3 1 2 9 7 4 11 8 4 6 10 13 8 8 23 18 15 20 10 12 17 22 20 23 37 21 28 19 31 13 18 20 50 49 57 62 57 32 36 45 39 51 55 30 24 31 34 34 45 60 72 72 77 62 41 36 20 16 4 5 5 5 4 3 1 2 1 1 1 1 1 2 5 5 7 5 4 6
14 19 10 2 1 0 1 1 1 1 0 1 0 1 0 1 1 1 1 5 4 1 3 3 6 4 2 11 6 5 11 10 4 4 4 10 7 7 13 8 11 24 25 16 15 21 16 29 25 24 15 17 15 15 25 30 43 39 36 42 16 19 21 34 37 29 28 26 47 69 72 63 42 29 10 9 15 15 23 18 10 5 1 2 3 3 3 2 1 0 0 1 2 5 6 4
3 3 2 6 2 1 1 0 0 0 0 1 0 1 0 1 2 0 0 0 6 6 5 5 3 4 3 7 10 12 7 2 7 4 5 8 8 11 12 15 12 12 14 8 6 7 8 9 19 28 37 53 35 28 28 26 30 30 31 14 12 22 21 42 32 19 28 27 29 33 25 35 36 16 9 20 25 22 6 4 2 3 3 5 12 13 12 6 4 3 1 1 1 1 1 1
3 2 3 1 0 0 0 0 1 0 0 0 0 0 1 0 0 1 1 1 1 9 7 5 6 2 4 8 13 2 3 5 4 9 10 5 8 8 7 9 9 10 29 16 18 14 14 19 29 24 35 37 30 27 31 25 28 22 20 21 4 23 21 28 46 46 42 51 37 29 16 14 7 13 19 29 46 25 11 7 6 9 9 21 16 15 17 18 16 7 8 4 2 2 1 1
5 3 1 1 0 0 0 0 0 0 0 0 0 0 0 0 1 1 1 0 2 4 7 7 8 2 11 18 5 2 6 3 6 6 10 11 8 13 14 14 4 13 17 18 13 26 29 24 19 15 25 13 41 31 52 38 25 21 15 11 14 18 23 16 61 68 36 53 45 38 25 24 11 21 37 43 22 7 13 17 15 24 16 27 31 27 36 24 23 19 16 13 10 8 2 5
3 1 1 0 0 1 4 5 2 1 3 0 0 0 0 0 0 0 0 1 2 3 1 3 5 9 25 27 10 5 8 6 7 18 9 13 10 15 6 7 19 16 12 17 17 28 25 12 30 15 26 33 32 22 38 23 40 12 19 8 28 43 19 51 76 53 51 31 27 29 19 10 14 25 37 32 13 21 20 26 35 32 36 50 47 42 38 28 40 42 25 37 18 11 10 8
1 1 0 0 2 9 4 2 7 11 0 2 0 0 0 0 0 0 0 1 2 2 2 6 5 20 12 2 3 2 4 9 5 7 26 8 9 13 14 20 13 13 11 10 15 15 25 23 20 23 31 28 33 23 28 23 42 26 12 6 13 37 54 67 59 60 36 33 31 15 13 16 24 11 39 17 29 28 45 47 56 43 50 58 59 41 55 53 49 35 34 35 25 21 27 26
0 0 0 1 1 9 7 8 14 8 3 3 9 1 0 0 0 0 1 1 0 0 1 6 2 1 3 4 7 10 5 3 11 3 10 11 11 25 14 14 6 15 6 5 7 16 16 27 28 20 17 38 11 25 32 29 16 11 23 15 4 22 22 29 42 63 50 61 38 11 27 22 33 28 72 37 33 35 46 48 60 44 51 66 46 44 60 72 61 56 40 39 33 47 42 25
0 0 0 2 0 0 0 0 8 11 11 10 9 2 3 1 0 0 0 0 1 0 1 1 2 4 5 6 7 4 3 2 3 5 4 8 5 6 8 16 27 9 14 12 4 6 10 10 18 23 26 23 24 7 37 6 15 32 16 17 8 9 17 15 12 13 33 21 11 29 58 33 39 32 70 36 44 47 62 68 82 71 82 82 75 67 68 68 83 80 53 46 44 44 70 44
0 0 0 0 0 0 1 1 1 3 1 7 5 2 3 3 3 2 2 0 0 1 0 1 1 4 4 1 1 1 1 1 2 2 3 3 3 5 5 11 17 32 14 6 26 18 22 8 16 11 10 19 7 19 19 25 26 17 19 15 10 28 41 29 22 14 14 27 38 35 49 52 33 46 65 58 64 56 68 83 72 63 83 81 80 78 77 75 79 73 61 52 69 73 74 59
0 0 0 1 1 1 8 2 2 0 9 14 4 14 5 8 14 9 6 1 1 0 0 0 2 1 1 1 1 0 0 0 0 1 2 3 1 2 7 12 10 14 20 24 2 17 16 20 20 11 11 25 32 16 7 7 13 26 23 21 15 42 32 24 12 27 29 32 58 53 45 71 52 68 60 74 78 71 78 68 43 67 77 62 43 47 66 39 69 78 64 65 61 64 62 76
3 5 10 3 12 1 0 1 4 3 13 18 12 47 19 18 37 19 4 5 2 2 1 0 0 0 1 0 0 0 1 0 1 2 1 1 2 2 3 2 3 8 14 31 19 10 19 11 18 15 14 11 9 40 57 26 23 20 18 22 32 30 38 20 29 35 50 29 50 61 42 57 65 62 77 52 65 61 76 67 25 37 49 59 35 10 14 29 69 66 67 73 38 43 32 69
