sesion_6_simulaciones/modelos_agentes/ejemplos_netlogo/scenarios/cgcm2_b2/rob_2043.asc
NCOLS 322 
NROWS 307 
XLLCORNER 451900 
YLLCORNER 4086900 
CELLSIZE 100 
NODATA_value -9999 
[rows 75 to 149 of 307, columns 0 to 95 of 322]
0 0 0 0 1 1 0 0 1 2 0 1 1 0 2 1 0 1 0 0 1 1 0 1 1 1 2 3 2 2 1 1 5 12 33 38 20 18 45 33 9 15 16 9 4 1 3 5 4 5 7 7 6 4 6 7 3 4 3 4 4 9 29 32 13 15 28 22 18 7 12 21 18 13 22 67 35 15 13 40 45 50 54 41 19 53 50 23 19 14 19 31 34 24 18 56
0 0 0 0 0 0 0 0 0 0 0 1 0 0 1 0 0 0 0 0 1 0 1 0 3 3 1 0 0 0 1 1 1 4 13 33 30 44 31 17 18 46 18 8 9 4 4 4 3 7 12 4 7 5 7 3 11 5 2 1 5 27 17 32 30 29 39 37 44 26 21 8 7 7 17 60 68 31 17 10 35 50 38 19 19 64 60 57 46 14 8 8 33 42 31 44
2 0 0 0 0 0 0 0 0 0 0 0 0 0 0 0 0 0 0 0 0 0 1 1 0 1 0 0 0 0 1 1 2 3 19 12 16 17 8 10 49 16 18 15 21 24 9 2 4 9 8 6 7 6 11 5 5 6 3 6 13 22 20 39 25 36 43 45 46 48 42 40 35 23 10 18 39 38 29 9 31 60 24 16 44 67 27 55 48 35 17 33 49 47 36 28
2 0 0 0 0 0 0 0 0 0 0 0 0 0 0 0 0 0 0 0 1 1 4 0 1 1 2 3 1 2 7 5 7 10 16 14 8 11 17 32 24 39 14 20 23 45 21 16 21 12 13 6 7 6 3 2 6 6 14 17 16 11 16 10 27 40 42 58 53 46 45 55 37 32 15 5 5 16 22 15 24 29 25 30 60 32 24 15 15 37 29 33 24 32 34 29
1 1 0 0 0 0 1 1 0 0 0 0 0 0 0 0 0 0 0 0 0 0 1 1 1 1 1 1 1 5 4 9 37 53 68 58 33 12 27 31 31 51 34 9 11 14 38 41 51 53 41 26 17 14 10 5 5 9 18 19 8 9 12 10 11 20 16 10 20 46 51 42 39 39 25 19 11 21 9 7 16 29 26 40 55 26 35 26 13 26 28 41 60 44 36 35
0 1 0 1 0 0 0 1 0 0 0 0 0 0 0 0 0 0 0 0 1 0 1 3 0 1 1 1 2 9 5 5 7 29 63 76 33 13 18 41 34 26 46 30 11 10 18 36 60 69 82 81 73 35 28 17 15 18 14 18 15 12 9 4 21 22 15 23 26 42 53 39 44 45 37 21 19 9 6 1 9 26 24 39 33 35 18 16 14 18 42 44 52 26 28 42
1 1 1 1 1 0 0 0 0 0 0 0 0 0 0 0 0 0 0 1 1 0 4 31 7 3 0 1 2 12 9 7 4 6 11 49 37 17 11 28 43 62 35 51 43 20 13 5 4 10 32 44 57 70 60 35 20 10 14 14 8 19 10 36 9 5 12 9 15 27 26 56 46 47 45 26 8 1 4 3 7 15 13 40 24 31 46 44 21 12 8 5 18 12 14 22
1 1 2 2 2 0 1 0 0 0 0 0 0 0 0 0 0 2 3 38 35 39 56 23 50 22 8 1 1 1 4 14 15 23 23 11 8 7 5 20 22 17 24 45 29 25 28 19 7 2 1 3 9 37 36 65 42 25 12 44 56 33 25 12 42 25 9 16 5 5 26 43 56 41 27 24 15 10 10 21 8 6 22 50 20 36 42 42 38 34 17 7 5 12 25 39
1 0 1 1 2 1 1 0 0 0 0 0 0 1 4 3 6 27 32 53 9 25 11 4 8 9 10 1 10 14 7 13 9 6 13 15 8 7 18 26 47 47 18 12 8 9 10 8 2 5 6 2 9 8 10 22 40 32 56 57 25 12 14 23 38 13 13 19 23 20 65 57 58 40 34 35 37 40 24 13 19 13 37 43 24 52 57 80 54 53 45 28 5 3 4 4
0 0 2 5 1 0 0 0 0 0 0 0 1 1 1 5 7 19 5 12 14 6 4 4 2 5 7 11 31 29 39 5 8 20 33 19 8 20 26 27 42 53 45 31 3 2 3 6 4 3 2 15 43 31 28 23 15 36 66 30 21 21 12 13 31 23 29 22 47 52 41 41 43 41 41 39 42 33 39 11 13 11 16 16 24 57 19 43 45 65 32 34 28 10 5 3
0 1 1 1 3 3 4 0 0 0 1 0 3 1 4 4 7 7 3 4 4 15 2 1 2 2 13 3 2 2 5 5 15 33 18 22 8 52 36 39 55 49 57 44 23 28 35 26 28 34 27 35 50 44 34 22 30 25 24 25 27 44 41 28 21 11 10 47 41 29 32 29 56 35 31 61 46 35 33 19 14 8 8 19 4 30 22 46 44 61 68 67 40 16 6 4
0 1 3 4 1 1 0 3 0 0 0 0 0 2 1 1 2 2 2 1 7 3 0 4 11 8 7 2 4 4 8 9 21 22 18 22 16 37 35 58 62 37 56 39 28 36 45 31 27 40 43 24 34 40 35 35 42 23 29 39 53 42 24 22 25 23 22 12 18 26 15 32 16 11 54 43 30 29 49 32 29 12 6 9 19 24 19 16 42 36 24 32 44 9 6 4
0 1 1 3 3 5 1 4 0 0 0 0 0 2 2 0 0 3 5 5 1 10 7 22 27 26 27 50 31 12 5 6 13 7 13 9 25 39 43 57 44 24 13 22 22 34 49 10 25 36 32 38 42 54 40 32 34 19 32 36 51 25 24 18 29 30 45 55 55 36 40 26 27 19 16 13 34 43 19 26 24 15 11 7 8 8 11 17 25 30 4 15 20 19 5 3
0 3 5 3 4 2 0 1 0 0 0 0 0 0 7 1 3 4 8 5 9 6 7 11 61 52 52 56 30 50 52 43 26 7 4 16 14 40 32 47 26 16 35 23 45 52 56 19 34 58 33 31 45 68 44 18 29 19 33 47 31 6 4 16 41 17 10 23 56 30 39 34 23 25 31 20 20 26 20 15 8 12 18 14 6 5 3 2 6 6 3 12 4 15 8 4
0 2 3 3 1 1 2 2 0 0 1 0 0 0 0 4 3 16 5 4 15 3 7 37 45 64 60 64 49 52 55 64 29 51 36 25 10 9 17 10 11 28 33 31 40 43 45 17 22 52 27 52 24 65 60 17 32 18 55 30 24 28 30 46 39 13 8 5 64 37 40 26 21 19 18 42 42 53 43 44 52 28 11 6 17 17 12 9 2 1 3 8 8 2 6 3
1 2 4 1 0 2 3 1 0 0 0 0 0 1 1 14 16 2 8 10 4 1 28 57 67 19 60 64 44 61 61 65 48 68 49 62 55 29 10 2 11 21 23 14 35 53 26 30 32 35 30 58 38 69 9 48 55 31 41 13 12 42 51 34 23 19 11 8 20 76 70 43 26 56 51 45 67 54 24 27 41 33 45 36 25 21 16 12 6 2 1 5 4 2 1 0
1 3 4 0 0 1 0 0 0 0 0 0 1 19 9 4 14 30 11 10 18 9 3 41 58 38 17 68 77 46 28 76 55 74 70 85 59 33 39 10 25 34 33 6 11 18 22 16 21 34 70 75 79 60 75 45 16 40 10 6 10 42 29 12 8 10 37 34 16 13 50 34 70 89 72 54 30 25 63 31 7 25 41 28 16 15 13 10 6 2 1 1 1 0 1 2
1 1 1 0 0 1 0 0 1 0 0 1 2 2 2 30 27 29 26 8 8 10 3 40 14 51 47 44 85 60 19 20 19 36 45 70 53 61 77 62 36 19 47 68 62 64 59 38 49 82 90 68 40 47 79 84 62 22 29 30 22 45 23 18 19 20 15 14 31 15 19 21 15 21 15 53 34 27 16 28 35 12 13 35 18 13 12 7 7 6 2 0 1 3 1 2
2 3 1 1 1 0 0 0 0 0 0 0 3 5 4 2 27 42 64 39 5 45 15 9 6 22 13 4 41 46 76 37 13 12 49 22 43 74 52 44 56 32 44 72 79 70 60 70 83 80 87 77 48 82 81 89 66 79 66 55 48 45 12 15 13 16 7 22 19 9 11 5 13 13 11 23 20 25 16 13 20 33 14 13 14 11 4 6 2 1 2 4 5 1 1 1
4 1 1 0 2 2 1 1 1 0 0 0 6 17 8 8 5 43 18 30 19 22 16 18 7 36 14 11 5 46 80 61 21 19 19 50 26 51 85 44 76 24 48 82 81 74 68 88 83 93 86 70 65 91 85 88 75 82 75 48 47 48 12 16 11 19 37 60 36 23 15 37 41 32 22 12 15 27 27 15 7 6 18 15 9 4 4 1 1 5 6 4 7 5 2 1
6 1 1 1 0 0 0 0 0 1 0 0 8 8 14 7 10 10 16 19 23 34 7 16 12 26 28 9 7 19 56 72 47 38 15 30 7 27 79 40 66 32 51 74 69 67 87 86 82 88 85 60 70 71 75 71 69 84 38 28 67 33 28 24 32 24 37 54 44 29 65 26 12 20 22 30 63 56 47 28 17 10 8 8 4 2 5 4 4 7 13 9 4 2 2 2
5 3 1 0 1 0 0 0 1 0 1 6 11 9 4 9 15 5 6 8 10 14 7 17 35 15 40 26 18 7 44 73 16 17 24 30 9 58 69 70 78 79 51 55 69 74 93 86 71 82 69 29 56 22 34 62 79 72 46 80 78 71 52 24 28 35 48 43 38 61 27 38 44 20 26 56 42 25 46 48 36 10 3 3 2 3 7 16 16 15 15 13 5 4 4 6
11 6 1 0 0 0 1 3 1 1 4 8 47 16 6 9 8 11 18 12 4 3 11 40 53 53 33 45 26 13 42 64 19 15 49 46 20 52 29 65 82 93 62 61 58 67 90 84 37 57 25 37 24 11 4 10 53 73 76 80 66 82 35 30 67 76 44 19 43 34 40 59 28 59 62 19 42 63 44 52 33 27 19 6 9 11 20 22 32 17 27 20 13 13 10 14
11 21 4 1 0 0 2 1 0 1 2 2 27 51 13 22 10 23 29 30 33 18 21 33 38 50 46 61 45 38 22 45 25 29 36 20 27 57 31 36 52 85 75 72 56 58 85 92 76 60 36 22 6 8 3 6 11 8 82 74 69 35 27 64 42 59 51 39 34 26 62 46 65 45 35 22 22 16 41 45 55 49 26 16 19 35 31 28 40 15 51 17 17 15 9 10
0 43 29 4 0 1 3 1 0 1 5 11 9 11 40 45 9 17 37 32 33 23 31 56 61 71 68 60 55 58 12 35 56 43 35 29 28 38 21 9 21 78 32 35 30 31 78 81 63 35 27 36 30 29 15 19 7 24 16 18 21 30 59 64 48 32 36 27 38 47 43 54 39 30 18 13 18 40 47 59 58 55 30 30 23 36 45 21 43 33 57 27 26 10 14 19
0 2 34 12 4 1 3 1 1 2 3 12 14 8 31 10 57 18 13 15 23 17 7 11 20 43 48 27 53 54 29 58 77 62 36 63 36 42 35 13 50 70 67 42 40 35 11 25 42 10 24 40 37 35 52 34 21 46 31 48 41 28 56 59 39 25 36 25 51 28 14 18 50 44 40 33 44 54 53 57 51 56 46 41 39 34 45 35 64 60 12 30 34 26 27 14
0 0 1 6 10 2 3 0 3 1 4 7 10 3 4 19 22 58 22 23 12 30 26 28 44 51 48 29 13 13 15 51 57 45 64 69 76 73 28 24 64 47 82 68 58 40 31 9 4 9 35 41 39 39 29 53 58 45 40 43 58 55 66 57 33 23 24 41 55 20 11 25 27 37 41 59 53 57 56 57 52 47 42 54 53 38 37 39 52 8 21 31 23 7 4 10
0 0 2 7 12 3 6 1 1 0 0 11 13 15 19 17 13 13 20 24 34 48 39 42 49 66 49 53 39 16 10 7 37 62 67 43 85 74 50 72 76 36 75 52 84 71 32 12 7 5 20 40 39 39 54 36 64 56 56 43 67 69 80 76 43 21 18 20 41 18 15 18 11 13 13 53 46 47 50 52 49 41 45 55 29 58 46 63 23 17 35 33 29 16 13 22
0 0 1 12 18 2 6 1 1 1 4 12 27 20 9 9 10 19 17 19 38 40 65 51 52 43 66 53 27 29 25 21 11 32 59 24 35 28 75 59 56 21 78 50 26 11 25 16 18 9 16 38 55 53 49 37 29 43 13 21 50 38 59 58 10 20 29 16 34 37 48 40 19 32 37 17 48 49 50 49 38 60 31 14 31 67 37 53 23 10 18 20 20 16 26 30
0 0 0 10 11 14 5 1 1 1 5 4 9 8 34 31 17 12 10 12 13 25 61 60 30 25 31 39 45 42 33 32 22 10 9 27 15 30 77 32 25 35 62 29 26 20 38 25 23 17 9 24 37 46 40 32 32 29 18 33 34 24 25 17 23 20 25 22 28 45 48 19 41 46 37 34 57 51 49 40 72 30 28 40 38 55 40 29 28 4 6 19 21 33 32 47
1 0 0 8 14 12 4 2 1 8 5 8 8 8 12 11 33 33 48 47 29 29 26 17 9 4 15 31 39 26 40 48 18 12 4 7 23 56 44 41 12 60 74 44 44 42 38 43 43 10 14 24 27 30 25 34 33 15 27 15 26 14 24 48 43 17 28 32 41 39 42 41 26 55 34 36 48 39 44 64 35 30 42 29 48 22 43 47 46 21 14 19 33 33 20 50
0 1 0 8 15 12 7 5 7 2 5 4 12 27 21 41 33 42 48 36 32 45 24 16 18 17 5 11 19 11 13 11 9 19 22 24 42 34 49 30 32 42 60 63 57 43 21 21 24 9 8 28 41 54 57 45 33 20 36 55 55 42 33 38 19 12 47 49 33 30 25 81 74 54 45 30 28 32 36 56 27 40 37 17 37 32 47 55 37 52 35 41 31 47 40 43
1 1 0 1 33 30 13 2 2 2 6 22 24 66 48 71 44 24 38 51 51 46 48 25 16 17 13 8 10 11 6 9 17 27 32 36 15 21 28 31 24 9 18 44 47 26 7 11 10 11 19 23 24 26 25 27 36 17 57 57 42 46 20 18 23 18 40 82 78 61 51 46 74 81 58 43 41 43 59 38 10 46 17 28 35 54 24 26 30 42 58 47 70 42 21 22
1 1 0 0 9 17 12 5 2 6 3 17 13 24 57 51 59 66 52 54 44 31 45 22 10 8 4 3 3 3 8 12 21 24 13 30 30 27 22 15 7 15 34 10 44 39 32 27 18 8 9 11 12 40 37 38 35 12 17 27 34 31 48 35 43 45 27 65 75 69 25 49 57 40 74 71 39 42 45 38 48 57 27 75 57 48 43 53 42 47 63 64 35 29 21 10
0 1 1 1 1 29 42 7 6 5 10 11 10 14 11 11 6 12 37 48 47 43 50 51 25 14 18 13 6 4 7 3 6 10 11 21 23 15 21 9 5 22 15 18 43 31 33 25 23 11 9 11 15 33 54 11 22 23 43 44 36 55 50 60 69 44 47 31 62 46 59 33 35 42 41 64 58 64 53 59 38 52 56 73 60 67 57 34 42 83 56 31 47 32 35 30
1 1 1 0 0 6 18 3 4 3 6 10 28 22 41 32 16 8 19 45 54 70 72 67 56 19 12 5 2 3 4 1 1 2 6 6 12 13 9 10 14 20 8 29 8 5 13 16 16 12 14 22 15 32 29 30 27 44 52 23 49 46 30 37 86 54 47 25 12 59 74 43 54 27 60 73 59 80 63 57 53 50 32 60 80 61 67 60 58 71 71 47 59 59 59 36
2 1 1 1 0 0 16 8 3 4 2 23 16 26 47 28 22 45 23 51 78 61 40 46 46 22 15 13 5 1 4 5 9 4 2 5 13 13 3 8 23 29 30 30 10 7 13 29 26 27 16 33 29 34 28 27 28 20 20 51 41 21 21 32 32 63 42 34 16 28 51 83 75 34 15 56 32 70 30 19 49 77 20 48 21 55 59 78 83 71 83 58 59 65 62 58
1 3 1 1 0 2 12 38 3 9 11 15 13 13 12 29 59 50 38 20 19 47 61 45 41 31 39 42 20 7 7 15 11 10 10 3 3 6 6 10 10 19 21 23 18 14 27 33 20 16 18 14 30 29 27 36 48 59 42 24 47 29 20 51 25 50 53 31 18 13 46 68 68 58 36 45 13 64 44 26 7 43 44 45 42 69 41 46 25 19 61 43 49 82 65 77
0 1 3 2 1 2 13 2 2 3 8 18 35 17 24 46 50 46 41 33 23 8 44 70 53 46 38 41 41 15 15 22 11 12 22 22 6 3 3 7 16 15 10 33 21 19 13 38 38 21 28 12 25 54 74 69 47 33 32 33 36 68 47 17 52 23 48 43 27 8 46 56 52 68 32 44 17 61 75 30 17 55 23 42 34 12 48 38 15 27 77 49 28 61 81 80
3 1 1 3 1 1 15 2 1 2 3 12 28 20 11 27 35 47 43 53 44 34 14 30 36 34 12 12 26 15 12 13 9 6 9 13 8 5 4 9 9 6 7 7 25 26 15 21 16 9 9 35 26 20 20 17 21 18 33 45 34 48 59 28 26 50 12 56 41 11 27 59 43 64 36 37 21 63 35 33 10 72 43 33 47 33 20 35 26 35 63 78 35 36 71 71
7 3 0 1 2 1 11 3 3 1 2 1 16 13 13 24 22 25 52 66 62 38 23 10 8 4 11 6 2 3 10 1 3 7 12 7 8 11 9 6 14 15 21 16 26 28 17 17 12 16 29 42 40 57 35 51 51 46 31 53 25 31 42 43 23 68 40 43 65 24 11 29 60 33 63 31 24 60 49 67 54 61 82 46 42 38 17 44 33 18 39 83 49 24 22 63
17 2 1 0 4 3 10 9 3 5 1 2 3 13 26 19 39 31 43 47 47 34 19 26 12 12 10 5 1 1 5 5 4 5 5 6 12 8 4 8 18 19 17 16 11 20 23 19 16 47 37 58 46 42 43 66 65 53 53 55 44 46 28 39 22 58 48 27 61 46 9 28 48 30 71 34 41 35 47 39 64 43 78 57 23 39 36 59 26 17 19 55 48 22 36 29
10 5 2 1 2 1 5 2 4 3 3 1 10 14 14 20 30 33 38 41 37 38 28 24 35 21 21 9 3 1 2 1 1 5 5 3 10 7 3 3 10 11 10 8 16 12 10 11 7 27 50 55 54 41 28 40 69 40 60 60 60 61 31 14 17 17 33 21 37 45 23 18 18 63 47 41 63 36 45 68 56 34 47 72 34 34 20 18 17 22 20 61 44 44 25 9
24 13 8 2 1 3 2 1 4 1 3 10 5 23 20 17 55 48 66 62 48 69 48 46 20 21 20 18 13 1 1 1 9 8 18 16 11 16 14 9 11 10 11 9 8 8 10 15 13 12 11 19 16 34 48 65 72 36 87 76 29 66 48 49 46 19 10 6 18 30 15 27 16 39 10 41 78 62 35 49 60 54 46 80 24 29 24 14 14 6 24 43 41 18 12 13
10 14 18 6 4 5 3 0 5 1 5 4 4 20 28 30 16 34 26 13 23 11 17 26 41 48 24 24 32 7 2 16 15 16 6 5 10 7 6 22 20 6 13 22 18 16 30 33 20 35 39 18 29 54 45 60 48 67 67 69 37 60 71 48 57 66 55 29 10 26 28 45 41 24 28 44 67 70 48 40 39 45 37 73 66 38 8 10 11 18 34 44 54 23 10 5
2 4 10 10 17 3 6 2 3 1 5 5 1 15 45 49 39 23 41 30 20 33 29 41 62 36 39 39 37 28 11 55 21 8 10 6 22 24 23 32 49 22 34 33 35 36 21 35 31 36 39 26 17 38 21 27 65 70 56 59 64 72 79 69 25 58 50 41 24 11 17 30 8 21 28 40 62 44 58 53 31 20 29 73 62 33 33 8 13 27 21 48 40 36 24 14
13 2 2 4 3 5 5 3 3 11 13 8 7 18 14 11 13 28 15 55 34 41 42 46 43 42 56 42 43 31 31 60 19 22 17 13 20 27 28 47 50 27 35 44 37 39 14 20 47 29 32 35 16 9 10 8 42 52 61 68 67 62 65 81 54 31 42 33 19 8 3 6 14 12 23 39 51 68 42 18 13 12 66 54 58 26 17 16 9 13 25 46 15 8 10 30
38 14 5 3 8 3 5 2 6 14 6 7 20 10 43 10 6 16 22 46 58 55 19 29 35 49 51 27 58 50 59 40 35 34 9 7 12 28 62 57 21 23 24 56 59 40 22 22 19 54 36 30 39 27 12 6 15 13 13 35 32 33 52 72 64 35 11 4 4 6 4 5 7 10 17 18 46 36 23 10 3 9 54 38 51 38 17 16 5 18 30 54 48 36 13 6
10 19 12 4 11 7 2 1 3 4 2 19 11 16 50 10 20 15 43 59 36 26 8 39 22 10 40 22 58 66 54 52 52 21 10 22 35 37 62 42 27 46 29 33 54 28 28 33 16 40 32 22 33 17 26 16 14 22 21 6 12 24 28 40 39 18 11 18 13 19 9 6 7 9 11 6 24 16 16 6 4 2 11 8 20 45 16 19 5 26 47 39 25 23 25 8
11 3 2 7 6 14 3 1 3 4 2 12 11 25 10 47 32 38 28 25 27 9 36 32 27 16 32 25 52 39 39 34 39 13 27 39 46 39 51 41 37 47 37 34 56 32 36 35 26 60 43 32 46 41 35 28 42 40 46 27 16 18 6 11 5 6 18 27 26 24 21 9 8 4 5 5 9 9 7 5 4 2 3 3 9 14 5 14 4 18 39 42 18 9 51 33
9 11 12 4 4 3 3 4 3 3 3 2 14 27 8 54 55 28 37 23 35 16 18 31 29 32 62 43 50 29 37 40 14 34 38 57 47 41 68 29 45 58 36 45 53 66 30 49 30 59 48 50 45 59 33 43 41 54 41 45 41 42 17 12 14 9 27 19 20 10 5 3 17 8 4 2 3 7 4 3 2 1 2 5 6 6 6 8 4 42 49 53 52 12 3 7
5 10 9 10 6 8 7 4 2 4 9 6 36 46 34 7 43 38 29 43 40 23 32 57 42 39 64 31 24 12 20 25 30 64 42 40 47 20 53 33 45 41 50 45 37 41 41 53 63 65 62 62 51 56 52 62 65 45 53 41 58 29 18 33 9 16 15 20 9 6 11 23 19 14 12 12 3 1 4 3 2 3 1 6 3 3 13 3 7 35 32 39 65 24 20 3
20 9 8 11 6 1 3 7 3 2 3 6 4 22 25 8 13 35 26 38 26 26 35 60 50 71 45 32 21 20 31 56 27 37 63 46 33 44 54 23 47 42 26 34 34 53 25 39 37 15 34 20 43 58 67 68 75 61 34 53 39 40 32 23 48 14 17 17 19 42 28 16 7 7 8 9 8 9 8 8 8 8 2 2 2 6 13 6 12 21 8 21 68 36 39 16
19 23 18 17 9 3 1 5 7 9 8 4 2 17 12 13 28 19 26 29 35 37 32 28 36 24 27 35 31 40 38 53 24 34 60 37 32 31 27 37 43 45 35 43 56 48 25 49 63 39 55 45 63 70 58 45 50 65 60 43 50 48 62 43 55 39 36 31 44 10 6 6 7 3 1 2 7 6 9 9 9 6 4 1 1 5 13 4 6 3 5 27 73 22 43 25
3 4 7 17 25 26 12 4 13 28 25 12 9 4 2 22 18 15 47 53 69 67 64 43 68 31 26 39 49 37 44 29 26 42 59 47 38 28 26 35 38 72 49 30 48 49 56 26 55 67 77 60 70 81 65 43 56 45 37 38 37 40 66 43 43 49 41 45 13 12 13 17 25 11 10 5 2 6 10 15 9 1 1 2 1 5 9 4 4 4 6 56 52 15 24 62
5 3 3 11 17 17 31 30 15 10 16 5 2 3 3 8 20 30 40 36 56 80 72 45 44 63 72 67 57 33 73 49 45 41 46 44 27 28 49 41 52 17 40 67 33 56 61 46 32 67 68 77 36 63 55 55 44 61 53 54 52 57 23 51 59 60 59 21 22 20 29 41 25 22 29 11 4 10 12 12 3 1 1 2 1 4 1 1 5 5 16 55 20 37 15 54
20 18 7 6 15 6 9 18 9 13 6 5 5 3 14 6 20 21 42 51 27 60 64 79 82 83 73 79 68 43 58 49 36 42 53 65 56 73 76 63 60 64 48 76 40 46 75 69 29 23 13 64 62 30 57 40 27 77 66 59 35 49 55 58 62 60 43 45 40 45 32 14 20 15 12 8 15 9 4 4 1 1 1 1 1 2 1 1 2 2 6 30 11 19 4 13
14 25 18 9 11 8 3 4 2 2 2 2 3 4 8 6 2 11 50 71 39 14 55 83 67 81 65 81 82 85 80 81 79 80 58 70 26 66 79 55 64 81 48 68 77 40 67 39 76 50 24 72 53 43 49 47 76 77 41 66 38 21 43 46 43 50 36 23 19 21 16 17 9 14 13 16 16 7 1 0 1 1 0 1 0 1 1 2 2 7 12 25 6 6 6 5
9 16 41 6 37 42 17 18 10 9 7 11 13 18 16 8 15 15 12 53 40 12 10 33 31 26 57 66 74 77 73 68 75 73 52 66 71 59 62 73 46 77 73 36 59 52 70 41 61 78 40 42 44 23 18 64 55 51 42 57 57 29 35 34 55 45 44 46 41 40 37 19 21 14 22 19 6 2 1 0 0 0 0 0 0 0 1 1 1 3 10 10 1 2 3 4
21 13 8 41 51 58 39 46 34 26 8 21 32 31 13 15 28 18 36 12 6 6 21 11 13 26 51 46 51 64 66 70 47 53 54 69 67 64 66 65 55 62 56 50 55 55 62 68 19 54 37 14 50 8 23 59 40 14 48 21 29 69 21 23 39 39 45 47 43 32 24 22 26 45 31 13 4 1 0 0 0 0 0 0 0 0 1 1 1 1 3 2 2 1 3 4
6 19 33 35 46 52 25 26 51 15 30 13 23 37 14 30 29 21 35 49 34 27 19 19 17 22 9 11 16 17 16 15 25 32 16 14 17 14 14 14 10 13 13 22 23 15 17 57 37 25 55 12 27 20 26 32 8 10 21 25 58 50 31 25 35 44 43 28 22 39 50 39 33 24 14 8 3 0 0 0 0 0 0 0 0 0 0 0 0 0 1 1 1 1 1 1
28 42 55 49 36 20 31 30 49 12 39 24 21 39 26 37 34 26 34 13 19 43 33 22 38 30 18 20 32 37 26 25 53 49 37 38 24 27 28 30 29 32 42 33 41 27 36 14 12 9 21 17 15 17 18 9 17 33 36 42 49 30 21 29 41 36 36 43 48 47 46 22 7 5 2 1 0 0 0 0 0 0 0 0 0 0 0 0 0 0 0 0 1 0 0 0
55 68 60 35 29 17 24 35 18 29 13 18 10 36 11 23 21 15 14 50 34 12 20 17 27 18 9 36 26 24 39 38 17 13 13 29 23 20 28 20 27 42 42 24 19 29 20 31 18 13 5 4 2 1 4 9 21 25 32 39 14 15 21 37 37 27 19 14 21 29 28 18 6 3 1 1 1 1 2 1 1 0 0 0 0 0 0 0 0 0 0 0 0 0 0 0
17 22 19 46 35 23 21 6 8 15 13 25 18 34 16 26 37 11 8 8 37 42 33 31 19 19 14 17 33 42 25 9 19 14 14 19 22 30 31 32 25 23 26 14 11 9 10 10 16 19 20 23 6 4 5 7 12 17 19 11 12 23 22 46 31 15 18 12 10 8 4 5 4 1 1 2 3 2 0 0 0 0 0 0 1 1 1 0 0 0 0 0 0 0 0 0
29 28 38 16 6 7 14 4 27 3 15 11 7 12 23 9 14 28 27 20 23 56 48 32 32 13 17 34 45 12 13 18 12 25 20 11 11 18 18 17 14 13 22 23 29 21 19 24 30 17 14 14 9 7 10 10 11 12 17 19 4 21 22 27 43 35 28 29 11 6 2 1 0 1 2 4 7 3 1 0 0 1 1 1 1 1 1 1 1 0 1 0 0 0 0 0
47 45 34 26 20 8 10 10 13 4 17 16 9 7 9 9 21 30 28 8 26 46 51 44 39 11 37 51 24 9 13 11 20 13 16 13 17 20 17 21 10 22 26 25 15 18 23 19 17 11 11 5 20 15 28 23 16 13 10 7 11 16 20 14 50 51 19 24 16 9 4 3 1 2 5 8 2 1 1 1 1 2 1 3 3 3 4 2 2 1 1 1 1 0 0 0
23 20 28 19 8 23 54 64 38 20 32 17 3 1 6 4 4 8 8 19 41 42 17 32 33 35 42 62 33 16 20 19 20 36 24 29 25 28 14 15 25 36 29 31 30 37 26 10 20 9 16 19 23 18 33 18 36 8 14 6 19 37 14 39 58 33 26 11 7 5 2 1 1 3 6 5 1 2 2 3 5 4 5 9 7 5 5 3 5 5 2 4 1 1 1 1
18 20 10 9 35 69 56 46 62 69 20 36 18 3 3 8 13 14 15 36 51 37 32 61 34 50 42 13 14 10 18 30 20 31 57 32 30 36 37 39 31 33 30 27 27 21 31 18 16 20 27 25 27 25 35 25 36 23 11 5 9 25 33 41 30 30 12 9 6 2 2 2 3 1 8 3 5 5 11 11 17 9 12 18 14 7 13 10 9 5 5 4 2 2 2 3
8 13 14 17 22 50 62 63 80 66 52 39 54 39 16 9 10 6 33 32 12 15 31 51 28 12 19 22 37 43 32 24 49 26 50 48 47 58 38 41 20 40 17 13 15 19 21 36 29 28 25 46 17 27 41 36 13 11 13 9 3 13 11 12 15 23 14 16 6 1 5 4 7 5 31 9 11 11 21 21 29 18 20 30 15 13 24 32 19 13 6 5 4 7 6 3
12 5 13 25 6 11 8 7 62 62 56 74 71 39 45 38 15 8 18 9 24 18 27 25 28 38 41 38 35 48 44 35 39 47 43 54 39 44 43 56 61 29 32 30 11 14 18 17 28 37 38 38 25 12 38 9 18 28 11 10 4 5 7 4 3 2 5 2 1 5 19 9 13 12 46 16 31 34 53 54 70 58 67 65 50 37 38 36 55 44 15 11 9 9 20 6
7 13 9 7 4 11 19 24 10 24 22 61 59 37 51 58 48 43 46 22 10 23 10 21 35 53 50 27 23 31 26 34 34 39 43 39 37 41 40 56 58 70 42 19 55 39 40 18 30 24 13 28 14 29 24 19 18 11 16 11 5 18 21 9 5 2 2 4 9 11 19 28 19 35 47 50 53 41 51 68 47 41 65 56 51 42 38 36 41 37 23 18 28 32 33 17
17 9 12 29 34 23 55 35 32 6 54 66 37 67 64 65 72 55 40 35 26 20 17 16 42 29 20 23 22 12 15 12 14 21 44 41 22 34 50 60 49 53 55 50 7 42 41 40 39 24 20 32 34 23 10 9 14 26 14 9 6 29 14 8 3 7 7 11 30 32 26 62 49 66 49 59 57 47 54 49 17 32 49 24 11 10 22 8 23 37 23 21 17 18 17 41
47 51 59 45 73 28 13 16 42 25 41 64 49 87 71 66 88 66 48 43 44 46 19 18 19 13 31 22 23 18 27 11 30 46 18 20 40 34 34 23 29 47 55 71 56 35 51 34 39 33 30 17 12 38 50 26 27 19 12 13 20 17 18 6 7 15 28 17 27 47 40 48 55 49 66 28 33 27 43 32 7 9 13 24 8 1 2 4 24 20 22 26 7 9 4 20
3 53 61 50 61 74 70 56 23 13 14 67 73 78 70 75 84 73 63 80 65 73 49 33 4 15 6 19 10 5 24 8 14 25 13 27 13 24 15 17 51 48 39 31 40 23 43 38 25 39 21 17 20 11 14 28 23 10 7 15 29 29 21 13 22 39 42 29 38 71 56 56 26 30 48 51 7 5 5 11 11 6 2 3 13 7 1 1 4 3 2 3 8 9 2 7
27 45 62 73 68 78 68 70 70 25 28 44 58 83 78 73 84 55 72 73 74 70 45 56 37 13 9 5 6 13 44 43 8 21 9 12 13 21 18 26 37 25 13 24 42 75 49 37 19 19 13 28 27 19 5 5 5 3 23 22 22 51 28 20 31 55 56 57 57 59 34 15 8 27 16 12 24 3 3 11 9 5 5 3 1 11 2 1 1 1 0 4 2 8 3 1
