sesion_6_simulaciones/modelos_agentes/ejemplos_netlogo/scenarios/cgcm2_b2/rob_2041.asc
NCOLS 322 
NROWS 307 
XLLCORNER 451900 
YLLCORNER 4086900 
CELLSIZE 100 
NODATA_value -9999 
[rows 148 to 221 of 307, columns 0 to 95 of 322]
1 26 31 23 35 53 47 35 13 7 10 64 64 69 61 65 78 65 49 65 40 52 21 11 1 3 1 5 2 1 8 2 3 8 4 11 4 11 7 8 35 34 29 22 33 17 37 33 21 36 20 19 28 14 21 38 32 17 11 27 42 43 34 24 37 54 55 39 45 75 65 64 37 45 64 72 17 14 13 27 24 17 7 8 31 21 5 3 13 10 8 9 19 20 7 18
12 25 38 47 48 63 49 60 59 18 22 40 55 78 75 71 83 50 65 62 62 50 21 29 11 3 2 1 1 4 20 16 2 7 2 4 4 9 8 13 21 15 8 17 33 71 43 33 17 18 12 30 31 26 7 8 9 5 32 29 28 62 40 30 42 63 62 62 62 66 44 22 14 44 32 21 47 9 8 27 22 13 16 9 4 26 8 4 3 5 2 12 6 19 9 3
8 5 15 42 38 65 59 22 39 46 27 28 79 82 80 53 84 67 70 75 62 35 27 15 27 13 3 8 6 7 3 19 8 17 22 19 7 17 21 19 11 10 19 49 61 42 28 22 18 16 17 20 20 19 31 21 29 32 34 34 49 63 37 37 64 66 73 72 54 17 55 33 30 34 52 17 19 5 2 6 15 14 8 15 5 5 16 9 3 4 2 1 3 4 7 2
3 7 15 10 13 11 11 15 21 18 39 17 40 69 66 55 76 73 70 32 15 18 33 42 47 29 15 6 6 2 4 9 53 36 46 51 67 19 9 21 40 36 62 58 22 21 11 22 14 11 24 21 23 20 23 18 41 44 47 47 67 63 59 46 61 73 68 51 74 42 21 51 54 19 20 7 17 30 12 5 5 10 10 5 7 3 5 19 9 4 3 1 1 3 5 4
32 11 8 8 14 13 18 27 28 33 20 43 21 14 11 12 15 15 22 31 23 60 65 52 67 34 56 21 20 23 14 17 37 6 1 2 16 64 12 8 31 23 36 41 34 47 48 56 30 15 25 25 31 24 9 24 31 64 43 65 60 67 74 87 86 75 71 43 38 82 40 33 28 30 14 4 6 6 21 12 5 6 10 7 4 5 3 4 12 3 2 2 0 1 2 2
40 33 27 20 22 14 18 29 6 16 45 33 27 35 25 24 14 33 47 59 85 68 82 58 59 36 26 32 21 51 35 5 3 7 8 1 8 11 38 11 5 63 19 22 30 21 10 18 38 24 36 43 39 26 11 15 26 52 74 63 79 69 80 78 79 74 67 25 30 68 70 50 26 15 20 10 8 6 9 7 10 5 5 7 4 3 3 2 15 6 1 1 1 0 2 2
67 41 62 46 39 42 53 15 20 15 20 26 30 58 53 23 11 26 60 64 74 86 74 85 67 64 62 59 34 40 64 57 25 5 12 13 26 22 22 39 8 43 29 22 39 7 13 19 12 33 42 53 61 46 46 22 31 50 64 71 55 42 74 75 72 64 59 47 27 41 74 22 22 13 8 5 9 3 9 18 5 8 6 3 2 2 2 2 3 2 5 1 1 0 0 1
70 56 69 52 55 51 40 48 18 15 28 19 63 43 21 45 32 21 20 59 72 63 63 71 48 56 64 62 34 14 36 69 77 57 45 22 26 31 31 39 19 37 70 37 39 23 11 11 13 20 17 20 35 12 17 42 35 58 47 29 27 27 31 49 53 21 29 17 40 51 43 38 16 11 12 4 4 6 6 11 8 4 5 4 2 2 1 1 1 1 2 3 1 1 0 0
45 60 62 77 79 53 32 75 28 14 27 28 26 28 51 53 38 52 37 22 24 56 65 24 43 67 48 75 47 15 14 16 51 74 61 43 31 28 24 35 31 37 74 27 39 40 30 38 39 41 39 42 29 27 36 28 44 72 60 57 57 51 25 13 8 20 16 22 14 26 25 37 40 15 6 3 4 5 7 7 8 12 2 3 1 1 1 0 1 1 1 0 3 1 0 0
64 78 68 85 70 33 65 80 40 38 47 22 54 73 56 39 59 45 34 27 32 29 19 51 46 22 35 64 73 40 30 20 16 67 55 57 64 61 57 66 59 37 68 75 45 41 48 52 49 50 59 66 38 56 60 31 28 46 61 46 42 25 14 22 20 6 2 11 25 27 27 32 13 13 5 5 6 5 8 5 6 4 5 2 1 1 0 0 0 0 1 0 1 1 0 0
46 80 44 79 48 66 74 72 25 50 57 36 26 20 38 40 47 70 62 73 35 24 32 23 30 30 47 81 46 79 37 48 42 59 27 53 55 79 64 52 59 33 50 72 80 46 43 39 65 49 49 39 33 57 60 34 46 74 76 74 41 51 52 37 30 13 10 14 17 15 15 18 13 6 10 2 4 6 5 5 3 2 2 2 1 0 0 0 0 0 0 1 1 1 1 0
20 72 57 71 64 72 70 31 39 66 63 50 45 27 27 16 20 31 30 68 45 18 27 24 65 71 66 70 38 73 76 30 30 39 58 70 60 83 89 58 55 24 29 66 77 72 65 50 62 28 20 29 59 57 52 46 45 34 31 31 26 42 55 45 42 26 21 17 12 12 12 10 6 8 2 3 3 4 2 1 1 1 1 1 2 1 1 1 0 0 0 0 1 1 0 0
21 20 15 54 68 69 30 31 73 47 63 75 63 47 34 39 45 42 47 26 32 50 42 19 54 55 67 75 72 44 83 79 38 20 32 74 73 63 62 63 71 26 28 67 84 85 60 52 55 53 41 28 77 46 82 87 86 77 81 74 53 30 34 28 27 21 19 17 12 7 6 10 7 6 3 5 2 2 2 2 1 1 1 1 1 1 1 1 0 0 1 0 0 0 0 0
22 63 41 32 22 46 37 76 79 54 51 68 45 57 25 43 37 38 45 31 35 37 38 18 61 73 62 85 78 59 72 83 78 45 38 12 29 60 44 25 37 28 20 80 83 82 67 69 64 69 88 93 80 55 44 80 77 42 45 65 59 33 43 32 25 15 12 19 12 4 5 4 5 4 2 3 2 2 1 1 1 1 0 0 0 0 1 0 0 0 0 0 0 0 0 0
55 59 44 61 49 24 48 80 73 77 16 52 66 67 75 45 57 33 29 26 28 15 40 58 81 60 84 88 73 74 53 67 79 54 51 29 59 77 83 82 66 55 39 55 83 69 62 88 61 68 84 84 91 67 48 83 88 64 46 33 69 64 24 46 26 20 9 9 8 5 6 4 3 2 2 2 2 1 1 0 0 0 0 0 0 0 0 0 0 0 0 0 0 0 0 0
45 43 65 45 36 15 46 64 47 80 34 41 72 57 70 58 31 51 43 59 60 60 20 49 62 71 81 82 60 81 64 79 66 66 66 72 66 75 81 74 18 62 68 41 20 49 60 83 68 58 77 73 76 83 45 59 72 90 65 43 51 30 27 25 25 30 24 15 7 3 6 2 2 1 1 1 1 0 0 0 0 0 0 0 0 0 0 0 0 0 0 0 0 0 0 0
30 27 17 35 48 44 18 77 37 32 33 48 58 19 44 60 37 46 39 65 64 42 37 16 45 80 72 81 65 82 65 65 59 43 60 63 77 69 69 78 72 56 28 26 13 17 54 78 61 31 44 68 77 83 77 81 82 76 83 42 28 30 24 29 22 18 22 7 4 6 2 2 1 1 0 0 0 0 0 1 1 0 0 0 0 0 1 1 1 0 1 1 0 1 1 1
23 39 51 42 25 20 19 36 44 41 62 53 63 62 33 47 45 57 27 21 35 66 45 24 12 24 28 63 59 36 16 16 15 29 27 20 56 38 40 61 60 54 51 24 8 17 61 66 56 44 35 27 52 79 75 69 58 55 71 70 26 15 20 19 19 15 6 8 4 1 1 1 1 1 0 0 0 0 0 0 0 1 0 1 2 3 2 3 1 1 1 3 2 4 4 1
42 27 22 20 33 26 28 18 21 20 38 66 63 68 24 24 29 61 63 46 32 28 44 14 30 39 33 29 21 29 42 33 42 39 56 26 23 19 19 20 15 35 29 16 17 25 52 57 64 43 38 34 9 41 40 45 41 57 33 46 36 14 28 26 19 9 7 3 3 2 1 1 0 0 1 1 0 0 0 1 3 3 2 4 5 6 5 8 5 5 15 15 6 9 4 2
29 30 37 59 48 49 40 34 40 41 49 13 19 26 36 49 37 17 61 64 53 28 23 9 27 61 61 48 36 40 58 63 34 61 30 24 27 33 35 30 22 12 21 24 38 40 55 55 65 51 36 18 19 14 22 45 18 12 9 26 14 16 13 7 10 5 2 3 2 1 1 0 1 0 1 1 1 0 2 3 8 8 8 11 12 25 20 11 10 13 3 1 2 2 2 6
36 40 54 37 31 42 44 30 48 66 21 30 51 48 32 50 13 20 23 24 37 20 18 15 33 33 54 48 65 32 58 50 43 46 30 27 35 59 31 59 39 20 13 15 17 27 38 45 42 45 29 43 36 24 26 26 22 13 16 17 31 22 10 3 3 3 2 1 1 0 0 4 4 2 2 3 1 2 6 17 29 21 22 42 31 25 26 16 19 13 4 1 0 0 1 3
53 68 65 66 36 31 37 35 50 58 36 37 52 50 48 29 34 29 39 38 27 32 33 19 35 31 33 56 29 41 52 52 54 40 30 32 28 54 30 61 44 36 31 11 8 6 24 22 61 62 38 28 57 27 13 31 32 36 27 17 19 8 4 2 2 2 1 1 2 2 4 7 10 3 5 6 2 8 22 28 46 65 26 52 29 21 14 13 12 8 4 3 1 0 0 1
21 18 14 17 24 26 51 54 64 43 48 22 41 54 26 13 20 19 27 23 14 11 10 19 29 27 28 33 47 51 44 39 27 35 24 10 34 30 50 62 43 42 57 32 35 17 11 22 19 50 31 40 28 12 11 21 19 14 8 4 3 2 1 1 1 0 2 5 10 7 15 21 19 10 17 9 4 13 35 42 71 46 26 17 8 1 1 6 2 2 2 1 1 0 0 1
30 41 31 48 44 49 36 53 43 38 19 23 34 46 55 48 48 24 18 16 21 7 10 27 61 52 33 30 48 29 21 37 66 39 23 10 34 21 58 26 59 40 52 46 29 16 21 22 11 28 36 25 10 15 12 8 22 7 4 3 1 4 4 7 2 4 8 18 19 20 22 31 20 18 20 15 13 27 49 62 55 32 12 8 4 2 1 1 3 1 1 1 0 0 0 0
24 21 23 47 64 28 32 42 37 44 37 29 50 33 60 47 36 56 46 32 59 27 32 21 52 65 41 61 24 29 42 27 53 50 25 18 24 32 39 21 31 32 47 50 22 34 23 14 14 18 18 22 16 14 12 9 4 2 1 7 7 14 15 14 8 10 22 29 46 49 34 45 46 40 27 35 41 53 56 51 36 42 17 7 3 3 2 1 4 2 0 0 0 0 0 0
30 21 36 53 36 37 33 48 51 42 55 60 54 44 33 30 61 60 40 43 44 32 53 32 37 59 70 47 28 27 19 19 16 17 32 40 12 15 47 46 46 51 44 30 40 29 27 25 15 19 19 20 27 17 7 5 5 8 12 26 23 21 32 23 16 29 36 40 58 45 49 60 71 37 39 50 61 66 69 41 12 8 8 8 4 2 1 1 0 1 0 0 0 0 0 0
24 33 44 42 22 60 44 41 63 67 76 70 64 67 44 21 24 39 39 45 17 38 65 38 45 35 59 73 48 63 46 37 31 31 51 59 26 36 50 61 53 15 19 32 23 28 16 12 20 25 23 36 20 13 16 8 13 16 31 32 31 31 42 32 26 39 52 37 67 64 53 78 63 49 57 75 60 60 22 66 33 26 7 4 4 2 1 1 0 0 0 0 0 0 0 0
25 30 42 32 23 21 28 38 29 38 57 72 48 53 64 27 37 33 27 24 27 63 66 51 32 41 22 47 35 42 35 34 48 47 62 55 32 48 62 59 49 28 14 12 22 21 25 38 22 22 37 21 17 30 16 13 22 38 42 53 46 46 47 36 37 67 71 59 75 75 74 73 84 84 53 55 60 58 19 12 23 30 13 7 2 1 1 1 1 0 0 0 0 0 0 0
26 29 50 27 34 18 26 20 36 44 24 28 24 25 33 47 45 39 64 35 50 65 47 63 25 61 34 63 30 28 43 46 48 43 53 46 46 37 56 57 48 24 10 20 24 24 30 29 28 29 28 37 24 19 18 31 42 45 44 50 48 39 58 51 56 74 74 69 64 84 74 67 61 71 26 23 12 35 38 17 7 14 6 3 2 1 1 0 0 0 0 0 0 0 0 0
30 53 47 70 15 63 51 12 41 35 46 33 61 35 48 44 47 39 38 39 29 55 34 50 41 33 42 39 25 50 50 43 46 49 49 37 42 33 43 61 44 39 40 46 51 26 34 25 44 53 49 57 41 26 39 43 47 59 43 50 66 53 68 71 64 73 54 73 37 53 78 77 72 55 69 52 31 10 6 11 6 3 8 5 4 2 2 3 1 0 0 0 0 0 0 0
65 46 23 32 55 34 18 42 45 53 35 54 32 31 61 40 41 11 36 44 43 16 33 46 36 26 37 16 27 18 23 42 41 70 28 31 29 44 45 21 30 45 21 28 25 34 17 34 50 64 57 53 47 44 41 60 53 63 61 53 61 70 66 70 64 74 55 49 72 37 68 71 48 67 70 76 54 46 38 19 12 7 2 1 2 3 1 2 1 0 0 0 0 0 0 0
47 74 43 44 16 30 24 41 37 43 61 26 34 55 57 65 65 26 30 56 38 28 12 23 44 17 29 24 22 14 17 46 49 43 22 31 29 30 61 41 28 40 21 63 35 31 41 29 57 66 52 49 48 47 46 50 70 64 62 75 75 84 73 59 65 33 45 36 40 45 31 55 35 42 65 67 67 79 54 34 30 30 24 9 2 1 1 1 1 0 0 0 0 0 0 0
23 29 22 20 44 54 34 33 43 51 50 31 42 30 19 21 17 22 30 42 59 25 35 20 30 21 22 11 17 27 31 44 31 29 30 21 31 51 60 45 28 25 41 67 24 53 39 43 55 75 46 48 50 48 48 54 70 77 65 73 83 59 41 70 70 61 46 22 16 5 10 11 17 19 41 51 43 52 54 29 47 27 16 4 2 2 2 1 1 0 0 0 0 0 0 0
22 25 41 32 31 47 48 31 15 44 11 18 34 34 64 30 51 25 31 26 42 32 25 30 23 29 37 20 17 19 35 24 27 41 10 11 22 61 39 33 22 37 40 56 48 44 48 53 65 60 43 59 49 48 62 49 71 82 83 59 70 72 32 19 16 24 30 45 35 21 9 6 3 8 15 30 23 43 63 19 29 46 14 7 3 2 1 1 1 0 0 0 0 0 0 0
19 56 37 21 20 29 29 26 14 14 20 24 25 48 42 32 38 45 40 36 26 56 23 46 24 29 52 15 15 28 15 19 41 26 28 44 42 66 15 13 26 50 49 60 53 40 45 49 58 43 66 72 57 62 61 59 66 69 70 49 50 63 35 32 58 71 75 56 51 31 24 27 6 2 4 17 14 32 55 35 17 14 12 6 3 2 2 1 1 1 0 0 0 0 0 0
22 35 31 30 26 26 26 21 10 5 12 21 37 20 30 36 31 48 27 16 12 17 24 15 12 39 33 19 29 22 14 15 35 19 9 20 29 40 30 29 36 44 67 68 40 43 56 51 61 57 74 78 63 81 74 86 73 67 74 47 36 17 64 57 24 48 67 56 61 58 52 24 9 7 3 2 3 8 30 10 6 2 2 4 1 2 1 1 1 1 1 0 0 0 0 0
42 7 15 32 8 21 11 3 5 2 4 4 7 14 36 18 12 17 33 18 16 9 11 14 7 16 14 19 30 15 4 7 8 17 20 12 39 31 18 30 41 57 76 86 80 76 65 68 63 38 76 55 85 76 69 75 45 54 72 79 33 29 22 76 36 27 46 61 49 41 60 52 53 20 10 3 1 1 1 1 1 1 1 2 2 0 0 0 0 1 0 0 0 0 0 0
3 5 14 9 9 7 5 2 1 7 20 2 5 7 8 21 17 14 22 15 15 12 15 17 4 5 10 14 9 5 1 3 5 30 49 48 66 71 79 79 78 87 71 86 80 86 77 37 67 71 46 43 61 65 69 71 46 71 74 61 58 41 18 46 71 27 9 23 52 65 47 40 17 13 15 10 3 1 1 0 1 1 1 0 2 1 0 0 0 0 0 0 0 0 0 0
3 5 8 3 3 2 9 28 43 13 17 22 29 5 4 13 10 6 9 6 7 3 5 3 6 4 18 21 28 4 2 8 9 7 14 54 67 71 77 79 71 79 73 71 80 85 83 54 42 46 83 63 31 57 27 35 34 71 85 68 49 45 30 23 79 37 32 14 28 40 66 11 6 9 9 15 9 5 4 2 1 1 0 0 1 1 1 0 0 0 0 0 0 0 0 0
7 10 10 14 14 26 39 25 26 32 35 16 22 14 9 6 5 4 4 4 2 3 20 20 43 42 17 8 23 6 2 26 20 12 17 20 30 69 69 80 66 49 55 54 69 83 88 88 44 45 63 67 49 27 47 19 48 56 75 72 24 34 27 15 76 50 20 16 12 53 60 67 24 15 9 5 3 2 1 1 2 2 1 0 0 0 1 0 0 0 0 0 0 0 0 0
18 25 17 47 31 39 45 54 62 56 35 29 38 18 15 5 3 4 2 4 4 3 2 5 8 16 34 28 9 12 10 9 18 31 7 18 40 55 61 69 69 44 30 44 58 80 86 82 88 84 38 50 43 37 20 16 28 51 68 72 24 24 28 22 47 83 47 24 10 5 6 21 8 8 5 11 6 2 1 1 1 1 1 1 0 0 0 0 0 0 0 0 0 0 0 0
17 36 41 51 55 48 64 49 74 62 39 64 54 26 53 38 34 18 6 1 2 2 2 2 4 7 13 38 7 6 12 8 31 24 34 32 22 21 11 8 55 64 29 45 38 46 66 66 83 87 82 52 50 61 35 39 22 54 69 61 62 21 34 24 14 72 82 49 27 7 4 4 18 10 5 4 5 5 2 1 0 1 1 1 1 0 0 0 0 0 0 0 0 0 0 0
6 9 19 57 68 56 80 80 79 77 68 71 45 65 75 68 44 21 38 14 10 5 6 7 8 20 37 14 11 13 10 26 49 29 37 46 38 33 25 22 19 32 28 30 21 40 70 49 65 78 87 56 43 39 47 40 8 40 57 56 55 32 21 19 8 50 74 65 31 23 3 1 10 20 5 1 1 1 2 1 1 1 0 0 1 0 0 0 0 0 0 0 0 0 0 0
13 14 25 64 69 73 72 60 55 84 87 67 77 80 80 68 49 47 44 37 21 4 13 22 38 69 60 16 6 12 17 23 22 32 21 36 38 43 48 29 19 19 18 15 28 36 51 47 17 59 76 82 37 29 33 16 12 9 27 36 70 60 10 11 20 30 35 55 12 19 12 2 2 9 5 3 1 1 2 1 1 1 0 0 0 0 0 0 0 0 0 0 0 0 0 0
8 11 12 11 11 16 40 47 47 18 40 80 89 84 81 52 51 73 58 39 49 13 16 10 8 13 53 67 22 7 17 21 25 45 38 29 40 40 53 34 41 51 40 30 21 12 47 49 36 24 51 70 48 23 10 8 20 7 12 29 29 24 15 10 11 17 9 58 9 12 7 7 1 3 4 5 3 2 2 1 1 1 0 0 0 0 0 0 0 0 0 0 0 0 0 0
5 9 17 44 38 44 71 42 40 32 38 20 65 84 86 68 65 73 49 48 32 56 30 40 32 15 8 14 22 13 5 21 33 54 24 28 19 30 49 44 37 35 27 27 39 32 29 10 27 53 29 36 8 10 5 14 11 15 10 11 26 28 19 12 4 4 5 30 31 6 2 5 4 1 1 2 3 1 1 0 1 0 0 0 0 0 0 0 0 0 0 0 0 0 0 0
5 16 8 8 21 15 21 30 30 37 20 9 19 39 69 79 78 40 16 22 22 58 42 56 42 34 24 9 9 21 12 59 48 26 63 41 40 42 47 33 37 54 57 46 50 31 34 18 17 12 49 30 24 12 8 6 12 12 7 8 17 32 16 7 7 5 8 19 37 14 4 1 6 3 1 0 0 1 1 1 0 0 0 0 0 0 0 0 0 0 0 0 0 0 0 0
12 3 9 21 33 37 24 25 29 37 45 31 52 27 26 33 45 30 23 35 62 25 30 48 68 71 19 21 12 56 31 33 66 52 72 32 74 43 36 33 38 38 36 44 36 35 32 20 16 15 12 18 13 12 14 9 7 9 4 2 4 7 14 10 11 7 4 7 10 13 5 5 6 2 2 1 0 1 1 0 1 0 0 0 0 0 0 0 0 0 0 0 0 0 0 0
31 13 25 18 21 37 29 42 52 44 30 32 17 41 50 36 37 28 24 34 20 55 47 35 17 37 43 51 54 13 18 50 46 17 38 36 20 57 31 37 38 46 23 29 16 17 15 20 22 19 9 5 22 22 11 17 8 7 6 5 2 5 14 5 5 5 3 5 5 12 2 3 2 1 1 1 0 0 0 1 0 0 0 0 0 0 0 0 0 0 0 0 0 0 0 0
52 41 8 10 35 16 42 65 34 29 45 37 36 60 22 38 27 25 21 18 29 42 38 39 34 20 28 32 18 28 12 48 33 40 46 58 17 26 49 21 27 43 34 41 36 13 18 19 12 17 5 10 2 6 6 21 5 7 4 8 5 4 2 1 1 0 0 1 2 2 1 0 2 1 1 2 1 1 1 0 0 0 0 0 0 0 0 0 0 0 0 0 0 0 0 0
56 45 72 21 21 39 13 12 43 53 26 48 26 50 21 47 43 35 32 43 51 54 40 23 37 37 29 34 55 58 45 14 11 17 43 33 31 10 46 44 40 32 14 19 28 27 17 9 13 14 9 3 18 8 6 17 9 2 5 2 2 3 1 1 0 0 0 0 1 2 2 1 1 1 1 1 1 1 1 0 0 0 0 0 0 0 0 0 0 0 0 0 0 0 0 0
40 52 64 48 15 12 45 24 7 20 39 27 16 25 38 34 24 16 27 35 43 43 74 55 42 40 36 32 59 69 48 32 13 27 48 42 58 29 9 48 30 40 37 29 15 13 17 18 12 12 4 1 4 2 1 6 3 3 2 1 1 2 1 1 1 0 0 0 0 1 1 1 1 1 1 2 2 1 0 0 0 0 0 0 0 0 0 0 0 0 0 0 0 0 0 0
50 56 77 61 68 34 13 58 23 27 59 25 39 30 20 40 22 25 25 23 19 31 60 53 43 45 40 34 47 68 75 50 28 23 58 58 62 40 18 26 69 28 24 53 30 29 19 20 17 6 3 1 1 1 1 1 3 2 1 1 1 1 1 2 1 1 0 0 0 0 0 0 0 0 0 0 1 1 0 0 0 0 0 0 0 0 0 0 0 0 0 0 0 0 0 0
59 51 47 68 44 51 54 22 64 38 51 65 53 60 43 24 27 22 33 52 29 43 66 63 44 44 43 30 21 24 65 57 41 30 25 63 47 34 27 16 21 54 13 14 16 16 16 20 28 10 15 4 2 1 1 1 1 1 1 3 1 0 0 0 0 0 0 0 0 0 0 0 0 0 0 0 0 0 0 0 0 0 0 0 0 0 0 0 0 0 0 0 0 0 0 0
29 68 62 72 59 67 68 59 39 28 21 16 30 22 22 50 41 28 45 19 61 29 68 79 44 46 46 28 17 7 15 39 57 41 16 42 54 23 48 38 26 14 37 40 18 16 23 13 17 7 16 4 1 1 1 1 1 1 0 1 1 1 0 0 0 0 0 0 0 0 0 0 0 0 0 0 0 0 0 0 0 0 0 0 0 0 0 0 0 0 0 0 0 0 0 0
20 24 13 34 37 12 17 13 38 34 52 51 48 56 23 23 51 50 43 45 34 28 59 81 65 59 53 50 29 9 8 9 46 33 35 34 53 20 47 50 36 14 11 33 22 28 18 13 12 4 1 1 2 2 1 1 0 0 0 0 0 0 0 0 0 0 0 0 0 0 0 0 0 0 0 0 0 0 0 0 0 0 0 0 0 0 0 0 0 0 0 0 0 0 0 0
25 40 33 18 19 37 27 27 31 57 32 54 39 25 35 47 31 21 28 44 27 72 45 64 73 57 62 54 53 24 10 11 7 20 35 36 40 21 46 25 34 31 21 15 24 16 13 20 12 7 4 1 2 1 1 1 0 0 0 0 0 0 0 0 0 0 0 0 0 0 0 0 0 0 0 0 0 0 0 0 0 0 0 0 0 0 0 0 0 0 0 0 0 0 0 0
44 31 43 27 39 57 40 33 44 51 27 33 34 18 33 59 42 45 28 30 62 49 35 28 77 51 23 19 16 11 12 5 12 5 10 14 73 50 25 38 25 13 20 22 12 20 8 9 19 13 8 3 1 1 1 1 0 0 0 0 0 0 0 0 0 0 0 0 0 0 0 0 0 0 0 0 0 0 0 0 0 0 0 0 0 0 0 0 0 0 0 0 0 0 0 0
32 26 27 26 12 28 30 31 24 18 44 40 33 15 30 36 29 39 47 71 50 33 44 60 76 68 33 26 25 25 22 21 8 11 13 8 5 6 18 21 15 27 10 17 14 19 17 8 18 8 9 7 3 1 1 0 0 0 0 0 1 1 1 1 0 0 0 0 0 0 0 0 0 0 0 0 0 0 0 0 0 0 0 0 0 0 0 0 0 0 0 0 0 0 0 0
20 15 22 14 25 20 26 21 13 11 18 21 19 38 34 35 27 45 37 29 31 30 17 10 17 18 15 22 44 44 25 48 33 11 7 5 7 6 5 15 11 22 17 7 20 10 15 11 7 3 4 3 2 1 0 0 0 0 1 1 2 1 1 1 1 0 0 0 0 0 0 0 0 0 0 0 0 0 0 0 0 0 0 0 0 0 0 0 0 0 0 0 0 0 0 0
27 15 21 5 13 13 26 35 61 56 46 9 17 34 28 18 27 42 55 43 46 22 30 25 17 21 49 26 30 42 53 38 22 21 21 4 2 3 5 7 8 11 15 17 15 12 7 5 10 3 2 2 1 0 1 1 1 2 2 2 3 2 2 1 1 1 1 1 1 1 0 0 0 0 0 0 0 0 0 0 0 0 0 0 0 0 0 0 0 0 0 0 0 0 0 0
7 9 6 6 24 24 13 30 69 71 57 62 41 19 31 45 36 45 46 23 17 21 44 33 30 31 45 20 9 28 23 15 7 12 19 11 4 4 8 5 3 5 4 5 6 7 6 3 5 3 1 1 1 1 2 2 2 3 4 3 2 4 4 2 4 1 2 1 1 1 0 0 0 0 0 0 0 0 0 0 0 0 0 0 0 0 0 0 0 0 0 0 0 0 0 0
5 10 21 21 32 24 45 38 13 28 61 59 59 66 70 56 81 54 44 43 17 10 37 26 27 38 21 20 13 9 23 24 23 16 21 10 6 14 17 5 3 13 6 7 4 2 5 2 2 1 1 1 3 5 5 6 3 3 3 4 3 5 6 8 6 4 2 2 2 1 1 0 1 0 0 0 0 0 0 0 0 0 0 0 0 0 0 0 0 0 0 0 0 0 0 0
15 4 3 12 43 51 57 79 70 37 46 78 66 54 76 57 81 81 80 59 33 47 10 12 13 11 31 34 36 47 14 47 41 20 7 9 4 11 11 6 15 7 5 5 5 3 3 3 2 2 4 4 9 17 14 9 11 5 6 5 4 10 10 8 5 5 3 2 2 2 1 0 0 0 0 0 0 0 0 0 0 0 0 0 0 0 0 0 0 0 0 0 0 0 0 0
21 22 38 13 10 30 50 70 72 42 31 78 44 39 76 57 55 33 48 61 20 32 26 20 15 19 26 32 29 50 23 13 11 26 17 15 6 23 11 9 13 16 11 11 10 14 11 7 2 9 14 13 16 28 28 25 7 4 18 9 7 11 11 6 9 9 1 6 5 2 1 1 0 0 0 0 0 0 0 0 0 0 0 0 0 0 0 0 0 0 0 0 0 0 0 0
49 23 33 61 42 22 22 32 32 71 29 70 51 46 72 38 19 27 38 27 21 9 25 16 22 36 34 16 11 31 21 13 6 4 6 5 19 21 9 6 32 30 15 32 25 10 8 4 3 11 27 26 28 59 24 18 14 6 30 11 10 12 18 21 11 7 5 6 2 1 1 1 1 1 0 0 0 0 0 0 0 0 0 0 0 0 0 0 0 0 0 0 0 0 0 0
69 65 38 56 71 80 68 39 18 19 48 75 65 31 67 36 36 28 37 29 14 10 30 13 32 27 28 24 19 15 8 10 11 15 19 12 25 5 9 17 33 33 41 40 17 7 4 7 16 13 26 46 62 29 18 24 21 12 45 16 35 11 22 11 9 22 10 4 6 2 1 1 3 2 0 0 0 0 0 0 0 0 0 0 0 0 0 0 0 0 0 0 0 0 0 0
67 75 75 66 70 82 72 85 57 15 40 66 14 27 50 47 38 17 49 10 11 9 18 10 45 29 16 12 11 3 3 10 17 12 27 10 34 8 25 24 50 53 56 20 17 8 9 22 34 31 28 54 53 33 37 50 37 20 58 47 23 27 21 26 38 19 13 7 4 1 2 8 3 0 0 0 0 0 0 0 0 0 0 0 0 0 0 0 0 0 0 0 0 0 0 0
55 80 79 87 76 71 82 81 70 43 37 36 44 17 47 40 31 21 15 9 9 10 27 16 22 20 17 35 24 23 25 25 14 7 9 22 49 21 27 38 65 62 41 20 10 19 21 47 62 45 36 61 47 32 46 66 28 44 52 42 49 17 26 56 49 20 13 6 6 7 4 4 2 1 1 0 0 0 0 0 0 0 0 0 0 0 0 0 0 0 0 0 0 0 0 1
16 69 81 70 76 38 61 70 69 66 57 64 46 15 49 73 44 20 24 16 8 16 25 15 13 16 25 8 12 13 4 10 7 21 49 34 53 25 26 41 65 40 16 8 17 39 40 42 74 56 61 62 33 57 68 58 26 47 36 60 46 54 57 47 28 16 16 6 3 1 1 1 0 0 0 0 0 0 0 0 0 0 0 0 0 0 0 0 0 0 0 0 0 0 0 0
31 27 53 26 14 14 21 17 22 11 15 28 57 19 11 50 57 42 33 31 16 12 9 10 28 9 17 17 43 36 7 18 22 25 61 67 75 42 27 56 46 19 10 23 51 54 49 48 77 59 65 77 67 57 74 62 58 35 57 60 36 56 39 12 4 4 2 3 6 4 3 2 3 1 0 0 0 0 0 0 0 0 0 0 0 0 0 0 0 0 0 0 0 0 0 1
34 31 15 21 31 57 57 23 26 5 11 14 9 4 18 10 11 21 10 8 6 27 14 16 8 28 26 32 19 28 25 41 39 39 65 77 60 52 44 59 29 24 22 43 59 59 69 47 67 77 68 80 85 68 63 77 81 58 76 68 67 76 41 52 28 17 13 8 4 1 1 1 1 0 0 0 0 0 0 0 0 0 0 0 0 0 0 0 0 0 0 0 0 0 0 1
56 55 43 38 57 64 65 51 22 18 29 20 25 18 17 23 18 7 7 9 13 34 15 16 29 35 17 60 54 41 51 56 53 56 64 44 31 46 26 56 43 33 30 48 64 72 76 68 72 78 67 78 73 71 28 35 70 79 74 55 17 10 22 17 41 15 10 13 3 1 1 1 1 0 0 0 0 0 0 0 0 0 0 0 0 0 0 0 0 0 0 0 0 0 0 1
36 12 45 52 62 53 54 32 11 21 21 27 53 43 21 20 8 14 12 14 4 7 49 33 22 7 11 31 46 38 39 48 65 42 69 31 44 31 12 52 43 38 50 65 66 79 78 63 80 86 64 43 44 32 16 16 44 54 38 21 26 17 13 17 10 7 6 2 5 2 2 1 1 0 0 0 0 0 0 0 0 0 0 0 0 0 0 0 0 0 0 0 0 0 1 1
