sesion_6_simulaciones/modelos_agentes/ejemplos_netlogo/scenarios/cgcm2_b2/rob_2073.asc
NCOLS 322 
NROWS 307 
XLLCORNER 451900 
YLLCORNER 4086900 
CELLSIZE 100 
NODATA_value -9999 
[rows 74 to 147 of 307, columns 0 to 95 of 322]
0 0 0 0 0 0 0 0 0 0 0 0 0 0 0 0 0 0 0 0 0 0 0 0 0 0 0 0 0 0 0 0 1 1 1 3 7 7 6 5 2 4 2 0 0 0 1 1 1 2 1 2 1 1 2 1 1 2 1 2 1 6 5 6 2 2 2 4 6 9 19 10 6 4 21 55 24 27 45 66 69 24 37 46 56 17 9 7 14 8 11 12 8 9 15 11
0 0 0 0 0 0 0 0 0 0 0 0 0 0 0 0 0 0 0 0 0 0 0 0 0 0 0 0 0 0 0 0 0 1 4 8 4 4 15 11 2 4 5 2 1 0 1 1 1 1 2 2 1 1 1 2 1 1 1 1 1 2 10 13 4 5 11 8 7 3 5 12 11 8 14 63 27 12 9 51 49 39 37 26 11 33 31 12 12 10 12 24 20 13 9 46
0 0 0 0 0 0 0 0 0 0 0 0 0 0 0 0 0 0 0 0 0 0 0 0 0 0 0 0 0 0 0 0 0 0 1 4 4 9 8 5 5 16 5 2 3 1 1 1 1 2 3 1 2 1 2 1 4 1 1 0 1 8 5 11 12 10 16 14 20 11 10 4 4 3 12 63 74 26 14 14 37 41 25 10 10 55 51 42 32 8 7 5 29 34 22 32
0 0 0 0 0 0 0 0 0 0 0 0 0 0 0 0 0 0 0 0 0 0 0 0 0 0 0 0 0 0 0 0 0 0 2 1 2 3 2 2 17 4 5 4 6 7 2 0 1 2 2 2 2 1 3 1 1 1 1 1 4 6 5 12 7 12 15 17 20 23 22 22 20 15 8 17 51 37 25 8 38 59 16 9 42 63 14 59 42 23 10 26 39 38 36 21
0 0 0 0 0 0 0 0 0 0 0 0 0 0 0 0 0 0 0 0 0 0 0 0 0 0 0 0 0 0 0 0 0 1 1 1 1 2 3 7 6 11 4 6 8 23 7 5 8 4 4 2 2 1 1 0 2 2 3 4 4 2 4 2 7 11 12 24 23 20 21 33 23 23 11 4 5 17 19 11 21 22 16 18 47 20 14 9 9 31 20 29 22 29 33 37
0 0 0 0 0 0 0 0 0 0 0 0 0 0 0 0 0 0 0 0 0 0 0 0 0 0 0 0 0 0 0 1 4 8 14 12 6 2 6 8 8 20 12 3 4 5 17 19 37 34 21 10 5 4 3 1 1 2 4 4 2 2 2 2 2 5 4 2 6 19 24 22 23 25 18 15 8 18 6 5 18 22 17 28 45 18 32 19 10 23 30 53 66 60 45 49
0 0 0 0 0 0 0 0 0 0 0 0 0 0 0 0 0 0 0 0 0 0 0 0 0 0 0 0 0 0 0 0 1 4 23 32 7 3 4 14 12 9 20 11 3 3 7 20 57 64 73 79 60 17 11 5 4 5 3 4 3 2 2 1 5 5 3 6 7 17 25 18 24 29 25 14 13 6 4 1 7 18 20 28 37 29 13 14 15 22 63 64 65 38 40 65
0 0 0 0 0 0 0 0 0 0 0 0 0 0 0 0 0 0 0 0 0 0 0 4 0 0 0 0 0 1 0 0 0 1 2 14 9 4 3 9 20 47 14 27 20 9 6 2 2 5 18 29 47 63 41 16 6 3 4 3 2 4 2 9 2 1 3 2 4 8 9 29 26 29 33 19 5 1 2 2 5 9 12 31 16 29 37 39 23 19 13 9 31 22 29 45
0 0 0 0 0 0 0 0 0 0 0 0 0 0 0 0 0 0 0 3 2 4 9 2 11 2 0 0 0 0 0 1 1 3 4 2 2 1 1 6 8 7 10 28 15 10 13 8 3 1 1 1 4 21 20 48 21 9 4 22 29 11 7 2 12 6 2 5 1 1 9 18 34 23 15 16 10 6 7 14 5 5 17 43 17 43 43 40 36 41 26 13 11 27 59 71
0 0 0 0 0 0 0 0 0 0 0 0 0 0 0 0 0 3 5 6 0 2 1 0 0 1 0 0 1 1 0 1 1 1 2 3 2 2 5 8 20 26 8 5 3 4 4 3 1 2 3 1 7 3 5 11 23 17 42 32 8 4 4 5 11 3 3 5 6 6 36 29 30 20 17 19 24 29 17 8 13 11 39 46 29 60 57 81 61 57 59 50 14 11 13 14
0 0 0 0 0 0 0 0 0 0 0 0 0 0 0 0 0 2 0 1 1 0 0 0 0 0 0 1 2 2 4 0 1 2 5 4 2 4 7 7 14 24 26 18 1 1 2 2 2 1 1 9 28 14 12 9 6 24 57 12 8 6 3 3 6 4 7 5 17 27 22 24 23 18 19 18 23 21 31 8 12 10 17 14 28 65 31 48 61 75 49 52 52 30 20 14
0 0 0 0 0 0 0 0 0 0 0 0 0 0 0 0 0 0 0 0 0 1 0 0 0 0 1 0 0 0 0 0 1 4 2 4 1 14 8 9 18 19 30 27 12 13 18 13 16 19 13 18 24 19 12 8 14 22 9 13 11 16 11 5 3 2 2 17 15 10 21 13 45 17 13 35 25 21 22 15 12 8 9 23 6 45 35 66 64 79 83 84 65 43 26 20
0 0 0 0 0 0 0 0 0 0 0 0 0 0 0 0 0 0 0 0 0 0 0 0 1 0 0 0 0 0 0 1 1 1 2 3 2 5 5 14 21 10 25 17 11 14 20 13 10 17 18 8 13 15 12 13 25 9 12 16 25 13 5 3 4 4 4 2 4 8 5 14 6 6 36 24 17 22 49 25 28 13 7 16 31 45 39 33 70 65 54 55 71 32 27 18
0 0 0 0 0 0 0 0 0 0 0 0 0 0 0 0 0 0 0 0 0 1 0 2 3 2 2 5 3 1 0 0 1 0 1 0 2 3 4 9 21 7 4 6 6 10 20 3 8 13 10 12 14 23 17 11 13 6 12 13 19 5 6 3 5 7 18 27 20 11 14 9 10 7 6 6 34 45 12 22 22 15 14 10 15 18 31 46 56 63 14 34 49 50 25 17
0 0 0 0 0 0 0 0 0 0 0 0 0 0 0 0 0 0 0 0 1 0 1 1 7 6 6 6 2 9 5 4 2 0 0 1 1 3 3 6 4 3 8 5 11 16 20 5 9 19 7 6 11 24 15 5 10 5 10 16 7 1 1 3 10 3 2 10 25 8 15 12 8 10 17 9 11 17 14 12 7 11 23 21 13 14 12 8 23 21 12 35 18 46 35 23
0 0 0 0 0 0 0 0 0 0 0 0 0 0 0 0 0 1 0 0 1 0 1 3 4 14 15 9 5 7 6 8 2 6 3 2 1 0 1 1 1 2 3 4 6 8 11 3 4 11 3 9 3 16 23 3 9 4 25 7 4 5 5 9 10 2 1 1 41 12 13 9 9 7 8 22 23 43 41 36 47 30 16 10 29 35 29 25 10 7 15 29 33 12 25 20
0 0 0 0 0 0 0 0 0 0 0 0 0 0 0 1 1 0 0 1 0 0 4 8 29 2 21 23 6 10 10 10 6 13 4 8 6 3 0 0 1 1 1 1 4 10 3 4 5 4 5 13 8 22 1 9 16 7 10 2 2 7 13 7 4 4 2 2 11 64 52 24 10 33 31 37 66 58 16 25 51 40 49 45 39 40 36 34 25 10 5 22 22 9 6 2
0 0 0 0 0 0 0 0 0 0 0 0 0 1 0 0 1 2 1 1 2 1 0 6 17 5 2 39 32 6 3 18 8 18 17 28 10 5 5 1 3 3 4 0 1 1 2 1 2 4 30 35 46 30 40 8 2 10 2 1 2 8 5 2 1 2 17 15 5 5 22 23 67 87 64 41 22 18 63 30 7 33 49 42 33 35 39 35 27 10 7 7 4 2 4 13
0 0 0 0 0 0 0 0 0 0 0 0 0 0 0 2 3 2 2 1 1 1 0 8 2 11 12 26 58 23 2 2 2 4 5 15 8 14 21 7 4 1 8 12 12 11 13 4 11 43 62 40 10 14 37 53 19 3 5 5 3 7 3 3 4 5 4 4 12 5 7 8 6 9 6 58 22 22 13 28 45 16 21 52 37 38 37 27 26 25 12 3 8 19 9 14
0 0 0 0 0 0 0 0 0 0 0 0 0 0 0 0 3 5 14 5 0 11 2 1 1 4 2 1 12 14 33 6 1 1 9 3 7 28 8 4 18 3 7 18 36 23 16 32 39 44 68 65 25 57 44 63 28 40 21 18 8 13 2 3 3 4 2 6 6 3 3 2 5 5 5 15 13 19 15 17 29 52 27 30 37 36 19 18 11 6 15 21 24 5 3 5
0 0 0 0 0 0 0 0 0 0 0 0 0 1 0 1 0 6 2 4 3 3 3 3 1 8 3 3 1 18 56 18 3 3 3 11 5 11 37 6 33 2 9 41 38 32 36 58 58 83 77 69 56 86 79 73 57 60 53 10 13 10 1 3 2 4 10 27 13 10 5 17 21 16 11 6 9 21 28 21 12 13 40 38 32 16 18 8 8 25 28 21 27 25 12 6
0 0 0 0 0 0 0 0 0 0 0 0 0 1 1 1 1 1 2 3 4 8 1 3 2 6 7 2 2 6 31 40 16 9 2 6 1 4 31 6 30 4 12 36 39 46 73 77 76 86 79 36 68 60 60 54 51 68 9 6 24 9 4 4 5 3 7 15 17 9 46 12 4 9 10 19 50 50 49 36 27 20 20 27 16 8 19 18 19 25 42 34 16 10 14 11
0 0 0 0 0 0 0 0 0 0 0 0 1 1 0 1 2 1 1 1 2 3 2 4 9 3 12 7 5 2 20 50 4 4 5 6 1 17 53 35 48 39 16 27 48 69 87 82 55 84 57 12 36 8 21 58 72 58 22 51 45 39 10 2 3 4 7 7 8 32 8 16 21 8 11 36 27 18 40 50 50 25 11 10 7 11 24 42 39 39 36 41 18 18 16 27
1 0 0 0 0 0 0 0 0 0 0 0 5 1 1 1 1 1 3 3 1 1 3 12 19 21 10 17 9 4 23 51 6 4 17 16 4 15 9 37 59 79 40 41 58 65 89 84 40 60 14 21 11 5 2 4 57 71 71 65 34 53 6 4 23 33 7 2 7 7 12 29 10 37 38 9 26 49 36 52 41 44 41 16 26 29 44 43 53 35 51 47 33 36 30 40
1 1 0 0 0 0 0 0 0 0 0 0 2 8 1 3 1 3 5 7 11 5 6 11 14 20 18 32 20 21 9 29 10 11 12 5 7 23 10 19 29 67 55 63 59 63 87 93 82 61 27 12 3 3 1 2 4 3 75 60 62 13 5 24 12 17 16 5 5 3 20 15 40 26 19 11 14 8 28 35 54 59 39 25 30 49 42 37 58 28 73 33 37 37 27 30
0 5 2 0 0 0 0 0 0 0 0 1 1 1 8 9 1 3 9 9 11 7 12 30 37 43 44 34 33 37 4 23 37 20 13 9 8 13 6 3 9 61 13 24 22 28 78 82 76 37 24 27 17 15 6 10 3 10 7 7 10 10 21 26 25 10 8 4 6 8 8 18 13 16 7 5 8 23 28 45 50 54 36 35 28 39 49 23 50 42 75 46 44 23 34 44
0 0 3 1 0 0 0 0 0 0 0 1 1 1 6 1 16 3 3 4 7 5 2 4 7 18 23 12 34 38 17 52 71 46 16 36 15 17 14 4 38 55 44 24 29 32 13 39 57 14 26 33 26 20 29 16 8 23 13 23 13 6 19 24 16 9 8 3 11 4 2 3 22 22 16 14 21 29 31 37 36 48 38 35 35 29 39 34 66 67 21 42 48 45 48 33
0 0 0 0 1 0 0 0 0 0 0 0 1 0 1 3 4 22 6 7 3 11 10 13 23 30 27 15 6 8 9 57 51 31 51 58 70 52 11 10 40 39 81 54 48 41 37 12 7 15 40 36 28 23 13 27 30 19 16 14 20 18 34 25 13 10 5 8 13 3 2 5 6 12 14 30 25 31 33 35 33 31 25 39 41 27 29 35 55 8 25 40 32 12 8 20
0 0 0 0 1 0 0 0 0 0 0 1 1 2 3 3 3 3 6 8 14 24 20 24 33 56 37 35 24 11 6 4 46 61 60 26 79 55 36 58 66 22 72 46 81 72 34 15 13 8 25 36 29 24 32 15 32 24 24 16 28 33 55 56 21 8 4 3 8 2 2 3 2 3 3 21 18 21 26 25 32 24 29 39 18 43 35 61 25 17 35 36 37 23 21 33
0 0 0 1 1 0 0 0 0 0 0 1 3 2 1 2 2 5 6 7 17 20 50 39 43 36 61 42 16 19 15 13 6 40 51 14 20 15 69 42 35 12 77 39 21 8 26 18 25 17 25 40 47 38 28 16 10 15 4 8 17 13 33 34 3 8 6 2 5 6 11 10 4 8 10 4 19 20 24 24 17 41 15 6 22 54 28 57 19 9 15 21 23 22 33 37
0 0 0 1 1 1 0 0 0 0 0 0 1 1 7 7 5 3 3 4 5 14 53 58 25 22 28 32 39 36 24 32 17 6 6 20 9 17 72 16 13 26 52 20 19 14 31 22 23 18 10 27 33 37 22 14 11 12 6 7 8 6 8 4 6 8 6 4 5 10 11 3 10 12 9 9 23 21 21 18 50 13 13 21 26 40 32 24 26 5 6 18 21 36 40 55
0 0 0 0 1 1 0 0 0 0 0 1 1 1 1 2 8 10 19 24 14 23 18 15 8 4 15 30 38 30 47 49 15 8 2 5 15 47 30 27 6 55 73 32 28 29 27 34 38 9 14 21 19 21 12 16 13 6 8 3 5 2 5 16 16 8 8 9 12 12 11 8 4 17 7 9 16 12 17 35 20 13 19 13 27 11 27 35 46 19 13 18 28 30 22 50
0 0 0 1 1 1 0 0 0 0 0 0 1 2 3 9 8 13 20 16 16 38 18 12 16 17 6 15 25 19 20 13 9 19 16 18 35 24 41 19 23 31 54 56 44 33 13 18 23 8 7 26 34 40 39 22 13 8 16 33 24 10 7 12 5 3 28 22 10 8 6 50 28 15 11 7 7 8 11 26 9 15 16 6 17 15 28 39 23 42 27 35 28 41 38 46
0 0 0 0 4 2 1 0 0 0 0 1 2 19 8 34 17 7 13 27 30 29 40 20 15 18 16 10 23 21 12 11 17 25 30 30 11 15 21 23 21 8 14 31 41 24 5 9 8 10 14 18 15 17 14 12 15 5 41 40 23 24 5 5 9 6 29 79 62 38 23 15 48 60 20 10 9 12 20 13 3 24 7 14 15 27 11 13 15 24 42 32 61 41 21 27
0 0 0 0 1 1 1 0 0 0 0 1 1 3 18 18 27 34 23 30 23 16 35 17 10 10 7 4 4 6 15 15 25 25 15 28 26 23 20 16 6 13 26 8 39 27 20 18 16 7 7 8 8 32 23 21 16 5 10 10 11 10 23 10 20 24 16 56 72 60 10 19 22 12 48 31 9 10 12 9 19 28 9 53 27 21 21 30 22 31 43 54 26 25 26 13
0 0 0 0 0 3 4 0 0 0 1 1 1 2 2 3 1 4 13 25 23 23 34 42 23 16 20 16 8 5 10 3 6 13 14 23 25 17 26 9 5 19 10 14 39 24 23 18 19 10 9 9 10 24 39 5 9 8 18 16 13 36 32 38 45 23 31 21 63 39 43 15 13 15 16 33 25 31 21 29 10 18 20 36 28 36 35 15 22 68 35 17 37 26 31 29
0 0 0 0 0 0 1 0 0 0 0 1 3 3 8 8 4 2 7 20 26 47 55 61 54 20 14 6 3 5 5 2 1 3 7 7 14 17 12 15 14 18 6 29 5 3 9 12 15 14 20 22 11 23 16 16 12 21 29 9 26 27 16 17 80 36 33 17 7 63 68 27 31 12 39 55 51 73 51 44 28 25 12 35 64 45 61 51 49 58 49 28 42 45 50 29
0 0 0 0 0 0 1 0 0 0 0 2 1 2 8 5 5 16 8 37 70 45 22 33 42 22 16 17 6 1 5 6 10 5 2 6 19 18 4 11 26 29 25 24 8 5 11 24 31 32 15 44 32 35 24 14 16 8 9 32 18 10 11 17 15 45 24 22 11 28 51 78 64 18 6 40 27 62 12 7 31 68 6 19 7 33 35 78 71 62 81 53 48 48 48 47
0 0 0 0 0 0 1 4 0 0 1 1 1 1 1 4 19 19 16 9 9 46 52 30 32 23 34 44 24 9 8 18 12 12 13 5 5 12 11 14 14 23 21 21 17 16 33 31 23 25 27 20 28 23 20 30 38 46 23 9 26 13 9 45 13 33 44 21 12 14 48 59 63 42 18 25 7 45 23 11 2 36 20 21 24 61 21 31 13 9 53 31 39 76 51 66
0 0 0 0 0 0 1 0 0 0 0 2 4 1 2 6 11 15 17 16 11 3 37 67 49 43 36 38 42 16 14 22 11 13 24 29 11 5 5 13 20 16 10 44 22 23 23 55 55 35 47 20 29 58 75 70 34 25 17 15 19 57 30 8 44 14 44 33 21 5 46 48 40 58 17 27 8 46 58 16 9 53 12 22 26 6 32 22 8 21 77 40 23 63 81 79
0 0 0 0 0 0 1 0 0 0 0 1 2 2 1 3 7 15 20 28 24 21 9 26 29 29 10 13 34 16 11 12 9 7 11 17 14 9 7 14 12 6 7 7 28 32 27 44 33 19 17 42 23 19 16 11 17 8 20 25 19 37 44 16 19 40 6 52 33 11 35 58 48 52 25 23 11 53 19 17 4 72 30 18 30 24 11 23 19 36 66 79 28 26 70 74
1 0 0 0 0 0 1 0 0 0 0 0 1 1 1 3 3 6 22 42 42 24 15 7 5 3 11 7 2 3 12 1 3 8 13 10 12 17 13 10 21 18 23 19 27 33 27 25 17 18 34 39 38 49 24 38 36 23 16 28 13 21 32 32 22 62 30 45 65 24 19 30 60 35 56 20 14 49 32 55 42 60 82 36 29 30 11 35 22 14 44 83 40 18 19 70
2 0 0 0 0 0 1 1 0 0 0 0 0 1 3 2 7 8 17 25 32 21 11 16 8 9 10 4 1 1 5 4 3 5 6 8 15 16 11 20 34 26 24 20 12 21 24 22 23 49 36 55 40 40 37 50 49 40 33 41 30 39 20 37 16 57 46 23 65 45 9 34 47 34 68 28 45 30 34 29 55 29 80 55 18 30 29 59 22 13 15 60 45 22 40 36
1 0 0 0 0 0 0 0 0 0 0 0 1 1 1 2 5 7 13 19 21 20 18 15 24 17 21 13 3 1 2 1 1 5 6 4 15 16 6 7 26 21 14 10 22 14 19 15 13 42 58 54 60 40 21 36 68 35 53 50 50 58 24 10 14 14 34 21 38 57 28 23 24 67 52 43 63 29 44 71 56 29 53 76 29 33 16 15 16 22 25 64 42 51 33 12
3 1 1 0 0 0 0 0 0 0 0 1 0 3 2 2 13 14 44 42 26 49 31 36 13 15 20 19 13 1 1 1 9 7 20 20 15 25 23 19 21 16 15 12 14 11 11 20 16 13 12 24 15 27 54 54 70 30 86 73 27 66 36 42 42 18 11 8 27 45 24 43 25 48 14 43 81 62 40 57 70 64 55 83 27 27 34 17 20 8 31 48 48 22 15 18
1 2 2 1 0 0 0 0 0 0 0 0 0 3 3 3 2 8 9 4 11 5 8 14 26 36 20 20 29 6 2 17 13 16 8 6 14 13 12 38 28 11 18 29 25 23 30 35 16 37 39 16 38 58 51 64 50 61 54 66 24 52 65 38 53 65 62 40 18 54 56 70 62 39 36 48 69 73 56 57 62 65 49 79 74 46 10 11 14 26 38 51 61 30 15 10
0 1 1 1 2 0 1 0 0 0 0 0 0 1 9 12 8 5 16 11 7 15 11 21 43 21 24 28 31 29 11 61 21 8 13 7 27 28 30 39 58 31 37 39 29 41 24 33 22 29 35 25 12 44 22 35 69 72 54 57 63 75 79 69 26 66 60 64 51 33 43 62 20 40 41 48 67 55 74 74 58 42 43 82 74 41 46 11 16 41 26 55 46 45 37 24
2 0 0 1 0 1 0 0 0 1 1 1 1 1 1 1 2 6 3 24 12 16 19 22 21 22 37 25 29 20 23 60 17 21 18 14 23 23 25 42 53 28 29 41 27 38 13 15 35 20 19 31 13 9 9 10 44 63 69 74 67 59 71 85 54 43 62 59 49 26 11 23 34 28 38 57 67 81 62 43 36 27 80 71 74 37 28 27 17 25 32 56 18 12 15 47
10 2 1 0 1 0 0 0 1 1 1 1 2 1 6 1 1 3 5 14 26 29 7 11 14 25 28 12 37 31 48 27 28 37 16 9 11 24 54 51 25 19 30 49 48 35 14 12 11 36 21 20 29 22 11 6 17 22 17 47 36 35 64 79 73 53 27 12 14 22 16 17 18 24 31 31 66 57 48 30 11 24 79 66 73 62 31 32 9 32 41 65 63 50 24 12
2 4 2 1 2 1 0 0 0 0 0 2 1 1 17 1 2 2 8 23 14 10 2 15 8 3 20 9 36 47 43 43 46 24 12 25 30 29 54 39 20 40 21 25 43 16 13 19 8 29 16 11 24 11 22 14 13 21 23 8 25 33 39 50 53 27 22 35 28 40 23 15 17 24 26 13 40 34 37 20 17 9 36 24 44 71 34 43 13 43 61 50 39 40 41 17
2 0 0 1 1 2 0 0 0 0 0 2 1 3 1 9 3 6 4 5 11 3 13 11 10 5 15 12 32 25 27 26 40 17 29 32 38 24 41 31 24 33 22 25 33 14 17 17 11 45 25 18 30 30 23 18 32 31 43 27 18 23 8 17 7 7 22 36 38 40 36 21 16 9 11 11 20 21 21 18 18 12 13 13 28 38 15 32 11 34 59 55 34 18 75 54
1 2 2 1 1 0 0 1 0 0 0 0 2 3 1 19 10 3 6 5 11 5 6 10 10 11 37 26 32 20 33 40 15 27 27 46 28 25 54 16 26 37 16 26 27 44 12 27 11 33 23 28 26 39 18 25 26 37 29 36 35 43 19 17 18 12 34 26 31 21 11 8 32 17 11 5 8 19 12 10 9 7 9 21 25 23 18 25 13 66 70 71 69 27 9 19
1 2 1 2 1 1 1 0 0 0 1 1 8 10 6 1 8 5 3 8 12 5 9 21 14 13 34 18 11 8 11 18 25 56 32 22 26 8 32 15 26 23 28 25 14 19 20 25 31 32 31 31 25 31 28 41 44 28 37 28 48 27 16 34 11 20 23 37 16 13 20 41 31 25 26 27 7 5 13 9 10 13 8 25 14 11 37 11 25 65 63 57 77 43 46 13
3 1 1 2 1 0 0 1 0 0 0 1 1 4 4 1 2 5 3 5 4 3 5 17 13 29 23 21 9 8 16 43 20 26 42 28 19 21 33 11 23 18 8 11 11 26 7 15 17 5 19 9 22 38 44 49 59 44 22 35 27 32 27 20 56 18 26 29 33 57 45 29 17 16 21 25 24 27 28 27 33 31 12 11 11 22 43 24 41 53 27 49 80 61 62 41
4 4 3 3 1 0 0 1 1 1 1 1 0 3 2 3 5 3 3 3 5 5 4 3 6 4 9 15 13 24 17 31 12 20 40 23 14 20 10 19 16 15 12 29 40 20 9 32 54 27 41 32 49 62 58 29 38 45 40 28 35 34 51 40 47 38 35 33 57 14 10 13 15 7 4 7 24 19 30 35 34 25 21 9 8 21 44 19 22 13 19 52 87 50 66 57
0 1 1 3 5 5 2 1 2 7 5 2 2 1 0 5 3 2 8 12 33 21 26 10 23 6 5 12 18 14 19 11 9 19 36 25 14 11 7 12 25 60 27 16 24 28 37 16 50 62 79 52 64 79 64 39 56 40 21 22 20 25 51 30 31 42 36 46 18 16 19 26 44 27 26 18 8 25 37 49 40 10 7 10 6 21 36 22 19 19 23 75 79 43 48 84
1 0 1 2 4 4 7 6 3 2 4 1 0 1 0 1 4 5 8 8 24 47 34 12 12 24 40 26 28 10 43 19 16 15 17 15 9 10 22 20 38 6 29 58 22 43 47 36 29 74 74 80 37 65 61 61 43 63 46 39 35 38 13 35 45 51 52 19 23 22 35 53 38 44 55 31 16 35 46 46 15 8 6 12 8 19 10 8 17 24 43 80 54 69 45 84
4 4 2 1 4 1 2 4 2 3 1 1 1 1 3 1 5 4 15 16 7 43 37 55 61 69 57 52 39 17 29 20 14 21 26 49 35 53 63 52 54 59 41 70 30 48 69 70 21 18 15 71 70 38 62 38 31 77 58 55 28 32 39 47 49 50 36 40 40 51 41 24 36 34 33 29 47 30 19 18 8 5 5 7 6 11 8 8 11 12 24 63 34 54 18 46
3 6 4 2 3 2 1 1 0 0 0 1 1 1 2 1 0 2 19 45 14 4 36 75 49 67 58 71 70 77 58 71 71 77 41 63 11 57 76 46 63 81 39 68 71 40 71 37 79 49 26 81 64 60 61 57 81 83 42 62 35 24 31 32 29 38 30 21 19 25 25 30 21 33 35 50 49 34 7 3 7 4 3 5 2 5 5 11 11 25 41 57 22 28 26 22
2 4 21 1 12 13 4 4 2 2 2 3 3 4 3 1 3 3 3 25 16 4 5 14 14 11 44 68 60 64 67 61 76 63 47 60 72 61 65 72 39 78 77 42 62 55 75 42 72 84 56 59 61 46 33 77 64 66 51 62 55 23 24 24 48 35 37 44 45 45 50 33 44 37 55 47 24 11 8 3 1 1 2 3 4 2 4 8 8 16 38 38 10 13 16 15
6 3 2 12 13 18 9 12 9 7 2 5 7 6 2 2 5 3 10 3 1 2 8 4 6 14 35 28 39 53 61 69 30 57 36 73 66 64 68 70 58 70 62 62 68 66 71 76 24 67 54 31 75 22 47 76 59 24 64 26 34 62 17 19 32 32 50 48 48 42 38 43 53 74 64 44 25 10 2 2 2 1 0 0 2 1 3 3 5 9 20 15 10 5 16 25
1 5 8 7 8 13 3 4 12 3 6 2 5 6 2 4 5 3 12 18 12 11 7 8 7 10 3 6 7 10 8 7 15 21 8 6 12 11 10 15 15 18 13 22 23 20 23 72 57 46 77 30 56 51 54 60 23 17 30 31 63 57 32 23 40 43 48 35 33 60 73 67 70 62 44 31 15 3 1 1 1 1 1 0 1 1 1 1 2 3 6 7 6 3 6 9
8 10 13 8 4 2 3 3 9 1 6 4 3 4 3 4 4 4 8 3 4 16 12 7 17 11 6 9 14 18 12 12 31 25 20 25 13 16 20 26 23 28 41 26 33 22 35 15 19 20 45 43 48 53 51 29 35 46 42 52 57 34 26 34 39 38 47 60 71 71 74 55 31 24 11 8 2 2 2 2 2 1 1 1 0 0 0 0 0 1 2 2 4 2 2 2
27 36 22 4 2 1 2 3 2 3 1 2 1 4 1 2 2 2 2 13 9 3 5 5 10 6 3 17 10 8 16 15 7 6 6 14 10 10 17 10 16 29 30 19 17 25 19 33 26 25 14 15 10 9 17 26 42 40 39 41 18 21 24 37 41 31 30 26 45 64 65 55 30 18 6 5 9 8 13 9 4 2 0 1 1 1 1 1 0 0 0 0 1 3 2 2
6 7 5 14 6 3 2 0 0 1 1 2 1 4 1 2 4 1 1 1 13 13 10 10 6 7 5 10 16 19 10 3 10 6 7 11 11 14 15 20 16 15 17 10 8 8 9 10 20 29 37 49 27 19 21 22 28 31 31 15 14 25 23 46 35 21 29 26 26 27 19 24 23 9 5 11 15 12 3 2 1 1 1 3 6 6 5 2 2 1 1 0 0 0 1 0
7 5 7 2 0 0 1 0 2 0 1 1 0 1 2 1 1 3 3 3 4 18 15 10 10 4 6 13 21 4 4 8 5 12 13 7 10 11 10 12 11 12 30 20 22 17 17 24 32 25 34 34 27 24 28 23 27 22 22 23 5 25 24 31 49 48 43 50 33 24 11 9 4 8 13 19 33 17 5 3 3 4 5 11 8 8 9 9 7 3 4 2 1 1 0 0
13 7 3 2 1 0 0 1 1 0 1 1 0 0 0 1 2 3 4 1 4 10 14 13 14 3 19 29 9 3 8 4 9 8 13 13 10 16 16 17 5 16 20 22 15 28 30 25 21 17 24 13 41 30 50 39 26 22 16 12 15 20 25 18 63 69 35 51 41 32 18 16 7 15 26 30 13 4 7 9 8 14 9 16 21 16 22 14 13 11 7 7 5 3 1 2
6 2 3 1 0 3 10 14 6 2 7 1 0 0 0 0 0 1 1 2 6 7 3 7 10 16 38 40 15 8 12 9 10 24 12 17 13 18 7 9 22 21 16 21 21 33 28 13 32 15 26 33 35 24 41 25 43 12 20 9 29 45 20 52 77 52 50 28 23 23 12 6 9 16 28 23 8 13 14 19 27 22 28 39 36 29 28 20 29 27 14 21 10 5 4 3
2 3 1 1 5 22 11 6 17 24 1 6 1 0 0 0 1 1 1 3 7 5 5 15 11 34 20 4 5 3 6 14 7 12 36 13 14 19 19 26 17 18 15 14 19 18 29 25 22 25 34 31 35 26 33 26 45 28 14 7 15 38 54 66 57 58 32 29 24 11 9 11 17 7 30 12 22 22 39 39 50 35 42 52 48 33 44 43 40 23 22 23 14 11 14 13
1 1 1 2 2 19 17 22 34 20 9 8 19 4 1 1 1 0 3 3 1 1 4 16 6 3 5 7 13 17 10 6 22 6 19 19 19 36 19 20 9 21 8 7 9 19 19 32 32 24 21 43 14 28 37 34 18 14 23 16 5 23 22 27 38 57 43 51 28 7 21 16 26 22 67 32 30 32 44 45 57 41 47 62 42 40 56 66 53 45 29 26 24 36 30 16
1 0 1 5 0 1 1 1 22 24 23 24 21 5 7 4 1 0 1 1 2 1 3 3 5 9 11 12 15 11 8 6 8 11 9 17 11 13 15 25 38 13 19 16 5 8 13 13 22 27 31 28 27 8 40 8 17 34 17 17 8 9 16 13 10 10 25 14 7 23 53 28 35 30 69 35 45 48 63 69 83 72 82 81 74 63 65 64 81 76 44 37 34 33 61 33
0 1 1 0 0 1 2 3 2 8 4 18 14 5 9 8 8 6 5 1 1 2 1 2 4 10 10 3 2 4 3 3 5 6 8 8 8 10 10 21 27 44 20 8 33 24 27 10 20 15 12 23 9 23 22 27 27 18 22 17 11 29 40 26 18 10 10 19 33 32 46 52 33 48 65 60 66 57 68 82 71 63 81 78 76 75 72 69 75 68 56 44 62 67 68 50
1 1 1 4 3 2 19 5 6 1 20 33 10 29 14 19 29 20 13 3 2 1 1 1 5 3 2 2 2 1 1 1 1 2 6 7 4 6 15 24 18 24 30 32 3 24 22 25 24 15 14 29 35 19 8 9 15 30 24 20 15 43 30 22 11 22 23 30 55 53 46 73 55 71 62 74 77 68 76 64 40 63 73 58 37 38 57 30 61 71 55 58 54 55 51 67
8 11 22 7 26 2 1 2 10 7 24 34 24 68 38 34 60 36 12 12 6 6 2 1 1 1 2 1 1 1 2 1 2 5 2 2 7 6 7 5 7 16 25 45 28 16 27 17 23 20 18 14 11 43 59 29 27 23 19 22 34 32 36 18 25 33 50 30 49 62 46 59 66 62 78 50 63 57 73 63 21 32 42 51 30 7 10 20 59 52 54 60 26 32 23 55
