sesion_6_simulaciones/modelos_agentes/ejemplos_netlogo/scenarios/cgcm2_b2/rob_2090.asc
NCOLS 322 
NROWS 307 
XLLCORNER 451900 
YLLCORNER 4086900 
CELLSIZE 100 
NODATA_value -9999 
[rows 222 to 295 of 307, columns 192 to 287 of 322]
2 1 1 0 2 1 1 0 0 0 0 0 0 0 0 0 0 0 0 0 0 1 4 3 2 2 1 1 4 4 2 3 10 12 12 10 18 36 34 40 44 37 40 60 39 49 52 33 42 55 48 42 17 16 21 21 21 45 64 62 43 36 45 28 59 78 66 58 74 77 37 16 5 1 1 0 0 0 0 0 0 0 0 0 0 0 0 0 0 0 1 1 2 2 3 2
7 6 3 2 1 1 1 0 0 0 0 0 0 0 0 0 0 0 0 0 1 2 4 8 3 4 5 4 7 9 5 6 13 17 18 12 21 18 26 30 38 32 41 60 47 33 49 33 44 38 35 22 24 19 12 14 19 35 31 32 25 38 44 30 33 60 49 40 61 69 37 11 4 1 0 0 0 0 0 0 0 0 0 0 0 0 0 0 0 1 1 1 2 3 3 4
8 6 4 3 2 1 1 0 0 0 0 0 0 0 0 0 0 0 0 0 1 3 5 13 10 7 7 11 11 21 20 13 14 16 20 13 23 10 26 28 21 30 37 57 65 32 45 43 24 19 27 26 36 11 6 19 22 41 21 40 39 43 46 42 15 17 5 3 7 40 48 13 2 0 0 0 0 0 0 0 0 0 0 0 0 0 0 0 1 0 1 2 2 2 4 8
4 3 2 1 1 0 0 0 0 0 0 0 0 0 0 0 0 1 1 1 1 2 4 11 17 18 14 16 13 26 54 36 22 22 11 14 18 18 37 22 19 21 33 38 56 51 21 32 11 12 11 8 20 19 4 15 20 18 29 49 54 48 56 45 18 20 11 15 4 5 18 6 2 1 1 1 1 0 0 0 0 0 0 0 0 0 0 0 1 1 1 2 2 3 4 6
4 2 2 1 0 0 0 0 0 0 0 0 0 0 0 0 0 1 1 2 1 2 6 8 19 44 25 22 25 18 36 51 24 33 24 28 33 35 23 24 15 21 21 23 27 35 26 46 35 11 36 30 15 10 5 11 45 40 43 49 63 52 47 29 21 19 24 30 12 7 5 1 1 1 1 1 0 0 0 0 0 0 0 0 0 0 0 0 0 0 1 1 2 4 3 6
2 4 2 2 1 1 0 0 0 0 0 0 0 0 0 0 1 0 2 4 4 7 7 11 18 43 57 34 50 28 38 52 36 24 43 46 36 32 31 28 8 14 13 23 32 36 46 57 67 26 25 25 20 8 12 16 30 27 43 55 55 38 34 24 48 37 42 30 14 8 2 2 2 3 2 2 1 1 0 0 0 0 0 0 0 0 0 0 0 0 0 1 1 1 4 7
4 2 1 1 1 0 0 0 0 0 0 0 0 0 0 0 0 1 2 5 10 18 29 20 25 38 71 33 51 31 37 53 20 22 42 45 49 44 34 32 20 21 18 15 34 39 37 55 50 49 37 28 21 13 35 49 45 48 58 69 49 29 31 46 73 61 33 21 13 6 5 4 5 4 5 3 2 1 0 0 0 1 1 0 1 0 0 0 0 1 1 1 2 2 2 7
4 2 1 0 0 0 0 0 0 0 0 0 0 0 0 0 0 1 1 3 5 14 34 53 47 41 63 62 69 39 60 33 20 19 31 50 51 51 29 30 31 33 21 20 25 40 41 41 35 33 45 44 23 26 32 29 48 31 42 16 29 54 55 78 69 45 32 18 20 18 13 11 8 10 3 2 1 1 0 0 0 1 1 1 0 1 1 1 0 0 1 1 3 4 5 7
1 1 1 0 0 0 0 0 0 0 0 0 0 0 0 0 1 0 1 2 8 14 31 34 57 55 69 74 66 37 52 25 21 47 32 47 52 38 34 43 40 44 21 23 43 43 52 43 51 26 27 25 21 7 15 10 74 45 23 36 48 49 55 45 28 24 23 23 16 18 25 23 13 3 1 1 1 0 0 0 0 0 1 1 1 1 2 3 1 0 1 2 2 2 5 8
0 0 0 0 0 0 0 0 0 0 0 0 0 0 1 1 1 1 2 6 8 15 32 45 44 53 61 61 63 60 68 36 27 39 50 39 50 43 37 38 41 28 33 21 23 28 45 50 46 36 18 20 14 15 27 27 9 76 79 52 32 17 34 30 38 30 20 13 7 24 48 25 9 3 1 0 0 0 0 0 0 0 1 1 1 1 1 2 3 1 1 2 2 4 3 7
0 0 0 0 0 0 0 0 0 0 0 0 0 0 1 1 1 1 4 5 6 24 42 55 43 50 62 56 76 82 53 43 43 57 36 53 51 48 44 43 40 36 51 17 34 32 42 38 27 12 32 18 24 26 35 54 38 30 39 45 24 43 27 28 23 27 23 8 15 28 27 10 7 4 1 0 0 0 0 0 0 0 0 2 2 0 0 1 5 1 1 2 3 3 3 4
0 0 0 0 0 0 0 0 0 0 0 0 0 0 0 1 2 3 6 16 11 14 52 45 64 54 60 65 26 80 57 52 43 59 48 38 43 53 46 44 44 36 62 20 20 59 41 36 34 23 42 20 22 44 52 20 47 46 27 13 25 14 22 27 24 23 14 42 29 10 16 6 4 3 1 0 0 0 0 0 0 1 0 1 1 1 1 2 3 3 3 1 2 7 5 4
1 0 0 0 0 0 0 0 0 0 0 0 0 0 0 0 1 2 6 16 26 36 64 52 67 67 71 64 71 64 82 48 41 52 44 22 29 49 54 58 44 21 41 48 12 29 33 57 32 33 42 30 21 35 26 25 13 15 20 37 30 32 28 41 18 19 28 13 9 13 9 6 3 1 0 0 0 0 1 0 0 1 1 1 2 3 1 1 3 4 11 5 2 3 9 8
0 0 0 0 0 0 0 0 0 0 0 0 0 0 0 0 1 2 7 12 30 26 43 14 33 57 55 26 25 49 75 40 49 79 43 43 50 57 35 13 25 12 41 48 14 37 53 34 13 26 41 35 22 30 22 11 38 41 49 33 17 25 52 61 41 32 47 42 29 17 8 4 1 0 0 0 1 0 1 0 1 1 1 1 3 3 6 2 4 2 1 7 3 3 4 7
0 0 0 0 0 0 0 0 0 0 0 0 0 0 0 0 1 1 4 10 15 12 13 39 36 39 28 34 45 49 65 63 66 68 60 55 51 46 45 24 33 31 33 51 12 23 40 36 19 17 21 33 26 26 9 26 43 18 24 31 34 55 63 64 64 56 34 19 24 14 23 8 2 1 0 0 0 1 1 0 1 1 1 1 1 3 3 8 6 6 3 9 5 1 3 3
0 0 0 0 0 0 0 0 0 0 0 0 0 0 0 0 1 1 2 2 5 28 31 27 37 50 45 35 42 53 51 51 64 65 44 50 46 48 52 20 49 39 31 51 10 16 37 29 41 39 17 16 37 29 19 28 29 22 50 36 62 46 46 68 78 45 32 11 27 9 5 3 1 1 0 0 1 1 1 1 2 1 1 1 1 1 3 9 18 23 4 4 6 3 5 10
0 0 0 0 0 0 0 0 0 0 0 0 0 0 0 0 0 0 1 3 6 11 21 18 17 31 48 34 47 35 46 52 54 73 55 63 45 58 39 42 24 35 20 39 11 10 21 21 25 37 39 19 20 6 21 11 10 35 39 33 42 32 57 61 61 66 29 9 4 4 2 0 0 1 1 1 1 1 2 2 4 2 2 2 2 2 1 1 2 5 17 15 9 6 7 12
0 0 0 0 0 0 0 0 0 0 0 0 0 0 0 0 1 1 1 3 7 12 12 20 28 44 34 29 38 38 22 28 49 40 37 62 31 54 40 35 35 35 68 43 17 19 33 49 23 15 19 18 5 27 8 13 28 58 51 73 71 53 36 41 35 21 20 18 7 3 1 0 0 2 1 3 1 1 3 5 4 6 3 3 3 2 4 3 3 4 9 8 8 30 9 15
0 0 0 0 0 0 0 0 0 0 0 0 0 1 1 0 1 1 2 1 4 2 6 9 13 25 22 19 24 28 40 39 25 21 15 64 40 66 31 43 32 28 71 50 34 21 54 37 38 29 16 40 16 39 27 40 43 19 35 41 45 38 22 30 39 25 26 9 9 3 1 0 1 1 2 3 4 1 2 4 5 9 5 7 4 2 3 5 1 1 2 2 2 11 19 10
0 0 0 0 0 0 0 0 0 0 0 0 0 1 2 1 1 3 2 5 10 13 23 29 36 33 36 52 57 42 45 61 58 39 52 47 67 57 34 38 29 22 19 53 29 12 23 31 34 25 31 45 55 64 87 78 78 67 68 44 44 43 46 55 38 24 14 8 5 2 1 0 1 2 4 4 5 4 4 8 5 12 7 10 5 2 3 6 9 2 4 5 3 2 3 6
0 0 0 0 0 0 0 0 0 0 0 1 0 1 2 1 0 1 5 10 20 19 29 43 57 66 66 56 75 61 47 45 40 27 17 19 38 41 48 35 38 13 17 45 18 14 15 30 15 28 6 5 8 11 30 46 84 84 63 60 46 40 20 45 30 17 12 7 2 1 0 0 2 2 2 3 5 8 6 10 7 3 15 14 8 3 3 10 7 3 5 8 7 14 19 28
0 0 0 0 0 0 0 0 0 0 0 0 1 1 1 3 1 1 2 4 12 29 15 37 36 54 63 49 11 28 46 33 22 22 29 39 42 25 51 19 32 17 7 33 22 26 9 9 8 20 18 13 13 11 12 11 30 60 74 76 81 42 34 22 16 12 11 8 5 1 0 1 3 4 4 4 14 11 12 13 13 5 5 24 13 4 5 6 7 5 8 5 12 15 23 32
0 0 0 0 0 0 0 0 0 0 0 0 1 1 1 2 1 0 1 3 7 11 10 24 22 23 23 16 13 15 26 25 24 33 28 18 30 46 39 7 23 28 7 18 19 7 4 25 18 16 37 22 30 34 32 37 40 55 47 36 48 76 55 39 29 23 20 8 4 1 1 3 5 8 8 6 12 19 13 9 9 10 4 14 22 10 10 4 12 6 13 13 9 18 20 16
0 0 0 0 0 0 1 1 1 1 0 1 1 1 2 1 4 0 1 1 2 2 7 9 15 27 26 33 40 28 39 22 24 38 31 25 26 18 9 10 20 30 64 34 12 14 6 14 18 15 35 44 24 41 57 33 28 25 28 20 20 34 51 46 35 18 16 8 2 0 2 5 5 9 11 11 8 25 18 25 13 20 13 13 40 16 24 8 15 14 14 25 15 17 15 25
0 0 0 0 1 1 1 1 1 1 0 1 1 2 3 2 2 1 1 2 2 2 6 9 15 22 30 28 32 52 45 49 43 61 21 16 20 26 25 23 48 46 15 17 43 20 10 13 13 48 58 17 39 35 27 30 45 40 49 30 26 19 19 20 20 14 8 6 2 1 2 6 6 12 10 9 10 16 24 30 21 13 23 13 44 13 15 18 11 29 17 17 19 13 15 16
0 0 1 1 1 0 1 1 2 2 1 0 1 1 5 11 1 1 1 4 5 7 5 7 11 14 25 18 25 36 39 33 28 29 32 33 26 36 34 23 13 10 7 5 9 22 28 14 47 64 15 9 13 41 38 35 31 40 28 24 28 19 18 11 10 7 6 3 2 2 5 7 7 9 9 10 14 18 29 24 23 19 22 37 48 14 18 23 13 30 19 9 25 10 6 13
0 1 1 1 1 1 1 1 3 3 1 0 1 2 4 5 2 2 1 4 7 8 9 5 6 6 15 21 24 35 26 24 30 29 29 27 28 23 21 23 15 9 7 5 10 5 8 37 12 35 13 14 14 12 24 76 49 51 40 33 24 19 15 11 8 6 5 2 2 2 5 7 5 10 9 17 22 15 17 40 29 35 35 36 48 29 35 14 34 30 8 15 21 9 12 17
1 1 1 3 1 1 1 2 3 6 1 1 1 2 4 8 4 2 2 7 11 19 10 13 13 5 9 15 19 17 25 17 26 28 27 16 15 8 12 15 27 29 26 21 20 28 24 7 4 10 18 36 38 32 39 22 35 39 49 46 32 19 14 12 8 7 5 2 1 5 7 8 12 10 19 17 16 26 16 14 25 28 28 42 20 77 37 14 27 26 6 16 14 26 15 21
1 2 1 4 2 1 1 2 3 5 1 1 2 3 6 7 8 1 5 10 13 27 14 16 17 25 15 12 9 12 13 25 42 32 13 28 12 28 16 17 21 29 16 12 10 17 8 9 18 30 37 32 41 35 46 15 13 14 14 26 21 22 17 15 12 11 8 3 1 6 6 7 12 15 20 8 16 12 27 13 18 16 30 19 43 68 25 17 38 14 8 17 16 26 29 27
1 1 3 4 3 3 1 2 5 11 1 2 3 6 6 12 2 1 6 10 20 28 35 20 39 25 27 27 17 19 13 46 55 35 38 23 20 27 18 14 27 11 18 9 14 14 12 12 11 33 32 24 39 43 38 15 28 35 33 38 34 27 26 27 19 17 10 4 1 7 8 7 22 13 19 30 31 20 11 22 15 24 27 37 30 55 43 35 36 16 15 24 13 15 7 35
1 1 4 5 4 4 2 3 6 7 2 4 6 15 20 6 1 1 7 11 14 33 32 38 25 29 46 36 32 31 34 42 56 50 38 43 41 24 45 25 13 20 7 5 5 11 10 12 13 17 23 30 34 29 42 39 41 47 47 50 50 50 33 22 13 8 9 2 3 9 14 12 23 26 18 21 31 21 24 8 33 10 15 34 37 55 62 71 34 19 28 23 28 29 20 44
2 2 5 8 10 6 3 4 10 11 2 3 8 20 11 2 1 4 7 11 23 28 33 35 41 32 46 38 53 53 53 40 21 28 38 37 36 17 31 29 29 19 10 9 20 11 9 21 8 7 10 18 37 53 39 39 57 56 54 35 52 31 14 17 17 11 4 2 3 8 21 12 22 26 31 24 33 21 27 22 16 37 18 7 11 34 54 68 31 42 32 28 25 44 19 19
2 3 4 5 17 10 4 5 9 12 2 2 9 21 7 2 1 4 11 13 14 19 26 35 56 32 40 37 32 53 56 41 43 33 33 19 27 28 35 24 22 14 11 16 29 17 13 17 5 4 8 29 44 28 56 62 31 38 26 26 21 18 28 28 12 10 8 3 4 5 24 16 19 19 24 33 27 25 13 25 13 41 24 19 11 9 28 44 52 68 39 33 27 38 13 17
2 6 5 4 8 18 6 8 18 4 3 3 7 26 11 3 2 7 11 13 24 35 35 52 51 46 26 31 51 46 26 55 73 56 27 27 20 23 33 22 12 20 20 13 16 8 10 7 21 15 23 30 33 47 57 42 55 32 37 38 30 26 23 16 14 12 6 3 3 8 9 32 18 18 21 24 41 40 25 45 17 16 27 24 19 17 17 33 52 55 39 38 33 35 20 29
3 4 12 10 5 13 4 11 34 5 5 11 17 19 6 5 1 3 15 18 34 27 33 55 54 50 44 19 14 18 26 25 29 12 14 25 38 23 23 38 27 18 11 10 7 5 6 9 26 26 30 34 44 48 65 60 58 45 37 44 33 36 35 19 18 15 6 5 5 18 18 20 35 17 19 24 48 39 28 22 34 18 15 37 33 19 23 24 42 48 58 37 31 23 34 18
4 6 14 21 8 23 5 12 37 15 7 18 23 11 4 1 1 2 6 19 39 40 33 38 46 61 42 19 25 20 25 24 31 23 17 10 22 29 37 33 19 16 7 11 12 6 11 5 2 5 29 26 23 39 38 30 29 53 49 43 44 23 22 20 14 15 12 3 7 18 21 19 23 9 28 29 29 45 57 46 45 25 18 17 35 21 18 31 47 79 70 35 23 21 34 16
5 6 8 25 11 20 12 11 16 23 10 27 20 4 1 3 4 6 12 25 27 34 43 25 37 46 62 27 20 21 32 30 30 28 22 30 20 25 15 8 9 16 9 10 15 9 8 3 10 16 19 39 70 55 37 63 57 74 50 36 42 40 37 30 29 14 12 6 10 20 18 30 43 18 19 43 33 50 41 36 54 20 29 30 54 23 14 19 16 35 58 32 32 15 49 34
5 6 5 15 34 16 25 11 32 13 32 13 4 2 5 5 9 7 28 38 21 32 35 39 18 33 54 62 31 33 19 30 25 14 12 13 19 13 9 8 11 5 4 2 7 4 6 3 13 14 13 31 28 45 56 55 36 58 34 26 30 34 33 29 15 12 9 16 17 23 26 35 8 25 35 44 40 29 46 30 66 26 30 21 29 45 31 34 42 36 46 27 49 18 29 48
13 8 6 8 16 30 32 16 50 20 19 4 2 5 8 12 12 8 10 11 22 27 35 56 49 31 31 16 37 52 19 31 16 14 21 24 26 16 14 12 8 8 15 9 4 2 2 3 10 18 24 28 42 30 43 39 37 34 23 9 22 28 26 21 13 10 9 19 20 24 26 41 13 13 7 12 37 52 69 24 57 43 31 33 21 17 55 28 40 42 34 51 18 21 34 47
9 16 10 8 8 18 45 22 20 7 4 1 5 8 18 23 22 8 11 14 26 30 26 11 18 14 19 36 11 19 37 53 33 37 12 25 9 13 15 3 5 6 5 3 3 14 4 4 9 17 25 16 19 28 30 35 26 42 31 33 44 31 29 16 22 21 12 22 21 25 24 39 13 27 15 20 21 16 40 32 28 53 32 37 21 42 46 13 37 53 55 44 16 22 20 24
12 18 14 18 27 35 37 19 18 5 6 5 8 18 20 26 30 19 20 22 29 30 25 19 16 23 20 13 16 30 15 22 26 54 24 41 10 8 9 10 8 6 7 8 4 3 6 5 11 21 37 17 19 26 39 20 40 60 65 56 45 32 33 29 24 22 24 35 24 26 26 33 18 30 27 23 35 31 36 54 19 55 32 54 19 18 42 9 19 26 53 34 13 24 25 50
13 23 19 24 33 44 33 7 4 2 9 8 16 21 22 31 22 43 36 24 29 29 27 33 35 27 27 15 20 41 16 12 7 8 9 26 34 25 19 35 23 17 10 7 8 4 2 8 22 18 26 10 13 27 29 35 50 73 36 41 50 30 34 27 25 23 31 42 26 27 30 31 29 31 41 25 35 34 33 32 48 76 43 50 35 12 47 26 11 14 34 42 23 26 21 8
15 31 33 31 62 40 8 6 8 10 19 17 15 27 25 38 14 28 57 17 33 26 16 23 32 36 15 23 27 31 52 17 12 6 7 5 6 5 9 29 32 14 17 12 9 7 4 6 17 13 13 12 19 24 44 46 44 44 42 30 47 38 26 10 30 16 18 51 30 29 43 31 44 29 42 34 33 38 32 26 29 16 59 59 48 16 23 20 10 10 18 46 20 33 36 29
19 27 57 49 55 10 10 9 11 21 23 23 32 46 15 30 16 27 33 53 20 40 15 13 19 35 35 32 27 20 11 24 11 13 9 7 7 7 7 9 13 7 5 8 3 2 3 9 9 11 12 10 12 21 38 54 25 49 68 57 27 22 15 8 41 27 28 46 36 28 47 32 60 41 40 45 29 31 44 29 22 16 44 38 46 20 10 45 12 14 23 42 42 38 23 28
12 31 60 70 37 6 12 21 24 24 40 50 24 32 19 19 40 18 31 29 22 30 21 19 21 29 25 43 28 32 34 22 30 18 14 11 7 7 7 9 10 5 4 4 5 4 5 17 8 12 10 9 16 30 49 44 71 48 39 52 30 17 6 17 24 48 30 32 41 28 36 32 52 45 28 44 42 28 30 44 37 12 21 52 58 23 6 28 19 14 25 17 59 41 20 63
15 39 64 41 6 8 26 25 18 46 35 61 19 38 21 18 25 60 17 33 46 30 40 17 17 33 39 28 27 44 26 24 45 10 15 12 9 12 3 10 7 4 9 11 9 6 15 9 12 16 20 24 24 23 31 43 51 41 43 35 32 17 8 24 20 33 30 31 42 28 31 36 32 52 27 29 56 27 30 33 46 15 24 29 47 23 10 19 27 19 14 12 14 33 28 20
18 49 46 25 11 19 30 30 20 37 19 57 24 39 46 17 43 61 13 41 57 19 52 16 16 35 40 41 16 13 47 10 11 26 37 20 5 9 4 8 4 3 3 4 5 6 8 11 19 24 17 14 11 18 19 27 36 40 30 48 32 19 18 27 35 40 20 25 38 40 26 24 17 39 27 26 36 35 29 23 10 11 34 21 45 22 14 7 21 35 7 17 37 33 38 7
20 46 41 29 15 19 38 53 17 25 24 48 19 32 59 26 39 60 23 23 34 34 37 21 16 19 20 32 32 30 13 17 8 7 2 29 21 6 5 5 4 5 8 7 7 8 6 10 14 28 19 24 18 26 20 25 15 26 31 19 16 29 25 28 26 34 38 29 32 38 16 28 17 27 31 27 35 14 12 30 13 14 13 18 49 53 15 8 18 29 5 9 31 41 41 20
43 41 52 21 17 27 29 39 19 30 27 32 36 22 53 21 18 50 24 17 17 16 60 35 15 13 16 16 20 22 41 24 6 15 3 5 25 6 3 5 3 12 13 11 5 9 2 6 14 27 30 17 17 10 12 26 38 56 34 16 8 25 27 27 28 28 52 20 32 41 15 24 26 29 45 5 24 29 13 12 23 12 11 12 21 43 11 8 12 31 8 9 11 41 67 51
75 42 16 17 27 27 29 35 20 54 34 17 41 19 60 19 18 34 27 14 18 31 48 24 12 18 13 29 30 28 20 23 15 20 2 6 7 17 2 3 7 12 5 8 7 8 5 2 7 20 28 36 25 15 24 30 38 54 45 19 9 39 26 18 26 26 40 25 17 43 24 13 14 43 35 14 12 13 34 8 19 35 15 16 57 35 6 20 2 42 20 7 5 5 13 19
17 9 19 16 25 30 44 41 34 44 28 18 68 16 20 47 22 50 31 11 14 23 24 52 19 23 11 25 29 26 18 11 16 33 6 8 5 34 3 4 4 5 4 5 3 8 6 8 9 31 29 20 41 20 18 15 14 40 42 10 14 24 29 16 29 25 24 39 17 46 31 19 20 17 35 13 13 20 17 16 7 4 35 13 22 39 13 32 6 22 50 10 22 14 8 7
37 18 41 31 26 31 51 28 57 39 14 22 48 23 23 50 14 21 52 9 26 20 15 40 11 22 20 16 18 21 27 24 4 15 7 8 5 5 16 4 1 6 5 10 7 4 3 12 21 22 41 34 9 17 19 3 17 23 17 7 20 48 35 14 11 39 15 31 13 20 63 12 26 27 17 19 16 15 29 19 21 10 12 23 7 36 47 34 10 17 72 9 12 9 19 7
60 33 19 34 35 38 31 29 53 27 24 24 18 22 22 30 17 14 47 17 24 17 8 17 27 21 19 11 13 12 16 16 21 6 8 21 6 4 9 13 3 10 6 8 8 7 7 4 19 8 5 4 5 14 15 36 26 13 19 15 11 35 20 16 16 24 39 11 34 10 37 10 22 36 7 11 35 8 14 21 29 13 9 3 7 6 33 49 14 10 40 17 13 9 16 12
82 41 26 25 27 33 15 30 42 11 30 24 21 24 16 35 16 16 31 11 11 28 10 5 3 9 9 5 21 33 15 16 25 3 5 1 11 4 5 38 4 5 4 7 8 5 12 6 46 14 11 7 8 8 30 43 20 5 7 27 11 9 28 14 25 15 49 9 49 8 21 24 13 20 8 29 15 12 8 10 16 20 17 8 7 7 5 9 34 45 32 22 15 8 21 12
60 22 14 31 18 18 18 19 42 11 20 15 17 42 16 40 17 40 16 9 8 22 14 7 7 9 10 10 13 16 32 30 7 5 3 2 2 11 3 38 2 2 2 6 6 3 12 5 3 9 14 17 3 22 34 31 18 11 4 32 17 13 6 28 24 23 39 10 41 15 10 15 25 38 13 8 15 6 13 3 4 14 7 10 6 5 7 3 5 10 43 18 8 11 24 14
72 24 53 23 24 17 17 17 16 12 23 21 10 48 45 11 27 22 26 20 17 9 15 12 15 21 12 18 7 8 10 10 9 5 2 4 2 3 7 14 5 1 3 2 4 4 4 16 3 4 8 8 16 48 39 25 18 16 4 10 23 11 18 14 19 39 24 27 6 27 40 6 35 52 15 3 11 4 7 3 12 9 13 13 3 2 3 5 5 4 10 22 16 4 21 5
61 41 16 17 17 20 28 18 20 10 15 13 20 31 28 9 10 12 12 3 13 9 14 19 26 19 14 21 18 4 6 8 26 14 3 2 11 2 2 6 10 1 4 2 4 11 8 5 3 4 5 8 23 32 31 17 4 13 13 7 24 10 14 17 6 16 11 14 8 12 40 9 23 28 1 4 6 11 8 6 1 16 2 5 9 1 1 2 6 7 11 3 27 6 12 3
11 41 11 20 19 16 21 13 47 12 14 14 14 5 27 12 13 6 21 9 7 13 15 16 17 8 17 26 19 2 5 7 11 13 11 7 4 9 2 2 15 1 3 2 2 14 20 6 4 5 8 18 27 24 32 11 7 15 10 12 28 12 5 6 14 10 9 25 8 11 33 16 43 13 2 7 3 1 4 11 2 6 5 5 13 3 5 3 4 3 3 7 12 14 19 2
22 58 13 14 8 17 23 20 11 20 14 12 15 6 15 8 12 7 45 13 4 8 10 37 9 7 12 21 19 4 6 5 15 7 13 7 3 3 6 2 13 1 2 1 2 6 3 8 2 11 9 20 26 32 14 4 9 14 11 14 30 16 24 9 8 17 7 23 6 9 8 13 32 2 2 1 3 2 7 5 4 1 1 7 8 8 7 5 3 2 2 2 3 21 9 2
20 58 32 4 9 11 30 20 10 25 16 8 5 9 7 13 4 20 7 3 6 12 16 9 22 9 7 8 8 7 4 12 11 9 8 8 5 6 7 2 18 1 2 2 2 3 9 23 12 4 16 34 37 28 3 8 15 20 12 16 10 26 10 28 15 6 5 12 4 10 12 23 12 11 6 7 1 6 10 3 8 2 0 4 4 12 10 3 3 2 2 2 1 5 9 8
8 28 35 4 15 7 17 28 8 21 11 6 2 10 5 18 6 14 9 13 4 5 13 15 13 7 4 7 9 15 1 4 7 14 9 3 5 9 4 6 12 4 2 5 3 2 2 15 24 17 32 38 30 6 10 17 20 17 12 19 21 17 5 15 22 2 5 4 9 3 9 14 8 16 6 6 3 10 7 1 14 17 3 5 2 2 5 5 2 4 1 2 3 12 3 8
10 21 31 8 9 3 7 7 10 10 11 4 1 7 7 41 8 6 8 2 7 12 12 16 8 3 3 3 9 6 4 7 14 7 2 1 4 9 9 3 7 4 3 7 5 3 7 41 31 52 56 48 4 6 8 9 13 15 12 15 28 6 17 11 11 25 43 4 3 2 2 21 4 15 12 9 7 13 10 7 10 30 5 7 3 1 5 6 14 12 4 2 20 4 4 15
9 11 37 14 14 5 4 8 3 14 13 8 4 4 3 11 9 5 8 4 7 8 5 6 6 3 16 2 6 12 5 5 13 12 4 3 8 3 3 5 1 3 1 4 19 39 62 34 35 38 16 2 6 9 13 10 13 12 10 6 8 4 12 8 2 20 5 0 0 4 5 6 16 4 16 9 10 11 21 9 13 18 4 13 4 4 3 3 3 6 7 11 3 10 16 26
9 5 2 39 5 3 1 2 1 8 20 5 5 3 4 13 3 4 12 3 4 6 5 4 2 5 2 2 1 10 4 5 6 6 4 5 4 3 1 3 1 2 1 35 28 30 68 72 35 8 3 6 6 9 9 8 11 12 9 2 0 1 12 16 23 26 2 2 1 9 15 7 8 2 18 6 15 6 12 5 6 17 6 12 6 7 2 1 2 2 1 2 8 3 16 20
10 10 4 40 1 4 6 2 8 1 10 4 3 6 6 20 4 7 10 6 2 4 5 14 2 4 1 11 1 2 4 6 9 6 2 4 12 5 2 2 6 42 51 53 66 25 45 72 46 1 4 7 7 6 1 6 7 7 8 1 0 7 29 28 27 8 4 10 10 5 17 15 3 4 7 8 22 15 27 36 37 19 5 8 11 8 8 0 3 3 4 2 4 8 21 15
7 6 2 43 4 1 2 2 14 1 3 10 3 3 3 13 2 5 12 4 3 3 3 12 2 2 2 4 6 6 3 5 6 5 5 9 5 4 3 13 33 58 73 61 71 74 66 44 1 3 9 6 6 9 2 5 12 13 5 2 1 11 22 15 8 5 9 8 9 8 13 28 36 6 4 6 8 12 15 8 4 11 12 25 18 13 2 2 7 1 8 5 4 9 28 7
5 4 2 11 9 14 3 2 12 3 2 9 1 2 2 3 4 4 7 3 1 1 0 7 1 3 8 4 10 3 3 5 3 9 3 6 3 1 6 18 16 6 46 69 73 56 2 3 5 3 4 3 6 7 4 2 2 36 5 9 4 7 5 16 13 5 13 11 7 24 22 19 2 6 5 14 14 11 9 7 9 9 13 9 12 2 7 3 3 1 4 7 2 6 21 6
5 4 2 3 15 5 3 1 6 1 1 5 2 1 0 1 3 1 7 2 3 0 1 1 3 4 7 3 5 2 6 5 6 3 4 5 4 1 7 14 5 24 15 9 5 2 8 11 7 7 3 3 3 0 2 7 3 10 10 6 5 6 2 6 3 3 4 15 26 33 7 2 5 8 8 9 23 10 28 10 14 14 13 10 14 2 4 3 6 1 8 5 3 4 5 2
4 4 3 1 15 1 2 2 9 3 1 2 6 1 1 1 1 1 4 4 1 1 1 4 7 3 3 5 2 3 3 4 5 6 4 2 5 2 14 15 56 47 13 3 8 8 2 3 4 1 2 0 3 1 3 6 3 20 6 2 4 4 8 5 1 5 8 27 20 1 3 0 3 9 23 21 11 12 5 10 10 10 11 16 3 5 5 6 2 1 12 5 4 5 3 0
2 1 4 9 2 1 2 2 3 1 1 1 5 2 1 1 1 1 1 6 1 1 0 2 5 5 5 3 1 3 1 3 2 6 2 3 6 4 10 9 8 18 3 8 9 4 4 6 12 5 2 0 0 1 5 8 1 7 5 4 3 3 7 2 1 2 12 15 1 0 1 4 2 2 5 20 17 21 4 6 9 10 11 6 6 5 5 5 7 1 4 4 2 1 2 2
7 1 3 12 15 1 2 1 5 1 2 0 2 1 2 0 2 1 2 1 1 1 0 2 3 7 4 1 1 1 0 1 4 1 3 2 2 3 8 4 11 19 3 7 2 10 1 1 3 7 4 1 0 2 0 2 6 3 6 0 1 8 5 1 2 8 12 17 2 0 1 5 3 4 5 9 14 6 3 4 8 11 9 16 4 6 10 3 3 1 4 3 2 1 1 1
4 1 0 1 2 1 1 1 2 1 1 0 0 2 1 0 1 1 2 0 1 0 0 4 3 2 4 0 2 2 1 1 0 3 4 3 4 26 9 47 43 17 3 1 1 7 5 3 2 6 3 3 0 1 2 1 10 6 0 0 0 5 4 3 9 12 13 13 1 2 3 6 16 1 4 9 7 5 3 3 8 5 5 2 3 13 4 4 1 2 1 1 1 0 2 0
1 2 1 2 1 3 1 1 0 1 1 0 0 1 0 0 1 1 6 0 0 1 1 3 1 1 1 0 1 1 1 1 1 1 2 4 11 18 41 26 10 36 6 1 2 4 0 1 0 3 4 3 1 1 2 3 2 12 2 1 2 9 3 1 4 10 5 11 2 3 5 5 7 1 2 4 3 9 4 3 1 1 0 2 1 3 1 2 1 1 1 0 0 0 0 0
1 3 3 1 0 1 0 2 0 0 1 1 1 0 1 1 1 1 1 0 0 0 2 1 2 1 1 0 1 0 1 1 1 1 3 19 32 51 69 23 5 1 6 6 2 1 4 12 2 6 8 1 3 4 3 6 1 3 1 3 1 10 2 4 6 4 5 11 2 2 4 5 4 1 0 1 4 4 14 4 1 1 2 3 1 1 1 1 1 0 0 1 0 0 1 1
