sesion_6_simulaciones/modelos_agentes/ejemplos_netlogo/scenarios/cgcm2_b2/rob_2095.asc
NCOLS 322 
NROWS 307 
XLLCORNER 451900 
YLLCORNER 4086900 
CELLSIZE 100 
NODATA_value -9999 
[rows 148 to 221 of 307, columns 96 to 191 of 322]
50 48 48 73 39 21 24 29 45 29 20 20 44 20 8 51 24 41 34 32 17 14 17 18 17 3 3 3 3 2 1 1 0 0 0 0 0 0 0 0 0 0 0 0 0 0 0 0 0 0 0 0 0 0 0 0 0 0 0 0 0 0 0 0 1 2 3 9 13 4 1 0 0 0 0 0 0 0 1 3 6 10 25 35 65 73 78 67 33 33 53 57 13 5 1 1
44 69 42 37 32 9 6 4 8 23 8 36 20 5 9 29 54 35 45 17 10 8 12 23 17 9 2 2 2 1 2 1 0 0 0 0 0 0 0 0 0 0 0 0 0 0 0 0 0 0 0 0 0 0 0 0 0 0 0 0 0 0 0 0 1 1 1 2 5 3 1 1 0 0 0 0 0 1 2 4 13 19 28 60 66 62 82 59 32 9 17 36 33 6 2 0
30 49 27 12 19 20 12 8 1 7 6 16 24 30 10 25 56 52 41 37 27 18 30 13 12 7 4 2 2 1 2 2 1 0 0 0 0 0 0 0 0 0 0 0 0 0 0 0 0 0 0 0 0 0 0 0 0 0 0 0 0 0 0 0 1 1 1 2 2 3 1 0 0 0 0 0 0 1 4 7 13 26 54 63 51 20 56 52 30 9 10 24 41 13 2 1
17 6 13 5 12 13 15 8 2 2 10 7 18 39 35 19 22 43 55 53 35 40 32 30 14 7 2 1 1 1 1 3 1 1 0 0 0 0 0 0 0 0 0 0 0 0 0 0 0 0 0 0 0 0 0 0 0 0 0 0 0 0 0 0 0 1 1 2 2 2 1 0 0 0 0 0 0 1 2 9 21 37 39 31 32 18 44 49 28 4 5 17 31 26 10 2
25 6 22 9 4 7 14 11 4 3 15 29 18 18 27 20 33 41 50 41 39 31 19 20 15 7 2 1 1 1 1 1 2 1 0 0 0 0 0 0 0 0 0 0 0 0 0 0 0 0 0 0 0 0 0 0 0 0 0 0 0 0 0 0 1 1 1 1 1 1 0 0 0 0 0 0 1 2 4 10 35 30 29 20 25 21 44 49 15 4 2 6 10 19 11 3
12 9 10 12 5 4 3 4 2 2 3 7 12 10 7 6 22 65 33 59 8 27 21 18 12 2 2 3 1 2 4 2 2 1 0 1 0 0 0 0 0 0 0 0 0 0 0 0 0 0 0 0 0 0 0 0 0 0 0 0 0 0 0 0 0 0 0 1 1 0 0 0 0 0 0 0 1 2 2 11 7 10 11 15 7 13 33 23 8 9 1 1 6 9 10 3
8 9 3 8 3 5 1 3 4 7 5 7 11 14 7 1 11 19 21 41 31 50 47 19 9 7 7 5 3 8 4 5 3 2 1 2 1 1 1 0 0 0 0 0 0 0 0 0 0 0 0 0 0 0 0 0 0 0 0 0 0 0 0 0 0 0 1 1 1 0 0 0 0 0 0 0 1 2 4 8 4 8 9 6 3 4 16 17 11 8 3 0 3 2 5 5
4 7 5 9 10 7 7 4 15 15 6 1 3 10 17 15 5 10 33 14 54 32 42 28 29 16 16 9 9 15 16 9 6 4 5 2 3 2 1 1 0 0 0 0 0 0 0 0 0 0 0 0 0 0 0 0 0 0 0 0 0 0 0 0 0 0 0 1 0 0 0 0 0 0 0 0 1 3 9 3 3 4 2 1 1 3 13 16 9 3 1 0 1 2 3 2
5 3 6 10 9 9 7 8 6 2 2 0 1 1 2 21 4 11 24 41 15 53 42 27 30 33 23 14 14 29 19 2 1 6 5 7 3 3 1 1 1 0 0 0 0 0 0 0 0 0 0 0 0 0 0 0 0 0 0 0 0 0 0 0 0 0 0 0 0 0 0 0 0 0 0 0 1 3 3 3 2 1 0 0 1 5 11 8 3 1 1 0 0 1 1 1
2 2 2 3 2 3 4 4 2 1 0 0 3 5 4 1 3 8 6 65 20 40 58 40 59 51 47 25 26 25 10 7 11 8 7 4 3 2 2 2 2 2 0 0 0 0 0 0 0 0 0 0 0 0 0 0 0 0 0 0 0 0 0 0 0 0 0 0 0 0 0 0 0 0 0 1 1 2 4 1 1 0 0 0 1 0 0 0 0 0 0 0 0 0 0 0
8 3 1 1 3 3 5 2 3 2 1 1 2 5 2 3 7 8 3 24 4 11 39 78 69 50 24 20 10 14 25 13 7 4 2 0 1 2 2 2 2 1 1 1 0 0 0 0 0 0 0 0 0 0 0 0 0 0 0 0 0 0 0 0 0 0 0 0 0 0 0 0 0 0 0 0 1 0 1 1 0 0 0 0 0 0 0 0 0 0 0 0 0 0 0 0
7 6 6 1 1 2 2 5 3 1 1 1 2 3 2 7 8 5 4 6 5 2 26 54 45 39 23 36 16 3 6 11 3 1 1 1 1 1 2 1 1 3 3 0 0 0 0 0 0 0 0 0 0 0 0 0 0 0 0 0 0 0 0 0 0 0 0 0 0 0 0 0 0 0 0 0 1 1 1 0 0 0 0 0 1 1 1 1 1 1 1 0 0 0 0 0
3 4 3 3 2 1 1 2 2 1 0 1 2 1 4 3 5 2 3 5 2 3 13 12 6 17 13 7 5 1 2 13 4 0 1 1 2 2 2 1 0 0 1 0 0 0 0 0 0 0 0 0 0 0 0 0 0 0 0 0 0 0 0 0 0 0 0 0 0 0 0 0 0 0 0 0 0 0 0 0 0 0 0 0 0 1 1 0 1 1 0 0 0 0 0 0
3 1 1 2 2 1 2 1 1 1 1 0 1 2 3 4 2 1 4 4 1 3 5 10 9 2 4 1 2 3 1 7 1 0 0 1 1 4 2 2 1 0 1 0 0 0 0 0 0 0 0 0 0 0 0 0 0 0 0 0 0 0 0 0 0 0 0 0 0 0 0 0 0 0 0 0 0 0 0 0 0 0 0 0 0 0 0 0 0 0 0 0 0 0 0 0
1 1 0 0 1 1 1 1 1 1 0 0 1 3 1 2 1 1 3 1 3 4 3 7 6 7 2 1 1 3 3 1 3 1 0 0 0 1 1 1 1 1 1 0 0 0 0 0 0 0 0 0 0 0 0 0 0 0 0 0 0 0 0 0 0 0 0 0 0 0 0 0 0 0 0 0 0 0 0 0 0 0 0 0 0 0 0 0 0 0 0 0 0 0 0 0
3 1 0 0 0 0 0 0 0 0 0 0 1 1 0 0 1 1 1 2 4 1 5 3 3 1 5 1 1 1 1 0 1 1 1 1 0 1 0 0 0 1 0 0 0 0 0 0 0 0 0 0 0 0 0 0 0 0 0 0 0 0 0 0 0 0 0 0 0 0 0 0 0 0 0 0 0 0 0 0 0 0 0 0 0 0 0 0 0 0 0 0 0 0 0 0
6 4 2 2 1 1 2 1 1 0 0 0 0 0 0 0 1 1 2 1 3 1 6 4 4 4 2 1 0 0 1 1 0 0 1 1 0 0 0 0 0 0 0 0 0 0 0 0 0 0 0 0 0 0 0 0 0 0 0 0 0 0 0 0 0 0 0 0 0 0 0 0 0 0 0 0 0 0 0 0 0 0 0 0 0 0 0 0 0 0 0 0 0 0 0 0
15 6 5 9 8 6 4 4 1 1 1 0 0 0 0 1 1 2 2 1 3 1 2 2 3 3 1 1 1 0 0 0 1 0 0 0 0 0 0 0 0 0 0 0 0 0 0 0 0 0 0 0 0 0 0 0 0 0 0 0 0 0 0 0 0 0 0 0 0 0 0 0 0 0 0 0 0 0 0 0 0 0 0 0 0 0 0 0 0 0 0 0 0 0 0 0
22 16 13 21 18 15 6 5 3 2 2 1 0 0 0 0 1 1 1 2 2 1 4 1 1 1 1 0 1 1 0 0 1 0 0 0 0 0 0 0 0 0 0 0 0 0 0 0 0 0 0 0 0 0 0 0 0 0 0 0 0 0 0 0 0 0 0 0 0 0 0 0 0 0 0 0 0 0 0 0 0 0 0 0 0 0 0 0 0 0 0 0 0 0 0 0
47 23 15 3 7 20 13 16 8 6 2 2 1 0 0 0 1 1 1 1 1 0 1 1 1 1 0 0 1 1 1 0 1 1 0 0 0 0 0 0 0 0 0 0 0 0 0 0 0 0 0 0 0 0 0 0 0 0 0 0 0 0 0 0 0 0 0 0 0 0 0 0 0 0 0 0 0 0 0 0 0 0 0 0 0 0 0 0 0 0 0 0 0 0 0 0
20 37 14 14 10 4 3 2 2 2 3 1 1 0 0 0 1 1 1 1 0 0 1 1 0 1 0 0 2 2 0 1 1 1 0 0 0 0 1 0 0 0 0 0 0 0 0 0 0 0 0 0 0 0 0 0 0 0 0 0 0 0 0 0 0 0 0 0 0 0 0 0 0 0 0 0 0 0 0 0 0 0 0 0 0 0 0 0 0 0 0 0 0 0 0 0
7 28 38 16 13 6 2 1 1 1 2 1 0 0 0 0 0 0 1 0 0 0 0 0 0 0 0 0 0 0 0 0 0 1 0 0 0 0 0 1 0 0 0 0 0 0 0 0 0 0 0 0 0 0 0 0 0 0 0 0 0 0 0 0 0 0 0 0 0 0 0 0 0 0 0 0 0 0 0 0 0 0 0 0 0 0 0 0 0 0 0 0 0 0 0 0
9 20 19 16 19 15 4 2 1 0 0 0 0 0 0 0 0 1 0 1 0 0 0 0 0 0 0 0 0 0 1 1 0 0 0 1 0 0 0 0 1 0 0 0 0 0 0 0 0 0 0 0 0 0 0 0 0 0 0 0 0 0 0 0 0 0 0 0 0 0 0 0 0 0 0 0 0 0 0 0 0 0 0 0 0 0 0 0 0 0 0 0 0 0 0 0
2 5 10 22 18 12 12 7 3 1 0 0 0 0 0 0 0 0 1 1 0 1 0 0 0 0 0 0 0 0 1 3 3 1 0 0 0 0 0 0 0 0 0 0 0 0 0 0 0 0 0 0 0 0 0 0 0 0 0 0 0 0 0 0 0 0 0 0 0 0 0 0 0 0 0 0 0 0 0 0 0 0 0 0 0 0 0 0 0 0 0 0 0 0 0 0
2 3 4 13 20 14 11 7 4 2 1 0 0 0 0 0 0 0 1 2 1 1 0 0 0 0 0 0 0 0 0 0 0 0 0 0 0 0 0 0 0 0 0 0 0 0 0 0 0 0 0 0 0 0 0 0 0 0 0 0 0 1 1 1 0 0 0 0 0 0 0 0 0 0 0 0 0 0 0 0 0 0 0 0 0 0 0 0 0 0 0 0 0 0 0 0
8 1 11 9 19 9 5 2 1 0 0 0 0 0 0 0 0 0 0 1 1 1 1 0 0 0 0 1 0 0 0 0 0 0 0 0 0 0 0 0 0 0 0 0 0 0 0 0 0 0 0 0 0 0 0 0 0 0 0 0 1 1 1 2 1 0 1 0 0 0 0 0 0 0 0 0 0 0 0 0 0 0 0 0 0 0 0 0 0 0 0 0 0 0 0 0
3 2 5 3 8 12 8 4 4 1 0 0 0 0 0 0 0 0 0 0 0 0 0 0 0 0 0 0 0 0 0 0 0 0 0 0 0 0 0 0 0 0 0 0 0 0 0 0 0 0 0 0 0 0 0 0 0 0 0 0 0 1 1 1 1 2 2 0 0 0 0 0 0 0 0 0 0 0 0 0 0 0 0 0 0 0 0 0 0 0 0 0 0 0 0 0
3 3 5 3 4 10 9 7 5 3 3 2 1 0 0 0 0 0 0 0 0 0 0 0 0 0 0 0 0 0 0 0 0 0 0 0 0 0 0 0 0 0 0 0 0 0 0 0 0 0 0 0 0 0 0 0 0 0 0 0 0 1 0 1 1 2 2 0 0 0 0 0 0 0 0 0 0 0 0 0 0 0 0 0 0 0 0 0 0 0 0 0 0 0 0 0
3 3 4 2 4 7 13 12 7 7 4 1 0 0 0 0 0 0 0 0 0 0 0 0 0 0 0 0 0 0 0 0 0 0 0 0 0 0 0 0 0 0 0 0 0 0 0 0 0 0 0 0 0 0 0 0 0 0 0 0 0 0 0 1 1 3 1 2 1 0 0 0 0 0 0 0 0 0 0 0 0 0 0 0 0 0 0 0 0 0 0 0 0 0 0 0
1 3 4 2 2 7 8 12 9 6 3 1 1 0 0 0 0 0 0 0 0 0 0 0 0 0 0 0 0 0 0 0 0 0 0 0 0 0 0 0 0 0 0 0 0 0 0 0 0 0 0 0 0 0 0 0 0 0 0 0 0 0 0 1 1 2 2 4 1 1 0 0 0 0 0 0 0 0 0 0 0 0 0 1 0 0 0 0 0 0 0 0 0 0 0 0
1 2 3 2 0 4 4 6 3 5 4 3 1 1 0 0 0 0 0 0 0 0 0 0 0 0 0 0 0 0 0 0 0 0 0 0 0 0 0 0 0 0 0 0 0 0 0 0 0 0 0 0 0 0 0 0 0 0 0 0 0 0 0 1 1 1 2 2 2 1 1 1 1 0 0 0 0 1 1 0 0 0 1 0 0 0 0 0 0 0 0 0 0 0 0 0
1 1 3 2 1 2 1 2 6 4 1 1 1 0 0 0 0 0 0 0 0 0 0 0 0 0 0 0 0 0 0 0 0 0 0 0 0 0 0 0 0 0 0 0 0 0 0 0 0 0 0 0 0 0 0 0 0 0 0 0 0 0 0 0 0 1 1 2 3 4 3 4 1 2 1 0 0 1 0 0 0 0 0 0 0 0 0 0 0 0 0 0 0 0 0 1
0 1 3 3 3 2 1 3 6 4 2 1 1 0 0 0 0 0 0 0 0 0 0 0 0 0 0 0 0 0 0 0 0 0 0 0 0 0 0 0 0 0 0 0 0 0 0 0 0 0 0 0 0 0 0 0 0 0 0 0 0 0 0 0 0 1 2 1 1 1 4 10 6 4 1 1 1 0 0 0 0 0 0 0 0 0 0 0 0 0 0 0 0 0 1 1
0 1 1 2 1 1 1 1 2 2 1 1 0 0 0 0 0 0 0 0 0 0 0 0 0 0 0 0 0 0 0 0 0 0 0 0 0 0 0 0 0 0 0 0 0 0 0 0 0 1 0 0 0 0 0 0 0 0 0 0 0 0 0 0 0 1 1 1 1 2 2 4 1 7 7 3 2 0 0 0 1 0 1 1 0 0 0 0 0 0 0 0 0 0 1 2
0 0 1 2 1 1 1 1 1 2 1 1 0 0 0 0 0 0 0 0 0 0 0 0 0 0 0 0 0 0 0 0 0 0 0 0 0 0 0 0 0 0 0 0 0 0 0 0 1 2 0 0 0 0 0 0 0 0 0 0 0 0 0 0 0 1 0 1 1 1 1 3 3 3 9 10 1 1 0 0 2 1 1 4 1 1 0 0 0 0 0 0 0 0 1 3
0 0 0 1 0 0 1 1 0 1 1 1 0 0 0 0 0 0 0 0 0 0 0 0 0 0 0 0 0 0 0 0 0 0 0 0 0 0 0 1 1 1 1 1 0 0 0 0 1 1 0 0 0 0 0 0 0 0 0 0 0 0 0 0 0 0 0 1 1 1 1 1 1 7 5 6 2 1 0 0 1 3 4 15 5 3 0 0 0 0 0 0 0 1 2 3
0 0 0 1 1 0 1 0 0 1 0 0 0 0 0 0 0 0 0 0 0 0 0 0 0 0 0 0 0 0 0 0 0 0 0 0 0 0 0 1 1 0 0 1 0 0 0 1 2 1 0 1 0 0 0 0 0 0 0 0 0 0 0 0 0 0 0 0 0 1 1 2 3 4 5 6 1 0 0 0 1 1 3 7 6 2 1 0 0 0 0 0 1 1 3 3
0 0 0 0 0 0 1 0 0 0 0 0 0 0 0 0 0 0 0 0 0 0 0 0 0 0 0 0 0 0 0 0 0 0 0 0 0 0 0 0 0 0 0 1 1 0 0 1 3 3 2 2 1 1 1 1 1 1 0 0 0 0 0 0 0 0 0 0 0 1 2 5 5 3 7 3 2 1 0 0 1 2 3 4 5 2 1 1 1 0 1 1 1 2 4 7
0 0 0 0 0 0 0 0 0 0 1 0 0 0 0 0 0 0 0 0 0 0 0 0 0 0 0 0 0 0 0 0 0 0 0 0 0 0 0 0 0 0 0 1 1 0 0 1 2 8 5 2 2 1 2 1 2 1 0 0 0 0 0 0 0 0 0 0 0 1 3 2 3 12 7 6 4 2 0 0 0 1 3 6 6 5 2 1 1 1 1 2 1 3 4 12
0 0 0 0 0 0 0 0 0 0 0 0 0 0 0 0 0 0 0 0 0 0 0 0 0 0 0 0 0 0 0 0 0 0 1 1 0 0 0 1 2 1 1 2 0 0 0 1 3 10 19 6 4 3 5 3 4 3 1 1 1 0 0 0 0 0 0 0 0 0 1 2 4 7 4 6 3 3 1 0 0 1 3 6 20 9 4 2 3 2 3 3 2 3 6 21
0 0 0 0 0 0 0 0 0 0 0 0 0 0 0 0 0 0 0 0 0 0 0 0 0 0 0 0 0 0 0 0 0 0 1 1 0 0 0 1 2 4 2 4 2 1 0 1 4 7 31 12 4 6 9 5 4 3 2 2 2 1 0 0 0 0 0 0 0 0 0 2 3 7 8 10 5 4 1 0 0 1 2 4 15 22 8 4 5 5 5 5 5 4 8 25
0 0 0 0 0 0 0 0 0 0 0 0 0 0 0 0 0 0 0 0 0 0 0 0 0 0 0 0 0 0 0 0 0 1 1 1 0 0 1 2 7 6 7 13 5 2 1 1 4 12 15 24 8 9 14 16 9 7 4 5 2 1 0 0 0 0 0 0 0 0 0 2 3 3 6 6 10 7 3 1 0 1 2 2 5 12 25 8 8 9 8 9 9 5 11 26
0 0 0 0 0 0 0 0 0 0 0 0 0 0 0 0 0 0 0 0 0 0 0 0 0 0 0 0 0 0 0 0 0 1 2 3 0 0 1 2 2 10 22 28 6 4 2 3 5 19 15 35 20 17 27 25 30 21 11 5 3 2 1 0 0 1 0 0 0 0 0 2 4 4 4 6 16 14 4 1 0 1 1 3 8 13 37 28 13 12 13 14 14 9 13 26
0 0 0 0 0 0 0 0 0 0 0 0 0 0 0 0 0 0 0 0 0 0 0 1 0 0 0 0 0 0 0 0 1 2 3 6 2 1 1 3 5 10 20 38 10 5 2 6 10 17 40 43 46 27 36 42 47 29 24 7 4 2 1 1 1 1 1 1 0 0 0 1 3 4 3 2 14 15 9 2 0 0 1 3 9 15 19 42 20 19 22 23 26 12 35 16
0 0 0 0 0 0 0 0 0 0 0 0 0 0 0 0 0 0 0 0 0 0 1 0 0 0 0 0 0 0 0 0 1 1 1 6 16 4 2 2 12 12 21 36 18 5 5 12 32 25 33 69 44 35 50 66 58 41 20 5 5 3 4 1 2 2 1 1 0 0 0 0 1 2 2 4 10 38 14 7 2 1 1 3 7 17 17 25 39 20 38 11 13 31 19 4
0 0 0 0 0 0 0 0 0 0 0 0 0 0 0 0 0 0 0 1 0 1 0 0 0 0 0 0 0 0 0 0 0 0 1 3 10 12 9 4 4 29 40 56 16 14 14 15 29 42 22 45 73 45 71 73 62 34 13 7 7 6 5 4 3 3 4 1 1 1 0 0 1 2 2 5 10 30 26 12 2 1 1 2 7 11 5 9 28 43 44 14 41 22 5 6
0 0 0 0 0 0 0 0 0 0 0 0 0 0 0 0 0 1 1 1 0 0 0 0 0 0 0 0 0 0 0 0 0 0 1 2 4 4 15 28 8 14 34 66 20 20 20 19 21 15 40 51 63 47 76 45 36 19 15 15 9 9 7 6 10 8 4 2 1 1 1 1 1 1 3 5 10 26 32 10 4 7 2 4 12 14 17 12 19 65 58 42 58 12 10 12
0 0 0 0 0 0 0 0 0 0 0 0 0 0 0 0 1 2 1 0 0 0 0 0 0 0 0 0 0 0 0 0 0 0 1 1 1 4 10 25 32 15 20 68 28 31 26 24 22 26 45 50 79 62 67 35 27 24 28 18 13 14 10 15 13 10 6 3 4 2 2 2 1 1 1 3 13 23 60 29 20 15 7 3 7 11 14 34 19 27 64 63 47 22 19 44
0 0 0 0 0 0 0 0 0 0 0 0 0 0 1 2 3 0 0 0 0 0 0 0 0 0 0 0 0 0 0 0 0 0 1 3 4 8 15 18 47 38 20 29 47 35 51 29 27 19 44 43 60 77 50 48 44 30 35 16 21 16 19 17 16 8 6 6 4 2 5 8 2 2 2 3 7 24 50 58 52 45 5 4 6 12 21 20 42 22 50 61 35 32 52 52
0 0 0 0 0 0 0 0 0 0 0 0 0 1 1 2 1 0 0 0 0 0 0 0 0 0 0 0 0 0 0 0 0 1 2 6 11 18 17 30 49 50 44 43 68 46 58 45 43 32 35 55 50 77 60 58 64 68 40 30 39 30 25 15 11 10 8 3 3 1 3 6 14 7 7 4 6 5 19 48 66 21 4 4 7 15 19 23 54 52 27 71 60 64 62 52
0 0 0 0 0 0 0 0 0 1 0 0 1 1 1 1 1 1 0 0 0 0 0 0 0 0 0 0 0 0 0 0 0 2 2 3 9 12 12 13 12 17 42 49 68 72 67 69 50 36 34 54 67 74 61 76 65 55 45 35 24 19 17 24 15 13 11 6 2 1 4 11 17 22 13 12 7 8 25 25 50 13 7 7 10 21 30 41 53 66 22 80 77 52 48 63
0 0 0 0 0 0 0 0 0 0 2 1 1 2 1 1 0 0 0 0 0 0 0 0 0 0 0 0 0 0 0 0 0 1 1 2 4 5 4 6 9 11 14 22 37 42 58 67 68 42 22 39 63 70 70 68 58 57 46 24 27 23 19 29 19 16 15 10 4 1 3 10 18 31 53 35 24 13 30 55 73 23 12 9 20 22 38 48 56 68 41 71 61 53 55 33
0 0 0 0 0 0 0 1 1 1 3 4 2 1 1 1 0 0 0 0 0 0 0 0 0 0 0 0 0 0 0 0 0 0 1 1 1 1 1 5 7 8 17 20 26 34 30 40 63 53 17 43 51 69 44 40 28 45 31 37 29 15 22 40 15 30 21 16 5 3 3 9 19 25 33 65 49 31 39 60 65 34 15 28 25 27 38 54 56 72 83 37 16 59 42 43
0 0 0 0 0 0 1 1 3 4 4 1 1 1 0 0 0 0 0 0 0 0 0 0 0 0 0 0 0 0 0 0 0 0 0 0 0 1 2 3 6 14 16 16 21 20 37 50 48 68 30 40 47 54 45 28 46 54 53 37 39 22 46 39 10 39 32 17 6 4 6 5 6 15 30 31 50 77 45 58 40 25 34 39 32 31 50 49 60 72 43 24 24 60 45 38
0 0 0 0 0 1 1 3 3 4 1 1 1 0 1 0 0 0 0 0 0 0 0 0 0 0 0 0 0 0 0 1 0 0 1 1 1 1 2 3 4 8 10 13 18 31 47 58 37 46 62 28 33 54 42 18 56 64 48 29 40 35 50 28 21 46 40 23 6 8 8 2 2 10 21 15 25 45 66 75 71 47 61 55 33 30 38 64 61 62 18 22 46 61 49 57
0 0 0 0 0 1 3 3 5 2 2 1 0 0 0 0 0 0 0 0 0 0 0 0 0 0 0 0 0 0 1 1 2 1 0 0 1 4 9 7 7 9 13 9 18 26 26 29 50 41 50 41 38 69 31 23 78 57 28 48 45 38 71 26 42 31 21 9 3 7 5 8 6 9 11 15 30 38 56 53 58 66 61 58 38 32 25 58 70 65 36 52 58 37 71 45
0 0 0 0 0 1 1 4 3 1 1 1 0 0 0 0 0 0 0 0 0 0 0 0 0 0 0 0 0 0 1 1 1 1 2 2 1 1 2 21 26 28 39 29 29 28 30 35 48 53 48 59 58 40 37 30 68 38 27 49 49 67 43 64 44 24 28 16 6 10 10 11 12 5 4 4 10 22 34 55 66 58 77 63 54 23 31 39 67 58 35 63 33 66 43 36
0 1 0 1 1 4 2 2 3 1 1 0 0 0 0 0 0 0 0 0 0 0 0 0 0 0 0 0 0 0 0 0 1 1 3 2 1 1 3 5 9 31 37 43 49 39 40 35 36 34 52 61 31 58 40 70 22 51 31 51 73 65 65 48 42 26 40 17 13 20 11 21 20 7 13 20 22 13 23 50 62 68 59 77 44 40 22 41 59 32 68 21 51 56 55 57
0 0 0 0 0 0 2 5 2 1 0 0 0 0 0 0 0 0 0 0 0 0 0 0 0 0 0 0 0 0 0 0 0 0 1 0 3 4 6 5 6 14 40 37 40 52 49 45 31 27 24 19 27 38 25 60 41 30 38 59 81 71 39 51 28 41 44 38 17 23 14 23 23 18 27 25 35 31 20 13 28 20 30 44 56 39 20 33 68 21 39 30 70 48 64 70
0 0 0 0 1 1 1 4 3 1 1 0 0 0 0 0 0 0 0 0 0 0 0 0 0 0 0 0 0 0 0 0 0 0 1 5 4 3 14 12 15 23 23 33 34 28 20 46 71 23 23 29 46 37 34 47 12 39 59 76 55 47 37 40 17 39 34 38 32 27 16 26 25 23 45 37 52 42 18 25 47 46 30 49 51 35 37 20 39 22 64 57 56 57 61 55
0 0 0 1 2 4 4 4 1 1 0 0 0 0 0 0 0 0 0 0 0 0 0 0 0 0 0 0 0 0 0 0 1 1 2 6 8 11 10 24 37 20 20 15 29 36 50 57 22 54 37 34 37 44 43 42 19 73 43 23 23 26 52 43 45 42 31 32 37 36 21 18 31 34 46 38 44 48 18 24 34 29 33 38 48 51 52 21 13 39 37 37 51 58 44 33
0 0 0 1 4 5 5 1 1 0 0 0 0 0 0 0 0 0 0 0 0 0 0 0 0 0 0 0 0 0 0 1 1 2 2 4 4 4 11 29 37 41 27 32 38 37 45 38 48 39 30 57 39 23 26 43 49 40 26 26 21 32 45 55 46 30 44 45 42 38 25 22 30 29 19 31 47 56 39 18 22 18 24 18 14 22 33 22 15 41 53 52 52 58 49 58
1 1 1 3 5 6 5 1 0 0 0 0 0 0 0 0 0 0 0 0 0 0 0 0 0 0 0 0 0 0 0 0 1 2 2 3 5 15 13 16 22 43 71 59 40 40 40 44 39 38 59 25 46 58 42 40 24 15 12 16 27 44 61 56 33 40 45 52 31 24 25 32 32 22 11 32 58 69 56 34 21 25 27 29 42 21 38 40 38 67 33 19 34 55 61 55
0 6 6 6 8 5 3 2 1 0 0 0 0 0 0 0 0 0 0 0 0 0 0 0 0 0 0 0 0 0 0 0 1 2 2 3 6 12 14 18 30 32 34 50 72 66 43 45 43 44 33 39 55 20 25 38 30 23 34 49 37 37 61 53 51 57 29 45 36 39 25 26 37 26 11 22 39 51 64 57 34 34 23 24 39 45 39 51 47 51 65 24 26 27 37 45
0 3 17 12 6 2 1 1 1 0 0 0 0 0 0 0 0 0 0 0 0 0 0 0 0 0 0 0 0 0 0 0 0 1 1 3 3 4 5 7 5 15 38 48 65 73 40 56 67 53 45 46 69 68 24 24 26 32 52 41 36 52 65 54 60 55 40 39 45 47 28 15 45 52 20 24 45 40 25 56 62 50 23 27 30 40 30 25 20 19 31 35 19 14 16 22
1 6 9 6 7 4 1 1 0 0 0 0 0 0 0 0 0 0 0 0 0 0 0 0 0 0 0 0 0 0 0 0 0 0 2 2 1 2 3 7 15 26 27 36 42 32 42 56 77 54 68 83 33 43 37 31 39 48 49 27 34 51 60 68 53 39 46 43 41 55 18 20 43 58 31 17 22 30 26 38 43 57 32 20 34 38 40 37 43 47 23 18 41 25 22 13
4 8 7 6 4 2 1 0 0 0 0 0 0 0 0 0 0 0 0 0 0 0 0 0 0 0 0 0 0 1 1 1 0 0 0 1 2 2 6 10 10 13 22 35 46 63 42 61 64 56 56 46 34 24 23 28 26 43 30 23 33 57 33 39 37 38 49 54 50 36 16 31 37 66 40 27 14 21 17 29 26 25 50 25 32 53 48 77 46 30 13 17 18 32 42 25
6 13 10 3 2 1 1 0 0 0 0 0 0 0 0 0 0 0 0 0 0 0 0 0 0 0 0 0 0 0 0 1 1 0 0 0 1 2 3 7 9 12 23 24 61 55 45 62 24 31 29 32 29 28 19 9 11 24 30 24 30 69 40 34 38 60 51 35 31 33 16 32 54 47 55 26 24 25 15 23 33 40 31 42 14 50 19 20 59 45 38 17 17 11 18 23
16 11 8 2 1 0 0 0 0 0 0 0 0 0 0 0 0 0 0 0 0 1 0 0 0 0 0 0 0 0 0 0 1 2 1 0 0 1 3 4 7 7 17 32 44 41 60 51 37 18 18 28 34 32 38 26 18 40 30 24 47 17 30 30 49 52 41 33 49 29 17 11 41 58 61 29 24 22 16 22 25 36 29 30 47 10 32 38 21 30 40 28 27 17 8 9
27 14 3 2 1 1 0 0 0 0 0 0 0 0 0 0 0 0 0 0 0 1 1 1 0 0 0 0 0 0 0 0 1 3 3 0 0 0 2 4 7 9 11 13 13 36 43 32 31 21 27 32 31 36 49 49 36 53 43 13 9 31 16 49 51 48 38 46 29 23 16 18 29 31 55 29 24 19 20 21 11 17 9 22 36 43 59 70 40 23 25 23 12 14 14 14
13 7 3 1 1 1 1 0 0 0 0 0 0 0 0 0 0 0 0 0 0 1 1 2 1 1 0 0 0 0 0 1 1 1 4 1 0 0 1 3 7 8 10 12 18 41 31 18 22 34 34 31 57 44 57 55 30 22 13 10 27 12 23 32 38 32 44 44 29 31 15 10 17 22 24 49 26 25 16 28 17 16 27 4 14 36 13 4 8 20 23 28 28 20 17 12
13 6 3 2 1 0 0 0 0 0 0 0 0 0 0 0 0 0 0 0 0 0 0 0 2 1 1 0 0 0 1 1 1 2 5 0 0 0 1 2 5 6 10 12 15 17 15 25 29 29 48 30 44 38 31 46 28 35 22 20 33 27 14 16 29 33 32 15 48 32 16 6 12 26 26 16 48 9 28 11 22 22 13 50 82 19 26 22 23 35 45 41 41 21 17 17
13 5 2 2 1 1 0 0 0 0 0 0 0 0 0 0 0 0 0 0 0 0 0 1 1 5 2 1 1 1 1 1 2 4 3 1 0 0 1 1 2 5 5 9 10 14 24 29 25 37 29 31 35 36 40 42 52 38 27 16 22 33 7 24 36 23 21 37 27 30 16 10 11 9 20 13 14 21 14 11 24 9 19 13 45 65 31 54 55 50 65 58 58 44 55 51
15 8 4 1 1 1 0 0 0 0 0 0 0 0 0 0 0 0 0 0 0 0 1 1 1 3 9 3 2 2 2 3 3 8 2 1 0 0 0 1 1 2 4 5 9 14 22 26 23 25 27 30 47 54 46 29 33 30 24 34 43 53 24 26 13 22 33 33 22 24 16 11 9 13 15 19 11 5 14 10 4 7 26 13 4 36 82 51 57 68 51 52 41 41 22 16
