sesion_6_simulaciones/modelos_agentes/ejemplos_netlogo/scenarios/cgcm2_b2/rob_2037.asc
NCOLS 322 
NROWS 307 
XLLCORNER 451900 
YLLCORNER 4086900 
CELLSIZE 100 
NODATA_value -9999 
[rows 219 to 291 of 307, columns 96 to 191 of 322]
2 1 0 0 0 0 0 0 0 0 0 0 0 0 0 0 0 0 0 0 0 0 0 0 0 0 0 0 0 0 0 0 0 0 1 0 0 0 0 0 1 1 1 2 3 4 4 10 12 18 36 25 44 46 44 61 45 57 46 55 70 68 43 44 64 64 62 35 65 52 29 14 22 43 44 39 73 31 63 39 58 67 50 70 90 31 46 40 37 43 49 37 30 12 8 6
2 1 0 0 0 0 0 0 0 0 0 0 0 0 0 0 0 0 0 0 0 0 0 0 0 1 0 0 0 0 0 0 0 1 0 0 0 0 0 0 0 1 1 1 2 3 6 10 11 22 19 25 32 41 51 59 71 60 54 46 63 69 33 64 71 58 50 62 51 55 32 24 26 20 39 34 38 57 49 48 69 42 53 37 61 77 60 75 66 65 69 53 50 29 27 28
3 1 1 0 0 0 0 0 0 0 0 0 0 0 0 0 0 0 0 0 0 0 0 0 0 0 2 0 0 0 0 0 0 1 0 0 0 0 0 0 0 0 0 1 1 3 6 8 10 12 16 22 43 52 53 43 51 54 49 65 74 78 65 71 48 61 70 64 48 49 37 26 23 29 31 46 36 21 44 51 28 31 56 35 12 55 87 71 74 74 52 50 34 30 10 6
1 0 0 0 0 0 0 0 0 0 0 0 0 0 0 0 0 0 0 0 0 0 0 0 0 0 1 2 1 0 0 1 1 2 0 0 0 0 0 0 0 0 0 1 1 2 5 10 15 20 25 28 34 43 44 48 55 64 79 78 80 84 60 77 47 64 49 46 51 44 32 34 23 27 41 42 47 24 24 17 51 40 36 30 32 18 40 54 64 40 32 31 17 10 12 6
1 0 0 0 0 0 0 0 0 0 0 0 0 0 0 0 0 0 0 0 0 0 0 0 0 0 0 1 3 1 1 2 3 1 0 0 0 0 0 0 0 0 1 1 1 2 3 6 12 14 21 18 25 36 50 70 74 53 35 44 47 48 44 49 78 32 36 34 58 48 38 54 23 27 46 38 42 20 41 47 45 79 49 41 34 34 23 23 51 75 56 48 43 19 12 10
0 0 0 0 0 0 0 0 0 0 0 0 0 0 0 0 0 0 0 0 0 0 0 0 0 0 0 1 3 2 1 2 1 0 0 0 0 0 0 0 0 0 0 1 1 1 2 3 7 12 15 20 40 27 47 64 39 36 37 37 15 42 43 35 36 55 19 53 54 44 60 52 16 22 27 38 31 27 39 52 40 27 60 55 36 38 41 22 17 49 79 59 50 28 25 16
0 0 0 0 0 0 0 0 0 0 0 0 0 0 0 0 0 0 0 0 1 0 0 0 1 1 0 1 2 6 4 1 0 0 0 0 0 0 0 0 0 0 0 1 1 1 2 3 7 9 13 17 32 34 21 20 26 27 26 22 49 66 37 47 52 85 71 48 55 53 65 54 34 29 39 50 38 37 50 61 49 26 11 26 64 63 39 36 28 22 56 55 42 34 17 12
1 0 0 0 0 0 0 0 0 0 0 0 0 0 0 0 0 0 0 1 2 1 1 0 1 2 3 1 3 5 1 1 0 0 0 0 0 0 0 0 0 0 0 0 0 1 2 4 5 7 14 25 25 26 28 30 43 37 29 40 20 31 55 52 52 87 62 64 23 63 50 54 37 28 45 57 49 30 47 75 43 38 54 39 37 21 25 40 33 38 19 25 30 20 9 9
0 0 0 0 0 0 0 0 0 0 0 0 0 0 0 0 0 0 0 0 0 1 1 1 1 1 4 6 5 2 1 0 0 0 0 0 0 0 0 0 0 0 0 1 1 2 2 3 5 7 10 11 9 16 21 29 51 47 44 24 28 41 40 51 74 54 54 63 77 51 43 54 53 14 18 36 37 52 66 33 74 60 77 55 72 42 56 43 28 17 17 26 18 13 7 3
0 0 0 0 0 0 0 0 0 0 0 0 0 0 0 0 0 0 0 0 0 0 2 4 1 2 4 7 4 1 1 1 0 0 0 0 0 0 0 0 0 0 0 0 1 1 2 2 6 7 13 14 19 21 19 35 46 68 43 38 28 50 63 79 56 47 53 51 36 47 58 35 28 12 19 33 50 45 77 59 29 24 43 64 47 52 43 40 23 24 17 11 9 11 8 8
0 0 0 0 0 0 0 0 0 0 0 0 0 0 0 0 0 1 1 0 0 0 0 3 1 2 3 16 6 2 3 2 1 0 0 0 0 0 0 0 0 0 0 1 1 1 1 2 5 6 9 11 15 13 29 38 26 26 23 39 27 25 31 45 28 17 30 43 29 40 17 38 32 19 35 20 21 53 35 44 37 29 30 39 26 28 37 42 22 21 10 6 6 4 4 4
0 0 0 0 0 0 0 0 0 0 0 0 0 0 0 0 0 0 1 1 2 2 0 1 5 1 2 8 13 13 3 2 1 1 0 0 0 0 0 0 1 0 0 1 1 1 1 2 2 3 4 5 9 13 22 14 17 17 21 22 26 26 30 36 37 49 52 61 48 49 53 50 34 14 28 39 18 42 42 49 52 47 38 62 40 19 25 15 12 15 8 4 3 5 4 2
0 0 0 0 0 0 0 0 0 0 0 0 0 0 0 0 0 0 1 1 2 2 2 2 3 4 2 4 16 12 5 2 1 0 0 0 0 0 0 1 1 1 1 1 1 1 1 2 3 4 5 7 7 9 6 8 7 8 8 9 11 10 11 36 45 45 27 47 47 43 38 34 32 18 19 36 40 36 41 67 52 53 52 53 40 32 17 14 11 12 10 6 3 2 3 1
0 0 0 0 0 0 0 0 0 0 0 0 0 0 0 0 0 0 1 2 2 1 1 2 9 5 3 4 10 11 6 4 1 1 0 0 0 0 0 0 1 1 1 3 2 2 1 3 6 9 16 14 7 6 5 8 8 9 19 22 17 25 22 18 16 19 25 27 31 42 55 59 60 16 28 23 53 47 54 37 37 51 54 43 41 58 42 21 13 7 4 3 3 2 1 1
0 0 0 0 0 0 0 0 0 0 0 0 0 0 0 0 0 0 1 1 2 3 1 2 3 7 8 10 17 14 7 3 1 0 0 0 0 0 0 0 1 1 2 2 3 6 4 2 5 11 18 25 19 9 12 16 30 29 34 50 43 41 35 26 35 53 34 31 24 43 60 61 59 52 33 53 70 36 61 37 62 61 47 62 45 35 38 34 36 11 4 2 2 1 1 1
1 0 0 0 0 0 0 0 0 0 0 0 0 0 0 0 0 0 1 1 2 2 1 1 3 4 18 13 8 6 4 2 1 0 0 0 0 0 1 1 1 1 2 2 3 4 5 11 6 9 13 17 18 25 22 30 33 41 60 51 37 39 48 37 27 21 37 43 24 33 19 17 17 13 44 14 36 72 47 37 16 32 68 65 42 38 53 25 25 9 11 4 1 2 1 1
1 1 1 0 0 0 0 0 0 0 0 0 0 0 0 0 0 0 0 1 3 3 4 1 2 6 7 20 6 3 2 1 0 0 0 0 0 0 1 1 1 2 2 3 4 6 7 9 15 12 18 19 27 46 27 30 40 43 45 54 51 64 59 57 42 25 39 40 52 36 41 33 32 25 66 26 18 24 28 27 17 8 63 71 52 51 56 55 26 19 14 8 5 5 2 0
1 1 1 0 0 0 0 0 0 0 0 0 0 0 0 0 0 0 0 1 2 3 9 4 2 6 8 21 8 3 1 0 0 0 0 0 0 1 1 1 1 2 3 4 6 8 19 13 19 31 25 37 34 38 36 34 37 42 67 57 63 56 50 64 61 39 30 36 39 30 66 34 24 34 38 49 39 56 51 40 38 26 17 54 53 54 62 45 20 12 5 5 5 1 1 1
3 2 0 0 0 0 0 0 0 0 0 1 1 1 0 0 0 0 0 1 3 4 4 7 2 4 7 14 8 5 2 2 1 0 0 0 1 0 2 1 2 2 3 5 11 13 28 24 18 15 41 61 71 45 42 22 36 39 61 50 73 59 50 46 45 39 24 36 27 63 25 27 24 31 31 19 28 34 36 33 29 26 28 25 45 29 15 28 23 10 7 3 2 2 1 1
2 1 0 0 0 0 0 0 0 0 0 0 1 1 1 1 0 1 1 1 2 3 5 11 5 6 12 19 12 7 4 2 1 0 0 1 1 1 1 2 2 3 4 10 14 24 32 32 34 27 32 49 57 56 44 24 36 44 32 55 70 65 24 70 25 42 40 31 28 48 26 17 18 41 47 34 43 51 57 49 62 34 32 27 22 14 20 17 9 10 4 2 2 1 1 1
1 0 0 0 0 0 0 0 0 0 0 0 1 2 2 1 0 1 2 3 4 2 9 20 12 9 17 19 10 12 5 2 1 0 0 1 1 1 1 1 4 4 6 9 17 27 34 36 42 45 39 52 68 64 53 24 36 49 54 47 57 60 22 47 49 44 54 26 37 33 17 29 38 35 27 24 25 37 43 23 41 51 53 28 30 17 12 12 7 3 3 3 2 2 1 1
0 0 0 0 0 0 0 0 0 1 1 1 1 2 3 2 1 1 1 8 8 2 8 19 19 7 4 43 28 9 5 2 1 0 0 1 2 2 1 4 4 8 8 13 21 21 39 45 47 59 44 59 68 51 58 22 35 42 47 56 49 48 47 48 55 51 43 41 34 19 26 32 35 35 31 26 26 43 37 31 34 31 60 54 32 33 24 10 4 2 2 1 2 1 1 0
0 0 0 0 0 0 0 0 0 1 2 1 1 2 5 4 1 1 2 6 10 6 9 19 33 10 11 44 17 14 10 3 1 0 0 1 2 1 4 3 7 11 10 16 18 22 49 51 54 58 61 53 45 56 80 43 24 46 61 45 35 29 26 52 50 45 40 51 35 17 23 24 37 38 46 42 46 70 56 51 42 39 41 37 38 40 23 14 9 5 3 2 2 1 1 0
0 0 0 0 0 0 0 1 1 1 2 2 1 3 7 6 2 1 6 7 7 12 11 24 41 46 36 42 28 17 8 3 1 0 0 1 2 2 3 7 5 13 20 15 13 21 44 55 61 59 62 68 62 60 82 58 53 20 39 69 49 45 31 29 24 51 49 45 21 16 16 42 36 29 31 35 43 74 59 47 58 29 26 22 24 22 26 18 7 4 3 2 1 1 1 0
0 0 0 0 0 0 0 1 1 1 2 5 3 5 6 12 3 2 5 8 10 16 17 31 47 66 34 44 16 11 9 2 1 0 0 1 1 7 3 5 11 9 20 19 22 41 45 43 61 66 65 65 74 82 83 77 35 19 47 58 64 43 33 34 35 27 17 18 18 16 44 35 19 46 25 32 25 48 42 46 37 43 57 32 19 13 7 5 6 4 2 2 1 1 1 0
1 0 0 0 0 0 1 1 2 3 3 3 8 4 10 14 5 6 3 17 22 21 17 33 50 39 22 15 9 7 4 2 0 0 0 1 2 6 8 5 7 18 7 38 26 35 49 43 50 74 71 51 74 77 75 78 64 29 23 25 41 55 44 35 26 16 6 3 9 18 56 32 33 43 88 74 55 52 48 52 60 60 42 45 32 28 15 11 8 4 3 1 1 0 0 0
1 0 0 0 0 0 1 1 1 4 5 5 12 5 11 18 7 14 6 12 33 33 48 31 56 35 16 12 6 4 3 1 0 0 1 1 1 3 6 10 17 11 13 18 50 31 34 48 64 79 73 63 56 53 61 80 77 32 25 31 39 33 33 27 16 21 12 7 27 37 17 41 61 69 66 78 60 70 56 67 69 53 36 15 21 14 16 12 5 4 2 1 0 0 0 0
0 0 0 1 1 1 1 2 3 2 6 8 19 11 18 25 11 16 24 13 19 37 25 70 44 41 13 9 7 2 1 1 1 1 2 2 3 2 2 2 5 12 20 47 29 36 53 58 55 63 75 76 49 47 38 41 71 58 38 20 26 19 14 8 7 3 9 23 20 34 24 15 25 55 24 57 83 81 73 70 73 49 29 23 18 7 5 4 5 4 0 1 0 0 0 0
0 0 0 1 2 1 2 2 3 5 6 10 14 25 13 35 13 15 34 29 30 50 29 55 57 22 8 5 1 1 1 2 2 1 3 3 2 3 2 6 8 11 18 36 60 41 35 49 51 68 65 67 64 57 42 40 37 60 43 22 25 19 21 16 18 7 6 20 21 29 30 36 42 30 28 27 54 63 71 51 31 29 24 19 10 7 5 3 2 1 1 0 0 0 1 0
0 0 1 2 3 2 2 3 2 5 8 12 16 22 27 49 19 18 37 44 40 56 80 49 27 25 14 6 3 3 4 3 3 1 1 3 2 4 6 7 9 14 21 33 40 61 45 44 55 61 66 57 67 62 49 33 23 43 33 25 14 16 16 17 19 11 6 28 21 22 34 36 73 54 47 36 27 16 44 50 40 16 14 10 10 7 2 1 0 0 0 0 0 1 1 1
1 0 1 2 3 3 2 5 3 7 18 15 18 20 57 51 26 29 31 46 47 64 76 27 39 27 10 8 10 8 10 11 4 3 1 3 3 5 10 5 11 23 36 42 34 54 43 68 55 65 65 82 56 36 37 33 44 13 11 53 19 12 32 23 12 9 19 43 24 22 26 59 79 60 47 39 36 35 26 33 34 23 12 11 9 6 2 1 1 0 0 0 1 1 1 1
0 0 1 3 3 4 2 7 9 10 22 19 34 35 40 53 60 43 53 39 58 55 83 69 39 19 19 19 14 20 19 14 6 3 2 1 5 9 5 13 19 24 45 57 65 52 68 31 18 29 65 30 51 42 50 31 11 7 9 12 19 6 17 11 5 9 35 17 20 22 16 20 14 31 43 34 36 38 28 23 21 12 14 12 11 10 5 6 2 1 0 1 1 1 2 1
1 0 1 4 5 7 2 9 14 14 14 22 19 47 52 29 27 69 52 53 47 69 74 48 36 31 29 27 32 46 17 7 3 4 4 1 3 4 19 17 23 31 37 64 46 68 58 52 39 54 56 13 61 68 54 21 32 21 18 7 33 5 10 8 4 7 12 40 31 14 30 59 47 56 51 43 37 40 38 39 27 22 19 15 13 14 11 3 2 1 1 1 1 2 2 1
0 1 2 4 6 10 4 5 9 18 24 32 18 20 37 64 32 25 74 71 45 67 76 53 55 28 53 68 43 18 11 9 6 4 3 1 2 2 7 15 20 46 52 41 31 50 50 65 66 65 48 39 56 71 66 62 39 14 12 10 24 7 8 8 4 8 19 13 9 10 28 38 40 44 54 57 39 37 26 30 14 10 12 26 22 17 7 3 1 1 2 2 2 4 3 1
1 3 4 5 8 7 10 10 10 7 14 38 15 14 33 53 61 53 18 40 51 70 55 49 41 65 42 21 22 13 13 13 10 3 4 2 4 6 11 12 9 26 33 26 38 46 52 47 65 63 60 51 71 69 54 44 19 29 7 9 9 14 3 5 9 9 3 19 27 31 24 40 54 50 48 55 35 29 21 30 36 25 38 25 20 9 9 3 1 2 2 3 5 4 3 2
2 3 5 5 9 16 14 23 19 15 11 23 52 20 44 41 51 67 50 25 38 71 31 55 79 38 33 32 26 26 17 8 3 5 6 3 5 8 13 12 18 32 28 22 41 52 29 27 55 52 28 23 37 34 42 15 25 13 24 4 7 10 8 4 26 34 11 37 46 27 52 49 63 65 67 65 50 35 39 38 42 32 39 21 18 14 5 2 2 3 3 3 7 9 2 2
2 4 6 3 5 24 31 23 21 21 35 26 36 60 37 43 54 27 72 43 43 39 79 63 49 53 50 47 42 31 15 6 4 5 10 4 5 10 20 25 26 37 45 42 44 32 39 46 32 33 30 27 27 29 26 27 19 16 14 17 3 1 6 19 21 11 18 24 46 35 56 43 49 64 69 53 43 52 41 41 46 41 25 26 16 6 2 2 4 4 6 6 9 8 3 2
4 8 7 5 7 18 20 37 42 24 37 43 44 50 65 42 59 35 30 59 32 36 72 71 64 53 47 48 41 20 17 13 9 3 6 2 4 7 14 30 39 44 30 45 40 49 40 39 44 49 37 25 27 30 33 28 14 10 10 14 6 3 8 4 6 25 27 31 18 30 46 44 54 44 51 72 44 42 24 21 23 23 34 24 12 6 4 3 4 5 7 6 20 6 4 4
4 6 11 7 11 12 23 24 30 40 54 49 47 52 73 70 37 30 38 34 65 68 74 62 66 68 61 55 44 30 20 15 11 5 11 3 3 9 16 28 38 56 52 53 53 52 48 61 39 41 40 31 21 27 24 33 25 9 3 3 4 5 5 5 8 4 3 3 7 40 28 34 49 48 49 39 30 14 12 31 43 38 14 22 24 12 5 7 6 9 7 7 23 6 5 5
5 11 16 17 19 14 17 33 38 42 62 62 63 54 66 69 52 52 41 44 40 69 69 67 49 60 55 52 33 40 28 18 13 10 15 2 10 14 19 22 15 50 59 59 52 59 62 50 42 58 59 54 20 25 33 26 12 10 4 1 2 4 10 5 5 8 15 20 18 22 24 27 29 28 45 19 22 25 18 54 44 20 28 25 21 23 11 15 12 7 7 4 15 8 7 5
6 11 29 18 23 24 23 36 45 48 48 64 61 57 76 55 60 67 52 42 42 60 56 51 48 56 56 50 44 29 26 22 27 19 5 1 9 24 30 37 32 50 64 53 53 59 47 36 49 70 60 53 49 30 33 20 14 12 5 5 4 3 7 4 11 17 37 37 24 33 32 40 31 21 19 26 42 51 31 50 45 40 30 25 18 18 22 19 8 9 8 3 9 16 2 3
9 7 25 36 27 29 25 43 51 51 48 51 65 72 71 67 57 71 53 36 46 80 58 72 52 57 61 61 47 34 38 33 23 14 7 4 5 17 40 59 54 57 50 66 52 56 47 38 48 36 30 29 39 43 19 11 10 8 5 7 7 3 4 8 16 23 30 28 38 19 33 22 14 18 21 53 44 55 60 20 38 35 39 37 23 19 37 23 11 12 7 7 13 10 4 6
10 10 21 45 45 31 38 49 48 52 57 47 61 71 71 59 55 43 55 36 46 67 64 75 60 55 52 48 50 36 50 30 21 14 14 8 11 20 35 48 70 72 68 54 65 38 38 52 39 27 26 31 29 26 56 21 7 8 6 7 5 5 7 5 7 9 29 37 21 13 14 22 23 38 34 58 55 59 41 48 40 24 45 33 26 31 32 18 22 10 6 8 23 8 5 9
18 39 33 36 49 36 32 51 53 50 62 49 28 38 74 76 69 51 45 62 44 79 80 50 59 65 41 45 39 49 40 35 28 10 12 8 11 32 34 44 44 60 57 69 58 57 33 52 56 28 40 45 38 38 32 14 13 5 7 3 2 5 6 8 11 12 36 10 17 6 20 36 56 29 40 60 39 41 56 46 14 21 43 44 47 36 23 14 21 15 8 11 21 17 12 12
21 26 49 52 51 38 38 53 51 49 50 58 49 50 55 71 64 31 40 65 41 77 63 65 62 46 26 48 39 47 54 41 37 19 14 9 14 34 36 51 67 54 40 65 39 52 49 36 50 47 61 51 47 32 25 12 12 4 4 6 2 4 14 10 4 24 12 10 32 28 49 38 34 50 42 27 43 64 34 17 14 41 59 45 42 43 21 17 14 13 20 13 11 30 16 14
35 43 46 56 55 45 53 51 54 51 34 52 51 61 57 61 62 64 71 75 68 71 57 60 52 60 51 51 60 37 53 56 37 27 29 10 15 34 58 53 60 56 57 56 52 43 55 23 41 41 50 43 37 23 23 16 19 8 5 3 3 6 2 7 6 15 12 24 27 25 22 38 59 69 42 35 64 51 46 33 33 41 17 22 42 45 23 18 15 24 24 15 11 51 20 27
38 43 41 46 17 37 63 44 57 58 47 46 59 63 52 62 49 72 66 76 68 61 70 51 48 58 73 68 40 53 45 51 47 27 23 10 14 40 42 54 54 46 65 61 60 42 26 64 36 67 38 39 24 37 20 28 10 11 7 2 2 7 13 15 3 8 14 30 36 21 19 45 73 63 37 61 53 34 39 78 64 27 32 48 31 25 27 13 16 24 25 17 26 58 43 36
39 31 18 11 10 19 63 45 30 36 46 34 38 58 74 70 38 38 70 59 68 64 70 68 30 56 73 49 44 51 37 59 56 48 21 4 11 31 39 57 49 48 55 65 69 60 31 23 9 11 46 48 17 30 22 32 17 9 4 2 3 9 6 17 11 10 14 13 32 23 29 60 66 36 44 64 55 12 52 50 35 51 64 51 35 29 24 9 28 27 28 21 39 77 50 29
41 45 33 34 34 27 38 61 23 28 24 47 40 48 69 60 72 38 51 70 67 75 76 76 57 35 57 62 55 37 63 50 51 39 21 9 9 19 41 61 30 50 68 66 62 44 40 38 34 31 26 28 43 19 7 6 6 4 5 1 3 4 2 5 8 6 11 6 11 16 47 40 46 57 38 38 24 25 43 36 40 60 58 38 27 12 9 9 22 29 30 25 48 62 49 18
58 43 48 46 32 37 33 35 43 41 34 65 44 48 42 49 67 70 65 78 78 68 74 58 27 42 54 47 45 52 63 55 31 31 35 17 14 11 29 42 14 30 38 37 41 34 33 26 63 52 34 27 21 12 11 6 4 16 1 1 0 3 4 4 11 14 7 5 25 35 15 29 17 35 32 31 12 54 44 64 42 39 27 27 27 16 12 21 24 34 33 42 47 64 21 18
39 40 47 42 47 33 27 46 64 64 29 29 56 54 28 29 25 44 71 70 41 39 44 46 54 18 51 59 36 67 51 48 46 32 39 18 26 10 22 43 49 23 33 39 23 30 14 8 17 29 16 48 40 22 9 1 1 0 1 1 1 2 2 5 8 13 5 21 24 14 20 21 29 30 13 23 48 59 69 38 37 37 40 46 28 15 13 26 36 37 38 28 59 66 53 20
39 59 47 48 48 48 36 50 65 51 51 34 25 43 53 32 51 40 28 59 38 51 62 58 47 37 53 36 37 65 54 56 39 20 34 19 22 17 9 27 34 57 48 32 27 35 34 16 24 34 40 39 19 18 13 7 4 2 2 1 1 1 3 4 5 4 11 24 32 31 20 23 16 10 39 44 37 52 52 35 30 36 42 32 25 22 16 33 41 29 41 37 23 42 57 27
47 46 45 39 48 63 36 48 52 58 50 43 53 37 22 53 50 36 40 57 65 26 24 38 35 58 52 67 39 42 58 45 33 51 29 15 21 30 13 32 43 56 63 27 30 51 32 13 27 34 16 27 14 16 15 5 5 4 2 2 1 1 0 3 4 7 15 6 7 7 17 10 32 48 26 30 29 29 30 26 18 28 31 36 32 19 17 27 47 30 44 34 37 35 45 31
42 42 62 46 56 63 27 42 55 61 56 47 53 51 64 46 66 77 51 56 59 29 40 43 49 71 63 74 45 47 49 49 56 28 22 15 16 45 19 20 36 49 35 38 44 47 11 8 56 76 23 27 22 8 6 5 11 4 1 1 1 1 1 2 3 3 3 7 17 21 29 33 16 25 18 12 15 34 26 23 34 51 30 28 33 17 29 31 48 29 35 12 5 16 43 63
43 49 61 59 52 47 28 41 57 62 59 46 36 36 56 67 47 38 54 51 38 22 39 32 59 57 76 56 54 68 64 56 36 33 15 5 6 47 20 19 22 35 33 32 38 36 2 17 29 33 43 29 20 4 3 2 1 1 1 1 0 1 0 0 1 1 2 7 24 43 47 44 24 15 11 18 54 45 29 31 45 36 35 47 13 19 34 39 32 22 10 9 22 27 27 46
49 31 35 60 50 58 47 21 53 55 62 47 50 34 48 39 60 32 30 34 23 41 39 41 38 62 51 65 68 78 58 61 46 42 31 4 25 44 17 21 30 16 29 32 30 25 6 17 16 20 26 18 21 17 12 3 2 2 2 2 1 4 0 0 0 2 7 26 12 16 28 15 10 14 26 38 45 30 24 56 48 41 45 20 19 37 58 27 10 8 15 30 22 58 42 49
45 15 39 55 63 55 56 36 25 44 55 35 44 42 52 57 43 36 41 37 12 41 78 50 46 47 33 44 51 57 59 59 39 24 27 14 28 21 29 23 37 32 28 34 40 30 20 14 12 16 15 25 12 14 8 4 2 2 2 4 1 2 1 1 1 9 4 9 12 8 23 28 18 36 33 40 44 43 40 57 45 29 20 13 37 50 15 7 9 19 22 42 50 49 53 40
40 21 23 17 48 55 64 41 9 27 47 32 43 34 69 57 41 14 25 34 19 47 56 41 41 19 49 58 58 53 58 44 46 39 23 20 22 18 23 17 7 28 24 40 34 36 43 53 39 35 22 39 19 7 4 1 3 1 2 3 3 1 0 1 7 8 2 6 5 7 14 36 40 57 27 24 52 54 39 33 21 34 10 29 35 14 4 17 22 32 36 37 43 57 57 43
51 35 43 14 47 62 59 38 12 9 10 38 48 32 36 49 26 38 34 43 37 18 39 50 34 30 55 61 54 46 39 34 46 38 33 34 37 12 29 22 10 13 20 27 37 24 19 15 15 13 11 20 7 4 5 16 9 3 2 1 1 0 1 4 3 3 3 3 9 4 12 33 41 42 34 35 58 53 48 38 23 15 28 30 18 6 14 33 32 30 38 34 45 46 47 47
62 30 45 15 22 52 39 20 14 13 16 18 29 57 45 44 31 28 23 37 28 36 56 36 37 52 34 51 55 49 34 44 33 22 38 36 25 22 19 31 21 13 18 20 25 22 36 21 17 25 34 22 8 7 1 8 6 3 2 3 2 3 1 2 3 1 2 4 5 7 13 26 37 40 32 31 31 33 56 22 15 16 26 10 12 32 34 34 33 34 34 27 22 18 31 49
49 30 44 23 17 51 40 44 33 31 20 22 33 46 51 56 59 42 25 27 21 24 33 43 58 48 62 67 55 35 39 41 25 21 57 37 24 26 20 9 10 16 17 29 26 27 36 22 30 22 27 12 22 8 2 4 21 6 2 2 3 0 0 0 1 3 1 4 7 7 10 22 37 40 36 16 28 48 40 42 37 19 8 14 18 22 22 44 42 30 39 28 26 17 23 10
39 31 46 35 26 31 21 46 25 24 27 21 34 30 24 40 35 32 28 28 40 17 23 61 53 59 51 42 47 41 41 39 38 25 46 35 33 22 38 14 29 31 12 16 30 39 43 29 35 36 20 10 20 6 5 8 10 3 3 2 2 0 1 1 4 3 8 10 3 3 15 17 13 24 27 19 41 59 73 38 22 12 5 15 11 45 36 29 35 40 59 51 26 22 26 11
53 31 45 33 22 20 13 35 44 30 30 30 26 29 24 39 27 27 14 14 28 13 31 46 55 38 48 53 44 40 36 39 32 42 46 35 46 62 24 17 19 19 23 17 40 24 32 36 24 24 31 23 10 7 11 9 16 3 3 2 1 1 0 1 1 2 14 12 4 5 9 11 28 36 16 56 54 45 38 38 16 5 12 27 24 29 41 24 37 49 45 49 21 18 22 10
52 33 60 37 17 19 30 21 53 27 44 41 23 16 23 18 17 22 19 14 5 32 27 24 31 31 53 42 30 38 39 19 32 47 26 58 30 61 39 18 35 17 34 23 36 42 34 34 20 32 28 14 9 14 11 10 5 4 2 3 2 1 1 0 1 3 7 6 6 11 7 6 19 23 56 46 26 32 30 37 21 13 16 32 50 32 36 45 47 36 38 28 22 16 19 9
48 32 63 38 15 13 59 35 34 27 30 40 22 29 23 21 21 26 21 13 5 10 5 8 18 21 55 57 51 34 21 18 32 53 41 24 41 39 35 19 32 9 28 11 24 36 44 36 23 33 21 26 10 10 18 12 10 4 3 5 1 0 0 1 1 1 2 8 16 8 7 17 34 51 42 20 20 57 37 24 21 15 31 20 45 46 29 39 39 34 30 18 42 19 14 6
60 29 51 23 14 21 34 34 27 54 50 32 31 21 22 21 31 25 18 17 3 7 9 26 36 42 42 41 40 29 16 19 49 36 42 33 56 30 23 21 32 10 28 20 22 30 54 34 23 33 31 26 10 4 14 11 6 2 3 2 2 1 0 1 1 1 2 6 5 7 9 19 23 20 23 20 24 44 29 8 9 20 40 39 42 39 15 29 53 47 26 16 35 9 13 10
61 33 50 23 14 22 23 57 31 51 65 53 25 16 14 25 40 24 5 10 2 10 10 23 15 21 18 37 19 15 29 21 69 46 48 45 45 22 16 41 21 16 17 47 49 33 34 31 42 32 23 20 17 11 11 5 9 4 3 1 1 0 1 1 1 1 1 2 7 6 8 7 16 14 32 27 39 41 37 11 8 35 41 42 38 37 14 24 39 37 15 15 14 17 18 16
73 61 19 36 17 18 38 55 37 31 50 43 54 12 29 51 27 23 12 9 6 5 9 8 10 15 42 21 30 27 28 41 10 24 13 31 25 17 10 40 17 14 4 21 68 36 25 38 39 27 24 18 14 8 17 17 11 7 2 1 1 1 1 0 1 1 1 3 8 3 10 12 20 16 30 43 22 39 31 17 15 42 30 25 32 22 27 27 19 25 34 17 13 25 19 13
58 25 21 32 18 16 54 50 53 25 17 32 57 8 17 14 11 19 9 13 2 2 10 20 24 21 18 33 32 19 48 20 33 20 37 31 21 25 14 29 13 26 12 16 46 53 33 32 39 36 27 23 12 13 8 5 7 3 2 2 1 0 1 0 1 1 1 3 5 8 19 30 35 29 40 58 9 48 26 23 23 23 30 16 21 16 31 42 25 16 28 18 14 15 19 15
56 28 12 35 27 26 41 10 29 46 11 19 45 25 7 13 13 11 6 7 6 12 32 14 17 16 26 45 26 32 25 35 48 64 42 29 52 21 30 36 15 15 17 22 33 36 26 57 32 26 19 21 23 14 3 4 7 5 3 2 1 1 1 0 0 1 1 2 3 7 13 18 35 49 35 13 26 46 37 15 13 20 37 14 24 30 34 21 30 20 11 22 24 16 9 12
57 12 24 35 21 22 31 7 8 9 23 42 17 27 9 11 6 5 3 7 7 5 6 14 12 14 15 26 29 37 20 30 47 29 19 47 22 14 43 21 28 34 26 26 32 34 27 25 36 14 11 8 18 18 6 4 3 2 2 2 1 1 0 0 0 1 2 3 4 10 10 23 29 16 29 22 34 23 14 7 10 33 29 31 19 24 27 21 16 23 21 12 10 19 5 6
62 13 21 39 19 40 34 17 6 9 22 35 45 35 10 7 10 11 9 2 3 3 10 20 9 6 19 44 24 20 15 44 17 28 54 11 17 22 34 17 32 29 22 45 45 48 37 20 23 21 10 10 17 16 11 6 3 1 1 0 1 2 0 0 0 1 2 4 4 12 15 36 29 19 5 22 41 11 14 13 17 25 33 28 16 23 18 18 8 26 14 30 12 5 3 2
41 17 21 46 14 33 46 29 13 12 9 27 16 23 24 5 6 5 4 8 6 4 5 5 2 8 28 34 37 10 47 10 13 43 33 16 27 32 43 27 8 40 36 43 58 44 31 11 16 35 23 7 4 6 9 9 2 2 1 0 0 1 1 1 1 6 15 5 3 5 23 37 27 15 7 30 28 19 15 12 15 22 25 26 24 15 7 20 12 22 16 6 17 4 4 7
