sesion_6_simulaciones/modelos_agentes/ejemplos_netlogo/scenarios/cgcm2_b2/rob_2071.asc
NCOLS 322 
NROWS 307 
XLLCORNER 451900 
YLLCORNER 4086900 
CELLSIZE 100 
NODATA_value -9999 
[rows 0 to 72 of 307, columns 192 to 287 of 322]
43 40 22 13 35 60 34 16 16 20 23 9 6 5 8 5 4 3 5 5 4 4 3 3 5 8 4 9 10 26 7 2 2 0 0 0 1 1 1 3 4 1 2 8 12 15 12 23 39 45 29 33 39 48 45 58 46 83 48 41 8 11 17 42 54 38 55 50 25 37 20 11 15 20 38 22 18 36 57 26 14 17 16 19 17 13 31 27 25 28 10 22 33 61 20 6
51 29 36 33 41 60 20 30 43 27 19 14 21 19 11 9 12 3 5 7 8 4 2 2 2 9 3 4 3 5 22 9 1 1 0 0 0 1 2 1 3 1 1 2 4 6 13 13 30 71 81 64 44 45 46 45 69 69 68 19 24 13 45 39 50 45 53 38 43 18 6 23 11 20 50 24 53 38 33 35 26 33 35 21 16 8 21 30 31 28 16 28 24 30 16 12
29 54 35 34 60 50 36 18 11 27 27 28 40 42 23 35 22 17 27 23 18 7 5 2 1 1 1 0 1 1 2 9 6 1 1 1 0 0 1 0 0 0 3 8 8 15 18 23 31 52 59 53 62 51 66 75 41 37 46 24 23 29 39 28 32 60 29 26 20 26 14 15 13 20 61 23 61 49 25 42 28 24 31 32 17 5 14 17 31 22 16 43 23 40 13 3
39 39 64 56 45 36 33 33 34 55 32 49 64 51 43 58 42 20 32 44 29 23 15 6 4 2 0 1 1 0 1 1 1 1 1 1 1 0 0 0 1 3 1 2 4 19 18 23 10 21 17 20 32 61 50 57 53 21 29 35 39 20 23 42 29 57 44 38 53 20 30 25 8 8 42 23 31 26 34 40 30 29 31 34 18 6 12 27 40 17 29 26 23 38 10 2
29 23 44 14 52 59 53 40 54 49 48 35 41 34 43 62 46 51 53 54 48 23 16 16 7 10 4 7 5 1 0 0 1 0 0 1 0 0 0 0 1 1 2 4 3 6 7 12 38 55 61 51 47 42 65 70 32 28 10 12 36 34 26 41 41 56 36 25 16 11 8 8 11 7 22 21 18 32 57 64 54 21 20 42 37 27 3 23 26 36 32 19 33 48 16 3
31 25 43 36 24 31 55 28 53 44 32 40 16 40 50 53 55 54 22 17 35 20 13 20 17 14 7 11 7 2 2 1 0 0 0 0 0 0 0 0 1 1 3 6 16 32 40 51 48 33 39 41 46 64 81 59 37 29 9 46 65 63 56 55 43 64 26 33 39 31 40 28 23 18 13 18 27 25 36 28 41 63 46 34 38 27 9 17 23 27 13 18 29 29 19 5
23 13 15 35 24 19 53 21 15 30 38 64 38 21 38 51 45 47 26 10 12 28 35 40 18 15 15 11 9 7 5 3 3 2 1 0 1 1 0 0 0 1 4 7 24 16 24 31 53 41 44 80 44 70 74 44 30 32 17 36 51 59 57 59 67 59 51 45 44 18 28 27 21 31 26 14 6 19 39 43 32 57 37 19 11 36 13 11 14 13 14 27 43 53 14 12
17 13 13 17 38 29 45 55 18 9 18 26 44 15 6 19 12 22 27 14 10 18 10 15 17 14 15 9 14 11 9 8 6 6 5 2 3 1 0 0 1 3 7 12 21 26 28 51 74 71 70 47 60 59 66 37 23 10 18 24 33 29 28 23 23 53 33 26 47 27 25 19 24 30 30 19 6 27 48 25 51 65 45 19 11 30 22 11 12 25 26 29 54 34 19 14
31 25 22 13 22 19 32 58 59 27 13 12 24 33 17 13 7 21 28 19 15 24 6 11 28 18 14 14 13 22 18 15 16 12 6 5 2 1 0 0 1 3 7 10 31 30 23 38 47 64 50 33 74 56 52 23 11 46 66 51 62 52 60 45 51 77 45 34 15 16 23 20 23 24 19 11 7 15 19 33 46 58 46 29 13 14 15 9 9 30 24 34 29 39 18 27
22 24 24 14 12 7 27 26 53 42 31 18 16 19 23 10 9 7 22 21 17 26 8 8 15 16 12 10 6 12 2 6 12 11 8 3 1 1 0 1 1 1 5 9 18 8 9 41 26 21 21 78 53 55 32 16 28 56 62 74 56 83 70 42 61 33 56 47 43 18 19 29 27 14 11 8 6 11 39 21 13 45 48 44 24 11 19 6 9 12 15 41 27 38 22 52
28 25 26 25 12 7 4 5 9 25 16 11 9 22 13 9 11 2 5 15 11 24 26 6 6 7 23 9 3 8 12 2 1 1 2 5 2 1 1 1 1 2 7 14 4 14 20 24 7 12 54 58 29 41 18 11 28 45 42 58 79 80 47 30 33 48 58 57 63 45 56 37 32 27 16 12 5 5 13 26 28 52 67 43 46 17 10 14 4 13 36 16 24 19 19 61
51 34 18 21 21 19 13 7 6 6 6 5 9 9 8 6 4 9 5 5 14 17 14 7 1 4 16 10 3 3 11 11 1 1 1 1 3 1 0 1 4 6 7 3 2 2 11 3 7 33 62 43 23 17 8 34 37 33 41 77 64 58 15 26 40 43 67 62 53 60 45 36 42 43 38 26 9 6 20 23 24 71 48 58 40 32 12 7 5 20 21 12 31 11 35 68
59 43 41 55 46 43 37 20 34 21 16 9 4 3 3 3 3 13 10 4 3 6 6 6 1 4 6 5 3 1 1 5 1 0 0 0 1 2 0 1 3 4 3 6 6 5 19 3 12 43 35 13 3 16 41 54 56 62 83 71 20 27 30 21 22 23 37 38 61 40 21 33 53 55 51 27 10 3 18 29 55 61 25 36 52 32 17 4 6 19 16 12 35 11 28 40
70 66 62 66 62 57 44 39 36 35 33 29 11 8 5 3 2 1 1 1 2 2 1 2 2 3 3 3 1 1 1 2 2 1 0 0 1 1 1 1 1 2 2 1 1 9 4 3 16 12 7 2 6 18 30 40 66 61 53 13 47 63 56 44 46 25 22 21 55 44 58 68 48 33 29 29 14 5 10 22 54 25 18 37 65 36 25 10 4 7 8 10 19 10 23 19
27 65 69 68 60 63 41 49 25 25 40 26 20 19 17 13 9 4 1 1 1 1 0 1 2 2 1 1 0 0 1 1 1 1 0 0 1 2 2 1 1 1 2 1 1 1 1 3 4 4 1 3 7 11 25 41 41 12 36 50 62 57 59 79 83 72 64 46 48 59 64 52 59 44 24 17 9 5 11 22 30 15 9 48 64 65 40 38 15 3 5 9 9 9 30 24
40 57 67 49 55 75 60 34 53 39 27 36 30 34 35 18 13 4 3 2 1 1 0 0 1 1 0 0 0 0 0 1 2 2 1 0 1 1 1 1 1 1 1 1 0 0 2 4 2 1 5 4 5 9 16 24 11 41 45 47 59 71 81 71 66 75 41 33 66 19 50 78 54 41 45 44 40 19 8 22 26 13 5 12 32 59 17 11 13 13 3 11 6 8 30 24
67 19 68 50 43 68 74 75 43 23 35 31 46 39 30 21 19 13 8 6 5 4 1 1 0 0 1 1 1 1 0 0 0 1 1 1 1 1 1 1 1 1 1 0 0 0 0 1 2 8 6 16 14 10 8 27 41 42 46 46 67 58 77 67 69 45 32 60 45 37 38 21 56 34 59 63 63 40 26 8 39 22 15 3 11 34 42 12 4 5 2 3 6 13 9 9
44 14 52 33 49 58 62 43 69 75 45 54 56 20 18 16 24 20 13 9 8 6 4 2 1 2 3 2 2 1 0 0 0 0 0 1 1 1 1 1 1 1 0 0 0 1 1 4 6 7 10 26 24 29 12 28 32 60 59 58 75 60 56 50 33 32 49 62 49 32 19 20 50 54 62 59 64 63 41 12 8 18 18 11 4 12 25 16 11 2 5 0 6 9 4 4
28 32 33 35 23 49 56 33 35 71 39 61 74 44 29 20 30 44 38 24 18 8 3 2 4 2 5 4 7 2 2 2 1 1 0 0 0 0 0 0 0 0 0 0 1 2 5 6 6 8 18 31 27 21 33 39 47 46 33 48 65 33 18 12 31 34 30 79 64 23 25 16 53 50 16 33 71 58 60 40 10 6 29 16 9 3 12 16 15 6 1 1 7 4 1 1
32 13 19 29 18 27 61 24 19 44 52 67 66 48 51 44 11 19 23 33 14 11 9 7 7 6 6 9 8 6 4 3 2 2 1 1 0 0 0 0 0 0 0 1 4 4 5 10 5 14 27 22 37 37 44 47 16 12 27 45 72 30 14 39 53 47 60 67 49 39 25 11 20 54 44 15 34 44 53 50 37 8 8 18 12 4 2 8 17 11 1 1 5 1 4 9
52 20 20 19 6 14 42 21 29 22 42 29 46 20 28 33 8 6 17 35 19 25 12 5 17 13 7 5 6 4 3 1 2 2 2 1 1 0 0 0 0 0 1 3 5 6 3 3 12 30 20 28 47 58 70 66 44 33 47 48 49 19 20 53 53 47 47 21 46 48 32 9 12 24 59 32 13 19 64 39 30 10 3 8 10 3 4 11 7 7 1 1 1 2 9 25
26 6 25 21 6 4 15 38 7 15 46 37 43 22 17 9 10 2 6 31 27 17 11 9 5 5 2 1 2 2 2 2 1 1 3 2 1 1 0 0 0 1 2 3 2 5 5 10 13 14 12 20 33 69 76 79 77 67 51 43 28 14 34 44 63 56 48 27 24 44 20 9 12 18 53 34 15 15 24 45 30 19 7 4 11 4 5 8 5 2 2 8 3 6 23 33
38 7 31 37 10 6 9 21 6 5 40 24 15 8 4 10 10 7 2 5 6 15 31 28 10 2 7 3 1 1 1 1 1 1 1 2 1 0 0 0 0 1 3 4 1 2 1 3 3 4 4 15 33 30 48 69 57 42 22 67 33 16 36 45 43 51 72 43 36 16 10 10 25 41 67 33 14 18 28 55 30 11 6 2 5 8 5 7 3 1 5 28 13 14 14 30
26 17 13 31 4 8 11 19 12 4 4 4 5 15 5 3 10 10 3 5 6 6 17 12 10 3 5 5 2 1 1 1 1 1 1 1 1 0 0 0 0 0 0 1 1 1 1 2 5 6 5 13 15 23 27 21 15 34 57 38 14 27 41 37 54 72 49 38 38 24 10 15 26 44 49 24 20 15 26 48 34 33 13 3 2 4 5 7 1 2 7 7 20 36 19 26
7 6 10 10 5 2 13 20 6 2 5 3 3 6 10 4 6 7 6 2 2 3 5 4 3 2 3 6 4 1 1 0 0 0 0 0 0 1 0 0 0 0 1 1 2 4 5 6 5 8 14 9 7 5 5 14 34 37 64 28 12 40 34 31 57 78 44 51 46 24 16 15 26 57 39 22 26 14 19 33 30 29 23 11 3 1 5 3 1 11 15 16 18 18 60 26
2 3 2 7 3 1 14 16 5 2 1 3 2 1 6 6 3 2 3 3 1 1 2 2 2 2 1 3 8 1 1 0 0 0 0 0 0 0 1 0 0 0 0 1 2 2 5 2 3 8 10 24 18 36 27 32 32 50 51 10 21 34 27 21 47 61 38 41 35 27 13 13 27 58 24 33 27 10 8 14 16 24 15 5 5 1 1 3 9 25 31 33 45 29 22 52
1 2 1 1 1 4 7 6 2 1 0 1 1 1 1 2 3 2 2 3 1 1 1 1 1 1 1 1 1 2 1 0 0 0 0 0 0 0 0 0 0 0 0 1 1 1 1 2 5 6 16 20 21 33 48 63 63 72 37 10 24 31 23 31 70 62 19 37 38 24 14 8 21 54 24 19 16 14 3 6 15 24 7 4 1 1 2 10 24 23 32 32 39 52 67 41
1 1 0 0 0 0 0 1 1 0 0 0 0 0 0 0 1 0 1 2 1 1 1 0 0 0 1 1 1 1 1 1 1 0 0 0 0 0 0 0 0 0 0 0 1 1 2 3 3 14 11 16 24 32 46 72 55 45 9 27 36 26 47 58 80 44 47 24 22 22 20 11 30 54 32 19 16 14 3 5 13 20 11 12 4 1 2 8 10 8 10 10 11 17 39 43
0 0 0 0 0 0 0 0 0 0 0 0 0 0 0 0 0 0 0 0 0 0 0 0 0 0 1 1 1 0 0 0 0 0 0 0 0 0 0 0 0 0 1 1 2 2 5 14 4 11 8 11 18 19 57 44 23 6 22 35 35 33 56 79 50 28 39 20 18 19 16 9 17 48 62 31 18 9 4 4 12 23 16 8 3 0 2 3 3 9 13 23 28 25 25 41
1 1 1 2 1 0 0 0 0 1 1 1 1 1 2 1 1 1 0 0 0 0 0 0 0 0 0 0 0 0 0 0 0 0 0 0 0 0 0 0 0 1 2 2 2 5 7 5 14 10 9 10 21 24 56 14 8 15 30 36 33 34 55 77 35 24 22 33 15 6 6 8 29 48 23 45 24 8 3 2 15 13 16 7 2 1 3 8 15 29 17 34 44 41 37 17
1 2 2 3 2 1 1 2 1 3 3 3 3 4 4 3 3 2 1 1 0 0 0 0 0 0 0 0 0 0 0 0 0 0 0 0 0 0 0 0 1 2 2 4 6 9 10 8 14 32 34 33 21 34 17 7 3 23 25 33 18 34 54 64 40 16 22 30 20 11 3 7 38 18 12 50 35 13 4 2 7 6 13 6 1 2 6 8 10 18 22 21 15 16 22 43
4 4 4 4 2 1 1 4 4 4 4 5 8 5 7 7 4 3 2 2 1 2 2 1 0 0 0 0 0 0 0 0 0 0 0 0 0 0 0 1 2 2 2 3 6 9 13 28 22 25 15 47 32 18 18 14 6 19 29 44 44 37 61 27 13 31 34 15 27 9 3 7 15 16 9 47 18 12 4 2 6 6 6 4 1 3 14 24 30 24 20 11 22 25 25 34
11 10 6 9 5 2 2 3 3 5 12 11 11 14 12 6 5 4 3 3 3 3 2 2 1 1 0 0 0 0 0 1 0 0 0 0 0 0 0 1 2 2 2 4 9 11 20 28 22 22 14 8 20 18 21 4 12 21 19 32 30 43 43 49 45 24 17 12 32 21 7 5 15 10 20 48 15 10 6 2 2 4 4 2 3 8 16 40 46 44 46 29 36 46 39 63
16 16 16 9 7 6 3 7 11 13 18 16 18 11 14 10 7 7 5 8 6 5 3 2 2 3 1 1 0 1 2 1 0 0 0 0 0 0 0 1 1 1 2 3 7 16 8 4 27 23 13 7 16 20 3 3 9 13 16 34 45 54 57 29 19 18 24 18 14 17 9 5 13 10 15 25 19 17 6 2 1 3 1 1 5 8 11 15 11 13 17 29 45 46 73 70
23 23 25 20 18 5 4 9 16 23 24 23 24 21 18 19 12 19 12 10 4 2 2 2 3 2 1 1 1 2 1 0 0 0 0 0 0 0 0 1 1 2 5 4 2 4 4 10 8 12 10 3 8 2 4 2 4 8 11 27 45 58 37 53 30 16 14 12 10 16 15 4 5 8 14 17 17 8 4 2 1 1 2 3 9 4 7 12 30 38 40 33 22 68 44 55
38 51 34 11 18 7 12 14 34 29 26 29 29 46 42 26 25 20 10 15 6 4 2 6 5 2 2 2 6 1 0 0 0 0 0 0 0 0 0 1 2 3 5 1 3 4 4 8 6 6 4 2 4 1 3 2 6 16 22 39 30 28 42 55 19 9 7 7 12 11 8 4 3 7 6 17 15 9 5 1 1 1 2 7 18 20 19 19 27 26 25 47 50 62 37 19
58 68 34 29 36 15 11 38 38 52 23 38 46 40 57 36 17 9 20 14 10 6 2 9 2 2 3 5 1 0 1 1 1 1 0 0 0 0 0 0 1 2 1 1 1 5 16 12 7 4 3 2 2 2 5 9 14 11 8 12 20 31 36 53 26 12 12 8 6 4 5 4 2 4 9 7 6 10 4 1 1 3 9 7 15 35 39 45 44 46 27 37 34 36 39 15
47 67 33 33 45 20 19 55 50 56 19 40 63 47 61 30 24 23 30 27 14 5 5 3 3 5 11 1 1 1 1 1 1 1 1 0 0 0 0 0 0 0 0 1 3 10 11 5 12 3 2 1 4 4 6 5 4 2 11 15 15 40 43 36 16 46 45 27 15 12 5 4 2 3 4 3 4 5 2 0 1 6 16 30 27 36 50 45 41 38 41 47 16 5 30 19
66 40 40 34 47 22 25 57 74 53 15 51 72 62 63 58 33 44 56 33 15 6 12 5 10 10 1 1 2 2 1 1 2 1 1 1 1 1 1 0 0 0 0 2 11 4 9 2 2 5 1 2 6 5 7 6 5 10 34 44 39 36 66 33 44 26 33 31 12 6 5 4 2 1 2 3 2 3 1 0 2 5 7 19 22 12 21 10 9 13 9 60 40 17 12 7
84 69 44 35 43 24 39 58 84 42 25 43 69 70 71 41 34 75 36 7 9 23 19 12 14 4 3 3 5 4 2 2 3 2 1 1 1 2 1 1 0 0 0 0 3 2 2 1 0 0 0 2 3 9 7 17 21 25 21 34 50 51 31 46 36 34 11 20 35 10 4 2 1 1 1 2 1 2 1 1 3 6 8 11 10 5 8 17 28 48 63 79 51 16 10 4
77 76 46 49 53 31 41 65 77 49 30 50 85 84 50 60 40 37 12 9 16 45 49 27 15 11 6 5 6 4 3 7 4 1 1 2 1 2 2 1 1 0 0 0 0 0 0 0 1 2 3 4 9 12 14 24 19 18 39 61 61 59 41 49 9 59 42 8 6 25 22 11 5 2 0 1 1 0 0 1 2 3 3 7 6 8 29 33 32 27 36 61 28 13 9 3
76 65 45 58 53 50 38 66 76 50 38 52 84 75 58 46 23 13 4 18 39 46 29 10 6 3 2 12 10 5 7 7 3 1 2 3 3 3 3 1 1 1 1 1 1 0 0 0 1 1 3 4 6 9 8 11 17 35 27 72 53 24 24 70 36 16 45 16 5 3 7 8 10 8 2 1 0 0 0 1 3 3 3 4 9 17 28 27 26 39 28 35 29 17 7 3
77 64 40 62 56 55 50 51 61 40 35 52 65 33 34 26 11 14 11 24 49 21 15 13 6 5 3 20 16 7 18 8 2 3 2 4 5 8 4 2 1 1 1 1 1 0 0 0 1 1 1 2 8 7 16 21 11 33 44 62 15 5 24 60 22 20 11 36 10 2 2 3 7 6 5 4 1 0 0 0 2 3 4 3 5 12 38 20 14 49 20 18 22 6 3 2
49 47 42 63 55 44 60 48 72 74 62 53 46 38 50 48 34 40 21 29 45 25 17 14 9 7 7 24 20 10 20 8 6 5 4 7 7 6 2 2 4 2 1 1 0 0 0 0 0 1 1 3 7 7 8 12 8 19 43 18 11 6 37 58 33 7 4 6 18 5 2 2 2 2 5 2 1 0 0 0 1 3 4 4 14 26 41 19 17 38 16 5 8 11 2 1
59 29 63 70 61 70 69 85 79 90 90 83 47 66 66 63 60 29 26 47 41 22 18 10 10 16 10 26 25 23 16 12 9 10 9 14 20 8 4 3 10 5 1 0 0 0 0 0 1 1 3 4 5 6 3 5 14 37 49 11 7 8 17 53 38 19 5 1 11 10 4 1 1 1 8 1 1 0 0 1 2 3 4 7 10 8 9 7 12 11 17 10 9 7 1 0
51 46 52 62 79 83 87 89 76 75 79 81 83 74 47 46 38 31 34 31 17 23 18 21 31 21 24 52 40 51 21 19 15 21 23 36 33 10 9 7 10 3 1 1 1 1 0 0 0 2 1 3 3 2 2 6 15 25 19 15 6 6 7 61 19 13 11 1 6 12 6 1 1 1 2 3 1 0 0 1 1 3 7 11 9 6 6 4 6 5 7 4 3 1 0 1
61 59 36 41 56 65 80 55 51 48 62 65 66 74 50 43 48 61 50 33 30 35 30 42 59 42 32 59 56 46 28 38 25 32 29 40 22 14 18 5 2 2 2 2 1 1 1 0 0 0 2 1 2 3 3 2 8 6 9 28 8 7 12 25 13 2 9 3 4 5 3 3 1 1 0 9 1 0 0 1 2 3 3 12 5 5 5 3 3 1 2 1 1 1 2 5
71 73 51 31 56 52 55 65 48 59 67 51 63 78 82 67 79 70 51 42 54 52 53 49 59 46 40 66 64 35 44 41 42 42 49 50 29 18 4 2 2 3 3 2 4 2 2 0 0 0 0 1 2 3 4 2 6 7 4 7 6 7 10 19 23 2 5 4 3 7 4 2 2 1 1 1 1 0 0 1 1 2 6 8 4 4 3 3 4 1 1 0 1 2 5 6
53 66 78 49 28 33 57 57 76 43 40 38 72 54 62 92 88 49 67 65 65 61 63 54 58 50 50 74 61 51 50 48 51 66 64 28 8 6 9 6 8 7 5 3 5 4 2 0 0 0 0 3 1 1 4 3 7 5 3 4 5 3 3 8 29 2 1 3 2 2 2 1 1 1 1 1 0 0 0 1 1 2 9 4 1 1 1 2 1 0 0 1 1 3 5 6
77 75 76 80 46 18 21 66 64 58 15 19 36 50 77 84 67 88 89 71 62 79 73 43 62 53 70 62 60 55 58 49 63 76 75 34 26 17 25 19 27 23 9 9 10 3 1 0 0 0 0 0 0 1 4 3 6 5 3 2 2 1 0 2 11 3 2 2 2 1 1 2 1 1 0 0 0 0 0 1 1 2 2 2 1 1 0 1 0 1 1 2 4 7 5 6
61 46 52 85 46 38 31 32 33 38 28 7 29 74 84 82 62 57 84 63 78 79 67 51 72 68 80 76 69 76 59 58 58 53 55 33 31 35 31 29 9 8 20 31 4 2 1 0 0 0 0 0 0 0 1 3 5 9 2 2 2 1 1 5 12 3 2 1 1 1 2 2 1 0 1 0 0 0 0 1 1 2 1 1 0 0 0 1 1 3 4 5 5 7 3 4
33 51 50 80 81 30 36 22 24 23 26 13 33 45 52 56 73 82 68 30 63 33 72 81 91 87 82 59 74 56 68 53 47 28 65 58 59 43 21 15 4 1 22 13 8 3 2 1 0 1 1 0 0 0 0 0 1 2 1 1 1 1 1 3 4 5 2 1 1 0 0 1 1 0 0 0 0 0 0 0 1 1 1 1 0 1 2 2 3 3 4 9 9 6 5 5
22 27 42 46 79 74 41 19 19 17 16 16 26 46 61 69 36 73 73 35 66 59 35 51 73 52 71 47 66 30 19 41 29 27 43 80 60 38 20 54 18 16 19 15 13 5 2 1 2 2 1 1 0 0 0 0 0 0 0 1 1 0 1 3 3 5 2 1 1 1 1 1 0 0 0 0 0 0 0 0 0 0 1 0 0 1 1 2 3 3 5 4 21 10 5 4
10 18 29 8 43 84 43 23 11 9 12 16 14 21 30 49 51 70 48 53 65 46 17 46 66 48 48 39 42 63 47 48 43 21 28 66 75 80 75 66 48 31 32 33 20 7 5 3 7 2 1 1 1 1 0 0 0 0 0 0 0 0 1 2 3 3 2 1 1 1 0 0 0 0 0 0 0 0 0 0 0 0 0 0 0 0 0 1 3 1 3 7 8 8 4 9
19 11 22 45 41 56 80 37 32 10 5 7 9 10 30 25 48 68 14 24 73 67 28 15 74 79 51 33 47 56 24 21 28 17 15 38 56 56 51 24 35 34 17 22 23 19 21 15 5 1 2 3 2 2 2 3 2 0 0 0 0 0 0 0 1 3 1 1 0 1 0 0 0 0 0 0 0 0 0 0 0 0 0 1 1 0 1 1 2 3 3 4 7 9 14 15
28 10 7 30 48 57 81 62 27 19 10 8 7 10 9 7 29 19 16 55 86 38 20 11 16 58 30 33 26 48 42 23 27 25 20 53 36 17 14 10 13 6 5 42 20 34 44 32 10 6 9 5 4 3 2 0 1 0 0 0 0 0 0 0 0 1 1 1 1 1 0 0 0 0 0 0 0 0 0 0 0 0 0 0 1 2 2 2 3 4 4 7 8 10 8 22
47 31 19 12 13 18 33 60 31 31 12 6 5 7 12 5 17 11 31 31 80 35 20 16 9 17 16 23 10 35 40 16 14 14 19 35 31 10 5 9 8 6 6 11 24 18 14 6 5 6 4 3 3 3 3 1 0 1 0 0 0 0 0 0 0 1 1 1 1 0 0 0 0 0 0 0 0 0 0 0 0 0 1 1 0 0 1 7 2 6 8 11 15 14 19 26
22 20 34 12 10 32 34 59 61 33 21 6 4 3 4 7 8 12 13 31 63 77 42 20 6 5 13 3 7 26 36 18 10 11 8 8 11 7 5 7 5 4 4 5 26 14 14 5 2 2 2 0 1 1 2 1 0 1 0 0 0 0 0 0 0 0 1 0 0 0 0 0 0 0 0 0 0 0 0 0 0 0 0 0 0 1 4 5 7 10 10 10 12 19 18 32
37 27 9 6 7 15 25 37 55 27 14 9 3 2 2 6 3 5 17 59 49 63 44 33 13 4 14 13 3 5 18 11 11 8 3 3 5 13 4 3 4 3 2 4 11 13 17 7 3 2 1 1 0 0 1 1 0 1 0 0 0 0 0 0 0 0 0 0 0 0 0 0 0 0 0 0 0 0 0 0 0 0 0 1 1 2 2 6 3 4 3 4 8 16 20 12
50 39 14 6 2 13 13 22 40 38 10 7 4 3 4 4 2 11 31 49 19 31 40 14 9 7 4 7 10 1 8 11 4 5 2 4 3 2 3 3 4 3 1 1 4 11 18 9 6 3 2 1 0 0 0 0 0 0 1 0 0 0 0 0 0 0 0 0 0 0 0 0 0 0 0 0 0 0 0 0 0 0 0 1 1 1 3 3 3 2 2 5 7 9 10 11
51 38 18 14 3 4 9 15 53 10 10 4 3 2 2 2 2 7 30 15 3 15 65 12 7 8 3 4 4 8 5 4 3 3 3 1 1 1 1 2 4 2 1 1 2 5 15 7 8 3 2 1 0 0 0 0 0 0 0 0 0 0 0 0 0 0 0 0 0 0 0 0 0 0 0 0 0 0 0 0 0 0 1 1 1 1 3 3 2 3 5 4 5 9 12 8
45 35 19 8 6 4 8 9 35 12 3 6 4 2 1 1 1 11 12 6 19 29 53 27 9 4 5 8 2 9 5 3 4 2 3 1 2 1 0 1 1 1 1 4 7 8 13 9 15 10 5 2 1 0 0 0 0 0 0 0 0 0 0 0 0 0 0 0 0 0 0 0 0 0 0 0 0 0 0 0 0 0 0 0 1 1 2 3 4 5 5 5 7 4 11 14
35 22 13 8 6 5 3 5 11 32 7 3 4 2 1 1 2 6 5 7 6 17 48 24 10 12 3 4 5 9 3 2 2 2 1 1 1 1 1 1 0 0 1 10 4 4 9 5 11 11 9 3 1 1 0 0 0 0 0 0 0 0 0 0 0 0 0 0 0 0 0 0 0 0 0 0 0 0 0 0 0 0 0 0 0 1 1 2 2 3 4 12 8 11 21 14
31 25 10 6 5 4 3 4 5 13 11 2 2 1 1 1 1 2 3 4 7 19 54 19 13 5 8 3 3 6 3 1 1 1 1 1 1 1 1 0 0 1 4 6 1 4 4 3 8 7 5 4 2 1 1 0 0 0 0 0 0 0 0 0 0 0 0 0 0 0 0 0 0 0 0 0 0 0 0 0 0 0 0 0 0 0 1 1 2 3 3 5 5 3 7 10
73 44 21 4 3 3 2 3 4 8 12 4 2 2 1 1 1 1 2 1 7 10 36 16 5 4 3 4 3 2 3 1 1 1 1 1 1 1 0 0 2 2 3 1 1 2 1 2 4 5 7 6 8 3 2 1 1 0 0 0 0 0 0 0 0 0 0 0 0 0 0 0 0 0 0 0 0 0 0 0 0 0 0 0 0 0 0 0 1 2 4 8 4 5 7 2
25 63 42 15 5 2 1 2 3 4 21 5 3 1 1 1 1 0 1 1 4 8 19 22 5 3 2 2 2 2 2 3 1 1 0 1 1 0 0 1 1 4 2 1 1 2 2 1 4 5 2 2 3 4 3 1 1 0 0 0 0 0 0 0 0 0 0 0 0 0 0 0 0 0 0 0 0 0 0 0 0 0 0 0 0 0 0 0 1 2 2 4 3 4 5 8
8 57 12 42 18 7 1 1 1 4 10 3 2 1 1 0 0 0 1 1 4 9 8 18 9 4 2 1 1 2 1 2 1 1 0 1 0 0 0 0 2 2 2 0 1 2 0 1 4 5 2 1 2 2 6 3 1 0 0 0 0 0 0 0 0 0 0 0 0 0 0 0 0 0 0 0 0 0 0 0 0 0 0 0 0 0 0 0 1 1 2 1 2 4 6 7
14 16 8 31 12 13 4 1 1 1 4 3 1 1 0 0 0 0 1 3 1 1 15 15 17 8 4 3 1 0 1 1 1 1 0 0 0 0 0 0 2 1 0 0 0 2 0 1 5 4 2 0 0 0 3 2 1 0 0 0 0 0 0 0 0 0 0 0 0 0 0 0 0 0 0 0 0 0 0 0 0 1 0 1 1 0 0 0 1 1 1 2 5 6 9 10
15 11 9 6 7 3 14 2 0 0 1 2 1 0 0 0 0 1 1 1 3 13 18 16 22 8 4 2 1 1 1 1 1 1 0 0 0 0 0 1 1 0 0 0 1 3 1 2 7 4 3 1 0 0 0 0 1 1 0 0 0 0 0 0 0 0 0 0 0 0 0 0 0 0 0 0 0 0 1 0 1 1 1 1 1 1 0 1 1 1 1 1 2 1 3 5
14 8 10 5 7 1 3 4 0 0 1 1 2 0 0 0 0 0 1 3 7 8 14 11 11 14 3 2 1 1 1 1 0 0 0 0 0 0 0 1 0 0 0 0 0 1 1 1 3 5 2 1 1 0 0 0 0 0 0 0 0 0 0 0 0 0 0 0 0 0 0 0 0 0 0 0 0 0 0 1 1 1 1 1 1 1 1 3 2 1 1 1 1 4 5 7
9 10 12 5 2 1 1 1 1 0 1 1 1 0 0 0 0 0 2 5 3 2 7 6 5 7 4 1 1 1 1 0 0 0 0 0 0 0 1 1 0 0 0 0 0 1 0 1 4 1 1 1 0 0 0 0 0 0 0 0 0 0 0 0 0 0 0 0 0 0 0 0 0 0 0 0 0 1 1 1 2 3 3 3 4 3 3 3 2 1 1 2 1 1 5 5
3 2 3 4 1 1 1 1 1 0 0 0 0 0 0 0 0 1 2 2 2 2 4 11 2 3 2 2 1 1 0 0 0 0 0 0 0 0 1 0 0 0 0 0 0 0 1 5 8 1 0 1 0 0 0 0 0 0 0 0 0 0 0 0 0 0 0 0 0 0 0 0 0 0 0 0 0 0 0 1 1 1 2 2 5 4 6 5 4 4 2 2 4 3 3 4
1 1 1 1 1 1 1 0 0 0 0 0 0 0 0 0 0 0 0 1 1 1 1 1 1 1 1 1 0 0 0 0 0 0 0 0 0 0 0 0 0 0 0 0 0 0 1 1 4 1 0 1 1 0 0 0 0 0 0 0 0 0 0 0 0 0 0 0 0 0 0 0 0 0 0 0 0 0 0 0 0 1 1 1 5 5 10 11 7 11 8 8 7 6 5 15
