sesion_6_simulaciones/modelos_agentes/ejemplos_netlogo/scenarios/cgcm2_b2/rob_2035.asc
NCOLS 322 
NROWS 307 
XLLCORNER 451900 
YLLCORNER 4086900 
CELLSIZE 100 
NODATA_value -9999 
[rows 148 to 221 of 307, columns 0 to 95 of 322]
1 29 28 21 34 51 45 31 12 6 9 64 63 67 60 66 79 65 50 68 39 52 22 10 1 3 1 4 2 1 7 2 3 7 3 9 4 9 6 7 30 30 26 19 31 15 33 31 19 34 19 19 28 13 20 36 30 16 11 27 42 42 33 23 37 53 55 38 45 75 66 64 37 45 64 72 18 14 13 27 24 18 7 8 32 21 5 3 14 10 8 9 19 19 8 20
11 25 35 44 50 61 48 58 57 16 20 39 54 77 74 72 83 52 67 63 65 54 22 30 10 3 2 1 1 3 18 13 2 6 2 3 4 9 6 11 19 13 7 16 30 70 40 30 14 16 11 28 30 25 7 7 8 5 31 28 26 61 39 29 41 63 62 62 62 67 43 22 14 45 33 21 48 9 8 27 23 13 17 9 4 25 8 4 3 5 2 12 6 18 9 4
8 5 13 45 36 63 57 20 36 45 24 27 80 81 80 52 84 69 72 76 63 34 26 17 25 14 2 8 5 6 3 18 7 16 22 18 6 14 18 16 10 9 18 47 60 40 26 20 16 15 15 19 19 17 29 20 29 30 33 34 48 62 36 35 64 65 73 73 54 16 55 33 29 35 52 17 20 6 2 6 15 14 8 15 5 5 16 9 3 4 2 1 4 4 7 2
3 6 12 10 12 10 10 13 19 15 36 15 38 68 66 55 77 74 71 30 14 17 33 39 51 30 15 5 5 2 4 7 51 34 42 51 66 16 9 19 37 34 61 55 20 20 10 20 13 10 23 20 21 18 21 17 39 42 45 46 66 61 58 44 61 73 67 51 74 42 20 52 54 20 21 7 17 30 12 5 6 10 11 5 7 3 5 18 9 4 3 1 1 3 5 4
33 10 8 7 12 11 16 23 25 29 17 41 19 12 9 10 14 13 20 29 23 59 63 53 68 35 57 20 21 22 13 15 36 5 1 1 14 62 11 7 30 22 33 39 30 45 44 53 27 13 22 23 29 23 8 23 30 64 41 64 60 67 74 87 86 74 70 42 39 83 40 33 28 30 14 4 6 7 21 12 5 6 10 7 4 6 4 4 12 3 2 2 0 1 2 2
37 30 25 18 20 12 15 28 5 14 43 30 24 33 22 21 13 31 46 59 84 67 83 58 59 35 27 30 21 50 33 4 2 6 7 1 6 9 37 10 4 64 18 21 27 19 9 17 35 22 34 41 37 25 10 15 26 51 73 62 80 69 80 78 79 74 67 24 30 68 70 50 26 16 20 11 8 6 10 7 10 6 5 7 4 3 3 2 15 6 1 1 1 0 2 2
66 42 61 44 40 38 50 14 20 14 18 24 27 55 50 21 9 25 58 64 74 87 73 85 67 63 65 63 34 39 65 54 23 5 10 11 24 20 19 35 7 43 27 20 37 6 12 18 11 32 41 52 60 45 44 22 31 50 65 70 54 41 75 76 72 64 59 47 27 41 75 22 23 13 8 5 9 3 9 18 6 8 6 3 2 2 2 2 3 2 5 1 1 0 0 1
69 57 71 50 58 48 38 48 16 13 25 17 60 42 19 42 30 20 19 59 72 63 61 70 49 55 64 62 34 13 34 71 75 55 42 19 24 29 29 37 17 38 70 34 36 21 10 10 11 19 17 19 34 12 16 42 35 59 47 28 26 26 31 49 52 21 29 17 41 52 44 39 16 11 12 4 4 6 6 11 8 4 5 4 2 2 1 1 1 1 2 4 1 1 0 0
42 61 61 77 79 54 31 76 26 14 24 25 24 26 47 49 34 49 34 20 23 55 65 23 42 67 47 75 47 13 13 14 50 74 60 40 29 26 22 31 28 38 74 26 37 37 27 35 38 40 38 41 28 26 35 28 44 73 59 56 56 50 24 13 8 20 16 22 14 26 27 37 40 15 7 3 4 5 7 9 8 12 2 3 1 1 1 0 1 1 1 0 3 1 0 0
65 79 67 85 69 32 66 81 38 37 46 20 52 71 54 36 57 42 34 24 29 27 18 52 44 21 34 64 73 38 29 19 15 66 55 56 64 58 55 64 57 34 69 75 44 37 45 49 47 48 56 65 36 53 58 30 27 47 60 45 41 25 14 21 19 6 2 12 26 27 27 32 13 13 6 5 6 5 8 5 6 4 5 2 1 1 0 0 0 0 1 0 1 1 0 0
46 81 43 79 46 67 74 72 24 50 55 35 25 18 37 39 45 69 61 72 32 22 29 23 29 29 46 82 44 80 36 47 40 58 26 52 54 80 61 49 57 31 50 72 80 45 41 36 63 46 45 36 30 54 59 33 46 75 75 75 40 49 51 37 30 13 10 14 17 15 15 19 14 6 10 2 4 7 5 5 3 2 2 2 1 0 0 0 0 0 0 1 1 0 1 0
18 72 55 70 64 73 70 30 39 65 62 48 43 26 24 15 20 30 30 67 44 17 26 24 65 70 66 71 36 74 76 29 29 38 59 70 59 83 89 57 53 22 29 66 77 71 64 49 61 25 19 27 59 57 49 43 45 34 30 30 25 41 54 45 41 26 21 17 12 12 12 11 7 9 2 3 3 4 2 1 1 1 1 1 2 1 1 1 0 0 0 0 1 1 0 0
19 18 14 53 68 69 28 32 73 46 63 75 62 47 31 36 42 39 45 25 32 50 43 18 54 56 67 75 72 43 83 80 38 19 32 75 73 62 61 64 71 25 29 67 84 86 58 50 54 52 41 29 78 45 83 87 85 76 81 73 52 29 33 28 27 21 19 17 13 7 7 10 7 7 3 5 2 2 2 2 1 1 1 2 1 1 1 1 0 0 0 0 0 0 0 0
20 62 39 30 21 45 37 76 79 53 51 68 42 55 23 41 35 35 44 30 34 36 38 18 62 73 63 85 78 59 72 84 78 45 38 12 30 60 44 25 36 26 19 80 83 82 68 71 63 69 88 93 81 55 45 79 76 42 44 64 58 34 43 32 25 15 12 19 12 4 5 5 5 4 3 3 3 2 1 1 1 1 0 0 0 0 0 0 0 0 0 0 0 0 0 0
51 57 41 59 47 23 49 80 73 77 16 52 66 66 75 43 58 31 27 24 27 13 40 59 82 60 84 89 74 74 52 67 79 53 51 29 59 76 83 82 64 53 37 52 83 69 62 88 62 67 84 84 90 65 46 83 88 63 46 32 69 64 24 46 26 20 10 9 8 5 6 4 3 2 2 2 2 1 1 0 0 0 0 0 0 0 0 0 0 0 0 0 0 0 0 0
42 40 64 42 34 14 45 64 48 80 34 42 72 58 71 57 31 50 41 57 58 58 18 50 63 72 81 83 61 82 64 80 66 67 65 73 67 76 81 74 18 61 68 39 18 48 60 83 67 57 77 73 76 82 44 57 73 90 65 43 51 30 29 25 25 30 24 15 7 3 6 2 2 1 1 1 1 1 0 0 0 0 0 0 0 0 0 0 0 0 0 0 0 0 0 0
30 25 15 33 46 43 17 77 34 31 32 48 58 17 44 60 37 45 37 65 64 41 37 16 44 81 72 81 64 83 66 65 57 43 59 64 78 68 70 78 72 55 27 25 12 16 55 77 59 30 43 69 77 82 77 81 83 76 84 42 28 32 24 29 22 18 23 7 4 7 2 2 1 1 0 0 0 0 0 0 1 0 0 0 0 0 1 1 1 0 1 1 1 1 1 1
20 36 50 40 24 18 18 35 42 40 62 54 64 63 32 48 44 58 25 20 35 67 45 23 12 24 28 64 60 36 15 16 14 28 26 20 56 37 40 60 60 54 50 23 8 16 61 65 54 43 34 26 51 79 76 69 57 55 71 69 27 16 20 19 20 16 6 8 4 1 1 1 1 1 1 0 0 0 0 0 0 1 0 1 2 3 3 2 1 1 1 3 3 4 3 1
39 25 21 19 32 25 27 18 21 19 38 66 63 68 23 22 29 61 63 45 32 28 45 13 29 38 32 29 19 28 42 32 40 37 56 24 23 19 18 19 15 35 28 15 16 24 51 56 63 42 38 33 9 41 39 46 42 56 33 46 37 14 29 27 20 9 7 4 3 2 2 1 0 0 1 1 0 0 0 1 3 3 2 4 5 6 5 8 5 5 15 14 5 9 4 2
26 27 33 57 46 47 39 32 38 38 48 12 18 24 35 47 35 18 61 64 53 28 23 9 27 60 60 48 35 39 57 63 33 61 30 23 26 33 34 31 22 12 21 23 38 39 56 55 63 51 35 17 19 14 22 45 18 12 9 27 14 16 13 7 10 5 2 3 2 1 1 0 1 0 1 1 1 0 2 4 8 8 9 13 14 25 20 11 10 13 3 1 2 2 2 6
33 37 52 35 30 39 41 28 46 65 20 29 50 47 31 49 12 19 22 24 36 20 18 16 34 33 53 47 65 30 58 49 42 45 30 27 35 59 30 59 38 19 13 14 17 26 37 46 42 44 28 42 36 23 26 26 21 13 16 17 32 23 10 3 3 3 3 1 1 0 0 4 4 2 2 2 1 2 6 17 29 23 25 45 31 27 25 17 19 13 4 1 0 0 1 4
52 67 64 66 35 30 35 32 49 56 34 36 51 49 47 28 33 28 39 39 27 31 33 19 35 31 32 55 29 39 51 51 53 39 30 31 27 52 28 60 43 35 29 11 7 6 23 22 61 63 38 28 58 27 13 31 33 37 28 17 19 9 4 3 3 2 1 1 2 2 5 8 11 3 5 6 3 8 22 29 50 66 26 51 28 20 13 15 12 7 4 2 1 0 0 1
19 17 12 15 22 23 50 51 63 41 45 22 39 54 25 12 19 20 27 22 13 11 9 19 29 27 27 32 45 49 43 39 26 34 23 10 35 29 48 61 41 41 56 30 34 16 10 22 19 50 31 40 28 12 11 22 20 14 8 4 3 2 1 1 1 0 2 6 10 7 15 21 19 11 17 10 5 15 36 43 74 46 26 17 9 1 1 7 2 3 2 1 1 0 0 1
27 39 28 46 42 47 34 51 42 37 17 21 33 44 52 46 46 22 18 16 20 6 9 27 60 50 32 29 47 28 21 37 66 38 22 11 33 21 58 25 57 38 49 44 27 15 20 21 11 28 35 26 10 15 12 9 22 7 4 3 1 5 4 7 2 4 9 19 22 21 22 34 21 18 22 15 13 28 49 62 58 32 14 8 4 2 1 2 3 1 1 1 0 0 0 0
22 20 21 45 62 25 29 38 33 41 34 26 49 32 61 46 34 55 44 30 58 26 31 22 51 64 39 60 23 29 41 26 53 50 26 18 24 32 39 20 30 31 45 47 21 32 22 13 14 18 18 22 16 14 12 9 4 2 1 7 7 15 15 14 9 10 22 30 46 49 34 46 46 40 27 34 44 53 56 51 39 42 17 7 3 3 2 1 4 1 0 0 0 0 0 0
28 18 33 50 33 34 31 46 50 41 52 58 52 41 31 29 62 61 39 42 43 31 52 30 36 57 69 46 26 26 18 18 16 17 32 40 12 15 47 45 44 50 41 29 38 28 26 24 14 18 18 20 27 17 7 5 5 8 12 26 23 21 35 23 16 30 36 40 59 45 49 60 72 37 40 50 61 66 72 44 12 8 8 8 4 2 1 1 0 1 0 0 0 0 0 0
21 31 41 39 20 59 44 38 61 68 75 70 63 67 43 21 24 39 38 46 16 37 64 36 43 34 58 71 47 62 44 36 29 30 49 58 25 36 49 59 52 15 17 30 22 27 15 12 20 24 22 35 20 13 16 8 13 16 32 32 31 31 42 32 27 39 52 37 67 64 53 77 63 48 56 75 61 61 22 67 37 27 9 4 4 2 1 1 0 0 0 0 0 0 0 0
23 28 38 30 20 19 26 36 29 38 56 71 49 53 64 25 36 32 26 23 26 61 65 48 29 38 21 46 33 39 32 32 46 45 60 53 31 46 60 58 48 26 12 11 20 20 24 37 21 21 36 22 16 30 16 13 22 38 42 53 46 45 46 36 37 67 70 58 75 74 73 72 84 83 52 56 60 58 19 13 23 30 13 7 2 1 1 1 1 0 0 0 0 0 0 0
23 26 50 24 34 16 24 19 34 43 22 26 22 23 31 45 43 38 64 33 48 64 45 61 22 59 33 61 28 25 39 43 45 41 51 42 43 36 53 55 46 23 9 18 22 22 29 28 28 27 27 37 26 18 18 30 41 45 43 49 47 38 57 51 56 74 73 70 65 83 74 68 62 71 27 23 13 35 38 17 7 14 6 3 2 1 1 0 0 1 0 0 0 0 0 0
27 51 45 69 13 62 51 10 39 32 45 30 59 33 46 41 45 36 35 37 26 52 31 47 38 30 40 38 22 47 47 40 42 44 45 33 39 30 41 59 42 36 36 43 50 24 33 24 42 51 47 56 40 25 40 42 46 58 42 48 66 52 68 70 63 73 55 74 38 54 79 77 73 55 70 52 31 10 6 11 6 3 8 5 4 2 2 3 1 0 0 0 0 0 0 0
65 45 21 32 54 32 17 39 42 50 32 51 30 28 59 37 38 10 34 42 40 16 31 43 33 24 34 14 25 16 20 39 37 66 26 29 26 40 42 19 28 42 19 26 23 32 16 33 48 62 55 52 45 43 40 59 52 63 60 52 60 69 64 69 65 74 55 50 73 37 70 71 51 66 72 76 55 47 41 21 12 7 2 1 2 3 2 1 1 0 0 0 0 0 0 0
46 75 41 44 14 27 22 39 34 41 60 24 32 53 57 63 64 25 29 55 36 25 11 21 42 16 26 21 19 12 16 42 46 40 20 27 26 28 58 38 26 39 20 61 33 30 38 28 56 64 50 46 47 46 44 48 69 63 60 75 75 83 71 58 66 32 46 36 40 45 31 56 35 42 66 67 67 79 54 34 31 34 25 10 2 1 1 1 1 0 0 0 0 0 0 0
21 28 21 19 42 50 31 30 42 49 50 30 43 28 18 20 16 21 28 40 57 23 34 19 28 19 19 10 15 24 27 40 27 26 27 20 29 47 56 41 26 23 39 65 22 51 37 41 52 73 44 47 47 46 46 51 68 75 63 72 83 58 42 70 70 62 48 24 16 6 11 12 18 19 41 51 44 51 57 32 50 30 16 4 2 2 2 1 1 0 0 0 0 0 0 0
20 23 39 30 29 44 44 29 15 43 9 15 30 30 62 29 49 24 27 26 41 29 22 27 22 26 33 17 15 17 31 21 24 39 9 9 20 57 35 30 19 34 37 54 46 40 44 51 63 56 39 57 46 46 59 46 70 81 83 60 70 72 32 18 16 24 29 46 35 23 9 6 3 8 15 31 23 43 62 19 29 48 16 7 4 2 1 1 1 0 0 0 0 0 0 0
17 54 34 18 18 28 27 24 13 13 18 23 21 44 41 29 36 43 38 35 25 53 23 43 23 27 48 12 13 24 13 18 39 23 25 40 40 62 13 11 25 47 45 56 49 37 42 45 54 39 62 70 57 62 61 57 66 68 68 47 49 62 34 31 57 70 74 55 51 33 24 27 7 2 4 17 13 32 53 33 17 13 11 6 3 2 2 1 1 1 0 0 0 0 0 0
20 31 29 27 24 24 24 20 9 5 10 20 34 17 27 34 28 44 23 14 10 14 21 13 10 36 29 16 25 20 12 13 31 17 8 17 28 36 26 26 33 40 63 65 34 41 52 48 58 55 73 79 63 81 74 86 73 66 74 46 35 16 63 57 23 49 68 56 60 58 52 25 9 8 3 2 3 8 29 11 7 2 2 4 1 2 1 1 1 1 1 0 0 0 0 0
40 6 13 28 6 19 9 3 4 2 4 3 6 13 32 15 11 15 29 15 14 7 10 12 6 13 12 16 27 12 4 6 6 15 17 10 37 25 16 28 39 58 76 86 77 74 64 66 61 37 76 53 85 75 68 74 45 53 71 78 32 28 22 75 36 27 46 61 50 43 60 53 53 21 11 3 1 1 1 1 1 1 1 2 2 1 0 0 0 1 0 0 0 0 0 0
2 4 12 7 8 7 5 1 1 6 19 1 4 6 6 20 16 13 19 12 12 10 12 14 3 5 9 12 8 4 1 2 4 28 49 48 65 70 79 79 78 86 69 86 79 85 78 34 64 71 44 41 62 64 68 71 46 71 74 61 56 40 17 46 71 27 9 24 52 66 48 41 17 13 17 11 3 1 2 0 1 1 1 0 2 1 0 0 0 0 0 0 0 0 0 0
2 5 7 3 3 1 9 29 44 12 19 20 30 4 3 13 9 6 8 5 6 3 4 3 5 4 17 20 24 4 1 7 7 6 13 51 66 72 75 77 70 79 71 70 80 84 83 52 39 44 83 62 30 57 26 35 34 71 85 68 50 45 30 24 79 37 34 14 29 40 66 12 6 11 11 15 9 6 4 2 1 1 0 0 0 1 0 0 0 0 0 0 0 0 0 0
6 9 9 13 13 26 38 23 25 32 34 15 21 13 9 5 4 3 3 3 1 3 19 18 39 38 15 7 20 5 2 23 17 10 15 18 27 68 70 79 64 49 52 52 69 83 88 88 43 43 62 66 48 26 48 19 48 56 76 73 24 34 27 15 75 50 21 16 13 53 58 67 25 16 9 5 3 2 1 1 2 2 1 0 0 0 1 0 0 0 0 0 0 0 0 0
21 23 15 47 35 39 45 55 61 55 33 28 36 17 14 4 2 4 1 4 3 2 1 4 7 14 32 25 8 10 9 8 15 29 6 16 38 54 61 69 68 42 29 41 57 80 86 82 88 84 37 48 42 37 20 17 29 51 69 73 25 24 29 22 45 83 48 24 10 6 8 20 9 9 5 13 7 2 1 1 1 1 1 1 0 0 0 0 0 0 0 0 0 0 0 0
18 38 40 50 59 49 64 47 73 62 39 63 53 25 57 37 33 17 6 1 2 1 1 2 3 6 11 35 6 5 10 6 28 22 32 28 21 19 10 7 55 62 27 44 37 45 65 67 83 87 81 52 50 61 35 39 23 57 70 61 63 21 37 27 15 71 82 49 27 7 4 4 20 10 5 4 5 6 2 1 0 1 1 1 1 0 0 0 0 0 0 0 0 0 0 0
5 8 16 56 68 55 81 79 79 77 68 70 45 65 76 68 42 20 37 12 8 4 5 6 7 18 34 12 9 11 9 23 45 26 33 42 34 29 23 21 18 30 27 29 20 39 70 48 65 78 87 56 45 39 47 41 8 40 60 57 57 35 21 19 9 50 72 66 34 23 3 1 12 20 6 1 1 1 2 1 1 1 1 0 1 0 0 0 0 0 0 0 0 0 0 0
12 15 23 65 69 74 72 61 56 83 86 68 78 80 80 68 48 47 44 36 19 4 11 19 35 67 58 14 6 11 15 22 19 29 19 32 33 39 44 27 17 18 17 13 28 35 51 47 16 60 77 83 39 29 36 16 13 9 28 36 70 61 11 11 23 30 34 58 14 19 12 2 2 10 6 3 1 1 2 2 1 1 0 0 0 0 0 0 0 0 0 0 0 0 0 0
7 10 11 10 10 14 37 44 45 18 40 80 89 84 81 52 52 73 56 39 49 12 15 8 7 11 51 65 19 7 16 19 23 42 34 26 37 36 49 31 38 49 38 29 20 12 48 50 37 25 52 70 52 23 10 8 22 7 13 30 30 25 15 10 11 17 10 59 11 12 7 7 1 4 4 5 3 2 2 1 1 1 0 0 0 0 0 0 0 0 0 0 0 0 0 0
4 8 15 40 37 42 71 39 38 30 36 19 63 83 87 69 66 73 47 48 32 54 27 39 30 13 7 12 19 11 5 19 29 52 22 25 18 27 45 40 34 33 25 26 38 33 29 10 28 54 29 36 9 11 5 14 11 17 11 11 26 32 20 12 4 5 5 29 34 6 2 5 4 1 2 2 3 1 1 0 1 0 0 0 0 0 0 0 0 0 0 0 0 0 0 0
4 14 7 7 19 13 20 28 27 36 19 8 18 40 68 78 77 39 15 20 22 57 40 54 38 31 21 8 8 18 11 58 46 24 62 38 37 40 44 30 36 52 56 44 49 32 36 19 17 13 49 31 24 13 9 6 12 13 8 10 17 31 19 9 7 5 8 21 40 13 4 2 5 3 1 0 0 1 1 1 0 0 0 0 0 0 0 0 0 0 0 0 0 0 0 0
11 3 8 18 30 33 21 22 26 34 42 29 50 25 24 31 44 29 22 35 59 23 28 46 68 70 16 19 11 55 29 32 64 51 71 32 74 41 33 31 36 37 34 43 35 35 32 20 17 16 14 19 13 13 14 10 7 11 5 2 5 6 14 10 12 6 5 8 12 12 6 6 7 2 2 1 0 1 1 0 1 0 0 0 0 0 0 0 0 0 0 0 0 0 0 0
32 13 26 16 18 33 27 38 48 44 29 31 15 39 49 34 37 29 23 35 18 52 45 32 15 34 39 49 50 11 18 48 45 17 36 34 19 57 29 35 37 44 23 28 17 17 16 22 22 19 9 5 21 22 13 18 9 7 6 5 2 5 13 4 5 4 3 4 5 11 2 3 2 1 1 1 0 0 1 1 0 0 0 0 0 0 0 0 0 0 0 0 0 0 0 0
52 41 8 9 33 14 42 65 31 26 43 35 34 59 21 38 25 24 19 17 27 40 36 37 31 18 25 30 16 26 12 48 30 40 44 57 16 25 48 20 26 42 33 40 36 13 18 20 12 17 6 10 2 7 6 21 5 7 5 8 5 4 1 1 1 0 0 1 2 2 1 0 2 1 1 2 1 1 1 0 0 0 0 0 0 0 0 0 0 0 0 0 0 0 0 0
55 45 72 21 20 39 11 11 44 52 23 47 24 49 20 44 42 34 29 42 50 53 39 21 35 35 27 32 54 56 44 13 11 17 42 32 29 9 46 42 39 30 14 19 30 27 17 9 13 16 9 3 17 9 6 17 9 2 4 2 2 3 2 1 0 0 0 0 1 2 2 1 1 1 1 1 1 1 2 1 0 0 0 0 0 0 0 0 0 0 0 0 0 0 0 0
36 51 65 52 14 10 44 22 7 18 37 26 14 22 37 32 22 16 25 33 42 43 73 54 41 38 34 30 59 69 47 31 13 27 47 41 57 28 9 49 29 40 37 29 15 13 17 18 12 13 4 1 4 2 1 5 3 3 2 1 1 2 1 1 1 0 0 0 0 1 1 1 1 1 1 2 2 1 0 0 0 0 0 0 0 0 0 0 0 0 0 0 0 0 0 0
51 53 77 60 68 33 11 59 21 26 59 24 39 30 19 41 21 23 24 21 17 32 57 51 41 44 39 34 47 68 75 50 27 22 59 57 60 39 17 26 69 28 24 53 30 29 19 22 17 6 3 1 1 1 1 1 3 2 1 1 1 1 1 2 1 1 0 0 0 0 0 0 0 0 0 0 1 1 0 0 0 0 0 0 0 0 0 0 0 0 0 0 0 0 0 0
59 50 46 68 43 51 53 21 65 38 51 65 51 60 42 24 26 22 32 53 28 43 66 62 42 42 42 29 20 23 65 57 40 30 25 63 45 32 25 16 21 53 14 14 16 17 16 22 28 11 15 4 2 1 1 1 1 1 1 3 1 0 0 0 0 0 0 0 0 0 0 0 0 0 0 0 0 0 0 0 0 0 0 0 0 0 0 0 0 0 0 0 0 0 0 0
27 67 61 71 58 66 69 59 37 28 19 14 28 20 22 50 40 27 45 17 61 29 69 78 43 45 46 28 16 7 14 40 58 40 15 42 53 23 48 37 25 14 38 39 19 16 24 13 17 7 15 4 2 1 1 1 1 1 0 1 1 0 0 0 0 0 0 0 0 0 0 0 0 0 0 0 0 0 0 0 0 0 0 0 0 0 0 0 0 0 0 0 0 0 0 0
19 23 11 33 37 10 15 11 37 32 51 50 49 54 23 24 51 49 43 43 33 26 60 82 64 57 51 49 28 9 8 9 47 33 36 33 53 19 47 49 35 14 12 33 22 28 18 13 14 4 1 1 2 2 1 1 0 0 0 0 0 0 0 0 0 0 0 0 0 0 0 0 0 0 0 0 0 0 0 0 0 0 0 0 0 0 0 0 0 0 0 0 0 0 0 0
22 37 30 16 18 34 25 24 27 54 30 52 38 23 32 47 28 20 28 45 27 73 45 65 73 56 62 53 52 23 10 11 7 20 34 37 42 21 46 26 34 31 21 16 24 16 14 20 12 7 4 2 2 1 1 1 0 0 0 0 0 0 0 0 0 0 0 0 0 0 0 0 0 0 0 0 0 0 0 0 0 0 0 0 0 0 0 0 0 0 0 0 0 0 0 0
42 31 40 24 37 55 37 30 43 47 25 33 34 16 32 57 39 42 27 29 63 48 35 28 76 50 23 18 16 11 12 5 12 5 11 16 73 51 27 40 25 13 21 22 12 21 10 9 19 13 10 3 2 1 1 1 0 0 0 0 0 0 0 0 0 0 0 0 0 0 0 0 0 0 0 0 0 0 0 0 0 0 0 0 0 0 0 0 0 0 0 0 0 0 0 0
29 23 25 23 10 26 27 29 21 16 42 38 33 14 28 37 28 38 45 71 49 32 42 60 76 67 33 25 24 25 21 21 8 11 13 8 5 6 19 21 16 27 10 19 14 21 19 8 18 8 9 7 3 1 1 0 0 0 0 0 1 1 1 1 0 0 0 0 0 0 0 0 0 0 0 0 0 0 0 0 0 0 0 0 0 0 0 0 0 0 0 0 0 0 0 0
18 13 21 12 23 19 23 18 11 9 16 19 19 35 31 32 26 43 36 28 30 30 16 9 17 18 14 21 43 43 24 47 32 11 7 5 7 6 5 16 13 23 18 7 20 12 15 11 7 3 4 3 2 1 0 0 0 0 1 1 2 2 1 1 1 0 0 0 0 0 0 0 0 0 0 0 0 0 0 0 0 0 0 0 0 0 0 0 0 0 0 0 0 0 0 0
24 13 19 4 12 11 24 34 60 56 46 8 15 32 27 15 25 40 55 41 46 20 29 23 16 20 49 26 30 42 53 37 22 21 21 4 2 3 5 8 8 11 16 17 16 14 7 5 10 3 2 2 1 0 1 1 1 2 2 2 3 2 2 1 1 1 1 1 1 1 0 0 0 0 0 0 0 0 0 0 0 0 0 0 0 0 0 0 0 0 0 0 0 0 0 0
6 8 5 5 23 24 11 31 70 71 58 62 40 18 29 41 33 44 44 22 16 20 42 31 28 30 44 20 9 28 24 15 7 12 20 11 4 4 8 5 3 5 4 5 7 8 6 3 6 3 1 1 1 1 2 2 2 3 4 4 2 3 4 3 4 1 1 1 1 1 0 0 0 0 0 0 0 0 0 0 0 0 0 0 0 0 0 0 0 0 0 0 0 0 0 0
4 9 20 20 31 23 44 37 12 28 62 59 59 67 71 57 81 52 42 43 15 10 36 25 26 37 21 19 12 10 23 24 23 16 21 10 7 14 17 5 3 13 6 8 5 2 6 2 2 1 1 2 3 5 5 6 3 4 3 4 3 5 7 9 6 4 2 2 2 1 1 1 1 0 0 0 0 0 0 0 0 0 0 0 0 0 0 0 0 0 0 0 0 0 0 0
14 4 3 11 43 49 56 79 70 38 45 78 67 52 76 58 82 82 80 58 31 47 10 11 12 10 30 34 36 46 13 48 42 20 7 9 3 11 11 6 15 7 5 5 5 3 4 3 2 2 4 4 9 17 17 9 13 5 7 6 4 10 10 10 6 4 3 3 3 2 1 0 0 0 0 0 0 0 0 0 0 0 0 0 0 0 0 0 0 0 0 0 0 0 0 0
20 21 38 13 9 31 51 70 73 41 32 78 45 40 76 55 53 31 47 60 20 31 25 19 14 19 25 32 30 50 23 14 12 27 17 16 6 23 11 9 13 17 13 11 11 14 12 8 2 8 16 13 19 29 32 25 9 5 18 11 8 11 11 7 9 10 1 6 5 2 1 1 0 0 0 0 1 0 0 0 0 0 0 0 0 0 0 0 0 0 0 0 0 0 0 0
49 22 32 62 40 20 20 30 31 71 27 71 50 47 71 37 17 26 38 25 20 9 25 16 21 35 33 16 11 32 21 13 6 4 6 5 19 21 10 6 32 33 15 32 25 11 9 4 4 13 30 27 28 60 24 18 15 7 33 11 10 14 21 21 11 8 5 6 2 1 1 1 1 1 0 0 0 0 0 0 0 0 0 0 0 0 0 0 0 0 0 0 0 0 0 0
70 64 36 57 70 80 69 39 17 18 48 75 66 29 68 34 35 26 37 28 13 10 31 14 31 26 28 23 20 15 8 10 11 15 19 12 26 5 9 18 35 33 41 41 20 8 4 7 17 13 26 49 62 29 18 25 24 12 45 17 35 11 25 11 9 25 10 4 6 2 1 1 3 3 0 0 0 0 0 0 0 0 0 0 0 0 0 0 0 0 0 0 0 0 0 0
66 75 75 66 69 83 71 86 58 14 39 67 13 27 49 47 37 16 49 10 10 9 18 11 45 29 16 12 12 3 3 11 18 12 29 10 34 8 25 24 50 53 59 20 18 10 9 22 35 31 28 55 53 33 37 53 38 20 58 48 23 28 22 27 38 20 12 8 4 1 2 9 2 0 0 1 0 0 0 0 0 0 0 0 0 0 0 0 0 0 0 0 0 0 0 0
56 80 79 86 76 71 82 81 70 42 36 35 43 16 48 39 30 20 14 9 9 10 27 15 21 19 17 34 23 22 24 25 14 7 10 22 49 21 29 39 66 62 41 20 12 19 21 48 63 45 37 61 47 32 48 68 28 47 52 46 50 19 27 57 50 22 13 6 7 8 4 3 2 1 1 0 0 0 0 0 0 0 0 0 0 0 0 0 0 0 0 0 0 0 0 1
15 69 82 70 77 36 61 71 70 67 58 65 46 14 50 73 45 19 23 16 8 16 25 15 12 16 26 8 12 12 5 10 8 21 49 33 54 24 26 40 65 42 17 8 19 42 40 43 74 56 62 63 34 57 69 60 28 50 37 62 49 54 58 46 30 17 16 6 2 1 1 0 0 0 0 0 0 0 0 0 0 0 0 0 0 0 0 0 0 0 0 0 0 0 0 1
29 27 52 25 13 13 20 17 21 10 15 28 57 18 11 50 58 43 33 30 15 12 9 11 28 9 16 17 42 37 7 18 21 25 62 67 75 41 27 55 46 19 10 25 51 54 49 49 77 59 65 77 67 57 75 62 59 36 57 61 37 57 39 12 4 4 2 3 7 4 4 2 3 1 0 0 0 0 0 0 0 0 0 0 0 0 0 0 0 0 0 0 0 0 1 1
33 30 13 19 30 55 56 22 26 5 11 13 9 4 17 9 11 20 9 8 6 27 14 16 8 29 25 31 18 27 24 42 39 39 65 77 60 51 43 59 28 24 23 43 60 58 68 46 67 77 69 81 86 68 62 78 80 59 76 71 66 75 45 51 27 19 15 9 4 1 1 1 0 1 1 0 0 0 0 0 0 0 0 0 0 0 0 0 0 0 0 0 0 0 0 1
53 53 40 36 55 62 64 50 21 17 27 19 23 17 16 22 17 6 6 9 12 33 15 16 28 34 16 60 53 41 51 57 52 55 64 43 29 44 25 56 42 32 31 48 64 72 75 67 72 79 68 79 75 73 28 38 70 78 76 56 17 12 25 19 42 15 9 14 3 1 1 1 1 0 0 0 0 0 0 0 0 0 0 0 0 0 0 0 0 0 0 0 0 0 0 1
35 10 42 49 59 51 54 32 10 20 20 27 51 41 19 19 8 14 12 13 3 7 48 32 21 6 11 32 46 38 38 47 65 41 68 30 43 30 11 52 42 38 50 65 66 79 78 64 81 87 65 43 44 32 18 16 47 57 41 23 28 17 15 20 11 8 6 2 5 2 2 1 1 0 0 0 0 0 0 0 0 0 0 0 0 0 0 0 0 0 0 0 0 0 1 1
