sesion_6_simulaciones/modelos_agentes/ejemplos_netlogo/scenarios/cgcm2_b2/rob_2064.asc
NCOLS 322 
NROWS 307 
XLLCORNER 451900 
YLLCORNER 4086900 
CELLSIZE 100 
NODATA_value -9999 
[rows 222 to 295 of 307, columns 0 to 95 of 322]
16 22 35 53 45 30 44 33 7 21 24 26 49 21 18 11 10 4 5 7 18 28 31 39 28 25 20 36 53 30 19 46 60 30 56 46 28 29 38 64 35 33 49 62 57 76 52 60 64 83 82 56 39 39 34 17 21 38 22 26 28 16 10 22 12 14 6 8 4 3 2 2 1 0 0 0 0 0 0 0 0 0 0 0 0 0 0 1 1 1 0 0 1 2 4 2
38 43 32 22 25 34 35 45 26 12 14 29 32 16 8 9 11 21 26 25 29 41 26 64 46 43 35 35 35 46 29 42 32 39 64 18 23 31 38 64 62 52 46 69 30 19 32 20 22 65 72 54 51 30 24 24 13 14 23 23 18 24 9 11 16 6 5 5 5 2 1 1 0 0 0 0 0 0 0 0 0 0 0 0 0 0 0 1 2 2 1 1 2 2 0 0
39 57 65 76 55 50 43 45 30 36 44 59 26 18 17 26 23 41 20 23 64 18 35 40 41 31 24 58 43 38 37 43 36 55 37 26 36 47 41 62 58 59 56 85 80 68 57 56 49 25 32 42 27 23 16 14 13 16 16 15 13 13 7 24 22 9 5 3 2 1 1 1 0 0 0 0 0 0 0 0 0 0 0 0 0 1 0 1 4 3 1 2 3 2 0 0
43 58 51 62 63 67 36 26 19 53 56 40 25 18 21 26 9 5 3 40 21 33 62 45 31 45 36 43 36 25 35 34 53 16 17 45 34 58 40 64 59 68 73 55 58 74 59 70 70 45 23 25 16 21 10 10 10 17 10 8 12 5 4 3 4 3 2 2 1 1 1 0 0 0 0 0 0 0 0 0 0 0 0 0 0 1 2 2 9 7 6 6 2 1 0 1
12 24 30 21 33 77 53 10 36 43 57 24 39 34 7 5 3 2 16 51 17 43 58 63 43 41 29 12 33 23 36 62 48 24 37 44 62 70 50 57 76 81 76 49 60 64 66 35 64 76 30 21 8 11 10 14 9 7 7 4 2 2 3 1 1 2 3 1 1 0 0 0 0 0 0 0 0 0 0 0 0 0 0 0 0 1 4 8 12 17 7 2 2 1 0 0
40 26 31 31 35 32 15 20 19 29 48 53 55 14 3 3 18 29 49 65 32 35 53 75 61 30 44 20 26 40 16 39 69 31 24 27 50 52 81 87 58 51 37 71 47 51 71 49 36 15 28 31 26 18 16 14 13 7 5 3 3 1 1 1 1 1 1 0 0 0 0 0 0 0 0 0 0 0 0 0 0 0 0 1 0 1 6 21 13 1 1 0 0 0 0 0
40 31 27 48 33 32 36 33 23 46 42 36 28 12 20 43 50 55 57 72 31 45 49 67 18 17 44 13 33 47 17 16 38 40 27 49 39 27 67 81 68 44 62 42 83 59 36 38 34 28 19 38 34 27 26 17 6 6 2 1 1 0 0 0 0 0 0 0 0 0 0 0 0 0 0 0 0 0 0 0 0 0 0 1 2 3 5 26 7 2 1 1 1 1 0 0
13 23 48 29 26 26 45 42 39 41 36 53 35 39 37 57 50 31 64 61 32 37 35 35 16 50 18 5 33 35 16 25 25 36 65 76 59 43 26 44 53 33 26 20 39 78 57 36 31 28 21 20 20 25 28 21 7 4 1 1 0 0 0 1 1 1 0 0 0 0 0 0 0 0 0 0 0 0 0 0 1 1 1 1 4 7 11 12 3 1 2 3 1 1 0 0
46 35 33 36 43 37 56 38 47 40 28 43 30 55 36 53 53 43 43 67 16 28 27 21 33 9 19 22 20 34 11 26 16 30 30 56 48 68 37 15 37 57 44 47 60 28 35 25 17 18 12 11 20 17 12 11 10 5 3 1 1 1 0 1 1 0 0 0 0 0 0 0 0 0 0 0 0 0 0 1 2 1 2 2 2 15 35 11 4 5 6 3 1 0 0 0
22 43 44 51 30 31 40 69 24 42 28 23 38 42 29 54 52 38 30 44 24 21 20 35 21 15 17 16 14 19 10 18 51 40 28 19 61 35 42 34 16 27 68 75 77 48 21 13 24 24 22 8 11 14 10 8 5 1 2 3 1 1 0 0 0 0 0 0 0 0 0 0 0 0 0 0 0 1 1 2 3 3 4 2 2 9 27 7 4 10 6 2 1 1 0 0
18 20 40 45 34 39 35 53 29 28 29 30 25 41 28 35 60 21 19 28 12 17 4 19 14 16 9 7 14 11 16 25 32 61 38 38 25 30 39 16 28 22 20 34 34 23 19 13 23 14 20 10 8 7 5 10 4 2 0 0 1 0 0 0 0 0 0 0 0 0 0 0 0 0 0 0 0 1 2 5 8 13 6 3 2 5 11 9 10 7 2 1 0 0 1 0
9 10 39 25 24 55 46 31 42 28 45 40 29 47 34 25 33 14 18 14 18 6 4 3 10 11 5 8 14 11 10 16 14 15 11 23 14 16 19 11 24 37 60 34 31 14 14 6 7 7 11 7 6 7 7 3 2 1 0 0 0 1 0 0 0 0 0 0 0 0 0 0 0 0 0 0 1 3 3 10 21 19 10 12 4 7 29 26 13 4 3 1 1 1 1 0
14 7 7 20 20 35 54 49 59 22 32 46 12 26 15 22 47 9 14 16 16 16 3 5 12 6 3 18 28 38 37 9 26 20 38 39 38 40 31 39 52 54 57 62 57 51 43 18 18 26 15 7 5 3 2 2 1 0 0 1 0 1 1 1 0 0 0 0 0 0 0 0 0 0 1 0 1 3 6 13 14 29 20 24 14 42 22 20 8 8 5 4 2 1 1 0
2 3 13 15 21 23 26 35 19 34 39 26 5 7 6 7 31 5 5 6 2 8 5 8 4 5 4 10 28 19 62 68 59 51 71 53 56 38 39 41 51 60 57 74 44 24 19 5 11 18 25 12 5 3 2 2 2 1 3 1 1 1 1 1 0 0 0 0 0 0 0 0 1 1 1 1 1 2 7 15 35 26 31 29 48 29 26 20 6 6 13 8 4 1 1 1
1 6 2 3 6 18 23 21 16 18 16 23 5 14 3 13 5 3 3 2 3 1 3 2 7 6 22 21 31 18 28 54 81 60 72 89 87 73 72 62 28 66 72 65 75 57 52 27 19 20 14 9 10 3 3 6 5 3 1 1 1 1 1 0 0 0 0 0 0 0 0 0 1 2 2 1 1 1 3 7 35 50 47 19 16 61 23 23 17 19 7 7 4 3 2 1
1 2 1 3 5 12 10 24 28 20 8 3 6 1 4 7 3 37 2 9 35 22 11 4 4 2 4 9 11 20 21 22 28 74 60 82 86 81 81 72 67 36 76 76 77 53 56 30 20 17 7 6 2 3 1 1 1 2 1 1 0 0 0 0 0 0 0 0 0 0 0 0 1 3 3 1 2 3 4 6 27 50 38 13 45 44 29 43 37 17 13 10 7 3 5 3
1 1 4 8 16 4 9 20 20 15 7 3 2 1 2 2 1 0 13 14 17 34 28 9 4 2 9 11 10 21 18 28 32 27 20 55 87 61 79 49 60 56 54 65 62 52 26 13 31 23 13 9 9 7 3 1 1 1 1 0 0 0 0 0 0 0 0 0 0 0 0 1 1 4 10 4 2 5 9 18 37 58 29 27 45 14 7 12 16 5 5 9 4 4 2 1
0 1 2 1 3 4 6 7 7 5 5 2 2 1 1 2 1 1 2 8 7 3 40 26 5 1 8 18 18 25 23 17 30 37 21 26 59 71 68 64 63 52 57 42 46 51 44 18 7 19 14 11 8 8 6 2 1 0 0 0 0 0 0 0 0 0 0 0 0 0 1 0 2 3 8 11 5 5 9 34 45 73 27 33 56 18 16 11 6 3 3 5 4 2 1 0
0 0 0 2 1 1 2 2 7 6 4 1 1 0 1 1 2 4 7 15 4 4 4 26 27 4 14 38 34 33 42 32 37 49 39 29 25 61 45 47 26 32 20 31 28 24 6 24 12 9 11 6 5 5 5 3 2 2 1 1 1 0 0 0 0 0 0 0 0 1 1 1 2 3 3 17 26 11 27 28 66 59 54 70 23 22 23 15 16 15 6 6 4 2 1 0
0 0 0 0 0 1 1 2 1 4 1 1 2 1 1 1 2 9 10 6 3 2 5 41 20 15 17 14 7 16 24 27 39 39 40 44 24 20 22 17 29 17 8 8 12 18 13 16 6 5 7 5 4 3 2 2 1 1 1 0 0 0 0 0 0 0 0 0 1 1 1 2 3 3 5 7 44 10 17 51 69 50 58 63 50 39 24 44 33 6 6 3 2 1 0 0
0 0 0 0 0 0 0 1 1 1 2 1 0 0 2 3 2 6 12 12 6 4 3 8 10 9 12 32 9 36 46 32 28 38 35 48 44 24 15 9 8 13 16 14 20 17 9 4 5 7 4 4 2 3 2 1 1 0 0 0 0 0 0 0 0 0 0 1 1 1 2 1 1 4 21 18 45 26 34 60 71 67 47 54 33 18 17 31 19 11 3 2 1 0 0 0
0 0 0 0 0 0 0 2 1 0 0 1 7 12 20 12 5 2 2 4 9 9 5 19 35 27 22 25 24 27 43 43 44 45 41 52 49 63 42 16 17 10 10 8 8 6 7 3 2 4 2 3 3 2 1 1 1 0 0 0 0 0 0 0 0 0 1 1 1 2 2 3 2 6 17 16 39 62 42 62 65 66 63 56 34 40 24 22 17 10 4 3 1 1 0 0
0 0 0 0 0 0 0 0 0 0 0 1 0 1 4 27 7 2 2 2 9 6 9 13 5 16 34 56 54 51 42 52 54 60 58 50 52 57 65 56 25 16 14 16 15 8 4 4 7 4 6 5 2 1 1 1 1 1 0 0 0 0 0 0 0 1 1 2 3 4 3 4 3 7 35 17 10 53 84 60 65 68 57 44 33 17 5 13 15 7 3 1 1 1 1 1
0 0 0 0 0 0 0 0 0 2 6 4 1 2 3 2 2 1 4 6 5 19 10 11 25 20 8 20 28 61 65 62 70 76 64 48 63 72 72 58 29 24 20 25 22 19 9 15 7 3 1 1 1 1 0 1 0 0 0 0 0 0 0 0 0 1 1 3 6 7 7 9 6 11 33 44 15 47 66 57 54 36 22 12 15 21 8 8 8 4 2 2 1 1 1 1
0 0 0 0 0 0 0 0 0 1 0 0 1 6 4 3 3 5 2 8 16 9 10 19 13 31 17 6 6 48 37 71 85 68 67 66 51 58 67 64 49 53 36 20 27 29 12 11 7 3 3 3 1 2 1 0 1 1 1 0 0 0 0 0 1 1 1 5 6 14 12 21 8 10 29 52 49 35 68 40 27 16 24 16 12 5 4 5 10 6 3 2 2 2 1 0
0 0 0 0 0 0 0 0 0 1 0 0 1 1 1 1 4 12 4 10 6 10 12 15 13 29 26 16 13 10 15 12 54 58 53 49 38 56 49 30 25 16 13 10 15 26 10 8 5 5 3 2 1 0 0 1 1 1 0 0 0 0 0 0 1 2 3 5 5 11 31 19 24 10 15 49 48 73 43 28 33 20 18 16 19 6 9 9 6 2 3 4 4 2 1 0
0 0 0 0 0 0 1 0 0 0 1 7 2 1 0 4 4 9 10 4 3 5 4 9 15 14 24 23 38 41 22 35 38 27 14 26 33 39 24 28 13 12 6 8 9 8 7 9 4 3 2 2 2 1 0 1 1 1 1 0 0 0 0 0 1 1 2 2 3 4 13 35 51 12 9 36 29 65 30 41 23 21 12 17 17 12 12 3 6 5 5 7 2 2 1 0
0 0 0 0 0 0 0 0 0 0 2 6 1 1 3 5 14 7 9 4 4 6 7 12 19 25 48 45 23 18 14 17 38 43 31 24 41 45 37 30 30 23 34 25 11 9 9 9 7 3 1 2 1 1 1 1 1 0 0 0 0 0 0 0 1 2 3 6 4 3 7 13 31 40 23 25 62 50 41 30 16 26 23 14 7 12 14 10 13 14 5 4 2 1 0 1
0 0 0 0 0 0 0 0 0 0 1 0 1 2 3 6 14 4 10 4 7 7 8 13 56 66 57 28 48 57 51 30 49 47 41 37 46 59 44 39 45 32 21 17 15 12 18 19 7 4 4 3 3 3 2 1 0 0 0 0 0 0 0 0 1 2 5 10 11 6 4 6 19 42 55 31 70 50 49 51 41 22 27 31 23 18 24 16 10 12 10 3 3 2 1 1
0 0 0 0 0 0 0 0 0 1 1 2 3 2 5 7 20 10 3 9 7 17 15 27 46 69 70 47 25 36 40 35 24 27 37 29 31 39 36 58 62 34 36 31 37 28 21 20 10 7 7 7 4 2 2 1 1 0 0 0 0 0 0 1 2 4 13 11 7 7 8 14 18 19 16 67 70 50 40 40 27 31 47 36 34 38 30 33 17 12 5 2 2 2 1 1
0 0 0 0 0 0 0 0 2 8 16 3 1 3 7 4 5 4 3 6 12 14 21 56 40 25 50 50 39 55 61 48 25 16 21 21 35 44 52 49 36 36 62 50 50 37 19 9 7 5 2 3 4 2 1 1 0 0 0 0 0 0 0 1 3 6 12 13 13 20 19 18 44 51 41 49 67 57 32 38 38 48 43 25 32 31 26 14 19 5 3 2 3 1 1 1
0 0 0 0 0 0 1 5 15 9 28 21 4 3 9 8 5 1 2 3 4 4 9 36 10 19 37 61 64 69 83 44 61 41 24 15 28 71 54 56 60 14 18 7 9 18 9 12 5 6 4 4 3 3 1 1 1 0 0 0 0 0 1 1 5 16 12 13 9 38 60 19 53 72 76 58 47 47 42 26 36 32 35 48 35 27 15 13 13 9 6 6 4 3 1 0
0 0 0 0 0 0 0 1 1 4 2 1 4 5 7 7 8 4 4 4 5 5 16 25 5 4 7 36 42 31 46 79 52 65 61 55 52 50 43 45 54 49 34 37 32 16 17 19 10 9 6 3 2 1 1 1 1 1 1 0 0 1 2 4 7 11 15 14 12 12 39 66 38 63 74 70 58 39 53 42 55 55 35 24 30 27 16 9 11 17 12 8 3 1 1 0
0 0 0 0 0 0 0 1 3 3 2 5 4 4 8 8 13 4 2 10 12 9 15 39 10 2 12 7 19 30 12 23 59 50 63 62 39 14 14 14 30 32 27 33 43 40 21 9 14 9 5 6 4 2 1 2 1 1 1 0 0 1 4 8 16 24 14 12 34 31 22 21 65 74 60 73 54 53 73 68 26 23 23 28 24 15 22 14 15 6 5 2 1 1 0 0
0 0 0 0 0 0 0 0 1 1 2 3 1 4 4 3 7 1 2 3 3 23 21 41 24 10 12 17 26 21 22 9 8 17 20 18 17 17 16 11 8 13 11 15 31 27 14 23 17 13 10 7 5 3 3 2 2 1 1 0 1 2 4 14 20 23 16 27 28 54 42 40 28 30 51 55 71 65 44 45 39 50 42 48 33 24 33 24 9 4 3 2 1 0 0 0
0 0 0 0 0 0 0 0 1 1 1 2 2 4 4 11 8 2 3 2 7 24 34 34 13 2 13 29 21 35 37 14 41 48 50 43 40 34 33 15 12 13 40 46 44 24 25 19 19 18 12 7 6 5 3 3 2 1 0 0 0 2 8 17 17 33 22 34 34 31 77 57 47 36 21 62 48 69 57 54 57 69 63 51 37 43 26 17 6 4 3 2 1 1 1 1
0 0 0 0 0 0 0 0 0 1 1 2 13 17 16 32 16 4 2 2 16 23 33 27 13 28 7 28 29 41 24 46 44 30 34 37 30 31 15 25 47 56 30 30 21 29 21 17 23 16 17 11 7 5 4 3 1 1 0 0 0 1 4 19 47 38 24 40 35 30 31 51 65 22 16 29 71 81 77 67 63 60 58 59 49 29 28 14 19 6 3 1 1 1 1 4
0 0 0 0 0 0 0 0 0 2 4 3 14 20 27 6 2 1 1 8 13 18 30 38 41 15 21 22 20 19 28 68 32 32 38 41 40 25 36 38 63 53 48 44 41 39 34 25 33 22 18 11 8 5 5 2 1 1 1 0 1 1 5 14 37 33 48 56 44 65 61 65 64 33 34 50 67 64 67 58 57 53 49 51 37 27 24 23 22 13 3 2 1 2 2 6
0 0 0 0 0 0 0 0 0 4 4 6 7 54 8 4 7 4 3 9 12 15 21 10 10 8 40 10 25 21 45 31 44 54 42 42 42 43 53 46 37 52 53 59 52 52 39 43 32 14 10 9 7 7 6 3 2 1 1 0 1 2 6 13 28 28 27 49 70 57 74 65 68 36 59 58 66 67 49 49 52 51 37 29 26 24 20 17 13 11 7 5 2 4 7 8
0 0 0 0 0 0 0 0 1 2 3 5 1 11 3 1 5 6 12 8 10 23 23 10 7 22 13 20 33 55 59 52 48 49 39 42 55 55 58 53 56 69 67 48 42 55 52 44 25 19 13 11 7 5 4 5 3 2 1 0 1 3 6 14 19 31 27 34 61 80 74 69 61 83 68 49 38 42 52 53 47 47 47 37 25 29 14 24 12 7 7 5 3 6 7 7
0 0 0 0 0 0 0 0 2 1 4 2 1 0 0 1 4 5 4 8 13 10 9 25 24 9 12 37 60 21 20 21 43 40 48 56 57 56 54 54 58 67 52 52 62 53 54 50 23 21 14 10 8 4 4 4 2 2 1 0 1 2 11 18 31 29 30 31 34 38 53 58 61 70 19 44 44 44 38 40 38 36 31 47 37 32 25 20 11 9 8 4 4 9 9 14
0 0 0 0 0 0 0 0 2 2 3 2 3 4 3 2 1 2 1 11 18 10 46 43 11 16 24 37 21 23 25 30 37 32 47 54 57 56 47 73 60 49 49 59 29 44 58 51 43 32 10 9 6 8 7 4 3 3 2 0 0 1 4 16 24 32 67 48 52 51 48 31 46 64 48 56 57 42 43 41 47 40 45 42 36 12 12 8 10 17 9 2 7 17 21 20
0 0 0 0 0 0 0 1 2 6 5 1 1 3 4 5 2 1 2 12 10 38 26 11 14 37 21 21 21 26 31 30 23 34 41 60 43 42 63 56 48 67 72 39 55 53 49 48 33 17 11 15 14 10 9 7 6 3 2 1 0 1 7 12 20 46 66 81 51 61 51 33 36 71 77 42 49 56 58 39 36 40 48 36 21 8 19 17 12 6 3 2 9 20 22 23
0 0 0 0 0 0 2 2 4 8 1 1 1 1 0 1 3 1 5 13 10 11 4 11 29 8 7 16 21 25 44 33 25 37 46 50 48 64 69 67 48 43 46 56 50 52 37 37 28 23 19 24 19 8 8 7 7 3 2 1 1 3 5 15 28 40 61 75 69 69 54 55 60 73 48 43 40 42 49 54 38 69 49 25 28 30 20 13 6 2 2 5 15 24 23 27
0 0 0 0 1 0 0 1 4 1 0 1 2 2 2 3 6 4 12 5 4 3 2 12 9 13 17 28 36 31 27 20 25 30 54 39 74 69 69 42 30 30 40 54 61 53 47 44 41 33 29 25 14 7 6 5 4 4 3 3 1 4 9 20 38 47 43 46 69 80 72 35 43 73 43 48 69 66 63 68 62 45 39 36 35 32 13 11 5 4 4 12 19 24 19 32
0 0 0 0 0 0 0 0 1 1 0 1 1 3 4 4 3 5 8 18 13 11 1 10 14 25 27 38 22 14 24 25 34 36 70 37 22 16 17 34 37 55 67 69 67 58 48 46 29 39 21 17 17 9 10 5 4 4 3 3 2 8 16 20 47 48 44 28 48 71 72 50 58 69 45 30 50 74 72 70 67 37 41 43 35 30 12 9 13 5 13 19 10 30 32 35
0 0 0 0 0 0 0 0 2 3 0 1 1 1 2 1 2 13 6 5 7 10 9 8 24 17 20 25 16 19 40 34 25 71 25 17 45 48 50 48 64 70 63 68 69 68 57 48 32 31 26 23 21 16 13 11 8 5 4 2 5 10 28 58 53 53 42 50 56 61 73 46 46 62 72 53 55 56 70 71 58 59 41 42 37 25 13 4 6 13 15 10 17 23 52 39
0 0 0 0 0 0 0 1 1 1 4 2 1 1 1 2 2 3 7 10 6 11 5 8 20 22 17 21 24 25 26 31 41 29 9 31 36 45 56 83 62 60 70 71 70 67 51 42 33 26 28 24 23 12 15 8 10 9 5 6 7 21 22 47 51 49 46 57 60 53 78 72 53 69 68 54 61 62 58 55 61 47 36 32 31 16 7 2 5 20 11 20 28 30 53 37
0 0 0 0 0 0 0 0 0 2 1 0 0 1 1 1 6 2 2 11 29 10 3 5 29 18 29 22 19 17 45 75 46 7 18 46 35 65 71 66 63 73 71 55 58 56 53 49 32 33 29 27 25 20 18 15 13 12 8 7 9 13 21 29 52 70 57 74 75 63 56 56 57 63 73 73 57 53 44 44 45 39 33 33 25 13 5 3 15 20 22 39 48 38 44 36
0 0 0 0 0 0 1 1 1 0 1 1 1 1 0 10 3 4 5 13 10 4 9 14 3 20 20 12 44 31 56 38 10 16 51 22 46 40 53 76 78 61 49 79 70 48 53 53 46 41 33 31 27 24 22 20 16 9 10 12 14 28 19 22 27 54 75 77 74 73 80 79 56 68 55 50 34 42 54 57 41 41 28 32 25 5 4 15 15 25 39 49 45 29 45 44
0 0 0 0 0 0 0 0 0 0 1 1 0 0 0 5 2 1 1 2 3 5 15 5 3 10 8 11 47 43 38 8 13 25 41 69 40 49 67 71 70 59 66 37 50 44 56 65 47 44 41 35 31 26 25 22 12 7 15 24 19 34 31 35 37 52 59 82 64 61 43 68 52 36 36 49 59 48 42 42 39 24 34 22 8 5 11 16 26 24 30 42 57 46 47 44
0 0 0 0 0 0 0 0 0 0 1 0 0 1 2 10 2 2 2 2 13 4 8 2 8 15 9 30 53 25 14 10 15 21 60 63 61 51 56 58 58 65 51 40 46 75 61 54 50 63 46 40 37 31 28 24 13 9 25 32 50 55 42 46 39 51 66 67 77 59 50 42 50 57 50 65 51 51 44 43 30 32 16 9 6 11 23 28 26 43 44 32 35 43 39 34
0 0 0 0 0 0 0 0 0 0 0 1 0 1 6 3 2 1 5 7 5 7 3 7 27 7 10 37 26 20 18 17 35 42 65 50 55 54 48 34 35 57 68 60 67 58 61 60 68 52 49 58 24 33 29 17 10 24 37 39 65 64 48 62 48 36 44 76 76 35 71 48 47 57 59 57 53 53 51 37 29 30 12 13 12 22 29 37 31 36 45 33 35 45 51 41
0 0 0 0 0 0 0 0 0 0 0 1 0 4 0 1 3 3 4 8 3 3 4 6 11 8 11 28 12 10 20 15 43 50 50 52 36 45 41 45 54 58 61 75 59 59 58 74 57 55 66 49 44 38 22 19 11 24 52 54 57 69 56 66 66 48 48 56 81 34 40 71 71 54 53 54 63 51 56 53 32 25 8 8 14 28 38 45 51 49 47 48 36 41 60 49
0 0 0 0 0 0 1 0 0 0 1 0 2 1 1 2 2 1 0 4 2 5 7 7 8 13 16 2 7 13 27 30 46 54 15 12 44 35 45 40 43 55 63 71 71 58 76 52 71 72 51 49 48 44 25 23 14 26 54 63 58 70 50 54 70 45 65 41 67 40 40 69 44 62 59 56 52 51 67 43 37 10 8 15 26 30 40 49 36 27 37 58 30 33 51 69
0 0 0 0 0 0 0 0 0 0 0 1 1 0 0 1 1 1 0 1 1 3 7 6 6 12 4 4 9 8 21 7 29 20 10 27 19 23 30 53 58 61 66 70 61 46 65 72 68 59 60 51 48 46 42 26 25 30 60 75 72 69 62 50 67 64 34 38 78 37 59 55 53 56 51 44 53 32 29 30 13 8 14 29 30 40 50 50 29 35 48 28 20 23 36 67
0 0 0 0 0 0 0 0 0 0 0 1 1 1 1 3 2 0 0 0 0 4 3 2 4 7 5 20 20 18 37 31 34 19 10 10 24 24 28 26 33 60 46 54 65 36 31 32 50 52 62 55 49 47 31 19 33 46 60 66 84 75 53 53 58 63 57 22 61 13 20 33 44 54 56 59 59 57 44 41 17 10 17 30 32 58 64 53 41 38 45 45 38 23 34 53
0 0 1 0 0 0 0 0 0 0 0 1 3 1 2 2 4 1 2 1 6 7 3 5 10 6 6 1 1 8 28 7 12 6 11 20 12 18 18 21 53 48 37 55 33 39 42 54 55 68 57 58 54 36 32 21 34 50 62 66 74 55 56 64 66 42 37 40 55 24 29 27 26 19 37 48 44 47 30 26 11 18 31 34 38 62 57 27 41 53 35 51 27 30 36 57
0 0 0 0 0 0 0 0 0 0 0 2 3 4 2 4 4 1 2 5 6 2 2 6 6 5 1 3 3 11 10 6 4 16 21 18 26 21 24 40 32 44 59 36 41 42 59 56 66 55 55 54 56 37 17 34 41 73 65 67 66 69 55 72 67 47 34 52 38 24 41 53 53 57 60 55 45 21 16 8 15 32 34 37 41 67 66 25 27 51 36 55 32 32 38 71
0 0 0 0 0 1 0 1 0 0 2 1 2 3 0 1 0 0 1 7 5 2 6 2 7 11 1 2 4 18 6 4 7 17 37 16 19 25 38 16 50 44 32 47 42 57 59 70 70 60 69 54 40 39 26 41 47 66 77 59 64 71 52 42 61 62 32 36 43 53 58 42 44 45 36 44 35 22 9 26 22 36 41 55 49 65 69 38 37 39 22 58 34 36 39 54
1 2 1 5 6 3 2 1 2 1 2 1 1 1 2 1 1 1 3 4 3 2 5 1 2 2 1 4 5 12 5 8 40 21 12 11 17 22 23 43 63 50 58 35 48 68 71 57 57 74 63 46 42 41 27 55 69 60 64 73 60 69 72 41 73 70 30 34 43 53 39 40 56 44 45 28 34 30 19 37 41 37 44 58 45 50 57 51 54 37 36 62 34 37 32 48
2 4 5 1 5 14 3 1 0 1 0 0 1 1 1 1 0 5 6 3 2 4 2 2 5 10 2 2 3 9 11 38 10 5 13 17 8 6 29 36 42 27 65 52 58 71 42 54 69 62 50 47 41 41 41 57 67 67 64 72 57 61 65 59 52 60 35 16 30 61 43 51 51 55 44 45 46 41 31 39 42 52 49 56 44 37 52 49 46 43 41 59 36 28 40 45
0 1 2 0 0 1 3 3 0 0 0 0 1 2 1 1 2 2 1 2 1 1 7 1 8 9 3 2 9 17 24 39 12 15 19 3 4 7 14 31 29 41 59 61 59 57 58 57 59 58 48 46 40 42 48 48 62 75 65 56 74 47 58 59 40 24 12 9 8 27 42 59 56 48 41 40 33 15 27 36 40 55 50 55 40 55 66 68 52 45 37 46 52 16 40 49
0 0 0 1 0 0 0 0 0 0 1 0 0 1 2 1 1 3 0 1 0 1 1 2 9 4 1 2 3 7 4 6 14 11 9 13 7 3 39 15 25 19 52 39 64 49 52 40 60 60 42 42 38 38 46 64 63 75 72 67 58 61 47 47 11 11 25 41 31 38 41 46 46 33 31 26 13 25 40 39 41 56 58 40 50 50 61 64 51 47 35 45 51 21 26 57
0 0 1 0 0 0 0 0 0 0 0 0 0 1 0 0 1 0 1 1 1 6 7 4 9 3 1 1 2 2 2 16 14 9 16 12 18 5 29 22 4 22 53 49 57 51 53 63 56 53 48 41 40 62 61 53 66 60 66 41 58 50 26 24 20 17 28 48 37 27 54 55 64 59 48 16 23 26 40 52 59 44 55 41 53 65 64 59 46 47 37 34 52 44 21 37
0 1 0 1 1 0 0 0 0 0 0 0 0 0 0 1 1 4 1 2 9 2 5 6 13 6 1 2 2 7 11 7 9 26 10 16 17 9 58 27 9 34 16 51 47 40 58 36 52 47 41 43 37 60 70 57 59 52 61 63 36 36 34 21 21 13 19 22 28 24 48 55 62 70 35 20 26 39 36 59 59 52 51 55 37 61 65 62 52 53 22 41 42 37 29 22
0 0 0 0 0 0 0 1 0 0 0 0 1 0 0 1 0 3 0 1 2 10 4 9 4 1 0 0 0 6 11 4 6 11 17 29 11 15 40 35 20 37 15 53 38 32 40 32 48 45 52 37 35 52 57 83 41 45 42 31 39 19 20 18 10 14 26 22 30 29 52 54 34 50 25 20 42 43 39 43 57 51 50 47 51 62 60 73 59 41 28 45 48 24 28 19
0 0 0 0 0 0 0 0 0 0 0 0 0 0 1 1 1 1 1 0 0 0 1 1 1 1 1 0 3 2 8 9 14 11 14 18 9 8 14 50 24 32 29 41 13 42 30 45 51 33 47 36 41 35 58 62 60 45 30 13 23 12 8 19 11 13 25 22 40 35 42 46 37 25 26 41 41 40 41 36 42 55 62 55 48 62 68 64 67 35 25 60 37 41 28 14
0 0 0 0 0 0 0 0 0 0 0 0 0 0 1 1 0 1 2 1 1 1 2 2 3 5 3 1 0 1 3 7 11 11 14 11 12 9 4 30 56 46 28 17 15 23 24 41 33 15 40 32 34 30 43 66 50 44 21 8 12 2 3 4 6 9 18 35 42 49 55 37 23 20 45 40 45 59 54 43 34 47 49 56 59 77 46 73 48 32 26 60 38 52 19 16
0 0 0 0 1 0 0 0 0 0 0 0 0 0 0 0 0 1 0 0 0 1 1 4 9 1 1 1 1 0 1 2 2 11 7 3 13 8 8 18 61 48 18 11 15 22 46 19 31 13 23 35 29 49 46 40 36 25 30 8 10 5 7 3 10 23 25 29 38 31 39 37 13 23 35 37 54 47 42 28 36 20 49 57 57 44 66 58 57 41 27 48 34 45 35 12
0 0 0 0 0 0 0 0 0 0 0 0 0 1 1 1 1 0 1 0 2 1 3 1 1 2 4 2 1 1 3 4 1 4 4 4 15 1 1 18 24 40 22 16 10 58 29 17 14 25 38 37 24 40 58 32 55 14 20 16 9 8 9 5 10 10 14 21 41 46 24 18 22 35 32 36 31 36 29 10 26 30 44 45 49 57 61 54 19 39 15 40 58 24 11 19
0 0 0 0 0 0 0 0 0 0 0 0 1 1 1 1 0 0 1 0 0 0 0 1 3 12 2 1 1 1 5 4 4 6 5 6 7 3 6 9 23 23 30 21 17 67 24 26 17 22 31 25 32 55 64 32 43 15 10 10 7 2 2 16 15 18 24 25 49 22 18 21 35 31 29 34 42 45 34 25 31 41 50 58 54 48 46 62 16 33 22 23 53 11 9 15
0 0 0 0 0 0 0 1 0 0 0 1 0 0 0 1 0 0 0 1 0 0 2 4 6 1 1 3 1 1 2 6 6 11 9 12 10 7 6 11 21 31 27 23 17 23 25 37 25 11 13 30 45 43 47 33 25 12 8 9 6 1 4 7 15 24 28 30 28 30 33 32 28 34 45 19 24 45 33 24 35 34 33 57 41 36 21 33 29 25 45 18 35 14 13 15
0 0 0 0 0 0 0 0 0 1 1 1 0 0 0 0 0 0 0 0 0 1 6 3 2 3 5 11 4 5 1 7 8 18 8 17 6 14 13 9 12 9 21 31 6 24 28 38 25 20 26 39 32 28 29 13 13 13 6 5 1 4 4 5 7 17 16 38 51 32 32 28 26 45 32 14 19 46 42 28 27 31 29 28 44 40 9 14 24 46 23 22 13 10 18 25
