sesion_6_simulaciones/modelos_agentes/ejemplos_netlogo/scenarios/cgcm2_b2/rob_2057.asc
NCOLS 322 
NROWS 307 
XLLCORNER 451900 
YLLCORNER 4086900 
CELLSIZE 100 
NODATA_value -9999 
[rows 74 to 147 of 307, columns 96 to 191 of 322]
26 59 38 21 20 23 23 51 22 23 17 62 34 73 66 50 13 7 9 14 52 49 28 16 16 5 5 1 6 10 4 4 5 10 4 2 2 2 9 2 2 2 6 2 3 7 9 1 2 7 5 21 41 28 26 11 19 26 43 28 25 76 63 49 55 60 37 51 62 64 54 65 50 66 38 40 56 64 46 41 22 45 61 49 30 14 15 17 9 12 8 7 6 3 0 0
31 35 30 22 15 20 27 42 24 37 43 32 16 27 34 57 36 41 54 68 89 55 53 39 12 19 4 3 6 2 5 42 12 11 15 9 4 2 3 1 3 13 18 9 24 12 11 28 38 5 7 4 8 29 7 11 22 41 29 16 37 41 66 52 56 39 36 46 60 68 41 78 43 52 45 30 57 32 23 51 52 44 20 20 29 27 22 17 25 21 25 25 11 8 2 1
43 27 23 24 17 30 15 46 21 44 51 18 25 47 38 30 41 66 46 68 75 79 71 66 20 12 8 3 5 9 28 37 25 14 16 17 16 4 8 10 4 3 6 3 5 20 7 18 16 16 4 3 7 6 9 11 20 39 19 25 25 15 50 47 52 32 51 39 74 55 30 62 55 48 53 48 29 18 71 45 33 32 50 37 52 54 49 57 56 37 37 30 17 11 5 4
44 16 35 30 21 19 23 34 28 33 69 31 34 30 33 45 68 42 66 61 81 84 60 45 54 7 6 10 18 16 28 10 26 10 23 5 30 13 8 16 4 2 2 1 6 9 25 31 17 38 30 18 11 2 4 6 23 10 11 8 18 11 43 36 35 22 47 45 54 25 20 25 52 24 49 27 26 33 60 35 47 44 40 58 74 69 74 56 51 58 34 32 16 13 7 7
43 24 32 33 40 20 25 31 13 52 70 60 39 26 46 43 50 63 79 51 49 61 69 77 35 24 30 41 53 27 28 13 20 21 4 8 12 16 17 19 13 2 2 4 8 12 33 28 12 55 42 30 32 20 19 5 6 5 9 6 12 9 6 18 10 18 20 32 24 13 16 16 46 31 18 7 36 43 35 36 58 75 82 74 77 76 51 59 62 37 38 22 16 16 14 21
58 60 22 52 59 34 13 33 13 33 31 63 47 35 38 8 46 82 51 56 56 37 64 73 39 27 68 71 65 61 68 26 6 7 7 27 29 6 11 14 24 4 4 8 11 12 24 65 56 53 46 44 53 18 43 34 25 7 3 2 9 16 5 7 8 15 12 21 6 6 20 27 28 22 56 50 22 17 46 65 69 71 69 69 59 70 69 77 56 35 32 20 17 26 42 22
80 84 64 61 23 19 14 13 12 41 21 12 48 58 15 38 74 48 35 31 47 22 13 53 61 67 72 65 71 55 78 65 24 23 27 44 20 17 3 10 29 16 5 9 20 40 20 20 59 37 49 72 57 42 54 25 32 47 34 30 33 8 28 11 6 3 13 21 23 31 22 3 4 7 13 48 53 64 38 67 67 52 73 59 55 57 71 75 58 49 44 29 60 56 18 16
63 59 72 18 14 15 23 18 16 23 24 5 14 26 31 43 23 56 56 43 35 46 11 20 61 76 71 44 37 58 42 30 55 50 47 42 52 44 15 12 41 32 6 8 30 23 14 9 28 16 62 70 47 80 64 33 60 32 23 25 48 14 25 32 24 12 26 29 51 19 31 9 8 9 18 10 20 63 61 64 42 59 74 65 46 57 78 66 59 52 52 56 69 51 20 39
74 73 62 31 28 33 39 27 14 20 32 4 16 31 37 23 22 71 50 34 44 72 42 40 64 92 62 17 41 42 29 32 11 18 75 47 24 23 18 30 54 43 17 12 22 18 17 22 24 48 50 79 80 84 61 61 63 40 57 37 48 34 34 26 23 28 13 18 44 21 47 62 43 31 17 23 21 13 50 76 83 48 65 59 43 77 62 44 57 70 58 74 50 44 32 63
29 49 67 65 12 13 33 34 45 24 23 8 27 55 38 13 22 81 33 51 43 43 31 68 45 54 33 46 55 43 32 34 18 51 85 63 47 19 15 44 26 11 22 10 15 11 13 19 22 30 26 71 69 83 67 64 75 46 63 59 47 53 27 28 29 20 45 20 39 54 68 66 46 27 30 16 16 28 17 67 62 60 32 61 74 38 48 50 62 53 60 48 33 42 43 82
17 24 34 43 55 13 26 16 13 39 35 15 25 47 40 24 35 78 47 46 27 19 72 74 65 55 27 62 59 44 22 12 58 88 85 82 74 32 44 46 36 7 23 14 20 29 24 17 24 8 6 33 76 86 60 68 59 60 79 71 52 36 23 16 51 26 64 43 35 55 70 64 27 20 31 26 32 31 25 32 67 80 74 50 28 61 71 72 61 72 30 48 47 65 46 77
12 19 32 19 43 46 33 30 16 29 48 12 27 55 35 47 39 50 57 68 65 20 44 51 81 69 65 68 66 71 44 80 89 79 76 87 80 42 35 54 31 11 22 18 20 30 28 19 25 17 23 35 77 81 58 47 54 84 78 78 50 22 37 48 67 50 78 68 56 34 74 55 59 48 42 31 30 36 29 26 41 74 63 77 70 41 68 31 69 37 34 58 46 77 48 62
10 6 4 4 13 29 13 7 13 22 27 15 38 60 42 16 35 30 52 66 74 65 31 37 40 45 74 86 59 61 78 85 86 72 78 76 63 77 53 59 37 62 42 48 26 35 45 47 33 33 22 39 66 89 68 50 79 68 82 73 50 37 37 48 78 58 72 67 57 38 62 51 41 14 37 24 11 30 31 20 11 59 75 66 50 84 61 57 60 58 57 68 73 77 78 45
7 4 0 1 12 12 3 5 10 17 9 25 58 50 17 9 19 26 53 55 68 87 56 31 26 38 77 76 84 43 84 71 68 69 88 83 63 77 52 63 52 87 39 66 45 37 36 25 27 26 23 18 45 82 69 77 67 79 89 66 42 45 54 69 72 58 65 63 50 17 22 30 52 48 55 32 15 26 34 40 48 13 62 69 64 76 83 86 92 73 85 87 74 44 78 33
10 10 3 1 11 7 4 8 12 9 15 25 37 41 14 6 43 39 34 40 49 62 76 74 55 38 60 70 83 78 75 86 83 55 57 45 49 75 32 44 89 76 55 41 30 43 30 40 47 52 52 25 33 61 60 68 67 81 82 67 60 72 70 73 77 40 62 66 51 24 22 45 61 53 35 63 25 21 30 38 45 30 20 60 66 85 77 51 52 66 67 83 74 45 57 68
12 5 5 2 4 3 2 17 9 9 7 14 56 31 10 5 37 23 33 46 48 62 70 68 71 45 49 27 47 74 64 70 74 66 65 63 48 38 53 86 53 71 36 22 35 62 46 48 56 59 47 44 27 32 30 53 67 72 81 62 50 62 61 83 78 52 61 75 31 12 14 38 34 45 79 64 33 33 15 45 35 50 49 19 56 79 77 74 74 66 48 46 62 41 26 47
6 6 2 2 1 1 1 9 9 4 17 33 51 47 10 5 20 5 22 60 59 62 30 39 66 53 53 42 67 90 84 79 56 69 52 34 41 33 66 43 42 40 21 54 78 57 50 53 42 33 32 31 27 25 10 16 49 66 81 50 67 64 83 89 87 51 77 62 51 28 17 29 52 69 88 41 32 62 23 39 38 45 57 40 18 63 67 50 32 47 43 41 32 44 44 41
14 11 6 3 2 1 1 2 7 9 12 38 25 17 26 9 24 6 3 16 20 53 33 30 30 19 38 56 79 88 68 76 78 74 67 41 23 36 76 23 53 56 68 77 78 55 72 33 24 33 62 59 66 63 57 25 10 8 38 49 53 65 81 88 87 61 90 66 64 52 28 31 51 86 70 30 61 55 30 26 47 53 55 46 35 11 30 52 43 44 27 41 62 69 55 54
7 5 2 2 1 1 1 0 3 9 15 20 18 7 7 4 23 8 4 24 19 27 16 25 36 30 27 55 31 57 64 63 65 56 19 31 44 47 52 28 67 67 82 69 62 46 79 70 72 55 58 54 54 37 44 16 7 8 10 37 63 84 77 86 79 53 79 74 40 31 37 56 49 70 42 51 76 62 53 64 52 57 43 42 47 32 10 18 22 29 46 57 64 67 61 49
3 3 3 2 2 1 1 1 1 3 8 15 15 12 5 3 23 6 2 12 9 10 14 19 15 33 34 41 30 10 24 29 24 20 43 48 66 79 53 52 31 67 92 62 39 77 70 59 76 57 58 46 32 39 38 44 24 11 12 56 79 75 84 88 84 81 77 83 68 28 46 37 41 20 30 72 65 30 53 33 41 43 40 39 47 34 41 18 7 31 50 68 76 68 61 35
6 2 6 8 4 4 4 3 2 3 5 9 7 6 5 2 10 4 2 5 9 8 6 8 11 22 25 25 28 21 9 7 13 32 40 71 81 56 60 69 48 83 88 60 72 68 64 42 85 62 72 57 67 71 71 54 36 14 16 28 71 64 83 84 79 72 78 83 73 46 31 46 51 46 50 56 67 82 40 47 31 26 48 40 27 44 59 52 20 19 26 23 34 40 43 35
19 16 10 19 14 11 10 8 5 1 2 4 3 4 3 4 3 2 2 4 4 5 2 4 8 11 15 17 17 32 6 7 12 31 78 82 63 43 69 75 64 73 80 66 58 68 62 56 83 67 56 71 59 67 67 53 37 18 11 15 20 61 77 80 71 64 80 73 50 19 30 59 30 52 74 65 74 50 25 63 36 36 44 43 69 51 33 38 47 45 39 16 9 9 14 18
31 14 25 22 26 18 24 12 6 4 1 1 1 2 3 2 3 2 1 1 4 4 2 2 2 3 17 13 12 5 9 4 18 70 64 66 28 59 84 68 51 53 64 27 35 83 54 77 82 78 56 70 81 54 28 30 33 34 29 17 21 34 56 66 66 64 47 54 28 25 45 46 40 59 69 77 60 45 54 61 53 29 46 74 70 67 49 44 49 50 59 51 30 11 5 11
32 33 38 22 33 25 17 14 11 10 9 3 2 1 1 1 2 2 1 1 2 1 1 1 1 2 11 17 9 6 11 2 30 54 40 24 34 74 86 72 38 43 42 32 77 67 49 53 87 85 47 54 54 70 53 32 9 16 20 28 24 32 25 33 22 42 50 46 20 40 54 53 47 46 68 61 54 62 32 19 56 50 57 68 72 57 53 46 35 42 53 46 37 18 14 4
45 30 42 44 37 24 22 25 14 13 8 6 5 2 1 0 1 1 1 1 1 1 1 1 1 2 2 11 2 3 10 3 15 33 15 22 33 52 51 57 43 48 27 67 72 29 55 89 85 78 78 36 21 28 22 26 11 14 26 38 23 36 24 16 15 28 23 22 18 47 46 63 36 59 66 59 74 40 46 32 58 33 33 38 47 67 66 48 38 30 49 41 43 35 28 10
33 23 47 47 20 26 11 13 26 17 10 10 7 6 3 1 0 0 0 0 0 0 1 1 0 1 1 1 1 14 4 2 3 5 9 32 37 49 82 60 53 38 52 52 50 46 50 89 83 74 92 70 43 55 50 27 12 8 5 15 38 25 20 10 13 26 18 15 24 36 54 59 53 28 36 36 47 43 41 48 13 59 42 51 56 64 59 61 68 48 47 48 50 55 30 19
19 34 70 45 40 21 40 21 31 27 13 12 8 3 2 2 2 1 1 1 1 1 1 0 0 0 0 1 2 12 1 3 3 2 12 33 39 13 36 32 44 37 36 51 38 46 65 86 81 81 85 85 44 29 23 18 15 20 15 3 5 11 11 11 11 17 13 15 16 34 46 62 55 58 19 33 50 43 23 28 49 33 25 57 62 59 62 69 59 72 60 67 65 58 40 29
25 43 64 39 36 33 19 22 33 24 19 15 9 8 3 5 3 4 4 4 2 3 1 1 2 1 0 0 1 5 1 3 4 4 10 14 13 17 12 6 31 45 25 20 31 71 82 82 75 65 79 78 59 44 47 53 43 28 20 6 2 9 7 5 11 8 8 11 24 35 32 43 39 37 48 44 35 55 83 81 71 73 50 53 50 50 56 64 75 63 77 71 62 60 55 49
28 58 26 30 38 28 25 16 31 27 10 8 15 7 5 4 4 5 5 5 5 5 4 3 2 2 1 0 1 2 1 1 3 5 7 8 10 16 16 7 14 48 31 12 38 52 83 75 36 31 42 67 82 73 53 47 39 24 11 5 2 11 5 3 5 6 8 18 25 35 33 38 44 59 72 73 66 83 81 78 70 52 38 27 30 53 73 65 64 69 76 76 74 75 64 55
57 22 31 27 20 31 30 19 10 11 16 16 15 13 5 8 6 7 7 12 10 6 9 5 7 3 2 0 0 1 1 1 2 4 10 9 15 14 14 4 7 17 25 8 29 34 63 36 19 23 48 56 80 74 66 46 40 25 11 8 2 4 3 2 8 6 11 27 26 32 36 35 65 72 86 71 78 70 75 55 26 19 24 44 18 48 63 60 76 84 76 60 43 37 29 23
20 26 43 64 54 38 13 8 10 26 23 19 9 16 13 14 11 17 15 13 14 13 8 10 8 4 2 1 0 0 0 0 0 3 5 20 28 15 16 6 5 5 8 2 9 18 14 20 25 40 42 66 84 74 66 62 53 37 34 13 3 2 3 1 6 10 15 13 12 24 45 49 56 61 63 67 71 60 42 33 38 28 50 53 79 54 41 66 83 72 58 59 57 52 43 40
44 56 47 15 14 20 25 11 18 32 28 22 22 21 18 24 14 20 19 26 9 20 16 12 7 4 1 1 0 0 0 0 0 2 4 8 9 13 17 8 9 7 8 2 6 14 21 53 69 69 85 68 85 81 74 54 54 31 19 10 3 4 3 1 1 3 6 16 26 25 40 64 39 47 46 62 64 25 15 29 28 35 67 60 78 56 74 63 67 59 60 61 55 60 61 53
48 29 37 34 32 20 27 14 34 35 32 33 47 29 36 30 29 41 33 19 20 23 25 8 9 4 3 1 1 0 0 0 0 1 2 4 11 23 20 6 3 5 6 4 7 17 45 31 59 63 59 53 89 83 74 46 28 18 11 4 3 1 1 0 0 2 9 26 34 27 34 57 48 35 30 41 27 32 53 52 34 64 66 60 70 79 63 60 59 57 47 56 59 66 59 73
27 24 16 14 12 11 6 21 42 37 37 55 39 45 42 43 49 22 17 39 28 32 28 11 5 3 4 3 2 1 1 0 0 1 2 2 1 7 13 5 4 4 5 6 14 16 9 22 39 76 45 62 80 63 65 50 32 16 6 4 2 1 0 1 0 1 6 15 39 26 29 13 24 38 29 43 47 49 45 42 43 69 62 57 64 62 37 63 37 45 57 66 66 47 75 75
15 23 33 37 32 17 16 27 41 59 55 53 39 50 67 63 40 24 26 52 35 19 15 12 6 5 5 4 2 2 1 1 0 0 2 2 1 1 1 1 1 2 3 5 10 8 12 25 65 24 21 49 85 65 48 25 19 13 13 7 2 1 0 0 0 1 5 7 14 22 20 17 37 29 37 46 60 72 70 70 65 86 62 43 41 50 63 81 76 51 53 58 49 57 62 57
28 48 34 56 26 25 27 45 45 60 58 26 28 54 51 39 31 31 45 65 26 21 17 15 8 7 4 3 2 1 1 1 1 0 0 1 1 1 1 1 1 2 2 2 3 9 16 9 50 17 35 64 81 48 26 22 15 7 4 6 2 2 0 1 0 0 2 2 9 11 21 30 45 42 68 71 81 54 37 26 79 78 78 53 20 53 74 89 83 75 79 49 70 54 49 79
46 47 67 57 31 49 47 50 69 62 47 34 40 61 42 59 23 38 67 33 23 20 22 18 16 11 5 4 2 2 1 1 1 1 0 0 1 0 0 0 1 1 2 2 3 6 10 10 6 13 37 72 78 42 30 21 9 7 6 4 3 1 1 1 0 0 3 7 13 19 28 35 50 62 71 64 33 35 28 71 77 79 81 82 41 57 82 84 72 65 61 69 50 55 36 55
61 65 41 31 40 50 50 70 39 53 24 48 52 79 63 45 26 62 21 17 37 20 14 9 12 9 8 7 5 3 4 3 2 1 1 1 0 1 1 0 0 1 1 2 4 10 3 11 2 5 25 56 85 75 31 20 11 4 5 3 2 1 1 0 0 1 4 13 27 30 32 41 51 47 42 49 44 59 72 79 73 78 67 81 72 62 66 37 22 19 46 81 70 49 32 36
71 54 40 30 41 55 66 17 61 28 33 53 71 74 51 29 60 50 30 13 14 22 7 7 12 12 17 8 11 9 6 5 2 2 1 1 1 0 0 0 1 1 1 2 2 5 1 5 1 9 16 10 50 58 27 13 6 4 3 1 2 2 1 0 0 3 6 8 12 18 23 28 35 41 63 69 68 68 72 63 70 60 46 72 65 45 37 47 62 66 80 40 55 52 30 28
36 54 42 35 50 71 73 28 58 52 68 52 80 50 37 48 60 26 29 24 54 30 15 10 18 28 19 24 18 20 8 3 1 3 2 1 2 1 0 0 0 1 1 2 2 1 3 5 1 6 7 37 46 24 20 15 12 6 2 1 2 2 1 1 0 0 3 8 12 12 16 22 37 34 33 34 37 37 83 46 67 72 53 49 40 28 62 67 67 80 76 59 46 59 59 57
85 38 56 57 68 45 51 61 60 51 58 59 51 44 43 73 33 44 36 65 55 30 36 25 15 38 41 37 46 24 15 4 2 2 1 1 1 1 1 0 0 1 1 1 1 1 10 2 1 5 33 43 54 14 13 17 8 6 4 2 2 1 1 0 0 0 1 3 6 8 3 11 11 14 30 46 45 47 73 64 53 67 85 41 31 49 50 60 77 69 64 73 57 58 46 57
79 93 88 91 85 58 17 11 57 35 66 74 84 77 61 68 65 75 56 69 54 51 48 41 38 47 65 67 28 30 16 7 8 4 2 3 1 1 2 1 0 0 1 1 0 1 1 1 0 5 15 48 41 9 13 13 11 5 2 3 2 1 1 0 0 0 3 6 7 14 20 32 49 45 28 30 46 78 72 75 76 56 58 69 38 44 64 63 54 37 73 85 55 46 58 66
63 87 73 81 77 61 75 35 55 45 22 39 81 86 89 62 47 54 66 66 62 56 67 50 62 63 73 55 49 40 29 18 10 9 9 3 2 2 2 1 0 0 0 1 1 1 1 0 0 4 11 7 21 6 17 7 10 7 3 2 2 2 1 0 0 1 4 7 13 25 44 37 24 41 64 44 60 77 76 89 77 62 55 49 12 25 29 47 68 81 87 64 84 55 53 61
46 85 63 77 77 65 87 63 41 73 52 42 70 78 73 64 73 52 78 87 88 70 59 43 79 66 68 52 36 26 30 20 18 16 12 7 4 2 1 1 1 0 0 0 1 1 1 0 0 1 3 5 24 13 26 19 7 10 3 4 1 1 0 0 1 2 5 5 11 24 46 58 64 54 71 76 79 77 69 84 82 50 33 26 15 24 48 67 60 90 61 70 80 83 58 58
51 80 67 63 80 56 63 26 45 76 57 33 12 56 67 65 73 57 52 81 85 50 72 38 69 54 69 51 41 18 25 39 34 28 21 7 3 2 3 1 1 0 0 0 2 1 1 0 0 0 2 9 23 5 7 2 8 10 8 2 1 0 0 0 1 2 6 5 12 21 34 50 45 32 33 46 82 58 80 80 88 84 24 16 15 32 61 40 72 84 71 80 67 61 43 65
15 40 27 52 73 58 57 15 47 80 44 26 17 32 67 63 67 61 30 35 62 43 39 59 28 25 74 44 22 13 7 10 16 12 12 11 5 5 5 2 1 0 0 0 0 1 1 1 0 1 2 12 7 15 6 2 3 2 1 1 1 0 0 0 1 1 3 3 7 12 20 18 26 42 45 61 87 89 72 63 77 82 61 16 8 23 25 49 79 67 61 29 22 30 42 62
15 42 68 51 59 41 69 45 57 81 66 35 30 29 64 79 48 10 12 24 33 20 26 66 35 16 57 45 51 16 1 11 26 20 7 15 10 7 2 1 0 0 0 0 0 1 1 0 0 2 3 8 3 4 3 3 1 1 1 1 1 0 0 0 1 1 1 2 3 9 19 24 43 44 55 80 88 87 82 46 52 65 56 25 7 17 38 61 57 29 29 60 59 58 62 75
24 14 14 19 27 41 73 28 62 63 83 50 29 23 27 21 14 11 12 28 23 21 14 57 18 38 45 32 52 62 23 11 12 10 10 14 10 6 3 2 1 0 0 0 0 0 1 1 0 1 4 7 1 2 2 6 2 1 1 1 0 0 0 0 1 2 13 8 13 31 44 65 72 55 70 93 89 87 81 59 14 30 47 40 9 19 35 58 43 45 86 64 46 53 41 76
27 32 14 14 25 42 64 54 35 52 76 49 19 9 26 27 11 29 10 12 19 17 13 58 16 12 42 31 36 50 29 18 24 7 4 4 1 2 1 1 1 1 0 0 0 0 0 0 0 1 3 4 0 2 1 1 2 2 1 0 0 0 0 0 1 2 4 17 37 50 77 53 32 49 80 92 87 77 74 75 59 15 44 40 10 18 38 35 28 71 68 49 63 79 21 11
28 36 24 16 21 14 58 63 51 22 78 42 13 4 20 18 26 30 20 11 14 18 4 21 44 4 12 15 39 64 22 5 10 6 10 9 6 4 2 1 1 1 1 0 0 0 0 0 0 1 4 3 1 1 1 1 1 1 0 0 0 0 0 0 0 3 6 19 34 32 18 24 47 56 76 77 84 74 63 44 59 22 13 17 17 32 23 20 60 85 45 59 66 75 67 23
40 26 25 10 10 11 41 68 30 27 60 52 28 4 18 18 37 28 22 15 15 27 10 12 66 10 17 16 33 36 38 25 21 22 15 10 7 5 3 1 0 0 0 0 0 0 0 0 1 2 6 4 1 1 1 0 0 1 1 0 0 0 0 0 1 4 18 24 17 13 30 39 55 86 75 65 79 47 28 23 49 26 13 3 5 23 23 44 81 55 44 56 77 64 65 31
67 15 25 11 9 13 24 30 9 8 67 39 5 3 15 17 32 23 34 22 24 20 18 13 25 13 5 16 22 21 33 36 18 10 7 3 4 4 4 2 1 0 0 0 0 0 0 0 0 1 4 2 1 0 0 0 0 0 0 0 0 0 0 0 1 7 8 6 6 12 38 48 78 84 81 58 38 55 18 20 47 15 5 2 10 31 45 57 66 24 56 83 74 68 78 41
16 25 11 9 7 6 8 13 9 13 49 19 9 3 9 14 27 8 23 15 14 18 16 11 16 23 9 5 2 13 13 27 11 6 7 5 2 1 2 2 1 0 0 0 0 0 0 0 1 2 3 1 1 1 0 0 0 0 0 0 0 0 0 0 1 4 2 1 9 30 39 49 80 85 67 52 32 41 42 10 15 11 3 3 12 19 37 62 36 40 76 66 64 65 60 52
15 9 20 18 7 7 3 4 3 4 13 6 16 6 4 9 26 9 5 16 6 4 2 19 18 31 3 3 1 3 18 29 28 10 5 2 2 1 1 0 0 0 0 0 0 0 0 0 0 1 1 1 0 0 0 0 0 0 0 0 0 0 0 0 2 1 0 3 14 29 46 74 72 71 62 52 31 21 38 14 6 8 3 3 11 16 45 51 37 28 33 52 46 40 56 62
27 14 9 21 23 12 9 3 2 7 6 4 13 15 4 7 13 13 4 5 4 4 3 39 14 19 9 1 1 1 4 6 21 18 7 4 2 1 1 0 2 1 0 0 0 0 0 0 1 1 1 1 1 0 0 0 0 0 0 0 0 0 0 1 1 0 1 6 18 51 58 78 75 56 31 14 10 10 13 14 8 3 2 3 8 14 29 27 19 14 32 27 19 34 53 66
29 16 7 11 14 22 8 3 1 5 6 3 2 5 3 4 7 10 3 3 2 1 2 5 1 4 13 1 1 1 1 4 18 19 6 3 3 8 5 2 1 0 0 0 0 0 0 0 0 0 0 1 1 0 0 0 0 0 0 0 0 0 0 0 0 0 1 4 19 73 68 64 78 66 30 13 4 1 3 8 5 2 1 2 5 11 21 11 8 25 36 42 71 58 72 64
58 28 12 3 8 14 19 2 3 7 8 4 1 3 2 1 4 10 3 2 1 1 0 2 0 1 6 4 1 2 0 1 6 35 15 5 2 1 1 1 1 0 0 0 0 0 0 0 0 0 0 0 0 1 0 0 0 0 0 0 0 0 0 0 1 3 5 19 39 45 76 79 58 69 54 22 11 4 1 1 4 2 1 0 1 4 5 3 9 23 31 69 71 61 57 62
39 72 22 9 3 4 4 3 4 5 4 2 5 1 2 1 1 10 3 1 1 1 0 1 1 0 2 3 1 1 1 0 2 9 23 11 3 3 4 2 1 0 0 0 0 0 0 0 0 0 0 1 0 0 0 0 0 0 0 0 0 0 0 0 1 4 8 6 18 39 65 58 45 41 62 27 10 3 1 0 1 0 0 0 1 1 1 4 14 25 59 64 40 54 64 63
8 52 60 31 10 4 1 7 2 2 2 2 5 2 1 1 1 8 4 2 1 0 0 1 2 0 1 2 1 2 1 0 2 2 3 16 4 1 2 2 1 0 0 0 0 0 0 0 0 0 0 0 0 0 0 0 0 0 0 0 0 0 0 0 1 1 1 6 47 52 52 47 33 33 29 22 10 3 3 1 0 0 0 0 2 7 6 4 11 30 33 23 28 51 68 61
4 22 28 46 15 6 3 6 5 1 3 2 2 2 3 2 1 2 6 1 1 0 0 0 1 0 1 1 0 2 2 0 2 2 2 1 14 5 4 1 1 0 0 0 0 0 0 0 0 0 0 0 0 0 0 0 0 0 0 0 0 0 0 0 1 1 4 8 35 61 52 65 46 10 9 13 7 6 4 2 0 0 0 0 2 5 17 26 10 9 9 22 41 53 77 55
9 13 10 26 8 4 4 3 4 3 2 2 2 3 2 2 1 1 3 2 1 0 0 1 2 1 1 1 0 1 2 1 0 1 1 4 5 1 6 2 0 0 0 0 0 0 0 0 0 0 0 0 0 0 0 0 0 0 0 0 0 0 0 0 1 2 3 14 33 45 76 61 56 25 7 3 6 3 3 1 0 0 0 2 3 7 19 42 39 30 34 25 44 54 79 67
5 11 3 11 10 10 5 4 3 2 1 1 1 1 1 2 1 1 1 2 1 0 0 0 0 1 1 1 1 0 0 0 0 1 2 4 4 1 8 1 1 1 0 0 0 0 0 0 0 0 0 0 0 0 0 0 0 0 0 0 0 0 0 0 1 1 3 9 29 23 61 53 39 26 28 7 5 3 1 0 0 0 0 1 5 12 21 36 53 50 49 48 42 68 91 78
7 4 5 3 4 2 3 2 10 6 2 1 1 1 1 1 1 1 1 1 1 1 0 0 0 1 0 1 1 0 0 0 1 1 7 9 3 2 1 1 1 1 0 0 0 0 0 0 0 0 0 0 0 0 0 0 0 0 0 0 0 0 0 0 1 1 4 19 35 46 51 58 43 21 13 11 4 2 1 0 0 0 1 0 2 9 14 27 39 29 50 56 75 91 91 75
2 5 3 2 1 1 1 1 1 1 1 1 0 0 0 0 0 0 0 1 1 0 0 0 0 1 0 0 0 0 0 0 1 2 3 5 7 16 12 6 1 1 0 0 0 0 0 0 0 0 0 0 0 0 0 0 0 0 0 0 0 0 0 0 1 3 14 28 39 53 54 49 45 26 6 3 3 1 0 0 0 1 3 3 2 1 4 7 15 33 40 68 68 89 88 68
1 2 1 1 0 0 0 0 0 0 0 0 1 0 0 0 0 0 0 0 0 0 0 0 0 0 0 0 0 0 0 0 0 0 1 1 1 1 1 0 1 0 0 0 0 0 0 0 0 0 0 0 0 0 0 0 0 0 0 0 0 0 0 0 1 2 4 10 29 48 28 55 26 13 4 2 1 1 0 0 0 1 3 6 16 9 13 14 28 53 59 65 79 79 65 53
0 0 0 0 0 0 0 0 0 0 0 0 0 0 0 0 0 0 0 0 0 0 0 0 0 0 1 0 0 0 0 0 0 0 0 0 0 0 0 0 0 0 0 0 0 0 0 0 0 0 0 0 0 0 0 0 0 0 0 0 0 0 0 0 1 2 3 8 16 13 23 28 21 8 2 1 1 0 0 0 0 0 1 3 7 21 36 36 55 76 70 54 68 52 53 39
1 0 0 0 0 0 0 1 0 0 1 1 1 2 0 0 0 0 0 0 0 0 0 0 0 0 0 0 0 0 0 0 0 0 0 0 0 0 0 0 1 0 0 0 0 0 0 0 0 0 0 0 0 0 0 0 0 0 0 0 0 0 0 0 0 2 3 14 11 13 19 11 9 2 1 0 0 0 0 0 0 1 3 5 7 25 68 63 27 36 75 85 51 19 19 31
3 1 0 1 1 1 1 3 1 2 4 5 7 4 3 1 1 0 0 0 0 0 0 0 0 0 0 0 0 0 0 0 0 0 0 0 0 0 0 0 0 0 0 0 0 0 0 0 0 0 0 0 0 0 0 0 0 0 0 0 0 0 0 0 1 3 4 3 5 7 7 5 5 1 1 0 0 0 0 1 1 3 4 9 29 37 29 9 20 58 87 81 73 18 9 11
7 2 1 4 4 5 5 5 7 8 8 6 7 12 4 2 1 1 1 0 0 0 0 0 0 0 0 0 0 0 0 0 0 0 0 0 0 0 0 0 0 0 0 0 0 0 0 0 0 0 0 0 0 0 0 0 0 0 0 0 0 0 0 0 1 3 6 3 1 1 3 3 1 0 0 0 0 0 0 1 3 4 11 24 25 7 4 10 31 79 83 65 41 34 4 1
11 7 3 11 11 20 12 15 23 15 21 14 22 12 7 4 7 3 1 1 1 0 0 0 0 0 0 0 0 0 0 0 0 0 0 0 0 0 0 0 0 0 0 0 0 0 0 0 0 0 0 0 0 0 0 0 0 0 0 0 0 0 0 0 1 2 5 4 1 2 1 1 0 0 0 0 0 0 0 1 3 9 7 5 2 2 7 22 43 63 62 51 20 35 7 1
22 17 10 26 42 64 45 36 55 43 37 25 47 32 27 16 5 2 2 3 1 0 1 1 0 0 0 0 0 0 0 0 0 0 0 0 0 0 0 0 0 0 0 0 0 0 0 0 0 0 0 0 0 0 0 0 0 0 0 0 0 0 0 0 1 2 7 4 1 1 1 0 0 0 0 0 0 0 0 1 3 3 2 0 2 8 15 45 60 45 44 23 11 15 17 1
61 63 46 36 38 35 22 13 38 21 20 20 21 34 33 9 7 7 5 5 3 0 0 0 1 0 0 0 0 0 0 0 0 0 0 0 0 0 0 0 0 0 0 0 0 0 0 0 0 0 0 0 0 0 0 0 0 0 0 0 0 0 0 0 0 2 7 6 1 1 0 0 0 0 0 0 0 0 0 1 1 0 0 2 4 10 19 64 66 83 31 6 3 4 8 1
49 33 57 37 31 38 32 25 18 13 21 32 18 12 22 41 26 8 1 1 1 0 0 0 0 1 0 0 0 0 0 0 0 0 0 0 0 0 0 0 0 0 0 0 0 0 0 0 0 0 0 0 0 0 0 0 0 0 0 0 0 0 0 0 0 1 4 10 3 1 0 0 0 0 0 0 0 0 0 0 0 0 2 4 6 10 36 32 47 57 48 7 1 0 3 2
47 15 47 44 14 5 16 22 25 21 9 9 42 11 15 26 12 7 3 2 2 1 1 0 0 1 0 0 0 0 0 0 0 0 0 0 0 0 0 0 0 0 0 0 0 0 0 0 0 0 0 0 0 0 0 0 0 0 0 0 0 0 0 0 0 0 1 4 3 1 0 0 0 0 0 0 0 0 0 0 0 1 2 4 15 28 37 28 20 17 45 10 2 0 0 1
