sesion_6_simulaciones/modelos_agentes/ejemplos_netlogo/scenarios/cgcm2_b2/rob_2039.asc
NCOLS 322 
NROWS 307 
XLLCORNER 451900 
YLLCORNER 4086900 
CELLSIZE 100 
NODATA_value -9999 
[rows 0 to 72 of 307, columns 192 to 287 of 322]
43 39 21 12 33 59 33 15 14 18 20 7 5 3 6 4 3 2 4 3 3 3 2 2 3 5 3 6 6 18 5 1 1 0 0 0 1 1 0 2 2 1 1 5 8 11 10 19 32 40 26 29 36 46 45 58 45 82 49 41 8 11 18 44 55 41 57 52 26 38 21 11 15 21 39 22 19 38 57 27 15 17 16 19 16 12 30 27 25 28 10 23 34 61 20 6
51 30 35 32 40 59 19 29 40 25 16 11 17 15 8 7 9 2 3 5 5 2 1 1 2 6 2 2 2 3 17 6 1 0 0 0 0 0 1 1 2 0 0 1 3 4 9 11 24 67 79 62 43 44 45 45 69 68 68 20 25 14 46 41 52 49 55 40 44 19 6 24 11 20 51 24 53 39 34 35 27 33 34 20 15 7 20 28 30 27 16 28 25 31 16 13
30 56 36 35 60 49 36 17 10 24 24 24 38 36 19 28 17 13 20 19 15 5 3 1 1 1 1 0 0 1 1 5 4 1 1 0 0 0 1 0 0 0 2 5 5 10 12 19 25 47 54 50 61 51 67 75 41 36 46 24 23 30 40 30 34 62 30 27 20 26 14 15 13 20 61 23 60 49 26 42 29 25 30 31 15 5 13 16 30 22 16 43 23 40 14 3
40 40 65 54 44 36 34 33 32 53 29 47 61 47 38 53 36 17 26 38 21 16 10 4 3 2 0 0 0 0 0 1 0 1 1 1 1 0 0 0 1 2 1 1 3 13 13 19 7 17 14 19 31 61 49 56 53 20 28 34 38 20 23 43 31 59 45 38 53 20 30 25 8 8 42 23 31 26 33 40 30 29 31 33 17 5 11 25 39 17 28 25 23 37 10 2
30 23 44 14 51 58 52 38 53 47 45 33 37 31 39 58 41 45 46 49 39 19 13 11 5 6 3 5 3 1 0 0 0 0 0 1 0 0 0 0 1 1 1 2 2 4 5 9 31 51 57 49 47 41 64 68 31 26 9 11 35 34 27 42 43 57 36 26 16 11 9 8 11 7 21 21 17 31 56 64 54 21 20 40 35 24 3 20 23 33 31 18 33 47 16 3
31 25 42 36 24 30 53 27 51 41 29 36 13 36 46 47 49 47 17 13 28 14 9 14 11 9 4 7 4 1 1 1 0 0 0 0 0 0 0 0 0 1 2 5 11 24 31 43 43 29 36 39 45 63 80 57 35 27 9 46 65 64 57 58 45 65 27 34 40 32 40 28 23 17 12 17 25 24 35 28 40 63 45 33 36 25 8 15 21 25 12 18 29 29 18 5
23 12 14 33 24 18 50 19 14 26 34 59 33 17 31 43 39 39 21 7 9 24 27 31 13 10 12 7 6 4 3 2 2 1 1 0 0 0 0 0 0 1 2 4 19 11 18 25 48 37 42 78 43 68 72 40 28 30 16 35 51 59 58 60 69 62 51 45 45 18 28 27 20 29 25 12 5 18 38 42 31 56 36 18 10 33 11 10 12 12 13 25 42 52 13 12
17 12 12 16 36 27 42 52 15 7 15 21 38 12 4 14 9 16 20 10 8 13 7 11 14 10 11 6 9 7 6 5 4 3 3 1 2 1 0 0 0 2 4 8 14 22 25 47 69 65 67 44 57 55 63 34 21 8 17 23 33 30 29 24 25 55 34 26 47 27 25 19 24 28 28 18 5 26 45 24 50 63 42 18 10 26 20 9 10 22 24 27 52 33 18 14
31 23 21 11 19 16 27 53 54 23 10 9 18 26 12 9 5 15 21 13 11 17 4 9 21 13 11 10 10 15 12 10 10 8 4 3 1 0 0 0 1 2 4 8 23 22 16 32 42 56 43 29 69 50 48 19 9 42 64 51 63 52 60 46 53 77 46 35 15 16 23 20 22 22 18 10 6 13 17 31 44 57 44 27 11 12 12 7 7 27 21 31 27 36 17 26
21 23 23 12 11 6 22 22 46 36 24 13 12 14 17 7 7 5 16 15 14 19 5 5 11 11 9 6 4 8 2 4 8 8 5 2 1 0 0 0 0 1 3 6 13 6 7 35 19 15 16 73 45 47 26 12 25 55 62 74 55 82 69 43 61 34 58 47 43 18 19 28 26 13 10 7 5 10 36 19 12 43 47 42 20 9 16 5 7 9 12 36 25 35 20 49
27 24 25 23 11 5 3 4 8 19 12 9 6 16 10 6 8 2 4 10 7 16 21 4 5 5 19 7 2 5 10 1 0 0 1 3 1 1 0 0 1 1 4 11 2 9 16 19 5 10 47 50 22 35 14 9 25 43 41 57 78 79 47 30 33 49 59 58 64 46 56 36 31 25 14 10 4 4 12 23 25 50 65 40 41 14 8 11 3 11 32 14 20 15 17 57
51 33 16 19 18 15 10 6 4 4 4 4 7 7 5 4 3 6 3 4 9 13 10 5 1 3 10 7 2 2 7 7 1 0 0 1 2 1 0 0 2 4 4 2 1 1 7 2 5 28 56 38 16 14 6 30 34 31 40 76 63 57 15 27 40 44 68 64 54 61 45 36 41 40 35 24 8 6 18 21 22 69 46 54 37 26 9 5 4 16 18 10 27 10 31 64
58 42 39 52 42 38 32 18 30 16 12 6 3 3 2 2 2 9 6 2 2 5 4 3 1 2 4 3 2 1 1 3 1 0 0 0 1 1 0 0 2 2 2 4 4 4 13 2 8 37 26 10 2 12 34 50 52 60 82 69 19 26 29 21 22 23 38 39 62 41 22 34 53 54 47 24 8 2 16 25 51 58 22 33 48 29 14 3 4 16 14 9 29 9 25 33
68 64 61 64 59 53 39 34 31 31 26 22 8 6 3 2 1 1 1 1 1 1 1 1 1 2 3 2 1 0 1 2 1 1 0 0 0 1 1 1 1 2 1 1 1 6 3 2 12 8 4 1 4 15 23 35 62 58 50 12 46 63 57 45 46 26 22 22 56 46 59 69 47 32 26 25 11 4 9 20 49 21 15 32 61 31 20 8 3 5 6 8 14 8 20 16
25 63 67 66 58 61 38 46 21 22 33 19 14 14 12 8 5 2 1 1 0 0 0 1 1 1 1 1 0 0 1 1 1 1 0 0 1 1 1 1 1 1 1 1 0 1 1 2 3 2 1 2 5 7 21 33 37 10 33 49 62 58 58 79 83 72 65 47 49 59 64 52 59 42 21 15 8 4 8 19 25 11 7 44 59 59 33 33 12 2 4 6 6 8 24 20
36 53 64 45 52 73 57 32 48 33 22 29 23 28 26 14 8 3 1 1 1 0 0 0 1 1 0 0 0 0 0 1 1 1 1 0 0 0 1 1 0 1 1 0 0 0 2 2 1 1 4 3 3 7 12 20 9 36 42 46 59 71 81 71 66 75 42 33 67 20 49 78 54 40 42 40 35 17 6 18 21 11 4 9 26 53 14 8 11 9 2 8 4 6 22 18
64 15 64 45 40 63 71 73 39 20 30 25 38 31 25 15 15 8 5 4 3 2 1 0 0 0 1 1 1 0 0 0 0 0 1 0 1 0 0 1 0 0 0 0 0 0 0 0 1 5 4 11 10 7 7 23 36 38 43 45 67 56 76 66 68 44 32 59 46 37 38 21 56 33 58 62 60 35 22 6 34 17 11 3 9 27 37 9 3 4 2 2 4 9 6 6
37 12 48 27 42 53 58 37 65 72 39 47 48 15 13 12 17 14 8 7 5 4 2 1 1 1 2 2 1 1 0 0 0 0 0 0 0 0 0 0 0 0 0 0 0 0 1 3 4 4 8 20 19 21 9 22 27 57 57 56 74 58 54 47 31 31 49 62 49 32 18 20 49 54 61 58 62 59 37 10 6 14 15 9 3 9 21 13 8 1 4 0 4 7 3 3
24 28 27 30 19 41 51 28 28 64 34 56 67 37 24 14 25 34 28 16 12 5 2 2 2 2 3 3 4 1 1 1 1 0 0 0 0 0 0 0 0 0 0 0 1 1 4 4 4 6 14 22 20 15 28 34 42 41 31 46 65 30 17 11 29 33 29 79 64 23 25 16 51 49 15 31 69 57 55 33 8 5 25 12 6 2 9 12 12 4 1 1 6 3 1 1
27 9 14 22 15 21 53 18 13 38 46 58 57 39 45 34 8 14 17 24 11 7 5 4 4 4 4 6 6 5 3 2 1 1 1 0 0 0 0 0 0 0 0 1 2 2 3 6 3 9 19 16 31 31 36 39 13 10 24 44 71 27 12 37 51 46 60 67 49 38 23 10 19 52 43 15 31 42 50 44 32 7 6 13 9 3 2 6 13 8 1 0 4 1 3 7
45 14 15 15 4 10 34 16 24 16 34 22 37 14 22 27 6 4 12 27 13 19 8 4 13 8 5 3 4 3 2 1 1 1 1 1 0 0 0 0 0 0 1 2 3 4 2 2 9 21 16 21 41 50 65 61 39 31 44 47 48 17 18 52 52 47 47 21 45 47 31 8 11 23 58 29 12 18 62 33 24 8 3 6 8 2 3 9 5 5 0 1 1 1 6 21
22 5 18 15 4 3 12 32 5 12 40 28 37 16 13 7 7 1 4 26 23 11 7 7 3 4 1 1 1 1 1 1 1 1 2 1 1 0 0 0 0 0 1 2 2 4 3 8 9 10 8 16 28 65 73 77 75 65 49 42 26 13 33 43 62 56 47 27 23 42 18 8 11 17 52 31 12 14 21 41 24 15 5 3 8 3 4 6 3 1 1 5 2 5 19 28
29 5 23 29 7 4 6 14 4 4 30 16 12 5 2 7 6 5 1 3 5 10 22 19 6 1 4 2 1 1 1 0 0 0 1 2 1 0 0 0 0 1 2 2 1 1 1 2 2 3 3 12 27 24 44 65 52 40 21 65 30 14 34 44 43 51 71 41 34 14 9 9 24 38 66 29 12 15 25 52 24 9 4 2 3 6 3 6 2 1 4 23 10 11 12 24
18 13 10 23 2 5 8 13 9 2 3 2 3 10 3 2 8 7 2 4 4 5 13 7 6 2 3 3 2 0 0 0 0 0 0 1 1 0 0 0 0 0 0 1 1 0 1 1 4 4 3 10 11 19 22 18 14 32 55 33 12 24 39 37 54 71 48 37 36 23 9 13 24 42 45 20 17 13 20 41 29 28 9 2 2 3 3 5 1 2 5 5 16 31 16 21
5 3 7 6 3 1 8 14 4 1 3 2 2 5 6 3 4 5 4 1 1 2 3 2 2 1 2 4 3 1 0 0 0 0 0 0 0 1 0 0 0 0 1 1 1 3 4 4 4 6 11 7 5 3 4 11 30 34 61 25 10 38 33 30 57 77 43 50 43 22 14 14 23 55 35 18 22 11 14 26 25 24 18 9 2 1 4 2 1 9 11 12 15 14 54 24
2 2 1 4 2 1 9 12 4 1 1 2 1 1 4 5 2 1 2 2 1 1 1 2 1 1 1 2 6 1 0 0 0 0 0 0 0 0 0 0 0 0 0 0 1 2 3 1 2 6 8 18 15 31 22 26 28 47 47 8 18 32 26 20 45 60 36 38 32 25 11 11 25 55 22 28 21 7 6 11 13 20 10 3 4 1 1 2 7 20 24 29 38 26 19 49
1 1 1 1 0 2 5 5 2 1 0 1 1 0 0 2 2 2 1 2 1 0 1 1 0 0 1 1 1 1 1 0 0 0 0 0 0 0 0 0 0 0 0 0 1 1 1 1 3 4 11 16 16 28 43 59 61 69 31 8 22 30 21 29 69 61 18 33 34 20 12 6 18 51 21 16 14 11 2 4 12 18 6 3 1 1 2 7 19 19 25 26 35 48 65 40
0 0 0 0 0 0 0 0 0 0 0 0 0 0 0 0 0 0 1 1 0 0 0 0 0 0 1 1 0 1 1 0 0 0 0 0 0 0 0 0 0 0 0 0 0 1 2 2 2 9 9 13 19 27 40 68 48 37 7 23 34 24 45 56 79 41 45 21 19 19 16 9 27 50 28 14 12 11 2 4 11 16 9 9 3 0 2 6 8 6 7 7 9 15 36 42
0 0 0 0 0 0 0 0 0 0 0 0 0 0 0 0 0 0 0 0 0 0 0 0 0 0 1 0 0 0 0 0 0 0 0 0 0 0 0 0 0 0 1 1 1 1 4 10 3 9 6 9 14 15 53 40 17 5 19 31 33 30 54 78 49 26 36 17 15 16 13 7 14 41 56 27 14 6 2 3 8 17 13 5 2 0 2 3 2 7 9 18 23 23 23 39
0 1 1 1 1 0 0 0 0 1 1 0 1 1 1 1 1 0 0 0 0 0 0 0 0 0 0 0 0 0 0 0 0 0 0 0 0 0 0 0 0 1 1 1 2 3 4 3 11 8 7 7 17 19 48 11 6 11 25 33 29 32 54 76 32 22 20 29 12 5 4 7 24 43 18 37 20 7 2 1 12 10 13 5 2 0 2 6 12 22 14 28 41 37 35 16
1 2 1 2 1 0 0 1 1 2 2 2 2 2 3 2 2 1 1 0 0 0 0 0 0 0 0 0 0 0 0 0 0 0 0 0 0 0 0 0 1 1 1 3 3 5 6 5 9 26 28 27 18 27 14 6 2 17 21 29 17 31 52 61 37 14 19 24 16 9 2 6 31 13 10 43 27 10 3 1 5 4 8 4 1 1 5 6 8 15 17 18 13 14 20 41
2 3 3 3 1 1 1 3 2 2 3 3 6 4 5 5 3 2 1 2 1 1 1 0 0 0 0 0 0 0 0 0 0 0 0 0 0 0 0 1 1 1 2 2 5 7 10 20 17 21 11 42 26 14 14 10 4 14 25 39 41 34 59 25 11 26 29 13 23 8 2 6 12 12 7 39 15 9 2 2 4 4 4 2 1 2 11 19 25 18 16 9 18 22 24 32
8 7 4 6 3 2 2 2 2 3 7 8 8 11 9 4 3 2 2 2 2 2 1 1 1 1 0 0 0 0 0 0 0 0 0 0 0 0 0 1 1 1 1 3 6 8 16 20 16 16 10 5 15 15 17 2 8 15 14 26 26 41 41 45 39 21 13 10 27 17 5 3 10 8 16 42 12 7 4 1 2 3 3 1 2 5 13 34 41 38 42 26 32 44 36 60
12 11 12 5 5 4 2 4 8 10 13 11 12 8 11 6 5 4 3 6 4 4 2 1 1 2 1 1 0 0 1 0 0 0 0 0 0 0 0 0 0 1 2 2 4 12 6 2 22 16 10 5 13 15 2 2 6 10 13 29 41 49 55 27 15 14 20 13 10 12 7 3 10 8 12 20 15 13 4 1 1 2 1 1 4 6 8 10 8 11 14 26 41 43 70 66
16 16 17 15 12 3 3 7 12 18 19 17 17 15 14 12 8 15 9 7 2 2 1 2 2 1 1 1 1 1 0 0 0 0 0 0 0 0 0 1 1 1 3 3 2 3 3 6 6 8 8 2 5 1 3 2 3 6 8 23 42 53 34 49 24 12 11 10 8 12 12 3 4 6 11 13 13 5 3 1 0 1 1 2 7 3 4 10 26 34 36 30 20 65 39 50
29 41 28 8 14 5 8 9 27 24 21 21 24 39 36 20 19 13 7 10 4 3 1 4 4 1 1 1 3 1 0 0 0 0 0 0 0 0 0 0 1 2 3 1 2 3 3 6 5 4 2 2 3 1 2 1 4 13 18 31 26 24 40 52 16 8 5 5 9 8 6 3 2 4 5 14 11 6 3 1 0 1 2 5 12 16 15 15 23 21 20 44 45 57 33 15
50 63 26 24 30 10 8 32 32 45 19 30 40 32 48 27 12 7 16 9 6 4 1 7 1 1 2 3 1 0 0 1 1 0 0 0 0 0 0 0 1 1 1 1 1 4 10 9 6 3 2 1 1 2 3 6 11 8 6 9 15 28 33 48 22 10 8 6 4 3 3 3 1 3 7 5 4 6 3 1 0 2 7 5 12 30 33 37 39 41 24 34 28 31 34 11
43 60 29 25 36 16 16 46 42 47 15 32 57 41 56 25 19 18 22 22 11 3 4 2 2 4 7 1 0 1 1 1 1 1 0 0 0 0 0 0 0 0 0 1 2 7 7 3 8 2 1 1 3 3 4 3 3 2 8 12 13 35 40 31 14 42 39 23 11 9 4 3 1 2 3 2 3 3 1 0 1 5 12 24 22 31 44 39 36 34 37 43 12 4 23 15
62 35 36 30 39 18 21 50 71 46 13 47 68 57 57 53 26 38 50 24 11 4 9 3 7 7 1 1 1 1 1 1 2 1 1 1 0 0 0 0 0 0 0 1 8 3 5 1 2 3 1 1 4 4 5 5 4 8 29 39 34 32 64 30 39 22 26 26 9 5 4 3 1 1 1 2 1 2 0 0 1 3 5 15 15 8 17 8 8 10 7 56 35 14 10 5
82 65 40 31 38 20 34 55 82 38 22 38 67 67 67 37 28 71 30 6 7 19 13 9 9 3 2 2 3 3 1 2 2 1 0 1 1 1 1 1 0 0 0 0 1 1 1 0 0 0 0 1 2 6 6 14 17 20 15 30 47 44 27 43 33 30 8 16 30 8 3 1 1 0 1 1 1 1 1 1 2 5 6 7 7 4 6 14 24 43 58 76 43 13 8 3
75 75 43 46 50 27 38 63 76 47 26 47 84 83 47 56 34 33 10 6 13 39 42 20 10 9 3 3 5 3 2 5 2 1 1 1 1 2 1 1 0 0 0 0 0 0 0 0 0 1 2 3 7 9 11 19 15 13 32 58 56 54 34 43 7 54 34 6 5 20 16 8 4 1 0 1 1 0 0 1 2 2 2 5 4 6 24 29 27 22 31 55 21 10 7 3
75 65 44 57 52 48 37 66 75 49 36 51 84 74 56 41 18 10 3 14 32 41 21 7 5 2 2 9 7 3 5 4 2 1 1 2 2 2 2 0 0 0 0 0 0 0 0 0 1 1 2 2 5 6 6 9 13 30 24 68 47 20 19 67 31 13 39 13 4 2 5 6 7 5 2 1 0 0 0 0 2 2 2 3 6 12 23 22 19 34 21 29 24 13 5 2
76 65 40 61 57 55 50 51 61 41 36 51 65 32 32 23 9 12 9 20 44 17 11 10 4 4 3 13 10 5 12 5 1 2 2 3 3 6 3 1 1 0 1 1 0 0 0 0 1 1 1 2 5 5 13 16 8 25 37 53 11 4 20 55 18 16 9 31 8 1 2 2 5 3 4 3 1 0 0 0 1 2 3 2 3 9 33 14 11 43 16 14 17 5 2 2
49 48 44 63 57 44 60 49 73 75 63 53 47 37 48 43 30 35 16 25 40 19 14 11 7 5 5 19 16 8 14 5 4 3 3 5 5 5 1 2 3 1 1 0 0 0 0 0 0 1 1 2 5 6 5 9 5 14 37 14 8 4 32 54 27 5 3 4 13 3 1 1 2 1 4 1 1 0 0 0 1 2 3 2 11 21 35 13 12 31 12 4 6 9 2 1
61 31 64 73 63 71 69 84 79 89 90 83 47 66 66 61 56 26 23 43 36 18 13 7 8 11 7 21 20 19 12 8 7 7 7 11 15 6 2 2 7 3 0 0 0 0 0 0 0 1 2 3 4 5 3 3 9 31 43 8 5 6 13 47 32 13 3 1 8 8 3 1 1 1 6 1 0 0 0 1 1 2 3 6 8 5 6 4 9 8 13 8 7 5 1 0
53 48 54 64 79 83 87 89 76 74 78 80 83 74 46 43 36 27 31 26 15 19 15 17 26 17 19 46 31 42 17 15 12 16 18 26 27 7 6 5 7 2 1 0 0 0 0 0 0 1 1 2 2 1 2 5 12 17 15 12 4 4 6 52 13 10 8 1 4 9 5 1 1 1 1 2 1 0 0 1 1 2 5 8 6 4 4 3 4 4 5 3 2 1 0 1
62 60 39 42 57 66 80 55 51 47 60 63 65 73 49 42 47 58 48 29 28 31 26 37 52 36 28 54 48 38 21 29 19 27 22 34 17 11 12 4 1 1 2 1 1 1 0 0 0 0 1 1 1 2 2 1 6 5 7 22 6 5 9 21 10 1 7 2 3 3 2 2 1 0 0 7 1 0 0 1 1 2 2 9 4 3 3 2 2 1 1 1 1 1 1 3
71 73 51 30 56 51 53 65 47 57 65 49 61 77 82 67 79 69 49 40 52 49 50 46 56 42 35 60 60 29 38 36 34 36 43 40 24 13 3 1 1 2 2 2 2 1 1 0 0 0 0 1 1 3 2 2 5 5 3 5 4 5 8 15 18 1 3 3 2 5 3 1 1 1 1 1 0 0 0 1 1 1 5 6 3 3 2 2 3 1 0 0 0 1 3 5
54 66 79 48 28 32 56 55 74 39 34 35 69 52 61 91 88 49 67 65 64 60 62 51 55 48 47 70 56 47 46 41 46 61 56 21 6 4 6 5 6 4 3 2 4 3 2 0 0 0 0 2 1 1 3 2 5 3 2 3 3 2 2 6 24 1 1 2 1 1 2 1 1 1 0 0 0 0 0 0 1 1 7 3 1 1 1 1 1 0 0 1 1 2 4 4
76 74 75 79 44 17 19 63 61 54 13 17 32 47 75 83 67 88 89 70 62 78 73 41 61 51 68 60 57 51 55 46 60 74 71 29 19 12 20 15 21 16 7 7 8 2 1 0 0 0 0 0 0 0 3 2 5 4 2 2 1 1 0 1 8 2 1 1 1 1 1 1 1 1 0 0 0 0 0 0 1 1 2 1 1 0 0 0 0 1 1 1 3 4 4 4
60 45 50 85 46 35 29 30 30 34 24 5 24 71 81 81 60 55 83 62 77 78 66 49 71 67 79 73 67 74 55 55 54 48 52 29 24 27 25 24 7 6 15 24 3 1 1 0 0 0 0 0 0 0 1 2 3 5 1 2 1 1 0 4 8 2 2 1 1 1 1 1 1 0 0 0 0 0 0 0 1 1 1 0 0 0 0 1 1 2 3 3 4 4 2 3
31 48 48 80 80 28 34 18 20 18 20 11 26 40 47 52 69 81 66 28 61 31 70 80 91 86 81 56 72 53 65 49 43 23 63 53 54 36 17 12 3 1 17 10 5 2 2 1 0 1 1 0 0 0 0 0 0 1 1 1 1 0 1 2 3 4 2 1 1 0 0 0 1 0 0 0 0 0 0 0 1 1 1 0 0 0 1 1 2 2 3 7 7 4 4 4
19 24 40 43 78 73 37 15 15 14 13 11 20 41 57 64 32 72 69 32 64 57 32 47 71 49 69 42 63 26 16 36 25 23 38 77 55 33 17 48 14 13 15 12 10 4 1 1 1 2 1 0 0 0 0 0 0 0 0 1 1 0 1 2 2 3 2 1 1 0 0 0 0 0 0 0 0 0 0 0 0 0 0 0 0 1 1 1 2 2 3 3 16 7 4 3
9 16 25 7 40 83 39 19 9 6 10 11 10 17 25 40 46 65 44 48 64 43 15 43 63 44 43 35 38 58 42 42 38 17 23 60 70 77 71 61 43 26 24 27 15 5 4 2 5 1 1 1 1 0 0 0 0 0 0 0 0 0 0 2 2 2 2 1 0 0 0 0 0 0 0 0 0 0 0 0 0 0 0 0 0 0 0 1 2 1 2 4 6 6 3 7
17 10 19 40 37 54 78 33 25 8 4 5 7 8 25 21 43 63 11 22 72 62 24 13 67 75 46 29 41 51 20 17 21 14 12 32 50 50 41 17 30 27 13 18 18 15 14 11 4 1 1 2 2 1 1 2 2 0 0 0 0 0 0 0 1 2 1 1 0 0 0 0 0 0 0 0 0 0 0 0 0 0 0 0 0 0 0 0 1 2 2 3 5 6 11 12
23 8 6 26 41 51 79 59 23 15 7 6 5 7 7 5 24 16 13 52 85 34 16 9 12 52 23 26 21 41 36 19 22 18 16 47 30 13 11 8 10 4 4 36 17 28 33 26 7 5 6 3 3 2 1 0 1 0 0 0 0 0 0 0 0 1 1 1 0 0 0 0 0 0 0 0 0 0 0 0 0 0 0 0 1 1 2 2 2 3 3 5 6 8 6 18
43 27 16 9 11 14 28 58 24 26 10 5 4 4 9 4 13 8 27 26 77 29 16 13 6 14 13 19 7 29 34 12 11 11 15 29 22 6 4 7 6 3 4 9 19 15 11 4 4 4 2 2 2 2 2 0 0 0 0 0 0 0 0 0 0 0 1 1 0 0 0 0 0 0 0 0 0 0 0 0 0 0 0 1 0 0 1 5 1 4 6 8 11 9 15 21
18 17 26 9 8 27 29 52 52 28 16 4 3 2 3 4 6 9 10 27 59 73 36 17 4 4 9 2 6 22 30 12 8 9 6 6 8 5 3 4 4 3 3 4 21 11 9 4 2 1 1 0 0 0 1 1 0 0 0 0 0 0 0 0 0 0 0 0 0 0 0 0 0 0 0 0 0 0 0 0 0 0 0 0 0 1 3 4 5 7 7 8 9 15 15 27
31 21 7 4 5 12 20 32 49 22 11 6 2 1 2 4 2 4 13 55 41 60 36 25 11 3 11 9 2 3 14 8 8 6 2 2 3 8 2 2 3 2 1 3 9 11 14 5 3 1 1 1 0 0 0 1 0 0 0 0 0 0 0 0 0 0 0 0 0 0 0 0 0 0 0 0 0 0 0 0 0 0 0 0 1 1 2 4 2 3 2 3 6 13 15 9
44 33 10 4 1 9 9 16 35 29 7 6 3 2 3 2 1 9 26 43 15 26 36 11 7 5 3 6 7 1 5 8 3 3 2 3 2 2 2 2 3 2 1 1 3 9 15 7 4 2 2 1 0 0 0 0 0 0 0 0 0 0 0 0 0 0 0 0 0 0 0 0 0 0 0 0 0 0 0 0 0 0 0 0 1 1 2 2 2 2 1 3 5 6 7 9
47 31 14 10 2 3 7 11 48 8 8 3 2 2 1 2 2 5 25 12 2 13 61 10 5 6 2 3 3 5 4 3 2 2 2 1 1 1 1 2 2 1 1 1 1 4 12 5 6 2 1 1 0 0 0 0 0 0 0 0 0 0 0 0 0 0 0 0 0 0 0 0 0 0 0 0 0 0 0 0 0 0 1 1 0 1 2 2 2 2 3 3 4 6 9 6
40 30 14 5 5 3 6 7 30 8 2 5 3 1 1 1 1 8 9 5 15 25 48 23 7 3 4 6 2 7 4 2 2 1 2 1 1 1 0 1 0 0 1 3 5 6 8 7 11 8 4 1 0 0 0 0 0 0 0 0 0 0 0 0 0 0 0 0 0 0 0 0 0 0 0 0 0 0 0 0 0 0 0 0 0 1 1 2 3 3 4 4 5 3 8 11
30 18 9 5 4 4 2 4 8 26 5 2 3 1 1 1 1 4 3 5 5 14 44 20 7 8 3 3 3 7 2 1 2 2 1 0 1 1 1 1 0 0 1 7 3 3 7 4 8 8 6 2 1 1 0 0 0 0 0 0 0 0 0 0 0 0 0 0 0 0 0 0 0 0 0 0 0 0 0 0 0 0 0 0 0 0 1 1 2 2 3 9 6 8 17 11
27 21 8 4 4 3 2 3 4 11 8 2 1 1 1 1 1 1 2 3 5 16 48 16 9 4 5 2 2 4 2 1 1 1 1 0 0 1 0 0 0 0 3 5 1 3 3 2 6 5 3 3 2 1 1 0 0 0 0 0 0 0 0 0 0 0 0 0 0 0 0 0 0 0 0 0 0 0 0 0 0 0 0 0 0 0 1 0 1 2 2 4 4 2 5 8
70 40 17 3 2 2 2 2 2 5 9 3 2 1 1 1 1 1 1 1 5 7 31 13 4 2 3 3 2 1 2 1 1 1 0 1 0 0 0 0 1 2 2 1 1 2 1 2 3 4 5 5 5 2 1 1 0 0 0 0 0 0 0 0 0 0 0 0 0 0 0 0 0 0 0 0 0 0 0 0 0 0 0 0 0 0 0 0 1 1 3 6 3 4 5 1
21 59 37 12 3 1 1 1 2 3 16 4 2 1 1 0 0 0 1 1 3 6 16 18 4 2 1 1 1 1 1 2 1 0 0 1 0 0 0 0 1 3 1 1 1 2 1 1 3 4 1 1 2 3 2 1 0 0 0 0 0 0 0 0 0 0 0 0 0 0 0 0 0 0 0 0 0 0 0 0 0 0 0 0 0 0 0 0 1 2 2 3 2 3 3 6
5 52 9 37 15 6 1 1 1 3 7 2 1 1 0 0 0 0 1 1 3 7 7 13 6 3 2 1 1 1 1 1 1 1 0 0 0 0 0 0 2 1 1 0 0 1 0 1 3 4 1 1 1 1 4 2 1 0 0 0 0 0 0 0 0 0 0 0 0 0 0 0 0 0 0 0 0 0 0 0 0 0 0 0 0 0 0 0 1 1 1 1 1 3 4 5
11 11 6 26 9 10 3 1 1 1 3 2 1 1 0 0 0 0 1 2 1 1 12 12 13 6 3 2 1 0 0 1 0 0 0 0 0 0 0 0 1 0 0 0 0 2 0 1 4 3 1 0 0 0 2 1 1 0 0 0 0 0 0 0 0 0 0 0 0 0 0 0 0 0 0 0 0 0 0 0 0 0 0 0 0 0 0 0 1 1 1 2 3 4 6 8
11 8 7 5 5 2 10 1 0 0 1 1 1 0 0 0 0 0 1 1 2 10 14 12 16 6 3 1 1 0 1 1 0 0 0 0 0 0 0 1 0 0 0 0 0 2 1 1 5 3 2 0 0 0 0 0 0 0 0 0 0 0 0 0 0 0 0 0 0 0 0 0 0 0 0 0 0 0 0 0 0 1 1 1 1 0 0 0 1 1 1 1 1 1 2 4
9 6 8 4 4 1 2 3 0 0 1 1 1 0 0 0 0 0 1 2 5 5 10 8 8 10 2 1 1 1 1 0 0 0 0 0 0 0 0 1 0 0 0 0 0 0 1 1 2 4 1 1 1 0 0 0 0 0 0 0 0 0 0 0 0 0 0 0 0 0 0 0 0 0 0 0 0 0 0 1 1 1 1 1 1 1 1 2 1 0 1 0 1 3 3 5
6 8 9 4 1 1 1 1 0 0 0 1 1 0 0 0 0 0 1 4 2 1 5 4 3 5 3 1 1 1 0 0 0 0 0 0 0 0 0 0 0 0 0 0 0 1 0 1 3 1 1 0 0 0 0 0 0 0 0 0 0 0 0 0 0 0 0 0 0 0 0 0 0 0 0 0 0 0 1 1 1 2 2 2 3 2 2 2 1 1 1 1 1 1 4 4
2 1 2 2 1 1 0 0 1 0 0 0 0 0 0 0 0 0 1 1 1 1 3 8 1 2 1 1 1 0 0 0 0 0 0 0 0 0 1 0 0 0 0 0 0 0 0 4 6 0 0 1 0 0 0 0 0 0 0 0 0 0 0 0 0 0 0 0 0 0 0 0 0 0 0 0 0 0 0 0 1 1 1 2 4 3 4 4 3 3 1 1 3 3 2 3
1 1 1 1 1 0 0 0 0 0 0 0 0 0 0 0 0 0 0 0 1 1 1 1 1 1 1 1 0 0 0 0 0 0 0 0 0 0 0 0 0 0 0 0 0 0 1 1 3 1 0 0 0 0 0 0 0 0 0 0 0 0 0 0 0 0 0 0 0 0 0 0 0 0 0 0 0 0 0 0 0 1 1 1 4 4 7 8 5 8 6 6 5 4 3 12
