sesion_6_simulaciones/modelos_agentes/ejemplos_netlogo/scenarios/cgcm2_b2/rob_2068.asc
NCOLS 322 
NROWS 307 
XLLCORNER 451900 
YLLCORNER 4086900 
CELLSIZE 100 
NODATA_value -9999 
[rows 74 to 147 of 307, columns 96 to 191 of 322]
22 55 34 18 18 21 21 49 20 20 15 60 30 72 64 45 10 5 7 10 44 39 19 9 11 3 3 1 3 6 2 2 3 7 2 1 1 1 5 1 1 1 4 1 1 4 6 1 1 4 3 11 30 18 18 8 14 20 36 22 19 68 56 41 51 57 34 48 58 61 51 62 46 63 34 35 53 62 46 40 21 46 63 54 36 18 19 21 12 15 12 10 8 4 1 0
27 32 26 20 14 18 25 41 23 35 42 29 14 24 30 52 31 35 47 60 85 45 43 29 8 14 3 2 4 1 3 29 7 7 11 6 2 1 2 1 2 7 10 5 13 8 7 17 30 3 4 2 5 17 5 6 15 30 21 12 29 31 60 43 49 34 31 40 54 62 37 74 37 46 39 26 52 30 20 49 53 45 22 23 32 31 26 23 32 29 34 34 16 10 3 1
39 24 21 23 15 28 15 45 20 44 49 16 24 45 37 26 37 63 40 64 68 73 64 59 14 8 6 2 3 5 17 27 17 9 11 10 11 3 5 7 2 2 3 1 3 14 3 10 9 12 3 2 4 3 5 7 11 29 12 19 18 9 37 38 44 25 44 31 67 48 25 53 44 38 43 41 24 14 68 43 32 32 50 37 54 57 52 62 64 46 47 40 24 14 8 5
41 14 34 29 20 17 22 32 28 32 67 30 34 27 31 43 65 39 63 57 77 81 53 37 46 5 4 6 12 9 19 7 16 6 18 3 24 9 6 12 2 1 1 1 3 5 17 21 11 30 19 11 7 1 2 3 13 5 6 4 12 6 30 25 29 17 36 34 41 18 15 19 42 15 36 18 18 26 53 32 45 41 39 57 73 70 76 59 58 64 40 41 23 17 12 9
41 22 30 31 39 20 25 30 13 53 71 61 38 24 45 40 48 61 77 47 45 58 64 74 29 19 24 30 44 19 17 9 13 15 2 5 8 11 11 12 9 1 1 2 5 8 23 20 8 44 34 19 23 14 11 3 4 3 5 4 7 6 3 11 7 12 13 21 15 7 10 10 35 22 10 5 25 34 29 29 54 73 81 73 76 78 53 61 66 44 45 27 20 20 18 30
56 58 21 52 60 34 13 34 13 32 33 63 47 34 36 7 46 81 49 52 54 34 62 70 34 23 58 65 58 51 58 19 4 4 5 20 21 4 7 10 16 2 2 5 7 8 18 54 47 45 40 35 39 11 30 23 19 4 2 1 6 10 3 4 4 9 7 12 3 3 16 22 19 16 46 38 15 11 36 61 65 69 68 67 58 70 70 79 60 41 38 27 23 34 52 30
81 85 64 61 22 19 14 13 13 41 21 12 48 58 14 37 72 45 32 28 45 19 11 51 57 61 66 59 66 49 72 56 16 17 20 34 14 12 2 7 23 9 3 6 13 31 13 16 51 30 43 66 45 34 43 18 25 38 28 22 21 4 19 7 4 2 10 13 15 24 14 1 2 4 9 38 44 58 28 60 62 47 72 57 53 56 71 76 61 53 49 34 64 61 25 20
65 59 73 20 15 16 25 20 16 24 26 6 15 26 31 42 21 55 54 40 33 43 10 18 59 74 67 39 33 54 35 23 48 44 40 28 42 33 9 8 33 22 3 5 20 17 9 6 23 12 56 65 36 75 55 25 52 24 16 17 35 8 19 24 18 8 17 22 38 12 22 6 5 5 10 7 16 56 56 56 36 52 71 63 43 55 77 65 59 54 54 59 73 56 26 47
77 76 65 34 32 36 41 28 16 21 33 4 17 31 38 22 22 71 48 32 44 71 40 39 62 91 58 15 36 35 24 26 8 14 68 37 18 15 14 23 45 34 13 7 14 13 12 18 19 44 45 77 74 78 53 51 53 33 46 26 39 25 23 19 17 22 9 11 34 16 38 49 36 24 12 15 16 10 45 70 78 40 59 55 39 76 60 43 55 69 58 76 53 47 37 68
34 53 73 70 14 15 38 37 50 27 27 9 28 57 38 12 22 82 32 49 41 42 29 67 42 51 30 42 51 38 27 29 15 45 81 56 39 14 12 37 20 8 16 6 11 8 10 15 18 26 22 69 64 80 61 57 70 40 57 52 39 43 21 20 24 13 37 13 32 44 61 57 38 18 23 10 11 22 14 63 57 55 27 56 72 34 45 47 60 51 59 49 34 44 44 83
20 28 39 49 60 15 30 19 16 45 39 18 27 48 41 25 37 78 46 45 26 19 72 73 64 53 25 60 56 40 19 10 54 86 83 78 69 25 36 37 27 4 15 9 13 20 20 14 22 7 5 31 75 85 56 66 54 55 76 66 46 29 18 11 37 17 53 36 28 50 64 57 21 13 22 19 26 25 20 30 64 77 70 44 24 57 68 69 59 71 30 47 47 66 46 77
15 24 39 26 49 52 39 39 20 34 53 14 30 57 40 50 41 53 57 68 66 19 45 51 81 68 65 69 64 68 42 77 87 76 73 86 78 34 30 47 23 8 16 13 14 22 23 16 22 15 22 33 76 80 57 44 52 81 74 74 43 18 32 40 57 40 72 61 49 29 71 48 53 39 34 24 23 30 26 23 39 74 59 74 66 34 63 28 66 34 32 57 45 76 49 63
14 8 6 6 17 38 17 9 16 26 32 19 41 63 47 18 38 31 53 68 75 65 31 37 40 45 74 86 57 61 79 84 86 70 76 74 62 73 47 54 31 52 34 40 17 27 36 42 30 30 20 37 67 89 67 50 77 68 80 72 44 33 32 38 74 50 64 63 52 33 58 47 33 11 27 16 7 22 29 17 9 58 74 63 48 81 58 56 57 57 55 66 73 75 78 44
9 5 1 2 16 15 4 8 13 22 12 28 62 54 20 11 22 30 57 59 71 88 57 31 27 38 78 77 84 42 84 70 67 67 87 82 62 76 49 59 48 83 34 59 39 30 30 22 24 24 22 19 43 83 68 78 67 79 89 65 39 43 49 65 68 53 63 59 46 14 18 27 49 38 43 23 11 20 25 35 45 12 62 67 63 74 81 85 91 70 85 86 74 44 78 32
14 12 4 2 14 9 6 11 17 12 18 30 43 48 19 7 46 44 38 44 52 65 78 76 56 39 61 72 84 77 75 86 82 53 55 43 46 75 30 40 87 73 50 32 23 35 22 32 42 49 50 25 33 60 61 70 66 81 82 67 59 71 68 70 75 34 59 63 47 21 19 43 57 47 28 57 20 14 24 32 41 28 17 58 65 85 75 49 50 65 66 82 73 46 59 70
17 7 6 2 6 5 3 22 12 11 9 18 60 36 12 6 43 27 41 52 53 66 74 72 74 47 54 28 49 76 65 70 75 65 64 62 47 38 52 86 50 66 31 18 27 52 36 42 51 57 45 43 28 34 29 55 69 73 82 62 50 61 60 82 78 49 60 72 29 10 12 37 31 37 75 55 26 26 10 35 31 47 47 18 57 79 77 73 73 65 47 44 62 41 27 48
9 8 3 3 2 2 2 12 12 5 21 39 57 53 13 6 24 7 26 66 65 67 35 47 71 57 57 46 70 91 85 80 57 70 53 35 41 33 66 41 40 36 18 51 75 52 43 46 38 31 31 31 26 25 10 16 52 68 82 52 68 64 81 88 87 48 77 59 49 25 15 27 49 65 85 32 25 54 18 30 31 40 54 39 17 63 66 49 31 46 42 40 31 45 46 42
19 15 8 4 3 1 1 3 9 11 16 47 31 21 32 11 29 7 4 20 27 60 39 36 38 24 45 63 83 90 72 78 81 77 70 42 24 36 77 22 52 54 67 75 75 51 67 28 20 31 59 57 65 63 59 26 11 9 41 52 55 64 81 88 87 61 90 65 63 50 27 30 49 85 66 25 50 46 22 18 37 48 51 44 35 11 30 52 43 44 27 41 63 71 59 57
10 7 3 2 2 2 1 0 4 12 19 25 23 9 10 5 32 11 5 29 26 33 23 33 42 38 32 59 36 65 69 68 69 59 21 33 44 48 50 26 67 67 82 69 60 43 76 64 68 50 56 52 53 38 46 17 8 8 11 39 65 84 78 87 79 52 80 74 40 29 37 56 47 67 40 46 71 55 46 57 44 51 40 40 46 30 9 18 23 29 49 60 67 69 66 56
5 4 4 4 3 2 2 1 1 4 12 20 21 15 7 4 30 9 3 16 12 15 18 27 19 40 40 48 35 13 31 35 30 23 46 49 66 80 53 51 31 68 92 61 39 75 68 56 73 54 56 45 31 39 39 46 25 12 13 61 81 77 83 89 85 82 77 84 67 27 48 37 39 19 28 68 56 25 43 27 35 39 37 36 45 33 41 18 7 33 52 70 78 71 68 43
8 3 8 13 7 5 5 4 3 4 7 14 10 8 8 4 14 6 2 6 13 10 8 11 14 28 30 31 34 25 11 10 16 37 43 73 82 57 61 69 49 83 88 60 73 67 62 39 83 57 70 56 67 72 72 58 38 16 18 31 74 67 85 85 80 74 79 84 75 46 32 46 50 44 47 51 61 79 34 40 25 22 44 38 25 42 58 52 20 21 28 26 39 45 49 41
25 20 13 23 20 14 13 13 6 2 3 5 5 6 4 5 4 3 3 5 5 7 3 5 10 14 19 22 23 36 8 11 17 36 80 84 65 45 70 77 65 75 81 67 59 67 62 55 82 65 55 70 59 68 69 56 40 20 13 17 23 65 79 82 74 67 82 75 51 20 32 59 30 50 73 62 71 45 19 53 27 31 40 40 67 49 31 37 47 47 42 18 11 11 19 22
36 19 30 28 31 22 30 16 8 7 1 2 1 2 4 3 4 3 2 2 5 5 3 3 3 5 21 18 17 8 11 5 22 73 68 69 31 61 85 69 53 55 65 28 35 84 54 75 81 77 56 71 81 56 31 34 38 41 34 20 25 41 61 70 69 68 51 57 30 27 46 46 39 57 67 75 59 39 47 54 45 23 39 70 67 65 47 43 48 52 61 57 37 14 7 14
34 37 42 26 38 33 22 17 14 13 12 5 2 1 1 1 3 3 1 1 3 1 1 2 2 3 14 22 12 8 14 3 34 59 45 29 38 77 88 75 40 47 45 34 79 68 50 52 87 83 47 55 55 72 56 36 11 20 24 33 29 37 30 41 26 47 55 50 23 43 56 54 46 44 66 60 52 60 27 13 45 42 48 63 70 56 52 45 34 43 56 49 44 22 17 5
49 33 46 48 42 28 27 30 17 19 11 10 7 4 2 1 1 2 1 1 2 2 1 1 1 3 4 14 3 4 14 4 18 39 18 27 38 57 57 61 47 51 31 70 75 31 55 88 85 77 78 37 22 30 26 31 13 17 30 41 28 42 29 19 18 33 27 25 21 50 48 64 36 59 65 57 73 37 41 26 52 26 27 33 44 65 64 47 37 30 51 43 47 40 33 14
35 24 50 51 23 30 14 16 31 23 13 13 9 9 5 2 1 0 0 0 0 0 1 1 0 1 1 1 2 17 6 3 5 6 11 38 42 54 85 64 58 44 56 58 53 46 51 88 83 75 92 70 44 58 53 33 15 10 6 17 43 30 25 13 18 31 22 19 28 40 56 62 54 27 34 34 46 40 34 42 10 52 35 46 52 61 56 60 67 48 47 50 54 62 35 24
19 37 72 47 43 24 45 25 36 33 17 15 12 4 3 3 2 2 2 2 2 2 1 1 1 0 0 1 3 15 2 4 5 3 15 39 46 17 43 39 50 42 42 57 42 48 66 87 82 82 84 85 45 30 26 22 21 25 19 4 6 15 15 13 16 22 17 20 20 38 49 63 56 57 19 32 48 39 18 20 42 26 19 51 57 56 60 68 58 71 59 69 68 62 46 35
26 43 65 42 38 36 22 26 39 29 23 19 12 11 5 7 4 5 5 5 3 4 2 2 3 2 0 1 1 7 2 4 6 5 13 18 17 21 15 8 37 51 30 25 35 71 83 84 77 66 79 78 60 45 49 57 49 33 25 8 2 13 9 7 14 11 10 14 28 39 36 45 41 37 47 43 33 51 79 78 66 68 43 46 45 46 53 62 73 62 77 72 65 64 60 55
28 58 26 31 41 31 28 18 35 33 12 10 19 10 7 6 5 7 7 7 8 7 6 4 3 3 1 0 1 3 1 2 4 7 11 10 13 20 20 9 18 53 40 17 44 54 84 77 39 34 44 67 82 74 57 52 44 29 16 6 3 14 7 4 6 8 11 24 30 39 36 42 45 60 72 74 64 81 79 75 65 48 33 20 24 46 68 63 62 67 75 76 75 78 69 61
56 22 32 28 21 33 36 23 12 15 20 21 19 17 7 10 9 9 10 16 13 9 13 7 10 4 3 1 0 2 1 1 3 5 12 12 18 18 18 5 9 22 31 11 35 39 68 41 22 25 51 58 81 75 68 50 46 31 14 11 3 5 4 3 11 8 14 35 31 37 40 38 67 72 86 71 77 68 73 50 22 15 18 36 13 40 58 56 74 83 75 60 45 40 33 28
19 25 42 64 56 40 14 9 12 31 28 24 12 20 17 18 14 21 20 18 18 17 11 13 11 5 2 2 0 0 0 1 1 4 7 24 34 19 19 8 7 7 10 3 11 22 17 26 29 43 45 67 85 76 68 66 58 43 38 16 5 3 4 2 8 14 18 15 14 28 49 52 58 62 64 68 70 58 39 31 34 23 45 43 74 48 33 60 81 70 56 59 59 55 49 47
43 55 46 16 14 22 27 13 22 36 33 27 26 25 22 30 19 25 24 32 12 26 22 17 9 5 2 1 0 0 0 0 1 2 6 11 11 16 22 10 12 9 11 3 8 17 27 58 72 72 86 69 86 82 76 58 60 36 23 15 4 5 4 1 1 4 7 19 31 29 45 67 43 49 46 62 64 24 14 27 24 31 62 55 74 52 70 54 63 56 59 60 55 62 64 57
47 28 36 35 33 21 29 16 38 38 35 37 51 34 41 35 35 48 39 24 25 29 35 11 12 6 4 1 1 0 0 0 0 1 3 5 14 27 25 8 4 7 8 5 9 21 52 37 64 64 62 55 90 84 77 51 33 22 14 6 4 2 1 0 0 3 11 30 39 31 39 61 51 37 31 42 27 31 50 48 28 59 62 58 69 75 60 52 54 52 45 54 59 66 60 75
26 23 16 14 13 11 6 22 44 39 39 57 42 49 47 48 54 27 21 45 34 38 34 15 7 5 5 4 2 2 1 0 0 1 3 2 2 9 17 7 5 6 6 7 18 20 12 27 44 79 49 63 82 66 72 56 39 20 7 5 3 2 0 1 0 2 8 18 43 31 34 15 27 40 30 44 47 47 42 38 38 66 59 56 64 60 34 58 32 41 54 65 65 47 75 76
15 21 32 37 32 18 17 27 42 60 55 54 41 52 70 67 45 28 31 58 41 24 20 16 8 6 7 6 3 2 1 1 1 0 2 3 1 1 1 1 2 3 4 7 13 11 15 30 69 29 24 50 85 68 53 30 23 17 16 10 3 2 0 0 0 1 6 10 17 26 25 20 41 31 38 47 60 71 68 66 61 84 60 42 41 50 60 77 72 46 48 53 48 58 63 57
26 47 32 57 26 25 28 46 45 60 58 26 29 55 53 42 34 34 49 70 32 26 22 19 11 10 6 4 3 1 1 1 2 1 0 2 2 1 1 1 1 3 3 3 4 11 20 12 55 20 38 66 83 53 31 27 19 9 6 8 3 3 0 1 0 1 3 3 11 14 26 34 49 45 70 71 82 52 36 23 77 77 77 53 18 53 73 87 82 72 74 46 70 54 48 80
42 44 65 56 31 49 45 50 68 61 47 34 40 61 43 62 25 40 71 38 28 25 27 23 21 15 8 6 2 3 2 2 2 1 0 0 1 1 1 1 1 2 2 3 4 8 13 12 8 16 41 74 79 47 34 26 11 9 8 5 3 1 1 1 0 1 3 9 16 23 33 40 54 65 73 66 33 35 26 69 74 78 81 83 42 57 83 84 71 63 55 67 49 56 37 56
58 63 38 30 39 48 48 69 37 51 24 47 52 80 63 46 28 65 24 20 42 24 17 11 13 12 11 10 7 5 6 4 2 2 1 1 0 1 1 1 1 1 1 2 5 13 5 13 3 6 28 59 87 77 36 24 14 5 7 4 3 1 2 0 0 1 6 16 32 36 37 46 55 50 44 50 44 58 70 77 73 78 67 81 72 63 66 36 22 18 43 80 69 50 33 38
68 51 37 27 38 52 64 15 61 26 31 52 70 74 53 29 61 52 34 15 15 26 8 9 16 16 22 11 15 13 8 7 3 2 2 1 1 0 0 1 1 1 1 3 3 6 1 7 2 11 19 12 54 64 32 17 6 5 3 1 3 3 1 1 0 4 7 11 15 22 28 33 39 45 65 69 68 68 70 61 70 61 47 73 67 47 38 47 61 64 78 38 55 52 31 30
32 51 40 33 47 68 71 25 55 49 66 49 78 49 36 48 61 27 31 27 57 35 19 13 23 34 24 30 23 27 11 4 1 5 3 2 2 1 0 0 0 1 1 2 3 1 3 6 1 8 8 41 51 26 25 19 16 8 3 2 3 3 2 1 0 0 4 10 15 15 20 25 40 37 36 36 37 37 83 45 67 73 54 51 42 29 64 68 67 79 74 56 45 58 59 59
85 34 53 53 65 42 49 60 58 48 59 57 49 42 41 73 33 45 37 67 59 34 42 30 18 44 47 44 54 30 20 5 2 2 1 1 2 2 2 0 0 1 2 2 1 2 12 3 1 7 38 44 58 18 16 21 11 7 5 2 3 1 1 0 0 0 1 3 7 10 4 14 13 16 33 47 46 47 72 64 54 68 85 44 34 52 51 61 78 70 61 70 55 58 46 58
79 93 87 90 84 57 15 10 57 34 66 75 84 76 60 67 64 74 55 68 54 53 51 45 42 52 69 70 35 37 21 10 11 5 3 4 1 2 2 1 0 1 1 1 1 1 1 1 1 6 18 53 46 11 16 16 14 6 3 4 3 1 1 0 0 0 4 7 9 18 25 35 53 48 30 31 46 77 72 75 77 57 59 72 42 47 64 64 54 37 72 84 52 44 57 65
62 87 73 80 75 61 74 34 56 44 21 39 81 86 89 60 46 55 66 66 62 56 67 51 64 64 76 60 55 48 36 23 14 13 12 4 3 3 2 1 1 0 0 1 2 1 1 0 1 4 14 8 24 8 21 9 13 10 4 2 2 2 1 0 0 2 5 10 14 30 50 42 28 44 66 45 60 77 77 89 77 64 58 54 15 28 30 49 70 81 87 62 82 52 51 60
46 85 61 77 76 63 87 62 41 73 51 42 70 79 74 64 72 52 79 88 88 71 60 44 79 68 71 57 42 32 36 25 23 21 17 8 5 3 2 2 2 0 0 1 1 1 1 0 1 1 3 6 28 14 30 23 9 12 4 4 1 1 1 0 1 3 7 6 14 27 52 62 67 56 72 77 79 77 69 85 83 52 35 31 17 27 50 69 62 90 62 69 80 82 56 55
51 79 66 63 80 55 63 25 46 75 58 33 13 58 68 65 74 58 55 83 86 51 74 39 71 57 71 55 47 22 31 46 41 35 27 9 3 3 3 2 1 0 0 0 2 1 1 0 0 0 2 11 27 5 7 3 10 12 11 3 1 1 0 0 1 2 7 6 15 26 39 55 48 34 34 47 83 59 80 80 88 85 26 19 17 35 63 42 73 84 72 80 67 60 42 62
15 40 26 52 73 59 58 15 48 80 44 26 18 34 69 65 69 65 32 38 66 47 42 62 30 28 77 48 27 16 8 13 21 16 16 15 6 7 7 2 1 0 0 0 1 1 1 1 0 1 3 13 9 19 7 3 3 3 2 1 1 1 0 0 1 2 3 4 8 14 24 20 28 44 46 62 88 89 73 64 79 83 64 18 9 26 27 51 80 68 62 29 21 29 41 60
15 44 70 52 62 40 70 47 59 82 67 37 34 31 67 81 51 12 13 26 37 22 29 69 38 19 61 49 56 18 2 14 30 25 10 20 13 9 3 1 0 0 0 0 0 1 2 1 0 3 4 10 4 5 4 4 1 1 2 2 1 0 0 0 1 1 1 3 4 11 23 27 45 45 56 80 88 87 82 48 56 68 61 29 9 19 41 64 60 31 30 60 58 58 62 74
24 15 14 20 28 43 74 29 64 65 84 53 33 27 28 23 16 13 12 31 26 24 17 59 22 43 51 37 55 67 28 14 15 11 14 16 12 7 4 3 1 0 0 0 0 0 1 1 0 1 5 9 1 2 3 8 3 1 1 1 0 0 0 0 1 3 17 11 16 35 48 67 74 57 70 93 89 88 81 60 17 35 52 45 11 21 39 62 46 47 86 65 47 53 41 75
27 33 15 15 27 46 67 57 38 56 77 54 22 10 30 31 13 31 12 14 21 20 16 59 20 14 45 34 42 56 32 23 30 10 5 5 2 3 2 2 2 1 0 0 0 0 0 0 0 1 4 4 1 2 1 1 3 3 1 0 0 0 0 1 1 2 6 18 41 54 79 55 33 49 80 92 87 78 76 77 62 19 48 45 11 20 43 39 31 71 70 50 64 79 22 11
28 38 27 18 23 16 61 67 57 25 78 44 16 5 23 22 31 33 23 14 17 22 5 24 50 5 16 19 46 70 27 6 13 8 12 13 7 6 3 2 1 1 1 0 0 0 0 0 0 1 6 4 1 1 2 1 2 1 1 0 0 0 0 1 0 4 8 23 35 37 20 26 48 57 75 77 84 73 66 48 64 25 16 21 19 36 27 23 63 85 47 60 67 75 67 23
40 28 28 11 12 14 44 73 36 30 63 58 33 5 20 20 40 33 27 18 18 30 13 15 70 11 18 18 39 41 44 28 27 28 18 11 10 7 5 1 1 0 1 0 0 0 0 0 1 3 8 4 1 2 1 0 0 1 1 1 0 0 0 1 2 5 23 25 20 15 33 41 55 86 76 66 81 50 33 27 54 30 16 4 6 27 27 49 83 58 46 57 78 64 65 31
70 16 29 13 11 16 29 35 11 9 70 45 6 3 18 19 38 28 40 27 30 25 23 15 29 17 7 17 27 24 35 42 21 13 10 4 6 5 5 3 1 1 0 0 0 0 0 0 0 2 5 3 1 1 0 0 0 0 0 0 0 0 0 0 2 8 11 7 7 13 39 50 78 84 82 61 42 60 19 23 49 19 6 3 12 35 49 62 69 28 57 83 75 69 79 41
18 29 12 11 9 7 10 17 12 17 52 24 10 4 12 15 33 10 28 18 16 23 20 12 20 28 12 6 3 16 16 33 14 8 10 6 3 2 3 2 1 0 0 0 0 0 0 0 1 3 4 1 1 1 0 0 0 0 0 0 0 0 0 1 2 5 3 2 9 31 41 50 81 85 69 53 37 45 47 12 18 14 4 4 15 22 42 67 41 43 76 68 66 66 61 52
16 11 23 22 8 8 3 5 4 5 16 8 20 8 5 12 29 11 7 20 9 5 2 23 22 35 4 4 1 5 22 34 30 12 6 3 3 1 1 1 1 1 0 0 0 0 0 0 1 1 2 1 0 0 0 0 1 0 0 0 0 0 0 1 3 1 1 4 17 32 46 75 72 73 64 56 35 26 42 14 8 9 4 4 14 19 49 55 39 33 37 52 48 41 57 63
30 16 11 26 27 15 11 4 2 9 7 5 15 17 5 10 16 17 5 6 5 6 4 45 18 20 10 1 2 1 5 8 25 20 9 5 3 1 1 1 2 1 0 0 0 0 0 0 1 1 1 1 1 0 0 1 0 0 0 0 0 0 0 1 1 0 1 8 21 53 59 79 76 58 34 14 12 11 16 17 11 3 2 4 10 15 34 31 20 15 35 29 20 36 54 66
31 19 9 14 16 27 10 4 1 7 8 3 3 7 3 5 9 13 5 4 3 1 2 5 2 4 16 1 2 2 1 6 22 24 8 4 4 9 6 3 1 0 0 0 0 0 0 0 0 1 1 1 1 0 0 0 1 0 0 0 0 0 0 0 0 1 1 5 22 74 69 65 79 68 34 15 5 2 4 10 6 2 1 2 7 14 25 14 9 28 38 45 72 60 72 66
63 32 15 5 10 18 25 3 4 8 10 5 2 4 3 2 5 12 3 2 2 1 1 3 0 1 7 4 1 2 1 1 8 36 18 6 2 2 1 1 1 1 0 0 0 0 0 0 0 0 0 1 1 1 0 0 0 0 0 0 0 0 0 0 1 4 6 20 43 47 77 79 62 72 57 26 13 5 1 1 4 3 1 0 2 5 6 3 9 27 35 71 73 63 58 62
45 76 27 11 3 5 4 4 5 7 6 3 7 2 2 1 1 11 4 2 1 1 0 2 2 0 3 4 1 2 1 0 3 11 28 11 5 4 5 3 1 1 0 0 0 0 0 0 0 0 0 1 1 0 1 0 0 0 0 0 0 0 0 0 1 6 11 8 18 41 67 58 49 45 65 30 12 4 1 1 1 1 0 1 2 1 2 5 16 28 60 66 42 55 64 63
9 59 65 34 13 5 1 9 3 2 3 3 8 3 2 1 1 11 5 3 1 0 0 1 3 0 2 2 1 2 1 1 3 2 3 20 5 1 2 2 1 0 0 0 0 0 0 0 0 0 0 0 1 0 0 0 0 0 0 0 0 0 0 0 1 1 1 8 51 55 54 50 34 37 34 26 12 4 4 1 0 0 0 1 3 9 8 5 13 33 35 26 30 51 69 61
6 27 35 52 20 8 4 7 7 2 5 2 3 3 4 2 1 2 7 1 1 0 0 1 2 1 1 1 0 2 2 0 2 3 2 1 15 6 4 2 1 0 0 0 0 0 0 0 0 0 0 0 0 0 1 0 0 0 0 0 0 0 0 0 1 2 5 9 39 63 55 67 50 12 12 17 9 8 4 2 0 0 0 1 3 6 20 30 12 11 11 24 43 55 77 56
12 18 14 28 11 6 6 5 6 4 3 2 2 4 3 2 2 2 4 2 1 0 0 1 2 1 1 1 0 1 3 1 0 1 2 5 5 2 7 2 1 0 0 0 0 0 0 0 0 0 0 0 0 0 1 0 0 0 0 0 0 0 0 0 1 2 4 17 37 48 78 64 57 30 9 4 7 4 3 2 0 0 0 2 4 8 22 46 41 35 39 27 45 54 80 67
7 13 4 12 14 11 6 4 4 3 2 1 1 2 2 2 1 1 1 2 1 1 0 1 0 1 1 1 1 0 1 0 0 1 2 5 5 2 9 1 1 1 0 0 0 0 0 0 0 0 0 0 0 0 1 0 0 0 0 0 0 0 0 0 1 2 4 10 33 24 64 57 40 31 34 9 6 3 1 0 0 0 0 2 7 15 25 40 57 50 51 50 43 68 91 78
8 6 6 4 5 3 3 3 11 7 2 1 1 1 1 2 1 1 1 1 1 1 0 0 1 1 0 1 1 0 0 0 1 1 8 12 4 3 1 2 1 1 0 0 0 0 0 0 0 0 0 0 0 0 0 0 0 0 0 0 0 0 0 0 1 2 4 23 39 50 52 59 44 26 16 15 5 3 1 0 0 1 1 0 2 11 17 28 43 30 52 57 75 91 90 76
3 6 4 2 2 1 1 1 1 2 1 1 1 1 1 1 0 1 1 1 1 1 0 0 0 1 0 1 0 1 0 0 1 3 4 6 10 21 16 7 1 1 0 0 0 0 0 0 0 0 0 0 0 0 0 0 0 0 0 0 0 0 0 0 1 4 15 33 40 54 55 55 47 33 8 4 5 1 1 0 0 1 4 3 3 2 5 9 16 36 41 69 67 89 88 70
1 3 1 2 1 1 0 0 0 0 0 0 1 0 0 0 0 0 0 0 1 0 0 0 0 0 0 0 0 0 0 0 0 1 1 1 1 1 1 0 1 0 0 0 0 0 0 0 0 0 0 0 0 0 0 0 0 0 0 0 0 0 0 1 2 2 5 10 34 53 32 57 29 18 5 3 2 1 1 0 0 1 4 7 19 12 16 16 31 55 61 66 79 79 69 54
0 0 1 0 0 0 0 0 0 1 0 0 0 0 0 0 0 0 0 0 0 0 0 0 0 0 1 0 0 0 0 0 0 0 0 0 0 0 1 0 0 0 0 0 0 0 0 0 0 0 0 0 0 0 0 0 0 0 0 0 0 0 0 0 1 3 4 11 20 17 24 34 27 9 3 1 1 0 0 0 0 0 2 4 8 22 41 40 56 78 72 54 69 52 57 44
1 0 0 0 0 0 0 1 1 0 2 2 2 2 1 0 0 0 0 0 0 0 0 0 0 0 0 0 0 0 0 0 0 0 0 0 0 0 0 0 1 1 0 0 0 0 0 0 0 0 0 0 0 0 0 0 0 0 0 0 0 0 0 0 1 2 3 15 12 15 24 14 12 3 1 1 0 0 0 0 0 2 3 7 9 28 71 66 27 37 75 84 55 20 23 36
5 2 0 1 1 2 2 3 2 2 5 7 8 5 3 1 1 0 0 0 0 0 0 0 0 0 0 0 0 0 0 0 0 0 0 0 0 0 0 0 0 0 0 0 0 0 0 0 0 0 0 0 0 0 0 0 0 0 0 0 0 0 0 0 1 3 5 4 7 10 10 6 8 2 1 0 0 0 0 1 2 3 6 11 34 39 33 10 22 59 88 82 77 21 9 12
10 2 2 5 6 7 7 8 8 11 10 9 9 14 6 3 2 1 1 0 0 0 0 0 0 0 0 0 0 0 0 0 0 0 0 0 0 0 0 0 0 0 0 0 0 0 0 0 0 0 0 0 0 0 0 0 0 0 0 0 0 0 0 0 1 4 8 3 2 2 3 3 1 1 0 0 0 0 1 1 4 5 12 29 28 9 5 12 32 79 84 69 42 39 5 1
13 8 5 15 15 26 16 17 29 18 27 16 25 14 9 6 8 3 1 1 1 0 0 0 0 0 0 0 0 0 0 0 0 0 0 0 0 0 0 0 0 0 0 0 0 0 0 0 0 0 0 0 0 0 0 0 0 0 0 0 0 0 0 0 1 3 6 5 1 3 1 1 1 0 0 0 0 0 1 1 3 11 9 7 2 2 8 25 46 66 65 56 21 40 8 1
25 19 12 30 49 69 49 39 58 47 41 28 54 40 31 19 6 2 2 4 2 0 1 1 0 0 0 0 0 0 0 0 0 0 0 0 0 0 0 0 0 0 0 0 0 0 0 0 0 0 0 0 0 0 0 0 0 0 0 0 0 0 0 0 1 3 9 5 1 1 1 1 0 0 0 0 0 0 1 1 4 4 3 1 2 10 18 48 63 46 48 25 12 16 22 1
64 68 52 38 41 41 27 15 44 26 25 23 26 37 37 11 10 9 8 7 3 1 0 0 1 0 0 0 0 0 0 0 0 0 0 0 0 0 0 0 0 0 0 0 0 0 0 0 0 0 0 0 0 0 0 0 0 0 0 0 0 0 0 0 0 3 11 9 1 2 0 0 0 0 0 0 0 0 0 1 1 0 0 2 6 12 22 64 69 85 35 6 4 6 9 2
52 39 63 41 33 45 39 28 20 16 24 35 20 14 24 44 32 10 2 1 1 0 0 0 0 1 0 0 0 0 0 0 0 0 0 0 0 0 0 0 0 0 0 0 0 0 0 0 0 0 0 0 0 0 0 0 0 0 0 0 0 0 0 0 0 1 5 12 4 2 0 0 0 0 0 0 0 0 0 0 0 0 2 5 8 13 40 36 51 62 53 8 1 1 4 3
53 18 51 48 16 7 18 24 30 27 13 10 45 15 16 32 14 10 5 2 2 1 1 0 1 1 0 0 0 0 0 0 0 0 0 0 0 0 0 0 0 0 0 0 0 0 0 0 0 0 0 0 0 0 0 0 0 0 0 0 0 0 0 0 0 0 1 5 4 1 0 0 0 0 0 0 0 0 0 0 0 2 3 5 16 29 38 32 24 21 48 13 2 0 1 1
