sesion_6_simulaciones/modelos_agentes/ejemplos_netlogo/scenarios/cgcm2_b2/rob_2054.asc
NCOLS 322 
NROWS 307 
XLLCORNER 451900 
YLLCORNER 4086900 
CELLSIZE 100 
NODATA_value -9999 
[rows 146 to 218 of 307, columns 0 to 95 of 322]
1 1 1 4 3 2 18 5 6 1 21 33 10 27 15 18 28 18 11 3 2 1 1 1 5 3 2 2 2 1 1 1 1 2 7 8 4 8 16 26 21 28 35 35 3 27 26 28 29 17 17 32 37 22 10 10 16 32 26 22 15 46 33 24 12 25 24 32 58 55 47 74 58 73 62 74 77 68 75 65 42 64 72 59 37 38 59 31 63 72 56 57 54 56 52 69
8 11 19 7 26 2 1 2 10 8 24 35 22 66 37 35 59 33 11 11 6 6 2 1 1 1 2 2 2 1 2 1 3 6 2 3 7 6 9 6 8 18 29 50 33 18 31 19 27 24 22 16 13 46 61 31 30 25 21 25 35 33 39 21 26 36 52 33 50 64 48 59 66 63 78 51 64 56 72 62 23 33 45 50 30 8 10 21 58 54 55 62 27 31 22 57
0 14 11 9 17 29 24 15 5 3 5 55 47 51 46 51 67 50 35 52 21 31 10 4 0 1 0 1 1 0 3 1 1 3 1 3 2 4 3 3 17 17 16 12 23 11 26 25 15 28 15 17 28 12 21 36 31 16 11 31 43 45 37 27 39 55 58 38 44 73 67 64 38 47 68 77 25 21 19 34 33 26 11 15 44 34 9 6 25 19 15 18 32 30 14 32
5 14 17 22 31 39 28 42 40 10 13 33 43 66 66 67 78 45 54 49 51 38 10 17 3 1 1 0 0 1 7 5 1 2 1 1 1 4 3 5 10 7 4 10 20 62 32 25 11 13 9 25 27 24 7 7 8 5 31 27 24 60 40 29 40 63 60 60 61 68 42 22 16 51 37 29 59 13 14 38 34 20 24 16 7 36 14 9 6 10 4 22 12 31 18 6
3 2 6 31 20 48 40 11 25 36 17 23 76 77 76 48 80 66 66 70 53 20 14 8 11 5 1 3 2 2 1 8 2 6 9 7 2 6 8 7 5 5 10 35 51 33 20 16 12 12 12 16 16 16 29 21 28 29 32 33 47 60 35 32 62 62 70 73 53 15 57 36 33 43 63 24 29 8 3 10 21 21 15 26 10 11 28 17 7 9 5 3 7 9 13 4
1 2 5 4 5 5 5 7 12 9 26 11 31 65 63 54 78 74 69 21 8 9 19 19 32 16 6 2 2 1 1 3 29 19 23 31 44 6 3 8 18 22 48 44 15 16 8 16 10 8 19 17 18 16 19 16 36 39 42 44 64 58 54 39 60 74 65 51 76 42 21 57 60 28 31 11 24 42 19 8 10 17 17 9 12 7 9 28 17 8 7 3 2 7 10 8
15 3 3 3 5 5 7 11 13 18 11 32 16 9 7 8 11 10 16 21 15 43 43 35 52 17 37 9 10 10 6 7 21 2 0 1 6 41 4 3 18 12 21 28 23 37 37 46 21 11 19 19 25 22 7 21 27 60 37 60 59 65 74 88 86 73 69 43 42 85 42 36 34 39 20 6 10 11 33 21 10 11 19 14 8 11 7 9 22 7 5 4 1 1 4 4
18 14 12 7 8 5 6 15 2 7 28 21 17 26 16 17 11 26 39 51 78 55 75 43 42 20 15 15 11 32 17 2 1 3 3 0 3 4 20 4 2 48 10 14 20 14 6 13 29 18 29 36 34 24 9 15 24 48 71 59 79 69 80 79 79 77 70 25 35 70 74 55 35 21 29 17 12 10 15 12 16 11 9 13 9 8 6 6 28 13 3 2 3 1 4 4
45 23 40 27 21 20 31 6 9 6 10 15 17 45 43 16 7 21 54 59 71 85 66 80 56 44 50 45 22 27 54 38 13 2 5 5 12 10 9 21 3 31 14 13 29 4 8 14 9 30 38 49 59 45 45 23 30 48 66 68 52 41 76 78 76 68 66 51 33 48 79 28 31 20 13 9 15 6 16 31 11 15 12 6 6 4 5 3 7 5 10 3 1 1 1 1
57 43 57 33 43 31 24 31 7 5 13 9 44 32 14 34 24 18 16 56 70 61 57 67 45 42 51 44 22 8 25 65 64 41 29 11 13 17 17 23 10 29 57 23 27 17 8 8 9 16 15 19 35 11 16 44 33 58 45 27 25 27 32 55 56 24 34 21 48 60 54 49 25 18 21 8 8 11 11 20 15 8 11 8 4 4 3 3 3 3 4 6 3 1 1 1
31 51 47 66 71 45 21 64 14 7 11 13 14 16 36 39 26 41 29 16 20 53 62 21 35 59 33 61 33 8 8 10 41 67 51 28 19 16 13 19 19 34 63 17 25 27 21 28 31 34 33 38 26 26 33 27 43 71 56 54 56 51 26 16 9 26 21 27 19 33 34 50 54 25 11 7 8 10 12 15 16 24 5 7 3 3 2 1 2 3 2 1 6 1 0 1
61 76 61 81 63 25 55 75 25 24 29 11 38 61 48 28 49 36 31 20 24 24 16 51 38 16 24 53 62 26 20 14 11 59 53 49 55 44 43 52 46 25 63 62 28 22 30 37 35 38 49 62 32 48 54 29 23 45 57 44 40 27 15 25 24 8 3 15 34 38 39 47 22 23 10 8 12 10 16 10 11 8 11 3 3 2 1 1 1 1 2 1 2 2 1 0
43 79 37 79 39 63 68 69 17 38 41 22 17 13 31 34 39 66 59 70 27 19 25 22 25 24 35 76 34 74 29 42 34 55 23 46 48 76 50 39 48 25 47 64 71 28 26 25 49 34 36 29 25 47 53 28 43 74 73 75 38 49 54 42 37 17 14 20 24 24 23 31 22 12 19 5 9 14 11 12 6 5 6 5 1 1 1 0 0 1 1 1 1 1 1 1
14 71 52 67 64 72 68 25 34 57 53 36 30 20 19 12 17 29 29 66 41 14 22 24 63 64 57 64 29 69 72 25 26 34 59 68 56 79 87 52 46 18 26 61 69 60 48 33 48 17 13 21 53 51 41 36 41 32 27 29 24 41 58 50 48 31 29 27 18 19 21 19 13 17 4 7 6 9 5 3 4 3 2 3 4 2 1 2 1 1 0 1 1 1 1 0
16 15 11 53 67 67 26 29 68 41 58 69 54 40 23 29 36 34 42 23 32 51 44 17 52 53 62 70 70 38 82 78 36 17 33 76 74 61 56 64 68 21 29 64 80 82 45 35 39 39 30 22 73 39 82 84 83 72 82 72 52 30 37 33 32 28 28 28 21 12 12 17 12 14 6 10 4 4 4 5 2 2 2 3 1 1 1 2 1 1 1 0 0 1 0 0
16 58 35 27 18 44 35 74 76 50 48 63 33 49 17 35 28 30 40 28 33 36 37 17 62 71 62 84 77 59 73 84 77 45 38 12 30 59 43 23 33 23 16 80 82 78 61 64 53 64 85 91 79 51 44 78 72 40 43 63 59 37 48 38 32 23 19 29 20 8 10 8 10 9 6 6 5 5 3 2 2 2 1 1 1 1 1 1 1 0 1 0 0 0 0 0
42 48 34 54 44 21 51 81 72 77 14 49 64 62 73 39 56 28 23 22 25 12 40 62 83 60 84 89 74 74 51 66 80 53 51 28 59 75 83 82 64 50 34 47 82 68 58 86 57 63 82 81 88 60 40 82 87 61 45 33 71 69 28 54 35 29 16 16 15 11 12 9 7 5 4 5 4 3 2 1 1 1 1 1 1 1 1 0 0 0 0 0 0 0 0 0
34 33 61 37 31 12 45 65 49 80 32 41 72 57 72 54 29 46 37 52 55 57 19 53 66 73 82 83 61 83 66 81 70 72 70 75 69 77 82 74 18 60 66 35 17 47 59 79 63 55 75 72 74 79 43 54 74 90 65 47 55 35 34 31 35 43 35 26 14 7 12 5 4 3 3 1 2 1 1 0 0 1 1 0 0 0 0 0 0 0 0 0 0 1 0 0
26 21 12 29 42 40 16 79 32 30 31 48 56 15 43 58 35 41 35 65 64 39 38 19 50 83 75 83 66 85 70 71 63 54 66 70 82 74 75 81 76 56 25 23 10 14 56 73 55 25 39 69 76 81 77 82 84 79 86 48 33 38 33 39 32 28 36 14 9 12 6 3 3 2 1 1 0 0 1 1 1 0 0 0 0 1 1 1 2 0 1 3 1 2 2 1
14 28 46 37 22 16 17 37 44 41 63 55 64 64 31 51 41 57 23 19 36 70 47 28 15 31 34 69 66 41 18 20 17 34 32 27 68 48 52 67 68 59 49 22 8 14 58 61 50 40 30 25 51 79 78 71 59 58 77 74 33 22 29 29 29 24 12 16 8 3 3 4 3 2 1 1 0 0 0 0 1 2 1 2 4 5 5 6 2 2 3 6 5 8 8 2
28 19 18 16 29 23 26 20 22 21 39 68 66 71 22 20 29 61 63 43 33 29 49 17 32 41 34 32 21 30 44 34 45 42 62 33 29 26 25 26 20 38 29 15 15 21 47 52 60 39 37 33 9 45 42 51 50 63 42 55 48 23 43 39 30 16 14 7 7 4 3 3 1 1 1 1 0 0 0 1 6 7 5 9 11 13 12 17 10 12 28 28 11 19 8 4
17 18 25 50 41 43 37 31 37 36 47 12 18 24 34 45 32 18 63 65 56 31 31 11 30 60 59 49 35 39 57 64 35 64 34 28 29 36 38 35 25 15 22 23 36 37 57 55 61 49 34 17 20 17 25 50 22 16 13 37 21 26 23 13 17 9 5 7 6 2 2 1 1 1 2 1 2 0 5 7 16 16 16 22 23 38 36 22 20 25 7 3 4 4 5 12
22 29 45 29 27 35 37 25 42 62 20 27 48 46 28 47 11 17 21 27 37 25 22 20 36 32 51 45 65 29 57 47 41 45 32 30 39 62 32 60 39 21 15 14 16 25 36 48 42 43 28 42 39 26 31 30 28 20 24 28 44 34 18 6 7 7 6 2 2 1 1 8 7 4 4 6 2 4 11 28 45 35 36 58 47 39 39 24 31 26 9 2 1 1 2 8
43 63 60 64 31 27 32 29 45 53 31 33 48 46 43 25 30 26 41 41 28 33 38 23 36 32 30 53 28 36 49 47 50 39 30 32 27 52 28 61 44 35 29 11 7 5 23 23 64 65 39 31 62 33 17 39 42 49 43 29 32 15 8 5 5 4 1 2 4 3 9 16 21 7 11 11 6 13 33 44 62 77 37 64 41 36 25 25 21 16 9 6 1 1 1 1
15 14 9 12 18 19 45 44 59 35 41 20 37 53 23 11 19 21 27 24 14 12 11 22 31 27 24 31 40 45 41 40 25 33 24 11 35 28 46 60 40 40 54 28 31 15 10 23 23 53 35 46 35 16 17 29 30 23 15 8 7 4 2 1 1 0 4 11 19 14 24 36 33 20 31 19 10 23 51 55 80 58 38 30 16 3 3 12 4 5 4 2 2 0 0 2
21 33 23 40 35 42 28 43 39 35 14 19 30 40 47 42 45 21 18 17 22 7 11 29 59 49 31 27 43 25 20 38 68 39 23 13 35 21 59 23 54 35 46 40 25 14 20 22 13 29 38 30 13 20 18 14 33 13 7 5 3 9 9 13 5 10 17 32 32 32 32 47 30 30 34 27 23 40 58 69 67 46 22 14 10 4 3 3 6 2 1 1 1 0 0 0
16 16 17 36 54 18 21 28 26 35 30 21 46 30 60 44 33 52 42 31 58 27 33 25 50 61 35 57 21 28 39 27 57 55 30 22 26 36 40 19 26 27 39 44 18 30 21 13 14 19 20 25 22 20 19 15 8 3 3 14 13 25 24 25 16 18 35 43 59 60 42 57 56 52 38 47 53 61 63 61 50 58 28 14 6 7 4 2 9 3 1 0 0 0 1 1
20 13 24 38 21 22 21 37 43 34 44 53 47 35 28 27 64 62 38 41 43 33 50 28 34 54 65 43 23 24 18 20 20 19 34 43 13 17 47 43 40 46 36 25 36 26 25 24 15 20 21 23 34 23 12 9 10 14 22 37 35 32 46 33 26 42 48 50 66 51 57 67 77 46 49 57 65 71 77 53 20 15 15 15 9 5 2 1 1 1 1 0 0 0 0 0
15 24 30 26 13 52 38 31 57 65 73 67 61 66 39 20 25 44 39 48 14 35 61 32 40 32 53 67 42 59 40 34 27 28 47 58 25 37 47 56 49 13 14 26 20 25 14 12 20 27 25 41 27 19 24 14 20 23 44 43 39 38 52 39 35 47 56 42 70 66 54 78 65 51 59 77 65 67 28 78 49 43 15 8 8 5 3 3 1 1 0 0 0 0 0 0
15 18 26 18 13 13 21 31 28 38 53 70 51 52 63 23 36 32 24 23 25 58 62 42 25 31 18 40 27 34 27 28 42 39 56 49 28 44 56 54 42 22 10 10 18 19 23 37 22 22 39 26 20 39 23 20 31 49 51 59 52 51 51 42 42 69 71 58 74 73 71 71 84 83 56 62 67 67 27 19 36 47 24 15 5 3 3 3 1 1 0 0 0 0 0 0
14 15 38 15 29 11 18 16 31 39 17 21 18 20 28 41 41 35 63 31 45 61 40 53 16 51 26 52 24 21 32 37 37 34 43 36 38 33 49 50 40 20 8 16 20 20 28 28 28 28 29 42 30 24 23 38 49 49 47 53 51 40 60 54 57 74 72 70 67 84 76 70 65 74 29 28 17 44 51 27 13 26 12 7 4 3 3 1 0 1 1 0 0 0 0 0
16 36 33 61 10 57 46 7 32 25 38 25 52 31 42 36 40 31 31 33 22 47 25 38 30 23 29 30 17 37 39 33 34 37 38 26 33 25 35 51 36 30 30 37 46 22 33 23 42 51 47 60 44 29 43 47 50 60 43 49 67 53 67 70 61 73 56 75 40 58 82 80 77 61 74 57 40 15 10 19 12 7 15 12 9 5 4 6 2 1 0 0 0 0 0 0
55 34 15 27 48 26 14 31 32 40 22 41 24 23 53 30 33 7 29 38 34 14 25 34 25 16 24 9 17 10 14 28 26 57 19 22 22 33 33 15 23 37 15 22 19 31 15 31 46 60 54 52 46 44 41 61 51 61 59 51 59 67 61 65 66 74 55 52 77 41 75 77 57 71 76 81 63 57 51 31 22 12 4 2 5 7 3 3 1 1 0 0 0 0 0 0
37 72 34 41 11 21 17 30 24 25 47 17 25 46 53 60 62 22 25 48 29 20 8 16 31 11 16 13 13 8 10 28 33 32 14 20 19 20 49 33 21 34 17 57 30 28 35 26 52 59 45 42 43 43 42 47 67 61 57 73 72 81 67 57 66 31 47 42 45 52 38 67 46 55 71 74 76 84 66 48 46 48 43 19 4 3 3 3 1 1 0 0 0 0 0 0
16 24 17 17 35 40 22 19 25 29 37 21 38 22 15 17 13 20 24 33 49 17 27 16 20 11 12 6 9 14 18 25 18 17 18 13 19 36 45 34 21 18 35 60 18 45 33 37 47 68 37 41 42 41 41 48 63 71 57 69 80 54 43 72 71 65 50 28 21 8 16 18 28 30 54 65 57 63 67 43 62 44 31 9 5 5 4 2 2 1 0 0 0 0 0 0
13 17 32 25 23 32 28 18 7 28 5 8 20 23 56 27 45 19 21 21 32 18 14 19 15 15 21 9 7 8 18 11 14 25 5 6 13 41 24 23 14 27 27 43 38 32 38 43 54 46 32 48 37 39 53 40 64 76 79 60 67 73 32 17 15 23 30 48 40 29 14 10 5 14 24 46 36 58 74 30 44 61 28 13 8 4 3 3 2 1 0 1 0 0 0 0
10 39 24 13 14 19 16 12 5 6 9 12 11 29 31 22 30 31 29 28 18 36 12 29 15 16 27 5 6 13 6 9 23 14 16 24 27 45 8 7 17 34 32 44 38 26 32 34 42 29 50 62 49 56 56 52 64 63 64 44 45 60 31 30 55 69 74 59 55 40 33 40 11 4 7 27 24 48 64 47 27 25 19 13 7 5 5 2 2 1 1 1 0 0 0 0
10 19 18 18 16 16 13 8 3 2 4 9 18 8 15 24 19 29 12 6 5 6 11 6 5 19 13 6 12 8 5 6 14 8 3 9 17 21 15 17 22 25 43 46 21 26 36 32 45 46 65 77 59 79 73 85 71 64 70 44 32 14 63 54 22 51 71 58 63 62 59 37 16 13 5 5 6 15 45 20 13 6 4 8 2 5 2 1 1 2 1 1 1 0 0 0
20 3 6 14 3 8 3 1 2 1 1 1 2 6 17 7 6 7 13 6 5 3 4 5 2 5 4 7 11 5 1 2 2 6 7 5 17 13 8 15 24 44 67 80 67 65 51 53 49 30 76 47 83 74 64 71 44 51 68 77 30 27 23 76 36 31 50 66 54 46 67 65 66 34 20 6 3 1 2 2 2 2 2 5 4 1 1 1 0 1 1 1 0 0 0 0
1 2 4 3 3 3 2 0 0 3 8 1 2 2 3 9 7 5 8 5 5 4 5 5 1 2 3 4 3 1 0 1 2 13 30 33 44 56 67 67 68 80 59 82 72 79 73 24 56 67 39 37 62 61 68 70 46 71 75 60 55 39 18 49 74 30 11 31 58 72 59 52 26 23 28 18 7 2 3 1 2 2 2 1 3 3 1 1 0 0 0 0 0 0 0 0
1 2 2 1 1 1 4 17 29 6 9 9 18 2 1 5 3 2 3 2 2 1 1 1 2 1 7 9 10 1 0 3 3 2 5 33 51 63 61 65 63 76 62 63 77 80 78 44 34 39 82 60 29 56 26 37 35 71 84 68 53 47 32 29 81 41 39 18 35 51 75 20 9 17 18 27 19 12 9 4 2 1 1 1 1 3 1 0 0 0 0 0 0 0 0 0
2 4 3 5 5 13 20 11 14 16 18 7 10 6 3 2 1 1 1 1 1 1 8 7 18 18 6 3 8 2 1 10 8 4 7 10 17 60 62 71 56 45 44 44 67 80 87 86 39 40 59 65 45 27 51 20 51 58 78 74 26 38 30 17 78 57 26 23 19 66 68 78 36 27 17 9 7 4 3 3 4 4 1 1 1 0 2 1 0 0 0 0 0 0 0 0
10 10 6 27 18 24 29 41 41 36 17 15 18 7 6 2 1 1 0 1 1 1 1 2 3 5 15 14 3 4 4 4 7 14 3 9 27 48 57 68 62 37 25 36 52 79 86 82 88 84 35 47 42 40 24 18 34 56 71 75 28 30 36 30 50 84 58 35 18 10 12 32 16 17 10 22 12 4 3 1 1 2 2 2 1 0 0 1 1 0 0 0 0 0 0 0
10 21 22 28 40 32 46 32 56 47 27 48 33 12 37 22 18 7 2 0 1 1 1 1 1 2 5 21 3 2 5 3 14 10 17 18 15 15 8 5 54 58 24 41 32 40 63 66 83 88 81 52 52 65 40 47 30 63 76 65 67 25 44 35 21 77 87 63 41 14 7 9 30 19 9 8 12 12 4 2 1 1 1 1 1 0 0 1 0 1 0 0 0 0 0 0
2 3 7 37 51 42 71 73 74 72 60 58 29 46 59 48 24 11 18 5 3 2 2 2 3 8 20 6 5 6 4 12 27 14 19 29 26 23 17 16 15 28 25 27 19 38 70 46 68 80 88 59 49 47 58 52 12 52 68 66 64 45 30 29 13 64 78 78 46 38 7 3 20 36 12 3 3 2 4 1 2 1 1 1 1 0 0 0 1 0 0 0 0 0 0 0
6 8 13 53 59 68 70 62 57 80 83 60 68 70 69 55 30 34 26 19 9 2 5 9 20 51 43 8 3 6 8 13 10 18 12 22 25 30 37 22 15 16 15 13 29 36 53 48 17 65 80 85 46 37 45 23 18 13 40 49 80 73 18 19 33 42 44 69 22 33 23 4 4 17 12 6 4 3 4 3 1 1 1 0 0 1 0 0 0 0 0 0 0 0 0 0
3 5 5 5 6 9 29 39 40 16 41 77 87 80 75 43 38 62 37 25 33 5 7 4 4 6 39 53 12 4 9 13 13 28 24 18 27 29 42 26 34 45 36 28 21 13 55 56 44 31 57 76 60 31 14 13 31 11 18 42 43 38 26 19 19 31 18 67 17 22 15 15 2 7 8 10 7 5 4 3 3 1 0 0 0 1 0 0 0 0 0 0 0 0 0 0
1 3 7 21 24 32 68 34 34 26 32 19 62 82 86 66 59 64 32 37 17 35 13 27 20 8 5 8 14 8 3 12 21 42 15 17 13 22 39 35 30 31 23 25 39 35 33 13 35 62 37 47 13 16 8 23 18 25 18 18 38 45 31 22 9 9 10 44 47 10 5 10 9 2 4 3 6 2 2 1 2 1 1 1 0 0 0 0 0 0 0 0 0 0 0 0
2 6 3 4 11 9 18 25 21 33 18 6 17 42 65 77 76 32 10 11 12 38 24 38 25 20 14 6 6 13 8 52 39 17 55 29 30 33 38 26 32 49 55 44 51 33 40 22 22 19 63 42 32 21 14 11 19 21 15 17 30 48 30 16 14 9 16 31 52 25 8 3 12 7 3 1 1 3 2 2 1 1 1 1 0 0 0 0 0 0 0 0 0 0 0 0
5 1 3 8 17 23 13 16 20 29 36 25 47 22 21 28 40 23 14 23 46 13 17 34 61 63 11 14 8 50 25 25 59 46 66 27 71 37 29 27 32 34 33 43 36 38 38 26 24 23 21 31 21 21 24 18 14 19 9 4 8 13 24 20 20 12 9 14 20 24 11 11 12 5 5 2 1 2 2 1 1 0 0 0 0 0 0 0 0 0 0 0 0 0 0 0
20 6 16 7 9 18 16 26 37 39 26 29 12 35 46 29 35 25 15 26 9 35 32 23 10 27 32 43 42 9 16 43 40 16 30 29 16 55 25 33 34 43 22 29 19 21 19 28 31 29 16 8 31 34 21 28 17 13 12 11 5 10 24 10 10 10 5 8 11 23 4 7 5 3 3 2 1 1 1 2 1 1 0 0 0 0 0 0 0 0 0 0 0 0 0 0
36 25 3 3 17 8 30 57 19 18 35 30 28 53 19 35 19 17 12 9 17 25 26 28 24 15 21 24 13 22 9 46 26 39 39 55 13 24 45 17 24 41 33 43 40 16 23 26 19 26 11 18 5 13 10 33 11 13 10 16 10 9 3 3 2 1 1 2 4 4 2 1 4 2 2 4 2 1 2 1 0 1 1 0 0 0 0 0 0 0 0 0 0 0 0 0
36 27 54 13 11 30 7 6 37 44 16 40 18 46 18 38 33 22 17 31 38 44 29 15 29 30 22 28 52 54 40 11 10 16 39 28 25 8 47 39 37 30 14 20 35 32 21 13 21 25 16 5 30 16 10 29 18 6 10 4 4 7 3 2 1 1 0 0 2 5 4 1 1 2 2 3 2 1 3 1 0 0 0 0 0 0 0 0 0 0 0 0 0 0 0 0
22 34 48 33 7 5 34 15 4 13 28 21 11 17 33 24 17 10 16 24 33 34 65 46 35 34 31 28 59 69 44 28 12 26 44 37 53 25 8 51 27 39 37 32 18 16 21 27 20 20 8 3 7 3 3 11 7 6 4 2 3 5 3 3 2 1 1 0 0 2 2 2 3 3 3 4 4 2 1 1 1 0 0 0 0 0 0 0 0 0 0 0 0 0 0 0
43 36 65 43 52 22 7 54 16 23 53 19 36 28 16 39 15 15 15 14 13 27 48 43 37 41 37 33 48 70 75 51 26 21 60 54 56 37 16 28 69 28 25 56 36 35 25 30 28 12 6 2 2 3 3 3 6 5 2 1 1 2 2 3 1 1 1 0 0 0 0 1 1 0 1 1 1 2 1 1 0 0 0 0 0 0 0 0 0 0 0 0 0 0 0 0
50 41 34 56 32 39 44 16 62 35 50 65 48 55 38 20 20 17 24 47 21 39 61 55 37 40 40 30 21 25 67 57 40 29 26 62 43 31 25 15 21 53 17 16 18 20 22 30 40 20 25 8 4 3 2 2 2 2 2 6 2 1 1 1 1 1 0 0 0 0 0 0 0 0 0 1 1 0 1 0 0 0 0 0 0 0 0 0 0 0 0 0 0 0 0 0
22 62 53 62 48 57 65 55 34 25 16 12 23 16 20 47 33 22 38 13 57 25 67 75 40 42 44 28 17 8 16 43 61 40 16 41 52 23 47 37 27 15 41 43 23 21 33 21 27 12 28 9 3 3 2 1 2 1 1 2 2 1 0 0 0 0 0 0 0 0 0 0 0 0 0 0 0 0 0 0 0 0 0 0 0 0 0 0 0 0 0 0 0 0 0 0
17 18 8 30 32 8 12 8 33 26 46 45 44 50 22 24 47 43 39 38 29 23 59 81 61 54 50 49 29 10 9 10 53 36 38 34 55 20 48 51 36 16 13 39 28 35 24 20 22 8 2 3 5 4 3 2 1 1 0 0 1 0 0 0 0 0 0 0 0 0 0 0 0 0 0 0 0 0 0 0 0 0 0 0 0 0 0 0 0 0 0 0 0 0 0 0
15 27 21 11 12 25 19 17 20 44 24 42 30 18 28 44 23 17 26 43 25 72 44 65 73 54 61 53 54 25 11 13 9 26 38 40 47 22 47 29 36 36 25 20 33 21 22 32 22 14 9 3 5 2 2 2 1 0 0 0 0 0 0 0 0 0 0 0 0 0 0 0 0 0 0 0 0 0 0 0 0 0 0 0 0 0 0 0 0 0 0 0 0 0 0 0
32 22 25 16 24 40 26 18 31 33 17 23 25 13 27 47 31 36 21 24 62 46 34 29 74 49 21 18 17 12 14 6 15 7 13 19 79 58 31 43 29 16 25 27 16 27 15 15 32 25 17 7 3 2 2 1 0 0 0 0 1 1 0 0 0 0 0 0 0 0 0 0 0 0 0 0 0 0 0 0 0 0 0 0 0 0 0 0 0 0 0 0 0 0 0 0
18 12 12 12 5 14 14 18 12 8 28 24 24 9 20 29 21 31 41 70 46 32 41 59 76 67 32 24 24 27 24 24 9 13 15 10 6 9 25 26 19 34 13 24 19 29 28 15 31 15 17 13 7 3 1 0 0 0 0 1 2 3 3 2 0 1 0 0 0 0 0 0 0 0 0 0 0 0 0 0 0 0 0 0 0 0 0 0 0 0 0 0 0 0 0 0
9 6 10 5 12 10 12 8 4 4 7 11 14 22 18 21 17 35 33 25 28 30 16 9 17 17 14 21 44 45 26 50 37 14 10 7 9 8 7 21 16 32 23 11 30 18 25 18 14 7 9 7 4 3 1 1 1 1 2 3 4 3 2 2 1 0 1 1 1 0 0 0 0 0 0 0 0 0 0 0 0 0 0 0 0 0 0 0 0 0 0 0 0 0 0 0
10 6 10 2 6 5 13 20 40 36 33 4 8 18 16 9 17 33 53 38 44 19 28 22 15 20 48 27 31 42 55 40 24 25 28 5 3 4 8 11 10 17 24 26 23 21 13 8 18 7 4 3 2 1 1 2 1 4 5 4 6 5 4 3 2 2 1 2 2 1 1 0 0 0 0 0 0 0 0 0 0 0 0 0 0 0 0 0 0 0 0 0 0 0 0 0
2 3 2 2 11 14 5 22 56 62 43 47 23 9 17 29 24 39 41 21 14 18 38 30 26 27 42 20 10 28 25 17 8 15 25 15 6 5 12 7 5 8 7 8 12 13 12 6 10 7 3 1 2 3 5 5 4 7 8 8 5 8 7 5 9 3 4 3 3 3 1 0 0 0 0 0 0 0 0 0 0 0 0 0 0 0 0 0 0 0 0 0 0 0 0 0
2 4 11 11 15 13 26 22 7 21 51 45 45 55 61 50 75 46 37 41 13 9 35 22 25 36 21 19 12 11 25 27 27 19 27 13 9 19 23 7 4 18 9 12 8 4 11 4 4 3 2 3 6 11 11 12 8 7 7 9 6 12 12 16 14 8 4 3 3 2 1 1 2 1 0 0 0 0 0 0 0 0 0 0 0 0 0 0 0 0 0 0 0 0 0 0
6 1 1 6 27 32 43 71 61 34 41 69 60 44 71 54 81 81 78 56 28 46 8 10 11 10 31 35 36 47 15 53 51 26 9 13 5 15 16 9 21 11 9 8 9 6 6 5 3 4 7 7 18 30 28 16 22 10 13 12 8 20 19 18 12 9 6 5 5 4 3 1 0 0 0 0 0 0 0 0 0 0 0 0 0 0 0 0 0 0 0 0 0 0 0 0
9 10 26 6 4 24 46 65 70 35 29 75 40 36 72 50 50 27 44 58 18 30 23 18 13 19 26 35 34 54 26 17 15 35 21 20 7 29 14 13 19 25 19 17 18 25 21 14 4 16 25 24 29 45 45 41 16 9 34 19 15 22 22 13 20 18 3 11 11 4 3 2 1 0 0 0 1 0 0 0 0 0 0 0 0 0 0 0 0 0 0 0 0 0 0 0
30 10 19 45 26 13 14 25 27 68 24 68 46 44 66 33 15 23 36 24 18 9 24 14 21 34 35 17 13 36 25 17 8 6 9 8 23 26 13 8 41 41 22 46 36 17 17 8 7 21 41 40 41 71 35 31 24 12 47 19 17 23 33 34 22 14 10 12 5 2 2 1 1 2 1 1 1 0 0 0 0 0 0 0 0 0 0 0 0 0 0 0 0 0 0 0
58 52 21 47 55 71 62 35 14 16 46 75 65 25 68 31 33 24 35 25 13 10 32 14 31 27 30 26 22 17 11 14 15 22 26 17 32 7 13 22 41 41 52 51 29 14 7 13 28 21 38 58 71 41 28 35 34 19 59 28 49 20 38 18 19 39 20 8 13 4 2 3 6 5 1 0 0 1 0 0 0 0 0 0 0 0 0 0 0 0 0 0 0 0 0 0
53 66 66 57 61 81 67 85 58 12 36 67 12 25 49 46 34 15 49 9 10 9 18 11 45 30 17 14 14 4 3 14 23 16 36 13 42 10 31 28 57 58 66 30 25 16 16 32 44 40 38 63 62 41 46 61 48 31 69 63 34 40 36 42 56 32 21 15 9 3 3 16 6 1 1 1 1 1 0 0 0 0 0 0 0 0 0 0 0 0 0 0 0 0 0 0
51 75 75 82 75 72 81 82 69 40 34 33 41 14 49 38 28 19 13 8 9 11 28 15 22 20 18 36 27 26 29 30 19 9 12 26 57 27 33 43 69 68 51 30 17 27 31 59 68 51 43 65 53 38 52 73 37 56 62 56 63 28 37 71 66 35 26 11 13 14 7 7 3 2 2 0 0 0 0 0 0 0 0 0 0 0 0 0 0 0 0 0 0 0 0 2
12 68 81 67 78 34 61 72 71 69 60 66 46 13 52 73 45 18 22 16 8 17 25 16 13 17 29 9 13 14 6 13 10 26 56 36 56 27 28 44 68 47 23 12 26 50 47 50 76 59 62 65 35 58 72 65 33 57 45 69 58 65 69 56 41 24 27 12 5 2 2 1 1 0 0 0 0 0 0 0 0 0 0 0 0 0 0 0 0 0 0 0 0 0 0 1
25 24 50 22 11 12 19 16 22 10 15 29 60 18 11 51 60 45 34 30 16 13 9 11 29 9 19 19 45 40 9 21 25 30 66 68 76 42 29 56 49 24 15 31 57 57 51 52 77 57 66 77 67 59 77 64 63 39 62 68 44 65 51 18 7 8 4 7 12 9 7 4 5 2 0 0 0 0 0 0 0 0 0 0 0 0 0 0 0 0 0 0 0 0 1 2
