sesion_6_simulaciones/modelos_agentes/ejemplos_netlogo/scenarios/cgcm2_b2/rob_2078.asc
NCOLS 322 
NROWS 307 
XLLCORNER 451900 
YLLCORNER 4086900 
CELLSIZE 100 
NODATA_value -9999 
[rows 0 to 73 of 307, columns 96 to 191 of 322]
7 1 0 0 5 1 1 1 1 1 2 2 4 11 12 3 6 4 4 1 5 4 3 10 2 1 2 3 4 3 1 1 3 4 2 2 2 3 5 2 1 15 45 55 67 57 66 64 79 60 56 60 35 15 24 28 24 6 14 9 14 6 4 3 14 22 28 3 3 19 28 14 13 17 15 11 14 19 11 55 42 25 37 40 47 31 35 39 47 62 40 28 22 8 16 32
0 0 0 0 0 2 1 1 0 1 1 2 9 15 6 5 1 1 1 2 3 1 1 1 3 2 2 1 2 10 4 1 1 2 1 2 2 3 6 8 12 19 19 16 78 83 80 74 91 68 75 60 19 21 52 10 3 6 3 5 1 6 5 2 6 3 5 24 20 18 10 28 41 21 34 43 50 21 24 30 28 25 40 46 51 36 36 47 51 43 50 39 47 23 31 33
0 0 0 1 1 1 1 0 0 1 1 1 3 5 1 1 3 4 5 5 9 1 1 1 2 2 2 1 3 3 7 6 1 3 10 7 7 11 15 19 28 39 25 32 10 4 12 37 88 75 73 74 25 59 47 37 22 11 6 9 5 29 55 43 61 27 21 34 11 18 14 17 25 28 35 54 66 65 39 27 29 28 42 43 52 41 44 59 38 38 49 37 45 45 31 34
0 0 0 0 0 0 0 1 0 0 0 1 1 3 3 4 4 7 8 6 2 1 3 3 0 1 2 2 2 1 3 4 4 7 10 7 20 19 41 58 67 69 47 14 6 9 3 7 25 9 20 17 9 23 46 9 42 2 4 10 14 35 68 65 70 71 63 20 35 31 28 35 23 24 39 39 45 20 17 26 38 39 53 53 54 41 40 48 35 33 50 48 33 43 26 48
0 0 0 0 0 0 0 1 2 0 1 1 1 1 4 4 3 17 6 3 3 2 2 6 4 2 2 2 1 7 10 7 2 8 17 19 29 43 69 78 79 69 53 24 13 5 9 19 11 8 16 15 3 39 8 19 30 15 2 5 39 58 47 67 46 21 65 33 44 55 34 32 22 19 41 28 33 28 32 36 40 36 75 54 39 43 41 55 38 43 47 61 28 47 54 55
0 0 0 0 0 0 0 0 2 4 1 2 0 1 2 1 5 4 7 5 1 2 5 4 5 2 3 2 1 1 2 8 8 4 23 40 49 68 78 64 74 73 66 35 12 20 11 16 17 14 17 36 5 13 11 28 13 11 9 12 42 46 12 7 9 26 34 9 14 22 7 27 68 50 36 20 26 27 23 43 33 42 47 45 54 41 39 59 54 39 51 39 49 52 66 30
0 0 0 0 0 0 0 0 1 3 3 1 1 1 1 4 2 4 8 7 8 4 2 2 4 3 5 3 1 1 2 10 13 10 23 66 73 73 71 71 73 69 36 19 22 46 23 35 28 26 19 32 22 20 29 19 7 17 24 8 5 7 6 10 5 8 32 51 33 32 10 33 15 7 50 40 37 44 22 39 32 25 31 26 47 49 40 56 54 30 55 46 46 41 26 24
0 0 0 0 0 0 0 0 0 2 12 11 14 4 2 1 1 3 2 3 8 24 4 11 12 5 4 1 3 2 3 5 14 37 27 58 57 70 70 64 59 23 29 23 51 39 31 56 37 34 18 23 39 43 26 25 21 51 59 60 31 11 2 2 12 6 21 14 35 19 23 14 7 16 10 35 49 75 59 24 38 46 29 40 69 45 47 53 60 61 37 31 12 20 20 17
0 0 0 0 0 0 0 0 0 0 2 13 17 34 9 15 1 1 1 6 7 3 4 6 4 2 3 3 2 4 11 8 25 56 68 30 21 29 24 22 36 20 16 31 62 48 25 36 41 28 23 17 72 36 29 43 31 43 12 27 61 38 16 2 12 9 6 7 3 8 30 25 9 10 33 13 19 26 34 61 59 79 47 54 27 19 32 73 38 52 35 71 51 31 21 29
0 0 0 0 0 1 0 0 0 0 1 0 0 0 0 0 2 1 1 2 3 2 3 2 6 4 3 3 4 7 10 37 34 28 49 40 38 37 20 20 11 9 17 34 65 39 16 17 28 34 30 17 27 82 67 64 11 23 10 46 30 37 8 10 2 6 4 3 9 16 16 21 24 20 31 47 16 21 60 67 34 63 49 37 19 26 17 34 35 50 25 45 77 67 25 18
0 0 0 0 0 0 0 1 1 0 0 0 1 1 0 1 2 0 3 1 2 2 3 3 6 2 1 3 7 16 33 40 74 54 31 31 35 53 50 33 19 8 7 11 40 15 15 22 31 23 35 17 31 38 79 62 25 15 21 39 18 19 9 3 7 9 10 4 16 31 28 34 22 15 38 54 34 14 17 54 34 29 48 61 28 30 21 25 64 49 46 40 70 81 56 28
0 0 0 0 0 0 0 1 1 1 0 1 2 3 3 2 2 5 7 3 13 4 1 3 3 4 2 3 6 47 52 46 47 42 33 25 30 52 45 34 19 9 11 20 24 11 13 38 20 24 50 21 33 51 28 46 26 23 33 28 11 10 24 17 8 5 19 18 31 61 67 69 15 29 46 52 35 20 18 58 32 6 35 64 27 35 30 28 52 33 28 34 57 64 64 54
0 0 0 0 0 0 0 0 1 1 1 1 0 1 1 3 5 2 8 7 19 19 2 1 1 2 2 5 14 31 58 36 37 33 34 49 50 19 27 46 18 7 9 30 25 11 21 23 28 40 56 44 43 63 42 36 38 32 44 14 11 14 24 19 10 7 7 19 37 23 48 42 31 23 25 55 23 20 8 18 36 6 45 72 29 32 46 28 20 50 36 16 24 40 60 72
0 0 0 0 0 0 0 0 0 1 1 1 1 1 1 1 8 2 16 4 3 2 11 5 3 2 4 23 27 24 31 33 26 13 15 15 14 10 9 15 18 4 3 2 10 8 16 18 50 64 71 66 49 53 33 48 49 39 33 34 11 8 26 27 19 18 9 10 12 8 3 3 21 29 27 33 22 34 20 13 5 9 24 60 62 29 38 40 26 24 45 23 36 56 79 61
0 0 0 0 0 0 0 0 0 0 1 0 1 1 1 1 1 1 13 6 5 10 14 5 5 4 7 8 27 32 15 9 9 12 20 16 15 13 6 2 14 3 9 5 2 3 16 31 39 69 68 64 51 60 41 64 61 48 46 50 8 27 36 34 21 14 6 9 5 3 4 21 49 40 39 47 42 32 16 17 29 9 28 58 67 31 15 19 24 19 14 13 31 46 55 50
1 0 0 0 0 0 0 0 0 0 0 0 0 0 0 1 2 3 1 1 2 3 1 20 7 9 5 8 8 6 7 19 23 26 18 25 44 43 21 4 5 5 2 6 3 4 3 19 33 38 49 40 39 38 52 36 48 40 53 46 8 24 7 33 49 28 9 11 13 2 9 37 45 49 21 13 24 34 41 36 27 24 25 50 72 85 57 40 22 17 16 9 31 65 56 40
0 0 0 0 0 0 0 0 0 0 0 0 0 0 0 1 2 3 2 3 3 1 2 4 18 9 14 18 43 31 18 10 14 22 22 40 54 56 40 4 9 8 4 6 15 17 17 4 16 27 18 17 13 15 26 46 50 53 56 53 16 32 22 25 37 11 8 9 7 7 9 38 30 42 13 11 20 18 45 33 32 31 35 40 72 87 84 34 23 20 18 13 31 55 65 59
0 0 0 1 1 0 0 0 0 0 0 0 0 0 0 0 1 1 2 3 2 1 2 3 8 11 3 9 10 7 17 16 23 15 41 66 45 53 39 20 30 32 22 22 37 35 38 20 6 2 3 4 3 1 8 51 79 89 64 28 50 31 26 17 30 20 10 19 6 6 41 42 44 37 12 27 47 27 34 37 24 21 16 10 59 66 62 62 41 24 22 15 19 37 43 22
0 0 0 0 0 1 0 0 0 0 0 0 0 0 0 0 0 1 1 1 1 2 2 2 14 24 10 10 8 16 23 29 18 37 43 49 20 24 26 50 40 47 54 62 56 37 45 39 19 13 9 10 12 2 3 11 77 84 58 36 33 40 20 15 23 7 9 11 3 32 59 57 47 54 19 21 46 45 43 72 45 30 16 10 21 48 52 51 51 31 25 22 11 23 63 18
0 0 0 0 0 0 1 0 0 0 0 0 0 0 0 1 0 0 0 1 2 2 4 2 9 7 7 11 14 14 18 46 32 29 31 18 32 35 30 41 65 68 59 34 39 21 35 42 23 18 16 5 9 5 9 6 25 38 51 53 37 21 16 33 30 5 9 34 60 45 65 79 36 74 34 13 40 67 45 67 56 50 37 16 16 46 68 52 59 39 33 19 7 14 48 40
0 0 0 0 0 0 0 0 0 0 0 0 0 0 0 0 0 0 1 1 1 1 1 1 4 9 7 3 4 12 9 9 18 26 40 22 21 36 21 60 35 35 56 42 25 22 25 34 32 15 23 18 6 11 17 13 17 40 58 51 16 16 56 47 26 6 26 32 45 56 45 49 27 35 59 43 27 24 29 67 31 28 47 34 25 12 49 32 59 31 35 17 12 11 16 36
1 0 0 0 0 0 0 1 1 1 2 1 0 0 0 0 0 0 0 2 1 2 2 2 9 6 12 10 5 10 9 16 20 52 48 33 65 28 45 20 38 24 20 18 33 34 57 42 42 15 18 15 14 16 24 18 19 30 55 57 56 16 24 26 15 18 46 11 34 53 61 38 46 21 54 63 38 22 28 78 84 46 21 59 41 11 9 16 53 39 32 32 13 10 11 31
0 0 0 0 1 0 0 0 0 0 0 0 1 0 0 0 0 0 0 2 5 4 5 3 11 3 7 16 8 5 23 48 51 14 7 69 54 23 23 24 36 49 30 17 15 36 26 10 14 10 25 14 15 16 16 18 10 17 35 27 24 23 14 13 15 37 49 6 29 21 46 58 49 18 17 46 44 56 29 53 84 60 50 22 40 16 5 14 49 56 14 39 20 10 12 22
1 0 0 0 1 1 0 1 2 1 2 1 1 5 3 1 1 1 1 9 5 8 7 5 11 11 6 21 24 13 10 11 5 4 5 14 29 34 14 30 30 47 41 39 30 9 6 4 2 2 8 7 5 6 12 6 7 8 9 20 31 24 15 21 46 39 26 12 23 24 24 46 38 36 26 63 63 44 38 21 61 62 40 57 22 13 9 10 9 32 10 20 16 7 6 9
1 1 0 0 1 1 1 0 4 2 0 2 3 4 5 6 16 3 4 3 11 14 29 14 10 11 28 19 43 22 11 6 14 15 9 1 5 34 29 11 22 44 56 60 39 29 21 15 11 9 4 3 2 1 1 1 1 2 12 25 42 24 31 35 19 43 22 28 35 30 20 33 51 56 15 52 58 39 42 27 44 56 28 13 37 20 9 9 6 12 11 12 19 7 4 4
4 2 1 1 2 1 2 0 2 3 2 3 7 8 13 6 14 20 5 6 27 59 63 75 61 55 53 33 52 37 63 65 63 35 13 12 14 10 9 19 40 29 38 46 54 52 47 32 26 23 11 10 11 9 9 8 8 7 26 38 35 29 22 23 19 39 36 47 18 43 19 15 45 34 17 38 38 20 24 21 21 27 53 12 11 7 9 3 4 7 5 9 4 3 2 3
4 2 3 3 3 1 1 1 3 7 5 4 4 19 28 19 22 59 37 59 67 69 73 77 67 74 70 65 70 76 51 20 36 47 37 17 21 17 7 7 27 34 40 58 49 49 51 39 37 31 25 23 23 21 11 19 12 14 24 22 29 20 12 14 12 45 28 45 38 41 12 17 24 30 20 35 31 42 13 19 18 8 23 13 6 15 6 4 1 3 5 4 4 3 3 2
3 4 4 3 5 4 6 4 6 12 12 24 18 27 44 73 66 53 67 25 33 38 55 71 71 64 82 77 78 78 19 13 12 13 27 27 34 19 26 19 21 44 50 44 49 47 38 64 53 39 29 30 28 26 24 25 24 7 14 15 17 12 13 22 39 58 51 29 35 17 20 11 21 22 22 13 12 20 25 13 19 10 15 12 3 11 5 3 1 2 5 4 3 4 2 1
5 10 5 3 6 6 6 7 12 27 43 59 76 78 85 84 70 73 77 57 28 13 40 60 44 40 30 57 61 56 35 7 7 4 6 11 21 19 22 28 11 25 32 34 20 19 12 28 37 34 47 46 31 31 28 41 29 9 10 10 7 16 31 40 49 38 21 22 16 30 24 31 16 15 14 12 11 12 20 12 10 9 8 5 6 5 5 3 2 1 2 1 1 2 1 1
6 14 4 5 19 15 15 28 44 66 81 77 82 84 79 89 70 73 88 38 68 28 17 37 25 15 21 23 23 24 48 27 17 3 6 3 11 9 10 24 22 21 41 16 21 20 11 22 21 12 12 11 10 19 19 9 30 18 12 8 12 18 35 38 40 31 14 29 40 24 27 18 15 10 9 5 6 6 8 8 7 6 3 4 2 1 2 1 1 1 1 0 0 0 0 1
3 17 16 14 22 37 53 66 62 82 76 88 73 86 79 80 54 63 84 70 32 35 18 10 10 8 4 3 12 13 18 61 26 7 9 6 23 51 49 34 32 20 18 10 10 14 14 5 4 6 7 18 29 30 16 16 32 19 28 10 15 21 33 24 36 16 10 20 36 31 20 13 6 12 8 3 2 1 2 3 4 2 1 1 1 1 1 1 0 0 0 0 3 1 1 2
15 28 44 43 65 82 74 79 79 80 74 89 73 77 57 73 54 73 71 74 21 41 40 16 11 3 3 1 4 7 7 13 18 8 9 14 7 16 16 18 14 14 15 24 24 14 16 8 12 14 37 55 48 32 52 11 36 32 8 4 4 13 11 25 20 20 10 6 8 12 10 10 4 2 2 2 3 2 5 6 3 5 3 5 6 6 5 4 4 5 1 2 8 4 3 6
44 59 66 78 76 74 79 79 81 71 89 67 39 57 51 53 60 61 63 70 31 19 27 15 13 8 3 5 10 12 12 22 15 5 18 14 19 19 30 20 34 23 34 35 40 37 28 24 20 25 36 63 66 64 61 30 41 34 17 22 12 3 3 4 5 4 7 4 4 4 4 4 4 7 12 11 17 10 16 9 10 14 8 12 8 22 11 5 8 7 3 4 8 7 4 10
68 80 80 68 79 78 85 70 71 54 73 17 29 23 33 48 50 38 35 58 34 14 6 5 8 12 11 9 14 6 39 38 34 23 30 33 30 26 29 29 32 34 35 35 51 37 45 30 16 51 46 48 60 46 37 32 62 37 30 47 35 23 22 21 20 19 32 20 15 14 14 14 23 23 23 14 24 23 22 22 19 21 17 17 28 19 15 11 12 6 9 6 12 7 16 16
12 19 51 49 68 63 76 70 35 7 4 5 12 9 9 10 12 23 40 55 32 8 11 18 9 9 33 22 34 25 36 34 34 29 28 51 40 20 40 35 35 46 46 46 36 34 44 33 28 39 50 45 57 65 49 51 40 33 41 44 37 40 38 42 41 35 47 37 30 17 28 28 26 27 41 27 27 40 28 37 35 24 27 28 47 22 17 16 14 13 13 10 20 22 23 32
17 10 7 7 6 6 20 23 23 8 5 9 15 15 7 4 3 6 25 28 15 9 35 9 25 35 42 32 43 30 28 23 41 39 20 35 34 22 32 39 32 50 33 30 32 37 54 39 26 31 50 47 28 73 50 65 36 39 48 38 53 40 36 37 39 26 52 34 22 31 31 32 44 29 41 30 30 47 44 43 31 29 42 34 36 25 21 20 19 19 19 18 42 32 24 24
30 47 36 14 14 12 4 8 11 5 10 14 12 6 3 4 1 12 9 15 24 41 45 20 37 32 39 34 27 11 4 14 28 29 20 33 18 24 32 41 45 27 32 28 27 51 41 27 40 41 50 61 37 75 67 33 61 55 50 33 45 39 54 50 38 44 38 37 35 23 34 48 47 34 48 45 37 52 35 44 36 47 49 60 42 26 14 32 24 24 32 36 43 19 45 27
38 27 24 17 10 8 9 8 17 21 23 23 17 5 6 14 16 20 23 34 62 57 57 36 31 22 24 31 30 27 14 12 26 21 37 18 16 24 23 37 14 12 33 38 30 65 34 40 51 33 59 33 63 64 34 48 68 54 31 47 34 49 50 38 26 43 42 39 23 39 58 62 55 37 49 54 52 57 38 35 41 52 52 44 34 19 18 39 33 21 48 50 48 22 14 54
17 27 34 25 27 14 29 22 28 32 35 47 34 25 20 31 18 31 41 47 57 41 19 31 44 27 13 20 31 28 20 11 18 24 11 33 17 42 28 19 23 14 37 23 25 72 48 46 36 30 39 63 57 42 36 34 52 64 33 48 48 61 48 28 52 49 53 39 21 40 55 74 61 44 51 58 61 46 38 30 47 72 65 55 50 23 44 65 46 21 40 66 64 32 17 53
38 50 22 23 14 25 36 24 24 39 38 41 34 33 37 34 35 41 46 43 50 36 30 38 27 17 18 32 21 28 15 21 11 9 28 28 35 22 26 16 18 10 36 10 10 44 42 47 24 34 40 24 62 13 10 8 25 52 24 54 63 49 43 66 52 52 35 16 27 58 64 79 67 50 54 71 77 52 52 32 54 78 54 41 37 32 54 70 50 32 25 76 82 55 33 48
16 29 16 35 23 35 33 31 30 29 43 44 31 31 56 26 33 40 35 35 46 39 19 37 22 23 30 23 25 31 12 22 12 12 11 28 10 18 12 25 18 19 26 13 33 29 58 37 13 28 40 30 34 18 17 10 14 24 18 58 66 56 58 68 27 48 19 19 27 61 73 76 71 56 60 73 83 43 56 28 61 86 60 32 29 37 59 74 56 37 31 66 77 66 25 49
12 22 46 28 16 23 28 20 18 21 46 31 24 39 25 24 16 32 39 24 21 29 33 29 18 19 15 13 14 52 12 24 11 13 13 25 19 15 10 15 10 21 17 14 28 18 29 15 17 10 17 42 31 21 14 15 42 15 19 48 42 49 78 38 50 44 29 33 43 50 72 73 74 42 51 74 58 38 61 32 49 75 62 53 32 38 63 74 56 45 35 49 71 47 36 51
5 5 20 8 7 5 15 13 9 14 17 18 16 25 22 19 21 21 28 23 18 10 19 24 23 17 22 11 9 12 18 30 10 7 12 24 11 6 8 14 9 18 13 12 17 17 23 8 7 7 8 26 6 8 15 13 27 10 23 35 28 54 24 40 68 32 31 39 54 48 59 79 57 32 54 72 58 41 63 40 49 71 46 41 42 31 35 75 73 44 29 49 70 46 30 52
1 3 2 2 4 3 8 12 5 13 12 19 19 13 12 20 15 15 17 22 10 8 8 19 19 11 19 6 9 17 12 15 4 6 9 7 6 10 7 16 22 7 8 17 13 6 3 19 5 4 3 8 2 5 7 21 18 30 24 15 12 10 29 62 24 33 51 28 39 41 39 66 30 24 41 65 38 41 54 24 57 62 36 40 44 48 20 34 75 40 31 43 69 55 43 37
1 1 1 1 3 1 2 2 4 7 6 14 11 10 11 13 11 9 9 14 14 6 16 10 16 11 9 8 2 6 13 17 1 3 4 14 4 2 4 5 22 6 5 3 3 5 6 1 4 6 4 14 8 3 8 10 33 22 15 35 24 12 41 19 39 52 20 24 26 40 17 58 15 19 27 53 24 56 52 23 40 40 27 51 55 54 30 32 70 47 27 44 51 31 41 30
0 0 1 1 2 1 2 2 3 4 6 14 8 5 6 8 11 17 8 3 4 3 20 2 6 8 6 5 2 4 3 3 0 1 6 1 1 1 5 1 12 4 5 2 5 6 4 17 31 39 34 17 27 18 9 18 23 12 15 19 12 16 27 11 40 17 19 18 22 39 12 29 16 31 12 24 16 41 27 19 46 21 23 33 54 23 34 19 47 32 36 27 60 62 63 51
0 0 1 0 0 3 0 1 2 3 5 6 4 7 2 9 2 9 7 3 2 5 7 6 5 6 5 6 1 1 1 2 3 4 1 1 3 3 5 4 4 6 9 15 6 36 11 55 21 28 15 15 33 41 54 27 27 5 9 21 14 16 4 7 19 12 12 15 24 27 32 22 27 19 13 40 12 39 12 13 49 13 43 43 58 29 36 29 33 53 41 60 64 67 76 87
0 0 0 0 0 1 2 1 1 1 1 2 1 3 2 4 3 6 6 7 4 5 4 7 1 2 3 2 3 4 1 0 1 2 13 14 7 9 25 37 17 22 22 46 19 13 38 50 12 40 21 16 27 47 39 27 34 38 27 45 32 46 41 13 22 26 27 28 19 28 42 34 33 60 66 63 66 82 72 46 52 63 65 60 23 82 80 68 56 26 46 32 46 75 51 65
0 0 0 0 1 6 1 0 0 0 0 0 1 3 3 3 3 6 3 3 3 3 3 6 3 2 1 1 1 1 1 1 1 0 1 10 19 3 6 27 29 33 14 53 64 15 17 27 46 33 47 8 14 54 57 21 64 50 70 62 21 45 28 27 23 35 28 55 53 7 14 48 54 16 43 69 35 64 42 73 33 62 77 62 36 79 67 60 84 77 63 31 49 63 43 30
0 0 0 0 0 0 0 0 0 0 1 1 3 2 1 2 1 3 1 2 3 2 3 3 2 1 0 1 2 3 1 0 1 1 1 2 4 2 3 13 26 8 45 62 39 10 26 14 33 29 47 15 19 44 39 59 44 31 53 65 32 7 18 51 44 56 51 41 50 51 11 52 70 23 48 78 19 14 29 81 73 45 36 55 61 74 66 77 87 78 46 68 30 25 59 70
0 0 0 0 0 0 0 0 0 0 0 1 1 1 1 2 1 2 1 1 1 2 2 1 1 2 0 0 1 1 1 1 1 1 1 1 2 16 5 20 10 28 19 22 65 36 17 10 28 33 37 44 18 57 58 84 34 61 83 81 61 8 34 38 44 77 67 73 46 72 29 21 64 28 53 77 39 32 20 63 52 62 13 14 26 69 75 71 81 65 28 70 46 34 52 60
0 0 0 0 0 0 0 0 0 0 0 1 1 0 1 2 1 1 0 1 1 1 1 1 1 1 0 0 0 1 1 1 1 1 1 2 2 4 20 53 19 44 21 45 42 55 26 27 44 47 77 81 38 63 84 90 57 80 87 76 62 29 64 69 44 40 33 25 55 81 36 22 48 23 58 65 85 35 49 83 61 74 66 25 22 43 65 62 56 43 65 88 48 31 19 20
0 0 0 0 0 0 0 0 0 0 0 0 0 0 1 1 2 1 1 1 0 1 0 0 1 1 0 0 2 2 4 2 2 3 6 9 6 9 46 27 37 19 14 62 62 32 20 16 31 49 72 64 64 42 71 90 60 63 79 72 80 70 72 83 32 40 47 31 56 75 67 43 11 29 72 78 79 72 35 86 36 65 78 47 28 25 55 43 47 23 77 87 69 45 48 20
1 0 0 0 0 0 0 0 0 0 1 0 0 0 0 1 1 0 0 0 1 0 0 0 0 1 1 3 10 1 1 1 9 8 8 10 4 15 28 28 52 26 49 23 80 27 33 27 15 32 68 57 39 18 20 55 67 76 82 80 90 75 78 77 72 47 56 40 53 59 83 58 28 27 59 76 82 80 56 71 67 61 68 80 46 29 19 20 18 34 75 55 79 51 47 29
0 0 0 0 0 0 0 0 0 0 0 0 0 0 1 0 0 0 0 0 1 0 0 1 0 0 0 0 3 1 1 8 4 5 20 11 6 4 2 12 13 9 3 3 20 24 64 48 18 10 33 14 22 11 9 16 18 54 61 57 66 72 67 65 87 47 46 38 13 70 91 45 28 24 67 58 59 65 36 49 51 23 70 81 68 43 12 13 16 25 17 40 80 49 32 39
0 0 0 0 1 0 0 0 0 0 0 0 0 0 0 0 0 0 0 0 1 0 0 1 2 6 1 1 1 1 3 3 11 16 14 10 11 16 7 3 7 19 8 4 8 14 23 35 36 11 16 12 25 13 15 29 22 13 22 43 42 18 32 67 90 70 37 42 52 77 88 55 21 13 25 38 61 47 58 64 53 16 53 70 81 33 22 12 36 41 24 42 89 64 58 60
0 0 0 1 1 1 0 0 0 0 0 0 0 0 0 0 0 0 0 0 0 2 1 1 5 9 3 1 1 4 4 3 8 15 7 4 16 22 7 7 8 27 15 9 15 14 16 14 15 7 15 37 43 40 33 31 21 17 14 11 3 1 11 77 78 76 52 27 31 70 81 77 65 26 15 39 53 41 42 30 54 40 25 75 76 63 27 18 40 31 54 82 83 83 68 63
0 1 1 0 0 1 2 0 0 0 0 3 0 0 0 0 0 0 0 0 0 0 0 0 2 5 2 6 7 11 4 3 18 7 15 19 15 25 14 19 14 26 26 16 7 28 16 22 16 6 15 52 62 66 63 53 38 34 31 28 30 26 28 49 51 64 55 23 10 47 43 79 80 36 18 47 55 42 26 44 69 35 23 24 77 79 31 16 47 57 54 75 52 77 50 31
0 0 0 1 1 1 0 0 0 0 2 3 2 1 1 1 0 0 0 0 0 0 0 0 1 1 3 6 12 5 3 5 4 2 23 24 8 12 20 38 24 30 24 18 6 11 42 32 22 15 13 35 75 77 73 73 61 59 51 50 77 80 82 72 59 57 46 29 12 8 35 52 82 65 59 20 42 49 27 6 21 33 35 48 68 76 48 26 15 36 39 34 77 77 86 59
0 0 0 1 3 2 11 1 1 0 1 0 2 4 1 1 1 0 0 0 0 0 0 0 1 1 2 3 3 2 2 8 18 13 27 17 17 28 48 23 41 37 19 26 31 31 42 44 32 24 14 21 48 72 70 78 79 76 55 44 35 50 59 66 76 72 74 63 39 3 11 50 59 66 57 51 33 16 22 21 51 42 21 30 29 68 68 24 12 21 29 35 29 70 57 74
2 1 0 0 0 3 1 0 0 3 1 1 0 1 0 0 1 0 0 0 0 0 0 1 4 1 2 5 4 9 9 31 18 11 15 24 16 18 13 6 12 52 60 36 58 42 35 35 36 37 34 17 13 17 57 57 54 73 74 66 59 53 39 44 49 67 74 73 70 60 42 64 55 75 43 43 33 23 33 24 21 22 15 43 33 70 74 22 9 30 39 28 29 29 58 74
2 3 2 0 0 2 8 4 1 1 1 1 0 0 0 0 0 1 0 0 0 0 0 2 1 2 1 1 2 2 1 4 4 14 12 14 16 18 24 23 15 6 19 64 65 77 66 49 42 23 32 34 26 15 23 38 33 27 42 50 54 65 65 54 31 34 63 71 72 56 62 78 59 80 67 47 43 45 26 14 16 31 14 23 35 24 59 32 8 16 35 36 17 11 51 75
1 1 15 4 1 3 1 10 5 2 3 0 0 1 0 1 1 1 1 0 0 0 1 1 1 1 2 9 5 2 4 10 7 9 14 27 28 35 32 36 41 33 17 12 11 62 69 63 43 30 22 34 27 14 6 6 6 7 7 8 15 34 30 41 42 23 23 34 36 33 61 60 60 56 53 54 60 55 33 35 31 26 14 15 44 52 37 43 13 5 23 32 19 37 77 35
1 1 4 1 1 1 0 0 13 23 22 14 1 2 1 0 0 2 0 1 0 0 1 1 3 1 3 4 3 3 8 12 6 8 13 20 21 31 29 33 36 33 49 44 43 29 14 10 37 38 46 16 15 9 15 23 22 22 21 18 19 7 5 6 9 6 6 4 6 20 31 46 39 36 29 23 21 46 40 34 24 13 33 27 29 41 32 51 30 8 6 24 43 76 44 70
2 1 3 19 6 1 1 1 1 27 2 2 2 1 1 2 1 0 0 1 0 0 0 1 1 1 1 1 1 1 1 2 5 8 9 12 26 37 25 36 43 49 46 47 51 39 35 33 23 12 12 8 11 28 30 42 42 42 39 50 20 6 6 20 21 31 15 17 5 3 9 23 19 13 13 12 15 22 29 43 39 13 11 13 14 16 28 39 46 13 6 19 80 50 44 55
3 2 4 10 4 6 8 1 0 0 0 0 0 1 1 11 1 1 1 2 0 0 0 0 0 0 1 1 2 2 2 2 3 6 11 14 18 21 21 41 44 33 28 31 37 29 27 38 31 28 33 34 37 50 45 43 58 59 60 52 26 21 23 36 33 24 30 15 5 5 6 2 2 2 3 3 7 7 3 6 11 7 7 4 5 5 17 26 25 14 6 49 54 30 60 53
9 5 2 1 9 7 32 11 7 6 3 1 1 1 5 2 14 6 2 1 6 3 2 0 0 0 1 1 0 1 1 3 6 3 1 5 19 22 13 13 24 36 25 19 29 23 33 35 42 35 45 29 31 46 57 59 60 61 70 59 36 35 46 42 52 53 52 39 18 14 5 2 1 3 4 8 23 14 8 7 5 4 2 3 2 4 5 10 25 28 10 61 18 10 48 59
8 9 8 16 8 11 7 4 4 24 4 10 1 2 5 10 26 11 3 4 8 1 1 1 1 0 1 0 0 1 3 1 1 1 3 4 14 32 28 41 36 28 39 29 39 31 36 38 42 25 55 44 41 36 53 57 76 74 73 57 29 50 46 61 60 74 64 54 42 21 14 15 15 20 23 36 44 31 17 17 26 29 13 6 7 4 1 3 9 30 17 49 9 11 48 75
11 12 3 3 14 9 34 19 9 8 16 28 9 4 8 31 33 10 3 10 1 8 0 1 0 0 0 2 0 1 1 0 0 4 2 4 7 14 23 28 34 22 25 28 31 33 39 54 44 34 43 55 38 41 58 67 76 67 53 44 42 51 61 62 63 80 73 59 47 25 37 37 37 45 43 45 58 42 39 40 38 34 19 28 26 11 8 2 3 12 11 13 12 6 22 39
10 17 12 4 32 26 35 24 55 30 17 6 3 26 27 21 17 7 5 26 2 10 1 1 1 1 1 2 3 0 0 1 1 3 3 5 8 22 13 29 35 27 11 32 29 31 39 59 46 23 27 52 48 39 53 72 71 55 40 29 33 63 61 61 79 75 65 58 32 28 42 42 44 56 51 64 63 65 46 49 60 48 44 54 38 29 14 3 2 8 7 13 10 3 10 21
11 3 13 5 2 41 17 10 21 42 28 19 3 17 49 17 2 5 15 27 2 19 1 1 5 3 0 2 5 9 2 0 1 1 4 3 2 3 7 7 22 15 23 23 28 14 48 29 44 18 52 38 40 30 56 77 53 47 32 41 42 55 52 69 78 71 63 61 34 51 61 62 42 59 69 66 68 58 50 58 67 61 54 59 27 15 6 4 2 1 2 6 7 2 7 5
10 10 7 14 3 8 39 54 54 29 12 15 5 9 29 38 9 16 49 27 6 26 3 2 1 3 1 5 4 1 5 10 1 1 1 3 1 3 2 7 11 9 10 22 18 15 17 24 12 17 66 17 31 24 63 37 35 45 25 33 34 47 60 74 57 69 58 42 37 52 63 63 41 64 61 70 74 61 53 61 75 62 63 37 17 20 16 17 11 3 1 1 3 2 2 2
18 10 14 10 14 13 21 33 26 45 45 18 46 7 3 2 25 73 59 19 18 7 7 7 9 3 1 4 7 7 4 1 2 0 1 0 1 1 2 9 4 9 9 12 8 7 7 10 15 23 9 8 25 39 19 35 28 20 22 24 22 39 73 57 62 48 34 38 53 64 61 63 55 65 44 55 62 41 52 59 77 46 29 29 36 40 50 26 16 6 3 1 1 1 1 1
20 18 15 13 43 22 55 76 39 27 25 45 47 51 4 1 7 9 8 3 10 17 10 4 2 4 3 4 3 2 1 0 1 2 0 0 1 1 3 3 3 2 9 2 2 2 3 11 2 3 4 6 12 25 18 21 10 14 29 30 24 57 52 57 49 56 37 34 45 62 57 45 48 65 43 27 71 49 55 76 46 47 41 44 72 73 48 25 20 13 5 4 2 1 1 1
