sesion_6_simulaciones/modelos_agentes/ejemplos_netlogo/scenarios/cgcm2_b2/rob_2059.asc
NCOLS 322 
NROWS 307 
XLLCORNER 451900 
YLLCORNER 4086900 
CELLSIZE 100 
NODATA_value -9999 
[rows 0 to 73 of 307, columns 96 to 191 of 322]
7 0 0 0 4 1 1 1 1 1 2 2 3 9 10 3 6 3 3 1 4 3 2 8 2 1 2 2 3 2 1 1 2 4 2 1 2 3 4 2 1 13 42 51 64 56 62 62 77 58 51 56 30 13 20 24 21 5 12 7 11 4 3 2 11 20 24 3 3 17 25 12 12 15 13 10 13 18 10 53 40 24 37 40 47 32 36 38 47 62 39 27 21 8 16 31
0 0 0 0 0 1 1 0 0 1 1 2 7 14 5 4 1 1 1 2 3 0 1 1 2 1 2 1 1 8 3 1 1 2 1 2 2 3 5 7 11 16 17 14 76 82 78 71 90 67 75 55 16 18 50 8 3 5 3 4 1 5 4 2 4 3 4 20 17 15 8 25 37 19 33 40 48 20 22 29 27 24 39 44 51 36 35 45 50 42 49 37 45 22 29 32
0 0 0 1 1 1 1 0 0 1 0 1 3 4 1 1 2 4 4 5 7 1 1 1 2 1 2 1 2 3 6 5 1 2 8 6 7 10 13 17 24 36 24 29 9 3 10 34 87 72 71 71 22 55 42 34 20 10 5 8 4 27 50 38 57 23 18 30 9 15 12 16 23 25 32 51 64 63 38 25 27 27 40 42 51 40 44 58 37 38 47 35 43 43 29 32
0 0 0 0 0 0 0 1 0 0 0 1 1 2 3 3 3 6 7 5 2 0 3 2 0 1 2 1 2 1 3 3 3 6 8 6 18 17 36 55 63 66 43 12 5 9 3 6 23 8 19 16 8 20 42 7 40 2 3 9 12 31 64 61 68 68 61 17 33 26 24 31 20 21 37 36 44 18 16 24 36 37 51 51 52 40 38 46 33 31 48 46 31 42 24 47
0 0 0 0 0 0 0 1 2 0 1 1 1 1 4 3 2 14 5 2 3 2 2 5 3 2 2 1 1 5 8 6 1 7 15 16 25 42 66 75 77 67 50 22 12 4 8 17 9 7 14 14 3 36 7 16 26 13 2 4 35 54 43 65 41 20 62 30 42 52 31 28 19 18 37 25 30 26 29 34 37 34 74 52 37 41 39 53 36 41 45 59 26 44 53 53
0 0 0 0 0 0 0 0 1 3 1 1 0 1 2 1 4 3 5 4 1 1 4 3 4 2 3 2 1 1 2 7 7 3 19 37 44 65 76 62 72 71 64 34 11 19 10 14 16 12 16 34 5 11 10 25 12 10 7 10 40 42 10 6 8 24 32 8 13 19 6 23 65 48 34 18 23 24 22 40 30 39 44 42 51 38 36 57 52 37 49 37 46 51 65 28
0 0 0 0 0 0 0 0 1 2 2 0 0 1 1 3 1 3 7 5 7 3 2 2 3 3 4 2 1 1 2 8 11 9 20 63 72 71 69 70 71 68 34 17 21 43 23 33 25 24 17 31 20 18 26 16 6 14 22 7 5 6 5 9 4 7 29 49 30 29 9 30 14 6 48 36 32 40 20 35 30 23 28 23 44 46 37 53 51 27 52 44 44 39 24 22
0 0 0 0 0 0 0 0 0 2 10 10 11 3 2 1 1 2 2 2 8 21 4 10 11 4 4 1 2 2 3 4 13 36 24 57 54 68 70 62 57 21 27 23 49 37 30 55 34 31 16 22 37 40 25 22 20 49 58 59 29 10 2 2 10 5 20 12 33 18 21 12 6 14 8 33 46 72 58 22 34 44 27 37 66 44 44 51 59 60 34 29 11 18 19 16
0 0 0 0 0 0 0 0 0 0 1 10 14 32 8 12 1 1 1 5 6 3 3 5 4 1 2 2 2 3 8 7 21 53 65 28 19 28 22 20 35 19 15 30 61 46 24 34 39 27 21 16 71 33 27 40 29 40 10 24 59 35 14 1 12 8 6 7 2 8 27 22 8 10 31 11 17 24 31 59 58 78 45 52 25 17 30 71 35 51 32 70 50 29 19 27
0 0 0 0 0 0 0 0 0 0 1 0 0 0 0 0 2 1 1 1 2 2 3 2 5 3 2 2 4 5 8 34 31 27 47 37 35 36 19 19 11 9 16 33 64 38 15 16 26 33 29 15 25 81 66 62 10 21 9 43 27 35 7 10 2 5 4 2 8 14 14 19 22 18 29 45 14 20 59 66 32 62 47 36 17 24 15 33 33 48 23 44 76 66 24 17
0 0 0 0 0 0 0 0 1 0 0 0 1 1 0 1 2 0 2 1 2 1 2 2 5 1 1 3 6 13 29 36 71 51 30 29 34 51 48 31 19 8 7 11 39 14 15 21 31 22 34 16 30 35 78 61 23 13 20 36 16 17 8 3 6 8 9 4 15 31 27 31 20 14 36 52 31 13 16 53 33 29 46 59 26 29 19 24 62 48 44 39 69 81 55 27
0 0 0 0 0 0 0 1 1 1 0 1 1 2 2 1 1 4 5 2 10 3 1 2 2 3 1 2 5 45 49 42 44 40 31 24 29 52 45 33 19 9 11 20 23 11 13 37 20 23 48 20 32 49 26 44 25 22 32 26 10 9 22 15 7 5 17 17 30 60 65 68 14 28 45 51 34 19 17 56 30 6 34 63 25 34 30 26 50 32 27 33 56 63 63 53
0 0 0 0 0 0 0 0 0 1 1 1 0 0 1 3 4 2 7 5 18 18 2 1 1 2 1 4 12 28 55 34 34 31 33 48 49 19 25 45 18 7 9 29 24 11 21 23 27 38 54 43 41 63 41 35 36 30 41 12 11 13 22 17 9 7 6 18 35 22 47 40 31 21 24 54 21 19 7 17 35 5 44 72 27 31 44 26 19 50 35 16 23 39 61 72
0 0 0 0 0 0 0 0 0 0 1 1 1 1 1 1 6 2 14 4 2 2 9 4 3 2 3 22 25 22 28 32 24 12 14 14 14 10 9 14 17 3 2 2 10 8 16 18 50 63 70 66 48 53 32 48 47 38 31 32 11 8 25 25 18 17 8 10 12 7 3 3 21 28 25 30 21 32 18 11 5 9 23 59 62 29 37 40 25 23 45 22 36 56 79 61
0 0 0 0 0 0 0 0 0 0 0 0 1 1 1 1 1 1 12 5 4 9 11 3 4 3 5 7 26 29 14 8 8 12 18 15 14 12 6 2 13 3 9 5 2 3 16 31 38 69 69 64 52 60 40 64 60 46 44 48 8 26 35 33 19 13 6 8 5 3 3 20 47 38 38 46 40 31 15 16 27 9 26 57 67 30 15 19 23 19 14 13 31 46 54 50
1 0 0 0 0 0 0 0 0 0 0 0 0 0 0 1 1 3 1 0 2 2 1 17 7 7 4 6 7 5 6 17 22 24 16 23 42 42 21 4 5 5 2 7 3 4 3 20 34 40 50 40 40 39 52 36 47 40 53 45 8 23 7 32 49 27 9 10 12 2 8 36 44 47 19 12 22 32 40 34 26 23 24 50 72 85 56 39 21 17 17 9 32 66 57 39
0 0 0 0 0 0 0 0 0 0 0 0 0 0 0 1 1 2 1 2 2 1 1 4 17 7 11 16 40 28 16 9 13 20 20 37 52 54 38 4 9 8 4 6 15 16 17 4 16 26 19 18 13 16 26 47 49 52 56 52 15 30 21 24 35 10 7 9 7 7 8 38 29 40 12 10 18 18 45 31 30 30 34 40 72 87 84 34 23 20 19 14 33 57 64 59
0 0 0 1 1 0 0 0 0 0 0 0 0 0 0 0 1 1 2 2 1 1 2 3 7 9 3 8 9 6 15 15 20 13 40 65 43 52 38 20 29 32 22 22 35 34 38 20 6 2 3 5 3 1 8 53 79 89 63 27 50 29 25 16 29 18 9 18 6 6 40 41 42 35 12 27 46 26 34 36 23 21 16 10 59 66 63 62 41 24 23 16 20 39 43 22
0 0 0 0 0 0 0 0 0 0 0 0 0 0 0 0 0 1 1 0 1 1 2 2 12 20 8 8 6 14 21 26 16 33 41 46 18 22 25 49 38 45 53 62 56 36 46 38 19 14 10 9 13 2 3 12 78 84 58 35 32 39 19 14 22 7 8 11 3 31 57 56 46 54 18 20 44 43 43 72 44 29 16 10 21 47 53 51 53 32 25 24 12 25 66 19
0 0 0 0 0 0 1 0 0 0 0 0 0 0 0 1 0 0 0 1 1 2 3 1 8 7 5 9 12 13 15 43 29 26 28 16 30 33 28 39 63 66 58 33 39 21 35 42 24 19 17 5 9 4 10 7 26 39 51 53 36 20 16 33 28 5 9 32 59 44 64 79 35 74 33 12 39 67 44 67 57 50 37 16 17 48 70 54 61 41 34 20 8 15 51 43
0 0 0 0 0 0 0 0 0 0 0 0 0 0 0 0 0 0 1 1 1 1 1 1 3 7 6 3 3 10 7 8 16 23 38 19 20 33 20 57 34 35 55 41 26 23 26 34 32 15 23 19 6 12 18 14 18 40 58 52 16 16 55 47 24 6 26 32 44 54 43 47 26 34 58 42 27 24 29 68 30 28 48 34 26 12 52 34 62 31 37 19 12 13 18 39
0 0 0 0 0 0 0 1 1 1 2 1 0 0 0 0 0 0 0 2 1 1 2 1 7 4 10 9 5 8 8 14 19 51 47 30 63 26 43 19 38 24 19 18 35 36 60 44 42 16 20 15 15 16 25 20 20 33 57 58 56 16 24 26 15 18 45 10 33 52 60 37 45 21 53 63 37 22 28 78 84 47 21 60 43 13 10 17 56 42 35 34 13 12 11 35
0 0 0 0 1 0 0 0 0 0 0 0 1 0 0 0 0 0 0 1 4 3 4 3 9 3 6 15 7 5 21 45 49 12 6 68 53 21 22 23 34 49 29 18 14 36 29 11 14 12 25 16 16 18 18 20 11 19 36 26 25 23 13 13 15 36 49 6 28 20 46 58 49 18 17 45 44 56 29 54 85 61 51 23 40 18 5 14 53 59 16 42 23 11 14 25
1 0 0 0 1 1 0 1 2 1 2 1 1 4 2 1 1 1 1 8 4 7 6 4 10 9 5 18 22 12 9 9 4 4 4 13 27 32 14 28 30 45 41 40 30 9 6 4 3 2 10 8 5 7 13 6 8 9 10 20 32 24 15 21 46 38 25 12 23 24 24 46 38 36 27 64 64 43 39 20 61 63 42 60 24 15 9 11 11 36 11 22 18 8 7 10
1 0 0 0 1 1 1 0 3 1 0 2 3 3 4 5 13 2 3 3 9 12 26 12 8 10 26 17 39 21 9 6 13 13 8 1 5 34 29 10 21 42 55 60 40 30 23 16 12 11 4 4 2 1 1 2 2 2 14 26 41 24 31 35 19 43 21 27 35 29 20 33 51 55 16 54 60 41 43 28 44 59 30 15 40 22 10 10 7 13 13 13 20 8 4 4
4 2 0 1 2 1 1 0 1 2 2 2 5 7 11 5 12 16 4 5 23 56 60 72 60 52 51 30 50 34 61 63 62 33 13 11 13 10 8 18 37 28 38 46 54 52 48 34 28 23 12 11 11 10 9 9 9 8 26 40 37 30 23 23 19 39 36 47 17 44 20 16 46 34 18 40 38 20 25 22 23 29 53 13 13 8 11 4 4 7 6 11 5 4 3 3
4 2 3 3 3 1 1 1 3 5 4 3 3 17 24 17 18 54 32 55 64 66 71 76 65 72 68 64 69 75 50 18 35 45 35 15 20 16 7 7 26 33 38 56 49 49 52 40 39 33 25 24 25 23 12 21 13 14 26 23 30 20 12 13 12 45 28 44 38 42 12 18 25 31 21 36 33 45 14 21 20 8 25 15 7 17 6 5 1 3 6 5 5 3 3 3
2 4 3 2 4 3 5 3 5 10 11 21 17 22 39 69 62 51 65 22 31 35 54 69 69 62 82 76 76 77 18 12 11 12 26 26 33 18 25 18 20 43 49 44 49 47 38 62 53 38 31 32 29 27 24 25 25 7 16 16 18 12 13 22 38 59 52 29 36 18 22 11 23 24 23 14 13 22 27 13 21 12 17 14 4 13 6 4 1 2 5 5 4 4 2 1
4 9 4 3 6 5 5 6 10 25 40 56 74 76 84 83 69 71 75 55 26 12 37 57 42 37 29 55 60 55 33 7 6 4 6 10 19 17 22 26 11 23 32 34 20 19 12 29 38 35 48 46 32 30 29 41 28 9 11 10 7 17 32 40 48 39 22 23 16 30 25 33 16 15 16 13 12 13 20 14 12 10 9 6 7 6 5 4 3 1 3 1 2 3 1 1
5 11 4 5 16 13 12 23 42 62 79 75 81 83 77 89 69 71 87 36 67 27 15 35 24 15 20 22 21 22 46 26 16 3 6 3 10 8 9 24 20 21 40 16 21 20 11 23 21 13 12 12 10 19 20 9 31 18 12 9 12 18 36 39 41 30 15 31 42 24 29 19 16 11 10 6 7 7 10 9 8 7 3 5 3 1 2 1 1 1 1 0 0 0 0 1
3 15 14 13 20 32 50 63 60 82 75 87 73 85 78 80 51 62 83 68 30 33 17 9 9 8 3 3 12 13 16 61 24 7 8 6 23 50 49 34 32 20 18 10 11 15 15 5 4 7 8 19 29 29 16 16 33 20 29 9 16 22 34 24 37 17 11 20 36 33 21 14 7 12 8 4 2 1 2 3 4 2 2 1 1 1 1 1 0 1 0 0 3 2 2 2
14 26 40 40 62 79 71 76 78 79 73 89 72 76 56 72 53 71 69 73 19 40 39 15 11 3 3 1 4 6 6 12 16 8 9 13 7 15 15 18 13 13 15 24 24 15 17 8 13 15 38 55 48 31 51 11 38 33 8 3 4 14 12 26 19 20 11 6 9 13 11 11 5 2 2 2 4 2 5 7 4 6 4 6 6 6 5 5 4 6 2 2 10 5 3 6
41 55 62 75 73 71 76 78 80 70 89 65 37 56 49 52 58 60 62 69 30 17 25 14 12 7 3 5 10 11 12 21 14 5 16 13 17 17 29 19 34 21 33 34 39 37 28 25 20 25 35 62 65 64 62 31 42 34 18 23 12 3 4 4 5 5 8 5 4 4 5 4 4 8 13 11 19 12 18 10 10 16 8 14 9 25 13 6 10 9 4 4 9 7 5 12
66 79 79 66 78 77 84 69 71 53 73 16 28 22 32 46 48 36 34 56 32 13 6 5 8 11 11 9 13 5 37 36 32 22 28 30 27 24 27 28 30 33 34 33 49 36 45 29 16 51 46 47 58 45 36 31 62 36 30 47 35 24 22 22 21 21 34 22 16 14 15 16 25 25 25 15 26 23 24 24 21 21 19 19 31 22 15 12 12 7 10 6 14 8 18 18
12 18 50 48 67 61 76 68 33 6 3 5 12 9 8 11 12 24 40 55 30 8 10 17 9 9 31 21 32 24 34 32 31 28 27 49 37 18 38 34 33 45 43 44 35 34 43 32 27 39 50 44 56 64 47 50 38 31 40 43 36 40 39 42 42 36 48 39 31 16 29 29 27 28 41 29 29 42 27 39 37 26 29 28 50 22 19 17 16 15 15 11 22 25 26 35
16 10 6 7 5 5 20 21 21 7 5 9 14 15 6 4 3 6 26 28 15 9 34 9 23 34 40 30 42 27 25 22 40 36 19 33 33 20 29 38 30 48 30 29 30 35 52 37 26 30 49 45 27 72 47 63 34 36 46 37 53 40 36 36 38 26 53 36 22 32 32 31 44 30 42 31 32 46 46 45 33 30 43 36 39 27 23 23 21 19 19 18 46 34 26 26
28 43 34 14 13 11 3 8 11 4 10 13 11 6 3 4 1 11 9 15 23 40 44 19 36 29 36 33 25 11 4 13 27 26 18 30 17 21 29 39 44 25 30 27 26 49 39 25 38 39 48 59 35 74 67 30 59 53 49 31 43 38 53 50 38 44 38 37 35 24 34 49 48 34 47 46 37 52 35 45 35 48 50 60 44 26 15 33 26 26 35 39 45 20 47 29
35 24 23 16 9 7 8 8 16 19 22 23 17 5 6 14 15 20 23 34 60 54 56 35 29 21 22 28 28 24 13 11 24 18 34 17 15 22 20 34 13 11 30 35 29 62 33 38 49 32 58 31 61 61 32 45 67 51 29 45 33 48 50 37 26 43 42 38 23 38 58 62 55 36 49 54 52 57 37 36 42 52 53 46 36 21 19 41 35 22 50 52 49 23 15 54
15 25 33 24 25 13 28 20 26 31 32 44 33 24 20 30 18 30 40 45 56 40 18 30 43 24 12 18 28 26 18 10 16 22 10 29 16 39 26 17 21 13 34 22 24 70 45 43 34 28 37 62 56 38 34 31 50 61 32 47 46 59 47 27 50 49 53 40 22 41 55 74 61 43 51 58 60 46 38 29 47 72 65 56 49 23 44 67 47 22 42 66 65 32 18 54
33 46 20 21 13 24 34 22 21 38 36 40 33 32 36 32 34 39 44 40 48 33 28 35 24 15 16 28 19 25 14 20 11 8 24 26 30 20 24 16 17 9 34 9 9 42 39 45 23 33 37 22 59 12 9 7 22 48 23 52 60 48 42 64 52 50 34 15 27 57 63 79 66 50 53 70 77 51 51 31 54 78 53 41 38 32 54 70 51 32 26 76 82 55 32 47
15 27 15 33 21 33 29 28 26 25 41 43 29 29 55 25 31 39 34 32 44 35 18 33 21 21 26 20 22 28 11 21 11 11 9 23 8 15 11 22 16 16 23 12 32 27 55 35 12 24 36 27 31 16 14 9 13 21 16 54 63 53 56 67 26 47 19 18 26 60 72 75 71 54 58 72 82 42 55 28 62 85 60 32 28 37 59 74 55 37 31 66 77 66 25 49
11 19 43 25 14 20 26 17 15 19 43 29 23 37 24 22 15 30 38 21 19 27 29 28 17 17 13 12 12 47 10 21 10 12 12 22 18 14 9 13 9 19 16 13 26 16 28 12 14 9 15 40 26 18 12 14 38 14 18 43 39 45 76 37 48 43 28 32 42 50 71 72 73 40 49 73 56 36 61 31 49 74 62 51 31 37 62 73 55 45 35 49 71 46 36 50
5 5 19 6 6 4 13 11 8 12 14 16 14 23 20 17 19 18 27 21 16 9 16 21 19 15 20 10 9 12 15 26 8 6 10 21 9 5 6 13 8 16 11 11 16 13 23 7 6 6 6 21 4 7 12 12 24 9 22 30 25 50 23 38 67 31 29 39 53 47 57 78 55 31 51 71 56 41 61 40 48 70 44 39 41 30 35 74 72 43 28 49 70 45 29 51
1 2 1 2 3 3 7 9 4 11 10 16 18 12 11 19 13 14 16 19 9 7 7 16 16 9 17 5 7 14 9 13 4 5 8 5 4 8 6 13 18 5 7 16 11 5 3 18 4 3 3 7 2 4 6 17 15 27 23 13 11 9 26 59 23 30 49 26 37 38 37 63 27 23 39 61 35 40 52 23 57 60 33 37 42 47 19 33 74 38 29 41 68 52 42 35
0 1 1 1 3 1 2 2 3 5 6 11 10 8 9 11 10 8 8 11 12 5 13 9 12 10 8 8 2 5 10 15 1 2 3 11 3 2 3 4 18 5 4 2 3 4 4 1 3 5 4 12 6 3 6 8 29 18 12 31 22 10 36 18 36 49 18 23 23 36 15 55 13 17 24 48 21 53 50 22 37 37 25 47 51 53 28 31 68 45 26 42 50 28 38 28
0 0 1 1 2 0 2 2 2 3 5 12 7 4 5 8 9 15 7 3 4 3 17 2 4 8 6 4 1 3 3 3 0 1 5 1 1 1 4 1 11 3 4 2 4 5 4 13 27 34 28 13 23 15 7 14 19 10 12 15 10 13 24 10 37 14 17 17 18 34 11 25 14 26 10 23 14 38 24 16 46 18 21 29 51 21 32 18 45 29 34 25 58 58 59 50
0 0 1 0 0 2 0 1 1 2 4 5 3 6 2 8 2 8 6 3 2 4 6 5 4 5 4 5 1 1 0 1 2 4 1 1 2 3 4 3 3 5 7 12 4 31 9 51 20 24 13 12 30 36 53 23 24 4 8 17 12 16 3 5 15 10 10 13 21 23 26 19 22 16 10 36 10 33 10 11 46 12 41 39 55 26 34 28 31 51 40 59 62 64 75 86
0 0 0 0 0 0 2 0 1 1 1 1 1 2 2 4 2 5 5 5 3 4 4 5 1 1 2 1 2 3 1 0 1 1 12 13 6 9 21 34 14 18 18 41 18 11 32 45 10 36 18 14 23 43 34 23 30 33 23 40 27 46 41 11 19 22 25 24 16 28 38 30 29 59 62 60 66 80 68 42 49 60 62 57 20 81 78 66 55 23 44 29 42 75 50 64
0 0 0 0 1 5 1 0 0 0 0 0 1 2 2 2 2 5 2 2 3 3 2 5 3 1 1 1 1 1 0 1 1 0 1 10 15 2 5 23 23 27 12 49 59 14 15 26 42 29 41 7 12 49 53 17 64 44 66 59 18 43 24 24 19 32 25 51 54 6 11 44 53 14 37 66 32 61 39 73 30 60 77 59 35 78 65 59 83 76 62 30 49 62 42 29
0 0 0 0 0 0 0 0 0 0 0 1 2 1 1 2 1 3 1 1 2 1 2 3 2 1 0 0 1 2 1 0 1 1 1 2 3 1 3 10 21 7 40 57 33 10 22 13 30 28 45 14 16 40 38 58 39 27 49 62 27 6 15 46 38 52 48 38 47 46 10 48 70 22 44 76 16 12 27 81 71 43 35 54 60 74 64 76 86 78 44 69 29 24 58 70
0 0 0 0 0 0 0 0 0 0 0 1 0 1 1 1 1 1 1 1 1 1 2 1 1 1 0 0 0 1 1 0 1 0 1 1 1 14 4 19 8 24 17 19 60 35 16 9 27 31 33 41 16 53 56 82 32 57 81 78 59 8 33 35 39 75 66 71 43 70 27 20 61 27 52 76 35 31 18 61 48 60 12 14 25 68 74 70 81 65 27 70 46 33 51 60
0 0 0 0 0 0 0 0 0 0 0 1 1 0 1 2 1 1 0 1 1 1 1 0 1 0 0 0 0 1 1 1 1 1 1 2 2 3 18 47 17 43 19 42 39 52 24 26 41 45 77 80 36 61 83 89 55 78 86 73 58 27 61 68 41 36 31 22 54 80 34 21 46 21 55 64 84 33 47 83 60 73 65 23 21 42 64 62 55 42 65 88 48 31 19 19
0 0 0 0 0 0 0 0 0 0 0 0 0 0 1 1 1 1 0 1 0 0 0 0 1 1 0 0 1 2 3 2 1 2 5 7 5 8 42 26 32 19 12 60 59 30 18 15 30 48 71 63 63 39 68 90 58 61 78 70 79 69 70 83 30 38 45 29 56 73 66 41 10 29 71 78 79 70 33 86 35 65 78 46 27 24 55 42 46 23 77 87 69 45 47 19
1 0 0 0 0 0 0 0 0 0 0 0 0 0 0 1 1 0 0 0 0 0 0 0 0 1 1 3 10 1 1 1 8 6 7 8 4 13 26 25 51 23 48 22 79 26 30 26 14 31 67 56 37 17 19 53 66 76 81 79 89 74 77 77 71 45 54 39 53 58 82 57 28 26 57 76 81 80 55 70 66 61 68 80 46 29 18 20 18 33 75 56 79 50 46 28
0 0 0 0 0 0 0 0 0 0 0 0 0 0 1 0 0 0 0 0 1 0 0 0 0 0 0 0 2 1 1 6 3 4 17 9 6 3 2 11 11 8 3 3 18 23 63 47 17 9 32 12 21 10 8 15 17 53 60 56 64 71 66 64 87 45 45 37 13 71 90 43 28 24 66 57 58 63 34 48 50 23 70 81 68 43 12 13 16 24 16 40 80 48 32 39
0 0 0 0 1 0 0 0 0 0 0 0 0 0 0 0 0 0 0 0 1 0 0 1 2 5 1 1 1 1 2 2 9 15 12 9 9 15 6 3 6 18 7 4 7 13 22 34 34 11 15 11 24 12 14 28 21 12 21 41 40 17 32 66 89 69 35 41 51 77 89 55 20 12 24 37 61 46 57 63 52 15 53 70 82 33 22 11 36 42 24 42 89 64 58 60
0 0 0 0 0 1 0 0 0 0 0 0 0 0 0 0 0 0 0 0 0 1 0 1 4 8 3 1 1 3 3 2 8 13 6 3 15 21 6 6 7 26 14 8 14 12 16 13 14 7 14 36 42 38 33 29 20 16 14 10 3 1 11 77 77 75 50 26 31 70 81 77 64 25 14 38 53 40 41 30 54 40 25 75 76 63 27 18 41 31 54 82 83 83 68 64
0 0 1 0 0 1 2 0 0 0 0 2 0 0 0 0 0 0 0 0 0 0 0 0 2 4 2 5 5 10 3 3 16 7 13 17 13 23 12 18 13 23 25 15 7 27 16 21 16 5 14 52 62 66 62 52 37 34 30 28 29 25 27 48 50 63 54 23 10 47 42 79 80 36 17 46 54 43 25 45 69 36 23 24 77 79 31 16 48 58 54 76 52 78 50 32
0 0 0 0 1 1 0 0 0 0 1 2 2 0 1 1 0 0 0 0 0 0 0 0 1 1 2 5 10 5 3 4 3 2 19 23 7 11 19 37 22 29 23 17 6 11 41 31 21 15 12 35 75 77 72 73 61 59 50 49 77 80 82 72 59 57 46 29 12 8 35 52 82 65 59 20 41 49 27 6 21 33 36 50 69 75 49 27 16 37 39 33 78 77 86 59
0 0 0 1 2 2 10 0 1 0 1 0 2 3 1 1 1 0 0 0 0 0 0 0 1 1 2 2 2 2 1 7 17 12 25 16 15 27 47 23 40 36 18 25 31 30 41 42 30 24 13 20 48 73 70 78 79 76 55 44 35 49 59 66 76 73 74 63 39 3 11 51 59 66 57 51 33 16 23 21 52 44 22 31 30 69 69 25 12 22 30 36 29 71 58 74
2 1 0 0 0 2 1 0 0 3 1 1 0 0 0 0 1 0 0 0 0 0 0 1 3 1 2 4 4 7 9 28 16 9 13 23 15 17 12 5 12 52 59 35 57 40 34 34 35 37 34 17 13 17 58 58 54 74 75 67 60 54 39 45 51 69 74 73 70 61 42 65 55 75 44 44 32 23 33 24 21 23 15 45 32 72 75 24 9 32 41 28 30 29 59 75
2 2 2 0 0 2 6 3 0 1 1 0 0 0 0 0 0 1 0 0 0 0 0 2 1 2 1 1 1 2 1 3 3 12 11 12 15 17 23 22 14 5 19 64 65 76 66 48 42 23 32 33 26 15 24 39 34 29 44 51 55 67 67 56 32 35 63 73 72 58 63 79 59 80 68 48 43 45 26 15 16 33 15 23 37 26 60 34 9 18 38 38 17 12 52 76
1 1 13 3 1 3 1 9 4 2 2 0 0 1 0 1 1 1 1 0 0 0 1 1 1 1 1 7 4 2 3 9 6 8 13 26 27 32 29 34 39 31 16 11 11 62 69 63 43 30 22 34 26 15 6 6 6 7 7 8 15 36 32 42 44 25 23 37 38 33 63 62 61 58 53 56 60 57 34 37 33 28 15 16 47 55 38 46 14 5 25 34 20 38 78 36
1 1 3 1 1 1 0 0 12 20 18 11 1 1 1 0 0 2 0 1 0 0 1 1 2 1 2 4 2 3 6 11 5 7 11 19 19 27 27 29 35 31 47 42 42 29 13 10 37 38 45 17 15 10 15 23 22 23 21 18 18 7 5 7 10 7 6 5 6 22 31 48 42 38 31 25 23 49 41 36 26 14 33 28 30 44 35 54 33 9 6 24 44 77 45 69
1 1 3 18 6 1 1 1 1 26 1 1 2 1 1 1 1 0 0 1 0 0 0 1 1 1 1 1 1 1 1 1 4 6 8 10 22 33 23 32 40 46 45 45 50 38 34 33 22 13 12 8 11 27 30 41 41 42 40 50 21 7 6 19 20 33 16 18 5 4 10 25 21 15 13 14 16 22 29 46 42 14 12 15 16 18 29 42 49 15 6 20 80 53 45 55
3 2 4 9 4 5 8 1 0 0 0 0 0 1 1 9 0 1 1 1 0 0 0 0 0 0 1 1 2 1 1 2 2 5 10 14 16 18 19 38 42 31 27 29 36 28 25 37 31 27 33 34 37 50 45 43 57 60 60 53 28 22 24 37 35 25 32 16 5 6 7 2 2 2 3 3 7 7 3 6 11 8 8 5 6 6 20 29 28 15 7 51 58 30 61 53
7 4 2 1 8 6 28 9 6 5 3 1 0 1 4 2 11 6 2 1 5 3 2 0 0 0 1 1 0 1 1 2 5 3 1 4 16 19 10 11 21 32 23 17 28 22 31 34 42 34 45 28 30 44 56 58 59 61 69 59 37 35 46 43 53 54 54 41 20 16 5 2 2 3 4 9 25 16 9 8 6 4 2 3 3 4 6 12 28 29 11 62 20 11 47 62
8 8 7 15 7 10 6 3 3 19 3 8 1 2 4 8 24 10 3 3 6 1 1 1 1 0 1 0 0 0 3 1 1 1 3 4 12 27 23 38 33 25 36 28 36 29 35 37 40 23 54 43 40 35 51 55 75 74 73 57 29 50 46 61 60 75 65 56 44 23 16 16 16 22 25 38 46 33 19 18 27 31 15 7 8 4 1 3 10 33 19 48 11 13 51 77
9 9 3 2 13 8 31 17 8 7 15 23 9 3 6 26 31 7 2 9 1 7 0 1 0 0 0 2 0 1 1 0 0 3 2 3 5 11 20 25 32 20 22 26 28 32 36 52 42 33 42 53 37 40 57 66 74 66 52 43 42 51 61 61 63 79 73 60 49 26 39 39 39 44 44 46 58 43 40 40 38 37 21 30 26 13 9 2 3 14 11 15 12 7 24 43
9 15 11 3 30 22 30 21 51 26 14 5 3 25 23 18 14 6 4 24 2 9 1 1 1 0 0 1 3 0 0 0 1 3 3 4 6 18 10 26 32 25 10 30 26 29 36 58 43 21 25 51 46 37 51 71 70 54 40 28 33 62 59 60 78 75 64 59 33 28 43 43 45 58 52 65 63 66 46 49 60 49 47 57 42 32 16 4 2 8 8 15 9 4 11 23
11 3 12 4 2 40 15 9 19 39 26 17 2 15 45 15 2 4 13 23 2 16 1 1 4 3 0 2 4 8 1 0 1 1 3 2 2 2 6 6 21 13 21 22 24 13 45 25 41 17 50 36 37 28 54 76 52 45 30 40 40 54 50 67 77 70 63 60 34 51 61 62 43 59 69 66 67 58 49 59 67 61 54 61 30 17 7 5 3 1 2 7 8 2 8 5
8 10 6 12 3 8 38 52 52 28 11 13 4 7 26 34 7 13 44 23 5 22 2 1 1 2 1 5 3 1 4 8 1 1 1 2 1 2 2 6 9 8 9 19 15 12 14 20 10 15 63 15 30 21 59 34 33 42 24 32 31 44 59 73 56 68 58 42 36 51 63 63 40 63 60 69 74 60 53 60 75 62 63 39 19 22 16 20 13 3 1 1 3 3 2 3
17 9 13 9 13 12 20 32 24 43 43 16 44 7 3 2 24 69 55 15 18 7 6 7 8 2 1 3 6 5 3 1 2 0 1 0 0 1 1 8 3 7 9 10 6 6 5 8 12 20 8 7 22 36 18 32 27 18 21 21 20 35 72 56 60 46 34 38 52 64 60 61 54 64 43 54 62 39 51 59 77 46 30 29 38 40 51 29 18 6 4 1 1 2 2 1
19 16 14 12 40 20 54 75 38 25 24 43 44 48 3 1 5 8 7 2 9 14 9 3 2 3 2 3 3 2 1 0 1 1 0 0 1 1 2 2 2 2 7 1 2 1 2 9 2 2 4 6 9 20 16 18 9 11 26 26 21 56 49 55 48 55 35 33 44 61 56 44 47 64 42 26 70 48 53 76 46 47 42 45 72 75 51 28 23 15 6 4 2 1 1 1
