sesion_6_simulaciones/modelos_agentes/ejemplos_netlogo/scenarios/cgcm2_b2/rob_2030.asc
NCOLS 322 
NROWS 307 
XLLCORNER 451900 
YLLCORNER 4086900 
CELLSIZE 100 
NODATA_value -9999 
[rows 0 to 73 of 307, columns 192 to 287 of 322]
40 36 18 10 29 53 28 13 11 13 14 4 3 2 3 2 1 1 2 2 1 1 1 1 2 3 1 3 4 12 3 1 1 0 0 0 0 0 0 1 1 0 1 3 4 6 5 10 21 29 17 22 29 41 42 56 43 81 49 40 9 13 19 47 58 44 60 55 28 39 23 12 17 21 40 24 20 39 56 29 16 17 15 16 13 9 28 24 25 27 11 25 37 60 21 7
51 29 34 31 36 55 17 25 33 19 11 8 12 10 5 4 5 1 2 3 3 1 1 1 1 3 1 1 1 2 9 3 0 0 0 0 0 0 1 0 1 0 0 1 1 2 5 6 15 56 71 54 37 41 43 42 69 65 65 21 26 15 48 43 54 51 58 43 45 20 7 24 12 19 50 26 51 38 36 34 28 33 32 17 12 5 16 26 28 26 16 29 26 30 16 14
31 57 37 35 57 48 33 14 9 20 19 18 29 26 13 19 11 7 12 11 8 3 1 1 0 0 0 0 0 0 1 3 2 0 0 0 0 0 0 0 0 0 1 3 3 6 7 11 18 35 43 44 56 48 65 72 39 32 43 24 22 32 42 32 37 63 32 28 21 27 14 15 13 19 58 23 55 49 26 41 30 25 29 27 12 4 10 14 27 21 14 42 24 38 14 3
41 42 64 53 41 36 32 30 29 47 25 41 54 39 30 43 26 11 17 25 12 9 5 2 1 1 0 0 0 0 0 1 0 0 0 0 0 0 0 0 0 1 0 1 2 8 8 10 4 11 9 13 27 57 46 51 49 17 25 30 34 21 25 45 34 58 46 39 50 20 29 24 8 8 40 22 29 23 31 39 29 29 28 28 13 4 8 21 35 14 26 23 21 33 10 2
30 22 43 14 46 54 49 33 47 42 38 27 30 24 30 48 31 34 34 36 26 9 7 5 3 3 2 3 1 0 0 0 0 0 0 0 0 0 0 0 0 0 1 1 1 2 2 5 20 40 47 42 43 38 63 64 28 22 7 9 32 34 29 44 46 56 37 27 17 12 9 8 10 6 19 19 16 26 51 59 50 19 18 37 31 20 2 17 20 27 27 14 31 44 15 3
31 24 39 34 22 28 48 23 44 33 23 28 9 27 35 35 39 35 11 9 18 8 5 7 6 5 2 4 2 1 1 0 0 0 0 0 0 0 0 0 0 0 1 2 6 14 20 30 32 21 29 33 45 58 78 51 31 22 7 41 64 65 60 61 46 65 28 36 42 33 40 27 22 15 10 14 19 18 30 25 38 60 40 29 30 19 6 12 16 20 10 13 27 27 17 5
22 12 13 29 21 15 43 15 10 19 26 49 23 11 21 31 27 28 13 4 6 15 16 19 7 6 7 3 3 2 1 1 1 1 0 0 0 0 0 0 0 0 1 2 10 7 11 17 37 29 40 74 35 61 65 33 22 23 11 30 48 59 58 59 69 63 50 43 43 18 27 26 17 25 20 9 4 14 33 37 28 52 31 14 7 27 8 7 9 9 10 21 38 50 12 11
16 11 10 13 30 21 34 43 11 5 10 14 30 7 3 8 5 10 12 6 4 8 4 8 8 6 6 3 5 4 3 2 2 2 1 1 1 0 0 0 0 1 2 4 8 11 18 36 62 55 55 33 52 45 51 24 15 6 13 19 31 31 29 27 27 56 32 25 43 26 23 18 20 23 22 13 4 19 39 20 45 60 35 14 8 19 13 6 7 15 19 20 46 29 17 13
30 21 17 9 14 11 20 42 43 16 6 5 11 18 7 5 3 9 13 8 6 10 2 4 14 8 6 6 6 8 7 6 5 4 2 2 1 0 0 0 0 1 2 4 16 14 9 24 30 43 31 25 60 38 36 12 6 35 59 49 63 52 58 46 55 76 46 34 15 16 22 18 19 17 13 8 5 10 13 25 37 52 38 20 8 7 8 5 4 18 14 23 21 29 14 21
20 20 19 9 7 4 15 15 35 25 16 8 7 8 10 4 4 2 10 9 8 12 3 3 7 6 6 3 2 5 1 2 4 5 3 1 0 0 0 0 0 1 2 4 8 4 4 23 11 9 11 65 34 34 16 8 17 47 59 73 53 81 66 42 59 32 58 46 43 18 18 26 21 10 7 5 4 6 26 15 9 37 41 33 14 6 10 3 5 6 8 26 17 28 15 41
25 22 21 18 8 4 2 3 5 12 7 5 3 10 6 3 5 1 2 6 4 9 11 2 3 3 11 3 1 3 5 1 0 0 1 2 1 0 0 0 0 1 3 7 1 6 9 10 3 6 39 40 14 21 8 6 18 36 39 54 75 76 47 28 32 49 59 60 65 47 55 34 26 20 10 7 3 3 8 17 21 44 65 33 32 9 5 7 2 7 20 8 14 11 10 50
49 29 13 14 13 11 7 4 3 3 3 2 4 4 3 2 2 3 2 2 5 8 6 3 0 1 6 4 1 1 4 4 0 0 0 0 1 0 0 0 1 2 2 1 0 1 4 1 3 21 46 26 10 8 3 18 26 25 36 77 57 50 12 25 40 45 67 65 55 62 44 33 37 33 28 16 4 3 13 16 17 63 35 48 29 18 5 3 2 9 10 6 17 6 20 52
55 39 35 45 34 30 23 11 21 10 7 3 2 1 1 1 1 5 4 1 1 3 2 2 0 1 2 2 1 0 0 2 0 0 0 0 0 1 0 0 1 1 1 2 2 2 8 1 5 24 18 5 1 7 23 36 43 52 77 65 17 23 28 21 21 24 41 40 62 42 23 33 49 48 39 17 5 2 11 18 44 47 16 24 38 20 8 2 2 10 8 5 19 5 15 22
63 60 57 58 52 46 31 26 22 22 17 13 4 3 2 1 1 0 0 0 1 1 0 1 1 1 1 1 0 0 0 1 1 0 0 0 0 0 0 0 0 1 1 0 0 3 1 1 7 4 2 1 2 9 15 22 51 46 41 10 42 63 58 47 48 27 24 21 58 48 60 68 43 28 20 17 7 2 6 13 39 15 10 23 53 22 12 4 1 3 3 4 8 4 12 9
20 56 62 62 51 54 31 37 15 15 22 12 8 7 6 4 3 1 0 0 0 0 0 0 1 1 0 0 0 0 0 0 0 0 0 0 0 0 1 0 0 0 1 0 0 0 1 1 1 1 0 1 2 4 12 22 24 6 26 43 60 58 56 78 82 70 63 46 49 59 61 52 56 36 15 11 4 2 5 13 17 7 5 30 48 49 23 22 6 1 2 3 3 4 16 11
28 44 58 37 45 68 49 25 38 23 15 19 14 18 15 8 5 1 1 1 0 0 0 0 0 0 0 0 0 0 0 0 1 1 0 0 0 0 0 0 0 0 0 0 0 0 1 1 1 1 2 1 2 4 7 11 6 27 34 40 55 68 78 67 62 73 40 32 67 20 46 75 52 36 37 32 25 11 4 12 14 6 2 5 17 43 8 5 5 5 1 5 2 3 13 11
52 11 57 34 32 53 66 68 29 13 20 16 26 20 15 8 8 4 3 2 2 1 1 0 0 0 0 0 0 0 0 0 0 0 0 0 0 0 0 0 0 0 0 0 0 0 0 0 1 3 2 6 5 4 4 13 26 27 35 40 64 51 71 61 64 40 30 58 45 34 35 20 52 32 55 56 50 25 15 4 22 11 7 1 4 18 27 5 2 2 1 1 2 5 3 3
27 7 39 18 33 42 52 26 58 62 31 35 35 9 8 7 9 8 4 3 2 2 1 0 0 0 1 1 1 0 0 0 0 0 0 0 0 0 0 0 0 0 0 0 0 0 1 1 2 2 3 10 11 12 5 14 18 48 49 52 74 50 45 40 27 26 46 60 47 29 16 18 44 50 56 51 56 49 24 5 4 9 8 5 2 5 13 7 4 1 2 0 2 3 1 1
17 18 19 20 12 29 41 19 19 52 25 45 58 27 15 9 16 22 18 9 7 3 1 1 1 1 2 1 2 1 1 0 1 0 0 0 0 0 0 0 0 0 0 0 0 1 2 2 2 3 8 13 11 9 15 23 31 32 27 47 65 23 11 8 25 30 27 77 64 21 20 13 47 44 12 25 63 48 44 22 4 3 14 7 3 1 4 7 7 2 0 0 3 1 0 0
18 5 9 14 8 13 43 12 8 27 37 46 46 28 35 23 4 8 10 15 6 4 3 2 2 2 2 3 3 3 1 1 1 1 0 0 0 0 0 0 0 0 0 0 1 1 2 3 2 6 11 9 17 18 24 27 8 7 18 44 67 20 9 31 46 42 59 63 46 34 19 8 16 47 36 11 24 35 41 33 20 4 3 8 5 1 1 3 8 4 0 0 2 0 2 3
36 8 10 9 2 7 26 10 16 10 25 14 27 8 12 15 3 2 7 20 8 11 4 2 7 5 3 2 2 1 1 0 1 1 1 0 0 0 0 0 0 0 0 1 2 2 1 1 4 13 8 13 24 36 49 49 30 24 37 46 45 11 13 46 47 45 43 19 41 41 24 7 9 19 51 23 8 12 56 24 16 4 1 3 5 1 1 4 2 2 0 0 0 1 3 11
16 3 11 9 2 2 8 23 3 8 26 19 26 10 8 3 4 1 2 15 15 7 4 4 2 2 1 0 1 1 1 1 0 0 1 1 0 0 0 0 0 0 1 1 1 2 2 4 5 5 4 10 16 49 62 68 68 57 42 37 18 9 26 38 58 53 44 24 18 35 14 6 8 13 43 23 9 8 14 31 16 8 2 1 5 1 2 3 2 1 1 3 1 2 10 16
20 3 15 20 4 2 4 9 2 2 20 10 7 3 1 4 3 2 1 2 3 6 14 12 4 1 2 1 0 0 0 0 0 0 0 1 0 0 0 0 0 0 1 1 0 1 0 1 1 1 1 6 18 15 33 56 42 31 17 58 21 10 29 39 40 48 68 37 27 11 6 6 18 32 56 21 8 9 15 41 16 4 2 1 2 3 2 3 1 0 2 12 5 6 6 15
11 8 6 14 1 3 5 8 5 1 1 1 2 6 2 1 4 4 1 2 2 2 8 4 3 1 2 2 1 0 0 0 0 0 0 0 0 0 0 0 0 0 0 0 0 0 0 1 2 2 2 5 6 10 14 11 8 25 48 27 8 18 33 34 52 68 46 32 29 17 6 9 19 35 36 14 11 7 13 30 20 16 5 1 1 1 2 3 0 1 2 3 9 18 10 14
3 2 4 4 2 1 5 8 2 1 2 1 1 3 4 1 2 3 2 1 1 1 2 1 1 1 1 2 2 0 0 0 0 0 0 0 0 0 0 0 0 0 0 1 1 2 2 2 2 3 7 3 3 2 3 7 21 26 56 17 7 29 27 27 53 73 38 43 34 15 10 9 18 44 26 12 13 6 8 17 15 14 11 4 1 0 2 1 0 4 6 7 8 9 42 16
1 1 1 2 1 0 5 7 2 1 1 1 1 0 2 2 1 1 1 1 0 0 1 1 1 1 0 1 3 0 0 0 0 0 0 0 0 0 0 0 0 0 0 0 1 1 2 1 1 3 4 10 9 18 14 18 21 43 37 5 13 24 23 18 43 54 30 31 24 17 7 7 17 44 15 19 13 4 3 6 8 13 6 2 2 0 0 1 3 10 15 17 27 16 13 38
0 1 0 0 0 1 3 2 1 0 0 0 0 0 0 1 1 1 1 1 0 0 0 0 0 0 0 0 0 1 0 0 0 0 0 0 0 0 0 0 0 0 0 0 0 0 0 1 2 2 7 9 9 19 30 49 56 63 21 5 15 24 18 25 65 56 13 25 24 14 7 4 12 39 14 10 7 6 1 2 7 11 3 1 0 0 1 3 10 11 15 17 25 37 57 33
0 0 0 0 0 0 0 0 0 0 0 0 0 0 0 0 0 0 0 1 0 0 0 0 0 0 0 0 0 0 0 0 0 0 0 0 0 0 0 0 0 0 0 0 0 0 1 1 1 5 4 7 12 18 31 59 39 26 4 16 25 20 39 52 77 35 35 14 13 11 10 5 19 40 20 9 7 6 1 2 5 9 4 4 1 0 1 3 4 3 4 4 5 10 28 34
0 0 0 0 0 0 0 0 0 0 0 0 0 0 0 0 0 0 0 0 0 0 0 0 0 0 0 0 0 0 0 0 0 0 0 0 0 0 0 0 0 0 0 1 1 1 2 5 1 5 3 5 8 10 43 29 11 3 12 21 24 25 48 73 40 20 27 12 9 9 8 4 10 30 45 16 8 4 1 1 5 10 7 3 1 0 1 1 1 3 5 11 15 16 16 30
0 0 0 1 0 0 0 0 0 0 0 0 0 0 1 0 0 0 0 0 0 0 0 0 0 0 0 0 0 0 0 0 0 0 0 0 0 0 0 0 0 0 1 1 1 2 2 2 6 3 4 4 9 13 37 6 3 7 17 23 22 24 46 71 25 15 14 19 7 3 3 3 18 28 12 27 11 4 1 1 6 4 7 2 1 0 1 3 7 13 8 19 28 28 26 13
0 1 1 1 1 0 0 1 0 1 1 1 1 1 1 1 1 1 1 0 0 0 0 0 0 0 0 0 0 0 0 0 0 0 0 0 0 0 0 0 0 1 1 2 2 3 3 3 5 14 18 18 11 18 10 3 1 11 12 19 11 25 49 54 29 9 12 16 9 5 1 3 22 8 6 32 18 5 1 1 2 2 4 2 0 0 2 3 4 8 10 10 8 10 14 33
1 1 1 1 1 0 1 1 1 1 1 2 3 2 2 3 1 1 1 1 0 1 0 0 0 0 0 0 0 0 0 0 0 0 0 0 0 0 0 0 1 1 1 1 2 3 6 12 9 11 7 33 20 8 10 6 2 8 14 27 31 26 56 18 7 18 19 7 15 4 1 3 7 7 4 27 8 5 1 1 2 2 2 1 0 1 5 10 14 11 10 5 12 16 17 26
4 4 2 3 2 1 1 1 1 2 4 4 4 5 4 2 2 1 1 1 1 1 1 0 0 0 0 0 0 0 0 0 0 0 0 0 0 0 0 0 0 1 1 1 3 4 8 13 10 11 5 3 10 9 11 1 5 9 9 18 18 33 36 37 29 13 8 6 16 9 2 2 6 4 9 30 7 4 2 1 1 1 1 0 1 3 6 20 25 25 28 17 24 33 29 53
7 6 7 3 3 2 1 2 4 5 8 6 6 4 6 4 3 2 2 3 2 2 1 1 1 1 0 0 0 0 1 0 0 0 0 0 0 0 0 0 0 0 1 1 2 6 3 1 14 9 6 3 8 9 1 1 3 5 8 18 29 41 50 18 10 9 12 8 6 7 4 2 5 4 6 11 9 7 2 1 0 1 0 0 2 3 4 6 5 6 9 19 32 33 61 58
9 9 10 8 7 2 2 4 6 9 11 9 10 8 6 7 4 9 5 4 1 1 1 1 1 1 0 0 0 1 0 0 0 0 0 0 0 0 0 0 0 1 2 1 1 2 1 4 3 4 4 1 3 1 1 1 2 3 5 14 32 45 28 41 17 8 7 5 4 7 6 1 2 3 6 6 7 3 2 0 0 0 0 1 3 2 2 5 16 21 24 20 14 53 29 34
18 28 15 4 7 3 5 5 17 14 12 13 13 22 20 10 11 7 4 5 2 2 1 2 2 1 1 1 2 0 0 0 0 0 0 0 0 0 0 0 0 1 1 0 1 1 2 3 2 2 1 1 2 0 1 1 2 6 10 21 16 17 33 41 9 4 3 3 5 4 3 1 1 2 2 7 7 3 2 1 0 0 1 2 7 9 7 8 14 14 14 36 36 47 21 9
36 46 16 15 19 5 5 18 21 31 10 19 25 21 33 16 7 4 9 5 3 2 1 3 1 1 1 2 0 0 0 0 0 0 0 0 0 0 0 0 0 1 0 0 0 2 6 4 3 2 1 1 1 1 2 3 5 4 3 6 9 18 25 40 13 5 5 3 2 1 1 2 1 2 3 3 2 3 1 0 0 1 3 2 6 17 19 25 27 28 17 25 19 21 21 6
31 47 19 16 24 9 9 33 29 34 9 22 44 26 39 15 10 9 13 11 6 2 2 1 1 2 4 0 0 0 0 0 0 0 0 0 0 0 0 0 0 0 0 0 1 4 4 2 4 1 1 0 1 1 2 2 2 1 5 6 7 26 30 23 9 30 25 13 6 4 2 2 1 1 1 1 2 2 0 0 0 2 7 12 14 19 28 25 23 24 25 31 8 3 14 8
51 25 26 18 27 10 13 38 61 33 8 33 57 45 44 39 16 25 36 15 5 2 4 2 4 4 0 0 1 1 0 0 1 0 1 0 0 0 0 0 0 0 0 1 3 1 3 0 1 2 0 1 2 2 2 2 2 4 19 25 23 26 58 23 31 16 20 18 5 2 2 1 1 0 1 1 1 1 0 0 1 2 2 7 8 4 9 4 4 6 4 48 22 7 5 3
76 56 28 23 27 13 24 44 77 27 13 29 57 58 57 25 19 57 18 3 3 9 7 5 5 2 1 1 2 1 1 1 1 1 0 1 0 1 0 0 0 0 0 0 1 1 1 0 0 0 0 1 1 3 3 7 10 11 9 19 39 32 19 37 24 22 5 8 22 5 1 1 0 0 0 0 0 1 0 0 1 3 3 4 3 2 3 7 14 31 44 66 30 7 4 1
71 69 35 35 40 20 27 56 71 37 19 39 81 79 40 47 25 23 5 3 8 24 28 14 6 4 2 2 2 1 1 2 1 0 0 1 0 1 1 0 0 0 0 0 0 0 0 0 0 0 1 2 3 5 6 10 9 8 22 52 48 41 24 35 4 42 26 3 3 11 10 4 2 1 0 0 0 0 0 0 1 1 1 2 2 3 13 20 15 13 19 37 13 6 3 1
71 60 39 51 46 43 33 62 73 45 32 45 82 70 47 32 12 6 2 8 21 27 14 4 3 1 1 5 3 2 2 2 1 0 1 1 1 1 1 0 0 0 0 0 0 0 0 0 0 0 1 1 3 4 3 5 9 21 16 61 35 13 14 58 20 8 29 7 2 1 2 3 4 3 1 0 0 0 0 0 1 1 1 1 3 7 15 12 13 26 13 20 15 8 3 1
75 64 40 58 56 53 51 49 59 41 35 47 62 26 23 15 5 6 5 12 33 10 6 6 2 2 1 7 6 3 7 3 1 1 1 2 2 3 1 1 1 0 0 0 0 0 0 0 0 0 0 1 3 3 7 10 5 17 29 43 6 2 14 46 12 11 5 19 4 1 1 1 2 2 2 1 0 0 0 0 1 1 1 1 2 6 21 8 6 29 8 9 11 2 1 1
47 48 45 63 59 45 63 50 74 77 65 51 44 34 40 34 21 24 10 16 26 12 8 5 3 3 2 10 8 4 8 3 2 2 2 3 2 3 1 1 2 1 1 0 0 0 0 0 0 0 0 1 3 3 3 4 3 9 28 9 4 2 20 42 17 3 1 2 8 2 1 1 1 1 2 1 0 0 0 0 0 1 1 1 6 12 21 7 7 21 6 2 3 5 1 0
63 35 67 75 66 70 68 84 78 89 89 83 44 64 61 55 45 19 15 33 23 11 7 4 4 6 3 12 12 12 6 4 3 4 4 5 7 3 1 1 4 2 0 0 0 0 0 0 0 0 1 1 2 2 1 2 6 20 30 5 2 3 8 34 20 8 2 0 4 4 2 0 0 0 3 1 0 0 0 0 1 1 1 3 4 2 3 2 4 4 7 4 4 3 0 0
56 51 57 67 78 82 86 87 74 71 75 78 83 76 43 37 28 21 22 18 10 12 9 10 14 10 10 32 19 30 10 7 5 8 9 16 17 4 3 2 4 1 0 0 0 0 0 0 0 0 0 1 1 1 1 2 7 11 8 6 2 2 3 41 8 6 5 0 2 4 2 0 0 0 1 1 0 0 0 0 0 1 3 5 3 2 2 1 2 2 3 2 1 0 0 0
66 59 41 44 58 66 77 55 47 42 54 58 62 74 46 38 41 52 38 22 19 21 17 27 39 25 16 40 35 25 13 18 11 14 13 19 10 6 7 2 1 1 1 1 0 0 0 0 0 0 1 1 1 1 1 1 3 2 4 14 3 3 5 12 5 1 3 1 1 2 1 1 0 0 0 4 0 0 0 0 1 1 1 4 2 2 2 1 1 0 1 0 0 0 1 2
71 75 50 28 51 47 48 63 41 48 57 41 57 76 81 65 76 66 44 34 46 41 40 37 43 29 23 48 44 19 24 24 22 21 29 27 14 8 2 1 1 1 1 1 1 1 1 0 0 0 0 1 1 1 1 1 3 3 1 2 3 3 4 8 9 1 2 1 1 2 1 1 1 0 0 0 0 0 0 0 0 1 2 4 1 1 1 1 1 0 0 0 0 0 1 2
53 64 80 45 26 27 51 49 67 31 25 26 63 44 56 91 89 46 65 63 60 56 54 44 47 37 38 60 45 33 34 29 31 49 42 13 3 2 3 3 3 2 2 1 2 2 1 0 0 0 0 1 0 0 1 1 3 2 1 1 2 1 1 3 13 1 1 1 1 1 1 0 0 0 0 0 0 0 0 0 0 1 4 1 0 0 0 1 0 0 0 0 0 1 2 2
73 70 73 78 40 14 15 54 51 43 9 11 23 41 71 80 67 86 87 67 59 75 69 37 55 43 60 49 48 41 45 34 47 64 60 19 11 7 11 9 11 10 4 3 4 1 0 0 0 0 0 0 0 0 1 1 3 2 1 1 1 0 0 1 5 1 1 1 1 0 0 1 0 0 0 0 0 0 0 0 0 1 1 1 0 0 0 0 0 0 0 1 1 2 2 2
56 40 45 86 41 29 22 21 20 24 16 3 16 65 76 74 57 51 79 60 73 76 63 45 68 61 75 67 58 66 46 44 43 40 38 19 15 17 16 14 3 3 9 13 1 1 0 0 0 0 0 0 0 0 0 1 1 3 1 1 1 0 0 2 4 1 1 0 0 0 0 0 0 0 0 0 0 0 0 0 0 1 0 0 0 0 0 0 0 1 1 1 2 2 1 2
24 41 41 79 81 22 24 12 13 11 13 7 18 29 34 43 61 79 58 22 57 26 64 78 90 81 76 48 65 42 53 38 32 16 55 41 37 24 9 6 1 0 10 6 3 1 1 0 0 0 0 0 0 0 0 0 0 1 0 0 0 0 0 1 2 2 1 0 0 0 0 0 0 0 0 0 0 0 0 0 0 0 0 0 0 0 1 1 1 1 1 3 3 2 2 2
14 18 32 33 77 67 29 10 9 8 7 7 12 32 46 55 22 67 63 28 60 50 23 40 60 39 60 32 53 18 9 26 15 15 26 68 47 20 9 33 9 8 9 6 6 2 1 0 1 1 0 0 0 0 0 0 0 0 0 0 0 0 0 1 1 2 1 0 0 0 0 0 0 0 0 0 0 0 0 0 0 0 0 0 0 0 0 1 1 1 2 2 7 3 2 1
6 10 18 5 32 82 30 13 5 4 6 6 5 10 15 28 38 55 32 42 63 35 9 34 51 34 31 25 29 44 29 29 23 11 13 47 59 70 64 47 35 19 16 17 9 3 2 1 2 1 0 0 0 0 0 0 0 0 0 0 0 0 0 1 1 1 1 0 0 0 0 0 0 0 0 0 0 0 0 0 0 0 0 0 0 0 0 0 1 0 1 2 3 3 1 3
12 6 13 32 26 49 71 24 16 4 2 3 3 4 17 11 34 53 6 16 68 51 16 8 57 62 31 19 29 35 12 10 13 7 6 19 34 39 27 10 19 19 9 12 11 8 9 7 2 0 1 1 1 1 1 1 1 0 0 0 0 0 0 0 0 1 0 0 0 0 0 0 0 0 0 0 0 0 0 0 0 0 0 0 0 0 0 0 1 1 1 1 2 3 6 6
16 5 4 16 32 42 70 48 15 9 4 3 3 4 4 3 13 10 9 45 83 25 11 5 7 36 15 17 14 27 23 12 13 11 9 32 20 8 6 4 5 2 2 24 10 16 22 14 4 2 3 2 2 1 1 0 0 0 0 0 0 0 0 0 0 0 0 0 0 0 0 0 0 0 0 0 0 0 0 0 0 0 0 0 0 1 1 1 1 1 1 2 3 3 3 9
31 17 9 5 7 9 19 49 16 17 6 2 2 2 5 2 7 5 20 19 73 22 10 7 3 8 8 10 4 20 22 7 6 6 9 17 14 3 2 4 3 2 2 5 13 8 6 2 2 2 1 1 1 1 1 0 0 0 0 0 0 0 0 0 0 0 0 0 0 0 0 0 0 0 0 0 0 0 0 0 0 0 0 0 0 0 0 3 1 2 2 3 5 5 7 11
12 9 17 5 5 17 19 45 41 19 10 2 1 1 2 2 3 6 7 21 51 68 28 9 2 2 5 1 3 15 21 7 4 5 3 3 4 2 2 2 2 1 2 2 12 7 6 2 1 1 1 0 0 0 0 0 0 0 0 0 0 0 0 0 0 0 0 0 0 0 0 0 0 0 0 0 0 0 0 0 0 0 0 0 0 0 1 2 2 4 4 4 4 9 7 14
23 14 4 2 3 7 11 20 34 13 5 4 1 1 1 2 1 2 8 43 32 52 28 16 6 1 7 5 1 2 9 4 5 3 1 1 2 5 1 1 1 1 1 1 5 6 7 3 1 1 0 0 0 0 0 0 0 0 0 0 0 0 0 0 0 0 0 0 0 0 0 0 0 0 0 0 0 0 0 0 0 0 0 0 0 1 1 2 1 1 1 1 3 6 7 4
34 23 6 2 1 5 5 11 25 19 4 3 1 1 1 1 1 5 16 33 8 19 28 6 4 3 1 3 4 0 3 5 2 2 1 2 1 1 1 1 2 1 0 1 1 5 8 3 2 1 1 0 0 0 0 0 0 0 0 0 0 0 0 0 0 0 0 0 0 0 0 0 0 0 0 0 0 0 0 0 0 0 0 0 0 0 1 1 1 1 1 2 3 3 3 5
34 20 9 5 1 1 4 7 38 4 5 2 1 1 1 1 1 3 14 7 1 9 50 6 3 3 1 1 1 3 2 1 1 1 1 1 1 0 0 1 1 1 0 0 1 2 8 3 3 1 1 0 0 0 0 0 0 0 0 0 0 0 0 0 0 0 0 0 0 0 0 0 0 0 0 0 0 0 0 0 0 0 0 0 0 0 1 1 1 1 1 1 2 3 4 3
31 20 8 3 3 1 3 4 21 5 1 3 1 1 0 0 0 4 5 2 8 15 36 14 4 2 2 4 1 3 2 1 1 1 1 0 1 0 0 0 0 0 0 1 2 4 5 4 7 4 2 1 0 0 0 0 0 0 0 0 0 0 0 0 0 0 0 0 0 0 0 0 0 0 0 0 0 0 0 0 0 0 0 0 0 0 0 1 1 2 2 2 2 1 4 5
21 11 6 3 2 2 1 2 4 15 3 1 1 1 0 0 1 2 2 3 3 8 31 14 4 4 1 2 2 3 1 1 1 1 0 0 0 0 0 0 0 0 0 3 1 1 4 2 4 4 3 1 0 0 0 0 0 0 0 0 0 0 0 0 0 0 0 0 0 0 0 0 0 0 0 0 0 0 0 0 0 0 0 0 0 0 0 1 1 1 1 4 2 4 10 6
17 12 4 2 2 2 1 2 2 5 5 1 1 0 0 0 0 1 1 2 3 9 37 11 5 2 3 1 1 2 1 0 0 0 0 0 0 0 0 0 0 0 1 2 0 1 2 1 3 3 2 2 1 0 0 0 0 0 0 0 0 0 0 0 0 0 0 0 0 0 0 0 0 0 0 0 0 0 0 0 0 0 0 0 0 0 0 0 1 1 1 2 2 1 2 3
60 30 11 2 1 1 1 1 1 3 5 2 1 1 1 0 0 0 1 1 3 4 21 8 2 1 1 1 1 1 1 0 0 0 0 0 0 0 0 0 1 1 1 0 0 1 1 1 1 2 2 2 2 1 1 0 0 0 0 0 0 0 0 0 0 0 0 0 0 0 0 0 0 0 0 0 0 0 0 0 0 0 0 0 0 0 0 0 0 0 1 3 2 2 2 1
15 46 25 7 2 1 1 1 1 2 8 2 1 0 0 0 0 0 0 1 2 3 9 10 2 1 1 1 1 1 1 1 0 0 0 0 0 0 0 0 0 1 1 0 0 1 0 0 1 2 1 1 1 1 1 0 0 0 0 0 0 0 0 0 0 0 0 0 0 0 0 0 0 0 0 0 0 0 0 0 0 0 0 0 0 0 0 0 0 1 1 1 1 1 1 3
3 41 5 23 9 3 1 0 1 1 4 1 1 0 0 0 0 0 0 1 1 4 4 8 4 2 1 1 0 1 0 1 0 0 0 0 0 0 0 0 1 1 0 0 0 1 0 0 1 2 0 0 1 0 2 1 0 0 0 0 0 0 0 0 0 0 0 0 0 0 0 0 0 0 0 0 0 0 0 0 0 0 0 0 0 0 0 0 0 0 1 0 1 2 2 2
6 7 3 15 5 5 2 0 0 0 1 1 0 0 0 0 0 0 0 1 0 0 7 7 8 3 2 1 0 0 0 0 0 0 0 0 0 0 0 0 0 0 0 0 0 1 0 0 2 2 1 0 0 0 1 0 0 0 0 0 0 0 0 0 0 0 0 0 0 0 0 0 0 0 0 0 0 0 0 0 0 0 0 0 0 0 0 0 0 0 0 1 2 2 3 3
7 5 3 3 3 1 4 1 0 0 0 1 0 0 0 0 0 0 0 0 1 4 7 7 10 3 2 1 0 0 0 0 0 0 0 0 0 0 0 0 0 0 0 0 0 1 0 0 2 2 1 0 0 0 0 0 0 0 0 0 0 0 0 0 0 0 0 0 0 0 0 0 0 0 0 0 0 0 0 0 0 0 0 0 0 0 0 0 1 0 0 0 1 1 1 2
5 3 4 2 2 0 1 2 0 0 0 0 1 0 0 0 0 0 0 1 2 3 6 4 4 5 1 1 0 0 0 0 0 0 0 0 0 0 0 0 0 0 0 0 0 0 0 0 1 2 1 0 0 0 0 0 0 0 0 0 0 0 0 0 0 0 0 0 0 0 0 0 0 0 0 0 0 0 0 0 0 0 0 0 0 0 0 1 1 0 0 0 0 1 2 2
3 4 5 2 1 0 0 0 0 0 0 0 0 0 0 0 0 0 1 2 1 1 3 2 2 3 1 0 0 0 0 0 0 0 0 0 0 0 0 0 0 0 0 0 0 0 0 0 1 0 0 0 0 0 0 0 0 0 0 0 0 0 0 0 0 0 0 0 0 0 0 0 0 0 0 0 0 0 0 0 1 1 1 1 1 1 1 1 1 0 0 1 0 1 2 2
1 1 1 1 0 0 0 0 0 0 0 0 0 0 0 0 0 0 0 0 1 0 1 3 1 1 1 1 0 0 0 0 0 0 0 0 0 0 0 0 0 0 0 0 0 0 0 1 2 0 0 0 0 0 0 0 0 0 0 0 0 0 0 0 0 0 0 0 0 0 0 0 0 0 0 0 0 0 0 0 0 0 1 1 2 1 2 2 1 1 1 1 1 1 1 1
0 0 0 0 0 0 0 0 0 0 0 0 0 0 0 0 0 0 0 0 0 0 0 0 0 0 0 0 0 0 0 0 0 0 0 0 0 0 0 0 0 0 0 0 0 0 0 0 1 0 0 0 0 0 0 0 0 0 0 0 0 0 0 0 0 0 0 0 0 0 0 0 0 0 0 0 0 0 0 0 0 0 0 0 2 2 3 4 2 4 3 3 2 2 2 5
0 0 0 0 0 0 0 0 0 0 0 0 0 0 0 0 0 0 0 0 0 0 0 0 0 0 0 0 0 0 0 0 0 0 0 0 0 0 0 0 0 0 0 0 0 0 0 0 0 0 0 0 0 0 0 0 0 0 0 0 0 0 0 0 0 0 0 0 0 0 0 0 0 0 0 0 0 0 0 0 0 0 0 0 1 1 1 2 7 7 2 7 6 6 3 4
