sesion_6_simulaciones/modelos_agentes/ejemplos_netlogo/scenarios/cgcm2_b2/rob_2047.asc
NCOLS 322 
NROWS 307 
XLLCORNER 451900 
YLLCORNER 4086900 
CELLSIZE 100 
NODATA_value -9999 
[rows 0 to 73 of 307, columns 96 to 191 of 322]
18 2 0 0 11 2 2 2 2 2 6 5 9 22 21 5 11 7 7 2 9 7 5 18 5 3 6 6 9 6 2 2 5 9 4 3 4 8 11 5 3 23 57 66 76 66 76 76 84 74 70 76 51 26 39 41 40 12 26 20 27 12 10 5 27 37 40 6 5 27 38 20 18 22 20 14 17 23 13 58 43 25 35 36 41 28 29 34 44 61 38 29 23 9 17 33
1 1 1 1 1 4 2 2 1 3 3 6 21 28 11 9 3 3 2 4 6 1 2 2 6 3 5 3 4 19 8 3 3 5 2 5 5 7 12 17 22 31 29 24 82 85 83 79 92 73 84 72 29 33 67 17 6 12 7 11 3 13 10 5 12 6 9 34 32 27 15 38 52 28 43 49 56 25 27 33 29 25 41 44 50 33 34 44 51 44 52 40 50 26 34 35
0 0 0 3 2 2 2 1 1 2 2 4 7 10 2 2 5 7 9 10 16 1 3 3 4 4 6 2 7 7 14 11 1 5 18 16 16 22 27 32 40 52 36 41 14 6 16 45 91 80 79 79 34 68 62 54 33 16 11 17 11 44 68 61 71 41 32 51 20 29 23 26 36 37 44 62 71 69 45 31 32 31 45 45 52 40 44 60 40 41 52 40 48 50 36 37
0 0 0 0 0 0 0 3 1 1 1 2 3 6 7 7 8 13 15 12 5 1 6 6 1 3 4 5 5 2 7 7 7 14 20 13 33 33 56 69 76 77 58 19 9 14 5 10 35 14 27 25 13 31 58 16 55 4 6 16 24 47 77 75 77 79 73 33 50 44 41 50 33 35 50 48 51 25 21 31 44 44 57 57 56 43 41 52 37 35 53 54 38 47 31 51
0 0 0 0 0 0 0 3 5 1 4 3 2 3 10 8 6 32 11 5 6 4 5 11 8 5 4 4 3 14 18 13 3 14 30 33 44 58 77 83 84 75 61 31 18 8 13 27 16 12 20 22 5 44 14 29 43 23 5 9 51 67 56 75 58 32 72 41 53 67 51 44 32 29 53 37 41 34 37 42 48 44 79 59 44 47 45 59 43 46 53 66 33 54 57 60
1 0 0 0 0 0 0 1 5 10 2 5 1 4 6 3 13 9 13 9 2 3 9 8 10 4 6 5 2 3 5 16 14 7 36 54 62 76 83 71 77 76 71 43 17 24 16 21 24 19 25 45 8 18 18 40 21 19 15 17 52 56 17 10 15 34 41 15 20 33 11 40 76 58 47 29 34 34 32 51 42 51 56 53 61 48 46 65 61 43 57 42 55 53 71 34
0 0 1 0 0 1 1 1 2 9 8 2 2 2 3 10 4 10 18 12 14 7 3 4 7 7 11 7 4 2 4 19 24 17 33 73 79 78 74 75 75 72 40 22 27 53 29 41 36 34 27 35 28 29 41 27 12 24 34 13 8 10 9 15 7 12 41 60 40 41 15 41 24 12 57 52 50 55 30 51 42 33 39 35 57 59 48 64 62 37 64 54 53 46 31 28
0 0 0 0 0 1 1 0 1 5 28 26 28 10 5 2 3 7 6 8 17 39 8 19 23 11 9 3 6 5 7 9 25 51 36 63 65 74 73 68 62 27 32 25 54 43 35 60 44 42 24 28 46 52 36 35 30 58 65 66 39 16 3 3 16 9 29 18 42 24 32 21 10 23 14 45 56 81 65 31 49 57 39 48 75 52 53 59 64 63 44 36 15 24 25 20
0 0 0 0 0 1 1 0 1 1 5 28 36 53 21 31 4 3 3 14 16 7 8 13 10 4 7 6 5 8 20 16 36 66 75 39 27 36 27 25 38 22 18 33 63 51 28 40 45 34 29 22 75 44 37 52 39 52 17 36 67 47 21 3 15 14 9 10 4 12 38 33 13 15 39 18 26 33 42 68 64 83 53 60 35 24 37 77 47 56 41 75 55 35 26 34
0 0 0 0 0 1 1 0 1 1 3 1 1 1 1 1 6 3 4 5 7 5 8 5 14 10 6 6 10 14 18 51 46 38 58 48 46 44 24 22 11 10 16 34 65 41 18 19 31 39 35 23 32 83 71 70 16 29 14 54 38 45 11 14 3 8 6 4 12 22 22 28 32 25 37 53 20 23 63 68 40 67 53 44 25 32 23 38 39 55 29 46 76 70 29 21
0 0 0 0 1 1 1 1 2 0 1 1 3 2 1 2 6 1 9 3 6 4 6 7 14 4 3 7 15 28 46 50 79 63 40 39 39 57 54 35 19 8 7 11 39 15 16 24 35 27 40 21 37 45 81 65 32 21 29 49 23 25 13 5 9 12 14 6 22 36 35 40 26 18 44 59 40 17 19 55 38 29 50 64 33 36 26 30 68 54 50 41 69 83 59 32
0 0 1 1 1 1 1 4 4 4 1 2 4 7 6 4 4 12 15 7 29 11 3 8 7 9 4 6 11 62 64 56 56 51 40 31 34 53 48 35 19 8 10 19 23 11 12 38 22 27 53 25 37 55 33 48 31 30 41 35 15 14 31 22 11 7 24 22 34 63 71 72 18 31 48 56 39 22 21 61 36 8 37 64 32 40 35 30 54 36 30 37 57 65 65 58
0 0 0 1 1 1 1 1 2 3 4 2 1 1 2 8 13 5 18 15 37 37 6 4 4 6 4 10 23 43 68 46 45 38 39 50 52 22 27 46 17 7 8 27 22 10 19 23 28 41 58 46 45 66 46 38 43 38 50 18 15 18 28 24 13 10 9 23 41 27 50 47 34 27 30 56 27 25 10 20 39 8 48 72 33 37 48 30 22 47 36 17 24 41 58 71
0 0 0 0 0 0 0 0 1 2 4 2 3 3 3 2 15 5 32 10 6 6 24 13 8 4 9 37 41 34 40 42 33 16 17 16 15 11 9 15 18 3 2 2 8 7 13 17 48 63 70 65 49 52 33 49 53 44 39 38 14 11 31 33 24 22 11 13 15 10 4 4 22 32 31 39 27 40 24 16 7 11 25 62 63 32 40 42 27 23 43 22 35 56 77 58
0 0 0 0 0 0 0 0 0 1 1 1 2 3 4 3 2 3 25 13 9 21 28 11 12 10 14 15 37 41 21 13 12 16 23 18 16 14 6 2 13 2 9 5 1 2 12 28 35 65 64 58 48 56 37 63 62 52 51 54 10 29 38 38 24 17 7 10 6 4 4 23 51 45 39 48 47 38 20 21 33 11 30 60 65 32 16 20 24 19 13 12 28 44 53 48
3 0 0 0 0 1 0 0 0 0 0 0 0 1 1 2 4 7 3 1 4 6 3 32 16 21 10 14 13 9 11 27 31 33 22 29 47 43 21 4 5 5 2 5 3 3 2 13 28 33 43 35 33 32 47 33 47 42 57 50 10 26 9 36 53 31 11 12 15 3 10 37 48 52 26 17 29 38 46 41 30 26 28 49 71 83 57 41 21 16 15 9 25 61 51 39
0 0 0 0 0 0 1 1 0 0 1 1 0 0 1 3 4 7 4 7 6 2 4 9 33 20 26 31 57 41 26 15 20 28 29 46 59 57 38 4 9 8 3 5 13 14 14 3 12 20 15 13 10 11 19 40 47 54 57 56 17 35 25 29 42 14 10 11 8 7 10 41 33 45 16 13 24 23 44 36 34 31 35 37 69 85 82 34 22 19 15 11 24 47 61 52
0 0 0 4 4 1 0 1 0 0 1 0 0 0 1 1 3 3 6 7 4 3 5 7 17 22 6 17 16 12 25 24 32 21 51 72 51 56 38 20 29 32 21 22 35 32 33 16 5 2 2 3 2 1 5 43 74 87 64 30 50 34 29 20 32 24 12 22 7 7 45 44 49 39 16 28 51 32 34 40 24 21 15 9 54 62 57 59 37 20 18 11 14 28 34 18
0 1 1 1 0 2 0 0 0 0 0 0 0 0 0 0 1 2 2 1 3 4 4 5 27 43 20 19 14 26 35 41 26 47 54 57 25 27 29 50 41 47 53 62 55 34 42 34 15 10 7 7 9 1 2 7 70 81 54 36 33 41 22 17 26 9 11 13 3 34 62 59 49 52 21 23 50 47 43 70 45 29 16 9 19 42 47 46 44 26 19 15 8 17 55 12
1 1 0 0 0 1 3 0 0 0 1 1 1 1 1 3 1 1 1 2 4 5 8 4 18 16 14 22 26 25 29 58 45 40 41 23 40 41 34 46 68 69 58 33 36 19 30 36 18 14 11 3 6 3 7 5 20 32 44 50 35 20 17 36 32 6 11 36 63 48 64 79 40 73 36 15 42 65 46 64 52 50 34 13 12 38 58 41 52 30 24 12 5 9 38 29
1 0 0 0 0 1 1 1 1 1 1 1 1 0 1 0 0 1 2 2 2 3 2 2 8 18 14 7 7 22 16 15 28 38 51 30 28 43 28 65 37 36 54 38 22 18 19 24 23 10 16 13 4 8 12 9 12 30 50 46 15 15 55 48 28 7 25 35 47 60 47 52 29 36 60 43 27 24 26 63 29 25 40 28 18 8 39 22 50 23 25 12 7 7 10 24
2 0 0 0 1 1 2 3 3 3 6 2 1 1 1 1 1 1 1 5 3 4 4 4 18 11 22 19 10 16 16 26 30 59 59 44 70 36 53 24 41 24 17 15 26 25 43 29 29 10 12 10 9 11 18 12 13 20 43 48 49 14 22 27 16 19 46 12 36 56 60 40 46 22 53 61 36 21 23 74 80 40 18 50 30 7 6 10 41 30 23 21 8 6 7 20
1 0 0 1 3 1 0 1 1 1 0 1 3 1 1 1 1 1 1 4 11 8 10 6 20 6 13 28 14 9 33 56 58 20 10 73 62 30 30 30 39 50 27 13 10 25 16 5 8 6 16 8 9 10 10 11 6 11 24 19 19 20 13 13 15 36 50 7 31 22 47 57 44 16 14 42 40 51 25 46 80 53 42 16 29 10 3 8 38 47 8 26 12 5 7 15
2 0 0 1 3 2 1 2 7 2 5 2 2 13 8 4 3 3 3 18 10 17 14 10 20 18 10 33 35 20 16 16 7 6 7 20 35 42 19 36 34 48 39 33 22 6 3 2 1 1 5 4 3 3 7 3 4 4 5 13 24 20 14 20 44 39 28 13 24 24 24 42 34 32 21 57 56 39 30 15 52 52 29 44 16 8 5 5 5 23 6 12 10 4 3 5
3 2 0 1 4 3 2 1 10 4 2 4 8 10 12 13 31 6 8 7 20 24 44 23 16 18 38 27 54 31 15 10 21 21 13 2 8 37 35 14 27 46 56 57 32 21 14 9 6 5 2 2 1 1 1 1 1 1 7 17 35 21 29 33 18 42 22 28 32 28 19 28 44 50 12 42 48 32 32 21 33 45 19 8 25 12 6 5 3 6 7 7 11 4 2 2
12 5 2 2 7 2 4 1 4 7 6 6 15 19 26 14 29 36 10 12 40 70 72 81 70 63 62 42 61 46 68 68 71 43 18 16 19 14 11 23 46 33 41 46 51 45 37 23 18 16 7 6 6 5 5 4 4 4 16 29 29 25 19 22 18 36 35 47 17 39 16 13 39 27 13 32 28 14 17 15 14 18 41 8 8 4 5 2 2 4 3 5 2 2 1 1
9 5 9 8 9 2 4 3 9 15 12 8 9 36 47 34 37 71 51 69 74 76 80 82 72 79 75 70 75 80 55 25 43 52 43 22 27 22 10 8 32 38 44 59 49 46 44 32 29 23 18 16 15 13 7 12 7 9 18 16 23 16 10 12 10 43 25 42 33 33 10 14 19 23 13 25 21 30 8 12 11 5 14 8 4 9 3 2 0 1 3 2 2 1 1 1
6 12 9 7 12 11 13 10 13 24 24 42 33 43 60 82 76 64 74 35 42 49 63 77 75 70 80 79 80 81 23 15 15 15 31 33 43 24 32 23 23 49 52 45 44 43 33 61 47 32 23 23 20 19 17 17 16 5 9 12 13 9 11 19 36 52 42 23 30 14 14 7 15 16 14 9 8 12 16 8 12 6 9 6 2 7 3 2 0 1 2 2 1 2 1 1
10 22 11 8 15 13 15 15 23 44 60 73 83 85 89 88 77 77 82 65 35 18 49 66 50 45 35 62 65 59 40 9 9 6 8 14 25 22 26 32 13 27 32 33 20 18 11 23 29 29 41 39 25 24 21 33 21 6 7 7 5 12 27 34 43 31 17 17 12 24 17 25 11 10 9 7 6 7 12 7 6 5 4 3 3 2 3 2 1 0 1 1 1 1 0 0
12 25 9 11 35 29 28 45 61 77 86 84 84 87 82 90 76 77 90 44 73 34 21 42 29 18 22 25 26 28 50 31 21 4 8 4 13 11 11 27 23 21 39 15 20 17 9 15 17 9 9 9 8 15 14 6 23 13 9 7 9 14 29 34 32 23 10 21 29 17 19 12 9 7 5 3 4 3 4 4 4 4 1 2 1 1 1 0 1 0 0 0 0 0 0 0
7 32 28 27 39 55 69 77 72 86 80 89 75 88 81 84 61 68 86 74 36 42 23 12 12 9 4 4 14 15 20 62 29 9 11 8 25 50 47 32 31 19 17 9 7 11 11 4 3 4 5 14 24 25 12 12 26 16 22 7 12 16 25 19 28 11 6 13 26 20 13 8 4 7 5 2 1 0 1 1 2 1 1 1 0 1 0 0 0 0 0 0 2 1 1 1
25 42 59 59 77 87 82 84 82 83 78 90 77 79 61 77 60 74 74 77 25 47 46 19 13 3 3 2 5 7 7 15 21 10 11 15 8 17 17 19 14 14 15 23 22 12 13 6 10 10 30 51 45 30 47 9 29 27 6 3 3 10 8 19 14 14 6 4 5 7 6 6 3 1 1 1 2 1 3 3 2 2 1 2 3 3 2 2 2 2 1 1 4 2 1 3
56 69 75 82 81 79 84 81 83 73 89 71 45 60 55 56 62 65 65 72 34 21 29 17 15 9 4 5 12 14 14 26 18 7 22 18 23 23 34 24 38 25 36 35 39 34 24 20 16 21 32 60 66 63 58 28 34 28 14 17 9 2 2 2 3 3 5 3 2 2 2 2 2 4 7 7 10 6 9 5 5 8 4 7 4 13 6 3 4 4 2 2 4 3 2 5
75 83 83 73 83 81 87 74 74 57 72 19 33 26 34 48 49 37 37 59 36 14 7 6 9 13 13 11 16 7 41 45 41 28 38 40 37 31 35 36 36 39 38 37 52 37 43 26 13 46 45 47 62 48 38 32 59 35 28 44 30 19 17 16 14 14 24 13 10 9 9 9 15 15 15 9 16 15 14 13 13 13 10 10 18 11 8 6 6 3 5 3 6 3 9 9
19 27 56 52 71 68 79 74 40 9 5 6 14 10 9 10 12 22 40 55 33 9 12 20 10 11 38 27 40 30 41 42 42 37 37 60 48 26 48 43 42 53 52 50 39 37 43 32 27 37 51 47 60 69 53 54 43 34 43 43 35 37 35 38 36 29 39 29 22 11 19 20 19 19 32 19 19 30 19 26 27 15 19 18 33 13 10 9 8 7 7 5 11 13 14 22
24 15 11 10 8 8 26 28 27 10 6 9 16 15 6 3 3 5 22 28 16 9 38 12 28 39 48 40 52 38 36 31 51 46 29 45 44 28 41 49 40 58 39 36 38 42 58 42 28 33 53 51 31 76 56 69 40 43 52 41 54 40 36 35 37 23 46 28 16 24 24 25 37 23 35 23 23 38 35 33 22 21 31 24 25 16 13 12 12 11 11 11 32 21 15 15
41 57 47 20 19 16 5 10 14 6 12 15 11 6 3 4 1 11 9 15 25 44 50 25 46 40 48 45 36 16 6 18 37 38 29 43 26 33 42 52 55 35 41 35 35 57 47 31 44 42 55 65 43 78 73 39 68 61 55 38 49 42 56 52 37 41 34 32 29 18 29 42 41 29 42 39 31 46 29 36 29 40 41 50 30 18 8 21 15 15 22 25 32 13 33 18
50 37 33 24 13 11 11 11 22 24 26 26 17 5 6 14 15 19 24 35 64 62 61 39 41 32 33 41 41 36 20 17 35 30 45 28 24 34 32 47 21 17 42 48 38 72 44 47 57 35 65 40 72 74 44 57 74 61 37 53 39 54 52 39 26 43 40 36 20 35 53 58 52 34 46 49 50 53 34 30 35 46 45 35 26 13 12 30 24 14 37 41 39 16 9 46
26 38 45 34 35 20 35 28 36 40 42 51 36 25 21 31 19 30 44 51 62 46 24 41 55 35 19 28 42 38 29 17 27 35 18 46 28 56 41 28 32 22 47 32 31 76 55 54 43 35 46 73 68 54 48 44 60 71 41 55 55 64 52 30 54 50 53 38 19 39 53 75 60 44 51 57 59 44 36 27 44 70 61 48 41 18 36 56 38 16 31 59 56 26 13 44
52 60 31 32 20 33 45 33 33 51 48 49 43 38 42 38 38 46 50 50 58 44 39 50 37 25 26 42 31 40 22 32 19 14 41 44 50 33 39 25 29 16 48 15 14 52 55 56 34 42 51 37 72 20 15 12 34 60 33 62 71 56 50 70 56 55 35 17 25 59 64 81 69 51 56 70 78 52 51 30 53 77 53 37 32 26 49 66 45 27 20 72 79 50 29 42
28 42 24 45 31 44 44 44 42 41 56 52 41 39 62 31 37 48 44 44 56 51 30 50 34 34 41 34 35 44 20 35 21 21 20 45 18 29 20 37 28 28 37 20 42 39 69 50 21 38 54 48 49 29 25 16 22 34 26 68 74 64 65 71 31 51 20 19 28 63 75 77 74 59 64 75 84 45 58 29 58 85 60 32 27 34 57 73 54 34 27 64 75 62 23 47
23 35 57 38 24 33 43 32 29 33 59 44 34 51 34 33 23 42 51 33 31 41 47 46 32 31 25 22 22 68 22 40 20 24 27 44 36 28 19 26 18 33 28 22 39 30 45 25 28 18 31 67 50 36 23 25 56 24 29 61 54 60 82 46 56 48 32 34 47 51 75 76 77 48 56 76 63 42 65 35 48 76 64 53 34 38 64 76 57 44 33 49 70 48 37 51
14 14 34 16 13 10 29 23 17 24 28 29 25 36 33 28 31 30 40 35 28 17 29 39 37 32 38 19 17 26 35 53 20 15 26 45 22 12 16 27 17 33 23 22 29 31 35 17 16 16 17 46 13 19 28 25 44 18 37 49 40 64 33 49 73 38 35 40 58 50 64 84 63 37 59 76 64 46 68 44 52 74 50 47 47 36 38 75 75 47 31 52 71 49 35 53
3 9 5 6 8 9 19 25 10 25 23 32 33 23 22 32 24 25 27 35 18 15 14 33 35 23 35 12 17 32 26 34 11 14 25 17 14 22 16 31 39 14 18 33 28 15 9 39 12 10 9 22 6 13 17 39 35 50 41 25 21 16 39 71 32 42 56 32 44 50 48 73 36 33 53 72 46 48 62 29 63 67 44 48 51 54 25 36 78 44 36 46 71 61 50 43
2 2 3 4 9 3 7 6 10 15 14 27 21 19 21 22 20 15 16 23 25 12 29 21 31 26 22 20 4 14 29 36 4 8 11 33 10 6 10 13 39 16 13 7 8 14 15 3 10 17 12 29 20 10 20 23 56 42 29 53 41 21 54 30 52 62 28 32 36 54 28 67 23 29 40 65 35 62 61 29 47 49 35 61 63 61 36 35 74 55 34 50 58 40 50 38
1 1 2 3 6 2 7 6 8 11 15 31 17 10 12 17 20 29 15 7 8 7 36 5 14 22 18 13 5 10 11 10 1 2 17 4 3 2 14 4 27 10 12 7 12 13 11 36 51 65 57 36 44 35 21 36 44 27 31 36 26 32 43 20 55 28 31 32 37 58 24 45 28 46 21 39 27 54 38 29 58 32 33 47 66 33 46 28 51 41 46 36 68 71 72 60
1 1 2 1 1 7 1 2 5 7 14 16 9 17 6 20 5 18 14 6 4 10 14 12 13 16 13 15 3 3 2 6 8 11 4 3 7 8 12 10 11 13 19 31 14 54 25 72 42 49 31 31 47 62 68 48 47 12 21 41 28 30 10 16 38 26 26 30 42 50 54 41 47 38 26 60 25 58 24 24 66 25 59 56 67 40 51 40 40 62 54 68 70 74 79 89
0 1 0 0 1 2 7 2 4 3 2 4 2 8 5 10 7 14 12 14 9 12 11 17 4 4 8 5 8 10 2 1 4 5 28 35 20 22 46 65 38 43 41 69 39 29 61 69 25 57 39 31 43 66 59 44 51 55 43 66 49 58 57 29 37 42 46 43 33 40 56 54 48 73 78 75 75 87 81 59 64 71 74 70 33 85 85 72 65 34 54 42 54 78 58 66
0 0 0 1 4 14 3 2 1 0 0 1 2 7 7 8 7 14 7 7 8 9 8 15 9 5 2 2 3 2 2 4 4 1 3 27 39 8 14 51 51 54 31 70 79 30 34 46 61 51 63 16 26 68 72 34 79 67 84 78 37 62 45 47 42 56 45 68 66 14 25 64 67 30 60 78 50 74 55 80 45 69 81 69 46 83 74 63 87 80 64 36 52 66 47 35
0 0 0 0 0 1 0 0 0 1 2 2 7 5 3 6 3 9 4 5 7 5 8 9 6 5 1 2 6 8 4 1 2 2 2 6 10 5 8 28 45 18 61 77 60 21 40 26 46 44 62 25 30 57 53 71 58 48 69 78 46 14 29 65 63 71 65 57 60 64 19 61 79 35 61 82 28 21 35 85 78 52 45 58 67 74 71 79 88 78 49 69 33 28 63 71
0 0 0 0 0 1 1 0 0 1 1 3 2 4 2 4 4 4 3 3 3 5 6 3 5 5 0 1 2 4 3 2 5 2 2 2 5 30 13 40 21 43 33 36 77 52 30 18 40 42 50 55 26 66 68 88 45 72 89 87 71 16 47 55 59 82 73 79 53 79 39 30 70 38 62 82 48 38 26 71 62 69 17 18 31 70 78 72 80 67 29 72 49 36 52 63
0 0 0 0 0 0 1 1 1 1 1 3 2 1 3 6 3 4 2 2 4 4 2 2 2 2 0 1 1 3 3 2 2 2 4 6 5 9 37 71 35 57 33 59 58 69 36 35 55 51 82 84 47 68 86 91 62 85 90 81 73 39 73 78 58 51 42 33 60 83 45 28 53 28 65 71 87 42 52 84 63 75 68 28 25 46 67 62 60 44 65 88 50 32 20 20
0 0 0 0 1 0 0 1 0 0 2 1 1 1 2 4 6 2 2 3 1 2 1 1 2 3 1 1 5 6 11 6 6 9 15 19 13 18 57 45 52 27 21 69 71 44 27 24 39 54 75 69 69 49 75 91 66 70 82 77 83 75 77 87 42 48 57 36 61 77 73 47 14 33 78 77 81 73 41 86 42 65 77 49 29 25 57 46 50 24 76 87 68 47 47 19
2 0 0 0 0 0 0 0 1 1 2 1 0 1 1 3 3 1 1 1 2 1 1 1 1 2 3 10 25 4 4 4 24 19 18 21 8 25 39 40 68 35 56 31 84 36 41 35 20 40 70 65 47 25 27 64 69 78 84 82 91 78 80 79 77 53 60 45 51 61 83 61 31 29 64 77 83 82 59 72 66 61 66 79 47 29 18 21 19 35 74 53 78 51 45 26
0 0 1 0 0 0 0 0 0 0 1 1 0 0 2 1 1 1 1 1 2 1 1 2 0 1 1 1 9 4 4 20 12 13 37 23 13 8 3 19 22 15 5 5 29 31 69 57 22 14 37 17 28 15 12 21 22 59 65 64 71 75 68 65 88 52 52 43 15 69 92 47 32 27 69 60 60 67 39 51 54 24 68 80 67 43 12 13 15 25 16 39 82 49 32 35
0 0 1 1 3 0 0 0 0 0 1 0 0 0 1 0 0 1 1 0 3 1 1 2 6 17 3 3 4 4 7 8 25 34 28 20 20 26 11 6 11 28 13 6 12 19 30 42 41 15 19 14 30 17 19 36 27 16 27 47 47 22 33 67 91 74 41 44 53 76 88 57 24 15 28 41 63 48 59 64 53 16 51 67 80 32 20 10 34 40 22 41 89 63 56 56
0 1 0 2 2 3 1 0 2 0 1 0 0 0 0 0 0 0 0 2 0 6 2 2 12 21 12 2 3 11 11 8 20 30 13 7 29 32 11 11 12 40 23 14 22 19 21 17 18 9 17 41 48 44 38 36 26 20 17 12 4 2 13 77 80 78 55 28 33 71 81 75 66 28 17 40 55 42 42 29 52 36 24 71 74 60 24 15 36 29 50 81 82 83 66 59
1 2 4 1 1 3 7 0 0 0 1 6 1 0 0 0 0 1 0 0 0 1 1 1 6 13 5 16 17 25 10 8 32 16 26 29 22 37 19 26 21 34 35 22 11 36 21 27 19 7 16 54 63 69 65 56 42 37 33 29 33 28 30 51 53 65 56 22 11 43 43 77 78 37 18 45 55 40 23 38 65 33 22 20 73 76 26 11 39 50 49 73 48 78 47 27
0 0 0 2 3 2 1 0 1 1 6 7 7 2 3 3 0 1 0 0 0 0 1 1 2 3 8 18 24 15 10 12 9 5 35 35 13 16 26 45 31 39 31 24 9 15 48 38 26 16 14 35 74 74 73 73 59 59 51 51 75 77 80 70 58 56 46 30 12 8 35 49 80 63 57 19 39 46 24 5 18 28 31 41 61 76 41 19 11 29 34 29 73 75 87 55
0 0 0 2 8 8 28 2 5 1 2 1 7 8 4 2 2 0 0 0 1 1 1 1 4 2 6 8 8 6 4 18 33 24 41 27 24 35 53 28 47 44 24 30 37 37 49 50 36 26 15 20 43 69 66 75 74 72 53 42 34 48 56 60 71 67 70 59 37 3 11 46 53 63 56 48 29 14 19 17 44 33 16 24 23 62 61 17 7 16 23 29 24 66 56 70
6 2 1 1 1 9 3 1 1 11 2 3 1 2 1 1 2 0 0 0 0 0 1 4 10 2 7 13 12 19 20 48 31 18 22 33 22 24 17 8 15 51 63 41 61 47 40 38 39 39 35 17 12 15 50 51 46 66 68 60 54 48 34 38 41 59 66 66 64 53 37 58 51 70 39 39 30 18 27 18 15 15 10 33 26 62 69 16 6 21 30 22 23 24 57 70
7 8 7 1 1 7 21 12 2 2 3 2 0 1 1 1 1 2 0 1 1 2 1 7 4 6 2 4 4 5 3 7 7 22 19 20 23 26 31 30 19 7 20 65 66 76 66 50 45 24 33 31 22 11 18 30 25 21 32 38 43 56 56 44 24 26 50 62 61 46 54 72 52 74 59 38 36 34 20 10 11 21 10 14 25 17 52 23 5 11 26 27 12 9 53 69
2 3 35 11 3 9 4 22 13 7 8 1 1 3 1 4 2 3 1 1 0 2 4 3 3 4 5 20 12 7 10 22 15 18 24 40 40 46 41 46 48 39 21 14 12 58 66 61 42 29 22 32 21 11 4 4 4 5 5 6 9 24 22 28 30 15 14 23 25 21 50 50 47 44 42 42 46 43 24 25 21 17 9 10 32 41 27 34 8 3 16 23 14 33 75 28
2 3 11 5 4 3 1 0 32 46 45 32 2 6 2 1 1 6 1 2 1 1 2 2 8 3 9 13 7 9 20 28 15 19 27 36 35 44 41 43 46 40 55 48 46 29 14 10 35 36 42 14 12 7 11 18 17 17 16 13 12 4 3 4 5 4 4 3 3 13 21 33 27 24 19 15 13 34 29 23 16 8 20 16 17 28 22 39 20 5 3 17 40 74 39 69
5 4 8 39 17 4 4 2 2 53 4 5 6 3 4 5 4 0 1 3 0 0 0 3 4 4 3 3 3 4 4 5 13 18 21 24 43 53 38 49 55 59 55 54 56 42 37 34 21 12 10 7 8 22 26 38 37 38 33 39 14 4 4 13 13 22 9 11 3 2 5 15 12 8 8 7 8 14 18 31 26 7 6 7 8 9 18 27 34 8 4 15 74 40 39 46
8 6 10 21 11 15 23 3 1 1 1 1 1 3 3 24 2 3 3 5 1 0 1 1 1 1 4 4 6 5 4 6 8 14 27 31 35 35 34 57 55 42 36 38 44 33 30 41 33 28 33 32 34 49 45 43 57 57 56 43 19 15 17 28 26 17 21 9 3 3 3 1 1 1 1 1 4 4 1 3 6 4 4 2 3 3 10 17 16 8 4 43 42 18 55 44
19 11 6 2 19 17 54 24 18 14 9 4 2 2 13 6 30 19 6 5 13 7 6 1 0 1 2 3 2 3 3 9 16 9 3 11 37 39 23 22 35 45 33 25 35 28 38 40 45 39 46 31 33 49 60 61 60 62 67 53 29 29 40 37 46 46 43 28 11 8 2 1 1 2 2 5 14 8 5 4 3 2 1 1 1 2 3 6 17 16 6 53 10 6 42 51
19 18 15 27 16 24 16 9 10 42 10 22 3 7 13 25 50 29 10 8 17 3 3 4 2 2 3 1 2 2 11 2 3 4 9 11 31 52 45 53 49 38 48 39 46 38 42 44 48 29 59 49 47 42 58 62 78 76 73 55 26 50 46 59 57 71 58 44 31 14 9 9 9 12 15 25 33 21 11 10 15 18 7 3 4 2 1 2 5 20 11 37 6 7 40 68
21 21 6 5 24 16 52 38 19 19 34 45 23 9 18 55 56 23 8 22 3 14 2 3 2 1 0 6 1 3 2 1 1 10 7 11 18 29 42 44 49 33 34 38 40 43 47 61 51 39 47 62 45 48 64 73 80 70 55 44 42 53 64 64 64 79 69 52 37 18 28 28 27 33 34 36 46 33 29 28 28 23 12 18 16 6 4 1 2 7 6 8 7 4 15 28
20 29 20 7 40 39 50 40 70 46 30 13 7 43 49 40 33 17 13 51 5 26 3 4 3 2 2 6 8 1 1 2 3 9 10 15 20 43 28 48 53 39 19 41 39 40 49 67 56 32 34 62 58 49 62 78 75 60 44 33 36 67 64 66 80 76 63 54 27 21 36 35 37 49 48 61 59 59 38 42 51 39 33 41 26 19 8 2 1 4 4 8 7 2 6 13
22 6 22 9 4 50 28 19 34 57 45 34 6 29 63 33 5 11 33 48 6 40 5 4 13 9 2 6 11 19 4 1 3 3 11 8 6 9 17 16 41 27 37 36 40 24 59 40 60 30 65 53 52 43 70 83 61 55 37 48 49 62 59 73 81 73 64 59 32 48 59 60 38 57 69 65 66 57 48 54 64 55 47 47 18 9 3 2 1 1 1 4 4 1 4 2
17 18 12 22 6 14 52 65 65 43 21 24 9 16 43 53 18 32 70 43 12 44 8 5 4 9 5 16 13 3 11 20 4 4 4 8 3 8 6 18 24 21 23 41 31 29 33 41 24 30 79 29 50 39 76 52 48 55 34 43 43 56 69 79 63 72 60 44 37 53 64 65 42 65 62 72 75 62 54 59 75 59 55 28 10 12 8 10 7 2 0 0 2 1 1 1
31 16 21 16 20 20 29 46 37 53 55 27 56 14 6 4 40 83 72 35 36 21 18 22 24 9 4 10 16 15 11 2 4 2 4 1 2 4 5 25 11 22 26 26 17 19 18 24 34 44 21 17 44 63 36 53 41 30 35 34 32 51 80 65 67 52 37 41 56 68 66 66 57 67 48 55 66 44 56 62 76 42 24 20 26 26 33 17 10 3 2 0 0 1 1 1
31 27 23 20 52 30 59 79 45 36 35 53 60 61 7 3 12 18 15 6 20 36 26 10 7 11 9 11 10 7 2 0 2 5 0 2 3 4 8 8 8 6 21 5 7 5 8 26 7 7 12 19 27 46 34 33 17 23 45 44 35 72 66 66 59 63 44 40 52 68 64 51 54 67 50 28 76 56 60 77 46 44 37 39 62 63 34 16 12 8 3 2 1 0 0 0
