sesion_6_simulaciones/modelos_agentes/ejemplos_netlogo/scenarios/cgcm2_b2/rob_2091.asc
NCOLS 322 
NROWS 307 
XLLCORNER 451900 
YLLCORNER 4086900 
CELLSIZE 100 
NODATA_value -9999 
[rows 222 to 295 of 307, columns 96 to 191 of 322]
1 0 0 0 0 0 0 0 0 0 0 0 0 0 0 0 0 0 0 0 0 0 0 0 0 0 0 1 0 0 0 0 1 1 0 0 0 0 0 0 0 0 0 0 1 1 2 6 10 14 18 21 26 33 36 44 51 63 78 78 80 84 61 78 49 66 50 46 51 44 32 32 22 26 40 42 47 25 26 20 55 41 37 30 31 17 38 51 60 36 25 24 12 7 7 3
0 0 0 0 0 0 0 0 0 0 0 0 0 0 0 0 0 0 0 0 0 0 0 0 0 0 0 0 2 0 0 1 1 0 0 0 0 0 0 0 0 0 0 0 1 1 2 3 6 8 13 11 17 27 42 66 71 50 33 44 46 48 44 51 80 35 36 35 59 48 37 53 22 26 46 38 43 21 44 53 48 80 49 41 33 32 21 20 45 71 50 41 31 14 8 6
0 0 0 0 0 0 0 0 0 0 0 0 0 0 0 0 0 0 0 0 0 0 0 0 0 0 0 0 1 1 1 1 0 0 0 0 0 0 0 0 0 0 0 0 0 1 1 2 4 8 9 14 32 20 40 57 34 33 34 35 14 42 43 35 37 58 21 55 55 44 61 52 16 21 27 39 32 30 42 57 41 28 60 55 35 35 38 18 13 43 74 51 38 21 17 11
0 0 0 0 0 0 0 0 0 0 0 0 0 0 0 0 0 0 0 0 0 0 0 0 0 1 0 1 1 3 2 0 0 0 0 0 0 0 0 0 0 0 0 0 0 1 1 1 4 5 8 11 25 27 15 16 22 24 24 21 48 66 37 47 54 86 75 52 57 55 65 54 35 29 39 52 39 39 54 64 50 26 11 25 63 60 35 30 23 17 45 43 30 23 12 7
0 0 0 0 0 0 0 0 0 0 0 0 0 0 0 0 0 0 0 0 1 0 0 0 0 1 1 1 2 2 0 0 0 0 0 0 0 0 0 0 0 0 0 0 0 1 1 2 3 4 9 16 18 18 21 22 36 32 26 37 18 30 55 52 53 88 64 69 28 66 52 55 37 29 46 59 53 34 54 78 44 38 54 38 35 18 22 33 27 28 14 19 20 13 5 6
0 0 0 0 0 0 0 0 0 0 0 0 0 0 0 0 0 0 0 0 0 1 0 0 0 1 2 3 2 1 0 0 0 0 0 0 0 0 0 0 0 0 0 0 1 1 1 1 3 4 6 7 6 12 14 23 45 43 40 22 25 40 39 51 74 54 55 66 80 57 47 57 54 14 19 38 40 56 71 35 74 60 77 54 71 37 51 34 22 13 12 19 12 7 3 2
0 0 0 0 0 0 0 0 0 0 0 0 0 0 0 0 0 0 0 0 0 0 1 2 0 1 2 4 2 0 1 0 0 0 0 0 0 0 0 0 0 0 0 0 0 1 1 1 3 4 7 8 12 15 14 26 38 63 37 34 25 48 62 78 56 47 53 52 39 52 64 40 30 12 20 36 56 51 81 60 30 23 42 62 42 46 36 31 17 16 12 7 6 6 5 5
0 0 0 0 0 0 0 0 0 0 0 0 0 0 0 0 0 0 0 0 0 0 0 1 1 1 2 8 3 1 2 1 0 0 0 0 0 0 0 0 0 0 0 0 0 0 0 1 2 4 5 6 9 8 22 29 21 21 18 34 23 22 29 43 28 16 30 43 31 45 20 45 34 20 37 23 27 59 37 45 37 28 28 34 21 22 31 34 16 15 6 3 4 3 3 2
0 0 0 0 0 0 0 0 0 0 0 0 0 0 0 0 0 0 0 1 1 1 0 1 3 1 1 5 8 8 2 1 1 0 0 0 0 0 0 0 0 0 0 0 0 1 1 1 1 2 2 3 5 9 16 9 11 13 16 17 22 22 27 32 35 49 52 61 50 52 61 59 40 15 31 45 22 49 44 49 52 46 36 58 33 14 18 11 9 11 4 2 2 2 2 1
0 0 0 0 0 0 0 0 0 0 0 0 0 0 0 0 0 0 0 1 1 1 1 1 1 2 1 2 9 6 2 1 0 0 0 0 0 0 0 0 0 0 1 0 1 1 1 1 1 2 3 4 5 5 4 6 5 6 6 7 8 8 9 33 43 44 26 47 49 46 41 41 39 20 22 43 49 41 43 67 52 52 50 48 35 24 12 10 7 7 5 3 2 1 1 1
0 0 0 0 0 0 0 0 0 0 0 0 0 0 0 0 0 0 0 1 1 1 0 1 5 3 1 2 7 6 3 2 0 0 0 0 0 0 0 0 0 1 1 2 1 1 1 2 4 5 9 8 4 3 4 5 5 7 14 17 13 21 19 16 15 18 25 27 31 43 58 65 67 20 36 29 62 51 56 37 37 50 51 40 35 49 31 15 9 4 3 2 2 1 1 0
0 0 0 0 0 0 0 0 0 0 0 0 0 0 0 0 0 0 0 1 1 2 0 1 2 5 4 5 11 7 4 2 1 0 0 0 0 0 0 0 0 1 1 1 2 3 2 1 3 6 10 18 12 6 8 10 21 23 28 44 38 35 32 23 33 52 34 31 24 44 63 65 66 60 41 60 74 38 62 37 62 60 45 58 39 29 30 26 25 7 3 1 1 1 0 0
1 0 0 0 0 0 0 0 0 0 0 0 0 0 0 0 0 0 0 1 1 1 1 0 2 2 12 9 5 3 2 1 0 0 0 0 0 0 0 0 0 1 1 1 2 2 2 7 3 5 9 11 11 19 15 23 26 32 53 47 34 35 46 35 26 20 36 43 24 33 19 18 21 18 55 17 38 73 47 37 15 31 66 61 36 32 43 19 18 6 6 2 1 1 0 1
1 0 0 0 0 0 0 0 0 0 0 0 0 0 0 0 0 0 0 1 2 2 2 1 1 3 5 14 4 1 1 0 0 0 0 0 0 0 0 0 1 1 1 1 2 3 4 6 8 7 11 12 18 37 19 24 33 37 39 49 48 62 57 55 41 25 39 40 53 37 43 37 39 34 73 30 19 24 28 27 17 7 61 69 48 45 48 42 17 13 9 5 3 3 1 0
0 1 0 0 0 0 0 0 0 0 0 0 0 0 0 0 0 0 0 1 1 2 5 2 1 4 4 14 5 2 0 0 0 0 0 0 0 0 1 1 1 1 1 2 4 4 10 8 11 22 18 28 26 28 29 26 31 37 63 54 61 54 49 64 61 39 30 36 39 31 69 42 31 43 44 53 41 56 51 39 37 24 15 50 47 45 54 36 14 8 3 3 2 1 0 1
2 1 0 0 0 0 0 0 0 0 0 0 0 0 0 0 0 0 0 0 1 2 2 4 1 2 5 8 4 2 1 1 0 0 0 0 0 0 1 1 1 1 1 3 6 8 19 16 12 9 31 49 61 37 35 16 31 34 58 47 72 58 50 46 46 40 24 36 28 65 29 33 32 39 37 21 30 34 36 32 28 23 25 21 36 23 10 19 16 6 4 1 1 1 1 0
1 0 0 0 0 0 0 0 0 0 0 0 1 1 0 0 0 0 0 1 1 2 3 6 2 3 7 13 8 3 2 1 0 0 0 0 1 0 1 1 1 2 2 6 8 14 20 23 25 19 22 40 47 47 36 19 30 40 29 53 70 65 24 70 26 43 41 33 30 53 31 22 26 52 52 37 45 52 57 49 60 31 28 21 16 9 14 10 6 6 2 1 1 1 0 0
0 0 0 0 0 0 0 0 0 0 0 0 0 1 1 0 0 0 1 2 2 1 4 13 7 6 12 11 6 6 3 1 1 0 0 0 1 0 0 1 2 2 3 6 9 16 22 27 29 35 28 44 59 57 46 21 32 46 51 46 56 60 22 48 50 45 55 27 40 37 22 36 47 45 32 26 27 38 43 22 39 48 46 22 22 11 7 7 4 2 2 2 1 1 1 0
0 0 0 0 0 0 0 0 0 0 0 0 1 1 1 1 0 1 1 5 4 1 4 13 13 4 3 33 17 4 3 1 1 0 0 1 1 1 1 2 2 4 4 7 14 14 26 32 38 50 33 52 60 47 54 19 31 39 45 55 49 48 47 48 57 54 46 44 38 25 34 41 47 41 36 29 27 43 37 30 32 27 54 47 24 26 17 6 2 1 1 1 1 1 0 0
0 0 0 0 0 0 0 0 0 1 1 1 1 1 2 2 1 0 1 3 6 3 5 13 22 6 7 35 10 7 5 2 1 0 0 1 1 1 2 2 3 6 6 10 12 15 39 39 45 50 51 46 41 51 78 40 21 43 60 44 35 29 27 54 52 50 45 58 43 23 29 35 46 44 50 44 48 70 56 49 39 35 36 31 28 32 14 9 6 3 1 1 1 0 0 0
0 0 0 0 0 0 0 0 0 0 1 1 1 2 3 3 1 1 4 3 4 7 6 17 31 33 28 33 19 11 5 2 0 0 0 1 1 1 1 4 3 7 11 10 9 15 32 47 53 49 56 61 58 57 81 57 50 18 38 69 49 44 31 30 28 56 56 55 27 24 23 52 44 34 35 37 44 75 59 45 55 24 21 17 18 14 18 12 3 2 2 1 1 1 0 0
0 0 0 0 0 0 0 0 0 1 1 2 2 2 3 6 2 1 3 5 6 10 10 21 38 55 24 34 11 7 5 1 0 0 0 0 1 3 2 3 6 5 11 13 15 29 36 35 53 59 60 61 70 81 82 77 34 19 46 58 65 44 34 36 38 32 24 26 24 23 57 43 23 53 27 33 26 48 42 44 32 37 51 25 12 8 5 3 4 3 1 1 1 0 0 0
0 0 0 0 0 0 0 1 1 1 2 2 4 2 5 9 3 3 2 10 15 14 12 25 41 31 16 9 5 5 2 1 0 0 0 0 1 3 4 2 4 10 5 26 17 24 38 33 41 69 67 45 70 75 75 78 64 28 23 25 42 57 47 39 31 20 8 5 13 25 67 40 39 47 89 75 55 52 46 50 57 55 33 37 25 20 9 7 5 2 1 0 0 0 0 0
0 0 0 0 0 0 0 1 1 2 3 3 7 2 7 10 5 9 3 8 25 22 36 24 48 27 11 8 3 2 2 0 0 0 1 0 1 1 4 5 9 7 8 11 37 23 26 41 58 74 70 60 53 51 60 80 78 32 25 31 41 35 37 31 20 27 17 10 39 46 23 45 65 70 67 78 60 70 55 65 67 46 27 11 13 9 11 7 3 2 1 0 0 0 0 0
0 0 0 0 0 0 1 1 1 1 3 5 12 6 10 17 6 11 17 8 12 29 17 61 34 32 8 5 3 1 0 0 0 0 1 1 1 1 1 1 2 7 14 34 22 29 46 51 48 59 72 75 47 46 37 41 72 59 39 20 27 21 16 10 9 4 12 31 28 42 29 17 26 56 24 57 83 80 71 68 67 40 22 17 12 4 3 2 3 2 0 0 0 0 0 0
0 0 0 1 1 1 1 1 2 2 4 6 9 15 9 23 9 9 26 22 23 42 23 49 49 16 4 2 1 0 1 1 1 0 1 1 1 2 1 4 4 6 13 25 49 33 29 44 46 64 63 66 63 57 42 41 39 63 45 22 26 21 25 20 25 10 8 32 28 37 36 40 43 30 28 26 53 60 68 47 26 23 17 14 7 4 3 2 1 1 0 0 0 0 0 0
0 0 0 1 1 1 1 2 1 3 5 8 10 15 18 39 14 13 29 34 33 49 75 43 21 19 9 4 2 1 2 2 1 1 0 1 1 2 3 4 5 9 15 23 32 54 39 39 52 58 64 57 66 63 50 34 24 47 38 29 15 19 19 23 25 17 11 37 27 27 38 39 74 54 47 35 25 15 40 43 33 12 9 7 7 3 1 0 0 0 0 0 0 0 0 0
0 0 0 1 2 1 1 2 2 4 11 10 10 12 44 41 20 22 25 38 40 59 73 21 32 20 6 5 6 5 6 7 2 2 1 2 2 3 6 3 7 16 27 31 27 47 37 65 52 64 64 81 56 36 38 33 46 15 13 59 22 15 38 30 17 14 30 56 30 25 28 60 80 60 46 36 34 32 23 26 27 16 8 7 6 3 1 1 1 0 0 0 0 0 0 0
0 0 0 2 2 2 1 4 4 5 14 11 25 24 31 41 52 36 44 33 53 50 81 64 30 13 13 13 9 13 11 8 3 1 1 1 3 6 3 8 11 17 32 46 58 45 64 28 16 28 65 30 52 42 50 32 13 8 11 17 26 7 22 17 8 15 46 23 25 24 17 21 14 31 42 32 32 33 22 17 15 8 10 8 7 5 3 3 1 1 0 0 1 1 1 1
0 0 0 2 2 4 1 4 7 9 8 15 13 38 43 23 22 61 45 46 43 66 72 44 28 22 22 20 24 35 11 4 2 2 2 1 2 2 12 11 14 21 29 54 40 63 54 49 37 53 55 13 61 68 55 23 34 23 22 9 44 6 15 12 6 11 17 52 36 16 32 60 47 55 50 41 34 37 33 32 21 16 12 11 7 9 7 1 1 0 0 1 1 1 1 0
0 1 1 2 4 6 2 3 5 12 16 23 13 13 27 56 26 21 68 68 42 65 75 49 49 23 46 57 34 12 7 6 4 2 1 1 1 1 4 10 14 34 43 34 26 43 45 62 64 64 48 39 57 73 68 66 46 16 16 14 34 10 11 12 5 13 27 16 11 12 29 39 40 44 53 54 36 32 20 22 10 7 8 19 15 10 3 1 0 0 1 1 1 2 2 0
0 1 2 3 4 4 6 6 7 5 9 27 11 10 26 46 53 47 15 37 48 69 53 45 36 57 33 16 16 9 9 8 6 2 2 1 2 4 6 8 6 19 26 20 31 40 48 44 63 62 60 51 72 70 59 49 24 38 9 13 13 22 4 9 14 13 5 25 31 33 27 41 54 50 47 52 32 26 18 22 29 19 27 18 12 6 5 2 1 1 1 1 3 2 2 1
1 2 2 3 4 9 8 14 13 10 8 17 40 15 36 35 43 63 46 22 37 70 29 52 75 31 25 23 19 19 11 4 2 2 3 2 2 5 9 8 11 22 21 16 35 48 26 25 53 51 28 23 38 36 45 19 30 17 34 6 12 15 12 7 36 44 18 46 52 30 54 50 63 65 66 63 45 30 33 31 34 25 31 15 11 9 2 1 1 1 1 2 3 5 1 1
1 2 3 2 3 16 22 16 15 13 27 17 26 52 29 35 49 23 69 40 41 37 78 60 46 47 43 39 30 23 10 4 2 2 6 2 2 6 12 18 19 26 37 35 38 27 36 44 31 32 30 27 27 30 28 32 24 21 19 26 4 3 9 30 33 15 27 33 51 38 59 45 49 64 68 50 40 47 36 34 35 33 19 19 10 4 1 1 2 2 4 4 5 5 2 1
2 5 4 3 4 12 14 28 33 16 26 35 36 41 59 37 55 31 27 56 31 35 71 69 60 48 38 40 32 14 12 8 5 2 4 1 3 4 9 22 28 33 22 39 33 45 36 37 42 48 37 25 27 31 35 31 18 15 14 21 9 5 12 6 9 32 36 37 21 33 48 44 54 44 50 70 40 37 18 17 18 17 27 16 8 4 2 2 3 3 4 3 11 3 2 2
2 4 6 4 7 8 16 17 22 32 46 38 39 46 69 67 34 27 36 33 63 67 73 60 62 64 53 47 35 22 12 10 6 3 7 2 2 6 11 21 30 45 42 47 48 49 45 59 38 41 40 31 21 28 26 39 32 13 4 5 8 7 10 9 12 5 4 3 8 43 29 34 49 48 48 36 27 12 10 25 34 28 10 16 17 8 3 4 3 5 4 3 13 4 3 3
3 7 9 10 13 10 12 23 29 34 51 55 54 48 61 66 49 48 38 43 38 68 69 65 46 55 48 44 26 29 21 13 9 7 10 1 6 9 14 14 11 39 53 53 48 56 59 48 41 58 59 55 20 26 35 30 15 14 7 2 3 6 15 8 8 11 19 24 21 24 25 27 29 27 44 17 19 20 14 47 37 14 22 18 15 16 6 9 8 4 4 2 8 4 4 3
4 6 21 13 16 17 15 28 37 40 40 58 55 52 73 52 58 66 50 41 41 59 55 49 45 52 50 43 36 20 17 16 18 13 3 1 6 15 22 29 23 40 58 47 49 56 45 34 48 70 60 53 50 32 36 24 16 15 7 7 7 6 10 7 16 25 45 42 27 35 33 41 30 21 17 23 38 47 25 42 38 33 21 17 12 11 15 11 5 6 5 2 5 9 1 2
6 4 18 27 19 19 19 35 43 42 42 45 60 69 69 65 56 70 52 35 45 80 57 70 50 52 57 54 40 24 30 25 17 9 4 2 3 12 31 47 43 51 43 62 49 53 45 37 47 36 30 30 40 44 21 14 12 11 8 10 10 5 7 12 23 34 37 31 41 20 33 22 13 17 20 51 42 51 55 16 32 28 32 29 17 12 25 16 6 8 4 5 9 6 2 4
6 7 13 35 36 24 30 39 41 46 52 43 56 69 69 57 54 41 53 36 46 67 63 74 58 52 48 40 43 29 41 23 15 8 9 5 6 14 27 37 63 67 64 51 63 35 37 51 38 27 27 32 31 28 61 27 9 11 9 10 8 8 12 7 11 14 37 41 22 13 15 22 23 37 33 57 53 55 36 41 34 18 35 26 18 23 24 11 15 7 3 5 16 5 3 6
11 28 23 29 38 28 25 44 45 44 57 45 25 35 72 75 69 50 45 62 44 79 80 49 58 63 36 39 32 40 33 27 21 6 9 5 8 24 27 36 37 55 53 67 56 56 32 51 56 27 40 46 40 40 36 17 17 8 10 4 3 8 12 13 15 17 43 11 18 6 20 36 55 28 39 59 37 38 51 41 11 17 34 36 39 25 17 10 13 10 5 6 13 12 8 8
15 19 38 43 43 30 32 44 45 44 46 55 46 46 53 70 64 30 40 65 41 78 63 63 60 43 23 43 34 41 46 33 29 14 10 6 9 27 29 44 62 50 37 64 38 51 49 36 50 47 62 53 50 36 31 15 16 6 6 9 4 6 21 15 6 31 14 12 35 29 50 38 34 50 42 26 39 62 31 14 11 35 51 35 34 34 16 11 8 9 14 9 7 22 11 10
25 34 39 46 47 36 47 46 48 47 31 49 48 59 56 61 62 64 71 75 69 71 57 59 51 58 48 46 56 32 47 46 29 20 21 6 9 27 51 47 54 51 54 54 51 42 55 23 41 40 51 45 40 27 30 20 28 12 9 6 5 11 2 11 9 19 14 28 30 26 23 38 59 68 42 34 62 49 42 29 29 35 13 17 34 37 15 13 11 16 15 9 7 39 14 20
30 35 34 39 13 31 57 39 51 55 44 43 56 61 51 62 49 72 66 77 69 61 70 51 47 57 70 66 37 47 40 44 39 20 17 7 9 32 36 48 49 42 63 60 59 42 26 65 36 66 40 43 26 42 26 39 16 15 11 3 3 11 22 22 4 11 19 35 40 22 20 46 73 63 37 61 52 33 36 75 59 23 27 39 25 18 21 8 12 17 18 13 19 47 35 26
31 25 14 9 8 16 57 39 25 33 43 31 36 57 73 69 38 38 70 60 70 65 70 67 29 55 71 45 40 46 32 53 49 37 16 3 8 25 31 52 45 44 53 63 68 60 31 23 9 11 48 52 20 35 28 42 22 13 7 4 5 14 10 23 15 13 19 16 36 25 31 61 67 36 44 63 54 11 51 46 32 46 58 45 29 21 18 6 20 20 21 14 31 71 43 22
34 38 28 29 28 22 34 55 21 25 22 45 38 47 68 60 72 38 52 71 69 76 76 76 57 34 56 58 51 33 59 44 44 32 15 6 6 14 35 57 26 47 66 65 62 44 40 38 33 31 27 32 52 24 10 10 9 5 7 2 5 6 3 7 11 8 14 8 13 19 51 42 47 58 38 38 23 24 41 34 38 55 51 33 22 8 7 6 15 20 24 19 38 56 42 13
51 36 42 40 27 33 30 32 40 38 31 63 43 47 42 49 68 71 66 80 80 70 74 58 26 41 52 45 43 50 59 50 26 25 28 13 10 8 24 38 12 28 36 37 41 34 33 26 63 53 37 31 26 18 15 9 5 23 2 1 1 5 7 6 18 20 10 6 30 39 17 31 18 36 33 31 11 53 42 61 40 35 22 22 21 11 8 16 17 27 26 35 40 59 16 14
33 34 42 37 43 28 24 42 62 61 28 28 55 54 28 29 25 45 72 73 44 41 44 46 54 18 50 58 34 65 47 43 38 26 33 13 20 7 16 40 45 22 31 38 23 30 14 8 17 30 18 52 46 29 13 2 1 1 2 1 1 4 4 9 12 18 7 28 29 17 23 23 29 31 13 23 48 58 68 36 34 33 35 38 21 11 9 20 29 30 29 23 51 62 45 15
34 54 42 43 45 45 33 48 63 49 49 33 24 43 52 31 52 41 31 64 41 53 63 58 46 36 52 35 35 64 51 52 33 16 28 14 17 11 7 23 31 55 47 32 26 35 34 16 24 35 43 44 23 24 20 9 6 4 2 1 1 2 6 6 8 7 18 31 38 38 23 24 17 11 39 44 37 51 51 33 28 32 36 27 20 17 12 28 35 24 33 32 18 38 53 22
42 41 41 34 45 61 33 45 50 56 48 42 53 37 22 54 51 38 43 65 69 28 24 38 34 58 51 66 37 41 55 42 29 46 22 12 17 24 10 27 40 54 62 26 29 51 32 13 27 35 18 32 18 23 20 8 7 6 3 3 3 2 1 6 7 11 21 8 9 9 19 11 32 49 26 31 29 29 28 24 17 24 27 30 27 15 13 21 41 25 38 28 32 31 41 29
38 38 58 43 53 61 25 40 53 60 55 46 53 51 63 45 67 79 55 63 63 30 41 44 49 71 63 74 44 45 46 45 50 24 18 12 12 37 15 16 33 47 34 38 44 48 11 8 57 77 25 32 27 11 8 7 15 5 3 1 2 1 2 4 5 4 4 10 21 26 32 36 17 25 19 12 15 33 25 22 32 48 27 24 28 13 25 27 42 25 32 9 4 14 39 61
40 46 58 57 49 44 26 39 56 61 58 45 35 36 56 68 49 41 61 57 42 23 40 33 60 58 76 56 53 67 62 53 31 29 12 4 5 40 16 16 19 33 31 31 37 36 2 17 30 33 47 33 24 6 4 2 2 2 2 1 1 2 1 1 1 1 3 11 33 49 52 48 25 16 12 18 54 45 28 29 43 34 31 43 11 16 30 36 27 18 9 7 19 24 24 44
45 28 32 58 48 56 45 20 52 54 61 46 50 34 48 40 62 35 36 40 26 42 40 43 39 63 52 65 67 78 57 58 43 37 26 3 21 37 14 16 26 15 27 31 30 25 6 17 16 21 29 20 26 22 18 5 3 3 4 3 1 6 1 1 1 3 11 38 16 23 33 16 11 14 27 39 45 30 22 55 47 38 42 17 16 33 55 24 8 6 12 26 20 55 41 47
42 13 35 52 61 53 55 34 24 43 55 35 44 42 53 59 45 42 51 44 15 46 80 51 47 48 34 44 50 56 57 57 36 20 23 11 24 18 25 20 34 28 26 32 40 30 20 14 12 16 16 29 15 18 12 5 3 3 3 7 2 3 2 1 2 13 6 13 17 11 28 32 20 38 34 41 44 43 39 55 43 26 18 12 34 48 13 6 8 16 20 38 48 46 52 40
37 19 22 16 46 53 63 40 9 27 47 32 43 34 69 60 44 18 31 42 23 53 60 43 43 19 49 57 58 52 56 42 42 33 19 17 18 15 20 14 6 25 22 38 32 36 43 53 39 36 24 45 25 10 6 2 5 2 3 6 4 1 0 2 11 14 4 10 7 10 18 40 44 59 28 24 52 54 39 33 20 32 9 26 32 13 4 14 19 28 33 35 41 56 56 43
49 33 41 13 46 61 58 37 12 9 10 38 48 33 37 51 29 42 41 52 44 21 42 54 36 31 56 61 55 46 38 32 44 35 30 30 32 10 26 19 9 12 18 25 36 23 18 15 15 13 11 23 8 5 7 20 14 5 3 1 1 0 2 8 4 5 4 5 15 6 16 39 44 44 33 36 58 53 46 37 22 14 26 27 16 5 12 30 29 28 36 33 44 46 47 47
60 28 44 15 21 51 38 20 13 13 15 18 29 58 47 46 36 33 31 47 34 42 62 40 39 54 35 52 55 48 33 42 31 20 35 33 22 19 17 28 19 11 16 18 25 21 36 21 18 26 36 23 10 8 2 10 9 5 3 4 4 4 1 3 6 2 2 6 7 11 18 30 42 43 34 32 32 33 56 22 14 14 24 8 10 29 31 30 31 33 33 26 21 17 31 49
48 29 43 22 16 50 39 43 32 31 20 22 33 46 53 60 64 49 33 35 27 29 38 48 61 52 63 66 55 35 38 39 23 20 55 34 21 23 18 8 9 14 15 28 25 26 36 22 31 23 30 13 25 10 3 6 27 10 2 3 5 1 1 1 2 6 2 5 11 10 13 29 42 42 38 16 28 49 40 41 36 18 7 13 15 21 21 40 41 29 39 28 26 17 23 10
38 30 45 34 25 31 21 46 24 24 27 22 34 31 26 43 40 38 36 36 49 22 29 66 58 61 52 43 47 41 40 38 37 24 45 33 31 20 34 12 26 28 11 16 28 39 43 29 35 37 21 11 24 7 7 11 16 5 4 4 3 1 1 1 7 5 14 16 5 5 20 23 15 26 28 19 40 59 72 37 21 11 4 14 10 43 34 28 34 39 59 51 26 22 26 11
53 31 44 32 22 19 12 35 44 30 30 30 27 30 25 43 32 32 19 21 37 18 39 55 60 42 50 54 45 40 34 38 30 41 45 34 44 60 22 16 18 18 21 16 39 23 32 36 25 25 33 25 12 9 14 13 24 5 4 3 2 1 1 1 2 3 20 17 7 8 13 14 31 40 18 57 55 45 37 36 14 4 10 24 22 28 40 24 35 49 44 50 21 18 23 10
52 33 60 37 17 19 30 21 53 27 44 41 23 16 23 20 19 27 26 21 8 42 35 29 37 32 55 42 29 38 38 19 32 46 25 56 29 58 37 16 33 15 32 22 35 42 34 34 20 33 29 16 11 17 13 13 8 6 3 5 2 2 1 0 1 6 12 9 11 15 10 8 22 26 59 47 26 33 29 36 19 12 14 29 48 31 35 45 47 36 38 29 22 16 20 10
47 32 62 38 15 13 59 35 35 27 31 41 21 30 25 23 24 33 32 20 8 15 7 10 23 23 58 58 51 34 21 18 32 53 41 24 40 36 33 18 30 9 27 10 23 35 44 36 23 34 21 30 12 12 22 17 16 5 5 8 2 0 0 1 1 2 3 12 22 12 12 22 39 56 45 21 20 58 37 22 19 14 29 19 44 45 28 39 37 34 30 18 44 20 15 7
60 29 51 23 14 21 33 34 27 55 51 32 33 23 24 24 36 31 25 24 6 11 12 33 43 46 45 42 41 29 16 19 49 35 41 32 56 29 22 21 31 9 26 19 21 29 54 34 23 34 33 30 13 5 18 15 9 3 4 3 4 1 1 1 2 1 2 11 8 10 12 27 28 23 24 21 24 43 28 8 8 19 39 38 41 39 15 29 52 47 26 17 37 10 14 11
61 34 50 22 14 22 23 58 32 52 67 55 26 18 15 29 49 32 8 16 3 15 14 29 19 24 20 38 19 15 29 21 69 46 47 44 44 22 15 40 20 15 17 46 49 33 34 31 43 33 26 23 21 14 13 8 12 7 4 1 1 1 1 2 1 2 2 3 11 10 13 9 19 16 33 28 38 41 36 11 8 34 40 42 38 37 14 24 38 38 15 16 15 18 20 18
73 61 19 36 17 18 38 54 38 31 52 45 56 13 33 56 34 31 16 15 10 7 14 10 12 16 45 23 31 28 28 41 10 24 13 30 25 16 10 39 17 14 4 20 68 36 26 39 39 29 27 21 17 10 24 24 18 10 3 2 1 1 2 1 1 2 2 4 12 4 13 16 25 18 32 44 22 39 30 16 15 42 28 25 32 22 27 27 20 26 36 17 13 28 21 15
59 25 21 32 18 16 55 50 54 26 18 36 60 9 20 17 16 27 14 19 4 3 13 25 28 23 20 35 33 20 49 20 33 20 37 31 20 25 13 29 12 25 11 15 46 53 33 33 42 39 30 27 16 17 11 7 11 4 4 4 1 1 1 1 1 2 2 4 7 12 25 37 39 32 41 59 9 48 25 22 22 23 30 16 21 16 31 42 26 17 30 19 16 18 23 19
57 29 12 36 27 26 41 10 31 47 12 21 51 30 9 17 17 16 9 11 9 17 40 18 21 18 29 48 27 33 26 36 49 65 41 29 52 19 29 35 14 14 17 22 33 36 27 59 35 30 22 26 29 18 5 7 12 7 4 3 2 1 1 1 1 1 2 3 5 10 17 22 37 50 35 13 26 47 37 15 13 20 37 14 24 30 35 22 32 22 12 24 27 19 12 15
59 13 24 35 21 23 32 7 9 10 25 46 21 34 11 15 8 9 4 13 10 8 9 19 15 17 18 27 33 38 21 31 46 30 19 47 21 14 42 20 28 33 25 25 32 34 28 27 40 17 13 10 23 24 8 6 5 3 3 4 2 1 1 0 0 1 3 4 6 16 13 28 31 16 29 22 35 23 14 7 10 33 29 32 19 25 28 21 17 24 24 14 11 23 7 7
64 14 22 41 20 40 35 18 6 10 25 40 53 44 14 10 14 16 14 3 4 5 14 26 11 8 23 50 26 21 16 46 17 28 55 11 17 22 33 16 32 29 21 45 45 48 39 22 26 24 12 12 22 22 15 9 4 2 1 1 1 3 1 0 0 2 3 7 6 17 21 41 31 20 5 23 40 10 14 13 17 25 33 27 16 24 19 19 9 28 16 34 15 7 4 3
44 17 22 49 14 34 49 31 13 12 9 31 19 29 33 7 10 8 6 12 10 7 7 7 3 10 33 39 41 11 49 10 13 44 33 16 27 32 43 27 8 39 36 43 57 47 34 13 20 41 29 9 5 10 12 13 3 3 1 1 0 1 2 1 1 9 22 8 4 7 29 41 28 16 7 31 29 19 15 12 15 23 25 27 26 15 8 21 14 25 19 7 19 5 6 9
41 17 18 41 13 33 40 11 10 15 19 23 12 16 19 14 4 6 10 2 3 2 4 3 5 11 63 22 28 12 43 27 10 53 25 14 28 57 37 24 14 36 41 49 23 45 27 24 13 12 17 21 8 5 6 12 5 3 1 1 0 1 1 1 7 9 11 17 21 27 36 39 27 6 11 31 19 9 9 14 17 14 31 11 15 13 8 10 15 9 19 6 6 16 12 8
65 24 45 24 9 46 20 10 14 11 29 10 26 13 7 8 3 2 3 2 9 18 5 2 4 9 31 17 8 36 20 16 38 35 30 12 23 58 58 29 14 28 29 51 47 38 18 21 19 8 7 7 12 8 3 1 4 1 2 1 2 2 2 16 30 37 47 47 45 65 43 42 24 4 35 47 11 9 10 17 14 17 28 13 25 23 5 9 13 8 9 4 5 4 5 9
63 46 6 9 8 31 10 12 23 24 20 18 18 16 4 6 3 1 4 5 7 5 2 5 3 17 17 8 25 8 16 41 35 18 20 28 42 66 53 22 20 35 30 38 31 21 33 32 16 16 13 5 9 9 5 2 2 2 1 1 2 2 5 7 7 5 31 46 56 68 70 45 6 22 37 50 17 2 8 31 14 31 14 21 13 31 4 14 15 8 10 3 17 4 8 3
53 10 7 12 12 17 3 11 15 23 9 24 30 12 6 3 4 1 2 1 5 5 1 3 3 23 3 21 26 6 40 41 14 11 33 27 13 66 49 10 17 23 22 30 36 27 20 20 12 8 10 4 3 7 3 2 1 1 1 1 3 4 10 9 15 12 35 66 73 60 53 6 14 27 44 53 36 7 18 21 15 16 15 19 19 23 3 5 14 10 14 6 6 4 3 4
