sesion_6_simulaciones/modelos_agentes/ejemplos_netlogo/scenarios/cgcm2_b2/rob_2076.asc
NCOLS 322 
NROWS 307 
XLLCORNER 451900 
YLLCORNER 4086900 
CELLSIZE 100 
NODATA_value -9999 
[rows 219 to 291 of 307, columns 96 to 191 of 322]
3 1 1 0 0 0 0 0 0 0 0 0 0 0 0 0 0 0 0 0 0 0 0 0 0 0 0 0 0 0 0 0 0 0 1 0 0 0 0 0 1 1 2 3 4 4 5 12 16 20 41 29 47 46 44 61 43 56 44 52 67 65 40 40 60 61 58 32 64 52 29 13 21 42 43 37 71 28 60 35 55 63 46 70 90 30 45 39 37 45 51 41 34 14 9 8
3 1 0 0 0 0 0 0 0 0 0 0 0 0 0 0 0 0 0 0 0 0 0 0 0 1 0 0 0 0 0 0 0 1 1 0 0 0 0 0 0 1 1 2 2 4 8 13 13 24 21 27 34 42 52 59 69 58 51 42 59 67 29 60 68 54 47 60 49 53 31 23 24 19 37 32 36 54 45 43 65 37 50 34 61 77 57 73 66 64 70 57 52 31 33 35
3 1 1 0 0 0 0 0 0 0 0 0 0 0 0 0 0 0 0 0 0 0 0 0 0 1 2 1 0 0 0 1 0 2 0 0 0 0 0 0 0 0 1 1 2 3 7 11 11 14 18 24 45 56 54 43 50 52 46 63 72 77 61 67 43 56 67 62 45 47 34 24 21 27 29 43 32 19 42 46 24 27 54 32 11 54 87 69 73 74 55 51 36 32 13 8
1 1 1 0 0 0 0 0 0 0 0 0 0 0 0 0 0 0 0 0 0 0 0 0 0 0 1 2 1 0 0 1 1 2 0 0 0 0 0 0 0 0 0 1 2 3 6 14 20 26 30 33 38 45 45 49 54 63 78 77 79 83 58 75 41 59 46 43 47 41 29 30 21 24 38 39 43 20 20 14 46 36 33 27 29 16 39 53 64 41 32 34 20 13 14 8
1 0 0 0 0 0 0 0 0 0 0 0 0 0 0 0 0 0 0 0 0 0 0 0 0 0 0 1 4 1 1 2 3 1 0 0 0 0 0 0 0 0 1 1 1 2 4 8 14 17 24 20 27 37 50 70 74 52 33 42 43 45 41 46 75 28 32 30 54 44 34 50 21 24 43 34 39 17 39 44 44 79 46 38 32 33 22 23 52 76 58 52 45 24 15 13
0 0 0 0 0 0 0 0 0 0 0 0 0 0 0 0 0 0 0 0 0 0 0 0 1 0 0 1 3 2 2 3 1 1 0 0 0 0 0 0 0 0 1 1 1 2 3 5 10 16 17 24 42 29 49 66 39 35 35 35 13 40 41 31 32 51 16 49 50 39 56 48 14 19 24 35 27 24 33 48 36 25 58 52 34 36 41 22 18 53 81 63 53 33 30 21
0 0 0 0 0 0 0 0 0 0 0 0 0 0 0 0 0 0 0 0 1 0 0 0 1 1 0 1 3 8 5 1 0 0 0 0 0 0 0 0 0 0 1 1 1 2 3 3 8 12 15 19 38 38 22 21 27 27 25 21 47 65 34 45 48 83 68 43 50 49 60 50 32 28 35 47 33 31 45 57 47 24 10 23 64 61 39 36 30 24 59 58 46 37 22 14
1 0 0 0 0 0 0 0 0 0 0 0 0 0 0 0 0 0 0 1 2 1 1 0 1 2 3 2 5 5 1 1 0 0 0 0 0 0 0 0 0 0 0 0 1 2 3 6 8 9 19 28 30 27 29 30 44 36 28 41 19 29 53 53 50 86 60 61 20 56 45 50 33 26 40 52 43 26 43 73 41 34 52 37 35 20 25 40 36 40 22 30 33 22 11 13
0 0 0 0 0 0 0 0 0 0 0 0 0 0 0 0 0 0 0 0 0 2 1 1 1 1 6 7 5 3 1 0 0 0 0 0 0 0 0 0 0 0 1 1 1 2 3 4 6 8 13 14 12 20 22 31 52 47 45 23 26 39 38 48 72 51 54 61 74 44 36 49 49 12 16 30 31 45 60 30 74 59 76 54 72 41 57 43 31 20 20 32 23 15 8 4
0 0 0 0 0 0 0 0 0 0 0 0 0 0 0 0 0 0 0 0 0 1 2 4 1 2 5 10 5 1 1 1 1 0 0 0 0 0 0 0 0 0 0 1 1 2 2 3 8 9 15 16 21 25 22 36 47 71 42 38 27 50 62 79 53 44 51 48 35 44 51 32 26 10 16 29 44 38 76 57 28 22 42 64 46 52 43 42 26 26 21 14 11 12 11 11
0 0 0 0 0 0 0 0 0 0 0 0 0 0 0 0 0 1 1 0 1 0 1 3 2 2 4 18 7 3 5 3 1 1 1 0 0 0 0 0 0 0 0 1 1 1 1 2 6 8 11 12 17 14 34 40 28 28 23 40 27 24 30 44 26 15 28 40 25 36 13 35 26 16 31 17 19 48 31 40 34 27 30 38 26 28 40 46 25 25 11 7 9 6 6 6
0 0 0 0 0 0 0 0 0 0 0 0 0 0 0 0 0 0 1 1 3 2 1 1 7 2 2 9 17 18 5 3 1 1 0 0 0 0 0 0 1 1 0 1 1 2 2 2 3 4 5 7 10 16 26 15 18 19 22 22 27 26 31 35 35 47 49 58 46 45 49 45 30 11 23 31 13 37 37 45 48 45 37 62 40 19 26 17 15 19 9 5 4 6 5 3
0 0 0 0 0 0 0 0 0 0 0 0 0 0 0 0 0 0 1 2 2 3 3 3 3 4 3 5 19 13 5 2 1 1 0 0 0 0 0 1 1 1 2 1 1 2 2 3 4 5 7 8 10 11 7 10 8 9 9 10 10 10 11 36 44 44 25 44 44 39 31 28 29 14 15 28 38 34 38 65 49 51 51 52 42 32 18 17 13 14 11 7 4 3 4 2
0 0 0 0 0 0 0 0 0 0 0 0 0 0 0 0 0 1 1 2 2 2 1 3 11 6 4 4 14 13 7 4 1 1 0 0 0 0 0 0 1 1 2 4 2 3 2 5 9 13 19 16 8 7 7 9 8 11 20 23 17 26 22 17 15 18 23 24 29 38 49 52 53 12 24 17 48 42 51 33 34 49 53 43 41 59 43 24 16 9 6 4 5 2 2 1
0 0 0 0 0 0 0 0 0 0 0 0 0 0 0 0 0 1 1 2 3 5 1 3 4 9 9 12 22 16 10 5 1 0 0 0 0 0 1 0 1 2 2 2 4 7 5 3 6 13 21 31 21 10 14 17 31 32 37 51 43 39 34 24 34 51 32 29 21 41 58 59 56 46 28 49 65 32 59 35 63 60 45 61 45 37 41 38 40 14 6 4 3 2 1 1
1 0 0 0 0 0 0 0 0 0 0 0 0 0 0 0 0 1 1 1 3 3 2 1 4 6 23 18 10 8 4 3 1 0 0 0 0 0 1 1 1 2 2 3 4 5 6 16 7 11 17 19 20 29 24 34 36 42 60 51 36 37 46 34 25 18 34 39 21 29 16 14 14 10 40 11 32 70 44 35 14 31 66 64 41 40 55 29 30 12 13 6 2 2 1 1
1 1 1 0 0 0 0 0 0 0 0 0 0 0 0 0 0 0 0 2 4 4 5 2 3 7 10 23 8 3 2 1 0 0 0 0 0 1 1 1 2 2 3 3 6 8 9 13 18 14 20 21 29 50 28 33 42 44 45 52 49 61 56 54 38 22 37 37 48 31 37 28 27 21 58 22 15 21 25 24 16 7 63 73 53 53 59 57 29 24 19 12 7 8 2 1
1 1 1 0 0 0 0 0 0 0 0 0 1 0 0 0 0 0 0 1 2 4 13 5 2 9 9 26 10 5 1 0 0 0 0 0 1 1 1 2 2 3 3 5 8 10 22 17 22 37 30 42 38 40 40 35 39 43 67 55 62 53 46 61 57 35 26 32 34 25 61 29 18 29 31 43 34 53 48 37 36 24 16 54 56 57 67 51 25 16 7 7 6 2 1 1
5 2 0 0 0 0 0 0 0 0 0 1 1 1 0 0 1 1 0 1 3 5 5 10 2 5 8 16 10 6 3 2 1 0 0 1 1 1 2 2 2 3 4 8 14 15 36 30 22 17 47 65 72 47 45 22 37 40 61 47 71 55 46 43 42 35 21 31 23 56 20 22 18 23 27 15 25 30 33 30 27 24 28 26 46 32 16 31 28 12 9 3 2 2 2 1
2 1 0 0 0 0 0 0 0 0 0 0 1 1 1 1 0 1 1 1 3 4 8 13 6 8 14 24 14 8 6 2 1 0 0 1 1 1 1 2 3 4 5 15 17 27 35 39 40 31 34 54 59 58 44 23 35 44 31 53 68 62 21 67 22 37 35 27 23 41 21 13 14 35 38 28 38 47 58 46 60 32 33 27 23 14 24 19 12 13 5 3 2 2 1 1
1 0 0 0 0 0 0 0 0 1 0 0 1 2 3 1 0 1 2 5 5 2 11 26 15 13 22 22 13 14 7 2 1 0 0 1 1 1 1 2 4 5 8 13 19 31 37 42 45 50 40 54 68 64 53 24 36 49 50 45 54 57 19 43 44 38 47 21 30 27 13 22 29 30 22 19 22 34 40 21 39 50 53 29 31 18 13 14 9 4 3 4 4 2 2 1
0 0 0 0 0 0 0 0 0 1 1 1 1 3 4 2 1 2 2 12 10 3 9 25 22 8 6 47 31 11 7 3 1 0 0 1 2 2 2 4 6 11 9 16 27 26 42 48 52 63 45 62 68 52 57 21 33 40 45 53 47 43 42 43 50 45 37 33 27 15 21 24 29 27 26 22 22 40 34 29 33 30 60 56 34 38 29 12 5 4 2 2 2 2 1 1
0 0 0 0 0 0 0 0 1 1 2 2 1 3 6 6 2 1 3 7 12 7 10 22 37 11 14 51 19 16 12 5 2 0 0 2 2 1 5 4 8 14 13 21 23 28 55 53 58 61 62 55 46 55 80 41 22 44 59 42 32 26 23 47 43 39 34 44 29 13 16 18 28 30 38 35 42 67 54 49 40 39 43 40 40 46 25 18 12 7 3 3 3 1 1 0
0 0 0 0 0 0 0 1 1 1 2 2 2 4 8 9 2 1 9 8 10 16 13 29 48 50 42 48 34 23 11 4 1 0 1 2 2 3 4 9 7 15 23 20 17 26 47 60 64 59 64 68 62 59 80 56 51 19 37 66 45 40 27 24 20 44 41 37 15 12 12 32 27 22 26 32 39 73 59 47 58 29 27 25 27 24 31 24 8 5 5 3 2 1 1 0
0 0 0 0 0 0 1 1 1 2 3 6 5 6 7 14 4 2 7 10 12 20 20 34 54 69 38 51 21 15 12 3 1 1 1 1 2 9 5 6 14 12 23 23 27 44 51 47 63 67 65 65 73 81 82 76 32 17 44 54 60 38 27 28 28 20 13 14 11 11 39 26 15 41 20 27 22 45 40 46 36 43 59 36 20 15 9 8 9 6 4 2 2 1 1 0
1 0 0 0 0 0 1 1 3 4 5 5 10 5 12 19 7 7 5 20 28 26 22 39 56 44 28 17 10 9 4 2 0 0 1 1 3 7 10 6 10 21 9 42 29 37 52 45 50 75 70 49 72 76 74 77 63 25 20 23 38 49 36 28 19 11 4 2 6 13 51 26 28 37 86 72 51 49 45 51 60 62 43 49 37 33 18 14 11 6 3 1 1 1 0 0
1 0 0 0 1 0 1 2 2 4 7 8 14 6 15 21 10 19 7 14 40 36 52 36 61 41 20 15 8 5 4 1 0 0 2 1 2 4 9 11 19 14 15 21 53 35 37 52 65 78 72 62 53 52 59 78 76 28 22 28 35 27 26 20 11 14 8 4 21 29 13 34 58 66 66 76 59 68 54 66 70 55 37 18 23 17 20 16 6 5 3 1 1 0 0 0
0 0 0 1 1 1 2 3 3 3 8 10 23 13 21 31 13 21 30 14 22 39 28 72 47 47 15 10 8 3 1 1 1 1 2 3 3 2 3 3 6 14 25 50 34 41 57 60 55 63 73 74 45 44 35 37 67 55 33 17 22 16 10 6 5 2 5 15 14 27 19 12 22 52 22 54 83 81 73 71 74 50 32 27 22 8 7 6 7 5 1 1 1 0 0 0
0 0 0 2 3 1 2 3 5 6 9 12 19 29 18 38 17 17 37 34 34 53 33 60 62 25 9 6 2 1 2 3 3 1 3 3 4 3 3 9 9 12 23 39 62 44 38 53 51 67 63 64 60 53 36 38 32 55 38 18 20 15 17 11 14 5 4 18 15 23 25 31 38 27 25 25 52 61 70 52 33 30 26 24 13 9 7 5 2 1 1 0 0 0 1 0
0 0 1 2 3 2 2 4 3 7 11 17 21 28 31 56 23 21 42 46 44 60 81 53 31 28 18 8 5 3 5 4 3 2 1 4 3 6 8 8 12 18 23 35 42 64 46 44 55 59 62 53 64 58 44 29 19 37 28 21 11 13 12 13 13 8 5 21 15 17 29 32 71 51 45 35 25 16 44 51 43 19 15 12 14 8 3 1 1 0 0 0 1 1 1 1
1 0 1 3 3 4 2 6 4 8 23 20 20 23 60 57 28 31 35 49 48 66 78 28 44 32 12 11 13 11 14 13 5 4 2 4 4 7 14 7 14 28 39 44 38 54 44 68 53 63 64 80 52 32 32 27 38 11 8 43 14 9 25 16 8 6 16 39 18 18 21 58 78 57 44 35 34 35 27 34 37 23 13 13 12 8 3 2 1 1 0 0 1 1 1 1
1 0 1 4 5 4 3 9 10 12 28 22 41 38 43 55 64 47 55 42 60 56 84 71 41 21 21 23 17 25 22 18 7 3 2 1 7 13 7 17 22 26 48 59 68 53 68 29 17 27 64 27 47 37 44 26 9 5 7 9 15 4 11 8 4 7 27 13 15 17 13 17 12 27 40 31 34 36 27 23 23 13 17 15 15 12 7 8 3 1 0 1 2 2 3 2
1 1 1 4 6 10 3 11 16 16 16 28 21 51 55 33 31 70 52 53 48 69 74 50 38 32 31 32 35 53 22 10 4 5 5 2 4 6 22 21 26 34 40 66 49 68 57 51 37 52 53 12 59 64 48 18 25 15 13 5 28 3 8 5 3 5 8 37 23 11 25 55 43 51 48 41 35 39 39 42 30 26 21 19 14 18 15 3 3 1 1 2 2 2 3 1
0 2 2 5 9 12 6 6 11 23 30 38 22 21 40 67 35 26 74 72 45 67 76 54 58 31 55 71 49 23 13 11 9 6 3 1 3 3 10 17 23 50 57 45 33 51 48 63 64 63 45 35 52 68 59 54 33 10 9 7 19 5 5 5 2 6 14 9 6 8 23 33 35 41 51 54 37 36 25 31 15 11 14 31 27 20 8 4 1 1 2 2 3 5 4 1
1 3 5 7 10 10 13 11 14 10 18 42 18 17 38 57 62 55 18 40 50 70 54 49 41 65 44 25 27 15 17 17 11 4 5 2 5 8 13 15 12 31 37 28 39 46 51 44 62 60 57 47 68 63 48 36 14 22 5 6 6 10 2 4 6 6 2 14 20 24 21 35 49 47 45 53 35 30 23 31 40 29 40 29 22 12 12 4 2 3 3 3 7 6 5 3
2 4 6 7 10 19 16 27 22 19 14 27 55 21 47 44 51 68 50 25 38 71 30 54 79 39 34 35 32 32 22 9 4 6 7 4 6 11 15 15 20 34 31 22 43 52 28 26 54 50 26 20 34 30 36 12 18 9 18 3 5 6 5 3 19 25 8 28 36 21 45 43 58 62 64 64 48 35 40 40 45 36 44 25 21 18 6 3 2 4 4 5 8 13 3 2
3 6 7 4 7 27 35 28 26 23 41 28 37 63 38 43 54 27 71 43 42 40 79 63 49 54 54 52 45 37 19 8 5 6 12 5 6 13 23 30 31 39 49 45 46 31 37 44 30 31 27 23 24 25 21 22 15 10 9 12 2 1 4 15 16 7 14 18 35 27 50 39 45 61 68 52 43 52 42 43 46 44 29 31 19 9 3 3 5 5 9 9 12 11 5 2
5 10 9 7 10 23 26 41 48 27 39 48 47 51 67 42 58 34 29 58 31 34 71 71 64 55 49 50 47 24 20 15 11 4 9 3 5 8 18 36 41 46 31 47 40 50 38 37 40 46 33 22 23 25 27 22 10 7 6 9 4 2 5 3 4 18 23 23 13 24 40 39 51 41 48 71 43 43 24 22 25 25 38 26 16 9 5 4 6 6 10 7 23 8 6 4
5 7 13 10 12 16 26 29 33 45 56 50 49 53 73 70 36 29 37 34 63 66 72 61 65 69 62 56 49 35 22 17 13 6 14 4 4 11 20 34 40 57 53 54 53 52 47 58 36 37 36 27 18 23 20 28 20 6 2 2 3 3 4 3 6 2 2 2 5 35 24 30 46 45 48 37 30 15 13 32 44 39 16 25 29 16 6 9 7 11 9 8 26 9 7 6
6 13 19 19 22 17 19 36 43 44 63 64 63 55 66 69 51 51 39 43 38 67 68 66 48 60 56 55 36 43 34 23 17 13 17 2 12 18 24 24 18 51 62 60 52 58 60 47 39 55 55 50 17 20 27 20 8 7 3 1 1 2 7 3 4 6 10 15 14 18 21 23 27 26 43 17 21 24 17 54 46 21 32 28 26 29 13 17 16 9 9 5 17 10 8 7
9 13 37 23 26 27 25 41 50 49 50 64 61 58 75 54 58 65 49 40 40 58 54 50 47 56 58 53 49 31 28 26 30 23 6 2 11 26 35 42 34 51 66 52 52 58 44 33 46 67 55 47 43 26 27 16 9 7 3 3 3 2 5 3 8 13 28 29 19 28 28 38 28 20 17 23 41 50 30 49 46 43 31 26 20 20 26 21 10 12 10 4 12 18 3 4
12 8 28 39 29 31 28 45 53 52 49 52 65 72 71 66 56 69 50 33 44 79 56 71 51 56 62 64 51 35 43 39 28 15 8 5 6 21 46 61 55 58 49 65 50 54 44 35 44 32 26 25 34 37 15 8 7 5 3 4 4 2 3 5 10 18 23 20 33 16 28 18 12 16 19 50 43 54 61 20 39 37 42 41 27 20 40 28 13 15 8 10 17 13 5 8
13 12 23 48 48 36 43 51 51 54 58 48 61 71 70 57 53 40 52 33 43 67 62 73 58 55 53 48 51 39 55 33 23 15 15 9 12 24 36 50 72 73 67 53 64 34 34 48 35 24 23 27 24 20 51 16 5 5 4 4 3 3 5 3 5 7 27 31 17 10 12 19 20 34 31 55 52 58 40 47 41 24 45 36 27 35 37 20 26 13 7 10 29 11 7 11
20 43 35 41 52 38 34 52 54 51 62 49 27 38 73 75 67 47 42 58 42 78 79 48 58 65 41 46 40 51 42 40 30 12 15 10 14 37 38 47 46 61 56 68 55 54 30 48 52 23 35 40 32 31 25 9 9 4 4 2 1 3 5 5 7 9 32 7 14 5 16 32 51 24 36 57 37 39 54 46 15 22 43 46 48 37 27 17 23 17 9 12 23 21 15 14
23 31 51 56 55 41 40 54 51 49 50 57 48 49 54 69 62 29 37 62 39 76 62 62 60 46 26 49 40 47 57 43 43 23 17 12 16 40 39 53 68 54 39 64 36 50 45 33 45 42 57 44 40 25 19 8 8 2 3 3 1 2 12 8 3 19 8 8 27 23 44 34 30 46 38 24 38 63 34 17 14 42 58 45 45 47 25 18 14 15 23 15 13 34 19 17
37 48 48 57 56 46 53 52 54 50 33 50 49 60 55 59 59 61 69 73 65 68 54 57 51 59 51 50 62 38 54 57 42 29 33 11 16 38 61 54 59 54 56 53 49 39 54 20 36 35 44 36 30 17 18 11 15 5 4 2 2 4 1 5 4 11 8 18 22 20 19 33 54 65 38 30 61 50 44 32 33 41 16 23 44 50 24 21 17 25 25 16 13 53 23 31
39 47 43 47 18 37 64 44 56 57 46 44 58 62 49 60 47 70 63 74 64 58 67 48 46 56 72 67 40 53 47 53 51 30 27 12 15 44 44 55 54 44 63 60 58 39 23 62 31 60 33 34 17 29 16 21 7 7 4 1 1 5 10 10 2 5 11 23 31 15 14 39 68 58 33 57 48 32 36 77 62 27 33 48 33 26 30 13 19 27 28 20 29 60 47 38
40 33 19 12 11 21 62 44 29 36 44 32 37 57 72 68 35 35 67 55 64 61 68 65 27 55 72 48 43 52 37 61 58 49 22 5 13 34 40 57 49 46 54 62 66 55 27 19 7 9 41 40 12 22 15 23 10 5 2 1 2 6 4 11 7 6 11 9 24 18 23 54 61 31 39 60 52 10 49 47 33 48 63 52 37 30 27 10 29 30 32 22 43 80 54 32
45 46 35 36 35 27 38 60 23 27 22 45 38 46 68 58 70 34 47 66 64 72 73 75 55 33 55 60 53 36 63 52 51 42 23 10 10 21 44 62 29 49 66 63 59 40 35 33 29 26 21 22 37 13 4 4 4 2 3 1 2 2 1 3 6 4 7 4 7 12 39 32 40 52 34 35 21 22 40 34 38 58 56 39 30 13 10 9 22 29 33 28 48 66 51 19
58 45 50 47 31 37 32 35 42 40 32 63 42 46 40 46 64 67 61 75 74 64 71 56 24 39 51 45 43 51 63 56 33 33 38 20 16 12 30 42 13 28 36 35 38 31 29 22 57 46 28 21 15 9 7 3 2 11 1 0 0 2 3 2 8 10 5 3 18 27 11 23 14 29 28 30 10 49 41 61 39 37 26 27 28 17 12 23 24 37 35 44 49 67 22 18
40 41 48 43 47 32 26 44 63 62 27 28 53 51 26 26 23 41 65 66 35 37 41 42 51 16 49 59 34 66 51 48 46 34 41 20 29 11 24 44 48 23 31 36 21 27 11 6 14 25 13 39 31 15 6 1 0 0 1 1 0 1 1 4 5 10 3 16 17 11 16 17 22 27 11 20 45 54 67 35 35 36 39 45 27 16 13 27 37 38 37 29 60 69 53 18
41 60 48 48 48 46 35 49 64 49 48 32 23 41 50 29 48 35 24 55 31 46 61 55 44 33 50 33 34 64 52 55 40 21 36 19 24 17 10 29 33 56 45 29 24 31 29 13 20 29 33 31 13 13 9 4 2 1 1 0 0 1 2 2 3 3 8 16 22 25 15 17 13 9 34 40 33 48 49 33 28 35 39 32 25 22 17 35 42 30 40 39 23 44 57 25
47 47 46 37 47 62 34 46 49 55 47 41 50 34 20 50 45 31 37 53 61 24 21 34 31 55 49 65 36 40 57 44 34 53 29 17 22 32 13 34 44 54 60 24 27 48 28 11 23 30 13 21 10 12 10 3 3 2 1 1 1 1 0 2 3 4 10 4 4 5 12 8 25 43 22 26 26 25 27 25 17 26 30 35 32 21 17 27 46 30 43 32 37 35 43 30
41 43 61 45 55 63 26 40 52 58 53 44 51 48 60 42 62 74 44 50 56 24 36 39 45 68 60 73 42 45 47 48 55 29 22 15 17 45 19 21 36 49 33 35 41 42 9 7 52 71 18 22 16 6 4 4 8 2 1 0 1 0 1 2 2 2 2 4 11 17 22 28 13 21 16 11 13 31 23 21 32 50 28 27 33 17 29 30 47 27 32 11 5 15 43 62
42 49 60 58 50 45 26 39 54 59 56 42 32 34 53 63 44 33 48 45 34 18 34 28 54 53 73 53 51 66 62 55 36 35 15 6 6 47 20 20 23 33 31 30 34 32 2 15 25 27 37 22 14 3 2 1 1 1 1 0 0 1 0 0 0 0 1 4 18 33 37 38 20 13 10 15 48 43 25 28 42 34 33 47 13 19 33 38 32 21 10 8 21 25 24 45
48 30 33 58 48 56 44 20 50 51 59 43 46 30 44 36 54 27 25 27 18 34 33 36 33 57 47 61 65 77 56 59 46 42 31 4 27 43 18 20 30 16 27 29 27 22 5 15 13 17 21 13 15 12 9 2 1 1 1 1 0 2 0 0 0 1 4 20 7 12 21 11 8 11 22 32 41 27 20 51 45 38 44 19 18 36 56 27 10 8 13 28 20 55 39 46
43 14 38 53 61 52 54 33 23 40 51 31 40 38 48 54 38 30 38 30 9 35 73 44 41 42 29 41 47 54 57 58 39 24 27 15 28 21 29 22 37 30 26 32 37 27 17 12 10 13 12 19 8 9 6 2 1 1 1 3 1 1 1 0 1 5 2 6 8 5 16 24 15 31 28 34 40 40 36 52 41 26 18 12 35 50 15 7 9 18 21 38 48 44 48 35
39 20 22 16 46 52 62 38 8 25 43 29 38 30 65 53 34 11 21 27 13 39 50 35 36 15 44 54 55 50 56 42 45 37 22 20 22 18 23 16 7 27 23 39 30 33 38 48 33 30 17 34 15 5 3 1 2 1 1 2 2 0 0 1 5 6 2 4 3 5 9 27 34 51 22 20 47 51 35 30 19 31 9 27 34 14 4 16 20 30 34 34 40 54 53 38
50 33 41 13 45 60 56 36 11 8 9 36 43 29 33 43 20 30 28 35 32 14 31 44 29 25 50 57 52 43 37 32 46 36 32 33 36 12 28 21 10 13 18 25 35 21 16 12 12 10 8 16 5 3 3 10 6 2 1 0 0 0 1 3 1 2 2 2 7 3 8 26 32 33 27 31 54 49 43 35 21 13 28 29 18 5 13 31 28 28 35 30 41 44 43 42
60 28 43 14 21 49 36 18 12 12 14 16 26 52 40 38 26 23 19 32 20 30 50 31 30 47 30 48 52 46 32 42 32 21 36 34 24 21 19 29 19 12 17 17 23 19 33 17 15 21 29 16 6 4 1 5 4 2 1 2 1 2 0 1 2 1 1 3 3 5 9 19 31 34 28 26 28 29 53 20 14 14 24 9 11 31 30 30 30 30 30 24 18 15 28 44
47 27 42 21 16 48 36 41 30 28 17 20 30 42 46 51 51 35 20 20 14 17 27 37 50 42 57 63 52 32 37 39 23 19 55 35 22 24 19 9 9 14 16 27 23 24 34 19 26 19 23 9 16 6 2 3 14 4 1 1 2 0 0 0 1 2 1 2 5 5 6 16 29 33 30 13 24 44 37 41 35 19 8 13 15 20 20 39 38 27 36 25 22 14 20 8
37 28 43 32 24 29 19 42 22 21 24 19 30 26 21 35 27 26 20 22 33 11 16 51 45 52 46 39 44 37 38 36 36 23 44 33 31 20 35 13 27 28 11 15 26 36 40 26 31 31 16 7 16 4 3 5 8 2 2 1 1 0 0 0 3 2 6 7 2 2 10 13 9 19 22 16 35 55 72 36 20 11 4 14 10 42 33 26 31 34 55 47 21 18 22 9
51 28 41 30 20 18 11 32 41 27 27 26 22 25 20 34 22 20 10 10 20 9 24 37 47 33 43 49 41 37 32 36 27 40 43 33 42 60 22 15 18 18 20 16 38 20 29 34 21 20 26 19 8 5 7 6 12 2 2 1 1 0 0 0 1 1 8 8 3 3 6 7 20 31 13 50 50 43 34 36 14 4 11 23 22 27 37 21 31 45 39 45 17 14 19 8
50 30 56 34 15 17 27 19 49 23 39 36 19 13 19 14 13 18 14 10 3 23 19 16 26 24 48 37 27 34 36 16 29 45 23 54 27 57 37 16 32 14 31 21 35 38 31 30 16 28 21 11 7 11 7 6 3 3 1 2 1 1 0 0 0 2 5 4 5 7 4 4 13 18 50 41 23 32 28 35 19 12 13 28 46 29 33 41 43 31 34 23 18 13 16 7
44 29 59 35 13 11 55 31 31 23 26 35 17 24 19 16 16 20 18 9 4 8 3 5 14 17 50 52 46 30 19 15 29 49 38 23 37 35 33 17 30 8 25 10 22 33 40 33 19 28 15 20 7 6 12 8 7 2 2 3 1 0 0 0 0 1 1 5 10 5 5 11 25 44 35 17 17 55 34 21 19 14 27 18 41 41 24 34 33 29 25 14 39 15 11 5
57 26 48 21 12 18 30 30 24 49 45 27 25 17 17 16 24 18 14 13 2 5 6 20 30 36 37 36 36 25 14 16 45 33 39 29 52 27 21 20 30 9 26 18 19 27 51 29 19 27 25 21 8 3 9 7 4 1 2 1 2 0 0 0 1 0 1 4 3 4 5 15 17 15 19 17 21 41 28 7 8 18 37 35 38 35 12 26 46 41 22 13 30 7 10 8
58 30 46 20 12 19 21 53 27 46 61 46 20 12 10 20 33 17 4 8 2 7 8 16 11 16 15 31 16 12 25 18 66 42 43 41 41 20 14 37 19 14 15 43 47 29 30 26 37 26 19 16 12 7 7 4 5 3 2 1 0 0 0 1 1 1 1 1 5 4 6 4 12 11 27 23 36 38 34 10 7 32 37 36 34 33 12 20 32 31 11 11 11 13 14 12
71 59 16 33 15 15 34 50 32 27 44 37 47 9 22 42 20 16 7 7 4 3 7 6 7 10 36 18 25 23 24 38 9 21 11 27 22 14 9 37 15 13 3 19 65 32 22 33 32 21 19 13 11 5 13 11 8 4 1 1 0 0 1 0 0 1 1 2 5 2 6 8 16 13 25 40 20 37 28 14 13 39 25 21 26 19 23 23 16 19 28 13 9 20 14 9
54 22 18 28 15 14 50 44 47 21 14 27 49 6 12 9 8 15 7 9 1 1 7 14 17 16 14 28 26 16 44 17 29 17 33 27 18 22 12 27 11 23 11 15 44 49 28 27 33 29 20 16 8 10 5 3 5 2 2 1 0 0 1 0 1 1 1 2 3 5 14 22 27 24 37 57 7 44 21 20 20 20 25 13 17 13 26 35 21 12 22 13 10 11 14 11
52 24 10 30 23 23 37 9 25 40 9 14 37 19 5 10 8 7 4 6 4 9 23 9 12 12 20 38 21 29 21 31 44 60 37 26 49 17 26 33 13 13 15 21 31 31 22 50 26 20 14 16 16 9 2 3 5 3 1 1 1 0 0 0 0 0 1 1 2 4 9 12 28 44 32 12 23 43 33 13 11 18 33 12 20 24 28 17 25 15 8 17 18 12 6 8
54 10 20 30 17 19 26 5 7 7 19 35 12 21 6 7 4 4 2 5 4 3 4 10 8 10 11 19 25 30 17 26 42 26 16 44 19 12 41 17 25 30 24 23 30 29 24 20 30 11 8 5 12 12 4 3 2 2 1 1 1 0 0 0 0 0 1 2 3 7 7 18 24 13 27 19 29 20 11 6 9 28 25 27 15 19 22 16 13 17 16 9 6 13 4 3
57 11 17 34 16 34 30 14 5 8 19 27 38 28 7 4 6 7 7 1 2 2 7 15 6 5 13 38 18 16 13 40 14 24 50 9 15 19 29 14 28 26 19 42 42 41 31 16 19 14 7 6 11 10 7 4 2 1 0 0 0 1 0 0 0 1 1 3 2 8 11 29 24 17 4 19 36 9 12 10 15 21 27 22 13 19 15 13 6 20 10 21 9 4 2 1
37 13 17 42 11 28 41 25 10 9 7 22 11 18 18 3 4 4 3 5 4 3 3 3 1 5 19 28 31 8 41 8 10 38 29 14 23 28 39 24 7 35 32 40 53 38 26 8 13 28 18 4 2 4 5 6 1 1 1 0 0 0 1 0 0 4 10 4 2 3 16 32 24 13 6 26 25 16 13 10 12 19 20 22 21 12 5 15 9 16 12 4 11 3 3 5
