sesion_6_simulaciones/modelos_agentes/ejemplos_netlogo/scenarios/cgcm2_b2/rob_2072.asc
NCOLS 322 
NROWS 307 
XLLCORNER 451900 
YLLCORNER 4086900 
CELLSIZE 100 
NODATA_value -9999 
[rows 74 to 147 of 307, columns 0 to 95 of 322]
0 0 0 0 0 0 0 0 0 0 0 0 0 0 0 0 0 0 0 0 0 0 0 0 0 0 0 0 0 0 0 0 0 0 0 1 3 3 3 2 1 2 1 0 0 0 1 1 1 1 0 1 0 0 1 0 0 1 1 1 1 3 3 4 1 1 1 2 3 5 12 6 4 2 15 44 17 19 39 61 59 15 22 31 42 9 5 4 10 6 7 7 5 6 10 8
0 0 0 0 0 0 0 0 0 0 0 0 0 0 0 0 0 0 0 0 0 0 0 0 0 0 0 0 0 0 0 0 0 0 1 3 1 1 7 5 1 2 2 1 0 0 0 1 0 1 1 1 1 0 1 1 0 0 0 0 0 1 5 7 2 3 6 4 4 2 3 7 8 5 9 55 19 8 6 48 44 28 24 17 6 21 21 7 9 7 9 18 14 8 6 37
0 0 0 0 0 0 0 0 0 0 0 0 0 0 0 0 0 0 0 0 0 0 0 0 0 0 0 0 0 0 0 0 0 0 0 2 2 4 3 2 2 8 2 1 1 1 1 1 0 1 2 0 1 0 1 0 2 1 0 0 1 4 2 5 6 5 8 8 12 7 6 3 2 2 8 58 70 19 11 12 33 32 17 6 6 42 39 32 24 6 5 3 23 25 16 24
0 0 0 0 0 0 0 0 0 0 0 0 0 0 0 0 0 0 0 0 0 0 0 0 0 0 0 0 0 0 0 0 0 0 0 0 1 1 1 1 8 2 2 2 3 4 1 0 1 1 1 1 1 1 1 1 1 1 0 1 1 2 2 5 3 5 8 9 12 14 14 14 14 11 6 13 46 31 20 6 35 51 10 5 32 55 9 54 34 16 7 19 29 29 30 16
0 0 0 0 0 0 0 0 0 0 0 0 0 0 0 0 0 0 0 0 0 0 0 0 0 0 0 0 0 0 0 0 0 0 0 1 0 1 1 3 2 6 2 3 4 15 4 3 4 2 2 1 1 1 0 0 1 1 1 2 2 1 1 1 2 5 6 12 12 12 13 23 15 16 8 3 4 13 14 8 15 16 11 12 36 13 10 6 6 24 15 21 16 21 26 33
0 0 0 0 0 0 0 0 0 0 0 0 0 0 0 0 0 0 0 0 0 0 0 0 0 0 0 0 0 0 0 0 1 3 5 4 2 1 2 3 4 9 6 1 2 3 11 12 25 23 13 5 3 2 1 1 1 1 2 2 1 1 1 1 1 2 2 1 3 11 16 14 16 18 13 10 6 12 5 3 14 15 12 20 36 13 26 14 7 18 24 49 62 58 41 46
0 0 0 0 0 0 0 0 0 0 0 0 0 0 0 0 0 0 0 0 0 0 0 0 0 0 0 0 0 0 0 0 0 1 9 14 3 1 2 6 6 4 12 6 2 2 4 14 50 56 64 73 47 9 6 3 2 2 1 2 1 1 1 0 2 2 1 3 3 8 16 12 17 20 18 10 9 4 2 0 5 14 15 20 33 23 9 11 12 18 62 62 62 35 36 64
0 0 0 0 0 0 0 0 0 0 0 0 0 0 0 0 0 0 0 0 0 0 0 1 0 0 0 0 0 0 0 0 0 0 1 5 4 2 1 5 12 34 8 18 13 5 4 1 1 4 12 20 37 53 28 8 3 1 2 1 1 2 1 3 1 0 1 1 2 4 5 18 16 20 23 13 4 0 2 1 3 7 9 23 11 24 29 31 18 16 11 8 28 21 29 46
0 0 0 0 0 0 0 0 0 0 0 0 0 0 0 0 0 0 0 1 1 1 3 1 4 1 0 0 0 0 0 0 0 1 1 1 1 1 1 3 5 4 6 18 10 7 9 5 2 0 0 1 3 13 13 34 12 5 2 11 14 5 3 1 5 2 1 2 1 1 5 10 23 16 10 12 7 4 5 9 3 3 12 35 13 40 37 34 29 35 23 12 10 27 64 77
0 0 0 0 0 0 0 0 0 0 0 0 0 0 0 0 0 1 2 2 0 1 0 0 0 0 0 0 0 0 0 0 0 0 1 1 1 1 2 4 10 16 5 3 2 2 3 2 0 1 2 1 5 2 3 7 15 9 28 20 4 2 1 2 4 1 1 2 3 3 19 16 18 12 10 13 16 21 13 5 9 8 33 41 26 56 48 77 57 52 55 48 14 12 16 17
0 0 0 0 0 0 0 0 0 0 0 0 0 0 0 0 0 0 0 0 0 0 0 0 0 0 0 0 1 1 1 0 0 1 2 2 1 2 3 3 7 14 17 12 1 0 1 1 1 1 1 6 19 9 7 5 3 16 46 7 4 3 1 1 2 2 3 2 8 13 12 14 12 10 11 12 16 15 23 5 9 7 14 11 24 60 29 41 59 73 47 51 52 32 24 19
0 0 0 0 0 0 0 0 0 0 0 0 0 0 0 0 0 0 0 0 0 0 0 0 0 0 0 0 0 0 0 0 0 1 1 2 1 5 3 4 9 9 18 18 7 8 12 8 11 12 8 11 15 12 7 4 8 16 6 7 6 7 4 2 1 1 1 7 7 5 12 8 33 9 8 23 16 14 15 11 9 6 7 18 4 43 32 64 63 79 85 85 66 45 31 26
0 0 0 0 0 0 0 0 0 0 0 0 0 0 0 0 0 0 0 0 0 0 0 0 0 0 0 0 0 0 0 0 0 1 1 1 1 2 2 5 9 5 13 9 6 8 11 7 6 9 11 4 6 8 7 7 16 5 7 8 12 5 2 1 1 1 1 1 2 4 3 9 4 3 24 16 11 16 43 19 21 10 5 14 27 48 40 30 70 66 57 61 73 36 32 28
0 0 0 0 0 0 0 0 0 0 0 0 0 0 0 0 0 0 0 0 0 0 0 1 1 0 1 2 1 0 0 0 0 0 0 0 1 1 1 3 9 3 1 3 3 5 10 1 4 6 5 6 6 10 8 5 6 3 6 6 9 2 2 1 2 2 8 11 9 5 8 5 5 4 4 4 29 38 8 16 18 11 12 9 13 18 34 51 60 68 15 41 55 57 31 26
0 0 0 0 0 0 0 0 0 0 0 0 0 0 0 0 0 0 0 0 0 0 0 0 3 2 2 2 1 3 2 1 1 0 0 0 0 1 1 2 1 1 3 2 5 6 9 2 4 8 3 2 4 9 6 2 5 3 5 6 3 0 0 1 4 1 1 4 12 3 7 6 4 6 10 6 7 11 10 9 5 9 20 18 12 14 12 9 26 25 16 43 21 57 46 35
0 0 0 0 0 0 0 0 0 0 0 0 0 0 0 0 0 0 0 0 0 0 0 1 1 5 5 3 1 2 2 3 1 2 1 1 0 0 0 0 0 1 1 1 2 3 4 1 1 3 1 3 1 5 9 1 3 2 13 3 2 2 2 3 3 1 1 0 24 5 6 4 5 4 5 14 15 33 34 27 39 25 13 9 27 35 31 28 12 9 21 38 42 17 37 28
0 0 0 0 0 0 0 0 0 0 0 0 0 0 0 0 0 0 0 0 0 0 1 3 12 1 9 9 2 3 3 3 2 4 1 2 2 1 0 0 0 0 0 0 1 3 1 1 1 1 2 4 3 8 0 3 6 3 4 1 1 3 5 2 1 1 1 1 6 49 33 13 5 20 19 28 60 53 11 20 48 36 42 39 35 39 37 38 29 14 7 31 29 15 9 4
0 0 0 0 0 0 0 0 0 0 0 0 0 0 0 0 0 1 0 0 0 0 0 2 6 2 1 21 12 2 1 7 3 6 5 10 3 2 2 0 1 1 1 0 0 0 1 0 1 1 13 16 24 18 21 2 1 3 1 0 0 3 2 1 0 1 8 7 2 2 12 15 58 82 54 31 16 12 57 24 5 28 44 38 32 35 41 41 34 15 10 11 6 4 6 19
0 0 0 0 0 0 0 0 0 0 0 0 0 0 0 1 1 1 1 0 0 0 0 3 1 4 5 15 32 9 1 1 1 1 2 5 3 4 7 2 1 0 3 4 4 4 6 1 4 22 35 20 4 5 15 30 8 1 1 1 1 2 1 1 1 2 2 2 6 3 4 4 3 5 4 53 15 17 9 23 40 12 19 49 36 40 44 38 39 36 20 6 12 26 13 20
0 0 0 0 0 0 0 0 0 0 0 0 0 0 0 0 1 2 5 2 0 4 1 0 0 1 1 0 5 5 14 2 0 0 3 1 2 13 2 1 9 1 2 7 16 8 5 15 17 23 51 47 13 32 24 36 14 21 10 8 3 4 1 1 1 2 1 3 2 2 2 1 3 3 3 11 8 14 11 14 26 50 25 30 39 40 26 29 19 10 21 28 34 7 6 8
0 0 0 0 0 0 0 0 0 0 0 0 0 0 0 0 0 2 1 2 1 1 1 1 0 3 1 1 1 9 36 8 1 1 1 4 2 3 15 2 14 1 3 17 17 15 21 32 35 72 62 60 41 78 66 56 37 37 32 3 6 4 0 1 1 2 4 12 6 5 3 10 12 10 7 4 6 16 23 17 10 12 40 39 35 21 28 13 12 33 36 27 35 32 20 11
0 0 0 0 0 0 0 0 0 0 0 0 0 0 0 0 0 0 1 1 1 3 1 1 1 2 3 1 1 3 18 19 7 4 1 2 0 1 12 2 14 1 4 16 20 26 56 60 64 81 67 23 58 48 44 36 31 47 4 3 9 4 1 1 2 1 3 6 7 4 29 7 3 5 6 12 38 40 42 32 24 19 21 29 18 11 25 24 24 31 47 39 21 15 21 18
0 0 0 0 0 0 0 0 0 0 0 0 0 0 0 0 1 0 0 1 1 1 1 2 4 1 5 3 3 1 11 33 2 2 2 2 1 7 34 18 29 17 7 13 32 58 80 73 43 80 45 8 25 5 15 47 58 44 9 26 22 20 3 1 1 1 2 3 3 17 4 8 13 4 7 23 19 13 32 42 46 24 12 13 8 14 30 46 42 41 39 45 22 23 22 33
0 0 0 0 0 0 0 0 0 0 0 0 1 0 0 0 0 1 1 1 0 0 1 6 9 11 5 8 5 2 14 35 3 2 8 6 2 6 3 18 34 59 24 26 50 62 85 79 35 56 9 14 7 3 1 2 53 63 57 43 15 31 2 2 8 16 2 1 2 3 6 16 5 22 25 6 18 37 28 44 35 40 42 17 29 31 44 43 51 33 51 50 36 40 35 47
0 0 0 0 0 0 0 0 0 0 0 0 1 3 0 1 0 1 2 2 4 2 3 5 7 11 10 20 12 13 6 19 5 5 6 2 3 11 4 10 15 46 38 51 54 59 85 91 81 54 20 8 2 2 1 1 3 2 70 43 45 6 2 10 5 7 6 2 2 1 8 7 22 16 11 7 10 5 20 27 47 54 35 23 28 45 38 33 54 27 72 31 37 37 29 34
0 1 1 0 0 0 0 0 0 0 0 0 0 0 2 3 0 1 4 4 5 4 7 18 22 29 30 22 22 27 3 15 24 11 7 4 4 5 2 1 4 40 7 16 16 22 79 84 76 31 18 19 11 10 4 6 2 6 4 4 5 4 8 12 11 4 3 1 2 3 3 7 7 8 4 3 5 15 20 34 39 46 29 28 23 34 40 18 44 37 74 43 42 22 33 44
0 0 1 0 0 0 0 0 0 0 0 0 0 0 2 0 7 1 1 2 3 3 1 2 4 11 14 7 23 28 12 44 60 31 9 21 7 8 7 2 23 37 27 15 22 26 10 37 52 12 20 25 18 13 19 10 5 14 7 12 5 3 7 11 7 4 3 1 4 1 1 1 10 12 9 8 14 20 20 27 26 38 30 28 28 23 32 27 58 62 20 38 45 43 48 32
0 0 0 0 0 0 0 0 0 0 0 0 0 0 0 1 2 10 3 3 2 6 6 8 16 20 18 10 4 5 6 53 44 23 39 45 59 37 6 5 24 27 74 42 37 34 30 9 6 13 33 29 20 15 8 16 16 10 8 6 8 6 16 11 6 4 2 3 5 1 1 2 3 5 8 17 15 20 20 25 24 23 18 29 32 20 21 27 49 5 21 35 28 11 7 19
0 0 0 0 0 0 0 0 0 0 0 0 0 1 1 1 1 1 3 4 7 14 12 17 25 46 28 26 17 8 4 3 44 55 51 18 72 42 24 44 55 14 61 37 81 66 28 12 11 6 20 28 21 15 19 8 16 12 10 6 12 15 31 34 12 3 1 1 3 1 1 1 1 2 1 11 10 12 16 16 21 17 20 28 13 34 26 53 21 13 27 30 32 20 18 31
0 0 0 0 0 0 0 0 0 0 0 0 1 1 0 1 1 2 3 4 10 13 37 29 34 28 52 32 12 13 10 9 4 36 42 10 14 10 58 30 24 8 70 30 15 6 21 14 20 15 23 33 37 26 17 7 4 7 1 4 6 5 18 19 1 3 2 1 2 2 4 3 1 4 5 2 9 11 13 13 10 28 9 4 16 44 21 53 14 6 12 15 19 17 28 32
0 0 0 0 0 0 0 0 0 0 0 0 0 0 2 3 2 2 2 2 3 9 42 49 18 16 21 23 31 27 17 25 12 4 4 15 6 11 65 10 8 19 41 14 14 9 24 17 18 14 7 22 26 28 13 7 5 6 3 3 3 2 3 2 3 4 2 1 2 4 5 1 4 5 4 4 11 11 12 10 33 7 8 13 18 28 23 18 19 4 4 14 17 29 35 49
0 0 0 0 0 0 0 0 0 0 0 0 0 0 1 1 4 5 10 14 8 18 13 11 6 2 12 23 29 23 41 41 11 6 2 3 10 39 21 19 4 47 67 23 20 20 19 26 31 7 10 16 13 15 7 8 6 3 3 1 2 1 2 7 7 3 3 4 4 4 5 3 1 8 3 3 7 6 8 19 11 7 11 8 18 6 18 27 40 15 10 13 21 24 18 43
0 0 0 0 0 0 0 0 0 0 0 0 0 1 1 3 3 6 10 9 10 30 13 9 12 12 4 13 21 16 17 10 6 14 11 13 26 17 31 14 17 22 44 47 33 26 9 13 17 5 5 20 27 29 25 12 6 3 8 18 10 4 3 4 2 1 15 11 4 3 2 28 12 5 5 2 3 4 5 12 4 8 9 3 10 9 17 29 17 33 20 28 22 33 31 40
0 0 0 0 1 1 0 0 0 0 0 0 1 7 3 15 7 3 7 17 21 20 30 14 11 13 13 8 22 19 11 9 13 19 23 22 7 10 15 17 16 5 10 23 33 18 3 7 6 8 10 13 11 12 9 7 7 2 24 25 11 11 2 2 4 3 19 69 44 20 11 6 25 40 8 3 4 4 10 6 1 13 4 9 9 17 6 8 10 17 30 23 51 35 16 23
0 0 0 0 0 0 0 0 0 0 0 0 0 1 7 7 12 17 12 18 15 11 25 11 7 8 6 3 3 5 13 11 19 20 11 22 20 17 14 12 4 10 19 6 32 19 14 13 12 6 5 5 5 24 15 12 9 3 5 5 4 4 10 4 9 14 10 44 67 45 4 9 10 5 30 13 3 4 4 4 9 13 5 34 14 12 12 18 14 20 31 44 20 19 22 10
0 0 0 0 0 1 1 0 0 0 0 0 0 1 1 1 1 2 6 14 15 15 24 33 18 12 15 13 6 4 8 2 5 10 10 18 19 13 20 6 3 14 7 11 33 17 16 13 14 8 7 6 7 18 27 3 5 4 9 7 5 22 17 21 26 13 22 15 55 30 28 8 6 7 8 17 11 13 10 14 4 8 10 18 14 18 22 8 12 53 24 12 29 20 25 23
0 0 0 0 0 0 0 0 0 0 0 0 1 1 3 3 2 1 3 11 16 35 44 51 44 16 10 5 2 4 4 1 1 2 6 5 11 14 9 12 10 14 4 24 4 2 6 9 11 10 18 17 8 17 11 9 7 12 14 4 14 15 8 8 66 22 22 12 5 59 56 15 17 7 24 35 38 58 36 27 15 12 5 20 45 28 49 35 36 44 32 17 30 35 41 23
0 0 0 0 0 0 0 0 0 0 0 1 0 1 3 2 2 8 4 26 61 32 16 23 34 17 13 13 5 1 4 5 8 4 2 5 16 15 3 9 21 22 19 18 6 3 8 17 26 28 12 41 27 30 19 8 10 4 4 17 8 5 5 9 8 29 16 15 7 23 45 68 48 10 3 26 20 46 6 3 19 51 2 10 3 21 21 70 59 50 75 40 37 33 35 35
0 0 0 0 0 0 0 1 0 0 0 0 0 0 0 1 7 9 9 5 5 40 41 21 24 17 25 36 19 7 6 13 9 9 10 4 4 11 10 11 12 18 16 15 12 13 29 25 19 23 24 18 22 17 15 22 28 34 12 4 14 6 5 35 8 23 34 15 9 12 42 49 54 27 10 15 4 28 12 6 1 25 11 11 15 50 12 21 8 5 46 22 29 73 37 56
0 0 0 0 0 0 0 0 0 0 0 0 1 0 1 2 4 6 9 10 7 2 28 60 39 36 29 29 33 11 11 17 8 9 18 24 10 4 5 11 17 13 8 41 18 19 22 53 52 32 45 19 24 54 70 65 23 18 10 7 10 41 19 5 35 9 35 25 16 4 40 39 29 47 11 17 4 33 44 9 6 43 7 13 17 3 23 14 5 16 70 29 17 58 76 73
0 0 0 0 0 0 0 0 0 0 0 0 1 0 0 1 3 6 10 18 16 14 6 20 22 22 7 9 30 11 8 9 6 5 8 14 12 8 7 13 9 5 5 5 24 28 24 44 32 17 15 37 18 15 12 7 12 5 11 12 11 26 31 11 14 31 4 45 26 8 31 52 46 42 17 14 6 42 11 10 3 65 20 12 19 18 8 15 14 30 63 76 21 20 70 70
0 0 0 0 0 0 0 0 0 0 0 0 0 0 0 1 1 2 11 27 29 16 10 4 4 2 8 5 1 2 9 1 2 5 10 7 10 15 11 8 19 14 17 16 22 27 24 21 15 15 29 31 31 41 17 27 24 13 8 16 7 14 23 23 18 54 23 40 58 19 17 25 54 30 46 14 9 38 22 44 33 58 77 27 21 22 8 28 16 10 40 82 32 13 14 67
0 0 0 0 0 0 0 0 0 0 0 0 0 0 1 1 3 3 9 15 23 14 7 11 6 7 7 3 1 1 4 3 2 4 4 6 13 13 10 20 32 22 21 17 9 16 18 17 20 42 29 47 33 33 28 38 32 26 19 27 18 29 14 31 11 49 39 17 60 39 6 29 40 29 62 22 40 23 25 21 45 21 78 48 13 23 22 54 17 9 11 57 38 19 35 32
0 0 0 0 0 0 0 0 0 0 0 0 0 0 0 1 1 3 6 10 14 14 13 10 17 13 16 11 2 1 1 1 1 4 4 3 12 14 6 6 25 19 11 8 18 11 18 12 12 40 53 47 55 35 15 28 60 26 41 38 39 49 18 7 11 10 28 17 32 54 23 18 22 62 47 38 57 22 37 68 50 22 51 72 22 27 12 11 13 18 22 64 36 47 30 10
1 0 0 0 0 0 0 0 0 0 0 0 0 1 0 1 5 5 26 26 17 35 21 27 9 11 15 14 10 1 1 1 7 5 16 15 12 21 21 18 19 14 13 10 12 9 8 17 13 10 9 20 11 21 50 44 62 22 80 64 21 59 26 32 33 13 9 6 23 41 21 42 22 44 11 38 79 56 35 53 67 60 53 80 24 21 33 14 18 7 28 44 45 19 12 15
0 1 1 0 0 0 0 0 0 0 0 0 0 1 1 1 1 3 4 2 6 3 5 9 18 27 15 14 22 4 1 13 9 12 6 4 11 11 11 35 25 9 14 25 20 20 24 28 12 30 33 12 35 54 46 60 45 52 44 57 17 43 55 29 45 58 57 36 17 55 56 71 65 37 33 43 64 68 52 55 62 64 48 77 72 41 8 8 12 24 32 48 57 27 13 9
0 0 0 0 1 0 0 0 0 0 0 0 0 1 3 4 3 2 7 6 4 9 7 13 31 15 18 20 23 22 8 53 16 6 11 5 21 21 24 33 52 27 31 34 23 34 20 27 16 22 27 20 9 39 18 31 66 67 47 51 56 72 75 64 22 63 56 63 54 34 50 65 21 39 38 43 62 52 73 75 63 44 43 81 72 35 43 9 13 42 23 52 41 41 35 21
1 0 0 0 0 0 0 0 0 0 0 0 0 0 0 0 1 2 1 13 7 9 12 13 14 14 26 18 20 14 17 53 12 15 14 11 18 16 18 34 47 22 22 33 19 31 10 11 25 14 14 24 9 7 7 8 37 59 66 71 60 52 68 83 47 40 65 64 54 34 14 27 40 29 36 56 66 82 62 43 40 32 82 72 74 33 25 24 17 25 30 53 15 10 13 45
3 1 0 0 0 0 0 0 0 0 0 0 1 0 2 0 0 1 2 6 13 16 4 6 9 16 18 8 25 23 38 19 20 29 14 7 8 17 43 42 21 13 27 41 39 26 10 9 8 26 15 14 21 17 8 4 13 19 14 43 30 29 61 79 71 52 27 13 15 24 18 20 20 25 30 30 65 55 48 32 11 30 83 69 73 63 29 33 9 30 38 64 62 47 24 11
1 2 1 0 1 0 0 0 0 0 0 1 0 0 6 0 1 1 3 9 7 5 1 8 5 2 13 5 25 33 34 34 39 19 9 20 23 21 45 31 15 32 15 19 34 10 9 13 5 20 11 7 16 7 16 10 9 16 18 7 25 29 35 46 49 24 20 33 27 40 23 15 17 23 25 12 38 34 39 22 19 12 42 29 48 72 33 44 14 42 59 50 37 40 39 16
1 0 0 1 0 1 0 0 0 0 0 0 0 1 0 3 1 2 1 2 5 1 7 6 5 3 9 7 21 16 20 20 33 14 23 25 31 16 31 23 16 24 15 18 22 9 10 10 7 34 16 12 21 22 16 13 24 23 35 21 13 19 7 15 5 5 18 31 34 37 34 20 15 9 11 11 19 20 23 20 21 15 19 16 31 40 16 33 11 35 59 55 33 17 76 58
1 1 1 0 0 0 0 0 0 0 0 0 1 1 0 8 4 1 2 2 5 2 3 5 5 6 22 16 22 14 25 34 11 19 20 36 20 18 40 11 18 25 10 17 16 28 7 16 7 21 14 16 16 28 12 17 18 28 22 26 27 36 15 14 15 10 28 22 28 19 11 8 29 15 10 5 8 20 14 12 11 9 12 25 30 26 21 29 15 69 73 71 69 28 9 20
0 1 0 1 0 0 0 0 0 0 0 0 2 3 2 0 3 2 1 3 5 2 4 9 7 6 20 11 7 6 8 12 19 45 23 15 17 5 21 9 16 13 16 13 7 10 10 13 18 19 18 19 13 19 19 29 31 19 26 21 37 20 11 28 8 16 20 36 14 11 19 39 28 24 25 27 7 6 14 12 12 16 11 31 18 14 43 15 27 69 66 62 79 44 47 14
1 0 0 1 0 0 0 0 0 0 0 0 0 1 1 0 1 2 1 2 1 1 2 6 4 13 12 14 6 5 11 32 14 19 28 17 12 11 20 6 13 9 4 5 5 13 3 7 9 2 10 4 12 23 29 35 46 33 15 26 20 25 21 15 52 15 23 26 30 53 43 27 16 16 22 27 25 30 32 31 39 42 17 18 15 30 50 31 47 60 32 53 83 63 66 46
1 2 1 1 0 0 0 0 0 0 0 0 0 1 1 1 2 1 1 1 1 2 1 1 2 2 5 8 7 16 10 21 8 13 24 14 8 12 6 10 7 7 5 17 25 11 5 19 42 17 27 20 35 50 50 18 27 31 28 20 26 25 40 33 39 31 27 27 53 11 8 12 15 7 5 7 28 22 36 42 46 38 32 13 12 30 56 26 31 16 25 59 90 53 71 61
0 0 1 1 2 2 1 0 1 2 2 1 1 0 0 2 1 1 3 5 15 7 10 4 9 2 2 6 10 7 10 6 5 10 22 13 7 5 4 6 15 47 13 8 15 15 24 10 41 54 75 41 56 74 56 31 49 30 12 14 13 16 40 22 24 32 29 39 14 13 16 24 42 26 26 20 9 29 47 62 52 16 11 16 10 33 50 31 28 25 30 81 84 50 57 88
0 0 0 1 1 2 3 2 1 1 1 0 0 0 0 1 1 2 3 3 11 23 16 5 5 9 21 12 14 5 24 9 8 6 8 7 4 4 12 11 23 3 20 44 14 30 34 26 23 72 72 78 31 60 57 57 36 56 35 26 23 27 8 26 36 42 41 14 17 18 31 49 34 44 57 35 21 47 59 62 26 15 10 20 14 30 16 14 29 33 56 86 65 79 56 88
2 1 1 1 2 1 1 2 1 1 1 0 0 0 1 0 2 1 6 7 3 28 19 31 41 50 40 31 21 7 15 9 6 9 13 34 21 37 49 38 42 50 31 61 21 41 60 65 15 14 13 68 67 35 56 31 28 71 49 45 20 22 27 36 39 41 29 33 33 44 37 21 35 33 37 33 56 45 32 31 16 11 9 13 11 19 13 14 18 19 34 73 48 69 28 59
1 2 2 1 2 1 0 0 0 0 0 0 0 0 1 0 0 1 8 23 7 2 21 61 32 52 46 56 53 65 40 58 57 69 27 51 6 44 66 35 56 75 31 63 63 35 67 31 78 43 21 79 61 58 57 56 79 82 36 54 29 20 22 22 21 30 23 17 15 21 22 28 20 34 39 57 63 50 13 6 15 8 6 9 5 10 11 19 21 40 55 71 37 41 40 35
1 2 12 1 5 5 1 2 1 1 1 1 1 1 1 1 1 1 1 13 7 2 2 8 8 6 31 60 44 49 56 49 71 50 38 50 66 55 60 66 32 75 73 39 56 49 71 35 70 83 56 58 59 48 33 77 60 63 50 58 48 17 18 16 39 27 29 36 39 39 46 31 44 38 62 61 38 20 16 6 2 3 4 6 7 4 8 14 17 27 54 57 17 22 27 27
2 2 1 5 5 7 3 5 4 3 1 2 2 2 1 1 2 1 5 1 1 1 4 2 3 9 25 20 29 43 51 62 20 51 24 69 60 57 62 66 52 66 56 60 67 63 68 74 20 68 51 31 76 23 47 75 55 21 64 23 32 53 13 13 26 25 45 41 41 37 35 42 57 80 74 59 37 18 4 5 4 2 1 1 4 2 8 7 11 18 37 27 18 11 27 39
1 2 3 3 3 4 1 1 4 1 2 1 2 2 1 1 2 1 5 7 6 6 4 5 4 6 2 4 4 7 5 5 10 15 5 4 8 7 7 11 13 15 10 17 19 17 19 70 55 47 78 31 60 56 59 61 23 16 26 29 59 53 27 18 36 35 42 30 31 59 73 73 75 71 60 48 28 7 2 2 2 2 2 1 2 1 4 2 4 7 14 14 14 7 13 16
3 4 4 3 1 1 1 1 3 0 2 1 1 2 1 2 2 1 3 1 2 8 6 4 10 7 4 5 8 12 7 7 20 16 13 17 9 10 14 20 18 20 35 19 25 16 27 12 17 19 50 49 55 61 57 31 35 44 38 50 53 28 23 30 32 30 43 59 70 71 77 61 39 36 20 14 4 5 4 5 4 3 1 2 1 1 1 0 1 2 5 5 7 5 4 5
13 18 9 2 1 0 1 1 1 1 0 1 0 1 0 1 1 1 1 5 4 1 3 2 5 3 2 10 6 5 9 9 4 4 4 8 7 6 12 7 10 22 23 14 13 19 15 27 23 23 13 16 14 15 25 29 42 38 35 43 15 18 20 32 35 26 27 24 45 68 70 63 40 26 10 9 15 13 21 18 10 4 1 2 3 3 3 2 1 0 0 1 2 6 5 4
3 3 2 6 2 1 0 0 0 0 0 1 0 1 0 1 1 0 0 0 6 6 4 5 3 4 3 6 9 10 6 2 6 4 5 7 7 9 10 14 11 10 12 7 5 6 7 8 17 26 36 52 33 27 27 25 30 29 30 13 11 20 19 40 30 18 26 25 28 32 24 34 34 14 9 19 25 20 6 4 2 2 3 6 12 12 13 5 5 3 1 1 1 1 1 1
3 2 3 1 0 0 0 0 1 0 0 0 0 0 1 0 0 1 1 1 2 8 7 4 5 2 3 7 11 2 2 5 3 8 9 4 7 7 7 8 8 10 27 15 15 12 13 18 27 22 34 36 28 26 29 23 27 20 19 20 4 21 20 26 44 44 40 49 35 28 14 14 6 13 19 29 46 25 10 6 6 9 9 19 16 15 15 18 16 7 9 4 2 2 1 1
5 3 1 1 0 0 0 0 0 0 0 0 0 0 0 0 0 1 1 0 1 4 7 6 7 1 11 16 4 1 5 3 6 5 9 10 6 11 13 13 3 11 15 17 12 25 26 23 17 14 22 12 39 28 51 36 23 20 14 11 13 17 21 15 59 67 34 52 44 37 24 22 11 21 34 43 21 7 13 15 15 24 14 26 31 28 35 24 23 19 16 13 10 6 3 5
2 1 1 0 0 1 4 5 2 1 4 0 0 0 0 0 0 0 0 1 2 3 1 3 4 7 26 26 9 4 7 5 6 16 8 12 9 13 5 6 17 15 10 15 15 26 23 11 29 14 24 31 30 20 36 21 37 10 18 8 27 41 18 49 75 51 50 30 26 28 18 9 13 24 34 30 13 19 20 26 34 31 36 49 46 39 37 28 40 41 23 37 18 12 9 9
1 1 0 0 2 10 4 2 7 12 0 2 0 0 0 0 0 0 0 1 2 2 2 6 5 22 12 2 3 2 3 8 4 6 24 8 8 12 13 17 11 12 10 9 14 13 22 21 19 22 28 25 31 21 25 21 40 24 11 6 12 36 53 66 58 58 35 32 30 15 13 14 22 10 38 16 28 28 44 46 54 40 48 57 56 40 55 50 48 34 35 35 25 21 27 27
0 0 0 1 1 10 7 8 13 7 3 3 8 2 0 0 0 0 1 1 0 0 1 6 2 1 2 3 7 9 5 3 11 3 9 10 11 22 12 12 5 14 5 4 6 14 14 23 26 18 15 34 10 23 30 26 15 10 22 14 4 20 21 28 39 61 48 59 36 10 26 21 33 26 71 35 31 33 43 46 59 44 50 64 44 44 59 72 60 55 37 38 33 47 42 26
0 0 0 2 0 0 0 0 8 9 12 10 8 2 2 1 0 0 0 0 1 0 1 1 2 3 5 5 6 4 3 2 2 4 4 7 4 6 7 14 25 8 13 11 3 5 9 9 16 20 24 20 22 6 35 6 13 30 15 16 8 8 16 14 11 12 30 19 11 28 58 31 38 31 69 35 42 45 60 67 81 69 82 81 74 67 68 68 82 80 52 45 44 44 69 44
0 0 0 0 0 0 0 1 1 3 1 7 5 2 3 3 3 2 2 0 0 1 0 1 1 3 4 1 1 1 1 1 1 2 3 3 3 4 4 11 16 29 12 5 23 17 20 7 14 10 9 17 6 18 18 24 25 16 18 14 10 26 39 27 20 12 13 27 37 34 47 51 30 45 63 56 63 55 68 82 71 61 83 80 80 77 76 74 78 73 59 53 68 73 74 59
0 0 0 1 1 1 7 2 2 0 9 15 3 13 6 8 15 8 6 1 1 0 0 0 1 1 1 1 1 0 0 0 0 1 2 3 1 2 5 10 8 13 18 20 2 15 15 18 18 10 10 24 30 15 6 7 11 25 22 20 15 40 30 23 11 26 28 31 56 51 44 70 50 66 60 73 77 71 78 69 41 66 77 61 41 45 65 39 68 78 64 65 60 62 60 77
2 5 10 3 11 1 0 1 4 3 13 15 13 46 17 19 35 18 4 5 2 2 1 0 0 0 1 0 0 0 1 0 1 2 1 1 2 2 3 2 3 7 13 30 17 9 17 10 16 14 13 10 8 38 56 24 21 19 17 20 31 29 36 18 27 34 48 27 49 60 41 57 64 61 76 51 64 61 76 66 24 36 47 59 34 9 13 29 70 66 68 73 38 43 31 67
