sesion_6_simulaciones/modelos_agentes/ejemplos_netlogo/scenarios/cgcm2_b2/rob_2089.asc
NCOLS 322 
NROWS 307 
XLLCORNER 451900 
YLLCORNER 4086900 
CELLSIZE 100 
NODATA_value -9999 
[rows 148 to 221 of 307, columns 0 to 95 of 322]
0 2 1 1 2 3 3 1 0 0 1 17 8 10 9 10 22 12 8 12 3 5 1 0 0 0 0 0 0 0 0 0 0 0 0 0 0 0 0 0 2 2 2 2 5 2 7 7 4 10 5 8 20 5 13 21 19 10 5 24 30 33 26 20 30 40 49 23 29 58 59 48 28 36 61 74 26 21 21 35 33 30 13 22 59 46 17 11 44 38 32 36 59 54 33 60
1 2 2 2 4 5 3 7 6 1 2 7 11 19 23 36 42 14 13 14 12 10 1 3 0 0 0 0 0 0 1 0 0 0 0 0 0 0 0 0 1 1 0 1 3 22 9 7 3 4 3 11 13 13 3 4 4 2 19 14 13 44 25 17 27 50 43 41 44 61 29 13 12 47 34 37 62 15 18 42 40 22 31 25 13 55 27 17 13 26 12 47 30 61 43 20
0 0 0 5 2 10 7 1 3 9 3 6 43 40 43 20 48 32 30 35 14 2 1 1 1 0 0 0 0 0 0 1 0 0 1 1 0 0 1 1 0 0 1 7 15 8 5 5 4 4 4 6 7 7 17 13 16 16 18 19 31 39 19 15 45 40 49 64 40 7 47 28 26 45 70 25 33 10 3 11 25 28 22 37 18 23 48 34 16 22 15 11 23 25 36 16
0 0 0 0 0 0 0 1 1 1 5 2 8 34 39 36 66 61 46 4 1 1 3 2 5 3 1 0 0 0 0 0 3 2 2 4 7 1 0 1 2 3 11 10 3 4 2 5 3 2 7 6 8 7 9 8 19 20 22 24 43 32 29 18 41 68 46 38 74 30 13 51 53 30 40 14 25 46 21 10 13 23 28 17 24 14 22 54 40 23 22 12 9 26 33 29
1 0 0 0 0 0 1 1 1 2 1 7 4 3 2 2 3 3 4 4 2 8 6 5 14 2 7 1 1 1 1 1 3 0 0 0 0 6 0 0 2 1 3 5 5 10 11 18 7 3 7 7 11 10 3 11 14 38 18 33 40 45 58 83 78 58 52 29 37 82 33 28 27 38 23 6 12 13 46 28 15 18 34 28 18 25 18 22 48 19 17 16 6 6 16 16
2 1 1 1 1 0 0 2 0 1 3 3 3 6 4 5 3 8 10 15 32 15 34 10 6 3 3 2 1 5 2 0 0 0 0 0 0 0 2 0 0 12 1 2 4 3 1 3 11 6 12 17 17 13 4 9 14 26 47 34 68 54 69 72 69 75 63 17 35 62 70 48 34 20 32 22 16 13 28 17 27 20 19 30 23 19 16 18 60 38 11 11 12 5 18 21
7 2 6 4 2 2 3 0 1 0 1 2 3 10 14 4 2 8 25 26 42 59 25 44 14 7 14 10 3 3 17 5 1 0 0 0 1 1 1 2 0 7 1 2 7 1 2 4 3 16 21 30 42 30 29 16 20 27 54 47 32 28 68 73 71 60 67 44 35 51 76 23 36 21 15 13 26 8 24 44 20 28 28 17 15 13 17 12 23 18 32 11 7 5 4 8
16 10 14 5 10 4 3 5 1 0 1 1 7 6 3 9 7 6 5 30 46 38 26 34 21 9 15 9 4 1 4 31 16 7 4 1 1 2 2 3 1 8 18 3 5 4 2 2 3 7 7 10 23 6 8 36 18 39 26 15 14 17 22 50 44 16 24 15 45 58 57 50 29 25 34 12 13 18 19 35 32 20 28 21 13 15 13 13 12 13 17 21 13 7 5 4
6 17 8 22 30 12 4 16 2 1 1 1 2 2 6 9 6 11 8 5 9 34 38 7 9 21 5 17 6 1 1 1 10 26 15 4 2 2 1 2 3 11 23 3 4 5 4 6 8 11 13 20 13 14 17 16 27 49 32 32 40 38 16 12 6 24 23 22 17 30 33 56 62 35 18 11 14 19 23 31 35 51 14 19 13 11 9 5 9 14 13 4 19 7 2 3
32 49 24 41 26 4 15 38 3 3 3 1 6 17 16 6 14 11 12 6 8 9 7 31 12 3 4 22 22 4 3 2 2 24 28 15 15 9 8 12 10 5 28 19 4 3 4 7 7 9 17 35 13 23 28 15 9 23 30 28 26 20 9 17 19 6 3 14 36 40 44 59 30 36 18 17 23 21 32 25 29 23 29 12 11 9 5 3 5 6 9 6 8 10 4 2
21 57 12 59 11 33 29 38 2 7 8 2 2 2 9 11 13 38 38 44 9 6 9 11 8 5 7 37 6 39 6 16 10 30 8 16 16 45 13 9 13 7 27 24 27 4 3 3 10 7 9 7 6 17 23 10 20 52 52 64 23 34 42 34 32 13 13 21 28 31 31 43 34 22 34 10 19 31 28 33 19 14 20 17 6 5 3 1 2 5 5 8 7 6 7 5
4 50 29 41 43 47 44 6 11 19 12 6 5 4 4 3 6 16 19 48 23 5 8 14 35 27 19 27 7 36 36 7 11 17 42 42 29 47 67 21 16 5 10 27 26 15 9 5 11 2 2 4 20 19 10 10 16 14 12 17 13 26 46 41 40 29 30 31 24 30 32 31 22 31 10 17 17 24 14 11 14 11 8 11 16 12 6 10 7 4 3 4 6 6 3 3
6 5 4 38 50 45 10 12 32 14 26 33 15 10 4 7 11 12 20 11 20 37 34 9 30 28 30 34 39 13 67 55 20 7 28 71 62 40 27 48 42 6 16 39 46 49 9 6 7 7 5 6 38 13 63 56 59 42 76 58 37 20 26 26 29 27 31 36 32 19 22 31 27 31 17 24 12 14 13 17 10 9 9 15 7 6 8 9 5 5 6 3 3 4 2 1
4 29 16 13 8 27 19 50 48 24 24 26 7 16 3 10 7 9 19 15 20 23 23 9 44 49 40 64 52 41 61 76 65 34 26 6 21 41 24 11 15 8 5 66 59 48 26 28 14 35 54 67 53 25 25 54 41 22 27 46 46 33 39 30 29 23 23 41 33 16 19 20 25 26 17 20 17 19 11 10 7 8 3 6 6 3 6 5 3 3 3 3 1 1 1 2
10 15 11 26 22 10 42 72 52 60 5 21 40 33 50 16 32 9 9 10 12 6 29 56 77 47 71 80 59 59 35 50 71 41 38 16 44 61 72 81 64 29 15 21 69 47 27 72 25 29 58 55 64 30 16 68 77 40 30 21 59 62 21 49 33 32 23 28 25 20 25 21 21 17 16 17 14 12 11 5 4 4 5 4 5 3 4 3 2 2 2 1 1 0 0 0
7 9 33 15 15 5 32 62 40 66 15 24 56 42 63 30 15 22 14 26 31 41 11 46 62 67 77 78 50 77 59 77 71 73 69 71 61 70 76 64 11 44 48 17 7 43 34 51 30 31 54 51 54 58 27 33 67 85 52 39 49 27 30 29 36 49 47 40 27 16 31 17 12 11 9 5 10 6 3 2 3 4 3 3 2 1 1 1 1 1 1 2 3 3 3 3
8 6 3 12 19 21 8 73 16 18 18 30 35 6 30 39 18 18 17 52 51 23 25 16 55 82 74 80 55 85 69 73 70 61 73 71 82 76 74 79 71 44 13 10 4 6 44 40 24 10 19 57 63 66 66 75 79 77 84 41 26 33 32 38 38 41 50 24 20 31 15 11 12 10 4 2 2 2 5 6 8 3 2 1 2 5 7 7 12 3 6 13 7 12 11 7
2 6 17 14 10 7 9 27 33 29 51 45 54 54 19 45 23 41 9 9 28 66 34 23 10 31 38 66 66 34 12 16 12 27 27 35 75 60 63 75 72 55 35 11 4 6 35 33 24 20 15 14 36 69 71 63 47 49 77 68 32 22 31 33 40 39 22 31 20 9 10 12 12 7 6 4 2 2 2 2 4 8 5 11 15 22 23 22 13 9 12 25 22 33 29 11
4 4 6 5 14 10 15 14 15 14 30 60 60 68 11 10 19 48 49 26 24 19 41 13 23 31 22 26 13 19 34 24 37 33 57 35 28 24 23 22 18 31 19 9 8 9 25 27 40 20 23 22 4 37 31 44 48 56 39 52 49 27 54 54 45 29 26 17 16 13 12 11 5 3 6 6 2 1 2 5 25 25 18 30 34 38 31 46 33 33 59 60 37 49 29 21
2 3 5 18 17 22 21 17 20 19 31 6 10 13 22 26 16 13 55 56 49 25 30 9 26 46 42 35 22 24 42 52 25 54 28 22 22 29 30 29 17 11 15 13 23 21 45 40 39 34 20 10 13 15 17 44 19 14 13 40 24 34 35 23 33 18 13 18 15 7 6 4 6 4 7 7 10 2 22 24 38 37 38 44 44 63 60 46 43 52 23 10 17 14 16 42
3 6 14 7 10 15 17 11 21 40 10 13 31 29 14 32 5 7 11 22 27 21 16 17 28 21 33 26 52 15 43 29 24 33 22 21 30 51 20 49 26 13 10 8 8 14 22 41 30 30 17 30 29 19 28 25 25 22 27 39 56 51 33 11 18 17 15 6 8 4 4 26 24 13 13 21 9 14 33 54 66 52 51 74 68 65 64 49 58 58 29 9 4 5 9 31
13 31 27 40 12 11 13 11 21 28 16 18 27 27 21 11 15 14 34 33 19 22 32 19 25 22 16 31 18 19 31 25 30 26 17 21 16 37 16 46 31 21 15 5 3 2 12 16 66 56 29 24 57 28 15 35 45 62 56 44 54 31 20 13 15 10 4 4 12 11 25 38 46 19 27 34 20 37 57 60 71 83 53 81 67 63 53 56 49 44 31 23 6 4 3 7
3 4 2 3 5 5 19 13 27 13 18 10 16 33 10 4 10 17 17 15 8 6 6 17 24 18 13 17 19 24 25 29 14 20 15 6 26 16 27 45 22 24 37 15 16 7 5 17 23 43 28 39 31 15 19 33 37 32 27 17 15 10 6 3 4 1 11 26 38 27 44 55 55 38 53 39 25 45 63 61 84 70 58 55 40 8 10 37 17 23 15 8 8 3 2 11
4 9 7 14 9 14 8 12 16 16 5 8 13 15 20 20 27 11 11 11 14 4 7 22 44 31 17 14 20 12 11 28 60 25 16 12 25 14 48 12 31 16 23 21 12 6 11 13 9 19 28 24 11 20 20 18 50 21 13 11 7 19 21 30 14 23 32 49 46 43 43 59 42 42 53 48 35 46 63 73 74 59 42 36 25 13 12 14 22 10 8 7 4 3 1 2
3 4 4 8 17 3 3 6 5 11 9 7 21 17 46 23 17 31 24 18 42 17 22 21 36 37 14 31 10 17 24 19 50 50 29 19 19 32 29 11 11 11 18 22 8 16 10 6 7 11 13 20 18 20 23 21 13 6 6 25 23 39 39 38 29 30 46 51 64 61 43 59 59 62 48 62 56 58 61 65 59 74 49 35 19 21 16 7 33 15 5 3 1 3 3 4
3 2 4 6 3 3 3 8 14 9 12 19 17 14 12 14 55 52 24 27 29 23 34 14 20 28 34 22 10 12 9 14 18 16 24 36 8 13 34 25 17 22 15 10 18 13 13 13 8 12 15 18 32 25 15 14 17 24 32 51 41 39 53 42 33 48 50 49 62 45 53 61 74 42 49 53 60 67 79 57 29 25 30 37 29 19 11 8 6 7 4 2 2 1 2 2
2 5 5 3 2 16 12 8 25 40 46 39 36 49 20 12 17 39 28 40 7 20 39 14 18 14 21 32 18 34 21 17 13 14 28 42 14 26 28 32 25 5 5 12 9 13 6 6 12 17 17 32 27 19 27 17 26 28 50 44 39 38 51 40 35 42 50 35 62 53 39 68 53 40 48 70 61 66 27 82 59 61 32 22 26 21 14 14 5 3 1 2 1 0 1 1
2 2 3 2 2 2 5 11 15 23 31 52 41 37 50 11 23 21 12 13 15 33 37 15 8 9 4 13 9 13 10 12 19 18 31 26 13 27 31 26 18 9 4 4 8 9 11 23 12 13 28 20 16 36 22 20 32 50 48 52 44 41 44 33 35 58 58 44 61 56 56 56 76 72 58 61 71 65 27 26 55 64 48 38 18 11 13 14 6 4 2 1 1 1 2 1
1 1 9 2 7 2 4 5 10 14 5 6 6 7 12 22 21 21 47 15 23 34 16 18 4 16 6 16 7 6 10 12 12 12 17 15 16 17 21 22 15 8 3 6 9 9 14 16 16 16 19 34 23 20 19 33 43 40 38 41 38 28 45 43 45 62 53 60 61 85 71 64 60 72 23 23 17 55 58 37 23 47 31 21 15 11 14 5 3 6 4 1 1 1 1 0
1 6 6 21 1 24 20 2 8 5 12 7 19 13 17 14 18 11 12 13 7 18 6 9 6 4 5 7 3 9 12 8 9 11 12 8 11 7 11 18 13 11 12 17 24 10 20 11 26 35 32 47 33 20 31 35 37 47 27 34 53 39 50 54 42 60 49 72 32 51 81 79 76 63 73 54 38 18 13 31 26 18 38 31 27 20 18 24 9 3 2 2 2 1 1 0
17 6 2 7 17 7 4 8 6 7 4 9 6 6 20 9 11 2 10 13 11 4 6 7 4 2 3 1 3 2 3 5 5 19 4 5 6 9 8 3 7 14 5 9 8 16 7 17 27 39 34 34 29 28 26 45 36 43 40 35 42 48 38 42 56 62 41 44 78 31 76 79 57 77 78 81 63 58 57 43 39 32 13 8 19 24 15 15 7 4 2 1 1 1 0 0
9 44 9 18 3 5 3 6 3 3 11 3 5 14 25 34 39 10 7 17 7 4 2 3 6 1 2 2 2 1 1 4 6 7 2 4 4 4 13 10 6 14 7 31 14 15 16 13 28 36 22 22 23 24 23 28 47 40 34 56 48 62 40 37 53 18 37 39 37 50 37 72 45 62 78 81 80 88 71 57 59 71 69 48 15 12 14 13 8 3 2 1 1 1 0 0
2 6 4 5 8 8 3 2 3 3 7 3 16 5 4 6 5 9 7 7 14 3 6 4 4 1 1 1 1 2 2 4 2 2 3 2 3 7 11 8 5 5 12 26 6 21 15 17 19 34 13 18 20 20 21 25 37 44 32 42 57 30 33 68 72 62 41 32 19 7 19 21 37 37 68 76 70 75 79 61 79 67 58 26 19 21 18 11 14 5 2 2 1 0 0 0
2 3 7 6 5 5 3 2 1 4 0 1 3 4 22 11 21 5 5 5 7 2 2 3 2 2 2 1 1 1 2 1 2 3 1 1 2 7 4 4 3 5 6 12 11 10 12 13 17 15 8 16 11 13 22 15 33 43 46 46 44 61 21 8 7 12 18 38 34 27 15 14 8 22 38 63 54 76 86 51 68 84 58 40 31 17 14 13 10 4 3 2 1 1 0 0
1 7 4 2 3 3 1 1 0 1 1 1 1 4 6 5 7 5 6 6 3 5 1 4 2 2 3 0 1 1 1 1 2 1 2 3 4 8 1 1 3 6 5 8 7 5 6 7 9 6 12 20 18 21 24 19 36 28 28 20 25 59 16 18 36 52 60 47 49 39 34 47 19 7 16 52 47 73 83 72 57 55 51 38 24 22 20 14 9 7 4 4 2 1 0 0
1 2 2 2 2 2 1 1 0 0 0 1 2 1 2 3 3 4 1 1 0 1 1 1 0 2 1 0 1 1 0 0 1 1 0 1 2 2 2 2 3 3 6 8 3 3 6 4 8 10 23 50 33 57 52 69 50 36 42 23 16 6 64 36 13 52 67 46 50 53 58 43 25 23 11 13 17 41 73 50 38 19 15 29 9 18 8 8 9 8 6 4 3 1 1 0
2 0 0 1 0 1 0 0 0 0 0 0 0 0 2 1 1 1 1 0 0 0 0 0 0 0 0 0 1 0 0 0 0 0 1 0 2 1 1 2 3 11 27 45 20 22 12 11 11 7 55 20 62 58 40 49 29 30 42 58 16 14 16 77 25 29 40 66 45 40 64 70 76 49 37 16 9 5 7 6 10 9 8 18 20 7 6 3 3 7 3 3 2 1 1 0
0 0 0 0 0 0 0 0 0 0 1 0 0 0 0 1 1 0 1 0 0 0 0 0 0 0 0 0 0 0 0 0 0 1 6 6 7 13 21 27 27 42 16 51 29 34 42 4 18 41 14 16 50 41 51 55 34 60 64 43 37 24 11 52 68 24 8 35 64 74 62 61 38 38 48 43 20 8 12 3 11 10 9 5 16 14 4 4 3 2 2 1 1 1 1 0
0 0 0 0 0 0 0 2 6 0 1 1 3 0 0 0 0 0 0 0 0 0 0 0 0 0 1 1 1 0 0 0 0 0 0 4 9 23 16 20 21 46 22 27 49 43 42 12 10 15 66 40 16 40 14 29 26 59 74 55 54 36 23 31 82 34 33 18 46 61 82 28 14 29 34 54 42 35 27 18 9 7 3 5 6 12 6 2 2 1 1 1 1 0 0 0
0 0 0 0 0 2 3 1 2 2 2 1 1 1 0 0 0 0 0 0 0 0 1 1 2 2 0 0 1 0 0 1 1 0 1 1 2 19 27 27 21 20 15 16 41 56 68 66 14 18 37 47 28 19 43 12 44 48 75 67 19 30 22 11 81 55 24 24 28 79 80 87 52 41 32 24 18 15 11 12 21 18 9 3 3 3 8 5 2 2 1 2 1 0 0 0
1 1 0 5 2 3 5 10 7 6 2 2 2 1 0 0 0 0 0 0 0 0 0 0 0 0 1 1 0 0 0 0 1 1 0 1 4 16 28 50 28 14 9 16 25 63 75 77 78 74 20 30 29 30 23 11 32 56 64 68 23 34 37 29 59 87 59 39 25 15 22 53 25 30 23 48 35 16 11 8 7 8 11 9 3 1 3 4 3 2 1 1 1 0 1 0
2 3 3 3 8 7 11 4 13 11 5 9 5 2 7 3 2 1 0 0 0 0 0 0 0 0 0 2 0 0 0 0 1 1 2 2 3 3 2 1 33 32 9 21 14 21 46 55 75 82 70 39 42 54 33 52 35 62 76 58 63 22 43 38 32 82 90 70 53 24 16 17 55 36 26 24 33 36 17 13 6 6 7 9 7 2 1 4 2 3 1 1 1 1 0 0
0 0 1 6 11 8 30 46 40 40 21 14 5 10 17 10 3 1 2 0 0 0 0 0 0 1 2 1 0 1 0 1 3 1 2 4 5 5 4 4 5 13 13 13 9 21 56 30 68 75 86 49 44 44 60 57 11 58 71 68 64 49 40 33 22 75 82 83 60 57 14 7 41 62 33 9 13 10 18 6 9 6 6 4 7 3 1 1 2 2 1 1 0 0 0 0
1 1 2 17 20 34 52 51 48 67 67 25 30 26 24 16 5 10 4 2 1 0 0 1 2 10 7 1 0 1 1 2 1 2 1 3 4 7 10 7 5 6 7 5 20 24 42 34 10 62 76 82 44 34 47 23 18 17 47 56 85 79 23 28 54 64 64 82 38 55 43 10 13 43 32 23 14 14 19 15 9 7 3 2 2 3 2 1 0 1 1 1 1 1 0 0
0 0 0 1 1 1 7 13 19 8 32 55 71 48 37 13 9 21 6 4 6 0 1 0 0 1 7 14 2 0 1 2 1 4 4 3 6 6 13 8 14 23 19 15 13 7 56 59 42 31 53 75 63 34 16 15 36 13 23 56 51 48 38 33 38 53 35 81 37 46 33 38 7 23 25 36 25 22 21 15 13 8 2 1 1 3 2 1 0 1 1 0 1 0 0 0
0 0 1 2 3 6 37 11 14 11 14 17 57 72 69 37 26 25 5 12 3 5 1 4 3 1 1 1 2 1 0 2 3 8 2 3 3 5 12 13 12 15 11 13 26 26 25 10 40 65 35 47 14 18 10 28 23 35 28 31 57 63 50 42 20 27 25 70 74 30 16 29 26 8 16 13 25 13 10 6 8 6 4 3 1 1 1 1 1 0 0 0 0 0 0 0
0 0 0 0 1 1 7 8 6 15 9 2 9 34 60 70 62 8 1 1 2 7 3 7 3 3 2 1 1 2 1 18 10 3 19 6 7 10 13 9 14 26 39 27 36 24 32 19 22 22 71 44 38 27 20 16 30 36 29 33 54 72 56 38 35 29 40 61 76 56 26 14 36 24 14 4 5 15 12 9 4 3 4 3 2 0 0 1 1 1 0 0 0 0 0 0
0 0 0 1 2 3 2 3 4 7 13 9 26 8 9 13 17 6 2 4 11 1 3 5 24 22 2 3 2 20 6 7 24 18 31 8 45 14 11 11 14 17 18 30 25 30 31 23 25 32 32 43 27 28 35 29 24 36 19 10 23 36 50 48 52 39 34 43 53 57 36 38 41 20 22 9 5 11 10 5 6 2 2 1 1 1 1 1 0 0 0 0 0 0 0 0
4 0 4 1 1 2 2 3 6 14 9 12 4 14 24 11 14 9 2 7 1 5 5 4 2 6 7 14 13 2 7 18 15 6 8 10 5 34 9 16 17 25 11 18 14 16 17 27 33 42 26 15 51 50 38 48 32 29 28 29 16 30 53 34 32 32 22 27 37 55 20 23 19 12 13 9 5 3 6 8 4 3 1 1 0 1 1 1 0 0 0 0 0 0 0 0
7 6 0 0 2 1 7 21 3 3 9 9 7 22 8 14 4 2 1 1 2 3 4 5 5 4 6 8 4 7 3 28 9 22 15 30 4 13 24 7 13 25 20 33 33 13 20 26 23 41 21 37 10 26 26 60 26 34 29 43 30 28 14 14 11 5 4 9 16 17 11 4 16 11 8 16 11 6 7 4 2 3 2 1 1 0 1 0 0 0 0 0 0 0 0 0
7 5 20 2 1 9 1 1 14 12 2 11 4 20 8 11 8 3 2 6 9 14 5 2 7 10 8 11 32 32 20 4 5 7 18 11 10 3 44 20 21 17 9 13 33 27 20 14 28 41 36 13 57 40 30 60 43 18 31 17 17 26 16 12 5 4 3 1 10 20 16 7 6 11 10 13 10 7 13 6 2 2 1 1 1 0 0 0 0 0 0 0 0 0 0 0
2 8 13 6 1 0 6 2 1 2 6 4 2 4 12 6 3 1 2 3 9 8 20 13 11 13 13 14 48 56 24 14 7 17 24 17 29 12 3 47 15 26 24 24 14 14 20 31 28 38 23 10 23 12 9 35 24 23 20 10 12 21 14 14 12 5 3 3 3 7 10 7 12 11 13 15 18 10 3 3 3 1 1 1 0 0 0 0 0 0 0 0 0 0 0 0
14 6 23 8 14 3 1 23 3 7 21 4 14 10 4 18 3 2 2 2 2 8 12 12 12 20 20 22 35 70 64 40 13 11 55 33 31 21 8 22 55 17 17 49 29 30 24 34 38 25 20 9 7 11 11 12 24 17 12 7 7 8 12 17 6 8 3 2 2 1 1 4 5 2 3 4 6 10 4 2 2 1 1 1 0 0 0 0 0 0 0 0 0 0 0 0
16 10 7 15 5 7 11 3 33 16 29 49 21 26 14 5 4 4 5 18 5 15 32 19 15 19 25 20 12 16 59 44 27 18 19 46 25 17 13 9 14 38 15 11 14 18 22 34 56 37 53 23 14 13 10 9 11 10 7 22 8 4 5 4 3 3 3 1 1 1 1 1 1 1 1 3 3 2 3 2 1 1 1 0 0 0 0 0 0 0 0 0 0 0 0 0
5 27 16 22 15 20 34 26 12 10 5 3 7 5 8 22 10 5 13 2 28 9 39 42 16 22 29 19 11 5 10 37 53 27 9 28 34 14 33 23 18 10 32 34 19 19 36 27 45 30 57 26 13 11 10 8 8 7 4 10 11 5 2 2 1 1 2 2 1 0 1 0 0 0 0 1 1 1 1 1 1 0 1 0 0 0 0 0 0 0 0 0 0 0 0 0
5 5 1 10 11 1 3 2 12 7 19 17 17 22 11 13 22 16 15 11 9 7 39 68 36 32 31 35 19 5 6 7 48 27 31 23 44 13 35 40 26 12 10 33 25 33 27 27 40 23 7 10 18 16 14 13 4 3 1 1 4 2 1 1 1 1 1 1 1 0 0 0 0 0 0 0 0 1 1 1 1 0 0 0 0 0 0 0 0 0 0 0 0 0 0 0
3 5 3 2 2 4 3 3 3 10 6 8 7 4 9 22 6 5 10 22 11 56 29 54 55 34 47 38 40 16 7 10 7 25 29 34 43 16 37 23 27 28 22 18 34 23 26 43 39 34 27 14 17 9 8 7 4 2 1 1 1 1 1 0 0 0 0 0 0 0 0 0 0 0 0 0 0 0 0 0 0 0 0 0 0 0 0 0 0 0 0 0 0 0 0 0
6 5 3 2 3 9 4 2 5 5 2 4 6 2 8 11 7 9 5 7 45 29 21 20 70 34 12 10 11 8 10 4 11 5 11 17 83 61 26 36 25 13 22 25 16 29 20 24 51 48 46 24 15 9 7 6 1 1 1 2 4 4 2 2 2 1 1 0 0 0 0 0 0 0 0 0 0 0 0 0 0 0 0 0 0 0 0 0 0 0 0 0 0 0 0 0
2 1 1 1 0 1 1 2 1 1 4 3 6 1 3 8 4 8 15 51 27 20 40 44 67 52 19 14 14 18 16 17 6 10 12 8 5 8 26 23 15 30 12 24 20 34 37 26 51 34 43 39 25 14 7 2 1 1 2 4 9 13 14 9 2 2 1 1 1 1 0 0 0 0 0 0 0 0 0 0 0 0 0 0 0 0 0 0 0 0 0 0 0 0 0 0
1 0 1 0 1 1 1 1 0 0 1 1 3 3 2 3 3 8 14 10 15 19 9 4 11 10 7 11 29 33 17 39 29 13 10 7 8 8 7 20 16 34 24 12 34 25 42 32 30 18 24 23 16 12 4 5 4 4 11 13 19 15 11 10 6 2 4 3 3 2 2 1 0 0 0 1 0 0 0 0 0 0 0 0 0 0 0 0 0 0 0 0 0 0 0 0
1 0 1 0 0 0 1 3 7 7 7 0 1 2 2 1 3 9 31 18 30 9 17 10 7 11 33 19 22 28 41 29 19 22 26 5 3 5 8 12 11 18 28 30 31 30 21 18 39 20 16 14 9 5 7 11 6 15 21 15 25 20 20 13 10 8 7 10 10 6 5 2 0 0 1 1 0 0 0 0 0 0 0 0 0 0 0 0 0 0 0 0 0 0 0 0
0 0 0 0 1 2 0 6 17 23 11 10 3 1 2 4 4 15 19 9 6 9 20 15 12 14 25 12 6 18 18 12 6 11 24 14 6 5 11 7 5 9 10 12 19 21 22 16 26 20 10 5 10 12 21 20 20 25 30 30 18 28 30 20 32 14 16 15 14 12 3 1 1 1 2 1 1 0 0 1 0 0 0 0 0 0 0 0 0 0 0 0 0 0 0 0
0 0 1 1 2 1 4 3 1 5 16 16 11 18 21 19 41 14 14 25 6 4 20 10 14 21 12 11 7 13 18 19 19 16 24 13 9 21 21 7 4 22 12 19 14 9 24 13 13 10 9 13 21 31 30 37 26 23 23 28 21 34 39 46 41 31 22 16 16 12 7 4 8 4 1 2 1 0 1 0 0 0 0 0 0 0 0 0 0 0 0 0 0 0 0 0
1 0 0 1 5 4 9 37 30 15 17 42 27 21 41 26 63 63 56 36 13 31 3 5 5 5 21 24 25 36 11 51 53 23 8 12 4 15 15 9 27 13 13 12 17 11 16 14 12 12 22 23 40 54 53 40 49 32 38 37 27 46 46 45 40 34 25 21 21 19 13 3 2 1 0 1 2 1 0 1 0 0 0 0 0 0 0 0 0 0 0 0 0 0 0 0
1 1 5 1 0 7 21 34 45 12 12 50 15 16 39 22 22 10 22 41 10 18 10 9 6 12 17 27 29 47 21 14 15 39 20 18 7 27 13 12 18 28 24 24 27 39 41 35 12 38 49 42 47 60 65 64 36 23 61 46 35 44 46 35 47 48 12 39 36 20 14 7 4 1 1 2 4 2 0 1 0 0 0 0 0 0 0 0 0 0 0 0 0 0 0 0
6 1 2 11 4 2 2 6 9 38 7 40 18 23 33 13 5 9 21 11 9 5 13 7 12 22 24 12 9 31 21 15 9 7 11 9 21 26 12 10 39 42 24 53 48 29 31 19 19 44 61 52 52 80 51 46 43 25 70 41 36 44 58 60 47 41 34 42 20 12 11 6 5 8 3 3 4 2 1 1 1 0 0 0 0 0 0 0 0 0 0 0 0 0 0 0
19 20 2 15 13 26 27 14 5 6 25 66 46 9 50 12 16 11 23 12 7 6 25 11 20 17 20 18 16 14 9 12 14 20 26 16 32 6 12 22 37 38 53 57 39 22 13 23 43 34 50 66 77 47 34 47 46 31 73 43 69 35 60 38 37 69 47 27 40 18 11 12 24 20 4 1 2 3 1 1 1 0 0 0 0 0 0 0 0 0 0 0 0 0 0 1
13 23 27 18 22 61 35 66 44 4 19 53 4 13 43 29 18 7 38 4 5 5 12 7 31 22 12 10 11 4 3 12 25 15 36 11 41 9 29 24 53 55 65 35 34 26 25 44 50 44 41 64 64 41 51 63 55 41 75 72 49 60 52 61 75 58 51 40 29 13 14 46 22 3 5 5 3 2 2 1 1 1 0 0 0 0 0 0 0 0 0 0 0 0 1 2
25 40 43 56 58 60 67 74 54 23 19 20 25 6 41 24 16 10 7 4 4 8 20 9 16 13 12 28 21 21 22 26 16 8 12 22 53 23 27 35 61 63 50 34 20 36 36 63 67 44 40 58 46 33 46 70 37 64 65 63 70 35 51 80 79 57 49 32 36 40 28 25 14 10 7 2 2 1 1 1 0 0 0 0 0 0 0 0 0 0 0 0 0 0 1 7
2 47 65 42 69 17 46 65 66 64 54 57 35 6 45 62 33 9 13 9 4 12 17 10 8 13 23 6 9 11 4 10 8 23 52 29 45 19 20 35 60 43 30 15 29 50 42 48 70 48 52 57 25 48 67 60 29 60 43 76 62 67 77 71 59 44 53 32 17 7 7 5 2 1 1 1 0 0 0 0 0 0 0 0 0 0 0 0 0 0 0 0 1 1 1 5
7 10 28 8 4 5 10 9 14 6 9 22 53 11 6 40 59 38 26 18 9 8 5 7 22 5 12 13 35 32 6 16 19 25 63 57 66 30 21 42 39 21 15 33 53 50 41 45 68 41 57 68 55 60 77 55 60 32 58 65 45 69 62 27 14 17 12 21 34 30 26 18 23 7 2 0 1 0 1 1 0 0 0 0 0 0 0 0 0 0 0 0 0 2 5 6
7 9 3 5 11 30 40 12 18 3 8 7 4 2 8 4 8 12 6 4 3 18 8 12 4 22 16 26 13 22 22 45 30 34 56 62 43 36 33 47 24 24 29 47 53 47 54 32 51 61 58 81 86 67 69 83 84 67 83 82 82 88 69 77 58 52 48 41 26 8 12 10 5 5 4 4 2 1 0 0 0 0 0 0 0 0 0 1 0 0 0 0 0 1 3 9
11 17 13 14 25 34 46 34 12 9 17 10 11 8 8 12 9 3 3 4 7 23 7 9 20 22 9 48 38 28 41 53 37 41 60 26 15 28 14 44 34 27 31 42 51 55 59 43 53 68 63 76 75 75 31 46 81 88 87 73 32 25 50 46 76 53 41 53 21 10 7 7 10 4 1 1 0 1 0 0 0 0 0 0 0 0 1 1 1 1 1 1 0 1 4 4
8 2 11 14 23 22 38 23 5 11 10 13 30 22 9 11 4 7 6 6 2 5 34 22 12 3 10 25 30 22 22 34 48 25 48 13 25 19 6 44 29 32 42 49 43 58 69 55 76 84 58 39 42 35 24 27 65 74 67 43 59 47 42 53 42 37 36 19 29 18 18 7 6 4 3 2 1 1 0 0 0 0 0 0 0 1 1 2 4 2 2 1 1 4 7 6
