sesion_6_simulaciones/modelos_agentes/ejemplos_netlogo/scenarios/cgcm2_b2/rob_2100.asc
NCOLS 322 
NROWS 307 
XLLCORNER 451900 
YLLCORNER 4086900 
CELLSIZE 100 
NODATA_value -9999 
[rows 222 to 295 of 307, columns 0 to 95 of 322]
3 4 8 16 19 11 26 21 3 11 12 13 30 10 9 5 5 2 2 3 10 15 21 23 15 14 10 25 36 17 9 29 43 13 31 23 14 16 26 49 18 18 31 34 29 63 34 51 57 82 81 49 37 39 38 21 35 48 32 43 50 33 26 52 35 43 25 30 21 15 12 9 4 2 1 1 0 0 0 0 0 0 0 0 0 1 2 5 6 3 2 2 4 9 19 9
7 7 5 4 7 12 16 30 17 7 7 18 20 10 5 5 5 10 13 13 16 23 13 48 24 23 18 17 27 29 15 20 12 15 36 9 11 14 19 42 43 22 19 35 11 9 21 11 16 57 68 53 53 37 31 32 20 24 40 47 39 56 29 36 48 26 23 26 26 12 5 4 2 1 1 0 0 0 0 0 0 0 0 0 1 1 2 4 10 11 4 7 12 13 2 2
9 14 28 52 26 21 24 28 15 22 27 41 17 9 9 13 11 26 9 11 50 10 17 19 20 15 10 35 25 18 17 18 12 25 17 11 14 20 17 35 22 24 20 65 66 50 39 45 37 22 28 44 32 29 23 22 22 33 33 35 40 43 27 58 57 33 24 15 13 7 4 4 2 1 1 0 0 0 0 0 0 0 0 1 1 3 2 7 21 21 8 12 18 12 2 2
9 27 33 31 55 61 21 18 11 32 42 24 15 8 11 13 4 2 1 23 11 16 37 18 12 23 14 18 14 9 11 11 23 5 5 18 9 20 13 22 19 29 41 25 34 55 45 67 63 41 24 29 20 30 16 18 22 38 30 27 38 22 19 15 22 19 10 11 6 3 3 2 1 1 0 0 0 0 0 0 0 0 1 1 2 5 10 12 37 32 29 27 9 6 3 3
2 6 10 8 27 67 44 4 18 29 42 12 21 18 3 2 1 1 11 42 8 20 27 37 18 18 11 3 11 6 11 22 15 7 15 14 16 22 11 15 40 59 47 27 41 48 55 28 67 76 30 25 11 17 18 28 24 22 22 16 13 9 14 8 6 11 13 7 4 2 1 1 1 0 0 0 0 0 0 0 0 0 1 1 2 7 21 32 42 51 28 12 9 4 2 2
14 8 13 21 22 25 8 10 13 17 30 32 38 7 1 1 8 15 29 48 14 14 18 49 28 8 15 5 6 11 3 9 24 8 6 4 14 20 50 60 27 22 18 62 33 39 64 45 41 17 34 38 35 31 30 32 34 22 20 16 15 7 8 5 6 7 6 2 1 2 1 0 0 0 0 0 0 0 0 0 1 1 2 3 2 7 27 58 41 5 5 2 2 3 2 1
8 8 9 26 20 20 20 17 9 25 29 20 16 5 10 29 28 30 31 43 10 15 12 30 3 3 10 3 8 12 3 3 12 7 4 9 7 6 44 62 40 25 48 38 82 55 28 40 36 32 24 48 45 43 46 39 22 24 11 7 6 2 1 1 4 3 3 2 1 1 1 0 0 0 0 0 0 0 1 1 1 2 3 4 9 15 21 58 26 9 7 4 3 3 2 2
2 5 19 13 12 16 23 21 17 19 14 33 23 22 20 33 23 11 32 21 8 8 6 5 2 13 3 1 8 5 2 5 3 5 19 33 17 18 9 23 31 18 16 14 43 77 53 35 32 34 29 30 31 44 52 52 26 18 6 4 2 2 2 7 6 3 1 1 1 0 0 0 0 0 0 0 1 1 1 1 4 3 8 7 21 31 36 35 15 8 10 15 6 4 2 1
8 7 12 14 21 20 35 14 22 18 9 22 13 34 17 25 21 12 14 36 2 3 3 2 4 1 3 3 2 4 1 3 2 4 5 14 14 41 15 7 28 42 41 37 51 23 34 25 19 25 20 21 34 35 31 31 35 22 19 6 7 5 2 3 4 2 1 1 0 0 0 0 0 0 0 0 1 1 1 3 8 5 14 11 13 46 68 34 19 25 30 16 5 2 2 1
2 8 15 19 10 11 12 30 9 14 11 8 15 13 9 20 16 8 5 7 3 2 2 4 2 2 2 1 1 2 1 2 14 8 5 4 26 13 20 18 7 17 64 70 79 47 21 15 31 35 36 16 25 34 27 29 22 7 10 14 7 4 2 2 1 2 1 0 0 0 0 0 0 0 0 1 1 4 6 10 17 18 19 11 8 26 56 25 17 40 28 9 4 3 2 1
2 3 8 16 13 11 8 20 8 7 8 7 5 8 6 8 26 4 2 4 1 1 0 2 1 2 1 1 1 1 2 3 5 17 9 14 7 13 22 7 16 15 15 31 32 24 28 16 31 23 38 23 21 21 21 34 17 9 3 3 4 2 1 1 0 2 1 1 0 0 0 0 0 0 1 1 3 7 12 24 33 46 26 16 12 16 31 32 37 28 11 5 2 2 3 2
1 1 6 4 5 15 8 5 12 6 12 7 6 9 6 3 5 2 2 1 1 1 0 0 1 1 0 1 1 1 1 2 2 2 3 7 5 7 9 5 13 25 53 29 31 17 20 8 12 15 22 18 19 23 27 16 11 4 2 0 3 5 2 3 2 2 1 1 1 0 0 0 1 1 1 2 3 16 18 38 59 52 37 39 18 23 60 59 42 20 13 7 5 5 4 1
1 1 1 2 3 6 18 18 30 4 5 9 1 6 2 3 7 1 1 1 1 2 0 1 1 0 0 2 3 8 7 1 3 3 9 13 15 20 15 22 33 38 45 54 53 55 59 30 29 46 32 19 17 13 12 10 5 2 1 3 3 8 8 3 2 1 0 0 0 0 0 1 1 2 3 2 6 16 26 43 43 64 51 55 39 69 48 49 27 32 23 20 13 8 4 2
0 0 1 2 3 4 3 8 5 6 7 3 0 1 0 0 3 0 0 0 0 1 0 1 0 0 0 1 3 2 17 33 18 21 33 19 24 17 18 30 44 41 42 66 40 27 29 8 18 36 48 36 19 11 10 10 9 7 18 8 4 5 3 3 1 0 0 0 0 0 1 2 5 3 6 4 5 12 32 47 70 57 61 57 70 50 51 48 21 24 45 34 22 7 5 6
0 0 0 0 0 2 3 4 4 2 2 3 0 2 0 1 0 0 0 0 0 0 0 0 0 1 3 2 4 2 4 16 56 32 51 77 78 53 51 55 17 62 68 58 74 60 62 38 33 39 35 29 32 13 13 26 21 13 8 4 4 6 5 1 0 0 0 0 0 0 1 2 7 11 9 5 8 7 17 21 67 76 73 39 34 78 45 50 47 49 29 30 21 16 9 7
0 0 0 0 0 1 1 3 7 2 1 0 1 0 0 1 0 5 0 1 6 2 1 0 0 0 0 1 1 3 3 4 7 50 40 74 80 77 71 57 57 26 73 74 76 56 71 45 34 36 21 18 9 12 5 5 8 9 7 4 2 2 1 0 0 0 1 0 0 0 1 2 6 14 17 8 10 16 19 20 53 73 64 28 64 63 51 69 69 46 44 35 31 18 26 16
0 0 0 1 2 0 1 3 3 1 1 0 0 0 0 0 0 0 2 1 1 8 3 1 0 0 1 1 1 3 3 6 12 11 8 50 81 45 79 44 53 54 47 70 65 60 43 24 55 47 34 29 33 27 15 9 6 5 4 3 2 0 0 0 0 0 0 0 0 1 1 4 8 19 39 21 14 21 35 44 61 74 45 42 61 26 15 29 41 20 18 31 22 21 12 6
0 0 0 0 0 0 0 1 1 1 0 0 0 0 0 0 0 0 0 1 0 0 11 3 0 0 1 2 2 4 5 4 11 17 11 15 45 68 59 60 60 52 56 54 56 68 61 38 18 42 37 36 29 32 25 10 6 2 3 2 1 1 1 1 0 0 0 0 0 1 3 3 10 14 34 41 20 20 24 62 63 82 36 42 69 31 33 29 20 14 12 21 18 12 3 1
0 0 0 0 0 0 0 0 0 0 0 0 0 0 0 0 0 0 1 1 0 0 0 3 3 0 1 7 5 5 10 9 15 27 25 20 25 56 45 56 24 32 23 36 37 39 13 45 29 26 32 22 19 23 22 17 13 8 5 6 3 2 1 0 0 0 0 0 1 3 5 8 10 14 17 49 58 34 55 46 75 69 58 76 32 37 42 36 43 44 23 24 18 9 4 1
0 0 0 0 0 0 0 0 0 0 0 0 0 0 0 0 0 1 1 0 0 0 0 8 2 1 1 1 1 2 5 7 18 23 26 33 20 16 24 16 31 20 10 12 20 31 27 36 19 17 25 20 17 13 12 11 8 5 4 2 1 1 1 0 0 0 0 1 4 4 5 10 18 15 22 24 75 30 35 65 73 52 60 69 61 54 41 67 64 22 21 15 8 3 1 1
0 0 0 0 0 0 0 0 0 0 0 0 0 0 0 0 0 0 1 1 1 0 0 1 1 1 1 4 1 7 13 10 10 20 22 36 37 21 16 10 9 16 22 22 34 34 25 13 17 24 19 16 11 14 10 8 7 2 2 1 1 0 0 0 0 1 2 3 4 7 13 7 4 19 55 46 71 46 49 64 71 66 51 59 46 30 33 57 46 37 15 10 6 3 2 1
0 0 0 0 0 0 0 0 0 0 0 0 1 1 3 1 0 0 0 0 1 1 1 4 8 3 3 4 3 4 11 14 21 27 25 38 38 58 42 17 19 13 15 14 19 15 19 11 8 14 12 16 16 12 6 5 3 2 2 1 1 0 0 0 0 1 4 4 6 10 13 14 9 23 48 35 61 74 51 61 65 68 68 66 47 58 41 46 44 34 20 14 5 4 2 1
0 0 0 0 0 0 0 0 0 0 0 0 0 0 0 6 1 0 0 0 1 1 1 2 1 3 6 19 26 15 10 20 24 35 37 34 39 50 62 57 29 21 22 29 30 19 11 14 20 15 23 22 9 6 9 5 7 4 1 1 0 0 0 1 0 3 5 10 16 20 17 20 13 25 67 39 19 61 84 60 69 69 65 57 45 36 12 32 43 28 15 6 6 5 6 4
0 0 0 0 0 0 0 0 0 0 1 0 0 0 0 0 0 0 0 0 0 2 1 1 4 4 2 4 8 29 35 31 39 51 45 33 48 63 69 59 36 32 29 39 39 43 23 40 24 12 6 5 8 8 2 3 2 2 1 1 1 0 0 1 2 5 7 17 27 31 29 35 25 34 59 67 25 50 66 59 58 38 31 19 27 40 21 24 26 17 13 9 8 8 6 4
0 0 0 0 0 0 0 0 0 0 0 0 0 0 0 0 0 0 0 1 1 1 1 2 2 6 3 1 1 31 21 51 71 46 51 53 38 50 63 65 63 63 49 33 47 57 31 33 24 13 13 12 5 8 5 2 3 3 3 2 1 0 1 2 4 5 8 23 28 46 36 53 28 29 53 69 54 33 66 40 30 19 32 26 25 12 12 18 32 28 14 11 13 10 6 2
0 0 0 0 0 0 0 0 0 0 0 0 0 0 0 0 0 1 0 1 0 1 1 1 1 4 5 3 3 3 4 5 42 39 45 40 29 50 46 35 31 24 22 22 31 52 29 26 20 20 14 9 5 3 2 4 5 3 2 2 0 0 1 1 4 9 17 23 23 37 66 47 53 27 30 62 51 74 44 29 35 25 24 26 35 17 25 28 23 11 12 21 23 11 7 2
0 0 0 0 0 0 0 0 0 0 0 1 0 0 0 0 0 1 1 0 0 0 0 1 2 2 4 4 10 14 7 16 20 14 7 17 26 35 24 31 17 19 11 18 20 23 21 29 15 11 10 9 10 8 2 3 4 5 3 1 0 0 0 2 3 8 8 8 13 16 38 66 75 30 19 46 31 66 27 40 25 25 17 29 33 32 27 13 23 19 23 28 14 8 4 2
0 0 0 0 0 0 0 0 0 0 0 1 0 0 0 0 1 1 1 0 0 0 0 1 2 4 9 11 6 5 5 8 20 25 19 16 36 40 38 35 38 32 49 42 25 25 26 29 24 14 5 8 6 5 6 5 4 2 1 1 0 0 1 1 4 8 14 28 20 13 24 34 54 61 37 32 62 49 37 35 17 33 35 25 15 30 37 30 37 42 21 20 9 5 3 4
0 0 0 0 0 0 0 0 0 0 0 0 0 0 0 0 1 0 1 0 1 1 1 1 13 30 18 5 14 27 27 13 29 29 26 26 37 53 44 40 53 41 33 33 31 30 43 48 27 18 20 14 18 17 9 3 2 2 1 1 0 1 1 2 6 11 23 37 38 22 16 20 40 58 63 36 70 46 46 49 46 28 37 47 41 39 51 42 34 41 39 16 14 8 3 3
0 0 0 0 0 0 0 0 0 0 0 0 0 0 1 0 2 1 0 1 1 2 2 4 12 39 30 10 6 13 18 17 12 16 25 19 23 32 30 56 68 41 48 48 58 53 46 48 33 25 28 30 20 10 10 6 5 2 1 1 0 1 2 5 10 19 43 39 26 26 25 35 38 29 19 71 70 46 38 38 29 36 56 50 53 61 57 63 48 40 19 12 9 9 5 4
0 0 0 0 0 0 0 0 0 1 1 0 0 0 1 0 0 0 0 1 1 2 3 26 11 6 19 15 13 23 37 30 16 9 15 14 27 36 47 47 39 40 70 65 71 63 43 29 23 19 9 15 18 9 6 5 2 2 2 1 0 1 2 7 16 26 42 41 39 48 44 37 63 61 49 49 64 58 28 36 42 53 53 36 50 53 52 38 50 22 13 10 16 8 5 4
0 0 0 0 0 0 0 0 2 1 3 2 0 0 2 1 0 0 0 0 0 0 1 11 2 5 14 33 39 59 77 23 44 25 15 10 19 65 47 51 66 17 25 12 18 37 23 35 20 22 17 19 16 13 5 3 3 2 2 1 0 2 3 7 23 45 40 40 29 67 78 34 64 76 74 60 42 45 39 26 37 37 44 61 53 49 35 31 36 27 26 26 19 15 6 2
0 0 0 0 0 0 0 0 0 0 0 0 0 1 1 1 1 0 0 0 1 1 3 7 1 1 2 16 25 16 42 73 35 48 48 43 44 45 36 41 54 56 44 52 51 34 38 49 33 30 26 13 10 8 6 5 4 4 3 1 1 4 12 17 29 37 44 41 33 30 59 75 42 63 71 70 55 33 53 42 55 60 44 36 50 48 36 27 31 48 40 31 14 7 7 2
0 0 0 0 0 0 0 0 0 0 0 0 0 1 1 1 1 0 0 1 1 1 2 13 3 0 4 2 7 18 6 22 46 36 63 57 36 12 15 13 31 39 36 46 59 63 46 28 40 35 21 26 20 10 7 10 4 3 3 1 2 7 18 30 48 56 40 34 62 55 37 30 66 70 58 68 48 45 69 67 28 26 32 41 41 32 47 36 41 24 20 10 6 6 3 2
0 0 0 0 0 0 0 0 0 0 0 0 0 1 0 0 1 0 0 0 0 3 4 13 7 3 4 6 11 10 11 4 4 11 13 13 13 14 15 11 9 17 16 23 47 47 33 50 46 40 35 27 22 18 14 11 8 4 3 1 4 10 20 43 55 54 42 52 53 73 52 50 28 27 46 46 67 59 38 46 39 55 51 60 52 44 56 49 26 15 13 11 6 2 3 3
0 0 0 0 0 0 0 0 0 0 0 0 0 0 0 1 1 0 0 0 1 3 7 9 4 1 4 11 8 18 21 7 24 33 40 32 33 29 31 16 14 16 48 58 61 41 48 44 46 48 40 29 26 22 16 14 9 5 2 1 2 9 33 51 46 64 48 56 55 46 82 58 43 30 19 64 40 61 51 51 56 71 71 63 53 64 51 39 21 16 14 10 5 3 5 7
0 0 0 0 0 0 0 0 0 0 0 0 2 3 2 7 1 0 0 0 2 3 8 8 3 9 2 9 11 23 11 34 28 20 26 30 24 27 13 24 50 61 37 40 33 46 41 38 50 41 47 39 28 23 18 15 7 5 2 2 2 5 18 51 77 65 46 60 54 45 37 53 59 17 12 30 60 74 70 61 61 62 65 71 65 46 50 35 46 24 12 8 3 7 4 18
0 0 0 0 0 0 0 0 0 0 1 0 2 3 5 0 0 0 0 1 1 2 6 10 12 4 7 8 7 8 13 52 20 20 26 31 33 21 34 36 63 55 54 52 55 57 56 49 61 51 49 35 32 24 21 10 6 5 5 2 3 5 19 40 67 57 68 72 58 72 65 62 58 24 25 45 57 57 62 55 53 54 53 60 50 45 45 50 51 38 15 12 9 11 9 25
0 0 0 0 0 0 0 0 0 0 0 0 1 11 1 0 1 0 0 1 1 2 4 2 2 2 16 3 9 8 25 15 26 38 30 31 32 37 47 43 38 52 58 65 62 67 59 67 61 38 31 31 26 28 26 13 9 6 5 2 4 7 18 37 56 50 45 62 76 61 74 59 63 28 45 58 57 63 44 43 49 52 42 37 39 40 40 38 32 32 28 22 9 19 26 25
0 0 0 0 0 0 0 0 0 0 0 0 0 1 0 0 0 1 1 1 1 4 5 2 2 7 3 6 12 27 33 33 30 32 25 29 43 44 51 47 55 66 69 55 51 67 69 67 50 46 39 35 27 21 17 22 17 8 4 2 4 11 24 39 44 52 43 47 69 80 70 61 52 76 67 36 29 34 48 48 45 49 52 48 37 47 30 45 32 24 27 21 11 22 25 22
0 0 0 0 0 0 0 0 0 0 0 0 0 0 0 0 0 0 0 1 2 2 2 5 6 2 3 13 32 7 8 9 25 24 31 41 43 44 44 46 50 64 51 57 70 64 69 69 47 49 40 34 29 16 17 19 11 9 8 3 3 7 33 45 58 50 46 42 40 40 50 52 50 62 12 32 36 36 32 35 40 39 37 56 48 50 43 41 30 28 28 13 14 27 25 34
0 0 0 0 0 0 0 0 0 0 0 0 0 0 0 0 0 0 0 1 2 1 9 11 2 3 6 11 6 8 10 14 23 18 29 38 43 43 37 68 51 43 48 64 34 54 71 71 68 61 30 29 24 30 28 16 12 13 7 3 1 6 15 41 49 52 78 55 55 51 42 24 41 57 33 45 48 36 35 37 45 43 49 51 50 23 25 21 26 41 27 9 22 41 41 42
0 0 0 0 0 0 0 0 0 0 0 0 0 0 0 0 0 0 0 1 1 6 4 2 2 9 4 5 6 9 13 15 11 19 23 42 27 28 54 45 38 60 70 38 60 61 61 67 56 37 32 41 39 35 32 29 22 17 9 4 2 6 21 33 43 64 75 84 50 59 44 25 27 65 67 29 43 49 55 35 38 40 53 49 34 16 38 33 28 20 12 5 26 43 42 41
0 0 0 0 0 0 0 0 0 1 0 0 0 0 0 0 0 0 0 1 1 1 0 2 7 1 1 4 6 8 21 15 12 26 28 31 32 46 53 59 38 34 45 56 53 60 47 53 50 49 45 55 50 28 28 27 27 13 12 6 4 12 17 34 52 57 70 74 66 63 45 47 50 65 39 31 31 35 42 48 35 69 56 33 41 50 40 30 16 8 6 17 35 44 42 46
0 0 0 0 0 0 0 0 0 0 0 0 0 0 0 0 1 0 1 0 0 0 0 2 1 2 3 8 10 11 11 8 11 15 29 19 56 51 56 32 21 24 35 53 62 59 57 60 61 60 57 52 40 27 22 20 18 16 15 11 7 17 28 46 61 61 52 46 64 74 63 24 36 59 29 35 60 59 56 63 58 45 45 45 49 51 26 27 15 12 13 31 37 40 32 45
0 0 0 0 0 0 0 0 0 0 0 0 0 0 0 0 0 0 1 2 2 1 0 1 2 5 6 14 6 4 8 10 22 18 43 17 9 8 9 23 27 46 60 66 68 64 58 61 48 64 46 42 46 27 31 19 17 18 16 14 9 26 40 44 62 58 49 27 46 63 61 36 48 53 30 19 37 66 64 63 65 37 46 50 46 47 26 20 31 15 31 35 21 47 45 45
0 0 0 0 0 0 0 0 0 0 0 0 0 0 0 0 0 1 1 0 1 1 1 1 4 3 4 6 4 5 21 13 10 44 10 6 24 28 33 32 53 61 55 64 68 72 67 63 51 53 50 49 47 44 37 32 29 20 17 9 21 32 56 74 65 58 44 47 53 50 61 32 39 46 58 38 42 45 61 66 54 60 44 50 49 41 29 10 14 29 29 19 29 36 61 45
0 0 0 0 0 0 0 0 0 0 0 0 0 0 0 0 0 0 0 1 1 1 1 1 3 3 3 4 5 7 7 9 14 10 2 12 15 23 36 75 53 48 61 65 67 71 59 55 50 42 48 49 48 35 41 26 34 32 21 21 26 51 43 61 60 53 45 55 53 43 65 54 34 47 56 38 46 50 48 49 58 49 39 40 44 32 17 6 13 38 21 31 41 40 60 40
0 0 0 0 0 0 0 0 0 0 0 0 0 0 0 0 1 0 0 1 4 1 0 1 4 2 5 4 4 3 12 35 18 2 5 18 13 37 50 50 48 62 63 50 55 57 60 60 46 52 49 50 50 47 45 42 38 35 26 25 28 35 41 43 59 71 54 72 69 52 39 37 47 40 56 58 42 43 35 39 47 42 38 45 43 28 13 8 30 34 36 55 57 42 51 38
0 0 0 0 0 0 0 0 0 0 0 0 0 0 0 1 0 0 0 1 1 0 1 2 0 3 3 2 13 5 18 12 2 4 18 6 19 17 31 59 64 49 38 74 68 48 56 61 59 55 52 52 51 49 48 47 43 27 29 30 33 53 35 37 33 53 73 72 65 61 65 60 33 45 35 37 23 31 46 52 40 46 37 49 45 13 9 29 26 36 51 55 48 29 45 43
0 0 0 0 0 0 0 0 0 0 0 0 0 0 0 0 0 0 0 0 0 1 2 0 0 1 1 1 11 10 11 1 3 6 11 39 14 21 42 50 54 44 59 32 44 41 57 70 57 56 56 54 53 49 50 49 32 21 36 48 38 54 45 46 43 50 56 81 50 41 26 46 30 19 21 36 48 39 35 38 39 32 51 44 20 12 22 31 37 32 37 46 57 44 45 42
0 0 0 0 0 0 0 0 0 0 0 0 0 0 0 1 0 0 0 0 1 0 1 0 1 2 1 5 12 4 2 2 3 4 18 26 27 21 28 32 40 51 39 30 38 72 60 56 55 69 59 55 55 52 51 48 32 24 46 49 66 67 50 49 36 52 60 59 71 38 25 20 28 37 32 53 39 42 37 44 34 41 29 20 14 24 36 44 35 52 47 34 36 40 33 28
0 0 0 0 0 0 0 0 0 0 0 0 0 0 0 0 0 0 0 1 0 1 0 1 3 1 1 7 3 3 3 3 7 8 24 17 23 23 22 15 18 40 58 47 56 50 56 60 69 57 59 69 37 52 50 36 20 44 55 53 76 67 49 57 43 36 44 64 56 16 42 23 23 34 40 42 41 46 47 39 34 42 21 27 22 36 43 44 36 37 45 32 31 40 45 33
0 0 0 0 0 0 0 0 0 0 0 0 0 0 0 0 0 0 0 1 0 0 0 1 1 1 1 3 1 1 3 2 8 15 20 24 10 15 15 21 30 41 45 65 46 50 50 72 55 56 71 59 57 55 38 36 23 42 64 62 63 69 50 57 58 46 43 36 55 12 21 40 44 32 35 38 53 44 54 54 40 37 16 14 22 39 48 49 55 48 43 42 31 33 51 40
0 0 0 0 0 0 0 0 0 0 0 0 0 0 0 0 0 0 0 0 0 0 1 1 1 1 2 0 1 1 5 5 12 22 3 3 13 11 17 17 22 34 47 56 59 46 69 47 68 73 53 54 59 55 41 36 23 41 64 64 57 62 39 42 59 30 50 26 35 12 12 41 19 37 39 45 45 54 72 50 48 18 14 20 36 41 44 48 34 25 32 51 24 25 41 60
0 0 0 0 0 0 0 0 0 0 0 0 0 0 0 0 0 0 0 0 0 0 1 0 1 1 0 0 1 1 5 1 6 5 2 6 5 6 9 25 33 38 46 54 47 36 56 65 63 58 63 54 55 56 53 36 35 42 65 75 66 60 48 35 58 49 20 20 42 9 23 23 24 35 37 41 56 29 34 42 19 13 19 37 36 45 53 47 27 30 40 22 14 17 27 54
0 0 0 0 0 0 0 0 0 0 0 0 0 0 0 0 0 0 0 0 0 0 0 0 0 1 0 4 3 2 7 5 15 5 2 2 6 7 9 10 14 36 26 35 53 26 24 24 43 48 60 57 53 56 40 25 42 54 64 62 78 64 37 34 37 43 27 7 23 2 5 11 20 36 44 54 54 55 47 48 24 14 23 35 36 59 61 50 37 29 35 35 28 16 24 38
0 0 0 0 0 0 0 0 0 0 0 0 0 0 0 0 0 0 0 0 0 1 0 0 1 1 1 0 0 1 4 1 2 1 2 6 3 5 6 7 27 25 19 42 20 27 30 43 47 61 52 59 56 41 36 24 39 53 67 60 63 39 37 47 39 18 22 12 17 5 8 10 11 11 36 51 49 48 32 32 13 21 33 36 38 61 52 21 31 42 25 42 17 20 25 44
0 0 0 0 0 0 0 0 0 0 0 0 0 0 0 0 0 0 0 0 0 0 0 1 1 0 0 0 0 1 1 1 1 3 4 3 7 6 7 16 13 24 35 19 25 27 45 43 56 46 48 52 56 39 19 35 43 72 62 57 53 49 30 55 34 17 14 19 8 5 18 25 32 44 51 49 41 21 20 11 16 33 32 36 37 62 59 17 17 38 24 43 20 21 26 59
0 0 0 0 0 0 0 0 0 0 0 0 0 0 0 0 0 0 0 1 0 0 1 0 1 1 0 0 0 2 1 1 1 3 9 3 5 7 16 5 24 20 14 26 25 40 45 58 60 51 62 49 37 39 26 44 42 65 70 43 48 44 24 16 24 23 13 10 10 18 27 17 26 32 28 43 32 24 9 29 22 35 40 50 42 57 60 26 24 27 13 45 21 23 24 39
0 0 0 1 1 0 0 0 0 0 0 0 0 0 0 0 0 0 0 0 0 0 0 0 0 0 0 0 0 1 0 1 9 3 2 2 4 5 6 21 33 25 38 17 28 48 57 43 43 64 55 40 36 39 26 51 62 50 54 53 32 34 35 10 30 23 10 6 13 20 14 19 37 32 42 23 33 30 18 35 36 31 35 47 32 37 42 37 40 24 23 51 19 21 18 32
0 0 1 0 1 2 0 0 0 0 0 0 0 0 0 0 0 0 1 0 0 0 0 0 0 1 0 0 0 1 1 9 1 1 2 4 2 1 8 14 15 10 43 28 34 52 25 37 56 49 40 38 34 33 36 46 56 60 44 46 25 21 23 17 14 17 7 2 6 23 16 31 34 45 38 35 40 39 29 32 34 41 39 43 33 23 36 32 31 28 27 44 22 15 24 28
0 0 0 0 0 0 0 0 0 0 0 0 0 0 0 0 0 0 0 0 0 0 1 0 1 1 0 0 1 3 4 13 2 2 4 1 1 2 3 8 8 16 32 36 34 38 39 39 43 43 37 36 30 31 43 36 52 58 48 21 31 11 15 14 8 3 2 1 1 8 19 44 46 33 31 31 29 10 20 27 29 44 37 39 24 39 51 53 34 27 22 28 35 8 24 31
0 0 0 0 0 0 0 0 0 0 0 0 0 0 0 0 0 0 0 0 0 0 0 0 1 0 0 0 0 1 0 1 2 2 2 3 1 1 11 4 7 7 24 16 37 26 30 22 41 46 28 30 25 24 36 47 50 53 39 27 17 24 9 8 1 1 4 9 7 12 17 33 33 24 23 23 10 17 30 27 29 43 43 27 31 31 40 44 32 27 19 28 32 10 13 35
0 0 0 0 0 0 0 0 0 0 0 0 0 0 0 0 0 0 0 0 0 1 1 0 1 0 0 0 0 0 0 2 2 1 3 2 4 1 7 6 1 7 25 24 27 26 29 40 36 36 33 25 25 47 45 31 52 30 25 9 15 10 3 4 3 2 5 11 9 7 26 36 47 46 42 14 15 18 28 36 45 28 36 25 33 44 41 37 26 26 20 16 29 24 9 18
0 0 0 0 0 0 0 0 0 0 0 0 0 0 0 0 0 0 0 0 1 0 0 0 1 1 0 0 0 1 1 1 1 5 1 3 3 2 19 7 2 14 4 21 18 18 32 16 29 27 25 26 20 47 47 29 32 19 20 18 5 5 5 3 2 1 3 4 5 5 21 31 45 62 32 12 16 25 22 45 44 31 30 34 19 37 44 38 28 31 9 20 22 17 12 9
0 0 0 0 0 0 0 0 0 0 0 0 0 0 0 0 0 0 0 0 0 1 0 1 0 0 0 0 0 1 1 0 1 2 3 5 2 3 14 9 4 18 3 20 12 10 16 12 24 23 30 18 17 33 35 62 11 10 9 5 6 2 2 2 1 2 4 4 7 8 24 33 24 48 22 13 28 31 25 28 40 29 27 23 28 35 32 46 32 17 11 18 22 9 10 7
0 0 0 0 0 0 0 0 0 0 0 0 0 0 0 0 0 0 0 0 0 0 0 0 0 0 0 0 0 0 1 1 2 1 2 2 1 1 4 12 5 8 7 12 3 15 10 17 23 13 23 17 22 17 30 30 19 11 5 1 3 2 1 3 1 2 4 4 10 10 18 31 30 22 15 26 26 23 24 19 23 32 36 28 20 31 37 29 36 12 8 31 13 18 10 4
0 0 0 0 0 0 0 0 0 0 0 0 0 0 0 0 0 0 0 0 0 0 0 0 0 0 0 0 0 0 0 1 1 1 2 1 2 1 1 6 13 12 7 4 4 6 6 14 12 5 16 12 12 11 15 25 19 8 2 1 2 0 0 0 1 1 2 8 12 21 37 25 22 10 28 23 26 37 32 23 15 23 22 26 25 44 14 36 15 9 7 27 12 21 6 5
0 0 0 0 0 0 0 0 0 0 0 0 0 0 0 0 0 0 0 0 0 0 0 0 1 0 0 0 0 0 0 0 0 1 1 0 2 1 1 4 15 13 3 2 3 5 14 5 11 4 7 11 9 19 13 8 9 4 4 1 2 0 1 0 1 3 4 6 13 13 24 33 6 11 18 20 30 24 18 10 17 7 21 23 22 13 26 15 18 11 6 14 9 14 11 3
0 0 0 0 0 0 0 0 0 0 0 0 0 0 0 0 0 0 0 0 0 0 0 0 0 0 0 0 0 0 0 0 0 0 0 0 2 0 0 4 4 10 4 3 2 22 7 4 4 7 12 12 6 11 18 6 14 2 2 2 1 1 1 0 1 1 2 5 17 30 20 9 10 17 14 18 12 14 11 3 9 10 15 13 14 18 16 11 3 8 2 9 19 5 2 4
0 0 0 0 0 0 0 0 0 0 0 0 0 0 0 0 0 0 0 0 0 0 0 0 0 1 0 0 0 0 1 0 0 1 0 1 1 0 1 1 5 3 5 4 3 29 5 7 4 5 9 6 9 16 24 5 9 2 1 1 1 0 0 2 2 2 4 7 31 12 7 8 16 13 12 15 18 19 13 8 11 13 20 19 16 10 9 18 2 6 3 4 15 2 2 3
0 0 0 0 0 0 0 0 0 0 0 0 0 0 0 0 0 0 0 0 0 0 0 0 1 0 0 0 0 0 0 1 1 1 1 1 1 1 1 1 5 6 5 4 4 4 5 9 6 2 3 8 13 10 9 5 3 1 1 1 1 0 0 1 2 4 6 13 9 11 13 13 11 14 21 6 8 18 10 7 10 9 8 20 8 6 3 6 4 3 8 3 7 2 2 2
0 0 0 0 0 0 0 0 0 0 0 0 0 0 0 0 0 0 0 0 0 0 1 0 0 0 0 1 0 0 0 1 1 2 1 2 1 2 1 1 3 1 3 4 1 4 4 9 6 4 6 10 7 5 4 1 2 1 1 0 0 0 0 0 1 3 3 10 21 10 11 10 8 17 12 4 6 17 14 7 7 7 5 5 8 5 1 2 3 9 3 3 2 1 3 4
