sesion_6_simulaciones/modelos_agentes/ejemplos_netlogo/scenarios/cgcm2_b2/rob_2052.asc
NCOLS 322 
NROWS 307 
XLLCORNER 451900 
YLLCORNER 4086900 
CELLSIZE 100 
NODATA_value -9999 
[rows 148 to 221 of 307, columns 0 to 95 of 322]
0 9 7 6 13 18 17 10 3 2 3 49 38 42 37 41 59 40 31 43 16 22 5 3 0 1 0 1 0 0 1 0 1 1 1 2 1 2 2 2 10 12 11 8 16 7 20 19 11 21 11 15 26 9 18 32 28 15 9 29 40 43 34 25 38 51 56 34 41 70 66 59 35 45 66 77 25 21 20 36 33 27 11 18 50 37 11 7 30 22 18 22 39 32 19 39
4 11 12 15 21 30 18 33 28 7 10 26 38 56 60 66 74 40 46 45 43 32 6 14 2 0 0 0 0 1 5 3 0 1 0 1 1 2 2 3 6 4 2 7 15 55 25 19 8 10 7 20 22 20 6 6 7 4 28 22 21 56 36 26 37 60 56 56 57 67 39 20 15 51 37 32 60 13 15 41 37 20 27 18 9 39 17 10 7 14 6 26 15 38 23 8
2 1 4 23 14 40 32 7 17 31 12 19 71 73 73 43 77 62 60 68 45 12 9 5 6 3 0 2 1 1 1 5 1 3 5 4 1 4 5 4 3 3 6 28 45 27 16 12 9 8 9 12 13 13 25 19 25 26 28 29 43 55 30 26 59 58 67 73 51 12 56 34 32 45 65 26 30 9 3 10 23 23 16 27 12 14 32 20 8 11 6 4 9 11 17 6
1 1 3 2 3 3 3 5 7 6 18 8 25 61 61 51 78 74 69 15 5 6 15 11 24 13 4 1 1 0 1 2 19 14 14 22 31 3 2 5 12 17 40 33 10 11 5 12 7 5 14 13 14 13 16 13 31 34 35 39 60 51 48 33 57 75 61 48 77 39 19 56 58 30 34 12 24 42 19 8 11 18 20 11 15 8 12 33 22 11 9 5 3 10 14 11
9 2 2 2 3 3 4 8 8 12 7 23 12 7 5 6 8 7 13 16 10 32 34 25 47 10 32 7 6 6 4 4 15 1 0 0 3 29 2 2 12 7 14 19 17 28 29 38 16 8 14 15 20 17 5 17 23 56 32 54 57 62 72 88 85 70 65 39 42 85 41 34 32 39 22 6 11 11 36 23 11 12 23 18 10 14 9 10 26 8 7 6 2 2 5 5
12 9 6 4 5 3 3 11 1 4 18 14 13 19 12 12 8 21 31 44 70 46 72 37 31 15 13 11 7 25 12 1 1 2 2 0 2 2 12 3 1 42 6 9 15 10 4 10 23 14 24 31 29 21 7 14 22 42 67 55 78 66 78 78 77 78 69 23 37 69 73 54 36 22 29 18 13 10 19 13 19 12 11 17 12 9 7 8 36 18 4 3 4 1 6 6
36 15 32 18 14 13 19 3 5 3 7 11 12 35 36 12 5 18 49 52 68 82 60 75 47 31 41 36 15 18 49 25 9 1 3 3 7 6 5 13 2 27 9 8 22 3 6 10 7 27 33 45 55 42 41 21 28 45 66 65 47 38 74 78 75 66 67 50 35 51 79 27 34 20 14 10 18 6 19 33 12 17 16 7 7 5 7 5 9 7 13 3 2 1 1 2
51 37 48 23 34 23 19 25 4 3 9 5 35 23 9 27 19 15 13 52 67 58 51 61 42 36 43 35 18 5 18 61 52 30 20 6 8 10 10 14 6 27 52 17 21 12 6 6 7 13 12 16 32 9 14 43 30 57 42 24 22 25 29 55 52 21 32 19 49 60 56 51 27 21 23 8 9 12 12 24 19 10 13 10 5 6 5 4 4 4 5 8 4 2 1 1
24 44 34 58 67 38 16 54 10 4 7 9 8 11 26 31 20 32 21 13 17 49 58 18 29 54 26 54 28 5 5 7 33 60 42 20 13 10 8 13 13 30 56 13 18 19 15 21 24 27 27 33 23 23 27 24 40 69 53 48 52 48 23 15 8 26 23 26 19 33 34 53 55 26 13 7 9 11 14 19 20 28 6 8 5 3 3 1 3 4 4 1 6 2 1 1
58 75 56 76 58 19 46 70 19 18 19 7 28 52 42 21 41 29 28 16 18 18 13 49 31 11 18 48 58 19 16 10 7 52 51 42 44 35 31 40 34 19 58 57 21 14 22 27 27 28 40 57 27 41 48 25 19 42 52 40 36 25 13 23 24 7 3 16 36 38 40 50 24 25 12 10 14 12 18 13 15 11 13 5 4 3 1 1 1 2 2 2 2 3 1 0
38 78 32 78 33 61 62 67 12 28 34 15 12 9 26 29 33 61 55 66 22 14 20 20 21 19 29 70 26 72 23 35 28 51 20 41 41 72 40 31 40 20 46 59 63 22 17 15 37 26 27 22 18 39 46 23 39 72 70 73 34 45 51 40 35 16 14 20 26 27 25 33 25 14 21 5 10 18 14 16 8 6 8 6 2 1 1 0 0 1 1 2 2 1 2 1
11 68 48 63 62 69 65 20 30 52 44 27 23 14 14 10 13 26 28 63 38 10 17 22 59 58 52 60 22 67 68 21 23 30 58 65 52 75 85 45 38 13 22 56 62 48 40 24 37 11 9 15 47 45 33 29 37 29 23 26 21 36 56 48 46 32 29 29 19 22 23 20 14 19 5 8 8 12 6 4 5 4 3 4 5 4 2 3 2 1 1 1 1 1 1 1
13 12 9 49 65 64 21 26 64 34 54 66 45 32 16 22 29 28 36 19 30 48 43 15 48 51 59 66 66 33 82 76 33 14 35 77 73 57 49 63 64 15 27 62 75 78 34 28 32 28 22 18 68 33 81 81 80 66 82 70 48 27 34 32 33 27 30 29 25 13 15 20 16 18 8 12 5 6 5 6 3 3 3 5 2 2 2 2 1 1 1 1 1 1 0 0
12 53 31 23 15 39 32 72 74 46 44 57 26 43 12 30 22 24 36 24 30 33 34 15 60 68 61 83 75 57 73 84 76 44 35 10 29 56 40 21 28 19 11 80 80 75 58 59 44 61 83 89 76 47 42 74 67 36 39 59 57 37 46 35 31 23 20 33 23 10 11 11 13 13 8 9 7 7 4 3 2 2 1 2 2 1 1 1 1 1 1 1 0 0 0 0
33 38 27 47 37 17 51 81 69 75 12 43 62 58 71 33 52 23 19 18 21 10 38 62 82 59 82 88 73 72 48 63 79 51 48 25 55 73 81 82 64 45 28 39 80 66 53 86 54 56 79 78 84 51 33 80 86 56 42 30 69 68 26 53 34 30 19 20 16 12 14 10 10 7 6 6 5 4 3 1 1 1 1 1 1 1 1 1 0 0 0 0 0 0 0 0
26 26 56 31 26 10 43 66 49 78 27 39 71 55 72 50 26 41 30 46 50 53 17 52 66 73 82 84 60 82 65 81 72 74 71 75 67 76 81 72 16 56 63 30 13 49 55 76 58 50 72 68 71 75 40 49 74 90 62 45 55 34 34 31 36 44 39 28 17 8 15 8 5 4 3 2 3 2 1 1 1 1 1 1 1 0 0 0 0 0 0 0 1 1 1 1
22 16 9 24 36 35 13 78 27 26 28 45 53 12 41 55 31 37 30 63 62 35 35 18 53 84 76 83 64 86 71 73 65 58 70 72 83 76 76 82 76 54 21 18 8 11 56 67 47 21 33 67 74 77 75 80 83 80 86 46 31 37 33 38 35 32 39 15 11 16 7 5 4 3 1 1 1 1 1 2 2 1 1 0 1 1 2 2 3 1 2 3 2 3 3 2
10 20 39 30 18 13 15 34 42 38 61 55 63 63 29 51 37 55 19 15 35 70 44 27 13 32 36 69 68 40 16 18 15 32 31 30 72 51 57 69 71 59 46 18 6 12 55 56 44 35 26 22 47 78 77 69 56 56 79 74 33 22 30 30 33 28 13 18 10 4 4 5 4 2 2 1 1 1 1 0 1 2 1 3 4 7 8 7 4 2 4 8 7 11 9 3
19 15 15 13 24 18 23 19 20 19 37 67 66 72 18 17 27 59 61 38 31 27 48 16 30 39 30 31 19 27 42 31 44 40 61 35 29 26 24 25 20 37 27 13 13 18 41 46 56 34 33 31 7 43 39 50 51 62 41 56 48 25 48 44 34 18 16 9 8 6 5 4 1 1 2 2 1 0 1 1 9 9 7 12 15 18 14 23 14 14 33 32 16 25 10 6
11 13 19 41 34 37 33 27 31 31 43 10 15 20 31 40 27 17 62 64 55 30 32 11 30 57 55 45 32 36 54 61 33 62 32 26 28 35 37 34 22 14 20 20 33 33 55 52 56 46 29 15 18 17 22 49 22 15 13 39 21 27 25 16 21 11 6 9 7 3 2 1 2 1 2 2 3 0 7 9 19 19 21 27 29 46 43 26 24 29 10 4 5 4 6 17
16 23 39 22 22 28 29 20 37 58 16 21 44 41 24 44 9 14 18 26 35 24 20 19 35 29 46 39 62 24 54 43 37 42 30 27 37 60 29 58 35 19 14 12 13 23 33 48 39 41 25 39 37 24 31 29 28 22 25 32 48 39 20 6 9 9 7 3 4 2 1 11 10 5 5 8 3 5 14 35 52 41 42 64 54 46 43 28 34 33 11 3 1 1 3 11
35 57 54 61 27 24 26 22 40 47 27 29 44 42 36 21 25 23 40 39 25 30 37 22 34 29 27 47 26 31 45 42 45 36 25 29 24 48 24 57 41 31 24 9 5 4 19 21 66 63 37 30 61 32 17 38 44 54 47 34 36 19 10 7 7 5 2 2 5 5 12 21 27 9 13 16 8 17 40 50 66 80 43 67 47 40 31 33 24 20 11 8 2 1 1 2
11 10 7 9 14 13 40 35 53 29 34 18 31 50 19 8 16 21 25 21 12 9 9 21 30 25 21 27 35 40 37 38 22 30 22 9 34 25 41 57 33 35 50 24 25 12 8 22 24 51 33 44 34 17 19 31 31 26 18 10 9 6 3 1 2 1 5 14 24 16 30 39 37 24 37 22 13 29 56 57 83 63 45 37 21 3 4 16 6 8 4 2 2 1 0 3
15 25 18 34 27 36 23 35 34 31 11 15 26 32 39 35 40 18 16 15 19 6 10 28 56 44 27 24 37 21 17 36 67 35 21 13 32 19 57 20 47 29 38 34 20 11 17 19 12 27 36 29 13 21 18 16 39 14 8 6 3 11 12 16 7 12 19 35 37 36 36 51 34 32 40 33 25 42 61 72 70 52 27 18 13 5 5 5 7 3 2 2 1 1 0 1
12 12 13 28 47 13 16 20 19 28 23 16 40 28 58 38 28 47 36 27 55 24 30 25 47 55 29 52 18 26 36 25 55 55 31 21 25 36 37 17 22 22 32 36 15 25 17 11 12 17 18 24 20 20 19 16 8 4 3 17 15 28 28 27 20 22 37 45 61 60 44 57 58 56 41 53 55 61 64 63 54 65 34 19 8 8 5 2 11 4 1 1 0 1 1 1
14 9 17 27 15 15 14 30 38 27 35 43 38 28 22 23 63 60 34 37 40 30 46 23 31 48 59 39 19 20 15 18 21 19 32 42 11 16 44 38 33 40 30 19 30 21 22 20 12 17 20 22 33 24 13 10 12 16 23 42 35 35 49 36 28 43 48 51 65 50 56 66 77 44 49 57 65 70 79 56 23 17 17 19 13 7 3 2 2 2 1 0 0 0 0 1
10 18 23 17 8 43 33 24 50 63 69 63 56 64 35 18 23 44 37 47 12 32 56 26 33 28 46 59 36 53 34 28 22 24 42 55 22 34 41 51 43 11 11 21 16 21 11 9 17 23 23 39 28 19 24 14 22 25 45 44 40 40 51 40 35 47 56 41 69 62 51 77 62 49 57 76 65 68 29 79 53 49 19 10 10 7 4 4 1 1 0 0 0 0 0 0
10 13 16 13 8 9 16 27 26 36 49 67 50 50 61 20 32 29 21 20 22 50 57 35 19 25 14 34 22 27 22 22 34 31 48 42 23 39 50 49 36 18 8 7 15 15 18 32 18 19 36 25 19 38 22 21 32 49 50 57 49 48 50 38 41 67 68 54 72 68 68 68 82 80 58 63 70 68 27 22 43 53 31 20 7 4 4 4 1 1 1 0 0 0 0 0
9 9 33 10 24 8 14 12 24 33 13 16 14 15 23 36 34 31 60 25 39 55 34 45 12 44 20 45 19 15 25 29 30 27 35 29 30 29 40 44 34 16 5 12 16 17 23 24 24 24 27 40 28 24 22 36 49 48 46 49 47 37 56 52 55 72 68 68 66 85 76 69 65 75 28 26 17 49 55 29 14 32 16 9 5 4 4 1 1 1 1 0 0 0 0 0
10 29 23 54 6 53 42 5 25 18 33 18 45 26 36 28 34 25 24 27 17 40 19 28 21 17 20 24 11 28 31 24 24 27 28 20 26 19 27 41 28 24 24 31 40 17 29 18 37 46 43 56 41 26 40 43 46 56 38 44 64 49 63 66 57 71 56 76 39 57 83 81 77 64 75 57 40 17 12 23 14 9 18 14 10 7 5 7 2 1 1 0 0 0 0 0
47 25 10 21 43 21 11 25 25 28 17 32 18 17 45 24 25 5 22 31 26 10 20 25 17 11 15 6 11 7 10 20 19 47 14 16 16 24 25 10 17 29 11 18 15 26 12 26 41 54 48 47 41 40 38 57 47 56 53 47 54 63 55 60 65 72 52 50 78 38 77 79 58 73 78 82 64 57 54 35 27 17 6 3 7 8 4 4 2 1 0 0 0 0 0 0
29 69 27 38 8 16 12 21 16 16 40 13 18 41 48 55 58 19 20 42 22 14 6 11 24 8 10 9 8 5 7 21 23 24 10 14 14 13 37 25 17 28 14 50 25 25 28 22 47 53 37 35 37 36 36 41 63 55 50 69 68 77 61 54 64 28 45 42 43 53 39 69 46 59 73 77 78 86 68 53 49 55 48 26 6 4 5 4 2 1 1 0 0 0 0 0
10 20 13 13 27 30 15 13 16 21 29 15 35 16 12 14 10 17 19 26 41 12 20 13 14 8 7 3 6 9 10 17 11 12 13 9 14 26 34 24 15 13 27 51 13 39 28 31 38 59 30 34 35 34 35 40 56 64 51 63 77 49 42 73 73 65 48 31 21 8 18 19 30 33 58 69 63 67 72 49 68 51 35 12 7 8 5 3 3 1 1 0 0 0 0 0
9 12 24 18 18 24 19 11 4 19 3 5 13 15 49 22 40 15 16 17 26 13 9 13 11 10 13 6 4 5 10 8 8 17 3 4 8 32 17 15 10 19 20 35 30 24 29 34 42 37 23 39 29 31 43 32 58 71 74 60 64 73 30 14 12 19 26 46 39 29 15 11 5 16 28 53 40 65 77 36 48 68 35 18 12 5 4 3 2 1 1 1 0 0 0 0
6 31 17 9 10 14 10 8 3 4 5 8 7 21 23 16 22 22 21 21 13 24 7 19 9 10 16 3 3 7 3 6 14 8 11 17 18 33 5 5 12 24 21 31 26 20 22 25 31 21 40 52 43 50 50 46 60 57 55 37 41 60 27 27 50 65 70 55 54 40 33 41 14 5 10 34 27 53 68 53 34 30 25 16 10 8 5 4 2 2 1 1 1 0 0 0
5 11 11 12 11 9 8 4 2 1 2 6 12 6 10 15 14 19 7 4 3 3 6 4 3 14 8 4 7 5 3 3 9 5 2 5 11 14 10 11 15 16 30 36 14 17 25 22 34 36 56 75 56 76 70 83 69 58 66 39 27 11 64 51 20 53 71 55 60 61 60 38 19 15 6 6 8 20 49 26 18 7 5 11 3 5 2 2 2 2 1 1 1 0 0 0
12 1 3 9 2 5 2 1 1 0 1 1 1 3 11 5 3 5 8 4 3 2 2 3 1 3 3 3 6 3 1 1 1 3 4 3 10 7 4 11 18 36 63 76 56 56 44 40 38 22 74 41 80 71 58 66 41 47 64 73 26 23 22 77 34 32 47 68 52 45 66 68 70 37 23 7 3 2 2 2 3 3 2 6 6 2 1 1 1 2 1 1 0 0 0 0
0 1 3 2 2 1 1 0 0 1 5 0 1 1 1 5 4 3 4 3 2 2 3 3 1 1 2 3 2 1 0 1 1 7 25 25 34 45 57 62 61 76 49 79 64 73 70 17 46 64 32 30 61 56 63 67 43 70 74 56 50 35 16 52 73 29 10 34 61 74 61 56 30 26 34 24 9 3 5 1 3 3 2 1 4 4 1 1 1 0 1 0 0 0 0 0
0 1 1 1 1 0 3 12 22 3 6 5 13 1 1 2 2 1 1 1 1 0 1 1 1 1 4 6 5 1 0 1 2 1 3 22 38 56 51 56 54 74 52 56 74 74 75 36 26 32 79 55 25 52 21 35 33 69 82 65 55 45 30 30 82 40 38 19 39 56 77 23 11 20 22 34 22 17 11 6 3 2 1 1 1 3 2 1 0 0 0 0 0 0 0 0
1 3 2 3 3 9 16 6 9 11 12 5 6 4 2 1 1 1 1 1 0 1 6 4 11 10 3 2 5 1 0 6 4 2 4 6 11 51 58 63 49 41 36 36 64 77 85 85 32 34 55 61 41 25 49 17 50 57 78 73 24 36 28 16 80 57 27 23 22 70 70 80 41 29 20 12 8 5 4 4 6 5 2 1 1 1 2 1 1 1 0 1 0 0 0 0
6 7 4 22 12 17 21 33 30 30 12 11 13 5 4 1 0 1 0 1 1 0 0 1 2 3 10 8 2 2 2 2 4 8 2 6 19 42 53 68 55 31 21 30 46 77 84 83 87 83 31 42 39 38 25 16 34 58 70 74 27 32 37 30 53 85 59 37 19 11 15 38 17 20 13 28 17 6 4 2 2 2 3 2 1 0 1 1 1 1 0 0 0 0 0 0
7 13 17 21 31 29 41 21 48 40 20 37 27 10 28 14 11 4 1 0 0 0 0 0 1 1 3 13 1 1 3 2 9 7 12 12 11 10 5 4 50 52 18 36 27 34 59 65 82 87 79 49 50 63 39 50 32 64 77 64 67 25 44 37 25 79 88 65 46 15 9 11 37 22 13 11 14 16 5 4 1 2 2 2 2 0 0 1 0 1 0 0 0 0 0 0
1 2 4 30 43 32 67 70 72 69 52 47 24 39 53 37 17 7 12 3 2 1 1 1 1 5 12 4 3 3 3 8 17 9 12 20 18 16 12 12 12 23 21 22 15 32 67 42 69 80 88 57 49 47 59 55 11 55 70 68 65 47 34 31 16 67 77 79 51 42 8 3 26 44 16 3 4 3 7 2 2 2 1 1 1 1 0 0 1 0 0 0 0 0 0 0
4 5 8 46 51 66 70 62 58 78 83 57 66 62 64 49 25 28 22 12 5 1 3 5 13 38 31 5 2 4 5 9 6 11 7 15 16 22 28 17 11 12 12 10 27 33 51 44 15 65 79 85 46 36 46 23 19 15 43 51 82 75 20 21 40 49 50 74 27 37 26 4 6 23 17 9 4 4 6 5 2 2 1 0 1 1 0 0 0 0 0 0 0 0 0 0
2 3 3 3 4 6 22 31 35 14 41 74 86 77 71 39 33 54 29 18 24 3 4 2 2 4 31 44 8 2 6 9 9 19 16 12 20 20 32 19 27 38 31 24 19 11 56 59 44 32 57 76 63 32 15 13 33 11 20 47 45 41 28 21 24 35 21 70 22 28 19 21 3 10 10 15 10 7 6 4 3 2 0 0 0 1 1 0 0 0 0 0 0 0 0 0
1 2 4 14 18 25 63 28 28 21 26 20 63 82 85 65 57 57 25 32 12 24 8 19 14 5 3 5 9 5 2 8 14 30 9 12 9 16 30 27 23 25 19 21 35 33 31 12 38 64 36 47 14 17 9 23 19 28 21 22 44 51 36 25 11 12 12 49 55 14 7 12 12 3 5 5 9 3 2 2 2 1 1 1 0 0 0 0 0 0 0 0 0 0 0 0
1 3 2 2 8 6 15 20 16 29 16 5 15 41 65 78 76 27 6 7 8 31 16 31 17 14 10 4 4 9 5 44 31 13 49 22 22 26 31 20 27 41 52 38 46 31 38 22 23 20 66 42 35 22 16 12 22 26 17 21 37 55 37 21 17 12 18 36 55 32 10 5 14 8 4 1 1 4 3 2 1 1 1 1 0 0 0 0 0 0 0 0 0 0 0 0
3 0 2 5 12 15 9 11 14 23 30 20 42 16 17 24 35 19 10 17 37 7 12 23 57 54 8 9 6 44 18 19 50 40 61 24 68 30 22 21 27 29 27 40 33 37 36 25 25 26 24 35 23 24 26 21 15 23 11 5 11 18 26 23 25 15 13 18 25 27 14 14 16 6 8 2 1 3 3 1 1 0 1 0 0 0 0 0 0 0 0 0 0 0 0 0
16 3 13 4 5 10 11 18 25 34 22 25 9 28 41 24 31 23 12 22 5 23 24 16 7 20 23 35 33 6 14 37 33 14 24 25 12 51 19 27 29 37 19 26 18 20 19 28 32 33 18 10 33 39 26 34 19 16 14 14 8 12 29 13 11 11 7 9 15 24 6 7 5 3 3 2 1 1 1 2 1 1 0 0 0 0 0 0 0 0 0 0 0 0 0 0
28 23 2 2 12 4 27 50 14 13 28 24 21 47 16 31 14 12 8 6 11 19 17 20 17 10 15 19 9 16 7 42 19 37 33 50 10 21 41 14 21 36 29 40 38 15 22 26 21 31 13 21 6 15 13 41 13 18 13 22 12 11 5 4 3 1 1 2 4 5 3 1 5 3 2 4 3 1 2 1 0 1 1 0 0 0 0 0 0 0 0 0 0 0 0 0
28 22 51 9 8 26 4 4 34 36 10 32 14 40 16 31 27 16 12 23 33 38 21 10 22 24 17 22 48 49 35 8 8 14 33 23 20 6 49 33 32 26 13 18 36 31 21 13 23 30 20 7 34 21 13 37 21 8 13 5 6 9 5 3 1 1 1 0 2 5 4 1 1 3 2 3 2 2 4 1 0 0 0 0 0 0 0 0 0 0 0 0 0 0 0 0
13 29 43 25 4 3 25 10 3 9 23 16 7 12 28 19 11 7 11 15 28 27 55 38 29 27 25 23 57 67 38 24 11 25 39 31 48 21 6 52 24 36 33 29 16 16 21 28 22 25 10 4 10 4 3 15 10 8 7 3 4 6 4 4 3 1 1 1 1 2 3 2 3 3 4 5 5 2 1 1 1 0 0 0 0 0 0 0 0 0 0 0 0 0 0 0
37 26 61 36 45 14 5 49 11 19 49 14 31 24 12 36 12 10 11 10 10 23 38 36 30 35 33 30 44 72 73 49 21 18 61 48 50 32 14 27 65 24 23 56 34 34 26 32 30 14 9 3 3 4 4 4 8 5 3 2 2 2 3 5 2 2 1 1 0 0 0 1 1 1 1 1 2 2 1 1 0 0 0 0 0 0 0 0 0 0 0 0 0 0 0 0
43 33 26 49 22 29 38 11 60 31 48 65 42 49 32 16 15 14 18 43 17 35 59 47 32 34 36 27 18 22 66 54 37 26 24 58 37 27 20 14 19 50 16 15 17 20 22 32 46 25 32 10 5 4 3 3 3 2 2 7 2 1 1 1 1 1 1 0 0 0 0 0 0 0 0 1 1 1 1 0 0 0 0 0 0 0 0 0 0 0 0 0 0 0 0 0
16 57 44 55 42 50 63 51 27 22 12 8 18 12 16 43 28 17 34 9 53 21 64 70 33 37 40 26 15 7 14 42 59 36 14 38 47 20 44 33 24 14 39 40 22 20 35 22 33 16 32 11 5 4 3 2 2 2 1 3 3 1 0 0 0 0 0 0 0 0 0 0 0 0 0 0 0 0 0 0 0 0 0 0 0 0 0 0 0 0 0 0 0 0 0 0
13 15 5 25 28 5 9 6 28 19 41 41 41 45 19 22 43 38 35 30 23 17 57 81 57 49 44 46 26 8 8 9 52 33 37 32 52 18 44 49 34 15 12 37 28 35 26 23 27 11 3 4 7 5 4 3 1 1 0 0 1 0 0 0 0 0 0 0 0 0 0 0 0 0 0 0 0 0 0 0 0 0 0 0 0 0 0 0 0 0 0 0 0 0 0 0
11 20 15 7 8 18 13 12 13 32 19 31 24 13 22 40 17 14 23 41 23 71 41 65 70 49 58 49 51 22 10 13 8 26 36 39 47 21 45 28 34 34 25 20 34 23 22 35 25 17 11 5 6 3 2 2 1 0 0 0 0 0 0 0 0 0 0 0 0 0 0 0 0 0 0 0 0 0 0 0 0 0 0 0 0 0 0 0 0 0 0 0 0 0 0 0
22 17 18 10 18 33 18 12 22 25 11 17 21 9 23 36 23 28 17 20 59 42 30 27 74 46 18 15 16 11 13 6 14 6 13 19 81 61 30 42 29 15 25 27 16 29 17 17 36 29 23 9 5 3 2 1 0 0 0 0 1 1 0 1 0 0 0 0 0 0 0 0 0 0 0 0 0 0 0 0 0 0 0 0 0 0 0 0 0 0 0 0 0 0 0 0
11 7 9 6 2 9 9 11 6 4 19 16 21 6 14 24 15 25 34 68 41 28 39 56 75 64 28 21 21 24 21 22 8 12 15 9 6 8 26 25 19 33 13 25 20 31 31 17 35 19 23 18 9 4 2 0 0 0 1 1 2 4 3 2 0 1 0 0 0 0 0 0 0 0 0 0 0 0 0 0 0 0 0 0 0 0 0 0 0 0 0 0 0 0 0 0
5 3 8 3 7 6 6 5 3 2 4 7 12 14 12 14 13 27 29 20 24 26 14 7 15 15 11 17 39 42 23 47 36 14 10 8 9 8 7 21 17 34 24 11 31 20 28 22 17 8 11 9 5 4 1 1 1 1 3 4 5 5 3 3 2 1 1 1 1 1 0 0 0 0 0 0 0 0 0 0 0 0 0 0 0 0 0 0 0 0 0 0 0 0 0 0
7 3 5 1 3 2 7 13 34 30 25 2 4 12 11 5 11 27 50 33 41 15 25 17 12 17 44 25 29 38 51 37 23 25 27 5 3 5 8 12 11 17 25 27 26 24 14 11 23 9 6 5 2 2 2 3 2 5 6 5 8 7 6 4 2 2 2 3 3 1 1 0 0 0 0 0 0 0 0 0 0 0 0 0 0 0 0 0 0 0 0 0 0 0 0 0
1 2 1 1 8 9 3 18 51 55 38 37 17 6 12 19 18 34 36 17 11 15 33 25 21 23 37 18 9 25 23 16 7 14 25 15 6 5 11 7 5 8 8 10 13 15 14 8 13 8 3 2 3 4 7 7 6 8 11 11 6 10 11 8 11 4 4 4 3 3 1 0 0 0 0 0 0 0 0 0 0 0 0 0 0 0 0 0 0 0 0 0 0 0 0 0
1 2 6 7 9 8 20 15 5 19 46 43 39 51 53 45 72 37 30 38 11 7 30 18 22 32 18 17 10 12 23 24 24 19 26 13 9 20 22 7 4 20 10 14 9 5 14 6 5 4 3 4 8 14 13 16 12 10 9 11 8 16 17 21 16 10 6 5 5 3 2 1 2 1 0 1 0 0 0 0 0 0 0 0 0 0 0 0 0 0 0 0 0 0 0 0
3 1 1 3 23 21 33 66 60 34 38 68 58 43 70 51 80 79 75 52 23 42 6 8 8 8 28 32 33 45 14 54 52 25 9 13 5 16 16 9 24 12 10 9 11 7 8 7 5 4 9 10 21 35 35 22 29 15 18 17 11 23 23 25 17 13 9 7 7 6 3 1 0 0 0 0 1 0 0 0 0 0 0 0 0 0 0 0 0 0 0 0 0 0 0 0
6 8 19 4 3 23 43 61 70 30 27 75 37 33 68 45 42 22 39 55 16 27 18 15 10 17 23 33 33 53 25 16 16 38 21 20 7 29 14 12 18 25 20 19 20 27 26 18 5 19 32 30 34 48 52 46 20 12 39 25 19 25 26 18 24 25 4 15 13 6 4 2 1 0 0 1 1 0 0 0 0 0 0 0 0 0 0 0 0 0 0 0 0 0 0 0
25 7 12 39 18 9 10 20 22 62 18 65 40 41 62 28 11 18 32 19 15 7 21 12 18 31 32 16 11 35 24 17 8 6 9 8 23 27 13 9 40 42 24 47 40 20 19 10 9 27 48 43 44 75 41 33 29 15 55 24 22 28 40 41 29 20 15 17 7 3 3 2 1 2 1 1 1 1 0 0 0 0 0 0 0 0 0 0 0 0 0 0 0 0 0 0
49 47 15 41 47 63 57 31 11 13 43 76 62 19 67 26 28 20 32 21 11 9 31 14 28 24 27 24 21 17 10 13 15 21 26 17 33 7 12 23 40 40 52 54 33 15 9 15 31 25 42 62 73 43 30 40 38 23 64 31 56 23 45 23 21 48 24 10 16 6 3 3 7 7 1 0 0 1 0 0 0 0 0 0 0 0 0 0 0 0 0 0 0 0 0 0
42 57 62 49 55 80 62 83 58 9 33 66 9 21 50 43 30 12 47 8 8 8 17 10 41 28 16 13 13 4 3 14 25 16 37 12 42 10 31 28 56 58 67 31 28 19 17 36 47 42 39 64 64 42 49 63 51 34 72 65 39 47 39 46 61 39 28 20 11 4 5 20 6 1 1 1 1 1 0 0 0 0 0 0 0 0 0 0 0 0 0 0 0 0 0 0
51 72 71 77 74 72 80 82 68 36 30 30 37 12 50 36 26 16 11 7 7 10 26 13 20 18 16 34 26 25 27 29 18 9 13 25 56 26 32 41 67 67 50 31 18 31 32 62 69 49 43 64 51 37 51 73 37 61 63 60 65 31 42 74 69 42 29 15 17 19 10 8 4 3 2 1 0 0 0 0 0 0 0 0 0 0 0 0 0 0 0 0 0 0 0 2
8 67 80 64 78 29 59 71 71 69 59 65 44 10 51 72 43 15 19 13 7 15 23 14 11 17 28 8 12 14 5 12 9 25 55 35 54 24 26 41 66 47 27 13 28 51 46 50 75 56 60 63 32 56 71 64 32 59 45 73 61 66 72 61 48 28 31 14 6 2 2 1 1 0 0 0 0 0 0 0 0 0 0 0 0 0 0 0 0 0 0 0 0 0 0 1
21 22 45 17 9 10 16 14 20 9 13 27 59 16 10 48 62 44 33 26 13 12 8 10 28 8 16 17 43 39 8 20 23 28 66 65 74 39 27 52 46 23 15 33 56 56 49 51 75 53 64 75 65 61 78 62 63 38 62 67 46 68 54 21 9 10 6 9 16 11 9 6 6 2 0 0 0 0 0 0 0 0 0 0 0 0 0 0 0 0 0 0 0 1 2 2
21 20 8 12 21 46 52 18 24 4 11 11 7 3 13 7 11 17 8 6 5 25 12 16 7 28 23 32 17 28 26 48 38 40 64 73 55 47 42 57 29 28 30 50 60 56 65 42 63 73 68 83 87 71 67 83 83 66 82 79 78 83 62 66 41 35 30 21 10 2 3 2 1 1 1 1 1 0 0 0 0 0 0 0 0 0 0 0 0 0 0 0 0 0 1 3
33 39 28 28 44 53 58 45 18 14 25 16 18 13 12 18 14 5 5 7 10 31 12 14 26 30 14 58 49 38 50 59 48 52 66 37 23 38 21 54 42 33 35 49 61 67 71 61 68 77 69 80 78 77 33 47 79 85 84 69 28 21 41 32 60 32 20 30 7 3 2 2 3 1 0 0 0 0 0 0 0 0 0 0 0 0 0 0 0 0 0 0 0 0 1 1
24 6 29 35 46 42 49 30 8 16 16 21 43 33 15 16 7 11 9 10 3 7 44 29 18 5 12 31 41 32 32 44 60 35 63 22 36 27 9 51 39 39 50 61 59 75 79 64 81 87 65 45 47 38 24 24 61 69 59 37 45 32 29 38 25 20 16 7 12 6 5 2 1 1 1 1 0 0 0 0 0 0 0 0 0 0 0 1 1 1 1 0 0 1 2 2
