sesion_6_simulaciones/modelos_agentes/ejemplos_netlogo/scenarios/cgcm2_b2/rob_2028.asc
NCOLS 322 
NROWS 307 
XLLCORNER 451900 
YLLCORNER 4086900 
CELLSIZE 100 
NODATA_value -9999 
[rows 222 to 295 of 307, columns 192 to 287 of 322]
1 1 0 0 1 0 0 0 0 0 0 0 0 0 0 0 0 0 0 0 0 1 2 1 1 1 0 1 1 2 1 1 4 5 6 5 10 24 25 33 40 36 40 60 43 55 57 40 51 63 60 55 25 23 33 35 33 57 68 66 47 37 44 24 50 73 58 46 65 70 24 9 2 0 0 0 0 0 0 0 0 0 0 0 0 0 0 0 0 0 0 1 1 1 1 1
3 2 1 1 0 0 0 0 0 0 0 0 0 0 0 0 0 0 0 0 0 1 2 3 1 2 2 1 3 3 2 2 5 6 9 6 12 9 17 23 33 30 39 60 50 38 54 39 51 46 46 32 36 29 18 24 32 45 37 36 28 39 42 23 24 50 38 27 48 60 23 6 2 1 0 0 0 0 0 0 0 0 0 0 0 0 0 0 0 0 0 0 1 1 1 2
3 2 2 1 1 0 0 0 0 0 0 0 0 0 0 0 0 0 0 0 0 1 2 5 4 3 3 4 4 8 9 5 7 8 10 7 13 6 18 20 17 27 35 56 65 35 49 49 28 25 34 35 50 20 10 31 32 51 26 45 43 43 43 33 9 9 2 1 3 27 31 7 1 0 0 0 0 0 0 0 0 0 0 0 0 0 0 0 0 0 0 1 1 1 1 3
2 1 1 0 0 0 0 0 0 0 0 0 0 0 0 0 0 0 0 0 0 1 2 4 7 8 5 7 6 11 35 21 12 12 6 8 11 11 27 16 16 18 31 37 57 52 24 35 15 16 16 13 28 31 8 25 30 25 36 54 58 47 50 36 10 11 6 7 2 3 10 3 1 1 0 0 0 0 0 0 0 0 0 0 0 0 0 0 0 0 0 1 1 1 2 2
1 1 1 0 0 0 0 0 0 0 0 0 0 0 0 0 0 0 1 1 0 1 2 3 8 21 12 10 13 9 23 37 15 22 15 19 24 26 17 19 12 18 19 21 27 36 29 49 41 15 44 42 26 19 11 20 59 51 51 54 64 48 41 20 13 11 14 16 6 3 2 0 1 1 1 0 0 0 0 0 0 0 0 0 0 0 0 0 0 0 0 0 1 2 1 2
1 1 1 1 0 0 0 0 0 0 0 0 0 0 0 0 0 0 1 1 1 3 3 4 8 25 38 20 34 17 26 40 23 17 32 36 28 26 25 22 6 11 12 20 31 38 49 59 72 35 33 36 32 15 22 28 43 36 50 55 52 36 29 18 37 25 27 17 6 4 1 1 1 1 1 1 0 0 0 0 0 0 0 0 0 0 0 0 0 0 0 0 1 1 2 3
1 1 1 0 0 0 0 0 0 0 0 0 0 0 0 0 0 0 1 2 3 8 13 9 13 23 56 21 37 21 27 40 12 15 33 36 40 38 30 28 17 19 17 14 33 40 41 59 57 58 51 42 37 24 50 60 56 51 60 70 50 28 29 40 66 49 21 11 6 2 2 1 2 2 2 1 1 1 0 0 0 0 0 0 0 0 0 0 0 0 0 1 1 1 1 3
2 1 0 0 0 0 0 0 0 0 0 0 0 0 0 0 0 0 1 1 2 6 14 33 30 27 50 47 58 30 51 24 14 14 24 42 46 46 26 27 29 31 19 19 24 42 43 45 42 42 61 58 41 37 43 39 57 37 43 19 33 55 54 75 61 33 20 10 10 8 5 4 3 4 1 1 1 0 0 0 0 0 1 0 0 0 0 0 0 0 0 1 1 1 2 3
0 0 0 0 0 0 0 0 0 0 0 0 0 0 0 0 1 0 0 1 3 5 15 19 37 41 59 66 59 30 44 18 15 39 26 41 49 36 32 41 37 44 21 22 42 44 55 48 60 37 41 42 38 13 23 15 76 47 27 41 51 49 51 37 20 15 14 13 8 9 13 10 6 1 0 0 0 0 0 0 0 0 1 0 0 0 1 2 0 0 0 1 1 1 2 3
0 0 0 0 0 0 0 0 0 0 0 0 0 0 0 1 0 0 1 2 3 6 16 28 30 40 51 54 58 53 61 30 22 34 46 37 48 42 37 38 41 29 35 22 24 29 47 56 54 45 28 31 27 27 40 36 12 76 81 56 34 18 31 25 29 20 12 7 3 12 29 12 4 1 1 0 0 0 0 0 0 0 0 0 1 0 1 1 1 0 0 1 1 2 1 3
0 0 0 0 0 0 0 0 0 0 0 0 0 0 0 0 0 1 1 2 2 11 24 35 30 36 54 52 74 80 50 40 42 54 33 51 52 49 45 44 42 39 52 20 38 33 45 44 35 18 40 31 41 42 47 58 43 33 41 48 26 43 25 23 17 17 14 4 8 15 14 4 3 2 0 0 0 0 0 0 0 0 0 1 1 0 0 0 3 0 0 1 1 1 1 2
0 0 0 0 0 0 0 0 0 0 0 0 0 0 0 0 1 1 2 7 4 6 34 31 52 41 51 63 26 78 57 52 45 60 47 39 46 56 48 47 47 40 65 23 23 62 45 42 40 33 53 33 37 52 58 26 51 50 31 14 25 14 20 21 18 15 8 28 18 5 8 3 2 1 1 0 0 0 0 0 0 0 0 0 0 1 0 1 1 1 1 1 1 3 2 2
0 0 0 0 0 0 0 0 0 0 0 0 0 0 0 0 0 1 3 7 12 20 47 35 55 61 67 64 71 64 83 49 43 55 45 24 32 53 57 63 49 24 45 53 15 30 39 61 39 44 57 47 35 42 33 31 17 19 24 40 31 32 25 36 13 13 18 7 4 6 4 3 1 0 0 0 0 0 0 0 0 0 0 0 1 1 0 1 1 2 5 2 1 1 4 3
0 0 0 0 0 0 0 0 0 0 0 0 0 0 0 0 0 1 2 5 15 13 27 8 24 48 46 23 26 52 77 46 54 81 45 48 54 62 40 16 28 15 45 53 17 41 58 41 18 37 54 54 36 41 28 16 45 48 48 34 19 26 52 57 33 23 34 27 16 8 3 2 1 0 0 0 0 0 0 0 0 0 0 0 1 1 2 1 1 1 0 3 1 1 2 3
0 0 0 0 0 0 0 0 0 0 0 0 0 0 0 0 0 0 1 4 7 6 7 26 25 31 24 32 41 52 68 67 72 74 64 59 57 53 51 29 39 36 41 57 16 28 48 44 28 26 33 48 40 32 14 35 50 23 28 35 36 58 64 62 58 48 22 10 12 7 12 4 1 0 0 0 0 0 0 0 0 0 1 0 1 1 1 3 2 2 1 4 2 0 1 1
0 0 0 0 0 0 0 0 0 0 0 0 0 0 0 0 0 1 1 1 2 14 17 13 24 39 38 32 40 55 56 56 68 72 51 57 54 56 58 26 55 47 38 58 14 20 43 38 52 54 30 30 54 40 27 36 34 28 57 41 66 48 46 64 72 33 20 6 16 4 2 1 0 0 0 0 0 1 1 0 1 0 1 1 1 0 1 4 8 11 1 1 3 1 2 4
0 0 0 0 0 0 0 0 0 0 0 0 0 0 0 0 0 0 0 1 3 5 10 9 10 22 38 30 46 36 49 57 59 74 63 70 55 67 47 50 30 43 25 44 15 13 26 27 35 52 59 34 30 11 32 16 13 42 45 37 44 32 53 51 49 58 17 4 2 2 1 0 0 0 1 0 0 0 1 1 2 1 1 1 1 1 0 0 1 2 7 7 4 2 3 6
0 0 0 0 0 0 0 0 0 0 0 0 0 0 0 0 0 0 0 1 3 6 5 10 16 32 26 25 35 38 24 31 52 48 45 61 40 64 50 46 45 44 75 51 23 25 39 59 35 25 33 33 10 40 13 20 37 65 54 73 70 49 29 30 23 12 12 10 3 1 0 0 0 1 0 1 0 0 1 2 1 2 1 1 1 1 2 1 1 2 4 4 4 16 4 7
0 0 0 0 0 0 0 0 0 0 0 0 0 0 0 0 1 0 0 0 1 1 2 4 7 15 15 16 18 27 43 44 31 28 20 71 51 76 42 56 44 39 79 58 43 29 61 51 52 48 29 60 30 57 40 54 52 23 36 41 43 34 18 22 27 14 14 4 4 1 1 0 0 1 1 1 2 1 1 1 2 4 2 3 2 1 1 2 1 0 1 1 1 6 12 5
0 0 0 0 0 0 0 0 0 0 0 0 0 0 1 0 1 1 1 2 4 5 11 16 22 22 27 47 56 43 43 59 59 46 58 54 75 67 47 53 43 34 28 65 39 18 33 42 54 43 50 59 64 72 89 82 81 70 71 46 41 38 38 44 25 13 8 4 2 1 0 0 0 1 1 1 2 1 2 3 2 5 3 4 2 1 1 2 4 1 2 2 1 1 1 3
0 0 0 0 0 0 0 0 0 0 0 0 0 0 1 0 0 0 2 4 8 9 15 26 43 55 57 47 68 52 47 47 45 32 22 25 48 54 57 49 51 23 28 58 29 22 22 41 29 47 13 10 13 16 37 52 85 85 66 61 43 34 15 31 19 9 6 3 1 0 0 0 1 1 1 1 2 3 2 4 3 1 7 6 3 1 1 4 3 2 2 3 3 7 10 16
0 0 0 0 0 0 0 0 0 0 0 0 0 0 0 1 0 0 1 2 5 14 7 22 23 40 52 41 8 23 42 35 25 26 36 47 51 35 63 30 43 31 13 49 36 39 16 16 14 37 32 21 20 17 17 14 35 63 73 72 77 35 25 14 9 6 5 4 2 0 0 0 1 1 1 2 6 4 5 5 5 2 3 13 6 2 2 3 3 2 4 2 5 8 12 19
0 0 0 0 0 0 0 0 0 0 0 0 0 0 0 1 0 0 1 1 3 5 4 12 13 14 16 11 10 12 23 25 26 37 34 24 39 56 50 12 33 40 14 34 34 13 8 39 36 34 55 35 42 42 40 43 43 55 47 35 43 70 43 27 17 12 9 4 2 0 0 1 2 3 3 2 5 8 5 4 4 4 2 7 11 5 5 2 6 3 6 6 4 9 11 9
0 0 0 0 0 0 0 0 0 0 0 0 0 0 1 0 1 0 0 0 1 1 3 4 7 16 18 25 33 23 34 23 26 43 37 33 31 23 12 16 31 45 71 47 25 27 11 24 33 31 49 60 33 48 62 37 30 25 26 17 16 26 39 34 21 9 7 3 1 0 1 2 2 3 4 5 3 12 8 13 6 10 7 6 24 9 13 4 7 7 8 14 9 9 9 15
0 0 0 0 0 0 0 0 0 0 0 0 0 1 1 1 1 0 0 1 1 1 2 4 8 13 20 21 26 45 41 50 46 64 25 21 26 34 33 31 60 59 26 30 58 34 22 27 26 63 64 27 46 42 32 33 48 40 47 26 20 12 11 12 12 7 4 3 1 0 1 2 2 5 4 4 4 7 12 18 11 8 12 7 28 7 8 9 6 17 9 10 11 7 9 9
0 0 0 0 0 0 0 0 1 1 0 0 0 0 2 5 0 0 0 1 2 3 2 3 5 7 15 12 19 30 37 33 30 33 37 39 34 45 44 31 20 17 13 9 19 35 45 29 60 72 25 14 18 44 43 40 32 39 26 20 19 12 10 6 5 3 3 1 1 1 2 3 3 4 5 4 6 9 16 13 12 11 12 24 32 8 12 14 8 18 11 5 14 6 4 8
0 0 0 0 0 0 0 1 1 1 0 0 0 1 1 2 0 1 0 1 3 3 4 2 2 3 9 13 17 28 22 23 31 32 33 34 34 29 28 27 22 16 13 11 19 11 17 52 22 45 21 19 19 17 28 75 50 51 36 26 16 14 9 6 4 3 2 1 1 1 2 3 2 4 4 8 11 7 9 25 17 22 25 23 32 20 23 8 25 18 5 10 12 5 7 11
0 0 0 1 0 0 0 1 1 2 0 0 1 1 2 3 1 1 1 3 4 8 4 6 7 2 4 9 13 12 18 15 25 30 31 20 19 11 16 20 37 38 41 37 35 50 40 17 9 17 27 47 47 38 41 24 36 37 44 38 25 12 8 6 4 3 2 1 0 2 3 3 5 5 11 9 8 14 10 8 14 16 19 29 14 65 24 9 18 15 4 11 8 18 10 14
0 1 0 1 1 0 0 1 1 2 0 0 1 1 2 3 3 0 2 4 6 12 7 8 9 15 9 7 6 8 10 21 38 35 15 33 17 34 21 24 29 38 27 23 22 34 18 21 34 48 51 41 46 40 47 16 13 13 12 20 14 14 10 7 6 5 3 1 1 2 3 3 6 7 11 4 8 6 15 7 11 9 22 13 30 57 16 11 25 9 5 12 11 16 20 19
0 1 1 1 1 1 1 1 2 4 0 1 1 2 2 4 1 1 2 4 10 15 21 12 26 16 19 19 12 14 10 42 52 37 43 29 26 36 25 21 35 17 28 16 26 30 27 25 25 48 46 32 44 45 40 17 29 33 31 32 26 18 16 15 10 8 4 1 1 3 4 4 11 6 10 18 19 11 6 14 9 15 18 29 25 46 32 27 25 11 10 18 9 10 4 23
0 0 1 1 1 1 1 1 2 3 1 1 2 6 7 2 1 0 3 5 7 19 20 26 16 20 36 27 25 26 28 40 57 54 45 50 50 32 54 35 20 31 12 10 11 23 22 28 26 30 35 37 41 34 44 44 43 47 44 45 40 39 21 12 6 4 4 1 1 4 7 6 12 14 10 12 20 13 15 5 21 7 9 24 29 47 52 60 24 13 21 17 20 21 14 32
1 1 2 2 4 2 1 1 4 4 1 1 3 9 5 1 0 1 3 5 12 17 21 24 31 23 38 31 46 50 51 42 23 31 44 45 44 24 41 41 40 30 18 17 36 25 21 40 17 13 16 26 46 60 43 44 61 55 50 30 41 21 8 10 9 5 2 1 1 4 10 7 12 15 19 14 20 13 18 15 11 27 13 5 7 26 47 60 28 33 26 21 19 36 14 15
1 1 1 2 7 3 1 2 3 5 1 1 4 10 3 1 1 2 5 6 7 10 14 25 42 26 33 31 28 50 57 45 47 38 39 26 33 36 44 35 34 23 20 29 48 37 30 33 11 9 14 42 53 34 61 64 33 36 24 21 16 12 19 17 6 5 4 1 2 2 15 8 10 11 14 24 17 19 9 18 9 32 20 14 8 7 22 38 49 63 33 28 21 28 11 15
1 2 2 2 3 8 2 3 8 2 1 1 3 13 5 1 1 3 5 6 13 22 24 40 42 39 21 27 48 44 28 58 77 65 35 35 27 31 44 33 20 33 35 25 32 18 24 18 39 27 37 42 45 56 62 47 56 34 35 33 24 18 15 9 7 6 3 1 1 4 5 19 10 11 14 15 32 30 18 35 12 11 22 20 16 14 14 28 49 53 36 34 28 29 17 25
1 2 5 4 2 5 2 5 17 2 2 5 8 9 2 2 0 1 7 9 20 17 22 44 46 45 39 16 13 17 27 28 32 15 18 32 48 33 33 49 41 31 23 21 16 11 17 22 47 46 47 49 54 58 71 65 59 45 35 37 27 27 24 11 10 7 3 2 2 9 10 11 25 11 14 16 36 30 23 16 27 14 12 28 28 17 20 23 38 47 57 34 28 20 32 17
1 2 6 10 4 11 2 5 20 7 3 8 10 5 2 0 0 1 3 10 23 27 24 29 39 53 37 18 23 21 26 28 36 30 23 14 27 38 49 47 32 29 15 23 27 15 26 13 4 11 47 39 32 49 46 34 32 53 48 39 36 16 14 12 8 8 6 1 3 10 14 11 13 6 19 21 23 40 50 37 39 21 16 14 31 21 16 28 43 77 68 34 23 20 34 15
2 2 3 12 5 10 5 4 8 11 5 15 10 2 1 1 2 2 6 14 18 23 33 19 31 44 59 26 22 23 35 34 34 35 30 38 28 34 23 13 16 29 20 21 33 22 20 8 26 34 37 54 75 62 43 65 60 72 47 31 35 31 26 21 18 7 6 4 5 13 12 21 28 12 13 33 28 43 34 32 49 18 27 28 49 23 13 20 16 31 56 31 32 16 46 33
2 2 2 7 19 8 14 5 19 7 18 6 2 1 2 2 4 3 15 24 14 23 26 33 14 30 50 64 35 37 23 36 30 19 16 17 25 19 14 14 18 9 8 5 16 10 15 11 31 28 26 47 40 55 63 60 39 57 33 22 24 26 23 19 9 7 5 9 11 14 17 24 5 18 30 36 34 25 42 26 59 24 29 21 27 46 33 36 44 35 42 27 50 20 29 50
6 3 3 4 8 18 19 9 34 13 10 2 1 2 3 6 6 4 5 6 13 17 28 51 45 29 33 17 42 57 24 39 22 19 28 31 35 22 21 18 14 15 29 20 9 5 6 8 24 37 39 43 52 39 50 43 38 30 19 7 18 21 17 14 7 6 6 12 12 15 17 29 9 9 5 8 30 50 64 23 51 42 32 33 21 18 55 30 44 43 36 51 19 22 38 52
4 8 5 4 4 10 31 13 12 4 2 1 2 4 10 13 13 4 6 9 17 21 21 9 14 13 19 35 13 21 44 63 43 43 16 34 13 20 22 5 8 11 9 7 9 30 13 13 23 33 39 26 27 37 37 38 27 41 29 30 38 23 21 11 15 14 8 14 15 17 16 31 9 20 11 17 17 14 36 34 28 53 35 39 23 45 47 16 41 57 56 47 19 25 24 29
6 10 6 10 16 23 23 11 9 3 3 2 4 10 12 16 18 12 13 15 20 21 20 16 14 21 20 14 17 31 18 27 32 57 32 54 15 13 15 16 15 11 13 17 8 7 16 14 24 40 53 26 27 34 47 24 45 61 66 52 41 26 25 21 17 15 17 25 17 19 19 26 14 23 23 18 30 29 35 53 21 56 35 56 22 20 43 11 21 29 55 35 15 28 30 54
7 13 10 14 21 29 20 4 2 1 5 4 10 13 14 20 14 31 27 17 21 22 21 29 32 24 27 17 22 45 20 12 9 11 13 35 45 34 29 50 36 31 20 17 19 11 5 18 44 34 41 17 19 36 36 42 55 70 37 40 45 26 27 20 19 17 23 32 20 20 23 26 24 27 36 21 32 33 33 33 53 77 47 55 39 14 46 27 11 17 35 44 28 33 26 10
9 19 22 21 48 28 5 3 5 6 11 10 9 18 17 26 9 21 46 13 27 22 12 20 29 37 16 26 31 34 57 22 17 9 10 7 10 7 15 41 49 26 31 25 23 18 12 16 32 25 23 19 28 32 53 54 49 44 45 29 45 33 20 8 24 12 14 46 25 24 37 28 40 27 40 33 32 40 33 28 27 17 62 64 51 20 25 24 12 11 21 47 27 38 45 32
12 17 41 33 41 6 6 5 7 14 15 15 22 34 10 19 12 21 27 45 16 33 13 12 18 33 35 35 33 24 14 32 15 19 14 10 10 11 11 15 22 13 11 18 8 5 7 22 21 20 21 17 17 30 49 61 29 54 68 55 24 19 12 6 37 24 24 38 32 25 43 29 58 40 38 44 31 32 47 32 26 18 46 44 51 24 13 51 16 18 28 44 50 47 31 35
8 22 49 60 25 4 8 14 16 16 30 39 18 24 15 14 33 15 25 24 20 26 19 18 20 29 26 46 32 38 41 29 40 23 21 16 11 10 10 15 18 9 8 9 12 9 14 35 19 23 19 15 24 42 60 52 76 53 39 52 29 15 6 14 20 46 29 32 38 27 33 31 52 45 30 46 45 31 34 50 39 13 25 55 63 29 9 31 25 18 32 22 64 50 26 65
10 29 53 28 4 5 19 18 13 37 27 51 15 31 17 14 20 51 16 28 44 27 38 17 17 34 41 34 32 50 32 31 53 15 22 18 14 17 5 16 13 7 17 22 20 16 35 24 28 32 34 38 37 34 41 52 57 44 47 35 30 15 8 24 20 31 28 31 42 29 31 34 35 53 30 32 56 31 34 37 51 19 28 32 51 28 14 24 35 25 18 17 19 43 36 28
13 42 35 16 8 14 24 25 15 30 16 49 20 32 41 15 39 54 13 39 54 20 50 18 17 37 44 47 21 16 50 15 16 35 48 29 8 15 7 14 7 5 7 8 12 14 17 27 37 44 31 25 19 26 26 34 42 46 33 50 32 19 17 26 34 38 20 27 37 41 28 26 17 41 31 31 40 40 34 30 14 15 41 25 50 28 18 11 23 43 10 23 46 42 39 9
16 36 34 23 12 14 32 47 15 21 21 43 18 29 55 24 39 54 24 23 34 37 37 22 19 22 22 34 38 39 17 25 12 10 3 37 32 10 7 9 7 9 15 14 16 16 15 24 32 46 36 41 29 35 28 32 19 33 35 18 18 30 26 28 28 35 39 31 37 41 18 32 20 30 36 31 39 19 15 36 19 19 17 23 53 59 21 12 23 36 7 13 39 48 49 28
38 36 44 18 15 25 27 37 18 28 25 30 36 22 50 22 20 48 25 19 20 18 65 39 18 16 20 19 26 29 49 31 9 23 4 7 33 10 6 8 5 20 23 23 11 19 6 15 32 51 52 30 27 15 17 33 44 61 37 17 10 27 29 29 29 31 51 22 37 45 18 28 30 32 47 6 27 37 18 16 32 16 16 17 26 43 16 11 15 38 12 11 14 42 67 54
71 36 14 15 26 27 29 34 20 55 36 19 43 22 56 21 20 34 30 16 21 34 51 29 15 21 17 35 36 36 29 31 23 29 4 10 11 26 4 6 13 20 11 17 15 19 13 6 20 42 48 52 37 22 32 38 46 58 49 21 10 39 30 21 30 30 41 28 21 46 30 16 19 46 42 18 16 17 39 11 24 44 21 20 61 41 9 27 3 44 27 10 8 6 18 25
17 9 20 16 25 30 46 41 36 45 31 22 69 20 24 51 26 52 36 14 17 28 28 57 25 29 14 30 38 36 25 16 24 45 10 13 8 41 6 7 8 9 8 9 8 18 16 21 23 52 46 33 49 30 24 21 19 43 43 10 18 26 33 18 32 30 27 43 21 47 37 24 27 22 38 18 17 25 23 23 10 7 40 18 27 47 18 40 9 26 58 15 31 19 12 9
39 20 43 32 27 32 55 32 60 43 17 27 51 30 30 55 18 23 57 12 31 26 18 47 15 29 25 21 24 28 37 35 7 22 12 14 8 9 27 8 3 12 10 21 17 9 7 24 40 38 57 47 15 24 25 4 21 26 20 9 22 49 40 18 15 42 19 36 17 24 68 17 33 35 22 24 23 21 36 24 28 14 15 31 11 43 56 45 15 24 76 15 18 13 26 10
67 37 22 37 39 42 37 34 59 34 29 31 25 29 28 37 21 18 52 22 30 23 11 22 34 27 25 16 19 17 23 25 32 9 14 33 11 8 16 23 6 19 13 18 19 16 18 8 37 16 10 8 9 21 21 46 31 16 22 20 14 36 25 19 20 31 45 15 40 14 43 15 28 41 10 16 37 12 19 28 34 20 13 5 10 9 36 62 22 17 46 24 20 14 25 18
84 45 30 31 33 41 19 36 46 16 36 30 30 31 22 43 23 22 39 15 15 36 14 6 4 12 12 7 28 44 22 25 36 5 10 2 20 8 11 55 7 9 9 16 19 13 26 14 66 27 21 13 14 13 39 46 25 7 9 32 14 12 32 19 33 20 53 13 53 11 24 30 19 28 13 35 20 18 12 14 24 30 23 12 10 12 7 14 42 56 43 33 22 13 31 19
65 29 19 40 24 25 24 26 48 15 28 22 25 49 22 48 23 45 22 13 12 28 20 10 10 13 14 14 19 22 42 38 12 9 5 5 5 20 7 50 4 5 5 14 13 9 26 13 9 22 26 27 5 31 44 38 23 14 6 37 23 18 9 35 32 30 45 14 45 21 14 20 34 47 18 13 21 8 18 5 7 22 11 15 10 8 11 6 7 18 54 30 13 18 37 21
76 31 60 31 32 24 24 25 22 17 30 29 15 56 53 16 34 30 34 25 24 13 22 17 22 27 16 24 12 12 16 16 15 10 4 8 4 6 14 28 10 3 7 5 9 10 12 34 8 10 16 16 24 56 48 32 23 21 6 13 31 15 24 20 26 49 29 35 9 33 50 10 42 62 23 4 16 7 10 5 18 15 22 21 6 4 6 9 9 7 19 38 28 9 35 9
69 49 23 25 24 28 37 24 28 15 21 20 29 38 39 14 15 16 17 5 20 14 19 26 34 28 22 29 26 7 9 13 39 23 6 4 22 6 4 14 22 3 10 5 10 21 19 15 8 10 10 16 36 41 39 21 6 19 17 10 29 14 20 23 9 20 17 20 13 17 48 14 31 35 2 7 9 18 14 9 2 22 3 7 14 1 2 4 11 12 19 6 43 13 24 7
16 48 16 27 28 23 30 20 57 18 20 21 21 7 35 19 20 8 28 13 10 20 21 22 25 13 25 36 28 4 9 11 18 22 22 13 8 18 4 4 27 2 7 5 4 28 34 18 12 11 16 35 39 34 39 15 11 21 15 17 33 17 8 9 19 15 13 32 11 17 44 24 50 18 3 11 4 1 6 17 4 9 8 9 19 5 8 5 7 6 7 15 25 26 35 5
30 59 18 21 13 26 31 30 17 30 22 18 24 10 21 14 19 11 57 18 7 13 16 49 13 12 19 31 27 6 10 9 23 14 25 15 7 8 16 5 27 4 5 4 5 15 8 20 5 28 21 35 37 40 19 6 13 20 16 20 38 23 33 13 12 22 11 32 10 14 12 20 38 3 4 2 5 3 10 8 6 2 1 11 13 13 12 9 5 4 4 3 6 35 18 4
29 65 42 6 14 17 42 29 16 38 24 13 9 14 11 20 6 29 11 5 9 17 25 15 32 14 12 14 14 11 6 18 19 17 15 17 12 16 18 6 32 4 6 5 5 6 16 43 23 11 31 48 48 35 4 13 21 27 17 24 14 37 15 37 22 10 9 16 6 15 20 35 18 16 10 10 1 9 15 6 12 3 1 6 8 22 18 6 5 4 5 4 2 10 19 18
12 30 45 6 24 11 27 40 13 33 20 10 3 16 8 28 10 23 16 20 7 8 22 26 21 11 8 12 15 22 3 7 12 26 17 8 12 24 10 19 30 10 5 15 8 6 5 31 43 34 47 50 38 9 14 24 28 24 18 27 32 25 9 22 32 3 8 6 14 6 14 21 13 24 10 9 5 15 11 2 23 26 6 9 3 3 9 9 5 8 1 5 6 25 7 17
16 31 42 12 15 5 12 12 18 18 19 7 2 12 13 56 14 10 14 4 12 20 20 27 14 6 6 6 15 11 7 12 22 13 6 3 11 22 20 7 19 11 9 18 13 10 14 61 46 66 67 53 6 10 14 14 21 24 20 24 38 10 27 18 17 37 56 7 5 3 4 32 7 22 19 14 10 20 16 12 16 44 9 12 5 2 8 11 27 24 10 4 32 9 10 30
14 18 50 23 24 9 8 15 6 26 21 14 6 8 6 20 15 8 13 7 12 16 11 11 12 5 26 5 10 19 9 9 23 24 8 7 19 8 9 15 3 9 3 12 32 54 77 53 48 48 23 4 10 13 20 16 20 20 16 10 13 7 19 13 4 28 8 1 1 6 9 11 27 8 26 15 16 18 32 15 22 30 7 21 7 7 6 7 7 14 16 25 8 24 31 45
16 8 5 50 10 7 3 3 3 16 36 9 10 5 9 24 5 7 20 6 8 12 10 8 4 9 4 4 2 16 6 8 11 12 9 11 11 9 3 8 4 6 3 53 47 49 77 82 49 13 4 10 9 14 17 14 19 21 15 3 1 2 19 25 34 37 4 3 2 16 25 14 15 5 29 10 27 11 20 8 11 25 12 21 11 14 3 3 5 4 3 7 19 8 31 27
17 18 7 55 2 9 13 4 15 1 21 8 7 13 12 35 7 13 19 11 4 9 10 26 3 8 2 20 2 3 7 10 19 14 4 10 29 14 4 6 13 61 68 70 79 40 60 80 56 2 7 12 12 11 3 12 14 13 13 1 1 12 43 43 37 12 6 17 17 9 28 27 5 8 13 15 34 23 39 44 48 29 11 16 22 16 15 1 5 7 9 6 10 17 30 24
14 11 5 57 8 3 5 5 27 2 6 20 7 7 8 27 6 11 23 9 5 7 7 25 4 5 4 8 12 12 5 9 12 10 11 20 13 10 11 26 51 76 83 69 81 79 69 55 2 5 16 11 12 15 4 9 22 23 8 3 3 18 39 28 13 10 15 15 16 15 22 38 48 11 8 14 15 18 22 11 6 16 20 43 32 24 4 3 13 3 15 13 9 22 47 16
12 10 5 20 19 28 7 6 24 6 5 20 1 6 4 6 10 9 16 8 3 1 1 16 3 7 15 9 21 6 6 10 7 20 8 17 11 4 15 36 29 13 57 73 76 63 3 5 10 6 8 6 12 12 7 3 4 55 9 16 8 13 9 31 24 10 23 21 15 39 33 29 4 10 11 24 23 17 14 11 14 15 24 18 24 6 12 6 6 2 7 16 7 15 42 16
10 9 5 8 31 12 8 4 14 3 3 12 6 2 1 2 7 2 15 6 6 1 3 3 7 11 15 8 11 5 14 11 12 7 11 12 11 3 13 28 13 39 23 13 8 3 14 19 13 13 7 7 5 1 5 13 6 19 18 11 9 12 5 13 6 8 10 28 38 45 13 4 9 14 15 17 38 18 33 16 23 24 24 20 28 4 9 6 12 1 17 12 9 10 13 5
9 8 7 3 30 3 5 5 21 8 3 5 17 4 2 4 3 3 11 11 3 3 3 11 17 8 8 12 4 7 8 9 10 15 10 7 13 7 28 30 69 60 20 4 13 13 3 6 8 3 4 1 5 2 7 13 5 35 13 5 9 8 17 12 2 10 17 45 31 1 5 1 5 16 38 36 20 21 9 17 20 17 23 34 10 12 12 13 5 2 20 12 10 14 8 2
4 4 10 23 5 3 6 4 9 4 2 2 12 4 3 3 3 4 3 16 4 2 1 4 13 13 12 9 3 7 3 8 7 16 5 10 18 10 23 18 18 26 5 13 14 7 7 10 18 9 3 1 1 1 10 17 3 17 10 8 8 8 16 4 3 5 24 27 3 1 2 9 4 4 10 34 31 33 6 12 17 19 24 14 18 12 12 12 17 3 8 11 6 4 4 4
19 3 7 29 33 2 5 4 12 3 5 1 6 3 5 0 5 2 5 3 3 2 1 6 8 17 13 3 4 4 1 3 10 3 10 5 7 6 23 12 19 26 6 11 3 14 2 1 5 12 7 1 1 3 1 5 14 6 12 1 2 19 10 2 6 20 26 28 3 0 1 9 6 7 9 19 26 12 6 9 15 22 19 32 11 16 24 8 7 3 9 10 7 4 3 3
10 3 0 3 7 3 3 3 6 3 2 1 1 5 3 0 2 2 5 1 2 1 1 10 8 8 12 1 5 5 2 2 2 7 11 8 11 45 22 66 60 29 5 2 2 11 8 4 3 9 5 5 1 2 5 3 21 16 1 0 0 11 8 7 21 27 24 21 1 4 5 13 30 3 8 19 14 11 6 6 17 10 13 5 8 32 10 11 3 4 3 4 3 1 4 1
4 6 1 5 2 9 4 2 0 2 3 1 1 2 1 1 4 2 17 0 1 3 3 10 4 3 3 1 3 2 4 2 3 3 5 12 26 31 63 40 19 46 10 3 3 6 1 1 1 4 6 6 3 1 5 7 4 26 4 3 4 23 8 3 11 20 12 19 4 7 10 10 15 3 4 8 7 22 9 6 1 1 1 4 4 9 3 4 4 2 2 1 1 1 1 1
3 9 9 4 1 2 1 5 1 2 2 2 2 1 3 2 2 2 3 1 1 1 6 3 5 3 3 1 3 1 2 2 2 5 7 33 49 66 80 39 9 2 10 10 4 1 6 19 3 10 14 2 6 9 7 12 2 9 2 9 3 25 4 9 15 10 13 22 4 5 9 11 9 2 1 2 9 10 32 10 3 2 6 7 2 3 3 4 2 1 0 2 0 0 2 2
