sesion_6_simulaciones/modelos_agentes/ejemplos_netlogo/scenarios/cgcm2_b2/rob_2053.asc
NCOLS 322 
NROWS 307 
XLLCORNER 451900 
YLLCORNER 4086900 
CELLSIZE 100 
NODATA_value -9999 
[rows 74 to 147 of 307, columns 0 to 95 of 322]
0 0 0 0 0 0 0 0 0 0 0 0 0 0 0 0 0 0 0 0 0 0 0 0 0 0 0 0 0 0 0 0 1 2 2 5 10 9 7 6 2 5 2 1 1 0 1 2 2 3 1 2 2 1 3 1 1 2 2 2 2 8 6 8 3 2 2 5 8 11 22 12 8 4 24 58 27 30 47 67 71 28 43 52 60 20 11 9 16 10 12 14 9 10 19 14
0 0 0 0 0 0 0 0 0 0 0 0 0 0 0 0 0 0 0 0 0 0 0 0 0 0 0 0 0 0 0 0 0 2 7 11 5 5 19 14 3 5 6 3 1 0 1 2 1 2 2 2 2 1 2 2 1 1 1 1 1 3 12 16 5 6 13 10 8 3 6 14 13 9 16 65 30 13 10 51 50 43 42 31 13 38 36 14 15 11 14 26 24 16 11 50
0 0 0 0 0 0 0 0 0 0 0 0 0 0 0 0 0 0 0 0 0 0 0 0 0 0 0 0 0 0 0 0 0 0 2 6 7 14 11 6 6 21 7 3 3 2 1 1 1 2 4 1 2 1 2 1 6 2 1 0 2 11 7 14 15 13 20 18 24 13 12 5 5 4 14 65 74 29 16 14 39 44 29 12 12 58 54 46 37 10 7 6 31 37 26 35
0 0 0 0 0 0 0 0 0 0 0 0 0 0 0 0 0 0 0 0 0 0 0 0 0 0 0 0 0 0 0 0 0 0 3 2 4 5 2 3 22 5 6 5 8 9 3 1 1 3 3 2 2 2 4 2 2 2 1 2 5 8 7 17 10 15 20 21 25 27 26 25 24 18 9 18 51 40 28 9 39 60 18 10 44 65 17 60 46 27 12 29 43 42 38 24
0 0 0 0 0 0 0 0 0 0 0 0 0 0 0 0 0 0 0 0 0 0 0 0 0 0 0 0 0 0 1 0 1 1 2 2 2 3 4 10 8 15 5 8 10 28 8 7 10 5 5 2 3 2 1 1 2 2 5 6 5 3 5 3 9 15 18 31 28 24 25 39 26 26 13 5 6 19 21 13 23 24 19 20 51 23 17 11 11 34 23 31 24 32 36 38
0 0 0 0 0 0 0 0 0 0 0 0 0 0 0 0 0 0 0 0 0 0 0 0 0 0 0 0 0 0 0 1 6 13 21 18 9 3 8 11 11 25 15 3 4 6 21 24 41 39 25 13 7 5 4 2 2 3 6 6 2 3 3 3 3 6 5 3 8 24 29 25 27 30 20 17 10 19 7 5 19 24 20 31 49 21 34 22 11 26 32 53 68 60 46 49
0 0 0 0 0 0 0 0 0 0 0 0 0 0 0 0 0 0 0 0 0 0 0 0 0 0 0 0 0 1 0 1 1 7 32 42 10 4 6 18 15 11 24 14 4 4 9 23 59 67 76 80 64 20 13 7 6 6 4 6 4 3 3 1 7 8 5 9 9 21 30 23 28 33 29 16 15 7 4 1 8 21 22 32 38 32 15 16 16 23 63 63 65 39 41 64
0 0 0 0 0 0 0 0 0 0 0 0 0 0 0 0 0 0 0 0 0 0 1 6 1 0 0 0 0 1 1 1 0 1 3 19 13 6 4 12 24 51 17 32 24 11 7 3 2 6 21 33 50 66 46 19 8 4 6 5 2 6 3 13 3 1 4 3 5 11 12 34 30 33 36 22 6 1 3 2 5 11 13 34 18 32 41 42 25 19 14 10 32 22 28 43
0 0 0 0 0 0 0 0 0 0 0 0 0 0 0 0 0 0 0 5 4 6 13 4 16 3 1 0 0 0 0 2 2 5 6 3 2 2 2 8 10 9 12 32 18 12 16 10 3 1 1 2 5 24 23 52 25 12 5 28 35 15 9 4 17 9 3 6 2 2 11 22 39 27 18 19 12 7 8 16 6 5 19 46 19 43 45 43 39 43 27 13 11 25 55 67
0 0 0 0 0 0 0 0 0 0 0 0 0 0 0 0 0 5 8 9 1 3 1 0 1 1 1 0 1 1 1 1 1 1 3 4 3 2 7 11 24 31 9 7 4 5 5 4 1 3 3 1 8 4 6 13 27 21 48 37 10 5 5 8 17 4 4 7 8 8 43 35 35 24 20 22 27 32 20 10 15 12 41 48 30 61 59 82 62 59 60 49 13 10 12 12
0 0 0 0 0 0 0 0 0 0 0 0 0 0 0 0 0 3 0 1 1 0 0 0 0 1 1 1 4 4 7 0 1 3 8 5 2 6 9 10 18 29 30 20 2 1 2 3 2 1 1 10 31 17 15 11 7 27 61 15 10 9 4 4 9 6 10 7 23 33 27 28 27 21 23 23 28 24 34 9 13 11 19 16 29 66 31 50 61 76 49 52 50 27 17 12
0 0 0 0 0 0 0 0 0 0 0 0 0 0 0 0 1 1 0 0 0 2 0 0 0 0 1 0 0 0 0 0 2 6 4 6 2 20 11 13 24 24 36 31 14 15 21 16 19 22 16 21 29 23 16 10 17 23 12 15 14 21 16 8 5 3 3 23 21 13 24 16 49 20 16 42 29 24 25 17 14 9 10 24 6 45 35 66 64 78 81 83 64 40 22 16
0 0 0 0 0 0 0 0 0 0 0 0 0 0 0 0 0 0 0 0 1 0 0 0 1 1 1 0 0 0 1 1 2 2 3 4 3 9 8 21 28 14 30 20 13 17 25 16 13 21 22 10 16 19 15 16 29 11 15 20 31 17 7 5 6 6 6 3 6 11 6 17 8 7 41 29 20 24 52 28 30 15 7 16 31 42 38 32 68 63 52 50 69 29 23 14
0 0 0 0 0 0 0 0 0 0 0 0 0 0 0 0 0 0 0 0 0 1 1 4 4 3 4 8 5 1 0 0 1 0 1 1 3 5 7 15 26 9 5 9 8 13 25 3 10 16 13 16 18 29 21 14 16 8 15 17 24 8 9 5 8 10 25 34 27 15 18 12 13 10 8 8 36 46 14 24 24 16 15 11 15 17 29 43 52 59 13 29 44 46 20 13
0 0 0 0 0 0 0 0 0 0 0 0 0 0 1 0 0 0 1 0 1 1 1 1 12 10 10 9 3 13 8 6 3 1 0 2 1 5 4 10 6 4 12 7 17 22 28 7 13 25 10 9 15 33 20 6 12 7 14 21 10 1 1 4 15 5 3 13 33 11 19 15 10 12 20 11 13 20 16 13 8 12 24 21 13 13 11 7 20 19 10 30 15 40 30 18
0 0 0 0 0 0 0 0 0 0 0 0 0 0 0 0 0 1 0 0 2 0 1 5 7 21 22 15 8 12 10 14 3 10 5 4 1 1 1 1 1 4 5 7 9 12 16 5 5 16 5 15 4 24 31 5 12 5 32 10 7 7 7 14 14 3 2 2 48 16 17 11 11 9 10 27 27 46 43 39 50 33 17 11 29 34 27 23 8 5 12 24 28 10 20 15
0 0 0 0 0 0 0 0 0 0 0 0 0 0 0 1 2 0 1 1 0 0 7 12 38 3 29 31 9 15 15 16 9 20 8 13 10 4 1 0 1 2 2 2 6 15 4 6 7 7 7 19 12 30 1 14 23 10 14 3 2 12 19 10 6 6 3 3 14 69 58 29 13 39 37 40 68 59 18 27 52 41 51 46 40 39 34 31 22 8 4 18 18 7 5 2
0 0 0 0 0 0 0 0 0 0 0 0 0 2 1 0 1 3 1 1 3 1 1 10 24 9 4 47 43 10 4 27 13 26 25 40 15 8 7 1 4 5 7 1 1 2 4 2 4 6 38 44 56 36 48 12 3 14 3 2 2 12 8 3 2 3 22 19 6 6 27 26 69 89 67 46 24 20 65 32 8 34 50 42 32 34 36 31 23 9 5 5 3 2 3 10
0 0 0 0 0 0 0 0 0 0 0 0 0 0 0 4 5 4 3 1 1 2 1 13 3 16 17 32 67 32 3 3 3 7 8 22 13 21 30 11 7 2 12 19 18 18 19 7 15 52 71 48 14 20 48 62 26 5 7 7 4 12 5 4 5 7 6 5 15 7 8 10 7 10 8 58 25 24 15 31 46 16 21 52 35 35 33 23 21 20 9 2 7 15 7 10
0 0 0 0 0 0 0 0 0 0 0 0 0 0 0 0 4 8 21 8 1 16 3 2 1 6 3 1 16 19 45 9 2 2 14 4 11 37 12 8 24 5 9 27 45 32 22 40 46 54 75 70 31 65 55 72 36 49 29 24 12 18 2 4 4 6 2 9 7 4 4 2 7 7 6 17 15 21 16 18 29 52 27 29 36 32 16 15 8 5 12 17 20 4 3 3
0 0 0 0 0 0 0 0 0 0 0 0 0 2 1 1 1 9 3 7 4 5 4 4 2 12 4 3 2 23 64 26 5 4 4 16 8 16 49 9 42 3 13 51 51 43 44 67 66 86 81 71 60 89 81 78 64 67 60 15 18 14 2 4 3 5 14 34 17 12 6 20 25 19 13 7 10 23 30 22 12 13 39 36 29 13 15 6 6 20 23 17 23 20 11 5
0 0 0 0 0 0 0 0 0 0 0 0 1 1 2 1 2 2 3 5 6 12 2 5 3 8 10 3 2 7 38 48 23 13 3 9 1 6 42 9 37 7 15 46 47 53 78 80 78 87 81 41 70 64 65 59 57 74 13 9 32 12 7 5 8 5 10 21 22 12 52 14 5 10 12 21 54 53 51 38 28 20 19 24 14 7 16 15 16 22 39 29 14 9 11 9
0 0 0 0 0 0 0 0 0 0 0 1 1 1 0 1 3 1 1 2 3 4 2 5 13 5 16 10 7 2 24 58 5 6 8 9 2 26 59 45 56 50 23 34 54 72 89 84 59 84 60 15 42 11 24 61 75 64 27 60 54 44 15 4 4 6 11 11 12 39 11 21 25 9 13 40 32 21 43 52 51 24 10 9 6 10 21 38 36 37 34 37 15 15 15 23
1 0 0 0 0 0 0 0 0 0 0 1 8 2 1 2 2 2 4 4 1 1 4 16 25 27 13 21 11 6 27 56 8 6 23 21 6 19 12 45 67 84 47 47 59 65 89 85 41 62 16 24 13 6 2 4 57 73 74 70 40 62 9 7 33 43 11 4 10 11 17 35 13 42 43 11 29 53 39 55 43 44 39 15 24 28 43 42 53 34 50 44 31 33 27 36
1 2 0 0 0 0 0 0 0 0 0 0 4 12 2 5 2 5 8 10 14 6 8 14 17 25 22 38 24 24 11 33 13 14 16 7 10 30 14 23 36 73 62 67 61 63 87 93 82 63 30 15 3 4 1 3 5 4 78 64 66 18 8 32 17 24 20 8 7 5 28 21 47 30 22 14 17 10 31 39 57 60 40 26 30 49 44 38 58 27 72 32 35 35 25 28
0 7 3 0 0 0 0 0 0 0 0 1 1 2 12 13 2 4 14 12 14 9 15 36 42 49 49 39 38 42 5 26 42 24 17 12 11 17 8 4 12 67 18 27 24 30 78 82 75 39 26 30 20 17 8 12 3 12 8 9 12 13 29 35 31 14 11 6 9 12 13 25 19 19 9 7 9 26 32 49 53 57 38 37 30 43 51 24 52 43 75 46 43 22 33 42
0 0 5 1 0 0 0 0 0 0 0 1 2 1 9 2 23 5 4 6 9 7 3 4 9 22 27 14 38 42 20 55 73 50 19 42 19 22 18 5 43 61 51 28 32 35 14 39 58 14 28 36 29 23 34 20 10 28 15 28 18 9 24 32 20 13 13 5 17 7 3 5 26 27 20 17 25 34 35 42 40 51 42 38 38 32 44 37 68 69 21 43 48 45 47 31
0 0 0 0 1 0 0 0 0 0 0 1 2 0 1 5 6 29 8 9 4 14 13 15 27 34 32 18 7 10 10 59 54 35 55 61 73 58 14 13 46 43 82 58 51 43 39 13 7 16 42 39 31 27 16 32 35 23 21 19 27 25 42 33 17 13 8 12 19 4 3 8 9 15 18 37 30 36 37 40 37 35 29 44 45 31 33 38 56 9 26 42 32 13 8 20
0 0 0 1 1 0 1 0 0 0 0 1 2 3 4 5 3 4 8 11 17 28 24 28 37 60 40 39 27 12 7 5 46 63 63 30 81 60 40 63 70 26 73 49 80 74 36 16 13 8 26 39 32 28 37 18 39 30 31 21 37 42 63 63 26 11 5 5 12 4 3 5 3 5 4 27 23 26 32 31 36 28 33 43 21 49 38 63 27 19 37 38 39 24 22 34
0 0 0 1 2 0 1 0 0 0 0 1 5 3 2 2 3 7 7 8 20 23 54 43 47 39 64 46 19 22 18 16 7 41 54 16 23 18 71 46 41 14 79 42 23 9 28 20 26 17 25 42 50 42 33 20 13 19 5 11 24 17 40 40 4 10 9 4 8 10 16 14 6 11 14 6 24 25 29 29 21 46 18 7 25 58 31 58 21 10 18 22 25 23 34 38
0 0 0 1 1 1 0 0 0 0 0 0 1 1 10 10 6 4 4 5 6 16 56 61 28 25 30 35 42 40 27 34 19 7 7 23 10 20 74 19 15 29 56 23 22 16 34 25 26 20 11 29 35 40 26 18 15 16 8 11 11 9 10 6 8 11 8 6 7 15 17 5 14 17 14 13 29 27 26 22 56 16 16 25 30 44 34 26 28 5 6 20 23 37 41 56
0 0 0 1 1 1 0 0 0 1 0 1 1 1 2 3 11 13 24 28 17 25 21 17 9 4 17 33 40 32 48 51 17 9 3 5 17 51 34 30 7 58 75 35 32 32 31 37 41 11 16 23 22 24 15 19 17 7 11 4 8 3 8 22 22 10 11 12 17 16 16 12 6 24 11 13 22 16 22 42 24 16 23 16 32 13 30 39 48 21 15 19 30 33 24 52
0 0 0 1 2 1 0 0 1 0 0 0 1 4 4 13 11 18 25 19 19 41 20 14 18 18 6 16 26 19 20 15 10 20 18 21 38 28 44 22 26 34 57 59 48 38 16 20 25 9 8 28 37 44 44 27 17 10 21 39 31 15 11 16 8 4 33 28 13 12 9 59 38 21 16 10 10 11 15 32 12 19 20 8 22 19 32 44 27 46 30 38 31 46 40 48
0 0 0 0 6 4 1 0 0 0 0 2 3 27 12 44 23 9 17 31 34 33 43 22 17 19 17 11 22 21 12 12 19 28 33 33 12 17 24 26 24 9 16 36 43 25 5 10 10 11 16 20 18 19 16 15 19 7 46 46 27 31 7 7 12 8 33 81 68 45 30 21 56 67 27 14 13 17 27 18 4 30 9 18 19 34 13 16 19 28 46 36 65 44 22 28
0 0 0 0 1 2 1 0 0 0 0 2 2 5 25 24 34 40 28 35 27 19 39 19 11 11 7 5 4 6 16 16 26 27 16 30 28 26 22 17 7 15 29 9 42 31 24 21 19 8 8 9 10 35 27 24 20 6 12 13 16 13 29 14 25 29 18 59 73 64 13 25 29 17 56 40 13 15 17 14 25 34 12 59 33 26 26 34 25 35 48 58 29 27 27 13
0 0 0 0 0 5 6 1 0 0 1 1 1 3 3 3 2 5 16 29 27 26 38 46 26 18 21 17 9 5 10 4 7 14 14 25 27 18 27 10 6 21 12 16 42 26 26 20 21 12 10 10 11 27 43 6 11 11 23 21 17 42 38 44 52 27 35 24 64 42 48 19 17 21 22 41 33 39 27 38 14 24 27 45 35 43 41 18 27 72 41 20 40 29 34 31
0 0 0 0 0 1 2 0 0 0 1 1 4 4 11 11 5 3 9 24 31 53 59 64 57 22 14 6 3 5 5 2 2 3 8 8 15 18 13 16 15 20 7 31 6 4 11 13 16 15 21 23 13 27 20 19 16 26 35 12 32 32 20 21 82 41 37 20 9 63 71 32 37 16 45 61 55 76 56 49 35 31 15 42 70 49 65 54 53 63 56 32 46 49 53 33
0 0 0 0 0 0 2 1 0 0 0 3 2 3 12 8 7 21 10 41 73 50 26 37 45 25 18 18 7 1 5 7 10 5 2 7 20 18 5 11 28 31 27 26 10 6 12 26 32 34 17 45 33 37 26 17 19 10 11 36 24 13 13 21 18 51 28 25 13 30 53 80 68 22 8 45 30 67 15 9 36 72 8 25 9 39 41 79 75 66 82 56 52 53 52 50
0 0 0 0 0 0 1 6 0 1 1 2 1 1 2 6 25 24 20 10 11 48 55 34 35 26 37 47 26 10 8 19 13 13 14 5 5 12 11 15 15 24 23 23 18 17 34 34 24 26 28 21 31 25 23 33 41 51 27 12 32 17 11 48 16 38 47 24 14 15 49 62 66 46 23 29 8 51 28 14 3 40 25 26 29 65 24 35 15 11 53 34 42 77 55 70
0 0 0 0 0 0 1 0 0 0 1 3 6 2 3 10 16 20 20 19 13 4 40 69 51 46 39 41 44 17 16 24 12 14 25 30 11 5 5 13 21 18 11 44 23 25 24 55 55 35 47 20 31 60 76 71 37 28 21 19 23 60 35 10 47 16 46 37 23 6 48 51 43 61 21 31 10 51 65 19 12 55 15 27 29 7 36 25 10 23 78 43 25 65 82 81
0 0 0 0 0 0 2 0 0 0 0 2 4 2 1 5 10 20 24 33 28 24 10 28 32 32 11 14 35 17 13 14 10 8 12 18 14 9 7 15 13 7 8 7 30 33 27 42 32 18 17 43 25 20 18 12 18 10 23 31 23 41 48 19 21 44 7 55 37 12 35 60 48 56 28 26 13 57 22 20 5 73 34 22 34 27 14 26 21 38 66 79 31 29 70 75
1 0 0 0 0 0 1 0 0 0 0 0 2 1 2 4 5 8 28 48 47 27 17 8 6 3 12 7 2 3 13 1 3 8 14 10 13 18 13 10 22 19 24 20 29 34 28 27 18 20 36 42 41 52 27 42 40 28 20 35 16 24 35 35 23 65 34 47 66 26 19 33 62 36 59 23 17 53 36 59 46 60 83 40 33 33 13 39 25 15 45 82 43 21 21 70
3 0 0 0 1 0 1 1 0 1 0 0 0 2 4 3 11 11 21 30 36 24 13 19 10 11 11 5 1 2 6 5 4 6 6 9 16 16 10 18 33 27 25 22 12 23 27 24 23 51 38 58 43 42 39 55 54 45 37 46 34 42 22 39 18 59 49 25 67 48 10 35 49 35 70 30 45 32 38 32 58 32 80 57 20 33 31 61 24 14 17 61 48 24 42 37
2 1 0 0 0 0 1 0 0 0 0 0 1 2 2 3 6 10 17 23 24 23 21 17 27 19 22 14 4 1 2 1 1 6 7 4 15 15 6 6 24 21 14 11 23 15 19 16 13 42 59 56 61 42 23 38 70 38 56 54 54 60 27 11 16 15 36 23 40 58 29 24 25 69 54 44 65 32 46 72 59 31 53 76 32 35 17 17 17 24 26 64 45 52 34 12
5 2 1 0 0 1 0 0 0 0 0 1 0 4 3 2 19 19 51 48 31 54 35 39 15 17 22 21 14 1 1 1 10 8 22 21 16 25 23 19 20 17 16 13 14 12 12 21 17 15 14 26 16 30 54 57 72 33 87 75 28 68 39 45 45 20 12 8 28 45 24 43 25 50 14 45 82 64 41 58 70 65 54 83 29 29 34 18 21 9 31 49 49 24 16 18
2 3 3 1 1 1 0 0 1 0 1 0 0 4 4 5 3 11 11 5 13 6 9 17 30 40 22 22 32 7 2 18 14 17 8 6 15 13 12 38 30 11 18 30 26 24 33 37 18 39 42 18 39 59 52 66 52 63 58 68 27 56 68 41 55 68 63 40 18 52 54 68 59 38 37 50 70 74 57 57 60 65 49 79 74 47 10 11 14 27 39 52 62 31 15 10
0 1 2 2 4 1 1 0 0 0 1 0 0 2 12 15 11 7 20 14 9 18 14 24 47 24 28 31 34 31 12 62 23 9 14 8 28 29 31 40 60 31 39 40 32 42 26 35 25 32 38 27 14 46 24 35 70 73 56 60 65 76 80 71 28 67 62 63 48 30 38 59 20 39 41 49 68 55 74 73 56 39 41 81 73 42 46 12 17 39 27 56 47 46 37 24
3 0 0 1 1 1 1 0 0 1 2 1 1 2 2 2 3 9 5 29 15 20 23 26 25 26 42 29 32 23 26 63 18 23 19 15 24 25 27 45 55 30 32 43 31 40 14 17 39 23 22 33 14 10 10 11 46 63 70 75 69 62 71 85 56 43 60 55 44 24 10 19 31 27 38 57 65 80 62 41 33 24 78 70 73 38 28 27 17 25 33 56 19 13 15 46
14 4 1 1 2 1 1 0 1 2 1 1 3 1 10 1 1 4 7 19 32 34 9 13 17 29 32 14 41 36 52 30 31 39 16 10 12 26 58 54 26 21 31 52 52 38 16 15 13 40 25 23 32 25 12 7 18 22 18 47 38 36 64 78 74 52 26 11 12 19 14 14 18 23 31 31 66 56 46 28 9 21 76 63 72 61 31 31 9 31 42 65 62 50 24 12
3 6 3 1 3 1 0 0 0 1 0 4 2 2 20 1 3 3 13 28 18 12 3 18 9 4 24 11 41 51 47 46 49 25 13 26 33 33 57 42 22 42 24 28 47 19 15 22 10 32 19 14 27 13 24 15 14 23 25 9 23 34 39 51 54 27 21 35 27 39 22 14 16 22 25 13 40 33 37 19 15 8 31 21 42 69 33 41 13 43 61 50 39 38 41 16
3 1 1 2 1 3 1 0 0 1 0 2 2 4 2 12 5 8 6 8 13 3 17 14 12 7 18 14 37 28 30 29 42 18 31 35 42 26 45 34 27 37 26 28 38 17 20 20 13 49 29 21 34 33 26 21 36 34 46 29 19 24 9 18 7 7 23 37 39 40 37 20 16 9 11 11 20 20 19 16 16 10 10 11 26 36 14 30 10 33 58 53 33 18 72 51
2 3 3 1 1 1 1 1 1 0 0 0 2 5 1 26 15 4 9 6 15 6 7 13 12 14 43 30 36 23 35 43 16 30 30 50 32 29 58 19 30 41 19 31 32 49 14 32 14 39 27 32 30 44 21 29 29 42 33 39 38 46 21 18 19 12 35 27 31 21 11 8 32 16 10 5 8 18 11 9 8 5 7 18 22 19 17 22 12 63 68 70 68 27 8 18
1 2 2 2 1 2 1 1 0 1 2 1 11 14 8 1 11 7 6 12 16 8 13 26 19 17 41 21 13 9 13 20 27 58 35 25 31 10 37 18 30 27 33 29 17 23 24 30 38 39 37 37 29 36 33 46 49 32 41 32 52 29 18 37 11 21 24 36 15 12 19 40 31 26 25 25 7 5 12 9 8 11 6 21 11 9 33 10 23 62 59 54 75 41 44 11
5 2 1 2 1 0 1 1 1 0 1 1 1 6 6 2 2 8 4 8 6 5 8 22 18 38 29 24 11 10 19 47 22 29 46 32 23 26 39 13 27 23 11 15 14 32 10 19 21 6 22 11 26 43 49 54 63 48 25 39 31 36 30 22 57 19 27 29 33 57 44 29 16 16 21 24 22 25 25 25 28 28 10 9 9 18 37 20 36 48 23 45 79 59 59 37
5 6 4 4 2 1 0 1 1 2 2 1 1 4 3 5 8 4 5 5 7 8 6 5 9 6 13 18 15 28 21 36 14 23 44 27 17 24 13 23 21 20 15 33 45 25 12 37 58 30 45 35 54 65 60 33 42 50 44 32 39 38 55 42 51 40 37 36 58 14 10 13 14 7 4 6 23 18 26 31 28 19 16 7 6 17 38 15 18 11 16 48 85 47 62 52
1 1 2 4 7 7 3 1 3 9 7 3 3 1 1 7 4 3 13 17 42 27 32 15 29 8 7 16 23 17 22 13 11 24 42 30 18 14 10 15 30 65 32 19 30 32 42 19 53 65 79 55 67 81 65 41 57 43 24 25 24 28 55 33 35 45 39 48 18 16 20 26 44 25 25 16 7 21 32 43 33 8 5 8 5 17 29 17 15 15 19 72 77 38 43 82
1 1 1 3 5 5 10 9 4 2 5 1 1 1 1 2 5 8 12 11 30 54 43 18 18 31 49 35 36 14 51 23 20 19 23 20 12 13 28 25 42 8 33 62 25 46 51 39 31 74 74 79 38 67 62 61 44 64 49 43 39 43 15 39 49 55 55 20 25 24 37 54 39 43 53 28 14 29 39 39 12 6 4 9 6 15 7 7 14 19 37 76 48 63 39 80
5 5 2 2 5 2 3 6 2 4 2 1 1 1 4 1 7 6 19 23 9 49 43 62 68 74 63 61 47 22 37 26 18 25 33 54 41 59 68 55 57 62 44 72 34 49 72 71 23 20 16 71 70 39 63 40 32 78 61 57 30 37 42 51 53 54 39 43 42 52 42 24 35 32 32 26 41 24 14 14 6 4 4 5 4 8 6 6 8 9 19 57 30 50 15 39
4 9 6 3 5 3 1 1 1 1 1 1 1 1 3 2 0 3 26 53 18 6 41 77 54 72 61 74 74 81 65 75 75 79 46 67 14 60 78 49 65 82 42 70 73 42 71 39 79 51 28 81 65 60 62 57 82 83 43 64 37 24 34 36 33 42 32 23 20 27 26 29 20 31 32 44 45 27 5 2 5 2 2 3 2 4 4 8 8 20 34 50 17 22 20 17
3 5 26 2 15 16 5 5 3 3 2 3 4 5 5 2 4 5 4 31 19 5 6 17 17 13 47 68 64 68 69 65 77 66 50 63 73 62 66 74 42 79 78 43 64 56 75 43 71 84 54 59 61 44 32 77 65 66 50 63 57 25 27 27 50 38 40 47 47 46 50 32 43 34 52 41 18 8 7 2 0 1 1 2 2 1 3 5 7 12 31 32 7 9 12 12
8 5 3 17 19 23 13 17 13 9 2 7 9 8 3 4 7 5 13 4 2 2 10 5 7 16 39 32 42 57 64 70 34 58 40 73 67 66 69 71 59 70 64 63 67 66 71 77 25 66 54 30 73 21 45 75 58 24 62 27 35 65 19 20 35 35 52 50 50 43 38 42 49 69 60 40 19 7 1 1 1 1 0 0 1 1 2 2 4 7 15 11 7 4 12 19
2 7 11 10 12 18 5 6 18 4 9 3 7 9 2 7 7 5 15 22 15 13 9 10 9 12 4 7 9 12 9 9 17 24 10 8 13 12 12 16 15 19 14 24 25 21 23 72 56 44 75 29 53 47 50 58 21 17 30 32 64 58 34 25 41 45 50 36 34 59 72 63 65 56 40 27 11 2 1 1 1 1 0 0 1 0 1 1 1 2 5 5 4 2 4 6
11 15 19 12 6 3 4 4 13 2 9 6 4 7 4 7 7 6 10 4 6 20 16 9 20 14 8 10 17 21 14 14 36 29 23 28 15 19 23 28 26 30 43 28 36 25 37 17 19 20 43 39 42 48 47 26 34 47 44 52 58 36 27 35 41 40 48 60 70 69 72 50 27 19 9 6 1 2 2 1 1 1 0 0 0 0 0 0 0 1 1 2 3 1 1 2
32 44 30 7 4 2 3 5 3 5 2 3 1 7 1 3 4 3 3 18 12 4 7 6 12 8 4 21 13 10 19 19 8 8 7 17 12 11 20 12 18 33 34 21 19 27 21 35 27 25 13 13 8 7 14 23 41 40 40 40 19 21 25 39 42 33 30 26 43 60 60 49 25 14 4 4 7 6 9 7 3 1 0 1 1 1 1 1 0 0 0 0 1 2 2 1
7 9 6 19 8 4 2 1 1 2 2 4 2 6 2 4 7 2 2 2 17 16 13 12 8 8 6 12 19 24 13 4 12 7 9 12 12 17 18 23 17 18 20 11 9 9 10 11 21 29 37 47 22 16 19 20 26 31 31 16 15 26 25 48 37 22 29 25 24 24 16 19 18 6 4 9 13 9 2 1 1 1 1 2 4 4 4 2 1 1 0 0 0 0 0 0
10 7 10 3 1 1 2 0 4 0 1 1 1 1 4 1 2 4 5 4 6 25 20 12 13 5 7 16 26 5 5 10 7 14 15 8 10 12 11 13 13 13 31 22 24 19 19 26 34 26 32 32 24 22 26 22 26 22 23 24 5 26 26 33 51 48 43 49 30 21 9 7 3 6 10 16 29 13 4 2 2 3 3 8 6 6 6 6 6 2 3 1 1 1 0 0
19 10 6 3 2 1 1 1 2 0 2 2 1 1 1 1 2 5 6 1 6 15 20 17 18 4 23 34 11 3 10 5 11 9 14 14 12 18 18 19 6 18 23 24 17 28 31 26 22 17 23 12 40 29 50 40 26 22 16 12 16 21 26 19 63 69 35 49 37 29 15 13 5 12 21 27 10 3 5 7 6 11 7 12 16 12 17 10 9 8 5 5 3 2 1 1
9 3 4 2 1 4 14 20 8 3 10 2 0 0 0 0 0 1 1 3 10 11 5 10 13 21 40 45 17 9 14 11 11 26 14 19 16 21 9 10 24 25 19 24 24 36 30 14 32 15 26 34 35 25 43 25 44 13 21 9 30 47 21 53 76 53 49 26 20 19 10 5 7 14 24 19 7 10 11 15 23 18 23 34 31 24 23 16 24 21 11 18 7 3 3 2
3 5 1 1 8 29 17 9 23 32 2 8 2 0 0 1 2 2 2 6 11 8 7 20 15 40 25 5 6 4 7 17 9 14 41 15 17 22 22 29 20 21 17 16 22 19 31 26 23 27 35 32 36 28 35 28 46 30 15 7 15 39 52 65 54 56 31 26 23 9 7 9 14 7 26 10 20 19 34 35 46 31 37 48 43 28 39 37 34 19 17 18 10 9 10 9
1 1 1 3 3 25 24 27 40 25 12 12 22 7 2 1 1 1 4 5 1 2 5 20 8 4 7 8 16 22 14 8 28 9 24 24 24 41 23 23 11 25 9 8 10 20 20 35 33 27 23 46 16 30 40 36 18 14 23 16 5 23 21 27 36 54 39 45 23 5 18 14 24 19 64 29 28 30 43 42 56 41 46 60 39 37 53 64 48 40 24 21 19 30 24 12
1 0 1 8 1 1 1 1 27 32 30 33 27 8 11 6 2 1 2 1 3 2 5 5 6 13 15 15 18 16 12 8 10 16 14 22 14 17 19 30 43 16 22 19 6 9 14 14 24 31 34 31 28 10 42 9 19 36 17 17 8 9 16 12 9 9 21 11 6 19 48 26 32 29 68 34 45 49 64 69 82 72 82 81 73 61 62 61 79 73 40 32 29 30 55 26
1 1 1 1 0 1 2 4 2 11 6 23 18 8 13 13 11 10 9 2 1 4 1 3 7 13 15 5 3 6 4 5 6 9 12 11 11 15 14 27 33 50 23 10 38 27 31 12 23 16 13 26 11 26 24 27 27 18 23 17 11 30 39 25 16 9 8 17 29 30 43 51 33 49 65 61 66 57 68 82 69 62 79 76 73 72 68 66 72 64 52 41 57 64 63 44
2 1 2 6 4 3 25 7 8 1 27 38 14 37 21 26 38 26 17 5 3 2 1 2 8 4 3 3 2 1 2 1 2 4 10 11 5 9 19 29 23 29 35 36 3 26 25 29 28 16 16 32 37 21 9 9 16 32 24 20 14 43 29 21 9 22 21 28 53 52 45 73 57 72 61 73 76 66 74 61 38 60 69 54 33 33 52 25 56 66 49 52 49 49 45 62
12 16 28 11 32 4 2 3 14 9 29 42 30 72 44 42 66 40 14 17 8 8 3 2 2 1 3 2 2 2 3 1 4 9 3 3 9 9 10 8 9 20 30 51 33 18 30 20 26 23 21 16 12 45 60 30 28 24 20 23 34 31 36 17 22 33 49 30 48 62 47 59 66 62 78 50 61 53 70 59 21 29 38 46 26 6 8 16 52 45 47 57 21 27 18 48
