sesion_6_simulaciones/modelos_agentes/ejemplos_netlogo/scenarios/cgcm2_b2/rob_2012.asc
NCOLS 322 
NROWS 307 
XLLCORNER 451900 
YLLCORNER 4086900 
CELLSIZE 100 
NODATA_value -9999 
[rows 75 to 149 of 307, columns 96 to 191 of 322]
32 30 26 14 7 11 14 19 10 22 27 23 18 23 41 61 42 51 59 75 93 82 83 61 49 36 28 16 40 23 42 87 74 72 68 73 46 39 51 28 41 80 81 76 85 68 59 86 88 48 54 48 61 77 39 44 61 73 55 37 60 61 75 65 65 46 38 54 66 72 42 80 52 60 55 39 67 32 19 41 44 26 5 4 5 4 3 2 3 2 3 2 1 0 0 0
40 23 18 11 8 13 8 19 8 21 32 11 15 33 27 32 42 67 61 71 86 86 87 78 50 35 30 19 33 49 76 86 77 74 70 72 72 52 55 63 61 59 68 48 58 69 63 77 68 71 42 37 67 61 62 62 74 77 48 45 62 45 75 76 66 52 61 60 82 65 43 72 72 61 73 61 32 21 73 40 22 14 19 11 16 16 11 14 11 5 5 3 1 1 0 0
40 12 18 13 9 7 7 11 8 12 43 16 19 21 24 35 62 39 63 66 84 87 71 68 65 25 20 34 60 64 79 57 66 56 66 40 86 67 51 80 49 40 37 27 51 55 70 66 47 81 78 70 65 37 50 59 76 63 62 46 71 49 76 64 51 29 64 74 77 53 42 59 83 58 77 51 50 49 66 33 37 29 22 31 39 31 31 15 10 13 5 4 1 1 0 0
31 13 16 13 15 5 8 9 3 21 39 34 19 13 26 30 36 57 74 50 54 58 70 78 46 37 50 70 78 67 72 55 62 56 28 56 64 62 55 71 66 37 29 41 53 48 59 71 43 85 80 78 86 74 76 50 52 52 60 47 64 45 43 51 33 34 51 75 63 47 59 59 84 75 60 31 63 65 47 45 57 68 73 55 49 45 15 17 17 6 6 2 1 2 1 2
32 32 6 20 22 8 2 8 3 8 9 24 18 14 18 5 35 75 39 56 48 31 57 72 49 35 81 77 77 76 83 67 31 22 40 72 77 40 46 60 76 40 35 56 50 44 39 80 80 70 78 79 86 60 85 80 78 60 38 28 47 64 37 36 50 50 64 70 49 47 68 74 63 49 80 77 45 48 64 68 73 65 57 50 31 36 32 34 16 5 5 2 2 3 6 2
50 59 26 19 4 3 2 2 2 10 4 2 13 25 5 17 54 33 29 28 37 22 12 46 59 71 80 67 75 65 89 85 54 48 68 82 65 52 25 42 87 56 39 46 53 69 45 31 78 58 67 89 79 75 87 66 78 87 88 81 82 49 77 58 52 20 56 64 67 73 61 22 26 25 33 65 72 88 58 79 68 47 65 44 31 28 40 39 18 11 9 6 20 13 2 2
22 18 27 3 2 2 4 3 2 4 4 1 2 6 11 17 10 38 38 28 23 39 11 18 53 73 74 46 40 61 66 55 65 66 79 78 78 73 32 42 83 72 36 33 56 53 36 21 51 28 67 84 66 92 85 62 87 70 69 70 82 54 62 76 75 53 68 65 81 50 76 42 42 46 52 25 27 77 79 78 52 62 73 55 32 37 56 34 24 17 18 24 28 12 3 7
30 32 18 5 3 5 6 3 2 3 6 1 3 8 13 6 6 47 26 18 24 54 29 27 54 88 61 18 42 56 40 47 23 24 89 79 46 48 29 62 83 79 44 41 43 38 32 33 28 49 51 85 86 89 74 74 80 66 87 66 78 62 61 64 68 71 45 53 68 43 79 88 84 74 55 45 31 25 60 89 93 56 68 60 35 68 41 23 30 37 28 47 17 10 7 21
3 7 23 18 1 1 4 4 9 3 4 1 5 24 10 2 6 56 12 25 22 20 17 50 32 45 25 38 56 49 38 34 22 60 91 78 61 42 24 67 57 39 58 31 29 21 26 27 23 37 33 72 77 86 72 69 82 66 89 76 66 65 43 53 78 53 76 40 52 67 83 83 71 61 70 45 33 34 22 80 78 70 41 61 71 34 36 35 44 31 36 20 9 13 12 50
1 2 3 7 10 1 2 2 1 7 5 2 5 20 10 4 10 40 17 20 9 6 43 49 40 33 17 51 54 42 22 15 60 90 87 86 80 58 55 68 67 30 54 45 41 48 32 21 24 9 7 27 79 87 58 69 63 74 93 81 62 58 36 32 86 52 84 58 45 61 79 77 45 48 76 53 45 42 28 32 77 84 81 57 30 62 68 61 48 59 15 21 19 46 21 55
1 2 3 2 5 5 4 3 2 3 8 1 5 23 10 9 8 15 21 32 32 5 17 20 54 40 45 62 54 62 37 76 87 78 74 89 81 58 39 67 55 31 58 47 47 46 40 23 26 16 17 32 76 82 53 43 59 90 88 80 55 26 49 70 87 66 90 75 58 41 76 60 71 82 87 58 46 45 28 23 36 82 64 85 81 46 69 28 63 29 23 45 33 66 43 56
1 0 0 0 1 3 1 0 1 2 3 2 10 22 7 2 6 4 13 25 34 27 8 10 12 17 49 74 40 49 77 79 82 65 73 73 61 76 59 64 52 79 64 75 53 59 59 53 31 26 16 30 63 89 56 48 75 76 88 72 52 37 44 66 91 65 85 70 59 39 62 51 48 30 75 50 22 43 32 18 10 59 78 65 60 85 64 61 55 57 51 61 66 65 62 23
0 0 0 0 1 1 0 0 1 1 1 3 19 11 2 1 2 4 12 13 23 55 16 7 6 9 50 51 66 24 73 58 52 64 80 74 52 73 48 64 72 92 60 80 74 59 44 28 25 20 13 13 25 74 47 70 64 81 91 57 36 49 60 86 83 62 79 63 48 20 23 29 63 67 83 75 42 49 48 43 44 12 61 63 66 74 80 83 89 68 79 79 59 27 68 11
1 0 0 0 1 0 0 1 1 1 1 3 9 9 2 0 7 7 4 5 8 17 34 33 15 7 19 35 57 62 50 72 66 34 36 29 34 66 26 55 92 82 63 52 56 65 43 49 48 44 39 12 15 29 35 53 56 78 80 54 52 72 80 86 83 45 66 64 48 25 22 45 72 67 62 92 67 42 44 45 42 22 15 44 69 86 70 42 41 51 49 69 51 21 30 47
1 0 0 0 0 0 0 1 1 1 1 2 14 4 1 0 4 2 5 8 8 13 22 22 26 8 14 4 14 53 32 40 48 40 38 38 28 26 50 86 53 72 42 26 50 80 63 56 55 53 32 24 10 10 7 28 47 55 70 40 40 64 60 89 85 47 68 71 28 11 11 32 33 52 90 87 68 65 29 59 36 46 39 9 45 73 65 58 56 45 26 24 32 16 7 15
0 0 0 0 0 0 0 1 1 0 1 5 10 9 1 0 2 0 2 11 11 12 3 7 17 10 12 10 34 64 57 52 25 38 25 13 17 23 59 34 37 38 21 62 84 75 70 62 42 27 20 14 10 7 2 3 19 35 55 27 58 60 82 90 89 43 80 53 40 20 13 22 50 72 91 57 60 93 56 56 44 47 50 27 7 43 45 29 15 24 20 17 11 16 15 10
1 1 0 0 0 0 0 0 0 1 1 5 2 1 2 1 3 0 0 1 2 8 4 4 4 2 6 16 40 59 25 32 46 41 37 13 10 27 73 14 43 50 73 77 78 65 86 43 28 31 53 43 42 34 25 5 1 1 9 24 32 57 74 86 85 51 90 54 46 35 16 24 48 86 71 41 77 77 75 44 57 56 50 36 20 4 11 25 18 19 9 14 30 30 20 15
0 0 0 0 0 0 0 0 0 1 1 2 1 0 0 0 2 1 0 2 2 2 1 2 4 4 3 11 4 13 17 15 19 15 3 10 23 39 32 15 57 64 83 65 57 56 91 85 77 53 50 41 35 17 16 3 1 1 1 11 36 71 67 82 66 34 74 62 21 15 25 47 41 66 44 59 84 78 89 82 62 58 39 31 28 13 3 5 7 9 21 25 31 25 20 14
0 0 0 0 0 0 0 0 0 0 1 1 1 1 0 0 2 0 0 1 1 1 1 2 1 4 4 7 4 1 3 4 3 3 12 21 50 63 30 28 17 63 90 49 35 84 81 75 83 58 54 35 19 18 13 12 4 1 2 20 52 46 65 76 69 66 67 71 42 10 28 29 32 16 29 73 72 47 86 58 51 43 36 30 30 16 17 5 1 9 16 33 37 23 19 5
0 0 0 0 0 0 0 0 0 0 0 1 1 0 0 0 1 0 0 0 1 0 0 0 1 2 2 3 3 2 1 0 1 6 13 45 58 25 42 39 24 72 80 43 71 67 73 58 89 61 69 48 55 54 42 20 6 2 2 4 31 28 58 65 59 45 56 62 49 15 16 32 38 38 46 56 70 91 70 80 42 29 42 32 18 28 36 23 5 4 6 4 7 7 8 5
1 1 1 1 1 1 1 1 0 0 0 0 0 0 0 0 0 0 0 0 0 0 0 0 1 1 1 1 1 2 0 1 1 7 38 52 25 15 46 51 33 55 60 43 43 70 67 68 90 68 55 68 49 46 38 20 6 2 1 2 2 18 37 44 39 27 48 38 16 4 16 43 19 40 69 63 76 62 45 89 56 43 42 39 59 37 18 17 17 14 9 3 1 1 2 2
3 1 2 2 2 1 2 1 0 0 0 0 0 0 0 0 0 0 0 0 0 0 0 0 0 0 1 1 1 0 1 0 2 19 18 23 6 18 60 30 17 26 27 10 27 77 57 82 89 81 56 67 69 27 7 6 6 6 4 2 3 5 15 20 25 23 14 15 5 7 21 25 25 45 60 73 65 63 70 85 79 43 50 73 64 54 30 22 22 21 21 12 5 1 0 1
3 3 4 2 3 2 1 1 1 1 0 0 0 0 0 0 0 0 0 0 0 0 0 0 0 0 1 1 0 0 1 0 2 9 5 3 6 32 52 34 9 17 13 13 58 50 44 58 91 89 50 43 36 40 18 5 1 2 3 4 3 5 3 5 3 8 11 8 4 15 26 32 27 31 55 52 51 75 43 39 83 68 66 70 68 46 36 24 13 15 19 12 7 2 1 0
7 4 5 5 4 2 2 2 1 1 0 0 0 0 0 0 0 0 0 0 0 0 0 0 0 0 0 1 0 0 1 0 1 3 1 3 5 13 11 14 11 14 6 34 42 14 48 87 86 81 82 26 8 9 4 5 1 1 3 4 3 5 3 2 2 4 3 3 4 16 19 37 18 41 48 45 71 44 60 55 88 55 43 41 44 58 51 27 16 10 18 10 9 6 4 1
5 2 7 7 2 2 1 1 2 1 1 1 0 0 0 0 0 0 0 0 0 0 0 0 0 0 0 0 0 1 0 0 0 0 1 4 6 9 33 15 14 8 15 16 17 20 36 83 78 69 91 68 28 25 16 5 1 1 0 1 4 3 2 1 1 3 2 2 4 10 24 34 31 13 19 23 44 46 50 65 34 81 57 58 56 59 47 44 43 20 16 14 14 13 4 2
3 6 24 8 6 2 4 1 3 2 1 1 1 0 0 0 0 0 0 0 0 0 0 0 0 0 0 0 0 0 0 0 0 0 1 4 6 1 4 4 8 6 6 10 9 17 46 73 64 69 81 85 32 11 6 3 2 2 1 0 0 1 1 1 1 2 1 2 3 8 15 28 23 31 8 22 45 43 29 43 84 62 50 66 65 57 55 57 39 45 28 31 24 16 8 4
5 10 19 7 5 3 1 2 4 2 2 1 1 0 0 0 0 0 0 0 0 0 0 0 0 0 0 0 0 0 0 0 0 0 1 1 1 2 1 1 4 8 3 2 6 28 57 57 43 40 66 75 50 22 18 14 9 4 2 0 0 1 1 0 1 1 1 1 4 7 9 15 13 16 29 34 31 57 87 89 86 93 81 69 57 50 53 57 64 43 54 39 27 18 13 9
7 19 4 4 6 3 3 1 3 3 1 0 1 0 0 0 0 0 0 0 0 0 0 0 0 0 0 0 0 0 0 0 0 0 0 1 1 1 1 0 1 7 4 1 6 9 46 35 9 9 22 58 76 49 22 13 7 3 1 0 0 1 0 0 0 0 1 2 4 8 8 11 17 38 62 74 63 83 83 81 77 74 71 45 42 60 74 61 54 56 58 49 41 36 22 12
25 6 7 4 3 4 4 2 1 1 1 1 1 1 0 0 0 0 0 1 1 0 1 0 0 0 0 0 0 0 0 0 0 0 0 1 1 1 1 0 1 1 2 1 3 5 16 7 4 6 24 41 72 53 31 12 9 3 1 1 0 0 0 0 1 0 1 4 4 6 9 10 36 47 77 63 75 66 74 57 29 30 47 69 38 65 68 60 72 78 62 34 17 10 5 3
7 8 13 21 14 6 1 1 1 2 2 1 1 1 1 1 1 1 1 1 1 1 1 1 0 0 0 0 0 0 0 0 0 0 0 1 2 1 1 0 0 0 1 0 1 2 1 3 5 12 20 51 74 51 35 23 12 6 3 1 0 0 0 0 0 1 1 1 1 4 13 17 23 31 40 61 62 50 36 34 44 44 81 70 90 81 55 71 83 68 46 37 29 18 12 8
23 26 15 3 2 3 3 1 2 3 2 2 2 1 1 2 1 2 1 2 1 1 1 1 0 0 0 0 0 0 0 0 0 0 0 0 0 1 1 0 1 0 0 0 0 1 3 13 27 34 66 48 73 57 40 16 13 4 2 1 0 0 0 0 0 0 0 1 4 4 10 24 12 21 23 43 54 17 11 27 33 67 85 68 83 74 92 76 72 57 51 41 28 25 21 15
22 10 11 8 5 2 3 1 5 4 3 4 6 3 4 3 2 4 3 1 2 2 2 1 1 0 0 0 0 0 0 0 0 0 0 0 0 1 1 0 0 0 0 0 1 2 6 4 16 18 23 29 75 55 32 10 4 2 1 0 0 0 0 0 0 0 1 2 5 4 7 19 17 13 11 20 15 23 47 52 49 83 75 65 77 86 75 78 68 55 38 40 35 35 28 38
10 7 3 2 2 1 1 3 8 6 6 11 6 7 6 5 6 2 1 4 3 3 2 1 0 0 0 0 0 0 0 0 0 0 0 0 0 0 0 0 0 0 0 0 1 1 1 2 7 29 11 29 54 27 21 10 4 2 0 0 0 0 0 0 0 0 0 1 4 4 5 2 6 12 10 24 32 41 41 43 60 83 68 59 64 62 49 85 47 48 53 57 51 29 59 53
5 7 9 9 6 2 2 4 9 18 14 12 7 9 16 13 5 2 3 8 3 2 1 1 0 0 0 0 0 0 0 0 0 0 0 0 0 0 0 0 0 0 0 0 1 1 1 3 14 3 3 15 53 24 9 3 2 1 1 0 0 0 0 0 0 0 0 0 1 2 3 3 10 8 14 28 50 68 70 73 83 91 67 40 34 53 76 91 90 71 59 56 43 58 61 52
15 23 11 18 6 5 6 12 14 23 20 5 4 12 11 6 4 3 6 14 3 2 1 1 0 0 0 0 0 0 0 0 0 0 0 0 0 0 0 0 0 0 0 0 0 0 1 1 6 1 5 24 48 12 3 2 1 0 0 0 0 0 0 0 0 0 0 0 1 1 3 6 13 14 41 56 80 45 41 37 89 84 81 50 13 57 80 93 90 85 91 67 77 54 31 70
37 31 42 26 9 18 20 20 37 28 15 8 9 19 9 15 3 6 20 5 2 2 2 2 1 1 0 0 0 0 0 0 0 0 0 0 0 0 0 0 0 0 0 0 0 0 1 1 0 1 5 26 36 10 4 2 1 1 0 0 0 0 0 0 0 0 0 0 1 2 4 7 15 27 46 44 24 30 34 82 80 83 83 84 32 57 84 84 79 76 79 77 50 50 23 26
61 50 26 16 17 30 30 44 17 23 7 17 19 47 23 10 5 18 3 2 5 2 1 1 1 1 1 0 0 0 0 0 0 0 0 0 0 0 0 0 0 0 0 0 0 0 0 1 0 0 2 10 40 23 4 2 1 0 0 0 0 0 0 0 0 0 0 1 2 4 5 8 14 16 21 34 42 63 80 83 80 78 61 77 58 52 53 27 20 22 68 85 68 42 18 13
70 51 29 17 27 46 48 9 37 14 18 29 44 44 18 7 21 11 5 1 1 2 0 0 1 1 1 0 1 1 0 0 0 0 0 0 0 0 0 0 0 0 0 0 0 0 0 0 0 0 1 1 9 13 3 1 0 0 0 0 0 0 0 0 0 0 0 0 1 2 3 5 7 14 38 60 61 70 80 68 71 55 35 58 42 23 29 46 65 75 90 42 57 40 15 9
43 54 35 30 49 68 66 22 54 46 57 41 64 25 13 18 22 5 4 3 10 3 1 1 1 3 2 2 1 2 0 0 0 0 0 0 0 0 0 0 0 0 0 0 0 0 0 0 0 0 0 5 7 2 2 1 1 0 0 0 0 0 0 0 0 0 0 0 1 1 2 2 5 9 12 20 25 44 87 49 67 69 40 26 14 13 51 66 67 83 84 65 44 48 40 28
89 40 56 61 68 47 44 55 51 42 55 48 36 29 23 49 10 12 8 19 11 4 5 3 1 5 5 5 6 2 1 0 0 0 0 0 0 0 0 0 0 0 0 0 0 0 0 0 0 0 2 4 7 1 1 2 1 0 0 0 0 0 0 0 0 0 0 0 0 1 0 1 1 3 13 29 38 51 77 69 52 58 73 16 9 22 33 51 76 73 70 84 57 54 29 30
76 93 85 88 81 51 16 9 51 22 51 70 82 66 42 46 38 47 25 32 15 12 10 6 6 9 14 15 3 3 1 0 0 0 0 0 0 0 0 0 0 0 0 0 0 0 0 0 0 0 1 4 5 1 1 1 1 0 0 0 0 0 0 0 0 0 0 0 0 1 2 6 13 16 11 20 43 81 75 76 71 39 30 35 10 16 40 54 48 38 79 90 59 43 47 47
48 81 64 72 66 50 65 22 51 30 9 18 68 74 77 35 23 29 39 34 25 19 25 13 18 18 22 9 8 5 3 1 1 1 0 0 0 0 0 0 0 0 0 0 0 0 0 0 0 0 0 0 2 0 1 0 1 0 0 0 0 0 0 0 0 0 0 0 1 3 8 7 6 16 45 37 60 80 78 88 71 40 22 14 2 7 11 34 64 84 90 68 89 59 51 55
27 73 40 62 57 45 76 42 25 58 24 14 37 57 44 32 41 19 49 71 69 45 26 15 39 22 20 10 5 3 3 2 1 1 1 0 0 0 0 0 0 0 0 0 0 0 0 0 0 0 0 0 2 1 2 1 0 0 0 0 0 0 0 0 0 0 0 0 1 3 9 20 32 32 58 70 82 79 70 80 74 27 8 5 2 6 23 49 50 89 57 77 86 89 64 58
25 55 37 34 59 27 39 8 30 55 29 8 2 27 35 29 38 20 17 42 55 13 43 10 31 24 25 9 7 2 2 5 3 3 2 0 0 0 0 0 0 0 0 0 0 0 0 0 0 0 0 0 1 0 0 0 0 0 0 0 0 0 0 0 0 0 0 0 1 2 5 13 15 14 21 40 83 59 75 69 73 62 6 2 2 8 27 21 59 77 67 79 67 60 55 68
4 14 8 20 39 23 30 4 28 68 14 5 2 6 32 28 25 23 5 9 19 12 12 26 5 6 37 7 3 1 0 1 1 1 1 1 0 0 0 0 0 0 0 0 0 0 0 0 0 0 0 0 0 1 0 0 0 0 0 0 0 0 0 0 0 0 0 0 0 1 2 3 7 23 34 57 88 86 59 38 47 52 21 2 1 4 7 26 63 48 49 23 21 31 45 63
3 13 26 14 23 11 32 17 28 66 32 8 5 6 25 40 11 1 1 3 5 2 6 26 6 2 19 10 10 1 0 1 2 1 1 1 1 0 0 0 0 0 0 0 0 0 0 0 0 0 0 0 0 0 0 0 0 0 0 0 0 0 0 0 0 0 0 0 0 1 3 6 19 28 47 78 85 80 67 17 16 23 16 4 1 3 11 28 28 16 24 61 68 63 70 82
5 2 2 3 5 9 31 5 25 31 61 15 4 3 4 2 2 1 1 3 2 2 2 16 3 8 9 6 12 14 2 1 1 1 1 1 1 0 0 0 0 0 0 0 0 0 0 0 0 0 0 0 0 0 0 0 0 0 0 0 0 0 0 0 0 0 1 0 1 4 12 32 53 41 64 88 79 71 51 21 2 5 9 6 1 3 8 22 17 28 83 60 51 57 46 80
6 6 2 2 3 8 20 15 6 14 39 12 2 1 4 4 1 4 1 1 2 2 1 13 2 1 6 3 6 9 3 2 2 1 0 0 0 0 0 0 0 0 0 0 0 0 0 0 0 0 0 0 0 0 0 0 0 0 0 0 0 0 0 0 0 0 0 1 4 9 28 18 17 37 69 82 67 42 31 29 13 2 5 5 1 3 8 8 10 51 52 45 64 81 25 8
5 7 4 1 2 1 13 18 12 3 34 8 1 0 2 3 4 4 2 1 1 2 0 2 8 0 1 1 5 15 3 0 1 0 1 1 0 0 0 0 0 0 0 0 0 0 0 0 0 0 0 0 0 0 0 0 0 0 0 0 0 0 0 0 0 0 0 1 3 4 2 8 31 41 53 44 46 25 16 8 12 2 1 1 1 4 4 4 27 62 25 50 65 74 68 19
8 4 3 1 1 1 5 19 3 4 18 11 3 0 2 2 6 3 2 1 1 2 1 1 13 1 1 1 4 4 6 2 2 2 1 1 0 0 0 0 0 0 0 0 0 0 0 0 0 0 0 0 0 0 0 0 0 0 0 0 0 0 0 0 0 0 1 1 1 1 6 17 37 73 45 17 37 8 3 2 6 2 1 0 0 2 4 11 45 20 22 43 76 62 66 27
25 2 3 1 1 1 2 3 1 1 18 6 0 0 1 2 4 3 4 2 2 1 1 1 2 1 0 1 2 2 3 5 2 1 1 0 0 0 0 0 0 0 0 0 0 0 0 0 0 0 0 0 0 0 0 0 0 0 0 0 0 0 0 0 0 0 0 0 0 1 11 25 61 61 46 14 5 10 2 1 4 1 0 0 1 3 7 14 20 5 26 68 61 66 78 36
2 4 1 1 1 0 1 1 1 1 6 1 1 0 1 1 3 1 2 1 1 1 1 1 1 2 1 0 0 1 1 3 1 0 0 0 0 0 0 0 0 0 0 0 0 0 0 0 0 0 0 0 0 0 0 0 0 0 0 0 0 0 0 0 0 0 0 0 1 4 13 25 55 50 22 9 4 4 4 1 1 0 0 0 1 1 4 15 6 8 41 38 47 59 59 50
2 1 2 2 0 0 0 0 0 0 1 0 1 0 0 1 2 1 0 1 0 0 0 1 1 2 0 0 0 0 1 2 2 1 0 0 0 0 0 0 0 0 0 0 0 0 0 0 0 0 0 0 0 0 0 0 0 0 0 0 0 0 0 0 0 0 0 0 1 5 18 47 37 28 12 6 3 1 3 1 0 0 0 0 0 1 4 6 5 4 7 21 25 30 53 61
4 1 1 2 2 1 1 0 0 1 0 0 1 1 0 0 1 1 0 0 0 0 0 2 1 1 0 0 0 0 0 0 1 1 0 0 0 0 0 0 0 0 0 0 0 0 0 0 0 0 0 0 0 0 0 0 0 0 0 0 0 0 0 0 0 0 0 0 1 13 23 46 34 11 3 1 1 1 1 1 0 0 0 0 0 1 2 2 1 2 8 9 8 24 50 65
4 1 1 1 1 2 0 0 0 0 0 0 0 0 0 0 0 1 0 0 0 0 0 0 0 0 1 0 0 0 0 0 1 1 0 0 0 0 0 0 0 0 0 0 0 0 0 0 0 0 0 0 0 0 0 0 0 0 0 0 0 0 0 0 0 0 0 0 2 26 33 24 29 16 4 1 0 0 0 0 0 0 0 0 0 0 1 1 0 3 9 17 51 47 70 59
16 3 1 0 1 1 2 0 0 0 0 0 0 0 0 0 0 1 0 0 0 0 0 0 0 0 0 0 0 0 0 0 0 2 1 0 0 0 0 0 0 0 0 0 0 0 0 0 0 0 0 0 0 0 0 0 0 0 0 0 0 0 0 0 0 0 0 1 4 9 34 36 13 15 8 2 1 0 0 0 0 0 0 0 0 0 0 0 1 3 8 36 47 48 54 57
6 20 2 1 0 0 0 0 0 0 0 0 0 0 0 0 0 0 0 0 0 0 0 0 0 0 0 0 0 0 0 0 0 0 1 0 0 0 0 0 0 0 0 0 0 0 0 0 0 0 0 0 0 0 0 0 0 0 0 0 0 0 0 0 0 0 0 0 1 6 24 15 8 5 8 2 0 0 0 0 0 0 0 0 0 0 0 0 1 3 17 25 17 41 59 53
1 9 12 3 1 0 0 0 0 0 0 0 0 0 0 0 0 0 0 0 0 0 0 0 0 0 0 0 0 0 0 0 0 0 0 1 0 0 0 0 0 0 0 0 0 0 0 0 0 0 0 0 0 0 0 0 0 0 0 0 0 0 0 0 0 0 0 0 4 10 14 9 4 3 2 1 0 0 0 0 0 0 0 0 0 0 0 0 1 3 5 5 11 39 62 46
0 2 3 5 1 0 0 0 0 0 0 0 0 0 0 0 0 0 0 0 0 0 0 0 0 0 0 0 0 0 0 0 0 0 0 0 1 0 0 0 0 0 0 0 0 0 0 0 0 0 0 0 0 0 0 0 0 0 0 0 0 0 0 0 0 0 0 0 3 10 11 15 5 1 0 1 0 0 0 0 0 0 0 0 0 0 1 2 1 1 1 5 20 41 69 38
1 1 1 2 1 0 0 0 0 0 0 0 0 0 0 0 0 0 0 0 0 0 0 0 0 0 0 0 0 0 0 0 0 0 0 0 0 0 0 0 0 0 0 0 0 0 0 0 0 0 0 0 0 0 0 0 0 0 0 0 0 0 0 0 0 0 0 1 3 6 21 11 7 2 0 0 0 0 0 0 0 0 0 0 0 0 1 6 7 5 7 7 24 42 70 45
0 1 0 1 1 0 0 0 0 0 0 0 0 0 0 0 0 0 0 0 0 0 0 0 0 0 0 0 0 0 0 0 0 0 0 0 0 0 0 0 0 0 0 0 0 0 0 0 0 0 0 0 0 0 0 0 0 0 0 0 0 0 0 0 0 0 0 0 2 2 10 7 3 2 1 0 0 0 0 0 0 0 0 0 0 1 2 4 13 14 18 21 24 57 81 42
0 0 0 0 0 0 0 0 0 0 0 0 0 0 0 0 0 0 0 0 0 0 0 0 0 0 0 0 0 0 0 0 0 0 0 0 0 0 0 0 0 0 0 0 0 0 0 0 0 0 0 0 0 0 0 0 0 0 0 0 0 0 0 0 0 0 0 1 2 5 6 7 3 1 0 0 0 0 0 0 0 0 0 0 0 0 1 2 6 7 23 36 59 80 71 30
0 0 0 0 0 0 0 0 0 0 0 0 0 0 0 0 0 0 0 0 0 0 0 0 0 0 0 0 0 0 0 0 0 0 0 0 0 0 0 0 0 0 0 0 0 0 0 0 0 0 0 0 0 0 0 0 0 0 0 0 0 0 0 0 0 0 1 1 3 5 5 4 3 1 0 0 0 0 0 0 0 0 0 0 0 0 0 1 2 10 18 47 38 63 51 16
0 0 0 0 0 0 0 0 0 0 0 0 0 0 0 0 0 0 0 0 0 0 0 0 0 0 0 0 0 0 0 0 0 0 0 0 0 0 0 0 0 0 0 0 0 0 0 0 0 0 0 0 0 0 0 0 0 0 0 0 0 0 0 0 0 0 0 0 1 3 1 4 1 0 0 0 0 0 0 0 0 0 0 0 1 1 1 2 5 23 35 34 37 32 18 9
0 0 0 0 0 0 0 0 0 0 0 0 0 0 0 0 0 0 0 0 0 0 0 0 0 0 0 0 0 0 0 0 0 0 0 0 0 0 0 0 0 0 0 0 0 0 0 0 0 0 0 0 0 0 0 0 0 0 0 0 0 0 0 0 0 0 0 0 1 1 1 1 1 0 0 0 0 0 0 0 0 0 0 0 0 2 5 6 15 43 41 21 18 8 7 4
0 0 0 0 0 0 0 0 0 0 0 0 0 0 0 0 0 0 0 0 0 0 0 0 0 0 0 0 0 0 0 0 0 0 0 0 0 0 0 0 0 0 0 0 0 0 0 0 0 0 0 0 0 0 0 0 0 0 0 0 0 0 0 0 0 0 0 1 0 0 1 0 0 0 0 0 0 0 0 0 0 0 0 0 0 2 11 11 4 10 42 45 9 2 1 2
0 0 0 0 0 0 0 0 0 0 0 0 0 0 0 0 0 0 0 0 0 0 0 0 0 0 0 0 0 0 0 0 0 0 0 0 0 0 0 0 0 0 0 0 0 0 0 0 0 0 0 0 0 0 0 0 0 0 0 0 0 0 0 0 0 0 0 0 0 0 0 0 0 0 0 0 0 0 0 0 0 0 0 0 2 3 2 1 3 22 51 27 21 1 0 0
0 0 0 0 0 0 0 0 0 1 0 0 0 1 0 0 0 0 0 0 0 0 0 0 0 0 0 0 0 0 0 0 0 0 0 0 0 0 0 0 0 0 0 0 0 0 0 0 0 0 0 0 0 0 0 0 0 0 0 0 0 0 0 0 0 0 0 0 0 0 0 0 0 0 0 0 0 0 0 0 0 0 0 1 1 0 0 1 5 35 36 11 4 3 0 0
1 0 0 1 1 2 1 1 2 1 2 1 2 1 0 0 0 0 0 0 0 0 0 0 0 0 0 0 0 0 0 0 0 0 0 0 0 0 0 0 0 0 0 0 0 0 0 0 0 0 0 0 0 0 0 0 0 0 0 0 0 0 0 0 0 0 0 0 0 0 0 0 0 0 0 0 0 0 0 0 0 0 0 0 0 0 0 3 10 16 10 5 1 2 0 0
2 1 1 2 6 14 8 4 8 5 4 3 7 3 2 1 0 0 0 0 0 0 0 0 0 0 0 0 0 0 0 0 0 0 0 0 0 0 0 0 0 0 0 0 0 0 0 0 0 0 0 0 0 0 0 0 0 0 0 0 0 0 0 0 0 0 0 0 0 0 0 0 0 0 0 0 0 0 0 0 0 0 0 0 0 0 1 7 15 5 4 1 0 1 1 0
12 14 9 5 6 5 2 1 5 2 2 2 2 4 3 1 0 0 0 0 0 0 0 0 0 0 0 0 0 0 0 0 0 0 0 0 0 0 0 0 0 0 0 0 0 0 0 0 0 0 0 0 0 0 0 0 0 0 0 0 0 0 0 0 0 0 0 0 0 0 0 0 0 0 0 0 0 0 0 0 0 0 0 0 0 1 2 12 10 22 3 0 0 0 0 0
9 4 11 4 3 4 3 2 1 1 2 3 2 1 2 4 2 1 0 0 0 0 0 0 0 0 0 0 0 0 0 0 0 0 0 0 0 0 0 0 0 0 0 0 0 0 0 0 0 0 0 0 0 0 0 0 0 0 0 0 0 0 0 0 0 0 0 0 0 0 0 0 0 0 0 0 0 0 0 0 0 0 0 0 0 1 4 3 5 6 4 0 0 0 0 0
8 1 6 5 1 0 1 1 2 2 1 1 4 1 1 2 1 0 0 0 0 0 0 0 0 0 0 0 0 0 0 0 0 0 0 0 0 0 0 0 0 0 0 0 0 0 0 0 0 0 0 0 0 0 0 0 0 0 0 0 0 0 0 0 0 0 0 0 0 0 0 0 0 0 0 0 0 0 0 0 0 0 0 0 1 2 3 2 1 1 3 0 0 0 0 0
2 2 1 3 1 0 0 0 1 0 0 0 1 0 0 1 0 1 0 0 0 0 0 0 0 0 0 0 0 0 0 0 0 0 0 0 0 0 0 0 0 0 0 0 0 0 0 0 0 0 0 0 0 0 0 0 0 0 0 0 0 0 0 0 0 0 0 0 0 0 0 0 0 0 0 0 0 0 0 0 0 0 0 0 2 3 4 2 0 0 1 1 0 0 0 0
1 3 1 1 0 0 0 0 0 0 0 0 0 0 0 1 2 1 1 0 0 0 0 0 0 0 0 0 0 0 0 0 0 0 0 0 0 0 0 0 0 0 0 0 0 0 0 0 0 0 0 0 0 0 0 0 0 0 0 0 0 0 0 0 0 0 0 0 0 0 0 0 0 0 0 0 0 0 0 0 0 0 0 1 2 1 4 1 0 0 0 0 0 0 0 0
