sesion_6_simulaciones/modelos_agentes/ejemplos_netlogo/scenarios/cgcm2_b2/rob_2089.asc
NCOLS 322 
NROWS 307 
XLLCORNER 451900 
YLLCORNER 4086900 
CELLSIZE 100 
NODATA_value -9999 
[rows 0 to 73 of 307, columns 192 to 287 of 322]
37 35 19 10 32 58 30 14 15 20 24 10 8 6 10 8 5 6 10 9 9 9 6 8 13 21 12 23 24 51 20 6 6 1 1 2 3 4 3 9 11 5 5 21 29 30 24 36 48 52 34 34 38 45 40 52 41 80 39 33 5 6 10 28 36 21 34 32 16 27 13 7 9 15 29 13 12 26 50 17 10 11 12 16 15 12 27 22 19 20 6 14 23 55 13 3
42 22 27 25 35 55 17 26 41 26 19 15 24 23 14 13 19 4 9 14 16 9 5 6 6 23 9 12 8 13 45 22 4 3 1 1 2 3 6 4 9 3 2 7 10 16 28 25 41 75 84 63 39 38 39 44 62 65 64 13 15 8 32 25 32 28 34 23 33 11 4 17 7 16 40 16 47 30 23 28 19 25 28 18 14 7 19 25 25 21 12 20 17 24 11 8
19 43 24 24 55 42 29 15 9 24 25 27 42 45 26 42 28 25 37 38 35 16 12 6 3 5 4 2 2 4 7 26 17 5 5 2 2 1 4 1 1 2 10 22 19 34 32 37 45 58 63 51 60 45 61 74 35 36 40 18 18 21 28 17 17 40 16 16 14 19 9 11 9 15 55 16 58 40 20 36 20 18 25 27 15 4 12 14 26 17 13 35 16 35 9 2
28 28 57 58 42 28 26 26 27 51 28 45 62 49 44 60 47 27 40 57 46 41 32 17 12 7 1 2 2 1 3 5 2 4 3 3 3 1 1 1 4 8 5 5 10 37 34 38 15 25 19 20 28 58 47 55 48 19 25 31 34 14 15 29 15 43 31 28 50 15 23 19 6 6 34 17 25 23 29 35 24 23 26 32 17 5 10 24 35 14 24 20 19 36 7 1
21 17 35 10 49 55 47 41 52 43 47 32 41 38 46 63 49 56 61 65 63 41 32 33 18 25 13 21 15 3 2 0 2 2 2 3 1 0 1 2 3 4 7 11 10 15 15 24 47 61 61 49 42 36 67 69 28 26 9 10 30 27 17 28 24 44 26 17 11 7 6 6 8 5 17 17 14 30 54 62 51 17 16 36 33 24 3 19 21 34 27 16 28 45 13 2
23 18 36 29 17 24 54 23 50 43 36 43 19 44 55 58 64 61 28 28 48 32 24 36 32 31 16 26 20 6 7 4 1 1 1 0 0 1 0 1 2 4 8 18 33 55 58 63 54 35 39 38 48 63 83 58 33 28 8 42 57 51 41 37 29 51 17 22 30 23 31 22 18 14 11 16 26 24 32 24 36 59 41 30 36 26 8 15 21 25 11 17 24 24 15 3
17 9 11 31 20 16 55 20 14 31 38 71 45 24 49 63 56 60 35 15 20 43 51 58 34 32 34 23 24 20 15 10 9 7 4 1 2 3 1 0 2 4 11 18 48 30 36 44 60 47 47 82 47 69 77 43 29 35 18 35 48 49 44 47 53 41 41 39 37 12 22 22 18 28 25 13 5 17 35 39 30 54 34 17 11 35 13 11 13 13 13 24 37 44 10 9
12 9 10 15 35 29 45 57 18 9 20 30 57 20 9 29 19 32 38 22 17 32 17 27 32 28 31 22 32 25 22 22 20 18 16 6 9 4 2 1 2 10 19 30 39 46 38 64 82 78 76 48 66 64 71 43 23 9 17 21 27 20 20 13 14 37 26 21 42 22 19 15 21 26 28 18 5 26 43 23 51 67 45 18 10 34 24 12 14 27 25 30 52 30 15 10
24 20 19 12 22 19 35 63 63 31 15 17 32 47 28 20 13 38 45 33 27 40 13 24 47 35 29 31 30 42 37 36 35 29 18 15 6 3 1 2 5 9 21 26 49 51 39 46 65 76 59 39 79 64 61 27 12 45 62 45 53 42 55 36 37 67 34 28 11 12 18 16 20 22 18 11 7 14 18 33 47 60 42 29 13 16 17 10 10 33 27 36 26 39 16 26
16 20 22 14 12 8 30 30 63 49 40 25 25 32 39 19 18 15 42 40 37 45 18 19 30 35 25 24 18 27 6 17 29 27 19 9 5 3 2 2 2 5 14 22 39 21 21 65 43 35 31 85 65 66 41 21 32 55 56 68 51 83 68 34 53 26 43 39 35 13 14 24 24 13 11 7 6 12 41 20 12 44 47 43 25 12 23 7 11 15 17 44 30 36 22 53
21 21 24 25 13 8 5 6 12 34 23 17 14 40 26 19 24 6 14 35 27 48 51 15 18 17 41 23 8 19 29 8 3 3 6 15 7 4 2 2 4 6 17 34 13 31 41 48 16 25 68 73 48 58 26 17 30 43 37 56 78 80 38 26 26 37 42 42 53 36 48 30 29 25 15 12 5 5 14 26 26 55 69 42 48 20 13 18 6 18 42 18 28 20 21 67
43 28 16 21 22 20 15 9 8 8 10 10 18 19 17 14 11 20 14 16 34 40 34 19 4 13 36 26 10 9 24 28 4 2 2 3 11 4 0 2 13 18 20 9 5 5 25 8 18 53 79 65 43 33 14 43 39 31 40 78 66 55 13 21 31 33 56 48 40 49 38 31 37 41 37 28 11 7 22 22 26 75 49 62 44 36 16 10 7 28 28 16 39 13 42 74
54 38 35 51 44 44 40 24 40 27 25 17 9 8 8 9 9 31 26 11 10 19 17 16 4 9 19 14 11 4 4 13 4 1 0 1 4 7 1 2 10 12 10 18 16 15 39 7 28 66 58 31 8 30 55 61 59 64 84 74 16 22 23 15 17 15 26 26 50 30 15 26 47 51 50 29 13 3 21 31 61 62 25 41 55 38 25 6 8 28 24 18 43 14 39 50
71 66 59 64 60 55 44 42 39 42 42 45 22 18 12 10 7 5 5 4 8 6 4 7 7 10 12 12 4 2 4 7 7 5 1 0 2 5 3 4 4 9 7 4 4 23 12 10 38 30 17 6 16 36 45 49 70 67 55 12 42 55 46 33 35 18 14 15 41 32 48 62 44 31 30 32 17 5 13 25 59 27 21 43 71 42 32 16 6 11 13 18 26 15 34 29
25 66 68 71 62 62 40 49 28 30 47 39 33 35 34 30 21 11 3 4 2 2 2 5 7 6 5 3 1 1 3 4 5 4 1 1 3 6 6 3 3 4 6 3 2 5 5 9 13 10 3 8 18 24 40 50 50 14 36 46 56 48 57 79 80 69 59 36 37 49 60 43 53 43 24 19 12 6 14 28 35 18 12 60 72 72 47 50 26 6 10 16 14 17 43 38
42 62 71 49 60 78 60 34 55 43 32 46 43 51 55 37 31 12 9 8 6 3 1 1 4 3 1 1 1 1 1 4 6 7 4 2 2 3 3 5 3 3 3 2 1 2 8 12 7 5 15 12 13 20 28 36 15 47 45 45 57 72 80 67 64 73 34 28 56 15 45 76 48 37 41 45 44 26 11 29 32 19 7 16 43 69 25 17 23 24 5 21 11 15 45 40
73 25 75 56 52 73 79 80 49 26 40 39 58 54 49 40 41 32 22 20 16 14 6 3 2 2 5 6 3 2 1 1 1 2 4 3 3 3 3 5 3 2 2 2 1 1 1 2 7 21 16 34 32 21 17 39 48 47 47 44 69 60 77 64 65 42 26 56 38 38 33 16 56 27 54 61 63 44 33 11 48 28 20 6 17 47 57 20 8 11 5 6 13 23 16 18
50 18 63 41 62 69 69 50 77 81 55 63 65 30 31 30 42 40 31 25 20 19 15 6 5 6 12 9 7 5 1 0 0 0 1 2 2 2 2 2 2 2 1 1 0 2 6 13 19 17 26 49 45 46 22 38 38 64 61 59 77 65 60 49 29 31 45 57 43 29 16 17 49 50 58 60 62 64 47 18 12 25 26 19 6 22 39 27 20 4 10 1 12 18 9 9
41 43 46 50 37 64 69 45 50 81 53 73 83 59 45 35 50 65 60 46 40 22 11 8 13 8 16 15 22 7 6 6 6 3 2 1 2 1 2 1 1 1 0 1 3 6 16 19 18 23 39 50 45 34 50 53 55 51 39 50 67 38 20 12 28 30 28 76 55 20 23 14 49 51 14 32 70 57 63 49 15 10 43 25 15 6 22 27 27 12 2 2 17 8 2 2
48 21 31 45 34 46 75 40 31 63 69 81 81 69 71 63 24 39 41 55 34 28 22 18 20 19 19 24 23 19 12 9 9 8 5 2 1 1 1 1 0 0 1 3 11 12 15 28 16 31 47 39 56 53 56 55 18 13 31 49 76 37 15 37 50 44 61 63 43 35 23 9 17 54 42 14 33 44 56 56 50 16 14 29 22 7 4 16 30 20 2 1 10 2 9 18
66 36 36 37 12 30 61 39 51 39 61 50 68 40 51 57 21 15 34 54 37 49 28 16 40 33 21 13 17 14 10 5 6 5 8 4 3 1 0 0 0 1 4 11 14 20 10 10 32 53 40 45 63 70 78 70 46 34 45 51 53 21 20 49 49 43 43 17 41 46 30 8 11 25 57 31 13 20 70 44 41 19 7 17 20 5 8 21 14 14 1 2 2 4 18 40
45 15 45 40 16 11 32 62 18 33 70 62 68 42 39 22 25 7 16 57 51 37 27 24 14 15 6 5 7 6 8 7 4 3 7 5 3 2 1 0 1 3 5 9 7 16 15 27 30 30 25 38 48 78 81 82 77 66 51 47 31 16 33 43 59 55 44 24 25 42 19 9 11 19 53 35 15 18 30 54 41 32 13 8 22 8 12 17 9 4 4 14 6 12 37 48
62 18 55 57 26 17 20 40 16 15 62 49 35 21 11 27 23 19 6 16 19 34 55 54 24 7 16 8 3 5 4 3 2 3 4 8 5 1 1 0 0 4 8 11 5 8 4 11 8 10 10 30 50 39 58 76 59 42 25 72 35 15 34 40 39 49 69 39 36 15 10 11 24 42 67 35 17 24 36 65 41 20 12 5 10 16 11 16 6 3 11 44 22 23 23 40
50 41 34 56 12 20 25 37 30 12 13 10 13 32 15 11 28 26 11 16 19 19 41 29 26 8 12 15 8 2 2 2 2 2 2 3 4 2 1 0 1 2 1 4 3 2 5 7 15 15 11 27 24 35 35 26 18 36 62 45 15 27 39 33 49 70 43 34 39 23 10 15 25 46 50 26 27 21 37 59 46 49 23 6 5 8 10 15 3 5 14 12 32 46 26 32
21 16 28 27 15 6 29 41 19 6 15 9 9 20 27 14 18 22 18 6 6 9 15 11 10 6 8 15 13 4 2 1 1 1 1 2 1 3 1 0 0 1 4 5 7 12 16 17 15 20 31 19 13 8 9 19 36 40 70 37 14 43 32 27 56 77 40 49 46 25 17 17 29 59 42 25 37 23 31 47 43 43 40 23 6 3 11 6 3 22 25 25 27 25 63 29
8 12 7 21 8 4 28 37 17 6 5 9 8 6 18 18 9 7 11 10 4 4 7 8 6 5 4 10 22 4 2 1 1 0 0 0 1 1 2 0 1 1 2 2 7 8 15 7 8 20 24 40 32 49 34 37 38 55 60 11 21 34 24 18 48 61 40 40 36 29 14 15 33 63 29 41 38 18 15 27 28 40 27 11 13 3 3 7 19 38 42 44 51 33 23 54
5 6 3 4 3 11 21 17 9 4 2 4 4 2 2 8 11 9 9 9 3 3 3 4 2 3 3 3 4 7 4 1 1 0 0 0 1 1 1 1 0 0 1 2 3 5 4 6 14 16 32 37 33 45 55 69 66 79 43 11 25 30 20 31 72 60 21 38 43 27 18 11 27 61 29 26 27 28 7 13 28 38 16 10 4 3 6 21 42 39 43 39 46 57 68 38
3 2 1 1 1 1 2 3 2 1 1 1 1 0 1 2 2 2 4 6 3 2 2 2 1 1 4 3 2 3 4 3 2 1 0 0 1 0 1 0 0 0 1 1 2 3 8 9 8 30 25 31 38 44 55 80 66 57 12 29 37 24 45 59 83 41 50 27 26 28 26 17 39 61 39 25 25 29 7 12 25 35 23 25 10 2 6 16 22 15 15 14 14 20 38 44
1 1 2 2 1 0 0 0 1 0 0 0 0 0 0 0 0 0 1 1 2 1 1 1 1 1 3 2 2 2 1 1 1 1 1 1 0 0 1 0 0 1 4 5 5 7 15 35 11 23 20 23 30 28 67 59 35 10 28 39 36 31 55 80 48 27 44 25 25 29 24 13 25 55 70 42 31 18 8 10 23 40 31 17 7 1 6 8 6 18 20 30 32 28 26 41
2 4 4 8 4 1 1 1 1 3 3 3 4 4 7 4 3 2 1 0 0 0 0 0 0 2 2 1 1 1 1 0 1 1 1 0 0 0 0 0 1 4 5 6 9 15 19 14 35 25 22 20 34 35 69 27 15 23 38 41 33 33 55 79 38 25 25 38 22 11 10 14 40 59 31 56 38 19 7 5 32 27 34 17 6 1 7 16 30 43 25 41 49 43 36 16
6 9 9 11 7 2 2 8 5 8 8 12 10 12 12 11 8 7 6 3 1 1 1 0 0 0 0 1 1 1 0 0 1 1 1 0 0 0 0 1 5 5 7 13 16 26 25 20 31 56 55 52 35 49 30 15 6 35 34 39 21 33 57 68 42 18 26 36 28 20 6 13 52 26 20 63 51 28 11 5 17 15 27 13 3 4 15 18 20 32 30 28 18 18 22 41
13 15 13 13 8 5 5 12 13 13 13 14 25 16 23 21 14 9 8 8 4 7 5 2 1 1 1 0 0 0 0 0 0 1 0 0 0 0 1 5 6 6 9 11 20 27 35 52 45 47 30 67 48 32 33 28 12 31 41 53 49 39 65 29 14 37 44 22 38 16 5 13 25 27 16 63 34 27 10 7 16 14 15 10 3 9 31 41 44 32 26 13 24 26 25 36
30 29 19 27 17 8 8 12 12 14 29 30 29 35 31 18 17 12 11 11 10 10 9 5 4 4 2 1 1 1 1 2 1 0 0 0 0 0 1 5 5 7 7 13 25 30 45 49 41 38 29 18 37 33 41 8 23 34 29 42 35 45 47 54 51 32 23 18 46 35 13 9 26 20 34 67 31 22 15 6 7 13 11 5 8 18 33 57 61 55 54 33 37 47 43 68
37 38 38 24 20 18 10 21 30 33 41 38 38 29 35 24 21 19 17 25 20 18 9 7 5 9 4 3 1 2 6 2 1 0 0 0 0 0 1 2 2 4 7 10 16 36 23 9 52 45 31 19 35 38 7 8 19 24 27 45 54 58 62 34 24 23 33 26 22 28 20 11 27 22 31 45 38 37 17 5 5 9 5 5 13 20 21 25 18 19 20 35 46 48 77 78
43 44 48 43 37 16 13 25 38 47 48 43 44 41 39 37 26 43 32 28 12 8 8 9 8 7 5 4 4 6 2 1 1 1 0 0 0 0 1 2 3 6 14 10 7 12 11 19 20 27 27 8 20 5 10 7 10 17 19 38 55 65 42 60 38 21 22 21 18 31 32 11 12 19 29 35 37 18 13 5 2 4 5 8 23 11 14 23 43 47 45 38 26 72 53 65
58 71 56 25 39 19 30 30 58 51 47 47 49 66 65 47 48 42 26 34 16 14 6 18 17 7 6 6 14 3 1 1 1 1 1 1 1 1 1 2 5 9 11 4 8 11 12 20 18 17 11 7 12 4 10 5 14 32 38 52 40 34 48 62 27 14 12 12 24 22 18 11 8 16 17 39 35 22 12 5 2 3 7 20 35 39 35 31 39 31 28 55 59 71 51 31
70 80 47 46 58 32 25 60 58 69 39 56 65 58 74 55 32 22 43 31 24 18 6 26 7 6 10 15 4 2 2 3 3 2 2 1 1 1 0 1 3 5 3 3 5 13 31 29 21 11 10 6 6 7 13 20 31 22 17 22 28 39 42 61 34 18 18 15 12 9 11 12 6 13 24 21 18 25 13 5 2 10 23 18 32 55 55 57 54 54 31 46 45 49 52 25
58 75 44 44 62 36 36 69 62 67 30 54 73 59 74 45 40 41 52 52 34 14 14 8 10 17 28 4 2 5 4 4 3 3 2 2 1 2 0 0 0 1 1 3 9 22 23 13 27 9 6 4 12 12 17 12 10 6 22 26 23 47 48 41 21 57 58 44 29 25 14 12 5 10 13 10 14 15 5 2 4 19 39 52 49 57 65 61 51 49 49 56 24 10 45 34
69 44 46 42 59 33 37 66 79 62 24 61 76 69 68 70 45 60 75 54 34 16 30 14 27 27 4 5 7 7 4 4 8 4 5 3 2 2 2 1 2 1 2 5 27 12 21 5 7 13 4 6 15 16 18 14 11 22 54 58 48 43 71 42 53 38 46 50 26 16 14 11 5 4 6 11 6 11 2 1 5 15 19 37 40 23 40 18 15 18 12 70 55 30 25 14
86 70 51 39 51 31 50 65 86 51 32 48 70 72 74 49 42 84 55 17 21 45 37 26 31 13 10 11 16 15 8 9 8 7 3 5 3 6 4 3 2 1 0 1 7 6 6 2 2 2 1 5 10 20 19 35 41 43 32 45 58 59 40 55 48 48 20 38 54 25 10 6 5 2 4 6 4 6 3 3 9 19 22 25 22 12 17 27 41 61 73 86 66 29 21 10
77 77 46 51 54 32 44 65 77 51 31 51 83 83 51 65 48 52 23 17 30 64 69 46 32 30 16 15 21 13 10 23 11 3 4 8 5 9 8 3 3 2 1 1 0 1 0 1 2 5 11 13 22 29 31 45 36 31 54 69 74 72 54 59 16 74 59 17 17 50 40 28 14 6 1 4 3 2 1 3 9 9 11 21 15 19 47 50 46 41 53 75 44 28 21 9
75 60 39 55 49 46 34 64 74 47 34 51 83 75 59 53 31 21 8 30 52 63 47 23 17 8 7 32 28 16 21 19 10 4 5 8 10 11 9 2 2 2 2 2 2 1 0 1 3 4 9 10 17 21 20 25 33 50 41 80 71 43 37 76 54 29 66 31 14 9 19 19 24 21 8 3 2 2 1 2 9 11 9 12 20 34 46 48 44 56 46 57 52 37 18 8
73 58 32 57 48 47 40 45 56 30 28 48 61 32 35 34 15 22 17 36 63 33 27 29 15 15 10 41 35 20 40 20 7 10 9 14 14 24 13 6 5 2 5 3 2 1 0 0 3 3 4 7 19 18 29 42 25 52 54 76 29 11 41 75 42 40 25 57 24 6 8 10 20 15 15 10 3 1 1 2 6 9 12 9 13 28 61 38 29 69 38 38 45 16 7 8
46 37 31 53 40 33 45 36 61 61 49 47 41 33 48 49 39 49 27 39 56 36 32 30 21 17 17 48 43 26 42 20 17 15 14 23 21 19 7 8 13 8 5 2 1 0 0 0 1 4 4 10 21 17 20 29 18 34 65 37 25 14 59 73 56 16 10 15 31 14 7 6 7 5 15 6 3 1 1 2 4 8 13 10 33 49 67 39 34 64 33 15 20 28 8 4
41 16 46 53 43 57 59 82 76 89 88 82 41 62 64 61 63 33 32 55 49 33 30 19 23 30 21 47 47 47 35 27 23 25 25 35 45 23 12 10 28 15 2 1 1 0 0 0 2 4 11 13 13 19 10 14 30 54 69 26 16 20 33 69 60 39 12 4 25 25 12 5 5 5 18 5 2 1 1 3 6 12 13 19 21 19 21 18 28 25 36 25 25 22 4 1
31 27 33 47 77 81 86 87 71 72 78 81 84 73 44 44 37 30 36 34 21 32 29 33 47 37 38 69 56 70 40 38 34 40 43 59 60 27 24 20 25 10 4 2 2 2 1 0 1 4 5 8 8 6 7 17 31 47 38 31 15 16 18 75 34 33 28 3 16 32 21 5 4 4 5 10 3 1 1 4 5 11 21 28 25 16 19 12 17 16 18 14 11 4 2 3
41 47 23 31 46 54 77 46 46 45 62 67 61 74 48 40 44 59 49 33 32 39 36 49 68 53 43 69 67 59 40 54 41 53 48 63 45 34 38 15 7 5 9 7 5 4 2 1 1 1 6 5 6 10 11 5 18 18 25 56 22 18 29 42 26 7 25 9 12 14 12 11 5 2 2 26 3 0 1 3 7 10 8 27 16 13 15 11 9 5 5 4 3 3 6 15
62 70 42 28 53 49 55 60 44 61 67 55 67 80 83 67 77 66 46 40 52 51 54 52 63 51 46 71 70 43 54 54 54 57 67 68 52 35 12 5 5 10 9 9 12 7 5 1 0 0 1 5 6 9 11 7 17 18 12 19 19 17 21 38 41 7 13 13 8 21 12 5 6 3 3 4 2 0 1 2 5 7 15 25 12 14 10 8 12 3 3 2 2 5 13 18
44 65 79 49 22 30 51 55 75 49 44 44 77 55 63 92 88 44 61 60 61 58 60 53 58 51 54 76 65 56 57 55 61 75 75 45 18 15 21 18 23 18 15 10 16 13 7 2 0 0 0 7 5 4 11 9 18 14 10 11 13 9 9 18 50 6 5 11 6 6 8 4 3 3 2 2 1 1 1 2 3 6 27 14 5 4 4 6 5 1 1 4 6 9 16 15
75 74 77 80 43 15 24 68 69 64 18 23 44 55 80 85 69 89 89 70 57 76 70 39 59 50 69 63 62 57 61 53 68 80 82 48 41 32 44 41 49 45 26 23 30 11 4 1 0 0 0 1 1 2 11 9 18 16 9 7 7 3 1 6 27 10 6 5 5 4 4 6 3 3 2 1 1 1 1 2 4 5 7 5 3 3 2 2 1 3 4 5 14 19 14 16
56 41 52 83 42 38 31 33 36 45 35 10 37 80 87 85 65 59 84 65 76 80 69 49 69 66 80 75 71 78 61 61 64 60 63 43 44 51 52 53 22 21 44 56 12 6 4 1 0 0 1 0 0 1 3 11 14 21 7 6 6 3 2 14 27 9 9 5 4 4 4 5 3 1 2 1 1 1 1 2 3 6 5 2 2 1 1 4 5 10 13 16 17 19 11 13
31 52 50 81 82 30 38 25 30 28 35 20 45 56 59 64 77 85 69 31 66 32 75 83 93 88 83 63 78 63 74 57 53 33 72 68 71 60 35 31 11 2 46 32 20 12 8 4 2 3 3 2 1 0 0 1 2 5 3 5 4 2 3 7 14 15 7 4 5 1 1 2 3 1 1 1 1 1 1 1 3 3 3 2 1 2 5 6 11 9 13 27 23 17 15 12
22 33 43 49 76 77 47 24 25 27 25 25 40 63 74 78 44 78 78 40 69 64 40 57 76 57 74 50 72 36 24 52 38 37 57 87 72 54 34 72 37 35 40 35 34 15 7 5 6 7 4 2 0 0 0 0 0 1 1 4 3 2 4 8 8 14 8 4 2 2 2 2 2 1 1 0 1 1 0 1 1 1 2 1 1 3 4 6 10 11 14 14 46 23 15 9
11 20 33 9 46 84 47 31 17 15 23 28 25 38 48 63 65 79 59 60 68 53 22 56 73 55 55 49 53 73 59 63 57 35 44 80 86 89 86 81 66 52 53 58 43 19 14 11 19 5 3 3 3 2 1 1 1 0 0 1 1 1 2 8 8 9 7 4 2 2 1 1 1 1 1 0 0 0 0 0 0 1 0 0 1 1 1 4 9 5 8 19 21 19 10 22
21 14 26 54 46 62 84 46 44 18 11 15 19 23 52 44 65 81 22 33 73 73 36 22 82 85 62 46 60 69 37 35 43 31 29 58 75 75 72 44 52 54 31 43 46 39 44 39 16 3 7 9 7 6 6 9 7 2 1 1 0 1 1 1 3 11 4 3 1 2 1 1 1 1 1 0 0 0 0 0 0 1 1 2 2 2 2 3 7 9 10 12 18 20 31 33
32 12 10 41 60 67 87 71 39 34 21 18 16 22 22 15 50 36 28 66 87 49 29 18 26 72 43 50 44 64 60 43 48 45 36 75 62 39 32 25 30 15 13 62 37 60 68 58 27 18 20 14 12 7 5 1 2 1 1 1 1 1 1 1 1 3 4 3 2 2 1 0 0 0 0 0 0 0 0 0 0 1 1 2 3 6 7 8 12 13 12 18 20 22 20 37
51 37 28 18 22 27 44 69 42 50 27 16 13 16 28 13 36 22 49 45 81 45 31 28 16 32 30 43 20 57 61 34 32 33 41 56 55 23 15 24 20 15 16 27 44 37 29 14 14 16 10 10 9 9 9 2 1 2 1 1 1 0 1 1 1 1 3 3 2 1 1 0 0 0 0 0 0 0 0 0 1 1 2 3 1 1 5 23 8 16 23 25 32 27 34 44
27 28 48 21 20 48 49 70 73 54 42 16 11 10 12 16 22 26 27 44 74 81 58 35 12 12 25 7 15 49 60 36 26 28 21 23 26 19 13 17 16 14 14 13 46 29 28 14 8 5 5 2 2 2 5 3 1 2 1 1 0 0 0 0 1 1 2 1 1 1 1 0 0 0 0 0 0 0 0 0 1 1 1 1 1 3 10 17 22 24 27 25 29 38 35 49
45 39 17 13 15 29 41 55 72 46 32 23 9 6 8 15 7 12 32 72 62 70 59 52 29 9 31 28 8 12 40 25 27 23 9 10 13 29 11 9 13 7 6 10 26 28 34 17 10 6 4 2 1 1 2 2 1 2 2 0 0 0 0 0 0 1 1 1 1 0 0 0 0 0 0 0 0 0 0 0 0 0 1 2 3 6 8 20 11 11 9 11 22 36 37 23
59 55 25 12 4 26 25 38 57 59 24 20 10 9 10 12 6 25 52 70 38 42 54 27 22 18 10 19 23 4 20 29 14 15 8 14 12 8 8 9 14 9 3 4 9 22 33 20 16 9 7 3 2 1 1 1 1 1 2 1 1 0 0 0 0 1 1 1 0 0 0 0 0 0 0 0 0 0 0 0 0 1 1 2 4 5 8 8 9 7 6 15 21 23 21 24
62 54 33 27 8 9 22 32 67 24 25 12 7 7 7 7 6 19 53 36 6 26 75 27 18 21 8 10 11 20 15 13 8 8 10 5 5 3 3 6 11 5 3 3 4 11 31 17 21 9 5 3 2 1 0 0 1 1 1 1 0 0 0 0 0 0 0 0 0 0 0 0 0 0 0 0 0 0 0 0 0 1 2 3 2 3 11 10 8 9 14 11 16 23 26 17
57 53 34 17 16 10 19 22 58 25 7 19 13 6 4 5 4 24 30 16 37 50 65 45 23 13 14 21 7 25 16 11 10 5 10 4 6 4 1 4 2 2 3 8 15 20 26 20 33 26 13 7 2 1 0 0 0 1 1 1 0 0 0 0 0 0 0 0 0 0 0 0 0 0 0 0 0 0 0 0 0 1 1 1 2 3 4 8 13 16 18 17 20 11 24 30
50 38 26 17 15 13 8 14 25 47 18 8 12 5 4 4 5 15 14 18 16 35 60 44 23 28 9 12 13 26 10 6 8 7 4 2 5 3 3 3 1 1 4 22 10 9 22 13 25 23 23 9 4 2 1 0 0 0 0 0 0 0 0 0 0 0 0 0 0 0 0 0 0 0 0 0 0 0 0 0 1 1 2 1 2 2 5 7 7 10 12 29 20 26 45 30
44 42 23 15 15 12 10 13 14 26 27 7 5 5 4 4 4 5 8 13 18 32 68 37 27 14 20 8 11 18 7 2 4 3 5 2 2 3 2 1 1 2 10 19 4 9 12 7 17 17 13 12 7 5 3 2 0 0 0 0 0 0 0 0 0 0 0 0 0 0 0 0 0 0 0 0 0 0 1 0 1 1 1 1 1 2 3 2 5 11 9 17 16 8 17 22
80 57 41 12 7 11 7 9 10 18 25 12 8 5 5 4 3 4 5 4 18 22 52 31 13 10 11 10 8 5 11 3 3 3 2 3 2 2 1 1 5 6 8 3 3 7 4 6 9 14 18 14 19 10 5 4 2 0 0 0 0 0 0 0 0 0 0 0 0 0 0 0 0 0 0 0 0 0 0 0 0 0 1 1 0 1 1 2 3 5 11 22 14 14 17 5
41 74 56 32 12 6 4 7 9 12 40 15 9 4 2 2 2 2 3 4 11 17 38 37 12 7 5 6 7 7 5 9 4 2 2 3 2 1 0 2 4 11 5 2 5 6 4 4 9 12 6 6 8 10 9 4 2 2 1 0 0 0 0 0 0 0 0 0 0 0 0 0 0 0 0 0 0 0 0 0 0 0 0 0 1 1 1 1 3 7 9 13 10 11 13 22
18 75 25 60 34 20 4 4 5 11 24 10 6 3 2 1 1 1 3 5 12 23 19 33 21 11 7 4 4 5 4 7 4 3 1 2 1 0 1 1 6 5 5 1 2 5 1 2 9 12 4 4 5 5 19 8 5 2 1 0 0 0 0 0 0 0 0 0 0 0 0 0 0 0 0 0 0 0 1 1 0 0 0 1 1 1 1 1 4 5 6 4 6 14 15 17
33 34 20 50 26 28 12 2 3 4 11 10 3 3 2 1 1 1 3 7 3 4 30 33 34 21 13 10 3 2 2 3 2 2 1 1 0 0 1 1 5 2 2 1 1 6 2 2 14 12 6 2 1 1 9 5 4 2 1 0 0 0 0 0 0 0 0 0 0 0 0 0 0 0 0 0 0 1 1 1 1 2 1 2 2 2 1 1 3 3 4 7 16 19 21 23
35 28 22 18 20 10 27 6 1 1 4 6 3 2 1 1 1 2 2 3 8 25 38 36 42 21 12 5 4 2 3 3 2 2 1 1 1 0 1 3 2 1 1 1 2 7 4 4 17 13 11 2 1 0 1 1 2 2 1 0 0 0 0 0 0 0 0 0 0 0 0 0 0 0 0 0 1 1 2 1 2 3 4 3 2 2 1 2 5 3 3 5 7 5 10 14
27 22 22 14 16 5 8 13 1 1 3 4 5 1 1 0 0 1 3 7 16 19 32 23 27 30 9 5 4 3 2 2 1 1 1 0 0 0 1 3 2 1 1 1 1 2 2 2 10 13 6 3 3 1 1 1 1 1 1 1 0 0 0 0 0 0 0 0 0 0 0 0 0 0 0 0 1 1 1 4 4 4 3 5 4 3 4 10 6 2 3 2 4 12 14 18
20 26 28 14 6 4 3 4 2 1 2 3 4 1 0 0 1 2 6 16 8 5 20 16 14 21 11 4 4 3 2 1 1 1 1 0 0 0 2 3 1 1 0 0 1 3 1 2 11 3 5 2 1 1 1 1 1 1 1 0 0 0 0 0 0 0 0 0 0 0 0 0 0 0 0 1 1 2 2 3 6 9 9 10 11 8 10 11 7 5 4 6 4 5 14 16
8 7 10 10 4 5 2 2 3 1 1 1 1 1 0 0 1 2 4 5 6 5 12 25 6 8 5 7 2 2 1 1 1 1 1 0 0 1 3 1 0 0 0 0 1 2 2 13 20 2 1 4 1 1 1 1 1 1 1 0 0 0 0 0 0 0 0 0 0 0 0 0 0 0 0 0 1 1 1 2 3 4 5 8 15 12 17 16 12 13 6 7 13 11 9 11
3 3 3 3 3 2 2 1 2 1 0 0 1 1 0 0 1 1 2 2 4 3 2 5 4 4 3 4 1 1 1 1 1 0 0 0 1 2 1 0 0 0 0 0 1 1 4 3 12 2 1 2 2 1 1 1 1 1 0 0 0 0 0 0 0 0 0 0 0 0 0 0 0 0 0 0 0 1 0 1 2 2 3 4 14 14 22 27 18 28 25 22 18 19 15 34
3 4 3 2 2 1 1 0 0 1 0 0 0 0 0 0 0 1 1 1 2 1 1 2 3 2 2 1 2 1 1 1 0 0 0 0 1 1 1 1 0 0 1 1 2 4 1 1 1 2 2 1 1 1 1 0 0 0 0 0 0 0 0 0 0 0 0 0 0 0 0 0 0 0 0 0 0 1 1 1 1 2 1 3 7 10 9 12 41 36 18 38 35 33 21 30
