sesion_6_simulaciones/modelos_agentes/ejemplos_netlogo/scenarios/cgcm2_b2/rob_2034.asc
NCOLS 322 
NROWS 307 
XLLCORNER 451900 
YLLCORNER 4086900 
CELLSIZE 100 
NODATA_value -9999 
[rows 225 to 299 of 307, columns 96 to 191 of 322]
0 0 0 0 0 0 0 0 0 0 0 0 0 0 0 0 0 0 0 0 0 0 0 0 0 0 0 0 0 0 0 0 0 0 0 0 0 0 0 0 0 0 0 0 0 0 0 0 0 0 1 1 4 4 2 2 4 6 8 9 29 46 34 39 55 85 75 57 64 62 74 59 34 22 46 60 55 53 58 64 44 25 11 18 36 32 11 8 5 3 11 9 5 3 1 1
0 0 0 0 0 0 0 0 0 0 0 0 0 0 0 0 0 0 0 0 0 0 0 0 0 0 0 0 0 0 0 0 0 0 0 0 0 0 0 0 0 0 0 0 0 0 0 0 0 0 1 2 2 2 3 3 9 8 9 17 8 17 38 42 48 85 63 70 45 77 62 62 44 27 57 71 67 48 56 79 39 39 47 23 16 6 5 8 5 4 2 2 2 1 0 0
0 0 0 0 0 0 0 0 0 0 0 0 0 0 0 0 0 0 0 0 0 0 0 0 0 0 0 0 0 0 0 0 0 0 0 0 0 0 0 0 0 0 0 0 0 0 0 0 0 0 1 1 1 1 2 4 11 14 13 8 11 21 25 39 63 53 49 63 81 67 62 65 64 21 27 54 59 66 74 34 73 47 64 29 43 13 17 7 3 1 1 2 1 1 0 0
0 0 0 0 0 0 0 0 0 0 0 0 0 0 0 0 0 0 0 0 0 0 0 0 0 0 0 0 0 0 0 0 0 0 0 0 0 0 0 0 0 0 0 0 0 0 0 0 0 0 1 1 1 1 1 4 9 26 10 10 8 22 36 60 45 39 45 46 36 54 69 43 28 20 27 45 69 59 85 54 23 15 20 31 14 14 8 6 2 2 1 1 0 1 0 0
0 0 0 0 0 0 0 0 0 0 0 0 0 0 0 0 0 0 0 0 0 0 0 0 0 0 0 1 0 0 0 0 0 0 0 0 0 0 0 0 0 0 0 0 0 0 0 0 0 0 0 0 1 1 3 5 3 3 4 9 6 7 13 22 16 10 26 42 39 56 32 49 47 35 50 32 29 69 41 49 33 16 10 10 4 5 5 5 2 2 1 0 0 0 0 0
0 0 0 0 0 0 0 0 0 0 0 0 0 0 0 0 0 0 0 0 0 0 0 0 0 0 0 1 1 1 0 0 0 0 0 0 0 0 0 0 0 0 0 0 0 0 0 0 0 0 0 0 0 1 2 1 1 2 3 3 5 6 7 12 19 33 47 61 48 52 66 70 49 31 47 67 36 65 54 57 49 33 16 22 8 2 3 1 1 1 0 0 0 0 0 0
0 0 0 0 0 0 0 0 0 0 0 0 0 0 0 0 0 0 0 0 0 0 0 0 0 0 0 0 1 1 0 0 0 0 0 0 0 0 0 0 0 0 0 0 0 0 0 0 0 0 0 0 0 1 0 1 0 1 1 1 1 2 2 10 21 24 19 41 50 50 57 52 44 35 39 58 54 42 46 63 48 34 27 19 9 4 2 1 1 1 1 0 0 0 0 0
0 0 0 0 0 0 0 0 0 0 0 0 0 0 0 0 0 0 0 0 0 0 0 0 0 0 0 0 1 1 0 0 0 0 0 0 0 0 0 0 0 0 0 0 0 0 0 0 0 0 1 1 0 0 0 0 1 1 2 3 3 5 6 5 5 7 16 24 25 47 68 75 74 42 53 44 73 51 55 44 34 34 24 16 9 12 5 2 1 0 0 0 0 0 0 0
0 0 0 0 0 0 0 0 0 0 0 0 0 0 0 0 0 0 0 0 0 0 0 0 0 0 0 1 1 1 0 0 0 0 0 0 0 0 0 0 0 0 0 0 0 0 0 0 0 1 1 2 1 0 1 1 3 3 5 11 11 13 11 10 14 33 25 25 28 37 61 64 68 73 66 72 75 43 55 32 57 40 23 26 10 5 5 3 4 1 0 0 0 0 0 0
0 0 0 0 0 0 0 0 0 0 0 0 0 0 0 0 0 0 0 0 0 0 0 0 0 0 1 1 1 0 0 0 0 0 0 0 0 0 0 0 0 0 0 0 0 0 0 1 0 0 1 1 1 2 2 3 4 6 17 16 12 16 24 20 15 15 26 43 25 40 25 31 33 32 65 32 36 71 44 25 11 16 45 28 10 7 8 2 2 1 1 0 0 0 0 0
0 0 0 0 0 0 0 0 0 0 0 0 0 0 0 0 0 0 0 0 0 0 0 0 0 0 1 2 0 0 0 0 0 0 0 0 0 0 0 0 0 0 0 0 0 0 0 0 1 1 1 1 2 5 2 3 6 9 12 23 25 41 40 42 34 21 29 39 63 50 54 46 57 48 85 48 30 27 27 23 11 3 33 38 16 12 11 7 2 1 1 1 0 0 0 0
0 0 0 0 0 0 0 0 0 0 0 0 0 0 0 0 0 0 0 0 0 0 1 0 0 0 0 2 0 0 0 0 0 0 0 0 0 0 0 0 0 0 0 0 0 0 1 1 1 2 1 3 3 4 4 5 6 10 26 27 32 43 41 57 65 43 33 42 49 49 74 63 54 63 56 66 53 55 52 31 24 11 5 19 14 14 18 5 1 1 0 0 0 0 0 0
0 0 0 0 0 0 0 0 0 0 0 0 0 0 0 0 0 0 0 0 0 0 0 0 0 0 1 1 0 0 0 0 0 0 0 0 0 0 0 0 0 0 0 0 1 1 2 1 1 1 3 10 15 6 6 3 7 10 28 27 57 52 49 44 48 52 32 53 43 77 47 45 59 65 45 38 39 38 33 24 15 10 7 5 7 4 1 3 1 1 0 0 0 0 0 0
0 0 0 0 0 0 0 0 0 0 0 0 0 0 0 0 0 0 0 0 0 0 0 1 0 0 1 2 1 0 0 0 0 0 0 0 0 0 0 0 0 0 0 1 1 1 2 2 2 2 2 6 10 11 9 4 9 15 11 28 60 59 25 70 35 57 57 52 46 65 57 31 48 74 71 57 58 55 55 40 40 13 7 4 2 1 2 1 1 1 0 0 0 0 0 0
0 0 0 0 0 0 0 0 0 0 0 0 0 0 0 0 0 0 0 0 0 0 0 1 1 1 2 1 1 1 0 0 0 0 0 0 0 0 0 0 0 0 0 0 1 2 2 3 4 4 4 7 17 20 14 5 10 16 31 30 46 58 23 57 66 64 74 47 60 53 47 59 70 62 53 42 38 37 34 13 21 21 14 4 3 1 1 1 0 0 0 0 0 0 0 0
0 0 0 0 0 0 0 0 0 0 0 0 0 0 0 0 0 0 0 0 0 0 0 1 1 0 0 5 2 0 0 0 0 0 0 0 0 0 0 0 0 0 0 1 1 1 3 4 5 8 6 12 21 14 21 6 13 21 25 45 44 51 56 58 69 74 70 69 62 52 65 70 71 64 53 44 35 39 31 19 13 9 19 13 4 3 2 1 0 0 0 0 0 0 0 0
0 0 0 0 0 0 0 0 0 0 0 0 0 0 0 0 0 0 0 0 1 0 1 1 2 1 1 6 1 1 0 0 0 0 0 0 0 0 0 0 0 1 0 1 1 1 5 6 7 10 13 11 11 22 50 19 9 25 43 38 28 32 36 62 71 72 72 81 66 55 57 63 75 70 70 60 57 68 46 28 17 11 9 6 4 5 1 1 1 0 0 0 0 0 0 0
0 0 0 0 0 0 0 0 0 0 0 0 0 0 0 0 0 0 0 0 0 1 1 2 4 6 4 6 2 1 0 0 0 0 0 0 0 0 0 0 0 1 1 1 1 1 4 7 10 12 15 22 23 29 67 38 27 6 21 62 53 53 44 46 41 75 82 83 65 65 50 80 74 57 56 44 52 67 40 22 25 7 4 3 2 2 2 1 0 0 0 0 0 0 0 0
0 0 0 0 0 0 0 0 0 0 0 0 0 0 0 1 0 0 0 0 1 1 1 3 8 12 5 5 1 1 1 0 0 0 0 0 0 0 0 0 1 0 1 1 1 3 5 6 14 17 21 27 38 58 70 67 25 13 36 58 72 58 54 60 62 59 51 61 65 63 74 74 46 64 41 43 30 46 29 19 11 10 14 4 1 1 0 0 0 0 0 0 0 0 0 0
0 0 0 0 0 0 0 0 0 0 0 0 0 0 0 1 0 0 0 1 1 1 1 4 8 7 2 1 1 0 0 0 0 0 0 0 0 0 0 0 0 1 0 3 2 3 6 6 10 26 31 19 42 56 62 72 52 29 21 23 39 70 70 63 62 50 28 22 50 55 79 64 53 55 87 74 58 43 33 25 27 19 7 6 3 2 1 1 0 0 0 0 0 0 0 0
0 0 0 0 0 0 0 0 0 0 0 0 1 0 1 1 0 1 0 1 3 2 6 4 14 4 1 1 0 0 0 0 0 0 0 0 0 0 0 0 1 1 1 1 5 3 4 8 17 36 37 29 35 28 49 77 71 40 31 30 52 50 58 59 48 62 53 41 69 67 46 59 67 70 64 79 49 61 37 38 32 12 4 1 1 1 1 1 0 0 0 0 0 0 0 0
0 0 0 0 0 0 0 0 0 0 0 1 1 1 1 1 0 1 2 1 1 3 3 18 7 5 1 1 0 0 0 0 0 0 0 0 0 0 0 0 0 1 1 4 3 4 8 13 15 28 50 56 35 38 33 47 75 62 51 26 37 28 32 27 28 16 42 72 57 57 46 29 37 59 28 54 70 62 46 35 26 9 3 2 1 0 0 0 0 0 0 0 0 0 0 0
0 0 0 0 0 0 0 0 0 0 0 1 1 1 1 2 1 1 3 2 3 8 3 13 12 2 1 0 0 0 0 0 0 0 0 0 0 0 0 0 0 1 1 3 9 5 5 12 16 34 43 55 56 57 47 33 52 68 60 37 41 40 47 47 58 39 34 57 64 60 57 53 48 34 25 19 34 35 37 15 5 4 2 2 1 0 0 0 0 0 0 0 0 0 0 0
0 0 0 0 0 0 0 0 0 0 0 1 1 2 2 6 1 2 4 5 5 10 29 11 3 3 1 0 0 0 0 0 0 0 0 0 0 0 0 0 0 1 1 3 5 15 9 11 19 34 53 47 59 68 61 46 34 60 63 52 33 38 46 49 58 59 49 63 57 49 54 49 71 51 37 20 12 6 14 12 6 2 1 1 1 0 0 0 0 0 0 0 0 0 0 0
0 0 0 0 0 0 0 0 0 0 1 1 1 2 6 8 2 3 3 6 8 18 38 4 6 3 1 0 0 0 1 1 0 0 0 0 0 0 1 0 1 1 3 4 4 11 9 33 29 49 44 75 59 46 47 41 63 33 29 81 44 37 66 64 55 51 60 73 50 39 43 56 77 53 35 24 17 12 6 6 5 2 1 1 1 0 0 0 0 0 0 0 0 0 0 0
0 0 0 0 0 0 0 0 0 1 2 1 3 2 4 7 10 6 9 6 14 15 48 21 6 2 1 1 1 1 1 1 0 0 0 0 0 0 0 1 1 1 4 8 14 11 27 10 5 16 48 32 50 53 65 51 27 20 24 39 59 26 53 55 37 54 78 38 47 43 27 29 17 27 30 19 15 12 6 3 2 1 1 1 1 1 0 0 0 0 0 0 0 0 0 0
0 0 0 0 0 0 0 0 1 1 1 1 1 5 7 3 3 17 12 13 12 29 39 12 6 3 3 2 3 5 1 0 0 0 0 0 0 0 1 1 1 2 4 13 8 25 22 25 19 35 47 15 57 73 73 43 57 49 44 31 69 24 42 50 35 39 49 62 58 30 51 67 56 51 40 26 15 13 9 6 3 2 2 1 1 1 1 0 0 0 0 0 0 0 0 0
0 0 0 0 0 1 0 0 0 1 2 2 1 1 4 12 4 3 30 30 14 31 45 15 12 3 8 14 5 1 1 0 0 0 0 0 0 0 0 1 1 5 8 5 4 12 18 39 45 48 42 45 63 76 84 83 73 42 43 44 64 42 43 57 38 37 59 34 24 26 47 49 48 44 41 34 17 10 4 4 1 1 1 2 1 1 0 0 0 0 0 0 0 0 0 0
0 0 0 0 0 0 1 1 1 0 1 4 1 1 4 9 15 12 3 12 20 40 24 15 9 18 6 2 2 1 1 1 0 0 0 0 0 0 1 1 0 3 4 3 6 11 17 22 49 50 57 56 76 80 75 74 51 71 33 45 52 68 29 53 56 37 26 53 61 58 42 56 62 49 38 30 11 7 4 4 5 3 4 2 1 1 0 0 0 0 0 0 0 0 0 0
0 0 0 0 0 1 1 1 1 1 1 2 6 2 6 6 12 22 15 6 13 43 12 21 37 7 4 3 2 2 1 0 0 0 0 0 0 0 1 1 1 3 3 2 8 14 8 9 27 37 26 24 39 45 54 38 60 53 76 33 50 70 44 46 72 78 62 73 76 54 66 66 68 63 54 41 18 10 9 7 7 4 4 2 1 1 0 0 0 0 0 0 0 0 0 0
0 0 0 0 0 2 2 1 1 1 3 2 3 11 6 7 14 6 34 15 16 25 54 29 14 12 9 6 4 2 1 0 0 0 0 0 0 0 1 2 2 4 6 7 9 8 14 23 21 20 28 28 28 39 40 51 52 54 63 75 34 27 57 71 74 51 61 67 73 60 70 59 54 60 50 26 14 16 10 8 7 6 2 2 1 0 0 0 0 0 0 0 0 0 0 0
0 0 0 0 0 1 1 3 4 2 4 5 6 9 18 9 20 9 8 30 13 19 48 38 26 12 8 6 4 1 1 1 0 0 0 0 0 0 1 3 4 5 3 8 9 15 16 20 30 36 37 33 36 41 52 52 38 40 52 64 57 43 53 33 33 51 48 61 44 50 65 57 56 38 37 45 16 11 5 3 3 3 4 2 1 0 0 0 0 0 0 0 1 0 0 0
0 0 1 0 1 1 2 2 3 4 7 7 7 11 26 30 11 9 13 13 40 50 55 32 29 22 14 9 6 2 1 1 1 0 0 0 0 0 1 2 4 9 9 14 15 19 22 40 30 38 42 39 28 40 36 60 62 38 18 25 40 44 51 40 30 18 11 10 19 59 39 43 51 42 30 18 9 3 2 6 7 6 1 2 2 1 0 0 0 0 0 0 1 0 0 0
0 1 1 1 1 1 1 2 4 5 11 13 14 12 24 30 21 22 19 22 22 52 48 38 17 18 13 9 4 4 2 1 1 1 1 0 0 1 1 2 1 7 13 19 20 29 37 30 35 53 63 60 32 44 51 50 36 45 31 17 23 35 52 31 35 38 46 51 38 37 33 31 28 19 24 7 7 6 4 16 9 2 3 2 2 2 1 1 1 0 0 0 1 0 0 0
0 1 2 1 2 2 1 3 5 7 8 17 17 15 38 23 32 44 35 26 28 45 34 27 18 17 13 10 7 3 2 1 2 1 0 0 0 1 3 3 3 8 19 15 22 29 29 22 40 71 69 67 68 48 53 48 43 46 36 42 46 38 46 43 60 63 76 67 48 48 39 35 26 12 10 14 17 19 8 16 10 7 4 2 1 1 1 1 0 0 0 0 1 1 0 0
1 0 2 3 2 2 2 5 8 9 10 12 22 31 37 39 31 54 38 25 31 70 39 48 22 21 18 15 8 4 4 3 2 1 0 0 0 1 4 9 9 13 14 30 27 31 31 26 36 37 40 41 59 55 32 30 36 38 39 51 62 44 52 59 67 69 57 50 53 31 39 22 10 12 13 36 19 24 23 4 9 6 6 4 2 1 3 2 1 1 0 0 1 1 0 0
1 1 1 4 5 3 4 7 8 11 15 12 21 34 39 34 35 30 43 29 37 56 50 53 31 22 14 11 9 4 9 3 1 1 1 0 1 2 3 6 19 27 28 20 38 23 26 42 36 33 34 42 52 51 71 55 32 32 41 52 50 54 53 46 44 35 41 56 36 23 20 28 27 37 28 45 33 30 14 15 9 4 9 4 3 3 3 1 1 1 0 0 2 0 0 1
1 3 3 4 6 4 3 8 11 12 20 15 6 11 45 58 56 41 38 58 38 71 69 29 33 29 9 10 7 9 5 4 2 1 1 0 1 3 4 6 8 19 24 37 39 42 26 49 60 37 53 60 63 60 65 40 43 32 48 35 37 43 60 56 53 38 50 22 28 13 34 46 56 29 38 48 19 21 27 14 2 4 10 8 7 4 2 1 1 1 0 1 2 1 1 1
1 2 6 7 7 4 5 11 12 13 15 23 19 20 31 57 54 26 38 67 41 73 51 49 37 14 5 13 7 9 11 5 4 1 1 1 1 3 5 10 21 18 16 39 28 32 44 38 57 57 71 71 67 65 62 43 45 31 31 56 38 42 57 58 28 48 30 30 59 51 64 47 42 53 41 19 29 38 10 3 3 11 19 10 6 6 2 1 1 1 1 1 1 3 1 1
3 5 6 10 10 8 11 12 16 17 10 21 21 31 36 48 55 61 68 73 74 69 54 47 31 26 18 18 19 7 11 10 4 2 2 1 1 4 13 14 20 23 27 39 44 38 42 27 52 55 65 62 59 56 63 55 67 53 47 42 41 58 22 44 33 34 40 56 50 45 37 51 69 68 47 32 53 24 17 11 11 11 3 4 7 6 2 2 1 2 2 1 1 7 2 3
4 5 6 8 2 6 18 10 20 24 18 20 31 36 33 49 41 70 70 77 68 61 67 42 32 33 38 34 11 16 9 11 7 3 2 1 1 6 8 16 20 19 41 38 42 41 31 63 52 79 55 64 53 69 62 78 61 63 62 36 32 51 65 62 22 35 50 66 62 44 38 67 81 72 43 61 48 20 24 49 34 7 9 11 6 3 3 1 1 2 2 1 2 11 6 4
4 4 2 1 1 3 19 13 7 10 19 15 16 30 57 62 37 40 70 64 70 67 68 63 23 32 45 20 16 15 9 16 10 6 2 0 1 3 6 18 17 20 29 49 62 64 39 30 15 20 61 73 48 60 67 75 76 65 55 45 44 60 54 56 47 48 52 44 64 52 55 74 81 50 55 66 44 8 36 29 16 22 28 14 7 5 3 1 3 3 4 2 6 34 9 3
5 7 5 6 6 4 10 24 6 8 9 26 19 26 55 54 65 46 59 76 68 78 75 66 41 22 33 33 25 12 24 12 10 5 2 1 1 2 9 23 9 23 45 56 61 47 50 51 48 47 40 50 73 58 40 47 49 47 49 25 36 41 25 29 48 36 47 27 37 45 75 65 64 72 48 37 19 18 28 21 21 31 22 8 4 1 1 1 3 4 4 3 9 21 11 3
12 7 10 10 7 9 9 10 15 14 15 41 25 30 32 45 70 76 71 85 82 73 71 45 21 29 34 28 21 22 22 14 6 5 5 1 1 1 5 12 4 11 21 25 34 37 43 38 70 68 58 56 51 43 54 46 40 62 19 12 10 36 34 37 62 61 36 23 65 64 39 50 33 50 39 21 11 48 30 41 21 16 8 5 4 2 1 3 3 5 6 8 11 26 4 3
7 7 10 10 14 9 7 17 32 35 14 12 41 44 24 28 26 47 79 78 53 42 42 44 44 13 34 31 17 40 19 12 10 6 5 2 3 1 3 11 19 9 17 29 23 33 18 11 26 38 32 72 70 68 50 13 10 10 26 22 18 36 21 58 60 65 34 67 60 44 47 44 48 44 21 28 45 53 49 24 18 16 14 12 5 3 2 4 7 8 8 7 17 28 15 5
7 16 12 14 16 18 11 22 36 29 31 21 15 34 53 29 56 47 36 70 53 62 57 56 41 29 39 22 22 41 22 17 9 3 5 2 3 2 1 6 11 34 33 25 24 38 44 25 36 50 60 67 54 57 61 52 45 39 33 17 21 21 42 52 55 46 62 73 73 65 47 43 29 18 51 51 42 48 37 20 13 15 14 7 5 4 3 7 10 6 12 8 4 13 24 9
12 12 13 11 16 32 15 25 29 38 34 29 41 31 20 53 60 50 44 72 71 29 29 41 35 53 43 52 24 20 28 14 8 12 5 2 3 5 2 6 14 34 50 20 25 53 42 20 41 46 34 53 46 60 58 44 47 50 39 39 32 30 12 53 55 62 64 31 31 27 37 24 53 56 39 39 32 26 21 14 9 11 10 10 8 3 4 5 14 8 15 10 11 9 21 14
11 11 24 17 22 30 12 21 35 45 41 35 37 48 63 51 71 82 67 68 63 43 50 52 56 73 60 58 29 28 24 19 18 6 3 2 3 9 3 4 9 21 21 31 40 53 14 9 62 83 46 53 54 39 36 27 45 40 28 16 25 27 30 41 43 34 29 39 49 53 53 54 33 35 26 14 19 30 20 15 20 28 12 10 9 5 8 10 19 11 14 4 1 5 16 35
13 16 27 28 24 25 12 22 41 49 49 38 33 31 52 74 51 50 73 71 44 38 54 45 71 61 75 50 41 51 39 25 9 7 2 1 1 11 4 4 5 12 15 19 35 42 3 21 38 46 65 60 47 23 18 15 14 15 21 20 12 34 15 12 15 12 22 46 70 80 75 70 39 27 20 26 59 38 25 24 31 19 15 18 4 6 11 15 8 6 2 3 8 11 15 24
18 9 13 32 25 38 27 11 37 45 53 44 49 37 50 42 75 54 42 57 40 59 58 57 54 72 59 68 60 61 37 28 16 9 5 1 4 11 3 4 8 5 11 21 27 28 8 23 24 30 43 38 58 57 54 30 18 28 33 33 20 42 12 11 10 32 58 75 56 58 57 30 20 26 42 52 51 31 23 50 34 24 24 7 7 15 29 7 2 2 4 12 11 35 29 31
17 4 16 31 40 38 38 24 15 38 53 34 47 50 59 64 62 62 57 59 34 67 86 63 58 62 43 46 46 44 38 30 11 5 5 2 5 5 8 5 11 11 13 18 32 32 25 20 19 26 27 46 36 52 44 29 21 26 36 48 34 34 27 16 30 63 43 59 58 41 55 43 40 59 52 55 51 41 41 51 30 17 8 5 17 20 4 2 3 6 8 22 27 36 48 43
16 8 9 6 25 38 50 31 6 18 43 35 50 43 72 69 64 34 44 58 47 72 70 62 58 31 60 60 53 43 36 19 18 12 6 5 5 4 7 5 2 9 10 20 24 35 49 65 56 49 44 61 52 34 24 14 31 20 29 45 48 18 10 30 58 61 34 49 38 40 43 63 70 76 47 37 60 52 38 28 16 18 5 13 15 5 1 7 8 15 19 24 31 49 58 52
26 17 22 5 29 48 49 28 10 6 9 35 56 37 41 61 48 62 65 69 60 40 67 70 53 46 66 65 47 38 22 17 20 13 12 12 11 3 10 7 3 3 9 13 20 20 21 21 24 25 21 42 24 19 26 51 50 33 24 15 14 7 30 46 45 46 34 34 51 29 45 69 71 65 54 51 61 58 46 32 17 7 11 11 5 2 5 17 16 18 24 27 36 39 49 52
37 16 26 8 10 38 31 17 12 11 13 17 30 69 60 54 58 54 55 70 62 71 77 61 59 70 45 54 54 39 23 22 16 10 16 15 7 7 6 13 8 5 8 9 16 18 34 30 27 44 53 43 26 26 8 35 40 34 32 38 34 36 15 41 43 26 22 38 38 44 53 65 67 67 52 46 39 38 50 15 7 7 11 3 4 13 17 19 22 23 27 26 23 22 34 57
31 17 26 13 8 40 35 40 29 31 20 24 39 53 68 73 77 75 66 57 60 61 66 72 79 68 73 68 48 29 27 23 13 10 34 17 9 11 8 3 4 7 6 17 18 22 31 27 45 36 43 28 44 31 13 24 63 39 25 37 38 12 14 15 24 43 21 35 49 43 43 59 69 60 59 27 37 53 37 24 22 7 3 6 9 12 12 30 36 26 33 35 34 24 36 17
23 21 34 23 17 24 19 46 25 27 32 27 42 40 38 51 60 67 70 73 77 54 62 84 77 76 59 43 46 38 33 27 24 13 24 19 18 10 16 5 14 15 5 9 23 36 40 35 41 51 35 24 47 21 23 38 43 31 31 29 26 14 20 21 52 43 65 59 30 26 59 43 36 48 39 31 51 59 59 26 10 5 2 7 4 27 26 27 34 39 59 60 36 36 40 19
38 24 38 25 16 15 11 32 42 35 37 41 40 41 37 56 53 56 36 55 73 55 78 81 79 56 61 58 48 36 32 29 26 29 33 22 32 43 11 9 10 10 12 10 27 22 31 32 36 35 54 49 31 25 41 41 62 31 36 31 25 15 13 15 29 35 76 65 36 40 49 42 55 51 31 71 62 37 29 20 8 2 5 15 13 20 37 24 40 52 54 60 37 33 39 21
46 30 56 30 15 16 32 21 59 34 53 55 39 28 39 36 36 53 47 58 40 79 65 61 57 52 61 52 38 40 36 19 29 31 21 43 22 45 20 10 19 9 21 13 19 40 33 35 32 43 50 35 29 45 39 44 36 39 29 43 32 25 15 10 23 56 67 57 53 60 40 30 45 44 71 60 31 22 24 22 10 6 8 19 41 31 33 50 51 51 53 44 40 33 38 22
46 32 61 34 16 14 60 40 42 38 40 58 39 45 43 43 43 54 53 55 31 45 27 29 44 45 70 68 60 41 24 21 34 50 35 14 33 29 20 13 19 5 19 7 12 29 50 38 37 53 38 56 28 33 50 53 55 34 42 54 26 6 5 19 20 24 39 66 72 54 45 55 66 75 56 30 24 49 25 16 10 8 22 16 41 49 33 49 51 53 50 37 48 38 33 17
55 33 50 21 16 24 35 40 34 68 61 47 54 43 45 47 58 52 65 70 34 42 47 68 68 66 57 56 50 38 24 23 53 40 34 31 53 24 16 14 20 6 16 14 18 26 54 48 35 49 58 53 35 20 44 52 45 25 26 28 41 17 13 25 24 21 31 54 47 47 47 59 52 38 41 30 25 35 16 6 7 14 34 38 40 50 22 39 66 67 46 35 54 23 35 28
59 38 54 25 18 26 24 65 42 67 76 73 50 35 35 44 75 66 34 63 27 49 46 54 35 39 36 54 30 26 40 28 67 52 47 40 40 20 12 34 14 11 12 41 41 33 44 45 60 53 47 46 50 41 42 34 54 47 33 20 19 11 20 27 26 30 23 33 62 48 42 30 40 33 48 39 35 36 23 9 7 28 40 49 50 48 23 39 58 63 34 36 34 43 44 43
74 59 25 39 21 21 44 67 54 43 71 68 71 30 58 74 58 66 62 56 42 33 40 31 33 38 59 40 48 42 39 44 15 29 13 31 23 16 10 32 14 10 3 12 67 44 36 56 59 52 53 48 46 36 63 67 63 59 36 28 19 14 24 15 19 34 29 41 59 29 45 43 41 33 43 46 28 37 23 16 14 35 33 32 44 35 45 45 38 48 62 42 36 58 50 41
61 33 31 38 25 20 64 66 70 41 27 53 78 28 47 46 44 61 57 55 26 20 48 59 58 47 34 55 54 28 61 27 39 26 41 31 19 26 13 24 10 20 7 8 37 63 48 52 63 62 59 58 45 53 44 39 53 38 44 41 22 11 21 16 24 32 30 40 50 50 64 66 61 43 41 52 11 49 27 27 26 24 34 22 33 29 49 65 49 37 58 45 40 46 56 50
55 39 22 50 38 32 48 15 46 69 27 37 69 61 31 54 51 55 36 40 50 63 74 49 48 43 52 64 46 35 38 50 56 70 48 34 49 21 24 27 14 12 12 12 27 44 37 77 59 55 50 58 66 54 27 37 52 54 44 42 34 17 16 12 16 23 27 27 32 43 49 44 52 60 36 16 30 52 40 20 17 23 51 23 40 49 54 42 59 46 32 53 58 49 37 46
60 23 38 52 37 34 43 13 13 16 44 73 50 69 44 54 44 43 37 57 49 37 37 52 43 43 42 53 53 60 37 43 58 38 25 50 24 17 29 20 29 30 21 20 26 46 38 45 67 40 34 32 54 67 42 35 43 38 32 36 26 14 16 7 11 21 32 34 37 46 36 46 45 24 26 28 42 29 16 10 13 40 43 49 36 45 51 43 40 47 53 39 34 57 26 29
68 27 39 56 36 52 52 30 14 14 32 63 81 81 54 46 62 56 68 31 28 33 54 58 34 27 54 72 47 40 32 56 28 40 61 17 20 29 35 21 35 30 21 39 44 64 59 38 44 54 37 39 57 67 63 53 42 24 18 13 11 19 13 8 8 21 31 37 31 51 46 59 44 24 11 32 49 16 19 18 23 38 48 49 34 46 42 43 24 58 42 64 42 26 17 14
56 34 41 62 28 51 64 47 27 26 14 34 42 67 81 45 55 62 51 61 51 38 29 30 14 35 69 64 61 26 60 21 23 58 40 23 34 38 51 30 11 47 41 43 64 61 59 30 45 68 66 36 26 39 62 69 36 39 25 14 7 20 25 20 16 58 70 42 21 25 51 47 34 19 13 42 38 28 23 20 25 37 42 49 42 35 21 46 35 52 49 24 51 22 25 37
53 35 40 60 25 51 56 27 24 29 40 30 27 29 52 68 38 54 46 23 26 20 25 17 24 40 84 51 51 30 65 47 20 63 35 24 38 54 47 28 20 44 52 61 38 61 54 53 37 38 53 65 39 31 42 67 49 36 17 17 9 16 20 20 47 59 54 62 56 56 54 53 39 10 19 43 29 18 19 24 32 29 47 26 36 32 23 28 39 28 49 22 22 49 42 33
73 48 67 45 22 64 40 25 36 27 54 29 47 37 49 57 43 15 34 31 54 67 32 15 19 31 60 40 24 55 45 35 53 47 45 23 38 59 62 33 24 41 44 65 67 60 44 52 54 34 32 36 56 46 35 16 45 22 27 12 16 19 18 49 68 74 81 68 72 80 58 51 30 8 44 57 22 18 21 33 30 35 49 31 50 49 15 26 38 28 31 16 21 17 23 40
77 61 18 24 24 47 26 33 43 45 42 51 48 56 34 49 34 20 44 42 50 41 15 30 21 43 45 28 60 25 42 63 52 34 34 48 51 70 64 33 31 52 47 57 58 45 56 68 52 55 50 31 54 57 47 24 20 27 24 14 18 22 32 45 39 26 62 68 70 75 71 45 10 31 49 62 30 5 16 53 32 55 34 46 35 61 15 37 44 27 35 15 49 18 35 16
74 30 24 35 35 34 11 31 39 51 32 61 73 48 35 35 36 6 33 19 45 38 12 25 25 69 20 56 62 27 70 59 33 29 53 51 30 74 61 23 35 47 42 51 65 58 55 58 50 41 55 33 29 56 44 27 15 11 19 14 29 35 47 54 54 39 54 74 73 58 58 12 24 43 60 66 45 16 35 40 35 37 39 46 44 54 11 20 42 36 46 27 27 18 18 23
68 41 42 36 40 26 21 40 47 44 56 50 71 58 26 23 36 8 33 37 30 40 19 18 37 70 17 73 42 40 71 41 44 32 64 32 50 68 38 25 36 38 52 37 41 52 67 52 69 34 32 56 51 35 41 32 23 5 5 18 33 52 60 61 61 68 66 56 44 40 9 31 39 52 60 65 46 32 44 34 48 45 29 48 56 20 14 27 24 34 34 25 29 5 21 23
59 54 43 44 64 25 35 38 40 66 50 58 55 48 24 14 20 12 28 34 31 28 12 13 33 65 31 40 21 70 49 53 24 44 63 34 72 15 24 33 55 35 51 29 35 32 44 47 44 57 54 28 25 28 30 35 20 9 13 16 34 39 51 57 61 70 72 63 38 11 42 57 54 54 68 42 25 28 29 34 45 31 39 28 45 37 16 22 21 20 28 31 24 20 10 35
45 45 33 60 63 40 32 37 36 52 67 63 48 46 43 20 10 21 25 24 14 18 19 17 18 49 53 15 21 44 32 45 26 47 76 44 18 23 30 28 49 29 30 44 37 40 58 36 58 40 64 36 20 14 35 21 14 9 27 46 49 43 39 45 41 63 52 16 18 27 44 61 72 68 56 20 15 24 30 45 42 37 17 33 19 44 13 16 10 5 15 41 18 38 21 28
40 31 43 70 26 29 33 33 25 36 35 35 63 37 29 24 10 21 8 9 24 10 18 12 7 24 37 13 11 48 43 34 26 71 21 25 18 37 42 21 48 23 24 33 41 55 43 44 29 52 28 39 28 17 13 13 8 10 29 51 50 52 39 43 48 31 16 17 29 48 31 59 71 72 24 16 20 23 48 51 41 54 12 25 30 54 12 18 20 17 21 34 22 22 25 19
