sesion_6_simulaciones/modelos_agentes/ejemplos_netlogo/scenarios/cgcm2_b2/rob_2076.asc
NCOLS 322 
NROWS 307 
XLLCORNER 451900 
YLLCORNER 4086900 
CELLSIZE 100 
NODATA_value -9999 
[rows 73 to 145 of 307, columns 0 to 95 of 322]
0 0 0 0 0 0 0 0 0 0 0 0 0 0 0 0 0 0 0 0 0 0 0 0 0 0 0 0 0 0 0 0 0 1 2 2 4 5 1 1 1 0 1 0 0 0 1 0 1 1 1 1 1 1 1 1 1 2 2 4 6 4 1 3 5 18 22 18 26 11 4 5 14 6 7 30 48 64 33 60 54 50 11 22 23 49 33 10 9 9 3 9 7 37 14 30
0 0 0 0 0 0 0 0 0 0 0 0 0 0 0 0 0 0 0 0 0 0 0 0 0 0 0 0 0 0 0 0 0 1 1 2 5 5 4 4 1 3 1 0 0 0 1 1 1 2 1 1 1 0 1 0 1 1 1 1 1 5 4 5 2 2 2 3 5 8 16 9 6 3 20 51 23 24 44 65 66 20 29 38 48 13 7 6 13 8 9 10 7 7 14 10
0 0 0 0 0 0 0 0 0 0 0 0 0 0 0 0 0 0 0 0 0 0 0 0 0 0 0 0 0 0 0 0 0 0 2 4 2 2 10 8 2 3 3 2 1 0 1 1 1 1 1 1 1 1 1 1 0 1 0 1 1 2 7 11 3 4 9 6 5 2 4 10 11 7 12 61 24 10 8 51 47 35 31 22 9 28 27 10 11 9 12 23 19 12 8 44
0 0 0 0 0 0 0 0 0 0 0 0 0 0 0 0 0 0 0 0 0 0 0 0 0 0 0 0 0 0 0 0 0 0 1 2 2 6 5 3 4 12 4 2 2 1 1 1 1 1 2 1 1 1 1 0 3 1 0 0 1 5 3 8 9 8 12 11 17 9 8 4 3 3 11 62 73 24 14 14 36 38 22 9 8 50 46 39 30 8 6 4 27 31 21 29
0 0 0 0 0 0 0 0 0 0 0 0 0 0 0 0 0 0 0 0 0 0 0 0 0 0 0 0 0 0 0 0 0 0 1 1 1 2 1 1 11 3 3 3 4 6 2 0 1 2 1 1 1 1 2 1 1 1 0 1 2 4 3 8 5 8 10 13 16 19 19 19 18 15 8 16 50 36 25 8 38 56 14 7 37 59 13 57 40 21 9 24 36 36 35 20
0 0 0 0 0 0 0 0 0 0 0 0 0 0 0 0 0 0 0 0 0 0 0 0 0 0 0 0 0 0 0 0 0 0 1 1 1 1 2 4 4 8 3 4 6 19 6 4 6 3 3 1 1 1 1 0 1 1 2 3 2 1 2 1 4 8 9 18 17 16 18 30 20 21 11 4 5 16 17 11 19 21 15 16 42 18 13 8 8 29 19 26 20 27 32 37
0 0 0 0 0 0 0 0 0 0 0 0 0 0 0 0 0 0 0 0 0 0 0 0 0 0 0 0 0 0 0 0 2 4 8 7 3 1 3 5 6 13 9 2 3 4 14 17 32 30 17 8 4 3 2 1 1 1 3 3 1 1 1 1 1 3 2 2 4 15 21 19 21 24 17 14 8 16 6 4 17 20 16 24 42 17 31 18 9 23 28 52 66 61 45 49
0 0 0 0 0 0 0 0 0 0 0 0 0 0 0 0 0 0 0 0 0 0 0 0 0 0 0 0 0 0 0 0 0 2 13 19 4 2 3 9 9 6 17 9 3 3 6 19 56 62 71 76 55 13 8 4 3 3 2 3 2 1 1 0 3 3 2 4 5 12 21 16 22 26 24 13 12 5 3 1 7 17 18 26 35 27 12 13 15 21 65 65 66 40 41 66
0 0 0 0 0 0 0 0 0 0 0 0 0 0 0 0 0 0 0 0 0 0 0 2 0 0 0 0 0 0 0 0 0 0 1 8 6 3 2 7 17 40 11 24 18 7 5 2 2 5 16 26 45 59 35 12 5 2 3 2 1 3 1 5 1 1 2 2 2 6 7 24 22 25 30 18 5 1 2 2 4 9 11 29 14 28 36 37 22 19 13 10 33 24 31 48
0 0 0 0 0 0 0 0 0 0 0 0 0 0 0 0 0 0 0 1 1 2 4 1 6 1 0 0 0 0 0 1 1 2 2 1 1 1 1 5 6 6 9 24 13 9 12 7 2 1 1 1 4 18 18 41 16 7 2 16 20 7 4 1 7 4 1 3 1 1 6 15 30 21 14 16 9 6 6 13 5 4 16 42 16 42 41 39 35 41 27 14 12 30 64 76
0 0 0 0 0 0 0 0 0 0 0 0 0 0 0 0 0 1 3 3 0 1 0 0 0 0 0 0 0 0 0 0 0 0 1 2 1 1 3 6 15 22 7 5 3 3 4 3 1 2 2 1 7 3 4 10 20 13 35 26 6 2 2 3 7 2 2 4 4 4 26 22 24 17 14 17 21 27 16 7 12 11 38 45 29 60 55 80 60 57 60 52 15 13 17 18
0 0 0 0 0 0 0 0 0 0 0 0 0 0 0 0 0 1 0 0 0 0 0 0 0 0 0 0 1 1 2 0 0 1 3 2 1 3 4 5 10 19 22 16 1 1 1 2 2 1 1 8 24 12 10 7 4 21 52 10 6 4 2 2 3 3 4 3 12 18 16 20 17 15 15 16 21 18 28 7 11 9 16 14 28 64 31 47 61 75 49 54 55 34 25 19
0 0 0 0 0 0 0 0 0 0 0 0 0 0 0 0 0 0 0 0 0 0 0 0 0 0 0 0 0 0 0 0 0 2 1 2 1 8 4 5 12 13 24 24 10 11 17 12 15 17 11 15 21 16 10 6 11 20 8 10 8 10 7 3 2 1 1 11 10 7 17 11 38 13 11 31 21 18 20 14 11 7 9 22 5 46 36 67 66 80 84 85 68 48 31 27
0 0 0 0 0 0 0 0 0 0 0 0 0 0 0 0 0 0 0 0 0 0 0 0 0 0 0 0 0 0 0 0 1 1 1 1 1 3 3 8 13 7 19 13 8 12 16 10 8 13 15 6 9 11 10 10 21 7 10 12 17 8 3 2 2 2 2 1 3 6 4 12 5 4 32 21 14 20 48 24 26 13 7 16 32 48 42 34 72 68 58 59 74 37 32 26
0 0 0 0 0 0 0 0 0 0 0 0 0 0 0 0 0 0 0 0 0 0 0 1 1 1 1 2 1 0 0 0 0 0 0 0 1 2 2 5 11 4 2 4 4 7 14 2 6 9 7 9 9 15 11 8 9 5 9 9 13 3 3 2 3 4 11 17 13 7 11 7 8 6 5 5 33 43 10 20 21 14 14 11 16 20 36 52 60 68 16 39 55 57 30 25
0 0 0 0 0 0 0 0 0 0 0 0 0 0 0 0 0 0 0 0 0 0 0 0 4 3 3 3 1 5 2 2 1 0 0 0 0 2 1 3 2 1 5 3 7 10 14 3 6 12 4 3 6 14 10 3 7 4 7 10 4 1 0 2 6 2 1 6 18 5 10 9 6 8 14 8 10 15 12 11 7 11 24 21 14 16 14 10 28 26 15 42 23 55 45 33
0 0 0 0 0 0 0 0 0 0 0 0 0 0 0 0 0 0 0 0 1 0 0 1 2 7 8 4 2 3 3 4 1 3 1 1 0 0 0 0 0 1 2 2 3 4 6 2 2 5 2 5 1 9 14 2 5 2 17 4 2 2 3 5 5 1 1 1 29 7 9 6 7 6 7 19 20 39 39 33 45 30 16 11 31 38 33 30 13 9 20 37 41 17 35 29
0 0 0 0 0 0 0 0 0 0 0 0 0 0 0 0 1 0 0 0 0 0 2 4 17 1 12 13 3 5 5 5 3 7 2 4 3 1 0 0 0 1 1 0 2 5 1 2 2 2 2 7 4 12 0 5 10 4 6 1 1 4 7 4 2 2 1 1 8 53 42 17 8 26 26 32 63 56 14 24 51 39 48 44 40 42 40 39 30 14 7 31 30 14 9 4
0 0 0 0 0 0 0 0 0 0 0 0 0 0 0 0 0 1 0 0 1 0 0 3 9 3 1 26 18 3 1 10 4 9 9 15 5 3 2 0 1 1 2 0 0 1 1 1 1 2 17 22 31 19 25 4 1 5 1 1 1 4 2 1 1 1 12 9 3 3 16 18 63 85 60 38 20 16 63 28 6 32 49 42 34 38 44 42 35 14 10 11 7 4 6 20
0 0 0 0 0 0 0 0 0 0 0 0 0 0 0 1 1 1 1 0 0 0 0 4 1 6 7 18 42 12 1 1 1 2 3 7 4 7 11 3 2 1 4 6 6 6 7 2 5 27 44 26 5 8 22 37 10 1 2 2 1 4 2 1 2 3 3 3 8 4 5 6 5 7 6 56 20 21 12 28 45 15 21 53 39 42 44 36 36 35 18 5 11 25 13 20
0 0 0 0 0 0 0 0 0 0 0 0 0 0 0 0 1 2 7 3 0 6 1 1 0 2 1 1 8 8 20 3 1 1 5 1 3 16 4 2 10 1 3 9 22 12 8 19 21 29 54 54 16 41 29 46 16 25 12 10 4 7 1 1 1 3 1 4 4 2 3 1 5 5 5 14 11 18 14 17 29 54 28 32 41 43 26 26 17 10 22 29 33 7 6 7
0 0 0 0 0 0 0 0 0 0 0 0 0 0 0 0 0 3 1 2 2 2 1 2 1 5 2 1 1 12 42 11 2 1 1 6 3 5 22 3 19 1 4 25 25 20 23 41 42 74 69 62 48 80 70 61 43 44 38 5 7 5 1 1 1 2 6 18 9 8 4 13 17 14 9 5 8 20 27 21 13 14 43 42 37 21 26 12 12 34 36 27 35 33 19 10
0 0 0 0 0 0 0 0 0 0 0 0 0 0 0 0 1 1 1 2 2 5 1 2 1 3 4 1 1 4 23 27 11 5 1 3 0 2 18 3 18 2 6 23 28 33 60 65 68 81 73 30 63 54 53 46 39 56 5 3 14 5 2 2 2 2 4 9 11 6 36 10 4 7 9 16 46 47 47 37 29 22 23 31 20 11 26 24 26 32 49 41 22 15 20 17
0 0 0 0 0 0 0 0 0 0 0 0 0 0 0 0 1 0 0 1 1 2 1 2 6 2 8 5 4 1 15 40 3 3 3 3 1 10 39 23 32 24 9 18 39 60 81 76 51 82 54 11 33 7 19 53 65 49 14 35 29 22 5 1 1 2 3 4 4 21 6 12 17 6 9 31 25 17 39 48 51 27 13 13 9 15 30 48 44 44 42 47 22 24 22 35
0 0 0 0 0 0 0 0 0 0 0 0 2 1 0 0 1 1 2 2 0 0 2 8 13 16 7 12 7 3 19 43 4 3 10 10 2 8 5 25 43 67 29 32 53 61 86 81 38 59 13 18 9 4 1 3 55 67 63 52 22 36 3 2 13 20 3 1 3 4 8 22 7 29 33 8 23 45 33 51 40 45 45 19 30 32 46 46 55 37 55 51 38 42 36 48
0 1 0 0 0 0 0 0 0 0 0 0 1 4 1 1 1 2 3 4 7 3 4 8 9 16 13 27 16 17 8 26 8 8 8 4 4 14 6 13 21 52 44 56 58 61 85 92 82 60 26 11 3 3 1 2 3 3 71 51 51 8 3 14 7 9 9 2 2 2 12 10 30 20 15 10 13 7 26 33 52 59 40 27 32 50 43 39 59 30 74 36 40 41 32 36
0 2 1 0 0 0 0 0 0 0 0 0 0 1 4 4 1 2 6 6 8 5 10 26 30 36 37 29 30 35 4 19 31 15 10 7 5 8 3 2 6 49 10 21 20 27 78 83 77 37 23 24 15 13 5 8 2 9 5 5 7 5 12 15 16 6 4 2 3 4 5 10 9 12 6 4 7 19 25 42 47 53 35 34 28 39 47 22 49 42 76 48 46 25 37 49
0 0 2 0 0 0 0 0 0 0 0 0 1 0 3 1 9 2 2 3 5 4 2 3 6 15 20 10 30 35 16 50 67 40 13 27 10 11 10 3 29 45 34 20 26 31 13 40 57 14 25 31 23 17 26 13 6 20 10 17 8 3 11 14 10 6 5 2 6 2 1 2 15 16 13 11 17 26 27 35 33 45 35 34 33 29 39 33 64 67 22 42 50 47 51 35
0 0 0 0 0 0 0 0 0 0 0 0 1 0 0 2 2 14 4 5 2 9 8 11 21 26 24 13 5 7 8 57 49 28 45 53 63 45 8 7 32 33 75 48 44 39 36 12 7 15 39 35 25 19 11 21 22 14 12 9 11 10 21 15 9 6 3 4 7 1 1 3 4 8 10 24 19 27 27 31 29 29 23 36 40 25 27 33 53 7 25 41 32 13 8 22
0 0 0 0 0 0 0 0 0 0 0 0 1 1 2 2 1 2 4 6 10 19 17 22 31 54 35 33 22 10 5 4 46 60 57 23 77 51 31 51 61 18 65 42 80 71 33 15 14 8 24 34 26 20 25 11 23 16 15 10 17 21 40 43 15 5 2 1 4 1 1 2 1 2 2 15 14 16 22 22 28 21 26 35 16 41 32 59 25 16 33 35 38 24 22 35
0 0 0 0 1 0 0 0 0 0 0 0 1 1 1 1 1 3 4 5 13 18 45 36 41 35 59 39 15 17 14 12 6 39 49 13 18 14 65 38 31 11 74 36 19 8 26 18 25 17 25 38 44 34 22 11 7 9 2 5 10 8 23 24 2 5 3 1 2 3 6 5 2 5 7 3 13 14 18 19 14 36 12 5 19 52 26 56 18 8 15 20 22 21 33 37
0 0 0 0 0 0 0 0 0 0 0 0 0 0 3 4 3 2 2 3 4 12 50 57 23 21 27 29 38 34 22 30 15 5 5 19 8 15 71 13 12 23 48 18 18 12 30 22 23 18 9 26 31 33 17 10 8 9 3 4 4 3 5 3 4 5 4 2 3 5 6 2 6 7 6 6 15 16 16 14 43 11 11 17 22 35 28 22 24 4 5 17 20 35 39 53
0 0 0 0 0 0 0 0 0 0 0 0 0 0 1 1 5 6 15 19 12 22 17 14 8 3 15 29 36 29 46 47 14 8 2 4 13 46 27 25 5 52 71 29 27 26 25 33 37 9 13 21 17 19 10 12 8 4 4 1 3 1 3 10 11 5 5 5 7 6 6 4 2 10 4 5 10 7 12 27 16 11 15 10 23 9 24 32 44 18 12 16 27 29 22 48
0 0 0 0 1 0 0 0 0 0 0 0 0 1 1 5 5 8 15 12 14 36 17 12 16 16 6 15 25 20 20 13 9 17 15 16 32 22 38 17 22 28 51 54 40 32 13 17 21 7 6 25 33 36 33 17 9 5 10 21 15 6 4 7 3 2 19 14 6 5 3 34 17 8 6 4 4 5 7 18 7 11 12 5 14 12 23 36 21 39 25 34 27 40 37 45
0 0 0 0 2 1 0 0 0 0 0 1 1 10 4 21 9 4 10 23 27 26 37 18 14 17 17 11 24 22 13 11 16 24 28 28 10 13 20 21 21 7 13 29 39 22 4 9 8 9 13 17 14 15 11 9 11 4 31 29 16 15 3 3 6 4 22 73 50 27 15 9 33 45 11 5 5 7 12 8 2 17 5 11 11 22 9 11 13 22 38 30 58 39 19 26
0 0 0 0 0 1 0 0 0 0 0 1 0 1 11 11 17 22 16 24 19 15 32 15 10 10 7 5 4 7 16 15 24 24 14 27 25 22 18 15 5 13 24 8 37 25 19 17 16 7 6 7 7 29 20 17 12 4 7 7 7 5 14 6 13 17 12 52 69 52 7 12 14 7 34 20 5 5 7 5 13 19 6 43 19 16 16 24 19 26 38 51 24 24 24 13
0 0 0 0 0 1 2 0 0 0 0 0 0 1 1 1 1 3 8 19 20 20 31 41 23 16 20 16 8 5 10 3 7 13 13 22 24 17 25 8 5 18 10 14 38 21 21 16 18 10 9 8 9 21 34 4 7 6 12 10 7 25 22 26 34 16 26 19 60 34 34 10 9 10 11 22 15 19 13 20 6 11 12 25 19 25 28 12 17 60 30 16 34 25 30 27
0 0 0 0 0 0 0 0 0 0 0 0 1 1 4 4 2 1 5 15 23 44 52 58 52 20 13 6 3 5 5 2 1 3 7 7 15 18 12 15 14 17 6 28 5 3 8 11 14 13 20 20 10 22 15 13 9 15 20 5 17 19 11 12 72 29 28 15 7 60 62 21 23 9 29 44 41 63 40 33 20 16 8 24 54 34 51 41 39 49 40 22 36 41 47 28
0 0 0 0 0 0 1 0 0 0 0 1 0 1 4 3 3 11 6 31 67 40 20 30 41 22 17 16 6 1 5 7 10 5 2 6 20 19 5 11 25 27 24 22 8 5 10 22 29 31 14 44 31 34 22 12 13 5 6 23 11 7 8 12 11 38 21 20 10 27 48 73 56 13 5 31 22 52 8 5 25 58 4 14 5 26 27 74 65 56 77 45 42 41 43 43
0 0 0 0 0 0 0 1 0 0 0 1 0 0 1 2 12 13 13 7 7 44 48 27 31 22 32 43 24 9 8 17 12 12 13 5 5 13 12 14 15 22 20 19 16 15 33 31 23 25 27 20 27 21 19 27 33 40 15 6 17 9 7 39 11 28 40 20 12 13 46 55 59 35 15 21 5 34 16 8 2 27 15 15 19 56 17 26 11 7 47 25 34 74 45 61
0 0 0 0 0 0 0 0 0 0 0 1 2 0 1 3 6 9 12 13 9 3 34 66 46 42 35 35 40 15 14 21 10 12 23 30 12 5 6 13 20 16 10 43 20 23 24 56 55 36 48 21 28 57 74 68 30 21 13 9 14 45 24 7 39 12 41 30 20 5 44 44 36 52 14 22 6 38 51 13 8 44 10 17 21 5 27 19 7 19 73 35 21 60 78 75
0 0 0 0 0 0 1 0 0 0 0 1 1 1 0 2 4 9 14 24 21 19 8 24 28 28 10 12 35 15 11 11 8 7 11 18 14 10 8 16 12 6 6 6 27 32 27 46 34 20 18 42 22 18 15 9 15 7 14 17 14 32 37 14 17 37 5 50 32 10 34 57 47 49 22 19 9 48 14 14 4 66 25 15 25 21 10 20 17 34 65 78 26 24 70 72
0 0 0 0 0 0 0 0 0 0 0 0 1 0 0 1 2 3 15 34 37 21 13 6 5 3 10 6 2 3 11 1 3 7 13 9 12 19 14 10 22 18 22 18 26 32 28 26 18 19 33 37 36 46 22 34 31 19 11 19 10 18 29 29 21 60 28 43 63 23 19 29 58 33 53 17 12 45 29 51 39 58 80 33 25 27 10 32 20 12 43 82 37 17 17 69
1 0 0 0 0 0 0 0 0 0 0 0 0 0 1 1 4 4 11 20 28 18 10 15 8 9 10 4 1 1 5 4 3 5 5 8 16 16 11 22 36 26 24 20 11 20 23 21 23 48 34 54 39 38 34 43 41 32 23 33 22 34 18 35 15 55 45 22 65 45 8 33 45 33 66 26 42 27 31 26 52 27 79 52 16 27 26 58 21 11 14 58 43 21 39 36
0 0 0 0 0 0 0 0 0 0 0 0 0 0 0 1 2 4 9 14 19 18 17 13 23 17 21 13 3 1 2 1 1 5 6 4 15 16 8 8 28 22 14 10 21 13 20 15 14 42 58 53 59 39 19 31 63 30 45 42 44 53 22 9 14 12 33 20 36 58 28 22 24 66 52 41 61 27 42 70 55 27 52 75 27 31 14 15 15 21 24 64 41 50 33 11
2 1 0 0 0 0 0 0 0 0 0 0 0 1 1 1 7 8 34 34 22 44 28 33 12 14 19 18 12 1 1 1 9 7 19 20 15 25 25 21 23 18 16 12 14 11 11 20 16 14 12 24 14 25 52 49 67 27 83 69 24 62 30 39 40 17 11 8 27 46 24 44 25 48 13 42 80 61 39 57 69 63 54 82 27 25 35 16 20 8 30 47 47 22 14 18
1 1 1 0 0 0 0 0 0 0 0 0 0 1 1 2 1 5 6 3 8 4 6 12 24 33 19 19 28 6 2 16 12 16 8 6 14 13 13 39 30 11 18 28 24 23 30 33 16 35 38 15 37 57 49 63 49 57 51 63 22 48 61 34 51 64 61 40 19 57 59 72 65 40 36 46 68 72 56 58 63 66 49 79 74 45 9 10 13 26 37 50 60 30 15 10
0 0 1 1 1 0 0 0 0 0 0 0 0 1 4 5 4 3 10 8 6 12 10 17 39 18 22 25 28 27 11 59 20 8 14 7 26 27 29 38 57 31 37 38 27 39 23 31 20 27 33 23 11 43 22 34 68 71 52 56 61 74 78 67 25 65 60 65 55 37 49 66 23 41 41 47 66 55 75 76 62 44 43 82 74 40 46 11 16 42 25 55 44 45 37 24
1 0 0 0 0 0 0 0 0 0 1 0 0 1 1 1 1 3 2 18 9 13 16 18 19 19 34 23 26 18 21 59 15 20 18 14 22 21 23 41 52 27 28 39 25 36 12 15 32 18 18 30 11 8 9 10 42 62 68 73 65 57 70 84 52 43 64 63 54 33 15 28 39 30 38 58 67 82 64 46 41 30 81 72 75 37 28 28 18 26 32 55 18 12 15 48
5 1 0 0 1 0 0 0 0 1 0 0 1 0 3 0 0 1 3 9 18 21 6 9 12 21 24 11 32 28 45 25 26 35 16 9 10 22 51 49 24 17 30 48 46 32 13 12 10 32 19 18 26 21 10 6 16 22 17 46 35 33 63 79 73 53 29 14 16 26 20 21 22 26 32 32 67 59 50 34 13 29 82 69 75 64 32 34 10 32 40 65 63 50 26 13
1 2 1 0 1 0 0 0 0 0 0 1 0 1 8 0 1 1 4 12 10 7 2 12 6 3 17 7 32 41 41 41 45 23 11 24 29 27 50 37 19 37 20 23 41 14 12 17 7 25 14 10 21 10 21 13 12 20 22 8 26 32 39 50 53 27 23 37 31 43 26 17 20 25 27 14 42 36 40 23 20 12 43 28 48 73 36 46 14 44 61 51 39 41 42 18
1 0 0 1 1 1 0 0 0 0 0 1 1 1 1 4 2 3 2 3 7 2 10 8 8 4 13 10 27 21 25 25 38 16 28 30 37 21 38 29 21 30 20 23 28 12 14 14 9 40 21 15 28 28 21 16 31 29 42 26 17 23 8 17 7 7 21 36 39 42 38 23 18 10 12 12 22 23 24 21 23 16 18 17 32 42 17 34 12 36 60 55 34 19 77 57
1 1 1 0 0 0 0 0 0 0 0 0 1 1 0 11 5 1 3 2 7 3 4 7 7 9 30 21 28 18 30 40 14 25 25 43 26 23 49 14 22 30 12 23 21 35 10 21 9 28 18 22 22 36 16 22 23 36 27 33 34 41 19 17 18 11 33 26 31 22 13 9 33 17 11 6 9 22 15 12 12 10 12 25 31 27 22 29 15 68 73 72 70 29 10 22
0 1 1 1 1 1 0 0 0 0 1 0 4 5 3 0 4 2 2 4 7 4 6 12 9 8 26 15 10 8 11 16 24 52 29 19 22 7 26 13 21 18 21 19 10 14 14 18 22 23 23 24 19 25 23 37 39 25 34 26 45 25 15 33 10 19 24 39 16 13 21 43 32 27 28 29 8 6 16 12 13 18 11 32 19 14 43 14 29 69 67 61 78 44 49 15
2 1 1 1 0 0 0 0 0 0 0 1 0 2 2 1 1 2 1 2 2 2 3 8 7 17 16 17 7 7 13 40 18 23 36 23 16 16 27 8 16 14 6 7 8 18 4 10 12 3 13 6 16 29 38 41 54 39 19 31 25 31 26 19 55 18 27 30 34 57 46 30 18 18 24 28 27 31 32 33 40 41 17 16 15 29 51 31 48 60 33 53 82 63 65 46
2 2 2 2 1 0 0 0 0 1 1 0 0 2 1 2 3 1 2 1 2 2 2 2 3 2 6 11 10 21 14 27 10 18 32 17 11 15 8 14 11 10 7 21 30 15 7 25 47 22 34 24 42 57 54 24 32 38 34 25 31 31 48 37 44 36 33 33 57 14 10 13 16 8 5 8 28 23 37 43 44 35 30 13 12 29 55 26 29 17 25 58 89 54 70 61
0 0 1 2 3 3 1 0 1 3 3 1 1 0 0 3 1 1 4 6 20 10 13 5 12 3 3 8 13 10 14 8 7 14 28 18 9 7 5 7 18 52 19 11 19 20 29 13 46 59 76 47 61 77 60 35 52 35 16 17 17 22 47 27 30 39 35 44 17 15 19 27 46 29 29 21 10 31 46 60 52 16 11 16 9 31 47 30 27 25 29 79 83 50 55 87
1 0 0 1 2 2 4 3 2 1 2 1 0 0 0 1 2 3 4 4 14 29 21 7 7 14 26 16 18 7 31 12 11 10 12 9 5 6 15 14 28 5 23 52 18 35 39 31 27 73 73 79 35 64 59 59 41 60 41 32 29 34 11 33 42 48 49 18 22 21 36 53 39 47 59 36 21 45 58 59 24 14 10 19 13 29 16 13 26 32 53 85 63 77 55 88
2 2 1 1 3 1 1 3 1 2 1 1 1 0 2 1 3 2 8 10 5 33 24 41 48 58 45 38 26 10 19 12 9 13 19 39 27 44 55 44 47 54 36 65 27 44 66 67 18 17 15 70 69 37 61 36 30 75 55 50 25 27 34 43 45 48 34 39 38 49 42 24 37 36 38 34 56 42 29 28 14 9 9 12 10 18 13 14 17 19 31 72 45 66 26 58
2 4 3 2 2 1 0 1 0 0 0 0 0 0 1 1 0 1 12 32 9 3 28 66 41 60 49 60 59 68 46 62 61 71 33 56 9 51 71 41 60 78 36 67 68 39 68 35 79 48 25 81 64 60 60 57 80 83 41 59 32 22 27 27 27 35 28 20 19 25 26 31 22 36 40 58 60 47 13 5 13 7 5 9 4 9 9 18 18 36 53 68 33 40 37 32
1 2 15 1 7 7 2 3 1 1 1 2 2 2 2 1 1 2 2 17 10 3 3 11 12 8 38 62 53 58 60 56 73 56 43 56 69 58 62 70 38 77 76 41 61 53 73 40 71 84 56 60 61 49 34 78 64 66 51 61 52 21 22 21 44 33 34 42 45 44 50 35 47 40 62 58 35 18 14 5 1 3 3 5 6 4 8 14 14 25 52 52 16 21 25 24
3 2 1 8 7 9 5 7 5 4 1 3 4 3 1 1 3 2 6 2 1 1 6 3 5 12 30 25 35 49 57 66 27 54 32 71 63 62 66 69 57 69 61 62 69 65 70 76 23 68 55 33 76 25 49 77 59 24 64 25 33 59 16 17 31 31 49 46 47 41 39 45 57 78 74 56 36 17 3 4 4 2 1 1 3 2 6 6 10 17 33 26 18 9 26 34
1 3 5 4 4 7 2 2 6 1 4 1 3 3 1 2 2 2 6 10 8 8 5 6 6 8 3 5 6 9 6 6 13 19 7 5 10 10 9 14 15 17 12 21 23 20 23 72 57 48 78 33 61 57 59 63 24 17 29 31 62 57 31 22 39 41 46 34 34 61 75 72 75 70 57 44 25 6 2 2 2 2 1 1 2 1 3 2 4 6 12 14 12 6 11 16
5 6 7 4 2 1 1 1 4 1 3 2 1 2 1 2 2 2 4 2 3 10 9 6 14 9 5 7 11 16 10 9 26 20 17 22 11 14 18 24 23 25 39 24 30 21 33 15 19 22 50 49 55 62 58 32 37 47 41 52 56 33 25 32 37 36 48 61 73 73 78 61 40 34 18 14 3 4 4 4 3 3 1 1 1 1 1 0 1 2 4 5 7 4 3 5
18 23 13 2 1 0 1 1 1 2 1 1 0 2 0 1 1 1 1 7 5 2 4 3 7 5 2 14 8 7 12 13 5 5 5 12 9 9 16 10 14 27 27 17 16 24 18 31 26 26 15 18 14 14 24 30 44 40 38 41 18 20 22 36 40 30 30 27 48 69 71 64 40 26 10 8 15 13 21 15 8 4 1 2 2 3 3 1 1 0 0 1 2 5 5 4
4 4 2 7 2 1 1 0 0 0 1 1 1 2 1 1 2 1 0 1 7 8 7 7 4 5 4 8 12 15 8 3 8 5 6 9 9 13 14 18 14 14 15 9 7 8 9 10 20 30 39 54 34 26 28 26 31 32 31 15 13 23 22 44 34 20 29 28 30 33 25 33 33 14 8 18 23 20 5 3 2 2 3 5 12 11 10 5 4 3 1 1 0 0 1 1
4 3 4 1 0 0 1 0 1 0 0 0 0 0 1 0 0 1 2 2 2 11 9 6 7 3 4 10 16 3 3 6 4 11 12 6 9 9 9 10 11 12 29 18 20 15 16 22 31 26 36 38 31 29 32 25 28 22 22 23 5 24 23 30 48 48 44 52 37 30 15 13 6 13 19 27 44 25 9 6 6 7 9 18 14 13 15 15 13 6 7 4 2 2 1 0
7 3 2 1 1 0 0 0 0 0 1 0 0 0 0 0 1 1 2 0 2 6 9 8 9 2 13 20 7 2 7 4 8 7 11 12 9 15 15 15 5 15 18 20 15 27 30 25 20 17 26 14 43 32 53 40 26 23 16 12 15 19 24 17 62 69 37 54 46 39 24 22 10 22 35 40 20 6 11 15 14 22 14 24 31 25 33 22 21 18 13 13 9 6 2 4
3 1 1 1 0 1 5 7 3 1 4 1 0 0 0 0 0 0 0 1 3 4 2 4 6 11 28 33 11 6 10 8 8 21 10 15 12 16 6 8 20 19 14 19 20 32 27 13 32 16 28 35 35 25 42 24 42 12 21 9 29 45 20 53 78 54 53 32 28 29 17 9 14 25 36 31 12 19 21 26 36 30 37 50 47 40 38 28 40 39 23 33 18 10 8 7
1 2 0 0 3 12 6 3 9 13 1 2 1 0 0 0 0 1 1 2 3 2 3 8 6 23 15 3 4 2 5 11 6 9 29 10 11 15 17 23 14 15 13 12 17 16 27 24 22 26 33 30 35 26 32 25 44 28 14 7 15 38 55 68 60 61 36 34 30 15 13 15 23 10 38 16 28 29 46 46 57 42 49 59 57 42 54 52 50 33 32 35 22 18 24 23
0 0 0 1 1 11 9 10 17 9 4 4 9 2 0 0 0 0 1 1 0 1 2 8 3 2 3 4 9 13 6 4 14 4 13 13 14 30 16 16 8 18 7 6 8 17 18 30 31 22 19 41 13 27 35 32 17 13 24 16 5 23 23 30 43 62 50 60 37 10 27 22 33 27 72 37 33 35 47 48 61 46 52 66 47 46 61 72 61 55 38 36 33 48 42 25
0 0 0 3 0 0 0 0 11 14 13 13 10 2 3 2 0 0 1 0 1 1 2 2 2 5 6 6 9 6 4 3 3 6 5 10 7 8 9 19 33 11 17 14 4 7 12 12 20 26 30 26 25 7 39 7 16 34 17 18 8 9 17 15 12 13 32 19 11 29 59 33 39 33 71 37 46 49 63 69 83 73 83 82 76 66 68 68 83 80 52 45 43 42 70 44
0 0 0 0 0 0 1 1 1 4 2 8 6 3 4 4 3 3 2 1 0 1 0 1 2 5 5 1 1 2 1 2 2 3 4 4 4 6 6 14 21 37 16 6 29 21 26 10 19 13 11 21 8 22 21 26 27 18 22 17 11 30 43 30 22 14 14 26 39 37 49 54 34 49 66 60 65 57 69 83 72 64 82 80 79 77 76 74 79 72 61 51 68 72 73 58
