sesion_6_simulaciones/modelos_agentes/ejemplos_netlogo/scenarios/cgcm2_b2/rob_2047.asc
NCOLS 322 
NROWS 307 
XLLCORNER 451900 
YLLCORNER 4086900 
CELLSIZE 100 
NODATA_value -9999 
[rows 222 to 295 of 307, columns 0 to 95 of 322]
16 22 34 51 44 30 44 33 7 21 24 26 49 21 19 11 11 4 5 7 18 29 32 39 28 26 20 36 53 30 19 46 60 30 56 46 29 29 38 64 35 33 49 63 57 76 53 60 64 83 82 57 42 41 36 18 25 40 24 28 30 18 11 25 13 16 7 9 5 3 2 2 1 0 0 0 0 0 0 0 0 0 0 0 0 0 0 1 1 1 0 0 1 2 5 2
36 41 31 21 26 34 34 45 27 12 14 29 32 16 9 9 11 21 26 26 29 41 26 64 46 43 35 35 34 46 29 42 32 38 65 19 23 32 39 64 62 52 46 68 30 19 33 20 22 65 73 57 53 34 26 26 14 16 26 26 20 27 10 13 20 8 6 6 6 3 1 1 1 0 0 0 0 0 0 0 0 0 0 0 0 0 0 1 2 3 1 1 3 3 1 0
37 55 64 75 55 50 43 46 30 37 45 59 26 19 18 26 23 42 21 23 64 18 35 40 42 31 24 58 43 38 37 43 35 55 37 27 37 47 40 61 57 57 55 85 80 68 57 57 50 26 33 44 29 25 17 16 14 18 18 17 15 15 8 27 26 10 6 3 3 1 1 1 0 0 0 0 0 0 0 0 0 0 0 0 0 1 0 2 5 5 2 3 4 3 1 0
42 57 51 61 63 67 36 26 19 53 56 40 25 18 22 27 9 5 3 40 21 33 62 45 32 45 35 43 36 26 35 34 53 16 17 45 33 58 39 63 57 67 73 55 58 74 60 70 71 47 26 27 17 23 11 11 12 19 11 9 14 6 5 4 6 4 2 2 1 1 1 0 0 0 0 0 0 0 0 0 0 0 0 0 0 1 2 3 10 8 8 7 3 1 1 1
12 24 30 21 33 77 53 10 36 43 57 25 40 34 7 5 3 2 17 50 17 43 58 62 43 41 29 12 33 23 37 61 48 24 37 43 60 70 48 55 75 80 76 49 60 64 66 36 65 78 31 22 9 12 12 15 10 8 8 5 3 2 3 1 1 2 3 1 1 0 0 0 0 0 0 0 0 0 0 0 0 0 0 0 0 2 6 9 14 19 9 3 2 1 1 0
40 26 31 31 35 32 16 20 20 29 48 53 55 14 4 3 18 29 49 65 32 36 52 74 60 30 44 19 25 40 16 38 68 32 23 26 48 50 80 87 58 50 37 71 47 52 71 51 38 16 29 33 28 20 18 16 15 8 6 4 3 1 2 1 1 2 1 0 0 0 0 0 0 0 0 0 0 0 0 0 0 0 1 1 1 2 8 24 15 1 1 0 1 1 0 0
39 31 27 47 34 33 36 33 23 46 42 36 28 12 20 44 50 55 57 71 31 44 48 65 17 16 43 13 33 45 17 16 37 39 25 46 37 27 67 80 69 44 62 43 82 60 37 40 36 30 20 40 36 29 29 19 7 7 3 2 1 0 0 0 1 1 1 0 0 0 0 0 0 0 0 0 0 0 0 0 0 1 1 1 2 4 6 29 8 2 1 1 1 1 0 1
12 23 47 29 26 26 45 43 39 41 36 53 35 39 37 57 49 30 63 60 32 37 33 33 15 49 19 5 33 35 15 24 23 33 62 74 58 42 27 44 53 33 26 20 39 78 58 38 33 30 23 21 21 27 30 23 9 5 1 1 0 0 0 1 1 1 0 0 0 0 0 0 0 0 0 0 0 0 0 0 1 1 2 2 5 9 13 14 4 2 2 3 1 1 0 0
44 35 32 36 43 37 56 38 47 40 27 43 30 55 36 54 53 43 42 65 15 26 25 19 31 8 19 21 20 32 11 24 16 28 28 55 47 68 37 15 37 57 44 48 60 29 36 26 19 19 14 12 22 19 14 12 12 5 4 1 1 1 0 1 1 0 0 0 0 0 0 0 0 0 0 0 0 0 0 1 2 1 3 2 3 17 39 13 5 6 8 3 1 1 0 0
21 43 44 51 31 31 39 68 25 43 28 23 37 41 30 53 51 37 30 42 22 19 18 32 19 15 17 14 13 17 9 16 51 38 27 18 60 36 42 34 16 27 69 75 78 49 22 13 26 26 24 9 13 15 11 9 6 2 2 3 1 1 0 1 0 0 0 0 0 0 0 0 0 0 0 0 0 1 1 2 4 4 4 2 2 10 30 8 4 12 7 2 1 1 0 0
17 19 39 45 34 38 34 52 29 28 28 29 25 40 28 34 60 20 18 25 11 15 4 17 12 14 8 6 13 10 14 23 30 59 38 38 25 30 39 16 28 22 21 35 36 25 20 14 25 15 22 12 9 8 6 12 4 2 1 1 1 0 0 0 0 0 0 0 0 0 0 0 0 0 0 0 1 2 3 6 9 16 7 4 3 6 12 11 12 8 2 1 0 0 1 1
10 9 36 25 24 53 44 30 41 28 43 39 28 45 34 24 31 13 16 15 16 5 4 3 9 10 4 7 13 10 8 15 13 15 12 24 14 17 19 11 24 38 61 35 32 15 16 6 8 8 12 7 7 8 9 4 3 1 0 0 0 1 0 1 0 0 0 0 0 0 0 0 0 0 0 0 1 4 4 12 25 21 12 14 5 8 32 29 15 5 3 1 1 1 1 0
12 7 6 20 19 35 51 48 58 22 30 44 11 24 14 23 44 8 12 14 15 16 3 5 11 5 2 16 25 34 34 9 25 19 37 38 38 41 31 39 52 55 58 63 59 53 45 19 20 28 17 7 6 4 3 2 1 0 0 1 0 2 2 1 0 0 0 0 0 0 0 0 0 0 1 0 1 4 7 15 16 32 23 27 16 46 25 23 9 9 7 5 3 2 1 1
2 3 12 16 20 23 24 35 18 32 39 23 4 6 5 6 29 5 4 5 2 7 5 7 4 4 3 9 25 17 59 65 56 49 70 52 55 38 40 41 51 60 57 75 44 26 20 5 12 20 25 14 6 3 3 2 2 2 4 2 1 1 1 1 0 0 0 0 0 0 0 0 1 1 1 1 1 3 8 18 38 29 34 32 51 31 29 22 7 7 15 9 5 2 1 2
1 6 2 4 5 16 22 21 17 16 14 20 4 13 3 11 5 2 3 2 2 1 3 2 6 6 19 20 28 16 26 53 81 59 72 88 87 72 72 62 29 66 73 65 76 59 54 27 21 22 16 10 12 3 3 7 6 3 2 1 1 2 1 0 0 0 0 0 0 0 0 0 2 2 2 1 2 1 4 8 38 54 50 21 18 63 25 25 20 22 8 8 5 3 2 2
1 2 1 3 4 13 10 23 26 18 7 2 5 1 4 6 2 33 2 8 31 19 10 4 3 2 4 9 10 18 20 22 27 73 60 82 86 81 81 73 67 36 76 77 78 54 58 33 21 17 8 6 3 3 1 1 1 2 1 1 1 0 0 0 0 0 0 0 0 0 0 1 1 3 3 2 2 4 5 7 29 53 41 14 47 46 31 46 40 19 15 11 8 4 6 4
1 1 4 7 15 4 10 20 18 14 7 3 2 1 2 1 1 0 14 12 15 30 25 8 4 2 7 10 10 21 18 27 32 27 20 55 87 62 79 50 61 57 55 65 63 52 28 14 34 26 15 11 10 7 4 2 1 1 1 1 0 0 0 0 0 0 0 0 0 0 0 1 2 5 12 5 3 5 11 20 40 60 31 29 48 15 7 13 18 6 6 10 5 5 3 1
0 1 2 0 3 4 6 6 7 4 4 2 1 0 1 1 1 1 2 7 6 3 37 23 5 1 7 18 16 25 22 17 30 37 21 26 59 72 68 65 64 53 57 43 48 54 46 20 8 21 16 12 10 9 7 2 1 0 1 0 0 0 0 0 0 0 0 0 0 0 1 1 2 3 8 13 5 6 10 37 48 74 29 35 58 20 18 13 7 4 3 6 5 3 1 0
0 0 0 1 1 1 2 2 6 6 3 1 1 0 1 1 2 3 6 14 4 4 4 24 24 4 12 35 32 32 42 31 37 49 40 30 26 61 46 48 27 34 21 33 30 26 7 26 13 10 12 6 5 6 6 4 3 2 1 2 1 0 0 0 0 0 0 0 0 1 1 2 2 3 4 19 26 12 29 30 67 60 55 72 24 24 25 17 19 17 7 7 4 2 1 0
0 0 0 0 0 1 1 2 1 4 1 1 1 1 1 1 3 7 10 6 3 2 4 39 18 14 15 13 6 16 24 27 39 39 40 44 24 21 23 18 29 18 9 9 13 20 15 17 7 5 8 5 5 3 3 2 2 1 1 1 0 0 0 0 0 0 0 0 1 1 1 2 4 3 6 8 47 11 18 53 70 51 59 64 52 41 26 44 36 7 7 4 2 1 0 0
0 0 0 0 0 0 0 1 1 1 2 1 0 0 2 3 2 6 11 11 6 4 3 8 10 9 11 30 8 36 46 31 28 38 36 48 44 25 16 9 9 14 17 15 22 19 10 5 6 8 5 4 3 3 2 2 1 1 0 0 0 0 0 0 0 0 0 1 1 1 3 1 1 5 24 20 48 28 36 61 71 67 47 54 35 19 19 34 21 13 4 2 1 1 0 0
0 0 0 0 0 0 0 1 0 0 0 1 7 10 20 11 5 2 2 4 8 9 5 18 33 25 23 23 23 27 42 43 44 46 41 52 49 64 43 17 18 11 10 9 9 7 8 4 3 4 3 4 4 3 1 1 1 0 0 0 0 0 0 0 0 0 1 1 1 2 3 3 2 7 20 18 42 64 43 63 66 67 64 58 36 42 26 24 19 11 5 3 1 1 0 0
0 0 0 0 0 0 0 0 0 0 0 1 0 1 3 27 6 2 2 2 9 5 9 12 5 15 32 55 52 52 43 52 54 61 58 50 53 58 65 58 26 16 16 17 16 8 4 5 7 4 7 5 2 1 2 1 1 1 0 0 0 0 0 0 0 1 1 2 4 5 4 5 3 8 39 19 11 54 84 60 66 69 58 47 33 19 5 14 18 9 3 1 1 1 1 1
0 0 0 0 0 0 0 0 0 2 5 3 1 2 3 2 2 1 3 5 5 17 10 10 24 21 9 20 28 59 64 62 70 76 64 49 64 72 73 59 30 26 22 25 24 21 10 16 8 3 1 1 2 2 0 1 1 0 0 0 0 0 0 0 1 1 2 4 8 9 8 11 7 13 35 47 16 47 66 58 55 37 24 13 16 23 9 9 9 4 3 2 2 2 1 1
0 0 0 0 0 0 0 0 0 1 0 0 1 5 3 2 3 5 2 7 15 8 9 17 13 31 17 6 6 48 37 71 85 68 67 66 52 58 67 65 50 55 38 22 29 31 13 13 8 4 3 3 1 2 1 1 1 1 1 0 0 0 0 0 1 1 2 6 6 16 12 21 10 12 32 54 50 36 68 41 28 17 26 17 13 5 4 6 11 8 3 2 3 2 2 0
0 0 0 0 0 0 0 0 0 1 0 0 1 1 1 1 4 11 3 9 5 9 13 14 12 28 27 16 13 10 16 12 54 58 53 50 39 57 49 32 27 18 14 11 16 28 12 9 6 5 3 2 1 0 0 1 1 1 0 0 0 0 0 0 1 2 4 6 6 12 35 21 26 12 16 49 49 73 44 29 34 21 19 17 21 7 10 10 7 3 3 5 5 2 2 0
0 0 0 0 0 0 1 0 0 0 1 7 1 1 0 4 3 8 9 3 3 5 4 9 13 13 25 22 38 41 22 35 38 27 14 26 33 40 25 29 14 13 6 9 10 9 7 10 4 3 3 2 2 2 0 1 1 1 1 0 0 0 0 1 1 2 2 2 3 4 13 39 54 14 10 37 29 65 30 42 24 22 13 19 18 14 12 4 7 6 6 8 3 2 1 0
0 0 0 0 0 0 0 0 0 0 2 6 1 1 3 4 14 6 8 4 3 6 6 13 18 24 48 44 23 18 14 17 38 44 31 25 41 46 39 32 32 24 36 25 13 10 10 10 8 4 1 2 1 1 1 1 1 1 0 0 0 0 0 0 1 2 3 7 5 3 8 14 33 42 24 26 63 50 42 31 16 28 23 15 7 13 16 11 13 14 6 5 2 1 1 1
0 0 0 0 0 0 0 0 0 0 1 0 1 2 3 5 12 3 9 4 6 6 8 12 56 63 57 28 48 58 52 30 50 48 41 37 46 59 46 41 47 34 21 18 15 13 20 19 9 5 5 3 4 4 2 1 1 1 0 0 0 0 0 0 1 3 6 11 13 7 5 7 21 44 57 32 70 50 50 52 43 23 29 33 25 19 27 18 12 14 12 4 3 2 1 1
0 0 0 0 0 0 0 0 0 1 1 2 3 2 6 6 20 9 3 10 7 15 14 25 46 69 70 47 26 36 40 36 24 28 37 29 31 41 36 59 63 36 36 31 39 30 23 22 12 7 8 9 4 3 2 1 1 0 0 0 0 0 0 1 2 6 15 13 8 8 9 14 20 21 16 67 70 51 41 41 29 33 49 39 37 41 33 36 20 14 6 3 2 2 1 1
0 0 0 0 0 0 0 0 2 7 14 3 1 3 6 3 4 4 2 5 11 15 22 55 40 24 51 49 39 55 61 48 25 17 21 21 36 44 54 51 37 36 64 52 53 39 21 11 8 5 2 4 4 2 1 1 1 0 0 0 0 0 0 2 4 8 13 13 15 23 21 18 43 53 42 49 67 57 33 39 39 50 45 26 35 33 29 16 21 6 3 2 4 2 1 1
0 0 0 0 0 0 1 4 13 9 26 21 4 3 9 7 6 1 2 3 3 4 9 35 10 19 37 61 63 68 83 44 61 41 25 15 28 71 55 56 61 15 19 7 9 19 10 14 6 6 4 4 4 3 1 1 1 1 0 0 0 0 1 2 7 16 14 13 11 41 60 21 53 73 76 58 47 47 43 27 36 34 37 50 38 30 17 13 14 10 7 7 4 3 1 0
0 0 0 0 0 0 0 1 1 4 2 1 4 5 6 7 7 4 4 4 5 5 16 25 5 4 6 36 42 31 46 78 53 65 61 56 52 51 44 46 54 49 36 39 35 18 17 21 12 10 7 3 2 2 1 1 1 1 1 0 0 1 3 5 9 13 15 16 13 13 41 68 39 64 74 71 58 39 54 43 56 57 37 26 32 29 17 11 12 19 13 9 3 1 1 0
0 0 0 0 0 0 0 1 3 3 2 5 4 4 7 7 12 4 2 9 12 10 15 39 11 2 13 7 19 30 12 23 60 51 63 63 40 15 14 15 32 34 29 35 43 43 24 9 16 11 6 7 5 2 2 2 1 1 1 0 0 2 5 9 18 24 16 14 37 34 24 23 66 74 60 73 54 54 73 69 26 24 25 30 27 17 25 16 17 7 6 2 1 1 0 0
0 0 0 0 0 0 0 0 1 1 2 3 1 4 4 3 7 1 2 3 3 21 22 42 24 10 12 18 27 21 22 9 8 17 20 18 18 17 16 11 8 14 12 16 33 29 15 25 20 15 10 8 6 4 3 3 2 1 1 0 1 2 4 14 23 25 18 27 30 56 42 41 28 31 51 55 71 66 44 47 40 52 44 48 35 26 33 27 10 4 3 2 1 0 1 1
0 0 0 0 0 0 0 0 1 1 1 2 3 3 3 10 8 2 3 2 7 24 33 33 13 2 13 29 21 35 38 14 41 48 51 43 41 35 34 16 12 13 42 49 43 26 28 21 21 18 14 8 6 5 4 3 2 1 0 0 0 3 10 20 19 36 25 33 36 30 77 58 47 36 22 62 48 69 58 55 58 70 65 51 40 46 28 20 7 4 3 2 1 1 1 1
0 0 0 0 0 0 0 0 0 1 1 2 11 15 14 29 15 4 2 2 15 23 34 27 13 28 7 29 29 41 24 47 44 30 35 38 31 31 15 25 49 58 32 32 21 28 22 19 25 15 17 13 8 5 4 3 2 1 1 0 0 1 5 22 51 41 26 43 35 32 33 51 66 22 16 29 71 81 77 68 64 61 60 62 52 31 27 15 21 7 3 2 1 1 1 4
0 0 0 0 0 0 0 0 0 2 4 2 12 20 24 5 3 2 1 7 13 17 30 39 41 16 22 22 20 20 28 68 33 32 39 41 40 26 37 39 63 53 50 46 44 39 34 28 32 24 20 12 10 6 6 2 1 1 1 0 1 1 6 16 40 36 50 58 46 65 62 65 64 33 35 50 68 64 67 59 59 54 51 53 39 29 26 26 24 15 4 3 2 3 2 7
0 0 0 0 0 0 0 0 0 3 4 6 8 55 8 4 6 4 3 9 11 15 20 10 10 9 39 11 26 21 46 31 44 55 42 43 42 45 53 48 36 53 55 59 54 52 39 46 35 16 11 9 8 8 8 3 2 1 1 0 1 2 6 15 31 30 29 48 70 58 75 65 68 37 59 58 66 67 49 49 53 52 37 29 28 26 22 18 12 13 8 6 2 5 8 9
0 0 0 0 0 0 0 0 1 2 4 5 2 10 3 1 4 5 11 8 11 23 22 10 8 23 13 20 33 56 60 53 48 50 39 43 55 55 59 53 57 70 69 50 44 55 52 47 27 19 15 12 8 6 4 5 4 2 1 0 1 3 8 14 21 33 27 36 62 80 74 70 61 84 68 49 38 43 53 54 48 49 47 39 27 32 16 26 12 8 9 6 3 7 8 7
0 0 0 0 0 0 0 0 2 1 3 2 1 0 0 1 4 5 4 8 13 10 10 26 24 9 12 38 60 22 20 21 43 41 48 56 57 57 55 55 58 68 53 54 64 55 54 49 25 23 16 12 8 4 4 5 2 2 1 1 1 2 13 20 34 31 32 32 34 39 54 58 61 70 19 45 45 44 38 41 39 38 33 47 39 34 27 22 12 11 9 4 5 10 9 16
0 0 0 0 0 0 0 0 1 2 4 2 2 5 4 2 1 2 1 10 17 10 44 43 12 17 24 37 21 24 25 30 38 33 48 55 58 57 48 74 61 50 50 60 29 46 58 53 46 35 10 10 7 9 8 4 3 3 2 1 0 2 5 19 26 34 67 47 52 52 48 32 46 64 49 56 57 43 44 42 48 42 45 44 36 14 12 9 11 19 10 3 7 19 23 23
0 0 0 0 0 0 0 1 1 6 5 1 1 3 4 4 2 1 2 12 10 36 25 12 14 37 21 21 21 26 31 31 23 35 41 61 44 43 63 56 49 68 72 41 57 55 51 51 33 17 12 17 14 12 10 8 6 4 2 1 1 2 7 14 22 46 66 82 52 61 51 34 36 70 77 42 49 57 58 40 37 40 50 38 22 9 21 16 12 7 4 2 11 22 24 25
0 0 0 0 0 0 2 1 4 8 1 1 1 1 0 1 3 1 5 12 10 12 4 11 30 8 7 17 22 26 44 33 25 37 47 51 49 64 69 67 49 43 47 56 52 54 37 37 30 25 21 27 22 9 8 8 8 3 3 1 1 3 5 15 30 40 63 75 70 69 54 56 60 73 48 44 41 42 50 54 39 70 51 26 28 32 22 13 6 3 2 5 15 26 25 30
0 0 0 0 1 0 0 1 4 1 0 1 1 2 2 2 6 4 12 5 4 3 3 12 10 13 17 28 37 32 28 21 26 31 53 39 74 69 69 43 31 31 41 56 62 53 49 44 40 36 29 25 14 9 7 6 5 4 3 3 1 5 9 22 41 47 44 47 69 80 72 36 43 73 43 49 69 66 64 69 63 46 39 38 37 35 13 11 6 4 5 14 21 26 21 32
0 0 0 0 0 0 0 1 1 1 0 1 1 3 3 4 3 5 8 16 13 10 1 10 14 25 27 38 21 14 23 26 34 37 70 37 22 16 17 35 38 56 67 69 67 58 50 48 29 42 23 19 20 9 10 5 5 5 4 3 2 9 16 22 46 50 45 29 49 71 72 50 58 69 45 30 50 74 73 71 68 38 43 43 34 30 13 9 15 6 14 19 11 32 34 37
0 0 0 0 0 0 0 0 2 3 0 1 2 1 2 1 2 14 7 5 7 10 10 8 24 17 20 25 16 20 40 34 25 72 25 18 46 49 51 48 64 70 64 68 69 68 60 50 34 31 28 25 21 19 13 11 9 5 5 2 6 12 28 57 55 52 42 50 56 61 73 46 45 61 73 54 55 56 70 72 58 60 41 44 37 24 13 4 6 14 17 10 19 25 52 39
0 0 0 0 0 0 0 1 1 1 3 2 1 0 1 2 2 3 6 10 6 11 5 9 19 23 17 22 25 25 27 33 41 30 9 31 36 46 56 84 63 60 70 71 70 68 53 42 35 26 28 26 23 14 17 8 12 10 6 6 8 24 22 46 53 50 46 57 61 53 79 72 53 69 68 55 61 62 59 56 61 47 36 33 33 18 8 2 6 22 11 20 28 32 55 37
0 0 0 0 0 0 0 0 0 2 1 0 0 1 1 1 6 2 2 12 28 11 3 6 29 17 29 23 20 18 45 76 46 8 18 45 35 66 72 66 64 74 72 56 59 58 53 49 32 35 31 30 25 22 20 17 14 12 7 8 10 13 21 29 53 70 57 74 75 64 56 57 56 63 74 73 57 53 44 44 46 40 33 35 25 13 5 4 17 21 24 42 50 40 47 37
0 0 0 0 0 0 1 1 1 0 1 1 1 1 0 9 4 4 5 12 10 4 10 15 3 20 20 13 44 31 55 39 10 17 52 23 48 40 54 77 79 62 50 79 71 48 53 53 48 40 36 33 27 26 22 20 16 10 11 12 14 28 21 24 27 54 75 77 74 73 80 79 55 67 55 50 34 42 55 58 42 43 29 32 24 6 4 17 15 25 39 49 45 30 45 46
0 0 0 0 0 0 0 0 0 0 1 1 0 0 0 6 2 1 1 2 2 5 16 5 3 10 7 11 48 44 37 8 13 26 42 69 41 50 68 71 70 59 66 37 51 45 57 67 49 46 41 37 34 29 27 25 13 8 16 27 21 34 34 35 38 52 59 82 65 62 44 68 52 37 37 50 60 48 43 42 39 25 36 24 9 5 12 16 28 26 32 42 59 47 49 46
0 0 0 0 0 0 0 0 0 0 1 0 0 1 2 9 2 2 2 2 13 4 7 1 9 16 10 31 54 26 14 11 15 21 61 63 62 51 56 58 58 65 52 40 47 76 62 56 52 62 48 40 39 33 31 26 14 11 27 31 50 57 43 48 40 51 66 67 77 60 50 41 50 58 50 66 51 52 44 44 31 33 17 9 7 12 23 31 28 45 44 34 35 45 41 35
0 0 0 0 0 0 0 0 0 0 0 1 0 1 5 2 2 1 5 7 5 7 3 7 28 7 9 37 27 19 19 17 35 41 64 50 55 54 48 34 36 57 68 61 68 58 61 62 68 54 49 60 24 35 31 19 10 26 37 39 65 65 49 63 48 36 44 76 76 36 71 48 47 58 60 58 53 54 51 38 30 30 12 15 13 24 29 37 33 36 47 35 35 47 52 43
0 0 0 0 0 0 0 0 0 0 0 0 0 4 0 1 3 2 4 8 3 3 4 6 10 7 10 26 12 9 20 16 42 48 50 52 36 46 42 46 54 59 61 76 59 59 59 74 58 55 66 51 44 40 24 21 12 26 54 54 58 70 56 66 67 48 48 56 81 34 38 72 71 55 54 54 63 51 57 52 33 25 9 9 14 28 38 48 53 51 49 49 37 42 60 51
0 0 0 0 0 0 1 0 0 0 1 0 2 1 1 2 2 1 0 4 2 4 7 8 8 12 14 2 6 14 27 31 43 54 15 13 44 36 47 40 44 55 63 72 72 58 76 53 72 73 51 49 47 43 27 23 14 26 54 63 58 70 51 55 70 45 65 40 67 39 40 69 44 61 59 56 52 51 68 43 37 11 9 15 28 32 42 49 38 29 38 60 31 35 52 69
0 0 0 0 0 0 0 0 0 0 0 1 1 0 1 1 1 1 0 1 1 4 7 6 6 11 5 4 10 8 21 7 28 20 10 27 19 23 31 54 59 62 67 70 62 46 65 72 68 60 60 51 50 45 42 28 27 31 59 75 73 70 62 50 67 65 33 38 78 36 58 55 52 56 51 44 53 32 30 31 13 9 15 31 33 40 50 51 31 35 48 30 20 24 37 67
0 0 0 0 0 0 0 0 0 0 0 1 1 1 1 3 2 0 1 0 0 4 3 2 5 6 4 20 18 16 38 32 34 20 11 11 25 24 29 27 34 60 47 55 65 37 31 32 51 54 62 56 51 49 31 19 35 48 61 66 84 75 54 53 58 63 57 22 58 12 20 34 44 54 56 58 59 57 46 43 17 10 19 32 35 60 64 54 42 39 46 47 39 24 34 53
0 0 1 0 0 0 0 0 0 0 0 1 3 1 2 2 4 1 2 1 6 6 3 6 9 7 7 1 1 8 26 7 11 6 11 20 12 18 18 22 54 49 38 56 34 40 43 55 56 69 57 60 56 38 33 22 36 51 61 67 74 55 56 64 67 41 37 40 53 25 29 27 26 19 36 48 44 48 30 26 12 19 33 35 40 64 57 27 41 54 36 52 28 31 37 58
0 0 0 0 0 0 0 0 0 0 0 2 3 3 2 4 4 1 2 5 6 3 2 7 7 4 1 3 3 10 11 6 4 17 21 18 26 22 25 41 33 45 60 37 42 43 60 57 67 55 55 56 56 38 17 36 43 73 65 67 66 69 55 72 67 48 34 49 38 23 39 53 53 57 60 55 45 22 17 9 15 34 35 39 43 68 67 25 28 51 37 56 33 33 39 72
0 0 0 0 0 1 0 1 0 0 2 1 3 2 0 1 0 0 2 7 5 2 6 2 7 10 1 2 4 17 6 4 7 18 38 17 20 26 38 17 51 45 33 48 43 58 60 71 70 60 69 54 41 41 27 42 47 66 77 59 64 71 52 42 62 62 30 33 41 52 58 41 44 45 36 44 36 22 9 26 23 37 43 57 49 65 69 39 38 41 23 59 35 37 39 54
1 2 1 5 5 3 2 1 2 1 2 1 1 1 2 1 1 1 3 4 3 3 5 1 3 2 1 4 5 12 4 8 41 21 13 11 17 23 24 43 64 51 59 36 48 68 71 58 57 74 63 46 42 42 28 55 69 60 64 73 61 68 72 41 73 69 30 35 44 52 39 40 56 44 45 28 34 30 19 39 41 39 45 58 46 51 58 52 55 38 37 62 34 37 33 48
2 4 6 1 4 14 4 1 0 1 0 0 1 1 1 1 0 5 7 3 1 4 2 2 5 9 1 2 3 9 11 36 10 6 13 17 8 6 30 37 43 28 66 53 59 72 43 55 70 63 50 48 42 41 41 57 67 67 63 73 58 60 66 57 53 58 33 15 31 60 42 51 51 55 45 45 47 42 31 40 42 54 49 56 45 38 52 50 48 45 41 60 37 29 40 45
0 1 2 0 0 2 3 4 0 0 0 0 1 2 1 1 2 2 1 2 1 1 6 1 8 10 3 2 9 15 24 36 12 15 19 3 4 7 15 33 29 42 60 61 60 58 59 57 60 58 49 47 41 43 48 49 63 75 65 56 74 47 56 59 40 24 12 10 8 28 42 59 56 48 42 40 33 15 28 38 41 55 50 56 40 56 67 68 53 47 38 46 53 17 41 49
0 0 0 1 0 0 0 0 0 0 1 0 0 1 1 1 1 3 0 1 0 1 1 2 9 4 1 2 3 7 4 7 14 12 10 13 8 3 40 15 26 20 53 40 65 50 53 41 60 61 43 43 39 39 46 64 63 75 72 66 59 61 44 44 11 11 26 42 31 38 40 46 46 34 31 27 13 25 41 39 42 57 59 40 51 51 62 65 51 48 36 45 52 22 27 57
0 0 1 0 0 0 0 0 0 0 0 0 0 1 0 0 1 0 1 1 1 6 7 4 8 3 1 1 2 3 2 17 15 10 17 12 18 5 29 23 4 23 54 50 58 52 54 64 57 54 49 41 41 63 61 54 66 61 66 42 56 51 27 24 20 16 29 48 38 27 54 55 65 60 48 16 24 27 40 52 59 45 56 42 54 66 64 60 48 47 38 36 53 45 21 37
0 1 0 1 1 0 0 1 0 0 1 0 0 0 0 1 1 4 1 2 9 2 5 6 12 6 1 2 2 7 12 7 10 28 10 17 19 9 59 29 9 34 16 53 48 40 59 37 53 48 42 44 37 61 70 58 59 52 60 63 34 37 34 21 20 13 17 22 27 23 49 55 62 71 35 21 27 40 36 59 59 53 52 56 38 63 65 64 53 54 23 42 43 37 30 23
0 0 0 0 0 0 0 1 0 0 0 0 1 0 1 2 1 2 0 1 2 10 3 8 4 1 0 0 1 6 11 4 6 12 18 30 12 16 40 38 20 37 15 53 39 32 41 32 49 46 53 37 36 52 58 84 41 44 40 28 40 18 19 17 10 13 24 23 30 29 52 55 35 50 25 21 42 44 39 44 58 52 52 48 52 63 62 73 59 42 29 44 49 25 29 20
0 0 0 0 0 0 0 0 0 0 0 0 0 0 1 1 1 1 1 0 0 0 1 1 1 1 1 0 3 2 7 10 14 10 15 19 9 9 14 52 25 33 30 42 14 43 32 46 51 34 48 37 41 36 59 61 61 46 31 12 24 13 9 19 12 14 26 22 39 35 43 46 37 25 27 41 42 41 42 36 43 56 63 55 49 63 69 65 67 35 25 60 37 41 29 15
0 0 0 0 0 0 0 0 0 0 0 0 0 0 1 1 0 1 1 1 1 1 2 2 2 5 3 1 1 1 3 8 12 12 13 12 12 9 5 30 55 47 29 17 16 23 24 42 34 16 41 33 35 32 43 66 50 45 19 7 12 2 3 4 6 8 17 34 41 48 55 37 23 20 45 41 46 60 55 44 35 49 50 58 61 77 46 72 48 32 27 61 39 53 19 16
0 0 0 0 1 0 0 0 0 0 0 0 0 0 1 0 0 1 0 0 0 1 1 5 9 1 1 1 1 1 1 2 3 12 8 4 14 8 8 18 62 49 19 11 16 23 46 19 32 14 24 36 30 50 47 39 34 23 27 8 10 5 7 3 11 24 25 29 37 31 39 36 13 24 36 38 55 49 44 29 37 20 50 58 58 44 65 56 57 42 26 50 34 46 37 13
0 0 0 0 0 0 0 0 0 0 0 0 0 1 1 1 1 0 1 0 2 1 3 2 2 2 4 2 1 1 3 4 2 4 4 4 15 2 1 16 25 41 23 16 11 58 31 17 15 26 39 38 25 41 59 33 53 12 18 17 8 9 8 4 9 10 13 21 41 46 24 18 23 36 33 37 32 36 29 10 27 31 45 45 51 56 60 52 20 41 16 41 58 24 11 20
0 0 0 0 0 0 0 0 0 0 0 0 1 1 1 1 0 0 1 0 0 0 0 1 3 11 2 1 1 1 5 4 5 6 5 6 7 3 5 9 23 24 30 22 18 68 25 27 17 22 33 26 33 56 64 33 44 15 9 10 8 2 2 15 15 16 22 25 48 22 19 21 36 32 30 35 43 47 36 26 31 42 51 58 56 50 47 60 16 32 21 22 54 11 10 15
0 0 0 0 0 0 0 1 0 0 1 1 0 0 0 1 0 0 0 1 0 1 2 3 6 1 1 3 1 1 2 7 7 11 9 13 10 8 7 10 21 32 26 24 17 25 25 37 26 12 14 31 46 44 45 31 23 13 7 9 5 2 4 7 14 25 28 29 29 31 34 33 29 35 46 19 25 46 34 25 36 36 33 58 42 38 20 31 27 24 46 18 36 14 14 16
0 0 0 0 0 0 0 0 0 1 1 1 0 0 0 0 0 0 0 0 0 1 6 3 2 3 6 11 4 5 1 7 7 18 8 18 6 15 13 10 12 9 22 32 7 25 27 39 26 21 27 40 33 27 30 14 14 14 5 4 1 4 4 5 7 16 17 39 51 33 34 29 27 46 33 15 20 45 44 27 28 33 29 27 45 38 10 15 25 44 23 21 14 10 17 26
