sesion_6_simulaciones/modelos_agentes/ejemplos_netlogo/scenarios/cgcm2_b2/rob_2098.asc
NCOLS 322 
NROWS 307 
XLLCORNER 451900 
YLLCORNER 4086900 
CELLSIZE 100 
NODATA_value -9999 
[rows 74 to 147 of 307, columns 0 to 95 of 322]
0 0 0 0 0 0 0 0 0 0 0 0 0 0 0 0 0 0 0 0 0 0 0 0 0 0 0 0 0 0 0 0 0 0 0 0 1 1 1 1 0 1 0 0 0 0 0 0 0 0 0 0 0 0 0 0 0 0 0 0 0 1 1 1 1 0 0 1 1 2 5 3 2 1 8 26 9 11 27 49 38 5 8 11 17 3 2 2 4 2 3 3 2 2 5 3
0 0 0 0 0 0 0 0 0 0 0 0 0 0 0 0 0 0 0 0 0 0 0 0 0 0 0 0 0 0 0 0 0 0 0 1 0 0 2 2 0 1 1 0 0 0 0 0 0 0 0 0 0 0 0 0 0 0 0 0 0 0 1 2 1 1 2 2 1 1 1 4 4 3 5 38 11 5 4 40 31 14 9 6 2 7 7 3 4 4 4 10 7 4 3 21
0 0 0 0 0 0 0 0 0 0 0 0 0 0 0 0 0 0 0 0 0 0 0 0 0 0 0 0 0 0 0 0 0 0 0 0 0 1 1 1 1 2 1 0 0 0 0 0 0 0 0 0 0 0 0 0 1 0 0 0 0 1 1 2 2 2 3 2 4 3 3 1 1 1 5 45 60 12 6 8 22 16 7 2 2 21 22 15 12 3 3 2 13 15 9 13
0 0 0 0 0 0 0 0 0 0 0 0 0 0 0 0 0 0 0 0 0 0 0 0 0 0 0 0 0 0 0 0 0 0 0 0 0 0 0 0 2 0 1 1 1 1 0 0 0 0 0 0 0 0 0 0 0 0 0 0 0 1 1 1 1 2 2 3 4 6 6 7 8 6 3 8 38 20 12 3 26 35 5 2 17 36 4 39 20 9 3 11 17 18 20 9
0 0 0 0 0 0 0 0 0 0 0 0 0 0 0 0 0 0 0 0 0 0 0 0 0 0 0 0 0 0 0 0 0 0 0 0 0 0 0 1 1 1 1 1 1 5 1 1 1 1 1 0 0 0 0 0 0 0 0 0 0 0 0 0 1 1 1 3 4 4 6 11 8 10 5 2 2 8 8 5 10 8 5 5 16 7 5 3 3 15 8 13 10 14 17 24
0 0 0 0 0 0 0 0 0 0 0 0 0 0 0 0 0 0 0 0 0 0 0 0 0 0 0 0 0 0 0 0 0 1 1 1 0 0 1 1 1 3 2 0 1 1 4 5 12 9 4 2 1 1 0 0 0 0 0 0 0 0 0 0 0 0 0 0 1 4 6 6 8 10 7 6 3 7 2 2 8 9 5 9 18 6 15 8 4 11 16 41 51 51 31 38
0 0 0 0 0 0 0 0 0 0 0 0 0 0 0 0 0 0 0 0 0 0 0 0 0 0 0 0 0 0 0 0 0 0 2 3 1 0 0 2 2 1 4 2 1 1 2 7 33 38 43 54 25 4 2 1 1 1 0 0 0 0 0 0 0 0 0 1 1 3 5 5 8 12 11 6 5 2 1 0 3 7 8 10 21 12 5 6 8 11 56 55 52 26 27 57
0 0 0 0 0 0 0 0 0 0 0 0 0 0 0 0 0 0 0 0 0 0 0 0 0 0 0 0 0 0 0 0 0 0 0 1 1 0 0 1 4 15 3 8 5 2 2 1 1 2 6 11 22 32 12 3 1 0 0 0 0 0 0 1 0 0 0 0 0 1 1 7 8 10 14 8 2 0 1 1 2 3 5 12 6 14 17 20 12 11 7 5 21 15 23 41
0 0 0 0 0 0 0 0 0 0 0 0 0 0 0 0 0 0 0 0 0 0 1 0 1 0 0 0 0 0 0 0 0 0 0 0 0 0 0 1 2 2 3 9 5 3 4 3 1 0 0 0 1 7 6 15 4 1 0 3 5 1 1 0 1 1 0 1 0 0 1 4 10 7 5 6 4 2 2 6 2 2 7 22 8 29 24 21 19 25 16 8 8 22 63 77
0 0 0 0 0 0 0 0 0 0 0 0 0 0 0 0 0 0 0 0 0 0 0 0 0 0 0 0 0 0 0 0 0 0 0 0 0 0 1 1 3 7 2 2 1 1 1 1 0 1 1 0 3 1 1 3 6 3 10 7 1 0 0 0 1 0 0 1 1 1 6 5 7 5 5 6 9 12 7 3 5 5 23 30 18 46 36 66 47 40 44 41 11 10 15 17
0 0 0 0 0 0 0 0 0 0 0 0 0 0 0 0 0 0 0 0 0 0 0 0 0 0 0 0 0 0 0 0 0 0 0 0 0 0 1 1 2 4 7 6 0 0 1 1 1 0 0 3 10 4 3 2 1 6 23 3 1 1 0 0 0 0 1 0 2 3 4 4 4 4 5 5 7 7 13 3 5 4 9 6 16 48 23 31 52 66 40 42 46 30 23 19
0 0 0 0 0 0 0 0 0 0 0 0 0 0 0 0 0 0 0 0 0 0 0 0 0 0 0 0 0 0 0 0 0 0 0 0 0 1 1 1 2 3 7 9 4 4 6 4 6 6 4 5 6 4 2 1 3 8 3 3 1 2 1 0 0 0 0 2 2 1 4 3 14 3 3 10 7 7 8 6 5 3 5 12 3 34 25 56 56 74 84 83 61 42 32 31
0 0 0 0 0 0 0 0 0 0 0 0 0 0 0 0 0 0 0 0 0 0 0 0 0 0 0 0 0 0 0 0 0 0 0 0 0 0 0 1 2 1 4 4 2 3 4 3 2 3 4 2 2 2 2 2 5 2 2 3 4 1 0 0 0 0 0 0 0 1 1 3 1 1 11 7 5 8 29 11 13 6 3 10 20 46 35 24 67 62 52 61 69 34 34 34
0 0 0 0 0 0 0 0 0 0 0 0 0 0 0 0 0 0 0 0 0 0 0 0 0 0 0 0 0 0 0 0 0 0 0 0 0 0 0 1 2 1 0 1 1 1 3 0 1 2 1 2 2 3 2 2 2 1 2 2 2 0 1 0 0 0 2 3 2 1 2 2 2 2 1 2 17 27 4 10 11 7 8 6 9 13 30 48 58 66 13 43 55 56 35 33
0 0 0 0 0 0 0 0 0 0 0 0 0 0 0 0 0 0 0 0 0 0 0 0 0 0 0 0 0 1 0 0 0 0 0 0 0 0 0 0 0 0 1 0 1 2 3 1 1 2 1 1 1 2 2 1 1 1 1 2 1 0 0 0 1 0 0 1 3 1 2 2 1 2 4 3 4 6 5 5 3 5 13 13 9 11 11 8 26 23 17 44 22 62 50 44
0 0 0 0 0 0 0 0 0 0 0 0 0 0 0 0 0 0 0 0 0 0 0 0 0 1 1 1 0 0 0 0 0 0 0 0 0 0 0 0 0 0 0 0 0 1 1 0 0 1 0 1 0 1 2 0 1 0 3 1 0 0 0 1 1 0 0 0 7 1 2 1 1 2 2 5 6 17 21 16 25 17 9 6 21 29 26 25 12 10 23 41 44 20 44 39
0 0 0 0 0 0 0 0 0 0 0 0 0 0 0 0 0 0 0 0 0 0 0 1 3 0 2 3 0 1 1 1 0 1 0 0 0 0 0 0 0 0 0 0 0 1 0 0 0 0 0 1 1 2 0 1 2 1 1 0 0 1 1 0 0 0 0 0 2 19 11 4 1 7 7 13 41 39 6 12 38 27 32 29 28 32 33 35 29 15 8 38 34 20 14 6
0 0 0 0 0 0 0 0 0 0 0 0 0 0 0 0 0 0 0 0 0 0 0 0 1 0 0 7 3 0 0 2 1 1 1 2 1 0 0 0 0 0 0 0 0 0 0 0 0 0 3 5 6 6 7 0 0 1 0 0 0 1 0 0 0 0 2 2 1 1 3 5 32 63 30 14 8 6 44 15 3 20 33 29 26 29 38 42 37 18 11 14 9 5 9 28
0 0 0 0 0 0 0 0 0 0 0 0 0 0 0 0 0 0 0 0 0 0 0 1 0 1 1 4 11 2 0 0 0 0 0 1 1 1 2 0 0 0 1 1 1 1 1 0 1 7 10 5 1 1 3 9 2 0 0 0 0 1 0 0 0 0 0 0 2 1 1 2 1 2 2 39 8 9 6 14 30 8 14 39 30 37 43 44 47 48 27 8 15 33 18 30
0 0 0 0 0 0 0 0 0 0 0 0 0 0 0 0 0 0 1 0 0 1 0 0 0 0 0 0 1 1 3 0 0 0 1 0 0 3 1 0 2 0 0 1 4 2 1 4 4 7 19 18 3 9 6 10 3 6 2 2 1 1 0 0 0 0 0 1 1 0 1 0 1 1 1 5 5 8 7 9 18 42 19 24 36 40 30 42 25 16 29 35 39 10 8 13
0 0 0 0 0 0 0 0 0 0 0 0 0 0 0 0 0 0 0 0 0 0 0 0 0 1 0 0 0 2 11 2 0 0 0 1 0 1 4 0 4 0 1 5 4 4 6 11 13 50 30 35 16 49 41 22 13 15 10 1 1 1 0 0 0 0 1 3 2 1 1 3 5 4 3 2 3 9 14 11 7 9 36 34 34 21 38 18 17 40 39 31 37 39 28 16
0 0 0 0 0 0 0 0 0 0 0 0 0 0 0 0 0 0 0 0 0 1 0 0 0 1 1 0 0 1 5 6 2 1 0 0 0 0 3 0 4 0 1 4 5 7 26 30 40 58 42 9 34 24 21 14 10 19 1 0 2 1 0 0 0 0 0 1 2 1 10 2 1 2 3 6 23 27 30 22 17 14 17 27 18 11 26 25 25 30 46 40 22 18 26 23
0 0 0 0 0 0 0 0 0 0 0 0 0 0 0 0 0 0 0 0 0 0 0 0 1 0 1 1 1 0 3 11 0 0 0 0 0 2 12 5 9 4 2 3 11 31 59 46 22 66 26 3 12 2 6 27 29 16 2 8 5 5 1 0 0 0 0 0 1 4 1 2 4 2 3 11 10 7 20 31 36 20 10 12 8 13 30 43 38 36 34 43 21 23 24 36
0 0 0 0 0 0 0 0 0 0 0 0 0 0 0 0 0 0 0 0 0 0 0 1 3 3 1 2 1 1 5 14 1 1 2 1 0 1 1 5 10 26 7 9 30 44 68 60 23 42 4 6 3 1 0 1 39 40 31 17 4 9 0 0 2 3 0 0 0 1 1 4 2 7 10 2 8 23 16 31 26 32 36 14 26 26 38 34 42 26 43 46 32 37 33 46
0 0 0 0 0 0 0 0 0 0 0 0 0 1 0 0 0 0 0 1 1 1 1 2 2 3 3 7 4 5 2 7 1 1 1 1 1 3 1 3 4 16 12 25 39 44 73 84 75 42 11 4 1 1 0 1 1 1 57 16 19 1 0 2 1 1 1 0 0 0 2 2 6 5 4 3 4 2 11 16 33 44 26 16 20 35 28 24 44 21 65 24 30 32 25 30
0 0 0 0 0 0 0 0 0 0 0 0 0 0 0 1 0 0 1 1 1 1 2 7 9 12 13 10 9 14 1 6 9 4 2 1 1 1 1 0 1 15 2 7 8 13 78 82 73 21 11 11 5 4 1 3 1 2 2 1 1 1 2 3 3 1 1 0 0 1 1 2 2 3 2 1 2 6 10 20 27 32 21 19 16 23 30 12 32 27 67 35 34 18 28 38
0 0 0 0 0 0 0 0 0 0 0 0 0 0 0 0 1 0 0 1 1 1 0 1 2 4 6 3 13 16 7 26 39 13 3 7 2 2 2 0 7 13 9 6 11 18 6 29 42 8 14 15 9 6 7 4 2 5 3 3 1 0 2 2 2 1 1 0 1 0 0 0 2 4 3 3 5 8 9 14 15 25 19 18 18 14 20 18 44 50 15 28 35 34 40 26
0 0 0 0 0 0 0 0 0 0 0 0 0 0 0 0 0 3 1 1 0 2 2 3 7 9 8 5 2 3 3 41 27 10 19 21 32 14 2 2 7 11 50 18 21 23 22 6 4 9 24 18 10 6 2 5 5 3 2 2 2 1 4 3 2 1 0 1 1 0 0 0 1 1 2 5 5 7 9 11 12 11 9 17 19 12 13 17 36 3 14 25 20 7 5 15
0 0 0 0 0 0 0 0 0 0 0 0 0 0 0 0 0 0 1 1 2 5 5 8 13 30 15 15 9 4 2 1 36 37 32 8 48 21 9 20 30 5 35 20 78 54 19 8 8 4 14 18 11 6 7 2 5 3 3 2 2 3 10 12 3 1 0 0 1 0 0 0 0 0 0 3 3 4 6 6 10 7 10 15 6 19 15 37 14 8 18 20 23 14 13 22
0 0 0 0 0 0 0 0 0 0 0 0 0 0 0 0 0 1 1 1 4 5 21 17 21 17 38 20 7 8 6 5 2 28 25 5 7 5 37 13 11 3 48 15 9 3 14 9 14 10 16 23 22 12 6 2 1 2 0 1 2 1 5 6 0 1 1 0 0 0 1 1 0 1 1 0 3 3 5 5 4 14 4 2 7 24 11 40 8 4 7 10 12 12 19 23
0 0 0 0 0 0 0 0 0 0 0 0 0 0 0 1 1 0 0 1 1 4 27 36 12 10 13 15 20 18 11 17 7 2 2 8 3 6 45 5 4 9 22 7 8 6 15 10 12 9 4 15 16 13 5 2 1 1 1 1 1 1 1 0 1 1 0 0 0 1 1 0 1 1 1 1 3 3 3 3 15 3 3 6 8 13 12 10 12 2 2 8 11 20 25 37
0 0 0 0 0 0 0 0 0 0 0 0 0 0 0 0 1 1 3 5 4 9 7 7 4 2 7 15 20 16 31 30 6 3 1 2 5 23 12 10 2 30 48 11 11 12 11 16 20 4 6 10 7 7 2 2 2 1 1 0 0 0 0 2 2 1 1 1 1 1 1 0 0 2 1 1 2 1 2 6 4 3 4 3 7 3 8 15 27 9 6 8 13 15 11 31
0 0 0 0 0 0 0 0 0 0 0 0 0 0 0 1 1 2 3 3 4 18 8 5 8 8 3 9 14 11 12 7 4 9 6 7 17 10 20 8 10 13 29 28 18 15 5 8 11 3 3 12 15 15 11 4 2 1 2 5 2 1 1 1 1 0 4 3 1 1 0 8 3 1 1 1 1 1 1 3 1 2 3 1 3 3 8 14 8 19 11 17 13 21 20 28
0 0 0 0 0 0 0 0 0 0 0 0 0 1 1 4 1 1 2 6 9 11 19 9 7 9 9 6 18 14 8 6 8 12 15 14 4 6 9 10 10 3 5 13 19 11 2 4 4 4 6 8 6 5 3 2 2 1 8 8 3 3 0 0 1 1 6 41 16 6 3 1 8 13 2 1 1 1 2 1 0 4 1 2 2 6 2 3 4 7 15 12 34 23 9 16
0 0 0 0 0 0 0 0 0 0 0 0 0 0 1 2 3 5 3 7 7 5 16 7 5 5 4 2 2 4 9 8 13 13 7 14 12 11 9 7 2 6 11 3 19 11 8 7 8 3 3 3 3 12 6 4 3 1 2 1 1 1 3 1 2 4 3 23 51 21 1 2 3 1 8 3 1 1 1 1 2 4 1 11 4 3 4 7 5 9 14 25 10 12 14 6
0 0 0 0 0 0 0 0 0 0 0 0 0 0 0 0 0 0 2 5 7 7 14 22 12 8 10 9 4 3 5 2 3 6 7 12 13 9 14 4 2 9 4 6 20 10 9 7 9 5 4 3 3 9 12 1 2 1 2 2 1 6 5 6 8 4 8 7 43 13 10 2 2 2 2 4 2 3 2 3 1 2 2 5 4 5 7 2 4 24 9 5 15 12 15 14
0 0 0 0 0 0 0 0 0 0 0 0 0 0 1 1 0 0 1 3 6 18 27 37 33 11 7 3 1 3 3 1 1 1 4 4 7 10 6 9 6 8 2 16 2 1 4 5 7 6 13 11 4 9 5 3 2 3 4 1 4 4 2 2 35 8 10 6 2 43 32 4 5 2 7 13 15 28 13 10 4 3 1 5 15 9 22 13 14 17 12 6 13 18 26 13
0 0 0 0 0 0 0 0 0 0 0 0 0 0 1 1 0 2 1 11 37 15 7 14 22 11 8 8 3 0 2 3 5 2 1 3 11 10 2 6 14 15 11 11 3 2 5 11 18 19 7 33 18 18 10 3 3 1 1 5 2 1 1 3 2 12 6 8 4 14 26 42 23 3 1 9 7 21 1 1 6 21 1 3 1 6 7 50 30 24 53 18 15 15 18 19
0 0 0 0 0 0 0 0 0 0 0 0 0 0 0 0 2 2 3 2 2 25 23 12 14 10 17 26 13 5 4 9 6 6 7 3 3 8 7 7 8 12 10 9 8 8 21 16 12 17 17 12 14 9 7 10 11 14 3 1 4 2 1 15 2 9 17 7 5 7 28 26 31 11 4 5 1 9 4 2 0 9 3 3 5 26 4 8 3 2 30 8 12 56 17 31
0 0 0 0 0 0 0 0 0 0 0 0 0 0 0 0 1 1 3 4 3 1 17 43 27 25 19 19 23 7 7 11 5 6 12 17 7 3 3 8 11 8 5 32 11 13 17 44 44 25 37 14 17 41 58 49 12 7 3 2 2 15 6 2 16 4 20 13 8 2 27 22 15 24 4 6 1 12 18 3 2 20 2 4 7 1 9 6 2 7 50 14 8 39 58 51
0 0 0 0 0 0 0 0 0 0 0 0 0 0 0 0 1 1 3 7 7 8 3 12 14 15 4 6 21 7 5 5 4 3 5 9 8 6 5 8 6 3 3 3 17 19 18 39 27 13 11 26 11 9 6 4 6 2 3 3 3 10 13 4 6 16 2 27 15 5 23 37 36 23 7 6 2 19 4 3 1 41 7 4 7 8 3 8 6 19 50 61 10 10 63 53
0 0 0 0 0 0 0 0 0 0 0 0 0 0 0 0 0 0 3 10 14 9 6 3 2 1 5 3 1 1 6 1 1 3 7 5 7 10 8 5 13 10 12 10 14 20 18 15 10 10 19 21 20 24 9 14 11 5 2 4 2 5 10 12 10 36 13 27 44 12 13 16 39 18 27 6 3 19 9 22 16 44 60 12 9 12 4 15 8 5 28 73 18 7 8 57
0 0 0 0 0 0 0 0 0 0 0 0 0 0 0 0 1 1 2 5 11 7 4 7 3 4 4 2 0 1 2 2 2 2 3 4 9 10 7 17 26 16 15 11 5 11 12 11 13 30 19 33 19 20 14 16 12 10 5 10 6 12 6 18 6 36 26 10 48 27 4 21 28 20 45 11 26 11 12 11 28 11 65 29 6 12 12 39 10 5 6 43 24 11 24 23
0 0 0 0 0 0 0 0 0 0 0 0 0 0 0 0 0 1 1 3 6 7 7 6 10 8 10 7 2 1 1 0 0 2 3 2 8 10 5 5 22 13 7 5 12 7 14 9 9 33 42 33 44 22 7 13 38 12 18 16 17 26 9 4 6 6 19 10 21 43 15 13 16 52 36 25 39 12 23 55 35 13 41 58 13 17 7 7 7 11 15 55 23 37 22 6
0 0 0 0 0 0 0 0 0 0 0 0 0 0 0 0 1 1 8 9 7 19 11 16 5 6 10 9 6 1 0 1 4 3 10 10 8 14 15 14 15 10 9 7 9 6 5 12 9 7 6 14 7 11 37 24 41 10 62 42 10 37 11 19 22 8 5 4 17 34 15 35 17 34 7 26 70 40 25 42 59 50 44 70 16 13 28 9 12 4 21 31 34 13 8 10
0 0 0 0 0 0 0 0 0 0 0 0 0 0 0 0 0 1 1 1 2 1 2 5 10 17 9 9 15 3 1 8 6 8 4 3 8 8 9 28 17 6 9 18 14 14 16 19 7 21 22 7 27 41 35 47 29 31 24 39 8 24 32 14 29 44 45 27 12 49 52 68 63 29 24 31 50 56 43 49 57 58 40 71 64 32 5 5 8 17 22 37 46 20 8 6
0 0 0 0 0 0 0 0 0 0 0 0 0 0 1 1 1 0 2 2 1 3 3 6 17 8 10 12 14 15 5 42 10 4 7 3 14 15 17 25 41 19 21 24 14 25 13 17 9 13 18 12 5 29 11 24 53 54 31 36 41 60 62 45 14 53 46 56 51 32 51 61 17 32 30 32 51 43 69 72 61 41 39 77 66 25 35 6 9 37 16 42 30 31 27 15
0 0 0 0 0 0 0 0 0 0 0 0 0 0 0 0 0 1 0 3 2 3 4 5 6 7 14 10 12 8 10 40 7 10 9 7 12 10 12 22 34 15 13 22 11 20 6 6 15 8 7 14 5 4 4 5 27 51 56 60 47 37 57 75 35 31 64 64 55 35 13 28 39 25 29 49 62 79 55 38 39 32 81 70 71 24 18 18 13 20 23 45 10 7 9 37
1 0 0 0 0 0 0 0 0 0 0 0 0 0 0 0 0 0 0 2 3 5 1 2 4 7 9 4 13 11 23 10 12 20 10 5 5 11 29 28 14 8 19 25 24 17 5 5 4 13 7 7 12 10 4 3 9 15 9 35 22 19 53 75 63 46 23 11 13 22 18 20 17 21 23 23 57 46 42 28 10 33 83 68 69 58 23 28 6 25 31 57 56 40 19 8
0 0 0 0 0 0 0 0 0 0 0 0 0 0 1 0 0 0 1 2 2 2 0 3 2 1 5 2 11 15 19 19 26 13 6 13 14 13 28 20 8 19 8 9 17 5 4 6 2 10 5 4 9 4 10 6 6 10 12 4 23 20 26 36 41 18 15 27 21 33 19 12 14 19 22 9 29 28 33 20 17 13 45 32 46 68 28 40 11 35 52 45 31 36 31 12
0 0 0 0 0 0 0 0 0 0 0 0 0 0 0 1 0 0 0 1 1 0 2 2 2 1 3 3 8 7 10 12 23 9 16 15 18 8 17 13 8 12 7 8 9 3 4 4 3 15 8 5 10 12 9 7 14 14 23 13 9 13 5 10 3 3 11 22 24 29 27 16 11 6 8 7 15 16 20 18 21 17 23 16 29 37 14 28 9 30 54 51 28 13 74 59
0 0 0 0 0 0 0 0 0 0 0 0 0 0 0 2 1 0 0 0 1 1 1 1 1 2 7 5 9 7 15 24 7 12 12 22 9 8 22 5 7 10 3 6 5 11 2 6 2 7 5 6 7 14 6 9 9 16 12 17 17 25 10 9 10 6 20 15 20 14 8 6 23 11 7 4 7 17 12 11 12 11 13 25 30 27 20 27 13 67 70 66 65 24 7 17
0 0 0 0 0 0 0 0 0 0 0 0 1 1 0 0 1 0 0 1 1 1 1 2 2 1 6 4 3 3 4 7 11 28 12 6 7 2 7 3 6 5 5 5 2 3 3 4 5 5 5 5 4 7 8 14 16 10 15 11 25 13 7 18 5 11 14 29 10 8 14 32 21 18 20 21 6 5 13 11 11 17 13 34 20 14 43 15 26 66 65 63 78 39 43 13
0 0 0 0 0 0 0 0 0 0 0 0 0 0 0 0 0 0 0 0 0 0 0 1 1 3 3 5 2 2 5 19 8 9 12 6 4 4 7 2 4 3 1 1 1 3 1 2 2 1 3 1 3 8 11 14 22 17 7 13 11 15 13 9 41 9 16 20 24 44 36 20 13 12 18 23 22 25 29 29 41 48 19 22 18 32 54 33 48 60 34 52 83 60 64 44
0 0 0 0 0 0 0 0 0 0 0 0 0 0 0 0 0 0 0 0 0 0 0 0 0 0 1 3 3 6 4 9 3 5 9 4 3 4 2 3 2 2 1 5 8 3 1 6 19 7 11 7 13 24 31 7 11 13 11 9 12 12 25 20 25 21 18 18 44 7 6 8 11 6 4 6 26 21 36 46 51 50 39 17 17 39 64 32 36 17 25 60 90 50 72 61
0 0 0 0 0 0 0 0 0 1 0 0 0 0 0 0 0 0 1 1 4 2 2 1 2 0 0 1 3 2 3 2 1 3 7 3 2 1 1 1 5 19 4 2 4 5 8 4 22 31 60 21 34 55 38 15 28 13 4 5 5 7 21 11 13 21 18 27 9 8 11 17 34 20 22 18 8 31 49 68 63 24 18 25 14 43 59 42 33 29 32 83 85 51 62 89
0 0 0 0 0 0 1 1 0 0 0 0 0 0 0 0 0 0 1 1 3 6 4 1 1 2 5 3 4 1 7 2 2 2 2 2 1 1 3 3 8 1 7 20 5 11 14 11 13 63 62 68 20 46 44 44 22 39 17 11 10 11 3 13 20 26 28 8 11 11 22 38 27 37 51 33 21 52 69 71 36 23 17 35 23 46 26 21 40 42 62 88 69 83 64 91
0 0 0 0 0 0 0 0 0 0 0 0 0 0 0 0 0 0 1 2 1 9 5 9 14 20 15 9 5 2 4 2 1 2 3 11 6 13 21 15 20 26 14 36 10 24 37 45 7 8 9 58 57 26 45 20 17 55 28 26 8 9 12 20 21 24 17 21 22 33 27 15 27 28 34 32 61 57 46 48 26 18 16 24 21 35 24 26 28 28 45 81 60 78 38 70
0 1 0 0 0 0 0 0 0 0 0 0 0 0 0 0 0 0 2 6 2 1 6 31 13 22 20 24 23 32 14 27 27 42 9 25 2 20 41 16 37 56 16 48 43 23 51 18 69 29 14 73 52 50 48 48 70 75 24 34 15 11 10 10 10 16 14 10 9 14 16 21 16 30 37 60 72 63 23 11 26 15 12 20 11 19 21 34 33 57 70 82 52 58 53 48
0 0 3 0 1 1 0 0 0 0 0 0 0 0 0 0 0 0 0 4 2 1 1 3 3 2 12 39 20 22 28 23 52 25 20 26 45 37 44 49 19 62 63 28 44 37 60 24 65 78 51 52 51 45 29 72 49 56 44 45 31 8 9 8 22 15 17 25 28 28 37 24 38 35 63 69 52 34 28 11 3 9 11 16 17 9 19 29 34 46 73 73 30 38 43 43
1 0 0 1 1 2 1 1 1 1 0 0 1 1 0 0 0 0 1 0 0 0 1 1 1 4 10 8 14 22 30 43 10 37 12 55 42 42 48 54 40 57 46 51 63 54 60 67 14 65 44 26 73 19 43 68 48 16 60 16 23 36 7 7 14 15 33 29 31 28 27 36 54 81 79 70 53 32 7 10 10 6 3 3 11 6 17 16 26 37 57 47 36 21 48 60
0 1 1 1 1 1 0 0 1 0 1 0 0 0 0 0 0 0 1 2 2 2 1 2 2 3 1 2 2 3 2 2 5 7 2 2 4 4 4 7 9 10 6 11 12 12 14 62 48 43 75 26 58 57 59 56 20 11 19 22 48 42 17 10 25 24 31 21 23 53 68 74 77 76 72 65 43 14 5 6 5 5 4 2 7 4 9 7 11 17 30 32 28 15 27 35
1 1 1 1 0 0 0 0 1 0 0 0 0 0 0 0 0 0 1 0 0 2 2 1 4 2 1 2 3 5 3 3 9 6 5 8 4 5 8 12 10 13 23 12 15 10 19 7 12 15 49 48 58 65 57 29 29 35 28 41 42 20 16 21 20 22 32 50 64 65 74 60 44 46 30 28 7 10 10 10 9 7 4 4 3 2 2 2 4 5 12 14 20 11 10 14
3 5 2 0 0 0 0 0 0 0 0 0 0 0 0 0 0 0 0 1 1 0 1 1 1 1 1 3 2 2 3 3 1 1 1 4 3 3 6 4 6 12 12 8 8 12 9 18 16 17 11 15 17 20 29 28 36 30 25 42 11 13 13 21 25 18 19 18 38 67 72 67 47 38 18 17 26 22 36 32 21 11 3 6 8 8 9 5 4 2 1 3 7 17 15 11
1 1 0 1 0 0 0 0 0 0 0 0 0 0 0 0 0 0 0 0 1 1 1 1 1 1 1 2 3 3 2 1 2 1 2 3 3 5 5 7 6 6 6 4 3 4 4 5 11 19 29 47 37 31 28 23 27 24 25 9 7 13 12 28 20 12 19 19 23 32 28 41 48 24 16 27 35 32 12 9 5 6 7 14 27 25 24 13 13 9 4 4 2 2 4 4
1 0 1 0 0 0 0 0 0 0 0 0 0 0 0 0 0 0 0 0 0 2 2 1 1 1 1 2 3 1 1 2 1 3 4 2 4 3 3 4 4 5 21 9 9 7 7 12 18 16 30 32 24 24 24 17 22 15 13 14 3 14 13 18 32 35 31 42 32 28 17 17 10 19 26 37 56 38 19 11 12 18 19 33 27 26 28 30 32 16 21 11 7 6 3 2
1 1 0 0 0 0 0 0 0 0 0 0 0 0 0 0 0 0 0 0 0 1 2 1 2 0 3 5 1 0 2 1 2 2 5 6 3 6 7 7 2 6 8 10 8 20 20 16 11 10 18 9 32 22 44 29 16 16 10 8 9 11 14 10 50 60 27 46 41 36 26 28 15 27 41 50 28 11 19 24 22 33 23 36 44 39 46 34 35 34 28 29 24 18 8 14
0 0 0 0 0 0 1 1 0 0 1 0 0 0 0 0 0 0 0 0 0 1 0 1 1 2 10 9 3 1 3 2 3 7 3 5 4 7 2 3 9 7 5 8 9 17 15 7 22 10 17 24 23 13 26 14 26 7 13 5 20 30 12 39 70 43 43 25 25 30 22 12 18 30 38 35 17 26 26 33 40 36 42 56 54 48 47 37 51 53 37 54 35 23 21 20
0 0 0 0 0 2 1 0 2 3 0 0 0 0 0 0 0 0 0 0 0 0 0 1 1 7 4 1 1 1 1 3 1 2 8 3 3 5 6 8 5 5 4 4 7 8 14 14 13 15 19 17 22 14 17 13 31 16 7 4 9 28 47 60 54 53 31 30 31 16 14 17 25 12 39 17 30 30 45 46 54 41 49 57 60 45 58 55 55 41 45 49 38 33 43 46
0 0 0 0 0 3 1 2 3 1 1 1 2 0 0 0 0 0 0 0 0 0 0 1 0 0 1 1 2 2 1 1 3 1 2 3 3 9 4 5 2 5 2 2 3 9 9 15 18 11 9 23 6 15 19 17 10 7 17 10 3 15 15 23 35 59 48 64 42 13 28 21 34 26 70 34 26 30 38 42 54 38 45 61 41 42 56 71 61 58 43 47 44 57 55 42
0 0 0 1 0 0 0 0 2 2 3 2 1 0 0 0 0 0 0 0 0 0 0 0 0 1 1 1 1 1 1 0 1 1 1 2 1 1 2 4 9 3 5 5 2 3 5 5 9 12 14 12 14 3 24 3 8 21 10 11 5 5 12 11 10 12 34 25 14 32 58 28 35 26 63 30 33 36 49 59 74 60 76 75 69 65 65 66 80 79 52 47 46 48 75 55
0 0 0 0 0 0 0 0 0 1 0 1 1 0 1 1 1 0 0 0 0 0 0 0 0 1 1 0 0 0 0 0 0 0 1 1 1 1 1 3 5 11 5 2 10 8 10 4 8 5 5 10 3 11 11 18 19 12 13 9 7 20 31 23 18 13 14 31 37 31 43 45 23 35 56 45 55 48 63 79 67 54 82 80 79 77 76 75 78 73 58 54 70 73 74 59
0 0 0 0 0 0 2 0 0 0 2 4 1 3 1 2 4 2 2 0 0 0 0 0 0 0 0 0 0 0 0 0 0 0 0 1 0 0 1 2 2 3 6 9 1 7 7 8 9 5 5 14 19 8 4 4 7 17 16 16 12 31 24 19 10 23 29 27 50 45 36 62 38 55 52 68 74 69 77 70 37 65 78 60 41 47 66 41 71 80 67 67 63 65 65 82
0 1 3 1 2 0 0 0 1 1 4 4 3 17 4 5 10 5 1 1 0 0 0 0 0 0 0 0 0 0 0 0 0 0 0 0 0 0 1 0 1 2 3 10 7 4 8 5 7 7 6 6 5 28 46 16 14 12 12 15 24 23 30 15 26 28 41 20 43 51 30 49 57 54 70 46 60 60 75 65 21 35 48 64 34 10 16 33 77 74 75 80 46 53 39 76
