sesion_6_simulaciones/modelos_agentes/ejemplos_netlogo/scenarios/cgcm2_b2/rob_2050.asc
NCOLS 322 
NROWS 307 
XLLCORNER 451900 
YLLCORNER 4086900 
CELLSIZE 100 
NODATA_value -9999 
[rows 222 to 295 of 307, columns 192 to 287 of 322]
1 1 0 0 1 1 0 0 0 0 0 0 0 0 0 0 0 0 0 0 0 1 2 1 1 1 1 1 2 2 1 1 5 6 6 6 11 26 27 35 41 37 42 61 43 55 57 40 50 63 60 54 25 24 32 34 33 56 67 66 48 38 45 25 52 76 61 49 68 72 27 11 3 1 0 0 0 0 0 0 0 0 0 0 0 0 0 0 0 0 1 1 1 1 1 1
3 3 2 1 1 0 0 0 0 0 0 0 0 0 0 0 0 0 0 0 0 1 2 4 1 2 2 2 3 4 2 3 6 9 10 7 14 11 19 25 35 31 40 60 51 38 54 39 51 46 46 33 36 29 18 23 31 45 37 36 28 39 43 24 26 54 41 30 51 60 25 7 3 1 0 0 0 0 0 0 0 0 0 0 0 0 0 0 0 0 0 1 1 1 1 2
4 3 2 1 1 0 0 0 0 0 0 0 0 0 0 0 0 0 0 0 0 2 3 6 4 3 3 5 5 11 11 7 8 9 12 8 15 7 19 22 19 29 37 57 66 36 49 49 28 26 34 35 49 20 10 31 31 50 26 45 43 44 43 34 10 10 2 1 4 30 35 8 1 0 0 0 0 0 0 0 0 0 0 0 0 0 0 0 0 0 0 1 1 1 2 4
2 1 1 1 0 0 0 0 0 0 0 0 0 0 0 0 0 0 0 0 0 1 2 5 8 9 7 8 7 15 38 23 14 14 7 9 12 12 29 18 17 19 32 38 58 52 25 35 15 16 16 13 27 30 7 24 29 25 36 54 58 47 51 37 11 12 7 9 2 3 12 4 1 1 0 0 0 0 0 0 0 0 0 0 0 0 0 0 0 0 0 1 1 1 2 3
2 1 1 0 0 0 0 0 0 0 0 0 0 0 0 0 0 0 1 1 1 1 3 4 10 28 14 12 15 10 25 40 17 25 17 21 26 29 19 21 13 19 20 23 28 36 29 49 41 15 44 42 25 19 10 20 58 51 52 54 64 49 42 22 15 13 15 19 7 3 3 1 1 1 1 1 0 0 0 0 0 0 0 0 0 0 0 0 0 0 0 0 1 2 2 3
1 2 1 1 0 0 0 0 0 0 0 0 0 0 0 0 0 0 1 2 2 3 3 5 9 29 42 22 37 19 28 43 28 18 35 39 31 28 27 26 7 13 12 22 32 38 50 59 72 35 34 36 32 15 22 27 42 36 49 55 52 37 30 20 36 25 30 19 7 4 1 1 1 1 1 1 1 0 0 0 0 0 0 0 0 0 0 0 0 0 0 0 1 1 2 4
2 1 1 0 0 0 0 0 0 0 0 0 0 0 0 0 0 0 1 2 4 9 16 10 14 25 59 23 40 23 30 43 15 17 36 38 43 40 32 30 19 20 18 15 34 40 41 59 57 58 50 42 35 23 49 58 55 51 60 71 51 29 31 42 66 52 23 11 7 3 2 2 3 2 3 1 1 1 0 0 0 0 0 0 0 0 0 0 0 0 1 1 1 1 1 4
2 1 0 0 0 0 0 0 0 0 0 0 0 0 0 0 0 0 1 1 2 7 20 36 33 30 53 53 61 33 53 26 16 15 26 44 49 48 28 29 31 33 21 20 25 43 43 46 42 42 61 57 39 36 42 39 56 37 43 20 33 56 55 76 63 36 22 11 12 10 6 4 4 5 2 1 1 0 0 0 0 0 1 0 0 0 0 0 0 0 0 1 2 1 2 3
1 1 0 0 0 0 0 0 0 0 0 0 0 0 0 0 1 0 0 1 4 7 17 22 40 44 62 68 61 32 47 20 17 41 29 43 51 38 34 42 39 46 22 24 42 45 56 48 60 37 41 40 36 13 22 15 76 47 28 41 51 50 52 38 22 15 15 14 9 10 14 12 7 2 0 0 0 0 0 0 0 0 1 0 0 0 1 2 0 0 0 1 1 1 2 4
0 0 0 0 0 0 0 0 0 0 0 0 0 0 0 1 0 0 1 3 3 7 18 31 33 43 54 56 60 55 63 32 24 36 48 38 50 44 39 39 42 31 36 24 25 30 47 56 54 45 28 31 27 26 40 36 12 76 81 56 35 18 33 26 31 22 13 8 4 14 32 14 4 1 1 0 0 0 0 0 0 0 0 0 1 0 1 1 1 0 0 1 1 2 2 3
0 0 0 0 0 0 0 0 0 0 0 0 0 0 1 1 0 1 2 2 3 13 27 42 32 41 57 54 76 81 52 42 43 56 35 53 53 50 47 46 43 40 53 21 39 33 45 44 35 19 39 30 41 40 46 58 43 33 42 48 27 44 27 25 19 19 16 5 8 17 16 5 3 2 1 0 0 0 0 0 0 0 0 1 1 0 0 0 3 0 0 1 1 2 1 2
0 0 0 0 0 0 0 0 0 0 0 0 0 0 0 0 1 1 3 8 5 7 37 34 55 44 54 64 27 79 58 53 46 62 48 40 48 58 50 48 48 41 66 24 24 62 45 43 40 34 53 33 35 51 58 27 51 50 31 15 25 14 21 23 19 17 9 28 18 6 9 3 2 1 1 0 0 0 0 0 0 0 0 0 1 1 0 1 2 1 1 1 1 3 2 2
0 0 0 0 0 0 0 0 0 0 0 0 0 0 0 0 1 1 3 8 14 23 51 38 58 63 69 65 72 65 84 50 44 56 46 25 33 54 58 64 50 25 45 54 15 30 39 61 40 45 57 46 33 41 33 30 17 19 24 40 32 32 27 38 14 13 19 8 5 7 5 3 2 0 0 0 0 0 0 0 0 0 0 1 1 2 0 1 2 2 5 2 1 1 5 4
0 0 0 0 0 0 0 0 0 0 0 0 0 0 0 0 0 1 3 6 17 15 30 9 26 48 48 25 27 53 77 46 54 81 46 48 54 62 41 16 29 15 46 54 17 42 59 41 18 37 53 53 34 41 28 16 46 48 48 35 19 26 53 57 35 25 36 27 18 10 4 2 1 0 0 0 0 0 1 0 0 0 1 1 1 1 3 1 2 1 0 3 1 1 2 3
0 0 0 0 0 0 0 0 0 0 0 0 0 0 0 0 0 1 2 4 8 7 8 28 27 33 25 34 41 52 68 68 72 74 64 59 57 53 53 29 40 37 42 57 16 29 48 45 28 26 33 46 40 31 14 35 50 23 29 35 36 58 65 63 59 47 22 11 14 7 15 4 1 0 0 0 0 0 0 0 0 0 1 0 1 1 2 3 3 2 2 5 2 0 1 1
0 0 0 0 0 0 0 0 0 0 0 0 0 0 0 0 0 1 1 1 3 16 19 15 27 39 40 33 42 56 56 57 68 72 52 58 55 56 59 27 56 49 39 59 14 20 43 37 52 54 29 29 54 40 28 37 35 29 58 41 66 48 46 65 73 36 22 7 18 4 2 2 0 0 0 0 0 1 1 1 1 1 1 1 1 1 1 4 10 11 2 2 3 1 2 5
0 0 0 0 0 0 0 0 0 0 0 0 0 0 0 0 0 0 0 1 3 6 12 11 11 24 41 32 46 37 50 57 59 74 63 71 55 67 48 50 31 44 26 45 15 13 26 28 35 51 57 33 28 11 32 16 14 43 45 37 45 33 54 53 51 58 19 5 2 2 1 0 0 0 1 1 0 0 1 1 2 1 1 1 1 1 1 1 1 3 9 8 4 3 3 5
0 0 0 0 0 0 0 0 0 0 0 0 0 0 0 0 0 0 0 1 4 7 6 12 18 34 28 26 36 38 25 31 52 49 45 61 40 64 50 45 45 46 75 51 23 25 39 59 34 24 32 32 10 39 13 20 37 65 54 73 70 50 29 32 22 14 13 10 3 1 0 0 0 1 0 1 0 0 1 2 2 3 1 1 1 1 2 1 1 2 5 5 4 18 5 8
0 0 0 0 0 0 0 0 0 0 0 0 0 0 0 0 1 1 1 1 2 1 3 5 8 17 17 17 19 28 43 45 31 29 21 71 52 76 43 56 45 40 78 59 43 29 61 50 52 47 28 59 31 56 41 54 52 24 36 41 43 35 18 24 29 16 15 4 4 1 1 0 0 1 1 1 2 1 1 2 2 4 2 3 2 1 1 2 1 0 1 1 1 6 13 5
0 0 0 0 0 0 0 0 0 0 0 0 0 0 1 0 1 1 1 2 4 6 13 18 25 22 30 49 56 44 44 59 59 47 58 54 76 67 47 54 43 34 29 65 39 19 34 41 54 42 49 58 64 72 89 82 81 70 72 46 42 39 40 44 27 13 8 4 3 1 0 0 0 1 2 1 2 1 2 4 2 6 3 5 2 1 1 3 4 1 2 2 2 1 1 3
0 0 0 0 0 0 0 0 0 0 0 0 0 1 1 0 0 0 2 5 10 10 17 29 46 58 59 48 69 54 48 48 45 32 23 26 48 55 57 49 50 23 28 58 28 23 22 41 28 44 13 10 13 17 37 52 85 85 67 61 43 36 16 33 18 10 6 3 1 0 0 0 1 1 1 1 2 3 2 5 3 1 7 7 4 1 2 4 3 2 2 4 4 8 10 18
0 0 0 0 0 0 0 0 0 0 0 0 0 1 1 1 0 0 1 2 6 14 8 25 25 43 54 43 9 25 44 36 26 27 37 47 52 34 63 29 42 30 13 48 37 40 16 16 14 35 30 22 20 17 17 15 35 63 73 72 77 37 27 15 10 7 6 4 2 0 0 0 2 2 1 2 7 5 6 5 6 2 3 13 6 2 2 3 3 2 4 2 6 9 14 21
0 0 0 0 0 0 0 0 0 0 0 0 0 1 0 1 1 0 1 1 3 6 5 14 14 16 16 13 11 13 25 26 26 38 34 25 39 57 50 12 33 39 14 33 33 13 8 38 35 32 54 36 42 42 40 43 44 55 48 35 45 71 46 29 19 14 11 4 2 0 0 1 2 3 4 3 6 8 6 5 4 4 2 8 12 5 5 2 6 3 6 7 5 11 13 9
0 0 0 0 0 0 0 0 0 0 0 0 0 0 1 0 2 0 0 0 1 1 3 5 8 18 20 27 36 25 36 23 26 44 38 33 32 24 12 16 31 44 70 46 25 27 11 24 31 30 48 60 34 48 62 38 30 26 28 18 17 28 39 34 21 10 8 3 1 0 1 2 2 3 4 5 4 14 8 15 6 11 7 7 27 9 13 4 8 8 8 16 9 10 9 15
0 0 0 0 0 0 0 0 0 0 0 0 0 1 1 1 1 0 0 1 1 1 3 5 9 15 22 23 26 47 42 51 47 66 25 22 27 34 33 32 60 58 27 29 56 31 21 28 24 62 63 27 47 42 32 34 49 41 47 26 20 13 13 13 12 8 3 3 1 1 1 2 3 5 4 4 5 8 12 18 12 8 14 8 29 7 9 11 6 16 10 10 11 8 10 10
0 0 0 0 0 0 0 0 1 1 0 0 0 0 2 6 0 0 0 2 2 3 2 4 6 8 17 13 19 33 39 34 31 33 38 39 35 46 45 32 20 18 13 10 19 36 44 27 59 71 25 14 19 44 43 40 33 39 26 22 21 14 10 6 5 4 3 1 1 1 2 3 3 4 4 5 6 9 15 13 14 12 14 24 32 9 12 14 8 18 12 6 16 6 4 9
0 0 0 1 1 0 1 1 1 1 0 0 0 1 2 2 1 1 0 1 3 4 4 3 3 3 10 15 18 28 24 24 33 33 34 35 35 30 28 28 22 16 13 11 18 11 15 49 22 45 21 19 20 17 29 75 51 52 38 27 17 14 9 6 4 3 2 1 1 1 2 3 2 4 4 8 12 7 10 25 19 24 25 25 34 20 22 8 25 18 5 10 13 5 8 11
0 0 0 1 1 0 0 1 1 2 1 0 1 1 2 4 2 1 1 3 5 8 5 7 8 3 5 9 13 12 20 16 25 30 33 21 20 12 16 21 38 39 42 37 34 48 38 17 10 17 28 48 47 38 42 25 37 38 46 38 25 13 9 7 5 3 2 1 0 2 3 3 5 5 11 10 9 16 10 9 16 17 21 31 14 68 27 9 18 17 4 11 8 20 10 14
1 1 1 2 1 0 0 1 1 2 0 0 1 1 3 3 4 0 2 5 6 14 8 10 11 15 9 8 7 8 11 21 40 35 15 33 17 34 22 24 30 38 27 24 21 32 19 19 34 48 51 41 46 41 48 17 14 13 12 20 16 14 11 8 7 5 3 1 1 3 3 3 6 8 11 4 8 7 15 7 12 10 22 14 32 57 16 12 27 9 6 12 11 16 20 21
1 1 1 2 1 1 1 1 2 5 1 1 1 2 3 5 1 1 3 5 10 17 21 12 29 18 21 21 13 15 10 42 52 38 43 30 26 37 26 22 36 18 29 16 25 28 26 27 26 48 46 33 45 46 41 17 30 34 31 32 26 20 18 17 11 9 5 1 1 4 4 4 11 7 9 18 19 13 7 14 10 17 19 29 25 45 32 29 27 11 11 18 9 10 4 23
0 0 2 2 2 2 1 1 3 3 1 2 3 7 9 3 1 1 3 5 7 22 23 29 18 21 39 30 27 28 29 41 58 55 46 51 51 32 55 34 20 31 13 10 11 22 21 25 27 30 36 38 42 35 44 45 44 49 45 45 43 38 24 14 7 4 4 1 1 5 8 6 12 14 10 12 20 15 17 5 23 7 10 25 31 47 54 62 26 15 21 17 22 23 15 35
1 1 2 3 5 2 1 2 5 4 1 1 4 10 5 1 0 2 3 6 12 17 21 27 31 26 38 34 49 50 53 44 23 33 45 45 46 25 41 40 41 30 19 17 36 26 19 41 17 14 16 26 47 61 43 45 62 56 50 30 43 23 9 11 10 5 2 1 1 4 12 7 12 17 21 16 22 15 20 15 11 27 13 6 7 26 47 60 28 35 26 23 20 36 14 15
1 1 1 2 7 4 2 2 4 6 1 1 4 10 3 1 1 2 5 6 8 12 16 25 42 26 33 34 30 51 59 47 47 39 40 27 34 36 44 35 35 24 21 30 50 36 30 32 11 9 14 43 54 34 62 64 34 38 25 23 16 12 19 17 7 5 4 1 2 2 14 10 10 11 16 24 19 19 10 18 9 32 20 16 9 7 22 37 51 63 34 29 23 27 11 15
1 3 2 2 3 8 3 4 9 2 1 1 3 15 5 1 1 3 6 7 13 25 27 40 42 39 23 29 48 46 29 58 78 66 37 36 27 31 44 34 20 33 35 26 30 18 25 19 40 29 36 43 46 57 63 48 57 35 36 34 24 18 15 9 8 7 3 1 2 4 5 19 12 11 14 17 33 30 20 38 14 13 22 21 16 15 15 29 49 53 36 35 28 31 18 27
1 2 5 5 2 6 2 5 20 2 2 6 8 11 2 2 0 2 8 11 23 17 24 44 49 47 41 17 14 18 28 28 33 16 19 32 49 33 34 50 42 31 24 21 15 11 15 23 45 48 48 49 55 59 72 66 59 47 35 37 29 29 24 11 10 7 3 2 2 9 10 11 25 11 14 16 36 33 23 17 28 14 12 28 31 18 22 23 38 49 57 36 30 21 34 17
2 3 7 11 4 11 3 6 23 7 4 9 12 6 2 1 0 1 3 11 26 30 26 29 42 53 39 19 23 21 27 29 37 31 23 15 28 38 50 49 33 30 15 24 28 16 25 12 4 10 47 40 33 50 46 34 33 54 49 39 38 18 16 13 9 8 7 1 3 10 13 11 13 6 19 21 23 40 53 39 39 23 16 16 31 21 16 29 44 77 70 36 24 20 34 16
2 3 4 14 6 11 6 5 9 12 5 14 10 2 1 1 2 3 6 16 18 23 35 21 31 46 61 27 22 23 37 35 35 36 31 39 29 35 24 13 17 30 20 22 31 21 19 7 25 33 39 55 75 63 44 66 61 73 49 32 35 31 26 21 18 8 6 4 6 12 12 21 28 12 13 36 28 45 36 33 49 19 28 30 50 23 14 20 16 31 57 32 32 16 48 35
2 3 2 7 22 9 16 6 21 8 18 6 2 1 2 3 5 3 17 26 14 23 29 33 15 32 51 65 36 39 25 38 31 20 17 18 25 19 15 15 18 10 8 5 16 10 16 11 32 29 25 48 41 56 64 61 40 57 34 23 25 26 23 19 9 7 5 9 11 14 17 24 5 18 30 36 36 27 42 26 60 24 29 21 28 47 35 38 45 35 42 28 52 21 30 50
7 4 3 4 8 20 21 10 37 14 11 2 1 3 4 7 6 4 6 6 15 18 28 52 47 30 35 18 43 58 24 39 22 20 29 32 36 23 22 19 14 15 30 20 10 5 6 8 25 37 40 44 53 40 50 44 38 30 20 8 20 23 19 14 7 6 6 12 12 15 19 32 9 9 5 9 32 52 65 24 51 44 32 33 21 18 55 31 45 44 37 52 21 23 39 52
5 8 6 4 5 11 34 14 11 4 2 1 2 4 10 15 15 5 7 9 17 23 23 9 14 14 19 35 14 22 44 65 43 44 17 35 14 21 23 6 8 11 9 7 9 28 13 13 24 33 40 27 27 38 37 39 27 41 29 32 38 24 21 11 15 15 8 16 15 18 17 32 10 20 12 17 17 14 36 35 28 54 36 39 24 46 49 16 41 57 56 47 20 26 24 30
6 11 7 10 16 25 26 12 11 3 4 2 5 11 12 16 20 12 15 17 20 24 20 16 15 21 20 14 17 32 19 28 33 57 33 55 16 13 15 17 15 11 14 18 9 8 16 14 25 41 53 27 28 35 48 25 45 61 66 54 43 26 25 21 19 16 17 28 19 19 21 27 14 26 24 19 33 29 35 53 23 56 36 56 23 22 44 12 22 29 55 36 16 29 31 56
8 15 11 16 24 32 22 5 3 1 5 5 10 15 16 22 14 33 27 19 23 25 24 29 34 26 29 18 23 46 21 12 9 12 14 36 46 34 30 51 37 33 20 18 18 11 5 17 42 35 42 17 19 37 37 43 56 71 39 42 48 27 27 22 19 19 23 36 20 22 23 26 24 27 36 21 35 34 34 34 54 77 48 56 40 15 46 28 12 18 35 44 28 34 27 11
10 22 25 21 48 28 5 3 5 7 13 11 9 20 19 29 11 21 49 15 29 22 14 20 30 39 17 27 31 35 57 23 18 10 11 7 10 7 16 40 50 27 30 24 24 17 11 15 33 26 23 20 29 33 54 55 50 44 45 30 45 34 22 8 24 13 14 46 25 26 38 29 41 28 40 34 33 40 34 28 27 18 62 64 52 21 25 25 13 11 22 47 28 40 46 33
12 19 44 36 43 7 7 6 8 14 17 16 25 34 12 21 13 23 28 45 18 35 13 12 18 35 36 37 34 25 15 34 16 20 15 11 11 12 12 15 23 13 11 19 9 5 7 22 22 21 21 18 17 31 50 62 30 55 69 56 25 21 12 7 38 25 25 40 34 26 43 32 59 43 41 45 31 33 48 33 27 18 46 45 51 26 13 52 16 18 28 44 51 49 32 36
9 24 52 60 28 4 9 15 18 18 33 39 20 27 15 15 33 15 28 26 22 27 21 18 22 30 28 46 34 38 42 30 41 24 22 17 12 11 10 16 18 9 8 10 12 9 15 36 20 23 20 16 26 43 61 53 77 54 41 52 31 16 6 14 20 46 29 33 38 28 36 32 54 46 31 46 47 32 35 52 41 14 25 56 63 30 9 31 26 20 33 23 65 52 27 65
12 29 55 30 5 6 19 18 13 40 27 53 16 31 19 15 20 53 17 28 45 28 40 18 19 35 42 35 33 51 32 33 53 16 23 19 14 18 5 16 13 7 18 23 19 16 36 25 30 33 36 40 38 35 42 53 58 45 47 36 31 15 8 24 20 32 29 32 42 30 32 36 35 54 32 33 57 33 36 39 52 20 28 33 51 30 14 25 36 28 19 18 19 45 37 29
14 45 36 18 8 14 24 27 17 30 17 51 20 32 44 17 40 56 13 39 56 20 51 19 18 37 46 48 22 16 51 16 16 36 49 30 8 16 7 14 8 5 7 9 12 15 18 28 39 46 33 26 19 27 27 35 42 47 34 50 34 19 18 27 35 40 21 27 38 42 29 26 18 43 33 33 42 41 35 31 15 15 42 25 50 28 20 12 24 44 11 24 47 45 39 10
16 38 36 25 12 16 35 48 17 23 23 43 19 31 55 25 40 55 24 23 34 38 38 23 19 22 23 35 38 40 18 25 12 11 3 37 33 11 8 9 7 10 15 14 16 17 16 25 33 47 37 42 30 36 29 32 20 34 35 19 19 31 28 30 29 35 41 33 38 43 19 32 20 30 38 32 41 20 16 37 20 20 18 23 53 60 22 12 24 37 8 14 40 48 50 29
40 38 46 18 17 25 30 37 20 30 27 32 38 22 52 23 21 48 27 20 21 19 66 40 19 17 20 20 27 30 50 32 10 24 5 8 34 11 6 9 5 21 23 24 12 18 6 16 33 52 53 31 28 16 17 34 45 62 38 17 10 30 30 30 31 33 51 23 38 46 20 29 31 34 48 6 28 38 19 17 33 17 17 18 27 43 16 12 17 39 12 12 15 42 66 53
72 36 16 17 26 28 31 36 21 57 36 20 44 22 57 23 21 35 31 17 21 36 52 29 16 23 18 36 37 36 30 32 24 30 4 10 12 27 5 6 14 21 11 18 15 20 13 6 21 45 47 54 38 24 34 39 47 59 50 22 11 39 31 21 31 31 42 29 22 46 31 17 20 47 43 19 16 18 41 12 25 46 22 21 61 42 10 28 4 44 28 11 8 7 19 26
17 10 20 17 26 30 46 41 38 47 33 22 70 21 25 53 26 53 37 15 18 29 29 58 27 30 15 31 38 37 26 17 25 47 10 14 9 42 7 7 8 10 8 10 9 19 16 21 23 49 47 35 49 31 25 23 20 43 43 11 18 28 35 19 33 31 28 44 22 48 38 25 28 22 39 19 18 27 24 24 11 7 41 19 28 47 19 42 10 26 59 15 32 21 12 9
39 21 43 33 29 34 56 33 60 44 18 28 52 31 31 55 19 23 59 13 32 28 19 48 16 30 27 22 25 29 38 37 8 23 13 14 9 9 28 8 3 12 12 22 18 10 8 24 41 39 58 48 16 25 25 4 21 27 20 9 22 50 41 18 16 42 20 37 18 26 68 18 35 36 22 25 23 22 38 26 29 15 16 32 11 43 56 46 16 25 76 16 19 14 29 11
68 39 23 39 40 44 39 35 60 35 30 33 26 29 29 38 22 19 52 23 31 23 11 23 35 29 26 17 20 18 24 26 33 10 14 35 11 8 16 24 7 19 13 19 20 17 19 9 37 16 10 8 9 22 22 47 31 16 23 20 15 36 26 20 20 32 45 15 41 14 44 16 29 41 11 17 37 13 21 29 35 21 14 5 11 9 36 63 23 18 46 25 21 16 26 19
84 46 32 33 34 43 20 37 46 17 37 31 31 33 24 44 24 23 40 16 16 38 15 7 4 12 13 7 29 46 23 26 37 6 11 2 21 9 11 56 7 10 10 16 20 14 27 15 66 28 23 14 15 14 40 46 25 8 10 33 16 12 32 20 34 21 53 14 53 12 24 31 20 29 13 36 21 19 14 15 25 31 24 13 12 12 8 14 42 57 43 35 24 14 34 20
66 30 20 40 25 27 25 27 49 16 30 23 26 50 23 49 24 46 24 14 12 29 22 11 11 13 15 15 20 23 43 38 13 10 5 5 5 21 7 50 4 5 6 15 14 10 27 14 10 23 27 28 6 32 45 39 24 16 6 38 23 19 9 36 33 33 47 15 46 22 15 20 36 49 19 14 24 9 20 5 7 24 12 17 10 9 12 6 8 19 55 31 15 19 39 23
76 33 60 32 33 24 25 26 23 18 32 30 16 57 54 17 35 31 35 26 26 13 23 18 23 29 17 26 12 12 17 18 16 11 4 8 5 7 15 28 11 3 7 5 10 10 13 35 9 11 17 17 25 57 49 33 25 22 7 14 32 16 26 20 27 50 30 36 10 34 51 11 43 64 24 5 18 8 11 6 20 16 23 22 6 4 6 10 10 8 20 40 30 10 38 10
69 50 24 25 25 30 38 25 29 16 22 20 30 38 40 14 15 16 18 5 21 15 20 27 35 29 23 30 28 7 9 14 40 24 6 5 23 6 4 16 24 3 10 6 11 22 19 16 9 11 11 17 39 42 40 23 6 20 19 10 30 15 22 25 10 21 17 21 13 18 50 14 32 36 2 7 9 19 15 10 2 23 3 8 15 1 2 4 12 13 20 6 43 14 27 8
17 48 17 28 28 24 31 20 59 19 21 22 22 8 36 20 21 9 30 14 11 21 22 24 26 14 26 37 30 4 9 12 18 24 23 14 9 19 5 4 28 3 7 5 5 29 34 19 14 12 18 36 40 35 40 15 11 22 16 18 34 18 9 9 21 15 13 34 12 18 46 27 50 19 3 11 5 2 7 18 4 10 8 10 21 5 9 6 8 7 8 16 26 27 37 5
29 59 19 21 13 27 32 32 18 32 22 19 25 10 22 14 21 12 57 18 8 13 17 51 14 13 21 32 28 7 10 10 24 15 27 15 7 8 17 5 28 4 6 4 5 16 8 20 6 29 22 38 39 41 21 7 14 23 17 22 41 25 36 14 13 23 11 35 11 15 13 21 38 4 4 2 5 4 10 9 7 3 1 13 14 15 13 10 5 5 4 3 7 36 19 5
29 65 43 6 15 17 44 30 17 39 25 14 9 14 11 21 7 30 12 6 9 17 26 15 33 16 12 14 14 12 7 19 20 18 15 16 13 17 19 7 32 4 7 6 6 7 14 39 23 11 33 50 49 36 5 14 23 30 19 25 15 38 16 39 24 11 9 17 7 16 21 36 19 17 11 11 1 10 16 6 13 4 1 7 9 23 19 7 6 4 5 4 2 11 20 19
12 30 46 6 24 12 29 42 13 35 21 11 3 17 8 30 10 24 17 21 7 9 23 27 23 12 9 12 16 23 3 8 12 27 18 8 12 25 10 20 32 11 6 16 9 7 5 31 44 35 49 52 39 9 15 27 31 27 20 30 33 27 9 24 35 4 9 7 15 6 16 23 14 26 11 10 6 17 13 3 24 28 6 10 3 3 10 10 5 9 2 5 7 25 7 18
17 32 43 13 15 6 12 13 19 19 19 7 2 12 14 56 15 11 15 4 12 21 21 28 15 6 6 6 16 11 8 12 23 14 6 3 11 24 22 8 20 12 9 19 14 11 14 63 46 66 69 53 6 10 14 15 22 25 21 25 40 11 29 20 17 38 58 8 6 3 4 33 7 24 20 15 11 23 18 13 18 47 9 13 5 3 9 13 30 26 11 5 33 10 10 31
14 19 50 24 25 10 9 16 6 27 22 14 7 9 6 21 16 8 14 8 13 17 11 11 12 6 27 5 11 20 9 9 24 25 10 7 20 9 9 16 3 10 3 13 32 55 77 53 49 49 24 4 10 14 22 17 21 21 17 12 15 7 20 14 4 29 9 1 1 7 10 11 29 9 28 16 18 20 34 16 23 31 8 22 8 7 7 7 8 15 18 27 9 26 33 46
17 8 5 49 10 7 3 3 3 17 37 10 10 6 9 25 5 7 21 6 9 12 10 9 4 10 4 4 2 17 7 10 11 13 9 12 12 10 3 8 4 7 4 52 48 50 77 82 50 14 5 10 11 16 18 16 20 23 17 4 1 2 20 28 35 37 4 3 2 18 28 15 16 5 32 12 29 12 22 9 12 27 14 22 12 15 3 3 5 4 4 7 20 8 32 26
18 19 8 54 2 9 14 4 16 2 21 8 8 14 13 34 8 13 20 12 4 9 10 27 4 9 3 21 3 3 7 11 20 14 5 10 31 16 5 6 13 61 68 69 78 41 61 80 56 2 8 13 13 12 3 13 15 14 14 1 1 14 45 46 38 13 7 18 18 10 29 29 6 9 14 16 35 25 41 45 49 30 12 17 24 17 16 1 6 8 10 6 11 19 32 27
15 12 6 56 8 3 5 5 28 2 6 21 8 8 8 28 6 12 24 10 6 7 8 25 4 5 4 9 13 12 6 10 14 11 11 21 14 10 11 26 50 77 83 69 81 79 69 57 2 6 17 12 13 16 4 10 23 25 9 4 3 19 40 29 15 10 17 17 17 16 24 39 49 12 8 14 16 19 23 11 6 16 21 44 36 25 5 3 14 3 16 15 10 23 47 18
13 10 5 20 20 29 8 6 24 6 6 21 1 6 4 6 10 9 17 9 3 1 1 17 3 8 17 10 22 7 6 10 7 21 8 18 11 4 16 36 29 14 57 72 76 63 4 5 11 7 8 7 13 14 8 4 5 56 9 18 9 15 11 32 25 11 25 23 16 43 34 30 4 10 11 24 24 19 15 12 16 17 25 19 25 6 14 7 7 2 7 17 8 16 42 18
10 10 5 7 33 12 8 4 15 4 3 13 6 2 1 2 7 2 17 6 6 1 4 4 8 12 16 9 11 6 15 12 14 7 12 13 11 4 14 29 14 40 23 14 9 4 15 20 14 14 7 7 6 1 5 14 7 21 21 13 10 12 5 15 7 9 11 29 38 46 14 5 10 15 16 19 39 18 34 16 25 26 26 22 29 5 10 7 13 1 18 15 10 11 15 7
9 9 8 3 31 3 5 6 22 8 2 5 18 4 2 4 4 3 12 12 3 3 3 11 18 8 8 13 5 8 8 10 11 16 10 7 15 7 28 30 71 61 20 4 13 14 3 7 9 3 4 1 5 2 7 13 6 38 15 5 9 9 18 13 3 13 18 46 33 1 6 1 5 17 41 40 22 22 10 19 21 19 24 35 10 14 13 13 6 2 20 12 11 14 8 2
5 4 10 22 5 3 7 4 9 4 3 2 12 4 3 3 2 4 4 15 4 2 1 5 14 14 13 9 3 8 4 8 8 17 5 11 18 10 24 19 19 27 5 14 15 8 7 11 20 10 4 1 1 1 11 19 3 18 11 9 9 9 17 5 3 6 25 29 3 1 2 9 5 5 11 35 32 36 7 13 18 22 25 16 19 13 15 13 18 4 9 13 6 4 5 5
20 4 7 30 35 2 5 3 13 3 5 1 7 3 5 0 5 2 6 3 3 2 1 7 7 18 14 3 4 4 2 4 12 3 11 6 7 7 24 13 22 27 7 13 4 14 3 1 6 12 8 1 1 4 1 5 14 7 14 1 2 20 11 3 7 21 27 31 3 0 2 10 7 8 10 21 30 14 7 9 17 23 21 37 12 17 25 9 7 3 11 10 8 4 3 4
10 3 0 3 7 3 3 4 7 3 2 1 1 5 3 0 2 3 6 1 2 1 1 9 8 9 12 1 5 6 2 2 2 7 11 9 12 45 22 66 60 31 5 3 2 12 8 5 3 10 5 6 1 2 5 3 23 17 1 0 0 14 10 8 22 28 27 24 1 5 5 14 32 3 9 20 15 11 6 8 20 12 14 5 10 34 13 13 4 5 4 5 3 1 6 1
4 6 1 6 2 10 4 2 0 2 3 1 1 2 1 1 4 2 18 0 1 3 3 10 4 4 3 1 4 3 4 2 4 3 6 13 26 34 63 41 21 47 12 3 3 7 1 1 1 5 7 6 3 1 5 8 4 27 5 3 5 24 9 3 12 21 13 22 5 7 11 12 16 3 5 10 8 24 10 8 1 2 1 5 4 10 4 5 5 2 2 1 1 1 1 1
4 9 10 5 1 2 1 6 1 2 2 2 2 1 3 2 2 3 3 1 1 1 6 3 5 3 4 1 3 1 2 2 3 5 7 33 49 66 79 42 10 3 10 10 4 1 7 21 4 12 16 2 6 10 7 13 3 10 2 10 3 25 4 9 16 11 14 24 5 6 9 13 9 2 1 2 11 11 33 11 3 2 6 9 2 4 3 4 2 1 0 3 1 1 2 3
