sesion_6_simulaciones/modelos_agentes/ejemplos_netlogo/scenarios/cgcm2_b2/rob_2016.asc
NCOLS 322 
NROWS 307 
XLLCORNER 451900 
YLLCORNER 4086900 
CELLSIZE 100 
NODATA_value -9999 
[rows 0 to 74 of 307, columns 96 to 191 of 322]
61 13 3 3 38 14 15 10 10 12 25 22 26 45 41 14 25 16 15 5 19 16 12 37 14 9 17 17 24 15 5 4 11 18 12 10 11 21 29 13 8 33 68 72 81 68 84 83 87 82 83 87 69 41 58 53 60 26 42 43 48 29 25 14 49 55 54 12 10 39 49 28 24 27 23 15 16 19 11 49 28 15 18 18 19 10 13 15 21 39 22 17 16 6 12 26
5 9 8 5 9 27 13 11 9 18 16 24 52 53 28 22 6 6 4 8 14 3 5 6 15 10 16 9 11 39 18 7 7 11 5 11 15 20 30 35 40 49 43 38 83 84 85 83 92 73 88 80 45 44 77 31 14 21 14 24 9 33 24 13 27 14 18 48 46 40 26 52 63 37 49 53 55 20 23 25 19 15 27 26 28 16 18 26 31 31 39 31 40 22 29 29
1 3 3 18 10 15 13 6 8 13 9 18 25 23 6 5 11 17 19 22 32 4 7 7 12 11 17 8 19 20 30 25 3 12 35 33 35 44 49 51 58 66 50 55 20 11 24 51 91 83 82 81 42 74 73 70 46 21 21 29 23 59 77 75 76 57 47 68 35 45 39 41 50 49 54 68 73 64 40 28 26 24 36 35 36 26 28 45 29 32 43 34 40 47 35 36
1 1 1 2 2 3 3 20 8 4 4 8 11 17 18 19 19 31 35 29 12 3 14 15 3 8 12 14 14 6 15 16 14 24 37 28 55 55 71 79 82 82 68 30 15 19 9 15 48 23 33 35 18 42 67 28 63 9 11 25 39 58 83 82 81 84 78 53 63 56 58 65 49 49 61 55 53 25 21 30 42 40 54 51 46 34 31 44 30 27 48 52 33 44 34 46
2 3 2 1 1 1 2 17 31 7 21 13 8 11 31 21 19 58 25 12 14 9 12 25 22 14 13 14 10 32 37 24 7 23 48 52 61 73 83 86 86 77 65 40 23 12 15 37 25 19 25 31 9 46 23 44 59 39 9 15 59 74 63 79 70 45 76 47 57 74 69 58 49 40 64 47 48 39 41 44 53 48 78 57 41 41 40 55 38 38 53 66 35 57 54 59
6 2 1 2 1 1 2 4 24 44 13 22 7 20 23 12 37 27 30 20 6 7 18 17 21 12 16 17 7 10 15 32 28 12 53 70 74 82 85 76 77 74 69 46 20 26 22 27 33 27 35 52 13 24 29 52 32 33 24 23 59 68 28 16 24 41 44 24 25 47 20 57 78 60 57 40 44 42 41 59 51 58 62 57 64 49 48 66 63 42 59 41 58 48 70 32
1 3 7 4 3 3 6 3 10 34 35 12 9 14 14 39 18 33 45 30 31 15 8 9 17 18 28 22 12 7 13 41 43 30 45 78 83 82 73 73 70 65 34 20 26 54 30 44 42 42 34 32 33 39 54 42 21 37 43 19 13 16 15 22 12 18 50 66 45 47 24 48 37 20 57 65 64 63 44 62 50 42 51 45 65 67 55 69 68 44 70 60 56 45 31 26
1 1 2 2 1 4 4 2 5 21 68 65 59 35 26 13 14 29 22 23 40 60 18 31 45 29 26 10 21 17 18 21 42 65 46 64 71 73 68 63 55 22 27 19 47 39 32 55 46 46 28 30 50 60 46 47 39 59 65 66 48 22 5 5 22 14 39 22 46 27 44 32 16 35 21 51 58 84 66 37 59 67 51 56 79 56 57 59 63 60 50 37 18 25 24 18
1 1 2 3 2 4 3 2 5 4 19 58 72 75 48 61 18 15 15 43 41 18 21 31 27 13 22 21 15 23 37 30 51 72 80 50 31 38 23 19 28 16 12 23 50 40 22 36 41 34 32 23 73 50 44 58 47 58 24 47 69 54 30 4 17 20 13 11 6 17 48 42 20 20 41 23 34 39 49 70 63 84 54 62 45 31 38 77 54 53 44 75 52 35 26 30
1 1 1 1 3 9 4 2 2 6 14 3 5 6 4 4 23 15 20 23 25 17 28 19 41 32 25 20 26 31 34 65 58 48 63 56 48 44 21 16 7 6 9 21 49 30 12 14 24 36 35 25 34 79 70 73 22 37 19 61 51 51 15 19 5 12 9 5 15 30 30 35 40 31 37 54 24 20 60 65 43 67 52 49 31 37 28 38 39 55 30 38 72 67 28 18
2 1 2 4 7 3 7 7 10 2 5 2 13 8 5 7 20 5 34 16 25 18 24 26 43 16 12 20 33 48 64 63 82 69 46 42 36 52 47 23 11 4 3 6 25 9 8 15 28 22 36 21 37 46 77 62 36 27 36 58 30 31 17 6 11 15 17 8 26 36 38 44 27 18 44 59 42 19 18 50 37 23 47 61 37 40 27 31 66 51 44 32 62 79 53 28
2 1 4 4 4 9 7 17 17 13 3 6 13 22 18 15 18 35 39 23 60 37 16 27 25 24 14 17 24 76 74 65 62 54 42 30 28 38 38 22 10 4 4 10 11 6 6 25 15 20 45 22 33 50 32 41 32 34 46 42 19 18 37 26 12 9 27 22 28 56 69 68 19 28 44 54 39 20 21 57 36 9 32 60 32 41 33 26 45 30 21 29 45 56 58 51
1 2 2 5 8 7 7 6 8 14 15 8 3 4 8 24 35 18 45 36 64 64 23 18 15 20 12 24 39 57 76 53 48 39 36 36 37 13 17 30 8 3 4 12 10 4 9 12 17 30 46 35 35 56 38 32 41 39 50 20 17 20 30 26 14 10 9 23 37 24 40 42 30 26 32 53 31 25 10 19 34 8 41 68 31 35 41 24 15 31 25 11 15 30 54 65
1 1 1 1 2 1 1 2 7 10 17 11 11 12 14 7 29 14 58 26 17 16 46 31 27 17 23 54 57 45 49 48 35 15 14 12 9 6 5 7 8 1 1 1 3 3 5 8 29 45 54 46 33 34 21 36 47 41 39 36 14 13 32 36 25 21 11 11 13 9 4 4 16 29 32 43 31 42 26 16 7 10 18 54 56 26 30 30 18 13 25 13 19 40 72 47
1 0 1 1 1 1 0 2 3 4 9 9 13 15 16 11 8 9 47 29 16 42 53 29 33 29 32 27 48 51 27 16 14 16 19 12 11 8 4 1 6 1 3 2 1 1 5 12 16 41 39 34 26 32 20 44 49 45 48 48 9 23 31 34 24 15 7 8 5 3 3 18 46 44 35 42 46 40 22 19 29 10 25 50 59 24 10 12 14 10 7 5 14 29 38 32
15 1 2 1 2 5 3 2 1 1 1 1 1 3 4 7 12 19 8 4 12 18 10 45 35 46 24 26 20 15 17 35 38 34 21 24 36 29 12 2 2 2 1 2 1 1 1 5 12 14 20 16 14 14 24 17 30 33 48 44 8 21 8 33 48 27 10 10 11 2 8 27 42 50 28 19 31 38 46 38 24 20 21 33 61 81 43 26 11 8 7 3 12 46 35 24
0 1 4 3 3 3 8 5 2 2 5 6 3 2 4 12 15 19 11 18 17 6 10 18 55 42 43 51 70 51 38 22 24 34 32 45 54 43 19 2 4 3 1 2 5 6 5 1 4 6 4 4 3 4 7 20 29 41 45 47 13 32 22 28 41 12 9 9 6 5 8 34 30 42 17 13 25 23 38 32 27 20 22 20 54 76 72 22 10 8 6 4 10 31 38 35
1 4 4 23 19 5 3 4 1 1 3 1 3 2 3 5 14 12 19 21 11 9 12 12 34 43 16 31 28 21 37 33 43 28 60 73 49 50 22 11 17 17 10 10 17 17 15 6 1 1 1 1 1 0 2 21 54 75 47 21 35 27 22 16 26 22 10 17 5 5 39 38 47 36 15 22 46 29 27 34 16 12 8 4 33 42 40 39 20 9 7 4 5 13 20 7
2 4 7 4 1 11 2 2 1 1 2 1 0 1 1 2 4 8 9 5 11 12 12 12 48 67 39 36 27 45 52 55 37 59 64 62 27 23 22 36 26 32 37 45 35 17 22 13 5 3 2 2 3 0 1 3 44 60 33 23 21 29 17 13 20 7 9 10 3 26 58 53 43 49 18 18 45 38 32 63 32 17 7 4 7 22 25 23 30 11 7 5 2 7 30 5
9 5 1 1 0 4 15 2 2 2 5 5 4 3 3 11 3 3 5 7 14 18 22 11 35 41 34 44 50 47 50 69 61 54 53 28 43 43 31 39 57 58 43 18 19 9 14 16 7 5 4 1 2 1 2 2 7 13 23 31 20 12 11 28 26 4 10 30 59 41 56 72 33 65 27 12 33 49 33 58 44 34 17 5 4 18 37 22 37 16 10 4 1 3 17 14
7 3 1 3 1 6 6 9 4 7 8 6 5 2 3 2 2 6 8 8 7 10 8 5 22 38 33 17 17 41 30 28 45 54 64 41 35 46 29 62 28 25 32 17 10 7 7 10 7 3 5 4 1 2 4 3 4 12 23 24 6 7 39 33 21 5 18 29 40 55 40 45 23 27 47 31 17 13 14 56 16 13 25 12 7 2 17 9 34 9 11 3 2 2 4 10
10 2 2 2 9 7 11 18 15 17 24 13 8 4 7 3 4 3 2 18 10 12 12 10 39 25 43 38 21 28 29 40 44 60 67 57 71 42 56 23 30 14 7 6 10 9 22 11 9 3 4 3 3 3 5 3 4 8 21 23 27 7 11 16 10 13 34 9 27 47 47 31 31 13 36 43 22 10 12 58 70 23 7 27 12 2 2 4 24 13 12 8 2 2 3 8
6 2 1 3 14 9 2 8 7 5 2 7 15 7 3 3 3 4 3 12 30 22 24 16 38 14 24 47 26 17 48 60 63 30 17 71 66 35 34 30 32 32 11 5 3 9 5 1 2 2 4 2 2 3 3 3 2 3 9 7 7 8 6 7 9 25 37 5 23 14 33 40 28 7 7 24 23 29 11 33 65 31 28 6 11 3 1 3 20 24 3 11 4 2 2 5
10 3 1 3 15 14 7 14 31 9 23 11 11 44 30 16 13 11 8 37 25 36 30 20 36 31 20 49 52 31 27 25 12 9 10 26 37 45 21 36 30 35 22 15 7 1 1 0 0 0 1 1 1 1 2 1 1 1 2 5 9 9 6 11 27 26 19 8 15 14 14 24 17 16 10 35 33 19 12 6 25 32 13 24 5 2 1 2 2 8 2 5 3 1 1 1
13 9 1 4 19 16 11 6 39 18 6 18 27 34 37 38 54 17 21 17 38 42 63 39 28 29 50 39 64 42 22 14 29 28 19 3 10 32 34 14 24 37 40 34 13 7 4 2 2 1 1 0 0 0 0 0 0 0 2 6 14 9 14 18 10 28 12 16 18 15 9 14 23 24 5 23 32 12 13 6 14 28 7 3 11 4 1 1 1 2 2 3 4 1 0 1
33 21 8 12 27 9 19 5 16 25 22 21 38 47 55 34 53 60 23 23 54 78 79 84 76 68 67 50 67 52 69 65 73 47 22 20 22 16 12 23 44 27 31 31 31 21 15 8 5 4 2 1 2 1 1 1 1 1 6 11 12 11 8 11 8 21 20 27 8 20 6 4 18 11 5 11 11 4 5 4 4 8 22 2 3 1 2 0 1 1 1 1 1 1 0 0
24 18 31 30 31 8 15 11 28 40 34 23 24 60 72 56 56 79 65 76 79 80 86 83 74 79 76 70 76 81 49 26 42 50 45 24 31 24 10 7 30 34 35 48 32 26 21 13 11 7 6 5 4 4 2 3 2 2 5 5 9 6 4 5 4 25 12 23 16 16 4 5 7 8 4 9 8 12 2 4 3 1 4 2 1 3 1 1 0 0 1 1 1 0 0 0
15 30 28 24 35 33 38 28 35 51 48 63 54 63 74 87 82 70 78 45 51 60 68 80 74 69 80 75 78 79 23 14 14 13 28 34 45 25 30 20 18 41 42 32 26 22 15 38 24 12 8 8 7 6 5 5 5 1 3 3 4 3 4 8 17 31 23 10 13 5 6 2 5 5 4 2 2 5 5 2 3 2 3 2 0 2 1 0 0 0 1 1 0 1 0 0
18 41 29 23 40 35 36 34 44 63 75 82 87 88 91 89 82 77 84 70 41 22 53 66 45 42 33 56 59 53 39 9 8 6 8 13 24 20 22 27 10 18 20 19 11 9 5 10 13 12 19 18 9 8 8 13 6 1 2 2 2 4 12 16 20 13 6 6 4 9 6 8 3 2 3 2 2 2 4 2 2 1 1 1 1 1 1 1 0 0 0 0 0 0 0 0
21 41 22 28 57 53 48 64 76 85 88 88 83 86 83 88 78 77 90 45 72 34 20 38 24 14 15 17 21 24 40 28 20 4 7 4 12 9 8 21 16 11 23 7 10 7 3 6 6 3 3 3 3 5 5 2 8 4 3 2 3 5 13 14 13 9 3 8 12 6 7 4 3 2 1 1 1 1 1 1 1 1 0 1 0 0 0 0 0 0 0 0 0 0 0 0
14 52 46 45 58 73 79 85 79 87 82 89 71 86 78 83 63 67 84 73 34 42 21 10 9 7 3 3 9 11 16 51 25 9 9 7 18 32 29 18 19 10 9 4 3 4 4 1 1 1 2 5 10 10 4 4 11 6 8 2 4 6 10 7 11 3 2 4 8 7 4 2 1 2 1 0 0 0 0 0 1 0 0 0 0 0 0 0 0 0 0 0 0 0 0 0
38 57 72 73 85 89 87 87 81 82 76 88 75 73 54 72 57 67 70 74 22 43 41 16 10 2 2 1 3 4 5 11 17 10 10 12 6 12 12 12 9 7 8 11 9 5 5 2 3 3 12 29 26 14 22 4 13 11 2 1 1 3 3 6 4 4 2 1 1 2 2 2 1 0 0 0 0 0 1 1 0 1 0 1 1 1 1 1 0 1 0 0 1 1 0 1
65 77 81 84 84 82 88 79 79 66 83 63 39 50 45 45 49 52 57 65 28 16 21 13 11 7 3 3 9 10 11 22 17 7 21 17 21 21 29 20 31 18 25 23 23 18 11 8 6 9 14 39 50 46 35 14 17 12 5 6 3 1 1 1 1 1 1 1 1 0 1 1 1 1 2 2 3 2 2 1 1 2 1 2 1 4 2 1 1 1 0 1 1 1 1 2
79 82 83 73 83 81 85 71 67 48 57 13 23 16 22 30 31 23 25 47 25 9 4 4 6 10 10 8 13 5 30 43 42 29 41 42 37 29 34 34 32 32 30 28 38 24 24 11 5 25 28 32 52 37 25 20 36 20 14 23 13 7 6 6 5 4 8 4 3 2 3 3 5 5 4 2 5 5 4 4 3 3 3 3 7 3 2 2 1 1 1 1 2 1 3 3
28 38 53 44 66 63 73 69 33 7 3 4 10 6 5 5 6 11 24 38 23 6 8 14 7 8 33 24 37 26 37 44 45 43 44 63 52 29 51 45 40 53 48 44 31 27 29 18 15 21 33 36 51 67 48 46 33 24 29 27 20 20 17 19 16 12 17 11 7 3 6 6 6 6 12 6 6 11 5 9 8 5 6 5 14 4 3 3 2 2 2 2 4 4 5 7
33 22 13 12 7 8 23 27 24 8 5 5 9 8 3 2 1 2 10 16 9 5 30 9 22 34 48 41 57 43 42 39 58 49 38 56 53 34 49 54 45 59 40 35 34 37 49 34 19 23 41 45 27 75 58 66 35 37 45 32 38 27 22 20 18 11 22 11 6 9 9 9 14 8 13 8 8 16 14 13 8 7 12 10 9 5 4 4 3 3 3 4 10 7 5 5
57 66 53 23 20 14 4 9 12 5 8 10 7 3 1 2 1 5 4 7 15 34 44 23 47 44 54 53 43 20 8 21 47 47 42 52 39 44 54 62 63 41 44 39 37 56 44 28 38 30 52 62 45 76 74 42 69 60 52 34 41 32 42 37 22 22 17 14 12 7 11 20 20 11 18 18 13 20 11 15 12 18 19 24 13 5 2 8 5 5 8 10 12 4 13 7
65 49 43 27 15 11 10 10 20 20 21 18 10 3 3 7 8 10 14 24 52 59 58 34 50 40 41 52 52 45 30 22 47 44 50 43 38 47 45 58 28 23 51 54 43 76 49 48 55 29 64 43 77 80 55 63 76 62 38 52 37 48 42 28 16 27 22 18 9 18 30 36 28 17 25 27 27 30 14 13 16 24 23 16 10 4 4 11 9 5 16 18 17 5 3 22
43 53 54 40 38 22 34 30 41 42 41 44 26 16 13 20 12 17 34 44 58 45 25 47 61 45 27 39 55 53 42 27 39 50 32 61 44 71 56 41 45 30 57 41 33 77 60 60 46 35 52 78 76 64 59 54 66 74 44 58 55 60 46 23 43 37 38 21 8 23 35 62 43 28 32 39 39 26 19 13 26 49 37 25 19 6 16 33 17 6 14 34 32 10 5 23
69 69 42 41 26 37 51 45 44 61 53 50 40 35 35 30 29 40 42 49 61 48 50 62 52 37 39 55 45 55 30 45 31 25 55 65 64 52 56 40 42 26 58 23 19 57 65 64 42 48 61 50 77 29 24 19 44 65 38 67 75 59 49 67 49 45 23 9 14 44 50 76 60 39 43 57 69 36 35 16 37 62 35 19 14 11 27 45 23 12 8 54 64 28 14 22
48 58 39 55 40 51 58 61 59 57 68 57 48 44 61 29 33 51 49 50 63 64 44 66 51 51 56 51 47 63 34 55 37 33 39 67 36 50 37 54 43 44 49 31 50 47 77 63 33 48 66 64 63 44 36 26 35 46 35 77 79 69 67 66 27 41 14 11 19 50 68 73 70 51 59 68 78 33 45 18 51 78 46 18 14 18 40 59 36 18 14 49 64 44 11 30
45 53 66 49 36 46 63 53 48 52 72 58 48 61 45 42 30 52 63 46 45 56 64 65 51 50 42 37 34 81 43 61 40 42 50 70 60 48 35 46 34 52 43 34 49 47 62 39 45 33 48 83 70 57 40 42 67 39 44 74 65 69 84 46 53 42 24 24 40 42 74 75 76 47 56 74 62 36 59 30 41 70 55 40 23 26 54 70 46 28 19 37 62 36 25 39
34 36 50 32 27 24 54 46 36 47 48 47 42 55 48 43 46 44 56 52 44 30 41 61 60 53 59 37 31 43 62 76 44 36 54 74 50 29 34 49 36 53 42 37 44 55 45 42 38 39 40 70 35 42 50 47 65 35 57 64 56 72 42 55 74 37 32 31 57 44 66 85 65 38 61 78 66 44 69 39 48 71 48 46 44 33 31 70 69 37 23 44 66 43 32 45
14 34 21 22 26 28 47 53 28 52 46 54 54 42 40 52 41 40 45 53 34 28 25 57 62 48 62 28 33 57 57 66 30 38 61 50 40 49 40 57 60 31 39 58 56 42 31 70 40 37 33 54 24 38 44 65 64 74 64 39 34 26 46 77 40 49 56 31 44 57 52 75 40 39 62 77 52 50 65 33 63 67 50 53 53 54 25 31 75 41 36 42 68 63 54 44
11 13 16 18 34 14 24 22 33 41 38 54 43 39 42 43 38 31 30 37 44 26 52 45 60 56 52 46 13 38 65 74 15 32 43 71 36 21 32 37 62 39 40 28 33 44 46 15 40 49 43 58 54 37 54 56 80 69 54 73 59 36 64 46 61 67 39 39 47 66 44 70 35 41 53 74 47 64 66 34 50 54 42 70 69 64 40 31 75 60 38 52 60 47 56 45
4 8 15 19 27 10 29 24 30 37 42 60 40 25 29 37 42 50 30 15 17 15 60 13 37 54 50 40 18 35 40 44 10 13 58 21 15 12 49 17 55 35 43 32 37 36 35 72 77 88 82 70 68 65 51 67 74 58 59 64 53 54 60 33 66 41 48 49 56 75 43 60 45 61 33 53 42 64 50 42 61 43 44 61 74 43 55 37 49 48 56 45 71 77 78 64
7 5 17 6 10 36 7 12 23 31 45 45 26 40 16 43 14 39 31 15 9 23 35 23 35 49 48 53 16 16 12 30 35 35 22 18 30 33 42 35 42 36 44 65 43 76 57 85 66 74 57 58 60 82 83 74 72 38 42 74 53 53 28 39 68 52 52 57 62 75 77 68 70 61 48 76 44 75 42 41 77 38 72 63 69 48 63 49 41 66 65 72 69 77 79 88
2 6 2 2 5 13 33 9 21 16 10 17 9 25 17 27 20 35 30 33 22 32 32 47 16 22 35 27 39 42 17 11 23 22 66 73 60 56 75 89 75 75 70 89 71 56 84 84 49 71 61 51 60 79 78 63 70 74 64 83 67 76 71 61 57 61 69 61 52 51 67 74 61 81 86 82 82 90 85 66 69 75 76 75 44 86 86 74 67 38 54 48 59 77 61 62
2 3 4 8 22 44 15 9 4 1 2 5 10 26 25 25 22 38 22 21 28 29 28 50 37 25 14 14 17 16 12 22 24 7 15 63 74 29 38 79 79 78 65 83 89 56 60 68 71 68 76 33 43 78 81 50 86 82 92 89 59 72 62 73 66 77 63 76 83 29 40 75 74 47 74 80 62 80 64 88 55 69 80 72 51 82 77 61 87 79 68 37 48 64 45 35
1 1 4 1 2 4 2 3 1 7 9 9 29 22 13 25 11 29 15 17 26 20 33 43 32 26 10 12 29 34 23 5 12 12 9 23 34 19 19 61 69 43 73 88 80 37 53 43 55 57 71 36 42 65 64 74 69 66 79 86 59 26 41 75 78 81 74 69 64 74 30 63 82 46 70 83 37 30 35 85 78 55 50 54 69 72 73 77 87 76 47 72 30 26 59 63
2 3 1 1 3 7 9 3 1 6 9 16 11 18 10 21 16 19 12 13 11 23 29 20 28 30 4 7 12 23 18 10 21 8 11 9 16 51 29 66 42 59 50 53 85 66 43 30 49 44 60 61 36 71 72 89 53 78 91 90 77 24 55 66 70 82 73 79 54 80 47 39 72 46 67 84 55 40 31 76 69 72 20 19 32 65 77 68 78 63 26 79 45 29 40 52
1 2 1 2 1 2 6 6 5 5 10 20 14 8 20 30 16 18 7 11 19 22 13 13 16 13 3 7 8 21 20 14 11 10 14 19 16 21 55 85 54 65 48 68 72 77 45 40 62 49 83 84 54 67 85 91 62 86 91 84 80 46 77 82 67 60 49 41 58 86 51 30 53 31 70 73 87 47 49 82 59 72 65 27 24 40 60 54 55 37 61 90 45 24 13 13
1 2 1 1 7 2 2 10 2 3 12 11 8 9 13 24 29 14 11 17 8 11 8 6 13 20 8 11 25 35 45 30 26 31 40 40 28 36 63 65 65 29 30 70 77 55 34 30 43 53 74 69 71 52 77 89 68 75 82 78 83 75 76 87 48 51 63 36 61 76 72 46 17 32 80 77 80 70 43 83 44 60 76 45 23 17 47 40 40 18 74 90 67 39 34 10
15 1 1 1 1 1 1 3 4 6 14 11 3 6 9 17 16 7 7 8 12 8 6 5 7 14 17 45 67 22 25 20 53 48 42 38 19 35 49 50 76 42 56 37 84 44 47 40 23 42 65 67 51 30 32 68 65 76 83 80 90 76 77 78 78 56 58 45 52 58 82 58 28 25 65 72 80 79 54 64 57 52 65 78 39 19 11 14 12 26 65 52 81 42 31 14
1 3 5 2 2 1 3 2 1 2 8 8 1 2 15 9 4 8 6 10 16 10 7 13 3 6 5 10 39 21 18 56 38 36 61 44 25 15 7 31 34 24 9 9 41 35 68 60 22 16 36 19 32 18 15 23 22 58 61 64 71 70 62 62 87 52 52 42 13 69 94 43 27 23 62 53 51 62 33 42 44 16 60 80 61 31 7 7 9 17 10 33 85 41 22 20
0 2 7 11 18 1 2 1 1 2 6 1 1 1 8 2 2 6 7 4 14 11 8 14 30 57 23 17 23 23 31 31 57 57 47 40 34 39 21 11 16 40 20 10 18 24 34 43 39 15 17 14 30 18 20 37 27 16 26 44 43 20 26 62 90 72 38 35 43 71 89 51 21 12 25 35 54 37 49 52 41 10 37 62 77 21 11 5 20 26 15 33 90 58 45 40
1 5 2 14 13 22 7 3 12 3 9 1 1 1 2 2 3 3 4 13 4 32 13 17 42 59 51 14 14 41 40 26 47 56 28 15 44 40 17 17 20 51 33 19 28 24 24 18 17 9 14 37 45 41 35 34 25 18 15 10 4 1 11 70 75 73 47 20 23 60 74 73 57 22 12 30 44 29 28 17 34 21 14 62 71 47 12 6 20 16 37 79 82 84 56 43
6 14 23 8 9 18 35 2 2 2 6 23 5 2 4 2 1 5 2 1 2 5 5 10 32 51 33 50 47 60 34 23 47 30 43 42 32 48 24 35 28 41 45 26 14 40 23 25 16 6 11 42 53 62 56 48 36 30 26 20 26 23 23 43 44 56 44 13 7 29 29 71 73 28 11 30 40 24 11 21 45 18 11 10 61 72 15 5 22 32 33 58 37 79 36 16
1 1 2 15 18 16 10 2 6 7 32 31 29 13 19 19 2 4 3 2 3 3 9 8 15 18 34 53 47 39 27 30 20 11 47 47 20 20 30 48 37 46 38 28 11 18 49 37 23 11 10 23 60 66 62 61 45 45 38 37 62 65 69 55 42 40 31 17 6 4 21 35 79 50 41 10 21 26 11 2 8 12 14 26 46 68 26 9 4 14 17 15 64 72 87 40
1 1 4 17 38 33 66 13 27 10 17 7 30 28 24 11 10 1 1 1 4 8 5 10 21 12 25 31 25 20 13 37 52 37 53 36 30 39 53 28 47 45 27 31 37 38 49 48 31 19 9 11 24 50 46 57 61 56 34 26 19 29 36 39 52 50 54 40 22 2 5 37 41 46 38 29 14 6 8 7 22 16 6 10 11 51 43 8 3 6 11 15 12 51 53 57
33 16 7 7 5 41 22 7 9 46 17 19 7 11 7 5 13 3 2 1 1 3 6 21 35 9 22 33 29 36 35 67 45 28 31 39 27 28 20 9 16 44 59 39 55 44 37 32 32 28 22 9 5 7 28 28 24 47 51 38 32 27 17 19 21 40 47 50 43 36 21 41 30 51 20 20 13 8 12 7 5 6 3 16 10 40 57 7 2 10 16 11 11 15 52 62
27 34 28 9 5 34 58 40 13 17 18 13 3 9 6 4 6 11 2 6 7 11 8 25 17 20 8 12 12 12 7 13 14 34 29 29 31 33 36 32 20 8 15 56 56 67 56 40 35 14 21 17 10 4 7 12 10 7 18 20 24 33 37 24 9 10 31 42 41 26 32 52 27 57 36 18 15 16 7 4 4 9 3 6 12 7 36 11 2 5 13 14 5 4 45 58
12 12 70 42 15 36 18 49 46 34 37 10 4 18 10 22 17 15 5 8 4 12 20 15 14 14 20 52 33 21 28 42 32 36 38 55 55 55 51 52 52 40 20 10 9 43 51 45 28 17 12 15 9 4 1 1 1 2 1 2 3 10 8 13 15 6 5 11 11 10 29 28 25 23 22 24 28 22 10 11 9 7 3 3 15 24 11 20 3 1 8 12 7 25 67 18
10 11 34 20 18 16 4 2 63 80 79 71 13 26 15 8 6 29 7 11 8 8 12 11 36 14 38 49 28 35 53 53 34 41 49 56 52 58 53 53 55 43 55 43 36 17 8 6 20 19 22 6 5 2 4 7 6 6 6 4 4 1 1 1 2 1 1 1 1 5 8 16 12 10 7 6 5 16 12 10 6 3 8 6 7 13 10 21 9 2 1 8 27 60 27 51
19 15 24 62 43 17 18 11 9 77 19 20 28 19 21 22 21 3 10 17 2 3 3 15 25 17 22 21 18 22 19 22 38 47 46 48 64 70 53 63 65 66 58 56 52 35 27 22 11 5 4 3 3 9 12 19 18 17 14 17 5 1 1 4 4 8 3 3 1 1 2 6 4 2 2 3 3 5 8 15 11 3 2 2 2 3 6 13 17 3 1 8 56 24 26 30
25 17 24 36 31 41 55 13 4 5 3 4 7 12 16 56 11 21 18 22 7 4 6 9 7 9 24 24 36 25 20 25 33 43 58 58 55 56 52 69 64 49 42 42 44 28 26 32 23 18 17 16 17 29 30 28 37 36 31 21 7 5 6 11 10 6 7 3 1 1 1 0 0 0 0 0 1 1 0 1 2 1 1 1 1 1 4 7 7 3 2 23 23 8 34 25
43 26 15 6 34 36 74 57 44 41 27 16 6 9 42 24 65 57 30 22 39 19 17 5 2 6 18 19 11 16 17 41 54 29 12 31 60 61 40 34 46 52 39 29 37 26 35 35 36 31 34 21 24 39 52 50 45 47 47 30 12 12 20 18 23 22 19 11 4 3 1 0 0 0 1 1 5 3 1 1 1 1 0 0 0 1 1 2 7 7 2 26 4 2 18 30
41 35 29 37 31 46 35 25 28 64 30 44 12 22 39 63 79 65 37 29 47 11 16 25 17 14 18 6 12 14 45 14 15 17 33 39 60 73 66 61 61 49 57 46 48 39 43 43 45 27 52 47 45 40 55 59 73 68 60 36 13 33 30 40 36 49 33 21 12 5 3 3 3 4 5 10 14 8 4 3 5 6 2 1 1 1 0 1 2 8 4 15 2 2 17 44
43 40 13 11 35 30 67 61 40 41 53 64 47 23 46 83 77 56 33 53 15 38 12 19 14 7 2 21 6 21 14 7 7 43 31 42 47 60 66 62 62 45 45 48 48 49 52 65 52 38 45 65 48 50 66 74 79 64 43 30 28 43 53 53 49 65 49 28 16 6 11 11 11 14 15 17 23 14 12 11 10 9 4 7 5 2 1 0 1 2 2 3 2 1 5 12
37 47 35 13 45 56 66 60 80 61 47 28 17 54 72 67 58 43 39 81 21 62 19 24 20 14 14 28 26 7 10 15 17 40 42 52 57 72 54 67 68 53 29 49 49 46 58 72 65 40 40 69 65 55 68 81 75 58 39 29 31 64 60 61 75 64 44 32 12 8 17 16 18 29 27 39 38 34 18 22 28 19 14 21 11 8 3 1 0 1 1 2 1 1 2 4
38 12 34 17 8 52 44 33 49 68 64 54 14 40 72 60 15 23 62 77 19 76 27 22 55 44 11 31 32 43 13 6 18 19 47 33 25 29 42 36 60 43 52 50 52 37 65 49 73 43 73 65 64 53 77 85 66 59 38 52 52 64 60 73 78 66 50 40 17 29 39 37 22 40 55 51 52 37 29 36 46 33 24 28 7 3 1 1 0 0 0 1 1 0 1 1
32 31 21 33 11 23 63 72 72 55 31 33 16 33 53 66 33 56 86 63 32 72 36 26 22 39 27 49 46 15 41 48 21 22 23 33 13 29 22 44 51 44 45 63 48 51 57 61 42 43 86 44 65 55 85 64 59 63 40 51 50 63 74 81 64 68 50 33 24 41 53 50 30 55 53 68 68 52 42 46 64 44 40 13 4 4 3 3 2 0 0 0 0 0 0 0
48 25 33 26 32 29 40 58 51 58 61 37 61 24 13 8 52 89 80 57 59 60 51 59 60 37 19 41 41 40 41 14 13 9 21 7 11 23 24 61 34 49 58 56 34 48 54 60 66 67 44 36 66 81 57 67 52 41 46 45 44 61 83 70 68 50 32 35 50 64 62 62 49 61 44 50 63 39 51 55 70 31 13 8 11 11 14 6 3 1 0 0 0 0 0 0
42 39 31 28 59 38 57 77 45 47 44 55 68 68 13 5 25 33 27 16 36 70 61 38 30 40 30 35 31 29 13 3 10 19 3 12 20 22 39 36 30 27 58 24 27 28 38 66 27 25 36 46 58 73 58 46 26 36 59 59 46 80 74 73 64 64 45 41 52 70 67 53 54 63 51 25 75 58 60 74 39 33 22 20 39 39 16 6 4 2 1 1 0 0 0 0
38 66 47 29 27 30 27 53 25 28 24 68 43 71 67 58 24 12 19 29 69 75 60 45 41 20 20 5 20 38 18 15 28 31 18 12 15 16 39 14 14 18 33 12 17 28 28 10 13 33 24 57 75 59 47 26 37 47 63 44 36 84 76 61 64 65 42 57 68 69 58 70 56 66 45 46 55 63 44 36 19 35 48 33 15 6 6 6 3 4 3 2 2 1 0 0
