sesion_6_simulaciones/modelos_agentes/ejemplos_netlogo/scenarios/cgcm2_b2/rob_2055.asc
NCOLS 322 
NROWS 307 
XLLCORNER 451900 
YLLCORNER 4086900 
CELLSIZE 100 
NODATA_value -9999 
[rows 73 to 145 of 307, columns 96 to 191 of 322]
26 23 19 17 49 27 58 78 43 32 30 49 54 57 5 2 9 13 12 4 14 26 17 6 4 6 5 7 5 3 1 0 2 3 0 1 2 2 5 4 5 4 14 3 4 3 5 18 3 4 7 11 16 32 23 26 13 18 36 36 29 65 60 61 55 60 41 38 49 66 61 49 52 66 47 28 74 53 58 77 46 46 40 43 69 69 43 20 16 10 4 3 2 0 1 1
22 55 34 18 18 20 21 48 20 20 15 59 29 72 64 45 10 5 6 10 44 39 19 9 11 3 3 1 3 6 2 2 3 7 2 1 1 1 5 1 1 1 4 1 1 4 6 1 1 4 3 11 26 17 18 7 13 18 35 21 19 68 56 41 50 56 34 48 58 60 50 61 45 63 33 35 53 61 46 40 21 46 63 54 36 18 21 21 12 15 12 10 8 4 1 0
27 32 26 20 14 18 25 41 23 35 42 29 14 24 29 52 31 35 47 60 85 45 43 29 8 14 3 2 4 1 3 29 7 7 9 6 2 1 1 1 2 7 10 5 13 7 7 16 27 3 4 2 5 17 4 6 15 28 21 11 29 31 60 43 49 33 31 40 54 62 37 73 37 46 38 23 52 29 20 49 52 46 22 23 33 31 26 23 33 29 35 34 16 10 4 2
39 24 21 23 15 28 14 45 20 44 48 16 24 45 37 26 36 62 40 64 68 72 64 56 14 8 5 2 3 5 17 27 17 8 11 10 11 2 5 7 2 2 3 1 3 14 3 10 9 12 2 2 4 3 5 7 11 26 12 17 16 9 36 36 41 25 44 29 67 48 24 53 44 38 43 41 24 14 66 42 32 32 50 37 54 57 54 63 64 46 47 40 24 16 8 6
41 14 33 29 20 17 22 32 28 32 67 29 34 26 31 43 65 38 63 57 77 81 53 37 43 5 4 6 11 9 19 6 15 6 18 3 24 9 6 12 2 1 1 1 3 5 17 21 11 26 19 11 7 1 2 3 13 5 6 4 12 6 30 25 26 17 35 31 41 16 15 19 37 15 36 18 18 25 53 31 45 41 38 57 73 70 76 59 58 66 40 42 23 20 12 10
40 22 30 31 39 20 25 30 13 53 71 61 38 24 45 39 48 61 77 46 45 58 64 74 29 19 24 30 44 19 17 9 13 15 2 5 7 11 11 12 9 1 1 2 5 8 23 20 7 44 34 19 23 14 11 3 4 3 5 4 6 6 3 11 7 12 12 21 15 7 10 9 35 20 10 4 25 31 29 29 53 72 81 73 76 78 53 61 66 44 47 27 20 20 21 30
56 58 21 52 60 33 13 34 13 32 34 63 47 33 35 7 46 81 49 50 53 34 62 70 33 23 58 65 58 50 58 19 4 4 4 20 21 4 7 10 16 2 2 5 7 8 18 54 45 42 40 32 39 11 30 23 19 4 2 1 6 10 3 4 4 9 6 12 3 3 14 22 19 16 46 38 15 11 36 60 62 69 68 67 57 70 70 79 61 41 38 27 23 34 53 30
81 85 64 61 22 19 14 13 13 41 21 12 48 58 14 37 72 45 31 28 45 19 11 51 57 61 65 59 66 49 69 56 16 17 20 34 14 12 2 7 24 9 3 5 13 31 13 15 51 30 43 66 45 34 39 18 22 34 28 22 21 4 19 7 3 2 8 13 15 24 14 1 2 4 9 38 44 55 28 56 62 47 71 57 53 56 71 76 61 53 49 34 66 61 25 22
65 59 73 20 15 16 25 20 16 24 26 6 14 26 31 42 21 55 53 40 33 43 9 18 59 74 65 39 33 54 35 23 48 44 37 28 42 30 9 8 29 22 3 5 20 16 9 6 20 12 56 65 36 72 51 25 51 22 16 15 35 8 19 24 18 8 17 19 38 12 22 6 5 5 10 6 14 56 56 53 36 52 71 63 43 55 77 65 59 54 54 60 73 56 26 47
77 76 65 34 32 36 41 28 16 20 33 4 17 31 38 22 22 71 48 32 44 71 40 39 62 91 58 14 36 35 24 26 8 13 68 37 17 15 13 22 41 34 13 7 14 12 12 17 19 43 44 77 74 78 53 51 53 33 46 26 38 23 23 19 17 19 7 11 34 16 38 49 36 21 12 15 15 10 45 70 78 40 59 55 39 75 60 43 55 69 58 76 53 48 37 68
34 53 73 70 14 15 38 37 50 27 27 9 28 57 38 12 22 82 32 49 41 42 29 67 42 51 29 42 51 38 27 29 15 45 79 56 39 14 11 33 20 8 16 6 11 7 10 15 18 26 22 68 64 80 61 57 70 40 57 48 39 43 21 20 21 13 33 13 32 44 58 57 35 18 23 10 11 21 14 62 57 55 25 56 70 34 45 47 60 51 59 49 34 44 44 83
20 28 39 49 60 15 29 19 16 45 39 18 27 48 41 25 38 78 46 44 26 19 72 73 64 53 25 60 55 39 18 10 54 86 82 76 69 25 36 37 27 4 15 9 13 20 20 14 22 7 5 30 74 85 55 66 54 55 76 66 46 26 16 11 37 17 53 35 26 47 63 57 21 13 22 19 24 24 20 30 64 77 68 42 23 55 68 69 59 71 30 47 47 66 46 77
15 24 39 26 49 52 39 39 20 34 53 14 30 57 40 50 41 53 58 68 65 19 45 51 81 68 65 69 64 68 42 77 87 75 72 86 77 34 30 47 23 8 16 13 12 21 23 16 21 14 22 31 76 80 56 43 52 81 74 74 42 18 32 36 57 39 72 61 49 28 69 48 50 39 31 21 21 30 26 23 39 74 58 74 64 34 63 27 66 34 32 56 45 76 49 63
14 8 6 6 17 38 17 9 16 26 32 19 41 63 47 18 38 31 53 68 75 65 31 37 40 44 74 86 57 61 79 84 86 70 76 73 62 72 47 54 28 52 34 40 17 27 36 42 30 30 20 37 67 89 67 50 77 68 79 71 44 33 32 38 72 50 64 61 51 33 58 45 33 11 27 16 7 22 27 17 9 58 73 63 49 81 58 56 57 57 55 66 72 75 77 44
9 5 1 2 16 15 4 8 13 22 12 28 62 54 20 11 22 30 57 59 71 88 57 31 27 38 78 77 84 42 84 70 67 67 87 82 62 76 48 59 45 83 34 58 39 30 28 20 24 24 22 19 43 83 68 78 68 79 89 64 39 43 49 65 68 53 63 58 46 14 18 26 46 38 43 23 11 17 25 35 45 12 62 67 63 74 81 85 91 70 85 86 73 44 78 32
14 12 4 2 14 9 6 12 17 12 18 30 43 48 19 7 46 44 38 44 52 66 78 76 56 39 61 72 84 77 75 86 82 53 55 43 46 75 30 40 87 73 49 32 23 32 22 32 42 49 50 25 33 60 61 70 66 81 82 67 59 71 68 68 75 33 58 63 46 20 19 43 57 44 28 53 20 14 24 30 41 27 17 58 66 85 75 48 49 64 65 82 73 45 59 70
17 7 6 2 7 5 3 22 12 11 9 18 60 36 13 6 43 27 41 52 53 65 74 72 75 47 54 28 49 76 65 70 75 65 64 62 47 38 52 86 50 66 29 18 27 51 35 40 51 57 45 43 28 33 29 55 69 73 82 62 50 61 60 82 78 49 59 72 29 10 12 37 30 37 73 55 23 23 10 34 31 47 47 18 57 79 76 73 73 64 47 44 62 41 27 48
9 8 3 3 2 2 2 14 12 5 21 39 57 56 15 6 26 7 26 66 65 67 35 47 71 57 57 46 71 91 85 80 57 70 53 35 40 33 66 40 40 36 18 49 75 52 43 46 38 31 31 30 26 25 10 16 52 68 82 52 68 65 81 88 87 48 77 59 48 25 15 27 48 63 84 32 22 50 17 30 31 39 53 39 17 63 66 48 31 45 42 40 31 45 46 43
19 15 8 4 3 1 1 3 9 11 16 47 31 21 32 11 31 7 4 21 27 60 42 38 38 24 45 63 83 90 72 78 81 77 70 42 24 36 77 22 52 54 67 73 75 51 64 28 20 31 59 57 65 63 59 26 11 9 41 52 55 64 81 88 87 61 90 65 63 50 27 30 49 84 64 25 50 42 22 18 37 48 51 44 35 11 30 52 42 43 27 41 63 71 59 58
10 8 3 2 2 2 1 0 4 12 21 25 23 9 10 5 32 12 5 29 27 33 23 33 43 38 32 59 36 65 69 68 69 59 21 33 45 48 50 26 67 67 82 69 60 41 74 64 66 50 56 52 53 38 46 17 8 8 11 39 65 84 78 87 79 52 80 74 39 29 37 56 46 67 39 46 69 52 47 53 44 51 39 40 46 31 9 18 23 30 49 60 67 70 66 56
5 4 4 4 3 2 2 1 1 4 12 20 21 15 8 5 33 9 3 16 12 15 18 27 19 40 41 50 36 13 31 37 30 23 46 49 66 80 53 51 31 68 92 61 39 75 68 56 72 52 56 44 31 39 39 46 26 13 14 61 81 77 83 89 85 82 77 84 67 27 48 37 39 18 28 66 56 22 43 27 35 38 36 36 45 32 40 18 7 33 53 71 79 73 68 43
8 3 9 13 7 5 5 4 3 4 7 14 10 8 8 4 14 6 2 6 13 10 8 11 14 31 30 34 37 25 11 10 16 39 43 73 82 57 62 69 49 83 88 60 73 68 62 37 83 57 70 55 67 72 72 58 38 16 19 32 74 67 85 85 80 74 79 85 75 46 33 46 50 44 47 50 61 78 31 40 25 21 44 38 25 42 57 52 20 21 29 27 39 48 51 43
25 20 14 23 20 14 13 13 6 2 3 5 5 6 4 5 4 3 3 5 5 7 4 5 12 14 22 22 25 36 8 11 17 36 80 84 65 46 71 77 65 75 81 67 59 67 62 53 81 65 55 70 59 68 69 56 40 20 13 18 23 65 79 82 74 67 82 75 51 20 32 59 29 50 72 61 71 42 19 49 27 31 39 39 67 49 31 38 47 47 43 19 12 12 19 24
36 19 30 28 31 22 30 16 8 7 1 2 1 3 4 3 4 3 2 2 5 5 3 3 3 5 21 18 17 8 11 5 22 73 68 71 31 61 85 70 53 55 65 28 35 84 54 75 81 77 55 71 81 56 31 35 38 41 34 20 25 41 63 71 70 69 51 58 31 27 46 46 39 57 67 74 59 39 44 50 41 23 39 70 67 65 47 42 48 52 62 57 37 14 7 14
34 37 42 26 38 33 22 19 16 15 12 5 2 1 1 1 3 3 1 1 3 1 1 2 2 4 14 25 12 9 14 3 33 59 45 30 40 77 88 75 41 47 45 35 79 68 51 52 86 83 47 55 55 72 57 36 12 22 24 34 31 38 30 41 28 49 56 51 23 43 56 54 46 44 66 59 51 58 26 13 45 38 48 63 69 55 52 45 35 43 56 49 44 22 17 6
49 35 45 48 42 28 27 31 17 19 11 10 7 4 2 1 1 2 1 1 2 2 1 1 1 3 4 16 3 5 14 5 18 39 18 29 38 59 57 61 48 51 31 70 75 31 55 88 84 77 78 37 22 31 26 33 13 18 32 43 30 44 29 21 20 35 27 25 21 51 48 64 36 59 65 57 73 37 39 23 48 26 25 32 43 65 64 47 37 30 52 43 47 42 36 15
35 24 50 53 23 30 14 16 31 23 13 13 11 9 5 2 1 0 0 0 0 0 1 1 0 1 1 2 2 17 6 3 5 6 11 38 42 54 85 64 58 44 57 58 54 45 51 88 83 75 92 71 44 58 54 33 17 12 6 17 46 30 25 15 18 34 22 19 30 40 56 62 54 27 34 34 46 39 34 41 10 47 35 46 50 61 56 60 67 48 47 50 54 62 38 27
19 36 72 49 45 25 45 25 39 33 19 17 12 4 3 3 3 2 2 2 2 2 1 1 1 0 1 1 4 15 2 4 5 3 17 42 49 17 43 39 53 42 42 57 44 48 66 87 82 82 84 85 45 31 26 22 21 25 19 5 7 16 16 15 16 24 17 20 20 40 49 64 56 57 19 32 48 38 18 20 39 23 18 48 55 54 59 67 57 71 59 69 68 64 46 37
26 43 65 42 38 36 22 26 41 29 25 21 14 11 5 7 4 5 5 5 3 5 2 2 3 2 0 1 1 7 2 4 6 5 13 18 19 23 17 9 39 51 33 25 37 72 83 84 77 66 79 78 60 45 49 57 51 36 25 9 2 13 10 7 14 12 11 15 28 39 36 46 41 37 47 43 33 49 79 76 63 68 40 43 42 45 52 62 73 62 77 72 65 65 62 58
27 58 26 31 41 31 30 18 35 33 14 10 21 10 8 6 5 7 7 7 8 7 6 4 3 3 1 0 1 3 1 2 4 7 11 12 14 20 20 9 18 56 40 17 46 54 85 77 39 34 44 67 82 74 57 52 44 32 16 7 3 14 8 4 6 8 12 24 32 39 37 42 46 60 72 73 63 81 78 74 63 45 29 20 24 44 68 62 61 67 75 76 75 78 70 63
56 22 31 28 21 33 36 23 12 15 20 23 19 17 7 10 9 9 10 16 15 9 13 7 10 4 3 1 0 2 1 1 3 5 12 14 18 18 18 6 10 24 31 11 35 39 68 43 22 25 51 58 81 75 68 50 46 33 16 11 3 6 4 3 11 8 16 35 33 38 41 38 68 72 86 71 77 67 73 50 21 15 16 33 11 40 58 56 74 83 74 60 45 41 33 30
19 25 42 64 56 40 14 9 12 31 28 24 12 22 19 18 16 21 20 20 18 17 13 15 11 6 2 2 0 0 0 1 1 4 8 24 34 19 22 8 7 7 11 3 11 24 17 26 29 43 45 67 85 76 69 67 59 46 38 18 5 4 4 2 8 14 20 16 16 30 51 52 58 62 64 68 70 57 39 31 31 20 41 43 74 48 31 58 80 69 56 58 59 55 49 47
43 55 46 16 15 22 27 13 22 36 33 27 26 25 22 32 20 25 26 32 12 28 24 19 11 5 2 1 0 0 0 0 1 2 6 11 11 18 22 12 12 9 11 3 9 17 27 60 72 73 87 69 86 82 76 60 62 36 25 15 5 6 4 1 2 5 8 21 31 29 45 68 43 49 46 62 64 24 14 26 22 28 60 52 72 49 70 54 63 55 58 60 55 62 65 57
47 28 36 35 33 21 29 16 38 38 35 37 51 34 44 38 35 48 39 26 28 29 35 11 14 7 4 1 1 1 0 0 0 1 3 5 16 27 25 8 4 7 8 6 9 21 52 37 66 65 63 55 90 85 78 51 36 22 14 6 4 2 1 0 0 3 11 30 42 31 41 63 52 37 31 42 27 30 49 46 28 56 60 57 69 76 57 48 54 52 44 54 59 66 60 75
25 23 16 14 13 11 7 23 44 39 40 57 43 50 49 48 57 27 23 48 34 41 34 15 8 5 5 4 2 2 1 1 0 1 3 2 2 10 17 9 5 6 7 7 18 22 12 27 46 80 49 64 82 66 72 59 39 20 8 5 4 2 0 1 0 2 9 18 46 33 36 15 28 40 30 44 47 47 41 36 35 63 59 55 63 60 32 55 30 39 53 64 65 47 75 76
14 21 32 37 32 18 17 27 42 60 55 54 42 52 70 69 45 30 31 58 41 24 22 16 9 6 7 6 3 2 2 2 1 0 2 3 1 1 2 1 2 4 4 7 13 12 17 33 71 29 24 50 85 68 53 33 23 19 16 10 3 2 0 1 0 1 6 10 19 26 27 21 42 32 39 47 60 70 68 64 58 83 60 42 41 49 60 77 70 46 46 53 47 57 63 57
26 47 32 56 27 25 28 46 45 60 59 26 29 55 53 42 34 34 49 72 34 26 24 19 11 10 7 5 3 2 1 1 2 1 0 2 2 1 1 1 1 3 4 3 5 11 20 12 55 20 38 66 83 55 31 27 21 9 6 8 4 3 0 1 0 1 3 3 11 15 28 36 50 45 70 71 82 52 35 23 75 75 77 52 18 52 72 87 81 72 74 44 69 54 48 80
42 44 65 56 30 48 45 50 68 62 47 34 40 61 44 62 26 40 71 41 30 25 27 23 24 17 9 6 2 3 2 2 2 1 0 0 1 1 1 1 1 2 2 3 4 9 13 14 8 16 44 76 78 49 34 28 11 11 8 5 4 1 1 1 1 1 4 10 18 25 35 42 56 65 73 66 33 34 25 67 74 78 81 83 42 58 83 84 71 63 55 65 49 55 37 56
57 63 38 29 39 48 48 69 37 51 24 47 52 80 64 47 29 64 24 20 42 26 19 13 15 13 11 10 9 5 5 5 2 2 1 1 0 1 1 1 1 1 1 3 5 13 5 13 3 7 31 62 87 77 39 24 16 6 8 4 4 1 2 0 0 1 7 16 34 38 39 48 55 51 44 50 44 58 70 77 72 77 68 81 72 63 66 36 21 17 43 79 68 50 33 38
68 50 37 27 38 52 64 15 61 26 31 51 70 74 53 30 61 52 34 16 17 26 9 9 18 16 23 11 15 15 8 8 3 3 2 1 1 0 0 1 1 1 1 3 4 7 1 7 2 11 21 13 56 66 35 17 7 5 4 2 4 4 1 1 0 4 9 12 17 24 30 33 41 45 66 69 68 68 70 61 69 61 47 73 67 47 38 47 60 63 78 37 55 52 31 30
32 51 39 33 47 68 71 25 55 49 66 49 78 49 36 48 61 28 32 27 59 35 19 15 23 36 24 33 26 30 11 5 1 5 3 2 3 1 0 0 0 1 1 2 3 1 4 6 1 8 9 41 51 29 27 21 17 9 4 2 4 3 2 1 0 0 4 10 16 17 20 27 42 37 36 36 37 37 82 44 67 72 54 51 43 29 64 68 66 79 72 55 44 58 59 59
84 34 53 53 64 42 49 60 58 48 58 57 49 42 41 73 33 45 37 67 59 36 42 32 20 44 49 46 57 33 22 6 2 2 2 2 2 2 2 0 0 1 2 2 1 2 15 4 1 7 38 47 61 20 16 22 11 7 6 3 3 2 1 1 0 0 1 4 8 11 4 15 14 16 33 47 45 46 72 64 54 68 85 45 34 52 51 61 78 69 60 70 54 58 46 58
79 93 87 90 84 56 15 9 57 33 66 75 84 76 60 67 64 74 56 68 55 53 53 45 42 54 69 73 37 37 21 12 11 6 4 4 1 2 3 1 0 1 1 2 1 1 1 1 1 7 18 57 49 13 18 16 16 7 4 4 3 1 1 0 0 0 5 7 10 20 27 37 55 49 30 31 46 77 72 75 77 58 59 72 42 48 64 64 54 37 72 83 52 44 57 65
62 87 73 80 75 60 74 34 56 44 21 39 81 86 89 61 46 55 66 66 62 56 67 52 64 65 76 60 55 48 36 23 16 13 12 4 3 4 2 1 1 0 0 1 2 1 1 0 1 5 14 8 24 8 23 11 13 11 5 2 3 2 1 0 0 2 6 11 16 32 53 44 29 44 66 45 60 76 76 89 77 64 59 54 16 28 31 49 69 81 86 61 81 50 50 60
46 85 61 77 76 63 87 62 41 73 52 41 71 79 74 64 73 52 79 88 88 71 60 44 79 68 71 59 45 34 36 28 25 24 17 10 6 3 2 2 2 1 0 1 2 1 2 0 1 1 3 7 31 15 30 25 10 12 4 5 1 1 1 0 1 3 8 7 16 29 52 63 67 56 73 77 79 77 69 85 83 52 35 32 17 28 50 69 62 90 62 70 79 81 54 55
51 79 66 63 80 55 63 25 46 75 59 34 13 59 68 65 74 58 56 83 87 52 75 39 72 58 71 57 49 22 33 49 44 38 30 10 4 3 3 2 1 1 0 0 2 1 1 0 0 0 3 11 30 6 9 4 10 15 11 3 1 1 0 0 1 3 7 7 16 26 41 57 49 34 34 47 83 59 80 80 88 85 27 19 17 36 64 43 73 84 72 80 66 59 41 61
15 40 26 52 73 59 58 15 48 80 44 26 18 34 69 65 70 66 32 38 67 47 44 62 30 29 78 48 27 16 9 13 23 18 18 15 7 7 7 2 1 1 0 0 1 1 1 1 0 1 4 14 11 21 9 4 4 3 2 1 1 1 0 0 1 2 4 5 10 16 26 21 29 44 46 62 88 89 73 64 79 83 66 20 10 28 28 51 81 69 62 29 21 28 39 59
15 45 70 52 62 41 70 47 59 82 67 37 35 32 67 81 51 12 13 26 38 22 30 69 38 19 62 49 58 20 2 16 33 25 11 20 15 10 3 1 1 0 0 0 0 1 2 1 1 4 5 10 4 6 4 4 1 1 2 2 1 1 0 0 1 1 2 3 4 12 23 28 46 45 56 80 88 87 82 49 56 68 63 31 10 21 41 65 61 31 30 60 58 57 62 74
24 15 15 20 29 43 74 29 64 65 84 53 33 27 30 23 16 13 13 31 26 24 17 60 22 45 53 39 55 67 30 16 17 13 15 19 13 9 5 3 1 0 0 0 0 0 1 1 0 2 5 10 1 3 3 8 2 1 1 2 0 0 0 0 1 3 17 12 18 37 49 67 74 57 70 93 89 88 81 61 17 37 54 47 12 21 39 63 46 47 86 65 46 52 41 75
27 33 15 16 28 46 67 57 38 56 76 54 22 11 30 31 13 33 12 14 22 20 17 61 21 15 48 36 42 56 35 25 30 11 5 5 2 3 2 2 2 1 0 0 0 0 0 0 0 1 4 5 1 2 2 1 3 4 1 0 0 0 0 1 1 3 7 20 44 53 80 56 33 49 80 93 87 78 77 78 64 21 51 45 11 22 43 41 31 71 70 50 64 78 21 10
28 38 27 18 25 17 63 67 58 25 79 47 16 6 25 24 31 35 23 15 17 24 5 24 50 5 16 19 46 72 27 6 13 8 13 13 8 6 3 2 2 1 1 0 0 0 0 0 0 1 5 5 1 2 2 1 2 1 1 1 0 0 0 1 0 4 8 25 38 40 20 26 49 57 75 78 84 75 68 51 66 28 18 23 21 36 29 23 63 85 48 60 67 74 66 23
40 28 28 12 11 15 46 75 36 32 63 58 33 5 22 22 42 33 27 18 18 32 13 15 70 12 20 20 42 41 47 30 27 28 20 13 11 7 5 1 1 0 1 0 0 0 0 0 1 3 8 5 1 2 1 0 0 1 1 1 0 0 0 1 2 7 26 28 20 17 34 41 55 86 76 68 82 52 35 29 58 33 18 5 7 26 29 49 83 58 46 57 78 64 64 31
70 17 29 14 11 16 29 38 12 10 70 45 7 4 18 20 41 31 40 30 33 25 23 17 31 17 7 19 30 26 38 45 23 13 11 4 7 6 5 3 1 1 0 0 0 0 0 0 1 2 6 3 1 1 0 0 0 0 0 0 0 0 0 0 2 10 12 8 8 14 40 50 78 84 83 63 44 62 22 23 51 21 7 3 13 38 49 64 71 29 57 83 75 69 78 41
18 29 13 12 9 7 11 19 14 18 55 24 11 4 12 17 36 12 28 20 18 23 21 14 22 30 14 7 3 18 18 35 16 9 11 7 3 2 3 3 1 0 0 0 0 0 0 0 1 3 4 1 1 1 1 0 0 0 0 0 0 0 0 1 2 6 3 2 11 32 42 50 81 86 70 55 40 45 47 14 20 16 5 4 17 22 45 69 43 43 77 69 66 67 60 52
17 12 23 22 8 9 3 6 4 6 18 8 22 9 5 13 31 12 7 23 9 6 3 23 25 35 4 4 1 5 24 37 33 12 6 3 3 2 1 1 1 1 0 0 0 0 0 0 1 1 2 1 0 1 0 0 1 0 0 0 0 0 0 1 3 2 1 4 18 34 47 75 73 73 66 59 38 28 46 17 9 10 4 5 16 22 52 58 42 33 38 53 48 41 57 63
30 17 11 26 27 15 13 4 3 9 7 6 17 19 5 10 18 20 5 6 5 7 5 45 20 23 11 1 2 1 6 8 27 22 11 5 3 2 1 1 2 1 0 0 0 0 0 0 1 1 1 1 2 1 1 1 1 0 0 0 0 0 0 1 1 0 1 9 21 55 60 79 77 60 36 16 12 12 18 17 13 3 2 5 12 17 37 34 22 16 37 30 20 36 54 66
33 19 10 14 17 27 10 4 1 8 8 4 4 7 4 5 11 13 5 4 3 2 2 6 2 5 18 2 2 2 1 6 22 24 9 4 5 11 7 4 1 1 0 0 0 0 0 0 0 1 1 1 1 0 1 1 1 0 0 0 0 0 0 0 0 1 2 5 24 76 70 66 80 70 36 17 5 2 5 10 6 3 1 2 8 16 29 16 10 30 39 46 73 60 73 65
63 32 15 5 11 18 27 3 5 9 10 5 2 4 4 2 5 13 4 3 2 1 1 3 1 1 9 5 1 2 1 1 8 40 20 7 3 2 1 1 1 1 1 0 0 0 0 0 0 0 1 1 1 1 0 0 0 0 0 0 0 0 0 0 1 5 7 23 46 47 78 80 64 74 60 29 15 6 2 2 5 3 1 0 2 5 7 4 10 27 37 71 73 63 58 62
45 75 27 11 3 6 5 5 5 8 6 4 7 2 3 1 1 13 5 2 1 1 0 2 2 0 4 5 1 2 1 0 3 11 31 13 5 5 6 3 1 1 0 0 0 0 0 0 0 0 1 1 1 0 1 0 0 0 0 0 0 0 0 0 1 6 12 9 19 43 69 60 51 48 68 34 12 5 1 1 1 1 0 1 2 1 2 6 18 31 62 67 42 55 64 63
10 59 65 37 13 6 2 10 3 3 3 3 8 3 2 1 1 11 5 3 1 0 0 1 3 0 2 2 2 2 1 1 3 2 3 22 6 1 3 3 1 0 0 0 0 0 0 0 0 0 0 0 1 0 0 0 0 0 0 0 0 0 0 0 1 1 1 9 54 57 56 52 37 40 37 29 14 5 5 1 0 0 0 1 4 10 9 5 13 36 38 28 30 51 69 62
6 30 38 52 20 9 4 9 7 2 5 3 4 3 4 2 1 3 8 1 1 1 0 1 2 1 1 2 0 2 3 1 2 3 3 1 17 7 5 2 1 0 0 0 0 0 0 0 0 0 0 0 0 0 1 0 0 0 0 0 0 0 0 0 1 2 6 10 42 66 57 67 52 13 13 19 11 9 5 2 1 0 0 1 3 7 20 33 13 13 12 25 43 55 77 56
14 18 14 32 13 6 6 5 6 5 3 3 3 4 3 2 2 2 4 2 1 1 0 1 3 2 1 1 0 1 3 1 0 1 2 5 6 2 9 3 1 0 0 0 0 0 0 0 0 0 0 0 0 0 1 0 0 0 0 0 0 0 0 0 1 2 5 20 37 48 79 66 60 30 10 5 9 5 4 2 0 0 0 3 5 9 25 49 44 37 41 27 46 54 80 68
7 15 5 14 14 13 7 5 4 3 2 1 1 2 2 3 1 2 1 2 1 0 0 1 0 2 1 1 1 0 1 0 0 1 3 5 6 2 11 1 1 1 0 0 0 0 0 0 0 0 0 0 0 0 1 0 0 0 0 0 0 0 0 0 1 2 5 11 36 26 67 60 44 34 38 10 7 4 2 0 0 0 0 2 8 17 27 43 59 51 52 50 44 68 91 78
10 6 7 4 7 3 4 3 12 8 3 1 1 1 1 2 1 1 1 1 1 1 0 0 1 1 0 1 1 0 0 0 1 1 10 12 5 3 1 2 2 1 0 0 0 0 0 0 0 0 0 0 0 0 1 0 0 0 0 0 0 0 0 0 1 2 5 23 42 53 56 61 47 29 16 17 7 4 1 0 0 1 1 0 2 13 19 31 46 32 53 58 75 91 90 77
3 7 4 3 2 2 2 1 2 2 1 1 1 1 1 1 1 1 1 1 1 1 0 0 0 1 0 1 0 1 0 0 1 3 4 8 12 24 19 9 1 1 0 0 0 0 0 0 0 0 0 0 0 0 0 0 0 0 0 0 0 0 0 0 1 5 18 37 43 57 59 58 51 37 10 5 6 1 1 0 0 1 5 3 3 2 5 10 17 38 42 70 68 89 89 71
2 3 1 2 1 1 1 0 1 1 0 1 1 0 0 0 0 0 0 0 1 0 0 0 0 0 0 1 1 0 0 0 0 1 1 1 1 1 2 0 1 1 1 0 0 0 0 0 0 0 0 0 0 0 0 0 0 0 0 0 0 0 0 1 2 2 6 12 38 56 32 61 33 21 6 3 2 1 1 0 0 1 5 8 21 13 18 17 33 56 62 66 79 80 71 57
0 0 1 0 0 0 0 0 0 1 0 0 0 0 0 0 0 0 0 0 0 0 0 0 0 1 1 0 0 0 0 0 0 0 0 0 0 0 1 1 1 0 0 0 0 0 0 0 0 0 0 0 0 0 0 0 0 0 0 0 0 0 0 1 1 4 4 13 23 19 27 38 31 11 4 2 1 0 0 0 0 1 2 5 9 24 44 42 57 79 72 55 71 55 59 47
1 0 0 0 0 0 0 1 1 1 2 2 2 3 1 1 0 0 0 0 0 0 0 0 0 0 0 0 0 0 0 0 0 0 0 0 0 0 0 0 1 1 0 0 0 0 0 0 0 0 0 0 0 0 0 0 0 0 0 0 0 0 0 0 1 3 4 17 14 17 28 14 14 4 2 1 0 0 0 0 1 2 4 8 11 30 73 68 29 38 75 85 57 22 25 39
5 2 1 2 2 2 2 4 2 3 6 7 10 6 4 2 1 0 0 0 0 0 0 0 0 0 0 0 0 1 0 0 0 0 0 0 0 0 0 0 1 0 0 0 0 0 0 0 0 0 0 0 0 0 0 0 0 0 0 0 0 0 0 0 1 4 6 4 7 11 12 7 9 2 1 0 0 0 0 1 2 4 7 13 37 42 36 11 24 61 88 83 79 23 10 14
10 3 2 6 7 8 8 9 10 11 11 9 10 17 7 3 2 2 1 0 0 0 0 0 0 0 0 0 0 0 0 0 0 0 0 0 0 0 0 0 0 0 0 0 0 0 0 0 0 0 0 0 0 0 0 0 0 0 0 0 0 0 0 0 1 4 9 4 2 2 4 4 2 1 0 0 0 0 1 2 5 6 14 33 31 10 5 13 34 79 85 71 45 42 6 2
15 9 5 15 15 26 16 19 29 20 27 18 28 16 9 7 9 4 1 2 1 0 0 0 0 0 0 0 0 0 0 0 0 0 0 0 0 0 0 0 0 0 0 0 0 0 0 0 0 0 0 0 0 0 0 0 0 0 0 0 0 0 0 0 1 4 7 6 1 4 2 1 1 0 0 0 0 0 1 1 4 14 10 8 3 3 9 27 48 68 67 59 24 44 9 2
28 21 13 32 52 69 52 42 61 50 44 31 57 43 34 22 7 2 2 5 2 0 1 1 1 0 0 0 0 0 0 0 0 0 0 0 0 0 0 0 0 0 0 0 0 0 0 0 0 0 0 0 0 0 0 0 0 0 0 0 0 0 0 0 1 3 11 5 2 1 1 1 0 0 0 0 0 0 1 1 5 5 3 1 3 11 19 51 65 48 51 28 14 19 25 2
66 68 54 41 44 41 27 16 44 26 28 25 28 40 40 12 11 10 9 7 4 1 0 0 1 0 0 0 0 0 0 0 0 0 0 0 0 0 0 0 0 0 0 0 0 0 0 0 0 0 0 0 0 0 0 0 0 0 0 0 0 0 0 0 0 3 13 11 1 2 1 0 0 0 0 0 0 0 1 1 1 0 0 2 6 14 24 67 71 87 39 7 5 7 11 2
