sesion_6_simulaciones/modelos_agentes/ejemplos_netlogo/scenarios/cgcm2_b2/rob_2048.asc
NCOLS 322 
NROWS 307 
XLLCORNER 451900 
YLLCORNER 4086900 
CELLSIZE 100 
NODATA_value -9999 
[rows 146 to 218 of 307, columns 0 to 95 of 322]
0 0 0 1 1 1 9 2 2 0 11 17 4 14 7 9 16 9 6 1 1 0 0 0 2 1 1 1 1 0 0 0 0 1 3 3 1 3 7 12 10 15 20 24 2 18 17 20 20 12 11 26 32 17 7 7 13 27 24 21 16 42 32 24 12 27 29 33 58 54 46 72 53 69 60 74 78 71 78 68 43 67 77 63 42 45 66 39 68 78 64 65 62 64 62 76
3 6 10 3 12 1 0 1 5 3 15 19 14 48 19 21 38 19 5 5 2 2 1 0 1 0 1 1 1 0 1 0 1 2 1 1 3 2 3 2 4 9 15 34 21 11 20 12 19 16 15 12 10 40 58 26 24 21 19 22 33 31 39 20 29 36 51 29 50 61 43 58 65 62 77 52 66 61 76 67 25 37 48 59 35 10 14 29 69 66 67 73 38 43 32 68
0 7 5 4 9 13 12 7 2 2 2 43 30 33 30 33 50 32 22 35 12 16 4 1 0 0 0 0 0 0 1 0 0 1 0 1 1 1 1 1 7 9 8 6 13 6 16 16 10 19 10 13 26 8 17 30 27 14 9 29 38 41 33 25 37 50 55 31 38 69 65 57 34 44 66 77 27 22 22 37 35 29 13 20 54 42 14 8 34 29 24 27 46 40 23 45
3 8 8 11 16 22 13 26 22 5 7 22 32 47 53 61 68 34 38 37 35 25 4 11 1 0 0 0 0 0 3 2 0 1 0 0 0 1 1 2 4 3 2 5 11 49 21 16 7 8 6 18 20 18 5 5 6 4 27 20 19 54 34 24 35 59 54 54 56 67 37 18 14 51 37 35 63 15 17 43 39 22 29 22 10 46 20 13 10 17 7 34 21 44 29 11
1 1 2 18 10 32 25 5 13 26 10 16 67 69 69 40 74 57 54 63 38 9 6 3 4 2 0 1 1 1 0 3 1 2 3 3 1 2 3 3 2 2 4 22 36 23 13 10 8 7 8 11 12 12 24 18 22 24 26 27 41 53 27 24 56 55 65 72 49 11 55 33 31 46 68 26 32 10 4 11 24 25 19 33 14 16 40 26 12 15 9 6 12 16 22 8
0 1 2 1 2 2 2 3 5 5 15 6 21 57 58 49 77 72 66 12 4 4 11 8 18 9 2 1 1 0 0 1 13 10 9 16 22 2 1 3 8 12 32 27 8 9 4 10 6 5 13 12 13 11 14 12 29 31 32 35 57 47 45 30 54 74 58 47 77 38 18 56 59 31 38 13 27 46 22 10 12 21 23 13 18 10 14 39 27 14 12 6 5 13 18 15
6 1 1 1 2 2 3 5 6 9 6 20 10 6 4 5 7 6 11 13 7 25 25 19 39 7 22 5 4 4 2 3 10 1 0 0 2 22 1 1 8 5 10 15 13 23 25 34 14 7 13 13 18 16 5 16 21 53 29 51 54 60 70 88 84 68 63 38 42 84 40 34 33 41 23 7 12 13 42 25 13 14 27 21 13 17 11 13 34 12 9 8 3 3 9 8
8 7 4 2 3 2 2 8 1 3 13 11 10 17 10 11 7 18 27 38 63 37 62 30 23 11 8 7 5 17 8 1 0 1 1 0 1 2 8 2 1 34 4 7 12 8 4 8 21 12 21 28 27 19 6 13 20 39 64 53 77 65 77 78 76 78 68 22 37 68 74 54 36 22 33 20 15 12 22 14 22 16 13 21 14 13 10 10 43 23 6 5 6 2 8 9
29 10 24 13 9 9 14 2 3 2 5 7 9 30 31 10 4 16 45 48 64 80 54 70 39 24 33 28 11 14 42 18 6 1 2 2 5 4 4 9 1 19 6 6 17 2 5 8 6 26 31 42 53 40 39 21 27 42 64 62 45 37 74 77 75 66 68 49 36 52 79 27 35 21 15 12 21 7 21 39 15 22 19 10 10 8 9 6 14 9 17 5 3 2 2 3
44 30 40 18 28 17 14 19 3 2 6 4 25 19 8 23 17 13 11 49 65 56 47 57 38 26 35 27 14 4 13 55 44 23 15 4 5 7 7 10 4 19 44 12 17 9 5 5 6 11 11 15 31 9 13 42 28 54 39 22 20 24 28 55 52 21 30 18 49 62 58 52 29 23 29 10 11 15 16 28 23 13 18 14 7 8 7 7 6 6 8 10 6 3 2 1
20 37 28 50 57 33 12 45 7 3 5 6 6 8 21 24 15 28 19 11 15 47 56 16 24 48 17 46 22 4 4 5 28 53 36 15 9 8 6 10 10 26 48 8 13 15 12 17 20 24 24 31 21 21 25 23 38 66 48 45 50 47 22 15 8 27 23 26 20 33 35 55 60 31 15 9 11 14 17 23 25 36 9 12 6 6 5 2 4 7 5 2 10 3 1 1
54 71 51 71 54 15 39 63 14 14 14 5 21 45 37 18 36 25 25 13 16 17 12 46 27 9 14 41 50 13 11 8 6 47 46 34 37 26 24 33 27 15 51 44 14 10 16 21 19 22 35 53 23 37 45 23 17 39 48 39 34 24 13 23 24 7 3 16 37 40 43 55 27 31 14 12 17 15 24 16 18 14 19 6 5 4 2 2 2 2 4 2 3 4 1 1
36 75 28 76 28 57 58 62 9 22 24 11 9 8 23 25 29 58 52 63 19 13 17 19 18 15 23 64 20 64 17 32 24 47 18 37 35 68 33 25 33 17 42 49 55 16 12 11 28 21 22 19 15 34 42 20 35 69 67 72 32 43 50 40 36 17 15 22 28 30 28 39 29 17 27 7 14 22 19 21 11 8 11 10 3 2 1 0 1 2 2 3 3 2 2 2
10 65 46 60 59 67 62 17 27 45 36 21 18 12 12 8 12 25 26 61 35 9 16 20 55 52 46 54 18 62 61 18 20 27 56 62 48 71 82 41 34 10 19 50 54 39 31 17 30 8 7 12 41 39 26 25 31 26 21 24 19 34 54 48 47 32 31 31 22 25 27 25 18 25 7 12 11 15 9 7 7 5 4 6 8 5 3 5 2 1 1 1 2 2 1 1
11 10 8 49 63 62 19 23 59 31 47 60 39 28 13 18 25 24 34 17 28 47 42 14 46 48 55 59 63 28 79 73 31 12 34 76 72 55 45 61 61 13 25 58 71 73 26 22 25 22 16 14 63 28 78 78 76 61 81 67 46 26 32 32 33 30 31 33 28 16 17 24 19 22 10 17 8 7 8 10 5 4 4 7 3 3 3 4 2 2 2 1 1 1 1 0
10 48 29 21 14 38 29 68 70 43 41 52 21 38 10 25 18 21 33 23 29 31 32 14 58 66 58 80 72 55 72 84 74 42 34 10 28 53 38 19 26 16 10 78 76 71 49 53 36 56 77 85 72 43 39 71 63 34 37 56 55 37 45 35 33 25 23 36 26 12 15 13 16 16 10 11 9 10 5 4 4 4 1 3 2 1 3 2 1 1 1 1 0 0 0 1
28 34 24 44 36 16 50 81 68 74 11 40 59 53 69 30 49 20 17 16 19 9 37 61 82 57 81 87 71 70 47 61 78 49 47 24 54 71 80 83 65 43 25 35 79 63 48 84 46 51 76 74 81 47 30 79 85 53 39 29 68 67 26 54 36 33 21 23 19 14 18 14 12 10 8 10 7 6 5 2 2 2 2 2 2 1 1 1 1 1 0 0 0 0 0 0
22 22 53 28 25 9 41 66 48 77 26 38 68 54 71 47 24 38 27 43 47 51 16 51 66 73 82 83 59 82 65 81 72 74 72 75 67 76 81 71 15 54 61 27 12 49 51 72 52 47 69 66 68 73 38 46 73 89 61 45 55 33 35 32 38 46 43 34 20 11 20 10 7 5 5 3 5 2 1 1 1 1 1 1 1 0 0 0 0 0 0 1 1 1 1 1
19 14 7 22 33 33 13 78 25 26 27 43 51 11 39 53 29 34 27 62 61 33 33 18 54 83 77 83 63 86 71 74 68 60 71 72 83 77 76 82 75 53 20 16 7 10 55 63 42 18 31 65 72 75 74 80 83 79 86 46 32 38 34 41 37 36 45 20 14 20 10 6 6 5 2 1 1 1 2 3 3 1 1 0 1 2 3 3 5 1 2 6 2 5 4 2
8 18 36 28 17 13 14 33 40 37 60 54 63 62 27 50 34 53 17 14 34 69 43 27 13 33 37 69 68 40 16 18 16 33 31 32 74 56 60 72 72 60 44 17 6 11 52 52 40 32 24 20 45 77 76 69 55 56 79 74 34 24 33 33 36 32 17 24 12 5 6 7 6 3 3 2 1 1 1 1 2 3 2 4 7 12 11 11 6 4 5 12 10 16 14 5
15 11 13 11 23 17 21 18 20 18 36 66 66 72 18 15 26 58 59 37 30 26 47 16 29 38 29 31 19 26 42 30 43 40 62 36 30 27 25 26 21 36 26 12 12 16 38 42 54 31 31 29 7 43 39 50 52 62 42 56 51 26 51 48 38 23 20 11 11 7 6 6 2 1 2 2 1 0 1 2 12 14 9 16 20 23 20 29 19 21 44 42 20 32 16 9
8 10 16 38 32 34 31 25 30 29 42 9 14 19 30 39 25 17 62 63 54 30 32 11 29 56 53 43 30 34 52 60 32 61 32 26 27 35 37 34 22 14 20 18 32 31 54 50 54 44 27 14 17 17 22 49 22 16 14 41 24 32 30 18 25 13 8 11 10 4 3 2 3 2 3 3 4 1 10 12 26 26 26 33 34 54 49 34 32 38 13 5 9 7 8 22
12 18 34 19 20 26 27 18 34 56 16 20 42 40 22 42 8 13 17 26 34 24 20 20 34 28 45 38 61 23 53 40 35 41 29 27 37 59 28 56 34 18 13 11 12 21 31 47 37 39 23 38 36 24 31 29 28 23 27 35 52 43 26 8 12 11 9 4 5 2 2 15 14 8 8 12 4 7 19 41 57 45 46 69 59 52 52 33 43 40 17 5 2 2 4 15
30 53 50 59 24 21 24 21 36 45 25 27 41 39 35 19 24 22 39 39 24 30 37 22 33 28 25 44 24 28 43 39 43 34 25 28 23 46 22 55 40 30 22 8 5 4 17 21 66 62 35 29 61 32 17 38 45 58 51 38 44 23 14 8 9 6 2 3 8 6 15 26 32 12 18 20 11 22 48 54 69 82 47 74 53 50 38 39 32 28 17 12 3 2 1 3
9 9 6 8 12 12 37 32 48 26 31 16 29 48 18 8 15 20 23 20 12 9 9 21 29 24 19 25 32 37 35 36 21 28 21 9 33 23 39 55 31 33 47 22 23 11 7 21 25 50 33 45 35 17 20 33 35 29 21 12 11 7 4 2 2 1 7 17 28 21 35 47 45 28 42 29 16 34 59 60 84 67 50 43 26 5 6 21 8 11 7 3 3 1 1 5
12 23 15 31 23 32 19 31 31 28 10 14 24 29 37 33 39 16 15 15 19 6 9 27 54 42 25 22 34 19 16 34 66 34 20 13 31 18 56 18 45 26 35 31 18 10 15 18 12 26 34 29 13 22 20 18 43 18 10 7 5 14 14 20 8 15 25 42 41 39 39 55 37 38 44 38 31 46 63 73 72 55 32 24 16 8 7 7 12 4 3 3 2 1 0 1
8 10 11 23 41 10 12 16 16 24 21 14 37 26 57 36 27 45 34 25 53 24 29 25 45 53 26 49 16 24 34 24 55 55 32 21 24 36 36 16 20 20 29 33 13 23 16 10 11 16 17 24 21 22 21 18 10 5 5 20 18 34 32 33 23 25 43 50 64 63 45 60 59 59 44 56 57 61 64 65 57 69 39 23 12 12 7 3 17 7 2 1 0 1 1 1
12 7 13 21 11 11 11 23 33 23 31 40 35 25 21 21 62 59 33 36 38 29 44 21 29 45 55 36 17 18 14 18 21 19 31 41 11 16 42 35 30 37 27 17 27 19 20 18 12 16 20 22 35 25 14 11 14 19 28 46 40 38 51 39 31 47 51 52 66 50 57 66 77 46 51 57 65 70 80 57 27 21 23 26 16 9 5 3 2 3 1 1 1 0 1 1
8 14 18 12 6 38 29 21 47 60 66 59 54 62 32 17 22 44 36 46 11 30 54 24 31 26 42 54 33 50 32 26 20 22 40 53 20 33 39 48 40 9 10 19 15 19 10 9 16 22 22 38 29 20 27 17 24 27 49 45 41 40 54 42 37 47 55 40 68 61 48 75 61 47 55 75 65 68 30 81 56 53 23 14 15 10 6 6 2 1 1 1 0 0 0 0
7 9 12 9 6 7 13 23 24 35 46 65 49 48 60 18 31 28 19 18 22 47 54 31 16 21 11 30 18 24 19 20 31 30 45 39 21 37 47 44 33 16 7 6 13 14 17 30 17 19 35 24 19 40 24 21 33 52 52 58 50 48 50 39 40 66 66 53 70 66 66 66 81 79 59 63 71 68 29 24 48 58 36 25 9 6 6 6 3 1 1 0 0 1 1 0
7 7 27 7 20 6 11 11 22 30 11 14 12 13 22 33 32 29 58 23 36 52 30 39 10 37 16 39 16 12 21 25 26 23 32 26 27 27 36 40 30 15 5 11 14 15 21 23 23 23 25 40 28 24 22 37 49 47 45 49 46 36 54 51 53 70 65 67 66 85 75 69 64 75 28 27 19 52 57 34 19 37 22 13 8 6 7 2 1 2 1 1 0 0 0 0
7 22 18 47 5 46 38 4 21 14 29 15 40 24 32 26 31 22 21 24 14 36 15 23 17 12 16 19 9 24 26 20 20 23 24 17 23 16 23 36 25 21 21 28 37 16 27 17 35 44 41 55 40 25 39 43 45 55 37 43 62 48 60 64 54 69 55 75 37 56 83 81 78 64 75 57 41 18 13 27 19 12 25 20 16 11 8 12 4 1 1 1 1 0 0 0
40 19 8 19 38 17 9 21 20 22 13 27 15 15 41 20 22 4 19 28 23 9 17 20 13 8 11 4 9 5 8 16 14 41 11 13 13 20 21 8 14 26 10 16 14 24 10 24 39 51 45 45 39 37 35 55 45 54 51 45 52 60 52 56 64 71 50 50 79 38 77 80 59 75 79 82 65 60 56 39 32 23 8 4 9 13 6 7 2 1 1 0 1 0 0 0
24 65 22 34 7 13 10 18 11 11 30 9 15 33 44 51 55 17 17 37 18 12 5 9 18 5 7 6 6 4 5 14 18 19 8 11 12 10 31 22 14 25 13 46 23 23 25 20 42 50 34 33 35 34 34 38 59 52 47 67 64 75 56 50 62 26 43 43 43 54 40 72 48 61 75 79 80 87 71 55 55 61 58 32 8 6 7 6 3 1 1 0 0 0 0 0
8 17 11 12 22 25 12 10 11 15 22 11 31 13 10 12 9 16 16 23 33 9 17 11 11 5 5 2 4 6 7 13 8 8 9 7 10 21 28 20 12 11 24 46 11 35 25 28 34 54 25 31 32 31 32 37 52 60 47 59 73 45 41 72 73 65 47 32 21 8 19 21 35 35 63 72 66 71 75 54 72 57 45 16 11 11 9 5 6 2 1 1 0 0 0 0
7 9 21 16 14 19 13 8 3 14 2 3 10 13 44 20 36 13 13 14 21 8 7 10 8 6 9 4 3 3 7 5 6 12 2 3 6 23 12 12 7 15 16 28 25 21 25 28 36 32 19 33 25 26 39 27 51 64 70 57 61 71 28 12 11 18 25 45 39 30 15 13 7 19 33 57 47 69 81 41 57 73 42 26 16 8 7 6 4 2 1 1 0 0 0 0
4 24 14 7 8 10 7 5 2 3 4 6 5 16 18 13 18 17 17 17 10 18 5 14 7 7 11 2 2 5 2 4 9 5 8 11 13 26 3 4 9 17 16 24 21 13 17 20 25 15 32 45 36 43 45 39 56 52 50 33 38 61 25 25 47 63 69 55 54 41 35 46 16 5 11 39 35 62 75 59 40 39 35 24 13 11 9 5 4 3 2 2 1 0 0 0
4 8 8 8 9 7 6 3 1 1 2 4 7 3 6 12 10 14 4 3 2 2 4 2 2 9 5 2 4 3 2 2 6 3 1 3 7 9 7 8 10 10 22 27 10 12 17 16 26 28 49 70 52 72 68 81 66 55 61 36 25 9 65 47 19 54 70 54 58 60 61 42 21 18 8 9 11 26 59 32 23 11 8 14 5 8 3 3 3 3 2 1 1 1 0 0
8 1 2 6 1 4 1 0 1 0 0 0 1 2 8 3 2 3 5 2 2 1 1 2 1 2 1 2 4 2 0 1 1 2 2 2 7 5 3 7 11 28 52 70 47 48 33 31 31 18 71 35 77 69 54 64 39 43 61 71 24 20 21 78 31 32 47 68 51 45 67 70 73 43 29 10 5 3 4 3 5 5 3 9 10 2 2 1 1 3 1 1 1 1 0 0
0 1 1 1 1 1 1 0 0 1 3 0 1 1 1 3 2 2 3 2 2 1 2 2 0 0 1 1 1 0 0 0 1 5 19 19 23 36 48 50 53 70 41 72 57 64 65 13 38 59 28 27 59 54 61 65 42 69 73 54 48 33 15 52 72 28 10 35 63 75 62 60 33 32 38 32 13 5 6 2 5 5 4 2 8 6 1 2 1 1 1 0 0 0 0 0
0 1 1 0 0 0 2 9 17 2 4 3 9 1 0 2 1 1 1 1 1 0 0 0 1 0 2 4 3 1 0 1 1 1 2 16 29 48 38 48 47 68 46 48 68 69 69 29 22 29 77 53 23 50 20 34 32 68 81 63 55 43 29 31 83 39 38 19 42 58 80 25 13 23 26 41 30 21 16 10 4 3 1 2 2 5 2 1 1 0 1 0 0 0 0 0
1 1 1 2 2 7 11 4 6 8 8 3 4 3 1 1 0 0 0 0 0 0 4 2 7 7 2 1 3 1 0 4 3 1 3 4 8 43 49 55 41 36 30 31 59 73 82 82 28 31 52 58 38 24 48 17 50 55 78 72 23 35 27 15 80 58 27 25 26 75 74 84 48 36 25 15 11 9 6 7 11 8 3 1 1 1 3 2 1 1 0 1 0 0 0 0
4 4 2 16 9 12 15 26 23 23 7 7 9 3 2 1 0 0 0 0 0 0 0 1 1 2 7 5 1 1 1 1 2 5 1 4 14 35 48 64 50 26 17 27 41 75 83 82 86 82 29 40 37 36 25 16 35 59 69 73 27 34 39 31 56 86 60 39 23 13 17 44 22 24 15 34 22 8 5 4 3 4 5 4 1 0 1 1 1 1 0 1 0 0 0 0
5 9 13 14 24 22 32 16 39 33 15 28 17 6 21 10 7 3 1 0 0 0 0 0 0 1 2 9 1 1 2 1 5 4 7 8 8 8 4 3 48 48 16 32 23 31 57 63 81 86 77 48 49 62 38 52 35 65 77 63 67 26 45 39 28 81 89 69 49 20 11 13 43 28 16 14 21 22 8 6 2 3 3 4 3 1 0 1 1 1 0 0 0 0 0 0
1 1 3 20 35 25 60 65 67 64 45 39 18 31 44 29 11 5 8 2 1 1 1 1 1 3 8 2 2 2 2 4 12 5 8 14 13 13 10 10 10 21 20 20 14 30 65 39 70 79 88 56 49 48 61 57 12 57 71 69 66 49 37 33 19 72 79 82 55 49 10 4 31 50 20 5 7 4 9 3 3 2 2 2 3 1 0 0 1 1 1 0 0 0 0 0
2 4 6 38 44 61 67 61 57 76 80 51 55 54 52 37 18 23 14 8 3 1 2 4 9 30 24 3 1 3 3 6 4 8 5 10 12 18 23 14 10 10 11 9 26 32 49 42 14 65 79 85 47 37 48 25 19 17 46 55 84 78 22 25 45 55 57 78 31 46 33 6 8 29 21 12 7 7 10 7 3 3 1 1 1 1 1 0 0 0 0 0 0 0 0 0
1 2 2 2 3 5 19 28 32 13 40 71 84 72 63 30 27 45 19 13 18 2 2 2 2 2 22 37 5 2 4 6 6 14 12 9 14 16 28 16 24 35 29 22 17 10 58 60 45 33 57 77 64 34 17 15 35 13 22 51 49 45 33 27 29 43 27 73 27 34 24 26 4 13 16 22 14 10 10 6 5 3 1 1 0 1 1 0 0 0 0 0 0 0 0 0
1 1 3 10 13 19 60 24 25 19 24 20 62 80 82 61 52 50 18 26 9 17 5 14 10 3 2 4 7 3 1 6 10 24 7 9 7 13 26 24 21 23 17 19 33 32 31 12 40 65 38 49 14 18 10 27 22 31 24 27 49 56 43 33 14 16 17 58 61 20 9 18 16 4 8 6 13 6 4 2 3 2 2 1 0 1 0 0 0 0 0 0 0 0 0 0
1 2 1 1 5 5 13 17 13 26 15 4 14 40 64 77 74 21 4 4 6 21 12 22 11 11 7 3 3 6 4 38 25 9 41 17 18 22 26 18 24 38 49 36 45 30 38 22 24 21 70 45 37 26 18 14 25 30 22 25 43 62 43 25 24 18 26 43 61 39 15 7 21 13 7 2 2 7 5 3 1 1 1 1 1 0 0 0 0 0 0 0 0 0 0 0
2 0 1 3 8 11 7 8 11 19 26 17 39 15 15 22 31 16 7 13 29 5 9 18 48 47 5 8 4 38 15 15 45 35 54 19 63 26 19 19 23 27 25 38 32 36 36 26 26 29 27 38 26 26 32 24 19 27 14 7 14 22 35 33 31 23 17 24 32 38 18 19 22 10 11 4 2 5 4 2 2 1 1 1 0 0 0 0 0 0 0 0 0 0 0 0
12 2 10 2 3 7 8 13 19 30 19 23 8 26 38 21 28 19 8 17 3 17 16 12 5 16 18 30 28 5 13 33 30 12 19 21 10 49 17 25 27 35 17 24 18 20 19 29 34 37 22 12 41 43 30 38 25 20 20 19 10 17 36 19 17 17 11 13 20 35 10 11 9 5 6 4 2 1 2 3 2 1 1 0 0 0 0 0 0 0 0 0 0 0 0 0
21 17 1 1 7 3 21 43 9 10 22 20 18 41 14 27 11 9 6 4 7 12 13 16 14 9 12 16 8 14 6 39 17 35 28 46 8 20 37 12 19 34 27 39 38 15 23 27 22 35 16 28 8 20 18 47 18 22 17 27 18 16 7 7 5 2 1 4 7 8 5 2 7 5 4 7 5 2 3 1 1 1 1 1 0 0 0 0 0 0 0 0 0 0 0 0
21 16 44 7 5 21 3 3 29 30 8 27 11 36 14 25 22 10 9 18 23 31 16 7 17 21 15 20 46 46 31 7 8 13 30 20 18 5 49 31 30 24 12 17 36 32 22 14 26 34 25 8 43 26 17 44 29 11 19 9 8 14 7 6 2 1 1 1 4 8 7 2 2 4 4 6 4 2 5 2 1 1 0 0 0 0 0 0 0 0 0 0 0 0 0 0
9 22 35 19 3 2 19 7 2 7 17 12 6 10 25 15 9 5 7 11 23 22 47 31 24 24 22 21 56 66 36 22 10 23 37 29 44 19 6 52 22 34 32 29 17 16 22 31 26 29 14 6 13 7 5 22 14 11 11 5 6 11 7 6 5 2 1 1 1 3 4 3 5 5 6 7 8 4 1 1 1 0 0 0 0 0 0 0 0 0 0 0 0 0 0 0
31 19 53 25 36 10 3 44 8 16 42 11 28 21 10 32 8 7 8 8 7 19 31 28 26 32 30 29 43 72 72 48 20 16 60 46 47 30 12 26 64 23 22 55 34 35 26 34 35 18 12 5 4 6 5 6 11 8 5 3 3 3 4 8 2 3 1 1 1 0 1 2 2 1 1 2 2 4 2 1 1 0 0 0 0 0 0 0 0 0 0 0 0 0 0 0
36 27 20 42 17 23 29 9 54 28 44 63 38 45 29 13 12 10 14 37 12 31 51 41 29 31 34 26 17 21 65 53 35 25 23 56 35 25 19 12 18 47 17 15 17 21 24 34 51 29 38 14 8 6 5 4 5 3 3 11 3 2 2 2 1 1 1 0 0 0 0 0 0 0 0 1 1 1 1 1 1 0 0 0 0 0 0 0 0 0 0 0 0 0 0 0
14 50 37 48 36 45 58 45 24 19 11 7 15 10 14 39 24 14 29 7 48 19 59 66 30 34 38 25 15 7 13 42 59 34 13 36 44 19 42 31 23 13 38 40 22 22 37 26 39 20 42 16 7 5 4 3 3 3 1 4 4 2 1 1 0 0 1 1 0 0 0 0 0 0 0 0 0 0 1 0 0 0 0 0 0 0 0 0 0 0 0 0 0 0 0 0
11 12 4 22 24 4 7 5 24 16 37 35 35 40 18 21 39 34 30 25 19 15 54 79 53 46 43 45 25 8 8 9 52 33 36 30 51 17 43 47 33 15 12 38 27 36 27 25 32 14 4 5 10 8 7 5 2 1 0 0 1 1 1 0 0 0 0 0 0 0 0 0 0 0 0 0 0 0 0 0 0 0 0 0 0 0 0 0 0 0 0 0 0 0 0 0
8 14 11 5 6 14 10 9 10 26 15 24 18 10 19 37 14 11 20 37 21 68 39 64 68 47 57 48 49 22 10 13 9 27 35 39 47 20 44 28 32 34 25 20 36 24 25 40 32 24 17 7 9 4 4 3 1 1 0 0 0 0 0 0 0 0 0 0 0 0 0 0 0 0 0 0 0 0 0 0 0 0 0 0 0 0 0 0 0 0 0 0 0 0 0 0
17 13 13 7 13 26 13 9 17 17 8 13 17 7 18 29 19 23 13 16 57 40 29 26 73 44 17 15 15 10 13 6 14 6 13 19 82 62 30 42 29 15 25 28 17 30 19 21 43 37 29 12 7 4 3 2 1 0 0 1 1 1 1 1 1 0 0 0 0 0 0 0 0 0 0 0 0 0 0 0 0 0 0 0 0 0 0 0 0 0 0 0 0 0 0 0
8 5 6 4 2 6 6 8 4 3 13 11 16 5 10 20 12 20 31 65 39 27 39 54 74 63 26 20 20 24 21 22 8 12 14 9 6 9 27 26 18 34 14 26 21 33 34 21 43 25 28 23 14 6 2 1 1 1 1 2 4 5 6 4 1 1 1 0 0 0 0 0 0 0 0 0 0 0 0 0 0 0 0 0 0 0 0 0 0 0 0 0 0 0 0 0
4 2 4 2 5 4 4 3 2 1 2 4 9 10 7 10 9 22 26 18 22 25 13 7 15 14 11 16 37 40 22 47 35 14 11 8 10 9 7 22 17 35 25 12 33 22 35 25 22 12 15 12 7 5 2 2 1 2 4 6 7 7 5 4 2 1 1 1 1 1 1 0 0 0 0 0 0 0 0 0 0 0 0 0 0 0 0 0 0 0 0 0 0 0 0 0
4 2 3 1 2 2 5 9 23 23 19 1 3 7 8 4 8 22 47 30 39 14 23 16 11 16 42 24 28 36 50 36 23 24 28 6 4 5 9 13 11 19 28 29 30 26 18 13 27 13 9 6 4 2 3 5 3 7 10 7 13 9 10 6 4 3 3 4 4 2 2 1 0 0 0 0 0 0 0 0 0 0 0 0 0 0 0 0 0 0 0 0 0 0 0 0
1 1 1 1 5 6 2 14 40 47 28 29 13 4 8 14 14 29 34 16 10 14 30 23 19 21 34 17 8 24 22 15 7 14 26 16 7 6 12 7 5 10 9 11 17 17 18 11 17 12 5 2 4 6 11 9 9 13 15 15 10 15 17 11 17 6 7 6 6 5 1 0 0 0 1 0 0 0 0 0 0 0 0 0 0 0 0 0 0 0 0 0 0 0 0 0
1 1 4 5 6 6 15 11 3 14 36 34 29 39 45 38 66 32 26 36 9 6 28 16 21 30 17 16 10 13 23 24 24 18 27 14 10 21 24 8 4 22 11 16 11 6 17 8 7 5 4 6 12 20 19 21 15 13 14 17 12 21 22 27 25 17 9 7 7 5 3 2 3 1 1 1 0 0 0 0 0 0 0 0 0 0 0 0 0 0 0 0 0 0 0 0
2 0 0 2 15 15 27 60 53 28 33 62 49 36 63 46 78 76 72 49 21 40 5 7 8 7 27 31 32 43 14 54 54 26 10 13 5 16 17 9 26 13 12 10 14 9 10 9 6 7 14 13 29 43 40 27 35 19 23 22 17 32 31 31 23 20 13 10 10 8 5 1 1 0 0 0 1 0 0 0 0 0 0 0 0 0 0 0 0 0 0 0 0 0 0 0
4 5 14 2 2 17 39 56 64 26 22 69 31 28 63 40 38 19 36 53 15 25 16 14 9 16 22 32 33 52 25 16 16 39 22 20 7 30 15 14 20 28 22 21 23 33 30 22 7 26 37 34 39 55 57 55 25 15 49 31 24 33 34 23 33 31 6 22 20 8 6 3 2 1 0 1 2 1 0 0 0 0 0 0 0 0 0 0 0 0 0 0 0 0 0 0
19 5 9 28 13 6 7 15 19 58 15 61 35 39 56 24 10 16 30 18 13 7 19 11 17 30 30 16 11 35 25 17 9 7 11 9 24 28 13 10 42 44 25 52 43 23 24 13 12 32 53 49 49 77 45 40 34 18 61 32 28 33 46 47 35 25 19 23 10 5 5 3 2 3 1 1 2 1 0 0 0 0 0 0 0 0 0 0 0 0 0 0 0 0 0 0
41 40 9 34 35 55 51 28 10 12 39 74 60 18 65 23 26 18 31 19 10 8 30 13 27 23 26 23 20 17 11 14 16 22 28 18 33 7 13 24 41 42 55 56 36 19 11 19 37 30 47 64 76 46 32 43 42 26 70 37 63 29 50 30 28 54 33 16 24 8 5 5 11 9 2 0 1 1 1 0 0 0 0 0 0 0 0 0 0 0 0 0 0 0 0 0
34 49 52 41 46 77 57 81 56 7 30 64 8 20 49 41 28 11 45 7 7 7 16 9 40 27 15 13 13 4 3 14 26 17 37 13 43 10 32 28 57 59 67 35 31 21 22 40 49 45 42 66 65 43 51 64 55 38 74 70 43 52 46 54 68 48 37 26 16 7 7 27 10 1 2 2 1 1 1 0 0 0 0 0 0 0 0 0 0 0 0 0 0 0 0 1
46 67 66 73 72 71 78 81 66 34 28 29 35 10 49 33 24 15 10 7 7 10 25 12 19 17 16 34 26 25 27 29 19 9 13 25 57 27 32 41 67 68 52 34 20 33 35 63 69 50 43 63 52 37 51 73 39 63 65 62 69 33 48 78 75 47 38 19 22 24 15 13 6 5 3 1 1 1 1 0 0 0 0 0 0 0 0 0 0 0 0 0 0 0 1 3
6 64 78 60 77 27 57 71 70 69 59 64 43 10 50 70 41 14 18 12 6 15 22 13 11 16 28 8 12 13 5 12 9 26 56 35 53 24 24 41 66 47 28 14 30 52 46 51 75 55 59 62 31 54 71 64 32 60 46 74 62 68 75 66 52 32 40 20 9 4 3 2 1 1 0 0 0 0 0 0 0 0 0 0 0 0 0 0 0 0 0 0 0 0 1 2
17 19 43 15 8 9 15 13 19 8 12 26 58 15 9 47 62 43 32 25 13 11 7 10 27 7 16 17 42 38 8 20 24 28 66 64 73 37 25 51 46 24 16 34 57 55 47 50 73 51 63 74 63 61 78 61 63 37 61 68 47 70 58 25 12 12 8 13 20 17 13 9 10 3 1 0 0 0 0 0 0 0 0 0 0 0 0 0 0 0 0 0 0 1 2 3
