sesion_6_simulaciones/modelos_agentes/ejemplos_netlogo/scenarios/cgcm2_b2/rob_2037.asc
NCOLS 322 
NROWS 307 
XLLCORNER 451900 
YLLCORNER 4086900 
CELLSIZE 100 
NODATA_value -9999 
[rows 0 to 72 of 307, columns 96 to 191 of 322]
13 1 0 0 8 1 1 1 1 1 4 4 7 19 17 5 10 6 6 2 8 6 4 16 4 2 4 4 7 5 2 1 4 7 3 3 4 6 9 4 2 21 54 63 74 63 74 72 82 69 67 72 45 22 33 36 35 10 22 15 22 9 7 4 22 31 36 5 5 25 36 18 17 21 19 14 17 22 13 59 44 26 37 39 45 29 33 37 45 62 40 29 24 9 17 33
0 1 1 0 1 3 1 1 1 2 2 4 15 24 9 8 2 2 1 3 5 1 1 2 5 3 4 2 3 15 6 2 2 4 2 4 4 6 10 13 19 27 27 22 81 84 83 78 92 71 82 68 26 29 62 14 5 9 5 8 3 10 8 4 9 5 8 32 28 24 14 36 49 26 42 49 55 24 27 33 30 26 42 46 51 36 37 47 51 45 53 41 50 26 34 35
0 0 0 2 1 2 1 1 1 1 1 3 6 8 2 2 4 6 7 8 14 1 2 2 3 3 4 2 5 6 12 9 1 5 15 12 13 19 23 27 37 48 34 40 14 5 15 43 90 79 78 77 32 65 57 48 30 14 9 14 9 39 64 54 67 36 27 46 18 25 20 24 33 35 42 60 71 68 45 31 32 31 45 46 54 42 46 61 41 42 52 40 48 50 35 37
0 0 0 0 0 0 0 2 1 0 1 1 2 5 5 6 7 11 14 10 4 1 5 5 1 2 3 3 4 2 5 6 6 12 16 11 29 28 53 67 74 75 55 18 8 13 5 9 32 13 26 24 12 29 55 14 50 4 6 15 19 44 74 73 75 77 70 28 45 39 38 45 30 32 48 46 51 24 20 31 44 43 57 58 57 44 42 52 38 35 54 54 37 47 30 50
0 0 0 0 0 0 0 2 4 1 3 2 1 2 8 6 5 28 9 4 5 4 4 9 7 4 4 3 2 11 15 11 3 12 26 28 40 55 75 82 83 74 59 30 17 7 12 24 14 10 19 20 5 43 12 26 39 22 4 8 47 65 54 73 55 30 70 39 51 63 47 41 30 26 49 36 40 33 37 41 46 42 78 58 44 47 45 59 43 45 52 65 32 52 56 59
0 0 0 0 0 0 0 0 3 8 1 3 1 3 4 2 9 7 11 8 2 3 8 6 8 4 5 4 2 2 4 14 12 6 32 52 58 75 82 70 77 76 70 42 15 24 14 20 23 18 24 43 7 17 16 36 19 16 14 15 50 54 16 9 14 32 40 13 18 29 11 36 73 55 45 27 32 33 31 49 39 49 54 51 59 47 45 64 60 43 56 42 53 53 70 33
0 0 1 0 0 0 1 0 1 6 6 1 1 2 2 7 3 7 16 10 12 6 3 3 6 6 9 5 3 2 3 16 21 15 30 72 79 78 73 75 75 72 40 22 26 51 28 40 35 33 26 35 27 26 37 25 11 23 31 11 7 9 8 14 6 11 39 59 38 38 14 39 22 10 55 49 46 53 28 49 40 31 38 32 54 56 46 62 60 35 62 52 51 45 30 27
0 0 0 0 0 1 1 0 1 4 20 20 22 6 4 2 2 5 5 6 15 35 7 17 20 8 7 2 5 4 5 8 22 48 33 63 63 73 73 68 62 26 32 26 53 43 35 60 43 40 23 27 45 51 34 32 28 56 64 64 38 15 3 3 16 8 28 17 40 23 31 19 9 22 13 42 54 79 64 29 47 56 37 47 74 51 51 57 63 63 43 34 15 23 24 20
0 0 0 0 0 1 0 0 1 1 3 22 29 48 16 24 3 2 2 10 13 5 7 10 8 3 5 4 4 6 17 13 32 63 74 38 26 35 27 25 39 23 18 33 63 51 29 40 46 34 28 21 75 42 35 49 38 50 16 33 66 46 20 2 15 13 8 9 4 11 37 32 12 14 37 16 24 31 40 66 62 82 52 59 34 23 36 76 45 55 40 74 54 35 25 33
0 0 0 0 0 1 1 0 0 1 3 0 1 1 1 1 4 2 3 4 5 4 6 4 11 8 5 5 7 11 15 48 44 36 57 47 44 44 24 23 12 11 17 35 66 43 18 19 31 39 35 22 32 83 71 69 15 28 13 52 37 43 10 14 3 8 6 4 12 21 20 26 30 24 36 52 19 22 63 68 38 66 52 43 24 31 21 38 38 54 29 46 76 69 29 21
0 0 0 0 1 0 1 1 2 0 1 0 2 1 1 1 5 1 6 2 4 3 5 5 10 3 3 5 13 24 43 48 78 61 39 39 40 57 55 35 21 9 7 12 42 16 16 24 35 27 39 21 37 43 81 65 31 19 28 46 22 24 12 4 9 11 13 6 20 35 34 39 25 17 42 58 38 17 19 55 38 29 50 63 32 36 24 29 67 54 49 41 69 83 58 32
0 0 0 0 0 1 1 2 3 3 1 1 3 5 4 3 3 9 12 5 23 8 2 6 5 7 3 5 9 59 61 53 55 49 39 31 34 54 50 36 20 9 11 21 25 12 14 40 23 27 53 24 37 55 32 48 31 29 40 34 14 14 30 21 10 7 23 21 33 63 70 71 18 31 48 55 39 22 21 60 36 8 37 64 30 40 35 30 54 36 30 37 57 65 65 57
0 0 0 0 1 1 1 1 1 2 3 2 1 1 2 6 10 3 14 11 33 30 4 3 3 4 3 8 20 39 66 43 44 38 39 51 52 22 29 48 19 8 9 29 25 11 21 24 29 41 58 46 45 67 47 39 42 37 49 17 15 17 27 22 12 9 8 22 41 27 50 46 34 26 29 56 27 24 10 20 39 7 47 73 32 36 48 30 22 49 37 18 24 41 59 72
0 0 0 0 0 0 0 0 1 1 3 2 2 2 3 2 12 4 27 9 5 4 18 10 6 3 7 35 38 32 39 41 31 16 17 17 16 11 10 16 19 4 2 2 10 8 15 19 50 65 72 67 51 54 35 50 52 43 38 37 14 11 30 31 23 21 11 13 15 10 4 4 22 32 30 38 27 39 23 15 7 11 25 62 63 32 40 42 28 25 45 24 35 56 78 60
0 0 0 0 0 0 0 0 0 0 1 1 2 2 3 2 2 3 21 10 7 18 23 8 10 8 11 13 36 39 20 13 12 16 23 18 17 14 7 2 14 3 9 6 2 3 15 30 38 68 66 62 51 59 40 64 62 52 51 54 10 29 38 37 24 16 7 10 6 4 4 23 51 44 39 48 46 37 19 20 32 11 30 60 66 32 17 20 25 20 15 13 30 45 55 49
2 0 0 0 0 0 0 0 0 0 0 0 0 0 1 1 3 6 2 1 3 5 3 28 14 16 8 12 12 8 10 26 30 32 22 28 47 45 23 5 5 5 2 6 3 3 3 16 32 37 48 38 37 36 50 35 48 43 57 50 10 26 9 36 53 31 11 12 15 3 10 38 48 52 24 16 28 37 46 40 30 27 28 50 72 84 58 42 22 17 16 10 28 63 54 40
0 0 0 0 0 0 1 0 0 0 1 1 0 0 1 2 3 5 3 6 5 2 3 7 27 16 21 26 54 40 24 14 18 28 28 45 59 58 39 4 10 9 4 6 15 16 15 3 14 24 16 15 12 14 23 44 49 55 58 56 17 35 25 29 41 13 9 11 8 8 10 41 32 44 16 13 23 22 44 36 34 32 36 39 70 86 83 36 23 21 17 12 28 51 64 55
0 0 0 3 2 0 0 0 0 0 0 0 0 0 0 1 2 2 4 5 3 2 4 5 13 18 5 14 15 11 22 23 29 20 50 72 50 57 40 22 31 33 23 23 36 35 36 19 6 2 3 4 3 1 7 47 76 88 66 30 51 34 29 20 32 23 12 22 7 7 45 44 48 39 15 28 51 31 34 40 25 22 16 10 57 65 60 62 40 22 21 13 17 33 38 20
0 0 1 0 0 1 0 0 0 0 0 0 0 0 0 0 1 1 2 1 2 3 4 4 22 36 16 16 11 24 31 37 24 44 52 55 24 27 29 52 42 49 55 64 57 36 45 37 17 12 8 8 11 2 2 9 74 83 57 38 34 42 22 17 25 9 11 13 3 34 62 59 49 52 21 23 49 47 44 70 46 31 16 10 21 46 50 50 47 28 22 19 9 20 60 15
1 0 0 0 0 0 2 0 0 0 1 1 1 0 0 2 0 1 1 1 3 5 7 3 16 14 11 19 22 22 27 56 43 37 38 22 39 41 35 46 68 70 60 34 39 21 34 41 21 16 14 4 7 4 8 6 23 36 48 53 37 21 18 36 32 5 11 37 64 48 65 79 40 73 36 15 42 66 47 65 54 51 36 15 15 40 62 47 55 34 28 15 7 11 44 34
1 0 0 0 0 0 1 1 0 1 1 1 1 0 0 0 0 1 1 1 1 2 2 1 6 14 12 5 6 18 14 13 26 36 50 28 27 43 27 65 38 38 56 41 25 20 22 29 25 13 17 16 6 10 14 11 15 35 53 50 16 16 57 49 28 7 26 36 47 59 47 52 30 37 60 44 28 25 28 65 30 27 43 31 22 10 42 26 55 27 30 14 9 9 12 30
1 0 0 0 1 1 1 2 2 2 4 1 1 1 1 0 1 1 0 4 2 3 3 3 15 9 19 16 9 15 14 24 29 58 57 41 69 35 52 24 42 26 19 17 30 29 50 35 35 12 15 13 12 12 20 15 16 24 49 53 53 16 24 28 17 20 47 12 37 56 61 41 47 22 54 62 38 22 25 76 82 43 19 54 35 9 7 12 47 32 28 26 10 8 8 25
1 0 0 0 2 1 0 1 1 1 0 1 2 1 0 0 1 1 1 3 9 7 9 5 16 5 11 24 12 8 31 54 57 18 10 72 61 28 29 30 39 51 28 16 13 30 21 7 11 8 20 11 12 13 13 14 8 14 29 22 22 22 14 13 16 37 51 7 32 22 48 59 47 17 16 44 43 54 27 49 82 56 46 19 34 13 4 11 43 50 11 32 16 7 9 20
1 0 0 0 2 2 1 2 5 1 3 2 2 9 6 3 2 3 2 15 8 15 12 8 18 16 9 29 33 19 14 14 6 5 7 19 34 41 18 36 35 49 41 38 26 7 4 3 2 2 6 6 3 5 9 5 5 6 6 16 28 23 15 22 45 40 28 13 25 25 25 45 36 35 24 60 60 43 34 18 57 57 34 50 18 10 7 7 7 25 7 15 13 5 4 6
2 1 0 1 3 2 2 1 8 3 1 3 6 7 9 10 25 5 7 6 17 21 40 21 14 17 36 26 52 30 15 9 20 19 12 2 7 37 34 14 27 47 57 60 36 25 18 12 8 7 3 2 2 1 1 1 1 2 9 20 39 23 31 35 20 43 22 29 34 29 21 31 48 54 15 47 53 35 37 23 38 50 23 10 30 15 7 6 5 8 9 10 15 5 2 3
9 4 1 2 5 1 3 1 3 5 4 5 11 14 21 11 24 29 9 10 37 68 71 79 69 61 60 40 59 43 67 67 69 41 17 16 18 14 11 23 45 33 42 48 54 49 43 28 23 19 9 8 8 7 7 6 6 5 20 34 33 28 22 23 19 37 37 48 18 42 18 14 43 31 15 34 33 17 20 17 17 22 47 9 10 5 7 2 2 5 4 6 3 2 1 2
7 4 6 7 6 1 3 2 7 12 10 7 7 31 42 30 32 68 47 67 73 75 79 81 71 78 74 69 74 79 54 24 42 52 42 20 26 22 9 8 31 38 44 60 51 49 49 37 34 28 22 19 19 17 9 15 9 10 20 19 27 18 11 14 11 45 27 45 37 38 11 16 22 27 16 30 26 36 10 15 14 6 18 10 5 11 4 3 1 2 4 3 3 2 2 2
5 9 6 5 9 8 11 7 10 21 20 36 30 39 55 79 73 61 73 33 41 48 62 76 75 69 80 79 80 81 23 15 15 15 30 32 41 24 31 22 23 48 53 47 47 45 36 64 51 34 27 27 25 23 21 21 20 6 12 13 16 11 12 21 37 55 47 27 33 16 17 9 18 18 18 11 10 16 20 10 15 8 11 9 2 9 4 2 1 1 3 3 2 3 1 1
8 17 9 6 13 11 11 12 19 38 56 70 82 83 88 87 76 76 81 64 34 17 48 66 50 46 36 61 65 60 40 9 8 6 8 14 25 22 26 31 13 27 33 35 21 20 12 26 33 32 45 43 29 26 25 38 23 7 8 8 6 14 30 38 45 35 20 20 14 27 20 27 13 11 11 9 8 9 15 9 7 6 5 4 4 3 4 2 2 1 2 1 1 2 1 1
10 21 7 9 29 25 24 40 58 74 85 82 84 86 82 90 75 76 90 43 72 33 20 41 29 18 23 26 27 27 50 30 21 4 8 4 13 11 11 28 24 22 41 17 22 19 11 18 19 11 11 10 9 17 17 8 27 15 11 7 10 16 32 36 36 27 12 25 34 21 23 14 12 8 7 4 4 4 6 6 5 4 2 3 2 1 1 1 1 1 0 0 0 0 0 0
6 27 25 23 33 51 66 75 70 86 80 89 75 87 81 84 59 67 85 73 36 41 22 12 12 10 5 4 14 15 21 63 29 9 11 8 26 51 49 34 33 21 19 10 9 13 13 5 3 5 6 17 27 29 14 14 30 18 26 8 14 19 29 22 32 13 8 15 29 25 16 10 5 8 6 3 1 1 1 2 3 1 1 1 1 1 1 1 0 0 0 0 2 1 1 1
23 39 55 54 75 86 80 83 81 82 77 90 77 79 61 76 60 75 74 77 25 47 46 20 14 3 4 2 5 8 8 15 20 10 11 15 9 18 18 21 15 15 16 25 23 14 15 7 11 13 34 54 48 31 48 11 33 31 7 3 3 12 10 22 15 17 8 5 6 9 8 8 3 1 1 1 2 1 3 4 2 3 2 3 4 4 3 3 3 4 1 1 6 3 2 5
53 68 73 82 81 78 83 81 82 73 89 70 45 61 55 57 63 64 66 72 35 21 29 18 15 9 4 6 13 14 15 26 18 7 21 17 23 22 34 23 39 26 37 37 41 37 27 23 19 24 34 62 67 65 61 31 38 32 16 20 10 2 3 3 4 4 6 3 3 3 3 3 3 5 9 9 13 8 12 7 7 10 5 9 6 17 8 3 6 5 2 3 6 5 3 7
74 82 83 72 82 81 86 74 74 58 74 19 33 25 35 49 50 38 37 59 36 15 7 6 10 13 14 11 17 7 41 44 40 28 37 38 36 30 34 35 36 39 39 39 54 38 45 29 15 50 47 49 62 49 39 33 62 37 30 47 33 22 20 19 18 17 28 17 12 10 11 12 19 19 19 11 20 19 18 17 15 14 13 13 22 14 11 8 7 4 6 4 9 5 12 12
17 26 56 52 71 67 78 74 40 8 5 6 15 10 10 12 13 24 41 57 34 10 12 21 11 11 37 26 39 30 40 40 40 36 35 59 47 25 48 42 41 53 51 50 40 38 45 34 29 39 51 48 60 69 52 55 43 35 43 45 38 40 38 42 40 33 44 33 26 14 24 24 23 23 37 23 24 35 22 31 29 19 21 23 39 17 13 11 11 10 10 7 15 17 18 25
23 14 10 10 7 8 25 28 27 10 6 10 17 17 7 4 3 6 24 29 17 10 39 11 28 39 48 38 51 37 34 30 50 44 27 43 43 27 40 47 39 57 39 36 36 41 58 43 29 33 53 51 31 76 55 68 39 44 52 42 55 42 38 37 38 26 50 32 19 28 28 27 39 27 38 27 27 43 40 39 26 25 37 28 30 20 16 16 15 15 15 14 35 26 19 19
39 56 44 19 19 15 5 10 14 6 12 16 13 7 3 4 1 12 10 16 26 44 50 24 44 39 46 43 33 15 6 17 36 35 27 40 25 32 41 50 54 34 39 35 34 56 46 31 44 43 55 64 41 77 72 38 67 60 55 37 49 42 56 53 39 44 37 36 33 21 31 46 46 31 44 43 35 50 31 41 33 44 46 53 35 20 11 26 19 19 27 30 38 16 39 22
48 34 31 23 13 10 11 10 21 25 27 27 19 6 6 15 17 21 25 37 65 61 61 39 39 30 30 38 38 34 19 16 34 27 43 26 23 32 30 46 19 16 41 45 37 71 42 46 56 36 64 38 70 72 43 55 73 59 37 52 39 54 53 41 28 45 42 38 23 38 56 61 54 37 49 53 51 56 36 34 39 50 49 39 30 16 14 33 28 17 43 46 44 19 12 51
23 36 43 32 34 18 35 27 35 39 40 52 38 27 22 33 20 32 45 52 62 46 24 39 52 33 18 27 40 36 28 16 25 33 17 42 26 52 37 26 30 20 44 30 29 75 54 52 42 33 45 71 67 51 46 42 59 70 40 55 54 64 53 31 55 52 55 40 21 41 55 76 62 45 52 59 60 46 38 29 47 72 63 52 46 21 40 60 43 19 36 63 60 28 16 48
49 59 28 31 19 32 43 32 30 48 45 48 41 39 42 39 39 47 51 49 56 43 38 46 35 23 25 41 28 38 20 30 17 13 38 41 45 31 35 24 26 15 45 14 13 51 51 55 31 41 49 33 69 19 14 11 31 58 31 61 70 56 50 70 57 55 36 17 27 59 65 81 70 52 56 71 79 53 53 31 55 78 54 40 35 29 52 68 48 30 23 74 81 53 32 44
24 38 23 44 30 43 42 40 39 38 53 51 40 39 62 31 37 48 43 43 54 47 27 48 31 32 39 31 33 41 18 32 18 19 17 40 16 25 19 35 26 25 33 19 41 37 67 48 19 36 51 42 45 25 23 15 21 31 24 66 72 63 64 71 31 51 21 20 30 64 75 77 74 58 64 74 84 45 58 30 59 85 62 33 29 36 59 74 56 37 30 66 76 65 25 49
19 32 55 36 23 31 39 28 26 31 57 40 33 48 33 32 21 40 49 30 28 39 43 41 28 28 22 20 20 65 19 36 18 21 22 38 29 24 16 23 16 31 25 20 36 27 43 21 25 16 26 60 44 32 21 23 51 22 27 57 51 57 82 44 56 48 32 35 47 51 75 75 77 47 55 76 62 41 65 36 49 76 65 54 34 39 64 76 58 46 34 50 71 49 38 51
10 10 31 13 11 9 24 20 14 21 24 26 23 34 31 26 29 28 38 32 26 15 26 35 32 27 33 18 15 21 28 45 17 13 21 38 18 10 13 23 15 28 20 18 27 25 32 15 13 13 13 37 10 15 24 20 37 17 35 45 36 62 31 47 72 37 35 40 58 49 63 83 61 36 58 76 63 45 68 43 52 73 49 46 47 35 38 75 75 47 31 52 71 49 35 53
2 6 4 4 6 6 14 20 8 21 19 28 30 21 19 30 22 22 25 32 16 13 12 29 30 19 29 10 14 27 19 26 8 11 19 12 10 17 14 26 33 11 14 30 22 11 7 34 9 8 6 16 5 9 13 33 29 46 38 21 19 15 36 69 31 40 56 31 43 49 46 71 34 31 50 71 44 47 60 29 62 66 43 47 50 54 24 36 77 43 35 45 71 60 49 42
1 1 2 3 6 3 5 4 7 12 12 23 18 15 18 20 17 14 14 20 21 10 25 17 26 21 17 16 4 11 22 32 3 6 8 25 7 4 7 9 33 12 10 5 7 10 11 2 7 12 9 22 15 7 14 17 48 34 25 48 36 18 50 28 49 60 27 31 34 50 25 64 21 26 36 61 32 60 59 28 45 46 33 58 61 60 35 34 73 53 33 49 56 38 47 37
0 1 1 2 4 1 5 4 6 8 12 24 13 8 10 15 17 26 13 6 7 5 31 4 10 17 14 9 3 8 8 7 1 1 11 2 2 1 10 3 21 8 9 5 9 10 8 27 43 55 48 27 36 28 16 27 36 21 25 29 21 25 38 17 50 24 28 29 32 52 19 40 24 40 17 36 24 51 36 26 55 28 31 44 63 31 43 26 50 39 45 34 66 69 70 59
1 0 2 1 1 5 1 2 4 5 10 13 7 14 4 16 4 15 11 5 3 8 12 10 9 11 9 11 2 2 1 4 5 8 3 2 5 6 9 7 8 10 14 24 10 46 19 65 34 41 25 24 40 54 65 40 39 9 16 34 23 26 8 12 30 20 21 26 35 41 46 34 39 31 21 53 20 52 20 21 62 21 56 51 64 37 47 38 38 60 52 66 68 72 79 88
0 0 0 0 0 1 5 1 3 2 1 3 2 6 4 8 5 10 9 12 7 9 8 12 3 3 5 4 6 7 2 1 3 3 21 26 14 18 37 56 29 35 33 61 34 22 54 63 20 51 32 25 37 59 52 37 44 47 36 58 42 55 50 23 30 35 38 37 28 37 50 48 42 70 74 71 74 85 77 54 60 68 71 68 30 84 83 70 62 31 51 39 52 78 57 66
0 0 0 1 2 11 2 1 0 0 0 1 2 5 5 6 5 11 6 5 6 6 6 11 6 3 2 1 2 2 1 3 3 1 2 21 30 6 11 41 41 46 27 64 74 27 29 42 56 45 57 14 21 64 67 29 75 61 80 74 32 57 39 43 35 49 40 63 63 11 20 59 62 25 54 75 46 72 51 79 42 67 80 67 44 82 73 62 86 79 63 35 52 66 47 34
0 0 0 0 0 0 0 0 0 1 1 1 5 4 2 5 2 6 3 3 5 3 5 8 4 3 1 1 4 5 3 1 1 2 1 4 7 3 6 22 37 14 55 73 53 18 35 22 42 41 58 22 26 53 51 68 53 43 64 74 41 11 25 60 57 67 61 53 56 60 17 58 77 32 57 81 26 19 33 84 77 50 44 57 66 74 70 79 88 78 49 69 33 27 62 71
0 0 0 0 0 1 1 0 0 1 1 2 1 2 1 4 3 3 2 2 2 4 4 2 3 4 0 1 1 2 2 1 3 1 2 2 3 25 9 35 17 38 28 32 73 49 27 15 37 39 46 52 24 63 65 87 42 68 87 85 70 13 44 49 55 80 72 77 51 76 37 28 69 36 61 81 46 37 25 70 59 68 16 17 30 70 77 72 81 67 29 71 49 36 53 63
0 0 0 0 0 0 1 1 0 0 1 2 2 1 2 4 2 3 1 1 3 3 1 1 2 1 0 1 1 2 2 2 1 2 2 5 4 7 31 66 30 55 30 55 55 66 34 34 52 50 81 84 46 66 86 91 61 84 90 80 70 37 70 75 54 49 40 31 58 82 43 27 52 27 64 70 87 41 52 84 63 75 68 27 25 46 67 63 60 44 65 88 50 32 20 21
0 0 0 0 1 0 0 1 0 0 1 1 1 1 1 3 4 2 1 2 1 1 1 1 1 2 1 1 3 4 8 4 4 6 11 15 10 15 53 41 48 25 19 67 69 42 25 22 37 53 75 68 69 47 75 91 65 69 81 76 83 74 75 86 40 46 55 35 61 76 71 46 13 33 77 77 81 73 40 86 41 65 78 49 29 26 58 46 50 24 76 87 68 47 48 20
2 0 0 0 0 0 0 0 0 0 1 1 0 1 1 2 2 1 1 1 1 1 1 0 1 2 2 7 21 2 3 2 18 14 15 17 7 22 38 37 64 32 55 29 83 35 40 33 19 38 69 63 45 24 26 62 69 78 84 82 91 77 79 79 76 52 59 44 51 60 83 60 31 28 63 77 83 82 59 72 67 62 66 80 47 29 19 21 19 36 74 54 78 51 46 28
0 0 0 0 0 0 0 0 0 0 1 1 0 0 1 1 0 1 0 1 1 1 1 1 0 1 0 1 6 2 2 14 8 10 31 18 11 7 3 18 19 13 5 5 26 30 68 55 21 13 37 16 27 14 12 20 22 59 65 62 70 74 68 65 88 51 51 42 15 69 91 47 31 27 69 60 60 67 38 52 54 24 68 80 67 44 12 14 16 26 16 39 81 50 33 37
0 0 1 1 2 0 0 0 0 0 0 0 0 0 1 0 0 0 1 0 2 1 1 1 4 12 2 2 3 3 5 6 19 28 24 18 17 24 10 5 10 27 12 6 11 18 29 40 40 14 18 14 29 16 18 35 27 16 26 47 46 21 34 67 91 73 41 44 53 76 88 57 23 15 28 42 64 49 60 65 54 17 53 68 80 33 21 11 35 41 23 42 89 63 58 57
0 0 0 1 1 2 1 0 1 0 1 0 0 0 0 0 0 0 0 1 0 4 1 2 9 18 8 1 2 7 8 6 16 25 11 6 25 30 11 10 12 36 21 12 20 18 20 17 18 9 17 41 47 44 37 35 25 20 17 12 4 2 13 77 80 78 55 28 33 71 81 76 66 28 17 41 56 42 44 30 53 39 26 72 74 62 25 15 38 31 51 81 82 82 67 61
0 1 2 1 1 2 4 0 0 0 0 5 0 0 0 0 0 0 0 0 0 0 0 1 4 11 4 12 12 22 8 6 27 13 23 27 20 33 18 25 19 33 34 20 10 34 20 26 19 7 16 54 64 69 65 56 42 37 33 30 33 29 30 51 53 66 57 23 11 45 44 77 79 38 18 46 57 42 25 41 67 35 23 22 74 77 28 13 43 54 51 74 49 77 48 29
0 0 0 1 2 2 1 0 0 1 4 5 5 1 2 2 0 0 0 0 0 0 1 1 2 2 5 13 19 11 7 9 7 4 30 33 11 15 24 44 30 37 30 22 8 14 47 37 25 16 14 36 75 75 74 74 61 60 52 52 76 78 81 71 59 57 47 30 12 8 36 50 81 64 58 20 41 48 26 6 20 30 34 44 64 77 44 22 13 33 36 32 75 75 87 56
0 0 0 2 5 6 21 1 3 1 1 1 4 7 2 1 1 0 0 0 0 1 0 1 3 2 4 6 6 5 3 14 30 20 37 24 23 34 52 27 46 42 23 30 36 36 48 49 35 27 15 22 45 71 68 77 76 74 55 44 35 49 59 63 73 70 72 61 39 3 11 48 55 65 58 50 32 15 21 19 49 38 18 27 25 65 64 20 9 18 26 32 26 68 57 72
4 2 1 1 0 6 2 1 1 7 2 2 1 1 1 0 2 0 0 0 0 0 1 3 7 1 5 10 9 15 17 44 27 16 21 31 20 23 17 8 15 51 63 41 60 46 39 38 39 40 36 18 13 17 54 55 50 70 71 63 57 52 37 42 45 63 69 69 66 56 39 61 53 71 42 42 31 21 31 21 18 18 11 36 28 65 71 19 6 25 34 23 26 25 58 72
5 6 4 1 1 5 14 8 1 2 2 1 0 1 0 0 1 1 0 1 1 1 1 5 3 5 2 3 3 4 2 6 6 19 18 18 22 24 30 29 19 7 21 66 67 76 67 51 45 24 34 34 25 13 21 34 29 23 37 43 48 61 60 49 28 30 55 66 66 51 58 75 54 76 63 43 38 39 22 12 13 26 12 17 30 21 55 27 6 13 30 31 14 10 54 72
2 2 26 8 2 6 3 17 9 5 6 1 0 2 1 3 2 2 1 1 0 1 3 2 2 3 4 15 9 5 8 18 12 16 21 38 38 43 40 44 47 38 21 14 13 60 68 62 43 30 23 33 24 13 5 5 5 6 6 6 11 29 24 33 35 18 17 28 30 26 56 55 53 50 44 48 52 48 28 29 25 21 11 12 37 46 29 38 10 3 19 27 16 35 76 31
1 2 8 3 3 2 0 0 25 37 36 24 1 4 2 1 1 4 1 1 1 1 2 1 6 2 6 9 5 7 17 22 11 14 21 32 31 41 38 41 45 38 54 48 46 30 14 11 37 38 44 16 13 9 14 21 20 20 18 15 15 5 4 5 7 5 5 3 4 16 23 39 32 29 23 18 17 39 31 28 19 10 24 20 21 34 26 45 24 6 4 18 43 76 42 70
3 3 6 33 13 3 3 2 1 44 3 3 5 3 3 3 3 0 1 2 0 0 0 2 3 2 2 2 2 3 3 4 9 14 17 20 38 49 34 45 52 56 53 53 56 42 37 35 23 13 11 8 10 25 29 41 40 40 37 44 17 5 5 15 16 27 12 14 4 3 7 18 15 9 9 9 11 16 22 36 32 10 8 10 10 12 20 33 40 10 4 17 76 45 43 51
6 4 8 17 8 12 17 2 1 1 0 1 1 2 2 18 1 2 2 3 1 0 0 1 1 1 3 2 5 3 3 4 7 11 22 26 29 31 31 52 53 40 35 37 43 33 31 41 34 30 33 34 36 50 47 44 58 59 58 48 23 18 20 33 30 20 26 12 4 4 4 1 1 1 2 2 5 4 2 4 7 5 5 3 4 4 13 21 20 11 5 48 48 22 59 49
15 8 5 2 15 13 46 21 13 11 6 3 1 1 10 4 23 14 4 3 9 5 4 0 0 0 2 2 1 2 2 7 12 6 2 9 32 35 19 20 32 43 31 24 35 27 38 40 45 39 47 31 33 49 60 61 61 63 69 57 33 31 44 41 50 50 48 33 14 11 3 2 1 2 3 6 18 11 6 5 4 3 1 2 1 2 4 8 21 21 7 59 13 8 44 56
16 15 13 24 13 20 12 8 8 35 8 17 2 5 9 18 42 21 6 6 12 2 2 3 1 1 2 0 1 1 7 2 2 3 6 9 24 46 40 49 46 35 47 37 45 37 42 43 48 29 58 49 46 41 57 61 78 76 74 57 28 52 48 61 60 73 61 49 36 17 11 11 11 15 18 30 38 26 14 13 19 20 10 4 5 3 1 2 7 25 14 43 8 9 46 70
18 19 5 4 21 14 46 32 16 14 28 40 18 7 14 46 48 17 7 17 2 12 1 2 1 1 0 4 0 2 1 1 1 7 5 9 13 23 35 40 46 30 33 36 37 41 46 60 50 39 47 61 45 47 63 72 79 70 55 46 43 53 64 65 64 80 72 57 43 21 32 33 32 38 38 40 51 35 34 33 30 28 15 22 18 8 6 1 2 9 8 11 9 5 18 34
17 26 18 6 39 36 46 35 66 41 26 11 6 37 40 33 29 13 9 43 4 19 2 3 2 2 2 4 6 1 1 1 2 6 7 11 15 35 21 42 47 36 16 40 38 38 47 66 55 29 33 60 56 46 60 77 74 59 44 33 36 66 64 65 80 76 65 57 31 24 40 37 41 51 50 63 62 61 42 44 55 41 39 47 32 24 11 2 1 5 6 11 7 3 8 17
18 5 20 8 3 48 25 16 31 54 42 31 5 25 58 28 4 9 25 40 4 31 3 2 11 7 1 4 8 14 3 1 2 2 8 5 4 6 13 12 35 23 33 34 37 21 56 37 58 27 62 50 50 39 66 82 60 54 36 47 49 61 57 73 80 73 64 61 34 50 61 61 41 59 70 66 67 58 49 57 66 59 49 52 22 12 5 3 2 1 2 5 6 1 5 3
15 16 11 20 5 12 49 63 63 39 18 21 7 14 38 49 14 26 62 36 9 36 5 3 3 6 3 11 8 2 9 15 3 3 3 6 2 6 4 14 19 17 18 34 27 24 28 34 19 25 75 25 45 35 73 49 45 53 32 41 42 55 67 78 62 72 60 45 38 54 65 65 42 65 62 72 75 63 55 60 75 61 59 32 13 15 10 13 9 2 0 0 2 2 1 2
27 15 20 14 19 18 28 43 35 51 53 26 54 12 6 3 36 81 67 29 29 16 13 15 18 6 3 7 12 11 8 2 3 1 3 1 1 3 4 19 8 16 19 20 13 14 15 20 25 36 17 14 38 57 31 48 38 28 32 32 30 49 79 64 66 52 38 41 56 68 65 66 57 66 47 55 65 44 55 62 77 44 26 24 30 31 39 21 13 4 2 1 0 1 1 1
