sesion_6_simulaciones/modelos_agentes/ejemplos_netlogo/scenarios/cgcm2_b2/rob_2049.asc
NCOLS 322 
NROWS 307 
XLLCORNER 451900 
YLLCORNER 4086900 
CELLSIZE 100 
NODATA_value -9999 
[rows 0 to 73 of 307, columns 96 to 191 of 322]
43 6 1 1 25 7 7 6 6 7 15 14 19 38 33 10 19 12 12 4 15 13 9 31 10 7 11 13 18 12 4 3 9 15 9 7 9 15 23 10 6 30 66 71 81 69 82 82 86 81 80 85 65 37 52 50 55 22 39 36 42 23 18 11 42 50 51 10 9 36 47 27 23 27 24 16 19 23 13 55 37 19 28 27 30 17 18 22 31 51 31 24 20 8 15 30
2 4 4 2 5 14 6 6 5 9 9 15 39 46 21 18 5 5 3 6 11 2 4 4 12 7 12 6 8 32 13 5 5 9 4 9 11 16 23 29 35 43 40 34 83 84 85 82 93 73 88 78 42 41 75 27 12 18 12 20 7 25 19 10 22 11 16 45 42 37 23 49 60 35 50 55 58 24 28 31 26 21 34 34 39 25 25 34 42 38 48 39 46 26 33 33
0 1 1 10 6 8 7 3 4 6 5 11 18 18 5 4 9 13 15 17 27 3 6 5 8 8 13 6 14 14 25 20 3 10 30 26 29 36 42 46 53 63 47 52 19 10 22 50 92 83 82 81 41 73 71 66 43 20 18 26 19 56 76 71 75 54 43 64 31 40 34 37 47 46 52 68 74 69 45 33 31 30 43 41 44 33 36 56 36 38 51 40 45 51 37 39
0 0 0 1 1 1 1 10 4 2 2 5 8 12 13 14 15 24 28 22 9 2 11 12 2 6 9 10 10 4 12 13 12 21 31 23 49 48 68 77 81 81 66 27 13 19 8 13 45 20 32 33 17 39 65 24 62 8 10 22 35 56 82 81 81 83 78 47 60 53 54 61 45 45 59 54 55 27 22 33 45 45 59 58 54 42 39 49 37 33 54 55 38 47 35 49
1 1 1 0 0 0 1 9 17 3 12 8 5 7 23 15 13 51 20 9 11 7 9 20 17 10 9 9 7 26 30 21 5 21 43 46 57 69 82 86 86 78 65 39 23 11 15 34 22 17 24 29 8 47 20 40 55 35 8 13 58 73 62 78 67 43 76 46 57 73 65 55 45 38 62 45 47 40 41 45 53 49 80 60 45 47 46 59 43 44 55 68 36 58 56 61
2 1 1 1 0 1 1 2 14 27 6 13 4 12 15 8 27 19 24 15 4 5 16 13 17 9 12 12 5 7 12 27 23 11 49 66 71 81 85 75 79 77 72 48 20 27 21 26 31 25 33 50 11 23 26 49 29 29 22 21 58 65 25 15 22 39 45 21 24 43 18 53 79 61 55 37 42 41 40 58 50 58 62 57 64 51 51 67 64 45 61 44 58 50 72 35
0 1 3 2 1 2 4 2 6 24 21 6 5 7 9 27 11 24 36 23 25 12 6 7 13 14 21 16 9 5 9 33 38 26 42 77 83 82 75 76 75 71 40 23 29 56 32 45 42 42 34 35 33 37 50 38 19 34 41 17 11 14 13 21 11 16 48 65 44 46 21 47 34 18 58 62 60 62 40 60 49 41 49 43 63 66 55 69 68 43 69 60 56 48 33 29
0 0 1 1 1 2 2 1 3 13 54 52 46 22 17 7 8 20 15 17 32 55 14 28 38 22 20 7 15 12 14 17 37 62 44 66 70 75 73 69 60 26 31 24 52 43 36 60 47 47 29 31 51 59 44 44 37 60 66 67 46 21 4 4 21 13 38 22 46 27 41 30 15 32 20 50 59 84 67 36 57 66 49 55 79 56 57 61 65 61 49 38 18 27 26 21
0 0 1 1 1 2 2 1 3 2 12 50 62 69 38 50 11 9 8 32 31 13 16 23 20 9 15 15 11 17 32 25 47 71 80 49 32 40 27 24 36 21 15 30 58 48 27 40 46 37 34 24 75 49 43 57 45 57 23 45 70 53 28 4 17 19 12 12 6 16 46 41 18 19 42 22 32 38 47 71 64 84 55 63 43 30 40 78 53 56 44 76 55 38 27 34
1 0 0 0 2 5 2 1 2 4 9 2 3 3 3 2 14 9 11 14 16 11 19 13 29 23 16 14 19 24 28 62 56 46 64 55 50 48 24 21 10 9 12 29 57 37 16 17 29 41 38 27 36 81 72 73 21 36 18 60 48 50 15 19 5 12 8 5 15 28 28 34 39 30 38 55 24 22 62 67 43 68 53 49 30 37 27 40 41 57 31 43 74 70 31 22
1 0 1 2 4 2 4 4 6 1 3 2 8 5 3 5 14 3 21 9 14 11 15 17 31 11 8 15 27 43 59 60 82 69 47 44 41 56 52 30 17 6 5 8 34 12 12 21 32 27 39 23 39 48 80 65 37 26 36 56 29 30 17 6 11 15 17 8 26 37 39 44 28 19 45 60 43 20 20 53 39 26 50 63 37 41 28 33 68 54 50 36 64 82 58 33
1 1 2 2 2 4 4 10 11 9 2 4 9 15 13 10 11 26 29 16 49 25 10 18 17 18 9 12 19 73 72 63 62 55 44 33 32 45 45 31 15 7 7 14 17 9 10 33 19 26 52 24 38 54 34 47 34 35 46 41 19 18 37 26 13 10 28 24 33 61 71 71 21 31 46 56 41 23 22 60 38 10 34 61 34 42 36 29 51 36 27 34 50 62 62 56
0 1 1 2 3 3 4 3 4 8 9 5 2 3 6 18 28 12 35 28 57 57 15 11 9 14 8 19 34 53 75 52 50 42 41 45 47 19 22 38 13 5 5 17 15 7 15 18 22 36 54 41 41 64 45 36 44 41 53 21 18 21 31 26 15 11 10 25 41 27 46 47 33 28 33 54 31 27 11 21 38 9 46 70 34 38 46 28 19 38 32 15 19 36 55 67
0 0 0 1 1 1 1 1 4 6 10 7 7 7 9 5 24 11 50 20 13 12 38 24 20 11 17 50 54 43 48 48 36 18 17 15 14 8 7 11 13 2 2 1 5 5 8 13 40 57 63 58 41 45 27 44 52 45 42 38 16 14 34 36 26 23 12 13 15 10 4 4 19 32 33 43 32 43 28 17 8 12 22 59 60 29 37 36 22 19 33 17 26 48 75 53
0 0 0 0 1 0 0 1 2 2 5 5 7 9 9 7 5 7 41 22 14 36 45 22 25 21 25 23 46 49 27 16 14 19 23 16 15 11 5 2 10 2 6 3 1 2 7 19 24 54 51 46 35 44 27 55 58 51 52 54 11 27 35 38 26 17 8 10 6 4 4 21 50 46 37 45 48 41 22 22 32 12 30 55 61 28 14 16 19 14 11 8 19 35 46 40
7 0 1 0 1 2 1 1 1 1 1 1 1 2 3 5 9 14 6 3 9 13 7 42 29 36 19 22 18 14 16 34 39 37 24 28 44 39 16 3 4 3 1 3 2 2 1 8 19 23 31 26 23 23 33 23 39 40 55 48 9 25 9 36 52 31 12 13 13 3 10 32 46 52 28 19 32 40 48 42 28 24 26 41 65 81 51 35 16 12 10 6 16 53 41 30
0 1 1 1 2 1 4 2 1 1 3 3 1 1 3 8 10 14 8 13 13 4 7 15 49 35 37 45 68 49 35 20 24 35 33 48 58 53 28 3 6 5 2 3 9 9 8 2 7 11 8 8 6 6 11 30 39 49 52 53 17 36 26 30 43 14 10 11 8 7 10 39 32 45 18 14 26 25 41 35 31 27 29 28 61 81 77 30 16 12 10 6 16 39 47 41
0 1 2 12 10 2 1 2 1 1 2 1 1 1 2 3 9 8 13 14 8 6 9 10 28 37 13 27 25 18 34 31 40 27 59 75 53 55 30 17 22 25 16 16 26 23 24 10 2 1 1 2 1 1 3 28 64 81 58 27 43 33 27 19 30 24 12 20 7 7 43 42 50 39 17 25 50 32 29 39 20 16 11 7 44 51 48 50 29 12 10 6 8 17 25 10
1 2 3 2 1 6 1 1 0 1 1 1 0 0 1 1 2 5 6 3 7 9 9 10 43 59 32 30 22 38 47 51 35 56 63 63 29 27 28 46 35 40 48 57 47 26 31 22 8 5 4 3 5 1 1 4 58 72 44 30 29 36 20 16 25 8 11 12 3 31 62 56 47 49 21 21 49 45 37 66 40 22 11 5 12 29 34 33 37 16 11 9 4 9 40 7
4 3 1 1 0 2 8 1 1 1 2 3 2 1 2 7 2 2 3 4 9 12 17 8 30 32 25 37 42 41 42 67 58 50 50 28 44 45 36 45 65 65 53 27 29 13 20 24 12 9 7 2 3 2 4 3 11 19 31 39 27 16 14 33 31 5 11 34 63 46 60 75 39 69 33 15 40 58 41 60 47 41 24 8 7 25 47 31 43 20 14 7 2 4 25 18
4 2 1 1 0 3 3 4 2 3 4 3 3 1 2 1 1 4 5 5 5 7 5 4 17 30 27 13 13 34 25 24 39 49 61 38 35 48 31 66 34 31 44 27 15 11 12 14 12 5 8 7 2 4 7 5 7 17 35 33 9 11 48 42 26 6 21 35 45 59 45 50 28 33 54 38 22 19 19 59 22 17 30 17 10 4 26 14 41 13 17 6 3 3 5 14
5 1 1 1 5 3 5 9 8 9 14 6 4 2 4 2 3 2 2 12 7 8 9 8 31 19 37 31 17 25 25 37 40 61 65 53 72 43 57 25 38 19 11 10 16 15 29 16 16 5 6 5 5 5 9 6 6 11 28 35 35 10 16 22 14 17 41 11 32 52 54 38 38 18 43 53 29 16 16 66 76 31 11 34 20 4 3 6 33 20 17 12 4 3 4 13
3 1 1 2 7 5 1 4 3 3 1 4 8 4 2 2 2 3 2 8 23 16 19 13 31 11 20 41 23 15 44 60 63 28 15 73 67 35 35 32 39 43 18 7 5 13 9 3 4 3 8 4 5 5 5 5 3 6 14 10 11 14 9 10 13 30 44 6 30 18 40 50 34 11 10 32 29 37 17 38 71 41 34 9 16 6 1 4 27 35 5 18 7 3 3 9
5 2 0 2 8 7 4 8 19 5 14 6 6 29 20 9 8 8 6 31 19 29 25 16 31 26 16 44 47 28 23 22 10 8 10 26 38 47 22 39 34 43 29 23 12 3 2 1 1 1 2 2 1 2 3 1 2 2 3 7 16 13 10 16 35 34 25 10 19 19 19 33 24 22 13 46 44 26 20 8 36 39 19 34 8 4 2 2 2 13 3 8 5 2 1 2
8 5 1 2 12 9 6 3 26 11 4 12 19 23 28 28 48 12 16 14 33 37 58 34 23 26 47 35 62 40 20 13 28 27 18 3 10 36 37 16 28 45 51 44 22 12 7 5 3 3 1 1 1 0 0 0 0 1 4 10 22 13 21 24 14 34 17 22 23 20 13 18 33 36 8 32 38 19 21 11 19 38 11 4 17 7 3 2 2 3 4 4 6 2 1 1
24 13 5 6 17 5 12 3 10 17 15 14 28 37 45 27 47 53 19 19 51 77 78 83 75 67 66 48 66 52 70 68 74 47 22 20 22 17 13 25 48 31 37 38 43 33 22 12 9 7 3 3 3 2 2 2 2 2 8 18 17 17 13 15 13 27 28 37 12 27 9 8 28 17 7 19 17 7 10 8 7 13 29 4 5 2 2 1 1 2 1 2 1 1 1 1
19 12 20 21 21 5 9 7 21 30 25 17 18 53 66 50 51 78 62 75 78 79 85 84 75 80 77 71 77 82 54 27 45 53 47 25 32 26 11 8 33 39 42 55 40 37 33 22 17 14 9 9 8 7 3 5 4 4 9 9 13 9 6 8 6 33 18 31 22 21 5 8 12 14 8 15 11 19 4 7 6 2 8 4 2 5 1 1 0 1 1 1 1 1 1 1
12 23 20 16 25 25 28 20 26 42 40 57 49 58 70 86 81 69 78 42 50 59 68 81 76 72 80 79 80 81 25 16 16 15 31 36 47 26 33 23 22 47 50 39 33 32 23 48 37 20 14 13 11 11 9 8 9 2 5 6 8 5 6 13 25 38 31 14 21 8 8 4 9 9 8 4 3 7 8 4 5 3 5 4 1 4 1 1 0 0 1 1 1 1 0 0
15 35 23 16 31 25 29 27 37 58 72 81 86 88 91 89 81 78 84 70 41 22 53 69 51 47 36 62 64 58 42 10 9 6 9 15 28 23 25 32 13 24 27 27 15 12 7 14 19 19 27 29 16 14 12 19 11 3 3 4 2 6 18 24 29 19 10 11 7 13 10 14 5 5 4 3 3 3 6 3 2 2 2 1 1 1 1 1 1 0 1 0 0 1 0 0
18 36 17 22 50 47 41 59 73 83 88 87 84 87 84 90 79 78 90 47 74 37 22 41 30 18 21 22 25 27 47 32 23 5 8 5 14 10 10 25 20 16 33 11 15 11 5 9 10 6 5 5 4 8 7 3 14 7 4 3 5 9 18 22 21 13 5 13 19 9 10 6 4 3 3 1 2 1 2 2 2 2 1 1 1 0 0 0 0 0 0 0 0 0 0 0
12 45 41 40 53 69 77 83 78 88 83 89 74 88 80 85 65 69 86 75 38 45 24 12 11 8 4 4 12 13 19 56 29 10 11 8 23 43 39 24 24 15 12 6 4 7 6 2 2 2 3 8 16 16 8 7 18 9 15 4 7 9 15 11 16 6 3 7 14 12 7 4 2 3 2 1 0 0 1 1 1 1 0 0 0 0 0 0 0 0 0 0 1 0 0 1
34 54 69 69 83 89 86 87 82 84 79 90 78 77 59 76 61 72 74 78 26 47 47 19 13 3 3 1 4 6 6 15 20 11 11 15 8 16 16 17 12 11 11 16 15 8 8 4 5 6 20 38 37 21 33 6 20 16 4 1 1 6 4 11 7 7 3 2 2 3 3 3 1 0 0 1 1 0 1 2 1 1 1 1 2 2 1 1 1 1 0 0 2 1 1 2
63 76 80 84 84 82 87 81 81 71 86 69 45 58 53 52 58 61 64 70 34 20 26 17 14 8 4 5 11 13 13 25 19 8 23 18 24 23 35 23 36 22 31 29 30 27 17 14 10 13 22 48 58 56 47 21 25 19 8 10 5 1 1 1 1 1 2 1 1 1 1 1 1 2 3 3 5 3 5 2 2 3 2 3 2 7 3 1 2 2 1 1 2 2 1 3
79 83 84 74 84 83 86 74 73 54 65 16 30 22 28 40 41 32 33 55 32 13 6 5 8 12 13 10 16 6 38 46 44 31 42 44 40 33 38 36 37 38 37 33 46 30 32 17 8 36 38 41 60 46 34 28 48 27 22 31 19 11 10 9 8 7 13 7 4 4 4 5 8 8 8 4 8 7 7 6 6 6 5 4 10 5 4 2 3 1 2 2 3 2 5 5
26 36 57 49 71 68 77 74 39 9 4 5 13 8 7 8 8 15 33 47 29 8 11 18 10 11 38 27 41 31 42 45 47 43 44 64 53 30 53 47 44 56 53 50 36 35 38 26 20 30 43 42 58 70 53 52 41 31 38 37 29 27 26 27 23 18 27 16 12 6 10 12 11 11 18 11 11 18 10 14 14 9 10 9 20 6 5 4 4 4 3 2 5 6 7 12
32 21 13 13 8 9 26 30 28 10 6 8 13 12 5 3 2 4 14 21 13 8 35 11 27 39 51 44 59 43 42 38 58 49 36 55 52 33 49 54 46 61 42 39 38 41 57 39 26 29 49 51 30 77 59 69 40 43 50 39 48 34 31 29 27 17 31 18 9 13 15 15 23 14 22 14 14 24 21 19 12 11 18 14 13 9 6 7 5 5 5 5 18 11 8 9
53 65 53 24 22 16 5 11 15 6 11 12 10 5 2 3 1 8 6 11 20 42 48 26 49 45 54 52 42 20 8 21 46 45 38 50 36 41 52 60 63 41 46 41 39 60 47 31 44 38 56 65 46 78 75 43 71 63 56 38 46 38 51 47 29 30 25 21 18 10 18 28 28 19 28 28 19 31 18 25 17 25 26 34 18 9 4 12 8 9 13 16 20 7 19 10
61 46 42 28 15 12 12 12 23 25 24 24 14 4 5 10 11 14 20 32 60 63 62 39 48 39 40 50 50 43 28 21 45 40 49 39 35 44 42 56 28 22 50 54 44 76 49 51 59 34 67 44 76 79 53 63 76 64 41 55 40 53 48 36 21 35 30 25 13 25 41 49 40 24 34 39 38 40 23 19 23 35 33 24 14 7 7 18 13 7 23 28 24 8 5 30
37 50 52 40 40 22 37 32 42 44 45 49 31 23 18 28 15 23 40 49 62 49 27 46 61 43 25 37 52 50 38 24 36 46 28 57 40 67 51 37 42 29 55 39 34 78 60 60 47 37 52 77 75 62 57 52 66 74 46 60 57 64 52 29 52 46 46 28 12 33 44 70 52 36 43 50 50 34 28 18 34 61 48 35 26 10 22 44 24 9 19 46 43 15 7 30
64 68 39 40 26 37 51 43 41 59 53 52 45 40 40 35 37 45 49 53 61 49 48 59 48 34 35 52 41 50 28 42 28 22 52 60 60 47 51 36 38 22 56 21 18 57 62 63 41 48 59 47 76 27 22 17 42 65 38 67 75 61 53 70 54 51 30 13 18 52 58 80 65 46 52 64 74 44 46 22 45 71 44 28 22 16 36 56 33 17 13 61 71 39 19 30
41 53 36 54 39 50 54 56 55 52 65 57 48 46 65 32 37 52 50 50 63 60 39 61 46 46 52 46 43 59 30 50 31 30 33 61 30 43 32 49 39 39 46 28 49 46 75 60 30 45 64 61 60 39 33 24 32 43 33 75 79 69 68 70 31 47 18 15 26 59 72 76 73 57 64 72 82 41 52 25 54 81 56 24 20 26 48 66 45 26 19 55 69 52 17 37
37 48 64 46 32 42 58 46 41 47 69 54 45 59 44 41 29 51 61 43 41 53 59 59 45 43 36 33 31 78 37 56 34 37 43 63 53 42 29 40 29 46 39 31 47 43 58 35 40 29 44 79 65 51 36 37 64 35 40 70 63 67 84 49 57 47 29 30 46 46 76 76 77 50 58 76 64 41 65 34 44 73 61 49 30 33 59 74 52 35 25 43 66 43 31 44
26 26 46 26 22 19 45 39 29 40 41 42 36 50 43 39 42 41 52 47 39 25 38 55 53 46 53 32 27 38 53 70 35 28 47 68 42 24 27 42 30 48 36 33 40 48 43 34 31 32 32 62 27 34 43 40 59 29 53 60 52 70 41 54 76 40 35 35 59 47 67 85 65 40 62 78 67 47 71 43 51 73 51 49 48 36 35 73 74 44 29 48 69 48 36 49
8 23 13 14 18 19 37 43 22 43 39 48 48 35 33 46 35 35 40 47 28 23 22 51 54 41 54 22 28 51 45 58 23 30 47 38 30 40 31 49 55 25 32 52 49 31 22 61 30 25 22 42 16 28 33 59 57 67 58 35 31 24 44 76 39 48 59 34 45 56 52 76 40 38 60 76 51 50 65 33 64 68 50 53 54 57 27 34 78 45 38 45 70 64 54 46
5 7 8 10 22 9 15 15 23 32 28 45 36 31 34 35 31 25 25 32 37 20 45 38 50 45 42 37 10 28 55 62 10 22 30 59 25 13 21 27 54 32 27 19 22 32 31 9 27 34 31 45 43 25 42 46 75 63 47 69 54 32 61 42 59 66 37 38 44 64 39 70 32 38 50 72 44 65 66 34 50 53 41 68 68 64 40 34 76 60 38 53 60 46 55 44
2 3 8 11 15 5 17 16 20 27 30 49 30 19 22 30 34 43 25 12 14 12 54 10 28 42 36 29 12 26 26 25 5 7 42 10 8 7 35 11 44 24 31 21 27 28 23 58 68 83 76 58 59 53 41 58 65 49 50 56 44 49 56 30 64 38 44 45 51 71 38 57 41 58 30 50 39 62 47 39 61 41 42 57 72 41 53 35 51 46 55 43 71 76 77 64
3 2 8 3 4 21 4 6 14 21 32 32 18 30 11 35 10 32 24 11 7 19 28 20 25 36 33 39 9 8 6 18 23 25 12 10 20 21 30 21 26 27 32 54 32 70 48 81 58 68 50 50 55 75 78 68 63 29 34 65 44 45 21 31 60 43 45 49 58 68 72 62 63 54 41 73 38 71 37 37 75 34 70 62 69 47 61 47 42 66 63 72 70 77 79 88
1 2 1 1 2 6 20 5 12 9 6 11 6 16 11 20 14 26 23 26 17 24 23 35 11 13 22 16 26 28 8 5 11 13 51 58 46 43 67 82 65 66 59 83 61 48 79 81 42 67 55 46 55 76 74 59 66 67 56 79 61 70 68 53 50 57 63 55 48 48 65 70 59 79 85 81 80 89 84 66 69 75 77 75 41 86 86 73 68 38 55 47 58 78 62 64
1 1 2 3 12 33 7 5 2 1 1 3 6 19 17 17 15 30 15 15 19 21 18 37 22 15 8 7 8 7 6 11 14 4 9 50 64 21 30 72 72 72 54 79 87 49 52 63 70 65 73 28 38 76 80 46 84 79 91 86 53 69 58 66 59 72 58 75 79 24 36 73 73 42 71 80 60 79 63 86 54 70 81 72 51 83 77 62 87 79 66 38 50 66 48 37
0 0 2 1 1 2 1 1 0 4 5 5 20 14 8 16 7 20 9 11 18 12 22 26 20 13 5 7 15 22 12 2 7 6 6 15 25 13 14 51 63 36 70 86 75 33 50 38 53 55 69 34 39 64 62 74 67 62 78 84 57 22 39 73 74 79 73 66 63 72 27 64 82 44 68 83 35 28 36 85 79 55 50 56 70 72 74 78 88 77 49 70 32 28 62 66
1 1 1 0 1 3 4 1 1 3 5 8 6 11 6 12 11 12 8 8 7 14 19 10 15 17 2 4 7 13 10 5 13 5 7 5 11 44 24 59 35 56 46 49 84 63 40 26 47 45 57 60 34 70 72 89 52 77 91 90 76 22 54 64 67 83 74 80 54 80 46 37 72 44 67 84 54 41 30 75 67 72 20 20 34 68 78 70 79 66 27 77 48 32 47 60
1 1 0 1 0 1 3 3 2 2 5 10 8 4 10 18 9 11 5 6 12 13 6 6 8 7 1 3 4 10 10 8 6 6 9 14 12 17 50 81 49 64 45 66 70 75 43 40 61 50 83 84 53 68 86 91 63 87 91 84 79 45 76 81 65 58 48 39 59 84 50 30 54 31 69 73 87 47 52 83 62 73 67 29 26 44 64 58 59 40 62 89 47 27 17 16
0 1 0 0 3 1 1 4 1 1 6 5 4 5 7 13 16 8 5 9 4 6 3 3 6 9 4 5 16 20 28 17 15 22 30 32 23 30 63 60 62 30 27 70 76 53 32 29 43 55 76 70 72 53 78 90 69 74 83 79 84 76 77 87 47 51 62 37 62 76 73 47 17 34 80 77 81 71 45 84 46 62 76 48 26 21 53 44 47 20 74 89 66 43 40 14
7 0 0 0 1 0 1 1 2 3 6 5 1 3 5 8 8 3 4 4 7 4 3 2 4 8 9 26 50 10 14 12 41 38 34 33 15 33 47 48 75 40 57 36 85 42 46 39 23 43 68 68 51 30 33 68 68 78 84 82 91 78 79 78 78 56 60 47 51 59 82 60 31 27 66 75 82 81 57 69 62 57 65 78 42 23 15 17 16 30 70 52 80 46 38 19
1 1 2 1 1 0 1 1 0 1 3 4 1 1 7 4 2 3 3 5 8 5 4 7 1 4 3 5 25 11 10 40 28 28 55 38 21 12 6 27 30 21 8 8 38 35 70 61 24 16 39 20 32 18 15 24 24 61 65 66 72 73 65 63 88 54 54 44 14 69 93 46 30 26 67 58 55 66 38 49 51 20 64 80 63 36 9 10 12 21 13 35 85 45 26 26
0 1 3 5 10 0 1 0 1 1 2 0 0 0 4 1 1 3 3 2 8 4 3 6 18 37 12 8 11 13 20 22 45 51 41 34 30 36 17 9 15 37 18 9 17 24 34 44 42 16 19 15 31 18 21 39 29 17 28 47 47 22 31 64 91 74 41 41 49 73 88 54 24 15 28 41 59 44 55 58 49 13 43 65 78 26 14 7 26 31 17 37 90 59 50 48
1 2 1 6 6 11 3 1 6 1 4 0 0 0 1 1 1 1 2 6 2 16 7 7 29 42 30 6 8 28 28 19 37 48 23 12 39 39 15 15 17 48 30 18 27 23 24 19 18 10 17 42 49 45 38 37 27 20 17 12 4 2 12 73 78 77 52 24 30 66 78 73 62 26 16 36 51 36 35 21 44 29 18 66 74 54 17 9 26 22 43 80 82 84 60 49
3 6 11 3 4 10 20 1 1 1 2 16 2 1 2 1 0 2 1 1 1 2 2 4 18 34 17 38 36 48 24 18 43 26 39 39 29 45 23 33 26 39 43 26 14 40 24 28 19 7 14 48 58 66 61 54 42 35 32 26 31 27 27 48 49 61 51 17 9 35 37 74 75 33 14 36 48 31 17 29 53 24 16 14 67 75 18 7 29 39 39 64 41 80 40 20
0 1 1 7 9 9 4 1 2 3 18 20 16 7 9 9 1 2 1 1 1 1 5 4 9 11 21 37 38 29 20 23 17 9 44 44 18 20 30 48 36 45 37 28 10 18 51 39 26 15 13 29 66 69 69 67 53 52 46 46 69 72 75 62 49 47 40 24 9 5 29 42 80 55 48 15 30 34 16 3 11 18 20 33 52 75 31 12 6 19 24 21 70 75 88 46
0 1 2 8 22 20 50 6 15 5 7 3 16 17 13 6 6 0 0 1 2 4 2 4 13 7 16 22 18 14 9 32 47 34 50 34 29 39 55 30 50 46 27 33 39 40 51 51 36 25 12 16 32 58 57 67 68 63 42 33 25 39 45 50 61 57 60 48 28 2 7 40 47 54 47 36 21 9 11 10 30 21 9 15 14 55 51 11 4 9 14 19 16 57 55 62
17 9 3 3 2 26 10 3 5 27 8 9 3 5 3 2 7 2 1 1 1 1 3 14 24 5 16 26 22 30 31 63 41 25 29 38 26 28 21 9 17 47 63 42 59 48 41 37 36 36 30 12 8 10 38 37 34 54 57 46 40 35 23 25 27 49 56 55 53 42 27 50 41 60 29 27 20 11 17 10 9 9 5 21 15 48 62 9 3 13 20 14 16 20 56 66
18 22 16 5 3 19 41 26 6 8 9 6 2 5 3 2 3 6 1 3 3 5 4 16 12 14 6 8 9 9 5 11 12 31 26 26 30 32 36 34 21 8 18 61 62 71 61 46 41 20 27 24 14 6 12 18 15 12 23 28 30 41 43 30 14 15 41 48 51 35 40 62 38 65 44 27 23 24 12 6 6 12 5 10 16 10 46 14 3 7 17 18 7 6 51 63
7 7 60 27 8 24 10 40 32 21 25 4 2 10 5 12 8 9 3 4 2 6 10 8 9 10 13 41 26 14 22 37 25 30 34 52 51 53 49 52 53 41 22 13 11 50 58 52 34 22 16 23 14 6 2 2 2 3 2 3 5 14 12 19 20 8 9 17 15 16 36 35 35 29 31 30 38 29 14 16 14 9 4 5 20 31 16 26 5 1 11 16 9 29 72 22
6 7 24 12 11 10 2 1 51 72 68 59 7 16 8 3 3 16 4 6 4 4 7 6 21 8 22 32 19 24 41 44 26 34 43 50 47 54 50 51 53 44 57 47 42 23 11 8 26 28 32 9 7 4 6 11 11 10 10 7 7 2 1 2 3 2 2 1 2 7 12 21 18 14 10 8 8 22 19 14 9 4 13 10 11 18 14 27 14 2 2 12 34 68 33 63
12 10 17 55 32 11 11 6 6 70 13 12 18 10 13 12 11 1 5 10 1 1 1 8 12 10 10 10 10 13 12 14 29 36 36 40 58 65 49 59 63 65 59 57 57 41 34 29 17 8 6 4 5 15 17 29 28 26 21 27 7 2 2 7 8 12 5 5 1 1 2 9 6 4 4 4 4 9 13 20 16 4 3 3 4 4 11 18 23 4 2 10 67 31 32 41
18 13 20 31 23 30 43 8 3 3 2 3 4 7 10 45 6 11 10 11 4 2 3 5 4 4 13 13 21 15 13 17 22 32 46 49 50 51 47 66 61 48 42 42 46 33 29 39 28 23 25 23 24 40 38 36 49 45 44 29 11 8 9 18 15 9 11 5 1 2 2 1 0 1 1 1 2 2 1 2 3 2 2 1 1 1 6 10 10 5 2 32 30 12 44 37
34 21 11 4 30 29 70 47 35 32 20 10 4 5 31 16 50 40 18 12 28 13 10 3 1 3 8 8 6 9 8 26 39 21 7 23 54 55 34 30 43 51 38 29 38 29 38 40 43 36 43 27 29 46 57 56 55 56 59 42 20 18 28 25 31 31 30 16 6 4 1 1 0 1 1 3 8 4 2 2 2 1 1 1 1 1 2 4 10 11 3 41 6 3 29 40
33 30 24 35 26 39 27 19 20 58 22 38 8 15 29 51 68 50 22 20 32 7 9 13 9 6 9 3 6 7 28 8 8 11 20 27 50 67 60 59 58 46 55 45 49 40 46 46 48 30 57 50 48 43 58 62 77 74 67 45 19 41 37 51 48 61 42 28 17 7 4 4 5 6 8 14 19 11 5 6 9 10 4 1 2 1 0 1 3 12 6 26 3 4 27 56
36 34 10 9 32 26 64 53 32 34 47 60 38 18 38 77 70 45 21 42 8 26 6 9 6 3 1 13 3 10 8 3 3 27 20 28 37 52 60 59 59 42 42 46 46 49 52 65 54 40 48 65 49 51 67 75 80 68 51 37 35 49 59 59 58 73 58 37 23 9 16 16 15 22 20 23 33 20 17 18 16 13 6 10 8 3 3 0 1 3 4 4 4 2 8 17
32 41 30 11 45 51 62 54 78 57 43 22 12 52 67 60 52 35 29 70 12 46 9 12 10 7 7 15 18 4 5 7 8 24 28 37 45 65 47 63 64 49 26 48 47 45 56 71 63 38 39 68 64 54 67 81 76 61 44 34 35 67 64 65 78 71 53 41 17 14 24 23 24 37 36 48 47 46 27 28 39 25 20 28 16 11 4 1 0 2 2 4 3 1 3 7
32 9 30 14 6 52 39 29 44 66 58 48 10 38 71 53 11 20 53 69 13 65 14 10 35 29 6 19 23 30 9 3 9 9 29 21 16 21 33 30 55 39 49 46 49 34 65 48 70 40 72 63 61 51 76 85 65 59 39 52 53 65 62 74 80 70 57 52 23 37 48 49 28 48 62 57 59 48 39 43 53 42 33 35 10 5 2 1 1 0 1 2 2 0 2 1
27 27 18 30 9 20 60 71 71 52 28 31 14 27 51 63 29 49 83 58 24 64 24 16 12 25 14 33 29 9 26 37 11 11 14 22 7 21 15 35 43 36 39 58 43 45 50 57 37 40 84 40 61 51 83 61 56 61 39 49 49 62 73 81 66 71 56 39 32 49 59 59 36 60 57 71 72 58 48 54 69 50 48 17 6 6 5 5 3 1 0 0 1 1 1 1
42 23 29 23 28 27 37 55 47 57 60 34 61 21 11 7 49 88 79 52 50 43 36 43 45 22 10 28 31 30 28 8 9 5 11 3 6 13 16 47 25 41 46 46 29 36 39 47 57 61 36 30 61 76 52 63 49 38 43 42 41 59 82 70 69 53 37 39 54 68 66 66 54 64 48 52 66 43 54 59 73 35 16 13 15 17 23 9 5 2 1 0 0 0 0 0
39 35 29 26 58 37 60 79 47 44 42 55 66 67 11 4 20 29 24 13 29 60 50 26 18 28 22 26 21 17 7 1 6 12 2 6 10 13 25 23 21 18 46 15 18 16 24 51 17 18 25 35 49 65 50 43 24 33 56 55 43 78 73 71 63 65 46 42 54 71 67 54 57 66 53 26 76 59 61 75 42 37 28 27 50 47 21 9 6 4 1 1 1 0 0 0
