sesion_6_simulaciones/modelos_agentes/ejemplos_netlogo/scenarios/cgcm2_b2/rob_2083.asc
NCOLS 322 
NROWS 307 
XLLCORNER 451900 
YLLCORNER 4086900 
CELLSIZE 100 
NODATA_value -9999 
[rows 74 to 147 of 307, columns 0 to 95 of 322]
0 0 0 0 0 0 0 0 0 0 0 0 0 0 0 0 0 0 0 0 0 0 0 0 0 0 0 0 0 0 0 0 0 0 0 1 2 2 2 2 1 2 1 0 0 0 0 1 0 1 0 1 0 0 1 0 0 1 0 1 1 2 2 3 1 1 1 2 3 5 10 6 4 2 14 40 15 18 38 60 54 12 18 24 36 7 4 4 9 5 6 7 4 5 9 7
0 0 0 0 0 0 0 0 0 0 0 0 0 0 0 0 0 0 0 0 0 0 0 0 0 0 0 0 0 0 0 0 0 0 1 2 1 1 5 4 1 1 2 1 0 0 0 1 0 0 1 1 0 0 0 1 0 0 0 0 0 1 4 6 2 3 5 4 3 1 3 7 7 5 8 52 18 7 6 48 41 26 20 14 5 17 16 6 8 6 8 17 13 8 5 34
0 0 0 0 0 0 0 0 0 0 0 0 0 0 0 0 0 0 0 0 0 0 0 0 0 0 0 0 0 0 0 0 0 0 0 1 1 2 3 2 2 6 2 1 1 0 0 0 0 1 1 0 1 0 0 0 2 0 0 0 0 3 2 4 5 4 7 6 10 6 5 2 2 2 8 56 69 19 10 11 31 28 15 5 5 38 37 27 21 5 4 3 21 25 15 22
0 0 0 0 0 0 0 0 0 0 0 0 0 0 0 0 0 0 0 0 0 0 0 0 0 0 0 0 0 0 0 0 0 0 0 0 0 1 0 1 6 1 2 1 2 3 1 0 0 1 1 1 1 0 1 0 0 1 0 0 1 2 2 4 2 4 5 7 9 12 13 13 13 10 5 12 46 30 19 5 34 48 9 4 29 51 8 51 32 15 6 17 27 29 28 15
0 0 0 0 0 0 0 0 0 0 0 0 0 0 0 0 0 0 0 0 0 0 0 0 0 0 0 0 0 0 0 0 0 0 0 0 0 0 1 2 1 4 1 2 3 11 3 2 3 2 1 1 1 1 0 0 1 0 1 1 1 1 1 1 2 3 4 8 10 10 11 21 14 16 8 2 4 13 13 7 15 15 10 10 31 13 9 6 6 22 13 20 15 21 25 32
0 0 0 0 0 0 0 0 0 0 0 0 0 0 0 0 0 0 0 0 0 0 0 0 0 0 0 0 0 0 0 0 1 2 3 3 1 0 2 2 3 7 4 1 2 2 9 11 22 19 10 4 2 2 1 1 0 1 1 1 1 0 1 0 1 1 1 1 2 8 12 13 15 17 12 10 6 12 4 3 13 14 10 18 32 12 24 13 6 17 24 48 61 57 40 45
0 0 0 0 0 0 0 0 0 0 0 0 0 0 0 0 0 0 0 0 0 0 0 0 0 0 0 0 0 0 0 0 0 1 6 9 2 1 1 5 4 3 10 5 2 2 4 13 47 54 61 69 42 8 4 2 1 2 1 1 1 1 0 0 1 1 1 2 2 7 12 10 15 20 17 9 8 4 2 0 5 12 14 18 31 21 8 10 12 17 62 62 61 34 35 63
0 0 0 0 0 0 0 0 0 0 0 0 0 0 0 0 0 0 0 0 0 0 0 1 0 0 0 0 0 0 0 0 0 0 0 4 3 1 1 4 10 28 7 16 11 5 3 1 1 3 11 18 35 49 24 7 2 1 1 1 1 1 0 2 0 0 1 1 1 3 4 15 14 17 22 13 3 0 2 1 3 6 8 21 10 22 27 30 17 16 11 8 28 21 29 46
0 0 0 0 0 0 0 0 0 0 0 0 0 0 0 0 0 0 0 1 0 1 2 0 3 0 0 0 0 0 0 0 0 1 1 1 0 0 0 2 4 4 6 16 9 6 8 5 2 0 0 1 2 12 11 30 9 3 1 8 12 4 2 1 3 2 1 2 0 1 3 8 20 14 9 11 6 4 4 9 3 3 12 33 12 38 35 32 28 34 23 12 10 27 65 78
0 0 0 0 0 0 0 0 0 0 0 0 0 0 0 0 0 0 1 1 0 0 0 0 0 0 0 0 0 0 0 0 0 0 0 1 1 0 2 2 8 14 5 3 2 2 3 2 0 1 2 1 5 2 3 6 13 8 22 16 3 1 1 1 3 1 1 2 2 2 15 12 15 10 10 12 15 20 12 5 8 8 32 40 25 55 48 76 55 50 54 49 14 13 17 19
0 0 0 0 0 0 0 0 0 0 0 0 0 0 0 0 0 0 0 0 0 0 0 0 0 0 0 0 0 0 1 0 0 0 1 1 0 1 2 2 5 10 14 11 1 0 1 1 1 1 1 5 17 8 6 4 3 13 40 6 3 2 1 1 1 1 2 1 5 9 9 11 9 9 10 10 14 13 22 5 8 6 13 10 23 58 29 40 58 72 47 50 52 34 26 20
0 0 0 0 0 0 0 0 0 0 0 0 0 0 0 0 0 0 0 0 0 0 0 0 0 0 0 0 0 0 0 0 0 1 0 1 0 4 2 2 6 7 15 16 7 8 11 8 10 11 7 10 13 9 5 4 7 14 5 6 4 5 3 1 1 0 0 5 5 4 10 7 28 7 6 20 14 12 14 10 8 5 7 18 4 42 32 63 63 78 85 85 67 47 34 30
0 0 0 0 0 0 0 0 0 0 0 0 0 0 0 0 0 0 0 0 0 0 0 0 0 0 0 0 0 0 0 0 0 0 0 1 0 1 1 3 6 3 10 8 5 6 9 6 5 7 8 3 5 6 5 5 12 4 6 7 9 4 1 1 1 1 1 1 1 3 2 7 3 2 21 14 9 14 41 18 20 9 5 14 27 48 40 30 71 67 57 62 73 37 36 31
0 0 0 0 0 0 0 0 0 0 0 0 0 0 0 0 0 0 0 0 0 0 0 0 1 0 0 1 1 0 0 0 0 0 0 0 0 1 1 2 6 2 1 2 2 4 8 1 3 4 4 4 4 8 6 4 5 3 5 4 6 1 2 1 1 2 5 7 6 4 6 4 4 3 3 3 27 37 8 15 17 11 11 8 13 18 35 52 61 69 16 43 57 58 35 30
0 0 0 0 0 0 0 0 0 0 0 0 0 0 0 0 0 0 0 0 0 0 0 0 2 1 1 1 0 2 1 1 0 0 0 0 0 1 0 1 1 1 2 1 3 4 7 2 3 5 2 2 3 7 5 1 3 2 3 5 2 0 0 1 2 1 1 3 8 2 5 5 3 4 9 5 7 11 9 8 5 8 19 17 12 15 13 10 28 26 18 45 24 60 49 40
0 0 0 0 0 0 0 0 0 0 0 0 0 0 0 0 0 0 0 0 0 0 0 1 1 3 4 2 1 1 1 1 0 1 0 0 0 0 0 0 0 0 1 1 1 2 3 1 1 2 1 2 1 4 6 1 2 1 9 2 1 1 1 2 2 1 0 0 17 3 4 3 3 3 4 12 13 29 32 26 37 24 12 8 26 36 32 29 13 10 23 40 44 20 41 35
0 0 0 0 0 0 0 0 0 0 0 0 0 0 0 0 0 0 0 0 0 0 1 2 8 0 6 7 1 2 2 2 1 2 1 2 1 0 0 0 0 0 0 0 1 2 1 1 1 1 1 2 2 6 0 2 4 2 3 1 0 2 3 1 1 1 1 1 4 39 27 10 4 15 16 23 55 50 10 19 47 35 41 39 35 39 38 39 31 16 8 36 33 17 12 5
0 0 0 0 0 0 0 0 0 0 0 0 0 0 0 0 0 0 0 0 0 0 0 1 4 1 1 16 7 1 1 4 1 3 3 7 2 1 1 0 0 1 1 0 0 0 0 0 1 1 10 12 15 12 16 1 0 2 0 0 0 2 1 0 0 0 6 5 1 2 8 11 51 80 48 26 14 11 56 22 5 27 43 37 32 35 43 44 37 17 11 12 8 5 8 24
0 0 0 0 0 0 0 0 0 0 0 0 0 0 0 0 1 0 0 0 0 0 0 2 0 3 3 10 26 6 0 0 0 1 1 3 2 3 5 1 1 0 2 2 2 2 3 1 3 16 25 15 2 3 10 23 5 1 1 1 0 2 1 1 1 1 1 1 4 2 3 3 2 4 3 50 14 15 9 22 39 12 19 49 36 41 45 41 43 43 23 7 15 31 16 26
0 0 0 0 0 0 0 0 0 0 0 0 0 0 0 0 0 1 3 1 0 2 0 0 0 1 1 0 4 3 10 1 0 0 2 0 1 8 1 1 5 0 1 4 12 5 3 9 11 17 38 35 9 23 15 24 9 14 6 5 2 3 0 1 1 1 1 2 2 1 1 1 3 3 3 9 8 13 11 14 25 50 25 30 41 43 29 33 22 14 26 33 37 9 7 10
0 0 0 0 0 0 0 0 0 0 0 0 0 0 0 0 0 1 0 1 1 1 1 1 0 2 1 1 0 6 25 5 1 1 1 2 1 2 10 1 11 0 2 12 11 10 14 25 27 66 51 52 35 70 59 44 26 29 22 2 3 2 0 1 1 1 3 9 4 4 2 7 10 8 6 4 5 15 22 17 10 12 41 40 38 22 34 16 16 38 39 30 39 38 25 13
0 0 0 0 0 0 0 0 0 0 0 0 0 0 0 0 0 0 1 1 1 2 0 1 1 1 2 1 1 2 12 14 4 2 1 1 0 1 8 1 10 1 2 10 13 18 44 53 58 74 63 20 52 41 40 30 23 39 2 1 6 2 1 1 1 1 2 4 5 3 22 5 2 4 5 11 37 38 41 31 24 19 21 31 20 12 27 27 27 32 50 42 24 18 25 20
0 0 0 0 0 0 0 0 0 0 0 0 0 0 0 0 0 0 0 0 1 1 0 1 3 1 4 2 2 1 8 24 1 1 1 1 0 5 25 12 20 11 4 9 24 49 74 66 38 78 42 7 22 4 12 44 50 34 6 20 14 13 2 0 1 1 1 1 2 11 3 6 10 4 6 21 18 12 30 40 45 25 12 14 9 15 32 48 43 42 40 47 24 25 25 37
0 0 0 0 0 0 0 0 0 0 0 0 1 0 0 0 0 0 1 1 0 0 1 4 6 7 3 6 3 2 12 29 2 1 5 4 1 4 2 14 23 50 17 20 44 56 82 74 33 54 8 12 6 2 1 2 50 57 51 35 10 21 1 1 6 10 1 0 2 2 4 11 4 16 22 5 15 34 26 42 35 40 43 17 30 31 44 42 51 34 51 51 36 42 37 49
0 0 0 0 0 0 0 0 0 0 0 0 0 2 0 1 0 1 1 2 3 2 2 4 5 8 8 16 9 10 5 15 4 3 4 1 2 7 3 7 11 36 28 45 52 56 82 90 80 54 19 7 2 2 1 1 2 2 65 34 36 4 1 7 3 4 3 1 1 1 5 4 16 12 9 6 8 5 19 25 45 54 35 22 28 44 37 32 54 27 72 32 37 38 30 35
0 1 0 0 0 0 0 0 0 0 0 0 0 0 2 2 0 1 3 2 3 3 6 16 20 23 25 20 20 24 3 13 20 8 5 3 3 4 2 1 3 33 5 14 15 21 79 83 76 30 17 17 10 8 3 5 1 5 3 3 3 3 6 7 8 3 2 1 1 2 2 5 4 6 3 3 4 13 18 31 39 44 28 27 22 32 39 17 42 36 73 42 42 22 34 46
0 0 1 0 0 0 0 0 0 0 0 0 0 0 1 0 4 1 1 1 3 2 1 2 3 9 13 6 22 25 11 40 56 26 7 16 5 6 5 1 16 28 21 12 20 25 10 36 51 11 19 24 16 11 15 8 4 12 6 9 4 1 4 7 5 3 2 1 2 1 0 1 6 9 8 6 11 16 18 24 24 36 28 26 26 22 30 26 56 61 19 37 44 43 48 33
0 0 0 0 0 0 0 0 0 0 0 0 0 0 0 1 1 7 2 2 1 5 5 7 14 18 16 9 4 5 5 51 40 19 34 39 51 30 5 4 19 23 67 35 33 32 30 9 6 12 32 27 18 12 6 12 12 8 6 4 5 4 10 7 4 3 1 2 3 1 0 1 2 4 5 12 11 15 19 21 21 20 16 27 30 19 20 26 47 5 20 34 28 11 7 19
0 0 0 0 0 0 0 0 0 0 0 0 0 0 1 1 1 1 2 3 6 11 11 15 23 43 25 23 15 7 4 3 43 52 47 15 67 37 19 38 48 12 54 32 81 65 26 11 11 6 19 27 19 13 16 6 12 8 8 5 8 9 23 27 8 2 1 1 2 1 0 1 1 1 1 8 7 9 13 13 18 14 17 25 11 31 24 51 20 12 26 29 31 20 18 30
0 0 0 0 0 0 0 0 0 0 0 0 1 0 0 0 1 2 2 3 8 10 34 28 32 27 51 31 11 12 10 8 4 35 39 9 12 9 54 27 21 7 65 27 13 5 20 13 21 14 22 31 34 22 14 5 3 4 1 2 5 3 12 13 1 2 2 1 1 1 2 2 1 2 3 1 7 8 10 10 8 25 8 3 14 39 19 51 13 6 11 15 18 16 27 31
0 0 0 0 0 0 0 0 0 0 0 0 0 0 1 2 1 1 1 2 2 8 41 49 18 16 21 23 30 26 17 24 11 4 3 13 5 10 61 9 8 16 37 12 13 9 22 16 18 13 7 21 25 24 10 6 3 4 2 2 2 2 2 1 2 3 1 1 1 2 3 1 3 3 3 3 7 8 8 7 29 6 7 11 15 25 21 17 18 3 4 13 16 28 34 46
0 0 0 0 0 0 0 0 0 0 0 0 0 0 0 0 2 3 7 11 7 16 12 11 5 2 11 23 29 22 40 40 10 5 1 3 9 36 19 17 3 44 63 20 18 19 18 25 29 7 10 15 13 13 6 6 4 2 2 1 1 1 1 4 5 3 2 2 3 2 3 2 1 5 2 2 5 4 5 14 9 6 9 6 15 5 16 25 38 14 9 12 20 22 17 42
0 0 0 0 0 0 0 0 0 0 0 0 0 1 1 2 2 4 8 7 9 28 12 8 11 12 4 12 20 16 16 10 6 13 10 12 25 16 30 13 16 20 41 43 29 24 9 12 16 5 5 19 25 26 22 10 4 2 5 12 6 2 2 3 2 1 11 7 3 2 1 20 8 4 3 2 2 2 3 8 3 6 7 2 8 7 15 26 15 31 19 26 21 32 29 38
0 0 0 0 1 0 0 0 0 0 0 0 0 4 2 11 4 2 5 13 18 18 28 14 11 12 13 8 23 20 11 9 12 18 21 21 7 10 14 15 15 5 9 21 30 17 3 6 6 7 10 13 10 10 7 5 6 2 19 18 7 7 1 1 3 2 14 61 33 15 8 4 19 29 5 2 2 3 6 4 1 9 3 6 6 13 5 7 8 14 27 21 48 33 15 23
0 0 0 0 0 0 0 0 0 0 0 0 0 1 5 5 8 11 8 14 13 10 24 11 7 8 6 3 3 5 13 11 18 19 10 21 19 16 13 11 4 9 18 5 29 17 13 12 12 5 4 5 5 21 12 10 7 2 4 4 3 2 8 3 5 10 7 38 63 38 3 6 7 3 21 8 2 2 3 2 5 10 3 25 11 9 9 15 12 17 26 40 18 18 21 10
0 0 0 0 0 1 1 0 0 0 0 0 0 0 0 1 0 1 4 10 13 13 24 32 17 12 16 12 7 4 8 2 5 9 10 17 18 12 20 6 3 14 7 10 31 15 15 12 13 7 6 6 6 16 23 2 4 3 6 5 3 15 11 15 20 10 18 13 53 25 21 5 5 5 5 11 7 8 6 9 3 5 6 14 10 12 15 6 10 45 19 10 26 19 23 22
0 0 0 0 0 0 0 0 0 0 0 0 1 0 2 2 1 1 2 8 13 31 41 49 44 15 10 5 2 4 4 1 1 2 5 5 11 14 9 12 10 13 4 22 3 2 6 8 10 9 17 16 7 16 9 8 5 8 10 3 9 10 6 6 56 18 19 10 4 55 51 11 13 5 17 28 29 47 27 21 10 8 3 14 34 20 39 27 28 34 26 13 26 31 39 21
0 0 0 0 0 0 0 0 0 0 0 0 0 0 2 1 1 6 3 22 56 29 14 21 32 16 12 12 5 1 4 5 7 3 2 5 16 15 3 8 21 21 18 16 6 3 7 16 25 27 11 40 26 27 16 7 7 3 3 12 5 3 4 7 6 25 13 13 7 21 40 61 42 7 3 19 15 39 4 2 13 41 2 7 2 15 16 66 51 43 68 34 30 29 32 32
0 0 0 0 0 0 0 1 0 0 0 0 0 0 0 1 5 6 7 4 5 36 37 19 23 16 25 36 19 7 6 13 9 9 10 4 4 11 10 11 11 17 15 15 12 12 28 24 18 22 23 17 21 15 13 18 23 27 8 3 9 4 3 29 6 19 30 14 8 11 39 42 49 22 8 11 3 20 9 4 1 19 8 9 11 42 10 17 7 4 42 17 24 68 32 50
0 0 0 0 0 0 0 0 0 0 0 0 1 0 0 1 3 4 7 8 6 2 26 58 39 34 27 28 31 11 10 16 8 9 18 24 9 4 5 11 16 12 7 40 17 18 21 52 51 32 45 18 23 52 68 62 21 14 7 5 6 32 14 4 30 8 32 23 14 3 38 34 26 41 8 13 3 26 36 8 4 34 5 9 14 3 19 12 4 13 66 25 15 53 72 68
0 0 0 0 0 0 0 0 0 0 0 0 0 0 0 1 2 4 7 15 13 13 6 18 21 21 7 9 29 11 8 8 6 5 8 14 11 8 7 12 9 5 5 4 23 27 24 44 32 17 15 35 17 14 11 7 11 4 8 8 7 20 25 9 12 28 3 41 24 8 30 50 44 38 14 12 5 35 8 8 2 58 16 9 16 15 6 13 12 28 61 72 19 18 68 66
0 0 0 0 0 0 0 0 0 0 0 0 0 0 0 0 1 1 7 21 27 15 10 4 3 2 7 4 1 2 8 1 2 5 10 7 10 15 11 8 18 14 17 15 21 26 24 21 15 14 28 29 29 38 15 24 21 11 6 11 5 11 19 21 16 51 21 38 55 18 16 24 51 27 43 12 7 32 19 39 28 54 74 24 17 20 7 24 14 9 38 80 30 12 13 66
0 0 0 0 0 0 0 0 0 0 0 0 0 0 0 0 2 2 6 12 20 12 7 11 6 6 7 3 1 1 3 3 2 4 4 6 12 14 10 21 32 21 20 16 9 16 18 16 19 41 28 45 30 30 25 31 25 21 13 22 13 24 12 28 10 47 38 16 59 37 6 27 39 28 58 19 37 19 21 19 41 19 74 44 11 20 20 52 16 9 10 54 36 17 33 31
0 0 0 0 0 0 0 0 0 0 0 0 0 0 0 0 1 2 4 8 12 12 12 9 16 12 15 11 2 1 1 1 1 4 4 3 12 14 6 7 26 18 11 7 17 11 18 12 11 39 52 46 53 33 13 23 54 22 33 31 33 42 16 6 10 9 27 15 30 53 22 17 20 61 46 35 53 20 34 66 48 20 49 70 21 25 11 11 12 16 21 62 33 46 29 9
1 0 0 0 0 0 0 0 0 0 0 0 0 0 0 0 3 3 18 20 14 31 19 25 8 10 14 13 9 1 1 1 7 5 15 15 11 21 21 19 19 14 13 9 12 9 8 16 13 10 9 19 11 19 47 39 57 18 77 60 18 53 22 30 31 12 8 6 22 41 21 41 22 43 11 35 78 54 33 52 66 59 51 78 23 20 33 13 17 6 27 41 42 18 12 15
0 0 0 0 0 0 0 0 0 0 0 0 0 1 1 1 0 2 3 2 5 2 4 8 17 25 14 13 21 4 1 12 9 11 6 4 11 11 11 35 24 9 14 24 19 19 23 27 11 28 31 11 34 52 45 58 41 48 40 54 15 39 49 25 42 56 55 34 16 55 57 71 65 36 32 40 62 67 51 55 61 64 47 76 71 40 7 8 11 23 31 46 56 26 12 8
0 0 0 0 1 0 0 0 0 0 0 0 0 0 2 2 2 1 4 4 3 8 6 11 28 13 16 18 22 21 8 52 15 5 11 5 20 20 23 32 51 26 30 32 21 33 20 25 15 20 26 19 8 38 17 30 63 65 44 48 53 70 73 60 20 61 55 63 55 36 52 65 21 38 37 42 60 51 73 75 63 44 43 81 72 34 43 9 12 41 22 50 40 40 33 20
0 0 0 0 0 0 0 0 0 0 0 0 0 0 0 0 0 1 1 9 5 8 10 11 12 12 24 16 19 13 15 51 12 15 13 11 17 15 17 32 45 21 21 31 18 30 9 11 23 13 12 23 8 6 6 8 35 58 65 69 58 50 66 82 46 39 65 65 56 36 15 29 41 29 35 55 66 81 61 43 41 33 82 72 74 32 24 24 16 24 29 52 14 10 12 44
2 0 0 0 0 0 0 0 0 0 0 0 0 0 1 0 0 1 1 4 8 11 3 5 7 13 16 7 22 20 35 18 19 28 14 7 7 17 41 40 20 12 26 38 36 25 9 8 7 23 13 12 20 16 7 4 12 19 13 42 29 28 60 78 70 51 28 13 16 26 20 22 21 25 29 28 64 54 48 33 12 32 83 70 73 62 28 33 8 30 38 63 61 47 23 11
0 1 1 0 0 0 0 0 0 0 0 0 0 0 4 0 0 0 2 6 5 4 1 6 4 2 10 4 21 28 31 31 37 18 8 19 22 20 42 29 14 30 14 17 30 9 8 12 4 18 10 6 15 7 15 10 9 15 17 6 25 28 34 45 48 23 20 33 27 41 24 16 18 23 25 12 38 34 39 23 20 13 45 31 49 72 34 45 14 41 58 50 36 40 38 16
1 0 0 0 0 0 0 0 0 0 0 0 0 0 0 2 1 1 1 1 4 1 5 4 4 2 7 6 18 13 17 18 31 13 22 23 29 14 28 21 14 22 13 16 19 7 8 8 6 29 14 10 19 20 15 12 23 22 33 20 13 18 7 15 5 5 17 30 33 37 34 20 15 9 11 10 20 20 24 21 23 18 22 18 32 41 17 33 11 34 58 55 32 17 77 60
0 0 1 0 0 0 0 0 0 0 0 0 0 1 0 5 2 1 1 1 3 2 2 3 3 4 17 12 18 12 23 33 11 18 18 33 17 15 37 9 15 21 8 14 12 22 6 13 5 16 11 13 14 25 10 15 16 26 20 25 26 34 15 14 15 9 27 21 27 19 11 8 29 15 10 5 8 20 15 13 13 11 13 27 32 28 22 30 15 69 72 71 69 27 9 21
0 0 0 0 0 0 0 0 0 0 0 0 1 2 1 0 2 1 1 2 3 1 2 6 4 4 15 9 6 5 7 11 17 42 20 13 14 4 16 7 12 10 12 10 5 7 7 9 13 13 13 14 10 15 16 25 28 17 24 19 36 19 11 26 8 15 20 36 14 11 18 39 28 23 25 26 7 6 15 12 13 19 12 34 21 16 45 16 29 70 68 63 79 43 48 15
1 0 0 0 0 0 0 0 0 0 0 0 0 1 1 0 0 1 0 1 1 1 1 3 3 8 9 11 5 4 9 29 12 17 24 13 9 9 15 4 9 7 3 4 3 9 2 5 6 2 7 3 8 17 22 29 40 29 13 23 18 23 20 14 50 14 22 26 29 52 43 26 16 16 23 27 26 29 32 33 42 47 20 21 18 32 54 34 50 62 35 54 83 63 66 47
1 1 1 1 0 0 0 0 0 0 0 0 0 1 0 1 1 1 1 1 1 1 1 1 1 1 3 6 6 13 9 18 6 10 19 11 6 9 4 7 5 5 3 12 19 8 3 14 34 13 22 15 27 42 45 14 21 26 23 17 21 21 37 30 37 30 25 26 52 11 8 11 15 7 5 8 29 24 39 46 49 45 36 15 15 35 61 30 35 18 27 61 90 55 72 63
0 0 0 1 1 1 0 0 0 2 1 1 0 0 0 1 1 0 2 3 9 4 6 2 5 1 1 4 7 5 7 4 4 8 16 9 5 4 2 4 11 37 10 6 11 11 19 8 36 48 71 36 51 70 52 27 43 24 10 11 11 14 36 19 21 30 28 36 14 12 16 23 41 26 27 21 10 32 50 65 59 21 14 21 12 39 55 37 31 28 32 82 85 52 60 89
0 0 0 1 1 1 2 2 1 0 1 0 0 0 0 0 1 1 2 2 7 15 11 3 3 6 14 8 9 3 17 6 6 4 5 5 2 3 8 7 17 2 15 36 11 23 28 21 21 70 70 76 28 57 54 54 33 51 31 21 19 23 6 23 33 38 39 13 16 17 30 46 34 44 58 36 23 51 65 68 32 18 13 27 19 38 21 18 33 38 59 87 68 81 61 90
1 1 0 0 1 0 1 1 1 1 0 0 0 0 1 0 1 1 4 5 2 20 13 22 30 39 30 22 14 4 10 6 4 6 8 25 15 28 39 31 36 44 26 54 18 36 54 60 12 13 12 67 66 33 55 28 25 68 44 41 16 18 23 32 34 38 26 31 30 42 36 20 34 33 38 35 60 53 40 37 20 14 12 17 15 25 18 19 23 24 40 77 55 75 34 65
1 1 1 1 1 1 0 0 0 0 0 0 0 0 0 0 0 0 5 16 5 1 16 53 27 43 37 45 43 55 31 47 47 61 21 43 4 37 60 29 52 72 28 60 60 33 63 29 76 41 20 78 60 57 56 55 78 81 34 48 25 18 18 18 19 27 21 16 14 20 21 27 20 34 40 60 69 56 18 8 19 10 8 13 8 14 15 25 27 46 63 77 45 49 46 40
1 1 8 0 3 3 1 1 1 1 0 1 1 1 1 0 1 1 1 10 5 1 2 6 7 4 25 54 37 41 48 42 66 43 33 44 60 50 56 62 30 73 72 37 54 47 69 33 70 82 55 57 59 49 33 76 59 62 49 56 45 14 16 14 36 24 27 34 38 38 45 31 44 39 64 66 46 25 22 8 3 5 6 10 11 6 11 20 24 35 63 63 23 29 34 35
1 1 1 3 3 4 2 3 2 2 0 1 1 1 0 0 1 1 3 1 0 1 3 2 3 8 21 16 25 38 46 58 17 48 21 66 56 55 59 65 50 65 55 59 67 62 67 73 20 68 51 31 75 23 47 74 55 21 63 22 30 49 12 12 23 24 43 40 39 36 35 42 58 81 78 66 45 24 5 7 6 3 2 2 6 3 10 11 16 25 44 35 26 16 36 49
0 1 2 2 2 3 1 1 2 1 1 1 1 1 0 1 1 1 3 5 4 4 3 4 3 5 2 3 4 6 4 4 9 13 5 4 8 6 6 11 12 14 9 16 18 16 19 69 54 47 77 31 61 58 60 61 23 15 25 27 57 52 26 17 34 33 41 29 30 59 73 74 77 75 67 57 36 10 4 4 3 3 3 1 4 2 5 4 7 11 19 21 18 11 17 24
2 3 3 2 1 0 1 1 2 0 1 1 1 1 1 1 1 1 2 1 1 5 5 3 8 5 3 4 7 10 6 6 17 13 11 15 8 9 13 19 17 19 33 18 24 15 26 11 16 19 51 50 58 65 59 32 34 42 36 48 52 27 22 28 30 29 42 57 70 71 77 63 43 42 26 20 6 7 7 7 6 4 2 3 1 1 1 1 2 3 8 8 12 7 7 8
9 12 5 1 0 0 0 1 0 1 0 0 0 1 0 0 0 0 0 3 2 1 2 2 4 3 1 7 4 4 7 7 3 3 3 7 6 5 10 6 9 20 21 12 12 18 14 25 23 22 14 18 16 18 27 31 42 37 33 43 14 17 19 30 34 25 26 23 45 69 73 67 45 33 13 13 20 18 28 24 14 7 2 3 4 4 5 3 2 1 1 1 3 9 8 6
2 2 1 3 1 1 0 0 0 0 0 0 0 1 0 0 1 0 0 0 4 4 3 4 2 3 2 5 6 7 5 2 5 3 4 6 6 8 9 12 9 9 11 7 5 6 6 7 17 25 36 53 37 31 30 27 30 29 29 12 11 19 18 38 29 17 25 25 28 35 28 39 41 19 13 23 31 26 8 6 3 4 4 9 18 17 16 8 7 5 2 2 1 1 2 2
2 1 2 0 0 0 0 0 0 0 0 0 0 0 0 0 0 1 1 1 1 5 5 3 4 2 3 5 8 2 2 4 3 7 8 4 6 6 6 7 7 9 26 13 14 11 12 17 25 22 34 37 29 28 29 23 27 20 18 19 4 20 19 25 42 43 39 48 37 31 17 17 8 16 23 34 53 32 13 8 8 13 13 25 20 19 21 22 22 10 13 6 4 3 1 1
3 1 1 0 0 0 0 0 0 0 0 0 0 0 0 0 0 1 1 0 1 2 4 4 5 1 7 11 3 1 4 2 5 4 8 9 6 10 12 12 3 10 14 15 11 24 26 22 16 14 23 12 40 29 50 36 22 20 14 10 13 16 20 15 58 67 33 52 46 39 27 26 13 26 39 48 26 10 15 20 19 28 19 33 38 32 43 30 30 25 20 20 15 10 4 7
1 0 0 0 0 0 2 3 1 0 2 0 0 0 0 0 0 0 0 0 1 2 1 2 3 5 19 20 7 3 6 4 5 14 6 10 8 12 4 5 15 13 9 14 14 25 22 10 28 13 24 31 29 20 34 20 35 10 18 7 26 39 17 48 75 51 50 31 27 31 20 12 16 29 39 34 16 24 24 31 39 34 41 55 52 45 44 34 47 47 30 46 26 17 13 13
0 1 0 0 1 6 2 1 4 7 0 1 0 0 0 0 0 0 0 1 1 1 1 3 3 15 8 2 2 1 3 6 3 5 17 6 7 10 11 15 9 10 8 8 12 12 21 20 17 21 26 24 30 20 24 20 39 22 10 5 12 35 52 66 59 59 35 33 33 17 14 17 26 12 41 18 31 31 47 48 57 43 51 60 61 45 59 56 54 40 39 42 30 28 36 33
0 0 0 0 0 6 4 5 8 4 1 2 5 1 0 0 0 0 1 1 0 0 1 4 1 1 1 2 5 6 3 2 7 2 6 7 8 17 9 10 4 11 4 3 5 13 13 22 24 17 14 32 9 22 27 25 14 10 22 13 4 20 21 28 41 63 51 63 41 12 29 23 35 28 73 37 32 34 44 47 60 44 51 65 46 45 61 73 63 59 42 45 40 54 49 33
0 0 0 1 0 0 0 0 5 6 7 6 4 1 1 1 0 0 0 0 0 0 1 1 1 2 3 3 4 3 2 1 1 2 2 4 3 4 5 10 19 6 11 9 3 4 8 8 15 19 23 19 21 5 33 5 12 29 14 16 7 7 15 14 12 13 34 23 13 31 60 32 38 31 69 35 40 43 59 65 80 68 81 81 74 67 68 69 83 80 55 47 46 48 73 51
0 0 0 0 0 0 0 0 0 2 1 4 3 1 2 2 1 1 1 0 0 0 0 0 1 2 2 1 0 1 1 1 1 1 2 2 2 2 3 7 12 23 9 4 20 14 18 6 13 9 9 16 6 16 16 23 24 16 17 14 9 26 39 28 21 14 15 31 40 36 48 51 30 43 63 55 62 54 67 82 70 61 83 81 80 79 77 76 79 74 61 55 70 75 75 61
0 0 0 1 0 0 4 1 1 0 5 9 2 8 3 5 9 5 3 1 0 0 0 0 1 1 0 0 0 0 0 0 0 0 1 2 1 1 3 6 5 9 13 16 1 13 12 15 15 9 9 21 27 14 6 6 10 24 21 20 15 39 30 24 12 28 30 32 57 51 43 69 48 65 58 72 77 71 78 70 42 67 78 63 44 48 67 42 71 80 67 68 64 66 64 79
2 3 6 2 7 0 0 0 2 2 9 10 8 34 11 12 24 12 2 3 1 1 0 0 0 0 0 0 0 0 0 0 0 1 0 0 1 1 2 1 2 5 9 23 14 7 14 8 14 12 11 10 8 37 55 23 20 18 17 20 30 28 37 19 29 34 48 27 48 58 39 56 63 60 75 51 65 62 77 68 25 38 50 62 37 10 16 33 74 71 73 78 44 49 37 72
