sesion_6_simulaciones/modelos_agentes/ejemplos_netlogo/scenarios/cgcm2_b2/rob_2100.asc
NCOLS 322 
NROWS 307 
XLLCORNER 451900 
YLLCORNER 4086900 
CELLSIZE 100 
NODATA_value -9999 
[rows 74 to 147 of 307, columns 96 to 191 of 322]
9 33 17 8 9 10 11 32 11 10 6 37 13 59 43 19 3 1 1 2 17 9 3 1 2 0 0 0 1 1 0 0 0 1 0 0 0 0 1 0 0 0 1 0 0 1 1 0 0 1 0 2 6 3 4 2 3 5 11 6 5 32 23 16 26 36 18 27 34 39 31 40 26 45 16 16 34 42 35 33 15 41 63 59 45 28 33 39 26 33 26 25 22 11 2 1
12 16 13 10 8 9 14 32 15 21 29 16 6 12 13 26 11 12 20 27 59 13 10 7 1 3 0 0 1 0 1 7 1 1 2 1 0 0 0 0 0 1 2 1 2 1 1 3 10 1 1 0 1 3 1 1 3 7 5 3 8 8 26 14 22 14 13 16 25 35 16 47 14 18 14 8 34 17 11 35 48 43 20 23 34 36 33 32 47 45 55 54 35 25 9 4
21 12 10 14 8 17 7 33 12 34 35 8 15 31 24 12 17 35 14 34 32 37 25 21 3 1 1 0 1 1 3 5 3 1 2 2 3 0 1 1 0 0 0 0 0 3 0 2 1 3 0 0 1 1 1 1 2 6 2 4 4 2 10 9 15 7 17 8 32 18 7 24 13 12 12 14 9 5 40 25 24 25 42 31 50 55 54 67 72 59 63 62 47 33 22 14
23 7 21 18 11 9 14 21 19 26 55 19 27 15 17 26 45 19 40 30 51 54 21 11 14 1 1 1 2 1 3 1 3 1 5 0 8 2 2 4 0 0 0 0 0 1 3 5 3 9 5 3 1 0 0 0 2 1 1 1 2 1 7 5 8 5 10 8 11 4 3 4 11 3 9 4 5 7 24 15 29 28 28 46 68 66 75 61 63 74 54 58 43 37 28 22
25 12 18 19 26 14 15 20 8 48 67 55 26 14 35 24 32 41 59 25 21 36 37 49 9 5 6 7 13 4 3 1 2 3 0 1 1 2 3 3 2 0 0 0 1 1 6 4 1 18 10 4 5 3 2 0 1 0 1 1 1 1 0 2 1 3 2 4 3 1 2 2 8 4 2 1 5 9 9 11 30 56 69 61 68 75 50 60 68 51 57 42 35 38 36 54
43 44 15 39 51 24 8 25 9 23 34 56 39 23 24 4 37 70 32 29 35 18 46 46 11 7 22 33 24 19 26 4 1 1 1 4 4 1 1 2 4 0 0 1 1 1 5 19 13 16 17 12 11 2 7 5 5 1 0 0 1 3 0 1 1 2 1 2 0 0 5 8 4 4 15 11 4 2 10 34 36 49 56 54 47 65 66 77 62 45 45 35 32 47 68 51
75 83 58 55 15 13 10 9 9 31 15 9 43 49 8 29 60 29 17 14 28 9 5 31 33 31 33 29 36 18 30 19 3 4 4 8 2 2 0 2 9 2 0 1 2 7 3 4 17 8 19 34 15 11 11 4 8 11 10 5 4 1 4 1 1 0 3 3 5 6 3 0 0 1 2 13 15 35 9 24 35 26 56 42 43 46 66 73 59 53 50 41 71 71 36 34
61 52 71 16 13 12 20 16 13 17 21 4 12 20 23 30 12 46 37 26 20 25 4 8 40 55 39 18 13 30 10 6 18 19 14 6 12 7 2 2 8 5 1 1 4 3 2 1 6 3 30 38 11 44 19 6 20 6 5 3 9 2 5 6 5 2 3 5 14 2 7 1 1 1 2 1 4 31 30 24 12 24 47 48 29 42 69 58 53 50 52 61 74 62 34 57
81 80 66 34 28 37 39 25 18 17 31 3 14 24 32 15 15 65 33 20 37 59 25 27 43 86 35 6 15 12 7 8 2 4 35 9 4 3 4 6 13 9 3 1 3 3 3 5 6 20 21 58 44 48 21 20 22 11 18 7 10 6 6 4 4 6 2 2 10 4 11 15 14 7 2 3 4 2 25 52 60 14 32 32 23 63 50 31 44 61 52 74 50 48 39 70
34 55 81 76 15 16 39 38 57 26 28 8 25 53 31 8 17 78 21 35 26 31 17 59 26 32 17 24 27 16 10 12 5 19 47 21 15 3 3 12 4 1 4 1 2 2 2 5 7 10 8 51 41 55 35 27 39 16 29 21 12 15 6 5 9 4 11 3 10 17 29 24 13 5 6 2 2 6 5 48 39 27 9 31 50 18 29 31 45 39 53 45 28 40 41 83
24 34 49 66 67 20 35 27 18 51 41 18 28 53 37 21 36 71 37 32 17 13 63 66 52 40 15 47 35 20 8 3 30 66 59 46 36 6 11 10 6 1 3 1 3 5 6 5 9 3 2 17 59 70 34 46 30 28 56 36 17 8 4 3 16 4 24 11 9 22 29 22 6 3 8 5 9 7 8 17 55 54 45 18 9 31 47 53 45 63 24 37 39 65 39 73
23 38 57 44 64 64 56 53 29 40 58 14 30 62 46 50 39 49 48 59 60 13 39 41 75 59 57 64 46 50 24 59 71 55 48 75 56 11 11 17 5 2 3 2 3 5 7 5 9 7 14 17 65 69 40 24 35 66 57 47 17 5 11 14 26 14 43 32 22 10 47 22 25 19 16 6 6 10 11 10 25 62 34 58 50 14 37 13 46 20 21 42 33 65 46 62
23 17 11 10 32 53 32 19 24 34 39 21 45 70 51 18 39 30 48 65 71 60 23 28 29 34 70 83 44 55 74 75 77 53 60 54 48 49 20 27 10 22 11 12 4 7 11 17 13 17 11 21 62 86 54 41 64 58 72 56 20 15 12 14 51 22 41 34 25 15 32 23 12 3 9 4 2 6 14 8 4 45 60 42 33 62 38 40 37 44 38 49 64 63 72 35
17 9 1 4 27 28 8 16 20 31 17 33 66 59 26 14 24 33 59 57 70 89 51 25 20 30 78 75 80 32 78 61 54 65 81 72 47 60 30 38 25 58 15 25 17 8 10 8 11 13 14 18 30 81 59 74 63 75 87 51 23 27 24 41 43 29 44 34 25 6 7 12 26 15 19 9 2 5 7 14 26 5 51 53 49 57 64 76 86 52 78 79 64 38 79 25
24 21 8 4 26 20 13 21 27 20 26 37 50 59 26 10 57 58 42 45 52 64 80 76 52 33 57 72 82 77 68 83 76 39 40 29 31 66 19 28 75 49 23 10 9 11 6 10 19 30 38 19 27 49 57 70 67 81 82 60 46 57 56 52 55 13 39 41 26 9 8 30 38 22 9 29 6 3 7 11 21 16 9 45 63 81 61 31 34 53 54 77 63 40 54 71
26 13 12 5 15 10 7 41 22 19 15 24 70 46 20 11 55 37 55 63 58 69 80 77 76 44 56 24 44 77 60 65 69 58 54 53 38 28 39 79 34 36 11 6 10 22 11 16 26 38 33 34 23 30 22 58 71 74 83 56 43 54 43 70 68 30 47 51 14 4 6 24 16 14 48 30 8 7 2 10 15 27 34 12 52 75 70 63 66 53 35 33 52 34 22 43
14 16 8 6 5 4 5 30 27 10 34 51 72 69 23 11 37 13 45 79 77 75 43 57 77 61 59 49 73 91 86 80 55 66 49 30 34 25 55 24 25 16 7 26 50 26 16 18 17 19 21 24 20 21 7 13 56 71 83 50 69 62 74 82 84 31 70 42 33 15 7 17 31 38 64 11 7 30 5 9 11 19 35 30 12 56 58 36 22 35 31 32 24 39 43 39
30 25 17 8 7 4 3 9 21 23 27 61 46 34 48 21 49 15 8 34 41 75 53 50 47 29 51 69 87 93 75 80 84 79 73 38 24 31 74 15 39 36 50 52 55 26 39 10 7 15 41 46 57 55 55 22 9 7 38 56 53 65 76 84 86 54 88 56 51 38 18 20 32 69 39 9 19 16 9 5 12 23 30 31 30 7 23 46 33 35 21 34 59 68 58 57
17 15 8 6 7 5 3 1 12 30 37 41 37 17 19 10 51 25 12 50 44 51 40 49 59 52 41 71 46 73 78 75 77 68 21 31 39 48 39 18 62 57 74 56 42 22 57 39 42 27 38 38 44 34 44 16 7 7 10 40 67 85 77 85 75 43 78 68 32 20 33 47 30 46 23 20 42 26 24 24 18 24 23 28 37 22 7 13 19 24 49 58 68 68 69 62
10 8 9 9 7 6 5 3 4 10 25 36 37 29 16 11 53 20 8 33 24 31 35 48 36 59 57 66 49 18 42 49 38 28 47 46 68 78 45 40 25 63 90 49 29 64 51 35 51 30 37 32 23 33 35 43 24 11 12 65 84 78 83 88 83 81 79 82 60 19 45 32 26 10 13 43 23 8 19 9 13 19 20 24 34 23 32 14 5 29 52 76 82 75 74 50
15 7 18 24 15 13 12 12 8 9 18 28 25 18 17 9 30 14 6 16 28 24 20 25 31 52 50 51 53 41 20 16 25 45 45 74 83 51 63 64 44 81 86 53 70 57 51 25 67 33 51 41 58 68 70 58 37 15 18 31 80 71 87 87 81 75 80 84 75 41 31 39 38 29 27 25 33 58 13 16 8 8 25 24 14 29 48 46 17 20 31 28 48 56 61 53
35 33 24 36 34 26 28 26 16 4 10 13 12 15 11 13 11 9 8 14 15 18 10 14 26 32 41 40 42 51 17 22 28 46 84 87 68 42 73 78 61 75 79 64 55 65 54 37 65 45 39 60 55 67 72 61 42 21 14 18 24 72 83 85 78 67 83 75 49 17 32 53 21 35 56 39 47 21 5 24 9 12 20 22 52 34 23 29 41 44 43 24 15 17 29 35
42 24 39 37 43 33 46 28 17 16 2 4 3 8 12 8 12 10 5 6 15 15 10 10 10 13 43 36 35 17 24 11 37 82 78 78 34 60 88 67 50 55 61 27 37 81 52 69 69 63 42 66 79 54 34 41 48 50 41 26 30 48 70 75 77 72 55 59 30 28 43 39 31 44 51 58 42 23 19 24 16 6 17 46 48 51 35 33 40 47 61 60 45 22 13 27
34 38 46 33 46 44 33 32 28 28 26 13 7 3 3 5 10 8 4 4 8 4 5 6 5 11 34 49 27 19 28 8 49 76 63 39 45 80 89 76 39 52 45 35 79 70 50 47 81 75 41 52 57 73 61 45 17 30 37 46 40 48 38 53 34 56 61 54 28 45 54 48 38 32 51 45 34 46 9 4 19 14 19 34 51 43 39 35 27 37 54 51 50 30 29 12
46 33 47 51 51 35 36 45 28 33 23 23 21 10 6 3 3 7 3 4 7 6 4 5 3 10 11 37 10 12 30 10 38 62 34 40 48 67 61 63 51 54 34 73 77 33 56 86 83 73 74 34 20 31 27 40 22 31 49 56 43 58 41 28 29 43 35 31 28 55 46 59 29 51 54 43 61 21 19 8 25 7 8 13 24 47 50 36 29 24 49 43 52 50 49 26
29 22 48 52 27 37 20 24 44 37 27 27 23 21 14 5 3 1 1 1 1 2 3 4 2 3 5 6 6 30 17 7 13 15 22 55 58 68 90 75 66 51 64 66 60 47 54 89 84 74 88 69 45 58 59 42 27 22 15 28 64 48 38 25 28 44 33 27 38 46 56 61 49 22 25 23 34 22 13 16 3 21 11 19 27 39 42 46 58 41 42 47 55 68 49 41
15 29 69 46 46 28 55 31 49 46 31 33 26 11 10 10 9 7 7 7 7 5 3 3 3 1 2 3 10 33 6 10 15 8 33 60 67 28 59 54 63 51 51 65 54 53 69 88 83 82 85 85 44 31 30 28 32 43 37 10 14 29 29 29 29 35 28 31 28 44 50 62 50 50 13 25 33 19 6 6 21 8 4 21 28 33 42 53 46 63 52 66 68 67 57 52
20 36 58 38 37 36 25 31 50 40 38 36 26 24 14 18 11 15 15 15 10 16 7 6 11 7 1 2 5 18 6 11 17 14 28 35 34 39 29 16 55 65 46 37 48 74 86 86 78 70 80 78 59 43 50 62 61 49 44 19 5 27 20 17 29 21 20 24 38 44 38 45 37 32 39 33 18 27 50 52 37 44 18 18 18 23 30 44 60 51 72 67 64 66 68 69
18 52 20 26 37 30 31 21 42 44 22 18 38 21 18 14 14 17 18 19 19 18 16 13 9 11 4 1 3 9 3 8 13 17 25 26 29 37 38 18 32 72 59 29 61 63 88 82 41 34 47 69 82 72 57 57 55 46 30 14 7 31 17 10 14 18 22 37 41 46 39 42 43 56 65 67 46 65 59 48 38 24 13 6 7 18 41 43 46 55 67 71 72 79 74 73
45 14 24 22 19 31 37 32 15 21 29 35 33 32 16 22 20 22 22 33 30 22 30 19 26 13 10 2 1 7 4 5 9 14 27 28 37 36 35 13 22 40 53 24 55 55 78 50 27 29 53 59 81 76 68 55 56 47 28 24 8 13 12 8 24 19 29 52 44 45 44 38 67 68 84 64 67 49 55 24 8 4 5 12 3 13 28 30 54 72 65 54 43 42 37 40
11 16 31 57 55 38 15 10 14 38 37 35 19 34 32 32 28 38 36 37 36 34 28 31 28 17 7 6 1 1 1 3 2 12 18 46 58 38 38 20 17 16 23 8 24 38 27 34 34 46 47 69 85 76 72 73 69 61 57 36 13 9 12 6 19 28 35 29 24 37 57 53 57 59 60 67 61 41 23 17 14 7 23 17 44 24 11 29 57 52 44 51 54 55 53 55
29 42 36 11 11 19 25 12 24 39 39 36 33 34 32 45 32 39 42 50 24 48 42 36 27 15 6 4 1 1 1 1 2 6 15 27 27 38 44 25 29 22 25 8 18 31 41 70 79 76 89 72 87 84 81 68 73 55 45 32 12 14 12 4 4 10 15 35 46 40 52 71 43 46 42 57 58 15 8 14 10 14 40 28 49 25 48 24 32 37 46 51 50 59 64 61
35 18 27 28 27 18 27 15 37 37 36 39 56 40 51 48 46 62 54 40 44 47 56 26 32 19 14 3 3 2 0 0 0 3 8 14 30 49 46 20 13 20 20 13 21 39 69 52 75 65 69 59 91 87 83 63 50 40 31 14 10 5 4 1 1 8 24 50 58 45 49 70 57 36 27 36 20 21 31 26 12 32 36 36 51 57 36 25 29 29 30 43 51 61 56 75
15 14 11 10 9 9 5 20 43 34 36 56 42 50 52 54 62 36 34 61 48 59 55 31 21 14 15 12 8 6 2 2 1 2 7 6 5 20 34 23 16 18 18 20 36 39 24 43 59 86 60 68 85 73 79 72 57 38 18 13 9 5 1 4 1 5 20 35 62 47 47 21 33 40 27 40 39 33 24 18 17 39 35 42 51 39 17 35 10 17 33 50 54 38 69 72
8 13 23 28 25 14 14 23 36 52 48 47 38 49 71 72 51 36 38 68 54 37 38 34 23 18 19 18 11 8 5 4 2 1 6 8 4 5 5 3 5 10 13 18 31 25 31 50 83 44 36 56 87 76 66 47 40 34 34 22 8 5 1 2 1 4 15 23 37 44 41 28 45 31 35 43 51 58 48 40 39 66 40 31 33 39 43 56 50 23 23 30 31 53 62 58
15 32 22 49 19 19 22 39 36 49 49 20 23 51 50 43 36 38 53 76 45 39 38 38 27 25 17 15 9 5 3 4 5 2 1 5 6 3 3 3 3 9 9 9 12 26 40 26 73 37 51 73 87 65 44 44 37 20 15 19 10 8 1 3 1 2 7 8 23 27 42 45 53 45 69 68 82 39 23 10 59 60 65 41 11 48 64 80 69 49 54 30 59 49 41 80
25 28 50 42 22 37 32 37 55 49 36 25 33 53 37 59 25 39 74 48 38 35 42 42 42 35 23 17 8 10 8 6 7 4 1 1 3 2 2 2 2 6 6 8 10 22 30 26 19 32 59 82 82 59 50 44 24 22 19 14 9 4 3 2 2 2 9 22 33 41 49 51 59 67 72 63 26 23 15 46 53 68 75 80 38 57 79 77 64 47 34 45 33 50 36 51
34 46 23 17 27 33 33 59 23 37 16 35 42 76 55 40 26 63 25 24 53 35 30 24 30 26 25 25 24 14 17 15 8 7 3 2 0 3 3 2 2 2 3 8 14 31 13 26 9 14 42 69 90 85 56 42 30 13 17 11 9 4 5 1 1 4 14 32 53 55 53 59 63 54 46 47 36 46 50 59 65 72 64 81 69 64 60 26 13 9 24 63 56 43 32 35
45 31 22 16 23 33 50 8 49 16 19 37 61 69 49 22 56 48 37 18 21 36 16 16 31 30 43 26 34 32 24 20 10 8 6 4 3 1 1 2 2 2 3 8 11 19 4 17 5 24 38 17 68 79 52 33 17 13 11 4 9 10 4 2 1 9 20 24 31 41 44 47 51 51 68 71 62 60 54 45 59 54 44 74 67 46 37 41 48 46 62 22 46 45 28 30
13 29 22 17 27 46 52 13 34 29 49 31 66 38 24 41 54 24 30 28 64 45 28 22 35 53 41 51 45 52 29 13 3 15 9 7 7 3 1 0 1 3 3 7 9 3 9 17 4 20 17 57 68 46 43 39 36 20 10 6 11 8 5 3 1 1 9 21 29 30 36 41 54 46 39 35 31 30 71 33 59 72 55 52 41 31 63 66 56 66 53 36 33 49 56 58
76 15 28 27 38 20 34 45 41 30 51 45 33 27 28 67 25 37 31 65 60 39 50 41 27 56 59 62 75 57 46 15 7 8 6 4 6 7 5 0 0 2 5 5 2 6 29 8 3 18 55 65 71 34 31 41 24 18 14 8 9 4 4 2 1 1 2 8 16 21 10 25 23 21 35 44 38 34 59 55 52 69 86 47 36 54 54 58 73 57 41 53 37 49 40 55
69 86 77 82 71 41 6 4 48 21 61 75 83 70 46 56 52 64 45 60 48 49 53 48 48 58 73 82 55 59 43 26 28 15 12 12 4 7 7 2 0 2 3 4 2 2 4 4 2 17 36 71 68 24 32 34 31 17 8 12 8 4 4 1 1 1 12 18 20 38 43 50 61 51 31 30 38 67 62 70 76 60 63 77 48 54 67 66 49 29 56 68 30 30 49 58
47 80 66 71 61 49 62 24 53 34 14 34 79 82 87 48 36 50 61 59 53 47 60 50 63 66 78 66 68 66 59 46 33 31 32 13 10 11 7 4 2 0 1 2 5 3 3 1 3 11 29 18 41 17 38 24 31 24 12 6 6 7 3 1 1 5 13 26 34 51 67 55 34 45 64 40 52 69 72 88 78 67 65 62 18 34 34 49 68 78 82 42 67 30 31 48
37 80 46 73 66 47 82 49 36 67 44 32 67 79 69 55 66 45 78 88 88 74 55 38 75 65 72 64 56 49 55 48 44 44 39 27 17 10 5 5 5 2 1 2 4 2 4 1 2 4 8 13 48 28 48 42 23 29 12 12 3 3 2 1 3 8 17 17 32 49 67 71 72 59 72 74 76 73 68 85 84 56 44 43 26 34 55 70 60 89 53 62 69 70 34 35
45 68 54 55 78 44 58 18 45 70 56 28 10 59 66 59 72 54 57 83 87 51 78 35 71 63 72 60 58 33 45 64 64 59 55 27 12 10 11 7 2 2 1 1 6 3 4 1 1 1 6 23 47 14 21 9 24 29 25 10 2 2 1 0 3 7 18 16 32 45 56 67 55 36 33 44 80 56 81 82 89 87 34 30 26 46 70 45 73 85 70 75 57 43 31 42
11 31 17 47 70 50 55 10 48 82 37 21 16 33 69 65 69 69 30 47 68 54 50 65 28 34 81 53 35 25 15 21 37 32 35 35 21 21 18 7 3 1 0 0 2 3 3 2 0 3 9 28 20 34 18 10 10 8 5 3 4 2 1 1 2 5 9 12 20 32 40 29 33 45 45 60 87 89 75 68 83 87 73 28 17 38 34 55 82 67 59 22 14 17 22 40
11 42 66 46 62 33 67 46 58 84 63 36 36 40 71 83 52 12 12 25 38 23 38 75 40 21 70 56 66 29 3 24 51 44 24 42 33 24 9 4 2 1 0 0 0 3 5 2 2 8 12 20 9 14 12 12 3 2 5 6 3 2 0 1 3 3 5 7 10 23 35 34 50 45 56 80 89 88 84 55 66 77 72 42 16 29 49 68 61 31 29 53 51 43 50 65
18 11 11 17 24 38 72 24 64 68 86 56 41 34 33 24 18 14 15 34 28 28 22 70 31 56 60 50 64 78 40 25 30 26 32 39 32 20 14 8 3 1 0 0 0 1 3 2 1 3 12 20 2 6 9 20 7 3 3 4 1 1 0 1 2 7 35 24 34 52 57 72 75 57 72 93 90 90 83 66 26 50 67 63 20 31 48 68 50 48 86 61 37 40 37 73
21 30 13 15 25 48 68 58 39 59 80 62 29 15 37 35 15 38 14 17 26 25 24 72 27 26 62 48 56 69 48 37 48 21 13 14 7 9 7 6 6 4 1 0 0 0 0 1 1 3 10 12 2 7 4 4 8 8 3 1 1 1 0 2 2 7 14 37 59 66 86 62 36 52 82 93 89 82 82 82 72 34 67 66 21 34 55 48 35 73 70 51 56 71 19 7
24 34 28 17 24 17 65 72 66 32 82 55 23 9 32 30 38 41 28 18 23 31 8 37 65 9 26 32 62 82 41 12 25 18 29 30 22 16 9 6 5 2 2 1 0 0 0 0 1 3 13 10 2 4 5 3 6 4 2 1 1 0 1 1 1 9 17 37 58 56 31 31 51 59 77 81 86 79 77 64 79 45 33 39 31 52 41 30 67 87 51 59 63 68 58 17
34 26 31 14 14 17 53 81 48 45 72 69 50 10 31 31 54 41 35 27 28 46 21 25 81 25 37 38 61 61 63 46 44 49 40 30 26 20 16 4 2 1 2 1 0 0 0 1 2 8 19 13 3 5 4 1 1 3 3 2 1 0 0 1 5 14 41 46 38 25 43 46 58 88 79 67 87 64 52 45 73 50 34 11 12 43 41 60 87 65 50 58 78 57 56 26
72 16 33 17 15 23 40 50 17 17 80 61 11 7 30 34 55 45 57 44 51 42 41 31 47 33 17 38 49 47 58 62 40 28 24 12 16 16 15 9 3 2 1 0 1 0 0 1 1 5 12 8 3 2 1 1 1 1 1 1 1 1 0 1 4 22 26 19 15 23 47 54 80 86 86 71 57 75 39 42 69 40 14 6 24 55 66 75 79 37 62 85 75 66 72 35
18 35 15 15 14 11 19 33 23 31 68 36 19 7 24 27 52 21 49 36 37 44 41 29 38 49 28 17 8 31 33 54 29 18 26 17 9 5 9 7 2 1 1 0 0 0 0 1 3 8 10 2 2 2 1 1 1 0 0 0 0 0 1 2 5 13 7 5 19 42 48 54 83 86 76 67 58 64 67 27 37 28 11 10 30 40 62 80 58 55 81 72 68 65 54 48
18 13 28 28 13 15 7 10 9 13 28 15 37 16 11 26 52 24 17 42 21 16 8 42 44 54 12 11 4 13 42 57 54 27 17 9 10 4 4 2 2 2 1 0 0 0 0 1 2 3 5 3 1 2 1 1 2 1 0 0 0 0 1 2 9 4 2 8 31 44 53 78 76 79 71 68 56 46 63 35 19 23 10 10 29 38 65 72 62 48 47 58 51 41 53 60
32 22 15 36 38 24 20 8 5 20 15 12 35 38 12 21 34 36 14 17 15 17 14 66 37 38 27 3 5 4 14 20 44 42 23 14 8 5 2 2 6 2 1 1 0 0 0 0 3 3 3 3 4 1 1 2 1 1 0 0 0 0 0 3 3 1 3 16 34 63 65 82 81 67 48 30 26 27 33 35 24 9 6 10 22 32 53 52 39 27 45 34 21 35 50 66
35 25 15 24 28 41 20 8 2 16 17 9 9 18 10 13 23 30 13 10 10 6 6 19 6 14 30 5 6 6 3 14 42 45 20 12 14 27 19 9 4 1 0 0 1 0 0 0 1 2 2 2 3 1 1 1 2 1 0 0 0 0 0 1 0 2 4 10 35 80 75 70 82 77 50 29 11 4 11 22 16 6 2 7 15 27 44 26 18 42 49 50 74 59 71 65
73 41 25 9 20 33 48 6 9 20 22 13 4 10 9 5 13 31 11 8 7 5 2 10 2 4 20 14 3 8 2 3 18 58 36 17 9 5 5 3 3 2 1 0 0 0 0 0 0 2 2 2 2 3 1 1 1 1 0 0 0 0 0 0 2 10 14 37 60 57 81 84 73 81 72 46 28 11 4 4 12 7 2 1 5 13 14 7 19 41 46 75 76 63 57 64
62 85 40 22 7 13 11 9 12 17 14 9 17 6 7 3 3 28 14 7 4 4 1 6 7 1 9 14 4 7 4 1 9 25 47 28 13 12 15 8 3 1 1 0 0 0 0 0 0 0 2 2 2 1 2 1 0 0 0 0 0 0 0 0 3 14 23 17 29 52 75 70 64 64 80 51 26 9 4 2 3 2 0 1 4 3 5 11 31 43 73 74 46 57 65 65
20 76 81 57 26 12 4 22 9 6 7 8 20 10 6 4 3 23 16 9 4 1 1 3 9 1 6 7 5 7 4 2 9 7 10 35 14 4 7 7 3 1 1 1 0 0 0 0 0 0 1 2 2 1 1 1 1 0 0 0 0 0 0 1 3 2 3 17 61 67 64 60 52 53 55 46 26 11 10 4 1 0 0 1 8 19 18 14 25 49 53 36 34 54 70 64
13 52 57 73 40 20 10 20 18 5 13 7 9 9 13 8 4 8 21 4 3 2 1 2 5 2 4 5 1 7 7 2 7 7 7 4 36 17 14 6 3 1 1 0 0 0 0 0 0 0 0 1 0 0 2 0 0 0 0 0 0 0 0 1 2 5 12 21 54 70 65 76 63 22 24 33 21 17 11 7 1 0 0 2 8 15 38 51 26 23 19 32 47 57 79 59
26 38 31 56 27 15 15 13 17 11 8 8 9 13 11 8 7 7 10 9 3 2 1 4 7 5 4 5 1 2 9 3 1 3 5 13 17 4 21 6 2 1 1 1 0 0 0 0 0 0 0 0 0 1 2 1 0 0 0 0 0 0 0 1 2 5 9 31 53 64 85 75 74 47 18 11 17 11 10 5 1 0 1 6 10 19 41 63 60 49 50 32 49 57 82 71
18 34 13 34 35 29 21 15 13 10 6 4 5 6 7 9 5 5 3 8 4 2 1 2 2 5 4 4 2 1 2 1 1 3 6 13 12 5 23 4 4 3 1 1 0 0 0 0 0 0 0 0 0 1 2 1 0 0 0 0 0 0 0 1 2 4 10 19 50 40 75 71 58 48 53 20 15 9 4 1 1 0 1 4 16 31 44 58 69 57 58 52 46 71 91 79
26 19 19 12 17 10 13 11 31 23 10 3 5 4 4 8 4 3 4 3 3 3 1 1 2 3 1 4 3 1 1 0 2 2 23 26 10 7 3 5 4 3 1 1 0 0 0 0 0 0 0 0 0 0 1 0 0 0 0 0 0 0 0 0 2 5 12 38 56 64 68 75 60 41 32 31 14 8 2 0 0 2 3 1 6 22 34 49 59 41 58 61 77 91 90 80
10 22 11 10 7 6 5 4 6 7 4 4 3 2 2 2 2 2 2 4 3 2 1 0 0 4 1 2 1 2 1 0 3 7 10 19 23 42 35 21 3 2 1 1 0 0 0 0 0 0 0 0 0 0 0 0 1 0 0 0 0 0 0 0 2 10 34 51 61 73 73 69 68 52 19 11 13 4 2 0 0 3 11 9 7 5 12 19 26 45 47 73 71 90 91 77
6 10 5 6 2 3 2 1 2 2 1 2 3 1 1 1 1 1 1 2 2 1 1 0 1 2 1 2 2 1 1 0 0 2 3 3 4 4 5 1 2 1 1 0 0 0 0 0 0 0 0 0 0 0 0 0 0 0 0 0 0 0 0 2 5 5 13 24 52 70 49 75 51 36 13 8 6 4 2 0 1 3 10 19 38 26 33 31 43 62 66 70 81 84 80 72
1 1 3 1 1 1 1 1 2 2 1 1 1 1 1 1 1 0 1 1 1 1 1 0 1 2 3 1 1 1 1 0 0 0 0 0 0 1 2 1 2 0 0 0 0 0 0 0 0 0 0 0 0 0 0 0 0 0 0 0 0 0 0 2 4 9 9 22 37 31 45 53 48 26 9 4 2 1 0 0 1 1 5 11 20 42 60 54 67 83 76 61 75 67 72 63
5 1 0 1 1 1 2 4 2 2 6 6 6 8 3 2 1 0 0 0 0 1 0 0 1 1 1 1 1 1 1 0 0 0 0 1 0 0 0 1 3 2 1 1 0 0 0 0 0 0 0 0 0 0 0 0 0 0 0 0 0 0 1 1 2 6 10 33 28 31 43 30 27 9 4 2 0 0 0 1 1 4 8 16 21 44 80 77 39 44 79 87 67 37 42 55
16 7 2 5 5 7 6 13 6 9 17 20 26 18 11 5 3 2 1 0 0 0 0 0 0 1 1 1 0 1 0 0 0 0 1 0 0 0 0 1 1 1 0 0 0 0 0 0 0 0 0 0 0 0 0 0 0 0 0 0 0 0 0 0 2 8 12 9 16 21 23 16 21 5 3 1 0 0 1 2 5 10 15 24 52 61 51 21 32 66 90 85 87 35 20 25
27 10 7 17 17 20 20 21 25 27 26 23 25 39 19 11 6 4 3 1 1 1 0 0 0 0 1 1 1 0 0 0 0 0 1 0 0 0 0 0 1 1 1 0 0 0 0 0 0 0 0 0 0 0 0 0 0 0 0 0 0 0 0 1 4 11 17 9 5 4 11 11 5 3 1 0 0 1 2 4 10 12 28 50 46 20 10 23 46 83 88 76 65 59 11 4
31 24 13 33 31 44 30 34 48 35 47 35 49 32 24 18 27 13 3 5 3 1 1 1 0 0 0 0 0 0 0 0 0 0 0 0 0 1 1 0 0 1 1 1 0 0 0 0 0 0 0 0 0 0 0 0 0 0 0 0 0 0 0 1 3 9 15 13 3 8 5 4 2 1 0 0 0 1 2 3 11 26 21 16 7 5 18 39 58 74 75 69 41 61 20 4
41 36 26 48 64 80 68 58 72 64 59 46 72 61 58 46 21 9 9 15 6 2 2 2 2 1 0 0 0 0 0 0 0 0 0 0 0 0 1 1 0 0 0 0 0 0 0 0 0 0 0 0 0 0 0 0 0 0 0 0 0 0 0 1 2 8 22 13 5 3 3 2 1 0 0 0 0 1 2 3 12 12 8 1 6 20 33 62 72 57 63 42 25 34 41 4
70 73 64 55 60 59 43 29 63 42 41 39 42 58 62 28 26 29 23 22 11 2 0 1 3 1 1 1 0 0 0 0 0 0 0 0 0 0 0 0 0 0 0 0 0 0 0 0 0 0 0 0 0 0 0 0 0 0 0 0 0 0 0 0 1 9 26 22 4 6 2 1 0 0 0 0 0 1 2 3 2 1 1 6 14 24 37 77 76 90 53 15 11 14 25 5
66 48 76 61 57 67 62 50 38 32 44 56 38 28 46 71 59 30 6 6 5 2 0 0 1 2 1 1 1 0 0 0 0 0 0 0 0 0 0 0 0 0 0 0 0 0 0 0 0 0 0 0 0 0 0 0 0 0 0 0 0 0 0 0 1 4 14 29 11 5 1 0 0 0 0 0 0 1 2 0 0 1 6 13 19 25 58 55 69 76 71 20 4 2 12 9
68 28 71 70 38 18 41 43 55 51 29 25 71 30 32 55 32 26 16 10 7 3 3 2 2 3 1 1 1 0 0 0 0 0 0 0 0 0 0 0 0 0 0 0 0 0 0 0 0 0 0 0 0 0 0 0 0 0 0 0 0 0 0 0 0 2 3 15 11 4 1 0 0 0 0 0 0 0 0 0 1 4 8 14 31 48 55 50 43 37 69 26 7 1 2 3
