sesion_6_simulaciones/modelos_agentes/ejemplos_netlogo/scenarios/cgcm2_b2/rob_2019.asc
NCOLS 322 
NROWS 307 
XLLCORNER 451900 
YLLCORNER 4086900 
CELLSIZE 100 
NODATA_value -9999 
[rows 148 to 221 of 307, columns 0 to 95 of 322]
2 35 48 36 47 65 60 48 21 12 14 65 70 75 67 71 81 69 56 71 51 62 33 19 2 8 3 12 6 3 16 5 8 16 9 19 9 19 13 15 48 46 38 30 40 23 44 39 26 41 23 20 24 14 19 37 30 15 10 22 38 39 31 19 32 50 51 37 44 74 62 62 33 40 59 64 12 10 9 19 17 12 4 6 24 15 3 2 10 8 5 7 17 18 6 16
17 32 52 63 58 73 62 67 68 24 28 44 56 81 78 72 82 52 68 67 67 59 31 38 22 7 6 3 3 8 33 30 4 15 5 9 9 17 15 22 34 23 12 23 42 75 49 38 21 21 14 32 32 26 7 8 8 5 31 29 28 60 37 29 40 61 61 61 60 63 41 20 12 38 25 19 38 6 5 21 17 9 11 6 3 22 5 3 2 4 1 9 4 17 7 3
16 10 25 47 48 70 66 33 48 48 32 29 78 82 80 52 84 67 71 77 64 44 38 22 37 23 6 15 11 13 7 28 16 26 35 34 14 29 35 32 19 17 28 54 64 46 33 27 22 20 20 22 22 19 29 20 28 31 33 34 48 64 38 38 63 66 72 70 51 17 51 29 26 28 47 13 14 4 1 4 10 9 5 9 3 4 12 7 2 2 1 1 3 3 5 2
6 13 26 19 22 19 18 23 29 27 47 22 44 69 64 53 76 76 72 41 19 25 40 53 56 37 22 11 12 5 8 15 67 45 57 61 75 30 18 34 57 41 67 65 27 24 15 27 18 13 28 24 26 21 23 19 41 46 49 48 67 65 62 49 59 72 68 47 74 38 19 46 45 15 16 5 11 21 8 3 4 6 7 3 4 2 3 17 6 2 2 1 1 3 4 3
48 22 16 17 26 24 29 38 39 44 28 48 23 18 14 15 18 19 24 36 28 65 73 60 73 47 64 30 30 34 22 27 46 11 3 3 27 71 22 15 36 34 44 48 41 53 54 61 35 18 28 29 35 26 10 24 32 66 45 67 57 65 72 87 84 73 69 40 35 80 36 28 22 22 9 2 5 4 16 9 4 4 7 5 3 4 2 3 9 2 1 1 0 0 1 1
56 45 38 30 35 24 30 37 11 25 55 40 33 44 31 30 16 36 51 60 87 71 83 61 67 44 33 44 27 59 46 9 5 11 15 3 14 19 50 19 8 68 26 29 37 27 13 22 43 28 41 46 40 26 12 14 25 54 74 62 77 67 78 75 76 71 61 22 28 63 64 42 20 11 15 7 5 3 8 4 6 3 3 5 3 2 2 2 13 5 1 1 1 0 2 2
76 53 72 55 51 57 66 26 33 25 27 34 39 64 58 28 14 27 61 65 72 85 76 84 70 72 68 66 40 48 66 65 33 9 20 20 39 35 33 52 12 47 39 28 46 10 17 23 14 32 43 53 60 43 44 20 28 49 65 70 55 39 71 71 66 60 53 39 23 40 69 17 16 9 5 3 6 2 6 12 4 5 4 2 1 1 2 1 2 2 4 1 0 0 0 1
73 60 73 58 59 60 46 54 27 25 38 25 71 50 28 50 36 22 22 59 70 61 64 72 46 60 66 65 37 17 41 69 81 63 55 30 38 44 44 52 28 40 73 43 44 28 14 13 16 22 19 19 33 11 16 38 34 56 45 28 27 25 29 41 47 19 26 13 34 43 36 31 12 8 8 3 3 4 4 8 6 3 4 2 1 1 1 1 1 1 1 2 1 0 0 0
51 60 69 78 79 54 34 79 35 21 38 38 36 37 59 59 45 59 43 25 24 55 65 25 46 67 54 79 51 19 18 20 56 76 63 51 41 38 33 46 38 38 75 31 47 47 34 43 44 45 43 44 30 27 37 27 42 71 59 57 55 47 23 11 6 14 11 16 11 21 20 30 29 9 4 2 3 4 4 5 6 10 1 2 1 1 1 0 1 1 1 0 2 1 0 0
62 79 68 86 70 37 68 80 47 45 57 31 61 78 57 44 63 49 34 30 37 32 20 49 50 26 40 70 75 46 35 23 21 70 52 59 69 67 65 74 65 44 70 78 53 49 58 60 58 57 65 67 41 59 62 30 31 44 62 44 40 22 12 18 16 4 2 9 18 19 19 24 9 8 4 3 4 3 5 3 4 2 3 1 1 1 0 0 0 0 1 0 0 1 0 0
45 79 47 78 52 66 75 71 29 55 61 43 30 24 41 42 50 72 61 73 39 27 35 21 32 31 51 82 50 80 40 49 46 59 28 53 57 79 69 58 64 36 54 73 83 55 50 49 72 57 55 46 40 61 64 37 44 73 75 72 40 48 47 33 25 10 7 10 11 11 10 12 8 4 6 1 2 5 3 4 2 1 2 1 0 0 0 0 0 0 0 1 0 0 0 0
23 71 57 71 62 71 68 34 38 67 67 54 52 31 31 18 22 30 27 66 44 21 29 22 64 71 67 70 40 73 76 32 32 40 56 69 59 85 89 61 59 29 29 65 79 77 71 56 66 36 25 33 59 57 56 50 45 33 31 30 26 40 51 38 34 19 16 13 7 8 8 6 4 5 1 2 2 3 1 1 1 1 1 1 1 1 0 1 0 0 0 0 0 0 0 0
23 22 17 50 66 68 31 29 72 48 63 75 66 49 40 44 50 46 50 27 30 47 39 18 53 53 66 75 71 46 85 78 37 21 32 75 71 61 65 61 71 30 27 65 83 85 64 58 61 57 47 28 77 48 82 87 85 79 80 72 50 26 31 24 20 15 14 11 9 4 4 6 4 5 2 3 1 1 1 1 1 1 1 1 0 0 1 1 0 0 0 0 0 0 0 0
27 65 42 33 23 45 36 74 78 53 49 68 50 58 30 45 41 41 46 31 34 35 36 17 59 71 61 84 76 56 73 83 76 41 35 11 27 58 42 25 38 31 23 79 82 82 67 70 67 70 88 93 79 54 42 79 79 41 44 64 55 28 38 26 18 10 8 12 7 3 3 3 3 3 2 2 2 2 1 1 1 0 0 0 0 0 0 0 0 0 0 0 0 0 0 0
62 64 49 64 51 25 48 80 71 75 16 52 64 67 73 46 55 34 32 28 29 15 36 54 80 57 82 87 71 72 50 65 76 50 48 27 57 75 82 84 69 55 41 59 81 67 62 91 60 69 83 84 92 70 52 83 87 64 44 30 67 59 19 40 19 15 7 6 5 3 3 2 2 2 1 1 1 1 1 0 0 0 0 0 0 0 0 0 0 0 0 0 0 0 0 0
50 47 65 48 38 15 43 66 44 79 35 39 70 55 71 57 29 52 45 61 61 58 18 43 57 68 80 81 57 80 60 76 67 64 62 69 62 72 78 71 17 60 67 43 21 53 58 83 69 57 77 72 77 84 43 60 70 89 63 38 43 26 22 18 19 21 16 9 5 2 4 2 1 1 1 0 1 0 0 0 0 0 0 0 0 0 0 0 0 0 0 0 0 0 0 0
30 31 21 37 50 45 18 74 37 30 31 45 56 20 41 59 37 47 40 62 60 41 33 12 44 77 70 78 60 83 60 65 57 40 56 60 74 66 65 74 68 52 28 27 13 18 55 79 64 34 46 66 75 82 75 78 79 73 81 35 22 25 19 21 16 12 15 4 3 4 1 1 1 1 0 0 0 0 0 0 1 0 0 0 0 0 0 0 1 0 0 1 0 1 1 0
29 46 52 45 26 21 18 31 39 38 58 51 60 59 30 44 46 55 28 20 31 62 41 19 11 19 27 58 55 29 14 12 11 22 20 18 51 37 38 59 57 48 48 23 8 19 60 68 58 45 36 26 51 77 71 65 53 48 67 64 19 11 14 14 13 10 4 5 2 1 1 1 1 0 0 0 0 0 0 0 0 1 0 1 1 2 2 2 1 1 1 2 2 3 2 1
50 31 23 21 35 27 28 14 18 17 33 62 60 65 23 24 27 58 59 46 30 25 37 11 25 34 32 23 18 26 37 29 35 33 48 19 16 15 13 16 11 29 25 15 16 26 53 59 63 44 37 32 9 35 35 38 35 51 25 39 27 11 22 18 12 5 4 2 2 1 1 1 0 0 0 0 0 0 0 0 2 3 1 3 4 5 3 6 4 4 11 11 5 8 3 2
38 38 44 64 52 51 40 34 40 41 47 13 17 25 33 49 38 15 57 60 48 23 18 6 22 58 60 45 35 39 55 59 29 55 24 20 22 26 28 24 18 10 18 23 36 41 52 53 65 49 36 17 17 11 18 37 14 8 6 21 9 10 8 5 6 3 2 2 1 1 0 0 0 0 0 0 1 0 2 3 5 6 6 9 10 19 16 9 8 9 3 1 1 1 2 5
44 44 56 42 33 46 48 31 50 66 20 32 49 47 33 48 14 20 23 20 32 16 14 11 28 31 53 48 62 31 55 50 42 43 26 23 31 53 27 54 36 18 11 14 18 26 37 41 40 41 27 39 31 19 20 20 17 10 12 14 22 15 6 2 3 2 2 1 1 0 0 3 2 1 1 2 1 1 4 12 24 16 18 37 28 23 21 14 17 11 3 1 0 0 1 3
58 69 66 65 37 31 39 38 52 60 37 37 52 50 50 32 36 29 34 33 24 29 26 14 31 28 33 57 27 42 51 53 54 37 29 29 26 52 29 59 40 33 31 11 8 6 23 19 62 58 33 23 49 23 10 23 24 29 21 13 17 6 3 2 2 1 0 0 1 1 3 6 7 2 3 4 2 6 17 23 39 59 20 50 26 15 12 11 11 5 3 2 0 0 0 0
24 21 19 19 28 31 52 60 66 48 51 22 42 52 27 14 20 17 25 21 12 10 8 15 25 24 28 32 49 52 43 36 26 33 21 9 31 29 50 60 45 42 56 32 36 17 10 18 18 46 27 32 23 9 8 15 13 10 6 3 2 1 1 0 0 0 1 4 7 4 10 16 14 7 12 6 3 11 30 33 67 39 20 14 6 1 1 5 1 2 1 1 1 0 0 1
36 46 36 50 48 51 39 58 43 38 20 24 34 50 59 51 48 23 17 13 19 7 8 23 60 51 32 30 50 30 21 34 62 36 19 8 29 18 55 25 61 42 55 48 30 16 21 20 9 25 31 21 8 10 8 6 15 4 2 2 1 3 3 4 2 3 5 12 14 15 15 24 13 12 15 12 9 20 40 55 52 26 11 6 3 1 1 1 2 1 0 0 0 0 0 0
29 24 26 51 67 34 39 50 44 48 42 33 51 31 58 48 36 57 46 31 55 25 29 17 49 66 44 62 25 27 41 23 46 42 20 14 21 27 36 20 32 35 50 52 24 35 23 14 14 16 15 17 12 9 8 5 2 1 1 5 5 9 9 9 6 7 15 20 35 38 25 38 35 29 18 33 35 46 50 44 29 37 12 5 2 2 1 1 3 1 0 0 0 0 0 0
37 29 44 61 45 46 40 51 52 45 60 64 58 48 36 31 58 56 39 41 41 28 52 33 37 60 72 47 29 28 18 16 13 13 28 33 10 13 45 46 49 53 47 34 41 30 27 24 13 16 16 16 21 12 5 3 4 5 8 18 15 16 25 15 12 21 27 34 52 37 40 52 65 28 30 43 54 59 66 34 9 5 5 5 4 2 1 1 0 0 0 0 0 0 0 0
29 36 50 52 27 61 44 46 65 66 75 70 64 65 45 19 22 35 35 41 17 37 66 41 48 35 60 75 52 65 47 39 32 33 51 58 25 34 50 62 54 16 21 34 25 29 16 13 19 22 20 32 15 9 10 5 9 11 25 26 23 23 33 24 19 33 44 30 63 60 51 76 59 43 51 71 56 54 16 60 26 21 5 2 3 2 1 1 0 0 0 0 0 0 0 0
32 36 52 40 29 25 31 40 28 36 56 70 46 51 61 27 35 30 27 23 25 65 66 56 36 46 24 48 40 46 40 37 51 51 65 57 34 47 64 61 53 31 15 13 23 22 26 36 21 19 33 18 13 23 12 10 17 28 33 45 39 39 39 32 30 64 69 55 74 74 73 72 82 82 53 49 59 51 15 8 20 23 10 6 2 1 1 1 0 0 0 0 0 0 0 0
34 39 52 34 35 23 30 22 39 47 30 33 27 29 36 48 47 38 62 37 51 66 49 68 31 65 37 66 33 34 49 52 55 49 60 52 51 38 60 60 51 26 11 22 26 24 31 27 28 27 24 31 21 15 13 26 36 38 37 44 43 35 56 47 54 72 74 66 61 85 71 64 57 68 23 19 9 31 31 12 5 11 4 2 1 1 1 0 0 0 0 0 0 0 0 0
40 60 55 71 20 63 50 15 45 42 49 37 64 36 51 49 50 43 42 42 34 58 39 57 47 39 50 42 32 57 55 50 55 57 56 44 48 38 48 67 49 45 45 50 54 28 32 26 43 51 46 54 37 22 36 37 42 54 42 47 64 50 67 69 64 71 51 71 33 48 77 73 68 53 66 45 23 7 4 8 5 2 7 4 2 2 1 2 1 0 0 0 0 0 0 0
67 53 28 34 56 38 21 47 50 61 41 60 36 36 65 45 46 15 41 47 48 18 36 53 42 32 45 22 34 24 29 52 51 75 35 39 33 51 53 25 36 50 25 31 27 35 18 33 51 65 57 51 45 43 40 58 52 63 62 52 59 70 68 71 62 72 52 44 71 33 64 66 41 65 67 73 47 39 30 14 9 4 1 1 2 2 1 1 0 0 0 0 0 0 0 0
49 75 47 43 19 36 29 47 46 55 63 30 39 57 57 65 65 27 33 59 43 34 14 26 49 20 39 32 29 20 23 56 60 49 30 38 34 38 68 45 33 43 23 66 37 31 44 30 59 68 56 51 51 48 46 50 71 65 64 75 77 84 75 57 63 31 41 30 36 36 23 47 28 36 65 67 62 75 49 28 22 24 20 7 1 1 1 1 0 0 0 0 0 0 0 0
28 30 25 22 49 61 40 43 54 63 56 35 42 34 22 23 18 22 32 46 63 32 39 20 35 27 31 16 23 35 43 57 42 39 39 27 40 59 68 53 34 31 45 71 29 57 41 46 59 79 51 53 53 50 51 56 73 79 68 75 84 60 39 69 72 59 42 21 13 4 8 7 13 14 36 47 40 51 51 27 45 23 13 3 2 2 1 1 1 0 0 0 0 0 0 0
29 29 46 37 34 53 58 40 24 54 18 26 42 42 67 31 52 30 37 28 45 41 34 38 28 38 50 28 26 29 49 35 37 52 15 17 27 70 48 41 28 43 49 64 54 52 54 59 70 66 51 66 56 54 67 55 74 84 85 61 69 70 30 19 16 24 28 41 28 17 7 4 2 5 10 27 18 41 57 15 27 43 11 5 3 1 1 1 1 0 0 0 0 0 0 0
27 63 44 28 23 34 37 35 23 20 31 32 36 58 48 38 43 53 44 38 30 63 35 57 32 39 66 25 26 43 23 28 56 37 35 53 48 76 20 17 32 57 59 68 63 50 53 57 67 51 72 75 59 63 62 60 64 71 72 51 51 67 36 31 58 70 73 50 44 25 17 19 4 1 3 13 10 29 48 31 13 12 9 4 2 2 2 1 1 0 0 0 0 0 0 0
33 48 42 38 34 34 36 36 16 11 24 30 49 29 41 45 37 58 40 26 22 27 37 26 21 50 51 30 44 35 24 28 53 32 15 32 37 51 40 38 45 56 76 77 51 54 68 61 68 62 77 77 61 81 72 85 72 67 75 47 37 18 67 56 23 48 63 53 58 53 42 19 6 4 2 2 2 7 24 9 5 2 1 3 1 1 0 0 1 1 0 0 0 0 0 0
53 13 26 46 14 31 21 6 10 5 8 8 14 25 50 28 19 25 51 31 28 17 21 27 15 30 27 33 46 28 9 14 16 30 32 22 54 45 30 37 49 59 78 87 82 77 69 75 69 42 75 58 85 75 72 76 43 54 74 79 34 29 20 78 33 22 40 56 45 36 51 45 42 13 7 2 1 0 0 1 1 1 1 2 1 0 0 0 0 0 0 0 0 0 0 0
6 10 26 16 19 11 9 3 3 14 33 4 9 14 15 32 29 26 36 29 26 26 30 30 10 12 22 27 19 10 3 6 8 48 57 55 73 77 83 81 79 88 75 86 81 88 77 44 71 70 49 46 58 66 69 70 43 69 72 60 57 40 16 47 67 22 7 20 49 60 41 31 11 10 11 7 2 1 1 0 1 1 1 0 1 1 0 0 0 0 0 0 0 0 0 0
6 12 17 7 7 4 12 37 53 22 25 38 38 10 8 26 17 13 17 10 15 7 10 8 13 9 29 29 42 10 3 15 16 12 25 65 75 74 82 83 73 78 77 74 80 86 83 57 45 50 82 63 32 56 28 30 31 69 84 66 49 41 27 21 80 32 27 10 27 38 64 9 3 7 6 12 5 4 3 1 1 0 0 0 0 1 0 0 0 0 0 0 0 0 0 0
12 14 15 22 21 31 50 38 37 39 42 25 29 21 16 11 8 8 8 9 4 8 30 34 56 56 27 14 35 13 5 41 34 20 27 31 40 72 70 83 69 48 61 61 68 83 87 87 47 46 63 66 49 23 42 18 42 52 72 68 20 29 23 13 77 45 16 11 9 50 55 65 17 10 6 3 2 1 1 1 2 1 1 0 0 0 1 0 0 0 0 0 0 0 0 0
26 34 25 57 41 50 54 63 68 63 48 35 53 25 26 9 6 8 3 9 8 7 4 10 18 31 48 41 16 21 17 17 31 43 11 25 46 56 60 70 72 47 33 46 62 79 86 83 87 83 38 49 41 33 16 15 24 46 63 69 19 22 24 16 45 84 41 19 7 3 5 19 5 6 3 8 4 1 1 0 1 0 1 1 0 0 0 0 0 0 0 0 0 0 0 0
23 48 51 64 63 57 71 59 79 67 44 72 60 31 62 51 48 26 11 3 4 4 3 4 7 13 22 48 12 11 20 13 44 36 46 38 26 25 15 10 53 65 32 46 41 49 66 64 81 86 80 49 45 57 30 33 19 48 64 54 54 16 28 19 13 70 80 40 21 4 2 3 16 6 3 3 4 4 1 1 0 0 0 1 0 0 0 0 0 0 0 0 0 0 0 0
10 14 28 63 74 62 82 85 79 77 69 76 51 72 80 73 56 30 47 23 15 9 11 13 14 30 49 23 16 21 17 37 58 43 47 55 45 40 31 27 21 33 29 31 22 41 68 48 63 75 85 52 37 33 37 34 5 34 51 48 48 26 15 14 7 44 71 56 24 16 2 1 8 16 4 1 1 1 1 0 1 0 0 0 0 0 0 0 0 0 0 0 0 0 0 0
20 18 30 65 71 75 75 61 57 85 89 68 80 81 82 70 56 61 49 46 33 8 19 30 47 74 68 24 10 19 24 29 31 44 31 46 47 50 54 34 21 21 19 15 25 32 47 45 15 53 72 78 31 21 27 11 9 6 22 28 64 49 7 8 18 25 30 51 10 14 7 1 1 7 4 2 1 1 1 1 1 0 0 0 0 0 0 0 0 0 0 0 0 0 0 0
13 16 17 16 16 20 45 51 50 18 38 80 91 84 81 52 54 77 66 48 59 21 24 16 13 19 59 71 30 11 24 25 34 55 45 35 48 46 59 40 44 53 41 30 20 10 42 45 30 19 43 62 41 16 7 6 15 5 8 22 21 18 10 7 7 14 7 54 8 11 5 6 1 2 2 4 2 2 2 1 1 0 0 0 0 0 0 0 0 0 0 0 0 0 0 0
10 19 28 58 45 50 71 45 44 34 41 23 69 86 86 68 68 73 56 59 38 67 43 47 40 22 12 18 27 18 7 26 39 61 32 36 25 34 55 49 41 36 28 26 37 29 25 8 22 44 22 27 6 7 3 9 7 11 7 7 20 23 13 8 3 4 4 24 28 4 2 3 3 1 1 1 2 1 1 0 0 0 0 0 0 0 0 0 0 0 0 0 0 0 0 0
8 24 15 14 27 19 21 32 37 38 19 11 19 37 73 82 81 42 20 27 25 66 48 61 52 43 31 11 11 26 15 62 50 30 65 45 44 47 53 36 40 57 55 45 47 29 30 15 12 9 40 21 16 9 6 4 7 9 6 6 15 29 13 6 5 3 6 17 30 12 3 1 5 2 1 0 0 1 1 1 0 0 0 0 0 0 0 0 0 0 0 0 0 0 0 0
21 6 17 31 42 44 31 31 36 42 48 34 53 31 28 34 45 31 28 37 65 32 36 54 68 73 24 25 16 58 35 38 69 53 72 33 73 45 40 36 41 40 37 41 33 29 28 16 13 11 9 14 8 9 9 7 5 7 3 1 3 5 11 8 9 5 4 6 9 11 4 4 5 1 2 1 0 1 1 0 0 0 0 0 0 0 0 0 0 0 0 0 0 0 0 0
41 21 35 30 33 49 38 51 61 44 32 33 20 45 52 39 35 28 27 39 28 62 53 40 22 42 50 54 59 16 18 52 50 16 42 38 23 55 35 38 39 46 23 26 14 13 12 16 17 14 6 3 18 15 9 12 5 4 4 4 2 4 11 4 4 4 2 3 4 8 1 2 1 1 1 1 0 0 0 1 0 0 0 0 0 0 0 0 0 0 0 0 0 0 0 0
61 53 12 16 44 23 45 67 41 35 49 40 41 62 23 38 31 30 27 24 37 50 45 44 38 24 32 37 22 31 15 47 37 38 48 57 20 25 50 23 27 42 34 36 30 10 13 14 9 12 3 9 2 5 4 15 3 4 3 6 3 3 1 1 1 0 0 1 1 1 1 0 1 1 1 1 1 0 1 0 0 0 0 0 0 0 0 0 0 0 0 0 0 0 0 0
65 53 83 27 24 47 17 17 43 54 34 51 31 50 21 50 48 43 40 47 53 56 46 28 42 41 33 37 54 58 48 16 11 17 44 36 34 11 47 45 41 31 13 16 23 21 12 6 10 11 6 2 14 6 4 12 6 2 3 1 1 2 1 1 0 0 0 0 1 2 1 0 0 1 1 1 1 0 1 0 0 0 0 0 0 0 0 0 0 0 0 0 0 0 0 0
52 58 71 56 22 17 50 30 11 25 42 30 20 31 40 37 28 21 33 42 44 45 78 59 46 44 38 33 56 67 50 33 12 25 49 45 59 30 10 47 30 39 35 24 11 9 12 14 9 9 3 1 2 1 1 4 3 2 1 1 1 2 1 1 1 0 0 0 0 0 1 0 1 1 1 1 1 1 0 0 0 0 0 0 0 0 0 0 0 0 0 0 0 0 0 0
51 62 80 66 73 42 16 59 27 28 59 28 38 29 21 40 24 30 31 27 22 31 63 58 46 47 41 33 43 68 73 47 28 23 56 60 64 41 17 23 67 27 21 45 26 24 14 15 13 5 2 1 1 1 1 1 2 2 1 0 0 1 1 1 0 0 0 0 0 0 0 0 0 0 0 0 0 1 0 0 0 0 0 0 0 0 0 0 0 0 0 0 0 0 0 0
61 54 52 71 51 57 55 26 63 37 49 67 54 62 45 25 30 23 34 52 32 41 66 65 46 46 42 28 19 22 61 54 39 29 22 62 47 33 27 15 19 51 10 12 12 12 11 15 22 8 10 2 1 1 1 1 1 1 1 2 1 0 0 0 0 0 0 0 0 0 0 0 0 0 0 0 0 0 0 0 0 0 0 0 0 0 0 0 0 0 0 0 0 0 0 0
33 68 64 75 61 69 67 59 41 29 24 20 35 26 23 49 44 30 45 23 59 30 67 79 46 48 46 25 15 6 14 35 53 38 15 40 53 21 47 37 24 12 33 34 15 13 18 10 13 5 12 3 1 1 1 1 1 0 0 1 1 0 0 0 0 0 0 0 0 0 0 0 0 0 0 0 0 0 0 0 0 0 0 0 0 0 0 0 0 0 0 0 0 0 0 0
22 26 17 33 37 17 20 16 40 39 53 50 47 56 23 22 50 51 42 48 36 30 57 81 65 60 52 46 27 8 7 8 39 28 31 31 49 18 44 46 31 11 9 28 18 21 12 9 10 3 1 1 2 1 1 1 0 0 0 0 0 0 0 0 0 0 0 0 0 0 0 0 0 0 0 0 0 0 0 0 0 0 0 0 0 0 0 0 0 0 0 0 0 0 0 0
30 46 40 24 26 42 33 34 39 63 34 60 41 29 39 46 35 22 27 43 26 71 43 63 71 57 60 53 48 22 8 9 6 15 29 30 36 18 41 22 30 27 16 11 19 11 9 16 10 5 3 1 1 1 1 1 0 0 0 0 0 0 0 0 0 0 0 0 0 0 0 0 0 0 0 0 0 0 0 0 0 0 0 0 0 0 0 0 0 0 0 0 0 0 0 0
49 32 52 37 47 63 47 42 49 60 34 37 35 20 34 64 48 49 31 33 60 48 34 26 80 49 23 17 15 9 11 4 10 4 8 11 72 45 21 33 19 10 16 16 8 14 6 6 13 10 7 2 1 1 0 0 0 0 0 0 0 0 0 0 0 0 0 0 0 0 0 0 0 0 0 0 0 0 0 0 0 0 0 0 0 0 0 0 0 0 0 0 0 0 0 0
42 37 36 35 19 37 40 40 35 29 54 50 35 19 35 36 30 42 49 69 50 32 46 59 73 66 32 26 23 23 19 19 6 9 10 6 4 5 14 16 12 20 7 14 9 14 13 6 12 5 6 5 2 1 0 0 0 0 0 0 1 1 1 1 0 0 0 0 0 0 0 0 0 0 0 0 0 0 0 0 0 0 0 0 0 0 0 0 0 0 0 0 0 0 0 0
32 26 28 23 35 30 40 34 22 17 26 28 18 45 42 41 31 50 37 31 31 28 16 10 15 18 15 22 43 40 22 45 28 8 5 4 5 4 3 12 9 18 12 5 15 8 13 7 5 3 3 3 1 1 0 0 0 0 1 1 1 1 1 1 0 0 0 0 0 0 0 0 0 0 0 0 0 0 0 0 0 0 0 0 0 0 0 0 0 0 0 0 0 0 0 0
38 28 32 11 23 23 39 45 69 64 53 16 25 44 34 23 32 45 53 44 44 23 29 25 17 21 48 24 27 41 51 33 17 16 15 3 2 2 3 6 5 8 10 11 10 9 4 3 7 2 2 1 1 0 1 1 0 1 2 1 2 2 1 1 1 1 1 1 1 0 0 0 0 0 0 0 0 0 0 0 0 0 0 0 0 0 0 0 0 0 0 0 0 0 0 0
14 17 12 12 35 32 22 37 71 73 59 69 51 26 38 51 41 46 47 24 18 22 46 33 32 32 45 18 8 26 21 12 5 10 14 7 3 3 6 3 2 3 3 3 5 5 4 2 4 2 1 0 1 1 2 2 1 2 3 3 1 3 3 2 3 1 1 1 1 1 0 0 0 0 0 0 0 0 0 0 0 0 0 0 0 0 0 0 0 0 0 0 0 0 0 0
10 18 31 30 42 33 55 43 18 28 62 65 61 68 73 58 81 58 47 42 18 11 37 28 26 38 20 18 11 9 21 20 19 13 15 7 5 10 13 4 2 8 4 5 3 1 4 2 1 1 1 1 2 4 4 5 3 2 2 3 2 4 5 7 5 3 2 1 1 1 0 0 1 0 0 0 0 0 0 0 0 0 0 0 0 0 0 0 0 0 0 0 0 0 0 0
22 9 6 19 46 59 62 82 73 38 48 84 68 60 77 57 81 80 80 59 36 45 12 13 13 11 29 31 33 42 11 39 37 16 5 7 2 8 9 4 10 5 4 3 3 2 2 2 1 1 2 3 7 13 11 6 9 3 5 4 3 7 8 7 4 3 2 2 2 2 1 0 0 0 0 0 0 0 0 0 0 0 0 0 0 0 0 0 0 0 0 0 0 0 0 0
31 29 46 18 15 33 54 69 73 42 30 79 43 38 75 58 57 36 50 60 20 31 28 21 16 18 23 28 25 43 18 10 8 20 12 11 4 17 8 7 9 11 8 7 7 10 8 6 1 7 11 10 12 22 24 17 6 3 12 7 6 8 8 5 8 7 1 4 4 1 1 1 0 0 0 0 0 0 0 0 0 0 0 0 0 0 0 0 0 0 0 0 0 0 0 0
58 32 43 65 51 28 26 34 34 71 31 69 52 45 73 40 21 29 38 28 22 9 25 17 21 34 31 14 9 26 16 9 4 3 4 4 14 15 7 4 27 24 11 25 17 7 5 2 2 9 25 21 23 49 16 13 9 4 24 7 6 9 14 14 9 6 4 5 2 1 1 0 0 1 0 0 0 0 0 0 0 0 0 0 0 0 0 0 0 0 0 0 0 0 0 0
74 74 45 61 75 82 68 37 21 20 46 77 64 34 66 38 38 29 36 30 14 9 27 12 30 25 26 21 17 12 6 8 7 12 13 9 19 4 7 12 27 27 31 30 13 5 2 5 11 9 20 42 60 21 13 17 16 8 34 11 24 7 17 7 7 18 8 3 4 1 1 1 2 2 0 0 0 0 0 0 0 0 0 0 0 0 0 0 0 0 0 0 0 0 0 0
70 78 76 69 71 85 71 85 56 17 40 64 15 27 55 45 39 17 45 10 11 8 16 9 44 27 13 11 9 2 2 8 12 9 22 8 26 6 18 19 43 44 49 14 11 6 6 16 25 23 22 49 46 25 28 42 27 16 46 39 15 19 16 21 31 13 9 6 3 1 1 6 2 0 0 0 0 0 0 0 0 0 0 0 0 0 0 0 0 0 0 0 0 0 0 0
57 80 78 89 75 71 81 82 68 42 38 35 43 18 46 38 30 21 15 9 9 8 24 14 20 17 14 30 20 18 21 19 12 5 7 17 43 17 23 33 61 56 31 15 8 13 14 42 54 39 29 56 42 27 40 60 20 40 42 35 41 13 18 49 42 15 10 4 5 6 3 2 1 1 1 0 0 0 0 0 0 0 0 0 0 0 0 0 0 0 0 0 0 0 0 0
19 70 81 69 76 39 59 68 66 63 53 61 43 16 47 71 42 20 23 15 7 14 23 14 12 13 21 7 10 10 4 8 6 17 40 28 49 23 23 37 59 34 14 5 13 33 34 37 70 52 58 58 30 53 63 53 22 43 30 58 38 43 50 42 26 15 14 4 2 1 1 0 0 0 0 0 0 0 0 0 0 0 0 0 0 0 0 0 0 0 0 0 0 0 0 0
32 27 53 29 15 15 22 17 19 10 14 25 53 18 10 47 58 38 29 29 15 10 9 9 24 8 14 14 38 32 6 15 19 20 55 64 72 40 25 52 42 15 8 18 43 49 45 42 75 58 62 75 64 59 73 57 52 30 49 55 29 49 36 8 3 3 1 2 5 3 3 2 2 1 0 0 0 0 0 0 0 0 0 0 0 0 0 0 0 0 0 0 0 0 0 0
37 35 18 23 34 58 56 23 24 5 10 13 9 4 17 10 10 20 9 8 5 25 13 14 7 26 24 27 16 24 21 34 35 33 62 77 59 49 40 56 26 20 18 37 54 57 67 44 65 77 66 80 84 63 64 75 82 58 73 66 62 73 36 46 24 15 12 7 2 1 1 1 0 0 0 0 0 0 0 0 0 0 0 0 0 0 0 0 0 0 0 0 0 0 0 1
61 59 48 40 59 65 64 50 21 17 28 20 26 19 18 23 17 7 7 10 12 31 15 15 27 34 17 57 51 40 47 50 52 54 61 44 31 45 26 53 38 30 25 44 62 71 75 68 71 77 64 74 69 66 21 30 68 78 73 44 12 8 17 13 37 12 7 11 2 1 1 1 1 0 0 0 0 0 0 0 0 0 0 0 0 0 0 0 0 0 0 0 0 0 0 0
39 14 48 58 65 56 52 29 11 21 21 27 53 44 21 19 8 15 12 13 4 7 47 31 22 7 9 28 45 38 39 45 64 41 69 33 45 30 11 49 41 35 45 63 66 78 77 61 78 85 60 37 37 27 13 12 39 47 34 16 24 14 11 13 8 6 4 2 4 2 1 1 0 0 0 0 0 0 0 0 0 0 0 0 0 0 0 0 0 0 0 0 0 0 1 0
