sesion_6_simulaciones/modelos_agentes/ejemplos_netlogo/scenarios/cgcm2_b2/rob_2022.asc
NCOLS 322 
NROWS 307 
XLLCORNER 451900 
YLLCORNER 4086900 
CELLSIZE 100 
NODATA_value -9999 
[rows 0 to 73 of 307, columns 96 to 191 of 322]
34 4 1 1 21 5 5 4 4 4 11 10 14 30 26 7 14 9 10 3 12 10 7 26 8 5 9 9 14 9 3 2 7 12 6 5 7 11 17 7 5 28 63 69 79 69 80 80 87 79 77 82 61 34 49 47 49 17 34 28 37 19 14 8 35 45 46 8 7 32 42 22 20 24 21 15 17 22 12 55 38 20 28 28 31 20 21 25 35 54 32 25 20 8 16 32
1 3 3 2 3 10 4 4 3 7 6 10 33 39 16 13 4 3 2 5 9 1 3 3 9 5 9 4 6 26 11 4 4 7 3 7 9 12 18 23 29 37 35 29 83 85 85 81 93 74 87 76 36 39 74 22 8 15 9 15 5 20 15 7 17 9 12 41 37 32 19 44 56 31 46 52 56 24 27 31 25 22 35 37 42 25 27 37 44 39 49 37 47 25 33 34
0 1 1 6 4 5 5 2 3 5 3 7 13 14 3 3 7 10 11 13 22 2 4 4 6 6 9 4 10 11 19 15 2 8 25 22 23 31 36 39 48 57 41 47 17 7 19 47 91 82 81 80 38 72 68 62 40 19 15 22 15 53 75 68 76 50 39 60 27 35 29 32 41 41 48 65 72 69 44 31 30 28 42 42 46 35 38 55 36 38 51 38 46 50 36 38
0 0 0 1 1 1 1 7 3 1 1 3 5 9 9 10 11 18 21 17 7 1 9 9 2 4 6 7 8 3 9 10 10 18 26 18 42 41 63 74 79 79 61 23 11 16 6 11 39 17 29 29 15 36 63 20 60 6 8 20 30 53 80 79 80 82 77 40 57 50 49 56 39 39 55 51 53 25 21 31 44 44 57 55 55 40 39 49 35 32 52 53 37 47 33 50
1 1 1 0 0 0 1 6 12 2 8 6 4 5 17 11 10 43 15 7 8 6 7 15 12 8 7 7 5 21 24 17 4 18 38 39 51 64 80 85 85 76 63 35 20 9 14 30 18 14 22 25 7 46 17 35 50 30 6 11 55 71 59 77 62 38 75 44 56 71 58 51 39 34 57 41 43 37 39 43 50 46 79 59 43 46 45 58 42 44 53 67 34 56 57 60
2 1 0 1 0 0 1 1 10 20 5 9 3 8 11 5 21 14 19 12 3 4 12 10 14 7 10 9 4 5 8 22 18 9 43 61 66 79 84 73 78 76 71 45 18 26 18 23 27 22 29 47 9 20 22 44 26 24 18 19 55 61 21 12 18 37 44 17 22 38 15 46 78 61 52 33 38 37 36 54 45 54 59 54 62 49 47 66 62 44 58 44 56 52 71 34
0 1 2 1 1 1 3 1 4 17 17 4 3 5 6 19 8 17 28 17 19 9 4 5 10 10 17 12 6 3 7 27 31 22 37 76 81 80 75 75 74 71 38 21 27 54 30 43 39 37 30 36 30 32 45 33 15 30 38 15 9 12 10 17 8 13 44 63 42 43 18 44 29 15 59 58 55 58 35 54 45 36 44 38 60 61 51 66 65 40 66 57 55 47 31 27
0 0 1 1 0 2 1 1 2 9 46 44 44 18 12 5 5 14 11 12 24 48 11 24 31 16 15 5 11 9 10 13 31 57 39 65 67 74 73 67 60 25 30 25 52 42 35 60 45 44 26 29 48 55 40 39 34 60 66 67 43 18 4 4 19 11 34 20 44 26 37 24 12 28 17 48 58 83 67 34 53 62 44 52 77 54 55 60 65 63 47 37 16 25 25 20
0 0 1 1 1 2 1 1 2 2 8 42 53 66 34 46 8 6 6 24 24 10 11 19 15 7 11 10 8 13 26 20 41 68 77 44 29 37 27 24 34 19 15 31 60 47 26 39 45 35 30 22 76 46 40 54 43 55 19 40 69 50 25 3 16 15 10 11 5 14 42 36 16 17 41 20 29 35 45 69 65 84 55 62 39 27 38 78 50 56 42 76 55 36 26 33
0 0 0 0 1 3 2 1 1 2 6 1 2 2 2 2 11 6 8 10 12 8 14 9 23 18 12 11 15 19 23 58 51 42 61 51 47 45 23 21 9 8 13 30 60 37 15 17 29 39 36 24 34 82 72 71 18 33 16 57 43 48 12 16 4 9 7 4 14 25 25 31 35 28 38 55 22 23 63 68 41 68 54 47 28 35 25 39 40 56 30 45 75 70 29 21
1 0 1 1 2 1 2 3 4 1 2 1 5 4 2 3 11 2 17 7 11 8 11 13 24 8 6 11 22 36 53 56 80 66 43 41 39 56 52 30 17 6 5 9 35 12 13 21 32 25 39 22 38 45 81 65 34 23 32 52 26 27 15 5 10 13 15 7 23 37 37 42 27 18 45 60 41 19 19 54 39 27 51 64 35 38 27 31 68 53 49 39 66 82 58 32
0 0 1 1 1 3 2 6 7 6 2 3 7 11 10 7 9 21 26 12 41 20 7 15 13 14 7 9 15 69 68 59 59 52 42 31 32 48 45 31 16 6 8 15 18 9 10 33 20 25 52 24 37 54 33 48 33 32 43 38 17 16 33 24 11 8 25 23 33 62 71 72 19 32 48 57 41 23 21 61 37 9 36 63 32 41 35 29 52 34 28 34 53 63 64 57
0 1 1 2 2 2 2 2 3 6 6 4 1 2 4 14 22 8 29 22 50 50 11 8 6 10 6 14 29 48 72 49 47 39 38 45 48 19 23 39 14 5 5 20 17 7 15 19 24 37 55 42 42 63 45 37 42 39 51 19 16 19 29 25 13 10 9 23 40 26 48 45 34 27 31 56 29 25 10 21 39 8 47 71 33 37 47 28 19 41 34 15 21 38 56 69
0 0 0 0 1 0 0 1 2 4 7 5 5 5 6 4 21 8 43 15 10 9 34 21 14 8 14 45 48 38 44 45 33 16 16 14 13 8 7 11 14 2 1 1 6 5 9 13 40 59 65 60 43 45 29 45 52 44 40 38 15 12 32 34 24 22 11 12 14 9 4 4 21 33 33 41 30 41 25 16 7 11 24 61 62 30 38 38 23 20 36 18 29 51 75 55
0 0 0 0 0 0 0 0 1 1 3 3 5 6 6 5 4 5 34 17 12 30 40 17 20 17 20 19 42 45 24 15 13 16 22 16 14 11 5 1 10 2 6 3 1 2 8 21 27 55 55 48 39 46 30 58 59 50 51 53 10 28 37 38 25 16 8 10 6 4 4 22 51 46 39 47 48 40 21 21 32 11 30 57 63 30 15 17 20 15 10 9 22 38 49 43
6 0 1 0 1 2 1 1 0 0 1 0 0 1 2 3 6 11 4 2 6 10 5 40 25 31 15 17 15 11 13 30 34 34 23 27 44 37 16 3 3 3 1 3 2 2 2 9 20 26 33 26 24 26 37 26 42 40 55 49 9 25 9 37 52 31 11 12 13 2 9 35 47 53 27 18 30 39 47 41 28 24 25 44 67 82 54 37 17 12 11 6 19 54 44 33
0 0 1 1 1 1 2 1 0 1 2 2 1 1 2 6 7 10 6 10 9 3 5 13 45 30 33 38 63 45 29 17 21 31 30 46 57 54 31 3 7 5 3 4 10 10 9 2 8 13 10 8 7 7 13 33 40 50 54 53 16 35 25 30 42 14 9 10 8 7 10 40 33 45 17 14 24 23 42 35 32 29 30 31 64 83 79 31 18 14 11 7 17 37 52 44
0 1 1 9 8 1 1 1 0 0 1 0 1 1 1 2 6 6 9 11 5 5 7 9 24 32 10 22 21 15 28 27 35 23 55 73 52 55 32 16 23 26 17 17 27 25 24 10 3 1 1 2 1 1 3 32 68 83 60 26 46 32 28 19 31 23 12 20 6 6 43 43 49 40 16 27 51 32 31 39 22 17 12 8 48 55 51 54 32 14 12 7 10 19 26 12
1 1 2 1 0 4 0 1 0 0 1 0 0 0 0 1 1 4 4 2 5 7 6 7 37 52 27 24 17 31 40 45 29 51 58 59 26 26 26 47 36 41 47 58 50 27 33 25 10 6 5 4 6 1 1 4 62 76 48 32 30 37 20 16 25 8 10 12 3 32 62 58 49 50 21 21 49 46 39 67 43 25 12 6 13 33 37 37 37 19 12 11 5 11 43 8
3 2 0 0 0 1 5 1 1 1 2 2 2 1 1 5 1 1 2 3 6 9 12 6 25 25 19 30 34 33 35 63 51 44 45 25 42 42 35 44 65 66 53 28 29 14 23 27 14 10 8 2 4 2 4 3 13 22 35 43 29 17 15 34 31 5 11 35 63 47 62 76 39 70 34 14 39 61 43 61 47 44 27 9 9 27 49 33 43 21 16 8 3 5 27 20
2 1 0 1 0 2 2 3 1 2 3 2 2 1 1 1 1 3 3 3 3 5 4 3 13 24 21 10 10 28 20 19 33 42 56 33 31 45 29 65 35 32 47 30 16 13 13 16 15 6 10 8 3 5 8 6 7 20 39 36 11 12 50 44 26 6 23 35 46 59 46 50 29 34 56 40 23 20 21 59 25 19 32 20 12 5 27 16 40 15 18 7 4 4 6 15
3 1 1 1 3 2 3 6 6 6 12 4 3 2 3 1 2 1 1 9 5 6 6 6 25 15 30 24 13 20 20 32 35 60 62 48 71 39 54 24 39 20 13 10 19 18 31 18 18 6 7 6 5 6 11 8 8 12 31 36 39 11 18 23 15 18 43 11 34 53 57 39 41 19 47 56 31 18 17 68 77 34 13 38 23 5 3 7 33 21 16 13 4 4 4 14
2 1 0 1 5 3 1 3 2 2 1 3 6 3 1 1 1 2 1 6 17 12 14 9 25 8 16 34 18 11 39 58 61 23 13 73 65 32 32 31 38 45 20 9 6 15 11 3 4 4 9 5 6 6 6 6 3 7 15 12 13 16 10 11 13 32 46 6 30 19 43 53 37 13 11 35 33 41 20 38 73 45 33 10 19 7 2 5 27 35 5 19 8 3 4 9
3 1 0 1 6 5 2 5 13 4 9 4 4 23 14 7 5 6 4 25 14 22 19 12 25 22 13 38 42 24 19 18 8 7 8 23 36 44 20 37 33 44 32 24 14 3 2 1 1 1 2 2 1 2 4 2 2 2 3 8 18 15 11 18 38 36 26 11 20 21 20 35 28 25 15 50 48 29 23 10 41 41 21 35 10 5 3 3 3 14 3 8 6 2 1 2
6 3 0 2 8 6 4 2 18 8 2 9 13 17 20 21 42 9 12 11 27 31 51 28 19 22 43 31 58 36 17 11 23 23 15 2 9 37 35 14 26 43 50 48 23 15 8 5 3 3 1 1 1 0 0 0 0 1 5 12 25 15 24 27 16 37 19 23 26 22 14 21 37 40 9 34 38 23 24 13 22 38 13 5 18 8 3 2 2 4 4 4 6 2 1 1
18 10 3 4 12 3 8 2 8 12 10 10 22 29 38 21 40 46 15 15 47 74 75 82 73 65 64 45 64 48 69 68 72 44 20 18 20 15 12 23 46 31 38 40 43 34 26 15 11 9 4 4 3 3 3 3 3 2 10 21 20 20 15 17 15 30 29 40 14 30 11 9 31 19 8 22 19 9 12 9 9 13 30 4 5 2 3 1 1 2 1 2 1 1 1 1
14 9 15 15 16 4 7 5 15 24 18 13 13 46 59 44 45 76 57 72 77 77 83 83 73 79 76 71 76 81 55 25 43 52 44 23 29 24 10 8 32 37 42 55 42 37 36 25 20 16 11 9 10 9 4 7 4 5 11 11 16 11 7 9 7 36 20 34 25 24 6 9 14 17 9 18 13 22 5 8 7 3 9 4 2 5 1 1 0 1 2 1 1 1 1 1
9 18 14 12 19 19 21 15 20 34 33 51 43 53 66 84 79 67 77 38 46 54 66 79 75 71 79 79 80 81 24 15 15 15 31 34 44 24 31 22 22 47 51 40 37 35 27 51 40 23 17 15 13 13 10 10 11 3 6 7 9 6 7 15 29 42 35 17 24 10 9 5 11 10 10 5 4 7 9 4 6 3 5 4 1 4 2 1 0 0 1 1 1 1 1 0
13 30 17 12 23 20 22 22 30 53 68 78 85 86 90 88 79 78 83 67 38 20 50 68 49 45 35 61 64 58 40 10 9 6 8 14 26 22 25 31 12 24 29 29 15 13 8 16 20 22 31 32 19 16 14 22 13 4 4 5 3 8 21 28 33 22 11 12 8 16 12 16 6 6 5 5 4 4 7 4 3 2 2 1 1 1 1 1 1 0 1 0 0 1 0 0
15 32 13 17 44 40 37 54 68 81 87 85 84 87 83 90 77 78 90 45 73 35 20 40 29 16 21 22 24 26 48 31 22 4 8 4 13 10 10 25 20 17 35 12 16 12 6 11 12 7 6 6 5 10 9 4 17 8 5 4 6 10 20 25 24 16 6 15 22 11 12 7 6 4 3 2 2 2 3 2 2 2 1 1 1 0 0 0 0 0 0 0 0 0 0 0
9 39 36 34 46 63 73 81 76 87 82 90 75 88 81 84 62 68 86 75 36 42 22 11 11 8 4 3 12 13 18 59 29 9 11 8 24 45 40 26 26 16 13 7 5 8 7 3 2 3 3 9 19 18 9 8 20 10 17 5 8 11 19 13 19 7 4 8 17 14 9 5 2 4 2 1 1 0 1 1 1 1 0 0 0 0 0 0 0 0 0 0 1 0 0 1
30 49 66 65 81 89 84 86 82 83 78 90 77 77 59 75 60 73 74 77 24 46 44 18 12 3 3 1 4 6 6 14 19 10 11 15 8 16 16 18 13 12 11 17 16 9 9 4 6 7 23 42 40 23 37 6 23 19 4 2 2 7 5 13 9 8 4 2 3 4 4 4 2 1 0 1 1 1 1 2 1 1 1 1 2 2 1 1 1 1 0 0 2 1 1 2
59 73 77 84 83 81 85 81 82 72 87 69 43 57 52 52 59 61 64 70 33 20 26 16 14 8 3 5 11 13 13 25 18 7 22 17 23 22 34 22 35 22 31 30 32 29 19 16 11 15 25 52 61 59 51 23 28 22 9 13 6 1 2 2 2 2 3 2 1 1 1 1 1 2 4 4 6 3 6 3 3 4 2 4 2 7 3 1 3 2 1 1 2 2 1 3
77 83 84 74 83 82 87 74 73 54 67 16 30 22 28 41 43 33 33 57 33 13 6 5 8 12 12 10 15 6 38 44 41 29 39 41 38 31 36 35 36 38 37 33 46 31 35 20 9 40 40 44 60 46 35 29 52 29 24 37 21 13 11 12 10 10 15 9 5 5 5 6 10 10 10 5 9 9 8 8 7 7 6 6 11 7 4 3 3 1 3 2 3 2 6 6
22 31 57 51 71 67 77 74 38 8 4 5 12 8 7 9 9 17 35 49 29 8 10 18 9 10 37 25 40 29 40 43 44 40 40 61 49 27 50 44 42 53 51 49 36 35 40 27 21 32 46 44 58 69 52 52 40 32 39 39 30 32 29 30 26 21 31 19 16 7 12 14 13 13 21 14 14 22 12 17 17 10 12 11 22 7 6 5 5 4 4 3 7 7 8 13
27 17 11 11 7 8 25 28 27 9 5 8 12 12 5 3 2 4 16 22 14 8 35 10 27 38 49 41 55 40 38 35 55 47 32 50 47 30 44 51 42 59 39 36 37 41 56 39 26 29 50 50 30 77 57 69 39 42 50 40 50 35 32 31 30 19 35 21 12 17 17 17 26 17 25 17 17 28 25 25 14 15 23 15 17 10 8 8 6 6 6 6 20 14 10 10
46 61 48 21 20 15 4 10 14 5 11 12 10 5 2 3 1 8 6 12 21 42 48 24 47 42 50 48 38 18 7 19 41 41 33 46 31 36 46 56 59 37 42 38 37 58 46 30 43 40 55 65 44 78 74 41 69 62 55 37 46 38 52 48 33 33 28 24 23 13 21 32 32 21 32 31 22 35 21 28 20 29 30 38 20 11 5 13 10 10 15 18 24 9 25 13
56 40 36 25 14 11 11 11 22 24 24 24 15 4 4 10 11 14 19 33 61 61 62 39 44 34 35 44 45 39 23 19 40 34 47 32 29 39 36 51 24 19 46 50 41 74 46 48 57 35 66 41 74 76 49 60 75 62 39 53 39 52 49 37 22 37 35 28 15 27 45 52 44 27 37 42 41 43 26 24 29 39 37 27 17 9 8 20 15 9 29 32 30 10 6 34
30 44 48 36 36 20 35 29 39 41 42 48 32 23 18 28 16 24 40 48 61 47 25 43 57 39 22 32 46 44 33 20 31 41 23 51 34 61 45 31 36 24 51 34 32 77 57 57 44 35 49 75 72 58 51 48 63 72 42 57 56 63 51 29 52 47 47 33 15 35 47 71 56 38 45 53 53 39 31 21 37 65 52 40 30 12 25 47 30 12 24 50 48 18 9 36
57 64 34 36 22 35 48 38 36 54 49 50 42 39 39 34 34 44 49 50 59 46 44 54 41 28 30 46 35 44 25 36 22 18 47 53 55 40 44 29 32 18 52 17 16 55 58 60 37 45 55 42 75 24 17 14 37 62 35 64 72 59 51 69 55 51 32 14 22 54 61 80 68 49 53 67 76 48 47 25 49 73 46 31 25 19 40 60 38 20 15 65 74 43 22 34
34 47 29 49 35 47 49 49 48 45 60 55 43 42 63 30 36 50 47 47 59 55 34 55 39 39 46 39 39 50 25 42 25 24 26 54 23 36 25 43 33 33 41 23 45 43 73 55 25 41 59 56 55 34 29 19 27 38 29 71 76 66 67 71 30 48 18 16 26 60 73 77 74 58 63 73 83 42 54 26 54 83 57 28 23 29 53 70 48 29 21 59 71 57 19 41
29 41 61 43 28 37 51 38 34 40 64 48 39 54 39 36 25 46 56 37 35 45 53 52 37 36 30 27 27 74 30 49 26 30 34 55 45 35 23 31 22 39 33 26 43 36 53 30 33 24 37 75 59 44 28 30 60 29 34 66 58 63 83 47 56 47 30 32 46 49 76 77 77 49 57 77 64 41 64 35 46 75 62 51 31 36 61 75 55 40 28 46 68 46 34 48
19 19 42 20 17 15 37 32 22 32 34 35 29 43 37 32 36 34 45 40 32 20 33 48 45 38 46 24 21 32 44 64 28 21 38 58 33 18 21 34 23 40 29 27 36 41 42 25 23 24 26 57 20 25 35 32 52 24 45 55 46 67 36 51 74 38 35 38 59 49 66 85 64 38 61 78 66 46 69 43 52 74 50 48 47 35 37 74 74 45 29 51 71 49 35 51
5 16 9 10 13 14 28 34 16 35 31 40 40 27 26 39 28 29 33 40 22 18 18 42 44 33 46 17 22 41 36 48 17 22 37 28 21 32 24 40 47 19 25 44 39 23 16 54 21 18 17 32 11 21 25 49 46 60 50 30 25 19 41 74 35 44 57 33 45 53 50 76 38 34 56 74 49 49 63 31 64 68 47 50 52 55 25 35 78 44 36 46 71 62 52 44
3 4 6 6 15 6 10 11 17 24 21 36 29 24 27 28 24 19 20 27 30 15 37 31 41 35 33 29 6 21 44 53 7 14 18 50 16 9 15 20 49 24 20 13 15 23 24 5 17 27 20 40 30 17 33 33 66 53 39 62 47 27 58 35 56 64 32 35 40 59 34 70 27 33 45 69 39 64 63 31 50 51 38 64 66 63 38 35 75 57 36 51 59 43 52 41
1 2 5 7 10 3 12 11 14 20 22 40 23 14 16 23 26 36 18 9 11 9 46 7 22 33 27 21 8 19 19 17 3 4 28 7 5 4 26 7 38 18 23 15 19 21 18 50 63 76 68 49 55 47 31 48 56 39 41 46 35 40 51 25 61 33 38 39 44 65 32 53 34 53 25 45 33 59 43 34 60 37 38 52 69 37 49 30 52 44 50 39 70 74 75 63
2 1 5 2 3 15 3 4 9 15 24 24 13 23 8 27 7 24 18 8 5 15 21 17 19 25 23 29 6 5 3 12 15 20 8 6 15 16 24 16 19 21 28 47 23 68 39 79 53 60 44 44 54 72 78 62 58 21 29 55 39 42 16 23 50 36 35 42 51 60 64 54 57 47 34 68 31 66 30 30 72 30 66 60 69 44 57 44 42 65 59 71 71 76 80 89
0 1 1 1 2 4 14 3 8 6 4 7 4 12 8 15 10 20 17 20 13 18 16 27 7 8 14 10 15 18 5 3 7 9 44 50 35 36 62 77 57 57 53 79 55 42 72 77 34 64 48 39 51 73 70 55 64 65 54 76 58 68 67 41 46 52 59 52 44 48 65 64 57 79 83 79 80 90 84 64 68 75 77 73 37 86 86 73 68 37 56 45 56 79 59 66
0 1 1 2 8 27 5 3 1 0 1 2 4 13 12 12 11 22 11 10 14 15 13 28 15 10 5 4 5 5 4 7 9 2 6 40 56 14 24 66 66 68 45 77 86 41 43 56 67 59 70 21 33 73 77 43 83 76 89 84 46 67 53 60 52 67 53 73 75 20 31 70 72 35 66 81 56 77 59 84 50 70 82 71 48 83 76 63 88 80 64 38 52 67 48 35
0 0 1 0 1 1 1 1 0 3 3 3 14 10 5 11 5 13 6 7 12 8 15 18 11 9 3 4 11 16 8 1 5 4 3 10 18 8 11 40 55 28 68 84 70 27 45 32 50 51 67 29 35 62 59 74 65 56 74 83 52 18 35 71 70 76 70 62 64 69 23 63 81 39 65 83 32 24 36 86 80 54 47 58 68 73 72 79 88 77 50 69 33 28 62 69
0 1 0 0 1 2 2 1 0 2 3 5 4 7 4 8 7 8 5 5 4 9 12 6 10 11 1 2 4 7 5 3 9 3 5 4 7 39 20 52 28 52 40 43 81 59 35 21 44 44 54 58 30 69 70 89 50 76 90 89 75 18 53 61 64 83 75 80 55 80 43 33 72 41 65 84 51 40 28 73 64 70 18 18 32 69 78 72 80 67 29 74 49 35 50 61
0 1 0 0 0 1 2 2 1 1 3 6 5 2 7 12 6 7 3 4 8 7 4 4 5 3 1 2 3 6 6 5 4 4 6 10 8 14 45 78 44 63 39 64 64 72 39 37 57 52 83 85 50 68 87 92 64 86 91 83 76 42 76 81 62 55 45 36 60 84 48 29 54 30 67 72 88 44 52 84 63 75 68 29 26 46 66 60 60 42 64 88 49 30 18 18
0 0 0 0 2 0 1 3 1 1 3 3 3 3 4 9 10 5 3 6 2 4 2 2 4 6 2 3 11 12 19 10 10 16 22 26 17 24 61 52 58 29 24 70 74 48 30 26 41 55 76 70 71 50 77 91 68 72 83 78 84 76 77 88 45 50 59 37 62 77 73 48 16 34 79 76 82 73 43 86 43 64 77 49 28 24 56 45 48 22 74 87 67 45 44 15
5 0 0 0 0 0 0 1 1 2 4 3 1 2 3 5 5 2 2 2 4 2 2 1 3 5 6 19 42 7 9 8 35 28 27 27 11 29 44 45 71 38 57 34 85 39 44 37 21 41 69 66 49 26 29 65 69 78 84 82 91 78 80 79 78 55 60 46 50 60 83 61 31 28 65 76 83 82 59 70 64 59 65 79 45 26 16 19 17 33 72 52 79 49 41 21
0 1 1 1 1 0 1 0 0 1 2 2 0 0 4 2 1 2 2 3 5 3 2 4 1 2 2 3 16 7 6 31 20 19 46 31 16 9 4 23 25 18 6 6 33 32 70 59 23 15 38 18 30 16 13 22 23 60 65 64 72 74 67 65 88 53 53 44 15 68 93 48 31 27 68 59 58 67 38 50 52 22 65 79 65 40 10 12 13 23 14 37 82 47 28 31
0 0 2 3 7 0 0 0 0 0 1 0 0 0 2 1 1 2 2 1 5 3 2 4 13 28 8 5 7 8 13 15 36 43 35 26 24 31 14 7 13 32 15 7 14 21 32 43 42 15 19 15 30 17 20 37 28 16 27 47 46 22 32 65 91 74 41 42 51 75 88 56 24 14 28 41 62 46 57 61 51 15 48 65 78 29 17 8 29 36 20 39 89 61 54 50
0 1 0 4 4 7 2 1 4 1 3 0 0 0 1 1 1 1 1 3 1 11 4 5 23 36 21 4 5 20 20 13 30 40 17 9 34 35 13 13 14 43 26 16 23 21 22 18 18 9 17 41 48 45 38 36 25 20 17 12 4 2 13 75 79 77 54 26 31 69 79 75 64 27 16 38 53 38 39 25 47 32 22 68 72 56 20 11 30 25 45 80 81 83 63 54
2 4 7 2 3 7 14 1 1 1 1 11 1 1 1 0 0 1 0 0 0 1 1 3 12 25 11 26 30 39 18 13 39 20 32 34 26 40 21 29 23 36 39 23 12 38 23 27 19 7 15 51 61 68 63 55 41 36 32 27 32 28 29 50 52 64 53 20 10 39 39 75 77 35 16 40 51 36 19 32 59 27 18 17 69 74 20 9 32 44 43 69 44 77 43 22
0 0 1 5 6 6 2 0 1 2 11 15 12 4 6 7 1 1 1 0 1 1 3 2 5 7 14 28 33 22 15 17 12 7 40 39 15 18 28 46 33 42 34 26 9 16 49 38 25 15 13 33 70 70 70 71 56 56 48 48 72 74 78 66 54 52 42 26 10 7 31 44 79 59 51 16 33 40 20 4 14 21 25 35 55 74 35 14 7 23 27 24 69 74 87 49
0 0 1 5 15 15 43 4 9 3 5 2 12 15 8 4 4 0 0 0 1 2 1 3 7 4 11 15 13 10 7 24 41 28 46 30 26 37 54 29 48 45 25 31 38 38 50 51 35 25 13 18 35 64 60 71 69 68 48 38 28 42 51 53 64 62 65 54 33 2 9 41 49 59 52 42 24 11 15 13 37 26 10 19 18 57 54 12 5 12 18 24 20 61 54 65
11 5 2 2 2 16 7 2 3 19 5 6 2 3 2 1 5 1 1 0 0 1 2 9 18 3 11 21 18 24 25 56 35 21 25 35 24 26 19 8 16 49 63 42 60 47 40 37 37 37 31 13 9 12 42 44 39 59 59 53 47 42 28 31 33 51 59 60 55 47 31 52 45 63 32 32 23 14 22 14 11 11 6 23 18 52 64 10 4 16 24 16 18 19 55 67
13 16 12 3 2 13 32 20 4 5 5 4 1 3 2 1 2 4 0 2 2 3 2 11 8 10 4 6 6 6 4 9 10 26 22 23 25 29 33 32 20 8 20 63 64 74 64 48 43 21 30 27 17 8 14 23 19 14 25 30 33 47 48 33 18 19 42 53 53 38 47 65 42 66 48 31 26 27 14 7 7 15 7 10 19 13 45 17 3 8 20 21 9 7 51 65
4 4 52 20 5 17 7 35 24 15 17 3 1 7 3 8 5 6 2 3 1 4 7 6 6 7 8 31 18 10 15 30 19 23 28 45 45 49 45 49 50 39 21 13 12 54 62 57 37 26 19 26 16 8 3 3 3 4 3 3 6 16 14 21 23 10 10 17 18 16 39 41 38 35 31 33 38 34 18 18 15 12 6 6 24 33 18 27 5 2 12 18 10 29 72 22
4 4 18 8 7 6 1 1 44 60 60 50 5 10 4 2 2 12 3 4 3 2 4 4 15 5 16 22 13 15 32 37 20 25 35 43 41 48 44 46 49 42 56 48 44 25 12 9 29 31 36 11 8 5 8 13 13 13 11 9 8 3 2 3 4 3 2 2 2 9 14 23 20 18 13 9 9 25 19 17 11 5 14 11 12 21 16 31 15 3 2 11 35 67 34 63
9 7 12 49 25 7 7 4 4 64 8 8 11 7 8 9 7 1 3 7 0 1 1 5 8 7 7 6 6 8 7 9 22 27 28 33 51 59 43 54 59 61 57 55 56 41 35 30 18 10 8 5 6 17 21 32 31 29 26 31 10 3 2 9 9 16 6 7 2 1 3 9 7 4 4 5 5 9 13 23 19 5 4 5 5 6 11 21 26 5 2 11 66 33 31 40
13 9 14 27 17 23 34 5 2 2 1 2 3 5 6 35 3 6 5 8 2 1 2 3 3 3 7 7 13 8 8 10 15 22 37 41 42 43 40 60 58 44 39 40 45 32 30 39 30 26 27 27 29 43 42 39 51 51 47 35 14 10 12 21 19 12 15 6 2 2 2 1 1 1 1 1 2 2 1 2 4 2 2 1 2 2 7 12 12 6 3 36 34 13 48 36
27 15 8 3 25 23 65 36 26 22 13 7 3 3 21 11 43 30 11 8 23 12 9 1 1 2 5 5 3 6 5 16 26 13 5 17 46 46 28 26 38 47 36 27 37 28 38 39 43 37 44 28 31 47 59 59 57 59 62 46 23 21 34 30 38 38 34 21 8 6 2 1 0 1 1 3 10 5 3 2 2 1 1 1 1 1 2 4 12 11 3 44 7 4 31 43
26 23 19 31 21 31 21 14 15 53 15 30 6 10 22 37 63 42 16 16 26 6 6 8 5 4 6 1 3 4 20 4 5 8 14 19 42 61 53 57 53 42 52 41 47 39 43 44 48 29 58 49 47 42 58 62 78 75 69 48 21 46 42 54 51 65 50 35 23 9 6 6 6 8 10 18 24 15 7 7 10 10 5 2 2 1 0 1 3 14 7 28 4 4 32 56
29 27 8 7 28 21 58 46 26 25 41 53 30 13 29 70 67 34 16 33 5 23 3 5 4 2 1 9 1 6 5 2 2 18 12 20 26 41 50 51 54 37 38 42 43 46 49 62 52 40 48 63 47 49 65 74 80 69 52 41 39 50 62 62 60 75 64 45 29 13 20 21 20 25 26 28 38 23 22 21 19 17 8 12 9 4 3 1 1 4 4 5 4 3 10 20
26 34 24 8 43 45 56 47 74 52 38 17 9 49 58 51 45 25 23 64 10 39 6 7 6 4 4 10 13 2 3 4 6 16 17 27 33 55 36 55 59 44 22 44 43 42 52 69 60 35 36 64 60 50 64 79 75 60 44 33 36 67 64 65 80 74 58 47 22 16 29 26 30 40 41 55 53 50 31 34 43 28 25 32 19 13 5 1 1 2 3 5 3 1 4 8
27 7 25 11 5 51 33 23 39 62 52 41 8 33 69 44 8 16 48 61 9 54 10 7 26 17 3 12 17 28 6 2 5 6 20 13 10 14 24 21 47 31 43 41 44 28 62 44 66 34 68 58 57 46 72 84 63 57 38 50 51 63 60 74 81 72 60 55 27 42 54 52 33 53 66 62 63 51 42 49 59 49 37 39 12 6 2 1 1 0 1 2 3 1 3 1
21 21 14 25 7 16 56 68 68 46 24 27 11 21 48 59 24 41 78 53 21 57 15 9 7 16 9 25 21 6 21 34 8 7 8 14 5 13 9 26 33 29 31 50 38 37 42 50 30 36 82 33 55 45 80 57 52 58 36 46 46 59 70 80 64 72 58 42 34 51 62 61 39 63 60 72 74 60 52 56 72 55 49 21 7 8 5 7 4 1 0 0 1 1 1 1
35 19 25 19 23 23 33 50 41 55 57 31 59 17 8 5 45 87 78 46 46 33 28 34 37 16 7 17 24 23 18 4 7 3 8 2 3 9 9 37 17 34 37 38 23 28 31 39 45 53 28 24 53 71 44 59 46 34 38 38 36 55 81 67 68 53 37 41 56 68 65 66 56 66 48 54 66 44 55 61 75 39 19 15 19 18 24 11 6 2 1 0 0 0 0 0
34 31 25 22 55 33 60 79 46 40 37 54 63 64 9 3 16 23 20 9 27 49 38 17 13 17 14 18 16 12 4 1 4 8 1 3 6 7 15 14 14 11 33 8 12 10 15 43 11 12 19 26 38 57 43 38 20 28 49 49 39 75 69 69 60 63 44 41 52 69 65 53 55 67 51 28 76 57 61 77 44 41 33 32 54 53 25 11 8 5 2 1 1 0 0 0
