sesion_6_simulaciones/modelos_agentes/ejemplos_netlogo/scenarios/cgcm2_b2/rob_2016.asc
NCOLS 322 
NROWS 307 
XLLCORNER 451900 
YLLCORNER 4086900 
CELLSIZE 100 
NODATA_value -9999 
[rows 75 to 149 of 307, columns 0 to 95 of 322]
0 0 0 0 0 0 0 0 0 1 0 0 0 0 1 0 0 0 0 0 0 0 0 0 0 0 1 1 1 1 1 0 2 7 22 28 15 13 38 28 7 12 13 7 3 1 2 4 3 4 5 5 5 3 5 5 2 3 2 3 3 7 25 28 10 13 23 19 15 7 10 21 19 14 23 69 36 17 14 46 49 50 53 40 18 51 48 22 20 15 19 32 33 24 17 57
0 0 0 0 0 0 0 0 0 0 0 0 0 0 0 0 0 0 0 0 0 0 0 0 1 1 0 0 0 0 0 0 0 2 7 21 20 34 25 14 15 39 15 6 7 3 3 3 2 5 9 3 6 4 5 2 10 4 2 1 4 22 14 27 26 25 34 32 40 23 20 8 8 7 19 66 72 34 20 13 40 51 37 18 18 64 60 56 46 15 9 8 36 43 32 45
1 0 0 0 0 0 0 0 0 0 0 0 0 0 0 0 0 0 0 0 0 0 0 1 0 0 0 0 0 0 0 0 1 1 10 7 11 13 6 8 42 13 14 11 17 19 7 1 3 7 6 5 6 4 8 4 4 5 2 5 10 18 16 33 21 29 37 39 41 43 40 38 35 25 12 22 48 43 32 12 35 62 24 15 46 68 26 59 51 36 18 36 51 49 40 31
1 0 0 0 0 0 0 0 0 0 0 0 0 0 0 0 0 0 0 0 0 0 2 0 0 0 1 1 1 1 3 2 3 5 8 8 5 8 12 25 18 32 12 16 19 42 17 14 18 10 10 5 6 4 3 2 5 5 11 14 12 8 12 8 21 32 35 51 48 41 41 53 36 34 17 6 7 20 25 18 27 31 25 29 59 31 24 15 16 39 31 36 27 37 40 37
0 0 0 0 0 0 0 0 0 0 0 0 0 0 0 0 0 0 0 0 0 0 0 0 0 0 0 0 0 2 2 4 22 37 52 45 24 9 21 25 25 44 28 7 9 12 35 37 50 51 39 22 13 11 8 4 4 7 14 14 6 7 8 7 8 15 13 8 17 41 46 40 39 41 28 22 14 23 10 8 20 29 26 39 56 26 38 28 15 29 34 49 67 53 44 43
0 0 0 0 0 0 0 0 0 0 0 0 0 0 0 0 0 0 0 0 0 0 1 1 0 0 0 0 1 3 2 2 4 20 55 68 25 10 14 35 29 21 41 26 9 8 16 35 63 70 82 82 72 32 24 14 12 14 11 14 11 8 7 3 16 17 12 19 20 37 48 36 42 44 39 23 21 10 7 1 10 27 26 39 36 37 20 18 17 24 55 55 62 35 37 56
0 0 0 0 0 0 0 0 0 0 0 0 0 0 0 0 0 0 0 1 0 0 2 16 3 1 0 0 1 6 4 3 2 4 8 41 29 13 9 23 39 61 29 48 39 18 13 5 4 11 32 43 59 71 58 32 17 8 12 10 6 15 8 29 6 4 9 7 11 23 22 52 43 46 46 28 9 1 5 3 8 17 15 42 24 33 48 47 26 18 13 9 28 20 22 32
0 0 1 1 1 0 0 0 0 0 0 0 0 0 0 0 0 1 1 18 17 20 35 11 35 10 4 0 0 0 2 8 8 14 16 8 6 5 4 16 19 16 22 44 27 23 27 17 6 2 1 3 9 36 35 64 39 22 10 40 52 29 21 9 34 20 7 13 4 4 22 38 54 40 27 26 17 11 11 22 9 7 23 53 22 40 46 46 43 43 24 10 8 19 39 51
0 0 0 0 1 0 0 0 0 0 0 0 0 0 1 1 2 13 18 31 3 11 5 2 3 4 4 0 5 6 3 6 5 4 9 11 6 5 15 21 42 44 17 12 8 9 10 8 2 5 6 2 10 8 9 21 38 30 55 54 21 10 11 17 31 10 10 16 19 16 60 53 52 37 31 34 37 42 26 14 21 15 42 48 29 59 62 83 60 59 57 41 9 7 7 7
0 0 1 2 0 0 0 0 0 0 0 0 0 0 0 2 2 8 2 5 5 2 2 1 1 2 3 5 16 15 23 2 4 12 23 14 6 16 20 21 35 48 43 31 3 2 3 6 4 3 2 15 43 29 25 20 14 35 66 27 18 17 9 10 22 17 23 17 41 48 38 39 40 37 37 36 40 33 41 13 16 13 20 19 30 66 26 50 55 72 41 47 40 19 10 6
0 0 0 0 1 1 1 0 0 0 0 0 1 0 2 2 3 3 1 2 2 7 1 0 1 1 6 1 1 1 2 2 7 19 12 16 6 43 27 30 47 43 53 43 23 27 34 25 29 33 26 33 46 40 29 19 27 26 21 23 24 38 33 21 14 8 7 40 36 25 31 27 56 32 28 57 43 35 34 21 16 10 10 24 6 39 30 59 57 70 76 76 52 27 12 8
0 0 1 2 0 0 0 1 0 0 0 0 0 1 0 0 1 1 1 0 3 1 0 1 5 3 3 1 1 1 3 4 10 11 9 14 10 25 24 46 54 30 50 35 24 32 40 27 23 35 38 20 29 35 30 30 40 20 25 35 49 34 18 15 17 16 16 9 14 22 13 29 14 10 53 41 29 30 54 35 34 16 9 14 28 33 27 26 57 51 39 40 57 17 12 7
0 0 1 1 1 2 0 1 0 0 0 0 0 1 1 0 0 1 2 2 1 5 3 13 14 11 13 28 17 5 2 2 5 2 5 4 12 21 25 41 39 20 11 18 18 28 43 7 20 31 26 32 34 48 35 27 30 16 27 31 45 19 20 13 22 24 40 49 48 29 35 22 24 17 14 13 38 47 20 29 27 18 15 10 13 13 20 28 37 43 8 20 31 30 11 6
0 1 2 1 2 1 0 0 0 0 0 0 0 0 2 0 1 2 3 2 4 3 4 5 38 31 31 33 14 31 29 24 12 3 2 7 6 20 18 29 18 11 28 17 36 43 49 15 28 49 24 22 36 59 38 14 25 16 27 41 24 4 3 11 32 12 7 21 51 23 34 30 19 21 29 18 20 27 22 17 10 14 24 19 10 9 7 4 11 11 6 18 8 26 16 9
0 1 1 1 1 0 1 1 0 0 0 0 0 0 0 1 1 7 2 2 7 2 4 20 26 47 46 43 29 31 34 40 13 29 17 12 4 3 7 4 6 15 19 21 27 30 36 12 15 40 17 36 15 53 53 13 25 13 50 24 18 19 21 34 31 9 6 4 61 31 33 22 19 16 17 39 40 53 46 45 57 34 16 9 24 26 19 14 5 3 6 13 15 5 10 7
0 1 1 0 0 1 1 0 0 0 0 0 0 0 0 5 8 1 3 5 2 1 19 39 58 11 49 51 29 42 41 47 31 47 27 41 33 16 4 1 5 9 10 6 21 39 16 20 22 22 18 39 25 54 5 36 47 24 33 10 7 31 41 25 16 15 8 6 19 76 68 40 23 53 49 45 69 57 25 31 49 39 52 46 36 32 25 20 13 4 2 10 9 3 2 1
1 1 1 0 0 0 0 0 0 0 0 0 0 8 3 1 6 14 5 5 9 5 2 28 47 26 12 61 67 31 16 61 36 57 52 72 42 18 21 4 12 18 17 2 4 8 12 9 12 19 58 64 74 49 63 32 10 32 7 5 7 30 21 8 5 7 34 30 13 11 44 33 71 89 72 53 31 26 67 36 9 33 51 39 24 25 24 18 12 4 3 2 1 1 1 4
0 0 0 0 0 0 0 0 0 0 0 0 1 1 1 15 14 14 13 4 4 6 2 30 9 39 38 42 81 52 12 12 10 22 28 53 35 45 59 37 22 9 29 47 42 43 40 21 32 70 84 63 32 37 69 78 47 13 20 21 13 32 16 13 15 16 12 12 27 13 16 19 13 18 14 56 34 30 19 34 44 16 19 48 29 23 19 13 12 12 4 1 3 7 3 5
1 1 0 0 0 0 0 0 0 0 0 0 1 2 2 1 16 25 49 26 3 34 9 6 4 15 9 3 34 39 69 26 8 7 37 13 28 61 33 24 40 16 27 55 67 53 42 59 71 72 84 76 45 78 74 86 55 69 52 42 33 36 8 11 10 12 6 18 15 8 9 4 12 12 11 24 21 26 18 18 27 45 22 23 25 20 8 10 4 2 5 8 10 2 1 1
1 0 0 0 1 1 0 0 0 0 0 0 2 7 4 4 3 29 11 21 13 15 11 13 5 28 10 8 4 41 77 52 15 13 13 38 19 38 76 28 64 12 35 74 74 67 58 83 79 91 86 71 65 91 83 86 72 78 71 37 35 34 8 11 8 14 29 54 31 21 12 34 38 30 21 12 15 30 32 22 11 11 29 25 17 7 9 3 3 10 12 9 14 10 5 2
2 0 0 0 0 0 0 0 0 0 0 0 3 4 7 3 6 7 11 14 17 27 5 12 9 20 22 7 5 16 53 67 41 30 10 21 4 18 69 26 54 21 39 67 64 64 83 84 80 88 85 56 71 70 73 69 67 82 30 21 56 23 19 15 22 16 27 45 39 24 63 24 10 18 21 30 63 59 54 37 26 16 13 15 8 4 9 9 9 12 25 17 7 5 6 4
2 1 0 0 0 0 0 0 0 0 0 2 4 4 2 5 10 4 4 6 7 11 5 13 28 12 34 21 15 5 40 70 13 14 19 22 6 49 66 63 71 72 43 50 67 74 91 86 70 84 69 27 54 19 33 64 79 72 41 76 70 61 39 14 16 21 33 31 29 57 23 34 41 17 23 54 41 27 51 54 48 17 6 5 4 6 11 26 25 27 24 24 9 8 8 12
4 2 0 0 0 0 0 1 0 1 2 3 28 8 3 5 5 7 13 9 3 2 9 33 45 47 27 39 22 11 40 64 16 13 42 40 15 42 25 61 79 91 59 59 59 65 89 84 40 61 25 36 22 10 4 9 54 74 77 79 60 77 23 19 57 66 31 12 29 26 33 54 24 56 59 18 41 64 47 58 43 39 29 10 17 20 33 35 46 28 42 31 21 21 17 23
5 9 1 0 0 0 1 0 0 0 1 1 14 35 7 14 6 16 21 23 27 14 17 27 32 44 40 57 40 35 21 44 22 25 30 16 22 51 27 34 49 83 73 72 60 60 86 92 79 65 38 22 6 7 2 6 10 7 82 73 70 30 18 54 34 49 40 25 21 17 53 40 62 43 32 21 22 16 42 47 61 60 37 22 26 45 41 36 53 22 66 27 28 26 17 18
0 24 13 1 0 0 1 0 0 0 2 5 5 7 30 33 6 12 30 26 28 19 27 53 58 66 65 57 53 57 11 35 54 39 31 24 24 32 18 8 19 76 29 35 31 35 80 83 70 41 31 37 30 28 13 18 6 22 14 16 19 24 49 55 45 27 27 17 26 34 33 46 34 28 16 12 16 39 45 60 60 61 39 39 31 44 53 26 53 42 69 40 36 16 24 32
0 1 17 5 1 0 1 0 1 1 1 6 8 5 23 6 48 13 10 12 20 14 6 9 17 37 44 25 53 54 30 60 77 60 33 59 32 37 31 11 49 69 65 39 41 39 15 34 55 14 29 43 38 33 49 32 18 43 27 43 35 21 45 51 35 22 28 16 40 19 10 13 45 40 34 29 40 51 50 56 51 59 50 45 44 39 49 41 70 69 18 41 44 39 38 24
0 0 1 2 4 1 1 0 1 0 2 3 6 2 3 13 16 52 18 18 10 26 23 26 42 49 46 28 12 14 16 58 59 45 63 68 76 71 25 22 61 48 82 67 59 45 40 13 6 14 43 45 39 38 26 49 53 40 36 36 50 46 60 51 30 21 19 31 42 14 7 18 21 31 36 54 47 53 53 55 50 47 42 55 56 39 41 43 57 10 26 41 30 11 6 15
0 0 1 3 5 1 2 0 0 0 0 5 7 9 13 12 9 10 16 21 30 43 37 41 50 67 50 53 40 17 11 8 41 65 69 42 85 73 49 71 76 35 75 53 83 76 38 17 11 7 27 44 40 38 51 32 58 49 50 38 60 61 77 74 40 19 13 13 29 12 10 13 8 10 10 45 41 42 46 47 48 39 44 55 29 58 48 66 28 21 42 41 38 22 20 30
0 0 0 5 8 1 2 0 0 0 2 5 16 12 6 6 7 15 15 16 34 37 65 53 56 46 69 56 28 31 26 23 12 38 61 24 35 27 76 58 54 20 79 50 29 13 31 22 26 15 23 44 57 52 45 33 25 36 11 18 42 32 56 55 8 18 22 11 22 27 37 32 14 26 31 13 42 43 45 45 34 58 29 13 31 67 38 58 26 12 22 24 27 23 34 37
0 0 0 4 4 6 2 0 0 0 2 2 5 5 25 24 14 9 8 10 12 24 63 65 35 30 36 43 50 46 36 38 24 11 10 29 16 30 78 31 25 35 62 29 29 22 43 30 28 22 12 30 39 47 37 28 28 26 15 26 26 19 20 14 18 18 19 16 21 35 38 14 32 36 30 28 50 46 43 36 69 27 25 37 37 54 41 31 31 5 7 23 25 39 41 56
0 0 0 3 6 5 2 1 0 3 2 3 4 4 7 8 27 27 42 43 27 31 29 21 12 5 20 38 46 34 48 54 22 14 4 8 23 58 44 42 12 63 76 44 44 43 40 46 48 13 18 28 28 30 23 31 29 13 22 11 20 9 18 40 38 15 23 25 34 33 33 30 18 46 25 29 41 31 39 60 33 27 37 26 45 21 41 47 51 25 17 22 36 39 25 55
0 0 0 4 7 5 2 2 3 1 2 2 6 15 13 32 26 36 43 32 30 47 27 19 23 22 7 16 26 17 19 16 12 23 25 27 46 36 51 32 35 44 62 64 57 46 22 24 28 11 10 33 44 54 55 41 29 18 33 51 49 33 25 32 16 9 45 44 27 25 20 76 65 45 36 23 23 25 30 51 23 34 33 14 34 29 45 55 37 54 37 44 35 51 44 50
0 0 0 0 18 14 5 1 1 1 2 10 12 55 34 64 38 20 32 48 49 46 51 29 21 22 19 11 16 18 10 13 21 32 37 40 18 23 32 33 29 11 20 45 49 28 8 13 13 13 21 26 25 26 23 25 32 14 56 56 39 43 16 15 21 15 40 82 77 58 47 39 71 78 50 33 32 36 50 33 8 43 15 26 31 50 22 24 29 40 57 47 72 47 25 28
0 0 0 0 4 8 5 2 1 2 1 8 7 15 49 44 53 61 47 50 42 30 48 25 14 12 7 5 4 6 14 17 28 31 17 35 35 32 27 19 9 18 36 12 47 40 33 29 22 10 11 12 13 41 36 36 31 11 16 24 29 25 43 29 38 41 25 65 73 69 22 43 50 34 70 64 30 33 37 31 43 53 23 73 51 43 39 49 40 46 61 65 37 32 27 14
0 0 0 0 0 16 22 3 2 2 4 5 5 9 8 8 5 10 31 44 44 40 50 55 31 19 23 17 9 5 11 4 8 15 15 27 30 21 28 12 7 26 17 20 46 33 34 27 25 14 12 13 15 34 52 10 19 21 39 38 31 53 48 57 66 40 45 31 64 46 57 30 30 37 36 59 51 58 47 55 30 44 48 67 55 62 54 31 39 81 54 29 48 35 39 34
0 0 0 0 0 3 8 1 1 1 2 4 15 14 30 25 13 6 16 41 49 68 72 70 62 25 15 6 3 5 6 2 2 3 9 9 17 19 14 15 18 24 10 33 9 6 15 17 19 16 19 25 17 33 28 28 25 40 49 20 45 44 28 33 86 52 46 26 12 60 74 41 51 25 57 72 59 79 63 56 49 46 27 56 78 59 67 60 58 71 68 45 57 59 60 38
1 0 0 1 0 0 7 3 1 2 1 11 7 14 33 21 17 40 20 50 78 60 39 47 52 28 21 19 7 1 6 8 11 6 3 7 19 18 4 11 29 35 33 33 12 8 14 32 32 34 20 40 33 37 29 25 26 18 18 49 37 20 19 30 29 61 40 34 17 31 54 83 75 32 14 54 33 70 26 16 47 77 16 43 18 53 56 78 82 71 82 59 59 63 61 59
0 1 0 0 0 1 5 20 2 4 5 8 6 6 6 20 50 44 34 18 18 50 61 46 44 35 45 50 26 11 10 21 16 14 15 5 5 10 9 14 15 25 26 27 21 18 33 38 25 23 26 19 34 30 28 37 48 58 39 21 44 26 18 52 24 48 53 31 19 16 49 68 69 56 33 42 12 62 41 23 5 44 40 40 40 69 38 45 23 18 57 42 49 80 64 77
0 0 1 1 0 1 6 1 1 1 4 9 19 8 13 31 39 39 36 30 22 8 46 73 57 50 44 47 49 21 20 28 14 16 27 31 10 4 4 11 21 20 13 40 25 25 20 50 50 30 40 18 31 59 77 71 47 33 30 30 33 67 45 16 52 23 50 44 29 9 50 57 52 67 29 42 15 60 74 29 16 56 22 39 34 11 47 36 15 28 78 49 29 64 81 81
2 0 0 2 0 1 8 1 1 1 1 6 15 9 5 17 27 39 39 50 42 34 15 33 41 39 15 16 35 20 16 17 12 9 13 19 12 8 6 14 13 8 9 9 30 33 23 32 24 15 14 44 30 22 22 17 22 17 32 43 32 48 57 27 27 51 11 59 44 13 32 63 44 64 36 35 19 63 32 31 9 73 42 31 45 33 20 35 27 38 63 78 36 37 70 73
4 1 0 0 1 1 5 1 1 0 1 1 8 5 6 13 15 19 46 63 60 37 25 11 9 5 14 9 3 4 14 2 4 10 16 10 12 17 13 9 21 20 26 21 31 34 25 25 18 20 37 46 45 58 35 51 50 43 29 49 24 31 42 43 25 70 41 48 69 28 16 34 64 36 64 30 23 60 47 67 54 59 82 46 42 38 17 46 33 19 42 82 50 25 25 67
9 1 1 0 2 1 5 4 1 2 0 1 1 6 14 11 29 25 39 44 47 34 20 27 14 15 14 6 1 2 7 6 5 7 7 10 16 14 8 13 28 25 24 22 13 25 30 26 23 54 41 62 48 45 44 64 64 52 50 55 43 47 28 42 24 61 53 31 67 51 11 34 52 35 74 36 42 36 47 39 65 43 78 60 24 40 37 63 29 18 20 58 51 25 43 36
5 3 1 1 1 0 3 1 2 2 2 0 4 6 6 10 20 25 32 37 36 37 30 25 38 25 26 13 4 2 2 1 1 7 7 4 15 13 6 5 18 18 14 11 22 15 15 16 11 37 59 60 60 45 29 41 70 41 61 60 60 62 32 15 19 19 39 25 42 55 30 24 23 68 54 46 66 38 49 72 61 37 49 75 36 38 21 21 19 26 24 62 48 50 32 12
15 7 4 1 1 2 1 0 2 0 1 4 2 12 10 9 44 39 63 60 46 68 47 47 22 24 25 24 17 2 1 2 12 10 24 22 16 24 20 14 18 16 15 13 12 11 13 20 18 16 15 25 19 36 51 65 74 37 88 77 31 68 47 51 50 23 13 8 26 40 22 36 21 48 14 45 80 66 41 56 66 62 50 82 28 33 28 18 20 9 28 46 47 23 16 17
6 9 11 4 2 3 1 0 2 0 2 2 2 11 15 17 10 27 22 11 22 10 16 26 42 51 28 29 37 9 3 21 18 21 9 7 15 11 10 32 28 9 19 29 25 22 36 40 24 41 45 22 36 59 51 65 52 68 66 70 37 61 71 48 60 70 63 37 15 40 42 57 49 34 34 50 72 74 54 50 51 57 44 76 71 45 10 12 14 24 40 48 61 29 14 8
1 2 6 7 11 2 3 1 1 0 2 2 1 8 30 36 29 17 35 25 17 29 25 38 61 36 40 42 42 35 15 63 26 10 14 8 29 32 31 39 59 29 42 41 39 43 27 40 33 38 43 30 19 45 25 32 69 74 60 62 68 75 80 72 29 63 59 55 34 20 24 45 13 31 37 48 67 51 68 63 43 29 35 78 68 41 41 11 17 32 25 52 47 45 33 21
8 1 1 3 2 3 2 1 2 5 7 4 3 8 8 6 9 21 11 49 29 35 38 41 40 39 55 42 44 32 34 65 23 26 22 17 25 30 33 52 58 32 39 48 39 43 16 22 48 30 31 38 18 11 12 11 47 59 68 74 71 66 70 83 58 40 52 42 30 14 6 11 20 19 33 50 58 74 53 30 20 18 72 62 66 36 25 24 13 20 30 51 20 12 14 40
29 10 3 2 5 2 3 1 3 8 4 4 11 5 28 6 4 11 16 39 53 51 17 25 31 45 48 25 56 49 60 41 38 41 14 10 15 32 65 61 25 27 29 58 60 44 23 22 19 52 35 30 41 30 15 8 18 19 18 44 39 39 60 75 71 44 18 7 8 12 8 8 12 16 26 26 59 50 36 18 6 14 64 50 62 51 26 23 7 26 37 60 55 44 19 9
7 14 9 3 7 4 1 0 2 2 1 11 6 8 38 5 12 9 32 51 32 22 7 34 19 8 37 20 56 64 54 54 55 27 14 26 39 40 64 45 30 49 31 34 55 28 26 32 16 40 30 21 35 18 29 19 18 26 27 9 17 33 37 48 50 24 18 28 22 31 16 10 12 16 18 10 34 24 27 12 9 4 19 14 29 57 26 30 8 34 54 43 33 30 34 12
8 2 2 5 4 9 2 1 2 2 1 7 6 14 6 31 20 25 20 19 24 7 30 27 23 14 30 23 49 38 40 36 45 18 34 42 49 38 52 42 37 47 37 34 52 29 33 32 23 58 41 31 45 42 36 29 45 43 51 32 21 24 9 16 7 8 24 37 37 36 32 16 12 7 8 9 15 15 12 9 9 5 5 6 16 24 8 21 7 24 49 47 26 15 62 42
6 8 9 3 3 2 2 2 2 2 2 1 8 16 5 42 38 15 26 17 29 13 15 26 24 28 59 41 49 30 40 46 18 37 40 59 45 40 67 29 42 55 31 43 49 63 26 46 26 56 43 46 43 58 32 42 41 54 43 48 44 49 23 18 19 12 35 26 28 17 8 6 27 13 8 4 6 12 7 5 4 2 3 10 12 11 10 13 7 51 58 62 60 19 5 11
3 7 6 7 4 5 4 2 1 2 5 4 26 34 23 4 30 24 17 31 33 18 27 49 35 33 60 30 23 13 20 27 33 66 42 37 45 18 50 30 42 38 46 42 31 37 38 48 57 59 56 57 46 52 48 59 63 44 53 42 60 34 22 40 12 21 22 29 13 10 16 33 26 22 19 19 4 3 7 5 5 6 3 11 6 5 20 5 14 47 45 46 72 31 32 6
14 6 5 7 4 1 2 4 2 2 2 4 2 16 18 5 8 23 14 25 17 16 24 48 38 63 42 31 18 18 29 57 28 37 60 44 32 40 51 21 42 38 22 28 28 49 20 33 33 13 32 19 40 55 64 66 74 59 34 52 40 43 37 26 56 19 25 25 29 54 37 25 12 12 14 16 15 17 15 15 16 14 5 4 4 10 23 11 22 32 14 32 75 46 48 24
14 17 13 12 6 2 1 3 5 6 5 3 2 12 8 10 19 13 16 18 21 24 19 18 25 17 24 31 28 38 34 50 22 33 57 35 28 30 23 34 37 38 29 42 55 43 22 47 63 38 54 44 62 70 59 43 50 62 57 42 50 48 63 46 57 44 40 38 55 14 8 10 11 5 3 4 14 11 15 17 15 11 8 3 3 10 24 8 9 5 9 35 81 33 51 38
2 3 5 12 18 19 8 3 9 21 18 9 7 3 2 17 12 9 35 41 59 55 55 33 57 22 20 33 41 31 39 25 22 38 57 43 33 25 21 29 37 71 46 28 44 46 53 25 57 68 77 61 71 82 67 44 57 46 35 36 35 39 65 43 44 53 45 52 18 16 19 23 37 19 17 10 4 12 18 25 18 3 2 4 2 8 15 9 7 8 10 65 63 25 35 73
3 2 2 8 12 13 24 22 11 7 12 4 2 2 2 6 14 21 30 27 50 74 65 37 37 54 66 59 52 27 69 43 37 35 40 37 23 24 45 37 51 14 39 67 32 55 60 45 35 71 71 77 40 67 59 58 47 63 54 52 50 55 22 50 59 62 62 24 27 26 36 52 35 35 41 18 7 16 23 21 5 2 2 5 2 8 3 3 8 10 24 65 32 49 26 68
15 13 5 4 12 5 7 14 6 10 4 4 4 2 10 4 16 16 35 44 22 58 60 76 80 81 71 75 64 37 53 44 32 39 50 63 53 71 76 62 61 66 49 77 40 49 75 71 29 26 16 67 67 37 63 43 30 79 67 61 35 47 54 59 62 62 46 48 45 53 41 21 29 24 21 15 26 15 7 8 2 2 1 2 2 5 3 3 4 5 11 45 17 30 7 24
10 20 14 8 9 6 2 3 2 1 2 2 2 3 6 4 1 8 44 68 33 12 52 82 65 80 66 80 81 85 77 81 79 80 56 71 23 66 80 55 66 83 49 71 78 44 70 43 77 54 29 78 61 54 59 52 80 80 45 68 40 23 43 46 42 50 39 26 22 27 24 25 15 21 20 28 25 13 2 1 2 1 1 2 1 1 2 4 4 12 22 38 10 13 10 8
7 12 39 5 31 34 13 13 7 7 5 8 9 14 12 5 11 11 10 48 35 10 9 29 28 23 56 67 73 76 74 69 76 73 53 66 72 61 64 75 48 80 77 42 65 57 73 45 67 81 47 51 55 33 25 72 63 61 45 62 60 30 35 34 56 46 46 51 49 46 47 27 33 23 36 29 10 4 2 1 0 0 1 1 1 1 2 2 3 6 20 20 3 4 6 7
16 10 6 34 41 48 31 35 27 21 6 16 24 23 9 10 20 13 28 9 4 5 18 9 12 25 49 44 51 64 67 72 46 56 52 71 69 68 70 70 60 68 64 58 61 62 68 73 26 60 48 23 63 15 34 69 53 21 55 25 31 71 23 25 41 42 52 52 51 41 34 33 35 56 45 24 9 3 0 1 1 0 0 0 1 0 1 1 2 3 8 5 4 1 6 10
5 15 26 26 32 41 15 17 41 11 23 9 17 25 8 19 20 15 29 42 29 24 16 16 15 20 8 11 15 17 15 15 24 31 16 13 18 16 15 17 14 18 16 27 28 20 23 68 49 33 67 21 38 32 37 47 14 15 28 29 63 57 36 28 40 49 51 36 30 51 62 52 48 38 23 16 5 1 0 0 0 0 0 0 0 0 0 0 1 1 2 3 2 1 2 3
23 33 41 35 21 11 17 16 35 6 27 16 13 24 15 23 21 18 25 10 14 37 29 18 34 26 15 18 28 34 24 23 50 44 35 38 23 27 30 33 32 36 46 36 44 30 41 18 17 15 31 27 26 30 30 17 27 43 43 48 57 37 26 34 46 42 47 54 62 60 59 34 14 9 4 3 0 1 1 1 0 0 0 0 0 0 0 0 0 0 1 1 1 1 0 1
50 63 51 22 16 8 12 19 10 18 7 10 5 20 5 13 13 9 9 40 28 9 16 13 23 16 7 32 23 20 33 33 15 12 12 27 21 19 28 20 28 44 43 27 22 33 24 38 26 21 9 8 4 3 7 14 33 35 40 42 19 20 26 41 42 35 28 22 34 44 43 32 13 6 2 1 3 2 4 3 1 1 0 0 0 0 0 0 0 0 0 0 0 1 1 1
15 18 15 37 22 12 10 3 4 7 6 14 9 19 8 13 22 6 5 5 32 35 27 25 16 16 12 16 30 38 22 8 18 12 14 18 21 28 30 32 25 23 27 15 13 11 12 12 21 27 31 37 12 7 10 12 18 25 26 15 15 27 26 50 37 21 27 20 16 14 8 9 9 3 2 4 6 4 1 1 0 0 0 1 2 2 2 1 1 0 0 0 0 0 0 0
23 20 28 10 3 3 6 2 13 1 6 4 3 4 12 4 6 16 17 13 16 46 38 26 26 11 14 30 41 10 10 16 11 23 20 11 12 18 17 18 16 15 27 26 31 24 23 29 36 25 23 22 17 14 19 18 19 19 23 24 6 25 26 33 51 45 39 40 20 12 4 3 1 3 4 7 15 6 2 1 1 1 1 3 2 2 3 3 3 1 1 1 0 0 0 0
37 31 20 14 9 3 4 4 6 1 7 6 3 3 3 4 10 16 17 4 17 35 42 35 33 8 34 48 21 7 12 9 18 13 17 15 17 21 19 22 10 23 28 28 18 24 29 25 23 16 18 9 32 24 41 34 24 19 14 11 15 20 26 18 60 63 29 38 25 18 7 6 2 5 11 15 5 1 2 3 3 4 3 5 7 5 8 4 4 3 2 2 1 1 0 1
18 11 15 9 3 11 34 44 21 10 18 8 1 0 2 2 2 4 4 11 26 29 12 24 26 32 42 59 29 15 19 18 19 36 23 28 24 29 14 15 27 35 28 32 31 41 33 14 28 13 23 29 32 25 43 25 45 12 18 9 27 46 19 50 70 46 39 18 12 10 4 2 3 7 13 10 3 5 5 7 12 9 11 18 16 12 11 7 11 9 5 7 3 1 1 1
10 12 4 4 20 52 37 28 44 53 9 20 8 1 1 3 6 7 8 20 34 23 22 48 28 48 38 11 12 8 15 27 17 27 54 27 27 33 35 39 30 32 28 26 28 22 36 25 22 27 35 32 35 32 40 31 45 30 15 7 13 34 43 56 42 45 21 17 13 4 4 4 7 3 14 5 11 10 21 21 31 19 22 32 26 15 22 21 19 9 8 8 4 3 5 5
4 6 6 8 10 39 48 49 68 51 34 23 36 21 7 4 4 3 17 17 5 8 18 39 20 9 15 18 31 37 27 19 45 19 43 43 41 55 35 37 18 37 16 12 15 22 24 41 36 32 29 52 20 31 45 41 18 15 19 14 4 20 17 20 26 39 25 28 12 2 10 8 13 11 48 17 20 20 34 31 45 28 34 47 27 24 39 45 31 23 12 10 9 15 12 6
5 2 6 14 2 5 5 4 51 52 47 59 53 23 29 19 7 3 8 4 12 8 15 16 19 28 33 31 31 37 32 23 28 37 32 45 31 35 36 49 58 26 30 28 10 14 19 18 31 39 41 39 29 13 44 11 22 35 15 15 6 8 11 8 6 5 11 5 3 10 32 16 21 21 58 25 41 45 62 64 79 68 76 76 64 49 49 47 68 58 24 18 16 15 35 13
2 5 4 3 2 5 9 14 7 20 15 47 44 22 32 38 29 25 26 10 4 11 5 11 21 37 37 16 12 20 15 19 21 26 32 29 28 32 31 48 52 66 38 17 53 38 41 19 30 25 15 31 15 31 27 25 23 16 23 16 9 27 32 17 10 5 4 9 17 19 31 41 29 45 59 60 62 50 60 75 60 55 72 67 61 58 53 48 57 50 37 28 41 45 46 27
8 4 5 14 16 11 41 23 22 4 46 58 27 54 48 50 59 39 25 18 11 9 7 7 24 16 10 11 11 6 8 6 8 13 28 29 15 23 41 52 42 47 51 48 6 40 38 39 39 25 21 35 38 26 12 11 17 33 20 15 10 38 22 14 6 14 12 20 42 44 38 70 57 73 56 66 68 56 65 57 27 46 60 38 20 19 34 14 38 49 33 35 31 31 29 53
28 33 39 27 56 14 7 9 33 20 39 60 42 82 64 57 82 55 33 31 25 26 9 8 9 6 15 9 10 8 13 5 15 29 10 11 27 24 25 17 22 40 49 67 50 30 47 32 38 33 30 19 15 45 58 32 31 25 18 20 30 26 29 12 13 24 42 26 38 57 47 54 61 56 73 40 48 39 57 45 12 18 24 35 15 3 4 8 37 30 32 42 11 16 9 33
1 36 41 34 46 60 58 45 17 10 12 66 69 74 66 71 81 69 56 73 51 63 31 17 1 6 2 10 4 2 14 3 6 12 6 15 7 15 10 12 42 40 33 26 36 20 39 35 23 38 21 19 25 13 19 36 30 15 10 23 39 38 31 19 32 50 51 37 43 74 63 62 34 41 58 66 13 10 9 20 17 12 5 6 24 15 3 2 10 6 5 7 16 15 5 14
17 33 46 60 58 71 59 65 65 22 25 43 57 80 77 72 83 53 70 68 68 59 30 39 19 5 4 2 3 6 30 26 3 12 4 7 7 14 11 18 29 19 9 20 38 73 45 35 18 19 13 30 30 25 7 7 8 5 30 28 27 60 37 28 39 61 61 62 61 64 42 20 12 38 27 17 38 6 6 22 16 9 11 6 3 19 5 3 2 3 1 8 4 15 6 2
