sesion_6_simulaciones/modelos_agentes/ejemplos_netlogo/scenarios/cgcm2_b2/rob_2080.asc
NCOLS 322 
NROWS 307 
XLLCORNER 451900 
YLLCORNER 4086900 
CELLSIZE 100 
NODATA_value -9999 
[rows 148 to 221 of 307, columns 0 to 95 of 322]
0 2 1 1 2 4 3 2 1 0 1 20 11 11 12 13 25 14 10 16 4 5 1 0 0 0 0 0 0 0 0 0 0 0 0 0 0 0 0 0 2 3 3 2 5 3 8 8 5 11 6 8 20 5 13 21 20 10 5 24 31 33 26 20 31 42 49 24 30 60 60 48 28 37 61 75 25 21 21 35 33 29 13 21 58 45 17 11 40 36 30 33 56 51 30 56
1 3 2 3 5 6 4 8 7 2 3 9 14 22 28 42 46 18 18 19 16 12 1 4 0 0 0 0 0 0 1 0 0 0 0 0 0 0 0 1 1 1 0 2 4 27 11 9 3 5 4 11 13 13 3 4 4 2 19 14 13 44 25 17 27 51 44 43 45 61 30 13 12 47 34 36 62 14 18 41 39 21 30 24 12 54 26 16 12 22 10 45 28 57 39 17
0 0 1 7 3 10 9 2 4 10 4 7 46 47 49 23 54 39 33 43 18 3 2 1 1 0 0 0 0 0 0 1 0 1 1 1 0 1 1 1 0 1 1 9 18 10 6 5 4 4 5 6 7 8 17 13 16 16 19 19 32 42 20 17 46 43 54 66 41 8 49 28 26 45 69 25 33 9 3 11 24 27 21 36 17 21 47 32 15 21 14 10 20 23 32 13
0 0 0 0 1 1 1 1 2 1 5 2 10 39 44 36 70 64 52 4 1 1 4 2 7 4 1 0 0 0 0 0 4 3 3 5 8 1 0 1 2 4 13 11 3 4 2 5 3 3 8 7 8 7 9 8 20 21 23 26 45 33 31 19 44 70 47 38 75 31 13 51 54 30 40 13 25 45 21 10 12 22 27 15 24 13 20 50 38 21 18 10 8 21 28 24
2 0 0 0 0 0 1 1 2 2 2 8 5 3 2 2 3 3 5 5 2 9 7 6 19 2 9 1 1 1 1 1 3 0 0 0 1 7 0 0 3 1 3 6 6 11 12 19 8 4 8 8 12 10 3 11 14 39 19 36 44 47 61 85 79 60 53 30 38 82 34 28 28 37 23 6 12 12 46 27 14 16 31 26 16 22 16 20 45 18 14 13 4 5 15 14
2 2 1 1 1 0 1 2 0 1 4 4 4 8 5 6 4 9 12 19 36 16 38 13 8 4 3 2 1 5 3 0 0 0 0 0 0 0 2 0 0 16 1 3 5 3 2 4 11 6 12 17 17 14 4 10 15 27 49 38 71 56 70 73 70 76 63 17 35 62 70 48 34 20 32 21 16 12 28 16 26 18 18 29 20 18 15 15 55 33 10 8 11 4 14 18
8 3 8 4 3 3 4 1 1 1 1 2 3 13 15 5 2 8 26 28 45 65 31 47 17 8 16 12 4 4 22 6 2 0 1 1 1 1 1 3 0 10 2 2 7 1 2 4 3 17 21 31 43 31 29 16 21 28 56 50 33 28 69 73 71 60 67 44 35 51 76 23 36 20 15 13 25 8 23 43 18 27 25 14 14 12 14 11 21 15 27 10 6 4 3 6
18 13 19 6 12 5 4 7 1 1 2 1 9 7 3 11 9 7 6 34 51 42 28 39 23 10 17 11 5 1 5 35 19 8 5 1 2 2 2 3 1 10 23 4 7 5 2 3 3 7 7 10 23 6 8 36 19 41 28 15 14 17 22 51 44 16 24 15 45 58 57 50 28 24 32 11 12 17 18 32 29 17 24 20 12 12 11 11 11 11 13 17 11 6 4 3
6 19 10 25 34 15 4 21 2 1 1 2 2 2 8 10 6 14 9 5 9 35 42 8 11 26 6 22 8 1 1 2 12 29 17 5 3 2 2 3 3 14 26 3 5 5 5 7 10 13 14 21 14 15 17 16 29 51 36 34 40 39 16 12 6 24 22 22 17 30 32 55 60 33 17 11 13 17 22 28 31 47 13 18 10 9 8 4 7 12 10 3 17 6 2 3
36 56 27 48 31 6 17 41 5 4 4 1 7 21 19 7 17 12 14 6 8 10 7 35 13 3 5 24 28 4 4 3 2 27 32 19 17 11 10 13 12 6 31 24 5 3 5 8 9 11 18 37 14 25 30 17 9 25 34 28 26 20 9 17 19 6 3 14 37 40 43 58 28 34 17 16 20 19 31 23 27 22 27 11 9 8 4 3 4 4 8 5 7 7 3 1
22 62 15 62 14 39 32 44 3 8 9 3 3 3 11 12 15 42 38 48 10 6 10 13 8 6 9 40 7 42 8 17 12 32 9 20 18 48 14 11 17 8 30 30 31 5 4 4 11 8 11 8 8 18 25 11 22 57 55 65 24 34 42 34 31 13 12 21 28 31 30 42 33 20 33 9 18 28 26 29 17 13 17 16 5 4 2 1 2 4 5 6 5 5 5 4
5 52 31 44 47 52 47 8 12 21 16 7 6 5 5 4 6 17 20 50 25 5 9 14 40 30 24 33 7 42 40 9 11 19 45 47 34 52 68 22 17 5 11 30 29 17 13 6 14 3 3 5 22 21 12 11 19 17 13 18 13 26 46 41 41 28 29 30 23 29 30 29 21 30 10 16 14 21 13 10 11 9 7 10 14 9 5 9 5 3 2 3 5 5 3 2
6 5 4 38 52 49 11 13 38 15 27 38 18 13 5 7 13 13 22 11 21 39 34 9 33 33 36 40 45 16 72 61 22 7 30 73 64 42 30 50 44 7 17 41 49 53 12 8 9 10 6 7 41 15 69 59 61 44 77 58 38 20 26 27 29 27 30 34 30 18 20 30 25 28 14 22 11 12 12 15 8 7 7 12 6 5 7 7 3 5 5 2 2 3 1 1
5 30 17 13 8 28 19 52 54 27 26 32 9 20 4 12 8 10 20 15 21 23 23 9 47 53 45 67 57 43 65 78 65 35 27 7 23 43 27 11 17 9 5 70 64 51 32 31 18 38 62 73 56 29 28 58 43 25 28 47 47 33 39 30 29 23 23 40 31 15 18 18 23 22 15 17 14 15 9 9 6 7 2 5 5 3 5 4 2 2 2 2 1 1 1 1
12 16 11 28 24 10 44 75 55 64 6 25 41 34 54 16 34 11 9 10 12 6 30 56 77 48 73 80 61 62 37 51 72 42 39 17 45 62 73 82 65 30 16 23 70 49 30 75 31 32 61 60 66 31 18 69 78 42 31 21 59 62 21 49 33 31 22 26 24 19 23 20 18 14 13 15 13 10 9 4 3 3 4 4 5 2 3 2 1 1 1 1 0 0 0 0
8 10 35 16 15 5 33 64 41 69 15 26 57 44 64 33 15 23 16 28 33 40 11 45 62 68 78 79 51 77 60 78 71 73 69 71 61 71 76 64 11 45 50 18 7 46 36 54 34 32 57 53 56 59 28 35 68 86 52 39 49 27 30 29 35 48 46 38 25 15 27 14 11 10 8 5 9 4 2 2 2 3 3 2 2 1 1 1 1 1 1 2 2 2 2 2
9 6 3 12 20 22 8 73 16 18 18 32 38 6 30 41 19 21 18 53 53 24 26 15 55 81 75 80 55 85 69 73 70 61 72 71 82 76 74 79 72 44 13 11 4 6 46 45 28 10 19 58 65 67 66 75 79 77 84 41 26 34 31 39 36 40 49 23 18 29 14 10 9 9 4 2 2 2 4 5 6 3 2 1 2 4 6 5 9 2 4 11 5 9 8 5
3 7 19 16 10 7 9 26 32 30 52 48 56 55 20 45 23 43 10 10 28 66 35 23 10 31 38 66 66 34 12 16 11 27 27 35 75 60 63 75 72 56 35 11 4 6 39 37 27 21 15 15 36 70 72 63 47 49 77 68 31 22 31 32 40 37 20 29 18 7 8 11 9 6 5 3 2 2 2 2 4 6 5 8 13 20 19 20 11 8 10 20 18 27 26 10
5 4 6 6 14 10 14 14 15 14 29 61 62 68 12 10 20 50 50 26 24 19 41 13 22 30 21 26 13 19 34 23 36 33 57 35 28 24 21 22 18 31 20 9 8 10 26 29 43 21 24 22 4 37 31 44 48 56 39 51 49 26 53 53 44 26 25 15 15 12 10 10 4 2 5 5 2 1 2 5 20 23 15 25 29 33 29 40 28 30 56 57 32 46 26 16
2 3 6 18 19 22 22 17 20 20 31 6 10 13 22 28 16 14 56 57 48 24 30 9 25 46 42 35 21 24 43 52 25 55 28 22 22 29 30 29 17 11 15 13 23 22 46 41 40 34 20 10 13 15 17 44 19 14 12 39 23 33 34 21 32 17 11 16 14 6 6 3 4 4 6 6 8 2 18 20 35 35 34 41 41 62 58 43 41 49 21 9 15 13 14 36
4 6 17 8 11 15 17 11 22 42 11 13 32 30 15 32 5 8 11 23 26 21 16 17 28 21 33 27 52 15 43 29 25 32 22 21 30 52 21 48 26 13 10 8 8 15 22 41 30 30 17 29 29 19 28 24 25 22 26 38 55 50 30 10 16 15 12 5 7 4 4 23 22 12 12 19 7 13 30 52 63 49 49 73 66 62 62 45 56 53 26 8 4 4 8 25
13 33 31 41 13 13 14 11 22 30 16 18 29 27 22 11 15 15 35 33 19 22 32 18 25 23 17 32 19 19 32 27 31 26 18 21 16 36 16 47 31 22 15 5 3 2 12 17 66 56 29 24 57 28 15 35 45 61 54 42 52 29 19 12 14 10 3 4 11 10 23 33 41 18 25 32 17 35 56 58 70 83 52 80 64 61 50 51 46 41 28 21 5 3 3 5
4 4 3 4 6 6 22 16 29 14 19 10 17 36 11 4 10 17 17 15 8 6 6 17 24 18 12 17 20 25 25 29 14 20 15 6 26 16 28 44 22 24 36 16 16 7 5 18 23 43 27 39 31 14 19 33 35 30 25 16 14 10 5 3 3 1 10 22 35 26 43 53 52 35 49 37 22 42 61 61 84 70 56 51 36 8 9 32 14 19 14 7 7 2 1 9
5 9 7 14 10 17 8 14 18 17 6 8 14 17 22 21 28 11 11 11 14 4 7 22 43 31 18 14 21 12 11 28 61 25 16 12 24 14 48 12 32 17 24 22 12 6 10 13 9 19 28 24 11 20 19 17 49 19 12 10 6 18 18 28 11 20 31 48 44 41 42 57 41 41 50 45 34 46 62 72 74 58 39 34 23 12 11 11 20 7 6 6 3 2 1 2
3 4 5 10 18 4 5 6 7 12 11 7 22 17 46 24 18 32 24 18 43 17 22 21 36 40 16 33 10 17 25 18 49 50 29 18 19 32 29 11 12 11 18 23 8 16 10 6 7 11 13 20 18 19 22 20 12 5 6 23 21 38 37 37 27 28 45 50 64 60 43 58 58 61 47 61 55 58 61 65 58 73 47 31 17 19 13 6 30 13 5 2 1 2 2 3
4 3 5 7 3 4 4 9 15 10 15 21 19 14 13 14 56 53 25 27 29 23 33 14 20 31 36 22 10 12 10 13 18 15 24 36 8 13 34 26 18 24 16 11 19 13 13 13 8 12 15 18 30 24 15 12 16 23 31 50 40 38 52 41 32 47 49 48 62 45 52 61 74 42 49 53 61 67 79 56 29 24 28 35 25 16 9 6 5 6 3 2 2 1 2 2
3 5 6 4 2 18 15 9 29 44 48 41 38 50 20 12 16 39 29 40 7 21 41 14 19 16 23 34 19 36 21 17 13 14 28 42 14 26 29 33 28 5 6 11 9 13 6 6 12 17 17 32 26 19 26 17 25 28 49 43 38 38 50 39 34 42 50 35 62 54 40 68 53 40 48 70 61 66 27 81 58 59 29 20 24 17 11 12 4 2 1 1 1 0 1 0
2 3 4 3 2 2 5 12 15 26 32 53 43 38 50 12 23 22 13 12 15 34 39 18 8 10 6 15 9 14 11 13 21 18 32 27 13 26 32 29 19 9 4 4 8 9 11 23 12 13 26 20 16 35 21 20 31 49 48 51 43 41 44 32 35 59 58 44 61 56 56 57 76 72 59 61 71 66 27 26 54 63 45 36 15 10 11 12 6 3 2 1 1 1 1 1
2 2 11 2 9 2 4 5 12 17 5 7 6 7 13 22 22 20 48 16 24 37 16 21 4 19 6 19 8 6 11 14 14 12 18 15 17 17 23 24 17 8 3 7 9 10 14 16 16 16 19 34 23 19 18 33 43 40 38 41 38 28 45 44 45 62 55 60 61 85 71 64 60 72 23 23 17 55 57 36 22 45 29 19 14 10 12 4 2 5 3 1 1 1 0 0
2 8 6 24 2 26 23 2 9 6 14 7 22 14 18 15 18 12 13 15 8 20 7 10 7 5 5 8 4 10 12 9 9 11 13 8 12 8 13 20 14 11 13 17 25 10 20 11 26 35 31 47 33 20 31 35 37 47 27 34 53 39 50 55 44 61 50 72 32 51 82 79 76 64 74 54 38 17 13 30 24 17 36 28 24 18 14 22 8 2 2 1 1 1 0 0
18 7 3 8 21 8 4 8 8 8 5 11 7 7 22 10 11 2 10 14 12 4 7 8 5 3 4 1 3 2 3 6 6 20 5 6 7 9 9 4 7 15 6 9 8 16 7 17 28 40 35 34 29 29 26 46 36 43 40 35 43 49 40 44 57 64 42 44 78 31 76 79 57 77 78 81 63 58 56 42 38 30 12 7 15 22 12 14 5 3 2 1 1 1 0 0
10 47 9 21 3 5 4 7 4 3 12 3 6 16 26 34 40 10 8 19 7 5 2 3 7 2 2 2 2 1 2 5 6 8 3 5 5 4 14 11 7 14 7 32 14 16 17 14 30 35 23 22 24 24 23 28 48 41 35 57 51 63 41 38 54 20 37 39 36 50 37 72 45 61 78 81 80 88 71 57 58 68 67 43 14 11 12 11 6 3 2 1 1 0 0 0
3 8 5 6 10 10 4 3 3 4 8 4 17 5 5 7 5 10 8 10 16 3 7 5 4 2 2 1 1 2 2 4 3 3 4 2 4 8 12 9 6 5 14 29 6 22 16 17 20 38 14 18 20 21 22 26 38 45 33 44 59 32 34 69 72 63 41 32 18 7 18 21 37 36 67 75 69 74 78 60 77 64 56 24 17 19 16 10 10 4 2 1 1 0 0 0
2 3 9 7 6 7 4 2 1 4 0 1 3 5 24 13 22 6 6 6 8 3 2 4 3 2 3 1 1 1 2 2 2 4 1 1 2 9 5 5 3 6 6 13 12 10 13 15 18 15 9 17 13 14 23 16 35 46 49 48 46 63 22 8 8 12 19 38 34 27 14 13 7 22 37 62 53 75 85 48 66 81 54 37 26 14 12 12 7 3 2 2 1 1 0 0
1 9 5 3 3 3 2 1 1 1 1 2 1 5 7 5 8 6 6 7 3 6 1 4 2 2 3 1 1 1 1 1 3 2 3 4 5 9 1 1 4 6 6 9 8 6 7 8 10 7 15 25 19 26 25 23 39 30 33 21 27 61 17 18 37 53 60 47 49 38 33 47 18 7 14 50 45 71 82 70 53 52 48 35 21 19 18 11 8 6 4 3 2 1 0 0
1 2 3 3 3 2 2 1 0 0 0 1 2 1 2 4 4 4 1 1 1 1 1 1 1 3 1 1 1 1 0 1 2 1 0 1 2 3 2 3 4 4 9 9 3 4 7 6 10 12 27 56 36 59 57 73 52 39 44 24 17 6 64 37 14 53 67 46 50 55 58 42 23 22 11 12 15 36 71 45 33 17 13 24 8 16 7 6 6 7 5 3 2 1 1 0
2 0 1 2 0 1 0 0 0 0 0 0 0 1 2 1 1 1 1 1 1 0 0 0 0 1 0 1 1 0 0 0 0 1 1 0 2 1 1 2 4 13 33 53 22 24 15 12 12 7 58 20 66 59 39 49 30 31 45 60 16 14 16 77 25 29 40 66 45 40 64 70 76 47 35 15 8 4 6 6 9 8 6 16 16 5 5 2 2 6 2 3 1 1 0 0
0 0 0 0 0 0 0 0 0 0 1 0 0 0 0 1 1 1 1 0 0 0 0 0 0 0 0 0 0 0 0 0 0 1 7 7 9 15 24 30 33 46 18 55 35 41 46 5 20 44 17 17 52 42 52 56 35 62 67 45 38 25 11 52 69 24 8 35 64 74 62 60 37 36 45 41 18 7 10 3 8 9 8 5 13 12 3 3 2 2 2 1 1 1 1 0
0 0 0 0 0 0 0 3 7 1 1 1 4 0 0 0 0 0 0 0 0 0 0 0 0 0 1 1 1 0 0 0 0 0 1 5 10 26 18 21 23 53 25 28 52 46 49 15 11 15 67 41 17 41 14 28 26 60 76 55 54 36 23 31 82 34 33 18 45 61 81 27 14 27 31 52 39 30 25 14 8 6 3 4 5 10 5 2 2 1 1 1 0 0 0 0
0 0 0 0 1 2 4 1 2 2 3 1 1 1 0 0 0 0 0 0 0 0 1 1 2 2 1 0 1 0 0 1 1 0 1 1 2 21 30 29 23 23 16 16 45 58 73 71 17 20 39 48 27 19 43 12 44 49 75 67 19 30 22 11 81 55 24 23 28 78 79 87 51 40 30 21 16 14 10 11 18 16 7 2 3 3 7 4 2 2 0 1 1 0 0 0
1 1 1 6 3 4 6 12 8 9 2 2 2 1 1 0 0 0 0 0 0 0 0 0 0 1 2 1 0 0 0 0 1 2 0 1 5 20 30 53 29 15 10 16 27 64 76 79 79 75 21 31 29 30 23 11 32 56 64 68 23 34 37 29 59 87 58 38 24 14 20 52 24 28 20 44 31 13 9 6 6 7 9 7 3 1 2 3 2 2 1 1 1 0 0 0
2 3 4 4 10 10 14 5 16 14 5 10 6 2 8 3 2 1 0 0 0 0 0 0 0 0 1 3 0 0 1 0 2 1 2 3 3 3 2 1 35 32 10 22 15 20 47 55 76 83 70 39 42 54 33 52 35 62 76 58 63 22 42 38 31 82 90 70 51 23 14 16 52 34 24 20 31 33 14 10 5 6 5 7 6 1 1 3 1 2 1 1 0 1 0 0
0 0 1 7 15 9 36 50 47 43 23 16 7 13 22 11 4 1 2 1 0 0 0 0 0 1 2 1 1 1 0 2 3 2 2 5 6 5 4 5 5 14 13 14 9 21 57 30 67 76 86 49 43 44 59 56 11 57 71 68 64 49 39 32 21 75 82 83 58 56 13 6 39 59 29 8 12 8 16 6 7 5 5 4 6 2 1 1 2 1 1 1 0 0 0 0
1 1 2 20 22 41 55 52 49 71 70 31 37 29 27 17 6 11 6 3 1 0 1 1 3 11 8 1 0 1 1 2 1 2 2 4 5 7 12 7 6 6 7 6 21 24 42 34 10 62 76 82 43 34 45 23 18 17 46 56 85 78 22 28 51 63 64 81 36 53 41 9 12 40 30 19 12 13 15 13 6 6 2 2 2 3 2 0 0 1 1 1 0 0 0 0
0 1 1 1 1 2 8 15 19 8 32 60 74 52 44 16 12 23 8 4 7 1 1 0 0 1 9 15 2 1 1 2 2 5 4 3 6 7 14 8 14 24 20 15 13 7 56 59 42 30 53 75 63 34 15 14 35 13 22 55 50 46 36 31 37 51 34 79 34 44 31 36 6 19 23 33 23 17 19 13 11 6 2 1 1 2 2 1 0 1 0 0 0 0 0 0
0 0 1 3 4 7 40 12 14 11 14 18 58 74 73 43 33 27 6 14 3 5 2 5 3 1 1 1 2 1 1 2 4 9 2 3 3 6 14 14 12 16 12 14 25 25 25 10 40 64 35 46 14 18 9 27 22 33 26 30 56 61 48 40 18 23 23 68 71 28 13 27 24 7 13 12 22 11 9 5 7 4 4 3 1 1 1 1 1 0 0 0 0 0 0 0
0 0 0 0 2 2 7 9 6 15 9 2 9 34 63 72 65 10 1 1 2 9 4 9 4 4 3 1 1 3 2 19 13 4 22 7 9 11 14 10 15 27 40 27 36 23 32 18 22 21 71 44 37 26 19 15 28 34 27 30 52 71 52 34 33 26 38 57 72 53 23 11 33 22 12 3 4 12 10 7 3 3 3 3 2 0 0 1 1 1 0 0 0 0 0 0
1 0 0 1 2 4 2 3 5 9 14 9 26 9 9 13 17 7 2 5 13 2 3 6 30 24 2 3 2 22 7 7 26 19 36 10 47 15 11 11 15 17 18 30 24 30 31 23 25 31 31 41 27 27 34 27 23 33 18 9 19 31 48 45 46 36 29 37 47 54 30 32 35 18 19 8 4 10 8 3 5 1 2 1 1 1 0 0 0 0 0 0 0 0 0 0
5 1 4 1 1 2 2 4 7 15 10 13 4 15 24 11 16 10 3 8 1 5 7 4 2 7 9 17 14 3 7 18 16 8 10 11 5 36 10 16 18 25 12 18 14 16 16 26 33 40 24 14 50 49 36 46 30 27 26 27 15 27 50 31 29 29 19 24 34 51 18 20 17 11 11 8 4 3 5 6 3 3 1 1 0 1 1 0 0 0 0 0 0 0 0 0
8 8 0 0 2 1 9 23 3 4 10 10 8 24 8 16 4 3 2 1 2 5 4 6 5 4 6 8 4 7 3 29 10 24 17 32 5 13 25 7 12 26 20 33 33 12 20 26 22 40 20 35 9 24 25 58 25 32 25 41 28 26 13 13 10 4 3 8 14 15 10 4 14 9 7 14 10 5 6 3 2 2 2 1 0 0 0 0 0 0 0 0 0 0 0 0
7 6 26 2 2 11 1 1 15 14 3 12 4 21 8 12 9 3 3 7 11 15 6 3 8 11 8 11 34 33 20 4 5 8 19 12 10 3 45 21 21 17 8 13 33 26 19 14 27 40 34 13 55 38 28 58 40 16 29 15 14 24 13 11 5 3 2 1 8 17 14 5 5 8 9 11 8 5 11 4 1 1 1 1 1 0 0 0 0 0 0 0 0 0 0 0
3 9 17 7 1 1 7 2 1 2 7 5 2 5 13 6 3 1 3 4 10 9 22 14 12 14 14 14 48 57 23 14 7 17 24 17 31 12 4 48 15 25 24 24 14 13 19 30 27 37 21 9 21 11 8 32 22 19 18 9 11 19 13 12 11 4 3 2 2 6 9 6 10 9 11 13 13 7 3 3 2 1 0 0 0 0 0 0 0 0 0 0 0 0 0 0
15 6 29 10 16 3 1 26 3 8 26 4 15 11 5 20 3 2 3 3 3 9 13 13 14 21 21 21 36 71 64 40 14 11 56 32 33 20 9 22 55 17 16 49 29 30 24 34 37 24 19 7 7 9 9 10 22 15 10 6 6 7 9 15 5 6 3 2 2 1 1 3 3 1 2 4 5 8 3 2 1 1 1 0 0 0 0 0 0 0 0 0 0 0 0 0
17 11 7 20 6 8 13 3 38 17 32 51 22 26 15 6 5 5 5 21 5 17 35 21 15 20 24 19 12 16 60 45 27 18 19 45 25 17 13 9 14 38 15 11 14 17 22 33 55 36 50 21 13 11 9 8 10 7 6 20 7 3 4 4 2 3 2 1 1 1 1 1 1 1 1 2 2 1 3 1 1 1 1 0 0 0 0 0 0 0 0 0 0 0 0 0
6 28 18 24 16 23 40 27 13 11 5 3 7 5 8 24 11 6 15 3 30 9 45 45 17 24 28 19 10 5 10 36 53 27 9 27 35 14 33 23 18 10 32 34 19 19 35 26 44 28 54 24 11 10 9 7 7 6 3 7 8 5 2 1 1 1 1 1 1 0 1 0 0 0 0 1 1 1 1 1 1 0 1 0 0 0 0 0 0 0 0 0 0 0 0 0
5 5 1 11 12 1 3 2 13 7 20 19 21 22 11 14 24 17 16 12 9 8 41 70 37 31 32 35 18 6 6 6 48 27 30 24 44 13 35 40 26 12 9 33 24 33 26 27 38 20 7 9 16 14 12 10 4 3 1 1 2 1 1 1 1 1 1 1 1 0 0 0 0 0 0 0 0 0 1 1 0 0 0 0 0 0 0 0 0 0 0 0 0 0 0 0
3 5 4 2 2 5 4 3 4 11 6 9 8 4 9 23 7 6 11 24 13 60 30 57 57 35 47 37 40 16 7 10 7 25 29 34 43 16 36 23 26 28 22 18 34 23 25 42 38 32 24 11 15 8 7 6 3 2 1 1 1 1 1 0 0 0 0 0 0 0 0 0 0 0 0 0 0 0 0 0 0 0 0 0 0 0 0 0 0 0 0 0 0 0 0 0
6 5 4 2 4 9 4 3 6 6 3 5 7 3 9 12 7 10 6 8 45 29 21 20 72 33 11 10 11 7 9 4 11 5 11 17 83 61 26 36 26 13 22 25 15 29 19 24 50 46 43 22 12 7 6 5 1 1 0 2 4 3 2 2 1 1 1 0 0 0 0 0 0 0 0 0 0 0 0 0 0 0 0 0 0 0 0 0 0 0 0 0 0 0 0 0
2 1 2 1 0 2 2 2 1 1 4 3 7 2 4 9 5 9 17 52 28 20 40 45 69 53 18 13 14 17 16 17 6 9 12 8 5 8 25 23 15 30 12 23 20 33 37 25 49 32 40 36 23 13 6 2 1 1 2 3 8 11 12 8 1 2 1 1 1 0 0 0 0 0 0 0 0 0 0 0 0 0 0 0 0 0 0 0 0 0 0 0 0 0 0 0
1 1 2 0 1 1 1 1 0 0 1 1 4 3 3 3 3 9 15 11 15 19 8 4 11 9 7 11 29 33 17 38 29 12 10 7 8 8 6 20 15 34 24 12 33 24 41 31 28 17 23 19 14 11 4 4 3 3 9 11 17 13 9 9 5 2 3 3 3 2 1 1 0 0 0 1 0 0 0 0 0 0 0 0 0 0 0 0 0 0 0 0 0 0 0 0
1 0 1 0 1 0 1 3 10 8 8 0 1 3 3 1 3 10 32 18 30 9 16 11 7 11 33 20 23 28 41 29 18 21 25 5 3 4 8 12 10 18 27 29 30 28 21 17 37 19 15 13 8 4 6 10 6 13 18 13 23 18 18 12 9 7 6 9 8 5 3 1 0 0 1 1 0 0 0 0 0 0 0 0 0 0 0 0 0 0 0 0 0 0 0 0
0 0 0 0 2 2 0 6 19 26 13 11 4 1 3 5 5 15 20 10 6 9 20 15 13 14 25 12 6 17 18 12 6 11 24 14 6 5 10 6 5 9 9 12 19 19 21 15 23 19 9 5 9 11 19 16 18 23 27 25 17 25 27 18 29 12 14 13 12 10 2 1 1 1 1 1 1 0 0 0 0 0 0 0 0 0 0 0 0 0 0 0 0 0 0 0
0 0 1 1 2 2 5 4 1 6 20 21 13 23 23 21 45 16 14 26 5 4 20 10 14 22 12 11 7 13 18 19 19 15 23 13 8 21 20 7 4 22 12 18 14 8 21 12 12 9 8 10 19 28 28 32 24 21 21 26 19 32 34 41 38 28 18 14 14 10 6 4 7 3 1 1 0 0 0 0 0 0 0 0 0 0 0 0 0 0 0 0 0 0 0 0
1 0 0 1 6 5 10 40 33 19 20 46 34 26 47 29 65 66 59 37 13 31 3 5 5 5 22 25 24 35 11 50 53 23 8 12 4 15 15 9 27 13 12 12 16 11 14 13 11 11 21 21 38 52 49 38 47 27 33 31 25 43 43 43 34 31 22 19 19 16 11 3 1 0 0 1 2 1 0 1 0 0 0 0 0 0 0 0 0 0 0 0 0 0 0 0
1 2 6 1 1 8 23 37 48 13 13 56 17 17 42 23 24 10 24 41 9 18 10 9 6 12 17 26 28 46 21 14 15 39 19 17 6 27 13 12 18 27 23 23 26 38 37 33 11 36 45 40 46 59 64 62 32 21 59 41 33 42 44 31 44 45 11 33 33 16 12 6 4 1 0 2 4 1 0 0 0 0 0 0 0 0 0 0 0 0 0 0 0 0 0 0
7 1 3 12 4 2 2 7 10 40 7 43 20 25 37 13 5 10 22 12 8 5 13 7 12 22 23 11 9 30 21 15 9 7 10 8 21 26 12 10 38 42 23 52 47 28 29 17 16 40 59 51 52 79 50 44 41 23 68 39 34 40 54 56 45 36 29 36 17 10 10 5 5 7 3 2 3 2 1 1 1 0 0 0 0 0 0 0 0 0 0 0 0 0 0 0
21 23 3 17 14 30 30 15 5 6 28 68 48 9 53 12 16 12 22 12 6 6 25 10 20 17 20 18 16 13 9 12 13 20 25 16 31 6 12 22 36 38 52 56 38 21 13 22 41 33 49 66 77 46 33 46 45 30 73 42 67 34 57 36 35 65 44 24 37 16 9 10 21 17 4 1 1 3 1 1 0 0 0 0 0 0 0 0 0 0 0 0 0 0 0 1
14 25 33 20 23 64 37 69 46 4 19 55 4 13 45 30 18 7 39 5 5 6 12 7 31 21 11 10 11 4 3 11 25 15 35 10 40 9 29 24 52 53 65 35 33 24 24 43 49 43 40 64 64 41 50 62 55 40 75 72 48 57 51 60 74 54 46 37 26 12 12 43 19 2 4 4 2 2 1 1 1 0 0 0 0 0 0 0 0 0 0 0 0 0 1 1
30 47 46 60 60 61 68 77 56 24 19 20 26 6 42 24 16 11 6 4 4 8 20 9 15 12 12 26 20 21 22 25 16 8 12 21 53 23 27 35 61 63 49 34 19 35 35 63 67 44 40 58 46 33 46 69 37 64 64 63 69 35 50 80 79 55 47 27 33 37 23 22 11 7 6 2 1 1 1 1 0 0 0 0 0 0 0 0 0 0 0 0 0 0 1 6
3 49 67 43 71 17 47 65 66 64 54 58 35 6 45 63 33 9 13 9 4 11 17 10 8 12 23 6 9 10 4 9 8 23 51 28 45 19 19 35 60 43 29 14 29 50 41 48 70 49 52 56 25 47 67 60 28 60 42 76 61 67 76 70 58 42 51 29 15 7 6 4 2 1 1 0 0 0 0 0 0 0 0 0 0 0 0 0 0 0 0 0 1 1 1 4
8 11 29 9 4 6 10 9 14 5 9 21 53 10 6 39 59 39 26 18 9 8 5 8 21 5 12 13 34 31 6 15 19 24 63 56 65 29 20 42 39 21 15 33 52 48 40 45 67 41 56 67 56 61 77 55 60 32 58 65 45 69 61 26 14 16 11 20 31 27 23 16 17 6 2 0 0 0 0 0 0 0 0 0 0 0 0 0 0 0 0 0 0 2 4 5
8 9 3 6 11 30 39 12 17 3 8 7 4 2 8 4 8 11 5 4 3 18 8 12 4 21 16 25 13 22 21 45 31 33 55 62 43 35 32 48 23 24 29 47 53 46 55 31 52 62 58 81 86 67 69 83 84 67 83 82 82 88 69 76 56 50 46 38 24 7 10 8 5 4 4 3 2 1 0 0 0 0 0 0 0 0 0 0 0 0 0 0 0 1 2 8
11 17 13 14 25 36 46 33 11 9 16 9 11 8 8 12 9 3 3 4 7 23 7 9 20 21 9 48 38 27 40 53 37 40 61 26 15 27 14 44 34 27 31 42 51 55 59 45 54 69 63 76 75 75 30 46 81 87 87 72 32 24 49 44 75 51 37 50 17 9 6 6 9 3 1 1 0 0 0 0 0 0 0 0 0 0 0 1 1 0 1 0 0 1 3 4
8 2 11 14 23 22 38 23 5 10 10 14 31 21 9 10 4 7 6 6 2 5 34 21 12 3 10 25 29 22 21 34 49 25 48 13 24 19 6 44 29 33 43 50 44 60 70 56 77 84 57 39 41 34 24 26 65 73 66 42 58 45 41 51 40 34 33 16 27 16 16 6 5 4 2 1 1 1 0 0 0 0 0 0 0 0 1 2 3 2 1 1 1 3 5 5
