sesion_6_simulaciones/modelos_agentes/ejemplos_netlogo/scenarios/cgcm2_b2/rob_2044.asc
NCOLS 322 
NROWS 307 
XLLCORNER 451900 
YLLCORNER 4086900 
CELLSIZE 100 
NODATA_value -9999 
[rows 74 to 147 of 307, columns 96 to 191 of 322]
29 62 41 23 22 25 25 52 24 25 19 65 36 73 68 53 16 8 12 19 61 60 39 22 24 8 8 2 9 17 6 7 9 16 7 3 4 5 14 4 4 5 11 3 5 11 14 2 4 12 9 28 55 35 32 16 25 33 51 33 28 79 68 52 59 62 39 54 64 66 56 67 52 67 40 42 57 65 45 40 22 43 57 45 25 10 10 11 7 8 6 5 4 2 0 0
34 38 32 23 16 21 28 42 24 38 44 33 18 29 37 60 40 46 58 72 91 65 64 46 18 25 7 5 11 3 9 51 19 19 23 16 6 3 5 2 5 19 25 14 32 20 16 42 49 9 12 7 13 38 12 15 30 50 35 21 45 48 72 57 60 42 38 50 64 71 44 80 47 56 50 35 60 33 24 51 51 43 18 18 24 21 16 14 20 16 20 20 8 5 1 1
46 30 25 25 18 31 16 46 22 44 52 19 26 48 39 33 44 69 52 72 79 83 78 73 27 17 12 5 9 13 40 51 37 24 26 24 24 7 12 16 7 6 10 5 8 30 10 29 22 24 7 6 12 10 15 19 28 51 25 32 35 20 58 57 58 36 56 46 78 60 35 67 60 53 61 56 32 19 74 47 33 32 49 34 50 49 42 49 50 31 31 25 13 7 4 2
48 18 36 31 22 19 23 34 28 32 69 32 34 31 35 47 70 44 68 65 83 86 65 53 60 10 9 14 27 26 41 17 37 17 33 9 41 22 12 23 7 4 4 3 9 13 36 39 25 49 41 24 18 3 6 10 30 15 17 12 29 15 51 43 43 25 53 55 61 31 27 35 63 30 57 33 33 39 63 38 49 45 40 58 72 66 71 49 45 49 25 26 13 9 6 4
45 26 33 33 40 19 24 30 13 50 68 59 40 27 47 44 52 65 80 53 53 64 71 79 40 29 37 49 64 38 37 21 29 31 6 14 20 25 22 25 21 4 3 7 14 19 40 40 19 61 54 42 46 30 26 9 10 8 15 11 17 15 9 24 15 23 28 42 32 18 24 24 58 43 24 11 43 51 40 39 60 76 83 75 76 75 46 53 55 31 30 16 11 12 10 17
58 60 22 52 58 33 12 32 12 32 27 61 46 35 39 9 46 83 53 58 58 39 65 75 44 31 72 75 72 67 72 37 9 9 12 38 42 11 17 22 31 7 6 15 17 18 30 71 66 62 55 55 62 24 52 43 36 12 6 3 14 21 8 9 12 21 19 28 10 9 27 37 35 30 66 58 26 23 53 68 72 73 70 69 59 69 66 75 49 30 25 16 14 21 36 17
80 83 62 58 21 18 13 12 11 39 19 11 45 57 15 37 74 49 37 34 49 24 15 55 63 70 75 68 75 61 83 73 31 32 39 57 30 25 5 16 39 21 8 15 27 50 25 25 67 45 56 79 64 53 66 35 43 60 45 42 43 12 39 18 11 4 19 26 29 42 28 4 6 10 19 54 61 72 45 72 70 53 75 60 55 57 69 73 54 44 39 25 53 47 14 11
60 56 68 17 12 13 21 16 14 20 21 4 12 24 31 43 24 56 57 44 37 48 12 22 62 77 73 47 41 61 50 37 61 57 56 51 63 54 19 18 53 40 9 13 37 30 18 12 34 19 64 74 53 85 73 44 70 44 28 36 57 20 35 43 33 17 34 37 59 25 38 14 12 14 23 14 24 65 66 71 48 61 76 66 47 58 78 64 57 50 48 53 65 43 16 34
68 68 56 26 23 27 33 23 11 17 28 4 15 29 36 23 22 70 50 35 43 73 44 41 66 92 64 19 43 46 33 37 14 22 81 59 31 28 23 40 65 55 25 16 26 23 20 27 26 51 52 80 82 86 68 66 68 50 64 44 59 43 41 37 33 39 20 24 53 28 58 70 53 39 26 29 26 17 52 78 85 52 68 62 44 78 62 45 56 69 56 72 48 38 28 58
25 41 63 57 9 9 27 27 37 21 19 7 23 52 36 12 21 80 33 52 44 44 32 68 47 57 34 47 59 46 36 36 21 57 89 71 52 25 20 54 36 17 32 13 20 14 16 22 24 33 29 71 70 85 69 67 80 53 71 67 56 59 34 34 39 25 57 26 46 59 73 74 56 33 40 21 20 31 19 70 67 65 36 64 76 40 49 51 63 53 59 46 31 40 39 80
13 18 26 35 46 9 19 11 9 33 29 12 21 44 36 21 31 76 46 46 27 19 72 73 65 55 28 62 61 46 23 14 61 90 87 85 78 39 50 55 47 10 29 20 25 34 28 19 27 9 6 34 77 87 62 70 61 65 84 76 59 43 29 20 59 32 70 51 40 60 76 71 34 26 37 35 39 35 27 32 68 82 77 54 30 64 73 73 62 72 30 48 46 64 45 76
8 13 23 15 33 36 25 22 12 22 40 10 23 51 32 41 34 48 55 67 63 19 42 50 80 69 65 67 68 72 46 81 89 80 77 87 82 47 39 61 40 17 32 26 28 35 34 22 27 18 23 37 77 81 58 49 55 85 82 81 53 25 44 57 73 55 81 72 59 37 76 59 64 54 50 41 37 41 31 27 41 75 66 78 74 44 70 33 70 38 35 59 46 77 48 61
7 4 3 3 9 21 9 4 9 16 20 12 33 55 35 12 29 25 48 62 72 63 29 36 39 45 73 86 60 60 78 86 87 73 79 77 64 78 57 63 45 67 51 59 32 44 51 52 35 34 23 41 66 89 69 50 79 69 83 73 52 40 42 53 82 61 76 71 60 40 65 54 45 20 44 30 14 34 33 21 12 59 75 67 52 85 61 57 61 58 58 69 73 77 78 44
4 2 0 1 8 7 2 4 7 13 7 19 52 42 12 7 16 21 46 51 63 85 53 29 25 36 75 75 83 43 84 71 69 71 88 83 64 78 54 64 57 89 44 73 53 47 41 28 29 27 23 17 46 81 69 76 66 78 89 67 43 46 58 74 75 59 68 65 53 18 23 32 55 53 61 39 22 35 38 44 50 14 62 69 64 77 84 86 92 74 86 87 75 43 78 32
7 6 2 1 7 4 3 6 9 6 10 19 30 36 11 4 37 32 27 33 42 56 72 69 51 35 56 67 81 78 75 86 83 56 58 47 50 75 33 47 90 78 61 46 33 52 35 44 50 53 53 25 32 61 58 67 68 81 81 66 60 72 72 76 79 43 63 68 53 26 24 45 62 58 43 72 34 25 37 42 47 31 21 60 66 85 78 53 54 67 67 82 75 44 56 66
9 3 3 1 3 2 1 12 6 6 5 11 49 23 7 4 28 16 28 38 40 54 63 61 65 40 45 23 44 72 62 68 73 64 65 62 48 39 53 86 53 73 40 25 38 67 52 54 58 60 47 44 26 30 28 50 66 71 80 61 49 61 62 84 79 53 61 76 33 13 15 38 36 49 83 69 40 41 19 50 38 52 49 19 56 78 77 74 74 67 49 46 62 40 25 44
4 4 1 1 1 1 1 6 6 2 12 25 42 39 7 3 14 4 16 51 50 53 22 33 58 45 46 36 64 88 81 76 53 67 50 33 40 32 66 44 42 42 23 56 81 64 58 59 45 34 32 31 26 23 10 14 45 62 79 47 67 63 84 88 87 52 77 63 52 29 18 30 54 72 89 45 38 72 33 45 42 48 58 40 18 62 66 51 33 47 43 40 31 43 41 38
10 7 3 2 1 1 0 1 4 6 8 31 18 11 18 6 17 4 2 11 16 43 25 25 25 15 33 51 76 86 64 71 76 71 64 38 21 35 76 24 54 57 69 78 79 60 77 38 28 35 63 59 66 62 54 23 9 7 35 46 51 66 81 87 87 61 90 66 65 53 29 32 52 87 73 35 67 64 37 31 51 57 56 46 35 11 30 51 43 43 26 40 60 66 52 50
5 3 1 1 1 1 0 0 2 6 10 14 12 4 5 2 18 6 2 17 14 19 13 19 27 24 21 48 24 51 56 55 58 50 15 28 42 46 52 28 66 67 82 69 63 48 82 73 75 57 59 55 54 36 40 14 7 7 8 32 60 83 76 86 78 53 79 73 40 31 35 56 50 72 44 56 79 66 63 72 56 60 45 43 46 32 10 18 21 28 44 54 61 63 57 44
2 2 2 2 1 1 1 0 1 2 6 10 11 8 3 2 16 4 1 8 6 7 9 15 10 25 26 33 22 7 19 24 19 15 39 46 66 78 53 52 30 67 92 62 39 78 72 63 78 60 60 47 32 38 36 41 21 10 11 52 76 73 84 87 83 80 76 82 67 27 45 36 42 21 33 74 68 37 59 41 47 45 42 39 47 34 41 18 6 29 46 64 71 61 56 30
4 1 4 6 3 2 2 2 1 2 3 7 5 4 3 2 6 2 1 3 6 5 4 5 7 15 17 20 20 15 6 5 9 28 35 69 79 55 58 67 46 82 87 59 72 68 66 45 86 64 73 58 66 70 69 50 30 12 14 23 65 59 82 82 77 70 76 82 71 44 30 46 52 47 52 58 69 85 49 56 37 29 49 41 28 45 59 51 18 17 21 18 28 34 34 27
15 11 6 13 10 7 6 6 3 1 1 2 2 3 2 2 2 1 1 2 2 3 1 2 5 7 12 11 13 25 4 6 10 28 73 80 57 40 66 72 61 72 78 64 57 69 62 57 84 69 57 71 58 65 63 47 31 14 9 12 16 54 73 76 70 59 77 70 45 17 28 58 31 53 74 68 77 54 32 71 42 41 46 45 70 52 33 37 45 42 33 12 6 6 11 14
24 11 18 17 19 12 17 8 4 3 0 1 0 1 2 1 2 1 1 1 2 2 1 1 1 2 11 9 9 4 6 3 14 65 57 61 22 54 84 64 47 50 61 25 35 83 54 79 83 78 56 70 79 51 24 24 26 29 23 12 16 29 50 61 63 57 41 50 25 22 43 45 40 60 70 78 61 49 59 67 64 36 49 76 71 68 50 44 48 48 56 46 25 8 4 8
26 27 30 17 25 20 12 10 8 7 6 2 1 0 0 0 1 1 0 0 1 1 1 1 1 2 7 13 5 4 8 2 23 46 31 19 27 68 83 68 34 41 39 30 75 65 49 54 88 87 46 53 52 66 48 25 7 13 15 22 20 24 18 28 16 36 44 41 16 36 52 52 46 46 68 62 55 65 39 22 62 57 61 71 73 57 54 46 35 40 50 39 32 13 9 3
41 25 35 36 29 17 16 17 9 10 5 5 3 1 1 0 0 1 0 1 1 1 0 1 0 1 2 8 1 2 7 2 10 25 10 16 25 44 45 50 38 41 24 64 70 28 55 89 86 78 78 35 20 25 19 22 8 10 22 33 19 30 18 11 12 23 17 16 14 43 43 61 35 59 66 60 75 41 51 40 64 42 37 42 49 68 67 48 38 28 45 36 36 27 21 7
29 19 41 40 15 19 8 9 18 13 6 6 5 4 2 1 0 0 0 0 0 0 0 0 0 0 1 1 1 9 3 1 2 3 6 25 29 41 77 52 45 32 45 48 47 46 50 89 83 73 93 69 41 52 45 23 9 6 3 10 33 18 14 8 10 19 13 11 20 32 50 57 51 28 36 36 47 45 44 56 17 68 50 57 58 65 59 62 68 47 44 45 45 50 24 14
16 32 66 39 35 17 31 15 25 19 9 7 6 2 1 1 1 1 1 1 1 1 0 0 0 0 0 0 1 8 1 2 2 2 9 24 34 9 27 25 35 28 29 42 34 41 64 86 80 80 85 85 43 26 19 14 12 15 10 2 3 9 8 8 9 12 9 12 13 30 41 59 53 57 19 32 50 46 26 33 58 40 34 62 65 61 64 70 60 71 58 65 61 50 32 24
24 40 61 36 30 27 14 17 28 17 14 10 6 5 2 3 2 2 2 2 1 2 1 1 1 1 0 0 1 3 1 2 3 3 7 10 10 13 8 5 25 35 21 15 25 69 81 81 71 63 78 79 58 41 42 46 38 21 15 5 1 7 5 3 8 6 6 9 19 29 28 39 37 35 47 44 37 57 86 85 74 79 56 61 55 53 58 66 76 64 77 70 59 56 49 40
27 55 23 26 34 23 20 12 24 20 7 5 9 4 3 2 2 3 3 3 3 3 2 2 1 2 1 0 0 1 0 1 2 3 6 6 8 11 11 4 9 39 25 9 31 46 82 71 30 27 39 66 81 71 50 42 31 20 9 4 1 7 3 2 3 4 7 15 21 28 29 35 41 58 71 73 66 84 82 80 73 58 43 34 36 57 75 67 65 69 76 75 71 72 57 49
57 21 29 24 17 26 26 14 7 9 11 13 10 8 3 5 4 4 4 7 7 4 6 3 4 2 1 0 0 1 0 1 1 2 6 7 10 10 10 3 5 11 18 6 21 27 55 29 15 19 45 55 79 72 62 40 33 21 9 6 1 2 2 1 6 4 9 23 22 28 31 32 63 70 85 70 78 72 76 58 29 24 29 54 22 56 68 63 77 85 76 60 41 33 23 19
20 26 42 61 49 33 10 6 8 20 17 13 6 12 10 9 7 11 10 10 9 8 6 6 5 3 1 1 0 0 0 0 0 2 4 14 21 10 11 4 3 3 6 1 6 12 10 17 21 35 40 64 84 72 63 58 45 32 26 10 2 2 2 1 4 8 12 9 9 20 41 44 52 59 62 66 71 61 43 34 41 33 56 59 84 62 46 70 84 73 58 59 55 48 39 34
45 56 45 15 12 18 20 9 15 25 21 16 16 15 12 19 10 14 14 17 6 15 10 9 5 2 1 1 0 0 0 0 0 1 3 5 6 10 12 5 6 4 5 2 5 10 17 47 62 66 84 66 84 79 71 49 49 24 15 8 3 2 2 1 1 2 4 13 20 19 33 60 36 44 44 61 64 26 16 31 30 43 72 63 80 59 80 68 72 61 60 61 54 58 57 46
48 28 35 31 28 17 23 11 30 29 26 27 39 22 30 25 22 31 24 14 15 15 19 5 7 3 2 0 0 0 0 0 0 0 2 3 8 15 14 4 2 3 3 3 5 12 36 24 54 61 56 51 89 80 70 37 21 13 8 3 2 1 1 0 0 1 6 19 29 20 27 50 44 32 28 40 27 32 54 54 36 68 69 61 72 80 66 67 63 58 48 56 59 65 57 69
27 23 15 12 11 9 5 19 37 33 32 49 35 38 37 35 39 16 13 32 20 25 19 7 4 2 2 2 1 1 0 0 0 0 1 1 1 5 8 4 3 3 3 4 10 12 6 16 35 72 39 61 79 58 61 44 25 11 4 2 1 1 0 1 0 1 5 10 31 22 24 9 21 34 28 42 47 49 47 44 46 73 65 57 64 64 39 67 42 48 59 67 67 47 74 74
15 22 31 36 29 15 14 24 38 56 52 49 36 45 61 58 32 20 20 42 26 13 12 8 4 3 3 2 1 1 1 1 0 0 1 1 1 1 1 0 1 1 2 3 7 6 9 20 60 18 17 46 83 59 40 19 13 9 8 5 1 1 0 0 0 1 3 5 11 16 17 13 33 25 35 45 60 72 71 72 68 87 63 43 41 50 65 83 79 57 58 60 51 56 62 56
29 49 33 54 25 22 26 42 43 58 57 24 25 49 46 33 25 24 37 56 21 15 12 10 5 4 2 2 1 1 0 1 1 0 0 1 1 0 0 0 1 1 2 1 2 6 11 6 41 12 29 59 78 43 20 17 12 4 3 4 2 1 0 0 0 0 1 2 6 8 17 25 39 38 67 69 81 54 38 29 81 79 78 52 20 52 74 90 84 79 82 53 70 53 48 78
48 49 67 57 30 48 46 50 69 62 45 32 37 58 40 55 20 32 60 28 17 14 15 12 12 8 4 2 1 1 1 1 1 1 0 0 1 0 0 0 0 1 1 1 2 5 7 7 4 9 33 66 75 36 23 16 6 5 4 2 2 1 0 0 0 0 2 5 10 16 24 30 45 58 69 63 32 35 28 73 78 79 81 82 40 57 82 84 73 67 65 71 51 54 34 54
64 67 42 32 40 51 51 70 39 53 24 48 51 78 62 43 24 57 17 12 28 14 10 6 7 5 5 4 4 2 2 2 1 1 0 0 0 0 0 0 0 0 0 1 2 6 3 7 2 4 21 49 84 69 26 14 9 3 4 2 1 1 1 0 0 1 3 9 23 25 27 35 43 43 39 48 43 59 74 81 74 77 66 81 70 61 65 37 22 20 51 81 70 48 30 33
74 57 42 31 42 58 67 18 62 28 34 54 71 73 48 28 56 45 24 11 10 16 5 4 9 8 11 5 7 7 4 4 1 1 1 1 0 0 0 0 0 0 0 1 2 3 1 3 1 6 13 9 46 52 22 9 4 2 2 1 2 2 1 0 0 2 4 7 10 15 17 22 30 36 61 69 67 68 74 64 69 59 45 71 64 43 36 46 62 67 83 41 55 52 29 25
40 58 44 37 53 73 74 30 61 54 70 54 81 50 36 46 58 24 25 19 45 22 11 8 13 22 13 18 13 15 5 2 0 2 1 1 1 0 0 0 0 0 0 1 1 0 2 3 1 4 5 31 38 18 17 12 9 5 2 1 2 1 1 1 0 0 2 5 10 10 12 19 33 30 31 32 36 38 84 46 66 71 52 45 38 26 61 67 66 81 77 61 46 59 57 53
85 41 59 61 71 48 52 62 62 53 57 59 53 46 44 72 32 42 33 60 49 26 28 20 12 29 34 30 38 18 12 3 1 1 1 1 1 1 1 0 0 0 1 1 0 1 7 2 1 3 24 35 50 12 9 12 5 4 3 1 1 1 1 0 0 0 0 2 4 6 2 9 9 11 28 44 45 48 73 64 52 66 85 38 27 45 50 58 77 69 65 75 58 58 45 55
79 94 89 91 86 59 19 12 57 36 65 74 83 76 62 68 66 75 56 67 51 47 43 34 30 42 57 58 22 22 11 5 5 3 2 2 1 1 1 0 0 0 0 1 0 0 1 1 0 4 10 42 36 6 10 9 8 4 2 2 1 1 1 0 0 0 2 3 5 11 17 25 44 41 26 29 46 78 72 74 75 55 56 65 32 41 64 63 53 37 74 86 58 46 57 65
64 88 73 81 78 62 76 36 54 46 22 38 80 86 88 62 47 52 65 65 60 55 64 46 57 57 66 46 39 30 20 12 8 6 6 2 1 2 1 1 0 0 0 0 1 1 0 0 0 2 7 4 16 4 14 6 7 6 2 1 1 1 0 0 0 1 3 6 9 18 38 31 21 38 62 44 60 76 76 88 76 60 52 42 10 21 27 46 68 81 87 64 85 57 54 61
46 85 64 77 77 66 87 64 40 72 51 40 67 76 72 63 71 49 75 85 87 68 56 41 77 62 62 47 30 21 21 15 13 12 8 5 3 1 1 1 1 0 0 0 1 0 1 0 0 1 2 4 20 9 19 15 5 6 2 2 0 0 0 0 0 1 4 3 9 18 38 52 60 52 70 76 79 76 69 84 82 48 28 22 12 21 46 65 59 90 61 71 81 84 60 59
49 80 67 62 78 55 61 26 43 75 55 31 11 52 64 63 70 53 48 78 83 45 70 35 66 52 63 45 35 12 20 32 27 22 16 5 2 1 2 1 0 0 0 0 1 0 1 0 0 0 1 6 18 3 4 2 5 6 5 2 0 0 0 0 1 1 4 4 9 15 30 46 41 29 31 46 82 58 80 80 87 82 21 12 12 29 59 39 70 83 70 79 67 62 44 66
14 39 26 49 70 57 55 15 45 79 42 23 14 27 62 60 63 57 26 29 58 37 36 54 24 21 71 36 17 9 5 7 12 9 9 7 3 3 3 1 0 0 0 0 0 1 0 0 0 1 2 8 6 12 4 2 2 1 1 0 1 0 0 0 0 1 2 2 5 9 17 15 23 39 44 60 87 89 72 61 76 80 57 14 6 20 23 46 78 66 60 29 22 31 44 63
14 39 65 48 55 39 67 41 54 80 63 30 26 24 58 74 41 8 9 19 29 16 23 62 28 13 52 37 44 12 1 9 19 13 5 10 7 5 1 1 0 0 0 0 0 1 1 0 0 2 3 5 2 3 2 2 0 0 1 1 0 0 0 0 1 1 1 1 2 7 15 21 41 42 54 81 89 87 82 45 46 58 49 19 5 14 33 58 55 28 28 59 61 59 63 75
22 13 13 16 25 39 70 25 57 58 82 43 23 18 21 17 11 9 9 22 18 16 10 51 14 33 39 28 46 52 18 9 9 6 8 9 6 4 2 1 0 0 0 0 0 0 1 0 0 1 2 5 0 1 1 4 1 0 0 1 0 0 0 0 0 1 9 6 11 26 41 63 70 54 71 93 88 87 80 57 11 25 43 35 8 15 29 54 40 44 86 64 46 53 41 76
25 28 12 12 23 35 58 47 30 45 74 42 13 6 20 21 8 23 7 9 14 12 10 52 13 9 33 23 28 41 21 14 16 5 2 2 1 2 1 1 1 1 0 0 0 0 0 0 0 1 2 2 0 1 1 1 2 2 1 0 0 0 0 0 0 1 3 12 32 43 74 51 31 48 80 92 86 76 72 73 55 12 38 31 7 15 31 31 25 71 67 49 63 79 22 11
25 32 19 13 18 12 52 55 46 16 76 34 9 3 16 15 20 24 15 9 10 14 3 16 35 3 8 10 30 57 16 3 7 4 6 6 4 3 1 1 1 0 0 0 0 0 0 0 0 1 3 2 0 1 1 0 1 1 0 0 0 0 0 0 0 2 4 16 25 28 14 21 46 57 75 76 82 69 59 40 54 18 10 14 14 26 20 16 55 85 44 58 66 74 67 23
36 22 19 7 7 9 33 62 22 20 54 44 21 3 13 13 29 21 16 10 10 19 7 8 59 7 12 11 27 27 32 18 15 15 10 6 5 3 3 1 0 0 0 0 0 0 0 0 0 1 4 2 0 1 1 0 0 0 0 0 0 0 0 0 1 3 14 16 12 10 27 37 55 86 75 62 77 43 24 19 45 22 10 3 4 17 20 38 77 49 41 54 77 63 64 31
63 13 20 9 6 9 18 24 6 6 63 30 4 2 10 13 26 19 25 17 19 13 12 9 21 9 3 11 18 15 26 30 13 7 5 2 3 3 2 2 0 0 0 0 0 0 0 0 0 1 2 2 1 0 0 0 0 0 0 0 0 0 0 0 1 4 6 4 4 10 35 46 78 83 81 55 34 48 13 14 37 12 3 2 7 26 37 52 62 21 54 82 73 68 78 40
12 19 8 7 5 4 6 10 7 11 38 13 6 2 6 9 22 6 17 10 10 13 10 8 12 19 7 3 1 11 11 23 9 5 5 3 1 1 1 1 0 0 0 0 0 0 0 0 1 1 2 0 0 0 0 0 0 0 0 0 0 0 0 0 1 2 1 1 7 25 37 47 80 85 64 46 27 32 33 8 11 8 2 2 9 14 33 58 31 34 74 64 63 65 59 51
12 8 15 13 5 5 2 3 2 3 9 4 12 4 2 7 20 6 4 12 4 3 1 13 15 24 2 2 1 2 14 25 21 7 3 1 1 1 1 0 0 0 0 0 0 0 0 0 0 1 1 1 0 0 0 0 0 0 0 0 0 0 0 0 1 1 0 2 12 27 43 74 70 67 58 46 26 17 28 9 5 5 2 2 7 13 39 46 29 22 29 50 43 39 55 62
21 11 6 15 16 8 7 2 1 5 3 3 9 10 2 5 10 10 3 3 2 3 2 29 11 13 6 0 1 1 3 5 17 13 5 2 1 1 0 0 1 0 0 0 0 0 0 0 0 0 1 0 1 0 0 0 0 0 0 0 0 0 0 0 0 0 1 5 14 47 57 77 73 52 27 10 7 6 10 9 6 2 1 2 6 9 24 22 14 11 28 25 17 33 52 66
23 11 5 7 9 15 5 2 0 4 4 2 1 3 2 2 5 6 2 2 1 1 1 3 1 2 10 1 1 1 0 3 13 14 5 2 2 5 3 2 1 0 0 0 0 0 0 0 0 0 0 0 0 0 0 0 0 0 0 0 0 0 0 0 0 0 1 3 16 70 66 62 75 63 26 10 3 1 3 4 3 1 0 1 3 8 16 8 5 22 30 40 70 57 71 64
50 21 8 2 6 9 15 1 2 4 5 2 1 2 1 1 2 7 2 1 1 1 0 1 0 1 4 2 0 1 0 1 4 25 12 4 1 1 1 0 0 0 0 0 0 0 0 0 0 0 0 0 0 1 0 0 0 0 0 0 0 0 0 0 0 2 4 14 35 39 75 75 54 66 49 18 8 3 1 1 2 1 0 0 1 2 3 2 6 18 28 68 70 60 57 62
31 66 16 6 2 3 2 2 2 4 2 1 3 1 1 0 0 7 2 1 1 0 0 1 1 0 2 2 1 1 1 0 1 6 19 7 3 2 3 1 0 0 0 0 0 0 0 0 0 0 0 0 0 0 0 0 0 0 0 0 0 0 0 0 0 3 6 5 13 35 62 52 41 36 56 22 7 2 1 0 0 0 0 0 1 0 1 3 12 22 52 58 38 52 64 64
5 42 54 22 6 3 1 4 1 1 1 1 4 1 1 1 0 5 3 1 0 0 0 0 1 0 1 1 1 1 0 0 1 1 2 12 3 1 1 1 1 0 0 0 0 0 0 0 0 0 0 0 0 0 0 0 0 0 0 0 0 0 0 0 0 0 1 5 41 48 49 44 27 28 24 18 7 2 2 1 0 0 0 0 2 5 5 3 8 26 27 21 26 51 68 60
3 18 22 37 10 4 2 4 3 1 2 1 1 1 2 1 1 1 4 1 0 0 0 0 1 0 1 1 0 1 1 0 1 1 1 1 9 3 2 1 0 0 0 0 0 0 0 0 0 0 0 0 0 0 0 0 0 0 0 0 0 0 0 0 0 1 3 6 30 57 49 59 41 8 7 10 5 4 2 1 0 0 0 0 1 4 12 22 8 7 7 20 38 52 76 55
6 9 6 18 6 2 2 2 3 2 1 1 1 2 1 1 1 1 2 1 0 0 0 1 1 1 0 1 0 0 1 0 0 1 1 3 3 1 4 1 0 0 0 0 0 0 0 0 0 0 0 0 0 0 0 0 0 0 0 0 0 0 0 0 0 1 2 11 29 37 73 57 48 19 5 3 4 2 1 1 0 0 0 1 2 5 16 34 32 25 29 21 41 53 79 66
3 7 2 7 6 7 3 2 2 2 1 1 1 1 1 1 1 1 0 1 1 0 0 0 0 1 1 1 0 0 0 0 0 1 1 2 3 1 5 1 1 0 0 0 0 0 0 0 0 0 0 0 0 0 0 0 0 0 0 0 0 0 0 0 0 1 2 6 25 18 56 49 31 21 22 5 3 2 1 0 0 0 0 1 4 9 17 32 49 46 44 44 40 68 91 77
4 3 3 2 3 1 2 1 6 4 1 0 1 1 0 1 0 0 0 0 0 0 0 0 0 1 0 0 0 0 0 0 0 0 4 7 2 1 1 1 1 0 0 0 0 0 0 0 0 0 0 0 0 0 0 0 0 0 0 0 0 0 0 0 0 1 2 15 29 41 43 48 33 16 8 8 3 2 0 0 0 0 0 0 1 6 11 21 35 24 46 54 75 91 90 73
1 3 2 1 1 1 1 1 1 1 0 0 0 0 0 0 0 0 0 0 0 0 0 0 0 1 0 0 0 0 0 0 0 1 1 3 5 11 9 4 1 0 0 0 0 0 0 0 0 0 0 0 0 0 0 0 0 0 0 0 0 0 0 0 0 2 9 22 30 43 43 43 34 20 4 2 2 1 0 0 0 1 2 2 1 1 3 6 11 29 37 67 67 88 86 64
1 1 1 1 0 0 0 0 0 0 0 0 0 0 0 0 0 0 0 0 0 0 0 0 0 0 0 0 0 0 0 0 0 0 0 0 1 1 1 0 0 0 0 0 0 0 0 0 0 0 0 0 0 0 0 0 0 0 0 0 0 0 0 0 1 1 3 6 23 40 22 42 17 10 3 1 1 1 0 0 0 0 2 4 12 7 11 11 25 49 57 63 77 75 62 44
0 0 0 0 0 0 0 0 0 0 0 0 0 0 0 0 0 0 0 0 0 0 0 0 0 0 0 0 0 0 0 0 0 0 0 0 0 0 0 0 0 0 0 0 0 0 0 0 0 0 0 0 0 0 0 0 0 0 0 0 0 0 0 0 0 2 2 6 13 10 15 21 15 5 1 1 0 0 0 0 0 0 1 2 5 16 31 33 49 75 69 51 65 45 47 34
1 0 0 0 0 0 0 1 0 0 1 1 1 1 0 0 0 0 0 0 0 0 0 0 0 0 0 0 0 0 0 0 0 0 0 0 0 0 0 0 0 0 0 0 0 0 0 0 0 0 0 0 0 0 0 0 0 0 0 0 0 0 0 0 0 1 2 9 7 8 14 7 6 1 1 0 0 0 0 0 0 1 2 4 6 21 64 59 22 34 72 82 48 14 16 25
2 1 0 1 1 1 1 2 1 1 3 3 4 3 2 1 0 0 0 0 0 0 0 0 0 0 0 0 0 0 0 0 0 0 0 0 0 0 0 0 0 0 0 0 0 0 0 0 0 0 0 0 0 0 0 0 0 0 0 0 0 0 0 0 0 2 3 2 4 5 5 3 4 1 0 0 0 0 0 0 1 2 3 7 24 28 24 7 18 56 86 78 70 15 6 7
5 1 1 3 3 4 3 4 4 6 5 4 5 8 3 1 1 1 0 0 0 0 0 0 0 0 0 0 0 0 0 0 0 0 0 0 0 0 0 0 0 0 0 0 0 0 0 0 0 0 0 0 0 0 0 0 0 0 0 0 0 0 0 0 1 2 4 2 1 1 2 2 1 0 0 0 0 0 0 1 2 3 7 19 17 5 3 8 25 75 81 60 32 29 3 1
7 4 2 7 7 13 7 9 18 10 14 9 15 8 4 3 4 2 0 1 1 0 0 0 0 0 0 0 0 0 0 0 0 0 0 0 0 0 0 0 0 0 0 0 0 0 0 0 0 0 0 0 0 0 0 0 0 0 0 0 0 0 0 0 0 2 3 2 1 1 1 0 0 0 0 0 0 0 0 0 2 6 5 4 1 1 6 19 40 60 58 46 14 28 4 1
15 11 7 19 35 54 36 27 45 33 27 18 40 26 19 10 3 1 1 2 1 0 0 0 0 0 0 0 0 0 0 0 0 0 0 0 0 0 0 0 0 0 0 0 0 0 0 0 0 0 0 0 0 0 0 0 0 0 0 0 0 0 0 0 0 1 5 2 1 0 0 0 0 0 0 0 0 0 0 0 2 2 1 0 1 6 12 41 56 37 38 16 7 10 13 1
53 54 40 29 30 29 15 9 29 15 16 14 16 25 23 5 5 4 4 4 2 0 0 0 1 0 0 0 0 0 0 0 0 0 0 0 0 0 0 0 0 0 0 0 0 0 0 0 0 0 0 0 0 0 0 0 0 0 0 0 0 0 0 0 0 1 5 4 1 1 0 0 0 0 0 0 0 0 0 0 0 0 0 1 3 8 16 56 61 79 26 3 2 3 5 1
40 28 50 28 23 31 26 18 12 10 15 25 12 8 16 30 20 5 1 1 1 0 0 0 0 0 0 0 0 0 0 0 0 0 0 0 0 0 0 0 0 0 0 0 0 0 0 0 0 0 0 0 0 0 0 0 0 0 0 0 0 0 0 0 0 1 2 6 2 1 0 0 0 0 0 0 0 0 0 0 0 0 1 3 5 8 31 27 41 51 41 6 1 0 2 2
40 11 36 33 9 4 11 16 20 14 7 6 31 8 11 20 8 5 2 1 1 0 1 0 0 0 0 0 0 0 0 0 0 0 0 0 0 0 0 0 0 0 0 0 0 0 0 0 0 0 0 0 0 0 0 0 0 0 0 0 0 0 0 0 0 0 1 2 2 1 0 0 0 0 0 0 0 0 0 0 0 1 2 3 11 22 28 22 16 13 38 8 1 0 0 0
