sesion_6_simulaciones/modelos_agentes/ejemplos_netlogo/scenarios/echam4_a2/rob_2074.asc
NCOLS 322 
NROWS 307 
XLLCORNER 451900 
YLLCORNER 4086900 
CELLSIZE 100 
NODATA_value -9999 
[rows 222 to 295 of 307, columns 96 to 191 of 322]
18 10 9 5 3 3 1 0 1 0 0 0 0 0 0 0 0 1 1 1 1 1 2 3 1 6 17 31 13 7 9 17 19 27 5 3 1 0 1 3 3 5 7 15 17 23 30 45 44 42 39 35 35 34 31 26 25 27 40 41 35 33 8 17 2 6 5 6 10 9 6 7 4 5 9 6 5 1 1 0 3 3 3 4 7 4 16 25 41 20 19 27 19 16 29 21
14 6 3 3 1 1 1 1 0 0 0 0 0 0 0 0 1 1 1 3 1 1 2 3 4 5 6 11 39 15 11 25 37 11 3 3 1 0 1 4 4 5 10 13 16 21 25 35 42 36 36 24 27 29 32 48 55 23 8 11 10 9 5 4 12 1 3 3 10 8 6 12 4 4 8 5 4 1 4 3 9 29 7 7 7 12 7 8 41 61 38 43 45 30 30 31
6 3 2 2 1 0 1 0 0 0 0 0 0 0 0 0 0 1 1 3 3 2 3 5 11 8 5 11 33 24 20 30 14 8 3 2 1 0 2 2 3 5 10 12 14 17 22 26 37 37 34 31 44 23 35 69 17 15 10 9 2 8 7 3 3 4 1 5 6 5 10 9 2 3 3 4 2 1 1 3 3 2 18 13 9 13 17 9 9 41 79 60 57 40 49 45
7 3 1 1 1 0 0 0 0 0 0 0 0 0 0 0 0 2 5 5 14 6 5 7 17 20 8 19 27 49 37 16 6 5 4 1 0 0 1 2 3 7 10 12 13 19 21 22 33 32 30 31 46 33 14 10 13 10 8 5 16 28 5 8 5 24 8 3 4 4 9 7 5 5 4 5 2 2 3 8 8 3 1 5 38 28 16 18 16 16 67 63 57 53 41 35
9 3 1 1 0 0 0 0 0 0 0 0 0 0 0 0 0 1 4 13 27 12 12 8 15 29 33 17 33 42 16 10 3 2 2 1 0 0 1 2 3 4 7 7 9 19 25 31 29 27 38 44 36 25 22 17 25 16 9 27 5 7 17 24 8 38 8 5 1 4 3 5 4 3 4 4 3 1 3 10 6 5 13 10 11 6 10 22 25 37 21 36 52 39 27 33
5 2 1 0 0 0 0 0 0 0 0 0 0 0 1 1 1 2 2 4 7 22 12 17 13 19 42 48 35 27 9 7 8 7 6 1 0 1 1 1 3 5 10 13 17 23 26 27 29 29 31 25 18 24 19 19 33 21 30 7 8 12 10 12 27 8 13 10 17 2 1 3 6 1 1 2 1 3 6 2 40 21 39 24 42 18 36 29 26 18 21 42 36 29 23 15
6 3 2 1 1 1 0 0 0 0 0 0 0 0 0 2 2 4 3 7 9 10 29 41 15 20 35 49 36 14 18 13 10 7 6 2 1 1 2 2 2 7 8 9 10 18 19 22 34 29 38 30 30 28 19 27 33 64 23 15 10 20 28 55 15 9 12 8 4 3 4 2 3 1 1 2 2 2 22 12 5 4 16 39 24 29 26 37 21 33 32 28 22 30 29 38
5 3 1 1 1 0 1 0 0 0 0 0 0 0 1 1 4 11 14 8 9 7 8 34 19 23 27 67 44 27 38 32 12 10 8 1 1 1 3 4 3 6 9 13 12 13 12 17 30 31 27 26 26 19 36 34 17 17 10 19 11 8 9 16 6 3 4 4 1 2 0 3 1 1 2 1 1 3 2 4 6 7 12 19 14 15 28 39 22 30 23 15 22 18 21 26
2 3 1 1 0 1 0 0 0 0 0 0 0 0 0 1 3 6 14 20 30 29 9 14 45 14 17 46 60 67 39 28 19 11 3 1 1 2 4 6 12 9 6 13 16 16 18 17 18 19 16 15 19 20 29 14 15 12 12 11 12 10 14 13 11 13 10 10 6 4 3 2 1 0 1 1 0 2 2 5 10 13 13 37 21 11 23 14 17 33 17 13 13 22 23 21
5 4 2 1 1 1 1 1 0 0 0 0 0 0 0 1 3 5 13 23 28 32 25 24 23 31 20 26 61 58 43 26 18 10 6 2 2 4 4 12 16 17 23 13 16 19 17 19 22 21 21 21 21 18 10 10 7 6 5 5 4 4 4 16 17 15 4 8 5 3 1 1 1 1 0 1 3 2 3 15 11 17 21 26 24 20 13 16 18 22 26 20 17 16 23 15
4 2 2 1 1 2 1 0 0 0 0 1 1 1 1 1 4 8 16 28 28 23 12 25 51 34 20 23 47 56 51 39 13 11 5 3 2 5 6 8 16 19 23 38 24 22 15 27 38 42 45 32 16 12 8 11 7 7 13 12 7 10 8 5 4 5 5 4 5 4 3 3 5 0 1 1 3 4 6 4 6 15 24 17 23 44 35 23 24 21 15 14 23 16 17 11
8 6 2 3 3 2 0 0 0 0 1 1 2 2 1 1 4 7 13 22 26 38 11 26 23 39 36 41 57 60 53 39 19 7 7 3 3 6 11 8 11 19 24 23 31 45 32 15 29 43 48 50 29 15 15 18 25 22 24 29 19 16 13 7 11 16 7 6 2 7 8 7 6 5 3 6 8 2 13 6 46 25 17 34 25 22 33 37 57 30 18 15 18 11 6 8
17 5 5 5 2 1 0 0 0 0 1 3 2 2 1 1 3 9 15 19 27 29 19 13 25 25 57 48 38 39 34 27 11 5 3 3 3 9 12 10 16 23 24 28 28 31 34 52 29 33 38 31 26 30 23 30 25 29 37 23 12 13 16 9 6 4 7 7 2 2 1 1 0 0 2 0 3 15 8 9 3 9 32 38 20 25 48 30 48 26 37 24 13 16 12 14
22 13 11 4 1 1 1 0 0 1 2 4 6 3 1 1 3 6 7 23 34 33 35 16 19 29 33 59 34 26 21 14 6 2 1 4 8 9 15 20 21 24 24 27 33 37 38 39 47 33 36 30 34 47 24 22 28 22 23 22 18 24 21 18 9 4 8 5 6 2 3 1 1 1 3 1 1 2 4 4 3 2 36 58 34 36 49 62 44 42 44 39 32 41 19 7
15 18 10 2 1 1 0 0 0 1 5 6 9 7 4 2 3 5 7 17 20 32 55 29 15 33 30 59 40 31 13 6 6 4 3 9 10 9 17 20 22 25 25 34 41 41 54 40 47 55 40 47 37 37 28 21 19 21 40 24 31 17 12 18 13 6 4 4 3 1 6 1 0 2 1 2 2 9 10 8 10 7 5 29 44 60 75 54 37 33 23 28 31 15 11 15
42 26 8 4 2 1 1 1 1 1 4 10 16 17 7 4 8 10 7 10 31 38 31 45 12 21 29 45 38 35 29 22 14 5 5 9 10 8 21 20 21 27 27 40 52 47 62 51 38 26 55 74 69 32 33 11 17 20 29 17 31 16 11 8 6 4 2 3 1 4 1 1 0 1 1 1 2 3 6 7 7 7 12 13 32 24 16 55 41 32 30 18 13 16 16 13
24 10 6 3 1 1 1 1 5 4 4 8 22 23 16 11 5 13 11 16 26 30 37 50 27 29 37 53 51 46 41 22 16 6 5 10 19 13 17 22 26 28 34 55 52 56 58 54 51 37 37 50 51 48 24 10 15 18 11 22 25 19 3 17 2 3 3 2 1 2 1 0 0 1 2 1 3 7 35 12 25 12 15 15 15 12 27 32 29 39 20 14 15 14 11 10
10 5 2 1 0 1 2 2 6 9 6 6 16 31 32 14 6 15 24 35 32 16 45 63 42 37 47 48 43 56 45 21 17 7 4 14 18 16 12 19 33 28 39 45 50 55 57 55 52 48 36 47 55 40 30 9 13 24 18 14 14 13 2 5 4 3 4 1 2 1 0 1 1 1 1 1 1 4 10 5 13 24 32 16 23 19 19 30 24 14 16 21 23 20 19 9
6 3 2 1 0 1 3 5 8 13 15 11 19 31 35 24 8 17 20 55 43 17 38 54 50 21 17 73 69 44 39 29 17 7 3 16 24 22 15 32 34 45 38 45 54 43 59 56 54 59 37 46 46 30 28 7 12 13 16 15 10 7 5 4 4 3 2 1 1 0 1 1 1 1 1 1 2 7 7 8 12 12 39 39 28 40 43 28 16 14 12 10 16 17 13 9
5 3 1 1 1 2 6 6 9 20 31 21 16 27 45 41 16 11 26 40 46 27 37 49 61 24 27 73 54 54 53 35 22 4 4 21 22 14 35 24 38 47 40 47 45 43 64 53 52 49 46 36 24 26 53 15 6 15 20 10 6 3 2 4 3 2 1 2 1 0 0 0 1 1 2 2 4 16 16 18 15 17 25 28 36 51 39 39 32 26 17 19 18 9 11 5
3 5 3 1 1 3 6 10 11 15 26 25 18 31 46 45 19 12 45 36 35 41 38 52 65 68 52 70 65 61 49 31 13 6 8 19 22 25 28 42 28 42 53 43 33 40 53 55 53 44 46 44 34 30 44 20 21 6 11 21 8 5 2 1 1 2 2 1 0 0 0 1 1 1 1 2 4 28 28 27 32 13 16 21 24 33 46 47 26 23 24 18 19 13 15 8
9 6 4 2 2 5 8 13 14 19 31 41 34 36 37 56 24 15 35 35 37 44 43 52 70 75 56 72 47 45 50 27 9 7 8 9 16 45 27 30 42 36 48 40 39 55 53 40 48 48 40 36 47 53 47 35 8 3 11 11 10 3 2 1 1 1 0 0 0 0 2 1 0 2 1 2 2 9 11 23 15 25 42 31 23 21 18 23 26 26 20 17 16 15 11 5
17 7 3 4 3 5 11 18 28 33 36 32 48 28 44 57 27 32 20 49 51 46 35 51 60 60 44 36 29 37 26 24 7 4 7 10 25 37 39 25 30 49 21 57 38 42 54 37 32 58 44 22 42 42 34 32 23 4 3 3 5 4 2 1 1 0 0 0 0 0 3 1 1 2 31 15 8 12 14 24 32 48 35 44 38 45 34 35 34 24 20 10 8 9 4 1
8 2 2 6 9 6 14 23 21 37 41 40 56 26 46 53 32 42 21 37 57 48 62 40 68 55 36 35 26 26 28 11 5 6 15 11 14 24 37 35 46 30 28 32 58 37 29 39 45 60 45 32 20 22 19 30 32 3 3 4 3 1 1 1 0 0 0 0 1 1 0 1 6 11 28 22 21 24 21 38 52 39 29 16 29 27 38 37 25 28 22 9 7 5 2 1
4 1 4 11 11 13 19 25 29 25 41 48 62 42 48 56 28 40 49 28 30 46 41 73 48 59 32 32 33 18 8 8 9 10 18 21 20 12 19 11 21 30 39 61 34 42 46 39 34 34 39 39 13 11 7 5 11 8 3 1 2 1 0 0 0 0 0 0 0 1 1 0 1 8 3 14 60 60 53 51 63 39 26 29 33 19 20 22 34 29 6 7 7 7 8 3
4 2 7 20 29 15 23 26 34 37 41 49 52 57 38 57 28 28 46 36 32 53 26 55 64 36 27 25 9 9 14 19 19 11 23 21 20 18 15 30 25 27 37 51 60 34 26 45 25 37 28 24 19 13 6 7 2 5 3 1 1 1 1 0 0 0 0 1 0 1 1 2 4 3 4 5 19 31 45 35 19 23 24 29 24 23 28 22 15 11 8 5 3 3 10 5
6 2 9 28 28 19 21 29 25 36 46 49 50 56 54 72 30 29 41 43 39 49 71 48 31 42 40 30 19 16 25 24 23 12 10 20 17 23 31 29 29 33 35 41 38 49 27 22 30 27 23 15 20 12 6 2 1 2 1 1 1 0 0 0 0 0 0 1 0 1 1 2 18 10 12 11 7 5 21 36 34 14 19 16 28 27 14 7 5 3 3 5 6 9 10 10
8 4 11 30 29 29 20 35 25 38 63 48 43 47 71 70 28 29 27 39 38 52 74 20 43 43 31 26 33 33 42 47 27 22 12 23 18 27 40 21 31 44 53 45 31 38 26 39 22 25 34 38 11 4 3 2 2 0 0 2 0 0 1 0 0 0 1 2 1 1 1 15 25 16 13 10 11 16 13 19 29 20 15 20 28 27 15 11 10 5 4 4 10 11 12 12
9 6 12 33 33 31 20 44 41 41 62 45 62 52 52 57 58 37 49 30 42 35 73 59 39 29 30 38 31 46 54 53 29 17 14 8 23 36 22 37 43 40 56 57 55 33 41 11 6 7 29 4 9 5 5 2 0 0 0 0 0 0 0 0 0 0 1 0 0 1 1 1 1 5 11 9 12 15 13 14 21 12 20 22 31 40 29 39 18 11 4 10 12 13 19 13
9 7 13 33 36 46 22 45 49 45 38 44 35 60 57 28 26 58 34 32 26 47 54 34 33 29 33 37 48 75 49 31 20 20 23 9 16 19 48 42 43 47 50 62 33 45 28 21 12 18 14 1 13 11 4 1 1 1 0 0 1 0 0 0 0 0 0 3 1 0 2 7 7 13 14 13 13 18 20 31 25 24 25 26 28 39 48 20 17 7 6 12 13 15 21 6
6 20 22 34 41 49 28 26 34 51 55 51 29 25 43 60 23 18 63 49 21 44 57 35 44 21 50 73 60 40 29 32 30 21 15 6 14 10 28 37 39 65 57 35 20 34 23 29 29 26 10 5 8 10 5 4 1 0 0 0 0 0 0 0 0 0 0 0 0 0 1 3 5 9 16 23 15 17 13 24 12 11 15 41 41 45 31 20 6 8 15 14 16 26 24 8
11 26 35 38 40 36 42 34 33 24 38 53 20 17 39 46 46 35 10 25 23 42 25 30 23 51 41 31 38 29 34 43 36 14 18 10 19 23 31 28 19 41 37 20 26 26 27 16 24 21 15 8 14 7 3 1 0 1 0 0 0 0 0 0 0 0 0 0 1 1 1 3 8 11 12 22 15 15 13 21 31 25 42 36 36 29 35 20 10 15 17 17 28 27 24 14
18 27 35 34 39 52 43 55 43 32 22 31 60 19 39 31 31 48 26 13 19 45 11 29 65 28 28 39 46 47 40 27 14 17 22 16 20 27 33 25 30 41 28 14 33 31 10 9 28 16 4 3 4 2 2 0 0 0 0 0 0 0 0 0 1 1 0 1 1 1 3 4 11 19 26 31 22 16 22 25 34 31 41 30 35 37 21 15 11 17 17 19 30 41 13 11
23 31 35 21 26 63 62 48 39 36 51 30 32 49 25 27 32 12 45 18 19 30 56 36 28 38 47 51 52 53 35 20 15 17 31 14 17 28 41 44 39 42 40 31 32 13 14 16 8 8 5 3 3 2 1 1 0 0 0 0 0 0 0 0 0 0 0 0 1 1 4 4 7 18 32 23 20 30 23 27 34 36 28 38 36 26 9 10 17 17 26 29 36 35 18 12
31 42 37 26 32 51 48 58 58 31 40 47 35 37 48 25 34 14 13 27 11 11 42 42 41 40 38 47 52 33 35 33 26 11 21 7 13 18 32 49 45 42 22 30 21 27 15 12 11 14 6 3 2 2 1 1 0 0 0 0 0 0 0 0 0 1 1 1 0 1 3 4 9 9 16 42 20 25 11 12 16 19 35 34 29 24 17 14 19 18 27 21 58 26 21 17
25 31 41 32 34 34 45 41 45 47 55 42 35 37 59 45 15 11 14 12 30 29 37 30 41 50 50 50 48 43 35 34 28 14 28 9 11 21 32 44 43 49 45 35 29 24 20 24 9 8 6 3 2 2 1 1 1 0 0 0 0 0 0 0 0 0 0 0 0 2 2 3 9 12 18 14 12 7 5 17 30 30 13 27 41 37 15 21 20 29 22 23 54 26 22 19
28 43 47 43 42 32 30 44 45 44 55 51 44 36 44 44 23 22 13 16 12 30 35 35 24 38 40 46 31 47 44 36 28 25 35 6 22 30 32 28 20 43 48 36 24 26 28 16 9 16 12 8 1 1 2 1 0 0 0 0 0 0 0 0 0 0 0 1 1 1 1 3 5 7 18 5 7 10 7 31 28 13 25 28 35 49 26 34 34 20 21 15 41 26 23 18
28 39 63 42 45 40 33 45 46 40 36 45 39 38 52 25 27 30 16 13 11 20 23 20 21 37 43 40 42 35 32 34 44 39 16 5 23 38 44 40 31 40 49 32 25 29 15 9 12 19 11 6 4 2 1 0 0 0 0 0 0 0 0 0 0 0 1 1 1 2 3 8 5 5 4 7 17 25 13 27 27 29 23 25 25 29 39 38 23 24 21 8 30 38 7 10
32 24 49 57 40 39 32 46 47 37 31 31 41 50 41 34 25 31 16 8 12 39 22 38 24 30 42 50 40 30 42 46 41 28 18 11 16 31 54 60 49 42 27 37 21 22 14 10 12 6 3 2 2 3 1 0 0 0 0 0 0 0 0 0 0 0 1 1 2 1 3 3 2 4 5 19 18 26 36 8 20 24 30 36 29 25 51 42 24 26 15 18 34 26 11 17
29 26 34 58 55 37 43 45 39 37 36 26 34 45 39 24 20 11 16 7 11 34 22 41 27 30 37 29 36 30 59 40 30 23 26 20 25 31 37 47 60 56 41 29 34 10 9 14 7 4 3 2 2 1 4 0 0 0 0 0 0 0 0 0 0 0 2 2 1 1 1 3 3 8 8 20 22 28 18 24 25 12 31 29 25 33 40 28 39 21 13 16 47 21 14 20
35 55 40 41 49 38 32 42 41 29 38 25 12 19 42 40 27 13 9 16 8 38 42 17 28 40 23 25 24 41 35 40 38 16 20 14 23 42 37 34 33 37 27 41 20 19 7 12 12 3 4 4 2 2 1 0 0 0 0 0 0 0 0 0 0 0 2 0 1 0 1 4 12 5 8 20 13 14 27 24 7 11 26 32 41 38 33 21 34 25 15 20 38 30 22 20
30 39 49 50 47 32 34 38 31 26 26 29 21 23 23 30 21 5 7 14 6 26 21 25 30 27 13 25 23 30 45 40 49 26 19 18 21 42 31 39 49 31 16 34 10 21 11 7 8 6 8 4 3 1 1 0 0 0 0 0 0 0 1 0 0 1 0 0 2 2 5 4 5 11 9 6 12 31 16 8 6 21 38 30 35 40 25 22 19 19 29 20 21 38 22 20
39 48 41 45 43 33 37 31 32 24 13 22 23 30 23 21 18 17 22 20 10 18 14 20 19 33 24 26 43 21 38 49 42 32 34 12 18 35 54 35 36 27 27 20 15 9 18 3 5 4 5 3 2 1 1 0 0 0 0 0 0 0 0 0 0 0 0 1 1 1 1 4 12 21 8 7 24 25 21 12 13 21 8 13 31 48 24 22 18 28 27 18 15 57 22 32
39 41 34 32 10 22 44 24 31 29 18 17 26 30 17 20 12 21 13 18 13 10 21 12 15 24 50 38 19 30 30 42 44 29 28 11 19 39 29 33 29 19 31 27 24 8 3 15 3 8 3 2 1 1 0 1 0 0 0 0 0 0 0 0 0 0 0 1 1 1 1 4 16 13 6 17 15 10 11 53 34 11 16 31 21 18 26 13 16 24 25 20 29 59 40 36
35 25 15 7 6 12 41 22 13 17 17 11 12 27 37 25 6 5 15 7 10 10 20 21 6 25 41 20 19 35 19 46 52 42 22 4 14 28 30 35 23 20 23 25 25 13 4 2 1 1 3 2 0 1 0 1 0 0 0 0 0 0 0 0 0 0 0 0 1 1 1 6 10 4 6 17 18 2 19 18 11 23 38 31 22 21 21 7 23 23 26 19 40 81 44 24
34 36 22 20 21 17 18 32 8 10 7 17 13 18 29 16 25 4 6 9 13 14 22 35 22 9 24 28 25 16 38 35 37 35 21 8 7 17 40 38 12 22 34 24 18 7 6 5 3 2 1 1 1 0 0 0 0 0 0 0 0 0 0 0 0 0 0 0 0 0 2 2 4 8 5 7 5 5 13 11 13 30 33 22 19 10 7 6 15 21 24 22 37 65 40 12
45 28 32 26 15 18 13 14 17 16 11 30 13 16 10 10 14 13 8 11 12 10 20 19 5 10 19 16 17 24 43 41 19 22 31 16 11 12 19 25 5 10 11 10 9 5 4 3 9 4 2 1 1 0 0 0 0 0 0 0 0 0 0 0 0 0 0 0 1 1 0 1 1 3 4 9 2 15 14 31 15 16 11 14 16 13 8 15 16 25 22 31 37 64 11 9
24 25 29 22 23 14 10 19 32 30 8 9 19 15 5 4 3 5 9 8 2 3 6 10 16 3 17 35 11 35 26 28 27 20 34 13 22 6 23 32 23 8 10 9 4 4 1 1 1 2 1 2 1 0 0 0 0 0 0 0 0 0 0 0 0 0 0 0 1 0 1 1 2 2 1 3 12 19 36 11 12 15 19 28 15 9 7 16 23 23 21 15 47 63 36 8
23 38 25 24 22 20 15 21 32 18 17 8 6 10 11 5 7 4 2 5 2 4 14 15 11 8 17 9 11 32 25 35 23 10 26 11 14 11 8 24 15 25 15 7 4 5 4 1 2 2 2 1 0 0 0 0 0 0 0 0 0 0 0 0 0 0 0 0 1 1 1 1 1 1 4 7 6 14 18 11 9 13 18 19 12 11 8 19 23 15 20 22 13 35 33 9
26 26 22 16 23 31 12 18 18 22 15 12 16 7 3 9 6 2 3 4 7 2 2 5 6 15 14 27 11 15 28 22 17 32 16 9 12 20 7 24 26 23 24 6 5 10 4 1 2 3 1 1 0 0 0 0 0 0 0 0 0 0 0 0 0 0 0 0 0 0 0 0 2 5 3 4 4 6 7 8 5 9 12 17 14 12 8 15 25 13 21 14 19 21 19 11
21 20 34 19 30 37 8 13 19 21 19 13 19 11 15 5 9 12 2 5 8 2 3 5 7 19 19 38 14 16 20 23 34 16 12 8 8 27 9 11 20 28 10 9 10 8 1 1 7 13 1 1 1 0 0 0 0 0 0 0 0 0 0 0 0 0 0 0 0 1 1 2 1 2 2 2 2 7 6 6 10 21 11 10 15 7 12 12 23 10 13 4 2 6 28 41
21 26 31 28 22 17 8 13 20 22 18 11 7 7 12 11 5 2 3 2 3 1 3 2 8 10 25 16 18 31 31 27 19 20 7 3 3 28 9 8 13 13 11 9 8 5 0 2 2 2 2 1 0 0 0 0 0 0 0 0 0 0 0 0 0 0 0 0 0 1 2 2 1 1 1 2 11 13 6 7 15 13 13 22 4 7 14 16 22 9 4 3 8 9 8 21
23 12 12 27 20 23 15 5 17 16 19 11 10 5 7 4 6 1 2 1 1 2 2 3 3 10 7 15 25 46 24 33 24 26 17 2 15 22 8 8 14 6 11 8 6 3 1 2 1 1 1 0 1 0 0 0 0 0 0 0 0 0 0 0 0 0 0 0 0 0 1 1 1 1 2 4 7 6 5 17 16 12 18 6 6 15 30 13 4 3 5 10 6 26 13 20
19 4 13 22 27 20 20 8 6 10 13 6 7 6 7 7 2 1 4 1 0 2 11 4 4 5 3 7 12 19 25 31 21 11 14 7 14 9 12 9 17 12 8 11 10 5 2 1 1 1 1 1 0 0 0 0 0 0 0 0 0 0 0 0 0 0 0 0 0 0 1 1 1 2 3 4 7 10 9 17 14 8 6 4 14 30 6 2 3 6 7 14 21 15 16 8
16 6 7 5 17 18 24 10 1 6 10 5 6 4 13 5 2 0 1 1 0 2 4 2 3 1 5 12 15 16 24 18 22 16 9 7 9 8 8 5 2 10 7 16 8 7 6 8 4 3 1 2 0 0 0 0 0 0 0 0 0 0 0 0 0 0 0 0 0 0 0 1 2 5 2 2 8 15 8 8 5 11 2 10 14 5 1 5 7 11 12 11 13 19 15 7
20 11 15 4 16 23 18 9 2 2 1 7 7 4 3 4 1 1 1 2 1 0 2 3 2 2 7 11 14 12 12 11 20 15 12 13 16 4 10 7 3 5 6 7 13 4 2 1 1 1 0 1 0 0 0 0 0 0 0 0 0 0 0 0 0 0 0 0 0 0 0 1 2 2 2 4 12 12 12 10 6 4 12 13 7 2 4 11 10 9 12 9 13 13 10 9
27 8 15 3 7 16 9 3 2 2 2 3 4 8 4 3 1 1 1 1 1 1 3 2 2 4 3 8 13 14 9 17 11 6 14 12 9 8 6 10 6 4 5 5 6 4 6 2 1 2 2 1 0 0 0 0 0 0 0 0 0 0 0 0 0 0 0 0 0 0 0 1 2 2 2 3 4 5 18 5 4 4 9 3 4 12 11 10 9 10 8 6 4 3 5 7
16 7 14 6 4 14 9 9 6 5 3 3 4 5 4 4 3 1 1 1 0 1 1 2 4 3 7 14 14 8 11 13 7 5 26 13 8 8 6 3 3 4 5 8 6 5 8 2 3 1 2 0 1 0 0 0 0 0 0 0 0 0 0 0 0 0 0 0 0 0 0 1 1 2 2 1 3 9 8 18 13 7 3 4 4 6 6 14 11 7 10 5 4 2 3 1
12 7 12 9 6 7 3 10 4 3 4 2 4 2 1 3 1 1 1 1 1 0 0 3 3 4 5 6 8 8 10 10 12 7 18 10 10 6 14 4 8 9 3 4 6 9 10 4 4 3 1 0 1 0 0 0 0 0 0 0 0 0 0 0 0 0 0 0 0 0 0 0 0 1 2 1 5 13 45 12 7 3 1 4 3 16 10 7 8 10 17 11 3 3 3 1
17 7 11 7 5 4 2 7 8 4 3 3 2 2 1 2 1 1 0 0 1 0 1 2 2 2 4 8 7 9 7 9 7 13 14 10 14 26 7 4 5 5 6 4 12 4 6 7 2 2 1 1 0 0 0 0 0 0 0 0 0 0 0 0 0 0 0 0 0 0 0 0 1 2 1 6 8 13 11 15 4 1 3 7 6 8 11 5 8 13 9 8 2 2 2 1
15 7 16 8 3 3 5 3 9 3 5 4 2 1 1 1 0 1 1 0 0 1 1 1 1 1 6 5 3 6 8 3 6 17 6 21 7 23 13 4 10 4 9 5 13 10 6 5 2 2 1 0 0 0 0 0 0 0 0 0 0 0 0 0 0 0 0 0 0 0 0 0 0 1 5 4 3 14 7 12 6 3 4 9 15 7 8 10 10 6 6 3 2 1 1 1
10 5 17 8 2 2 13 6 4 3 3 3 1 2 1 1 1 1 1 0 0 0 0 0 0 1 5 8 7 4 3 2 5 12 9 6 11 10 10 4 9 2 7 2 7 8 8 5 2 2 1 1 0 0 0 0 0 0 0 0 0 0 0 0 0 0 0 0 0 0 0 0 1 3 3 2 2 19 12 6 6 4 8 4 12 10 5 7 6 5 3 1 6 1 1 0
17 4 11 4 2 3 5 4 3 8 5 2 2 1 1 1 1 1 0 0 0 0 0 1 1 2 3 4 4 3 2 2 9 6 11 7 17 6 5 5 9 2 7 4 4 6 11 4 2 2 1 1 0 0 0 0 0 0 0 0 0 0 0 0 0 0 0 0 0 0 0 0 1 1 1 1 3 12 10 2 2 5 11 9 10 7 2 4 9 5 2 1 3 1 1 1
13 4 9 3 2 3 3 11 3 6 9 4 1 1 0 1 1 1 0 0 0 0 0 1 0 1 1 2 2 1 3 2 19 8 10 11 11 4 3 11 4 3 4 13 14 5 4 3 4 2 1 1 0 0 0 0 0 0 0 0 0 0 0 0 0 0 0 0 0 0 0 0 0 1 2 2 8 10 12 2 2 9 10 8 7 6 2 2 4 3 1 1 1 1 1 1
18 13 2 5 2 2 5 7 3 2 4 2 4 0 1 2 1 0 0 0 0 0 0 0 0 0 3 1 2 2 2 6 1 3 2 6 5 3 2 11 4 3 1 5 23 5 2 3 3 1 1 1 0 0 0 0 0 0 0 0 0 0 0 0 0 0 0 0 0 0 0 0 1 1 2 6 3 9 8 3 3 12 6 4 5 2 3 2 1 2 2 1 1 1 1 0
10 2 2 3 2 2 8 5 5 1 1 1 3 0 0 0 0 0 0 0 0 0 0 0 1 1 1 2 2 1 5 2 4 3 6 6 4 4 2 6 2 6 3 6 13 8 3 2 3 2 1 1 0 0 0 0 0 0 0 0 0 0 0 0 0 0 0 0 0 0 0 1 1 2 5 18 1 11 5 5 4 4 5 2 2 2 4 4 2 1 2 1 1 1 1 0
9 2 1 3 2 2 4 1 2 3 0 1 2 1 0 0 0 0 0 0 0 0 1 0 0 0 1 3 1 3 2 3 7 14 7 5 14 3 6 9 3 3 4 7 8 4 2 4 2 1 1 1 1 0 0 0 0 0 0 0 0 0 0 0 0 0 0 0 0 0 0 0 2 5 5 2 4 8 7 3 2 3 7 2 3 3 3 1 2 1 0 1 1 0 0 0
8 1 2 3 1 1 2 0 0 0 1 2 0 1 0 0 0 0 0 0 0 0 0 0 0 0 0 1 1 2 1 2 5 4 2 10 3 2 14 3 5 8 6 5 7 3 2 1 2 0 0 0 0 0 0 0 0 0 0 0 0 0 0 0 0 0 0 0 0 0 0 1 2 1 5 3 4 3 2 1 1 5 4 4 2 2 2 1 1 1 1 0 0 1 0 0
8 1 1 3 1 3 2 1 0 1 1 1 1 1 0 0 0 0 0 0 0 0 0 0 0 0 0 2 1 1 1 4 1 2 10 1 2 3 6 2 6 5 4 11 8 4 2 1 1 1 0 0 0 0 0 0 0 0 0 0 0 0 0 0 0 0 0 0 0 0 0 2 2 2 0 2 5 1 2 2 2 3 4 2 1 1 1 1 0 1 0 1 0 0 0 0
3 1 1 4 1 2 3 2 1 1 0 2 0 1 0 0 0 0 0 0 0 0 0 0 0 0 1 1 2 0 4 0 1 4 4 2 4 4 8 4 1 7 6 8 10 3 1 0 0 1 1 0 0 0 0 0 0 0 0 0 0 0 0 0 0 0 0 0 0 0 1 3 3 1 1 3 3 2 2 1 2 2 2 2 2 1 0 1 0 1 0 0 0 0 0 0
2 1 1 2 0 1 2 0 0 1 1 1 0 0 0 0 0 0 0 0 0 0 0 0 0 0 2 0 1 0 2 1 0 6 2 1 3 14 5 3 2 5 5 6 2 2 1 1 0 0 0 0 0 0 0 0 0 0 0 0 0 0 0 0 0 0 0 0 0 1 1 2 2 1 1 3 2 1 1 1 1 1 2 1 1 1 0 0 1 0 0 0 0 0 0 0
5 1 2 1 0 2 1 0 0 0 1 0 1 0 0 0 0 0 0 0 0 0 0 0 0 0 1 0 0 1 1 1 2 2 2 1 2 10 10 4 2 3 2 5 3 2 0 0 0 0 0 0 0 0 0 0 0 0 0 0 0 0 0 0 1 1 1 2 1 3 2 4 2 0 4 5 1 1 1 1 1 1 2 1 1 1 0 0 0 0 0 0 0 0 0 0
3 2 0 0 0 1 0 0 1 1 0 0 0 0 0 0 0 0 0 0 0 0 0 0 0 0 0 0 1 0 0 1 2 1 1 2 4 9 6 2 2 3 2 2 1 1 1 1 0 0 0 0 0 0 0 0 0 0 0 0 0 0 0 0 0 0 1 1 3 7 13 8 1 2 3 4 1 0 1 2 1 2 1 1 0 1 0 0 0 0 0 0 0 0 0 0
2 0 0 0 0 0 0 0 0 0 0 0 1 0 0 0 0 0 0 0 0 0 0 0 0 0 0 0 0 0 1 1 0 0 1 1 0 7 4 1 1 2 1 1 1 1 0 0 0 0 0 0 0 0 0 0 0 0 0 0 0 0 0 0 0 0 1 15 14 12 9 1 1 2 3 5 4 1 1 1 1 1 1 1 1 1 0 0 0 0 0 0 0 0 0 0
