sesion_6_simulaciones/modelos_agentes/ejemplos_netlogo/scenarios/echam4_a2/rob_2027.asc
NCOLS 322 
NROWS 307 
XLLCORNER 451900 
YLLCORNER 4086900 
CELLSIZE 100 
NODATA_value -9999 
[rows 74 to 147 of 307, columns 0 to 95 of 322]
0 1 0 0 0 0 0 0 0 0 0 0 1 0 1 0 0 0 0 0 0 0 0 0 0 0 0 1 1 0 1 1 3 5 4 9 17 14 11 10 3 8 4 1 1 0 2 3 3 5 2 4 3 2 5 2 2 4 3 4 3 12 10 12 5 4 4 7 12 16 28 17 11 6 29 62 34 37 49 68 74 35 52 60 64 27 15 12 20 14 16 19 14 14 23 19
0 0 0 0 0 0 0 0 0 0 0 0 0 0 0 0 0 0 0 0 0 0 0 0 0 0 0 1 0 0 0 0 1 4 14 20 10 10 30 21 5 8 10 5 2 0 2 3 2 3 4 4 3 2 3 4 2 2 2 2 2 5 19 23 8 10 20 15 12 5 9 18 17 12 21 68 34 16 13 49 51 48 49 37 17 47 44 19 18 14 18 30 30 20 15 55
0 0 0 0 0 0 0 0 0 0 0 0 0 0 0 0 0 0 0 0 0 0 0 0 1 1 0 0 0 0 0 0 0 1 4 14 14 26 19 10 11 31 11 5 5 2 2 2 2 4 7 2 4 3 4 2 8 3 1 1 3 17 10 21 22 20 29 26 33 19 17 7 6 6 18 66 74 33 19 14 41 49 34 16 16 63 59 53 43 13 9 7 35 42 30 43
0 0 0 0 0 0 0 0 0 0 0 0 0 0 0 0 0 0 0 0 0 0 0 0 0 0 0 0 0 0 0 0 0 1 6 4 7 9 4 6 34 9 11 9 13 15 5 1 2 5 5 4 4 3 6 3 3 3 2 3 8 13 12 25 15 24 29 32 34 37 35 34 31 23 11 21 51 43 31 11 38 62 22 14 46 68 22 61 49 32 16 34 49 48 40 29
0 0 0 0 0 0 0 0 0 0 0 0 0 0 0 0 0 0 0 0 0 0 1 0 0 0 0 1 0 0 2 1 2 3 5 5 3 6 8 18 13 24 8 12 15 37 13 11 15 8 7 3 4 3 2 1 4 3 8 10 9 6 9 6 16 24 27 44 40 34 34 47 33 32 16 6 7 20 24 16 26 29 23 26 57 29 21 14 14 38 29 35 27 36 39 39
0 0 0 0 0 0 0 0 0 0 0 0 0 0 0 0 0 0 0 0 0 0 0 0 0 0 0 0 0 1 1 2 14 26 39 33 18 6 15 19 19 36 23 5 7 10 29 33 48 47 34 19 11 9 6 3 3 5 10 10 4 5 6 5 6 11 9 6 13 33 39 34 34 37 26 21 12 22 9 7 20 28 24 37 54 25 37 26 14 28 34 52 68 57 46 47
0 0 0 0 0 0 0 0 0 0 0 0 0 0 0 0 0 0 0 0 0 0 0 1 0 0 0 0 0 2 1 1 2 13 47 60 19 7 10 28 22 17 34 21 7 7 13 31 63 70 80 82 70 28 20 11 9 11 8 10 8 6 5 2 12 13 8 15 16 30 41 30 37 41 36 21 19 9 6 1 10 25 25 37 38 35 18 18 18 24 59 60 65 38 39 60
0 0 0 0 0 0 0 0 0 0 0 0 0 0 0 0 0 0 0 0 0 0 1 11 1 0 0 0 0 3 2 2 1 2 5 32 22 10 7 18 33 58 24 42 33 15 10 4 3 9 28 40 56 69 55 27 13 6 9 8 4 10 5 22 5 3 7 5 9 17 17 45 39 42 43 27 8 1 4 3 7 15 15 39 23 33 46 46 27 19 14 9 30 21 25 38
0 0 0 0 1 0 0 0 0 0 0 0 0 0 0 0 0 0 1 11 10 14 25 7 27 7 2 0 0 0 1 5 5 9 12 6 4 4 3 12 15 13 18 40 24 18 22 15 5 1 1 2 8 32 30 60 34 18 8 36 46 23 15 7 28 15 5 10 3 3 18 31 49 35 23 24 15 10 10 20 8 6 23 51 21 42 46 45 42 44 26 12 10 22 46 58
0 0 0 0 0 0 0 0 0 0 0 0 0 0 1 1 1 8 13 20 2 8 3 1 2 2 2 0 3 3 1 4 3 2 6 8 4 4 11 17 34 40 14 10 6 7 8 6 1 4 5 2 10 6 8 18 34 27 53 48 16 8 9 13 26 7 8 12 14 13 55 46 47 31 27 30 34 39 24 13 19 14 43 50 31 61 62 83 62 60 59 46 11 8 9 9
0 0 0 1 0 0 0 0 0 0 0 0 0 0 0 1 1 5 1 3 3 1 1 1 1 2 2 3 9 9 15 1 3 7 16 10 4 11 15 16 28 40 39 27 3 1 3 4 4 2 2 14 39 24 21 17 10 33 64 22 15 14 7 8 17 12 17 12 33 44 35 35 36 30 31 30 35 30 40 12 16 13 21 19 30 67 29 51 58 74 45 49 45 22 13 8
0 0 0 0 1 1 1 0 0 0 0 0 0 0 1 1 1 2 1 1 1 4 1 0 0 0 3 1 1 1 1 1 4 12 8 12 4 33 21 23 37 36 47 39 19 22 29 22 25 30 22 29 39 33 24 16 23 26 18 20 20 32 25 15 10 5 5 34 30 20 29 23 54 28 23 51 38 32 32 21 16 10 10 24 6 43 33 63 61 74 78 79 58 33 16 11
0 0 1 1 0 0 0 1 0 0 0 0 0 0 0 0 0 1 0 0 2 1 0 1 3 2 2 0 1 1 2 2 6 6 6 10 6 18 16 34 44 23 43 29 19 25 35 23 19 30 31 16 24 29 23 24 36 16 21 29 43 28 13 10 12 12 11 6 10 17 10 24 11 9 48 36 26 29 54 33 34 16 8 15 30 36 33 30 62 57 45 43 63 22 16 9
0 0 0 1 0 1 0 1 0 0 0 0 0 0 0 0 0 1 1 1 0 3 2 8 9 7 7 19 11 3 1 1 2 1 3 2 8 12 16 30 34 15 8 14 13 21 37 5 16 25 20 25 28 42 30 22 24 12 22 26 37 14 15 9 16 17 34 45 40 23 28 18 19 14 11 10 38 48 18 28 27 18 15 11 14 15 23 35 43 51 10 23 35 36 14 8
0 0 1 1 1 0 0 0 0 0 0 0 0 0 1 0 1 1 2 1 3 2 2 3 26 21 21 21 8 23 18 15 7 2 1 4 4 11 10 21 13 8 21 12 28 34 41 11 21 39 18 16 27 50 31 11 19 12 22 32 18 3 2 8 24 9 5 18 44 18 29 23 15 18 25 16 17 25 20 16 10 14 25 21 12 11 8 5 15 15 6 22 11 30 21 12
0 0 0 1 0 0 0 0 0 0 0 0 0 0 0 1 0 4 1 1 5 1 2 12 16 37 37 30 19 21 22 29 7 19 12 7 2 2 4 3 3 9 12 15 18 22 27 9 11 30 11 28 9 40 45 9 20 10 44 18 13 13 14 26 25 6 4 3 57 26 27 18 16 14 14 34 35 52 46 44 55 34 17 10 27 30 23 18 6 4 8 17 20 6 13 10
0 0 1 0 0 0 1 0 0 0 0 0 0 0 0 3 5 0 2 3 1 0 14 26 51 6 42 44 19 30 32 32 20 34 18 28 22 10 2 1 2 6 6 4 13 28 10 13 15 14 13 29 20 45 3 27 37 18 25 7 5 22 32 19 12 10 6 4 17 74 65 37 19 49 45 44 69 59 23 30 51 41 53 46 39 36 29 25 16 6 3 12 12 4 2 1
0 1 1 0 0 0 0 0 0 0 0 0 0 5 2 1 3 9 3 3 5 3 1 19 38 18 8 57 58 21 10 47 26 43 44 60 30 15 15 2 8 11 14 1 2 5 8 5 8 13 51 57 68 44 58 23 6 25 5 3 5 23 14 6 4 5 30 27 11 9 38 31 71 89 71 51 29 24 68 35 9 35 51 42 28 30 29 23 16 5 4 3 2 1 2 6
0 0 0 0 0 0 0 0 0 0 0 0 0 0 0 9 9 10 8 2 2 4 1 23 7 30 29 39 77 44 7 8 7 15 18 41 26 36 49 25 14 5 21 35 32 33 31 14 25 64 81 59 24 32 64 73 40 10 14 15 9 22 10 9 10 12 9 9 23 11 13 16 11 15 11 58 32 29 18 34 46 17 21 51 31 29 25 16 15 14 6 1 4 10 4 6
1 1 0 0 0 0 0 0 0 0 0 0 1 1 1 1 10 17 38 17 2 26 6 4 3 11 7 2 27 31 61 18 5 4 28 9 22 53 24 17 34 11 19 44 60 48 33 52 63 66 82 75 40 75 69 82 49 63 43 35 23 29 5 8 7 10 4 13 12 7 7 3 10 10 9 22 19 25 18 19 29 49 25 26 28 25 10 12 5 3 7 11 13 2 2 2
1 0 0 0 0 0 0 0 0 0 0 0 1 4 2 2 2 20 7 15 8 10 7 9 3 21 7 6 3 34 73 41 10 9 8 29 15 29 67 19 56 8 26 67 67 60 53 78 75 89 85 71 65 91 83 84 70 75 68 27 28 26 5 8 6 10 24 48 26 17 10 29 33 26 18 10 14 28 32 22 12 12 34 30 22 9 9 4 4 13 16 11 16 14 6 3
1 0 0 0 0 0 0 0 0 0 0 0 2 2 4 2 4 4 7 9 12 21 4 9 6 15 17 5 4 12 48 62 35 23 7 16 3 13 60 19 49 14 29 61 60 61 82 84 80 88 84 51 72 69 71 67 64 80 23 16 47 20 14 11 15 10 21 35 33 19 60 20 8 15 17 27 61 58 53 39 28 18 16 19 10 5 12 11 12 16 31 22 10 5 7 5
1 0 0 0 0 0 0 0 0 0 0 1 3 2 1 3 6 2 3 4 5 8 4 10 22 8 26 16 11 4 34 67 9 10 14 16 4 41 64 58 67 65 36 45 63 73 90 86 67 85 66 22 51 15 30 63 78 70 37 72 67 59 29 9 10 14 22 22 22 52 18 28 35 14 19 50 38 25 49 54 51 20 8 6 4 8 15 32 30 32 28 30 12 11 9 17
2 1 0 0 0 0 0 1 0 0 1 2 18 5 2 3 4 4 8 7 2 2 7 26 37 39 21 31 19 9 35 62 12 10 35 33 11 33 20 56 76 89 56 56 60 64 89 84 42 63 22 32 18 8 3 7 56 75 77 77 55 73 17 13 48 59 22 8 21 20 27 48 20 52 54 15 37 61 45 58 44 42 34 13 19 23 36 39 48 31 46 37 26 27 21 29
3 5 1 0 0 0 0 0 0 0 0 0 9 24 4 10 4 11 15 17 22 11 13 22 26 36 33 50 34 32 17 40 19 21 25 12 17 43 22 30 45 80 70 71 61 62 87 92 81 65 36 19 5 6 2 4 8 6 81 71 69 25 14 46 28 39 35 16 16 11 44 32 58 38 29 18 20 14 39 45 60 60 39 24 29 48 43 38 56 25 70 30 32 30 21 23
0 15 8 1 0 0 1 0 0 0 1 3 3 4 22 25 4 8 24 20 23 16 22 47 52 61 60 50 48 51 8 32 50 34 25 19 18 26 13 6 17 74 25 32 29 34 78 82 72 41 30 35 26 24 11 16 5 18 12 13 18 20 42 48 40 22 21 12 18 24 24 39 28 25 13 10 13 34 41 57 59 60 40 39 30 43 54 26 54 43 73 44 40 19 29 37
0 0 12 3 1 0 1 0 0 1 1 4 5 3 17 4 38 9 7 10 16 11 4 7 14 31 37 20 48 51 27 59 76 58 28 54 28 32 26 9 48 67 61 36 38 39 16 37 57 15 30 41 35 30 43 27 15 37 23 38 29 16 40 45 30 19 21 11 30 14 6 9 39 36 29 25 35 45 45 51 48 57 48 43 43 37 48 40 70 70 20 43 47 43 43 28
0 0 0 1 3 0 1 0 1 0 1 2 4 1 2 9 11 43 14 14 8 21 19 22 37 44 41 25 10 13 14 59 58 42 61 66 76 67 21 19 56 47 83 64 57 45 41 14 7 16 43 44 36 34 23 43 47 33 30 30 42 39 54 47 25 18 14 23 34 9 5 14 16 25 28 47 41 47 48 50 46 43 37 52 52 37 39 42 58 10 27 43 32 11 7 18
0 0 0 2 3 1 1 0 0 0 0 3 4 6 9 8 6 8 13 17 25 38 32 37 46 66 47 49 35 16 10 6 43 65 67 38 84 69 46 69 75 32 76 52 82 76 38 18 13 8 27 43 38 35 47 27 52 43 44 32 52 56 73 71 35 16 10 9 22 8 7 10 6 8 8 39 33 36 41 41 44 36 41 52 27 55 45 66 29 21 41 40 40 24 20 32
0 0 0 3 4 0 1 0 0 0 1 3 10 8 4 4 5 11 11 13 29 33 62 50 53 45 68 53 26 29 23 21 10 40 60 22 31 25 75 54 50 19 80 48 27 12 31 22 27 16 25 44 55 49 41 28 20 31 8 16 36 28 51 51 6 16 18 8 16 19 29 24 10 19 23 10 35 36 40 39 30 54 25 11 29 64 36 59 26 12 20 24 27 24 36 39
0 0 0 2 2 3 1 0 0 0 1 1 3 3 18 17 11 7 6 8 9 21 62 64 33 28 34 41 48 45 33 37 23 10 9 28 14 27 77 26 21 34 61 28 27 20 40 29 28 22 12 30 39 45 34 25 23 23 13 20 21 15 17 10 14 15 16 11 14 27 29 9 25 29 22 21 43 39 37 31 65 23 22 33 35 51 39 30 31 5 7 23 25 39 42 58
0 0 0 2 3 3 1 0 0 2 1 2 2 3 5 5 20 22 36 38 24 29 26 20 11 5 19 37 45 34 49 54 21 12 4 7 22 56 41 38 10 62 76 41 41 40 38 44 46 13 18 27 26 29 21 27 25 11 18 8 15 7 14 34 32 13 18 20 28 27 27 22 13 40 19 22 34 26 33 54 30 23 33 22 41 18 38 45 51 24 16 21 35 37 25 55
0 0 0 3 5 3 1 1 1 0 1 1 3 9 8 24 19 28 37 27 26 46 25 18 22 21 7 17 27 19 20 16 11 23 23 25 44 34 50 28 33 41 61 63 54 44 20 24 28 11 9 32 42 51 52 36 25 15 29 48 43 25 19 27 12 7 41 39 22 19 15 73 56 36 29 17 17 19 24 45 18 29 29 12 29 26 41 51 34 52 35 42 34 50 43 51
0 0 0 0 13 9 4 0 0 0 1 6 7 44 23 58 33 16 26 43 43 42 49 27 20 21 20 11 20 20 12 12 21 31 37 39 16 21 29 31 28 11 19 43 48 28 7 12 12 13 20 24 22 24 21 22 28 11 53 54 36 39 12 12 18 12 38 82 74 54 41 33 67 77 42 26 24 29 42 27 7 39 13 23 27 43 19 21 24 36 53 44 70 47 25 29
0 0 0 0 3 5 3 1 0 1 1 4 4 10 41 37 48 55 41 45 36 27 45 23 13 12 7 5 5 6 15 17 29 30 17 34 33 31 26 19 8 17 34 11 46 37 30 27 21 10 10 11 12 40 33 32 27 9 15 20 24 21 39 24 35 37 23 64 72 68 19 38 43 28 67 57 24 27 29 25 37 45 19 69 45 37 35 45 34 43 57 63 35 31 28 14
0 0 0 0 0 12 14 1 1 1 2 3 3 6 5 6 3 8 25 39 38 35 47 53 30 20 23 18 9 6 11 4 8 15 16 27 30 21 29 11 7 25 15 19 46 31 32 25 25 14 11 12 14 32 50 9 17 17 34 32 27 51 45 54 62 36 42 29 65 46 55 26 26 30 32 55 46 53 42 49 24 37 40 60 48 57 51 26 34 79 49 26 46 34 38 34
0 0 0 0 0 2 5 1 1 1 1 2 10 10 22 19 9 5 14 34 44 64 69 69 61 25 16 7 4 6 6 2 2 3 9 9 16 20 14 16 18 24 9 33 8 5 13 16 19 16 20 25 16 31 26 25 22 36 45 17 41 40 26 29 85 49 43 24 11 62 74 39 47 22 54 69 59 79 63 55 45 41 24 53 76 57 67 60 58 69 65 40 54 56 59 37
1 0 0 0 0 0 5 2 1 1 0 7 4 8 24 15 12 33 16 48 77 57 34 44 51 27 21 19 7 1 6 7 12 6 2 7 20 19 5 12 29 34 31 32 11 7 14 31 33 35 19 43 34 38 29 23 24 15 16 46 33 17 17 27 25 59 35 31 15 32 55 82 73 29 12 52 33 70 22 13 44 76 13 36 15 48 51 79 81 70 82 59 57 60 59 57
0 1 0 0 0 1 3 14 1 2 3 5 3 4 5 14 40 36 30 15 15 50 60 42 42 32 42 49 27 11 10 20 15 15 15 6 5 11 10 14 15 25 25 26 21 18 35 38 25 24 28 21 33 29 27 36 46 56 36 18 41 23 16 52 21 45 52 29 18 16 50 66 69 54 30 38 11 60 37 20 4 43 35 36 37 68 33 41 21 15 55 40 47 78 62 75
0 0 1 1 0 1 4 0 0 1 2 6 13 4 8 22 30 32 30 26 19 6 44 72 56 50 43 46 49 20 19 27 14 16 28 32 11 5 5 12 22 20 13 43 24 26 22 52 53 33 44 19 32 60 77 72 44 32 27 26 30 66 42 14 51 20 50 42 27 8 51 56 50 66 27 39 13 57 72 25 15 57 19 35 33 10 44 33 13 26 78 47 28 65 82 82
1 0 0 1 0 0 5 0 0 0 1 4 10 5 3 11 19 32 35 45 37 31 14 32 38 38 13 16 36 20 15 16 11 9 13 19 14 9 7 14 14 8 9 9 31 34 25 37 28 17 15 44 29 22 21 16 21 14 30 39 29 47 55 24 25 49 10 58 42 13 35 63 45 62 33 32 17 62 29 27 8 73 40 28 42 32 18 32 25 39 64 78 35 35 69 75
2 1 0 0 1 0 3 1 1 0 0 0 5 4 4 9 10 15 40 58 56 34 23 10 8 4 14 9 2 4 14 2 4 10 16 11 13 18 13 10 21 20 27 22 31 35 26 25 18 21 38 46 44 57 33 48 47 37 27 45 21 29 40 41 25 69 40 49 69 28 18 34 64 37 63 28 21 58 44 65 52 59 83 44 39 37 16 44 31 18 44 82 48 24 24 68
6 1 1 0 1 1 3 2 1 1 0 0 1 4 10 8 21 19 32 39 43 31 18 24 13 13 13 6 1 2 7 6 5 7 7 10 17 15 9 15 31 27 24 22 14 24 29 26 23 53 41 61 47 45 43 62 61 50 47 52 41 45 27 42 23 61 53 29 68 51 11 35 52 36 73 34 44 35 44 37 63 40 79 60 23 38 36 63 27 17 19 59 50 26 44 37
4 2 1 0 1 0 2 1 1 1 1 0 3 4 4 7 14 18 27 32 33 33 27 22 34 24 25 14 4 2 2 1 1 7 8 4 16 13 6 6 21 20 15 12 23 16 17 16 13 40 59 59 62 45 27 41 71 41 60 59 59 62 31 14 18 18 38 25 43 58 31 25 24 69 54 46 66 36 48 73 61 35 50 76 35 37 20 20 19 26 25 62 48 52 34 13
10 4 3 1 0 1 1 0 1 0 1 2 1 9 6 6 35 32 60 57 41 63 44 45 20 22 25 24 17 2 1 2 12 10 24 23 17 26 23 17 18 17 16 13 13 12 13 21 18 17 15 26 19 34 53 63 74 36 88 77 31 69 45 50 49 22 13 9 27 43 24 40 24 49 14 46 81 66 42 58 69 64 52 83 29 32 31 18 20 9 30 48 49 24 16 19
4 7 8 2 1 2 1 0 1 0 1 1 1 9 12 11 7 21 18 9 18 8 13 23 38 48 28 27 36 9 3 20 17 20 9 7 15 12 10 36 28 10 19 30 27 24 36 40 22 41 44 21 38 60 53 66 53 67 64 70 34 60 71 46 59 70 64 40 17 46 48 62 53 36 37 51 72 75 56 53 54 61 46 78 73 47 11 13 15 26 40 50 63 31 15 8
1 2 4 4 8 1 2 1 1 0 1 1 0 5 24 30 22 12 30 21 14 25 20 33 57 31 36 39 40 35 14 64 26 10 15 9 30 32 33 41 59 31 41 42 38 44 27 39 31 37 42 29 18 46 26 34 70 75 59 62 68 76 81 72 29 65 60 60 40 23 29 52 16 35 40 50 69 54 70 68 46 32 37 79 71 42 44 12 18 35 27 55 48 46 36 23
5 1 1 2 1 2 2 1 1 4 5 2 2 5 4 5 6 16 9 42 24 29 32 36 34 35 51 39 41 30 32 65 22 26 23 17 25 29 32 50 58 32 37 47 37 43 16 21 45 28 28 38 17 11 11 11 48 61 69 75 71 65 71 84 58 42 54 47 33 16 7 14 24 22 36 53 61 77 58 35 25 20 74 64 68 38 26 26 15 22 32 53 20 12 16 44
24 7 2 1 4 1 2 1 2 5 2 3 7 3 20 4 2 8 12 31 47 46 14 20 25 39 43 22 51 45 58 37 36 42 16 10 15 31 63 60 27 25 31 57 58 43 21 20 18 49 32 28 39 29 14 8 19 20 18 45 39 39 62 76 73 48 22 9 10 15 11 10 14 18 29 29 63 52 41 23 7 15 69 53 67 56 30 27 8 29 40 62 58 47 22 11
5 10 6 2 5 3 1 0 1 2 1 8 4 6 34 3 7 7 24 45 27 18 5 27 14 6 33 16 51 60 53 52 55 28 14 27 37 38 62 45 27 47 29 32 53 25 22 29 14 38 26 19 33 17 28 19 17 26 27 9 19 34 40 51 53 26 20 30 23 35 19 12 14 19 20 11 38 29 30 14 11 5 23 14 32 63 28 33 10 39 58 45 36 33 38 14
6 1 1 4 3 6 1 0 1 1 1 5 5 10 4 25 12 19 13 15 20 6 25 22 19 10 25 20 46 35 38 35 45 19 33 41 47 35 50 40 34 44 33 32 48 24 28 28 19 56 37 27 41 40 34 26 43 40 51 32 22 24 9 17 8 8 24 38 39 39 33 18 14 8 9 10 16 17 15 12 12 6 7 8 20 30 11 25 9 28 53 49 28 17 66 45
4 6 6 2 2 1 1 2 1 1 1 1 6 10 3 38 29 10 18 13 24 10 12 21 19 23 54 37 44 28 39 45 17 35 38 56 41 36 65 26 38 51 27 40 43 59 22 41 21 51 37 42 39 53 28 38 38 50 40 46 43 48 23 19 20 13 36 28 30 19 9 6 30 15 9 5 6 15 9 6 5 3 4 12 16 14 11 17 9 56 62 66 64 22 7 14
2 5 4 5 3 4 3 1 1 1 4 3 21 27 18 3 25 16 12 23 27 14 21 43 30 27 55 27 20 12 18 25 32 64 40 33 40 14 46 26 39 35 42 38 26 32 34 42 51 53 50 50 41 47 43 55 59 41 50 39 58 33 21 40 12 22 24 33 14 11 18 37 29 23 22 22 5 4 8 6 6 8 4 13 7 6 24 6 17 54 49 49 72 35 35 8
10 4 3 5 2 1 1 3 1 1 1 3 2 12 13 4 6 16 10 17 12 11 16 40 31 55 38 29 15 14 26 54 27 35 57 41 29 35 48 18 38 34 17 23 23 43 16 29 29 10 29 16 36 52 61 63 71 56 31 48 37 41 35 25 57 20 27 28 30 57 41 26 14 13 16 19 18 21 19 17 21 18 6 6 6 13 28 14 25 38 17 37 75 51 52 29
10 12 9 9 4 1 1 2 3 4 3 2 1 9 6 8 15 9 11 11 16 17 13 12 18 13 19 26 23 35 29 46 19 30 54 33 24 28 19 31 31 33 24 39 52 38 18 44 63 36 52 42 60 69 60 40 48 59 54 40 47 45 61 45 56 43 40 39 56 15 9 12 13 6 3 5 16 13 20 22 20 13 10 4 4 12 28 10 12 7 11 40 83 39 55 41
1 2 4 8 13 15 6 2 6 17 14 6 5 2 1 13 8 6 25 32 56 48 49 26 50 16 15 27 34 26 33 20 17 33 52 39 27 21 16 24 35 70 42 25 39 42 50 23 56 68 78 59 70 82 67 44 58 46 32 33 31 36 63 41 41 51 44 52 19 17 19 25 41 23 21 13 5 15 23 31 20 5 3 4 3 11 20 10 10 9 13 67 67 27 38 74
2 1 2 6 10 10 18 17 8 5 9 3 1 2 1 4 10 15 22 21 44 70 59 30 30 48 61 53 47 22 65 35 31 29 34 31 19 21 39 34 49 12 38 66 30 53 58 44 34 72 72 78 40 68 61 60 47 64 53 50 47 51 20 47 57 61 60 23 27 26 38 54 36 37 47 22 10 20 28 27 7 3 2 6 3 9 4 4 10 11 28 69 38 53 27 70
10 10 4 3 10 4 5 11 4 7 3 3 3 2 7 3 13 12 31 37 17 56 57 72 77 80 70 71 59 33 48 38 28 35 45 61 50 69 74 61 60 65 48 76 39 50 75 72 28 25 16 69 69 39 65 43 31 79 65 60 34 44 51 57 59 60 44 47 44 54 42 23 33 27 24 18 28 18 9 10 3 2 2 3 2 5 3 4 4 5 12 49 20 35 9 26
7 15 11 6 7 5 2 2 1 1 1 1 1 2 5 3 1 6 38 64 28 9 49 81 62 78 65 79 79 84 74 80 78 81 54 71 20 65 80 54 67 83 48 71 77 44 71 42 78 54 30 79 64 58 60 54 82 81 45 67 40 23 40 43 40 48 37 26 22 28 26 28 18 25 25 34 31 17 3 1 3 1 1 2 1 2 2 4 5 14 26 43 12 14 13 11
5 9 35 3 25 28 9 10 6 5 4 6 7 10 9 4 8 8 8 43 29 8 8 25 24 19 54 68 71 74 73 68 77 71 53 66 73 62 65 76 47 80 78 43 65 57 74 46 68 82 49 55 58 36 27 74 65 64 47 63 60 29 33 32 55 45 45 50 49 48 50 30 38 26 39 32 13 5 3 1 0 1 1 1 1 1 2 3 3 7 21 24 4 6 7 8
13 8 5 27 32 40 24 29 22 17 5 12 18 17 6 7 14 9 22 7 3 4 15 8 10 22 46 40 49 62 67 72 43 58 49 72 69 68 70 71 61 70 65 61 64 65 70 75 27 61 52 25 68 18 39 73 55 23 58 26 33 70 22 24 39 41 53 52 52 42 37 36 41 61 47 26 10 4 1 1 1 0 0 0 1 0 1 1 2 4 10 6 4 2 7 10
3 12 20 19 25 33 11 12 32 8 18 7 14 18 5 14 14 11 25 35 24 21 13 14 13 17 6 10 13 16 13 12 22 29 14 11 16 15 14 17 16 19 16 26 28 21 23 70 53 38 71 23 44 35 40 50 17 16 29 30 64 59 36 28 41 48 51 37 32 55 67 56 52 41 28 17 7 1 0 0 0 0 0 0 0 0 1 0 1 1 3 3 3 1 3 4
18 26 34 24 14 7 12 10 27 5 19 12 9 15 10 15 15 13 20 8 11 31 24 15 30 21 12 15 24 30 21 20 46 39 31 35 21 24 28 32 31 35 46 34 42 29 41 18 19 17 34 31 32 34 34 21 31 45 44 50 58 38 26 35 46 42 49 58 67 65 65 41 19 12 5 3 1 1 1 1 1 1 0 0 0 0 0 0 0 0 1 1 1 1 1 1
45 57 45 15 10 5 7 11 7 12 5 6 3 15 3 8 8 6 6 32 22 7 12 10 19 13 6 28 19 17 28 28 12 11 10 23 18 17 26 18 25 41 41 25 22 32 23 38 26 22 11 9 5 4 9 18 36 38 41 41 19 21 26 42 44 34 30 24 39 51 47 35 17 9 2 2 3 3 5 4 2 1 0 0 0 0 0 0 0 0 0 0 0 1 1 1
12 15 12 30 18 8 7 2 2 5 4 9 5 13 5 9 16 4 3 4 27 28 21 20 13 13 10 15 27 33 19 6 16 10 12 16 18 25 26 29 23 22 25 14 12 10 12 12 22 29 33 40 14 10 14 15 21 27 28 15 15 27 27 50 38 22 28 23 20 18 10 12 12 4 2 5 7 6 1 1 0 0 0 1 2 2 2 1 1 1 0 0 0 0 0 0
17 15 21 6 2 2 4 1 9 1 4 3 2 3 8 2 4 11 12 9 11 39 31 21 21 9 11 25 36 8 8 14 9 20 18 10 12 16 15 17 15 15 29 25 30 22 22 28 36 25 27 26 21 16 23 20 22 21 24 25 6 26 27 33 52 47 42 45 23 14 6 4 1 3 5 9 18 7 2 1 1 2 2 4 3 3 4 4 3 1 1 1 0 0 0 0
31 22 13 9 6 2 2 3 4 1 5 4 2 2 2 3 7 10 12 3 13 28 34 29 28 7 31 44 17 5 12 8 15 12 16 15 15 21 19 22 9 22 26 27 19 26 31 26 23 17 21 10 34 27 44 36 24 21 15 11 16 21 26 19 63 65 31 44 30 20 10 8 3 7 14 17 6 2 3 4 4 6 4 7 8 7 10 6 5 4 3 2 2 1 0 1
15 8 11 5 2 9 26 35 18 7 14 5 1 0 1 1 1 3 3 7 20 21 9 18 21 29 42 55 25 13 18 16 16 33 20 26 22 27 12 14 26 32 25 29 30 40 33 14 31 14 26 31 35 26 43 25 46 13 20 9 28 47 21 51 74 48 42 22 16 12 6 3 4 8 15 13 4 6 6 9 14 12 14 21 19 14 13 9 13 13 6 10 3 2 2 1
7 9 3 3 14 43 31 19 36 45 6 17 5 1 1 2 5 4 5 15 24 16 16 40 23 47 34 8 9 7 12 24 14 23 51 23 23 30 31 36 26 28 25 22 27 22 35 26 23 27 35 33 36 31 39 31 47 31 16 8 14 36 48 59 48 51 24 19 15 6 5 5 10 4 19 7 13 12 24 26 34 24 28 36 33 18 28 27 22 12 11 10 6 4 6 6
2 3 3 6 8 34 39 44 63 45 27 20 33 14 4 3 3 1 10 11 4 5 13 35 15 7 12 14 26 32 22 15 39 16 36 37 35 51 31 32 15 33 14 11 14 22 23 39 36 30 27 51 19 32 44 40 19 15 20 14 5 21 19 22 31 46 30 34 16 3 11 10 16 14 55 22 24 25 38 36 48 33 37 53 30 27 43 53 38 30 17 14 10 18 14 6
3 1 4 12 1 4 3 2 45 46 41 50 47 16 21 15 4 2 5 3 8 5 11 11 14 23 27 25 27 29 24 18 22 29 25 37 25 31 29 43 55 23 28 26 9 13 18 18 29 37 41 37 30 12 44 10 21 36 16 16 7 8 13 10 7 6 15 7 3 12 36 19 26 25 63 30 44 47 64 67 81 70 80 78 69 52 55 53 73 65 30 23 21 19 40 15
1 3 3 2 1 3 6 10 5 17 11 41 37 16 27 27 24 18 18 6 3 8 3 7 15 29 28 12 8 13 10 12 16 18 24 21 21 26 24 40 47 61 33 14 48 35 38 17 29 22 14 30 14 30 27 26 25 17 23 16 10 28 35 21 13 7 6 10 20 22 35 44 32 48 61 62 64 53 63 78 63 59 74 70 66 61 57 54 64 53 44 30 44 52 53 34
5 3 3 11 10 7 37 16 17 3 40 55 23 50 37 41 51 37 23 12 8 6 5 4 17 12 7 7 7 4 5 4 5 8 23 21 11 18 34 45 35 41 46 44 5 36 35 36 36 22 20 35 39 25 11 11 17 33 22 17 12 41 26 16 8 16 14 22 48 48 41 72 58 73 59 69 72 60 68 58 30 52 61 45 23 22 41 18 45 55 38 39 36 38 34 56
23 26 37 20 51 9 5 7 25 16 36 55 39 81 60 55 79 53 29 26 19 20 6 5 6 3 9 6 7 4 8 3 9 19 6 8 21 18 20 14 17 33 43 63 44 27 42 27 35 30 27 18 14 45 59 32 32 25 18 21 31 28 31 14 17 28 44 29 43 60 48 57 63 59 76 43 54 43 60 48 15 20 27 36 18 4 5 10 39 35 37 43 14 17 11 38
