sesion_6_simulaciones/modelos_agentes/ejemplos_netlogo/scenarios/echam4_a2/rob_2045.asc
NCOLS 322 
NROWS 307 
XLLCORNER 451900 
YLLCORNER 4086900 
CELLSIZE 100 
NODATA_value -9999 
[rows 0 to 73 of 307, columns 96 to 191 of 322]
7 1 0 0 5 1 1 1 1 1 2 2 4 11 11 3 6 4 4 1 5 4 2 10 2 1 2 3 4 3 1 1 3 4 2 2 2 3 5 2 1 15 44 55 67 57 65 64 79 60 56 60 35 15 23 28 24 6 14 9 14 5 4 2 13 22 28 3 3 18 28 14 12 16 15 11 14 19 11 55 42 25 37 39 47 31 35 39 47 62 39 28 22 8 16 32
0 0 0 0 0 2 1 1 0 1 1 2 9 15 6 5 1 1 1 2 3 1 1 1 3 2 2 1 2 10 4 1 1 2 1 2 2 3 5 8 12 18 19 16 78 83 79 73 91 68 75 60 19 21 52 9 3 6 3 5 1 6 4 2 6 3 5 23 20 17 9 27 41 21 34 41 50 21 23 29 28 25 40 45 51 36 37 47 51 43 50 38 47 23 31 33
0 0 0 1 1 1 1 0 0 1 1 1 3 5 1 1 3 4 5 5 9 1 1 1 2 2 2 1 3 3 7 6 1 3 9 7 7 11 15 19 26 39 25 31 10 4 11 37 88 74 73 73 25 58 47 37 21 11 6 9 5 29 54 43 61 26 19 34 11 18 14 17 25 27 35 54 66 64 39 26 29 28 42 43 52 40 45 59 38 38 49 36 45 45 31 33
0 0 0 0 0 0 0 1 0 0 0 1 1 3 3 4 4 6 8 6 2 1 3 3 0 1 2 2 2 1 3 4 4 7 10 6 19 21 41 56 67 69 47 13 6 9 3 6 25 9 20 17 9 22 45 9 41 2 4 10 13 34 68 64 69 71 63 20 35 31 27 34 21 24 39 39 45 20 17 26 38 39 52 53 54 40 39 48 34 33 49 48 33 43 25 48
0 0 0 0 0 0 0 1 2 0 1 1 1 1 5 3 3 17 6 3 3 2 3 6 4 2 2 2 1 7 9 7 2 8 17 19 29 43 68 78 79 69 53 23 13 5 9 18 11 8 15 15 3 39 8 18 29 14 2 5 39 57 45 67 46 21 64 33 44 54 34 30 21 19 41 28 33 27 30 36 40 36 75 53 38 42 41 54 38 43 46 60 28 47 54 55
0 0 0 0 0 0 0 0 2 4 1 2 1 1 2 1 5 4 7 5 1 2 5 4 5 2 3 2 1 1 2 8 7 4 23 40 49 68 78 64 73 72 66 35 12 20 11 15 17 13 17 35 5 12 11 27 13 11 9 11 42 44 11 7 9 26 34 9 14 22 7 27 68 50 36 20 25 26 23 41 33 42 47 45 54 41 39 59 54 38 51 39 49 51 66 30
0 0 0 0 0 0 0 0 1 3 3 1 1 1 1 4 2 4 9 6 8 4 2 2 3 3 5 3 1 1 2 10 13 10 23 65 73 72 70 71 72 69 36 18 22 46 23 34 28 26 19 32 22 20 29 18 7 16 24 8 5 7 6 10 5 8 32 51 32 32 10 33 15 7 50 39 37 44 21 39 32 25 30 26 47 49 40 56 54 30 55 46 46 41 26 24
0 0 0 0 0 0 0 0 0 2 12 13 14 3 2 1 1 3 3 3 9 24 4 11 12 4 4 1 3 2 3 5 14 37 26 58 57 69 70 64 59 21 29 23 51 38 31 56 37 32 18 22 39 43 26 25 21 51 59 60 31 11 2 2 12 6 21 13 35 19 23 14 7 16 9 35 48 75 59 24 38 46 28 39 69 45 46 53 60 61 36 31 12 20 20 17
0 0 0 0 0 0 0 0 0 0 2 13 17 36 9 14 1 1 1 6 7 3 4 6 4 2 3 3 2 4 11 9 23 56 67 30 20 29 22 22 35 20 16 31 61 47 25 35 41 28 23 17 72 36 29 42 31 43 12 27 61 38 15 2 12 9 6 7 3 8 29 25 9 10 33 13 19 26 32 61 59 79 46 53 26 18 32 73 38 52 35 71 51 30 21 29
0 0 0 0 0 1 0 0 0 1 1 0 0 0 0 0 2 1 1 2 3 2 4 2 6 4 3 3 4 6 9 37 34 28 49 38 38 37 20 20 11 9 17 34 65 39 16 17 27 34 30 17 26 82 67 64 11 22 10 44 28 37 8 10 2 6 4 3 9 16 16 21 24 19 31 46 16 21 60 66 34 63 48 37 18 25 17 34 35 49 24 45 77 66 24 18
0 0 0 0 0 0 0 1 1 0 1 0 1 1 0 1 3 0 3 1 2 2 2 3 6 2 1 3 8 16 32 38 74 54 31 31 35 53 50 32 19 8 7 11 40 14 15 22 31 23 35 17 31 38 79 62 25 15 21 38 17 19 9 3 7 9 10 4 16 31 28 34 22 15 38 54 34 13 17 53 34 29 47 61 27 30 21 25 63 49 45 40 70 81 55 28
0 0 0 0 0 0 0 1 1 1 0 1 2 3 3 1 2 5 7 3 13 4 1 3 3 4 2 3 6 49 53 44 47 42 33 25 29 52 45 34 19 9 11 20 23 11 13 38 20 24 49 21 33 51 28 45 26 23 33 27 11 10 24 17 7 5 19 18 31 61 67 69 15 29 46 51 35 20 18 58 31 6 35 64 27 35 30 27 52 33 28 34 57 64 64 54
0 0 0 0 0 0 0 0 1 1 2 1 0 1 1 3 5 2 8 6 21 18 2 2 1 2 2 5 13 30 58 37 37 32 34 49 50 19 27 45 18 7 9 30 25 11 21 23 28 40 55 43 43 63 42 36 38 32 44 14 11 14 24 18 9 7 7 19 37 23 48 42 31 23 25 55 22 20 7 17 36 6 45 72 29 32 45 28 20 50 35 16 24 40 60 72
0 0 0 0 0 0 0 0 0 1 1 1 1 1 1 1 7 2 17 5 3 2 11 5 3 2 4 25 27 24 31 33 25 13 14 14 14 10 9 15 18 4 2 2 10 8 16 18 50 64 70 66 49 53 33 48 49 39 33 34 11 8 26 27 19 18 9 10 12 8 3 3 21 29 27 33 22 34 19 13 5 9 23 60 62 29 38 40 26 24 45 23 36 56 79 61
0 0 0 0 0 0 0 0 0 0 1 1 1 1 1 1 1 1 13 6 5 11 14 5 6 4 7 8 27 30 16 9 9 12 20 16 15 13 6 2 14 3 9 5 2 3 16 31 38 69 68 64 51 60 40 64 60 48 46 50 8 27 36 34 21 14 6 9 5 3 4 21 48 40 39 47 42 32 16 17 29 9 28 58 67 31 15 19 24 19 14 13 31 46 54 50
1 0 0 0 0 0 0 0 0 0 0 0 0 0 0 1 2 3 1 1 2 3 1 20 8 9 5 7 8 6 7 19 23 26 18 25 44 43 21 4 5 5 2 6 3 4 3 19 33 38 49 40 39 38 52 36 47 40 53 46 8 24 7 33 49 28 9 11 13 2 9 37 45 49 21 14 24 34 41 36 27 24 25 50 72 85 57 40 22 17 16 9 31 65 56 40
0 0 0 0 0 0 0 0 0 0 0 0 0 0 0 1 2 3 2 3 3 1 2 4 21 9 14 18 43 31 18 10 14 21 22 39 53 55 39 4 9 8 4 6 15 17 16 3 15 25 18 17 12 15 25 46 50 53 56 53 16 31 22 25 37 11 8 9 7 7 9 38 30 41 13 11 20 18 45 33 32 30 35 40 72 87 84 34 23 20 18 13 31 55 65 59
0 0 0 1 1 0 0 0 0 0 0 0 0 0 0 0 1 1 2 3 1 1 2 3 9 11 3 10 10 7 17 17 23 15 41 66 45 53 38 20 29 32 22 22 36 34 38 20 6 2 3 4 3 1 8 51 79 89 63 28 50 30 26 17 30 20 10 19 6 6 41 42 44 36 12 27 47 27 34 37 24 21 16 10 59 66 62 62 41 24 22 15 19 37 43 22
0 0 0 0 0 1 0 0 0 0 0 0 0 0 0 0 0 1 1 1 1 2 2 2 14 23 10 10 7 16 23 28 18 35 43 49 19 23 26 50 39 46 54 62 56 36 45 37 19 13 9 9 12 2 3 11 77 84 58 35 33 40 20 15 23 7 9 11 3 32 59 57 47 54 19 21 46 45 43 72 45 30 16 10 21 48 52 51 51 31 25 22 11 23 63 18
0 0 0 0 0 0 1 0 0 0 0 0 0 0 0 1 0 0 0 1 2 2 4 2 10 8 6 11 14 15 18 46 33 29 31 17 32 34 29 41 65 67 58 33 39 21 34 42 23 18 16 5 9 4 9 6 25 38 51 53 36 21 16 33 29 5 9 34 60 45 65 79 36 74 34 13 40 67 45 67 56 50 37 16 16 46 68 52 59 39 33 19 7 14 48 40
0 0 0 0 0 0 0 0 0 0 0 0 0 0 0 0 0 0 1 1 1 1 1 1 4 9 7 3 4 11 9 9 18 26 40 21 21 36 21 60 35 35 55 41 25 22 25 34 30 15 21 18 6 11 17 13 17 38 57 51 16 16 56 47 26 6 26 32 44 56 44 49 27 34 59 43 27 24 29 67 31 28 47 34 25 12 49 32 59 29 35 17 11 11 16 36
0 0 0 0 0 0 1 1 1 1 2 1 0 0 0 0 0 0 0 2 1 2 2 2 9 6 12 10 6 10 9 16 21 52 49 33 65 28 45 20 38 24 19 18 33 34 57 42 39 15 18 14 14 14 24 18 19 30 55 57 56 16 24 26 15 18 46 10 34 53 61 38 46 21 54 63 37 22 27 77 84 46 21 59 41 11 9 16 53 39 32 32 12 10 10 31
0 0 0 0 1 0 0 0 0 0 0 1 1 0 0 0 0 0 0 2 5 4 5 3 10 3 7 17 8 5 23 48 51 13 7 69 54 23 23 24 36 49 29 17 15 36 26 10 13 10 23 14 15 16 16 18 10 17 33 27 24 23 14 13 15 36 49 6 29 21 46 58 49 18 17 45 43 56 29 53 84 60 49 22 37 16 5 14 49 56 14 39 20 10 12 22
1 0 0 0 1 1 0 1 2 1 2 1 1 5 3 1 1 1 1 9 5 9 8 5 12 11 6 21 24 13 10 11 5 4 5 14 29 34 14 30 30 45 41 39 28 9 6 4 2 2 8 7 4 6 12 6 7 8 9 19 31 24 15 21 46 39 26 12 23 24 24 46 37 36 26 63 63 43 37 21 59 62 40 57 22 13 9 10 9 32 10 20 16 6 6 9
1 1 0 0 1 1 1 0 4 2 1 2 3 4 5 6 16 3 4 3 11 14 29 14 10 12 28 19 43 22 11 6 14 15 9 1 5 34 29 11 22 44 56 60 39 29 21 15 11 9 4 3 2 1 1 1 1 2 12 25 40 24 31 35 19 43 21 28 35 29 20 32 51 54 15 52 58 39 42 27 44 56 28 13 37 20 9 9 6 12 11 11 17 7 4 4
5 2 1 1 2 1 2 0 2 3 3 3 6 9 13 6 14 20 5 6 27 59 63 75 61 55 54 33 51 36 63 65 63 35 13 12 14 10 9 19 40 29 38 46 54 52 47 32 26 21 11 10 10 9 8 8 8 7 26 38 35 29 22 23 19 39 36 47 18 43 19 15 45 34 17 38 36 19 24 21 21 27 50 12 11 7 9 3 3 7 5 9 4 3 2 2
4 2 3 4 3 1 1 1 3 7 6 4 4 21 28 19 22 59 35 59 67 69 73 77 67 74 70 65 70 76 51 20 36 47 36 16 21 17 7 7 26 34 40 58 49 49 51 39 37 31 23 23 23 21 11 19 12 13 24 22 29 20 12 13 12 45 28 44 37 41 12 17 24 30 20 35 31 42 13 19 18 8 23 13 6 15 5 4 1 3 5 4 4 3 3 2
3 5 3 3 5 4 6 4 6 13 13 24 20 27 43 74 66 55 67 25 33 38 55 71 71 64 82 77 78 78 19 13 12 13 27 27 34 19 26 19 21 44 50 44 49 47 38 62 53 37 29 30 28 26 22 23 24 7 14 15 17 12 12 22 38 58 51 29 35 17 20 11 21 22 22 13 12 20 25 12 19 10 15 12 3 11 5 3 1 2 4 4 3 4 2 1
5 10 5 3 7 6 6 7 12 28 43 59 76 78 85 84 70 73 77 57 28 13 40 60 44 40 30 57 61 56 35 7 7 4 6 11 21 19 22 27 11 24 32 34 20 19 12 28 37 34 45 46 31 29 28 39 27 8 10 10 7 16 31 40 47 38 21 22 16 29 24 31 15 14 14 12 11 12 20 12 10 9 8 5 6 5 5 3 2 1 2 1 1 2 1 1
6 14 4 6 19 15 15 28 46 65 81 78 82 84 79 89 70 72 88 38 68 28 17 37 25 15 21 23 23 24 48 27 17 3 6 3 11 9 10 24 21 21 40 16 21 20 11 22 20 12 12 11 10 18 19 8 30 16 11 8 12 18 35 38 40 29 14 29 40 22 27 18 15 10 9 5 6 6 8 8 7 6 3 4 2 1 2 1 1 1 1 0 0 0 0 0
3 19 16 15 22 37 55 66 62 83 76 88 73 86 79 80 54 63 84 70 31 35 18 10 10 8 4 3 12 13 18 61 25 7 9 6 23 50 49 33 31 20 18 10 10 14 14 5 4 6 7 18 29 28 16 16 32 19 28 9 15 21 33 23 36 16 10 19 34 31 20 13 6 11 7 3 2 1 2 3 3 2 1 1 1 1 1 1 0 0 0 0 3 1 1 2
16 29 44 44 65 82 74 79 79 80 74 89 73 77 57 73 54 73 71 74 20 41 40 16 11 3 3 1 4 6 6 13 17 8 9 14 7 16 16 18 14 14 14 24 23 14 16 8 12 14 37 55 48 31 50 11 36 32 8 3 4 13 11 25 18 19 10 6 8 12 10 10 4 2 2 2 3 2 5 6 3 5 3 5 5 5 4 4 3 5 1 2 8 4 3 5
44 59 65 78 76 74 79 79 81 71 89 66 39 57 51 53 59 61 63 70 31 19 26 15 13 8 3 5 10 12 12 22 15 5 18 14 19 19 29 20 34 23 34 35 39 37 28 24 20 25 35 63 66 64 61 30 41 34 17 22 12 3 3 4 5 4 7 4 4 3 4 4 4 7 12 10 17 10 16 9 9 14 7 12 8 22 11 5 8 7 3 3 8 6 4 10
68 80 80 68 79 78 85 70 71 54 73 17 29 22 33 47 49 37 34 58 33 14 6 5 8 11 11 9 14 6 38 38 34 23 30 32 30 26 29 29 32 34 35 35 51 37 45 29 16 51 46 48 60 46 37 32 62 37 30 47 35 23 22 21 20 19 32 20 15 13 14 14 23 23 23 14 24 21 22 22 19 19 17 17 28 19 13 11 10 6 9 5 12 7 16 16
12 19 51 49 68 63 76 70 35 7 4 5 12 9 9 10 12 23 40 55 32 8 11 17 9 9 33 22 33 25 36 34 34 29 28 52 40 20 40 35 35 46 45 46 36 34 43 32 27 39 50 45 57 65 49 51 40 33 40 44 37 40 38 41 41 35 47 35 30 15 28 28 26 27 39 27 27 40 26 37 35 24 27 26 47 20 17 15 14 13 12 10 20 22 23 32
17 10 7 7 5 6 20 23 22 8 5 9 15 15 7 4 3 6 25 28 15 9 35 9 25 35 42 32 43 30 28 23 41 39 20 35 34 22 32 39 32 50 33 30 32 37 54 39 26 31 50 47 28 73 50 65 36 38 48 38 53 40 36 36 38 26 52 34 22 31 31 30 42 29 41 30 30 44 42 43 31 29 42 34 36 25 21 20 18 17 17 16 42 32 24 24
30 47 36 14 14 12 4 8 11 5 10 13 11 6 3 4 1 11 9 15 24 41 45 20 37 32 39 34 27 11 4 14 28 29 20 33 18 24 32 41 45 27 32 28 27 51 41 27 40 40 50 61 37 75 68 33 61 55 50 33 45 39 54 51 38 44 38 37 35 23 33 48 47 33 46 45 35 51 34 44 34 47 49 58 39 24 14 30 24 24 32 36 43 19 45 27
39 27 24 17 10 8 9 8 17 21 23 23 17 5 6 14 16 19 23 34 61 57 57 36 31 22 24 31 30 27 14 12 26 21 37 19 16 24 23 37 14 12 33 38 30 65 34 40 51 33 59 33 63 65 34 48 68 54 31 47 34 49 50 38 26 43 42 38 23 37 58 62 54 36 48 54 51 57 37 35 41 52 52 44 32 19 18 39 33 21 48 50 48 22 14 52
17 28 35 25 27 14 29 21 28 32 35 47 34 24 20 30 18 31 40 47 57 41 19 31 46 27 13 20 31 28 20 11 18 24 11 33 18 43 28 19 23 14 37 23 25 72 48 46 36 30 39 64 59 42 36 34 52 64 33 48 48 60 48 28 52 49 53 39 22 40 54 74 61 44 50 58 60 46 39 29 46 72 64 55 48 22 42 65 46 21 40 66 64 31 17 53
38 50 22 23 14 25 37 24 24 40 38 41 34 33 37 34 35 41 46 43 50 36 30 38 27 17 18 32 21 28 15 21 12 9 28 29 36 22 27 17 19 10 37 10 10 44 43 47 24 34 41 24 62 13 10 8 25 52 24 54 63 49 43 66 52 52 35 16 27 57 64 79 67 50 53 71 77 52 52 31 55 78 54 41 37 31 54 70 50 31 25 75 81 55 32 47
17 29 16 35 23 36 33 32 30 29 43 44 31 31 56 26 33 40 35 35 46 39 19 37 24 24 30 23 25 31 12 23 13 12 11 30 10 18 13 25 18 19 27 13 34 30 59 38 13 28 40 30 34 18 17 10 14 24 18 58 66 56 58 68 27 48 19 19 27 61 73 76 71 56 60 73 83 43 56 28 61 85 60 32 29 37 59 74 55 37 31 66 76 66 25 49
12 22 46 28 16 23 28 21 19 22 46 31 24 39 25 24 16 32 40 24 22 29 33 30 19 20 15 13 14 54 13 24 12 13 14 25 20 17 10 15 10 22 18 14 28 18 31 15 17 10 17 47 31 21 14 15 42 16 19 48 43 49 78 39 50 44 29 33 43 50 72 73 74 42 51 74 58 38 61 32 49 75 62 53 33 38 63 74 56 46 34 49 71 47 36 51
6 6 22 8 7 5 15 13 9 15 17 18 16 25 23 19 21 21 29 24 18 10 19 25 23 19 22 11 10 13 18 30 11 7 12 24 11 6 8 15 9 18 13 13 19 17 25 8 7 7 9 26 6 9 15 14 29 10 24 35 29 54 24 40 68 32 31 39 54 48 59 79 57 32 54 72 58 41 63 40 49 71 46 41 42 32 35 75 73 44 29 50 71 46 30 52
1 3 2 3 4 4 10 13 5 13 12 19 20 14 12 21 15 15 17 23 10 8 8 20 19 11 21 6 9 17 12 15 4 7 11 7 6 10 8 16 22 7 9 19 15 6 4 22 5 4 4 9 2 5 7 21 18 32 26 15 12 10 29 63 25 33 51 28 39 41 40 66 30 25 42 65 38 42 55 24 58 62 36 40 45 48 20 35 75 40 31 43 69 55 43 37
1 1 1 1 3 1 3 2 4 7 7 15 11 10 11 13 12 9 10 14 14 6 17 11 16 12 10 9 2 6 13 19 1 3 4 15 4 2 4 5 22 6 5 3 3 5 6 1 4 7 4 14 8 4 8 10 33 22 17 37 26 13 41 19 40 53 20 24 26 40 18 58 15 19 27 53 24 56 52 23 40 40 28 52 55 55 30 32 70 47 28 45 52 31 41 32
0 0 1 1 2 1 2 2 3 5 6 14 8 5 6 9 11 18 8 3 4 3 21 2 7 9 7 5 2 5 4 3 1 1 6 1 1 1 5 1 14 4 5 3 5 6 5 17 31 40 34 17 27 18 9 18 23 14 15 19 12 16 27 11 43 17 20 20 22 39 13 32 16 32 12 26 17 43 27 19 49 22 24 33 54 24 35 20 47 33 36 27 60 62 64 52
0 0 1 0 0 3 0 1 2 3 6 7 4 8 2 10 2 9 7 3 2 5 7 7 5 6 6 7 1 1 1 2 3 4 2 1 3 3 5 4 4 6 9 17 6 40 13 56 24 28 15 15 33 42 57 27 27 6 10 21 14 19 4 7 19 12 12 17 25 28 32 24 27 20 13 44 13 39 12 13 51 14 45 44 58 30 38 30 34 53 44 61 64 68 76 87
0 0 0 0 0 1 3 1 1 1 1 2 1 3 2 4 3 7 6 7 4 5 5 8 1 2 3 2 3 4 1 1 1 2 15 16 7 11 25 41 20 22 22 46 22 15 38 50 12 40 21 17 27 49 43 27 34 38 27 50 32 50 45 13 22 26 30 28 19 31 45 35 33 63 66 64 69 84 72 47 53 65 67 60 23 82 80 68 58 26 47 32 46 76 52 65
0 0 0 0 1 6 1 1 0 0 0 0 1 3 3 3 3 6 3 3 4 4 3 7 3 2 1 1 1 1 1 1 1 0 1 12 21 3 7 32 29 33 16 53 67 17 18 30 49 33 47 8 14 54 57 23 68 53 71 65 21 48 29 30 23 38 28 55 57 8 14 52 57 17 43 69 37 64 42 75 33 62 78 62 37 79 68 61 84 78 62 32 50 63 43 31
0 0 0 0 0 0 0 0 0 0 1 1 3 2 1 3 1 3 2 2 3 2 3 4 2 1 0 1 2 3 1 0 1 1 1 2 4 2 3 13 26 8 45 64 42 11 26 16 34 31 49 15 20 45 41 62 47 31 53 68 32 7 18 51 44 56 51 41 52 51 11 52 72 25 48 78 19 14 29 82 74 45 37 56 61 74 66 77 87 78 46 69 30 25 60 70
0 0 0 0 0 0 0 0 0 0 1 1 1 1 1 2 1 2 1 1 1 2 2 1 2 2 0 0 1 1 1 1 2 1 1 1 2 16 6 23 10 30 19 22 65 38 19 11 29 34 37 44 18 58 58 84 36 63 84 81 62 9 37 42 44 77 68 74 46 72 30 21 64 30 54 78 39 33 20 63 52 62 13 14 26 69 75 71 81 65 28 71 47 34 52 61
0 0 0 0 0 0 0 0 0 0 0 1 1 0 1 2 1 1 1 1 2 1 1 1 1 1 0 0 0 1 1 1 1 1 1 2 2 4 22 53 22 47 21 48 42 57 26 28 44 47 78 81 39 63 84 90 57 81 88 76 63 30 64 71 47 40 34 25 55 81 36 23 48 23 58 66 85 35 49 84 61 74 66 25 22 44 65 62 56 43 65 88 48 31 19 20
0 0 0 0 0 0 0 0 0 0 0 0 0 0 1 2 2 1 1 1 0 1 0 0 1 1 0 1 2 2 4 2 2 4 6 9 6 10 46 29 38 21 14 62 62 32 21 16 31 50 72 65 64 42 71 90 60 64 79 72 80 70 72 84 33 41 48 31 57 75 68 43 11 29 72 78 80 72 35 86 37 65 78 47 28 25 55 43 47 23 77 87 69 45 48 19
1 0 0 0 0 0 0 0 0 0 1 0 0 0 0 1 1 0 0 0 1 0 0 0 0 1 1 4 12 1 2 1 10 8 9 10 4 15 30 29 54 26 50 25 80 28 33 28 15 33 68 59 40 19 20 56 67 76 82 80 90 75 78 78 72 47 56 40 53 60 83 58 29 27 59 76 82 81 56 71 67 61 68 80 46 29 19 20 18 34 75 55 79 51 46 28
0 0 0 0 0 0 0 0 0 0 0 0 0 0 1 0 0 0 0 0 1 0 0 1 0 0 0 0 3 1 1 8 5 5 20 12 7 4 2 12 14 10 3 3 20 24 64 49 18 10 33 14 22 11 9 17 18 54 61 58 66 72 67 65 87 47 47 38 13 71 91 45 29 25 67 58 59 65 36 49 51 24 70 81 68 43 12 14 16 24 16 40 80 49 32 39
0 0 0 0 1 0 0 0 0 0 0 0 0 0 0 0 0 0 0 0 1 0 0 1 3 6 1 1 1 1 3 3 11 18 15 11 11 17 7 3 8 19 8 4 8 14 24 36 36 12 16 12 25 13 15 29 22 13 22 43 42 18 32 67 90 71 37 42 52 77 88 55 21 13 25 38 62 47 58 64 53 16 53 70 81 33 22 11 36 42 24 42 89 64 58 59
0 0 0 1 1 1 0 0 1 0 0 0 0 0 0 0 0 0 0 1 0 2 1 1 6 11 4 1 1 4 5 3 10 17 7 4 18 23 8 7 8 29 15 9 15 14 16 14 15 7 15 37 44 40 33 31 22 17 15 11 3 1 11 77 78 76 52 27 32 70 81 77 65 26 15 38 53 40 42 31 54 40 25 74 76 63 27 17 40 31 54 82 83 83 68 63
0 1 1 0 0 1 2 0 0 0 0 3 0 0 0 0 0 0 0 0 0 0 0 0 2 6 2 6 8 12 5 4 21 8 15 19 15 27 14 19 15 26 27 16 8 29 17 22 16 6 15 53 63 66 63 53 38 34 31 28 30 26 28 49 52 64 55 23 10 47 43 78 79 36 18 46 55 42 25 44 69 35 23 24 76 78 30 16 47 57 54 75 52 77 50 31
0 0 0 1 1 1 0 0 0 0 2 3 3 1 1 1 0 0 0 0 0 0 0 0 1 1 3 7 12 6 4 5 4 2 24 25 8 12 21 38 24 31 24 18 6 11 42 33 22 15 13 35 75 77 72 73 61 59 50 50 77 79 82 72 59 57 46 29 12 8 36 51 82 65 58 20 41 49 27 6 20 32 34 48 68 75 48 26 14 35 39 33 77 76 86 59
0 0 0 1 3 3 13 1 1 0 1 0 2 4 1 1 1 0 0 0 0 0 0 0 1 1 2 4 3 3 2 8 20 13 27 19 17 29 48 23 41 38 19 26 32 32 43 44 32 24 14 21 48 72 70 78 78 76 54 44 35 49 59 65 75 72 74 63 39 3 11 50 58 66 57 50 33 16 21 20 51 41 20 30 28 67 68 24 11 21 29 35 29 70 57 73
2 1 0 0 0 3 1 0 0 4 1 1 0 1 0 0 1 0 0 0 0 0 0 2 4 1 2 6 5 9 10 31 18 11 15 25 16 18 13 6 12 52 60 37 58 42 35 35 36 37 34 17 13 17 57 58 53 72 73 66 59 54 39 44 49 67 73 73 69 60 41 64 55 74 43 42 32 23 31 24 20 22 14 41 31 69 73 21 8 30 39 27 29 28 58 74
2 3 2 1 0 2 8 4 1 1 1 1 0 0 0 0 0 1 0 0 0 1 0 3 2 2 1 1 2 2 1 4 4 14 12 14 16 19 24 24 15 6 19 64 66 77 66 49 42 23 32 33 26 15 23 38 31 26 42 49 52 65 65 52 29 34 61 71 70 56 61 78 58 79 66 47 42 43 25 14 15 29 13 21 35 24 58 32 8 16 33 36 16 11 51 74
1 1 17 4 1 3 1 12 6 3 3 0 0 1 0 2 1 1 1 1 0 1 1 1 1 2 2 9 5 3 4 12 7 10 14 28 29 36 32 37 41 33 18 12 11 61 69 63 42 29 23 34 26 15 5 5 6 7 6 7 14 32 28 39 41 21 21 34 36 31 59 59 58 56 51 54 58 52 31 35 31 26 12 14 44 52 35 41 13 5 21 32 19 37 77 34
1 1 5 2 1 1 0 0 16 23 23 16 1 2 1 0 0 2 1 1 0 0 1 1 3 1 3 5 3 4 9 13 7 8 15 22 23 31 30 33 37 33 49 44 43 29 13 10 36 38 45 16 14 9 14 22 21 22 20 17 17 7 5 6 9 6 5 4 5 18 29 43 39 35 29 21 21 44 38 31 23 11 31 25 27 38 32 49 30 7 5 22 43 75 43 69
2 2 3 22 7 1 1 1 1 30 2 2 2 1 1 2 1 0 1 1 0 0 0 1 1 1 1 1 1 1 1 2 6 8 10 13 28 37 26 36 44 49 48 47 51 39 35 33 22 13 12 8 11 27 30 41 40 41 39 48 20 6 6 18 19 31 15 17 4 3 9 20 17 12 12 12 14 20 26 43 36 13 11 12 13 16 26 39 46 12 5 19 79 48 42 53
3 2 4 11 5 7 10 1 0 0 0 0 1 1 1 11 1 1 1 2 0 0 0 0 0 0 1 1 2 2 2 2 4 6 13 16 19 22 21 44 44 34 29 31 37 30 27 39 31 28 33 34 37 49 46 43 57 60 59 52 26 19 21 36 33 24 30 14 5 5 6 2 2 2 3 2 7 6 3 5 10 6 6 4 4 5 15 26 23 14 5 49 52 28 60 51
9 5 3 1 11 7 36 12 7 6 3 2 1 1 5 2 14 7 2 2 6 4 3 0 0 0 1 1 0 1 1 4 6 3 1 5 21 24 14 13 25 36 26 19 29 24 33 36 42 35 45 29 31 46 57 59 59 61 69 58 36 34 46 42 51 52 53 39 18 14 4 2 1 3 3 8 21 13 7 7 4 3 2 2 2 3 5 10 25 26 9 61 16 10 46 59
9 9 9 17 8 12 7 4 4 26 5 11 1 3 5 11 29 13 3 4 8 1 1 2 1 1 1 0 1 1 4 1 1 2 3 5 15 32 29 42 36 28 39 31 39 31 36 38 42 25 55 44 41 37 53 57 76 75 73 56 29 50 46 61 60 74 64 54 39 20 14 13 15 20 23 34 42 29 17 17 24 26 11 6 6 4 1 2 7 27 17 46 9 11 49 73
12 12 3 3 15 9 35 22 10 8 19 28 11 4 9 34 37 10 4 13 1 10 1 1 1 0 0 2 0 1 1 0 0 4 2 5 7 15 25 28 35 23 25 29 31 34 39 55 44 34 43 55 39 41 58 67 76 68 53 44 43 52 62 62 63 79 72 58 47 25 35 37 37 43 43 43 56 40 37 38 36 32 19 25 23 10 8 2 3 12 10 12 11 6 19 39
11 17 12 4 33 26 35 26 55 30 18 6 3 28 29 21 19 8 6 30 2 12 1 1 1 1 1 2 4 0 0 1 1 3 3 6 9 22 15 31 37 28 12 32 29 32 39 60 46 24 27 54 48 39 53 73 71 56 41 30 33 63 61 62 79 75 64 57 31 27 41 40 43 55 50 63 63 64 45 47 59 46 44 52 36 27 12 3 1 6 6 13 9 3 10 18
13 3 14 5 2 43 18 11 22 43 30 21 3 17 51 19 2 6 18 31 3 20 2 1 6 3 1 3 5 10 2 0 1 1 4 3 2 4 7 8 25 16 25 24 28 15 49 29 46 19 55 41 40 31 59 78 53 47 32 41 43 56 52 69 78 71 63 61 34 50 61 61 42 59 69 66 68 58 49 59 67 61 53 58 25 15 5 4 2 1 2 6 6 2 6 4
10 11 7 14 3 9 41 55 56 30 13 15 5 9 30 40 10 16 54 27 7 26 3 2 1 4 2 6 4 1 5 12 1 1 2 3 1 3 2 8 13 10 12 23 19 15 17 24 12 18 68 18 35 26 63 39 36 46 26 33 34 47 62 74 58 69 58 43 37 52 63 64 41 64 61 70 74 61 53 60 75 62 62 37 17 18 14 15 11 3 0 1 3 2 2 2
20 10 14 10 14 14 21 35 26 45 45 19 49 8 3 2 27 75 62 21 21 8 7 9 10 3 1 4 9 7 4 1 2 1 2 0 1 2 2 11 4 11 11 13 8 8 8 12 18 27 10 9 27 42 22 37 31 21 24 24 23 39 74 58 62 48 34 38 53 64 62 63 55 65 44 55 63 41 52 60 77 45 29 28 34 38 47 26 14 6 3 1 0 1 1 1
22 19 17 13 44 22 56 76 40 27 25 45 49 51 4 1 7 10 9 3 11 19 11 4 3 5 4 5 4 2 1 0 1 2 0 1 1 1 3 3 3 3 10 2 3 2 3 13 2 3 5 8 12 25 18 21 10 14 30 30 25 60 55 57 51 57 38 34 46 63 58 45 49 65 44 27 72 50 56 76 46 46 41 45 71 71 47 23 18 12 4 4 2 0 1 1
