sesion_6_simulaciones/modelos_agentes/ejemplos_netlogo/scenarios/echam4_a2/rob_2055.asc
NCOLS 322 
NROWS 307 
XLLCORNER 451900 
YLLCORNER 4086900 
CELLSIZE 100 
NODATA_value -9999 
[rows 222 to 295 of 307, columns 192 to 287 of 322]
3 3 1 1 4 2 1 1 0 0 0 0 0 0 0 0 0 0 0 0 1 2 6 5 3 4 2 3 6 7 3 5 16 18 17 13 23 41 38 41 43 36 39 59 36 45 48 28 35 48 38 33 13 12 16 14 14 36 58 58 40 34 44 28 62 79 70 64 77 81 45 23 7 2 1 0 0 0 0 0 0 0 0 0 0 0 0 0 0 1 2 2 3 3 4 3
11 10 6 4 2 1 1 1 0 0 0 0 0 0 0 0 0 0 0 0 1 3 7 13 5 7 8 7 12 14 8 10 19 21 24 15 26 21 30 32 38 32 40 58 44 30 45 29 38 32 27 16 18 14 9 10 14 27 28 28 23 36 44 31 38 64 57 49 66 72 44 16 6 2 0 0 0 0 0 0 0 0 0 0 0 0 0 0 0 1 1 1 3 4 5 6
13 10 8 5 3 2 1 1 0 0 0 0 0 0 0 0 0 1 0 1 1 5 9 21 16 12 12 17 17 27 28 16 20 22 26 16 29 13 28 29 22 30 36 57 64 30 43 39 21 16 22 19 27 8 4 13 15 34 17 37 37 41 46 45 19 24 7 4 10 49 58 16 4 1 1 0 0 0 0 0 0 0 0 0 0 0 0 1 1 1 1 3 3 4 5 14
7 5 4 2 1 1 1 0 0 0 0 0 0 0 0 0 1 1 1 1 2 3 7 18 23 27 18 23 19 32 63 44 28 28 15 18 23 20 41 24 19 21 33 37 54 50 18 29 10 10 9 6 17 14 2 10 14 13 25 45 51 46 57 48 21 26 16 18 6 7 25 9 3 2 1 1 1 0 0 0 0 0 0 0 0 0 0 1 1 1 1 3 4 4 6 10
7 4 3 1 0 0 0 0 0 0 0 0 0 0 0 1 1 1 2 3 2 4 10 13 25 52 34 29 33 24 41 57 27 39 28 33 38 37 25 26 16 21 21 22 26 34 23 44 30 9 31 23 11 7 4 8 34 33 38 46 62 52 48 32 24 24 30 38 15 9 7 2 3 2 2 2 1 0 0 0 0 0 0 0 0 0 1 0 0 1 1 1 3 5 6 9
4 7 4 3 2 1 1 0 0 0 0 0 0 0 1 1 1 1 3 6 6 11 12 14 26 53 67 39 55 32 43 55 39 26 46 48 38 32 33 29 8 14 13 22 31 34 44 55 62 22 20 20 14 5 8 10 23 21 39 53 55 39 35 26 51 41 46 38 19 12 3 3 4 4 4 3 2 1 1 0 0 0 1 0 0 0 0 0 0 0 1 1 2 2 6 9
8 4 2 1 1 0 0 0 0 0 0 0 0 0 1 1 0 1 4 8 15 28 41 28 34 47 75 39 58 37 39 57 22 24 44 48 49 45 35 32 21 21 17 15 33 37 36 52 45 44 30 19 15 8 28 42 35 42 56 68 47 29 31 46 75 64 40 25 18 9 9 7 8 6 9 4 3 2 0 0 0 1 1 0 1 1 0 1 0 1 1 2 2 3 4 10
7 4 2 1 1 0 0 0 0 0 0 0 0 0 0 0 0 1 2 4 7 22 41 63 55 48 67 64 71 43 62 35 22 22 33 52 51 52 29 30 30 33 20 19 25 38 40 37 31 29 38 32 15 18 24 24 41 27 41 15 27 52 54 78 70 50 35 22 25 26 20 15 12 16 5 3 2 1 0 0 0 1 2 1 1 1 1 1 0 1 1 2 5 5 8 11
2 2 1 0 0 0 0 0 0 0 0 0 0 0 0 1 2 1 2 4 13 18 41 40 62 61 71 75 68 40 53 27 23 48 35 48 51 38 34 41 40 42 20 21 43 41 50 40 47 20 22 18 14 5 12 8 70 41 20 35 46 48 55 47 31 26 28 27 19 23 32 33 20 6 2 1 1 1 0 0 0 0 2 1 1 1 3 5 1 1 1 2 3 3 7 11
1 0 1 0 0 0 0 0 0 0 0 0 0 1 1 2 2 2 4 8 12 20 41 54 51 58 64 62 64 61 70 37 28 40 49 38 48 42 37 35 39 27 31 20 21 27 42 47 42 30 14 15 9 10 22 21 7 75 76 49 31 17 34 31 41 34 23 16 10 31 59 35 12 5 2 1 0 0 0 0 0 1 1 1 2 1 2 3 5 1 1 3 4 6 5 10
1 0 0 0 0 0 0 0 0 0 0 0 0 1 2 2 1 3 7 8 10 33 49 60 50 53 65 56 75 82 52 42 42 56 35 52 48 46 42 40 38 34 50 16 32 30 39 35 24 10 28 13 18 18 28 49 34 28 38 43 23 43 26 29 26 30 28 11 18 33 33 15 10 6 2 0 0 0 0 1 0 0 1 3 3 1 1 1 7 2 2 4 4 6 5 6
1 0 0 0 0 0 0 0 0 0 0 0 0 0 1 1 3 5 8 25 17 18 58 52 69 55 60 65 24 79 55 50 41 58 47 36 42 52 43 42 41 34 59 19 18 58 38 34 30 19 33 15 16 35 45 17 45 44 25 12 24 14 22 27 26 27 17 47 36 13 21 10 6 4 2 0 0 0 0 0 1 1 1 1 2 2 1 3 4 5 4 2 3 11 7 7
1 1 1 0 0 0 0 0 0 0 0 0 0 0 1 1 2 3 11 21 36 47 71 55 69 68 71 64 69 62 81 47 39 48 42 20 27 47 50 56 42 19 39 45 11 28 30 53 28 27 35 21 16 29 22 23 12 13 19 35 28 31 28 43 19 21 32 17 11 17 13 8 5 1 0 0 0 0 1 0 1 1 1 2 4 6 1 2 5 5 18 6 2 5 14 11
0 1 0 0 0 0 0 0 0 0 0 0 0 0 0 1 1 4 9 18 40 34 51 16 36 58 57 24 25 46 74 36 45 77 41 40 46 53 32 12 24 11 38 44 12 34 48 30 10 22 34 25 17 25 18 9 33 38 49 32 16 24 51 62 42 34 51 47 38 24 12 7 2 1 0 0 1 1 2 1 1 1 1 2 5 4 9 2 6 4 2 10 4 4 6 11
1 0 0 0 0 0 0 0 0 0 0 0 0 0 0 0 1 2 6 14 23 17 17 43 39 42 29 33 46 46 62 61 63 64 58 52 49 42 42 21 30 28 31 47 10 21 37 31 15 14 15 26 20 20 7 22 38 16 21 29 32 54 62 63 64 59 38 25 32 18 28 10 3 1 0 0 0 1 1 1 1 1 2 1 2 5 4 11 9 9 5 15 7 1 5 5
1 0 0 0 0 0 0 0 0 0 0 0 0 0 0 0 1 2 3 4 7 34 39 32 44 52 46 35 40 51 49 48 61 61 41 47 41 44 49 19 45 36 27 48 9 14 34 25 34 30 11 10 30 24 15 22 25 19 47 34 60 45 45 70 79 48 37 14 32 12 7 5 1 1 1 1 1 2 2 2 3 2 2 2 2 2 4 14 24 30 6 5 10 5 7 16
0 0 0 0 0 0 0 0 0 0 0 0 0 0 0 0 0 1 2 4 8 15 26 24 20 34 49 34 46 33 43 49 50 71 50 59 40 55 36 38 21 31 17 36 10 8 19 18 21 31 31 13 16 5 16 9 8 31 36 31 40 31 56 63 64 69 37 11 6 6 4 1 0 1 2 2 1 1 4 4 7 3 3 3 3 3 2 2 3 8 22 19 13 9 9 15
0 0 0 0 0 0 0 0 0 0 0 0 1 1 0 0 1 1 1 4 10 18 17 27 34 47 36 29 37 36 21 25 46 37 33 60 26 48 34 31 30 31 63 39 15 16 29 44 18 11 12 12 4 22 5 11 24 54 49 72 71 53 37 43 39 25 25 23 9 5 1 0 1 3 2 4 1 2 4 9 6 8 5 4 4 4 6 4 4 5 14 10 10 36 11 19
0 0 0 0 0 0 0 0 0 0 0 1 1 1 1 1 2 2 2 2 5 4 8 13 16 29 24 19 26 28 37 37 22 19 13 60 34 61 26 37 28 25 64 44 31 18 49 32 29 20 11 29 11 32 21 34 37 16 34 39 45 39 23 32 43 29 32 12 12 4 3 0 1 2 2 5 6 2 3 6 8 12 7 11 6 3 4 8 2 1 2 3 4 16 22 13
0 0 0 0 0 0 0 0 0 0 0 1 1 1 2 1 2 4 3 8 16 18 29 35 40 37 40 53 55 40 47 61 57 36 48 42 62 52 27 32 24 18 15 46 25 10 20 25 26 18 21 38 49 58 85 75 74 64 66 42 44 43 47 57 42 29 20 12 7 3 1 0 2 3 5 6 7 5 6 12 8 16 10 14 7 4 4 9 12 3 6 8 5 3 4 8
0 0 0 0 0 0 0 0 0 0 1 1 1 2 2 2 1 2 8 16 29 24 38 52 61 68 67 58 77 63 46 43 38 25 15 16 34 35 42 29 31 10 13 38 15 11 11 25 11 21 4 3 6 9 26 42 83 83 61 58 46 41 21 50 35 22 17 9 2 1 0 1 2 4 3 5 7 12 9 15 9 5 22 19 10 4 6 13 11 5 7 11 9 18 24 33
0 0 0 0 0 0 0 1 1 1 0 0 1 2 2 4 1 1 2 6 17 36 18 45 42 59 67 52 11 28 46 32 21 20 27 35 38 22 45 15 27 13 5 24 17 21 7 6 5 14 13 9 9 9 10 9 27 58 73 77 82 43 36 25 21 17 14 13 7 1 1 2 6 5 5 6 19 14 16 17 17 7 8 32 17 6 6 8 9 7 12 6 15 19 28 40
0 0 0 0 0 1 1 1 1 1 0 1 1 2 1 3 2 1 3 5 10 15 13 32 26 27 25 17 14 15 27 24 22 31 26 16 26 41 34 6 18 23 5 13 14 5 3 18 13 12 25 16 22 30 29 35 39 54 46 36 50 77 58 42 33 28 25 11 5 1 1 5 7 12 11 8 16 24 17 13 13 12 5 18 27 13 14 6 16 9 16 16 11 24 24 19
0 0 0 0 1 1 1 1 1 1 1 1 1 1 3 1 5 1 1 1 4 3 10 12 18 31 30 36 41 28 39 21 22 36 29 23 22 15 8 8 16 23 56 24 8 11 3 11 14 10 29 37 19 38 54 30 26 24 28 20 21 36 56 52 40 22 20 11 3 1 2 7 8 12 15 15 11 31 22 31 16 25 18 16 47 22 29 11 18 17 20 30 20 20 19 28
0 0 1 1 1 1 1 1 1 1 1 1 1 2 5 4 3 1 1 3 2 3 9 11 19 28 33 32 33 51 46 47 41 58 19 15 18 23 22 18 42 38 11 13 36 15 7 9 9 41 52 13 34 30 25 29 44 40 48 31 26 22 22 24 26 17 10 8 3 2 3 8 9 16 14 12 13 20 30 39 26 18 28 17 50 16 18 22 14 33 20 22 22 15 18 19
0 1 1 1 1 1 1 2 3 3 1 1 2 1 8 18 2 2 1 7 8 9 8 9 16 16 28 20 26 38 39 32 27 28 29 30 23 32 31 19 11 8 5 3 7 17 18 10 40 56 12 7 11 39 36 33 30 39 28 25 30 22 21 13 12 9 8 4 3 3 7 10 10 12 14 13 18 22 34 29 27 23 27 42 54 17 21 26 16 35 23 11 29 12 7 15
1 1 1 2 2 1 2 2 5 5 1 1 1 3 5 7 2 3 2 5 11 11 11 7 8 7 18 24 28 35 26 24 29 28 27 25 24 19 18 20 13 8 5 4 7 3 6 27 9 28 10 12 12 11 22 75 48 50 40 35 26 23 18 13 10 8 6 3 3 3 7 10 7 13 11 21 27 18 21 46 34 39 43 41 53 35 39 17 41 34 9 19 25 11 14 19
1 1 1 4 2 1 2 3 5 9 2 1 3 3 6 13 6 4 3 10 15 24 12 18 16 6 12 17 21 19 27 18 25 26 26 15 13 7 11 12 23 23 20 16 15 21 18 5 3 7 14 31 35 30 37 21 34 38 50 47 36 22 16 14 11 9 6 3 1 7 9 11 16 14 24 22 20 31 20 17 30 32 32 47 25 80 42 16 30 30 7 19 16 30 19 24
2 4 2 6 3 2 2 4 6 9 1 1 3 4 8 10 11 1 8 13 17 32 19 21 22 29 18 15 10 13 15 26 42 31 12 26 11 26 14 15 18 24 12 9 7 12 5 6 11 24 30 26 38 33 45 14 12 13 14 28 23 25 20 18 15 14 11 4 2 8 9 9 15 19 25 10 19 14 32 15 22 19 33 21 46 71 28 19 43 16 10 19 18 29 32 30
2 3 5 6 5 5 2 3 8 18 2 4 5 8 9 17 3 2 9 13 24 33 40 24 44 28 32 31 18 20 14 47 55 32 36 21 18 24 16 12 23 8 13 6 10 10 8 7 8 24 26 20 36 42 36 14 27 35 34 40 36 30 30 31 23 21 13 5 2 10 11 10 27 16 23 35 35 23 13 26 17 27 30 39 31 57 46 38 40 18 17 27 15 17 7 38
1 2 6 7 7 5 3 4 9 12 3 7 9 22 25 9 2 2 11 14 18 39 37 45 30 31 51 37 33 32 34 42 55 47 36 39 37 21 41 21 10 16 5 3 3 8 7 8 9 13 18 27 31 27 40 37 40 48 46 50 52 53 37 26 16 11 11 3 4 12 18 15 28 30 22 24 36 25 27 9 37 12 17 38 40 56 63 73 36 21 30 25 30 32 21 47
2 3 8 11 17 8 5 6 13 14 3 4 13 28 17 3 2 5 9 14 28 33 37 42 44 34 48 41 53 53 53 38 20 25 34 34 32 15 28 25 25 15 8 6 14 7 6 15 6 5 8 15 34 50 37 36 55 55 55 36 54 34 16 20 21 14 6 3 3 11 26 15 26 31 36 28 38 24 30 25 19 40 20 8 12 36 56 69 33 44 34 29 26 46 20 20
3 4 5 9 23 14 6 8 12 16 3 3 14 27 10 4 2 6 15 16 17 22 30 38 59 33 40 39 33 52 54 39 41 31 29 17 24 25 30 20 18 11 8 12 22 12 9 12 4 3 6 25 39 25 54 61 30 37 26 27 23 20 32 32 15 13 11 3 5 7 29 20 22 23 28 37 30 29 14 28 15 44 26 20 11 10 29 45 52 69 40 35 28 40 14 18
4 9 6 7 10 24 8 11 23 6 5 5 10 33 14 4 2 9 16 18 28 40 39 55 53 46 27 32 51 46 25 54 70 53 24 24 17 20 29 19 9 16 16 10 11 5 7 5 15 11 18 24 29 43 55 40 53 31 38 38 32 29 24 18 17 15 8 4 4 10 11 37 21 21 24 27 44 41 28 48 18 17 29 25 19 17 18 34 52 55 39 39 33 37 20 30
5 7 16 13 6 19 6 16 41 8 7 14 21 27 8 7 1 5 19 22 39 31 36 57 56 51 46 18 14 17 25 22 27 11 12 22 34 20 20 32 22 14 8 7 5 3 4 6 19 20 23 28 38 44 62 58 57 44 37 45 35 39 39 22 22 18 7 6 6 21 22 22 40 20 22 27 51 42 30 24 35 19 14 39 33 19 24 24 42 47 57 38 32 23 34 18
6 9 19 26 12 29 7 15 47 19 8 24 28 14 6 2 2 3 8 23 44 44 36 40 46 62 43 19 25 19 24 22 29 21 15 8 18 25 32 27 15 12 5 8 8 4 8 3 1 3 24 21 19 36 36 28 28 52 50 44 46 25 25 23 17 16 15 3 9 20 25 23 27 10 29 30 31 48 58 48 45 26 19 17 36 22 17 31 47 79 69 35 24 20 35 17
7 9 10 31 14 28 15 14 19 28 13 32 25 5 2 3 5 8 16 30 31 37 46 27 39 46 61 26 19 20 30 28 28 26 20 27 18 22 12 6 7 13 7 7 11 6 5 2 7 12 15 32 67 51 34 61 55 73 50 36 44 43 38 34 31 17 15 8 12 24 21 34 48 19 20 45 35 52 42 37 55 21 29 31 55 22 14 19 16 36 57 31 31 15 49 33
6 7 6 19 40 19 30 13 38 18 37 16 5 3 7 7 11 9 34 43 24 34 38 40 20 33 54 61 30 31 18 28 23 12 11 11 17 11 8 7 8 4 3 2 5 3 4 2 10 10 9 27 23 43 54 53 35 58 33 27 31 36 36 32 18 14 11 19 20 24 30 37 9 28 38 46 42 30 46 31 67 26 30 22 30 46 31 34 41 36 47 26 49 17 29 46
17 11 8 10 19 34 36 20 55 24 25 6 3 7 10 15 15 10 13 13 26 31 37 56 49 31 30 15 34 48 17 29 14 13 19 21 23 13 12 10 6 6 11 6 3 1 1 2 7 13 20 24 37 26 40 37 36 34 23 8 23 30 28 24 13 11 11 20 23 27 30 45 15 14 8 13 38 53 69 23 57 44 31 32 20 17 55 27 39 41 33 51 18 20 33 47
13 20 13 11 11 22 52 25 24 9 5 2 6 11 21 27 26 10 14 17 29 33 28 11 18 14 18 36 10 17 35 50 30 34 10 22 8 11 12 3 3 4 3 2 2 10 3 3 6 13 21 14 16 26 28 33 25 42 31 33 44 32 30 19 25 24 14 25 24 28 26 42 14 27 16 22 22 16 40 32 27 53 32 37 21 41 45 13 36 51 54 43 16 21 19 23
14 22 17 22 31 40 41 22 24 6 8 6 9 21 24 29 34 22 23 25 32 34 26 19 16 22 19 12 15 29 14 20 23 53 21 37 9 7 8 8 7 5 5 6 2 2 4 3 8 15 30 13 16 22 37 18 38 60 64 56 47 32 33 32 27 24 26 38 26 28 29 36 19 32 28 23 35 31 36 53 18 53 30 52 18 17 41 9 18 24 52 33 12 22 24 47
17 27 23 28 36 48 40 9 6 3 12 11 19 24 25 37 24 47 39 26 31 30 28 34 34 27 27 14 19 39 14 12 6 7 8 23 30 22 15 30 18 12 8 6 6 3 1 5 17 14 22 8 11 24 26 33 48 73 36 41 50 31 34 29 27 25 32 44 28 29 31 32 30 32 42 26 36 33 32 31 46 75 42 49 34 10 47 24 10 14 33 42 22 25 20 7
18 36 37 35 65 45 9 7 10 12 24 21 17 29 28 44 16 30 59 19 34 27 16 23 33 35 15 22 26 29 50 15 11 5 7 4 6 4 8 24 27 10 13 8 6 5 3 4 12 11 10 10 16 21 41 43 43 44 42 29 48 39 27 10 32 16 19 53 31 30 43 32 46 30 42 34 32 38 32 25 29 15 59 56 46 15 22 19 9 9 17 45 19 31 35 28
22 30 60 52 60 11 12 11 13 24 26 28 38 50 16 35 17 28 35 55 21 40 15 13 19 34 35 30 25 18 10 21 11 11 8 6 6 6 6 7 10 5 4 6 3 1 2 6 6 8 9 9 10 19 35 52 24 47 67 56 27 23 16 8 43 28 29 48 38 29 46 32 59 42 39 44 29 29 43 27 20 15 43 37 45 19 9 43 11 13 21 41 39 36 22 26
16 35 63 73 40 6 13 23 26 28 44 53 27 34 20 20 40 18 32 30 22 30 21 19 21 28 24 41 26 29 31 20 27 16 13 10 7 6 5 8 8 3 3 3 4 3 4 13 5 8 8 7 13 25 46 43 69 46 37 53 30 18 6 17 24 49 31 33 41 27 37 31 51 44 28 43 42 27 29 43 35 11 20 50 57 22 6 27 18 13 24 16 57 39 19 62
17 42 67 45 7 9 28 27 20 49 36 63 20 39 22 18 26 62 18 34 46 30 40 16 17 31 37 26 25 41 24 22 43 9 13 10 8 10 3 8 6 3 7 8 6 5 10 7 10 13 16 20 21 20 28 41 49 39 43 35 32 17 9 25 20 33 29 31 43 27 30 36 31 51 27 28 55 26 28 32 45 14 24 28 45 22 9 18 25 18 13 11 13 31 26 19
19 50 48 27 12 20 31 32 21 38 20 59 24 40 47 17 43 62 13 41 57 18 51 15 15 34 38 39 14 12 45 9 10 23 33 17 4 8 4 7 3 2 3 3 4 4 5 9 14 17 13 11 9 15 17 25 34 39 28 48 33 20 17 26 35 39 19 25 39 39 25 22 16 38 26 26 35 33 26 22 10 10 33 20 43 20 13 7 20 32 7 16 35 31 36 6
20 47 43 32 16 20 39 53 17 25 24 48 19 33 59 25 38 60 22 22 34 33 37 20 15 18 18 30 31 28 11 15 7 6 2 27 18 5 4 4 3 4 6 5 6 5 4 6 11 20 16 21 15 23 18 24 13 25 30 18 16 28 26 28 25 34 38 28 32 37 15 26 16 26 30 25 34 14 11 28 13 13 12 16 48 50 14 7 16 28 5 9 29 38 39 18
44 41 53 21 18 27 30 39 18 29 27 32 35 22 52 20 17 50 23 16 16 15 58 33 14 12 15 15 18 20 38 21 5 13 2 4 21 5 3 4 2 10 9 8 4 6 2 5 9 20 26 13 13 8 11 24 36 54 33 15 8 25 25 26 26 27 52 18 31 40 14 23 24 28 44 4 23 28 12 11 22 11 10 12 19 42 10 7 11 29 8 8 10 41 65 48
75 43 15 16 27 27 28 34 19 53 33 16 39 18 60 18 16 33 26 13 17 29 46 22 10 16 12 27 28 25 18 20 13 17 2 5 6 15 2 3 5 9 4 6 5 6 3 1 6 16 21 29 21 13 21 27 36 53 44 17 9 38 25 17 25 24 39 24 16 41 23 12 14 42 34 13 11 12 32 8 18 34 14 14 55 33 5 18 2 41 18 6 5 4 12 18
16 8 18 15 24 28 42 41 32 43 27 17 67 14 18 44 21 49 29 10 13 21 23 50 17 21 10 22 27 24 16 9 14 28 5 6 4 29 3 3 3 4 3 3 3 6 5 6 8 23 23 17 38 18 16 14 14 39 41 9 13 24 28 15 28 23 22 36 16 45 30 17 19 16 34 13 12 19 16 15 6 4 33 12 20 37 11 30 6 21 47 9 20 13 8 6
34 17 40 30 24 29 50 27 55 35 12 20 46 21 21 48 12 19 50 8 24 18 13 37 9 20 18 14 17 19 25 22 4 13 6 7 4 4 13 3 1 5 4 8 6 3 2 8 15 19 33 28 7 15 18 3 16 22 16 6 19 46 33 13 11 37 13 30 12 19 61 11 25 25 15 18 15 14 27 18 19 9 11 21 6 35 44 32 9 14 71 8 11 8 17 6
57 31 18 32 33 36 29 27 50 24 22 22 16 19 19 28 15 13 46 15 22 15 7 15 24 19 18 10 12 11 14 14 17 5 7 18 4 4 7 11 3 8 4 7 7 5 6 3 16 6 4 3 4 13 13 35 25 12 18 14 10 34 19 15 14 23 37 11 33 10 36 10 20 35 6 10 34 8 13 19 27 12 8 3 6 5 32 45 12 9 39 15 11 8 15 11
81 39 25 23 25 30 12 27 41 10 28 22 19 21 15 33 15 15 29 10 10 25 9 4 2 8 8 4 20 29 13 14 20 2 4 1 9 3 4 32 3 3 3 6 6 4 8 5 38 11 8 5 7 7 28 42 20 5 6 24 10 9 27 13 24 14 48 9 48 7 21 21 13 19 8 27 14 11 8 9 15 19 15 7 6 6 4 7 31 40 28 20 13 7 19 11
57 20 12 28 16 17 15 17 40 9 18 14 15 39 14 37 15 37 14 8 7 20 13 6 6 8 9 9 12 14 28 28 6 4 2 2 2 9 2 33 2 2 2 4 4 3 9 3 3 7 10 14 3 18 32 29 17 10 4 30 16 12 6 26 23 22 37 9 39 14 9 14 23 37 12 8 14 5 12 3 4 13 6 8 5 4 6 3 4 8 40 16 7 9 22 12
69 22 51 21 22 15 15 15 14 10 21 19 9 44 42 10 24 20 23 18 15 8 14 10 14 18 10 15 7 7 9 8 7 4 2 3 2 2 5 12 3 1 2 2 3 3 3 12 2 3 6 7 12 43 37 24 17 15 4 9 22 10 17 13 18 37 21 26 6 25 39 6 33 50 14 3 10 4 6 3 11 8 12 11 3 2 3 5 4 3 9 20 14 4 19 4
57 37 14 15 15 18 25 16 17 9 13 11 17 28 25 8 9 11 10 3 13 9 12 17 23 17 13 18 16 4 5 7 24 10 3 2 8 2 1 5 8 1 3 2 3 9 7 4 2 3 4 6 19 27 29 16 4 12 12 6 22 9 14 15 6 15 10 13 8 11 38 8 22 24 1 4 6 11 8 5 1 14 1 4 8 1 1 2 5 5 9 2 24 5 10 3
9 38 9 18 17 14 18 11 43 11 12 13 12 4 24 11 12 5 18 8 6 11 13 13 15 7 14 22 18 2 5 6 8 11 9 5 3 6 1 1 11 1 2 2 1 12 18 4 4 3 6 16 21 22 30 10 7 14 10 11 27 11 5 5 13 9 8 23 6 10 31 15 41 11 2 6 2 1 4 10 2 5 4 5 11 2 4 2 3 3 3 6 11 10 16 2
19 56 11 12 7 15 20 17 9 18 12 10 13 5 13 7 11 6 41 11 4 7 9 34 7 6 10 18 17 3 5 5 12 6 12 5 2 2 5 1 9 1 1 1 2 4 3 5 1 9 8 16 22 29 13 4 8 14 10 13 29 15 23 8 7 15 6 21 6 8 7 11 30 2 2 1 3 2 6 4 4 1 0 6 7 7 6 4 2 2 2 1 2 18 7 2
18 54 28 3 7 9 25 16 8 21 13 6 4 7 6 11 3 17 6 3 5 10 14 8 18 7 5 7 7 6 3 10 10 8 6 6 4 4 5 2 13 1 2 2 2 2 6 17 10 3 12 31 35 27 3 8 13 18 11 15 9 24 9 25 13 6 5 11 4 8 10 21 11 10 6 6 1 5 9 3 7 2 0 3 4 11 8 3 2 1 2 2 1 4 8 7
6 25 32 3 13 6 13 24 6 17 10 5 1 8 4 15 4 12 8 11 4 4 11 12 11 5 4 6 7 13 1 4 6 13 7 2 4 7 2 5 9 3 1 4 2 2 1 13 18 14 26 33 28 5 10 16 18 15 11 17 19 15 5 13 20 2 5 3 8 3 8 12 7 14 6 5 3 9 6 1 13 16 3 4 1 1 4 4 2 3 1 2 2 11 2 7
9 17 27 6 7 2 6 5 7 8 9 3 1 5 6 36 7 5 6 2 6 10 10 13 7 3 2 3 7 6 4 6 12 5 2 1 3 6 6 2 5 3 2 5 3 3 6 37 28 48 53 45 3 6 8 8 12 14 11 14 24 5 15 10 10 22 40 4 3 1 2 19 3 13 11 8 6 12 9 7 9 28 4 6 2 1 4 5 12 10 4 2 17 3 3 13
7 9 32 11 11 4 3 6 2 11 10 6 3 4 2 8 7 4 6 3 5 7 4 4 5 2 13 2 5 10 4 4 11 10 3 2 6 2 2 3 1 2 1 4 14 31 55 31 32 36 14 2 5 8 12 9 11 10 9 5 7 3 11 7 2 18 4 0 0 3 5 5 14 4 15 8 8 10 19 8 11 16 4 11 3 3 3 3 3 5 6 9 2 8 12 23
8 4 2 33 4 3 1 1 1 6 18 4 4 2 3 10 2 3 9 2 3 5 4 3 2 4 2 2 1 8 3 4 5 5 3 4 3 3 1 2 1 2 1 31 24 26 61 69 32 7 2 5 5 8 8 7 10 11 8 2 0 1 10 14 20 24 2 2 1 8 14 7 7 2 15 5 14 5 10 4 5 14 5 10 5 7 1 1 2 1 1 2 6 2 13 17
7 7 3 34 1 3 5 2 6 1 7 3 3 5 4 15 3 5 8 5 1 4 4 10 1 3 1 9 1 1 3 4 8 5 2 3 10 4 1 1 4 38 47 49 62 20 41 69 44 1 4 6 6 6 1 6 6 6 7 0 0 6 25 24 25 7 3 9 9 4 15 13 2 4 6 7 19 12 25 34 36 17 5 6 10 6 7 0 2 3 3 2 3 5 18 11
6 4 2 36 3 1 2 2 12 1 2 7 2 2 3 10 2 4 8 3 2 2 2 9 1 2 1 3 5 5 2 4 5 4 3 7 3 2 2 11 30 49 70 54 68 72 64 41 1 2 8 5 5 7 2 4 10 11 4 2 1 9 20 13 7 5 8 7 8 7 11 25 33 5 3 6 7 10 14 7 3 9 11 23 15 11 2 1 6 1 6 4 3 8 25 6
4 3 2 9 6 12 2 2 9 2 2 7 0 2 1 2 3 3 5 3 1 0 0 5 1 2 6 3 8 3 2 4 2 6 2 5 3 1 4 15 12 5 43 67 72 52 2 2 5 3 4 3 5 5 3 1 2 32 4 8 4 6 4 15 11 5 10 9 6 21 20 19 2 5 5 12 11 10 8 7 8 8 12 8 10 2 6 3 2 1 3 6 2 4 18 5
3 3 1 2 12 3 2 1 5 1 1 3 2 0 0 1 2 1 5 2 2 0 1 1 2 4 5 3 4 2 5 4 5 2 3 3 3 1 5 10 4 21 13 8 5 2 7 10 6 6 3 3 2 0 2 6 3 8 8 5 4 5 2 5 2 3 4 12 24 31 7 2 5 7 7 8 21 10 26 9 12 13 11 9 12 1 3 2 4 1 7 4 3 3 4 2
3 3 2 1 11 1 1 2 6 2 1 1 5 1 1 1 1 1 3 3 1 1 1 3 5 2 2 4 1 2 2 3 3 4 3 2 3 2 12 12 48 44 11 2 7 7 2 3 4 1 2 0 2 1 3 5 2 17 5 2 3 3 6 4 1 4 7 25 16 1 3 0 2 8 20 19 9 11 5 9 10 7 10 14 3 4 4 5 2 1 10 4 3 4 2 0
1 1 2 6 1 1 2 1 3 1 1 0 3 1 1 1 1 1 1 4 1 1 0 1 4 4 3 2 1 2 1 2 2 4 1 3 5 3 9 6 7 17 3 7 8 4 4 5 10 4 1 0 0 1 4 7 1 6 4 3 3 3 6 2 1 2 10 13 1 0 1 4 2 2 4 18 14 19 3 6 8 8 9 5 6 3 5 4 7 1 3 4 1 1 1 1
6 1 2 9 10 0 1 1 3 1 1 0 2 1 1 0 1 1 1 1 1 0 0 2 2 5 3 1 1 1 0 1 3 1 2 1 2 2 7 3 9 16 3 6 2 8 1 1 3 6 4 1 0 1 0 2 5 2 5 0 1 7 4 1 2 7 10 15 1 0 1 4 3 3 4 8 12 5 3 4 6 8 7 13 3 5 8 3 2 1 3 3 2 1 1 1
2 1 0 1 2 1 1 1 1 1 0 0 0 1 1 0 1 1 1 0 0 0 0 2 2 2 3 0 1 1 1 0 0 2 3 2 3 23 8 43 39 15 2 1 1 6 4 2 2 5 2 2 0 1 2 1 9 6 0 0 0 4 3 2 8 11 11 12 1 2 2 5 14 1 3 7 5 4 2 3 7 4 5 1 2 11 3 3 1 1 1 1 1 0 1 0
1 1 0 1 0 2 1 0 0 0 1 0 0 0 0 0 1 0 5 0 0 1 1 2 1 1 1 0 1 1 1 0 1 1 1 3 9 14 36 21 8 33 5 1 2 3 0 0 0 2 3 3 1 0 2 3 1 10 1 1 1 8 3 1 3 8 4 10 2 3 4 4 6 1 2 3 2 8 3 2 0 0 0 1 1 2 1 1 1 1 1 0 0 0 0 0
1 2 2 1 0 0 0 1 0 0 0 0 1 0 1 0 0 1 1 0 0 0 2 1 1 1 1 0 1 0 1 0 0 1 2 17 29 47 66 20 4 1 5 6 2 1 3 11 2 6 7 1 3 4 3 5 1 3 1 3 1 9 1 3 5 3 4 10 2 2 3 4 3 1 0 1 3 3 13 3 1 1 2 2 1 1 1 1 0 0 0 1 0 0 0 1
