sesion_6_simulaciones/modelos_agentes/ejemplos_netlogo/scenarios/echam4_a2/rob_2092.asc
NCOLS 322 
NROWS 307 
XLLCORNER 451900 
YLLCORNER 4086900 
CELLSIZE 100 
NODATA_value -9999 
[rows 146 to 218 of 307, columns 192 to 287 of 322]
37 61 79 76 88 89 81 83 79 68 55 29 18 3 1 0 0 0 0 0 0 0 0 0 0 0 0 0 0 0 0 0 0 0 0 0 0 0 1 1 1 0 1 1 5 16 32 41 42 31 47 55 58 64 60 27 10 5 28 48 51 69 62 52 53 64 60 53 74 49 40 67 24 32 44 25 55 31 44 32 62 51 29 15 9 4 2 1 0 0 0 0 0 0 0 0
30 55 66 67 83 79 88 88 87 89 80 52 14 7 4 3 1 0 0 0 0 0 0 0 0 0 0 0 0 0 0 0 0 0 0 0 0 0 0 1 0 0 2 7 10 10 20 20 23 35 50 44 51 51 35 15 14 5 13 20 39 58 73 74 81 83 71 58 68 64 50 75 30 58 30 43 45 38 58 27 13 28 24 14 7 3 2 1 0 0 0 0 0 0 0 0
16 33 29 48 64 69 76 78 85 67 84 71 31 18 8 2 1 0 0 0 0 0 0 0 0 0 0 0 0 0 0 0 0 0 0 0 0 0 0 0 1 0 2 3 5 9 10 20 14 34 26 20 17 22 19 14 7 9 22 27 72 66 46 71 66 67 71 45 42 80 53 70 55 29 32 81 46 60 71 65 54 51 25 8 7 2 1 1 0 0 0 0 0 0 0 0
2 10 24 54 46 59 64 77 78 83 68 36 31 20 6 1 1 0 0 0 0 0 0 0 0 0 0 0 1 0 0 0 0 0 0 0 0 0 0 1 1 0 1 4 5 8 6 11 17 18 18 10 9 13 5 2 4 13 19 46 34 49 78 79 49 67 82 79 56 67 78 75 74 37 39 72 46 65 55 44 53 33 23 12 6 3 1 1 1 0 0 0 0 0 0 0
3 1 10 28 37 44 61 63 65 79 50 36 26 8 3 2 0 0 0 0 0 0 0 0 0 0 0 0 0 0 0 0 0 0 0 0 0 0 0 1 1 4 12 7 15 11 2 2 8 9 9 5 3 3 1 1 8 13 21 32 25 37 73 65 53 68 48 50 76 86 80 65 57 45 37 63 56 30 23 25 11 10 9 4 4 3 1 0 1 0 0 0 0 0 0 0
4 1 2 4 4 24 31 23 51 68 41 40 38 11 2 1 0 0 0 0 0 0 0 0 0 0 0 0 0 0 0 0 0 0 0 0 1 1 1 1 2 5 4 3 4 3 2 1 1 5 4 3 1 2 1 3 10 14 20 17 26 54 47 62 68 58 35 54 54 39 57 71 56 43 72 55 49 28 34 31 9 4 7 4 2 3 1 0 1 1 0 0 0 0 0 0
11 2 0 0 3 4 6 13 54 53 72 48 40 14 2 1 0 0 0 0 0 0 0 0 0 0 0 0 0 0 0 0 0 0 0 0 0 0 1 4 2 2 3 3 1 1 1 1 0 1 2 1 1 0 1 3 5 8 13 21 39 34 28 24 56 32 41 45 33 37 34 57 57 56 53 58 42 44 42 23 26 20 33 12 7 4 2 2 1 1 0 0 0 0 0 0
7 2 0 0 2 1 1 9 30 17 64 62 39 14 2 0 0 0 0 0 0 0 0 0 0 0 0 0 0 0 0 0 0 1 0 1 1 1 1 2 4 1 2 4 4 1 0 0 1 0 1 1 0 0 0 1 4 6 6 19 44 26 26 17 21 34 34 24 46 46 48 39 41 52 38 34 45 60 65 62 58 35 23 27 12 6 4 1 1 1 0 0 0 0 0 0
6 1 0 0 0 0 1 8 5 6 35 36 18 7 1 0 0 0 0 0 0 0 0 0 0 0 0 0 0 0 0 0 0 1 0 1 2 3 3 2 2 1 0 0 0 0 0 0 0 0 0 0 0 0 1 1 2 3 7 9 9 12 14 15 11 24 39 26 15 26 36 30 36 50 45 45 24 23 42 44 50 31 23 13 8 5 2 3 2 1 1 0 0 0 0 0
3 0 0 0 0 0 1 2 3 7 17 19 7 1 1 0 0 0 0 0 0 0 0 0 0 0 0 0 0 0 0 0 0 0 1 1 3 2 2 2 2 1 0 0 1 0 0 0 0 0 0 0 0 1 1 2 3 5 11 6 5 3 8 9 11 10 12 14 28 32 33 43 41 56 28 36 48 25 23 12 9 10 4 4 5 3 3 4 2 1 0 0 0 0 0 0
1 0 0 0 0 0 0 0 1 3 3 3 1 0 0 0 0 0 0 0 0 0 0 0 0 0 0 0 0 0 0 0 0 0 1 1 2 2 1 1 1 1 1 0 0 0 0 0 0 0 0 0 0 1 1 2 2 3 5 2 2 2 14 33 30 19 30 50 57 49 57 40 66 63 54 70 60 41 38 34 38 17 7 5 2 5 6 2 1 1 0 0 0 0 0 0
1 0 0 0 0 0 0 0 0 0 0 0 0 0 0 0 0 0 0 0 0 0 0 0 0 0 0 0 0 0 0 0 0 0 0 0 0 0 0 0 0 0 0 0 0 0 0 0 0 0 0 0 0 0 1 1 1 1 1 1 2 7 16 35 31 41 26 49 54 60 36 24 33 33 68 42 29 34 58 64 44 25 18 8 9 9 3 1 1 1 1 1 0 0 0 0
0 0 0 0 0 0 0 0 0 0 0 0 0 0 0 0 0 0 0 0 0 0 0 0 0 0 0 0 0 0 0 0 0 0 0 0 0 0 0 0 0 0 0 0 0 0 0 0 0 0 1 0 0 0 1 1 1 1 1 3 5 15 17 18 25 39 44 46 39 40 74 44 38 42 57 40 69 64 63 64 53 39 20 9 4 4 3 2 2 1 1 1 0 0 0 0
0 0 0 0 0 0 0 0 0 0 0 0 1 0 0 0 0 0 0 0 0 0 0 0 0 0 0 0 0 0 0 0 0 0 0 0 0 0 0 0 0 0 0 0 0 0 0 0 1 1 1 1 1 1 1 1 1 1 3 6 11 18 15 27 38 48 30 57 48 55 43 25 52 56 73 68 48 29 26 25 15 16 7 2 3 3 2 2 1 1 1 1 1 0 0 0
0 0 0 0 0 0 0 0 0 0 0 0 0 0 0 0 0 0 0 0 0 0 0 0 0 0 0 0 0 0 0 0 0 0 0 0 0 0 0 0 0 0 0 0 0 0 1 0 1 1 1 1 1 2 2 2 2 1 4 16 26 20 26 45 42 30 34 28 24 34 40 27 24 25 57 54 57 59 28 23 20 8 2 7 2 3 3 1 3 2 2 1 1 0 0 0
0 0 0 0 0 0 0 0 0 1 1 0 0 0 0 0 0 0 0 0 0 0 0 0 0 0 0 0 0 0 0 0 0 0 0 0 0 0 0 0 0 0 0 0 0 1 1 1 1 2 4 3 2 3 2 2 3 3 6 15 32 30 31 22 40 35 41 73 67 39 57 51 32 39 61 66 43 46 48 35 31 13 14 5 6 8 5 1 3 4 6 1 2 0 0 0
0 0 0 0 0 0 0 1 1 0 0 0 0 0 0 0 0 0 0 0 0 0 0 0 0 0 0 0 0 0 0 0 0 0 0 0 0 0 0 1 1 0 1 1 1 1 1 1 1 1 2 5 4 5 4 3 5 4 10 19 21 30 37 31 24 32 38 48 50 45 56 59 31 44 69 69 43 44 45 36 25 14 11 6 9 13 6 4 8 9 2 1 0 0 0 0
0 0 0 0 0 0 0 0 0 0 0 0 0 0 0 0 0 0 0 0 0 0 0 0 0 0 0 0 0 0 0 0 0 0 0 0 0 0 1 2 1 1 1 1 1 2 3 3 1 1 1 2 7 7 8 5 12 8 7 22 31 36 44 53 42 17 12 23 26 49 40 36 29 27 55 67 41 61 56 35 20 10 16 15 22 12 12 15 12 10 3 1 0 0 0 0
0 0 0 0 0 0 0 0 0 0 0 0 0 0 0 0 0 0 0 0 0 0 0 0 0 0 0 0 0 0 0 0 0 0 0 0 0 1 1 2 2 1 1 2 2 6 3 4 3 2 1 1 2 5 9 13 18 19 16 20 25 28 28 38 46 54 36 27 23 29 33 31 23 26 41 64 39 44 43 24 27 12 29 19 33 30 33 33 14 3 1 0 0 0 0 0
0 0 0 0 0 0 0 0 0 0 0 0 0 0 0 0 0 0 0 0 0 0 0 0 0 0 0 0 0 0 0 0 0 0 0 0 0 1 3 3 2 2 1 1 3 2 5 5 7 3 2 2 1 1 3 5 20 57 24 23 30 26 29 33 38 54 54 40 28 42 34 27 42 56 56 61 51 45 46 34 27 29 44 27 46 27 11 4 5 2 1 0 0 0 0 0
0 0 0 0 0 0 0 0 0 0 0 0 0 0 0 0 0 0 0 0 0 0 0 0 0 0 0 0 0 0 0 0 0 0 0 0 0 1 1 2 1 0 5 1 2 7 6 7 5 8 5 2 2 4 6 11 18 19 25 43 57 42 30 32 37 58 65 51 38 40 35 32 49 44 59 58 39 41 44 48 34 39 37 60 50 34 11 5 5 3 2 1 0 0 0 0
0 0 0 0 0 0 0 0 0 0 0 0 0 0 0 0 0 0 0 0 0 0 0 0 0 0 0 0 0 0 0 0 0 0 0 0 0 1 1 1 0 2 3 9 4 2 4 13 9 14 13 10 5 4 6 12 18 21 13 21 25 26 37 66 41 36 36 46 33 46 26 20 15 27 47 70 51 50 43 44 50 71 43 57 68 48 12 7 10 5 1 0 0 0 0 0
0 0 0 0 0 0 0 0 0 0 0 0 0 0 0 0 0 0 0 0 0 0 0 0 0 0 0 0 0 0 0 0 0 0 0 0 0 0 0 0 0 2 6 3 1 3 9 1 6 24 37 24 16 11 7 17 9 7 7 19 34 21 39 23 56 38 19 17 22 15 48 58 43 43 35 56 25 28 36 56 77 53 71 51 30 23 13 3 3 4 1 0 0 0 0 1
0 0 0 0 0 0 0 0 0 0 0 0 0 0 0 0 0 0 0 0 0 0 0 0 0 0 0 0 0 0 0 0 0 0 0 0 0 0 0 1 1 1 1 5 4 3 10 12 5 7 14 26 28 16 13 8 12 19 13 20 20 35 43 51 49 70 38 24 32 26 38 46 37 59 33 66 24 52 68 70 72 76 67 59 49 28 19 4 3 2 1 0 0 0 1 1
0 0 0 0 0 0 0 0 0 0 0 0 0 0 0 0 0 0 0 0 0 0 0 0 0 0 0 0 0 0 0 0 0 0 0 0 0 1 1 1 3 4 3 5 10 10 5 13 32 9 17 18 39 21 25 10 10 15 37 20 21 25 37 32 38 44 61 45 22 28 41 63 32 35 58 55 60 58 56 74 78 74 54 26 22 20 12 4 2 2 1 0 0 0 1 0
0 0 1 1 0 0 0 0 0 0 0 0 0 0 0 0 0 0 0 0 0 0 0 0 0 0 0 0 0 0 1 2 1 1 0 0 0 1 1 1 2 6 9 11 6 23 22 8 21 26 21 27 35 31 25 16 19 26 24 24 27 24 23 22 26 29 39 59 36 26 29 55 21 21 28 46 53 73 72 75 49 43 40 32 26 8 4 2 2 2 1 0 0 1 0 0
0 0 0 1 0 0 0 0 0 0 0 0 0 0 0 0 0 0 0 0 0 0 0 0 0 0 0 0 0 0 1 2 2 1 1 0 1 2 2 1 3 10 6 8 26 25 17 27 19 51 54 28 19 70 35 31 31 27 25 39 29 31 26 28 24 46 53 45 50 61 39 15 36 23 43 53 31 59 70 77 55 37 40 24 20 16 18 11 4 3 1 0 0 1 1 0
0 0 1 1 0 0 0 0 0 0 0 0 0 0 0 0 0 0 0 0 0 0 0 0 0 0 0 0 0 0 0 0 3 1 1 0 0 2 3 2 3 8 12 10 30 25 49 32 44 47 55 48 40 57 40 31 31 32 30 42 29 21 26 35 36 43 38 51 38 15 47 37 29 35 31 29 25 36 37 65 78 56 52 52 50 38 22 16 10 5 1 0 1 1 2 1
0 0 1 0 0 0 0 0 0 0 0 0 0 0 0 0 0 0 0 0 0 0 0 0 0 0 0 0 0 0 0 0 2 2 3 0 0 1 5 5 4 9 12 12 29 34 50 51 55 44 67 66 67 66 58 54 54 39 26 55 44 30 18 28 38 54 48 54 59 62 39 39 28 47 24 43 31 38 42 25 24 57 54 50 35 26 16 15 12 2 1 0 1 1 4 1
0 0 1 0 0 0 0 0 0 0 0 0 0 0 0 0 0 0 0 0 0 0 0 0 0 0 0 0 0 0 0 1 1 4 4 1 1 1 1 5 12 12 10 26 43 36 39 27 45 64 66 70 72 67 71 58 55 55 42 58 36 31 20 22 35 22 40 43 48 51 41 27 16 28 30 33 31 36 43 51 43 42 53 40 33 30 46 14 4 5 1 0 0 2 4 2
0 0 1 1 0 0 0 0 0 0 0 0 0 0 0 0 0 0 0 0 0 0 0 0 0 0 0 0 0 0 1 2 3 3 5 2 2 1 2 1 5 11 26 14 51 64 40 47 53 57 70 72 74 66 54 71 54 54 58 60 41 48 23 34 39 53 32 38 33 36 27 33 46 22 42 23 39 47 57 63 50 54 50 27 30 27 24 12 6 3 1 0 1 2 5 7
1 2 2 2 1 0 0 0 0 0 0 0 0 0 0 0 0 0 0 0 0 0 0 0 0 0 0 0 0 1 1 2 4 8 8 6 3 3 4 4 5 2 6 16 36 41 56 63 54 56 68 71 71 66 75 77 56 52 56 59 57 48 27 42 41 38 23 23 24 25 24 28 38 33 22 28 54 61 50 58 65 55 47 29 18 21 18 11 5 2 1 0 1 3 5 14
1 3 2 1 1 0 0 0 0 0 0 0 0 0 0 0 0 0 0 0 0 0 0 0 0 0 0 0 0 0 1 2 4 5 3 6 8 10 9 21 40 10 7 8 14 18 25 77 74 73 44 67 66 73 77 41 39 62 57 56 60 56 44 41 58 46 27 18 24 18 20 18 17 44 50 39 42 66 61 52 53 60 62 33 16 16 10 5 4 1 0 0 1 4 6 16
1 4 3 2 1 0 0 0 0 0 0 0 0 0 0 0 0 0 0 0 0 0 0 0 0 0 0 0 0 0 0 1 2 8 7 3 4 4 3 8 18 41 24 13 20 39 32 62 56 71 73 57 65 65 58 63 52 27 65 63 55 52 36 33 48 40 29 16 24 26 19 23 22 36 53 37 49 61 56 49 56 67 56 40 29 14 9 3 1 1 0 0 2 3 8 15
2 9 6 2 1 1 0 0 0 0 0 0 0 0 0 0 0 0 0 0 0 0 0 0 0 0 0 0 0 0 0 0 1 9 5 1 2 2 2 3 8 14 35 53 61 44 53 29 30 28 29 42 65 59 46 60 41 45 37 59 52 45 31 32 54 24 16 14 14 24 26 31 39 50 40 34 36 50 42 37 45 48 49 40 19 13 9 7 3 1 0 0 1 2 7 9
4 15 9 2 1 0 0 0 0 0 0 0 0 0 0 0 0 0 0 0 0 0 0 0 0 0 0 0 0 0 0 1 0 0 0 0 0 0 2 5 6 10 12 45 47 40 21 14 35 27 32 40 63 50 49 65 67 61 64 52 44 48 42 41 25 12 23 24 10 18 18 22 35 22 24 20 25 32 24 33 46 46 28 27 17 14 12 12 8 3 1 0 1 2 5 7
9 9 5 2 1 1 0 0 0 0 0 0 0 0 0 0 0 0 0 0 0 0 0 0 0 0 0 0 0 0 1 1 0 0 0 1 1 2 2 3 3 10 13 8 19 25 17 37 48 33 29 61 29 51 72 39 71 51 33 33 70 58 48 28 8 12 21 27 17 28 23 11 27 13 24 21 27 30 44 44 45 41 39 43 34 21 18 15 10 2 1 0 0 1 3 4
27 4 3 3 2 1 0 0 0 0 0 0 0 0 0 0 0 0 0 0 0 0 0 0 0 0 0 0 0 0 1 1 0 0 1 1 1 1 3 5 9 7 6 13 13 10 33 41 44 36 42 38 43 52 38 41 40 35 26 23 13 34 39 26 27 12 39 40 26 22 24 25 37 36 41 46 46 47 57 51 54 63 55 59 45 17 15 12 9 2 1 0 0 1 3 5
22 10 4 5 2 1 1 1 0 0 0 0 0 0 0 0 0 0 0 0 0 0 0 0 0 0 0 0 0 0 0 0 0 0 1 2 1 2 3 4 2 4 9 9 11 9 22 29 31 48 41 35 50 41 39 49 44 58 56 35 22 31 41 30 40 16 26 38 29 9 11 41 19 40 56 54 56 51 58 66 68 63 41 39 35 20 15 11 4 2 1 0 0 1 3 5
19 19 20 8 4 3 2 0 0 0 0 0 0 0 0 0 0 0 0 0 0 0 0 0 0 0 0 0 0 0 0 0 0 0 1 2 1 1 4 2 2 3 7 8 7 6 18 37 59 65 56 61 53 69 43 62 57 30 37 42 33 30 51 81 84 41 34 27 18 8 8 7 5 16 17 20 24 34 51 57 48 45 42 45 44 29 16 10 4 2 1 0 0 0 1 4
41 38 21 11 6 2 1 1 0 0 0 0 0 0 0 0 0 0 0 0 0 0 0 0 0 0 0 0 0 0 0 0 0 0 1 1 0 1 0 1 1 1 6 4 7 20 16 11 48 41 48 46 36 48 67 66 29 28 35 45 46 37 30 40 20 51 26 35 7 4 12 22 24 26 25 33 33 23 16 31 48 33 37 62 40 27 16 7 6 3 1 0 0 1 1 3
35 35 17 9 4 3 2 1 1 0 0 0 0 0 0 0 0 0 0 0 0 0 0 0 0 0 0 0 0 0 0 0 0 0 0 0 1 1 2 1 2 2 3 5 15 18 13 11 27 23 25 10 12 12 14 14 22 44 35 33 47 48 30 25 14 21 17 6 11 7 4 14 39 39 18 21 43 52 65 64 60 49 20 36 48 25 20 17 8 3 1 0 0 2 2 3
39 34 11 6 5 4 4 2 1 0 0 0 0 0 0 0 0 0 0 0 0 0 0 0 0 0 0 0 0 0 0 0 0 0 0 0 0 1 1 2 2 3 7 10 12 20 14 8 7 10 6 8 13 16 15 19 26 21 41 25 31 20 22 12 8 6 14 9 7 7 9 9 10 25 13 16 44 65 60 63 53 35 32 43 36 17 11 11 10 8 2 0 1 1 3 8
36 24 16 12 8 11 8 3 0 0 0 0 0 0 0 0 0 0 0 0 0 0 0 0 0 0 0 0 0 0 0 0 0 0 0 0 0 1 2 1 2 3 6 8 13 9 8 6 10 9 16 27 29 33 36 42 28 37 16 14 20 39 32 19 26 21 14 6 9 5 14 23 9 20 22 33 52 51 43 39 34 33 28 25 20 11 5 6 7 7 2 0 1 2 6 15
31 22 23 14 26 17 5 2 1 1 1 1 1 0 0 0 0 0 0 0 0 0 0 0 0 0 0 0 0 0 0 0 0 0 0 0 0 0 1 1 1 2 5 5 5 11 14 15 15 13 10 34 52 48 48 54 51 36 45 20 28 36 52 39 19 24 15 9 5 8 22 43 16 22 20 32 66 59 55 56 44 44 29 21 33 13 13 18 13 4 1 0 1 3 9 18
22 19 24 31 19 14 8 2 2 2 2 2 1 1 0 0 0 0 0 0 0 0 0 0 0 0 0 0 0 0 0 0 1 0 0 0 0 1 1 1 2 3 2 4 6 10 21 28 36 23 37 48 42 50 51 50 50 47 50 47 35 38 30 32 29 23 13 7 3 3 7 12 10 14 31 49 42 40 40 29 46 49 32 13 4 5 14 11 6 2 0 1 2 4 6 12
13 26 37 43 23 11 9 10 12 6 5 3 2 1 1 0 0 0 0 0 0 0 0 0 0 0 0 0 0 0 0 1 1 1 0 0 1 1 2 3 4 4 3 4 5 10 14 25 42 53 70 61 40 40 56 67 44 47 61 51 40 25 28 31 14 7 7 4 2 7 14 14 10 17 28 25 35 26 32 36 43 18 10 13 23 15 11 9 7 2 1 1 3 4 5 8
20 35 32 40 35 16 17 26 20 13 7 3 2 1 1 0 0 0 0 0 0 0 0 0 0 0 0 1 1 1 0 1 1 2 1 1 1 2 4 5 6 9 10 7 5 11 6 11 20 19 47 63 72 58 45 61 42 51 64 55 52 17 13 10 6 5 4 6 1 8 10 21 20 19 10 12 19 10 16 26 27 30 41 25 44 18 10 13 3 0 1 3 4 9 7 10
39 42 41 45 36 32 36 32 30 18 9 3 1 1 1 1 0 0 0 0 0 0 0 0 0 0 1 1 2 2 1 1 1 2 2 1 1 2 4 12 18 25 20 13 14 10 13 18 20 23 27 37 44 68 61 49 65 55 36 43 51 45 24 9 4 2 3 4 2 8 16 20 21 12 15 28 28 45 53 50 55 67 61 36 26 18 14 7 1 0 1 3 8 12 17 19
62 46 35 23 47 39 33 29 20 14 6 3 3 2 1 1 0 0 0 0 0 0 0 0 0 1 1 2 2 2 2 2 3 2 4 2 5 2 4 14 30 26 40 26 18 21 25 29 38 34 42 51 53 44 45 44 53 55 51 48 22 27 14 28 16 3 2 2 7 17 21 30 42 37 15 28 48 69 68 68 70 52 24 10 23 15 4 1 0 1 1 1 5 15 20 25
68 57 34 17 31 34 19 17 6 4 3 3 3 3 1 0 0 1 0 0 0 0 0 0 0 0 1 2 2 0 4 5 4 3 5 4 8 9 4 10 19 30 37 44 32 25 39 34 38 49 39 53 54 44 41 43 26 27 46 37 32 27 10 11 7 3 1 5 13 11 17 19 22 31 29 58 42 41 67 65 59 35 41 34 20 13 7 1 1 1 1 3 3 10 22 48
56 49 25 11 16 15 9 10 7 6 5 9 5 2 0 0 0 0 0 0 0 0 0 0 1 0 0 1 2 2 1 5 6 4 6 8 7 20 24 16 23 32 37 48 46 26 41 52 55 51 41 68 57 47 41 39 38 10 11 13 6 7 13 10 2 4 5 20 5 5 7 10 18 34 54 61 57 33 54 42 43 43 35 28 21 11 6 0 1 3 4 3 5 9 13 29
46 32 16 12 9 6 11 14 12 11 15 6 2 1 0 1 1 0 0 0 0 0 0 0 1 1 1 1 2 3 3 2 1 10 18 16 17 21 15 30 41 35 52 51 52 28 34 49 50 56 57 58 47 47 44 25 20 20 25 23 16 16 10 5 4 0 3 2 3 3 13 34 43 48 38 51 57 58 55 47 52 41 39 30 19 11 3 0 2 4 9 7 6 10 13 20
52 39 38 35 32 22 32 26 31 21 11 9 4 2 1 1 1 1 0 0 0 0 0 0 0 1 3 3 3 6 7 5 3 11 22 25 28 26 19 20 20 21 14 14 27 41 55 50 50 44 46 51 46 47 38 44 31 10 43 41 19 12 8 4 4 1 2 4 8 10 20 29 40 57 48 33 55 48 57 42 46 57 43 26 20 4 1 1 3 6 13 12 13 15 21 26
57 49 65 64 42 10 5 16 26 18 12 10 8 5 3 1 1 0 0 0 0 0 0 0 1 2 2 5 6 7 10 13 6 9 24 33 35 29 34 17 22 25 25 17 17 18 45 60 57 54 33 31 42 43 40 37 31 46 28 17 18 22 21 13 3 1 3 7 10 13 20 14 25 31 32 39 49 61 62 65 64 52 46 23 13 4 3 1 7 7 13 8 14 30 34 47
64 67 46 26 12 7 31 32 19 6 12 21 16 9 3 2 2 1 0 0 0 0 0 0 1 2 3 3 6 13 18 19 11 13 15 33 43 43 46 23 45 27 39 30 18 20 20 28 61 70 41 24 39 49 36 31 34 21 35 33 17 13 18 12 2 2 2 1 11 34 37 36 38 44 32 50 56 56 44 56 48 45 59 37 12 5 2 1 7 8 11 14 13 20 34 47
54 38 38 19 17 27 41 25 14 10 14 14 13 6 2 5 2 1 1 0 0 0 0 1 1 2 3 4 14 20 22 26 15 6 7 23 20 31 40 41 58 57 37 47 44 19 21 56 55 57 41 25 29 27 46 28 24 25 14 14 12 17 16 6 4 2 4 7 10 10 28 47 51 68 59 43 71 58 47 49 60 51 23 48 15 5 1 2 6 8 15 17 21 18 23 26
23 39 53 27 25 46 31 28 34 28 16 10 4 3 4 4 2 2 1 0 0 0 0 0 1 1 4 9 17 15 32 31 19 13 14 15 17 23 15 47 57 62 58 36 58 31 28 57 51 25 56 24 29 25 23 51 34 25 46 28 8 7 8 7 2 3 3 5 12 36 41 57 64 45 72 55 44 43 65 45 56 54 26 11 14 4 1 2 6 8 18 15 33 50 45 30
29 35 50 58 58 53 47 40 22 14 8 3 3 5 7 4 2 1 1 1 0 0 0 1 1 1 3 5 11 12 18 17 30 38 27 19 20 23 22 32 35 55 54 65 50 42 33 54 39 27 45 46 14 24 24 11 9 9 21 18 17 4 4 4 2 5 6 16 18 45 58 53 43 59 44 67 54 61 61 60 62 26 10 3 4 1 1 6 8 10 16 12 37 53 45 44
56 56 63 53 57 43 26 29 14 11 5 6 16 8 4 2 2 2 2 1 0 0 0 1 2 4 6 5 10 14 33 32 41 46 45 36 22 22 38 25 41 32 36 72 65 54 40 53 20 19 31 18 15 16 18 23 11 8 7 7 5 11 10 5 2 2 8 21 15 13 9 16 30 26 45 46 61 67 58 58 49 28 10 5 1 1 3 5 7 12 12 13 26 36 39 47
57 52 49 58 49 20 12 17 18 14 13 21 20 7 5 3 2 1 1 1 0 0 0 1 3 5 8 12 15 11 26 43 47 51 50 61 23 16 30 42 40 39 45 54 65 49 35 47 50 45 23 34 64 18 20 22 14 7 7 9 2 2 3 3 5 2 3 9 31 35 24 24 26 8 9 20 36 43 59 49 30 26 14 2 0 2 5 6 5 7 12 19 29 18 27 27
50 39 36 40 33 28 24 14 20 27 21 11 4 5 4 4 3 1 1 1 1 0 0 1 4 8 14 20 23 30 28 42 64 56 44 65 40 28 30 29 44 40 50 50 60 42 27 37 51 61 32 30 47 37 14 19 17 14 6 7 8 5 2 2 5 1 5 20 24 37 41 47 35 34 31 26 16 29 38 53 40 12 3 1 0 1 3 9 10 11 16 16 19 25 43 51
28 31 43 31 35 30 27 42 15 6 4 4 12 14 7 3 3 2 1 0 0 0 1 1 4 6 13 25 40 37 57 60 63 65 65 41 56 42 32 37 54 48 50 52 30 43 61 36 24 12 30 24 11 27 27 13 16 12 5 2 3 6 2 2 2 5 7 9 20 32 41 42 29 54 58 61 53 46 33 27 27 9 3 0 1 2 2 3 7 11 15 15 21 22 28 32
44 32 50 38 36 67 48 22 17 10 13 18 22 7 2 1 1 1 0 0 0 1 3 2 4 8 19 27 32 43 55 71 77 73 68 71 56 69 54 37 54 61 44 25 34 51 58 51 23 24 22 30 28 15 16 13 11 7 7 3 1 3 3 1 0 2 4 10 17 29 62 77 64 62 77 79 85 67 47 22 15 5 1 0 1 1 3 5 7 11 15 17 26 30 32 39
41 44 31 29 33 22 32 36 38 37 31 13 7 5 2 1 0 0 0 0 0 1 2 3 8 12 13 21 28 31 34 60 67 82 76 59 58 68 64 34 36 63 40 36 22 40 51 49 60 36 23 19 30 39 20 5 11 13 9 3 1 1 1 1 2 2 15 32 58 28 31 69 80 60 38 57 70 70 45 20 8 4 1 0 1 2 3 5 8 13 18 22 26 30 31 34
26 39 39 28 19 11 6 30 21 17 20 9 4 2 2 1 0 0 0 0 0 1 4 10 15 20 30 21 20 17 27 44 49 65 81 40 32 71 63 31 29 48 53 30 26 35 34 47 47 41 8 7 19 23 9 6 9 7 6 9 2 1 1 1 1 5 3 4 17 74 49 37 56 72 43 34 43 68 43 15 6 2 0 0 1 2 2 4 7 10 18 17 26 27 41 47
31 35 29 28 35 35 18 26 22 19 9 7 6 5 2 1 1 0 0 0 0 1 2 6 19 25 24 28 35 40 29 33 36 37 50 68 35 35 67 56 28 26 46 31 22 27 29 40 49 38 22 6 30 16 12 7 4 1 1 2 1 1 0 1 2 3 4 19 27 45 61 42 41 26 24 17 6 35 38 11 5 1 0 0 1 2 4 5 7 11 12 11 22 27 21 31
19 20 17 27 21 26 14 31 19 17 10 6 5 3 2 1 1 0 0 0 0 0 1 3 10 16 17 20 22 17 50 34 36 23 36 46 70 34 16 49 40 22 44 31 15 22 22 33 24 26 32 8 8 8 5 7 3 2 1 1 1 1 1 3 2 5 11 15 19 58 64 43 36 52 42 30 10 7 20 11 2 0 0 1 2 4 4 7 7 15 13 29 37 39 38 35
26 28 39 55 29 27 15 26 19 12 9 4 2 2 1 1 1 0 0 0 0 0 2 3 6 12 10 34 31 23 53 70 78 64 63 70 57 44 27 18 17 34 31 19 12 12 22 28 26 12 26 7 7 6 5 6 4 1 1 2 1 1 1 2 20 14 27 33 33 42 25 39 51 58 52 36 20 5 4 5 2 0 0 2 2 6 4 4 10 9 17 17 30 35 48 53
38 41 39 36 32 33 23 18 13 8 5 4 4 2 2 1 0 0 0 1 0 0 1 3 6 9 9 8 19 47 48 57 62 63 30 23 34 52 42 37 13 9 34 17 10 13 12 7 21 10 5 10 2 4 2 2 5 1 1 1 1 1 2 4 16 19 15 24 20 21 44 52 65 57 60 43 10 8 5 1 0 0 1 2 4 2 3 2 6 8 12 9 16 18 29 38
11 17 22 27 25 27 29 24 23 11 8 9 6 5 2 1 0 0 1 2 1 1 1 2 4 4 5 17 23 25 43 25 19 23 35 47 49 26 33 50 45 24 20 11 16 8 8 6 3 4 4 2 5 2 4 1 1 1 0 1 0 0 1 2 3 3 9 22 28 46 57 55 41 43 25 45 28 16 4 1 0 0 1 2 1 4 3 6 9 18 11 26 25 15 33 46
9 6 14 18 14 14 26 26 17 21 18 13 8 3 2 1 0 1 1 2 1 2 3 4 2 2 5 8 10 13 26 31 23 43 46 47 32 31 25 47 23 11 10 10 13 12 8 3 3 9 3 4 1 3 4 1 1 0 1 0 1 1 4 4 8 9 19 27 36 47 58 43 46 42 25 14 17 9 3 1 0 1 1 1 3 2 10 6 14 6 8 17 17 18 19 23
16 16 18 18 9 5 7 23 22 19 11 8 6 3 2 1 0 1 1 4 3 4 5 5 3 3 3 4 3 9 15 30 30 56 55 48 40 27 24 14 16 11 8 4 6 6 13 4 2 2 1 1 2 2 3 1 1 1 0 1 3 2 8 20 11 13 17 24 31 61 60 67 55 42 35 23 9 3 1 0 0 1 2 2 3 4 5 11 9 13 21 20 25 32 31 35
