sesion_6_simulaciones/modelos_agentes/ejemplos_netlogo/scenarios/echam4_a2/rob_2084.asc
NCOLS 322 
NROWS 307 
XLLCORNER 451900 
YLLCORNER 4086900 
CELLSIZE 100 
NODATA_value -9999 
[rows 219 to 291 of 307, columns 0 to 95 of 322]
0 1 0 0 1 3 6 2 3 1 1 1 1 0 1 1 1 3 1 1 1 3 2 2 1 5 4 6 3 6 5 13 9 9 19 21 9 9 7 13 6 8 10 19 19 12 14 5 11 12 12 34 57 32 43 65 66 41 64 66 72 83 60 71 50 47 49 47 40 18 32 32 25 27 30 29 17 12 4 4 2 1 1 0 0 1 2 5 3 3 3 2 2 7 17 41
0 1 1 1 2 3 6 6 2 2 3 2 2 1 1 2 1 0 0 1 1 4 1 2 4 4 2 15 10 8 12 16 10 9 11 4 2 5 2 12 9 9 10 13 12 11 10 7 9 17 19 39 42 49 12 24 63 77 77 58 16 14 35 35 76 55 49 67 37 24 24 29 42 24 10 10 5 6 4 3 1 1 0 0 0 2 5 9 11 6 6 6 3 7 22 24
0 0 1 1 2 2 4 3 1 2 1 2 5 3 1 1 1 1 1 1 0 1 9 3 2 1 1 5 7 4 5 8 12 3 8 2 3 3 1 11 7 6 12 10 6 8 12 10 28 39 19 13 16 12 8 11 46 57 45 27 42 34 32 48 38 39 42 30 55 43 46 30 28 28 19 17 10 7 2 2 1 1 0 0 1 4 8 21 30 17 17 8 7 22 33 31
0 0 1 1 1 1 3 4 1 2 2 2 5 2 2 1 1 0 0 1 2 3 4 5 3 2 2 4 7 2 2 5 6 2 4 3 2 2 4 13 3 3 5 4 3 11 7 13 21 48 48 22 15 19 17 10 18 33 19 30 40 27 23 54 38 51 37 50 44 43 41 38 20 16 13 11 6 5 1 1 0 0 0 1 2 6 15 31 33 22 15 16 27 39 59 44
0 0 0 0 0 1 2 5 3 1 1 2 3 2 1 1 1 2 2 2 2 4 2 9 4 4 3 3 3 3 2 3 2 2 5 1 1 2 2 7 4 2 2 3 1 1 3 3 4 28 42 27 30 20 17 19 11 15 29 38 35 57 33 42 59 41 44 50 60 41 24 24 18 13 8 4 4 4 2 1 0 1 1 3 5 8 15 23 45 43 21 29 39 43 14 15
0 1 2 6 2 2 2 5 3 4 5 8 3 2 2 3 2 4 1 2 9 1 2 2 2 2 1 5 2 2 1 2 1 2 2 1 2 2 1 3 2 2 1 8 9 8 9 11 13 6 10 23 15 15 11 12 14 23 27 34 41 52 37 75 75 58 52 43 43 30 22 22 13 11 9 3 3 1 1 0 0 0 2 7 11 23 14 32 58 54 30 40 49 45 16 14
1 2 3 7 8 11 3 3 2 6 5 3 2 1 2 2 1 0 0 3 1 2 4 2 1 2 2 1 1 1 1 1 1 0 1 2 1 1 1 3 1 2 4 3 4 12 10 28 35 16 9 14 10 17 9 11 15 31 29 32 49 35 34 31 44 42 34 36 25 21 21 12 11 10 5 3 2 1 0 0 0 2 7 11 13 34 40 40 68 65 58 59 35 28 18 19
0 0 1 1 2 21 9 1 4 3 5 2 4 3 0 0 0 0 1 6 1 2 3 2 1 1 1 0 1 0 1 2 1 0 1 1 1 1 1 1 2 6 8 3 7 13 17 10 42 61 14 13 6 9 11 20 20 21 29 25 22 20 31 21 20 34 48 33 20 13 10 8 13 5 3 2 1 0 1 1 1 4 11 13 13 33 56 62 66 75 60 39 35 21 17 14
0 0 1 2 3 5 2 2 2 2 4 4 6 1 0 0 1 2 5 7 1 1 2 2 1 1 1 0 0 1 0 1 2 0 0 0 1 1 5 8 2 2 2 14 7 11 29 19 19 9 17 22 19 19 19 25 33 26 30 30 30 19 24 17 19 31 27 14 9 15 9 5 3 3 2 1 0 1 2 4 5 6 16 20 16 30 59 79 66 16 17 11 15 19 14 12
0 0 1 3 3 3 3 2 1 3 2 2 3 1 2 5 4 5 3 5 1 1 1 1 0 0 1 0 0 1 0 0 0 1 0 1 0 0 3 10 6 2 9 7 52 23 10 14 17 17 12 31 28 29 36 37 25 35 22 19 19 6 3 4 15 17 18 12 11 8 6 4 3 2 1 0 1 3 5 7 9 16 18 23 37 46 44 76 50 25 25 20 17 21 14 20
0 0 1 1 2 2 3 3 2 2 2 4 3 3 3 5 3 1 2 2 1 1 0 0 0 0 0 0 0 0 0 0 0 0 1 2 1 1 1 2 4 2 2 3 17 58 27 15 15 17 16 17 19 31 48 53 34 32 13 14 6 6 8 23 26 21 6 6 9 5 2 1 1 1 1 2 6 7 8 12 23 19 34 29 56 62 56 55 34 26 34 48 26 21 15 14
0 0 1 1 2 2 4 1 2 1 1 2 1 4 2 3 2 1 1 1 0 0 0 0 0 0 0 0 0 0 0 0 0 0 0 1 1 3 1 1 3 9 7 11 24 11 16 10 8 12 11 12 23 27 29 37 47 37 37 18 21 18 11 15 23 14 5 6 3 2 1 1 1 1 2 4 7 9 12 18 35 25 45 36 35 70 80 52 39 50 62 51 26 18 16 7
0 0 1 2 1 1 1 3 1 1 1 1 1 1 1 2 1 1 0 0 0 0 0 0 0 0 0 0 0 0 0 0 1 0 0 0 2 1 2 2 1 3 23 41 57 25 10 6 15 20 22 10 18 30 27 36 38 17 26 38 20 16 9 16 8 16 8 3 3 2 2 3 2 2 4 7 12 25 33 40 47 44 47 30 23 41 68 40 32 66 62 37 25 21 17 12
0 0 1 1 1 1 0 1 0 1 1 0 1 1 1 0 1 0 0 0 0 0 0 0 0 0 0 0 0 0 0 0 0 1 1 1 1 1 2 1 2 3 4 14 18 12 14 8 17 15 28 17 18 21 24 49 34 27 11 10 14 10 4 8 2 14 8 7 4 4 3 1 2 4 8 11 16 34 45 56 61 68 49 33 24 27 43 44 55 50 34 25 15 14 24 20
0 0 0 0 0 1 1 0 0 0 1 0 0 1 0 0 0 0 0 0 0 0 0 0 0 0 0 0 0 0 0 0 0 0 0 0 0 1 1 1 2 5 20 14 14 7 10 4 7 9 18 15 19 29 40 28 28 14 7 1 10 22 10 17 17 12 11 12 7 2 1 4 5 10 10 13 22 50 49 67 77 66 53 52 27 31 68 68 57 41 39 29 26 33 26 14
0 0 0 0 0 0 1 1 2 0 0 0 0 0 0 0 0 0 0 0 0 0 0 0 0 0 0 0 0 0 0 0 0 0 0 1 1 2 2 3 6 9 14 26 26 33 45 18 19 34 30 18 20 20 20 24 15 8 6 13 11 28 33 22 12 8 3 2 3 1 3 11 11 13 20 13 28 49 57 67 59 72 57 58 41 71 49 53 38 53 54 55 46 36 27 18
0 0 0 0 0 0 0 0 0 0 0 0 0 0 0 0 0 0 0 0 0 0 0 0 0 0 0 0 0 0 1 2 1 1 3 1 2 1 3 3 8 12 11 32 17 13 18 4 11 28 46 40 22 16 19 21 25 22 42 28 19 22 15 21 9 3 2 1 2 1 10 13 29 17 31 19 22 36 60 68 79 61 64 55 66 45 48 52 32 36 70 65 56 32 25 37
0 0 0 0 0 0 0 0 0 0 0 0 0 0 0 0 0 0 0 0 0 0 0 0 0 0 0 0 0 0 0 1 9 2 7 24 20 8 10 8 4 29 31 24 46 37 45 24 22 32 32 33 40 20 23 45 45 34 27 17 21 36 32 11 2 1 4 3 1 1 4 12 35 43 35 21 27 21 40 39 72 76 69 33 29 72 39 52 57 63 49 58 54 48 39 41
0 0 0 0 0 0 0 0 0 0 0 0 0 0 0 0 0 0 0 0 0 0 0 0 0 0 0 0 0 0 0 0 0 9 4 22 29 29 27 22 19 12 49 54 59 35 61 33 24 30 21 22 14 19 9 11 19 26 26 19 17 13 5 2 1 4 6 2 1 4 11 17 28 44 44 26 28 35 37 34 55 68 60 21 54 53 41 67 73 56 62 61 60 48 64 57
0 0 0 0 0 0 0 0 0 0 0 0 0 0 0 0 0 0 0 0 0 0 0 0 0 0 0 0 0 0 0 0 0 1 1 8 43 13 41 16 20 22 23 51 43 43 31 18 47 42 34 34 41 40 29 20 20 19 16 17 14 5 4 2 4 3 4 2 2 4 10 23 33 52 69 45 32 39 52 52 57 66 37 31 51 19 11 28 49 30 32 55 47 57 47 29
0 0 0 0 0 0 0 0 0 0 0 0 0 0 0 0 0 0 0 0 0 0 1 0 0 0 0 0 0 0 0 0 1 2 1 3 15 27 32 36 35 28 36 30 38 55 51 30 15 39 40 42 39 47 44 27 20 11 15 12 8 6 5 10 3 1 2 2 4 9 18 15 36 40 58 64 36 32 37 63 55 73 23 27 57 23 28 28 24 20 22 39 44 43 18 10
0 0 0 0 0 0 0 0 0 0 0 0 0 0 0 0 0 0 0 0 0 0 0 0 0 0 0 0 0 0 1 1 1 3 4 5 6 27 19 30 11 17 12 23 23 28 9 37 27 26 37 29 31 41 43 45 38 30 24 33 19 15 12 5 2 1 1 4 10 19 27 31 32 39 37 65 70 43 59 40 63 52 39 61 22 27 34 35 46 54 37 48 50 39 21 10
0 0 0 0 0 0 0 0 0 0 0 0 0 0 0 0 0 0 0 0 0 0 0 0 0 0 0 0 0 0 0 1 1 2 4 10 5 8 10 7 14 9 4 6 12 22 21 33 21 21 33 30 30 28 28 31 28 24 21 18 9 6 6 2 2 1 4 9 24 21 26 33 44 34 41 37 80 34 34 53 57 35 40 52 47 42 33 64 66 32 41 40 35 18 11 9
0 0 0 0 0 0 0 0 0 0 0 0 0 0 0 0 0 0 0 0 0 0 0 0 0 0 0 0 0 0 1 1 1 3 4 10 14 8 7 4 4 8 11 12 22 25 22 14 20 32 28 27 22 29 27 29 29 14 12 11 7 4 2 1 3 5 11 19 21 28 43 23 14 42 72 53 70 39 38 49 50 44 33 45 32 23 25 53 51 54 33 31 28 17 13 5
0 0 0 0 0 0 0 0 0 0 0 0 0 0 0 0 0 0 0 0 0 0 0 0 0 0 0 0 0 0 1 1 2 3 4 10 14 30 21 8 9 6 8 9 14 13 18 13 10 22 20 29 31 28 20 21 16 12 12 10 7 4 1 3 3 9 24 21 25 32 40 37 25 43 60 41 59 65 34 39 39 49 51 53 34 46 34 42 53 53 44 42 23 21 11 12
0 0 0 0 0 0 0 0 0 0 0 0 0 0 0 0 0 0 0 0 0 0 0 0 0 0 0 1 1 1 1 1 2 5 7 7 13 22 35 36 14 11 13 20 23 16 11 16 27 23 35 38 22 18 28 21 29 21 10 8 4 4 4 6 4 18 25 38 46 50 42 42 29 41 71 37 19 50 68 36 52 54 48 42 32 30 10 32 55 52 37 23 23 22 30 26
0 0 0 0 0 0 0 0 0 0 0 0 0 0 0 0 0 0 0 0 0 0 0 0 0 0 0 0 0 2 4 3 4 8 7 6 15 29 40 35 19 18 17 28 30 37 24 41 30 20 10 13 22 26 10 15 13 13 5 8 8 5 4 9 14 25 30 47 57 56 50 54 40 45 59 61 21 35 44 40 40 23 19 12 19 34 19 27 38 38 35 30 31 31 30 26
0 0 0 0 0 0 0 0 0 0 0 0 0 0 0 0 0 0 0 0 0 0 0 0 0 0 0 0 0 2 1 10 19 7 8 15 13 17 36 41 40 46 35 22 37 56 32 36 34 23 23 27 18 29 18 12 15 19 21 15 8 3 9 13 22 23 30 53 53 66 54 64 36 35 49 60 42 18 46 21 15 9 21 16 21 10 12 22 48 52 34 33 40 38 34 15
0 0 0 0 0 0 0 0 0 0 0 0 0 0 0 0 0 0 0 0 0 0 0 0 0 0 0 0 0 0 0 0 6 8 8 8 8 24 22 18 19 14 13 15 25 48 30 32 30 32 27 23 17 12 9 17 24 21 14 13 4 2 6 8 19 36 49 51 45 56 76 53 55 30 28 50 36 52 23 14 18 13 14 17 28 15 26 40 42 23 29 47 54 39 33 14
0 0 0 0 0 0 0 0 0 0 0 0 0 0 0 0 0 0 0 0 0 0 0 0 0 0 0 0 1 1 1 1 2 2 1 4 8 16 10 17 10 11 7 13 15 21 23 39 22 22 22 24 31 27 9 14 18 25 20 9 2 1 2 14 16 31 27 24 29 30 49 69 73 27 17 38 18 42 12 23 11 13 10 20 26 33 40 21 37 37 45 56 38 32 22 14
0 0 0 0 0 0 0 0 0 0 0 0 0 0 0 0 0 0 0 0 0 0 0 0 0 0 0 0 0 0 0 1 2 4 4 4 13 19 19 18 21 19 35 32 20 24 29 36 34 27 14 24 21 18 24 22 21 14 9 5 1 2 4 9 20 30 38 55 38 23 35 37 50 53 26 24 38 26 18 17 7 19 25 21 12 31 40 37 51 61 42 44 28 20 16 24
0 0 0 0 0 0 0 0 0 0 0 0 0 0 0 0 0 0 0 0 0 0 0 0 1 2 1 0 1 2 3 2 4 5 6 7 13 27 23 24 32 25 21 25 26 27 44 53 39 32 38 34 44 46 33 16 13 14 10 5 1 7 5 12 28 37 52 60 56 34 22 23 38 51 51 23 45 22 26 26 25 16 24 35 31 34 51 49 44 58 61 36 38 33 16 19
0 0 0 0 0 0 0 0 0 0 0 0 0 0 0 0 0 0 0 0 0 0 0 0 1 3 2 1 0 1 2 2 2 3 5 5 8 13 13 34 47 25 32 35 50 48 46 54 45 41 48 57 45 33 34 27 26 14 11 5 3 10 10 23 36 49 67 57 37 37 31 35 33 24 14 53 45 23 19 17 14 20 39 36 43 56 56 68 59 57 37 30 28 31 23 16
0 0 0 0 0 0 0 0 0 0 0 0 0 0 0 0 0 0 0 0 0 0 0 1 2 0 2 1 1 2 3 3 2 2 3 3 9 14 23 23 20 23 55 53 63 57 44 33 34 34 19 34 44 29 24 23 14 12 12 4 3 10 10 30 46 55 60 55 48 55 42 33 54 45 30 27 37 30 13 17 22 35 38 25 39 45 48 40 58 37 26 25 40 30 23 20
0 0 0 0 0 0 0 0 0 0 0 0 0 0 0 0 0 0 0 0 0 0 0 1 0 0 1 3 3 10 35 4 8 5 4 3 6 29 22 26 43 11 14 8 14 33 23 41 28 37 33 39 40 39 21 15 16 14 12 5 3 14 16 29 51 70 57 50 35 69 74 24 51 60 52 33 20 21 20 12 20 20 28 48 43 41 32 33 42 40 43 49 45 43 23 10
0 0 0 0 0 0 0 0 0 0 0 0 0 0 0 0 0 0 0 0 0 0 0 0 0 0 0 2 2 2 7 33 8 13 15 15 19 22 17 18 31 36 27 37 42 29 36 54 44 47 45 30 28 27 26 22 22 23 18 7 8 20 43 46 55 58 54 48 36 31 53 65 27 42 44 41 29 12 28 21 35 39 28 24 39 41 34 28 35 60 57 55 36 23 23 9
0 0 0 0 0 0 0 0 0 0 0 0 0 0 0 0 0 0 0 0 0 0 0 1 0 0 0 0 1 3 1 3 14 10 27 29 18 4 6 6 16 23 23 33 47 55 43 31 51 48 36 50 47 31 25 37 22 20 20 7 14 30 51 62 70 70 48 38 63 48 29 22 49 46 26 36 22 18 44 44 14 13 19 27 31 26 45 38 46 34 38 26 18 19 11 10
0 0 0 0 0 0 0 0 0 0 0 0 0 0 0 0 0 0 0 0 0 0 0 1 1 0 0 1 1 2 2 1 1 2 3 4 5 5 5 4 4 10 9 13 34 40 30 52 54 54 51 49 47 45 43 40 35 22 18 5 21 34 47 67 72 63 46 53 49 65 38 33 15 12 19 19 41 28 15 23 20 34 34 45 42 37 54 51 32 24 26 29 19 8 10 10
0 0 0 0 0 0 0 0 0 0 0 0 0 0 0 0 0 0 0 0 0 0 0 1 0 0 0 1 1 2 3 1 5 9 14 14 13 12 13 7 6 8 31 41 46 32 43 43 51 56 56 50 49 49 44 43 36 24 12 4 9 30 63 70 59 69 47 53 48 37 73 39 22 12 5 35 17 28 22 26 33 49 53 48 41 56 46 42 28 25 27 26 16 11 15 18
0 0 0 0 0 0 0 0 0 0 0 0 0 0 0 0 0 0 0 0 0 0 0 0 0 1 0 1 1 2 2 5 6 4 7 10 9 11 5 11 30 42 21 24 22 37 37 37 52 47 58 59 52 46 45 44 28 24 14 10 9 18 43 67 81 66 43 52 43 33 27 34 34 6 3 9 34 37 42 35 33 39 46 57 52 36 45 36 54 37 26 23 9 19 11 35
0 0 0 0 0 0 0 0 0 0 0 0 0 0 0 0 0 0 0 0 0 0 0 1 1 0 1 1 1 1 2 11 4 4 8 11 12 8 14 17 38 33 34 34 40 44 49 46 61 57 60 54 54 49 49 32 26 22 24 12 14 19 42 55 70 54 61 62 45 56 46 39 27 7 8 13 23 21 33 27 30 32 35 43 37 35 39 48 56 56 30 30 22 27 21 41
0 0 0 0 0 0 0 0 0 0 0 0 0 1 0 0 0 0 0 0 0 0 0 0 0 0 1 0 1 1 3 2 5 8 8 10 12 15 24 21 17 29 37 46 46 53 48 62 61 44 42 44 44 52 54 38 32 25 22 9 15 25 40 50 57 46 37 50 63 41 51 33 26 8 13 18 22 28 19 20 27 31 26 22 26 31 32 37 35 46 44 39 19 35 38 35
0 0 0 0 0 0 0 0 0 0 0 0 0 0 0 0 0 0 0 0 0 0 0 0 0 0 0 0 1 3 4 5 5 8 6 9 17 18 25 22 27 42 49 37 32 51 58 60 48 50 47 50 45 40 40 48 46 28 14 10 16 34 46 50 46 47 34 34 55 65 47 31 18 41 23 10 7 13 20 26 23 29 33 33 24 35 24 42 35 31 41 37 19 32 33 27
0 0 0 0 0 0 0 0 0 0 0 0 0 0 0 0 0 0 0 0 0 0 0 0 0 0 0 1 3 1 1 1 5 5 8 12 16 17 18 21 26 37 29 36 52 52 56 62 45 52 50 49 44 32 37 46 30 29 27 12 13 24 57 57 58 43 37 29 26 24 28 22 19 22 3 7 10 13 13 16 19 21 20 41 35 37 36 37 32 33 38 22 21 35 28 38
0 0 0 0 0 0 0 0 0 0 0 0 0 0 0 0 0 0 0 0 0 0 1 1 0 0 0 1 0 1 1 2 4 4 6 10 13 14 12 32 24 20 25 41 20 38 58 63 64 62 35 39 38 48 49 39 34 38 27 12 6 20 31 51 49 44 69 40 37 29 21 8 12 18 8 11 16 15 14 16 24 24 31 34 39 15 19 19 28 45 36 14 28 43 42 39
0 0 0 0 0 0 0 0 0 0 0 0 0 0 0 0 0 0 0 0 0 0 0 0 0 0 0 0 0 1 2 2 2 3 4 14 7 8 18 14 13 31 46 22 40 43 48 57 50 38 37 49 53 52 50 53 49 44 30 16 9 19 40 43 43 57 64 72 29 33 19 8 7 25 21 6 13 19 27 15 17 22 33 34 26 11 33 32 28 22 16 7 31 41 38 34
0 0 0 0 0 0 0 0 0 0 0 0 0 0 0 0 0 0 0 0 0 0 0 0 0 0 0 0 0 1 2 2 2 3 5 7 6 12 18 20 14 14 21 32 33 41 32 40 43 48 47 60 62 40 46 47 50 35 34 21 14 31 36 46 50 48 57 57 41 34 17 14 15 20 9 6 9 11 19 22 15 45 38 21 30 37 34 28 18 11 9 19 35 40 34 35
0 0 0 0 0 0 0 0 0 0 0 0 0 0 0 0 0 0 0 0 0 0 0 0 0 0 0 0 1 1 1 1 1 2 6 3 13 12 17 8 7 8 14 29 42 40 42 49 55 58 57 57 49 40 35 35 34 34 35 32 20 36 45 53 57 50 37 27 38 45 27 6 10 21 5 7 22 23 26 34 32 24 29 30 34 41 21 27 18 14 15 32 34 34 23 31
0 0 0 0 0 0 0 0 0 0 0 0 0 0 0 0 0 0 0 0 0 0 0 0 0 0 0 0 0 0 1 1 1 2 7 3 2 1 2 6 8 19 33 40 47 45 42 51 40 60 45 45 56 39 46 33 30 34 32 32 22 44 51 46 53 44 33 14 23 31 23 9 13 15 5 3 9 28 34 33 38 19 30 31 32 37 22 19 33 16 29 30 15 35 31 30
0 0 0 0 0 0 0 0 0 0 0 0 0 0 0 0 0 0 0 0 0 0 0 0 0 0 0 0 0 0 1 1 1 6 1 1 3 5 7 9 18 30 27 36 46 54 52 51 42 46 47 49 52 53 50 48 43 34 34 19 36 45 59 70 53 43 27 26 27 19 21 5 8 9 16 8 10 14 28 35 30 38 26 32 37 33 28 9 14 27 24 13 20 23 44 27
0 0 0 0 0 0 0 0 0 0 0 0 0 0 0 0 0 0 0 0 0 0 0 0 0 0 0 0 0 0 1 1 1 1 0 1 2 3 7 29 16 19 30 38 43 52 43 42 40 35 42 46 50 39 49 38 46 46 32 32 37 59 45 54 46 35 26 30 26 13 22 13 6 11 11 9 12 16 17 21 35 29 23 26 33 26 17 5 13 33 14 22 28 24 39 22
0 0 0 0 0 0 0 0 0 0 0 0 0 0 0 0 0 0 0 0 0 0 0 0 0 0 0 0 0 0 1 3 1 0 0 1 1 5 9 11 15 26 31 22 31 37 42 46 35 42 41 45 48 49 51 50 49 48 35 33 34 37 40 37 45 53 32 46 37 16 8 6 9 8 12 16 10 12 12 15 23 24 23 33 38 28 13 7 27 26 24 38 41 24 28 19
0 0 0 0 0 0 0 0 0 0 0 0 0 0 0 0 0 0 0 0 0 0 0 0 0 0 0 0 0 0 1 1 0 0 1 1 2 2 3 14 24 14 13 44 43 27 38 44 44 43 42 45 45 46 48 49 48 32 33 34 34 52 29 30 22 34 49 43 29 18 16 12 5 8 5 7 5 9 17 26 20 28 24 43 46 14 8 25 19 25 33 38 28 15 23 22
0 0 0 0 0 0 0 0 0 0 0 0 0 0 0 0 0 0 0 0 0 0 0 0 0 0 0 0 1 0 1 0 0 0 1 2 1 2 5 9 12 12 23 11 22 21 36 52 39 41 43 45 46 43 47 48 33 23 35 45 33 45 33 32 28 30 28 52 16 10 3 6 4 2 3 7 13 12 13 17 20 21 43 44 22 10 17 23 25 20 22 27 36 22 22 20
0 0 0 0 0 0 0 0 0 0 0 0 0 0 0 0 0 0 0 0 0 0 0 0 0 0 0 0 1 0 0 0 0 0 1 2 2 2 3 5 7 14 13 11 16 45 37 34 36 52 45 42 45 46 47 44 30 21 39 40 55 55 33 30 21 33 31 21 21 5 3 2 3 4 4 12 10 14 14 21 19 29 25 19 12 18 28 30 21 33 28 17 16 20 15 11
0 0 0 0 0 0 0 0 0 0 0 0 0 0 0 0 0 0 0 0 0 0 0 0 0 0 0 0 0 0 0 0 0 1 2 2 1 2 2 1 2 9 19 20 27 23 31 37 48 38 41 55 27 43 43 30 17 38 45 41 65 50 27 33 19 15 19 25 12 2 6 2 2 4 6 9 10 16 20 20 20 32 15 21 15 26 27 29 20 20 23 14 13 18 20 14
0 0 0 0 0 0 0 0 0 0 0 0 0 0 0 0 0 0 0 0 0 0 0 0 0 0 0 0 0 0 0 0 1 2 2 2 1 1 1 2 4 8 14 28 17 20 25 46 32 35 54 44 44 44 29 29 17 34 52 47 48 46 26 27 26 16 13 8 12 1 2 5 5 3 5 7 16 15 28 33 26 28 12 9 13 25 32 31 31 26 20 20 12 14 24 17
0 0 0 0 0 0 0 0 0 0 0 0 0 0 0 0 0 0 0 0 0 0 0 0 0 0 0 0 0 0 0 0 1 1 0 0 1 1 2 1 2 6 12 21 24 17 38 24 42 51 36 36 43 43 30 27 16 30 50 46 33 33 15 15 21 9 13 3 4 1 1 5 2 4 6 9 13 31 60 35 38 14 10 12 20 23 28 27 17 10 13 26 9 9 17 27
0 0 0 0 0 0 0 0 0 0 0 0 0 0 0 0 0 0 0 0 0 0 0 0 0 0 0 0 0 0 0 0 0 0 0 1 0 1 1 2 4 7 11 15 14 9 23 34 36 34 41 35 37 39 40 24 24 29 51 57 38 25 16 10 17 11 3 3 5 1 2 2 2 4 5 10 31 19 23 34 13 8 10 22 21 25 32 25 11 12 17 8 4 6 9 24
0 0 0 0 0 0 0 0 0 0 0 0 0 0 0 0 0 0 0 0 0 0 0 0 0 0 0 0 0 0 0 0 0 0 0 0 0 1 1 1 2 5 4 6 15 7 7 8 17 23 37 35 35 38 26 15 26 35 46 37 46 27 10 8 7 8 3 1 2 0 0 1 2 4 9 18 27 30 31 32 14 7 12 19 19 39 39 27 16 13 14 14 11 5 8 15
0 0 0 0 0 0 0 0 0 0 0 0 0 0 0 0 0 0 0 0 0 0 0 0 0 0 0 0 0 0 0 0 0 0 0 0 0 0 0 1 3 4 3 7 4 7 10 16 19 33 27 35 36 24 21 12 20 32 43 32 28 11 8 7 6 2 2 1 1 0 0 1 1 1 9 30 31 29 18 20 8 10 18 17 19 35 27 8 12 18 9 15 6 6 7 15
0 0 0 0 0 0 0 0 0 0 0 0 0 0 0 0 0 0 0 0 0 0 0 0 0 0 0 0 0 0 0 0 0 0 0 0 1 0 1 2 2 3 6 3 5 6 15 17 26 20 23 28 34 22 9 18 22 52 34 26 14 12 5 10 5 1 1 3 1 0 1 2 3 9 18 20 19 10 11 6 7 16 16 16 18 34 29 6 6 15 8 18 7 6 8 25
0 0 0 0 0 0 0 0 0 0 0 0 0 0 0 0 0 0 0 0 0 0 0 0 0 0 0 0 0 0 0 0 0 0 0 0 0 1 1 1 2 3 2 4 4 9 13 23 26 22 33 25 19 21 12 19 21 38 41 13 9 7 2 1 3 2 1 1 1 1 2 1 3 7 7 18 16 13 5 13 9 14 17 26 18 28 28 8 9 9 4 19 6 6 7 11
0 0 0 0 0 0 0 0 0 0 0 0 0 0 0 0 0 0 0 0 0 0 0 0 0 0 0 0 0 0 0 0 1 0 0 0 0 0 1 1 4 3 5 2 5 12 17 12 14 31 27 18 16 18 10 26 33 23 21 15 5 4 3 1 3 2 1 0 1 1 1 2 5 6 12 9 14 17 9 17 16 13 16 21 13 13 14 12 14 8 6 19 6 6 5 8
0 0 0 0 0 0 0 0 0 0 0 0 0 0 0 0 0 0 0 0 0 0 0 0 0 0 0 0 0 0 0 0 0 0 0 0 0 0 1 1 2 1 6 4 6 12 5 9 19 18 15 16 14 14 14 23 23 22 10 7 3 2 2 1 1 1 1 0 0 2 1 3 5 10 11 13 18 21 11 14 13 18 14 15 9 7 11 10 9 7 6 17 5 4 5 6
0 0 0 0 0 0 0 0 0 0 0 0 0 0 0 0 0 0 0 0 0 0 0 0 0 0 0 0 0 0 0 0 0 0 0 0 0 0 0 1 1 1 3 4 5 6 7 9 12 12 12 13 10 11 15 11 15 19 7 3 3 1 1 1 0 0 0 0 0 0 1 6 13 10 8 11 12 5 7 10 11 16 13 14 8 11 14 15 9 7 5 9 9 2 5 6
0 0 0 0 0 0 0 0 0 0 0 0 0 0 0 0 0 0 0 0 0 0 0 0 0 0 0 0 0 0 0 0 0 0 0 0 0 0 1 0 0 0 2 2 6 3 5 3 10 13 8 9 7 7 10 13 11 13 5 3 1 1 1 0 0 0 0 0 0 1 1 4 6 5 6 7 4 5 11 9 9 15 14 6 8 8 10 11 7 7 4 6 6 2 2 7
0 0 0 0 0 0 0 0 0 0 0 0 0 0 0 0 0 0 0 0 0 0 0 0 0 0 0 0 0 0 0 0 0 0 0 0 0 0 1 0 0 0 2 2 3 3 4 7 7 7 8 7 6 13 12 6 8 4 3 1 1 1 0 0 0 0 0 1 1 0 2 4 10 13 15 5 5 5 8 12 14 7 10 5 7 10 9 8 5 5 3 4 6 4 1 2
0 0 0 0 0 0 0 0 0 0 0 0 0 0 0 0 0 0 0 0 0 0 0 0 0 0 0 0 0 0 0 0 0 0 0 0 0 0 3 1 0 1 0 2 2 2 5 2 4 5 4 4 4 9 11 4 3 3 2 1 0 0 0 0 0 0 0 0 0 0 2 4 7 19 12 5 5 7 6 13 10 8 6 6 3 7 6 7 4 5 1 3 2 2 1 1
0 0 0 0 0 0 0 0 0 0 0 0 0 0 0 0 0 0 0 0 0 0 0 0 0 0 0 0 0 0 0 0 0 0 0 0 0 0 1 1 0 1 0 2 1 1 2 1 3 3 4 2 3 4 4 11 1 1 1 0 0 0 0 0 0 0 0 0 0 0 2 3 3 16 9 3 8 7 6 6 9 6 5 3 3 6 5 7 3 3 1 3 2 1 1 1
0 0 0 0 0 0 0 0 0 0 0 0 0 0 0 0 0 0 0 0 0 0 0 0 0 0 0 0 0 0 0 0 0 0 0 0 0 0 0 1 0 1 1 1 0 1 1 2 2 1 2 2 2 2 4 3 2 1 0 0 0 0 0 0 0 0 0 0 1 1 1 4 6 6 4 7 6 6 5 4 4 5 5 3 2 4 4 4 3 1 1 3 1 1 1 0
0 0 0 0 0 0 0 0 0 0 0 0 0 0 0 0 0 0 0 0 0 0 0 0 0 0 0 0 0 0 0 0 0 0 0 0 0 0 0 1 1 1 1 0 0 0 0 1 1 0 2 1 1 1 1 2 1 1 0 0 0 0 0 0 0 0 0 0 1 1 4 4 5 2 6 5 5 7 5 3 2 3 3 3 3 4 1 3 1 1 1 3 1 2 1 0
0 0 0 0 0 0 0 0 0 0 0 0 0 0 0 0 0 0 0 0 0 0 0 0 0 0 0 0 0 0 0 0 0 0 0 0 0 0 0 0 2 1 0 0 0 0 1 0 1 0 1 1 1 2 1 1 0 0 0 0 0 0 0 0 0 0 0 0 1 1 3 6 1 2 3 3 5 3 2 2 1 1 2 3 2 1 1 1 1 0 0 2 1 1 1 0
