sesion_6_simulaciones/modelos_agentes/ejemplos_netlogo/scenarios/echam4_a2/rob_2055.asc
NCOLS 322 
NROWS 307 
XLLCORNER 451900 
YLLCORNER 4086900 
CELLSIZE 100 
NODATA_value -9999 
[rows 0 to 73 of 307, columns 192 to 287 of 322]
41 39 22 12 35 60 34 17 16 21 25 10 7 6 9 7 5 5 8 7 6 6 4 5 9 14 8 15 15 35 11 4 3 1 1 1 2 2 1 5 7 3 3 13 20 21 18 31 45 51 33 35 40 48 44 56 45 82 46 38 7 9 14 37 47 32 48 44 23 34 17 10 12 19 35 18 16 33 55 23 13 15 15 19 17 13 30 26 23 25 8 19 29 59 17 5
48 27 33 31 39 59 20 29 44 28 20 15 24 21 13 12 16 3 8 10 11 6 3 3 4 15 5 6 4 8 32 14 2 1 1 0 1 1 3 2 5 2 1 4 6 10 20 20 37 74 83 65 43 43 43 46 67 68 67 17 20 11 41 34 45 39 46 33 40 15 5 21 9 18 47 21 51 36 29 33 24 30 33 21 16 8 21 28 29 25 15 25 22 28 14 10
25 51 31 31 59 47 34 17 11 27 28 29 43 45 25 40 26 23 32 32 27 11 7 4 2 3 2 1 1 2 3 16 10 2 3 1 1 1 2 1 0 1 5 12 12 24 24 32 39 57 62 53 62 49 65 76 40 38 45 22 22 26 35 24 26 52 23 22 18 23 12 14 12 18 60 21 61 46 24 40 26 22 29 31 17 5 13 16 29 21 15 40 20 39 12 3
36 36 62 57 45 33 31 31 32 55 31 49 64 51 45 61 46 25 37 53 39 30 22 11 7 4 1 1 1 0 1 3 1 2 2 2 2 1 1 0 2 4 3 3 6 27 25 32 12 24 19 21 31 61 50 57 51 21 28 34 37 18 20 38 24 54 39 34 53 18 27 23 8 7 40 21 30 25 32 39 28 27 30 35 19 6 12 27 39 16 28 24 22 38 9 2
26 21 41 13 52 58 51 41 55 48 49 35 42 38 46 64 49 55 58 62 56 33 25 25 12 17 8 13 9 2 1 0 1 1 1 2 0 0 0 1 2 2 4 6 6 10 11 18 44 60 62 52 46 40 66 70 31 28 9 12 34 32 23 37 36 53 33 22 14 9 8 7 11 6 21 20 17 32 57 64 54 19 19 40 37 27 3 22 25 36 31 18 32 47 15 3
28 23 41 34 22 29 56 27 53 45 35 43 18 44 55 57 60 58 26 22 44 26 19 26 23 22 10 17 11 4 3 2 1 0 0 0 0 0 0 0 1 2 5 11 23 42 49 58 54 35 40 41 47 65 82 60 36 29 9 46 62 59 51 50 38 60 23 29 37 29 37 27 22 17 13 18 28 26 35 27 39 62 45 34 39 28 9 17 24 27 13 19 28 28 18 4
21 11 14 34 24 19 55 22 16 31 39 68 42 23 46 58 53 54 31 12 16 37 45 50 27 24 24 16 16 11 8 5 4 4 2 1 1 2 1 0 1 2 6 11 36 22 31 37 58 45 45 81 47 71 77 45 31 35 19 37 51 56 54 56 63 53 49 44 42 16 26 26 20 31 27 14 6 19 39 42 32 57 37 19 12 37 13 12 14 14 15 27 42 50 13 11
15 12 12 17 38 31 47 58 19 10 20 29 51 18 8 26 15 28 33 18 14 24 14 20 25 20 23 15 20 17 14 12 10 11 9 3 5 2 1 0 1 5 11 18 29 37 34 58 78 75 75 49 64 62 70 42 25 10 18 24 31 26 26 19 20 48 31 24 46 25 23 18 24 29 31 20 6 28 47 25 52 66 46 20 11 33 25 12 14 27 27 31 54 33 18 13
29 23 22 14 23 20 34 62 62 30 15 15 29 40 24 16 10 30 36 25 20 31 9 18 36 24 21 22 21 30 26 22 23 18 10 8 3 1 0 1 3 4 11 17 38 40 30 42 58 70 56 35 77 61 59 26 12 47 65 49 59 49 59 42 47 74 42 33 14 15 21 19 22 24 20 12 8 15 19 34 48 60 45 31 14 16 17 10 10 34 26 37 29 40 18 28
20 23 24 15 13 8 30 30 59 46 38 22 20 26 32 15 14 10 30 29 26 34 11 11 21 24 18 14 10 17 4 9 17 17 12 4 2 1 1 1 1 3 8 14 25 13 14 54 34 28 26 81 60 63 37 19 32 57 61 72 55 83 70 39 60 32 53 45 40 16 17 28 27 15 12 8 7 12 42 22 13 46 49 45 26 12 22 7 11 14 17 43 30 39 23 54
26 25 26 27 14 8 5 6 12 31 20 15 12 32 20 14 17 4 9 22 16 33 38 9 11 11 32 15 4 12 19 4 1 1 3 9 4 2 1 1 2 3 10 23 7 20 30 35 11 19 60 65 38 52 23 15 30 45 41 58 79 81 45 29 31 45 52 52 60 42 54 34 32 27 17 13 6 5 15 27 28 55 68 44 48 19 12 17 5 17 41 18 27 20 21 64
49 33 18 22 23 20 14 9 7 7 8 8 14 14 12 10 7 13 8 10 22 27 22 11 2 7 22 16 6 5 15 18 2 1 1 2 6 2 0 1 7 10 12 5 3 3 15 5 11 43 71 54 30 26 11 40 40 33 42 77 66 58 15 25 37 40 64 58 50 57 43 35 41 43 39 29 11 7 23 24 26 74 50 61 44 35 14 9 7 25 26 14 37 13 40 73
58 42 39 54 46 44 41 24 39 25 20 14 7 6 5 5 6 19 15 6 5 11 10 10 2 6 11 8 6 2 2 7 2 1 0 0 2 3 0 1 5 7 6 10 9 9 26 4 17 54 45 21 5 22 49 60 58 64 84 72 19 25 28 19 20 20 34 34 58 37 19 31 51 55 52 29 11 3 21 31 59 63 27 40 55 37 21 5 7 25 22 15 41 13 35 46
71 67 62 66 62 57 46 43 39 41 38 39 16 13 7 6 4 2 3 2 4 3 2 3 4 6 7 6 2 1 2 4 4 2 0 0 1 3 2 2 2 5 3 2 2 14 6 6 26 18 10 4 9 27 37 46 69 65 56 13 46 61 52 40 42 23 19 20 51 40 55 67 47 34 30 32 16 5 12 25 57 27 20 41 69 40 29 13 5 9 10 14 23 13 28 26
27 67 70 70 62 64 42 51 27 29 45 34 26 26 24 21 13 6 2 2 1 1 1 2 3 3 2 2 1 0 2 2 3 2 0 0 1 3 3 2 2 2 3 1 1 2 3 4 7 6 2 5 11 15 34 47 48 13 38 49 61 55 59 80 83 72 64 43 45 56 63 49 57 45 25 20 11 6 13 26 34 17 11 56 69 69 45 46 21 5 8 12 11 14 37 33
42 61 69 50 58 77 61 36 55 42 31 42 37 45 44 27 19 7 4 4 2 1 1 0 2 1 1 0 0 0 0 2 3 4 2 1 1 1 2 2 1 2 1 1 0 1 4 6 4 3 9 7 8 14 22 32 14 45 46 47 59 72 81 70 66 75 39 33 63 18 49 78 53 40 45 45 43 24 10 26 30 17 6 15 39 65 21 14 19 18 4 16 8 12 38 31
72 23 72 54 49 71 77 78 47 26 39 36 53 49 41 29 30 19 13 12 9 6 3 1 1 1 3 2 2 1 0 0 0 1 2 1 1 1 1 2 1 1 1 1 1 0 1 1 4 12 10 24 21 15 13 35 47 46 47 46 69 60 78 67 68 44 30 60 44 39 37 20 57 32 58 63 65 43 31 10 45 25 18 5 14 41 51 16 6 8 4 5 9 17 12 12
49 17 59 38 55 65 65 48 73 79 50 59 61 25 24 23 32 28 19 16 12 10 7 3 2 2 6 5 4 2 0 0 0 0 1 1 1 1 1 1 1 1 1 0 0 1 3 7 9 10 17 38 36 37 16 34 36 64 61 59 76 63 59 51 32 32 48 62 48 32 18 19 50 54 61 61 64 64 46 15 10 22 23 16 5 17 34 22 15 3 8 1 9 13 6 6
36 40 39 44 31 57 64 41 44 76 48 69 78 51 39 26 41 54 48 33 27 13 5 4 6 4 8 7 12 3 3 3 3 1 1 1 1 0 1 1 0 0 0 0 2 3 9 11 9 14 28 40 35 27 44 48 53 50 37 48 66 37 20 13 30 33 30 79 61 23 25 16 52 52 16 34 72 59 63 45 13 9 38 21 12 5 17 21 21 9 2 2 12 6 1 1
41 18 24 37 27 36 67 31 24 55 62 74 73 58 62 53 16 27 31 43 23 16 13 10 11 10 10 14 14 11 7 5 4 3 2 1 1 0 0 0 0 0 1 2 6 6 8 15 8 21 36 30 46 47 51 52 18 13 30 47 75 34 15 39 53 47 61 67 47 38 25 10 19 55 44 15 34 45 56 54 46 13 11 23 18 5 3 11 24 15 2 1 7 1 7 14
57 27 26 28 8 20 50 30 40 29 51 37 55 28 40 45 12 10 24 43 26 37 18 10 27 20 12 8 10 8 5 2 3 3 4 2 1 1 0 0 0 0 2 5 8 11 6 6 21 40 30 37 58 65 75 69 46 36 47 50 51 21 21 53 52 46 47 20 44 48 32 9 12 26 59 32 14 21 67 42 36 15 5 12 16 4 6 17 10 11 1 1 1 3 13 34
35 10 33 30 9 7 23 50 12 23 59 46 56 30 27 15 15 4 10 44 38 23 16 15 8 9 3 3 3 3 4 3 2 2 4 3 1 1 0 0 0 1 3 4 4 8 8 17 19 21 17 29 43 76 80 81 78 67 53 46 31 16 35 45 62 57 47 27 26 45 20 10 12 19 55 36 16 18 28 51 36 26 10 6 16 6 8 12 7 3 3 11 4 9 32 43
47 11 39 44 16 9 13 29 9 9 49 34 24 13 6 15 15 12 4 8 11 21 40 37 15 4 10 5 2 2 2 1 1 1 2 5 2 1 0 0 0 2 4 6 2 3 2 6 4 6 6 23 43 35 55 73 59 44 24 70 36 16 36 44 43 52 71 42 37 16 11 11 26 43 69 35 17 22 33 61 36 16 8 3 7 12 7 12 4 2 8 35 17 19 20 36
35 28 22 40 6 11 15 25 19 6 7 6 7 21 8 5 17 15 6 9 10 11 28 17 15 4 7 8 4 1 1 1 1 1 1 1 2 1 0 0 0 1 1 2 2 1 2 4 8 9 7 20 20 30 32 24 18 37 60 42 15 28 41 36 53 72 47 37 40 24 10 16 27 47 51 26 25 18 31 55 42 43 17 4 4 5 7 11 2 3 11 10 26 43 24 30
11 9 16 15 8 3 17 28 10 3 7 4 4 12 15 8 9 13 9 3 3 5 7 6 5 3 4 10 7 2 1 1 1 1 1 1 1 1 0 0 0 1 2 3 4 7 10 10 8 13 22 13 10 6 8 17 36 40 67 34 13 43 34 30 58 78 43 51 48 26 17 18 28 60 42 25 31 19 25 40 38 36 32 17 4 2 8 4 2 17 20 21 24 22 63 29
4 6 3 11 4 2 19 25 10 3 3 4 4 2 9 11 5 3 6 5 2 2 4 5 3 3 2 6 14 2 1 1 0 0 0 0 1 0 1 0 0 1 1 1 3 4 8 4 4 12 16 32 26 45 32 36 36 52 56 11 22 36 27 21 48 62 40 42 37 29 14 15 31 61 28 38 33 14 12 19 22 33 20 8 9 2 2 4 14 32 38 39 49 33 23 54
2 3 1 2 1 5 13 10 5 2 1 2 2 1 1 4 5 5 4 4 2 1 2 2 1 1 2 2 2 3 2 0 0 0 0 0 0 0 1 0 0 0 0 1 2 2 2 3 8 9 22 27 27 41 54 68 64 77 41 11 26 32 22 32 71 63 21 39 42 26 17 10 25 59 28 24 21 20 4 9 21 31 10 7 2 2 4 15 34 31 38 36 45 56 69 41
1 1 1 0 0 1 1 1 1 1 0 0 0 0 0 1 1 1 2 3 1 1 1 1 0 0 2 2 1 1 2 1 1 0 0 0 0 0 1 0 0 0 0 1 1 2 5 5 4 20 16 22 32 40 51 77 61 52 11 29 38 26 47 59 82 44 50 27 25 26 24 14 36 59 37 23 20 22 4 8 18 27 17 17 7 1 4 11 15 12 13 12 13 20 40 45
0 1 1 1 0 0 0 0 0 0 0 0 0 0 0 0 0 0 0 1 1 1 1 0 0 1 2 1 1 1 1 1 0 0 1 0 0 0 0 0 0 1 2 3 3 3 9 20 6 15 12 17 23 24 62 51 29 8 27 38 37 33 56 80 51 29 42 23 22 25 21 11 22 52 66 37 23 12 5 7 17 31 23 12 5 1 4 6 4 14 17 27 31 29 27 43
1 2 2 3 2 1 0 0 0 1 1 1 2 2 3 2 1 1 0 0 0 0 0 0 0 1 1 1 1 0 0 0 1 0 0 0 0 0 0 0 1 2 3 3 4 8 11 8 24 15 15 14 29 30 63 21 12 19 35 40 34 35 56 79 38 26 25 37 19 9 8 11 35 54 27 51 31 13 5 3 21 20 25 10 4 1 4 11 23 36 22 39 48 44 38 18
2 4 4 6 3 1 1 4 2 4 4 6 5 6 6 6 4 4 3 1 1 0 0 0 0 0 0 0 1 0 0 0 0 0 0 0 0 0 0 1 2 3 3 7 9 14 15 12 20 42 46 43 29 42 24 11 4 29 30 37 20 35 55 67 43 18 25 34 25 16 4 10 45 22 16 57 43 18 7 3 11 10 18 9 2 2 9 13 14 26 27 25 17 18 23 43
7 7 7 6 3 2 3 7 6 6 6 8 15 9 12 12 7 5 4 4 2 4 2 1 1 1 0 0 0 0 0 0 0 0 0 0 0 0 1 3 3 3 5 5 12 15 23 38 31 36 21 57 39 24 25 20 9 25 35 49 48 39 63 29 14 35 39 19 35 13 4 10 21 21 13 55 27 19 6 4 10 9 9 6 2 5 22 34 38 29 24 13 24 26 26 37
19 18 10 15 8 4 4 6 6 8 18 17 17 21 18 9 8 6 6 5 5 5 4 2 2 2 1 1 0 0 1 1 0 0 0 0 0 0 1 3 2 3 4 7 13 17 32 36 30 28 21 12 27 24 30 6 16 27 24 37 34 46 45 52 49 30 20 16 40 27 9 7 20 15 27 60 23 15 9 3 4 7 7 3 5 12 22 49 54 50 53 32 38 49 42 66
26 24 26 14 12 9 5 11 19 20 28 24 26 19 23 15 13 11 9 13 10 10 5 3 3 5 2 2 1 1 3 1 0 0 0 0 0 0 1 1 1 2 3 6 10 22 14 6 39 32 20 12 25 27 5 4 13 18 23 40 50 57 60 33 22 21 30 22 18 22 13 7 18 16 23 33 28 24 9 3 3 5 3 3 8 12 15 19 15 16 19 34 47 48 76 75
31 31 34 31 25 9 8 16 24 32 36 32 33 30 28 26 17 30 21 17 6 4 4 5 4 3 2 2 2 3 1 1 0 0 0 0 0 0 0 1 1 3 7 6 4 7 7 13 13 17 17 4 12 3 6 4 6 11 15 32 50 62 40 57 35 19 19 16 14 23 21 7 7 13 20 24 26 11 8 3 1 2 3 5 14 7 10 17 39 44 43 37 25 72 50 61
47 61 43 16 26 13 18 20 47 41 38 38 38 55 53 34 37 28 17 22 9 8 3 10 8 3 3 3 8 1 1 1 0 0 1 0 0 0 1 1 3 4 7 2 4 6 7 12 10 9 6 4 7 2 5 3 9 22 31 46 35 32 45 60 23 12 10 9 18 15 12 7 5 10 11 25 23 14 7 2 1 1 4 11 25 30 25 26 35 30 27 52 55 67 45 26
65 75 41 39 48 21 17 48 50 63 30 47 55 49 66 45 24 15 31 21 15 10 3 14 3 3 5 8 2 1 1 1 1 1 1 1 1 1 0 0 1 3 1 2 2 7 21 17 13 7 5 3 4 4 7 13 21 16 12 17 24 36 39 57 32 15 15 11 8 6 7 8 3 8 15 13 10 15 6 2 1 5 14 11 21 44 47 52 51 51 31 42 40 44 47 20
55 72 41 39 54 29 28 63 57 63 26 47 70 54 68 39 31 30 40 37 23 8 8 4 5 9 17 2 1 2 2 2 2 1 1 1 1 1 0 0 0 0 1 2 5 15 15 7 17 4 3 2 6 7 10 8 7 4 16 20 19 44 46 39 20 54 52 36 21 17 8 7 3 6 7 5 8 9 2 1 2 11 26 40 38 45 58 55 47 46 46 53 20 7 37 26
69 43 45 39 54 28 33 62 78 59 21 57 76 67 67 66 40 52 68 42 22 9 17 7 17 16 2 2 4 3 2 2 3 2 3 1 1 1 1 1 1 1 1 3 16 6 13 2 4 8 2 3 9 9 10 9 7 14 45 52 44 39 68 38 49 32 39 41 19 10 8 6 3 2 3 6 3 5 1 0 3 9 11 27 30 16 29 14 12 16 10 66 47 23 19 10
85 71 49 39 49 29 46 62 86 47 29 47 70 72 74 46 39 80 45 11 14 32 27 17 20 7 5 5 9 7 3 5 4 3 1 3 1 3 2 2 1 0 0 0 4 3 4 1 1 1 1 3 6 12 12 25 31 33 26 40 54 56 37 51 43 42 15 27 44 17 6 3 2 1 2 3 2 3 1 1 4 11 12 17 15 8 12 22 35 56 69 83 59 21 15 6
78 78 47 51 55 33 43 67 78 51 31 52 85 84 52 64 45 47 17 12 23 55 58 34 22 17 9 8 10 6 4 11 6 2 2 3 2 4 3 2 1 1 0 0 0 0 0 0 1 2 6 7 13 19 22 32 28 24 47 65 68 65 48 54 12 66 50 11 11 34 29 16 8 3 1 2 2 1 1 1 5 5 6 11 9 12 37 42 39 34 44 68 36 20 14 6
76 64 44 58 53 50 37 66 76 50 38 53 84 76 60 50 27 18 6 23 47 55 37 15 11 4 3 21 15 8 11 10 4 2 3 4 5 5 5 1 1 1 1 1 1 0 0 1 1 2 5 5 11 13 13 16 24 41 33 77 61 34 30 73 44 21 56 21 8 5 10 11 14 13 5 2 1 1 0 1 5 6 5 6 13 24 35 36 34 48 36 47 41 26 11 5
76 63 37 61 54 53 47 49 60 37 33 51 65 34 36 30 13 18 15 30 58 28 21 19 9 9 5 28 23 10 26 12 3 5 4 6 8 12 7 3 3 1 2 1 1 0 0 0 1 2 2 3 11 11 20 31 17 41 49 68 21 8 32 68 32 29 16 43 14 3 4 5 11 9 7 6 1 1 0 1 3 5 6 5 8 19 47 28 20 59 27 27 33 10 4 4
49 44 39 60 50 41 55 45 69 70 58 52 45 37 50 50 38 47 25 34 51 31 25 20 13 11 10 33 29 15 29 12 9 8 7 13 11 11 3 4 7 4 3 1 1 0 0 0 1 2 2 5 11 11 12 17 12 25 55 27 17 9 46 65 42 10 6 9 23 8 4 3 3 3 9 3 2 1 0 1 2 4 6 6 20 34 51 27 23 52 23 9 12 18 4 2
54 25 58 65 56 67 67 85 79 90 89 83 46 66 66 63 63 33 30 53 46 29 24 14 16 22 14 38 37 35 23 18 14 16 16 21 28 14 7 6 17 8 1 1 0 0 0 0 1 2 5 6 8 10 6 8 20 42 57 17 10 13 23 59 47 27 7 2 15 15 7 2 2 2 12 3 1 1 0 2 3 6 7 11 14 12 13 11 18 16 24 16 16 12 2 0
45 40 46 58 79 83 87 89 74 75 79 81 84 73 47 46 39 32 36 34 21 28 25 29 39 30 31 63 48 60 31 27 22 29 31 46 44 17 14 11 15 5 2 1 1 1 1 0 0 2 2 4 4 3 4 9 22 33 26 21 9 9 12 67 24 19 18 1 9 17 10 2 2 2 3 5 1 0 0 2 2 6 13 18 14 9 11 6 9 9 11 8 5 2 1 2
55 57 32 39 54 61 80 52 50 48 63 67 65 74 51 43 47 61 51 34 32 38 34 48 65 48 38 65 63 53 34 46 33 41 38 50 33 23 26 9 4 3 4 4 2 2 1 0 0 1 3 3 3 5 5 2 12 9 14 41 13 11 17 32 18 3 14 5 6 8 6 5 2 1 1 16 1 0 1 1 4 5 4 16 9 7 8 5 5 2 2 2 2 2 3 9
69 72 49 31 56 52 56 64 48 61 68 54 65 79 83 68 79 69 50 42 55 53 55 53 62 50 44 70 68 40 50 48 49 50 60 60 38 25 7 3 3 5 4 5 6 3 3 1 0 0 1 2 3 5 6 4 10 11 6 11 11 11 14 25 30 4 7 7 4 11 6 3 3 2 1 2 1 0 0 1 2 3 9 15 6 6 5 4 7 2 1 1 1 3 7 11
51 67 79 50 26 33 56 57 76 47 43 42 75 56 63 92 88 48 65 64 64 61 63 55 59 52 54 76 65 54 56 53 57 73 70 36 12 8 13 10 12 10 7 5 8 7 4 1 0 0 0 4 2 2 7 4 11 7 5 6 7 4 5 12 38 3 3 5 3 3 4 2 2 2 1 1 1 0 0 1 2 3 16 7 2 2 2 3 2 0 0 2 3 5 9 9
77 75 77 80 46 17 23 69 68 62 18 23 41 54 79 85 67 89 89 72 61 78 73 42 62 53 71 64 63 58 62 52 67 79 79 43 33 24 33 27 36 32 16 14 16 5 2 1 0 0 0 0 0 1 6 4 9 8 5 4 3 2 1 3 18 6 3 3 3 2 2 3 2 1 1 1 0 0 0 1 2 3 4 3 1 1 1 1 1 1 2 3 7 11 8 9
60 45 53 84 45 39 33 34 36 44 32 9 33 78 86 84 63 59 84 64 78 80 68 51 72 68 81 76 71 78 61 61 62 57 60 39 38 44 40 42 13 12 28 41 7 3 2 1 0 0 0 0 0 0 2 6 7 13 4 3 3 1 1 8 17 4 4 2 2 2 2 2 1 1 1 1 1 0 0 1 1 3 2 1 1 1 1 2 2 5 6 8 9 11 6 8
33 53 51 80 81 31 38 24 28 27 31 18 39 51 56 61 76 83 69 32 65 34 73 82 92 88 84 62 76 60 72 57 52 32 68 65 66 54 28 21 6 1 31 21 12 5 5 2 1 1 1 1 0 0 0 1 1 3 1 2 2 1 1 4 8 8 4 2 3 0 1 1 1 1 0 0 0 0 0 1 1 1 2 1 0 1 3 3 5 5 7 16 14 10 8 8
23 30 44 48 77 76 45 23 23 22 20 20 33 56 67 74 41 75 76 38 68 62 39 55 75 56 73 50 70 34 22 48 34 34 50 84 67 46 26 63 25 25 26 21 22 8 3 2 3 4 2 1 0 0 0 0 0 1 0 2 2 1 2 5 4 9 4 2 1 1 1 1 1 1 0 0 0 0 0 0 0 1 1 1 0 1 2 3 5 5 8 8 30 15 8 5
11 20 32 9 46 84 46 28 14 12 18 22 19 30 38 57 59 76 54 56 67 51 20 53 70 54 52 45 49 69 55 55 51 27 35 75 81 86 81 72 58 41 42 46 28 11 8 6 10 2 1 1 1 1 1 1 0 0 0 0 0 1 1 4 4 5 4 2 1 1 1 0 0 0 0 0 0 0 0 0 0 0 0 0 0 0 1 2 5 2 4 11 14 12 7 15
21 13 25 50 45 59 82 42 39 13 8 10 12 16 42 33 56 75 18 28 72 71 34 19 78 83 57 41 54 63 32 27 36 24 20 48 65 66 61 32 42 42 22 32 31 27 30 23 8 1 3 5 4 3 3 5 3 1 0 0 0 0 1 1 2 5 2 2 1 1 1 0 0 0 0 0 0 0 0 0 0 0 1 1 1 1 1 1 4 5 5 7 11 13 22 22
31 12 9 36 54 62 84 67 33 25 14 11 11 15 15 10 38 26 22 61 86 44 24 15 21 65 37 42 33 56 51 34 36 34 26 62 47 25 20 15 18 9 7 49 27 44 54 43 15 9 12 8 6 4 3 1 1 1 0 0 0 0 0 1 0 2 2 1 1 1 0 0 0 0 0 0 0 0 0 0 0 0 0 1 1 3 4 4 6 6 6 11 12 15 12 29
50 35 24 16 17 23 40 64 37 39 17 10 8 10 17 7 23 15 40 39 80 40 25 21 12 23 21 31 14 44 50 25 20 23 29 43 41 15 8 14 12 9 8 18 31 24 19 8 8 8 6 6 5 5 5 1 1 1 0 0 0 0 0 0 0 1 1 2 1 0 0 0 0 0 0 0 0 0 0 0 0 0 1 1 1 1 2 11 3 9 12 16 22 20 26 34
25 24 41 16 14 39 41 64 67 45 31 9 7 5 7 10 13 16 18 38 68 78 51 27 8 8 17 5 10 34 48 25 16 16 13 12 16 10 7 10 9 7 7 8 32 20 19 7 4 3 3 1 1 1 3 2 0 1 0 0 0 0 0 0 0 1 1 1 1 0 0 0 0 0 0 0 0 0 0 0 0 0 0 0 0 2 6 8 11 15 17 16 17 25 26 41
42 34 12 8 11 22 33 45 63 36 21 13 5 3 4 9 4 7 23 65 54 66 51 42 19 5 22 19 5 7 25 16 18 12 5 6 8 18 6 5 7 4 3 6 16 18 23 10 5 3 2 1 0 1 1 1 0 1 1 0 0 0 0 0 0 0 0 0 0 0 0 0 0 0 0 0 0 0 0 0 0 0 0 1 1 3 3 10 6 6 5 6 12 23 27 17
55 48 19 8 3 19 18 29 46 47 14 11 5 5 6 7 4 15 40 57 25 36 45 19 14 11 6 11 14 2 12 17 7 7 4 7 6 3 4 4 7 5 2 2 6 15 23 12 10 4 4 1 1 0 0 1 0 1 1 0 0 0 0 0 0 0 0 0 0 0 0 0 0 0 0 0 0 0 0 0 0 0 0 1 2 2 4 4 5 4 3 8 11 15 14 16
57 47 24 20 5 6 13 20 59 15 14 6 4 4 3 4 3 10 40 24 4 19 70 17 11 12 5 6 6 12 9 7 5 4 5 3 2 1 1 3 6 3 2 2 2 7 20 11 11 4 3 2 1 0 0 0 0 0 0 0 0 0 0 0 0 0 0 0 0 0 0 0 0 0 0 0 0 0 0 0 0 1 1 2 1 2 6 5 4 5 8 6 10 15 17 11
51 43 25 12 9 6 12 13 47 16 4 10 6 3 2 2 2 15 17 10 24 37 58 34 13 7 9 12 3 14 8 5 6 2 5 2 2 2 1 2 1 1 2 5 9 13 17 13 23 14 8 3 1 1 0 0 0 0 0 0 0 0 0 0 0 0 0 0 0 0 0 0 0 0 0 0 0 0 0 0 0 0 1 1 1 2 2 4 6 8 10 8 12 7 16 20
44 28 18 11 8 8 4 8 16 38 11 4 6 3 2 2 3 9 7 11 10 23 54 30 15 18 5 7 7 14 5 3 4 3 2 1 2 2 1 1 0 1 2 14 6 6 14 7 15 15 13 4 2 1 0 0 0 0 0 0 0 0 0 0 0 0 0 0 0 0 0 0 0 0 0 0 0 0 0 0 0 0 1 1 1 1 3 4 4 5 7 18 12 16 30 22
37 32 15 9 8 6 5 6 9 17 15 4 3 2 2 2 2 3 4 7 10 24 59 25 18 8 12 4 5 10 4 1 2 2 2 1 1 1 1 1 0 1 7 10 2 6 6 4 11 9 7 7 4 3 2 1 0 0 0 0 0 0 0 0 0 0 0 0 0 0 0 0 0 0 0 0 0 0 0 0 0 1 1 0 0 1 1 1 3 5 5 9 8 5 10 15
76 50 31 7 4 5 4 4 6 11 16 6 4 2 2 2 1 2 2 2 10 14 45 23 8 6 5 6 4 2 5 1 1 1 1 2 1 1 0 0 2 3 5 1 2 4 2 3 6 8 10 9 11 5 3 2 1 0 0 0 0 0 0 0 0 0 0 0 0 0 0 0 0 0 0 0 0 0 0 0 0 0 0 0 0 0 1 1 2 2 6 13 7 8 10 3
30 68 47 20 7 3 2 4 5 6 28 8 4 2 1 1 1 1 2 2 6 11 25 27 7 4 3 3 3 3 3 4 2 1 1 2 1 0 0 1 2 7 3 1 3 4 3 2 6 7 3 3 4 6 4 2 1 1 0 0 0 0 0 0 0 0 0 0 0 0 0 0 0 0 0 0 0 0 0 0 0 0 0 0 0 1 1 1 1 4 5 6 5 6 8 13
12 64 17 49 26 12 2 2 2 6 14 5 3 1 1 1 0 0 2 2 6 13 11 23 13 7 4 2 2 3 2 3 2 1 1 1 0 0 0 1 3 3 2 1 1 3 1 1 6 8 3 2 2 3 10 4 2 1 1 0 0 0 0 0 0 0 0 0 0 0 0 0 0 0 0 0 0 0 0 0 0 0 0 0 1 1 1 1 2 2 3 2 3 7 9 11
20 23 13 39 17 18 6 1 2 2 6 5 2 1 1 0 0 0 1 4 2 2 20 21 22 11 6 5 1 1 1 1 1 1 0 0 0 0 0 1 3 1 1 1 1 4 1 1 8 6 3 1 0 0 4 3 2 1 0 0 0 0 0 0 0 0 0 0 0 0 0 0 0 0 0 0 0 0 0 1 1 1 1 1 1 1 1 1 1 2 2 4 8 10 13 15
21 18 14 9 12 5 20 3 1 1 2 3 1 1 1 0 0 1 1 2 5 18 25 25 28 14 6 3 2 1 1 1 1 1 1 0 0 0 1 1 1 1 1 0 1 4 2 2 11 8 6 1 0 0 1 1 1 1 0 0 0 0 0 0 0 0 0 0 0 0 0 0 0 0 0 0 0 0 1 1 1 1 2 1 1 1 1 1 2 2 2 3 3 2 5 8
18 11 14 8 10 2 4 7 1 0 2 2 3 1 0 0 0 0 2 4 10 12 19 15 15 19 5 2 2 1 1 1 1 1 0 0 0 0 0 1 1 0 0 0 0 1 1 1 5 8 3 1 1 0 0 1 0 0 0 0 0 0 0 0 0 0 0 0 0 0 0 0 0 0 0 0 0 1 1 2 2 2 1 3 2 2 2 4 3 1 1 1 2 6 7 11
12 15 18 8 3 2 2 2 1 0 1 1 2 1 0 0 0 1 3 8 5 3 10 8 7 11 6 2 2 1 1 1 1 0 0 0 0 0 1 1 0 0 0 0 0 1 0 1 7 2 2 1 1 0 0 0 0 0 0 0 0 0 0 0 0 0 0 0 0 0 0 0 0 0 0 0 0 1 1 1 3 4 5 5 6 4 5 5 3 2 2 3 2 2 8 9
4 3 5 6 2 2 1 1 1 1 0 1 1 0 0 0 0 1 3 3 3 3 7 16 3 4 3 4 1 1 1 1 0 0 0 0 0 1 2 0 0 0 0 0 0 1 1 8 13 1 0 2 1 0 0 0 0 0 0 0 0 0 0 0 0 0 0 0 0 0 0 0 0 0 0 0 0 0 0 1 2 2 3 4 8 6 9 9 6 6 3 3 7 6 5 7
1 1 2 2 1 1 1 1 1 1 0 0 0 0 0 0 0 0 1 1 2 2 1 2 2 2 2 2 1 1 0 0 0 0 0 0 0 1 0 0 0 0 0 0 0 1 2 2 6 1 0 1 1 0 0 0 0 0 0 0 0 0 0 0 0 0 0 0 0 0 0 0 0 0 0 0 0 0 0 0 1 1 2 2 8 8 14 17 11 17 13 13 10 10 8 23
2 2 2 1 1 1 1 0 0 0 0 0 0 0 0 0 0 0 0 1 1 1 1 1 1 1 1 1 1 0 0 0 0 0 0 0 0 0 0 0 0 0 0 1 1 2 0 0 1 1 1 0 1 1 0 0 0 0 0 0 0 0 0 0 0 0 0 0 0 0 0 0 0 0 0 0 0 0 0 0 1 1 1 1 3 5 4 6 26 26 9 26 21 20 13 19
