sesion_6_simulaciones/modelos_agentes/ejemplos_netlogo/scenarios/echam4_a2/rob_2067.asc
NCOLS 322 
NROWS 307 
XLLCORNER 451900 
YLLCORNER 4086900 
CELLSIZE 100 
NODATA_value -9999 
[rows 148 to 221 of 307, columns 192 to 287 of 322]
4 11 10 22 36 40 51 55 70 38 63 35 9 4 2 0 0 0 0 0 0 0 0 0 0 0 0 0 0 0 0 0 0 0 0 0 0 0 0 0 0 0 0 1 1 2 2 6 3 9 6 4 4 5 5 3 2 3 9 12 50 52 36 64 61 64 69 46 42 81 53 68 52 23 27 77 40 52 59 43 27 19 6 2 1 0 0 0 0 0 0 0 0 0 0 0
0 2 8 26 17 27 33 54 55 60 37 14 9 4 1 0 0 0 0 0 0 0 0 0 0 0 0 0 0 0 0 0 0 0 0 0 0 0 0 0 0 0 0 1 1 2 1 3 5 4 4 2 2 3 1 0 1 4 6 22 17 29 65 69 39 61 78 77 57 69 80 77 74 34 37 70 40 53 35 20 24 9 6 2 1 0 0 0 0 0 0 0 0 0 0 0
1 0 2 8 12 15 31 37 38 56 21 12 6 1 1 0 0 0 0 0 0 0 0 0 0 0 0 0 0 0 0 0 0 0 0 0 0 0 0 0 0 1 4 2 4 2 0 0 2 2 2 1 1 1 0 0 2 4 7 11 10 19 51 47 38 58 41 46 75 84 80 69 60 45 38 63 53 21 10 8 3 2 2 1 1 1 0 0 0 0 0 0 0 0 0 0
1 0 0 1 1 8 9 8 24 41 15 14 12 2 0 0 0 0 0 0 0 0 0 0 0 0 0 0 0 0 0 0 0 0 0 0 0 0 0 0 0 2 1 1 1 1 0 0 0 1 1 1 0 0 0 1 3 4 6 5 11 26 23 38 49 40 26 47 49 36 56 72 60 48 75 55 43 18 18 10 2 1 1 1 0 1 0 0 0 0 0 0 0 0 0 0
3 0 0 0 1 1 1 5 26 23 44 18 11 3 0 0 0 0 0 0 0 0 0 0 0 0 0 0 0 0 0 0 0 0 0 0 0 0 0 1 1 1 1 1 0 0 0 0 0 0 0 0 0 0 0 1 1 2 3 7 15 14 11 10 31 17 28 34 27 34 33 58 60 60 57 58 37 33 24 9 8 6 9 2 1 1 1 0 0 0 0 0 0 0 0 0
1 0 0 0 0 0 0 3 10 5 30 24 12 2 0 0 0 0 0 0 0 0 0 0 0 0 0 0 0 0 0 0 0 0 0 0 0 0 0 1 1 0 0 1 1 0 0 0 0 0 0 0 0 0 0 0 1 1 1 5 17 9 9 6 8 17 20 16 35 40 44 39 45 56 40 34 39 48 47 37 28 11 6 7 2 1 1 0 0 0 0 0 0 0 0 0
1 0 0 0 0 0 0 2 1 2 11 11 4 1 0 0 0 0 0 0 0 0 0 0 0 0 0 0 0 0 0 0 0 0 0 0 1 1 1 0 0 0 0 0 0 0 0 0 0 0 0 0 0 0 0 0 1 1 2 2 2 3 4 5 4 10 21 15 10 18 29 29 39 55 46 43 18 13 19 19 21 8 5 3 2 1 0 1 0 0 0 0 0 0 0 0
0 0 0 0 0 0 0 0 1 2 4 5 1 0 0 0 0 0 0 0 0 0 0 0 0 0 0 0 0 0 0 0 0 0 0 0 1 0 0 0 0 0 0 0 0 0 0 0 0 0 0 0 0 0 0 1 1 1 3 1 1 1 2 3 4 4 6 7 19 24 29 43 45 60 30 34 39 14 9 4 3 2 1 1 1 1 1 1 0 0 0 0 0 0 0 0
0 0 0 0 0 0 0 0 0 1 1 1 0 0 0 0 0 0 0 0 0 0 0 0 0 0 0 0 0 0 0 0 0 0 0 0 0 0 0 0 0 0 0 0 0 0 0 0 0 0 0 0 0 0 0 0 0 1 1 0 0 1 4 14 12 9 15 34 48 44 55 40 68 66 58 70 52 26 18 14 14 4 1 1 0 1 1 0 0 0 0 0 0 0 0 0
0 0 0 0 0 0 0 0 0 0 0 0 0 0 0 0 0 0 0 0 0 0 0 0 0 0 0 0 0 0 0 0 0 0 0 0 0 0 0 0 0 0 0 0 0 0 0 0 0 0 0 0 0 0 0 0 0 0 0 0 0 2 5 15 13 23 14 35 46 55 35 25 35 37 71 42 22 22 38 38 18 7 4 2 2 2 1 0 0 0 0 0 0 0 0 0
0 0 0 0 0 0 0 0 0 0 0 0 0 0 0 0 0 0 0 0 0 0 0 0 0 0 0 0 0 0 0 0 0 0 0 0 0 0 0 0 0 0 0 0 0 0 0 0 0 0 0 0 0 0 0 0 0 0 0 1 1 5 6 7 12 23 25 30 28 35 73 45 42 47 61 43 66 52 39 39 24 13 5 2 1 1 1 0 0 0 0 0 0 0 0 0
0 0 0 0 0 0 0 0 0 0 0 0 0 0 0 0 0 0 0 0 0 0 0 0 0 0 0 0 0 0 0 0 0 0 0 0 0 0 0 0 0 0 0 0 0 0 0 0 0 0 0 0 0 0 0 0 0 0 1 1 3 6 5 11 20 30 16 42 39 50 42 27 57 61 76 70 42 20 11 8 4 3 1 0 1 0 0 1 0 0 0 0 0 0 0 0
0 0 0 0 0 0 0 0 0 0 0 0 0 0 0 0 0 0 0 0 0 0 0 0 0 0 0 0 0 0 0 0 0 0 0 0 0 0 0 0 0 0 0 0 0 0 0 0 0 0 0 0 0 0 0 0 0 0 1 5 8 6 10 23 23 16 20 19 17 30 40 29 29 30 62 58 56 50 13 8 6 2 0 1 0 1 1 0 1 1 0 0 0 0 0 0
0 0 0 0 0 0 0 0 0 0 0 0 0 0 0 0 0 0 0 0 0 0 0 0 0 0 0 0 0 0 0 0 0 0 0 0 0 0 0 0 0 0 0 0 0 0 0 0 0 1 1 1 1 1 0 1 1 1 1 4 12 12 13 9 20 19 28 62 61 36 58 55 38 45 66 71 42 37 26 12 10 3 3 1 1 2 1 0 1 1 1 0 0 0 0 0
0 0 0 0 0 0 0 0 0 0 0 0 0 0 0 0 0 0 0 0 0 0 0 0 0 0 0 0 0 0 0 0 0 0 0 0 0 0 0 0 0 0 0 0 0 0 0 0 0 0 0 1 1 1 1 1 1 1 3 6 7 11 16 15 11 17 26 38 43 41 55 62 36 51 75 73 44 34 25 13 7 3 3 1 2 3 1 1 2 2 1 0 0 0 0 0
0 0 0 0 0 0 0 0 0 0 0 0 0 0 0 0 0 0 0 0 0 0 0 0 0 0 0 0 0 0 0 0 0 0 0 0 0 0 0 1 0 0 0 0 0 1 1 1 0 0 0 0 2 2 2 1 3 2 2 7 11 15 24 31 23 8 7 14 20 46 41 40 34 35 61 72 46 58 37 13 5 3 5 4 6 3 3 3 3 2 1 0 0 0 0 0
0 0 0 0 0 0 0 0 0 0 0 0 0 0 0 0 0 0 0 0 0 0 0 0 0 0 0 0 0 0 0 0 0 0 0 0 0 0 0 0 1 0 0 0 0 2 1 1 1 0 0 0 1 1 2 4 5 5 5 7 10 13 13 22 30 37 24 19 17 27 34 35 28 33 47 71 45 44 29 9 9 4 11 6 12 10 10 8 3 1 0 0 0 0 0 0
0 0 0 0 0 0 0 0 0 0 0 0 0 0 0 0 0 0 0 0 0 0 0 0 0 0 0 0 0 0 0 0 0 0 0 0 0 0 1 1 1 0 0 0 1 1 1 1 1 1 0 0 0 0 1 1 7 30 10 10 13 13 16 18 26 43 44 35 24 40 35 31 48 64 62 69 59 47 38 17 13 13 21 11 18 8 2 1 1 0 0 0 0 0 0 0
0 0 0 0 0 0 0 0 0 0 0 0 0 0 0 0 0 0 0 0 0 0 0 0 0 0 0 0 0 0 0 0 0 0 0 0 0 0 0 1 0 0 1 0 0 2 2 2 1 2 1 1 0 1 1 3 5 7 10 21 38 26 16 19 26 46 59 46 34 40 37 37 56 50 67 66 45 44 39 32 18 23 19 35 24 9 3 1 1 1 1 0 0 0 0 0
0 0 0 0 0 0 0 0 0 0 0 0 0 0 0 0 0 0 0 0 0 0 0 0 0 0 0 0 0 0 0 0 0 0 0 0 0 0 0 0 0 0 1 2 1 1 1 3 2 4 3 2 1 1 1 3 5 8 5 9 11 14 24 53 30 28 32 44 31 46 28 23 19 32 55 73 54 52 39 34 38 57 26 32 38 18 3 1 2 1 0 0 0 0 0 0
0 0 0 0 0 0 0 0 0 0 0 0 0 0 0 0 0 0 0 0 0 0 0 0 0 0 0 0 0 0 0 0 0 0 0 0 0 0 0 0 0 0 2 1 0 1 2 0 2 6 14 8 4 3 2 6 3 2 2 9 17 11 26 15 46 32 17 15 21 15 51 64 52 53 43 64 30 32 37 53 72 41 54 28 12 7 3 0 1 1 0 0 0 0 0 0
0 0 0 0 0 0 0 0 0 0 0 0 0 0 0 0 0 0 0 0 0 0 0 0 0 0 0 0 0 0 0 0 0 0 0 0 0 0 0 0 0 0 0 1 1 1 3 3 1 2 4 9 9 5 4 3 4 7 5 9 10 20 28 41 40 67 37 23 32 29 42 54 47 66 43 75 26 60 72 70 69 69 50 33 21 8 4 1 0 0 0 0 0 0 0 0
0 0 0 0 0 0 0 0 0 0 0 0 0 0 0 0 0 0 0 0 0 0 0 0 0 0 0 0 0 0 0 0 0 0 0 0 0 0 0 0 1 1 1 1 3 2 1 3 12 3 6 7 18 9 9 3 4 6 18 9 11 15 26 24 31 42 61 46 24 32 45 69 41 44 70 68 72 68 62 76 76 66 36 9 6 5 2 1 0 0 0 0 0 0 0 0
0 0 0 0 0 0 0 0 0 0 0 0 0 0 0 0 0 0 0 0 0 0 0 0 0 0 0 0 0 0 0 1 0 0 0 0 0 0 0 0 1 1 2 2 1 6 7 2 8 10 9 13 19 14 11 7 8 12 13 12 14 14 14 15 19 27 39 62 40 31 34 62 31 33 44 60 66 80 78 77 46 33 21 13 8 2 1 0 0 0 0 0 0 0 0 0
0 0 0 0 0 0 0 0 0 0 0 0 0 0 0 0 0 0 0 0 0 0 0 0 0 0 0 0 0 0 0 1 0 0 0 0 0 1 1 0 1 3 1 2 8 9 6 9 7 28 30 15 10 52 19 18 18 14 15 23 16 20 16 19 18 42 52 49 59 69 47 21 49 35 63 67 48 70 74 77 51 28 23 9 6 5 5 3 1 1 0 0 0 0 0 0
0 0 0 0 0 0 0 0 0 0 0 0 0 0 0 0 0 0 0 0 0 0 0 0 0 0 0 0 0 0 0 0 1 0 0 0 0 1 1 0 1 2 3 2 11 8 24 13 23 29 35 31 27 44 26 19 19 19 18 30 18 13 17 28 28 39 37 55 46 21 58 49 44 52 48 42 37 44 38 62 72 46 33 28 22 12 5 3 2 1 0 0 0 0 0 0
0 0 0 0 0 0 0 0 0 0 0 0 0 0 0 0 0 0 0 0 0 0 0 0 0 0 0 0 0 0 0 0 0 0 1 0 0 0 1 1 1 2 3 3 11 15 27 30 36 26 52 53 59 59 50 44 45 29 17 43 33 22 12 21 32 52 48 59 66 72 50 54 44 65 45 56 42 45 41 22 19 43 33 27 14 8 4 4 2 0 0 0 0 0 1 0
0 0 0 0 0 0 0 0 0 0 0 0 0 0 0 0 0 0 0 0 0 0 0 0 0 0 0 0 0 0 0 0 0 1 1 0 0 0 0 1 3 3 2 9 20 17 19 13 29 49 54 63 67 62 69 55 54 53 40 54 31 25 16 17 30 20 41 48 57 61 54 42 28 49 54 49 43 44 45 48 37 28 31 21 13 10 17 3 1 1 0 0 0 0 1 0
0 0 0 0 0 0 0 0 0 0 0 0 0 0 0 0 0 0 0 0 0 0 0 0 0 0 0 0 0 0 0 1 1 1 1 0 0 0 0 0 1 3 8 4 27 42 22 28 37 45 61 67 72 67 56 74 59 58 63 61 40 47 20 33 37 54 35 43 41 48 39 49 66 40 63 39 50 56 61 62 43 40 27 11 12 9 6 2 1 1 0 0 0 1 1 2
0 0 0 0 0 0 0 0 0 0 0 0 0 0 0 0 0 0 0 0 0 0 0 0 0 0 0 0 0 0 0 1 1 2 2 1 1 1 1 1 1 1 2 6 17 21 39 46 42 47 60 69 71 68 79 81 64 62 65 65 62 52 28 46 46 44 28 28 30 34 35 44 60 55 39 46 65 70 55 58 59 40 25 13 6 6 4 2 1 0 0 0 0 1 1 4
0 1 1 0 0 0 0 0 0 0 0 0 0 0 0 0 0 0 0 0 0 0 0 0 0 0 0 0 0 0 0 1 1 1 1 1 2 2 2 6 15 2 2 3 5 8 15 65 65 68 40 67 68 77 82 52 56 73 68 66 70 65 50 50 67 56 37 26 31 27 31 31 31 67 68 52 56 72 66 53 50 45 40 16 5 4 2 1 1 0 0 0 0 1 1 5
0 1 1 0 0 0 0 0 0 0 0 0 0 0 0 0 0 0 0 0 0 0 0 0 0 0 0 0 0 0 0 0 0 2 2 1 1 1 1 2 6 16 8 5 8 23 21 51 49 67 73 59 70 71 67 70 63 38 76 76 68 64 48 44 61 53 39 26 30 36 31 39 42 60 69 49 62 66 61 51 53 55 36 18 10 4 2 1 0 0 0 0 0 1 2 4
0 2 1 0 0 0 0 0 0 0 0 0 0 0 0 0 0 0 0 0 0 0 0 0 0 0 0 0 0 0 0 0 0 2 1 0 0 0 0 1 2 4 15 31 39 27 32 17 20 24 28 43 68 65 57 70 53 59 52 74 67 61 47 46 69 34 25 22 22 34 39 49 64 69 50 46 47 58 46 37 39 35 29 18 6 3 2 1 1 0 0 0 0 1 2 2
1 4 2 0 0 0 0 0 0 0 0 0 0 0 0 0 0 0 0 0 0 0 0 0 0 0 0 0 0 0 0 0 0 0 0 0 0 0 0 1 1 3 4 23 23 20 9 7 25 22 30 40 67 55 57 72 76 74 77 66 62 67 61 58 39 20 36 35 17 26 29 38 59 34 30 28 32 38 26 30 37 31 14 10 6 3 2 2 1 1 0 0 0 0 1 2
2 2 1 0 0 0 0 0 0 0 0 0 0 0 0 0 0 0 0 0 0 0 0 0 0 0 0 0 0 0 0 0 0 0 0 0 0 0 1 1 1 3 4 3 7 10 7 22 36 25 25 57 30 55 75 46 77 61 48 44 81 74 67 42 15 21 35 42 29 42 38 27 55 24 36 31 34 36 47 41 36 26 23 19 12 5 4 3 2 0 0 0 0 0 1 1
6 1 0 1 0 0 0 0 0 0 0 0 0 0 0 0 0 0 0 0 0 0 0 0 0 0 0 0 0 0 0 0 0 0 0 0 0 0 1 1 2 2 2 4 4 4 17 25 31 26 33 34 42 53 41 49 50 44 34 33 22 49 60 39 47 21 59 60 53 40 47 54 61 63 56 57 57 55 60 49 43 49 34 35 17 4 3 2 2 0 0 0 0 0 1 1
5 2 1 1 0 0 0 0 0 0 0 0 0 0 0 0 0 0 0 0 0 0 0 0 0 0 0 0 0 0 0 0 0 0 0 0 0 1 1 1 0 1 2 3 4 3 8 15 20 34 32 29 44 38 38 51 49 62 62 45 34 43 57 45 64 33 50 63 56 24 37 73 37 63 69 65 67 58 61 65 60 48 22 18 12 6 3 2 1 0 0 0 0 0 1 1
4 4 5 1 1 1 0 0 0 0 0 0 0 0 0 0 0 0 0 0 0 0 0 0 0 0 0 0 0 0 0 0 0 0 0 1 0 0 1 0 0 1 2 2 2 2 8 18 41 45 42 51 42 63 38 58 57 31 43 50 44 41 66 90 91 70 56 52 43 26 26 16 15 32 26 30 30 40 55 55 42 31 24 22 18 9 4 2 1 0 0 0 0 0 0 1
15 10 4 2 1 0 0 0 0 0 0 0 0 0 0 0 0 0 0 0 0 0 0 0 0 0 0 0 0 0 0 0 0 0 0 0 0 0 0 0 0 0 1 1 2 6 6 4 26 22 32 30 23 34 56 59 26 27 39 53 54 49 43 53 33 72 47 59 17 13 37 49 46 42 42 46 42 27 17 29 39 21 22 38 18 8 4 1 1 1 0 0 0 0 0 1
13 9 3 2 1 0 0 0 0 0 0 0 0 0 0 0 0 0 0 0 0 0 0 0 0 0 0 0 0 0 0 0 0 0 0 0 0 0 1 0 0 0 1 1 4 6 5 4 13 12 14 5 6 7 8 9 18 41 37 38 55 57 40 39 25 36 32 11 32 24 14 32 65 62 31 32 53 59 68 63 51 34 11 17 21 9 5 4 2 1 0 0 0 0 0 1
14 9 3 1 1 1 1 0 0 0 0 0 0 0 0 0 0 0 0 0 0 0 0 0 0 0 0 0 0 0 0 0 0 0 0 0 0 0 0 0 1 1 2 3 4 7 5 3 3 4 3 4 7 9 10 13 22 19 41 30 37 27 30 18 14 12 28 19 24 26 27 18 20 41 23 26 55 72 65 61 43 24 19 23 15 5 3 3 2 2 0 0 0 0 1 2
13 6 4 2 2 2 2 1 0 0 0 0 0 0 0 0 0 0 0 0 0 0 0 0 0 0 0 0 0 0 0 0 0 0 0 0 0 0 0 0 0 1 2 2 3 3 3 2 4 4 7 14 19 24 27 36 24 37 17 17 24 47 42 31 42 38 33 18 31 23 41 46 20 34 35 47 62 56 46 35 27 22 14 11 7 3 1 1 2 1 0 0 0 1 2 4
13 6 7 3 6 3 1 0 0 0 0 0 0 0 0 0 0 0 0 0 0 0 0 0 0 0 0 0 0 0 0 0 0 0 0 0 0 0 0 0 0 0 1 1 1 3 4 5 7 6 4 21 39 38 39 49 49 37 48 23 35 43 64 55 39 49 39 30 21 31 56 62 26 37 31 42 73 65 56 52 35 29 13 7 13 3 3 5 3 1 0 0 0 1 2 4
8 6 8 10 5 3 2 0 0 0 1 0 0 0 0 0 0 0 0 0 0 0 0 0 0 0 0 0 0 0 0 0 0 0 0 0 0 0 0 0 0 1 0 1 2 3 8 13 19 12 23 33 32 40 46 49 50 51 56 56 44 50 44 52 53 50 40 31 18 13 22 25 19 24 43 57 50 44 40 24 35 27 14 4 1 1 4 3 1 0 0 0 1 1 1 3
5 11 17 16 7 3 2 2 2 1 1 1 0 0 0 0 0 0 0 0 0 0 0 0 0 0 0 0 0 0 0 0 0 0 0 0 0 0 0 1 1 1 1 1 1 3 4 11 24 36 56 50 34 36 54 68 48 55 68 65 51 37 40 51 33 21 24 17 10 27 39 25 17 26 37 34 39 28 29 27 26 8 4 5 8 5 3 2 1 0 0 0 1 1 1 2
9 17 15 19 14 5 4 6 5 3 1 1 0 0 0 0 0 0 0 0 0 0 0 0 0 0 0 0 0 0 0 0 0 0 0 0 0 0 1 1 2 2 2 2 1 3 2 4 10 10 33 54 67 57 47 66 49 59 73 67 67 29 26 22 18 18 19 25 8 32 33 38 29 25 14 16 19 10 15 19 16 15 20 11 20 6 3 3 1 0 0 1 1 2 2 3
22 24 22 24 16 12 13 8 7 3 2 0 0 0 0 0 0 0 0 0 0 0 0 0 0 0 0 0 1 0 0 0 0 1 0 0 0 0 1 3 6 8 6 4 5 4 5 9 10 13 18 29 40 70 66 57 73 68 48 58 66 64 46 25 13 6 11 22 11 30 43 39 30 18 22 35 32 46 51 42 40 50 36 17 9 5 3 1 0 0 0 1 2 3 4 6
44 28 19 11 23 17 12 7 4 2 1 0 1 0 0 0 0 0 0 0 0 0 0 0 0 0 0 1 1 1 0 0 1 0 1 0 1 1 1 4 10 10 19 12 7 9 12 16 24 24 33 44 52 47 51 54 65 67 66 62 39 48 37 58 44 13 9 13 29 49 49 52 54 49 23 36 55 74 67 62 58 33 11 4 8 4 1 0 0 0 0 0 1 4 6 8
53 38 19 8 13 13 6 4 1 1 1 1 1 1 0 0 0 0 0 0 0 0 0 0 0 0 0 1 0 0 1 1 1 1 1 1 2 2 1 3 7 11 16 25 15 12 22 22 27 40 33 50 55 49 49 54 37 39 60 52 53 49 22 31 21 16 5 34 40 35 40 35 34 44 42 66 50 47 67 61 49 20 23 14 6 3 1 0 0 0 0 1 1 3 7 20
44 33 13 5 7 5 3 2 1 1 1 2 1 0 0 0 0 0 0 0 0 0 0 0 0 0 0 0 0 0 0 1 1 1 1 2 2 6 8 5 8 16 20 28 29 16 28 39 46 45 37 68 61 53 51 49 51 15 18 22 12 19 31 29 9 20 31 54 18 15 20 21 30 49 68 70 66 37 55 37 33 26 18 11 6 2 1 0 0 1 1 1 1 3 4 12
34 18 7 5 3 2 3 4 2 2 3 1 0 0 0 0 0 0 0 0 0 0 0 0 0 0 0 0 0 1 1 0 0 3 5 4 5 7 5 11 21 19 34 35 37 17 24 40 42 53 57 63 56 57 54 34 29 33 38 37 32 35 28 20 16 3 18 8 9 11 31 58 61 63 53 61 66 64 56 41 40 25 21 12 5 3 1 0 0 1 2 2 2 3 4 8
44 27 24 17 15 9 12 9 9 5 2 2 1 0 0 0 0 0 0 0 0 0 0 0 0 0 1 1 1 2 2 1 0 3 7 7 10 10 7 9 9 10 7 7 17 29 46 44 47 43 49 57 54 56 49 60 44 17 60 59 35 31 24 17 16 6 13 19 32 30 48 53 60 73 63 48 64 53 58 38 36 41 23 10 4 1 0 0 1 2 3 3 4 5 8 11
55 40 51 41 18 3 1 5 7 5 3 2 1 1 1 0 0 0 0 0 0 0 0 0 0 0 1 1 2 1 2 3 1 2 8 11 15 11 15 7 10 12 13 9 10 11 35 56 56 56 37 38 52 53 53 50 46 63 44 33 38 47 48 43 12 5 18 26 33 39 50 30 44 47 46 51 57 67 64 62 56 35 22 7 3 1 1 0 2 2 3 2 4 11 15 25
63 59 32 12 4 2 13 12 5 1 3 5 3 2 0 0 0 0 0 0 0 0 0 0 0 1 1 1 2 3 4 6 3 4 4 13 21 23 24 11 28 15 25 19 12 14 16 26 62 73 50 32 50 62 49 51 48 40 56 52 35 37 49 38 8 12 9 7 38 63 67 61 59 59 45 60 64 61 45 51 36 25 30 13 3 1 0 0 2 2 3 4 3 7 13 26
55 32 24 9 8 13 17 9 4 3 3 3 3 1 0 1 0 0 0 0 0 0 0 0 0 0 1 1 4 6 6 9 4 2 2 8 8 16 21 25 40 43 27 36 35 13 18 53 59 64 51 34 41 39 60 44 35 43 26 29 29 48 42 28 15 11 18 27 28 22 50 67 63 76 67 52 76 61 45 39 45 26 7 20 4 1 0 1 2 2 5 5 7 7 10 12
24 35 40 16 13 26 15 12 13 10 4 2 1 1 1 1 0 0 0 0 0 0 0 0 0 0 1 2 5 4 13 12 6 5 5 5 8 11 8 31 41 50 46 30 51 27 27 58 56 32 67 33 43 36 38 69 52 42 68 52 25 25 29 26 13 15 16 19 32 57 59 66 72 55 77 60 48 43 60 31 35 24 7 2 3 1 0 1 2 2 6 5 13 25 24 15
33 36 43 46 39 34 27 19 8 4 2 1 1 1 1 1 0 0 0 0 0 0 0 0 0 0 1 1 3 3 6 5 11 16 13 9 8 12 13 20 23 43 46 60 48 43 36 59 46 36 61 58 21 35 38 19 17 17 41 38 41 13 15 14 11 24 26 44 35 61 69 61 50 63 49 68 54 58 50 42 36 7 2 1 1 0 0 1 2 2 4 3 16 29 25 26
62 58 59 42 39 26 14 12 5 3 1 1 4 2 1 0 0 0 0 0 0 0 0 0 0 1 1 1 2 4 12 14 18 25 23 21 11 13 25 16 29 23 30 70 66 58 47 61 28 29 44 31 25 26 31 42 20 18 18 18 16 34 31 21 19 10 30 43 27 21 14 23 35 29 48 45 58 58 43 38 22 8 2 1 0 0 1 1 2 4 3 4 9 16 21 29
63 54 44 50 35 10 6 7 7 5 4 6 5 1 1 1 0 0 0 0 0 0 0 0 1 1 2 3 4 3 12 23 28 28 29 41 13 8 20 31 29 32 42 52 69 56 43 56 62 57 35 51 76 30 37 40 28 17 17 24 8 8 15 14 35 8 14 25 52 49 35 32 31 9 9 18 29 31 40 25 10 7 3 0 0 0 1 2 1 2 3 7 12 7 13 15
57 40 32 32 21 17 12 6 8 11 7 3 1 1 1 1 1 0 0 0 0 0 0 0 1 2 4 6 8 12 12 24 47 38 27 48 27 20 22 23 38 35 50 54 65 50 35 47 66 72 47 47 66 54 29 37 36 34 19 23 27 19 11 11 26 6 21 53 48 54 56 58 42 38 32 23 10 18 21 26 14 3 1 0 0 0 1 2 3 3 4 6 8 10 22 30
33 33 42 26 24 19 15 23 6 2 1 1 2 3 1 1 1 0 0 0 0 0 0 0 1 1 4 8 17 17 35 42 50 54 51 32 46 34 26 34 52 49 54 58 37 58 71 50 37 19 43 37 21 56 46 30 39 31 17 9 13 25 11 9 11 23 30 34 48 53 60 54 36 56 57 54 40 28 15 10 7 2 1 0 0 1 1 1 2 3 4 5 8 8 13 16
54 36 50 34 29 54 33 10 7 3 4 5 5 2 0 0 0 0 0 0 0 0 1 0 1 2 6 10 14 23 36 56 72 67 61 63 50 67 52 38 58 68 53 33 44 63 69 63 38 39 36 47 46 30 34 32 31 24 22 15 7 17 15 3 4 8 17 31 41 52 73 80 66 58 69 68 73 46 21 6 3 1 0 0 0 0 1 1 2 3 4 6 11 14 15 23
52 48 31 26 26 12 20 21 17 16 11 3 2 1 0 0 0 0 0 0 0 0 0 1 2 3 4 8 12 16 19 47 60 81 75 51 57 72 68 40 46 72 53 47 33 55 66 61 75 51 38 34 50 65 43 16 33 39 31 13 8 6 5 3 11 10 53 64 80 49 41 70 78 52 25 35 46 46 18 5 2 1 0 0 0 0 1 1 2 4 6 7 10 14 16 20
32 42 38 23 13 6 3 14 9 5 6 2 1 0 0 0 0 0 0 0 0 0 1 2 4 6 11 8 9 7 15 29 40 65 82 42 37 76 72 42 39 63 66 44 42 50 50 60 66 59 16 15 37 42 22 20 31 25 23 32 9 7 6 7 9 25 13 12 31 83 54 37 52 59 26 14 19 40 17 4 1 0 0 0 0 0 1 1 2 3 6 6 11 11 23 30
38 35 26 21 25 23 10 13 8 5 2 2 1 1 0 0 0 0 0 0 0 0 0 1 5 8 9 12 18 21 17 21 27 36 54 73 45 43 77 69 40 39 63 47 38 44 45 58 68 63 39 15 54 39 30 21 14 5 6 10 6 3 2 10 14 14 18 43 45 59 67 44 37 17 11 5 2 12 13 2 1 0 0 0 0 1 1 1 2 3 4 3 9 11 10 17
22 18 13 19 14 15 8 14 6 5 2 1 1 1 0 0 0 0 0 0 0 0 0 1 3 5 6 7 11 9 35 22 28 23 41 55 80 42 26 66 58 40 67 48 28 39 40 54 41 49 54 22 21 24 18 34 9 9 6 5 3 6 7 17 10 21 34 33 33 67 66 43 32 40 23 11 2 1 5 3 0 0 0 0 0 1 1 1 2 4 4 12 18 20 21 21
27 26 34 47 20 17 7 10 6 3 2 1 0 0 0 0 0 0 0 0 0 0 0 1 1 4 3 15 16 12 39 61 74 67 67 76 67 59 45 32 32 56 54 40 26 27 44 51 50 30 55 21 22 21 20 27 17 6 7 15 6 5 7 17 61 42 53 51 45 49 27 43 49 49 32 14 6 1 1 1 0 0 0 0 1 1 1 1 2 2 6 6 13 18 26 36
38 39 32 27 22 21 12 7 5 2 1 1 1 0 0 0 0 0 0 0 0 0 0 1 1 3 2 3 8 29 34 47 57 62 31 29 44 66 64 63 25 21 60 44 25 35 30 19 52 26 16 30 8 17 10 8 18 5 7 7 5 4 15 21 50 42 30 33 30 30 53 56 65 50 39 19 2 2 1 0 0 0 0 1 1 0 1 0 1 2 4 3 6 7 14 23
11 15 18 18 15 15 15 11 8 3 2 2 1 1 0 0 0 0 0 0 0 0 0 0 1 1 1 6 10 13 28 17 15 21 39 56 60 37 52 72 71 51 47 35 43 22 23 18 10 12 16 7 16 9 19 5 5 6 3 3 2 3 5 13 11 11 22 42 43 58 67 61 41 33 11 21 8 3 1 0 0 0 0 1 0 1 1 1 2 6 3 10 11 5 16 30
8 5 10 10 7 7 12 10 6 7 5 3 1 1 0 0 0 0 0 0 0 0 1 1 0 1 1 3 4 6 14 20 18 41 49 53 42 44 38 66 42 32 24 29 37 34 38 14 11 31 12 14 6 11 20 6 3 2 5 2 4 6 25 22 28 28 43 52 58 60 67 49 47 33 10 4 5 2 1 0 0 0 0 0 1 1 3 2 4 2 3 6 7 8 9 13
15 14 13 11 5 2 3 10 8 6 3 2 1 1 0 0 0 0 0 1 1 1 1 1 1 1 1 1 1 4 8 19 23 53 59 55 52 38 38 26 34 22 21 15 19 24 41 14 12 13 5 5 11 17 13 8 7 6 2 4 20 10 30 55 35 38 48 50 56 72 70 71 55 32 16 7 2 1 0 0 0 0 0 1 1 1 1 3 2 3 7 8 11 16 16 19
29 31 16 11 11 10 10 10 4 4 3 1 1 0 0 0 0 0 1 2 2 1 4 3 2 1 2 3 5 5 6 10 27 41 68 62 40 51 40 26 35 33 31 28 19 12 6 23 16 8 9 8 8 8 1 13 7 2 3 7 19 30 30 67 65 72 75 42 24 23 63 75 89 64 16 8 3 1 0 0 0 0 0 1 1 1 3 2 4 5 8 14 11 18 29 21
40 23 22 41 31 18 13 11 6 2 2 1 1 0 0 0 0 1 1 4 7 3 3 6 6 5 3 8 8 9 13 7 25 38 56 37 56 39 36 27 37 37 22 34 17 9 8 5 7 4 11 7 3 4 6 2 1 3 2 16 38 44 43 80 85 76 79 91 77 53 50 59 73 56 46 17 7 1 0 0 0 0 0 1 2 2 2 4 5 5 8 10 19 17 20 39
15 7 4 26 16 11 11 4 2 1 1 1 0 0 0 0 0 1 2 3 8 14 11 11 9 6 8 10 11 11 12 16 16 34 36 30 24 33 34 27 45 33 36 45 21 16 13 8 10 3 14 4 2 1 5 7 1 1 8 10 21 19 13 55 82 70 75 86 92 80 38 23 17 25 27 2 1 0 0 0 1 0 1 1 1 1 1 2 2 6 11 9 12 12 24 30
