sesion_6_simulaciones/modelos_agentes/ejemplos_netlogo/scenarios/echam4_a2/rob_2023.asc
NCOLS 322 
NROWS 307 
XLLCORNER 451900 
YLLCORNER 4086900 
CELLSIZE 100 
NODATA_value -9999 
[rows 150 to 224 of 307, columns 0 to 95 of 322]
31 16 32 56 54 74 69 34 49 49 32 28 79 82 79 51 84 68 73 78 67 51 53 43 64 48 14 30 19 19 12 41 28 43 54 49 22 38 43 38 22 19 31 55 65 45 31 24 18 16 15 17 15 12 18 11 18 19 23 23 37 53 27 27 54 61 69 63 43 11 37 17 13 14 27 4 6 1 0 1 3 3 2 3 1 1 4 2 1 1 0 0 1 1 1 0
13 24 37 25 26 21 20 24 31 26 47 21 42 68 61 49 73 74 72 40 20 30 52 71 76 58 43 21 21 8 12 22 77 55 68 71 85 43 26 43 65 46 69 65 27 23 13 23 15 10 22 18 17 13 15 11 31 36 39 40 62 59 56 43 55 67 61 37 64 27 11 27 27 6 7 1 4 9 3 1 1 2 2 1 1 1 1 5 2 1 0 0 0 1 1 1
70 40 30 25 33 29 36 44 44 45 28 48 21 16 12 12 15 16 23 36 31 71 79 71 82 64 80 45 43 47 28 31 52 15 4 4 34 80 30 20 46 40 47 49 40 52 52 58 30 15 22 21 25 17 6 16 23 58 40 63 54 61 69 84 80 66 59 27 22 70 21 15 11 10 3 1 1 1 6 3 1 1 2 1 1 1 1 1 3 0 0 0 0 0 0 0
71 62 58 49 51 36 44 47 13 29 58 40 33 41 28 26 14 34 50 61 87 73 85 67 73 56 50 60 34 67 54 12 6 13 19 3 18 24 59 23 10 74 28 29 36 26 12 20 38 23 34 38 32 18 8 9 18 49 72 59 73 59 72 67 66 57 46 12 15 48 46 24 8 4 5 2 2 1 2 1 2 1 1 1 1 1 0 0 3 1 0 0 0 0 0 0
82 65 82 67 64 66 76 37 43 31 30 35 40 63 56 26 12 25 59 64 72 85 76 85 73 76 79 78 46 52 69 70 37 10 23 25 45 39 39 57 14 54 44 29 45 9 16 20 12 26 35 44 48 30 27 11 23 46 62 65 46 29 59 58 50 39 35 21 12 22 48 7 7 3 2 1 2 1 2 4 1 1 1 0 0 0 0 0 1 0 1 0 0 0 0 0
75 65 81 66 67 64 52 64 35 31 43 28 72 50 26 48 33 19 19 56 68 58 62 70 47 63 73 75 42 18 43 71 82 65 57 33 40 48 48 56 30 43 78 44 44 26 13 12 13 16 13 12 20 6 9 27 29 55 41 21 18 14 16 25 29 9 12 6 16 24 19 14 4 2 3 1 1 1 1 2 1 1 1 1 0 0 0 0 0 0 0 0 0 0 0 0
52 63 72 81 81 55 38 83 40 26 45 44 39 38 60 59 44 58 40 22 21 49 60 23 46 69 58 85 58 20 18 19 56 77 64 52 43 40 35 48 39 40 80 34 48 47 34 42 43 43 39 34 20 18 27 20 37 69 56 51 43 32 11 5 3 6 5 7 4 8 8 12 12 3 1 1 1 1 1 1 1 2 0 0 0 0 0 0 0 0 0 0 0 0 0 0
62 79 68 86 70 38 71 82 49 49 62 35 63 79 57 43 62 47 32 28 32 27 16 45 49 26 43 74 78 48 36 23 20 69 52 59 70 68 66 74 65 44 72 83 59 54 60 61 58 57 63 64 36 54 57 25 27 43 59 36 29 12 6 9 7 2 1 3 8 8 8 10 3 3 1 1 1 1 1 1 1 1 1 0 0 0 0 0 0 0 0 0 0 0 0 0
43 78 45 78 51 66 75 71 29 58 65 46 31 24 39 41 48 68 56 69 35 24 30 18 31 32 53 84 52 81 41 48 44 56 26 53 57 79 69 58 63 35 54 75 86 61 56 52 73 58 54 44 38 60 62 34 43 72 72 65 30 33 27 16 11 4 3 4 4 3 3 4 3 1 2 0 1 1 1 1 0 0 0 0 0 0 0 0 0 0 0 0 0 0 0 0
19 68 52 67 59 69 67 33 39 68 68 57 53 31 29 17 20 24 20 59 39 18 24 19 63 72 68 71 41 73 76 31 28 34 52 67 57 84 88 60 57 27 27 66 81 80 75 62 69 37 25 32 60 57 56 50 44 31 27 23 17 26 31 21 17 8 6 4 2 2 2 2 1 2 0 1 0 1 0 0 0 0 0 0 0 0 0 0 0 0 0 0 0 0 0 0
19 19 13 43 59 64 28 29 73 48 63 76 66 50 40 43 48 42 42 19 23 39 33 14 50 53 66 75 70 45 85 77 32 16 28 70 67 57 62 58 69 27 24 65 84 86 67 61 64 61 49 30 78 47 82 87 85 77 76 64 35 15 16 11 9 6 5 4 2 1 1 2 1 1 0 1 0 0 0 0 0 0 0 0 0 0 0 0 0 0 0 0 0 0 0 0
24 62 37 25 15 36 33 73 77 51 48 68 50 58 30 44 41 39 41 23 24 25 28 13 54 68 59 83 76 53 71 81 72 33 27 8 21 53 39 22 35 26 20 78 81 82 68 72 69 72 89 93 79 52 40 78 78 37 35 50 40 15 20 13 8 4 3 4 2 1 1 1 1 1 0 0 0 0 0 0 0 0 0 0 0 0 0 0 0 0 0 0 0 0 0 0
61 63 47 60 42 17 42 77 68 72 14 50 63 66 72 44 54 32 28 21 20 9 24 43 72 50 80 86 69 68 43 58 69 38 36 20 47 69 77 80 60 48 35 53 78 65 61 91 61 68 83 83 91 67 47 79 85 57 34 18 47 37 9 19 8 5 2 2 1 1 1 1 0 0 0 0 0 0 0 0 0 0 0 0 0 0 0 0 0 0 0 0 0 0 0 0
50 46 63 44 30 10 32 58 35 73 30 37 67 50 67 54 27 49 41 55 53 46 9 25 43 60 75 76 49 74 48 64 52 44 44 54 49 59 67 58 10 49 60 36 16 48 57 83 68 54 74 69 72 81 36 52 63 84 49 22 25 12 9 7 7 9 6 3 1 1 1 0 0 0 0 0 0 0 0 0 0 0 0 0 0 0 0 0 0 0 0 0 0 0 0 0
30 29 18 32 44 35 11 63 25 22 26 42 52 15 34 52 32 44 34 54 51 30 21 6 25 63 56 69 45 71 41 46 36 19 33 39 55 46 44 56 52 38 20 19 9 14 52 78 61 30 39 58 67 77 66 69 69 59 68 20 11 11 7 9 5 4 5 1 1 1 0 0 0 0 0 0 0 0 0 0 0 0 0 0 0 0 0 0 0 0 0 0 0 0 0 0
29 45 51 41 21 14 11 18 24 27 49 44 53 51 20 34 39 50 22 15 20 49 25 8 4 10 15 39 34 15 6 6 5 11 9 8 26 16 17 37 35 32 35 16 6 14 56 65 54 39 29 18 35 64 55 49 37 28 45 41 8 4 6 5 4 3 1 1 1 0 0 0 0 0 0 0 0 0 0 0 0 0 0 0 0 1 0 0 0 0 0 0 0 1 1 0
50 30 21 18 29 20 17 7 10 10 23 52 47 52 14 15 19 51 53 36 19 14 22 5 13 20 17 13 8 12 20 16 18 17 29 7 6 6 5 6 5 15 15 9 11 21 49 54 57 37 28 20 5 21 20 22 18 28 12 18 12 4 7 5 4 2 1 1 0 0 0 0 0 0 0 0 0 0 0 0 0 1 0 1 1 1 1 1 1 1 3 3 1 2 1 0
38 37 43 63 48 43 29 20 28 29 34 7 10 16 24 40 28 10 44 49 33 11 8 3 11 43 46 31 22 24 40 42 16 40 11 9 10 12 13 12 9 4 11 15 25 32 44 46 57 40 26 10 9 5 9 18 6 3 3 8 3 4 3 1 2 1 0 0 0 0 0 0 0 0 0 0 0 0 0 1 1 2 2 3 2 6 4 2 2 3 1 0 0 0 0 1
45 44 56 41 30 40 38 23 42 58 13 22 37 38 25 40 10 13 14 12 18 7 6 5 17 20 44 38 52 21 44 37 31 29 14 12 16 37 15 36 20 9 6 8 11 18 26 30 30 30 18 25 17 9 10 8 7 4 4 5 7 5 2 0 1 0 0 0 0 0 0 1 1 0 0 0 0 0 1 4 7 5 5 16 9 8 7 4 4 3 1 0 0 0 0 1
57 68 64 63 35 27 34 34 48 54 27 30 45 44 45 26 29 21 23 22 13 14 14 7 19 19 27 50 20 34 43 46 43 24 17 16 16 36 18 45 26 21 19 6 5 4 15 11 49 44 21 13 31 10 4 11 9 12 7 4 5 1 1 0 0 0 0 0 0 0 1 1 2 1 1 1 0 2 6 8 16 31 8 21 8 5 3 3 2 1 1 0 0 0 0 0
23 19 15 17 25 28 49 58 64 43 44 17 39 48 22 10 13 11 14 11 6 5 4 7 15 17 21 27 44 46 35 28 19 23 12 5 19 20 39 49 31 30 44 23 26 11 6 10 9 30 14 17 10 3 3 5 5 3 2 1 1 0 0 0 0 0 0 1 2 1 3 4 4 2 3 2 1 4 11 16 45 20 7 4 2 0 0 1 0 0 0 0 0 0 0 0
36 45 34 49 47 50 38 58 42 35 16 20 31 47 54 44 38 16 9 7 10 3 3 12 46 42 25 26 45 24 15 22 48 24 10 4 18 11 44 20 53 36 47 39 21 10 13 11 5 13 17 9 3 4 3 2 5 1 1 0 0 1 1 1 0 1 2 4 4 5 5 8 5 4 4 3 3 8 21 35 28 10 3 2 1 0 0 0 0 0 0 0 0 0 0 0
29 23 25 51 67 34 39 50 43 45 39 30 48 27 52 42 30 48 34 19 37 12 15 10 39 59 39 58 21 21 31 15 30 26 9 6 11 17 23 15 28 30 43 45 17 23 14 7 7 8 7 8 5 4 3 2 1 0 0 1 1 3 3 3 2 2 5 8 16 19 11 16 16 12 7 13 16 25 29 25 13 14 4 1 0 1 0 0 1 0 0 0 0 0 0 0
37 27 43 63 46 47 41 52 52 45 60 63 56 44 30 23 47 45 29 30 27 18 40 24 30 55 70 44 25 21 11 9 6 6 16 18 4 6 32 39 44 48 40 27 33 20 17 15 7 8 7 7 9 5 1 1 1 1 2 7 5 5 9 5 4 8 12 15 29 20 22 32 40 13 15 23 36 41 43 15 3 1 1 2 1 0 0 0 0 0 0 0 0 0 0 0
29 36 51 55 29 62 44 45 64 64 74 68 61 61 40 14 12 21 24 28 10 28 59 34 42 32 59 74 48 59 37 27 21 22 39 43 13 21 41 56 50 13 17 27 18 19 10 6 10 12 9 15 6 3 4 2 3 3 9 10 10 10 15 10 8 15 26 17 43 43 33 60 41 27 35 56 37 33 7 32 11 6 1 1 1 0 0 0 0 0 0 0 0 0 0 0
32 37 56 42 31 25 31 38 25 32 51 66 39 42 54 19 22 20 17 15 17 59 63 52 33 44 23 47 37 41 33 31 45 42 57 47 24 37 57 58 50 26 12 10 15 14 16 23 11 10 18 8 6 10 5 3 6 13 16 26 21 21 21 15 16 44 53 42 64 65 64 61 74 73 39 32 37 28 6 3 7 7 3 1 0 0 0 0 0 0 0 0 0 0 0 0
37 43 56 35 35 23 30 20 36 43 26 29 23 23 28 42 37 30 52 27 43 63 47 67 30 64 37 66 31 31 46 49 52 46 56 45 44 31 56 57 48 22 8 16 19 17 21 17 15 14 12 16 9 6 6 11 17 19 21 26 25 18 35 28 37 62 66 59 50 79 62 52 44 56 12 9 4 15 13 4 1 3 1 1 0 0 0 0 0 0 0 0 0 0 0 0
48 64 57 72 20 63 49 14 44 41 47 36 63 33 48 43 45 38 37 37 30 55 38 56 47 39 51 42 31 56 54 49 54 55 54 41 44 35 46 65 47 40 38 42 45 20 22 15 29 37 29 34 19 11 18 21 25 37 25 30 46 34 55 59 55 66 43 63 21 31 63 59 49 35 52 28 11 3 1 2 1 1 2 1 1 0 0 0 0 0 0 0 0 0 0 0
71 55 29 34 56 37 19 47 51 62 42 61 35 34 63 43 43 13 38 45 45 17 36 53 43 33 47 22 35 24 29 53 51 75 35 38 32 50 53 24 33 46 21 25 20 26 11 22 38 55 43 36 29 25 23 40 35 48 46 37 49 62 59 64 57 66 41 30 55 17 43 47 21 46 46 53 29 18 13 5 2 1 0 0 0 0 0 0 0 0 0 0 0 0 0 0
50 76 47 41 17 34 29 47 48 59 67 31 39 57 55 62 60 23 31 58 43 33 14 27 50 21 41 34 30 21 24 57 61 49 29 38 35 37 68 44 30 39 20 62 30 23 35 23 52 62 46 41 39 35 34 37 61 56 55 68 73 82 71 53 58 24 27 17 18 19 11 26 12 16 43 43 38 56 25 11 8 8 5 2 0 0 0 0 0 0 0 0 0 0 0 0
29 30 23 21 48 61 41 45 61 71 62 37 43 34 20 19 14 19 30 46 63 32 39 20 36 29 33 17 24 38 46 59 44 39 40 27 41 60 68 52 32 29 42 69 25 53 36 42 55 76 47 49 48 42 43 49 68 76 64 73 83 57 35 64 64 47 26 10 5 2 3 3 4 5 17 22 17 25 28 10 21 8 3 1 0 0 0 0 0 0 0 0 0 0 0 0
30 29 45 35 35 55 62 46 35 69 22 28 44 42 66 27 48 27 35 27 47 42 35 38 29 41 54 31 31 34 54 38 40 54 15 17 29 72 49 41 28 43 50 64 53 50 52 58 70 66 49 66 55 53 65 52 72 84 85 60 67 68 24 13 10 15 16 22 14 7 2 1 1 2 3 9 6 16 31 5 8 17 3 1 1 0 0 0 0 0 0 0 0 0 0 0
29 65 45 28 23 35 44 46 40 30 42 37 39 60 49 37 43 54 45 39 32 69 39 60 34 45 73 32 33 50 27 33 63 41 37 58 52 78 22 18 32 59 61 69 64 50 53 57 67 51 73 75 60 63 62 60 64 71 71 48 45 61 28 23 49 61 60 33 25 10 7 7 1 0 1 4 3 9 21 9 4 3 2 1 0 0 0 0 0 0 0 0 0 0 0 0
40 54 44 39 34 38 51 58 34 23 42 44 56 34 45 46 38 63 46 32 27 34 45 30 25 59 63 44 57 48 38 44 65 39 19 38 45 57 42 40 47 59 80 80 54 57 70 65 70 63 78 77 61 80 70 83 70 66 74 43 30 12 60 48 16 35 51 36 38 31 23 7 2 1 0 0 0 1 8 2 1 0 0 1 0 0 0 0 0 0 0 0 0 0 0 0
69 19 32 53 16 40 37 14 25 13 21 17 25 37 57 31 22 32 64 45 43 26 30 38 22 43 41 51 66 51 19 28 28 46 45 31 68 55 37 47 58 67 81 89 85 80 71 77 71 42 75 57 83 71 67 71 36 50 70 74 26 21 12 71 23 13 25 40 26 19 31 22 20 5 2 0 0 0 0 0 0 0 0 0 0 0 0 0 0 0 0 0 0 0 0 0
14 22 42 28 29 24 24 9 9 35 58 10 24 28 24 41 38 38 58 52 50 45 49 51 20 22 39 46 35 21 6 12 15 64 71 71 84 85 89 85 83 89 76 87 82 89 78 45 71 70 47 41 51 57 58 60 35 62 66 52 46 28 9 33 54 12 3 10 30 40 20 14 4 3 3 2 0 0 0 0 0 0 0 0 0 0 0 0 0 0 0 0 0 0 0 0
16 29 35 18 18 11 33 66 79 46 50 65 67 23 18 43 30 27 38 24 31 17 21 18 27 20 48 46 61 17 6 27 27 17 33 73 79 78 85 85 75 78 77 74 80 87 83 57 45 48 80 56 23 44 17 19 20 59 78 56 36 26 14 12 71 18 13 4 12 18 38 3 1 2 2 3 2 1 1 0 0 0 0 0 0 0 0 0 0 0 0 0 0 0 0 0
33 36 39 50 48 60 74 64 61 62 64 43 56 43 37 26 20 18 20 19 10 15 48 55 77 75 46 22 49 20 8 55 49 28 33 36 44 73 71 84 69 47 59 59 66 83 87 87 45 43 57 57 38 15 26 9 28 37 60 53 11 16 12 5 63 27 7 4 3 23 30 35 6 3 2 1 0 0 0 0 0 0 0 0 0 0 0 0 0 0 0 0 0 0 0 0
54 63 52 81 70 74 76 80 81 74 59 55 73 51 49 23 17 22 9 20 17 12 7 17 28 45 63 53 22 27 24 25 40 52 14 28 48 56 59 70 72 45 29 43 57 76 83 82 86 80 30 38 27 19 9 7 12 30 48 51 10 11 11 7 26 69 21 7 2 1 1 6 2 2 1 2 1 0 0 0 0 0 0 0 0 0 0 0 0 0 0 0 0 0 0 0
44 70 69 80 80 71 81 68 84 72 52 81 76 54 83 75 73 52 25 6 8 7 6 7 12 20 30 56 15 14 25 19 53 42 52 41 27 24 14 9 50 62 28 39 34 42 58 56 76 82 74 36 28 36 15 18 9 27 43 35 35 7 12 7 5 49 63 19 7 1 1 1 5 2 1 1 1 1 0 0 0 0 0 0 0 0 0 0 0 0 0 0 0 0 0 0
21 24 38 75 82 70 85 86 80 78 71 80 62 82 89 84 71 53 72 41 30 17 18 18 19 39 57 25 19 24 20 43 66 47 51 57 45 40 30 25 18 27 23 24 15 29 57 35 50 65 76 35 19 15 20 15 2 15 28 28 25 11 6 5 2 22 45 31 8 5 1 0 2 4 1 0 0 0 0 0 0 0 0 0 0 0 0 0 0 0 0 0 0 0 0 0
39 29 36 70 75 77 75 58 53 84 89 70 84 85 86 76 65 77 69 68 55 15 28 37 53 78 72 26 12 21 28 33 35 49 34 47 47 50 53 31 18 16 14 10 16 21 31 28 8 37 55 63 14 10 10 4 3 2 8 13 40 25 2 2 6 9 13 23 3 4 2 0 0 2 1 1 0 0 0 0 0 0 0 0 0 0 0 0 0 0 0 0 0 0 0 0
26 23 21 19 17 20 44 48 44 15 32 79 91 85 82 54 60 83 74 63 77 33 31 18 14 20 61 73 32 11 25 27 37 57 47 37 48 47 58 37 39 47 32 21 11 5 25 28 17 10 23 41 20 6 2 2 5 2 3 9 8 6 3 2 2 4 2 23 2 3 1 1 0 1 1 1 1 0 0 0 0 0 0 0 0 0 0 0 0 0 0 0 0 0 0 0
20 31 38 65 48 51 70 43 39 29 35 20 65 86 86 68 70 76 60 67 56 81 53 53 43 23 13 18 28 18 7 28 40 62 33 37 25 34 52 46 37 29 20 18 24 15 12 3 10 25 10 12 2 2 1 3 2 3 2 2 7 7 4 2 1 1 1 8 8 1 0 1 1 0 0 0 0 0 0 0 0 0 0 0 0 0 0 0 0 0 0 0 0 0 0 0
22 44 22 18 30 19 20 30 35 34 16 9 15 30 69 80 81 43 21 34 38 75 58 67 54 45 33 11 11 26 15 62 51 31 66 46 44 45 50 33 35 49 45 31 31 15 14 6 5 3 20 9 7 3 2 1 2 2 1 2 4 9 3 1 1 1 2 4 9 3 1 0 1 1 0 0 0 0 0 0 0 0 0 0 0 0 0 0 0 0 0 0 0 0 0 0
46 14 31 42 47 47 32 31 35 41 46 31 47 24 22 29 44 32 31 47 76 40 40 57 69 74 25 25 15 57 34 38 68 52 72 33 72 43 37 33 35 32 26 28 18 15 13 7 5 3 3 5 3 3 3 2 1 2 1 0 1 1 3 2 2 1 1 1 2 3 1 1 1 0 0 0 0 0 0 0 0 0 0 0 0 0 0 0 0 0 0 0 0 0 0 0
69 44 57 47 42 55 41 53 62 44 30 30 17 41 47 36 35 29 29 46 36 70 56 42 22 42 49 53 58 14 16 50 48 15 41 37 22 53 31 33 32 36 15 16 6 6 5 6 6 5 2 1 6 5 2 4 2 1 1 1 0 1 3 1 1 1 0 1 1 2 0 0 0 0 0 0 0 0 0 0 0 0 0 0 0 0 0 0 0 0 0 0 0 0 0 0
79 75 27 27 57 30 51 71 44 36 48 38 40 61 20 36 31 31 31 28 44 57 48 46 38 23 30 35 21 28 13 42 33 35 46 55 17 22 44 18 21 31 21 22 16 4 6 6 3 4 1 2 0 1 1 5 1 1 1 2 1 1 0 0 0 0 0 0 0 0 0 0 0 0 0 0 0 0 0 0 0 0 0 0 0 0 0 0 0 0 0 0 0 0 0 0
75 68 92 42 32 54 19 18 44 55 35 52 30 48 19 50 48 45 45 51 57 62 48 29 41 39 30 33 49 54 43 12 8 14 40 33 30 9 40 37 31 19 7 9 10 10 5 2 3 3 2 0 4 1 1 4 2 0 1 0 0 1 0 0 0 0 0 0 0 0 0 0 0 0 0 0 0 0 0 0 0 0 0 0 0 0 0 0 0 0 0 0 0 0 0 0
58 67 81 72 28 20 54 31 11 25 43 30 20 29 38 38 29 22 36 44 46 48 80 60 45 40 33 26 47 60 43 27 9 20 44 40 55 25 7 40 21 26 21 13 5 4 5 5 3 3 1 0 1 0 0 1 1 0 0 0 0 0 0 0 0 0 0 0 0 0 0 0 0 0 0 0 0 0 0 0 0 0 0 0 0 0 0 0 0 0 0 0 0 0 0 0
54 67 84 74 79 47 17 60 28 27 59 28 37 29 21 40 24 31 33 28 22 33 65 58 44 42 34 23 31 57 65 38 22 16 48 52 57 34 12 15 56 16 12 28 12 11 6 5 4 1 1 0 0 0 0 0 1 0 0 0 0 0 0 0 0 0 0 0 0 0 0 0 0 0 0 0 0 0 0 0 0 0 0 0 0 0 0 0 0 0 0 0 0 0 0 0
62 56 54 74 55 61 58 26 63 35 47 66 52 61 43 25 31 24 36 54 32 41 67 66 45 40 31 17 10 11 45 40 28 20 15 53 38 26 18 8 11 33 5 6 6 5 5 5 9 2 3 1 0 0 0 0 0 0 0 0 0 0 0 0 0 0 0 0 0 0 0 0 0 0 0 0 0 0 0 0 0 0 0 0 0 0 0 0 0 0 0 0 0 0 0 0
32 68 65 76 62 70 67 58 39 27 22 19 33 24 21 48 44 30 46 23 59 29 67 79 44 42 35 15 8 3 7 20 36 26 8 27 42 14 35 24 13 6 18 19 6 5 7 3 4 1 3 1 0 0 0 0 0 0 0 0 0 0 0 0 0 0 0 0 0 0 0 0 0 0 0 0 0 0 0 0 0 0 0 0 0 0 0 0 0 0 0 0 0 0 0 0
21 25 17 33 37 16 19 15 39 38 52 50 47 55 20 20 50 51 42 47 35 28 55 81 64 56 43 33 15 4 3 3 23 16 17 19 32 11 30 30 19 6 4 13 8 10 4 3 3 1 0 0 0 0 0 0 0 0 0 0 0 0 0 0 0 0 0 0 0 0 0 0 0 0 0 0 0 0 0 0 0 0 0 0 0 0 0 0 0 0 0 0 0 0 0 0
31 47 41 25 27 44 33 34 40 63 34 62 44 28 36 44 34 22 26 42 24 67 37 59 69 50 49 37 32 11 4 4 2 8 16 16 20 9 24 11 15 13 7 5 8 5 3 5 3 1 1 0 0 0 0 0 0 0 0 0 0 0 0 0 0 0 0 0 0 0 0 0 0 0 0 0 0 0 0 0 0 0 0 0 0 0 0 0 0 0 0 0 0 0 0 0
51 35 57 39 49 66 51 45 52 62 37 44 36 20 34 65 49 49 31 31 56 40 27 20 77 41 16 10 7 4 5 2 4 2 3 5 51 27 10 17 9 4 6 7 3 6 2 2 4 2 2 1 0 0 0 0 0 0 0 0 0 0 0 0 0 0 0 0 0 0 0 0 0 0 0 0 0 0 0 0 0 0 0 0 0 0 0 0 0 0 0 0 0 0 0 0
46 43 46 44 24 46 49 49 44 38 64 57 37 19 37 38 32 43 47 66 44 23 32 47 66 55 22 15 13 12 9 8 3 4 4 2 1 2 6 8 5 9 3 5 3 5 4 2 4 2 2 1 1 0 0 0 0 0 0 0 0 0 0 0 0 0 0 0 0 0 0 0 0 0 0 0 0 0 0 0 0 0 0 0 0 0 0 0 0 0 0 0 0 0 0 0
40 35 44 35 48 44 57 50 34 28 38 34 20 49 47 46 33 51 35 28 24 18 10 6 9 10 9 14 28 23 12 25 13 3 2 1 2 2 1 5 3 7 4 2 5 2 4 2 1 1 1 1 0 0 0 0 0 0 0 0 0 0 0 0 0 0 0 0 0 0 0 0 0 0 0 0 0 0 0 0 0 0 0 0 0 0 0 0 0 0 0 0 0 0 0 0
56 46 52 23 38 42 58 62 81 76 68 22 30 51 40 26 34 45 51 40 36 16 20 17 11 13 36 15 17 25 32 19 8 7 7 1 1 1 1 2 2 3 4 4 4 3 1 1 2 1 0 0 0 0 0 0 0 0 0 0 0 0 0 0 0 0 0 0 0 0 0 0 0 0 0 0 0 0 0 0 0 0 0 0 0 0 0 0 0 0 0 0 0 0 0 0
30 34 26 26 54 49 35 48 78 78 69 78 60 33 43 56 42 46 44 20 13 15 36 26 23 23 35 11 4 16 10 6 2 4 5 3 1 1 2 1 1 1 1 1 1 1 1 1 1 1 0 0 0 0 0 0 0 1 1 1 0 1 1 0 1 0 0 0 0 0 0 0 0 0 0 0 0 0 0 0 0 0 0 0 0 0 0 0 0 0 0 0 0 0 0 0
26 35 54 50 60 47 65 51 19 29 66 73 67 74 76 61 81 58 45 37 13 8 29 21 21 29 13 11 6 4 11 10 9 5 7 2 2 4 5 1 1 3 1 1 1 0 1 0 0 0 0 0 1 1 1 1 1 1 1 1 0 1 1 2 1 1 0 0 0 0 0 0 0 0 0 0 0 0 0 0 0 0 0 0 0 0 0 0 0 0 0 0 0 0 0 0
44 20 12 31 58 67 67 85 76 38 50 86 70 62 79 57 81 79 78 54 30 39 8 9 9 7 19 19 20 27 5 22 19 7 2 3 1 3 3 1 4 2 1 1 1 0 0 0 0 0 1 1 2 3 3 2 2 1 1 1 1 2 2 2 1 1 0 0 0 0 0 0 0 0 0 0 0 0 0 0 0 0 0 0 0 0 0 0 0 0 0 0 0 0 0 0
51 46 66 30 19 37 56 70 74 42 30 80 43 38 76 58 55 33 46 53 15 24 22 16 11 11 15 16 13 27 9 4 3 8 5 4 2 8 3 2 4 4 2 2 2 3 2 1 0 2 3 3 4 7 7 5 1 1 4 2 1 2 2 1 2 2 0 1 1 0 0 0 0 0 0 0 0 0 0 0 0 0 0 0 0 0 0 0 0 0 0 0 0 0 0 0
73 46 57 77 60 30 27 34 33 70 30 69 51 44 72 38 19 26 32 21 15 6 19 12 15 23 19 7 4 13 7 3 1 1 1 1 6 7 2 1 11 9 4 9 6 2 2 1 1 2 8 7 9 26 6 4 3 1 7 2 2 3 4 4 2 2 1 1 0 0 0 0 0 0 0 0 0 0 0 0 0 0 0 0 0 0 0 0 0 0 0 0 0 0 0 0
81 82 54 68 80 84 70 37 19 18 44 76 60 32 65 35 33 24 29 22 9 6 21 8 21 16 14 10 7 5 3 3 3 4 6 3 9 1 3 5 12 11 14 14 4 1 1 1 4 3 8 21 35 9 4 6 5 3 14 4 9 2 5 2 2 6 2 1 1 0 0 0 1 0 0 0 0 0 0 0 0 0 0 0 0 0 0 0 0 0 0 0 0 0 0 0
73 82 80 72 72 85 71 84 54 14 35 60 13 24 52 41 34 12 33 6 7 5 11 6 30 16 7 5 3 1 1 3 5 4 9 3 13 2 9 9 23 25 25 5 4 2 2 6 11 10 9 27 27 11 13 22 12 6 23 15 5 7 5 6 10 4 3 2 1 0 0 2 0 0 0 0 0 0 0 0 0 0 0 0 0 0 0 0 0 0 0 0 0 0 0 0
57 81 79 89 74 70 79 80 63 35 30 30 37 14 40 33 25 15 9 5 5 5 16 9 11 9 8 15 9 7 9 9 5 2 3 8 22 7 10 17 38 33 16 5 2 5 6 21 34 20 15 36 22 13 23 35 9 22 21 15 18 4 7 21 16 4 2 1 1 1 1 1 0 0 0 0 0 0 0 0 0 0 0 0 0 0 0 0 0 0 0 0 0 0 0 0
19 69 81 67 74 33 52 60 58 51 40 51 35 11 37 64 35 15 14 8 4 8 15 8 6 6 10 3 4 5 1 3 2 7 23 15 29 11 11 20 41 17 5 2 5 17 16 20 54 34 40 41 17 36 48 34 9 23 13 37 19 22 28 22 9 5 4 1 0 0 0 0 0 0 0 0 0 0 0 0 0 0 0 0 0 0 0 0 0 0 0 0 0 0 0 0
32 25 50 26 12 11 15 11 11 6 8 16 41 11 6 35 47 29 21 18 8 6 5 5 14 4 7 7 22 16 2 7 8 10 38 50 57 24 13 37 25 6 3 8 25 30 29 28 64 48 52 67 55 49 64 41 36 17 31 33 15 29 16 3 1 1 0 1 1 1 1 0 0 0 0 0 0 0 0 0 0 0 0 0 0 0 0 0 0 0 0 0 0 0 0 0
38 33 16 20 29 51 44 14 14 2 5 8 5 3 10 6 6 12 5 4 3 15 8 8 4 14 14 16 9 13 10 19 20 20 49 68 45 35 27 39 13 9 8 20 38 43 56 34 59 72 60 74 74 47 48 58 69 39 53 42 40 51 17 23 9 4 4 2 1 0 0 0 0 0 0 0 0 0 0 0 0 0 0 0 0 0 0 0 0 0 0 0 0 0 0 0
62 58 46 38 56 60 56 38 13 10 17 13 16 12 11 15 11 4 3 5 7 19 8 9 15 20 9 41 37 24 31 35 36 40 52 35 23 34 17 40 23 15 13 29 53 65 71 64 67 72 53 62 50 44 10 14 46 58 49 22 4 3 6 3 12 3 2 3 1 0 0 0 0 0 0 0 0 0 0 0 0 0 0 0 0 0 0 0 0 0 0 0 0 0 0 0
39 13 48 57 64 52 46 20 6 13 13 19 43 33 14 12 5 8 7 8 2 4 34 21 13 4 5 20 34 26 26 31 55 33 63 26 35 20 7 36 26 20 34 57 62 76 76 55 73 79 47 22 21 12 5 4 18 22 15 6 10 4 4 4 2 2 1 0 1 0 0 0 0 0 0 0 0 0 0 0 0 0 0 0 0 0 0 0 0 0 0 0 0 0 0 0
27 37 44 61 45 35 41 22 4 14 17 21 41 16 13 7 6 3 3 5 10 21 20 28 21 17 13 24 46 22 15 38 53 32 58 49 26 21 27 54 30 28 44 64 57 71 47 44 46 69 63 25 13 12 9 3 4 7 3 4 4 2 1 3 1 2 1 1 0 0 0 0 0 0 0 0 0 0 0 0 0 0 0 0 0 0 0 0 0 0 0 0 0 0 0 0
53 63 49 34 33 41 35 35 14 6 10 22 24 8 5 5 7 15 18 20 23 34 21 56 43 38 28 30 25 39 25 43 38 46 69 17 21 33 39 62 58 59 49 73 34 18 24 11 10 36 44 20 17 7 4 4 2 2 3 3 2 3 1 2 2 1 1 1 1 0 0 0 0 0 0 0 0 0 0 0 0 0 0 0 0 0 0 0 0 0 0 0 0 0 0 0
49 72 69 77 57 56 39 37 22 28 37 50 16 12 11 19 19 33 18 18 53 13 35 43 44 32 25 58 40 40 39 51 44 61 36 29 42 54 46 61 66 65 64 86 76 64 49 38 25 8 10 12 6 4 2 2 2 2 2 1 2 2 1 3 3 1 1 0 0 0 0 0 0 0 0 0 0 0 0 0 0 0 0 0 0 0 0 0 0 0 0 0 0 0 0 0
