sesion_6_simulaciones/modelos_agentes/ejemplos_netlogo/scenarios/echam4_a2/rob_2035.asc
NCOLS 322 
NROWS 307 
XLLCORNER 451900 
YLLCORNER 4086900 
CELLSIZE 100 
NODATA_value -9999 
[rows 219 to 291 of 307, columns 192 to 287 of 322]
13 12 4 2 2 2 1 2 1 1 0 0 0 0 0 0 0 0 0 0 0 0 1 1 0 0 0 0 1 1 1 2 8 21 53 56 39 55 48 38 50 54 54 54 44 38 26 61 49 31 34 30 29 34 7 53 41 18 21 36 54 59 48 82 79 83 81 50 31 25 58 60 77 35 4 2 1 0 0 0 0 0 0 0 0 0 0 0 1 1 1 2 2 3 6 5
18 7 7 13 8 4 2 2 1 0 0 0 0 0 0 0 0 0 0 1 1 0 0 1 1 1 0 1 1 2 2 1 8 18 39 31 53 41 43 38 50 47 40 59 41 27 29 24 33 19 42 30 17 21 32 14 11 24 15 49 67 60 55 82 89 80 80 90 77 51 37 38 47 25 17 4 2 0 0 0 0 0 0 0 0 0 0 1 1 1 2 2 4 4 4 11
5 2 1 7 4 2 2 1 0 0 0 0 0 0 0 0 0 0 0 0 1 3 2 2 1 1 1 2 2 2 3 3 5 16 23 23 20 35 42 38 59 52 55 65 47 43 41 33 41 19 53 25 13 9 31 39 6 12 41 37 47 33 21 58 83 68 72 83 91 75 24 8 5 6 8 1 0 0 0 0 0 0 0 0 0 0 0 0 0 1 2 1 2 2 5 7
3 3 1 1 4 2 1 1 0 0 0 0 0 0 0 0 0 0 0 0 1 2 8 5 3 4 3 3 7 7 3 5 18 17 19 15 23 41 39 42 44 37 40 59 38 47 48 28 38 49 40 36 14 12 17 16 14 37 59 59 41 35 45 29 62 80 71 64 78 81 45 25 8 2 1 0 0 0 0 0 0 0 0 0 0 0 0 0 0 1 2 2 3 3 5 3
13 11 7 5 2 1 1 1 0 0 0 0 0 0 0 0 0 0 0 1 1 3 8 13 5 7 8 6 12 14 9 10 21 23 24 16 27 22 31 34 39 33 41 59 45 31 47 31 39 34 30 16 19 15 8 9 13 28 27 29 24 37 45 31 39 65 57 51 68 75 46 16 7 2 0 0 0 0 0 0 0 0 0 0 0 0 0 0 0 1 1 2 3 4 5 7
15 9 9 5 3 2 2 1 0 0 0 0 0 0 0 0 0 1 0 1 1 5 11 21 18 11 12 17 17 30 30 18 20 22 26 17 29 13 29 31 24 31 38 57 65 31 44 40 22 17 23 20 26 8 4 13 16 34 17 38 38 42 46 44 20 26 7 4 10 52 58 18 5 1 1 0 0 0 0 0 0 0 0 0 0 0 1 1 1 1 1 3 3 4 6 13
7 6 4 3 1 1 1 1 0 0 0 0 0 0 0 0 1 1 1 1 2 3 7 17 26 27 20 23 22 35 65 44 28 28 17 20 24 22 42 24 20 22 34 39 55 50 20 30 11 10 9 6 16 14 3 11 15 14 25 45 53 47 57 48 22 26 17 20 6 7 26 10 3 2 1 1 1 0 0 0 0 0 0 0 0 0 0 1 1 1 2 4 4 4 6 10
7 4 3 1 0 0 1 0 0 0 0 0 0 0 0 1 1 1 2 3 2 4 10 13 28 55 34 32 33 24 44 58 29 40 31 34 40 39 26 27 16 22 22 23 27 34 24 45 32 9 31 25 11 7 4 8 37 34 38 47 62 52 48 32 26 26 30 41 17 10 8 2 3 2 2 2 1 1 0 0 0 0 0 0 0 0 1 0 0 1 1 1 4 6 5 10
5 7 4 3 2 1 1 0 0 0 0 0 0 0 1 1 1 1 3 7 7 11 12 16 28 56 66 42 58 35 44 58 42 29 49 51 40 35 34 31 9 15 14 23 32 35 45 55 63 23 20 19 14 5 8 11 23 22 39 53 55 39 36 27 53 43 49 38 19 13 4 3 3 5 4 3 2 1 1 0 0 1 1 0 0 0 0 0 0 1 1 1 2 2 6 11
7 3 2 1 1 0 0 0 0 0 0 0 0 0 1 1 0 1 4 8 17 28 44 31 34 49 77 39 59 37 42 58 24 26 47 48 52 46 36 33 22 22 19 16 34 39 37 53 46 44 29 20 14 8 26 40 35 43 55 68 49 29 32 48 76 66 42 27 18 9 9 6 9 7 9 4 3 2 0 0 0 1 1 1 1 1 0 1 1 1 2 2 3 3 4 11
8 4 2 1 1 1 0 0 0 0 0 0 0 0 0 0 0 1 2 5 8 21 44 63 55 48 67 66 73 44 64 37 23 23 35 53 53 53 30 31 32 34 22 21 25 39 40 38 32 28 36 33 16 19 23 23 41 28 41 15 28 53 55 79 72 51 37 24 27 26 20 17 13 15 5 4 2 1 1 0 0 1 2 1 1 1 1 1 1 1 1 2 5 5 8 11
2 2 1 0 0 0 0 0 0 0 0 0 0 0 0 1 2 1 2 4 13 20 41 43 64 63 72 76 69 41 56 28 23 50 36 49 53 39 35 44 42 44 21 23 44 41 51 40 46 21 21 18 15 5 12 8 70 41 21 35 47 48 55 47 32 28 28 29 21 25 35 32 20 6 2 1 1 1 0 0 0 0 2 1 1 1 3 6 1 1 1 3 4 4 7 12
1 1 1 0 1 0 0 0 0 0 0 0 0 1 1 2 2 2 4 10 12 22 41 54 52 59 65 63 65 63 71 39 29 40 52 41 51 43 38 38 41 28 33 21 23 28 43 48 42 31 14 14 10 11 21 23 7 74 77 51 31 17 35 31 42 35 25 17 10 31 59 34 14 5 2 1 0 0 0 0 0 1 1 1 2 1 2 3 5 1 1 3 4 6 6 11
1 0 0 0 0 0 0 0 0 0 0 0 0 1 2 2 1 3 7 9 11 33 52 63 50 55 66 58 76 82 54 45 44 58 37 53 51 48 45 42 40 36 51 17 33 31 40 36 24 10 26 13 16 19 29 49 35 28 38 44 24 44 27 30 26 32 29 11 19 35 36 15 10 7 2 1 0 0 0 1 0 1 1 3 3 1 1 1 9 2 2 4 5 6 5 7
0 0 0 0 1 0 0 0 0 0 0 0 0 0 1 1 3 5 9 24 16 20 61 53 69 57 62 67 26 80 56 52 43 59 48 38 43 53 45 44 43 35 61 20 20 59 39 34 30 19 34 14 14 36 46 17 45 45 26 12 25 14 23 28 27 27 17 49 36 14 23 10 6 4 2 0 0 0 0 0 1 1 1 1 2 3 1 3 5 6 5 2 3 11 7 7
1 1 1 0 0 0 0 0 0 0 0 0 0 0 1 1 2 4 11 24 39 46 71 57 71 70 72 65 70 63 81 48 41 51 44 22 28 48 52 57 43 20 41 47 11 28 31 54 28 26 33 22 15 29 23 23 12 14 20 36 30 32 29 44 20 22 33 17 12 18 14 8 5 1 0 0 1 0 1 1 1 1 1 2 4 6 2 2 5 6 18 7 3 5 14 13
0 1 0 0 0 0 0 0 0 0 0 0 0 0 1 1 1 4 11 21 39 34 51 17 37 59 57 25 25 48 75 39 46 78 42 42 49 56 34 12 25 11 40 45 13 35 49 31 10 21 32 26 16 24 19 10 34 39 49 33 17 25 53 63 44 35 52 49 38 23 12 7 2 1 0 0 1 1 2 1 1 1 2 2 5 4 8 3 7 4 2 11 4 5 6 11
1 0 0 0 0 0 0 0 0 0 0 0 0 0 0 0 1 2 7 16 22 17 17 45 40 42 30 34 46 48 64 61 64 66 59 54 50 45 44 23 32 30 32 50 11 22 38 31 16 14 15 24 18 21 8 23 40 17 22 30 33 54 63 64 65 59 39 24 32 20 32 10 3 1 0 0 0 2 1 1 1 1 2 1 2 5 5 11 10 8 5 14 7 1 5 5
1 0 0 0 0 0 0 0 0 0 0 0 0 0 0 0 1 2 3 4 8 36 39 33 44 53 48 36 42 52 50 49 62 63 42 48 43 46 51 20 48 38 28 49 10 15 35 26 35 31 12 11 28 24 15 24 25 20 48 35 61 46 46 70 80 49 39 16 35 12 8 5 1 1 1 1 1 2 2 2 3 2 2 2 3 2 5 14 27 29 6 6 10 5 8 15
0 0 0 0 0 0 0 0 0 0 0 0 0 0 0 0 0 1 2 5 10 17 28 24 22 36 51 35 47 34 45 51 52 71 51 59 43 56 37 41 22 33 18 37 11 9 19 19 20 29 29 13 15 5 17 9 8 32 37 31 41 32 57 63 65 70 37 12 6 7 4 1 0 1 2 2 1 2 4 4 8 3 3 3 3 3 2 2 3 8 24 21 13 9 10 15
0 0 0 0 0 0 0 0 0 0 0 0 1 1 0 1 2 1 1 4 11 18 17 27 36 49 37 31 39 37 22 27 48 38 34 60 28 51 37 33 32 32 65 41 16 17 30 44 18 11 13 12 4 21 6 11 24 55 49 72 71 54 37 45 40 26 27 25 11 4 1 0 1 3 2 5 2 2 5 9 6 10 5 4 4 4 6 4 4 6 14 12 12 39 13 21
0 0 0 0 0 0 0 0 0 0 0 1 1 1 1 1 2 2 3 2 6 4 9 13 18 30 25 21 26 29 39 38 24 20 13 60 35 62 27 38 28 25 67 44 32 20 50 31 30 21 10 30 11 30 20 33 38 17 34 40 45 39 24 34 45 31 34 13 12 5 2 0 2 2 3 5 7 3 3 6 8 14 8 11 6 3 4 8 2 1 3 3 4 16 24 13
0 0 0 0 0 0 0 0 0 0 1 1 1 1 3 1 2 5 4 8 15 20 31 38 43 39 40 54 57 42 46 61 58 37 50 43 62 51 28 31 24 19 14 46 25 11 20 25 28 17 22 36 47 56 84 74 75 65 67 43 44 44 49 57 44 28 20 12 9 4 1 0 2 3 6 6 8 5 7 13 8 18 10 16 8 4 4 9 12 3 6 7 5 3 4 8
0 0 0 0 0 0 0 0 0 0 1 1 1 2 3 2 1 2 8 16 29 27 38 52 64 70 68 59 78 63 47 45 39 26 16 17 34 35 41 28 30 11 13 37 15 12 12 23 10 20 4 4 6 9 27 43 83 83 62 59 47 42 22 50 35 22 17 11 3 1 0 1 3 4 3 5 8 13 8 15 9 5 22 21 12 5 6 13 11 5 7 12 10 20 24 36
0 0 0 0 0 0 1 1 1 1 0 1 1 2 2 5 1 1 3 7 19 39 20 45 43 60 67 53 12 30 47 33 22 21 28 37 39 22 45 15 25 12 5 25 17 20 7 6 5 13 12 9 9 9 11 10 28 59 74 76 81 44 37 26 21 17 16 12 8 2 1 2 6 6 5 7 22 16 18 17 19 7 8 32 17 7 7 9 10 7 12 7 17 21 31 40
0 0 0 0 0 1 1 1 1 1 0 1 1 2 2 4 2 1 2 5 11 16 14 32 28 28 27 18 15 17 27 25 23 32 27 17 28 42 34 6 18 21 5 12 13 5 3 18 12 11 27 16 25 29 29 35 39 55 47 37 50 78 59 45 35 30 27 11 6 2 1 6 7 11 13 10 18 24 19 14 13 14 5 19 30 15 15 6 16 9 16 18 12 24 24 19
0 0 0 1 1 1 1 1 1 1 1 1 1 2 3 2 6 1 1 1 4 4 10 13 20 33 31 37 43 30 40 22 23 37 30 24 24 16 8 8 17 22 56 25 8 10 4 10 12 10 27 36 20 37 55 32 27 25 29 21 22 38 56 52 42 24 22 12 4 1 3 7 9 13 15 17 12 34 22 34 16 27 18 18 50 22 29 12 20 19 20 33 21 22 20 28
0 0 1 1 1 1 1 1 2 2 1 1 1 3 5 4 4 1 2 3 3 3 9 12 21 28 36 33 35 53 47 49 43 61 20 15 18 24 23 19 41 39 12 12 33 13 7 9 8 38 50 14 34 32 25 29 45 40 49 32 27 23 23 25 26 19 10 8 3 2 4 8 10 18 14 14 14 22 30 39 28 18 31 18 52 16 20 24 15 34 22 22 23 17 20 20
0 1 1 1 1 1 1 2 3 3 1 1 2 2 8 18 2 2 2 7 8 10 8 10 16 18 30 21 28 38 41 33 28 29 31 32 24 33 31 20 11 8 5 3 6 17 19 9 40 56 13 8 11 39 36 34 30 40 28 26 32 23 21 14 13 11 8 5 3 4 7 11 11 14 14 15 18 22 34 29 29 26 29 42 53 19 23 27 16 38 25 12 31 13 7 17
1 1 1 2 2 1 2 3 6 5 1 1 1 3 6 8 2 3 2 6 11 12 13 8 8 8 20 26 28 38 27 25 30 30 28 27 26 21 19 21 13 8 6 4 7 3 5 27 9 29 11 12 13 12 23 76 48 51 41 36 27 24 19 14 11 9 6 3 3 4 8 11 8 13 13 23 30 18 24 46 36 42 43 43 55 35 39 17 41 34 11 19 27 11 16 20
1 1 2 5 2 1 1 3 5 11 2 1 3 3 7 13 7 4 4 11 16 26 14 18 18 7 12 19 22 20 28 19 27 27 28 15 15 8 11 13 25 24 20 15 14 19 16 5 3 7 14 32 35 31 38 22 35 39 51 48 37 23 18 16 12 10 7 3 2 7 10 12 16 15 27 24 22 33 22 19 32 34 34 49 25 81 44 17 30 32 8 21 17 32 19 24
2 4 2 6 4 2 2 4 6 8 2 1 3 5 9 11 13 1 8 15 19 32 19 21 23 32 20 16 12 13 16 27 42 32 12 27 12 27 15 16 19 24 12 9 7 11 5 6 12 23 30 27 38 34 46 15 13 14 14 28 24 25 22 20 17 15 11 5 2 9 10 9 17 21 27 12 22 16 32 15 24 21 35 23 48 70 28 20 45 18 11 21 18 29 32 32
2 3 5 6 5 4 3 4 8 17 2 4 5 10 10 16 3 2 10 15 27 36 43 26 47 31 33 32 20 22 14 49 56 34 37 23 19 25 17 13 24 9 15 6 9 9 7 8 7 25 25 20 36 42 37 15 28 36 36 41 36 32 32 34 26 23 14 5 2 11 12 11 27 18 23 35 35 25 15 28 19 29 32 40 33 57 46 40 41 20 19 29 15 17 8 38
1 2 7 8 7 6 4 5 10 11 3 7 9 22 25 9 2 2 11 16 20 42 40 46 31 34 53 40 35 35 36 43 56 49 37 42 40 22 41 22 11 16 5 4 3 7 7 8 8 13 18 26 32 27 41 40 41 49 48 51 54 54 39 28 18 12 11 3 5 14 20 15 28 33 22 27 36 27 29 9 39 13 18 39 41 57 64 73 38 22 31 25 32 34 23 48
3 3 9 12 16 9 5 6 15 16 4 5 13 28 16 4 2 6 11 16 28 36 40 42 47 37 50 42 56 55 54 40 21 27 37 35 34 15 29 26 25 15 8 7 14 7 6 16 6 5 8 15 34 51 38 37 56 57 55 37 56 36 17 22 23 14 7 4 4 12 28 17 26 34 39 30 40 26 33 25 19 40 20 9 12 36 56 69 35 46 36 31 28 47 20 21
3 5 6 9 25 13 6 9 14 18 4 4 14 29 10 4 2 7 17 18 19 25 31 39 59 36 43 40 35 54 56 42 42 32 31 17 25 26 32 22 19 11 9 12 23 12 10 11 3 3 6 25 40 26 55 61 31 38 27 28 23 20 32 32 17 14 12 4 5 7 32 22 22 23 30 40 32 31 16 28 16 44 28 22 12 10 30 45 54 70 41 36 30 40 14 19
4 10 7 7 12 26 9 13 25 7 5 6 11 35 16 5 3 11 16 19 31 43 42 57 55 50 29 34 52 47 26 55 72 55 26 25 18 21 30 19 10 17 15 10 11 5 7 5 14 11 17 24 29 44 56 41 54 33 39 40 32 29 26 19 19 17 8 4 5 11 13 37 23 21 27 30 47 43 30 50 20 18 30 26 21 18 18 34 52 56 39 41 34 38 21 31
5 7 18 15 7 19 6 16 44 8 8 16 21 26 9 7 1 5 21 24 42 34 39 60 58 53 47 20 15 18 26 24 28 11 13 23 35 21 21 32 23 13 9 7 4 3 4 5 18 19 24 28 40 46 63 58 57 46 38 46 37 41 41 22 22 20 8 6 7 21 22 24 43 21 24 28 52 44 32 25 36 20 16 39 35 20 25 25 43 48 58 39 33 24 36 19
6 9 21 29 13 31 8 17 47 21 10 24 28 16 7 2 2 4 9 26 44 48 39 41 49 64 44 21 26 20 25 24 30 22 16 9 20 27 32 28 15 13 5 9 8 4 7 3 1 3 23 20 19 37 37 29 29 53 51 44 48 27 27 26 19 18 17 4 9 22 27 23 27 11 32 32 33 49 60 49 47 27 20 19 36 23 18 32 47 79 70 36 25 21 36 17
9 9 12 34 15 27 15 14 21 28 13 32 27 6 2 4 6 9 17 32 34 37 48 28 39 49 63 28 21 22 32 29 29 27 21 28 19 24 12 6 7 13 6 6 10 6 5 2 7 11 16 31 66 52 34 62 56 74 51 38 46 43 41 36 33 18 16 9 13 26 23 37 48 21 21 47 37 54 44 39 56 22 31 32 56 24 14 20 17 35 58 32 32 15 50 35
8 8 7 21 44 21 33 15 40 18 40 18 6 3 7 8 13 9 37 46 25 35 40 43 20 34 55 63 31 32 20 29 25 13 11 12 18 12 8 7 8 4 3 2 5 2 4 2 10 10 9 27 23 44 54 54 36 59 35 28 33 37 36 33 19 15 12 21 22 27 32 40 10 29 40 47 44 32 47 31 68 27 31 23 31 47 32 35 42 36 47 27 50 18 29 47
19 11 9 12 21 37 39 21 58 26 25 6 4 7 10 17 17 11 14 14 28 32 39 57 51 33 32 15 36 51 18 30 16 13 21 23 25 14 13 10 6 6 11 7 3 1 1 2 6 12 19 24 36 28 41 38 36 34 24 9 24 31 30 26 15 12 12 22 23 27 32 47 16 15 8 14 39 55 70 24 58 44 31 34 21 17 55 28 39 42 34 51 18 21 34 47
14 22 15 11 12 24 53 27 26 10 6 2 6 11 23 30 29 11 15 17 29 36 30 12 19 15 19 37 11 19 36 53 31 35 11 24 8 12 12 3 4 4 3 2 3 10 3 3 6 12 21 14 16 26 28 34 26 43 32 35 46 33 32 19 26 26 16 27 26 30 28 45 15 29 17 23 23 17 41 33 27 53 32 38 22 42 46 13 37 52 54 44 17 22 20 24
15 25 17 24 34 43 43 24 24 6 9 7 11 24 24 32 37 24 26 28 32 35 26 21 18 24 20 13 16 30 15 22 24 53 22 39 9 7 8 8 7 5 5 6 2 2 4 3 7 14 29 13 16 24 38 19 39 60 66 57 49 33 35 34 29 25 29 40 29 30 31 38 21 34 30 25 37 33 37 54 19 54 31 53 19 18 41 9 18 25 53 33 12 23 24 49
18 31 23 31 40 50 40 10 6 3 12 11 22 27 28 38 25 50 43 29 33 33 30 35 36 29 28 16 19 40 15 12 6 8 9 25 30 23 16 30 17 14 7 6 5 2 1 5 15 14 22 8 11 25 27 34 49 73 37 42 52 32 36 31 27 27 34 47 30 31 32 34 32 33 43 26 37 35 34 32 47 75 43 49 35 11 47 25 11 14 33 42 22 26 21 8
20 39 40 35 67 45 10 7 11 13 24 21 19 33 31 44 18 31 61 20 37 28 17 25 34 37 15 23 27 30 51 17 12 6 7 4 6 4 8 24 26 10 12 8 6 5 3 4 11 10 10 10 16 22 42 44 44 45 42 30 49 41 29 11 34 18 20 55 33 32 45 34 48 31 44 36 33 40 32 26 29 16 59 57 47 15 22 19 9 10 17 46 20 31 36 28
22 33 61 52 61 13 13 12 14 25 29 28 39 52 18 36 19 31 36 56 22 43 16 15 20 36 36 31 27 20 11 24 11 12 9 7 6 6 6 7 11 5 4 6 2 1 2 6 6 7 9 9 10 19 36 52 24 48 67 57 28 24 17 9 45 29 31 49 39 30 48 34 61 42 41 46 30 31 45 28 21 16 43 38 46 19 10 44 12 13 22 41 40 38 23 27
16 37 65 73 42 7 15 26 29 29 47 53 28 37 23 22 43 20 35 32 24 32 23 20 23 30 25 43 27 31 33 21 29 17 14 10 7 6 6 8 8 4 3 3 3 2 4 12 5 8 7 7 13 26 46 43 70 47 38 54 32 19 7 18 25 51 33 35 41 29 39 32 53 45 29 45 43 28 30 44 36 12 21 51 58 23 6 28 19 13 24 16 57 39 19 62
19 43 68 46 8 10 31 28 22 52 39 65 22 42 24 20 27 63 19 34 47 31 42 18 18 33 39 27 27 43 25 23 44 9 14 11 8 10 3 8 6 3 7 8 6 5 10 7 9 12 16 20 21 20 29 42 49 40 44 36 33 18 9 26 22 34 31 31 44 29 31 37 33 52 28 30 56 27 29 32 46 14 24 28 45 22 10 19 26 18 14 11 13 31 26 20
22 53 49 27 13 21 32 35 22 40 22 60 25 41 49 19 45 63 14 43 59 19 53 17 16 35 40 40 15 12 46 10 10 24 34 18 4 8 4 8 3 2 3 3 3 4 5 9 13 17 13 11 9 15 17 25 35 40 29 49 34 20 19 27 36 41 20 26 39 40 26 24 17 39 27 27 36 34 27 23 10 11 33 20 44 20 13 7 21 34 7 15 34 31 36 6
21 47 44 33 17 21 41 56 20 27 27 49 21 35 60 27 41 61 23 23 35 34 38 21 17 19 19 31 32 29 12 16 7 6 2 28 19 5 4 4 3 4 6 5 6 5 4 7 10 19 15 21 15 23 18 24 14 26 31 19 17 30 26 28 27 35 38 29 33 39 16 27 17 27 31 26 34 14 12 29 13 14 13 17 48 51 15 8 17 28 5 9 29 38 38 19
45 43 54 23 20 28 32 40 21 31 28 34 38 22 54 21 18 51 25 18 18 16 61 35 15 13 16 16 19 22 39 22 5 14 2 4 21 5 3 4 2 10 9 9 4 6 1 4 8 19 24 14 13 8 11 25 37 55 34 15 8 25 27 27 27 28 53 19 32 42 14 24 25 28 44 5 23 29 13 12 23 11 11 11 20 41 10 7 11 29 8 8 10 40 65 47
75 43 17 18 28 30 30 36 20 55 35 18 42 20 61 19 17 35 27 14 18 31 48 23 12 17 13 29 29 26 19 20 14 19 2 5 6 15 2 3 6 9 4 7 4 6 3 1 5 15 20 28 23 13 21 27 37 53 45 18 10 39 27 18 25 25 40 24 16 42 24 13 14 43 35 14 12 13 33 8 19 34 15 15 55 33 6 19 2 41 19 6 5 5 12 19
18 9 20 16 27 30 45 41 34 45 28 18 69 16 19 47 23 50 30 12 14 23 24 51 19 22 11 23 28 26 16 9 14 31 5 7 4 28 3 3 3 4 3 3 3 6 4 6 7 21 24 16 37 18 16 14 14 39 42 9 14 24 29 16 28 24 23 38 16 45 31 18 20 17 35 13 12 19 17 16 7 4 33 12 20 37 12 31 6 21 46 9 21 12 8 6
37 18 42 32 27 31 52 28 56 38 14 21 47 23 23 49 14 20 52 9 25 20 14 40 11 22 19 15 18 20 26 22 4 13 6 7 4 4 14 3 1 5 4 7 5 3 2 7 14 18 34 27 8 15 18 3 16 22 17 7 20 47 35 14 12 38 14 30 13 20 62 12 26 26 16 19 16 15 28 19 19 9 11 21 7 33 44 32 9 15 70 9 11 8 17 6
60 34 19 34 35 38 32 28 52 27 23 24 18 21 21 29 16 14 47 17 23 16 8 17 26 20 19 11 13 11 14 14 19 5 6 17 5 3 7 11 3 8 4 6 6 5 5 2 14 5 4 3 4 13 14 36 26 12 18 15 11 35 20 15 15 24 39 11 33 10 36 10 20 36 7 11 34 8 13 20 27 13 8 3 6 5 31 44 12 9 37 15 11 8 15 11
82 41 26 25 26 33 14 30 42 11 29 23 21 22 15 34 16 16 31 10 11 27 9 4 3 9 9 5 21 31 14 14 21 2 4 1 9 3 4 30 3 3 3 5 6 4 8 5 35 11 8 5 7 7 28 42 20 5 6 26 11 9 28 14 25 14 49 9 48 8 20 22 13 19 8 28 14 12 8 9 14 19 15 7 6 6 4 7 30 41 29 19 13 7 19 11
59 21 14 31 17 18 17 19 41 10 20 15 17 40 14 38 15 38 16 9 8 21 14 7 6 8 9 9 13 14 29 27 5 4 2 2 2 9 2 31 1 1 2 4 4 2 9 3 2 6 10 15 3 18 32 30 18 10 4 31 17 13 6 27 24 23 38 9 39 15 9 14 24 36 12 8 14 5 11 3 4 13 6 9 5 4 6 3 4 9 38 15 6 8 20 12
71 23 52 23 24 17 17 17 15 11 22 20 10 46 44 10 25 21 24 19 17 8 15 12 15 19 11 16 7 7 9 9 7 5 2 3 2 2 5 12 3 1 2 1 3 3 3 10 2 3 5 7 12 43 36 24 17 15 4 10 23 10 17 14 19 38 22 27 6 26 39 6 33 50 15 3 11 4 6 3 11 8 12 12 3 2 3 4 4 3 8 18 13 4 18 4
60 40 16 17 16 20 27 16 19 10 14 13 19 29 27 8 10 11 11 3 13 9 13 18 24 19 14 19 17 4 5 7 23 11 3 2 8 2 1 5 8 1 3 1 3 8 6 4 2 3 3 6 19 27 29 16 4 13 12 7 23 9 14 16 6 15 10 13 8 11 37 8 22 25 1 4 5 11 8 5 1 14 1 4 8 1 1 2 5 5 8 2 23 5 10 3
10 40 11 18 19 15 20 13 44 11 12 13 13 4 24 12 12 5 20 9 7 13 13 14 16 8 15 24 18 2 5 6 8 11 9 5 3 6 1 1 10 1 2 1 1 11 15 5 3 3 5 15 21 22 30 10 7 14 10 12 27 11 5 6 13 9 8 23 7 10 30 15 40 12 2 6 3 1 4 10 2 5 4 5 11 2 4 2 3 2 3 5 10 10 15 2
21 56 12 13 8 16 20 19 10 18 13 10 14 5 14 7 11 6 43 11 4 7 10 36 8 7 11 18 17 4 6 5 12 6 11 5 2 2 5 1 9 1 1 1 1 4 2 5 1 9 7 15 21 29 14 4 9 14 10 14 29 16 24 8 8 15 6 22 6 8 7 11 30 2 2 1 3 2 6 4 4 1 0 6 6 7 6 4 2 2 1 1 2 17 7 1
19 53 28 3 8 9 27 16 9 23 14 7 5 8 6 11 3 18 6 3 5 10 15 8 20 8 6 7 7 6 4 10 10 7 5 5 4 4 5 2 12 1 2 2 2 2 5 15 9 3 12 30 34 26 3 8 14 19 11 16 9 25 9 25 14 6 5 11 4 8 11 20 11 10 6 6 1 5 9 3 7 2 0 3 4 10 8 2 2 1 2 1 1 4 7 6
7 26 33 4 14 6 14 23 6 18 10 5 1 8 4 17 5 13 8 12 4 4 12 13 11 5 4 5 8 13 1 4 6 12 7 2 3 7 2 5 9 3 1 4 2 1 1 11 17 13 25 33 28 6 10 16 19 16 11 17 20 15 5 13 21 2 4 4 8 3 8 11 7 15 6 5 3 9 7 1 13 15 3 5 1 1 4 3 2 3 0 2 2 10 2 6
9 17 28 7 8 3 6 6 8 8 9 3 1 5 6 36 7 5 7 2 6 11 10 13 7 3 2 3 7 6 4 6 12 6 2 1 3 6 5 2 5 3 2 4 3 2 5 33 25 46 52 43 4 6 8 8 12 14 11 14 23 5 16 10 10 22 40 4 3 1 2 19 3 13 10 8 6 12 9 6 9 28 4 6 2 1 4 5 11 9 3 1 16 3 3 11
7 9 32 12 12 4 4 7 2 11 10 6 3 4 2 9 7 3 6 4 6 7 4 4 5 2 14 2 5 10 5 4 11 9 3 2 6 2 2 3 1 2 1 3 12 28 50 28 30 35 14 2 5 7 12 9 11 11 8 6 7 3 10 7 2 18 4 0 0 3 5 5 13 4 14 7 8 9 19 8 10 15 3 10 3 3 3 3 3 4 5 8 2 8 11 21
8 4 2 32 4 3 1 1 1 6 17 4 4 2 3 10 2 3 9 2 3 4 4 3 1 4 2 1 1 8 3 4 5 5 3 3 3 2 1 2 1 1 1 28 22 24 57 65 30 7 2 5 5 8 8 7 10 11 8 2 0 1 10 14 20 24 2 2 1 8 13 6 6 2 14 5 13 5 10 4 5 15 5 9 5 6 1 1 2 1 1 2 5 2 12 15
8 8 3 33 1 4 5 1 6 1 7 3 3 5 5 15 3 5 8 5 1 3 4 11 1 3 1 9 1 1 3 4 8 5 2 3 9 4 1 1 4 34 43 45 59 19 39 67 42 1 4 6 6 6 1 6 6 6 7 0 0 6 24 23 24 7 3 9 9 4 14 13 2 3 5 6 18 11 25 34 35 16 5 6 9 6 6 0 2 3 3 1 3 5 16 11
5 4 2 34 3 1 2 2 11 1 2 7 2 2 2 9 2 4 9 3 2 2 3 9 1 2 1 3 5 5 2 4 5 4 3 6 3 2 2 10 27 46 67 51 65 70 63 41 1 2 8 5 5 7 2 4 10 11 4 2 1 9 19 13 7 5 8 7 7 7 10 24 32 5 3 5 6 10 14 7 3 9 11 21 15 10 2 1 5 1 5 4 2 7 22 6
4 3 2 9 7 11 3 2 9 2 2 7 0 2 1 2 3 3 5 2 1 0 0 6 1 2 6 3 8 2 2 4 2 7 2 5 3 1 4 13 11 5 41 65 70 52 2 2 5 3 3 2 5 5 3 1 2 31 4 8 4 6 3 13 11 5 10 9 6 19 19 18 2 5 4 11 10 9 9 7 9 8 11 7 9 2 5 2 2 1 3 6 2 4 16 4
3 3 1 2 11 4 2 1 5 1 1 4 2 0 0 1 2 1 5 2 2 0 1 1 2 3 5 3 4 2 5 4 4 2 3 3 3 1 4 9 4 20 13 8 5 2 8 9 6 6 3 3 2 0 2 5 2 8 8 5 4 4 2 5 2 3 4 11 22 29 6 2 5 7 7 8 20 9 25 8 12 12 10 8 11 1 3 2 4 0 6 4 2 3 4 1
3 3 2 1 12 1 1 1 7 2 1 1 5 1 1 1 1 1 3 3 1 1 1 3 5 2 2 4 1 2 2 3 3 4 2 2 3 2 10 11 45 42 11 2 7 7 2 3 4 1 2 0 2 1 3 5 2 15 5 2 3 3 6 4 1 4 6 22 16 1 3 0 2 7 19 18 9 10 5 9 9 7 9 12 3 4 4 4 2 1 10 3 2 4 2 0
1 1 2 6 1 1 2 1 2 1 1 0 3 1 1 1 1 1 1 4 1 1 0 1 4 3 3 2 1 2 1 2 2 4 1 2 4 3 8 6 7 16 3 7 8 4 4 5 10 4 1 0 0 0 4 7 1 6 4 3 3 3 6 1 1 2 9 13 1 0 1 4 2 2 4 16 13 18 3 5 7 7 8 4 5 3 4 4 6 1 3 3 1 1 1 1
