sesion_6_simulaciones/modelos_agentes/ejemplos_netlogo/scenarios/echam4_a2/rob_2025.asc
NCOLS 322 
NROWS 307 
XLLCORNER 451900 
YLLCORNER 4086900 
CELLSIZE 100 
NODATA_value -9999 
[rows 0 to 73 of 307, columns 96 to 191 of 322]
31 3 1 1 19 3 4 3 4 4 9 9 12 29 25 7 14 9 9 3 11 9 6 24 7 4 8 9 12 8 3 2 7 11 6 5 6 10 15 7 4 27 62 68 79 68 80 79 85 77 76 81 59 32 46 46 47 16 32 27 34 17 13 7 33 43 45 7 7 32 42 22 20 25 22 15 18 22 13 58 40 23 32 32 36 22 25 29 37 56 36 27 23 9 17 33
1 2 2 1 3 8 3 3 3 5 5 10 28 38 15 13 3 3 2 5 8 1 3 3 8 5 8 4 5 24 10 4 3 6 3 7 8 11 17 22 28 37 35 28 83 85 85 81 93 74 86 75 36 37 71 22 9 14 9 14 5 19 14 7 16 8 12 40 37 32 19 43 56 31 46 52 57 24 28 32 28 24 39 41 44 29 29 41 46 42 51 40 49 27 35 35
0 1 1 6 3 4 4 2 2 4 3 7 12 13 3 2 6 10 11 12 21 2 4 4 6 6 9 4 9 10 18 15 2 8 23 20 21 29 34 38 47 57 41 47 17 7 19 47 91 82 81 80 38 71 66 61 38 18 14 21 14 51 73 66 74 48 38 58 26 34 28 31 41 41 48 65 73 69 45 32 32 30 44 45 48 39 40 58 39 41 52 41 48 51 37 38
0 0 0 1 1 1 1 5 2 1 1 3 5 8 9 10 10 17 21 16 6 1 9 8 2 4 6 6 7 3 8 9 9 17 24 17 42 40 63 74 78 79 61 23 11 16 6 11 39 17 29 29 15 36 62 20 59 6 8 20 29 52 80 78 80 82 76 39 55 48 48 55 39 39 55 51 54 26 22 33 46 45 59 58 56 43 40 52 37 35 54 56 38 48 33 51
1 1 1 0 0 0 1 5 10 2 7 5 3 5 16 10 9 41 15 7 8 6 7 15 12 7 7 6 5 19 23 17 4 17 36 38 51 64 80 85 85 76 63 35 20 9 14 30 18 14 22 25 7 46 16 35 49 29 6 11 54 71 59 76 62 37 75 44 55 70 58 50 39 33 57 41 44 38 40 44 50 47 80 60 45 47 46 60 44 45 55 67 35 56 57 61
1 0 0 0 0 0 1 1 8 18 4 8 2 7 9 5 19 13 18 11 3 4 12 10 13 6 9 8 3 5 8 21 17 9 42 61 66 79 84 73 78 77 72 46 18 26 18 23 27 22 29 47 9 20 21 44 25 24 19 19 55 61 21 12 18 36 43 17 22 37 15 45 77 60 52 33 38 37 36 54 45 55 59 55 63 50 48 66 63 45 59 44 57 52 72 35
0 1 2 1 1 1 2 1 3 14 14 3 3 4 5 16 7 16 27 17 18 9 4 5 10 10 15 10 6 3 6 25 30 21 37 75 81 80 75 76 75 72 40 23 28 55 31 43 39 38 30 36 31 33 45 32 15 30 38 15 9 12 10 18 8 13 44 63 42 43 18 44 29 14 58 58 55 59 35 55 45 36 44 38 60 62 51 66 65 40 66 57 55 47 32 28
0 0 0 0 0 1 1 1 2 8 42 40 37 14 9 4 4 13 10 11 24 47 10 23 30 15 14 5 10 8 10 13 30 56 39 65 68 75 73 69 61 26 32 25 53 44 36 61 46 44 27 30 49 56 40 39 34 60 66 67 43 18 4 4 19 11 34 20 44 26 37 24 13 28 17 48 58 82 67 34 53 62 44 52 77 54 55 60 65 63 47 37 17 26 26 21
0 0 0 1 1 1 1 1 2 2 7 38 48 63 29 40 6 5 5 21 22 9 11 18 14 6 10 10 7 12 26 20 41 68 77 44 30 39 27 25 37 22 17 32 61 50 28 41 46 36 32 23 76 47 40 54 42 55 20 41 69 50 25 3 16 16 11 11 5 14 42 37 16 17 41 20 29 35 44 69 65 84 55 62 39 27 39 78 50 57 43 76 55 37 27 34
0 0 0 0 1 2 1 1 1 2 5 1 2 2 2 1 9 5 7 9 11 7 13 8 20 15 11 10 14 18 23 57 51 42 61 52 48 46 25 22 11 9 15 32 63 41 17 19 30 41 37 25 34 82 72 71 18 33 16 57 43 48 13 17 4 10 7 5 14 25 25 31 35 28 38 55 22 23 63 68 42 68 54 47 28 35 25 40 41 57 31 45 75 70 30 22
1 0 0 1 2 1 2 2 4 1 2 1 5 3 2 3 10 2 14 5 9 7 10 12 23 6 6 11 21 35 53 55 80 66 43 42 41 58 54 32 18 8 6 10 38 14 14 22 35 27 40 22 39 46 81 66 34 24 32 52 26 27 15 5 10 13 16 7 23 37 37 42 28 18 45 60 41 19 20 54 39 28 51 64 35 39 27 32 69 55 50 40 67 83 59 33
0 0 1 1 1 2 2 6 6 6 1 3 6 10 9 6 7 18 22 10 39 17 6 12 11 13 6 9 14 68 68 59 59 53 42 32 34 51 48 33 17 8 8 17 20 10 11 36 22 27 53 25 38 56 34 48 33 32 44 38 17 16 34 24 11 9 26 23 34 63 71 72 20 32 48 57 41 23 22 61 38 9 36 63 33 42 36 30 54 37 29 36 55 64 64 57
0 0 0 1 2 1 2 2 3 5 6 4 1 2 4 13 19 8 26 20 48 48 10 7 6 9 6 14 28 48 72 49 48 41 40 48 50 20 26 44 15 6 7 21 18 8 17 20 26 40 56 45 44 65 46 39 43 40 52 20 17 19 30 25 14 10 9 24 42 28 49 47 35 28 32 56 30 26 11 21 40 8 47 72 34 38 48 30 21 43 35 17 22 39 57 70
0 0 0 0 0 0 0 0 2 3 6 4 4 4 6 3 19 8 41 15 9 8 30 18 13 7 13 45 47 38 44 45 34 17 17 16 15 10 9 13 15 3 2 2 7 6 11 15 45 61 68 62 47 49 32 47 53 45 41 38 15 13 33 34 25 23 12 13 15 10 5 5 21 33 33 41 30 42 26 16 7 12 24 61 62 32 39 41 25 22 39 21 31 52 75 56
0 0 0 0 0 0 0 0 1 1 3 3 4 5 6 5 3 4 33 16 12 29 36 16 19 15 19 19 42 45 24 15 13 18 23 17 16 12 6 2 11 2 7 4 1 2 10 23 30 60 58 53 43 51 32 60 61 52 52 54 11 28 37 38 25 17 8 10 6 4 4 23 52 46 38 47 48 40 22 21 33 11 30 59 64 31 15 18 22 17 12 10 25 39 51 44
5 0 0 0 0 1 1 0 0 0 0 0 0 1 2 3 6 10 4 2 6 9 5 37 23 29 14 17 15 11 13 31 35 35 24 29 46 42 19 4 4 4 1 4 2 2 2 11 24 28 38 31 28 28 42 30 43 42 56 50 10 26 9 37 53 32 12 13 15 3 10 35 48 53 27 18 31 40 48 41 30 26 28 45 69 82 55 39 20 14 13 7 22 56 48 36
0 0 1 1 1 1 2 1 0 1 2 2 1 1 2 5 6 10 5 9 9 3 5 12 43 27 31 37 63 45 30 17 22 32 32 47 59 55 33 3 7 7 3 4 11 12 11 2 9 15 11 10 8 9 14 35 44 53 56 56 17 36 25 30 43 14 10 11 8 7 11 41 33 46 17 14 25 24 42 37 34 30 33 33 65 84 80 33 19 15 13 9 20 42 56 48
0 1 1 7 6 1 1 1 0 0 1 0 1 1 1 2 5 5 8 10 5 4 7 8 23 29 9 22 20 14 28 28 35 24 56 74 53 57 34 19 27 28 19 18 30 27 29 13 4 1 2 3 2 1 4 37 69 85 62 29 47 33 28 20 32 24 12 22 7 7 45 44 50 40 17 27 51 32 32 40 23 20 14 8 49 58 53 56 34 17 15 8 11 23 30 15
0 1 2 1 0 3 0 0 0 0 1 0 0 0 0 1 1 3 4 2 5 6 6 7 34 51 26 23 17 32 40 45 30 51 58 60 27 27 29 49 38 44 51 60 52 31 38 27 12 8 5 5 7 1 2 5 65 78 50 33 32 40 21 17 26 9 11 13 3 33 63 58 49 50 22 22 50 47 41 68 44 27 13 8 15 38 39 39 40 20 15 12 6 12 46 10
2 1 0 0 0 1 4 0 0 0 1 2 1 1 1 4 1 1 2 3 6 8 12 6 24 24 18 29 33 33 36 63 51 45 46 25 42 44 36 45 67 68 57 30 33 17 27 32 15 11 9 2 5 2 6 4 16 27 39 47 31 19 16 36 32 5 11 37 64 48 63 77 40 71 35 16 42 62 44 62 50 47 30 11 10 29 52 35 48 25 19 9 3 6 29 24
2 1 0 1 0 1 2 2 1 2 2 2 2 1 1 1 1 2 3 3 3 4 4 2 12 24 19 9 10 27 20 19 34 44 56 34 32 46 30 66 37 35 49 32 19 15 16 19 16 8 11 10 4 6 9 7 9 22 42 41 13 13 53 46 28 7 24 36 47 60 47 52 29 36 58 42 26 22 24 61 25 22 36 23 15 6 30 17 46 18 20 8 5 5 8 19
2 1 1 1 2 2 3 5 5 5 10 4 2 1 2 1 2 1 1 8 5 6 6 5 23 14 29 24 13 20 20 31 35 60 62 49 71 39 56 25 40 23 14 13 21 20 37 23 20 7 9 7 7 7 12 9 10 16 37 42 44 13 20 25 15 19 44 11 36 55 58 40 43 20 48 57 34 19 20 70 78 36 14 44 25 5 4 8 36 23 21 17 6 4 5 16
1 1 0 1 4 3 1 2 2 1 1 2 5 2 1 1 1 2 1 6 16 11 14 9 24 8 16 35 18 11 39 58 61 23 13 73 65 33 33 32 39 46 22 11 8 19 12 4 5 4 10 6 7 7 7 8 4 8 17 15 15 17 12 12 14 34 49 7 31 21 45 54 40 14 12 37 36 46 21 42 76 47 38 12 23 7 2 6 33 38 6 21 9 4 5 10
3 1 0 1 5 4 2 4 12 3 8 4 3 20 12 6 5 5 4 24 14 23 19 12 25 22 13 39 41 24 20 19 8 7 8 23 37 45 21 38 35 45 36 29 16 4 2 1 1 1 3 3 2 2 5 2 3 3 4 10 20 18 12 19 39 37 27 12 23 22 23 38 29 29 18 52 51 34 25 12 43 46 24 38 11 6 4 4 4 16 4 10 7 3 2 3
5 3 0 1 7 5 4 2 17 7 2 8 12 15 19 20 39 8 12 10 26 30 51 29 20 22 43 32 58 35 18 11 24 24 15 2 9 37 36 15 28 46 54 53 27 16 11 7 5 4 2 1 1 0 0 1 1 1 5 13 27 18 25 30 17 39 20 26 28 25 17 22 39 42 10 37 44 25 26 15 27 41 15 6 20 9 4 3 3 5 5 6 7 3 1 1
16 9 3 4 11 3 7 2 7 10 10 9 20 29 35 19 37 45 14 15 46 74 75 82 73 65 65 46 64 48 70 68 72 45 20 18 21 16 12 24 47 33 41 44 48 39 31 18 14 12 5 4 4 4 3 3 3 3 12 23 24 21 17 19 16 31 32 42 15 34 13 10 34 23 11 24 21 10 13 11 10 15 36 5 6 3 4 1 1 3 2 3 1 1 1 1
14 9 13 14 14 3 6 4 13 22 18 13 13 46 57 42 44 76 57 73 77 78 83 83 73 80 76 71 76 81 55 27 44 53 45 23 30 24 11 8 33 39 43 59 46 42 39 27 24 18 13 12 11 10 5 9 5 6 12 12 19 13 8 10 9 39 22 38 29 29 8 11 15 19 10 20 17 24 6 9 8 3 10 6 3 6 2 1 0 1 2 1 2 1 1 1
9 17 12 11 17 16 20 14 19 34 33 49 42 51 65 84 79 67 76 39 46 54 66 79 76 72 79 80 81 81 25 16 16 15 32 35 45 26 33 24 23 48 52 44 40 37 28 57 42 25 19 19 16 15 13 13 13 3 7 8 11 7 8 16 30 46 37 20 26 12 11 6 12 11 11 6 6 10 12 6 9 4 6 5 1 5 2 1 0 1 2 2 1 1 1 0
12 29 15 11 22 19 20 21 30 52 66 77 85 86 90 88 79 78 83 67 38 20 51 68 50 47 37 62 66 60 42 10 9 6 9 15 27 23 26 32 13 25 30 31 18 16 9 19 24 24 36 34 21 18 18 27 15 4 5 5 4 9 23 29 35 26 14 14 10 18 13 18 8 6 7 5 5 5 9 5 4 3 3 2 2 2 2 1 1 0 1 0 0 1 0 0
14 31 13 17 43 38 35 52 68 80 87 86 84 87 83 90 78 78 90 46 74 36 21 42 30 18 22 24 26 27 49 31 22 5 8 5 14 11 11 27 23 19 37 14 18 14 7 12 13 8 7 7 6 11 11 4 19 9 7 5 7 12 24 27 26 17 8 17 24 14 15 9 7 4 4 2 2 2 3 3 3 2 1 2 1 0 1 0 0 0 0 0 0 0 0 0
9 39 35 33 45 63 74 80 75 87 82 90 75 88 81 85 64 69 86 75 37 44 23 12 12 9 4 4 13 15 20 61 29 10 11 8 25 47 44 28 30 17 15 7 6 9 9 3 2 3 4 12 20 20 10 9 22 13 18 5 10 13 20 16 22 8 5 9 19 16 10 6 3 5 3 1 1 0 1 1 2 1 0 0 0 0 0 0 0 0 0 0 1 1 1 1
30 48 65 65 81 88 84 86 82 83 78 91 78 79 61 77 62 74 74 78 26 48 47 20 13 3 3 1 5 7 7 15 21 11 12 16 9 17 17 19 13 13 13 21 18 10 11 5 8 8 25 47 42 25 39 8 25 23 5 2 2 8 6 15 10 11 5 3 3 5 4 4 2 1 1 1 1 1 2 2 1 2 1 2 2 2 2 1 1 2 0 1 3 2 1 2
60 73 77 84 83 81 86 82 82 73 88 70 45 60 55 55 60 63 65 72 35 21 28 17 15 9 4 5 12 14 14 26 19 7 23 19 24 24 35 24 38 25 35 34 36 31 21 17 14 18 27 56 64 61 54 25 30 24 11 14 7 2 2 2 2 2 4 2 2 1 2 1 1 3 5 4 7 4 6 4 3 5 2 4 3 10 4 2 3 3 1 2 3 2 2 4
77 83 84 74 83 82 87 75 74 57 70 18 31 23 32 44 45 35 35 58 34 14 6 6 9 13 14 11 17 7 40 46 43 30 41 43 39 32 36 37 37 39 38 37 51 35 39 21 11 42 43 45 61 48 36 30 54 33 26 39 25 16 14 13 11 11 19 10 7 6 7 7 12 11 11 6 12 11 11 10 9 8 7 7 14 8 6 4 4 2 3 2 5 2 7 7
22 32 57 52 72 68 78 74 40 9 5 6 14 9 8 9 11 20 37 51 32 9 12 19 10 11 38 28 41 30 42 44 45 40 40 62 51 28 51 46 43 55 52 51 39 36 42 29 23 34 47 46 59 70 53 54 42 33 41 41 33 34 31 34 31 24 33 23 17 9 15 15 15 15 26 15 15 24 14 21 19 12 13 12 27 10 7 6 6 5 5 4 8 10 11 15
28 18 12 12 8 9 26 30 28 11 7 9 15 14 6 3 2 4 19 26 15 9 38 12 28 40 51 41 56 41 39 35 55 48 32 50 48 31 46 52 43 59 42 38 38 43 58 42 27 32 51 52 31 77 58 70 41 43 53 41 52 39 34 33 32 20 40 23 13 19 19 19 29 19 27 19 19 30 29 27 17 16 26 19 20 12 9 9 9 8 7 7 23 16 12 11
47 62 50 23 21 16 5 11 15 6 12 13 11 6 2 3 1 9 8 13 24 43 50 26 47 43 52 48 39 18 7 20 42 42 33 46 31 38 47 56 60 38 43 38 37 59 48 32 44 41 56 66 44 78 74 41 70 62 57 38 48 41 54 50 35 37 30 28 25 14 23 36 37 23 34 34 26 38 23 31 24 34 35 41 24 12 6 15 12 12 17 20 26 10 27 14
56 42 37 26 15 11 12 11 23 25 26 25 16 5 5 12 14 16 22 34 62 63 62 40 45 35 37 45 45 40 24 19 40 34 47 33 29 39 36 52 24 19 47 51 41 75 47 49 58 35 66 42 74 76 49 60 75 62 39 55 40 54 52 38 25 41 37 32 17 31 48 55 46 31 42 45 44 48 28 26 31 41 40 29 21 10 9 23 19 11 31 35 33 12 7 39
32 44 48 37 38 21 36 30 39 43 44 52 36 24 20 30 18 28 42 50 63 48 26 43 57 40 22 33 47 44 34 20 31 40 23 51 33 61 45 33 36 24 51 36 32 77 58 57 46 36 49 75 72 58 52 49 63 73 44 58 56 65 53 30 54 49 52 35 16 37 50 74 58 42 47 54 55 41 33 24 41 66 55 42 35 14 30 50 32 13 26 53 50 20 11 38
58 65 35 37 23 35 49 38 37 55 50 51 43 40 42 36 38 47 50 52 60 47 44 55 43 29 31 47 36 45 25 37 23 18 47 52 56 40 45 31 32 19 52 18 16 55 58 60 37 45 56 42 74 23 18 14 37 62 35 65 73 59 52 71 56 54 34 15 23 57 62 81 69 51 55 68 77 50 49 26 51 74 50 33 27 22 44 61 40 23 17 68 77 45 26 36
34 47 29 49 35 47 50 50 48 47 60 55 45 43 64 32 38 51 48 48 59 56 34 56 39 40 47 40 40 51 24 42 26 25 26 54 23 36 26 44 34 33 42 24 46 43 73 55 25 42 60 54 55 34 30 20 27 38 30 72 76 67 67 71 32 50 20 17 28 61 74 77 75 58 65 74 83 44 56 28 55 84 59 30 25 30 55 71 52 31 24 61 73 59 20 43
28 42 61 43 29 38 50 39 35 40 64 48 40 55 39 37 26 47 56 38 35 47 54 51 37 37 30 27 26 74 29 48 27 30 34 53 44 35 23 32 23 40 33 26 43 37 53 30 34 23 37 73 58 44 29 31 61 29 35 65 58 64 84 47 57 49 31 33 47 50 76 77 78 49 58 77 64 42 65 36 46 75 64 52 32 37 62 76 56 41 30 47 68 47 36 49
19 18 41 21 17 14 35 30 23 32 35 35 30 42 38 34 36 35 46 40 34 21 34 47 46 39 44 25 22 31 44 61 28 22 35 56 31 17 22 33 23 39 28 28 36 38 40 25 22 23 24 54 18 25 35 32 51 24 45 55 45 68 37 52 75 39 36 39 59 49 66 85 64 39 61 78 66 47 70 44 52 74 51 48 48 37 38 75 75 46 30 51 70 50 36 52
5 13 8 9 13 13 27 33 15 33 30 39 40 29 26 38 29 29 33 41 22 19 18 43 44 31 46 17 22 41 35 44 15 20 36 25 20 31 24 39 47 19 23 44 39 22 14 52 19 17 16 31 10 18 25 48 45 61 50 29 26 20 42 74 36 45 58 34 45 54 50 75 38 35 56 75 49 49 63 32 64 68 47 51 53 56 26 35 78 45 37 46 71 63 53 45
3 4 5 6 15 6 10 9 16 22 21 37 28 25 27 28 24 20 20 28 31 16 38 30 41 35 30 28 7 21 40 52 6 13 17 44 16 9 15 18 48 22 19 11 15 21 22 5 16 24 19 37 29 16 28 32 65 51 38 61 47 26 58 36 57 65 32 35 41 59 33 69 28 33 45 69 40 64 64 32 49 51 38 65 66 63 39 35 75 57 37 52 59 43 52 41
1 2 4 6 10 3 11 9 13 18 22 39 24 14 16 23 27 37 19 9 10 9 44 7 21 31 26 19 8 16 17 16 3 4 25 6 5 3 22 6 35 16 21 13 18 19 17 48 60 73 66 47 52 44 29 46 55 36 40 46 35 39 50 25 60 32 38 38 44 65 31 51 34 52 25 45 33 59 43 33 60 36 38 53 69 37 49 31 52 44 51 40 70 74 75 63
2 1 5 2 3 14 2 4 8 12 20 24 13 23 7 27 7 24 18 8 5 14 20 17 18 23 22 27 5 5 3 11 13 16 7 5 11 14 18 15 18 18 25 40 21 62 35 77 51 58 40 41 51 69 76 57 55 19 27 53 36 39 15 22 49 34 34 41 49 59 63 51 56 46 33 66 31 65 30 30 71 29 66 59 68 44 56 44 42 65 60 71 70 76 80 89
0 1 1 1 1 3 11 3 7 5 4 7 4 11 8 14 10 19 18 20 13 17 16 24 6 8 12 9 14 16 4 3 7 8 42 47 29 33 56 75 49 54 50 77 52 37 71 76 33 63 46 38 50 71 67 51 58 62 51 72 56 65 65 39 44 49 57 50 40 46 61 62 54 78 82 78 79 88 83 63 67 73 75 73 37 86 86 73 68 37 55 44 56 79 60 65
0 1 1 2 8 21 4 3 1 0 1 2 3 11 12 12 10 20 11 10 14 14 12 23 15 10 4 4 4 4 3 7 8 2 5 38 51 12 21 61 61 63 44 75 83 41 43 56 66 58 68 21 31 72 76 40 82 74 88 84 45 67 52 59 51 66 53 72 74 19 30 69 71 35 66 79 55 77 59 84 50 70 81 71 49 83 76 63 87 80 64 38 52 67 48 36
0 0 1 0 0 1 1 1 0 2 3 3 11 9 4 11 4 13 6 7 11 7 13 17 11 8 2 3 10 13 7 1 4 4 3 9 15 7 10 39 54 26 66 82 68 27 44 32 50 50 66 29 35 61 59 73 63 55 73 82 51 18 34 70 69 76 69 62 62 69 23 63 81 40 65 83 32 24 36 86 79 54 48 57 69 73 73 79 88 77 50 69 33 29 63 69
0 1 0 0 1 2 2 1 0 2 2 5 3 6 3 8 6 8 4 5 4 8 10 6 8 9 1 2 3 7 5 3 8 3 4 3 7 38 17 50 28 51 39 43 81 59 35 22 43 44 54 58 30 68 70 89 49 75 90 89 75 18 52 59 64 82 74 80 54 80 43 34 72 41 65 83 52 40 29 73 64 71 19 19 32 69 79 72 80 67 29 74 49 35 50 62
0 1 0 0 0 0 1 1 1 1 3 6 4 2 6 10 6 6 3 4 7 7 4 3 4 3 1 2 2 6 6 4 3 4 6 9 8 13 44 77 43 62 39 63 64 72 40 38 58 51 83 85 51 68 87 92 63 86 91 83 76 43 75 80 62 55 45 37 60 83 48 30 54 30 68 73 88 45 52 84 63 74 68 29 26 46 66 61 60 43 64 88 49 30 18 19
0 0 0 0 2 0 0 2 1 1 3 3 2 2 4 8 10 4 3 5 2 3 2 2 4 5 2 2 10 11 17 10 9 13 22 26 17 24 61 53 58 29 24 70 74 49 30 26 41 55 76 70 71 51 77 91 68 73 83 78 84 76 77 88 45 50 59 37 63 77 73 48 16 34 79 76 82 73 43 86 44 64 77 49 28 24 56 47 49 23 75 88 67 46 44 17
4 0 0 0 0 0 0 1 1 1 3 3 1 1 2 4 4 2 2 2 3 2 1 1 2 4 4 17 39 6 9 6 32 27 27 26 11 28 44 45 71 38 57 34 85 40 44 37 22 42 69 67 50 27 30 66 69 78 85 82 91 78 80 79 78 55 60 46 50 60 83 61 32 28 66 76 83 82 59 71 64 59 65 79 46 27 17 20 18 34 72 53 79 49 42 24
0 1 1 0 0 0 1 0 0 0 2 2 0 0 4 2 1 2 1 2 4 2 2 3 1 2 1 3 14 6 6 30 17 19 46 29 16 10 4 24 26 18 6 6 34 33 70 59 23 15 39 19 31 16 14 23 23 61 66 65 72 75 67 64 88 53 54 44 15 68 93 48 32 27 68 60 59 67 39 51 53 23 66 79 65 41 11 12 14 24 14 37 83 48 30 32
0 0 2 2 6 0 0 0 0 0 1 0 0 0 2 1 0 1 1 1 4 2 2 4 10 26 6 5 7 7 12 13 35 43 35 27 25 31 14 8 13 33 15 8 14 21 32 43 42 16 19 15 31 18 21 38 29 17 28 48 48 23 33 65 91 74 42 43 51 75 88 56 24 15 29 42 63 47 59 62 52 16 48 66 79 30 18 9 30 37 20 39 89 61 54 52
0 1 0 3 4 6 2 1 3 1 2 0 0 0 1 0 1 1 1 3 1 10 3 4 18 33 19 4 4 17 18 12 29 40 18 10 33 35 14 13 15 43 26 16 24 21 23 18 19 10 17 42 49 45 39 37 27 21 17 13 4 2 13 75 80 78 54 27 32 69 80 75 64 28 16 39 55 39 40 26 48 33 23 69 73 57 21 11 32 26 46 80 82 84 64 55
1 3 6 2 2 5 11 0 0 0 1 10 1 0 1 0 0 1 0 0 0 1 1 2 10 24 11 24 24 38 16 12 37 21 32 34 26 40 21 30 23 37 40 24 12 39 23 27 19 7 16 52 62 69 64 56 42 37 33 28 33 29 29 51 52 65 55 21 10 40 40 75 77 36 17 42 54 37 20 33 61 30 19 18 70 75 23 9 34 46 45 70 45 78 44 24
0 0 1 4 5 5 2 0 1 2 10 12 11 3 5 6 0 1 1 0 1 1 2 2 4 6 13 27 31 20 14 17 12 7 40 40 15 18 28 47 34 43 34 26 10 17 50 39 26 16 14 34 71 72 72 71 57 57 50 49 72 75 78 67 55 53 44 27 10 7 33 45 80 60 54 17 35 42 21 5 15 22 26 37 57 76 37 16 9 25 28 26 71 75 88 50
0 0 1 4 13 13 39 3 8 2 4 2 10 13 7 3 3 0 0 0 1 2 1 3 7 4 11 13 12 10 6 24 41 28 45 31 26 37 54 29 49 45 26 32 38 39 51 52 36 26 14 19 37 65 62 72 71 69 49 40 31 44 53 55 66 63 66 55 34 3 9 43 50 60 53 44 25 12 16 14 39 28 13 20 19 60 56 14 6 13 19 25 21 62 56 67
11 4 2 2 1 15 6 2 2 18 4 5 2 3 2 1 4 1 1 0 0 1 2 7 15 3 10 19 17 24 25 56 36 21 26 36 24 26 19 9 16 49 64 42 61 48 41 38 39 38 33 15 11 13 44 46 41 61 63 55 49 44 30 33 35 54 61 62 58 49 33 54 46 65 34 34 24 15 23 15 12 12 7 28 20 57 67 13 4 18 26 17 20 21 57 69
11 15 10 3 2 12 29 18 3 4 5 3 1 3 2 1 1 3 0 1 2 3 2 11 7 9 3 6 6 6 4 9 10 27 23 23 26 30 34 33 21 8 20 64 65 74 64 49 44 22 31 28 19 9 15 25 21 15 28 32 38 50 50 38 19 21 45 56 55 40 49 67 44 68 53 33 28 29 15 8 8 17 7 11 21 14 48 19 4 9 22 23 10 7 53 67
4 4 46 18 5 15 7 32 20 11 14 3 1 5 3 7 5 5 2 2 1 3 6 5 5 6 8 29 18 10 14 30 20 24 29 46 46 50 46 50 51 41 22 13 13 55 63 58 40 27 20 27 17 8 3 3 3 4 4 4 7 20 16 23 25 12 11 19 20 18 44 44 41 38 34 36 41 37 19 20 17 13 7 7 26 36 20 30 6 2 14 19 12 32 74 26
3 4 17 8 6 6 1 1 42 58 58 45 4 9 4 2 2 10 2 4 3 2 4 4 14 5 15 21 11 15 31 36 20 25 33 43 40 49 45 47 50 42 57 49 45 27 13 10 32 32 38 12 9 6 9 15 14 14 13 10 9 3 2 3 4 3 3 2 2 10 15 28 22 19 15 12 10 28 22 19 12 6 16 13 13 23 18 34 17 3 3 13 38 72 37 66
8 7 12 48 24 6 6 4 3 62 7 8 11 6 7 8 6 1 2 5 0 1 1 5 8 6 6 6 5 7 7 9 19 26 28 32 51 60 44 55 59 62 57 56 57 42 36 32 20 10 9 5 7 19 23 34 33 32 28 33 11 3 3 10 10 18 7 8 2 1 4 12 9 5 5 5 6 10 15 26 21 6 4 5 6 7 13 23 30 6 3 13 70 36 37 44
12 8 14 27 17 22 33 5 1 2 1 1 2 4 6 33 3 6 5 7 2 1 1 2 2 2 7 6 12 8 7 9 15 22 37 40 42 43 41 61 59 45 39 41 46 33 31 40 32 27 29 29 30 44 43 41 53 53 50 37 16 11 13 23 21 13 17 7 2 2 2 1 1 1 1 1 3 2 1 2 4 3 3 2 2 2 8 14 13 7 3 39 37 15 52 40
27 15 8 3 24 22 64 36 25 21 12 6 3 3 20 10 40 28 10 7 21 9 8 1 0 1 4 5 3 5 5 15 25 13 5 16 46 47 29 26 39 48 36 27 38 28 39 41 44 39 45 29 32 48 60 60 58 60 64 49 25 23 36 32 40 40 36 22 9 6 2 1 0 1 2 3 11 6 3 3 2 1 1 1 1 1 3 5 14 14 4 48 8 5 35 48
26 24 19 31 20 30 22 14 15 50 15 28 5 10 19 35 60 39 15 14 24 4 4 7 4 3 5 1 3 4 17 4 5 6 14 19 41 61 54 57 54 43 52 42 48 40 44 45 49 31 58 50 48 43 59 63 78 76 70 52 23 47 43 56 53 67 52 37 25 10 6 7 7 9 11 20 26 17 8 8 12 12 6 2 3 1 0 1 4 17 9 32 5 5 36 64
28 28 8 7 28 22 58 46 26 24 41 53 30 13 26 68 64 32 14 30 5 20 3 5 3 1 0 8 1 5 4 2 2 17 11 19 26 39 50 52 55 38 39 42 44 47 50 63 53 40 48 64 48 50 66 75 81 70 54 42 40 53 63 63 62 76 66 47 31 14 22 23 22 27 28 30 40 27 24 23 20 19 9 14 11 5 3 1 1 5 5 6 5 3 12 24
25 35 25 8 43 46 56 48 75 52 38 17 9 47 57 50 44 24 19 62 9 36 5 7 5 4 4 9 11 2 3 4 5 15 16 23 29 54 35 55 59 45 22 45 43 43 53 70 60 35 37 65 61 51 65 79 76 61 45 34 37 68 65 66 80 74 60 49 23 17 31 30 32 42 43 56 55 52 33 36 45 30 27 35 21 16 6 1 1 3 3 7 4 2 5 10
27 8 26 11 5 52 34 23 40 62 53 41 8 33 67 43 8 15 44 58 8 51 9 6 24 16 3 11 15 24 6 1 5 5 19 12 10 13 24 21 48 32 43 42 45 29 63 44 66 34 68 59 57 46 73 84 64 58 39 51 52 64 61 74 81 73 62 56 29 44 56 54 35 54 67 62 64 52 44 50 60 51 39 42 14 7 3 2 1 0 1 3 3 1 3 2
22 22 15 26 7 17 57 68 69 47 25 28 11 21 48 59 23 40 76 50 17 53 13 8 6 15 9 23 19 5 19 27 7 6 7 13 5 12 9 26 33 29 30 50 37 37 42 49 31 35 82 35 56 45 80 58 53 59 37 46 46 59 72 80 65 72 59 43 35 52 63 62 40 64 61 72 74 61 53 57 73 56 51 23 8 9 6 8 5 1 0 0 1 1 1 1
37 19 26 19 24 24 33 51 42 55 58 31 59 17 9 5 45 86 76 43 43 32 26 32 34 15 6 16 22 20 17 4 6 3 7 2 3 8 9 36 16 32 36 35 22 27 29 37 43 53 28 23 52 71 44 59 46 34 39 39 37 56 81 68 69 54 38 41 56 69 66 67 57 66 49 54 67 44 56 61 75 39 20 17 21 21 27 13 8 2 1 0 0 1 1 0
35 32 26 23 56 34 60 79 46 41 38 54 64 65 9 3 16 23 20 9 25 47 37 16 12 16 13 17 15 11 4 1 4 7 1 3 5 7 14 14 13 10 31 8 11 9 13 40 10 11 18 26 37 56 43 38 21 28 50 50 40 75 69 69 61 64 45 41 53 70 66 54 56 67 51 27 76 58 61 77 44 42 34 34 56 56 28 13 9 5 2 2 1 0 0 0
