sesion_6_simulaciones/modelos_agentes/ejemplos_netlogo/scenarios/echam4_a2/rob_2052.asc
NCOLS 322 
NROWS 307 
XLLCORNER 451900 
YLLCORNER 4086900 
CELLSIZE 100 
NODATA_value -9999 
[rows 219 to 291 of 307, columns 96 to 191 of 322]
4 2 1 0 0 0 0 0 0 0 0 0 0 0 0 0 0 0 0 0 0 0 0 0 1 0 0 0 0 0 0 0 0 1 2 0 0 0 0 1 1 2 3 4 6 8 7 17 22 25 47 33 49 47 44 59 42 53 41 45 61 59 36 35 55 56 54 29 63 49 27 12 20 40 41 32 69 23 53 29 48 54 38 67 90 29 42 37 36 45 52 44 40 18 12 11
4 1 1 1 0 0 0 0 0 0 0 0 0 0 0 0 0 0 0 0 0 0 0 0 0 2 0 0 0 0 0 0 0 1 1 0 0 0 0 0 1 1 1 3 4 6 13 19 18 31 26 32 38 45 52 57 67 56 48 37 52 61 23 52 63 47 42 57 45 50 29 20 21 17 34 29 32 47 38 35 57 29 44 30 59 75 52 71 66 64 71 60 58 39 43 41
5 2 1 0 0 0 0 0 0 0 0 0 0 0 0 0 0 0 0 0 0 0 0 0 0 1 3 1 1 0 0 1 1 2 1 0 0 0 0 0 0 1 1 2 3 6 11 16 16 19 23 29 50 59 55 42 49 48 43 59 68 75 53 58 36 50 61 58 41 42 31 21 18 25 27 38 28 15 35 36 18 22 49 29 9 52 87 67 71 75 56 56 42 39 16 10
2 1 1 0 0 0 0 0 0 0 0 0 0 0 0 0 0 0 0 0 0 0 0 0 0 1 2 4 1 1 1 2 2 3 0 0 0 0 0 0 0 1 1 2 3 5 9 22 26 33 35 37 43 48 48 49 52 61 75 75 77 81 53 69 31 51 40 37 43 35 26 27 19 22 35 34 36 16 16 10 36 29 28 23 27 14 37 52 63 41 34 38 22 16 20 10
1 1 0 0 0 0 0 0 0 0 0 0 0 0 0 0 0 0 0 0 0 0 0 0 0 0 1 1 6 2 1 3 5 1 0 0 0 0 0 0 0 0 1 2 3 4 6 13 20 23 30 25 32 41 52 71 74 50 29 38 39 41 37 40 67 22 26 24 50 39 30 44 18 21 38 30 34 13 32 35 41 77 41 34 28 31 20 22 54 76 59 55 51 27 21 17
1 0 0 0 0 0 0 0 0 0 0 0 0 0 0 0 0 0 0 0 0 0 0 0 1 1 0 1 5 3 3 4 1 1 0 0 0 0 0 0 0 0 1 1 2 3 5 7 14 20 23 28 49 32 51 70 39 34 33 31 11 35 37 27 28 41 12 40 42 33 50 43 12 16 21 30 22 18 24 39 29 20 56 48 31 35 39 22 18 54 83 66 60 37 39 29
1 0 0 0 0 0 0 0 0 0 0 0 0 0 0 0 0 0 1 0 1 0 0 1 2 2 1 2 4 13 6 2 1 0 0 0 0 0 0 0 0 1 1 1 2 3 4 6 13 15 21 25 43 41 24 21 28 26 24 18 44 62 30 41 43 79 60 33 42 40 54 45 27 25 29 40 26 25 35 50 43 21 8 20 63 60 38 37 31 26 66 64 54 46 27 21
1 0 0 0 0 0 0 0 0 0 0 0 0 0 0 0 0 0 0 1 3 1 1 1 1 4 5 2 7 9 2 1 0 0 0 0 0 0 0 0 0 0 1 1 1 4 5 9 11 14 26 36 34 32 33 32 44 36 27 42 17 26 51 52 46 85 54 51 12 46 36 44 28 23 34 45 34 19 34 66 37 30 47 33 33 19 24 41 38 45 27 34 42 29 15 17
1 0 0 0 0 0 0 0 0 0 0 0 0 0 0 0 0 0 0 0 1 2 1 2 1 2 10 12 8 4 1 1 1 1 1 0 0 0 0 0 0 0 1 1 2 4 5 6 10 13 17 19 16 23 26 32 53 46 46 21 25 37 35 45 70 46 51 56 68 33 28 40 42 9 12 24 24 37 53 26 73 57 75 52 71 40 57 46 35 22 23 36 27 20 12 6
1 0 0 0 0 0 0 0 0 0 0 0 0 0 0 0 0 0 0 1 1 1 4 8 2 3 7 13 8 2 3 2 1 1 1 0 0 0 0 0 0 1 1 1 1 3 3 6 11 14 22 22 26 28 26 39 49 72 43 37 26 47 60 79 50 40 48 45 29 35 44 24 22 8 12 22 32 30 70 54 25 20 40 63 46 52 45 47 29 32 28 20 14 18 14 17
1 0 0 0 0 0 0 0 0 0 0 0 0 0 0 0 0 1 1 1 1 1 1 6 3 4 5 27 12 6 7 4 1 1 1 0 0 0 0 0 0 0 1 1 1 2 2 3 9 11 15 17 22 18 40 44 30 30 23 39 26 23 28 42 24 14 25 35 19 27 9 27 21 12 24 12 13 36 24 34 31 25 29 38 27 30 41 49 28 31 16 9 13 9 8 8
0 0 0 0 0 0 0 0 0 0 0 0 0 0 0 0 0 1 1 2 4 4 1 2 11 2 3 14 23 24 8 4 2 1 0 0 0 0 0 0 1 1 1 1 2 2 3 4 5 7 8 10 14 20 31 18 21 21 24 23 27 25 30 33 33 45 46 52 40 38 39 33 22 9 17 21 8 26 29 37 44 42 35 61 41 20 30 19 17 24 12 7 5 9 8 5
1 0 0 0 0 0 0 0 0 0 0 0 0 0 0 0 0 0 1 3 4 5 4 4 6 8 5 7 28 21 9 4 2 1 1 0 0 0 0 1 1 2 3 2 2 3 4 5 6 7 10 12 12 14 9 11 10 10 10 10 11 10 11 35 42 42 22 40 38 32 24 20 21 10 10 20 29 26 32 60 45 48 49 51 43 35 21 19 16 18 16 10 6 5 7 3
0 0 0 0 0 0 0 0 0 0 0 0 0 0 0 0 0 1 2 4 4 3 2 5 17 10 6 7 19 20 12 8 1 1 0 0 0 0 0 1 2 2 3 7 4 5 3 7 13 17 27 22 11 9 8 12 10 12 22 25 18 26 22 16 14 17 21 22 27 32 42 40 42 7 15 12 36 37 46 29 31 45 51 41 42 61 47 27 21 13 8 6 6 4 4 2
1 1 0 0 0 0 0 0 0 0 0 0 0 0 0 0 0 1 1 2 4 6 1 5 6 14 14 18 28 25 14 8 3 1 1 0 0 1 1 1 1 2 3 5 7 13 8 4 10 20 29 37 27 14 16 21 35 34 39 51 42 38 33 22 32 46 29 27 18 37 52 52 46 39 23 43 56 26 56 30 64 58 43 61 46 38 44 42 49 18 8 6 5 2 1 1
2 0 0 1 0 0 0 0 0 0 0 0 0 0 0 0 0 1 1 2 4 5 3 2 6 9 32 23 14 11 7 5 1 0 0 0 0 1 1 1 2 3 4 5 6 9 10 25 11 16 22 26 25 33 29 39 38 45 60 49 35 35 43 31 21 16 30 35 18 23 13 10 9 6 29 7 27 66 40 33 12 29 64 64 41 42 59 33 39 17 20 8 3 4 2 2
2 1 1 0 0 0 0 0 0 0 0 0 1 0 0 0 0 1 1 3 5 6 8 3 4 11 13 31 11 6 3 2 1 0 0 0 1 1 2 2 3 4 5 6 10 12 14 17 26 21 27 27 35 54 33 34 44 43 45 50 46 57 53 50 34 19 34 32 41 26 29 21 18 14 48 15 11 17 22 22 14 6 61 73 54 55 61 64 37 29 24 16 11 13 4 1
2 2 1 0 0 0 0 0 0 0 1 1 1 1 0 0 0 0 1 2 3 6 17 8 3 12 14 35 14 7 2 1 1 0 0 1 1 1 2 3 3 4 6 8 13 16 31 22 30 46 34 47 44 45 43 37 40 43 66 53 60 49 42 58 52 30 22 26 29 20 54 19 12 23 24 31 28 48 43 33 33 22 15 53 57 62 71 55 29 20 9 9 10 3 2 3
6 3 1 0 0 0 0 0 0 0 0 1 2 2 1 0 1 1 1 1 5 9 8 14 3 8 12 23 15 9 5 3 2 0 0 1 1 1 3 3 4 5 7 11 21 23 42 36 29 22 52 71 76 49 47 23 37 40 59 44 67 51 42 38 36 30 17 25 18 48 14 16 12 16 19 11 19 26 30 27 25 23 27 26 49 35 20 39 33 18 14 6 3 4 3 2
3 1 1 0 0 0 0 0 1 0 0 1 2 2 2 1 0 1 1 2 4 7 11 19 10 10 21 29 21 13 10 4 2 1 0 1 2 2 3 4 6 7 9 20 25 37 44 44 45 38 40 57 63 61 44 23 35 43 30 51 63 58 18 63 18 31 29 21 17 32 13 10 8 23 29 21 31 42 58 43 57 31 32 29 26 17 29 25 17 17 8 4 4 3 2 1
1 0 0 0 0 0 0 0 1 1 1 0 2 4 4 2 1 2 4 7 8 3 17 33 21 17 27 30 18 22 11 4 2 1 0 2 3 2 2 4 8 8 12 18 28 40 46 48 52 54 46 59 71 64 54 23 33 48 48 42 51 53 16 35 35 29 40 16 22 20 8 15 22 20 14 14 17 30 37 19 37 49 53 30 35 23 17 20 12 6 5 6 6 4 3 1
1 0 0 0 0 0 0 0 1 1 1 1 2 4 5 4 1 2 3 16 15 5 14 31 31 12 8 57 42 17 10 5 2 1 0 2 4 4 3 8 9 15 15 23 33 31 51 56 59 66 50 63 69 52 56 20 32 37 43 49 43 38 36 36 41 36 28 25 18 9 12 16 18 19 18 15 18 37 31 27 32 29 60 57 38 42 34 17 7 6 4 3 4 3 2 1
0 0 0 0 0 0 1 1 1 2 4 3 2 4 10 9 3 2 5 12 18 11 15 30 47 16 18 58 26 25 19 7 3 0 1 3 4 2 8 6 14 21 18 26 29 33 63 60 61 63 65 56 45 54 79 39 20 41 56 38 29 22 19 41 33 29 24 31 19 7 9 11 19 21 30 28 33 64 50 46 39 37 43 42 45 50 32 22 16 10 5 5 4 1 1 0
0 0 0 0 0 0 0 1 1 2 4 4 3 6 14 12 4 3 13 11 13 20 19 36 54 58 48 54 42 29 16 6 2 1 1 3 4 5 7 15 10 22 32 25 21 31 54 63 66 62 65 68 61 58 77 52 49 18 35 63 40 34 20 19 14 32 29 25 10 7 8 23 18 14 18 25 34 71 57 47 57 29 28 27 30 31 36 29 12 9 7 5 3 2 2 1
1 1 0 0 0 0 1 1 1 2 5 10 7 11 12 19 6 4 10 14 17 25 27 40 60 75 46 58 26 19 17 5 1 1 1 1 3 14 7 10 21 16 31 28 31 52 55 52 66 68 65 64 72 80 80 73 29 15 41 49 54 32 22 22 19 14 8 8 7 7 28 18 9 31 15 23 19 41 37 45 35 43 60 40 25 19 11 10 12 9 6 4 3 2 1 0
2 1 0 0 0 0 1 2 4 5 7 7 16 8 19 25 9 12 7 28 34 31 26 44 60 50 33 24 15 14 7 4 1 1 1 2 5 12 16 10 15 29 12 50 36 44 58 49 52 75 70 48 71 74 71 75 61 22 17 20 34 41 27 21 13 7 3 1 3 8 38 17 20 30 84 68 46 46 42 49 59 63 46 52 41 38 24 18 15 8 6 2 1 1 0 0
1 0 0 1 1 1 2 3 3 7 10 11 22 9 20 30 14 24 11 21 46 44 60 40 65 47 24 19 10 8 6 2 1 1 2 2 3 6 13 17 27 18 21 27 60 39 42 55 66 79 71 61 50 50 55 76 74 24 19 24 29 20 19 14 7 9 4 3 13 21 8 26 50 61 64 72 57 65 51 64 70 56 41 20 28 21 25 20 10 7 5 1 1 1 0 0
0 0 0 1 1 1 2 4 5 5 11 16 33 20 26 37 18 26 36 20 28 46 34 76 53 53 20 15 12 4 1 1 1 2 4 4 6 3 5 4 9 19 29 58 40 45 59 60 56 61 71 72 41 40 31 32 62 49 28 14 17 13 7 4 3 1 3 10 10 20 12 8 17 46 18 50 82 80 73 70 75 53 34 31 26 12 10 8 10 8 1 1 1 1 1 0
0 0 1 2 4 2 3 5 7 9 13 18 25 39 22 44 21 23 45 38 37 59 35 62 66 31 13 9 2 2 3 4 4 2 5 6 5 6 5 12 13 17 28 47 67 47 39 55 49 66 60 60 56 48 31 36 26 47 30 14 15 11 11 8 8 3 2 11 8 15 17 23 33 23 22 22 49 59 70 53 34 33 30 27 16 12 10 7 4 2 2 1 0 0 1 1
1 0 1 4 5 3 4 6 5 10 16 22 27 35 37 62 27 26 45 50 47 62 82 56 35 36 22 11 6 6 8 7 6 3 2 6 5 8 11 12 15 22 30 42 47 65 47 44 54 57 59 49 60 53 39 24 15 30 19 14 8 9 8 8 8 4 2 15 10 11 20 25 68 47 42 32 24 14 43 53 45 22 19 15 17 12 4 2 1 1 0 1 1 1 1 1
1 0 1 4 6 6 3 8 6 14 30 25 28 31 65 63 34 36 37 51 51 67 80 31 47 37 16 14 17 15 19 20 8 7 3 6 6 10 19 10 18 33 47 50 41 57 45 67 51 59 63 78 47 28 28 23 31 7 5 33 10 6 16 11 5 3 10 27 13 12 17 55 75 53 42 33 32 34 27 35 39 28 17 16 16 12 4 3 2 1 1 1 2 2 2 2
1 1 1 5 7 7 4 13 14 18 35 30 48 44 50 61 67 49 59 44 60 56 84 72 46 27 27 28 21 30 31 24 11 6 4 2 9 17 10 21 29 34 55 65 69 54 67 27 16 25 63 23 44 32 38 20 6 3 4 6 9 3 8 4 2 4 19 9 10 13 10 14 10 25 37 29 31 36 28 25 27 16 20 18 19 18 10 13 4 2 1 2 2 3 4 3
1 1 2 7 8 14 5 14 24 24 22 33 28 58 61 36 33 71 54 54 47 69 74 51 42 35 37 36 43 60 28 13 6 7 8 3 5 8 30 26 33 42 48 70 50 68 56 48 34 49 50 10 55 59 40 13 19 11 9 3 17 2 4 3 2 3 5 27 17 7 19 49 37 49 45 38 34 39 39 44 33 29 26 22 20 23 20 6 4 2 1 3 3 3 5 1
1 3 4 7 12 19 8 9 15 29 36 43 26 26 47 69 36 28 76 71 44 67 76 54 59 32 60 76 55 28 18 16 12 8 5 2 5 4 13 24 30 58 61 47 34 52 48 60 60 61 41 30 46 62 50 44 22 7 5 4 11 3 3 3 1 4 9 6 5 5 18 28 31 36 47 52 36 36 26 34 18 13 16 36 32 28 12 6 2 2 3 4 4 8 7 2
2 5 8 10 15 13 18 17 17 13 22 50 21 19 42 59 64 55 19 41 49 68 53 49 42 66 49 29 32 21 21 22 17 6 8 3 7 11 19 19 15 36 41 30 41 46 51 42 59 57 53 42 62 56 37 26 9 14 3 4 3 5 1 2 4 4 1 9 14 18 16 29 44 42 41 51 33 30 23 33 42 31 46 34 29 16 16 6 3 5 5 5 10 9 7 4
3 7 9 10 14 25 21 33 30 23 17 31 60 25 50 45 52 68 50 25 38 70 28 53 80 41 38 39 37 37 26 14 6 9 10 6 9 14 21 18 26 41 34 25 45 53 27 25 53 47 23 18 29 25 30 7 12 5 10 2 3 4 3 1 14 17 4 20 27 15 38 38 54 58 61 62 48 34 40 41 48 39 48 29 27 22 9 5 4 6 6 6 11 17 4 3
4 8 12 6 9 37 45 34 31 28 46 33 40 65 41 44 54 26 70 41 41 41 78 62 49 55 57 56 52 43 23 10 7 8 18 6 8 16 30 35 35 46 51 46 48 31 36 42 27 29 24 21 21 21 17 15 9 7 5 7 1 1 2 9 9 4 8 11 28 20 42 32 40 58 66 50 42 52 43 44 50 47 32 35 25 11 4 4 7 7 11 11 16 15 6 4
7 15 13 9 13 29 32 50 54 31 46 52 49 54 67 43 58 33 29 56 30 32 70 69 64 56 52 55 51 28 26 21 15 6 11 4 7 12 21 41 48 51 35 48 41 49 36 34 37 43 29 18 19 21 21 16 7 4 4 6 2 1 3 2 3 13 16 16 9 18 32 33 46 37 46 70 42 43 25 23 26 27 42 32 19 12 7 6 8 8 13 10 30 11 8 7
7 12 17 13 18 20 34 34 40 49 62 54 51 55 74 69 35 28 36 32 61 64 70 60 65 70 65 61 53 40 29 24 18 8 17 5 6 14 24 39 47 62 57 55 53 50 44 56 32 33 32 23 15 19 15 19 12 4 1 1 2 2 2 2 4 2 1 1 3 27 19 25 41 42 46 35 29 15 13 32 47 43 18 29 34 21 8 12 11 15 12 12 35 12 9 8
10 20 24 27 30 22 25 41 47 50 65 66 64 56 66 68 49 49 36 40 35 65 67 64 47 60 58 57 39 50 38 27 20 16 24 3 15 22 28 29 21 55 63 60 50 55 58 45 35 51 50 45 13 17 23 14 5 4 2 1 1 1 4 2 2 4 7 11 10 14 17 21 24 24 42 17 20 24 18 55 47 23 34 32 30 35 18 23 20 12 12 7 24 14 12 9
12 17 43 29 34 34 29 45 53 54 52 66 62 58 75 52 56 63 46 38 37 55 52 48 46 57 59 55 51 35 34 30 38 28 8 2 15 30 40 45 39 54 67 53 50 56 41 30 42 63 50 41 36 20 22 11 6 5 2 2 2 1 3 2 4 7 19 21 14 24 24 35 25 18 15 22 39 49 31 50 46 44 35 31 25 26 31 28 14 15 13 5 15 22 4 6
16 12 37 48 36 36 34 51 57 53 51 52 65 72 69 64 54 67 47 30 41 78 54 69 49 55 62 65 53 38 47 43 33 21 12 6 9 25 51 64 58 60 48 64 47 52 40 32 41 30 22 21 27 31 11 5 5 3 2 3 3 1 2 3 6 11 17 16 27 13 25 17 10 14 17 47 41 52 60 19 38 38 44 44 30 26 48 33 17 18 10 12 21 16 6 10
17 15 28 55 55 40 47 54 53 55 58 48 60 70 68 55 50 36 48 30 40 66 59 72 56 54 54 48 54 41 60 39 29 20 21 13 17 28 42 55 73 73 67 53 63 32 31 44 31 22 20 22 19 16 42 11 3 3 2 2 2 2 3 2 3 4 20 24 13 8 10 17 18 30 27 51 50 55 39 47 42 25 48 39 30 39 41 23 31 16 10 12 34 13 9 14
25 48 40 45 55 44 39 56 56 51 62 49 27 37 72 73 64 44 38 54 38 77 77 45 57 64 41 46 42 54 46 43 37 14 18 12 17 41 42 48 48 61 55 67 52 51 28 44 47 21 30 33 25 24 18 6 6 2 3 1 1 2 3 3 4 6 24 5 11 4 13 27 48 22 33 54 35 36 54 45 15 22 46 48 53 44 31 19 30 22 11 16 30 24 18 17
29 35 55 59 58 43 44 55 52 49 50 56 46 48 52 66 59 26 34 58 35 74 59 60 59 46 27 48 40 49 59 48 48 26 19 14 21 44 42 55 69 54 37 62 33 49 41 29 40 37 50 37 32 18 14 6 5 2 2 2 1 1 8 4 2 13 6 6 21 18 37 30 27 41 34 22 36 60 33 17 14 41 59 48 48 50 28 21 19 18 27 18 16 38 21 20
41 52 52 59 59 48 55 53 54 49 32 49 49 58 54 56 56 56 65 69 59 65 51 55 48 59 50 50 62 39 56 59 46 35 37 13 20 42 64 55 59 53 54 50 46 36 51 17 31 31 38 31 23 12 12 7 8 3 2 1 1 3 1 3 2 8 6 13 16 16 16 28 50 62 35 28 57 49 44 30 31 41 17 24 46 53 29 24 20 31 28 19 15 60 26 35
45 50 46 49 19 39 65 45 55 55 44 42 55 60 46 57 43 66 59 70 61 53 64 44 43 54 72 66 39 53 48 55 53 33 30 13 19 47 46 54 52 43 61 58 57 35 19 59 26 54 27 26 13 21 9 15 4 4 3 1 1 3 6 6 1 3 6 16 22 12 11 34 63 53 28 52 45 29 33 77 62 26 32 50 35 29 33 17 21 29 31 23 32 64 50 41
45 35 22 13 11 21 63 44 29 36 42 30 34 55 71 65 32 31 62 50 59 55 64 62 24 54 70 46 41 52 37 63 62 52 27 6 16 36 43 58 48 44 51 59 64 51 24 16 6 7 33 32 9 16 10 16 7 3 1 1 1 4 2 8 5 4 6 6 17 13 18 46 56 27 36 55 49 9 47 45 31 47 64 52 38 32 29 11 32 32 34 26 46 82 56 34
47 49 37 36 36 28 38 59 22 26 21 42 36 45 65 54 68 29 43 60 59 67 71 73 54 30 54 58 52 35 63 53 54 45 27 11 11 23 47 62 28 47 65 61 54 35 32 28 25 22 16 16 26 8 3 2 2 1 2 0 1 2 1 2 3 3 5 2 5 9 30 26 35 48 30 31 20 20 37 31 36 57 56 40 31 14 11 10 24 31 35 30 51 68 54 20
60 46 51 47 32 37 31 33 40 38 31 62 39 44 37 42 60 62 55 67 69 60 68 54 22 35 48 43 41 49 63 57 33 34 41 22 17 14 31 42 13 27 33 32 35 27 26 19 53 40 23 16 10 5 5 2 1 7 0 0 0 1 2 1 4 6 3 2 12 21 8 18 11 25 25 28 9 46 37 60 38 36 26 27 29 20 13 24 27 38 36 46 51 69 22 19
41 42 49 42 47 31 25 44 61 61 26 26 50 47 23 23 19 35 60 58 29 31 37 38 48 15 46 58 32 63 50 48 46 34 45 21 31 11 26 46 47 22 29 33 18 23 10 5 12 21 10 30 22 10 3 0 0 0 0 0 0 1 1 2 3 6 2 10 12 7 12 13 19 21 9 17 42 52 66 32 32 35 39 46 28 17 14 29 39 39 39 30 62 70 54 19
41 60 47 47 47 45 34 47 61 46 44 29 21 37 46 26 43 31 20 44 25 41 58 51 40 31 47 30 33 62 52 56 40 21 38 21 26 19 11 31 32 53 43 26 21 29 25 11 17 24 28 23 9 9 5 2 2 1 1 0 0 1 1 1 2 2 5 11 16 19 11 14 10 7 30 35 30 45 46 30 26 33 40 33 25 22 17 36 43 30 39 39 24 45 57 23
47 47 45 37 47 60 32 44 46 53 44 38 48 30 18 46 41 26 31 46 52 20 17 30 29 51 46 62 34 39 56 44 33 53 30 17 23 33 14 35 43 53 58 23 25 43 24 9 19 26 10 15 6 8 6 2 2 1 1 1 0 0 0 1 2 3 7 2 3 4 9 6 21 38 19 23 22 23 24 23 15 24 29 35 31 21 18 27 46 28 42 32 37 36 41 27
42 42 61 43 55 62 25 37 49 54 49 41 49 44 57 37 57 69 37 42 49 20 31 34 39 64 57 72 39 43 46 46 56 30 24 16 17 46 20 21 36 48 32 33 38 38 8 6 48 67 13 15 11 3 2 2 5 1 1 0 0 0 0 1 1 1 1 3 8 11 17 21 11 17 14 9 12 27 20 20 30 47 27 26 32 16 28 28 46 26 32 10 5 15 43 62
41 49 59 57 48 42 24 37 51 56 52 38 30 30 49 58 38 28 39 34 28 14 28 23 50 48 69 50 48 64 61 53 35 35 15 6 7 47 20 20 23 33 30 29 32 29 2 12 21 23 28 16 10 2 1 1 0 0 0 0 0 1 0 0 0 0 1 3 11 25 29 30 17 10 8 13 45 39 22 24 40 32 32 45 12 18 31 38 33 20 10 7 19 23 22 44
47 29 32 56 47 54 41 18 48 48 55 40 41 27 41 32 47 20 20 20 13 27 27 30 29 53 43 58 62 76 55 59 46 43 32 4 27 42 18 20 29 16 27 27 24 19 5 13 11 13 16 9 11 7 5 1 1 1 1 1 0 2 0 0 0 1 3 11 5 8 16 9 7 9 19 28 36 25 18 48 42 35 42 18 16 35 56 26 10 8 13 27 19 54 36 44
43 13 35 50 58 50 50 30 21 37 47 29 35 33 44 47 29 23 32 22 7 26 68 38 35 37 24 36 43 52 55 57 39 24 29 15 29 21 28 22 36 29 24 30 35 24 14 10 8 11 9 15 5 6 3 1 1 1 1 2 0 1 0 0 0 3 1 3 5 3 11 19 12 24 24 30 37 37 33 49 39 24 18 12 34 50 14 7 8 17 20 36 46 42 45 32
38 18 20 16 44 49 58 36 7 23 39 26 35 25 62 44 27 8 14 20 9 31 43 27 29 13 37 50 52 47 54 40 44 36 21 19 21 17 22 15 6 25 21 37 28 30 34 42 29 25 13 26 11 3 2 1 1 1 1 1 1 0 0 0 3 3 1 3 2 3 6 21 25 43 18 17 42 48 31 27 17 30 8 26 33 13 4 15 19 28 31 31 38 50 50 34
47 32 39 12 43 57 52 32 9 7 8 32 38 25 28 36 15 23 18 27 23 9 24 37 23 20 44 53 48 40 35 31 45 35 30 32 36 11 27 20 9 13 17 24 34 19 14 11 10 9 6 12 3 2 2 7 4 1 1 0 0 0 0 2 1 1 1 1 4 2 5 17 24 28 23 27 51 44 40 31 19 13 27 29 18 5 13 29 27 26 33 27 38 40 40 39
58 26 41 13 20 45 32 16 11 10 12 15 22 46 34 32 20 16 13 24 15 23 41 24 24 40 25 44 48 43 30 41 29 20 35 32 24 21 17 27 19 11 16 16 21 17 30 15 12 17 23 12 4 3 1 3 3 1 1 1 1 1 0 1 1 1 1 2 2 3 6 13 23 28 23 23 24 25 51 19 13 13 23 9 11 29 29 28 28 28 27 22 16 13 25 40
44 25 40 20 14 45 33 37 26 24 15 18 26 36 39 43 43 27 13 15 9 11 19 26 41 35 51 59 49 29 34 36 21 18 54 33 21 23 17 8 9 13 15 25 21 22 32 16 21 14 19 6 12 4 1 2 10 3 1 1 1 0 0 0 0 1 1 1 3 3 4 11 23 26 24 11 22 41 34 40 33 18 8 12 14 19 18 37 35 25 34 22 20 13 17 6
35 26 39 30 22 27 16 38 18 19 20 17 26 22 18 29 20 16 14 13 22 7 11 41 37 43 40 36 40 34 35 34 34 21 43 30 29 19 34 12 24 26 10 13 24 33 38 23 28 27 13 6 12 3 2 4 5 1 1 1 1 0 0 0 2 1 4 4 1 1 6 10 7 14 19 13 31 52 71 34 20 11 4 13 10 40 30 23 29 32 52 43 19 16 18 7
48 25 39 27 19 16 10 30 37 24 23 23 19 21 15 28 16 14 7 7 14 5 16 28 38 24 36 44 36 35 29 32 25 37 40 30 40 57 21 14 17 16 19 14 36 18 26 31 17 17 19 13 6 3 5 4 8 1 1 1 0 0 0 0 0 1 5 5 2 2 4 5 15 26 11 45 46 41 32 35 14 4 10 22 20 24 33 19 29 42 36 41 15 12 16 7
47 28 52 32 13 16 24 16 43 20 34 30 16 10 14 11 9 11 10 6 2 16 13 11 19 18 43 33 23 30 33 14 25 43 21 52 24 55 35 15 30 13 28 19 33 35 29 28 13 23 17 7 5 7 5 4 2 2 1 1 1 1 0 0 0 1 3 2 3 4 3 3 10 13 44 36 19 31 26 33 18 11 12 26 43 26 30 37 40 28 30 20 15 11 13 6
40 25 55 32 11 10 50 28 27 20 22 29 14 20 14 12 12 14 13 6 2 5 2 3 10 13 43 47 40 26 17 14 25 45 36 21 35 32 30 15 28 8 23 9 21 31 35 30 16 22 12 15 5 4 9 5 5 1 1 2 0 0 0 0 0 0 1 3 7 3 3 7 18 37 30 14 15 53 33 20 18 13 25 15 37 38 21 30 29 26 22 12 36 13 9 4
55 23 44 19 11 16 27 26 21 45 39 22 20 13 13 11 17 13 9 7 2 3 4 13 21 28 30 31 32 21 11 14 41 29 37 27 49 23 19 18 28 8 23 17 17 25 47 26 16 22 20 16 5 2 6 5 2 1 1 1 1 0 0 0 0 0 1 3 2 2 3 10 12 12 15 14 19 39 27 7 7 16 34 32 34 30 11 23 42 35 19 11 26 6 8 6
55 27 43 17 11 17 18 49 24 42 54 40 15 9 8 15 24 12 3 5 1 4 4 11 8 12 12 26 14 10 21 15 63 37 40 39 38 18 12 34 16 12 14 40 44 26 26 22 31 21 13 12 9 5 4 2 3 2 1 0 0 0 0 0 0 0 0 1 3 3 4 3 8 8 22 19 33 36 33 8 7 30 34 33 31 30 10 17 28 27 9 9 9 10 11 10
67 55 14 30 12 14 31 44 28 22 39 31 40 7 17 34 15 11 5 4 3 2 5 4 5 8 30 15 20 20 20 35 8 19 9 24 20 13 8 34 14 11 3 18 61 29 19 28 27 16 14 10 7 3 8 7 5 2 1 1 0 0 1 0 0 1 0 1 3 1 4 6 12 10 21 35 17 33 27 12 12 37 23 19 24 15 20 20 13 16 23 10 8 16 11 7
50 18 16 24 13 12 46 39 42 16 11 21 40 4 9 7 5 11 4 7 1 1 4 10 12 11 10 22 22 14 39 15 26 15 30 25 17 20 11 24 9 20 10 15 42 45 24 22 27 24 16 12 6 6 3 2 3 1 1 1 0 0 0 0 0 0 1 1 2 3 9 16 21 20 34 55 7 41 19 18 18 17 23 12 15 12 23 31 17 10 18 10 7 9 10 8
48 21 8 27 19 19 33 7 21 33 6 11 30 13 3 6 6 4 3 3 2 5 16 6 8 9 15 32 16 25 18 27 40 57 33 23 46 15 24 31 11 12 14 20 29 28 19 43 21 14 10 12 11 6 1 2 3 2 1 1 1 0 0 0 0 0 1 1 1 3 6 9 22 39 29 10 21 39 29 11 10 16 30 10 18 21 24 14 20 12 7 14 14 9 5 6
49 9 17 26 14 15 23 4 6 6 14 28 8 13 4 5 2 2 1 3 3 2 3 6 6 7 8 14 20 25 14 22 37 23 14 41 16 10 40 16 23 27 22 21 28 26 18 15 23 8 5 4 8 8 2 2 2 1 1 1 0 0 0 0 0 0 1 1 2 5 4 14 20 11 25 17 26 18 10 5 8 25 22 23 13 16 19 13 10 14 12 7 5 10 3 2
51 8 13 27 13 28 24 11 4 6 15 21 25 20 5 3 4 5 4 1 1 1 5 10 4 3 9 28 14 12 10 33 11 20 46 8 13 17 26 13 24 23 17 40 39 36 26 13 14 10 5 4 8 7 4 3 1 0 0 0 0 1 0 0 0 0 1 2 1 5 8 23 20 15 3 17 32 7 10 9 13 19 23 19 11 15 12 11 4 15 7 16 6 2 1 1
31 10 14 35 9 22 33 20 8 8 5 18 7 12 11 2 2 2 1 3 2 2 2 2 1 3 13 20 25 6 36 6 9 32 26 11 21 25 36 22 6 32 30 36 49 32 21 6 9 20 13 3 2 3 3 4 1 1 0 0 0 0 0 0 0 3 7 2 1 2 12 29 20 12 5 22 22 14 11 9 11 17 17 19 17 9 4 12 7 12 9 3 8 2 2 3
