sesion_6_simulaciones/modelos_agentes/ejemplos_netlogo/scenarios/echam4_a2/rob_2086.asc
NCOLS 322 
NROWS 307 
XLLCORNER 451900 
YLLCORNER 4086900 
CELLSIZE 100 
NODATA_value -9999 
[rows 216 to 287 of 307, columns 192 to 287 of 322]
9 15 20 27 26 28 33 31 30 16 13 15 12 8 3 3 1 1 2 3 1 3 3 4 7 7 8 22 29 28 47 25 19 22 31 42 43 20 24 33 29 13 10 6 8 4 3 3 1 2 2 1 3 1 2 0 0 1 0 0 0 0 0 1 1 2 5 14 19 38 51 50 38 41 28 53 37 23 7 2 0 1 2 4 2 7 6 10 15 26 15 33 31 18 38 50
7 5 13 17 15 15 30 31 23 26 24 19 13 5 4 1 1 1 2 5 2 3 5 7 3 4 7 11 14 17 30 32 22 40 42 40 26 24 17 35 15 5 5 4 6 5 4 2 1 4 1 2 1 2 2 1 0 0 0 0 0 0 2 2 4 4 10 16 26 36 50 37 43 42 28 19 27 15 7 2 1 3 2 1 5 4 16 11 20 9 12 23 21 24 24 25
15 15 17 18 11 5 9 28 27 27 16 12 9 6 3 2 1 2 2 7 5 7 8 9 5 4 4 6 4 12 19 34 30 52 51 41 34 20 18 9 10 6 4 2 2 3 6 1 1 1 0 1 1 1 2 1 1 0 0 0 1 1 3 11 5 6 9 14 21 49 53 63 53 41 40 30 13 5 2 1 0 1 3 4 5 7 10 17 15 18 28 26 31 38 37 38
27 33 20 20 23 24 24 32 17 16 14 11 8 1 3 1 1 3 5 14 14 10 18 18 11 7 8 13 17 16 16 20 35 40 58 47 23 32 18 10 11 10 7 5 2 1 1 2 1 1 1 1 1 1 0 1 1 0 0 1 1 3 4 24 21 32 34 13 9 10 51 73 90 75 40 31 20 11 4 2 1 2 3 7 6 7 15 12 20 21 28 41 31 40 52 41
38 25 29 54 53 40 32 34 24 12 11 10 5 2 1 0 1 5 9 19 31 12 14 21 26 16 11 23 23 24 27 16 36 36 45 26 38 21 17 11 13 7 5 7 2 1 1 0 1 0 1 1 0 0 0 0 0 0 0 1 4 7 13 43 57 40 50 81 60 37 45 66 83 76 77 59 39 10 2 1 2 2 4 5 11 12 12 21 22 23 29 34 48 40 40 60
15 10 6 38 32 24 29 15 10 7 9 8 4 3 1 0 2 6 15 15 35 45 31 30 28 19 23 25 25 24 25 29 24 33 28 20 14 20 17 11 19 11 9 11 3 2 1 1 1 0 1 0 0 0 0 1 0 0 0 1 2 3 3 24 62 48 63 79 89 73 34 28 28 53 66 16 6 2 2 2 4 2 5 6 7 8 6 10 14 23 39 28 32 31 45 49
10 12 10 6 36 28 24 19 11 7 3 6 2 2 2 2 5 7 9 13 18 37 64 51 36 37 27 26 43 45 25 28 51 34 23 13 17 25 17 14 12 7 6 10 3 3 2 1 1 1 1 0 0 0 0 0 0 0 1 2 2 3 8 7 43 79 75 67 81 85 59 54 45 29 28 8 6 3 3 5 9 5 6 6 6 9 7 5 13 17 32 36 40 39 38 27
30 37 35 34 22 18 20 22 12 9 6 2 1 1 1 5 8 8 6 17 26 48 57 65 40 42 42 31 43 43 28 29 39 34 28 14 20 13 14 11 10 6 7 12 5 2 3 1 1 1 1 0 0 0 0 0 0 0 0 1 1 3 9 12 35 74 71 63 79 83 67 51 48 36 15 9 10 9 6 7 10 6 6 6 10 16 15 10 10 23 27 28 40 39 42 42
34 32 41 37 33 29 29 19 15 8 5 1 1 1 2 9 12 19 11 20 28 54 59 70 57 42 37 41 38 50 42 26 26 25 25 13 20 6 13 11 5 7 7 12 14 2 3 2 0 0 0 0 0 0 0 0 0 0 0 1 2 4 10 21 22 41 12 7 18 73 84 62 43 17 16 16 14 11 9 7 11 9 4 7 7 14 16 20 20 17 26 42 38 39 41 60
22 23 28 25 23 17 17 17 15 8 4 4 1 1 2 13 24 27 26 22 28 34 45 58 59 55 40 39 33 46 64 39 23 23 11 12 13 9 19 8 5 4 7 7 13 7 1 1 0 0 0 0 0 0 0 0 0 0 0 1 3 6 21 25 21 24 16 23 11 19 68 55 35 36 25 30 28 14 11 5 9 11 12 5 6 8 10 19 25 20 25 44 43 38 44 48
24 25 26 17 9 12 15 15 9 3 3 2 1 2 8 19 19 31 37 40 25 35 51 43 54 70 48 39 40 25 33 40 17 23 15 16 18 15 8 8 4 5 4 4 4 4 2 3 1 0 1 0 0 0 0 0 0 0 1 2 6 11 19 15 18 17 25 41 27 28 40 20 32 30 40 37 23 17 14 6 16 18 12 2 10 11 17 7 12 16 20 17 37 45 37 44
20 38 34 35 28 26 19 13 11 5 1 1 1 3 19 19 28 20 40 53 49 51 44 41 44 60 69 36 48 23 26 34 20 13 22 22 14 10 9 8 2 3 2 4 5 5 4 4 3 0 0 0 0 0 0 0 0 0 1 2 7 13 12 9 28 26 37 40 31 37 26 23 30 43 43 43 37 31 19 7 13 18 20 8 13 8 9 10 11 12 16 22 23 23 39 44
33 29 24 21 21 12 9 7 6 4 1 0 2 8 23 17 14 29 49 55 62 71 72 47 44 42 67 26 40 19 19 30 9 10 20 18 18 14 9 7 4 4 3 2 6 6 3 3 2 1 0 0 0 0 0 1 0 1 2 9 9 6 7 16 48 44 29 26 28 29 35 34 47 45 61 49 45 36 10 3 9 29 23 15 24 16 10 21 12 20 25 27 26 26 24 42
41 35 26 18 14 16 10 7 6 2 0 0 3 14 14 12 11 22 29 41 40 59 68 72 49 33 46 39 48 18 32 16 8 8 11 19 16 13 6 6 6 7 4 3 3 5 3 2 1 0 0 0 0 0 0 0 1 1 2 1 2 9 15 42 43 30 24 21 35 46 49 49 51 65 44 37 37 28 15 1 2 26 40 26 18 23 24 27 13 14 23 28 44 38 41 43
20 26 26 8 6 9 12 7 5 1 1 1 7 12 14 18 36 15 24 36 49 49 61 49 53 42 44 42 36 14 22 9 7 18 11 15 15 8 7 9 7 9 3 3 6 5 5 2 1 0 0 0 0 0 0 0 4 1 1 2 5 7 14 18 17 15 20 24 23 36 58 67 60 38 19 21 21 16 3 1 6 9 37 22 20 22 41 50 21 16 18 31 31 28 37 43
10 9 18 11 15 16 12 7 4 1 1 2 7 18 27 38 28 28 39 48 42 46 57 54 38 34 34 26 29 24 35 12 8 11 15 9 12 9 7 6 7 4 5 2 2 3 3 2 1 0 0 0 0 0 0 0 0 9 12 5 3 2 8 10 19 20 16 14 11 38 78 66 46 35 26 16 12 5 2 4 6 14 24 21 34 21 32 35 47 19 20 33 32 38 29 39
14 5 2 11 14 13 8 5 3 2 1 4 14 22 37 33 23 31 47 42 35 57 61 55 33 30 32 21 36 39 18 10 9 15 7 13 10 8 8 7 6 5 6 2 3 2 3 1 0 0 0 0 0 0 0 1 1 1 3 5 3 9 5 8 10 17 19 9 20 39 53 40 45 47 28 14 5 6 6 15 11 12 12 47 41 16 11 19 57 19 18 32 32 32 25 27
9 10 9 8 16 14 5 3 2 1 1 2 6 13 22 25 37 44 48 64 41 34 59 39 47 27 24 23 4 26 11 11 6 12 8 6 6 9 7 6 6 4 9 2 1 6 3 1 1 0 0 0 0 0 1 0 2 3 2 1 3 2 4 8 10 14 10 39 36 19 43 36 39 40 31 10 8 11 9 10 18 22 13 24 28 30 18 31 37 37 30 18 21 45 31 26
19 16 20 11 13 5 2 1 0 1 1 3 3 8 16 15 29 34 49 57 59 58 66 40 43 36 31 18 19 9 22 8 4 7 6 2 3 7 7 9 5 2 4 4 1 1 2 3 1 0 0 0 0 0 0 0 0 1 1 3 4 5 6 15 7 9 21 13 12 29 37 38 40 21 6 6 11 9 17 12 18 16 22 27 42 49 18 21 35 35 62 37 15 22 46 34
6 18 12 10 4 3 3 1 1 2 3 3 4 4 15 16 20 35 48 50 60 45 51 9 17 28 26 7 4 6 12 4 3 12 4 5 6 7 3 1 2 1 3 4 1 2 3 1 0 0 0 0 0 0 0 0 1 2 3 3 2 3 12 26 17 15 38 46 47 41 36 37 24 16 5 8 21 13 32 12 17 21 24 24 42 34 52 20 34 21 10 42 19 17 20 30
12 10 14 9 3 2 1 1 2 3 5 6 7 6 5 10 23 25 41 48 46 25 17 31 23 19 8 9 9 6 6 4 5 5 4 4 5 4 4 1 3 2 2 3 1 1 2 1 0 0 0 0 0 0 0 0 1 1 1 2 3 9 15 21 29 36 30 30 50 49 74 53 33 20 6 2 6 24 24 15 23 23 31 18 24 36 31 50 38 34 20 44 26 6 16 14
18 11 11 7 4 1 2 3 5 4 6 8 9 10 6 5 23 27 26 25 27 54 46 28 29 32 22 8 9 8 6 3 3 4 1 3 2 3 4 1 4 2 1 3 0 1 1 1 0 0 0 0 0 0 0 0 1 1 3 2 9 6 9 39 65 34 36 28 69 47 41 42 15 15 14 14 14 28 29 26 36 25 26 24 24 18 28 51 63 65 20 18 34 15 21 34
12 12 9 3 1 2 3 4 4 5 10 15 13 11 11 8 9 13 19 29 35 36 41 24 13 18 21 9 11 5 6 4 3 4 2 3 2 3 2 2 1 1 1 2 0 0 1 0 0 0 0 0 0 0 0 0 0 1 1 1 4 5 19 37 48 71 44 28 25 33 31 12 6 17 25 26 14 17 37 33 46 28 27 27 29 27 15 12 13 26 50 44 32 20 19 27
11 8 3 2 1 3 3 2 4 6 10 16 21 22 12 13 27 19 15 38 47 56 34 34 27 28 15 8 9 6 2 2 3 2 1 2 1 2 1 1 1 1 3 2 0 1 1 1 0 0 0 0 0 0 0 0 0 2 2 12 19 17 14 27 32 24 41 52 36 30 15 4 9 27 17 38 16 17 33 46 34 46 30 28 27 25 33 21 18 22 39 34 24 59 19 30
8 7 5 1 1 3 3 5 5 10 16 19 21 21 22 15 31 27 26 20 31 18 21 18 15 21 11 6 6 5 5 4 1 1 0 3 1 2 0 1 1 0 2 1 1 0 1 1 0 0 0 0 0 0 0 1 1 0 2 4 11 13 8 15 30 28 48 30 43 32 25 4 16 20 20 35 39 17 21 32 37 48 30 43 31 16 22 30 9 4 10 10 10 33 40 23
9 4 3 2 3 7 7 8 8 15 17 21 22 25 39 26 30 42 28 44 48 41 45 40 34 22 18 20 20 10 10 8 4 2 2 1 3 1 0 0 0 0 0 1 0 0 0 0 0 0 0 0 1 2 8 6 5 4 7 5 9 15 21 34 31 31 37 37 40 28 11 4 17 22 34 31 34 28 29 42 30 50 32 46 31 19 19 29 38 13 20 20 11 7 8 11
13 6 5 4 8 8 9 15 10 10 19 24 17 34 41 27 14 18 49 55 61 45 48 50 50 45 41 34 59 36 17 6 3 1 1 0 1 1 1 0 0 0 0 0 0 0 0 0 0 0 0 0 0 0 1 1 12 15 12 13 11 15 9 37 29 26 33 37 17 14 6 7 20 26 17 26 31 42 31 42 27 16 50 46 33 18 20 36 33 16 19 25 20 31 34 38
11 6 6 9 10 10 18 18 17 16 11 12 30 31 29 45 14 13 21 28 45 54 26 44 37 47 56 30 3 7 13 5 2 1 2 2 1 0 1 0 0 0 0 0 0 0 0 0 0 0 0 0 0 0 0 0 1 8 24 39 55 18 18 14 16 21 30 38 39 16 8 18 34 30 27 31 57 44 42 41 38 17 21 57 41 17 17 24 25 16 25 13 26 31 37 40
3 3 10 11 11 19 19 19 21 20 10 14 22 27 21 35 26 9 21 28 34 36 22 42 24 16 11 6 4 4 6 4 2 3 2 1 1 1 1 0 0 0 0 0 0 0 0 0 0 0 0 0 0 0 1 1 3 9 11 9 19 56 35 30 28 34 44 37 34 16 12 32 33 42 40 30 45 50 38 28 25 23 9 35 51 25 26 12 30 17 27 27 16 30 26 18
5 7 12 14 21 20 23 23 22 22 14 17 19 22 32 18 45 7 10 9 18 11 20 17 17 23 15 15 14 8 10 4 2 4 2 1 1 0 0 0 0 0 1 0 0 0 0 0 0 0 0 1 0 1 3 2 2 3 7 5 7 18 39 43 36 27 39 36 24 8 19 34 31 38 39 39 26 55 39 49 27 37 25 24 64 30 37 18 27 26 25 38 23 22 18 24
3 10 14 16 23 24 22 23 25 25 15 18 20 30 41 29 31 13 10 20 12 9 22 18 21 22 21 14 11 17 11 13 7 14 2 1 1 1 0 0 1 0 0 0 1 0 0 0 0 1 1 0 0 1 1 2 5 7 15 9 11 11 15 22 26 25 23 31 25 15 20 34 31 40 32 29 27 36 43 50 36 22 34 20 61 21 20 25 16 39 21 22 23 14 16 15
8 14 26 17 24 14 17 25 38 36 17 11 23 17 45 69 13 12 9 31 27 26 17 19 21 15 21 10 10 12 10 6 4 3 3 2 1 1 1 0 0 0 0 0 0 0 0 0 1 2 0 0 0 1 2 2 3 9 6 8 14 13 16 13 15 17 20 19 17 18 30 34 29 29 30 28 31 35 45 36 32 27 30 40 59 22 20 23 14 38 21 10 31 9 5 12
15 16 18 28 27 17 26 27 43 42 19 9 15 27 37 39 15 16 11 24 31 26 22 12 13 8 14 14 13 14 7 5 5 4 3 2 1 1 1 0 0 0 0 0 0 0 0 0 0 0 0 0 0 0 1 17 8 13 12 14 12 15 15 13 13 16 17 12 13 14 24 29 19 28 24 36 43 26 28 49 39 40 36 32 51 35 34 13 32 32 9 13 24 8 10 13
18 18 18 43 28 17 19 33 39 58 24 13 24 25 36 48 29 20 17 32 34 40 22 23 20 7 10 11 10 7 9 5 5 4 3 1 1 0 0 0 0 0 0 0 0 0 0 0 0 0 0 1 1 1 3 3 6 9 18 23 19 15 14 16 16 18 17 10 6 21 26 26 32 27 42 33 29 37 23 18 28 29 23 34 15 76 37 11 20 32 5 13 10 25 11 14
21 31 19 45 28 18 18 34 38 50 14 12 23 25 36 37 45 6 28 32 30 41 23 22 20 23 11 8 5 5 5 8 11 5 1 2 1 1 0 0 0 0 0 0 0 0 0 0 0 0 0 0 1 2 6 2 2 3 4 11 11 16 17 21 22 26 25 14 6 22 21 21 30 32 39 15 26 18 32 14 17 15 26 11 28 63 23 10 35 14 6 11 11 18 18 17
16 20 33 37 29 30 19 24 40 61 14 22 25 33 29 47 13 9 29 28 35 39 37 18 33 17 16 13 7 7 4 18 16 5 4 2 1 1 0 0 0 0 0 0 0 0 0 0 0 0 0 0 1 3 5 2 5 7 11 16 16 20 22 31 29 36 28 14 5 23 23 20 41 25 29 38 35 21 11 24 13 18 19 24 16 35 33 19 32 12 10 15 8 9 4 26
9 12 34 33 31 31 20 24 36 42 15 25 30 48 51 32 11 8 28 26 24 41 31 35 17 16 25 15 11 10 9 11 13 7 4 3 2 1 2 0 0 0 0 0 0 0 0 0 0 0 0 0 1 2 3 5 7 12 14 19 26 37 28 24 21 17 24 8 10 26 30 24 38 36 23 23 32 20 21 6 31 7 9 26 30 35 42 52 23 10 15 12 14 18 9 27
17 19 38 40 48 32 19 23 38 44 13 15 32 50 36 12 8 20 23 23 33 32 28 26 26 15 20 15 20 17 14 8 2 3 3 2 2 1 1 1 0 0 0 0 0 0 0 0 0 0 0 0 1 3 3 4 10 15 17 12 34 21 11 18 25 22 13 10 9 20 38 23 32 33 34 24 29 17 21 16 10 25 10 4 5 20 35 51 15 23 15 13 11 23 7 8
15 21 23 30 60 40 19 23 30 42 11 11 32 48 25 12 10 22 29 22 20 21 21 23 31 13 14 13 9 16 16 7 5 3 2 1 1 1 1 0 0 0 0 0 0 0 0 0 0 0 0 0 1 1 4 6 3 8 6 9 9 10 22 27 18 20 21 8 12 12 41 24 24 21 24 31 19 19 8 17 6 25 11 9 5 4 13 28 23 39 18 15 11 16 5 6
17 33 24 20 30 55 20 26 43 16 11 13 20 54 31 15 8 26 27 23 30 35 27 32 27 19 8 9 17 12 4 10 18 7 1 1 1 1 1 0 0 0 0 0 0 0 0 0 0 0 0 0 1 2 4 3 9 7 9 14 14 14 16 15 20 22 14 9 9 17 15 37 20 17 19 19 33 27 14 29 8 7 13 10 7 6 6 14 25 25 15 16 12 13 7 10
18 22 39 32 15 37 12 28 63 13 13 25 31 45 18 19 3 14 32 27 36 23 21 34 26 21 15 4 3 4 4 3 3 1 1 1 1 1 0 1 0 0 0 0 0 0 0 0 0 0 0 0 1 1 5 6 12 9 9 17 16 20 26 17 22 24 12 10 11 29 24 22 38 14 15 16 35 23 13 9 18 6 5 15 12 6 7 7 16 22 24 12 10 6 14 5
18 23 39 43 20 46 12 23 59 26 12 31 37 32 15 5 4 9 17 28 36 31 20 17 19 23 11 4 4 4 4 3 3 2 1 0 1 1 1 0 0 0 0 0 0 0 0 0 0 0 0 0 0 1 1 2 4 12 16 15 21 12 16 18 17 20 21 5 12 25 25 19 26 7 20 18 17 26 30 19 24 9 5 5 12 8 4 8 15 49 36 11 6 5 13 4
17 20 21 46 19 38 22 17 24 31 13 36 40 12 5 8 12 17 25 32 23 21 24 10 12 15 21 4 3 3 4 3 2 2 1 1 1 0 0 0 0 0 0 0 0 0 0 0 0 0 0 0 1 1 1 5 9 27 20 11 18 21 24 26 29 18 18 10 14 25 19 27 41 16 11 26 16 25 19 14 27 7 9 9 22 8 3 4 4 13 25 9 7 3 17 8
13 15 13 28 51 20 35 12 35 16 39 22 11 5 11 12 18 12 43 42 15 18 17 17 4 9 12 15 4 4 2 4 2 1 1 0 1 0 0 0 0 0 0 0 0 0 0 0 0 0 0 0 0 1 3 5 4 17 15 7 12 17 21 23 14 13 10 18 19 22 22 27 6 23 23 25 20 11 25 8 30 8 8 5 7 19 8 8 9 7 20 5 12 4 6 14
28 17 12 16 21 31 34 14 46 29 33 7 5 10 13 18 18 12 14 12 20 16 15 26 19 8 9 2 5 7 1 3 1 1 1 1 1 0 0 0 0 0 0 0 0 0 0 0 0 0 0 0 0 1 2 3 4 9 7 2 8 13 16 16 10 8 9 16 18 19 20 31 8 8 4 8 20 28 39 7 22 13 7 7 4 4 22 5 8 8 10 10 4 3 6 11
18 25 17 12 11 18 42 15 22 10 7 2 7 12 21 26 24 8 11 11 17 17 11 3 5 4 4 6 1 2 4 6 2 1 0 1 0 0 0 0 0 0 0 0 0 0 0 0 0 0 0 0 0 1 1 2 2 10 8 9 16 13 16 10 15 16 9 16 16 17 14 28 7 13 6 9 8 5 13 12 5 18 7 8 4 10 10 2 6 11 11 9 3 3 3 4
16 25 16 20 24 27 30 18 22 5 9 6 9 20 18 21 23 13 15 14 15 14 9 5 4 5 3 2 2 3 1 1 1 2 1 2 0 0 0 0 0 0 0 0 0 0 0 0 0 0 0 0 0 1 2 1 4 15 23 18 18 13 16 18 14 13 13 22 14 15 14 18 9 13 11 9 13 10 11 17 3 13 5 11 3 2 7 2 2 3 8 6 2 3 3 9
14 25 18 21 24 31 33 6 4 2 9 8 16 18 17 23 13 27 21 11 13 11 9 9 9 5 4 2 2 5 2 0 0 0 0 1 1 0 0 1 0 0 0 0 0 0 0 0 0 0 0 0 0 1 1 2 5 26 9 12 19 10 15 13 12 12 15 24 12 12 13 14 12 12 17 8 12 9 8 7 13 30 5 9 5 1 7 3 1 2 4 7 2 3 2 1
12 24 24 19 44 41 7 4 6 7 15 12 10 20 14 24 7 13 34 7 12 9 4 6 9 10 2 3 3 3 4 1 1 0 0 0 0 0 0 0 0 0 0 0 0 0 0 0 0 0 0 0 0 1 2 3 4 9 9 6 17 14 11 3 12 6 7 29 14 11 17 11 18 9 14 10 9 10 7 5 4 2 14 9 6 2 2 2 1 1 2 7 2 3 3 2
12 18 37 27 49 7 6 5 6 12 15 14 19 25 7 17 6 10 12 27 6 14 4 3 4 8 5 4 3 2 1 2 0 1 0 0 0 0 0 0 0 0 0 0 0 0 0 0 0 0 0 0 0 0 1 3 2 8 20 18 8 7 5 3 18 10 10 18 16 8 16 10 26 12 12 13 7 6 10 5 3 2 5 5 4 2 1 6 1 1 2 3 5 3 2 2
6 16 36 62 31 3 5 10 12 12 22 25 10 13 10 6 20 6 8 9 8 7 6 4 4 5 4 6 3 2 2 1 1 0 0 0 0 0 0 0 0 0 0 0 0 0 0 0 0 0 0 0 0 1 1 2 9 6 6 16 11 5 2 5 7 21 9 10 16 7 9 9 17 12 7 11 10 5 5 8 4 1 2 6 6 2 1 2 2 1 2 1 5 3 1 4
6 17 46 35 3 3 11 10 6 22 12 32 7 15 9 5 6 29 5 8 15 5 11 3 3 6 6 4 3 3 1 1 2 0 0 0 0 0 0 0 0 0 0 0 0 0 0 0 0 0 0 0 0 0 1 2 4 5 7 9 10 5 2 7 5 12 7 8 13 7 7 7 7 15 6 5 12 5 4 4 6 1 2 2 4 2 1 1 3 1 1 1 1 2 1 1
6 25 30 12 4 6 10 11 6 15 5 27 8 11 19 4 11 25 3 10 19 3 12 3 2 6 6 5 1 1 2 0 0 1 1 1 0 0 0 0 0 0 0 0 0 0 0 0 0 0 0 0 0 0 0 1 2 5 3 12 11 5 4 6 9 13 4 5 8 12 5 4 2 8 5 4 5 6 4 3 1 1 3 1 3 2 1 1 1 3 0 1 2 2 1 0
6 18 22 12 4 5 11 19 5 8 5 17 5 7 25 5 9 19 5 3 6 7 5 3 2 2 2 3 2 2 0 1 0 0 0 1 0 0 0 0 0 0 0 0 0 0 0 0 0 0 0 0 0 0 0 1 1 3 4 3 5 6 6 6 6 8 9 6 7 12 2 5 2 4 7 4 4 1 1 3 1 1 1 1 3 4 1 0 1 2 0 0 2 2 1 0
10 10 24 6 4 7 7 11 4 6 5 6 9 3 16 3 3 11 5 2 2 2 16 5 2 1 2 1 2 1 2 1 0 0 0 0 0 0 0 0 0 0 0 0 0 0 0 0 0 0 0 0 0 0 0 1 2 6 5 2 1 5 5 5 5 5 13 3 7 9 2 3 4 3 8 0 2 3 1 1 2 1 1 1 1 2 1 0 0 2 0 0 0 2 5 2
31 13 4 4 6 6 6 7 4 12 5 3 8 3 11 3 2 5 4 2 2 3 8 3 1 2 1 3 2 2 1 0 0 0 0 0 0 0 0 0 0 0 0 0 0 0 0 0 0 0 0 0 0 0 1 1 2 5 7 3 1 6 5 3 4 4 6 4 3 8 3 2 2 5 6 2 1 1 3 1 1 2 1 1 3 2 0 1 0 2 1 0 0 0 0 1
4 1 3 3 4 5 9 6 6 6 3 2 13 2 2 8 2 6 5 1 1 2 2 8 2 2 1 2 2 1 1 0 0 1 0 0 0 0 0 0 0 0 0 0 0 0 0 0 0 0 0 0 0 0 0 1 1 4 7 1 2 3 6 2 4 4 2 6 2 6 4 2 2 1 4 1 1 1 1 1 0 0 2 0 1 2 0 1 0 1 3 0 1 0 0 0
7 3 8 5 4 4 11 4 8 7 1 2 6 2 2 6 1 1 10 1 2 2 1 5 1 2 2 1 1 1 1 1 0 0 0 0 0 0 0 0 0 0 0 0 0 0 0 0 0 0 1 0 0 0 1 0 1 2 2 1 2 6 5 2 1 4 2 4 1 2 11 1 2 2 1 1 1 1 1 1 1 0 0 1 0 1 1 1 0 0 4 0 0 0 1 0
21 4 2 5 4 5 4 3 8 3 2 2 1 2 1 2 1 1 5 1 2 1 1 1 2 1 1 0 1 0 0 0 0 0 0 0 0 0 0 0 0 0 0 0 0 0 0 0 0 0 0 0 0 0 0 2 2 1 1 2 1 4 3 2 2 3 4 1 4 1 4 1 2 2 0 1 1 0 1 1 1 1 0 0 0 0 1 2 0 0 1 0 0 0 0 0
25 4 2 3 2 3 1 2 2 1 1 1 1 2 1 2 1 1 3 1 1 2 1 0 0 0 0 0 1 1 0 0 0 0 0 0 0 0 0 0 0 0 0 0 0 0 0 0 1 0 0 0 0 0 1 2 1 0 1 3 1 1 2 1 2 1 5 1 4 1 1 2 1 2 0 1 0 1 0 0 0 1 0 0 0 0 0 0 0 1 0 0 0 0 0 0
9 2 1 2 1 1 1 1 2 1 1 1 1 2 1 2 1 1 1 1 0 1 1 0 0 0 0 0 0 0 1 0 0 0 0 0 0 0 0 0 0 0 0 0 0 0 0 0 0 0 0 0 0 0 1 1 1 1 0 2 1 1 0 2 2 2 2 1 3 1 1 1 1 2 0 0 1 0 0 0 0 0 0 0 0 0 0 0 0 0 1 0 0 0 0 0
7 1 2 1 1 1 1 1 1 0 1 1 0 2 1 0 1 1 1 1 1 0 1 0 1 1 0 0 0 0 0 0 0 0 0 0 0 0 0 0 0 0 0 0 0 0 0 0 0 0 0 0 0 1 1 1 1 1 0 1 2 1 1 1 1 3 1 2 0 1 2 0 1 2 0 0 0 0 0 0 0 0 0 0 0 0 0 0 0 0 0 0 0 0 0 0
5 1 1 1 1 1 1 1 1 0 0 0 0 0 1 0 0 0 0 0 1 0 1 1 1 0 0 0 0 0 0 0 0 0 0 0 0 0 0 0 0 0 0 0 0 0 0 0 0 0 0 0 0 0 1 1 0 1 1 0 1 1 1 1 0 1 1 1 0 0 1 0 0 1 0 0 0 0 0 0 0 0 0 0 0 0 0 0 0 0 0 0 0 0 0 0
1 2 0 1 0 0 1 0 1 0 0 0 0 0 1 0 0 0 1 0 0 0 0 0 0 0 0 0 0 0 0 0 0 0 0 0 0 0 0 0 0 0 0 0 0 0 1 0 0 0 0 0 0 0 1 0 0 1 1 1 1 1 0 0 1 0 0 1 0 0 1 0 1 0 0 0 0 0 0 0 0 0 0 0 0 0 0 0 0 0 0 0 0 0 0 0
0 2 0 0 0 0 0 0 0 0 0 0 0 0 0 0 0 0 1 0 0 0 0 1 0 0 0 0 0 0 0 0 0 0 0 0 0 0 0 0 0 0 0 0 0 0 0 0 0 0 0 0 0 1 0 0 0 1 0 1 1 1 1 0 0 0 0 1 0 0 0 0 1 0 0 0 0 0 0 0 0 0 0 0 0 0 0 0 0 0 0 0 0 0 0 0
0 1 1 0 0 0 0 0 0 0 0 0 0 0 0 0 0 0 0 0 0 0 0 0 0 0 0 0 0 0 0 0 0 0 0 0 0 0 0 0 0 0 0 0 0 0 0 0 0 0 0 0 1 1 0 0 0 1 0 1 0 1 0 1 0 0 0 0 0 0 0 0 0 0 0 0 0 0 0 0 0 0 0 0 0 0 0 0 0 0 0 0 0 0 0 0
0 0 1 0 0 0 0 0 0 0 0 0 0 0 0 0 0 0 0 0 0 0 0 0 0 0 0 0 0 0 0 0 0 0 0 0 0 0 0 0 0 0 0 0 0 0 0 0 0 0 0 1 1 0 0 1 1 1 0 1 0 0 0 0 1 0 0 0 0 0 0 0 0 0 0 0 0 0 0 0 0 0 0 0 0 0 0 0 0 0 0 0 0 0 0 0
0 0 1 0 0 0 0 0 0 0 0 0 0 0 0 0 0 0 0 0 0 0 0 0 0 0 0 0 0 0 0 0 0 0 0 0 0 0 0 0 0 0 0 0 0 0 0 1 0 1 2 1 0 0 0 0 0 0 0 0 0 0 0 0 0 0 1 0 0 0 0 0 0 0 0 0 0 0 0 0 0 1 0 0 0 0 0 0 0 0 0 0 0 0 0 0
0 0 0 0 0 0 0 0 0 0 0 0 0 0 0 0 0 0 0 0 0 0 0 0 0 0 0 0 0 0 0 0 0 0 0 0 0 0 0 0 0 0 0 0 0 1 3 0 1 1 0 0 0 0 0 0 0 0 0 0 0 0 0 0 0 0 0 0 0 0 0 0 0 0 0 0 0 0 0 0 0 0 0 0 0 0 0 0 0 0 0 0 0 0 0 0
0 0 0 0 0 0 0 0 0 0 0 0 0 0 0 0 0 0 0 0 0 0 0 0 0 0 0 0 0 0 0 0 0 0 0 0 0 0 0 0 0 0 0 1 0 0 3 3 1 0 0 0 0 0 0 0 0 0 0 0 0 0 0 0 0 1 0 0 0 0 0 0 0 0 0 0 0 0 0 0 0 0 0 0 0 0 0 0 0 0 0 0 0 0 0 0
0 0 0 0 0 0 0 0 0 0 0 0 0 0 0 0 0 0 0 0 0 0 0 0 0 0 0 0 0 0 0 0 0 0 0 0 0 0 0 0 0 1 2 2 3 0 1 4 1 0 0 0 0 0 0 0 0 0 0 0 0 0 0 1 0 0 0 0 0 0 0 0 0 0 0 0 0 0 1 1 1 0 0 0 0 0 0 0 0 0 0 0 0 0 0 0
0 0 0 0 0 0 0 0 0 0 0 0 0 0 0 0 0 0 0 0 0 0 0 0 0 0 0 0 0 0 0 0 0 0 0 0 0 0 0 0 0 3 4 2 4 7 4 1 0 0 0 0 0 0 0 0 0 0 0 0 0 0 0 0 0 0 0 0 0 0 0 0 1 0 0 0 0 0 0 0 0 0 0 0 0 0 0 0 0 0 0 0 0 0 0 0
