sesion_6_simulaciones/modelos_agentes/ejemplos_netlogo/scenarios/echam4_a2/rob_2028.asc
NCOLS 322 
NROWS 307 
XLLCORNER 451900 
YLLCORNER 4086900 
CELLSIZE 100 
NODATA_value -9999 
[rows 222 to 295 of 307, columns 192 to 287 of 322]
1 1 0 0 1 1 0 0 0 0 0 0 0 0 0 0 0 0 0 0 0 1 2 1 1 1 0 1 1 2 1 1 4 5 5 5 10 24 24 33 40 36 41 60 44 56 58 42 52 64 62 57 27 25 34 37 36 58 67 67 48 38 44 23 50 73 60 48 66 71 25 10 3 0 0 0 0 0 0 0 0 0 0 0 0 0 0 0 0 0 0 1 1 1 1 1
3 2 1 1 0 0 0 0 0 0 0 0 0 0 0 0 0 0 0 0 0 1 2 3 1 2 2 1 3 3 2 2 5 7 8 6 12 9 17 23 33 31 40 60 51 39 55 41 52 48 48 35 39 31 20 25 34 47 38 37 29 39 42 23 25 52 40 28 49 58 23 6 2 1 0 0 0 0 0 0 0 0 0 0 0 0 0 0 0 0 0 0 1 1 1 2
3 2 2 1 1 0 0 0 0 0 0 0 0 0 0 0 0 0 0 0 0 1 2 5 4 3 3 4 4 9 9 5 6 8 10 7 13 6 17 20 18 28 36 55 65 36 50 50 29 27 35 36 51 22 11 33 33 52 27 46 43 43 42 32 8 9 2 1 3 29 33 6 1 0 0 0 0 0 0 0 0 0 0 0 0 0 0 0 0 0 0 1 1 1 2 3
2 1 1 0 0 0 0 0 0 0 0 0 0 0 0 0 0 0 0 0 0 1 2 4 7 7 5 7 6 11 34 20 12 12 6 8 11 11 27 16 16 18 31 38 58 52 26 36 16 17 17 14 28 32 8 26 31 27 37 55 58 46 49 35 10 11 6 6 2 3 11 3 1 1 0 0 0 0 0 0 0 0 0 0 0 0 0 0 0 0 0 1 1 1 2 3
1 1 1 0 0 0 0 0 0 0 0 0 0 0 0 0 0 0 1 1 0 1 2 3 8 21 12 10 12 9 22 36 15 22 15 19 24 27 17 20 12 18 19 22 28 36 30 49 43 15 45 44 27 21 12 22 61 53 53 55 64 47 40 20 13 11 13 16 6 3 2 1 1 1 1 0 0 0 0 0 0 0 0 0 0 0 0 0 0 0 0 0 1 2 1 2
1 1 1 1 0 0 0 0 0 0 0 0 0 0 0 0 0 0 1 1 2 3 3 4 8 25 38 19 33 17 25 40 26 17 32 37 29 26 26 22 7 12 12 21 32 39 51 59 73 37 36 39 36 17 26 30 45 38 50 54 52 37 29 18 33 23 27 17 6 4 1 1 1 1 1 1 1 0 0 0 0 0 0 0 0 0 0 0 0 0 0 0 0 1 2 3
2 1 1 0 0 0 0 0 0 0 0 0 0 0 0 0 0 0 1 2 3 8 13 9 12 22 55 21 36 21 27 40 13 15 34 36 41 39 31 28 18 19 17 14 34 40 42 59 58 59 53 45 39 26 51 59 57 51 59 70 51 28 30 41 63 48 20 10 6 2 2 1 2 2 2 1 1 1 0 0 0 0 0 0 0 0 0 0 0 0 0 1 1 1 1 3
2 1 0 0 0 0 0 0 0 0 0 0 0 0 0 0 0 0 1 1 2 6 14 32 30 27 49 50 58 30 51 24 14 14 25 42 47 46 27 28 30 32 20 20 25 43 44 47 44 44 63 60 43 37 44 40 57 38 43 21 34 55 55 75 60 33 20 10 10 8 5 4 3 4 1 1 1 0 0 0 0 0 1 0 0 0 0 0 0 0 0 1 1 1 2 3
0 1 0 0 0 0 0 0 0 0 0 0 0 0 0 0 1 0 0 1 3 5 15 19 36 40 59 65 59 30 45 19 16 39 27 41 50 37 34 42 38 46 22 23 41 45 56 49 61 39 43 45 40 15 24 16 76 47 29 41 52 49 50 36 19 13 13 12 8 9 13 10 6 1 0 0 0 0 0 0 0 0 1 0 0 0 1 2 0 0 0 1 1 1 2 3
0 0 0 0 0 0 0 0 0 0 0 0 0 0 0 1 0 0 1 2 3 6 15 27 29 40 51 54 58 53 61 31 22 34 47 37 49 44 39 39 42 31 36 24 25 29 48 58 56 47 29 33 29 29 42 38 13 76 81 57 35 18 32 25 28 19 12 7 3 12 29 12 3 1 1 0 0 0 0 0 0 0 0 0 1 0 1 1 1 0 0 1 1 1 1 3
0 0 0 0 0 0 0 0 0 0 0 0 0 0 0 0 0 1 2 2 2 11 24 38 29 35 54 53 75 80 51 42 43 55 34 52 53 50 47 46 43 41 53 21 40 33 46 45 36 20 40 32 45 43 48 58 44 34 42 48 27 43 26 23 17 17 14 4 7 15 14 4 3 2 1 0 0 0 0 0 0 0 0 1 1 0 0 0 3 0 0 1 1 1 1 2
0 0 0 0 0 0 0 0 0 0 0 0 0 0 0 0 1 1 2 7 4 6 33 30 52 41 51 63 26 78 57 53 46 62 48 41 48 58 50 49 48 42 66 24 24 62 46 44 41 35 55 35 39 51 59 28 51 51 32 15 25 14 21 21 17 15 8 25 16 5 8 3 2 1 1 0 0 0 0 0 0 0 0 0 1 1 0 1 2 1 1 0 1 3 2 2
0 0 0 0 0 0 0 0 0 0 0 0 0 0 0 0 1 1 3 7 12 20 46 35 55 61 67 64 72 65 84 50 44 57 46 25 34 55 59 65 51 26 46 55 16 30 40 62 41 47 60 49 36 42 35 32 18 20 25 40 32 32 26 36 13 12 18 7 4 6 4 2 2 0 0 0 0 0 0 0 0 0 0 1 1 2 0 0 1 2 5 2 0 1 4 3
0 0 0 0 0 0 0 0 0 0 0 0 0 0 0 0 0 1 3 5 15 13 26 8 23 45 46 24 27 53 77 47 55 81 46 50 55 63 42 17 29 16 46 56 18 43 60 42 19 39 55 56 37 43 29 17 47 50 48 35 19 27 52 55 33 23 33 27 16 8 4 2 1 0 0 0 0 0 1 0 0 0 0 0 1 1 2 1 2 1 0 3 1 1 2 3
0 0 0 0 0 0 0 0 0 0 0 0 0 0 0 0 0 1 2 4 7 6 6 25 24 31 24 33 40 53 69 68 73 75 64 60 59 55 54 30 41 38 44 58 17 30 50 47 30 28 36 49 43 32 15 37 51 24 30 36 36 58 64 61 57 45 21 10 12 6 13 3 1 0 0 0 0 0 0 0 0 0 1 0 1 1 1 3 2 2 1 4 2 0 1 1
0 0 0 0 0 0 0 0 0 0 0 0 0 0 0 0 0 1 1 1 2 14 16 13 24 36 38 32 41 56 58 58 68 73 53 60 57 57 61 28 58 50 40 60 15 21 44 39 54 57 32 32 57 42 30 39 36 30 59 42 67 48 45 65 72 33 20 6 17 3 2 1 0 0 0 0 0 1 1 1 1 0 0 1 1 0 1 4 8 9 1 1 3 1 2 4
0 0 0 0 0 0 0 0 0 0 0 0 0 0 0 0 0 0 0 1 3 5 10 9 10 22 38 31 47 37 50 57 61 73 65 72 57 69 50 51 33 46 28 46 16 14 27 29 37 53 60 37 30 12 35 17 14 44 46 38 45 33 52 51 48 56 17 4 2 2 1 0 0 0 0 1 0 0 1 1 2 1 1 1 1 1 1 0 1 2 7 7 4 2 3 5
0 0 0 0 0 0 0 0 0 0 0 0 0 0 0 0 0 0 0 1 4 7 5 10 16 31 26 25 35 38 26 32 52 51 47 62 42 66 53 49 47 48 77 53 25 27 41 60 37 26 35 35 12 42 14 21 39 66 54 73 70 48 27 29 20 12 12 9 3 1 0 0 0 1 0 1 0 0 1 2 2 2 1 1 1 1 1 1 1 2 4 5 3 16 4 7
0 0 0 0 0 0 0 0 0 0 0 0 0 0 0 0 1 0 0 0 1 1 2 4 7 15 15 16 18 27 44 46 32 30 23 73 55 78 46 59 48 43 80 60 44 31 62 52 54 51 30 62 33 59 44 57 54 24 36 40 42 34 16 22 26 14 13 4 3 1 1 0 0 0 1 1 2 1 1 1 2 4 2 3 1 1 1 2 0 0 1 1 1 5 12 5
0 0 0 0 0 0 0 0 0 0 0 0 0 0 1 0 1 1 1 2 4 5 11 15 22 20 27 48 55 44 44 58 59 49 59 56 77 68 50 57 46 37 32 68 41 21 36 43 57 45 53 60 65 72 89 82 81 71 72 46 41 37 38 41 24 12 7 4 3 1 0 0 0 1 1 1 2 1 2 3 2 5 2 4 2 1 1 2 3 1 2 2 1 1 1 3
0 0 0 0 0 0 0 0 0 0 0 0 0 0 1 0 0 0 2 4 8 8 15 26 42 55 56 46 67 52 48 48 46 33 24 27 50 57 58 51 52 26 32 60 31 25 23 42 31 48 15 12 15 18 39 53 85 85 67 60 42 34 14 30 16 8 5 3 1 0 0 0 1 1 1 1 2 3 2 4 2 1 6 6 3 1 1 3 3 1 2 3 3 6 8 15
0 0 0 0 0 0 0 0 0 0 0 0 0 0 0 1 0 0 1 2 5 12 7 22 23 40 51 41 9 23 42 36 27 28 39 48 54 37 65 32 43 34 15 51 40 43 18 19 15 38 33 24 22 19 18 16 36 64 72 71 76 35 24 14 9 6 5 3 2 0 0 0 1 1 1 2 6 4 5 4 5 2 2 11 5 2 2 3 3 2 4 2 5 7 12 18
0 0 0 0 0 0 0 0 0 0 0 0 0 0 0 1 0 0 1 1 3 5 4 12 12 14 16 12 10 12 23 26 27 39 36 26 41 59 53 13 35 41 16 37 37 14 9 41 40 35 58 39 45 44 42 44 44 54 47 34 43 69 43 26 17 12 9 3 2 0 0 1 2 3 3 2 5 7 5 4 4 4 1 7 11 5 4 2 5 3 5 6 4 9 11 7
0 0 0 0 0 0 0 0 0 0 0 0 0 0 1 0 1 0 0 0 1 1 3 4 6 16 18 25 34 24 34 24 26 44 39 34 34 25 13 18 34 47 71 48 28 31 12 25 33 34 50 63 36 49 63 38 30 25 27 17 16 25 36 31 21 9 7 3 1 0 1 2 2 3 4 4 3 12 7 12 5 10 6 6 24 8 11 4 7 7 7 13 8 9 8 13
0 0 0 0 0 0 0 0 0 0 0 0 0 1 1 1 1 0 0 1 1 1 2 4 8 13 19 21 27 46 41 51 47 66 27 23 29 36 34 34 63 61 30 32 58 34 25 30 28 62 63 30 48 44 33 34 48 40 46 25 18 12 11 11 11 7 3 2 1 0 1 2 2 5 4 4 4 7 10 15 11 6 12 7 29 6 8 9 5 14 9 9 9 7 9 9
0 0 0 0 0 0 0 0 1 1 0 0 0 0 2 6 0 0 0 1 2 3 2 3 5 7 15 12 17 31 38 34 32 33 39 40 36 48 47 34 22 19 14 11 22 38 47 31 61 73 27 15 20 44 44 41 32 40 25 20 19 12 9 5 4 3 2 1 1 1 2 3 3 4 4 4 5 7 13 11 12 10 12 21 29 8 10 12 7 17 11 5 14 6 3 8
0 0 0 0 0 0 0 1 1 1 0 0 0 1 2 2 0 1 0 1 2 3 3 2 2 3 8 13 17 29 23 23 33 33 34 36 36 32 30 28 24 18 15 13 20 12 17 51 24 46 23 20 21 18 30 75 51 52 37 25 15 12 8 5 3 3 2 1 1 1 2 3 2 4 4 8 10 6 9 22 17 21 23 23 31 17 20 7 22 16 5 8 11 5 7 9
0 0 0 1 1 0 0 1 1 2 0 0 1 1 2 3 1 1 1 3 4 7 4 6 6 2 4 8 12 11 18 15 25 31 33 22 21 12 17 23 40 41 45 41 37 53 41 19 11 19 30 50 49 39 42 25 36 37 44 35 22 11 7 6 4 3 2 1 0 2 3 3 4 4 9 8 7 14 9 8 14 15 19 28 12 65 24 9 16 15 4 10 8 18 9 14
0 1 0 2 1 0 0 1 1 2 0 0 1 1 2 3 3 0 2 4 5 12 7 8 9 13 8 7 6 8 10 20 38 35 16 34 18 35 24 26 32 40 29 27 24 36 22 23 38 51 54 43 46 41 47 17 14 13 12 19 14 12 9 7 5 5 3 1 0 2 3 3 5 7 9 4 8 6 13 6 11 9 20 13 29 55 14 11 25 8 5 11 11 14 20 19
0 1 1 1 1 1 1 1 2 4 0 1 1 2 2 5 1 0 2 4 9 15 18 10 26 16 19 20 12 14 9 40 52 38 45 31 28 39 28 23 37 20 31 18 28 32 30 31 28 51 49 35 45 46 41 18 30 33 30 32 24 18 16 15 10 8 4 1 1 3 4 3 9 6 8 15 16 11 6 12 9 15 17 27 23 42 32 27 24 10 10 17 9 9 4 21
0 0 1 1 1 1 1 1 2 3 1 1 2 6 7 2 1 0 3 5 6 19 20 26 16 21 36 28 25 27 27 41 58 56 48 53 53 34 58 37 22 34 15 11 13 25 24 29 29 32 39 39 43 35 44 45 45 48 45 43 40 35 21 12 6 4 3 1 1 4 6 5 11 14 9 12 18 13 15 4 20 7 9 23 29 45 52 59 24 14 19 15 20 22 14 32
1 1 2 2 4 2 1 1 4 3 1 1 3 8 4 1 0 1 3 5 10 16 19 24 31 24 36 32 47 52 52 44 23 33 47 47 48 26 43 43 44 33 21 20 40 27 23 45 20 15 17 28 49 62 44 46 62 56 48 28 40 21 8 9 9 4 2 1 1 4 10 6 10 14 19 14 20 13 18 14 10 26 13 5 7 24 45 60 26 32 24 22 19 33 13 14
1 1 1 2 6 3 1 2 3 5 1 1 4 8 3 1 1 2 5 5 7 10 14 23 39 24 34 32 29 49 59 48 49 40 42 28 35 38 46 37 38 26 23 33 53 41 34 35 13 10 16 44 57 35 63 65 34 37 24 22 15 11 16 15 6 5 3 1 1 2 12 8 9 9 14 22 17 17 9 16 8 32 19 15 8 7 22 36 50 61 32 27 22 25 10 14
1 2 2 1 3 6 2 3 8 1 1 1 2 14 4 1 1 3 5 6 13 22 24 39 43 37 22 28 47 45 29 58 79 67 39 38 28 34 47 37 23 37 39 28 34 21 30 21 43 32 40 46 49 59 64 49 57 36 35 32 22 17 13 8 7 6 2 1 1 3 4 16 10 10 13 15 30 28 19 36 13 12 21 19 15 14 14 27 48 51 34 33 27 30 16 26
1 2 4 4 2 5 2 5 17 2 2 5 6 9 2 2 0 1 6 9 20 17 21 44 46 45 40 17 14 17 28 30 34 17 21 34 51 35 36 53 45 34 27 25 18 13 18 25 50 50 52 52 57 61 73 66 58 46 34 34 27 27 24 10 8 7 3 2 2 8 8 10 22 10 12 15 33 31 21 16 26 14 11 28 30 17 21 22 36 48 56 35 29 21 33 17
1 2 6 9 4 11 2 5 20 6 3 8 10 5 1 0 0 1 3 10 23 27 24 27 40 53 38 19 24 21 28 30 37 33 25 16 30 40 53 51 35 34 17 28 30 18 29 15 5 12 51 43 35 52 48 35 34 54 48 37 36 16 14 12 8 7 6 1 3 8 12 11 12 5 18 19 21 38 50 36 37 22 16 15 30 20 17 27 43 77 69 35 23 19 33 16
2 2 3 12 5 9 5 4 8 10 4 12 8 1 1 1 1 2 5 13 17 21 33 20 29 45 60 27 22 23 37 36 36 38 33 41 31 37 26 14 19 34 23 24 36 25 23 8 29 38 43 59 75 65 45 66 61 73 48 32 35 29 24 18 16 7 6 3 5 11 10 19 25 11 11 34 26 43 35 31 47 18 27 28 48 23 14 20 15 31 56 31 32 16 46 35
2 2 2 6 19 8 13 5 18 7 18 6 2 1 2 2 4 3 14 23 12 21 27 34 14 31 49 65 37 40 25 39 31 21 18 20 27 21 17 16 20 11 9 6 19 12 19 13 37 34 29 51 42 58 65 61 39 55 33 23 25 26 23 17 8 6 5 9 9 12 17 22 5 16 28 34 35 26 41 24 58 24 28 22 28 46 34 38 44 35 41 28 51 20 30 52
6 3 3 3 7 17 18 8 33 13 10 2 1 2 3 6 6 4 5 5 13 16 28 50 46 29 35 18 44 60 25 41 24 21 31 34 38 25 24 21 15 17 31 23 12 6 7 9 26 40 43 48 54 42 52 45 38 28 19 7 18 22 17 14 7 5 5 10 12 13 17 29 9 8 4 8 30 51 63 23 51 43 31 33 21 17 55 31 45 44 38 51 21 23 39 52
4 7 5 4 4 10 30 13 11 4 2 1 2 4 9 13 13 4 6 8 15 21 21 9 15 14 20 34 15 22 45 67 45 46 19 38 15 22 25 6 9 12 10 8 11 32 16 17 26 36 43 30 30 40 38 40 27 40 28 31 37 24 19 10 15 14 8 14 14 17 17 29 9 18 11 16 16 13 34 35 29 53 36 38 24 46 48 17 42 58 56 47 20 27 25 30
5 10 6 10 14 22 23 10 9 2 3 2 4 10 11 14 18 11 13 15 19 22 19 17 14 22 20 14 17 32 19 28 34 57 36 58 17 15 16 19 18 13 16 20 11 9 17 16 29 42 56 29 30 37 50 26 46 61 65 53 42 25 23 21 17 16 17 26 17 18 20 24 13 24 22 17 32 28 34 53 23 56 37 56 24 21 44 12 22 30 55 36 17 31 31 56
7 13 9 14 21 29 20 4 2 1 5 4 10 13 14 19 13 30 25 17 22 23 22 28 34 25 28 19 23 47 22 12 9 13 15 38 47 36 33 55 41 36 23 21 22 13 6 19 47 39 46 18 21 38 39 45 56 70 39 41 46 25 25 20 18 18 21 33 20 21 22 25 24 25 37 20 33 33 33 34 54 77 48 57 41 15 45 28 12 18 35 44 29 35 28 11
9 19 22 19 48 27 5 3 5 6 11 10 9 18 17 26 10 20 46 14 28 21 13 19 29 38 17 28 33 36 58 24 19 11 12 8 11 8 18 43 52 30 33 28 27 21 14 18 37 30 25 22 30 36 56 55 50 42 45 29 46 35 21 8 25 12 14 44 26 25 36 27 42 27 39 32 32 40 33 28 26 18 62 65 52 22 26 26 13 12 22 47 29 41 48 33
11 17 41 32 41 6 6 6 7 12 15 15 23 31 11 19 12 22 26 42 17 34 14 13 17 34 35 38 35 25 15 36 17 22 16 12 12 13 12 17 25 15 12 20 10 6 9 24 23 24 24 20 18 33 52 63 31 56 68 55 25 20 12 7 36 23 24 38 33 27 42 31 60 42 40 46 31 33 48 34 28 19 46 46 52 26 14 54 17 18 29 43 53 50 33 38
8 22 48 61 25 4 8 15 16 16 31 36 19 25 15 14 32 15 26 25 21 26 20 18 21 30 28 46 35 40 44 32 44 25 24 19 13 12 11 18 20 11 10 11 14 11 18 41 22 26 22 18 28 45 63 55 78 55 41 51 30 15 5 15 19 44 28 32 39 27 34 33 53 47 31 46 47 32 35 52 41 14 26 56 64 30 10 32 27 20 33 24 66 53 28 65
11 27 52 27 4 6 18 17 13 37 25 50 15 31 18 14 19 51 16 27 45 27 39 18 19 37 43 36 34 53 34 35 55 18 25 21 16 20 6 18 15 8 20 25 22 20 36 30 35 38 40 44 41 37 43 55 59 45 48 35 30 14 8 24 20 31 30 31 41 29 32 35 35 55 32 33 56 34 37 39 53 21 29 33 52 30 15 26 38 29 20 19 20 46 39 30
13 43 34 16 8 13 23 26 16 31 16 48 19 29 42 16 39 54 13 38 54 22 50 19 18 37 47 50 23 17 51 17 18 38 52 33 9 17 8 16 8 6 8 10 14 18 22 32 44 47 36 28 22 29 28 36 44 48 34 50 33 20 17 26 34 40 21 29 38 42 29 28 18 43 33 33 42 42 36 32 16 16 44 26 51 30 21 13 24 46 12 25 49 46 39 10
16 35 34 23 11 15 33 49 16 22 22 41 19 30 54 24 41 53 24 23 35 38 38 24 20 23 24 35 40 43 20 27 14 12 4 39 36 12 9 10 8 11 17 15 19 21 19 26 39 52 42 46 33 37 31 34 21 35 36 19 19 31 28 30 29 35 41 34 38 44 20 33 21 31 39 33 41 21 17 38 21 20 19 25 53 61 24 13 25 37 8 15 42 50 52 31
39 36 44 19 16 25 29 37 19 30 26 31 37 22 51 23 21 47 27 20 22 20 67 41 19 18 21 20 28 32 51 34 11 25 5 9 36 13 7 10 6 22 26 27 14 21 8 19 35 55 58 34 29 17 18 36 46 62 38 18 10 29 30 30 32 32 50 24 39 47 20 29 33 34 48 7 28 38 20 18 34 18 18 19 28 43 18 13 17 40 13 12 15 41 66 53
71 34 15 17 26 29 31 36 22 57 36 21 46 24 56 23 22 35 31 18 22 36 52 30 17 24 19 37 38 39 32 35 26 33 5 11 13 29 5 7 15 24 13 21 18 23 15 7 25 49 52 56 40 26 36 41 48 59 50 22 11 39 31 23 31 33 41 29 22 46 32 18 21 47 44 21 18 19 41 12 26 47 22 22 61 42 11 30 4 44 30 12 9 7 20 27
18 10 20 17 27 30 47 41 38 46 33 23 70 22 26 54 28 53 38 16 19 30 29 59 27 31 16 33 40 39 28 19 28 49 12 14 10 42 8 8 9 11 9 12 10 22 20 24 27 53 48 38 51 32 26 23 21 43 43 11 19 28 36 19 34 33 29 45 22 48 39 27 30 23 39 20 20 27 25 25 11 8 42 20 29 48 21 43 10 26 60 17 34 22 14 10
39 22 43 32 29 34 56 34 61 45 19 30 52 33 34 56 20 24 59 13 34 29 20 49 17 33 29 24 27 31 41 40 9 25 14 16 9 10 31 10 4 14 13 25 21 11 9 24 42 42 59 51 17 27 27 5 22 27 20 10 23 50 42 20 17 43 22 37 19 26 68 19 36 38 24 27 24 23 39 27 32 17 17 34 12 44 58 48 17 27 76 18 20 15 30 12
69 40 23 39 41 44 40 37 61 37 32 35 28 32 31 40 23 20 53 24 33 25 13 24 37 31 28 19 22 20 26 28 35 11 16 38 12 10 18 27 8 22 15 22 24 21 22 10 41 18 11 9 10 23 24 49 32 17 23 21 16 37 27 21 22 34 47 16 42 15 45 17 31 42 12 18 37 14 22 31 36 23 16 6 12 10 36 65 26 19 46 26 23 17 29 20
85 46 32 35 36 44 21 39 46 19 38 33 33 35 26 47 27 24 41 17 18 40 16 8 5 13 14 8 31 49 25 28 40 6 11 3 23 10 13 58 9 11 11 19 24 15 31 17 66 31 24 15 16 15 42 46 26 8 10 35 16 13 33 21 36 22 54 15 54 13 25 33 22 31 15 38 22 20 14 16 27 34 25 14 12 14 9 15 43 58 44 37 26 16 36 21
67 32 22 44 27 29 27 29 50 18 32 25 28 52 25 51 26 47 25 15 14 31 23 12 12 15 16 17 21 25 45 40 14 11 6 6 5 23 8 52 5 6 6 16 16 12 28 17 11 25 31 29 7 35 46 40 25 16 7 39 25 19 10 37 35 34 48 17 47 24 16 22 38 50 21 15 25 10 21 5 8 26 13 18 12 10 13 7 8 21 56 34 16 21 41 25
77 35 61 34 35 27 27 28 26 20 34 33 18 58 55 19 37 33 37 28 28 15 25 19 25 31 19 28 14 14 19 19 18 13 5 10 5 8 17 31 12 4 8 6 11 13 13 35 10 13 19 19 27 57 50 35 25 23 7 15 34 18 27 22 29 52 31 38 10 35 53 11 44 65 26 5 19 8 12 6 21 18 25 24 7 5 7 11 11 9 23 44 33 11 40 11
72 52 26 27 27 32 41 28 32 18 25 22 32 39 43 15 16 17 20 5 23 17 23 29 37 32 25 33 30 8 10 16 42 26 7 5 26 7 5 18 27 4 12 7 12 24 22 19 9 13 13 18 41 44 42 23 7 21 20 11 31 16 23 27 11 21 19 23 15 19 51 16 33 37 3 8 10 21 16 11 2 24 4 9 16 1 2 4 13 14 22 7 45 16 29 9
18 49 19 31 30 27 34 22 62 21 24 25 24 9 38 22 23 10 32 15 13 23 24 26 29 16 28 39 32 4 10 13 21 25 26 16 10 23 6 5 31 3 8 7 5 32 38 20 16 14 20 38 43 37 42 17 12 24 18 20 35 19 10 10 22 17 14 36 13 20 48 28 51 21 3 13 5 2 8 20 4 11 9 11 22 6 10 6 9 8 8 19 29 31 38 6
32 58 21 24 16 29 35 35 20 34 25 21 27 12 24 16 23 14 60 20 9 15 19 53 16 15 23 35 31 7 12 11 26 17 30 17 8 10 21 6 32 5 6 5 6 18 10 22 7 34 26 39 40 43 21 7 16 24 18 23 42 26 38 15 14 24 13 37 12 17 15 23 39 4 4 3 5 4 12 9 8 3 1 14 15 16 15 11 6 6 5 4 8 37 22 6
32 67 46 7 17 20 47 33 19 42 27 16 10 16 13 23 7 32 14 6 11 19 28 17 36 17 14 16 16 13 7 21 22 20 18 19 15 19 23 9 36 5 8 7 7 8 16 44 25 14 34 51 50 37 5 15 24 31 20 28 17 41 18 42 25 12 10 18 8 17 23 39 20 18 12 12 1 10 17 7 14 4 1 8 9 26 22 8 7 4 6 5 2 12 22 22
14 30 48 7 28 14 32 44 15 38 23 12 3 19 10 32 12 26 19 23 8 10 25 30 24 14 10 14 18 25 3 8 14 30 21 10 15 30 12 24 33 13 7 17 9 9 6 35 44 38 50 53 40 10 15 28 33 28 21 31 36 29 11 25 36 4 10 8 17 7 17 24 16 28 12 11 7 18 13 3 26 30 7 10 4 4 11 12 6 10 2 6 8 29 8 20
19 35 45 15 18 7 14 15 21 21 21 8 3 14 16 59 17 12 16 5 14 24 24 31 17 7 7 7 18 13 8 14 26 15 7 3 14 26 26 10 22 15 12 21 17 13 16 63 48 68 70 54 7 12 16 16 24 28 23 27 43 12 32 21 19 41 60 9 6 3 5 35 8 25 22 16 13 24 19 14 19 49 11 14 6 3 10 14 33 27 11 6 33 12 12 34
16 21 52 26 28 11 10 18 7 30 25 17 8 10 7 23 18 9 16 9 14 19 13 13 14 7 29 6 13 23 10 10 26 27 10 8 23 11 11 17 3 11 4 15 32 59 76 56 51 50 26 5 11 16 24 19 23 23 19 13 16 8 23 15 4 30 9 1 1 8 11 13 31 10 30 18 19 21 36 17 26 33 9 25 9 8 8 8 9 17 20 30 10 29 36 50
19 10 6 51 12 8 3 4 4 19 41 11 11 7 11 27 6 8 23 7 10 14 12 10 5 11 5 5 2 20 8 10 13 15 11 14 12 12 4 8 5 7 4 52 51 53 78 83 51 16 5 11 11 17 20 18 23 25 18 4 1 3 22 29 37 39 5 4 3 19 29 16 18 6 34 13 32 13 23 9 13 28 15 25 14 18 4 3 6 5 4 9 22 10 33 28
20 22 9 57 3 11 15 5 18 2 24 10 9 15 14 38 9 15 23 14 4 11 12 30 4 10 3 24 3 4 8 12 23 17 6 11 35 17 6 8 16 60 70 72 80 44 61 81 58 2 9 15 14 14 3 14 16 15 16 1 1 15 47 48 39 13 7 20 20 11 31 31 7 9 16 18 37 26 42 46 50 32 13 20 26 19 18 1 6 9 11 7 11 22 32 27
17 14 7 58 10 4 5 6 32 2 7 24 9 9 10 31 7 14 27 11 7 9 9 29 5 6 5 10 15 14 6 12 15 13 13 25 15 13 13 26 54 77 83 70 81 79 69 59 3 6 19 13 15 18 4 11 27 27 10 4 3 22 44 33 16 12 18 18 20 17 25 40 51 13 10 16 17 20 24 12 7 18 23 47 37 28 6 4 16 3 18 15 12 26 50 20
15 12 6 22 24 33 9 7 28 7 7 25 2 7 5 7 13 11 18 10 4 2 1 19 4 9 19 12 25 8 7 12 9 23 10 22 12 5 16 40 33 16 58 72 76 64 4 6 12 8 10 7 15 15 9 4 5 60 11 19 10 16 12 35 27 12 27 26 18 44 35 33 5 11 13 26 26 20 16 13 17 18 27 21 28 7 15 8 7 2 8 19 9 19 47 19
12 12 6 9 38 14 9 4 18 4 4 15 7 2 1 3 8 2 20 7 8 1 4 4 9 14 19 11 13 6 17 14 16 8 13 16 12 5 16 32 16 42 25 15 10 4 17 23 15 15 9 8 7 1 6 15 7 23 23 14 11 15 6 17 8 10 12 33 39 47 15 5 10 17 18 20 42 20 35 18 27 29 28 25 31 5 11 8 14 2 20 15 12 12 16 7
11 11 9 4 32 3 6 7 24 9 3 6 21 4 3 5 4 3 14 13 4 4 4 13 22 10 9 16 5 9 9 11 13 18 12 9 16 8 31 34 71 62 22 5 15 15 4 7 10 3 5 1 6 2 8 16 7 41 16 6 10 10 21 14 3 13 20 49 35 2 7 1 6 20 42 41 23 24 11 20 24 21 28 40 13 15 16 15 7 3 21 15 13 15 10 2
6 6 12 26 7 3 8 5 12 5 3 2 15 6 4 4 3 5 5 19 5 3 1 5 16 17 16 10 4 8 4 10 9 18 6 12 20 11 27 22 22 28 6 15 17 9 8 12 22 12 4 1 1 2 12 21 4 21 13 10 10 10 19 5 4 6 28 32 3 1 3 11 5 5 12 37 35 37 8 15 21 23 29 18 23 16 16 15 21 4 10 14 8 5 5 6
24 5 9 36 37 3 6 4 16 4 6 2 8 4 6 1 7 3 7 4 4 2 2 8 9 23 15 4 5 5 2 5 12 4 12 7 9 8 30 15 22 28 8 14 4 15 3 2 6 14 9 1 1 4 1 6 17 8 16 1 3 24 12 3 8 23 30 32 4 0 2 11 8 9 12 22 31 14 8 11 18 27 24 38 15 19 30 11 9 3 12 13 9 5 4 5
12 3 0 3 8 4 4 5 8 4 2 1 1 7 3 0 3 3 7 2 2 2 2 12 10 10 16 2 6 6 3 2 2 9 12 10 14 49 25 68 62 34 6 3 2 13 9 5 4 11 6 7 1 3 6 4 25 19 2 0 0 15 11 9 25 31 28 25 1 5 6 16 34 3 10 22 18 13 8 8 21 14 15 7 11 38 14 15 5 6 4 6 4 2 6 1
5 8 2 7 3 11 5 2 0 3 4 2 1 2 1 1 4 3 22 0 1 3 4 11 4 4 4 1 4 3 5 3 4 5 7 16 30 34 67 44 22 47 12 3 4 8 1 1 1 5 8 7 4 1 6 9 5 31 6 4 6 28 10 3 14 23 15 23 5 9 12 13 19 4 5 11 9 26 11 8 2 2 2 6 5 12 5 6 6 3 3 2 1 2 1 2
5 10 12 6 1 3 2 7 1 2 3 2 3 2 4 3 3 3 4 1 1 2 7 4 7 4 5 1 5 1 3 3 3 7 8 32 48 67 80 43 11 3 12 11 4 1 8 23 4 13 17 3 7 11 8 15 3 12 3 11 4 30 5 11 17 13 17 27 5 6 11 14 11 3 1 2 11 13 39 14 3 3 8 10 3 5 4 5 3 1 1 3 1 1 3 3
