sesion_6_simulaciones/modelos_agentes/ejemplos_netlogo/scenarios/echam4_a2/rob_2037.asc
NCOLS 322 
NROWS 307 
XLLCORNER 451900 
YLLCORNER 4086900 
CELLSIZE 100 
NODATA_value -9999 
[rows 222 to 295 of 307, columns 96 to 191 of 322]
1 0 0 0 0 0 0 0 0 0 0 0 0 0 0 0 0 0 0 0 0 0 0 0 0 0 1 1 0 0 0 1 1 1 0 0 0 0 0 0 0 0 0 1 1 1 3 7 10 15 19 23 29 36 38 47 54 66 79 78 80 85 62 78 54 68 54 49 56 48 37 37 26 30 43 45 51 28 31 23 57 45 40 34 34 19 39 54 61 39 27 26 14 8 8 4
1 0 0 0 0 0 0 0 0 0 0 0 0 0 0 0 0 0 0 0 0 0 0 0 0 0 0 0 2 1 0 1 2 0 0 0 0 0 0 0 0 0 0 1 1 1 2 4 7 9 14 12 19 29 45 68 71 53 36 47 49 52 47 54 81 38 39 39 62 53 43 57 26 31 50 43 46 25 44 53 46 79 53 44 36 34 24 22 46 71 53 40 34 15 9 6
0 0 0 0 0 0 0 0 0 0 0 0 0 0 0 0 0 0 0 0 0 0 0 0 0 0 0 0 2 1 1 1 1 0 0 0 0 0 0 0 0 0 0 0 1 1 1 2 5 9 10 16 31 22 42 59 37 35 38 39 16 45 45 40 39 59 24 59 59 50 65 56 19 26 32 43 35 34 47 58 44 31 60 59 37 38 39 21 15 43 72 50 40 20 19 12
0 0 0 0 0 0 0 0 0 0 0 0 0 0 0 0 0 0 0 0 1 0 0 0 1 1 0 1 1 4 3 1 0 0 0 0 0 0 0 0 0 0 0 0 0 1 1 2 4 6 8 12 26 29 17 18 24 26 27 24 50 67 40 48 56 86 75 53 61 58 70 59 39 32 44 56 45 45 55 62 50 29 14 28 63 62 38 33 26 19 46 45 32 24 11 7
0 0 0 0 0 0 0 0 0 0 0 0 0 0 0 0 0 0 0 1 1 0 0 0 0 1 2 1 2 3 1 0 0 0 0 0 0 0 0 0 0 0 0 0 0 1 1 3 4 5 10 18 20 20 23 25 39 35 29 37 20 33 57 51 55 88 66 69 31 68 56 60 43 31 52 63 57 38 53 79 45 41 57 41 38 20 24 36 30 30 16 20 21 13 5 6
0 0 0 0 0 0 0 0 0 0 0 0 0 0 0 0 0 0 0 0 0 1 0 1 1 1 3 4 3 2 0 0 0 0 0 0 0 0 0 0 0 0 0 0 1 1 1 2 3 4 7 8 7 13 15 26 48 45 40 24 28 43 43 54 75 57 54 65 78 58 51 60 59 17 23 43 46 59 71 36 73 61 78 56 73 41 53 37 24 13 12 21 12 8 4 2
0 0 0 0 0 0 0 0 0 0 0 0 0 0 0 0 0 0 0 0 0 0 1 2 1 1 3 5 3 1 1 1 0 0 0 0 0 0 0 0 0 0 0 0 0 1 1 2 4 4 8 9 13 15 16 28 40 64 40 37 28 51 65 78 58 50 55 53 39 53 63 41 31 15 23 39 58 53 79 60 31 26 44 63 45 49 38 33 19 17 13 8 5 7 5 5
0 0 0 0 0 0 0 0 0 0 0 0 0 0 0 0 0 0 0 0 0 0 0 2 1 1 2 11 4 2 2 1 0 0 0 0 0 0 0 0 0 0 0 0 0 1 1 1 3 4 5 7 10 9 24 31 23 23 20 38 26 25 32 46 31 18 32 46 34 48 21 43 39 24 42 25 26 61 39 48 40 30 29 37 23 25 31 34 16 17 6 4 4 3 3 3
0 0 0 0 0 0 0 0 0 0 0 0 0 0 0 0 0 0 1 1 1 1 0 1 4 1 1 6 10 10 3 1 1 0 0 0 0 0 0 0 0 0 0 0 1 1 1 1 1 2 3 3 6 10 17 11 13 15 18 20 25 24 29 35 38 52 56 64 52 52 61 60 42 19 35 49 23 53 48 54 56 50 38 60 37 15 19 11 8 10 5 3 2 3 2 1
0 0 0 0 0 0 0 0 0 0 0 0 0 0 0 0 0 0 0 1 1 2 1 1 2 2 1 3 10 7 3 1 1 0 0 0 0 0 0 0 0 1 1 1 1 1 1 1 2 2 4 4 5 6 5 5 6 6 7 8 9 10 11 35 45 46 29 49 51 48 46 41 39 23 26 45 46 41 45 68 56 54 53 51 38 27 14 12 7 8 6 3 2 1 2 1
0 0 0 0 0 0 0 0 0 0 0 0 0 0 0 0 0 0 1 1 1 1 0 2 6 3 2 2 8 7 4 2 1 0 0 0 0 0 0 0 0 1 1 2 1 1 1 2 4 6 10 9 5 4 4 6 6 7 15 20 15 25 22 19 16 19 27 29 33 46 61 66 64 24 37 29 63 49 58 42 41 53 53 44 38 53 34 15 10 5 3 2 2 1 1 1
0 0 0 0 0 0 0 0 0 0 0 0 0 0 0 0 0 0 1 1 1 2 1 2 2 5 5 6 13 9 6 3 1 0 0 0 0 0 0 0 0 1 1 1 2 3 2 1 3 6 11 19 13 6 9 12 24 24 31 48 42 40 34 27 36 54 37 33 28 44 64 65 64 59 41 59 73 41 62 39 62 62 48 61 42 30 33 26 26 7 3 2 1 1 0 0
1 0 0 0 0 0 0 0 0 0 0 0 0 0 0 0 0 0 0 1 1 2 1 1 2 3 13 10 6 4 2 2 0 0 0 0 0 0 0 0 1 1 1 2 2 2 3 8 3 5 8 12 13 19 17 26 30 35 56 51 38 40 50 40 29 24 39 48 27 37 23 22 23 19 53 20 39 74 50 39 18 33 69 63 39 35 45 19 19 6 7 2 1 1 1 1
1 0 0 0 0 0 0 0 0 0 0 0 0 0 0 0 0 0 0 1 2 2 3 1 1 4 6 17 4 2 1 1 0 0 0 0 0 0 0 1 1 1 1 1 3 4 4 6 9 8 12 13 20 37 21 27 36 41 43 54 52 66 61 59 46 29 42 44 59 43 47 39 42 34 74 34 23 27 31 31 19 8 63 68 50 47 48 45 18 14 8 5 3 4 1 0
1 1 0 0 0 0 0 0 0 0 0 0 0 0 0 0 0 0 0 1 1 2 7 2 1 5 5 16 6 3 1 0 0 0 0 0 0 0 1 1 1 1 1 2 3 5 11 9 12 24 17 28 29 30 32 29 35 40 64 58 63 60 53 67 67 45 34 40 45 37 72 45 35 42 47 56 46 59 56 43 40 26 17 53 48 46 53 35 15 8 3 3 3 1 1 1
3 1 0 0 0 0 0 0 0 0 0 0 1 1 0 0 0 0 0 0 2 3 2 6 1 3 5 10 5 3 2 1 1 0 0 0 0 0 1 1 1 2 2 4 7 8 19 18 13 10 34 50 63 41 38 18 34 38 61 52 74 62 56 50 49 46 28 43 34 69 32 35 33 41 38 24 34 38 40 35 30 26 26 22 39 23 11 21 16 6 4 2 1 1 1 0
1 0 0 0 0 0 0 0 0 0 0 0 1 1 1 0 0 0 0 1 2 2 4 7 3 4 8 15 9 4 3 1 1 0 0 0 1 0 1 1 2 2 2 7 9 15 21 23 27 22 25 40 50 49 40 21 34 44 32 56 73 68 27 73 31 50 47 39 34 56 35 23 26 54 56 43 50 55 56 52 63 34 30 23 18 10 16 11 7 7 2 1 1 1 0 0
0 0 0 0 0 0 0 0 0 0 0 0 1 1 1 1 0 1 1 2 2 1 5 15 8 7 14 13 7 8 4 1 1 0 0 0 1 1 1 1 2 2 4 6 10 18 24 29 32 39 32 44 62 61 49 23 36 47 55 49 59 63 25 52 55 51 61 33 45 40 25 38 50 46 36 31 31 40 46 24 43 50 49 24 25 12 8 8 5 2 1 2 2 1 1 0
0 0 0 0 0 0 0 0 0 0 0 0 1 2 2 1 0 1 1 6 5 1 5 14 12 4 3 35 20 5 3 2 1 0 0 1 1 1 1 2 3 5 4 8 15 15 28 35 41 53 37 55 64 50 57 22 36 44 49 60 52 52 53 52 61 61 53 52 44 28 38 42 48 47 39 33 31 45 41 33 34 30 57 49 26 28 16 6 2 2 1 1 1 1 1 0
0 0 0 0 0 0 0 0 0 1 2 1 1 1 3 3 1 0 1 4 6 3 5 13 23 6 8 38 13 9 6 2 1 0 0 1 1 1 2 2 4 6 6 11 13 17 42 42 48 54 55 50 42 55 80 44 24 48 63 49 37 33 32 58 58 55 52 62 47 26 31 35 51 48 56 50 52 72 59 52 42 37 39 31 31 31 15 10 5 3 1 1 1 0 0 0
0 0 0 0 0 0 0 0 0 1 1 1 1 2 4 4 1 1 5 4 5 8 7 18 33 35 29 37 22 12 6 2 0 0 0 1 1 1 2 4 3 7 12 11 8 16 34 50 56 53 57 64 61 61 83 61 53 19 40 72 54 50 36 36 31 61 61 60 31 28 25 56 50 38 41 40 48 75 59 45 56 27 22 17 20 15 18 13 4 2 2 1 1 1 1 0
0 0 0 0 0 0 0 0 1 1 2 3 3 3 3 7 2 1 4 5 7 11 12 22 41 57 27 36 12 8 7 2 0 0 0 0 1 4 2 3 7 6 13 14 17 31 38 39 57 63 62 64 73 83 84 79 39 23 49 62 69 49 41 43 44 38 27 29 27 26 55 47 28 54 31 36 29 52 44 45 36 39 54 27 13 9 4 4 4 3 2 1 1 1 0 0
1 0 0 0 0 0 0 1 1 2 3 2 5 3 6 10 3 4 2 11 16 15 13 26 43 34 17 10 5 5 2 1 0 0 0 0 2 3 5 3 5 11 4 28 19 26 40 36 45 70 69 50 73 78 77 80 66 33 26 28 44 61 53 44 38 23 10 6 15 27 66 44 41 50 88 76 60 54 50 52 59 55 35 40 24 22 10 8 5 2 1 1 0 0 0 0
0 0 0 0 0 0 1 1 1 3 4 4 9 3 8 11 5 10 4 9 27 24 38 25 50 29 12 9 4 3 2 1 0 0 1 1 1 2 4 5 10 8 9 12 41 25 29 44 61 76 72 63 58 54 63 82 77 37 30 34 46 39 42 35 24 30 19 11 38 48 26 49 66 72 65 81 61 72 58 67 66 49 29 11 15 9 10 7 3 2 1 0 0 0 0 0
0 0 0 0 0 1 1 1 2 2 4 6 14 7 11 18 7 12 18 8 13 30 19 62 35 34 8 6 4 1 0 0 0 0 1 1 1 1 2 1 3 7 15 37 25 30 49 52 52 63 76 78 51 52 41 46 74 62 44 24 31 24 19 12 11 5 14 33 30 44 31 20 30 60 29 61 83 80 71 68 68 43 23 17 13 4 3 2 3 2 0 0 0 0 0 0
0 0 0 1 2 1 1 1 2 3 4 6 10 16 10 25 10 10 26 23 25 44 25 50 50 17 5 3 1 1 1 1 1 1 1 1 2 1 1 4 4 7 14 26 52 37 31 44 49 68 67 69 67 63 47 42 44 65 49 27 31 25 29 23 28 12 10 29 30 40 41 43 46 35 32 29 56 63 70 48 29 24 19 14 7 4 3 2 1 1 0 0 0 0 0 0
0 0 0 2 2 1 1 2 2 3 6 9 12 17 19 41 15 13 31 36 34 51 76 44 22 20 10 4 2 2 2 2 2 1 1 2 2 3 4 4 6 10 14 24 32 57 43 42 53 62 69 61 69 67 55 38 27 51 44 35 19 22 24 26 29 20 13 36 30 31 42 42 75 57 50 38 29 17 43 45 35 14 10 7 7 4 1 0 0 0 0 0 0 0 0 0
0 0 0 2 2 2 1 3 2 4 13 11 11 14 46 43 20 22 27 41 42 61 73 22 33 21 7 6 7 6 7 6 2 2 1 2 2 3 7 4 8 18 26 33 30 48 40 68 56 68 65 83 60 42 42 37 52 19 16 63 26 18 43 33 21 15 28 54 31 28 32 59 81 63 50 41 37 34 25 29 28 18 9 8 7 4 1 1 1 0 0 0 0 0 1 1
0 0 1 2 2 2 1 5 5 6 16 12 27 26 30 43 55 38 45 35 55 53 81 65 31 13 14 14 10 14 12 10 3 2 1 1 3 6 4 9 12 16 35 49 61 49 66 30 17 31 66 34 55 48 57 39 16 10 13 20 31 10 25 19 9 16 47 23 27 28 20 25 17 34 45 36 37 37 25 19 16 9 11 8 7 6 3 4 1 1 0 0 1 1 1 1
0 0 1 3 3 5 2 5 8 10 9 17 15 37 43 25 23 64 48 49 45 68 72 45 30 24 22 22 23 38 12 5 2 2 3 1 2 3 12 12 16 23 28 56 43 66 58 53 40 56 59 16 63 72 62 29 39 29 25 11 46 8 17 15 7 11 19 48 39 19 38 64 53 59 55 46 37 38 34 33 23 19 14 10 8 8 8 2 1 0 0 1 1 1 1 0
0 1 1 3 4 6 3 3 6 13 18 25 14 14 29 59 28 20 69 70 45 66 75 50 51 25 45 59 36 13 7 5 4 3 2 1 1 1 5 9 13 36 45 37 28 46 49 66 69 67 51 45 61 75 72 71 51 20 18 16 35 12 12 14 6 12 29 18 14 15 35 44 46 49 57 58 39 36 23 24 11 8 8 21 14 11 4 2 0 1 1 1 1 2 2 0
1 2 3 4 5 5 7 7 7 5 10 29 12 11 27 49 56 50 15 37 51 70 55 45 37 60 34 17 17 10 9 9 6 2 2 1 3 4 7 9 7 21 27 23 34 42 50 47 68 65 64 56 75 73 63 55 28 42 11 16 14 25 5 10 14 14 5 28 38 39 31 47 60 55 50 55 34 28 20 25 32 20 30 17 13 5 5 2 1 1 1 1 3 2 2 1
1 2 3 4 5 10 8 15 15 11 8 18 42 15 39 37 46 65 49 23 37 71 31 54 76 32 26 25 20 20 13 5 2 3 3 2 3 6 8 9 12 23 23 18 36 49 29 27 54 54 32 26 41 39 47 22 35 21 38 7 14 17 12 7 37 44 21 48 56 34 58 57 67 69 68 66 49 32 35 35 36 28 31 15 12 9 3 1 1 2 2 2 4 5 1 1
2 3 4 2 3 18 24 17 16 14 29 19 29 55 32 38 52 26 71 43 41 37 78 62 48 49 45 41 32 24 11 4 2 3 6 2 3 7 14 19 21 28 40 39 40 30 39 47 36 35 34 30 30 33 31 35 28 24 22 29 5 3 10 30 34 16 30 37 55 44 62 51 53 67 70 54 43 49 38 38 40 34 21 18 11 4 1 1 2 2 3 4 5 4 2 1
3 6 5 3 5 13 15 30 35 18 28 37 39 44 63 40 56 35 29 59 33 37 72 71 63 50 41 42 34 15 11 8 6 2 4 2 3 4 10 24 30 36 25 42 37 48 40 40 46 51 41 30 31 34 39 36 20 17 16 22 10 6 13 8 10 31 36 39 25 37 54 49 58 47 54 73 44 39 21 18 19 18 27 17 9 4 2 2 3 3 5 3 12 4 2 2
3 4 6 5 8 9 15 19 24 34 48 41 43 49 70 68 37 30 39 35 66 70 74 63 64 66 55 49 38 24 14 10 7 3 8 2 2 6 12 22 30 49 45 51 52 51 49 63 43 45 45 36 24 33 29 43 36 14 5 6 9 7 10 9 13 7 4 4 10 48 32 39 53 51 51 39 29 13 11 27 38 32 12 18 17 9 3 4 4 6 5 4 14 4 3 3
4 8 10 11 13 9 13 24 32 33 54 58 58 51 63 68 51 52 41 45 41 70 70 67 48 58 50 47 28 31 22 14 10 7 10 1 7 10 15 16 12 42 53 57 52 59 63 51 46 61 64 60 24 32 40 34 17 18 8 3 4 6 14 9 10 13 24 29 25 27 28 30 33 29 45 20 22 24 17 50 41 17 23 19 15 18 7 10 8 5 4 3 9 5 4 3
4 7 23 14 18 19 16 30 39 43 44 61 57 55 74 55 61 69 54 44 44 61 56 52 48 53 52 46 39 21 19 17 19 14 3 1 6 16 24 29 26 43 61 50 53 60 49 38 52 74 66 58 56 37 41 29 20 20 8 8 9 6 11 9 20 29 50 46 33 40 36 43 34 22 20 27 42 49 30 47 40 37 25 19 13 13 17 12 5 6 5 2 5 10 1 2
7 5 19 29 21 21 21 37 46 45 46 49 64 71 71 68 57 73 55 39 48 81 59 72 51 55 60 57 43 27 32 27 18 9 5 3 3 13 33 50 46 52 47 65 54 57 50 41 50 41 36 34 46 48 23 17 15 13 10 12 12 6 7 14 25 36 38 36 44 24 37 24 15 21 23 55 45 55 59 18 35 30 36 32 19 14 28 16 7 8 4 5 8 6 2 4
7 6 14 34 35 26 32 41 43 49 55 46 60 71 71 60 57 45 57 39 48 66 65 75 60 54 50 44 44 32 43 22 15 9 9 5 7 15 27 40 66 70 66 53 66 40 41 55 43 33 31 36 37 32 64 30 12 14 11 11 8 9 11 9 12 15 35 45 26 16 18 26 28 43 38 60 57 59 39 46 38 21 40 29 20 24 24 13 15 7 4 5 18 5 4 6
12 30 25 31 41 30 25 46 47 48 61 49 27 36 74 77 72 54 48 65 46 80 81 51 60 65 37 43 35 42 35 29 20 7 10 6 8 26 29 37 40 59 56 68 59 60 38 56 61 33 46 51 47 45 43 19 20 10 14 5 5 8 13 16 19 19 44 13 21 8 25 41 59 33 45 63 40 43 56 45 12 20 39 38 40 29 19 10 15 11 6 7 14 11 8 8
15 20 40 46 46 33 31 47 49 47 49 58 50 49 56 73 68 35 44 68 44 78 65 67 63 44 25 47 37 42 49 33 31 16 11 7 10 29 32 48 63 53 41 66 42 52 53 41 56 53 66 59 54 41 35 19 19 7 8 10 4 6 20 19 8 31 17 15 42 36 55 44 40 55 47 30 45 65 33 16 14 39 55 40 35 35 16 13 10 9 14 9 8 22 11 10
27 36 41 50 51 39 50 49 51 49 34 51 52 62 58 63 65 67 74 77 72 73 61 63 53 60 51 50 58 36 48 49 31 20 24 7 10 29 53 51 57 55 57 58 57 48 57 27 46 47 56 51 45 31 34 23 31 16 10 6 5 11 3 13 10 21 19 35 34 30 28 45 65 72 49 39 67 51 46 33 34 37 15 20 36 36 17 15 11 18 18 11 8 43 17 21
32 38 37 43 15 34 61 42 55 58 48 46 60 63 53 65 52 75 71 78 70 64 73 54 50 59 72 69 40 50 43 47 41 22 19 8 10 35 39 52 53 46 66 63 61 46 31 68 42 72 44 49 31 48 31 43 19 18 14 3 3 12 22 23 6 13 22 41 47 26 24 54 77 68 42 65 57 36 41 77 64 26 32 43 29 21 21 10 12 19 19 13 19 50 36 29
34 25 14 10 9 17 59 43 28 36 46 34 39 59 75 72 42 42 72 63 70 67 72 71 32 57 73 49 43 47 35 56 49 40 16 3 8 25 33 55 48 47 56 67 72 64 37 27 12 14 53 56 25 39 32 43 29 15 7 4 6 14 12 26 19 18 22 20 42 30 38 67 73 43 51 68 58 14 55 51 36 50 63 47 31 25 19 7 23 24 25 17 33 72 43 23
37 40 31 32 30 23 37 59 23 27 24 49 41 50 71 63 74 43 56 73 68 78 78 77 59 37 58 62 55 36 62 47 45 34 16 7 7 14 36 60 29 51 69 70 66 49 47 43 40 37 31 35 56 27 12 12 10 6 8 2 5 7 4 9 15 11 17 10 17 23 56 48 54 64 44 41 27 27 45 38 42 60 55 34 23 9 7 7 18 24 25 22 42 55 45 16
52 40 46 44 30 35 32 35 43 41 35 66 45 50 45 52 71 75 68 82 81 72 75 59 30 45 55 49 46 52 61 50 29 28 31 14 11 8 26 40 14 30 39 39 44 39 39 31 67 59 43 36 29 20 18 11 6 23 2 1 1 5 8 6 22 24 12 7 36 44 21 36 22 41 37 32 14 57 48 65 44 39 26 24 23 13 10 19 20 29 28 36 40 59 18 15
35 37 45 40 47 31 27 46 65 65 31 30 58 57 31 32 28 48 75 75 46 42 46 49 57 21 53 59 38 67 50 46 42 29 33 16 23 8 17 39 48 24 34 42 26 35 16 9 21 34 21 56 49 34 14 2 1 1 2 2 2 4 4 11 15 24 9 34 35 21 28 28 35 36 16 28 53 62 70 41 39 38 39 42 24 14 11 22 31 35 33 25 54 61 48 18
37 58 46 47 48 47 36 51 66 53 52 36 26 46 57 34 55 44 32 65 43 56 64 62 51 41 55 38 39 66 54 54 37 19 30 16 20 13 7 23 33 59 51 35 30 41 39 19 29 40 49 48 28 27 23 13 7 5 3 1 1 2 7 7 9 8 20 38 45 44 29 28 20 13 45 49 43 56 54 37 30 36 40 28 22 19 14 30 37 26 39 33 21 37 54 26
44 45 45 38 47 64 37 49 54 60 53 46 56 40 25 57 56 42 44 65 70 29 27 42 38 62 55 69 41 43 58 43 32 50 25 14 19 27 11 29 42 57 66 30 33 55 37 16 32 40 22 36 22 27 23 10 8 7 4 3 3 2 1 7 9 12 24 10 12 12 23 14 39 52 31 35 33 32 32 28 19 28 32 34 29 16 17 24 43 28 42 32 34 32 45 31
41 42 61 45 56 63 28 44 57 63 59 50 55 55 67 50 70 81 57 61 63 34 45 48 54 74 67 76 48 49 50 48 53 27 19 13 14 41 18 18 33 48 37 42 48 52 13 9 61 79 30 36 30 14 10 9 17 6 3 1 2 2 2 5 6 5 5 12 24 32 36 41 22 29 23 14 19 37 29 26 38 53 30 28 30 16 28 29 47 29 35 12 5 16 40 61
42 49 61 60 52 48 29 43 60 66 62 50 40 39 58 72 51 43 63 60 42 27 45 37 65 61 78 59 56 70 65 57 33 31 13 5 6 43 19 19 21 35 34 33 42 41 3 20 33 38 52 39 27 8 5 3 3 2 3 1 1 3 1 1 1 1 3 12 37 55 56 53 30 19 15 22 59 48 33 34 49 38 36 46 13 20 32 39 28 21 10 9 22 27 28 47
49 31 35 61 50 60 49 23 55 57 65 51 54 38 51 43 66 40 34 41 28 47 46 47 44 67 56 69 70 79 60 60 46 38 27 4 23 41 16 19 29 16 29 34 33 28 8 21 19 24 33 23 33 26 20 6 4 4 4 3 1 6 1 1 1 4 12 39 20 26 38 20 14 18 33 44 49 35 28 60 51 42 47 20 19 37 57 25 8 8 14 30 24 59 46 49
44 15 39 56 64 57 59 38 26 47 60 39 49 47 57 62 50 46 48 44 18 51 81 56 51 54 38 48 54 59 60 59 38 23 24 13 25 21 29 21 36 31 28 35 43 34 23 17 15 19 19 32 17 21 15 6 4 4 4 7 3 3 2 1 2 15 7 17 20 14 33 35 25 43 41 46 50 47 46 60 47 31 20 14 38 49 14 7 9 19 23 43 51 51 56 45
40 21 24 18 49 57 67 44 10 29 50 37 48 39 72 63 49 20 33 41 26 57 63 48 47 23 54 62 61 55 59 43 46 38 22 20 21 17 23 17 7 28 25 41 36 40 47 58 45 40 29 48 30 12 7 3 6 3 3 6 5 1 1 2 13 15 5 12 9 12 20 46 50 66 33 29 57 58 43 37 25 35 10 29 34 14 4 17 21 33 37 40 46 59 61 48
53 37 45 14 49 65 62 41 14 10 11 41 53 36 40 54 32 46 43 51 46 24 47 58 41 35 60 65 57 49 40 35 47 37 34 34 35 12 28 22 11 13 21 28 37 26 21 18 19 16 14 27 10 7 9 22 16 6 4 1 1 0 3 8 5 7 5 6 17 7 18 45 51 50 40 43 62 58 52 41 27 16 28 29 17 6 14 34 33 33 41 37 48 49 52 51
63 32 47 16 22 54 42 23 16 15 18 21 32 63 51 49 40 36 33 49 37 48 65 45 44 59 39 55 58 52 36 45 35 23 39 37 25 23 20 32 22 14 19 21 27 24 39 25 21 32 41 28 12 10 3 13 10 7 4 5 5 5 1 4 7 3 3 7 9 13 23 38 47 50 40 38 36 37 59 24 15 16 27 9 11 31 34 35 36 37 37 32 25 22 35 54
51 32 46 25 17 53 43 47 36 35 23 25 37 50 58 64 66 54 37 34 30 33 44 52 65 56 67 69 57 38 41 43 26 22 58 38 24 27 21 10 10 17 17 31 28 29 39 25 36 27 33 16 30 12 4 7 30 11 3 4 5 1 1 1 2 6 3 6 12 13 16 32 48 48 44 20 33 54 43 42 38 19 9 14 18 23 23 46 47 35 44 34 32 21 29 12
41 33 49 37 28 34 24 50 28 27 32 25 38 35 30 45 43 44 38 38 50 24 32 69 62 65 55 45 50 44 44 42 41 26 47 37 35 23 38 14 30 32 13 17 32 43 47 34 40 43 24 13 27 8 8 13 18 7 6 4 3 1 1 1 8 6 16 18 6 6 25 25 19 31 33 24 46 62 72 40 23 13 6 16 11 47 38 33 41 45 64 58 31 27 31 13
56 35 48 36 24 21 14 38 48 35 35 35 31 34 29 46 36 35 19 21 39 19 45 59 65 46 54 57 49 43 39 42 35 45 49 38 48 64 26 18 21 22 25 19 43 27 36 38 29 28 38 30 15 11 16 16 27 6 5 4 3 1 1 1 2 4 23 20 7 11 17 17 35 43 21 62 59 46 40 39 17 5 12 28 26 31 46 28 42 55 51 56 26 22 29 14
56 37 64 40 19 22 35 24 58 31 49 46 28 20 28 23 23 30 26 21 8 43 36 33 41 38 57 47 35 42 43 22 36 48 29 59 32 63 40 20 37 18 36 25 37 46 39 37 24 37 35 19 14 23 16 16 10 8 4 6 3 2 1 1 2 7 14 12 12 20 13 11 26 29 62 53 29 32 33 39 22 14 17 33 54 37 40 52 53 43 46 34 28 21 25 12
51 36 65 41 18 15 63 39 39 32 35 46 26 35 29 27 28 34 31 19 8 17 8 12 26 28 61 62 56 38 26 21 36 56 44 26 44 42 37 21 34 11 31 12 25 39 49 40 28 39 26 35 15 14 26 19 18 6 7 9 2 0 0 1 1 2 4 14 24 15 14 25 44 61 48 25 23 59 39 26 22 17 34 22 49 52 33 45 45 42 37 23 47 25 20 9
62 34 54 25 17 24 37 39 31 60 55 38 38 27 28 27 39 32 28 24 6 11 14 38 46 51 48 48 46 33 20 23 53 41 44 38 60 33 26 23 35 11 30 22 25 33 57 40 27 39 38 34 15 8 20 18 11 4 5 3 5 1 1 2 2 2 3 12 8 11 14 31 31 26 29 24 26 46 30 10 10 23 45 44 46 45 19 34 59 53 32 22 43 13 18 15
64 38 54 25 17 25 26 62 36 58 70 60 31 21 18 31 53 34 9 18 4 16 16 30 21 26 24 43 23 18 34 24 71 51 52 49 49 25 18 44 23 18 19 51 52 37 39 36 49 39 31 28 25 17 16 10 14 8 5 2 2 1 2 2 2 2 2 4 14 11 15 12 23 21 39 32 41 44 38 13 10 38 46 48 46 44 17 30 45 46 19 20 19 23 26 22
75 63 22 40 20 20 42 60 43 35 57 52 60 16 37 59 35 32 18 15 10 8 16 12 16 20 49 27 36 33 32 45 13 28 15 34 28 20 12 43 19 16 4 22 71 41 31 46 46 34 32 26 21 12 27 26 21 11 4 3 1 1 2 1 1 3 3 5 16 6 16 21 28 22 36 47 26 42 34 20 18 46 34 30 38 27 34 34 24 31 44 22 18 35 26 20
61 29 25 36 21 19 59 56 59 30 20 40 65 12 23 20 19 29 14 18 4 4 15 28 32 28 23 40 40 23 54 24 37 23 42 35 24 29 17 33 15 28 13 16 48 58 38 38 47 45 35 31 19 21 12 8 14 5 5 4 1 1 2 1 2 3 3 5 10 14 32 42 45 36 43 59 10 52 30 28 28 26 35 20 26 21 38 50 32 21 36 24 20 24 30 24
58 33 15 41 32 29 44 12 35 52 15 24 54 34 11 20 19 18 9 10 10 19 42 20 23 23 33 52 32 35 30 41 53 68 47 33 55 24 33 38 17 18 20 23 35 41 30 64 40 34 26 33 33 21 6 9 13 9 5 3 3 1 1 1 1 2 3 3 5 11 21 25 41 55 38 16 30 51 41 19 16 24 45 18 30 36 41 27 40 27 16 31 33 24 16 19
60 16 29 41 25 27 36 8 10 12 30 52 24 37 14 17 9 10 4 13 11 9 11 21 18 20 21 33 37 45 25 35 52 35 23 51 25 17 44 24 33 37 29 28 33 39 32 32 46 21 16 12 25 28 10 7 7 5 3 4 2 1 1 0 1 2 4 5 8 17 15 31 35 19 31 26 38 28 16 10 13 38 35 39 25 30 34 27 23 30 31 19 15 29 9 9
65 17 25 45 24 44 39 21 8 11 26 44 57 50 17 11 16 16 16 3 5 6 18 30 13 10 26 53 30 25 20 50 20 32 59 14 20 26 38 20 37 34 26 47 48 54 44 26 31 29 15 14 27 24 18 12 5 2 1 1 1 3 1 0 0 2 4 8 8 19 24 46 35 23 7 27 45 13 17 16 21 30 38 34 21 29 25 23 11 34 21 40 19 9 5 4
47 20 26 53 17 39 53 35 16 15 11 31 21 31 36 8 11 10 7 12 10 7 7 8 3 12 36 44 46 13 52 13 17 49 37 20 31 36 48 32 10 45 41 46 62 51 40 15 25 47 35 12 6 11 16 18 4 4 2 1 0 2 2 1 1 11 23 10 5 8 31 43 32 18 9 36 34 23 19 16 19 29 31 34 31 19 10 27 17 32 23 9 25 7 7 13
43 21 21 46 15 37 43 14 13 17 23 24 13 16 18 17 5 8 9 3 4 3 5 4 6 12 64 27 32 14 48 31 12 57 30 17 33 59 42 28 17 41 46 54 28 49 33 29 17 15 19 27 9 6 8 15 6 3 1 1 1 1 2 1 8 10 13 22 26 31 39 44 32 7 14 36 23 12 12 17 22 18 36 14 19 17 11 13 19 12 23 8 7 21 14 9
66 27 49 28 11 49 23 13 18 14 34 13 28 13 8 9 4 2 3 3 10 19 6 3 4 10 33 20 9 40 24 20 42 39 35 15 27 60 61 33 19 33 34 56 54 44 21 26 24 9 8 8 13 9 4 2 4 2 2 1 2 2 2 14 30 36 50 48 51 67 47 46 27 5 40 51 13 11 14 21 18 21 33 16 30 29 7 11 17 12 11 5 7 5 6 11
64 48 7 10 10 34 12 15 26 28 23 21 22 17 4 6 3 1 5 5 7 6 2 5 4 17 19 10 30 9 19 45 40 22 23 34 45 68 57 26 24 40 35 43 38 24 36 37 21 18 14 6 12 10 6 2 2 2 2 1 3 2 6 7 8 6 35 49 59 70 71 47 7 27 41 54 21 3 10 38 18 38 17 25 17 37 6 17 21 10 13 5 19 5 10 4
54 12 9 14 15 19 4 13 17 26 11 27 33 14 6 3 5 1 2 1 6 6 1 4 4 28 4 23 31 8 43 44 17 13 37 32 17 69 53 13 21 30 26 35 41 31 25 25 14 9 13 5 3 9 4 2 1 1 1 2 3 4 10 12 16 13 35 65 73 61 57 8 17 32 50 58 41 9 23 25 20 20 20 25 25 30 4 7 18 12 18 9 8 4 4 5
