sesion_6_simulaciones/modelos_agentes/ejemplos_netlogo/scenarios/echam4_a2/rob_2081.asc
NCOLS 322 
NROWS 307 
XLLCORNER 451900 
YLLCORNER 4086900 
CELLSIZE 100 
NODATA_value -9999 
[rows 73 to 145 of 307, columns 96 to 191 of 322]
1 1 1 1 4 2 9 20 4 2 1 3 2 2 0 0 0 0 0 0 0 0 0 0 0 0 0 0 0 0 0 0 0 0 0 0 0 0 0 0 0 0 0 0 0 0 0 0 0 0 0 0 0 0 0 0 0 0 1 1 1 3 3 4 5 8 5 5 6 11 9 6 7 14 5 3 12 5 7 25 16 25 26 30 66 78 65 52 55 49 30 29 22 6 10 9
1 4 2 1 1 2 2 7 2 1 1 5 1 12 5 2 0 0 0 0 1 0 0 0 0 0 0 0 0 0 0 0 0 0 0 0 0 0 0 0 0 0 0 0 0 0 0 0 0 0 0 0 0 0 0 0 0 0 1 0 0 2 2 1 2 5 2 3 4 5 4 6 3 6 1 1 4 5 7 7 3 17 46 48 36 24 34 45 36 46 44 47 50 37 11 5
1 2 2 1 1 2 3 8 3 4 5 2 1 1 1 2 1 1 1 2 6 1 1 0 0 0 0 0 0 0 0 0 0 0 0 0 0 0 0 0 0 0 0 0 0 0 0 0 1 0 0 0 0 0 0 0 0 0 0 0 0 0 2 1 2 1 1 1 2 3 1 5 1 1 1 0 4 2 1 5 16 18 10 12 21 25 25 27 43 44 62 70 59 55 33 20
3 2 1 3 1 4 2 9 3 9 6 1 2 5 3 1 1 3 1 3 2 3 1 1 0 0 0 0 0 0 0 0 0 0 0 0 0 0 0 0 0 0 0 0 0 0 0 0 0 0 0 0 0 0 0 0 0 0 0 0 0 0 1 0 1 0 1 0 2 1 0 1 1 1 1 1 1 0 4 3 5 7 17 12 26 35 37 55 64 53 62 68 62 58 50 41
3 1 4 4 2 2 4 6 5 7 17 4 6 2 2 4 6 2 4 2 5 6 1 1 1 0 0 0 0 0 0 0 0 0 0 0 1 0 0 0 0 0 0 0 0 0 0 0 0 0 0 0 0 0 0 0 0 0 0 0 0 0 0 0 0 0 1 0 1 0 0 0 0 0 0 0 0 0 2 1 4 5 7 16 39 43 57 45 50 68 50 62 53 54 46 45
4 2 4 5 8 4 5 6 2 22 37 23 6 2 7 4 5 6 10 2 2 3 3 5 0 0 0 0 1 0 0 0 0 0 0 0 0 0 0 0 0 0 0 0 0 0 0 0 0 1 0 0 0 0 0 0 0 0 0 0 0 0 0 0 0 0 0 0 0 0 0 0 0 0 0 0 0 0 1 1 3 11 23 21 34 54 30 42 54 40 51 40 37 48 45 68
12 13 4 13 22 8 3 9 3 8 20 28 14 5 5 1 8 17 4 4 4 2 6 5 1 0 2 2 1 1 2 0 0 0 0 0 0 0 0 0 0 0 0 0 0 0 0 1 1 1 1 1 1 0 0 0 0 0 0 0 0 0 0 0 0 0 0 0 0 0 0 1 0 0 1 1 0 0 1 3 3 8 13 15 16 37 43 60 49 32 35 27 27 43 70 58
42 64 29 29 5 4 3 3 3 12 5 3 19 20 2 8 19 5 2 2 4 1 0 4 3 3 3 2 3 1 2 1 0 0 0 0 0 0 0 0 1 0 0 0 0 0 0 0 1 0 2 3 1 1 1 0 0 1 1 0 0 0 0 0 0 0 0 0 0 0 0 0 0 0 0 1 1 6 0 1 3 3 11 10 13 17 38 52 39 35 34 33 63 64 33 33
36 27 48 6 5 5 8 6 5 6 8 1 5 7 6 8 2 13 7 5 3 3 0 1 6 9 4 1 1 2 0 0 1 1 1 0 1 0 0 0 1 0 0 0 0 0 0 0 0 0 3 5 1 4 1 0 1 0 0 0 1 0 0 0 0 0 0 0 1 0 0 0 0 0 0 0 0 4 3 2 1 2 7 9 5 10 31 29 28 28 32 44 61 52 26 49
74 72 46 18 14 22 21 11 10 7 15 1 5 9 13 4 4 29 8 4 10 16 4 4 7 42 4 0 1 1 0 0 0 0 3 0 0 0 0 0 1 0 0 0 0 0 0 0 0 2 2 9 5 5 1 1 2 1 1 0 1 0 0 0 0 0 0 0 1 0 1 1 1 0 0 0 0 0 3 8 13 1 3 3 3 16 14 8 15 29 26 55 29 32 26 58
19 38 77 68 8 9 23 22 45 13 17 3 11 29 11 2 6 51 6 9 7 7 3 19 4 5 2 3 2 1 1 1 0 1 5 1 1 0 0 1 0 0 0 0 0 0 0 0 0 1 1 9 5 7 4 2 4 1 3 1 1 1 0 0 1 0 1 0 1 1 2 2 1 0 0 0 0 0 0 11 8 2 0 3 7 2 5 6 12 11 22 23 11 21 22 70
14 24 35 65 57 13 23 20 11 37 25 10 15 41 18 9 19 40 12 9 4 4 26 32 15 9 2 9 4 2 0 0 3 9 7 4 3 0 1 0 0 0 0 0 0 0 0 0 1 0 0 2 10 15 3 6 3 3 12 3 1 0 0 0 3 0 2 1 0 1 2 2 0 0 1 0 0 0 0 2 13 8 6 1 1 3 6 11 8 22 7 12 15 39 16 42
19 37 53 45 58 55 55 48 22 28 43 7 17 52 36 32 21 28 22 30 31 4 16 16 46 23 21 25 8 9 2 10 15 7 6 19 7 1 1 1 0 0 0 0 0 0 0 0 1 1 2 2 17 17 6 2 4 16 16 5 1 0 1 1 2 1 5 3 2 1 6 1 2 2 2 0 0 1 1 1 3 16 3 13 13 1 4 1 7 3 3 9 6 19 15 32
20 20 10 9 32 51 35 23 20 24 27 12 32 64 35 9 23 14 26 42 48 32 8 10 10 11 37 49 11 19 29 21 23 8 10 8 8 5 2 2 0 2 1 1 0 0 1 1 1 2 1 3 23 47 13 8 15 16 26 9 2 1 1 1 7 2 9 3 2 1 3 2 1 0 1 0 0 0 1 1 0 9 12 6 5 11 5 6 5 8 6 9 20 19 31 11
16 9 1 4 27 30 9 17 16 23 12 21 53 46 17 8 14 22 42 35 50 79 26 9 8 12 60 48 52 7 37 18 13 38 34 25 7 12 3 5 2 8 1 2 1 0 1 0 1 1 2 5 7 50 21 38 23 29 54 10 3 3 2 6 6 3 7 3 2 0 1 1 3 1 1 1 0 0 0 1 3 0 12 10 9 10 12 25 40 10 31 33 23 13 62 8
21 20 7 5 29 25 18 22 23 15 21 26 40 52 21 6 58 54 28 29 33 44 67 60 29 14 34 53 64 64 30 53 35 9 9 6 5 19 2 6 17 7 2 1 1 1 0 1 2 4 7 4 8 20 30 45 46 56 51 22 10 12 14 10 10 1 4 5 3 1 1 4 6 2 1 3 0 0 0 1 2 2 1 10 28 41 13 5 6 14 16 40 25 16 28 53
21 12 14 6 20 14 10 48 23 17 13 18 67 37 16 10 48 29 50 56 44 53 72 68 61 23 40 11 23 60 31 35 38 25 21 18 10 5 6 29 4 3 1 0 1 2 1 1 2 5 6 9 8 13 8 42 52 54 65 24 13 15 7 21 21 4 9 8 1 0 1 3 1 1 7 4 0 0 0 1 1 3 6 2 19 36 25 23 26 16 9 9 21 14 8 23
11 16 9 8 7 6 7 42 32 11 32 45 69 68 19 11 31 11 48 79 74 68 31 49 69 47 42 36 61 82 76 63 32 40 23 11 10 5 14 3 3 1 0 3 7 2 1 1 1 2 4 6 6 8 3 5 44 61 72 27 42 26 42 37 45 4 25 6 5 2 1 2 3 3 9 1 0 5 0 1 1 1 4 6 2 23 21 10 5 10 10 11 9 17 23 21
26 26 19 12 11 7 7 17 33 27 26 56 42 31 48 21 50 16 9 33 37 75 45 42 36 20 37 60 84 90 62 69 78 69 61 19 10 8 34 2 7 5 9 8 8 2 4 1 0 1 6 11 21 25 33 10 4 3 21 41 30 40 36 46 51 17 57 15 13 9 3 3 4 15 4 1 1 1 1 0 1 2 3 5 8 2 7 19 11 13 7 13 33 46 40 40
17 15 10 9 12 9 5 3 21 39 38 41 36 18 20 12 54 30 16 58 45 53 43 47 57 46 30 72 39 65 73 66 72 64 11 15 15 20 9 3 24 15 24 11 5 2 10 5 4 2 6 6 13 13 25 7 3 3 5 26 50 71 51 59 35 11 45 30 8 5 11 12 4 7 2 2 5 2 3 2 1 2 2 4 10 6 2 4 7 9 31 37 54 53 55 50
11 9 11 12 11 10 10 6 9 17 29 41 40 33 18 13 58 26 11 42 28 39 42 55 42 61 55 64 43 14 36 43 28 20 30 24 50 52 14 12 7 21 56 11 5 19 11 5 7 3 5 5 5 11 17 24 12 5 6 54 76 63 77 74 59 57 57 59 28 5 22 9 4 1 1 5 2 1 2 1 1 2 2 3 8 6 11 5 2 14 35 70 73 65 65 39
13 6 19 29 21 20 17 20 14 15 26 34 31 24 23 13 41 22 9 27 40 37 36 37 44 57 52 50 54 40 18 14 22 34 30 58 70 24 40 34 18 50 55 16 32 13 14 3 15 3 7 7 19 37 46 41 22 7 9 18 74 61 78 78 68 58 63 70 58 19 14 11 7 4 3 2 3 11 1 1 1 1 3 3 2 6 16 19 7 11 20 18 41 48 56 47
29 29 22 34 35 29 32 32 26 7 18 22 19 24 18 22 19 16 14 27 28 31 18 26 45 49 49 45 44 65 20 28 27 41 79 82 53 23 56 64 36 53 54 37 24 27 15 6 16 6 6 16 20 43 58 49 28 12 7 10 14 65 80 79 72 51 73 58 29 7 16 20 4 5 11 5 6 2 0 5 1 1 2 2 11 6 5 9 19 25 29 17 11 14 26 32
30 15 29 27 36 30 45 31 21 24 4 9 7 14 24 18 25 20 12 14 30 36 22 22 22 26 60 48 46 22 33 20 42 83 76 74 23 39 84 46 28 36 37 12 18 46 16 25 18 14 8 25 50 32 23 31 40 42 32 19 21 35 64 65 74 62 41 43 17 16 21 12 7 9 10 11 6 4 1 2 1 0 1 6 7 11 8 10 16 25 42 47 36 21 12 30
19 23 29 22 33 35 29 30 29 30 36 21 14 6 7 10 23 21 12 10 22 11 14 19 17 26 59 68 42 31 42 13 65 81 63 32 34 72 81 63 22 42 28 20 60 51 21 15 35 35 9 21 36 59 49 36 13 24 35 42 33 39 30 46 26 45 50 37 21 32 30 21 11 7 11 8 4 9 1 0 2 1 1 3 8 8 9 10 9 16 35 37 39 25 29 14
26 17 30 33 36 24 27 42 26 34 29 32 31 21 15 7 10 19 10 15 22 19 13 17 13 27 31 66 22 23 47 18 58 75 39 37 38 59 48 49 37 40 23 62 65 21 29 65 51 33 29 12 9 18 17 32 19 32 59 66 44 57 36 23 24 35 27 23 22 42 28 32 8 17 17 9 15 2 2 1 3 0 0 1 2 8 12 10 9 9 30 26 38 41 47 31
13 10 28 32 16 27 14 19 39 35 28 33 32 36 27 14 8 6 4 3 5 6 12 16 7 12 15 17 16 59 36 14 24 32 31 55 57 68 90 72 56 42 56 60 55 40 37 76 62 41 67 32 23 39 47 36 28 28 22 45 72 54 37 23 25 40 29 22 31 36 38 41 22 6 6 4 6 2 1 1 0 2 1 1 2 5 8 12 23 16 21 29 39 59 46 43
6 13 46 25 29 15 44 22 40 42 29 38 34 17 20 21 23 20 19 19 21 20 11 11 11 4 8 11 29 63 15 26 31 21 45 64 69 27 57 52 58 42 42 55 49 40 56 78 68 63 66 56 18 17 22 21 29 46 48 15 19 35 33 35 30 35 28 28 25 32 35 43 24 20 3 5 5 2 0 0 3 0 0 2 2 4 7 13 13 30 26 44 52 55 50 54
7 15 32 19 19 21 16 19 40 31 35 36 31 33 23 33 21 31 31 31 22 36 20 19 32 22 4 9 17 47 18 31 39 33 43 44 38 40 33 16 55 61 44 34 47 74 81 80 66 61 68 53 29 23 35 50 55 47 50 28 9 34 29 23 35 24 22 25 32 34 26 29 17 12 11 6 2 3 6 7 4 7 2 1 1 2 4 7 16 15 42 43 46 53 59 66
6 27 8 12 18 16 17 12 30 37 19 17 41 28 26 22 24 29 31 33 33 33 33 30 25 33 16 2 13 31 13 26 37 42 42 37 35 44 44 20 35 77 61 29 64 66 87 78 28 21 31 47 56 48 40 45 49 42 34 23 13 44 27 18 23 25 26 36 36 36 27 26 23 27 26 23 7 13 10 7 4 3 1 0 0 1 4 6 8 14 29 41 53 68 67 69
15 4 9 9 8 16 23 26 9 15 23 32 34 35 20 31 27 32 31 44 44 33 48 35 48 33 34 11 6 28 17 21 33 40 51 45 50 46 45 18 28 47 62 30 58 56 74 41 19 21 37 36 56 56 52 43 49 44 32 36 16 25 23 16 42 29 37 54 40 37 32 24 48 41 55 24 19 8 10 2 1 0 0 1 0 1 2 3 9 21 22 24 24 28 27 35
3 4 11 30 33 21 7 5 8 27 29 30 16 31 32 35 32 44 41 43 44 45 41 50 49 39 25 23 6 7 7 14 13 42 46 71 76 54 57 31 24 24 34 11 33 39 25 27 25 33 32 50 67 59 60 65 64 61 67 51 26 23 27 16 43 49 51 34 23 31 47 37 37 34 32 35 18 6 3 2 1 0 3 1 5 3 1 2 10 9 9 19 30 39 41 45
7 15 14 4 4 8 12 6 13 26 28 28 23 27 27 38 29 39 41 51 29 54 55 52 46 37 22 19 8 6 4 6 11 26 44 56 53 60 65 48 49 40 37 13 28 34 39 67 74 67 84 58 75 77 77 64 72 59 55 47 26 32 31 14 14 26 31 43 47 36 43 59 28 26 19 24 20 2 1 1 1 2 6 3 6 3 9 2 3 5 9 17 23 38 50 49
10 5 9 11 11 7 13 7 21 20 21 24 41 28 38 37 37 56 50 37 44 51 63 37 49 42 38 17 17 11 3 2 3 15 33 42 66 78 76 45 29 40 36 25 31 44 70 50 74 67 63 49 86 81 77 59 50 47 44 27 25 15 13 5 4 22 43 62 63 42 44 64 46 20 11 12 4 4 4 2 1 4 4 5 10 11 5 5 3 3 5 11 20 33 33 60
4 4 4 4 4 3 2 8 24 16 18 35 23 31 37 39 51 29 29 55 46 57 60 40 35 32 39 36 31 27 14 11 5 13 34 27 24 58 70 56 42 41 39 38 53 49 26 43 60 87 58 64 78 67 75 70 58 46 28 25 22 17 3 12 5 16 41 51 73 49 44 16 26 24 12 16 10 5 3 1 2 5 4 7 10 5 2 5 1 1 4 11 15 12 35 45
2 4 8 11 10 5 5 10 17 27 23 23 18 28 52 57 35 24 26 60 48 36 41 46 36 34 43 44 34 30 26 25 13 7 34 36 17 20 21 15 20 31 33 38 51 38 39 56 86 44 35 54 86 73 63 47 43 43 49 42 20 18 4 6 4 15 36 41 50 49 39 24 33 18 18 17 15 13 7 4 6 14 6 5 7 7 8 13 9 3 2 3 4 17 28 30
3 9 6 22 7 7 8 17 14 21 23 8 9 28 29 26 21 24 37 67 35 34 39 46 42 45 38 37 30 21 15 20 27 13 8 25 31 18 15 14 16 30 30 26 28 43 52 33 82 42 55 71 85 60 41 48 43 29 27 36 24 25 3 10 6 8 21 18 37 33 40 39 42 30 47 37 54 7 3 1 13 13 16 9 2 14 19 35 19 8 13 5 16 14 12 59
4 5 15 15 7 14 11 12 22 19 14 10 13 27 17 39 13 23 63 38 29 30 41 48 54 54 43 37 23 32 28 25 28 25 10 6 21 11 13 11 13 24 24 24 27 41 47 43 28 44 66 83 83 57 52 50 35 34 34 28 25 12 12 10 7 8 25 40 47 46 48 45 49 54 54 35 6 3 2 9 9 21 31 44 13 26 38 31 22 9 6 7 5 17 16 27
5 10 5 4 7 8 7 22 6 13 5 12 16 51 27 20 13 43 14 15 43 30 27 25 35 37 39 43 47 36 44 43 30 30 18 19 4 19 16 12 11 13 14 27 37 57 31 50 18 25 57 76 91 86 58 49 42 24 36 26 23 14 20 6 4 15 37 53 66 61 51 53 54 43 30 19 8 9 8 11 22 28 29 56 40 40 24 4 2 1 3 16 12 12 16 20
5 5 3 3 4 6 13 1 13 3 4 10 25 38 26 8 32 26 24 11 13 30 14 17 32 35 53 39 53 57 48 52 33 32 27 22 18 6 9 12 16 12 15 29 31 46 12 39 13 43 53 25 72 79 56 40 26 24 24 11 26 32 16 9 5 35 50 48 46 48 45 44 47 42 55 51 23 17 11 8 18 18 17 55 46 26 15 10 10 8 16 2 12 13 12 18
1 3 3 2 3 7 9 1 5 4 10 5 22 11 7 16 27 11 15 15 52 35 23 20 32 55 43 59 59 71 52 35 11 42 31 31 35 18 7 3 10 17 17 27 31 10 27 42 12 41 30 66 71 50 51 49 49 38 23 16 30 27 23 15 4 7 32 47 49 40 41 48 60 42 28 17 8 6 21 5 19 40 33 35 24 19 38 30 14 16 9 5 6 15 29 40
28 1 3 3 4 2 5 8 6 4 14 8 6 5 7 34 9 17 14 45 41 26 40 31 20 49 51 59 78 68 69 37 21 25 21 20 27 31 30 4 4 15 26 24 12 22 67 31 14 41 76 75 80 41 39 52 38 35 32 22 29 17 18 10 6 5 12 26 34 34 13 27 23 17 23 20 10 6 14 14 20 47 79 35 23 40 39 26 33 17 6 11 5 15 15 31
18 36 21 27 18 6 1 0 12 3 23 43 52 25 11 18 19 29 16 31 25 28 36 32 35 45 62 78 54 64 59 47 52 39 35 39 17 28 37 16 2 11 19 23 10 11 15 16 7 45 63 85 77 32 43 47 49 35 24 33 28 17 18 4 6 6 39 43 39 50 48 45 53 36 19 12 9 20 18 27 46 42 56 72 39 47 59 41 15 5 13 17 3 4 13 25
10 32 24 24 13 11 17 4 19 7 3 13 51 47 61 16 10 23 29 29 24 21 35 30 42 50 66 54 63 67 67 59 52 53 59 36 33 38 31 23 16 3 8 14 26 15 13 7 12 38 62 38 58 26 56 38 51 48 33 22 26 29 15 5 4 23 38 49 51 60 68 49 27 30 39 13 13 23 30 62 56 53 58 54 13 28 25 26 33 39 42 8 17 3 5 10
10 40 12 37 22 13 45 14 12 29 17 12 44 58 39 24 34 21 59 77 73 60 30 18 52 42 57 50 48 48 57 54 56 62 61 54 45 34 24 28 29 12 7 11 20 11 21 6 11 17 29 29 68 49 71 69 47 58 36 41 14 14 11 6 13 30 43 36 50 57 68 66 63 45 47 38 38 31 34 67 70 45 40 39 27 29 45 50 30 68 14 20 21 20 4 5
18 31 20 23 49 16 25 5 20 33 32 11 3 41 43 30 49 31 39 69 77 32 69 18 54 54 57 45 49 29 43 64 68 71 73 51 32 33 39 32 15 12 8 5 29 15 22 7 6 5 24 45 71 30 42 25 55 65 63 38 13 10 6 3 16 28 46 37 51 56 60 65 48 23 15 15 42 24 61 70 85 81 30 28 32 44 66 31 52 66 36 33 15 7 6 6
3 11 5 24 43 21 28 3 26 63 15 9 7 19 52 45 50 55 16 39 53 43 42 52 15 26 73 39 26 21 12 19 40 41 50 59 45 52 53 31 20 10 3 2 10 18 18 17 3 17 28 55 47 64 44 30 34 31 23 14 21 10 8 5 12 24 31 31 39 45 45 28 26 28 21 27 64 74 60 61 79 86 70 31 21 38 30 43 72 44 28 5 2 2 3 6
4 23 41 23 43 14 43 26 38 71 38 21 21 32 60 73 34 6 6 13 22 12 33 71 26 13 64 46 56 23 3 22 53 50 32 62 60 55 33 21 11 7 2 1 2 22 26 12 9 31 35 48 30 41 35 38 13 11 27 29 19 11 3 9 17 16 18 21 23 35 35 29 37 25 30 56 76 78 78 51 63 74 70 42 15 29 42 58 46 17 11 17 14 8 11 20
6 4 4 7 10 20 51 10 46 54 80 42 30 25 21 13 11 7 8 20 17 18 16 66 26 53 51 49 67 74 35 24 36 30 41 56 53 47 42 36 19 6 2 2 2 8 20 17 7 17 38 51 10 24 33 57 30 15 18 24 8 7 3 7 13 29 68 48 49 56 55 67 61 33 49 86 84 86 81 66 24 50 70 68 27 32 42 59 39 30 72 24 9 8 10 34
8 15 6 7 12 34 52 39 23 44 78 53 22 11 28 23 9 27 8 11 16 17 19 73 22 26 58 42 51 64 42 36 52 27 19 25 16 26 24 28 30 25 6 2 2 4 4 8 9 17 35 38 8 28 21 20 37 38 19 9 6 6 2 11 13 28 38 57 70 72 87 60 23 31 70 90 87 80 82 84 77 40 76 76 31 36 52 40 26 64 50 24 19 24 4 1
11 17 16 8 13 9 50 61 56 25 82 45 18 7 24 22 29 29 18 12 17 23 6 40 63 8 25 32 60 80 38 11 27 24 41 47 42 42 31 27 25 16 18 5 1 1 1 3 5 15 43 38 12 19 25 18 30 23 14 10 6 4 4 9 8 35 43 61 72 67 34 25 35 43 71 79 86 82 80 70 83 57 51 61 49 59 40 27 58 85 36 33 27 24 16 3
16 13 20 8 8 10 40 78 43 41 71 65 51 8 26 25 47 31 26 22 24 42 19 23 85 29 48 44 68 66 64 46 46 57 52 47 52 48 46 21 13 8 14 9 4 1 3 7 14 36 55 46 15 25 23 6 10 21 22 13 5 2 2 10 25 45 75 75 61 37 42 36 44 82 76 71 88 69 59 55 82 70 59 28 25 52 43 57 85 58 40 38 53 21 17 6
56 8 21 11 10 18 33 45 12 15 82 58 9 6 27 37 51 44 56 43 52 44 43 35 58 38 24 57 66 57 67 65 43 36 36 25 39 43 47 38 19 13 8 3 5 1 2 5 10 25 44 35 19 13 8 7 6 5 5 5 6 5 2 7 23 57 62 50 33 31 45 43 72 83 85 74 64 80 51 59 84 65 37 20 45 67 71 75 80 32 56 77 53 33 28 9
9 26 8 10 10 8 17 34 26 35 64 32 17 6 28 25 55 24 58 41 50 60 52 39 46 62 42 28 16 53 48 63 35 27 41 36 26 21 35 32 16 9 10 4 2 1 2 5 22 38 41 13 14 15 10 6 8 3 4 2 1 1 7 12 28 47 34 16 30 47 44 44 80 87 78 73 66 76 81 50 66 62 36 31 57 58 72 85 62 56 80 60 50 36 20 16
9 7 18 20 10 12 7 12 9 16 27 15 42 19 13 28 59 30 26 57 35 26 14 62 61 72 22 21 10 29 66 74 64 40 30 23 28 18 21 11 15 13 5 4 3 1 1 6 14 20 28 18 7 11 7 8 12 4 2 1 1 1 8 11 39 21 9 26 47 46 49 73 75 79 77 79 73 68 83 62 50 58 38 36 60 63 81 83 68 50 45 56 39 20 18 25
20 15 10 30 32 20 21 8 6 27 17 15 45 47 17 29 47 49 24 31 29 36 31 86 66 64 46 8 12 11 33 40 64 58 39 31 24 19 13 11 34 17 10 6 1 2 1 4 18 20 22 18 22 10 10 12 11 7 2 1 0 0 3 19 17 6 16 41 50 64 62 80 81 71 58 45 49 54 66 70 61 36 28 38 57 60 76 73 55 30 41 27 13 16 20 36
23 19 13 23 26 39 21 9 3 23 22 13 15 28 18 24 38 44 25 26 25 17 21 43 19 35 61 14 17 16 9 36 66 62 38 27 35 62 57 41 24 11 3 4 5 2 1 1 4 13 12 16 18 10 10 10 15 6 2 1 0 0 1 5 3 11 19 27 46 82 73 70 85 81 61 46 28 16 39 57 51 30 15 27 49 63 75 55 30 46 46 40 59 33 39 36
68 32 22 10 20 35 55 8 13 25 29 21 8 19 18 11 29 50 23 21 21 18 9 29 7 13 46 37 10 22 8 14 44 80 61 37 25 20 21 17 17 14 11 4 1 4 4 1 1 11 11 12 14 20 7 4 8 5 3 1 1 0 0 2 15 38 42 61 72 60 82 85 76 86 82 66 54 36 18 20 43 33 13 7 23 39 47 20 30 44 44 73 65 40 30 39
62 86 36 24 8 16 15 14 17 25 22 14 29 11 17 7 10 53 31 22 18 15 7 21 22 3 30 39 14 21 14 6 28 57 75 54 36 37 48 36 18 12 9 3 2 1 2 1 0 2 11 17 14 5 13 6 3 2 1 1 1 0 0 3 16 48 59 41 41 56 76 72 70 74 89 73 54 31 17 12 14 12 2 10 23 14 19 27 46 50 73 71 37 37 37 45
22 78 84 62 31 18 6 29 14 11 13 15 34 20 14 11 11 52 39 30 15 6 5 15 28 3 21 25 20 26 16 9 31 24 30 67 36 15 31 33 21 8 5 6 2 1 1 1 0 1 6 11 12 9 7 6 5 2 1 0 0 0 2 7 15 14 13 40 73 71 67 65 61 70 76 73 56 36 38 19 5 2 2 10 32 48 42 28 41 62 57 34 27 37 45 47
15 63 66 82 50 29 15 30 30 10 24 16 20 20 30 21 12 26 51 17 14 10 3 10 21 10 15 21 7 30 32 8 31 29 27 15 69 46 45 28 18 9 8 4 2 1 0 1 1 0 2 5 4 4 11 4 4 2 1 1 0 0 1 7 16 25 39 44 69 77 69 81 74 41 50 65 53 51 42 30 10 1 3 11 29 39 58 66 37 29 21 31 35 38 61 46
36 51 44 73 43 26 26 25 30 25 21 20 22 32 28 24 21 22 35 30 13 11 6 19 28 23 17 20 8 14 38 18 8 17 21 40 47 15 59 31 14 8 6 7 1 1 0 0 1 0 0 1 4 6 13 5 3 2 1 1 0 0 1 6 14 24 32 59 68 72 88 81 83 68 43 34 50 42 36 30 6 2 8 27 36 44 59 70 62 48 46 25 37 38 69 63
33 52 25 57 59 59 42 32 28 24 17 13 16 21 22 29 18 20 13 28 20 10 7 12 9 24 19 19 13 6 14 9 7 18 27 42 44 21 64 20 26 22 10 8 4 1 0 0 0 1 0 0 1 4 16 6 3 2 1 1 0 0 1 7 15 22 35 43 67 52 83 80 73 73 81 56 51 39 23 7 3 2 7 23 48 60 64 67 70 59 49 39 32 55 88 79
48 41 43 30 45 26 35 31 64 51 28 10 18 17 16 28 16 15 19 18 19 16 7 4 11 19 8 20 16 8 7 4 13 15 63 66 38 31 17 28 25 19 8 6 4 2 0 0 0 1 0 0 0 2 10 3 2 1 1 1 0 0 0 3 12 24 34 64 74 77 80 85 79 69 67 70 50 40 14 4 1 11 18 7 22 50 59 63 63 39 48 47 69 89 90 82
28 50 36 30 26 19 22 18 22 24 16 16 11 11 11 11 10 13 13 19 18 13 8 2 4 24 5 13 9 13 6 3 17 37 46 60 65 82 78 66 22 16 6 4 3 1 1 0 0 0 0 0 0 1 2 4 5 1 1 0 0 0 1 4 14 39 67 78 79 86 86 85 86 82 53 45 50 21 15 2 4 22 43 32 27 16 28 30 29 39 38 64 67 90 91 82
21 35 21 25 11 12 10 4 10 9 7 10 13 5 5 9 9 9 10 12 15 10 9 3 6 11 5 13 13 5 9 4 3 14 23 21 25 26 30 5 17 10 11 3 2 2 1 0 0 0 0 0 0 1 0 0 2 2 1 0 0 0 3 12 28 23 39 53 77 87 74 90 78 73 48 32 30 22 13 1 4 14 40 48 67 48 48 36 42 55 57 66 82 86 83 79
5 7 13 7 6 6 5 4 10 11 4 5 3 4 6 5 4 3 4 7 8 8 11 4 6 12 18 4 10 9 5 4 3 2 1 1 3 7 15 10 12 4 3 1 1 1 1 0 0 0 0 0 0 1 0 0 1 1 0 0 0 0 2 11 19 35 32 53 69 62 74 82 80 64 38 25 16 5 2 1 4 8 25 35 42 58 68 57 68 80 70 60 79 75 82 77
21 7 3 4 5 6 9 19 10 11 22 23 21 35 14 13 5 3 2 2 4 5 4 4 5 6 11 7 11 10 6 4 1 0 2 6 3 1 4 9 17 13 10 8 4 2 1 0 0 0 0 0 0 1 0 0 1 1 0 0 0 0 4 4 12 27 33 67 61 63 78 65 68 38 25 13 3 2 1 5 9 26 35 45 44 62 87 84 43 43 78 88 73 53 61 78
42 28 11 24 20 24 22 34 21 26 39 42 51 46 42 26 19 10 7 4 4 1 3 2 3 10 10 7 3 12 4 2 1 1 6 3 1 3 2 7 11 8 3 2 3 1 1 0 0 0 0 0 0 0 1 0 0 0 0 0 0 1 1 4 15 37 40 34 50 59 60 54 62 28 17 8 2 1 6 15 29 38 46 54 76 80 72 30 37 66 91 88 91 55 46 58
50 27 21 41 38 39 38 42 42 45 40 38 44 64 47 37 29 27 20 9 9 8 1 1 1 3 6 7 9 3 2 1 1 3 5 5 4 2 1 1 5 6 5 1 1 2 1 0 0 0 0 0 0 0 1 0 0 0 0 0 0 0 2 6 21 39 53 33 21 21 40 42 25 17 5 3 0 3 13 21 44 41 62 80 78 50 22 30 48 85 90 83 78 79 30 19
43 41 29 50 42 51 36 38 52 39 54 44 58 49 44 44 60 44 16 28 22 11 7 6 5 2 1 2 2 1 1 1 1 2 3 4 4 6 5 3 3 8 8 6 1 2 1 1 0 0 0 0 0 0 0 0 0 0 0 0 0 1 4 5 19 39 51 43 16 37 24 21 13 4 1 0 1 5 14 19 42 68 60 50 28 17 29 45 62 79 83 82 66 84 48 19
39 38 28 46 60 76 68 56 68 60 56 44 73 66 69 69 46 27 29 50 31 12 16 15 15 9 4 2 1 1 0 0 1 1 1 2 2 4 9 6 1 3 2 2 3 2 1 1 0 0 0 0 0 0 0 0 0 0 0 0 0 1 2 4 16 38 62 44 20 15 19 12 6 1 0 0 2 7 12 16 45 44 36 9 23 42 46 68 77 67 78 66 59 70 77 19
58 63 60 55 59 60 44 30 67 42 41 36 41 57 69 43 48 57 55 59 46 14 3 10 23 11 9 6 3 1 1 0 1 2 3 4 1 1 0 0 1 1 1 0 1 2 1 1 0 0 0 0 0 0 0 0 0 0 0 0 0 1 2 3 6 39 68 62 18 26 11 4 2 0 0 0 2 6 11 18 17 6 8 25 39 44 49 84 83 94 74 38 38 48 64 27
