sesion_6_simulaciones/modelos_agentes/ejemplos_netlogo/scenarios/echam4_a2/rob_2097.asc
NCOLS 322 
NROWS 307 
XLLCORNER 451900 
YLLCORNER 4086900 
CELLSIZE 100 
NODATA_value -9999 
[rows 0 to 72 of 307, columns 96 to 191 of 322]
0 0 0 0 0 0 0 0 0 0 0 0 0 0 0 0 0 0 0 0 0 0 0 0 0 0 0 0 0 0 0 0 0 0 0 0 0 0 0 0 0 0 1 1 2 1 2 2 3 1 1 1 0 0 0 0 0 0 0 0 0 0 0 0 0 0 0 0 0 0 1 0 0 1 1 1 1 3 1 15 12 7 13 17 28 17 18 21 23 32 13 8 5 1 3 5
0 0 0 0 0 0 0 0 0 0 0 0 0 0 0 0 0 0 0 0 0 0 0 0 0 0 0 0 0 0 0 0 0 0 0 0 0 0 0 0 0 0 0 1 7 9 8 4 13 2 4 2 0 0 1 0 0 0 0 0 0 0 0 0 0 0 0 0 0 0 0 1 2 1 2 3 6 3 3 5 6 5 12 16 25 15 15 20 21 14 17 10 12 4 5 5
0 0 0 0 0 0 0 0 0 0 0 0 0 0 0 0 0 0 0 0 0 0 0 0 0 0 0 0 0 0 0 0 0 0 0 0 0 0 0 0 0 1 1 1 0 0 0 1 16 5 5 4 1 2 1 1 0 0 0 0 0 0 1 1 1 0 0 1 0 0 0 0 1 1 1 4 9 13 6 4 5 5 10 11 17 13 14 23 9 9 12 7 9 7 4 4
0 0 0 0 0 0 0 0 0 0 0 0 0 0 0 0 0 0 0 0 0 0 0 0 0 0 0 0 0 0 0 0 0 0 0 0 0 0 0 1 2 4 2 0 0 0 0 0 1 0 1 0 0 0 1 0 0 0 0 0 0 0 3 2 2 4 2 1 1 0 0 1 0 0 1 2 4 2 2 3 5 6 10 13 13 11 9 12 7 6 10 10 5 6 2 4
0 0 0 0 0 0 0 0 0 0 0 0 0 0 0 0 0 0 0 0 0 0 0 0 0 0 0 0 0 0 0 0 0 0 0 0 0 1 2 5 8 6 4 1 1 0 0 1 0 0 0 0 0 1 0 0 0 0 0 0 1 2 1 3 2 1 2 0 1 1 1 0 0 0 1 1 2 2 3 3 4 3 16 10 6 7 7 12 7 7 9 10 2 5 5 7
0 0 0 0 0 0 0 0 0 0 0 0 0 0 0 0 0 0 0 0 0 0 0 0 0 0 0 0 0 0 0 0 0 0 0 1 1 3 6 6 10 12 12 4 1 1 1 1 1 0 1 2 0 0 0 0 0 0 0 0 1 2 0 0 0 1 1 0 0 0 0 1 2 1 1 0 1 1 1 2 2 3 4 4 6 4 4 9 7 3 6 3 3 4 13 3
0 0 0 0 0 0 0 0 0 0 0 0 0 0 0 0 0 0 0 0 0 0 0 0 0 0 0 0 0 0 0 0 0 0 0 3 5 7 8 12 16 18 5 2 2 6 2 2 1 1 1 1 1 1 1 0 0 0 0 0 0 0 0 0 0 0 1 2 1 1 0 0 0 0 1 1 1 1 1 1 1 1 1 1 3 4 3 4 4 1 5 3 4 4 2 3
0 0 0 0 0 0 0 0 0 0 0 0 0 0 0 0 0 0 0 0 0 0 0 0 0 0 0 0 0 0 0 0 0 1 1 2 6 11 14 15 13 4 4 3 8 6 3 9 4 3 1 1 2 2 1 1 0 1 2 2 1 0 0 0 0 0 1 0 1 0 1 0 0 0 0 1 1 6 2 1 1 2 1 1 4 2 2 2 3 4 3 2 1 1 2 2
0 0 0 0 0 0 0 0 0 0 0 0 0 0 0 0 0 0 0 0 0 0 0 0 0 0 0 0 0 0 0 0 0 2 5 2 1 3 3 3 7 4 3 6 17 12 4 6 5 3 2 1 10 2 1 1 1 2 0 1 2 1 1 0 0 0 0 0 0 0 1 1 0 0 1 0 1 1 1 5 3 10 2 2 1 1 1 9 3 3 3 19 7 2 2 3
0 0 0 0 0 0 0 0 0 0 0 0 0 0 0 0 0 0 0 0 0 0 0 0 0 0 0 0 0 0 0 0 1 1 4 3 3 4 2 3 2 2 3 8 25 11 3 3 4 4 3 1 2 19 8 6 0 1 0 2 1 1 0 0 0 0 0 0 0 1 1 1 1 1 1 2 0 1 5 6 2 11 4 2 1 1 1 2 2 6 2 5 27 14 2 2
0 0 0 0 0 0 0 0 0 0 0 0 0 0 0 0 0 0 0 0 0 0 0 0 0 0 0 0 0 0 0 1 5 4 2 2 3 9 10 6 4 2 2 2 12 3 3 5 6 3 4 2 3 4 31 12 1 1 1 2 1 1 0 0 0 0 0 0 1 2 2 2 1 1 2 3 2 1 1 5 3 2 6 7 1 2 1 2 14 10 9 6 21 37 11 4
0 0 0 0 0 0 0 0 0 0 0 0 0 0 0 0 0 0 0 0 0 0 0 0 0 0 0 0 0 1 1 2 3 3 3 3 4 11 12 9 5 2 3 6 7 3 3 11 4 4 9 3 4 9 3 8 2 2 2 1 0 0 1 1 0 0 1 1 2 10 14 13 1 2 3 4 2 1 2 9 3 1 5 8 2 3 3 3 12 5 4 6 18 20 18 10
0 0 0 0 0 0 0 0 0 0 0 0 0 0 0 0 0 0 0 0 0 0 0 0 0 0 0 0 0 1 3 2 3 3 4 7 13 4 6 15 5 2 3 13 9 3 6 6 7 9 15 9 10 21 9 6 5 3 4 1 1 1 1 1 1 0 0 2 5 3 9 8 4 2 1 4 2 2 1 2 4 1 9 15 3 3 7 5 4 17 9 3 6 10 20 29
0 0 0 0 0 0 0 0 0 0 0 0 0 0 0 0 0 0 0 0 0 0 0 0 0 0 0 0 0 0 1 2 2 1 2 2 3 2 2 4 5 1 1 1 4 2 5 5 21 30 35 31 17 18 8 13 10 5 4 3 1 1 2 2 1 1 1 1 1 1 0 0 3 3 1 2 1 2 2 1 1 1 3 12 14 4 7 9 7 6 16 7 14 23 48 24
0 0 0 0 0 0 0 0 0 0 0 0 0 0 0 0 0 0 0 0 0 0 0 0 0 0 0 0 0 1 1 1 1 1 2 2 3 3 1 0 4 1 3 2 1 1 6 14 15 42 43 37 24 31 15 31 20 9 7 8 1 2 3 3 1 1 1 1 1 0 0 2 7 3 2 3 3 2 1 1 3 1 4 16 22 6 3 4 7 5 4 3 12 20 25 22
0 0 0 0 0 0 0 0 0 0 0 0 0 0 0 0 0 0 0 0 0 0 0 0 0 0 0 0 0 0 0 1 2 2 2 3 9 11 5 1 1 1 1 2 1 1 1 9 18 20 31 23 20 19 28 15 16 9 11 8 1 3 1 3 5 3 1 1 2 0 1 6 6 5 1 1 1 3 4 4 3 4 4 16 38 55 21 12 6 5 5 3 14 49 33 17
0 0 0 0 0 0 0 0 0 0 0 0 0 0 0 0 0 0 0 0 0 0 0 0 0 0 0 0 1 1 1 0 1 2 2 5 10 14 13 1 2 2 1 2 5 6 7 2 9 17 10 10 8 8 14 25 20 18 16 16 2 5 3 2 5 1 1 1 1 1 1 6 3 5 1 1 1 1 6 4 6 7 9 13 46 66 63 14 7 7 7 6 19 47 54 44
0 0 0 0 0 0 0 0 0 0 0 0 0 0 0 0 0 0 0 0 0 0 0 0 0 0 0 0 0 0 0 0 1 1 3 9 6 10 12 5 8 10 7 7 12 12 16 9 3 1 2 3 2 1 5 36 63 72 28 6 13 5 4 2 4 2 1 2 1 1 8 5 5 4 1 3 6 3 4 7 4 6 4 3 34 41 35 33 21 11 12 10 13 32 34 13
0 0 0 0 0 0 0 0 0 0 0 0 0 0 0 0 0 0 0 0 0 0 0 0 0 0 0 0 0 0 0 1 0 2 2 4 2 3 5 13 9 13 17 25 22 12 19 19 9 6 5 5 7 1 1 7 68 69 31 11 8 11 4 2 3 1 1 1 0 5 11 9 6 10 2 2 9 9 8 35 12 9 5 3 8 27 34 30 38 20 16 19 10 23 62 13
0 0 0 0 0 0 0 0 0 0 0 0 0 0 0 0 0 0 0 0 0 0 0 0 0 0 0 0 0 0 0 1 1 1 1 1 2 4 4 7 18 23 20 10 14 7 15 21 12 9 9 3 6 3 5 3 15 23 30 24 12 5 3 6 4 1 1 5 15 7 14 28 6 31 7 2 8 26 15 39 24 20 14 7 9 41 65 47 57 35 29 19 8 16 56 42
0 0 0 0 0 0 0 0 0 0 0 0 0 0 0 0 0 0 0 0 0 0 0 0 0 0 0 0 0 0 0 0 0 1 1 1 1 3 2 10 5 9 21 17 10 9 13 24 23 11 18 13 4 9 11 8 12 32 42 28 5 5 23 13 5 1 4 7 11 13 7 9 5 8 20 11 6 7 9 45 11 11 28 19 17 9 54 33 63 30 39 21 15 15 25 46
0 0 0 0 0 0 0 0 0 0 0 0 0 0 0 0 0 0 0 0 0 0 0 0 0 0 0 0 0 0 0 0 0 1 2 1 4 2 4 2 6 6 6 8 19 24 61 50 46 17 18 13 13 14 21 17 17 30 52 44 36 5 7 7 3 3 14 2 8 14 15 8 12 5 23 28 12 7 11 64 74 28 11 47 35 13 10 21 63 51 43 42 21 19 22 54
0 0 0 0 0 0 0 0 0 0 0 0 0 0 0 0 0 0 0 0 0 0 0 0 0 0 0 0 0 0 0 1 2 0 0 5 4 1 1 2 5 14 10 8 9 37 37 16 22 16 32 20 19 20 20 23 14 24 44 22 14 10 4 3 3 8 16 1 7 4 15 24 15 5 5 20 19 33 13 44 79 46 45 18 37 21 7 20 68 75 28 60 39 26 32 54
0 0 0 0 0 0 0 0 0 0 0 0 0 0 0 0 0 0 0 0 0 0 0 0 0 0 0 0 0 0 0 0 0 0 0 1 1 2 1 3 4 11 14 20 21 9 8 6 4 4 16 13 8 11 21 11 13 16 16 21 20 11 5 6 14 10 7 3 5 6 8 18 13 17 11 45 46 26 23 12 54 59 39 62 24 19 15 18 20 60 26 43 40 24 21 31
0 0 0 0 0 0 0 0 0 0 0 0 0 0 0 0 0 0 0 0 0 0 0 0 0 0 0 0 1 1 0 0 0 0 0 0 0 2 3 1 2 8 18 28 22 20 19 17 14 14 7 6 4 2 3 3 3 6 23 24 26 10 12 12 6 14 6 7 12 11 7 13 29 38 8 41 52 29 32 21 42 62 33 16 52 32 20 23 19 34 35 37 52 29 19 18
0 0 0 0 0 0 0 0 0 0 0 0 0 0 0 0 0 0 0 0 0 1 2 4 3 2 2 1 2 1 4 6 9 2 1 0 1 1 1 2 5 4 8 13 25 30 34 25 23 24 13 14 15 15 15 15 15 13 33 34 20 14 9 8 6 16 14 19 7 26 8 6 28 18 9 28 31 15 19 19 22 37 67 21 26 18 25 13 14 25 20 33 18 19 14 18
0 0 0 0 0 0 0 0 0 0 0 0 0 0 0 0 0 1 0 1 3 4 8 8 6 10 8 7 7 10 5 2 4 6 3 1 1 1 1 0 3 4 7 17 17 19 28 23 25 25 20 20 24 25 14 23 14 17 26 16 17 9 5 5 4 23 11 21 19 25 6 8 14 19 14 30 29 45 13 21 23 12 37 28 18 39 17 18 5 14 23 17 22 17 20 21
0 0 0 0 0 0 0 0 0 0 0 0 0 0 0 2 2 1 2 1 1 2 3 11 13 13 30 23 20 19 1 1 1 1 3 2 4 2 2 2 2 8 12 15 19 17 15 35 28 21 18 18 20 20 19 20 22 6 13 10 11 6 6 8 17 37 38 14 19 8 12 7 16 19 23 14 13 27 33 18 30 20 33 32 12 38 21 15 5 10 25 25 19 27 18 11
0 0 0 0 0 0 0 0 0 0 0 1 2 3 8 9 5 4 7 3 1 1 3 8 5 7 4 15 14 11 6 1 1 0 1 1 2 2 3 3 1 4 7 10 6 6 4 12 18 18 26 27 17 17 17 29 22 7 8 6 4 8 16 21 30 23 12 12 8 18 18 26 15 14 17 16 16 19 35 25 22 22 22 16 21 20 22 19 14 7 17 10 13 20 9 10
0 0 0 0 0 0 0 0 0 1 3 4 5 16 10 22 9 7 19 2 6 2 1 4 3 2 3 4 4 3 9 3 1 0 1 0 1 1 1 4 3 4 13 5 7 7 4 12 12 7 6 5 4 9 10 5 20 11 8 5 6 10 18 22 25 20 9 22 34 17 22 15 15 13 12 9 13 13 21 23 23 23 10 19 13 7 8 6 9 6 5 2 2 4 5 8
0 0 0 0 0 0 1 1 2 5 6 17 12 24 17 22 7 8 20 10 2 3 2 1 1 1 1 1 2 2 3 17 3 1 1 1 3 14 15 9 8 5 7 4 3 6 7 3 2 4 4 9 13 14 7 7 17 9 15 4 7 12 21 14 25 11 8 18 37 33 21 15 8 16 12 7 5 2 6 11 20 13 8 6 5 6 5 5 3 4 3 4 21 13 14 20
0 0 1 1 1 3 3 4 6 12 13 40 25 25 12 19 11 18 17 19 2 6 6 2 1 0 0 0 1 1 1 2 3 1 1 2 1 2 3 3 2 3 3 7 8 5 6 3 6 7 20 29 20 12 27 5 20 17 4 2 2 8 6 20 16 18 11 6 10 16 13 13 7 3 3 4 6 5 14 20 14 19 13 20 23 23 21 19 18 27 10 12 41 28 18 34
1 2 2 4 6 4 10 9 17 16 47 20 7 14 14 13 17 17 16 17 5 3 4 2 2 1 0 1 2 2 2 3 2 1 2 1 2 2 4 3 6 4 8 9 12 13 10 10 7 9 15 31 29 27 31 12 19 16 7 10 6 1 2 3 4 4 7 5 5 6 6 5 5 9 16 16 27 18 30 18 21 32 19 30 23 51 35 19 32 32 19 20 36 30 23 38
4 6 11 8 15 12 18 11 19 13 25 2 5 4 6 13 14 9 7 13 6 3 1 1 1 2 2 1 2 1 6 6 4 2 3 3 4 3 4 4 4 5 7 7 15 10 16 11 5 24 17 17 19 11 9 8 29 14 11 22 16 10 12 13 13 13 25 18 15 14 15 16 24 24 24 14 28 25 28 28 29 31 29 29 47 41 34 29 33 21 32 22 39 24 44 39
1 2 4 5 15 13 20 16 6 1 0 1 2 2 2 2 3 6 12 17 7 1 2 3 1 1 5 3 5 3 4 4 3 2 2 4 4 2 5 3 4 7 7 9 7 7 12 9 8 13 16 11 14 15 9 11 12 8 11 14 14 15 16 19 20 19 30 26 25 13 22 22 20 22 33 22 23 35 23 35 36 26 30 30 57 35 33 31 34 31 32 26 42 41 39 48
0 0 0 1 1 1 3 3 3 1 1 1 2 3 1 1 1 1 7 8 3 1 6 1 3 5 5 3 5 3 2 2 3 2 1 2 2 1 2 3 2 6 4 4 4 6 13 9 5 7 12 9 3 17 6 12 5 7 10 7 16 11 10 12 13 10 30 19 13 19 19 19 28 18 27 18 19 32 32 34 24 23 34 31 42 32 30 32 29 29 29 28 56 41 30 29
1 2 3 1 1 1 0 1 1 1 1 2 2 1 1 1 0 3 2 4 5 8 7 2 4 3 3 2 2 1 0 1 1 1 1 1 1 1 1 2 3 2 3 2 3 7 5 3 7 6 10 11 3 8 7 2 9 9 8 5 10 8 16 17 11 17 16 17 18 11 17 25 25 17 25 25 18 33 20 28 21 31 33 50 40 28 15 39 27 29 36 37 42 18 41 25
1 1 2 1 1 1 1 1 2 2 3 4 3 1 1 3 3 4 5 8 17 10 7 3 3 1 1 2 2 1 1 0 1 1 1 1 0 1 1 1 1 1 2 3 2 10 3 3 8 3 8 2 4 4 1 3 8 6 3 6 4 9 13 9 5 14 15 16 9 17 28 32 27 15 23 26 25 31 18 17 22 29 30 33 27 17 16 37 29 18 41 39 36 17 10 42
0 1 2 1 2 1 2 2 2 3 4 8 6 5 4 6 4 6 9 10 11 4 2 2 2 1 0 1 1 1 1 0 1 0 0 0 0 1 1 0 1 1 2 1 1 6 2 3 3 2 2 4 2 1 1 1 3 7 3 5 6 11 10 5 14 14 18 14 6 15 21 38 23 15 18 25 25 18 14 11 23 43 38 33 36 14 31 52 32 13 29 49 45 20 10 39
1 1 1 1 1 2 2 1 1 2 2 4 4 5 6 6 6 8 6 5 6 2 2 1 1 0 0 1 1 1 0 0 0 0 0 0 0 0 0 0 0 0 1 0 0 2 2 2 1 1 1 0 2 0 0 0 1 3 1 5 8 6 7 15 12 13 8 4 7 22 23 38 22 13 15 29 37 20 18 9 21 43 24 17 19 16 30 48 27 17 13 57 60 31 16 27
0 1 1 1 1 1 1 1 1 1 2 2 2 2 7 3 4 5 3 2 3 2 1 1 1 1 1 1 0 1 0 0 0 0 0 0 0 0 0 0 0 0 1 0 1 1 2 1 0 1 1 0 0 0 0 0 0 1 0 3 5 5 7 14 4 10 4 4 6 21 23 25 18 12 13 24 35 11 15 6 24 53 24 10 9 14 27 41 24 16 13 37 49 37 8 21
0 0 1 1 0 0 1 0 0 0 1 1 1 1 1 1 1 2 2 1 1 1 1 0 0 0 0 0 0 1 0 0 0 0 0 0 0 0 0 0 0 0 0 0 0 0 1 0 0 0 0 1 0 0 0 0 1 0 0 2 1 2 11 4 8 9 5 7 8 10 14 9 13 5 7 14 9 6 14 6 12 27 20 14 7 10 22 31 16 15 10 18 31 18 9 17
0 0 0 0 0 0 0 0 0 0 0 0 0 1 1 1 1 0 1 0 0 0 0 0 0 0 0 0 0 0 0 0 0 0 0 0 0 0 0 0 0 0 0 0 0 0 0 0 0 0 0 0 0 0 0 0 0 0 0 1 0 2 1 2 10 3 4 5 8 4 6 9 4 2 3 7 5 3 11 4 5 12 6 5 6 5 5 23 19 9 5 12 20 8 4 9
0 0 0 0 0 0 0 0 0 0 0 0 0 0 0 0 0 0 0 0 0 0 0 0 0 0 0 0 0 0 0 0 0 0 0 0 0 0 0 0 0 0 0 0 0 0 0 0 0 0 0 0 0 0 0 0 0 0 0 0 0 0 1 3 1 1 4 2 3 2 1 3 1 1 1 3 2 2 4 1 5 5 3 3 3 5 2 4 17 5 3 6 11 6 4 3
0 0 0 0 0 0 0 0 0 0 0 0 0 0 0 0 0 0 0 0 0 0 0 0 0 0 0 0 0 0 0 0 0 0 0 0 0 0 0 0 0 0 0 0 0 0 0 0 0 0 0 0 0 0 0 0 0 0 0 0 0 0 1 0 1 2 1 1 1 1 0 1 0 0 0 1 1 1 2 1 1 2 1 2 3 4 1 2 9 3 2 3 3 1 2 1
0 0 0 0 0 0 0 0 0 0 0 0 0 0 0 0 0 0 0 0 0 0 0 0 0 0 0 0 0 0 0 0 0 0 0 0 0 0 0 0 0 0 0 0 0 0 0 0 0 1 0 0 0 0 0 0 0 0 0 0 0 0 0 0 1 0 0 0 0 1 0 0 0 0 0 0 0 1 1 0 1 1 0 1 2 1 1 1 2 1 1 1 3 2 3 2
0 0 0 0 0 0 0 0 0 0 0 0 0 0 0 0 0 0 0 0 0 0 0 0 0 0 0 0 0 0 0 0 0 0 0 0 0 0 0 0 0 0 0 0 0 0 0 1 0 0 0 0 0 0 1 0 0 0 0 0 0 0 0 0 0 0 0 0 0 0 0 0 0 0 0 0 0 1 0 0 1 0 1 1 2 1 1 1 1 1 1 2 3 5 8 23
0 0 0 0 0 0 0 0 0 0 0 0 0 0 0 0 0 0 0 0 0 0 0 0 0 0 0 0 0 0 0 0 0 0 0 0 0 0 0 0 0 0 0 0 0 0 1 1 0 0 0 0 0 1 0 0 1 0 0 1 0 1 0 0 0 0 0 0 0 0 1 1 0 2 2 1 2 5 3 1 1 2 3 3 0 10 7 4 2 1 1 1 2 8 4 6
0 0 0 0 0 0 0 0 0 0 0 0 0 0 0 0 0 0 0 0 0 0 0 0 0 0 0 0 0 0 0 0 0 0 0 0 0 0 0 0 0 0 0 0 1 0 0 0 1 1 1 0 0 1 1 0 2 1 2 1 0 1 0 0 0 0 0 1 2 0 0 1 1 0 1 3 1 2 1 7 1 2 7 3 1 8 6 3 13 8 6 1 3 7 3 2
0 0 0 0 0 0 0 0 0 0 0 0 0 0 0 0 0 0 0 0 0 0 0 0 0 0 0 0 0 0 0 0 0 0 0 0 0 0 0 0 0 0 0 1 0 0 0 0 0 1 1 0 0 1 1 1 1 0 1 1 0 0 0 1 1 1 1 1 1 2 0 1 3 0 2 4 0 0 0 10 6 2 2 3 5 9 8 13 23 14 3 14 2 2 11 21
0 0 0 0 0 0 0 0 0 0 0 0 0 0 0 0 0 0 0 0 0 0 0 0 0 0 0 0 0 0 0 0 0 0 0 0 0 0 0 0 0 0 0 0 1 0 0 0 0 0 1 1 0 2 2 6 1 2 5 5 2 0 1 1 1 2 2 4 1 5 1 0 2 1 2 5 1 1 0 7 3 7 0 1 1 9 15 12 26 11 2 17 5 5 13 20
0 0 0 0 0 0 0 0 0 0 0 0 0 0 0 0 0 0 0 0 0 0 0 0 0 0 0 0 0 0 0 0 0 0 0 0 0 0 0 1 0 0 0 1 1 1 0 0 2 1 5 6 1 3 12 18 3 7 10 4 3 0 2 3 1 1 1 1 3 10 1 1 2 1 3 4 13 1 2 21 4 12 8 1 2 5 14 12 12 6 16 45 6 5 4 4
0 0 0 0 0 0 0 0 0 0 0 0 0 0 0 0 0 0 0 0 0 0 0 0 0 0 0 0 0 0 0 0 0 0 0 0 0 0 1 0 0 0 0 2 2 1 0 0 1 2 8 5 6 2 8 25 4 6 8 6 7 4 5 8 1 1 2 1 5 10 6 2 1 1 10 10 13 10 2 28 3 14 26 6 3 4 15 10 10 3 32 49 17 9 13 6
0 0 0 0 0 0 0 0 0 0 0 0 0 0 0 0 0 0 0 0 0 0 0 0 0 0 0 0 0 0 0 0 0 0 0 0 0 0 0 0 1 0 2 0 5 1 1 1 1 2 8 7 2 1 1 5 8 15 17 14 29 12 13 12 8 2 3 3 8 7 21 6 2 2 7 15 27 26 7 12 16 17 26 36 8 6 4 4 3 7 32 19 35 13 16 12
0 0 0 0 0 0 0 0 0 0 0 0 0 0 0 0 0 0 0 0 0 0 0 0 0 0 0 0 0 0 0 0 0 0 0 0 0 0 0 0 0 0 0 0 1 1 4 3 1 1 3 1 1 1 0 1 1 7 10 8 13 15 14 11 28 3 4 4 1 18 51 4 3 2 14 9 10 16 4 9 13 5 32 51 27 12 3 3 4 5 3 11 47 13 9 15
0 0 0 0 0 0 0 0 0 0 0 0 0 0 0 0 0 0 0 0 0 0 0 0 0 0 0 0 0 0 0 0 0 0 0 0 0 0 0 0 0 0 0 0 0 0 1 2 3 1 1 1 2 1 1 2 2 1 2 5 5 2 5 16 42 13 4 7 11 31 54 10 2 1 3 6 14 9 18 25 15 3 21 39 55 11 7 3 13 15 7 13 63 25 20 31
0 0 0 0 0 0 0 0 0 0 0 0 0 0 0 0 0 0 0 0 0 0 0 0 0 0 0 0 0 0 0 0 0 0 0 0 0 0 0 0 0 1 0 0 0 0 1 1 1 1 2 5 5 4 3 3 2 2 1 1 0 0 1 29 26 21 10 4 6 31 47 34 16 4 2 7 15 12 14 8 20 14 8 52 56 35 11 7 20 12 26 65 64 58 34 36
0 0 0 0 0 0 0 0 0 0 0 0 0 0 0 0 0 0 0 0 0 0 0 0 0 0 0 0 0 0 0 0 0 0 0 0 0 0 0 0 0 1 1 0 0 1 1 1 1 1 2 12 17 20 14 10 6 5 5 4 5 4 4 10 11 18 15 5 2 16 13 39 38 8 3 16 23 14 9 23 46 15 8 9 59 65 16 9 34 38 33 57 25 57 23 15
0 0 0 0 0 0 0 0 0 0 0 0 0 0 0 0 0 0 0 0 0 0 0 0 0 0 0 0 0 0 0 0 0 0 0 0 0 0 1 2 1 1 1 1 0 0 3 3 2 2 2 8 37 44 33 31 24 21 14 15 38 44 52 38 25 21 14 7 3 2 11 22 59 30 28 7 15 22 11 2 9 17 20 33 55 70 34 21 10 24 22 18 64 64 76 37
0 0 0 0 0 0 0 0 0 0 0 0 0 0 0 0 0 0 0 0 0 0 0 0 0 0 0 0 0 0 0 0 0 0 0 0 0 1 3 1 4 3 1 1 2 2 4 5 4 3 3 5 20 46 40 49 61 53 25 16 11 20 30 39 58 51 51 35 14 1 3 24 32 42 25 24 13 6 9 9 32 31 12 19 17 61 61 21 10 16 18 20 15 57 45 57
0 0 0 0 0 0 0 0 0 0 0 0 0 0 0 0 0 0 0 0 0 0 0 0 0 0 0 0 0 0 0 0 0 0 0 1 0 1 1 0 1 6 11 4 8 5 4 4 6 7 8 4 4 6 34 35 33 60 61 45 36 28 18 24 31 55 64 61 54 41 20 41 31 62 21 22 15 10 17 13 11 18 9 36 24 64 74 20 9 32 33 19 19 20 50 64
0 0 0 0 0 0 0 0 0 0 0 0 0 0 0 0 0 0 0 0 0 0 0 0 0 0 0 0 0 0 0 0 0 0 0 0 0 1 1 2 1 0 2 19 21 33 21 11 9 4 8 10 9 6 12 27 21 16 35 41 46 55 57 43 21 25 60 70 68 50 48 69 43 73 55 33 28 30 15 9 11 28 11 21 33 20 63 34 10 24 39 34 12 7 44 69
0 0 0 0 0 0 0 0 0 0 0 0 0 0 0 0 0 0 0 0 0 0 0 0 0 0 0 0 0 0 0 0 0 0 0 1 1 1 1 2 3 3 1 1 2 25 34 29 13 8 6 11 11 8 3 3 3 4 4 6 12 30 25 41 47 22 23 41 40 31 58 56 56 52 52 55 62 52 26 31 32 29 13 14 53 59 38 49 17 7 36 37 16 32 74 31
0 0 0 0 0 0 0 0 0 0 0 0 0 0 0 0 0 0 0 0 0 0 0 0 0 0 0 0 0 0 0 0 0 0 0 0 0 1 1 1 1 2 4 6 8 5 3 3 13 15 21 6 6 5 6 11 10 10 10 10 12 5 4 7 10 7 6 5 7 23 34 49 44 39 31 26 28 55 46 37 29 21 47 40 43 57 45 60 41 13 11 31 48 80 47 70
0 0 0 0 0 0 0 0 0 0 0 0 0 0 0 0 0 0 0 0 0 0 0 0 0 0 0 0 0 0 0 0 0 0 0 0 0 1 0 1 1 2 3 5 7 6 6 8 6 3 4 3 5 12 12 17 16 19 20 30 13 4 4 13 15 26 13 16 5 4 12 35 28 18 17 20 27 39 46 62 55 25 21 26 28 32 48 57 63 23 11 27 87 62 52 65
0 0 0 0 0 0 0 0 0 0 0 0 0 0 0 0 0 0 0 0 0 0 0 0 0 0 0 0 0 0 0 0 0 0 0 0 0 0 0 1 1 1 1 2 3 3 3 7 6 6 10 12 13 19 15 13 22 26 31 31 16 15 15 25 21 17 24 13 7 10 10 3 3 3 5 4 11 12 6 13 23 17 17 13 15 16 42 53 44 28 12 66 73 44 73 70
0 0 0 0 0 0 0 0 0 0 0 0 0 0 0 0 0 0 0 0 0 0 0 0 0 0 0 0 0 0 0 0 0 0 0 0 0 0 0 0 0 1 1 1 2 2 4 5 7 7 10 6 6 10 14 14 17 22 34 31 18 18 23 22 29 33 38 33 19 20 7 3 2 5 6 12 30 22 15 14 11 10 7 10 11 17 24 37 58 54 23 80 37 22 64 79
0 0 0 0 0 0 0 0 0 0 0 0 0 0 0 0 0 0 0 0 0 0 0 0 0 0 0 0 0 0 0 0 0 0 0 0 0 0 0 0 1 1 1 1 2 3 3 4 5 3 11 6 5 4 8 10 20 26 32 24 10 21 16 26 28 47 41 43 37 23 17 17 18 22 24 34 42 31 19 21 35 46 30 17 24 17 8 16 32 67 47 77 32 32 75 91
0 0 0 0 0 0 0 0 0 0 0 0 0 0 0 0 0 0 0 0 0 0 0 0 0 0 0 0 0 0 0 0 0 0 0 0 0 0 0 0 0 0 1 1 1 2 2 4 3 2 4 6 3 3 6 9 16 15 13 12 13 15 18 19 21 46 44 40 35 18 28 30 29 34 30 30 41 29 29 31 33 36 25 42 48 32 35 12 19 47 42 44 44 28 57 76
0 0 0 0 0 0 0 0 1 0 0 0 0 0 0 0 0 0 0 0 0 0 0 0 0 0 0 0 0 0 0 0 0 0 0 0 0 0 0 0 0 0 0 1 1 1 1 2 2 1 1 3 3 2 3 7 9 8 5 4 5 13 11 12 27 34 31 31 15 13 23 22 25 36 27 37 36 41 26 30 41 35 40 57 53 56 44 19 13 42 39 54 39 19 44 65
0 0 0 0 0 1 0 0 0 1 1 0 0 0 0 0 0 0 0 0 0 0 0 0 0 0 0 0 0 0 0 0 0 0 0 0 0 0 0 0 0 0 0 0 0 0 1 0 1 0 1 1 1 1 2 5 3 3 2 3 3 5 4 10 18 21 24 30 12 22 29 30 18 29 34 26 29 26 21 31 38 39 39 59 38 35 24 26 18 12 21 43 41 15 39 29
0 0 0 0 0 0 1 1 2 1 0 0 0 0 0 0 0 0 1 0 0 0 0 0 0 0 0 0 0 0 0 0 0 0 0 0 0 0 0 0 0 0 0 0 0 0 0 0 0 0 1 0 1 0 1 1 1 1 1 1 1 2 4 9 6 15 15 12 9 16 23 23 11 26 17 21 25 19 15 23 40 32 47 36 26 37 37 53 53 27 7 9 28 21 17 24
0 0 0 0 0 0 1 1 1 1 1 0 1 0 0 0 0 1 1 0 0 0 0 0 0 0 0 0 0 0 0 0 0 0 0 0 0 0 0 0 0 0 0 0 0 0 0 0 0 0 0 0 0 1 0 0 0 0 0 0 0 1 4 3 5 5 4 6 10 15 12 14 11 15 6 9 10 5 8 14 32 17 16 24 33 45 68 59 56 37 29 11 7 14 14 12
