sesion_6_simulaciones/modelos_agentes/ejemplos_netlogo/scenarios/echam4_a2/rob_2060.asc
NCOLS 322 
NROWS 307 
XLLCORNER 451900 
YLLCORNER 4086900 
CELLSIZE 100 
NODATA_value -9999 
[rows 222 to 295 of 307, columns 192 to 287 of 322]
7 7 4 2 12 9 5 3 1 1 0 0 0 0 0 0 0 1 1 1 2 8 22 16 11 13 8 9 19 22 11 14 35 32 28 19 28 43 36 36 35 26 28 48 23 27 28 12 14 20 12 11 3 3 4 3 3 12 33 33 24 23 35 24 64 83 76 72 83 86 61 43 20 5 3 1 0 0 0 0 1 0 0 1 1 1 1 1 2 2 6 8 11 12 13 10
23 24 17 13 6 4 4 3 1 1 0 0 0 0 0 0 1 1 0 2 4 13 22 36 17 21 23 18 28 31 18 21 34 35 36 21 32 25 29 29 30 22 31 48 29 17 27 14 17 12 9 4 4 3 2 2 3 8 11 14 13 27 37 30 46 72 70 65 79 81 64 34 18 6 1 1 1 1 0 1 1 0 0 1 1 1 2 1 1 4 5 5 12 13 16 18
27 20 21 15 10 7 5 2 1 1 0 0 0 0 0 1 1 2 1 2 5 18 28 47 37 27 26 33 32 46 44 27 31 32 36 22 34 14 28 25 18 23 27 48 54 18 27 22 9 6 8 6 7 2 1 3 4 12 7 18 23 32 39 45 27 36 11 8 18 68 77 35 11 2 2 2 1 1 1 1 1 1 0 0 1 1 2 3 3 3 5 10 12 14 16 34
16 13 11 8 6 4 2 2 1 1 0 0 0 0 0 1 3 4 4 4 7 10 19 39 45 46 34 39 33 49 73 55 36 36 19 22 25 22 39 20 15 15 24 27 40 39 10 17 4 4 3 1 5 3 1 2 3 4 9 24 34 38 56 46 28 34 22 28 11 14 47 24 9 8 4 4 3 1 1 0 1 1 1 0 1 1 1 2 4 3 5 14 13 13 19 26
16 12 11 4 2 2 2 2 1 0 0 0 0 0 1 2 2 6 9 10 7 13 27 29 46 69 51 44 47 34 49 62 31 41 31 34 37 33 22 21 12 15 15 15 18 24 13 29 14 3 12 6 3 2 1 1 10 10 15 25 49 48 43 32 27 29 37 50 28 20 19 6 9 7 9 7 3 2 1 1 2 2 1 0 1 1 2 1 2 2 4 4 12 18 16 23
11 19 14 11 7 4 2 1 1 0 0 0 0 0 2 3 4 4 10 20 20 27 28 30 43 68 78 49 64 40 45 56 40 27 46 45 33 27 27 22 6 10 9 14 23 23 28 39 34 7 6 5 3 1 2 2 6 6 17 38 49 41 31 22 51 44 52 50 33 26 10 9 12 14 13 11 7 5 2 1 1 2 2 1 1 1 1 1 1 2 3 5 7 8 17 24
18 11 7 5 4 2 1 1 0 0 0 0 0 1 2 2 2 6 16 25 37 54 63 46 50 57 80 43 62 39 39 56 22 23 41 43 42 37 26 24 14 15 12 10 24 28 23 35 22 18 9 4 3 2 8 17 11 22 37 55 36 21 24 40 72 66 46 34 31 20 21 17 24 19 27 15 11 7 1 0 1 4 3 2 4 2 1 3 2 4 5 7 8 9 11 24
20 11 6 4 2 2 1 1 0 0 0 0 0 1 1 2 1 4 7 14 20 44 62 76 62 53 67 64 72 40 59 34 20 19 29 45 43 44 21 21 21 23 14 12 17 26 28 21 13 10 11 9 3 5 7 7 16 12 28 7 16 39 42 73 68 51 39 30 39 43 38 33 32 38 17 10 8 4 2 0 0 4 8 4 3 3 4 5 2 2 5 8 17 16 20 27
7 7 6 1 1 1 1 1 0 0 0 0 0 1 1 2 7 3 7 14 28 37 56 54 70 64 70 73 63 35 48 24 20 43 27 40 41 27 23 30 31 30 13 14 35 30 35 22 21 6 5 4 3 1 3 2 47 24 10 21 34 38 49 45 30 28 31 36 28 37 53 56 42 17 6 4 4 2 0 0 1 1 8 4 3 4 10 16 4 3 4 9 11 12 19 25
2 2 4 2 2 2 1 0 0 0 0 0 1 2 4 8 6 7 13 24 26 38 59 66 57 58 62 57 56 56 65 31 23 32 40 29 36 30 25 24 27 17 20 12 14 19 29 25 18 10 3 4 2 2 6 7 2 67 61 34 20 11 27 25 38 36 28 21 15 45 76 57 28 14 7 2 1 1 0 0 1 2 4 4 8 4 8 10 16 5 5 11 12 17 14 23
3 1 0 1 2 1 1 0 0 0 0 0 1 3 7 7 6 9 21 21 23 50 65 68 52 53 60 48 67 76 41 31 31 47 25 38 35 33 29 27 25 21 39 10 19 21 25 17 8 3 11 3 4 4 8 26 15 15 26 30 15 33 19 24 23 33 33 14 27 45 52 31 26 19 7 2 1 1 1 2 1 2 2 13 9 3 2 5 22 6 6 12 15 16 13 15
2 2 1 1 2 1 0 0 0 0 0 0 0 1 3 4 11 17 24 46 31 32 69 57 69 52 54 55 17 74 44 37 29 43 36 24 29 37 30 28 27 22 43 10 11 44 24 17 12 6 10 3 3 14 21 6 26 29 14 7 17 9 16 24 24 27 19 53 45 22 38 23 17 12 6 1 1 2 1 1 3 4 2 6 7 8 5 10 13 15 12 7 9 26 18 16
5 3 3 1 1 0 0 0 0 0 0 0 0 1 2 3 8 12 28 43 56 64 76 58 67 63 63 52 58 51 71 36 27 33 30 12 17 31 35 39 26 11 25 29 6 20 16 32 11 8 10 5 4 11 7 10 5 6 10 22 18 22 21 36 18 21 39 21 16 29 27 21 14 4 1 1 2 1 3 2 3 3 5 8 14 18 5 7 16 17 39 18 7 12 32 24
1 3 2 1 0 0 0 0 0 0 0 0 0 0 2 2 4 12 25 38 59 47 59 18 35 56 58 17 16 32 62 22 29 65 29 25 31 37 19 7 14 6 25 28 6 21 28 12 3 7 11 6 4 8 7 3 15 21 41 24 10 16 41 55 39 33 55 55 51 40 27 18 6 3 1 1 4 3 7 2 3 4 6 6 15 13 25 8 16 10 4 24 11 10 13 22
2 2 2 1 0 0 0 0 0 0 0 1 1 0 0 1 5 7 19 32 40 26 24 48 41 39 23 24 41 32 47 43 43 43 43 37 32 26 27 12 17 17 17 31 5 11 19 13 5 4 4 8 5 7 2 8 18 7 12 18 21 41 51 56 60 59 43 36 49 37 53 26 9 3 1 0 1 6 6 3 6 6 9 5 7 15 11 28 22 20 12 32 16 4 11 11
3 1 1 0 0 0 0 0 0 0 0 1 1 1 1 1 4 7 9 10 17 52 51 42 47 51 40 28 31 38 32 29 41 37 23 28 24 26 31 10 28 20 14 29 4 7 17 9 12 9 3 2 7 7 4 7 10 9 28 20 45 33 36 72 81 50 46 27 55 28 19 16 3 3 3 3 3 8 9 8 12 8 8 7 8 6 12 32 47 52 13 11 22 11 15 29
1 1 1 0 0 0 0 0 0 0 1 2 1 1 1 1 1 3 5 13 21 30 41 32 24 34 43 27 36 22 30 34 30 56 25 35 21 34 19 21 10 16 8 21 5 4 8 7 6 9 8 3 4 1 4 3 3 14 19 18 28 24 50 64 68 77 49 23 14 17 11 3 1 5 8 7 4 5 14 13 20 10 10 9 11 11 6 6 7 18 39 36 25 17 17 26
1 1 0 0 0 0 0 0 0 1 1 2 2 3 1 2 5 4 3 13 20 38 29 39 41 48 33 24 29 25 13 15 33 19 14 48 11 24 15 15 14 14 37 20 6 7 12 18 5 3 3 2 1 6 1 3 9 28 32 63 63 47 34 44 47 32 41 42 23 13 4 1 2 9 6 14 5 6 13 24 17 23 14 11 11 11 16 11 10 13 29 23 21 55 19 32
1 0 0 0 0 0 0 0 0 1 1 2 3 3 4 2 7 7 8 8 15 9 17 21 21 34 23 15 24 22 25 22 12 9 5 33 13 29 10 14 11 9 33 20 14 8 26 10 9 5 2 8 2 8 5 10 15 6 23 30 37 33 20 31 47 38 47 24 27 13 8 1 5 7 8 16 18 7 9 16 20 29 17 26 16 8 11 18 5 2 6 6 8 30 32 25
1 0 0 0 0 0 1 1 1 1 2 3 4 5 9 5 7 15 10 23 34 33 46 48 49 40 36 46 44 28 48 54 46 20 28 20 32 22 9 10 7 5 4 18 9 4 6 8 6 4 5 12 23 29 67 50 52 44 51 32 37 37 44 56 46 39 36 26 20 10 3 1 5 9 16 15 18 15 15 27 19 35 22 30 17 10 10 20 26 7 13 16 10 6 8 12
1 1 0 0 1 1 1 2 1 1 2 3 2 7 10 7 3 5 24 34 51 42 53 63 66 68 65 60 76 64 35 31 25 14 7 6 14 12 17 9 10 2 3 13 4 3 3 7 2 5 1 1 2 2 10 22 72 73 46 48 40 38 20 53 41 31 31 23 7 4 1 2 7 11 8 12 17 26 20 28 19 12 39 35 23 11 13 26 22 12 14 21 17 29 36 45
1 1 1 1 1 1 2 2 2 2 1 2 6 7 7 15 3 3 8 15 35 54 29 53 55 67 66 47 9 24 40 22 12 11 14 18 18 7 18 4 9 3 1 6 4 6 2 1 1 3 3 2 2 3 4 4 15 44 67 77 82 39 35 27 24 26 27 27 19 5 3 6 15 14 14 16 40 30 31 32 31 14 18 51 32 12 13 18 18 14 22 12 25 30 42 49
0 0 1 1 2 3 3 3 3 3 2 2 4 7 6 11 7 3 7 13 23 31 21 45 34 29 25 15 12 12 21 16 14 19 15 8 12 19 13 2 5 6 1 3 3 1 1 4 3 2 7 4 7 11 12 19 25 46 36 29 44 75 59 46 41 40 42 25 15 5 4 14 18 27 25 19 34 42 31 24 22 22 9 33 46 23 24 11 29 15 28 27 18 33 33 25
1 1 1 2 3 4 4 4 4 4 2 3 4 6 10 6 18 2 3 3 9 8 19 20 27 37 30 33 35 23 34 14 14 23 16 12 11 6 3 2 4 6 32 7 2 2 1 2 3 2 9 11 5 17 34 17 17 18 21 16 18 34 59 57 48 33 36 25 10 2 8 19 18 25 29 29 21 48 36 47 26 38 28 27 64 32 42 19 31 26 29 41 29 29 25 34
0 2 2 3 4 5 4 5 5 5 3 4 5 9 14 12 11 5 4 9 6 6 19 20 28 34 37 30 29 43 37 34 29 43 11 7 8 11 9 6 15 14 2 3 12 4 1 2 2 16 27 4 14 13 13 18 33 31 38 25 23 24 25 29 34 28 20 20 8 6 9 20 20 31 27 23 24 34 45 54 38 25 40 26 66 23 26 32 20 44 28 31 30 21 23 24
1 2 5 4 5 3 4 7 11 10 4 2 6 5 20 43 4 5 4 17 17 19 15 18 24 23 33 20 24 31 30 23 18 17 18 17 12 16 13 7 3 2 1 1 1 4 5 2 18 37 3 2 4 25 21 20 22 31 20 21 31 24 26 18 19 17 17 10 7 9 18 22 21 23 23 24 30 35 48 40 37 33 37 50 66 23 27 33 20 45 30 15 38 15 9 18
3 3 4 7 7 4 6 8 16 15 5 2 4 10 17 19 7 8 5 14 23 21 21 12 15 11 24 28 27 31 20 18 19 18 16 14 13 9 8 9 4 2 1 1 2 1 1 10 2 11 3 4 5 5 13 69 37 40 33 33 27 25 22 19 16 16 14 8 7 8 16 20 15 25 22 35 44 29 32 57 44 49 47 48 61 40 46 21 46 42 12 22 36 13 17 22
5 5 5 15 8 5 5 11 14 27 7 3 8 11 17 29 15 10 9 21 28 41 22 27 26 10 17 19 22 19 26 13 18 17 16 8 7 3 5 5 8 7 5 3 3 4 5 1 1 2 4 11 16 17 26 13 25 29 44 44 35 25 22 21 18 17 13 7 3 14 19 21 28 25 39 34 31 42 28 24 41 43 36 53 27 84 49 18 33 40 9 23 20 32 20 25
7 13 6 18 11 6 7 12 17 22 5 4 9 11 21 24 27 3 19 26 29 44 27 28 28 37 22 19 11 11 12 21 34 20 7 16 5 14 6 6 6 8 3 2 1 2 1 1 3 6 9 10 21 19 36 8 8 9 10 25 23 28 26 28 25 24 19 9 4 16 17 18 27 32 40 17 30 22 44 19 27 25 36 22 50 76 30 20 53 19 11 22 19 34 33 30
6 7 14 16 14 12 7 10 20 36 6 10 13 21 19 33 6 5 20 25 39 46 51 30 51 31 33 29 17 18 12 39 48 21 23 12 9 12 7 5 8 2 3 1 2 2 1 2 1 7 7 7 19 30 25 8 18 28 27 35 34 33 36 41 34 35 24 11 4 19 20 18 39 27 33 46 42 30 17 33 20 30 34 37 29 55 47 36 43 20 18 28 14 17 8 44
3 5 17 19 16 15 10 12 22 25 7 14 19 38 44 18 5 5 21 25 28 52 45 48 31 32 49 33 30 26 28 32 42 32 22 23 20 10 19 8 3 4 1 1 1 2 1 2 2 3 5 10 15 15 30 24 27 37 37 43 50 54 42 36 26 19 21 6 9 22 29 24 42 41 30 32 43 30 32 10 44 12 18 42 46 56 62 74 36 20 29 23 28 32 21 48
7 8 21 26 31 20 12 15 29 30 8 10 25 44 29 8 4 12 20 24 40 43 44 44 45 33 43 35 48 42 43 25 13 15 21 19 17 6 11 9 8 4 2 1 3 1 1 4 1 1 2 5 15 30 23 22 40 47 49 32 55 36 19 27 31 24 12 7 8 19 40 24 36 42 45 34 46 28 34 25 19 41 18 7 11 34 55 67 29 43 33 26 24 42 17 17
7 11 14 18 47 29 13 17 25 32 7 8 26 46 19 8 6 15 28 27 26 31 37 39 61 30 35 31 26 42 41 26 28 19 17 8 12 12 14 8 6 3 2 2 6 2 2 2 1 1 1 8 17 13 36 49 21 29 20 23 20 20 35 38 23 22 19 7 10 12 43 29 29 30 35 42 35 31 15 27 15 42 24 18 9 9 28 45 43 67 35 31 23 41 11 15
9 21 16 13 23 45 17 22 40 12 9 11 17 53 27 10 5 21 26 27 39 50 43 57 50 41 22 25 42 35 16 40 55 35 12 12 8 8 12 6 2 4 4 2 2 1 1 1 3 2 4 7 11 22 36 26 42 20 30 33 29 29 27 23 26 25 13 8 8 17 18 47 28 25 30 31 45 41 27 46 17 16 27 20 16 13 15 31 46 48 30 34 27 32 15 23
11 15 31 25 13 32 10 28 60 13 13 25 33 43 15 13 2 11 32 32 49 38 41 56 52 44 38 14 9 12 16 13 17 5 6 10 16 8 7 11 6 3 2 1 1 1 1 1 4 4 6 8 16 22 41 40 47 32 29 41 31 38 42 26 29 28 13 11 12 29 31 30 48 23 26 29 53 39 27 24 29 15 11 38 26 14 18 18 39 37 47 30 25 18 26 12
13 17 34 42 20 48 13 26 61 30 15 37 41 26 12 4 4 8 16 34 51 51 37 37 41 60 36 13 18 12 15 13 18 11 7 4 8 11 11 8 4 3 1 2 2 1 1 1 0 1 6 6 6 16 19 17 18 40 41 36 43 25 28 29 23 25 23 6 14 30 33 30 37 12 32 30 31 44 52 46 41 20 14 13 29 16 12 25 41 75 60 26 17 14 26 12
15 17 20 48 23 43 22 22 32 39 19 44 39 10 4 7 11 17 28 41 36 39 45 24 34 36 53 19 12 12 20 17 17 14 10 14 7 8 4 2 2 3 1 1 2 1 1 0 1 2 4 9 41 27 17 48 41 66 41 29 40 41 41 41 39 24 22 12 18 33 28 41 55 20 21 43 32 47 37 31 50 16 22 23 51 15 9 13 12 36 50 23 22 9 42 24
13 14 12 29 54 29 42 20 49 22 50 26 11 4 12 13 20 14 49 53 26 34 36 35 17 25 50 48 18 19 10 16 14 6 5 5 7 4 3 2 2 1 1 0 1 0 1 0 2 2 2 8 7 21 33 37 24 52 24 22 27 34 37 35 23 19 15 27 26 32 35 42 11 29 35 42 36 24 37 27 65 19 21 15 23 35 21 23 30 29 45 17 37 11 20 33
29 18 14 20 30 44 48 26 63 39 33 9 6 12 16 24 25 17 19 18 32 34 35 47 39 24 19 9 21 34 9 16 7 6 9 11 10 5 4 3 2 2 3 1 1 0 0 0 1 3 5 7 16 12 22 24 27 30 19 6 19 27 30 27 17 14 14 26 27 30 34 48 15 14 7 13 35 44 65 16 53 34 21 23 13 11 44 18 26 31 22 42 11 13 22 33
20 30 22 17 16 30 57 31 32 14 9 3 9 16 30 37 35 14 19 19 31 34 24 9 15 9 12 29 6 11 21 32 16 19 5 11 3 4 4 1 1 1 1 0 1 2 1 1 1 3 5 4 5 10 14 21 19 34 24 26 38 30 32 19 27 28 16 28 27 31 26 43 14 26 14 19 19 13 36 21 18 42 21 27 14 28 34 7 24 36 44 32 9 13 11 14
21 32 23 31 38 47 48 30 32 9 12 9 15 30 29 34 43 24 28 28 32 33 21 14 12 16 13 7 9 21 8 12 12 38 9 17 3 2 3 2 2 1 1 1 0 0 1 1 1 3 8 3 5 9 20 9 25 49 53 48 39 29 32 32 28 24 27 37 26 28 27 35 17 28 25 20 28 24 28 45 11 42 19 39 11 10 30 5 12 15 41 23 7 12 14 32
23 37 30 36 43 54 48 12 7 4 14 14 26 31 30 41 27 51 39 27 29 27 23 27 25 21 18 9 11 26 7 9 3 3 4 11 12 8 5 9 4 3 2 1 1 0 0 1 3 3 6 2 3 10 13 19 33 68 25 30 43 27 33 26 23 23 33 42 25 26 27 28 25 27 34 21 27 24 25 22 31 67 29 34 22 6 41 17 7 8 25 32 12 14 11 4
22 44 43 37 69 56 11 8 12 15 28 24 21 33 30 45 17 27 58 16 31 21 13 17 27 24 9 13 15 18 35 8 6 2 3 2 2 1 2 7 8 2 3 2 1 1 0 1 2 2 2 3 5 9 22 26 30 37 30 22 38 32 23 9 27 14 16 48 26 25 37 25 37 23 32 27 24 27 22 16 25 10 47 40 32 8 14 11 5 6 10 35 10 19 20 17
25 35 63 54 68 13 14 12 14 27 30 29 39 51 16 45 15 26 29 52 16 36 11 9 14 26 26 18 15 11 5 11 5 5 4 3 2 2 2 2 3 1 1 1 0 0 0 1 1 2 2 2 3 7 16 33 14 32 57 46 20 17 13 6 37 22 23 46 31 21 39 25 49 31 30 33 19 19 30 17 12 9 32 23 30 10 5 27 6 7 12 29 22 20 11 14
16 36 63 79 43 7 14 23 29 28 44 51 24 31 18 18 35 14 26 25 15 25 14 13 14 20 15 30 15 17 19 10 14 8 6 4 2 2 2 2 2 1 1 1 1 0 1 3 1 2 2 2 4 9 22 23 51 31 27 44 22 14 5 13 18 41 23 24 33 19 29 21 40 33 18 31 28 17 18 29 23 7 11 37 42 12 3 17 10 7 13 8 37 20 9 49
17 42 69 50 7 9 26 25 19 48 32 63 17 34 17 15 23 60 12 29 36 23 30 10 10 20 25 15 16 26 13 10 24 4 6 4 3 3 1 2 1 1 2 2 1 1 2 1 2 3 4 5 6 7 12 21 30 27 30 26 24 13 6 18 14 24 20 21 34 18 21 27 21 37 17 18 44 15 18 20 31 7 15 16 29 12 5 10 13 9 7 5 5 14 11 9
18 44 52 25 11 18 25 27 17 33 16 56 18 38 39 12 36 59 8 33 51 11 43 10 9 23 26 25 8 6 31 4 4 10 14 7 1 3 1 2 1 1 1 1 1 1 1 2 3 4 3 3 3 5 6 13 21 25 18 37 23 13 12 18 26 29 13 16 30 27 16 14 11 27 16 15 23 22 15 12 5 6 19 11 27 10 6 3 12 18 3 7 16 14 24 2
15 44 38 28 13 16 32 47 12 20 20 43 13 27 53 19 28 57 14 14 25 21 28 12 9 11 11 20 19 14 5 7 3 2 1 12 7 2 1 1 1 1 1 1 1 1 1 1 2 4 3 5 4 8 7 12 7 14 20 13 9 19 17 18 16 24 26 17 20 25 9 17 9 17 18 15 21 7 6 17 6 7 6 8 33 30 7 3 8 14 2 4 13 18 18 7
36 36 48 16 13 19 22 29 13 21 20 25 26 14 43 12 10 43 15 10 10 9 44 21 8 7 9 9 10 10 20 10 2 5 1 1 7 2 1 1 1 3 2 2 1 1 0 1 2 5 6 4 4 3 4 11 20 39 23 10 4 15 16 16 17 17 46 11 19 27 8 13 14 18 32 2 14 16 6 6 12 5 5 5 9 29 4 3 5 14 3 4 4 29 51 29
70 39 11 12 18 18 19 24 12 40 23 10 28 11 55 10 9 25 16 7 10 20 35 13 6 9 7 17 16 14 8 8 5 7 1 2 2 4 1 1 2 2 1 1 1 1 1 0 1 3 5 9 7 4 9 12 20 38 31 11 5 29 15 10 15 15 29 15 9 30 13 6 7 31 20 7 6 6 19 4 9 18 6 7 36 16 2 8 1 28 8 3 2 2 5 8
11 5 12 10 16 19 29 30 20 33 16 10 58 8 10 31 13 36 17 6 7 12 14 34 10 12 5 12 15 12 6 3 5 12 2 2 1 13 1 1 1 1 1 1 1 1 1 1 2 6 7 4 17 6 6 6 6 27 33 6 7 15 17 9 17 14 13 25 9 35 18 10 10 9 24 6 6 10 8 7 3 2 18 5 8 17 5 14 2 11 25 3 9 5 3 2
24 10 29 20 16 19 36 16 41 23 7 11 32 12 12 33 7 12 36 4 14 10 7 24 5 12 9 7 9 9 11 8 1 4 2 2 1 1 4 1 0 1 1 2 1 1 0 2 4 5 11 8 2 5 8 1 8 14 10 4 12 36 21 7 6 27 8 19 6 10 46 6 14 14 9 9 8 7 15 8 9 4 5 9 2 16 22 13 3 6 51 3 4 3 7 2
42 20 11 21 21 24 18 16 34 15 12 13 9 11 10 16 8 7 32 9 12 8 4 9 13 10 9 5 6 5 6 5 6 1 2 5 1 1 2 3 1 2 1 1 1 1 1 1 4 1 1 1 1 5 6 18 14 6 10 8 6 26 11 8 8 13 24 6 20 5 22 5 11 22 3 5 24 3 6 9 14 5 3 1 2 2 17 18 4 3 20 5 4 3 5 4
71 28 15 13 14 18 7 17 30 5 16 12 10 11 7 18 8 7 17 5 5 14 4 2 1 4 4 2 10 14 5 4 6 1 1 0 2 1 1 10 1 1 1 1 1 1 1 1 15 3 2 1 2 2 12 27 11 2 3 15 6 5 17 7 13 8 35 4 34 3 12 12 6 9 4 15 7 5 3 4 5 7 6 3 2 2 1 2 13 16 11 6 4 2 6 4
41 11 6 17 9 9 8 9 25 5 10 7 8 21 6 20 7 23 7 4 4 10 6 3 3 4 4 4 6 6 11 11 2 1 1 1 0 2 0 11 0 0 0 1 1 0 2 1 0 2 2 4 1 6 14 15 9 5 2 18 9 6 3 15 12 11 21 5 25 6 4 7 11 19 5 3 6 2 5 1 1 5 2 3 2 1 2 1 1 2 16 4 2 2 6 3
54 11 34 12 12 8 8 8 7 5 10 9 4 24 23 4 12 10 11 10 8 4 7 5 7 9 5 7 3 3 3 2 2 1 0 1 0 1 1 3 1 0 0 0 1 1 1 3 0 1 1 2 4 22 17 12 8 8 2 5 12 5 8 7 9 20 11 13 2 12 21 2 17 26 6 1 4 1 2 1 3 3 4 4 1 1 1 1 1 1 2 5 3 1 5 1
35 20 7 7 7 9 13 7 9 4 5 5 8 15 12 3 4 5 4 1 5 4 5 8 12 8 5 8 7 2 2 2 7 3 1 0 2 0 0 1 2 0 1 0 1 2 1 1 0 1 1 1 6 11 14 8 2 6 6 3 13 4 6 7 3 7 4 6 3 4 19 3 9 11 0 1 2 4 3 2 0 5 0 1 2 0 0 0 1 1 2 0 7 1 2 1
4 21 4 8 8 6 8 5 22 4 4 5 5 1 10 4 5 2 8 3 3 5 6 5 6 3 6 9 7 1 2 2 2 3 2 1 1 1 0 0 2 0 0 0 0 3 7 1 1 1 1 4 7 7 15 5 3 7 5 6 16 5 2 2 5 4 3 10 2 3 12 5 20 5 1 2 1 0 1 3 1 2 1 2 3 1 1 1 1 1 1 1 2 2 4 0
9 43 5 5 3 6 8 7 3 7 4 3 5 2 5 3 4 2 19 4 2 3 3 15 3 2 3 6 7 1 2 2 4 1 3 1 0 0 1 0 2 0 0 0 0 1 0 1 0 2 1 4 7 12 6 2 4 6 5 6 14 6 10 3 3 6 2 8 2 3 2 3 15 1 1 0 1 1 2 1 1 0 0 2 2 2 1 1 1 0 0 0 0 5 1 0
8 30 11 1 3 3 10 6 3 8 4 2 1 2 2 4 1 6 2 1 2 4 5 2 7 2 2 2 2 2 1 4 3 2 1 1 1 1 1 0 3 0 0 0 0 0 3 5 3 1 3 9 14 12 1 3 6 8 4 6 3 11 3 11 5 2 2 4 1 3 3 6 4 3 2 2 0 2 3 1 2 1 0 1 1 3 2 1 1 0 0 0 0 1 2 1
2 14 13 1 5 2 5 8 2 6 3 1 0 2 1 5 1 4 3 4 1 1 4 4 3 1 1 2 2 5 0 1 2 3 2 0 1 1 0 1 2 1 0 1 0 0 0 3 5 3 8 12 12 2 4 6 7 6 4 6 7 6 2 4 7 1 1 1 3 1 2 3 2 5 2 2 1 3 2 0 4 5 1 1 0 0 1 1 0 1 0 0 1 2 0 1
3 5 10 2 2 1 2 1 2 2 3 1 0 2 2 12 2 1 2 1 2 3 3 4 2 1 1 1 2 2 1 2 4 1 0 0 1 1 1 0 1 1 0 1 1 0 2 17 9 20 23 26 1 2 3 3 4 5 4 4 9 2 5 3 3 9 16 1 1 0 1 6 1 4 3 3 2 4 3 2 2 9 1 2 1 0 1 1 2 2 1 0 5 1 1 3
2 3 11 3 4 1 1 2 1 3 3 2 1 1 1 2 2 1 2 1 2 2 1 1 1 1 4 1 1 3 2 1 3 2 1 0 1 0 0 1 0 0 0 1 5 16 31 10 11 14 5 1 2 3 4 3 4 4 3 2 2 1 3 2 1 6 1 0 0 1 1 1 3 1 4 2 3 3 6 2 3 4 1 3 1 1 1 1 1 1 1 2 0 2 2 6
2 1 1 11 1 1 0 0 0 2 4 1 1 0 1 3 1 1 3 1 1 1 1 1 0 1 0 0 0 2 1 1 1 1 1 1 1 0 0 1 0 0 0 11 7 7 35 38 10 2 1 2 1 2 3 2 3 3 2 0 0 0 3 4 7 9 1 0 0 2 4 2 2 0 4 1 4 1 3 1 1 4 1 2 1 1 0 0 0 0 0 0 1 0 3 7
2 2 1 12 0 1 1 0 1 0 2 1 1 1 1 4 1 1 2 1 0 1 1 3 0 1 0 2 0 0 1 1 2 1 0 1 2 1 0 0 1 14 21 21 32 5 14 41 19 0 1 2 2 2 0 1 2 2 2 0 0 2 8 7 8 2 1 3 3 1 4 3 1 1 1 1 5 3 8 15 15 5 1 2 3 2 2 0 0 1 1 0 1 1 7 3
1 1 0 12 1 0 0 0 3 0 0 2 0 0 0 2 0 1 2 1 0 1 1 2 0 0 0 1 1 1 1 1 1 1 1 1 1 1 0 3 11 25 38 30 38 50 44 17 0 1 2 1 1 2 0 1 3 3 1 0 0 2 5 3 2 1 2 2 2 2 3 8 12 2 1 1 2 3 5 3 1 3 3 6 4 2 0 0 1 0 1 1 1 1 7 1
1 1 0 2 1 3 1 0 2 0 0 1 0 0 0 0 1 1 1 1 0 0 0 1 0 1 1 1 2 1 1 1 1 1 1 1 1 0 1 4 3 1 18 46 51 31 1 1 1 1 1 1 1 1 1 0 0 11 1 2 1 1 1 3 3 1 3 2 1 5 6 6 1 1 1 3 3 3 3 2 3 2 3 2 2 0 1 1 0 0 1 1 0 1 4 1
1 1 0 0 2 1 1 0 1 0 0 1 0 0 0 0 0 0 1 0 0 0 0 0 0 1 1 1 1 0 1 1 1 0 1 1 1 0 1 3 1 5 5 3 2 1 2 3 2 1 1 1 1 0 0 1 1 2 2 1 1 1 0 1 1 1 1 3 8 12 2 1 1 2 2 2 6 3 12 3 4 3 3 2 2 0 1 1 1 0 1 1 0 1 1 0
1 1 0 0 3 0 0 0 1 1 0 0 1 0 0 0 0 0 1 1 0 0 0 1 1 0 0 1 0 0 1 1 1 1 0 0 1 0 4 3 23 16 3 1 2 2 1 1 1 0 0 0 0 0 1 1 1 4 1 0 1 1 1 1 0 1 2 6 5 0 1 0 1 2 5 4 2 3 1 3 2 2 2 3 1 1 1 1 0 0 3 1 1 1 0 0
0 0 1 1 0 0 0 0 0 0 0 0 1 0 0 0 0 0 0 1 0 0 0 0 1 1 1 0 0 0 0 0 0 1 0 0 1 1 2 1 1 5 1 2 2 1 1 2 3 1 0 0 0 0 1 1 0 1 1 1 1 1 1 0 0 0 2 3 0 0 0 1 1 0 1 4 4 5 1 1 2 2 2 1 1 1 1 1 1 0 1 1 0 0 0 0
1 0 0 2 2 0 0 0 1 0 0 0 0 0 0 0 0 0 0 0 0 0 0 0 0 1 1 0 0 0 0 0 0 0 0 0 0 0 1 1 2 6 1 2 0 3 0 0 1 2 1 0 0 0 0 0 1 0 1 0 0 1 1 0 0 1 2 4 0 0 0 1 1 1 1 2 3 1 1 1 1 2 1 3 1 1 2 0 0 0 1 1 0 0 0 0
1 0 0 0 0 0 0 0 0 0 0 0 0 0 0 0 0 0 0 0 0 0 0 1 0 0 1 0 0 0 0 0 0 0 1 0 1 8 2 18 14 4 1 0 0 2 2 1 1 1 1 1 0 0 0 0 2 1 0 0 0 1 1 0 2 2 3 3 0 1 0 1 3 0 1 2 1 1 0 1 1 1 1 0 0 2 1 1 0 0 0 0 0 0 0 0
0 0 0 0 0 0 0 0 0 0 0 0 0 0 0 0 0 0 1 0 0 0 0 0 0 0 0 0 0 0 0 0 0 0 0 1 2 4 11 6 2 12 1 0 1 1 0 0 0 1 1 1 0 0 0 1 0 2 0 0 0 2 0 0 1 2 1 2 0 1 1 1 1 0 0 1 0 1 1 0 0 0 0 0 0 1 0 0 0 0 0 0 0 0 0 0
0 0 0 0 0 0 0 0 0 0 0 0 0 0 0 0 0 0 0 0 0 0 0 0 0 0 0 0 0 0 0 0 0 0 0 6 10 23 37 5 1 0 1 2 1 0 1 4 1 2 2 0 1 1 1 1 0 0 0 1 0 2 0 1 1 1 1 2 0 0 1 1 1 0 0 0 1 1 2 1 0 0 0 0 0 0 0 0 0 0 0 0 0 0 0 0
