sesion_6_simulaciones/modelos_agentes/ejemplos_netlogo/scenarios/echam4_a2/rob_2050.asc
NCOLS 322 
NROWS 307 
XLLCORNER 451900 
YLLCORNER 4086900 
CELLSIZE 100 
NODATA_value -9999 
[rows 74 to 147 of 307, columns 0 to 95 of 322]
0 0 0 0 0 0 0 0 0 0 0 0 0 0 0 0 0 0 0 0 0 0 0 0 0 0 0 0 0 0 0 0 0 1 1 2 5 6 5 4 1 4 2 0 0 0 1 1 1 2 1 1 1 1 2 1 1 1 1 1 1 5 4 5 2 2 2 4 5 8 17 9 6 3 20 53 23 26 44 66 67 22 33 42 53 15 8 6 13 8 10 11 7 8 15 11
0 0 0 0 0 0 0 0 0 0 0 0 0 0 0 0 0 0 0 0 0 0 0 0 0 0 0 0 0 0 0 0 0 1 2 5 3 3 11 9 2 3 4 2 1 0 1 1 1 1 1 1 1 1 1 1 1 1 1 1 1 2 8 11 4 4 10 7 6 3 5 11 11 7 13 62 26 11 9 51 48 37 35 24 10 30 28 11 12 9 12 23 20 13 9 46
0 0 0 0 0 0 0 0 0 0 0 0 0 0 0 0 0 0 0 0 0 0 0 0 0 0 0 0 0 0 0 0 0 0 1 3 3 7 6 3 4 13 4 2 2 1 1 1 1 1 2 1 1 1 1 1 4 1 0 0 1 6 4 9 10 9 13 12 18 10 9 4 4 3 12 62 73 25 14 14 37 39 23 9 9 53 49 40 32 8 6 5 28 33 22 30
0 0 0 0 0 0 0 0 0 0 0 0 0 0 0 0 0 0 0 0 0 0 0 0 0 0 0 0 0 0 0 0 0 0 1 1 1 2 1 2 14 3 4 3 5 6 2 0 1 2 2 1 1 1 2 1 1 1 1 1 3 5 4 10 6 10 12 14 17 21 21 20 19 15 8 16 50 37 25 7 38 57 15 8 40 61 13 58 41 22 9 25 38 37 36 20
0 0 0 0 0 0 0 0 0 0 0 0 0 0 0 0 0 0 0 0 0 0 0 0 0 0 0 0 0 0 0 0 0 0 1 1 1 1 2 5 4 9 3 5 7 21 6 5 7 3 3 1 2 1 1 0 1 1 3 3 3 2 3 2 5 8 10 20 19 18 19 31 22 22 11 4 5 17 18 11 20 21 15 16 45 19 14 9 9 30 19 28 21 28 33 37
0 0 0 0 0 0 0 0 0 0 0 0 0 0 0 0 0 0 0 0 0 0 0 0 0 0 0 0 0 0 0 0 2 6 9 7 5 1 4 6 7 16 10 2 3 5 16 17 34 31 19 9 5 4 2 1 1 2 3 3 1 1 2 1 2 3 3 2 5 18 22 20 22 25 17 14 8 17 6 4 17 21 16 26 44 18 31 19 9 23 29 53 67 61 45 49
0 0 0 0 0 0 0 0 0 0 0 0 0 0 0 0 0 0 0 0 0 0 0 0 0 0 0 0 0 0 0 0 0 3 16 24 5 2 3 11 9 7 17 10 3 3 7 19 56 63 72 78 58 15 9 4 4 4 3 3 2 2 1 0 4 4 2 5 6 15 23 17 23 28 24 14 12 6 3 1 7 18 19 27 36 28 12 14 15 21 64 65 66 40 41 65
0 0 0 0 0 0 0 0 0 0 0 0 0 0 0 0 0 0 0 0 0 0 0 2 0 0 0 0 0 0 0 0 0 0 1 10 7 3 2 8 18 44 12 25 18 8 5 2 2 5 17 27 45 61 39 13 5 2 3 3 1 3 1 7 1 1 2 2 3 7 8 26 24 27 31 18 5 1 2 2 4 9 11 29 15 29 36 38 23 19 13 10 32 24 30 47
0 0 0 0 0 0 0 0 0 0 0 0 0 0 0 0 0 0 0 1 1 2 5 2 7 1 0 0 0 0 0 1 1 2 3 1 1 1 1 5 7 6 10 26 14 10 12 8 2 1 1 1 4 19 18 45 18 7 3 18 23 9 5 2 9 5 2 4 1 1 8 16 32 21 15 16 9 6 7 13 5 4 17 42 17 43 42 40 35 42 27 14 12 28 62 74
0 0 0 0 0 0 0 0 0 0 0 0 0 0 0 0 0 2 3 4 0 1 0 0 0 0 0 0 0 0 0 0 1 0 1 2 1 1 4 6 17 24 7 5 3 4 4 3 1 2 2 1 7 3 4 10 21 15 38 28 7 3 3 4 8 2 3 4 5 5 31 25 27 18 16 18 23 27 17 8 12 11 39 46 29 60 56 81 61 57 60 51 15 12 15 16
0 0 0 0 0 0 0 0 0 0 0 0 0 0 0 0 0 1 0 0 0 0 0 0 0 0 0 0 1 1 2 0 0 1 4 3 1 3 5 5 11 20 23 17 1 1 1 2 2 1 1 8 26 13 11 8 5 22 54 11 7 5 2 2 4 3 5 4 13 21 19 21 19 16 17 18 23 20 29 7 12 9 17 14 28 64 31 48 61 75 49 54 53 32 22 17
0 0 0 0 0 0 0 0 0 0 0 0 0 0 0 0 0 0 0 0 0 1 0 0 0 0 0 0 0 0 0 0 1 2 2 3 1 9 5 7 14 15 27 26 11 12 17 12 15 18 12 16 22 17 11 7 12 20 9 11 9 13 8 4 2 1 1 13 13 8 18 12 42 15 12 34 23 20 21 15 12 8 9 23 6 46 36 67 65 79 84 85 67 46 28 24
0 0 0 0 0 0 0 0 0 0 0 0 0 0 0 0 0 0 0 0 0 0 0 0 0 0 0 0 0 0 0 0 1 1 1 2 1 4 4 9 15 8 21 15 9 12 17 12 9 15 16 7 11 13 10 11 22 8 11 14 21 9 4 2 3 3 3 2 3 7 4 13 6 5 35 23 16 21 49 24 27 13 7 16 31 46 41 34 71 67 56 57 73 35 28 22
0 0 0 0 0 0 0 0 0 0 0 0 0 0 0 0 0 0 0 0 0 0 0 1 2 1 1 4 2 0 0 0 0 0 0 0 1 2 3 7 15 5 3 5 5 8 17 2 6 10 8 10 10 17 14 9 11 5 11 11 15 4 4 2 4 5 15 19 16 9 12 8 9 7 6 6 33 44 11 21 22 14 14 10 15 19 33 49 58 66 15 37 53 54 27 21
0 0 0 0 0 0 0 0 0 0 0 0 0 0 0 0 0 0 0 0 0 0 0 0 5 3 3 4 1 5 3 2 1 0 0 1 1 2 1 4 3 2 6 3 9 12 17 4 7 13 6 5 8 19 12 4 8 5 9 13 6 1 0 2 7 2 2 8 21 6 12 10 7 9 15 9 10 16 13 11 7 11 23 21 14 15 13 9 26 24 14 39 21 51 40 28
0 0 0 0 0 0 0 0 0 0 0 0 0 0 0 0 0 0 0 0 1 0 0 2 3 8 9 6 3 4 4 5 1 4 2 1 0 0 1 0 0 2 2 3 4 6 8 2 3 7 2 6 2 11 18 2 6 3 21 5 3 3 3 6 7 2 1 1 35 10 11 7 8 7 8 21 21 41 40 34 46 31 16 11 30 37 32 28 11 8 18 33 37 15 30 24
0 0 0 0 0 0 0 0 0 0 0 0 0 0 0 0 1 0 0 0 0 0 3 5 20 1 16 15 3 7 6 6 3 8 3 5 4 1 0 0 0 1 1 1 3 7 2 3 3 3 3 8 6 16 1 7 12 5 8 2 1 6 10 4 3 3 2 2 9 59 47 21 9 30 30 35 65 57 15 25 51 40 49 45 40 41 39 37 28 12 6 27 26 11 7 3
0 0 0 0 0 0 0 0 0 0 0 0 0 1 0 0 0 1 0 0 1 1 0 4 11 3 2 29 21 4 2 13 5 11 11 21 6 3 3 0 2 2 2 0 0 1 1 1 2 3 20 28 36 24 32 5 1 7 1 1 1 6 4 1 1 1 14 12 4 4 19 21 64 87 62 40 21 17 63 29 7 33 49 42 34 37 42 39 31 12 8 9 5 3 5 16
0 0 0 0 0 0 0 0 0 0 0 0 0 0 0 1 2 1 1 0 0 1 0 5 1 7 9 22 47 16 1 1 1 3 4 10 6 9 15 5 2 1 5 8 8 8 10 3 8 34 49 29 7 9 26 41 14 2 3 3 2 5 2 2 3 4 3 3 10 5 6 7 5 8 6 57 21 22 13 29 45 16 21 53 38 40 41 32 31 30 15 4 9 21 11 15
0 0 0 0 0 0 0 0 0 0 0 0 0 0 0 0 2 3 10 3 0 7 1 1 1 3 2 1 9 9 23 4 1 1 6 2 4 21 5 3 14 2 4 13 28 15 10 22 27 36 61 57 20 46 37 51 22 32 16 13 5 9 1 2 2 3 1 5 5 3 3 1 5 5 5 15 12 18 14 17 29 53 28 32 39 38 23 22 14 8 17 23 29 6 4 6
0 0 0 0 0 0 0 0 0 0 0 0 0 1 0 0 0 4 1 3 2 2 2 2 1 6 2 2 1 15 49 14 2 2 2 7 3 8 29 4 26 1 5 32 28 26 29 50 50 79 71 66 52 84 75 67 47 52 45 7 10 7 1 2 2 3 8 22 10 9 4 15 19 15 10 6 8 20 28 21 13 14 42 40 35 18 22 10 10 27 32 24 31 29 16 8
0 0 0 0 0 0 0 0 0 0 0 0 0 0 1 0 1 1 1 2 3 6 1 2 2 4 5 2 1 5 26 31 12 7 2 4 1 3 24 4 23 3 8 27 30 36 64 69 73 84 76 33 65 58 57 49 45 62 7 4 18 6 3 2 4 2 5 11 14 8 41 10 4 8 10 18 48 49 48 37 29 21 22 29 18 10 23 21 22 28 46 36 19 13 17 14
0 0 0 0 0 0 0 0 0 0 0 0 0 0 0 1 1 0 1 1 2 3 1 3 7 2 9 6 4 1 16 45 3 3 4 4 1 13 43 29 40 28 12 22 43 65 85 80 53 83 55 11 35 8 21 56 69 55 16 44 37 28 7 2 2 3 5 5 6 26 7 15 19 7 11 33 27 17 40 49 51 26 12 11 8 13 28 46 42 42 39 43 20 21 19 31
0 0 0 0 0 0 0 0 0 0 0 0 3 1 0 1 1 1 2 2 1 1 2 10 16 17 8 13 7 4 20 46 5 3 14 11 3 10 7 31 48 73 34 37 55 63 87 82 39 60 13 19 10 4 1 3 56 69 67 59 25 45 4 3 18 25 5 2 5 6 10 25 9 33 37 8 24 47 34 52 41 44 44 18 28 31 45 45 54 36 53 49 36 39 33 45
0 1 0 0 0 0 0 0 0 0 0 0 1 5 1 2 1 2 4 5 8 4 5 9 11 17 16 29 18 19 9 26 8 9 10 4 6 18 8 16 25 60 50 60 58 62 86 92 82 60 26 12 3 3 1 2 4 3 74 54 57 10 4 18 10 13 10 3 3 2 16 12 35 23 17 11 14 8 27 34 53 59 40 26 31 50 43 38 59 29 74 34 39 39 29 34
0 3 1 0 0 0 0 0 0 0 0 0 0 1 5 6 1 2 7 6 8 6 10 28 34 40 41 32 30 35 4 21 34 17 11 7 7 10 5 2 7 55 12 23 21 27 78 83 77 36 24 26 16 14 6 9 2 9 6 6 8 7 16 20 20 8 5 3 4 6 6 14 12 14 7 5 7 22 27 44 48 54 35 35 29 40 48 23 50 42 76 47 45 24 35 45
0 0 2 0 0 0 0 0 0 0 0 1 1 1 4 1 12 2 2 3 6 5 2 3 6 16 21 11 32 36 16 51 69 42 14 32 12 14 11 3 32 48 39 22 28 32 13 40 57 14 25 32 25 19 26 15 7 21 11 20 11 5 13 19 13 7 6 2 9 3 1 2 18 19 15 13 19 29 29 37 34 47 37 35 34 30 40 34 65 68 22 42 50 47 50 33
0 0 0 0 0 0 0 0 0 0 0 0 1 0 0 2 3 18 5 5 3 10 9 11 22 28 25 14 6 7 8 57 50 29 49 54 67 48 10 9 35 36 78 51 46 40 37 12 7 15 39 35 26 21 12 23 26 16 14 11 15 14 27 20 11 8 4 6 10 2 1 4 5 10 12 28 22 30 30 34 31 31 25 38 41 26 28 34 54 8 25 41 32 13 8 21
0 0 0 0 0 0 0 0 0 0 0 0 1 1 2 2 2 3 4 7 11 21 18 22 32 54 35 33 22 10 6 4 46 60 58 25 78 53 32 55 64 21 68 44 81 72 34 15 14 8 24 35 28 22 29 12 27 20 20 12 23 26 48 50 19 7 3 2 5 2 2 3 2 3 3 18 17 19 25 24 30 23 28 37 17 43 33 60 25 17 34 36 38 24 22 35
0 0 0 0 1 0 0 0 0 0 0 0 2 2 1 1 2 4 5 6 15 18 48 37 41 35 60 40 15 18 15 13 6 40 49 13 19 14 67 40 34 12 75 37 20 8 26 18 25 17 25 39 45 36 25 13 8 11 3 7 13 10 28 29 2 6 5 2 4 4 8 7 3 7 9 3 17 17 21 22 16 39 14 6 21 54 28 57 19 8 16 20 23 22 33 38
0 0 0 0 0 0 0 0 0 0 0 0 0 0 4 5 3 3 3 4 4 13 51 57 24 22 27 31 38 35 23 31 16 6 5 20 8 16 71 15 12 25 51 19 18 13 30 22 24 18 9 27 33 35 20 12 9 10 5 5 6 5 6 4 5 6 5 3 4 8 10 2 7 9 8 7 20 19 18 17 47 12 12 20 25 38 30 23 25 4 5 17 21 35 39 54
0 0 0 0 1 0 0 0 0 0 0 0 0 0 1 1 7 8 16 21 13 22 17 15 8 4 15 30 37 29 47 48 14 8 2 4 14 46 28 25 5 54 72 30 28 27 26 34 37 9 14 21 18 21 12 13 11 5 6 2 4 2 4 13 14 6 6 6 9 9 9 6 3 15 6 7 13 10 15 31 18 12 17 12 26 10 26 34 45 19 13 17 28 30 22 50
0 0 0 0 1 0 0 0 0 0 0 0 1 2 2 6 6 11 17 14 15 37 17 12 15 16 6 15 25 19 20 14 8 18 15 17 34 23 39 18 23 30 52 54 42 33 13 18 22 7 7 25 33 38 36 20 11 6 13 27 20 8 5 9 4 3 24 18 7 7 4 45 22 11 10 5 6 7 9 22 8 14 15 5 17 14 26 39 22 41 27 35 28 41 38 46
0 0 0 0 2 1 0 0 0 0 0 1 1 12 5 28 12 5 11 24 28 28 38 19 15 18 16 11 24 22 13 11 17 25 29 29 10 14 20 23 21 7 13 30 40 23 4 9 8 10 14 17 14 16 13 11 13 5 36 35 19 20 3 4 8 5 27 77 56 33 19 13 41 57 15 7 8 9 16 11 2 21 7 13 14 26 11 12 15 24 40 32 60 40 20 27
0 0 0 0 0 1 0 0 0 0 0 1 1 2 12 13 20 27 18 27 21 15 33 16 10 10 7 4 4 7 16 15 24 25 14 27 25 23 19 15 6 13 25 8 39 26 20 17 17 8 7 7 8 31 22 19 14 4 8 8 9 7 18 8 16 20 14 54 71 56 8 17 18 10 45 24 7 8 10 8 16 23 8 49 23 19 19 27 21 29 41 53 25 25 26 13
0 0 0 0 0 2 2 0 0 0 0 0 0 1 1 2 1 3 10 21 21 21 33 41 23 16 20 17 9 5 10 3 6 13 13 23 25 17 25 9 5 18 10 14 38 22 22 17 19 11 9 8 9 23 37 5 8 7 16 13 10 33 27 32 41 20 29 20 61 38 40 14 11 13 15 30 20 25 19 25 9 16 18 30 24 30 33 14 20 65 34 17 36 26 31 29
0 0 0 0 0 0 1 0 0 0 0 0 2 2 6 6 3 2 6 17 23 45 53 60 53 20 14 6 3 5 5 2 2 3 8 7 14 18 12 15 13 18 6 29 5 3 9 11 14 13 21 21 11 23 16 15 11 18 25 7 21 23 14 14 77 33 31 16 7 62 66 24 27 11 36 50 49 69 49 39 26 22 10 32 60 40 59 47 47 56 45 26 40 43 48 29
0 0 0 0 0 0 1 0 0 0 0 1 1 1 6 4 4 13 7 34 68 42 21 31 41 22 16 17 6 1 5 6 10 5 2 7 20 18 5 11 26 28 24 24 8 5 11 23 30 32 15 44 31 35 23 13 15 7 7 28 15 8 9 15 13 42 23 21 10 27 50 76 61 17 6 36 25 58 10 6 28 63 5 18 6 32 32 76 69 61 80 51 47 46 46 45
0 0 0 0 0 0 1 2 0 0 0 1 1 1 1 3 13 15 14 8 8 45 50 29 31 22 33 44 25 9 8 18 12 12 13 5 5 13 12 14 14 23 20 20 16 15 34 31 23 25 27 20 28 22 20 29 36 43 20 7 22 11 8 42 13 31 42 21 12 14 47 57 61 39 17 24 6 42 20 10 2 32 19 18 23 60 20 30 13 8 50 29 38 76 49 65
0 0 0 0 0 0 1 0 0 0 0 1 2 1 1 5 8 11 14 15 10 3 35 66 47 43 36 37 41 16 15 22 11 13 24 29 12 5 6 13 20 16 10 44 21 23 24 55 55 35 48 20 29 58 75 69 32 23 15 12 17 53 28 8 43 14 43 32 21 5 45 46 38 56 16 25 7 44 57 15 9 51 11 20 24 5 31 20 8 21 75 38 22 63 81 79
0 0 0 0 0 0 1 0 0 0 0 1 2 1 0 2 5 11 17 26 23 20 8 25 28 28 10 13 34 15 11 12 9 7 11 18 14 10 8 15 12 6 7 6 28 32 27 46 34 19 17 42 23 18 16 10 16 8 18 22 17 35 42 15 19 39 6 52 33 11 34 58 48 51 24 21 10 51 17 16 4 69 29 18 28 23 11 22 18 35 66 79 28 25 70 73
0 0 0 0 0 0 1 0 0 0 0 0 1 1 1 2 2 4 18 38 40 22 14 7 5 3 11 7 2 3 12 1 3 7 13 10 12 18 13 10 22 18 22 19 27 33 28 26 18 19 34 38 37 48 23 36 34 22 15 24 12 20 31 31 22 62 29 44 64 24 19 30 59 34 55 19 14 48 31 55 41 60 81 35 28 29 11 34 21 13 44 83 39 18 18 70
1 0 0 0 0 0 1 0 0 0 0 0 0 1 2 1 5 6 14 23 30 19 11 16 8 9 10 4 1 1 5 4 4 5 6 8 16 16 11 21 36 26 25 20 11 21 24 22 23 48 35 55 39 39 36 47 45 37 29 38 27 37 19 36 16 56 47 23 66 46 9 33 46 33 67 28 44 29 33 27 54 29 80 54 17 29 28 59 22 13 15 60 45 22 40 36
1 0 0 0 0 0 0 0 0 0 0 0 0 1 1 1 3 5 10 17 21 19 17 14 23 17 20 13 3 1 2 1 1 5 6 4 15 16 7 7 27 21 14 10 21 14 20 16 14 43 58 53 59 40 20 35 67 33 49 47 49 56 24 9 14 13 34 21 37 58 29 22 24 67 52 43 62 29 43 71 56 28 53 75 28 32 16 15 16 22 25 65 42 51 34 12
2 1 1 0 0 0 0 0 0 0 0 0 0 2 1 1 10 9 40 37 24 46 29 35 12 14 20 19 13 1 1 1 9 7 20 20 15 25 25 21 22 17 16 12 14 11 11 20 16 14 12 24 15 26 53 52 69 29 85 71 26 66 34 40 41 17 11 8 27 46 24 44 25 49 13 43 81 62 39 57 69 64 55 82 27 27 35 16 20 8 31 47 48 22 15 18
1 1 1 0 0 0 0 0 0 0 0 0 0 2 2 2 2 6 7 4 10 4 7 13 25 35 19 19 29 6 2 17 13 16 8 6 14 13 13 39 29 11 17 29 25 23 31 34 16 36 39 15 38 58 50 64 49 59 53 64 24 51 63 37 53 65 62 40 19 56 58 71 64 39 36 47 69 73 56 58 62 66 49 79 74 46 9 11 14 26 37 51 61 31 15 10
0 0 1 1 2 0 0 0 0 0 0 0 0 1 5 7 6 3 12 10 7 13 10 19 41 19 23 27 30 28 11 60 21 8 14 7 26 27 30 39 58 31 37 39 29 40 24 32 21 28 34 24 12 44 22 34 69 71 54 57 62 75 79 69 26 66 61 64 53 34 47 65 21 41 41 47 66 55 75 75 61 43 43 82 74 41 47 11 16 42 26 55 46 46 37 24
1 0 0 0 0 0 0 0 0 1 1 0 0 1 1 1 1 4 3 19 11 15 17 20 20 21 36 25 28 19 22 60 16 20 18 14 22 22 24 41 53 27 28 40 26 37 13 15 33 19 18 30 12 8 9 10 43 62 69 73 66 58 70 85 53 43 63 62 50 30 13 24 37 29 38 58 67 82 63 44 39 28 81 72 74 37 28 27 18 26 32 56 18 12 15 48
6 2 0 0 1 0 0 0 0 1 0 0 1 0 4 1 1 2 4 11 21 25 6 10 13 23 26 11 35 30 47 25 27 36 16 9 11 23 52 50 25 18 30 49 48 34 13 12 11 34 20 19 27 21 10 6 16 22 17 47 36 34 64 79 73 53 28 13 15 23 17 19 20 25 31 32 67 58 48 32 11 25 81 67 74 63 32 34 10 32 41 65 63 50 25 13
1 3 2 0 1 1 0 0 0 0 0 2 1 1 11 1 1 1 6 16 12 8 2 13 7 3 19 8 34 44 43 41 46 24 11 24 29 28 52 38 19 38 21 24 43 15 13 18 8 28 15 11 23 10 22 13 13 20 23 8 25 33 39 51 53 27 23 36 29 42 24 16 19 25 26 13 42 35 39 22 18 10 38 25 46 72 35 44 14 44 61 51 39 40 42 17
2 0 0 1 1 2 0 0 0 0 0 1 1 2 1 5 2 3 3 4 9 2 12 9 9 5 14 11 30 23 27 26 39 16 29 31 37 23 40 30 22 32 21 24 30 14 16 15 10 43 23 16 29 30 22 17 32 31 43 27 18 23 8 17 7 7 22 37 39 41 38 21 17 10 12 12 21 22 23 19 19 13 16 15 30 39 16 33 11 35 59 55 34 19 76 55
1 1 2 1 0 0 0 0 0 0 0 0 1 2 1 14 7 2 4 3 9 4 5 9 8 10 33 23 30 19 32 41 14 26 27 45 26 24 52 16 24 34 14 25 24 41 11 24 11 32 21 25 24 39 17 24 24 37 28 35 35 42 19 18 18 12 33 26 32 21 12 9 32 17 11 6 9 20 14 11 10 7 9 23 27 24 20 27 14 67 71 72 70 28 9 20
0 1 1 1 1 1 1 0 0 0 1 1 5 6 3 1 5 3 2 6 9 5 7 16 11 10 31 16 11 8 11 17 24 54 30 20 24 8 29 14 24 20 25 22 12 16 18 22 28 29 27 30 22 29 26 40 42 26 35 27 47 26 15 34 11 19 24 39 17 13 21 42 32 26 27 28 8 6 14 11 11 14 9 27 15 13 39 13 26 68 64 58 77 44 47 13
2 1 1 1 1 0 0 1 0 0 0 1 0 3 3 1 1 4 2 4 3 2 3 11 9 23 20 20 8 7 15 42 19 25 39 26 19 19 30 10 20 17 7 9 10 22 6 13 14 4 17 8 20 34 42 47 58 42 20 33 26 32 27 20 56 18 26 30 33 57 45 30 17 17 23 26 25 28 29 29 35 36 14 14 12 24 45 28 43 55 29 50 81 62 63 44
3 3 2 2 1 0 0 0 1 1 1 0 0 2 1 2 4 2 2 2 3 4 3 2 4 3 8 13 12 22 16 29 11 20 36 21 12 18 9 16 13 13 10 25 35 18 8 29 52 25 38 29 46 60 56 26 36 42 37 28 33 32 50 39 47 38 34 34 57 14 10 13 16 8 5 7 27 21 34 38 39 30 25 10 8 23 47 21 26 14 22 55 88 53 68 58
0 1 1 2 3 4 1 0 1 4 4 2 1 0 0 4 2 1 6 9 27 14 18 7 16 4 4 10 16 12 17 9 8 17 31 21 12 10 6 9 22 57 23 13 23 24 33 15 49 61 78 50 63 79 62 37 55 38 19 20 20 23 49 29 31 40 37 45 17 16 19 27 45 28 27 19 8 26 42 52 43 12 7 11 7 26 39 24 21 20 24 76 81 45 50 85
1 0 0 2 3 3 5 4 2 1 3 1 0 0 0 1 3 4 6 6 19 36 27 9 10 19 33 20 23 9 37 17 13 12 15 12 8 8 18 18 34 5 26 55 21 40 44 34 28 73 74 79 36 65 61 60 42 62 44 37 32 37 12 35 44 50 50 19 22 23 36 53 39 45 58 34 19 40 50 53 19 10 7 14 10 22 11 10 19 26 46 81 57 71 48 85
3 3 1 1 3 1 2 3 1 2 1 1 1 1 2 1 4 3 11 13 6 39 30 48 55 65 51 45 33 13 24 16 11 17 23 45 32 50 62 49 52 57 39 68 29 47 68 69 20 18 15 70 70 38 62 37 31 76 57 53 27 32 37 46 47 50 35 40 39 50 42 23 37 34 36 31 50 36 24 20 10 6 6 8 7 12 9 10 13 14 26 65 39 60 22 49
2 5 4 2 3 1 1 1 0 0 0 0 0 1 1 1 0 1 15 38 12 4 32 70 45 64 54 67 65 73 53 68 67 75 39 60 10 55 74 44 62 80 38 68 71 40 70 37 79 49 26 81 65 60 61 57 81 83 41 60 34 23 29 30 29 38 29 21 19 26 26 31 21 35 36 52 55 37 9 4 8 4 3 6 3 6 7 12 14 27 44 60 24 31 28 24
2 3 18 1 9 9 3 3 2 2 1 2 2 3 2 1 2 2 3 21 13 3 4 13 13 10 42 66 57 62 65 59 75 61 45 58 71 59 64 72 39 78 77 42 61 54 74 41 72 84 56 60 61 47 34 78 65 66 51 62 54 22 23 23 46 34 36 43 45 45 50 34 45 38 59 53 29 12 11 3 1 2 2 4 4 2 5 9 11 18 42 42 11 14 18 17
4 3 2 10 10 12 7 9 7 5 1 4 5 5 1 2 3 2 8 2 1 1 7 4 5 14 33 26 37 52 59 67 28 56 34 72 65 63 67 70 58 69 62 63 69 66 71 76 24 68 54 32 76 24 47 76 59 24 64 26 34 61 17 18 32 32 50 48 47 42 39 44 55 76 68 50 27 12 2 3 2 1 1 1 2 1 4 4 6 11 23 18 12 6 18 28
1 4 6 5 5 9 2 3 9 2 5 2 4 4 1 3 3 3 9 14 10 10 6 7 6 9 3 6 7 10 7 7 15 20 8 6 11 10 10 14 15 18 12 21 24 20 23 72 57 48 78 31 59 53 56 61 23 17 29 31 63 57 31 23 40 42 47 35 34 61 74 69 71 64 51 37 20 4 1 1 1 1 1 0 1 1 2 1 2 4 8 9 7 4 7 10
6 8 10 6 3 1 2 2 6 1 4 3 2 3 2 3 3 3 5 2 4 13 11 7 16 10 6 8 13 17 11 11 29 23 19 24 12 15 19 25 24 27 40 25 32 22 34 16 19 21 48 46 52 56 53 30 36 47 42 52 57 34 26 33 39 37 48 61 72 72 76 58 34 29 13 9 2 3 3 3 2 2 1 1 0 0 0 0 1 1 2 3 4 2 2 3
22 29 17 3 2 1 1 2 1 2 1 1 1 3 1 1 2 1 1 10 7 2 5 4 8 6 3 15 9 8 14 15 6 6 5 13 10 9 17 10 15 29 29 18 17 25 19 32 26 26 15 16 12 12 20 28 43 40 39 41 18 20 24 37 41 32 30 26 46 65 67 58 33 20 7 6 10 9 14 12 6 2 1 1 1 1 2 1 1 0 0 0 1 3 3 2
5 5 3 10 3 2 1 0 0 1 1 2 1 2 1 2 3 1 1 1 10 10 8 8 5 6 5 9 14 17 10 3 10 5 7 10 10 14 15 19 15 15 16 10 7 8 9 10 20 30 39 52 29 23 25 25 30 31 32 15 14 24 23 46 35 21 29 27 27 31 21 28 25 10 6 13 19 14 4 3 1 1 1 3 7 7 7 3 3 2 1 1 0 0 1 1
5 4 5 1 0 0 1 0 2 0 1 0 0 0 1 0 1 2 2 2 3 15 12 8 9 4 5 12 18 4 4 7 5 12 13 6 9 10 10 11 11 12 30 19 21 16 16 23 32 26 35 36 29 26 30 25 28 23 23 23 5 24 24 31 49 48 44 50 34 26 12 10 5 9 14 23 38 19 6 4 4 6 6 13 10 9 10 10 10 4 5 2 1 1 0 0
10 5 2 2 1 0 0 0 1 0 1 1 0 0 0 0 1 2 2 1 3 8 12 11 12 3 16 25 8 2 8 4 9 7 12 13 9 15 16 17 5 15 20 21 15 27 30 25 21 17 25 13 42 31 52 40 26 23 16 12 15 20 24 18 63 69 36 52 44 34 21 17 7 17 28 35 15 5 8 11 10 16 10 18 23 18 25 15 15 12 9 8 6 4 1 2
5 1 2 1 0 2 7 10 5 1 5 1 0 0 0 0 0 0 0 1 4 6 2 6 8 13 34 38 13 7 11 9 9 23 11 17 13 17 7 8 21 20 15 21 21 33 28 13 32 16 28 34 34 25 42 25 42 12 21 9 30 45 20 53 77 54 51 31 24 25 13 7 10 20 30 25 10 15 16 21 29 24 30 42 39 32 31 22 32 30 16 24 12 6 5 4
1 2 0 0 4 16 8 4 12 18 1 4 1 0 0 0 1 1 1 2 5 3 4 12 8 31 19 4 4 3 5 12 7 11 33 12 13 17 19 24 16 17 14 14 18 17 28 24 22 26 33 30 35 26 33 25 45 28 14 7 15 39 54 67 59 59 35 30 28 12 10 12 19 9 32 13 25 24 41 41 52 37 44 55 51 35 47 45 43 26 24 26 16 12 16 15
0 1 1 1 1 14 13 14 24 15 5 6 12 3 1 0 0 0 2 2 1 1 3 12 4 2 4 6 12 16 8 6 18 6 16 17 18 34 18 18 9 20 8 6 8 18 18 31 32 24 20 42 13 28 36 33 18 13 24 16 5 23 23 29 40 59 45 53 30 7 23 18 29 23 69 33 31 33 45 46 59 42 50 63 44 42 58 68 55 48 31 29 26 39 33 18
1 0 1 4 0 1 1 0 14 18 18 18 15 3 5 2 1 0 1 0 1 1 2 2 3 7 9 9 12 8 6 5 6 8 8 14 9 12 13 24 36 12 19 16 5 7 12 12 22 27 31 27 26 8 40 8 17 35 17 18 8 9 17 14 11 11 27 15 8 24 55 30 36 31 70 36 46 49 64 69 83 72 83 82 75 65 66 66 81 77 47 39 37 35 64 35
0 0 1 0 0 1 1 2 1 6 3 13 9 4 7 6 6 4 4 1 0 2 0 1 3 8 7 2 1 3 2 2 3 4 6 6 6 8 8 18 25 42 18 8 31 22 27 10 20 14 11 22 9 23 22 26 27 18 22 17 11 30 41 28 19 11 11 22 34 34 47 52 34 48 66 61 66 57 69 83 71 64 81 79 77 76 73 70 76 69 58 46 64 68 69 52
1 0 1 2 2 1 14 3 4 1 15 24 7 22 11 14 23 15 9 2 1 1 1 1 3 2 1 1 1 1 1 1 1 2 5 6 3 5 11 19 15 20 27 30 2 22 21 24 23 14 14 28 34 19 8 8 14 30 25 22 15 43 32 23 11 25 26 31 56 53 46 73 55 71 62 74 77 69 76 65 41 65 74 59 39 40 60 32 63 73 57 60 56 57 53 69
6 8 17 5 20 2 1 1 7 5 20 28 19 61 30 28 52 29 8 9 4 4 1 1 1 1 1 1 1 1 1 1 2 4 1 2 5 4 6 4 6 14 21 42 27 14 25 15 23 19 18 14 11 43 59 29 26 23 20 23 34 32 39 19 26 36 51 31 50 62 46 59 66 63 78 52 64 58 74 64 22 34 44 53 31 7 11 22 59 55 57 63 29 35 25 58
