sesion_6_simulaciones/modelos_agentes/ejemplos_netlogo/scenarios/echam4_a2/rob_2031.asc
NCOLS 322 
NROWS 307 
XLLCORNER 451900 
YLLCORNER 4086900 
CELLSIZE 100 
NODATA_value -9999 
[rows 222 to 295 of 307, columns 192 to 287 of 322]
1 1 1 0 2 1 1 0 0 0 0 0 0 0 0 0 0 0 0 0 0 1 3 2 1 1 1 1 3 3 1 2 8 9 10 8 14 31 33 38 43 37 41 61 42 53 55 37 47 60 54 49 22 20 27 28 27 52 66 65 46 37 46 27 55 77 66 54 71 75 31 15 4 1 0 0 0 0 0 0 0 0 0 0 0 0 0 0 0 0 1 1 1 1 2 1
6 5 3 2 1 0 0 0 0 0 0 0 0 0 0 0 0 0 0 0 1 1 3 5 2 3 3 2 5 6 4 4 11 12 13 9 17 14 25 30 37 33 42 61 49 36 52 37 48 43 41 27 30 24 15 19 25 41 34 35 27 39 45 27 31 57 45 38 56 67 31 9 3 1 0 0 0 0 0 0 0 0 0 0 0 0 0 0 0 0 1 1 1 2 2 3
7 4 4 2 1 1 1 0 0 0 0 0 0 0 0 0 0 0 0 0 1 2 4 9 8 5 5 7 8 15 17 10 11 13 16 10 19 9 23 26 22 30 38 58 66 34 48 47 26 23 31 31 42 15 8 25 27 46 24 43 42 44 45 38 12 15 3 2 5 35 41 10 2 0 0 0 0 0 0 0 0 0 0 0 0 0 0 0 0 0 1 1 1 2 2 6
3 2 2 1 1 0 0 0 0 0 0 0 0 0 0 0 0 0 0 0 1 1 3 7 12 13 10 12 11 20 50 29 18 18 10 13 17 15 34 20 19 21 34 39 58 52 23 34 13 14 14 11 24 25 6 20 25 22 33 52 56 48 54 41 14 16 10 11 3 4 15 5 1 1 0 1 0 0 0 0 0 0 0 0 0 0 0 0 0 0 1 2 2 2 3 4
3 2 1 1 0 0 0 0 0 0 0 0 0 0 0 0 0 1 1 1 1 1 4 5 14 36 19 19 20 14 31 46 20 29 23 25 32 32 21 23 14 20 22 23 28 37 28 48 39 13 41 37 21 15 8 16 53 46 48 52 64 51 45 26 18 16 19 24 9 5 4 1 1 1 1 1 0 0 0 0 0 0 0 0 0 0 0 0 0 0 1 1 2 3 2 4
2 3 2 1 1 1 0 0 0 0 0 0 0 0 0 0 1 0 1 3 3 4 5 7 15 39 50 28 44 24 33 48 33 22 40 43 34 31 31 27 8 13 13 23 33 38 48 59 70 31 30 31 26 11 17 22 37 32 47 55 54 38 33 22 44 33 36 24 10 6 2 1 1 2 1 1 1 1 0 0 0 0 0 0 0 0 0 0 0 0 0 1 1 1 3 5
3 2 1 1 0 0 0 0 0 0 0 0 0 0 0 0 0 1 2 3 7 13 25 17 20 35 66 28 46 28 34 49 18 20 40 42 48 43 34 32 21 21 19 15 35 40 40 58 54 55 45 35 28 18 41 54 51 50 59 70 51 29 32 45 72 57 28 16 9 4 4 3 4 3 4 2 1 1 0 0 0 0 0 0 0 0 0 0 0 0 1 1 1 1 1 5
3 1 1 0 0 0 0 0 0 0 0 0 0 0 0 0 0 1 1 2 3 9 26 45 40 36 59 58 66 37 58 30 18 18 29 48 51 50 29 30 32 34 22 21 26 42 43 44 40 38 54 52 32 31 38 35 53 35 43 18 32 55 56 77 67 41 27 14 16 14 9 6 6 7 2 1 1 1 0 0 0 0 1 0 0 0 1 1 0 0 1 1 2 2 3 5
1 1 1 0 0 0 0 0 0 0 0 0 0 0 0 0 1 0 1 2 5 9 23 28 50 53 66 71 64 35 50 23 19 45 33 46 53 39 35 45 40 46 22 24 44 45 55 47 56 33 35 34 29 10 19 13 75 46 26 39 51 50 54 42 25 20 19 18 12 14 19 17 9 2 1 1 0 0 0 0 0 0 1 0 0 0 1 3 0 0 0 1 2 1 3 5
0 0 0 0 0 0 0 0 0 0 0 0 0 0 0 1 1 1 2 4 5 11 25 38 39 49 59 59 62 60 66 35 26 38 50 40 51 45 39 40 43 31 35 23 25 29 47 54 51 41 23 26 20 21 34 32 11 76 80 55 34 18 34 29 35 26 17 10 5 18 40 18 6 2 1 0 0 0 0 0 0 0 1 0 1 0 1 1 2 0 1 1 2 2 2 5
0 0 0 0 0 0 0 0 0 0 0 0 0 0 1 1 1 1 3 3 5 18 35 49 38 46 60 56 76 82 53 43 44 57 37 54 53 50 47 45 43 39 53 20 37 33 44 42 32 16 36 24 32 34 41 57 41 32 41 47 26 44 28 27 22 23 19 6 11 22 21 7 5 3 1 0 0 0 0 0 0 0 0 1 1 0 0 1 4 1 1 1 2 2 2 3
0 0 0 0 0 0 0 0 0 0 0 0 0 0 0 1 1 2 4 11 7 10 45 40 60 51 59 66 27 80 58 53 45 61 49 41 46 57 49 47 47 39 65 23 23 61 44 40 38 28 49 27 29 48 56 24 50 49 30 14 26 15 22 25 22 20 12 34 23 8 12 4 3 2 1 0 0 0 0 0 0 0 0 1 1 1 0 1 2 2 2 1 1 4 3 3
1 0 0 0 0 0 0 0 0 0 0 0 0 0 0 0 1 2 4 11 22 29 58 47 64 66 71 65 72 65 83 50 44 55 46 24 33 53 57 62 48 24 44 52 14 30 37 60 37 41 50 39 28 39 30 29 16 18 23 39 32 33 28 40 17 17 24 11 7 10 7 4 2 1 0 0 0 0 0 0 0 0 1 1 2 2 1 1 2 3 8 3 1 2 6 5
0 0 0 0 0 0 0 0 0 0 0 0 0 0 0 0 1 2 5 10 23 20 36 11 30 54 51 26 27 52 77 44 52 81 45 47 53 61 39 15 28 14 45 52 16 40 57 38 16 33 48 45 29 36 26 14 43 45 49 35 19 27 53 61 39 29 42 36 23 13 6 3 1 0 0 0 0 0 1 0 0 0 1 1 2 2 4 1 3 2 1 5 2 2 2 5
0 0 0 0 0 0 0 0 0 0 0 0 0 0 0 0 1 1 3 7 11 9 10 34 32 37 27 35 44 51 67 66 70 72 63 58 55 51 51 28 37 35 39 55 14 27 46 42 25 23 28 40 35 29 12 31 47 21 27 34 35 58 65 64 62 52 29 14 18 10 18 5 1 0 0 0 0 1 1 0 1 1 1 1 1 2 2 5 4 3 2 7 3 1 2 2
0 0 0 0 0 0 0 0 0 0 0 0 0 0 0 0 0 1 1 2 4 22 25 22 32 46 45 35 42 55 55 54 67 70 49 56 51 53 56 24 54 46 36 55 12 18 41 34 47 48 23 22 48 36 24 33 33 26 55 39 65 48 47 67 76 41 27 9 22 6 3 2 0 0 0 0 0 1 1 1 1 1 1 1 1 1 2 6 13 15 3 3 4 2 4 7
0 0 0 0 0 0 0 0 0 0 0 0 0 0 0 0 0 0 1 2 4 8 16 14 14 28 46 34 48 37 49 55 57 74 60 68 51 65 44 47 28 40 24 42 14 12 24 25 31 46 50 26 25 9 28 14 12 40 43 35 44 33 56 57 56 62 24 6 3 3 2 0 0 0 1 1 0 0 2 2 3 1 1 1 1 1 1 1 1 4 12 11 6 4 4 8
0 0 0 0 0 0 0 0 0 0 0 0 0 0 0 0 1 0 1 2 5 9 8 16 23 40 31 28 38 39 25 30 51 46 42 61 36 60 46 41 41 42 73 48 21 23 37 55 29 20 26 25 8 34 11 17 33 62 53 74 71 52 33 37 27 17 15 13 5 2 1 0 0 1 1 2 1 1 2 4 3 4 2 2 2 1 2 2 2 3 7 7 6 23 6 11
0 0 0 0 0 0 0 0 0 0 0 0 0 0 0 0 1 1 1 1 2 2 4 7 11 21 20 19 22 28 43 43 29 26 19 69 47 72 37 51 40 36 76 56 39 26 59 45 47 40 22 51 23 49 35 49 49 22 36 41 45 37 20 28 34 20 20 5 5 2 1 0 1 1 1 2 3 1 1 2 3 6 3 4 2 1 2 3 1 0 1 1 2 8 17 7
0 0 0 0 0 0 0 0 0 0 0 0 0 1 1 1 1 2 1 3 6 9 17 24 30 29 34 52 58 44 44 61 59 44 56 51 73 64 41 46 37 29 25 61 35 16 30 37 46 34 42 53 62 68 89 80 80 70 70 46 43 42 44 49 33 17 11 6 4 1 0 0 1 1 2 2 3 2 3 5 3 7 4 7 3 2 2 4 5 1 3 3 2 2 2 4
0 0 0 0 0 0 0 0 0 0 0 0 0 1 1 1 0 1 3 7 14 14 23 36 52 63 63 53 73 57 48 47 44 31 20 23 45 50 54 44 45 19 23 53 24 19 19 36 22 37 10 8 11 14 34 50 85 85 66 61 45 39 18 39 23 13 9 5 1 1 0 0 1 2 1 2 3 5 4 7 4 2 10 10 5 2 2 6 5 2 3 6 5 10 13 21
0 0 0 0 0 0 0 0 0 0 0 0 1 1 1 2 0 0 1 3 9 23 11 31 30 48 59 47 10 27 46 36 25 25 34 44 49 31 59 25 38 24 10 41 31 34 13 13 11 28 24 17 17 15 15 13 34 62 74 74 78 40 31 19 13 9 8 6 3 1 0 1 2 2 2 3 10 7 8 8 9 3 4 18 8 3 3 4 4 3 6 3 9 12 18 26
0 0 0 0 0 0 0 0 0 0 0 0 0 1 1 1 1 0 1 2 5 8 7 19 18 19 21 15 12 15 26 26 26 36 32 21 36 53 46 10 28 34 11 25 26 10 6 32 28 25 47 31 37 39 37 41 43 56 48 37 47 74 51 34 24 18 15 5 3 1 1 2 3 5 5 4 9 12 9 6 6 6 3 10 16 8 8 3 8 4 8 10 7 14 15 11
0 0 0 0 0 0 0 0 0 0 0 0 0 1 1 1 2 0 0 0 2 2 5 7 10 22 24 31 39 27 38 24 25 42 36 30 29 22 11 14 28 38 67 40 19 22 8 21 25 23 43 54 30 46 61 36 30 26 29 19 19 32 45 40 27 14 12 5 2 0 1 3 3 5 6 8 6 19 11 20 8 15 9 8 33 13 17 5 11 11 11 20 12 13 12 19
0 0 0 0 0 1 0 0 1 1 0 0 1 1 2 1 2 1 1 1 1 1 4 6 12 19 26 26 31 50 45 51 46 65 24 20 24 31 30 28 56 54 22 24 50 26 16 22 19 58 61 23 44 40 31 33 48 42 49 29 23 16 16 17 16 10 5 4 1 1 1 3 4 7 6 6 7 12 17 24 17 10 19 10 34 9 12 14 8 21 12 13 14 10 13 13
0 0 1 0 1 0 0 1 1 1 0 0 1 1 3 9 1 1 1 3 3 5 3 5 9 11 21 16 21 35 41 35 31 32 36 37 32 42 41 28 17 15 10 7 15 30 36 20 55 68 21 12 17 43 42 39 33 40 27 24 25 17 13 8 7 5 4 2 1 2 3 5 5 5 6 7 9 12 21 17 18 16 18 30 38 12 15 17 10 23 16 7 20 8 5 11
0 0 0 1 1 0 1 1 2 2 1 0 0 1 3 3 1 1 1 2 5 6 5 4 4 4 12 18 22 33 26 25 32 33 32 32 32 27 25 26 19 13 11 8 14 8 12 44 19 41 18 17 18 15 27 76 50 53 40 31 21 17 11 8 5 4 3 1 1 1 3 5 3 6 6 11 14 10 14 31 24 30 31 31 41 25 28 11 30 22 7 12 16 7 10 13
1 1 1 2 1 1 1 1 2 4 1 0 1 1 3 6 3 1 1 5 8 12 7 10 10 4 7 11 17 14 23 17 27 30 31 19 18 10 14 19 35 34 35 30 28 39 31 13 7 14 23 44 45 36 41 24 37 39 48 42 29 16 11 9 6 5 3 1 1 3 4 5 8 8 14 12 12 21 13 12 20 20 23 37 17 73 32 11 22 21 5 14 10 24 13 17
1 1 1 2 1 1 1 2 2 3 1 1 1 2 4 5 5 1 3 7 8 19 11 13 14 19 12 10 8 10 13 23 42 34 15 32 15 32 20 21 27 35 22 18 16 24 14 14 27 41 46 38 44 39 48 17 14 13 13 23 19 17 14 11 9 8 5 2 1 4 4 4 9 11 15 6 11 9 19 9 14 13 26 17 35 62 20 15 32 12 7 15 13 20 24 23
1 1 2 2 2 2 1 1 3 7 1 2 2 4 4 7 1 1 4 7 15 23 27 15 35 22 24 25 16 17 11 45 55 37 42 28 24 33 23 19 33 15 24 12 20 21 19 19 20 42 40 29 43 45 41 16 30 36 33 35 30 24 22 22 15 12 7 2 1 5 5 5 15 9 13 23 23 16 9 18 13 21 23 33 28 50 37 33 29 14 14 22 11 12 6 27
0 1 3 3 3 2 1 2 4 5 1 3 4 10 12 4 1 1 5 8 9 27 28 34 22 26 44 34 30 31 31 43 58 54 44 48 48 29 51 32 17 27 10 8 8 17 15 19 21 25 31 35 40 33 44 43 44 50 46 48 47 44 28 18 9 5 5 1 2 7 9 8 16 19 13 16 25 18 20 6 28 8 13 30 34 51 58 65 31 16 24 20 26 25 18 37
1 1 4 5 7 4 2 2 7 7 2 2 6 14 8 1 1 2 5 8 17 24 26 32 38 29 42 38 52 52 54 43 23 31 43 42 42 22 38 37 36 26 15 13 31 19 14 33 13 11 14 24 44 59 42 43 61 57 53 33 48 25 12 14 12 7 3 2 1 6 16 9 15 19 27 20 28 18 24 18 13 31 15 7 9 30 50 64 31 39 30 24 23 40 17 17
1 2 2 4 12 6 3 4 5 8 2 2 6 14 5 2 1 3 8 8 11 15 20 29 48 29 36 37 32 52 59 46 47 37 37 24 31 34 41 32 30 19 17 23 42 27 23 25 8 7 11 38 50 32 60 64 33 38 26 25 19 15 23 22 10 7 6 1 2 3 19 13 13 14 20 29 23 23 10 21 11 37 23 18 10 8 25 40 52 66 37 32 26 32 13 17
2 4 3 3 5 13 4 6 13 3 2 2 4 20 8 2 1 5 8 10 20 30 31 48 49 43 26 32 51 47 29 58 77 63 33 32 25 28 41 29 17 28 29 21 24 12 18 13 34 23 32 37 42 54 61 47 57 35 38 37 27 22 18 12 11 9 4 2 2 6 7 24 15 14 18 21 37 35 22 43 16 13 25 23 18 15 16 31 51 55 38 37 31 33 19 29
2 3 8 7 3 9 3 8 26 4 4 8 11 14 4 3 0 2 11 14 29 23 29 52 52 50 44 18 15 18 28 27 32 14 17 29 45 29 30 45 36 26 19 16 11 7 11 16 39 39 41 44 52 55 70 64 59 47 37 41 32 34 29 14 13 10 4 3 3 12 13 15 30 14 17 20 42 35 26 20 31 16 13 32 31 18 23 24 40 50 58 36 32 23 34 18
3 4 10 16 6 17 4 9 30 11 5 13 16 8 3 1 1 2 5 15 31 36 30 33 45 57 42 20 25 21 26 28 36 28 21 13 26 35 45 43 27 24 12 18 21 11 18 8 3 8 40 36 29 46 44 33 32 55 50 42 42 21 19 15 12 11 9 2 5 13 17 14 16 7 23 25 27 44 54 43 43 23 18 17 33 22 18 30 45 78 70 36 24 21 35 16
4 4 5 19 8 15 8 7 12 16 7 19 15 2 1 2 3 4 8 20 24 28 40 24 35 48 62 28 22 23 36 34 33 33 28 36 26 32 20 11 13 25 15 16 24 15 14 5 18 25 31 49 74 61 41 65 60 74 51 34 39 35 31 26 22 11 8 5 7 16 15 26 34 15 15 38 31 47 40 36 52 21 30 31 52 24 15 21 17 33 58 33 33 16 49 35
3 4 3 10 28 12 20 8 27 11 26 10 3 1 3 4 7 4 22 32 17 27 33 36 17 33 53 65 36 38 23 36 29 18 15 16 24 17 13 13 15 7 6 4 12 7 11 7 23 22 20 42 37 53 61 59 39 58 35 25 27 29 27 23 11 9 6 12 14 18 21 29 7 22 34 40 38 28 45 28 62 26 30 22 30 47 34 37 45 36 44 28 52 20 30 50
10 6 4 6 12 25 26 13 44 17 15 3 2 4 5 9 9 6 8 8 18 23 32 54 49 31 35 17 42 56 23 37 20 17 26 29 32 20 19 16 12 12 24 16 7 3 4 5 18 28 34 38 50 37 48 42 38 32 21 8 20 26 23 17 10 7 8 15 15 19 21 35 11 11 6 11 35 54 68 25 54 44 33 34 21 18 56 30 44 44 37 52 20 22 38 51
7 13 8 6 6 15 40 18 16 6 3 1 3 6 14 19 19 7 9 11 21 27 26 11 16 15 20 37 13 21 43 61 40 41 15 31 12 18 20 5 7 9 7 5 6 22 9 9 17 25 36 23 24 35 35 38 27 43 31 34 42 27 25 13 18 19 10 19 19 20 20 36 11 23 14 19 20 15 38 35 29 54 35 40 23 45 48 16 40 57 56 47 19 25 23 28
8 15 10 15 21 31 31 15 14 3 5 3 6 15 15 20 25 15 18 20 24 27 22 18 16 23 21 14 17 32 18 26 30 57 30 50 13 11 13 14 12 9 11 13 6 6 12 10 18 33 46 23 25 32 45 23 45 61 67 56 46 29 29 25 22 19 20 30 20 23 23 30 17 27 26 21 34 31 37 54 22 56 36 56 22 21 43 11 21 29 55 36 15 28 29 54
10 20 14 20 28 38 28 6 3 2 7 7 14 18 19 27 17 39 31 22 27 28 26 32 36 27 29 18 22 45 19 13 8 10 12 33 42 31 25 45 31 26 16 14 13 7 3 12 33 29 37 14 17 33 35 40 55 72 39 43 48 29 30 25 22 22 27 40 23 25 26 29 27 30 39 23 36 35 34 34 53 77 47 55 39 14 47 28 12 17 35 44 27 32 25 10
13 27 29 25 57 33 7 4 7 9 16 14 12 24 23 34 13 24 54 17 32 25 15 22 32 39 17 26 30 34 56 21 16 8 9 7 9 6 13 37 44 21 24 19 18 12 7 10 26 21 19 16 25 31 51 52 48 45 45 31 47 37 25 9 27 15 16 50 28 27 41 31 43 30 42 35 34 41 34 28 28 18 61 63 51 20 25 24 12 11 21 47 26 38 43 32
15 23 50 41 49 8 9 8 9 17 20 20 29 40 14 25 15 26 31 49 20 38 14 13 19 36 37 35 32 23 14 30 14 17 13 9 9 10 10 12 20 10 8 15 6 3 5 16 17 16 18 16 16 28 46 60 29 54 69 57 26 22 14 7 41 27 27 42 35 27 46 32 61 42 41 47 32 34 47 32 26 18 46 43 50 24 13 51 15 17 27 43 49 45 29 34
11 28 57 66 33 5 10 17 21 21 38 44 23 30 17 18 37 16 30 29 24 30 22 19 22 31 27 46 32 37 40 27 37 21 19 14 10 9 9 13 15 7 6 7 9 7 11 28 14 17 16 13 22 38 57 50 76 52 40 53 30 17 6 16 22 48 31 34 40 29 37 33 54 47 32 47 46 31 34 49 40 13 24 55 62 27 8 31 24 18 30 21 64 48 25 65
14 34 60 35 6 7 22 21 17 44 31 58 18 34 20 16 23 58 18 31 47 29 41 18 19 35 41 33 31 49 30 29 51 14 19 16 13 15 5 14 11 6 14 18 14 12 27 18 23 27 30 35 32 31 38 50 56 44 47 36 32 16 8 25 21 34 31 33 44 30 33 36 35 54 30 32 57 32 34 37 50 19 28 32 50 27 13 23 34 25 18 16 18 41 35 26
16 48 41 21 10 16 27 30 19 34 19 55 22 36 47 18 42 59 13 41 58 20 52 19 18 37 44 46 20 15 49 14 14 32 44 26 7 13 6 12 6 4 6 7 8 11 13 20 29 37 26 22 16 24 25 32 41 45 33 50 33 20 19 28 36 41 22 27 39 43 29 27 18 42 31 31 40 40 34 28 14 14 40 24 49 27 18 10 23 42 10 22 44 41 39 9
18 42 40 28 14 18 37 53 18 24 24 46 20 33 58 26 41 58 25 23 35 38 39 22 19 22 23 34 37 36 16 22 11 9 3 35 28 9 7 8 6 8 12 11 13 13 11 18 26 40 31 35 26 33 25 30 18 31 34 19 19 31 27 29 28 36 40 32 37 42 18 32 20 30 35 31 39 18 15 35 17 18 17 22 52 58 20 10 22 34 7 13 38 47 48 25
43 40 50 21 18 27 31 39 20 31 28 33 39 23 53 24 20 49 27 20 20 18 65 39 17 16 19 19 24 27 47 29 8 20 4 7 31 9 5 7 4 17 20 19 9 16 4 11 25 42 44 26 24 14 16 31 43 60 37 17 10 28 30 30 31 32 53 23 37 45 18 27 30 32 48 6 27 35 18 16 30 15 15 16 25 43 15 11 15 37 11 11 13 42 67 53
74 39 16 18 27 30 31 36 21 57 36 19 44 22 59 22 21 36 31 17 20 35 51 28 14 22 16 34 35 34 26 30 20 26 3 8 10 23 4 5 11 18 9 14 13 15 10 5 14 35 42 48 33 21 31 36 44 58 49 21 10 40 30 21 30 30 42 28 21 46 30 16 19 46 41 17 15 17 39 11 24 42 19 19 60 40 9 26 3 44 25 10 7 6 17 24
18 10 20 17 28 31 47 42 37 47 31 21 70 19 23 51 26 52 35 14 17 27 28 57 24 27 13 29 36 33 23 14 22 42 9 11 7 39 5 6 7 8 6 8 6 15 12 15 17 41 40 30 47 27 23 20 19 42 43 11 17 27 33 19 32 30 27 43 20 47 37 23 25 21 38 17 17 24 22 21 9 6 40 17 26 45 17 39 8 25 56 14 29 18 11 9
39 21 44 33 29 33 55 32 60 43 17 27 51 28 29 55 17 23 57 11 31 25 18 46 14 28 25 21 23 26 35 32 6 20 11 12 7 7 24 6 2 10 9 17 14 7 5 19 33 32 53 44 14 23 23 4 20 26 19 9 22 50 40 17 15 42 19 36 16 24 67 15 32 33 21 24 21 19 35 23 27 13 15 29 10 41 54 43 14 22 75 14 17 12 25 9
66 38 22 38 40 42 37 33 58 32 28 30 23 27 27 35 20 17 51 21 28 22 10 21 33 27 24 15 17 16 22 22 29 8 12 29 9 7 14 20 6 15 11 14 15 12 13 6 30 13 8 7 8 19 20 44 30 16 22 20 14 37 24 19 19 31 44 14 39 13 43 14 27 40 10 14 36 11 18 27 33 19 13 5 9 8 36 60 21 15 44 22 19 13 24 16
84 45 30 30 31 39 18 35 45 15 34 30 27 29 22 41 21 20 37 14 14 34 13 6 4 11 12 6 26 41 20 22 32 5 9 2 16 7 9 50 6 8 7 13 14 10 19 11 59 23 18 11 13 12 38 45 24 7 9 32 14 11 31 18 31 19 53 12 52 10 24 29 19 26 12 34 19 16 11 14 22 28 22 11 10 11 7 13 40 53 40 31 21 12 29 17
64 27 18 38 22 24 22 24 47 14 26 20 23 47 21 47 22 44 21 12 11 28 19 9 9 12 13 13 18 21 39 36 10 8 4 4 4 17 5 46 3 4 4 11 10 7 21 10 7 17 23 24 5 29 42 36 23 14 6 37 22 17 8 34 31 29 44 14 45 20 13 19 33 45 18 12 20 8 17 4 6 21 10 14 9 7 10 5 7 16 51 27 12 17 34 20
75 29 58 29 30 22 22 22 21 16 29 26 14 54 51 15 32 29 31 25 22 12 20 16 20 26 15 23 10 11 14 14 13 9 3 7 3 5 11 23 9 2 6 4 7 7 9 27 6 8 13 14 22 54 46 31 22 20 6 13 29 15 23 19 25 48 28 34 8 33 49 9 41 60 21 4 15 6 9 5 17 14 20 20 5 4 5 8 8 7 17 34 25 8 33 8
67 47 21 23 22 26 34 23 26 14 19 18 26 36 36 12 13 14 15 4 18 13 17 25 32 25 19 28 24 6 8 12 35 21 5 4 18 4 3 11 18 3 7 4 8 17 14 11 6 7 8 14 34 40 38 21 6 18 17 9 28 13 19 22 9 19 16 19 11 16 47 13 30 34 2 6 8 17 13 8 2 21 3 7 13 1 2 3 10 11 18 5 38 11 21 7
14 46 15 25 25 21 27 18 56 16 18 20 19 7 34 17 18 8 27 12 10 18 20 21 23 12 23 33 26 3 8 10 16 20 18 10 7 14 3 3 22 2 5 4 3 23 28 13 9 8 14 30 37 32 37 14 10 20 14 17 33 16 8 8 18 14 12 31 11 15 42 23 48 18 3 10 4 1 6 16 3 9 7 9 18 4 8 4 6 6 6 14 22 23 31 4
27 59 17 19 12 23 28 27 15 27 20 16 21 8 20 12 17 10 54 17 6 11 14 46 12 11 18 29 26 5 9 8 21 12 22 12 6 6 13 3 23 3 4 3 4 11 6 15 4 22 17 31 35 39 18 6 13 19 15 19 37 22 32 12 11 21 10 31 9 13 12 18 37 3 3 2 4 3 9 7 6 2 1 10 12 12 11 8 4 4 3 3 6 31 16 4
26 63 38 5 12 15 38 26 14 34 22 12 8 12 10 18 5 27 10 5 8 16 22 13 30 13 10 12 12 10 6 17 16 14 12 13 10 12 13 5 26 3 5 4 4 5 12 35 18 8 26 45 46 34 4 11 20 26 16 23 13 35 15 36 20 9 8 16 6 14 19 32 17 15 9 10 1 8 14 5 12 3 1 6 7 21 17 5 5 3 4 3 2 9 16 15
10 30 43 6 21 10 24 36 11 31 17 8 2 14 7 26 8 20 13 18 6 7 19 22 19 10 7 10 13 20 2 6 10 22 15 6 9 18 7 14 23 8 4 10 6 5 4 24 36 29 43 47 37 9 13 23 27 23 17 26 30 23 8 20 30 3 7 6 14 5 14 20 12 23 9 8 5 14 11 2 21 24 5 8 3 3 8 8 4 7 1 4 5 21 6 14
14 27 39 11 13 5 10 10 15 15 16 6 2 10 11 51 12 9 12 3 10 18 18 23 12 5 5 5 14 10 6 11 20 11 4 2 8 17 17 5 14 9 7 14 11 7 11 54 41 62 65 52 5 9 12 13 19 22 19 21 36 9 25 16 16 35 55 7 5 2 3 30 6 21 17 13 10 20 15 11 15 41 8 10 4 2 8 10 25 21 8 4 28 7 8 25
12 15 46 20 21 8 7 12 5 22 18 11 5 7 5 17 13 7 11 7 11 13 9 9 10 4 23 4 9 17 8 7 19 20 7 5 15 6 7 11 2 7 2 9 26 46 71 46 44 45 22 4 9 12 19 14 18 18 15 9 12 6 18 11 3 26 7 1 1 6 8 9 24 7 24 14 15 16 31 14 20 27 7 19 6 6 5 6 6 12 14 23 6 22 28 42
14 7 4 45 8 5 2 3 2 14 30 8 8 4 7 20 4 6 17 5 7 10 8 7 3 8 3 3 1 15 5 8 9 10 7 10 8 7 2 6 3 4 2 46 40 42 75 79 45 12 4 9 9 13 15 13 17 19 14 3 1 2 17 24 32 35 4 3 2 14 23 12 13 4 28 9 25 11 19 7 10 24 11 19 10 12 3 2 4 4 3 5 15 7 25 25
15 15 6 49 2 7 11 3 13 1 17 6 6 11 10 28 6 11 16 10 3 8 8 23 3 7 2 17 2 2 6 9 15 11 4 8 23 11 3 5 11 54 61 63 74 37 56 78 54 2 6 11 11 10 2 10 12 12 12 1 1 11 40 40 35 11 6 16 16 8 25 25 5 7 11 13 31 22 36 43 46 27 10 15 21 14 14 1 5 6 7 4 7 16 27 22
11 9 4 50 7 2 4 4 22 2 4 16 6 6 6 21 4 9 20 7 4 6 6 21 3 4 3 7 10 10 5 8 10 9 9 15 10 7 8 21 44 70 80 65 78 77 68 53 2 5 14 10 11 13 3 8 20 20 7 3 3 16 35 25 12 9 14 14 15 13 20 36 45 11 7 12 13 17 21 10 5 15 19 38 29 21 4 3 11 2 14 11 8 19 40 13
10 8 4 17 15 23 6 4 21 4 4 16 1 4 3 4 7 7 13 6 2 1 1 13 2 5 13 8 17 5 5 8 6 16 6 13 7 3 11 29 26 10 54 72 75 62 3 4 9 5 7 5 11 11 6 3 4 52 8 15 8 11 9 27 21 9 22 18 13 36 30 27 4 9 10 21 21 16 13 10 14 14 21 17 20 5 12 6 5 2 6 15 5 13 37 12
7 7 4 5 25 9 5 3 11 3 3 9 4 1 1 2 5 1 12 4 5 1 3 2 5 8 13 6 9 4 11 10 10 5 8 10 8 2 12 24 10 35 22 12 7 3 13 18 11 11 6 6 5 1 4 11 5 16 18 11 8 10 4 12 6 7 9 25 34 44 12 4 8 13 14 16 36 16 33 14 21 22 23 18 24 4 8 6 11 1 14 11 8 8 11 4
6 7 5 2 25 2 3 4 16 5 2 3 12 3 2 3 2 2 8 8 2 2 3 8 13 6 6 9 3 5 6 7 9 11 7 5 10 5 22 24 66 57 18 4 12 12 3 6 7 2 3 0 5 1 6 11 5 32 11 4 7 7 15 10 2 9 15 40 30 1 5 1 4 14 34 34 18 19 8 16 18 16 21 30 8 10 11 10 5 2 17 9 9 10 7 1
3 3 6 16 4 2 5 3 7 2 2 1 9 3 2 2 2 3 2 12 3 2 1 3 10 10 10 7 2 5 2 6 5 12 3 7 12 7 18 16 15 24 4 12 13 6 6 9 18 9 3 1 1 1 9 14 3 14 9 7 7 7 15 4 3 4 20 25 3 1 2 8 4 4 9 30 28 31 6 11 16 17 21 12 14 11 11 11 14 3 7 9 4 3 3 4
14 2 5 23 27 1 4 2 8 2 3 1 4 2 4 0 4 1 4 2 2 1 1 5 6 14 9 2 3 3 1 3 8 2 7 4 5 5 17 9 18 25 6 11 3 13 2 1 5 11 7 1 1 3 1 4 12 5 11 1 2 15 9 2 5 16 21 26 3 0 1 8 5 6 8 16 25 11 6 8 13 19 17 28 9 12 20 7 6 2 8 8 6 3 2 3
6 2 0 2 5 2 2 2 5 2 1 0 1 3 2 0 2 2 4 1 1 1 1 7 6 5 8 1 3 4 1 1 1 6 8 6 8 38 17 60 55 26 4 2 2 10 7 4 3 8 5 5 1 2 4 2 19 14 1 0 0 10 8 6 18 24 22 21 1 4 4 12 27 2 7 17 13 9 5 6 16 9 11 4 7 26 9 10 3 4 3 3 2 1 4 1
3 4 1 4 1 7 2 1 0 1 2 1 0 1 1 1 3 1 13 0 1 2 2 7 3 2 2 1 2 2 3 1 3 3 4 9 20 28 56 37 16 44 9 2 3 6 1 1 1 4 6 5 2 1 4 6 3 23 4 3 4 20 7 2 9 18 11 18 4 6 9 10 13 2 4 8 6 18 8 6 1 1 1 4 3 7 3 3 3 2 2 1 0 1 1 1
3 6 7 3 0 1 1 4 1 1 1 1 2 1 2 2 1 2 2 0 1 1 4 2 4 2 2 1 3 1 2 1 2 3 5 26 42 61 76 35 8 2 9 9 3 1 6 19 3 10 13 2 5 8 6 10 2 7 2 7 2 19 3 8 11 8 11 20 4 4 7 10 8 2 1 1 8 9 28 9 2 2 5 6 2 3 2 3 1 1 0 2 0 0 2 2
