sesion_6_simulaciones/modelos_agentes/ejemplos_netlogo/scenarios/echam4_a2/rob_2041.asc
NCOLS 322 
NROWS 307 
XLLCORNER 451900 
YLLCORNER 4086900 
CELLSIZE 100 
NODATA_value -9999 
[rows 219 to 291 of 307, columns 0 to 95 of 322]
16 16 7 10 17 42 49 16 23 4 10 10 6 3 12 6 10 15 8 6 4 23 11 15 6 27 21 30 16 27 26 48 37 39 62 70 52 44 40 54 28 28 31 50 59 54 62 39 61 70 66 83 87 71 68 83 84 67 83 81 80 86 67 71 49 41 38 29 15 4 5 4 2 2 2 2 1 1 0 0 0 0 0 0 0 0 0 0 0 0 0 0 0 0 1 5
26 32 23 24 38 48 56 42 16 12 22 14 16 11 11 16 12 4 4 6 9 29 10 12 25 27 12 55 46 35 48 58 45 49 65 34 21 34 19 51 40 32 35 47 59 65 69 56 64 75 67 79 77 77 34 48 80 86 86 72 31 24 47 39 66 41 28 36 11 5 3 3 4 2 0 0 0 0 0 0 0 0 0 0 0 0 0 1 1 0 0 0 0 0 2 2
17 4 22 27 38 37 46 28 7 15 14 19 40 29 13 14 6 9 8 9 2 6 42 27 16 5 12 30 38 29 29 41 57 32 59 19 33 24 8 50 36 38 48 59 56 71 77 62 81 86 63 44 47 38 25 27 64 73 64 41 52 39 36 46 33 27 23 11 18 9 8 3 2 2 1 1 0 0 0 0 0 0 0 0 0 0 1 1 2 1 1 0 0 2 3 3
8 11 21 35 36 22 37 29 5 17 19 21 41 16 14 8 8 3 4 5 15 22 28 32 22 21 16 32 47 25 14 40 55 22 46 36 22 24 34 59 27 27 44 53 47 74 46 58 63 84 83 55 42 43 40 23 32 49 30 38 43 28 20 40 25 29 14 17 10 7 6 4 1 1 1 0 0 0 0 0 0 0 0 0 0 0 1 2 3 1 1 1 2 4 10 5
19 23 16 11 16 24 27 40 24 10 11 25 28 14 7 7 8 16 21 19 23 34 20 60 37 35 29 28 33 40 24 34 23 28 54 14 17 23 30 58 56 40 34 57 22 15 29 17 21 64 73 58 56 38 31 33 19 23 35 39 30 43 19 24 33 16 13 13 14 5 2 2 1 1 0 0 0 0 0 0 0 0 0 0 0 1 1 2 4 5 2 3 5 6 1 1
22 38 50 68 44 39 36 39 23 31 38 53 23 14 14 21 18 36 15 18 60 15 28 31 32 24 18 50 37 30 29 32 24 44 29 19 27 36 31 54 43 45 41 80 76 63 52 53 47 26 33 48 34 30 22 20 20 28 26 26 28 29 16 39 38 20 11 8 5 3 2 2 1 1 0 0 0 0 0 0 0 0 0 0 1 2 1 3 9 9 3 5 8 5 1 1
24 47 47 50 62 66 31 24 16 45 52 34 22 13 17 20 7 3 2 34 17 26 53 33 22 37 27 32 27 18 23 23 41 11 11 35 22 41 28 46 40 53 63 44 50 68 55 71 70 46 27 30 21 29 15 16 19 30 21 18 23 14 11 8 11 9 5 4 2 1 1 1 1 0 0 0 0 0 0 0 0 0 0 1 1 3 4 6 21 18 14 15 4 3 1 1
6 14 20 15 34 75 52 7 28 39 53 19 32 27 5 4 2 1 15 49 14 34 46 54 33 32 21 7 22 13 23 45 32 15 28 30 40 49 29 34 63 75 67 41 54 59 63 35 69 79 35 26 11 16 16 24 18 15 15 10 7 5 7 3 3 5 7 3 1 1 1 0 1 0 0 0 0 0 0 0 0 0 1 1 1 4 11 19 24 31 15 5 3 2 1 1
28 17 23 28 31 30 12 16 18 25 42 46 50 11 2 2 13 23 41 60 25 26 39 67 49 19 31 12 15 26 9 23 49 19 14 13 31 37 70 79 45 40 31 69 42 48 70 51 43 19 35 39 33 28 26 26 27 13 12 9 7 3 4 2 2 3 2 1 0 1 0 0 0 0 0 0 0 0 0 0 0 0 1 1 1 4 15 41 24 3 2 1 1 1 1 1
22 20 18 40 28 29 30 26 16 39 39 31 23 9 15 38 42 45 48 62 21 32 30 52 9 9 26 7 19 29 8 8 25 21 12 27 20 16 60 75 58 38 58 43 84 59 35 42 39 35 25 47 43 39 39 32 14 14 5 3 2 1 0 0 1 1 1 1 1 0 0 0 0 0 0 0 0 0 0 0 0 1 1 2 4 7 10 40 14 4 3 2 1 1 1 1
5 12 36 22 20 23 37 34 29 33 27 46 31 32 30 48 38 21 53 44 20 21 18 17 6 32 9 3 20 16 8 14 11 16 41 60 40 33 18 37 46 27 22 18 43 79 59 39 35 34 29 29 28 39 45 39 15 9 3 2 1 1 1 3 2 1 0 0 0 0 0 0 0 0 0 0 0 0 0 1 2 1 3 3 11 16 20 21 7 4 4 6 2 1 1 1
26 20 23 26 34 32 49 27 38 31 20 35 23 48 28 42 39 28 29 55 7 12 11 8 15 3 9 9 8 14 4 11 6 13 15 34 32 60 28 11 34 52 45 45 59 29 39 29 21 24 19 18 29 28 22 23 21 12 9 2 3 2 1 1 2 1 0 0 0 0 0 0 0 0 0 0 0 1 1 1 3 2 7 5 5 31 55 20 11 12 14 8 2 1 1 0
8 25 31 36 20 21 28 56 17 28 21 16 27 29 19 39 35 22 14 22 10 7 6 13 8 6 6 5 5 7 4 7 31 21 14 11 47 25 33 28 12 24 68 75 80 51 25 16 31 34 32 14 20 26 18 18 12 3 5 8 3 2 1 1 0 1 0 0 0 0 0 0 0 0 0 0 1 2 3 5 9 8 10 4 4 15 43 14 8 22 15 4 2 1 1 1
6 9 21 32 25 25 22 41 18 18 19 18 14 23 15 20 47 12 8 12 4 5 1 7 4 6 3 2 4 4 6 9 15 40 22 27 16 22 33 12 23 20 19 36 37 28 27 17 31 22 31 18 16 14 12 20 8 4 1 1 1 1 0 0 0 1 0 0 0 0 0 0 0 0 0 1 1 3 6 11 20 27 15 7 5 9 19 19 22 14 5 2 1 1 1 1
3 3 18 11 14 35 23 16 27 17 31 23 15 25 18 11 15 6 7 5 5 2 1 1 3 3 1 2 4 4 3 6 6 7 7 16 9 12 15 9 20 33 60 35 34 17 20 8 12 12 18 13 12 14 15 8 5 2 1 0 1 2 1 1 1 1 1 1 0 0 0 0 0 1 0 1 2 7 8 20 43 35 24 24 10 13 45 47 29 11 7 3 2 3 2 1
4 2 2 8 10 18 35 37 48 11 15 24 5 15 5 9 22 3 4 5 5 6 1 2 4 2 1 7 11 19 19 3 11 9 22 26 27 33 24 32 45 49 54 61 58 58 54 26 27 41 27 14 12 8 6 6 2 1 1 1 1 3 4 1 1 0 0 0 0 0 0 1 1 1 1 1 3 8 12 25 27 50 36 40 29 57 37 35 18 19 13 10 5 3 2 1
0 1 4 7 10 11 10 20 12 19 19 10 1 2 2 2 11 2 1 1 0 2 1 2 1 1 1 3 9 7 40 53 40 38 56 39 43 29 31 39 50 53 52 72 44 29 28 7 16 30 39 25 12 6 5 4 4 3 8 4 2 2 1 1 0 0 0 0 0 0 1 1 2 1 3 1 2 5 16 32 57 43 51 45 63 43 43 38 13 13 27 17 10 3 2 3
0 2 1 1 2 7 10 11 9 8 5 10 1 5 1 4 1 1 1 0 1 0 1 1 2 2 9 7 13 6 12 35 73 50 66 86 85 67 66 62 24 67 72 64 77 63 61 36 30 34 25 20 20 7 7 16 12 6 4 2 2 4 2 1 0 0 0 0 0 0 0 1 3 5 4 2 3 3 9 12 52 69 63 31 27 75 39 41 35 35 15 15 11 6 4 4
0 1 0 1 2 4 3 10 16 8 3 1 2 0 1 2 1 15 1 3 15 8 3 1 1 1 1 3 4 8 10 11 17 66 54 81 86 81 78 68 64 34 76 77 79 58 66 43 29 28 15 11 5 6 2 2 3 4 3 2 1 1 0 0 0 0 0 0 0 0 1 1 2 6 7 3 4 7 10 13 41 66 55 23 58 57 42 62 58 31 30 21 15 8 11 7
0 0 1 3 5 1 3 9 8 5 2 1 1 0 1 0 0 0 5 4 5 18 10 2 1 1 2 3 4 11 9 16 23 20 15 56 86 56 81 49 59 59 54 70 67 60 39 20 43 37 24 18 20 15 8 4 3 2 2 1 1 0 0 0 0 0 0 0 0 0 1 2 3 9 21 10 7 10 23 29 54 69 41 38 56 22 11 21 27 12 10 18 12 11 5 2
0 0 1 0 1 1 2 2 2 2 1 1 0 0 0 0 0 0 0 3 2 1 23 9 2 0 3 6 6 12 12 10 22 29 17 22 54 72 66 65 64 55 60 51 56 65 57 31 13 32 28 23 17 19 13 5 3 1 1 1 0 0 0 1 0 0 0 0 0 1 1 1 4 7 18 26 12 11 15 53 58 80 35 41 67 28 26 20 13 7 7 11 9 5 1 1
0 0 0 0 0 0 1 1 2 2 1 1 0 0 0 0 1 1 2 5 1 1 1 10 10 1 5 18 16 16 25 20 28 42 35 26 27 61 48 54 28 35 25 37 38 35 11 37 21 18 23 13 10 14 11 9 6 3 2 3 1 1 1 0 0 0 0 0 1 1 2 4 5 7 8 31 44 21 43 42 74 67 59 76 30 34 35 29 32 29 14 14 9 4 2 1
0 0 0 0 0 0 0 1 0 1 0 0 1 0 0 0 1 2 3 2 1 1 2 21 8 5 5 5 2 8 13 17 31 33 36 41 24 21 26 20 34 22 10 12 19 27 22 27 12 11 15 12 9 6 5 5 3 2 2 1 1 0 0 0 0 0 0 1 2 2 3 4 8 7 11 13 65 20 27 61 74 55 62 69 60 51 36 60 50 12 12 7 4 1 1 0
0 0 0 0 0 0 0 0 0 0 1 0 0 0 1 1 1 2 4 4 2 1 1 3 5 3 4 13 3 20 30 21 19 32 30 44 43 25 18 10 10 17 22 21 30 29 18 9 11 14 11 8 6 7 4 4 3 1 1 1 0 0 0 0 0 0 1 1 2 3 6 3 2 11 37 31 61 41 45 65 73 69 52 60 43 27 27 49 32 22 7 5 2 1 1 0
0 0 0 0 0 0 0 0 0 0 0 0 3 4 9 3 1 1 1 1 3 4 2 11 19 11 9 12 10 13 28 30 35 39 35 47 46 63 46 19 21 13 14 13 14 12 13 7 5 9 7 9 8 6 3 2 1 1 1 1 0 0 0 0 0 1 2 2 2 4 6 6 4 12 32 24 55 72 50 65 68 70 69 65 44 53 36 35 29 20 11 6 2 2 1 1
0 0 0 0 0 0 0 0 0 0 0 0 0 0 1 14 2 1 1 1 3 2 4 6 2 8 18 39 42 35 26 39 42 51 51 44 49 57 66 60 31 21 21 24 24 14 8 9 12 9 13 12 4 3 4 2 3 2 1 1 0 0 0 0 0 1 2 4 8 11 8 9 7 15 53 29 14 60 86 63 67 71 64 56 43 27 9 22 27 17 7 3 2 2 2 2
0 0 0 0 0 0 0 0 0 1 2 1 0 0 1 0 1 0 1 2 2 7 4 4 11 12 5 11 18 49 55 51 60 68 59 44 58 70 73 62 37 33 29 36 33 34 18 29 14 7 3 3 4 3 1 1 1 1 0 0 0 0 0 1 1 2 3 8 14 18 15 22 15 23 48 59 20 51 68 61 59 41 30 18 23 33 15 15 15 8 7 4 3 3 2 2
0 0 0 0 0 0 0 0 0 0 0 0 0 2 1 1 1 1 1 2 5 3 3 6 6 18 9 3 4 43 32 66 82 61 63 62 47 56 67 67 58 62 47 29 40 47 24 24 16 8 7 6 2 4 2 1 1 1 1 1 0 0 0 1 2 2 4 11 14 27 23 37 17 19 45 63 55 36 69 43 31 20 31 23 19 9 8 11 19 16 6 5 5 5 3 1
0 0 0 0 0 0 0 0 0 0 0 0 0 0 0 0 1 4 1 3 2 3 4 5 5 13 14 8 7 6 9 9 51 53 52 47 36 56 50 36 31 23 20 17 26 41 20 15 13 11 7 4 2 1 1 2 2 2 1 1 0 0 0 1 2 4 9 11 13 21 50 33 40 17 24 58 52 75 46 31 38 26 24 24 29 12 16 16 12 5 6 10 12 5 3 1
0 0 0 0 0 0 0 0 0 0 0 3 0 0 0 1 1 3 3 1 1 2 1 3 6 6 12 12 24 28 15 28 31 22 11 23 32 41 27 33 18 18 9 14 15 16 14 19 8 6 5 4 4 3 1 1 1 2 1 0 0 0 0 1 1 4 3 4 6 8 24 55 67 24 14 44 31 67 31 44 27 26 17 26 27 23 19 7 13 11 11 15 6 4 2 1
0 0 0 0 0 0 0 0 0 0 0 2 0 0 1 1 5 3 3 1 1 2 2 5 7 13 26 28 15 12 10 13 31 37 27 22 41 47 41 37 39 30 48 36 19 17 19 18 14 8 3 4 3 2 3 2 2 1 1 0 0 0 0 1 2 3 6 14 10 6 14 22 45 54 32 30 64 52 42 35 18 33 32 21 11 23 26 19 24 28 12 9 4 2 1 2
0 0 0 0 0 0 0 0 0 0 0 0 0 1 1 2 5 1 4 1 2 2 3 4 33 53 38 14 32 46 42 22 43 41 36 34 45 59 48 44 53 41 30 28 25 23 31 33 17 11 10 7 9 7 4 1 1 1 1 0 0 0 0 1 3 5 13 20 23 13 9 12 32 53 62 36 72 51 50 53 47 29 36 43 34 29 39 29 21 25 22 7 6 4 1 1
0 0 0 0 0 0 0 0 0 0 0 1 1 1 2 2 8 3 1 3 2 7 6 13 29 59 54 27 15 26 31 29 19 23 33 26 30 39 37 60 68 41 46 43 51 43 35 37 20 14 17 18 9 5 4 3 2 1 1 0 0 1 1 2 4 9 25 26 15 17 15 24 29 27 20 70 71 51 42 42 31 37 56 47 48 53 46 51 36 27 11 6 5 4 2 1
0 0 0 0 0 0 0 0 0 2 5 1 0 1 2 1 1 1 1 2 5 6 10 44 25 15 37 33 28 42 53 42 22 14 20 19 34 43 53 52 41 42 71 63 66 55 33 18 13 10 4 8 9 4 3 2 1 1 1 0 0 1 1 3 7 15 25 26 25 35 32 29 57 60 47 51 68 60 33 40 43 54 52 34 45 45 41 29 34 14 7 5 7 3 2 2
0 0 0 0 0 0 0 1 6 4 11 8 1 1 4 4 2 0 1 1 1 2 4 25 5 12 28 52 57 67 82 36 55 35 21 13 25 70 54 56 66 18 24 11 15 29 17 22 11 11 9 9 7 6 2 1 1 1 1 0 0 1 1 3 11 30 25 26 18 55 73 29 63 76 77 60 47 49 44 29 40 38 43 59 48 41 26 23 24 17 14 13 9 7 2 1
0 0 0 0 0 0 0 0 0 1 0 0 1 2 2 2 2 1 1 1 2 2 8 15 3 2 4 28 37 26 47 78 48 59 57 52 50 51 43 46 57 56 43 50 45 28 28 35 19 17 16 6 4 3 3 2 2 2 1 0 1 2 5 8 15 24 28 26 22 20 52 74 44 66 75 72 59 39 56 46 58 61 43 34 43 40 27 20 20 31 24 16 6 3 3 1
0 0 0 0 0 0 0 0 1 1 1 1 1 2 3 3 5 1 1 3 5 4 7 27 6 1 8 4 14 26 9 24 56 46 65 62 40 15 16 15 34 39 35 44 55 55 35 18 26 22 11 13 11 5 3 5 2 2 1 0 1 3 10 16 30 41 26 23 53 46 33 29 68 75 61 72 54 53 73 71 30 28 31 38 36 25 36 27 27 13 11 5 2 3 1 1
0 0 0 0 0 0 0 0 0 0 1 1 0 2 1 1 2 0 1 1 1 10 11 29 15 6 8 12 21 17 17 7 6 15 17 17 17 17 17 13 10 17 15 21 43 43 25 38 32 25 21 15 11 8 7 5 4 2 1 0 2 5 10 25 40 39 28 42 43 69 51 48 31 31 51 53 71 65 44 50 43 56 51 59 46 36 48 39 17 9 6 6 3 1 1 1
0 0 0 0 0 0 0 0 0 0 0 1 1 1 1 3 3 1 1 1 3 10 20 22 8 1 8 20 15 28 31 11 34 44 48 40 40 34 36 18 15 16 48 57 56 35 39 32 36 33 27 18 13 10 8 6 4 2 1 0 1 4 20 32 33 49 37 49 48 42 82 61 48 36 21 64 47 68 57 56 60 73 71 62 50 58 40 30 13 8 7 5 2 1 2 3
0 0 0 0 0 0 0 0 0 0 0 1 6 9 6 16 5 1 1 1 6 11 20 18 8 19 4 20 21 35 19 43 38 27 32 36 30 32 16 27 52 62 37 38 30 41 33 29 37 28 31 23 15 11 8 8 3 2 1 1 1 2 10 33 64 54 38 54 48 41 38 55 65 21 15 31 68 80 76 67 65 64 65 69 61 41 42 25 33 13 6 4 1 3 2 9
0 0 0 0 0 0 0 0 0 1 2 1 7 8 14 2 1 1 0 3 5 8 16 25 28 10 15 15 14 15 22 63 28 28 35 39 39 26 38 41 66 58 55 52 54 52 49 39 49 37 35 23 17 13 10 4 3 2 2 1 1 3 10 25 54 48 61 67 55 72 66 66 63 31 32 50 65 63 67 60 59 57 55 59 48 39 37 38 37 26 8 5 4 5 5 14
0 0 0 0 0 0 0 0 0 1 1 2 2 30 3 1 2 1 1 3 4 6 12 5 6 5 30 7 18 15 38 25 37 49 38 39 40 43 53 48 40 56 60 65 61 63 53 59 49 26 21 18 14 16 13 6 4 3 2 1 2 4 11 23 43 42 40 59 76 62 76 64 68 34 56 60 64 67 49 49 54 55 43 37 36 35 32 28 23 22 15 11 4 10 14 16
0 0 0 0 0 0 0 0 0 1 1 2 0 4 1 0 1 2 4 3 4 12 13 5 4 15 8 12 23 45 51 47 41 43 35 39 52 53 58 53 59 71 71 55 50 65 65 59 40 33 25 21 15 11 10 10 7 4 1 1 2 6 13 25 32 44 38 44 68 82 74 68 59 82 69 45 36 41 52 54 49 52 54 47 35 42 24 37 22 14 16 11 5 13 15 13
0 0 0 0 0 0 0 0 1 0 1 1 0 0 0 0 1 1 1 3 6 5 5 16 15 5 7 27 51 15 15 16 36 35 42 52 53 54 53 53 57 69 55 59 70 63 65 64 37 35 29 21 17 8 8 11 5 4 3 1 1 4 20 30 46 42 42 40 41 42 54 57 58 69 17 41 43 42 38 41 43 41 37 56 47 44 38 33 19 18 17 8 9 18 16 26
0 0 0 0 0 0 0 0 1 1 1 1 1 1 1 1 0 0 0 4 7 4 25 26 6 8 15 25 14 17 19 23 33 27 41 49 53 53 45 73 58 50 52 65 35 53 68 67 59 49 19 17 13 17 15 8 6 7 4 1 1 3 8 27 38 45 76 56 57 55 48 30 46 64 44 53 55 41 42 42 50 45 51 51 47 19 21 15 18 30 18 5 14 30 34 33
0 0 0 0 0 0 0 0 0 2 1 0 0 1 1 1 1 0 1 4 4 19 12 5 7 23 11 13 14 18 23 24 19 29 34 54 38 37 61 53 46 66 73 42 62 61 59 62 48 29 21 28 27 20 18 15 12 8 4 2 1 3 13 21 32 59 74 84 54 63 50 31 34 70 75 38 48 55 59 40 40 43 55 46 30 14 30 25 19 12 7 3 18 33 34 35
0 0 0 0 0 0 1 0 1 3 0 0 0 0 0 0 1 0 2 4 4 4 2 5 18 4 4 9 14 18 35 26 19 34 40 44 43 58 65 65 46 42 49 59 55 60 46 49 41 37 33 41 35 16 17 14 14 7 5 2 2 6 10 24 42 52 69 77 70 69 52 54 58 72 47 40 38 41 48 54 40 71 56 32 38 43 32 21 11 5 3 10 24 37 35 40
0 0 0 0 0 0 0 0 1 0 0 0 0 1 1 1 2 1 4 2 2 1 1 6 5 7 9 18 24 22 20 15 19 24 46 32 69 64 66 40 28 30 41 57 65 60 56 56 55 49 45 40 26 15 12 11 9 8 7 6 3 8 16 32 52 58 50 49 69 79 70 32 43 70 39 45 67 65 63 69 63 48 46 44 46 45 20 20 10 7 8 22 30 36 29 40
0 0 0 0 0 0 0 0 0 0 0 0 0 1 1 1 1 2 3 7 6 5 1 4 7 13 15 28 13 9 16 19 31 30 61 30 17 13 14 31 35 54 67 71 71 65 57 58 42 55 35 30 31 18 20 11 9 9 7 7 5 15 26 32 57 56 50 30 50 69 69 46 57 65 41 26 47 72 71 70 69 40 48 49 44 40 20 14 23 10 23 28 17 42 42 45
0 0 0 0 0 0 0 0 0 1 0 0 0 0 1 0 1 5 2 2 3 4 4 3 12 8 11 15 9 12 33 24 19 63 18 12 38 41 45 43 61 68 62 69 71 73 66 60 45 45 40 37 36 30 25 21 16 10 9 5 11 19 43 68 63 59 46 51 57 58 69 43 45 58 69 49 51 53 68 71 58 62 45 50 46 34 22 7 10 23 25 15 26 33 59 45
0 0 0 0 0 0 0 0 0 0 1 1 0 0 0 1 1 1 2 4 2 4 2 3 9 11 8 12 14 16 17 20 29 21 6 22 28 37 49 81 60 58 69 71 71 72 59 53 45 38 42 38 38 23 27 17 20 18 11 11 15 36 34 58 59 54 49 59 59 50 75 68 48 63 65 49 57 58 56 55 62 51 41 40 41 25 12 4 10 32 16 27 39 38 61 43
0 0 0 0 0 0 0 0 0 1 0 0 0 0 0 0 2 1 1 4 13 4 1 2 14 8 14 12 11 10 29 61 36 4 12 35 26 56 65 61 59 70 70 55 60 60 60 59 43 46 42 41 40 34 31 28 24 23 15 15 17 23 31 39 59 73 59 75 74 61 51 51 55 56 69 70 53 50 42 44 49 44 39 42 36 19 8 6 25 29 32 51 57 45 52 40
0 0 0 0 0 0 0 0 0 0 0 0 0 0 0 4 1 1 1 5 4 1 4 6 1 9 10 6 30 16 39 27 6 10 38 14 35 31 45 72 74 58 46 78 71 51 58 61 56 52 47 45 41 38 36 34 29 17 19 22 23 43 30 32 33 56 76 77 72 70 76 74 49 61 49 47 31 39 53 58 44 47 35 41 35 10 7 24 21 33 50 55 50 33 48 48
0 0 0 0 0 0 0 0 0 0 0 0 0 0 0 2 1 0 0 1 1 2 6 2 1 4 3 5 28 26 25 4 7 16 26 60 29 38 60 64 65 55 65 36 50 46 60 71 56 54 53 48 45 40 39 37 22 14 26 38 31 45 42 44 43 54 59 83 61 56 37 61 44 30 31 46 57 46 41 43 42 29 44 33 14 10 18 24 35 32 38 47 61 49 51 47
0 0 0 0 0 0 0 0 0 0 0 0 0 0 1 4 1 1 1 1 5 1 3 1 3 6 4 16 31 12 7 5 8 12 42 49 48 40 46 49 53 61 48 38 46 76 63 59 56 69 56 51 50 44 42 37 23 17 38 45 62 65 50 51 41 54 65 65 76 54 42 34 43 51 45 62 48 49 43 47 35 39 24 16 11 19 34 40 34 51 49 37 38 47 41 35
0 0 0 0 0 0 0 0 0 0 0 0 0 0 2 1 0 0 2 2 2 3 1 3 11 2 4 19 12 10 9 8 20 25 48 35 42 41 38 26 29 52 65 57 65 57 62 63 71 58 57 67 32 46 42 28 16 36 50 51 73 68 52 63 49 38 46 74 71 29 60 38 39 51 54 53 50 52 52 41 34 38 17 22 18 32 38 43 37 40 49 37 37 47 51 42
0 0 0 0 0 0 0 0 0 0 0 0 0 1 0 0 1 1 1 3 1 1 1 2 4 3 4 11 5 4 9 6 24 33 38 42 23 33 30 36 47 53 57 73 56 57 58 75 59 58 72 58 55 50 33 30 18 35 62 61 63 72 57 65 65 49 49 50 74 25 33 60 64 46 48 50 61 50 58 56 39 34 13 13 19 36 47 52 57 53 50 50 37 42 60 49
0 0 0 0 0 0 0 0 0 0 0 0 1 0 0 1 0 0 0 1 1 2 2 2 2 4 6 1 2 5 14 14 29 42 8 7 30 24 34 31 36 49 58 68 68 55 75 53 72 75 56 54 57 52 36 33 21 37 61 67 60 68 48 51 67 41 62 37 55 28 28 59 34 55 54 53 51 53 70 48 45 15 13 19 34 39 46 52 40 30 38 59 30 33 50 68
0 0 0 0 0 0 0 0 0 0 0 0 0 0 0 0 0 0 0 0 0 1 2 2 2 4 1 1 3 3 11 3 16 12 5 16 12 15 21 42 50 54 60 65 58 44 63 71 68 62 65 55 56 55 52 34 34 39 66 77 71 67 58 45 66 61 30 30 67 23 45 43 42 49 47 45 54 33 34 38 18 12 19 37 37 46 54 53 31 36 47 29 18 23 35 64
0 0 0 0 0 0 0 0 0 0 0 0 0 0 0 1 1 0 0 0 0 1 1 0 2 2 2 9 9 7 20 15 25 12 6 5 15 16 19 20 25 53 39 48 62 34 30 30 49 53 64 59 55 55 39 24 41 54 65 66 83 72 49 48 52 57 46 14 44 7 12 25 36 49 53 59 59 58 49 48 22 13 23 37 38 62 65 55 43 37 44 45 37 21 32 49
0 0 0 0 0 0 0 0 0 0 0 0 1 0 1 1 1 0 1 0 2 2 1 2 3 2 2 0 0 3 13 3 6 3 6 13 7 11 13 15 43 40 30 52 29 35 39 52 54 67 58 62 59 42 37 26 40 55 66 66 71 50 50 60 59 33 31 24 38 15 19 20 21 17 38 50 47 51 34 32 14 23 36 38 42 65 58 27 39 52 34 51 25 27 34 55
0 0 0 0 0 0 0 0 0 0 0 0 1 1 1 1 1 0 1 2 2 1 1 2 2 1 0 1 1 4 4 2 2 8 13 10 17 14 17 32 25 37 51 30 37 38 55 52 65 54 54 56 58 41 20 38 45 75 66 65 63 63 47 66 56 36 26 36 21 14 30 43 47 55 58 54 46 24 20 11 17 37 37 40 43 68 66 23 25 48 33 53 29 30 35 68
0 0 0 0 0 0 0 0 0 0 1 0 1 1 0 0 0 0 0 2 2 1 2 1 2 4 0 1 1 8 2 2 3 9 23 9 11 16 29 11 40 35 26 39 36 52 55 67 67 58 68 55 42 43 29 46 48 67 75 55 60 63 43 31 46 44 21 22 24 38 46 33 38 41 34 46 37 25 11 31 25 39 44 57 49 64 68 35 34 37 19 56 30 33 34 50
0 1 0 3 3 1 1 0 1 0 1 0 0 0 1 0 0 0 1 1 1 1 2 0 1 1 0 1 1 5 2 3 25 10 7 6 9 13 15 35 53 41 51 28 42 62 67 54 53 72 62 47 43 43 29 56 68 58 62 68 50 58 58 27 55 50 20 17 30 40 29 32 51 41 46 28 36 32 21 40 41 38 44 56 42 47 54 47 51 32 33 60 29 31 28 43
1 1 2 0 2 7 1 0 0 0 0 0 0 0 0 0 0 2 2 1 1 1 1 1 2 3 0 1 1 3 4 22 4 3 7 10 4 3 19 28 30 20 59 43 51 66 36 49 65 60 48 45 41 40 41 55 64 66 58 64 45 44 47 39 32 39 18 7 18 47 32 44 46 53 43 43 46 43 33 39 42 50 48 53 41 33 47 43 42 38 37 55 32 24 35 40
0 0 1 0 0 0 1 1 0 0 0 0 0 1 0 0 1 1 0 1 0 0 2 0 2 4 1 1 3 8 12 26 5 7 11 2 2 4 8 21 19 29 51 54 50 52 52 51 55 53 45 44 39 39 48 44 60 71 60 43 60 30 37 35 23 12 6 5 4 18 34 54 54 44 39 38 34 14 26 36 38 53 46 51 34 51 63 63 47 40 31 40 48 13 35 44
0 0 0 0 0 0 0 0 0 0 0 0 0 0 0 0 0 1 0 0 0 0 0 1 3 1 0 0 1 3 2 2 6 5 5 7 4 2 26 9 16 14 42 31 56 41 44 33 54 56 38 40 34 35 43 59 60 69 62 52 41 46 26 23 5 5 11 24 17 27 32 43 43 31 29 27 13 24 39 36 39 52 55 36 44 45 55 59 45 40 30 40 46 17 21 50
0 0 0 0 0 0 0 0 0 0 0 0 0 0 0 0 0 0 0 0 0 2 3 1 3 1 0 0 1 1 1 8 7 4 9 6 11 3 17 13 3 16 44 39 46 43 45 57 50 48 44 36 36 58 57 46 63 51 51 26 38 30 13 13 9 7 14 30 24 17 44 49 60 56 47 16 21 24 36 48 56 40 50 36 48 59 57 53 40 40 31 28 45 38 16 30
0 0 0 0 0 0 0 0 0 0 0 0 0 0 0 0 0 2 0 1 3 1 2 2 5 2 0 1 1 2 4 3 4 13 5 8 9 5 41 17 5 26 10 41 35 31 50 29 44 41 35 38 30 57 64 48 51 39 44 44 17 16 16 10 8 6 8 11 16 15 39 47 57 68 36 18 23 35 32 56 55 45 44 48 31 53 58 55 43 46 17 34 36 29 23 17
0 0 0 0 0 0 0 0 0 0 0 0 0 0 0 1 0 1 0 0 1 4 1 3 1 0 0 0 0 2 4 1 3 5 9 16 5 8 28 23 11 30 9 40 26 22 30 23 39 37 46 30 29 46 51 77 27 28 24 15 18 7 8 7 3 6 12 12 17 19 43 49 32 51 25 18 37 40 34 38 52 44 41 39 44 54 52 66 50 33 21 34 40 18 21 14
0 0 0 0 0 0 0 0 0 0 0 0 0 0 0 0 0 0 0 0 0 0 0 0 0 0 0 0 1 1 3 4 6 4 7 8 4 4 9 30 14 20 18 27 8 30 22 35 40 24 38 30 34 29 47 51 43 28 16 5 9 6 3 8 4 6 14 12 25 24 34 42 36 25 22 36 37 35 36 29 36 49 54 47 38 51 59 52 58 24 17 50 26 32 20 10
0 0 0 0 0 0 0 0 0 0 0 0 0 0 0 0 0 0 0 0 0 0 1 1 1 2 1 0 0 0 1 3 5 5 6 5 5 4 2 17 34 30 16 10 9 14 15 30 24 10 30 24 24 23 31 50 37 23 8 3 5 1 1 2 2 3 8 20 27 38 51 34 24 16 40 34 39 53 47 35 27 39 40 46 48 68 31 62 34 21 17 48 27 41 13 11
0 0 0 0 0 0 0 0 0 0 0 0 0 0 0 0 0 0 0 0 0 0 0 1 3 0 0 0 0 0 0 1 1 4 3 1 5 3 4 10 37 32 9 6 8 14 33 11 22 9 15 25 19 37 30 23 21 12 12 3 5 2 3 1 4 11 11 17 27 24 34 37 9 18 29 31 46 39 34 21 30 14 40 45 43 28 50 37 40 28 17 34 21 33 25 8
