sesion_6_simulaciones/modelos_agentes/ejemplos_netlogo/scenarios/echam4_a2/rob_2078.asc
NCOLS 322 
NROWS 307 
XLLCORNER 451900 
YLLCORNER 4086900 
CELLSIZE 100 
NODATA_value -9999 
[rows 216 to 287 of 307, columns 96 to 191 of 322]
48 37 33 12 4 2 1 1 1 0 0 0 0 0 0 0 0 0 1 1 1 3 2 1 1 1 1 0 1 1 2 4 9 16 10 3 2 6 12 13 18 17 31 47 56 48 60 47 30 12 12 17 22 17 19 9 4 10 6 4 13 4 9 11 24 30 23 19 31 17 10 6 26 36 36 13 12 10 7 10 10 14 7 7 13 2 13 20 11 20 28 20 21 14 8 9
60 41 16 14 8 5 3 2 1 1 0 0 0 0 0 0 0 0 1 2 1 5 7 5 2 2 1 1 1 1 1 2 5 18 20 2 1 2 8 15 21 24 25 26 23 44 46 31 28 16 19 21 19 22 27 21 13 18 12 2 2 7 4 18 23 23 19 25 17 12 9 10 17 14 27 11 9 8 7 7 3 4 2 4 8 14 43 53 24 13 17 17 9 13 14 17
39 29 15 8 6 7 4 2 1 0 0 0 0 0 0 0 0 0 0 1 2 5 10 12 6 5 3 2 2 2 3 5 6 8 23 4 0 2 7 13 19 22 24 26 32 51 40 21 21 29 26 21 43 29 38 30 11 6 3 2 5 2 5 9 13 11 19 23 14 17 7 5 8 10 8 19 8 8 4 7 3 3 5 0 2 13 6 2 4 12 16 20 23 18 17 14
39 24 16 10 4 2 1 1 1 0 0 0 0 0 0 0 0 0 1 1 1 1 2 3 12 7 6 3 2 3 4 5 8 10 26 3 1 2 5 9 19 19 23 26 28 26 21 31 30 27 40 21 33 24 18 26 12 12 5 4 6 5 3 3 8 9 11 5 26 17 8 3 5 11 9 3 16 2 6 2 4 3 2 14 49 7 11 11 12 22 32 32 34 20 17 19
39 23 11 12 9 4 1 1 1 1 0 0 0 0 0 0 0 0 1 1 1 2 3 4 5 27 10 7 6 5 7 7 9 20 15 5 2 1 4 8 9 16 15 23 24 26 35 35 26 35 25 25 26 25 25 25 28 15 7 3 3 6 1 5 9 5 5 12 10 15 7 5 5 4 7 4 3 3 2 1 3 1 3 3 14 29 12 28 36 33 52 48 49 41 58 55
46 31 18 8 10 3 1 1 1 1 0 0 0 0 0 0 0 1 1 1 1 2 5 6 9 16 39 16 11 8 10 15 12 33 11 6 1 1 2 7 7 11 13 14 21 29 35 33 27 25 24 25 36 43 31 17 18 12 6 8 10 16 4 4 2 4 8 9 7 9 6 4 4 5 5 5 2 1 2 1 1 1 5 3 1 14 64 27 35 53 39 40 32 35 20 19
27 17 16 10 5 6 1 1 1 0 0 0 0 0 0 0 1 1 2 2 1 3 4 5 2 10 24 40 18 12 13 24 27 37 8 6 1 0 2 4 5 9 10 20 22 27 33 47 45 41 37 33 31 31 28 23 19 21 28 27 23 22 5 10 1 3 3 4 6 6 4 4 3 3 5 4 3 1 1 0 2 1 2 2 4 3 12 19 34 17 17 24 17 15 28 21
23 11 7 6 3 3 1 1 0 0 0 0 0 0 0 0 1 2 2 5 2 3 5 6 8 8 9 18 48 24 18 32 46 18 6 5 2 0 2 6 6 8 15 17 22 25 29 37 43 35 35 22 25 25 28 43 49 17 6 7 7 5 3 2 7 1 2 2 6 5 4 8 2 2 5 3 2 0 2 2 5 21 4 5 5 9 5 7 36 56 35 39 42 28 29 31
12 6 3 4 2 1 2 1 0 0 0 0 0 0 1 1 0 2 2 5 7 5 7 8 19 12 8 15 40 31 28 38 20 13 5 3 1 0 3 4 5 7 14 16 18 23 26 29 40 38 34 28 41 19 31 66 15 12 8 6 1 5 4 2 1 2 0 2 3 3 6 6 1 2 2 2 1 1 1 2 2 1 11 8 7 10 14 7 8 38 77 55 53 38 49 46
12 6 3 1 1 1 0 0 0 0 0 0 0 0 1 1 0 4 11 8 25 10 9 11 24 30 11 25 33 59 45 21 9 8 7 2 1 0 1 4 5 10 14 17 17 23 25 25 35 32 29 28 43 30 12 9 12 9 6 4 11 19 3 5 3 15 4 1 2 2 5 4 3 3 2 3 1 1 2 5 4 2 1 3 30 23 14 16 14 14 64 60 55 52 39 36
16 5 3 1 1 0 0 0 0 0 0 0 0 0 0 0 1 3 8 24 38 18 18 12 20 37 41 24 41 49 20 14 5 4 3 1 0 0 1 4 5 7 10 9 13 27 30 37 32 29 37 42 35 23 19 15 21 13 7 22 4 5 11 16 5 26 4 3 0 2 2 3 2 2 2 2 2 1 2 6 3 3 8 7 8 5 8 20 22 34 20 32 50 39 26 34
9 5 1 1 1 0 0 0 0 0 0 0 0 0 1 2 2 3 5 8 12 34 17 23 18 25 52 54 43 34 13 10 12 12 10 3 1 2 2 2 6 8 15 18 22 28 31 31 33 29 31 23 16 22 17 16 29 18 26 5 6 9 7 8 18 5 8 6 10 1 1 2 3 0 1 1 1 1 3 1 29 14 28 17 34 14 31 25 23 16 18 41 35 29 23 16
13 6 4 2 1 1 0 0 0 0 0 0 0 0 1 3 5 7 5 13 14 14 37 52 19 28 42 56 43 18 26 20 16 11 10 4 1 2 4 3 3 12 13 13 14 23 24 26 38 30 37 29 28 25 17 25 30 61 19 13 7 15 22 46 10 6 7 4 2 1 2 1 1 0 1 1 1 1 13 7 3 3 11 31 21 26 23 33 19 31 30 28 22 29 30 40
10 5 2 2 2 1 1 0 0 0 0 0 0 0 1 2 7 19 22 13 16 12 13 42 24 29 34 71 50 35 49 41 17 15 14 3 1 3 5 8 5 9 14 18 16 17 15 20 32 33 27 26 24 18 33 31 16 14 9 15 9 6 7 12 5 2 2 2 1 1 0 2 1 1 1 0 1 1 1 2 3 5 9 15 12 12 25 35 21 28 22 14 22 18 23 29
5 5 3 1 1 2 1 1 0 0 0 0 0 0 1 2 7 13 22 33 40 37 12 20 51 18 21 50 64 74 49 36 26 16 6 2 2 3 7 9 19 13 9 17 23 20 22 22 21 21 17 15 19 18 26 12 14 10 10 9 10 8 12 11 8 9 6 6 3 2 2 1 1 0 1 1 0 1 1 3 6 9 9 32 19 9 20 13 15 31 16 13 13 24 25 25
10 6 4 2 2 1 1 1 1 0 0 0 1 1 0 1 5 10 20 32 40 40 31 32 30 36 23 30 64 65 51 36 24 16 9 3 3 7 8 17 22 26 29 20 21 23 21 23 26 23 22 22 20 17 9 9 6 5 5 4 4 3 3 13 14 11 3 5 3 2 1 1 1 0 0 1 1 1 2 9 7 12 16 21 21 17 12 14 17 22 26 21 17 18 27 18
7 4 4 2 3 4 2 0 0 0 1 1 1 1 1 2 9 16 27 41 36 32 16 30 56 37 24 25 50 61 57 51 18 15 8 5 4 8 9 13 22 25 30 45 29 27 19 31 42 44 46 32 14 11 8 10 6 6 12 10 6 8 6 4 3 4 3 2 3 2 2 2 3 0 0 0 1 2 3 2 4 11 20 15 19 40 32 21 22 20 16 15 25 19 20 14
13 12 4 5 7 4 1 0 0 0 1 2 3 3 2 1 8 14 22 33 34 48 14 31 26 42 40 44 59 64 58 50 28 10 11 5 4 11 18 14 15 25 30 29 40 52 36 18 31 45 49 50 28 13 14 17 23 19 20 24 17 13 10 5 8 12 5 3 1 4 5 4 3 3 2 4 5 1 8 4 37 18 14 30 22 20 29 33 56 28 18 16 21 14 8 10
29 10 8 11 4 1 1 0 0 1 3 6 4 4 2 2 5 14 22 26 37 38 24 16 29 28 60 49 40 43 40 36 16 8 4 4 6 13 19 16 22 29 33 34 33 39 37 56 31 34 38 30 25 28 21 26 21 26 34 20 10 10 12 7 4 2 5 4 1 1 1 0 0 0 1 0 1 9 5 6 2 7 25 34 18 21 45 27 46 25 37 25 15 20 16 18
32 20 21 7 2 2 1 1 1 3 4 7 10 6 2 2 6 11 13 30 42 40 42 20 22 32 35 60 37 30 28 18 8 2 2 6 11 13 21 26 28 31 33 32 39 42 41 42 48 34 36 29 33 43 22 20 24 19 20 18 14 19 16 13 6 3 5 3 4 1 1 1 1 0 2 0 0 1 2 3 2 1 29 53 28 32 46 60 43 42 44 42 37 48 24 10
25 30 16 4 3 2 1 1 1 2 10 11 17 11 8 4 5 9 11 25 28 38 61 33 17 34 32 60 43 36 17 10 9 6 5 14 14 14 23 25 28 31 33 40 45 45 58 42 49 55 37 45 35 34 25 19 17 18 35 19 24 12 8 11 8 3 2 2 2 1 3 1 0 1 1 1 1 5 6 5 7 5 4 24 41 58 73 52 35 33 24 31 36 17 14 20
56 36 13 7 3 3 1 3 3 2 6 18 23 27 13 6 14 15 11 13 40 44 36 50 14 24 30 46 42 42 35 31 22 7 7 13 14 11 30 26 27 33 32 46 54 49 63 51 36 25 54 72 66 29 29 9 15 16 24 13 24 10 7 5 4 2 1 2 1 2 0 0 0 0 1 0 1 2 4 4 6 6 9 11 29 22 14 55 40 32 32 21 16 19 21 18
36 18 10 6 3 2 1 3 11 6 7 14 31 31 25 16 9 20 17 21 33 34 43 55 30 31 38 53 54 51 51 31 22 9 8 14 25 19 22 27 32 34 42 59 54 56 58 53 49 35 33 47 48 44 21 8 13 16 9 17 18 13 2 9 1 2 1 1 1 1 0 0 0 1 1 1 1 4 26 8 18 9 13 14 14 11 26 31 30 41 21 16 18 17 14 12
17 9 4 1 1 2 4 3 10 16 11 9 25 39 41 20 9 22 33 42 38 20 50 66 43 38 48 48 46 62 51 30 23 10 6 18 24 20 18 23 38 35 44 49 52 57 56 53 50 46 34 44 51 35 26 7 11 19 15 10 9 8 1 3 2 2 2 1 1 1 0 0 1 1 0 0 1 2 6 3 10 20 29 14 21 18 18 30 25 15 18 23 26 25 25 13
9 5 3 1 0 3 5 9 13 22 21 16 28 42 46 31 12 24 27 63 49 19 42 55 50 22 17 72 71 50 46 35 23 9 5 21 30 29 19 38 39 50 42 49 56 43 56 53 50 56 33 43 42 25 24 5 10 11 12 11 6 4 3 2 2 1 1 1 1 0 0 0 0 0 0 1 1 4 5 5 10 10 34 34 26 37 41 28 16 16 14 13 20 19 18 12
8 6 2 2 1 3 12 10 14 30 40 28 23 36 52 48 23 15 32 45 49 31 38 49 61 24 26 72 56 59 59 42 28 5 7 27 27 17 44 29 45 53 42 49 45 43 62 51 49 46 41 33 19 22 47 11 5 12 15 7 3 2 1 2 1 1 1 1 0 0 0 0 0 1 1 1 2 10 10 14 12 14 22 25 33 49 38 38 33 27 19 21 23 12 15 6
5 8 7 3 1 5 9 18 19 24 36 32 24 39 54 51 25 16 50 41 38 43 40 51 64 66 49 69 65 63 53 37 17 8 11 26 29 30 33 49 31 44 56 42 33 39 51 52 50 39 40 40 29 25 36 15 16 4 8 15 5 3 1 1 0 1 1 1 0 0 0 1 0 0 1 1 2 19 21 22 28 11 13 19 22 32 44 47 27 25 26 22 23 18 20 11
14 11 8 3 3 9 14 21 22 25 41 51 40 43 44 61 27 17 39 37 38 44 44 51 69 74 55 71 48 47 55 33 12 9 11 12 19 51 31 32 44 37 48 40 39 52 51 37 45 43 36 32 41 46 38 25 5 2 7 6 6 2 1 1 1 0 0 0 0 0 1 0 0 1 1 1 1 5 7 18 12 21 38 28 20 20 17 24 29 29 23 21 21 19 15 8
26 13 5 7 5 10 15 27 39 43 43 40 56 32 49 61 29 35 22 51 51 45 34 50 56 58 43 37 31 38 31 29 9 6 9 12 30 44 43 28 32 49 21 57 37 40 50 33 29 54 37 19 37 35 25 22 15 3 2 2 3 2 1 1 0 0 0 0 0 0 1 0 1 1 20 9 5 8 10 18 28 45 30 39 36 42 34 35 36 27 24 13 11 11 6 2
14 4 3 10 13 11 20 33 27 44 47 48 59 31 48 57 34 43 22 37 55 47 60 38 66 54 35 34 28 29 33 16 7 8 19 15 18 28 41 39 47 30 28 31 54 34 26 36 41 55 39 27 16 17 13 20 21 2 2 2 2 1 1 0 0 0 0 0 0 1 0 1 3 6 18 14 13 17 14 30 47 35 27 14 28 26 38 38 27 30 27 12 10 7 4 2
7 2 7 16 17 20 24 31 38 31 46 52 65 46 48 56 29 39 48 27 29 44 39 71 45 57 31 33 37 23 10 11 12 13 23 26 24 14 21 12 23 31 39 58 32 39 42 36 30 29 33 31 9 8 4 3 6 4 2 1 1 0 0 0 0 0 0 0 0 1 0 0 1 5 2 8 50 51 46 45 58 35 23 27 30 18 20 23 36 34 7 9 10 10 11 4
7 3 11 27 37 22 29 35 40 45 46 54 54 59 38 57 26 27 44 34 29 51 23 52 62 34 28 28 10 10 17 24 23 13 28 25 22 22 17 32 25 28 35 50 56 31 24 42 21 32 21 17 12 8 4 4 1 3 1 1 1 0 0 0 0 0 0 0 0 0 0 1 2 2 3 3 14 24 39 31 17 19 21 28 24 23 29 25 18 13 10 7 4 5 14 7
9 5 15 35 38 26 27 34 29 41 51 52 51 56 54 71 28 28 37 39 37 46 67 45 29 40 41 31 21 17 30 29 29 16 12 24 19 26 33 32 30 32 34 39 36 45 24 18 24 22 17 10 14 7 3 1 1 1 1 0 0 0 0 0 0 0 0 0 0 0 1 1 11 6 8 8 6 4 18 32 31 13 18 16 27 28 15 8 7 4 3 6 9 11 14 14
14 6 15 37 38 37 25 42 31 45 66 51 45 47 70 68 26 25 24 36 35 48 70 18 40 41 32 26 34 35 45 52 30 26 15 26 20 29 42 22 30 43 50 41 28 33 23 33 18 19 26 28 7 2 2 1 1 0 0 1 0 0 0 0 0 0 0 1 0 0 1 9 16 10 9 8 9 12 11 17 25 18 14 19 28 29 17 14 12 6 5 6 13 15 16 16
13 10 18 42 40 39 26 49 46 45 63 47 62 51 48 53 53 33 45 27 39 30 68 56 36 28 29 37 30 46 55 56 32 19 18 10 27 38 23 38 42 40 55 54 52 30 36 8 5 5 21 2 5 2 2 1 0 0 0 0 0 0 0 0 0 0 1 0 0 0 0 1 1 3 8 7 9 13 11 13 18 11 18 20 31 42 31 43 21 14 6 13 15 16 24 17
14 11 18 42 44 52 25 51 52 47 39 44 34 59 54 26 23 53 30 29 22 41 47 30 29 27 30 35 47 74 49 33 21 22 28 11 18 20 50 41 42 45 47 58 28 41 24 17 8 13 10 1 8 6 2 0 1 0 0 0 0 0 0 0 0 0 0 1 0 0 1 4 4 9 10 10 10 16 18 29 23 22 23 24 28 41 51 22 20 9 8 15 16 19 24 8
9 26 27 42 46 55 30 28 37 52 54 48 26 22 41 56 21 15 59 42 17 38 50 31 41 19 47 71 59 39 30 34 32 23 17 7 16 11 28 37 39 62 53 33 17 30 19 24 21 19 7 3 4 6 2 2 1 0 0 0 0 0 0 0 0 0 0 0 0 0 1 2 3 6 11 17 11 14 12 22 11 10 14 39 41 46 32 24 8 11 17 17 18 31 29 10
16 34 40 43 45 39 44 36 32 24 38 51 19 16 37 43 41 32 8 20 18 32 20 25 20 47 38 29 37 28 33 44 38 16 20 11 21 24 30 27 18 38 33 18 22 21 22 12 19 16 10 5 8 4 1 1 0 0 0 0 0 0 0 0 0 0 0 0 0 1 1 2 4 7 9 17 13 12 11 18 29 23 38 35 36 29 38 23 11 18 19 21 33 31 26 17
24 34 41 38 44 55 45 55 43 31 20 28 58 17 36 27 27 43 21 10 15 37 7 23 60 25 26 36 45 45 40 28 15 18 23 18 22 28 34 24 29 38 24 13 29 27 8 7 22 11 3 2 2 1 1 0 0 0 0 0 0 0 0 0 0 0 0 0 1 0 2 3 7 12 19 25 19 13 18 22 31 29 39 29 35 37 23 17 12 19 20 22 31 46 16 13
29 36 41 23 27 66 63 47 38 35 49 28 30 46 22 24 27 10 38 15 14 23 45 30 24 35 44 47 50 50 35 20 16 17 32 15 18 27 41 43 37 39 37 27 28 11 12 13 6 6 3 2 2 1 1 0 0 0 0 0 0 0 0 0 0 0 0 0 1 1 2 2 4 11 24 19 17 27 20 23 31 32 26 37 35 26 10 11 19 19 29 29 39 39 21 14
36 47 39 28 34 52 47 57 57 29 38 44 32 33 44 20 28 11 10 20 8 7 32 35 35 35 35 44 49 32 35 34 25 11 21 8 13 18 30 46 41 40 20 27 19 23 11 9 8 9 4 2 1 1 1 0 0 0 0 0 0 0 0 0 0 0 1 0 0 1 2 2 6 6 12 35 15 21 10 10 14 17 33 32 29 25 18 15 20 20 30 23 58 29 23 19
29 35 45 34 36 35 43 39 43 44 53 38 30 34 54 40 12 8 11 9 22 22 27 24 36 45 45 46 45 41 35 34 28 14 28 9 11 20 31 43 39 46 40 30 25 20 15 18 6 5 4 2 1 1 1 1 0 0 0 0 0 0 0 0 0 0 0 0 0 1 1 2 5 8 14 11 10 6 5 14 27 28 12 26 39 35 16 23 20 29 24 25 55 26 23 20
31 46 49 44 43 30 29 42 43 42 51 46 39 32 39 39 19 17 10 11 8 20 25 29 18 33 36 41 29 44 41 35 28 25 35 5 23 30 31 26 18 40 43 32 21 22 22 12 7 10 7 5 1 1 1 0 0 0 0 0 0 0 0 0 0 0 0 0 0 0 1 2 3 4 14 4 6 8 6 28 25 11 22 25 33 48 26 35 34 21 21 15 40 27 24 18
31 41 64 43 44 39 32 43 44 37 32 41 34 34 44 20 20 23 12 9 8 13 15 16 17 30 39 36 37 33 30 32 43 37 16 5 23 37 41 38 29 37 45 27 20 23 11 7 8 13 5 3 2 1 1 0 0 0 0 0 0 0 0 0 0 0 0 1 0 1 2 5 4 4 3 5 14 22 11 24 23 25 20 22 24 28 38 38 22 24 22 8 31 38 8 11
33 26 49 55 38 36 30 41 43 34 27 26 35 43 35 28 17 21 11 5 8 28 15 31 19 26 36 47 37 28 38 44 39 27 18 11 16 29 50 56 46 39 22 31 16 18 10 7 8 4 2 1 1 1 0 0 0 0 0 0 0 0 0 0 0 0 0 0 1 1 2 2 1 3 4 14 15 22 30 7 17 20 28 33 27 22 48 40 24 27 16 19 34 26 11 18
29 26 33 55 52 35 41 41 35 32 30 22 30 39 33 18 14 7 9 5 7 23 16 31 22 25 31 26 33 26 57 37 29 22 25 19 24 29 33 44 57 50 36 25 27 7 7 10 5 2 1 1 1 1 2 0 0 0 0 0 0 0 0 0 0 0 1 1 0 0 1 2 2 5 5 15 17 24 15 21 21 10 28 26 23 31 38 27 38 21 12 16 46 21 14 20
33 54 37 38 45 35 30 39 38 26 32 21 10 15 34 32 19 8 6 10 5 23 31 12 21 33 20 22 22 38 33 37 37 15 19 13 22 38 33 30 30 33 23 35 15 13 5 8 8 2 2 2 1 1 1 0 0 0 0 0 0 0 0 0 0 0 1 0 0 0 1 3 8 3 5 15 10 11 22 21 6 9 24 29 38 35 31 20 34 25 14 19 37 30 21 20
28 36 46 47 43 29 31 34 28 23 21 25 17 18 18 22 14 3 4 9 3 17 13 16 22 23 10 22 20 27 42 37 47 24 18 16 20 40 29 36 45 27 12 26 7 14 8 4 5 3 5 2 1 1 0 0 0 0 0 0 0 0 0 0 0 0 0 0 1 1 2 3 3 7 6 4 9 26 14 7 4 19 35 27 32 38 23 21 18 18 28 18 19 35 21 19
37 46 37 40 40 28 33 28 28 20 11 18 17 23 16 14 11 10 12 12 6 10 8 12 14 27 20 22 39 17 35 44 40 30 32 10 17 33 50 31 31 22 23 15 11 6 12 2 3 2 2 1 1 0 0 0 0 0 0 0 0 0 0 0 0 0 0 0 1 1 1 2 7 14 5 5 18 20 17 10 11 18 6 11 27 45 22 21 16 26 26 17 13 53 20 30
35 38 31 29 9 20 38 20 27 23 15 13 22 24 12 14 7 12 8 10 6 6 13 8 11 19 44 32 16 26 27 37 40 25 25 10 18 34 26 29 23 15 23 21 17 5 2 10 2 5 1 1 0 1 0 0 0 0 0 0 0 0 0 0 0 0 0 0 1 0 0 2 10 8 4 12 11 7 9 46 28 10 14 27 18 16 23 12 15 21 22 18 27 56 35 32
32 23 13 6 5 10 35 19 11 13 14 8 9 21 25 17 4 3 8 4 5 5 10 15 4 19 35 17 15 31 16 42 47 39 20 4 13 26 28 31 20 16 19 19 18 8 2 1 0 0 2 1 0 0 0 0 0 0 0 0 0 0 0 0 0 0 0 0 1 0 1 3 6 2 4 11 12 2 14 15 9 20 33 28 20 18 18 6 22 21 24 16 36 80 41 22
31 32 19 18 19 14 15 28 7 8 5 12 10 13 20 10 15 2 3 5 6 7 13 25 15 6 19 23 21 12 34 31 32 31 19 8 7 16 37 34 9 17 26 18 11 4 3 3 2 1 1 1 1 0 0 0 0 0 0 0 0 0 0 0 0 0 0 0 0 0 1 1 2 5 3 4 3 4 10 8 11 25 29 20 17 9 6 5 14 18 22 20 34 62 37 10
40 26 28 23 13 15 11 11 14 13 8 23 10 10 6 5 9 8 4 6 6 5 11 12 3 7 14 12 13 19 37 36 17 19 27 14 10 11 17 20 4 8 8 7 6 3 2 2 5 3 1 0 0 0 0 0 0 0 0 0 0 0 0 0 0 0 0 0 0 1 0 1 1 2 2 5 1 12 10 26 12 12 10 11 15 11 7 13 14 21 20 27 33 61 10 8
21 21 26 19 20 11 8 15 27 23 6 6 13 10 3 2 2 3 4 4 1 2 4 5 10 2 12 26 8 27 22 24 23 17 30 11 20 6 21 28 19 6 7 6 2 3 1 0 1 1 0 1 1 0 0 0 0 0 0 0 0 0 0 0 0 0 0 0 0 0 0 0 1 1 1 2 7 14 29 8 10 12 17 24 13 8 6 13 20 20 19 13 42 60 31 7
21 34 22 20 19 17 11 16 25 13 12 6 4 7 7 2 4 2 1 2 1 2 9 8 7 6 11 6 8 24 21 30 20 9 23 10 13 10 7 22 12 19 11 5 3 3 3 1 1 1 1 1 0 0 0 0 0 0 0 0 0 0 0 0 0 0 0 0 0 1 0 1 0 0 2 4 4 10 13 8 8 11 16 16 10 9 7 16 21 13 17 20 12 31 30 8
23 22 19 13 19 25 9 14 14 16 11 9 11 4 2 5 3 1 2 2 4 1 1 3 3 9 10 20 8 12 23 19 14 29 14 8 10 17 6 20 20 17 18 4 4 6 2 1 1 1 0 0 0 0 0 0 0 0 0 0 0 0 0 0 0 0 0 0 0 0 0 0 1 3 2 2 3 4 5 6 4 7 10 15 12 10 7 12 22 10 17 12 17 18 15 8
18 17 29 16 23 29 6 9 14 15 12 9 11 7 9 3 5 7 1 2 4 1 2 3 4 13 12 29 10 12 16 19 30 13 11 7 7 24 8 9 17 23 8 6 7 4 1 0 4 6 0 0 0 0 0 0 0 0 0 0 0 0 0 0 0 0 0 0 0 0 1 1 0 1 1 1 1 5 4 5 8 18 9 9 13 5 10 10 20 8 11 3 1 5 24 33
17 22 26 23 17 13 6 9 13 15 13 7 4 4 6 6 3 1 1 1 1 0 1 1 4 5 15 10 11 23 25 23 16 17 6 2 2 25 8 7 11 11 9 6 5 3 0 1 1 1 1 0 0 0 0 0 0 0 0 0 0 0 0 0 0 0 0 0 0 1 1 1 1 1 1 1 7 8 4 5 11 10 11 19 3 6 11 14 19 7 4 2 6 7 6 17
19 9 9 22 16 18 11 4 12 10 12 7 6 3 4 2 3 1 1 0 0 1 1 2 2 5 4 8 16 37 18 27 19 23 14 1 12 19 7 7 11 5 8 6 3 2 0 1 1 1 1 0 0 0 0 0 0 0 0 0 0 0 0 0 0 0 0 0 0 0 0 0 0 0 1 2 5 4 3 13 12 10 15 5 5 13 26 10 4 2 4 9 5 22 10 14
16 3 11 17 21 14 14 6 4 6 8 4 4 3 4 4 1 1 2 1 0 1 6 2 2 2 2 4 7 13 19 24 17 9 13 6 12 7 10 7 15 9 6 7 6 3 1 1 1 0 0 0 0 0 0 0 0 0 0 0 0 0 0 0 0 0 0 0 0 0 0 1 0 1 2 2 5 7 6 13 11 6 5 3 11 25 4 2 3 5 6 12 17 12 11 5
13 5 5 4 13 13 16 7 1 4 6 3 3 2 7 3 1 0 0 1 0 1 2 1 1 1 3 6 9 11 18 14 17 13 7 6 7 6 7 4 1 8 6 11 5 4 4 5 2 1 1 1 0 0 0 0 0 0 0 0 0 0 0 0 0 0 0 0 0 0 0 1 1 3 1 1 5 10 5 5 4 9 2 8 12 4 1 4 6 9 10 9 10 14 10 5
15 9 11 3 11 16 11 6 1 1 1 4 4 2 2 2 0 1 0 1 1 0 1 2 1 1 3 7 9 7 9 8 17 12 10 10 14 3 9 6 2 4 4 6 9 3 1 1 1 0 0 0 0 0 0 0 0 0 0 0 0 0 0 0 0 0 0 0 0 0 0 0 1 1 1 2 7 7 8 7 4 3 9 10 6 1 4 9 8 7 9 7 10 10 7 5
20 5 11 3 4 10 5 2 1 1 1 1 2 4 2 1 1 0 0 1 0 1 2 1 1 2 1 5 8 8 6 12 8 5 11 10 8 6 5 8 5 3 4 3 4 3 4 1 1 1 1 0 0 0 0 0 0 0 0 0 0 0 0 0 0 0 0 0 0 0 0 0 1 1 1 1 2 3 12 4 3 3 7 3 3 9 9 8 7 7 6 4 3 2 3 5
11 5 11 4 3 9 5 6 3 3 2 2 2 3 2 2 2 1 0 0 0 0 0 1 2 2 3 8 8 5 7 10 5 4 20 10 6 6 4 2 2 3 4 6 4 4 5 1 1 1 1 0 0 0 0 0 0 0 0 0 0 0 0 0 0 0 0 0 0 0 0 0 1 1 1 1 2 5 6 14 10 5 2 3 4 5 5 10 9 5 7 4 3 1 2 1
7 5 9 6 4 4 2 5 2 2 2 1 2 1 1 1 0 0 0 0 1 0 0 1 1 2 2 3 5 5 6 7 8 5 13 8 7 5 11 3 7 7 2 3 5 6 6 2 2 2 1 0 0 0 0 0 0 0 0 0 0 0 0 0 0 0 0 0 0 0 0 0 0 1 1 1 3 8 35 9 5 3 1 3 3 13 8 5 6 6 12 7 2 2 2 1
11 4 7 4 3 2 1 4 5 2 2 2 1 1 1 1 0 0 0 0 0 0 0 1 1 1 2 5 4 5 5 7 5 9 10 7 10 21 5 3 4 4 4 3 9 3 4 4 1 1 1 0 0 0 0 0 0 0 0 0 0 0 0 0 0 0 0 0 0 0 0 0 0 1 0 4 5 8 7 11 3 1 2 6 5 6 8 3 5 8 5 5 1 1 1 0
9 4 10 5 2 2 3 1 5 2 3 2 1 0 0 0 0 0 0 0 0 0 0 0 1 1 2 2 2 4 5 2 4 12 3 16 5 18 10 3 7 3 7 4 9 6 4 3 1 1 1 0 0 0 0 0 0 0 0 0 0 0 0 0 0 0 0 0 0 0 0 0 0 0 3 3 2 9 5 10 5 3 3 7 12 6 6 7 7 4 4 2 1 1 1 0
5 3 10 5 1 1 8 3 2 1 2 2 1 1 1 0 0 0 0 0 0 0 0 0 0 0 2 4 4 3 2 1 3 8 6 4 7 7 7 3 6 2 5 2 5 5 5 3 1 1 0 0 0 0 0 0 0 0 0 0 0 0 0 0 0 0 0 0 0 0 0 0 1 2 2 1 1 12 8 4 5 3 6 3 9 8 3 4 4 3 2 1 3 1 0 0
9 2 6 2 1 2 3 2 2 4 3 1 1 0 0 0 0 0 0 0 0 0 0 0 1 1 1 2 2 2 1 1 5 4 7 4 11 4 3 4 7 1 5 3 3 4 7 2 1 1 1 1 0 0 0 0 0 0 0 0 0 0 0 0 0 0 0 0 0 0 0 0 0 0 1 1 2 8 8 1 1 4 8 6 7 5 1 3 5 4 1 1 2 0 0 0
7 2 5 2 1 1 2 5 2 3 4 2 0 0 0 0 1 0 0 0 0 0 0 0 0 0 0 1 1 1 2 1 11 4 7 8 7 3 2 7 3 2 3 9 10 3 2 2 2 1 0 0 0 0 0 0 0 0 0 0 0 0 0 0 0 0 0 0 0 0 0 0 0 0 1 1 5 7 9 2 1 7 7 6 4 4 1 1 3 2 1 1 0 0 0 0
11 7 1 3 1 1 3 4 2 1 2 1 2 0 0 1 0 0 0 0 0 0 0 0 0 0 1 1 1 1 1 3 1 2 1 3 3 2 1 7 2 2 0 4 15 3 1 2 1 1 0 0 0 0 0 0 0 0 0 0 0 0 0 0 0 0 0 0 0 0 0 0 0 0 1 3 2 6 6 2 2 8 4 3 3 1 2 1 1 1 1 0 0 1 0 0
5 1 1 2 1 1 4 3 3 1 0 1 2 0 0 0 0 0 0 0 0 0 0 0 0 0 0 1 1 1 3 1 2 1 4 3 2 3 1 4 2 4 2 4 8 4 2 1 1 1 0 0 0 0 0 0 0 0 0 0 0 0 0 0 0 0 0 0 0 0 0 0 1 1 3 13 1 7 3 3 3 3 3 1 1 1 2 2 1 0 1 0 0 0 0 0
