sesion_6_simulaciones/modelos_agentes/ejemplos_netlogo/scenarios/echam4_a2/rob_2094.asc
NCOLS 322 
NROWS 307 
XLLCORNER 451900 
YLLCORNER 4086900 
CELLSIZE 100 
NODATA_value -9999 
[rows 142 to 212 of 307, columns 96 to 191 of 322]
36 21 18 30 25 24 23 26 25 27 22 22 26 51 44 39 34 36 32 19 21 24 6 6 4 12 25 26 36 17 15 8 4 14 21 23 16 11 7 7 21 24 23 10 9 22 14 6 3 1 0 2 2 3 10 3 3 4 3 1 1 1 12 26 53 63 67 50 38 41 72 80 72 69 41 30 4 22 41 52 65 56 70 84 82 52 18 20 29 64 80 76 72 75 30 26
22 24 14 28 21 29 17 18 28 18 29 20 33 28 29 33 56 50 20 37 39 26 19 20 19 11 5 10 12 9 7 5 6 13 18 21 22 26 24 15 17 36 35 32 7 13 13 8 3 1 0 2 4 2 3 2 3 4 3 1 1 5 19 27 52 66 70 64 32 66 63 68 61 42 16 3 9 26 45 47 68 82 75 69 39 17 22 29 39 61 74 79 65 84 52 28
15 15 10 22 29 45 31 24 36 29 27 19 44 40 48 55 36 24 29 55 45 23 30 35 37 29 19 10 6 5 3 3 7 7 8 16 14 24 46 34 8 19 11 18 22 15 15 10 4 1 0 2 2 2 2 2 2 2 2 0 1 6 16 23 53 69 81 67 46 42 59 56 50 14 3 4 13 37 46 48 78 77 68 19 27 37 35 52 61 54 72 67 65 75 84 32
20 26 20 18 25 29 18 11 35 19 16 14 17 30 46 26 33 47 50 62 62 26 7 19 48 33 31 28 18 7 8 2 6 15 22 29 12 7 3 2 4 10 7 4 6 21 9 8 5 2 0 0 2 3 2 1 2 3 1 0 1 12 13 19 30 76 88 83 45 64 47 38 22 3 1 3 15 35 43 59 55 20 18 35 39 38 37 76 76 92 69 40 52 64 79 45
19 15 39 28 37 55 49 37 24 20 29 40 18 14 29 61 61 45 18 21 37 18 5 7 25 38 31 31 28 21 9 6 2 7 14 10 11 22 8 1 9 20 21 6 6 10 15 11 8 6 1 1 1 2 2 2 2 1 0 0 3 10 16 21 38 65 86 91 78 69 50 20 7 2 1 7 17 30 52 19 11 27 44 46 39 35 62 62 79 87 86 54 31 26 74 70
32 10 44 51 29 17 46 54 57 52 28 17 60 20 26 48 30 37 31 27 35 20 29 20 28 44 35 30 31 23 20 14 9 1 2 2 4 5 11 10 12 8 6 12 6 6 8 11 9 4 2 0 1 2 2 3 1 0 0 2 7 14 11 23 22 46 61 87 81 68 50 23 6 2 0 3 6 9 5 18 30 47 42 38 50 58 67 69 67 67 89 66 42 26 35 52
20 23 24 60 28 18 25 38 51 28 21 14 33 12 4 39 15 33 35 41 31 32 43 51 58 31 29 40 45 36 25 20 15 5 1 2 3 8 5 14 18 11 7 5 13 19 7 3 4 6 5 2 0 0 1 1 1 0 0 4 5 8 12 13 18 38 53 72 80 59 41 17 6 3 1 0 3 9 19 40 47 44 53 51 73 79 85 81 55 67 83 83 47 41 23 30
22 54 33 30 27 7 6 5 12 32 9 33 15 4 6 19 37 25 43 21 18 17 30 52 54 53 24 28 32 31 35 25 18 14 3 1 2 18 9 6 9 11 17 4 6 16 12 3 2 3 3 3 1 0 0 0 0 0 0 2 3 7 8 11 23 27 34 47 63 50 32 22 8 3 0 1 10 22 38 41 57 55 55 77 83 79 92 79 66 43 56 75 79 45 34 16
19 46 25 9 15 19 14 11 3 11 8 18 23 23 7 18 44 37 32 37 36 28 49 33 45 46 36 28 33 17 33 41 24 14 5 1 1 6 11 7 5 7 6 9 4 3 4 4 7 5 4 3 2 1 0 0 0 0 0 3 4 4 5 10 18 25 22 37 41 53 34 21 9 1 0 3 11 25 43 54 53 63 82 87 80 48 81 81 73 55 52 73 85 66 38 17
12 5 14 5 13 15 19 12 3 4 15 9 22 41 37 19 17 32 43 47 38 50 44 55 45 44 22 19 19 24 24 48 31 22 17 4 1 1 7 3 5 5 4 7 6 7 4 1 1 3 3 3 1 0 0 0 0 0 0 3 2 6 15 16 17 25 18 40 46 48 25 11 2 0 2 6 14 29 32 52 68 80 82 73 75 57 81 86 76 39 45 75 85 86 74 41
23 6 25 12 6 10 19 18 8 5 30 47 29 28 39 26 34 36 42 30 37 36 27 43 49 38 22 14 13 13 25 30 35 28 12 7 6 4 3 2 4 3 3 2 5 5 6 6 3 3 4 2 1 1 0 0 0 0 1 3 1 5 14 18 22 20 19 35 28 28 13 3 1 0 2 9 19 38 40 59 87 85 82 74 81 75 87 90 70 44 33 60 72 84 75 54
13 11 15 17 8 6 6 9 5 5 8 20 30 21 13 12 33 67 31 58 7 27 27 35 42 17 19 29 9 23 41 29 34 19 13 21 17 15 8 3 2 4 6 3 3 6 9 7 3 2 2 1 1 0 0 0 0 0 0 2 3 8 7 13 17 15 18 29 38 12 2 1 0 1 3 10 27 35 32 69 59 67 69 79 61 71 88 82 58 67 32 34 65 75 81 58
13 15 5 14 5 11 3 6 9 19 19 30 42 37 17 2 21 29 23 43 27 44 53 32 31 30 36 35 22 45 31 45 36 34 26 33 26 25 19 10 5 2 1 3 2 4 3 4 4 1 3 2 1 1 1 0 0 0 0 1 4 6 7 11 16 14 24 37 21 19 3 0 0 1 9 11 19 38 50 68 54 72 76 71 51 52 80 80 74 74 53 18 50 47 68 72
7 16 12 20 23 19 20 13 42 46 31 12 24 45 47 37 11 21 44 16 56 30 43 37 50 38 47 34 35 51 57 45 46 35 49 31 42 32 30 26 15 11 5 2 1 1 2 4 1 1 1 1 1 0 0 0 0 0 0 2 5 6 5 7 10 14 13 28 18 9 2 0 1 2 6 11 26 53 75 53 51 66 44 26 24 48 81 87 77 59 40 14 27 43 56 59
13 8 17 27 27 29 27 30 28 16 17 4 5 9 9 54 13 27 43 57 22 62 45 32 42 53 45 30 31 59 59 17 12 39 41 50 41 40 29 30 24 20 11 8 5 3 4 1 0 0 1 1 1 0 0 0 0 0 0 4 7 4 5 10 6 4 8 15 12 6 1 0 3 6 7 11 35 51 53 51 50 25 10 4 19 65 84 81 54 26 27 6 9 24 26 23
9 9 9 13 10 12 19 20 14 11 4 3 18 22 17 4 9 21 16 84 39 60 70 45 64 61 63 40 46 51 37 36 47 44 46 40 32 27 32 36 47 45 14 5 7 2 6 3 2 2 1 1 1 0 0 0 0 0 1 1 1 2 3 5 3 1 3 6 3 2 0 1 3 4 10 20 29 47 64 37 33 6 1 6 21 13 21 10 5 4 6 3 1 4 4 5
25 11 5 8 15 15 26 11 20 14 8 6 15 25 12 16 26 30 11 54 12 28 61 89 81 68 42 39 28 45 62 46 39 30 21 5 10 30 26 38 42 31 36 33 8 3 6 8 10 9 2 1 0 0 0 0 0 0 0 0 0 0 1 2 1 0 2 2 2 0 0 1 4 3 5 8 19 16 41 24 20 3 5 10 4 8 5 2 1 3 17 6 1 0 1 2
22 22 26 8 8 17 16 31 25 14 8 12 16 24 20 43 44 34 19 23 19 7 58 81 74 68 56 75 55 17 27 45 25 16 8 16 15 18 35 11 20 53 60 21 4 0 2 2 7 5 2 1 0 0 0 0 0 0 0 2 1 0 0 0 0 0 0 0 0 0 0 2 3 3 2 9 26 20 23 7 2 1 2 2 18 28 24 23 28 33 30 14 2 0 0 0
15 20 20 19 15 7 11 21 21 13 9 14 22 16 35 27 41 16 21 24 11 11 38 34 22 55 51 37 33 7 16 57 43 9 17 18 29 22 30 20 7 12 32 19 9 2 1 1 5 2 4 1 0 0 0 0 0 0 0 0 0 1 1 0 0 0 0 0 0 0 0 1 2 3 4 2 3 2 4 2 1 0 2 4 12 20 28 11 21 28 11 5 2 0 0 0
16 9 10 16 15 9 17 9 21 24 13 6 15 30 40 43 27 14 30 24 5 18 21 36 35 12 23 12 19 24 6 49 15 6 11 20 18 47 29 33 23 14 30 22 12 5 1 0 2 4 3 2 1 1 0 0 0 0 0 0 0 0 0 0 0 0 0 0 0 0 0 1 4 4 6 6 2 2 4 2 1 0 0 3 7 8 3 3 3 5 3 1 0 0 0 0
9 8 3 5 7 15 9 13 15 20 11 3 21 50 33 38 28 16 23 10 21 23 15 32 32 38 16 11 14 30 34 11 35 17 3 7 4 22 34 38 27 16 20 13 7 2 0 0 1 6 2 3 1 0 0 0 0 0 0 0 0 0 0 0 0 0 0 0 0 0 0 0 1 2 8 9 10 7 6 7 6 1 1 4 2 3 3 3 0 0 0 0 0 0 0 0
19 11 4 7 5 3 4 5 9 8 9 6 19 19 6 4 12 13 13 19 29 8 30 19 21 15 43 9 10 22 18 8 14 24 25 14 10 18 11 5 6 29 12 10 6 3 1 1 5 6 2 2 1 0 0 0 0 0 0 0 0 0 0 0 0 0 0 0 0 0 0 0 0 0 2 3 3 6 3 2 2 0 1 1 0 0 0 0 0 0 0 0 0 0 1 0
25 21 14 14 11 11 19 21 17 5 3 4 9 6 3 11 16 16 23 12 28 9 39 28 32 38 26 13 3 3 12 17 9 10 27 24 11 7 11 2 1 8 6 2 2 6 3 0 1 3 1 1 1 0 0 0 0 0 0 0 0 0 0 0 0 0 0 0 0 0 0 0 0 0 0 0 0 0 0 0 0 0 0 0 0 0 0 0 0 0 0 0 0 0 0 0
37 20 20 32 33 29 32 37 22 15 17 7 3 2 8 19 25 26 24 16 27 9 17 21 31 41 13 11 18 2 3 7 17 8 11 16 8 1 2 7 7 8 13 9 5 6 4 1 0 2 2 1 1 0 0 0 0 0 0 0 0 0 0 0 0 0 0 1 1 1 1 0 0 0 0 0 0 0 0 0 0 0 0 0 0 0 0 0 0 0 0 0 0 0 0 0
35 30 27 44 47 46 32 32 32 30 32 29 14 5 8 10 16 21 20 23 27 9 44 21 24 17 14 9 16 17 4 4 17 8 4 5 5 5 3 3 5 10 7 3 3 5 2 1 0 1 1 1 0 0 0 0 0 0 0 0 0 0 0 0 0 0 0 1 1 1 2 2 0 1 0 0 0 0 0 0 0 1 0 0 1 1 1 1 0 0 0 0 0 0 0 0
52 33 26 8 20 47 44 59 48 50 33 34 27 8 4 10 14 14 18 14 22 10 19 27 20 20 13 9 20 27 18 7 25 19 11 7 8 5 10 3 3 15 6 1 3 3 2 1 0 2 1 0 0 0 0 0 0 0 0 0 0 0 0 0 0 0 1 1 2 2 4 1 1 0 0 0 0 0 0 0 1 1 0 1 1 2 2 1 0 0 0 0 0 0 1 0
19 42 21 26 26 18 21 16 19 27 39 27 19 10 4 15 17 15 18 21 8 11 19 31 12 24 7 9 42 42 13 15 15 29 20 16 18 14 28 17 2 3 11 1 2 3 1 1 1 2 2 1 1 0 0 0 0 0 0 0 0 0 0 0 0 1 1 3 3 1 1 1 1 0 0 0 0 0 0 0 1 1 2 1 4 4 1 0 0 0 0 0 0 1 0 1
10 32 42 24 30 23 14 11 12 12 39 17 12 11 5 2 12 13 17 12 6 13 15 9 5 8 5 2 3 14 9 16 6 22 22 23 6 12 15 24 14 5 1 3 2 2 2 1 3 2 2 1 0 0 0 0 0 0 1 0 0 0 1 2 1 1 2 2 4 1 3 1 1 0 0 0 0 0 1 1 1 4 4 2 6 3 2 1 0 0 0 0 0 0 0 1
16 29 27 22 38 43 26 24 18 6 8 11 14 9 4 3 10 16 13 22 7 10 10 10 4 4 11 6 2 6 28 29 16 13 22 27 8 2 8 22 33 21 4 5 2 1 1 1 1 0 1 2 1 0 0 0 0 0 1 0 1 2 2 4 1 2 2 4 5 2 7 1 1 1 0 0 0 0 2 5 3 3 5 7 9 5 2 0 0 0 0 0 0 1 0 0
6 12 19 33 32 34 46 45 34 15 10 5 7 8 4 3 13 11 23 21 12 23 11 9 9 3 8 12 4 6 28 58 55 24 13 3 4 2 3 9 16 17 10 6 3 3 1 1 0 0 0 0 0 0 0 0 0 0 1 2 4 7 9 15 6 2 3 3 4 6 7 3 1 1 0 1 0 0 1 3 8 2 2 11 10 2 1 0 0 0 0 0 0 0 1 1
5 9 11 26 36 34 41 43 41 33 26 13 8 3 1 2 5 15 27 42 37 24 9 8 6 2 6 13 7 1 15 15 18 22 13 8 3 1 1 3 3 6 8 7 2 2 1 0 0 0 0 0 0 0 0 0 0 0 2 8 12 30 30 31 13 4 6 9 10 4 7 5 1 1 1 2 1 0 0 2 6 3 7 13 5 4 1 0 0 0 0 0 0 0 1 1
23 4 29 21 36 27 23 18 16 9 13 11 8 3 1 4 4 17 12 36 35 31 24 8 4 2 11 26 15 10 10 5 9 18 15 3 1 1 1 1 1 1 3 4 4 3 1 0 0 0 0 0 0 0 0 0 0 0 2 10 29 35 36 41 20 17 34 9 2 9 5 2 0 1 4 3 3 2 0 1 2 7 5 5 2 3 1 0 0 0 1 1 1 1 1 1
12 8 19 10 21 33 35 30 42 21 14 15 9 6 1 2 4 7 6 17 14 7 14 17 4 1 10 7 12 6 7 8 12 3 2 2 2 2 1 0 1 1 1 2 2 1 1 0 0 0 0 0 0 0 1 0 0 0 1 4 11 24 25 22 26 43 54 10 4 10 4 2 1 0 3 6 6 3 1 1 1 9 13 6 5 3 2 0 0 0 0 1 2 2 2 1
15 13 22 14 17 32 38 40 40 38 43 43 25 7 4 2 3 7 2 3 15 9 3 3 2 2 15 17 16 16 6 7 6 6 2 2 1 0 0 0 0 0 1 1 1 0 0 0 0 0 1 0 0 0 1 0 1 0 1 3 8 16 5 17 30 46 45 14 20 7 3 2 1 1 4 8 7 6 2 1 2 3 3 14 11 5 2 0 0 1 0 1 5 3 2 2
18 17 19 13 19 28 44 47 46 55 51 23 12 5 2 2 2 3 7 2 1 2 2 4 1 2 9 19 18 12 13 12 9 4 2 2 1 0 0 0 0 0 0 0 0 0 0 0 0 0 1 0 1 1 1 0 1 0 0 2 6 15 13 17 21 46 23 38 34 9 6 6 3 2 6 14 9 17 10 2 4 3 3 18 14 5 2 0 1 2 1 1 5 9 4 6
10 18 26 12 13 33 38 50 46 47 40 34 25 15 9 3 1 1 3 5 3 3 2 2 0 2 4 6 7 7 6 6 3 0 0 0 0 0 0 0 0 0 0 0 0 0 0 0 1 1 2 1 1 2 2 1 2 1 0 1 3 8 10 21 20 32 37 58 27 18 14 10 5 3 5 8 15 8 16 3 5 7 8 27 9 3 1 0 1 3 5 3 3 4 8 8
11 15 22 15 3 25 32 37 27 41 52 51 29 21 15 13 6 1 1 5 8 6 4 2 0 1 2 2 3 1 1 0 0 0 0 0 0 0 0 0 1 0 0 0 0 0 1 2 4 5 9 4 4 3 1 1 3 2 0 1 2 4 14 25 25 21 31 37 29 29 27 21 17 15 14 5 16 34 23 8 2 7 24 17 8 2 0 0 1 1 2 8 10 12 5 13
11 10 25 23 15 24 10 22 45 41 26 19 25 15 10 9 5 3 2 2 2 2 1 1 0 0 1 1 0 0 0 0 0 0 0 0 0 0 0 1 1 1 1 1 0 0 2 4 10 10 13 8 11 5 2 3 4 3 0 1 3 3 4 7 14 14 24 35 39 45 41 48 30 38 20 14 13 32 9 4 5 11 15 7 5 2 1 1 1 1 1 3 9 12 5 20
7 18 30 33 32 20 14 37 52 49 38 38 23 23 8 5 2 1 1 1 1 1 0 0 0 0 0 0 0 0 0 1 1 0 0 0 0 0 1 3 2 2 2 1 0 0 4 12 13 13 15 14 8 3 4 5 4 2 1 1 2 4 5 5 5 23 41 18 24 18 39 65 58 46 29 22 20 7 6 6 7 8 12 8 8 4 3 2 2 1 2 3 9 15 21 37
5 16 23 26 13 17 10 16 29 28 21 16 9 13 14 8 2 1 1 1 0 0 0 0 0 0 0 1 1 1 1 1 1 0 0 0 0 1 3 5 8 4 5 1 1 1 3 11 16 21 18 18 11 6 3 7 3 2 1 1 1 2 6 6 8 19 20 15 13 25 23 33 10 50 58 50 36 14 13 7 20 9 25 17 18 11 6 4 4 3 2 4 5 7 26 49
4 10 22 32 21 18 13 15 16 30 29 23 20 6 6 4 3 1 0 0 0 0 0 0 0 0 1 1 1 1 1 0 0 0 0 0 0 1 3 5 15 19 11 6 6 2 6 12 22 40 19 11 13 6 7 8 3 3 3 1 1 2 11 11 10 20 14 20 16 15 15 27 27 25 61 72 26 17 9 7 32 31 18 53 27 18 13 7 5 5 6 8 12 13 27 45
6 3 10 19 13 13 17 13 13 24 16 22 15 10 3 3 3 1 0 0 0 0 0 1 1 1 1 1 1 0 0 0 0 0 0 0 2 5 15 19 28 30 21 28 11 2 8 15 34 42 13 13 16 11 11 9 4 4 4 3 1 1 1 7 11 12 14 25 21 11 13 16 12 43 38 52 34 20 6 5 23 42 41 74 58 48 21 8 7 7 8 9 15 27 33 48
11 3 14 21 18 15 17 8 9 21 10 16 13 9 2 1 1 0 0 0 0 0 1 2 2 2 4 2 0 0 0 0 0 1 1 1 1 8 10 19 27 14 11 38 18 3 10 25 45 36 14 18 15 12 18 11 8 15 6 4 4 3 1 1 1 1 1 11 10 18 18 27 31 27 35 49 27 13 7 4 23 21 29 50 56 38 23 11 16 10 10 11 17 26 40 39
10 3 3 11 6 13 21 9 10 14 8 8 9 4 2 1 1 0 0 0 0 0 1 2 4 4 2 1 0 0 0 0 1 3 3 3 2 3 10 9 8 4 4 32 24 6 9 31 39 49 33 43 17 20 19 28 18 22 10 13 7 6 2 2 1 1 2 2 6 18 25 44 35 25 41 35 33 27 8 3 15 30 28 31 45 37 25 13 20 12 21 14 16 33 45 58
10 7 6 12 4 5 4 2 10 16 20 11 8 4 2 1 0 0 0 0 0 2 2 4 4 2 1 0 0 0 0 1 3 5 14 13 7 2 7 14 15 8 11 30 19 7 8 29 32 59 56 39 36 29 43 26 36 31 13 15 12 8 6 5 2 3 3 3 6 17 37 26 21 52 39 42 43 36 17 5 4 12 29 39 45 49 34 16 23 15 26 25 20 32 36 61
10 11 10 7 4 6 6 7 13 14 17 13 10 5 3 1 0 0 0 0 0 2 5 11 8 2 2 2 0 0 0 1 4 8 23 21 10 4 8 23 41 23 25 40 15 9 8 15 37 57 72 46 44 37 53 36 50 47 31 24 25 16 8 6 3 4 5 5 2 14 19 24 29 33 22 40 37 40 31 6 3 11 27 34 70 54 40 24 31 29 30 32 21 28 41 73
11 6 5 4 5 2 1 4 5 3 6 6 6 5 2 1 0 0 0 0 2 4 9 5 3 2 2 1 0 0 1 4 7 13 23 28 10 5 11 28 36 41 29 44 39 21 10 13 38 42 77 56 30 40 53 42 43 37 37 31 36 22 20 8 6 6 7 7 4 5 11 27 31 36 35 48 43 47 20 14 4 11 27 31 55 69 51 31 36 37 37 36 35 27 42 70
11 9 5 3 2 3 1 2 3 7 5 8 8 4 1 1 0 0 1 1 0 2 6 8 6 4 2 1 0 0 1 5 11 32 28 36 8 7 15 39 54 43 45 63 47 32 19 16 30 52 44 65 34 38 51 56 53 45 40 52 30 35 15 12 9 8 12 11 8 4 11 25 28 20 29 30 49 53 44 22 8 16 26 21 29 39 69 39 41 40 36 39 39 28 40 67
7 5 6 3 2 1 1 1 6 12 22 9 2 2 1 0 0 0 1 2 1 6 2 7 6 2 1 1 0 1 3 8 14 27 43 49 13 11 14 32 25 49 63 73 43 35 25 28 33 54 35 65 47 45 55 58 70 71 61 49 42 40 17 14 11 18 17 16 10 5 9 25 33 29 24 28 55 59 48 26 11 12 20 24 36 40 64 57 43 41 38 42 41 30 37 62
12 7 6 2 1 2 2 2 3 7 6 3 1 0 0 0 0 0 1 4 2 11 19 20 6 3 1 1 0 2 6 15 24 35 46 58 31 24 16 36 36 45 51 76 49 34 16 33 35 38 56 52 61 44 54 61 75 69 74 48 40 29 24 18 26 22 23 21 12 6 5 16 34 33 22 13 45 53 54 31 12 8 9 29 36 42 37 61 41 41 42 44 48 27 61 44
11 6 3 2 1 1 2 2 2 2 1 1 0 0 0 0 1 4 6 11 5 9 24 13 5 3 2 0 0 1 5 10 25 20 22 55 73 37 22 20 46 41 46 64 52 22 20 37 53 37 37 67 42 36 52 73 74 75 63 32 38 25 41 21 30 28 26 28 16 8 5 5 15 25 16 25 34 71 55 50 28 17 9 28 34 42 34 38 53 33 52 19 19 43 40 16
11 4 2 1 0 0 1 1 0 1 0 0 0 1 1 1 5 10 13 21 15 18 10 7 5 2 1 0 0 1 4 8 13 13 23 34 54 52 45 23 20 60 60 72 34 32 31 28 42 46 20 38 63 33 59 71 72 62 44 34 35 37 35 34 35 34 43 21 17 17 8 9 12 21 20 30 33 56 63 54 25 16 21 22 35 30 11 17 35 49 51 16 46 34 13 20
7 3 1 1 1 0 0 1 0 0 0 1 1 1 2 6 10 18 28 34 17 15 11 6 2 1 1 0 1 4 5 6 12 10 26 26 36 27 47 61 27 33 47 72 30 25 27 25 24 13 32 33 47 25 61 41 44 36 39 44 35 37 37 34 50 52 35 22 18 19 20 12 15 13 26 32 33 47 58 34 19 36 21 28 45 32 30 18 24 63 54 39 60 20 19 28
4 3 1 1 0 0 0 0 0 1 1 2 1 4 13 13 20 36 22 13 13 11 9 3 1 1 0 0 1 3 3 3 5 6 14 19 18 29 34 45 50 24 25 65 29 29 24 22 19 20 31 30 57 33 48 27 32 37 48 43 34 38 37 49 53 49 34 23 33 20 23 23 15 13 10 20 36 39 74 47 39 42 38 22 26 26 25 42 20 22 50 49 43 25 25 58
2 2 1 0 0 0 0 1 1 3 6 5 2 6 21 43 50 14 7 6 7 10 6 1 1 1 0 0 1 3 4 5 7 11 30 44 40 44 44 33 53 42 21 20 37 23 36 21 17 11 26 20 31 45 27 35 40 32 49 31 42 37 46 48 50 36 29 34 31 17 29 45 19 16 19 20 28 47 61 66 63 67 26 23 24 28 32 23 39 16 36 42 24 25 51 58
2 1 0 0 0 0 4 4 2 11 11 5 15 19 24 41 25 10 8 5 9 8 2 1 1 0 0 1 1 3 7 11 13 17 31 54 57 62 43 52 60 55 39 30 50 27 34 28 24 15 15 24 19 45 29 33 53 64 47 38 55 53 51 38 35 38 34 20 20 9 20 27 46 27 26 17 22 16 34 51 69 38 22 17 22 30 29 24 46 39 16 49 41 49 53 52
1 0 0 1 1 1 1 1 2 19 18 8 21 25 24 27 33 26 5 3 4 3 1 1 1 0 0 1 2 2 5 8 18 38 37 40 52 47 39 34 24 22 45 44 53 49 37 40 23 15 13 22 26 35 26 50 48 49 49 40 36 33 34 44 34 36 36 29 15 5 19 39 46 45 28 26 16 16 34 23 47 22 24 21 20 35 38 38 40 48 10 56 58 34 36 60
1 0 1 3 1 1 1 3 5 10 42 25 26 41 28 27 9 15 7 10 4 2 1 0 0 0 0 0 2 3 2 2 7 20 24 29 38 39 25 23 24 18 17 20 27 24 31 35 34 15 7 12 21 25 32 43 41 47 44 27 32 34 29 42 35 32 36 35 22 7 17 33 40 49 64 41 29 14 25 41 65 26 19 13 26 26 37 38 38 43 15 42 36 34 40 27
0 0 3 3 3 6 6 17 19 25 50 48 30 24 22 20 19 13 11 8 3 2 1 0 0 0 0 1 3 8 6 4 3 7 16 17 15 12 10 22 22 18 24 21 20 21 14 15 26 19 5 11 12 21 13 20 16 31 24 39 30 17 26 47 25 45 37 39 24 14 13 28 38 38 37 61 37 20 21 36 52 28 10 20 21 21 27 35 33 40 49 14 6 35 25 28
0 1 1 4 3 7 21 30 41 45 50 28 23 20 13 12 15 13 7 6 3 2 1 0 0 0 0 1 3 8 14 10 6 7 8 4 5 11 19 20 19 29 25 19 18 13 20 23 15 25 6 7 8 11 13 11 22 31 37 31 31 19 40 39 12 46 45 38 21 13 21 16 16 26 31 25 34 57 23 30 22 11 16 16 17 16 29 26 28 34 14 7 8 32 25 24
1 2 1 3 13 28 28 44 43 42 19 18 24 16 22 10 8 6 6 3 2 1 1 0 0 0 0 2 6 13 16 34 13 10 12 24 14 18 15 18 16 20 18 15 16 20 30 32 15 13 15 5 4 10 11 7 23 34 27 15 24 22 38 22 17 43 46 43 17 19 19 6 6 19 23 13 17 26 37 42 33 15 26 25 12 12 16 31 23 21 4 7 17 31 25 39
5 7 2 6 17 31 43 41 51 33 29 16 15 16 14 13 10 5 5 3 1 0 0 0 0 0 1 4 9 9 22 29 33 25 8 8 17 35 47 34 24 24 22 13 16 16 14 13 20 12 10 7 4 12 6 5 36 24 11 22 21 19 55 18 34 25 25 18 8 15 11 17 13 17 15 15 24 23 33 22 20 24 22 24 13 11 8 22 26 19 7 17 23 12 48 25
6 17 11 10 11 19 26 44 36 23 18 16 12 16 13 8 4 2 1 1 0 0 0 0 0 0 1 2 8 10 19 21 21 21 31 31 18 13 16 60 57 51 55 33 26 19 15 15 19 17 11 11 8 3 4 4 21 10 8 17 19 38 24 45 34 19 30 25 12 18 17 19 18 8 6 5 9 16 19 27 28 17 28 20 17 5 7 10 20 12 7 20 9 28 19 19
8 19 7 20 25 51 33 25 37 25 21 15 11 9 7 4 5 2 1 1 0 0 0 0 0 0 1 2 7 10 11 12 18 30 35 33 20 11 26 22 28 54 49 47 43 26 22 16 13 9 16 19 4 6 3 9 4 10 7 14 35 36 42 27 29 16 38 21 18 27 16 28 26 10 17 21 19 8 14 29 38 28 16 24 8 7 4 8 12 5 14 4 13 18 26 32
8 11 4 5 6 7 26 48 33 25 16 12 10 8 4 1 2 2 1 0 0 0 0 0 0 0 0 1 3 6 10 11 15 10 14 6 33 30 31 22 16 27 53 40 33 37 28 21 10 7 5 3 4 4 1 5 3 4 6 15 43 40 18 27 14 22 33 36 18 26 16 26 23 18 24 18 22 16 9 5 10 7 6 6 10 5 3 3 13 3 6 5 22 15 31 43
11 11 12 3 17 24 22 42 43 33 23 12 10 6 5 2 1 1 1 1 0 0 0 0 0 0 0 0 1 2 5 8 11 12 19 43 30 21 47 33 33 37 26 32 27 16 9 20 39 5 5 5 8 4 2 3 1 3 8 21 16 17 15 17 6 19 21 28 27 24 14 23 23 19 33 21 28 19 6 9 17 15 5 7 6 3 4 2 4 2 13 9 12 19 26 28
2 2 2 14 38 43 38 47 27 18 13 13 8 5 4 3 1 1 0 0 0 0 0 1 0 0 0 0 1 1 5 10 18 24 28 43 47 46 33 48 55 27 22 12 21 21 26 27 6 14 9 5 5 4 3 2 1 9 4 3 5 7 19 17 19 19 15 19 24 26 15 13 21 22 30 19 20 21 5 7 10 7 6 5 5 4 4 2 0 3 4 6 11 19 13 13
4 4 4 16 44 44 49 24 16 9 19 8 8 5 3 1 1 0 0 0 0 0 0 1 1 1 1 0 1 3 11 18 26 28 26 37 29 19 33 51 49 42 24 22 23 19 21 14 17 10 5 14 4 1 1 2 2 3 2 3 4 6 12 19 17 10 19 23 24 21 14 12 18 17 10 15 21 27 14 5 5 4 5 2 1 1 2 1 1 2 6 8 10 18 17 28
28 22 19 31 39 46 52 27 16 10 8 5 3 2 1 1 1 0 0 0 0 0 0 1 2 2 1 1 1 3 4 12 28 34 26 32 31 49 38 36 32 43 62 40 21 18 15 15 10 8 14 3 4 5 1 1 1 1 1 2 4 9 17 18 10 13 16 25 14 10 11 17 16 11 5 14 30 34 21 9 4 5 3 4 4 1 2 2 2 13 4 3 7 18 27 24
13 59 57 43 49 47 39 31 33 18 16 7 4 2 1 1 1 0 0 0 0 0 1 1 1 5 3 2 3 2 2 5 14 27 22 31 33 43 38 39 43 35 30 32 47 32 15 13 9 8 4 4 5 1 1 1 1 1 2 5 5 6 14 13 15 21 8 16 15 16 10 10 16 11 4 9 15 18 23 16 6 5 3 2 3 2 1 2 3 7 18 4 6 7 12 19
12 34 73 59 43 33 24 25 34 19 19 12 3 3 1 1 0 0 0 1 1 0 1 1 2 2 9 6 7 5 3 3 7 18 20 29 25 22 21 19 11 20 38 40 45 47 13 17 20 10 6 4 6 6 1 1 1 2 3 4 4 6 13 12 18 17 12 11 16 18 11 5 18 22 6 7 16 11 5 12 13 7 2 2 1 1 1 1 1 2 6 9 5 3 5 9
