sesion_6_simulaciones/modelos_agentes/ejemplos_netlogo/scenarios/echam4_a2/rob_2100.asc
NCOLS 322 
NROWS 307 
XLLCORNER 451900 
YLLCORNER 4086900 
CELLSIZE 100 
NODATA_value -9999 
[rows 144 to 215 of 307, columns 96 to 191 of 322]
17 17 11 24 33 50 36 27 41 33 30 22 48 43 50 57 37 24 28 53 43 20 25 30 30 22 15 7 4 3 2 2 4 4 5 10 9 16 35 22 5 13 7 12 14 9 9 5 2 1 0 1 1 1 1 1 1 1 1 0 0 3 10 15 40 62 78 64 42 36 50 43 35 7 1 2 8 23 35 39 72 72 63 16 26 38 37 57 68 59 74 68 65 75 84 30
26 31 26 22 30 34 22 12 40 21 19 16 20 34 49 28 34 47 51 62 59 23 6 16 42 27 24 20 12 4 5 1 4 10 14 19 7 4 2 1 2 6 4 2 4 13 5 4 2 1 0 0 1 1 1 0 1 2 1 0 0 7 8 13 21 69 85 80 40 57 37 26 11 1 0 1 9 24 32 48 44 15 15 32 39 39 39 78 79 93 70 42 51 62 78 42
26 19 46 31 39 58 52 38 27 22 32 44 20 15 32 61 63 46 19 21 35 16 5 6 21 31 24 23 20 14 6 3 1 4 8 6 7 12 5 1 5 11 14 4 4 6 8 6 4 3 0 0 0 1 1 1 1 0 0 0 1 6 10 14 28 55 81 89 72 61 39 12 3 1 0 3 9 19 39 11 7 19 40 45 40 37 64 65 81 88 87 55 30 23 70 66
38 12 48 54 31 18 48 54 59 54 29 19 62 21 28 51 32 38 32 26 34 18 26 18 24 38 28 23 23 15 13 8 5 1 1 1 2 3 6 6 7 5 4 6 4 4 4 6 5 2 1 0 0 1 1 1 0 0 0 1 3 7 7 14 14 34 50 80 76 59 37 14 3 1 0 1 3 4 3 11 22 41 39 38 51 61 68 70 68 68 89 66 41 23 28 43
23 26 27 62 30 18 26 39 53 30 21 15 35 12 4 41 16 35 36 42 31 32 41 48 54 26 23 32 36 27 17 13 9 3 1 1 1 5 3 9 12 7 4 3 8 10 4 1 2 3 2 1 0 0 0 0 0 0 0 1 2 4 6 8 11 27 41 62 72 45 29 10 3 1 0 0 1 5 10 30 39 40 51 53 74 80 86 81 56 67 82 83 46 36 17 21
24 55 34 32 29 8 6 5 13 33 9 34 16 4 6 20 39 27 45 22 18 17 29 50 50 47 19 22 24 23 25 16 11 8 2 1 1 10 5 4 6 7 10 2 3 9 6 1 1 2 1 1 1 0 0 0 0 0 0 1 1 4 4 6 15 18 24 32 51 35 21 13 4 1 0 0 5 13 27 30 51 53 54 77 84 80 92 79 66 41 53 74 77 41 26 10
20 47 26 10 16 20 14 11 3 11 8 18 24 25 8 19 46 39 33 38 37 28 49 32 42 41 30 22 25 11 24 30 16 8 3 0 0 3 6 4 3 4 4 4 2 1 2 2 3 2 2 1 1 0 0 0 0 0 0 1 2 2 3 6 11 16 14 25 29 40 22 11 4 0 0 1 6 16 33 46 48 62 82 87 80 48 81 81 71 51 47 70 84 62 30 11
13 5 14 5 13 16 20 12 3 4 15 9 22 42 38 20 18 34 44 49 39 51 44 55 42 38 17 13 14 18 17 37 21 14 9 2 1 0 3 2 3 3 2 4 3 4 2 1 0 1 1 1 1 0 0 0 0 0 0 1 1 3 7 9 10 15 11 27 32 33 14 5 1 0 1 3 8 20 22 44 64 78 81 71 73 55 80 85 73 34 37 69 82 83 66 30
24 6 26 11 5 10 20 18 8 5 29 47 29 28 38 27 36 38 44 32 39 38 28 42 47 33 18 10 10 10 18 22 25 16 7 4 3 2 1 1 2 1 1 1 3 3 3 3 2 2 2 1 1 0 0 0 0 0 0 1 1 2 7 10 12 12 10 22 15 16 7 1 0 0 1 5 11 25 30 52 85 82 79 69 77 71 85 89 66 37 26 50 64 78 66 42
13 11 15 18 8 6 6 9 5 5 8 20 29 20 13 12 33 68 32 59 7 28 28 35 40 15 15 23 7 18 33 22 25 12 8 13 10 8 4 2 1 2 3 2 2 3 5 3 1 1 1 1 0 0 0 0 0 0 0 1 1 4 3 6 9 8 10 18 24 6 1 0 0 0 1 5 17 25 23 61 51 59 62 73 53 65 85 77 51 58 23 24 54 65 72 44
13 15 4 14 5 10 3 6 9 18 18 28 38 35 17 2 21 29 24 44 28 46 54 33 29 27 31 30 19 38 25 37 29 26 18 23 18 16 12 5 3 1 1 1 1 2 1 2 2 1 1 1 0 0 0 0 0 0 0 1 2 3 3 5 8 6 13 22 11 8 1 0 0 1 4 6 11 25 40 59 43 63 66 60 39 42 74 74 65 64 40 11 32 33 54 54
7 15 11 19 23 18 19 13 40 44 28 10 20 41 45 36 11 21 44 17 57 31 44 38 49 37 44 31 32 47 53 41 38 28 38 23 32 23 18 17 8 6 3 1 1 1 1 2 0 1 1 1 1 0 0 0 0 0 0 1 2 3 2 3 4 6 7 15 9 4 1 0 0 1 3 6 17 38 65 41 39 54 30 16 15 36 73 79 65 43 24 7 13 28 40 37
13 8 16 25 25 28 24 28 26 14 14 3 4 7 8 51 13 27 43 58 23 63 47 33 43 53 44 29 30 57 56 14 10 33 34 42 33 31 21 21 16 10 5 4 3 2 2 0 0 0 1 1 1 0 0 0 0 0 0 2 3 2 2 5 3 2 4 7 5 2 1 0 2 3 4 6 23 35 40 38 33 14 4 2 11 51 72 70 36 16 16 2 4 12 12 10
8 8 8 12 9 11 17 17 12 9 3 3 15 20 15 3 9 20 15 84 38 60 70 47 65 62 62 40 46 50 34 31 40 39 40 31 25 20 23 27 35 32 8 2 3 1 3 1 1 1 0 0 0 0 0 0 0 0 0 0 0 1 1 2 1 0 1 3 2 1 0 0 1 2 5 11 16 33 49 24 17 3 1 3 10 7 12 6 3 2 3 1 0 2 2 2
23 10 4 7 13 13 23 9 17 12 6 5 12 22 11 14 24 28 10 53 11 28 61 89 82 68 42 39 28 43 60 43 35 25 17 4 7 23 19 29 31 21 24 18 4 1 3 4 4 4 1 0 0 0 0 0 0 0 0 0 0 0 1 1 0 0 1 1 1 0 0 0 2 2 2 4 11 9 26 13 11 1 2 4 2 4 2 1 0 2 9 3 0 0 0 1
20 19 23 6 7 13 14 26 21 11 6 9 12 20 17 38 40 30 17 22 18 6 56 80 73 67 55 73 52 15 25 42 22 11 6 12 11 14 27 8 14 38 47 13 2 0 1 1 3 3 1 0 0 0 0 0 0 0 0 1 0 0 0 0 0 0 0 0 0 0 0 1 1 1 1 5 13 11 11 3 1 0 1 1 10 16 13 13 16 19 17 7 1 0 0 0
13 18 17 16 12 6 8 17 16 10 6 10 17 12 29 22 35 13 18 22 9 10 36 33 20 53 47 34 29 6 13 52 36 6 13 13 22 17 23 14 4 8 22 11 5 1 0 0 2 1 2 0 0 0 0 0 0 0 0 0 0 0 0 0 0 0 0 0 0 0 0 0 1 1 2 1 2 1 2 1 1 0 1 1 6 10 13 5 11 15 5 2 1 0 0 0
14 8 8 12 12 7 13 7 16 18 9 4 10 23 31 34 21 11 24 20 4 16 19 33 32 11 20 9 16 19 5 43 11 4 7 14 11 37 21 24 16 9 20 14 6 3 0 0 1 1 1 1 0 0 0 0 0 0 0 0 0 0 0 0 0 0 0 0 0 0 0 0 2 2 2 2 1 1 2 1 0 0 0 1 3 4 1 1 1 2 1 0 0 0 0 0
7 6 2 4 6 12 7 9 10 14 7 2 15 39 24 28 20 12 19 8 18 19 13 28 28 33 13 8 10 25 27 8 27 12 2 5 2 15 25 27 18 10 12 8 4 1 0 0 0 3 1 1 0 0 0 0 0 0 0 0 0 0 0 0 0 0 0 0 0 0 0 0 0 1 3 4 5 3 2 3 3 0 0 2 1 1 1 1 0 0 0 0 0 0 0 0
16 8 3 5 4 2 3 3 6 5 6 4 11 12 4 2 8 9 10 15 24 6 26 16 18 12 36 7 7 15 12 6 10 17 18 10 7 11 6 3 4 19 7 6 3 1 0 1 2 3 1 1 1 0 0 0 0 0 0 0 0 0 0 0 0 0 0 0 0 0 0 0 0 0 1 1 1 2 1 1 1 0 0 0 0 0 0 0 0 0 0 0 0 0 0 0
23 18 11 11 8 9 14 16 11 3 2 3 6 4 2 7 11 12 19 9 23 7 33 24 25 30 20 9 2 2 8 12 6 7 19 16 7 5 7 1 1 5 3 1 1 3 1 0 0 1 1 0 0 0 0 0 0 0 0 0 0 0 0 0 0 0 0 0 0 0 0 0 0 0 0 0 0 0 0 0 0 0 0 0 0 0 0 0 0 0 0 0 0 0 0 0
34 18 18 29 30 25 26 30 16 10 10 4 2 1 5 13 18 20 19 13 22 7 13 16 24 32 9 8 13 1 2 5 12 5 7 10 5 1 1 4 3 5 8 4 3 3 2 1 0 1 1 0 0 0 0 0 0 0 0 0 0 0 0 0 0 0 0 0 0 0 1 0 0 0 0 0 0 0 0 0 0 0 0 0 0 0 0 0 0 0 0 0 0 0 0 0
35 28 26 42 44 42 28 27 25 22 23 20 9 3 4 7 11 15 14 18 21 7 36 15 17 12 9 5 11 11 2 3 12 5 2 3 3 3 1 1 3 6 3 2 1 2 1 1 0 1 1 0 0 0 0 0 0 0 0 0 0 0 0 0 0 0 0 0 1 0 1 1 0 0 0 0 0 0 0 0 0 0 0 0 0 1 1 0 0 0 0 0 0 0 0 0
53 31 25 8 19 46 41 53 41 42 25 25 18 5 2 6 9 10 13 10 15 7 14 19 12 12 8 6 12 19 11 5 17 13 7 4 5 3 6 2 2 8 3 0 1 1 1 0 0 1 0 0 0 0 0 0 0 0 0 0 0 0 0 0 0 0 0 1 1 1 2 1 1 0 0 0 0 0 0 0 0 0 0 0 1 1 1 0 0 0 0 0 0 0 0 0
20 43 21 26 25 16 18 13 15 21 31 20 13 6 2 9 11 10 13 15 5 6 13 22 8 15 4 5 30 30 8 10 10 18 13 8 11 8 17 10 1 2 5 1 1 1 1 0 0 1 1 0 0 0 0 0 0 0 0 0 0 0 0 0 0 0 1 1 1 0 0 0 0 0 0 0 0 0 0 0 0 0 1 0 2 2 0 0 0 0 0 0 0 0 0 0
10 33 43 24 29 20 11 9 8 8 30 11 8 7 3 1 7 8 12 8 4 9 10 5 3 4 3 1 2 8 6 10 4 14 14 14 3 5 8 14 8 3 0 2 1 1 1 0 1 1 1 0 0 0 0 0 0 0 0 0 0 0 0 1 0 0 1 1 1 0 1 1 0 0 0 0 0 0 0 0 1 1 1 1 3 1 1 0 0 0 0 0 0 0 0 0
16 30 27 22 37 41 22 18 13 4 5 7 9 5 2 2 6 10 9 14 4 6 6 6 2 2 6 3 1 4 19 20 10 7 13 13 4 1 4 10 19 11 2 2 1 0 0 0 0 0 0 1 0 0 0 0 0 0 0 0 1 1 1 2 1 1 1 1 2 1 3 1 0 0 0 0 0 0 1 2 2 1 2 3 4 2 1 0 0 0 0 0 0 0 0 0
6 12 19 33 32 33 41 40 27 10 7 3 4 5 2 2 8 7 16 14 7 14 6 5 5 1 4 7 2 3 18 44 40 15 6 1 2 1 1 4 7 7 5 3 1 1 0 0 0 0 0 0 0 0 0 0 0 0 0 1 2 3 4 6 3 1 1 1 2 2 3 1 0 0 0 0 0 0 0 2 3 1 1 5 4 1 0 0 0 0 0 0 0 0 1 1
5 9 10 25 35 33 38 38 32 25 18 8 5 2 1 1 3 8 18 31 24 16 6 5 3 1 3 8 4 1 8 8 10 12 7 4 1 1 0 1 1 3 4 3 1 1 0 0 0 0 0 0 0 0 0 0 0 0 1 3 6 15 18 18 6 2 3 4 4 2 3 2 1 0 1 1 0 0 0 1 3 1 3 6 2 2 1 0 0 0 0 0 0 0 0 0
21 3 27 20 35 26 21 15 12 6 8 6 5 2 1 2 2 10 7 24 20 20 15 4 2 1 5 14 9 6 5 2 5 9 7 1 0 0 0 0 1 0 1 2 1 1 0 0 0 0 0 0 0 0 0 0 0 0 1 5 16 22 23 27 10 10 20 4 1 4 3 1 0 0 2 1 1 1 0 0 1 3 2 3 1 1 0 0 0 0 0 0 0 0 0 0
11 8 18 9 20 32 32 25 34 15 9 10 6 4 1 1 2 4 3 10 8 4 7 9 2 1 5 3 6 2 3 4 6 2 1 1 1 1 1 0 0 0 0 1 1 1 0 0 0 0 0 0 0 0 0 0 0 0 1 2 6 14 16 14 17 27 35 4 2 5 2 1 0 0 1 2 3 1 1 0 1 4 7 2 2 1 1 0 0 0 0 1 1 1 1 1
13 12 19 12 15 30 35 34 33 30 32 32 14 4 2 1 1 4 1 1 8 5 1 1 1 1 8 8 9 8 3 4 2 2 1 1 0 0 0 0 0 0 0 0 0 0 0 0 0 0 0 0 0 0 0 0 0 0 0 2 4 9 3 10 18 31 32 8 10 4 1 1 1 1 2 3 3 3 1 0 1 2 1 6 6 2 1 0 0 0 0 0 3 1 1 1
14 15 17 11 17 25 40 43 40 46 41 15 7 3 1 1 1 1 3 1 1 1 1 2 0 1 4 10 9 6 5 5 5 2 1 1 0 0 0 0 0 0 0 0 0 0 0 0 0 0 0 0 0 0 0 0 0 0 0 1 2 8 7 9 12 34 15 26 22 4 3 3 1 1 3 7 4 8 5 1 2 1 1 8 6 2 1 0 0 1 1 0 2 4 1 3
8 14 22 10 10 29 34 46 41 40 31 24 17 7 5 2 1 0 1 2 1 1 1 1 0 1 2 3 4 3 3 3 1 0 0 0 0 0 0 0 0 0 0 0 0 0 0 0 0 0 1 0 1 1 1 0 1 0 0 0 1 3 6 13 13 23 27 43 18 11 8 5 2 2 2 4 7 4 8 2 2 4 4 16 4 2 0 0 0 1 2 1 1 2 4 3
8 12 18 12 3 21 27 32 22 34 43 39 19 12 8 7 3 1 1 2 4 3 2 1 0 0 1 1 1 1 1 0 0 0 0 0 0 0 0 0 0 0 0 0 0 0 0 1 2 2 4 1 2 2 1 1 1 1 0 0 1 2 7 14 14 13 23 28 20 20 18 12 10 9 7 3 8 22 12 4 1 3 15 10 3 1 0 0 0 0 1 3 5 5 2 7
8 7 20 18 12 19 7 17 38 33 17 13 16 8 6 4 3 1 1 1 1 1 1 0 0 0 0 0 0 0 0 0 0 0 0 0 0 0 0 0 1 0 1 0 0 0 1 1 4 4 7 4 4 2 1 2 2 1 0 0 1 1 2 3 7 9 17 26 27 33 31 35 21 25 11 8 8 21 5 2 2 6 9 3 2 1 0 0 0 0 1 1 5 7 2 11
5 13 23 26 25 16 10 28 41 37 26 27 15 14 4 3 1 1 0 0 0 0 0 0 0 0 0 0 0 0 0 0 0 0 0 0 0 0 1 1 1 1 1 0 0 0 2 5 7 6 7 7 4 1 2 2 1 1 0 0 1 2 3 2 3 13 27 12 17 13 31 56 46 35 18 15 13 3 3 2 3 5 6 5 3 2 2 1 1 0 1 1 4 8 11 21
4 11 17 19 9 12 7 11 21 21 15 10 5 7 7 3 1 0 0 0 0 0 0 0 0 0 0 0 0 0 1 1 0 0 0 0 0 0 1 2 4 2 2 0 0 0 2 6 9 12 9 9 5 3 1 3 1 1 0 0 0 1 2 3 4 12 13 10 9 18 16 27 7 40 48 36 23 8 7 3 11 5 14 11 10 6 3 2 1 1 1 2 3 4 16 35
3 6 16 24 15 11 9 10 11 22 19 15 12 3 3 2 1 1 0 0 0 0 0 0 0 0 0 0 0 0 0 0 0 0 0 0 0 1 2 3 8 9 6 3 3 1 2 5 13 27 9 6 7 2 3 4 1 1 1 0 0 1 5 5 5 11 8 13 11 10 11 20 19 20 51 61 19 10 5 4 22 21 12 41 18 11 7 3 3 2 3 4 5 7 18 33
4 2 7 13 8 8 12 9 9 16 10 14 9 4 1 1 1 0 0 0 0 0 0 1 0 0 0 0 0 0 0 0 0 0 0 0 1 2 7 10 17 17 11 17 5 1 3 8 22 29 7 7 9 5 6 4 2 2 2 1 1 0 0 3 5 6 6 15 13 7 9 12 8 37 30 43 25 13 4 2 15 29 32 66 47 35 11 4 3 4 4 5 8 16 23 34
7 2 9 14 12 10 11 5 6 14 7 10 7 4 1 1 0 0 0 0 0 0 0 1 1 1 2 1 0 0 0 0 0 0 1 0 1 3 5 11 17 8 7 22 9 1 4 13 33 22 8 11 8 6 10 6 4 7 3 2 2 1 0 0 0 0 1 5 5 11 11 18 22 21 28 38 20 8 3 2 14 15 23 40 44 25 13 6 8 5 5 6 10 17 27 29
7 2 2 5 3 8 13 5 6 9 5 5 5 2 1 1 0 0 0 0 0 0 1 1 2 2 1 0 0 0 0 0 0 1 1 1 1 2 5 4 4 2 2 21 15 3 4 18 29 35 23 28 11 12 12 18 11 13 5 6 3 2 1 1 1 1 1 1 3 10 16 32 28 19 36 28 23 16 4 2 9 19 19 25 37 28 15 8 13 8 14 8 10 23 34 45
6 4 4 7 2 3 2 1 6 10 13 6 4 2 1 0 0 0 0 0 0 1 1 2 2 1 0 0 0 0 0 0 1 2 7 6 3 1 3 8 9 5 6 18 12 4 4 19 23 47 43 27 25 18 28 17 25 21 8 9 7 4 2 2 1 1 1 1 3 10 25 19 16 45 35 36 32 23 9 2 2 7 21 33 38 39 24 10 16 10 16 18 13 23 28 51
6 7 6 4 2 3 3 4 8 7 10 7 5 2 1 0 0 0 0 0 0 1 2 5 4 1 1 1 0 0 0 0 2 4 11 12 4 2 4 12 29 14 17 29 8 5 5 10 25 49 66 37 33 26 41 25 36 33 21 13 14 8 4 3 1 2 2 3 1 8 11 18 23 29 19 33 29 30 21 4 2 7 20 27 65 46 31 18 23 21 22 22 15 21 31 65
7 3 3 2 3 1 1 2 2 1 3 3 3 2 1 0 0 0 0 0 1 2 4 2 1 1 1 1 0 0 0 1 3 7 14 17 6 2 6 19 24 29 22 32 29 14 6 9 30 35 72 48 25 31 44 33 32 29 27 22 25 12 10 4 3 3 3 3 2 2 7 18 23 30 31 42 35 35 13 8 2 7 20 26 50 65 42 23 29 29 29 27 27 21 34 65
7 5 2 1 1 1 0 1 2 4 3 4 4 2 1 0 0 0 0 1 0 1 3 4 2 2 1 1 0 0 1 2 5 17 16 24 5 3 9 25 44 33 35 55 38 24 14 10 23 45 40 61 31 34 46 51 44 35 31 40 21 21 8 6 4 4 7 6 4 2 6 16 20 16 25 27 43 43 34 12 5 11 19 16 25 35 66 35 36 34 31 33 33 23 34 62
4 3 2 1 1 1 0 1 3 5 12 5 1 1 0 0 0 0 0 1 1 2 1 3 3 1 1 0 0 0 2 4 7 15 31 37 8 6 8 23 19 43 57 69 38 29 17 20 26 49 33 63 43 42 53 56 68 65 50 38 33 27 11 7 7 10 10 8 6 2 5 15 24 23 20 24 51 53 39 18 6 8 12 17 29 36 63 55 38 36 35 38 37 27 35 60
6 4 3 1 1 1 1 1 1 3 2 2 1 0 0 0 0 0 0 2 1 5 9 11 2 1 0 0 0 1 3 7 14 24 31 43 20 16 10 26 27 37 48 74 44 29 12 27 32 35 56 54 60 43 53 61 74 66 68 40 32 21 15 10 16 14 13 12 6 3 3 10 23 25 18 11 40 49 45 23 8 4 6 23 32 39 35 61 40 39 40 42 47 26 59 40
6 3 1 1 1 0 1 1 1 1 1 0 0 0 0 0 0 2 3 5 2 5 12 7 2 1 1 0 0 1 2 4 15 12 14 41 66 27 16 15 41 36 43 62 49 18 18 32 53 36 39 68 45 37 53 74 74 73 58 26 29 20 30 15 20 18 18 18 9 5 3 3 9 19 12 20 32 69 52 42 20 10 6 22 29 38 33 37 53 32 53 19 20 44 39 14
6 2 1 1 0 0 0 1 0 0 0 0 0 1 0 1 2 5 6 12 9 11 5 4 2 1 0 0 0 1 2 4 8 8 14 25 46 45 39 19 17 58 60 73 33 29 29 26 41 46 22 39 65 34 62 73 72 61 42 29 30 31 29 27 26 26 31 13 10 10 5 5 8 14 14 24 29 54 61 48 19 10 14 16 30 27 11 18 36 50 53 17 47 35 13 17
3 2 1 0 0 0 0 0 0 0 0 0 0 1 1 3 5 10 17 20 10 7 6 3 1 1 1 0 0 1 2 2 7 6 17 18 26 20 42 59 25 31 48 74 31 26 28 26 26 14 35 37 51 28 63 44 45 36 36 40 31 30 32 27 41 43 25 14 13 13 13 7 10 8 19 27 29 46 58 31 16 29 15 22 38 30 29 18 24 65 57 42 63 20 19 27
2 1 0 0 0 0 0 0 0 0 1 1 1 2 6 7 12 24 12 8 6 5 4 1 0 1 0 0 1 1 2 2 3 3 9 11 13 22 31 45 51 24 25 67 31 30 24 23 21 22 34 33 61 39 53 30 33 38 48 39 32 34 34 43 45 42 27 18 23 13 16 17 10 8 7 16 32 39 75 48 38 40 32 18 23 24 25 42 21 24 53 52 46 27 26 59
1 1 0 0 0 0 0 0 0 1 3 2 1 3 13 27 37 8 4 3 4 4 2 1 1 0 0 0 0 1 2 2 3 7 20 30 29 37 41 33 54 45 21 23 39 26 39 23 19 13 28 23 36 52 31 38 43 33 50 31 40 34 42 42 45 30 23 29 26 12 23 36 13 11 13 16 24 46 62 67 63 67 24 18 20 25 32 25 41 18 39 46 26 27 53 60
1 0 0 0 0 0 2 2 1 6 6 3 8 10 15 30 17 6 4 3 5 4 1 0 0 0 0 0 0 1 3 5 6 10 21 40 49 55 41 50 61 56 42 33 52 31 38 30 27 17 17 28 24 53 32 36 55 67 49 38 55 52 48 35 32 34 30 16 16 6 16 23 41 23 22 14 20 15 34 53 71 39 20 14 19 29 30 25 49 42 18 54 45 52 56 54
1 0 0 0 0 0 0 0 1 11 9 4 11 15 16 16 20 14 3 2 2 1 0 0 0 0 0 0 1 1 2 4 9 23 27 29 43 41 35 31 22 23 47 47 57 54 41 46 26 17 14 26 33 45 32 57 53 52 50 41 37 33 33 42 31 31 32 24 11 4 16 34 43 44 27 25 15 16 34 25 49 23 23 19 19 35 38 40 41 52 11 62 62 38 39 61
0 0 1 2 1 0 1 1 3 6 29 16 17 30 18 18 4 9 4 5 2 1 0 0 0 0 0 0 1 1 1 1 4 10 16 21 28 30 19 21 23 18 18 21 30 27 33 40 41 18 8 15 29 36 40 49 46 50 46 29 33 35 29 42 32 31 34 31 18 6 13 30 37 47 63 43 29 15 27 45 67 28 20 14 27 26 39 41 41 48 18 49 41 38 44 29
0 0 1 1 1 3 3 10 12 16 35 34 21 17 14 11 10 7 6 3 1 1 0 0 0 0 0 0 1 4 3 2 1 3 10 12 9 8 7 18 20 17 24 22 21 24 17 19 33 26 6 15 17 32 19 24 19 34 27 40 32 19 27 48 26 44 36 38 20 12 10 26 35 38 38 64 40 22 23 40 56 30 11 22 23 23 30 39 37 47 58 18 8 39 28 31
0 0 1 2 2 4 12 20 30 34 39 18 16 13 8 6 7 7 4 3 1 1 0 0 0 0 0 0 1 4 7 5 3 4 4 2 3 8 13 15 18 27 25 20 19 14 22 27 21 34 9 10 14 19 18 14 24 34 40 34 32 20 43 41 12 47 44 37 18 11 17 14 15 26 33 27 37 60 26 35 25 13 17 18 19 18 32 30 33 43 19 10 10 36 28 26
0 1 0 2 7 17 18 32 33 33 13 11 16 9 14 6 5 3 2 1 1 0 0 0 0 0 0 1 3 5 7 22 8 6 8 16 9 12 10 15 14 19 18 16 17 23 32 37 17 19 24 8 7 16 16 9 26 38 30 16 25 24 41 24 19 46 48 43 16 18 18 6 5 19 25 14 19 29 43 50 42 20 31 29 14 14 19 37 29 30 6 9 22 35 29 43
2 3 1 3 8 17 31 31 40 24 20 10 8 10 8 7 5 2 2 1 0 0 0 0 0 0 0 2 4 5 13 17 22 17 5 5 11 26 40 28 22 22 22 13 18 18 16 14 23 16 15 11 7 22 11 7 46 30 12 25 24 22 58 20 37 28 27 18 8 14 11 16 12 17 15 16 26 25 36 27 27 32 29 29 16 14 9 27 35 29 10 23 28 15 52 28
3 9 5 5 6 12 18 33 28 15 12 10 7 10 7 4 2 1 1 1 0 0 0 0 0 0 0 1 3 4 11 11 12 12 19 23 12 9 12 53 52 48 55 35 28 21 17 16 23 23 15 19 16 7 9 7 32 14 10 21 23 43 27 49 35 21 32 25 12 17 17 18 18 8 6 5 10 17 21 33 38 24 42 29 24 7 9 14 31 20 11 27 12 34 22 22
4 11 4 12 16 38 23 19 28 16 14 9 7 5 3 2 2 1 0 0 0 0 0 0 0 0 0 1 3 4 5 7 10 21 25 22 13 7 19 18 25 52 50 49 44 29 24 18 16 12 21 27 7 13 6 17 8 15 10 19 42 40 46 30 30 18 40 22 18 27 15 28 26 10 18 22 20 8 15 33 44 39 26 37 13 10 6 12 19 8 20 5 18 23 31 36
4 6 2 3 3 4 19 38 24 17 10 6 5 4 2 1 1 1 1 0 0 0 0 0 0 0 0 1 1 2 5 5 8 6 9 4 24 22 25 17 14 27 52 42 36 40 29 22 12 9 8 4 6 9 3 10 7 8 10 23 51 44 21 30 15 25 35 38 19 27 17 27 24 19 25 20 23 18 10 6 12 9 9 12 17 9 4 6 25 5 10 8 32 20 37 48
5 6 6 2 10 16 16 34 33 23 15 7 4 3 2 1 0 1 0 0 0 0 0 0 0 0 0 0 0 1 2 3 6 7 12 31 23 15 40 29 30 35 27 34 30 18 9 23 42 7 7 7 13 7 5 5 2 7 16 34 22 21 17 20 8 21 23 31 29 26 16 25 24 21 36 24 32 22 7 10 20 20 9 12 12 5 7 3 8 4 21 15 19 26 31 32
1 1 1 8 27 32 29 37 19 10 8 7 4 3 2 1 0 0 0 0 0 0 0 0 0 0 0 0 0 0 2 5 11 16 20 34 38 38 30 45 53 26 22 13 22 23 29 30 7 18 12 9 8 8 5 5 2 17 9 6 7 9 23 20 22 21 17 21 26 27 17 14 24 24 33 22 23 25 6 8 12 10 10 8 11 9 9 3 1 7 8 9 18 25 17 16
2 2 2 10 34 35 40 18 11 5 11 4 3 2 1 0 0 0 0 0 0 0 0 0 0 0 0 0 0 1 5 10 17 19 17 27 22 15 30 49 47 44 26 24 25 21 24 16 21 12 8 21 8 3 2 4 4 5 4 5 6 9 16 24 21 12 22 26 26 23 16 13 19 18 11 18 23 31 17 6 7 5 7 3 2 3 4 2 2 6 12 14 17 26 23 33
17 14 12 23 31 38 42 19 10 6 4 3 1 1 0 0 0 0 0 0 0 0 0 0 1 1 0 1 0 1 1 5 16 24 19 23 24 45 34 33 32 44 65 43 23 21 18 19 14 12 21 5 8 11 3 3 2 2 2 3 6 13 24 24 12 16 20 28 16 11 13 19 19 13 6 16 34 40 26 12 6 8 6 7 7 3 4 4 4 23 7 4 10 25 33 29
7 46 45 35 39 39 27 22 23 11 8 3 2 1 0 0 0 0 0 0 0 0 0 0 1 2 1 1 1 1 1 2 9 17 15 22 24 39 36 36 43 36 32 35 52 37 19 17 14 13 7 7 9 2 2 3 2 2 5 10 8 8 21 20 20 26 11 20 18 19 12 12 18 12 5 10 18 23 30 22 9 9 5 4 6 5 3 4 7 13 30 7 9 10 15 23
7 24 65 50 35 26 16 17 23 12 11 6 2 1 1 0 0 0 0 0 0 0 0 0 1 1 4 3 3 2 2 1 3 12 14 21 18 19 18 18 10 21 40 44 49 53 17 23 29 17 10 8 13 10 2 1 2 3 7 9 7 12 20 19 25 22 16 15 20 22 13 6 21 26 7 9 19 15 7 20 23 14 3 3 3 4 2 2 2 3 9 13 7 5 7 11
16 35 43 36 43 38 18 14 8 6 5 3 1 1 0 0 0 0 0 1 1 0 1 0 1 1 3 7 5 6 5 4 3 6 17 16 10 9 13 21 29 34 30 30 29 15 19 28 42 26 26 43 7 5 5 2 3 3 5 3 4 9 15 22 18 12 17 15 15 25 6 6 16 30 10 5 7 9 7 11 10 15 4 2 3 3 3 4 7 15 7 5 19 10 10 7
27 40 31 39 38 28 19 11 6 8 4 2 1 0 0 0 0 0 0 2 2 1 1 1 0 1 2 4 7 13 12 10 7 3 4 11 14 10 26 26 22 22 28 33 35 42 21 32 36 26 25 14 7 3 3 2 2 3 2 2 3 8 5 8 9 10 15 18 17 14 5 11 12 27 13 8 4 5 4 7 4 4 9 2 2 4 6 21 10 9 4 5 6 15 23 14
37 49 52 31 22 11 10 9 7 5 2 1 1 0 0 0 0 0 1 4 6 4 4 2 1 1 1 1 2 4 6 15 14 5 4 5 11 12 15 21 22 23 32 25 57 42 26 38 9 10 9 9 7 5 3 1 1 1 2 2 2 8 5 6 7 17 15 10 8 11 5 9 19 15 17 6 5 5 3 4 6 5 3 4 1 7 2 3 21 14 15 6 6 5 9 15
