sesion_6_simulaciones/modelos_agentes/ejemplos_netlogo/scenarios/echam4_a2/rob_2070.asc
NCOLS 322 
NROWS 307 
XLLCORNER 451900 
YLLCORNER 4086900 
CELLSIZE 100 
NODATA_value -9999 
[rows 148 to 221 of 307, columns 192 to 287 of 322]
2 7 6 16 28 32 43 46 62 30 49 25 6 3 1 0 0 0 0 0 0 0 0 0 0 0 0 0 0 0 0 0 0 0 0 0 0 0 0 0 0 0 0 1 1 1 2 4 2 6 4 3 2 3 3 2 1 2 5 7 39 42 28 56 54 59 65 43 38 78 49 63 46 18 21 72 33 44 50 33 20 12 4 1 1 0 0 0 0 0 0 0 0 0 0 0
0 1 5 18 12 20 25 45 46 50 27 8 6 3 1 0 0 0 0 0 0 0 0 0 0 0 0 0 0 0 0 0 0 0 0 0 0 0 0 0 0 0 0 1 1 1 1 2 3 2 2 1 1 2 1 0 1 3 4 15 11 21 54 60 31 54 73 73 55 68 79 75 71 29 32 66 34 44 26 14 16 6 4 2 1 0 0 0 0 0 0 0 0 0 0 0
0 0 2 5 8 11 23 28 30 42 15 8 4 1 0 0 0 0 0 0 0 0 0 0 0 0 0 0 0 0 0 0 0 0 0 0 0 0 0 0 0 1 2 1 2 2 0 0 1 1 1 1 0 0 0 0 1 2 4 6 6 13 40 37 29 49 34 40 71 81 77 68 59 42 35 59 47 15 7 5 2 1 1 0 1 0 0 0 0 0 0 0 0 0 0 0
1 0 0 1 1 4 6 5 18 32 10 9 8 1 0 0 0 0 0 0 0 0 0 0 0 0 0 0 0 0 0 0 0 0 0 0 0 0 0 0 0 1 1 0 0 0 0 0 0 1 1 0 0 0 0 0 1 3 4 3 7 17 15 28 38 31 20 38 44 32 52 70 59 47 74 52 37 13 12 6 1 1 1 0 0 0 0 0 0 0 0 0 0 0 0 0
2 0 0 0 0 0 1 3 18 16 33 12 8 2 0 0 0 0 0 0 0 0 0 0 0 0 0 0 0 0 0 0 0 0 0 0 0 0 0 1 0 0 0 0 0 0 0 0 0 0 0 0 0 0 0 0 1 1 2 4 10 8 7 6 22 12 21 26 22 28 29 55 58 60 55 54 31 26 17 5 5 3 5 2 1 0 0 0 0 0 0 0 0 0 0 0
1 0 0 0 0 0 0 2 6 3 21 17 8 1 0 0 0 0 0 0 0 0 0 0 0 0 0 0 0 0 0 0 0 0 0 0 0 0 0 0 1 0 0 1 1 0 0 0 0 0 0 0 0 0 0 0 1 1 1 3 10 5 5 3 5 11 14 10 28 33 38 36 43 56 38 30 33 38 37 27 19 7 3 5 2 1 0 0 0 0 0 0 0 0 0 0
1 0 0 0 0 0 0 1 1 1 7 7 2 1 0 0 0 0 0 0 0 0 0 0 0 0 0 0 0 0 0 0 0 0 0 0 0 0 0 0 0 0 0 0 0 0 0 0 0 0 0 0 0 0 0 0 0 1 1 1 1 2 2 3 3 6 14 10 7 13 23 26 37 53 43 35 14 9 13 13 14 5 3 2 1 1 0 0 0 0 0 0 0 0 0 0
0 0 0 0 0 0 0 0 1 1 3 3 1 0 0 0 0 0 0 0 0 0 0 0 0 0 0 0 0 0 0 0 0 0 0 0 0 0 0 0 0 0 0 0 0 0 0 0 0 0 0 0 0 0 0 0 1 1 2 1 1 0 1 2 2 2 4 5 14 18 23 40 44 58 28 30 32 10 5 2 1 1 0 0 1 0 0 1 0 0 0 0 0 0 0 0
0 0 0 0 0 0 0 0 0 0 0 0 0 0 0 0 0 0 0 0 0 0 0 0 0 0 0 0 0 0 0 0 0 0 0 0 0 0 0 0 0 0 0 0 0 0 0 0 0 0 0 0 0 0 0 0 0 0 1 0 0 0 3 8 8 5 10 25 39 36 49 36 66 65 57 67 44 19 12 9 9 3 1 1 0 1 1 0 0 0 0 0 0 0 0 0
0 0 0 0 0 0 0 0 0 0 0 0 0 0 0 0 0 0 0 0 0 0 0 0 0 0 0 0 0 0 0 0 0 0 0 0 0 0 0 0 0 0 0 0 0 0 0 0 0 0 0 0 0 0 0 0 0 0 0 0 0 1 3 9 8 16 9 26 37 49 30 22 32 35 70 38 18 16 28 27 10 4 2 1 1 1 0 0 0 0 0 0 0 0 0 0
0 0 0 0 0 0 0 0 0 0 0 0 0 0 0 0 0 0 0 0 0 0 0 0 0 0 0 0 0 0 0 0 0 0 0 0 0 0 0 0 0 0 0 0 0 0 0 0 0 0 0 0 0 0 0 0 0 0 0 0 1 3 3 3 7 14 17 21 21 29 70 42 39 45 59 41 61 43 31 28 13 8 3 1 1 1 0 0 0 0 0 0 0 0 0 0
0 0 0 0 0 0 0 0 0 0 0 0 0 0 0 0 0 0 0 0 0 0 0 0 0 0 0 0 0 0 0 0 0 0 0 0 0 0 0 0 0 0 0 0 0 0 0 0 0 0 0 0 0 0 0 0 0 0 0 1 2 3 2 7 13 22 11 32 29 43 39 26 56 60 75 69 35 13 7 5 3 2 1 0 0 0 0 0 0 0 0 0 0 0 0 0
0 0 0 0 0 0 0 0 0 0 0 0 0 0 0 0 0 0 0 0 0 0 0 0 0 0 0 0 0 0 0 0 0 0 0 0 0 0 0 0 0 0 0 0 0 0 0 0 0 0 0 0 0 0 0 0 0 0 1 3 5 3 6 15 16 11 14 14 13 24 36 27 28 28 62 57 52 42 9 5 3 1 0 1 0 0 0 0 0 0 0 0 0 0 0 0
0 0 0 0 0 0 0 0 0 0 0 0 0 0 0 0 0 0 0 0 0 0 0 0 0 0 0 0 0 0 0 0 0 0 0 0 0 0 0 0 0 0 0 0 0 0 0 0 0 0 1 0 0 0 0 0 0 0 1 2 7 7 8 6 13 13 21 53 53 31 54 53 38 45 65 71 38 29 19 8 6 2 2 1 1 1 1 0 0 1 1 0 0 0 0 0
0 0 0 0 0 0 0 0 0 0 0 0 0 0 0 0 0 0 0 0 0 0 0 0 0 0 0 0 0 0 0 0 0 0 0 0 0 0 0 0 0 0 0 0 0 0 0 0 0 0 0 1 1 1 1 0 1 1 2 3 4 6 10 10 7 12 17 30 36 36 52 59 36 51 74 73 41 26 18 8 4 2 2 1 1 2 1 1 1 1 0 0 0 0 0 0
0 0 0 0 0 0 0 0 0 0 0 0 0 0 0 0 0 0 0 0 0 0 0 0 0 0 0 0 0 0 0 0 0 0 0 0 0 0 0 0 0 0 0 0 0 0 0 0 0 0 0 0 1 1 1 1 2 1 1 4 6 9 13 21 16 6 4 10 16 38 38 37 34 34 61 73 44 52 29 9 3 2 3 2 4 2 2 2 2 1 0 0 0 0 0 0
0 0 0 0 0 0 0 0 0 0 0 0 0 0 0 0 0 0 0 0 0 0 0 0 0 0 0 0 0 0 0 0 0 0 0 0 0 0 0 0 0 0 0 0 0 1 1 1 0 0 0 0 0 1 1 2 3 3 2 4 6 8 8 15 19 28 18 14 13 23 32 34 28 33 47 72 44 40 22 5 6 2 7 4 7 6 6 5 2 0 0 0 0 0 0 0
0 0 0 0 0 0 0 0 0 0 0 0 0 0 0 0 0 0 0 0 0 0 0 0 0 0 0 0 0 0 0 0 0 0 0 0 0 0 0 0 0 0 0 0 0 0 1 1 1 0 0 0 0 0 0 1 4 16 5 6 8 7 9 12 19 31 36 26 19 35 33 29 48 64 62 70 59 44 28 10 8 8 14 7 11 5 1 1 1 0 0 0 0 0 0 0
0 0 0 0 0 0 0 0 0 0 0 0 0 0 0 0 0 0 0 0 0 0 0 0 0 0 0 0 0 0 0 0 0 0 0 0 0 0 0 0 0 0 1 0 0 1 1 1 1 1 1 0 0 0 1 1 3 4 6 14 24 16 11 13 19 38 52 40 30 36 34 36 55 50 67 68 45 42 33 24 13 16 13 24 15 5 1 1 1 0 0 0 0 0 0 0
0 0 0 0 0 0 0 0 0 0 0 0 0 0 0 0 0 0 0 0 0 0 0 0 0 0 0 0 0 0 0 0 0 0 0 0 0 0 0 0 0 0 1 1 1 0 1 2 1 2 2 1 1 0 1 2 3 5 3 5 7 9 15 44 23 22 26 38 25 43 27 23 18 32 54 72 52 50 34 27 30 47 18 23 27 11 2 1 1 1 0 0 0 0 0 0
0 0 0 0 0 0 0 0 0 0 0 0 0 0 0 0 0 0 0 0 0 0 0 0 0 0 0 0 0 0 0 0 0 0 0 0 0 0 0 0 0 0 1 0 0 0 1 0 1 4 8 4 2 2 1 3 1 1 1 5 11 7 19 11 38 26 13 13 18 13 50 63 51 53 45 63 29 31 32 47 65 33 43 19 6 4 2 0 0 0 0 0 0 0 0 0
0 0 0 0 0 0 0 0 0 0 0 0 0 0 0 0 0 0 0 0 0 0 0 0 0 0 0 0 0 0 0 0 0 0 0 0 0 0 0 0 0 0 0 1 1 0 1 1 1 1 2 5 5 3 2 1 2 4 3 5 6 14 21 32 34 62 32 20 29 27 41 53 47 68 46 74 28 60 70 66 63 61 40 24 14 4 3 0 0 0 0 0 0 0 0 0
0 0 0 0 0 0 0 0 0 0 0 0 0 0 0 0 0 0 0 0 0 0 0 0 0 0 0 0 0 0 0 0 0 0 0 0 0 0 0 0 0 1 0 1 1 1 1 2 6 1 3 4 11 5 5 2 2 3 11 6 7 10 17 16 25 33 56 43 22 30 42 70 43 46 72 69 73 69 62 75 72 58 24 6 4 3 1 1 0 0 0 0 0 0 0 0
0 0 0 0 0 0 0 0 0 0 0 0 0 0 0 0 0 0 0 0 0 0 0 0 0 0 0 0 0 0 0 0 0 0 0 0 0 0 0 0 0 1 1 1 1 3 4 1 4 5 5 7 10 9 7 3 5 7 8 8 9 10 10 11 15 22 34 59 38 30 33 64 33 33 45 64 69 81 77 76 40 26 15 8 4 1 1 0 0 0 0 0 0 0 0 0
0 0 0 0 0 0 0 0 0 0 0 0 0 0 0 0 0 0 0 0 0 0 0 0 0 0 0 0 0 0 0 0 0 0 0 0 0 0 0 0 0 1 1 1 4 4 3 5 4 19 20 8 6 41 13 11 12 9 9 16 11 13 12 15 14 35 47 46 58 70 49 23 53 37 67 69 48 69 73 75 46 21 15 6 4 2 3 2 0 0 0 0 0 0 0 0
0 0 0 0 0 0 0 0 0 0 0 0 0 0 0 0 0 0 0 0 0 0 0 0 0 0 0 0 0 0 0 0 1 0 0 0 0 0 0 0 0 1 2 1 6 4 15 8 15 20 25 22 20 34 19 14 14 13 13 20 13 9 13 20 23 33 34 54 46 22 59 53 48 55 53 46 39 44 35 58 66 38 25 19 14 7 3 2 1 1 0 0 0 0 0 0
0 0 0 0 0 0 0 0 0 0 0 0 0 0 0 0 0 0 0 0 0 0 0 0 0 0 0 0 0 0 0 0 0 0 0 0 0 0 1 1 0 1 2 2 6 9 18 18 26 18 41 44 48 52 42 36 34 22 13 35 26 17 9 16 26 46 44 58 67 73 53 57 49 71 49 60 45 45 38 18 14 35 24 18 8 5 2 2 2 0 0 0 0 0 1 0
0 0 0 0 0 0 0 0 0 0 0 0 0 0 0 0 0 0 0 0 0 0 0 0 0 0 0 0 0 0 0 0 0 1 1 0 0 0 0 1 2 2 1 4 12 9 12 8 20 38 45 51 60 57 63 50 48 48 32 45 24 21 12 14 25 15 38 46 57 63 58 46 32 56 58 53 46 44 42 41 31 20 22 12 8 6 9 2 1 0 0 0 0 0 1 0
0 0 0 0 0 0 0 0 0 0 0 0 0 0 0 0 0 0 0 0 0 0 0 0 0 0 0 0 0 0 0 0 0 0 1 0 0 0 0 0 1 2 4 2 15 30 15 19 28 35 51 58 67 61 52 71 57 56 58 58 36 42 17 27 32 50 33 42 42 50 43 53 70 46 65 43 54 57 60 55 36 31 18 7 8 5 3 1 1 0 0 0 0 0 1 1
0 0 0 0 0 0 0 0 0 0 0 0 0 0 0 0 0 0 0 0 0 0 0 0 0 0 0 0 0 0 0 0 1 1 1 1 0 0 1 0 1 0 1 3 11 14 29 36 33 36 53 62 68 66 76 81 65 63 65 65 60 47 26 43 44 44 28 28 30 36 39 49 63 61 44 49 67 70 53 52 52 30 17 8 4 3 3 1 1 0 0 0 0 0 1 3
0 0 0 0 0 0 0 0 0 0 0 0 0 0 0 0 0 0 0 0 0 0 0 0 0 0 0 0 0 0 0 0 1 1 0 1 1 1 1 3 9 1 1 2 3 5 9 56 57 59 34 61 66 76 82 52 54 75 70 68 70 65 49 49 67 58 37 26 31 28 34 35 36 70 71 57 58 72 64 49 41 36 27 10 3 2 1 1 0 0 0 0 0 1 1 3
0 1 0 0 0 0 0 0 0 0 0 0 0 0 0 0 0 0 0 0 0 0 0 0 0 0 0 0 0 0 0 0 0 1 1 0 1 0 0 1 3 9 5 2 5 16 15 39 41 62 68 54 67 71 69 72 66 42 79 79 71 67 50 47 63 55 41 26 32 39 35 44 47 61 71 53 63 67 58 46 44 46 24 12 6 2 1 0 0 0 0 0 0 0 1 3
0 1 1 0 0 0 0 0 0 0 0 0 0 0 0 0 0 0 0 0 0 0 0 0 0 0 0 0 0 0 0 0 0 2 1 0 0 0 0 0 1 2 9 21 28 18 23 12 15 19 24 40 67 66 59 72 57 63 56 78 71 66 52 50 72 38 27 25 23 37 42 56 69 73 52 48 49 57 43 33 33 26 19 12 3 2 1 1 0 0 0 0 0 0 1 1
0 2 1 0 0 0 0 0 0 0 0 0 0 0 0 0 0 0 0 0 0 0 0 0 0 0 0 0 0 0 0 0 0 0 0 0 0 0 0 1 1 2 2 12 15 13 6 5 19 17 24 36 64 54 58 74 78 75 78 70 67 72 66 63 43 24 40 40 19 29 31 42 63 38 33 30 33 37 24 26 30 23 9 6 3 2 1 1 1 0 0 0 0 0 1 1
1 1 0 0 0 0 0 0 0 0 0 0 0 0 0 0 0 0 0 0 0 0 0 0 0 0 0 0 0 0 0 0 0 0 0 0 0 0 0 0 0 1 2 1 3 6 4 15 27 20 19 51 27 53 74 47 78 64 50 47 82 76 71 46 18 25 41 47 33 44 43 32 60 28 40 33 35 36 44 36 26 19 16 13 7 3 2 2 1 0 0 0 0 0 0 1
4 0 0 0 0 0 0 0 0 0 0 0 0 0 0 0 0 0 0 0 0 0 0 0 0 0 0 0 0 0 0 0 0 0 0 0 0 0 0 1 1 1 1 2 2 2 9 17 23 20 27 29 36 50 38 47 49 44 36 36 24 52 63 45 50 26 64 66 57 46 56 62 69 68 59 59 58 54 57 43 35 37 25 22 11 2 2 1 1 0 0 0 0 0 0 1
2 1 0 1 0 0 0 0 0 0 0 0 0 0 0 0 0 0 0 0 0 0 0 0 0 0 0 0 0 0 0 0 0 0 0 0 0 0 0 1 0 0 1 1 2 1 5 10 12 26 23 22 37 34 34 48 47 60 62 46 37 47 62 52 70 40 56 70 65 33 46 76 45 67 72 68 67 59 59 58 53 39 16 11 7 3 2 1 1 0 0 0 0 0 1 1
2 2 2 1 1 0 0 0 0 0 0 0 0 0 0 0 0 0 0 0 0 0 0 0 0 0 0 0 0 0 0 0 0 0 0 0 0 0 0 0 0 0 1 1 1 1 4 11 27 34 30 39 34 53 32 53 51 30 42 51 46 45 69 91 93 74 64 61 54 34 36 22 19 35 30 33 32 39 51 48 33 24 17 14 11 5 2 1 0 0 0 0 0 0 0 1
7 6 2 1 1 0 0 0 0 0 0 0 0 0 0 0 0 0 0 0 0 0 0 0 0 0 0 0 0 0 0 0 0 0 0 0 0 0 0 0 0 0 1 0 1 4 3 2 17 15 21 20 16 26 46 47 22 25 36 53 56 52 48 59 39 75 54 64 23 18 46 56 52 47 46 49 43 26 15 24 31 15 16 27 10 5 2 1 1 0 0 0 0 0 0 0
6 5 2 1 0 0 0 0 0 0 0 0 0 0 0 0 0 0 0 0 0 0 0 0 0 0 0 0 0 0 0 0 0 0 0 0 0 0 0 0 0 0 0 1 2 3 2 2 7 7 8 3 4 5 6 6 14 37 35 37 55 59 43 42 29 40 37 14 40 35 20 39 70 66 35 35 54 58 65 57 44 25 6 11 13 5 3 2 1 0 0 0 0 0 0 0
8 5 1 1 1 0 1 0 0 0 0 0 0 0 0 0 0 0 0 0 0 0 0 0 0 0 0 0 0 0 0 0 0 0 0 0 0 0 0 0 0 0 1 1 2 3 2 2 2 2 2 2 5 6 7 10 16 15 37 28 37 27 32 21 17 14 32 25 33 38 34 23 24 47 26 29 57 72 62 55 35 16 13 16 8 3 2 1 1 1 0 0 0 0 1 1
8 3 2 1 1 1 1 0 0 0 0 0 0 0 0 0 0 0 0 0 0 0 0 0 0 0 0 0 0 0 0 0 0 0 0 0 0 0 0 0 0 0 1 1 2 1 1 1 2 2 5 9 13 16 21 27 19 32 15 15 24 49 45 34 47 44 41 25 41 32 49 53 23 40 40 51 63 56 42 30 20 16 9 6 4 2 1 1 1 1 0 0 0 0 1 3
6 3 3 2 3 2 1 0 0 0 0 0 0 0 0 0 0 0 0 0 0 0 0 0 0 0 0 0 0 0 0 0 0 0 0 0 0 0 0 0 0 0 1 1 1 2 2 3 3 3 3 13 30 31 33 42 45 35 47 23 34 45 68 61 45 57 49 44 33 40 61 68 31 42 35 44 73 64 53 47 28 21 9 5 8 2 2 2 2 1 0 0 0 1 1 3
5 3 5 6 2 1 1 0 0 0 0 0 0 0 0 0 0 0 0 0 0 0 0 0 0 0 0 0 0 0 0 0 0 0 0 0 0 0 0 0 0 0 0 0 1 1 5 8 10 7 14 25 23 33 37 41 47 49 54 56 44 52 47 58 61 61 51 45 26 19 27 28 23 27 45 59 50 42 34 20 25 20 9 2 1 1 2 2 1 0 0 0 0 1 1 2
3 6 10 9 4 1 1 1 1 1 1 0 0 0 0 0 0 0 0 0 0 0 0 0 0 0 0 0 0 0 0 0 0 0 0 0 0 0 0 0 0 1 0 0 1 2 2 6 14 23 46 39 25 27 47 65 45 54 69 66 55 40 44 56 42 29 36 27 17 37 45 29 20 29 39 34 38 25 25 21 19 5 2 3 5 2 2 1 1 0 0 0 0 1 1 1
6 11 8 12 7 2 2 3 2 1 1 0 0 0 0 0 0 0 0 0 0 0 0 0 0 0 0 0 0 0 0 0 0 0 0 0 0 0 1 1 1 1 1 1 1 2 1 2 5 7 22 45 60 52 44 65 49 60 75 70 71 33 29 27 24 25 28 36 14 43 39 42 31 27 15 16 17 8 11 14 10 10 13 7 12 3 2 2 0 0 0 0 1 1 1 2
13 14 14 14 10 6 6 4 4 2 1 0 0 0 0 0 0 0 0 0 0 0 0 0 0 0 0 0 0 0 0 0 0 0 0 0 0 0 1 2 3 5 3 2 2 2 3 4 6 8 13 22 33 66 65 57 74 70 51 62 72 70 53 32 19 10 18 34 18 43 51 43 31 20 23 35 32 42 46 35 31 36 26 11 5 2 2 1 0 0 0 0 1 2 2 3
34 17 13 7 15 10 6 4 2 1 1 0 0 0 0 0 0 0 0 0 0 0 0 0 0 0 0 0 0 0 0 0 0 0 1 0 1 0 1 2 5 5 10 6 4 5 7 11 17 16 24 37 45 43 50 53 66 70 69 67 43 54 44 67 59 23 16 21 43 58 56 57 57 51 25 38 55 72 61 53 50 24 7 2 5 2 0 0 0 0 0 0 1 2 4 4
43 28 13 5 8 7 3 2 1 0 0 0 0 0 0 0 0 0 0 0 0 0 0 0 0 0 0 0 0 0 0 1 1 0 1 0 1 1 1 2 3 6 10 14 10 8 15 16 20 33 25 44 52 48 49 55 39 42 63 57 58 56 28 41 32 27 11 43 50 44 46 40 38 47 44 68 50 44 64 55 38 14 15 8 3 2 1 0 0 0 0 0 0 1 4 12
32 25 9 3 3 3 2 1 1 1 1 1 1 0 0 0 0 0 0 0 0 0 0 0 0 0 0 0 0 0 0 1 1 0 1 1 1 3 5 3 5 10 13 19 18 9 18 28 39 39 32 64 58 54 51 52 53 17 20 25 15 23 40 39 15 33 41 64 25 19 24 24 35 53 70 71 66 36 50 29 26 19 11 7 4 1 1 0 0 0 0 0 1 1 2 6
26 13 5 3 2 1 2 2 1 1 1 1 0 0 0 0 0 0 0 0 0 0 0 0 0 0 0 0 0 0 0 0 0 1 3 2 3 4 2 6 13 10 21 23 25 12 18 30 35 45 51 60 54 57 57 38 33 36 43 41 36 42 36 29 28 5 25 12 13 15 38 63 66 67 57 64 67 63 52 35 32 16 12 7 3 2 0 0 0 1 1 1 1 1 2 5
34 21 15 11 9 5 6 5 4 2 1 1 0 0 0 0 0 0 0 0 0 0 0 0 0 0 0 0 0 1 1 0 0 2 4 4 6 5 4 5 5 6 4 4 10 22 38 35 41 38 46 54 53 56 52 62 48 20 64 64 43 38 33 26 30 11 23 30 42 39 56 60 65 76 67 50 65 52 54 30 29 28 14 5 3 0 0 0 0 1 2 2 2 2 4 6
45 33 39 30 12 2 1 3 4 2 1 1 1 0 0 0 0 0 0 0 0 0 0 0 0 0 0 1 1 1 1 2 1 1 4 6 8 6 9 4 6 8 9 6 7 8 28 48 52 53 35 36 52 55 55 54 52 67 49 38 44 57 60 56 21 9 27 40 47 50 58 37 50 52 50 54 58 66 62 57 45 24 15 4 1 0 0 0 1 1 2 1 2 6 9 16
55 52 21 8 2 1 7 6 3 1 1 2 2 1 0 0 0 0 0 0 0 0 0 0 0 0 0 0 1 2 2 3 1 2 2 6 11 15 16 7 17 10 18 14 9 11 12 20 58 71 49 33 50 64 53 53 53 44 62 60 42 45 61 53 15 21 15 12 47 70 72 66 62 63 48 63 64 60 42 44 28 16 21 8 1 1 0 0 1 1 2 2 2 4 8 17
48 24 16 6 4 7 10 5 2 1 2 2 1 1 0 0 0 0 0 0 0 0 0 0 0 0 0 1 2 3 3 4 2 1 1 4 4 8 14 15 30 31 19 29 28 10 13 46 55 63 52 35 42 41 64 49 41 48 31 35 35 57 52 40 26 22 31 37 37 26 56 70 66 78 68 53 75 59 39 32 33 17 4 11 2 1 0 0 1 1 3 3 3 3 6 7
22 27 29 10 8 18 8 7 8 4 2 1 0 0 0 0 0 0 0 0 0 0 0 0 0 0 1 1 3 2 6 5 3 2 3 3 4 7 4 23 28 41 38 22 45 21 23 54 55 32 68 35 45 39 42 72 58 49 74 60 32 35 40 40 22 25 24 24 37 61 62 69 73 56 76 59 46 40 51 22 23 15 4 2 2 0 0 0 1 1 3 2 7 14 15 9
27 28 33 34 29 22 18 10 4 2 1 0 0 0 1 0 0 0 0 0 0 0 0 0 0 0 0 1 1 2 3 3 6 10 6 5 5 7 7 12 16 35 36 54 43 36 33 57 47 38 62 61 24 39 42 22 20 21 47 45 52 20 26 26 21 39 36 50 39 61 71 63 51 64 49 67 51 52 42 29 26 4 1 0 0 0 0 1 1 1 2 2 8 19 16 16
57 51 50 31 31 19 8 7 2 2 1 1 2 1 0 0 0 0 0 0 0 0 0 0 0 0 1 1 1 2 7 7 11 16 15 12 7 7 16 10 20 16 24 62 61 54 45 59 28 30 47 33 29 31 35 46 25 22 23 24 23 45 47 34 29 18 40 50 30 24 15 23 34 28 46 42 51 50 34 25 15 5 1 1 0 0 0 1 1 2 2 2 5 10 14 20
59 46 38 39 24 6 3 4 3 3 2 3 2 1 0 0 0 0 0 0 0 0 0 0 0 1 1 1 2 2 6 12 19 19 20 31 8 6 13 22 22 26 34 48 67 52 39 56 64 60 39 55 80 37 43 47 35 23 23 32 12 13 23 25 46 13 20 32 57 54 38 32 30 8 7 14 23 24 30 17 7 4 2 0 0 0 1 1 1 1 2 3 7 4 8 10
52 33 27 26 15 10 7 3 5 5 3 1 0 0 0 0 0 0 0 0 0 0 0 0 1 1 2 3 4 6 7 14 36 28 17 39 18 13 15 16 29 29 45 48 62 49 34 48 67 76 51 53 70 61 35 45 45 43 26 32 38 29 20 18 40 11 31 61 54 58 59 59 41 35 28 19 8 11 13 17 9 1 0 0 0 0 1 1 2 1 2 3 4 6 14 22
30 29 37 19 18 14 9 14 3 1 0 0 1 1 1 0 0 0 0 0 0 0 0 0 1 1 2 5 9 9 24 28 37 42 42 23 38 25 20 26 45 45 49 55 36 56 71 51 40 21 48 44 25 60 55 38 48 40 25 15 20 39 21 15 21 40 45 45 56 58 63 55 36 55 52 47 32 21 8 5 5 1 0 0 0 0 0 0 1 2 2 3 4 5 8 11
51 33 45 27 21 42 22 6 4 2 2 3 3 1 0 0 0 0 0 0 0 0 0 0 1 1 3 5 8 15 22 45 62 61 55 55 40 58 47 32 53 66 51 32 44 64 71 66 42 44 41 55 53 35 42 41 40 32 33 21 12 25 26 7 8 16 27 42 50 58 72 81 65 53 61 56 61 32 14 3 2 1 0 0 0 0 0 1 1 1 2 3 6 7 9 14
49 43 26 21 18 9 13 12 11 8 5 2 1 0 0 0 0 0 0 0 0 0 0 0 1 1 2 4 7 8 13 34 52 76 70 43 52 68 66 37 44 73 54 48 34 57 70 66 78 57 45 41 56 71 52 22 44 51 46 20 14 10 8 7 22 16 60 69 82 54 40 68 75 45 17 25 35 31 11 3 1 1 0 0 0 0 1 1 1 2 3 4 6 9 9 12
30 37 31 17 8 4 2 10 5 3 3 1 0 0 0 0 0 0 0 0 0 0 0 1 2 3 5 4 5 4 8 19 33 60 80 38 32 76 73 43 42 65 70 46 45 55 55 66 70 64 20 20 44 52 30 28 41 35 35 48 15 12 11 13 16 36 18 16 37 84 55 36 45 50 17 9 12 26 9 2 1 0 0 0 0 0 0 0 1 2 3 3 6 7 16 19
33 29 21 15 17 17 7 7 4 2 1 1 1 0 0 0 0 0 0 0 0 0 0 1 2 4 5 6 10 14 10 15 20 31 53 74 45 45 79 73 45 45 68 53 43 50 52 64 74 70 48 20 63 48 40 30 23 8 10 18 12 6 4 21 22 21 24 49 49 61 66 40 32 12 7 3 1 6 7 1 0 0 0 0 0 0 1 1 1 2 2 2 5 7 6 10
18 15 10 15 9 11 4 7 4 3 1 1 0 0 0 0 0 0 0 0 0 0 0 0 1 3 3 4 5 5 23 16 22 18 39 57 81 45 30 70 63 47 72 54 34 46 48 62 50 58 64 30 28 33 26 46 15 15 11 9 7 13 13 28 19 31 42 39 37 67 63 40 28 32 16 7 1 1 3 2 0 0 0 0 0 1 1 1 1 2 2 6 9 11 14 12
23 20 29 37 14 12 5 6 3 2 1 0 0 0 0 0 0 0 0 0 0 0 0 0 1 2 2 7 10 8 27 50 70 62 66 77 70 64 51 37 38 62 62 48 31 34 53 60 60 39 65 30 31 30 29 39 28 11 13 25 12 10 15 27 72 51 61 56 47 50 26 39 44 41 24 9 3 1 1 1 0 0 0 0 0 1 1 1 1 1 3 4 7 10 18 26
35 34 26 22 15 13 7 4 2 1 1 0 0 0 0 0 0 0 0 0 0 0 0 0 1 1 1 1 4 17 23 36 47 57 29 28 46 70 69 69 31 29 70 52 32 43 39 26 61 36 22 39 13 28 16 14 28 9 14 15 10 8 28 30 58 50 35 37 32 31 53 54 61 43 30 13 1 1 1 0 0 0 0 0 0 0 0 0 1 1 2 2 3 4 9 14
8 11 13 14 10 9 10 6 4 2 1 1 1 0 0 0 0 0 0 0 0 0 0 0 0 1 1 3 6 7 17 11 10 17 35 56 63 41 58 77 77 61 57 45 54 30 32 24 14 16 25 11 26 17 30 9 9 13 7 7 4 7 10 19 15 14 28 46 47 61 68 60 37 26 7 13 4 2 0 0 0 0 0 0 0 1 0 1 1 3 2 6 5 3 10 19
6 4 7 7 4 4 8 6 3 3 2 1 1 0 0 0 0 0 0 0 0 0 0 0 0 0 1 1 2 3 9 15 12 33 45 53 45 48 44 70 49 39 33 41 52 48 50 21 18 42 17 23 11 21 33 13 6 5 10 5 9 10 37 34 41 38 52 58 61 63 68 48 42 24 6 2 2 1 0 0 0 0 0 0 0 0 1 1 2 1 1 4 3 5 6 8
11 10 9 7 3 1 2 5 4 3 1 1 1 0 0 0 0 0 0 0 0 0 1 1 0 0 0 1 0 2 4 13 16 47 55 54 54 42 43 30 39 30 28 22 28 38 58 25 19 19 9 10 18 27 26 15 13 14 5 8 34 20 40 67 47 47 56 57 59 75 71 70 50 23 9 4 1 0 0 0 0 0 0 0 0 1 1 1 1 2 4 4 6 9 11 13
23 23 11 8 6 6 5 6 2 2 1 1 0 0 0 0 0 0 0 1 1 1 2 2 1 1 1 2 3 3 3 7 19 36 65 63 42 54 44 31 41 41 40 38 29 20 12 37 28 14 17 14 14 15 2 27 16 5 5 13 31 45 40 76 74 78 79 46 28 25 64 72 86 56 11 5 2 1 0 0 0 0 0 1 0 1 1 1 2 3 4 8 6 11 18 14
32 16 16 30 23 12 7 5 3 1 1 1 0 0 0 0 0 0 1 2 3 1 2 3 4 2 2 4 4 6 7 4 18 32 52 38 57 41 40 31 42 41 28 44 25 14 14 10 14 7 20 12 7 8 12 5 3 7 5 26 50 54 50 82 88 79 80 91 78 55 47 52 66 43 31 9 5 1 0 0 0 0 0 0 1 1 1 2 3 3 5 6 12 11 13 29
11 5 3 17 11 6 5 2 1 1 1 0 0 0 0 0 0 0 1 1 4 8 5 6 5 3 5 6 7 7 8 10 12 29 34 30 24 36 39 32 51 41 43 53 31 26 21 14 19 7 25 9 4 3 12 14 1 3 17 19 31 26 17 58 84 71 75 86 91 80 35 18 11 15 19 1 0 0 0 0 0 0 0 0 1 1 0 1 1 3 6 4 6 8 17 22
