sesion_6_simulaciones/modelos_agentes/ejemplos_netlogo/scenarios/echam4_a2/rob_2088.asc
NCOLS 322 
NROWS 307 
XLLCORNER 451900 
YLLCORNER 4086900 
CELLSIZE 100 
NODATA_value -9999 
[rows 219 to 291 of 307, columns 0 to 95 of 322]
0 0 0 0 1 3 5 2 3 0 1 1 1 0 1 1 1 3 1 1 0 3 1 2 1 4 3 5 3 5 5 12 8 8 18 19 9 7 6 12 6 8 9 18 18 12 14 5 9 11 11 34 54 30 41 62 64 38 64 65 71 83 59 70 50 47 49 48 41 18 32 32 25 29 33 29 19 12 5 4 3 1 1 0 0 1 2 5 3 3 3 2 2 9 19 44
0 1 1 1 2 3 6 5 2 2 3 2 2 1 1 1 1 0 0 1 1 4 1 1 3 4 2 13 9 7 10 14 9 9 10 3 2 4 2 11 9 8 8 11 11 9 8 6 8 16 19 37 40 45 11 23 62 76 76 58 15 13 34 35 75 55 48 67 37 24 25 31 42 26 10 11 6 7 4 3 1 1 0 0 0 3 5 11 13 7 7 7 3 9 25 24
0 0 1 1 1 2 4 3 1 1 1 2 4 3 1 1 1 1 1 1 0 1 8 3 2 1 1 4 7 4 5 6 10 3 8 1 3 2 1 10 6 6 11 10 5 8 12 8 26 36 17 11 14 12 8 11 46 55 45 27 42 34 32 48 38 39 42 31 56 42 48 30 30 31 22 19 11 8 2 2 1 1 0 0 2 5 9 21 30 19 17 9 8 25 35 34
0 0 0 1 1 1 3 4 1 2 2 2 5 2 2 1 1 0 0 1 2 3 4 4 2 2 2 4 7 2 2 5 5 1 4 3 1 2 3 11 3 3 5 4 3 10 6 13 18 48 46 20 15 18 17 10 18 33 19 30 40 27 23 54 38 52 36 49 45 45 43 41 22 17 14 11 7 6 1 1 0 0 0 1 2 7 15 34 36 22 17 16 27 39 61 46
0 0 0 0 0 1 1 4 3 1 1 2 3 2 1 1 1 2 2 2 2 4 2 9 3 3 3 2 2 3 2 3 1 2 4 1 1 1 2 6 4 2 1 3 1 1 3 3 4 28 39 25 30 19 16 18 11 15 29 38 35 57 33 42 59 41 45 51 61 41 26 26 19 14 8 5 4 4 2 1 1 1 1 4 6 9 17 25 45 46 23 31 41 46 14 17
0 1 2 6 2 2 2 4 3 4 4 7 3 2 2 2 2 3 1 1 8 1 2 2 2 1 1 4 2 2 1 1 1 2 1 1 1 1 1 3 2 1 1 7 7 7 8 11 12 6 10 23 15 14 11 12 13 23 27 33 41 52 37 75 76 59 52 45 43 32 24 25 15 11 10 4 3 1 1 0 0 1 3 8 13 23 16 35 61 57 30 40 49 45 16 16
1 1 2 6 8 9 2 2 1 6 4 3 2 1 1 2 0 0 0 3 1 2 4 2 1 2 1 1 1 0 1 1 1 0 0 2 1 1 1 2 1 2 3 2 3 11 9 26 33 16 9 13 9 16 8 10 15 31 29 31 49 36 33 31 46 43 36 39 27 21 23 14 12 11 6 3 2 1 0 0 1 2 7 11 15 34 40 43 70 66 59 61 37 30 20 21
0 0 1 1 2 21 8 1 3 3 4 1 3 3 0 0 0 0 1 5 1 2 2 1 1 1 1 0 1 0 1 2 1 0 1 1 1 1 0 1 2 5 7 2 6 11 16 9 41 60 13 13 5 9 10 19 19 21 28 26 23 21 31 21 21 36 50 35 22 13 11 9 15 5 3 2 1 0 1 1 1 4 13 13 15 36 59 64 67 75 61 39 35 23 19 14
0 0 1 1 3 4 2 2 1 2 3 3 6 1 0 0 1 2 4 6 1 1 1 2 1 1 1 0 0 1 0 1 2 0 0 0 0 1 5 7 2 2 2 13 6 11 28 18 19 8 16 22 19 18 19 25 34 26 31 30 31 19 24 19 21 31 30 14 10 15 10 5 4 3 3 1 0 1 2 4 5 7 18 20 18 33 61 80 67 17 18 12 16 21 15 12
0 0 1 2 2 2 2 2 1 3 2 2 2 1 2 4 4 4 3 4 1 1 1 1 0 0 1 0 0 1 0 0 0 0 0 1 0 0 3 8 5 2 7 7 48 21 10 13 16 16 12 31 28 27 35 37 24 35 23 18 19 7 3 5 16 19 18 14 11 9 7 5 3 3 1 0 1 3 6 7 11 18 18 26 40 46 46 77 50 26 25 22 19 23 16 22
0 0 1 1 2 2 3 2 2 1 2 3 2 3 3 5 2 1 2 1 1 0 0 0 0 0 0 0 0 0 0 0 0 0 1 1 1 1 1 2 3 2 2 3 16 58 26 15 14 17 15 17 18 31 47 53 33 32 13 15 6 6 8 25 28 21 7 7 10 6 2 2 1 1 1 2 7 7 9 12 26 21 37 32 58 63 57 55 35 27 34 50 28 23 16 16
0 0 1 1 2 2 3 1 1 1 1 1 1 3 1 3 2 1 1 1 0 0 0 0 0 0 0 0 0 0 0 0 0 0 0 1 1 2 1 1 3 8 6 11 21 10 15 10 8 12 11 12 22 27 28 36 47 38 38 19 23 18 11 17 23 16 6 6 3 2 1 1 1 1 2 4 9 11 12 20 38 27 45 39 35 69 80 52 40 52 64 53 28 18 18 8
0 0 1 1 1 1 1 3 0 1 1 1 1 1 1 2 1 0 0 0 0 0 0 0 0 0 0 0 0 0 0 0 1 0 0 0 2 1 2 2 1 2 22 40 54 23 9 5 15 19 22 10 17 29 27 35 38 17 27 38 22 16 10 18 9 16 9 4 3 2 2 3 2 3 4 8 12 25 33 42 50 46 49 31 24 41 68 40 33 67 63 39 27 24 19 12
0 0 0 1 1 1 0 1 0 1 0 0 0 1 1 0 1 0 0 0 0 0 0 0 0 0 0 0 0 0 0 0 0 1 1 1 0 1 2 1 2 3 4 13 17 12 14 7 16 14 26 17 18 21 24 49 34 27 11 10 14 10 4 8 3 15 10 8 4 5 3 2 3 4 9 12 18 37 45 59 62 69 50 34 25 28 43 44 55 51 36 24 15 16 24 22
0 0 0 0 0 1 0 0 0 0 0 0 0 0 0 0 0 0 0 0 0 0 0 0 0 0 0 0 0 0 0 0 0 0 0 0 0 1 1 1 2 5 18 13 14 7 9 4 6 9 17 15 18 28 39 29 29 15 6 1 11 24 10 19 17 14 13 12 8 2 1 4 6 11 11 13 22 50 51 67 78 67 54 53 27 31 68 68 57 41 41 31 26 33 29 15
0 0 0 0 0 0 1 1 2 0 0 0 0 0 0 0 0 0 0 0 0 0 0 0 0 0 0 0 0 0 0 0 0 0 0 1 1 2 2 3 5 8 13 24 25 31 44 17 18 34 28 19 20 19 20 25 15 9 6 14 12 30 35 22 14 9 4 2 4 1 3 11 12 15 22 15 31 51 59 67 60 73 57 59 41 71 48 53 38 54 55 58 48 38 27 21
0 0 0 0 0 0 0 0 0 0 0 0 0 0 0 0 0 0 0 0 0 0 0 0 0 0 0 0 0 0 1 2 1 1 3 1 2 1 2 3 7 10 10 29 17 12 17 4 10 27 44 40 22 16 18 21 25 23 44 28 19 23 17 21 10 3 2 1 2 1 11 15 29 19 31 21 24 38 60 67 79 62 64 54 65 43 46 53 31 37 70 66 59 32 28 40
0 0 0 0 0 0 0 0 0 0 0 0 0 0 0 0 0 0 0 0 0 0 0 0 0 0 0 0 0 0 0 1 8 2 6 21 16 7 9 7 3 25 30 23 44 36 45 23 21 31 32 32 39 20 22 45 44 35 26 18 22 39 32 13 2 1 4 3 1 1 5 14 38 43 38 23 28 22 40 39 72 75 69 33 28 72 39 52 57 63 49 58 54 51 41 41
0 0 0 0 0 0 0 0 0 0 0 0 0 0 0 0 0 0 0 0 0 0 0 0 0 0 0 0 0 0 0 0 0 7 4 21 26 25 23 19 18 10 47 52 58 33 61 31 24 29 21 22 14 19 9 11 20 27 26 21 19 15 5 2 1 4 6 3 2 4 11 19 30 47 47 26 30 37 37 34 54 68 59 21 53 53 41 66 73 55 62 62 62 50 66 60
0 0 0 0 0 0 0 0 0 0 0 0 0 0 0 0 0 0 0 0 0 0 0 0 0 0 0 0 0 0 0 0 0 1 1 7 38 11 37 14 19 21 22 51 43 42 30 18 47 41 34 33 40 39 30 20 22 19 18 18 16 5 4 2 5 3 4 3 2 5 10 26 35 54 70 46 33 40 53 52 57 65 37 30 50 19 11 28 48 30 32 54 49 57 47 32
0 0 0 0 0 0 0 0 0 0 0 0 0 0 0 0 0 0 0 0 0 0 0 0 0 0 0 0 0 0 0 0 0 2 1 2 14 25 32 33 34 26 34 30 36 53 50 30 14 40 39 41 39 47 45 28 22 11 15 12 8 7 6 11 3 1 2 2 4 10 20 17 39 42 60 65 37 33 37 62 53 73 23 25 56 23 27 27 24 21 22 40 45 45 20 10
0 0 0 0 0 0 0 0 0 0 0 0 0 0 0 0 0 0 0 0 0 0 0 0 0 0 0 0 0 0 1 0 1 2 3 4 5 27 19 29 10 16 12 22 22 27 9 37 26 25 37 29 31 40 44 46 40 32 26 35 21 15 12 5 3 1 1 4 12 19 29 33 35 39 38 66 70 42 60 40 63 52 36 60 21 27 34 35 47 55 38 49 52 41 23 11
0 0 0 0 0 0 0 0 0 0 0 0 0 0 0 0 0 0 0 0 0 0 0 0 0 0 0 0 0 0 0 0 1 2 4 9 5 7 9 6 13 9 4 6 11 21 20 33 20 20 33 30 31 27 29 32 30 24 21 18 9 7 6 3 2 2 4 10 24 22 26 36 46 36 42 37 80 34 34 53 57 33 39 52 45 42 33 64 66 33 42 39 38 19 12 10
0 0 0 0 0 0 0 0 0 0 0 0 0 0 0 0 0 0 0 0 0 0 0 0 0 0 0 0 0 0 1 1 1 2 3 10 12 8 6 3 4 7 11 12 22 25 21 14 20 32 29 28 23 31 28 29 28 14 13 11 8 4 2 1 3 5 11 21 23 27 43 25 13 43 71 53 69 39 38 47 49 41 31 44 32 23 25 53 51 54 33 32 28 17 15 6
0 0 0 0 0 0 0 0 0 0 0 0 0 0 0 0 0 0 0 0 0 0 0 0 0 0 0 0 0 0 0 1 1 3 3 9 12 27 20 8 9 6 7 9 13 12 17 12 10 21 21 28 31 29 19 21 17 11 13 11 8 5 1 3 3 11 27 22 27 34 39 39 26 43 60 42 59 65 34 38 38 47 51 52 33 46 34 42 53 53 44 42 25 21 12 13
0 0 0 0 0 0 0 0 0 0 0 0 0 0 0 0 0 0 0 0 0 0 0 0 0 0 0 1 1 1 1 1 2 4 6 7 11 20 33 34 14 11 12 19 23 15 10 16 27 23 36 38 22 19 29 22 31 22 11 10 4 4 4 7 4 18 27 40 48 50 42 44 30 42 71 37 18 49 68 34 50 51 48 42 32 29 10 31 55 53 37 24 24 24 32 29
0 0 0 0 0 0 0 0 0 0 0 0 0 0 0 0 0 0 0 0 0 0 0 0 0 0 0 0 0 2 3 3 4 7 6 5 13 28 37 35 18 17 17 26 29 37 24 40 29 19 10 13 21 26 10 16 14 15 6 9 9 5 4 10 16 25 32 49 59 57 51 55 39 45 58 61 20 34 42 38 39 22 18 12 19 34 19 27 39 39 35 31 33 31 32 29
0 0 0 0 0 0 0 0 0 0 0 0 0 0 0 0 0 0 0 0 0 0 0 0 0 0 0 0 0 1 1 9 18 6 8 13 12 16 34 40 39 46 33 21 37 56 32 36 34 23 24 28 18 31 19 13 17 21 21 17 8 3 9 15 24 25 32 55 53 67 55 63 35 35 48 58 41 17 46 19 15 9 20 16 20 10 12 22 47 52 34 35 42 40 34 17
0 0 0 0 0 0 0 0 0 0 0 0 0 0 0 0 0 0 0 0 0 0 0 0 0 0 0 0 0 0 0 0 6 7 7 8 7 21 20 17 17 14 13 15 25 47 30 32 30 32 27 23 17 12 10 19 26 21 16 14 4 2 7 9 19 38 51 53 47 56 76 53 55 29 27 50 36 48 23 13 17 13 14 17 27 15 26 40 42 24 30 47 57 41 35 16
0 0 0 0 0 0 0 0 0 0 0 0 0 0 0 0 0 0 0 0 0 0 0 0 0 0 0 0 1 1 0 1 2 2 1 3 7 14 9 16 9 11 6 12 15 20 23 39 23 23 23 25 32 29 9 16 20 27 22 10 2 1 2 15 18 33 29 25 28 30 49 68 73 26 17 38 17 40 11 21 11 13 9 19 26 32 40 21 37 36 46 58 38 31 24 16
0 0 0 0 0 0 0 0 0 0 0 0 0 0 0 0 0 0 0 0 0 0 0 0 0 0 0 0 0 0 0 1 2 4 3 3 12 18 18 17 20 18 35 31 20 23 28 36 35 28 14 24 23 20 25 23 23 15 10 5 1 2 5 10 22 32 38 57 40 23 35 37 50 52 26 24 36 23 18 16 7 19 24 20 12 31 40 37 52 61 43 44 27 21 17 24
0 0 0 0 0 0 0 0 0 0 0 0 0 0 0 0 0 0 0 0 0 0 0 0 1 2 1 0 1 2 2 1 3 4 5 6 12 24 21 23 32 24 20 24 25 27 43 52 38 32 38 35 45 47 35 17 14 16 11 6 2 8 6 13 30 39 54 62 57 33 23 24 38 50 51 23 43 21 24 25 24 16 24 34 31 33 50 48 44 58 61 37 40 33 18 19
0 0 0 0 0 0 0 0 0 0 0 0 0 0 0 0 0 0 0 0 0 0 0 0 1 2 2 1 0 1 2 2 1 2 5 5 7 12 12 32 47 24 31 34 49 48 45 53 46 42 49 59 45 34 34 29 26 15 12 5 3 10 12 26 38 51 68 58 37 37 30 35 33 23 14 52 41 22 17 17 13 19 37 36 43 55 55 67 59 57 38 31 29 34 25 18
0 0 0 0 0 0 0 0 0 0 0 0 0 0 0 0 0 0 0 0 0 0 0 1 1 0 1 1 1 2 2 3 2 1 3 3 8 12 21 23 18 22 53 52 62 56 44 33 33 34 20 35 44 30 26 25 16 14 13 4 3 11 10 30 46 56 61 54 48 55 42 33 54 45 30 25 36 29 12 17 21 33 38 25 39 45 48 40 59 37 27 26 40 32 25 22
0 0 0 0 0 0 0 0 0 0 0 0 0 0 0 0 0 0 0 0 0 0 0 1 0 0 1 2 3 9 30 3 7 5 4 2 6 28 21 24 40 10 14 7 14 32 23 41 28 37 32 38 41 40 22 15 17 16 14 5 4 15 16 29 53 71 57 49 36 68 74 24 51 59 51 31 18 19 19 11 20 20 28 48 41 40 32 32 42 40 44 50 47 43 24 10
0 0 0 0 0 0 0 0 0 0 0 0 0 0 0 0 0 0 0 0 0 0 0 0 0 0 0 2 2 2 6 29 7 13 13 13 17 20 16 18 30 34 26 36 41 29 34 53 44 47 46 30 28 29 27 21 24 23 20 8 9 23 46 48 56 58 54 48 37 30 53 65 26 41 44 41 26 12 27 20 33 37 28 23 39 41 34 29 35 60 57 54 38 24 24 10
0 0 0 0 0 0 0 0 0 0 0 0 0 0 0 0 0 0 0 0 0 0 0 1 0 0 0 0 1 2 1 3 12 10 23 27 16 4 6 6 15 22 22 31 47 53 43 30 51 48 36 50 48 33 27 39 24 22 20 7 13 30 54 64 71 70 47 38 62 48 28 21 48 45 25 36 20 17 43 42 13 13 18 27 31 26 45 38 45 34 37 27 17 20 11 10
0 0 0 0 0 0 0 0 0 0 0 0 0 0 0 0 0 0 0 0 0 0 0 1 0 0 0 0 1 1 1 1 1 2 3 4 4 4 5 4 4 10 9 13 34 38 30 53 53 53 51 49 49 46 45 42 37 24 20 6 23 36 49 69 72 63 45 53 48 65 37 32 14 11 19 17 39 26 14 22 19 32 33 44 40 37 53 52 32 24 26 30 21 8 11 11
0 0 0 0 0 0 0 0 0 0 0 0 0 0 0 0 0 0 0 0 0 0 0 0 0 0 0 1 1 2 3 1 5 7 12 12 12 11 13 6 6 8 30 39 45 31 42 43 50 55 56 50 51 49 45 43 38 24 14 5 10 32 65 70 59 69 47 52 47 37 72 38 22 11 5 32 16 28 22 25 31 48 51 48 41 54 46 41 28 26 27 28 17 11 16 18
0 0 0 0 0 0 0 0 0 0 0 0 0 0 0 0 0 0 0 0 0 0 0 0 0 1 0 1 1 2 1 4 5 4 6 9 8 10 5 10 28 40 20 24 21 35 37 36 51 46 58 59 53 48 46 47 28 26 16 12 9 20 42 67 81 65 43 51 42 33 25 33 31 5 3 8 34 37 39 33 33 38 45 57 51 36 45 35 55 37 27 24 10 19 12 36
0 0 0 0 0 0 0 0 0 0 0 0 0 0 0 0 0 0 0 0 0 0 0 1 1 0 0 1 0 1 1 10 3 4 7 10 11 8 13 16 38 32 33 33 40 44 48 45 60 56 60 54 55 50 48 33 28 23 24 13 15 21 43 55 70 53 61 62 44 56 44 36 24 7 6 12 22 20 31 26 30 31 33 42 35 34 38 46 56 56 29 31 22 27 22 41
0 0 0 0 0 0 0 0 0 0 0 0 0 1 0 0 0 0 0 0 0 0 0 0 0 0 1 0 1 1 3 2 5 7 7 8 10 14 22 20 16 27 35 45 44 51 48 62 60 43 41 44 43 53 54 38 34 25 22 10 17 27 42 50 58 45 36 49 61 40 50 30 23 7 12 18 20 26 19 18 26 29 24 22 25 30 33 37 34 45 44 41 20 35 39 35
0 0 0 0 0 0 0 0 0 0 0 0 0 0 0 0 0 0 0 0 0 0 0 0 0 0 0 0 1 2 4 4 5 6 6 8 15 17 22 20 25 40 47 36 32 50 57 58 48 49 47 50 45 41 41 50 46 30 16 10 18 35 47 50 45 45 34 33 54 65 45 29 17 37 23 9 6 11 19 25 21 29 31 33 24 35 23 41 35 31 40 37 20 33 32 28
0 0 0 0 0 0 0 0 0 0 0 0 0 0 0 0 0 0 0 0 0 0 0 0 0 0 0 1 2 1 1 1 4 4 7 10 14 15 17 19 25 36 28 34 52 50 54 62 45 51 49 49 44 32 36 47 31 30 28 13 13 24 58 57 57 43 36 28 25 24 25 19 16 19 3 6 10 13 12 15 19 20 20 39 35 36 34 36 31 33 37 23 21 35 29 38
0 0 0 0 0 0 0 0 0 0 0 0 0 0 0 0 0 0 0 0 0 0 0 1 0 0 0 1 0 1 1 2 3 3 6 9 12 14 11 29 23 18 23 40 19 36 56 62 63 61 34 38 38 47 49 40 35 40 28 13 6 20 32 50 49 44 69 40 35 29 20 7 11 17 8 10 15 13 14 15 24 23 30 34 38 14 19 18 27 46 37 14 27 42 42 39
0 0 0 0 0 0 0 0 0 0 0 0 0 0 0 0 0 0 0 0 0 0 0 0 0 0 0 0 0 1 1 1 1 3 4 12 6 7 15 13 12 31 44 20 38 41 46 55 50 37 36 49 52 52 51 55 50 45 32 18 10 21 42 42 42 56 63 70 27 31 17 7 6 22 18 6 11 19 26 13 16 20 32 32 25 11 32 32 27 22 16 7 31 41 37 32
0 0 0 0 0 0 0 0 0 0 0 0 0 0 0 0 0 0 0 0 0 0 0 0 0 0 0 0 0 1 2 2 1 3 4 6 5 10 15 17 13 12 19 31 32 39 31 39 42 47 47 60 61 40 47 48 51 36 35 20 14 32 35 46 50 48 56 56 38 32 15 14 14 19 8 6 8 10 18 21 15 43 36 20 30 36 32 29 18 10 9 20 35 40 34 33
0 0 0 0 0 0 0 0 0 0 0 0 0 0 0 0 0 0 0 0 0 0 0 0 0 0 0 0 1 1 1 1 1 2 5 3 11 10 15 7 6 8 14 27 40 38 40 48 53 57 56 57 48 39 36 35 35 35 37 34 21 37 45 52 56 49 37 26 37 43 23 5 9 19 5 6 19 21 24 32 31 23 27 28 34 39 20 26 17 14 15 32 33 34 22 31
0 0 0 0 0 0 0 0 0 0 0 0 0 0 0 0 0 0 0 0 0 0 0 0 0 0 0 0 0 0 0 1 1 1 6 2 1 1 1 5 7 18 30 39 45 43 41 49 39 59 45 44 55 40 46 34 31 35 33 33 23 45 50 45 53 43 32 13 22 27 20 7 11 13 5 3 7 25 31 32 38 18 28 31 31 37 22 19 33 17 29 29 15 33 31 29
0 0 0 0 0 0 0 0 0 0 0 0 0 0 0 0 0 0 0 0 0 0 0 0 0 0 0 0 0 0 1 1 1 5 1 1 2 4 6 7 15 27 24 34 44 52 51 50 40 45 46 48 52 53 50 48 43 34 33 19 36 46 59 69 53 41 27 26 25 18 18 5 7 8 13 7 10 12 24 33 29 36 25 32 36 32 27 9 13 26 23 13 20 23 43 26
0 0 0 0 0 0 0 0 0 0 0 0 0 0 0 0 0 0 0 0 0 0 0 0 0 0 0 0 0 0 1 1 1 1 0 1 1 2 5 25 14 18 28 35 41 50 42 40 39 33 41 45 50 40 49 39 46 47 32 32 37 59 44 54 45 34 24 30 24 12 21 11 5 10 9 8 10 14 16 21 32 29 22 24 33 26 16 5 13 33 14 21 27 24 39 22
0 0 0 0 0 0 0 0 0 0 0 0 0 0 0 0 0 0 0 0 0 0 0 0 0 0 0 0 0 0 1 3 1 0 0 1 1 4 7 11 13 25 28 20 28 35 40 44 34 40 40 44 47 49 50 49 48 47 34 33 34 37 39 36 43 52 30 43 33 13 7 5 8 7 11 14 9 11 11 14 22 23 22 32 38 27 13 7 26 24 23 37 39 24 28 19
0 0 0 0 0 0 0 0 0 0 0 0 0 0 0 0 0 0 0 0 0 0 0 0 0 0 0 0 0 0 1 1 0 0 1 0 1 1 3 11 20 12 11 41 40 25 36 42 43 41 41 44 44 45 48 50 47 33 32 33 34 51 28 29 21 33 46 39 26 17 16 10 4 7 4 6 5 8 17 24 19 27 24 42 45 13 8 26 19 24 33 37 27 14 23 21
0 0 0 0 0 0 0 0 0 0 0 0 0 0 0 0 0 0 0 0 0 0 0 0 0 0 0 0 1 0 1 0 0 0 1 2 1 2 4 7 11 10 20 9 20 19 34 50 39 40 43 44 45 43 47 48 33 23 34 44 32 44 33 31 26 30 27 47 14 8 3 5 3 2 2 6 12 11 11 15 19 20 43 44 22 10 17 22 25 19 21 27 34 22 22 19
0 0 0 0 0 0 0 0 0 0 0 0 0 0 0 0 0 0 0 0 0 0 0 0 0 0 0 0 1 0 0 0 0 0 1 2 2 2 2 4 6 11 11 9 14 44 35 32 34 50 44 40 43 45 45 44 29 21 40 40 54 53 32 29 20 31 28 20 19 5 2 2 2 4 4 10 9 13 13 20 18 29 24 18 12 17 27 29 20 31 26 17 16 19 14 11
0 0 0 0 0 0 0 0 0 0 0 0 0 0 0 0 0 0 0 0 0 0 0 0 0 0 0 0 0 0 0 0 0 1 2 1 1 2 1 1 2 7 17 18 24 21 29 35 46 36 39 54 26 41 42 29 17 37 43 39 64 48 26 31 18 13 16 21 12 1 5 2 2 4 5 8 9 14 19 18 19 31 15 20 14 24 27 28 20 19 23 14 13 17 20 14
0 0 0 0 0 0 0 0 0 0 0 0 0 0 0 0 0 0 0 0 0 0 0 0 0 0 0 0 0 0 0 0 0 1 2 1 1 1 1 2 4 6 12 25 15 18 23 43 30 33 52 42 42 42 29 28 16 33 51 45 46 44 24 26 26 14 12 7 10 1 1 4 4 3 4 6 14 15 27 31 26 28 12 9 13 25 31 30 31 24 20 19 12 13 24 16
0 0 0 0 0 0 0 0 0 0 0 0 0 0 0 0 0 0 0 0 0 0 0 0 0 0 0 0 0 0 0 0 1 1 0 0 1 1 1 1 2 5 10 18 21 15 35 22 39 48 34 35 41 41 29 27 16 30 50 46 33 32 14 13 20 8 13 2 3 1 1 4 1 4 5 7 12 28 59 34 37 14 9 12 20 22 27 27 17 9 13 24 8 9 16 27
0 0 0 0 0 0 0 0 0 0 0 0 0 0 0 0 0 0 0 0 0 0 0 0 0 0 0 0 0 0 0 0 0 0 0 0 0 0 1 2 3 6 10 14 12 8 21 31 33 31 39 33 36 39 38 23 23 27 49 56 34 24 14 9 15 9 2 3 4 1 2 2 2 3 5 9 29 18 22 33 13 8 10 21 20 25 31 23 11 11 16 8 4 5 9 24
0 0 0 0 0 0 0 0 0 0 0 0 0 0 0 0 0 0 0 0 0 0 0 0 0 0 0 0 0 0 0 0 0 0 0 0 0 0 1 1 1 4 4 6 13 6 6 7 17 22 37 33 33 36 24 14 26 34 44 36 42 25 8 6 6 6 2 1 2 0 0 1 2 4 7 17 25 29 29 31 14 7 11 19 19 37 39 25 14 12 14 13 11 5 7 14
0 0 0 0 0 0 0 0 0 0 0 0 0 0 0 0 0 0 0 0 0 0 0 0 0 0 0 0 0 0 0 0 0 0 0 0 0 0 0 1 3 3 2 6 3 6 8 16 18 31 25 32 36 23 21 12 19 30 43 30 25 9 7 6 5 1 1 1 1 0 0 1 1 1 8 27 28 27 17 19 7 10 17 17 19 34 26 8 12 17 8 15 6 6 7 14
0 0 0 0 0 0 0 0 0 0 0 0 0 0 0 0 0 0 0 0 0 0 0 0 0 0 0 0 0 0 0 0 0 0 0 0 0 0 1 1 1 2 5 3 4 5 13 15 24 18 21 26 33 20 8 18 21 49 32 23 14 10 4 8 4 1 1 2 0 0 1 2 3 9 18 17 18 9 10 6 7 16 15 15 17 34 28 5 5 14 8 17 6 6 7 23
0 0 0 0 0 0 0 0 0 0 0 0 0 0 0 0 0 0 0 0 0 0 0 0 0 0 0 0 0 0 0 0 0 0 0 0 0 0 1 0 2 2 1 3 4 8 11 21 23 20 31 23 18 20 11 18 19 36 39 11 9 6 2 1 2 2 0 1 1 1 2 1 3 6 6 16 14 12 5 13 9 14 16 24 17 25 26 8 8 8 4 18 6 6 6 11
0 0 0 0 0 0 0 0 0 0 0 0 0 0 0 0 0 0 0 0 0 0 0 0 0 0 0 0 0 0 0 0 0 0 0 0 0 0 1 1 3 2 5 2 4 10 15 10 13 28 24 17 15 16 9 24 31 21 18 12 4 3 3 1 2 2 1 0 0 1 1 1 4 5 11 8 12 17 9 17 16 13 15 20 12 12 14 11 13 7 5 17 5 5 4 8
0 0 0 0 0 0 0 0 0 0 0 0 0 0 0 0 0 0 0 0 0 0 0 0 0 0 0 0 0 0 0 0 0 0 0 0 0 0 0 1 1 1 5 3 5 10 4 8 16 16 13 15 12 14 12 22 20 19 9 7 2 1 1 1 1 1 0 0 0 2 1 2 4 9 9 13 16 19 10 13 13 18 14 15 9 6 10 9 8 6 6 16 5 4 5 6
0 0 0 0 0 0 0 0 0 0 0 0 0 0 0 0 0 0 0 0 0 0 0 0 0 0 0 0 0 0 0 0 0 0 0 0 0 0 0 1 0 1 2 4 4 5 6 7 11 11 11 11 9 10 14 10 13 19 5 2 3 1 1 1 0 0 0 0 0 0 1 6 11 8 8 10 11 5 7 9 10 15 12 14 7 10 14 14 9 7 4 9 8 2 5 6
0 0 0 0 0 0 0 0 0 0 0 0 0 0 0 0 0 0 0 0 0 0 0 0 0 0 0 0 0 0 0 0 0 0 0 0 0 0 1 0 0 0 2 1 5 3 4 3 9 11 7 7 6 6 9 12 9 11 4 2 1 1 0 0 0 0 0 0 0 1 1 4 5 4 5 7 4 5 9 8 9 13 13 5 8 7 10 10 6 6 3 5 6 2 2 6
0 0 0 0 0 0 0 0 0 0 0 0 0 0 0 0 0 0 0 0 0 0 0 0 0 0 0 0 0 0 0 0 0 0 0 0 0 0 1 0 0 0 2 1 3 2 3 6 5 7 7 6 5 11 11 5 8 3 2 1 1 1 0 0 0 0 0 0 1 0 2 4 8 11 14 5 5 5 7 11 14 7 9 4 6 9 8 6 4 5 2 4 5 4 1 2
0 0 0 0 0 0 0 0 0 0 0 0 0 0 0 0 0 0 0 0 0 0 0 0 0 0 0 0 0 0 0 0 0 0 0 0 0 0 2 1 0 1 0 2 2 1 5 2 4 4 3 4 3 7 10 4 3 2 2 1 0 0 0 0 0 0 0 0 0 0 1 3 7 18 10 5 5 7 5 11 9 7 5 5 2 6 6 6 4 4 1 3 2 2 1 1
0 0 0 0 0 0 0 0 0 0 0 0 0 0 0 0 0 0 0 0 0 0 0 0 0 0 0 0 0 0 0 0 0 0 0 0 0 0 1 1 0 1 0 2 1 1 1 1 2 2 4 2 2 3 4 9 1 1 1 0 0 0 0 0 0 0 0 0 0 0 2 3 3 14 8 3 7 6 5 6 8 6 4 3 2 5 4 6 3 3 1 2 2 1 1 1
0 0 0 0 0 0 0 0 0 0 0 0 0 0 0 0 0 0 0 0 0 0 0 0 0 0 0 0 0 0 0 0 0 0 0 0 0 0 0 1 0 0 0 1 0 1 1 1 2 1 2 1 2 1 3 2 2 1 0 0 0 0 0 0 0 0 0 0 0 1 1 3 5 5 4 6 5 5 4 3 4 4 5 2 2 3 3 3 3 1 1 2 1 1 1 0
0 0 0 0 0 0 0 0 0 0 0 0 0 0 0 0 0 0 0 0 0 0 0 0 0 0 0 0 0 0 0 0 0 0 0 0 0 0 0 0 1 1 0 0 0 0 0 1 1 0 1 1 1 1 1 2 1 1 0 0 0 0 0 0 0 0 0 0 1 1 3 3 4 2 5 5 4 6 5 2 2 3 2 3 3 3 1 2 1 1 1 3 1 1 1 0
0 0 0 0 0 0 0 0 0 0 0 0 0 0 0 0 0 0 0 0 0 0 0 0 0 0 0 0 0 0 0 0 0 0 0 0 0 0 0 0 1 1 0 0 0 0 1 0 1 0 1 1 1 1 1 0 0 0 0 0 0 0 0 0 0 0 0 0 1 1 3 5 1 2 3 2 4 2 2 1 1 1 2 2 2 1 1 1 1 0 0 2 1 1 1 0
