sesion_6_simulaciones/modelos_agentes/ejemplos_netlogo/scenarios/echam4_a2/rob_2059.asc
NCOLS 322 
NROWS 307 
XLLCORNER 451900 
YLLCORNER 4086900 
CELLSIZE 100 
NODATA_value -9999 
[rows 148 to 221 of 307, columns 0 to 95 of 322]
0 1 1 1 2 3 2 1 0 0 1 17 8 9 8 9 19 11 8 12 3 4 1 0 0 0 0 0 0 0 0 0 0 0 0 0 0 0 0 0 2 2 2 2 4 2 6 6 4 9 5 7 19 5 12 20 19 9 5 23 29 32 25 19 30 40 47 22 28 57 58 46 26 35 60 74 25 21 21 35 33 30 13 22 59 46 18 12 44 39 33 37 60 55 35 61
1 2 1 2 4 5 3 7 5 1 2 7 10 18 22 35 38 14 13 14 12 9 1 3 0 0 0 0 0 0 1 0 0 0 0 0 0 0 0 0 1 1 0 1 3 21 8 7 3 4 3 10 12 12 3 3 4 2 18 13 12 42 24 16 25 49 42 40 42 59 28 12 11 46 33 36 62 14 18 42 39 22 31 25 13 56 27 18 14 25 12 50 31 63 43 22
0 0 0 5 2 9 6 1 3 8 3 5 42 39 42 19 46 32 26 35 13 2 1 1 1 0 0 0 0 0 0 1 0 0 1 0 0 0 1 1 0 0 1 6 15 8 5 4 3 3 4 6 6 7 16 12 15 15 17 18 30 39 18 15 43 39 49 63 38 7 47 26 25 44 69 25 33 9 3 11 25 27 22 37 19 24 49 34 18 23 16 12 25 27 38 17
0 0 0 0 0 0 0 1 1 1 4 2 8 33 38 35 66 61 46 3 1 1 3 1 5 3 1 0 0 0 0 0 3 2 2 4 5 0 0 1 2 3 10 8 2 4 2 4 3 2 7 6 7 7 9 7 18 19 21 23 41 29 27 16 40 67 44 36 73 29 12 50 52 30 41 13 25 45 21 10 13 23 29 17 25 14 22 54 41 25 24 13 9 26 36 31
1 0 0 0 0 0 1 1 1 2 1 7 4 2 2 2 3 3 4 4 2 8 6 4 14 1 7 1 1 1 0 1 2 0 0 0 0 6 0 0 2 1 3 4 4 9 10 16 6 3 7 7 10 10 3 10 13 36 17 32 39 42 57 83 77 57 51 28 37 81 32 26 27 37 23 6 12 13 47 28 15 18 35 29 18 26 19 23 49 21 18 15 6 7 18 17
1 1 1 0 1 0 0 2 0 1 3 3 3 6 4 5 3 7 10 14 31 14 33 10 6 2 2 1 1 4 2 0 0 0 0 0 0 0 2 0 0 12 1 2 4 3 1 3 10 5 11 16 16 12 4 9 13 24 43 33 68 53 68 71 68 75 62 17 35 61 69 46 33 20 32 21 16 12 29 17 28 20 20 32 22 21 17 17 60 41 12 10 13 6 20 23
7 2 6 3 2 2 3 0 1 0 1 2 2 10 14 4 2 7 23 23 41 58 24 42 13 6 11 9 3 3 16 5 1 0 0 0 1 1 1 2 0 7 1 1 6 1 2 3 3 15 20 30 40 29 29 15 19 24 52 46 30 27 67 72 70 59 67 43 34 51 76 23 36 20 15 14 26 8 24 45 19 30 28 17 16 14 17 13 25 18 32 12 7 6 5 9
16 10 14 5 10 4 3 5 1 0 1 1 7 5 2 9 7 6 5 29 45 37 25 32 20 8 15 8 4 1 3 28 15 7 3 1 1 1 1 2 1 7 18 3 5 4 2 2 3 6 6 10 23 5 8 35 18 37 24 14 13 16 21 50 43 15 23 14 44 58 57 50 29 24 33 12 14 18 19 35 31 21 27 23 15 15 13 14 13 13 19 24 14 8 6 4
5 16 7 21 29 12 4 16 2 0 1 1 1 2 6 9 5 11 7 4 9 32 37 7 9 20 5 16 6 1 1 1 9 22 14 4 2 2 1 2 2 10 23 2 3 4 3 6 8 11 12 18 13 14 16 14 26 45 31 31 38 37 16 11 6 24 22 22 16 29 32 55 61 34 18 11 14 18 23 32 34 51 15 21 14 12 10 5 9 15 13 4 21 8 3 4
31 48 23 39 25 5 15 37 3 3 3 1 5 16 15 5 14 11 12 6 7 8 6 31 11 2 3 21 21 4 3 2 2 23 27 14 13 9 7 10 10 5 24 19 3 2 4 6 6 8 14 32 12 21 28 15 8 21 30 27 24 19 9 17 19 6 3 13 37 40 43 59 29 36 19 17 22 21 34 26 30 25 31 13 11 11 5 4 6 6 10 6 9 11 4 2
20 56 11 59 11 32 28 37 2 7 8 2 2 2 9 11 12 36 37 42 9 6 8 11 8 4 7 32 6 39 6 15 10 29 7 16 13 43 12 8 13 7 27 23 23 4 3 3 9 6 8 7 6 15 21 9 17 52 51 63 22 33 41 33 30 13 13 20 28 32 31 43 35 22 35 10 20 31 30 33 20 15 20 19 7 5 3 1 2 5 6 9 8 7 9 6
4 49 28 40 42 47 43 6 10 18 12 6 4 4 4 3 6 15 18 46 22 4 8 13 34 26 18 26 6 35 35 7 10 16 41 42 28 45 63 18 15 4 9 24 22 12 9 5 10 2 2 4 18 16 10 9 15 14 12 16 12 24 45 40 40 28 29 31 24 31 31 30 23 33 11 18 17 24 15 12 14 11 9 13 17 13 7 12 7 4 3 4 7 7 4 3
6 5 4 36 49 44 9 12 31 14 25 32 14 9 4 7 10 11 19 10 20 36 33 8 29 27 29 33 38 12 67 54 20 6 28 70 60 37 26 48 40 6 15 35 46 48 8 6 7 7 4 5 34 12 63 56 56 38 74 56 36 19 24 26 28 26 30 35 31 19 22 32 28 31 17 25 13 15 14 19 10 9 10 16 8 7 9 9 5 6 7 3 3 4 2 1
4 27 16 13 8 26 18 49 47 24 24 25 7 16 3 10 7 8 19 15 19 22 22 9 43 47 39 63 52 41 61 76 62 33 25 6 21 40 24 11 14 8 4 65 58 45 25 25 14 34 54 66 49 25 24 52 41 22 26 44 45 32 38 29 29 24 23 41 33 16 20 21 26 26 17 19 17 19 11 11 8 9 3 6 6 3 7 5 3 3 3 3 1 2 1 2
9 14 10 25 21 9 42 72 51 59 5 20 39 32 49 15 32 8 8 9 11 5 29 55 77 45 70 79 58 58 34 49 71 40 37 16 43 58 71 81 64 28 14 20 68 44 24 69 25 26 57 53 63 28 16 66 75 38 29 21 58 61 21 48 32 32 23 28 26 21 26 22 21 17 16 18 16 12 11 5 4 4 5 5 6 3 4 3 2 2 2 1 1 0 0 0
7 9 32 15 14 5 31 62 41 65 15 23 55 41 63 29 14 21 14 25 30 39 11 45 62 67 77 78 49 77 59 77 71 72 69 70 60 69 75 63 10 42 48 17 6 43 33 46 30 30 52 50 51 55 27 32 66 85 51 38 49 27 30 29 36 48 48 40 27 17 30 17 13 12 10 6 11 6 3 2 2 4 3 3 3 1 1 1 1 2 1 2 3 3 3 3
8 5 3 11 19 20 8 72 16 17 17 29 37 6 29 38 18 18 16 51 50 22 25 15 55 81 74 79 54 85 69 73 70 60 72 70 82 76 74 79 71 43 13 10 4 6 42 40 23 9 17 56 62 64 65 74 78 76 83 40 26 33 31 39 37 41 51 25 20 32 16 12 12 11 4 3 2 2 6 6 8 3 3 1 3 5 8 7 13 3 7 15 7 13 11 7
2 6 16 13 10 7 9 26 32 28 50 45 53 53 19 44 22 40 9 9 27 65 33 23 9 31 38 65 66 34 11 15 11 27 26 35 75 60 63 75 72 55 34 11 3 6 35 32 23 19 14 14 35 69 71 61 45 48 77 68 31 21 31 33 41 39 21 32 21 9 10 13 11 7 6 4 2 2 2 2 5 8 6 11 16 25 23 24 14 10 13 25 22 33 32 13
4 4 6 6 13 10 14 14 15 14 29 59 60 67 11 9 19 47 48 24 23 18 40 12 22 30 21 26 13 18 33 23 36 33 57 34 27 23 22 21 18 30 19 8 8 9 22 26 39 19 22 22 4 37 31 44 48 55 38 52 48 27 54 55 46 28 27 17 17 14 12 13 5 3 6 6 2 1 2 6 25 27 18 30 34 38 33 45 32 35 62 62 37 53 32 21
2 3 5 17 16 21 20 16 19 18 30 6 10 12 21 25 15 13 54 55 48 24 30 9 25 46 41 34 21 24 42 50 25 53 27 21 21 29 30 29 16 11 15 12 23 20 45 38 39 32 18 10 12 14 16 43 18 14 12 40 23 34 35 23 34 18 13 17 16 8 6 4 6 5 7 7 10 2 22 24 39 39 38 44 44 64 61 47 45 54 25 11 18 16 18 42
3 6 14 6 9 14 16 10 20 40 10 12 30 28 14 31 4 7 10 22 26 21 15 17 27 20 31 25 51 15 41 28 24 31 21 20 30 51 20 48 24 13 10 7 8 14 22 40 28 30 16 29 29 18 27 25 24 22 26 39 55 51 32 11 18 17 14 6 8 4 4 27 26 15 15 23 9 16 35 54 65 51 51 74 68 65 65 49 60 58 31 10 5 5 11 31
12 31 28 39 12 11 12 10 20 26 15 17 27 26 20 10 14 13 33 32 18 21 31 18 24 21 15 30 17 18 31 24 28 25 17 21 16 36 15 45 31 21 14 5 3 2 11 16 65 55 28 24 56 27 14 35 44 62 55 44 54 30 22 13 15 11 4 5 13 12 24 37 46 20 29 36 20 39 58 60 71 83 54 82 67 65 55 56 52 47 34 26 7 4 4 7
3 4 2 3 5 5 19 13 26 12 17 9 15 33 10 4 10 16 17 15 7 6 6 17 23 18 12 16 18 23 24 28 14 19 15 6 25 16 27 43 21 23 35 14 14 6 5 17 23 43 27 39 30 14 19 33 36 32 26 16 15 10 6 4 4 1 12 25 38 28 44 56 55 38 53 40 25 45 62 61 84 70 58 55 40 9 11 37 17 23 17 9 9 3 2 12
3 8 6 13 8 14 7 11 16 16 5 7 13 14 19 19 26 10 10 11 13 4 7 21 42 29 17 13 20 11 10 27 59 25 15 11 24 13 47 11 29 15 21 20 11 6 10 13 9 19 28 24 11 20 20 18 51 21 14 11 7 20 21 31 13 23 33 50 45 42 43 59 43 43 53 48 36 47 63 72 74 59 42 38 27 14 13 14 24 10 8 8 5 3 1 2
3 4 4 8 16 3 3 5 5 10 9 6 20 16 45 22 16 30 23 17 42 16 21 21 35 36 14 30 9 17 24 18 49 49 28 18 19 31 28 10 11 11 17 21 8 15 10 6 7 11 13 19 18 20 23 22 13 6 6 25 23 40 40 40 29 30 47 51 65 61 43 58 59 61 47 62 55 57 61 65 58 74 48 34 19 23 16 8 36 17 6 3 1 3 3 4
3 2 4 7 3 3 3 8 13 9 12 18 16 13 11 13 55 51 23 26 29 22 33 14 19 27 34 21 9 11 9 13 18 15 24 35 8 12 33 23 17 22 15 10 17 12 13 12 8 11 15 18 31 24 15 13 17 25 32 51 42 39 53 41 32 48 49 48 61 44 53 61 73 42 48 53 60 66 79 57 30 26 31 38 29 19 12 8 7 8 4 3 2 1 2 2
2 5 5 3 2 15 11 7 24 39 45 39 35 48 19 12 16 39 28 39 7 20 37 13 17 13 21 31 18 33 21 17 13 14 28 42 14 25 27 32 24 5 5 11 9 12 6 5 11 16 16 31 26 19 26 17 25 27 49 43 39 39 50 39 34 42 50 35 61 52 39 68 51 40 48 70 60 65 27 82 59 61 32 23 28 21 14 15 5 3 2 2 1 0 1 1
2 2 3 2 2 2 4 10 14 22 31 51 41 37 48 11 22 21 12 12 14 31 36 15 7 9 4 13 8 12 10 11 18 16 29 26 13 25 31 26 17 8 4 3 8 9 11 21 11 13 26 20 16 36 21 20 31 50 47 50 44 40 43 31 35 58 58 42 60 53 54 55 74 71 58 60 71 65 27 26 55 65 48 40 18 13 14 16 8 4 3 1 1 2 2 1
1 1 9 2 8 2 4 5 10 16 5 7 6 7 11 21 20 20 46 14 24 33 15 18 4 16 6 15 7 5 10 12 12 12 17 14 15 17 20 21 15 8 2 6 8 9 14 15 15 16 19 33 22 20 19 32 43 40 38 39 37 27 45 42 44 61 53 58 59 85 70 63 59 72 22 22 17 55 58 37 24 48 31 23 17 13 15 6 3 6 4 2 1 1 1 1
2 7 5 21 1 24 21 2 8 5 12 6 18 12 17 13 18 11 11 13 7 18 6 8 6 4 5 7 3 9 11 8 8 10 11 8 11 7 10 16 12 11 12 17 24 10 19 11 24 33 31 45 33 19 31 34 35 45 27 32 53 38 50 54 41 58 48 71 32 51 81 78 75 63 73 54 38 18 13 31 26 19 40 33 29 22 18 24 10 3 2 2 2 1 1 0
16 6 2 7 17 7 4 8 6 7 4 8 5 6 19 9 10 2 9 12 11 4 6 7 4 2 3 1 3 2 2 5 5 19 4 5 6 8 8 3 7 14 5 9 8 15 7 17 27 37 33 34 29 28 26 44 34 41 38 34 40 48 37 42 55 61 41 43 78 30 76 79 56 77 78 81 63 57 57 43 40 32 13 8 19 26 15 17 7 4 2 1 2 1 0 0
8 43 8 18 3 5 3 6 3 3 10 3 5 14 24 33 39 9 7 17 7 4 2 3 6 1 2 2 2 1 1 4 6 7 2 4 4 4 12 9 6 14 6 28 14 15 15 12 28 33 22 21 23 24 23 27 47 39 33 54 48 58 38 35 51 18 37 39 35 50 37 72 46 61 78 81 80 88 72 57 60 71 71 48 17 12 15 14 8 4 2 1 1 1 0 0
2 7 4 5 9 8 3 2 3 3 7 3 15 5 4 6 5 8 7 7 13 3 6 4 3 1 1 1 1 2 2 4 2 2 3 2 3 7 10 8 5 5 11 25 5 20 14 15 18 34 13 17 18 20 20 24 34 42 29 39 53 28 31 67 71 62 40 32 18 7 19 21 37 37 68 76 70 75 78 61 79 67 60 28 21 23 20 13 14 5 2 2 1 0 0 0
2 3 8 6 5 5 3 2 1 4 0 1 3 4 22 11 21 6 5 5 6 2 2 3 2 2 2 1 1 1 2 1 2 3 1 1 2 7 4 4 3 5 6 11 10 9 11 13 17 13 8 15 11 12 20 13 31 40 46 42 42 61 21 8 7 12 18 37 33 27 15 14 7 23 38 64 55 76 86 51 69 84 58 40 31 17 16 15 10 5 3 3 1 1 0 0
1 8 4 2 3 3 2 1 1 1 1 1 1 4 6 5 6 5 5 6 3 5 1 4 2 2 3 0 0 1 1 1 2 1 2 3 4 8 1 1 3 6 5 8 7 4 6 6 8 5 12 20 15 21 23 19 36 28 28 19 24 59 16 17 35 51 58 46 47 38 34 47 19 7 16 51 48 74 83 73 57 57 51 41 26 24 22 14 11 8 5 5 2 1 1 0
1 2 2 2 2 2 1 1 0 0 0 1 2 1 2 3 3 4 1 1 0 1 1 0 0 2 1 0 1 1 0 0 1 1 0 1 2 2 2 2 3 3 6 8 3 3 5 4 8 10 22 49 32 55 51 68 50 36 42 22 15 6 63 35 12 52 67 45 50 53 58 43 25 23 11 14 17 41 73 50 38 21 16 29 11 20 8 8 9 10 8 4 3 1 1 0
2 0 0 1 0 1 0 0 0 0 0 0 0 0 2 1 1 1 1 0 0 0 0 0 0 0 0 0 1 0 0 0 0 0 1 0 2 1 1 2 3 11 27 45 19 21 12 11 11 7 55 19 62 55 37 48 29 28 42 58 16 14 16 76 24 28 39 66 44 39 64 70 76 48 37 18 9 5 7 7 10 9 8 18 20 7 7 3 3 8 4 4 2 2 1 0
0 0 0 0 0 0 0 0 0 0 1 0 0 0 0 1 1 0 1 0 0 0 0 0 0 0 0 0 0 0 0 0 0 1 6 6 6 13 20 23 26 42 16 51 28 34 42 4 16 37 14 15 50 40 49 55 32 59 64 42 36 23 11 52 68 23 8 35 64 74 61 60 38 38 48 43 22 9 12 4 11 11 10 6 16 16 4 5 3 3 3 1 1 1 1 0
0 0 0 0 0 0 0 3 6 0 1 1 3 0 0 0 0 0 0 0 0 0 0 0 0 0 1 1 1 0 0 0 0 0 0 4 9 23 13 19 21 46 21 23 46 41 42 12 9 14 66 40 16 39 13 28 25 59 74 55 53 36 22 30 82 33 33 17 46 61 82 28 14 28 33 56 42 35 29 18 10 7 4 5 6 12 7 3 2 1 1 1 1 0 0 0
0 0 0 0 0 2 3 1 2 2 2 1 1 1 0 0 0 0 0 0 0 0 1 1 2 2 0 0 1 0 0 1 1 0 1 1 2 18 25 26 18 20 14 15 41 56 68 66 13 18 37 47 27 19 43 12 44 48 75 67 19 30 22 11 81 55 24 24 28 79 81 87 52 42 34 24 18 17 11 12 21 18 9 3 4 3 9 5 3 3 1 2 1 0 0 0
1 1 0 5 2 3 5 10 7 6 2 2 2 1 0 0 0 0 0 0 0 0 0 0 0 0 1 1 0 0 0 0 1 1 0 1 4 16 28 47 27 13 9 14 25 63 75 77 77 74 20 29 28 30 23 11 32 56 64 67 23 33 36 29 59 87 59 39 25 15 21 54 25 30 22 48 35 16 12 8 8 8 11 9 4 1 3 4 3 2 1 2 1 0 1 0
2 2 4 4 8 7 12 4 12 11 5 9 5 2 7 3 2 1 0 0 0 0 0 0 0 0 0 2 0 0 0 0 1 1 2 2 2 3 2 1 33 31 9 21 14 19 43 53 74 81 69 38 42 54 32 51 35 62 75 58 63 22 42 38 32 82 90 70 52 24 16 18 55 36 26 24 36 39 17 13 6 7 7 9 8 2 1 4 2 3 1 1 1 1 0 0
0 0 1 6 13 8 33 46 39 39 21 14 6 10 19 9 3 1 2 0 0 0 0 0 0 1 2 1 0 1 0 1 3 1 2 4 4 5 4 4 5 13 12 12 9 21 56 29 67 75 86 48 43 43 60 57 11 58 70 68 63 49 39 33 22 75 82 83 60 57 15 7 42 64 33 10 14 10 21 6 9 7 6 5 8 3 1 1 2 2 2 1 0 0 0 0
1 1 1 17 19 38 52 50 47 69 67 25 30 26 24 15 6 10 4 2 1 0 0 1 2 10 7 1 0 1 1 2 1 2 1 3 4 6 10 7 5 6 7 5 20 24 42 34 10 61 76 82 43 34 46 23 18 17 46 56 85 78 23 29 54 64 65 82 38 55 43 11 13 45 34 23 15 14 19 17 9 7 3 2 3 4 2 1 1 1 1 1 1 1 0 0
0 0 0 1 1 1 7 14 18 8 31 58 71 48 36 12 10 20 6 4 6 0 1 0 0 1 8 14 2 0 1 2 1 4 3 3 6 6 13 8 14 23 19 15 12 7 56 59 42 30 53 74 63 34 16 14 36 14 23 56 51 48 38 33 38 55 35 81 37 48 35 40 7 23 25 36 27 22 21 15 15 8 2 2 1 3 2 1 0 1 1 0 1 0 0 0
0 0 1 2 4 7 37 11 14 10 13 18 57 72 68 40 29 24 5 12 2 4 1 4 3 1 1 1 2 1 0 2 3 8 2 3 3 5 12 13 12 15 11 13 25 25 25 10 39 64 35 46 14 18 10 28 23 34 27 31 57 63 49 43 21 27 27 70 74 30 16 29 29 8 16 15 28 13 10 7 8 6 5 4 1 2 1 1 1 1 0 0 0 0 0 0
0 0 0 0 1 1 6 8 6 15 8 2 8 33 60 70 62 9 1 1 2 8 3 7 4 3 2 1 1 2 1 17 10 3 18 6 7 10 13 9 14 26 39 27 36 23 32 18 22 22 71 44 38 27 20 16 30 36 30 33 56 74 56 38 37 29 41 61 76 58 28 14 38 24 16 4 5 15 12 9 4 4 4 3 2 0 1 1 1 1 0 0 0 0 0 0
0 0 0 1 2 3 2 3 4 8 13 9 25 8 8 12 17 6 2 4 11 1 3 5 24 22 2 3 2 19 6 6 24 17 31 8 44 14 11 11 14 17 17 30 23 30 31 23 25 32 32 43 27 28 35 29 25 36 21 10 23 36 50 48 52 39 34 43 53 60 36 38 41 20 24 9 5 11 11 5 6 2 2 1 1 1 1 1 1 1 0 0 0 0 0 0
4 0 4 1 1 2 2 4 6 14 9 13 4 14 23 11 14 9 3 7 1 5 6 3 2 5 8 14 13 2 7 17 15 7 8 9 5 34 9 16 17 25 11 17 14 16 17 26 33 41 25 15 51 50 38 47 32 28 28 29 18 32 56 34 35 32 22 27 40 55 20 25 19 12 13 10 5 3 6 9 5 3 2 1 0 1 1 1 0 0 0 0 0 0 0 0
7 7 0 0 2 1 8 20 2 3 9 9 7 23 7 14 4 2 1 1 2 4 4 5 5 4 6 7 3 7 3 28 9 22 15 30 4 13 24 7 12 25 20 33 33 13 19 26 23 41 21 37 11 26 26 60 26 34 29 43 30 30 14 14 11 5 4 9 16 19 13 5 18 12 8 16 11 6 9 4 2 3 2 2 1 0 1 0 0 0 0 0 0 0 0 0
7 5 23 2 1 9 1 1 13 12 2 10 4 20 7 11 8 3 2 6 9 14 5 2 7 9 7 11 32 32 19 4 4 7 18 11 9 3 44 20 20 17 8 12 33 26 20 14 28 41 36 13 57 40 30 60 43 20 31 17 17 26 16 13 5 4 3 1 10 22 16 7 6 11 10 13 10 7 15 6 2 2 1 1 1 0 0 0 0 0 0 0 0 0 0 0
2 8 14 6 1 1 6 2 1 2 6 4 2 4 12 5 3 1 2 3 8 8 20 12 10 13 14 14 47 56 23 14 7 16 23 17 29 12 3 47 14 25 24 24 14 13 20 31 28 38 23 10 23 12 9 35 26 23 20 10 13 21 14 14 12 6 3 3 3 7 11 8 12 11 13 17 18 10 4 3 3 1 1 1 0 0 0 0 0 0 0 0 0 0 0 0
14 5 26 8 14 3 1 23 3 7 24 4 14 10 4 18 3 2 2 2 3 8 11 12 12 20 20 21 35 70 63 39 13 10 55 31 32 20 8 22 55 17 16 49 29 30 24 34 38 26 20 9 7 11 11 12 24 17 12 7 7 9 12 17 7 8 3 3 2 1 1 4 5 2 4 4 7 10 4 3 2 1 1 1 0 0 0 0 0 0 0 0 0 0 0 0
16 10 6 17 5 7 13 3 35 15 31 49 20 25 14 5 4 4 5 18 5 15 32 19 14 19 25 19 12 16 59 44 27 18 19 45 25 17 13 9 14 38 15 11 14 18 22 34 56 39 52 23 15 13 10 9 12 10 7 22 10 5 5 4 3 3 3 1 1 1 1 1 1 1 1 3 3 2 3 2 1 1 1 0 1 0 0 0 0 0 0 0 0 0 0 0
5 28 16 21 15 20 37 27 12 10 5 3 7 5 8 22 10 5 13 2 28 8 39 42 16 22 28 19 10 5 10 36 53 27 9 27 34 14 32 22 18 10 32 34 19 19 36 27 45 30 57 26 13 11 10 8 8 7 4 10 11 6 2 2 1 1 2 2 1 0 1 1 0 0 0 1 1 1 1 1 1 0 1 0 0 0 0 0 0 0 0 0 0 0 0 0
5 5 1 10 11 1 3 2 13 7 19 19 19 22 11 13 22 16 15 11 9 7 39 68 35 30 31 35 18 5 6 6 48 27 31 23 44 13 35 40 26 12 9 34 24 33 27 27 40 23 7 10 18 16 16 13 4 3 1 1 4 2 1 1 1 1 1 1 1 0 0 0 0 0 0 0 0 1 1 1 1 0 0 0 0 0 0 0 0 0 0 0 0 0 0 0
3 5 3 2 2 5 3 3 3 10 6 8 7 4 9 22 7 5 10 22 12 58 29 55 55 34 47 37 40 16 7 10 7 25 29 34 43 16 37 23 26 28 22 18 34 23 26 43 39 34 26 14 17 10 8 7 4 2 1 1 1 1 1 0 0 0 0 0 0 0 0 0 0 0 0 0 0 0 0 0 0 0 0 0 0 0 0 0 0 0 0 0 0 0 0 0
6 4 4 2 4 8 4 2 5 5 2 4 6 3 8 11 6 9 6 8 44 29 21 20 71 34 12 10 11 7 9 4 11 5 11 17 83 61 26 36 25 13 22 25 15 29 20 24 51 48 45 24 15 9 7 6 2 1 1 2 4 4 2 2 2 1 1 1 0 0 0 0 0 0 0 0 0 0 0 0 0 0 0 0 0 0 0 0 0 0 0 0 0 0 0 0
2 1 1 1 0 2 2 2 1 1 4 3 6 1 3 8 4 8 15 51 27 20 40 44 68 52 19 13 14 18 16 17 6 10 12 8 5 8 26 23 15 30 12 24 20 34 37 26 51 34 43 39 25 14 7 2 1 1 2 4 9 15 14 9 2 2 1 1 1 1 0 0 0 0 0 0 0 0 0 0 0 0 0 0 0 0 0 0 0 0 0 0 0 0 0 0
1 1 1 0 1 1 1 1 0 0 1 1 4 3 2 3 3 8 15 10 15 19 8 4 11 10 7 11 29 33 17 39 29 12 10 7 8 8 7 20 16 34 24 12 34 25 42 32 29 18 24 23 16 12 5 5 4 4 11 13 19 17 12 12 7 2 4 4 3 2 2 1 0 0 0 1 0 0 0 0 0 0 0 0 0 0 0 0 0 0 0 0 0 0 0 0
1 0 1 0 0 0 1 3 9 7 7 0 1 2 2 1 3 9 31 18 30 9 16 10 7 10 33 20 22 28 41 29 19 21 25 5 3 4 8 12 10 18 28 29 31 29 21 18 39 20 16 14 9 6 7 13 6 17 21 17 25 22 20 15 10 8 8 12 12 6 5 2 0 0 1 1 0 0 0 0 0 0 0 0 0 0 0 0 0 0 0 0 0 0 0 0
0 0 0 0 1 2 0 6 20 23 13 10 3 1 2 4 4 15 19 10 6 8 20 15 12 14 25 12 6 18 18 12 6 11 24 14 6 5 11 7 5 9 10 12 19 21 22 16 26 20 10 5 10 12 21 20 20 25 30 30 18 28 30 23 32 14 16 15 14 14 3 1 1 1 2 1 1 0 0 1 0 0 0 0 0 0 0 0 0 0 0 0 0 0 0 0
0 0 1 1 2 1 4 4 1 6 17 19 13 20 21 19 41 14 14 25 6 4 20 10 14 22 13 11 7 13 18 19 19 15 24 13 9 21 21 7 4 22 12 19 14 9 24 13 13 10 9 13 21 31 30 37 26 25 23 28 21 34 39 46 41 31 22 18 19 12 7 5 8 4 1 2 1 0 1 0 0 0 0 0 0 0 0 0 0 0 0 0 0 0 0 0
1 0 0 1 6 5 9 40 30 17 17 42 30 23 44 29 63 63 58 36 13 31 3 5 5 5 21 25 25 36 11 50 53 23 8 12 4 15 15 9 27 13 13 12 17 11 15 14 12 12 22 23 40 54 53 40 49 32 38 37 27 46 45 48 40 34 25 23 21 21 13 4 2 1 0 1 2 1 0 1 0 0 0 0 0 0 0 0 0 0 0 0 0 0 0 0
1 2 5 1 0 9 21 34 48 12 12 53 17 16 38 22 22 10 23 42 10 17 10 9 6 12 17 26 29 47 21 14 15 39 20 18 7 27 13 12 18 28 24 24 27 39 41 35 12 38 49 42 47 60 65 64 36 24 61 46 37 44 46 35 47 51 12 39 36 20 14 7 4 2 1 2 5 2 0 1 0 0 0 0 0 0 0 0 0 0 0 0 0 0 0 0
6 1 2 12 4 2 2 6 9 38 7 40 20 23 35 13 5 9 21 12 8 5 13 7 12 22 23 12 9 30 21 15 9 7 11 9 21 26 12 10 39 42 24 53 48 29 31 19 19 44 61 52 52 80 51 46 43 25 71 41 36 44 58 60 47 41 34 42 20 12 11 8 7 8 3 3 4 2 1 1 1 0 0 0 0 0 0 0 0 0 0 0 0 0 0 0
18 20 3 15 15 30 30 15 5 6 26 66 46 8 50 12 16 11 23 12 7 6 25 11 21 17 20 18 16 14 9 12 14 20 26 16 32 6 12 22 37 38 53 57 39 22 13 23 43 34 50 66 77 47 34 47 46 31 73 43 69 35 60 38 37 69 47 27 40 20 11 12 27 20 4 1 2 4 1 1 1 0 0 0 0 0 0 0 0 0 0 0 0 0 0 1
14 26 30 20 24 61 38 69 44 4 20 54 4 12 43 31 18 7 38 5 5 5 12 7 32 22 12 10 11 4 3 12 25 15 35 11 41 9 29 24 53 55 65 35 34 26 25 44 50 44 41 64 64 41 51 63 55 41 75 72 49 60 52 62 75 58 51 43 29 13 16 50 22 3 5 6 3 2 2 1 1 1 0 0 0 0 0 0 0 0 0 0 0 0 1 2
28 44 47 60 57 60 67 76 56 24 19 19 25 6 42 24 17 10 7 4 4 8 20 9 15 13 12 28 21 21 22 26 16 8 12 22 53 23 27 35 61 63 50 34 20 36 36 63 67 44 40 58 46 33 46 70 37 64 65 63 70 35 51 80 79 57 49 32 38 40 28 25 14 10 7 2 2 1 1 1 0 0 0 0 0 0 0 0 0 0 0 0 0 0 1 7
3 47 65 44 69 18 48 65 66 65 54 57 36 6 45 63 33 9 13 9 4 12 17 10 8 13 23 6 9 11 4 10 8 23 52 29 45 19 20 35 60 43 30 15 29 50 42 48 70 48 52 57 25 48 67 60 29 60 43 76 62 67 77 71 59 44 53 32 17 7 7 5 2 1 1 1 0 0 1 0 0 0 0 0 0 0 0 0 0 0 0 0 1 1 1 5
8 11 29 8 4 5 10 9 14 6 9 21 53 11 6 40 60 38 26 18 9 8 5 8 22 5 12 13 35 32 6 16 19 25 63 57 66 30 21 42 39 21 15 33 53 50 41 45 68 41 57 68 55 60 77 55 60 32 58 66 45 69 62 27 14 17 12 21 37 30 28 20 23 7 2 1 1 0 1 1 0 0 0 0 0 0 0 0 0 0 0 0 1 2 5 6
7 9 4 6 11 31 40 12 18 3 8 7 4 2 8 4 8 12 6 4 3 18 8 12 4 22 16 26 13 22 22 45 30 34 56 62 43 36 33 47 24 24 29 47 53 47 54 32 51 61 58 81 86 68 69 83 84 67 83 82 82 88 69 77 58 52 50 43 26 8 12 10 5 5 5 4 2 1 0 0 0 0 0 0 0 0 0 1 0 0 0 0 0 1 3 11
11 17 13 14 25 36 46 34 12 9 17 10 11 8 8 12 9 3 3 4 7 23 7 9 20 22 9 48 38 28 41 53 37 41 60 26 15 28 14 44 34 28 31 42 51 55 59 43 53 68 63 76 75 75 31 46 81 88 87 73 32 25 50 46 76 53 41 53 21 10 8 7 10 4 1 1 1 1 0 0 0 0 0 0 0 0 1 1 1 1 1 1 0 1 4 5
8 2 11 14 22 24 37 23 5 11 10 14 30 22 9 11 4 7 6 6 2 5 34 22 12 3 10 25 30 22 22 34 48 25 48 13 25 19 6 44 29 32 42 49 43 58 69 55 76 84 58 40 42 35 24 27 65 74 67 43 60 47 43 54 44 39 36 19 32 18 18 7 6 5 3 2 1 1 0 0 0 0 0 0 0 1 1 3 4 2 2 1 1 4 7 8
