sesion_6_simulaciones/modelos_agentes/ejemplos_netlogo/scenarios/echam4_a2/rob_2086.asc
NCOLS 322 
NROWS 307 
XLLCORNER 451900 
YLLCORNER 4086900 
CELLSIZE 100 
NODATA_value -9999 
[rows 144 to 215 of 307, columns 192 to 287 of 322]
11 66 82 78 90 86 58 30 41 42 47 29 28 19 9 2 1 6 17 10 2 3 3 1 0 0 0 0 0 0 0 0 0 0 1 1 0 0 0 0 2 1 0 1 4 10 6 10 21 30 34 36 48 41 49 60 60 43 53 65 62 56 56 39 45 47 50 43 64 36 50 69 41 48 65 55 37 33 26 73 62 21 18 17 10 19 8 3 3 2 3 1 1 0 0 0
24 69 84 89 91 90 91 77 62 56 52 35 23 13 7 1 0 1 5 8 1 1 1 0 0 0 0 0 0 0 0 0 0 0 0 0 0 1 1 1 2 1 1 2 5 24 32 29 31 62 56 53 43 55 64 35 20 27 38 58 57 46 65 47 49 44 52 41 72 29 57 63 54 25 42 42 39 28 30 76 51 16 20 42 35 18 6 4 1 1 1 1 1 0 0 0
48 70 84 79 90 90 82 83 80 69 61 38 28 6 2 1 1 0 0 1 0 0 0 0 0 0 0 0 0 1 0 0 0 0 0 0 0 1 1 2 3 1 2 3 10 25 44 56 55 40 56 66 69 74 69 35 15 7 37 52 52 69 62 52 52 64 59 53 74 48 40 65 24 32 45 25 55 32 46 34 67 61 37 25 14 8 5 2 1 1 1 1 1 0 0 0
40 68 76 75 87 83 90 90 88 90 83 62 22 12 8 6 2 1 0 0 0 0 0 0 0 0 0 0 0 0 0 0 0 0 0 0 0 0 1 2 1 0 4 12 20 19 32 31 34 45 61 58 65 65 49 22 23 9 18 23 40 59 72 72 79 82 69 56 65 62 47 74 28 58 30 43 45 38 57 29 16 37 32 23 14 6 4 1 1 1 0 0 0 0 0 0
28 49 42 62 74 75 81 83 88 71 89 80 44 30 16 5 3 1 0 0 0 0 0 0 0 0 0 0 0 0 0 0 0 0 0 0 0 0 0 1 1 0 3 7 8 15 18 33 21 49 36 32 25 32 31 24 12 14 31 33 76 68 46 69 64 65 68 42 38 77 48 66 53 26 30 80 44 59 71 68 60 59 33 15 13 3 1 2 1 1 0 0 0 0 0 0
4 18 38 68 60 71 74 84 83 87 77 49 45 33 12 2 1 0 0 0 0 0 0 0 0 0 0 1 1 0 0 0 0 0 0 0 1 1 0 1 2 1 3 8 9 14 11 21 29 30 27 18 17 21 11 3 8 21 26 53 41 51 80 80 49 65 81 77 51 62 74 70 70 34 36 69 44 64 57 49 64 42 35 18 10 5 2 1 1 1 0 0 0 0 0 0
6 3 19 44 53 60 74 75 76 86 59 47 36 14 6 3 1 0 0 0 0 0 0 0 0 0 0 0 1 1 0 0 0 0 0 0 0 0 1 2 2 9 22 14 24 21 4 4 16 18 18 9 6 6 2 3 12 19 27 39 32 41 74 66 54 68 46 47 74 85 78 60 52 40 33 60 53 30 25 31 17 17 16 7 8 6 2 1 2 1 0 0 0 0 0 0
8 2 4 9 9 36 47 36 64 79 54 54 53 17 4 1 0 0 0 0 0 0 0 0 0 0 0 0 0 0 0 0 1 0 0 0 1 1 2 3 3 11 8 7 7 6 5 2 1 10 8 7 2 3 1 6 18 24 30 24 34 59 51 67 72 60 34 52 51 36 53 67 51 38 68 51 46 28 35 39 12 7 12 7 5 5 2 1 2 1 0 0 0 0 0 0
21 5 1 0 6 9 10 24 66 67 82 63 53 25 3 1 0 0 0 0 0 0 0 0 0 0 0 0 0 0 0 0 1 1 0 0 0 1 3 8 4 4 5 6 3 2 1 1 1 3 3 3 2 1 2 6 10 12 22 31 50 44 36 30 62 35 42 44 32 34 31 54 52 50 48 55 40 43 44 29 33 29 44 22 12 7 4 4 2 1 1 0 0 0 0 0
14 4 1 1 4 1 2 18 47 30 75 73 57 25 4 0 0 0 0 0 0 0 0 0 0 0 0 0 0 0 0 0 1 1 0 3 1 1 1 4 8 2 3 7 8 2 0 0 1 1 2 2 1 0 1 2 7 12 10 26 57 37 32 23 25 38 36 25 46 44 46 35 37 47 33 31 43 60 66 67 65 47 31 41 22 12 6 2 2 2 1 0 0 0 0 0
12 3 0 0 0 0 1 16 10 12 54 55 28 13 1 0 0 0 0 0 0 0 0 0 0 0 0 0 0 0 0 0 1 2 1 2 4 6 7 4 3 1 0 1 0 0 0 0 0 1 0 0 0 0 1 2 4 7 12 16 14 18 21 21 16 30 43 28 15 27 35 27 31 45 41 42 23 23 45 52 60 40 32 20 14 8 5 6 3 1 1 1 0 0 0 0
5 0 0 0 0 0 2 4 6 12 30 33 12 2 1 0 0 0 0 0 0 0 0 0 0 0 0 0 0 0 0 0 0 1 1 2 5 4 3 3 3 2 0 0 1 0 0 0 0 0 0 0 0 1 2 4 7 8 17 11 7 5 11 14 15 13 15 15 30 31 32 40 38 52 24 33 46 26 26 16 12 14 8 6 8 6 6 9 3 1 1 0 0 0 0 0
1 1 0 0 0 1 1 1 1 5 6 6 2 0 0 0 0 0 0 0 0 0 0 0 0 0 0 0 0 0 0 0 0 0 1 2 3 3 2 2 2 1 1 1 0 0 0 0 0 0 0 0 1 1 2 3 5 5 8 3 3 4 22 43 36 24 33 53 57 47 54 36 63 59 49 66 59 42 42 40 45 26 13 8 4 10 10 4 3 1 1 0 0 0 0 0
1 1 0 0 0 1 1 0 0 0 0 1 0 0 0 0 0 0 0 0 0 0 0 0 0 0 0 0 0 0 0 0 0 0 0 0 0 1 1 1 0 0 0 0 0 0 0 0 0 0 1 1 1 1 1 2 2 2 1 2 3 12 25 45 38 48 30 52 54 57 32 21 29 29 63 39 27 34 60 68 50 35 26 15 16 18 7 2 2 2 1 1 1 0 0 0
1 0 0 0 0 0 0 0 0 0 0 0 1 1 1 0 0 0 0 0 0 0 0 0 0 0 0 0 0 0 0 0 0 0 0 0 0 0 0 0 0 0 0 0 0 1 0 1 1 1 1 1 1 1 1 2 2 1 1 5 9 23 24 25 32 45 48 47 39 38 71 39 33 38 52 36 67 64 66 68 59 48 31 14 8 7 6 4 4 2 2 1 0 0 0 0
0 0 0 0 0 0 0 0 0 0 0 1 1 0 0 0 0 0 0 0 0 0 0 0 0 0 0 0 0 0 0 0 0 0 0 0 0 0 0 0 0 0 0 0 1 1 1 1 1 1 1 1 1 2 2 3 3 2 5 10 20 28 22 36 43 53 33 59 48 54 40 22 46 51 69 63 46 29 29 29 22 22 10 4 5 5 4 5 3 2 2 2 1 1 0 0
0 0 0 0 0 0 0 0 1 1 1 1 1 0 0 0 0 0 0 0 0 0 0 0 0 0 0 0 0 0 0 0 0 0 0 0 0 0 0 0 0 0 0 0 1 1 1 1 2 3 2 2 2 5 4 4 3 1 8 28 40 28 36 55 49 34 36 30 24 33 37 23 21 21 51 48 54 57 30 29 28 13 3 12 4 6 5 1 5 5 4 2 1 1 0 0
0 0 0 0 0 0 0 0 0 1 1 0 0 0 0 0 0 0 0 0 0 0 0 0 0 0 0 0 0 0 0 0 0 0 0 0 0 0 1 0 1 1 1 1 1 2 2 1 2 4 7 5 5 5 4 5 6 6 10 23 45 41 41 29 44 38 44 73 66 36 54 46 28 34 54 60 39 45 50 41 42 20 22 7 11 14 9 3 7 8 10 2 3 1 0 0
0 0 0 0 0 0 1 1 1 1 1 0 0 0 0 0 0 0 0 0 0 0 0 0 0 0 0 0 0 0 0 0 0 0 0 0 0 1 1 1 1 1 2 2 1 2 3 2 2 1 4 11 7 8 9 6 11 7 19 30 31 37 44 38 27 35 40 48 48 41 53 54 26 39 63 64 40 42 46 41 31 20 18 10 15 20 11 9 15 15 4 1 1 0 0 0
0 0 0 0 0 0 0 0 0 0 0 0 0 0 0 0 0 0 0 0 0 0 0 0 0 0 0 0 0 0 0 0 0 0 1 0 0 0 1 4 3 2 1 2 3 4 5 5 3 3 2 3 12 12 13 9 21 12 11 33 39 43 50 58 45 18 13 23 25 46 37 31 24 22 48 60 37 58 57 40 25 15 22 21 30 20 18 24 20 17 6 1 1 0 0 0
0 0 0 0 0 0 0 0 0 0 0 0 0 0 0 0 0 0 0 0 0 0 0 0 0 0 0 0 0 0 0 0 0 0 0 0 1 2 2 3 5 2 1 3 3 12 7 8 5 5 2 2 5 10 16 21 26 26 22 29 33 36 34 43 50 55 37 27 22 27 29 27 19 22 35 56 34 41 43 27 32 17 38 27 42 41 46 45 23 6 3 1 1 0 0 0
0 0 0 0 0 0 0 0 0 0 0 0 0 0 0 0 0 0 0 0 0 0 0 0 0 0 0 0 0 0 0 0 0 0 0 0 0 1 5 6 5 4 1 2 7 5 9 9 11 7 3 3 3 3 5 9 31 66 30 31 36 32 33 35 42 56 54 40 26 40 29 22 36 49 48 52 45 41 45 36 33 36 49 32 53 35 15 8 10 3 1 0 0 0 0 1
0 0 0 0 0 0 0 0 0 0 0 0 0 0 0 0 0 0 0 0 0 0 0 0 0 0 0 0 0 0 0 0 0 0 0 0 0 2 2 4 1 1 10 2 3 14 12 14 9 15 9 5 5 8 10 16 24 27 32 48 63 47 32 33 39 57 65 48 34 36 30 27 44 37 52 48 32 38 42 48 36 41 43 64 60 42 18 8 10 6 5 2 1 0 0 1
0 0 0 0 0 0 0 0 0 0 0 0 0 0 0 0 0 0 0 0 0 0 0 0 0 0 0 0 0 0 0 0 0 0 0 0 1 1 2 2 1 4 7 15 8 5 8 20 17 23 19 14 8 6 9 17 23 29 18 27 30 28 40 68 40 36 35 44 31 41 22 16 12 23 39 64 46 46 40 43 49 73 47 61 74 57 20 11 16 11 3 1 0 0 1 1
0 0 0 0 0 0 0 0 0 0 0 0 0 0 0 0 0 0 0 0 0 0 0 0 0 0 0 0 0 0 0 0 0 0 0 0 0 1 1 1 1 4 13 5 2 5 17 3 11 32 50 34 22 16 10 25 12 11 9 24 40 23 42 24 54 35 18 15 19 13 42 53 37 38 28 46 20 24 31 52 76 54 71 56 35 33 22 4 6 8 3 1 0 0 1 1
0 0 0 1 1 0 0 0 0 0 0 0 0 0 0 0 0 0 0 0 0 0 0 0 0 0 0 0 0 0 0 0 0 0 0 0 1 1 1 2 3 3 3 9 8 6 17 20 7 12 21 33 38 21 20 13 17 24 18 23 24 38 44 52 47 68 35 21 27 23 34 41 30 50 24 57 19 45 63 66 70 75 67 63 58 35 30 8 4 4 2 1 0 0 1 1
0 0 1 1 0 0 0 0 0 0 0 0 0 0 0 0 0 0 0 0 0 0 0 0 0 0 0 0 0 0 0 0 0 0 0 0 1 1 2 2 6 9 6 8 18 18 9 18 44 15 25 24 48 28 32 14 15 19 45 25 26 28 39 32 37 43 57 40 19 23 36 57 25 27 47 42 51 51 49 71 75 72 55 30 28 27 18 7 4 3 1 0 0 1 1 1
0 0 1 1 1 0 0 0 0 0 0 0 0 0 0 0 0 0 0 0 0 0 0 0 0 0 0 0 0 0 2 3 1 1 1 1 1 2 2 3 5 10 15 16 10 33 33 11 30 35 28 34 43 35 31 21 23 29 30 29 31 27 25 22 25 28 36 54 31 23 25 46 15 15 19 32 44 66 67 71 45 42 42 36 33 12 8 3 4 3 1 0 1 1 1 1
1 1 1 1 0 0 0 0 0 0 0 0 0 0 0 0 0 0 0 0 0 0 0 0 0 1 0 0 0 0 2 4 3 1 2 0 1 4 4 3 7 16 10 14 38 33 24 33 24 60 59 34 23 74 40 35 35 31 29 41 32 33 25 27 23 45 49 40 45 55 32 11 27 15 31 43 24 52 65 74 53 36 42 28 26 24 29 20 8 6 3 0 1 1 1 0
0 1 2 1 0 0 0 0 0 0 0 0 0 0 0 0 0 0 0 0 0 0 0 0 0 0 0 0 0 0 0 1 6 2 3 1 1 5 7 4 7 15 21 15 39 32 60 38 52 54 59 51 43 58 42 31 32 35 31 45 29 22 26 35 33 40 36 45 33 12 39 27 20 23 20 19 18 29 33 63 76 55 53 56 59 47 30 23 16 8 2 0 1 2 3 1
0 0 1 0 0 0 0 0 0 0 0 0 0 0 0 0 0 0 0 0 0 0 0 0 0 0 0 0 0 0 0 1 3 4 6 1 1 1 9 11 8 17 20 17 40 44 59 58 62 47 71 68 67 65 56 52 54 40 27 53 43 30 17 27 36 51 43 50 52 54 31 31 20 33 14 30 23 32 38 23 22 57 56 54 41 33 24 25 19 4 2 0 2 2 8 1
0 0 1 1 1 1 0 0 0 0 0 0 0 0 0 0 0 0 0 0 0 0 0 0 0 0 0 0 0 0 0 1 2 8 8 3 1 1 2 10 21 20 15 38 51 44 44 31 52 68 68 71 70 63 67 54 53 52 39 55 35 29 19 20 32 20 36 38 42 41 31 19 9 17 19 24 22 31 38 47 42 43 56 46 38 36 59 20 7 8 2 0 1 3 8 4
1 1 2 2 1 0 0 0 0 0 0 0 0 0 0 0 0 0 0 0 0 0 0 0 0 0 0 0 0 1 2 4 6 6 9 4 4 2 4 2 8 18 34 19 58 71 45 50 56 59 70 70 72 62 49 66 49 48 53 56 37 45 20 30 34 48 28 34 28 29 20 22 29 13 29 16 29 40 51 60 48 54 53 31 38 33 32 18 12 6 2 0 1 4 11 12
1 3 3 3 1 1 0 0 0 0 0 0 0 0 0 0 0 0 0 0 0 0 0 0 0 0 0 0 0 1 2 5 9 14 14 11 6 7 8 7 10 4 10 23 44 46 61 64 55 56 66 69 68 62 70 72 48 46 49 54 52 44 23 37 35 33 19 19 19 19 16 19 25 18 13 19 42 55 45 53 62 54 51 35 23 27 28 16 10 4 2 0 2 5 9 22
2 7 5 3 1 1 0 0 0 0 0 0 0 0 0 0 0 0 0 0 0 0 0 0 0 0 0 0 0 1 3 4 8 10 5 11 13 16 17 30 54 14 11 13 18 20 28 77 73 71 40 64 62 69 72 34 31 54 48 47 53 48 37 35 52 38 22 14 19 14 13 11 10 31 35 27 34 59 56 46 51 61 64 39 21 22 16 9 7 2 1 1 2 7 10 27
3 10 7 4 2 1 0 0 0 0 0 0 0 0 0 0 0 0 0 0 0 0 0 0 0 0 0 0 0 0 1 2 3 14 15 5 8 6 5 12 27 49 33 18 24 45 35 62 55 68 70 52 59 59 52 55 43 20 55 53 46 42 29 27 39 32 22 12 19 19 13 14 12 24 38 27 39 55 51 44 54 67 58 44 35 21 14 5 3 1 1 1 3 6 13 26
4 19 10 5 2 1 1 0 0 0 0 0 0 0 0 0 0 0 0 0 0 0 0 0 0 0 0 0 0 0 0 1 1 15 11 3 4 3 3 6 12 18 45 62 67 49 55 31 30 26 26 38 61 52 40 51 34 36 26 49 39 33 24 23 46 18 12 11 11 17 18 21 25 34 28 27 30 45 38 33 42 49 51 44 26 18 13 14 5 2 1 0 1 4 11 16
7 28 19 4 2 1 0 0 0 0 0 0 0 0 0 0 0 0 0 0 0 0 0 0 0 0 0 0 0 0 1 2 1 1 1 0 1 1 3 9 9 16 18 54 54 47 25 15 37 26 31 36 58 44 43 58 59 52 53 40 30 34 29 30 18 9 18 17 7 12 12 14 20 12 17 14 20 28 20 30 45 46 30 31 24 19 17 18 13 5 1 0 1 4 11 12
17 18 8 4 2 1 1 0 0 0 0 0 0 0 0 0 0 0 0 0 0 0 0 0 0 0 0 0 0 0 1 2 1 0 1 2 2 4 4 7 5 15 17 12 24 30 20 41 50 31 27 58 27 47 66 32 64 43 26 23 61 43 35 18 5 8 15 19 12 19 14 6 16 7 16 16 21 25 39 40 43 42 43 49 41 27 25 22 16 4 1 0 1 3 6 8
38 8 5 6 3 2 1 0 1 0 0 0 0 0 0 0 0 0 0 0 0 0 0 0 0 0 0 0 0 0 1 2 1 0 1 3 2 1 5 10 13 10 9 18 18 13 38 46 46 35 40 37 39 48 32 36 34 28 20 18 9 23 24 16 17 8 27 27 18 13 13 14 22 23 28 37 40 42 52 48 53 63 57 66 52 23 21 20 15 4 2 0 0 2 6 8
31 18 9 10 5 3 2 1 0 0 0 0 0 0 0 0 0 0 0 0 0 0 0 0 0 0 0 0 0 0 0 1 1 1 2 3 2 4 7 8 4 7 13 15 17 13 26 34 34 49 41 34 47 37 35 45 38 53 49 29 17 21 28 17 27 8 14 22 15 4 6 26 10 27 45 46 49 45 53 62 66 62 43 43 45 27 21 18 7 4 1 0 0 1 5 10
29 31 34 13 8 6 3 1 1 0 0 0 0 0 0 0 0 0 0 0 0 0 0 0 0 0 0 0 0 0 0 0 0 1 1 4 2 2 8 4 3 5 12 11 11 10 25 42 65 67 59 62 51 68 40 59 54 26 31 37 25 22 37 72 73 28 20 14 9 4 4 3 3 10 11 15 19 29 46 53 47 46 44 49 51 37 22 15 7 4 2 0 0 1 2 7
53 53 35 19 11 4 2 1 1 0 0 0 0 0 0 0 0 0 0 0 0 0 0 0 0 0 0 0 0 0 0 0 0 1 2 2 1 1 1 2 3 2 9 6 10 25 21 15 54 47 50 47 37 48 67 65 27 25 29 38 40 30 22 28 13 36 16 19 3 2 6 12 13 15 17 25 27 18 13 27 47 33 40 66 49 34 25 11 12 6 3 1 0 2 2 6
46 48 29 15 9 5 3 2 2 0 0 0 0 0 0 0 0 0 0 0 0 0 0 0 0 0 0 0 0 0 0 0 0 0 1 1 1 1 5 3 4 3 6 8 23 23 18 14 34 27 30 11 13 12 14 13 22 41 31 28 40 41 24 19 9 13 11 3 5 4 2 6 27 27 12 15 35 47 59 60 58 49 22 40 54 35 27 28 14 5 1 1 1 3 4 5
45 46 20 12 10 8 10 4 1 1 0 0 1 1 0 0 0 0 0 0 0 0 0 0 0 0 0 0 0 0 0 0 0 0 0 0 1 2 2 4 5 6 11 17 19 29 20 12 10 13 7 10 14 16 16 18 24 19 37 22 27 16 18 8 5 4 8 4 4 4 5 4 5 16 8 12 35 60 56 59 52 36 35 46 44 25 17 17 18 13 4 0 1 3 5 13
44 31 25 19 13 21 16 7 1 1 1 1 1 0 1 0 0 0 0 0 0 0 0 0 0 0 0 0 0 0 0 0 0 0 0 0 0 1 4 2 3 7 10 12 19 15 12 8 14 12 19 29 32 34 35 41 25 33 14 12 17 32 24 14 19 13 8 3 4 2 6 13 6 13 15 26 44 46 39 36 33 35 29 28 24 16 7 9 11 12 4 1 1 4 12 26
38 27 32 22 39 26 10 3 1 2 1 2 1 1 1 1 0 0 0 0 0 0 0 0 0 0 0 0 0 0 1 0 0 0 0 1 1 1 1 2 3 4 8 9 9 15 18 19 20 16 13 37 54 49 46 52 47 31 39 16 24 30 43 26 12 14 7 5 2 4 12 28 9 15 14 24 59 54 51 53 42 44 31 25 42 17 20 25 19 7 2 1 2 6 15 26
28 23 32 42 29 23 14 3 4 4 4 4 1 1 1 1 0 1 0 0 0 0 0 0 0 0 1 1 0 0 1 1 1 1 0 1 1 1 1 2 4 4 5 6 9 16 29 37 43 29 41 52 42 48 48 46 46 42 43 40 29 32 22 21 16 12 5 4 2 2 4 7 7 10 23 42 36 35 37 27 47 51 36 16 5 8 20 18 11 4 1 2 4 7 10 21
17 33 47 50 32 18 15 16 19 13 10 5 3 2 1 0 1 0 0 0 0 0 0 0 0 0 0 1 1 0 1 2 2 2 0 1 1 3 4 6 6 9 5 7 7 16 18 30 49 58 73 61 39 38 51 62 37 41 55 43 32 19 19 20 7 3 3 2 1 3 6 8 7 12 22 20 30 22 29 35 45 20 12 16 31 21 18 14 11 3 1 3 6 8 9 12
24 42 36 49 45 23 24 36 34 24 13 7 4 2 2 1 1 0 0 0 0 0 0 0 1 1 0 1 2 2 1 2 2 4 1 1 2 4 9 11 12 16 15 9 8 15 9 14 25 22 48 63 70 55 41 56 36 44 57 46 40 11 8 6 3 2 2 3 1 3 5 13 14 15 7 10 16 9 14 26 28 32 46 30 54 24 16 19 5 1 2 6 7 15 12 16
41 46 47 50 44 41 44 41 44 31 16 5 3 3 2 2 0 0 0 0 0 0 0 0 1 1 2 2 4 4 2 3 2 5 3 3 3 3 8 21 30 35 26 17 20 14 17 22 24 25 29 37 42 65 56 43 58 49 29 34 38 31 13 5 2 1 1 2 1 3 9 13 15 9 12 23 24 39 50 49 55 69 64 44 31 24 23 13 2 1 2 6 13 19 24 30
66 51 40 27 52 49 43 37 28 21 11 5 5 4 2 1 1 0 0 0 0 0 0 0 1 1 2 5 6 4 4 4 6 4 8 4 8 5 8 21 39 35 50 33 23 25 29 34 42 37 41 50 50 38 38 38 46 48 43 37 14 15 7 15 9 2 1 1 3 8 12 20 32 28 12 23 42 65 65 66 70 53 27 13 31 21 8 3 1 1 1 3 9 22 28 33
68 58 37 21 35 39 26 23 10 7 7 7 7 6 2 0 0 1 1 0 0 0 0 0 1 0 2 4 3 1 8 9 9 5 11 6 13 17 8 17 26 37 43 52 37 28 42 38 40 49 37 50 50 38 33 36 20 22 36 27 22 16 4 6 3 1 0 2 6 6 10 11 16 23 23 50 37 37 62 63 59 36 46 39 25 21 12 3 2 2 3 5 6 16 33 57
56 51 28 13 20 20 14 14 10 10 11 15 11 4 1 0 1 1 1 1 0 0 0 1 1 0 1 2 4 4 2 9 11 8 11 15 13 31 35 22 28 41 45 52 52 30 44 53 56 50 37 65 50 40 34 31 30 7 8 9 4 4 6 5 1 2 2 11 3 2 4 6 12 26 46 52 51 28 50 39 43 44 40 33 27 19 10 1 2 5 7 6 9 16 18 37
46 33 17 14 11 9 16 20 17 17 26 11 4 3 1 1 2 1 0 0 0 0 0 1 1 2 2 3 4 8 7 4 2 19 30 24 27 31 20 36 50 42 55 57 56 30 36 48 48 52 52 54 42 41 36 20 15 15 17 15 10 9 5 3 2 0 2 1 1 2 8 23 31 36 30 42 51 53 52 44 51 42 43 37 28 17 5 1 3 8 14 13 11 15 18 26
51 39 40 37 40 29 38 36 42 32 19 14 6 4 2 3 2 1 1 0 0 0 0 1 1 2 5 5 6 13 14 8 4 19 34 34 39 36 24 27 26 25 18 16 29 43 56 48 48 39 42 46 40 39 32 37 25 7 34 29 12 7 4 2 2 0 1 2 4 5 12 17 25 44 39 26 48 42 52 39 45 58 49 34 27 7 2 1 5 10 19 18 21 21 28 33
55 47 66 68 46 14 6 22 33 27 20 18 13 10 7 3 2 1 1 0 0 0 0 1 2 3 4 9 13 11 16 20 9 15 35 41 45 36 40 20 25 28 27 18 18 19 44 58 54 49 27 26 35 36 33 28 23 37 20 11 11 12 10 7 1 0 1 3 5 6 12 7 16 22 24 31 41 56 58 62 63 55 51 29 19 7 5 2 11 13 19 13 20 39 45 54
60 64 46 29 14 9 40 41 27 10 17 29 28 17 6 4 3 2 1 1 0 0 0 1 3 4 5 7 13 24 26 31 16 20 20 40 50 53 51 26 49 29 40 31 19 21 19 26 57 64 36 20 32 42 28 24 26 14 25 22 9 6 10 5 1 1 1 1 5 20 24 24 27 33 23 42 49 51 40 53 48 48 66 46 19 9 3 2 11 13 17 22 18 27 41 53
49 34 38 22 21 32 46 32 21 16 21 22 23 11 3 8 5 2 1 1 0 0 1 1 2 4 6 9 22 32 31 38 21 9 12 28 26 37 45 48 63 60 39 47 41 18 19 53 51 52 34 20 24 22 36 22 16 18 8 8 6 9 7 3 1 1 2 3 5 5 18 35 41 58 50 36 67 53 44 48 61 58 31 59 22 8 1 4 10 12 24 26 28 24 29 31
20 35 52 29 27 52 38 36 44 36 22 14 7 6 8 8 5 4 2 1 0 0 0 1 1 2 8 17 30 24 45 42 25 17 20 20 21 30 19 53 59 65 56 35 54 28 25 52 45 19 48 19 23 19 17 42 25 16 34 17 5 4 4 3 1 1 1 2 6 23 31 47 56 38 67 50 40 39 64 44 58 62 35 17 22 7 1 4 10 13 25 23 42 58 54 35
24 32 48 59 58 55 54 47 30 20 12 5 5 8 14 6 5 2 2 1 1 0 0 1 1 3 6 10 17 18 25 23 37 45 35 23 23 27 27 36 38 55 53 64 46 39 29 48 33 23 39 39 10 18 17 7 5 5 13 10 8 2 2 1 1 2 3 9 11 36 49 44 38 54 38 62 51 58 60 61 66 36 15 5 8 2 1 10 13 15 22 17 46 60 51 49
49 52 61 53 57 47 29 34 20 16 8 10 23 15 7 4 4 4 4 2 1 0 1 1 3 6 12 8 17 22 42 39 48 55 50 40 25 27 42 29 43 32 36 68 61 49 35 48 17 15 24 14 12 11 12 15 6 5 4 4 2 5 4 2 1 1 4 12 9 10 6 13 26 22 41 42 58 65 58 61 57 36 15 9 2 1 5 9 12 18 17 18 32 43 47 52
50 48 46 57 52 22 14 21 22 20 17 31 31 11 8 6 4 2 1 1 1 0 1 1 6 11 16 19 24 16 36 49 55 56 55 64 27 17 31 41 39 39 43 51 60 44 29 41 44 36 18 27 55 13 14 14 9 4 4 4 1 1 2 1 3 1 2 5 20 24 18 19 23 7 8 18 35 43 61 54 38 35 22 4 1 3 9 10 8 11 16 25 36 22 34 33
43 33 31 38 34 32 28 17 25 32 26 17 6 8 8 6 5 2 1 1 1 1 1 2 8 14 25 28 33 37 37 47 69 59 46 67 40 29 30 28 42 36 47 45 53 35 22 32 45 52 25 22 36 27 8 11 10 8 3 4 4 2 1 1 2 0 2 11 15 25 33 40 30 30 28 25 15 30 42 59 49 18 5 3 1 2 7 14 15 16 22 22 25 30 49 55
22 27 40 29 34 32 28 47 18 8 6 6 18 21 12 6 5 3 1 0 0 1 2 3 8 11 23 34 48 44 64 64 63 65 66 42 56 41 31 36 49 43 44 45 24 36 55 30 19 9 22 17 7 18 16 7 9 6 3 1 1 3 1 1 1 2 3 5 12 20 31 35 25 49 56 59 53 47 37 36 36 14 7 1 2 4 5 5 11 16 20 21 26 27 33 36
38 26 45 35 34 68 51 24 22 14 19 27 29 13 4 2 2 1 1 0 0 1 5 3 8 15 27 38 42 53 60 72 78 71 65 70 56 66 50 34 49 56 37 20 27 45 51 42 18 18 17 22 19 9 9 7 6 3 3 2 1 2 1 0 0 1 2 5 9 17 51 72 60 60 77 79 86 71 53 29 21 9 2 0 2 2 7 8 12 16 21 25 32 36 37 42
34 38 28 27 33 22 33 39 42 46 40 18 12 8 4 1 1 0 0 0 0 3 3 6 13 18 21 27 36 38 41 64 66 80 74 56 55 64 57 29 31 57 33 29 18 34 43 39 49 26 16 13 22 26 12 2 5 6 4 1 1 0 0 0 1 1 8 19 44 18 25 65 78 59 38 59 75 75 53 28 15 7 1 1 2 4 7 8 13 19 25 29 32 38 36 37
21 34 35 26 18 11 6 33 26 21 28 14 6 5 3 2 1 0 0 0 0 2 6 19 23 28 38 27 27 20 33 46 49 62 78 36 29 66 57 26 24 42 45 23 21 28 27 38 38 29 5 5 11 14 5 3 4 3 2 4 1 0 1 0 1 3 1 2 10 65 43 33 54 71 45 40 51 75 56 24 11 3 0 0 1 3 4 7 11 14 25 23 31 32 46 51
26 30 27 27 35 37 20 31 27 23 13 10 9 7 4 3 2 0 0 0 0 2 3 12 27 33 34 34 41 45 33 37 36 35 44 61 30 28 59 48 21 20 37 23 15 21 20 30 37 27 14 4 18 9 5 3 2 0 1 1 0 0 0 1 1 2 2 10 17 36 56 38 39 26 26 21 8 45 49 17 8 2 0 1 1 4 7 9 11 17 19 15 28 32 25 35
16 17 15 26 20 26 16 35 23 22 13 10 9 6 5 3 2 0 0 0 0 1 3 7 18 22 24 25 27 21 53 34 35 21 32 39 62 26 12 40 31 15 34 22 9 14 15 21 14 17 21 5 4 4 2 3 1 1 1 0 0 0 0 1 1 2 5 9 13 51 60 39 33 51 44 38 14 11 30 21 4 1 1 3 4 7 7 11 11 21 18 37 45 45 43 39
21 24 37 53 29 29 18 29 23 16 12 6 5 3 2 2 2 1 0 1 1 0 3 7 10 19 16 41 40 28 56 69 76 61 58 65 48 34 19 11 12 22 21 13 7 7 14 16 14 6 16 4 3 3 3 3 2 1 1 1 0 0 0 1 11 8 15 19 25 36 22 35 48 57 55 42 28 9 9 8 4 1 1 3 5 11 7 7 15 15 23 23 36 42 52 58
32 36 35 36 32 35 26 23 19 13 8 7 7 4 3 2 1 1 1 1 0 1 3 6 10 13 12 12 23 52 50 57 60 60 26 19 26 41 31 23 8 5 21 10 5 7 7 3 12 5 3 5 1 2 1 1 2 0 1 1 0 0 1 2 8 11 8 15 15 16 39 47 60 55 62 49 14 12 8 2 0 1 2 3 6 3 5 4 10 14 17 13 21 22 33 41
