sesion_6_simulaciones/modelos_agentes/ejemplos_netlogo/scenarios/echam4_a2/rob_2089.asc
NCOLS 322 
NROWS 307 
XLLCORNER 451900 
YLLCORNER 4086900 
CELLSIZE 100 
NODATA_value -9999 
[rows 146 to 218 of 307, columns 192 to 287 of 322]
40 64 81 77 89 89 82 83 79 68 57 31 21 3 1 0 0 0 0 0 0 0 0 0 0 0 0 0 0 0 0 0 0 0 0 0 0 1 1 1 2 0 1 2 6 16 32 45 46 32 47 55 61 67 61 27 11 5 28 48 51 69 62 52 53 65 59 53 74 48 40 65 23 32 44 25 54 31 45 32 62 54 29 18 9 4 3 1 1 0 0 0 0 0 0 0
31 56 68 69 84 80 89 89 87 89 80 55 15 8 4 3 1 0 0 0 0 0 0 0 0 0 0 0 0 0 0 0 0 0 0 0 0 0 0 1 0 0 2 7 12 12 23 22 26 35 50 47 55 55 39 15 16 6 14 20 38 59 73 73 81 83 71 57 67 64 49 75 28 57 31 43 45 37 57 28 13 30 24 16 8 3 2 1 0 0 0 0 0 0 0 0
19 37 32 52 67 69 77 80 86 67 86 73 34 21 10 3 1 0 0 0 0 0 0 0 0 0 0 0 0 0 0 0 0 0 0 0 0 0 0 0 1 0 2 4 5 10 11 23 14 38 26 23 17 22 21 16 8 10 24 29 73 67 45 70 66 67 70 44 40 80 52 68 55 28 32 81 46 60 71 66 55 51 25 10 8 2 1 1 1 0 0 0 0 0 0 0
3 11 27 58 47 62 64 79 80 84 71 40 35 21 7 1 1 0 0 0 0 0 0 0 0 0 0 0 1 0 0 0 0 0 0 0 0 0 0 1 1 1 1 5 6 9 7 13 20 18 18 12 9 13 7 2 5 15 21 46 36 48 79 80 49 66 81 78 55 65 76 73 73 36 38 71 46 65 55 44 57 33 26 12 6 3 1 1 1 0 0 0 0 0 0 0
3 2 12 32 41 45 65 67 69 81 50 37 26 8 3 2 0 0 0 0 0 0 0 0 0 0 0 0 0 0 0 0 0 0 0 0 0 0 0 1 1 5 14 8 16 13 2 2 10 9 11 5 4 3 1 1 8 13 21 32 27 37 72 64 54 68 48 49 75 86 79 65 56 43 36 62 56 30 23 26 12 12 11 4 5 4 1 0 1 1 0 0 0 0 0 0
5 1 2 5 5 24 31 26 54 71 44 44 42 11 3 1 0 0 0 0 0 0 0 0 0 0 0 0 0 0 0 0 0 0 0 0 1 1 1 1 2 7 4 4 4 3 3 1 1 6 4 4 1 2 1 3 12 17 23 19 28 53 47 63 69 59 34 53 54 39 56 70 55 42 71 54 47 28 33 33 9 5 8 4 3 3 1 0 1 1 0 0 0 0 0 0
13 3 0 0 3 5 6 16 54 57 75 52 40 16 2 1 0 0 0 0 0 0 0 0 0 0 0 0 0 0 0 0 0 0 0 0 0 0 1 4 2 2 3 3 1 1 1 1 0 2 2 1 1 0 1 3 6 8 15 24 39 37 31 26 58 32 40 44 33 36 34 56 55 55 52 57 41 44 43 25 26 22 33 14 7 4 2 2 1 1 0 0 0 0 0 0
8 2 0 0 2 1 1 11 34 20 64 62 43 16 2 0 0 0 0 0 0 0 0 0 0 0 0 0 0 0 0 0 1 0 0 2 1 1 1 2 5 1 2 4 5 1 0 0 1 0 1 1 0 0 0 1 4 6 6 19 48 29 26 19 21 34 34 24 47 45 48 38 41 51 36 33 44 60 65 64 58 38 23 30 14 7 4 1 1 1 1 0 0 0 0 0
7 2 0 0 0 0 1 9 6 7 39 40 18 8 1 0 0 0 0 0 0 0 0 0 0 0 0 0 0 0 0 0 0 1 0 1 2 3 4 2 2 1 0 0 0 0 0 0 0 0 0 0 0 0 1 1 3 4 8 9 10 12 16 16 12 26 40 27 15 27 35 29 35 49 44 45 24 23 42 46 53 32 23 14 8 5 3 3 2 1 0 0 0 0 0 0
3 0 0 0 0 0 1 2 4 7 19 22 7 1 1 0 0 0 0 0 0 0 0 0 0 0 0 0 0 0 0 0 0 1 1 1 3 2 2 2 2 1 0 0 1 0 0 0 0 0 0 0 0 1 1 2 4 5 11 7 5 3 8 11 11 11 13 14 29 32 33 42 40 55 27 35 47 25 23 13 9 10 5 4 5 3 3 5 2 1 1 0 0 0 0 0
1 0 0 0 0 0 0 0 1 3 4 4 1 0 0 0 0 0 0 0 0 0 0 0 0 0 0 0 0 0 0 0 0 0 1 1 2 2 1 1 1 1 1 0 0 0 0 0 0 0 0 0 0 1 1 2 3 3 5 2 2 2 16 36 30 20 30 51 56 49 56 39 65 62 53 69 60 42 39 33 38 19 9 5 2 6 6 2 1 1 0 0 0 0 0 0
1 0 0 0 0 0 1 0 0 0 0 0 0 0 0 0 0 0 0 0 0 0 0 0 0 0 0 0 0 0 0 0 0 0 0 0 0 1 0 0 0 0 0 0 0 0 0 0 0 0 1 0 0 0 1 1 1 1 1 1 2 8 18 37 33 43 27 50 54 59 35 24 32 32 68 42 28 33 58 64 44 28 18 10 10 11 4 1 1 1 1 1 0 0 0 0
0 0 0 0 0 0 0 0 0 0 0 0 0 1 0 0 0 0 0 0 0 0 0 0 0 0 0 0 0 0 0 0 0 0 0 0 0 0 0 0 0 0 0 0 0 0 0 0 0 1 1 1 0 0 1 1 1 1 1 3 6 15 17 20 27 41 45 46 39 39 73 43 37 41 56 40 68 64 64 64 53 40 23 9 5 4 3 3 2 1 1 0 0 0 0 0
0 0 0 0 0 0 0 0 0 0 0 0 1 0 0 0 0 0 0 0 0 0 0 0 0 0 0 0 0 0 0 0 0 0 0 0 0 0 0 0 0 0 0 0 0 0 0 0 1 1 1 1 1 1 1 2 2 1 3 6 13 20 17 29 37 49 31 58 48 55 43 24 51 56 73 66 47 29 27 25 17 16 7 3 3 3 2 3 1 1 1 1 1 0 0 0
0 0 0 0 0 0 0 0 0 1 0 0 0 0 0 0 0 0 0 0 0 0 0 0 0 0 0 0 0 0 0 0 0 0 0 0 0 0 0 0 0 0 0 0 0 0 1 1 1 2 1 1 1 3 2 2 2 1 5 19 29 20 28 48 44 31 34 29 24 34 40 26 23 24 56 53 57 58 28 25 22 9 2 8 3 3 3 1 3 3 2 1 1 1 0 0
0 0 0 0 0 0 0 0 0 1 1 0 0 0 0 0 0 0 0 0 0 0 0 0 0 0 0 0 0 0 0 0 0 0 0 0 0 0 0 0 0 0 0 0 0 1 1 1 1 2 4 3 3 3 2 3 3 3 6 16 35 33 34 24 39 36 42 72 66 39 57 49 31 38 59 66 42 46 48 35 34 14 15 5 7 9 6 2 4 4 6 1 1 0 0 0
0 0 0 0 0 0 1 1 1 0 0 0 0 0 0 0 0 0 0 0 0 0 0 0 0 0 0 0 0 0 0 0 0 0 0 0 0 0 1 1 1 0 1 1 1 1 2 1 1 1 2 6 4 5 5 4 6 4 12 22 23 30 37 33 23 33 38 49 49 43 55 57 30 43 68 68 42 43 45 36 25 14 13 7 10 13 7 5 9 9 2 1 0 0 0 0
0 0 0 0 0 0 0 0 0 0 0 0 0 0 0 0 0 0 0 0 0 0 0 0 0 0 0 0 0 0 0 0 0 0 0 0 0 0 1 2 2 1 1 1 2 2 3 3 1 1 1 2 7 7 8 6 14 8 7 25 31 36 43 53 41 16 13 22 25 48 39 34 27 26 54 66 40 61 56 35 20 12 16 15 22 14 12 16 12 12 4 1 0 0 0 0
0 0 0 0 0 0 0 0 0 0 0 0 0 0 0 0 0 0 0 0 0 0 0 0 0 0 0 0 0 0 0 0 0 0 0 0 1 1 1 2 3 1 1 2 2 7 4 5 3 3 1 1 3 6 10 15 18 19 16 23 27 30 29 39 48 53 36 27 22 29 32 30 22 26 40 63 38 44 43 24 26 13 32 21 33 33 36 33 15 4 2 0 0 0 0 0
0 0 0 0 0 0 0 0 0 0 0 0 0 0 0 0 0 0 0 0 0 0 0 0 0 0 0 0 0 0 0 0 0 0 0 0 0 1 3 4 3 2 1 1 4 3 6 6 7 4 2 2 1 2 3 6 23 57 26 25 30 28 30 32 40 55 54 40 28 42 33 26 40 54 55 59 50 44 46 35 29 31 43 27 45 27 11 5 6 2 1 0 0 0 0 0
0 0 0 0 0 0 0 0 0 0 0 0 0 0 0 0 0 0 0 0 0 0 0 0 0 0 0 0 0 0 0 0 0 0 0 0 0 1 1 2 1 0 6 1 2 9 7 9 6 9 6 3 3 5 6 11 18 21 27 42 59 43 29 31 38 57 66 50 37 40 34 32 48 42 58 56 37 41 44 47 34 38 39 59 53 34 12 5 6 3 3 1 0 0 0 0
0 0 0 0 0 0 0 0 0 0 0 0 0 0 0 0 0 0 0 0 0 0 0 0 0 0 0 0 0 0 0 0 0 0 0 0 0 1 1 1 0 2 4 9 5 3 5 13 11 16 13 10 5 4 6 12 17 23 15 23 26 28 38 67 40 36 36 46 32 45 24 18 14 26 45 69 50 49 42 44 49 72 45 57 68 48 14 7 10 7 2 1 0 0 0 0
0 0 0 0 0 0 0 0 0 0 0 0 0 0 0 0 0 0 0 0 0 0 0 0 0 0 0 0 0 0 0 0 0 0 0 0 0 0 0 0 0 2 8 3 1 4 11 2 7 24 41 26 16 11 7 19 9 8 7 20 36 20 40 23 54 37 19 16 21 14 45 57 42 42 34 54 24 27 35 56 76 54 70 52 30 26 15 3 4 4 2 0 0 0 1 1
0 0 0 0 0 0 0 0 0 0 0 0 0 0 0 0 0 0 0 0 0 0 0 0 0 0 0 0 0 0 0 0 0 0 0 0 0 0 0 1 2 1 2 6 5 3 11 13 5 8 16 26 30 16 15 9 13 19 14 20 21 35 43 52 47 70 37 23 31 26 37 45 35 57 31 65 23 50 66 69 72 76 66 60 52 28 21 5 3 2 1 0 0 0 1 1
0 0 0 0 0 0 0 0 0 0 0 0 0 0 0 0 0 0 0 0 0 0 0 0 0 0 0 0 0 0 0 0 0 0 0 0 0 1 1 1 3 5 3 6 12 12 6 13 35 11 19 19 41 23 27 11 11 15 39 21 23 26 38 33 38 44 59 45 22 27 39 62 30 33 56 51 59 57 54 73 78 74 53 27 22 22 12 5 2 2 1 0 0 0 1 0
0 0 1 1 0 0 0 0 0 0 0 0 0 0 0 0 0 0 0 0 0 0 0 0 0 0 0 0 0 0 1 2 1 1 0 0 1 1 1 2 3 6 9 11 7 24 25 8 23 28 23 29 37 30 27 17 19 25 26 26 28 25 24 22 26 29 38 57 34 26 28 53 20 19 26 42 52 71 70 73 47 42 40 31 26 8 5 2 2 2 1 0 0 1 0 0
0 0 1 1 0 0 0 0 0 0 0 0 0 0 0 0 0 0 0 0 0 0 0 0 0 0 0 0 0 0 1 3 2 1 1 0 1 2 2 2 4 12 6 9 29 28 19 27 19 54 54 30 20 71 36 32 32 28 26 38 30 32 25 27 24 46 51 44 49 60 37 14 32 21 42 51 30 57 69 76 55 37 40 24 20 18 21 13 4 3 2 0 0 1 1 0
0 1 1 1 0 0 0 0 0 0 0 0 0 0 0 0 0 0 0 0 0 0 0 0 0 0 0 0 0 0 0 1 4 1 1 0 0 3 4 3 4 9 14 10 33 25 52 34 46 50 54 48 41 58 41 31 30 33 29 43 28 21 27 36 35 42 38 50 37 15 45 35 27 31 28 27 24 34 36 65 78 56 51 52 52 38 22 16 10 5 1 0 1 1 2 1
0 0 1 0 0 0 0 0 0 0 0 0 0 0 0 0 0 0 0 0 0 0 0 0 0 0 0 0 0 0 0 1 2 2 3 0 0 1 5 7 5 11 14 12 32 37 52 53 57 46 68 66 68 66 57 53 54 40 27 54 44 30 18 27 37 54 46 54 57 61 37 37 26 44 22 39 28 36 41 25 23 57 55 50 35 26 18 17 12 2 1 0 1 2 4 1
0 0 1 0 0 0 0 0 0 0 0 0 0 0 0 0 0 0 0 0 0 0 0 0 0 0 0 0 0 0 0 1 1 4 5 1 1 1 1 6 14 13 10 29 43 38 38 29 47 66 67 71 72 66 69 57 55 55 41 57 36 31 19 22 34 21 38 41 47 49 38 25 13 26 28 30 28 35 42 50 43 42 54 42 33 30 49 16 5 5 1 0 0 2 4 2
1 0 1 1 0 0 0 0 0 0 0 0 0 0 0 0 0 0 0 0 0 0 0 0 0 0 0 0 0 0 1 2 3 3 5 2 2 1 2 1 5 12 26 14 50 66 40 46 53 58 70 71 74 65 53 71 53 52 57 60 40 47 21 33 38 52 31 37 32 35 25 30 41 19 41 22 37 46 56 62 49 54 50 27 32 27 24 14 7 3 1 0 1 2 6 7
1 2 2 2 1 0 0 0 0 0 0 0 0 0 0 0 0 0 0 0 0 0 0 0 0 0 0 0 0 1 1 3 5 10 8 7 4 4 5 4 6 2 7 18 38 40 58 62 55 56 67 70 70 65 74 76 53 51 53 58 56 47 27 40 39 37 22 21 22 24 22 27 35 28 20 26 50 60 49 56 63 54 48 31 19 21 21 11 6 2 1 0 1 3 5 14
1 4 3 2 1 0 0 0 0 0 0 0 0 0 0 0 0 0 0 0 0 0 0 0 0 0 0 0 0 0 1 2 4 6 3 7 9 12 11 24 44 10 8 10 14 17 26 76 73 72 43 66 65 72 76 38 36 60 54 53 57 53 41 39 57 44 26 17 23 17 17 16 15 43 46 35 41 65 59 51 53 60 62 35 18 16 11 5 4 1 0 0 1 4 6 19
2 6 4 2 1 1 0 0 0 0 0 0 0 0 0 0 0 0 0 0 0 0 0 0 0 0 0 0 0 0 0 1 2 8 9 4 5 4 3 8 20 40 26 14 20 41 33 61 56 70 72 56 64 63 57 60 49 25 63 62 53 48 34 31 46 39 26 15 23 24 17 22 19 32 49 35 47 59 54 48 56 67 56 40 29 16 9 4 2 1 0 0 2 3 8 18
2 11 6 3 1 1 0 0 0 0 0 0 0 0 0 0 0 0 0 0 0 0 0 0 0 0 0 0 0 0 0 0 1 9 6 2 2 2 2 4 10 14 37 55 62 46 52 29 29 28 29 41 64 57 45 57 40 43 35 58 50 41 30 29 53 22 15 13 14 22 25 30 38 47 36 32 35 49 41 36 44 48 48 39 20 13 9 9 3 1 0 0 1 2 7 10
5 18 11 2 1 0 0 0 0 0 0 0 0 0 0 0 0 0 0 0 0 0 0 0 0 0 0 0 0 0 0 1 0 0 0 0 0 1 2 6 6 12 14 47 50 42 22 15 36 27 32 38 61 49 48 63 65 58 62 50 40 45 39 38 23 11 22 22 9 16 17 21 31 19 22 18 24 31 23 32 46 46 28 29 19 14 13 12 8 3 1 0 1 2 7 7
11 11 5 2 1 1 0 0 0 0 0 0 0 0 0 0 0 0 0 0 0 0 0 0 0 0 0 0 0 0 1 1 0 0 0 1 1 2 3 4 4 10 13 9 19 27 16 38 48 32 28 61 29 50 70 38 68 50 31 31 69 55 44 24 7 11 19 25 16 25 21 10 25 11 22 20 25 29 43 42 45 42 40 45 34 21 18 15 10 2 1 0 0 2 3 5
27 4 3 3 2 1 1 0 0 0 0 0 0 0 0 0 0 0 0 0 0 0 0 0 0 0 0 0 0 0 1 1 0 0 1 2 1 1 3 6 10 7 7 15 14 11 33 43 45 35 42 38 43 51 37 40 39 33 23 22 12 32 34 23 24 10 37 37 23 20 20 23 33 35 37 44 44 46 56 50 54 63 54 62 48 19 15 14 9 2 1 0 0 1 3 5
22 12 5 6 2 2 1 1 0 0 0 0 0 0 0 0 0 0 0 0 0 0 0 0 0 0 0 0 0 0 0 0 0 0 1 2 1 3 4 5 2 5 10 11 12 10 21 30 32 49 41 35 50 39 37 48 43 56 55 34 21 27 38 26 38 14 22 33 24 7 10 38 16 39 53 52 55 49 56 65 67 62 40 39 38 22 15 13 4 2 1 0 0 1 3 6
21 22 23 8 5 4 2 0 0 0 0 0 0 0 0 0 0 0 0 0 0 0 0 0 0 0 0 0 0 0 0 0 0 0 1 2 1 1 5 2 2 3 8 8 8 7 20 37 61 64 57 62 51 69 43 61 57 28 36 41 30 28 48 80 81 40 31 24 17 7 7 5 5 15 15 19 22 32 49 56 48 46 41 44 44 29 16 12 4 2 1 0 0 0 1 4
44 42 24 13 7 2 1 1 1 0 0 0 0 0 0 0 0 0 0 0 0 0 0 0 0 0 0 0 0 0 0 0 0 0 1 1 0 1 0 1 2 1 7 4 7 19 17 12 48 43 49 45 36 48 66 66 28 28 33 43 44 36 28 37 19 50 23 30 6 3 11 19 21 22 23 31 32 21 15 30 48 33 38 62 43 29 18 7 7 3 1 0 0 1 1 3
38 38 20 11 5 3 2 1 1 0 0 0 0 0 0 0 0 0 0 0 0 0 0 0 0 0 0 0 0 0 0 0 0 0 0 0 1 1 3 2 2 2 4 6 17 18 14 11 29 24 27 10 12 11 14 13 22 43 34 32 44 47 28 24 13 19 15 4 9 7 4 12 38 36 17 19 41 51 64 63 60 48 20 38 50 28 20 20 10 3 1 0 0 2 2 3
38 38 13 7 6 5 5 2 1 0 0 0 0 0 0 0 0 0 0 0 0 0 0 0 0 0 0 0 0 0 0 0 0 0 0 0 0 1 1 2 3 4 8 11 14 22 15 9 7 11 7 9 13 16 16 18 26 20 40 24 30 20 21 11 7 5 13 7 7 6 8 8 9 22 12 15 42 64 59 62 52 36 33 44 38 19 12 13 12 8 2 0 1 2 4 8
38 24 18 14 9 13 9 4 1 0 0 0 0 0 0 0 0 0 0 0 0 0 0 0 0 0 0 0 0 0 0 0 0 0 0 0 0 1 2 1 2 4 7 9 15 11 9 7 11 10 16 26 30 34 35 42 27 36 16 13 20 37 30 17 25 19 13 5 8 5 11 20 8 18 21 32 49 50 42 38 34 34 27 26 20 12 5 7 8 8 3 0 1 3 7 18
32 22 25 16 29 20 6 2 1 1 1 1 1 0 0 0 0 0 0 0 0 0 0 0 0 0 0 0 0 0 0 0 0 0 0 0 0 0 1 1 2 2 5 6 6 12 15 16 16 13 11 36 53 48 47 53 49 34 42 19 27 34 50 35 17 20 12 9 4 7 20 39 14 20 18 31 64 58 54 55 43 43 30 22 36 13 14 18 13 5 1 0 1 4 9 18
24 20 26 34 22 16 9 2 2 3 3 2 1 1 1 0 0 0 0 0 0 0 0 0 0 0 0 0 0 0 0 1 1 0 0 1 0 1 1 1 3 3 3 4 7 11 23 30 38 25 39 49 43 48 50 50 50 46 47 46 33 37 28 30 25 20 10 7 3 3 7 11 10 13 28 48 40 38 39 28 47 50 32 13 4 6 16 12 7 2 0 1 3 5 6 14
14 27 40 46 26 13 10 12 12 8 6 3 2 1 1 0 0 0 0 0 0 0 0 0 0 0 0 0 0 0 0 1 1 1 0 0 1 2 2 3 4 5 3 5 6 12 14 24 44 55 71 60 39 40 55 65 43 46 60 50 37 23 26 28 13 5 5 4 2 5 11 12 10 15 27 24 33 25 31 35 44 19 10 14 25 15 13 9 8 2 1 1 3 5 6 8
20 36 34 42 37 18 17 26 23 15 8 4 2 1 1 0 1 0 0 0 0 0 0 0 0 0 0 1 1 1 1 1 1 2 1 1 1 2 5 7 8 11 12 6 6 11 6 11 22 20 46 63 71 57 44 59 40 48 62 53 48 15 11 9 5 4 4 5 1 6 9 20 18 18 10 11 18 10 16 26 27 29 41 25 47 20 11 13 3 0 1 3 5 10 9 12
40 44 43 47 38 34 39 35 34 21 11 3 1 2 1 1 0 0 0 0 0 0 0 0 0 0 1 1 2 2 1 1 2 3 2 2 2 2 5 14 21 27 22 13 16 11 14 20 21 24 28 37 43 67 60 48 63 54 35 41 48 42 21 8 4 1 2 4 2 6 16 19 19 11 14 27 27 42 52 50 54 66 60 39 25 18 16 8 2 0 1 3 10 12 17 22
63 47 36 24 47 42 35 29 23 16 7 3 3 2 2 1 0 0 0 0 0 0 0 0 0 1 1 3 3 3 2 2 4 3 4 2 5 3 5 14 33 28 43 28 18 20 25 30 39 35 41 50 52 42 44 42 51 54 49 44 20 22 12 24 16 3 2 2 6 15 20 29 40 35 15 27 46 68 68 68 70 51 26 11 25 17 5 2 0 1 1 2 6 17 23 25
68 56 35 18 32 33 21 19 8 5 4 4 4 4 1 0 0 1 0 0 0 0 0 0 1 0 1 2 2 0 4 5 5 3 6 4 9 11 5 12 19 30 36 46 31 24 40 35 39 50 38 53 53 43 39 40 24 26 43 34 31 24 8 11 5 3 1 5 10 10 15 17 21 30 28 55 41 40 66 64 59 36 43 33 20 15 7 1 1 1 1 3 4 11 25 48
55 49 26 12 17 16 10 11 8 7 7 10 6 3 0 0 0 0 1 0 0 0 0 0 1 0 0 1 2 2 1 5 6 5 7 9 8 23 27 16 22 35 39 47 48 27 42 53 56 51 40 67 55 44 40 36 35 9 10 12 5 6 11 8 2 3 4 19 5 4 6 9 17 32 53 58 56 32 53 41 43 42 37 28 23 13 6 1 1 4 4 3 5 11 13 29
46 33 16 13 10 7 12 15 14 13 17 8 2 1 1 1 1 0 0 0 0 0 0 0 1 1 1 2 3 4 4 2 1 12 21 16 19 23 15 29 43 37 53 53 53 29 35 49 49 55 55 58 46 45 41 23 19 19 23 21 15 14 9 5 3 0 3 1 2 3 11 33 40 44 36 49 56 57 55 46 51 40 41 32 22 13 3 0 2 5 10 8 7 11 14 20
52 40 39 36 34 24 34 29 34 24 13 10 4 2 1 2 1 1 0 0 0 0 0 0 1 1 3 3 3 8 8 5 3 13 25 28 31 28 19 22 21 21 15 14 28 42 55 50 50 42 45 50 44 44 37 43 30 9 41 39 17 11 8 3 4 1 2 3 8 9 19 26 35 53 46 32 53 45 55 41 46 57 45 28 20 5 1 1 3 7 13 12 15 15 23 26
57 49 65 65 44 11 5 17 29 20 14 12 9 6 4 1 1 1 0 0 0 0 0 0 1 2 3 5 8 7 12 13 7 10 27 33 37 29 34 18 21 24 26 16 17 18 44 59 56 53 30 30 41 40 37 33 28 44 26 16 17 20 18 11 2 1 2 6 9 11 19 11 22 29 30 37 46 60 61 64 64 53 48 25 13 4 3 1 7 9 13 9 16 33 37 46
62 67 47 27 11 7 34 34 20 7 12 24 19 10 3 2 2 1 1 0 0 0 0 0 2 3 3 4 8 16 18 22 13 15 17 35 45 46 48 22 47 27 39 29 18 20 20 28 60 68 40 23 36 47 35 28 32 20 33 29 14 11 15 10 2 1 1 1 10 31 35 34 35 41 29 48 53 55 42 55 48 45 62 40 14 6 2 1 7 10 11 15 13 23 34 49
52 37 38 20 18 29 39 27 16 12 16 16 15 7 2 5 3 1 1 1 0 0 0 1 1 2 3 5 17 23 25 29 17 7 8 24 21 33 39 43 59 58 38 46 44 19 21 55 55 56 39 23 28 26 44 26 21 23 12 13 10 15 13 5 3 2 3 6 8 9 27 45 48 65 56 41 70 56 47 48 60 53 26 52 17 5 1 2 7 8 17 19 23 18 25 26
22 37 52 27 26 48 33 30 37 28 18 10 5 4 5 4 3 3 1 1 0 0 0 0 1 2 5 11 20 17 36 33 19 14 15 17 19 25 16 49 58 63 56 36 56 29 27 55 49 23 53 22 27 23 22 49 32 23 43 27 8 6 7 7 2 2 3 4 11 33 40 53 62 43 71 53 43 41 65 44 56 55 29 12 15 4 1 2 6 10 20 17 36 50 47 30
27 35 49 58 57 53 49 41 24 15 9 3 4 5 9 4 3 1 1 1 0 0 0 1 1 2 4 6 11 12 21 19 32 38 29 20 21 25 23 33 36 55 55 65 49 41 32 52 37 26 44 45 12 22 22 9 8 8 19 15 15 3 4 3 2 4 5 14 16 44 57 50 42 58 42 65 53 60 61 59 62 28 10 4 5 1 1 6 10 10 16 12 40 55 47 44
55 55 63 53 56 45 27 31 16 12 6 7 18 9 4 2 2 3 2 1 0 0 0 1 2 4 7 6 11 16 36 32 40 49 44 38 21 23 39 26 41 32 36 71 65 53 39 52 19 17 29 17 15 14 16 20 9 7 6 6 4 9 8 4 2 2 7 18 13 13 8 15 29 25 44 45 60 66 57 59 52 31 10 5 1 1 3 7 7 13 12 13 26 36 42 49
54 51 48 58 50 21 13 18 20 15 15 24 22 8 6 3 3 1 1 1 0 0 0 1 3 6 10 12 17 13 29 45 49 53 52 60 24 15 31 42 40 39 44 53 64 48 33 46 49 42 22 33 62 17 19 20 12 6 6 8 2 2 3 2 4 1 3 8 28 32 23 23 26 8 8 20 36 43 59 51 33 26 16 2 0 2 6 6 5 7 12 19 29 17 29 29
48 37 34 39 34 30 25 14 21 26 23 12 4 5 5 4 4 1 1 1 1 0 0 1 5 8 17 20 25 32 30 41 66 58 42 64 38 28 30 29 43 38 49 48 57 41 26 36 50 59 31 28 44 34 13 18 14 13 5 6 7 4 2 1 4 1 4 19 22 33 39 46 34 33 30 26 15 30 40 53 40 12 3 2 0 1 4 9 12 11 16 18 21 25 43 50
26 30 43 30 34 31 27 43 16 6 5 4 12 17 8 3 4 2 1 0 0 0 1 2 5 7 16 28 39 39 58 59 64 64 65 42 55 42 32 37 53 46 48 49 28 40 60 35 22 11 27 22 10 25 24 11 13 10 4 2 2 5 2 1 2 4 5 9 18 27 39 41 28 53 58 60 52 45 33 30 29 10 4 0 1 3 3 3 8 11 15 17 23 22 28 32
42 30 48 37 35 67 49 23 18 11 15 20 21 9 3 1 1 1 0 0 0 1 3 2 5 9 22 30 35 46 55 70 78 72 66 71 56 68 52 36 53 60 42 23 31 50 56 47 22 23 21 28 24 14 15 11 9 6 5 3 1 3 3 0 0 2 3 8 14 26 60 76 63 61 77 79 85 68 49 22 15 6 1 0 1 1 4 5 8 11 15 19 28 30 32 38
38 41 30 29 34 23 33 38 37 39 33 15 8 6 2 1 0 0 0 0 0 1 2 3 8 12 15 23 30 33 36 61 66 82 76 58 58 67 61 33 35 62 38 34 21 39 49 45 56 34 22 17 28 36 19 4 10 10 8 2 1 1 1 1 2 1 12 30 57 27 29 68 79 60 37 56 72 72 45 20 10 4 1 0 2 2 4 5 8 13 18 22 26 32 31 33
25 37 38 28 18 10 6 31 22 18 22 10 4 3 2 1 1 0 0 0 0 1 4 12 18 23 32 23 22 18 29 43 48 64 80 39 32 70 62 30 28 47 51 27 25 33 32 45 45 37 7 6 17 20 7 6 8 6 4 7 2 1 1 1 1 4 2 3 14 71 48 36 56 71 43 36 46 69 47 17 7 2 0 0 1 2 3 4 7 11 20 17 25 27 43 47
29 33 29 28 35 35 18 27 22 18 10 8 7 5 2 1 1 0 0 0 0 1 2 7 21 25 27 30 37 39 31 34 35 37 48 65 34 32 64 54 25 24 44 29 19 26 26 38 46 36 20 6 27 15 9 6 4 1 1 2 1 0 0 1 2 3 4 15 24 43 60 41 41 26 25 18 6 35 42 11 5 1 0 0 1 3 4 7 8 13 14 11 22 26 22 31
18 19 17 26 21 26 15 30 18 17 11 7 6 4 3 1 1 0 0 0 0 0 1 4 12 18 18 20 24 18 50 33 35 23 35 44 69 31 15 47 37 20 43 28 13 21 21 29 20 25 29 7 7 7 4 6 2 1 1 0 1 1 1 2 1 4 9 14 18 58 63 42 35 51 43 33 11 7 21 13 2 0 0 1 2 4 4 7 8 15 13 29 37 38 40 35
24 26 38 55 29 28 16 27 20 14 9 4 3 2 2 1 1 0 0 1 0 0 2 4 7 14 11 36 34 24 53 68 78 63 61 68 54 42 25 16 17 29 28 17 10 10 21 25 22 11 23 6 6 5 5 6 3 1 1 2 1 1 1 2 17 12 24 29 32 41 24 38 50 58 53 39 23 6 5 5 2 0 1 2 3 7 5 4 10 10 17 17 30 35 47 55
35 39 37 36 32 34 24 19 15 9 6 4 4 3 2 1 1 0 0 1 0 0 2 4 7 10 10 9 19 46 49 58 62 62 29 21 32 49 39 34 12 7 29 15 8 11 10 6 20 8 5 8 2 4 2 1 3 1 1 1 1 1 2 3 15 18 13 22 19 20 42 51 63 56 60 46 11 8 5 1 0 0 1 2 4 2 4 2 6 9 12 9 16 17 28 37
10 17 22 28 25 28 30 26 25 12 9 10 8 5 2 1 0 1 1 2 1 1 2 2 5 5 6 19 25 24 43 25 19 23 34 46 48 24 31 45 42 22 17 9 14 6 6 5 2 3 4 1 5 2 3 1 1 1 0 1 0 0 1 2 2 3 8 21 26 44 56 54 40 42 25 48 28 16 4 1 0 0 2 2 1 4 3 6 10 21 11 25 25 14 33 46
8 6 13 17 14 14 27 26 18 23 20 15 8 3 2 1 0 1 2 3 1 2 4 5 2 3 5 8 12 14 28 31 23 42 45 44 30 29 22 45 20 9 8 8 11 9 7 3 2 7 2 3 1 3 3 1 1 0 1 0 1 1 3 4 7 7 15 23 35 43 55 41 46 42 25 16 20 10 4 1 0 1 1 1 3 2 10 7 16 6 9 19 17 20 20 23
16 16 17 18 10 4 7 25 24 21 12 9 7 4 2 1 0 1 2 5 4 5 5 6 4 3 3 4 3 10 16 31 30 55 54 45 39 24 23 13 14 10 7 3 4 5 10 3 2 2 1 1 2 2 3 1 1 1 0 0 2 1 6 19 9 10 16 23 30 58 59 66 55 42 37 23 9 3 1 0 0 1 2 2 3 4 6 11 10 13 24 22 27 32 32 34
