sesion_6_simulaciones/modelos_agentes/ejemplos_netlogo/scenarios/echam4_a2/rob_2014.asc
NCOLS 322 
NROWS 307 
XLLCORNER 451900 
YLLCORNER 4086900 
CELLSIZE 100 
NODATA_value -9999 
[rows 0 to 74 of 307, columns 192 to 287 of 322]
34 29 13 7 23 46 20 9 7 8 9 3 2 1 2 1 1 1 1 1 1 1 0 1 1 2 1 2 3 8 2 0 0 0 0 0 0 0 0 0 1 0 0 2 3 4 3 7 13 19 11 14 20 32 36 51 41 79 46 36 9 13 19 48 59 44 60 56 26 36 22 11 16 18 39 23 20 38 52 29 15 14 12 12 10 7 21 21 21 25 10 24 35 56 19 6
46 25 29 27 30 47 14 19 26 13 7 5 7 5 3 3 3 1 1 1 1 1 0 0 0 2 1 1 0 1 6 2 0 0 0 0 0 0 0 0 1 0 0 0 1 1 3 4 11 43 61 43 30 34 39 40 65 60 59 19 25 15 47 42 53 50 59 43 42 20 6 21 11 16 47 24 46 35 34 31 25 29 26 12 8 4 11 20 23 21 14 26 25 27 14 12
31 54 36 33 52 43 26 10 6 14 14 13 20 19 7 13 6 5 7 6 4 1 1 0 0 0 0 0 0 0 0 2 1 0 0 0 0 0 0 0 0 0 1 1 1 4 4 6 15 25 33 34 48 43 61 69 34 26 37 20 19 30 40 31 38 62 32 27 19 25 14 13 11 16 53 20 50 44 22 36 27 22 25 21 8 3 7 10 21 17 11 37 21 32 12 3
39 41 59 53 35 31 27 24 24 39 19 33 43 28 20 30 16 6 9 15 8 5 3 1 1 0 0 0 0 0 0 0 0 0 0 0 0 0 0 0 0 0 0 0 1 5 4 6 2 6 6 10 21 50 41 47 42 13 19 25 29 18 23 43 35 57 44 37 47 18 25 21 6 7 35 19 23 18 27 34 26 25 23 22 9 3 6 15 27 11 20 19 17 29 8 2
27 19 39 12 40 47 42 28 38 35 29 21 21 18 21 35 20 22 22 24 16 6 4 3 1 2 1 2 1 0 0 0 0 0 0 0 0 0 0 0 0 0 0 1 1 1 2 4 13 27 35 33 36 33 64 56 22 16 4 6 26 31 28 42 45 55 34 25 15 11 7 7 8 5 15 14 12 19 43 55 47 16 15 29 22 14 2 12 14 19 21 10 24 37 13 2
27 22 34 28 18 23 39 17 34 25 16 21 6 18 25 24 31 24 6 7 12 5 3 4 3 3 1 2 1 0 0 0 0 0 0 0 0 0 0 0 0 0 0 1 3 8 12 19 21 13 20 26 43 50 75 42 23 16 5 35 59 64 60 62 44 63 27 35 39 30 37 23 17 11 7 10 13 13 23 21 32 55 34 22 21 14 4 8 10 14 7 10 21 22 14 4
19 9 10 23 16 11 34 11 7 12 17 40 15 6 15 22 17 20 8 2 4 9 11 12 4 3 4 2 2 1 1 0 0 0 0 0 0 0 0 0 0 0 1 1 7 4 6 12 28 22 35 70 29 51 59 23 15 16 8 23 42 56 55 57 68 62 48 40 40 16 24 21 12 19 14 6 2 9 25 30 23 46 25 10 4 18 5 4 5 5 6 15 32 44 10 9
13 8 7 10 21 14 26 32 7 3 6 8 26 4 1 5 3 6 7 3 2 5 2 6 4 3 3 2 3 2 2 1 1 1 1 0 0 0 0 0 0 1 1 2 5 8 11 31 53 46 49 25 49 36 43 17 10 4 9 14 26 29 27 28 26 54 30 22 39 23 20 14 16 16 16 9 2 14 30 15 39 57 27 9 5 13 9 3 4 9 12 15 35 22 12 10
25 16 12 6 9 8 12 30 32 10 4 3 6 12 5 3 2 6 8 4 3 6 1 3 9 5 4 4 4 5 4 3 3 2 1 1 0 0 0 0 0 0 1 3 10 8 5 15 24 33 21 20 52 28 26 7 4 25 50 43 60 49 55 42 54 75 43 30 13 13 18 14 13 12 9 5 3 6 9 18 30 49 29 14 5 5 4 3 2 12 9 16 16 20 10 15
17 15 13 6 4 2 9 10 26 16 10 4 4 6 6 2 2 1 6 5 5 7 1 1 4 4 4 2 1 3 0 1 2 3 2 1 0 0 0 0 0 0 1 2 4 2 2 15 6 6 8 57 26 26 10 5 13 39 52 69 49 81 63 39 56 31 56 42 39 16 16 20 16 7 4 3 2 4 19 10 7 30 33 26 9 3 6 2 2 3 5 17 12 19 9 31
22 16 14 11 5 2 1 1 3 8 4 3 2 7 3 2 3 0 1 4 2 5 8 1 1 1 7 2 0 2 3 0 0 0 0 1 0 0 0 0 0 0 1 4 1 3 6 7 2 4 29 30 11 15 4 4 11 29 32 49 72 73 43 24 29 47 57 59 63 44 49 28 21 14 6 4 2 2 5 11 14 41 61 25 22 5 3 4 1 4 14 5 8 6 7 43
42 22 9 9 9 7 4 2 1 1 1 1 2 2 2 1 1 2 1 1 3 4 3 2 0 1 4 2 1 1 2 3 0 0 0 0 1 0 0 0 1 1 1 1 0 0 3 1 2 14 34 20 7 4 2 13 18 20 30 76 52 43 10 22 38 42 65 63 53 60 39 27 29 24 19 11 3 2 8 10 12 59 27 42 20 11 3 2 1 6 7 3 12 4 15 40
49 32 27 34 24 20 16 7 13 6 4 2 1 1 1 1 1 3 2 1 0 1 1 1 0 1 1 1 1 0 0 1 0 0 0 0 0 0 0 0 1 1 1 1 1 1 4 1 3 17 11 4 1 4 15 29 33 47 73 62 12 18 23 18 19 22 39 38 60 40 20 28 42 40 29 11 3 1 7 12 37 35 10 20 28 13 4 1 1 5 4 3 11 3 12 14
58 57 50 50 43 34 23 18 15 13 10 9 3 2 1 1 0 0 0 0 0 0 0 0 0 1 1 1 0 0 0 1 0 0 0 0 0 0 0 0 0 0 0 0 0 2 1 1 4 2 1 0 1 5 10 16 41 41 31 6 34 57 55 45 46 25 23 20 56 47 58 64 36 21 13 11 4 1 3 9 29 9 6 16 45 14 7 2 1 1 2 3 5 3 8 6
15 49 54 58 46 45 24 26 9 9 13 8 5 4 4 3 2 1 0 0 0 0 0 0 0 0 0 0 0 0 0 0 0 0 0 0 0 0 0 0 0 0 0 0 0 0 0 1 1 1 0 0 1 3 8 14 17 4 18 36 55 54 54 77 80 70 61 44 46 56 58 49 50 28 10 6 2 1 3 9 11 4 2 24 38 40 14 13 4 1 1 2 2 3 10 7
21 36 55 27 38 64 38 17 26 16 9 11 8 10 9 4 3 1 1 0 0 0 0 0 0 0 0 0 0 0 0 0 0 0 0 0 0 0 0 0 0 0 0 0 0 0 0 1 0 0 1 1 1 3 4 8 3 18 25 35 50 66 74 63 58 69 36 30 65 17 41 72 46 28 27 22 16 6 2 8 10 4 1 3 11 34 5 3 3 3 0 2 1 2 8 7
44 9 53 24 25 46 63 63 21 9 13 11 16 13 9 6 5 3 1 1 1 1 0 0 0 0 0 0 0 0 0 0 0 0 0 0 0 0 0 0 0 0 0 0 0 0 0 0 0 2 1 3 3 2 2 9 16 20 28 34 62 47 64 54 56 34 27 57 41 32 29 17 48 27 47 45 38 16 9 2 16 7 4 1 2 11 20 3 1 1 0 0 1 3 2 2
19 4 32 11 25 32 44 17 50 51 27 28 23 5 5 4 5 5 2 2 1 1 1 0 0 0 1 1 0 0 0 0 0 0 0 0 0 0 0 0 0 0 0 0 0 0 0 1 1 1 2 7 6 7 3 8 11 36 43 48 73 46 37 30 20 23 42 58 43 25 12 14 39 44 48 46 45 37 17 3 2 5 5 3 1 3 8 5 2 0 1 0 1 2 1 1
13 11 16 13 7 21 33 12 15 45 18 35 49 20 10 6 10 16 11 5 4 2 1 0 1 0 1 1 1 0 0 0 0 0 0 0 0 0 0 0 0 0 0 0 0 0 1 1 1 2 4 7 7 5 10 15 22 23 24 45 63 17 7 5 19 24 27 75 59 17 16 10 39 39 9 18 54 37 33 15 3 1 10 4 2 1 3 4 4 1 0 0 2 1 0 0
12 3 6 9 5 9 34 8 5 19 28 35 39 22 25 14 3 6 6 9 3 2 2 1 1 1 1 2 2 1 1 1 0 0 0 0 0 0 0 0 0 0 0 0 1 1 1 2 1 3 6 5 12 12 14 17 5 4 14 42 63 17 5 22 37 38 60 59 41 28 14 6 12 40 28 8 17 25 31 23 14 2 2 5 3 1 0 2 4 2 0 0 1 0 1 2
28 5 7 6 1 4 20 7 10 6 17 11 20 4 9 11 2 1 4 12 5 7 2 1 4 3 2 1 1 1 0 0 0 0 0 0 0 0 0 0 0 0 0 1 1 1 1 1 3 7 5 7 17 23 36 36 20 16 27 44 39 8 9 36 41 40 39 15 35 33 18 4 6 15 41 15 6 8 52 17 10 3 1 2 3 0 1 3 1 1 0 0 0 0 2 7
10 1 7 7 1 1 5 15 1 5 19 13 17 6 5 2 2 0 1 10 9 5 3 2 1 1 0 0 0 0 0 0 0 0 0 0 0 0 0 0 0 0 0 0 0 1 1 2 3 3 2 6 11 39 49 59 57 48 34 32 14 6 19 30 52 50 38 18 14 26 9 4 6 10 36 16 5 6 11 23 10 5 1 1 3 1 1 2 1 0 0 1 1 1 6 11
13 2 9 12 3 2 2 5 1 1 12 5 4 2 1 2 2 2 0 1 1 4 8 8 2 0 1 1 0 0 0 0 0 0 0 0 0 0 0 0 0 0 0 1 0 0 0 1 0 1 1 4 12 9 25 48 30 24 15 52 15 6 21 33 35 44 62 30 22 7 4 4 14 26 47 14 5 6 10 33 10 3 1 0 1 2 1 2 0 0 1 6 3 3 4 9
6 4 3 8 1 2 3 4 3 1 1 1 1 3 1 1 2 2 1 1 1 1 4 2 2 0 1 1 0 0 0 0 0 0 0 0 0 0 0 0 0 0 0 0 0 0 0 0 1 1 1 4 4 7 8 7 6 17 45 21 5 12 25 27 46 64 38 25 22 11 4 6 13 27 25 9 7 4 9 21 13 11 3 0 0 1 1 1 0 0 1 1 5 12 6 8
2 1 2 2 1 0 3 5 1 0 1 0 1 1 2 1 1 2 1 0 0 1 1 1 1 0 1 1 1 0 0 0 0 0 0 0 0 0 0 0 0 0 0 0 0 1 1 1 1 2 4 2 2 1 2 4 14 19 50 13 4 23 22 21 48 69 30 35 26 11 6 6 12 36 18 7 10 4 5 11 11 9 7 3 0 0 1 0 0 2 3 4 5 5 29 10
0 1 0 1 0 0 3 4 1 0 0 0 0 0 1 1 1 0 1 1 0 0 0 0 0 0 0 1 2 0 0 0 0 0 0 0 0 0 0 0 0 0 0 0 0 0 1 0 0 2 3 6 5 12 8 11 15 38 30 3 8 18 17 13 41 47 24 22 16 11 4 4 14 35 10 12 8 2 2 4 5 8 3 1 1 0 0 0 2 6 8 9 16 11 8 26
0 0 0 0 0 1 2 1 0 0 0 0 0 0 0 0 1 1 0 0 0 0 0 0 0 0 0 0 0 0 0 0 0 0 0 0 0 0 0 0 0 0 0 0 0 0 0 0 1 1 4 6 5 12 22 39 48 57 13 3 11 17 12 20 64 47 10 17 17 8 4 2 9 33 9 6 4 3 1 1 4 7 1 1 0 0 0 2 6 6 9 10 16 26 44 24
0 0 0 0 0 0 0 0 0 0 0 0 0 0 0 0 0 0 0 0 0 0 0 0 0 0 0 0 0 0 0 0 0 0 0 0 0 0 0 0 0 0 0 0 0 0 1 1 1 3 3 5 8 11 24 50 31 18 2 10 17 13 31 48 76 27 28 10 8 7 6 3 13 32 13 5 4 4 1 1 3 6 3 3 1 0 0 1 2 2 2 2 3 6 19 25
0 0 0 0 0 0 0 0 0 0 0 0 0 0 0 0 0 0 0 0 0 0 0 0 0 0 0 0 0 0 0 0 0 0 0 0 0 0 0 0 0 0 0 0 0 0 1 3 1 3 2 3 6 6 38 25 7 2 8 15 18 17 40 69 30 14 20 8 6 6 4 2 7 22 37 10 5 2 1 1 3 6 4 2 0 0 0 1 0 2 3 6 9 10 11 23
0 0 0 0 0 0 0 0 0 0 0 0 0 0 0 0 0 0 0 0 0 0 0 0 0 0 0 0 0 0 0 0 0 0 0 0 0 0 0 0 0 0 0 0 0 1 1 1 3 2 2 2 6 9 29 5 2 4 11 17 15 18 40 65 18 10 9 12 5 2 1 2 14 18 8 19 7 3 1 0 4 3 4 1 0 0 0 1 4 7 4 11 18 19 18 8
0 0 0 1 0 0 0 0 0 0 0 1 1 1 1 1 0 0 0 0 0 0 0 0 0 0 0 0 0 0 0 0 0 0 0 0 0 0 0 0 0 0 0 1 1 2 2 2 3 8 11 12 9 13 7 2 1 7 8 14 7 17 47 47 20 6 7 10 7 3 1 2 16 5 4 24 12 4 1 0 1 1 2 1 0 0 1 2 2 5 6 6 5 6 9 25
1 1 1 1 0 0 0 1 1 1 1 1 2 1 2 1 1 1 0 0 0 0 0 0 0 0 0 0 0 0 0 0 0 0 0 0 0 0 0 0 0 0 0 1 1 2 3 7 5 8 4 23 13 5 6 3 1 5 10 18 21 20 52 13 5 12 12 4 9 2 1 2 4 4 3 19 6 3 1 0 1 1 1 1 0 1 4 6 8 6 5 3 7 10 11 20
2 2 1 2 1 0 0 1 1 1 2 3 3 3 3 1 1 1 1 1 1 1 0 0 0 0 0 0 0 0 0 0 0 0 0 0 0 0 0 0 0 0 0 1 2 2 5 8 6 7 3 2 6 6 7 1 3 5 5 12 12 23 34 30 21 9 5 3 10 6 1 1 3 3 5 21 4 2 1 0 0 1 1 0 0 1 4 12 18 16 20 10 15 25 23 50
4 4 4 2 1 1 1 1 2 3 4 3 4 2 3 2 2 1 1 2 1 1 0 0 0 0 0 0 0 0 0 0 0 0 0 0 0 0 0 0 0 0 0 1 1 4 2 1 9 5 3 2 5 6 1 0 2 3 5 11 24 34 45 14 6 5 8 4 3 4 2 1 3 3 5 6 6 4 1 0 0 0 0 0 1 2 2 3 3 4 5 12 23 24 52 50
5 5 5 5 4 1 1 2 4 6 7 5 6 4 4 4 2 5 3 2 1 0 0 0 0 0 0 0 0 0 0 0 0 0 0 0 0 0 0 0 0 0 1 1 0 1 1 2 2 2 2 1 2 0 1 0 1 2 3 9 26 37 23 34 11 4 4 3 2 4 4 1 1 2 3 4 5 2 1 0 0 0 0 1 2 1 1 3 9 13 15 13 11 45 21 23
13 19 10 2 5 1 3 3 11 8 7 7 8 15 15 7 6 4 2 3 1 1 0 1 1 0 0 0 1 0 0 0 0 0 0 0 0 0 0 0 0 0 1 0 0 1 1 2 1 1 1 0 1 0 1 0 1 4 7 14 12 11 27 36 7 2 2 1 3 2 2 1 1 1 2 5 4 2 1 0 0 0 0 2 4 5 4 5 8 8 8 29 29 38 17 5
25 37 9 8 12 3 3 12 13 21 6 11 19 14 22 9 4 2 6 3 2 1 0 2 0 0 1 1 0 0 0 0 0 0 0 0 0 0 0 0 0 0 0 0 0 1 3 3 2 1 1 0 0 0 1 2 3 2 2 4 6 12 20 33 9 4 3 2 1 1 1 1 0 1 2 2 1 2 1 0 0 1 2 1 3 12 14 16 18 19 11 22 14 14 14 4
21 34 11 9 16 5 6 22 21 23 5 14 31 19 29 9 6 6 7 7 3 1 1 0 1 1 2 0 0 0 0 0 0 0 0 0 0 0 0 0 0 0 0 0 1 2 2 1 2 0 0 0 1 1 1 1 1 1 3 4 4 19 25 17 6 22 17 8 4 2 1 1 0 1 1 1 1 1 0 0 0 1 4 7 9 15 19 18 14 17 18 25 5 2 9 5
38 16 16 12 19 6 8 28 49 23 5 26 43 33 31 27 9 16 24 9 4 1 2 1 2 2 0 0 0 0 0 0 0 0 0 0 0 0 0 0 0 0 0 0 2 1 1 0 0 1 0 0 1 1 1 1 1 2 13 19 16 21 54 18 25 12 15 12 3 2 1 1 0 0 0 1 0 1 0 0 0 1 1 4 4 2 6 2 2 3 3 40 17 4 3 1
70 44 21 14 18 8 17 37 71 21 9 21 47 48 45 16 13 49 13 2 2 7 4 3 3 1 1 1 1 1 0 0 0 0 0 0 0 0 0 0 0 0 0 0 0 0 0 0 0 0 0 0 1 2 2 4 6 7 6 13 31 23 13 30 21 17 3 6 14 3 1 0 0 0 0 0 0 0 0 0 0 1 2 2 2 1 2 4 9 23 34 57 21 4 2 1
64 60 25 26 28 13 20 46 66 29 12 30 75 72 30 37 18 16 3 2 5 16 19 9 3 3 1 1 1 1 1 2 1 0 0 0 0 0 0 0 0 0 0 0 0 0 0 0 0 0 1 1 2 3 4 6 5 5 16 42 39 32 18 28 3 36 19 2 1 6 6 3 1 0 0 0 0 0 0 0 1 1 1 1 1 2 8 16 9 10 13 26 8 4 2 1
69 54 30 43 39 34 26 54 68 36 24 38 77 65 41 24 8 3 1 5 14 20 9 2 1 1 0 3 2 1 1 1 0 0 0 0 0 1 0 0 0 0 0 0 0 0 0 0 0 0 1 1 1 2 2 3 6 17 12 50 29 9 10 46 14 5 21 4 1 1 1 2 2 2 0 0 0 0 0 0 1 1 1 1 1 4 10 8 8 19 8 13 9 5 2 0
71 59 35 52 51 47 47 44 54 37 31 42 57 22 18 12 3 4 3 9 24 6 3 3 1 1 1 4 3 1 4 1 0 0 0 1 1 1 1 0 0 0 0 0 0 0 0 0 0 0 0 0 2 1 4 6 3 12 19 32 3 1 10 36 7 7 3 13 3 0 0 1 1 1 1 1 0 0 0 0 0 1 1 1 1 3 16 5 4 20 5 5 6 1 1 0
48 44 43 59 60 43 62 49 72 76 64 47 39 27 32 23 13 15 6 11 20 7 5 4 2 1 1 7 5 2 5 1 1 1 1 2 1 1 0 0 1 0 0 0 0 0 0 0 0 0 0 1 2 1 2 3 2 6 20 6 3 2 16 34 11 2 1 1 4 1 0 0 0 0 1 0 0 0 0 0 0 0 1 1 3 8 13 4 4 13 3 1 1 3 1 0
63 37 66 75 67 68 66 83 75 89 87 85 41 60 53 44 33 12 10 24 17 7 4 2 3 3 2 7 7 7 3 2 2 2 2 3 5 2 1 1 2 1 0 0 0 0 0 0 0 0 1 1 1 1 1 1 3 11 22 3 1 2 5 23 13 5 1 0 2 2 1 0 0 0 1 0 0 0 0 0 0 1 1 1 2 1 2 1 2 2 4 2 2 1 0 0
56 52 58 67 79 81 85 85 70 66 71 78 83 78 37 29 21 14 16 12 6 7 5 6 9 6 6 21 12 20 5 5 4 4 5 10 10 2 2 1 2 1 0 0 0 0 0 0 0 0 0 0 0 0 0 1 4 6 5 4 1 1 2 26 4 3 3 0 1 2 1 0 0 0 0 1 0 0 0 0 0 1 2 3 2 1 1 1 1 1 1 1 1 0 0 0
67 57 41 42 55 63 74 50 41 35 46 53 55 76 44 31 34 41 28 14 12 13 11 17 28 16 10 27 23 16 7 11 6 10 7 11 6 3 4 1 0 0 1 0 0 0 0 0 0 0 0 0 0 1 1 0 2 2 2 8 2 1 3 6 3 0 2 1 1 1 1 1 0 0 0 2 0 0 0 0 0 1 0 3 1 1 1 1 1 0 0 0 0 0 0 1
69 77 47 25 46 41 43 56 34 41 45 32 52 76 82 66 72 58 35 26 34 30 31 26 31 21 17 34 31 11 15 15 13 15 19 17 10 5 1 0 0 1 1 0 1 0 0 0 0 0 0 0 0 1 1 0 1 1 1 1 1 1 2 4 5 0 1 1 0 1 1 0 0 0 0 0 0 0 0 0 0 0 1 2 1 1 1 0 1 0 0 0 0 0 1 1
49 62 82 44 22 21 42 39 57 25 17 18 57 37 51 91 90 41 59 56 52 47 44 33 36 28 28 47 32 24 22 19 21 35 30 9 2 1 2 1 2 1 1 1 1 1 0 0 0 0 0 0 0 0 1 1 1 1 1 1 1 1 1 1 6 0 0 1 0 0 0 0 0 0 0 0 0 0 0 0 0 0 2 1 0 0 0 0 0 0 0 0 0 1 1 1
68 66 73 78 32 10 11 44 41 31 5 7 17 34 68 76 66 85 86 65 54 70 62 28 44 33 50 39 35 30 33 23 35 51 48 12 7 4 6 5 7 6 2 2 2 1 0 0 0 0 0 0 0 0 1 0 1 1 1 0 0 0 0 0 2 1 0 0 0 0 0 0 0 0 0 0 0 0 0 0 0 0 0 0 0 0 0 0 0 0 0 0 1 1 1 1
48 32 39 86 35 22 15 15 12 15 9 2 11 59 70 69 55 47 75 61 67 74 61 38 60 54 67 56 49 58 36 33 33 34 30 12 9 10 9 8 2 2 5 8 1 0 0 0 0 0 0 0 0 0 0 1 1 1 0 0 0 0 0 1 2 1 0 0 0 0 0 0 0 0 0 0 0 0 0 0 0 0 0 0 0 0 0 0 0 1 1 1 1 1 1 1
17 33 33 79 80 16 16 7 8 6 7 4 12 20 25 35 53 76 49 16 54 19 61 77 89 78 69 41 62 34 45 27 21 10 47 30 28 15 5 4 1 0 6 3 2 1 0 0 0 0 0 0 0 0 0 0 0 0 0 0 0 0 0 0 1 1 0 0 0 0 0 0 0 0 0 0 0 0 0 0 0 0 0 0 0 0 0 0 1 1 1 2 2 1 1 1
9 15 23 28 73 64 22 6 5 5 4 4 8 24 40 46 15 60 57 23 58 43 16 34 53 30 48 23 45 11 7 18 10 9 18 60 38 16 6 24 5 4 5 4 3 1 0 0 0 0 0 0 0 0 0 0 0 0 0 0 0 0 0 0 0 1 0 0 0 0 0 0 0 0 0 0 0 0 0 0 0 0 0 0 0 0 0 0 1 1 1 1 5 2 1 1
4 6 12 3 23 79 22 8 3 2 3 4 3 6 12 18 30 45 25 36 59 28 6 28 44 24 21 19 22 36 19 21 14 7 10 35 49 60 52 36 24 13 10 11 5 1 1 1 1 0 0 0 0 0 0 0 0 0 0 0 0 0 0 0 0 0 0 0 0 0 0 0 0 0 0 0 0 0 0 0 0 0 0 0 0 0 0 0 0 0 0 1 2 2 1 2
7 4 8 25 20 44 67 16 10 3 1 1 2 3 11 8 25 43 4 13 62 41 10 5 47 50 23 12 20 25 7 6 7 4 5 12 24 28 18 6 11 11 5 7 7 4 5 4 1 0 0 0 0 0 0 0 0 0 0 0 0 0 0 0 0 1 0 0 0 0 0 0 0 0 0 0 0 0 0 0 0 0 0 0 0 0 0 0 0 1 1 1 1 2 3 3
11 3 2 10 24 35 65 41 10 6 2 2 1 2 2 1 9 6 6 37 78 19 7 3 5 26 9 12 10 19 16 8 8 6 6 25 13 5 3 2 4 1 1 17 6 12 14 8 2 1 2 1 1 0 0 0 0 0 0 0 0 0 0 0 0 0 0 0 0 0 0 0 0 0 0 0 0 0 0 0 0 0 0 0 0 0 0 0 1 1 1 1 1 2 2 5
21 11 6 3 4 6 13 40 11 11 4 1 1 1 3 1 4 3 14 14 65 17 7 4 2 5 5 7 2 14 15 4 4 4 5 10 9 2 1 2 2 1 1 3 8 6 3 1 1 1 1 1 0 0 0 0 0 0 0 0 0 0 0 0 0 0 0 0 0 0 0 0 0 0 0 0 0 0 0 0 0 0 0 0 0 0 0 2 0 1 1 2 3 3 4 6
8 6 11 3 3 12 13 35 32 13 6 1 1 1 1 1 2 4 4 15 43 59 21 6 1 2 3 1 2 9 13 4 2 3 2 2 2 2 1 1 1 1 1 1 7 4 3 1 0 0 0 0 0 0 0 0 0 0 0 0 0 0 0 0 0 0 0 0 0 0 0 0 0 0 0 0 0 0 0 0 0 0 0 0 0 0 1 1 1 2 2 2 3 6 4 8
16 9 3 1 2 4 7 14 25 8 4 2 1 0 1 1 0 1 5 31 22 40 21 10 3 1 4 3 1 1 5 2 3 2 1 1 1 3 1 1 1 1 0 1 3 4 4 1 1 0 0 0 0 0 0 0 0 0 0 0 0 0 0 0 0 0 0 0 0 0 0 0 0 0 0 0 0 0 0 0 0 0 0 0 0 0 0 1 1 1 1 1 2 4 4 2
25 16 3 1 0 3 3 7 17 12 2 2 1 1 1 1 0 3 10 22 6 13 20 3 2 2 1 2 2 0 2 3 1 1 0 1 1 0 1 1 1 1 0 0 1 3 5 2 1 1 0 0 0 0 0 0 0 0 0 0 0 0 0 0 0 0 0 0 0 0 0 0 0 0 0 0 0 0 0 0 0 0 0 0 0 0 0 0 1 0 0 1 2 2 2 2
26 14 5 3 1 1 2 4 24 2 3 1 0 0 0 0 0 2 8 4 1 6 37 4 2 2 1 1 1 2 1 1 1 0 1 0 0 0 0 0 1 0 0 0 0 1 4 2 2 1 0 0 0 0 0 0 0 0 0 0 0 0 0 0 0 0 0 0 0 0 0 0 0 0 0 0 0 0 0 0 0 0 0 0 0 0 1 1 0 1 1 1 1 2 3 1
24 14 5 2 1 1 2 3 13 3 1 2 1 0 0 0 0 2 3 1 6 11 27 9 2 1 1 2 0 2 1 1 1 0 1 0 0 0 0 0 0 0 0 1 1 2 3 2 4 2 1 0 0 0 0 0 0 0 0 0 0 0 0 0 0 0 0 0 0 0 0 0 0 0 0 0 0 0 0 0 0 0 0 0 0 0 0 0 1 1 1 1 1 1 2 3
15 7 4 2 1 1 0 1 3 8 1 0 1 0 0 0 0 1 1 2 2 6 20 8 2 3 1 1 1 2 1 0 0 0 0 0 0 0 0 0 0 0 0 2 1 1 2 1 2 2 2 0 0 0 0 0 0 0 0 0 0 0 0 0 0 0 0 0 0 0 0 0 0 0 0 0 0 0 0 0 0 0 0 0 0 0 0 0 0 1 1 2 1 2 6 3
14 10 2 1 1 1 1 1 1 3 3 0 0 0 0 0 0 0 0 1 2 5 24 6 3 1 2 1 1 1 0 0 0 0 0 0 0 0 0 0 0 0 1 1 0 1 1 0 2 1 1 1 0 0 0 0 0 0 0 0 0 0 0 0 0 0 0 0 0 0 0 0 0 0 0 0 0 0 0 0 0 0 0 0 0 0 0 0 0 1 1 1 1 0 1 2
49 22 7 1 1 1 0 1 1 2 2 1 0 0 0 0 0 0 0 0 1 2 11 4 1 1 1 1 0 0 1 0 0 0 0 0 0 0 0 0 0 0 0 0 0 0 0 0 1 1 1 1 1 0 0 0 0 0 0 0 0 0 0 0 0 0 0 0 0 0 0 0 0 0 0 0 0 0 0 0 0 0 0 0 0 0 0 0 0 0 1 2 1 1 1 0
10 33 17 4 1 0 0 0 1 1 4 1 1 0 0 0 0 0 0 0 1 2 6 5 1 0 0 0 0 0 0 0 0 0 0 0 0 0 0 0 0 1 0 0 0 0 0 0 1 1 0 0 0 0 0 0 0 0 0 0 0 0 0 0 0 0 0 0 0 0 0 0 0 0 0 0 0 0 0 0 0 0 0 0 0 0 0 0 0 0 1 1 1 1 1 2
2 28 3 14 5 2 0 0 0 1 2 1 0 0 0 0 0 0 0 0 1 2 2 4 2 1 0 0 0 0 0 0 0 0 0 0 0 0 0 0 0 0 0 0 0 0 0 0 1 1 0 0 0 0 1 0 0 0 0 0 0 0 0 0 0 0 0 0 0 0 0 0 0 0 0 0 0 0 0 0 0 0 0 0 0 0 0 0 0 0 0 0 0 1 1 1
4 4 2 8 2 3 1 0 0 0 1 1 0 0 0 0 0 0 0 0 0 0 4 4 4 2 1 1 0 0 0 0 0 0 0 0 0 0 0 0 0 0 0 0 0 0 0 0 1 1 0 0 0 0 0 0 0 0 0 0 0 0 0 0 0 0 0 0 0 0 0 0 0 0 0 0 0 0 0 0 0 0 0 0 0 0 0 0 0 0 0 0 1 1 2 2
4 3 2 1 2 1 2 0 0 0 0 0 0 0 0 0 0 0 0 0 0 2 4 4 5 2 1 0 0 0 0 0 0 0 0 0 0 0 0 0 0 0 0 0 0 0 0 0 1 1 1 0 0 0 0 0 0 0 0 0 0 0 0 0 0 0 0 0 0 0 0 0 0 0 0 0 0 0 0 0 0 0 0 0 0 0 0 0 0 0 0 0 0 0 1 1
3 2 2 1 1 0 0 1 0 0 0 0 0 0 0 0 0 0 0 0 1 1 3 2 2 2 0 0 0 0 0 0 0 0 0 0 0 0 0 0 0 0 0 0 0 0 0 0 1 1 0 0 0 0 0 0 0 0 0 0 0 0 0 0 0 0 0 0 0 0 0 0 0 0 0 0 0 0 0 0 0 0 0 0 0 0 0 1 0 0 0 0 0 1 1 1
2 2 2 1 0 0 0 0 0 0 0 0 0 0 0 0 0 0 0 1 0 0 1 1 1 1 1 0 0 0 0 0 0 0 0 0 0 0 0 0 0 0 0 0 0 0 0 0 1 0 0 0 0 0 0 0 0 0 0 0 0 0 0 0 0 0 0 0 0 0 0 0 0 0 0 0 0 0 0 0 0 0 0 0 1 0 1 1 0 0 0 0 0 0 1 1
0 0 1 1 0 0 0 0 0 0 0 0 0 0 0 0 0 0 0 0 0 0 1 1 0 0 0 0 0 0 0 0 0 0 0 0 0 0 0 0 0 0 0 0 0 0 0 1 1 0 0 0 0 0 0 0 0 0 0 0 0 0 0 0 0 0 0 0 0 0 0 0 0 0 0 0 0 0 0 0 0 0 0 0 1 1 1 1 1 1 0 0 1 1 1 1
0 0 0 0 0 0 0 0 0 0 0 0 0 0 0 0 0 0 0 0 0 0 0 0 0 0 0 0 0 0 0 0 0 0 0 0 0 0 0 0 0 0 0 0 0 0 0 0 1 0 0 0 0 0 0 0 0 0 0 0 0 0 0 0 0 0 0 0 0 0 0 0 0 0 0 0 0 0 0 0 0 0 0 0 1 1 2 2 1 2 2 2 1 1 1 3
0 0 0 0 0 0 0 0 0 0 0 0 0 0 0 0 0 0 0 0 0 0 0 0 0 0 0 0 0 0 0 0 0 0 0 0 0 0 0 0 0 0 0 0 0 0 0 0 0 0 0 0 0 0 0 0 0 0 0 0 0 0 0 0 0 0 0 0 0 0 0 0 0 0 0 0 0 0 0 0 0 0 0 0 0 1 1 1 4 4 1 4 3 3 2 2
0 0 0 0 0 0 0 0 0 0 0 0 0 0 0 0 0 0 0 0 0 0 0 0 0 0 0 0 0 0 0 0 0 0 0 0 0 0 0 0 0 0 0 0 0 0 0 0 0 0 0 0 0 0 0 0 0 0 0 0 0 0 0 0 0 0 0 0 0 0 0 0 0 0 0 0 0 0 0 0 0 0 0 0 0 0 0 0 0 0 0 0 3 8 7 4
