sesion_6_simulaciones/modelos_agentes/ejemplos_netlogo/scenarios/echam4_a2/rob_2044.asc
NCOLS 322 
NROWS 307 
XLLCORNER 451900 
YLLCORNER 4086900 
CELLSIZE 100 
NODATA_value -9999 
[rows 222 to 295 of 307, columns 0 to 95 of 322]
12 19 31 48 42 27 42 32 7 20 22 25 47 19 17 10 10 4 5 6 17 27 31 37 27 24 19 35 52 28 17 45 58 28 53 43 26 28 37 63 32 32 48 60 54 76 51 60 64 84 83 57 42 41 37 21 27 43 26 31 33 20 13 28 16 18 8 11 5 4 3 2 1 0 0 0 0 0 0 0 0 0 0 0 0 0 1 2 2 1 0 1 1 2 6 2
32 36 27 18 22 31 33 43 26 12 13 29 31 15 8 9 10 19 24 23 27 39 24 63 44 40 34 33 35 44 28 40 29 36 62 17 21 29 36 63 61 49 42 66 28 18 32 19 22 65 73 57 54 36 27 28 15 17 28 28 22 30 12 14 23 9 7 7 7 3 1 1 1 0 0 0 0 0 0 0 0 0 0 0 0 0 0 1 3 2 1 1 3 3 1 1
31 50 61 74 51 48 41 44 28 35 43 57 26 17 17 25 21 40 19 21 63 17 33 38 39 30 21 56 42 36 35 40 32 53 35 24 34 44 38 60 54 55 53 84 79 67 56 56 49 26 34 45 31 27 19 17 16 20 20 19 17 18 9 29 28 12 7 4 3 2 1 1 0 0 0 0 0 0 0 0 0 0 0 0 0 1 1 2 6 5 2 3 5 3 1 0
37 54 50 59 63 67 35 26 18 51 55 38 24 16 20 25 8 4 3 39 20 31 59 42 29 43 33 40 32 23 31 31 50 15 15 42 30 54 36 60 54 65 70 52 56 73 58 70 71 47 26 28 18 25 12 13 13 21 13 11 16 8 6 4 6 4 2 2 1 1 1 0 0 0 0 0 0 0 0 0 0 0 0 0 1 2 2 3 12 10 9 8 2 1 1 1
10 21 27 19 34 76 53 9 33 43 56 23 37 32 7 5 3 2 16 51 16 41 55 60 40 39 27 11 30 20 32 57 44 21 35 39 56 64 44 50 72 79 74 47 59 63 66 36 67 78 32 24 10 14 13 17 11 9 9 6 4 3 4 2 1 3 4 2 1 0 0 0 0 0 0 0 0 0 0 0 0 0 0 0 1 2 6 11 16 19 10 3 2 1 1 0
36 23 28 30 34 32 15 19 19 28 46 51 54 13 3 3 17 27 47 64 30 33 49 74 58 27 41 17 23 36 14 34 65 28 21 23 45 48 79 86 55 48 36 71 46 51 71 52 40 17 31 34 30 24 20 18 17 9 7 5 4 2 2 1 1 2 1 1 0 0 0 0 0 0 0 0 0 0 0 0 0 0 1 1 1 2 9 27 17 1 1 1 1 1 0 0
35 27 24 46 32 31 35 32 20 44 41 35 27 11 19 42 47 52 55 69 28 42 43 63 15 14 39 11 29 41 14 13 35 33 21 41 33 23 66 80 66 43 61 43 83 60 37 41 37 32 23 43 38 31 32 22 8 9 3 2 1 0 0 0 1 1 1 0 0 0 0 0 0 0 0 0 0 0 0 0 0 1 1 1 2 5 7 31 9 2 2 1 1 1 1 1
10 20 44 27 24 26 43 41 36 39 34 52 34 37 35 54 46 28 61 56 28 33 28 29 13 45 15 5 29 29 13 22 19 29 58 71 54 40 24 42 52 32 25 20 41 79 59 39 33 31 24 23 23 30 33 26 10 6 1 1 0 0 0 1 2 1 0 0 0 0 0 0 0 0 0 0 0 0 0 0 1 1 2 1 6 10 14 16 4 2 3 4 1 1 0 0
39 30 30 32 41 35 55 35 45 38 25 41 27 53 34 50 50 38 38 62 13 22 20 16 25 7 16 18 16 26 9 21 11 24 24 50 44 66 35 14 36 56 45 47 60 29 37 27 19 21 15 14 24 21 16 14 14 6 5 1 2 1 1 1 1 0 0 0 0 0 0 0 0 0 0 0 0 0 0 1 2 1 3 2 3 19 42 14 6 6 9 4 1 1 0 0
17 36 40 47 27 29 36 66 23 38 26 21 35 37 26 50 48 32 23 34 19 15 15 27 16 12 13 12 10 14 7 14 44 33 22 16 57 33 40 33 15 27 69 75 79 50 23 14 27 30 26 10 14 18 13 11 7 2 2 4 2 1 0 1 0 1 0 0 0 0 0 0 0 0 0 0 0 1 2 3 5 4 5 3 2 10 32 8 5 14 8 2 1 1 0 0
13 15 32 41 31 35 31 49 26 25 26 25 21 35 24 30 56 18 15 22 8 12 3 13 10 11 6 5 10 8 12 19 26 55 34 35 22 28 38 15 27 22 20 36 36 26 22 15 27 17 24 13 12 10 7 13 5 2 1 1 1 0 0 0 0 0 0 0 0 0 0 0 0 0 0 0 1 2 3 7 11 18 8 4 3 6 14 12 14 9 3 1 1 0 1 1
6 7 32 20 21 47 39 26 36 25 40 34 23 41 28 19 26 11 14 10 12 4 3 2 6 7 3 5 10 7 7 12 10 13 10 21 12 15 18 11 23 37 61 35 33 16 17 7 9 9 13 8 8 9 10 4 3 1 0 0 1 1 0 1 1 0 0 0 0 0 0 0 0 0 0 0 1 4 5 14 28 24 14 14 6 9 35 32 18 6 3 2 1 1 1 0
9 5 5 15 16 28 46 45 55 18 26 39 9 21 11 16 38 6 10 11 10 11 2 3 8 4 2 13 21 31 30 6 21 17 34 35 35 39 29 37 50 53 57 62 59 54 47 21 22 34 19 9 7 5 3 3 1 0 0 1 1 2 2 1 0 0 0 0 0 0 0 0 0 0 1 1 2 4 8 17 18 35 26 30 19 48 25 23 10 11 7 5 3 2 1 1
1 2 9 12 17 18 19 30 17 29 32 19 3 5 4 5 23 3 3 4 1 5 3 5 3 3 2 7 21 14 54 63 52 47 68 50 53 36 38 41 51 58 56 74 45 27 22 6 13 23 30 16 7 4 3 3 2 2 4 2 1 1 1 1 0 0 0 0 0 0 0 1 1 1 2 1 1 3 9 20 42 32 38 32 55 34 31 25 8 8 18 9 6 2 1 2
1 3 1 2 4 13 18 18 14 14 11 17 3 11 2 9 4 2 2 1 2 1 2 1 4 4 16 15 24 13 22 49 78 57 71 88 87 71 71 62 28 67 73 65 77 60 56 31 23 25 18 12 13 5 4 9 7 4 2 1 1 2 1 0 0 0 0 0 0 0 0 0 2 3 2 1 2 2 5 9 42 57 53 23 19 66 28 28 22 22 10 9 5 4 2 2
0 1 1 2 3 8 7 19 24 15 6 2 4 0 2 5 2 29 2 7 27 16 8 3 3 1 3 6 8 15 17 19 24 72 59 82 87 81 81 72 67 36 76 77 78 56 60 35 24 21 9 7 3 4 1 1 2 2 2 1 1 0 0 0 0 0 0 0 0 0 0 1 2 3 4 2 3 4 6 8 32 56 44 16 50 50 34 50 44 20 18 11 8 5 7 4
0 0 3 6 12 3 6 16 16 11 5 2 1 1 2 1 0 0 10 10 12 28 21 6 3 2 6 8 8 17 15 24 29 26 19 56 87 60 80 50 61 58 55 67 65 56 31 16 36 28 17 12 12 8 5 2 2 1 1 1 0 0 0 0 0 0 0 0 0 0 0 1 2 5 13 5 4 6 13 22 43 60 34 32 50 17 8 13 20 7 6 10 6 6 3 1
0 1 1 0 2 3 4 5 5 3 3 2 1 0 1 1 1 1 1 6 4 2 34 19 3 1 6 13 14 20 19 14 27 35 21 25 58 72 68 65 64 54 59 45 50 57 49 22 10 24 18 14 11 10 8 2 1 1 1 0 0 0 0 0 0 0 0 0 0 0 1 1 3 4 10 15 6 7 11 40 50 76 31 35 61 21 18 14 8 5 4 6 6 3 1 0
0 0 0 1 0 1 1 2 5 4 3 1 1 0 1 0 1 3 4 11 3 3 3 20 20 3 10 31 27 28 37 28 35 47 38 29 26 62 47 50 27 34 22 34 32 29 8 29 15 11 14 7 6 7 7 5 3 2 1 2 1 0 0 0 0 0 0 0 0 1 1 2 3 4 5 22 30 14 32 33 69 62 55 73 26 26 25 19 21 20 8 8 5 2 1 0
0 0 0 0 0 0 1 1 1 3 1 1 1 1 1 1 2 6 7 4 2 1 3 35 15 11 12 10 5 13 20 24 37 38 39 43 24 22 24 19 32 19 9 10 14 22 17 20 8 6 10 6 6 4 3 3 2 1 1 1 0 0 0 0 0 0 0 0 1 1 1 3 5 4 7 9 51 13 20 56 71 52 60 66 55 44 27 48 39 8 7 4 3 1 0 0
0 0 0 0 0 0 0 0 1 1 1 1 0 0 1 2 2 4 8 8 4 3 2 6 9 6 8 25 7 30 41 29 26 37 34 48 44 25 17 10 9 15 19 17 24 21 12 6 7 9 6 5 3 3 3 2 2 1 0 0 0 0 0 0 0 0 0 1 1 1 3 2 1 6 26 23 52 31 38 61 72 68 49 56 37 21 19 37 23 15 4 2 2 1 1 0
0 0 0 0 0 0 0 1 0 0 0 1 5 9 15 8 3 1 1 3 7 7 4 16 30 22 17 20 19 24 39 40 42 44 40 51 49 64 44 18 19 12 12 10 10 8 9 4 3 5 3 4 4 3 1 1 1 0 0 0 0 0 0 0 0 0 1 1 1 2 3 4 2 8 22 19 45 66 45 64 67 68 66 59 38 45 26 26 21 13 6 4 1 1 0 0
0 0 0 0 0 0 0 0 0 0 0 1 0 0 3 24 4 2 2 2 6 4 7 11 4 13 29 52 51 46 38 49 51 58 56 49 52 58 66 59 28 19 17 19 18 9 5 6 8 5 8 6 3 2 2 1 1 1 0 0 0 0 0 0 0 1 1 3 4 5 5 6 4 9 39 19 12 56 85 61 66 70 60 49 35 21 6 16 20 10 4 1 1 1 1 1
0 0 0 0 0 0 0 0 0 1 4 2 1 1 2 1 1 1 3 4 3 14 8 8 20 18 7 18 25 57 63 59 68 75 62 47 62 72 73 60 32 28 23 28 26 24 11 19 10 4 2 2 2 2 1 1 1 1 0 0 0 0 0 0 1 1 2 4 9 10 9 12 9 15 39 48 17 48 67 59 57 38 25 14 18 25 10 10 9 5 3 2 2 2 1 1
0 0 0 0 0 0 0 0 0 0 0 0 1 4 3 2 2 4 1 5 12 6 7 14 11 27 14 5 5 48 36 70 84 66 66 66 51 58 68 66 52 57 41 24 32 35 15 15 9 4 4 4 2 2 1 1 1 1 1 1 0 0 0 1 1 1 2 7 8 18 14 24 11 13 35 57 52 36 68 42 28 18 27 18 13 6 5 7 13 9 3 3 3 2 2 1
0 0 0 0 0 0 0 0 0 0 0 0 1 1 1 1 3 8 2 7 4 7 8 11 9 24 23 13 11 9 14 11 53 57 53 49 38 57 50 33 28 19 15 12 18 31 14 10 7 6 4 2 1 1 0 1 1 1 1 0 0 0 0 0 1 2 5 7 7 14 38 24 29 13 18 51 50 74 45 30 36 22 21 19 21 8 11 11 8 3 3 5 6 3 2 1
0 0 0 0 0 0 0 0 0 0 0 5 1 1 0 2 3 6 7 2 2 4 3 7 11 11 20 19 35 38 20 33 36 25 13 26 33 41 26 30 15 14 7 11 11 10 9 12 4 3 3 2 2 2 0 1 1 1 1 0 0 0 0 1 1 2 2 2 3 5 15 42 57 16 11 39 29 66 31 42 24 22 14 21 20 16 14 5 8 6 7 8 3 2 1 0
0 0 0 0 0 0 0 0 0 0 1 4 1 0 2 3 10 5 6 3 3 4 5 10 14 20 41 40 20 16 13 16 36 41 30 24 42 47 40 33 34 26 39 27 14 12 11 12 9 5 1 2 2 1 1 1 1 1 0 0 0 0 0 0 1 2 3 9 6 4 9 16 36 46 25 27 63 51 42 32 16 28 25 16 8 15 18 13 15 16 6 6 2 1 1 1
0 0 0 0 0 0 0 0 0 0 1 0 1 1 2 4 10 2 7 3 5 5 6 10 48 61 53 24 43 55 49 28 49 46 40 37 46 60 47 42 49 36 23 21 19 15 23 21 10 6 6 4 5 5 2 1 1 1 0 0 0 0 0 1 2 3 7 13 15 8 5 8 23 46 57 33 71 51 50 52 43 25 31 36 25 22 30 20 14 16 14 4 4 2 1 1
0 0 0 0 0 0 0 0 0 1 1 1 2 1 5 4 15 7 2 7 5 13 11 21 40 67 67 41 22 34 38 34 23 26 36 29 31 41 36 60 65 38 38 33 43 33 26 25 14 8 9 10 5 3 2 2 1 1 0 0 0 0 0 1 3 6 17 15 9 10 10 15 22 22 18 68 70 51 42 41 29 33 51 41 40 44 36 37 23 16 6 3 2 2 1 1
0 0 0 0 0 0 0 0 1 5 11 2 1 2 5 2 3 3 2 4 9 10 17 53 36 22 47 46 36 52 59 47 24 16 21 21 36 45 54 52 39 38 66 55 57 43 24 12 9 6 3 4 5 2 2 1 1 1 0 0 0 0 0 2 5 9 14 16 17 26 24 20 47 55 42 49 68 58 33 40 41 52 47 27 35 36 32 18 24 8 4 3 4 2 1 1
0 0 0 0 0 0 1 3 11 7 21 15 3 2 7 6 4 0 2 2 3 3 8 33 9 17 35 59 62 69 83 43 60 40 24 15 28 71 55 57 62 16 20 9 12 22 11 16 7 6 5 5 5 4 1 1 1 1 0 0 0 1 1 2 6 18 16 16 12 42 63 23 56 74 77 58 47 48 43 28 37 34 37 50 38 33 19 15 15 10 8 8 5 3 1 0
0 0 0 0 0 0 0 0 1 3 1 1 3 3 5 5 5 3 3 3 4 4 14 22 4 4 6 34 41 30 46 79 52 64 61 55 52 51 44 46 55 52 39 42 38 20 19 23 13 11 9 3 3 2 2 1 1 1 1 0 0 1 3 6 10 15 17 18 15 15 44 70 41 65 74 71 58 40 54 44 56 57 37 28 35 32 20 12 14 22 16 10 4 2 1 0
0 0 0 0 0 0 0 1 2 2 1 3 3 3 6 6 9 3 1 7 10 7 12 37 9 1 11 6 17 29 11 24 59 50 64 63 40 15 15 15 33 35 31 37 46 46 26 11 18 13 7 9 6 3 2 3 1 1 1 0 1 2 5 10 21 27 18 16 40 34 25 24 67 74 60 73 55 54 73 70 27 24 26 33 29 19 27 18 19 9 6 3 1 1 1 0
0 0 0 0 0 0 0 0 1 1 1 2 1 3 3 2 5 1 2 3 2 18 18 39 21 9 11 16 26 20 21 9 7 17 19 18 18 17 17 12 9 15 13 17 36 32 17 28 22 17 12 9 7 5 4 3 2 1 1 0 1 3 5 16 26 29 20 30 34 60 44 42 29 31 52 55 71 66 44 48 42 53 46 51 38 28 36 27 10 5 4 3 1 0 1 1
0 0 0 0 0 0 0 0 0 1 1 1 2 3 3 7 6 1 2 2 6 20 30 31 12 2 12 26 20 33 36 13 39 47 50 43 41 35 34 17 13 14 44 51 47 28 31 24 24 21 16 10 7 5 4 3 2 1 1 0 0 3 12 23 22 39 28 37 39 33 78 60 47 37 22 63 48 69 58 55 59 71 67 54 40 49 31 20 8 5 4 3 1 1 1 2
0 0 0 0 0 0 0 0 0 0 1 2 10 13 11 26 12 3 1 1 12 19 29 25 12 25 6 25 27 40 23 46 42 29 35 38 31 31 16 25 50 60 34 34 23 34 25 21 28 18 19 15 9 6 5 4 2 1 1 0 0 2 6 24 51 44 29 46 38 35 34 52 66 22 16 30 71 81 77 68 65 63 60 64 55 32 30 17 21 8 3 2 1 1 1 5
0 0 0 0 0 0 0 0 0 1 3 2 11 17 22 4 2 1 1 6 11 14 27 35 37 14 19 20 18 19 27 67 32 31 37 41 40 26 37 40 64 54 52 48 47 42 38 31 36 27 23 14 11 7 6 3 2 1 1 0 1 2 7 18 43 36 51 61 49 67 64 66 64 33 34 50 67 64 68 60 59 55 51 53 39 31 28 29 27 15 5 3 2 3 2 8
0 0 0 0 0 0 0 0 0 3 2 4 5 45 6 3 5 3 2 7 9 13 18 9 9 8 37 9 24 19 44 29 42 53 42 42 41 45 54 48 38 55 57 61 57 55 45 49 39 18 13 10 9 9 9 4 2 2 1 0 1 2 7 16 31 33 31 51 72 60 75 66 68 36 59 58 66 67 50 49 53 52 39 31 28 27 25 21 14 13 10 6 2 6 9 9
0 0 0 0 0 0 0 0 1 2 3 3 1 8 2 1 3 4 9 6 9 19 19 8 7 21 11 18 31 54 57 51 47 48 38 42 55 55 59 53 58 70 70 52 46 58 55 50 31 22 18 14 9 7 5 6 5 2 1 0 1 3 9 16 24 36 29 36 64 81 75 69 61 83 68 48 38 43 53 53 49 50 49 41 27 35 18 26 14 9 10 7 3 7 10 9
0 0 0 0 0 0 0 0 2 1 2 2 1 0 0 1 3 4 3 6 10 9 8 22 22 8 10 35 58 20 19 19 42 39 47 55 56 56 55 55 59 68 54 56 66 58 57 53 28 26 18 14 9 5 5 6 2 2 2 1 1 2 15 23 37 34 33 33 36 40 54 58 61 70 19 44 45 44 39 41 41 38 34 49 39 37 28 23 12 11 11 4 5 10 11 16
0 0 0 0 0 0 0 0 1 1 2 2 2 3 3 1 0 1 1 8 14 8 40 39 10 14 21 34 19 22 24 28 37 32 46 54 57 57 47 74 61 50 51 61 31 49 61 57 49 39 11 11 9 11 10 5 3 3 2 1 0 2 5 18 29 37 69 50 54 53 48 32 46 64 48 56 57 43 44 42 49 42 47 44 38 15 14 9 13 20 10 3 8 20 23 25
0 0 0 0 0 0 0 1 1 4 3 1 1 2 3 3 1 0 2 9 8 32 22 9 12 34 18 19 19 24 29 29 22 33 39 59 42 42 63 56 48 68 73 41 58 57 54 54 39 19 14 19 16 14 12 10 7 5 2 1 1 2 8 14 24 49 68 83 53 62 52 33 36 70 77 41 49 57 59 40 38 42 51 41 24 9 23 19 13 8 4 2 11 24 27 25
0 0 0 0 0 0 1 1 3 7 0 1 1 0 0 1 2 1 4 10 8 10 3 9 27 7 6 14 20 23 42 31 23 37 46 49 48 62 68 67 48 43 48 58 53 56 39 39 33 28 24 30 25 11 10 9 8 4 3 1 1 4 6 16 30 43 65 76 70 69 54 56 60 73 48 43 40 42 49 54 40 70 51 28 30 33 25 15 7 3 2 6 17 27 28 33
0 0 0 0 1 0 0 1 3 1 0 0 1 1 1 2 4 3 9 4 3 3 2 10 8 11 14 26 32 29 26 19 24 30 51 37 73 68 68 42 30 31 41 56 64 55 51 47 44 39 32 28 16 10 8 7 5 5 4 3 2 5 10 24 44 49 45 48 69 80 72 35 43 72 43 48 69 66 63 69 63 47 41 40 40 37 15 13 7 4 5 16 21 26 21 34
0 0 0 0 0 0 0 0 1 0 0 1 1 2 2 3 2 4 6 14 10 9 1 8 11 22 24 36 19 13 22 24 34 35 68 35 21 15 16 34 38 56 68 71 68 60 52 51 32 45 26 21 22 10 11 6 5 5 5 4 2 10 18 24 49 52 47 29 49 71 71 49 58 68 45 29 50 74 72 71 68 39 44 45 37 32 13 10 15 6 16 21 12 35 37 37
0 0 0 0 0 0 0 0 1 2 0 1 1 0 1 1 1 10 5 4 5 8 8 6 20 15 17 22 15 18 38 32 24 70 23 16 44 48 49 47 63 70 64 68 70 70 62 53 37 34 31 28 24 21 15 12 10 6 5 3 7 13 31 61 58 54 44 50 57 61 72 46 45 61 72 53 54 56 70 72 58 60 43 44 39 27 15 5 6 15 17 11 21 27 54 41
0 0 0 0 0 0 0 1 0 1 2 1 0 0 1 1 2 2 4 8 5 8 4 7 16 19 15 18 22 23 24 29 38 28 8 29 34 43 55 83 62 60 70 71 71 70 55 45 38 28 31 29 26 16 19 10 14 12 7 7 10 26 24 49 55 52 47 58 61 53 78 71 52 68 68 54 60 62 59 56 62 49 38 34 33 18 9 3 6 22 12 22 30 34 57 39
0 0 0 0 0 0 0 0 0 2 1 0 0 1 1 1 4 1 2 9 22 8 2 4 24 14 25 20 16 15 41 73 43 7 16 42 33 64 70 65 63 73 72 56 60 59 57 52 34 38 34 32 28 25 23 19 17 14 9 10 12 15 23 31 55 72 58 74 75 63 55 56 56 62 73 73 56 52 44 44 47 42 34 35 27 14 6 4 17 22 25 42 50 40 49 38
0 0 0 0 0 0 0 1 1 0 0 1 0 1 0 7 2 3 3 9 7 3 7 11 2 17 17 10 40 26 51 36 8 15 49 20 45 38 52 76 78 61 49 79 71 49 55 55 51 43 39 37 30 27 25 22 19 12 13 14 16 31 21 26 29 55 76 77 73 73 79 78 54 67 54 50 34 42 54 59 42 44 31 35 27 6 5 17 16 27 42 51 47 30 47 45
0 0 0 0 0 0 0 0 0 0 1 1 0 0 0 4 1 0 1 1 2 4 11 4 2 8 6 10 43 37 34 7 11 24 39 67 38 47 66 70 69 58 66 37 51 45 58 68 52 49 44 40 37 31 30 28 15 9 19 29 23 37 36 37 40 53 59 83 64 60 43 67 51 35 36 49 59 48 42 43 40 25 38 26 10 6 12 18 28 26 32 44 58 48 50 47
0 0 0 0 0 0 0 0 0 0 0 0 0 1 1 7 1 2 1 1 9 3 6 1 7 13 7 25 46 20 12 9 13 18 57 60 59 49 54 56 57 64 51 40 47 76 63 57 54 65 51 43 40 36 34 29 16 12 27 34 53 59 46 49 41 52 66 67 77 58 49 40 49 57 49 65 51 52 45 45 32 33 19 11 8 14 26 33 30 47 46 35 36 46 40 34
0 0 0 0 0 0 0 0 0 0 0 1 0 1 4 2 1 1 4 5 4 5 2 6 20 5 7 30 22 17 16 14 31 36 61 46 52 51 46 32 35 56 68 60 68 58 62 63 69 56 51 62 26 38 34 21 11 29 40 42 67 66 51 63 49 36 44 76 75 34 69 47 45 57 58 57 53 54 51 38 30 32 13 16 13 27 32 39 34 38 48 35 36 47 53 42
0 0 0 0 0 0 0 0 0 0 0 0 0 3 0 1 2 2 3 6 2 2 3 5 8 6 8 21 10 7 17 13 36 45 48 50 32 43 39 43 52 58 60 75 59 59 59 74 59 56 68 53 47 43 27 23 14 28 57 56 60 71 57 66 67 49 49 55 80 32 37 70 70 53 53 53 63 51 57 54 34 27 10 10 16 30 40 48 53 52 49 50 37 43 61 50
0 0 0 0 0 0 1 0 0 0 1 0 2 0 1 1 1 0 0 3 1 3 6 5 5 10 12 2 5 11 22 24 40 51 13 11 41 33 44 38 42 54 62 71 71 58 76 53 72 74 52 51 50 46 30 25 16 28 56 65 59 70 50 54 69 44 65 40 65 38 38 67 43 60 59 55 52 52 68 45 39 11 9 16 30 34 43 51 39 28 38 59 30 34 52 69
0 0 0 0 0 0 0 0 0 0 0 0 1 0 0 1 0 0 0 0 1 3 5 4 4 9 3 2 7 7 17 5 25 18 9 24 17 21 28 51 57 60 65 69 61 46 65 72 68 61 61 52 52 48 44 30 29 33 61 75 73 70 61 49 67 64 33 37 76 33 58 54 51 55 50 44 53 32 31 33 14 9 15 31 32 42 51 51 31 36 49 30 20 24 37 67
0 0 0 0 0 0 0 0 0 0 0 1 1 1 1 3 2 0 0 0 0 3 2 1 3 4 3 17 15 13 33 25 32 18 9 9 22 22 26 25 32 59 45 53 65 36 31 32 51 54 63 57 52 51 33 21 37 49 62 66 84 75 53 53 57 62 55 21 55 11 18 32 42 53 55 59 59 58 46 43 18 11 20 34 36 59 65 55 42 38 46 46 39 24 34 54
0 0 0 0 0 0 0 0 0 0 0 1 2 1 1 1 3 1 1 1 4 5 2 4 7 4 5 1 1 6 23 6 10 5 10 18 10 16 17 20 51 46 36 55 33 39 42 54 56 69 57 61 57 39 35 23 37 53 63 67 73 54 55 64 65 40 36 37 50 22 28 25 25 19 37 48 45 49 32 27 12 20 33 35 41 63 57 28 41 53 36 52 27 31 36 58
0 0 0 0 0 0 0 0 0 0 0 1 2 2 2 3 3 1 2 4 4 2 2 5 5 3 1 2 2 8 8 5 3 15 19 15 24 20 23 39 31 43 58 35 40 42 59 56 66 55 55 56 57 39 18 37 44 73 65 67 66 68 54 71 65 46 32 46 35 23 39 51 52 57 60 55 46 22 18 10 15 35 35 38 43 68 67 25 28 51 36 55 32 33 38 71
0 0 0 0 0 0 0 1 0 0 2 1 2 2 0 0 0 0 1 5 4 2 5 1 6 8 1 2 3 14 5 3 5 15 34 14 17 23 36 15 48 43 32 46 41 56 59 70 70 60 69 54 42 42 28 43 48 66 77 58 64 70 50 40 60 59 30 33 40 49 56 41 43 45 36 45 37 23 10 27 24 37 42 57 50 65 69 38 38 40 22 59 34 37 39 54
0 2 1 4 5 2 1 1 1 1 2 1 1 1 2 0 0 1 2 3 3 2 3 1 2 1 1 3 4 9 3 6 37 18 11 10 15 19 21 42 62 48 57 34 47 67 70 58 57 74 63 47 42 42 28 56 69 59 63 72 59 66 70 38 70 64 27 31 41 49 37 39 55 44 46 29 34 31 20 40 41 39 45 58 45 51 57 50 55 37 36 62 33 36 32 48
1 3 5 1 3 11 2 1 0 1 0 0 0 1 1 0 0 4 5 2 1 3 1 1 4 7 1 1 2 6 8 33 8 5 11 16 7 5 27 34 39 26 64 51 58 70 41 54 69 63 50 47 42 41 41 57 67 67 63 71 56 57 62 56 49 53 32 13 27 60 41 50 50 55 44 45 47 43 32 40 43 54 49 56 45 37 51 49 47 44 41 59 36 28 39 45
0 1 1 0 0 1 2 2 0 0 0 0 1 2 1 1 1 1 1 1 1 1 5 1 5 8 2 1 7 13 22 34 10 13 17 3 4 6 13 31 26 39 58 60 58 57 57 56 59 57 48 46 41 42 48 48 62 74 65 55 71 44 51 54 36 21 10 8 7 25 41 59 56 48 41 40 34 15 28 38 40 55 50 56 39 55 67 67 52 46 37 45 52 16 40 48
0 0 0 0 0 0 0 0 0 0 0 0 0 0 1 1 1 2 0 1 0 1 1 1 6 3 1 1 2 6 3 5 12 10 8 11 7 3 38 14 24 18 51 37 62 48 51 39 59 60 42 43 38 39 46 63 62 74 70 65 56 58 40 38 9 9 22 37 28 36 38 45 46 33 31 27 13 25 41 39 42 56 59 40 50 50 61 64 50 47 35 45 51 21 26 56
0 0 1 0 0 0 0 0 0 0 0 0 0 1 0 0 1 0 1 1 1 5 5 3 6 2 1 1 2 2 2 14 12 9 14 11 17 4 26 21 4 21 52 48 55 50 52 63 56 52 49 41 39 62 60 52 65 59 63 39 52 46 22 21 17 15 25 44 35 25 52 54 64 59 48 16 24 26 40 52 59 44 55 41 53 65 63 59 46 46 37 34 52 44 20 37
0 0 0 0 0 0 0 0 0 0 0 0 0 0 0 0 1 3 0 1 7 1 4 4 9 5 1 2 1 5 9 6 8 24 8 14 15 8 54 26 8 32 15 49 45 39 58 36 51 46 40 43 36 60 70 55 57 51 57 59 29 32 29 18 16 11 17 19 26 22 47 54 61 70 35 20 26 39 36 59 59 52 51 55 37 61 64 62 52 53 22 41 42 36 29 22
0 0 0 0 0 0 0 0 0 0 0 0 0 0 0 1 0 2 0 1 1 8 2 6 3 1 0 0 0 4 8 3 5 10 15 26 10 13 38 34 18 35 13 50 36 29 39 30 47 44 52 36 34 51 56 82 38 41 35 25 34 14 16 14 8 11 21 21 28 26 51 54 34 50 25 21 41 43 39 42 57 51 49 47 51 62 60 72 58 41 28 43 48 24 28 19
0 0 0 0 0 0 0 0 0 0 0 0 0 0 1 1 0 1 1 0 0 0 0 1 1 1 1 0 2 1 6 7 11 8 12 16 8 8 13 47 23 30 28 39 12 40 30 45 49 32 46 36 40 35 57 61 57 41 27 12 20 11 7 16 10 11 23 19 36 34 41 46 37 25 26 41 42 40 41 35 42 55 62 54 47 62 68 63 66 34 24 59 37 40 27 14
0 0 0 0 0 0 0 0 0 0 0 0 0 0 1 0 0 0 1 1 0 1 1 2 2 4 2 1 0 1 2 6 9 9 11 10 10 8 4 25 50 44 26 16 14 20 22 40 31 15 38 31 32 30 40 62 47 39 18 7 10 2 2 4 5 6 16 33 38 46 55 37 23 20 45 40 45 59 54 42 34 47 48 56 59 76 45 72 47 31 25 60 37 51 19 15
0 0 0 0 1 0 0 0 0 0 0 0 0 0 0 0 0 0 0 0 0 1 1 4 7 1 1 1 1 0 0 2 2 10 5 3 11 6 7 16 57 45 17 10 14 21 43 17 30 12 22 34 28 48 44 35 31 23 23 6 9 4 6 3 9 20 22 27 37 30 39 37 12 23 35 37 54 47 42 28 36 19 49 57 57 43 64 54 55 39 25 47 33 44 35 12
0 0 0 0 0 0 0 0 0 0 0 0 0 0 0 1 1 0 0 0 1 1 2 1 1 1 3 1 1 0 3 3 1 3 3 3 12 1 1 15 21 37 20 14 9 56 27 15 13 23 36 36 22 37 55 29 49 12 17 14 6 7 8 3 9 8 13 19 40 45 24 18 22 35 32 36 31 34 28 10 26 29 43 43 48 55 58 51 18 37 14 38 56 23 11 18
0 0 0 0 0 0 0 0 0 0 0 0 0 0 1 1 0 0 0 0 0 0 0 1 2 9 1 1 1 1 4 3 3 5 4 5 6 2 4 8 20 20 25 19 16 65 22 25 15 21 29 23 31 52 61 29 39 12 9 8 6 2 2 13 13 14 20 23 48 22 18 20 35 31 29 33 42 45 34 25 30 40 49 57 52 46 43 59 14 30 21 21 51 10 9 14
0 0 0 0 0 0 0 0 0 0 0 1 0 0 0 1 0 0 0 1 0 0 1 3 4 1 1 2 0 1 2 5 5 9 7 10 8 6 6 9 19 28 23 21 16 22 22 33 24 10 12 29 42 41 40 30 22 11 5 7 5 1 3 5 14 22 25 28 27 30 32 30 28 34 44 18 24 44 31 22 35 33 32 55 39 33 19 30 26 23 45 17 32 13 13 14
0 0 0 0 0 0 0 0 0 1 1 0 0 0 0 0 0 0 0 0 0 0 5 2 1 2 4 8 3 4 1 5 6 14 7 15 5 12 11 8 10 7 18 27 6 22 24 35 24 19 25 36 30 24 26 11 11 11 5 4 1 3 4 4 6 15 15 37 49 32 32 28 26 43 32 14 18 44 41 25 27 30 27 26 41 37 8 13 21 43 21 20 12 9 17 25
