sesion_6_simulaciones/modelos_agentes/ejemplos_netlogo/scenarios/echam4_a2/rob_2096.asc
NCOLS 322 
NROWS 307 
XLLCORNER 451900 
YLLCORNER 4086900 
CELLSIZE 100 
NODATA_value -9999 
[rows 0 to 72 of 307, columns 96 to 191 of 322]
0 0 0 0 0 0 0 0 0 0 0 0 0 0 0 0 0 0 0 0 0 0 0 0 0 0 0 0 0 0 0 0 0 0 0 0 0 0 0 0 0 0 0 1 1 1 2 1 2 1 0 1 0 0 0 0 0 0 0 0 0 0 0 0 0 0 0 0 0 0 0 0 0 1 1 1 1 2 1 11 9 6 12 16 26 15 17 18 22 30 12 6 4 1 2 4
0 0 0 0 0 0 0 0 0 0 0 0 0 0 0 0 0 0 0 0 0 0 0 0 0 0 0 0 0 0 0 0 0 0 0 0 0 0 0 0 0 0 0 0 5 7 6 3 9 2 2 1 0 0 1 0 0 0 0 0 0 0 0 0 0 0 0 0 0 0 0 0 1 1 1 3 5 2 3 4 5 5 10 14 23 13 12 18 18 12 13 8 10 3 4 3
0 0 0 0 0 0 0 0 0 0 0 0 0 0 0 0 0 0 0 0 0 0 0 0 0 0 0 0 0 0 0 0 0 0 0 0 0 0 0 0 0 0 0 1 0 0 0 1 12 4 4 3 0 1 1 0 0 0 0 0 0 0 1 0 1 0 0 0 0 0 0 0 0 1 1 3 6 9 5 3 4 4 8 9 15 11 12 20 8 7 10 6 7 6 3 3
0 0 0 0 0 0 0 0 0 0 0 0 0 0 0 0 0 0 0 0 0 0 0 0 0 0 0 0 0 0 0 0 0 0 0 0 0 0 0 1 2 2 2 0 0 0 0 0 1 0 0 0 0 0 1 0 0 0 0 0 0 0 2 1 1 2 1 0 1 0 0 0 0 0 1 1 3 1 1 3 4 4 8 10 11 8 7 10 5 5 8 8 4 4 2 3
0 0 0 0 0 0 0 0 0 0 0 0 0 0 0 0 0 0 0 0 0 0 0 0 0 0 0 0 0 0 0 0 0 0 0 0 0 0 2 3 6 5 3 1 0 0 0 1 0 0 0 0 0 1 0 0 0 0 0 0 0 1 1 2 1 0 2 0 1 1 1 0 0 0 1 1 1 1 2 2 3 3 11 7 5 6 6 9 5 5 6 9 2 3 4 6
0 0 0 0 0 0 0 0 0 0 0 0 0 0 0 0 0 0 0 0 0 0 0 0 0 0 0 0 0 0 0 0 0 0 0 1 1 2 5 4 8 10 9 2 1 1 1 0 0 0 1 1 0 0 0 0 0 0 0 0 1 1 0 0 0 0 0 0 0 0 0 0 1 1 0 0 0 1 1 2 1 2 3 3 5 3 3 6 6 2 5 2 3 3 11 2
0 0 0 0 0 0 0 0 0 0 0 0 0 0 0 0 0 0 0 0 0 0 0 0 0 0 0 0 0 0 0 0 0 0 0 2 3 5 5 10 12 15 4 1 1 4 1 2 1 1 1 1 0 0 0 0 0 0 0 0 0 0 0 0 0 0 1 2 0 0 0 0 0 0 1 1 1 1 0 1 1 1 1 1 2 3 2 3 3 1 3 2 3 3 2 2
0 0 0 0 0 0 0 0 0 0 0 0 0 0 0 0 0 0 0 0 0 0 0 0 0 0 0 0 0 0 0 0 0 0 0 2 4 8 10 12 10 3 4 2 7 4 3 6 2 2 1 1 2 1 0 0 0 1 1 1 1 0 0 0 0 0 1 0 1 0 0 0 0 0 0 1 1 4 2 0 1 1 1 1 3 1 1 2 2 3 2 1 0 1 2 1
0 0 0 0 0 0 0 0 0 0 0 0 0 0 0 0 0 0 0 0 0 0 0 0 0 0 0 0 0 0 0 0 0 1 3 2 1 2 2 2 6 3 2 5 14 10 3 4 4 2 1 1 7 1 1 1 1 1 0 0 2 1 0 0 0 0 0 0 0 0 1 1 0 0 1 0 0 1 1 4 3 8 1 2 1 0 1 7 2 3 2 15 4 2 1 3
0 0 0 0 0 0 0 0 0 0 0 0 0 0 0 0 0 0 0 0 0 0 0 0 0 0 0 0 0 0 0 0 0 1 2 2 2 3 2 3 2 2 3 7 21 9 2 2 3 3 2 1 2 15 6 5 0 1 0 1 1 1 0 0 0 0 0 0 0 1 0 0 1 0 1 1 0 0 4 5 2 8 3 1 0 1 1 1 2 5 2 4 22 12 2 2
0 0 0 0 0 0 0 0 0 0 0 0 0 0 0 0 0 0 0 0 0 0 0 0 0 0 0 0 0 0 0 1 3 3 2 2 2 7 7 5 4 2 1 2 10 3 3 4 4 2 3 1 2 3 27 9 1 1 1 2 0 0 0 0 0 0 0 0 1 1 1 1 1 0 1 2 1 0 1 4 2 2 5 5 1 1 1 2 11 8 6 5 18 32 9 3
0 0 0 0 0 0 0 0 0 0 0 0 0 0 0 0 0 0 0 0 0 0 0 0 0 0 0 0 0 0 1 1 2 2 2 2 3 9 9 7 4 2 3 5 6 3 3 9 3 3 7 2 3 7 3 6 2 1 1 1 0 0 1 1 0 0 1 1 1 7 11 11 1 1 2 3 1 1 1 7 3 0 3 7 1 2 2 2 8 4 3 5 16 15 12 8
0 0 0 0 0 0 0 0 0 0 0 0 0 0 0 0 0 0 0 0 0 0 0 0 0 0 0 0 0 0 2 1 2 2 3 6 11 4 5 13 4 2 2 11 7 3 6 5 6 7 11 8 7 17 7 5 4 2 3 1 1 1 1 1 0 0 0 1 4 3 7 6 3 1 1 3 1 1 0 1 3 0 6 13 2 2 5 4 3 13 8 3 5 8 17 25
0 0 0 0 0 0 0 0 0 0 0 0 0 0 0 0 0 0 0 0 0 0 0 0 0 0 0 0 0 0 1 1 1 1 1 2 2 2 2 3 5 1 1 1 3 2 5 5 17 28 30 27 14 15 7 11 8 3 2 2 1 0 1 1 1 1 1 1 1 1 0 0 2 2 1 1 1 2 1 1 0 1 2 10 11 3 5 7 5 5 14 6 11 21 44 19
0 0 0 0 0 0 0 0 0 0 0 0 0 0 0 0 0 0 0 0 0 0 0 0 0 0 0 0 0 1 0 0 0 1 2 2 2 2 1 0 3 1 2 2 0 1 6 13 14 38 39 32 22 29 14 27 17 7 5 6 1 1 2 2 1 1 0 1 1 0 0 2 5 3 2 2 2 2 1 1 2 1 3 13 18 5 2 4 6 5 3 3 10 17 21 18
0 0 0 0 0 0 0 0 0 0 0 0 0 0 0 0 0 0 0 0 0 0 0 0 0 0 0 0 0 0 0 1 1 2 1 3 8 10 5 1 1 1 1 2 1 1 1 8 16 17 29 21 18 18 26 13 13 7 9 6 1 2 0 3 4 2 1 1 1 0 1 5 4 3 1 1 1 2 3 3 3 3 4 13 35 48 17 10 5 4 5 3 13 45 30 15
0 0 0 0 0 0 0 0 0 0 0 0 0 0 0 0 0 0 0 0 0 0 0 0 0 0 0 0 0 0 1 0 1 1 1 3 8 11 11 1 2 2 1 1 4 5 6 1 8 16 10 9 7 7 13 22 18 14 13 12 2 3 2 2 3 1 1 1 1 1 1 5 2 4 1 1 1 1 5 3 5 5 8 11 42 62 60 11 6 6 7 5 17 44 50 41
0 0 0 0 0 0 0 0 0 0 0 0 0 0 0 0 0 0 0 0 0 0 0 0 0 0 0 0 0 0 0 0 1 0 2 6 5 8 9 4 7 8 5 6 11 10 14 9 3 1 1 3 2 1 4 33 58 68 24 5 10 4 3 2 3 2 1 2 1 1 6 4 4 3 1 2 4 2 3 5 4 5 4 3 32 36 33 31 18 9 11 8 12 29 33 11
0 0 0 0 0 0 0 0 0 0 0 0 0 0 0 0 0 0 0 0 0 0 0 0 0 0 0 0 0 0 0 0 0 1 2 2 1 2 4 11 8 11 16 22 19 11 17 17 8 6 4 4 7 1 1 6 64 67 27 9 7 9 3 2 3 1 1 1 0 4 9 7 5 7 2 2 7 7 6 29 9 7 4 3 7 24 32 27 35 17 15 18 9 21 61 12
0 0 0 0 0 0 0 0 0 0 0 0 0 0 0 0 0 0 0 0 0 0 0 0 0 0 0 0 0 0 0 0 1 1 1 0 1 3 3 6 14 19 18 9 12 6 13 19 11 9 9 2 5 2 5 3 13 21 27 20 11 4 3 5 4 0 1 4 12 6 12 24 4 27 5 1 7 21 13 34 21 17 12 6 8 39 63 44 55 33 28 18 8 15 54 41
0 0 0 0 0 0 0 0 0 0 0 0 0 0 0 0 0 0 0 0 0 0 0 0 0 0 0 0 0 0 0 0 0 0 1 1 1 2 1 8 4 7 19 14 8 8 12 21 22 10 16 12 4 8 10 7 11 31 40 26 4 4 20 11 4 1 3 5 9 9 6 7 3 6 16 10 5 5 7 40 10 10 25 17 16 8 51 32 61 29 38 19 14 14 23 45
0 0 0 0 0 0 0 0 0 0 0 0 0 0 0 0 0 0 0 0 0 0 0 0 0 0 0 0 0 0 0 0 0 1 1 1 3 1 3 1 5 4 5 6 17 22 59 47 44 16 16 12 12 13 20 15 16 29 49 41 32 4 6 5 3 2 12 1 6 12 13 7 10 4 19 25 11 6 9 61 70 26 10 45 33 12 9 20 61 50 42 41 19 18 22 53
0 0 0 0 0 0 0 0 0 0 0 0 0 0 0 0 0 0 0 0 0 0 0 0 0 0 0 0 0 0 0 1 1 0 0 3 3 1 1 2 4 12 9 8 8 36 36 15 21 15 31 19 17 18 18 22 12 23 43 21 13 8 4 3 3 6 14 1 5 3 12 20 13 4 4 17 16 31 12 41 77 42 41 16 35 19 7 19 67 74 26 59 38 24 31 53
0 0 0 0 0 0 0 0 0 0 0 0 0 0 0 0 0 0 0 0 0 0 0 0 0 0 0 0 0 0 0 0 0 0 0 0 1 2 1 2 3 9 13 18 18 8 8 6 4 4 15 13 7 10 19 11 12 15 15 19 19 9 4 5 12 9 5 2 5 5 7 16 11 15 10 42 43 22 21 11 51 57 37 61 23 17 14 16 18 59 25 43 40 24 21 31
0 0 0 0 0 0 0 0 0 0 0 0 0 0 0 0 0 0 0 0 0 0 0 0 0 0 0 0 1 0 0 0 0 0 0 0 0 2 2 1 2 6 15 25 20 19 17 16 13 14 6 5 4 2 3 3 3 6 22 23 25 9 11 11 4 12 5 6 9 9 6 12 26 36 7 39 49 27 29 20 39 61 30 15 50 31 20 21 18 32 33 35 51 29 18 19
0 0 0 0 0 0 0 0 0 0 0 0 0 0 0 0 0 0 0 0 0 1 1 2 2 2 2 1 1 1 3 5 6 1 0 0 0 0 0 1 4 3 6 10 22 26 32 24 22 23 13 12 14 14 14 13 14 12 32 32 19 12 8 7 6 14 12 16 6 24 7 6 26 17 8 25 29 14 18 18 21 36 66 20 25 17 25 13 14 25 19 32 17 18 14 18
0 0 0 0 0 0 0 0 0 0 0 0 0 0 0 0 0 0 0 1 2 3 5 5 4 7 6 4 6 7 3 1 3 4 2 1 1 1 0 0 2 4 6 14 15 17 26 20 22 23 19 19 22 23 12 22 14 15 25 15 16 8 4 4 3 20 9 19 17 24 5 7 13 18 13 28 28 42 12 19 22 11 35 27 17 38 17 17 5 14 23 17 22 17 20 21
0 0 0 0 0 0 0 0 0 0 0 0 0 0 0 1 1 1 1 0 1 2 2 9 9 10 24 17 16 14 1 1 1 1 2 2 3 1 2 1 2 6 9 11 16 14 14 33 26 19 16 17 18 19 17 19 20 6 12 9 10 5 5 8 16 34 33 12 17 7 11 6 15 17 21 13 12 26 32 16 28 18 32 30 11 38 20 14 5 10 25 24 20 27 19 12
0 0 0 0 0 0 0 0 0 0 0 1 1 2 5 6 3 3 4 2 1 0 2 6 4 5 3 11 12 8 4 1 0 0 0 1 1 1 2 3 1 3 6 8 5 5 3 10 17 16 23 25 16 16 16 27 21 7 8 6 3 7 14 18 26 20 11 11 7 17 16 24 13 13 16 14 15 18 33 23 21 22 22 16 21 20 22 18 14 7 18 10 13 21 10 11
0 0 0 0 0 0 0 0 0 1 2 2 4 11 7 15 6 6 13 1 5 1 1 3 3 2 2 3 3 2 6 2 1 0 0 0 1 1 1 3 3 3 11 4 6 6 4 10 11 6 5 5 4 8 9 4 18 10 7 5 6 8 17 20 23 19 8 21 31 16 21 15 14 13 12 8 12 12 19 23 23 22 10 19 13 7 8 6 9 6 5 2 2 4 5 8
0 0 0 0 0 0 0 1 1 4 5 11 8 17 12 16 5 5 14 8 2 2 1 1 1 1 0 0 2 2 2 14 2 0 1 0 3 12 14 7 7 4 6 3 3 5 7 2 2 3 3 7 12 13 7 7 16 8 13 4 7 11 20 13 24 11 7 17 34 32 20 14 7 15 12 7 5 2 6 11 19 12 8 6 5 6 5 5 3 4 4 4 22 12 15 20
0 0 0 0 1 2 3 3 4 8 9 36 20 20 9 16 9 15 12 14 2 5 5 2 1 0 0 0 1 1 1 2 2 1 1 1 1 2 2 3 2 3 3 6 7 5 6 3 5 6 19 27 18 10 24 4 18 16 3 2 2 7 5 19 14 16 10 6 9 15 13 12 7 3 3 4 6 4 13 20 14 19 13 19 22 23 21 19 18 27 10 12 41 27 18 34
1 1 2 3 4 3 7 6 14 12 41 16 6 11 11 10 14 13 13 13 3 2 3 2 2 1 0 1 1 1 1 3 1 0 1 1 2 2 3 2 5 4 6 7 11 11 9 9 7 9 13 29 23 22 29 11 18 14 7 9 5 1 2 2 4 4 7 5 5 5 6 5 5 9 15 15 26 16 28 18 20 31 18 30 22 51 34 19 31 32 19 21 35 30 23 38
3 4 8 5 10 9 12 8 14 11 20 2 4 3 5 11 12 8 6 11 5 2 1 1 1 1 1 1 2 1 5 5 3 1 2 2 2 2 3 3 3 4 5 6 12 9 14 9 5 22 14 13 16 9 7 7 26 13 9 19 15 9 10 11 12 12 22 17 14 13 15 14 22 23 23 14 26 24 26 27 27 29 27 27 46 39 33 28 31 20 32 22 39 24 43 38
0 1 3 4 11 10 17 14 4 1 0 1 2 1 1 2 2 5 9 14 5 1 1 2 1 1 4 2 4 2 3 3 2 1 1 3 3 1 4 3 3 6 6 7 6 6 10 8 7 12 14 9 12 12 6 9 10 6 9 11 12 14 14 18 18 16 27 25 22 12 21 21 19 19 31 21 22 33 22 33 34 25 29 29 56 33 31 30 32 30 31 25 41 39 37 47
0 0 0 0 0 1 2 2 2 1 1 1 2 2 1 1 1 1 5 7 3 1 5 1 2 3 4 2 4 2 2 1 2 1 1 1 2 1 2 2 2 4 3 3 4 5 10 7 4 5 11 8 3 13 5 8 4 6 8 6 14 10 9 10 12 9 26 18 12 18 18 18 25 17 25 17 18 31 29 33 23 21 33 30 39 31 28 31 28 28 29 27 55 38 28 28
1 2 2 1 1 1 0 1 1 0 1 2 2 1 1 1 0 2 2 3 4 6 6 2 3 2 3 2 1 0 0 0 1 1 0 1 0 1 1 2 2 1 2 2 2 5 4 3 5 5 7 8 2 6 5 1 7 7 6 4 7 6 13 14 10 15 15 15 16 9 15 24 22 15 24 23 17 31 19 26 19 28 31 47 38 26 14 37 26 28 34 35 41 16 39 23
1 1 1 1 1 0 1 1 1 2 3 4 3 1 1 2 3 4 4 6 13 7 6 2 2 1 1 1 1 1 0 0 1 0 0 0 0 0 1 1 0 0 1 2 1 6 2 3 5 3 7 1 4 3 1 2 6 5 3 5 4 7 10 7 5 13 13 14 8 15 26 30 24 14 21 24 22 29 17 16 20 26 27 31 25 16 15 34 26 16 39 38 34 15 9 40
0 1 1 1 2 1 2 1 2 2 3 6 5 4 3 6 3 5 7 7 9 3 1 1 1 1 0 0 1 1 0 0 0 0 0 0 0 1 0 0 1 0 1 1 1 5 2 2 2 2 2 3 1 1 1 1 2 6 2 5 5 8 8 4 12 12 17 12 6 14 19 33 20 13 16 22 23 15 13 10 20 40 35 31 34 13 29 50 31 12 26 45 43 18 9 36
0 1 1 1 1 1 2 1 1 1 2 3 4 4 5 5 5 6 5 5 4 2 1 1 1 0 0 1 0 0 0 0 0 0 0 0 0 0 0 0 0 0 1 0 0 2 1 1 1 1 1 0 1 0 0 0 0 2 1 4 6 4 5 13 9 11 7 3 6 19 20 30 19 11 12 26 31 17 16 8 17 39 21 15 17 15 28 43 25 15 12 54 57 29 15 24
0 0 0 1 1 1 1 0 0 0 1 1 2 2 6 2 3 4 2 2 2 1 0 1 0 0 0 0 0 1 0 0 0 0 0 0 0 0 0 0 0 0 0 0 1 0 1 1 0 0 1 0 0 0 0 0 0 0 0 2 4 3 5 11 3 8 3 3 5 17 19 19 14 9 11 19 30 9 13 5 22 47 20 8 8 12 24 36 21 14 12 34 43 32 7 18
0 0 0 0 0 0 0 0 0 0 1 1 1 1 1 1 1 1 2 1 0 1 1 0 0 0 0 0 0 1 0 0 0 0 0 0 0 0 0 0 0 0 0 0 0 0 0 0 0 0 0 0 0 0 0 0 0 0 0 1 1 2 8 3 6 7 4 5 7 8 12 8 10 4 5 11 6 4 11 5 9 22 17 11 7 8 18 25 13 13 9 14 28 15 7 13
0 0 0 0 0 0 0 0 0 0 0 0 0 0 0 0 0 0 1 0 0 0 0 0 0 0 0 0 0 0 0 0 0 0 0 0 0 0 0 0 0 0 0 0 0 0 0 0 0 0 0 0 0 0 0 0 0 0 0 0 0 1 1 1 8 2 3 5 7 3 4 7 3 1 3 6 4 2 8 3 4 10 5 4 5 4 4 17 16 8 4 9 17 7 4 8
0 0 0 0 0 0 0 0 0 0 0 0 0 0 0 0 0 0 0 0 0 0 0 0 0 0 0 0 0 0 0 0 0 0 0 0 0 0 0 0 0 0 0 0 0 0 0 0 0 0 0 0 0 0 0 0 0 0 0 0 0 0 0 2 1 1 3 1 2 1 1 2 1 1 1 3 1 2 3 1 4 4 2 2 3 4 1 3 12 3 3 4 9 5 3 2
0 0 0 0 0 0 0 0 0 0 0 0 0 0 0 0 0 0 0 0 0 0 0 0 0 0 0 0 0 0 0 0 0 0 0 0 0 0 0 0 0 0 0 0 0 0 0 0 0 0 0 0 0 0 0 0 0 0 0 0 0 0 0 0 1 1 0 0 0 1 0 1 0 0 0 1 0 1 1 0 1 1 1 2 2 3 1 1 7 3 1 2 3 1 1 1
0 0 0 0 0 0 0 0 0 0 0 0 0 0 0 0 0 0 0 0 0 0 0 0 0 0 0 0 0 0 0 0 0 0 0 0 0 0 0 0 0 0 0 0 0 0 0 0 0 0 0 0 0 0 0 0 0 0 0 0 0 0 0 0 0 0 0 0 0 0 0 0 0 0 0 0 0 1 0 0 1 0 0 1 1 0 1 1 1 1 1 1 2 2 2 1
0 0 0 0 0 0 0 0 0 0 0 0 0 0 0 0 0 0 0 0 0 0 0 0 0 0 0 0 0 0 0 0 0 0 0 0 0 0 0 0 0 0 0 0 0 0 0 0 0 0 0 0 0 0 0 0 0 0 0 0 0 0 0 0 0 0 0 0 0 0 0 0 0 0 0 0 0 0 0 0 1 0 1 1 1 0 1 0 1 1 1 1 2 4 6 17
0 0 0 0 0 0 0 0 0 0 0 0 0 0 0 0 0 0 0 0 0 0 0 0 0 0 0 0 0 0 0 0 0 0 0 0 0 0 0 0 0 0 0 0 0 0 1 0 0 0 0 0 0 1 0 0 0 0 0 1 0 1 0 0 0 0 0 0 0 0 0 0 0 1 2 1 1 4 2 1 1 2 2 2 0 8 5 3 1 0 1 1 1 5 3 5
0 0 0 0 0 0 0 0 0 0 0 0 0 0 0 0 0 0 0 0 0 0 0 0 0 0 0 0 0 0 0 0 0 0 0 0 0 0 0 0 0 0 0 0 1 0 0 0 0 0 1 0 0 1 1 0 1 1 1 1 0 1 0 0 0 0 0 1 1 0 0 1 1 0 1 2 1 2 1 4 1 2 5 2 1 6 4 3 9 7 5 1 2 5 2 2
0 0 0 0 0 0 0 0 0 0 0 0 0 0 0 0 0 0 0 0 0 0 0 0 0 0 0 0 0 0 0 0 0 0 0 0 0 0 0 0 0 0 0 1 0 0 0 0 0 0 1 0 0 1 0 1 0 0 0 1 0 0 0 1 0 1 1 1 1 1 0 1 2 0 1 3 0 0 0 8 5 2 1 2 4 8 6 11 17 12 2 10 1 1 9 16
0 0 0 0 0 0 0 0 0 0 0 0 0 0 0 0 0 0 0 0 0 0 0 0 0 0 0 0 0 0 0 0 0 0 0 0 0 0 0 0 0 0 0 0 1 0 0 0 0 0 1 1 0 1 1 5 0 1 3 3 1 0 0 0 0 2 1 3 1 4 0 0 2 1 1 3 1 0 0 6 3 6 0 0 1 8 11 9 21 9 1 14 4 4 11 17
0 0 0 0 0 0 0 0 0 0 0 0 0 0 0 0 0 0 0 0 0 0 0 0 0 0 0 0 0 0 0 0 0 0 0 0 0 0 0 1 0 0 0 1 1 1 0 0 1 1 4 5 1 2 9 15 2 6 7 3 2 0 2 2 1 1 0 0 2 8 1 0 1 0 2 3 11 1 2 17 4 9 6 1 1 4 12 10 10 5 12 39 5 4 3 3
0 0 0 0 0 0 0 0 0 0 0 0 0 0 0 0 0 0 0 0 0 0 0 0 0 0 0 0 0 0 0 0 0 0 0 0 0 0 0 0 0 0 0 1 1 0 0 0 1 2 5 3 4 1 6 18 3 4 6 4 5 3 4 7 1 1 2 1 4 7 5 2 0 1 8 8 10 8 2 21 3 11 22 4 3 3 13 9 8 2 27 44 15 7 12 5
0 0 0 0 0 0 0 0 0 0 0 0 0 0 0 0 0 0 0 0 0 0 0 0 0 0 0 0 0 0 0 0 0 0 0 0 0 0 0 0 1 0 1 0 4 0 1 1 0 2 7 5 2 1 1 4 6 12 14 12 25 8 10 8 5 2 2 3 6 6 15 4 1 1 5 12 20 20 5 10 13 14 20 29 7 5 3 3 3 6 28 16 31 11 12 10
0 0 0 0 0 0 0 0 0 0 0 0 0 0 0 0 0 0 0 0 0 0 0 0 0 0 0 0 0 0 0 0 0 0 0 0 0 0 0 0 0 0 0 0 0 0 2 2 1 1 2 1 1 0 0 1 1 6 8 6 9 12 11 8 23 2 3 3 1 15 46 3 2 1 12 7 7 12 4 7 11 4 27 43 21 10 2 3 3 4 3 9 39 11 7 14
0 0 0 0 0 0 0 0 0 0 0 0 0 0 0 0 0 0 0 0 0 0 0 0 0 0 0 0 0 0 0 0 0 0 0 0 0 0 0 0 0 0 0 0 0 0 1 2 2 1 1 1 1 1 1 2 1 1 2 4 4 2 4 13 37 9 3 6 8 26 46 7 2 1 2 4 12 8 16 22 12 3 18 35 51 9 6 3 11 13 5 10 59 20 17 28
0 0 0 0 0 0 0 0 0 0 0 0 0 0 0 0 0 0 0 0 0 0 0 0 0 0 0 0 0 0 0 0 0 0 0 0 0 0 0 0 0 0 0 0 0 0 0 1 1 1 1 4 4 3 2 2 2 1 1 1 0 0 1 24 23 17 7 4 5 27 41 30 14 3 2 6 13 10 11 6 18 13 7 49 53 31 10 7 18 10 24 59 59 54 30 33
0 0 0 0 0 0 0 0 0 0 0 0 0 0 0 0 0 0 0 0 0 0 0 0 0 0 0 0 0 0 0 0 0 0 0 0 0 0 0 0 0 0 1 0 0 1 1 1 1 0 1 9 14 15 12 8 5 4 4 3 4 3 3 8 8 15 11 4 2 14 10 35 33 7 3 14 21 12 8 20 43 13 7 7 56 62 14 8 32 35 31 54 22 53 20 13
0 0 0 0 0 0 0 0 0 0 0 0 0 0 0 0 0 0 0 0 0 0 0 0 0 0 0 0 0 0 0 0 0 0 0 0 0 0 1 1 1 1 1 0 0 0 2 2 2 1 1 6 34 40 30 28 20 17 12 11 34 39 48 34 20 17 11 6 2 2 10 19 55 25 24 6 14 20 10 2 8 15 18 31 52 68 32 20 10 21 21 16 62 61 72 34
0 0 0 0 0 0 0 0 0 0 0 0 0 0 0 0 0 0 0 0 0 0 0 0 0 0 0 0 0 0 0 0 0 0 0 0 0 1 2 1 3 2 1 1 1 1 3 4 3 3 2 4 18 42 37 46 56 47 22 13 9 18 25 36 55 46 46 31 13 1 3 20 29 36 23 20 12 5 8 8 30 29 11 17 15 59 59 20 10 15 16 18 13 54 43 53
0 0 0 0 0 0 0 0 0 0 0 0 0 0 0 0 0 0 0 0 0 0 0 0 0 0 0 0 0 0 0 0 0 0 0 0 0 1 1 0 1 5 8 3 6 4 3 3 5 6 7 4 3 5 31 31 30 58 58 42 33 25 16 21 29 53 61 56 52 38 18 37 28 58 19 20 13 9 15 11 11 17 9 33 23 62 73 19 9 31 32 18 17 18 46 61
0 0 0 0 0 0 0 0 0 0 0 0 0 0 0 0 0 0 0 0 0 0 0 0 0 0 0 0 0 0 0 0 0 0 0 0 0 1 1 1 1 0 1 14 18 26 16 8 8 3 6 9 9 5 11 25 20 15 33 40 44 51 55 41 20 23 57 69 67 47 46 66 41 71 53 30 26 27 14 8 10 27 11 20 32 19 62 33 9 24 38 31 10 7 41 67
0 0 0 0 0 0 0 0 0 0 0 0 0 0 0 0 0 0 0 0 0 0 0 0 0 0 0 0 0 0 0 0 0 0 0 0 0 1 1 1 2 2 1 1 2 21 31 25 11 7 5 10 10 7 2 3 3 4 4 6 12 29 24 39 46 21 22 39 39 30 55 54 53 50 49 53 60 50 25 30 30 27 12 14 52 58 37 47 17 7 35 36 15 31 73 29
0 0 0 0 0 0 0 0 0 0 0 0 0 0 0 0 0 0 0 0 0 0 0 0 0 0 0 0 0 0 0 0 0 0 0 0 0 0 1 1 1 1 3 4 6 4 3 2 12 13 19 5 6 4 6 10 9 9 10 9 11 5 4 6 10 7 6 4 6 22 32 48 42 37 30 24 27 53 44 36 28 20 46 39 40 56 44 59 40 12 10 30 47 79 45 68
0 0 0 0 0 0 0 0 0 0 0 0 0 0 0 0 0 0 0 0 0 0 0 0 0 0 0 0 0 0 0 0 0 0 0 0 0 0 0 1 1 1 2 4 5 5 5 6 5 3 3 3 4 10 10 15 15 18 17 29 12 4 4 12 14 24 12 15 4 4 11 34 27 17 17 19 27 38 45 61 53 24 21 25 27 30 47 56 61 22 11 26 87 61 51 63
0 0 0 0 0 0 0 0 0 0 0 0 0 0 0 0 0 0 0 0 0 0 0 0 0 0 0 0 0 0 0 0 0 0 0 0 0 0 0 0 1 1 1 1 2 3 3 6 6 5 8 11 12 16 12 11 19 24 28 29 15 14 14 23 20 16 21 12 6 9 9 3 2 3 4 4 10 11 5 12 22 16 17 13 15 16 42 53 44 27 12 65 71 43 72 70
0 0 0 0 0 0 0 0 0 0 0 0 0 0 0 0 0 0 0 0 0 0 0 0 0 0 0 0 0 0 0 0 0 0 0 0 0 0 0 0 0 1 1 1 2 2 3 4 6 6 8 4 5 9 12 13 15 19 30 29 17 17 22 20 27 31 37 31 18 19 7 3 2 4 6 11 28 20 14 13 11 9 7 10 10 17 24 36 57 54 23 80 35 22 63 78
0 0 0 0 0 0 0 0 0 0 0 0 0 0 0 0 0 0 0 0 0 0 0 0 0 0 0 0 0 0 0 0 0 0 0 0 0 0 0 0 0 0 1 1 2 2 3 3 4 2 8 5 4 4 6 7 18 22 29 22 9 19 15 24 25 44 39 41 35 21 16 16 17 21 23 33 39 30 18 20 34 45 29 17 24 17 8 16 32 67 47 77 32 32 75 90
0 0 0 0 0 0 0 0 0 0 0 0 0 0 0 0 0 0 0 0 0 0 0 0 0 0 0 0 0 0 0 0 0 0 0 0 0 0 0 0 0 0 0 1 1 1 2 3 3 2 3 4 2 2 5 7 12 12 11 11 11 13 16 17 19 41 42 37 32 17 27 28 28 32 28 28 40 27 27 30 31 35 24 41 47 32 35 12 19 47 42 44 44 28 56 76
0 0 0 0 0 0 0 0 1 0 0 0 0 0 0 0 0 0 0 0 0 0 0 0 0 0 0 0 0 0 0 0 0 0 0 0 0 0 0 0 0 0 0 0 1 1 1 2 1 1 1 2 2 1 2 5 6 6 5 3 4 11 9 10 23 29 28 28 14 12 20 21 24 34 25 35 34 39 24 28 38 33 38 56 52 55 43 19 13 43 39 55 40 20 44 66
0 0 0 0 0 0 0 0 0 0 0 0 0 0 0 0 0 0 0 0 0 0 0 0 0 0 0 0 0 0 0 0 0 0 0 0 0 0 0 0 0 0 0 0 0 0 1 0 1 0 1 1 1 0 2 4 2 3 2 3 2 4 4 7 15 18 21 26 11 20 27 28 17 27 28 24 26 24 18 28 35 37 37 58 37 35 24 25 18 13 22 44 41 15 39 31
0 0 0 0 0 0 1 1 1 0 0 0 0 0 0 0 0 0 0 0 0 0 0 0 0 0 0 0 0 0 0 0 0 0 0 0 0 0 0 0 0 0 0 0 0 0 0 0 0 0 1 0 0 0 1 0 1 1 1 1 1 1 3 7 5 12 13 11 8 14 19 20 10 23 13 18 21 15 13 20 34 26 44 34 25 36 37 52 53 29 8 9 29 22 19 24
0 0 0 0 0 0 0 1 1 1 1 0 0 0 0 0 0 1 1 0 0 0 0 0 0 0 0 0 0 0 0 0 0 0 0 0 0 0 0 0 0 0 0 0 0 0 0 0 0 0 0 0 0 0 0 0 0 0 0 0 0 1 3 3 4 4 3 5 8 11 10 12 9 13 5 7 9 4 7 12 25 15 15 23 32 44 67 58 56 38 30 12 7 15 15 12
