sesion_6_simulaciones/modelos_agentes/ejemplos_netlogo/scenarios/echam4_a2/rob_2024.asc
NCOLS 322 
NROWS 307 
XLLCORNER 451900 
YLLCORNER 4086900 
CELLSIZE 100 
NODATA_value -9999 
[rows 222 to 295 of 307, columns 192 to 287 of 322]
1 1 0 0 1 1 0 0 0 0 0 0 0 0 0 0 0 0 0 0 0 1 2 1 1 1 1 1 2 2 1 1 5 6 6 6 11 26 27 35 40 37 42 61 43 55 57 40 51 63 60 55 25 24 33 35 33 56 67 67 48 38 45 25 52 74 62 50 68 73 27 11 3 1 0 0 0 0 0 0 0 0 0 0 0 0 0 0 0 0 1 1 1 1 1 1
3 3 2 1 0 0 0 0 0 0 0 0 0 0 0 0 0 0 0 0 0 1 2 4 1 2 2 2 3 4 2 3 6 8 10 7 14 10 19 25 35 31 40 60 51 38 54 40 51 47 46 33 36 30 19 23 32 45 37 36 28 39 43 24 26 54 41 30 51 61 26 7 3 1 0 0 0 0 0 0 0 0 0 0 0 0 0 0 0 0 0 0 1 1 2 2
4 2 2 1 1 0 0 0 0 0 0 0 0 0 0 0 0 0 0 0 0 2 3 6 4 3 3 5 5 9 10 6 8 9 12 8 15 7 19 22 19 29 37 57 66 36 49 49 28 26 34 35 49 20 10 31 31 50 26 45 43 43 43 34 9 10 2 1 4 31 35 7 1 0 0 0 0 0 0 0 0 0 0 0 0 0 0 0 0 0 0 1 1 1 1 4
2 1 1 1 0 0 0 0 0 0 0 0 0 0 0 0 0 0 0 0 0 1 2 5 8 9 6 8 7 13 38 23 14 14 7 9 12 11 29 18 17 19 32 39 58 52 25 35 15 16 16 13 27 31 8 24 29 25 36 54 58 47 51 37 11 12 7 7 2 3 12 4 1 1 0 0 0 0 0 0 0 0 0 0 0 0 0 0 0 0 1 1 1 1 2 3
2 1 1 0 0 0 0 0 0 0 0 0 0 0 0 0 0 0 1 1 1 1 3 4 10 24 14 12 15 10 25 40 17 25 17 21 26 26 19 21 13 19 20 23 27 36 29 49 42 15 44 43 25 19 11 20 59 51 52 54 64 49 42 22 15 13 15 18 6 3 3 1 1 1 1 1 0 0 0 0 0 0 0 0 0 0 0 0 0 0 0 0 1 2 2 3
1 2 1 1 1 0 0 0 0 0 0 0 0 0 0 0 0 0 1 2 2 3 3 4 9 28 42 22 37 19 28 43 26 18 35 39 31 28 27 24 7 13 12 22 32 39 50 59 72 35 34 36 33 15 23 27 43 36 50 55 52 37 30 20 36 25 30 19 7 4 1 1 1 1 1 1 1 0 0 0 0 0 0 0 0 0 0 0 0 0 0 0 1 1 2 3
2 1 1 0 0 0 0 0 0 0 0 0 0 0 0 0 0 0 1 2 4 9 16 10 14 25 59 23 40 23 30 43 13 17 36 38 43 40 32 30 19 21 17 15 34 41 41 59 57 58 50 42 35 23 49 58 55 51 60 71 51 29 31 42 66 52 23 11 7 3 2 2 3 2 3 1 1 1 0 0 0 0 0 0 0 0 0 0 0 0 1 1 1 1 1 3
2 1 0 0 0 0 0 0 0 0 0 0 0 0 0 0 0 0 1 2 2 7 17 36 33 30 53 50 61 33 54 26 14 15 26 45 49 48 28 29 31 33 21 20 25 43 44 46 43 42 62 57 40 36 42 39 56 37 43 20 34 55 55 76 63 36 20 11 12 10 6 4 4 5 2 1 1 0 0 0 0 0 1 0 0 0 0 0 0 0 0 1 2 1 2 3
1 1 0 0 0 0 0 0 0 0 0 0 0 0 0 0 1 0 0 1 4 7 17 19 40 44 59 67 61 32 47 20 17 42 29 43 49 38 34 43 39 46 22 24 42 45 56 48 60 37 41 41 37 13 23 15 76 47 28 41 51 50 52 38 22 15 15 14 9 10 14 12 7 2 0 0 0 0 0 0 0 0 1 0 0 0 1 2 0 0 0 1 1 1 2 4
0 0 0 0 0 0 0 0 0 0 0 0 0 0 0 1 0 0 1 2 3 7 18 31 33 43 54 56 60 55 63 33 24 36 48 39 51 44 39 39 43 31 37 24 25 30 47 57 55 45 28 31 27 26 40 37 13 76 81 56 35 19 33 26 31 22 13 8 4 14 32 14 4 1 1 0 0 0 0 0 0 0 0 0 1 0 1 1 2 0 0 1 1 2 2 3
0 0 0 0 0 0 0 0 0 0 0 0 0 0 1 1 0 1 2 2 3 13 27 39 32 38 57 54 76 81 52 43 44 56 35 53 53 51 47 46 44 40 53 21 39 33 45 44 35 19 39 30 41 41 46 58 44 34 42 48 27 44 27 25 19 19 16 5 8 17 16 5 3 2 1 0 0 0 0 0 0 0 0 1 1 0 0 0 3 0 0 1 1 2 1 2
0 0 0 0 0 0 0 0 0 0 0 0 0 0 0 0 1 1 3 8 5 7 34 34 55 44 54 64 27 79 57 54 46 62 48 41 48 58 50 48 48 41 66 24 24 62 45 43 40 34 53 33 35 51 58 27 51 50 32 15 26 14 21 23 19 17 9 28 18 6 9 3 2 1 1 0 0 0 0 0 0 0 0 0 1 1 0 1 2 1 1 1 1 3 2 2
0 0 0 0 0 0 0 0 0 0 0 0 0 0 0 0 1 1 3 7 14 22 50 38 57 63 69 65 72 65 84 50 44 57 46 25 33 54 58 64 50 25 46 55 15 30 40 62 40 45 57 46 33 41 34 31 18 19 25 40 32 32 27 38 14 13 19 8 5 7 5 3 2 0 0 0 0 0 0 0 0 0 0 1 1 2 0 1 2 2 5 2 1 1 5 3
0 0 0 0 0 0 0 0 0 0 0 0 0 0 0 0 0 1 3 6 17 15 29 9 26 47 48 25 27 53 77 47 54 81 46 49 55 63 42 16 29 15 46 54 18 42 59 42 18 37 53 53 34 41 28 16 46 49 48 35 19 27 53 57 35 25 36 30 18 10 4 2 1 0 0 0 0 0 1 0 0 0 1 1 1 1 3 1 2 1 0 3 1 1 2 3
0 0 0 0 0 0 0 0 0 0 0 0 0 0 0 0 0 1 2 4 8 7 8 28 27 33 25 34 41 53 69 68 72 74 64 60 58 54 53 30 40 37 42 57 16 29 48 45 29 26 33 46 40 31 14 35 50 23 29 35 36 58 65 63 59 47 24 11 14 7 15 4 1 0 0 0 0 1 0 0 0 0 1 0 1 1 2 3 3 2 2 5 2 0 1 1
0 0 0 0 0 0 0 0 0 0 0 0 0 0 0 0 0 1 1 1 3 16 19 15 27 39 40 34 42 56 57 57 68 72 52 58 55 57 59 27 56 49 39 59 15 21 44 38 52 54 30 29 55 40 28 37 35 29 58 41 66 48 46 65 73 36 22 7 18 4 2 2 0 0 0 0 0 1 1 1 1 1 1 1 1 1 1 4 10 11 2 2 3 1 2 5
0 0 0 0 0 0 0 0 0 0 0 0 0 0 0 0 0 0 0 1 3 6 12 11 10 24 41 32 46 37 51 57 60 74 64 71 56 67 48 51 31 44 26 45 15 14 26 28 35 51 57 33 29 12 32 16 14 43 45 37 45 33 54 53 51 58 19 5 2 2 1 0 0 0 1 1 0 0 1 1 2 1 1 1 1 1 1 1 1 3 9 8 4 3 3 5
0 0 0 0 0 0 0 0 0 0 0 0 0 0 0 0 0 0 0 1 4 7 6 12 18 34 28 26 36 39 25 32 52 49 45 61 40 64 50 47 45 46 75 51 24 25 40 59 35 24 32 32 11 40 13 20 38 65 54 73 70 50 29 32 25 13 13 12 3 1 0 0 0 1 0 1 0 0 1 2 2 3 1 1 1 1 2 1 1 2 5 5 4 18 5 8
0 0 0 0 0 0 0 0 0 0 0 0 0 0 0 0 1 1 1 1 2 1 3 5 8 16 17 17 19 28 43 45 32 29 21 71 52 77 43 57 45 40 79 59 44 29 61 51 52 47 28 59 29 56 41 55 52 24 36 41 43 35 18 24 29 16 15 5 4 1 1 0 0 1 1 1 2 1 1 2 2 4 2 3 2 1 1 2 1 0 1 1 1 6 13 5
0 0 0 0 0 0 0 0 0 0 0 0 0 0 1 0 1 1 1 2 4 6 13 18 25 22 30 49 56 45 44 59 59 47 58 55 76 67 48 53 45 35 29 65 40 19 34 41 54 42 49 58 64 71 89 82 81 70 72 46 42 39 40 44 27 13 8 4 3 1 0 0 0 1 2 1 2 1 2 4 2 6 3 5 2 1 1 3 4 1 2 2 2 1 1 3
0 0 0 0 0 0 0 0 0 0 0 0 0 1 1 1 0 0 2 5 10 10 17 29 46 58 59 48 69 54 48 48 46 32 23 26 49 55 57 49 50 24 28 58 29 23 22 41 28 44 13 10 13 17 37 52 85 85 67 61 43 36 16 33 18 10 6 3 1 0 0 0 1 1 1 1 2 4 2 5 3 1 7 7 4 1 2 5 3 2 2 4 4 8 10 18
0 0 0 0 0 0 0 0 0 0 0 0 0 1 1 1 0 0 1 2 6 14 8 25 25 43 54 43 9 25 44 36 26 27 38 47 52 35 63 30 42 31 13 49 37 40 16 16 14 35 31 22 20 17 17 15 35 63 73 72 77 37 27 15 10 7 6 4 2 0 0 0 2 2 1 2 7 5 6 6 6 2 3 13 6 2 2 3 3 3 4 2 6 9 14 21
0 0 0 0 0 0 0 0 0 0 0 0 0 1 0 1 1 0 1 1 3 6 5 14 14 16 18 13 11 13 25 27 27 39 35 25 39 57 52 12 34 39 14 34 34 13 8 38 35 32 54 35 42 42 41 43 44 55 48 35 45 71 46 29 19 14 11 4 2 0 0 1 2 4 4 3 6 8 6 5 4 5 2 8 12 5 5 2 6 3 6 7 5 11 13 9
0 0 0 0 0 0 0 0 0 0 0 0 0 0 1 0 2 0 0 0 1 1 3 5 8 18 20 27 36 25 36 24 26 44 38 34 32 24 12 16 31 45 70 46 26 27 11 23 31 30 48 60 34 48 62 38 30 26 28 18 17 28 39 34 24 10 8 4 1 0 1 2 2 4 4 5 4 14 8 15 6 11 7 7 27 9 13 4 8 8 8 16 9 10 9 15
0 0 0 0 0 0 0 0 0 0 0 0 0 1 1 1 1 0 0 1 1 1 3 4 9 15 22 23 28 47 43 51 47 66 26 22 27 35 33 32 61 59 27 29 56 32 21 26 25 60 63 27 47 42 32 34 49 41 47 26 20 13 13 13 12 8 3 3 1 1 1 3 3 6 4 4 5 8 12 18 12 8 14 8 32 7 9 11 6 19 10 10 11 8 10 10
0 0 0 0 0 0 0 0 1 1 0 0 0 0 2 6 0 0 0 2 2 3 2 4 6 8 17 13 19 33 39 34 32 33 38 39 35 46 45 32 21 18 13 10 19 36 44 27 59 71 25 14 19 44 43 40 33 40 26 22 21 14 10 6 5 4 3 1 1 1 2 3 3 4 4 5 6 9 15 13 14 12 14 24 32 9 12 14 8 20 12 6 16 6 4 9
0 0 0 1 1 0 1 1 1 1 0 0 0 1 2 2 1 1 0 1 3 4 4 3 3 3 10 15 18 30 24 24 33 33 34 35 35 30 29 28 23 17 13 11 19 11 16 49 21 45 22 19 20 17 29 75 51 52 38 27 17 14 10 6 4 3 2 1 1 1 2 3 3 4 4 9 12 7 10 25 19 24 25 25 34 20 22 8 25 18 5 10 13 5 8 11
0 0 0 1 1 0 0 1 1 2 1 0 1 1 2 4 2 1 1 3 5 8 5 7 8 3 5 9 14 12 20 16 26 31 33 21 20 12 16 21 38 39 42 37 34 48 38 16 9 17 28 48 48 38 42 25 37 38 46 38 25 13 9 7 5 3 2 1 0 2 3 4 5 5 11 10 9 16 10 9 16 17 21 31 14 68 27 10 18 17 4 11 9 20 10 16
1 1 1 2 1 0 0 1 1 2 0 0 1 1 3 3 4 0 2 5 6 14 8 10 11 15 9 8 7 8 11 22 40 35 16 34 18 35 22 25 30 38 27 24 22 32 17 19 34 48 51 42 46 41 48 17 14 14 12 20 16 16 11 8 7 5 3 1 1 3 3 3 6 8 11 5 9 7 15 7 12 10 22 14 32 57 16 12 27 9 6 12 12 16 22 21
0 1 1 2 1 1 1 1 2 5 1 1 1 2 3 5 1 1 3 5 11 17 21 12 29 18 21 21 13 15 10 44 53 38 45 30 27 37 26 22 36 18 29 16 26 29 26 27 24 49 46 33 45 46 41 17 30 34 31 34 26 20 18 17 11 9 5 1 1 4 4 4 11 7 9 20 19 13 7 14 10 17 19 29 25 45 34 29 27 11 11 18 10 10 4 23
0 0 2 2 2 2 1 1 3 3 1 2 3 7 9 3 1 1 3 5 7 21 23 29 18 23 39 30 27 28 31 42 58 55 46 51 51 33 55 36 20 31 13 10 11 22 21 26 25 30 35 38 42 35 44 45 44 49 46 47 43 41 24 14 7 4 4 1 1 5 8 6 14 16 12 14 20 15 17 6 23 8 10 25 31 47 54 62 26 15 23 17 22 23 15 35
1 1 2 3 5 2 1 2 5 4 1 1 4 10 5 1 0 2 3 6 12 19 21 27 33 26 38 34 49 53 53 44 24 33 45 46 46 25 42 42 41 30 19 17 36 24 19 41 17 14 16 27 47 61 44 45 62 56 50 31 43 23 9 11 10 6 2 1 1 4 12 7 12 17 21 16 22 15 20 15 12 29 15 6 8 28 47 62 28 35 26 23 20 36 14 15
1 1 1 2 7 4 2 2 4 6 1 1 4 10 3 1 1 2 6 6 8 12 16 25 42 28 35 34 31 52 59 47 48 39 40 27 34 37 44 36 35 24 21 30 50 36 31 32 11 9 14 43 54 34 62 64 34 38 25 23 16 13 19 17 7 5 4 1 2 3 14 10 10 12 16 24 19 19 10 20 9 35 20 16 9 8 24 37 51 63 34 28 23 29 11 15
1 3 2 2 3 8 3 4 9 2 1 1 3 15 5 1 1 3 6 7 15 24 27 42 45 42 23 29 48 46 29 58 78 66 37 36 27 32 46 34 20 34 35 26 31 18 25 19 40 28 37 43 46 57 63 48 57 36 36 34 26 20 15 9 8 7 3 1 2 4 5 21 12 11 14 17 33 30 20 38 14 13 22 21 16 15 15 29 50 53 36 35 28 31 18 27
1 2 5 5 2 6 2 5 20 2 2 6 8 11 3 2 0 2 8 11 23 19 24 47 49 47 42 18 14 18 28 29 33 16 20 33 49 34 34 50 42 32 24 21 16 11 16 20 45 46 48 49 55 59 72 66 59 47 35 39 29 29 26 12 10 9 3 3 3 9 11 11 25 11 14 18 39 33 23 17 30 15 12 30 31 18 22 23 38 49 57 36 30 21 34 17
2 3 7 11 4 13 3 6 23 7 3 9 11 6 2 1 1 1 3 11 25 30 26 29 42 55 40 19 25 21 27 29 37 31 23 15 28 38 50 48 33 30 15 23 26 15 25 12 5 10 47 39 33 50 46 34 33 54 49 41 38 18 16 13 9 8 7 1 4 10 13 12 15 6 19 21 23 40 53 39 39 23 16 16 31 21 17 30 44 77 70 36 24 20 34 16
2 3 4 14 6 11 6 5 9 12 5 14 10 2 1 1 2 3 6 16 20 23 35 21 31 46 61 27 23 24 37 36 35 37 31 39 29 35 24 13 17 31 20 20 32 21 19 7 25 33 37 55 75 63 44 66 61 73 49 34 37 34 26 21 18 8 7 4 6 12 12 21 31 12 13 36 28 45 36 33 49 19 28 30 50 23 15 20 16 32 57 32 32 16 47 35
2 3 2 7 22 9 15 6 21 8 20 7 2 1 2 3 5 3 17 26 14 23 29 35 15 32 51 65 37 39 25 38 31 20 17 18 26 20 15 15 18 10 8 5 16 10 16 11 32 29 25 48 41 56 64 61 40 57 34 24 26 28 25 21 10 8 5 10 11 14 19 24 5 18 30 39 36 27 42 26 60 25 31 23 28 47 35 38 45 35 42 28 52 20 30 51
7 4 3 4 8 20 20 10 37 15 11 2 1 3 4 7 7 4 6 6 15 18 30 52 48 30 35 18 43 59 25 40 22 20 29 32 36 23 22 19 14 15 29 19 10 5 5 7 22 37 40 44 53 40 51 44 38 31 20 8 20 23 19 15 7 6 6 12 14 17 19 32 10 9 5 9 32 52 65 25 52 44 32 33 21 18 56 31 45 44 37 52 21 23 39 53
5 8 6 4 5 11 33 14 13 4 2 1 2 4 11 15 15 5 7 9 17 23 23 10 16 14 20 35 14 22 45 65 44 45 17 35 14 21 23 6 9 11 9 7 8 28 13 12 22 33 40 27 27 38 37 39 28 42 29 32 38 25 23 12 17 15 9 16 15 18 18 32 10 20 12 17 17 15 36 35 29 54 37 39 24 47 48 17 42 57 56 47 20 26 24 30
6 11 7 11 16 25 25 12 11 3 4 2 5 11 12 18 20 14 15 17 21 24 20 18 15 23 20 14 18 32 19 28 33 57 33 55 16 13 15 17 15 11 13 18 9 8 15 13 25 39 53 27 29 35 48 25 46 62 66 54 43 26 25 23 19 17 19 28 18 19 21 27 14 26 23 19 33 31 35 54 23 56 37 56 23 22 44 12 21 29 55 36 16 29 31 56
8 15 11 16 24 32 22 5 3 1 5 5 11 15 16 22 14 33 30 19 24 25 24 29 35 26 29 18 23 46 21 12 9 12 14 36 46 34 30 51 37 33 21 18 18 11 5 17 42 35 42 17 19 37 38 43 56 71 39 42 48 27 27 22 21 19 23 35 22 22 25 26 26 27 38 22 35 34 33 34 54 77 48 57 41 15 46 28 12 18 35 44 28 35 28 11
10 22 25 21 51 29 5 3 6 7 13 11 10 20 19 29 11 21 49 15 29 23 14 22 30 39 18 28 32 35 58 23 18 10 11 8 10 7 16 41 49 27 30 24 22 17 11 15 34 25 23 20 29 34 54 55 50 44 45 31 47 36 22 8 26 14 15 46 27 26 40 29 43 28 40 33 33 40 35 29 27 18 62 64 52 21 26 25 13 11 22 47 28 40 46 33
12 19 44 35 43 7 7 6 8 14 17 16 25 34 12 21 13 23 28 45 18 35 15 13 18 35 36 38 34 25 15 34 16 20 15 11 11 12 12 15 22 13 11 18 9 5 7 20 20 21 21 19 17 31 50 62 30 55 69 56 25 21 14 7 38 25 27 40 34 28 43 32 60 43 41 47 33 33 49 33 27 19 46 45 51 25 14 53 16 18 28 44 51 49 32 36
9 24 52 63 28 4 9 16 18 18 33 39 20 27 16 16 36 16 28 26 23 28 21 19 22 30 29 46 34 39 43 30 41 24 22 17 12 11 10 16 18 9 8 9 11 9 15 36 19 23 20 15 25 43 61 53 77 54 41 52 31 15 6 16 22 46 29 33 40 28 36 33 54 47 31 46 47 33 36 52 41 14 26 56 63 30 9 31 26 19 33 23 65 51 26 65
12 29 55 30 5 6 21 18 14 40 30 53 16 33 19 15 20 53 17 28 46 28 40 19 19 36 43 36 33 51 32 33 53 16 23 19 15 18 5 17 13 7 18 22 19 16 33 23 29 33 36 39 38 35 42 53 58 45 48 37 31 16 9 24 20 34 31 32 42 31 32 36 35 55 32 33 57 33 36 38 52 20 28 33 51 29 14 25 36 27 19 17 19 44 37 29
14 45 36 18 8 14 24 27 17 33 17 51 21 32 44 17 40 56 13 39 56 22 52 19 19 38 46 48 22 17 51 16 16 36 49 30 8 16 8 14 8 5 7 9 12 15 18 28 39 44 32 26 19 27 27 35 42 47 34 51 34 21 19 28 35 40 21 29 39 43 30 27 18 43 33 33 42 41 36 31 15 15 42 25 50 28 19 12 24 44 11 23 47 43 39 10
17 37 36 25 12 16 35 50 17 23 23 43 20 31 55 26 41 55 24 23 35 38 38 24 20 23 24 35 39 40 18 26 12 11 3 37 33 11 8 9 7 10 15 14 16 17 16 22 31 47 37 41 30 36 29 32 20 34 36 19 19 32 28 30 29 36 41 33 38 43 20 32 21 31 38 32 40 20 16 37 20 20 18 23 53 60 22 12 24 37 8 14 40 48 50 28
41 38 46 20 17 26 30 38 20 31 27 32 38 23 52 24 21 49 27 20 21 19 66 41 19 18 21 20 27 30 50 32 10 24 5 8 35 11 6 9 5 20 24 23 12 18 6 16 31 50 53 31 28 16 17 34 45 62 38 18 10 30 31 30 31 33 51 23 39 47 20 29 31 33 48 7 28 38 19 17 33 17 17 18 27 43 16 12 16 39 12 12 14 42 66 53
72 36 16 17 27 29 32 37 22 57 36 21 45 23 57 24 22 35 31 18 21 36 52 30 16 24 18 36 37 38 30 33 24 30 4 10 12 27 5 6 13 21 11 17 15 20 12 6 21 42 47 52 37 24 34 39 47 59 50 22 11 40 32 22 30 32 42 29 22 47 32 18 20 47 44 19 17 18 41 12 25 45 22 21 61 42 10 28 4 44 28 11 8 7 19 26
18 10 20 18 27 31 47 42 39 47 34 23 70 22 25 53 27 54 38 16 19 30 29 59 27 30 15 31 39 37 26 17 26 46 11 14 9 41 7 7 8 10 8 10 9 19 16 19 23 49 44 33 49 30 25 23 20 43 43 11 18 28 35 20 33 31 28 44 22 48 38 25 28 22 39 19 18 26 24 24 11 7 41 18 28 47 19 41 10 26 59 15 32 20 12 9
40 23 43 33 29 35 56 34 62 44 18 30 53 31 32 56 19 24 59 13 34 28 20 48 16 31 28 23 25 30 38 37 8 23 13 14 9 9 28 8 3 12 12 21 16 9 8 22 38 37 56 48 15 25 25 4 21 27 20 10 23 50 42 19 16 43 20 37 18 26 68 18 35 36 22 25 24 22 38 25 29 15 16 32 11 43 56 46 16 25 76 16 19 13 28 11
68 39 23 40 41 44 39 37 61 35 32 33 26 31 31 38 22 19 53 23 31 25 12 23 36 30 26 17 20 18 25 26 33 10 14 35 11 8 16 24 7 19 13 18 20 17 19 9 34 16 10 8 9 21 22 47 31 17 23 21 15 37 26 20 20 32 46 15 41 14 44 16 30 41 11 17 37 13 20 29 35 21 14 5 10 9 36 63 23 18 46 25 21 15 26 18
85 46 32 33 35 43 20 37 46 17 37 33 31 34 25 46 24 23 40 16 16 38 15 7 4 12 13 7 29 46 23 26 37 6 11 2 21 9 11 55 7 10 10 16 18 13 27 15 63 28 21 13 14 14 40 46 25 8 10 34 16 12 33 20 34 21 53 14 53 12 24 31 20 29 13 36 21 19 13 15 25 31 24 13 11 12 8 14 41 56 42 34 23 14 34 19
66 31 20 42 26 27 25 27 49 16 30 23 26 51 24 50 25 46 24 15 13 30 22 11 11 13 15 15 20 23 43 38 13 10 5 5 5 20 7 50 4 5 5 14 14 10 25 12 9 21 27 28 6 32 44 39 24 15 7 38 23 19 9 36 33 33 46 15 46 22 14 20 36 48 19 14 22 9 19 5 7 23 12 16 10 8 12 6 7 19 53 30 14 19 38 22
76 34 60 32 33 25 25 26 25 18 33 32 16 57 54 17 35 32 36 27 26 13 23 18 23 30 18 26 12 12 17 18 17 11 4 8 5 7 15 28 10 3 7 5 10 10 11 31 8 10 16 16 25 56 48 33 25 22 7 14 32 16 25 21 27 50 30 36 10 34 51 11 43 63 24 5 17 8 11 6 20 16 23 22 6 4 6 9 10 8 19 38 30 10 37 10
70 50 24 26 26 30 40 27 29 16 22 21 30 38 40 14 15 16 18 5 21 15 20 28 36 29 23 30 27 7 9 14 39 25 7 5 22 6 4 14 23 3 10 6 10 22 19 16 8 11 11 16 39 42 40 23 6 20 18 10 30 15 21 25 10 21 17 21 13 18 49 14 32 36 2 7 9 19 15 10 2 22 3 8 15 1 2 4 12 12 20 6 42 13 24 8
17 48 17 30 29 25 31 21 60 20 23 24 22 8 37 20 21 9 31 14 12 21 23 24 26 14 27 37 30 4 9 12 18 23 23 14 9 19 5 4 28 3 7 5 5 26 34 16 14 12 18 34 40 35 40 15 11 22 16 18 34 18 9 9 21 15 13 33 12 18 45 27 50 19 3 11 4 2 7 18 4 10 8 10 21 5 9 5 7 7 7 16 25 27 35 5
30 59 20 22 14 27 34 32 18 31 23 19 25 10 22 14 20 12 58 19 8 13 17 51 15 13 21 32 28 7 10 10 24 16 27 15 7 8 17 5 28 4 5 4 5 15 8 18 6 29 21 36 39 41 20 7 14 23 17 22 41 24 36 13 13 23 11 35 11 15 13 21 38 4 4 2 5 4 10 8 7 3 1 12 13 14 13 9 5 5 4 3 7 34 19 4
30 66 44 6 15 18 44 30 17 39 26 15 9 15 12 22 7 31 12 6 9 18 26 16 34 16 12 14 14 12 7 20 20 18 16 16 13 16 17 6 32 3 6 6 6 7 14 39 21 10 31 49 48 36 5 14 22 29 18 25 15 38 16 39 24 11 9 17 7 16 21 36 19 17 10 11 1 9 16 6 13 4 1 7 8 23 19 7 6 4 5 4 2 10 19 19
13 30 46 7 25 13 28 42 14 36 20 11 3 17 9 30 10 24 17 22 7 9 23 27 23 12 9 13 16 23 3 8 12 27 19 8 12 25 10 18 29 10 6 14 8 6 5 31 41 33 47 51 39 9 15 27 31 27 20 30 33 27 9 23 34 4 9 7 15 6 16 22 14 25 10 10 6 16 12 2 23 27 6 9 3 3 9 10 5 9 1 5 7 24 7 17
17 33 42 14 16 6 13 13 19 19 20 7 2 12 14 56 15 11 14 4 12 21 22 28 15 6 6 6 16 11 8 12 23 14 6 3 10 22 22 8 18 12 9 17 14 9 14 59 46 66 68 53 6 10 14 15 22 25 21 25 40 11 28 18 17 38 58 8 6 3 4 33 7 23 19 15 11 22 17 13 18 45 9 12 5 2 9 11 29 25 10 5 31 9 10 29
15 19 50 25 26 10 9 16 6 27 23 14 7 9 6 21 16 8 14 8 13 16 11 11 13 6 26 5 11 20 10 9 23 24 9 7 20 8 9 14 3 9 3 11 29 55 74 50 47 48 24 4 10 14 22 17 21 21 17 11 14 7 20 14 4 28 9 1 1 7 10 11 27 8 27 16 17 19 34 16 23 30 8 22 7 7 6 7 8 15 17 27 8 25 32 46
17 9 5 49 10 7 3 4 3 17 37 10 10 6 9 24 5 8 22 6 9 13 10 9 4 10 4 4 2 17 7 9 11 12 9 12 11 10 3 7 4 6 4 49 44 50 77 80 48 14 4 10 11 16 17 16 20 21 17 4 1 2 20 27 34 37 4 3 2 16 26 14 16 5 32 11 28 12 22 8 11 26 13 22 11 15 3 3 5 4 3 6 18 8 29 26
19 19 8 54 2 10 13 4 17 2 21 8 7 14 12 34 8 13 19 13 4 9 11 26 4 8 3 21 3 3 7 11 19 14 5 9 31 14 5 6 13 57 68 69 76 41 59 79 56 2 7 13 12 12 3 12 14 14 14 1 1 13 44 44 37 12 7 18 18 10 28 29 6 8 13 15 34 25 39 45 49 29 12 17 23 17 16 1 5 7 9 5 9 18 29 25
16 12 6 56 9 3 5 5 28 2 6 21 8 8 7 27 6 12 23 10 6 7 8 25 4 5 4 8 13 12 6 10 13 11 10 21 12 10 10 23 47 74 82 69 79 79 69 56 2 5 17 12 13 15 4 10 23 23 9 4 3 19 39 28 14 10 16 16 17 15 23 38 48 12 8 14 15 18 23 11 6 16 20 42 33 24 5 3 13 3 16 13 10 23 44 16
13 10 5 21 19 29 8 6 26 6 6 21 1 6 4 7 10 9 15 8 3 1 1 17 3 8 17 10 21 6 6 10 7 19 8 18 10 4 14 32 29 14 57 72 76 63 4 5 10 7 8 6 13 14 8 3 4 56 9 17 9 13 10 31 24 10 24 22 16 40 33 30 4 10 11 23 24 17 15 12 15 16 24 19 23 6 13 7 6 2 7 15 7 15 39 15
11 10 5 8 34 11 8 4 15 3 4 12 6 2 1 2 7 2 17 6 6 1 3 3 8 12 16 9 12 5 14 12 13 7 10 13 10 4 14 29 14 40 23 14 9 4 15 20 13 13 7 7 6 1 5 13 6 19 20 13 9 12 5 14 7 8 10 29 36 46 13 5 10 15 16 18 39 18 34 16 24 26 24 21 27 4 9 7 12 1 17 13 10 9 13 6
9 10 7 3 29 3 5 6 20 8 2 5 18 4 2 4 4 3 11 11 3 3 3 10 18 9 8 13 4 7 8 10 11 14 9 6 13 6 28 27 69 59 20 4 13 14 3 6 8 3 4 1 5 2 7 13 6 36 14 5 9 9 18 12 2 11 18 44 32 1 6 1 5 17 39 38 21 21 10 19 20 18 24 33 9 12 13 13 6 2 19 11 11 12 8 2
5 4 10 22 5 3 6 5 10 4 3 2 12 5 3 3 2 4 3 16 4 2 1 4 13 12 13 8 3 7 3 8 7 16 5 9 16 9 24 19 18 27 5 13 15 7 7 11 20 10 3 1 1 1 10 18 3 16 10 9 9 8 16 4 3 5 23 28 3 1 2 9 5 4 10 33 32 34 7 13 17 20 23 14 17 13 14 13 17 3 9 11 5 3 4 5
20 4 8 32 33 2 5 3 13 3 5 1 7 3 5 0 5 2 6 3 3 2 1 6 8 18 12 3 4 4 2 4 10 3 10 5 7 6 22 12 20 27 7 13 3 14 3 1 6 12 8 1 1 3 1 5 14 6 13 1 2 19 11 2 6 19 25 29 3 0 1 9 7 8 10 19 27 12 7 9 16 23 21 33 12 15 25 8 7 3 9 10 7 4 3 4
10 3 0 3 7 3 3 4 7 3 2 1 1 5 3 0 2 3 6 1 2 1 1 9 8 8 12 1 5 5 2 2 2 7 10 9 10 45 20 66 58 30 5 3 2 12 8 5 3 10 5 6 1 2 5 3 22 15 1 0 0 12 9 7 20 25 25 22 1 5 5 14 30 3 8 18 14 11 6 7 18 11 13 5 9 30 11 11 3 4 3 4 3 1 5 1
4 5 1 6 2 9 4 2 0 2 3 1 1 2 1 1 3 2 19 0 1 3 3 9 4 3 3 1 3 2 4 2 3 3 6 13 23 31 60 41 19 46 11 3 3 7 1 1 1 4 7 6 3 1 5 8 4 25 4 3 5 24 8 2 10 19 12 20 4 7 10 11 15 3 5 9 7 22 9 7 1 1 1 5 3 8 4 4 4 2 2 1 0 1 1 1
4 9 10 5 1 2 1 6 1 1 2 2 3 1 3 2 2 3 3 1 1 1 6 3 5 2 3 1 3 1 2 2 2 5 7 29 45 63 78 39 10 3 10 10 4 1 7 21 4 12 15 2 6 10 7 12 2 9 2 9 3 23 4 9 14 10 14 23 5 5 9 11 9 2 1 1 9 10 33 10 3 2 6 8 2 3 3 3 2 1 0 2 0 1 2 2
