sesion_6_simulaciones/modelos_agentes/ejemplos_netlogo/scenarios/echam4_a2/rob_2028.asc
NCOLS 322 
NROWS 307 
XLLCORNER 451900 
YLLCORNER 4086900 
CELLSIZE 100 
NODATA_value -9999 
[rows 0 to 73 of 307, columns 96 to 191 of 322]
46 7 1 2 28 8 8 6 6 7 17 15 19 37 33 10 19 12 12 4 15 12 9 31 11 7 12 12 18 12 4 3 9 15 8 7 9 15 23 10 6 31 66 71 80 69 82 82 87 81 80 85 65 37 54 50 55 21 39 36 42 24 19 11 43 51 51 10 8 36 46 26 22 26 23 15 18 21 12 53 35 18 25 25 27 16 17 20 29 48 29 23 19 7 15 30
3 5 4 3 5 17 7 6 5 11 10 16 42 47 22 17 5 5 3 6 11 2 4 4 11 7 12 6 8 33 14 5 5 8 4 9 12 16 24 29 35 44 39 33 83 85 85 82 93 74 88 78 41 42 76 26 11 19 12 20 7 26 19 10 21 11 15 45 42 36 22 48 60 35 49 54 57 23 26 30 24 20 32 32 37 23 23 32 39 36 46 37 45 25 32 33
0 2 2 11 6 8 8 3 5 7 5 11 18 18 4 3 9 13 15 17 26 3 5 5 9 8 13 6 14 15 24 20 3 10 30 28 29 37 42 46 54 63 46 52 18 9 22 50 92 83 82 81 40 74 71 67 44 20 18 26 19 56 77 72 76 54 44 64 31 41 33 36 46 46 51 67 73 68 43 32 30 28 42 39 42 31 34 54 34 36 49 39 44 50 37 38
0 0 0 1 1 1 1 11 4 2 2 5 7 12 13 14 15 24 27 21 9 2 11 11 2 6 9 11 11 4 12 13 11 22 32 23 50 49 68 77 81 81 66 27 13 18 7 13 45 20 31 32 17 39 66 24 62 8 10 23 35 56 82 81 81 83 78 47 61 53 54 61 44 45 58 54 54 26 22 32 44 44 57 56 53 40 37 49 35 32 52 55 37 47 34 49
1 2 1 0 0 0 1 10 19 4 12 9 5 7 22 16 13 50 20 9 11 8 9 20 17 11 10 10 7 26 31 20 5 21 43 46 57 69 82 86 86 77 65 38 22 11 15 34 22 16 24 28 8 47 20 40 55 34 7 13 58 73 62 78 67 42 76 46 57 73 64 55 44 37 61 44 46 39 41 44 53 48 80 59 43 46 44 58 42 43 54 68 36 57 56 61
3 1 1 1 0 1 1 2 16 30 7 14 4 12 15 8 29 20 24 16 4 5 15 13 18 9 12 12 5 7 11 27 23 11 48 66 71 81 85 75 78 77 72 47 20 26 20 26 30 25 32 50 11 23 26 49 29 29 22 21 58 65 25 14 21 39 45 21 24 43 18 52 79 61 55 37 41 40 39 57 49 57 61 56 64 50 49 67 64 44 60 43 58 50 71 34
0 1 4 2 2 2 4 2 6 26 23 7 6 8 9 27 12 24 35 23 25 12 6 7 13 14 22 16 9 5 9 34 37 26 42 77 83 82 75 75 73 70 39 22 28 56 31 45 41 40 33 35 32 36 50 38 18 34 41 17 11 14 13 20 10 16 48 65 44 46 22 47 33 18 58 62 60 61 40 59 48 40 48 42 63 65 54 68 67 42 69 59 56 48 32 28
0 1 1 1 1 2 2 1 3 14 57 54 52 27 18 8 9 20 15 17 32 54 13 27 38 22 21 7 16 13 13 17 37 61 44 66 70 75 72 67 58 25 29 23 51 42 35 59 46 46 28 30 50 58 44 44 36 60 66 67 46 20 4 4 20 13 37 21 46 27 41 29 14 31 19 50 59 84 67 36 56 65 48 55 78 56 56 61 65 62 49 38 18 26 25 20
0 0 1 2 1 3 2 1 3 3 13 51 64 71 41 52 12 10 9 32 33 13 16 24 20 9 16 15 11 18 31 26 47 71 80 47 31 39 26 23 32 18 14 28 57 47 26 39 45 36 32 23 75 49 43 57 45 57 22 44 70 53 28 4 17 18 12 11 5 16 45 40 18 19 42 22 32 38 47 71 64 84 55 63 42 30 39 78 53 56 44 76 55 37 27 33
1 0 0 0 2 5 3 1 2 4 10 2 3 3 3 2 17 10 12 14 17 12 20 13 32 24 17 14 20 25 29 62 55 46 63 54 49 46 22 19 9 8 11 27 55 35 14 16 28 40 36 26 35 81 72 73 21 36 18 60 48 50 14 18 5 11 8 5 15 28 28 34 38 30 39 55 24 22 63 67 43 68 54 48 30 37 27 40 41 56 30 43 74 70 30 21
1 0 1 2 4 2 4 4 6 1 3 2 8 5 4 5 15 3 25 11 16 11 16 19 33 11 9 16 27 42 60 60 82 68 46 43 40 55 50 28 15 5 4 8 32 11 11 19 31 24 38 22 38 47 79 65 36 26 35 56 28 30 16 6 11 14 17 7 26 37 38 44 28 19 45 60 43 20 20 52 39 25 50 63 37 40 28 32 68 53 48 36 64 82 57 32
1 1 2 2 2 5 4 11 12 9 2 4 9 16 13 10 12 26 33 18 50 29 11 20 18 19 10 13 20 73 72 63 61 55 43 32 31 44 42 28 14 5 6 12 16 7 9 32 18 24 50 23 37 53 33 46 34 33 45 41 18 17 36 25 12 9 27 24 32 60 71 70 20 31 46 56 41 22 22 59 37 9 34 61 33 42 35 28 50 35 26 34 49 61 62 55
0 1 1 2 4 3 4 3 5 9 10 6 2 3 6 18 28 12 38 30 57 58 16 12 10 14 9 19 34 53 74 52 49 40 38 43 45 17 21 35 12 4 5 16 14 6 13 16 21 34 53 39 39 62 43 35 43 40 52 20 17 20 31 26 14 11 9 24 40 26 45 46 32 28 32 54 31 26 11 21 38 8 45 70 33 38 46 27 19 37 31 14 18 36 54 67
1 1 0 1 1 1 1 1 4 6 10 7 7 8 9 5 25 11 51 20 13 12 41 26 20 12 18 51 53 42 47 48 35 17 15 13 12 7 6 10 12 2 1 1 5 4 7 12 38 55 61 55 39 43 25 43 51 44 41 38 15 13 33 36 25 22 11 12 14 10 4 4 19 32 33 43 31 43 27 16 7 12 22 59 60 29 36 35 21 18 30 16 25 47 73 51
0 0 0 0 1 0 0 1 2 2 5 5 8 10 10 8 6 7 40 23 14 37 47 22 26 23 26 23 45 49 26 16 14 17 21 15 12 10 4 1 9 1 5 3 1 2 6 17 22 51 48 44 33 39 25 53 56 50 50 53 10 26 34 37 25 17 8 10 6 4 4 20 50 46 37 45 48 40 22 21 31 11 29 55 61 28 13 15 19 13 10 8 18 33 45 39
10 0 1 0 1 3 1 1 1 1 1 1 1 2 3 5 9 15 6 3 8 13 7 42 30 39 20 22 18 13 15 33 37 36 23 26 42 34 14 3 3 3 1 3 1 2 1 7 17 21 29 23 19 21 31 21 37 39 54 47 9 24 9 36 51 30 11 12 12 3 9 31 46 52 28 19 32 40 48 41 28 24 25 39 65 81 50 33 15 11 10 5 16 51 41 29
0 1 2 1 2 2 4 2 1 1 3 4 1 1 3 8 9 14 8 13 12 4 7 15 50 37 39 46 67 48 34 20 24 34 32 46 56 51 26 2 6 4 2 3 8 8 7 1 6 10 7 6 5 5 10 27 37 47 51 51 16 35 25 30 42 14 10 10 7 7 10 39 32 45 18 14 26 24 40 34 30 26 27 26 60 80 76 28 15 11 9 5 14 36 45 39
0 2 2 14 13 2 2 2 1 1 2 1 1 1 2 3 9 8 13 16 8 6 9 10 29 38 13 26 24 18 34 31 40 26 58 74 52 53 28 15 20 22 15 14 23 21 22 9 2 1 1 2 1 0 2 26 62 79 56 26 42 31 26 18 30 23 12 20 6 7 42 41 50 39 17 25 50 32 29 38 19 15 10 6 41 48 46 48 27 12 10 6 7 17 22 9
1 2 3 2 1 7 1 1 1 1 1 1 0 0 1 1 2 5 6 3 7 9 9 10 44 61 33 30 22 38 47 51 34 56 62 62 28 26 27 44 33 37 45 54 45 24 28 20 7 5 3 3 4 1 1 4 55 70 42 28 27 34 19 15 24 8 11 11 3 30 61 56 47 49 21 20 48 44 36 65 39 21 10 5 10 27 31 31 34 15 9 8 4 8 37 6
5 3 1 1 0 2 8 1 1 1 3 3 3 2 2 8 2 2 3 4 10 13 16 8 31 33 26 36 43 39 43 67 57 50 50 27 43 43 35 44 64 63 49 25 27 11 18 22 11 8 6 2 3 2 4 2 10 18 28 37 25 15 14 32 30 5 10 35 62 45 59 74 38 68 32 14 39 56 40 59 45 40 22 8 7 23 43 28 43 20 12 6 2 4 22 16
4 2 1 1 1 3 4 6 2 4 5 4 3 1 2 1 1 4 5 5 5 7 6 4 17 31 26 13 13 35 25 23 39 49 61 38 34 47 31 65 32 29 41 25 14 10 11 12 11 5 7 6 2 3 6 5 6 16 32 30 9 10 45 41 24 6 21 34 44 58 45 49 27 31 52 36 22 18 18 59 21 16 28 17 10 3 23 12 40 11 15 5 3 3 5 14
6 1 1 1 6 4 6 10 9 10 18 7 4 3 4 2 3 2 2 13 7 9 9 8 32 20 36 31 17 25 24 36 40 61 65 53 72 41 56 24 36 17 10 9 15 14 26 14 14 4 5 4 4 4 8 6 5 9 25 32 33 10 14 21 13 17 40 10 31 53 53 37 36 17 41 51 29 15 14 64 74 29 10 31 18 3 3 5 30 18 14 12 3 3 3 11
3 1 1 2 9 5 1 4 4 3 1 4 10 4 2 2 2 3 2 9 23 16 18 12 32 11 20 41 22 15 44 60 62 28 15 73 66 35 34 31 37 41 16 6 5 11 8 2 3 3 7 4 4 4 4 4 2 5 12 9 10 12 8 9 12 29 43 5 28 17 39 48 32 10 9 30 28 35 16 35 71 38 31 8 14 5 1 3 24 31 4 15 6 2 3 7
6 2 0 2 10 8 4 9 21 6 15 6 7 33 21 11 8 8 6 31 19 29 24 16 31 27 16 44 47 28 23 22 10 8 9 26 37 46 21 38 32 41 27 21 10 2 1 1 1 0 2 1 1 1 3 1 1 2 2 6 14 12 9 15 33 32 24 10 19 18 19 31 23 20 12 43 42 24 18 7 34 36 17 30 7 4 2 2 2 11 3 7 4 1 1 2
9 5 1 3 13 10 7 4 27 12 4 13 19 25 28 29 49 13 16 14 32 37 58 34 24 26 47 35 62 40 20 13 27 27 17 2 10 36 36 15 27 43 48 41 18 11 6 3 2 2 1 1 0 0 0 0 0 0 4 9 20 12 20 22 13 33 16 20 21 18 12 17 31 33 7 29 38 18 19 10 17 34 10 4 15 6 2 2 1 3 4 3 5 2 1 1
25 15 5 7 18 5 13 3 11 18 15 14 29 38 48 28 47 54 19 19 51 76 77 83 75 67 66 48 66 51 70 68 73 46 22 20 22 16 12 24 47 30 35 36 40 30 20 11 8 6 3 3 2 2 2 2 2 1 7 16 16 16 12 14 12 26 27 35 11 25 9 7 26 17 7 17 15 7 8 7 7 12 26 3 5 2 2 1 1 2 1 2 1 1 0 1
19 13 22 21 22 5 10 7 21 31 26 18 19 54 67 50 51 78 62 75 78 79 85 83 75 80 76 71 77 82 53 27 44 52 45 24 31 25 11 8 32 37 40 53 38 35 30 20 15 12 8 8 7 6 3 4 3 3 8 8 14 8 6 7 6 31 16 28 20 21 5 7 10 13 7 13 10 17 4 6 5 2 7 4 2 4 1 1 0 1 1 1 1 1 1 1
12 24 21 17 27 25 29 21 28 43 41 58 50 59 71 86 81 69 78 42 49 58 68 81 75 71 79 79 80 81 25 15 15 14 30 35 46 25 32 23 21 46 49 37 31 29 22 46 34 18 13 11 9 10 7 7 8 2 4 5 7 4 6 12 24 36 29 13 19 7 8 4 8 7 7 4 3 6 7 3 5 3 4 3 1 4 1 1 0 0 1 1 1 1 0 0
16 36 23 17 32 27 30 28 38 59 72 80 87 88 91 89 81 78 84 69 41 22 52 68 49 45 34 60 63 56 41 10 9 6 9 15 26 22 24 30 12 22 26 25 13 11 6 13 16 18 25 26 15 13 11 17 10 3 3 3 2 6 17 22 27 18 9 9 6 12 9 12 5 4 4 3 3 3 5 3 2 2 2 1 1 1 1 1 0 0 1 0 0 0 0 0
19 37 18 22 52 48 43 59 73 83 88 87 84 87 84 89 78 78 90 46 73 36 21 40 28 15 19 20 23 26 46 31 22 5 8 4 13 10 10 23 19 14 31 10 14 9 5 8 9 5 4 4 4 7 7 3 13 6 4 3 4 8 16 20 19 12 5 11 17 8 9 5 4 3 2 1 1 1 2 2 2 1 0 1 1 0 0 0 0 0 0 0 0 0 0 0
11 46 42 41 53 69 77 83 77 88 83 89 73 87 80 84 64 68 86 75 36 44 22 11 10 8 3 3 11 12 18 55 29 9 11 7 22 41 35 22 23 14 11 6 3 6 5 2 1 2 2 7 15 14 7 6 16 8 13 4 6 8 15 10 14 5 3 6 12 11 6 4 2 3 2 1 0 0 0 1 1 1 0 0 0 0 0 0 0 0 0 0 1 0 0 0
34 54 69 70 84 89 86 87 82 83 78 89 77 76 58 75 60 71 73 77 25 45 44 18 12 3 3 1 4 6 6 14 19 11 11 14 7 15 15 16 11 10 10 15 14 7 7 3 5 5 18 35 35 19 31 5 18 15 3 1 1 5 4 10 6 6 3 2 2 3 3 3 1 0 0 0 1 0 1 1 1 1 1 1 1 1 1 1 1 1 0 0 2 1 1 1
63 76 80 84 84 82 87 81 81 71 86 68 43 55 51 50 56 59 63 69 31 19 24 15 13 7 3 4 10 12 12 24 18 7 22 17 23 22 33 21 34 20 29 27 28 25 16 13 9 12 20 46 56 54 45 19 23 18 7 10 5 1 1 1 1 1 2 1 1 1 1 1 1 2 3 2 4 3 4 2 2 3 1 3 2 5 3 1 2 2 1 1 2 1 1 3
79 83 84 74 84 82 86 74 72 52 63 15 28 21 26 38 39 30 31 54 30 12 5 4 7 11 11 9 15 6 36 44 43 30 42 43 39 32 37 35 36 37 35 31 43 28 30 16 7 34 36 39 58 44 32 26 46 25 20 32 17 10 10 9 8 7 11 6 4 3 4 4 7 7 7 3 7 6 6 5 5 5 4 4 9 5 3 2 2 1 2 1 2 2 4 4
26 34 57 48 69 67 76 72 37 8 4 5 11 7 6 7 8 14 31 44 27 7 9 17 9 9 37 25 40 29 39 44 46 42 43 63 51 29 52 45 42 54 52 49 34 33 36 24 19 28 41 41 56 69 52 50 39 30 36 35 27 28 24 25 21 16 25 15 12 5 10 10 10 10 16 10 10 16 9 14 12 7 9 8 17 5 4 3 4 3 3 2 5 6 6 10
30 20 13 12 8 8 25 28 27 9 5 7 11 10 4 2 2 3 13 19 12 7 33 10 25 37 50 43 58 42 41 38 57 49 36 54 51 33 48 53 45 60 40 37 37 41 55 37 24 27 48 50 29 77 59 69 39 41 49 38 46 31 29 27 25 15 31 17 9 13 13 13 21 13 19 13 13 22 19 19 10 11 18 12 13 8 6 6 5 5 5 4 16 11 8 8
53 64 52 23 21 15 4 10 13 5 9 11 9 5 2 3 1 7 5 10 19 38 47 25 48 45 54 51 42 20 7 21 45 45 38 50 36 41 51 60 62 40 45 40 39 59 46 30 43 37 55 64 45 78 75 42 70 62 56 37 44 36 49 45 29 27 23 19 18 10 17 25 26 17 26 25 17 29 16 22 15 23 24 31 16 8 3 10 8 8 11 14 18 6 19 10
61 45 41 27 15 11 11 11 21 23 23 21 13 4 4 9 10 12 17 30 59 61 61 38 48 38 39 49 49 43 27 21 44 39 49 38 33 44 41 55 27 22 49 54 43 76 49 49 58 33 66 43 76 79 53 62 76 63 40 54 38 51 46 34 20 33 30 23 12 22 39 46 38 22 32 36 36 37 21 19 23 33 31 22 13 7 6 16 11 6 23 26 24 7 5 27
37 48 52 39 38 21 35 31 41 42 44 47 29 21 17 26 14 21 38 47 60 47 26 46 60 42 25 36 52 49 38 24 36 46 28 57 40 67 51 37 42 28 55 38 33 78 59 59 46 36 51 77 75 62 56 52 66 74 45 59 57 63 50 27 50 44 43 28 12 30 41 68 52 34 41 48 48 34 26 17 31 59 46 33 24 9 20 41 24 9 19 43 41 14 7 30
64 67 39 40 25 37 51 42 41 58 52 51 43 37 38 33 32 43 48 51 61 48 48 59 48 33 35 52 41 50 28 41 27 22 52 59 61 47 51 35 38 22 56 21 18 57 62 63 41 47 59 47 76 27 21 17 42 65 38 67 75 60 52 69 54 49 28 12 19 50 58 79 66 46 50 64 73 44 44 21 45 69 41 26 20 15 33 53 31 15 12 59 69 37 18 28
41 53 35 52 38 50 54 56 53 52 65 57 47 44 63 30 35 51 48 50 62 60 39 61 46 46 52 46 43 57 30 50 31 29 33 62 29 43 31 49 38 39 46 28 49 46 75 59 30 45 64 61 60 40 33 23 32 43 33 75 79 69 68 70 29 46 17 14 25 57 71 76 74 56 63 72 81 40 51 24 53 81 54 24 20 24 48 66 43 24 17 54 68 52 16 35
37 48 64 46 32 42 58 46 41 47 68 54 44 59 43 40 29 50 60 42 41 52 59 59 45 43 37 33 31 78 38 57 33 37 42 64 54 42 30 39 28 46 39 31 47 42 58 35 40 30 44 80 66 52 35 36 64 34 40 71 63 67 84 48 56 45 29 29 45 46 76 76 77 49 58 76 64 41 64 34 44 73 60 47 29 33 58 74 52 36 24 43 65 43 31 44
26 27 47 26 22 19 46 40 29 40 42 42 36 50 43 38 42 39 51 47 39 25 38 56 53 46 53 31 26 39 54 71 36 29 47 68 41 24 28 42 29 48 36 33 41 49 44 34 31 32 34 64 28 33 44 40 60 30 52 60 52 70 40 54 75 39 34 36 59 47 67 85 65 39 62 78 67 46 71 42 51 73 50 48 47 35 35 73 73 43 28 49 69 48 35 49
9 24 14 15 19 20 38 44 21 43 40 49 48 35 33 46 35 35 40 47 28 23 22 50 54 42 55 22 28 51 47 59 24 31 49 39 31 41 32 49 55 25 33 52 49 33 24 63 32 26 24 43 16 29 34 59 58 68 58 35 30 23 44 76 39 48 58 33 45 56 52 76 40 38 60 76 51 50 65 33 64 68 49 53 54 56 26 34 78 44 37 44 70 64 53 46
6 8 10 11 23 9 16 16 24 34 29 45 37 31 34 35 31 25 25 33 38 20 45 39 51 46 43 38 9 29 56 65 11 24 31 62 26 14 22 29 56 32 29 20 23 35 34 10 29 37 34 49 42 27 45 44 75 63 47 68 54 32 62 42 59 66 36 38 44 63 40 70 32 37 50 72 44 65 65 34 51 53 41 68 68 64 40 33 76 60 38 53 60 46 55 43
3 4 9 12 18 6 19 17 20 29 31 51 31 18 22 31 34 44 24 12 13 12 53 10 29 43 38 30 13 27 29 28 6 8 45 12 8 7 38 11 46 26 33 23 27 30 26 61 70 83 78 60 62 56 44 58 67 49 52 57 44 49 57 30 65 38 44 45 51 71 38 58 40 58 30 49 38 62 47 39 61 41 42 57 72 40 53 34 51 46 54 43 71 76 77 64
4 2 10 4 5 23 4 7 16 23 34 34 19 31 12 36 10 32 24 11 7 19 28 20 27 38 34 42 10 9 6 20 26 27 13 12 22 23 33 24 29 30 35 57 35 73 49 82 60 70 51 52 57 77 80 69 65 30 36 65 46 48 22 31 60 45 45 50 58 69 72 62 65 56 41 74 39 71 37 36 75 35 70 63 69 47 61 47 42 66 63 72 70 77 80 88
1 3 1 1 3 7 22 6 14 10 7 11 6 18 11 21 14 27 23 27 17 25 24 37 11 14 24 17 27 31 10 6 13 14 55 62 49 46 70 84 68 69 62 85 64 50 80 82 43 68 57 47 56 77 75 61 68 69 59 81 63 71 70 52 52 59 65 57 49 49 66 71 60 80 85 81 81 90 85 66 70 75 77 75 41 86 86 73 68 38 55 47 58 78 61 64
1 2 2 4 14 36 9 6 2 1 1 3 6 20 18 18 16 31 16 15 20 22 21 39 24 17 9 8 9 9 7 12 16 4 10 52 67 22 31 74 74 74 56 80 88 49 53 63 70 65 74 28 39 76 80 47 85 80 91 87 54 70 58 68 60 73 59 75 79 25 37 74 74 43 71 81 60 79 62 87 53 70 81 72 51 83 77 62 87 79 66 38 51 66 48 36
1 0 2 1 1 2 1 2 0 4 6 6 21 15 9 17 8 21 10 12 19 13 24 28 21 15 6 7 20 25 13 3 8 7 6 15 27 13 15 53 64 37 71 86 76 33 50 38 53 55 70 34 39 64 62 75 68 62 78 85 57 22 40 74 75 79 73 66 64 72 27 64 82 44 68 83 35 28 36 86 79 55 50 56 70 72 73 78 88 77 49 70 32 28 62 67
1 1 1 0 2 4 5 1 1 3 5 10 6 12 6 13 12 13 8 9 7 14 20 11 17 19 2 4 8 15 11 5 14 5 7 6 11 46 25 61 36 56 46 49 84 63 40 26 47 45 57 60 34 71 72 89 52 78 91 90 76 22 55 65 68 83 74 80 55 80 46 36 72 44 67 84 54 41 30 75 67 72 20 19 33 68 78 70 78 66 27 77 48 32 46 58
1 1 0 1 0 1 3 3 3 3 5 11 9 5 11 20 10 12 5 7 14 14 7 7 10 7 1 4 5 11 11 9 7 7 9 15 12 18 51 82 50 65 44 67 69 75 43 40 61 50 84 85 53 68 86 91 63 87 91 84 79 45 77 82 66 58 48 39 59 84 50 30 54 31 69 73 87 46 52 83 61 73 67 29 26 44 63 57 59 40 62 89 47 28 16 16
1 1 0 1 4 1 1 6 1 2 7 5 5 5 8 15 17 9 6 11 4 7 4 3 7 13 5 6 17 23 30 18 16 23 31 33 23 30 64 61 63 30 27 70 76 53 32 28 43 55 76 70 72 52 78 90 69 74 83 79 84 76 77 88 47 51 62 37 62 76 73 47 17 34 80 77 81 71 44 84 45 62 76 48 25 21 52 43 46 20 74 88 66 43 40 13
10 0 0 0 1 1 1 2 2 4 7 6 2 3 5 9 9 3 4 4 8 4 3 2 5 9 10 29 54 12 16 14 44 38 35 34 15 33 47 48 75 40 57 36 85 42 46 39 23 43 67 68 51 29 32 68 68 77 84 82 91 78 79 78 78 56 60 47 50 59 82 60 30 27 66 75 82 81 57 68 61 56 64 78 42 23 14 16 16 30 69 52 80 46 37 17
1 1 2 1 1 0 2 1 0 1 4 4 1 1 8 5 2 4 3 6 9 6 4 8 2 4 3 6 28 12 11 43 30 28 55 39 21 12 6 28 30 21 8 8 38 35 70 60 23 16 38 19 32 18 14 24 23 60 65 66 72 73 65 63 88 53 54 44 14 68 93 46 30 26 66 57 56 66 37 48 50 20 63 80 63 35 8 10 11 21 12 35 85 44 25 26
0 1 4 6 12 0 1 1 1 1 3 0 0 1 4 1 1 4 4 2 9 5 4 7 21 41 14 10 13 15 22 23 47 51 42 33 30 35 17 9 15 36 18 9 17 23 33 44 41 16 19 15 31 18 21 38 29 17 27 46 47 22 30 63 91 73 40 40 48 73 88 54 23 14 28 40 58 43 54 57 48 13 41 64 78 26 14 6 25 32 17 36 90 59 50 46
1 2 1 8 7 13 4 2 7 1 6 0 1 1 1 1 1 2 2 7 2 18 8 9 33 46 33 7 9 30 30 21 38 48 23 12 40 39 15 15 17 48 30 18 27 23 24 18 18 9 16 41 48 44 37 36 26 20 17 11 4 2 12 73 78 76 51 24 29 66 77 73 61 25 15 35 49 34 35 22 42 27 19 64 73 52 16 8 26 21 42 79 82 84 59 47
3 7 12 4 6 12 23 1 1 1 2 18 2 1 2 1 1 2 1 1 1 3 3 5 20 37 19 41 39 50 26 18 44 26 39 39 29 45 23 33 26 39 43 26 13 40 24 27 18 7 14 48 57 66 60 53 40 35 31 25 31 27 27 48 48 60 49 17 9 35 36 73 75 33 14 35 46 29 16 27 53 23 15 14 65 74 17 7 27 39 38 62 41 79 40 18
0 1 1 9 10 10 4 1 3 4 21 23 19 8 10 11 1 2 1 1 2 1 5 4 10 12 23 40 40 30 21 24 17 9 44 44 18 19 30 48 36 45 37 28 10 18 50 38 25 14 13 28 66 67 67 66 51 51 45 44 68 70 74 62 49 47 38 23 8 5 27 40 80 54 46 14 28 32 16 3 10 17 18 31 51 74 31 12 5 19 22 20 67 74 87 44
0 1 2 9 27 22 54 7 18 6 9 4 19 20 15 7 7 0 0 1 2 4 3 5 14 8 17 24 19 15 10 32 47 34 50 34 29 39 54 29 49 46 27 32 39 39 51 51 35 24 11 15 30 55 55 65 66 61 40 31 24 37 45 47 59 57 58 48 26 2 7 38 45 52 44 34 19 8 10 9 30 19 8 15 13 53 49 10 4 9 14 19 16 56 55 60
19 10 4 4 3 29 12 4 5 30 10 10 4 5 4 3 8 2 1 1 1 2 3 15 26 6 17 27 23 30 31 63 42 25 29 38 26 27 20 9 16 46 62 42 58 47 40 36 35 34 28 11 7 10 36 37 32 51 54 44 40 35 21 26 27 47 53 55 50 42 25 47 39 58 27 25 18 10 16 10 8 9 5 19 14 45 59 8 3 13 20 13 15 18 54 66
19 25 18 6 3 21 48 31 7 10 10 7 2 5 3 2 3 7 1 3 3 6 5 17 12 15 6 9 9 9 5 11 12 31 26 26 29 32 35 33 21 8 18 60 61 71 61 44 41 19 25 23 14 6 10 18 13 11 23 25 28 41 43 28 12 15 38 45 48 33 37 60 35 62 41 25 21 22 10 5 6 12 4 8 16 10 43 14 3 7 15 18 6 5 49 63
7 7 62 32 10 26 11 43 35 24 27 5 2 11 6 14 10 11 4 5 2 7 12 9 10 11 13 43 26 15 22 38 26 30 34 51 51 53 49 52 52 40 21 12 11 48 58 50 33 21 15 21 13 5 2 2 2 3 2 2 5 12 11 17 20 7 8 15 15 14 33 32 32 29 27 30 34 26 12 15 12 9 4 4 20 30 14 23 4 1 9 16 9 29 71 20
7 8 25 13 12 11 2 1 54 74 70 62 8 18 9 4 3 18 5 7 5 5 8 7 23 9 25 35 20 26 43 46 27 35 43 50 48 54 50 50 53 44 57 47 42 21 11 8 24 26 30 9 6 3 6 10 10 10 8 7 6 2 1 2 2 2 1 1 1 6 11 19 16 14 10 7 7 19 16 12 8 4 11 9 9 15 14 27 12 2 2 10 33 65 30 60
13 11 18 56 34 12 12 7 6 72 13 14 19 11 14 14 13 1 6 11 1 2 1 9 14 11 12 11 11 15 13 15 31 36 37 41 59 65 49 59 63 65 59 56 56 40 33 28 16 8 6 4 5 13 17 27 25 24 21 25 6 2 2 6 7 11 5 5 1 1 2 8 5 3 3 4 4 7 11 20 16 4 3 3 3 4 9 18 23 4 2 10 64 28 29 37
18 13 20 32 24 31 45 9 3 3 2 3 5 8 11 48 7 13 11 13 4 2 3 6 5 5 15 14 23 16 14 18 23 32 48 50 50 50 47 66 62 48 41 42 46 32 28 37 27 23 23 23 24 38 38 36 46 45 41 29 9 7 8 16 15 9 11 4 1 2 2 0 0 0 1 1 2 1 1 1 3 2 1 1 1 1 6 10 8 5 2 32 27 11 44 33
36 21 11 4 30 30 71 48 37 33 21 10 4 6 33 18 53 43 21 13 31 15 12 3 1 4 9 9 6 10 10 29 41 21 8 24 55 56 35 30 43 50 38 29 38 28 37 39 41 36 41 26 28 45 56 56 53 55 56 40 18 17 26 25 29 28 27 16 6 4 1 1 0 1 1 2 7 4 2 2 1 1 0 1 1 1 2 3 10 10 3 37 5 3 26 40
33 30 24 35 27 40 29 20 21 59 23 39 8 16 31 54 71 53 25 22 35 8 10 16 10 7 10 3 7 8 31 8 9 12 22 28 52 68 61 60 58 46 55 45 49 40 45 45 48 30 56 50 48 42 58 62 77 73 65 43 17 39 35 49 46 59 42 28 16 6 4 4 4 6 8 13 17 10 5 5 8 8 4 1 2 1 0 1 2 12 6 23 3 4 26 52
36 34 10 9 32 26 64 54 33 34 48 60 39 19 39 78 72 48 23 46 10 29 7 11 7 4 1 16 3 11 9 4 4 28 20 30 37 52 61 59 59 42 42 46 46 49 51 65 53 40 48 65 49 51 67 75 80 68 49 37 35 48 58 59 57 71 56 35 23 9 14 16 15 20 21 21 31 18 15 16 14 13 6 9 7 3 2 0 1 3 3 4 4 2 7 17
32 41 30 11 45 51 62 54 78 58 43 22 13 52 68 61 54 37 31 73 14 50 10 14 11 8 8 17 21 4 5 8 10 27 30 39 47 66 48 63 64 49 26 48 47 45 56 71 63 38 39 68 64 54 67 80 76 61 43 33 34 66 64 65 78 71 51 38 16 12 22 21 22 35 33 48 47 43 25 26 36 23 20 25 16 9 4 1 0 2 2 4 2 1 3 7
33 10 31 14 6 52 39 29 45 66 59 48 11 38 71 54 12 21 56 72 15 68 16 12 39 32 6 21 23 33 9 4 11 10 32 24 16 23 33 30 56 39 49 47 49 33 65 48 70 40 72 63 61 51 76 85 65 59 39 52 53 65 61 74 80 69 55 49 23 34 48 47 26 48 61 57 59 46 37 44 53 42 31 35 9 5 2 1 0 0 0 2 2 0 2 1
27 27 18 30 9 20 60 71 71 52 28 31 14 27 52 64 29 51 84 58 27 64 24 17 14 28 16 36 32 10 29 41 12 12 16 25 8 21 16 37 44 37 40 58 44 45 50 57 38 40 84 40 62 52 83 62 56 61 39 49 49 62 73 81 65 71 54 39 30 47 59 58 34 59 57 70 72 56 49 53 69 50 45 17 6 5 4 5 3 1 0 0 1 1 0 1
42 23 30 23 29 27 37 55 47 57 60 34 61 21 11 7 49 89 80 53 53 47 39 46 48 24 12 31 35 30 31 9 10 6 13 4 7 14 17 49 25 43 48 48 29 38 42 50 59 63 36 31 61 77 53 64 50 38 44 42 40 59 82 69 69 53 36 39 53 67 65 65 54 64 47 52 66 42 54 59 72 35 16 12 13 15 20 9 4 2 1 0 0 0 0 0
39 35 29 27 58 36 59 79 47 44 42 55 66 67 11 4 21 29 25 13 31 62 53 28 20 30 23 28 23 19 8 2 7 14 2 7 12 14 27 23 23 20 49 17 20 19 26 54 19 19 27 37 49 66 51 43 24 33 56 55 43 78 72 71 63 65 46 42 54 71 67 54 56 66 52 26 76 59 61 76 41 37 26 27 47 47 21 8 5 3 1 1 1 0 0 0
