sesion_6_simulaciones/modelos_agentes/ejemplos_netlogo/scenarios/echam4_a2/rob_2068.asc
NCOLS 322 
NROWS 307 
XLLCORNER 451900 
YLLCORNER 4086900 
CELLSIZE 100 
NODATA_value -9999 
[rows 222 to 295 of 307, columns 96 to 191 of 322]
8 4 3 2 1 1 0 0 0 0 0 0 0 0 0 0 0 0 0 0 0 1 1 1 0 2 8 15 5 4 4 8 9 13 2 1 0 0 0 1 1 3 4 8 10 16 24 42 43 44 45 43 45 47 43 40 39 46 61 61 60 61 24 41 8 20 15 17 23 19 13 14 10 11 19 16 14 4 4 2 11 9 11 11 15 8 27 39 55 31 29 37 26 21 29 20
6 2 1 1 0 0 0 0 0 0 0 0 0 0 0 0 0 0 0 1 0 1 1 1 1 2 3 6 23 9 6 12 20 5 1 1 0 0 0 1 2 2 5 7 9 14 19 29 39 37 41 31 35 39 46 61 67 38 17 22 21 22 17 14 34 6 10 9 26 20 15 25 9 10 20 13 13 3 11 11 21 56 20 18 16 21 12 14 50 72 53 54 54 36 32 30
2 1 1 1 0 0 1 0 0 0 0 0 0 0 0 0 0 0 0 1 1 1 1 2 5 3 2 5 19 14 12 16 6 3 1 1 0 0 1 1 1 2 4 6 8 12 15 19 31 36 36 36 53 31 47 72 29 24 20 18 5 19 19 9 9 15 3 13 17 14 26 22 5 7 9 12 7 5 6 12 10 7 38 29 20 23 29 15 14 51 84 67 64 46 51 44
3 1 0 0 0 0 0 0 0 0 0 0 0 0 0 0 0 1 2 2 5 2 2 3 7 11 4 10 16 37 22 7 3 2 1 0 0 0 0 1 1 3 4 6 7 11 14 16 29 29 32 35 51 42 21 17 22 18 15 10 29 46 14 22 17 53 25 10 15 14 23 21 13 13 11 16 8 6 11 24 21 9 4 11 54 46 28 28 24 24 71 69 61 59 42 36
4 1 0 0 0 0 0 0 0 0 0 0 0 0 0 0 0 1 2 6 12 5 5 3 7 16 20 10 22 28 8 5 1 1 1 0 0 0 0 1 1 2 3 3 5 12 17 25 24 26 38 48 43 34 31 27 36 27 17 37 10 15 34 41 23 66 24 18 2 13 11 17 11 9 13 15 9 4 10 30 17 14 28 21 21 11 17 34 35 46 28 42 55 43 26 31
2 1 0 0 0 0 0 0 0 0 0 0 0 0 0 0 0 1 1 2 2 12 5 8 6 10 31 35 25 15 5 3 3 2 2 1 0 0 0 0 1 2 5 6 9 14 18 19 25 26 31 27 21 29 27 29 46 35 40 13 15 23 21 27 52 22 31 28 40 9 6 13 16 3 3 6 5 10 19 9 61 40 61 39 59 29 49 41 34 24 27 48 40 30 22 14
3 1 1 0 0 0 0 0 0 0 0 0 0 0 0 1 1 1 1 2 3 4 15 28 8 13 24 39 24 8 11 7 5 3 2 1 0 0 1 1 1 3 3 4 5 11 12 16 27 26 37 33 35 34 26 37 44 71 34 25 17 33 46 72 31 22 28 22 11 10 13 6 7 2 4 5 7 7 45 29 12 10 29 53 36 44 39 47 29 39 36 29 23 29 27 32
2 1 0 0 0 0 0 0 0 0 0 0 0 0 0 0 1 4 5 3 4 4 4 21 11 14 18 56 32 19 24 18 5 4 3 1 0 1 1 2 1 2 4 7 6 7 8 11 24 26 27 28 31 24 44 44 27 25 18 29 18 15 18 29 13 7 11 14 5 6 2 8 5 3 6 3 3 9 7 13 15 14 21 29 22 23 38 49 30 36 24 16 21 17 18 20
1 1 0 0 0 0 0 0 0 0 0 0 0 0 0 0 1 3 5 10 15 15 4 8 32 9 11 35 50 55 28 15 9 5 1 0 0 1 2 2 6 4 3 7 10 10 12 13 14 15 16 16 22 24 35 19 22 18 20 18 20 17 22 23 21 28 25 26 16 13 12 8 5 2 3 5 2 6 9 15 23 26 23 51 32 17 30 20 21 35 19 13 12 20 18 15
2 1 1 0 0 0 0 0 0 0 0 0 0 0 0 0 1 2 5 10 17 19 15 16 18 23 14 19 53 48 29 16 9 5 2 1 1 2 2 5 7 10 12 8 10 12 12 14 17 17 20 21 22 21 12 13 10 10 9 8 8 7 7 25 30 29 11 20 15 11 5 4 5 2 2 4 9 9 10 36 24 32 35 39 35 30 20 21 22 25 26 20 14 13 19 10
2 1 1 1 1 1 0 0 0 0 0 0 0 0 0 0 2 4 8 16 15 13 7 16 41 26 16 19 42 45 36 27 6 5 2 1 1 2 2 4 8 10 13 25 16 15 11 20 31 36 45 35 18 14 11 15 11 11 20 19 12 17 14 10 9 11 11 10 12 12 13 11 15 1 3 2 8 13 18 11 15 31 40 29 34 56 47 31 27 21 15 12 17 12 11 7
3 2 1 1 1 1 0 0 0 0 0 1 1 1 0 0 1 3 6 11 15 24 6 17 17 32 32 37 51 51 39 27 10 3 3 1 1 3 6 4 5 10 14 15 24 35 24 11 24 38 48 52 35 19 21 24 35 31 34 42 32 26 22 13 20 30 15 14 7 17 22 22 18 14 8 17 24 7 32 16 60 43 29 49 38 32 43 46 61 30 16 12 13 8 5 5
7 2 2 2 1 0 0 0 0 0 1 1 1 1 1 0 1 3 6 9 17 20 12 8 18 22 55 43 32 29 23 17 5 2 1 1 1 4 6 6 9 13 17 19 20 26 26 44 25 31 37 36 33 39 32 39 35 41 51 36 22 22 28 18 11 8 16 17 7 8 4 2 2 1 8 1 9 38 20 20 6 18 50 53 33 36 58 37 50 26 34 20 9 12 8 8
10 5 4 2 0 0 0 0 0 0 1 1 2 1 0 0 1 3 3 11 21 22 25 10 13 26 30 54 27 18 12 7 2 1 0 2 3 4 8 10 12 15 18 19 24 30 32 35 44 35 40 36 42 57 33 31 39 34 35 35 31 40 36 33 18 9 19 14 16 8 9 5 3 3 13 3 3 6 10 11 7 3 52 68 46 48 60 68 47 44 42 34 27 31 12 4
8 8 4 1 0 0 0 0 0 0 2 2 3 2 1 1 1 2 3 10 12 21 43 22 10 27 28 57 33 21 7 3 3 2 1 4 5 5 9 11 13 16 19 24 32 35 53 39 48 58 45 54 46 46 39 32 31 32 55 38 48 31 25 37 28 13 10 10 10 5 19 4 2 7 5 9 8 25 23 18 20 13 9 43 54 65 77 61 41 33 20 23 23 10 7 10
26 11 3 2 1 0 0 1 1 0 1 5 6 8 3 1 3 4 3 5 19 27 23 35 9 19 26 42 34 27 18 14 8 2 2 4 5 5 14 12 14 18 19 31 44 43 62 53 40 31 62 78 77 46 44 17 28 31 44 29 49 32 23 20 16 11 6 8 5 15 3 3 2 3 4 2 5 10 15 15 15 14 20 21 44 33 21 54 45 30 26 15 10 12 10 7
11 4 2 1 1 0 0 1 2 1 1 4 10 11 8 4 2 6 7 8 18 21 29 43 23 24 36 50 44 35 31 14 8 3 2 5 11 8 10 16 18 22 26 45 47 56 60 58 57 43 45 59 62 59 36 16 25 31 19 37 44 37 8 36 6 11 9 6 5 8 2 2 2 5 6 5 9 18 51 25 41 21 25 24 23 18 33 36 28 35 17 10 10 9 7 5
5 2 1 0 0 0 1 1 2 4 3 2 9 16 18 7 3 9 16 23 25 11 38 57 40 33 45 48 37 48 32 14 9 3 2 7 11 9 9 14 24 23 30 38 48 58 59 59 60 58 47 59 67 55 45 15 23 36 32 26 31 31 6 15 13 9 13 4 5 4 1 3 4 4 3 3 4 13 22 11 24 37 45 25 32 25 22 32 23 12 13 16 16 15 13 4
2 1 1 0 0 1 1 2 3 6 7 5 10 18 21 15 5 11 14 45 37 13 32 52 49 22 16 73 65 38 29 18 9 3 2 9 15 15 10 25 26 36 34 43 53 45 63 64 62 69 49 59 61 43 44 12 20 24 28 30 24 17 15 13 13 10 6 6 4 1 2 3 3 3 4 3 5 19 16 15 22 20 53 52 37 48 46 27 15 12 10 7 12 11 8 4
2 1 0 0 0 1 3 2 4 9 17 11 9 18 32 28 11 7 17 31 39 25 33 48 63 26 28 73 48 49 44 23 12 2 3 12 14 9 26 18 33 42 35 45 46 46 70 64 63 61 59 49 36 41 70 26 12 26 38 21 15 8 6 14 9 8 5 7 3 1 2 2 3 4 7 7 12 38 32 32 26 27 37 38 46 57 42 37 31 22 13 14 14 6 6 2
1 2 1 0 0 1 2 5 5 8 16 15 11 20 37 34 14 9 35 31 30 38 37 54 68 70 57 69 63 54 39 20 7 3 5 13 16 17 20 35 23 41 52 42 34 43 62 65 64 57 59 60 49 45 65 35 35 12 22 42 20 13 7 5 3 7 6 5 1 1 1 4 3 3 4 7 12 53 45 40 46 21 24 28 32 38 50 46 23 18 18 13 12 9 7 3
4 2 2 1 1 2 3 7 6 10 19 31 23 29 31 48 18 11 27 30 34 43 44 55 72 80 58 73 45 40 40 17 5 4 5 5 10 37 21 24 40 32 48 42 44 61 61 50 61 61 55 51 62 70 67 56 16 7 24 27 27 10 6 5 4 2 1 1 1 1 6 3 1 7 3 7 7 21 23 36 25 35 55 40 28 25 19 21 24 21 15 11 10 8 5 2
7 3 1 2 1 2 5 10 15 23 24 25 41 21 39 50 22 27 17 48 51 47 38 55 65 61 46 38 29 31 20 15 4 2 4 6 16 31 35 22 27 46 21 62 45 50 62 48 45 70 59 34 58 61 55 56 42 10 8 9 14 13 7 4 2 1 0 0 0 1 10 3 5 8 60 39 21 28 27 38 47 59 44 53 46 50 35 34 31 21 14 6 5 4 2 1
4 1 1 2 3 3 7 12 11 25 29 30 47 22 40 52 29 41 21 36 60 54 67 46 72 59 37 34 23 20 19 7 3 3 9 7 10 19 30 33 43 31 32 35 65 45 40 51 59 72 60 48 34 37 36 56 57 9 7 11 10 5 4 2 1 1 1 0 2 4 1 6 20 30 49 48 41 46 36 54 64 51 39 22 34 31 39 36 20 20 15 5 4 2 1 1
2 0 2 5 5 6 10 15 20 17 31 39 57 39 47 56 30 41 50 31 35 53 44 79 55 63 33 30 29 13 5 5 6 6 12 15 16 10 14 10 19 32 42 66 42 49 58 54 47 49 56 57 25 23 16 13 30 21 10 5 5 3 1 1 0 0 0 2 2 4 2 2 5 21 7 29 75 74 67 64 72 50 35 36 36 19 19 19 27 22 4 4 4 3 4 1
2 1 3 10 16 8 13 18 24 30 32 41 46 58 37 61 31 32 53 43 40 61 35 63 70 40 25 21 6 6 10 14 13 7 17 17 15 15 12 26 25 27 40 57 69 45 37 53 38 53 44 42 36 28 15 18 7 17 9 4 4 2 2 1 1 0 0 3 1 3 3 6 12 9 10 12 34 48 60 47 28 31 31 35 26 23 23 18 11 7 5 3 2 2 5 2
2 1 4 15 19 13 14 19 17 27 37 43 47 54 56 74 36 34 49 52 48 60 79 56 38 46 39 25 16 14 21 19 18 9 6 16 13 19 26 26 28 34 40 49 48 61 39 34 43 43 40 31 40 28 17 8 4 7 4 3 2 2 1 1 1 1 0 3 2 2 4 7 41 25 25 21 14 9 33 48 44 20 23 20 29 23 11 5 4 2 2 3 4 5 6 5
4 2 5 17 20 21 14 28 20 33 56 45 44 48 76 72 36 38 36 50 49 63 79 28 50 47 31 26 31 30 38 42 20 18 9 17 14 22 36 19 31 47 58 54 41 51 37 55 37 41 52 60 24 11 10 7 9 1 1 7 2 1 3 2 1 1 2 8 2 3 4 33 52 33 26 20 20 25 20 29 38 27 20 23 28 23 11 8 7 3 3 3 6 7 7 7
4 3 7 22 22 23 14 34 34 37 58 46 63 58 58 65 67 48 58 40 55 48 81 69 47 34 35 40 33 46 52 47 23 14 11 6 21 33 20 36 45 45 63 66 67 46 56 18 10 14 49 10 22 13 13 5 1 1 1 1 2 0 1 1 0 1 4 2 2 2 2 4 4 13 22 17 21 25 20 21 27 16 25 26 32 34 23 29 12 8 3 7 9 9 15 10
5 4 7 23 28 36 16 38 45 43 38 48 39 66 65 37 34 68 46 45 38 60 67 46 42 38 41 44 53 75 47 28 16 16 19 8 13 16 48 42 47 53 56 70 45 59 42 34 21 33 31 4 30 30 13 3 4 2 1 0 3 0 1 0 0 0 1 8 3 1 5 22 17 29 28 24 22 29 31 42 33 32 31 31 29 39 42 14 12 4 5 9 10 10 15 5
4 12 13 24 32 42 22 21 32 48 54 55 34 31 51 69 33 26 72 63 33 59 70 47 55 30 60 79 65 42 30 31 26 17 13 5 12 9 26 38 43 69 65 46 30 46 36 45 45 44 23 13 20 29 15 12 4 1 1 1 2 0 0 0 0 1 1 1 1 1 5 10 13 19 30 38 25 27 21 33 17 15 20 46 45 43 25 15 5 6 11 11 12 19 19 5
7 18 24 28 35 30 37 32 32 24 37 59 26 23 47 57 58 48 15 35 37 58 40 41 35 63 50 36 42 32 35 40 34 14 15 9 17 21 32 30 22 45 45 28 37 37 40 28 41 39 31 20 33 22 10 6 1 2 0 1 0 1 0 0 0 1 0 1 2 4 4 10 20 24 24 36 25 22 19 29 42 34 49 43 39 29 32 16 7 11 12 13 24 23 18 10
12 21 28 26 35 46 42 55 45 35 25 37 67 26 49 42 44 61 39 20 30 61 19 42 75 37 37 45 49 50 41 27 13 17 20 15 19 26 35 28 35 47 36 22 43 44 18 16 42 31 11 7 11 7 8 1 2 1 2 0 0 0 1 0 3 3 1 3 5 3 12 13 27 37 44 47 35 24 31 36 45 41 51 37 38 37 18 11 8 13 14 16 25 37 11 8
15 23 29 16 22 60 63 49 43 40 56 37 42 62 36 39 45 19 60 29 31 39 70 51 40 50 57 59 58 56 37 20 15 17 29 13 17 28 42 48 44 50 51 42 43 21 24 28 15 17 12 9 8 6 4 3 1 1 1 1 0 0 0 2 2 1 1 2 5 4 14 12 17 36 51 37 32 43 34 39 46 46 36 44 36 23 8 9 16 16 24 25 33 32 16 9
22 36 30 22 28 48 49 62 63 38 49 55 47 50 61 36 48 23 21 42 20 20 59 58 55 52 49 56 59 38 38 34 27 11 21 7 13 20 34 53 53 53 31 43 32 40 25 21 21 28 14 7 7 6 5 3 1 1 1 1 0 0 0 0 0 2 4 3 1 4 11 11 23 22 30 58 31 35 18 19 24 27 44 39 31 23 16 12 17 18 26 19 52 24 19 14
20 27 38 28 33 34 48 45 50 55 64 53 47 50 70 59 24 18 24 22 46 48 56 46 56 63 61 60 56 49 40 36 29 14 30 10 11 22 35 49 51 61 56 48 42 37 32 40 18 17 14 9 5 5 4 4 2 1 0 0 0 0 0 0 1 0 0 0 1 7 6 10 21 24 33 23 20 11 9 26 42 41 19 34 44 35 15 22 19 28 23 21 52 23 19 16
24 40 44 44 44 34 35 51 53 54 66 63 57 48 57 59 36 35 23 27 22 49 53 51 36 52 52 56 41 55 49 39 31 27 37 6 25 33 37 35 25 54 60 50 37 41 42 29 19 31 27 21 4 5 5 3 1 1 0 0 0 0 1 0 0 0 1 2 2 3 5 8 12 13 31 10 13 16 12 45 41 20 34 35 40 50 27 35 32 21 21 14 38 25 22 17
26 37 62 44 48 46 38 52 56 51 48 59 53 51 66 39 42 46 29 23 22 37 38 33 33 49 54 52 52 41 39 39 48 41 16 5 25 42 50 50 40 51 61 45 38 44 25 17 25 40 25 16 12 5 5 2 1 1 0 0 0 0 0 0 1 1 3 4 3 6 9 18 13 10 8 12 28 38 21 40 38 39 32 31 30 33 43 39 22 26 21 8 29 37 8 11
31 24 52 61 46 46 39 54 57 49 44 44 55 63 57 50 40 50 30 16 25 63 40 56 37 44 54 62 51 39 50 52 45 31 19 12 16 34 60 68 59 55 40 53 34 36 25 18 24 13 9 7 8 9 2 1 1 0 0 0 0 0 0 0 1 2 3 3 7 3 9 7 5 8 9 32 30 40 50 14 30 33 42 46 36 30 55 45 26 30 16 19 35 27 11 17
29 27 38 64 62 45 52 56 51 50 49 38 48 60 56 40 34 21 30 16 24 52 41 59 42 43 47 41 48 40 65 46 37 27 30 22 27 36 46 56 71 68 56 42 50 18 18 27 16 9 8 7 5 3 13 2 0 0 0 0 0 0 0 0 0 1 6 6 3 2 3 7 8 17 14 34 35 42 28 36 35 19 43 39 33 41 48 32 42 24 14 18 49 23 16 23
37 59 47 50 59 46 41 54 52 42 52 37 20 29 60 59 46 26 21 32 20 61 64 30 43 54 34 37 35 52 46 48 45 19 25 17 26 48 45 45 44 51 41 57 34 35 15 25 25 8 11 11 7 6 4 1 1 0 0 0 0 0 0 0 1 1 7 1 3 1 5 11 26 10 18 37 24 23 40 36 12 17 38 44 52 46 39 26 39 29 17 23 40 35 24 22
36 44 58 60 58 42 43 50 44 39 39 43 33 35 38 48 40 13 16 33 16 52 40 42 46 38 21 37 33 43 56 49 55 32 25 20 25 49 41 51 62 45 25 49 19 35 23 14 20 16 22 11 8 4 2 1 1 0 0 0 0 0 2 1 0 3 1 1 6 5 14 12 12 21 18 12 22 47 25 13 9 32 50 42 46 50 33 28 24 24 34 23 23 43 28 25
47 56 52 57 56 44 49 44 45 37 22 35 36 45 38 37 35 34 41 42 27 38 29 37 34 48 37 39 56 31 51 59 50 40 42 15 23 44 63 48 50 40 42 33 28 19 34 7 12 12 13 8 5 2 2 1 1 0 0 0 0 0 0 0 0 1 1 3 4 4 4 11 25 39 18 15 40 38 32 20 22 32 12 19 41 56 31 29 22 35 35 24 19 63 29 38
47 51 45 44 16 33 57 35 44 42 30 28 41 46 30 39 25 41 32 41 30 27 41 26 28 39 64 53 30 43 41 52 53 36 35 16 23 47 41 46 40 30 46 44 42 18 9 35 9 24 8 7 2 4 2 2 1 1 0 0 0 0 1 1 0 1 1 3 6 3 3 12 35 27 14 33 27 18 21 67 47 19 25 43 30 27 34 17 23 32 32 25 37 66 49 44
45 35 21 11 9 18 54 33 21 26 29 19 22 42 56 46 15 13 34 21 26 25 39 42 13 41 58 33 29 46 29 58 61 53 29 6 19 37 40 49 36 32 37 43 44 29 10 6 2 2 9 8 2 3 1 3 1 0 0 0 0 1 0 1 1 1 1 1 4 3 4 18 25 11 17 34 32 5 31 31 20 34 52 44 32 29 28 10 33 33 36 25 48 84 55 33
45 46 31 30 31 25 28 47 14 17 12 27 23 31 48 34 46 11 17 27 30 35 45 56 38 17 38 43 38 26 53 47 49 44 27 12 11 23 47 52 19 34 51 43 33 16 14 12 9 6 4 3 6 1 0 0 0 0 0 0 0 0 0 0 1 0 1 0 1 2 8 7 12 21 13 16 10 11 23 19 23 43 47 33 28 15 10 10 23 29 32 30 49 70 52 18
56 40 44 38 23 28 22 23 28 27 19 47 24 29 20 22 34 31 23 29 34 27 42 38 12 20 33 28 27 36 55 52 28 31 40 22 17 16 28 34 8 17 20 20 19 12 10 7 23 13 5 3 2 1 1 0 0 1 0 0 0 0 0 0 1 1 0 0 2 4 2 5 3 9 10 17 4 30 24 45 25 24 19 21 24 18 12 22 24 34 32 41 48 70 18 14
35 35 41 33 35 21 16 31 47 46 15 16 33 28 11 11 7 13 24 21 7 10 16 20 29 8 30 48 19 49 39 39 38 29 43 18 30 10 28 41 35 14 18 19 9 11 3 2 4 7 2 7 4 2 0 0 0 0 0 0 0 0 0 0 0 1 0 2 2 1 2 3 5 8 3 7 23 34 53 20 21 23 30 38 23 14 11 23 34 33 32 24 57 69 47 13
34 52 37 36 34 32 23 33 46 30 28 17 12 21 25 12 19 11 5 13 6 13 35 31 23 17 30 17 20 49 39 47 33 16 35 18 22 17 11 30 24 38 28 15 10 13 11 4 5 7 7 5 1 1 1 0 0 0 0 0 0 0 0 0 0 0 1 2 2 3 2 3 3 2 12 17 14 27 31 19 17 23 29 27 19 17 13 28 35 23 30 32 20 43 47 15
38 38 34 26 36 46 21 30 31 36 27 23 30 15 8 23 15 8 9 14 19 6 6 14 14 30 28 43 21 27 42 34 25 45 25 14 19 28 12 31 36 38 40 12 13 22 10 3 7 8 2 3 1 1 1 0 0 0 0 0 0 0 0 0 0 0 1 0 0 1 2 1 6 16 7 10 11 12 14 14 9 15 19 26 23 18 13 22 37 20 31 23 29 30 29 18
32 31 49 31 44 50 15 23 32 36 33 25 33 24 32 16 26 34 9 13 20 5 11 14 17 41 36 58 25 28 33 36 47 24 19 12 13 39 15 17 29 41 20 19 21 18 3 2 22 32 3 3 2 1 0 0 1 0 0 0 0 0 0 0 0 0 0 0 1 2 3 6 3 6 5 4 5 15 11 11 18 34 18 18 24 11 19 19 34 17 21 6 3 10 38 54
31 38 45 43 36 29 14 23 33 37 33 21 15 15 26 27 13 7 10 8 9 3 9 7 22 24 45 31 31 48 47 41 28 28 12 4 5 40 15 14 19 23 20 18 16 13 1 4 7 7 8 3 2 0 0 0 0 0 0 0 0 0 0 0 0 0 0 0 2 4 6 8 4 3 3 5 25 24 12 14 24 21 21 34 7 12 22 27 29 14 7 4 12 14 13 33
35 20 20 41 32 38 26 10 31 30 35 22 21 12 19 12 16 4 5 4 3 6 7 9 9 24 19 32 44 65 39 47 35 37 25 3 22 34 14 13 21 10 18 16 12 8 2 5 3 4 4 2 2 1 1 0 0 0 0 0 0 0 0 0 0 0 0 2 1 1 3 2 2 3 6 12 18 12 9 31 27 22 28 11 10 24 44 19 7 5 8 18 12 41 22 32
31 8 23 35 42 34 33 17 11 20 26 14 17 15 18 18 7 5 10 5 1 5 30 12 12 13 8 18 24 35 41 45 31 17 23 11 22 14 19 14 27 19 15 19 20 11 6 4 3 3 2 3 1 1 1 0 0 0 0 0 0 0 0 0 0 0 0 0 1 0 2 4 3 8 8 12 17 21 18 32 26 14 11 6 22 41 9 4 5 10 12 24 34 27 28 17
26 11 12 9 30 32 39 21 3 13 21 12 15 10 32 15 6 1 3 4 2 6 13 7 8 3 14 26 31 28 40 29 33 25 15 13 14 13 13 9 3 16 12 26 16 15 16 20 10 8 3 6 2 0 0 0 0 0 0 0 0 0 0 0 0 0 0 0 0 0 1 5 7 15 6 6 20 28 17 15 9 19 4 17 24 9 2 9 12 18 20 19 24 33 30 17
32 20 25 7 29 39 32 18 4 3 3 16 17 10 11 11 3 5 3 6 5 2 5 10 6 5 17 28 31 23 22 19 32 24 20 21 26 7 18 12 5 9 10 14 24 9 6 4 3 2 1 3 1 0 0 1 1 0 0 0 0 0 0 0 0 0 0 0 1 0 1 4 6 7 7 10 28 25 23 18 10 7 20 20 12 3 8 19 16 15 21 16 24 25 22 19
42 15 26 7 13 29 17 7 5 4 5 6 9 19 12 9 4 3 2 5 2 4 11 5 6 12 8 21 27 26 18 28 19 12 23 21 16 13 11 16 11 7 9 9 13 9 15 5 4 5 6 2 1 0 0 0 0 0 0 0 0 0 0 0 0 0 0 0 0 0 1 3 5 7 7 8 10 12 32 11 8 8 15 6 7 19 18 17 16 17 16 12 8 6 13 20
28 14 26 11 8 27 17 20 13 11 6 8 10 14 13 13 11 5 2 3 1 2 3 6 11 10 20 30 30 16 21 24 12 10 39 21 13 13 10 5 5 7 9 15 11 11 18 6 8 5 5 1 2 1 0 0 1 0 0 0 0 0 0 0 0 0 0 0 0 0 1 2 4 7 8 4 8 21 18 29 22 11 4 7 8 11 11 23 21 14 20 11 10 5 7 2
21 14 24 18 12 15 7 19 8 8 8 6 10 7 5 8 4 3 2 2 4 1 2 10 8 12 14 15 21 18 20 20 21 13 30 18 17 11 22 7 15 16 6 8 13 18 20 9 11 8 3 1 2 0 0 1 1 0 0 0 0 0 0 0 0 0 1 1 0 0 1 2 1 3 5 4 13 31 62 21 12 6 2 7 5 27 18 12 16 18 32 23 8 7 8 2
31 14 22 15 10 8 4 15 18 10 10 9 6 6 4 7 3 2 1 1 2 1 3 5 9 6 12 19 18 18 15 19 13 24 25 18 25 41 12 8 9 9 11 8 21 10 14 16 6 5 5 3 1 1 1 1 1 0 0 0 0 0 0 0 0 0 1 1 0 0 1 1 3 7 3 17 21 26 20 25 7 2 6 13 12 14 19 9 15 25 19 20 6 4 6 3
28 14 31 17 6 7 11 7 22 8 14 11 4 3 3 2 2 2 2 1 0 2 2 2 4 4 15 12 9 14 17 7 13 31 11 36 14 37 23 8 18 8 16 11 23 19 14 13 4 7 4 2 1 1 1 1 0 0 0 0 0 0 0 0 0 0 0 0 0 1 0 0 2 3 14 13 8 23 15 21 11 6 7 16 28 15 17 21 22 14 14 8 6 3 4 2
21 12 33 17 5 4 29 13 11 7 8 9 4 5 3 2 2 2 3 1 0 1 0 1 2 2 13 19 19 11 7 6 12 27 20 12 20 19 19 8 16 4 13 4 13 17 18 13 5 6 3 3 1 1 1 1 1 0 0 0 0 0 0 0 0 0 0 0 1 1 0 1 3 9 10 4 6 36 21 11 11 7 14 8 22 22 11 15 14 11 9 4 15 4 3 1
33 10 24 9 4 7 12 11 8 20 15 6 5 3 3 2 3 2 1 1 0 0 0 2 4 6 9 10 13 8 4 6 20 14 21 14 30 13 10 10 16 4 14 9 9 13 26 10 5 7 4 3 1 0 1 1 0 0 0 0 0 0 0 0 0 0 0 0 0 0 0 2 2 2 4 5 8 24 18 3 4 9 20 19 19 15 5 10 20 15 6 3 8 2 2 2
30 11 21 7 4 7 8 24 9 16 24 12 3 2 1 3 5 2 0 1 0 1 1 2 1 2 2 8 4 3 8 6 39 18 21 22 21 9 6 20 9 6 7 23 27 13 11 8 11 6 3 2 1 1 1 0 0 0 0 0 0 0 0 0 0 0 0 0 0 0 1 1 2 2 7 6 18 21 21 4 3 16 19 18 15 14 4 7 11 9 3 3 2 2 3 2
40 31 5 13 5 5 13 19 10 6 12 8 11 1 3 8 2 2 1 1 0 0 1 1 1 1 8 4 6 6 7 15 3 8 4 12 10 6 4 20 7 6 1 11 40 12 7 10 9 4 3 2 1 1 1 1 1 0 0 0 0 0 0 0 0 0 0 0 1 0 1 1 2 2 6 16 7 19 16 6 6 22 11 9 10 6 8 7 4 5 7 2 2 4 2 1
23 6 5 9 5 4 20 14 15 4 3 5 10 1 1 1 1 2 1 1 0 0 1 1 2 2 2 6 6 4 14 5 10 6 14 12 8 10 5 13 5 11 5 10 25 20 8 6 7 6 3 2 1 1 0 0 0 0 0 0 0 0 0 0 0 0 0 0 0 0 2 3 5 5 14 36 2 23 10 9 9 8 11 5 6 5 9 12 5 3 5 2 2 2 2 1
22 7 2 9 6 7 12 2 6 9 1 2 6 2 0 1 1 1 0 1 0 1 3 1 1 1 3 8 4 8 5 9 17 32 16 10 27 7 13 18 5 6 8 13 16 11 5 13 5 3 2 2 2 1 0 0 0 0 0 0 0 0 0 0 0 0 0 0 0 0 1 2 5 14 13 4 9 21 15 6 5 7 14 4 7 8 9 4 6 3 1 3 3 2 1 1
20 2 5 8 4 4 7 1 1 1 3 6 1 2 1 1 0 0 0 0 0 0 0 1 1 1 1 3 5 7 4 7 15 9 5 21 7 5 27 8 11 15 11 11 15 9 6 4 5 1 1 1 1 1 0 0 0 0 0 0 0 0 0 0 0 0 0 0 0 1 1 3 6 3 13 7 11 8 4 2 3 12 9 9 5 5 6 3 2 3 3 1 1 2 0 0
21 2 3 8 3 8 7 3 1 2 3 4 6 3 1 0 1 1 1 0 0 0 1 2 1 0 1 6 3 3 2 12 3 7 23 3 6 7 13 5 12 12 8 23 18 13 7 3 3 2 1 1 1 1 1 0 0 0 0 0 0 0 0 0 0 0 0 0 0 1 1 6 5 5 1 6 14 3 5 4 5 8 9 6 3 5 3 3 1 3 2 4 1 0 0 0
9 2 3 11 2 6 10 5 2 2 1 5 1 2 2 0 0 0 0 0 0 0 0 0 0 0 2 4 6 1 10 1 2 11 11 4 9 11 17 10 3 16 14 18 23 9 5 1 2 4 2 0 0 0 1 1 0 0 0 0 0 0 0 0 0 0 1 0 0 0 2 9 7 4 2 8 8 6 5 3 4 6 6 6 5 2 1 3 2 3 2 1 2 0 0 1
6 2 2 7 1 4 6 1 1 2 2 3 1 1 1 1 0 0 1 0 0 0 0 0 0 0 7 2 2 1 6 4 1 16 7 3 8 29 12 8 4 12 13 15 4 7 3 2 1 1 1 1 0 0 0 0 0 0 0 0 0 0 0 0 0 0 0 1 1 2 4 7 6 1 3 7 5 2 2 3 4 3 7 2 2 2 1 1 2 1 2 0 0 1 1 0
14 2 6 2 1 6 2 1 2 1 3 1 2 1 0 0 0 0 0 0 0 1 0 0 0 0 2 1 0 4 2 2 6 7 6 2 5 25 23 9 4 8 7 13 10 5 1 2 1 0 0 0 1 0 0 0 0 0 0 0 0 0 0 1 3 2 4 6 4 12 7 11 7 1 9 13 2 2 2 4 3 4 6 2 3 3 0 1 1 1 1 0 0 0 0 0
10 5 0 1 1 3 1 1 2 2 1 1 1 1 0 0 0 0 0 0 0 0 0 0 0 1 1 0 2 0 1 4 5 2 3 6 11 24 17 5 4 8 6 7 4 2 3 2 1 1 0 0 0 0 0 0 0 0 0 0 0 0 0 0 0 0 2 4 10 19 30 19 1 6 9 14 4 0 2 7 3 6 2 3 1 4 0 1 1 1 1 0 1 0 0 0
6 1 0 1 1 1 0 1 1 2 1 1 2 1 0 0 0 0 0 0 0 0 0 0 0 1 0 1 2 0 3 5 1 1 5 4 2 19 12 2 3 4 3 4 4 2 1 1 1 0 0 0 0 0 0 0 0 0 0 0 0 0 1 0 1 1 3 28 35 27 22 1 3 5 9 13 10 2 4 3 2 2 2 2 2 2 0 0 1 1 1 0 0 0 0 0
