sesion_6_simulaciones/modelos_agentes/ejemplos_netlogo/scenarios/echam4_a2/rob_2059.asc
NCOLS 322 
NROWS 307 
XLLCORNER 451900 
YLLCORNER 4086900 
CELLSIZE 100 
NODATA_value -9999 
[rows 0 to 73 of 307, columns 96 to 191 of 322]
1 0 0 0 1 0 0 0 0 0 0 0 1 3 4 1 2 1 1 0 1 1 1 2 1 0 1 1 1 1 0 0 1 1 0 0 0 1 1 1 0 4 19 30 39 32 34 33 56 28 21 23 10 4 7 10 7 1 4 2 3 1 1 1 4 7 9 1 1 7 14 6 7 10 9 7 9 13 7 47 36 21 35 39 49 34 37 40 47 60 36 24 18 6 13 27
0 0 0 0 0 0 0 0 0 0 0 0 2 4 2 1 0 1 0 1 1 0 0 0 1 0 0 0 0 3 1 0 0 1 0 1 0 1 1 2 3 6 8 7 61 72 62 52 78 46 47 30 5 7 22 2 1 2 1 1 0 1 1 0 1 1 1 7 7 6 4 13 24 11 21 30 39 15 17 23 23 20 34 43 49 35 35 44 47 37 43 31 39 17 24 28
0 0 0 0 0 0 0 0 0 0 0 0 1 1 0 0 1 1 2 2 3 0 0 0 0 0 1 0 1 1 2 2 0 1 2 2 2 3 4 6 9 17 12 17 5 2 6 21 77 55 53 52 10 32 19 13 7 4 2 2 1 9 25 15 33 8 6 11 3 5 5 6 11 14 19 38 53 56 29 19 22 21 34 35 47 36 41 53 32 32 40 28 38 35 22 25
0 0 0 0 0 0 0 0 0 0 0 0 0 1 1 1 1 2 2 2 1 0 1 1 0 0 0 0 0 0 1 1 1 2 3 2 5 6 17 29 42 49 28 7 3 5 2 3 13 4 10 8 3 9 21 2 17 1 1 3 4 12 40 36 44 43 34 6 13 11 10 14 9 11 20 24 34 13 11 18 28 29 43 42 46 33 32 39 27 26 40 37 25 34 16 40
0 0 0 0 0 0 0 0 0 0 0 0 0 0 1 1 1 4 1 1 1 1 1 1 1 0 0 0 0 2 2 2 1 2 4 6 11 19 44 60 66 56 37 14 7 3 5 10 5 4 8 7 1 22 3 6 11 4 1 2 17 33 25 45 23 9 41 16 24 27 12 12 8 8 21 15 20 18 21 25 27 24 66 43 29 34 31 45 29 35 36 49 18 33 43 44
0 0 0 0 0 0 0 0 0 1 0 0 0 0 0 0 1 1 2 1 0 1 2 1 1 0 1 0 0 0 1 2 2 1 8 16 25 47 64 48 64 64 55 24 7 12 6 8 9 7 9 22 2 6 4 11 4 3 3 4 22 25 5 3 4 12 18 3 6 8 3 10 44 27 16 9 13 14 13 26 19 27 32 31 40 29 27 46 41 29 38 28 34 43 56 21
0 0 0 0 0 0 0 0 0 1 0 0 0 0 0 1 0 1 2 2 2 1 1 1 1 1 1 1 0 0 0 3 4 3 9 45 55 56 60 62 64 61 28 13 15 33 15 24 17 15 11 23 12 9 13 7 3 5 9 3 2 3 3 5 2 3 17 34 18 16 4 16 6 3 31 18 16 22 9 21 18 13 17 14 30 31 25 40 37 17 38 30 32 30 18 17
0 0 0 0 0 0 0 0 0 0 2 2 3 1 0 0 0 1 0 1 2 8 1 3 3 1 1 0 1 1 1 1 5 16 14 44 41 59 62 54 50 16 21 18 42 30 23 46 25 22 11 15 25 25 13 11 10 31 41 39 15 5 1 1 6 3 12 7 22 10 11 6 3 7 4 17 30 54 39 11 19 27 14 22 49 28 29 37 45 50 23 20 7 13 14 12
0 0 0 0 0 0 0 0 0 0 0 3 4 10 2 3 0 0 0 1 2 1 1 1 1 0 1 1 0 1 2 2 9 35 49 18 13 19 16 16 29 15 12 24 56 40 19 27 31 18 15 11 62 22 15 24 16 26 5 12 43 22 8 1 7 5 3 4 1 4 16 12 4 5 17 5 9 14 18 42 43 66 30 36 14 10 21 60 24 42 23 59 40 22 14 21
0 0 0 0 0 0 0 0 0 0 0 0 0 0 0 0 0 0 0 0 0 0 1 0 1 1 1 0 1 2 3 15 16 16 33 25 26 26 14 15 9 7 14 29 61 32 12 12 21 25 21 11 19 76 54 48 6 13 5 27 15 22 4 5 1 3 2 1 5 8 8 11 13 11 18 30 8 15 49 56 22 51 34 23 10 15 10 24 25 38 17 38 72 58 18 13
0 0 0 0 0 0 0 0 0 0 0 0 0 0 0 0 0 0 1 0 0 0 0 1 1 0 0 1 2 5 12 20 58 38 20 21 26 43 40 26 16 7 7 9 35 11 13 17 24 17 27 11 22 26 73 53 15 8 12 23 9 10 5 2 4 5 6 2 9 21 18 21 14 9 24 37 21 8 11 45 25 26 38 49 17 20 13 17 54 40 37 35 66 75 48 21
0 0 0 0 0 0 0 0 0 0 0 0 0 1 0 0 0 1 1 1 2 1 0 0 1 1 0 1 2 21 28 28 31 29 23 17 23 47 37 29 16 8 11 18 21 9 12 32 16 19 42 15 24 41 20 38 18 14 21 17 6 5 14 10 5 3 12 12 24 54 57 61 10 21 35 37 25 14 12 48 23 4 28 56 18 25 23 21 44 26 23 27 52 58 59 46
0 0 0 0 0 0 0 0 0 0 0 0 0 0 0 1 1 0 2 1 5 5 0 0 0 0 0 1 4 14 37 22 25 23 26 44 43 16 22 41 17 7 8 30 24 10 20 20 24 33 48 37 35 57 35 28 28 22 32 8 7 9 15 11 6 5 4 13 28 17 42 33 25 15 16 43 14 13 5 12 29 4 37 67 20 24 38 22 16 49 31 13 21 35 59 69
0 0 0 0 0 0 0 0 0 0 0 0 0 0 0 0 2 0 4 1 1 0 3 1 1 0 1 7 10 11 18 21 17 8 10 11 11 8 8 13 16 3 2 2 10 8 16 17 47 60 67 63 44 49 29 43 40 30 23 25 7 5 16 17 13 12 6 7 9 5 2 2 18 22 17 20 13 23 13 8 3 6 20 53 56 24 32 35 21 21 42 20 34 53 79 59
0 0 0 0 0 0 0 0 0 0 0 0 0 0 0 0 0 0 3 2 1 2 3 1 1 1 2 3 12 17 9 5 6 8 14 12 12 10 5 2 12 2 9 5 2 3 17 32 39 69 69 65 51 60 40 61 55 39 36 41 6 21 30 26 14 9 4 6 4 2 2 16 41 29 31 39 30 22 10 12 21 6 21 51 64 26 12 16 20 17 12 12 30 45 51 48
0 0 0 0 0 0 0 0 0 0 0 0 0 0 0 0 0 1 0 0 0 1 0 6 2 2 1 2 3 3 4 11 15 17 12 18 35 37 18 4 4 5 2 6 3 4 3 24 36 41 52 41 41 41 52 35 44 34 46 38 6 19 5 25 40 21 6 7 10 2 6 33 38 38 13 8 15 23 31 27 21 18 19 48 70 85 52 36 19 16 16 9 33 68 56 37
0 0 0 0 0 0 0 0 0 0 0 0 0 0 0 0 0 1 0 1 1 0 0 1 5 2 4 5 20 17 10 6 8 14 14 29 43 49 36 3 9 8 3 6 15 16 18 4 20 32 22 22 15 18 31 48 47 47 51 45 12 24 16 18 27 8 5 6 5 5 6 32 23 32 8 7 13 12 41 25 25 26 30 39 72 86 84 30 21 20 19 14 36 61 65 62
0 0 0 0 0 0 0 0 0 0 0 0 0 0 0 0 0 0 0 1 0 0 1 1 2 2 1 3 4 3 8 8 13 8 29 55 34 43 36 17 26 29 20 21 34 34 39 23 8 3 4 6 4 2 11 56 80 88 59 22 45 23 21 13 24 13 7 14 4 4 33 36 33 28 9 23 39 20 31 31 20 19 14 9 60 66 64 61 40 25 25 18 23 45 50 24
0 0 0 0 0 0 0 0 0 0 0 0 0 0 0 0 0 0 0 0 0 0 1 1 3 6 3 3 2 6 9 14 9 21 28 34 12 17 20 44 33 41 48 57 53 35 45 40 21 16 12 13 15 2 3 15 80 85 58 32 28 34 15 11 18 5 6 8 2 26 49 49 40 52 15 16 36 37 39 70 39 27 15 10 22 48 56 53 56 34 29 30 16 32 72 22
0 0 0 0 0 0 0 0 0 0 0 0 0 0 0 0 0 0 0 0 0 0 1 0 2 2 1 3 4 4 6 23 16 15 17 10 21 25 22 31 57 61 53 30 37 20 35 44 26 22 21 6 12 6 11 8 29 41 52 51 34 18 14 28 23 3 7 27 51 38 61 77 30 72 29 9 33 65 39 67 57 46 36 17 19 56 75 60 67 46 41 27 12 22 62 51
0 0 0 0 0 0 0 0 0 0 0 0 0 0 0 0 0 0 0 0 0 0 0 0 1 2 2 1 1 4 3 3 8 12 24 12 12 24 14 49 29 29 53 42 25 24 29 42 40 20 31 24 9 15 23 17 23 49 62 52 16 15 51 42 20 4 24 26 37 47 37 41 22 29 54 38 24 21 27 68 29 27 50 36 31 16 63 42 69 36 45 26 18 19 28 50
0 0 0 0 0 0 0 0 0 0 0 0 0 0 0 0 0 0 0 0 0 0 0 0 2 1 3 3 2 3 3 6 9 33 28 18 53 17 33 13 32 21 19 19 39 41 70 56 56 23 26 22 21 23 35 27 27 43 64 61 58 15 22 23 12 15 41 8 28 46 57 31 42 18 51 61 34 21 30 79 85 47 22 63 50 18 14 26 67 53 47 46 22 20 20 50
0 0 0 0 0 0 0 0 0 0 0 0 0 0 0 0 0 0 0 0 1 1 1 1 3 1 2 5 3 2 11 29 32 7 3 56 39 14 15 17 27 43 29 20 19 49 41 18 25 19 39 24 24 26 26 29 18 28 50 33 28 22 12 11 13 33 44 5 23 17 41 55 49 17 17 45 44 57 29 60 86 63 58 29 50 26 10 24 66 72 25 57 37 21 26 42
0 0 0 0 0 0 0 0 0 0 0 0 0 1 1 0 0 0 0 2 1 2 2 2 4 3 2 8 11 6 4 5 2 2 2 8 19 22 9 20 23 40 38 42 37 15 10 7 5 4 17 14 9 12 22 12 14 15 16 28 35 24 14 19 45 34 21 10 20 22 21 46 38 35 29 65 65 45 42 24 65 68 49 69 32 22 17 19 18 52 20 37 32 15 14 21
0 0 0 0 0 0 0 0 1 0 0 0 1 1 1 1 4 1 1 1 3 4 10 5 3 4 14 8 23 10 5 3 7 8 5 1 3 27 22 7 15 35 50 58 43 37 30 24 19 17 9 7 4 2 3 3 3 5 23 33 45 24 30 32 18 40 19 24 34 27 20 34 52 57 17 59 66 45 49 34 53 68 39 21 54 34 19 19 15 24 25 24 36 18 9 10
1 0 0 0 0 0 0 0 0 1 1 1 1 2 3 1 4 5 1 2 10 33 39 56 41 36 34 19 33 22 50 54 51 23 8 7 8 7 6 13 29 23 30 41 52 54 54 41 37 34 19 18 19 17 17 16 16 14 39 46 39 31 23 22 18 39 33 45 16 44 20 17 48 37 20 45 46 24 31 29 31 42 67 21 22 15 20 8 8 16 12 21 10 9 6 7
1 0 1 1 1 0 0 0 1 1 1 1 1 5 8 5 6 29 14 34 45 50 56 63 52 63 58 52 57 65 42 13 27 36 26 10 14 11 5 5 18 26 32 50 44 47 54 43 44 41 34 32 34 33 19 30 20 23 35 28 32 21 12 13 11 42 27 44 39 44 13 19 29 36 26 44 42 54 19 29 30 14 38 25 14 30 12 10 2 7 13 10 11 8 8 7
1 1 1 1 1 1 1 1 1 3 3 7 5 8 17 44 39 28 43 12 19 23 40 58 61 52 82 70 70 70 13 9 8 9 20 18 25 12 19 13 16 36 43 38 48 47 38 62 54 43 36 38 36 34 32 34 33 10 21 20 21 13 14 22 38 60 55 31 37 19 26 14 28 31 31 20 19 33 38 22 33 20 30 25 8 25 13 9 3 4 11 11 9 11 6 3
1 3 1 1 1 1 2 2 3 8 17 29 48 56 69 70 51 58 58 40 16 8 28 47 33 29 21 47 53 47 25 5 4 3 4 7 14 13 16 20 8 19 28 32 17 18 11 30 41 37 50 48 36 34 33 48 36 13 14 13 9 19 32 41 50 41 23 26 18 35 30 39 23 21 24 20 19 22 35 23 20 18 17 12 14 12 12 9 7 3 7 3 4 7 3 2
2 4 1 1 5 4 4 9 17 37 63 56 72 75 67 85 58 61 80 26 57 19 11 28 17 11 17 18 16 17 40 19 11 2 4 2 8 6 7 18 16 18 37 15 20 20 12 28 24 15 13 13 11 23 23 12 36 22 16 11 15 20 37 41 45 36 17 36 49 30 36 25 22 18 15 10 12 12 18 18 16 15 6 11 7 3 4 3 3 2 2 1 1 1 1 2
1 5 4 4 6 13 23 37 37 68 63 81 66 80 72 73 41 53 77 60 23 25 12 7 7 6 3 2 9 10 13 56 18 5 6 4 19 46 46 32 29 18 17 9 12 16 16 6 5 8 9 20 30 31 18 18 35 22 32 11 18 24 39 28 42 21 14 27 46 43 28 21 11 19 14 7 4 2 5 7 9 6 4 3 2 3 2 2 1 1 1 1 8 4 5 7
5 10 18 18 36 61 51 61 69 71 64 86 64 71 48 65 42 66 62 66 14 32 32 11 8 2 2 1 3 5 5 9 12 5 6 10 5 12 12 15 11 11 13 22 24 15 18 9 15 17 41 55 47 30 51 12 40 36 10 4 5 16 14 31 25 28 16 10 14 21 17 17 9 3 3 4 7 4 11 14 9 12 8 12 13 14 11 10 9 14 4 5 22 12 8 15
23 34 41 60 58 57 63 70 76 63 87 57 29 49 41 44 52 54 54 63 25 14 20 10 9 5 2 4 8 9 9 16 10 3 12 9 12 13 22 14 27 17 28 29 36 35 28 26 21 25 35 61 62 61 61 30 44 36 19 25 14 3 5 5 7 7 12 8 7 7 8 7 7 12 21 19 30 19 29 18 19 28 15 25 18 41 25 12 20 18 9 10 20 15 12 24
50 71 71 56 70 69 79 61 64 45 71 13 23 18 28 42 44 32 29 51 27 10 4 4 6 8 8 6 9 4 31 28 24 15 20 22 20 18 20 21 23 26 28 28 44 32 43 29 17 51 42 43 52 40 32 27 61 33 29 47 36 25 25 26 26 25 41 29 23 21 22 22 34 34 34 22 35 33 35 34 32 32 30 30 46 35 27 23 23 14 21 13 26 16 33 32
7 11 42 42 60 53 71 61 26 5 2 3 10 7 7 9 11 22 36 51 25 6 8 14 7 6 24 15 24 17 27 24 23 19 18 37 28 13 28 25 25 36 35 36 29 28 39 29 25 37 46 39 50 56 39 44 32 26 35 39 33 39 38 43 43 38 52 45 38 23 36 36 34 35 48 35 36 50 35 48 48 35 40 38 63 35 31 30 29 27 25 21 36 39 38 49
9 6 4 5 4 4 15 15 15 5 4 7 12 13 6 3 2 6 26 25 12 7 27 6 18 27 32 22 32 19 17 15 29 26 12 22 21 13 19 27 22 38 23 22 23 28 46 30 21 25 43 37 22 64 37 56 27 30 38 31 48 35 32 33 36 26 55 39 26 37 36 35 48 35 47 36 36 51 51 52 40 36 50 46 49 39 34 35 30 30 31 29 59 46 36 37
16 31 25 9 9 8 2 5 8 3 7 11 9 6 2 4 1 11 8 13 20 34 35 14 27 21 26 23 17 7 2 8 16 16 10 17 9 13 18 27 32 18 21 19 19 40 31 19 31 34 40 51 25 64 56 22 48 44 41 24 36 32 48 45 35 43 37 38 37 26 36 51 49 36 50 48 39 55 38 48 39 52 54 66 52 36 21 45 35 37 45 48 54 26 54 36
20 16 15 11 6 5 6 5 12 15 17 19 14 4 5 12 13 18 19 29 54 46 48 29 20 14 14 19 19 16 7 7 14 10 21 9 7 12 12 21 8 7 20 25 21 50 24 29 41 26 49 20 44 43 19 31 56 41 22 36 26 40 44 33 23 40 39 37 23 37 58 60 54 36 48 54 51 57 39 37 43 53 55 51 40 27 26 48 42 29 56 57 54 27 18 59
7 15 23 17 18 9 20 14 19 22 24 36 28 20 17 25 14 27 34 37 46 31 12 20 30 15 7 11 17 15 10 5 8 11 4 14 7 22 14 9 12 8 22 14 16 58 32 30 25 20 25 44 35 22 20 18 36 51 23 37 36 51 40 22 45 44 49 37 21 38 52 71 57 40 47 55 57 45 36 29 45 71 65 58 54 27 48 71 51 25 47 68 67 36 20 57
17 31 12 14 8 17 23 14 13 26 26 29 25 25 29 26 27 32 37 31 37 24 17 21 14 8 9 17 10 13 7 10 5 3 10 11 14 9 11 8 9 4 21 5 5 26 23 29 14 21 20 9 36 6 4 3 12 35 15 40 49 38 34 56 44 44 29 13 25 52 59 75 62 44 47 67 73 46 46 30 51 77 50 40 39 33 54 71 51 34 27 77 81 56 33 49
6 14 8 22 14 21 16 14 14 14 27 31 20 21 45 19 24 30 24 23 31 22 9 18 11 10 14 11 11 14 4 8 5 4 3 9 3 6 4 10 8 8 12 7 18 13 33 18 6 13 16 10 13 6 7 4 6 11 8 37 48 42 46 61 20 41 15 16 23 56 68 69 64 47 52 68 79 37 49 25 62 84 55 29 27 36 56 71 53 36 31 64 75 65 24 47
4 8 24 13 7 10 11 7 7 9 24 17 13 25 16 15 10 20 25 13 11 14 14 13 8 7 6 5 5 23 4 8 3 4 4 7 5 4 3 5 4 8 7 6 12 6 11 4 5 3 5 16 10 7 5 6 19 6 8 24 23 29 67 28 41 36 23 29 35 45 62 61 65 32 40 65 47 31 54 25 46 70 57 47 27 33 58 69 51 42 33 46 68 42 32 47
1 1 6 2 2 1 4 4 3 4 5 7 6 12 11 10 11 10 14 11 8 4 7 8 7 6 8 4 3 4 5 9 3 2 3 7 3 1 2 4 3 6 4 4 6 4 9 2 2 2 2 7 1 2 4 4 9 3 9 14 12 33 13 25 57 24 24 35 43 40 43 64 43 22 38 58 45 32 52 33 40 62 36 30 34 24 30 70 66 38 24 43 64 39 23 47
0 1 0 0 1 1 2 3 1 3 3 6 8 4 5 9 6 7 8 9 3 3 3 6 5 3 5 2 2 4 3 4 1 1 2 1 1 2 2 4 6 2 2 5 3 1 1 6 1 1 1 2 1 1 2 5 5 11 9 5 4 4 14 43 14 20 40 20 26 23 21 43 16 13 21 44 23 29 39 15 43 48 23 27 32 38 14 28 67 31 22 35 59 42 32 27
0 0 0 0 1 0 1 0 1 2 1 4 3 3 3 4 4 3 3 5 5 2 4 3 4 3 2 2 0 1 3 4 0 1 1 3 1 0 1 1 6 1 1 1 1 1 1 0 1 1 1 4 2 1 2 2 10 6 4 14 9 4 17 8 19 33 10 12 11 17 6 33 5 7 10 25 11 36 34 13 21 23 14 32 38 40 19 24 56 34 17 30 36 18 25 18
0 0 0 0 0 0 1 0 1 1 1 4 2 1 2 2 3 5 3 1 1 1 6 0 1 2 2 1 0 1 1 1 0 0 1 0 0 0 1 0 3 1 1 0 1 1 1 4 9 12 9 4 8 5 2 4 6 3 4 5 3 4 9 3 16 5 6 7 7 13 4 11 5 12 3 9 6 20 12 7 26 9 10 14 30 11 19 9 30 18 20 13 39 40 41 31
0 0 0 0 0 0 0 0 0 1 1 2 1 2 1 3 1 2 2 1 1 1 2 1 1 1 1 1 0 0 0 0 1 1 0 0 1 1 1 1 1 1 2 3 1 13 2 24 6 8 4 4 13 13 28 8 8 1 2 5 4 5 1 1 5 3 3 4 7 7 9 7 8 5 3 16 3 14 3 4 23 4 18 19 34 11 17 13 17 31 20 38 44 48 62 79
0 0 0 0 0 0 0 0 0 0 0 0 0 1 0 1 1 1 1 2 1 1 1 1 0 0 1 0 1 1 0 0 0 0 3 3 2 2 7 11 4 5 6 15 5 3 12 18 3 15 6 4 8 18 13 8 12 13 8 16 10 25 19 3 6 8 9 9 6 12 19 11 12 33 34 34 42 64 44 21 26 41 43 35 9 65 61 49 35 11 26 16 27 64 37 56
0 0 0 0 0 1 0 0 0 0 0 0 0 1 1 1 1 1 1 1 1 1 1 1 1 0 0 0 0 0 0 0 0 0 0 3 4 1 1 7 7 9 4 23 30 5 5 10 20 11 18 2 4 24 26 6 37 20 36 30 6 20 9 9 6 12 9 27 34 2 4 23 29 5 17 44 14 37 19 57 13 41 63 42 21 65 50 45 69 65 49 19 39 53 34 22
0 0 0 0 0 0 0 0 0 0 0 0 1 0 0 0 0 1 0 0 1 0 1 1 0 0 0 0 0 1 0 0 0 0 0 0 1 0 1 3 7 2 17 28 13 3 9 5 14 12 22 5 7 20 18 35 20 10 23 37 11 2 5 22 16 26 24 17 26 23 4 28 48 10 23 58 7 5 16 67 57 27 22 44 47 66 51 69 79 71 33 60 23 18 51 66
0 0 0 0 0 0 0 0 0 0 0 0 0 0 0 0 0 0 0 0 0 0 0 0 0 0 0 0 0 0 0 0 0 0 0 0 0 4 1 6 3 10 6 7 32 15 7 3 13 17 16 22 7 35 34 67 15 35 60 56 37 3 15 17 19 56 49 53 25 49 14 10 45 14 34 60 20 19 10 43 33 43 7 9 17 63 66 65 78 58 20 64 38 29 48 54
0 0 0 0 0 0 0 0 0 0 0 0 0 0 0 0 0 0 0 0 0 0 0 0 0 0 0 0 0 0 0 0 0 0 0 1 1 1 6 21 7 21 7 20 18 30 12 14 26 32 62 68 24 48 75 83 39 63 77 56 37 15 38 45 23 20 18 12 38 66 18 13 35 13 40 49 75 21 37 78 52 66 55 18 16 36 60 59 48 38 59 85 40 28 16 17
0 0 0 0 0 0 0 0 0 0 0 0 0 0 0 0 0 0 0 0 0 0 0 0 0 0 0 0 0 0 1 0 0 1 1 2 2 3 21 10 14 9 5 41 37 15 9 8 19 37 59 49 51 28 58 86 43 45 66 57 67 54 54 70 16 25 30 21 43 60 51 30 6 20 59 74 72 63 25 83 26 60 74 39 24 22 50 36 41 20 76 86 64 40 45 18
0 0 0 0 0 0 0 0 0 0 0 0 0 0 0 0 0 0 0 0 0 0 0 0 0 0 0 1 3 0 0 0 2 2 2 3 1 5 13 11 28 11 33 12 67 14 19 16 10 22 60 44 26 11 13 41 60 69 75 72 85 64 68 67 58 33 43 29 50 49 76 47 22 21 48 71 76 75 49 66 63 58 66 78 42 26 17 17 15 30 73 53 76 47 44 27
0 0 0 0 0 0 0 0 0 0 0 0 0 0 0 0 0 0 0 0 0 0 0 0 0 0 0 0 1 0 0 2 1 1 5 3 2 1 1 5 5 4 1 1 10 14 51 34 12 6 24 8 14 7 6 10 13 45 53 46 56 66 62 56 81 35 36 29 10 67 88 35 22 19 61 52 54 58 29 43 44 20 68 81 66 40 10 12 15 21 15 38 79 45 30 38
0 0 0 0 0 0 0 0 0 0 0 0 0 0 0 0 0 0 0 0 0 0 0 0 0 1 0 0 0 0 1 1 2 5 4 3 3 6 2 1 3 9 4 2 4 8 15 25 27 7 11 8 17 8 10 21 16 9 16 35 33 13 27 62 85 62 29 36 47 74 88 48 16 9 19 31 55 43 52 59 48 13 51 70 81 31 20 11 34 39 23 40 89 62 55 59
0 0 0 0 0 0 0 0 0 0 0 0 0 0 0 0 0 0 0 0 0 0 0 0 1 2 1 0 0 1 1 1 2 4 2 1 6 10 3 3 4 14 8 4 8 8 10 9 11 5 12 30 34 32 26 23 15 12 10 8 2 1 8 75 73 70 45 23 27 66 79 75 60 21 11 33 47 36 38 28 52 39 22 76 77 62 27 18 40 30 54 83 84 83 67 63
0 0 0 0 0 0 0 0 0 0 0 1 0 0 0 0 0 0 0 0 0 0 0 0 0 1 0 1 1 3 1 1 5 2 5 7 6 13 7 10 7 14 15 9 4 18 11 16 12 4 12 48 58 60 58 46 31 28 25 25 24 20 23 43 45 59 50 21 8 45 40 78 78 32 15 44 51 40 25 46 68 34 22 24 77 80 32 18 52 59 55 75 52 78 48 32
0 0 0 0 0 0 0 0 0 0 0 1 1 0 0 0 0 0 0 0 0 0 0 0 0 0 1 1 3 1 1 1 1 1 9 11 4 6 12 26 14 18 14 11 3 7 32 24 16 12 10 31 73 77 69 70 58 56 45 45 76 78 81 71 56 54 42 26 12 7 33 50 83 63 56 18 40 47 27 6 20 35 37 53 71 76 51 32 18 39 40 33 79 78 87 60
0 0 0 0 1 1 3 0 0 0 0 0 0 1 0 0 0 0 0 0 0 0 0 0 0 0 0 1 1 1 0 2 6 4 11 8 8 17 37 17 31 26 12 18 22 22 32 34 24 19 11 19 48 72 69 78 80 76 53 42 33 47 58 67 77 74 74 62 36 3 11 52 60 65 54 50 33 16 23 22 54 48 25 33 32 72 71 30 16 25 32 37 30 71 60 75
0 0 0 0 0 1 0 0 0 1 0 0 0 0 0 0 0 0 0 0 0 0 0 0 1 0 0 1 1 2 3 11 6 4 6 14 9 11 8 4 9 49 52 28 51 34 26 28 29 31 30 16 13 17 59 59 55 77 77 67 61 54 40 47 54 73 77 76 72 63 42 66 54 76 44 44 33 24 34 27 23 29 18 50 36 74 79 28 13 40 46 31 32 33 61 77
0 1 0 0 0 0 2 1 0 0 0 0 0 0 0 0 0 0 0 0 0 0 0 0 0 1 0 0 0 1 0 1 1 5 5 6 9 11 16 16 10 4 16 59 61 74 62 44 36 19 28 32 26 17 26 43 37 31 51 57 60 70 72 60 35 40 71 78 78 63 65 81 62 83 71 52 47 49 29 17 20 39 19 32 44 31 68 41 13 26 45 43 19 13 53 78
0 0 4 1 0 1 0 3 1 0 1 0 0 0 0 0 0 0 0 0 0 0 0 0 0 0 0 2 1 1 1 3 2 3 5 13 15 20 19 24 29 24 12 9 8 60 68 62 39 27 20 33 28 17 7 7 7 9 9 10 21 42 36 51 55 31 32 48 48 42 68 67 67 64 62 65 69 63 39 45 42 37 19 21 58 64 47 54 21 8 34 41 23 42 80 40
0 0 1 0 0 0 0 0 4 6 5 3 0 0 0 0 0 0 0 0 0 0 0 0 1 0 1 1 1 1 2 3 2 2 4 8 9 14 15 18 23 23 38 36 36 26 11 8 35 36 45 16 16 11 17 25 24 25 24 21 23 10 7 10 14 10 9 7 9 29 41 57 53 48 40 33 33 59 52 44 35 21 48 41 44 56 48 63 44 14 10 33 50 80 50 71
0 0 1 6 2 0 0 0 0 9 0 0 0 0 0 0 0 0 0 0 0 0 0 0 0 0 0 0 0 0 0 0 1 2 2 4 10 16 10 17 24 33 34 36 42 32 29 28 20 11 12 8 12 28 31 41 41 43 42 54 26 8 8 24 26 40 22 25 7 6 15 36 30 21 21 22 27 36 44 61 54 24 21 23 25 30 44 55 62 22 11 27 86 61 51 63
1 0 1 3 1 2 2 0 0 0 0 0 0 0 0 3 0 0 0 0 0 0 0 0 0 0 0 0 0 0 0 0 1 1 3 4 5 8 8 21 25 20 18 21 28 23 21 31 26 24 30 34 36 46 42 39 54 58 59 56 32 26 27 42 39 30 38 21 9 11 11 4 3 4 5 5 13 12 6 11 20 14 14 9 11 11 31 45 40 25 11 61 69 44 68 64
2 1 1 0 2 2 10 3 2 1 1 0 0 0 1 0 3 2 0 0 1 1 1 0 0 0 0 0 0 0 0 1 1 1 0 1 6 8 5 5 11 21 16 12 21 17 25 29 36 28 39 24 26 39 50 53 55 57 68 59 39 37 47 44 54 57 59 49 27 25 9 4 2 6 7 15 35 23 15 14 10 8 5 6 5 8 13 23 45 45 19 72 30 20 56 73
2 2 2 6 2 3 2 1 1 6 1 2 0 1 1 2 8 3 1 1 2 0 0 0 0 0 0 0 0 0 1 0 0 0 1 1 3 10 10 18 17 15 25 18 28 22 27 29 34 18 48 35 32 28 44 48 70 69 70 55 29 47 43 58 58 74 67 62 51 31 23 23 24 30 33 45 54 41 27 27 40 44 24 12 15 9 3 7 17 49 34 63 21 21 62 85
3 3 1 1 5 3 12 6 3 2 5 9 3 1 2 10 12 2 1 3 0 3 0 0 0 0 0 1 0 0 0 0 0 1 0 1 1 4 7 10 15 10 13 15 19 23 27 41 33 26 34 42 28 30 46 56 68 60 48 40 39 46 55 57 58 78 72 61 54 31 44 44 46 50 48 49 62 47 45 46 46 45 31 43 42 22 19 5 8 27 23 26 24 15 38 62
3 6 5 2 16 10 14 8 26 10 6 2 1 10 7 5 5 2 1 8 0 3 0 0 0 0 0 0 1 0 0 0 0 1 1 1 2 6 3 9 14 11 5 18 16 18 21 40 26 13 15 35 31 24 37 58 62 45 34 22 27 55 52 54 74 72 63 58 34 30 44 44 46 60 51 64 63 67 48 51 62 53 54 65 54 47 27 7 4 17 14 28 18 7 20 39
4 1 6 2 1 25 7 4 9 20 11 7 1 6 22 5 1 1 4 7 0 4 0 0 1 1 0 0 1 3 0 0 0 0 1 1 0 1 2 2 8 6 9 10 11 6 24 11 21 7 30 21 20 15 34 60 37 34 23 29 31 44 40 59 72 66 60 58 33 50 60 60 42 57 65 63 66 56 48 58 67 62 57 68 40 30 13 11 6 3 5 15 15 4 15 11
3 4 3 7 2 4 22 34 32 14 5 6 2 3 11 16 2 4 18 8 2 7 1 0 0 1 0 1 1 0 1 3 0 0 0 1 0 1 0 2 3 3 3 6 6 4 5 7 3 6 36 6 13 9 33 18 18 29 15 19 20 30 45 61 47 62 53 36 33 47 58 58 37 60 57 64 70 56 48 57 72 61 66 45 28 33 29 33 27 8 2 2 7 6 5 7
8 4 7 5 7 7 11 20 14 27 26 8 25 2 1 1 9 43 32 6 6 2 1 2 2 1 0 1 2 2 1 0 1 0 0 0 0 0 0 2 1 2 2 3 2 2 2 3 4 8 3 2 8 15 7 14 13 9 10 11 11 20 56 42 49 39 28 32 46 57 54 55 48 58 36 48 54 34 45 53 75 45 31 34 44 53 66 47 32 13 8 3 1 3 3 3
9 9 8 8 29 14 45 66 28 16 14 29 28 27 1 0 2 3 2 1 3 4 2 1 1 1 1 1 1 0 0 0 0 0 0 0 0 0 1 1 1 1 2 0 0 0 1 3 0 1 1 2 3 7 5 7 3 5 11 13 11 32 30 36 35 44 27 25 35 52 44 33 38 55 32 19 59 34 43 69 42 45 41 46 76 80 64 42 37 28 12 9 6 2 2 2
