sesion_6_simulaciones/modelos_agentes/ejemplos_netlogo/scenarios/echam4_a2/rob_2020.asc
NCOLS 322 
NROWS 307 
XLLCORNER 451900 
YLLCORNER 4086900 
CELLSIZE 100 
NODATA_value -9999 
[rows 148 to 221 of 307, columns 0 to 95 of 322]
1 29 27 21 33 50 45 31 12 6 9 64 64 67 60 66 79 65 50 69 39 52 22 10 1 3 1 4 2 1 7 2 3 7 3 9 4 9 6 7 30 30 26 19 29 14 33 30 18 33 18 18 28 13 20 36 30 16 11 27 41 42 33 23 37 53 55 38 45 75 66 63 37 45 64 72 18 14 13 27 24 18 7 8 32 21 5 3 14 10 8 10 19 19 8 20
11 28 34 44 50 60 48 58 57 15 19 39 54 76 74 72 83 52 67 63 66 54 22 30 10 3 2 1 1 3 18 13 2 5 2 3 4 9 6 11 19 13 6 15 30 69 40 30 14 16 11 28 29 25 7 7 8 5 31 27 26 61 39 29 41 63 62 62 62 67 43 21 14 45 33 21 48 9 8 27 23 13 17 9 4 24 8 4 3 5 2 12 6 21 9 4
8 5 13 45 38 63 57 19 36 45 24 27 80 82 80 52 84 69 72 76 63 34 25 16 24 14 2 8 5 5 3 18 6 16 21 17 6 14 18 16 9 9 17 47 60 39 26 20 15 14 15 19 19 17 29 20 28 30 33 33 48 62 36 35 63 65 73 73 54 16 55 33 29 35 52 17 20 6 2 6 15 14 8 15 5 6 16 9 3 4 2 1 4 4 7 2
3 6 12 9 12 10 10 13 19 15 36 15 37 68 66 55 77 74 71 29 13 17 33 39 51 30 14 5 5 2 4 7 50 34 42 50 65 16 8 18 35 34 61 55 19 19 10 19 12 9 22 19 21 18 21 17 39 42 45 46 66 61 58 44 61 73 67 51 74 42 20 52 54 20 21 7 17 30 12 5 6 10 11 6 7 4 5 17 9 4 3 2 1 3 5 4
32 10 8 7 12 11 16 23 26 29 17 40 19 12 9 10 13 13 20 29 23 58 63 53 68 35 57 20 21 22 13 14 36 5 1 1 14 62 10 7 30 21 32 37 30 44 44 53 27 13 22 23 29 23 8 22 29 64 41 64 60 67 74 88 86 74 70 42 39 83 40 33 28 30 14 4 6 7 21 13 5 6 10 7 4 6 4 4 12 3 2 2 0 1 2 2
36 30 25 17 19 12 15 28 5 15 41 30 24 32 22 21 13 31 46 59 84 67 83 58 59 35 27 30 21 49 33 4 2 6 7 1 6 8 36 9 4 64 17 20 27 19 9 16 35 22 33 41 37 25 10 15 25 51 73 62 80 69 80 78 78 74 67 24 30 68 70 50 28 16 20 11 8 6 10 7 10 6 5 7 4 3 3 2 15 7 1 1 1 0 2 2
66 42 64 44 40 38 53 14 20 14 18 24 27 54 50 21 9 25 58 63 74 87 73 85 67 62 66 63 34 38 65 54 22 4 10 10 24 19 18 37 7 43 26 20 36 6 12 17 11 32 41 52 60 45 44 22 31 50 65 70 54 41 75 76 72 64 59 47 27 41 75 22 23 13 8 5 9 3 9 18 6 8 6 3 2 2 2 2 3 2 5 1 1 0 0 1
69 57 72 50 58 47 38 48 15 12 25 16 59 41 18 41 30 20 19 59 71 63 61 70 49 55 64 61 34 12 34 71 75 55 43 19 23 29 29 35 17 38 70 34 36 21 10 10 11 18 16 19 34 11 16 42 35 59 47 28 26 26 30 49 52 20 28 17 41 52 44 39 16 11 12 4 5 6 6 11 8 4 5 4 2 2 1 1 1 1 2 3 1 1 0 0
42 61 61 77 79 54 31 76 26 14 24 25 24 26 47 49 34 49 34 20 23 55 64 23 42 67 47 75 47 13 12 14 49 73 60 40 29 25 21 31 28 38 74 26 36 37 27 35 37 39 38 41 27 26 35 27 44 73 59 56 56 50 24 13 7 20 16 22 14 26 27 37 41 15 7 3 4 5 7 9 8 12 2 3 2 1 1 0 1 1 1 0 3 1 0 0
65 79 67 85 70 32 66 81 38 37 46 20 52 71 54 36 57 42 34 24 28 27 18 52 44 21 34 64 73 38 28 18 14 66 55 56 63 58 54 63 56 34 69 75 44 37 45 49 46 46 56 65 36 53 58 30 27 47 60 45 41 25 14 21 19 6 2 12 26 27 28 32 13 13 6 5 6 5 8 5 6 4 5 2 1 1 0 0 0 0 1 1 1 1 0 0
46 81 43 79 46 68 73 73 24 49 55 34 24 18 36 39 45 69 61 72 32 22 29 23 29 29 46 82 44 80 36 47 39 58 26 52 53 79 61 49 57 31 50 72 81 44 41 36 62 45 45 36 30 54 58 32 46 75 75 75 40 49 51 37 30 13 10 14 17 15 15 19 14 6 10 2 4 7 5 5 3 2 2 2 1 0 0 0 0 0 0 1 1 0 1 0
17 72 55 70 65 73 70 30 39 65 63 48 43 26 24 15 19 30 30 67 44 17 25 24 65 70 65 71 36 74 76 29 29 38 59 70 59 82 89 57 53 22 28 67 77 72 64 49 61 25 18 27 59 57 49 43 45 34 30 30 25 40 54 44 41 26 21 17 12 12 12 11 7 9 2 3 3 4 2 1 1 1 1 1 2 1 1 1 0 0 0 0 0 1 0 0
19 18 13 53 68 69 28 32 73 46 63 75 61 47 31 36 41 39 45 24 32 51 43 18 54 56 67 75 72 43 83 80 38 19 32 75 74 62 60 64 71 24 29 67 84 86 58 50 54 51 41 29 78 44 83 87 85 75 81 73 52 29 33 28 27 21 19 18 13 7 7 10 7 7 3 5 2 2 2 2 1 1 1 2 1 1 1 1 0 0 0 0 0 0 0 0
19 62 39 30 20 45 37 76 79 53 51 68 42 55 23 41 35 34 44 30 34 36 37 18 62 72 63 85 78 59 72 84 78 45 38 12 30 60 44 25 36 26 18 80 83 82 68 71 63 69 89 93 81 55 45 79 76 42 44 64 58 34 43 32 25 15 12 20 12 4 5 5 5 4 3 3 3 2 1 1 1 1 0 0 0 0 0 0 0 0 0 0 0 0 0 0
52 56 41 59 47 23 49 80 73 77 15 52 66 66 75 43 58 31 27 24 26 13 40 59 82 60 84 89 74 74 52 67 79 53 51 29 59 76 83 81 64 53 37 52 83 69 62 88 62 67 84 83 90 64 46 83 88 63 45 32 69 64 24 46 26 20 10 9 8 5 6 4 3 2 2 2 2 1 1 0 0 0 0 0 0 0 0 0 0 0 0 0 0 0 0 0
42 40 64 42 34 13 45 64 48 80 34 42 72 58 71 56 31 50 41 56 58 58 18 48 63 72 81 83 61 82 64 80 66 67 65 73 67 76 81 73 18 61 68 39 18 48 61 83 67 57 77 73 76 82 44 57 73 90 65 43 51 30 27 25 25 30 24 15 7 3 6 2 2 1 1 1 1 1 0 0 0 0 0 0 0 0 0 0 0 0 0 0 0 0 0 0
30 25 15 32 46 42 17 77 34 31 32 48 58 17 44 60 37 44 37 65 64 40 37 16 44 80 72 81 64 83 65 65 57 44 59 64 78 68 70 78 73 55 27 24 12 16 55 77 59 30 43 69 77 82 77 81 83 76 84 43 28 30 24 29 22 18 23 7 4 7 2 2 1 1 0 0 0 0 0 0 1 0 0 0 0 0 1 1 1 0 1 1 1 1 1 1
20 36 50 40 24 18 18 35 42 40 62 54 64 63 32 48 44 58 25 20 35 67 45 23 12 24 28 64 60 36 15 16 14 28 26 20 56 37 40 60 60 55 50 23 8 16 61 65 54 42 34 26 51 79 76 69 57 55 72 69 27 16 20 19 20 16 6 8 4 1 1 1 1 1 1 0 0 0 0 0 0 1 0 1 2 3 2 2 1 1 1 3 3 4 3 1
38 24 21 18 32 25 27 18 21 19 38 67 63 69 22 21 29 61 63 45 32 27 45 13 29 38 32 29 19 26 42 32 40 37 56 24 22 19 18 19 15 35 28 15 16 24 50 55 63 41 37 33 9 41 39 46 42 56 33 46 37 14 29 27 20 9 7 4 3 2 2 1 0 0 1 1 0 0 0 0 3 3 2 4 5 6 5 8 5 5 15 14 5 9 4 2
25 26 32 57 46 47 38 31 38 38 47 12 18 24 35 47 34 18 61 64 53 27 23 9 26 60 59 48 35 39 57 62 33 61 30 23 24 33 34 31 21 12 21 23 38 39 56 55 63 50 35 17 19 14 22 45 18 12 9 27 14 16 14 7 10 5 2 3 2 1 1 0 1 0 1 1 1 0 2 4 8 8 8 13 14 25 21 11 10 13 3 1 2 2 2 6
34 37 52 35 30 39 41 27 46 64 20 29 49 47 30 49 12 18 21 24 35 20 18 16 33 33 53 47 65 30 58 48 42 45 29 27 35 59 30 58 37 19 13 14 17 26 37 46 42 44 28 41 36 23 27 26 21 13 16 17 32 23 10 3 3 3 3 1 1 0 0 4 4 2 2 2 1 2 6 17 29 24 23 45 31 27 25 17 18 13 4 1 0 0 1 4
52 67 63 66 34 29 35 32 48 56 33 36 51 49 46 28 33 27 39 39 27 30 33 19 34 31 32 55 29 39 51 50 52 39 29 31 27 52 28 60 43 35 29 11 7 6 23 22 61 63 38 28 58 27 12 31 33 37 28 17 19 9 4 2 3 2 1 1 2 2 5 8 10 3 5 6 3 7 22 29 50 66 26 51 27 20 13 13 11 7 4 2 1 0 0 1
19 17 12 15 22 23 49 51 63 40 45 21 39 54 25 12 19 20 27 22 13 11 9 19 29 27 27 32 45 49 43 39 26 34 23 10 34 29 48 61 41 41 56 30 33 16 10 22 19 50 31 40 28 12 11 22 20 14 8 4 3 2 1 1 1 0 2 5 10 7 15 21 19 10 17 10 4 15 36 43 74 46 26 17 9 1 1 7 2 2 2 1 1 0 0 1
27 39 28 46 41 47 34 51 42 37 17 21 33 44 52 46 46 22 18 16 20 6 9 27 60 50 32 29 47 27 21 37 66 38 21 11 33 20 58 25 57 38 49 44 27 15 20 21 11 27 35 25 10 15 12 9 23 7 4 3 1 5 4 7 2 5 9 19 20 21 22 34 21 18 22 15 13 28 50 62 58 32 12 8 4 2 1 1 3 1 1 1 0 0 0 0
22 20 21 44 62 24 29 38 33 40 34 26 49 32 61 46 34 55 44 30 58 25 31 22 51 64 39 60 23 29 41 26 53 50 25 17 24 33 39 20 30 30 44 47 20 32 22 13 13 17 17 22 16 14 12 9 4 2 1 7 7 15 15 14 9 10 22 30 46 49 34 46 46 40 27 34 45 53 56 51 39 42 18 7 3 3 2 1 4 1 0 0 0 0 0 0
28 17 32 51 31 34 29 45 50 41 52 58 52 41 31 29 62 60 39 42 42 31 52 30 36 57 69 46 26 26 18 18 17 16 32 40 11 15 47 45 44 49 41 28 38 28 26 24 14 18 18 20 27 17 7 5 5 8 13 26 23 21 32 23 16 30 36 40 59 45 49 60 71 37 40 50 61 66 72 42 12 8 8 8 4 2 1 1 0 1 0 0 0 0 0 0
21 31 41 40 20 59 44 38 61 68 75 70 63 67 43 20 24 40 38 45 15 37 64 36 43 34 57 71 46 62 43 35 28 30 49 58 24 36 48 59 52 15 17 30 22 27 15 12 19 24 22 35 20 13 16 8 13 16 32 32 31 31 42 32 27 39 52 37 67 64 53 77 63 48 56 75 61 61 22 67 37 27 7 4 4 2 1 1 0 0 0 0 0 0 0 0
22 27 40 30 20 18 26 36 29 38 55 71 49 53 64 25 36 32 25 23 26 61 65 47 29 38 21 46 33 39 32 32 46 44 60 52 30 46 60 58 48 26 12 11 20 20 23 36 21 21 36 21 16 30 16 13 22 38 42 53 46 45 46 36 37 67 70 58 75 74 73 72 84 83 52 56 60 58 19 13 23 30 13 7 2 1 1 1 1 0 0 0 0 0 0 0
23 26 50 23 35 15 24 19 34 42 22 26 22 23 31 45 43 37 64 33 48 64 45 60 22 58 32 61 28 25 39 42 45 39 49 42 43 36 53 55 45 22 9 18 22 22 29 28 27 27 27 37 24 18 17 30 41 45 43 49 47 38 57 51 56 74 73 70 65 83 75 68 62 71 27 23 13 35 38 17 7 14 6 3 2 1 1 0 0 1 0 0 0 0 0 0
29 51 45 69 13 62 50 10 38 31 45 30 59 33 46 41 45 36 35 37 26 52 31 47 38 30 40 37 22 47 47 40 42 44 45 33 38 30 41 58 41 36 36 43 49 24 33 23 42 51 47 56 39 25 38 42 46 58 42 48 65 52 67 70 63 73 55 74 37 54 79 77 73 55 70 53 31 10 6 11 6 3 8 5 4 2 2 3 1 0 0 0 0 0 0 0
67 45 21 32 53 31 17 39 41 50 32 51 30 28 59 36 38 10 34 42 40 16 31 43 33 23 34 14 24 15 20 37 37 66 25 27 26 41 41 19 27 42 19 26 23 32 16 32 48 62 55 52 45 42 40 59 52 62 60 52 60 69 64 69 65 74 55 50 73 36 69 71 51 66 70 76 55 47 41 21 12 7 2 1 2 3 1 1 0 0 0 0 0 0 0 0
46 75 41 44 14 26 22 39 35 41 60 24 32 53 57 63 64 25 29 55 35 25 11 21 41 16 26 21 20 12 15 42 45 40 19 27 26 26 58 38 26 38 20 61 33 29 38 28 55 64 49 46 47 45 44 48 69 63 60 74 75 83 71 58 66 32 45 36 40 45 31 56 35 42 66 67 67 79 55 34 31 34 25 10 2 1 1 1 1 0 0 0 0 0 0 0
21 28 20 19 42 50 31 30 42 48 52 29 43 28 18 20 16 21 28 40 57 22 33 19 28 19 19 9 14 24 29 40 28 26 27 19 27 47 56 41 26 22 39 65 22 51 37 41 52 72 43 47 47 45 46 51 68 75 63 72 83 58 42 70 70 62 48 23 16 6 11 12 18 19 41 51 44 51 57 29 50 30 16 4 2 2 2 1 1 0 0 0 0 0 0 0
20 23 39 30 30 44 44 29 16 46 10 14 30 31 62 29 48 23 26 25 41 29 22 27 22 26 35 17 15 16 31 20 23 37 8 9 19 57 35 30 19 34 37 53 45 40 44 50 61 56 39 57 46 46 59 46 69 80 83 60 70 73 32 18 15 23 29 44 35 23 9 6 3 8 15 31 23 43 62 19 29 48 16 7 4 2 1 1 1 0 0 0 0 0 0 0
17 54 34 18 18 28 28 24 13 13 18 22 21 44 40 29 36 42 38 35 25 53 22 43 23 28 48 12 13 24 12 17 37 23 25 40 40 62 13 11 24 46 45 56 49 36 41 45 54 39 62 70 57 62 61 57 66 68 68 47 49 61 33 31 57 70 74 55 51 31 24 27 6 2 4 17 13 32 53 33 17 13 11 6 3 2 2 1 1 1 0 0 0 0 0 0
20 33 29 27 24 26 27 19 8 4 10 19 33 16 27 34 28 46 23 14 10 14 21 13 11 36 29 16 27 20 14 14 31 17 7 17 28 36 26 26 33 40 63 64 35 39 52 48 59 55 73 79 63 81 74 86 73 66 73 46 35 15 63 57 23 48 68 56 60 58 52 25 9 8 3 2 3 7 29 11 7 2 2 4 1 2 1 1 1 1 1 0 0 0 0 0
38 7 13 28 6 18 9 3 5 2 4 3 6 13 32 15 11 15 29 15 13 7 9 12 6 13 12 16 26 12 4 6 6 15 17 11 35 28 16 28 39 58 76 86 79 76 64 65 60 36 77 53 85 75 68 74 45 53 71 78 32 28 22 75 36 27 46 62 50 41 60 53 53 21 11 3 1 1 1 1 1 1 1 2 2 1 0 0 0 1 0 0 0 0 0 0
2 4 11 7 8 7 5 1 1 7 19 1 5 6 7 19 16 12 19 14 12 10 12 14 4 4 9 12 8 4 1 2 4 26 49 48 65 70 79 79 78 86 69 86 79 85 78 34 64 71 44 41 62 64 68 70 46 71 74 61 56 40 17 46 71 27 9 24 52 66 48 41 17 13 17 11 3 1 1 0 1 1 1 0 1 1 0 0 0 0 0 0 0 0 0 0
2 5 7 3 3 2 9 29 48 12 19 21 33 4 3 13 8 6 8 5 6 3 4 3 5 3 17 20 24 4 1 7 8 6 12 53 65 72 75 77 70 79 71 70 80 84 83 51 39 44 82 62 30 57 26 35 34 71 85 68 50 44 30 24 79 37 33 14 27 40 66 12 6 9 11 15 9 6 4 2 1 1 0 0 0 1 0 0 0 0 0 0 0 0 0 0
7 9 9 13 13 26 38 25 29 32 34 15 21 13 9 5 4 3 3 3 2 3 19 17 39 38 15 7 20 6 2 23 19 10 15 18 28 69 70 79 64 49 51 52 69 83 88 88 43 43 62 66 48 26 47 18 48 56 76 73 24 34 27 14 75 50 21 16 13 53 58 67 25 16 9 5 3 2 1 1 2 2 1 0 0 0 1 0 0 0 0 0 0 0 0 0
21 23 14 47 35 43 49 55 61 55 33 28 36 17 14 5 3 4 1 4 3 2 1 4 7 14 32 28 8 10 9 8 15 28 6 17 38 54 61 69 68 42 28 41 56 80 86 82 88 84 37 48 42 37 20 17 29 52 69 72 25 24 29 22 45 83 48 24 10 6 8 20 9 9 5 13 7 2 1 1 1 1 1 1 0 0 0 0 0 0 0 0 0 0 0 0
20 38 40 49 59 50 64 50 73 62 41 63 53 25 57 41 36 17 6 1 2 2 1 2 3 6 11 35 6 5 10 6 28 20 32 29 21 19 10 7 55 62 27 43 36 45 65 67 83 87 81 52 50 61 35 39 23 55 70 61 63 21 35 24 15 71 82 50 27 7 4 4 20 10 5 4 5 5 2 1 0 1 1 1 1 0 0 0 0 0 0 0 0 0 0 0
5 8 16 56 68 58 81 80 79 77 69 71 45 65 76 68 42 23 37 12 8 4 5 6 7 18 36 12 9 11 8 23 45 26 33 42 34 29 23 20 17 30 27 29 20 39 70 48 65 79 87 56 45 39 47 41 8 40 58 57 57 35 21 19 8 50 72 66 31 23 3 1 10 20 5 1 1 1 2 1 1 0 1 0 1 0 0 0 0 0 0 0 0 0 0 0
12 15 23 65 70 74 72 61 56 83 86 68 78 80 80 68 48 47 44 36 22 4 11 19 35 67 60 13 6 11 15 22 19 29 20 32 34 39 44 26 17 18 17 13 28 35 51 46 16 60 77 83 37 29 33 16 12 9 28 36 70 61 11 11 23 30 34 58 14 20 12 2 2 9 5 3 1 1 2 1 1 1 0 0 0 0 0 0 0 0 0 0 0 0 0 0
8 10 11 10 10 14 36 44 44 17 41 80 89 84 81 52 52 75 56 42 53 12 15 9 7 11 50 65 19 6 15 19 22 42 35 26 36 36 49 31 38 49 38 29 20 12 48 50 37 25 52 70 49 23 10 8 20 7 13 30 30 25 15 10 11 17 10 56 9 12 7 7 1 4 4 5 3 2 2 1 1 1 0 0 0 0 0 0 0 0 0 0 0 0 0 0
4 9 15 40 37 42 72 39 38 29 36 19 63 83 87 69 66 73 47 50 32 57 27 38 30 13 7 12 20 11 5 19 30 52 21 25 18 28 45 40 34 33 25 26 38 32 29 10 28 54 29 36 9 10 5 14 11 15 10 11 26 29 20 12 4 4 5 29 34 6 2 5 4 1 2 1 3 1 1 0 1 0 0 0 0 0 0 0 0 0 0 0 0 0 0 0
4 14 8 8 19 13 20 28 27 36 19 8 18 40 67 78 77 39 15 20 22 57 40 54 38 31 21 8 8 18 11 58 46 23 62 38 37 39 44 30 35 52 56 44 49 31 34 18 17 12 49 31 24 13 8 6 12 12 8 9 17 31 17 9 7 5 8 18 36 13 4 2 5 3 1 0 0 1 1 1 0 0 0 0 0 0 0 0 0 0 0 0 0 0 0 0
13 3 8 18 30 34 21 22 26 34 41 29 50 25 24 31 44 29 22 35 62 23 28 46 68 70 16 19 11 55 29 32 64 51 71 31 74 41 33 31 36 36 34 43 35 35 32 20 17 16 12 19 13 13 14 10 7 10 5 2 5 6 14 10 11 6 5 7 12 12 6 6 6 2 2 1 0 1 1 0 1 0 0 0 0 0 0 0 0 0 0 0 0 0 0 0
35 13 29 17 20 33 27 38 49 44 29 31 15 39 49 33 37 29 23 37 18 52 45 33 15 34 39 49 50 11 18 48 44 17 36 34 19 57 29 35 36 44 22 28 16 17 15 20 22 19 9 5 21 23 12 18 9 7 6 5 2 5 13 4 5 4 3 4 5 11 2 3 2 1 1 1 0 0 0 1 0 0 0 0 0 0 0 0 0 0 0 0 0 0 0 0
52 41 7 9 33 15 42 67 31 26 42 35 34 58 21 38 25 24 20 17 29 40 36 38 31 18 25 29 16 26 12 48 30 40 44 57 16 25 48 20 26 42 33 40 36 13 18 20 12 17 6 10 2 7 6 21 5 7 5 8 5 4 1 1 1 0 0 1 2 2 1 0 2 1 1 2 1 1 1 0 0 0 0 0 0 0 0 0 0 0 0 0 0 0 0 0
55 45 72 24 20 41 11 11 44 52 23 47 24 49 20 44 42 33 29 42 50 55 40 21 35 35 27 32 54 56 43 13 11 17 42 32 29 9 46 42 39 30 14 19 28 27 17 9 13 14 9 3 17 8 6 17 9 2 4 2 2 3 2 1 0 0 0 0 1 2 2 1 0 1 1 1 1 1 2 1 0 0 0 0 0 0 0 0 0 0 0 0 0 0 0 0
36 51 65 52 14 10 44 22 6 18 36 27 14 22 37 32 22 16 25 34 42 44 73 54 40 38 34 30 59 69 47 30 13 27 47 40 56 28 9 49 29 39 36 29 15 13 17 18 12 13 4 1 4 2 1 5 3 3 2 1 1 2 1 1 1 0 0 0 0 1 1 1 1 1 1 2 2 1 0 0 0 0 0 0 0 0 0 0 0 0 0 0 0 0 0 0
51 52 77 60 68 33 11 59 21 26 59 23 39 31 19 41 21 23 24 21 17 33 58 51 41 44 39 34 47 68 75 50 27 22 59 57 60 39 17 26 69 27 24 53 30 29 19 20 17 6 3 1 1 1 1 1 3 2 1 1 1 1 1 2 1 1 0 0 0 0 0 0 0 0 0 0 1 1 0 0 0 0 0 0 0 0 0 0 0 0 0 0 0 0 0 0
59 50 46 68 44 51 53 21 65 38 51 66 51 59 42 24 26 22 32 53 27 43 66 62 42 42 42 29 20 23 65 56 40 30 25 63 45 32 25 15 20 51 14 14 16 17 16 20 28 11 15 4 2 1 1 1 1 1 1 3 1 0 0 0 0 0 0 0 0 0 0 0 0 0 0 0 0 0 0 0 0 0 0 0 0 0 0 0 0 0 0 0 0 0 0 0
27 67 61 71 58 66 69 59 37 28 19 14 27 20 22 50 40 27 45 18 61 28 69 78 43 45 46 27 16 7 14 40 58 40 15 41 53 23 48 37 25 14 37 39 18 16 24 13 17 7 15 4 1 1 1 1 1 1 0 1 1 0 0 0 0 0 0 0 0 0 0 0 0 0 0 0 0 0 0 0 0 0 0 0 0 0 0 0 0 0 0 0 0 0 0 0
19 22 11 34 37 10 15 11 37 32 51 50 49 54 23 24 51 49 43 43 33 26 60 82 64 57 51 49 28 9 8 9 47 33 35 33 52 19 47 49 35 14 11 33 22 28 18 13 12 4 1 1 2 2 1 1 0 0 0 0 0 0 0 0 0 0 0 0 0 0 0 0 0 0 0 0 0 0 0 0 0 0 0 0 0 0 0 0 0 0 0 0 0 0 0 0
21 37 30 16 17 34 25 24 27 54 30 52 40 23 32 47 28 20 28 45 27 73 45 65 73 56 62 53 52 23 10 11 7 20 34 37 41 21 46 26 33 31 21 16 24 16 14 20 12 7 4 1 2 1 1 1 0 0 0 0 0 0 0 0 0 0 0 0 0 0 0 0 0 0 0 0 0 0 0 0 0 0 0 0 0 0 0 0 0 0 0 0 0 0 0 0
42 31 40 25 37 55 39 30 43 47 25 35 34 16 32 57 40 42 27 29 63 48 35 28 76 50 23 18 16 10 12 5 12 5 10 15 73 51 26 38 25 13 20 22 12 21 9 9 19 13 10 3 1 1 1 1 0 0 0 0 0 0 0 0 0 0 0 0 0 0 0 0 0 0 0 0 0 0 0 0 0 0 0 0 0 0 0 0 0 0 0 0 0 0 0 0
30 23 24 23 10 26 27 32 21 16 42 38 33 14 28 37 28 38 45 71 49 32 42 60 76 67 33 24 24 25 21 21 8 11 13 8 5 6 18 21 15 27 10 17 14 19 19 8 18 8 9 7 3 1 1 0 0 0 0 0 1 1 1 1 0 0 0 0 0 0 0 0 0 0 0 0 0 0 0 0 0 0 0 0 0 0 0 0 0 0 0 0 0 0 0 0
19 13 21 12 25 19 23 18 11 9 16 20 19 35 31 32 25 43 36 28 30 29 16 9 17 17 14 21 43 42 24 46 32 11 7 5 7 6 5 16 12 23 18 7 20 12 15 11 7 3 4 3 2 1 0 0 0 0 1 1 2 1 1 1 0 0 0 0 0 0 0 0 0 0 0 0 0 0 0 0 0 0 0 0 0 0 0 0 0 0 0 0 0 0 0 0
24 13 19 5 12 12 24 34 60 56 50 8 16 32 27 16 25 40 55 41 45 20 29 23 16 20 48 26 30 41 52 37 20 21 21 4 2 3 5 8 8 11 16 17 16 12 7 5 10 3 2 2 1 0 1 1 1 2 2 1 3 2 2 1 1 1 1 1 1 1 0 0 0 0 0 0 0 0 0 0 0 0 0 0 0 0 0 0 0 0 0 0 0 0 0 0
7 8 5 5 23 24 11 33 70 71 58 62 40 18 29 42 33 44 44 22 16 20 42 31 28 30 44 19 9 28 23 15 7 12 18 11 4 4 8 5 3 5 4 5 7 7 6 3 5 3 1 1 1 1 2 2 2 3 4 4 2 3 4 2 4 1 1 1 1 1 0 0 0 0 0 0 0 0 0 0 0 0 0 0 0 0 0 0 0 0 0 0 0 0 0 0
5 9 23 23 31 25 44 37 12 28 62 59 59 67 72 57 81 52 42 43 15 10 36 24 26 37 21 19 12 10 23 24 23 15 21 10 6 14 17 5 3 13 6 7 4 2 5 2 2 1 1 1 3 5 5 5 3 3 3 4 3 5 7 9 6 4 2 2 2 1 1 1 1 0 0 0 0 0 0 0 0 0 0 0 0 0 0 0 0 0 0 0 0 0 0 0
14 4 3 13 43 49 58 79 70 38 46 78 67 52 76 58 82 82 80 58 31 47 9 11 12 10 30 33 35 46 13 48 42 20 7 9 3 11 11 6 15 7 5 5 5 3 4 3 2 2 4 4 9 17 17 9 11 5 7 6 4 10 10 8 6 4 3 3 2 2 1 0 0 0 0 0 0 0 0 0 0 0 0 0 0 0 0 0 0 0 0 0 0 0 0 0
20 21 42 13 9 31 52 70 73 41 32 78 45 40 76 55 53 31 47 60 19 31 25 19 14 19 25 32 29 50 23 13 11 27 17 14 6 23 11 9 13 17 12 11 10 14 11 8 2 8 14 13 19 29 29 25 8 4 19 11 7 11 11 7 9 10 1 6 5 2 1 1 0 0 0 0 1 0 0 0 0 0 0 0 0 0 0 0 0 0 0 0 0 0 0 0
49 21 35 62 40 21 20 30 31 71 27 71 50 47 71 37 17 26 38 25 19 9 25 16 21 35 33 16 11 31 21 12 5 4 6 5 19 21 9 6 32 33 15 32 25 11 9 4 3 11 27 27 28 60 24 18 15 6 30 11 10 14 21 21 11 8 5 6 2 1 1 1 1 1 0 0 0 0 0 0 0 0 0 0 0 0 0 0 0 0 0 0 0 0 0 0
70 67 36 57 70 80 69 39 17 18 48 75 66 29 68 34 35 26 37 28 13 10 31 14 31 26 28 23 19 15 8 10 11 15 19 12 26 5 9 18 33 33 41 41 18 8 4 7 17 13 26 46 62 29 18 25 21 12 45 17 35 11 25 11 9 25 10 4 6 2 1 1 3 2 0 0 0 0 0 0 0 0 0 0 0 0 0 0 0 0 0 0 0 0 0 0
66 77 75 68 69 83 71 86 58 14 39 67 13 27 49 47 37 16 48 10 10 9 18 10 45 29 16 12 11 3 3 10 18 12 27 10 34 8 25 24 50 53 56 20 18 9 9 22 35 32 28 55 53 33 37 53 38 20 58 48 23 28 22 27 38 20 12 8 4 1 2 9 2 0 0 1 0 0 0 0 0 0 0 0 0 0 0 0 0 0 0 0 0 0 0 0
56 80 79 86 76 71 82 81 70 42 36 35 43 16 48 39 30 20 14 8 9 10 27 15 21 19 17 33 23 22 24 25 14 7 10 22 49 21 27 38 65 62 41 20 10 19 21 48 63 45 37 61 47 32 48 66 28 47 52 43 50 17 27 57 50 20 13 6 6 7 4 3 2 1 1 0 0 0 0 0 0 0 0 0 0 0 0 0 0 0 0 0 0 0 0 1
15 70 82 70 77 36 61 71 70 67 57 65 46 14 50 73 45 19 22 16 7 16 25 15 12 16 25 8 12 12 4 10 7 21 49 33 52 24 25 40 65 42 16 8 18 42 40 43 74 56 61 62 33 56 69 60 26 48 37 62 49 54 58 46 28 17 16 6 2 1 1 0 0 0 0 0 0 0 0 0 0 0 0 0 0 0 0 0 0 0 0 0 0 0 0 0
29 27 52 25 13 13 20 16 21 10 15 28 57 18 11 50 58 43 33 30 15 12 9 10 28 9 16 17 42 35 7 18 21 25 62 67 74 41 27 55 46 19 10 23 51 54 49 49 76 59 65 77 67 57 75 62 59 36 57 61 37 57 39 12 4 4 2 3 7 4 4 2 3 1 0 0 0 0 0 0 0 0 0 0 0 0 0 0 0 0 0 0 0 0 0 1
33 29 13 19 30 55 56 22 25 5 11 13 8 4 16 9 11 20 9 8 6 27 14 16 8 28 25 31 18 27 24 42 39 39 65 77 59 51 43 58 28 24 23 43 60 58 68 46 67 77 69 81 85 68 62 77 80 58 76 69 66 75 45 51 27 17 15 9 4 1 1 1 0 0 1 0 0 0 0 0 0 0 0 0 0 0 0 0 0 0 0 0 0 0 0 1
53 53 40 36 55 62 64 50 21 17 27 19 23 17 16 22 17 6 6 9 12 33 14 16 28 33 16 59 53 40 51 57 52 55 64 43 29 44 25 56 42 32 30 48 64 72 75 67 72 79 68 79 74 72 28 36 70 78 74 56 17 11 25 17 39 15 9 12 3 1 1 1 1 0 0 0 0 0 0 0 0 0 0 0 0 0 0 0 0 0 0 0 0 0 0 1
35 10 42 49 59 51 54 32 10 20 20 26 51 41 19 19 8 14 12 13 3 7 48 32 21 6 11 32 46 37 37 46 65 41 68 30 42 30 11 52 41 38 50 65 66 79 78 64 81 87 65 43 44 32 18 16 45 55 41 21 28 17 15 20 11 8 6 2 5 2 2 1 1 0 0 0 0 0 0 0 0 0 0 0 0 0 0 0 0 0 0 0 0 0 1 1
