sesion_6_simulaciones/modelos_agentes/ejemplos_netlogo/scenarios/echam4_a2/rob_2090.asc
NCOLS 322 
NROWS 307 
XLLCORNER 451900 
YLLCORNER 4086900 
CELLSIZE 100 
NODATA_value -9999 
[rows 73 to 145 of 307, columns 192 to 287 of 322]
25 28 30 24 19 17 14 7 7 8 5 2 4 6 3 3 7 10 8 15 24 16 15 25 27 27 22 17 25 15 13 12 9 4 4 5 9 11 12 12 5 2 9 14 19 30 11 10 14 21 17 15 17 18 16 8 9 6 3 4 2 1 1 1 0 0 0 0 0 0 1 0 1 1 2 3 5 12 12 13 16 22 15 25 38 49 40 44 76 69 37 58 47 46 28 34
7 9 9 9 7 4 3 3 2 2 2 1 1 1 1 1 1 3 5 10 11 10 11 18 19 12 18 17 22 12 9 6 5 3 3 7 8 9 10 10 5 3 8 13 8 11 7 4 19 22 28 10 15 27 9 4 5 5 3 3 2 1 1 1 0 0 0 0 0 0 0 1 1 1 3 3 5 7 14 9 11 14 10 10 7 6 8 11 12 15 12 15 42 51 45 28
23 21 21 12 8 6 11 12 12 11 8 9 9 10 11 7 2 1 1 4 5 8 8 13 6 7 9 13 11 10 9 7 5 4 2 4 5 7 7 8 4 5 8 9 8 19 12 4 15 45 27 10 6 4 4 3 2 2 2 1 1 1 0 0 0 0 0 0 0 0 0 1 1 4 5 7 12 9 12 21 18 21 29 33 40 27 30 40 38 51 49 35 33 17 37 46
35 36 43 27 20 15 25 23 24 22 13 25 31 31 32 21 15 8 1 1 2 4 6 5 5 6 6 11 10 9 7 6 4 3 3 3 2 5 5 3 1 5 7 9 16 13 6 3 9 36 26 20 9 6 3 3 2 2 1 1 1 0 0 0 0 0 0 0 0 0 0 1 2 4 5 8 14 27 16 10 19 35 45 46 51 67 52 37 39 58 53 61 60 31 19 12
46 42 41 45 44 36 30 32 33 32 33 39 42 39 38 54 43 28 7 10 3 1 3 5 5 5 5 5 7 7 6 4 3 3 3 3 2 4 2 2 1 3 6 12 34 21 9 3 16 24 14 16 11 4 1 1 1 1 1 1 0 0 0 0 0 0 0 0 0 0 1 1 1 4 9 12 17 22 14 11 6 12 25 24 47 56 66 47 68 61 64 47 39 50 39 47
53 48 58 46 54 42 42 39 55 40 43 48 61 59 56 67 52 29 14 23 21 7 1 1 1 1 1 1 1 3 2 4 4 2 1 2 1 2 2 1 0 2 8 8 18 18 6 3 21 12 15 8 3 2 1 1 1 1 1 0 0 0 0 0 0 0 0 0 0 0 1 1 2 5 13 15 16 31 28 37 28 20 14 28 52 54 53 64 48 38 15 10 14 13 17 69
30 53 53 51 51 45 44 47 58 43 43 52 59 52 69 69 56 46 31 44 29 12 9 5 6 4 3 2 2 2 2 2 2 2 1 2 1 1 1 1 2 3 6 5 6 12 8 10 21 8 4 2 1 2 1 0 0 0 0 0 0 0 0 0 0 0 0 0 0 1 1 1 2 7 15 15 10 16 19 39 50 36 32 39 66 26 25 50 31 16 11 31 48 55 71 75
50 50 56 41 28 47 49 36 73 43 41 40 53 65 55 64 61 63 51 36 33 14 19 17 17 9 15 14 12 10 4 2 2 1 1 1 1 1 0 1 2 2 2 3 6 14 16 9 12 17 11 6 2 1 1 0 0 0 0 0 0 0 0 0 0 0 0 0 0 1 2 3 2 2 4 4 9 10 31 53 44 43 50 48 26 28 45 25 32 31 22 47 67 77 86 74
48 68 60 38 41 62 48 32 64 38 39 44 39 43 45 57 72 55 55 42 24 29 28 27 23 24 23 31 29 23 13 3 2 1 1 1 1 1 1 1 2 1 1 2 4 7 25 26 52 41 24 6 4 2 1 0 0 0 0 0 0 0 0 0 0 0 0 0 0 1 1 2 2 2 3 5 16 15 28 52 71 73 61 15 14 42 35 27 33 27 40 73 67 60 53 50
61 30 34 24 48 61 44 27 63 38 49 47 57 45 47 59 56 49 64 49 42 38 37 34 34 32 44 59 40 25 16 5 3 2 1 1 1 0 1 2 1 1 1 1 1 6 4 23 20 7 6 13 6 5 2 1 0 0 0 0 0 0 0 0 0 0 0 0 0 0 1 1 1 2 4 8 20 21 21 48 66 53 49 21 35 33 21 34 25 25 64 44 37 50 48 51
45 35 28 32 61 47 26 22 58 34 44 42 59 39 59 52 46 63 65 51 48 59 40 53 51 54 47 25 22 14 8 4 2 1 1 0 0 0 1 3 0 2 3 2 1 2 12 13 10 2 1 4 1 3 2 1 1 0 0 0 0 0 0 0 0 0 0 0 0 0 0 1 1 1 2 6 13 9 22 29 38 22 9 15 43 24 27 30 44 65 38 40 50 57 56 45
19 23 22 27 45 40 22 32 46 40 54 46 37 47 64 48 42 60 61 49 49 61 57 53 66 37 45 39 18 7 4 3 2 2 1 0 0 0 0 1 2 1 2 1 2 1 1 1 7 3 1 3 1 2 1 1 1 0 0 0 0 0 0 0 0 0 0 0 0 0 0 0 0 0 1 3 1 2 22 25 19 6 9 16 22 48 40 44 66 78 26 40 52 47 47 47
12 11 16 22 23 17 31 59 23 40 37 63 32 47 64 27 54 60 61 60 59 60 43 59 47 44 53 37 31 21 9 3 2 1 1 0 0 0 0 1 0 0 2 1 0 0 2 2 4 3 1 1 4 1 1 1 0 0 0 0 0 0 0 0 0 0 0 0 0 0 0 0 0 0 0 1 1 3 4 2 12 18 16 13 16 25 14 22 56 31 42 56 50 41 30 42
15 60 48 12 13 47 47 42 75 37 64 58 41 55 55 52 57 56 71 76 73 53 29 22 32 45 50 27 42 33 26 7 2 1 1 0 0 0 1 1 0 1 1 1 0 0 0 0 1 2 0 2 3 1 0 0 0 0 0 0 0 0 0 0 0 0 0 0 0 0 0 0 0 0 0 0 1 1 1 3 12 11 23 6 10 14 25 56 51 32 66 63 66 53 29 34
5 19 33 19 37 11 34 10 28 33 39 56 66 34 63 80 75 80 77 48 43 44 23 22 15 21 20 22 30 35 23 13 2 1 0 0 0 0 0 1 1 3 1 1 0 0 0 0 0 2 0 0 0 0 0 0 0 0 0 0 0 0 0 0 0 0 0 0 0 0 0 0 0 0 0 0 0 1 1 2 1 2 6 18 21 41 68 77 63 42 48 37 28 55 37 30
6 5 20 19 62 43 23 42 29 56 22 10 60 45 37 72 63 67 80 51 39 59 48 41 41 29 24 17 18 14 12 15 7 2 0 0 0 0 0 0 0 0 0 0 0 0 0 1 1 2 0 0 0 0 0 0 0 0 0 0 0 0 0 0 0 0 0 0 0 0 0 0 0 0 0 0 0 0 0 0 2 2 3 7 22 74 58 52 47 69 40 36 26 38 27 23
31 12 8 11 62 64 54 62 30 29 24 16 78 40 34 50 32 35 67 78 57 46 66 52 59 67 54 49 27 22 15 17 7 1 1 0 0 0 0 0 0 0 0 1 0 0 1 1 1 0 0 1 1 0 0 0 0 0 0 0 0 0 0 0 0 0 0 0 0 0 0 0 0 0 0 0 0 1 1 3 4 7 5 6 50 43 22 19 62 63 36 25 13 14 9 9
8 26 17 15 12 39 54 18 50 30 24 17 65 57 28 24 49 37 66 77 79 60 67 74 72 59 36 40 18 9 21 19 8 1 1 0 0 0 0 0 1 1 0 0 0 0 1 1 1 0 0 0 1 0 0 0 0 0 0 0 0 0 0 0 0 0 0 0 0 0 0 0 0 0 0 0 1 2 2 4 6 7 10 28 41 19 3 16 47 40 29 16 14 11 10 10
22 46 48 26 17 38 44 51 47 24 25 14 42 68 33 38 39 28 28 78 67 62 65 55 40 31 48 24 21 14 10 5 3 1 1 0 0 0 0 0 0 0 0 0 1 0 1 1 2 2 1 1 0 1 1 0 0 0 0 0 0 0 0 0 0 0 0 0 0 0 0 1 1 0 0 0 2 1 1 1 5 17 21 28 34 13 8 44 22 12 15 9 6 7 7 13
37 29 67 23 27 31 45 50 44 20 40 27 42 84 40 29 25 14 22 64 60 74 66 52 45 31 33 45 38 12 8 6 3 2 1 0 0 0 0 0 0 0 0 0 0 0 1 2 2 2 0 0 0 1 0 0 0 0 0 0 0 0 0 0 0 0 0 0 0 0 0 0 0 0 0 1 1 1 2 4 16 15 8 6 2 5 37 28 17 9 11 9 3 8 9 13
31 36 58 71 42 27 36 37 47 33 27 36 41 68 71 50 34 22 12 13 55 77 77 69 53 52 37 42 34 18 10 4 2 1 1 1 0 0 0 0 0 0 0 0 0 1 1 0 0 1 1 1 0 0 0 0 0 0 0 0 0 0 0 0 0 0 0 0 0 0 0 0 0 0 0 1 3 3 4 2 6 3 1 1 3 14 19 15 6 4 3 3 5 6 9 14
28 23 25 64 53 28 21 33 57 70 28 29 36 59 79 52 24 20 11 7 20 41 76 73 56 46 32 28 19 31 23 12 6 6 3 2 1 0 0 0 0 0 0 0 1 2 1 1 0 0 0 0 1 0 0 0 0 0 0 0 0 0 0 0 0 0 0 0 0 0 0 0 1 1 1 1 1 1 5 6 3 1 0 1 4 7 5 6 4 2 2 4 5 6 6 10
19 29 23 39 45 39 27 41 54 52 42 24 34 32 60 65 56 20 11 5 13 67 77 70 79 64 57 48 37 48 42 27 16 18 5 1 1 0 0 0 0 0 0 0 0 0 1 0 0 0 0 0 1 1 0 0 0 0 0 0 0 0 0 0 0 0 0 0 0 0 0 1 0 1 2 2 0 0 1 1 0 0 0 1 3 3 2 1 1 2 2 3 4 6 9 7
21 23 20 35 31 29 31 35 36 50 45 55 24 57 61 54 42 39 19 5 21 76 64 67 83 90 85 57 57 48 47 38 23 14 8 2 0 0 0 0 0 0 0 0 0 0 0 0 0 0 0 0 0 0 0 0 0 0 0 0 0 0 0 0 0 0 0 0 0 0 0 0 0 1 2 1 0 0 1 0 0 0 1 1 1 1 0 0 1 1 2 3 4 5 5 17
19 17 30 28 34 37 46 44 36 41 60 58 23 18 49 38 36 50 33 9 25 30 23 39 83 76 70 47 49 14 32 36 34 19 7 3 2 1 0 0 0 0 0 0 0 0 0 0 0 0 0 0 0 0 0 0 0 0 0 0 0 0 0 0 0 0 0 0 0 0 0 0 0 0 0 0 0 0 0 0 0 0 1 0 0 0 0 0 1 1 2 3 2 3 6 12
14 23 20 11 26 33 49 40 41 46 44 42 32 9 21 37 44 53 39 9 21 19 18 13 62 85 80 41 25 16 14 29 25 18 11 6 3 1 1 0 0 0 0 0 0 0 0 0 0 0 0 0 0 0 0 0 0 0 0 0 0 0 0 0 0 0 0 0 0 0 0 0 0 0 0 0 0 0 0 0 0 0 0 0 0 0 0 0 1 1 2 4 3 5 14 9
26 19 20 21 27 38 33 42 46 44 41 42 41 13 15 29 30 35 24 12 17 26 19 21 52 39 45 19 28 37 16 34 23 25 18 10 3 1 1 0 0 0 0 0 0 0 0 0 0 0 0 0 0 0 0 0 0 0 0 0 0 0 0 0 0 0 0 0 0 0 0 0 0 0 0 0 0 0 0 0 0 0 0 0 0 0 0 0 1 1 1 2 1 2 2 5
48 40 27 24 29 19 24 28 37 24 33 34 25 30 12 23 22 22 20 17 25 15 24 35 28 32 29 16 13 23 31 35 33 21 10 8 4 2 1 0 0 0 0 0 0 0 0 0 0 0 0 0 0 0 0 0 0 0 0 0 0 0 0 0 0 0 0 0 0 0 0 0 0 0 0 0 0 0 0 0 0 0 0 0 0 0 0 0 1 0 1 2 1 1 1 12
60 61 36 32 20 17 11 14 21 17 18 16 15 18 23 15 16 14 9 16 15 4 13 20 15 24 34 15 13 7 11 33 55 30 12 10 3 2 1 0 0 0 0 0 0 0 0 0 0 0 0 0 0 0 0 0 0 0 0 0 0 0 0 0 0 0 0 0 0 0 0 0 0 0 0 0 0 0 0 0 0 0 0 0 0 0 0 1 1 1 1 0 1 1 2 2
48 52 39 38 39 36 19 14 8 13 12 11 11 9 12 15 10 9 8 10 11 4 3 9 11 32 41 22 10 5 5 14 14 20 17 8 3 1 1 0 0 0 0 0 0 0 0 0 0 0 0 0 0 0 0 0 0 0 0 0 0 0 0 0 0 0 0 0 0 0 0 0 0 0 0 0 0 0 0 0 0 0 0 0 0 0 0 0 1 1 2 2 3 4 2 2
29 41 46 48 50 44 38 34 15 6 5 4 4 7 7 10 20 11 15 6 4 5 1 2 7 22 27 24 6 4 4 10 8 5 18 11 3 2 1 0 0 0 0 0 0 0 0 0 0 0 0 0 0 0 0 0 0 0 0 0 0 0 0 0 0 0 0 0 0 0 0 0 0 0 0 0 0 0 0 0 0 0 0 0 0 0 0 0 1 1 1 1 1 1 2 3
46 50 57 57 58 55 49 43 43 22 7 5 3 2 2 3 3 3 4 3 4 3 1 1 7 15 15 12 8 3 5 6 8 6 6 9 5 2 1 0 0 0 0 0 0 0 0 0 0 0 0 0 0 0 0 0 0 0 0 0 0 0 0 0 0 0 0 0 0 0 0 0 0 0 0 0 0 0 0 0 0 0 0 0 0 0 0 0 0 1 1 1 1 1 2 4
55 62 54 56 56 68 72 53 44 26 33 12 19 14 6 1 1 2 2 2 1 2 1 2 4 9 10 8 7 2 3 3 4 5 4 6 11 2 0 0 0 0 0 0 0 0 0 0 0 0 0 0 0 0 0 0 0 0 0 0 0 0 0 0 0 0 0 0 0 0 0 0 0 0 0 0 0 0 0 0 0 0 0 0 0 0 0 0 0 0 0 1 1 1 2 2
54 48 50 50 70 72 59 53 49 46 44 50 28 15 5 2 1 1 1 0 1 1 1 2 4 5 5 4 3 2 1 2 2 4 2 3 10 2 1 0 0 0 0 0 0 0 0 0 0 0 0 0 0 0 0 0 0 0 0 0 0 0 0 0 0 0 0 0 0 0 0 0 0 0 0 0 0 0 0 0 0 0 0 0 0 0 0 0 0 0 0 0 1 1 2 1
26 48 43 58 46 53 59 55 71 78 67 55 27 17 10 4 2 1 1 0 0 0 1 2 1 2 2 1 1 1 1 1 1 1 1 2 4 2 1 0 0 0 0 0 0 0 0 0 0 0 0 0 0 0 0 0 0 0 0 0 0 0 0 0 0 0 0 0 0 0 0 0 0 0 0 0 0 0 0 0 0 0 0 0 0 0 0 0 0 0 0 0 1 1 1 1
20 35 49 57 76 69 76 56 58 57 46 45 36 23 16 5 3 2 1 0 0 0 0 1 1 0 1 1 1 0 0 0 1 1 1 1 1 3 1 0 0 0 0 0 0 0 0 0 0 0 0 0 0 0 0 0 0 0 0 0 0 0 0 0 0 0 0 0 0 0 0 0 0 0 0 0 0 0 0 0 0 0 0 0 0 0 0 0 0 0 0 0 1 1 1 1
66 42 42 26 23 37 44 33 42 37 21 25 25 14 8 4 3 1 1 0 0 0 0 0 0 0 1 0 0 0 0 0 0 1 1 1 1 3 1 0 0 0 0 0 0 0 0 0 0 0 0 0 0 0 0 0 0 0 0 0 0 0 0 0 0 0 0 0 0 0 0 0 0 0 0 0 0 0 0 0 0 0 0 0 0 0 0 0 0 0 0 0 0 1 1 1
32 32 46 57 50 59 66 57 61 56 51 52 29 20 9 4 2 1 1 0 0 0 0 0 0 0 0 0 0 0 0 0 0 0 0 0 0 0 1 0 0 0 0 0 0 0 0 0 0 0 0 0 0 0 0 0 0 0 0 0 0 0 0 0 0 0 0 0 0 0 0 0 0 0 0 0 0 0 0 0 0 0 0 0 0 0 0 0 0 0 0 0 0 0 1 1
26 44 55 48 72 80 77 54 66 58 48 40 26 17 10 4 3 1 1 0 0 0 0 0 0 0 0 0 0 0 0 0 0 0 0 0 0 1 0 0 0 0 0 0 0 0 0 0 0 0 0 0 0 0 0 0 0 0 0 0 0 0 0 0 0 0 0 0 0 0 0 0 0 0 0 0 0 0 0 0 0 0 0 0 0 0 0 0 0 0 0 0 0 0 0 1
7 20 23 32 56 67 68 51 72 69 62 41 28 17 10 4 2 1 1 0 0 0 0 0 0 0 0 0 0 0 0 0 0 0 0 0 1 1 1 0 0 0 0 0 0 0 0 0 0 0 0 0 0 0 0 0 0 0 0 0 0 0 0 0 0 0 0 0 0 0 0 0 0 0 0 0 0 0 0 0 0 1 0 0 0 0 0 0 0 0 0 0 0 0 0 0
19 11 14 39 35 37 44 45 48 48 51 34 28 11 6 4 2 1 1 0 0 0 0 0 0 0 0 0 0 0 0 0 0 0 0 0 0 0 0 0 0 0 0 0 0 0 0 0 0 0 0 0 0 0 0 1 0 0 0 0 0 0 0 0 0 0 0 0 0 0 0 0 0 0 0 0 0 0 0 0 0 0 0 0 0 0 0 0 0 0 0 0 0 0 0 0
16 14 13 22 44 22 17 40 18 22 17 23 22 18 9 3 5 6 2 1 0 0 0 0 0 0 0 0 0 0 0 0 0 0 0 0 0 0 0 0 0 0 0 0 0 0 0 0 0 0 0 0 1 0 0 1 0 0 0 0 0 0 0 0 0 0 0 0 0 0 0 0 0 0 0 0 0 0 0 0 0 0 1 0 1 0 0 0 0 0 0 0 0 0 0 0
13 21 32 33 30 38 29 21 32 53 44 42 35 16 10 9 20 10 3 1 1 1 0 0 0 0 0 0 0 0 0 0 0 0 0 0 0 0 0 0 0 0 0 0 0 0 0 0 0 0 0 0 0 1 1 1 0 0 0 0 0 0 0 0 0 0 0 0 0 0 0 0 0 0 0 0 0 0 0 0 0 0 1 0 0 0 0 0 0 0 0 0 0 0 0 0
7 18 29 33 51 56 60 53 51 55 48 43 40 35 34 43 31 18 5 2 1 0 0 0 0 0 0 0 0 0 0 0 0 0 0 0 0 0 0 0 0 0 0 0 0 0 0 0 0 1 0 0 0 1 2 0 0 0 0 0 0 0 0 0 0 0 0 0 0 0 0 0 0 0 0 0 0 0 0 0 0 0 0 1 1 1 0 0 0 0 0 0 0 0 0 0
4 7 22 34 58 54 50 53 65 55 52 63 67 60 62 49 27 18 7 2 1 1 1 1 0 0 0 0 0 0 0 0 0 0 0 0 0 0 0 0 0 0 0 0 0 0 0 0 0 1 1 1 0 1 1 1 1 0 0 0 0 0 0 0 0 0 0 0 0 0 0 0 0 0 0 0 0 0 0 0 0 0 0 0 1 1 0 0 0 0 0 0 0 0 0 0
4 4 13 28 36 59 66 71 67 73 73 70 41 28 28 22 18 8 8 4 2 3 2 1 1 1 1 0 0 0 0 0 0 0 0 0 0 0 0 0 0 0 0 0 0 0 0 1 1 1 1 1 2 3 1 0 0 0 0 0 0 0 0 0 0 0 0 0 0 0 0 0 0 0 0 0 0 0 0 0 0 0 0 0 1 1 1 0 0 0 0 0 0 0 0 0
3 4 12 34 45 44 36 69 74 85 73 72 41 36 26 12 7 8 6 11 6 5 4 2 2 2 1 1 0 0 0 0 0 0 0 0 0 0 0 0 0 0 0 0 0 1 1 2 1 1 1 1 2 3 1 0 0 0 0 0 0 0 0 0 0 0 0 0 0 0 0 0 0 0 0 0 0 0 0 0 0 0 0 0 1 0 0 0 0 0 0 0 0 0 0 0
5 17 20 37 42 50 45 30 56 81 77 60 67 46 39 14 10 10 11 11 9 10 5 6 4 3 2 2 1 0 0 0 0 0 0 0 0 0 0 0 0 0 0 0 0 0 0 1 3 3 2 2 5 2 1 1 0 0 0 0 0 0 0 0 0 0 0 0 0 0 0 0 0 0 0 0 1 1 0 0 0 0 0 1 1 0 0 0 0 0 0 0 0 0 0 0
28 2 7 12 32 39 32 42 30 48 71 57 40 40 16 12 9 15 19 24 21 16 12 9 6 4 3 2 1 1 0 0 0 0 0 0 0 0 0 0 0 0 0 0 0 0 0 1 1 4 5 6 3 2 1 1 0 0 0 0 0 0 0 0 0 0 0 0 0 0 0 0 0 0 0 0 0 0 1 1 1 0 1 1 1 0 0 0 0 0 0 0 0 0 0 0
3 5 8 16 25 20 27 32 38 17 32 22 10 6 8 12 21 28 26 35 29 26 18 13 8 4 2 1 1 1 1 0 0 0 0 0 0 0 0 0 0 0 0 0 0 0 1 1 1 2 4 4 1 1 1 1 0 0 0 0 0 0 0 0 0 0 0 0 0 0 0 0 0 0 0 0 0 0 0 0 1 1 1 1 1 0 0 0 0 0 0 0 0 0 0 0
2 17 10 11 21 27 50 50 41 47 29 15 20 19 18 29 37 37 50 39 41 33 20 13 9 3 2 2 1 1 0 0 0 0 0 0 0 0 0 0 0 0 0 0 0 0 1 1 2 2 4 5 3 4 2 0 0 0 0 0 0 0 0 0 0 0 0 0 0 0 0 0 0 0 0 0 0 0 0 1 1 2 2 1 1 0 0 0 0 0 0 0 0 0 0 0
3 21 5 8 21 46 53 49 43 44 40 32 39 35 34 41 54 67 66 52 41 33 25 9 6 4 3 2 1 1 1 0 0 0 0 0 0 0 0 0 0 0 0 0 0 0 0 0 1 1 2 5 5 4 1 1 0 0 0 0 0 0 0 0 0 0 0 0 0 0 0 0 0 0 0 0 0 0 0 0 1 1 3 1 1 0 0 0 0 0 0 0 0 0 0 0
3 11 57 25 25 27 41 40 28 36 39 49 48 33 49 66 74 73 69 58 58 40 22 16 14 6 6 4 2 1 1 0 0 0 0 0 0 0 0 0 0 0 0 0 0 0 0 0 1 1 1 2 7 4 2 1 1 0 0 0 0 0 0 0 0 0 0 0 0 0 0 0 0 0 0 0 0 0 0 0 0 1 1 2 1 0 0 0 0 0 0 0 0 0 0 0
10 11 24 28 10 19 32 24 30 54 58 65 58 52 57 81 66 67 63 29 24 39 28 31 22 14 9 3 2 1 0 0 0 0 0 0 0 0 0 0 0 0 0 0 1 1 1 1 1 2 1 2 9 7 3 3 1 1 0 0 0 0 0 0 0 0 0 0 0 0 0 0 0 0 0 0 0 0 0 0 1 1 2 5 2 1 1 0 0 0 0 0 0 0 0 0
7 7 6 38 11 11 17 29 50 53 56 71 44 56 83 77 80 57 41 41 57 42 34 36 22 15 6 4 2 1 1 0 0 0 0 0 0 0 0 0 0 0 0 0 1 1 1 2 2 3 4 9 5 4 1 1 1 1 0 0 0 0 0 0 0 0 0 0 0 0 0 0 0 0 0 0 0 0 0 0 1 1 3 7 3 1 1 0 0 0 0 0 0 0 0 0
20 13 9 40 34 18 21 41 43 46 64 66 53 70 60 54 70 61 45 36 39 35 33 21 15 10 7 5 2 1 1 0 0 0 0 0 0 0 0 0 0 0 0 1 1 1 2 5 6 7 14 23 4 3 1 1 1 1 1 0 0 0 0 0 0 0 0 0 0 0 0 0 0 0 0 0 0 0 0 1 1 1 2 8 3 1 1 1 0 0 0 0 0 0 0 0
23 20 19 22 56 33 32 33 50 60 57 30 34 62 50 49 40 32 20 18 47 34 17 18 9 6 4 2 2 1 1 0 0 0 0 0 0 0 0 0 1 1 0 1 1 1 2 2 2 10 16 17 6 6 3 3 1 1 1 1 0 0 0 0 0 0 0 0 0 0 0 0 0 0 0 0 0 0 0 1 2 2 5 10 3 1 1 0 1 0 0 0 0 0 0 0
31 28 23 17 45 39 64 56 79 78 61 39 21 27 37 30 29 49 54 61 33 27 17 27 17 9 4 2 2 1 0 0 0 0 0 0 0 0 0 1 1 2 1 1 1 1 2 2 1 1 4 20 7 5 9 6 3 1 1 0 0 0 0 0 0 0 0 0 0 0 0 0 0 1 1 0 0 0 0 1 1 1 6 14 8 2 1 1 1 0 0 0 0 0 0 0
31 32 12 30 54 24 75 33 63 71 77 76 56 43 42 49 67 68 65 49 37 34 25 25 15 9 4 2 2 1 0 0 0 0 0 0 0 0 1 1 1 1 1 3 3 5 7 6 3 3 7 28 19 15 9 4 2 1 1 1 0 0 0 0 0 0 0 0 0 0 0 1 0 1 2 1 0 0 1 1 1 2 2 13 14 6 2 1 1 0 0 0 0 0 0 0
23 25 31 58 60 30 54 74 37 64 77 84 72 45 56 56 65 64 68 62 45 39 20 17 10 5 3 2 2 1 0 0 0 0 0 0 0 0 0 0 0 0 0 1 0 0 3 9 14 11 18 33 30 23 8 9 5 1 1 0 0 0 0 0 0 0 0 0 0 0 0 0 1 1 3 1 0 0 1 1 2 2 3 8 20 10 5 2 2 1 1 0 0 0 0 0
44 40 33 31 69 36 19 63 67 49 63 75 78 83 71 71 65 46 43 61 51 45 34 28 14 5 3 3 1 0 0 0 0 0 0 0 0 0 0 0 0 1 1 0 0 1 2 6 10 22 34 47 47 22 13 10 6 2 1 1 1 1 1 0 0 1 0 0 1 1 0 0 0 1 5 3 1 0 1 1 2 3 4 7 20 28 14 5 1 1 0 0 0 0 0 0
69 46 24 30 56 46 37 18 18 20 60 76 83 78 91 91 86 67 60 63 50 37 25 29 15 6 3 3 1 0 0 0 0 0 0 0 0 1 0 0 1 1 1 1 1 2 3 2 8 10 18 33 41 28 21 16 7 3 3 2 1 1 1 0 1 1 0 1 1 1 1 1 0 1 3 8 2 1 1 1 1 4 5 10 15 24 13 3 1 0 0 0 0 0 0 0
75 58 22 45 56 22 38 47 39 32 28 78 79 72 79 71 55 60 40 62 65 26 10 7 8 7 4 2 1 0 0 0 0 0 0 0 0 0 1 1 1 2 2 2 4 5 4 3 4 8 13 20 33 41 30 19 19 12 9 1 1 1 1 1 1 1 1 1 2 2 1 1 1 1 3 13 4 3 3 3 3 7 11 19 18 12 3 2 1 0 0 0 0 0 0 1
67 52 44 54 58 21 31 34 45 31 18 56 75 74 65 72 61 58 53 31 69 52 15 8 2 2 3 1 0 0 0 0 0 0 0 0 0 0 0 1 1 2 1 2 1 1 1 1 3 6 19 25 39 46 44 29 26 20 8 4 3 2 2 1 2 3 2 2 6 6 3 4 4 5 6 10 12 5 5 6 8 16 19 44 27 8 5 3 1 1 0 0 0 0 0 1
69 20 35 49 56 32 22 47 38 42 32 15 49 71 70 67 73 40 63 17 39 62 42 21 6 3 2 1 0 0 0 0 0 0 0 0 0 0 0 0 0 0 0 0 0 0 0 1 4 10 15 20 33 43 53 38 35 22 13 16 5 3 1 2 4 7 5 6 8 16 10 10 11 9 9 10 25 8 7 9 22 24 40 20 12 6 3 1 1 0 0 0 0 0 0 1
51 12 34 50 59 59 49 48 61 54 41 26 15 52 58 72 77 76 18 52 14 43 31 14 12 4 2 0 0 0 0 0 0 0 0 0 0 0 0 0 0 0 0 0 0 0 0 1 4 7 14 17 24 40 42 71 52 27 28 24 7 13 3 5 4 18 18 14 16 22 17 20 11 11 11 18 11 7 17 14 27 47 37 14 9 3 2 1 0 0 0 1 1 1 0 0
52 22 51 60 67 63 36 55 81 68 55 41 34 15 32 47 65 72 52 64 10 20 42 11 5 6 2 0 0 0 0 0 0 0 0 0 0 0 0 0 0 0 0 0 0 0 0 1 1 3 6 19 17 23 28 49 56 43 33 18 23 17 8 13 8 14 26 27 19 22 32 33 22 15 14 35 5 12 14 26 31 39 21 16 13 3 2 1 0 0 0 2 1 0 0 0
60 44 63 77 74 67 40 26 73 78 82 55 49 22 10 23 33 73 52 41 23 7 10 21 5 1 1 0 0 0 0 0 0 0 0 0 0 0 0 0 0 0 0 0 0 0 0 0 0 2 3 6 10 13 28 39 62 48 39 39 32 27 15 20 9 11 26 42 27 41 38 38 27 24 18 42 10 14 25 46 56 32 14 14 6 4 1 1 0 1 2 1 1 0 0 0
36 54 67 80 83 62 39 31 50 76 81 78 49 24 14 4 15 50 31 18 19 3 1 5 5 2 0 0 0 0 0 0 0 0 0 0 0 0 0 0 0 0 0 0 0 0 0 1 1 1 2 2 5 10 25 30 56 46 52 46 59 42 27 27 15 15 25 52 37 25 29 40 28 35 24 31 20 19 30 59 26 12 10 10 6 2 1 1 1 3 5 1 1 0 0 0
39 58 69 82 82 74 58 37 29 55 62 69 50 34 12 3 2 28 12 1 4 8 1 1 2 2 0 0 0 0 0 0 0 0 0 0 0 0 0 0 0 0 0 0 0 1 1 3 1 2 5 6 13 33 38 36 36 64 79 76 59 41 33 18 11 30 40 58 54 28 34 40 37 43 44 23 24 26 46 52 25 18 15 7 2 1 1 4 8 5 1 1 1 0 0 0
16 48 70 81 83 78 61 34 17 10 12 23 27 20 13 6 2 11 18 2 1 4 2 1 0 1 0 0 0 0 0 0 0 0 0 0 1 0 0 0 0 0 0 1 1 1 1 6 6 5 10 14 27 36 42 29 58 42 41 68 75 55 32 13 18 37 45 53 58 44 44 57 29 43 62 33 27 47 65 35 14 19 9 4 2 3 12 8 7 2 1 1 0 0 0 0
9 63 80 78 90 86 59 29 40 39 41 23 21 13 5 1 1 3 10 6 1 1 2 0 0 0 0 0 0 0 0 0 0 0 0 0 0 0 0 0 1 0 0 1 2 6 4 6 14 22 26 28 41 35 43 54 53 37 49 63 59 50 49 33 40 42 46 39 61 32 46 66 39 44 63 51 33 28 23 70 58 16 13 12 6 14 6 2 2 1 2 1 0 0 0 0
20 65 82 88 90 90 91 77 61 54 48 29 17 9 4 1 0 1 3 5 1 0 1 0 0 0 0 0 0 0 0 0 0 0 0 0 0 0 0 0 1 0 0 1 3 15 22 20 23 53 47 46 36 49 58 28 15 21 32 55 55 42 62 43 47 43 51 39 70 27 54 62 52 23 39 39 35 25 28 74 46 14 14 33 26 11 4 2 1 1 1 0 0 0 0 0
