sesion_6_simulaciones/modelos_agentes/ejemplos_netlogo/scenarios/echam4_a2/rob_2026.asc
NCOLS 322 
NROWS 307 
XLLCORNER 451900 
YLLCORNER 4086900 
CELLSIZE 100 
NODATA_value -9999 
[rows 74 to 147 of 307, columns 96 to 191 of 322]
30 63 42 24 23 26 25 53 24 26 20 65 37 73 68 53 16 8 12 19 58 59 38 21 23 8 8 2 8 15 6 5 8 14 6 3 4 4 13 4 3 4 10 2 4 9 12 2 3 12 8 27 51 34 31 15 24 32 50 33 28 78 69 53 59 62 40 54 65 66 56 67 52 67 41 42 56 64 45 40 23 44 58 47 27 11 12 13 8 9 7 6 5 2 0 0
35 39 33 24 16 22 30 43 25 39 44 34 19 29 38 61 40 46 57 71 90 64 63 44 18 24 7 5 10 3 8 48 18 17 21 14 5 3 4 2 5 18 23 13 30 17 15 34 45 8 10 6 13 36 12 15 29 47 35 20 44 47 71 56 60 43 39 50 64 71 44 79 48 57 49 33 57 32 24 51 51 43 19 19 25 23 18 15 22 18 23 23 10 6 2 1
46 31 26 26 18 32 18 47 23 44 52 20 26 49 40 34 44 69 52 72 79 82 78 71 27 17 12 5 9 12 34 48 34 22 23 22 22 6 10 14 6 5 8 4 7 27 9 24 20 21 6 4 11 9 14 18 27 45 25 31 31 19 55 56 57 37 56 46 78 60 34 66 59 52 60 54 31 19 74 47 33 32 50 35 51 52 44 52 53 33 33 27 16 8 5 3
49 18 37 32 23 20 24 35 29 32 70 33 34 32 36 48 70 44 68 66 83 86 65 53 59 10 9 13 25 22 39 16 31 15 30 7 37 20 10 20 6 4 3 2 8 12 34 36 20 42 34 21 16 3 6 9 28 14 16 11 27 14 48 41 41 25 51 53 59 31 27 34 61 29 55 32 31 37 63 37 49 45 41 58 73 67 72 51 47 52 28 29 15 10 7 5
46 27 35 34 42 20 27 32 13 50 69 59 41 28 47 45 52 65 80 54 53 64 71 79 40 29 37 48 62 36 34 20 28 29 6 13 18 23 19 22 19 4 3 6 13 18 37 38 17 58 51 35 43 27 24 8 9 8 14 10 16 14 8 22 14 21 26 39 31 17 22 23 56 41 23 11 41 50 40 39 60 76 83 75 77 75 48 55 57 33 32 17 12 14 11 19
59 61 22 54 59 34 13 34 14 33 29 62 47 36 39 9 46 83 53 59 58 39 65 75 44 31 72 75 71 65 70 36 9 9 11 35 39 10 15 19 27 5 5 13 16 17 29 69 64 57 52 51 59 22 49 39 33 10 6 3 12 18 7 9 11 19 17 25 9 8 22 33 33 28 63 55 24 22 52 68 71 73 70 70 59 70 67 76 51 32 27 18 15 23 39 20
80 84 63 59 23 19 14 13 13 41 20 12 46 58 16 37 75 50 37 35 50 25 15 56 64 70 75 67 74 60 82 73 30 30 36 55 28 24 5 14 36 19 8 14 26 49 25 24 66 44 53 76 61 49 64 33 39 56 41 38 40 10 36 16 10 4 16 23 25 39 26 4 6 9 17 52 59 70 42 72 70 53 75 61 56 57 69 73 56 46 41 27 55 49 16 13
61 57 69 18 13 14 23 18 15 23 24 5 13 25 32 44 24 56 57 45 38 49 13 22 62 77 73 48 41 60 50 37 60 54 49 48 60 53 18 16 46 37 9 12 35 30 18 12 34 19 63 73 51 84 69 41 67 37 25 30 53 18 32 40 29 15 31 34 56 23 34 13 11 13 22 13 24 64 64 69 47 61 76 67 48 58 78 65 58 51 49 54 66 45 18 36
70 70 58 27 27 29 35 25 12 18 29 4 16 30 36 24 23 71 51 36 43 73 44 41 66 92 65 19 44 47 34 37 14 21 79 57 30 28 20 37 58 52 23 15 26 22 20 26 26 51 52 80 81 85 66 64 66 47 60 41 57 39 38 34 30 36 18 23 51 26 55 67 49 35 23 27 25 17 50 77 84 51 68 63 44 78 62 46 57 70 56 72 49 40 29 60
27 44 65 61 10 10 29 29 39 23 20 7 24 53 37 13 21 81 34 53 45 44 32 68 48 57 35 47 59 47 36 36 21 55 87 69 50 25 19 51 33 16 30 12 19 13 17 22 24 34 30 70 69 85 68 66 79 50 68 65 55 57 33 31 35 22 54 24 44 57 71 72 53 30 37 20 20 30 20 70 66 64 36 63 76 40 49 52 64 54 59 47 32 41 41 80
14 20 28 38 48 10 21 13 11 35 31 13 22 45 37 22 32 77 47 47 28 20 72 73 66 56 29 62 61 47 24 14 60 90 87 84 78 40 49 54 45 10 27 19 24 33 28 20 27 10 7 34 76 87 62 69 60 63 83 75 58 42 28 18 57 30 68 49 39 59 74 70 32 23 33 32 37 36 27 32 68 81 76 53 30 63 73 73 62 72 30 48 46 64 45 76
9 15 26 17 36 39 27 26 13 24 42 11 24 53 33 43 35 49 56 68 64 20 42 51 80 70 65 67 68 72 46 80 89 80 77 87 82 47 39 60 38 15 30 24 26 34 33 22 27 18 23 38 77 81 58 49 54 84 82 80 53 25 42 51 70 53 80 70 58 38 75 58 63 51 46 38 35 41 31 28 41 75 65 77 74 44 70 33 70 38 35 60 46 78 47 61
8 5 3 3 10 25 10 5 10 17 22 13 34 57 37 14 31 27 50 63 73 64 30 38 41 46 73 86 61 60 78 86 87 73 79 78 63 78 57 62 43 65 49 56 30 43 50 52 35 34 23 42 66 89 69 49 79 69 83 73 53 40 40 50 81 60 76 70 60 40 65 54 43 18 41 27 13 33 32 21 12 59 74 67 51 84 61 57 61 57 58 69 73 78 78 45
5 3 0 1 9 9 2 5 8 14 7 20 53 44 14 8 17 22 48 53 65 85 54 30 26 37 75 75 83 43 84 71 69 71 88 83 64 78 53 63 55 88 42 72 50 45 40 27 29 27 24 17 46 81 69 76 66 78 89 66 43 45 57 72 74 58 67 65 53 19 24 32 54 50 58 35 20 33 38 44 50 14 61 69 64 76 84 86 92 74 86 87 75 43 79 33
8 7 2 1 8 5 3 7 10 7 11 21 34 39 12 5 40 35 29 35 44 60 73 70 52 36 57 68 81 79 75 86 83 56 58 47 51 75 33 47 89 77 59 45 31 50 34 43 50 54 53 26 32 61 58 67 69 81 82 66 60 72 71 75 78 43 62 68 53 26 24 44 61 56 40 69 31 23 35 41 47 31 21 60 66 85 78 53 54 67 67 82 75 44 56 67
10 4 3 1 3 2 2 13 7 6 5 12 52 25 8 4 31 18 30 40 42 57 65 63 66 42 47 25 45 73 62 69 73 65 65 63 48 39 53 86 52 73 40 25 36 64 50 53 58 60 47 44 27 31 29 51 66 71 81 61 49 61 61 84 79 53 60 76 34 13 15 38 35 48 82 66 36 38 18 48 37 52 49 19 55 78 77 74 74 67 50 47 63 40 25 45
5 5 2 1 1 1 1 7 7 3 13 28 45 42 8 4 15 4 18 54 53 55 24 35 61 47 48 37 65 89 82 77 53 67 51 33 40 32 65 44 42 42 22 55 80 61 56 58 45 34 32 31 26 24 10 15 46 64 79 48 67 63 84 88 87 53 77 63 52 29 18 30 54 71 89 43 36 69 30 42 41 48 58 40 18 62 67 51 33 47 43 41 32 44 42 39
12 8 4 2 1 1 1 1 5 6 9 34 20 13 20 7 20 4 2 13 17 47 27 27 27 16 35 53 78 87 65 72 77 72 65 39 21 35 75 24 53 57 68 77 79 58 75 37 27 35 63 59 66 62 55 24 9 7 37 47 51 67 80 87 87 60 90 66 65 53 29 32 52 87 72 33 64 62 34 29 50 56 56 46 35 12 31 52 43 44 27 40 61 67 53 50
5 4 2 1 1 1 0 0 2 7 11 16 14 5 6 3 21 7 3 20 16 21 14 22 30 27 22 52 26 54 59 57 60 52 16 29 43 46 52 28 66 66 82 69 63 46 80 71 74 57 59 55 54 36 41 15 7 7 9 33 61 83 76 85 78 53 78 73 40 32 35 55 50 72 43 55 79 64 60 70 54 59 45 43 46 32 10 18 21 28 44 55 61 63 58 46
2 2 2 2 1 1 1 0 1 2 7 12 12 9 4 2 18 5 2 9 6 9 10 17 12 28 29 36 24 8 21 26 21 16 40 46 67 78 53 52 30 66 92 62 38 78 71 61 77 59 59 47 32 38 36 42 22 10 11 54 77 73 85 87 84 80 76 82 67 28 44 36 42 21 32 73 68 35 56 38 46 45 42 40 47 35 41 18 7 29 48 65 72 63 58 32
4 2 4 7 3 3 2 2 1 2 4 8 5 4 4 2 7 3 1 4 7 6 4 6 8 18 20 22 23 16 6 6 10 30 36 70 79 55 59 68 46 82 87 59 72 67 66 44 85 63 73 58 66 70 69 52 32 13 15 25 67 60 82 83 77 70 76 82 71 45 30 46 52 47 52 58 68 84 46 53 35 29 49 42 29 45 59 51 18 17 22 19 30 36 37 29
17 12 7 14 12 8 7 7 3 1 2 3 2 3 2 3 2 2 1 3 3 3 2 3 6 9 13 13 15 29 4 6 11 30 75 81 59 41 67 73 62 72 79 64 57 69 62 56 83 68 56 70 57 65 64 49 32 15 10 13 17 56 74 77 71 60 78 71 47 18 29 58 31 53 74 67 76 52 30 71 39 39 46 45 70 53 33 38 46 43 34 13 7 7 12 14
26 13 20 19 21 14 19 9 4 3 0 1 1 1 2 1 3 2 1 1 2 3 2 2 2 3 13 10 10 4 7 3 16 68 61 64 24 55 84 65 48 50 61 25 35 83 54 79 83 78 55 70 79 52 25 26 28 31 24 14 17 31 52 63 65 59 43 50 26 23 43 45 40 60 70 78 61 48 57 67 61 34 48 76 71 68 50 44 49 49 57 48 27 9 4 9
28 29 33 18 28 22 13 11 9 7 6 3 1 0 0 1 2 1 1 1 1 1 1 1 1 2 8 16 6 4 9 2 26 50 35 21 29 70 84 69 36 42 40 30 76 66 49 55 88 87 46 52 52 67 50 27 7 13 16 24 19 26 20 30 18 39 44 43 17 37 53 52 46 46 69 62 55 64 37 20 58 54 60 70 73 57 55 47 35 41 52 41 34 14 11 3
44 27 37 39 32 19 18 19 10 11 6 5 4 2 1 0 0 1 0 1 1 1 1 1 1 2 2 10 2 2 8 2 12 29 12 18 27 46 47 52 40 43 25 65 71 28 55 90 86 78 78 35 20 25 20 22 8 11 25 34 19 30 19 12 13 23 19 18 16 44 43 61 36 59 66 60 74 40 49 37 64 40 38 42 49 68 67 49 38 29 46 37 38 29 23 8
31 20 43 43 16 21 9 10 20 14 7 7 5 4 3 1 0 0 0 0 0 0 0 1 0 1 1 1 1 11 3 1 2 4 7 27 31 44 79 55 48 34 47 50 48 47 51 89 83 73 93 69 42 53 47 25 10 7 4 12 37 21 15 9 11 21 14 12 22 34 51 58 51 28 36 37 47 44 42 54 16 66 48 56 58 66 60 63 68 48 44 44 47 52 24 15
18 34 68 41 37 17 33 17 28 21 10 9 7 2 2 2 1 1 1 1 1 1 0 0 0 0 0 0 2 9 1 2 3 2 11 27 37 10 30 27 38 31 31 45 37 43 65 86 80 80 85 85 43 27 20 15 13 17 12 2 4 10 9 10 10 13 10 13 14 32 42 58 54 57 19 32 50 45 25 31 55 40 32 60 65 61 64 71 60 72 58 66 62 53 35 26
26 41 63 38 32 29 15 18 27 19 16 11 6 6 3 3 2 3 3 3 2 3 1 1 2 1 0 0 1 4 1 2 3 3 8 11 11 14 9 5 25 38 23 16 27 71 82 81 72 64 79 79 58 41 43 48 37 23 17 5 2 8 5 4 9 7 7 10 20 30 29 39 38 36 47 44 37 57 85 84 74 77 56 59 55 53 58 66 76 64 77 70 60 57 51 42
28 56 25 28 36 25 22 13 26 22 7 6 11 5 3 3 3 3 4 4 4 3 3 2 2 2 1 0 0 2 0 1 2 4 7 7 9 12 12 5 11 43 28 10 34 50 84 72 32 28 40 67 81 71 51 44 34 22 10 4 2 8 4 2 4 5 7 16 21 30 31 36 42 58 71 73 66 84 82 79 71 56 43 32 35 57 75 67 65 70 76 76 72 73 59 51
58 23 31 26 19 28 28 16 7 10 12 12 11 9 4 5 5 5 5 9 7 5 7 4 5 2 2 0 0 1 1 1 2 3 8 7 12 11 11 3 6 13 20 6 23 30 58 31 16 20 46 56 79 73 63 42 35 23 9 7 2 3 2 1 7 5 9 25 24 27 32 32 63 71 85 70 78 72 76 58 29 23 29 51 23 54 67 62 77 85 76 60 40 33 25 19
21 27 43 62 51 35 11 7 8 21 19 15 7 12 10 10 8 12 11 11 10 9 6 7 6 3 1 1 0 0 0 0 0 3 4 16 24 12 13 5 4 4 6 2 7 14 11 18 22 36 40 65 84 73 64 60 48 32 30 12 3 2 2 1 5 9 12 10 11 20 41 45 53 59 62 66 70 61 43 34 41 33 56 56 82 59 44 69 84 73 58 59 56 50 40 36
47 56 47 15 13 20 22 10 16 27 23 18 17 16 14 19 12 15 16 20 7 17 12 9 6 3 1 1 0 0 0 0 0 1 3 7 7 12 14 6 7 5 6 2 5 11 18 50 65 66 85 67 84 80 73 50 49 27 17 9 3 3 2 1 1 2 5 13 23 21 35 59 37 45 44 61 63 26 16 31 30 40 70 62 79 57 79 66 71 60 60 61 54 59 57 48
49 30 37 33 30 18 24 12 32 31 28 29 41 24 32 27 24 34 26 14 15 17 22 6 8 4 2 1 0 0 0 0 0 1 2 3 8 18 17 5 2 4 4 3 6 14 39 26 55 63 58 53 89 81 72 40 23 15 9 4 2 1 1 0 0 2 7 22 33 22 29 53 46 33 29 41 27 32 54 54 35 68 69 60 71 79 64 65 62 58 48 56 59 66 57 70
29 24 16 13 12 10 5 20 38 35 35 51 35 40 39 37 42 17 13 35 22 28 21 8 4 2 3 2 1 1 0 0 0 0 1 1 1 5 10 5 3 3 4 4 12 13 7 18 36 74 42 64 79 60 63 48 27 13 4 3 2 1 0 1 0 1 5 12 35 22 24 10 23 35 27 42 47 49 46 44 46 71 64 57 64 64 39 67 40 48 59 67 67 47 74 75
16 24 33 36 31 16 15 25 40 58 54 51 38 47 63 60 34 22 22 45 28 14 13 9 5 3 4 3 2 1 1 1 0 0 1 2 1 1 1 1 1 2 2 4 8 6 9 20 64 20 19 49 84 61 43 21 15 10 10 6 2 1 0 0 0 1 4 7 13 18 18 14 33 26 35 45 60 72 71 71 68 86 62 43 40 50 64 82 77 54 57 59 50 56 62 57
30 50 35 55 27 24 27 44 44 60 58 25 27 51 48 35 27 26 39 59 23 16 13 11 6 5 3 3 2 1 0 1 1 0 0 1 1 1 1 0 1 2 2 2 3 7 13 7 46 14 32 62 80 45 22 19 12 5 3 5 2 2 0 0 0 0 2 2 7 9 19 27 40 39 67 69 81 53 37 28 81 79 78 52 21 52 74 90 84 77 81 52 70 53 48 78
49 50 69 58 31 50 48 52 70 64 47 34 39 60 41 55 20 34 62 30 19 16 17 14 12 8 4 3 1 2 1 1 1 1 0 0 1 0 0 0 0 1 1 1 2 6 8 8 4 11 33 69 77 38 26 18 8 6 4 3 2 1 1 0 0 0 2 6 12 16 24 32 45 58 70 63 32 35 28 71 78 78 81 82 40 57 82 84 73 66 63 71 50 54 34 54
66 67 44 34 41 52 52 71 41 54 25 49 52 78 62 43 25 59 18 14 30 15 11 6 8 6 6 5 5 2 3 3 1 1 1 0 0 1 0 0 0 0 1 2 3 8 3 9 2 4 24 53 84 72 29 16 9 3 4 2 2 1 1 0 0 1 3 11 23 28 27 38 45 43 40 48 43 58 73 80 73 77 66 80 70 62 65 37 22 19 50 81 70 48 30 34
74 59 44 32 43 59 68 18 63 29 35 54 71 73 49 29 57 47 26 10 11 17 5 5 9 9 13 6 8 7 4 4 2 1 1 1 0 0 0 0 0 0 1 2 2 4 1 4 1 7 13 10 47 56 23 11 4 3 2 1 2 2 1 0 0 2 5 7 12 17 19 24 33 38 62 70 67 67 73 63 69 59 45 71 63 43 36 46 61 66 82 41 54 51 29 26
41 59 45 38 54 74 75 30 62 55 70 55 81 50 38 46 59 24 27 21 48 24 12 8 14 22 15 18 13 15 6 2 1 3 1 1 1 0 0 0 0 1 1 1 2 0 2 4 1 5 6 34 41 20 17 14 11 5 2 1 2 2 1 1 0 0 2 6 10 10 14 19 33 32 31 33 36 37 83 45 66 71 52 46 38 26 61 66 66 80 77 60 45 59 57 54
85 41 60 61 71 49 52 62 62 53 57 59 53 47 45 72 33 43 35 62 51 28 30 22 13 31 34 33 42 21 12 3 1 1 1 1 1 1 1 0 0 0 1 1 0 1 8 2 1 4 28 39 51 12 10 14 7 4 3 1 2 1 1 0 0 0 1 2 5 7 3 9 9 12 29 44 44 47 73 64 52 67 86 39 28 46 50 58 77 69 64 74 57 57 45 55
79 93 89 91 86 58 19 12 57 36 65 74 83 76 63 69 66 76 57 68 53 47 45 36 32 41 59 61 25 24 13 5 6 3 2 2 1 1 1 0 0 0 0 1 0 0 1 1 0 4 12 47 40 7 10 10 9 4 2 3 2 1 1 0 0 0 2 4 6 13 19 28 46 42 26 28 45 77 72 74 75 55 58 67 34 41 65 63 53 37 74 86 57 46 57 65
65 88 73 81 78 61 76 36 54 46 23 38 80 86 88 63 48 52 65 65 62 56 65 47 58 58 68 48 41 33 23 14 8 7 7 2 2 2 1 1 0 0 0 0 1 1 0 0 0 3 9 5 18 5 17 7 8 6 3 1 1 1 0 0 0 1 3 7 11 21 39 34 21 38 63 43 60 76 76 88 76 61 52 44 11 22 28 46 68 81 87 63 84 57 54 61
46 85 65 76 77 67 87 64 39 72 51 42 68 76 72 64 72 51 76 86 86 68 57 42 78 63 64 49 33 21 23 17 13 12 9 6 3 2 1 1 1 0 0 0 1 0 1 0 0 1 2 4 20 11 22 17 5 8 3 3 0 0 0 0 1 2 4 4 11 21 41 54 62 53 70 75 79 76 70 85 82 49 31 24 14 23 47 66 59 90 60 71 81 84 59 58
50 80 69 62 78 56 61 26 43 75 54 32 12 53 64 64 71 54 48 79 84 46 70 36 67 53 64 47 34 14 20 32 30 22 19 6 2 2 2 1 0 0 0 0 1 0 1 0 0 0 2 7 22 4 5 2 6 8 6 2 0 0 0 0 1 2 5 4 11 18 30 49 41 30 31 45 82 58 80 81 88 83 22 13 14 31 60 39 70 83 70 79 66 62 44 66
15 40 27 49 71 58 55 16 45 79 43 24 15 28 63 59 64 58 27 31 59 39 36 55 25 21 71 38 18 10 5 7 12 9 9 9 4 4 4 1 1 0 0 0 0 1 1 1 0 1 2 9 6 12 5 2 2 2 1 0 1 0 0 0 0 1 2 3 5 11 17 17 23 40 44 60 87 89 72 63 76 82 58 14 6 22 23 47 78 66 60 29 22 30 43 63
15 39 66 50 56 40 67 42 54 80 64 31 26 26 59 75 43 9 10 21 29 17 23 64 30 14 55 39 47 13 1 8 21 15 6 12 9 5 2 1 0 0 0 0 0 1 1 0 0 2 3 6 2 3 2 3 1 0 1 1 1 0 0 0 1 1 1 2 3 9 17 21 42 42 54 81 89 88 82 45 49 61 52 22 6 14 35 58 54 28 28 59 61 59 62 75
23 14 14 18 27 39 71 26 58 59 83 45 24 19 22 18 11 9 10 24 20 17 11 54 15 33 39 29 50 55 18 9 9 7 9 11 8 4 3 2 1 0 0 0 0 0 1 0 0 1 3 5 0 1 2 5 1 0 1 1 0 0 0 0 0 1 11 7 13 27 41 64 71 54 71 93 89 88 80 58 12 27 43 38 8 16 31 54 40 44 87 63 46 53 41 76
26 29 13 12 23 37 60 49 31 47 76 44 15 7 22 23 9 24 8 10 16 13 10 56 12 10 35 25 31 44 23 14 19 5 3 3 1 2 1 1 1 1 0 0 0 0 0 0 0 1 3 3 0 1 1 1 2 2 1 0 0 0 0 0 0 1 3 14 37 46 75 52 31 49 81 92 87 76 72 74 56 13 39 35 8 17 34 31 26 72 67 49 62 79 22 10
26 34 21 14 18 12 52 58 45 18 78 36 10 3 17 15 22 25 16 9 11 14 3 19 38 3 9 11 32 60 18 4 7 4 8 7 5 3 1 1 1 0 0 0 0 0 0 0 0 1 3 2 0 1 1 1 1 1 0 0 0 0 0 0 0 2 5 16 29 32 16 23 46 57 76 77 83 72 60 43 54 18 12 17 14 29 20 18 57 86 44 58 66 74 66 22
38 24 21 8 8 9 35 62 24 22 57 46 24 3 14 15 31 23 18 11 11 21 8 9 63 8 14 12 27 31 32 20 17 17 12 7 7 4 3 1 0 0 0 0 0 0 0 0 0 2 5 3 1 1 1 0 0 1 1 0 0 0 0 0 1 3 14 19 14 11 27 38 55 87 75 63 79 43 24 19 45 22 12 3 5 20 22 40 79 51 43 55 77 63 64 30
62 12 21 9 7 10 19 24 7 6 64 32 4 2 11 15 26 19 28 17 19 15 14 10 22 10 4 13 19 17 29 31 15 8 6 2 3 3 3 2 1 0 0 0 0 0 0 0 0 1 3 2 1 0 0 0 0 0 0 0 0 0 0 0 1 5 7 5 5 11 37 47 79 84 81 56 34 52 15 17 41 12 4 2 9 27 41 53 62 21 55 83 73 67 78 40
13 21 9 7 5 4 6 10 7 11 41 15 6 2 7 10 22 6 19 11 11 15 12 9 12 20 7 4 2 11 11 23 9 5 6 4 2 1 2 1 0 0 0 0 0 0 0 0 1 2 2 0 0 0 0 0 0 0 0 0 0 0 0 0 1 3 1 1 8 28 40 48 81 85 65 49 28 36 37 8 12 9 2 3 11 16 33 62 34 37 76 64 63 65 59 51
13 8 16 15 5 5 2 3 2 3 9 4 12 4 3 7 22 7 4 12 5 3 1 16 15 27 2 2 1 3 17 25 24 8 4 2 2 1 1 0 0 0 0 0 0 0 0 0 0 1 1 1 0 0 0 0 0 0 0 0 0 0 0 0 1 1 0 2 12 29 45 74 72 70 59 47 27 18 32 11 5 6 2 3 9 15 43 47 32 25 30 52 44 39 55 61
22 12 7 17 18 9 6 2 1 6 4 3 10 11 3 5 10 10 3 3 3 3 3 33 12 16 7 0 1 1 3 5 18 15 5 3 1 1 0 0 1 0 0 0 0 0 0 0 0 1 1 1 1 0 0 0 0 0 0 0 0 0 0 0 0 0 1 5 16 48 57 77 73 55 27 12 8 8 12 11 7 2 1 2 6 11 25 22 16 12 29 25 18 33 52 66
25 12 5 8 11 17 6 2 1 4 4 2 2 4 2 3 6 8 3 2 2 1 1 4 1 3 10 1 1 1 0 3 15 16 6 2 3 6 4 2 1 0 0 0 0 0 0 0 0 0 0 0 1 0 0 0 0 0 0 0 0 0 0 0 0 0 1 3 17 71 68 63 78 66 29 12 3 1 3 6 4 1 0 1 3 8 16 10 6 22 33 40 70 57 71 64
53 23 9 2 6 11 15 1 2 5 5 2 1 2 1 1 3 8 2 1 1 1 0 2 0 1 4 3 0 1 0 1 5 29 12 4 2 1 1 1 0 0 0 0 0 0 0 0 0 0 0 0 0 1 0 0 0 0 0 0 0 0 0 0 0 2 4 16 36 42 75 78 56 66 53 19 9 3 1 1 2 1 0 0 1 3 3 2 7 21 30 68 70 60 57 62
34 70 17 6 2 3 3 2 3 3 3 2 3 1 1 0 1 8 3 1 1 1 0 1 1 0 2 2 1 1 1 0 2 7 19 9 3 2 3 1 0 0 0 0 0 0 0 0 0 0 0 0 0 0 0 0 0 0 0 0 0 0 0 0 1 3 6 5 15 36 65 56 45 40 57 22 8 2 1 0 0 0 0 0 1 1 1 4 14 22 55 61 38 53 64 65
6 45 55 25 7 3 1 5 2 1 1 1 4 1 1 1 0 7 3 2 1 0 0 1 1 0 1 1 1 1 1 0 2 1 2 12 3 1 2 1 1 0 0 0 0 0 0 0 0 0 0 0 0 0 0 0 0 0 0 0 0 0 0 0 0 0 1 6 41 48 52 45 31 29 25 18 8 3 2 1 0 0 0 0 2 5 5 3 9 29 30 21 27 51 68 60
3 18 22 41 11 5 2 4 4 1 2 1 2 1 2 1 1 1 5 1 0 0 0 0 1 0 1 1 0 1 1 0 1 1 1 1 11 4 3 1 0 0 0 0 0 0 0 0 0 0 0 0 0 0 0 0 0 0 0 0 0 0 0 0 0 1 3 7 34 57 49 62 41 8 8 10 5 4 3 1 0 0 0 0 2 4 14 23 8 7 7 22 39 53 77 55
6 10 7 21 6 3 3 2 3 2 1 1 1 2 2 1 1 1 2 1 0 0 0 1 1 1 1 1 0 0 2 1 0 1 1 3 4 1 5 1 0 0 0 0 0 0 0 0 0 0 0 0 0 0 0 0 0 0 0 0 0 0 0 0 0 1 3 11 29 41 73 57 53 22 5 3 4 2 2 1 0 0 0 1 2 6 16 37 35 25 29 22 42 53 80 67
4 7 2 8 8 8 4 3 2 2 1 1 1 1 1 1 1 1 0 1 1 0 0 0 0 1 1 1 0 0 0 0 0 1 1 3 3 1 6 1 1 1 0 0 0 0 0 0 0 0 0 0 0 0 0 0 0 0 0 0 0 0 0 0 0 1 3 7 26 21 58 50 35 25 23 5 4 2 1 0 0 0 0 1 4 10 20 32 49 49 45 45 40 69 92 78
5 3 3 2 3 1 2 2 8 4 2 0 1 1 1 1 1 0 1 1 0 0 0 0 0 1 0 1 0 0 0 0 0 0 5 7 2 1 1 1 1 0 0 0 0 0 0 0 0 0 0 0 0 0 0 0 0 0 0 0 0 0 0 0 0 1 3 15 30 45 47 53 37 16 9 8 3 2 0 0 0 0 0 0 1 6 14 24 36 26 48 54 75 92 90 74
2 4 2 2 1 1 1 1 1 1 1 1 0 0 0 0 0 0 0 1 1 0 0 0 0 1 0 0 0 0 0 0 0 1 2 4 5 11 9 5 1 0 0 0 0 0 0 0 0 0 0 0 0 0 0 0 0 0 0 0 0 0 0 0 0 2 11 22 34 47 49 44 38 20 4 3 2 1 0 0 0 1 2 2 1 1 3 6 13 30 38 67 68 89 87 65
1 2 1 1 0 0 0 0 0 0 0 0 0 0 0 0 0 0 0 0 0 0 0 0 0 0 0 0 0 0 0 0 0 0 1 1 1 1 1 0 0 0 0 0 0 0 0 0 0 0 0 0 0 0 0 0 0 0 0 0 0 0 0 0 1 1 3 8 24 41 23 47 20 10 3 1 1 1 0 0 0 0 2 5 14 7 11 12 25 51 58 64 78 77 65 48
0 0 0 0 0 0 0 0 0 0 0 0 0 0 0 0 0 0 0 0 0 0 0 0 0 0 0 0 0 0 0 0 0 0 0 0 0 0 0 0 0 0 0 0 0 0 0 0 0 0 0 0 0 0 0 0 0 0 0 0 0 0 0 0 1 2 2 6 13 10 18 21 15 6 1 1 0 0 0 0 0 0 1 3 6 18 32 33 52 75 69 53 66 49 49 35
1 0 0 0 0 0 0 1 0 0 1 1 1 1 0 0 0 0 0 0 0 0 0 0 0 0 0 0 0 0 0 0 0 0 0 0 0 0 0 0 0 0 0 0 0 0 0 0 0 0 0 0 0 0 0 0 0 0 0 0 0 0 0 0 0 1 2 10 8 10 14 7 6 1 1 0 0 0 0 0 0 1 2 4 7 21 64 59 25 34 74 84 49 17 16 26
3 1 0 1 1 1 1 2 1 2 3 3 5 3 2 1 1 0 0 0 0 0 0 0 0 0 0 0 0 0 0 0 0 0 0 0 0 0 0 0 0 0 0 0 0 0 0 0 0 0 0 0 0 0 0 0 0 0 0 0 0 0 0 0 0 2 3 2 4 5 5 4 4 1 0 0 0 0 0 0 1 2 3 7 24 32 25 8 18 56 87 79 70 15 7 8
5 1 1 3 3 4 4 4 5 6 5 5 6 9 3 2 1 1 1 0 0 0 0 0 0 0 0 0 0 0 0 0 0 0 0 0 0 0 0 0 0 0 0 0 0 0 0 0 0 0 0 0 0 0 0 0 0 0 0 0 0 0 0 0 1 2 4 2 1 1 2 2 1 0 0 0 0 0 0 1 2 3 8 19 20 6 4 9 28 77 81 61 37 29 3 1
8 5 3 9 8 15 9 11 18 11 16 10 17 8 5 3 5 2 0 1 1 0 0 0 0 0 0 0 0 0 0 0 0 0 0 0 0 0 0 0 0 0 0 0 0 0 0 0 0 0 0 0 0 0 0 0 0 0 0 0 0 0 0 0 0 2 4 3 1 1 1 1 0 0 0 0 0 0 0 1 2 6 5 4 1 1 6 19 44 61 58 46 16 29 5 1
17 11 8 21 35 56 39 30 44 36 30 20 39 26 21 13 4 1 1 3 1 0 0 0 0 0 0 0 0 0 0 0 0 0 0 0 0 0 0 0 0 0 0 0 0 0 0 0 0 0 0 0 0 0 0 0 0 0 0 0 0 0 0 0 0 1 5 3 1 0 0 0 0 0 0 0 0 0 0 0 2 2 2 0 1 6 13 41 57 41 39 18 9 12 13 1
52 56 39 32 34 29 17 10 32 17 16 16 16 27 26 6 5 6 4 4 2 0 0 0 1 0 0 0 0 0 0 0 0 0 0 0 0 0 0 0 0 0 0 0 0 0 0 0 0 0 0 0 0 0 0 0 0 0 0 0 0 0 0 0 0 2 5 4 1 1 0 0 0 0 0 0 0 0 0 0 0 0 0 1 3 8 17 60 62 79 27 4 3 3 6 1
43 27 50 28 24 32 27 19 12 10 15 25 13 8 19 35 20 6 1 1 1 0 0 0 0 0 0 0 0 0 0 0 0 0 0 0 0 0 0 0 0 0 0 0 0 0 0 0 0 0 0 0 0 0 0 0 0 0 0 0 0 0 0 0 0 1 3 7 2 1 0 0 0 0 0 0 0 0 0 0 0 0 1 3 5 9 35 28 42 51 41 6 1 0 2 2
40 11 39 36 11 4 14 17 21 17 7 7 35 8 11 20 8 5 2 2 1 0 1 0 0 1 0 0 0 0 0 0 0 0 0 0 0 0 0 0 0 0 0 0 0 0 0 0 0 0 0 0 0 0 0 0 0 0 0 0 0 0 0 0 0 0 1 2 2 1 0 0 0 0 0 0 0 0 0 0 0 1 2 3 13 25 32 23 19 14 38 8 2 0 0 0
