sesion_6_simulaciones/modelos_agentes/ejemplos_netlogo/scenarios/echam4_a2/rob_2083.asc
NCOLS 322 
NROWS 307 
XLLCORNER 451900 
YLLCORNER 4086900 
CELLSIZE 100 
NODATA_value -9999 
[rows 219 to 291 of 307, columns 192 to 287 of 322]
31 37 21 20 21 21 20 25 12 11 9 7 4 1 1 0 0 2 2 7 8 6 11 11 7 4 5 9 12 12 12 17 35 43 65 56 31 42 27 16 20 18 16 11 6 3 2 6 3 2 2 2 2 2 0 4 2 0 0 1 4 9 11 40 40 51 54 24 16 16 58 76 91 75 35 22 12 6 2 1 1 1 2 4 3 4 8 7 12 15 19 33 25 35 45 36
43 28 31 53 50 35 26 27 17 9 7 6 2 1 1 0 1 2 5 11 20 7 9 17 18 11 8 17 18 19 22 13 34 40 51 33 48 29 25 18 23 13 10 16 5 2 2 1 1 1 2 2 1 1 1 0 0 1 0 2 10 16 24 62 74 59 66 86 70 47 49 68 82 73 70 45 28 5 1 1 1 1 2 2 6 6 7 12 15 15 22 25 38 33 36 54
18 11 6 37 29 20 24 11 7 4 6 4 2 1 1 0 1 3 8 9 24 34 23 23 21 14 18 20 21 21 22 27 23 37 34 26 19 27 24 17 30 20 18 23 8 4 3 2 2 1 3 1 0 0 1 2 0 0 1 2 5 7 6 38 75 61 71 84 92 78 38 30 27 46 54 9 3 1 1 1 2 1 2 3 3 5 3 6 8 15 28 20 25 25 42 44
11 13 11 6 33 24 19 14 7 4 1 3 1 1 1 1 2 4 5 8 12 28 56 44 31 32 23 24 40 43 24 27 52 38 29 17 21 33 24 22 18 13 12 22 8 7 7 2 2 3 2 1 0 0 0 0 0 1 3 6 6 6 15 13 55 82 77 71 83 87 63 56 43 23 19 4 3 2 1 3 4 3 3 3 3 5 4 3 8 12 23 28 32 32 35 24
34 40 35 32 19 15 16 16 8 5 3 1 0 0 1 3 4 4 3 11 18 38 50 61 37 39 40 31 44 44 30 31 43 40 35 19 26 18 20 17 16 11 13 23 12 4 7 2 2 2 2 1 1 0 0 0 0 1 1 3 3 7 18 18 42 76 73 67 81 85 70 52 44 26 9 5 5 4 3 3 5 3 3 3 5 9 9 6 7 15 19 21 32 35 36 39
39 34 41 35 28 24 22 14 10 5 3 1 1 1 1 5 7 12 7 13 21 46 53 68 57 44 39 44 41 55 49 32 31 31 32 18 27 9 19 16 9 12 13 23 26 6 6 4 1 1 1 1 1 0 0 0 0 1 1 3 5 10 19 32 26 44 14 8 21 75 85 62 38 12 11 10 8 6 5 4 6 5 2 3 4 8 9 12 14 11 19 33 32 34 38 56
24 24 27 22 19 13 12 11 10 5 2 2 0 0 1 7 16 19 18 16 21 28 40 57 61 58 44 44 39 51 71 48 30 30 16 17 19 13 27 12 8 8 12 13 24 14 3 3 1 1 0 0 0 0 0 0 0 0 1 4 9 13 36 36 25 31 21 29 14 21 68 51 30 28 18 21 18 9 6 3 6 7 8 3 3 4 6 12 17 14 18 36 37 33 39 46
27 25 24 14 7 9 11 10 5 2 1 1 0 1 4 11 12 23 28 32 21 30 47 44 58 74 54 46 47 32 42 50 23 30 21 23 24 21 12 12 6 8 7 7 7 8 4 7 3 0 1 1 0 0 0 0 1 1 2 4 14 21 30 22 23 23 32 48 32 30 38 18 27 23 31 28 16 11 8 4 10 10 8 1 6 6 11 4 8 11 14 14 33 39 33 43
21 38 31 31 23 20 13 8 6 3 1 0 0 1 11 12 20 14 30 47 44 49 44 44 49 67 75 44 57 31 34 44 28 17 30 30 20 15 14 12 3 5 4 7 10 10 10 10 8 1 1 1 0 0 0 0 1 1 2 6 15 21 20 15 38 34 46 46 35 40 24 21 28 37 36 35 28 22 12 4 8 11 12 4 8 5 5 6 7 9 11 17 18 19 36 44
33 28 21 17 16 9 6 4 3 2 1 0 1 4 14 11 10 21 41 50 59 71 74 52 50 51 74 33 50 26 27 40 13 14 28 25 27 21 14 12 7 7 6 4 10 10 7 8 5 2 1 1 0 0 1 2 1 1 6 21 20 12 12 25 59 54 37 32 33 31 36 34 44 41 55 42 37 29 6 2 5 19 17 10 16 10 7 14 9 14 20 21 22 22 23 41
41 32 21 15 10 11 6 4 3 1 0 0 1 8 8 8 7 16 23 36 38 60 71 76 58 43 56 50 59 26 42 22 12 11 17 28 25 20 10 10 10 12 6 6 7 11 7 5 3 1 1 1 0 0 1 1 2 2 5 3 5 18 23 55 55 40 32 27 41 51 52 49 50 63 39 30 29 20 11 1 1 18 29 18 12 16 19 19 9 11 17 22 39 34 38 43
18 23 21 6 5 6 8 4 3 1 0 1 4 7 9 12 27 11 20 31 47 51 64 54 62 52 55 54 48 21 31 14 11 26 16 22 24 13 12 15 11 14 5 6 12 11 11 5 4 1 1 0 0 0 0 0 10 3 2 5 11 16 25 28 24 21 25 31 29 41 62 69 61 36 17 18 15 10 2 0 4 6 28 18 15 15 32 43 15 12 14 25 26 25 35 41
9 7 14 8 11 11 7 4 2 1 0 1 4 11 19 29 21 22 34 45 42 48 62 62 47 44 43 36 41 36 46 18 12 17 24 15 20 16 12 11 13 8 9 5 4 6 8 7 3 1 1 0 0 0 1 1 0 21 28 11 7 4 14 16 27 27 22 19 14 44 80 69 47 32 21 11 8 4 1 2 3 9 19 15 28 16 25 30 39 14 15 27 28 34 29 39
11 4 2 8 10 9 5 2 1 1 0 2 8 14 27 25 17 26 42 39 36 61 66 63 42 39 43 30 51 55 29 17 16 23 13 21 18 15 14 12 12 9 12 3 7 5 8 3 1 0 1 0 0 1 1 2 2 4 7 11 6 16 10 13 15 23 25 12 25 46 58 43 45 42 22 9 3 4 4 10 7 9 8 37 33 11 9 15 52 15 15 28 31 31 24 28
7 7 7 6 11 9 3 2 1 1 0 1 3 8 15 19 30 38 45 64 44 39 67 48 57 36 35 36 8 43 20 21 12 21 15 11 12 17 13 12 12 8 19 4 3 13 6 4 2 1 1 0 0 1 2 1 5 7 4 2 5 4 8 12 15 19 14 47 43 23 48 36 36 36 24 7 5 7 6 6 12 16 10 18 22 26 14 26 32 35 29 18 19 44 31 27
16 12 15 7 8 3 1 0 0 1 1 1 2 5 11 11 23 29 46 58 63 63 73 50 54 48 44 31 33 19 41 16 9 14 12 4 6 13 14 17 11 4 8 10 2 4 4 7 2 1 1 1 0 1 1 1 1 1 3 7 7 10 11 22 11 13 28 17 15 33 39 38 37 16 4 4 8 6 14 9 12 13 16 22 35 42 14 18 31 32 60 36 15 22 46 35
4 13 8 6 2 2 2 0 0 1 1 1 2 2 9 11 15 30 45 51 64 50 57 13 23 39 38 12 8 13 25 9 8 25 8 10 12 14 7 2 5 2 7 9 2 5 8 2 0 1 1 1 0 1 1 1 3 5 7 7 4 7 21 38 26 22 47 52 53 45 39 36 20 12 4 6 15 10 24 10 14 15 19 19 36 29 48 19 33 21 10 42 18 18 21 32
9 7 10 6 2 1 0 0 1 2 2 3 4 3 3 7 17 20 38 48 48 29 21 39 30 27 14 15 17 13 15 9 12 13 9 10 10 8 9 3 7 5 5 7 1 3 4 2 1 0 0 1 0 1 0 1 2 1 3 6 7 18 27 36 43 46 38 36 54 51 73 51 28 15 4 1 4 18 18 11 18 18 25 14 20 32 27 48 37 34 22 45 28 6 17 16
13 8 7 4 2 1 1 1 2 2 3 4 5 6 4 3 16 21 22 24 28 58 51 35 38 42 31 14 16 16 13 8 8 9 4 8 6 7 10 3 9 6 3 7 1 2 3 2 1 1 0 0 1 1 1 1 1 2 7 5 19 13 18 55 75 42 43 31 70 47 39 38 12 11 11 10 11 22 23 21 30 20 21 22 20 16 26 49 63 66 21 18 34 16 24 37
8 8 6 1 1 1 1 2 2 3 6 9 8 7 7 5 6 9 15 27 35 39 46 29 17 25 30 15 18 9 12 11 9 10 5 8 5 7 4 5 2 4 1 4 1 1 2 1 1 1 1 0 0 0 1 0 0 2 3 4 9 10 32 48 58 75 49 30 26 32 28 10 5 13 20 21 11 14 32 29 41 24 23 23 26 24 13 12 13 27 53 47 35 23 22 32
7 5 2 1 1 2 1 1 2 3 6 10 14 15 8 9 19 14 11 33 43 55 37 40 35 37 21 13 15 11 5 5 7 5 2 5 2 5 3 2 3 2 9 4 1 2 2 3 1 0 0 0 0 0 0 0 1 6 5 25 36 30 22 36 40 30 45 54 37 28 13 4 7 23 16 34 13 15 29 42 33 44 28 26 26 23 32 21 18 22 40 35 26 62 22 35
5 4 3 0 1 1 1 3 3 6 10 12 14 14 16 11 23 22 21 18 29 17 23 22 19 27 16 10 10 9 10 8 4 2 1 8 3 6 1 2 1 1 5 3 2 1 3 1 1 1 0 1 0 1 1 2 2 1 4 10 20 21 12 22 38 35 53 33 43 31 23 3 14 17 18 32 35 15 19 30 36 48 30 42 30 16 21 31 10 4 11 10 11 36 43 27
5 2 2 1 2 4 4 5 5 9 11 14 15 18 30 19 23 36 24 40 47 44 50 47 42 29 25 29 32 19 19 17 11 5 5 4 8 3 1 1 1 1 1 2 1 0 1 1 1 0 1 1 2 5 20 14 14 10 16 11 18 24 31 44 39 37 41 39 39 25 9 3 14 21 31 30 33 27 28 42 31 50 34 47 32 19 19 31 39 14 22 23 13 8 10 14
8 4 3 3 5 5 6 9 6 6 13 16 12 26 33 21 10 14 45 54 62 49 54 58 59 56 50 44 69 49 27 13 8 4 2 1 2 2 2 1 1 0 0 1 0 0 0 1 0 0 0 0 0 0 2 4 27 33 26 27 20 24 13 45 36 31 37 38 16 12 4 6 18 23 16 25 30 42 32 44 29 18 52 49 36 19 21 38 35 17 21 28 23 36 39 45
7 4 3 5 6 6 10 12 11 10 7 8 22 24 23 38 11 10 18 28 47 60 31 52 45 56 63 40 5 12 22 10 4 3 4 4 3 1 3 1 1 0 0 0 0 0 0 0 0 0 0 0 0 0 1 1 3 18 42 56 69 28 26 20 21 26 34 41 37 14 7 16 31 28 26 29 57 45 44 43 42 20 23 60 43 19 19 25 27 19 29 16 30 35 43 46
2 2 6 7 7 13 13 13 13 14 7 10 16 21 17 29 21 7 18 26 34 39 25 48 31 22 16 9 6 6 11 7 5 6 4 2 3 3 3 0 1 0 0 0 0 0 0 0 0 0 1 0 1 1 2 3 7 17 20 16 30 67 45 38 36 40 49 38 32 14 10 30 34 42 40 31 47 54 41 31 29 27 11 39 55 29 30 15 34 19 31 31 20 35 32 23
3 5 8 10 15 14 17 17 16 16 10 12 14 18 27 15 39 6 9 8 18 12 24 21 22 30 20 21 21 12 16 7 5 10 6 4 2 1 0 0 1 1 3 1 0 0 0 0 0 0 1 2 1 2 7 5 5 6 12 9 11 24 49 51 44 33 44 38 22 7 17 32 31 38 41 41 29 59 44 54 31 43 31 29 68 36 44 21 33 31 30 44 29 28 24 30
2 7 10 11 16 18 16 18 20 18 11 14 15 24 36 26 28 11 9 19 12 10 24 22 26 29 28 19 17 26 18 22 14 26 4 2 2 2 1 1 2 1 0 0 1 0 0 0 0 2 3 1 1 3 3 4 11 13 25 15 16 15 20 27 33 30 26 33 23 13 18 33 32 43 36 32 31 40 49 56 41 28 41 25 66 26 25 31 19 46 27 27 29 19 20 19
6 11 20 12 19 11 13 20 31 30 13 8 18 14 41 67 12 11 9 31 27 27 20 22 25 20 27 14 14 19 16 11 8 7 7 5 3 3 2 1 0 0 0 0 0 0 0 0 1 6 1 0 1 3 6 6 6 16 11 12 20 18 21 17 19 20 23 19 16 17 30 35 31 32 32 32 36 40 51 41 39 34 36 48 64 27 25 30 19 45 27 13 38 13 8 16
12 12 14 23 22 13 21 22 37 36 15 7 11 23 34 37 14 16 11 25 31 28 26 15 16 11 19 20 17 20 11 8 10 8 6 4 3 2 2 1 1 0 0 0 0 0 0 1 0 1 0 0 1 1 3 33 17 24 19 22 17 20 20 18 17 19 19 13 13 14 26 30 21 31 27 41 48 32 34 56 45 48 44 40 57 41 41 18 39 38 12 18 30 11 14 18
15 15 14 38 23 14 15 26 34 52 20 11 21 23 33 46 29 20 17 33 37 45 26 28 26 9 13 15 14 11 14 7 9 8 6 3 2 1 1 1 1 1 1 0 0 0 0 0 0 0 0 2 3 3 7 6 12 17 28 33 26 19 19 20 20 22 20 11 6 23 28 29 35 31 46 39 34 44 29 23 36 36 31 43 21 81 44 14 26 37 7 17 14 31 15 19
18 28 17 41 24 15 16 30 34 46 12 11 21 23 36 37 46 6 28 35 32 48 27 26 26 30 16 11 7 7 7 13 18 9 2 5 2 3 1 1 1 1 0 0 0 0 0 0 0 1 1 1 3 5 13 4 3 5 7 17 16 22 21 26 27 31 28 15 6 23 24 23 35 37 44 19 30 23 39 17 23 20 33 16 36 70 29 15 43 18 8 16 16 24 25 22
14 18 31 33 27 28 18 21 36 59 14 21 23 33 30 48 13 9 30 32 42 46 46 25 41 23 21 19 10 10 6 26 26 10 9 4 3 3 1 1 1 0 0 0 0 0 0 0 0 0 1 1 3 7 10 3 8 13 17 24 23 26 29 39 35 42 32 15 6 26 27 23 46 30 35 46 41 27 15 30 17 25 26 31 23 45 40 27 38 15 13 21 10 12 6 33
8 11 32 32 30 30 19 22 36 43 15 25 31 50 54 32 11 8 30 30 29 48 38 42 23 22 33 21 16 15 13 18 23 14 8 8 6 2 4 1 0 1 0 0 0 0 0 0 0 0 1 1 3 4 7 10 12 19 22 28 34 47 36 31 26 21 27 9 12 28 35 28 44 42 29 30 38 26 28 9 38 9 12 33 38 45 53 62 30 15 21 16 20 24 14 34
17 18 37 40 49 33 19 24 40 44 13 16 34 54 40 13 8 20 26 27 39 40 36 34 33 21 29 21 29 26 22 14 5 6 7 5 5 1 2 2 1 1 0 0 0 0 0 0 0 0 0 1 3 7 7 8 20 26 28 19 44 29 16 22 30 26 15 11 10 24 44 28 37 40 42 30 37 23 28 22 13 32 13 5 8 26 46 61 22 31 21 19 15 32 11 11
15 21 23 32 61 42 20 25 33 46 11 12 35 52 28 14 11 22 33 27 25 26 27 29 41 18 20 19 14 24 24 13 10 6 5 2 2 2 2 1 1 0 0 0 0 0 0 0 0 0 0 1 3 2 9 14 8 14 10 15 14 14 28 34 23 24 25 10 13 14 47 30 30 27 30 40 26 25 11 23 9 32 16 13 7 6 19 37 34 52 24 22 16 23 7 9
17 33 24 22 33 57 23 29 48 18 13 15 22 58 35 17 9 27 32 28 36 44 34 42 35 26 12 13 24 19 8 17 33 15 3 3 1 2 2 1 0 1 1 0 0 0 0 0 0 0 0 1 1 4 9 7 19 14 15 22 21 19 21 21 25 26 17 11 10 20 19 44 26 21 26 26 41 36 20 38 11 10 19 16 10 8 9 21 36 37 21 22 18 20 11 15
19 23 42 35 17 40 14 31 67 16 15 30 36 49 20 21 4 16 36 33 45 30 28 42 35 30 23 6 5 6 8 6 7 2 2 2 4 1 1 2 1 1 0 0 0 0 0 0 0 1 1 1 2 4 12 15 23 17 15 26 22 28 34 23 28 28 15 12 13 33 29 27 46 19 20 22 43 32 19 13 25 9 7 21 18 9 10 11 25 33 36 19 16 10 22 8
20 25 43 48 24 51 15 28 64 30 15 37 43 36 17 6 5 11 20 33 45 39 27 24 27 33 18 6 7 6 7 6 6 4 2 1 2 1 2 1 1 0 0 0 0 0 0 0 0 0 1 1 1 2 4 4 9 22 26 23 29 17 20 24 21 26 26 6 15 31 31 25 32 10 25 24 24 35 40 27 33 13 8 8 19 11 7 13 26 63 50 18 9 8 20 6
20 22 24 52 24 43 27 21 29 38 17 43 45 14 6 9 14 20 29 39 31 27 32 14 18 23 32 8 6 5 8 7 5 4 3 3 2 1 1 0 0 0 0 0 0 0 0 0 0 0 0 1 3 4 4 13 19 42 30 17 26 30 32 34 37 23 22 13 18 32 24 34 48 21 15 35 23 33 27 20 37 11 13 13 31 12 5 7 6 22 37 15 12 6 25 13
15 17 15 33 57 25 42 15 43 21 46 28 13 6 14 14 22 15 49 49 20 25 23 22 7 14 20 25 8 8 4 7 4 2 1 1 1 1 0 0 0 0 0 0 0 0 0 0 0 0 0 1 1 3 8 12 9 29 24 11 18 23 28 30 19 17 14 24 25 29 29 35 9 28 31 32 29 17 35 12 43 13 13 8 12 30 13 14 16 13 31 9 21 7 10 23
32 21 15 19 26 39 42 19 55 36 38 9 6 12 16 23 23 15 18 15 26 21 21 36 27 12 15 4 10 15 3 6 2 2 2 2 2 1 1 0 0 0 0 0 0 0 0 0 0 0 0 1 1 2 4 6 9 15 11 4 12 19 22 22 14 12 12 22 22 26 26 40 11 10 6 11 28 37 51 11 32 21 13 12 7 6 35 9 16 15 19 17 7 6 12 19
22 30 21 15 14 24 51 21 27 14 9 3 9 15 26 33 30 11 15 15 23 22 16 5 7 7 6 10 3 4 9 14 5 3 1 2 1 1 1 0 0 0 0 0 0 0 0 0 0 0 0 0 1 1 3 6 5 19 13 15 24 19 22 15 21 21 13 22 21 23 20 37 10 18 9 13 12 8 20 20 9 30 12 14 7 16 19 4 12 20 21 18 7 6 5 8
20 30 21 26 32 35 38 24 28 7 11 8 12 26 23 28 31 18 19 19 21 20 13 8 6 8 6 3 3 6 3 3 3 5 4 5 1 0 0 0 0 0 0 0 0 0 0 0 0 0 1 1 1 2 5 3 9 27 36 28 25 18 23 23 20 18 18 29 18 20 19 25 13 19 17 13 19 15 19 29 6 24 10 20 6 5 13 3 5 7 18 13 3 5 5 17
19 31 23 28 30 40 41 9 6 3 12 11 21 24 22 30 18 35 27 15 17 16 13 14 14 8 7 4 4 10 4 1 1 1 1 2 3 1 1 2 1 0 0 0 0 0 0 0 0 0 1 0 1 2 3 5 11 41 16 18 28 15 21 18 16 18 20 33 18 18 17 20 17 17 23 11 17 15 14 13 20 48 11 17 10 3 15 6 2 3 8 15 5 7 4 2
17 32 31 26 54 49 9 6 9 10 19 17 13 25 19 31 10 18 44 10 18 12 6 9 14 16 4 6 6 6 9 2 1 1 1 0 0 0 0 1 1 0 0 0 0 0 0 0 0 0 0 0 1 2 5 7 9 18 16 10 26 21 16 5 18 9 10 37 19 16 25 16 26 14 21 16 14 16 12 9 8 4 27 20 12 4 4 5 3 2 4 16 4 6 7 4
16 23 45 36 56 10 8 8 9 15 19 19 25 33 10 23 10 14 17 35 9 19 6 5 6 12 9 8 6 3 2 4 1 1 1 0 0 0 0 0 0 0 0 0 0 0 0 0 0 0 0 0 0 1 4 8 4 15 33 29 13 10 8 4 25 15 15 26 23 13 23 14 37 19 17 21 11 11 17 9 6 3 12 11 10 4 2 13 3 3 5 8 12 7 4 4
9 23 45 69 39 4 8 14 16 17 28 34 14 18 13 10 27 9 13 14 11 11 10 6 6 9 7 11 5 5 6 2 4 1 1 1 0 0 0 0 0 0 0 0 0 0 0 0 0 0 0 0 1 1 4 5 21 13 12 25 16 7 3 8 11 31 14 16 23 11 14 14 26 20 11 17 17 9 9 16 9 2 5 14 14 5 1 5 4 2 5 2 12 6 2 9
9 24 56 42 5 5 14 15 9 29 18 43 9 22 13 7 9 40 7 13 24 8 17 5 5 11 11 7 6 8 3 3 4 1 1 1 1 1 0 0 0 0 0 0 0 0 0 0 0 0 1 1 1 1 2 4 11 10 14 17 15 8 4 11 9 18 12 12 21 12 11 12 11 24 10 9 20 10 8 8 11 3 4 5 8 4 2 3 7 3 1 1 1 5 3 3
9 33 40 17 6 9 15 16 9 21 8 37 11 16 28 6 17 36 5 16 30 5 21 5 4 10 11 10 3 1 5 1 1 2 4 2 0 0 0 0 0 0 0 0 0 0 0 0 0 0 0 0 0 1 1 2 5 11 7 21 18 8 7 10 13 21 7 9 13 19 9 8 4 14 10 8 11 11 8 5 2 2 8 2 7 4 2 1 2 7 1 2 4 4 3 1
9 26 31 18 6 8 17 28 7 12 8 24 8 12 37 8 14 30 8 6 10 12 10 6 4 5 4 6 5 6 1 2 1 0 0 2 1 0 0 0 0 0 0 0 0 0 0 0 0 0 0 1 1 1 1 2 2 6 8 5 8 10 9 9 10 13 16 10 12 21 4 9 4 7 13 7 8 3 2 6 3 2 2 2 8 11 2 1 2 6 1 1 4 4 4 1
15 16 34 10 6 11 12 17 6 10 8 10 15 6 27 6 6 18 8 4 4 4 28 11 3 3 3 2 3 3 4 2 0 1 0 0 1 0 0 0 0 0 0 0 0 0 0 0 0 0 1 0 1 0 1 2 4 13 10 5 2 8 8 8 9 9 21 6 12 17 4 6 7 7 16 1 5 7 2 2 6 2 2 2 2 6 2 1 1 6 1 1 1 5 13 5
45 22 6 5 9 10 10 12 6 20 9 5 15 4 19 5 4 9 7 3 3 6 16 7 2 3 2 5 4 4 2 1 1 1 0 0 0 1 0 0 0 0 0 0 0 0 0 0 0 0 1 1 1 1 1 3 5 11 15 6 2 11 8 5 8 8 11 7 5 16 6 3 4 10 14 3 2 2 6 1 3 6 2 1 7 6 1 2 0 5 3 1 1 0 1 2
8 2 5 4 7 8 14 10 10 11 6 4 24 4 4 16 4 12 10 2 3 4 4 17 4 4 2 4 5 3 2 1 1 2 0 0 0 1 0 0 0 0 0 0 0 0 0 0 0 1 1 1 1 1 1 2 2 9 13 2 4 6 10 4 7 7 5 12 3 11 7 4 5 3 7 2 3 3 2 3 1 1 5 1 2 6 1 3 1 2 8 1 2 1 1 0
13 5 13 8 7 8 18 7 16 12 3 5 11 5 4 12 3 3 18 2 5 4 2 11 2 3 4 2 2 2 2 2 0 0 0 0 0 0 1 0 0 0 0 0 0 0 0 0 1 1 2 1 0 1 2 0 2 5 4 2 4 12 10 3 3 7 4 8 3 4 22 2 5 5 3 2 3 2 4 2 3 1 1 3 1 3 3 3 1 1 10 1 1 1 2 1
37 9 4 9 8 9 8 5 14 6 4 4 3 4 3 5 2 2 11 3 4 3 1 3 4 3 2 1 1 1 1 1 1 0 0 1 0 0 0 0 0 0 0 0 0 0 0 0 1 0 0 0 0 1 1 4 4 3 3 3 2 8 5 3 3 6 9 2 8 1 9 2 4 4 1 1 3 1 1 2 2 2 1 0 0 0 2 4 1 1 2 1 1 1 1 1
42 7 4 5 5 6 2 4 5 2 3 3 3 4 2 6 2 2 6 2 1 5 1 1 0 1 1 0 2 3 1 1 1 0 0 0 0 0 0 1 0 0 0 0 0 0 0 0 3 0 0 0 0 0 2 5 4 1 1 6 2 2 5 3 5 2 10 2 10 1 2 4 2 4 1 2 1 1 1 1 1 2 1 0 0 0 0 0 1 2 1 1 1 0 1 1
19 4 2 5 3 3 2 3 5 1 3 2 2 5 1 6 2 3 3 1 1 2 2 1 1 1 1 1 1 1 1 1 0 0 0 0 0 0 0 0 0 0 0 0 0 0 0 1 0 0 0 0 0 1 2 4 3 2 1 5 3 2 1 6 4 4 6 2 6 2 1 2 4 5 1 1 1 1 1 0 0 1 0 1 0 0 0 0 0 0 2 1 0 0 1 1
16 3 6 2 2 2 2 2 2 1 2 2 1 4 3 1 1 2 3 1 2 1 2 1 2 2 1 1 1 0 1 0 0 0 0 0 0 0 0 0 0 0 0 0 0 0 0 1 0 0 0 0 0 2 3 3 3 3 1 1 5 2 3 2 3 7 2 4 1 2 6 1 3 6 1 0 1 0 0 0 1 0 1 0 0 0 0 0 0 0 0 1 1 0 1 0
11 3 2 2 2 2 3 1 3 1 1 1 1 1 3 0 0 0 1 0 1 1 1 1 1 1 1 1 1 0 0 0 1 0 0 0 0 0 0 0 0 0 0 0 0 0 0 0 0 0 0 0 1 1 2 2 1 2 2 1 3 1 2 2 1 1 1 2 1 1 4 1 1 2 0 0 0 1 1 0 0 1 0 0 0 0 0 0 0 0 0 0 1 0 0 0
1 4 1 1 1 1 2 1 4 1 1 1 1 0 2 1 1 0 2 1 1 1 1 1 1 0 1 1 1 0 0 0 0 0 0 0 0 0 0 0 0 0 0 0 0 1 2 0 0 0 0 0 1 1 3 1 1 2 2 2 3 1 1 1 2 1 0 2 1 1 2 1 2 1 0 0 0 0 0 1 0 0 0 0 0 0 0 0 0 0 0 0 0 0 0 0
1 4 1 1 0 1 1 1 1 1 1 1 1 0 1 1 1 0 4 0 0 0 1 2 0 0 1 1 1 0 0 0 0 0 0 0 0 0 0 0 0 0 0 0 0 0 0 0 0 0 0 1 1 2 1 1 1 2 1 2 3 2 3 1 1 1 0 2 0 1 0 1 2 0 0 0 0 0 0 0 0 0 0 0 0 0 0 0 0 0 0 0 0 1 0 0
1 4 3 0 0 0 1 1 0 1 0 0 0 0 0 1 0 1 0 0 0 0 1 0 1 0 0 0 0 0 0 0 0 0 0 0 0 0 0 0 0 0 0 0 0 0 0 1 0 0 0 1 2 3 0 1 1 2 1 2 1 2 1 2 1 0 0 0 0 0 1 1 1 1 0 0 0 0 1 0 0 0 0 0 0 1 1 0 0 0 0 0 0 0 0 0
0 1 3 0 0 0 1 1 0 1 1 0 0 0 0 1 0 0 0 0 0 0 1 1 0 0 0 0 0 1 0 0 0 0 0 0 0 0 0 0 0 0 0 0 0 0 0 0 0 1 1 2 2 1 0 1 2 1 1 2 1 1 0 1 1 0 0 0 0 0 0 0 0 1 0 0 0 1 0 0 1 1 0 0 0 0 0 0 0 0 0 0 0 0 0 0
0 1 2 0 0 0 0 0 0 0 0 0 0 0 0 1 0 0 0 0 0 0 0 0 0 0 0 0 0 0 0 0 0 0 0 0 0 0 0 0 0 0 0 0 0 0 0 2 1 3 5 4 0 0 1 1 1 1 1 1 1 0 1 1 0 1 2 0 0 0 0 1 0 0 1 0 0 1 1 0 0 2 0 0 0 0 0 0 1 0 0 0 0 0 0 0
0 0 1 0 0 0 0 0 0 0 0 0 0 0 0 0 0 0 0 0 0 0 0 0 0 0 0 0 0 0 0 0 0 0 0 0 0 0 0 0 0 0 0 0 1 3 7 1 2 2 1 0 0 0 1 1 1 1 0 0 0 0 0 0 0 1 0 0 0 0 0 0 1 0 1 1 0 0 1 0 0 1 0 0 0 0 0 0 0 0 0 0 0 0 0 1
0 0 0 1 0 0 0 0 0 0 1 0 0 0 0 0 0 0 0 0 0 0 0 0 0 0 0 0 0 0 0 0 0 0 0 0 0 0 0 0 0 0 0 2 1 1 7 9 2 0 0 0 0 1 0 0 1 1 0 0 0 0 0 1 1 2 0 0 0 1 1 0 0 0 1 0 1 0 1 0 0 0 0 0 0 0 0 0 0 0 0 0 0 0 0 1
0 0 0 1 0 0 0 0 0 0 0 0 0 0 0 0 0 0 0 0 0 0 0 0 0 0 0 0 0 0 0 0 0 0 0 0 0 0 0 0 0 2 5 5 7 1 2 11 4 0 0 0 0 0 0 0 0 0 0 0 0 0 1 2 1 0 0 1 1 0 0 0 0 0 0 0 1 0 1 2 3 1 0 0 0 0 0 0 0 0 0 0 0 0 1 1
0 0 0 1 0 0 0 0 0 0 0 0 0 0 0 0 0 0 0 0 0 0 0 0 0 0 0 0 0 0 0 0 0 0 0 0 0 0 0 0 1 6 10 6 10 16 9 4 0 0 0 0 0 0 0 0 0 1 0 0 0 0 1 1 0 0 0 0 0 0 0 1 3 0 0 0 0 0 1 1 0 0 0 1 1 0 0 0 0 0 0 0 0 0 1 0
0 0 0 0 0 0 0 0 0 0 0 0 0 0 0 0 0 0 0 0 0 0 0 0 0 0 0 0 0 0 0 0 0 0 0 0 0 0 0 1 0 0 2 9 16 12 0 0 0 0 0 0 0 0 0 0 0 1 0 0 0 0 0 0 0 0 0 0 0 1 1 1 0 0 0 1 0 0 1 1 1 1 1 0 0 0 0 0 0 0 0 0 0 0 1 0
0 0 0 0 0 0 0 0 0 0 0 0 0 0 0 0 0 0 0 0 0 0 0 0 0 0 0 0 0 0 0 0 0 0 0 0 0 0 0 0 0 1 1 1 0 0 0 1 0 0 0 0 0 0 0 0 0 0 0 0 0 0 0 0 0 0 0 0 1 2 0 0 0 0 0 0 1 0 1 1 1 1 1 0 0 0 0 0 0 0 0 0 0 0 0 0
0 0 0 0 0 0 0 0 0 0 0 0 0 0 0 0 0 0 0 0 0 0 0 0 0 0 0 0 0 0 0 0 0 0 0 0 0 0 0 0 3 3 1 0 0 0 0 0 0 0 0 0 0 0 0 0 0 1 0 0 0 0 0 0 0 0 0 1 1 0 0 0 0 0 1 1 0 1 0 0 1 0 0 0 0 0 0 0 0 0 0 0 0 0 0 0
0 0 0 0 0 0 0 0 0 0 0 0 0 0 0 0 0 0 0 0 0 0 0 0 0 0 0 0 0 0 0 0 0 0 0 0 0 0 0 0 0 1 0 0 0 0 0 0 0 0 0 0 0 0 0 0 0 0 0 0 0 0 0 0 0 0 0 1 0 0 0 0 0 0 0 1 0 1 0 0 0 0 0 0 0 0 0 0 0 0 0 0 0 0 0 0
