sesion_6_simulaciones/modelos_agentes/ejemplos_netlogo/scenarios/echam4_a2/rob_2045.asc
NCOLS 322 
NROWS 307 
XLLCORNER 451900 
YLLCORNER 4086900 
CELLSIZE 100 
NODATA_value -9999 
[rows 222 to 295 of 307, columns 0 to 95 of 322]
8 13 24 40 38 23 38 29 5 17 19 21 43 16 14 8 8 3 4 5 15 22 28 33 22 21 16 32 48 26 14 41 55 23 48 36 22 25 34 60 28 27 45 54 49 74 47 58 63 84 83 55 42 42 39 22 31 46 29 36 41 26 16 37 22 27 13 15 9 6 5 3 1 1 0 0 0 0 0 0 0 0 0 0 0 0 1 2 2 1 1 1 2 4 9 4
24 26 19 13 17 25 28 40 24 10 11 26 28 14 7 7 8 16 21 19 23 35 20 60 37 35 29 28 33 41 24 34 24 29 54 14 18 23 31 58 57 41 37 58 23 15 29 17 21 64 72 57 54 37 30 30 17 20 33 37 28 40 18 21 30 13 10 11 10 4 2 2 1 0 0 0 0 0 0 0 0 0 0 0 0 0 1 1 3 4 1 2 4 5 1 1
24 40 52 72 46 41 38 39 23 31 38 54 23 14 14 21 18 36 15 19 61 15 28 32 33 25 18 50 38 30 29 33 25 45 31 20 27 37 31 56 45 47 43 81 77 63 52 53 46 26 33 47 33 28 20 19 18 26 24 24 25 26 14 36 34 15 10 6 4 2 1 1 1 0 0 0 0 0 0 0 0 0 0 0 1 1 1 2 8 7 3 4 6 4 1 1
28 49 48 52 63 67 31 24 16 45 53 35 22 14 17 20 7 3 2 34 18 27 55 34 22 38 27 34 27 18 25 23 42 11 11 37 23 43 29 48 46 55 64 45 50 69 55 71 69 46 26 29 19 27 14 14 16 28 19 16 21 11 8 6 9 7 4 4 2 1 1 1 0 0 0 0 0 0 0 0 0 0 0 1 1 2 3 4 16 16 12 13 4 2 1 1
7 15 22 16 34 75 52 7 29 40 53 19 32 28 5 4 2 1 15 50 14 35 47 56 35 33 21 8 24 14 24 46 35 16 29 32 46 52 31 40 66 76 68 42 54 59 63 35 68 78 34 25 11 15 15 22 16 13 14 9 6 4 6 3 2 4 5 2 1 1 0 0 1 0 0 0 0 0 0 0 0 0 1 1 1 3 9 16 21 28 13 4 3 1 1 1
30 18 24 28 31 31 12 16 18 26 43 47 50 11 3 2 14 23 43 61 26 27 40 71 51 20 32 13 17 27 9 25 52 21 16 16 34 39 75 82 48 41 31 70 42 49 70 50 42 18 33 38 32 27 25 24 22 12 9 7 6 2 3 2 2 2 2 1 0 1 0 0 0 0 0 0 0 0 0 0 0 0 1 1 1 3 11 37 22 2 2 1 1 1 1 1
27 21 19 40 28 29 30 26 17 40 40 31 23 9 15 38 42 46 49 64 21 35 33 57 10 9 29 8 21 30 10 10 27 23 14 30 22 18 62 76 59 39 59 43 84 59 35 42 39 34 24 45 41 37 37 27 13 12 4 3 2 1 0 0 1 1 1 1 0 0 0 0 0 0 0 0 0 0 0 0 0 1 1 1 3 6 9 36 12 3 2 2 1 1 1 1
7 14 39 23 20 23 37 35 31 35 28 47 31 33 30 49 40 22 55 46 21 24 19 19 8 34 10 3 22 21 8 15 12 20 46 63 43 35 20 38 46 27 22 18 43 79 59 39 34 33 26 28 26 37 42 36 13 8 2 1 1 1 1 2 2 1 0 0 0 0 0 0 0 0 0 0 0 0 0 0 1 1 3 2 9 14 18 19 6 3 4 5 2 1 1 1
29 22 24 27 35 32 51 28 39 32 21 36 23 49 29 44 42 30 31 58 8 13 13 9 16 4 10 11 10 16 5 12 7 15 16 38 35 62 29 12 35 53 45 45 59 28 38 27 20 23 17 17 28 26 20 19 19 10 8 2 2 2 1 1 1 1 0 0 0 0 0 0 0 0 0 0 0 0 0 1 3 2 5 4 5 25 52 18 8 10 12 6 2 1 1 0
10 27 32 37 22 22 29 57 19 30 22 16 28 30 21 42 39 24 16 24 12 9 7 15 10 7 8 7 5 8 4 10 35 24 15 11 48 27 34 28 12 24 68 74 80 51 23 15 30 33 30 12 19 24 17 16 11 3 4 5 2 1 1 1 0 1 0 0 0 0 0 0 0 0 0 0 1 2 2 4 7 7 9 4 3 14 40 12 7 20 13 4 2 1 1 0
7 10 23 35 26 28 23 43 20 20 20 19 15 25 17 23 50 13 10 16 5 7 1 8 5 6 4 3 6 5 8 12 16 42 25 29 17 23 34 12 24 20 19 36 36 26 26 16 29 20 29 16 15 13 11 18 7 3 1 1 1 1 0 0 0 1 0 0 0 0 0 0 0 0 0 1 1 2 5 9 15 24 13 6 5 8 17 17 19 13 5 2 1 1 1 1
4 4 22 13 15 38 28 18 29 19 33 25 17 30 21 12 19 7 8 6 6 2 1 1 3 4 2 3 6 4 4 7 6 8 7 16 9 13 15 9 20 33 60 34 34 17 19 8 11 11 16 12 11 12 13 7 4 2 1 0 1 2 0 1 1 1 0 0 0 0 0 0 0 0 0 1 1 6 6 18 39 32 22 22 9 12 42 44 24 10 6 2 2 2 1 1
5 2 3 9 12 21 39 39 50 13 17 27 6 17 7 10 27 4 5 6 6 7 1 2 4 2 1 8 14 21 21 3 12 11 24 28 28 34 25 32 45 50 54 61 58 56 53 25 25 38 23 11 9 7 6 4 2 1 0 1 1 3 3 1 1 0 0 0 0 0 0 1 1 1 1 1 2 7 10 22 24 43 33 37 26 54 34 32 16 17 11 9 5 3 1 1
1 1 5 8 11 13 12 22 13 21 22 12 2 2 2 2 13 2 1 2 1 3 2 3 2 1 1 4 11 8 44 57 43 41 62 43 45 29 32 39 50 53 52 72 44 27 26 7 15 28 36 23 10 5 4 4 4 3 7 3 1 2 1 1 0 0 0 0 0 0 0 1 2 1 2 1 2 4 14 26 54 40 48 42 61 40 41 35 12 12 23 15 8 3 2 2
0 2 1 1 2 9 12 14 11 9 7 11 2 6 1 6 2 1 1 1 1 0 1 1 2 2 11 9 14 8 14 39 75 52 68 87 86 68 67 62 24 67 72 64 77 62 60 34 28 29 23 18 18 6 6 12 10 5 3 1 2 2 2 1 0 0 0 0 0 0 0 1 3 4 4 2 3 2 8 11 49 64 60 29 26 73 36 38 32 32 13 13 9 5 3 3
0 1 0 1 2 5 4 12 20 9 3 1 2 0 1 3 1 18 1 5 17 10 4 2 1 1 1 3 4 9 11 13 18 68 55 81 86 81 79 68 64 34 76 77 79 57 63 41 27 26 12 10 4 6 2 2 3 3 2 1 1 1 0 0 0 0 0 0 0 0 1 1 2 5 6 3 4 6 8 10 39 64 53 21 56 55 40 59 55 29 27 18 13 7 10 6
0 0 2 4 6 2 4 10 9 7 3 1 1 0 1 1 0 0 6 6 7 23 14 3 1 1 3 5 5 12 10 17 25 21 15 56 86 57 81 49 59 58 54 69 66 59 37 19 41 34 22 17 18 13 7 3 3 2 1 1 1 0 0 0 0 0 0 0 0 0 0 2 3 7 18 9 6 9 20 27 52 67 39 37 55 21 10 19 24 11 9 16 10 10 4 2
0 0 1 0 1 1 2 2 3 2 2 1 0 0 0 1 0 0 1 3 2 1 26 11 2 0 3 7 8 13 13 11 22 29 18 22 55 72 66 64 64 55 60 49 55 63 55 29 12 30 26 21 15 17 11 4 2 1 1 1 0 0 0 0 0 0 0 0 0 1 1 1 3 5 16 23 10 9 13 50 56 79 34 40 66 27 24 18 12 7 6 9 7 4 1 0
0 0 0 1 0 0 1 1 2 2 1 1 0 0 0 0 1 1 3 7 2 2 2 12 11 2 6 21 18 17 28 21 28 42 35 27 27 61 48 54 27 35 24 36 35 33 9 34 19 16 19 11 9 12 9 8 5 3 2 2 1 1 1 0 0 0 0 0 1 1 2 3 3 6 7 28 41 19 40 40 73 66 59 75 29 32 33 26 27 26 13 12 8 4 1 0
0 0 0 0 0 0 0 1 1 2 0 0 1 0 0 0 1 3 4 2 1 1 2 27 9 6 7 7 2 9 14 18 31 35 36 41 23 21 25 19 33 20 10 11 18 26 21 25 11 9 13 10 8 5 5 4 3 2 1 1 0 0 0 0 0 0 0 0 2 1 2 3 7 6 10 12 62 17 25 60 73 54 62 68 59 49 34 58 47 11 10 6 3 1 1 0
0 0 0 0 0 0 0 0 0 1 1 0 0 0 1 1 1 2 5 5 2 2 1 4 5 4 5 17 4 22 32 23 21 33 31 44 43 25 17 10 10 17 21 20 28 27 17 8 10 13 9 7 5 6 4 4 2 1 1 0 0 0 0 0 0 0 1 1 1 2 5 2 1 9 33 29 59 39 43 64 73 69 52 60 42 25 25 47 29 20 6 4 2 1 1 0
0 0 0 0 0 0 0 1 0 0 0 0 3 5 10 5 2 1 1 2 4 5 3 12 23 14 11 13 12 15 30 31 36 40 35 47 47 63 45 19 20 12 13 12 13 10 12 6 4 7 6 7 7 5 2 2 1 1 1 0 0 0 0 0 0 0 2 1 2 3 5 5 3 10 29 22 53 71 49 65 68 70 68 64 42 51 33 32 27 17 10 5 2 1 1 1
0 0 0 0 0 0 0 0 0 0 0 0 0 0 1 16 2 1 1 1 4 3 4 7 2 10 19 42 47 37 28 41 43 53 52 44 49 57 66 59 29 20 20 23 22 13 6 8 10 7 11 10 4 2 3 2 2 1 1 0 0 0 0 0 0 1 2 4 7 9 7 8 6 14 50 27 13 59 85 62 67 71 63 54 42 25 8 20 25 15 6 2 2 1 2 2
0 0 0 0 0 0 0 0 0 1 2 1 0 1 1 1 1 0 1 2 2 8 5 5 13 13 5 12 20 51 57 53 61 70 59 44 59 70 73 61 34 32 26 34 31 32 14 26 13 6 3 2 3 3 1 1 1 1 0 0 0 0 0 0 1 2 2 7 12 14 13 17 12 21 46 57 19 50 68 61 59 40 28 16 21 31 13 14 13 7 6 3 3 3 2 1
0 0 0 0 0 0 0 0 0 0 0 0 0 2 1 1 1 2 1 3 6 4 4 8 6 19 10 3 4 45 33 68 82 63 63 63 47 57 67 67 56 60 45 28 37 42 20 20 13 7 5 5 2 3 2 1 1 1 1 1 0 0 0 1 1 2 3 9 12 24 21 34 15 18 43 61 54 36 69 43 31 19 30 22 18 8 7 10 17 14 5 5 4 4 3 1
0 0 0 0 0 0 0 0 0 0 0 0 0 0 0 0 2 5 1 3 2 4 5 6 6 15 15 9 8 6 10 9 51 53 52 47 36 56 50 35 30 22 19 16 24 38 18 14 10 9 6 4 2 1 1 1 2 1 1 1 0 0 0 1 1 3 8 9 11 19 46 30 36 15 21 57 52 75 46 31 37 25 23 23 27 11 14 15 11 4 5 8 10 4 2 1
0 0 0 0 0 0 0 0 0 0 0 3 1 0 0 1 1 3 4 1 1 2 2 4 7 7 13 13 26 29 15 28 31 22 11 23 32 40 26 32 16 17 9 13 14 15 12 16 7 6 4 3 4 3 1 1 1 2 1 0 0 0 0 1 1 3 3 4 5 7 21 50 64 22 13 43 31 67 31 43 26 25 16 24 25 22 17 6 11 9 10 13 5 3 1 1
0 0 0 0 0 0 0 0 0 0 1 2 0 0 1 2 6 3 3 1 1 2 2 5 9 14 30 30 15 12 10 13 31 37 27 22 41 46 40 35 37 29 44 34 18 15 15 16 12 6 2 3 2 2 2 2 1 1 0 0 0 0 0 0 2 3 5 12 9 6 12 20 42 52 31 30 64 52 42 35 18 32 31 20 11 22 23 17 22 25 10 8 3 1 1 1
0 0 0 0 0 0 0 0 0 0 0 0 0 1 1 2 6 1 5 1 3 3 3 5 38 56 42 15 35 47 45 23 43 41 36 34 44 58 48 42 52 39 29 27 23 21 29 30 15 8 9 6 8 6 4 1 1 1 0 0 0 0 0 1 3 4 11 18 20 11 8 10 30 51 61 35 72 51 50 53 46 28 34 41 32 27 37 26 19 22 19 6 5 3 1 1
0 0 0 0 0 0 0 0 0 0 0 1 1 1 3 2 10 4 1 4 3 8 7 14 32 61 58 32 16 27 31 29 19 24 33 26 30 39 36 60 67 40 44 41 49 40 32 32 18 12 13 14 8 4 4 2 2 1 1 0 0 1 1 2 4 8 22 20 14 15 14 22 27 25 19 70 71 51 42 42 31 36 54 45 45 51 43 48 33 24 10 5 4 3 2 1
0 0 0 0 0 0 0 0 1 3 7 1 0 1 3 1 2 1 1 2 6 7 11 47 26 17 39 38 29 44 54 42 22 14 20 19 34 43 53 51 40 41 69 61 64 52 30 16 12 9 4 7 7 3 2 2 1 1 1 0 0 1 1 3 6 13 22 23 22 32 30 27 55 59 46 51 68 59 33 40 43 54 51 32 43 43 39 26 31 12 6 4 6 3 2 2
0 0 0 0 0 0 1 2 7 5 13 9 2 1 5 4 2 0 1 1 2 2 5 26 6 13 30 53 58 68 83 38 57 35 21 13 25 70 53 56 65 17 23 10 14 27 14 20 10 10 8 8 6 5 2 1 1 1 1 0 0 1 1 3 10 26 22 23 16 52 72 27 61 76 77 60 47 48 43 29 39 37 42 57 46 39 24 21 22 16 12 11 7 5 2 1
0 0 0 0 0 0 0 0 0 1 1 0 2 2 3 2 3 1 1 2 2 2 9 17 3 3 4 29 37 26 47 79 48 60 58 52 51 50 43 46 56 55 42 48 43 24 26 32 17 15 12 5 4 3 2 2 1 1 1 0 0 2 4 7 13 21 26 24 20 18 50 73 43 66 75 72 59 39 56 45 58 60 42 32 41 38 25 18 18 28 21 14 5 3 2 1
0 0 0 0 0 0 0 0 1 1 1 2 2 2 3 3 6 2 1 4 6 5 9 30 6 1 9 5 14 27 10 24 56 46 65 62 40 15 16 15 33 38 34 43 53 53 32 16 24 19 10 12 8 3 2 4 1 1 1 0 1 3 8 13 26 38 24 21 51 44 31 27 68 74 61 72 54 53 73 71 30 27 29 36 34 23 34 25 25 12 10 4 2 2 1 1
0 0 0 0 0 0 0 0 0 0 1 1 0 2 1 1 3 0 1 1 1 11 12 30 16 6 8 13 21 17 17 7 6 15 18 17 17 17 17 12 9 16 14 20 41 40 22 35 29 23 19 13 9 7 6 4 3 1 1 0 2 4 8 22 37 36 26 40 40 67 50 47 31 31 51 54 71 65 44 49 42 55 49 57 44 34 46 37 16 8 5 5 2 1 1 1
0 0 0 0 0 0 0 0 0 0 0 1 1 2 1 4 3 1 1 1 3 13 21 24 8 1 9 21 16 29 31 11 36 44 48 41 39 34 35 18 14 16 46 55 54 33 36 30 30 30 21 14 12 9 7 5 3 2 1 0 1 4 17 29 28 46 34 46 46 40 81 60 48 35 21 64 47 68 56 55 59 72 70 60 48 55 38 28 11 7 6 4 2 1 2 2
0 0 0 0 0 0 0 0 0 0 1 1 8 10 7 21 7 2 1 1 8 12 22 19 8 20 4 20 22 35 19 43 39 27 32 37 30 31 16 27 51 61 36 37 28 39 31 26 35 26 28 20 13 10 7 6 2 2 1 1 1 2 9 30 62 52 35 52 46 39 37 55 65 21 15 31 68 80 76 67 65 64 65 68 59 39 40 22 30 11 6 3 1 3 1 8
0 0 0 0 0 0 0 0 0 1 2 1 8 10 16 2 1 1 0 3 6 9 20 27 31 11 16 16 14 15 22 64 28 28 35 39 39 25 38 40 66 57 54 51 51 50 46 37 47 34 33 18 15 10 9 4 2 2 2 1 1 2 9 22 51 46 60 66 54 71 65 66 63 31 32 50 65 63 67 59 58 56 54 58 46 37 34 35 34 23 7 4 3 5 4 12
0 0 0 0 0 0 0 0 0 2 1 2 3 34 3 1 3 2 1 4 6 8 13 6 7 5 32 7 18 16 39 25 38 49 38 39 40 43 54 47 39 55 58 64 60 62 51 56 46 23 19 16 12 14 12 5 3 2 2 1 1 3 10 21 40 39 38 58 75 61 76 65 68 34 56 59 64 67 49 49 53 55 42 35 34 33 30 26 21 19 13 10 3 8 13 14
0 0 0 0 0 0 0 0 0 1 1 2 1 5 1 0 2 2 5 4 5 14 14 6 5 15 9 14 24 46 52 47 43 45 35 39 53 53 58 53 58 70 70 54 49 64 63 57 37 31 23 19 13 9 8 9 6 3 1 1 2 5 11 23 29 42 36 43 67 82 74 68 59 82 69 45 36 41 53 53 49 51 52 45 33 40 22 35 20 13 14 10 5 12 13 13
0 0 0 0 0 0 0 0 1 0 1 1 0 0 0 0 2 2 2 4 7 5 5 17 16 6 7 28 53 15 15 16 38 35 43 52 54 54 53 53 57 68 54 57 69 61 64 62 34 32 24 18 15 7 7 8 4 3 3 1 1 3 18 28 43 40 40 38 40 41 54 57 58 69 17 41 43 42 38 41 42 40 36 55 45 42 35 30 18 17 15 7 8 16 16 23
0 0 0 0 0 0 0 0 1 1 1 1 1 2 1 1 0 1 1 5 10 5 31 30 7 10 16 28 15 17 20 25 33 27 41 49 53 53 45 73 58 49 51 64 34 52 67 63 56 46 17 15 12 14 13 7 5 6 3 1 0 2 7 25 35 43 75 54 56 54 48 30 46 64 44 53 55 42 42 42 49 44 50 49 45 18 19 14 17 28 16 5 12 28 31 31
0 0 0 0 0 0 0 0 1 2 2 0 0 1 2 2 1 0 1 5 5 22 15 6 8 26 13 14 14 20 23 24 19 29 35 54 38 37 61 53 46 67 73 42 61 60 58 60 45 26 19 25 24 18 16 13 11 7 3 2 1 2 11 19 30 57 73 84 53 62 50 31 34 71 75 38 48 55 59 40 39 42 53 45 29 13 28 25 17 11 6 3 16 30 32 33
0 0 0 0 0 0 1 1 1 3 0 0 1 0 0 0 1 0 2 6 5 5 2 6 19 4 4 11 15 18 35 27 20 34 41 45 44 59 65 65 46 42 48 59 54 58 44 47 39 34 30 37 32 14 15 12 12 6 4 2 1 5 9 22 39 51 68 77 70 68 52 54 58 73 47 40 38 41 49 54 39 71 56 31 37 41 30 19 10 4 3 9 22 35 33 37
0 0 0 0 0 0 0 1 2 0 0 0 1 1 1 1 2 2 5 2 2 2 1 7 5 7 10 19 25 23 20 15 20 25 46 33 70 65 66 40 28 29 40 57 64 59 54 54 53 46 42 38 23 14 11 9 8 7 6 5 2 7 14 29 50 56 50 48 69 79 70 33 43 70 39 45 67 65 62 69 63 48 45 43 44 43 18 18 9 7 7 20 28 33 27 38
0 0 0 0 0 0 0 0 0 0 0 0 0 1 1 2 1 2 3 9 6 5 1 5 8 15 16 30 15 9 17 19 31 30 62 31 17 13 14 31 35 54 67 70 70 64 56 56 39 52 32 27 29 16 18 10 8 8 6 6 4 13 23 29 55 55 49 30 50 69 69 46 58 65 42 27 47 72 71 69 68 40 46 48 43 38 18 14 21 9 21 26 16 39 40 42
0 0 0 0 0 0 0 0 1 1 0 0 1 0 1 0 1 6 3 2 3 5 5 4 13 9 12 16 10 13 34 27 19 66 19 13 38 42 45 43 62 68 62 68 71 72 65 58 43 43 37 34 33 27 23 19 14 9 7 4 10 17 40 66 62 58 45 50 57 59 70 43 46 58 69 49 52 54 68 71 58 62 46 49 44 32 21 6 9 21 23 14 24 31 59 44
0 0 0 0 0 0 0 0 0 0 1 1 0 0 0 1 1 1 3 4 3 5 2 4 10 12 10 12 15 17 17 21 30 21 6 24 29 38 50 82 60 58 68 71 71 71 58 51 43 35 37 35 35 20 25 15 18 16 10 10 13 33 32 56 58 54 49 59 59 51 75 68 49 64 66 50 57 59 56 55 62 51 41 38 40 24 11 4 9 30 16 25 37 37 59 42
0 0 0 0 0 0 0 0 0 1 0 0 0 0 0 0 2 1 1 5 14 5 1 2 15 9 18 13 12 10 33 64 37 5 12 36 27 56 65 61 60 71 70 55 60 59 59 57 41 44 40 39 37 31 29 25 22 21 14 13 15 21 29 37 58 72 59 75 74 61 51 52 56 57 70 70 53 51 42 44 49 43 38 41 34 18 8 5 23 27 30 49 55 43 51 39
0 0 0 0 0 0 0 1 0 0 0 0 0 0 0 4 1 2 2 6 5 2 4 7 1 11 12 6 32 18 42 28 6 11 40 15 36 32 47 72 74 58 47 78 71 50 58 59 55 50 44 43 39 36 34 31 27 15 17 20 21 40 28 30 32 56 76 77 72 70 77 75 51 62 50 47 31 39 53 58 44 47 34 40 35 9 6 23 20 33 48 54 48 33 47 47
0 0 0 0 0 0 0 0 0 0 0 0 0 0 0 2 1 0 0 1 1 2 7 2 1 4 4 5 30 28 28 4 8 17 29 62 30 39 61 65 65 56 65 37 50 46 59 70 55 53 51 46 43 38 37 34 20 12 23 36 29 43 40 43 42 53 59 83 61 56 39 62 46 31 32 47 57 46 41 43 42 28 43 31 13 9 17 24 33 31 36 46 60 48 50 47
0 0 0 0 0 0 0 0 0 0 0 0 0 0 1 4 1 1 1 1 6 2 4 1 3 7 4 18 34 13 7 6 8 13 45 50 51 41 47 51 54 62 49 38 45 76 63 58 56 68 55 49 48 42 40 35 21 15 35 42 60 63 49 50 40 54 65 66 77 54 43 36 45 52 45 63 48 50 43 46 34 38 23 15 10 17 32 38 32 50 47 36 37 46 40 34
0 0 0 0 0 0 0 0 0 0 0 1 0 0 2 1 1 0 2 3 2 3 1 3 12 3 4 22 15 11 10 9 22 27 51 37 44 42 40 27 31 53 65 57 65 57 61 62 71 57 55 66 30 43 40 26 15 34 48 49 72 68 51 63 49 38 46 74 72 30 63 39 40 52 55 54 50 52 51 40 33 37 16 20 17 31 36 42 36 39 48 36 37 46 51 42
0 0 0 0 0 0 0 0 0 0 0 0 0 2 0 0 1 1 2 4 1 1 2 3 4 3 4 14 6 5 10 8 27 37 40 44 25 34 31 38 47 53 57 73 56 57 57 75 59 57 71 57 54 48 31 28 17 33 60 59 62 72 56 64 65 49 49 51 76 26 35 63 65 48 48 50 61 50 58 56 38 33 12 12 19 34 46 51 56 52 49 49 37 41 59 49
0 0 0 0 0 0 0 0 0 0 0 0 1 0 0 1 1 0 0 1 1 2 3 3 3 5 8 1 3 6 16 16 32 44 9 8 32 26 35 33 37 49 58 68 69 55 75 53 72 74 55 54 56 50 34 32 20 35 60 66 60 68 48 51 67 41 62 39 57 30 30 61 35 56 54 53 51 53 70 48 43 14 12 18 33 38 45 51 39 29 38 58 30 33 50 67
0 0 0 0 0 0 0 0 0 0 0 0 1 0 0 0 0 0 0 0 0 1 3 2 2 5 2 1 4 3 13 3 19 13 6 18 13 15 22 45 50 54 61 65 58 44 63 71 68 61 64 54 54 53 51 32 32 37 65 76 72 67 58 45 66 61 31 32 67 26 48 45 43 50 48 45 54 33 33 37 17 11 18 35 36 45 53 52 31 36 48 28 18 23 34 64
0 0 0 0 0 0 0 0 0 0 0 0 0 0 0 1 1 0 0 0 0 2 1 1 2 2 2 13 10 8 24 17 27 13 7 6 15 17 20 20 27 53 39 48 62 34 30 30 49 53 63 58 54 54 38 23 39 53 64 66 83 73 49 48 53 59 47 15 48 8 13 25 37 50 53 59 59 58 49 47 21 13 22 35 37 62 65 54 42 37 44 44 36 22 32 50
0 0 0 0 0 0 0 0 0 0 0 0 1 0 1 1 2 0 1 0 2 2 1 2 4 2 3 0 1 3 15 4 7 3 6 14 7 12 13 15 44 41 32 52 29 35 39 52 54 68 57 61 58 41 36 25 39 54 66 66 71 51 51 61 60 35 31 27 41 15 20 21 22 17 38 50 47 50 34 31 13 22 35 38 41 64 58 26 39 52 33 50 25 28 33 55
0 0 0 0 0 0 0 0 0 0 0 1 1 1 1 2 2 0 1 2 2 1 1 3 3 2 0 1 1 5 5 3 2 9 14 10 17 15 18 33 25 38 53 30 37 38 56 52 65 54 54 56 58 41 20 38 45 74 66 65 63 65 48 68 57 38 28 40 23 15 33 45 48 55 58 54 46 23 20 11 17 36 36 40 42 67 66 23 25 48 34 53 29 29 35 69
0 0 0 0 0 0 0 0 0 0 1 0 1 1 0 0 0 0 1 3 2 1 3 1 3 5 1 1 1 9 3 2 3 10 25 10 12 17 30 11 41 36 27 40 36 53 55 67 67 58 68 54 41 42 28 45 47 67 75 55 61 64 45 32 48 46 24 24 27 41 48 34 39 42 34 46 36 25 10 30 24 38 44 56 48 64 68 35 34 36 19 56 30 33 34 50
0 1 0 3 3 1 1 1 1 0 1 0 0 0 1 0 0 0 1 2 1 1 2 0 1 1 0 1 2 5 2 4 28 11 7 6 11 15 16 36 54 43 52 28 42 63 67 54 53 71 62 46 42 43 29 56 68 58 62 68 52 59 60 29 58 54 23 19 33 42 30 33 52 42 46 28 36 32 20 39 41 38 43 56 42 47 53 48 51 33 33 60 29 32 28 43
1 2 3 1 3 8 1 0 0 0 0 0 0 0 0 0 0 2 3 1 1 1 1 1 2 4 1 1 1 4 5 25 5 3 7 11 5 4 20 29 32 21 59 45 51 66 37 50 65 60 48 45 41 39 41 55 64 66 59 66 47 47 50 43 35 42 20 8 20 49 34 45 47 53 43 43 46 43 33 39 41 51 47 53 42 33 48 44 42 39 38 56 32 24 35 40
0 0 1 0 0 1 1 1 0 0 0 0 0 1 0 0 1 1 0 1 0 1 3 0 3 4 1 1 4 9 14 29 6 8 12 2 2 4 9 22 21 32 52 54 51 53 52 51 55 53 45 45 39 40 48 44 60 71 62 45 62 33 41 38 26 14 7 5 4 20 35 56 54 44 39 38 33 14 26 35 38 53 47 51 35 51 63 64 47 40 32 41 48 13 35 44
0 0 0 0 0 0 0 0 0 0 0 0 0 0 1 0 0 1 0 0 0 0 0 1 4 2 0 1 1 3 2 3 8 6 5 8 5 2 28 10 17 15 43 31 57 41 46 35 55 57 38 40 34 35 44 60 60 70 64 55 44 49 29 26 6 6 13 25 20 29 34 44 43 31 29 27 12 23 39 36 39 53 55 36 44 45 55 59 45 40 30 40 46 17 21 52
0 0 1 0 0 0 0 0 0 0 0 0 0 0 0 0 0 0 0 0 0 3 3 2 4 1 0 1 1 1 1 9 8 5 9 7 11 3 19 15 3 17 45 40 48 44 45 57 50 48 44 36 36 58 58 47 64 53 54 28 41 33 13 13 10 8 17 33 26 19 47 51 61 56 47 16 21 25 36 48 56 40 50 37 48 59 58 53 40 40 32 28 45 38 16 31
0 0 0 0 0 0 0 0 0 0 0 0 0 0 0 0 0 2 0 1 5 1 2 2 5 3 1 1 1 3 5 4 4 15 5 9 10 5 44 18 6 28 11 42 37 32 51 30 46 42 35 38 31 57 64 49 52 42 47 48 19 18 17 10 10 6 9 13 17 16 41 49 58 69 36 18 23 35 32 56 55 46 45 49 32 55 60 55 45 47 17 34 36 31 23 17
0 0 0 0 0 0 0 0 0 0 0 0 0 0 0 1 0 1 0 0 1 4 1 4 1 0 0 0 0 2 5 2 3 6 10 18 6 9 31 24 12 31 9 43 28 24 32 25 39 37 46 31 29 46 52 78 29 30 27 17 21 9 9 9 4 7 14 14 19 21 45 50 32 51 25 18 38 40 35 39 53 44 43 40 44 54 52 66 52 33 22 36 41 18 21 14
0 0 0 0 0 0 0 0 0 0 0 0 0 0 0 0 0 0 0 0 0 0 0 0 0 0 0 0 1 1 3 4 7 5 7 9 5 4 10 34 15 22 19 30 9 31 23 36 42 26 39 30 35 29 50 53 47 32 18 6 11 7 4 9 5 7 15 14 28 26 35 42 36 25 23 36 37 35 36 30 36 49 54 47 39 52 60 54 59 26 18 51 28 33 21 10
0 0 0 0 0 0 0 0 0 0 0 0 0 0 0 0 0 0 1 0 0 0 1 1 1 2 1 0 0 0 1 3 5 5 7 6 6 5 2 19 39 32 18 11 10 14 16 31 26 11 31 24 26 23 33 54 40 26 10 4 5 1 1 2 3 4 9 22 30 40 51 35 24 16 40 34 39 53 48 37 28 39 41 46 49 69 33 62 36 22 18 50 27 43 13 11
0 0 0 0 0 0 0 0 0 0 0 0 0 0 0 0 0 0 0 0 0 0 0 2 4 0 1 0 0 0 0 1 1 5 3 2 7 4 4 12 41 36 11 7 10 15 35 12 23 9 16 26 21 39 32 26 24 14 15 3 6 2 3 1 5 13 13 19 29 25 35 37 10 19 29 31 48 40 34 21 31 14 40 46 45 31 54 41 44 30 18 36 24 36 26 8
0 0 0 0 0 0 0 0 0 0 0 0 0 0 0 0 0 0 0 0 1 0 1 1 1 1 2 1 0 0 1 2 1 2 2 2 8 1 1 11 14 28 13 9 6 47 20 11 9 17 29 26 17 29 45 18 39 7 9 8 4 4 4 2 5 5 8 14 34 43 24 15 18 29 26 31 25 28 22 7 19 22 34 33 34 42 42 34 11 27 9 27 43 16 7 12
0 0 0 0 0 0 0 0 0 0 0 0 0 0 0 0 0 0 0 0 0 0 0 1 1 5 1 0 1 0 2 2 2 3 2 3 4 1 3 5 13 12 18 12 11 55 15 18 11 15 22 17 22 41 49 17 29 8 4 5 3 1 1 7 7 9 14 19 46 19 14 16 28 25 23 28 34 36 26 18 23 30 42 43 42 33 28 44 8 18 12 12 40 6 6 9
0 0 0 0 0 0 0 0 0 0 0 0 0 0 0 0 0 0 0 0 0 0 1 1 2 1 0 1 0 0 1 3 3 5 4 6 4 3 3 5 13 20 16 13 12 14 16 25 17 7 8 20 32 30 29 17 12 6 3 4 2 1 2 3 7 14 19 23 21 24 26 25 21 27 37 14 18 35 24 17 25 24 21 46 27 22 10 18 15 12 30 10 23 8 8 9
0 0 0 0 0 0 0 0 0 0 1 0 0 0 0 0 0 0 0 0 0 0 2 1 1 1 2 5 2 2 1 3 3 8 4 8 3 7 6 4 8 4 11 17 3 13 16 26 16 12 18 27 21 16 16 6 7 6 2 2 1 2 2 2 4 9 9 26 41 23 25 20 19 36 24 10 13 35 32 19 18 21 17 16 28 21 4 8 13 27 12 11 7 5 10 16
