sesion_6_simulaciones/modelos_agentes/ejemplos_netlogo/scenarios/echam4_a2/rob_2072.asc
NCOLS 322 
NROWS 307 
XLLCORNER 451900 
YLLCORNER 4086900 
CELLSIZE 100 
NODATA_value -9999 
[rows 0 to 72 of 307, columns 96 to 191 of 322]
0 0 0 0 0 0 0 0 0 0 0 0 0 0 0 0 0 0 0 0 0 0 0 0 0 0 0 0 0 0 0 0 0 0 0 0 0 0 0 0 0 0 1 2 3 3 3 3 9 2 1 2 1 0 0 0 0 0 0 0 0 0 0 0 0 0 1 0 0 1 1 1 1 1 1 1 2 3 2 18 14 8 15 19 27 17 19 22 26 35 15 9 5 2 3 7
0 0 0 0 0 0 0 0 0 0 0 0 0 0 0 0 0 0 0 0 0 0 0 0 0 0 0 0 0 0 0 0 0 0 0 0 0 0 0 0 0 0 0 0 11 19 10 6 22 7 5 2 0 0 2 0 0 0 0 0 0 0 0 0 0 0 0 0 0 0 0 1 2 1 3 5 9 4 4 6 8 7 14 20 24 16 15 22 22 14 17 10 14 4 6 7
0 0 0 0 0 0 0 0 0 0 0 0 0 0 0 0 0 0 0 0 0 0 0 0 0 0 0 0 0 0 0 0 0 0 0 0 0 0 0 0 1 1 1 2 0 0 0 2 18 8 6 7 1 3 1 1 0 0 0 0 0 1 2 1 3 0 0 1 0 0 0 0 1 1 2 5 13 17 8 4 6 6 11 13 22 14 18 24 11 10 14 8 11 9 5 4
0 0 0 0 0 0 0 0 0 0 0 0 0 0 0 0 0 0 0 0 0 0 0 0 0 0 0 0 0 0 0 0 0 0 0 0 0 0 1 2 4 7 3 1 0 0 0 0 1 0 1 1 0 1 1 0 1 0 0 0 0 1 3 3 5 4 3 0 1 1 0 1 1 1 2 3 5 2 2 4 7 7 12 14 17 11 10 14 8 8 11 11 5 7 2 8
0 0 0 0 0 0 0 0 0 0 0 0 0 0 0 0 0 0 0 0 0 0 0 0 0 0 0 0 0 0 0 0 0 0 0 0 1 1 4 11 13 11 6 2 1 0 1 1 0 0 1 1 0 2 0 0 1 0 0 0 1 2 2 5 2 1 4 1 2 2 1 1 0 1 2 1 3 3 3 4 4 4 21 12 7 9 9 14 8 10 8 13 3 5 9 9
0 0 0 0 0 0 0 0 0 0 0 0 0 0 0 0 0 0 0 0 0 0 0 0 0 0 0 0 0 0 0 0 0 0 0 1 2 6 12 9 17 19 15 5 1 2 1 1 1 1 1 3 0 0 0 1 0 0 0 0 2 2 0 0 0 1 2 0 0 0 0 1 5 2 1 1 1 1 1 3 2 4 4 5 9 5 5 11 9 5 8 5 5 9 14 4
0 0 0 0 0 0 0 0 0 0 0 0 0 0 0 0 0 0 0 0 0 0 0 0 0 0 0 0 0 0 0 0 0 0 1 5 9 11 15 19 24 26 7 2 3 7 3 4 2 2 1 3 1 1 1 0 0 0 1 0 0 0 0 0 0 0 1 3 1 1 0 1 0 0 3 1 1 2 1 2 2 1 2 2 4 4 3 6 5 2 5 4 4 6 3 4
0 0 0 0 0 0 0 0 0 0 0 0 0 0 0 0 0 0 0 0 0 0 0 0 0 0 0 0 0 0 0 0 0 1 1 7 8 17 24 20 20 4 6 5 13 8 5 13 5 4 2 2 3 3 1 1 1 3 4 5 1 0 0 0 1 0 1 1 2 1 1 0 0 0 0 1 2 8 5 1 2 2 1 2 6 3 3 4 7 10 3 2 1 2 3 3
0 0 0 0 0 0 0 0 0 0 0 0 0 1 0 0 0 0 0 0 0 0 0 0 0 0 0 0 0 0 0 0 1 3 8 2 2 4 4 4 9 5 4 8 23 13 5 7 8 4 2 2 18 2 1 2 1 2 0 1 5 2 1 0 1 1 0 0 0 0 1 1 0 0 1 0 1 1 1 5 6 13 3 4 1 1 2 14 3 8 4 14 7 4 3 5
0 0 0 0 0 0 0 0 0 0 0 0 0 0 0 0 0 0 0 0 0 0 0 0 0 0 0 0 0 0 0 1 1 2 5 5 5 6 4 4 2 2 5 11 31 11 3 3 6 6 4 2 3 31 11 8 1 1 0 3 1 2 0 1 0 0 0 0 1 1 1 1 1 1 1 3 1 2 10 12 3 10 5 2 1 2 1 4 4 8 3 10 33 16 3 3
0 0 0 0 0 0 0 0 0 0 0 0 0 0 0 0 0 0 0 0 0 0 0 0 0 0 0 0 0 0 1 1 10 6 3 4 6 14 14 8 5 2 2 3 14 3 4 6 7 4 7 2 5 5 31 12 2 1 1 3 1 1 1 0 0 1 1 0 1 3 2 3 2 1 2 4 2 1 2 9 4 7 6 10 2 3 2 3 16 11 10 11 34 33 12 4
0 0 0 0 0 0 0 0 0 0 0 0 0 0 0 0 0 0 0 0 0 0 0 0 0 0 0 0 0 2 3 3 4 5 4 4 6 20 14 10 6 3 4 7 8 3 4 12 5 5 13 4 6 13 4 9 3 2 3 2 1 1 2 1 1 0 2 2 5 16 17 21 1 3 6 5 3 2 2 12 4 1 6 16 3 4 4 5 15 7 6 8 24 24 20 13
0 0 0 0 0 0 0 0 0 0 0 0 0 0 0 0 0 0 0 0 0 0 0 0 0 0 0 0 0 1 5 3 4 4 6 18 18 5 8 17 6 2 3 14 10 4 8 7 9 11 18 13 12 23 11 8 6 4 6 1 1 1 2 1 1 1 1 2 7 4 13 8 5 2 2 8 2 2 1 2 6 1 9 27 3 5 11 6 5 27 10 4 8 12 30 36
0 0 0 0 0 0 0 0 0 0 0 0 0 0 0 0 0 0 0 0 0 0 0 0 0 0 0 0 1 1 2 3 3 2 2 3 3 2 2 5 6 1 1 1 4 3 7 6 23 31 38 37 19 23 11 17 12 6 5 5 1 1 2 2 2 2 1 2 2 1 0 0 5 3 2 2 1 4 2 1 1 1 5 17 18 6 10 13 7 7 21 7 16 25 58 34
0 0 0 0 0 0 0 0 0 0 0 0 0 0 0 0 0 0 0 0 0 0 0 0 0 0 0 0 1 1 1 1 1 2 4 4 4 3 2 1 4 1 3 2 1 1 8 15 19 46 51 45 28 37 20 35 23 11 8 11 1 5 7 4 2 2 1 1 1 0 1 4 10 4 5 8 4 3 2 2 5 1 5 20 32 7 4 5 7 6 4 5 15 23 24 24
0 0 0 0 0 0 0 0 0 0 0 0 0 0 0 0 0 0 0 0 0 0 0 0 0 0 0 0 0 0 0 2 2 4 3 5 12 15 6 1 2 2 1 3 1 1 1 15 19 23 32 21 23 21 30 17 20 10 15 11 1 4 1 5 10 5 1 1 3 0 1 11 8 6 2 1 2 4 5 5 5 5 6 24 43 68 23 14 7 6 6 3 19 55 38 17
0 0 0 0 0 0 0 0 0 0 0 0 0 0 0 0 0 0 0 0 0 0 0 0 0 0 0 0 1 2 1 1 1 2 3 7 14 20 17 1 3 3 1 2 6 7 8 2 10 19 11 12 7 9 21 28 23 19 21 16 3 5 3 3 6 1 1 2 1 1 1 8 4 5 1 1 2 2 13 6 7 8 12 21 52 69 67 11 8 9 9 7 24 51 44 48
0 0 0 0 0 0 0 0 0 0 0 0 0 0 0 0 0 0 0 0 0 0 0 0 0 0 0 0 0 0 1 1 1 1 5 15 9 15 16 6 10 12 8 8 15 14 20 11 4 1 2 3 2 1 6 40 67 76 29 7 19 6 5 3 6 3 1 4 1 1 9 8 6 5 1 6 9 4 9 7 6 7 5 3 39 44 47 36 21 13 13 10 14 35 41 13
0 0 0 0 0 0 0 0 0 0 0 0 0 0 0 0 0 0 0 0 0 0 0 0 0 0 0 0 0 0 1 1 1 2 4 6 2 4 5 18 13 18 22 29 27 15 22 22 10 8 6 7 8 1 1 11 67 70 34 12 10 13 4 3 4 1 1 2 0 7 13 13 10 23 3 4 10 11 15 43 15 10 6 4 11 29 40 34 46 21 18 22 9 26 64 15
0 0 0 0 0 0 0 0 0 0 0 0 0 0 0 0 0 0 0 0 0 0 0 0 0 0 0 0 0 0 0 2 1 1 2 1 4 5 5 10 25 28 24 11 16 8 17 25 13 11 12 3 7 3 6 4 16 23 33 27 15 6 4 8 6 1 1 7 16 10 26 46 7 43 8 2 10 39 15 45 39 21 18 8 10 46 67 50 63 37 30 20 9 18 58 43
0 0 0 0 0 0 0 0 0 0 0 0 0 0 0 0 0 0 0 0 0 0 0 0 0 0 0 0 0 0 0 0 1 1 2 1 2 4 3 15 8 10 28 22 11 12 15 32 28 11 21 15 4 8 14 10 14 37 44 30 7 5 24 17 6 1 8 7 11 14 11 13 6 9 24 14 9 7 13 52 13 13 36 21 20 9 59 34 66 25 36 21 15 15 28 45
0 0 0 0 0 0 0 0 0 0 0 0 0 0 0 0 0 0 0 0 0 0 0 0 0 0 0 0 0 0 0 0 1 4 3 2 11 3 7 3 10 8 8 9 23 30 66 51 50 17 20 15 14 15 26 20 18 39 54 44 41 6 9 8 3 4 15 2 9 16 27 10 18 6 27 35 14 8 19 66 74 31 11 50 38 14 10 24 65 52 49 41 22 20 27 54
0 0 0 0 0 0 0 0 0 0 0 0 0 0 0 0 0 0 0 0 0 0 0 0 0 0 0 0 0 0 1 3 4 1 0 12 6 2 2 3 8 19 13 11 11 41 38 17 24 18 34 20 21 22 22 25 16 24 46 23 16 10 4 4 4 12 18 1 7 5 17 29 30 7 8 25 24 36 14 54 78 47 52 20 39 22 7 21 71 75 27 58 40 26 33 54
0 0 0 0 0 0 0 0 0 0 0 0 0 0 0 0 0 0 0 0 0 0 0 0 0 0 0 0 1 0 0 0 0 0 0 1 2 4 1 4 6 15 18 23 24 10 9 7 5 4 19 13 8 12 23 12 15 15 17 22 21 12 5 7 23 12 7 3 7 8 7 26 20 17 17 46 50 26 25 15 51 60 39 64 25 20 15 19 20 58 25 43 41 23 22 31
0 0 0 0 0 0 0 0 0 0 0 0 0 0 0 0 0 0 0 0 0 0 1 0 0 0 1 1 2 1 0 0 1 1 0 0 0 5 4 1 4 12 23 34 25 25 21 19 16 16 8 7 4 2 3 4 4 5 25 24 28 11 14 14 7 18 7 9 18 12 8 20 33 36 8 47 60 32 33 23 42 66 32 17 54 34 21 23 20 32 37 38 50 29 18 18
0 0 0 0 0 0 0 0 0 0 0 0 0 0 0 0 0 0 0 0 1 3 4 7 5 4 4 2 4 2 9 14 10 3 1 1 1 1 1 2 7 6 11 17 27 34 37 29 27 27 15 15 16 17 16 16 17 13 35 33 24 16 10 9 7 21 14 21 6 24 10 8 28 20 10 29 36 16 21 21 23 43 70 20 30 18 26 14 14 25 19 31 17 18 14 17
0 0 0 0 0 0 0 0 0 0 0 0 0 0 0 0 0 2 1 3 6 7 8 14 11 15 12 11 12 16 10 2 5 9 4 1 2 2 1 1 4 6 10 21 20 24 34 25 27 28 22 22 27 28 15 26 16 17 27 18 18 11 5 5 5 21 13 22 23 30 6 10 16 21 17 32 33 46 14 23 26 13 37 27 21 37 17 18 5 15 22 17 21 16 19 18
0 0 0 0 0 0 0 0 0 0 0 0 0 0 1 5 3 2 4 1 2 3 7 14 20 16 64 29 26 26 2 2 2 2 4 3 4 2 4 3 4 11 15 15 29 27 21 38 31 23 20 23 23 22 22 24 24 6 14 11 11 7 6 10 19 43 41 17 19 9 18 7 17 22 23 15 15 33 34 19 30 20 33 33 12 40 20 15 5 10 24 25 18 25 17 10
0 0 0 0 0 0 0 0 0 0 1 2 5 6 12 15 7 9 9 5 2 1 6 13 9 8 6 16 19 16 5 1 1 1 1 1 3 3 4 5 2 6 11 13 6 7 4 16 28 19 29 27 20 20 19 31 24 8 9 7 4 10 17 24 32 25 11 15 9 21 20 27 15 16 22 16 18 20 38 25 22 22 22 17 21 20 21 20 14 6 16 9 12 19 9 9
0 0 0 0 0 0 0 0 1 3 9 8 18 21 17 41 13 13 28 4 16 3 2 7 5 3 5 6 5 5 14 4 2 0 1 0 2 1 2 5 5 7 15 6 8 9 5 18 12 7 7 6 5 12 13 7 22 12 9 6 7 10 22 24 30 23 10 26 38 18 27 18 15 15 14 10 14 13 21 25 24 23 10 19 13 7 8 6 9 6 5 1 2 3 4 7
0 0 0 0 0 1 2 3 4 14 12 29 22 35 31 29 9 14 31 17 5 5 3 2 2 2 1 1 3 3 3 24 4 1 1 1 5 21 23 14 11 7 6 4 7 8 8 3 3 5 5 10 15 15 9 10 19 11 17 5 8 13 26 15 28 13 10 20 35 35 21 17 9 16 13 8 5 2 7 12 19 13 8 6 5 6 5 5 3 3 3 4 21 12 14 19
0 1 1 1 3 8 6 10 17 19 19 51 27 33 17 28 13 29 23 23 3 8 9 3 2 1 1 0 1 1 1 2 3 1 1 2 1 3 3 5 3 4 4 9 10 6 8 4 7 9 25 32 23 13 30 5 24 19 4 2 2 8 7 19 16 19 12 7 12 19 14 14 8 3 3 4 7 5 14 21 15 20 13 20 23 24 21 19 19 27 10 13 39 26 18 34
2 3 4 9 9 9 12 23 33 25 62 24 9 19 15 18 23 22 21 28 6 4 6 3 3 1 1 1 2 2 2 4 2 1 3 2 3 3 6 4 8 5 10 11 16 16 13 12 10 12 18 38 34 33 37 12 28 19 9 12 7 2 2 3 5 4 8 6 6 6 7 6 6 10 18 18 29 19 32 19 22 32 19 32 25 50 35 20 33 31 19 21 34 29 23 39
7 19 20 12 19 21 33 20 28 16 43 4 7 5 11 18 20 13 9 21 9 3 1 1 2 2 2 2 3 1 10 7 5 3 4 4 4 4 5 5 6 8 8 9 19 13 20 14 8 29 19 19 21 13 12 10 38 14 12 24 20 12 13 14 15 15 28 21 16 16 17 17 25 27 26 16 27 27 30 30 31 31 31 31 51 39 34 29 32 21 33 24 38 25 46 41
1 2 10 12 21 18 30 24 8 1 1 1 3 2 2 3 4 8 14 24 8 2 2 4 2 2 7 4 6 4 6 5 4 3 2 7 6 2 6 5 6 10 10 12 9 9 15 11 9 16 20 14 17 18 11 15 11 9 12 17 14 18 18 22 25 21 33 30 26 15 26 25 22 24 34 24 25 38 26 37 39 28 34 34 61 35 34 34 34 32 33 26 41 42 41 49
1 1 1 1 1 1 3 4 4 1 1 2 4 4 2 1 1 2 12 9 4 2 8 2 5 7 7 4 6 3 3 2 4 4 1 2 3 2 3 4 3 9 6 5 6 8 16 10 6 8 15 11 5 17 8 17 7 8 13 10 20 14 12 13 17 11 35 22 14 23 22 21 31 20 31 21 23 34 34 37 29 24 37 38 43 34 31 36 29 31 31 28 56 42 31 32
2 5 4 2 2 2 1 1 2 1 2 3 3 2 1 1 0 4 3 4 7 11 11 3 6 4 5 4 2 1 0 1 2 2 1 2 1 1 2 3 5 3 4 3 3 10 8 5 9 12 10 14 3 15 11 3 11 12 12 6 12 11 19 19 14 22 18 20 20 14 19 31 28 19 30 28 22 35 21 30 24 33 37 54 44 29 17 43 29 33 39 39 42 18 42 29
2 2 2 2 1 1 1 1 3 4 5 6 5 1 2 4 5 6 7 10 23 13 13 6 3 2 2 3 2 2 1 1 1 1 2 1 0 1 1 3 1 1 3 4 3 11 4 5 10 6 10 2 5 5 2 4 13 9 4 10 6 12 16 11 8 17 19 18 11 19 37 36 30 16 25 31 26 34 19 20 25 31 36 37 28 18 19 38 30 20 42 41 38 17 12 42
1 2 3 3 4 2 4 3 3 4 6 12 10 7 5 9 4 11 12 13 15 6 2 2 4 2 1 1 2 1 1 0 1 1 0 1 0 2 1 1 1 1 3 2 2 12 4 4 4 3 3 4 3 2 1 2 4 10 4 7 9 17 12 6 17 17 22 16 10 16 28 41 30 17 21 29 32 22 17 13 23 47 45 40 39 16 34 60 34 14 35 51 52 21 11 42
1 3 2 2 1 3 3 1 1 3 4 6 6 7 8 9 9 10 12 8 8 3 2 2 1 1 1 2 1 1 0 1 0 0 1 1 1 0 1 1 1 0 2 1 0 2 2 3 1 2 2 1 3 0 0 0 1 4 2 6 10 7 7 21 15 17 11 4 10 24 30 36 28 17 18 39 42 21 21 13 26 52 24 20 23 20 34 51 30 18 16 61 64 34 17 32
0 1 1 3 2 2 1 1 1 1 3 4 3 4 13 5 6 6 4 3 4 2 1 2 1 1 1 1 1 1 0 1 0 0 0 1 0 0 0 1 1 1 1 1 2 1 3 1 0 1 1 1 1 0 0 0 0 1 1 4 7 7 10 22 5 14 4 5 7 24 32 26 23 15 16 28 45 13 21 8 40 61 25 12 11 18 31 45 27 17 16 40 52 44 11 25
0 0 2 1 1 1 1 0 0 1 2 1 1 3 2 2 1 2 3 1 1 1 1 1 0 0 0 0 0 2 0 0 0 0 0 0 0 0 0 0 0 0 0 0 1 0 1 0 0 0 0 1 1 0 0 0 1 0 0 2 2 3 17 5 10 11 7 9 10 14 16 12 17 6 8 18 12 7 18 7 17 29 23 19 9 12 25 32 20 20 15 19 33 17 11 19
0 0 0 0 0 0 0 0 0 0 0 0 0 1 1 1 1 1 1 1 1 0 0 0 0 0 0 0 0 0 0 0 0 0 0 0 0 0 0 0 0 0 0 0 0 0 1 0 0 0 0 0 0 0 0 0 0 0 0 1 1 3 1 3 14 4 5 11 9 9 6 11 6 3 6 9 7 5 11 7 7 15 8 6 8 6 7 29 26 11 7 13 23 9 5 14
0 0 0 0 0 0 0 0 0 0 0 0 0 0 0 1 0 0 0 1 0 0 0 0 0 0 0 0 0 0 0 0 0 0 0 0 0 0 0 0 0 0 0 0 0 0 0 0 0 0 0 0 0 0 0 0 0 1 0 0 0 0 1 4 1 2 7 3 3 2 2 5 1 1 2 4 2 3 5 2 6 7 3 4 5 7 2 5 22 6 4 7 14 7 5 4
0 0 0 0 0 0 0 0 0 0 0 0 0 0 0 0 0 0 0 0 0 0 0 0 0 0 0 0 0 0 0 0 0 0 0 0 0 0 0 0 0 0 0 0 0 0 0 0 0 0 0 0 0 0 0 0 1 0 0 1 0 0 1 0 1 3 1 1 1 1 0 3 0 0 1 2 1 3 3 1 2 2 1 3 4 6 2 3 10 4 2 4 4 2 2 2
0 0 0 0 0 0 0 0 0 0 0 0 0 0 0 0 0 0 0 0 0 0 0 0 0 0 0 0 0 0 0 0 0 0 0 0 0 0 0 0 0 0 0 0 0 0 0 0 0 1 1 0 0 0 0 0 0 0 0 0 0 0 0 0 1 0 0 0 0 1 0 1 0 1 0 0 0 1 1 1 2 1 1 1 2 1 1 1 4 1 1 1 4 3 4 3
0 0 0 0 0 0 0 0 0 0 0 0 0 0 0 0 0 0 0 0 0 0 0 0 0 0 0 0 0 0 0 0 0 0 0 0 0 0 0 0 0 0 0 0 0 1 0 2 0 0 0 0 1 1 2 0 0 0 0 0 0 0 0 0 0 0 0 0 0 0 0 0 0 0 0 1 0 1 0 0 1 0 1 1 4 1 1 1 2 2 1 3 5 5 12 25
0 0 0 0 0 0 0 0 0 0 0 0 0 0 0 0 0 0 0 0 0 0 0 0 0 0 0 0 0 0 0 0 0 0 0 0 0 0 0 1 0 0 0 1 0 0 1 1 0 1 0 0 0 1 1 0 1 1 0 1 1 3 1 0 0 0 0 0 0 1 1 1 1 3 3 3 5 11 4 2 2 5 4 3 0 14 10 8 3 1 3 1 3 14 5 14
0 0 0 0 0 0 0 0 0 0 0 0 0 0 0 0 0 0 0 0 0 0 0 0 0 0 0 0 0 0 0 0 0 0 0 0 0 0 0 0 0 1 0 1 2 0 0 0 1 1 1 0 0 1 2 0 3 1 2 2 0 1 1 0 0 1 0 2 6 0 0 1 2 0 1 5 1 3 1 16 1 5 11 4 2 13 6 7 15 13 12 2 6 11 5 3
0 0 0 0 0 0 0 0 0 0 0 0 0 0 0 0 0 0 0 0 0 0 0 0 0 0 0 0 0 0 0 0 0 0 0 0 0 0 0 0 0 0 1 2 1 0 0 0 1 1 1 0 0 1 1 3 1 0 2 3 1 0 0 1 1 2 1 1 2 2 0 3 5 1 1 8 0 0 1 12 8 2 2 8 6 23 9 20 27 26 5 16 3 3 14 31
0 0 0 0 0 0 0 0 0 0 0 0 0 0 0 0 0 0 0 0 0 0 0 0 0 0 0 0 0 0 0 0 0 0 0 0 0 0 0 0 0 1 0 0 3 1 0 0 1 1 1 2 1 3 3 10 1 3 9 7 3 0 1 1 1 9 6 7 2 6 1 1 5 1 3 8 2 2 1 5 3 5 1 1 2 21 20 22 38 15 3 25 7 8 20 22
0 0 0 0 0 0 0 0 0 0 0 0 0 0 0 0 0 0 0 0 0 0 0 0 0 0 0 0 0 0 0 0 0 0 0 0 0 0 0 1 0 1 0 1 1 2 1 1 2 4 9 15 2 7 19 27 4 10 17 8 3 1 3 4 2 1 1 1 5 19 1 1 5 1 5 6 22 2 5 30 11 17 11 2 3 10 22 24 13 10 21 50 10 9 5 6
0 0 0 0 0 0 0 0 0 0 0 0 0 0 0 0 0 0 0 0 0 0 0 0 0 0 0 0 0 0 0 0 0 0 0 0 0 0 2 0 1 1 0 5 3 1 1 1 2 5 12 8 8 4 12 45 6 6 15 10 14 9 8 13 1 2 3 2 6 13 7 4 1 3 10 37 20 18 3 47 4 22 30 7 6 7 19 10 13 5 43 60 25 12 20 7
0 0 0 0 0 0 0 0 0 0 0 0 0 0 0 0 0 0 0 0 0 0 0 0 0 0 0 0 0 0 0 0 0 0 0 0 0 0 1 1 2 1 4 1 12 1 1 2 1 3 18 8 4 1 1 8 16 20 24 21 40 17 19 16 9 4 8 5 17 9 25 8 4 4 9 30 34 32 13 27 29 23 34 40 14 9 5 5 5 9 44 23 43 17 20 13
0 0 0 0 0 0 0 0 0 0 0 0 0 0 0 0 0 0 0 0 0 0 0 0 0 0 0 0 0 0 0 0 0 0 0 0 0 0 0 0 0 0 0 0 1 1 8 5 2 1 4 1 2 1 1 1 2 10 13 10 15 22 21 15 31 6 6 5 2 27 66 7 5 4 20 17 20 20 7 13 15 7 42 58 34 16 3 4 6 6 5 13 55 15 12 20
0 0 0 0 0 0 0 0 0 0 0 0 0 0 0 0 0 0 0 0 0 0 0 0 0 0 0 0 0 0 0 0 0 0 0 0 0 0 0 0 0 1 0 0 0 1 2 4 6 1 2 1 3 1 2 3 3 1 3 8 8 3 7 22 45 19 6 10 16 38 62 12 3 2 4 8 23 15 22 29 18 4 27 48 60 13 9 5 16 19 9 15 73 28 27 39
0 0 0 0 0 0 0 0 0 0 0 0 0 0 0 0 0 0 0 0 0 0 0 0 0 0 0 0 0 0 0 0 0 0 0 0 0 1 0 0 0 1 1 0 1 1 1 1 2 1 2 6 7 6 5 4 3 3 2 2 0 0 1 41 33 28 14 7 8 33 48 46 22 5 3 11 19 14 16 13 27 19 8 62 63 36 13 10 23 14 34 71 71 68 41 44
0 0 0 0 0 0 0 0 0 0 0 0 0 0 0 0 0 0 0 0 0 0 0 0 0 0 0 0 0 0 0 0 0 0 0 0 0 1 1 1 1 1 1 1 0 2 1 3 2 1 3 18 25 23 23 14 8 8 7 7 6 5 6 14 16 26 21 7 2 24 16 52 49 10 5 22 23 19 10 29 48 16 9 13 62 71 20 11 39 44 37 56 32 64 26 18
0 0 0 0 0 0 0 0 0 0 0 0 0 0 0 0 0 0 0 0 0 0 0 0 0 0 0 0 0 0 0 0 0 0 0 1 0 0 1 3 1 2 1 1 0 1 5 5 3 3 3 12 47 61 37 41 31 27 18 17 54 57 61 48 30 26 18 9 4 3 13 27 71 37 32 7 19 26 13 2 10 20 21 42 61 75 37 23 12 26 24 17 70 68 81 41
0 0 0 0 0 0 0 0 0 0 0 0 0 0 0 0 0 0 0 0 0 0 0 0 0 0 0 0 0 0 0 0 0 0 1 1 1 2 7 2 5 4 1 2 3 4 6 7 6 5 3 7 31 53 49 58 69 58 31 20 15 23 34 48 63 59 59 40 17 1 4 37 42 42 29 29 17 7 12 12 36 35 16 20 21 65 60 23 12 17 22 23 18 56 49 59
0 0 0 0 0 0 0 0 0 0 0 0 0 0 0 0 0 0 0 0 0 0 0 0 0 0 0 0 0 0 0 1 0 0 0 1 1 1 1 1 1 19 14 5 15 7 5 6 9 10 11 6 5 7 41 41 36 66 68 51 41 34 22 31 40 65 66 67 60 49 25 49 31 62 25 25 17 14 19 15 14 21 12 40 23 63 76 20 11 33 36 21 20 27 53 70
0 0 0 0 0 0 0 0 0 0 0 0 0 0 0 0 0 0 0 0 0 0 0 0 0 0 0 0 0 0 0 0 0 0 0 0 1 1 2 3 2 1 4 26 27 45 31 16 12 7 10 14 13 9 14 27 24 19 45 47 50 58 65 48 22 27 66 72 72 52 51 71 46 78 58 37 32 34 18 10 13 31 12 28 37 22 68 35 11 27 39 35 13 8 50 72
0 0 0 0 0 0 0 0 0 0 0 0 0 0 0 0 0 0 0 0 0 0 0 0 0 0 0 0 0 0 0 0 0 0 0 1 1 2 2 3 5 4 3 2 2 37 43 38 17 11 8 16 15 10 3 3 4 5 5 6 16 33 25 46 51 25 28 46 42 37 59 58 57 54 59 61 67 53 29 36 35 33 14 17 55 66 41 53 19 8 37 38 18 38 77 32
0 0 0 0 0 0 0 0 0 0 0 0 0 0 0 0 0 0 0 0 0 0 0 0 0 0 0 0 0 0 0 0 0 0 0 0 0 1 1 2 2 3 7 9 11 10 3 2 16 17 23 7 9 5 8 13 12 13 13 12 15 6 5 7 10 7 6 5 8 27 37 53 47 43 34 31 29 57 50 39 31 23 50 44 45 59 48 61 41 13 13 33 52 81 48 73
0 0 0 0 0 0 0 0 0 0 0 0 0 0 0 0 0 0 0 0 0 0 0 0 0 0 0 0 0 0 0 0 0 0 0 0 0 1 1 1 2 4 5 7 11 9 9 10 7 4 5 3 6 14 15 20 20 23 25 36 17 5 5 16 16 28 16 18 5 4 13 40 31 19 19 22 29 43 49 63 56 27 22 27 28 33 49 60 64 23 13 30 87 63 54 65
0 0 0 0 0 0 0 0 0 0 0 0 0 0 0 0 0 0 0 0 0 0 0 0 0 0 0 0 0 0 0 0 0 0 0 0 0 0 0 1 2 2 2 3 5 5 5 10 9 8 13 15 18 22 18 16 27 34 36 38 21 17 18 27 25 20 27 16 7 12 11 3 3 3 6 4 13 14 6 14 25 17 19 13 16 18 44 55 47 30 14 69 71 45 74 71
0 0 0 0 0 0 1 0 0 0 0 0 0 0 0 0 0 0 0 0 0 0 0 0 0 0 0 0 0 0 0 0 0 0 0 0 0 0 0 0 1 2 2 1 3 3 6 7 11 9 14 7 8 12 19 20 24 27 43 37 23 23 27 25 35 39 45 39 22 24 8 4 2 7 7 13 35 23 17 15 14 11 7 11 11 17 25 37 58 54 24 81 36 25 66 79
0 0 0 0 0 0 0 0 0 0 0 0 0 0 0 0 0 0 0 0 0 0 0 0 0 0 0 0 0 0 0 0 0 0 0 0 0 0 1 1 1 1 3 2 4 4 5 6 8 4 14 7 7 6 12 13 32 34 42 30 14 23 20 32 34 54 48 49 42 25 19 21 20 26 26 38 45 35 23 24 40 49 33 18 25 18 8 16 33 67 49 78 33 33 76 91
0 0 0 0 0 0 1 0 0 0 0 0 0 0 0 0 1 0 0 0 0 0 0 0 0 0 0 0 0 0 0 0 0 0 0 0 0 0 0 0 1 1 1 2 2 3 3 7 5 5 6 7 4 4 9 12 23 22 18 16 17 17 24 24 27 54 52 43 39 21 33 32 35 38 34 35 49 33 33 35 37 40 29 46 50 33 34 12 20 46 44 44 43 29 57 76
0 0 0 0 1 1 1 1 2 0 0 0 0 1 0 0 0 0 0 0 0 0 0 0 0 0 0 0 0 0 0 0 0 0 0 0 0 0 0 0 1 1 0 1 1 2 2 4 2 1 1 4 4 3 4 11 14 11 8 5 6 16 15 16 37 41 38 37 19 17 26 27 29 48 29 41 42 50 30 34 44 40 43 61 56 58 44 18 12 41 38 53 41 19 43 63
0 0 0 0 0 2 0 0 0 1 1 0 0 0 1 0 0 0 0 0 0 0 0 0 0 0 0 0 0 0 0 0 0 0 0 0 0 0 0 0 0 0 1 1 1 0 2 1 1 0 2 1 2 1 3 9 4 5 3 4 4 7 6 14 28 30 31 31 16 28 35 35 24 32 36 36 39 30 24 39 45 43 43 63 39 37 24 25 17 11 20 41 40 14 38 29
0 0 0 0 0 0 2 3 3 1 0 0 0 0 1 1 0 0 1 0 0 0 0 0 0 0 0 0 0 0 0 0 0 0 0 0 0 0 0 0 0 0 0 0 0 0 0 0 0 0 3 0 1 0 2 1 1 3 1 2 2 3 6 13 9 22 22 14 13 18 28 28 14 26 22 22 32 23 20 29 44 39 53 36 27 38 39 54 52 25 7 8 26 20 17 21
0 0 0 0 1 1 1 2 1 3 2 0 2 0 0 0 0 4 2 0 0 0 0 0 0 0 0 0 0 0 0 0 0 0 0 0 0 0 0 0 0 0 0 0 0 0 0 0 0 0 0 0 0 1 0 1 1 1 1 1 1 1 7 5 8 8 7 8 14 18 15 17 16 19 7 12 12 7 11 16 42 25 20 23 37 50 70 61 56 35 27 10 6 14 13 11
