sesion_6_simulaciones/modelos_agentes/ejemplos_netlogo/scenarios/echam4_a2/rob_2046.asc
NCOLS 322 
NROWS 307 
XLLCORNER 451900 
YLLCORNER 4086900 
CELLSIZE 100 
NODATA_value -9999 
[rows 74 to 147 of 307, columns 96 to 191 of 322]
9 34 18 9 9 10 11 34 11 10 7 37 14 58 42 20 3 1 1 2 16 9 3 1 2 0 0 0 0 1 0 0 0 1 0 0 0 0 1 0 0 0 0 0 0 1 1 0 0 1 0 2 6 3 3 2 3 5 10 6 5 31 23 16 27 36 20 30 36 39 32 40 26 45 16 18 33 41 36 33 16 42 64 60 46 29 34 41 26 35 28 25 24 12 3 1
13 17 14 11 8 10 14 33 15 22 30 16 6 12 13 27 12 11 19 25 57 12 10 6 1 3 0 0 1 0 0 6 1 1 2 1 0 0 0 0 0 1 1 1 2 1 1 3 9 1 1 0 1 3 1 1 3 7 5 2 7 9 26 15 21 14 13 15 24 35 17 47 14 19 14 8 31 16 11 34 48 43 21 23 35 37 34 33 47 45 57 57 37 27 10 5
21 12 11 14 8 18 8 34 12 35 36 9 15 31 24 12 17 35 13 33 30 39 23 22 3 2 1 0 0 1 3 5 3 1 2 2 2 0 1 1 0 0 0 0 0 3 1 2 1 3 0 0 1 0 1 1 2 6 2 4 3 2 9 9 14 7 16 8 31 18 7 22 13 11 12 14 9 5 40 25 25 27 43 32 50 56 55 68 73 60 64 63 46 35 24 15
23 7 21 19 12 10 14 22 19 26 56 19 27 16 18 26 44 21 38 29 50 52 20 10 16 1 1 1 2 2 3 1 3 1 4 0 7 1 1 4 0 0 0 0 0 1 3 6 3 8 5 3 1 0 0 0 2 1 1 1 2 1 7 5 7 4 11 8 12 4 3 4 10 3 10 4 4 7 22 16 30 30 28 48 68 66 75 62 63 75 56 60 43 40 27 24
24 12 19 20 27 14 16 21 8 49 67 55 27 15 35 25 34 42 59 24 21 34 35 47 9 5 5 6 12 4 3 1 2 3 0 1 1 2 3 3 1 0 0 0 1 1 5 3 1 16 9 4 4 2 2 0 1 0 1 1 1 1 0 2 1 2 2 4 3 1 2 2 8 4 2 1 5 9 9 10 30 57 70 63 70 76 51 62 70 52 58 44 37 39 38 56
44 45 15 41 52 25 8 26 9 24 34 58 40 24 25 4 37 70 32 29 35 18 45 45 12 7 25 32 22 17 24 3 1 1 1 4 4 1 1 2 4 0 0 1 1 1 4 18 12 15 16 11 10 2 7 6 4 1 0 0 1 3 1 1 1 2 1 2 0 0 5 7 5 3 15 12 4 2 10 32 35 50 57 56 49 66 67 79 63 46 47 36 33 48 69 51
75 84 59 56 16 14 10 10 10 33 16 9 44 50 9 30 61 31 18 14 29 9 5 31 32 30 35 28 34 17 32 19 3 3 4 7 2 2 0 1 8 2 0 1 2 7 3 4 16 7 17 32 13 10 11 3 7 10 9 5 4 1 4 1 1 0 2 3 4 6 3 0 0 1 2 14 14 31 9 23 34 28 57 43 43 47 67 74 60 54 51 41 72 72 37 35
62 53 71 16 13 13 21 16 14 18 22 4 13 21 24 31 13 47 39 28 21 25 4 9 40 57 41 17 12 28 9 5 17 17 15 7 11 8 2 1 9 6 0 1 5 3 2 1 5 3 28 35 10 41 18 6 18 5 5 3 9 1 4 6 5 1 3 5 13 2 6 1 1 1 2 1 4 32 28 23 12 24 48 49 30 43 71 60 54 51 53 61 75 64 35 57
82 81 66 35 29 38 41 26 18 18 32 3 14 25 33 15 16 66 34 21 37 60 26 27 45 86 36 6 16 12 7 7 2 4 33 9 4 3 4 5 14 8 3 1 3 3 3 5 6 19 22 55 46 49 20 18 21 10 17 7 10 6 6 4 4 5 1 2 9 4 11 15 12 6 2 3 4 2 25 48 56 16 33 33 23 63 50 33 46 62 54 75 51 49 41 71
36 57 81 76 16 17 40 40 58 27 29 8 25 54 32 9 17 78 22 36 27 32 18 59 27 32 17 25 28 15 11 11 4 17 49 19 14 3 3 11 4 1 3 1 2 2 2 5 7 11 9 52 38 53 33 26 37 15 26 20 11 15 6 5 8 3 10 3 9 18 27 22 12 5 6 2 2 7 5 44 35 26 9 33 50 18 30 34 47 41 54 46 29 41 42 83
25 36 49 66 69 20 37 28 19 52 42 19 28 53 38 22 36 72 38 33 18 14 64 68 53 41 15 48 35 20 7 3 28 64 57 48 35 6 11 9 6 1 3 2 3 5 6 5 9 3 2 18 57 68 33 45 31 26 52 34 16 7 4 2 16 4 23 10 8 21 27 22 5 3 7 5 8 7 7 16 51 51 42 17 8 32 48 54 46 64 24 39 40 65 40 74
25 40 58 45 65 65 58 55 30 41 59 15 31 62 46 51 40 51 50 60 61 14 40 44 77 60 58 65 48 50 24 59 70 54 49 73 55 11 10 16 5 1 3 2 3 5 6 5 9 7 14 17 64 68 41 25 33 67 53 46 18 5 10 13 27 15 40 33 24 10 46 22 23 16 14 6 6 9 11 10 26 60 33 58 46 14 37 14 47 21 22 43 34 66 46 62
24 19 12 11 33 56 34 20 25 35 40 21 46 70 52 19 40 30 49 66 72 61 24 29 30 35 71 83 46 55 73 74 76 53 60 53 47 49 20 25 9 20 10 12 3 6 11 17 13 17 11 23 63 86 55 41 63 56 69 55 20 14 12 13 47 21 38 33 24 15 32 23 13 3 8 4 2 6 13 8 4 46 59 44 30 60 36 38 36 45 38 49 64 64 72 36
18 10 1 4 29 30 9 16 22 33 18 34 67 60 27 14 25 34 60 58 71 89 52 26 21 31 79 75 81 34 78 60 55 64 81 73 46 59 29 39 23 55 13 23 15 7 9 7 11 13 14 18 31 81 60 74 62 73 87 52 23 25 22 38 41 27 41 33 24 6 7 12 25 13 17 8 2 5 7 14 26 6 52 55 48 58 66 75 86 53 77 79 65 39 79 27
26 23 8 5 28 22 14 23 29 20 28 38 50 59 28 10 57 58 43 47 53 65 80 76 54 34 58 73 83 76 69 83 76 41 41 30 32 66 18 25 72 47 21 9 8 10 6 10 19 30 38 19 28 52 58 70 66 80 81 60 47 58 53 48 53 13 37 40 27 9 9 29 39 20 9 26 5 4 7 11 21 16 9 47 61 81 61 33 36 54 56 78 65 41 56 71
28 14 14 6 15 12 8 43 24 21 16 25 71 46 20 12 57 39 56 64 60 70 80 78 76 45 56 25 46 77 60 66 71 60 56 54 40 29 38 78 32 35 11 5 11 20 10 15 25 40 33 36 24 30 24 58 71 75 83 57 44 54 42 68 66 30 45 51 16 5 6 24 15 16 46 27 7 7 2 11 14 27 34 12 52 76 70 65 67 55 37 35 54 36 23 45
14 17 8 7 5 4 5 30 28 11 36 53 72 69 23 12 38 14 46 80 78 77 44 58 78 62 60 50 74 91 86 80 55 67 49 31 34 26 56 26 26 17 6 26 48 23 15 18 17 19 22 24 21 22 8 14 56 71 84 51 69 61 73 83 83 32 68 42 34 15 8 18 29 37 62 12 6 27 4 10 10 19 35 31 12 57 59 38 23 37 33 33 26 40 44 41
32 28 17 9 8 4 4 9 23 25 29 63 47 36 50 22 49 16 9 36 43 77 54 51 48 30 52 70 87 93 75 81 84 79 73 39 24 31 74 15 39 35 48 54 53 24 35 9 7 15 42 47 58 56 57 23 10 8 40 56 54 64 77 85 85 54 88 55 52 39 19 21 31 68 38 8 20 15 9 4 13 22 30 31 31 8 24 47 35 37 22 35 60 69 59 59
19 15 9 6 7 5 3 1 12 29 37 43 39 18 21 11 53 25 13 52 44 54 42 50 61 53 42 72 48 74 78 76 78 69 22 31 40 47 40 18 62 56 74 55 42 22 53 39 40 26 38 38 45 34 44 16 7 8 11 41 67 85 77 85 75 44 78 68 32 21 33 48 30 47 22 19 40 24 21 22 19 26 23 28 38 23 7 14 20 25 49 59 69 70 69 62
11 9 10 10 7 6 6 3 4 11 27 38 38 31 16 11 53 22 8 35 26 33 37 48 38 61 58 66 50 20 43 50 40 29 48 47 67 78 46 42 26 62 89 50 29 64 48 32 49 29 36 32 24 34 37 44 25 12 13 65 84 78 83 89 83 81 78 83 62 20 46 32 26 10 13 42 25 8 17 8 12 18 20 24 35 25 34 15 5 30 53 76 82 76 74 51
15 7 18 27 17 14 13 13 9 10 17 28 25 20 19 10 32 15 6 18 31 26 21 27 33 52 51 51 54 42 21 17 26 45 46 75 83 52 63 65 45 81 86 53 69 55 47 22 65 31 51 40 59 69 71 59 38 16 19 33 80 72 87 87 82 75 80 84 76 41 31 39 39 28 27 27 35 55 12 14 8 8 27 24 15 30 50 47 18 21 32 29 49 57 63 55
38 34 25 39 37 28 29 26 17 5 10 15 13 16 12 14 12 10 8 16 16 20 10 16 28 34 41 42 42 53 18 24 28 46 84 87 68 44 73 78 62 75 79 65 56 63 52 37 66 44 38 60 55 68 72 61 43 22 14 19 26 73 83 85 78 68 84 76 50 18 32 54 22 35 58 39 46 20 5 21 9 11 21 22 53 35 24 31 42 46 44 24 16 18 30 37
44 25 40 38 46 35 48 31 18 18 3 5 4 8 13 9 12 10 5 7 16 17 11 11 11 14 46 39 37 18 26 11 38 82 78 78 36 60 87 68 51 56 62 27 37 81 50 66 67 61 43 66 79 55 34 41 49 51 42 27 32 48 71 76 77 73 55 59 30 28 44 40 31 45 52 58 40 23 17 22 15 6 17 46 51 53 37 35 42 49 62 61 45 23 14 28
36 41 48 34 48 46 35 32 29 28 29 14 8 3 3 5 11 9 4 4 9 4 6 7 6 11 36 49 30 21 30 9 51 77 64 40 46 81 89 77 40 52 46 35 79 70 49 44 80 73 40 52 57 74 62 46 18 31 38 47 41 49 40 54 35 56 62 54 29 46 54 49 39 33 53 46 33 42 8 4 20 13 21 36 51 45 41 36 28 39 55 53 51 32 31 12
48 34 49 53 51 37 38 48 31 35 25 25 21 11 6 3 4 7 4 5 8 7 4 5 4 10 13 36 10 12 33 12 40 64 36 41 49 68 62 65 52 55 35 74 77 33 55 85 82 73 72 34 21 32 28 41 23 32 50 57 44 60 43 30 29 45 36 33 28 55 47 60 30 52 55 46 60 22 18 8 23 7 8 13 24 50 52 37 30 26 50 44 53 51 50 28
31 24 50 53 28 39 21 26 47 39 28 29 23 23 14 6 3 2 1 1 1 2 3 4 2 4 5 6 6 33 19 7 14 16 24 56 59 69 91 75 66 52 65 66 60 46 53 89 83 73 87 68 45 59 59 42 27 23 16 30 63 50 41 25 28 46 35 28 38 46 57 62 50 22 26 24 35 21 14 15 2 19 11 18 27 39 43 48 59 43 44 48 56 69 51 42
16 31 70 47 48 28 56 33 51 49 32 33 28 12 11 11 9 8 7 7 7 6 3 3 3 1 2 3 11 35 6 12 15 9 33 61 67 30 61 56 64 52 53 66 53 53 69 88 83 82 84 84 44 31 31 30 33 44 38 11 15 31 31 29 29 37 30 31 29 44 51 63 51 51 14 26 34 18 6 6 19 7 4 20 27 33 43 55 47 65 54 67 69 68 58 54
21 37 59 39 38 39 27 32 52 42 39 36 27 26 14 20 12 17 17 17 10 16 7 7 12 7 1 2 5 20 7 13 19 16 30 37 34 39 31 17 56 66 47 39 49 73 86 86 79 70 80 78 59 44 51 63 62 50 46 21 6 27 22 18 30 23 21 25 39 45 38 46 37 34 40 33 17 26 49 50 35 40 17 17 18 23 32 45 61 52 73 69 65 68 69 70
20 54 21 28 38 32 32 23 44 46 22 19 38 23 18 16 15 19 20 20 19 20 18 15 9 12 4 1 3 10 4 9 15 19 27 26 29 39 39 19 34 73 61 31 62 63 88 82 42 35 47 68 82 73 58 58 56 46 30 15 7 33 19 10 15 20 23 37 42 47 40 42 44 57 66 66 45 64 57 50 36 22 12 5 7 18 43 43 46 56 68 72 73 80 75 74
46 15 25 23 20 33 39 33 16 23 31 36 35 34 18 25 22 24 24 36 33 22 33 20 28 14 11 2 1 6 4 5 10 16 29 30 39 38 37 14 22 43 55 25 57 56 79 51 28 30 53 59 81 76 69 56 57 47 29 25 9 14 12 8 26 20 30 52 45 46 45 39 67 70 84 64 68 49 54 24 8 4 5 11 3 12 27 30 55 74 67 55 44 43 38 41
13 16 32 58 55 40 16 11 16 40 40 37 21 34 33 35 30 41 39 37 38 37 29 34 30 17 8 6 1 1 1 3 2 14 20 49 60 40 40 21 18 18 25 8 26 39 29 34 35 46 47 69 86 77 72 73 70 62 58 36 13 10 13 7 21 27 37 30 25 38 57 54 58 60 61 66 61 43 23 17 13 6 20 18 42 22 10 29 60 52 46 52 55 56 55 56
30 43 37 12 12 20 27 14 25 42 41 38 35 37 34 45 34 42 42 52 27 48 45 39 27 16 7 5 2 1 1 1 2 7 17 29 29 38 47 27 32 24 27 8 20 33 41 71 79 77 88 72 87 84 81 69 73 56 45 32 13 15 13 5 4 11 17 36 47 41 53 71 44 47 43 57 58 17 8 13 9 13 36 27 46 26 48 25 35 36 46 53 51 60 66 62
36 20 28 29 28 19 28 16 39 39 38 41 58 42 52 48 48 64 57 41 45 50 59 28 32 19 13 4 3 2 0 0 0 3 9 16 33 52 49 22 14 21 22 14 23 40 70 53 76 65 69 59 91 87 83 64 51 42 32 14 11 5 5 1 1 8 26 52 59 46 50 70 57 37 28 37 21 22 31 25 12 30 34 37 49 58 34 22 30 31 30 44 52 62 57 76
17 16 12 11 10 10 6 21 44 35 37 57 43 52 53 56 65 39 35 62 51 59 57 33 21 15 17 13 9 7 3 2 1 3 8 7 6 23 37 23 17 19 20 21 38 41 25 45 59 86 60 68 85 73 79 72 58 40 19 14 10 6 1 4 2 5 21 34 63 48 48 21 33 41 28 41 40 35 24 17 15 37 33 40 49 41 16 32 11 18 33 52 56 40 70 73
9 14 24 29 26 15 15 24 38 54 49 49 39 50 72 73 52 37 40 70 56 40 39 37 23 19 21 20 11 9 6 5 2 1 8 8 4 5 5 4 6 11 13 19 33 26 33 52 83 46 36 56 87 76 67 48 40 35 36 24 9 5 1 2 1 5 16 23 36 46 41 29 46 32 36 44 52 57 46 39 36 64 38 30 33 37 43 57 47 21 22 32 31 52 61 57
15 33 23 50 20 20 23 40 37 50 51 22 24 52 52 45 38 40 54 77 45 41 40 40 29 28 18 15 10 5 3 4 6 2 1 6 7 4 3 3 4 10 10 10 13 28 42 27 74 38 52 73 87 65 44 45 38 21 16 20 11 8 1 3 2 2 8 8 25 28 42 46 54 46 70 69 81 41 22 9 56 58 63 42 12 46 61 79 66 50 54 27 57 48 42 80
26 29 51 44 23 39 35 39 56 50 37 27 34 54 39 62 26 40 75 49 39 38 45 44 44 37 23 18 8 10 8 7 8 5 1 1 4 2 2 2 3 6 6 8 11 21 32 28 20 34 60 82 82 59 51 45 26 24 21 14 10 4 4 2 2 2 10 23 34 42 50 52 60 68 73 64 27 24 14 47 55 69 75 79 38 57 79 76 62 48 34 43 32 50 37 53
37 47 25 19 28 34 34 60 24 40 17 36 44 77 57 42 28 64 26 25 54 37 31 24 30 28 27 27 23 16 19 15 9 7 4 3 1 4 3 2 2 3 3 7 16 33 14 28 9 15 42 70 90 85 56 44 32 14 19 12 10 4 5 1 1 4 15 31 55 56 54 59 63 55 46 47 37 44 51 57 63 71 64 81 71 64 61 26 14 8 22 64 55 44 32 37
45 32 22 17 25 36 50 9 50 17 20 39 63 70 49 23 57 49 38 19 21 38 16 18 32 33 45 28 37 35 26 22 12 9 7 5 3 1 1 2 3 3 3 9 10 19 4 18 5 26 40 18 68 79 53 34 17 13 11 5 10 11 5 2 1 11 20 25 32 40 45 48 52 51 68 70 62 58 54 43 60 54 45 74 67 47 37 40 47 44 59 21 46 45 29 30
13 29 24 18 28 48 52 13 35 30 49 33 68 40 25 42 55 25 31 29 65 47 30 24 37 55 43 54 48 55 31 14 3 17 10 8 8 3 1 0 1 3 3 8 10 3 10 18 4 21 19 58 69 46 45 39 35 21 11 7 10 9 6 3 1 1 10 21 31 31 37 42 54 46 39 36 32 29 70 31 58 71 55 53 42 31 64 65 55 64 50 34 33 51 57 59
76 15 29 27 41 21 35 46 40 30 52 45 34 27 31 69 27 39 33 66 61 41 52 42 27 57 61 62 75 57 46 17 7 9 6 5 7 7 6 1 1 3 6 6 3 6 32 9 4 19 58 64 72 35 33 43 26 19 15 8 10 5 4 2 1 1 3 9 17 22 10 26 23 21 35 45 38 33 60 53 51 69 86 48 36 55 53 58 73 58 39 53 36 51 42 56
68 87 77 82 73 42 7 5 47 23 61 75 83 70 47 57 55 66 46 62 50 51 55 50 49 60 75 83 55 61 45 29 30 17 12 13 4 7 8 3 0 2 3 5 2 3 4 4 2 18 39 71 68 25 34 36 33 18 9 12 9 5 4 1 1 1 13 19 22 38 44 50 62 52 32 30 38 66 61 70 76 60 63 77 49 54 67 65 50 28 57 67 29 30 49 60
49 81 66 72 61 50 63 25 52 35 14 35 80 83 87 50 37 51 61 60 54 49 62 51 64 67 79 67 70 68 61 48 35 34 34 14 10 12 8 4 2 0 1 3 6 4 3 2 3 11 32 19 43 18 40 24 33 26 14 7 7 7 3 1 1 6 14 25 33 52 68 55 34 46 65 41 51 67 71 88 78 67 64 62 20 34 34 49 67 77 81 43 65 28 34 47
38 80 48 74 67 50 83 51 37 68 46 34 68 79 69 56 67 47 78 88 88 74 56 40 76 65 73 65 57 51 58 48 46 47 41 26 19 11 6 6 6 2 1 2 4 2 5 1 2 4 9 14 50 30 51 45 25 31 13 12 3 3 2 1 3 8 18 17 32 48 68 71 72 59 72 73 75 72 67 85 84 56 44 43 26 34 54 70 60 89 54 60 67 67 32 37
46 69 55 56 78 46 58 19 44 70 57 29 10 60 67 60 72 55 57 83 87 52 78 37 72 63 73 62 59 35 48 66 64 61 55 26 11 10 12 7 3 2 1 1 6 3 5 1 1 1 7 25 49 13 20 10 26 32 28 11 3 2 1 1 4 7 18 17 33 47 57 67 56 36 33 44 79 56 80 82 89 87 33 30 27 45 69 45 73 85 70 75 56 43 29 41
12 32 19 49 70 51 55 11 48 81 38 22 16 35 70 65 69 69 32 47 69 55 50 66 30 34 81 54 36 26 15 23 39 35 37 38 20 23 20 8 4 2 0 0 2 3 4 3 0 4 9 28 22 37 20 10 11 9 6 3 5 2 1 1 2 6 10 12 21 31 41 29 34 45 46 60 87 88 75 68 82 87 73 29 17 39 34 55 82 68 59 23 14 16 23 39
12 43 67 48 63 35 68 47 59 84 64 37 37 40 72 84 53 12 13 27 39 24 38 75 42 22 70 57 66 31 3 26 53 46 24 45 36 26 10 4 2 1 0 0 0 4 6 2 2 9 12 22 10 16 13 13 3 2 6 6 4 2 0 2 4 4 5 8 10 24 35 34 50 45 56 79 89 87 84 55 65 77 72 43 17 29 48 69 62 31 29 54 50 41 50 63
19 12 12 17 25 40 72 25 65 68 86 57 42 35 34 25 18 14 16 35 30 29 23 70 32 57 61 50 64 79 42 27 32 26 32 39 31 22 13 9 4 1 0 0 0 1 4 3 1 4 14 22 3 7 9 23 8 3 4 5 1 1 0 1 3 7 38 26 35 52 57 71 75 57 70 93 90 89 83 66 26 51 67 64 21 31 48 68 50 48 86 61 37 39 35 71
22 31 14 16 27 49 69 58 40 60 80 62 31 15 38 36 16 39 15 18 27 26 25 71 29 26 63 49 57 70 48 39 51 23 14 15 7 10 6 7 7 5 1 0 0 1 1 1 1 4 12 13 2 8 4 4 9 10 3 1 1 1 0 2 3 8 15 36 60 67 86 61 36 51 81 93 89 82 81 82 72 35 68 67 21 33 55 48 35 73 70 50 57 69 18 7
25 35 29 18 26 19 66 73 66 34 81 55 25 9 33 31 39 41 30 19 25 32 8 38 66 10 28 34 64 82 42 12 27 20 29 32 21 18 10 7 5 3 3 1 0 0 0 0 1 3 15 12 3 4 6 4 7 4 2 2 1 0 1 2 2 11 19 40 58 57 31 31 51 59 77 80 86 79 78 65 79 46 35 41 33 51 41 30 68 86 51 60 63 67 57 17
36 27 32 14 15 18 54 82 50 45 72 70 51 10 33 32 54 43 36 28 30 48 23 27 82 26 37 39 63 63 64 48 46 51 42 32 28 22 15 4 2 1 2 1 0 0 0 1 3 8 22 13 3 6 4 1 1 4 3 2 1 0 0 2 5 16 44 46 40 26 42 45 58 87 78 67 87 64 53 46 74 52 36 12 13 43 42 59 87 65 50 58 78 58 56 25
72 17 34 18 16 24 42 52 17 18 80 62 12 7 31 34 55 46 59 46 51 45 43 33 48 34 19 38 51 47 59 63 41 29 26 13 18 17 17 10 4 2 1 0 1 0 0 1 2 6 14 9 4 2 1 1 1 1 1 1 1 1 0 1 6 23 27 19 15 22 46 54 80 86 86 71 58 75 39 41 69 42 15 7 26 56 65 75 79 37 61 85 75 67 72 35
19 36 15 16 15 12 20 33 25 32 69 38 19 7 25 28 53 22 50 39 36 46 43 29 41 51 30 19 9 32 34 56 30 20 26 19 10 6 10 8 3 1 1 1 0 0 0 1 4 9 12 3 3 3 2 1 1 0 0 0 0 0 1 3 6 16 9 5 18 41 47 54 83 86 76 66 59 65 69 29 39 31 12 12 32 39 63 81 59 54 80 72 68 66 55 47
18 14 29 30 14 15 7 11 9 13 30 16 39 18 12 26 53 25 19 44 23 16 8 44 46 56 13 11 5 15 44 59 54 29 18 9 11 5 4 2 2 2 1 1 0 0 0 1 2 4 6 4 1 2 1 1 2 1 0 0 0 0 1 2 9 5 2 9 32 44 53 77 75 79 72 70 58 48 65 34 21 23 11 12 31 40 67 73 61 47 48 57 51 41 52 60
33 22 16 38 40 26 22 8 6 21 15 12 37 40 14 23 36 38 15 18 17 19 14 68 39 41 26 3 6 4 15 22 46 44 25 16 9 5 3 2 7 3 1 1 0 0 0 1 4 4 4 4 4 2 2 2 2 1 0 0 0 0 1 4 4 1 3 18 36 63 65 82 81 67 48 29 27 27 35 38 27 9 6 12 25 32 55 54 38 26 45 34 22 35 51 65
36 27 16 25 29 44 21 9 3 17 19 9 10 18 10 14 24 33 14 11 10 7 6 18 7 13 33 5 7 6 3 15 44 47 22 13 14 27 21 11 5 2 0 1 1 0 0 0 1 2 2 3 3 2 2 2 3 1 0 0 0 0 0 1 0 2 4 11 36 80 75 69 82 77 51 30 12 5 13 23 17 7 3 7 18 31 48 29 19 42 48 50 74 59 71 65
74 42 26 10 21 35 48 7 11 22 24 13 5 11 10 6 14 33 11 8 8 6 2 11 2 4 22 16 4 9 3 4 20 58 38 18 8 6 5 3 3 2 2 1 0 1 1 0 0 2 2 2 2 4 1 1 1 1 0 0 0 0 0 0 3 12 16 37 61 57 81 84 73 81 73 48 30 13 4 5 15 8 2 1 6 14 17 8 19 40 46 75 76 63 57 63
63 85 42 24 7 13 12 11 13 18 16 10 19 6 8 3 4 28 14 8 5 4 2 7 7 1 10 15 5 8 4 1 10 27 50 28 15 14 17 9 3 2 1 0 0 0 0 0 0 0 2 3 2 1 2 1 0 0 0 0 0 0 0 1 3 18 26 19 29 52 75 69 64 65 81 53 28 11 4 2 3 2 0 2 5 3 5 12 32 44 72 74 46 57 64 64
20 77 82 59 28 14 4 22 10 7 8 8 22 10 6 5 4 25 16 10 4 1 1 4 10 1 6 7 5 8 4 2 10 8 11 38 15 5 8 7 4 1 1 1 0 0 0 0 0 0 1 2 2 1 1 1 1 0 0 0 0 0 0 1 3 3 3 18 64 67 64 60 51 55 57 48 28 12 12 4 1 0 0 2 9 21 20 13 24 50 53 36 34 53 69 64
14 52 60 74 42 21 11 20 20 5 14 8 10 10 15 9 4 9 20 5 4 2 1 2 6 3 4 5 1 9 8 2 8 8 8 4 36 18 14 7 3 1 1 1 0 0 0 0 0 0 0 1 1 1 2 1 1 0 0 0 0 0 0 1 3 6 13 21 56 71 65 77 64 23 26 36 23 20 13 7 2 0 1 2 8 17 37 53 27 24 20 31 47 57 78 58
28 40 33 56 29 16 16 14 18 13 9 8 9 14 12 9 7 7 11 10 3 2 1 4 7 6 4 4 2 3 10 4 1 4 5 14 16 4 21 7 2 1 1 1 0 0 0 0 0 0 0 0 1 1 2 1 0 0 0 0 0 0 0 1 3 6 11 34 55 64 85 76 74 49 20 12 19 13 10 7 1 0 1 7 12 20 42 63 59 49 51 32 49 56 81 71
19 34 13 37 37 29 21 14 14 11 7 5 6 7 8 9 5 6 4 7 4 2 1 2 2 6 5 4 3 1 2 1 1 4 7 14 14 5 26 4 5 3 1 1 1 0 0 0 0 0 0 0 0 1 3 1 0 0 0 0 0 0 0 1 3 5 11 21 52 40 76 72 58 51 57 23 18 11 5 1 1 0 1 6 18 33 46 58 69 56 58 53 46 70 91 79
25 20 19 14 19 11 13 13 30 23 11 3 6 5 4 8 4 4 5 4 4 3 1 1 2 4 2 4 3 1 1 1 3 3 24 30 12 8 4 7 5 3 1 1 1 0 0 0 0 0 0 0 0 0 2 0 0 0 0 0 0 0 0 0 2 6 12 41 58 66 70 74 63 46 36 36 17 10 3 1 0 2 3 1 6 25 35 48 58 41 58 61 77 91 90 80
11 24 13 9 8 6 6 5 7 8 5 4 3 3 2 3 2 3 3 4 4 2 1 0 1 5 1 2 1 2 1 0 3 9 12 20 28 48 40 22 4 3 1 1 0 0 0 0 0 0 0 0 0 0 0 1 1 0 0 0 0 0 0 1 3 12 34 55 61 73 73 72 68 56 23 14 17 5 3 0 1 4 13 9 8 5 13 20 27 45 46 73 70 90 91 78
5 11 5 6 3 3 3 1 2 2 2 2 3 1 1 1 2 1 2 2 2 2 1 0 1 2 1 2 2 1 1 1 0 2 4 4 5 5 5 1 3 2 2 0 0 0 0 0 0 0 0 0 0 0 0 0 0 0 0 0 0 0 0 2 6 6 13 25 55 72 52 76 52 41 16 10 7 5 3 0 1 3 12 19 41 28 34 30 43 61 65 70 81 84 80 72
1 2 3 1 1 1 1 1 2 2 1 1 1 1 1 1 1 0 1 1 1 1 2 0 1 2 3 1 2 1 1 0 0 0 0 0 0 1 2 2 2 0 1 0 0 0 0 0 0 0 0 0 0 0 0 0 0 0 0 0 0 0 0 2 4 11 10 25 40 34 46 58 54 27 11 6 3 1 0 0 1 2 7 13 20 41 61 54 67 82 76 61 75 67 73 64
6 1 0 1 1 1 2 5 3 3 7 7 6 10 3 2 1 0 0 0 0 1 0 1 1 1 2 1 1 1 1 0 0 0 0 1 0 0 1 1 3 2 1 1 1 0 0 0 0 0 0 0 0 0 0 0 0 0 0 0 0 0 1 1 2 8 10 34 29 33 48 35 32 11 6 2 1 0 0 1 2 5 10 18 23 46 80 78 38 44 78 87 66 38 43 58
18 8 2 6 6 6 7 13 7 9 17 21 26 19 12 6 4 2 1 1 0 0 0 0 0 1 1 1 0 2 0 0 0 0 1 0 0 0 0 1 2 1 0 0 0 0 0 0 0 0 0 0 0 0 0 0 0 0 0 0 0 0 0 1 3 11 14 11 19 25 28 20 26 7 3 2 0 0 1 3 6 10 16 27 55 61 53 20 32 66 90 86 87 37 22 28
29 10 8 19 19 21 22 23 24 30 26 25 25 39 21 13 7 5 3 1 1 1 0 0 0 0 1 1 1 0 0 0 0 0 1 1 1 0 0 0 1 1 1 0 0 0 0 0 0 0 0 0 0 0 0 0 0 0 0 0 0 0 0 1 4 11 20 11 5 5 11 12 6 4 1 1 0 1 2 5 12 12 29 54 51 22 11 24 45 83 88 77 64 61 11 5
32 26 15 35 34 47 33 34 51 36 50 35 50 35 27 20 26 13 3 5 4 2 1 1 1 0 0 0 0 0 0 0 0 0 0 1 1 1 1 0 0 1 1 1 0 0 0 0 0 0 0 0 0 0 0 0 0 0 0 0 0 0 1 1 4 12 18 14 4 11 5 4 3 1 0 0 0 1 3 4 11 31 24 19 7 6 18 40 58 74 76 71 41 64 20 5
42 37 26 50 66 81 69 58 73 65 60 48 74 63 58 49 23 8 10 17 6 2 2 2 2 1 1 0 0 0 0 0 0 0 0 0 0 1 2 1 0 0 0 0 0 0 0 0 0 0 0 0 0 0 0 0 0 0 0 0 0 0 0 1 3 10 27 14 5 3 4 2 1 0 0 0 0 1 2 3 13 15 10 2 7 22 34 61 73 57 65 43 28 37 46 5
71 75 66 56 60 61 45 29 65 44 43 39 44 58 64 31 28 32 26 24 13 2 1 1 4 2 1 1 0 0 0 0 0 0 0 1 0 0 0 0 0 0 0 0 0 0 0 0 0 0 0 0 0 0 0 0 0 0 0 0 0 0 0 0 1 10 32 26 5 6 2 1 0 0 0 0 0 1 2 4 3 1 1 7 15 25 38 78 78 91 56 15 12 16 26 6
66 50 77 61 57 69 64 52 41 34 46 58 40 29 45 70 62 30 7 6 6 2 0 0 2 2 1 1 1 0 0 0 0 0 0 0 0 0 0 0 0 0 0 0 0 0 0 0 0 0 0 0 0 0 0 0 0 0 0 0 0 0 0 0 1 5 17 35 14 7 2 0 0 0 0 0 0 1 2 0 0 2 7 15 20 27 60 57 70 78 73 20 5 2 13 10
69 30 71 71 38 20 40 46 57 54 31 25 70 32 34 57 35 29 17 10 8 3 4 2 3 3 2 1 1 1 0 0 0 0 0 0 0 0 0 0 0 0 0 0 0 0 0 0 0 0 0 0 0 0 0 0 0 0 0 0 0 0 0 1 1 2 5 19 14 5 1 0 0 0 0 0 0 0 0 1 2 6 8 14 33 49 57 52 45 40 70 30 8 2 2 3
