sesion_6_simulaciones/modelos_agentes/ejemplos_netlogo/scenarios/echam4_a2/rob_2092.asc
NCOLS 322 
NROWS 307 
XLLCORNER 451900 
YLLCORNER 4086900 
CELLSIZE 100 
NODATA_value -9999 
[rows 73 to 145 of 307, columns 96 to 191 of 322]
0 0 0 0 2 1 3 7 1 1 1 1 1 1 0 0 0 0 0 0 0 0 0 0 0 0 0 0 0 0 0 0 0 0 0 0 0 0 0 0 0 0 0 0 0 0 0 0 0 0 0 0 0 0 0 0 0 0 0 0 0 2 1 2 2 4 3 3 4 7 6 4 5 8 3 2 9 3 4 13 8 16 19 26 62 74 63 51 55 50 32 32 25 8 12 11
0 1 1 1 1 1 1 3 1 1 0 2 1 3 1 1 0 0 0 0 0 0 0 0 0 0 0 0 0 0 0 0 0 0 0 0 0 0 0 0 0 0 0 0 0 0 0 0 0 0 0 0 0 0 0 0 0 0 0 0 0 1 1 1 1 2 1 2 2 3 2 3 2 3 1 1 2 2 2 4 3 11 32 37 33 22 31 43 33 46 44 48 52 43 13 7
1 1 1 1 0 1 1 2 1 2 2 1 0 0 1 1 0 0 0 1 2 0 0 0 0 0 0 0 0 0 0 0 0 0 0 0 0 0 0 0 0 0 0 0 0 0 0 0 0 0 0 0 0 0 0 0 0 0 0 0 0 0 1 0 1 1 0 1 1 1 1 3 1 1 0 0 1 1 1 2 5 10 8 10 17 21 21 23 40 42 59 69 60 58 38 25
1 1 1 1 1 2 1 3 1 4 3 1 1 2 1 1 1 1 1 1 2 1 1 0 0 0 0 0 0 0 0 0 0 0 0 0 0 0 0 0 0 0 0 0 0 0 0 0 0 0 0 0 0 0 0 0 0 0 0 0 0 0 0 0 0 0 1 0 1 0 0 1 1 0 0 0 0 0 3 1 2 5 13 9 20 28 31 47 61 48 59 66 62 60 52 44
2 0 1 2 1 1 2 2 2 3 16 2 2 1 1 1 3 1 1 1 3 3 1 0 0 0 0 0 0 0 0 0 0 0 0 0 0 0 0 0 0 0 0 0 0 0 0 0 0 0 0 0 0 0 0 0 0 0 0 0 0 0 0 0 0 0 0 0 0 0 0 0 0 0 0 0 0 0 1 1 2 3 4 9 27 30 48 38 45 63 46 58 51 54 45 46
2 1 2 2 4 2 3 3 1 9 21 12 4 1 2 3 3 3 6 1 1 1 2 2 0 0 0 0 0 0 0 0 0 0 0 0 0 0 0 0 0 0 0 0 0 0 0 0 0 1 0 0 0 0 0 0 0 0 0 0 0 0 0 0 0 0 0 0 0 0 0 0 0 0 0 0 0 0 0 0 1 5 12 13 25 39 23 35 47 34 45 36 35 41 43 68
6 6 1 10 13 7 2 5 1 6 8 23 7 3 3 0 3 11 3 2 2 1 2 3 0 0 1 1 1 0 1 0 0 0 0 0 0 0 0 0 0 0 0 0 0 0 0 1 0 0 0 0 0 0 0 0 0 0 0 0 0 0 0 0 0 0 0 0 0 0 0 0 0 0 1 0 0 0 0 1 2 3 6 10 8 23 31 52 39 28 29 25 24 39 67 56
27 39 18 18 4 3 2 2 2 8 3 2 14 14 1 3 15 3 2 1 2 1 0 2 2 1 1 1 1 1 2 1 0 0 0 0 0 0 0 0 0 0 0 0 0 0 0 0 0 0 1 2 0 0 0 0 0 0 0 0 0 0 0 0 0 0 0 0 0 0 0 0 0 0 0 0 1 1 0 1 1 1 6 5 6 10 23 40 32 29 29 23 57 61 31 30
20 21 37 3 2 3 4 3 3 4 4 1 3 4 3 5 2 6 4 2 1 2 0 0 2 3 3 1 0 0 0 0 0 0 0 0 0 0 0 0 0 0 0 0 0 0 0 0 0 0 1 2 0 1 1 0 1 0 0 0 0 0 0 0 0 0 0 0 0 0 0 0 0 0 0 0 0 1 1 2 0 1 3 4 3 6 21 19 21 20 23 33 57 46 24 45
54 57 34 12 14 13 14 8 3 4 7 1 3 6 6 2 2 16 4 2 3 9 2 1 4 21 3 0 0 1 0 0 0 0 1 0 0 0 0 0 0 0 0 0 0 0 0 0 0 1 1 5 3 2 1 0 1 0 1 0 0 0 0 0 0 0 0 0 0 0 1 1 0 0 0 0 0 0 1 6 6 1 1 2 1 8 7 5 10 20 16 40 25 27 22 53
13 29 65 55 6 5 18 16 28 8 8 2 6 16 8 1 2 31 3 6 5 4 1 8 2 3 1 1 1 1 0 0 0 1 2 1 0 0 0 0 0 0 0 0 0 0 0 0 0 1 0 4 3 3 1 1 2 0 1 1 0 0 0 0 0 0 0 0 0 1 1 1 0 0 0 0 0 0 0 6 3 2 0 1 3 1 2 3 7 6 12 13 9 15 18 64
9 15 29 52 49 8 17 11 8 27 16 5 8 21 11 5 8 33 7 6 2 2 17 16 9 4 1 3 2 1 0 0 1 4 3 2 1 0 0 0 0 0 0 0 0 0 0 0 0 0 0 1 6 7 2 2 1 2 5 2 1 0 0 0 1 0 1 0 0 1 2 1 0 0 0 0 0 0 0 1 5 7 3 1 0 1 3 6 5 10 3 9 9 26 10 39
10 24 45 32 52 51 41 42 16 20 33 5 11 37 19 26 13 16 17 21 16 2 6 8 31 14 9 8 4 4 1 5 8 3 2 5 4 0 0 0 0 0 0 0 0 0 0 0 0 0 0 1 9 9 2 1 2 8 7 3 1 0 0 0 2 1 3 1 1 0 2 1 1 1 1 0 0 0 0 0 1 8 2 3 4 1 2 1 4 2 2 5 3 16 7 17
14 14 9 8 26 44 26 16 16 19 20 8 20 53 33 6 16 10 21 26 35 23 6 5 6 8 22 36 6 6 13 10 12 4 5 4 3 3 1 1 0 1 0 0 0 0 0 0 0 1 1 1 10 30 7 3 11 7 15 4 1 0 1 1 3 1 3 1 1 1 2 1 0 0 0 0 0 0 0 0 0 4 8 3 2 7 2 2 2 2 3 5 8 21 25 8
11 7 1 2 22 24 7 12 12 17 8 16 44 41 14 6 11 13 30 28 37 70 16 5 4 6 38 31 33 4 27 8 8 14 22 13 3 5 1 2 1 5 0 1 1 0 0 0 0 1 1 1 4 33 16 24 12 20 34 5 1 1 1 3 3 1 2 2 1 0 0 0 1 1 1 0 0 0 0 0 1 0 7 6 6 6 7 12 22 6 17 20 12 5 40 7
14 14 5 3 23 19 13 17 19 12 15 19 31 42 16 4 44 41 21 22 24 34 50 48 20 9 24 36 49 41 22 36 23 5 5 3 3 9 1 1 11 2 1 0 0 0 0 0 1 1 3 2 4 15 17 29 27 40 35 12 7 7 5 5 5 1 2 3 2 0 0 1 3 1 0 1 0 0 0 0 1 1 1 7 14 23 8 3 3 6 7 21 16 7 17 37
15 8 9 4 14 10 8 44 18 13 9 13 58 33 12 6 47 27 42 45 38 44 61 59 51 22 23 7 17 46 22 22 23 13 12 10 5 3 4 14 2 2 0 0 0 1 0 0 1 2 3 5 4 6 6 24 39 46 51 17 7 7 5 12 10 1 3 5 1 0 0 1 1 1 3 1 0 0 0 0 0 1 2 1 10 25 13 11 13 9 5 5 13 8 6 18
7 11 7 6 5 5 6 38 27 8 24 35 64 60 15 6 31 8 37 74 67 63 26 37 61 38 30 19 50 79 62 52 21 28 14 6 6 3 9 2 1 1 0 1 4 1 1 1 1 1 1 3 3 5 2 3 26 48 65 21 30 17 20 26 23 3 10 4 2 1 0 1 2 2 5 0 0 2 0 0 0 1 2 3 2 19 13 6 3 6 5 6 5 12 14 16
19 19 14 9 8 5 5 14 29 22 21 48 35 27 43 15 42 13 6 29 33 70 43 34 29 15 30 48 78 86 55 65 72 55 49 13 4 5 20 1 4 2 3 4 5 2 2 0 0 1 3 5 12 16 21 8 3 2 17 30 24 26 33 38 33 9 37 9 7 5 1 2 2 8 2 0 1 1 0 0 0 1 1 2 4 1 4 10 7 8 4 9 23 35 30 33
11 11 7 7 9 7 4 2 18 33 34 33 31 13 14 8 50 24 12 52 43 48 34 43 49 38 24 55 32 64 69 65 66 56 10 10 9 10 8 2 9 8 13 5 3 2 6 2 2 1 2 3 6 6 15 5 2 2 3 19 36 58 40 48 26 6 26 18 4 3 4 7 2 4 1 1 2 1 2 1 0 1 1 2 4 4 1 2 4 5 16 27 40 47 47 42
6 6 7 9 8 7 8 5 7 13 24 36 34 27 14 9 58 23 9 37 26 31 38 49 36 53 45 56 37 13 29 38 28 16 23 16 31 37 10 11 2 12 40 6 2 12 6 3 3 1 2 2 2 6 11 16 9 4 4 41 69 57 61 69 47 41 39 40 19 4 11 5 2 1 1 2 1 0 1 0 0 1 1 1 4 3 6 3 1 9 27 60 69 61 61 34
9 4 13 22 15 15 14 16 11 12 19 30 26 21 18 11 37 20 8 22 35 31 28 34 37 52 48 44 49 34 16 11 18 29 23 48 59 21 19 27 10 35 45 9 19 10 7 2 8 1 3 3 9 19 30 30 17 5 6 14 66 53 76 72 59 47 57 56 42 14 8 8 4 2 2 1 1 5 1 1 0 0 1 1 1 3 9 12 4 7 15 15 35 45 50 44
20 20 15 27 26 21 25 25 19 5 13 20 17 20 14 18 16 14 12 23 24 28 16 23 42 46 45 43 41 57 17 24 24 33 76 76 47 19 37 49 26 36 47 24 14 19 8 4 8 3 2 7 10 29 45 38 22 9 5 7 11 57 74 75 65 47 68 50 21 5 10 13 2 3 5 2 3 1 0 2 0 0 1 1 5 4 2 5 11 18 22 12 9 13 24 30
20 11 20 19 28 21 34 24 15 17 3 7 6 12 21 14 21 18 10 13 30 33 21 21 21 25 57 46 41 19 30 16 39 80 72 69 20 32 70 37 20 25 31 6 9 42 9 15 11 7 3 13 33 23 16 25 34 33 26 14 16 29 56 63 67 59 30 33 13 12 15 9 4 5 6 6 2 1 1 1 1 0 1 3 4 5 4 5 9 17 34 41 30 17 11 24
12 16 21 13 26 25 21 22 21 24 28 17 12 6 7 9 21 20 11 10 19 11 14 18 16 25 57 67 41 27 39 12 62 80 61 30 29 63 81 50 15 24 21 13 52 38 15 8 25 19 4 10 20 48 41 29 11 20 28 38 27 34 25 39 22 40 42 35 14 26 23 14 6 4 6 5 3 4 1 0 1 0 1 2 4 4 4 5 5 10 26 30 34 22 27 12
16 11 18 23 26 17 19 31 20 25 21 26 27 18 12 7 10 19 10 15 22 19 12 17 14 28 31 65 21 20 47 17 54 74 36 33 34 51 41 41 29 31 16 54 55 14 22 47 33 23 22 6 6 12 13 25 16 27 55 63 40 51 32 20 20 31 23 18 16 36 22 24 6 10 10 6 11 1 1 0 1 0 0 0 1 4 6 5 5 6 19 20 31 35 42 28
8 6 18 24 9 19 9 13 30 26 21 26 26 30 25 12 7 6 5 3 5 7 13 18 8 13 16 17 15 56 36 14 23 27 27 51 49 61 88 66 51 31 49 53 42 31 28 64 45 33 56 19 11 28 37 28 23 26 22 42 70 47 33 19 21 35 24 18 27 30 32 28 15 4 3 3 3 1 1 1 0 1 0 1 1 3 4 7 12 10 15 22 33 52 42 40
3 8 31 16 19 11 28 16 31 32 23 27 27 15 17 20 21 19 18 18 20 19 11 13 11 4 8 11 29 63 16 24 30 18 42 62 64 26 55 49 53 35 38 56 42 40 48 69 59 51 54 47 10 10 15 18 26 41 43 14 18 32 29 28 27 31 23 24 21 30 28 35 22 15 2 3 3 1 0 0 1 0 0 1 1 2 3 7 7 17 17 31 43 48 45 49
4 8 23 11 12 14 10 14 28 23 25 31 25 27 18 28 18 28 29 29 20 35 19 18 31 24 4 9 18 49 21 32 39 32 42 41 33 35 28 14 50 57 40 30 42 69 76 74 60 49 55 42 16 15 25 44 48 43 46 24 8 32 27 22 33 22 19 21 29 29 21 21 13 8 7 4 1 1 5 4 2 3 1 1 1 1 1 3 10 9 24 30 37 46 53 62
3 14 5 6 11 10 12 9 21 26 14 13 32 22 21 18 20 24 27 28 29 30 31 29 23 34 18 3 14 34 15 28 39 41 41 34 31 39 39 18 29 72 58 27 62 63 85 75 24 17 25 35 43 36 29 36 41 37 29 20 13 43 27 16 21 22 24 32 32 32 22 20 16 20 17 13 4 7 5 3 2 1 1 0 0 1 2 2 4 8 18 27 41 58 59 65
9 3 5 5 4 9 13 12 7 10 17 23 27 29 16 24 22 25 26 39 38 29 43 32 47 33 37 12 7 32 20 23 36 41 50 43 47 41 39 15 23 44 60 27 58 54 75 41 15 14 28 27 47 43 41 34 43 40 30 34 16 25 21 16 41 28 34 50 37 32 27 18 39 32 44 16 13 5 4 1 0 0 0 1 0 0 1 1 4 11 14 14 17 22 24 31
1 2 6 19 19 14 5 3 5 18 22 20 12 25 25 28 25 37 35 35 37 39 35 45 46 39 28 26 7 9 9 17 14 43 46 70 75 52 52 29 22 21 30 10 29 37 20 23 19 26 23 38 57 47 50 57 58 56 62 49 26 22 27 17 43 48 49 32 21 26 40 32 31 28 20 19 10 3 1 1 1 0 1 1 3 1 0 1 4 4 5 10 20 29 35 40
3 7 8 2 3 6 9 4 9 17 20 17 17 19 19 30 21 31 34 45 22 47 49 47 43 36 23 21 10 7 5 8 14 29 47 58 53 59 65 47 51 37 35 11 23 30 34 62 68 61 77 44 68 66 70 59 68 55 53 45 26 34 33 15 15 28 31 41 44 32 39 53 23 20 11 14 10 1 0 1 0 1 2 1 3 1 4 1 1 2 4 10 13 28 41 40
4 3 5 6 8 4 8 4 15 14 14 16 29 19 29 28 29 46 42 30 37 43 57 32 45 41 39 19 19 14 4 3 4 18 35 45 67 78 77 46 30 39 35 23 28 40 67 44 69 61 57 42 82 76 74 54 44 43 42 25 25 16 14 6 5 22 43 61 60 39 39 57 41 15 7 9 3 2 2 1 1 2 2 2 4 7 2 2 1 1 2 5 11 22 23 51
2 2 2 2 2 2 1 6 15 11 12 23 17 23 24 30 43 23 20 46 37 51 52 35 31 30 39 38 34 31 17 14 6 15 38 31 26 59 73 60 44 42 40 37 50 46 23 40 54 86 53 59 74 59 70 65 54 43 27 25 22 18 3 13 6 17 42 50 70 46 40 14 23 20 8 10 7 4 1 1 1 2 2 3 5 4 1 3 0 1 2 5 9 6 21 32
1 2 4 6 6 3 3 6 11 18 15 16 12 19 39 45 25 16 20 49 38 28 33 39 32 32 41 46 36 33 28 28 17 10 40 40 21 24 23 17 22 34 33 37 49 35 36 51 84 42 30 48 83 68 58 42 39 40 47 41 20 19 5 6 4 16 36 41 49 48 38 21 30 14 13 12 11 8 4 3 2 8 3 2 3 4 4 7 5 1 1 2 2 7 14 15
1 4 3 11 4 4 5 9 9 14 14 5 6 18 21 17 15 16 28 56 29 27 32 41 37 42 37 39 32 23 16 23 33 20 12 32 37 22 18 16 17 32 32 27 27 40 50 31 81 39 51 68 83 55 37 43 41 27 26 35 27 26 3 11 7 8 22 18 35 31 38 35 36 23 38 26 37 6 1 1 6 6 8 4 1 8 10 20 11 4 5 1 7 7 9 43
2 3 9 9 3 8 7 7 15 12 8 6 8 20 11 26 8 16 48 28 22 22 32 40 51 49 40 37 24 34 29 28 33 31 13 8 28 14 16 14 16 27 26 25 27 38 45 40 29 42 64 82 80 53 47 46 32 32 34 28 26 13 14 12 9 9 26 40 46 44 44 40 42 46 44 25 4 2 1 5 5 10 17 25 6 14 27 21 11 5 3 3 2 7 8 19
2 4 2 2 3 5 4 11 3 7 2 8 9 29 18 12 7 32 10 12 34 22 21 21 30 31 34 38 45 36 45 45 34 35 22 25 6 26 21 16 14 15 17 28 38 57 31 50 18 23 52 74 91 85 55 46 40 22 35 26 24 15 22 7 5 17 37 53 65 58 48 48 48 36 23 16 6 5 6 5 7 16 16 37 27 24 21 4 1 1 2 8 6 6 8 14
2 2 2 1 2 3 5 1 6 2 2 5 11 16 9 5 20 20 16 9 10 21 10 13 26 28 47 33 49 54 47 51 35 34 32 27 24 9 11 16 18 15 17 31 32 48 12 40 12 41 52 22 71 78 54 37 24 22 24 12 28 35 18 12 6 40 52 48 46 45 42 40 43 37 47 35 19 10 7 3 7 8 10 35 37 21 10 7 6 4 8 1 4 7 7 12
1 1 1 1 2 4 4 1 3 2 4 3 12 5 4 8 21 7 11 11 38 27 18 14 25 44 36 53 54 68 52 34 11 45 34 34 38 23 10 4 12 20 19 30 34 12 28 44 13 40 29 64 71 47 47 45 46 37 24 17 31 29 27 20 5 10 36 49 48 39 39 44 56 40 24 13 6 4 14 2 9 24 20 26 18 12 29 21 10 11 6 2 3 8 16 30
13 1 1 1 2 1 1 2 2 2 5 3 3 3 3 18 5 9 9 31 31 20 31 24 15 37 44 50 73 64 66 34 22 26 22 22 29 37 38 6 6 21 31 29 14 23 68 33 15 43 76 74 79 38 37 49 37 34 32 24 30 20 21 12 7 7 15 27 34 33 12 25 20 16 18 16 8 5 8 8 9 32 68 29 17 34 30 19 20 9 4 5 3 6 8 22
8 23 9 10 8 2 0 0 4 1 8 23 29 13 7 10 11 19 10 20 16 21 26 25 26 33 54 70 47 60 54 45 51 39 36 42 20 33 44 22 4 17 23 27 12 13 18 18 8 47 64 85 77 30 41 45 48 35 24 35 30 20 24 7 8 8 41 44 39 49 46 42 47 33 14 8 6 13 9 17 27 29 45 67 35 38 51 32 10 3 7 9 2 2 7 16
8 22 8 12 7 4 8 1 6 3 1 5 39 36 36 9 5 12 19 19 14 14 24 19 32 37 55 47 54 60 62 56 49 52 60 37 36 43 36 29 22 6 11 18 29 18 16 9 13 42 64 38 57 25 53 37 50 49 36 25 32 34 19 7 5 25 40 49 50 59 65 45 22 25 31 9 8 13 15 45 37 42 51 50 12 24 20 23 24 25 27 5 10 2 3 5
4 24 8 18 13 8 35 10 4 18 8 9 34 42 21 14 21 15 47 67 63 38 20 12 42 33 44 43 39 40 50 47 50 57 60 54 47 37 28 34 37 18 10 14 25 14 24 8 13 19 32 29 68 48 70 69 47 59 38 45 18 18 15 9 16 31 45 37 49 55 66 63 57 37 38 27 24 19 20 51 59 36 35 35 21 27 40 45 22 51 11 11 15 13 2 3
8 27 17 13 25 7 12 3 9 26 14 6 2 26 28 21 32 19 22 60 67 24 57 17 47 35 44 37 40 25 36 57 62 67 70 51 33 35 43 38 20 16 11 7 35 19 27 9 8 7 25 45 72 30 43 26 57 69 67 43 17 13 9 5 19 31 48 38 50 54 57 61 42 19 11 10 29 13 44 57 78 78 26 27 27 42 60 27 40 54 22 24 9 5 2 3
1 6 3 10 25 14 17 2 13 46 10 5 4 14 41 32 41 41 12 17 42 26 27 44 12 15 68 32 21 17 10 15 33 36 47 58 45 54 56 37 26 14 5 2 14 23 23 20 3 18 28 55 51 66 45 31 40 35 27 19 27 16 13 6 15 29 35 31 38 43 43 24 21 23 15 19 46 56 45 49 74 82 66 28 19 36 25 37 63 37 20 3 1 1 1 4
2 11 30 15 22 9 30 13 23 60 33 11 16 20 49 66 26 4 4 9 15 9 20 66 22 10 58 37 47 20 2 17 44 43 28 59 59 56 37 28 15 10 3 2 3 27 34 16 12 36 36 50 33 44 37 41 16 15 35 36 26 16 5 11 21 19 21 22 22 33 33 25 31 20 19 42 62 66 68 43 59 72 67 40 16 26 39 53 39 11 7 11 6 4 7 11
4 2 2 4 6 14 39 7 34 41 72 34 23 16 16 10 7 5 6 15 12 12 10 62 20 45 46 36 55 67 28 18 29 27 36 53 51 47 45 42 25 8 3 4 3 11 29 23 9 21 40 55 13 28 37 62 36 19 24 34 12 11 4 9 16 30 68 48 48 54 51 63 56 24 35 78 75 80 75 61 24 48 68 67 24 30 39 56 31 23 59 17 5 4 4 20
4 9 4 4 8 18 39 28 15 38 72 45 17 8 22 16 6 19 6 7 11 12 13 68 21 20 57 38 47 62 35 29 47 23 16 23 16 28 27 32 37 32 9 3 3 7 7 13 12 19 38 42 10 32 25 26 47 50 28 13 9 9 3 12 16 32 41 56 68 70 87 57 21 23 55 86 82 76 79 82 75 38 75 75 28 34 49 37 22 54 46 16 12 15 2 1
5 11 8 5 8 6 44 49 44 16 76 40 13 4 21 15 20 22 14 9 12 18 4 31 63 7 22 26 59 79 31 9 24 20 36 44 41 43 36 33 31 21 27 8 3 2 2 4 7 18 47 45 16 23 34 24 39 32 22 15 10 6 7 12 10 37 44 62 73 65 31 24 30 31 59 73 83 79 78 68 83 56 51 62 47 57 38 23 55 80 30 26 18 15 9 2
14 8 11 4 5 6 30 68 33 29 66 61 41 6 22 18 35 26 20 16 21 35 15 20 83 24 42 39 63 63 62 41 41 51 48 45 51 50 49 25 17 10 20 13 7 1 5 10 18 39 60 53 20 32 30 10 14 31 31 19 7 3 3 13 28 50 78 76 61 34 40 32 35 76 70 67 86 67 58 54 82 70 61 28 25 52 41 54 83 56 36 30 40 13 9 3
41 5 13 7 6 11 24 34 10 9 79 55 9 4 21 23 44 36 49 38 46 40 42 30 52 36 22 51 63 54 63 63 39 31 34 23 41 47 51 46 25 20 12 5 8 2 4 7 12 27 51 43 25 20 13 11 11 9 8 9 10 9 3 9 28 65 69 56 34 29 43 40 66 78 83 73 61 80 50 59 84 67 38 21 45 67 69 74 78 31 51 72 46 24 20 5
5 13 5 7 7 7 11 24 19 26 66 29 12 5 18 23 47 18 50 37 41 55 50 35 44 59 40 27 14 49 44 61 31 24 37 36 28 24 42 41 22 14 14 6 4 2 4 7 27 44 49 17 19 20 14 9 14 6 6 3 1 1 8 15 34 58 42 17 29 45 41 38 74 84 75 72 65 75 81 50 68 65 41 33 58 58 71 84 60 52 78 58 42 28 12 8
6 5 13 16 6 8 5 8 8 11 28 11 32 14 9 23 52 26 21 52 31 23 12 58 58 69 21 21 9 28 65 73 63 37 29 22 30 22 25 14 20 19 8 7 4 2 2 8 18 27 36 24 9 15 10 12 21 8 4 3 2 1 11 16 48 29 11 26 46 45 46 68 70 77 75 79 73 68 84 65 55 65 44 41 61 64 81 82 68 49 43 51 31 14 13 14
13 10 6 21 25 15 16 7 5 19 14 11 37 41 15 25 40 46 21 27 28 36 30 85 66 63 47 8 12 10 34 40 63 56 38 30 26 22 18 14 45 24 14 9 2 3 1 6 24 25 27 22 29 14 14 17 16 11 4 2 1 1 5 25 25 9 16 42 49 63 59 76 78 69 56 45 50 57 70 73 69 45 38 43 60 63 77 74 55 29 39 23 10 11 14 21
17 14 8 17 19 30 16 7 2 16 21 11 12 24 15 20 33 43 22 22 25 17 22 44 20 33 60 14 16 16 9 35 66 61 37 27 36 64 64 47 31 17 5 6 8 3 1 1 7 19 15 23 25 14 15 15 25 11 3 2 1 1 1 9 4 13 19 28 45 80 71 66 83 79 59 46 30 18 45 65 61 41 24 36 54 68 78 57 30 45 44 37 53 27 29 22
58 26 16 7 16 27 49 6 9 20 27 17 7 16 15 10 26 49 22 20 21 19 9 29 7 14 48 38 10 22 8 14 45 80 60 37 26 22 24 21 22 20 17 6 3 6 6 1 2 16 15 17 20 28 11 7 12 9 5 2 1 0 0 3 15 39 43 61 71 59 79 84 75 85 81 66 55 40 24 28 57 50 21 10 28 48 53 21 29 43 41 68 60 33 19 24
54 82 31 18 6 13 13 11 14 21 18 12 28 10 15 6 9 51 30 24 19 16 8 22 22 3 33 40 15 22 15 7 29 59 77 54 36 39 53 46 26 17 13 7 4 1 5 1 1 4 18 26 21 8 19 10 5 4 3 2 1 0 1 3 20 54 63 43 40 55 74 70 68 73 89 73 56 34 23 18 26 21 3 12 28 17 21 28 45 48 71 70 34 31 28 32
15 74 80 54 25 14 5 25 11 9 10 12 32 17 13 11 10 51 39 33 16 7 6 16 31 4 22 27 20 29 18 11 33 26 32 69 37 17 34 39 31 12 9 9 3 1 1 2 1 1 10 18 18 12 12 10 8 3 1 1 1 0 3 8 19 17 14 41 74 70 65 62 60 70 77 74 59 41 45 28 10 5 4 11 34 49 42 29 41 62 56 32 23 30 37 33
11 56 63 79 46 24 12 25 26 8 21 14 18 18 27 21 12 25 53 19 15 12 4 11 24 11 17 24 8 35 36 10 36 32 30 15 70 49 50 37 25 13 12 6 3 2 1 1 1 1 4 9 5 5 18 7 6 4 2 2 0 0 2 9 18 31 41 46 69 76 67 79 73 42 51 67 58 57 53 45 17 3 4 13 34 40 58 64 35 28 20 29 30 31 48 34
32 47 41 69 41 22 22 21 26 22 18 18 20 31 27 23 21 22 37 34 15 13 7 22 31 27 19 21 10 18 45 23 10 19 23 42 50 18 64 40 19 11 9 11 2 2 1 1 1 1 0 2 6 10 20 9 6 4 2 1 0 0 2 7 17 29 35 60 68 71 88 80 83 69 46 38 56 52 52 43 11 3 10 32 38 44 58 68 61 45 43 23 30 30 56 54
29 49 23 55 57 53 40 29 26 23 16 12 16 19 23 29 19 21 15 32 22 13 9 14 10 26 22 23 16 8 18 12 8 22 31 45 48 26 72 25 33 30 15 13 6 3 1 0 1 1 1 0 2 6 25 11 5 4 2 1 1 0 1 8 17 27 38 44 67 51 82 80 73 75 83 62 61 52 34 13 7 3 8 26 50 61 64 66 70 54 45 33 24 46 82 74
48 39 41 30 44 26 35 32 62 50 28 10 19 17 17 31 18 18 21 20 20 20 9 5 14 24 10 24 20 11 9 5 17 19 69 71 45 38 22 35 32 27 13 10 7 3 1 0 1 1 0 0 1 2 17 5 4 2 1 1 0 0 0 3 16 27 38 64 74 77 80 85 80 73 73 78 61 53 24 8 2 14 21 10 26 55 59 62 62 36 45 40 60 84 87 80
29 50 36 31 26 21 22 19 24 26 17 16 12 13 12 13 12 15 16 23 23 17 11 3 4 30 6 15 12 17 9 4 22 48 56 70 74 88 84 73 29 23 10 8 5 2 2 0 0 1 0 0 0 2 4 6 9 3 1 1 0 0 2 5 16 42 70 79 80 86 86 85 88 85 63 58 63 33 25 3 5 25 46 34 28 18 28 29 28 37 32 56 58 88 91 81
21 38 22 27 12 14 11 4 10 9 8 11 15 6 5 10 11 11 12 15 19 13 11 4 8 14 7 15 16 8 13 7 5 21 33 31 35 35 36 7 26 15 19 5 4 4 1 0 0 1 1 0 0 1 0 1 3 4 1 1 0 0 3 14 35 29 43 57 78 88 75 91 82 80 60 49 48 36 24 2 6 19 42 52 67 47 47 34 39 52 51 58 78 85 83 78
5 8 15 7 6 6 5 4 11 13 4 5 4 5 7 6 6 4 5 8 10 10 15 5 8 14 22 6 15 11 8 6 4 3 3 2 4 11 19 15 17 5 7 2 2 2 1 1 0 0 0 0 1 1 0 0 1 1 1 0 0 0 3 16 22 39 36 56 71 65 78 85 85 76 52 38 28 10 5 2 6 10 30 38 43 57 66 55 65 77 66 54 77 74 82 77
23 7 3 4 6 7 10 20 11 11 23 24 21 36 16 16 5 3 3 3 5 7 5 6 6 9 16 10 16 15 9 6 2 1 3 8 4 2 6 13 25 19 15 13 6 3 1 1 0 0 0 0 0 1 1 0 1 1 1 0 0 0 5 6 14 31 38 71 66 69 83 74 77 52 39 23 7 3 1 6 12 29 37 46 44 60 87 84 41 40 74 87 72 53 62 79
43 31 12 24 21 21 20 33 19 24 36 40 50 48 42 30 22 12 10 6 5 2 4 3 4 15 14 10 5 19 6 4 1 1 8 4 2 4 3 9 17 12 5 4 5 2 2 1 0 0 0 0 0 0 1 1 1 0 1 0 0 1 1 4 17 43 45 40 57 66 71 66 74 42 32 18 4 1 7 21 32 41 48 55 77 82 72 29 35 65 89 88 91 55 49 64
48 26 21 37 34 35 35 37 37 41 34 34 39 62 50 39 32 29 22 11 12 11 2 2 1 4 10 11 14 6 4 2 1 4 7 8 6 4 2 2 8 9 8 2 2 5 2 1 0 0 0 0 0 0 2 0 0 1 0 0 0 0 2 8 27 46 58 43 30 28 53 57 39 34 9 6 1 4 15 27 48 47 66 83 82 53 22 29 46 83 90 83 79 80 34 24
37 37 23 42 35 46 30 32 47 34 48 37 51 44 41 43 60 47 17 30 27 15 8 8 7 4 2 3 4 2 2 1 1 3 5 7 7 8 8 5 5 14 13 10 2 3 2 1 0 0 0 0 0 0 0 0 0 0 0 0 0 1 4 8 25 44 57 52 22 47 37 37 26 9 3 0 1 6 17 24 48 73 67 60 33 17 29 43 59 78 82 83 68 86 53 25
31 29 21 41 52 69 54 45 60 51 48 37 65 60 65 67 47 27 30 54 38 14 19 21 19 14 7 3 2 1 1 1 1 2 2 4 4 6 16 10 2 5 3 4 5 3 2 1 0 0 0 0 0 0 0 0 0 0 0 0 0 1 4 6 21 42 68 53 30 24 30 22 13 2 0 0 2 9 18 23 57 58 46 11 23 41 45 66 76 66 78 70 64 74 81 26
47 54 45 40 49 52 37 23 58 36 34 31 34 51 65 40 46 56 56 63 53 18 4 12 30 16 13 10 5 1 2 0 1 3 5 6 3 2 1 0 1 3 1 1 1 4 1 1 1 0 0 0 0 0 0 0 0 0 0 0 0 2 2 5 10 47 75 68 27 39 19 11 3 0 0 0 3 10 15 27 25 8 9 27 40 44 48 84 83 94 75 43 48 56 73 34
