sesion_6_simulaciones/modelos_agentes/ejemplos_netlogo/scenarios/echam4_a2/rob_2020.asc
NCOLS 322 
NROWS 307 
XLLCORNER 451900 
YLLCORNER 4086900 
CELLSIZE 100 
NODATA_value -9999 
[rows 0 to 73 of 307, columns 192 to 287 of 322]
40 36 18 10 28 54 28 13 11 13 14 4 3 2 3 2 1 1 2 2 1 1 1 1 2 4 1 3 4 12 3 1 1 0 0 0 0 0 0 1 1 0 1 3 5 6 6 11 21 29 18 22 29 40 42 55 43 81 49 40 9 13 20 47 58 44 60 55 28 39 23 12 17 21 41 24 21 39 56 30 16 17 15 16 14 10 28 25 25 28 11 25 37 60 21 7
51 29 35 31 37 55 17 25 33 19 11 8 12 10 5 4 5 1 2 2 3 1 1 1 1 4 1 1 1 2 11 3 0 0 0 0 0 0 1 0 1 0 0 1 1 2 6 6 15 56 71 54 38 41 44 42 69 65 65 21 26 15 49 43 54 51 59 43 44 21 7 24 12 19 51 26 51 39 36 34 28 33 32 18 12 6 16 26 28 26 16 29 27 30 16 14
32 57 38 36 57 49 33 14 9 20 19 18 29 26 13 19 11 8 12 11 8 3 1 1 0 1 0 0 0 0 1 3 2 0 0 0 0 0 0 0 0 0 1 3 3 7 7 11 19 35 43 43 55 49 65 72 40 32 44 24 23 32 42 32 37 63 32 28 21 27 15 15 14 19 59 24 56 49 26 40 30 25 30 28 12 4 10 14 27 21 15 42 24 37 14 3
42 43 64 53 40 36 33 30 29 49 25 43 54 39 30 42 26 11 16 25 12 9 5 2 1 1 0 0 0 0 0 1 0 0 0 0 0 0 0 0 0 1 0 1 2 8 8 11 4 11 9 14 27 56 46 51 49 17 25 30 35 21 25 45 34 57 46 39 50 20 29 24 8 8 41 23 29 23 31 38 29 29 28 29 14 4 9 21 35 15 26 24 21 33 10 2
30 22 43 14 46 54 49 33 47 42 38 27 30 24 30 47 31 33 34 35 26 11 7 5 3 4 2 3 1 0 0 0 0 0 0 0 0 0 0 0 0 0 1 1 1 2 3 6 20 39 47 42 43 39 63 63 28 22 7 9 32 35 29 44 46 56 37 27 17 12 9 8 11 7 19 19 16 26 52 60 51 19 19 38 31 20 3 18 20 26 27 15 31 43 16 3
31 25 39 35 23 29 47 23 44 35 23 27 9 26 35 35 40 34 11 10 19 8 5 7 6 5 2 4 2 1 1 0 0 0 0 0 0 0 0 0 0 0 1 2 6 14 20 30 32 21 29 34 45 57 78 51 31 22 8 42 64 66 60 62 45 65 28 36 42 33 41 27 22 15 10 15 20 19 30 26 37 60 41 29 31 21 6 12 17 20 10 14 27 27 18 5
22 12 13 29 21 15 43 16 11 19 26 49 23 11 20 31 27 28 13 4 6 15 18 19 7 6 7 3 3 2 1 1 1 1 0 0 0 0 0 0 0 0 1 2 12 7 11 18 37 29 41 74 36 61 66 32 22 23 12 29 47 59 57 58 69 63 50 43 44 18 28 26 17 25 20 9 4 14 33 37 28 52 32 14 8 27 8 7 9 9 10 21 39 51 13 11
16 11 10 13 30 21 34 43 11 5 10 14 31 7 3 9 5 10 12 6 4 8 4 8 8 6 6 3 5 4 3 2 2 2 1 1 1 0 0 0 0 1 2 4 8 13 18 40 62 56 58 35 54 45 53 25 16 6 13 19 31 31 29 27 27 56 32 25 44 26 24 18 21 23 23 14 4 21 39 20 45 60 35 14 8 18 14 6 7 15 19 21 45 30 17 13
30 21 17 10 14 11 19 41 43 16 6 5 11 18 8 5 3 10 13 7 6 11 2 5 14 8 6 7 6 8 7 6 5 4 2 2 1 0 0 0 1 1 2 5 16 14 9 24 33 43 31 26 60 38 36 12 6 34 59 49 63 52 58 45 55 76 45 34 15 16 22 19 19 17 14 8 5 10 13 25 38 53 38 21 8 8 8 5 4 19 14 23 23 29 15 22
20 20 19 9 7 4 15 16 35 25 17 8 7 9 9 3 4 2 10 9 9 12 3 3 7 6 6 4 2 5 1 2 4 5 3 1 0 0 0 0 0 1 2 4 8 4 4 24 11 9 11 66 35 34 16 7 19 48 59 73 52 81 66 43 59 32 57 46 43 18 19 26 22 11 7 5 4 7 28 15 10 37 41 35 14 7 10 3 5 6 8 26 18 28 15 41
26 22 21 17 8 4 2 3 5 12 7 5 3 11 5 3 5 1 2 6 4 10 14 2 3 3 13 4 1 3 6 1 0 0 1 2 1 0 0 0 0 1 3 7 1 6 10 12 3 7 39 41 15 24 8 6 18 37 38 53 75 76 48 28 32 49 59 60 65 47 55 34 28 20 10 7 3 3 9 17 20 45 65 33 32 9 5 7 2 7 22 9 13 10 11 51
49 29 13 14 13 11 7 4 3 3 3 2 4 4 3 2 2 4 2 2 5 8 6 3 0 1 6 4 1 1 4 4 0 0 0 0 1 0 0 0 1 2 2 1 0 1 5 1 3 21 47 30 10 8 4 20 26 26 35 77 58 51 13 26 41 44 67 65 55 63 44 34 37 33 28 18 5 4 13 16 17 64 37 48 29 18 5 3 2 10 11 6 18 6 22 51
55 40 35 45 34 30 25 12 21 10 7 3 2 1 1 1 1 5 4 1 1 3 2 2 0 1 2 2 1 0 0 2 0 0 0 0 0 1 0 0 1 1 1 2 2 2 8 1 5 27 18 6 1 7 23 39 43 54 78 66 17 24 28 21 21 24 41 40 62 42 23 33 50 50 39 17 5 2 11 18 44 47 16 26 38 20 9 2 2 10 8 5 19 5 17 22
63 60 56 57 52 46 31 25 22 21 16 13 4 3 2 1 1 0 0 0 1 1 0 1 1 1 1 1 0 0 0 1 1 0 0 0 0 0 0 0 0 1 1 0 0 3 1 1 7 4 2 1 2 9 15 24 50 49 41 10 42 63 58 47 48 27 24 21 58 48 61 68 43 28 19 17 7 3 6 14 38 15 10 23 53 21 12 4 1 3 3 5 8 5 13 10
20 56 61 62 52 55 31 37 14 15 22 11 8 7 6 4 3 1 0 0 0 0 0 0 1 1 0 0 0 0 0 0 1 0 0 0 0 1 1 0 0 0 1 0 0 0 1 1 2 1 0 1 2 5 13 22 26 6 26 44 60 58 56 78 82 70 62 46 48 60 61 53 56 36 15 11 5 2 5 13 17 7 4 33 48 49 22 22 7 1 2 3 3 4 16 12
27 43 59 37 45 69 48 25 38 23 14 18 14 17 15 8 5 1 1 1 0 0 0 0 0 0 0 0 0 0 0 0 1 1 0 0 0 0 0 0 0 0 0 0 0 0 1 1 1 1 2 1 2 4 7 12 6 26 34 40 55 68 78 68 62 73 40 31 67 19 46 75 52 36 37 31 25 10 4 12 14 7 2 5 17 43 9 5 6 5 1 5 2 4 13 11
54 11 60 34 32 53 66 69 29 14 20 16 25 22 15 8 8 4 3 2 2 1 1 0 0 0 1 0 0 0 0 0 0 0 0 0 0 0 0 0 0 0 0 0 0 0 0 0 1 3 2 6 5 4 4 14 26 29 36 40 64 51 71 62 64 39 30 58 45 34 35 21 52 32 55 55 50 25 15 4 24 11 7 2 4 18 27 5 1 2 1 1 2 5 3 3
29 7 39 18 33 42 53 26 58 62 32 35 35 9 8 7 9 8 4 4 2 2 1 1 0 0 1 1 1 0 0 0 0 0 0 0 0 0 0 0 0 0 0 0 0 0 1 2 2 2 4 12 11 12 5 14 18 47 50 52 74 50 45 40 27 27 46 60 47 29 16 18 44 51 56 52 56 49 26 6 4 9 9 5 1 5 13 8 4 1 2 0 2 3 1 1
18 18 19 19 12 30 42 18 19 53 25 45 59 28 15 9 16 22 18 9 7 3 1 1 1 1 2 1 2 1 1 0 1 0 0 0 0 0 0 0 0 0 0 0 0 1 2 2 2 3 8 13 11 9 17 23 31 31 28 47 65 22 12 8 25 30 28 77 64 21 21 14 47 44 12 25 62 50 44 22 5 3 16 7 3 1 5 7 7 2 0 0 3 1 0 0
18 5 9 15 8 14 44 13 8 28 37 46 46 29 35 23 4 8 11 15 6 4 3 2 2 2 2 3 3 3 1 1 1 1 0 0 0 0 0 0 0 0 0 0 1 1 2 3 2 6 11 9 19 20 24 27 8 7 18 44 67 22 8 30 46 42 60 64 47 34 19 8 16 47 37 12 24 34 41 32 22 4 3 8 5 1 1 4 8 4 0 0 2 0 2 4
36 8 10 10 2 7 27 11 17 10 26 15 27 8 14 17 3 2 7 20 8 11 4 2 8 5 3 2 2 2 1 0 1 1 1 0 0 0 0 0 0 0 0 1 2 2 1 1 5 13 9 13 27 35 49 49 30 24 37 47 46 12 14 46 48 44 43 19 42 41 25 7 9 19 52 22 9 13 58 24 16 5 1 4 5 1 1 5 3 3 0 0 0 1 3 12
16 3 11 10 2 2 8 23 3 8 26 19 27 10 8 4 4 1 2 18 15 7 4 4 2 2 1 1 1 1 1 1 0 0 1 1 0 0 0 0 0 0 1 1 1 2 2 5 5 6 4 10 18 52 62 70 68 58 42 37 19 9 27 37 58 53 43 24 18 35 14 6 9 13 45 23 8 9 15 31 16 9 3 2 5 1 2 4 2 1 1 3 1 3 11 18
21 3 16 21 5 3 4 9 2 2 20 10 7 3 1 4 4 3 1 2 3 6 14 12 4 1 3 1 0 0 0 0 0 0 0 1 0 0 0 0 0 0 1 1 1 1 0 1 1 1 1 7 18 15 33 56 41 32 18 58 22 10 28 40 40 47 67 37 28 11 7 6 19 32 58 21 8 9 17 41 16 5 2 1 2 3 2 3 1 0 2 12 6 6 7 15
11 8 6 15 1 3 5 8 5 1 1 1 2 6 2 1 4 4 1 2 2 3 8 4 4 1 2 2 1 0 0 0 0 0 0 0 0 0 0 0 0 0 0 0 0 0 1 1 2 2 2 6 6 12 14 12 9 24 50 27 8 18 33 33 52 68 46 32 29 17 6 9 19 35 35 14 11 7 14 30 20 18 5 1 1 1 2 3 0 1 3 3 9 20 10 14
3 2 4 4 2 1 5 9 2 1 2 1 1 3 4 2 2 3 2 1 1 1 2 1 1 1 1 2 2 0 0 0 0 0 0 0 0 0 0 0 0 0 0 1 1 2 2 3 2 3 7 3 3 2 3 7 21 26 56 18 7 31 28 27 53 73 38 44 36 16 10 10 17 46 26 12 15 6 8 17 17 16 11 5 1 0 2 1 0 5 6 7 9 9 42 17
1 1 1 2 1 0 5 7 2 1 1 1 1 0 2 3 1 1 1 1 0 0 1 1 1 1 0 1 3 0 0 0 0 0 0 0 0 0 0 0 0 0 0 0 1 1 2 1 1 3 4 10 9 20 14 18 21 43 38 5 13 26 23 18 43 55 30 31 24 18 7 7 19 44 15 19 13 4 3 6 8 13 6 2 2 0 0 1 4 10 15 19 27 17 13 40
0 1 0 0 0 1 3 2 1 0 0 0 0 0 0 1 1 1 1 1 0 0 0 0 0 0 0 0 0 1 0 0 0 0 0 0 0 0 0 0 0 0 0 0 0 0 0 1 2 2 7 10 9 19 32 49 57 64 21 5 16 24 18 25 66 56 14 25 25 14 7 4 12 42 14 10 7 6 1 2 8 11 3 1 0 0 1 4 11 11 15 17 25 37 56 33
0 0 0 0 0 0 0 0 0 0 0 0 0 0 0 0 0 0 0 1 0 0 0 0 0 0 0 0 0 0 0 0 0 0 0 0 0 0 0 0 0 0 0 0 0 0 1 1 1 6 5 8 12 18 31 59 39 26 4 16 27 19 39 52 78 35 37 14 12 12 10 6 19 40 19 9 7 7 1 2 5 10 5 5 1 0 1 3 4 3 4 4 6 10 28 34
0 0 0 0 0 0 0 0 0 0 0 0 0 0 0 0 0 0 0 0 0 0 0 0 0 0 0 0 0 0 0 0 0 0 0 0 0 0 0 0 0 0 0 1 1 1 2 6 1 6 3 5 8 10 47 33 11 3 12 23 26 24 48 74 40 20 27 12 10 10 8 4 10 30 45 18 8 4 1 1 5 10 7 3 1 0 1 1 1 4 5 11 15 16 17 31
0 0 0 1 0 0 0 0 0 0 0 0 0 0 1 0 0 0 0 0 0 0 0 0 0 0 0 0 0 0 0 0 0 0 0 0 0 0 0 0 0 0 1 1 1 2 2 2 6 3 4 4 10 13 38 7 3 7 17 24 22 26 47 71 25 16 14 19 8 3 2 3 19 30 12 27 11 4 1 1 7 5 7 3 1 0 1 3 7 13 8 18 28 28 26 12
0 1 1 1 1 0 0 1 0 1 1 1 1 1 1 1 1 1 1 0 0 0 0 0 0 0 0 0 0 0 0 0 0 0 0 0 0 0 0 0 0 1 1 2 2 3 3 3 5 14 18 18 12 18 10 3 1 11 13 21 11 24 50 54 28 10 12 16 10 5 1 3 22 8 6 32 18 6 2 1 2 2 4 2 0 0 2 3 4 9 10 11 8 10 15 35
1 1 1 1 1 0 1 1 1 1 1 2 3 2 3 3 1 1 1 1 0 1 0 0 0 0 0 0 0 0 0 0 0 0 0 0 0 0 0 0 1 1 1 1 3 4 6 12 9 13 7 34 20 8 10 6 2 8 16 26 31 27 56 18 7 18 19 7 15 4 1 3 7 7 4 28 9 6 1 1 2 2 2 1 0 1 6 11 14 11 10 5 12 16 17 26
4 4 2 3 2 1 1 1 1 2 4 4 4 5 4 2 2 1 1 1 1 1 1 1 0 0 0 0 0 0 0 0 0 0 0 0 0 0 0 0 0 1 1 2 3 4 9 13 10 11 5 3 10 9 11 1 5 9 8 18 18 32 38 37 29 14 8 6 16 9 3 2 6 5 9 30 7 4 2 1 1 2 1 0 1 3 7 20 28 27 30 18 24 35 29 56
7 6 7 3 3 2 1 2 4 5 8 6 7 4 6 4 3 2 2 3 2 2 1 1 1 1 0 0 0 0 1 0 0 0 0 0 0 0 0 0 0 0 1 1 2 8 3 1 14 9 6 3 9 10 1 1 3 5 8 18 32 42 50 20 10 9 12 8 6 7 4 2 6 5 7 12 9 8 2 1 1 1 1 1 2 3 4 6 5 7 9 18 32 35 61 58
9 9 10 8 7 2 2 4 6 9 11 9 10 8 8 7 4 9 5 4 1 1 1 1 1 1 0 0 0 1 0 0 0 0 0 0 0 0 0 0 0 1 2 1 1 2 2 4 4 4 4 1 3 1 1 1 2 3 5 15 33 45 28 41 17 8 7 6 4 7 6 2 2 3 6 8 8 3 2 1 0 0 0 1 4 2 2 5 16 21 26 22 15 56 29 37
18 28 15 4 8 3 5 5 18 14 12 13 14 22 23 12 11 7 4 5 2 2 1 2 2 1 1 1 2 0 0 0 0 0 0 0 0 0 0 0 0 1 1 1 1 2 2 3 3 2 1 1 2 1 1 1 2 6 11 21 17 17 33 44 10 4 3 3 5 4 3 2 1 2 3 8 7 4 2 1 0 0 1 3 7 9 8 9 14 14 14 36 36 47 23 9
36 49 16 14 19 5 5 20 21 31 10 18 25 21 33 16 7 4 10 5 3 2 1 3 1 1 1 2 0 0 0 0 0 0 0 0 0 0 0 0 0 1 0 0 0 2 6 5 3 2 1 1 1 1 2 3 5 4 4 6 9 18 25 41 15 6 5 3 2 1 2 2 1 2 4 3 3 4 2 0 0 1 3 2 7 19 22 25 27 30 17 27 19 21 21 6
31 47 19 16 24 9 9 33 29 34 9 22 43 29 38 15 10 9 13 11 6 2 2 1 1 2 4 0 0 0 0 0 0 0 0 0 0 0 0 0 0 0 0 0 1 4 4 2 4 1 1 0 1 1 2 2 2 1 5 7 7 26 32 23 9 30 25 13 6 4 2 2 1 1 2 1 2 2 1 0 0 3 7 12 15 22 28 27 22 24 27 33 8 3 15 9
50 25 25 18 27 10 13 38 60 33 8 36 57 45 43 39 16 25 36 15 6 2 4 2 4 4 0 0 1 1 0 0 1 0 1 0 0 0 0 0 0 0 0 1 4 1 3 0 1 2 0 1 2 2 2 2 2 4 20 27 23 27 62 23 31 16 20 18 5 3 2 1 1 0 1 1 1 1 0 0 1 2 2 7 8 4 11 4 4 6 4 48 25 8 5 3
76 56 28 22 27 13 24 44 77 29 13 29 56 58 57 24 19 57 20 3 3 10 7 6 5 2 1 1 2 2 1 1 1 1 0 1 0 1 0 0 0 0 0 0 1 1 1 0 0 0 0 1 1 3 3 7 10 11 10 19 39 32 19 38 27 23 5 10 23 5 1 1 0 0 0 1 0 1 0 0 1 3 3 4 3 2 3 7 16 31 44 66 30 7 4 2
70 69 35 34 40 20 27 55 70 36 19 39 81 79 39 47 25 23 5 3 8 24 28 14 6 4 2 2 3 1 1 3 1 0 0 1 0 1 1 0 0 0 0 0 0 0 0 0 0 1 1 2 4 6 6 12 9 8 22 53 48 42 25 36 4 46 27 4 3 11 11 5 2 1 0 0 0 0 0 0 1 1 1 3 2 3 14 23 15 15 22 37 13 6 3 1
71 60 39 50 46 43 33 61 72 44 32 46 81 70 49 32 12 6 2 8 21 27 14 4 3 1 1 5 3 2 3 2 1 0 1 1 1 1 1 0 0 0 0 0 0 0 0 0 0 0 1 1 3 4 4 5 9 24 17 62 39 14 14 58 23 8 30 7 2 1 3 3 5 3 1 0 0 0 0 0 1 1 1 1 3 7 15 14 13 27 13 21 15 8 3 1
74 64 40 58 56 53 51 49 59 41 35 47 62 26 23 17 5 7 5 12 33 10 6 6 2 2 1 8 6 3 7 3 1 1 1 2 2 3 1 1 1 0 0 0 0 0 0 0 0 0 0 1 3 3 7 10 5 18 30 44 6 2 15 47 12 11 6 22 5 1 1 1 3 2 2 1 0 0 0 0 1 1 1 1 2 6 24 8 6 30 9 9 11 2 1 1
47 47 46 63 60 45 63 51 74 77 65 50 44 33 40 33 21 24 10 17 26 12 8 5 4 3 3 11 8 4 8 3 2 2 2 3 3 3 1 1 2 1 1 0 0 0 0 0 0 0 0 1 3 3 3 5 3 10 28 9 4 3 23 47 17 3 2 2 8 2 1 1 1 1 2 1 0 0 0 0 0 1 2 1 7 14 24 7 7 21 6 2 3 5 1 0
63 36 67 75 66 70 67 84 77 89 88 84 44 64 60 54 45 19 15 32 23 11 7 4 4 6 3 12 12 12 6 4 3 4 4 6 9 3 1 1 4 2 0 0 0 0 0 0 0 0 1 2 2 2 1 2 6 20 34 5 3 3 8 38 20 8 2 0 4 4 2 1 1 1 3 1 0 0 0 0 1 1 1 3 4 3 3 2 4 4 7 4 4 3 1 0
56 52 57 67 78 82 86 87 74 71 75 78 83 77 42 37 30 21 21 18 9 12 9 10 16 10 10 32 19 30 10 8 6 8 9 16 17 4 3 3 4 1 0 0 0 0 0 0 0 0 1 1 1 1 1 3 7 11 8 6 2 2 3 41 8 6 5 0 2 5 3 1 0 0 1 1 0 0 0 0 1 1 3 5 4 2 2 1 2 2 3 2 1 0 0 0
66 58 41 44 58 67 77 55 47 42 54 58 62 74 46 37 42 51 38 22 18 21 16 26 39 25 16 40 34 25 12 18 11 14 13 19 10 6 8 2 1 1 1 1 0 0 0 0 0 0 1 1 1 1 1 1 3 3 4 14 3 3 6 12 5 1 3 1 1 2 1 1 0 0 0 4 0 0 0 0 1 1 1 5 2 2 2 1 1 1 1 0 0 0 1 2
71 75 49 27 52 47 48 63 41 48 56 41 57 77 82 66 76 65 44 34 45 41 39 36 42 29 23 47 44 19 24 24 22 24 29 27 14 8 2 1 1 1 1 1 1 1 1 0 0 0 0 1 1 1 1 1 3 3 1 3 3 3 4 9 10 1 2 1 1 3 1 1 1 0 0 0 0 0 0 0 0 1 2 4 1 2 1 1 1 0 0 0 0 1 1 2
53 63 81 45 25 27 51 49 67 31 25 26 63 45 56 91 89 46 64 63 59 56 54 44 47 36 37 60 44 33 34 29 31 48 42 14 3 2 3 3 3 2 2 1 2 2 1 0 0 0 0 1 1 0 1 1 3 2 1 1 2 1 1 3 13 1 1 1 1 1 1 0 0 0 0 0 0 0 0 0 0 1 4 2 0 0 0 1 1 0 0 0 1 1 2 2
72 70 74 78 39 14 15 54 51 43 8 11 23 41 72 80 68 86 87 67 59 75 69 37 54 43 61 51 47 41 44 33 46 64 60 19 11 7 11 9 12 10 4 3 5 1 0 0 0 0 0 0 0 0 1 1 3 2 1 1 1 0 0 1 5 1 1 1 1 0 0 1 0 0 0 0 0 0 0 0 0 1 1 1 0 0 0 0 0 0 0 1 2 2 2 2
56 40 44 87 42 29 22 22 19 24 16 3 16 65 76 74 59 51 79 61 73 76 64 44 67 62 75 66 57 67 46 44 43 41 40 19 15 17 16 14 3 3 9 13 1 1 0 0 0 0 0 0 0 0 0 1 2 3 1 1 1 0 0 2 4 1 1 1 0 0 0 1 0 0 0 0 0 0 0 0 0 1 0 0 0 0 0 0 0 1 1 2 2 2 1 2
24 41 41 80 81 22 24 12 13 11 12 7 18 29 34 44 61 80 58 22 58 26 66 80 90 82 76 48 65 42 53 38 32 16 55 41 40 24 9 7 2 0 11 6 3 1 1 0 0 0 0 0 0 0 0 0 0 1 0 0 0 0 0 1 2 2 1 0 0 0 0 0 0 0 0 0 0 0 0 0 0 0 0 0 0 0 1 1 1 1 1 4 3 2 2 2
14 19 31 33 78 67 29 10 9 8 7 7 12 32 46 55 22 67 64 28 60 50 23 41 60 39 60 32 53 17 10 26 16 14 26 68 48 23 10 34 9 8 9 7 6 2 1 0 1 1 0 0 0 0 0 0 0 0 0 0 0 0 0 1 1 2 1 0 0 0 0 0 0 0 0 0 0 0 0 0 0 0 0 0 0 0 0 1 1 1 2 2 9 3 2 1
6 10 18 4 31 83 30 13 5 4 5 6 5 10 18 28 38 55 32 43 64 35 9 35 54 33 30 25 29 44 29 29 23 11 15 47 60 70 64 48 35 19 16 17 9 3 2 1 2 1 0 0 0 0 0 0 0 0 0 0 0 0 0 1 1 1 1 0 0 0 0 0 0 0 0 0 0 0 0 0 0 0 0 0 0 0 0 0 1 1 1 2 3 3 1 3
12 6 13 32 26 50 71 23 16 4 2 3 3 5 17 13 35 54 6 17 69 51 16 8 57 62 33 19 29 35 12 10 13 7 6 19 35 40 28 10 19 19 9 12 11 8 9 7 2 0 1 1 1 1 1 1 1 0 0 0 0 0 0 0 0 1 0 0 0 0 0 0 0 0 0 0 0 0 0 0 0 0 0 0 0 0 0 0 1 1 1 1 2 3 6 7
16 5 3 16 32 44 70 49 15 9 4 3 3 4 4 3 13 10 9 46 83 25 11 5 7 36 15 17 14 27 23 12 13 11 10 36 20 8 6 4 6 2 2 24 10 19 22 14 4 3 3 2 2 1 1 0 0 0 0 0 0 0 0 0 0 0 0 0 0 0 0 0 0 0 0 0 0 0 0 0 0 0 0 0 0 1 1 1 1 2 1 2 3 3 4 9
31 17 9 5 7 9 19 50 16 17 6 2 2 2 5 2 7 5 21 19 74 23 11 7 3 8 8 12 4 20 23 7 6 7 9 18 15 4 2 4 3 2 2 6 13 9 6 2 2 2 1 1 1 1 1 0 0 0 0 0 0 0 0 0 0 0 0 0 0 0 0 0 0 0 0 0 0 0 0 0 0 0 0 0 0 0 0 3 1 2 3 4 5 5 7 13
12 9 17 5 5 17 19 45 42 19 10 3 2 1 2 3 4 6 7 21 52 68 28 9 2 2 6 1 3 15 21 7 4 6 3 3 4 3 2 2 2 2 2 2 12 7 6 2 1 1 1 0 0 0 0 0 0 0 0 0 0 0 0 0 0 0 0 0 0 0 0 0 0 0 0 0 0 0 0 0 0 0 0 0 0 0 1 2 3 4 4 4 5 10 8 14
23 14 4 2 3 7 12 21 35 13 5 4 1 1 1 2 1 2 9 43 33 52 29 16 6 1 7 6 1 2 9 4 5 3 1 1 2 5 1 1 2 1 1 1 6 7 8 3 1 1 0 0 0 0 0 0 0 0 0 0 0 0 0 0 0 0 0 0 0 0 0 0 0 0 0 0 0 0 0 0 0 0 0 0 0 1 1 2 1 1 1 1 3 7 7 4
34 24 6 2 1 6 5 11 26 19 4 3 1 1 1 1 1 6 17 33 9 20 29 6 4 3 1 3 4 0 3 5 2 2 1 2 1 1 1 1 2 1 0 1 1 5 8 3 2 1 1 0 0 0 0 0 0 0 0 0 0 0 0 0 0 0 0 0 0 0 0 0 0 0 0 0 0 0 0 0 0 0 0 0 0 0 1 1 1 1 1 2 3 3 3 5
34 21 9 6 1 1 4 7 38 4 5 2 1 1 1 1 1 3 15 7 1 9 50 7 3 3 1 2 1 3 2 2 1 1 1 1 1 0 0 1 1 1 0 0 1 2 8 3 3 1 1 0 0 0 0 0 0 0 0 0 0 0 0 0 0 0 0 0 0 0 0 0 0 0 0 0 0 0 0 0 0 0 0 0 0 0 1 1 1 1 2 1 2 3 4 3
31 20 8 3 3 1 3 4 22 5 1 3 1 1 0 0 1 4 5 2 10 18 40 15 4 2 2 4 1 4 2 1 1 1 1 0 1 0 0 0 0 0 0 1 3 4 5 4 7 4 2 1 0 0 0 0 0 0 0 0 0 0 0 0 0 0 0 0 0 0 0 0 0 0 0 0 0 0 0 0 0 0 0 0 0 0 0 1 2 2 2 2 3 1 4 6
21 11 6 3 2 2 1 2 5 15 3 1 1 1 0 0 1 2 2 3 3 10 31 14 4 5 1 2 2 4 1 1 1 1 0 0 0 0 0 0 0 0 0 4 1 1 4 2 4 4 4 1 0 0 0 0 0 0 0 0 0 0 0 0 0 0 0 0 0 0 0 0 0 0 0 0 0 0 0 0 0 0 0 0 0 0 0 1 1 1 1 4 2 4 10 6
17 13 4 2 2 2 1 2 2 5 5 1 1 1 0 0 0 1 1 2 3 9 37 11 6 2 3 1 1 2 1 0 0 0 0 0 0 0 0 0 0 0 1 3 0 1 2 1 3 3 2 2 1 0 0 0 0 0 0 0 0 0 0 0 0 0 0 0 0 0 0 0 0 0 0 0 0 0 0 0 0 0 0 0 0 0 0 0 1 1 1 2 2 1 2 3
61 31 11 2 1 1 1 1 1 3 5 2 1 1 1 0 0 0 1 1 3 4 21 8 2 1 1 1 1 1 1 0 0 0 0 0 0 0 0 0 1 1 1 0 0 1 1 1 1 2 3 2 2 1 1 0 0 0 0 0 0 0 0 0 0 0 0 0 0 0 0 0 0 0 0 0 0 0 0 0 0 0 0 0 0 0 0 0 0 1 1 3 2 2 2 1
16 47 25 8 2 1 1 1 1 2 8 2 1 0 0 0 0 0 0 1 2 3 9 10 2 1 1 1 1 1 1 1 0 0 0 0 0 0 0 0 0 1 1 0 0 1 0 0 1 2 1 1 1 1 1 0 0 0 0 0 0 0 0 0 0 0 0 0 0 0 0 0 0 0 0 0 0 0 0 0 0 0 0 0 0 0 0 0 0 1 1 1 1 1 2 3
3 42 5 24 9 3 1 0 1 1 4 1 1 0 0 0 0 0 0 1 1 4 4 8 4 2 1 1 0 1 0 1 0 0 0 0 0 0 0 0 1 1 1 0 0 1 0 0 1 2 1 0 1 0 2 1 0 0 0 0 0 0 0 0 0 0 0 0 0 0 0 0 0 0 0 0 0 0 0 0 0 0 0 0 0 0 0 0 0 1 1 0 1 2 2 2
7 7 3 15 5 5 2 0 0 0 1 1 0 0 0 0 0 0 0 1 0 1 7 8 8 3 2 1 0 0 0 0 0 0 0 0 0 0 0 0 0 0 0 0 0 1 0 0 2 2 1 0 0 0 1 0 0 0 0 0 0 0 0 0 0 0 0 0 0 0 0 0 0 0 0 0 0 0 0 0 0 0 0 0 0 0 0 0 0 0 0 1 2 2 3 3
7 5 4 3 3 1 4 1 0 0 0 1 0 0 0 0 0 0 0 0 1 4 9 7 10 3 2 1 0 0 0 0 0 0 0 0 0 0 0 0 0 0 0 0 0 1 0 0 2 2 1 0 0 0 0 0 0 0 0 0 0 0 0 0 0 0 0 0 0 0 0 0 0 0 0 0 0 0 0 0 0 0 0 0 0 0 0 0 1 0 0 1 1 1 1 2
5 3 4 2 2 0 1 2 0 0 0 0 1 0 0 0 0 0 0 1 2 3 6 4 4 5 1 1 0 0 0 0 0 0 0 0 0 0 0 0 0 0 0 0 0 0 0 0 1 2 1 0 0 0 0 0 0 0 0 0 0 0 0 0 0 0 0 0 0 0 0 0 0 0 0 0 0 0 0 0 0 0 0 0 0 0 0 1 1 0 0 0 0 1 2 2
3 4 5 2 1 0 0 0 0 0 0 0 0 0 0 0 0 0 1 2 1 1 3 2 2 3 1 0 0 0 0 0 0 0 0 0 0 0 0 0 0 0 0 0 0 0 0 0 1 0 1 0 0 0 0 0 0 0 0 0 0 0 0 0 0 0 0 0 0 0 0 0 0 0 0 0 0 0 0 0 1 1 1 1 2 1 1 1 1 0 0 1 0 1 2 2
1 1 1 1 0 0 0 0 0 0 0 0 0 0 0 0 0 0 0 0 1 0 1 3 1 1 1 1 0 0 0 0 0 0 0 0 0 0 0 0 0 0 0 0 0 0 0 1 2 0 0 0 0 0 0 0 0 0 0 0 0 0 0 0 0 0 0 0 0 0 0 0 0 0 0 0 0 0 0 0 0 0 1 1 2 1 2 2 1 1 1 1 1 1 1 1
0 0 0 0 0 0 0 0 0 0 0 0 0 0 0 0 0 0 0 0 0 0 0 1 0 0 0 0 0 0 0 0 0 0 0 0 0 0 0 0 0 0 0 0 0 0 0 0 1 0 0 0 0 0 0 0 0 0 0 0 0 0 0 0 0 0 0 0 0 0 0 0 0 0 0 0 0 0 0 0 0 0 0 0 2 2 4 5 2 4 3 3 2 2 2 5
0 0 0 0 0 0 0 0 0 0 0 0 0 0 0 0 0 0 0 0 0 0 0 0 0 0 0 0 0 0 0 0 0 0 0 0 0 0 0 0 0 0 0 0 0 0 0 0 0 0 0 0 0 0 0 0 0 0 0 0 0 0 0 0 0 0 0 0 0 0 0 0 0 0 0 0 0 0 0 0 0 0 0 0 1 1 1 2 9 9 3 8 6 6 3 5
