sesion_6_simulaciones/modelos_agentes/ejemplos_netlogo/scenarios/echam4_a2/rob_2061.asc
NCOLS 322 
NROWS 307 
XLLCORNER 451900 
YLLCORNER 4086900 
CELLSIZE 100 
NODATA_value -9999 
[rows 0 to 73 of 307, columns 96 to 191 of 322]
1 0 0 0 0 0 0 0 0 0 0 0 0 1 1 0 1 1 1 0 1 0 0 1 0 0 0 0 0 0 0 0 0 0 0 0 0 0 0 0 0 2 9 14 19 17 16 16 38 14 9 10 4 1 3 4 3 1 1 1 1 0 0 0 1 3 4 0 0 3 7 3 4 6 6 5 6 10 5 39 29 17 30 33 45 31 33 36 43 55 30 19 13 4 10 21
0 0 0 0 0 0 0 0 0 0 0 0 1 1 1 1 0 0 0 0 0 0 0 0 0 0 0 0 0 1 0 0 0 0 0 0 0 0 0 1 1 3 4 3 43 57 41 31 62 29 27 15 2 3 10 1 0 1 0 0 0 0 0 0 1 0 1 3 3 3 2 6 13 6 13 20 29 11 12 18 18 16 28 37 42 30 29 38 41 31 36 25 32 13 18 20
0 0 0 0 0 0 0 0 0 0 0 0 0 0 0 0 0 0 1 1 1 0 0 0 0 0 0 0 0 0 1 1 0 0 1 1 1 1 2 2 4 8 6 9 3 1 3 12 61 35 34 31 5 15 8 5 3 2 1 1 0 4 11 6 17 3 2 5 1 2 2 3 5 7 11 25 40 46 22 14 16 16 27 28 41 30 35 46 25 24 32 22 29 27 16 17
0 0 0 0 0 0 0 0 0 0 0 0 0 0 0 0 0 1 1 1 0 0 0 0 0 0 0 0 0 0 0 0 0 1 1 1 2 2 7 14 25 31 16 4 2 3 1 1 7 2 5 4 2 4 9 1 8 0 0 1 1 5 21 18 25 24 18 3 5 5 4 6 4 5 11 14 23 9 8 13 21 22 34 34 38 26 26 31 21 20 32 29 18 25 10 30
0 0 0 0 0 0 0 0 0 0 0 0 0 0 0 0 0 2 1 0 0 0 0 1 0 0 0 0 0 1 1 1 0 1 2 3 5 9 26 42 49 41 25 9 4 1 3 5 3 2 4 3 1 12 1 3 4 2 0 1 8 17 13 27 12 4 23 8 12 13 5 5 3 3 11 8 12 11 14 17 18 16 56 34 22 26 24 36 22 28 27 38 12 22 33 32
0 0 0 0 0 0 0 0 0 0 0 0 0 0 0 0 0 0 1 1 0 0 1 0 0 0 0 0 0 0 0 1 1 0 3 8 13 29 47 34 50 52 43 16 4 8 4 5 5 4 5 13 1 3 2 5 2 1 1 2 10 13 2 1 2 6 9 1 3 4 1 4 25 14 8 4 7 8 7 15 11 17 21 21 29 20 19 35 31 20 27 20 22 33 43 15
0 0 0 0 0 0 0 0 0 0 0 0 0 0 0 0 0 0 1 1 1 1 0 0 0 0 0 0 0 0 0 1 1 1 4 27 37 41 45 51 55 53 21 9 10 24 10 16 11 10 7 15 7 4 6 3 1 2 4 1 1 2 1 3 1 2 9 19 10 8 2 8 3 1 17 8 8 11 4 11 10 7 9 8 18 21 15 27 25 10 24 19 21 21 12 12
0 0 0 0 0 0 0 0 0 0 1 1 1 0 0 0 0 0 0 0 1 3 1 1 1 0 0 0 0 0 0 0 2 8 6 31 28 46 53 45 42 12 16 13 34 23 16 36 17 14 7 9 15 14 6 5 4 17 24 24 7 3 1 1 3 2 6 4 13 6 5 3 1 3 2 8 16 35 23 5 10 14 7 12 32 15 18 23 31 36 14 12 4 8 9 9
0 0 0 0 0 0 0 0 0 0 0 1 1 4 1 1 0 0 0 0 1 0 0 1 0 0 0 0 0 0 1 1 4 20 32 11 8 13 11 12 22 11 9 19 47 31 14 20 23 13 10 7 50 13 8 13 9 15 2 6 25 12 4 0 4 3 2 2 1 2 8 6 2 2 9 3 5 7 9 26 28 48 17 22 7 5 13 46 14 30 15 48 28 15 10 16
0 0 0 0 0 0 0 0 0 0 0 0 0 0 0 0 0 0 0 0 0 0 0 0 0 0 0 0 0 1 1 7 8 9 22 17 19 19 10 11 6 5 11 23 54 25 9 9 16 19 14 7 12 67 39 33 3 7 2 16 8 12 2 3 1 2 1 1 3 5 4 6 7 5 9 17 4 10 35 43 14 37 21 12 6 9 6 16 17 28 11 31 64 46 13 9
0 0 0 0 0 0 0 0 0 0 0 0 0 0 0 0 0 0 0 0 0 0 0 0 0 0 0 0 1 2 5 9 39 26 13 14 19 34 32 20 12 5 5 7 28 9 10 13 18 13 20 7 15 19 65 41 9 5 7 14 5 6 3 1 2 3 3 1 6 13 10 13 9 5 13 23 13 5 7 34 17 21 27 35 10 12 9 12 43 31 29 28 60 67 38 15
0 0 0 0 0 0 0 0 0 0 0 0 0 0 0 0 0 0 1 0 1 0 0 0 0 0 0 0 1 10 15 15 21 20 16 12 16 41 29 23 13 6 9 14 17 7 9 26 12 14 32 11 18 33 14 30 11 9 13 11 3 3 8 6 3 2 8 8 18 45 46 51 6 14 24 24 15 9 8 37 16 2 20 44 11 17 15 16 37 20 18 21 47 51 50 37
0 0 0 0 0 0 0 0 0 0 0 0 0 0 0 0 0 0 1 0 2 2 0 0 0 0 0 0 2 6 22 13 16 16 19 37 36 12 17 32 13 5 6 26 20 8 16 16 19 27 39 30 28 48 26 22 20 15 23 5 4 5 9 7 4 3 3 9 21 12 34 25 18 9 9 30 8 9 3 9 22 2 29 58 14 16 30 16 12 46 25 10 18 28 55 63
0 0 0 0 0 0 0 0 0 0 0 0 0 0 0 0 1 0 1 0 0 0 1 0 0 0 0 3 5 6 11 13 12 6 7 8 8 6 6 10 13 3 2 2 8 7 14 13 41 54 61 58 37 42 23 37 31 21 16 18 5 3 10 10 8 8 4 5 6 4 1 2 14 15 10 11 7 15 8 5 2 4 15 44 48 18 26 30 17 17 37 17 30 48 77 56
0 0 0 0 0 0 0 0 0 0 0 0 0 0 0 0 0 0 1 1 0 1 1 0 0 0 1 1 5 9 5 3 4 5 10 9 9 8 4 1 10 2 7 4 1 2 15 27 34 66 66 61 45 55 35 56 47 31 26 32 4 16 23 18 9 6 3 4 3 1 2 12 32 19 22 29 20 14 7 8 16 4 16 44 58 20 10 13 16 13 10 10 26 41 46 43
0 0 0 0 0 0 0 0 0 0 0 0 0 0 0 0 0 0 0 0 0 0 0 2 1 1 0 1 1 1 2 7 10 12 8 13 28 30 14 3 3 4 1 5 2 3 2 23 32 37 48 37 38 37 47 31 38 27 36 29 4 14 3 18 31 15 4 5 7 1 5 28 29 27 8 5 9 15 21 20 15 14 15 43 66 83 47 29 15 13 13 8 30 67 53 33
0 0 0 0 0 0 0 0 0 0 0 0 0 0 0 0 0 0 0 0 0 0 0 0 2 1 1 2 10 9 6 3 5 9 10 20 35 40 31 3 7 6 3 5 12 14 16 3 18 30 20 20 14 16 30 44 43 40 43 36 9 18 11 12 19 5 4 5 4 4 4 24 16 23 5 5 8 8 35 19 19 21 25 35 69 84 82 25 18 17 17 13 34 61 61 60
0 0 0 0 0 0 0 0 0 0 0 0 0 0 0 0 0 0 0 0 0 0 0 0 1 1 0 1 2 1 4 5 7 5 18 42 25 35 30 14 20 23 17 16 29 29 34 20 7 3 3 5 4 2 10 53 78 87 53 17 39 18 15 9 18 9 5 11 3 3 26 27 23 21 5 18 30 14 25 23 16 15 11 7 56 62 62 56 36 22 22 18 22 44 50 22
0 0 0 0 0 0 0 0 0 0 0 0 0 0 0 0 0 0 0 0 0 0 0 0 1 2 1 1 1 3 4 7 5 11 18 24 8 13 15 36 27 35 42 50 46 30 38 36 18 14 11 12 14 2 3 15 79 83 54 26 23 28 11 8 13 3 4 5 1 20 38 38 31 46 10 12 28 30 34 67 33 22 12 8 19 44 54 49 56 32 28 30 16 33 72 22
0 0 0 0 0 0 0 0 0 0 0 0 0 0 0 0 0 0 0 0 0 0 0 0 1 1 1 1 2 2 3 12 8 8 10 6 14 17 15 24 49 52 45 24 31 17 31 40 24 20 20 6 11 5 10 7 27 37 49 46 29 14 11 21 18 2 4 20 41 30 54 72 22 69 22 7 26 60 33 64 55 41 32 15 17 56 75 60 68 46 40 28 13 24 64 51
0 0 0 0 0 0 0 0 0 0 0 0 0 0 0 0 0 0 0 0 0 0 0 0 0 1 1 0 0 1 1 1 4 6 13 7 7 17 9 39 22 24 47 37 22 22 27 42 40 19 30 23 8 14 22 16 22 49 60 47 13 12 45 37 15 3 20 19 30 37 30 32 17 23 47 32 19 17 24 66 25 24 48 34 30 15 65 43 70 36 46 28 20 20 31 52
0 0 0 0 0 0 0 0 0 0 0 0 0 0 0 0 0 0 0 0 0 0 0 0 1 1 1 1 1 1 1 3 4 19 16 10 40 11 23 9 25 17 16 17 36 41 72 59 58 24 27 23 21 23 35 28 28 46 64 59 56 12 19 19 9 11 36 6 22 38 51 25 37 14 46 56 29 17 28 77 84 45 20 62 50 19 15 28 69 56 50 48 25 23 25 56
0 0 0 0 0 0 0 0 0 0 0 0 0 0 0 0 0 0 0 0 0 0 0 0 1 0 1 2 1 1 4 17 19 3 2 41 27 9 10 11 21 37 25 19 18 50 45 21 28 22 42 27 27 29 29 32 20 30 53 33 26 19 10 9 10 28 37 3 18 13 35 50 45 15 15 41 40 53 25 61 85 61 59 28 50 28 10 26 71 76 30 62 42 26 33 51
0 0 0 0 0 0 0 0 0 0 0 0 0 0 0 0 0 0 0 1 0 1 1 1 1 1 1 4 5 2 2 3 1 1 1 4 12 14 6 14 17 33 33 38 36 15 12 9 6 5 20 16 10 14 26 15 17 18 19 29 33 21 11 15 41 29 17 7 15 18 17 42 34 31 27 62 63 42 40 23 63 68 50 71 33 25 18 22 22 59 25 44 39 21 18 28
0 0 0 0 0 0 0 0 0 0 0 0 0 0 0 0 1 0 0 0 1 2 5 2 1 2 6 4 12 5 2 2 4 4 3 0 2 19 15 5 11 28 43 53 40 36 31 26 21 20 10 8 5 3 4 4 4 6 27 33 42 21 26 28 15 35 15 20 31 24 16 32 49 53 15 58 67 44 48 34 52 70 41 23 58 39 23 23 18 31 32 33 46 25 14 15
0 0 0 0 0 0 0 0 0 0 0 0 0 1 1 1 1 2 0 1 4 15 20 34 24 22 20 9 18 12 36 42 38 15 4 4 5 4 3 9 22 16 24 34 46 51 52 41 37 36 20 20 21 20 20 18 19 17 42 45 36 27 19 19 15 36 28 38 13 40 18 14 44 34 18 44 46 24 31 29 31 46 72 24 28 19 26 12 11 21 17 28 14 14 10 11
0 0 0 0 0 0 0 0 0 0 0 0 0 2 3 2 2 14 6 16 28 33 38 47 38 49 44 38 43 51 32 8 20 27 18 6 8 7 3 4 13 19 25 42 38 41 51 40 41 41 33 33 36 36 21 33 22 23 36 27 30 19 10 11 9 38 24 39 36 42 11 17 26 34 26 44 42 55 20 30 32 15 41 30 19 37 16 15 4 11 18 13 17 12 12 12
0 0 0 0 0 0 0 0 0 1 1 3 2 3 6 25 21 14 25 6 11 14 27 43 50 41 80 61 61 59 8 6 5 7 14 12 17 8 14 9 11 27 36 31 44 43 35 57 49 38 33 35 35 33 32 35 34 10 21 19 20 12 12 20 34 58 54 27 33 16 25 13 27 32 32 22 20 36 41 23 35 23 35 31 11 34 18 12 4 7 17 17 13 17 9 5
0 1 0 0 1 1 1 1 1 3 7 14 27 30 47 52 34 40 39 24 10 5 19 37 25 22 16 38 43 39 18 3 3 2 3 5 10 9 12 15 6 15 23 26 14 14 9 27 40 34 45 44 33 32 31 47 36 13 14 12 8 18 29 38 47 39 20 24 16 33 29 39 22 22 27 22 22 24 39 28 25 23 22 15 19 17 17 14 10 4 11 6 7 10 4 4
1 1 0 0 2 2 2 4 7 18 42 36 57 62 52 78 43 47 68 17 45 13 8 21 13 8 12 14 12 12 33 14 7 1 3 1 5 4 5 14 13 15 31 12 17 17 10 27 21 13 12 12 10 21 22 11 35 21 15 11 13 18 35 37 43 34 16 36 49 29 36 25 23 20 17 12 15 14 22 23 22 20 8 16 10 5 6 4 6 3 3 1 1 2 2 3
0 2 2 1 2 5 10 19 20 50 46 71 56 72 63 62 30 40 67 49 16 18 8 5 5 4 2 2 7 7 9 50 13 3 4 3 14 40 41 28 23 15 13 8 11 14 15 6 5 8 9 18 27 27 16 17 32 19 29 10 16 22 37 25 40 21 15 28 46 44 29 22 12 21 16 9 5 2 7 10 13 9 6 5 3 4 4 3 2 2 2 2 13 7 8 11
2 4 8 7 19 41 31 40 55 57 52 81 55 63 39 57 33 59 52 56 10 24 23 8 6 1 2 1 2 4 3 7 9 4 4 7 3 9 9 11 8 9 10 18 19 13 16 8 14 15 38 50 41 26 47 10 38 33 9 4 4 15 13 30 24 28 17 11 16 23 18 19 10 4 4 5 8 6 14 19 12 17 11 18 19 19 16 14 13 21 7 8 29 19 12 23
10 19 22 42 40 39 47 59 68 55 83 48 22 41 33 36 44 46 46 55 18 10 16 8 7 4 2 3 6 6 7 12 7 2 8 7 9 9 16 10 21 13 21 23 30 30 24 22 19 22 31 57 56 56 57 25 41 33 17 23 13 3 4 5 8 7 12 8 7 8 9 8 8 14 23 22 34 22 34 20 23 33 19 31 24 48 32 17 27 26 14 15 28 23 17 32
31 55 58 42 57 58 71 50 55 37 66 10 17 13 22 35 37 26 23 43 22 8 3 3 4 6 6 5 7 3 25 21 17 10 13 16 14 12 15 16 17 20 22 22 36 26 38 25 15 46 36 37 44 31 26 22 56 28 23 41 33 23 23 24 25 25 41 30 24 22 23 24 35 36 35 23 36 35 37 36 36 36 35 35 51 42 34 29 29 19 28 19 33 22 42 39
4 7 31 34 51 43 62 52 20 3 2 2 7 5 5 7 8 17 30 44 20 5 6 10 5 5 18 11 18 12 20 17 16 12 11 26 19 8 20 17 18 26 27 28 21 22 33 23 19 32 40 32 42 45 31 35 25 21 28 33 28 34 34 37 40 35 49 43 38 22 36 36 33 34 48 35 35 50 36 49 50 37 42 41 65 40 37 34 35 33 32 26 43 43 43 54
5 3 3 3 2 3 10 11 11 4 3 6 9 10 4 2 2 4 22 20 9 5 21 5 13 21 22 15 22 13 12 9 18 16 7 12 13 8 12 18 14 29 16 15 17 21 36 24 17 20 36 29 15 53 26 45 20 22 30 25 42 29 26 28 31 22 52 36 24 35 34 33 46 32 45 34 35 50 49 51 39 36 50 46 51 42 37 40 35 35 35 32 62 49 38 39
9 21 17 6 6 5 2 4 5 2 5 8 7 4 2 3 1 8 6 10 15 27 28 10 19 14 18 15 11 4 1 5 10 9 5 10 5 7 10 17 22 11 15 13 13 30 23 14 24 28 31 40 15 50 43 14 37 34 32 18 29 25 40 38 29 38 33 34 33 24 33 48 45 33 47 44 35 52 36 46 37 48 52 66 53 38 22 48 37 40 47 49 54 27 55 37
11 9 9 7 4 3 4 4 8 11 12 13 11 3 4 9 11 13 15 22 46 36 37 21 13 9 9 11 11 10 4 4 7 5 11 4 3 6 6 13 5 4 13 17 13 37 16 20 31 20 37 12 27 26 10 19 44 30 16 27 19 32 37 25 19 34 34 33 20 33 55 55 49 31 43 49 45 52 35 33 40 49 52 50 40 27 26 49 41 28 56 55 52 26 18 57
4 8 14 11 13 6 14 9 12 16 18 29 22 15 12 20 10 22 27 30 37 22 8 12 19 9 4 6 10 8 5 3 4 5 2 6 3 11 7 5 7 4 13 8 10 43 20 19 16 14 15 25 19 10 10 10 23 37 16 27 27 42 32 17 38 37 42 32 19 32 47 65 52 33 41 49 52 38 31 25 40 67 62 56 53 25 47 70 48 24 46 65 65 34 18 55
8 19 7 9 5 11 15 8 8 15 18 21 19 18 22 20 21 25 29 23 26 14 9 11 7 4 5 9 5 7 3 4 2 2 4 5 6 4 5 4 5 2 12 3 3 14 12 17 8 12 10 4 19 3 2 2 7 22 9 27 35 27 25 47 36 37 24 10 21 46 53 68 55 38 39 62 68 40 40 26 45 73 43 35 36 31 51 68 48 31 25 75 79 52 29 46
3 7 5 13 8 11 8 7 7 7 15 20 14 14 34 14 18 20 16 14 20 12 4 9 5 5 7 5 5 6 2 4 2 2 1 3 1 2 2 4 3 4 6 3 11 6 17 9 3 6 7 4 6 3 3 2 3 6 4 22 33 28 34 51 15 34 12 13 17 49 60 60 55 39 43 60 73 30 42 19 59 81 49 24 23 33 51 67 47 32 28 61 73 62 21 43
1 3 11 7 3 5 5 3 3 4 13 9 7 15 9 9 6 12 15 7 6 7 6 6 3 3 2 2 2 11 1 3 1 2 1 3 2 2 1 2 1 4 3 3 5 3 5 2 2 1 2 7 4 3 2 2 9 3 4 12 12 18 51 20 30 28 17 23 28 38 50 47 54 23 29 55 36 23 45 19 39 63 50 40 21 28 51 62 43 38 29 40 62 36 27 42
0 0 2 1 1 1 2 1 1 2 2 3 3 6 5 5 6 5 7 6 4 2 3 3 3 2 3 2 1 2 2 4 1 1 1 2 1 1 1 2 1 3 2 2 2 2 4 1 1 1 1 3 0 1 1 2 4 1 4 6 6 17 7 16 45 17 17 28 32 30 30 49 27 15 24 42 32 23 40 25 29 50 27 22 25 18 24 62 58 31 19 35 54 30 17 39
0 0 0 0 0 0 1 1 0 1 1 2 3 2 2 4 3 3 4 4 1 1 1 2 2 1 2 1 1 2 1 1 0 0 1 0 0 1 1 2 2 1 1 2 1 0 0 2 0 0 0 1 0 0 1 2 2 4 4 2 2 2 7 25 7 12 29 13 16 13 11 27 8 7 11 26 14 18 26 9 29 32 14 17 21 28 10 21 56 23 16 26 46 30 22 18
0 0 0 0 0 0 0 0 0 1 1 1 1 1 1 2 2 1 1 2 2 1 2 1 1 1 1 1 0 0 1 2 0 0 0 1 0 0 0 0 2 1 0 0 0 0 0 0 0 0 0 1 1 0 1 1 4 2 2 6 4 2 8 3 9 17 5 6 5 9 2 18 2 3 4 14 5 20 20 7 12 12 8 18 23 26 13 16 40 22 11 20 21 10 14 10
0 0 0 0 0 0 0 0 0 0 0 1 1 0 1 1 1 2 1 0 0 0 2 0 0 1 1 0 0 0 0 0 0 0 0 0 0 0 0 0 1 0 0 0 0 1 0 1 4 5 4 1 3 2 1 2 2 1 1 2 1 2 4 1 8 2 3 3 3 6 1 5 2 5 2 4 3 9 5 4 13 4 4 6 15 6 9 5 18 10 10 7 22 22 23 17
0 0 0 0 0 0 0 0 0 0 0 0 0 1 0 1 0 1 1 0 0 0 1 1 0 0 0 0 0 0 0 0 0 0 0 0 0 0 0 0 0 1 1 1 0 6 1 11 2 3 1 1 6 6 14 3 3 0 1 2 1 2 0 1 2 1 1 2 3 3 4 3 3 2 1 7 1 6 2 2 10 2 8 9 21 5 8 6 10 16 10 22 27 30 45 67
0 0 0 0 0 0 0 0 0 0 0 0 0 0 0 0 0 1 1 1 0 0 0 1 0 0 0 0 0 0 0 0 0 0 1 1 1 1 3 5 1 2 2 6 2 1 4 8 1 7 2 2 3 8 6 3 5 6 4 8 4 14 9 1 3 4 3 4 3 6 9 5 6 17 20 18 25 46 25 10 15 24 26 19 4 48 45 32 20 6 14 9 14 49 24 44
0 0 0 0 0 0 0 0 0 0 0 0 0 0 0 0 0 1 0 0 0 0 0 0 0 0 0 0 0 0 0 0 0 0 0 1 2 0 0 3 3 4 1 11 14 2 2 4 10 5 8 1 2 11 12 3 20 9 17 14 2 9 4 3 2 5 4 13 22 1 2 11 14 2 7 29 6 22 9 44 6 24 47 25 11 47 32 31 52 50 36 11 27 41 24 14
0 0 0 0 0 0 0 0 0 0 0 0 0 0 0 0 0 0 0 0 0 0 0 0 0 0 0 0 0 0 0 0 0 0 0 0 0 0 0 1 3 1 7 15 5 1 4 2 6 5 10 2 3 9 8 19 9 4 11 19 5 1 3 10 7 12 11 7 15 10 2 16 29 4 11 39 3 2 8 50 38 16 12 32 32 57 36 57 67 60 22 47 15 13 41 61
0 0 0 0 0 0 0 0 0 0 0 0 0 0 0 0 0 0 0 0 0 0 0 0 0 0 0 0 0 0 0 0 0 0 0 0 0 2 1 2 1 4 2 3 16 7 3 2 6 8 7 11 3 20 19 47 8 19 43 38 19 1 7 7 8 41 31 35 14 30 6 4 28 7 19 40 10 10 5 29 18 26 4 5 11 53 56 55 72 47 14 55 28 24 42 47
0 0 0 0 0 0 0 0 0 0 0 0 0 0 0 0 0 0 0 0 0 0 0 0 0 0 0 0 0 0 0 0 0 0 0 0 0 0 2 9 3 10 3 11 8 15 5 7 14 20 44 52 13 33 60 72 23 47 61 37 22 7 21 26 11 10 9 7 24 55 9 7 23 7 24 33 64 13 25 69 39 54 42 11 11 29 52 53 40 31 49 80 31 23 13 14
0 0 0 0 0 0 0 0 0 0 0 0 0 0 0 0 0 0 0 0 0 0 0 0 0 0 0 0 0 0 0 0 0 0 1 1 1 1 10 4 6 4 2 24 20 7 5 4 11 25 44 36 36 18 45 79 28 30 50 43 51 40 40 53 8 14 17 12 28 47 34 19 3 13 44 66 59 50 16 78 17 52 65 29 19 19 43 29 34 16 71 81 54 34 40 15
0 0 0 0 0 0 0 0 0 0 0 0 0 0 0 0 0 0 0 0 0 0 0 0 0 0 0 0 1 0 0 0 1 1 1 1 0 2 6 5 14 5 20 6 50 7 10 9 5 15 50 31 17 7 8 28 49 58 64 61 78 51 57 54 41 20 32 20 43 36 65 35 16 16 36 63 69 67 39 59 58 51 61 72 35 22 14 13 12 25 68 49 72 41 40 24
0 0 0 0 0 0 0 0 0 0 0 0 0 0 0 0 0 0 0 0 0 0 0 0 0 0 0 0 0 0 0 1 0 0 2 1 1 1 0 2 2 2 1 1 5 7 37 22 8 4 18 5 9 4 3 6 9 34 43 34 44 56 53 47 72 26 26 21 7 59 85 27 17 14 52 43 47 49 22 36 36 16 64 79 61 35 8 10 13 17 13 32 76 38 26 35
0 0 0 0 0 0 0 0 0 0 0 0 0 0 0 0 0 0 0 0 0 0 0 0 0 0 0 0 0 0 0 0 1 2 2 1 1 3 1 1 1 4 2 1 2 4 9 16 19 5 7 5 12 5 6 14 11 6 11 27 25 9 22 54 78 51 22 29 40 69 84 38 12 7 14 24 49 36 46 54 41 10 47 68 79 27 17 10 31 35 20 34 88 56 49 57
0 0 0 0 0 0 0 0 0 0 0 0 0 0 0 0 0 0 0 0 0 0 0 0 0 1 0 0 0 0 0 0 1 2 1 0 3 5 2 1 2 7 4 2 5 4 7 6 7 4 9 23 25 24 19 17 11 9 7 5 2 1 6 70 66 62 38 19 22 61 75 70 53 16 9 28 40 31 33 25 48 34 19 74 77 58 24 17 38 27 52 83 83 82 63 60
0 0 0 0 0 0 0 0 0 0 0 0 0 0 0 0 0 0 0 0 0 0 0 0 0 0 0 0 1 1 0 0 2 1 2 3 3 6 4 5 4 7 8 5 2 11 7 11 8 3 9 41 51 53 51 38 24 22 20 20 19 16 18 35 38 52 44 17 6 42 35 74 74 27 13 40 45 36 21 43 66 30 19 22 75 80 30 17 50 57 52 72 49 78 45 30
0 0 0 0 0 0 0 0 0 0 0 0 0 0 0 0 0 0 0 0 0 0 0 0 0 0 0 1 1 0 0 0 0 0 4 5 2 3 7 16 8 11 8 6 2 4 22 17 12 9 7 26 70 76 63 66 54 51 39 39 73 76 79 68 51 49 37 22 10 6 28 47 82 59 52 15 36 43 24 5 18 32 34 53 70 77 49 31 18 37 38 30 79 78 87 57
0 0 0 0 0 0 1 0 0 0 0 0 0 0 0 0 0 0 0 0 0 0 0 0 0 0 0 0 0 0 0 1 2 2 5 4 4 10 26 11 21 17 7 11 15 14 23 25 18 15 8 15 46 69 66 75 79 74 49 37 29 42 53 64 75 72 72 58 32 3 9 51 58 61 49 47 30 14 21 20 51 47 24 31 30 72 70 31 16 24 31 35 28 70 60 73
0 0 0 0 0 0 0 0 0 0 0 0 0 0 0 0 0 0 0 0 0 0 0 0 0 0 0 0 0 1 1 4 3 2 3 7 5 7 5 2 6 44 42 20 41 24 19 22 23 26 25 13 10 14 56 56 53 76 76 65 58 51 36 44 53 72 76 75 71 61 40 64 50 74 41 41 30 22 32 25 22 29 18 50 34 74 80 28 14 40 46 30 31 33 62 77
0 0 0 0 0 0 1 0 0 0 0 0 0 0 0 0 0 0 0 0 0 0 0 0 0 0 0 0 0 0 0 0 1 2 2 3 5 7 10 11 7 2 12 53 54 70 56 38 30 16 23 27 23 15 24 41 36 30 52 57 59 69 72 59 34 39 72 78 78 62 63 80 60 83 69 50 45 47 28 17 19 40 19 33 44 30 70 42 14 29 46 43 19 12 54 78
0 0 1 0 0 0 0 1 0 0 0 0 0 0 0 0 0 0 0 0 0 0 0 0 0 0 0 1 0 0 0 1 1 1 2 6 7 11 10 15 19 16 9 6 6 56 64 58 35 23 17 29 25 16 6 6 7 9 8 10 22 42 36 53 56 32 34 51 49 43 68 67 67 64 64 67 71 63 40 45 43 39 20 22 60 68 48 57 22 9 39 43 23 43 81 40
0 0 0 0 0 0 0 0 1 2 2 1 0 0 0 0 0 0 0 0 0 0 0 0 0 0 0 0 0 0 1 1 1 1 2 3 4 7 8 11 13 14 27 28 30 22 9 6 30 31 40 14 15 10 15 23 22 22 22 20 23 10 7 11 14 11 9 8 10 31 43 59 55 50 41 36 35 63 55 46 37 25 53 46 48 62 51 66 46 16 13 36 52 82 52 72
0 0 0 2 1 0 0 0 0 3 0 0 0 0 0 0 0 0 0 0 0 0 0 0 0 0 0 0 0 0 0 0 0 1 1 1 4 7 5 9 13 19 23 27 33 25 23 23 17 9 10 7 11 26 26 36 36 39 39 52 25 8 8 24 25 39 21 25 8 6 16 41 34 23 23 25 30 42 50 64 59 27 24 28 30 34 50 61 66 26 13 30 87 65 54 66
0 0 0 1 0 1 1 0 0 0 0 0 0 0 0 1 0 0 0 0 0 0 0 0 0 0 0 0 0 0 0 0 0 0 1 2 2 3 3 10 13 11 11 14 19 17 16 25 21 19 26 29 32 41 35 33 49 53 55 54 30 26 27 41 38 29 37 22 9 13 13 4 4 4 6 5 14 15 7 14 25 17 18 13 15 15 40 51 47 29 14 65 73 48 71 68
1 0 0 0 1 1 4 1 1 0 0 0 0 0 0 0 1 1 0 0 1 0 0 0 0 0 0 0 0 0 0 0 0 0 0 0 2 3 2 2 6 12 9 7 15 12 19 21 29 22 33 19 21 32 42 46 49 51 64 55 37 35 43 41 51 54 58 49 28 27 10 5 3 7 8 17 39 27 18 16 14 10 6 9 8 12 18 30 52 52 24 76 36 24 60 76
1 1 1 2 1 1 1 0 0 2 0 1 0 0 0 1 3 1 0 0 1 0 0 0 0 0 0 0 0 0 0 0 0 0 0 0 1 4 4 10 8 7 14 12 19 15 19 21 25 13 38 26 24 21 36 38 62 62 66 49 25 41 38 53 53 71 64 61 52 33 24 26 26 32 33 46 55 43 28 29 44 51 31 17 21 13 5 11 25 60 41 70 27 29 69 89
1 1 0 0 2 1 5 3 1 1 2 3 1 0 1 4 5 1 0 1 0 2 0 0 0 0 0 0 0 0 0 0 0 0 0 0 1 1 3 4 7 5 7 9 11 13 17 28 23 19 24 31 19 21 34 43 58 51 41 34 34 40 49 50 52 74 69 59 53 31 44 44 45 50 47 48 61 46 45 46 47 48 33 48 49 30 26 8 13 35 33 36 33 20 48 69
1 2 2 1 8 4 6 4 12 4 2 1 0 4 3 2 2 1 0 3 0 1 0 0 0 0 0 0 0 0 0 0 0 0 0 0 1 3 1 4 6 6 2 9 8 10 12 24 14 7 8 22 20 15 23 44 48 35 25 16 21 45 43 45 68 67 59 54 32 28 41 41 44 59 47 60 60 64 45 49 59 53 54 68 59 56 37 12 7 27 22 36 25 10 30 51
2 0 3 1 0 14 3 2 3 9 5 3 0 2 12 2 0 0 2 3 0 2 0 0 0 0 0 0 0 1 0 0 0 0 0 0 0 0 1 1 3 2 4 4 6 2 11 6 10 3 16 10 11 7 17 42 23 23 15 20 20 31 28 47 64 59 55 53 30 46 55 56 39 52 61 59 62 51 43 55 64 59 56 69 43 35 19 17 9 5 9 21 24 7 23 17
1 2 1 3 1 2 12 19 18 7 2 3 1 1 5 7 1 2 9 4 1 3 0 0 0 0 0 0 0 0 0 1 0 0 0 0 0 0 0 1 1 1 1 3 2 2 2 3 1 2 18 2 6 4 18 8 9 17 9 11 11 19 30 48 36 53 46 30 28 41 52 52 32 54 50 55 63 49 42 52 68 58 65 45 30 39 37 44 36 12 3 3 12 10 9 11
4 2 4 3 4 4 6 11 7 17 14 4 13 1 0 0 4 22 16 2 3 1 1 1 1 0 0 0 1 1 0 0 0 0 0 0 0 0 0 1 0 1 1 1 1 1 1 1 2 3 1 1 3 6 2 6 6 4 5 6 5 10 37 27 36 30 21 26 38 47 44 46 41 49 27 40 42 25 36 44 70 42 30 33 45 55 71 55 44 21 13 4 2 6 6 5
4 4 4 4 18 8 33 54 19 9 8 17 15 14 1 0 1 1 1 0 1 2 1 0 0 0 0 0 0 0 0 0 0 0 0 0 0 0 0 0 0 0 1 0 0 0 0 1 0 0 0 1 1 3 2 3 1 2 5 6 5 16 15 23 22 32 19 17 24 39 32 24 26 44 20 14 43 23 29 60 36 41 39 44 75 81 67 50 48 39 20 16 11 3 4 4
