sesion_6_simulaciones/modelos_agentes/ejemplos_netlogo/scenarios/echam4_a2/rob_2065.asc
NCOLS 322 
NROWS 307 
XLLCORNER 451900 
YLLCORNER 4086900 
CELLSIZE 100 
NODATA_value -9999 
[rows 0 to 73 of 307, columns 96 to 191 of 322]
3 0 0 0 2 0 0 0 0 0 1 1 1 5 5 1 3 2 2 1 2 2 1 4 1 1 1 1 2 1 0 0 1 2 1 1 1 1 2 1 1 7 28 39 49 44 46 47 67 38 33 36 17 6 10 14 11 2 6 4 6 2 2 1 6 10 15 2 2 10 18 8 8 10 10 8 10 14 8 47 36 22 34 38 46 32 35 39 46 59 36 23 18 6 13 28
0 0 0 0 0 0 0 0 0 0 0 1 3 7 2 2 1 1 0 1 2 0 0 0 1 1 1 0 1 4 2 1 1 1 0 1 1 1 2 3 5 9 11 9 69 78 70 59 85 56 62 39 9 10 32 4 1 3 1 2 1 2 2 1 2 1 2 11 10 9 5 16 27 12 24 31 39 15 17 23 24 21 35 42 48 34 33 44 46 37 44 31 40 18 25 29
0 0 0 0 0 0 0 0 0 0 0 1 1 2 1 0 1 2 2 2 4 0 1 1 1 1 1 0 1 1 3 3 0 1 4 3 3 5 6 8 14 23 16 20 6 2 7 25 82 62 61 61 14 40 27 20 10 6 3 4 2 16 34 23 43 12 9 17 5 8 7 9 14 17 22 42 56 56 31 19 22 22 35 36 48 35 40 53 32 32 41 28 38 36 24 26
0 0 0 0 0 0 0 0 0 0 0 0 0 1 1 2 2 3 4 3 1 0 1 1 0 0 1 1 1 0 1 2 2 3 4 3 9 9 23 38 49 54 32 8 3 6 2 4 16 5 13 11 5 12 28 4 26 1 2 5 6 19 49 45 56 54 45 9 20 16 14 18 11 13 25 28 36 14 12 19 30 30 43 44 47 33 32 39 27 26 40 39 26 35 17 42
0 0 0 0 0 0 0 0 1 0 0 0 0 0 2 1 1 7 2 1 2 1 1 2 2 1 1 1 0 3 4 4 1 4 8 9 15 28 52 67 70 60 40 16 8 3 6 11 6 4 10 9 2 28 4 9 15 7 1 2 24 40 31 52 28 11 49 21 30 37 20 16 11 10 26 18 23 19 22 28 28 27 67 44 30 34 33 45 31 37 37 50 20 37 48 46
0 0 0 0 0 0 0 0 1 1 0 1 0 1 1 0 2 2 3 2 1 1 2 2 2 1 1 1 0 0 1 4 3 2 11 24 31 54 68 51 66 65 56 26 8 14 6 10 11 8 11 24 3 7 6 16 7 5 4 6 28 30 6 4 5 15 23 5 8 11 3 14 52 35 23 12 16 17 15 30 22 30 34 33 43 31 29 48 42 30 42 31 38 46 58 23
0 0 0 0 0 0 0 0 0 1 1 0 0 0 0 1 1 2 4 3 3 2 1 1 2 1 2 1 1 0 1 4 6 5 13 51 62 62 62 64 66 62 29 13 16 34 17 25 19 17 13 26 15 12 16 10 4 8 14 4 3 4 3 6 3 4 20 38 21 21 5 21 8 3 38 23 21 29 12 26 22 16 19 17 33 37 28 44 42 19 43 35 36 33 18 18
0 0 0 0 0 0 0 0 0 1 5 5 5 1 1 0 0 1 1 1 4 12 2 5 5 2 2 0 1 1 1 2 7 22 16 48 45 61 64 56 52 16 21 19 44 30 23 48 27 23 12 16 29 30 16 14 12 40 48 50 20 6 1 1 7 3 14 8 24 12 13 8 4 9 5 22 36 62 49 14 25 32 18 26 56 33 34 42 52 54 25 23 8 14 15 13
0 0 0 0 0 0 0 0 0 0 1 5 6 18 3 5 0 0 0 2 3 1 2 3 2 1 1 1 1 1 4 4 13 40 54 20 14 21 17 17 29 15 13 25 56 40 19 27 33 20 16 12 65 26 19 30 20 31 7 17 49 26 9 1 8 6 4 5 2 5 18 15 5 6 23 7 11 16 21 48 49 71 35 42 17 12 24 63 27 44 25 64 44 23 15 23
0 0 0 0 0 0 0 0 0 0 0 0 0 0 0 0 1 0 1 1 1 1 1 1 2 1 1 1 2 2 4 21 22 19 37 28 28 28 15 15 8 7 14 29 61 33 12 13 22 27 22 12 19 78 59 52 7 14 6 32 19 26 5 6 1 3 3 2 6 10 9 14 15 13 22 35 10 17 52 60 24 54 38 27 12 17 11 26 26 39 17 40 74 59 18 14
0 0 0 0 0 0 0 0 0 0 0 0 0 0 0 0 1 0 1 0 1 1 1 1 2 1 1 1 3 7 18 24 63 42 22 23 27 44 42 25 16 7 6 9 35 11 13 18 25 18 28 12 24 27 75 55 17 10 14 26 11 13 6 2 4 6 6 3 11 25 21 25 16 10 28 44 25 9 13 48 27 27 40 54 19 21 15 18 55 41 37 35 68 77 49 21
0 0 0 0 0 0 0 0 0 1 0 0 1 1 1 1 1 2 2 1 5 1 0 1 1 1 1 1 2 30 37 31 35 32 23 18 23 48 38 28 16 8 10 18 21 9 12 33 16 19 42 16 25 43 20 39 19 16 23 19 7 7 17 11 5 3 13 13 26 55 58 64 11 24 39 42 27 15 13 51 24 4 30 60 19 27 24 22 46 27 23 27 53 59 60 48
0 0 0 0 0 0 0 0 0 0 1 0 0 0 0 1 2 1 3 2 9 8 1 1 0 1 1 2 6 18 44 25 27 23 26 45 44 16 22 40 16 6 8 28 22 10 19 20 24 33 48 37 36 57 35 30 30 23 35 9 8 9 17 12 6 5 4 13 29 17 43 34 26 17 18 48 16 15 5 13 30 4 39 69 23 25 39 22 16 49 31 13 21 35 60 70
0 0 0 0 0 0 0 0 0 0 0 0 0 0 1 0 3 1 7 2 1 1 4 2 1 1 2 12 15 15 21 24 18 9 10 11 11 8 8 13 16 3 2 2 9 7 15 16 47 60 67 64 44 49 29 44 42 31 25 26 8 6 19 19 14 12 6 8 9 5 2 2 18 24 19 23 15 26 13 9 4 6 20 55 59 25 33 35 21 21 43 20 34 53 79 60
0 0 0 0 0 0 0 0 0 0 0 0 0 0 0 0 0 1 6 2 2 4 5 2 2 1 3 4 17 20 10 6 6 8 14 12 12 10 5 2 12 2 8 5 2 3 16 30 37 68 69 64 50 59 39 62 55 41 37 43 6 23 32 27 14 10 4 6 4 2 3 17 42 31 34 42 34 24 11 13 22 7 22 53 65 26 13 16 20 16 12 12 30 45 51 48
0 0 0 0 0 0 0 0 0 0 0 0 0 0 0 0 1 2 1 0 1 1 1 9 3 3 2 3 4 3 4 13 16 19 13 19 36 37 18 4 4 4 2 6 3 4 3 22 34 39 50 40 40 38 51 35 44 34 46 39 6 20 5 26 43 22 7 7 10 2 6 33 39 42 14 9 16 26 33 28 22 19 20 48 71 85 53 36 19 15 15 9 32 68 57 37
0 0 0 0 0 0 0 0 0 0 0 0 0 0 0 0 1 1 1 1 1 0 1 2 9 3 6 9 27 20 12 7 9 14 15 29 44 49 36 3 8 7 3 5 14 15 16 4 17 29 19 19 13 16 28 46 47 48 51 45 12 24 16 19 29 8 5 7 6 5 6 33 24 34 9 8 14 13 43 27 25 26 31 39 72 86 84 30 21 20 18 14 34 60 64 61
0 0 0 0 0 0 0 0 0 0 0 0 0 0 0 0 1 0 1 1 1 1 1 1 4 4 1 4 5 4 10 10 15 9 30 57 36 45 36 17 25 28 20 20 33 31 37 21 7 3 3 5 3 2 10 54 80 88 59 23 46 24 21 14 25 14 7 15 4 5 35 37 36 30 9 24 40 20 32 31 20 19 14 9 59 65 64 60 40 24 24 17 22 43 47 23
0 0 0 0 0 0 0 0 0 0 0 0 0 0 0 0 0 0 0 0 1 1 1 1 6 10 4 4 3 8 13 18 11 24 31 37 13 17 20 44 34 42 49 58 53 34 43 38 19 14 10 11 14 2 3 14 79 84 57 31 28 35 15 11 19 5 6 8 2 27 51 52 41 54 15 17 38 39 40 71 40 27 15 10 21 48 54 52 55 33 28 27 14 29 69 21
0 0 0 0 0 0 0 0 0 0 0 0 0 0 0 0 0 0 0 0 1 1 1 1 4 3 3 5 6 7 9 30 21 19 21 11 23 25 22 33 58 61 53 29 36 20 33 42 24 19 19 5 11 5 10 7 27 39 51 50 34 17 14 28 23 3 7 28 52 39 62 77 30 73 29 10 34 65 40 67 58 46 35 16 18 53 73 58 65 44 38 23 10 19 58 48
0 0 0 0 0 0 0 0 0 0 0 0 0 0 0 0 0 0 0 0 0 0 0 0 2 3 3 1 2 5 4 4 10 16 27 13 14 27 15 51 29 30 53 41 24 23 26 38 36 16 26 22 7 13 20 15 20 45 59 51 15 14 51 43 20 4 24 26 38 49 38 41 22 29 54 38 24 21 28 68 29 27 49 35 28 14 59 39 67 33 42 23 15 15 23 45
0 0 0 0 0 0 0 0 0 0 1 0 0 0 0 0 0 0 0 1 0 1 1 1 4 2 5 5 3 5 4 8 12 41 35 22 57 19 35 14 32 21 18 18 36 39 66 51 49 19 23 18 18 18 30 23 23 39 61 59 58 15 22 23 12 15 42 8 29 46 57 32 42 18 51 61 34 20 29 79 85 47 21 62 46 15 12 22 63 49 42 41 17 16 16 43
0 0 0 0 0 0 0 0 0 0 0 0 0 0 0 0 0 0 0 1 2 2 2 1 5 2 3 9 4 3 13 37 39 9 4 62 43 16 16 18 29 44 28 19 16 42 35 14 18 15 31 19 20 22 22 24 14 23 43 30 26 22 12 11 13 33 44 5 24 17 42 56 49 17 17 45 43 56 28 59 86 62 55 26 44 22 8 20 61 68 21 51 30 16 20 35
0 0 0 0 0 0 0 0 1 0 1 0 0 2 1 0 0 1 0 4 2 4 3 2 6 6 3 11 13 7 6 6 3 2 3 9 22 25 10 22 24 40 38 40 33 11 8 5 4 3 13 11 6 9 17 8 11 12 13 24 33 24 14 19 45 34 22 10 20 22 21 45 37 34 28 64 65 44 40 23 63 67 46 66 28 18 12 15 14 45 16 30 25 11 10 15
0 0 0 0 0 0 0 0 2 1 0 1 1 1 2 2 7 1 2 2 5 6 15 7 5 6 17 11 29 14 6 4 9 9 6 1 3 29 22 7 16 37 51 57 41 33 26 20 15 14 6 5 3 2 2 2 2 3 19 30 43 23 30 32 18 40 19 25 34 27 19 33 51 55 16 57 64 43 45 31 50 65 35 18 48 29 14 14 11 19 19 19 28 13 7 7
2 1 0 0 1 0 1 0 1 1 1 1 2 4 5 2 7 8 2 3 15 41 48 63 48 42 41 22 38 26 54 58 53 26 9 8 9 7 6 14 31 23 31 41 51 53 51 37 32 28 15 14 14 13 12 12 12 10 32 43 37 30 22 22 18 39 33 44 16 43 19 15 46 34 18 42 43 22 28 25 27 37 62 17 18 12 16 6 6 11 9 16 7 7 4 5
2 1 1 1 1 0 0 0 1 2 2 2 2 9 13 8 10 42 22 42 53 56 60 69 57 66 61 57 62 67 45 14 28 39 29 11 14 11 5 5 20 26 33 51 45 47 53 41 40 37 28 28 29 28 15 25 16 17 31 26 31 20 12 13 11 43 27 42 38 43 12 18 26 33 23 40 38 50 17 25 25 11 32 20 11 23 8 7 2 5 9 7 8 5 5 5
1 2 1 1 2 2 2 2 2 5 5 11 9 13 25 58 48 39 52 15 22 27 44 61 63 55 82 72 72 72 14 9 8 10 22 19 25 14 19 14 16 37 43 39 48 46 38 61 52 39 32 34 32 30 27 28 29 9 18 17 19 13 13 22 37 59 54 29 35 18 24 12 25 27 27 17 16 28 33 17 27 16 24 19 6 19 9 6 2 3 8 8 6 7 4 2
2 5 2 1 3 2 3 3 5 14 24 39 61 65 76 77 58 63 66 46 19 8 30 50 35 31 22 49 53 49 27 5 5 3 4 8 15 14 17 21 8 20 29 31 18 17 11 29 40 36 46 46 34 31 31 43 32 11 12 11 8 17 31 41 49 39 21 24 17 32 27 36 19 18 20 16 16 17 29 18 16 14 13 9 10 9 8 6 4 2 5 2 3 5 2 1
3 6 2 2 8 6 6 13 27 47 71 65 76 79 71 87 61 65 83 29 61 21 12 29 18 11 17 19 17 18 42 20 12 2 4 2 8 6 7 19 17 19 37 15 19 19 11 25 21 13 13 12 10 20 21 10 34 20 13 10 13 19 36 39 43 33 16 34 46 26 33 22 19 15 12 8 9 9 13 13 12 11 5 8 5 2 3 2 2 2 1 0 0 1 1 1
1 9 7 6 11 19 35 50 48 75 67 83 69 82 74 74 43 55 80 63 25 26 13 7 7 6 3 3 10 10 13 57 20 5 6 4 19 47 47 32 28 18 16 9 11 15 15 5 4 7 8 19 29 29 17 17 33 20 30 10 16 23 37 25 40 18 13 24 41 38 25 18 9 15 11 6 3 1 4 5 6 4 3 2 1 2 2 2 1 1 1 1 5 3 3 4
8 15 27 27 46 70 59 68 73 73 67 87 66 72 49 67 44 67 64 67 15 34 32 12 8 2 2 1 3 5 5 10 13 6 7 10 5 12 12 15 11 11 12 22 22 14 16 8 14 15 39 54 46 29 50 11 38 34 9 4 4 14 12 29 22 24 13 8 11 17 14 14 7 3 2 3 5 3 8 10 6 9 6 9 10 10 8 7 6 10 3 3 16 8 5 11
29 42 51 67 65 63 69 74 77 65 88 59 30 50 42 45 53 56 56 64 25 14 21 11 10 6 2 4 8 9 9 17 10 3 12 10 13 14 22 15 27 18 28 30 36 35 27 24 20 25 35 61 63 61 60 28 43 34 17 23 13 3 4 5 6 6 10 6 5 5 6 5 5 10 16 15 24 15 23 14 14 21 11 19 14 34 19 9 15 13 6 7 14 11 8 17
55 74 74 59 73 72 81 63 65 46 71 14 24 18 28 42 44 32 29 52 28 11 5 4 6 9 8 7 10 4 32 30 26 16 22 24 22 19 21 23 24 27 28 29 44 32 42 28 16 50 43 44 54 40 33 28 60 33 28 46 35 24 23 24 23 23 37 25 19 17 19 19 29 30 29 18 31 28 30 29 27 26 25 25 39 29 21 17 17 10 15 9 20 12 26 25
8 13 44 43 61 55 72 62 27 5 3 4 10 7 7 9 10 22 37 51 26 6 8 13 7 7 25 16 26 18 28 26 25 20 20 41 30 14 30 26 26 36 37 37 29 28 39 28 24 36 47 40 51 57 41 44 33 27 34 40 33 38 37 40 42 36 49 40 35 19 33 32 30 31 44 32 32 46 31 43 42 30 34 33 58 28 25 24 22 21 21 16 29 32 33 42
11 6 5 5 4 4 15 16 16 6 4 7 12 13 6 3 2 5 24 25 13 7 28 7 19 28 32 23 33 21 19 16 30 29 14 24 24 15 22 30 23 41 24 22 24 29 46 31 21 26 44 39 22 66 40 58 28 30 40 31 48 35 32 32 36 25 53 36 24 35 34 33 46 32 45 33 34 48 47 48 36 33 47 42 45 33 28 29 27 25 25 23 53 41 31 32
19 35 27 10 9 8 2 6 8 3 8 11 9 6 2 3 1 10 8 13 20 35 37 15 29 23 29 26 19 7 3 9 19 19 13 22 11 15 22 30 35 19 23 20 20 42 32 20 33 36 42 54 28 68 60 24 51 46 41 26 38 33 47 46 34 42 37 37 35 25 34 49 47 34 47 46 37 52 35 46 37 49 52 63 49 31 18 40 31 32 40 44 50 23 51 33
26 18 16 12 6 5 6 5 12 15 17 19 15 4 5 12 13 17 20 28 56 48 49 30 23 16 16 21 21 18 9 8 16 12 25 11 9 16 14 26 10 8 23 28 21 54 26 30 41 28 52 24 51 50 22 36 60 44 22 38 26 42 44 32 23 39 39 37 23 37 58 60 53 35 48 53 49 56 37 36 42 52 53 48 39 24 22 45 38 26 53 54 51 25 17 56
10 18 26 18 19 10 21 15 19 24 26 38 29 20 17 25 15 27 34 39 48 32 14 23 34 18 8 13 21 17 13 7 11 15 6 19 10 27 18 11 15 9 26 15 18 63 36 34 26 23 28 50 42 27 23 22 39 53 24 38 38 53 40 23 45 44 48 36 21 38 52 70 57 39 46 55 58 44 36 28 45 71 65 57 52 25 46 69 49 23 45 67 66 33 19 55
23 36 14 16 9 18 26 16 15 30 29 31 27 25 30 27 28 33 38 33 40 26 20 25 17 10 11 20 13 17 9 12 6 5 15 15 19 11 16 10 12 6 26 6 6 31 29 36 17 24 25 13 45 8 5 4 16 39 18 42 51 39 34 58 44 45 30 13 24 53 60 75 62 44 47 68 73 47 47 29 52 76 50 39 38 33 53 70 50 32 26 76 81 55 32 48
9 18 10 25 16 25 20 20 18 18 31 35 22 22 47 20 25 31 26 25 35 26 12 23 14 14 18 14 15 18 6 13 6 6 5 15 4 9 6 14 10 10 16 8 23 19 42 24 8 16 23 16 18 9 9 5 8 14 11 43 54 44 49 62 20 41 16 17 23 56 69 71 65 49 52 68 80 38 50 25 62 84 55 29 26 36 56 71 53 36 30 64 76 65 24 47
6 12 32 18 10 13 15 11 10 12 30 21 15 29 17 16 11 22 28 15 13 18 19 18 11 10 8 7 7 32 6 11 6 6 6 12 10 8 5 7 5 12 10 8 16 9 16 7 8 5 8 24 15 10 6 8 26 8 11 31 29 35 69 30 41 36 24 29 36 46 66 66 68 34 42 67 50 31 55 25 47 71 57 48 28 33 58 70 51 43 32 46 68 43 32 47
2 2 11 3 3 2 8 6 4 7 8 9 9 15 14 12 14 13 18 14 10 5 10 13 11 9 11 6 5 6 8 14 4 3 5 10 4 2 4 7 4 9 6 6 9 7 14 3 3 3 3 11 2 3 6 6 14 5 12 20 16 38 15 29 59 25 24 35 45 42 47 71 47 24 43 63 48 34 53 35 43 65 38 32 34 25 30 71 68 38 24 45 67 39 24 48
0 1 1 1 1 2 4 5 2 5 6 9 10 7 7 12 8 9 10 13 5 4 4 9 8 5 9 2 4 7 4 6 2 2 4 2 2 4 3 7 9 3 3 8 6 2 1 9 2 1 1 3 1 2 3 9 8 15 13 7 7 5 18 48 17 23 42 22 31 28 28 52 20 16 28 50 27 33 44 17 49 53 26 29 35 41 15 30 70 33 24 36 63 45 33 29
0 0 0 0 1 0 1 1 1 3 3 7 5 5 6 6 6 5 5 7 7 3 8 5 6 5 4 4 1 2 5 7 0 1 1 5 1 1 1 2 10 2 2 1 1 2 2 0 1 2 1 6 3 1 3 3 15 9 6 19 13 6 24 11 25 38 12 16 15 23 9 42 8 10 14 34 14 43 39 16 28 28 18 37 41 45 21 26 60 36 20 35 41 21 29 21
0 0 0 0 1 0 1 1 1 2 2 6 3 2 3 4 5 9 4 2 2 1 10 1 2 3 3 2 1 2 1 1 0 0 2 0 0 0 2 0 5 2 2 1 2 2 2 6 14 19 15 6 13 8 3 7 10 5 6 8 5 7 14 5 23 8 9 10 10 19 6 16 7 15 5 13 8 26 15 10 34 11 13 18 37 14 23 12 37 21 23 16 46 45 46 38
0 0 0 0 0 1 0 0 1 1 2 3 1 3 1 4 1 4 3 1 1 2 3 3 2 2 2 2 0 0 0 1 1 2 1 0 1 1 2 1 1 2 4 7 2 22 4 35 10 13 6 6 19 21 38 12 13 2 4 8 6 9 2 2 8 5 5 7 11 12 14 10 12 8 5 21 5 20 5 6 31 6 26 27 43 17 22 17 23 38 27 46 52 53 67 83
0 0 0 0 0 0 1 0 0 0 0 1 0 1 1 2 1 3 3 3 2 2 2 3 0 1 1 1 1 1 0 0 0 1 6 6 3 4 11 19 8 9 9 24 9 6 18 28 5 22 9 7 13 27 19 13 19 21 14 25 16 35 27 5 10 13 14 14 9 18 28 17 17 45 47 46 54 71 55 30 36 48 50 43 12 74 70 58 45 15 34 20 32 69 41 59
0 0 0 0 0 2 0 0 0 0 0 0 0 1 1 1 1 2 1 1 1 1 1 2 1 1 0 0 0 0 0 0 0 0 0 4 8 1 2 12 12 15 6 32 42 7 8 15 28 16 26 4 6 33 35 9 49 31 49 42 10 29 14 13 10 18 14 37 45 3 6 32 39 8 23 54 20 46 25 67 19 49 70 49 25 71 56 52 76 70 57 23 43 56 36 23
0 0 0 0 0 0 0 0 0 0 0 0 1 1 0 1 0 1 1 1 1 1 1 1 1 1 0 0 1 1 0 0 0 0 0 1 2 1 1 5 11 3 25 41 19 5 13 7 20 17 31 8 10 28 24 45 28 16 32 48 16 3 9 32 23 35 32 23 35 31 6 37 57 14 31 67 10 7 21 75 64 32 26 48 51 70 57 72 83 75 37 65 24 20 53 68
0 0 0 0 0 0 0 0 0 0 0 0 0 0 0 1 0 1 0 0 0 1 1 0 1 1 0 0 0 0 0 0 1 0 0 0 1 7 2 10 4 15 8 10 44 21 10 5 18 23 22 29 10 43 44 75 20 46 71 67 46 4 22 24 25 65 57 62 33 59 18 13 51 19 40 67 25 23 12 50 38 49 8 10 19 65 69 67 79 61 24 68 41 30 49 56
0 0 0 0 0 0 0 0 0 0 0 0 0 0 0 1 0 0 0 0 1 0 0 0 0 0 0 0 0 0 0 0 0 0 0 1 1 2 10 30 10 30 10 31 25 38 16 18 32 38 68 74 27 54 79 86 46 70 80 63 44 19 48 56 30 25 22 15 46 74 24 16 39 16 45 55 80 25 41 80 56 68 60 20 17 38 61 60 49 39 62 87 44 29 16 17
0 0 0 0 0 0 0 0 0 0 0 0 0 0 0 1 1 0 0 0 0 0 0 0 0 0 0 0 1 1 1 1 1 1 2 3 3 4 29 15 20 12 7 50 45 20 12 11 23 42 64 55 55 32 61 88 49 52 71 62 73 60 62 76 21 30 35 23 47 67 58 34 7 24 62 77 75 66 27 84 28 62 76 41 24 22 50 36 42 20 77 87 67 41 45 18
0 0 0 0 0 0 0 0 0 0 0 0 0 0 0 0 0 0 0 0 0 0 0 0 0 0 0 1 4 0 1 0 4 3 3 4 2 8 17 16 37 15 40 16 73 18 22 19 10 25 63 48 30 13 14 45 62 72 77 75 87 68 72 73 64 37 47 33 52 54 79 51 24 22 50 73 78 77 49 68 64 58 68 80 43 26 17 17 16 30 73 55 79 48 44 27
0 0 0 0 0 0 0 0 0 0 0 0 0 0 0 0 0 0 0 0 0 0 0 0 0 0 0 0 1 0 0 3 1 2 8 5 3 2 1 6 7 5 2 2 12 17 57 38 13 7 25 9 16 8 6 11 13 46 54 48 58 67 63 60 84 38 38 30 11 70 90 38 24 21 62 53 55 59 29 44 45 21 69 82 67 40 10 12 15 21 15 39 81 45 30 38
0 0 0 0 0 0 0 0 0 0 0 0 0 0 0 0 0 0 0 0 0 0 0 0 1 2 0 0 0 0 1 1 4 7 6 5 5 10 3 2 4 12 5 2 5 9 17 27 29 8 12 9 19 9 11 23 16 9 16 35 34 13 29 63 87 64 30 37 48 75 89 51 17 10 20 31 57 43 53 60 48 14 51 71 82 31 20 11 34 40 23 40 89 62 56 60
0 0 0 0 0 0 0 0 0 0 0 0 0 0 0 0 0 0 0 0 0 1 0 0 2 4 1 0 0 1 2 1 4 7 3 2 9 14 4 4 4 18 10 6 10 9 11 10 11 5 12 31 36 33 27 24 16 13 11 8 2 1 9 75 74 71 46 23 28 67 79 77 61 21 12 34 48 36 38 29 52 38 22 76 77 62 27 18 41 30 54 83 84 84 67 63
0 0 0 0 0 0 1 0 0 0 0 1 0 0 0 0 0 0 0 0 0 0 0 0 1 2 1 2 2 5 1 1 9 4 7 10 8 16 8 12 9 17 17 11 5 21 12 17 13 4 12 49 59 62 58 48 32 29 25 25 25 21 23 43 46 60 50 21 8 45 40 78 79 33 15 44 51 40 24 45 68 34 22 24 77 80 32 17 50 59 54 75 52 79 49 32
0 0 0 0 0 0 0 0 0 0 1 1 1 0 0 0 0 0 0 0 0 0 0 0 0 0 1 2 5 2 1 2 2 1 13 14 5 8 14 28 16 22 17 12 4 8 35 26 17 12 10 32 74 78 69 70 59 56 46 45 77 78 81 71 57 54 43 26 11 7 33 51 83 63 57 18 39 48 27 6 20 33 36 52 71 76 51 30 17 38 39 33 79 78 87 59
0 0 0 0 1 1 5 0 0 0 0 0 1 2 0 0 0 0 0 0 0 0 0 0 0 0 1 1 1 1 1 3 9 7 16 11 11 20 40 18 34 29 13 20 24 24 35 36 25 20 11 18 48 72 69 77 80 76 54 42 33 46 57 66 76 73 74 62 37 3 11 52 60 65 54 50 32 16 23 21 53 46 23 32 31 72 70 29 15 24 31 36 30 71 60 74
1 0 0 0 0 1 0 0 0 1 0 0 0 0 0 0 0 0 0 0 0 0 0 1 1 0 1 2 2 4 5 16 9 5 8 17 10 13 9 4 9 51 54 30 53 35 28 30 31 31 30 16 12 17 58 59 54 76 76 67 60 54 39 46 53 72 76 75 72 62 42 65 53 76 43 43 32 24 33 25 22 26 17 47 34 73 78 26 11 37 44 30 31 32 61 77
1 1 1 0 0 1 3 1 0 0 0 0 0 0 0 0 0 0 0 0 0 0 0 1 1 1 0 1 1 1 1 2 2 7 7 8 11 13 17 17 11 4 16 61 62 75 63 44 36 20 28 32 26 16 25 40 35 29 49 55 58 69 70 58 34 38 68 76 76 61 64 80 60 82 69 50 45 47 28 16 18 37 17 28 42 29 65 39 11 23 43 41 19 13 53 78
0 0 7 1 0 1 0 5 2 1 1 0 0 0 0 1 0 0 0 0 0 0 0 0 0 1 1 3 2 1 2 5 3 4 7 17 19 24 21 27 32 25 13 9 8 60 68 62 40 28 20 33 27 16 6 6 7 8 8 9 18 40 33 48 51 29 28 44 44 38 65 66 64 62 59 62 66 61 37 42 38 33 17 18 54 62 43 52 18 7 32 39 22 41 80 38
0 0 2 1 0 0 0 0 6 10 9 6 0 1 0 0 0 1 0 0 0 0 0 0 1 0 1 2 1 1 3 5 3 3 6 11 12 18 19 21 25 25 40 36 38 27 12 8 35 36 44 16 15 10 16 24 22 23 22 20 21 8 6 9 11 9 7 6 8 27 37 53 48 44 36 29 29 56 48 42 32 19 42 35 37 52 43 61 39 12 8 30 48 79 49 70
1 1 1 10 3 0 0 0 0 14 1 1 1 0 0 1 0 0 0 0 0 0 0 0 0 0 0 0 0 0 0 1 2 3 4 5 14 21 14 22 30 36 37 37 44 32 30 29 20 12 11 8 12 27 29 40 39 42 40 51 23 8 7 22 23 36 19 21 6 5 13 30 25 17 17 18 22 30 38 55 50 19 16 20 21 24 37 51 57 19 8 25 84 59 49 60
1 1 2 5 2 2 4 0 0 0 0 0 0 0 0 4 0 0 0 1 0 0 0 0 0 0 0 0 1 1 0 1 1 2 5 7 9 11 11 26 30 24 20 22 30 24 21 32 27 24 30 33 35 46 42 38 55 58 58 54 30 24 26 39 36 28 35 19 7 9 9 3 2 3 4 4 10 9 4 8 16 10 11 7 9 9 27 38 36 21 9 57 64 38 65 60
4 2 1 0 4 3 18 5 3 2 1 1 0 0 2 1 6 3 1 1 3 2 1 0 0 0 0 0 0 0 0 1 2 1 0 2 9 12 6 7 14 24 17 13 23 18 25 29 37 29 40 24 26 39 51 53 55 58 68 58 38 36 46 43 53 55 57 45 24 21 7 3 2 4 6 12 32 20 13 11 8 6 3 4 4 6 10 17 37 38 15 67 26 16 51 69
4 4 4 9 4 5 3 2 2 12 2 4 1 1 2 4 13 5 1 2 3 1 0 0 0 0 0 0 0 0 1 0 0 1 1 2 6 15 15 26 23 18 27 21 29 23 28 31 34 18 49 35 33 30 45 49 71 70 70 54 29 48 44 59 58 74 66 59 47 26 19 20 20 26 29 41 49 38 23 23 34 37 21 10 12 7 2 5 13 43 27 56 16 18 57 81
5 6 2 1 8 5 18 10 4 3 8 13 4 1 3 16 18 3 1 4 0 5 0 0 0 0 0 1 0 0 0 0 0 1 1 2 3 6 11 15 21 14 16 19 21 24 29 44 35 28 37 45 29 33 48 59 69 62 48 39 40 46 57 57 59 78 72 61 51 29 42 43 43 48 46 47 60 44 42 43 43 42 26 36 34 17 14 3 6 20 17 20 18 11 30 54
5 8 7 2 21 14 19 14 35 16 9 3 1 15 14 9 8 3 2 13 1 4 0 0 0 0 0 1 1 0 0 0 0 1 1 2 3 9 5 15 20 16 6 22 19 22 26 47 32 15 19 41 36 29 41 63 64 48 35 24 28 57 53 55 75 72 63 58 33 28 43 42 44 59 51 64 63 66 46 49 60 51 51 61 50 42 21 6 3 12 11 21 13 5 16 33
6 2 8 3 1 31 10 6 12 27 16 10 1 9 34 9 1 2 7 12 1 8 1 0 2 1 0 1 2 5 1 0 0 0 1 1 1 1 3 3 12 7 12 14 15 8 32 16 28 10 36 25 25 20 41 67 41 37 24 33 33 46 42 61 74 67 60 58 33 50 59 59 42 57 66 64 66 55 47 58 66 61 56 66 36 24 11 8 4 2 3 11 12 3 10 7
5 6 4 8 2 5 27 41 40 18 7 8 2 4 16 24 4 6 27 14 3 12 1 1 0 1 1 2 2 0 2 5 0 0 1 1 0 1 1 3 4 4 4 10 8 6 7 11 5 8 47 8 19 12 43 23 23 32 17 22 23 34 49 64 49 64 54 38 34 47 59 59 37 60 57 65 71 57 49 58 72 61 65 43 24 29 23 28 20 5 1 1 5 4 3 5
11 6 9 6 9 9 14 23 18 34 32 11 33 4 2 1 14 54 44 9 10 3 3 3 4 1 0 1 3 3 1 0 1 0 0 0 0 1 1 4 1 4 4 5 3 3 3 4 7 12 4 4 13 21 10 19 18 12 14 14 13 24 63 46 52 40 29 33 47 59 55 55 49 60 38 51 56 35 46 55 75 45 31 32 42 48 60 39 27 10 6 2 1 2 2 2
13 12 10 9 34 16 48 70 32 19 17 35 34 36 2 1 3 4 4 1 5 7 4 1 1 1 1 1 1 1 0 0 0 1 0 0 0 0 1 1 1 1 4 1 1 1 1 5 1 1 2 3 4 11 8 10 5 6 16 17 13 41 38 42 39 47 29 27 37 54 48 37 40 59 35 22 64 40 47 72 44 45 41 45 74 79 59 34 29 20 10 7 4 1 2 1
