sesion_6_simulaciones/modelos_agentes/ejemplos_netlogo/scenarios/echam4_a2/rob_2017.asc
NCOLS 322 
NROWS 307 
XLLCORNER 451900 
YLLCORNER 4086900 
CELLSIZE 100 
NODATA_value -9999 
[rows 219 to 291 of 307, columns 192 to 287 of 322]
8 7 3 2 1 1 1 1 0 0 0 0 0 0 0 0 0 0 0 0 0 0 0 0 0 0 0 0 0 1 1 1 6 15 46 48 34 51 45 37 50 56 56 57 47 41 31 66 54 36 38 33 33 40 10 60 50 25 27 46 59 62 49 82 79 83 81 49 30 23 53 52 72 26 3 1 0 0 0 0 0 0 0 0 0 0 0 0 0 0 1 2 1 2 4 3
14 5 5 7 5 2 1 1 1 0 0 0 0 0 0 0 0 0 0 0 1 0 0 1 1 0 0 1 1 1 2 1 5 12 30 25 46 37 40 38 51 47 42 61 45 31 34 29 39 24 49 34 21 27 40 18 14 33 20 55 70 61 55 82 89 80 79 90 75 47 30 30 42 18 13 3 1 0 0 0 0 0 0 0 0 0 0 0 1 1 1 1 2 2 2 7
4 1 1 5 2 1 1 0 0 0 0 0 0 0 0 0 0 0 0 0 1 2 1 1 1 1 1 1 1 1 2 2 3 11 17 18 17 30 39 36 60 54 56 67 50 46 47 40 48 24 61 30 16 12 38 50 8 18 48 41 49 34 21 57 82 66 70 81 91 72 18 6 3 5 6 0 0 0 0 0 0 0 0 0 0 0 0 0 0 1 1 1 1 1 4 4
2 2 1 0 2 1 1 0 0 0 0 0 0 0 0 0 0 0 0 0 0 1 4 3 2 2 2 2 4 5 2 3 12 13 13 11 18 36 36 40 44 38 41 61 41 50 52 34 42 55 49 43 17 16 22 22 20 46 64 62 44 36 46 29 60 78 68 60 74 78 37 19 5 1 1 0 0 0 0 0 0 0 0 0 0 0 0 0 0 0 1 1 2 2 3 2
8 7 4 3 1 1 1 0 0 0 0 0 0 0 0 0 0 0 0 0 1 2 5 8 4 5 6 4 9 9 5 7 15 17 17 13 23 18 28 32 38 34 42 60 48 34 49 35 45 40 35 23 26 19 12 14 20 34 32 32 26 38 45 29 34 60 50 43 61 70 37 13 5 1 0 0 0 0 0 0 0 0 0 0 0 0 0 0 0 1 1 1 2 3 3 4
9 6 5 3 2 1 1 0 0 0 0 0 0 0 0 0 0 0 0 0 1 4 6 15 11 8 9 12 11 21 22 13 16 18 22 14 25 12 26 28 23 32 39 58 66 33 46 44 25 20 27 26 35 12 6 20 21 41 21 41 40 43 46 41 15 19 5 3 8 44 48 13 3 0 0 0 0 0 0 0 0 0 0 0 0 0 0 0 1 1 1 2 2 2 4 8
5 3 2 1 1 1 0 0 0 0 0 0 0 0 0 0 0 1 1 1 1 2 4 12 17 18 14 16 15 26 57 38 22 24 13 16 20 18 37 23 19 22 34 40 57 52 22 32 12 12 12 9 21 19 4 16 19 19 30 49 55 48 56 45 18 22 13 15 4 5 21 6 2 1 1 1 1 0 0 0 0 0 0 0 0 0 0 0 1 1 1 2 3 3 4 6
5 3 2 1 0 0 0 0 0 0 0 0 0 0 0 0 0 1 1 2 1 3 7 9 19 44 28 24 25 20 36 54 24 36 26 31 36 35 25 26 16 21 22 24 28 36 26 47 36 11 37 30 16 11 6 12 46 42 44 50 63 52 48 30 22 21 26 32 12 6 5 1 2 1 1 1 1 0 0 0 0 0 0 0 0 0 0 0 0 1 1 1 2 4 3 6
3 4 3 2 1 1 0 0 0 0 0 0 0 0 0 0 1 1 2 4 4 7 8 10 20 46 60 34 50 28 40 53 37 25 43 47 38 33 33 29 8 15 14 23 33 37 47 58 67 28 26 26 21 8 13 15 31 28 45 55 55 38 35 25 48 37 42 30 13 9 2 2 2 3 2 2 1 1 0 0 0 0 0 0 0 0 0 0 0 0 0 1 1 2 4 7
4 2 1 1 1 0 0 0 0 0 0 0 0 0 0 0 0 1 3 5 10 21 32 22 28 41 71 35 55 34 38 55 20 23 43 45 50 46 35 34 22 22 19 16 35 40 39 56 51 51 38 27 22 12 35 49 43 47 58 70 50 30 32 47 74 62 35 20 14 6 5 4 5 4 5 3 2 1 0 0 0 1 1 0 1 0 0 1 0 1 1 1 2 2 2 7
5 2 1 1 0 0 0 0 0 0 0 0 0 0 0 0 0 1 1 3 5 16 33 56 47 44 65 62 69 42 61 33 21 21 32 52 52 52 31 32 32 35 23 21 26 41 42 42 37 35 47 44 23 26 31 30 49 32 43 17 30 55 56 78 69 48 32 18 20 18 15 11 8 9 4 2 1 1 0 0 0 1 1 1 0 1 1 1 0 0 1 1 3 4 4 8
1 1 1 0 0 0 0 0 0 0 0 0 0 0 0 0 1 1 1 3 8 13 30 34 57 58 69 74 68 39 53 27 23 48 35 47 53 39 36 45 42 45 22 24 44 43 53 44 53 28 29 25 21 7 16 11 73 44 24 38 49 49 55 46 28 24 25 23 15 18 25 22 13 4 1 1 1 0 0 0 0 0 1 1 1 1 2 4 1 1 1 2 2 2 5 8
0 0 1 0 0 0 0 0 0 0 0 0 0 0 1 2 1 1 2 6 7 15 34 48 47 53 64 62 63 62 70 37 29 41 51 41 51 44 40 39 42 29 35 22 24 29 45 52 48 36 19 21 14 16 29 27 9 75 79 53 33 18 35 31 38 32 20 13 8 23 51 24 9 3 1 0 0 0 0 0 0 0 1 1 1 1 1 2 3 1 1 2 2 3 3 7
0 0 0 0 0 0 0 0 0 0 0 0 0 1 1 1 1 2 5 5 7 23 42 55 46 50 63 57 77 82 55 45 44 58 38 54 53 50 46 44 43 38 53 19 36 32 42 40 29 13 33 19 25 25 35 53 39 31 40 46 25 45 28 29 25 27 25 8 14 27 27 11 6 5 1 0 0 0 0 0 0 0 0 2 2 0 0 1 6 1 1 2 3 3 3 4
0 0 0 0 0 0 0 0 0 0 0 0 0 0 1 1 2 4 6 16 11 14 52 48 67 54 61 67 26 80 57 53 45 61 48 40 46 56 48 46 45 38 63 22 21 61 42 38 35 25 41 21 22 41 52 21 48 47 28 14 26 15 23 27 26 24 14 42 31 10 16 6 4 3 1 0 0 0 0 0 0 1 0 1 1 1 1 2 3 3 3 1 2 6 5 5
1 1 1 0 0 0 0 0 0 0 0 0 0 0 0 0 1 2 7 15 29 39 66 52 67 68 72 66 71 64 82 49 43 53 45 23 31 51 55 61 46 22 43 50 13 29 35 58 34 34 44 29 22 34 27 27 14 16 22 38 31 33 29 43 18 19 28 14 8 13 9 6 3 1 0 0 0 0 1 0 0 1 1 1 2 3 1 1 3 4 13 4 2 3 9 8
0 0 0 0 0 0 0 0 0 0 0 0 0 0 0 0 1 2 7 14 32 28 45 14 35 57 54 26 27 51 76 42 50 80 44 45 51 59 37 14 27 13 43 49 15 38 53 35 13 28 42 37 23 32 23 12 39 43 49 34 18 26 53 62 41 32 47 41 32 17 8 4 1 0 0 0 1 0 1 0 1 1 1 1 3 3 6 2 4 2 1 7 3 3 4 7
0 0 0 0 0 0 0 0 0 0 0 0 0 0 0 0 1 1 4 10 17 14 14 39 36 41 29 35 46 50 66 64 68 69 62 57 54 47 48 26 35 32 36 52 13 25 42 37 20 19 22 33 27 25 10 27 44 19 25 32 35 57 64 64 64 57 33 20 23 14 23 8 2 1 0 0 0 1 1 0 1 1 2 1 1 3 3 8 6 6 3 9 5 1 3 3
1 0 0 0 0 0 0 0 0 0 0 0 0 0 0 0 1 1 2 2 5 27 33 26 40 50 46 36 43 54 53 53 65 66 46 52 47 51 54 22 50 42 32 53 11 17 39 31 42 41 18 17 39 31 20 29 29 23 52 37 64 47 47 69 78 45 32 11 27 9 5 4 1 1 0 0 1 1 1 1 2 1 1 1 2 1 3 9 18 23 4 4 6 3 5 10
0 0 0 0 0 0 0 0 0 0 0 0 0 0 0 0 0 0 1 3 6 11 20 20 17 32 49 35 48 36 47 54 54 73 57 65 48 61 41 45 25 36 21 41 12 11 22 22 27 39 41 20 21 7 22 12 11 36 40 34 43 33 57 60 61 67 32 8 4 4 2 1 0 1 1 1 1 1 3 3 4 2 2 2 2 2 1 1 2 5 16 14 9 6 6 10
0 0 0 0 0 0 0 0 0 0 0 0 0 1 0 0 1 1 1 3 8 14 13 22 30 44 35 30 38 39 24 28 50 43 39 61 32 55 41 38 36 37 69 45 19 20 34 51 25 16 18 17 6 29 8 15 30 60 52 73 71 54 36 41 34 21 20 18 7 3 1 0 0 2 1 3 1 1 3 5 4 6 3 3 3 2 4 3 3 4 9 8 8 29 9 15
0 0 0 0 0 0 0 0 0 0 0 0 1 1 1 0 1 1 2 1 4 2 6 10 13 25 22 20 25 29 41 41 27 23 16 66 42 68 34 46 35 31 71 51 37 22 55 40 38 29 17 42 17 42 28 43 44 19 36 41 45 39 22 31 39 25 26 9 9 3 1 0 1 1 2 4 4 1 2 3 6 9 5 8 4 2 2 5 1 1 2 2 2 11 19 10
0 0 0 0 0 0 0 0 0 0 0 1 1 1 2 1 2 3 2 6 11 13 23 29 36 34 39 53 58 44 45 61 59 41 54 49 69 59 37 41 32 24 20 55 31 13 25 32 35 26 31 47 56 64 87 78 78 68 69 45 45 43 46 55 38 24 16 9 5 2 1 0 1 2 4 4 4 4 4 8 6 12 7 10 5 2 3 5 8 2 4 5 3 2 3 6
0 0 0 0 0 0 0 0 0 0 0 1 0 1 2 1 1 1 6 12 22 19 32 46 58 66 66 56 76 61 48 46 42 29 18 20 41 44 49 38 39 15 18 47 20 15 15 31 17 29 7 5 8 12 30 47 85 84 64 60 47 41 20 44 30 16 13 7 2 1 0 0 1 2 2 3 5 8 6 10 6 3 14 14 7 3 3 9 7 3 5 8 7 14 19 28
0 0 0 0 0 0 0 0 0 0 0 0 1 1 1 3 0 1 2 4 12 29 14 40 36 53 65 51 11 28 47 35 24 23 31 41 44 27 54 21 33 19 7 33 24 28 10 9 8 21 19 13 13 12 13 12 31 61 74 75 80 42 34 22 16 12 11 9 5 1 0 1 3 4 4 4 14 11 12 13 13 5 5 23 13 4 4 6 7 5 8 5 12 15 23 32
0 0 0 0 0 0 0 1 0 0 0 0 1 1 1 2 1 0 2 3 7 11 10 26 22 25 24 16 14 16 28 26 25 35 30 19 32 48 42 8 24 29 8 20 21 7 4 26 20 18 35 23 30 35 34 39 41 56 48 38 50 76 55 39 29 23 19 8 4 1 1 3 5 8 8 6 12 18 13 9 9 10 4 14 21 10 10 4 12 6 12 13 9 18 20 14
0 0 0 0 1 1 1 1 1 1 0 1 1 1 2 1 4 0 1 1 2 2 7 9 15 27 29 35 41 29 40 23 25 40 33 28 27 19 10 11 22 32 61 32 13 16 5 15 19 16 36 47 24 43 58 34 28 26 29 20 21 35 53 48 35 18 15 8 2 0 2 5 5 8 11 11 8 25 17 25 13 20 12 13 40 16 24 8 14 14 14 25 15 17 15 23
0 0 0 0 1 1 1 1 1 1 1 1 1 2 3 2 2 1 1 2 1 2 7 8 15 25 30 31 33 52 47 50 45 62 22 18 22 28 27 24 50 47 16 18 44 20 12 14 14 49 58 18 40 36 28 31 47 41 50 31 26 19 19 20 22 14 8 6 2 1 2 6 6 12 10 9 10 16 24 30 21 13 23 13 43 13 16 18 11 29 17 17 19 13 15 16
0 0 1 1 1 0 1 1 2 2 1 0 1 1 5 14 1 1 1 4 6 7 6 7 13 14 25 18 25 38 41 34 30 31 34 35 28 38 37 25 15 11 8 5 10 23 26 14 47 61 17 10 14 42 40 36 32 41 28 25 28 20 17 11 10 7 6 3 2 2 5 7 7 9 9 10 14 18 29 24 23 20 22 38 47 14 18 23 13 30 19 9 24 10 6 13
0 1 1 1 1 1 1 1 3 3 1 0 1 2 4 5 2 2 1 4 8 8 8 5 6 6 15 22 26 35 27 25 32 31 31 30 29 24 23 24 17 11 8 6 10 5 8 34 13 35 14 15 15 14 26 76 50 53 41 34 24 21 15 11 8 6 5 2 2 2 5 7 5 10 9 16 21 15 17 37 29 35 36 36 47 29 35 13 35 27 8 15 21 8 12 17
1 1 1 3 2 1 1 2 3 6 1 1 2 2 4 9 4 3 2 7 11 18 10 15 15 5 10 15 19 18 26 19 27 29 29 17 16 9 13 16 30 30 28 23 21 31 25 8 5 11 20 38 41 34 40 23 37 40 50 46 34 19 14 12 8 6 4 2 1 5 7 8 12 10 19 18 16 26 17 14 25 27 29 42 20 77 37 14 25 26 6 16 14 27 15 22
1 3 1 4 2 1 1 3 4 6 1 1 2 3 6 7 8 1 5 10 13 27 16 18 19 25 16 12 10 12 15 26 43 34 14 30 14 30 17 19 23 30 17 12 12 18 9 10 18 33 39 33 42 37 47 16 13 14 14 27 21 22 17 15 12 10 8 3 1 5 6 7 12 15 20 8 16 12 27 12 19 16 30 20 42 67 23 17 38 14 9 17 16 24 29 28
1 2 3 4 3 2 1 2 6 11 1 3 3 6 6 12 2 1 6 10 20 28 35 21 40 25 30 30 18 19 13 47 56 35 40 25 22 29 20 16 29 12 19 8 14 16 13 12 13 33 33 25 41 44 39 16 29 36 35 39 35 28 26 27 19 16 9 4 1 7 8 7 19 13 19 31 28 20 11 22 15 24 27 38 30 53 43 36 36 16 16 24 14 14 7 32
1 1 4 5 4 4 2 3 6 8 2 4 7 17 19 6 1 1 8 11 14 33 33 41 27 29 50 36 33 32 34 43 58 51 41 44 43 26 48 27 14 22 7 5 5 12 11 13 14 18 24 31 36 30 43 41 42 49 48 51 50 51 33 22 13 8 9 2 3 9 14 12 23 26 19 21 32 22 24 8 33 10 15 34 37 54 62 70 34 20 29 24 28 30 20 44
2 2 5 7 12 5 3 4 10 10 2 3 9 22 12 2 1 3 7 11 24 29 33 39 42 33 47 42 55 55 55 42 23 29 41 39 39 19 34 31 32 21 12 10 22 12 9 22 9 7 11 19 39 55 40 40 59 57 55 36 52 31 14 17 17 11 4 2 2 8 21 12 20 26 32 24 33 21 28 23 17 37 19 7 11 34 54 68 32 42 33 28 25 43 18 19
2 3 4 6 16 10 5 5 9 12 2 2 10 21 8 2 1 4 11 13 14 19 27 36 56 34 41 40 34 54 58 44 45 35 35 21 29 30 37 26 24 16 12 17 32 19 15 18 6 5 9 32 47 29 58 62 32 39 27 27 22 19 29 28 12 10 8 2 4 5 24 16 19 19 24 34 27 26 13 26 13 42 25 19 11 10 28 43 53 68 39 34 28 38 13 18
3 6 4 5 7 17 6 8 17 4 4 3 7 26 11 3 2 7 12 15 24 36 36 52 52 47 29 33 53 48 28 57 75 59 29 29 22 25 36 24 13 22 23 14 18 8 11 8 23 17 25 31 35 50 59 44 56 34 38 40 31 26 23 16 14 12 6 3 3 8 9 32 18 19 21 25 42 38 26 46 18 16 27 26 19 18 17 33 52 56 39 39 32 36 20 30
4 5 12 9 5 14 4 12 33 6 5 11 16 21 6 5 1 4 14 20 34 28 33 56 57 52 47 20 15 19 28 26 30 13 15 27 41 26 25 40 29 20 13 11 8 5 7 9 27 29 31 37 46 51 67 62 59 46 38 45 35 37 35 19 18 15 6 5 5 18 18 18 36 18 20 25 48 40 29 22 35 19 14 37 34 20 24 25 42 49 58 38 33 23 36 19
5 6 14 21 10 22 5 12 40 15 7 19 22 12 4 1 1 2 7 21 40 41 34 39 47 61 43 20 26 21 26 26 33 25 18 11 23 31 40 36 20 18 8 12 13 7 12 5 2 5 32 28 25 42 40 31 31 55 51 44 45 24 23 20 15 15 12 3 7 16 21 19 22 9 27 28 30 46 58 46 45 26 19 18 35 22 19 32 47 79 71 37 24 21 36 17
5 6 8 25 11 22 12 11 15 23 10 27 20 4 1 3 4 6 12 25 28 34 44 26 38 48 63 29 22 22 34 32 32 31 24 32 22 27 16 9 10 18 11 11 17 10 9 3 12 18 22 42 71 57 39 64 59 74 51 37 43 41 38 30 29 14 12 6 10 20 18 30 43 17 18 44 34 51 41 37 54 21 30 32 55 24 14 20 17 34 58 33 33 16 50 35
5 6 5 15 35 16 25 11 32 15 32 13 4 2 5 5 9 7 31 41 22 33 36 40 20 35 55 64 34 35 21 33 27 15 13 14 21 14 11 10 12 5 4 2 8 5 6 4 14 14 14 34 30 48 58 57 38 59 35 27 31 35 33 29 15 12 9 16 17 21 27 33 8 25 36 45 42 30 48 30 66 27 31 23 30 47 33 36 44 36 46 28 51 20 30 49
13 9 6 8 15 30 31 17 50 20 21 4 2 6 8 12 12 8 11 11 22 28 36 57 51 33 33 17 39 55 21 34 17 16 23 26 28 17 16 14 9 9 17 10 5 2 2 3 11 20 26 31 44 32 45 41 38 34 23 9 23 29 26 22 12 10 10 18 20 24 27 42 14 13 7 13 38 54 69 25 57 45 32 34 22 18 56 29 42 43 36 52 19 22 36 49
11 16 11 9 9 18 48 22 20 8 4 1 5 9 18 26 25 9 12 15 26 31 28 12 18 15 20 37 12 20 40 58 36 39 13 27 10 15 17 4 5 7 5 4 4 15 5 5 10 20 27 18 21 30 32 36 27 43 33 35 44 31 30 17 23 22 13 22 22 25 24 40 13 26 15 21 21 17 40 34 29 54 34 39 23 44 47 14 39 55 55 45 18 23 21 26
12 19 14 18 28 36 36 18 20 5 6 5 8 20 21 26 30 20 23 23 30 33 26 20 18 24 21 14 17 31 17 24 28 55 27 45 11 9 10 11 9 7 8 9 4 3 7 6 12 23 40 18 21 28 42 21 42 61 66 57 47 31 34 30 25 23 25 36 25 25 27 34 18 31 28 23 36 32 37 55 21 56 34 55 20 19 43 10 20 27 54 35 14 26 27 52
15 24 20 25 33 44 35 7 5 2 10 9 17 22 23 34 22 43 38 25 30 30 28 34 36 28 29 17 21 43 17 13 7 9 11 29 37 27 20 39 25 19 11 9 9 5 2 8 25 22 30 11 15 30 31 37 52 73 39 43 51 31 33 28 26 24 30 43 27 28 31 31 30 31 43 26 37 35 34 34 51 77 45 52 38 13 48 27 11 15 35 43 24 29 23 9
15 32 34 32 62 40 8 6 9 10 21 19 15 28 26 41 15 29 57 18 34 28 16 24 34 38 17 25 29 32 54 18 14 7 8 5 7 5 11 31 36 15 19 13 11 8 5 7 19 15 14 13 21 27 46 48 46 45 44 31 49 40 27 10 31 17 19 52 32 30 45 33 46 31 42 36 34 40 34 28 29 17 60 61 49 18 24 22 11 11 19 47 22 35 39 31
20 27 58 49 55 11 10 10 12 22 24 25 35 47 17 32 17 28 35 54 22 41 16 14 20 36 36 34 30 21 12 26 13 15 11 8 8 8 8 10 15 8 6 9 4 2 3 10 10 12 13 12 13 23 41 57 27 51 69 57 28 23 16 9 43 28 30 47 38 30 47 34 62 43 42 47 32 32 46 31 24 17 45 40 48 21 11 48 13 15 25 42 45 41 25 31
14 32 61 69 37 6 12 22 25 26 41 51 27 35 20 21 41 19 34 30 24 31 22 20 22 30 27 45 30 34 36 24 32 20 17 12 9 7 7 11 12 5 5 5 6 4 7 18 9 13 11 10 18 32 52 48 73 50 40 53 32 18 7 18 25 49 31 34 42 28 38 34 54 47 31 46 46 30 32 47 38 12 22 53 60 25 7 29 21 15 27 19 61 44 22 64
16 40 64 40 6 9 27 26 19 48 36 62 20 39 22 19 26 61 20 34 48 31 42 18 19 35 41 31 30 47 28 26 48 12 17 13 10 13 4 11 8 4 11 12 10 7 17 10 14 18 22 27 27 26 33 46 53 43 45 37 33 18 9 26 21 35 31 32 44 30 32 38 34 54 29 32 57 30 32 35 48 17 26 30 48 25 12 21 30 21 16 14 16 36 31 22
19 50 45 25 11 19 31 32 21 38 20 58 25 40 48 19 45 63 15 43 58 21 53 18 17 37 42 44 17 14 48 11 12 29 40 23 6 10 5 9 5 3 4 5 6 7 9 14 22 26 19 16 13 20 21 29 38 42 32 51 34 21 19 29 37 42 21 28 40 42 28 26 18 41 30 30 38 38 31 25 12 13 37 22 46 24 15 9 22 38 8 19 40 36 38 7
21 46 43 32 16 21 39 55 18 26 25 49 21 34 60 28 42 60 25 24 36 36 39 22 19 21 21 33 35 33 14 19 9 8 2 32 24 7 5 6 5 6 9 7 8 9 7 11 16 30 23 28 20 28 22 28 16 28 33 19 17 31 27 30 28 37 40 31 36 40 17 30 19 29 33 29 37 16 13 32 15 15 15 20 50 55 18 9 20 31 6 11 34 44 44 22
44 42 53 22 19 29 33 41 20 33 28 34 39 24 54 23 20 51 26 19 20 18 64 38 17 15 18 18 21 24 44 26 7 17 3 6 27 7 4 5 3 13 14 13 6 10 2 8 15 29 36 19 19 11 14 29 40 58 36 17 9 27 29 28 30 30 53 21 35 43 16 27 28 30 46 5 25 32 15 14 26 13 13 14 23 43 12 9 13 33 9 9 12 42 66 51
75 42 17 18 29 29 31 37 22 56 37 19 44 22 60 21 19 36 29 16 20 33 49 26 13 19 15 31 32 31 22 25 18 22 3 7 7 20 3 4 8 14 6 9 8 9 5 2 10 22 31 39 28 17 26 32 40 56 47 20 10 40 28 20 28 28 41 26 19 45 28 15 17 45 38 15 13 15 36 9 21 38 17 17 58 37 7 22 3 43 22 8 6 5 15 22
19 9 21 17 28 32 46 43 36 47 30 20 70 18 22 50 25 52 34 13 16 26 26 54 21 26 12 27 32 29 20 12 18 36 7 9 6 35 4 4 5 6 4 5 4 10 8 9 12 32 31 22 42 22 20 17 17 41 43 10 16 26 32 17 31 28 25 41 18 47 34 21 23 19 37 15 14 22 20 18 8 5 37 14 23 41 14 35 7 23 52 11 26 15 9 7
39 20 44 33 29 33 54 31 59 41 16 24 50 25 27 52 15 22 54 11 28 22 16 44 12 25 22 18 21 23 31 28 5 16 8 9 6 5 18 5 2 7 6 11 8 4 3 12 22 23 43 37 10 19 21 3 19 24 18 8 21 49 38 16 13 41 17 33 14 22 64 13 29 30 19 21 18 17 32 21 23 11 13 25 8 39 49 38 11 19 74 11 14 10 21 8
64 37 21 37 38 41 35 32 56 29 26 27 21 24 24 33 18 16 50 20 26 19 9 19 29 23 22 13 15 14 18 19 23 6 9 24 6 5 11 14 4 12 7 9 11 8 9 4 20 9 6 5 6 16 17 41 28 14 20 18 12 36 22 17 17 28 42 12 36 12 40 12 24 39 8 12 36 10 16 24 31 16 10 4 7 7 34 53 17 12 42 19 15 11 20 14
83 43 29 28 30 37 16 33 44 14 33 26 24 26 18 38 19 18 34 12 13 32 11 5 3 10 10 6 24 36 18 18 27 3 6 1 13 5 7 42 4 5 5 9 10 6 13 8 47 17 12 8 10 10 33 44 23 6 8 29 12 10 29 16 28 17 51 11 51 9 22 26 16 23 10 32 17 14 9 11 19 24 19 9 8 9 6 10 36 47 34 26 16 9 24 14
62 25 16 34 20 22 20 21 45 13 24 18 20 44 18 43 19 42 19 10 9 24 17 8 8 10 11 11 15 18 34 33 8 6 3 3 3 12 4 40 2 2 3 7 7 4 13 5 4 11 16 19 4 24 37 34 20 12 5 34 20 14 7 31 27 25 41 11 42 18 11 17 29 41 15 10 17 6 14 3 5 17 8 11 7 6 8 4 5 12 46 22 9 12 27 15
73 26 56 27 28 19 20 20 18 13 26 24 12 50 49 13 30 25 28 22 19 10 18 13 18 23 13 20 9 9 12 11 10 6 2 5 3 3 8 18 5 1 3 3 4 5 5 17 4 5 9 10 17 50 42 28 19 18 5 11 25 13 20 16 22 43 25 31 7 30 45 7 38 55 18 3 13 5 8 4 14 11 16 15 4 3 4 6 6 5 13 26 19 6 25 6
64 44 19 19 19 23 31 20 23 11 17 15 22 33 32 10 11 13 13 3 16 11 15 21 28 22 17 24 21 5 6 9 29 15 4 3 13 3 2 7 11 2 5 3 5 13 10 7 3 5 6 9 26 34 35 18 5 15 14 8 26 11 16 19 7 17 13 16 9 13 43 10 26 30 2 5 7 14 10 6 1 18 2 5 10 1 1 2 7 7 12 3 30 7 15 4
13 44 13 22 22 18 24 15 50 14 16 16 15 5 30 15 15 6 23 10 8 16 17 18 20 10 19 28 23 3 6 8 12 15 14 8 4 10 2 2 16 1 3 2 2 17 22 8 6 5 9 21 29 28 34 12 9 17 12 14 30 13 6 7 15 11 10 27 9 13 36 18 45 15 2 8 3 1 5 13 3 7 5 7 14 3 6 3 4 4 4 9 15 15 21 3
24 58 14 16 10 20 25 24 13 23 16 13 18 7 17 9 15 8 48 14 5 10 13 42 10 8 14 23 22 4 7 7 17 9 16 8 3 4 9 2 15 2 2 2 2 7 4 9 2 15 12 22 28 34 16 5 10 16 13 16 33 18 27 10 9 18 8 25 7 11 9 15 34 2 3 2 3 3 7 6 4 2 1 8 9 9 8 6 3 3 2 2 4 23 10 2
23 60 35 4 10 12 34 22 12 28 17 9 6 10 8 15 4 22 8 4 7 13 19 11 24 10 8 10 10 8 5 14 13 10 9 9 6 8 9 3 20 2 3 3 2 3 8 24 14 6 18 36 40 30 3 10 16 22 14 19 11 30 12 30 17 8 6 14 5 11 14 26 14 12 7 8 1 7 11 4 9 2 1 4 5 15 12 4 3 2 3 2 1 6 12 11
9 28 39 4 17 8 20 31 9 24 14 7 2 11 5 21 6 17 11 15 5 6 16 17 15 8 5 8 11 17 2 5 8 18 10 4 6 12 4 8 14 5 2 6 3 2 2 18 26 20 34 40 33 7 11 19 22 19 14 21 25 20 6 17 25 2 6 5 11 4 11 15 9 19 7 7 4 12 8 2 17 19 4 6 2 2 6 6 3 5 1 3 4 15 4 10
12 23 34 9 10 4 8 8 12 12 12 5 1 7 8 45 10 7 9 3 8 14 14 18 10 4 4 4 11 8 5 8 16 8 3 1 5 10 10 3 8 5 4 7 6 4 8 41 35 57 58 49 5 7 10 10 16 18 15 18 30 7 21 13 12 29 48 5 4 2 2 25 5 16 14 10 8 16 12 8 12 33 6 8 3 2 6 7 17 15 6 2 22 5 5 18
10 12 41 16 16 6 5 10 4 17 14 9 4 5 3 12 10 5 9 5 8 10 6 7 7 3 18 3 7 14 6 6 16 15 4 3 10 4 4 6 1 4 1 6 18 38 61 38 38 41 18 3 7 10 15 12 14 14 11 7 9 5 14 9 2 22 5 1 1 4 6 7 19 5 18 10 11 13 26 11 15 22 5 14 5 4 4 4 4 8 8 14 4 13 17 31
11 5 3 40 6 4 2 2 2 10 24 6 6 3 5 15 3 4 13 3 5 7 6 5 2 6 3 2 1 11 4 5 7 7 4 6 5 4 1 3 1 2 1 34 32 34 67 74 37 9 3 7 7 10 11 10 14 15 11 2 1 1 13 19 26 30 3 2 1 11 17 8 9 3 21 7 19 7 14 5 7 19 8 14 7 9 2 2 3 2 2 3 10 4 19 20
11 12 4 44 1 5 8 2 9 1 12 4 4 7 7 23 5 8 12 7 2 5 6 16 2 5 1 12 1 2 4 6 11 8 2 5 15 6 2 3 6 42 54 57 66 28 46 73 49 1 5 9 8 8 2 8 9 8 9 1 0 8 32 31 29 9 5 12 12 6 19 17 3 5 8 9 25 17 31 39 41 21 7 10 15 9 10 0 3 4 5 3 5 9 20 16
9 7 3 45 5 2 3 3 16 1 3 12 4 4 4 15 3 6 13 5 3 4 4 14 2 3 2 5 8 8 3 6 7 6 5 11 5 4 4 14 33 59 74 61 74 75 66 49 1 3 11 7 8 10 2 6 15 15 5 2 2 13 28 19 10 7 10 10 11 10 15 31 39 7 5 8 9 13 18 9 4 12 15 30 20 16 3 2 8 2 9 7 4 12 32 9
7 5 2 12 10 18 4 3 14 3 3 11 1 3 2 3 5 5 8 4 2 1 0 8 2 4 9 5 12 4 3 6 4 10 4 9 4 2 7 21 17 8 48 69 73 58 3 3 6 4 5 4 8 8 4 2 2 42 6 11 6 8 6 19 16 6 15 14 9 27 26 23 3 7 7 17 16 13 11 8 11 11 16 12 14 3 8 4 3 1 4 9 3 7 25 8
5 5 3 4 18 6 4 2 8 2 2 6 3 1 0 1 3 1 8 3 3 0 2 2 4 6 8 4 6 3 9 6 7 3 5 6 4 1 7 16 7 28 17 10 6 2 10 13 8 8 4 4 3 0 3 8 4 12 12 8 5 7 3 8 4 5 5 17 29 37 9 3 6 10 10 10 28 12 29 11 16 17 16 11 16 2 5 4 7 1 10 7 4 5 6 2
5 4 3 1 16 1 2 3 10 4 1 2 9 2 1 2 2 1 5 5 2 1 2 5 9 4 3 6 2 4 4 4 5 7 4 2 5 3 16 18 57 49 15 3 9 10 2 4 5 2 2 0 3 1 4 7 3 22 7 3 5 5 10 6 1 6 10 32 23 1 4 0 3 11 25 24 14 15 6 13 13 11 14 20 5 6 7 7 3 1 14 6 5 7 4 1
2 2 4 11 2 1 3 2 4 2 1 1 6 2 1 1 1 2 2 7 2 1 0 2 6 5 6 4 1 3 1 4 3 7 2 4 7 4 13 10 11 21 4 9 10 5 5 7 14 6 2 0 0 1 6 11 2 9 5 4 4 4 9 2 2 3 15 19 2 0 1 6 3 3 6 24 20 23 4 8 11 11 14 8 9 6 7 6 10 2 5 5 2 2 2 2
