sesion_6_simulaciones/modelos_agentes/ejemplos_netlogo/scenarios/echam4_a2/rob_2033.asc
NCOLS 322 
NROWS 307 
XLLCORNER 451900 
YLLCORNER 4086900 
CELLSIZE 100 
NODATA_value -9999 
[rows 222 to 295 of 307, columns 96 to 191 of 322]
0 0 0 0 0 0 0 0 0 0 0 0 0 0 0 0 0 0 0 0 0 0 0 0 0 0 0 1 0 0 0 0 0 1 0 0 0 0 0 0 0 0 0 0 0 1 2 4 6 8 11 14 19 28 31 39 50 63 79 77 80 85 63 79 57 70 56 50 57 48 36 37 25 29 43 46 53 30 32 25 60 47 42 35 34 18 37 50 57 32 22 18 8 4 5 2
0 0 0 0 0 0 0 0 0 0 0 0 0 0 0 0 0 0 0 0 0 0 0 0 0 0 0 0 1 0 0 1 1 0 0 0 0 0 0 0 0 0 0 0 0 1 1 2 4 6 9 7 13 22 35 61 67 50 35 47 49 52 48 56 82 40 40 41 63 55 44 58 26 31 50 45 46 27 45 56 47 79 54 45 35 32 20 18 39 65 43 32 25 9 5 3
0 0 0 0 0 0 0 0 0 0 0 0 0 0 0 0 0 0 0 0 0 0 0 0 0 0 0 0 1 1 0 1 0 0 0 0 0 0 0 0 0 0 0 0 0 0 1 1 3 4 6 9 23 16 32 53 32 31 36 37 16 45 45 41 41 62 26 61 61 52 66 57 19 27 33 44 37 37 51 61 45 32 60 59 36 35 35 17 12 35 65 41 31 14 10 6
0 0 0 0 0 0 0 0 0 0 0 0 0 0 0 0 0 0 0 0 0 0 0 0 0 0 0 0 1 2 1 0 0 0 0 0 0 0 0 0 0 0 0 0 0 0 1 1 2 3 5 7 17 19 13 13 18 22 24 22 49 66 41 49 58 87 77 57 63 60 72 60 40 32 46 58 48 48 59 64 51 30 14 27 60 59 33 28 19 13 37 35 23 16 7 4
0 0 0 0 0 0 0 0 0 0 0 0 0 0 0 0 0 0 0 0 1 0 0 0 0 1 1 0 1 2 0 0 0 0 0 0 0 0 0 0 0 0 0 0 0 0 1 1 2 2 5 12 12 14 17 20 33 31 26 33 19 31 56 50 56 88 67 72 36 72 58 61 45 32 54 66 60 42 57 80 46 42 58 40 35 18 19 30 21 23 9 12 14 8 3 3
0 0 0 0 0 0 0 0 0 0 0 0 0 0 0 0 0 0 0 0 0 0 0 0 0 0 2 2 2 1 0 0 0 0 0 0 0 0 0 0 0 0 0 0 0 1 1 1 2 2 3 4 4 8 11 18 38 40 36 21 26 41 42 54 75 58 54 66 80 64 56 62 61 18 24 46 50 63 74 37 73 61 78 53 69 36 45 30 16 9 8 12 7 4 2 1
0 0 0 0 0 0 0 0 0 0 0 0 0 0 0 0 0 0 0 0 0 0 1 1 0 0 1 3 2 0 0 0 0 0 0 0 0 0 0 0 0 0 0 0 0 0 1 1 2 2 5 5 8 10 10 22 33 55 34 32 25 47 62 76 59 50 55 54 39 56 69 44 32 16 25 42 62 58 81 60 32 26 41 60 40 43 32 25 12 12 7 4 3 4 3 3
0 0 0 0 0 0 0 0 0 0 0 0 0 0 0 0 0 0 0 0 0 0 0 1 0 1 1 7 2 1 1 1 0 0 0 0 0 0 0 0 0 0 0 0 0 0 0 1 2 2 3 4 5 6 15 23 16 17 16 31 22 22 28 43 29 18 33 47 36 51 26 46 42 26 44 28 29 65 41 50 41 29 27 32 18 20 24 26 11 10 4 2 2 1 1 1
0 0 0 0 0 0 0 0 0 0 0 0 0 0 0 0 0 0 0 0 1 1 0 0 2 0 1 3 5 5 1 1 0 0 0 0 0 0 0 0 0 0 0 0 0 0 0 0 1 1 1 2 4 6 10 7 9 10 14 15 19 20 24 32 37 50 56 65 53 55 65 65 46 22 38 55 29 57 50 56 57 49 36 54 31 12 14 8 5 6 3 1 1 1 1 1
0 0 0 0 0 0 0 0 0 0 0 0 0 0 0 0 0 0 0 0 1 1 1 1 1 1 1 1 6 5 2 1 0 0 0 0 0 0 0 0 0 0 0 0 0 0 0 1 1 1 2 2 3 4 3 4 3 4 5 6 7 7 9 30 43 44 29 50 52 50 50 48 43 26 29 52 50 44 47 69 57 53 51 47 30 21 10 7 5 5 4 2 1 1 1 0
0 0 0 0 0 0 0 0 0 0 0 0 0 0 0 0 0 0 0 1 1 1 0 1 4 2 1 1 4 4 2 1 0 0 0 0 0 0 0 0 0 0 1 1 1 1 0 1 2 3 6 5 3 2 2 4 4 5 11 14 11 19 17 15 14 18 27 30 33 48 64 71 71 29 43 38 68 52 59 44 42 51 50 38 32 44 26 10 5 3 1 1 1 1 0 0
0 0 0 0 0 0 0 0 0 0 0 0 0 0 0 0 0 0 0 0 1 1 0 1 1 3 2 4 7 5 3 1 0 0 0 0 0 0 0 0 0 0 1 1 1 2 1 1 2 4 7 11 8 4 5 8 17 18 22 39 34 35 30 24 33 53 37 33 29 44 65 66 68 64 48 63 76 43 62 40 61 61 46 57 35 24 23 19 18 4 1 1 1 0 0 0
0 0 0 0 0 0 0 0 0 0 0 0 0 0 0 0 0 0 0 0 1 1 1 0 1 1 7 6 3 2 1 1 0 0 0 0 0 0 0 0 0 0 1 1 1 1 2 4 2 3 5 7 8 13 12 17 21 28 49 44 32 37 47 37 28 23 39 49 28 39 24 25 26 24 59 24 40 75 50 38 17 32 67 59 33 27 36 13 11 4 4 1 0 1 0 0
0 0 0 0 0 0 0 0 0 0 0 0 0 0 0 0 0 0 0 1 1 1 1 0 1 2 3 10 2 1 1 0 0 0 0 0 0 0 0 0 0 1 1 1 1 2 2 3 5 5 7 9 13 28 15 18 27 32 37 50 49 63 60 59 46 29 42 45 61 44 49 42 48 41 80 38 25 28 32 31 19 8 59 63 42 40 39 34 12 8 5 3 2 2 1 0
0 0 0 0 0 0 0 0 0 0 0 0 0 0 0 0 0 0 0 0 1 1 3 1 1 2 3 9 3 1 0 0 0 0 0 0 0 0 0 0 0 1 1 1 2 3 7 5 7 16 11 19 19 23 23 23 26 32 60 54 59 58 53 67 68 46 36 42 46 39 74 51 42 49 52 60 49 60 57 43 39 25 14 46 38 38 43 26 9 5 2 1 2 0 0 0
1 1 0 0 0 0 0 0 0 0 0 0 0 0 0 0 0 0 0 0 1 2 1 3 0 2 3 7 3 2 1 1 0 0 0 0 0 0 1 0 1 1 1 2 4 4 11 10 7 6 21 40 54 30 28 14 27 30 57 49 74 62 55 51 51 49 30 46 36 72 36 40 44 51 42 28 36 39 41 35 28 24 22 18 32 17 8 15 10 4 2 1 0 0 0 0
1 0 0 0 0 0 0 0 0 0 0 0 0 0 0 0 0 0 0 0 1 1 2 5 2 2 4 9 5 3 2 1 0 0 0 0 0 0 0 1 1 1 1 4 5 9 14 15 16 13 17 30 40 40 33 17 29 39 29 53 72 69 28 74 32 52 49 42 37 60 41 27 34 62 63 46 52 56 56 52 61 30 25 18 13 7 11 7 3 4 1 1 1 0 0 0
0 0 0 0 0 0 0 0 0 0 0 0 0 1 1 0 0 0 1 1 1 1 3 8 4 4 8 8 4 4 2 1 0 0 0 0 0 0 0 0 1 1 2 3 6 11 16 18 23 26 24 35 54 54 43 18 30 43 53 48 59 64 26 55 58 54 64 36 49 46 30 47 59 53 41 34 33 42 46 23 41 45 43 19 18 8 5 5 2 1 1 1 1 1 1 0
0 0 0 0 0 0 0 0 0 0 0 0 0 1 1 1 0 0 0 3 3 1 3 8 8 2 2 22 13 3 2 1 0 0 0 0 1 1 0 1 1 2 2 5 8 8 19 25 28 40 28 44 57 42 51 19 32 40 47 59 53 54 55 55 63 64 58 56 49 34 46 54 57 53 44 36 33 46 41 33 32 27 51 41 19 18 11 4 1 1 1 0 1 0 0 0
0 0 0 0 0 0 0 0 0 0 1 0 0 1 2 2 0 0 1 2 3 2 3 8 15 4 5 26 9 5 4 1 1 0 0 1 1 0 1 1 2 4 3 6 7 9 31 32 35 42 47 40 36 51 77 39 22 46 62 49 38 34 34 60 62 59 57 68 54 33 40 44 60 56 60 53 54 73 59 50 39 33 31 24 23 22 10 5 3 2 1 1 1 0 0 0
0 0 0 0 0 0 0 0 0 0 1 1 0 1 2 2 1 0 2 2 2 4 5 10 21 26 19 26 12 6 3 1 0 0 0 1 1 1 1 2 2 4 7 6 5 9 25 37 44 45 49 58 55 56 81 59 51 18 38 72 55 52 38 39 34 66 67 68 41 38 33 65 59 44 45 42 50 75 58 42 52 23 17 12 12 10 11 7 2 1 1 1 0 0 0 0
0 0 0 0 0 0 0 0 0 0 1 2 1 2 2 4 1 1 2 3 3 6 7 14 29 46 20 24 7 4 3 1 0 0 0 0 0 2 1 2 4 3 8 7 9 22 26 27 49 53 56 57 68 81 83 79 38 22 49 63 71 52 44 48 50 43 33 37 39 38 63 58 33 59 34 39 30 53 44 41 32 34 44 20 9 6 3 2 2 1 1 1 0 0 0 0
0 0 0 0 0 0 0 0 1 1 1 1 3 1 3 5 1 2 1 7 9 8 7 17 30 25 10 6 3 3 1 1 0 0 0 0 1 2 3 2 3 7 3 19 12 19 31 28 37 64 64 46 71 76 76 80 65 33 26 28 45 64 58 50 44 31 14 10 24 36 73 51 46 53 89 77 60 55 49 50 54 47 28 28 17 13 6 4 3 1 1 0 0 0 0 0
0 0 0 0 0 0 0 1 1 1 2 2 4 2 4 6 3 5 2 5 16 16 28 16 39 19 7 5 2 1 1 0 0 0 0 0 0 1 2 3 6 4 5 8 30 16 22 36 52 72 68 59 57 52 63 82 77 39 31 35 48 42 47 43 31 40 28 18 49 57 31 54 68 73 65 81 60 72 57 64 62 39 22 8 10 6 6 4 2 1 1 0 0 0 0 0
0 0 0 0 0 0 0 1 1 1 2 3 7 4 6 10 4 7 10 5 9 20 14 53 27 23 5 3 3 1 0 0 0 0 1 1 1 0 1 1 2 4 8 26 18 20 37 44 45 57 74 76 51 51 42 48 75 63 46 25 33 26 23 16 16 7 21 47 40 51 36 23 32 61 29 62 82 79 69 63 62 35 17 12 8 3 2 1 2 1 0 0 0 0 0 0
0 0 0 0 1 0 1 1 1 2 2 4 5 10 5 17 5 7 18 15 16 32 17 39 38 11 4 2 0 0 0 1 1 0 1 1 1 1 1 2 3 4 8 18 42 26 22 35 43 64 65 68 67 64 48 42 47 67 52 29 33 28 34 30 36 19 15 38 40 47 46 46 48 36 32 29 54 61 67 40 21 18 13 9 4 2 2 1 1 0 0 0 0 0 0 0
0 0 0 1 1 1 1 1 1 2 3 4 6 9 13 28 9 9 21 25 24 40 70 34 15 12 6 2 1 1 1 1 1 0 0 1 1 1 2 2 3 5 9 17 24 46 34 35 49 60 68 60 69 69 57 41 29 55 50 39 22 25 29 32 38 29 20 48 39 36 46 45 75 57 50 36 26 15 37 39 25 10 6 4 4 2 1 0 0 0 0 0 0 0 0 0
0 0 0 1 1 1 1 1 1 2 7 5 7 9 31 30 14 16 18 30 32 51 66 17 23 13 4 3 3 3 4 4 1 1 0 1 1 2 3 2 4 10 18 25 21 40 33 62 54 67 63 83 62 44 44 39 55 22 20 71 31 21 51 44 29 23 37 62 39 32 35 59 81 63 49 39 34 30 19 24 21 13 6 4 3 2 1 0 0 0 0 0 0 0 0 0
0 0 0 1 1 1 1 2 2 3 9 7 16 18 22 33 42 28 37 26 45 45 77 55 24 9 8 8 5 8 8 5 2 1 1 0 1 3 2 4 8 10 25 39 50 40 60 27 16 30 65 35 56 51 60 42 18 12 15 25 38 13 34 27 14 24 59 30 34 32 21 26 18 34 44 35 34 32 21 14 12 6 7 5 4 3 2 2 1 0 0 0 0 0 1 0
0 0 0 1 2 2 1 3 5 5 5 9 8 27 33 16 15 53 41 42 38 62 68 37 23 17 16 13 15 24 6 2 1 1 1 0 1 1 7 6 10 15 20 46 33 58 52 50 38 55 58 16 64 73 65 32 44 33 31 15 54 10 23 22 13 19 27 55 45 22 41 66 55 60 54 43 33 34 28 25 15 13 9 7 5 5 4 1 1 0 0 0 0 0 1 0
0 1 1 1 2 4 1 2 3 7 10 15 8 10 21 46 20 16 63 64 39 61 71 43 41 17 36 49 23 8 4 3 2 1 1 0 1 1 2 6 8 26 32 26 21 39 44 62 66 65 52 46 62 76 76 75 57 26 24 22 45 18 20 21 11 17 39 23 16 17 38 46 47 50 56 56 36 31 18 18 8 5 5 12 9 6 2 1 0 0 0 0 1 1 1 0
0 1 1 2 3 2 3 3 4 3 6 20 7 7 18 37 48 41 12 32 46 67 51 40 31 52 27 10 10 5 5 5 3 1 1 1 1 2 4 4 4 13 18 15 25 36 45 44 66 65 65 58 76 76 67 61 34 51 16 22 24 36 9 17 25 20 9 35 44 45 34 49 61 55 50 53 30 22 14 19 25 14 22 12 9 3 3 1 0 1 1 1 1 1 1 1
1 1 1 2 3 5 5 10 8 6 5 11 32 10 28 28 40 57 42 19 33 69 29 49 71 26 20 17 12 12 7 3 1 2 2 1 2 3 5 5 8 16 15 13 27 43 25 24 51 53 32 27 42 41 50 26 44 30 49 11 21 29 18 12 48 58 30 57 64 40 61 59 68 69 68 63 45 27 29 26 28 21 23 10 8 5 2 1 1 1 1 1 2 3 1 0
1 1 2 1 2 9 14 9 9 9 18 13 21 44 25 31 44 21 66 38 38 35 76 59 41 40 33 29 23 14 6 2 1 2 4 1 2 3 8 11 12 21 29 29 31 25 35 44 35 34 35 31 31 35 34 40 35 34 32 41 9 5 18 41 45 26 39 46 63 49 65 52 54 67 69 51 37 43 31 31 32 26 13 12 7 3 1 1 1 1 2 2 3 2 1 1
1 3 2 2 2 7 8 18 22 12 21 25 29 36 53 32 51 31 25 57 30 35 70 68 58 40 33 30 23 9 7 5 3 1 2 1 1 3 5 14 22 27 19 32 31 40 37 38 46 50 42 31 33 37 43 42 26 23 25 35 19 11 23 12 16 41 42 48 30 41 57 52 59 48 52 71 38 33 16 14 14 13 20 11 5 2 1 1 1 1 2 2 7 2 1 1
1 2 4 2 4 4 10 11 15 23 35 32 32 39 62 64 32 26 34 32 64 69 74 59 60 58 47 37 26 15 9 6 4 2 4 1 1 3 6 13 22 39 36 41 44 46 44 61 42 45 47 37 26 34 31 48 44 21 7 9 14 14 17 15 18 9 6 5 12 51 35 41 55 51 49 37 25 10 8 21 31 25 8 11 11 5 2 2 2 3 2 2 9 2 2 1
2 4 6 7 8 6 7 17 21 25 45 47 51 42 58 63 48 49 40 43 40 69 69 65 43 50 43 35 19 23 13 8 5 4 6 1 4 7 8 11 7 33 45 51 45 56 61 50 46 62 66 61 26 34 44 39 23 24 11 5 7 11 24 13 14 18 29 35 28 30 30 32 34 29 43 17 19 20 13 43 34 12 17 13 10 10 4 6 4 2 2 2 5 3 2 2
2 4 13 7 10 11 9 19 27 32 33 52 50 47 70 50 57 66 54 43 44 61 55 50 44 47 42 38 28 15 13 10 13 8 2 0 3 11 15 21 19 34 54 44 49 57 47 38 52 74 67 61 59 40 45 33 27 26 13 15 15 10 18 14 29 37 59 54 37 43 38 43 34 21 18 25 39 44 25 41 33 27 19 14 9 8 9 8 3 3 3 1 3 6 1 1
3 3 11 18 13 14 13 26 34 37 36 40 56 65 67 65 55 72 54 39 48 81 58 71 48 50 51 46 34 20 22 19 12 6 3 2 2 7 24 40 37 44 42 61 49 55 49 39 50 42 38 36 49 51 26 20 21 19 15 21 20 11 12 23 37 46 48 40 47 26 39 25 15 20 22 53 40 49 52 14 28 23 28 25 13 10 20 10 4 5 2 3 5 4 1 2
4 4 9 25 26 17 22 32 33 39 46 38 53 66 68 58 55 45 57 40 49 65 65 74 57 49 42 37 37 23 31 16 10 6 6 3 4 10 20 31 55 62 61 48 62 39 40 54 43 34 33 38 41 37 67 37 16 18 18 20 14 14 18 15 19 20 39 48 28 18 19 28 29 43 37 60 54 55 34 41 29 16 32 20 14 17 17 8 9 4 2 3 10 3 2 4
7 21 18 20 32 21 18 35 40 39 53 41 22 32 71 76 71 54 49 66 47 80 80 49 58 60 31 34 28 34 25 19 14 5 5 4 5 17 19 29 30 51 52 66 58 59 37 57 63 35 48 54 51 50 48 25 27 14 21 9 8 13 20 23 27 25 48 15 23 9 27 43 60 34 46 62 38 39 52 37 9 16 32 30 31 21 11 6 10 7 3 5 9 7 5 5
10 13 31 34 34 23 24 40 40 39 42 52 44 46 54 72 67 35 45 70 45 79 65 66 61 38 19 39 29 35 38 25 20 11 6 5 7 19 22 37 57 45 36 63 41 51 53 42 58 55 68 62 58 48 42 25 25 11 12 19 8 12 28 28 12 40 20 18 45 38 58 46 42 56 47 29 43 63 29 13 11 34 48 33 28 27 11 8 6 6 9 6 4 16 7 7
19 25 30 41 39 32 40 40 46 45 29 47 47 58 57 64 66 68 75 77 73 74 62 62 51 55 45 43 49 28 40 40 21 14 15 5 7 20 41 41 52 51 54 56 56 48 57 28 48 50 59 54 50 37 41 30 41 23 17 11 9 18 5 20 15 26 23 38 38 34 31 46 67 73 50 39 66 49 42 29 27 31 12 14 29 28 12 10 7 13 12 8 5 33 10 15
22 27 27 33 11 26 52 35 50 53 43 43 57 61 52 64 52 75 72 79 71 65 73 54 49 57 68 64 34 45 34 36 33 16 12 6 6 24 30 43 46 41 63 61 61 47 33 69 45 74 47 53 37 54 39 53 27 30 22 7 6 19 32 35 8 18 29 48 50 30 27 57 78 70 43 66 57 34 39 75 60 21 26 36 23 15 15 7 8 13 14 9 14 40 28 22
24 19 11 7 6 12 53 37 24 31 42 33 36 56 75 72 43 43 73 64 72 69 73 71 32 55 71 45 40 42 30 46 39 31 11 2 5 18 26 47 43 44 54 66 72 66 39 29 13 16 56 62 30 45 41 56 41 26 14 8 10 25 19 35 26 24 29 25 48 35 42 68 75 45 53 69 57 13 53 48 32 46 57 40 24 19 14 5 17 16 18 12 26 62 34 17
27 30 23 24 24 18 31 54 19 24 23 47 38 48 70 64 74 46 58 75 70 79 79 77 58 36 57 59 51 31 55 38 37 24 12 5 4 10 27 53 25 46 66 69 67 50 49 46 43 40 34 41 62 35 17 18 18 12 13 4 8 12 6 13 22 16 25 13 21 28 61 52 57 67 47 42 27 27 43 36 38 56 50 28 17 7 5 5 13 18 19 15 34 46 34 12
44 30 39 35 24 30 28 30 38 36 33 65 44 49 45 53 72 76 70 84 83 74 76 59 30 44 54 48 43 48 54 43 23 20 24 9 8 5 19 34 12 27 38 39 44 40 41 33 69 62 47 42 36 26 28 17 10 36 3 2 1 8 12 10 29 32 16 10 42 51 24 39 24 44 39 32 14 58 45 62 40 36 22 19 18 9 7 14 15 22 22 29 33 52 14 11
28 29 36 33 40 27 22 41 61 62 29 28 57 57 31 34 29 49 77 78 50 44 47 50 57 20 51 55 35 64 44 39 36 24 25 10 17 5 12 33 45 22 33 42 27 36 18 10 22 36 24 62 58 44 23 4 2 2 5 3 3 8 6 18 25 34 14 44 42 26 32 32 38 38 18 28 52 62 68 38 35 34 34 35 19 9 8 17 25 28 27 20 47 54 42 14
28 49 38 40 42 43 31 47 63 51 51 35 26 46 58 35 57 47 36 69 48 60 64 62 50 41 54 37 37 63 50 47 29 13 22 12 14 10 5 17 29 55 49 35 31 42 41 21 31 43 52 54 35 36 32 20 12 9 5 2 3 4 12 13 16 15 29 47 53 50 32 32 22 14 48 50 43 56 53 35 28 33 35 23 17 14 10 24 31 21 32 27 16 31 49 22
38 37 38 33 42 60 34 48 51 59 52 45 56 40 26 58 58 45 47 70 72 31 28 43 40 62 56 69 41 41 55 39 25 41 20 10 13 19 8 21 36 56 64 29 33 57 40 18 34 42 25 41 28 36 34 16 15 13 7 7 5 4 2 12 15 22 34 15 16 15 26 16 42 54 33 37 34 32 31 26 18 25 26 29 24 12 12 19 37 23 36 27 29 27 41 29
35 35 55 41 51 59 25 41 55 62 58 50 54 56 67 51 71 82 62 67 65 38 47 51 56 75 68 75 46 46 46 45 48 20 15 10 10 34 13 13 28 44 36 42 49 54 14 9 62 81 34 41 39 19 15 13 25 12 5 2 4 3 4 9 11 9 8 16 31 38 41 44 24 31 24 15 19 37 28 25 34 49 26 24 25 13 23 25 42 25 31 10 4 14 36 58
37 43 57 56 49 46 26 41 59 65 62 50 41 40 59 73 53 47 67 66 45 30 47 40 67 63 79 60 55 69 62 52 28 24 10 3 4 37 14 14 16 32 31 32 42 43 3 21 35 41 56 45 34 10 8 5 4 4 5 3 1 6 2 2 3 3 6 20 46 65 63 58 32 21 17 23 60 48 32 34 46 34 32 41 11 17 28 35 23 17 8 7 19 24 26 44
44 27 31 57 48 58 47 22 55 57 65 53 55 40 53 44 69 45 40 49 33 52 49 50 48 70 59 70 70 78 58 57 39 32 22 2 19 35 12 16 25 14 26 33 33 30 8 22 21 26 36 28 40 34 28 10 7 7 8 6 2 12 2 1 2 6 21 51 28 35 45 23 15 20 35 46 51 35 28 60 49 40 42 17 17 33 52 21 7 6 12 27 22 57 44 48
41 13 37 54 62 57 57 38 25 47 60 40 51 49 59 64 54 51 53 53 22 57 84 58 53 57 40 49 54 58 58 55 34 18 20 9 21 16 23 18 31 28 27 34 44 36 24 18 16 21 21 38 22 28 21 10 6 7 7 12 5 6 4 2 5 24 12 25 29 20 41 38 27 47 44 49 51 48 46 61 45 28 18 12 35 44 12 6 7 16 19 40 48 50 57 46
37 20 22 16 47 56 66 45 10 28 51 39 51 41 73 66 54 24 39 51 33 63 66 52 51 26 56 63 62 55 57 41 41 33 18 17 18 14 19 14 6 25 22 39 36 41 49 61 48 43 32 53 36 17 10 4 10 5 6 11 10 2 1 5 21 23 8 18 15 17 26 52 55 69 36 31 58 58 44 36 24 33 9 27 31 12 3 15 19 30 35 38 44 59 62 50
49 34 42 13 48 64 62 41 14 10 12 42 55 38 41 57 38 51 52 61 53 29 53 62 44 38 62 66 57 49 39 33 42 34 30 29 31 10 25 18 9 11 19 27 36 27 22 20 20 18 15 31 13 9 12 30 23 10 6 2 2 1 5 13 10 12 8 10 24 11 24 52 56 54 44 45 63 60 52 41 26 15 25 26 15 5 12 31 30 31 39 36 48 49 52 53
61 30 46 16 21 54 42 23 17 16 18 22 33 65 54 52 47 43 41 58 46 56 70 49 48 64 41 56 59 52 35 43 31 21 36 34 22 19 17 28 19 12 17 20 26 24 40 27 23 35 44 32 15 13 4 18 17 11 8 8 8 8 2 7 11 5 5 13 14 19 30 45 53 54 43 39 38 39 59 24 14 15 24 8 9 28 32 33 35 36 37 32 26 22 36 55
49 30 45 23 16 54 44 49 37 36 24 26 39 52 61 67 71 62 47 43 40 42 51 59 69 60 69 71 57 38 41 41 25 21 56 36 22 24 19 8 9 15 15 30 28 30 39 27 38 29 36 19 34 17 6 10 42 17 6 7 10 1 2 2 4 11 5 11 18 18 22 40 53 51 47 22 34 54 43 41 36 17 7 13 17 21 22 45 47 34 43 36 32 22 30 13
40 33 48 36 27 34 24 52 29 30 33 27 40 37 32 48 50 52 51 52 62 34 43 76 67 69 57 47 51 45 44 41 40 25 45 35 33 21 34 13 27 30 11 17 32 44 47 36 41 46 27 15 32 11 11 19 24 11 9 7 5 2 3 3 15 10 26 27 9 10 33 31 23 35 34 25 48 63 72 39 21 11 5 15 10 45 37 34 40 45 64 59 33 29 34 15
55 34 49 36 24 22 15 39 49 36 37 38 35 37 31 50 41 44 27 32 50 30 56 67 70 50 56 58 50 44 39 41 35 44 48 36 48 62 23 17 19 20 24 17 42 27 36 39 31 30 42 35 18 14 22 21 37 10 10 6 5 2 2 2 5 6 37 29 12 16 23 22 43 46 23 65 61 46 40 37 15 5 11 27 24 31 46 29 43 56 52 57 28 25 30 15
57 38 64 40 19 23 37 25 60 33 51 49 31 22 31 27 27 39 35 33 13 58 48 44 47 42 59 50 36 43 43 22 36 47 30 58 32 61 39 19 36 17 34 23 35 47 39 38 26 39 39 23 17 28 22 23 15 13 6 12 6 4 2 1 3 13 23 19 19 28 19 15 30 33 65 54 30 31 33 37 20 13 16 32 53 36 39 52 53 46 47 37 30 22 28 14
53 37 67 42 18 16 64 42 42 35 37 51 29 37 33 32 33 43 39 28 13 24 12 16 31 32 65 65 58 40 27 23 37 57 45 25 44 41 36 21 33 10 30 12 23 39 51 41 30 43 29 40 18 18 32 28 26 11 12 16 4 1 1 2 2 3 7 26 36 23 20 34 51 66 51 26 24 59 38 24 19 15 33 22 50 52 34 47 47 43 39 26 48 27 21 10
63 36 55 26 18 26 39 41 33 64 57 40 42 31 33 33 45 41 39 38 10 19 23 48 55 56 52 50 48 35 21 24 55 42 44 39 61 33 25 22 33 10 29 21 25 33 58 42 29 42 43 39 19 10 26 28 17 6 8 6 9 2 2 3 3 3 5 18 16 17 22 38 39 30 32 26 27 46 29 9 10 21 44 43 46 47 20 37 61 57 35 23 45 14 21 16
65 39 56 27 19 27 27 64 39 61 72 64 35 24 22 36 60 47 14 27 7 26 24 40 27 31 28 46 25 21 36 26 72 53 53 49 51 25 18 44 22 18 18 51 52 38 41 39 51 43 35 33 30 22 23 15 22 14 9 3 3 1 3 5 4 4 4 7 23 18 21 16 28 24 41 34 41 44 37 13 10 38 47 49 47 45 19 31 48 49 22 23 21 26 28 26
76 65 24 41 22 22 45 63 47 39 61 56 65 20 43 65 45 45 30 23 18 13 22 17 20 24 53 30 39 35 35 46 14 30 15 35 28 20 12 43 20 15 4 21 71 44 33 49 49 38 37 31 27 17 36 37 30 21 8 5 3 2 4 2 2 6 5 9 24 9 23 26 33 25 39 48 28 43 33 20 18 45 36 31 40 29 36 35 27 34 46 25 21 40 31 23
62 31 28 38 23 20 61 60 62 33 23 44 70 15 30 27 25 39 24 29 8 6 25 38 40 34 26 45 43 25 57 26 39 25 44 37 25 29 17 32 14 28 13 15 48 60 41 42 51 50 41 38 25 28 19 14 21 10 9 7 3 1 3 2 3 5 5 9 16 22 40 51 49 38 44 59 11 53 31 29 28 27 36 20 28 22 39 53 35 24 40 28 23 27 36 28
60 35 17 44 34 31 47 13 39 58 18 28 60 42 15 30 28 28 15 17 17 31 55 29 31 28 39 56 35 36 32 45 55 70 49 35 56 25 33 38 17 18 20 23 35 43 33 68 45 40 32 38 41 29 9 13 20 16 9 7 6 2 2 1 2 3 5 6 9 17 29 31 46 57 39 17 31 52 43 20 17 24 47 19 33 39 44 30 42 30 18 34 38 28 19 25
62 18 31 43 28 29 38 10 11 13 33 60 31 48 21 27 16 16 9 20 20 16 16 30 25 26 26 38 43 49 29 38 54 37 24 53 26 18 44 25 33 37 29 28 33 41 34 36 52 25 20 16 35 39 17 11 12 8 6 7 4 2 2 1 1 3 6 9 12 25 21 36 38 21 31 27 40 28 17 10 13 39 37 40 27 33 37 30 25 34 35 23 18 34 11 13
68 19 29 49 28 47 44 23 9 13 29 51 67 60 25 19 25 27 26 7 9 11 26 39 17 14 34 62 35 29 23 52 22 35 61 15 21 29 39 21 38 34 26 48 49 57 48 29 35 36 20 20 35 37 30 19 9 4 2 2 2 5 2 1 1 3 6 13 12 29 29 51 38 24 8 28 47 14 18 17 22 32 41 37 23 32 28 27 13 39 25 46 22 12 7 5
51 24 31 56 20 44 57 40 19 18 12 34 28 45 52 14 21 17 13 20 19 14 13 13 5 16 48 51 51 16 56 14 18 52 39 21 33 39 50 34 11 47 42 47 63 54 44 18 30 54 43 17 10 17 25 26 7 7 3 2 1 3 4 2 2 18 37 16 8 13 37 46 33 19 10 37 35 24 20 17 20 31 33 37 33 22 11 31 20 35 28 12 31 9 10 16
47 25 26 50 18 42 48 17 15 20 27 27 18 21 29 26 9 14 17 5 7 5 8 5 9 19 75 34 38 18 53 35 14 59 32 19 35 60 44 29 19 43 48 56 31 52 39 34 21 21 26 36 15 9 13 24 12 7 2 2 1 2 3 3 13 19 23 32 33 40 45 48 33 8 15 38 25 13 13 18 23 20 39 15 22 20 13 15 23 15 28 10 10 27 19 13
71 34 55 33 14 55 27 15 22 17 39 16 35 21 14 17 8 4 6 5 18 32 10 4 7 15 41 27 13 46 30 24 45 43 37 16 30 61 62 34 20 35 36 59 58 49 26 32 31 14 13 14 22 15 8 3 9 3 5 2 4 4 4 21 41 48 61 57 58 73 51 48 28 5 41 53 15 13 15 23 20 24 36 19 34 34 8 14 20 14 15 7 9 7 9 16
71 54 9 14 12 39 15 19 31 34 28 30 30 28 9 13 6 2 9 9 14 12 4 9 6 26 26 14 37 12 25 51 44 25 26 37 47 70 59 28 26 43 38 47 43 29 42 45 28 28 21 11 19 17 12 4 4 4 3 2 4 4 9 12 14 10 44 56 65 72 72 48 8 28 43 57 23 3 11 42 20 42 20 29 20 43 7 21 24 13 17 6 26 7 13 5
64 17 13 19 20 24 6 17 24 35 16 39 47 21 12 6 8 1 5 3 12 11 3 6 7 40 6 34 40 11 54 51 22 17 42 38 19 71 56 15 24 33 30 40 47 38 32 33 20 15 21 9 7 15 8 4 2 1 3 3 6 9 18 20 24 21 43 67 75 62 58 8 19 35 52 61 42 10 25 28 22 23 22 29 30 34 5 9 22 17 23 11 11 6 6 8
