sesion_6_simulaciones/modelos_agentes/ejemplos_netlogo/scenarios/echam4_a2/rob_2040.asc
NCOLS 322 
NROWS 307 
XLLCORNER 451900 
YLLCORNER 4086900 
CELLSIZE 100 
NODATA_value -9999 
[rows 222 to 295 of 307, columns 0 to 95 of 322]
14 20 32 50 44 28 42 32 6 20 22 25 48 20 18 11 10 4 5 7 17 27 31 37 28 24 19 35 52 29 18 45 59 28 54 45 27 28 38 63 33 33 48 62 55 76 52 60 64 83 83 56 42 40 36 19 25 40 24 28 30 18 11 28 15 18 7 9 5 3 2 2 1 0 0 0 0 0 0 0 0 0 0 0 0 0 0 1 1 1 0 0 1 2 5 2
34 39 28 20 23 31 33 43 26 12 14 29 31 15 8 9 10 20 25 24 27 40 25 64 44 41 33 33 35 45 28 40 30 36 63 18 22 30 37 63 62 49 44 68 28 18 32 19 22 65 73 56 53 34 25 26 14 16 26 26 20 30 12 13 21 8 6 7 6 3 1 1 1 0 0 0 0 0 0 0 0 0 0 0 0 0 0 1 2 2 1 1 3 3 0 0
36 53 63 75 54 48 42 44 28 35 43 58 26 17 17 24 22 40 20 22 63 17 33 39 40 30 22 56 43 36 36 41 33 53 36 25 35 45 39 61 56 57 55 85 80 68 56 56 49 26 33 45 29 25 17 16 15 20 18 17 15 18 9 26 25 10 6 3 3 1 1 1 0 0 0 0 0 0 0 0 0 0 0 0 0 1 0 2 5 5 2 3 4 3 1 0
39 56 51 60 64 67 35 26 18 51 55 39 24 17 21 25 9 4 3 39 20 32 60 42 30 44 33 41 34 24 33 31 52 15 16 44 32 56 37 61 57 67 72 53 56 73 59 70 70 46 25 26 17 23 11 11 12 19 12 11 14 6 5 4 6 4 2 2 1 1 1 0 0 0 0 0 0 0 0 0 0 0 0 0 0 2 2 3 10 8 8 8 2 1 1 1
11 22 28 20 34 77 53 9 34 43 56 24 37 33 7 5 3 2 16 51 16 41 56 61 42 39 27 11 31 21 34 58 46 22 36 40 59 67 47 53 73 80 75 47 59 64 66 35 66 77 31 22 9 12 12 17 10 8 8 5 4 2 3 1 1 2 3 1 1 0 0 0 0 0 0 0 0 0 0 0 0 0 0 0 0 2 6 9 14 19 8 2 2 1 0 0
39 24 29 31 34 32 15 19 19 29 47 52 54 13 3 3 17 28 47 65 31 34 50 74 59 27 41 18 23 37 15 35 67 30 23 25 48 50 80 87 56 49 36 71 46 51 71 51 38 16 29 33 28 22 19 18 16 8 6 4 3 1 2 1 1 2 1 0 0 0 0 0 0 0 0 0 0 0 0 0 0 0 1 1 1 2 7 27 15 1 1 0 1 1 0 0
37 29 25 46 32 32 35 32 21 45 42 35 27 11 19 43 48 53 56 71 29 43 46 65 15 15 40 12 31 42 15 15 37 37 23 44 36 26 66 80 67 43 61 43 83 59 37 40 36 30 22 40 36 29 29 20 7 8 3 2 1 0 0 0 1 1 1 0 0 0 0 0 0 0 0 0 0 0 0 0 0 1 1 1 2 4 6 28 8 2 1 1 1 1 0 1
11 21 46 27 24 26 43 41 37 40 34 52 34 37 36 55 47 28 62 58 29 35 31 31 14 46 17 5 31 32 14 23 21 32 61 74 56 41 25 43 53 33 26 20 40 78 58 37 32 30 22 21 21 28 31 24 9 5 1 1 0 0 0 1 1 1 0 0 0 0 0 0 0 0 0 0 0 0 0 0 1 1 2 1 5 9 12 14 4 2 2 3 1 1 0 0
42 33 31 34 42 36 56 36 46 38 26 41 28 53 35 52 51 40 41 66 13 24 22 17 28 7 17 20 18 30 9 23 13 26 26 53 45 67 36 15 37 56 45 47 60 28 36 25 18 19 14 12 22 19 14 12 12 5 4 1 1 1 0 1 1 0 0 0 0 0 0 0 0 0 0 0 0 0 0 1 2 1 3 2 3 17 42 13 5 6 7 4 1 1 0 0
19 41 41 49 29 29 37 67 23 39 27 21 35 39 28 51 49 35 28 40 21 17 16 29 18 13 15 13 11 16 9 16 47 36 26 17 57 34 41 34 15 26 69 75 78 49 22 13 26 28 24 9 13 16 11 10 7 2 2 3 1 1 0 1 0 0 0 0 0 0 0 0 0 0 0 0 0 1 1 2 4 4 4 2 2 10 29 8 4 12 8 2 1 1 0 0
15 18 36 44 32 37 32 51 27 26 26 27 23 37 25 32 59 19 17 25 10 14 3 15 11 13 7 5 11 10 13 22 29 57 36 37 23 29 38 15 27 22 20 35 35 24 20 14 25 15 22 12 10 8 6 12 4 2 1 1 1 0 0 0 0 0 0 0 0 0 0 0 0 0 0 0 1 2 3 6 9 16 7 4 3 5 12 11 12 8 2 1 0 0 1 1
9 8 34 21 22 52 41 28 40 26 42 36 27 43 32 22 29 12 16 14 14 5 4 3 8 9 4 6 12 9 8 14 12 13 11 22 13 16 18 11 23 36 61 34 32 15 16 6 9 8 12 8 7 8 9 4 3 1 0 0 0 1 0 1 0 0 0 0 0 0 0 0 0 0 0 0 1 4 4 12 24 21 12 14 5 8 32 32 15 6 3 1 1 1 1 0
11 6 6 18 18 34 51 47 58 21 28 42 10 24 12 21 43 7 11 13 14 15 2 5 10 4 2 15 24 34 33 8 23 19 35 37 37 40 30 38 51 54 57 62 58 53 45 20 20 31 17 8 6 4 3 2 1 0 0 1 1 2 2 1 0 0 0 0 0 0 0 0 0 0 1 0 1 4 7 15 16 32 23 27 19 45 25 23 9 9 7 5 3 2 1 1
2 3 11 15 19 22 22 33 18 31 37 21 4 6 5 5 27 4 3 5 2 6 4 6 3 4 3 8 23 17 58 66 55 49 69 51 53 37 38 41 51 59 56 74 44 26 20 5 12 21 28 14 6 3 3 2 2 2 3 2 1 1 1 1 0 0 0 0 0 0 0 0 1 1 1 1 1 3 9 18 38 29 34 32 52 32 31 23 8 7 15 9 5 2 1 2
1 5 2 3 4 15 20 20 16 16 13 22 4 12 3 11 4 2 3 2 2 1 2 2 5 6 19 18 26 15 24 52 79 59 72 89 87 72 71 62 28 67 73 65 76 59 54 29 21 22 16 11 12 4 3 7 6 3 2 1 1 2 1 0 0 0 0 0 0 0 0 0 2 2 2 1 2 1 4 8 38 54 50 21 18 64 26 28 20 22 8 8 5 3 2 2
1 2 1 3 4 11 9 21 26 17 6 2 5 1 3 6 2 32 2 8 31 18 9 4 3 2 4 8 9 17 19 21 26 73 60 82 87 81 81 72 67 36 76 77 78 54 58 33 22 19 8 6 3 3 1 1 1 2 1 1 1 0 0 0 0 0 0 0 0 0 0 1 1 3 4 2 2 4 5 7 29 53 41 16 48 47 31 46 44 20 15 11 8 4 6 4
1 1 3 7 14 3 9 19 17 13 7 3 2 1 2 1 1 0 13 11 14 31 24 7 4 2 7 9 9 19 17 25 31 26 19 55 87 61 80 50 60 57 55 66 63 54 29 14 33 26 15 11 10 7 4 2 1 1 1 1 1 0 0 0 0 0 0 0 0 0 0 1 2 5 12 5 3 5 11 20 43 60 31 30 48 16 7 13 18 7 6 10 5 5 3 1
0 1 2 0 2 4 5 6 6 4 4 2 1 0 1 1 1 1 1 7 6 2 37 22 5 1 6 17 15 23 21 16 29 35 21 25 58 72 68 64 64 53 57 43 48 54 47 20 8 22 16 12 10 9 7 2 1 0 1 0 0 0 0 0 0 0 0 0 0 0 1 1 2 3 10 13 5 6 10 37 48 75 29 35 58 20 18 13 7 4 3 6 5 3 1 0
0 0 0 1 0 1 2 2 5 5 3 1 1 0 1 1 2 3 6 13 4 3 3 23 23 4 11 35 30 29 39 30 36 47 38 29 26 61 46 49 27 33 21 32 30 26 7 27 13 10 13 7 6 6 6 4 3 2 1 1 1 0 0 0 0 0 0 0 0 1 1 2 2 3 4 19 30 13 29 33 68 61 55 72 24 24 25 17 19 18 7 7 5 2 1 0
0 0 0 0 0 1 1 2 1 3 1 1 1 1 1 1 2 7 9 5 2 2 4 38 17 12 14 12 5 14 22 25 37 38 39 44 24 21 23 18 29 18 8 9 13 20 15 17 7 6 8 5 5 3 3 2 2 1 1 1 0 0 0 0 0 0 0 0 1 1 1 2 4 3 6 8 47 11 18 54 70 52 59 64 53 42 27 48 36 7 7 4 2 1 0 0
0 0 0 0 0 0 0 1 1 1 2 1 0 0 2 2 2 5 10 10 5 4 3 8 10 8 10 29 8 34 44 30 27 37 35 47 43 25 16 9 9 14 17 15 22 19 11 5 6 8 5 4 3 3 2 2 1 1 0 0 0 0 0 0 0 0 0 1 1 1 3 1 1 5 23 20 48 29 36 61 72 68 48 56 35 19 19 34 21 13 4 2 1 1 0 0
0 0 0 0 0 0 0 1 0 0 0 1 7 10 20 10 4 1 2 4 8 8 4 18 32 23 21 22 21 25 40 42 42 45 40 51 49 63 43 17 18 11 10 9 9 7 8 4 3 4 3 4 4 3 1 1 1 0 0 0 0 0 0 0 0 0 1 1 1 2 3 3 2 7 20 17 42 64 43 63 66 67 64 59 36 42 26 24 19 11 5 3 1 1 0 0
0 0 0 0 0 0 0 0 0 0 0 1 0 0 3 27 5 2 2 2 8 5 8 12 5 14 31 54 53 51 41 50 53 59 57 50 52 58 64 57 26 16 16 17 16 8 4 5 7 4 7 5 2 1 2 1 1 1 0 0 0 0 0 0 0 1 1 2 4 5 4 5 3 8 39 19 11 55 85 60 66 69 58 47 35 19 5 14 17 9 3 1 1 1 1 1
0 0 0 0 0 0 0 0 0 2 5 3 1 1 3 1 2 1 3 4 5 15 9 9 22 20 8 18 27 59 64 62 69 75 63 47 63 72 73 59 31 26 22 25 24 22 10 17 8 3 1 1 2 2 0 1 1 0 0 0 0 0 0 0 1 1 2 4 7 9 8 11 7 13 36 48 16 48 67 58 56 37 24 13 16 23 9 9 9 4 3 2 2 2 1 1
0 0 0 0 0 0 0 0 0 1 0 0 1 5 3 2 3 4 2 6 14 7 8 16 12 29 16 5 6 49 37 71 85 67 66 66 51 58 67 65 50 55 39 22 29 32 14 13 8 4 3 3 1 2 1 1 1 1 1 0 0 0 0 0 1 1 2 6 8 16 12 24 10 12 32 54 51 36 68 41 28 17 26 17 13 6 4 6 11 8 3 2 3 2 2 1
0 0 0 0 0 0 0 0 0 1 0 0 1 1 1 1 4 10 3 8 5 8 11 12 11 26 25 14 12 9 14 12 54 57 53 49 38 57 48 32 27 18 14 11 17 29 12 9 6 5 3 2 1 1 0 1 1 1 0 0 0 0 0 0 1 2 4 6 6 12 35 21 27 11 16 49 49 74 44 29 34 21 19 17 21 7 10 10 7 3 3 5 5 2 2 0
0 0 0 0 0 0 1 0 0 0 1 7 1 1 0 3 3 8 8 3 2 5 4 8 13 12 23 21 36 39 20 34 37 26 13 26 33 40 25 29 14 13 6 9 10 9 8 10 4 3 2 2 2 2 0 1 1 1 1 0 0 0 0 1 1 2 2 2 3 4 15 39 54 14 10 37 29 65 30 42 24 22 13 19 18 14 14 4 7 6 6 8 3 2 1 0
0 0 0 0 0 0 0 0 0 0 1 6 1 1 3 4 13 7 7 3 3 5 6 12 17 23 45 42 22 17 14 17 37 42 31 24 41 46 39 32 32 24 37 25 13 10 10 10 8 4 1 2 1 1 1 1 1 0 0 0 0 0 0 0 1 2 3 7 5 3 8 14 33 43 25 26 63 50 42 31 16 28 23 16 8 14 16 11 13 14 6 5 2 1 1 1
0 0 0 0 0 0 0 0 0 0 1 0 1 2 3 5 11 3 9 3 6 6 7 11 55 64 56 26 47 56 50 29 49 46 40 36 45 58 46 40 47 34 21 19 15 13 20 19 9 5 5 3 4 4 2 1 1 1 0 0 0 0 0 0 1 2 6 11 13 7 5 7 21 44 57 32 71 50 50 52 43 23 29 33 25 20 27 18 12 14 12 4 3 2 1 1
0 0 0 0 0 0 0 0 0 1 1 2 2 2 5 5 19 8 2 9 7 15 13 24 45 69 70 44 24 34 39 35 23 27 36 29 31 40 35 59 64 36 36 31 40 30 23 22 12 7 8 8 4 2 2 1 1 0 0 0 0 0 0 1 2 5 15 13 9 8 9 15 20 21 17 67 70 51 41 41 29 33 49 39 37 41 33 37 20 14 6 3 2 2 1 1
0 0 0 0 0 0 0 0 1 6 14 2 1 3 6 3 4 3 2 5 10 13 20 55 38 23 50 47 38 54 60 47 25 16 21 21 35 44 54 51 37 36 64 53 54 40 22 11 8 5 2 4 4 2 1 1 1 0 0 0 0 0 0 2 4 7 12 14 15 23 22 18 47 53 42 49 67 57 33 39 40 50 45 27 35 34 29 16 22 6 3 3 4 2 1 1
0 0 0 0 0 0 1 4 13 9 25 20 4 3 9 8 5 1 2 3 3 4 8 34 9 18 36 60 63 69 84 43 60 41 24 15 28 70 55 55 61 15 19 7 9 20 10 14 6 6 4 4 4 3 1 1 1 1 0 0 0 0 1 2 6 16 14 13 11 42 61 21 54 73 76 58 47 47 43 27 36 34 37 50 38 30 17 15 15 10 7 7 4 3 1 0
0 0 0 0 0 0 0 1 1 3 1 1 4 5 6 6 6 3 4 3 5 4 15 24 5 4 6 35 42 30 46 79 52 64 61 55 51 51 43 45 54 49 37 40 35 18 17 21 12 10 7 3 2 2 1 1 1 1 1 0 0 1 3 5 9 13 15 16 14 13 41 68 39 64 74 71 58 39 54 43 56 57 37 26 33 30 17 11 12 19 13 9 3 1 1 0
0 0 0 0 0 0 0 1 2 3 2 4 4 4 7 6 11 4 2 8 11 9 15 37 10 2 12 6 18 30 12 23 59 50 63 63 40 15 14 15 32 34 29 35 43 44 24 10 16 11 6 7 5 2 1 2 1 1 1 0 0 2 4 9 18 24 16 14 37 34 25 23 66 74 60 73 54 53 73 69 26 24 25 30 27 17 25 16 17 7 6 2 1 1 0 0
0 0 0 0 0 0 0 0 1 1 2 3 1 4 4 3 6 1 2 3 3 20 21 40 23 9 12 17 26 20 22 9 7 17 20 18 18 17 16 11 8 13 12 16 34 30 15 26 20 15 10 8 6 4 3 3 2 1 1 0 1 2 4 14 23 26 18 27 31 57 42 42 28 31 51 55 71 66 44 47 40 52 44 48 35 26 33 27 10 4 3 2 1 0 1 1
0 0 0 0 0 0 0 0 0 1 1 2 2 3 3 9 7 1 2 2 6 22 33 32 13 2 13 28 21 34 37 14 40 47 50 43 40 35 33 16 12 13 42 49 44 24 28 22 21 18 14 8 6 5 4 3 2 1 0 0 0 2 10 20 19 36 25 34 37 31 77 58 47 36 22 62 48 69 58 55 58 70 65 52 40 46 28 20 7 4 3 2 1 1 1 1
0 0 0 0 0 0 0 0 0 1 1 2 12 15 14 29 14 4 2 2 14 22 33 25 12 27 6 27 28 40 23 46 43 30 35 38 31 30 15 25 49 58 32 32 21 29 23 19 25 16 17 13 8 5 4 3 2 1 1 0 0 1 5 22 51 41 27 43 35 32 33 52 65 22 16 29 71 81 77 67 64 61 60 62 52 31 28 15 21 7 3 2 1 1 1 4
0 0 0 0 0 0 0 0 0 2 4 2 12 19 24 5 2 1 1 7 13 16 28 36 39 15 20 21 19 19 27 67 32 32 38 41 40 26 37 39 63 53 50 46 44 40 35 28 33 24 20 12 10 6 5 2 1 1 1 0 1 1 6 16 40 36 51 58 47 65 63 65 64 33 34 50 67 64 67 59 58 54 51 53 39 29 26 26 24 15 4 3 2 3 2 7
0 0 0 0 0 0 0 0 0 3 3 5 7 53 8 4 6 4 2 8 10 14 19 9 10 8 38 10 24 20 45 30 43 53 41 42 41 44 53 47 37 52 55 59 54 52 39 46 35 16 11 9 8 8 7 3 2 1 1 0 1 2 6 14 31 30 29 49 70 59 75 65 68 36 59 58 66 67 49 48 53 52 37 29 28 26 23 19 13 13 8 6 2 5 8 8
0 0 0 0 0 0 0 0 1 2 3 5 1 9 3 1 4 5 10 7 10 21 21 9 7 21 12 19 31 55 58 52 47 49 38 42 55 54 59 53 57 70 69 50 44 55 52 44 25 20 15 12 8 6 4 5 4 2 1 0 1 3 8 14 22 34 27 36 62 81 74 69 61 83 68 48 38 42 53 53 48 49 47 39 27 32 16 26 12 8 9 6 3 7 9 7
0 0 0 0 0 0 0 0 2 1 3 2 1 0 0 1 4 4 3 7 12 9 9 24 23 8 11 36 59 21 20 20 42 39 47 55 57 56 54 54 57 68 53 54 64 56 54 50 26 23 16 12 8 4 4 5 2 2 1 1 1 2 13 20 34 32 32 33 35 39 54 58 61 70 19 44 45 43 38 40 39 38 33 47 39 34 25 22 12 11 9 4 4 10 9 16
0 0 0 0 0 0 0 0 1 2 3 2 2 4 3 2 1 1 1 10 16 9 43 42 11 15 23 36 20 23 25 29 37 32 46 53 57 56 47 74 60 50 50 60 29 47 58 54 46 36 10 10 7 9 8 4 3 3 2 1 0 2 5 16 26 35 67 48 52 52 48 32 46 64 48 56 57 43 43 41 48 42 45 44 36 14 13 9 11 19 10 3 7 20 23 23
0 0 0 0 0 0 0 1 1 5 4 1 1 3 4 4 2 1 2 10 9 34 24 10 13 35 20 20 20 25 30 30 22 34 40 60 43 42 63 56 48 68 72 40 57 55 52 51 34 17 13 17 14 12 10 8 6 4 2 1 0 2 7 14 22 46 67 82 52 61 51 33 36 71 77 42 49 56 58 40 37 40 50 39 23 9 21 17 12 7 4 2 11 22 24 25
0 0 0 0 0 0 2 1 4 8 0 1 1 0 0 1 2 1 4 11 9 11 4 10 29 7 6 16 20 25 43 32 24 37 46 50 49 63 68 67 48 43 47 56 52 54 37 37 30 25 21 27 22 9 8 8 7 3 3 1 1 3 5 15 28 40 63 75 70 69 54 55 60 73 48 43 40 42 49 54 39 70 51 27 28 33 23 13 6 3 2 5 15 24 25 30
0 0 0 0 1 0 0 1 3 1 0 1 1 2 2 2 6 3 11 4 4 3 2 11 9 12 16 27 34 30 27 19 24 30 53 38 73 69 69 42 30 31 40 56 62 53 49 44 41 36 29 25 14 9 7 6 5 4 3 3 1 4 9 22 41 47 44 47 69 80 72 35 43 73 43 48 69 66 64 69 62 46 39 38 37 35 13 11 6 4 5 14 21 26 21 32
0 0 0 0 0 0 0 0 1 1 0 1 1 2 3 3 2 5 7 16 12 9 1 9 13 23 25 38 21 14 23 25 34 35 69 36 21 16 16 33 38 55 67 69 67 58 50 49 29 39 24 19 20 9 10 5 5 5 4 3 2 9 16 22 47 50 45 29 49 71 72 49 58 69 45 29 50 74 73 70 68 38 43 43 35 30 13 9 15 6 15 19 12 32 34 37
0 0 0 0 0 0 0 0 1 2 0 1 1 0 1 1 2 13 6 4 6 9 9 7 23 17 19 24 16 19 39 33 25 71 24 17 44 48 50 47 64 70 63 68 69 68 60 51 35 32 28 25 21 19 13 11 9 5 5 2 6 12 28 58 56 53 42 50 57 61 73 46 45 61 72 53 55 56 70 72 58 60 41 44 37 25 13 4 6 15 17 10 19 25 52 39
0 0 0 0 0 0 0 1 1 1 4 1 1 0 1 1 2 3 5 9 6 11 4 8 19 21 16 20 24 23 25 30 40 29 8 30 35 44 55 83 63 60 70 71 70 68 51 43 33 26 28 26 23 14 15 8 12 10 6 6 8 24 22 47 53 50 46 57 60 53 78 72 53 69 68 54 61 62 59 56 61 47 36 34 33 18 8 2 6 22 11 20 28 32 55 37
0 0 0 0 0 0 0 0 0 2 1 0 0 1 1 1 6 2 2 11 26 9 3 5 29 16 28 21 19 16 44 75 45 7 17 44 33 65 71 65 63 73 72 55 59 58 53 49 32 36 32 30 25 22 20 17 15 12 8 8 10 13 21 29 53 71 57 74 75 63 55 56 57 63 73 73 57 53 43 44 46 40 33 35 25 13 5 4 17 21 25 42 50 40 47 36
0 0 0 0 0 0 1 1 1 0 1 1 1 1 0 8 3 4 4 11 9 3 9 14 3 19 19 11 42 28 54 38 9 16 50 22 46 39 53 76 78 61 49 79 71 48 53 53 48 41 36 34 27 24 22 20 16 10 11 12 14 28 21 24 28 54 75 77 74 73 80 79 55 67 55 50 34 41 54 58 42 43 29 33 25 6 4 17 15 25 39 49 45 30 45 46
0 0 0 0 0 0 0 0 0 0 1 1 0 0 0 5 2 1 1 2 2 5 14 5 3 9 7 10 47 43 37 7 13 25 41 68 40 48 67 70 69 59 66 37 50 44 56 67 50 46 41 37 34 29 28 25 13 8 16 27 21 34 34 36 38 52 59 82 64 61 43 68 52 36 36 49 59 48 43 42 40 24 36 24 9 5 12 16 28 26 32 42 57 46 49 46
0 0 0 0 0 0 0 0 0 0 1 0 0 1 2 9 2 2 2 2 13 3 7 2 8 15 9 30 52 25 13 9 15 20 59 61 61 49 54 58 58 64 51 40 46 76 62 56 52 63 48 40 37 33 31 26 14 11 25 32 50 57 44 48 40 52 66 67 77 59 49 41 50 57 49 65 51 51 44 44 31 33 17 9 7 12 23 31 28 45 44 34 35 45 41 34
0 0 0 0 0 0 0 0 0 0 0 1 0 1 5 2 2 1 5 7 4 6 3 7 25 6 9 37 26 19 18 16 33 40 63 48 53 53 48 33 35 57 68 60 67 57 61 62 68 54 49 58 24 35 31 19 10 26 37 39 65 65 49 62 48 36 44 76 76 35 71 48 46 57 59 57 53 54 51 37 30 30 12 15 13 24 29 37 33 36 46 35 35 46 51 41
0 0 0 0 0 0 0 0 0 0 0 0 0 3 0 1 3 2 4 8 3 2 4 5 9 7 9 25 12 9 19 15 40 48 50 51 34 45 40 45 53 58 60 75 59 59 58 74 57 55 66 51 44 40 24 21 12 26 54 54 58 70 56 66 66 48 49 55 80 34 39 71 71 54 53 54 63 51 57 53 34 25 9 9 14 28 38 45 53 51 49 48 37 42 60 50
0 0 0 0 0 0 1 0 0 0 1 0 2 1 1 2 2 1 0 3 2 4 7 7 7 13 14 2 7 13 27 30 43 54 15 12 42 35 44 39 43 55 63 72 71 58 76 52 71 72 51 49 48 44 27 23 14 26 54 63 58 70 50 54 70 45 65 41 67 38 40 69 43 61 59 56 52 51 68 43 37 11 8 15 28 32 42 49 38 28 37 60 31 34 51 69
0 0 0 0 0 0 0 0 0 0 0 0 1 0 0 1 1 1 0 1 1 3 7 6 5 11 4 4 9 8 21 6 28 19 10 26 19 21 29 53 58 61 66 70 61 46 65 72 67 59 60 51 50 46 42 28 27 31 60 75 73 69 62 50 67 64 33 38 77 36 58 54 53 56 51 44 53 32 30 32 13 9 15 31 32 40 50 51 31 35 48 29 20 23 36 67
0 0 0 0 0 0 0 0 0 0 0 1 1 1 1 3 2 0 0 0 0 4 3 2 4 6 5 20 19 16 37 31 34 19 10 10 24 23 28 26 33 59 45 53 65 36 31 32 50 53 62 55 51 49 31 19 35 48 61 66 84 75 53 53 58 63 57 22 58 12 19 33 44 54 56 59 59 57 46 41 17 10 19 32 34 60 64 54 41 39 45 46 39 23 34 53
0 0 1 0 0 0 0 0 0 0 0 1 3 1 2 2 4 1 2 1 5 5 3 5 8 6 6 1 1 8 26 7 12 6 10 20 11 17 18 20 51 48 37 55 33 39 42 55 56 68 56 60 56 38 33 21 36 51 62 67 74 55 56 64 66 41 37 40 53 24 29 27 25 19 37 48 44 48 30 26 12 19 33 35 40 64 57 27 41 53 35 52 28 30 37 57
0 0 0 0 0 0 0 0 0 0 0 2 3 3 2 4 4 1 2 5 5 2 2 6 6 4 1 3 3 10 10 6 4 16 21 17 24 21 24 40 32 43 59 35 41 42 59 56 67 54 55 56 56 38 17 36 43 73 65 67 66 69 54 72 67 47 34 49 38 23 41 53 53 57 60 55 45 21 17 9 15 34 34 37 42 68 66 25 27 51 36 55 32 33 39 71
0 0 0 0 0 1 0 1 0 0 2 1 2 2 0 1 0 0 1 6 5 2 6 2 7 9 1 2 3 18 5 4 6 17 35 16 19 25 36 16 50 44 32 47 41 57 59 70 70 60 69 54 41 40 27 42 47 66 77 59 64 70 52 41 61 62 32 36 43 51 58 41 44 45 36 44 36 23 9 26 23 36 42 56 49 65 69 38 37 41 23 59 34 37 39 54
1 2 1 6 5 3 2 1 2 1 2 1 1 1 2 1 1 1 3 4 3 2 5 1 2 2 1 4 4 11 5 7 40 19 12 10 17 22 23 43 62 50 58 35 48 68 70 57 57 74 63 46 42 41 27 55 69 60 64 73 60 68 72 40 73 68 30 34 43 51 38 40 56 44 46 28 34 30 19 39 41 38 45 58 46 50 57 51 55 37 36 62 34 37 32 48
2 4 5 1 4 14 3 1 0 1 0 0 1 1 1 1 0 5 6 3 1 4 2 2 4 9 1 1 3 9 10 36 9 5 12 16 8 6 29 36 41 27 65 52 58 71 42 54 69 62 50 47 42 41 40 57 67 67 63 72 57 59 65 59 52 57 35 15 30 60 42 51 51 55 44 45 46 42 31 39 42 53 49 56 44 38 52 49 47 44 41 60 36 28 40 45
0 1 2 0 0 1 3 3 0 0 0 0 1 2 1 1 2 2 1 2 1 1 5 1 8 9 2 2 9 15 24 36 12 15 19 3 4 7 13 31 28 41 59 61 58 57 58 57 59 58 48 46 41 43 48 48 62 75 65 56 73 47 55 59 40 24 12 9 8 27 42 59 56 48 41 40 33 15 27 38 40 55 50 55 40 55 67 68 52 47 37 46 52 16 40 49
0 0 0 1 0 0 0 0 0 0 1 0 0 0 1 1 1 3 0 1 0 1 1 1 9 3 1 2 3 7 4 6 13 11 9 13 7 3 39 15 25 19 52 39 64 48 52 40 60 60 42 43 38 38 46 64 63 74 71 67 58 61 44 43 11 11 25 41 31 38 40 46 46 33 31 27 13 25 41 39 42 56 58 40 51 51 61 64 51 47 35 45 52 21 26 57
0 0 1 0 0 0 0 0 0 0 0 0 0 1 0 0 1 0 1 1 1 6 6 4 9 3 1 1 2 2 2 16 14 9 16 12 18 5 28 22 4 22 53 49 57 51 52 63 56 52 49 41 40 62 61 53 66 60 65 41 55 50 26 24 20 17 28 48 37 27 54 55 64 59 48 16 23 26 40 52 59 44 55 41 54 65 64 59 46 47 37 36 52 45 21 37
0 1 0 0 1 0 0 0 0 0 0 0 0 0 0 1 1 4 1 2 9 2 5 6 11 6 1 2 2 6 11 7 9 25 9 16 17 9 58 27 9 34 15 51 47 39 58 36 52 47 41 43 37 60 70 57 58 52 60 63 33 36 34 21 19 13 19 22 27 23 48 55 62 70 35 20 27 39 36 59 59 53 51 55 37 61 65 62 52 54 22 41 42 37 29 22
0 0 0 0 0 0 0 1 0 0 0 0 1 0 0 1 0 2 0 1 2 10 3 9 4 1 0 0 0 6 11 4 6 11 17 29 11 14 40 35 20 37 14 52 38 31 40 31 47 45 52 37 35 51 57 83 40 43 39 28 39 17 18 16 10 13 24 22 30 28 52 54 35 50 25 20 42 43 39 43 57 52 50 48 52 62 60 73 59 41 29 45 49 24 29 19
0 0 0 0 0 0 0 0 0 0 0 0 0 0 1 1 1 1 1 0 0 0 1 1 1 1 1 0 2 2 8 9 13 10 13 17 9 8 14 50 24 32 29 41 13 42 30 45 50 33 47 36 41 35 58 62 60 45 30 13 23 12 8 19 12 13 25 22 38 34 43 46 37 25 26 41 41 40 41 36 42 55 63 54 49 62 68 64 67 35 25 59 37 40 28 14
0 0 0 0 0 0 0 0 0 0 0 0 0 0 1 0 0 0 2 1 1 1 2 2 3 5 3 1 0 1 3 7 11 11 13 11 12 9 4 30 54 46 28 17 15 22 23 41 33 15 40 32 34 31 42 65 50 44 21 8 12 2 3 4 6 8 17 35 40 48 55 37 23 20 45 41 45 60 55 43 34 49 49 56 59 77 47 73 48 32 27 60 39 53 19 16
0 0 0 0 1 0 0 0 0 0 0 0 0 0 0 0 0 0 0 0 0 1 1 4 8 1 1 1 1 0 1 2 2 11 7 3 13 7 8 18 59 48 18 11 15 22 45 18 31 13 23 34 29 49 46 38 34 26 27 8 10 5 7 3 10 23 25 29 37 31 39 37 13 23 35 38 55 47 42 28 37 19 49 58 57 43 65 56 57 41 27 50 34 46 35 13
0 0 0 0 0 0 0 0 0 0 0 0 0 1 1 1 1 0 1 0 2 1 2 1 1 2 4 2 1 1 3 4 1 4 4 4 14 1 1 16 24 40 22 16 10 58 29 17 14 25 38 37 24 40 58 32 52 14 20 16 8 8 9 4 10 10 14 21 41 46 24 18 22 35 32 37 31 36 28 10 27 30 45 44 49 57 58 51 20 39 15 40 58 24 11 20
0 0 0 0 0 0 0 0 0 0 0 0 0 1 1 1 0 0 1 0 0 0 0 1 3 12 2 1 1 1 5 3 4 6 5 6 7 3 5 9 23 23 28 21 17 67 24 27 17 21 31 25 32 55 64 32 43 15 10 10 8 2 2 14 15 16 22 25 48 22 18 21 35 31 30 35 43 45 34 25 31 41 50 58 56 50 46 62 16 33 22 21 53 10 9 15
0 0 0 0 0 0 0 1 0 0 0 1 0 0 0 1 0 0 0 1 0 0 2 4 6 1 1 3 1 1 2 6 6 11 9 12 10 7 6 11 21 31 25 23 17 24 25 37 25 11 13 31 45 43 44 34 25 12 6 9 6 2 4 6 15 25 28 30 28 30 33 32 29 35 45 19 24 45 33 24 35 34 33 57 42 36 19 33 27 26 46 19 35 13 13 16
0 0 0 0 0 0 0 0 0 1 1 1 0 0 0 0 0 0 0 0 0 1 6 3 2 3 5 10 4 4 1 7 7 18 8 17 6 14 13 9 12 9 21 31 7 24 28 38 25 20 26 39 32 28 29 13 13 13 6 4 1 4 4 5 7 18 16 38 51 32 32 29 26 45 32 15 19 46 42 27 27 33 27 29 44 38 10 15 25 44 23 23 14 10 17 26
