sesion_6_simulaciones/modelos_agentes/ejemplos_netlogo/scenarios/echam4_a2/rob_2079.asc
NCOLS 322 
NROWS 307 
XLLCORNER 451900 
YLLCORNER 4086900 
CELLSIZE 100 
NODATA_value -9999 
[rows 148 to 221 of 307, columns 192 to 287 of 322]
4 13 10 22 36 44 54 58 70 42 63 39 9 4 2 1 0 0 0 0 0 0 0 0 0 0 0 0 0 0 0 0 0 0 0 0 0 0 0 0 0 0 1 1 1 2 2 6 3 9 6 5 4 5 5 3 2 3 10 13 50 52 36 64 61 64 69 46 42 81 53 69 52 23 27 77 40 54 59 43 27 21 7 2 1 0 0 0 0 0 0 0 0 0 0 0
1 3 9 25 20 30 37 58 55 63 37 14 11 5 1 0 0 0 0 0 0 0 0 0 0 0 0 0 0 0 0 0 0 0 0 0 0 0 0 0 0 0 0 1 1 2 1 3 5 5 4 2 2 3 1 0 1 4 7 22 17 29 67 69 39 61 78 77 57 69 80 77 74 36 37 70 41 55 35 19 24 9 6 2 1 1 0 0 0 0 0 0 0 0 0 0
1 0 3 9 12 15 31 41 38 56 21 12 7 2 1 0 0 0 0 0 0 0 0 0 0 0 0 0 0 0 0 0 0 0 0 0 0 0 0 0 0 1 4 2 4 2 0 0 2 2 2 1 1 1 0 0 2 4 7 12 10 19 51 47 38 58 41 46 75 84 80 69 61 47 39 63 53 20 10 9 3 2 2 1 1 1 0 0 0 0 0 0 0 0 0 0
1 0 0 1 1 8 11 9 28 45 17 16 14 2 0 0 0 0 0 0 0 0 0 0 0 0 0 0 0 0 0 0 0 0 0 0 0 0 0 0 0 2 1 1 1 1 0 0 0 1 1 1 0 0 0 1 3 4 6 5 11 29 25 38 49 43 26 47 50 36 56 72 60 48 76 55 43 20 18 10 2 1 2 1 0 1 0 0 0 0 0 0 0 0 0 0
3 0 0 0 1 1 2 5 26 26 44 21 13 3 0 0 0 0 0 0 0 0 0 0 0 0 0 0 0 0 0 0 0 0 0 0 0 0 0 1 1 1 1 1 0 0 0 0 0 0 0 0 0 0 0 1 1 2 3 7 15 14 11 10 31 17 28 36 27 35 34 59 60 61 57 58 37 33 24 9 8 6 9 2 1 1 1 0 0 0 0 0 0 0 0 0
2 0 0 0 1 0 0 3 10 6 34 28 12 3 0 0 0 0 0 0 0 0 0 0 0 0 0 0 0 0 0 0 0 0 0 0 0 0 0 1 1 0 0 1 1 0 0 0 0 0 0 0 0 0 0 0 1 1 2 5 17 8 9 6 8 17 20 16 35 40 44 39 45 57 41 34 39 47 47 37 28 11 6 7 2 2 1 0 0 0 0 0 0 0 0 0
1 0 0 0 0 0 0 2 1 2 13 11 4 1 0 0 0 0 0 0 0 0 0 0 0 0 0 0 0 0 0 0 0 0 0 0 1 1 1 0 0 0 0 0 0 0 0 0 0 0 0 0 0 0 0 0 1 1 2 2 2 3 4 5 4 11 20 15 9 18 30 29 39 55 46 43 18 13 19 19 21 9 6 3 2 1 0 1 0 0 0 0 0 0 0 0
1 0 0 0 0 0 0 1 1 2 4 5 1 0 0 0 0 0 0 0 0 0 0 0 0 0 0 0 0 0 0 0 0 0 0 0 1 0 0 0 0 0 0 0 0 0 0 0 0 0 0 0 0 0 0 1 1 1 3 1 1 1 2 3 4 4 6 7 19 26 29 43 45 60 30 34 39 14 9 4 3 2 1 1 1 1 1 1 0 0 0 0 0 0 0 0
0 0 0 0 0 0 0 0 0 1 1 1 0 0 0 0 0 0 0 0 0 0 0 0 0 0 0 0 0 0 0 0 0 0 0 0 0 0 0 0 0 0 0 0 0 0 0 0 0 0 0 0 0 0 0 0 0 1 1 0 0 1 4 14 12 9 15 34 48 45 55 40 68 66 58 70 52 26 18 14 14 4 1 1 0 1 1 0 0 0 0 0 0 0 0 0
0 0 0 0 0 0 0 0 0 0 0 0 0 0 0 0 0 0 0 0 0 0 0 0 0 0 0 0 0 0 0 0 0 0 0 0 0 0 0 0 0 0 0 0 0 0 0 0 0 0 0 0 0 0 0 0 0 0 0 0 0 2 6 15 13 23 14 35 46 55 36 25 35 37 71 42 22 22 38 38 18 7 4 2 2 2 1 0 0 0 0 0 0 0 0 0
0 0 0 0 0 0 0 0 0 0 0 0 0 0 0 0 0 0 0 0 0 0 0 0 0 0 0 0 0 0 0 0 0 0 0 0 0 0 0 0 0 0 0 0 0 0 0 0 0 0 0 0 0 0 0 0 0 0 0 1 1 5 6 7 12 23 27 30 28 35 73 45 42 47 60 44 66 52 39 39 23 13 6 2 1 1 1 0 0 0 0 0 0 0 0 0
0 0 0 0 0 0 0 0 0 0 0 0 0 0 0 0 0 0 0 0 0 0 0 0 0 0 0 0 0 0 0 0 0 0 0 0 0 0 0 0 0 0 0 0 0 0 0 0 0 0 0 0 0 0 0 0 0 0 1 1 3 5 5 11 20 30 16 42 39 50 43 27 57 61 76 70 42 20 11 8 4 3 1 0 1 0 0 1 0 0 0 0 0 0 0 0
0 0 0 0 0 0 0 0 0 0 0 0 0 0 0 0 0 0 0 0 0 0 0 0 0 0 0 0 0 0 0 0 0 0 0 0 0 0 0 0 0 0 0 0 0 0 0 0 0 0 0 0 0 1 0 0 0 0 1 5 8 6 10 23 23 16 20 19 17 30 40 29 29 30 62 58 56 50 13 8 6 2 0 1 0 1 1 0 1 1 0 0 0 0 0 0
0 0 0 0 0 0 0 0 0 0 0 0 0 0 0 0 0 0 0 0 0 0 0 0 0 0 0 0 0 0 0 0 0 0 0 0 0 0 0 0 0 0 0 0 0 0 0 0 0 1 1 1 1 1 0 1 1 1 1 5 12 12 13 9 20 19 28 62 61 36 58 55 38 45 66 71 42 36 26 12 10 3 3 1 1 2 1 0 1 1 1 0 0 0 0 0
0 0 0 0 0 0 0 0 0 0 0 0 0 0 0 0 0 0 0 0 0 0 0 0 0 0 0 0 0 0 0 0 0 0 0 0 0 0 0 0 0 0 0 0 0 0 0 0 0 0 0 1 1 1 1 1 1 1 3 6 7 11 16 15 11 17 23 38 43 41 55 62 37 52 75 74 44 34 25 13 7 3 3 1 2 3 1 1 2 2 1 0 0 0 0 0
0 0 0 0 0 0 0 0 0 0 0 0 0 0 0 0 0 0 0 0 0 0 0 0 0 0 0 0 0 0 0 0 0 0 0 0 0 0 0 1 0 0 0 0 0 1 1 1 0 0 0 0 2 2 2 1 3 2 2 7 11 15 21 31 23 8 7 14 20 46 41 39 34 35 61 72 46 58 37 13 5 3 5 4 6 3 3 3 3 2 1 0 0 0 0 0
0 0 0 0 0 0 0 0 0 0 0 0 0 0 0 0 0 0 0 0 0 0 0 0 0 0 0 0 0 0 0 0 0 0 0 0 0 0 0 1 1 0 0 0 0 2 1 1 1 0 0 0 1 1 2 4 5 5 4 7 10 13 12 22 27 37 24 19 17 28 35 35 28 33 47 71 45 44 29 9 9 4 11 6 12 9 10 8 3 1 0 0 0 0 0 0
0 0 0 0 0 0 0 0 0 0 0 0 0 0 0 0 0 0 0 0 0 0 0 0 0 0 0 0 0 0 0 0 0 0 0 0 0 0 1 1 1 0 0 0 1 1 1 1 1 1 0 0 0 0 1 1 6 29 9 10 13 12 16 18 26 43 44 32 24 40 36 31 48 65 62 69 59 47 35 15 12 13 21 11 18 8 2 1 1 0 0 0 0 0 0 0
0 0 0 0 0 0 0 0 0 0 0 0 0 0 0 0 0 0 0 0 0 0 0 0 0 0 0 0 0 0 0 0 0 0 0 0 0 0 0 1 0 0 1 0 0 2 2 2 1 2 1 1 0 1 1 3 5 7 9 21 38 26 16 19 26 46 60 46 35 40 37 37 56 50 67 66 45 44 39 32 18 23 19 35 24 9 2 1 1 1 1 0 0 0 0 0
0 0 0 0 0 0 0 0 0 0 0 0 0 0 0 0 0 0 0 0 0 0 0 0 0 0 0 0 0 0 0 0 0 0 0 0 0 0 0 0 0 0 1 2 1 1 1 3 2 4 3 2 1 1 1 3 5 8 5 9 11 14 24 53 30 28 32 44 31 46 28 23 19 32 55 73 54 52 39 34 38 57 26 32 38 18 3 1 2 1 0 0 0 0 0 0
0 0 0 0 0 0 0 0 0 0 0 0 0 0 0 0 0 0 0 0 0 0 0 0 0 0 0 0 0 0 0 0 0 0 0 0 0 0 0 0 0 0 2 1 0 1 2 0 1 6 14 8 4 3 2 6 3 2 2 9 17 11 26 15 46 32 17 15 21 15 51 64 52 53 44 64 30 32 36 53 72 41 54 27 10 7 3 0 1 1 0 0 0 0 0 0
0 0 0 0 0 0 0 0 0 0 0 0 0 0 0 0 0 0 0 0 0 0 0 0 0 0 0 0 0 0 0 0 0 0 0 0 0 0 0 0 0 0 0 1 1 1 3 3 1 2 4 9 9 5 4 2 4 7 5 9 10 20 28 41 41 67 37 23 32 29 42 53 47 66 44 75 26 60 72 70 67 69 50 33 21 7 4 1 0 0 0 0 0 0 0 0
0 0 0 0 0 0 0 0 0 0 0 0 0 0 0 0 0 0 0 0 0 0 0 0 0 0 0 0 0 0 0 0 0 0 0 0 0 0 0 0 1 1 1 1 3 2 1 3 12 3 6 7 18 9 9 3 4 6 18 9 11 15 23 22 31 42 61 47 24 32 45 70 41 44 71 68 72 68 63 76 76 66 33 9 6 5 2 1 0 0 0 0 0 0 0 0
0 0 0 0 0 0 0 0 0 0 0 0 0 0 0 0 0 0 0 0 0 0 0 0 0 0 0 0 0 0 0 1 0 0 0 0 0 0 0 0 1 1 2 2 1 6 7 2 8 10 9 13 16 14 11 7 8 12 13 12 14 14 14 15 20 27 38 62 40 31 34 62 31 33 44 61 67 80 78 77 45 33 21 11 7 2 1 0 0 0 0 0 0 0 0 0
0 0 0 0 0 0 0 0 0 0 0 0 0 0 0 0 0 0 0 0 0 0 0 0 0 0 0 0 0 0 0 1 0 0 0 0 0 1 1 0 1 3 1 2 8 9 6 9 7 28 30 15 10 52 19 18 18 14 13 23 16 19 17 19 19 42 51 48 59 69 47 21 50 35 63 67 48 70 74 77 51 28 21 9 6 4 5 3 1 1 0 0 0 0 0 0
0 0 0 0 0 0 0 0 0 0 0 0 0 0 0 0 0 0 0 0 0 0 0 0 0 0 0 0 0 0 0 0 1 0 0 0 0 1 1 0 1 2 3 2 11 8 24 13 23 29 35 31 27 44 26 19 19 19 18 30 18 13 17 26 29 39 38 55 46 22 58 50 45 52 49 43 38 44 38 62 72 44 33 28 22 12 5 3 2 1 0 0 0 0 0 0
0 0 0 0 0 0 0 0 0 0 0 0 0 0 0 0 0 0 0 0 0 0 0 0 0 0 0 0 0 0 0 0 0 0 1 0 0 0 1 1 1 2 3 3 11 15 27 27 36 26 52 53 59 59 50 44 45 29 17 44 33 22 12 21 32 52 48 59 66 72 51 55 45 67 46 57 43 45 41 22 18 43 33 27 14 8 4 4 2 0 0 0 0 0 1 0
0 0 0 0 0 0 0 0 0 0 0 0 0 0 0 0 0 0 0 0 0 0 0 0 0 0 0 0 0 0 0 0 0 1 1 0 0 0 0 1 3 3 2 9 20 15 18 13 29 49 54 63 67 63 68 55 54 53 38 55 30 26 16 17 30 19 41 48 57 62 55 42 29 51 54 49 43 45 45 46 37 27 31 19 13 10 15 3 1 1 0 0 0 0 1 0
0 0 0 0 0 0 0 0 0 0 0 0 0 0 0 0 0 0 0 0 0 0 0 0 0 0 0 0 0 0 0 1 1 1 1 0 0 0 0 0 1 3 7 4 27 42 22 28 37 45 62 67 72 67 56 73 59 59 62 61 40 47 20 32 37 54 35 43 41 48 39 49 67 41 63 40 51 57 61 60 43 37 26 11 11 9 6 2 1 1 0 0 0 1 1 2
0 0 0 0 0 0 0 0 0 0 0 0 0 0 0 0 0 0 0 0 0 0 0 0 0 0 0 0 0 0 0 1 1 2 2 1 1 1 1 1 1 1 2 6 17 21 39 46 42 44 60 67 72 69 78 81 64 63 65 65 62 51 29 47 46 45 28 28 30 34 36 45 61 56 40 46 65 70 55 57 59 37 25 13 6 6 4 2 1 0 0 0 0 1 1 4
0 1 1 0 0 0 0 0 0 0 0 0 0 0 0 0 0 0 0 0 0 0 0 0 0 0 0 0 0 0 0 1 1 1 1 1 2 2 2 6 15 2 2 3 5 8 15 65 65 66 40 65 68 77 82 52 55 73 69 67 70 65 50 50 67 57 37 25 31 27 31 32 33 67 69 53 56 72 66 53 48 45 37 16 5 4 2 1 1 0 0 0 0 1 1 5
0 1 1 0 0 0 0 0 0 0 0 0 0 0 0 0 0 0 0 0 0 0 0 0 0 0 0 0 0 0 0 0 0 2 2 1 1 1 1 2 6 15 8 4 8 23 21 48 49 67 72 58 69 71 67 71 63 39 76 77 69 65 48 45 61 53 39 26 31 37 32 40 43 61 69 50 62 67 61 50 51 53 33 18 10 4 2 1 0 0 0 0 0 1 2 4
1 2 1 1 0 0 0 0 0 0 0 0 0 0 0 0 0 0 0 0 0 0 0 0 0 0 0 0 0 0 0 0 0 2 1 0 0 0 0 1 2 4 15 31 39 27 32 17 20 24 28 43 69 66 57 70 53 60 53 75 68 61 48 46 70 35 25 23 22 35 39 51 65 70 50 46 47 58 45 37 39 34 27 16 6 3 2 1 0 0 0 0 0 1 2 2
1 4 2 0 0 0 0 0 0 0 0 0 0 0 0 0 0 0 0 0 0 0 0 0 0 0 0 0 0 0 0 0 0 0 0 0 0 0 0 1 1 3 4 20 23 20 9 7 25 22 28 40 67 55 57 73 77 74 77 67 63 68 62 59 40 21 37 36 17 27 29 38 59 35 31 28 33 39 26 30 37 31 12 10 5 3 2 2 2 1 0 0 0 0 1 2
2 2 1 0 0 0 0 0 0 0 0 0 0 0 0 0 0 0 0 0 0 0 0 0 0 0 0 0 0 0 0 0 0 0 0 0 0 0 1 1 1 3 4 3 7 10 7 22 36 25 24 58 30 55 75 46 78 62 48 44 82 74 68 43 15 22 37 43 30 42 40 27 56 25 37 32 35 36 46 39 34 26 20 19 12 5 4 3 2 0 0 0 0 0 1 1
6 1 0 1 0 0 0 0 0 0 0 0 0 0 0 0 0 0 0 0 0 0 0 0 0 0 0 0 0 0 0 0 0 0 0 0 0 0 1 1 2 2 1 4 4 3 15 25 31 26 33 34 42 53 40 49 50 44 34 34 22 49 60 40 47 22 59 61 54 41 49 55 63 64 57 58 57 55 60 49 43 46 34 32 17 4 3 2 2 0 0 0 0 0 1 1
5 2 1 1 0 0 0 0 0 0 0 0 0 0 0 0 0 0 0 0 0 0 0 0 0 0 0 0 0 0 0 0 0 0 0 0 0 1 1 1 0 1 2 2 4 3 8 15 18 34 30 28 44 39 38 51 49 61 62 45 35 44 59 47 65 34 51 65 57 27 40 73 39 64 70 65 67 59 61 64 60 48 22 16 12 5 3 2 1 0 0 0 0 0 1 1
5 4 5 1 1 1 0 0 0 0 0 0 0 0 0 0 0 0 0 0 0 0 0 0 0 0 0 0 0 0 0 0 0 0 0 1 0 0 1 0 0 1 2 2 2 2 7 18 41 45 39 48 42 61 38 58 55 32 43 50 44 41 66 90 92 70 57 52 46 26 29 18 15 32 27 31 31 40 54 54 40 31 24 22 16 7 4 2 1 0 0 0 0 0 0 1
15 12 4 2 1 0 0 0 0 0 0 0 0 0 0 0 0 0 0 0 0 0 0 0 0 0 0 0 0 0 0 0 0 0 0 0 0 0 0 0 0 0 1 1 2 6 6 4 26 22 29 27 23 34 55 56 26 28 38 53 55 50 45 55 35 72 48 60 19 14 37 49 47 43 43 47 43 26 17 28 39 19 20 37 16 8 4 1 1 0 0 0 0 0 0 1
13 9 4 2 1 0 0 0 0 0 0 0 0 0 0 0 0 0 0 0 0 0 0 0 0 0 0 0 0 0 0 0 0 0 0 0 0 0 1 0 0 0 1 1 4 6 4 4 11 10 12 4 6 7 8 9 18 41 37 38 55 58 40 39 26 36 33 11 34 27 15 33 66 63 32 33 54 58 68 61 51 33 9 17 21 7 5 4 2 0 0 0 0 0 0 1
14 11 3 1 1 1 1 0 0 0 0 0 0 0 0 0 0 0 0 0 0 0 0 0 0 0 0 0 0 0 0 0 0 0 0 0 0 0 0 0 0 1 1 2 4 6 4 3 3 4 3 4 7 9 9 13 20 19 41 29 37 27 30 19 15 12 29 19 25 29 28 19 21 43 24 26 55 72 64 61 41 22 17 21 13 5 2 2 2 1 0 0 0 0 1 2
13 6 4 2 2 2 2 1 0 0 0 0 0 0 0 0 0 0 0 0 0 0 0 0 0 0 0 0 0 0 0 0 0 0 0 0 0 0 0 0 0 1 1 2 3 2 2 2 4 3 7 14 17 22 27 34 23 36 17 17 25 48 43 31 43 39 35 19 34 23 42 48 20 35 36 48 62 56 45 33 25 20 12 10 7 2 1 1 1 1 0 0 0 0 2 4
13 6 7 3 6 3 1 0 0 0 0 0 0 0 0 0 0 0 0 0 0 0 0 0 0 0 0 0 0 0 0 0 0 0 0 0 0 0 0 0 0 0 1 1 1 3 4 5 6 5 4 19 39 36 40 49 50 37 49 24 35 44 65 57 40 50 40 33 24 31 58 64 27 38 32 43 73 65 55 51 33 26 13 7 11 3 3 4 3 1 0 0 0 1 2 4
8 7 8 10 5 3 2 0 0 0 1 0 0 0 0 0 0 0 0 0 0 0 0 0 0 0 0 0 0 0 0 0 0 0 0 0 0 0 0 0 0 1 0 1 1 3 8 13 17 10 20 34 30 40 44 47 51 52 56 55 44 51 44 54 54 52 40 33 18 15 23 26 20 25 44 57 50 43 39 24 32 27 12 3 1 1 3 2 1 0 0 0 0 1 1 3
5 11 17 16 7 3 2 2 2 1 1 1 0 0 0 0 0 0 0 0 0 0 0 0 0 0 0 0 0 0 0 0 0 0 0 0 0 0 0 1 1 1 1 1 1 3 4 10 21 33 56 48 32 34 53 68 48 55 68 65 52 38 41 52 35 22 27 20 12 28 40 26 18 27 37 34 38 27 29 27 26 8 3 4 7 4 3 2 1 0 0 0 1 1 1 2
9 17 15 19 14 4 4 6 5 3 1 1 0 0 0 0 0 0 0 0 0 0 0 0 0 0 0 0 0 0 0 0 0 0 0 0 0 0 1 1 2 2 2 2 1 3 2 4 8 9 30 54 67 57 47 67 50 59 74 68 68 29 26 23 19 19 20 25 10 33 35 39 30 26 15 16 19 9 14 19 14 14 19 9 17 5 2 2 0 0 0 1 1 2 2 2
22 24 22 24 16 12 11 8 6 3 2 0 0 0 0 0 0 0 0 0 0 0 0 0 0 0 0 0 1 0 0 0 0 1 0 0 0 0 1 3 5 8 6 4 4 3 4 7 9 12 18 29 39 69 67 58 74 69 49 59 68 65 48 26 14 7 13 23 13 33 46 40 30 18 22 36 32 46 49 42 37 46 33 17 8 4 3 1 0 0 0 1 2 3 4 5
44 28 19 11 23 17 12 7 4 2 1 0 0 0 0 0 0 0 0 0 0 0 0 0 0 0 0 1 1 1 0 0 1 0 1 1 1 0 1 3 9 10 16 10 7 9 12 14 25 22 30 45 51 46 52 54 65 68 66 63 39 50 37 59 48 15 10 14 33 52 51 54 54 50 23 38 55 73 66 60 56 33 10 3 7 3 1 0 0 0 0 0 1 4 5 7
53 38 19 8 13 13 6 4 1 1 1 1 1 1 0 0 0 0 0 0 0 0 0 0 0 0 0 0 0 0 1 1 1 1 1 1 2 2 1 3 6 11 16 22 15 12 22 22 27 37 31 51 56 48 49 54 38 40 61 53 54 51 24 33 23 17 7 34 43 38 42 36 35 45 42 67 50 47 66 59 46 20 20 13 5 3 1 0 0 0 0 1 1 2 6 20
41 33 13 4 7 5 3 2 1 1 1 1 1 0 0 0 0 0 0 0 0 0 0 0 0 0 0 0 0 0 0 1 1 1 1 2 1 6 8 5 8 16 20 28 26 14 25 36 46 43 37 68 61 53 51 50 52 15 19 23 12 20 33 30 10 23 32 57 20 16 21 22 31 50 68 70 66 38 53 35 31 24 16 9 6 2 1 0 0 1 1 1 1 3 3 10
34 19 7 5 3 2 3 4 2 2 3 1 0 0 0 0 0 0 0 0 0 0 0 0 0 0 0 0 0 1 1 0 0 2 5 4 4 7 4 11 21 16 31 32 34 17 22 37 42 51 55 63 55 58 55 35 30 33 39 38 33 36 30 23 19 3 18 8 9 12 33 60 62 64 54 62 67 64 56 40 40 22 18 10 5 2 1 0 0 1 2 1 1 2 3 7
44 27 24 17 15 9 10 9 9 5 2 1 1 0 0 0 0 0 0 0 0 0 0 0 0 0 1 1 1 1 1 1 0 3 6 7 10 8 7 7 8 10 7 6 15 29 46 42 47 43 48 56 54 57 49 60 44 18 61 60 37 33 27 18 19 7 15 21 33 32 49 54 61 73 64 49 65 53 57 36 34 38 20 8 4 1 0 0 1 1 2 2 3 4 6 10
52 40 51 41 18 3 1 5 7 5 3 2 1 1 1 0 0 0 0 0 0 0 0 0 0 0 0 1 1 1 2 3 1 2 7 11 12 11 15 7 9 12 13 9 10 11 35 55 57 55 38 38 53 54 53 51 48 64 46 34 40 50 51 44 15 6 20 29 36 42 51 32 46 48 47 52 58 67 64 61 53 33 20 6 2 1 0 0 1 2 2 2 3 9 14 22
63 59 32 12 4 2 13 12 5 1 2 4 3 2 1 0 0 0 0 0 0 0 0 0 0 0 1 1 1 3 4 5 3 3 4 11 18 20 24 9 26 15 25 19 11 13 16 25 62 73 50 32 50 62 50 51 50 41 57 54 36 38 52 42 9 13 10 9 41 64 68 62 60 60 46 61 64 61 44 49 34 22 27 11 3 1 0 0 2 2 2 3 3 6 13 23
55 32 24 9 8 13 17 9 4 3 3 3 2 1 0 1 0 0 0 0 0 0 0 0 0 0 1 1 3 6 6 7 4 1 2 8 7 14 21 23 37 40 25 36 35 14 17 52 59 64 51 35 41 39 61 45 36 44 28 31 31 51 43 31 16 13 21 29 30 23 51 68 64 76 67 52 76 60 44 37 42 23 6 17 3 1 0 1 1 2 4 4 6 6 8 11
24 32 40 14 13 26 15 12 13 8 4 2 1 1 1 1 0 0 0 0 0 0 0 0 0 0 1 2 5 3 11 10 5 4 5 5 7 11 7 28 38 50 46 28 52 26 25 58 56 32 67 34 43 36 39 70 54 43 69 55 26 28 30 30 13 16 19 19 33 59 59 67 72 55 77 60 47 42 59 29 32 21 6 2 3 1 0 0 1 2 5 4 11 22 21 14
33 36 40 42 39 34 27 19 7 4 2 1 0 1 1 1 0 0 0 0 0 0 0 0 0 0 1 1 2 3 5 5 11 16 11 8 8 11 11 18 23 41 44 61 46 42 35 59 46 37 62 59 22 36 39 20 18 18 43 40 45 15 18 17 13 28 28 46 37 61 69 62 51 63 49 68 53 56 50 39 33 7 2 0 1 0 0 1 2 2 4 3 14 25 22 24
62 56 59 42 39 27 12 12 5 3 1 1 4 2 1 0 0 0 0 0 0 0 0 0 0 1 1 1 2 4 12 12 18 22 23 18 9 11 22 15 27 22 30 68 65 57 46 60 28 29 45 32 26 27 32 43 21 19 19 20 18 37 35 25 20 12 32 45 28 22 14 23 36 29 47 46 57 56 40 34 20 7 2 1 0 0 1 1 2 3 3 4 9 16 19 26
63 54 44 47 32 10 5 6 6 5 3 6 4 1 1 1 0 0 0 0 0 0 0 0 1 1 2 3 4 3 10 20 28 28 29 41 12 8 18 29 29 32 40 53 70 55 42 57 62 58 36 52 77 32 38 41 30 18 18 26 9 10 16 17 38 9 16 27 53 51 36 32 31 9 9 17 28 29 36 22 9 6 3 0 0 0 1 1 1 2 3 6 10 6 11 13
58 40 32 32 21 17 12 6 8 9 6 2 1 1 1 1 0 0 0 0 0 0 0 0 1 2 4 5 6 10 12 22 47 38 24 48 24 18 20 21 36 35 50 53 64 49 34 47 66 73 48 48 67 55 30 39 38 37 21 25 29 22 13 11 31 7 25 55 50 55 57 58 42 38 31 22 9 16 19 22 12 2 0 0 0 0 1 2 2 3 4 5 6 8 19 27
33 33 43 24 24 19 14 23 5 2 1 1 2 3 1 1 0 0 0 0 0 0 0 0 1 1 4 8 15 15 35 39 47 51 51 30 43 32 25 32 51 49 53 57 36 58 71 50 38 19 44 39 22 57 48 32 42 34 19 10 14 28 14 10 13 27 33 37 50 55 61 55 37 56 56 52 40 26 13 9 6 2 1 0 0 0 1 1 2 3 3 4 7 7 11 15
54 36 50 35 29 54 30 10 6 3 4 5 5 2 0 0 0 0 0 0 0 0 1 0 1 2 5 10 14 20 32 53 70 67 59 60 48 64 52 37 57 68 53 33 44 63 70 64 39 40 38 49 47 32 36 34 33 26 25 16 8 19 18 4 4 10 19 34 43 54 73 80 66 57 67 65 70 43 18 5 2 1 0 0 0 0 1 1 2 3 4 5 9 12 13 21
51 48 31 26 26 12 18 19 17 16 9 3 2 1 0 0 0 0 0 0 0 0 0 1 2 3 4 7 12 14 19 44 60 80 74 51 57 72 68 40 46 72 53 48 34 56 67 62 76 54 39 36 52 67 45 17 36 43 35 15 9 6 6 3 14 12 55 66 81 51 41 70 78 50 23 31 42 42 16 4 1 1 0 0 0 0 1 1 2 3 5 6 8 12 14 17
32 43 36 24 12 6 3 15 9 5 6 2 1 0 0 0 0 0 0 0 0 0 1 2 4 6 9 7 9 7 13 26 41 64 82 42 36 76 73 42 40 63 67 44 42 51 51 63 67 60 17 16 40 45 24 22 33 28 26 36 10 8 7 9 11 28 14 13 34 83 54 37 50 59 23 12 16 37 15 3 1 0 0 0 0 0 1 1 2 2 5 5 9 10 21 27
36 36 26 22 25 23 10 13 8 5 2 1 1 1 0 0 0 0 0 0 0 0 0 1 4 7 9 11 16 21 15 21 27 35 54 74 46 44 77 70 41 40 64 48 39 45 47 60 70 65 43 16 56 41 32 24 16 6 7 12 7 3 2 12 16 16 20 45 46 60 67 43 36 15 10 5 1 11 11 2 1 0 0 0 0 0 1 1 2 3 3 3 8 10 9 15
21 18 13 19 13 15 8 14 6 5 2 1 1 1 0 0 0 0 0 0 0 0 0 1 3 4 6 7 9 7 32 22 26 22 41 55 80 43 27 67 59 42 69 50 29 40 42 56 43 51 57 24 22 26 20 37 11 11 7 6 4 8 8 20 12 23 36 35 34 67 65 43 31 38 21 9 2 1 4 2 0 0 0 0 0 1 1 1 1 4 3 10 15 18 19 18
28 26 35 44 20 17 7 10 6 3 2 1 0 0 0 0 0 0 0 0 0 0 0 1 1 4 3 13 14 12 36 58 75 66 67 76 68 60 46 33 34 58 56 42 27 28 46 53 52 32 57 23 24 23 22 30 20 7 9 18 7 6 8 21 64 45 56 53 46 49 27 42 48 46 30 12 5 1 1 1 0 0 0 0 1 1 1 1 2 2 5 5 10 16 23 32
39 39 32 27 20 19 10 6 4 2 1 1 1 0 0 0 0 0 0 0 0 0 0 1 1 2 2 3 7 26 31 44 55 62 31 29 45 67 66 64 27 23 64 46 27 36 32 20 54 29 17 33 9 21 12 10 21 6 9 9 6 4 17 24 52 45 31 34 31 30 53 56 64 48 36 17 2 1 1 0 0 0 0 0 1 0 1 0 1 2 3 2 5 6 12 21
10 15 17 18 15 16 15 9 7 3 2 2 1 1 0 0 0 0 0 0 0 0 0 0 1 1 1 5 9 11 25 15 14 21 38 56 61 38 53 73 73 54 50 37 46 24 25 19 11 13 19 8 19 11 22 6 5 8 4 4 2 4 6 15 12 12 24 44 44 59 68 61 40 31 10 16 6 3 1 0 0 0 0 0 0 1 1 1 2 5 3 8 9 5 14 27
8 5 10 10 6 6 12 10 6 6 4 3 1 0 0 0 0 0 0 0 0 0 1 1 0 1 1 2 3 5 14 20 16 39 49 53 43 45 39 67 44 33 26 32 41 37 41 17 13 34 13 16 7 14 23 8 4 3 6 3 6 7 28 27 31 30 45 54 59 61 68 49 45 31 9 3 3 2 1 0 0 0 0 0 1 0 2 1 3 1 2 5 6 7 8 11
14 13 13 10 4 2 3 9 7 5 2 2 1 1 0 0 0 0 0 1 1 1 1 1 1 1 1 1 1 3 7 19 22 51 59 55 52 39 39 27 35 25 23 17 21 27 45 17 14 14 6 6 13 19 16 10 9 7 3 5 24 13 34 59 39 41 51 52 57 73 70 71 53 30 14 6 1 0 0 0 0 0 0 0 1 1 1 3 2 3 6 6 9 14 14 17
27 28 14 11 10 10 10 10 4 3 2 1 1 0 0 0 0 0 1 2 2 1 3 3 2 1 1 3 4 4 5 10 25 39 67 63 40 52 41 27 36 35 34 31 22 14 7 27 19 10 11 10 10 10 2 16 9 3 3 9 22 35 33 72 68 74 77 44 26 23 64 75 88 62 14 7 3 1 0 0 0 0 0 1 1 1 2 2 3 4 6 12 9 15 23 18
41 21 22 38 31 18 11 9 5 2 1 1 0 0 0 0 0 1 1 3 6 2 3 5 6 4 2 7 7 9 11 6 25 37 55 38 56 39 37 28 38 38 23 37 19 10 10 6 9 5 13 9 4 5 8 3 2 4 2 19 42 48 45 80 86 77 79 91 77 54 49 57 71 53 42 15 6 1 0 0 0 0 0 0 1 2 2 3 4 4 7 8 16 14 18 36
15 7 4 24 16 10 9 4 2 1 1 1 0 0 0 0 0 1 2 2 8 14 9 9 8 6 7 8 11 11 11 14 14 32 35 30 24 34 35 28 47 35 38 47 24 19 16 10 13 4 17 5 3 2 7 9 1 2 10 12 25 22 15 56 83 70 75 86 92 80 37 22 15 22 24 2 1 0 0 0 0 0 0 1 1 1 1 2 2 5 9 8 9 10 22 27
