sesion_6_simulaciones/modelos_agentes/ejemplos_netlogo/scenarios/echam4_a2/rob_2019.asc
NCOLS 322 
NROWS 307 
XLLCORNER 451900 
YLLCORNER 4086900 
CELLSIZE 100 
NODATA_value -9999 
[rows 0 to 74 of 307, columns 192 to 287 of 322]
36 31 14 8 24 48 22 10 8 9 10 3 2 1 2 2 1 1 1 1 1 1 0 1 1 2 1 2 3 8 2 0 0 0 0 0 0 0 0 1 1 0 0 2 3 4 4 8 15 21 13 16 24 34 38 52 41 80 47 37 9 13 20 48 59 45 60 56 27 37 22 11 16 19 40 24 20 38 53 29 15 16 13 13 11 8 23 22 22 26 10 24 36 57 20 7
48 26 31 29 32 50 15 20 28 14 8 5 8 6 3 3 3 1 1 1 2 1 0 0 0 3 1 1 0 1 7 2 0 0 0 0 0 0 0 0 1 0 0 0 1 1 4 4 12 46 67 46 32 36 40 41 66 62 61 20 25 15 48 42 54 50 59 43 43 20 6 22 11 17 48 25 48 36 35 32 26 31 28 14 9 4 13 22 25 24 14 27 25 28 15 13
31 56 37 34 52 45 28 11 7 15 16 15 22 19 8 15 7 5 8 7 5 2 1 0 0 0 0 0 0 0 0 2 1 0 0 0 0 0 0 0 0 0 1 2 2 4 5 7 17 27 38 36 50 45 62 70 36 28 39 22 20 31 41 32 38 62 33 28 20 25 14 14 12 17 55 22 51 46 23 38 28 23 27 23 9 3 8 11 23 18 12 38 22 35 13 3
40 42 60 53 37 33 29 26 24 42 21 36 46 31 22 33 18 7 11 17 9 5 3 1 1 0 0 0 0 0 0 0 0 0 0 0 0 0 0 0 0 1 0 0 1 5 5 7 3 7 6 11 24 52 42 48 44 14 21 27 31 19 24 44 35 57 45 38 48 19 26 22 7 7 37 20 25 19 28 35 27 26 25 23 10 3 7 16 29 12 21 20 19 30 9 2
28 20 40 13 42 49 44 29 41 38 31 23 23 19 23 38 23 25 25 26 18 7 4 4 2 2 1 2 1 0 0 0 0 0 0 0 0 0 0 0 0 0 0 1 1 1 2 4 14 30 39 35 38 34 64 58 23 17 5 7 28 32 29 43 45 55 35 26 16 11 8 7 9 6 16 16 13 21 46 56 48 17 16 33 25 17 2 14 16 21 22 12 26 39 14 3
29 23 36 30 19 24 41 19 36 28 18 23 7 20 27 27 33 26 7 7 13 5 3 5 4 3 1 2 1 0 0 0 0 0 0 0 0 0 0 0 0 0 1 2 4 9 14 22 24 15 22 28 44 52 77 44 25 17 6 37 61 64 60 62 44 63 27 36 40 31 38 25 19 12 8 11 15 14 25 22 35 56 36 24 26 16 5 9 13 16 7 11 23 23 15 4
21 10 11 25 17 12 37 12 8 14 19 42 17 7 17 24 20 22 9 3 4 10 12 13 5 4 4 2 2 1 1 1 1 0 0 0 0 0 0 0 0 0 1 2 8 4 7 14 30 24 37 71 31 54 61 25 17 18 9 25 43 57 56 57 68 62 48 41 41 17 26 22 13 20 16 7 3 11 27 32 26 47 27 11 5 22 6 5 6 6 8 18 34 46 10 10
14 9 8 10 24 16 28 35 8 3 7 9 28 5 2 6 3 7 8 4 3 5 2 6 5 4 4 2 3 2 2 2 1 1 1 0 1 0 0 0 0 1 2 3 6 9 12 33 55 48 51 27 50 41 46 19 11 4 10 16 29 30 27 28 26 54 30 23 40 24 22 15 17 18 18 10 3 16 32 16 41 58 29 11 6 14 10 4 5 12 14 16 38 25 15 11
26 17 13 7 10 8 14 33 35 11 4 4 7 14 5 3 2 7 9 5 4 7 1 3 10 5 4 5 4 5 5 4 3 3 1 1 0 0 0 0 0 1 2 3 11 10 6 17 26 35 23 22 54 30 28 8 4 27 52 44 61 50 56 43 54 75 44 31 14 14 19 16 15 13 10 6 4 7 10 20 34 50 32 16 6 6 5 3 3 14 10 17 18 22 11 17
18 16 15 6 5 3 11 11 28 18 12 5 4 7 7 3 2 1 7 6 6 8 2 2 5 5 5 3 1 4 1 1 3 3 2 1 0 0 0 0 0 0 1 2 6 2 3 17 7 7 8 60 28 28 13 6 14 41 54 70 50 81 65 41 57 31 56 44 40 17 17 22 17 8 5 3 3 5 22 11 7 32 35 28 11 4 8 2 3 4 6 19 13 22 11 34
23 18 16 13 5 3 1 2 3 9 5 3 2 8 3 2 3 1 1 4 2 6 9 1 2 2 8 3 1 2 4 1 0 0 0 1 0 0 0 0 0 0 2 4 1 4 7 8 2 5 35 33 12 17 5 4 13 31 34 50 73 74 45 25 30 47 58 60 64 45 52 30 23 15 8 5 2 2 6 14 17 42 62 27 24 6 3 4 1 4 16 6 9 7 8 46
44 24 10 10 10 7 4 3 2 2 2 1 2 2 2 1 1 2 1 1 4 5 4 2 0 1 5 2 1 1 3 3 0 0 0 0 1 0 0 0 1 1 2 1 0 0 3 1 2 16 38 22 8 5 2 15 20 21 31 77 54 45 11 23 39 43 65 64 54 61 41 30 31 26 21 13 3 3 9 12 13 60 30 43 22 14 4 2 1 7 8 4 13 4 17 42
50 35 29 37 26 22 18 8 14 7 4 2 1 1 1 1 1 3 3 1 1 2 1 2 0 1 2 1 1 0 0 1 0 0 0 0 0 0 0 0 1 1 1 1 1 1 5 1 3 20 12 4 1 5 17 31 36 48 75 62 13 20 26 19 19 23 40 39 61 41 22 31 46 43 31 12 4 1 8 13 39 40 12 21 33 14 6 1 1 6 5 4 13 3 13 18
60 57 52 53 46 37 25 20 17 15 11 10 3 2 1 1 0 0 0 0 1 0 0 1 0 1 1 1 0 0 0 1 0 0 0 0 0 0 0 0 0 1 0 0 0 2 1 1 5 3 2 0 2 6 12 18 44 42 33 8 38 59 56 46 47 26 23 20 57 48 59 65 38 23 15 14 5 2 4 10 31 10 7 19 47 17 8 3 1 2 2 3 5 3 10 7
17 51 56 59 48 48 26 29 10 10 15 9 5 5 5 3 2 1 0 0 0 0 0 0 0 0 0 0 0 0 0 0 0 0 0 0 0 0 0 0 0 0 0 0 0 0 0 1 1 1 0 1 2 4 9 16 19 5 20 39 56 57 55 77 80 70 61 44 47 58 59 50 51 30 12 7 3 2 3 10 14 5 3 26 41 42 16 15 4 1 1 3 2 3 11 8
21 38 54 29 40 66 41 19 29 18 10 13 9 12 10 5 3 1 1 1 0 0 0 0 0 0 0 0 0 0 0 0 0 1 0 0 0 0 0 0 0 0 0 0 0 0 1 1 0 0 1 1 1 3 5 9 4 20 27 36 52 67 75 64 59 70 38 30 66 18 42 73 48 30 32 24 20 7 2 9 11 5 1 3 12 36 6 3 4 3 1 3 1 2 10 8
47 10 55 26 27 48 62 65 23 10 14 12 18 15 11 6 5 3 2 2 1 1 0 0 0 0 0 0 0 0 0 0 0 0 0 0 0 0 0 0 0 0 0 0 0 0 0 0 1 2 1 4 4 2 2 10 18 22 30 35 63 48 66 56 60 35 28 57 42 33 31 18 50 28 50 50 41 20 10 2 17 7 4 1 3 13 22 3 1 1 1 1 2 3 2 3
21 5 33 13 27 34 47 19 53 54 28 27 26 6 6 4 6 5 3 2 2 1 1 0 0 0 1 1 0 0 0 0 0 0 0 0 0 0 0 0 0 0 0 0 0 0 0 1 2 2 3 8 7 8 4 9 13 39 45 51 73 47 39 33 22 24 43 59 44 26 13 15 40 46 50 48 48 40 19 4 3 6 6 3 1 4 9 5 3 0 1 0 2 2 1 1
14 12 15 14 8 23 34 13 17 48 19 37 52 22 11 7 11 17 12 6 4 2 1 1 1 1 1 1 2 0 0 0 0 0 0 0 0 0 0 0 0 0 0 0 0 0 1 1 1 2 5 8 7 5 12 17 24 25 25 46 64 18 8 6 20 26 27 75 61 18 17 11 41 41 10 20 56 43 36 18 3 2 11 5 2 1 3 5 4 1 0 0 2 1 0 0
14 4 6 11 5 10 36 9 6 21 30 38 42 25 28 16 3 6 7 10 4 2 2 1 1 1 1 2 2 2 1 1 1 0 0 0 0 0 0 0 0 0 0 0 1 1 1 2 1 4 7 6 13 13 16 21 5 5 15 42 64 19 6 24 41 39 60 61 43 30 15 6 13 42 31 9 20 27 34 25 15 2 2 5 3 1 1 2 5 2 0 0 1 0 1 2
31 6 8 7 1 5 23 7 12 7 19 12 23 5 10 12 2 1 5 14 5 8 3 1 5 3 2 1 1 1 1 0 0 0 1 0 0 0 0 0 0 0 0 1 1 2 1 1 3 8 6 8 19 29 42 39 24 18 29 45 41 9 10 41 43 41 40 16 37 35 20 5 7 16 46 17 6 9 53 18 11 3 1 2 3 1 1 3 2 2 0 0 0 0 2 8
11 2 8 8 1 1 5 17 2 5 22 15 19 7 5 3 3 1 2 12 10 6 4 3 1 2 0 0 0 0 1 0 0 0 1 0 0 0 0 0 0 0 0 1 1 1 1 3 3 4 3 7 12 42 53 62 60 51 36 36 15 6 21 32 54 52 40 20 15 29 10 4 7 11 39 19 6 6 12 25 12 6 2 1 3 1 2 2 1 0 0 2 1 2 7 12
14 2 11 14 3 2 3 6 1 1 14 6 5 2 1 2 2 2 0 1 2 5 9 10 2 1 2 1 0 0 0 0 0 0 0 1 0 0 0 0 0 0 1 1 0 0 0 1 1 1 1 5 13 11 27 50 33 26 15 53 17 7 23 35 37 45 64 32 24 8 5 5 15 27 50 16 5 7 12 38 11 3 1 0 1 2 1 2 1 0 1 9 4 4 4 10
7 5 4 10 1 2 4 5 3 1 1 1 1 4 1 1 3 2 1 1 1 2 5 3 2 1 1 1 1 0 0 0 0 0 0 0 0 0 0 0 0 0 0 0 0 0 0 1 1 1 1 4 4 8 9 8 6 19 46 23 6 14 28 29 48 65 41 27 24 14 4 7 14 29 28 10 8 5 10 23 15 13 3 1 0 1 1 2 0 0 2 2 7 14 6 9
2 1 2 2 1 1 3 6 2 0 1 1 1 2 2 1 2 2 2 0 0 1 1 1 1 0 1 1 1 0 0 0 0 0 0 0 0 0 0 0 0 0 0 0 0 1 1 2 2 2 5 2 2 1 2 5 15 21 51 15 5 25 23 24 50 70 33 37 29 12 7 7 14 39 20 8 11 4 6 12 12 11 7 3 1 0 1 1 0 3 4 4 6 6 32 12
1 1 0 1 1 0 3 5 1 0 0 1 0 0 1 2 1 0 1 1 0 0 0 1 0 0 0 1 2 0 0 0 0 0 0 0 0 0 0 0 0 0 0 0 0 1 1 0 1 2 3 7 6 14 9 12 16 39 35 4 9 20 19 14 41 51 26 25 18 13 5 5 15 40 11 14 9 3 2 4 6 9 4 1 1 0 0 1 2 8 10 12 19 12 9 31
0 0 0 0 0 1 2 1 1 0 0 0 0 0 0 1 1 1 0 1 0 0 0 0 0 0 0 0 0 0 0 0 0 0 0 0 0 0 0 0 0 0 0 0 0 0 0 1 1 2 5 7 6 13 24 41 53 58 15 3 12 19 14 21 64 50 11 19 19 9 5 3 9 35 10 7 6 5 1 2 5 8 2 1 0 0 1 2 7 9 10 11 18 28 47 29
0 0 0 0 0 0 0 0 0 0 0 0 0 0 0 0 0 0 0 0 0 0 0 0 0 0 0 0 0 0 0 0 0 0 0 0 0 0 0 0 0 0 0 0 0 0 1 1 1 4 3 6 8 13 26 53 33 19 3 11 20 15 33 49 77 29 30 11 9 8 6 4 14 34 14 6 5 5 1 1 4 7 3 3 1 0 1 2 3 2 2 3 4 7 21 27
0 0 0 0 0 0 0 0 0 0 0 0 0 0 0 0 0 0 0 0 0 0 0 0 0 0 0 0 0 0 0 0 0 0 0 0 0 0 0 0 0 0 0 0 0 0 1 4 1 4 3 3 6 7 40 26 8 2 9 17 20 19 42 70 35 15 24 9 7 7 5 3 7 24 39 13 6 3 1 1 3 7 5 2 1 0 0 1 1 2 3 7 10 11 13 25
0 0 0 0 0 0 0 0 0 0 0 0 0 0 0 0 0 0 0 0 0 0 0 0 0 0 0 0 0 0 0 0 0 0 0 0 0 0 0 0 0 0 0 0 1 1 1 1 4 3 3 3 7 10 31 5 2 5 12 18 17 20 42 68 19 12 10 15 6 2 2 3 15 23 8 21 9 3 1 0 4 3 5 2 0 0 1 2 4 8 5 13 22 21 20 9
0 1 1 1 0 0 0 1 0 1 1 1 1 1 1 1 1 0 0 0 0 0 0 0 0 0 0 0 0 0 0 0 0 0 0 0 0 0 0 0 0 0 0 1 1 2 2 2 4 11 13 13 9 14 7 2 1 8 9 15 9 19 48 49 22 7 9 12 7 4 1 2 17 6 5 26 13 4 1 0 2 1 3 1 0 0 1 2 3 6 7 8 6 7 11 28
1 1 1 1 0 0 0 1 1 1 1 1 2 1 2 2 1 1 0 1 0 0 0 0 0 0 0 0 0 0 0 0 0 0 0 0 0 0 0 0 0 0 1 1 2 3 4 8 7 9 5 25 15 7 7 4 2 6 11 22 24 22 53 15 5 13 15 6 10 3 1 2 4 5 3 21 7 4 1 0 1 1 1 1 0 1 4 7 10 7 6 3 8 11 14 21
3 3 1 2 1 1 1 1 1 1 3 3 3 4 3 1 1 1 1 1 1 1 0 0 0 0 0 0 0 0 0 0 0 0 0 0 0 0 0 0 0 0 0 1 2 3 6 9 7 8 3 2 7 8 8 1 3 6 6 13 13 25 34 31 23 10 5 4 13 7 2 1 4 3 7 23 5 3 1 0 0 1 1 0 1 2 5 16 20 20 22 13 17 27 25 51
4 4 5 2 2 1 1 1 3 4 5 4 4 3 4 2 2 2 1 2 2 1 1 0 0 1 0 0 0 0 0 0 0 0 0 0 0 0 0 0 0 0 1 1 1 5 2 1 10 6 4 2 6 6 1 1 2 4 5 14 25 36 46 15 7 6 8 5 4 5 3 1 4 3 5 8 6 6 2 0 0 1 0 0 1 2 3 3 3 4 6 13 25 29 54 52
5 6 6 5 4 1 1 2 4 7 8 6 6 5 5 4 3 6 3 3 1 1 1 1 1 0 0 0 0 0 0 0 0 0 0 0 0 0 0 0 0 0 1 1 1 1 1 2 2 3 3 1 2 0 1 1 1 2 3 11 30 38 25 35 13 5 4 4 3 5 5 1 1 2 4 5 5 2 1 0 0 0 0 1 2 1 1 4 11 16 19 16 12 48 23 28
14 21 12 3 6 2 3 3 12 9 8 8 9 17 16 8 7 5 3 3 1 1 0 1 1 0 0 0 1 0 0 0 0 0 0 0 0 0 0 0 0 1 1 0 1 1 1 2 2 2 1 1 1 0 1 0 1 5 8 15 13 13 29 38 8 3 2 2 4 2 2 1 1 1 2 5 5 2 1 0 0 0 1 2 4 6 5 6 10 9 10 31 31 40 18 6
27 39 11 9 14 3 3 14 14 23 7 13 22 15 24 11 4 2 7 3 2 1 0 2 0 0 1 1 0 0 0 0 0 0 0 0 0 0 0 0 0 0 0 0 0 1 4 3 2 1 1 0 0 1 1 2 4 2 2 4 7 15 23 35 11 4 3 2 1 1 1 1 0 1 2 2 2 2 1 0 0 1 2 2 4 13 15 18 20 23 12 23 15 15 18 4
24 37 13 11 17 6 6 24 23 25 6 18 34 21 32 10 7 7 9 9 4 1 1 1 1 1 3 0 0 0 0 0 0 0 0 0 0 0 0 0 0 0 0 0 1 2 2 1 3 1 0 0 1 1 2 1 1 1 3 5 6 20 26 18 6 24 19 9 4 3 1 1 0 1 1 1 1 1 0 0 0 2 5 8 10 17 23 20 18 18 21 27 6 2 11 6
41 18 18 14 21 7 9 31 52 25 6 29 47 36 34 30 11 18 27 11 4 1 3 1 3 3 0 0 0 0 0 0 0 0 0 0 0 0 0 0 0 0 0 0 2 1 1 0 0 1 0 0 1 1 2 2 1 3 14 21 18 22 57 21 26 13 16 13 4 2 1 1 0 0 0 1 0 1 0 0 0 1 2 5 5 3 7 3 3 4 3 41 19 6 3 2
72 47 23 16 20 9 19 39 72 23 10 23 50 50 48 20 14 52 15 2 2 8 5 4 4 1 1 1 1 1 0 1 0 0 0 0 0 0 0 0 0 0 0 0 0 0 0 0 0 0 0 0 1 2 2 5 7 9 7 16 34 25 14 32 22 18 4 7 16 3 1 0 0 0 0 0 0 0 0 0 1 2 2 2 2 1 2 5 11 25 40 62 23 5 2 1
66 62 27 29 31 14 22 48 67 32 14 32 76 74 32 40 20 17 4 2 5 18 24 10 4 3 1 1 2 1 1 2 1 0 0 0 0 1 0 0 0 0 0 0 0 0 0 0 0 0 1 1 3 4 4 8 6 5 17 45 41 34 19 30 3 38 20 2 2 9 7 3 1 0 0 0 0 0 0 0 1 1 1 2 1 2 9 18 10 11 17 31 9 4 2 1
70 56 33 46 41 36 28 56 69 38 26 40 78 66 43 26 9 4 1 6 16 21 10 2 2 1 1 3 2 1 2 1 1 0 0 1 1 1 1 0 0 0 0 0 0 0 0 0 0 0 1 1 2 2 2 4 6 19 14 53 31 10 11 53 18 6 23 6 1 1 2 2 3 2 1 0 0 0 0 0 1 1 1 1 2 5 13 10 9 20 9 15 10 5 2 1
72 61 36 54 52 49 48 46 56 39 32 43 59 23 20 13 4 5 3 10 26 7 4 4 1 1 1 5 4 2 5 2 0 1 1 1 1 2 1 0 0 0 0 0 0 0 0 0 0 0 0 1 2 2 5 7 3 13 22 35 4 1 11 39 9 7 4 15 3 0 1 1 2 1 1 1 0 0 0 0 0 1 1 1 1 4 18 5 5 23 7 6 7 2 1 1
48 45 44 60 60 43 63 50 73 77 64 48 40 29 35 26 15 17 7 13 22 8 5 4 2 2 2 8 6 3 5 2 1 1 1 2 2 2 0 1 1 1 0 0 0 0 0 0 0 0 0 1 2 2 2 4 2 7 22 6 3 2 18 37 14 2 1 1 5 1 0 0 1 0 1 0 0 0 0 0 0 1 1 1 5 10 17 5 5 15 5 1 2 3 1 0
63 37 67 76 67 69 66 83 76 89 88 84 42 61 57 47 36 13 11 26 19 8 5 2 3 4 3 8 8 8 4 3 2 2 2 4 6 2 1 1 3 1 0 0 0 0 0 0 0 0 1 1 1 2 1 1 4 16 25 3 2 2 5 29 14 5 1 0 3 3 1 0 0 0 2 0 0 0 0 0 0 1 1 2 3 2 2 1 3 3 5 3 3 2 0 0
56 52 58 67 79 81 85 86 71 67 72 79 83 78 38 31 23 15 17 13 6 8 6 7 11 7 7 23 13 23 6 6 4 5 6 11 11 3 2 2 2 1 0 0 0 0 0 0 0 0 0 1 1 0 1 2 5 7 7 4 2 2 2 30 5 4 3 0 2 3 2 0 0 0 0 1 0 0 0 0 0 1 2 3 2 1 2 1 2 1 2 1 1 0 0 0
67 57 41 43 56 65 75 52 43 37 48 55 57 75 44 33 36 44 30 16 15 15 13 19 31 18 13 30 25 17 8 12 7 11 8 15 7 4 5 1 1 0 1 0 0 0 0 0 0 0 0 0 0 1 1 0 2 2 3 9 2 2 4 9 3 0 3 1 1 1 1 1 0 0 0 2 0 0 0 0 0 1 1 3 1 1 1 1 1 0 0 0 0 0 0 1
69 77 47 25 48 42 44 58 36 43 48 34 56 76 82 66 74 60 37 28 37 33 34 28 34 23 18 37 34 13 17 17 15 17 21 20 11 5 1 0 0 1 1 1 1 0 0 0 0 0 0 0 0 1 1 1 2 2 1 2 2 2 3 6 6 0 1 1 1 2 1 0 0 0 0 0 0 0 0 0 0 0 2 2 1 1 1 1 1 0 0 0 0 0 1 1
51 63 82 44 23 23 44 42 60 27 19 20 59 39 52 91 90 42 61 58 54 50 49 36 39 31 30 50 35 27 25 21 26 38 33 10 3 1 2 2 2 1 1 1 1 1 0 0 0 0 0 0 0 0 1 1 2 1 1 1 1 1 1 2 8 0 0 1 0 0 1 0 0 0 0 0 0 0 0 0 0 0 2 1 0 0 0 0 0 0 0 0 0 1 1 1
70 67 73 78 34 11 12 46 43 34 6 8 18 36 69 77 67 85 87 65 56 71 64 31 50 36 54 42 38 32 36 25 40 54 51 13 8 4 7 6 8 7 2 2 3 1 0 0 0 0 0 0 0 0 1 1 1 1 1 1 0 0 0 0 3 1 0 0 0 0 0 0 0 0 0 0 0 0 0 0 0 0 1 0 0 0 0 0 0 0 0 0 1 1 1 1
50 34 40 87 37 23 16 17 14 17 11 2 12 60 72 70 55 48 76 61 69 74 62 40 62 57 69 59 52 60 38 39 38 35 32 14 10 11 10 9 2 2 6 9 1 0 0 0 0 0 0 0 0 0 0 1 1 2 0 1 0 0 0 1 3 1 1 0 0 0 0 0 0 0 0 0 0 0 0 0 0 0 0 0 0 0 0 0 0 1 1 1 1 2 1 1
19 35 35 80 81 18 18 8 9 7 8 4 13 22 29 37 55 77 51 18 55 21 62 78 90 79 71 43 63 36 48 29 24 11 49 33 31 17 7 4 1 0 7 4 2 1 1 0 0 0 0 0 0 0 0 0 0 0 0 0 0 0 0 1 1 1 0 0 0 0 0 0 0 0 0 0 0 0 0 0 0 0 0 0 0 0 0 0 1 1 1 2 2 1 1 1
10 16 25 30 75 66 24 7 6 6 5 4 9 26 42 48 19 64 58 24 59 45 19 35 55 32 51 25 47 13 7 20 11 10 22 62 41 17 8 30 6 5 6 5 4 1 0 0 0 1 0 0 0 0 0 0 0 0 0 0 0 0 0 1 1 1 0 0 0 0 0 0 0 0 0 0 0 0 0 0 0 0 0 0 0 0 0 0 1 1 1 1 6 2 1 1
4 8 13 3 25 80 24 9 3 2 4 4 3 7 13 20 31 48 29 38 60 29 7 29 47 26 26 20 23 38 21 26 16 8 11 38 52 63 56 43 27 14 11 12 6 2 1 1 2 0 0 0 0 0 0 0 0 0 0 0 0 0 0 0 0 1 0 0 0 0 0 0 0 0 0 0 0 0 0 0 0 0 0 0 0 0 0 0 1 0 1 1 2 2 1 2
8 4 9 27 22 45 69 18 11 3 1 2 2 3 12 9 28 45 5 13 66 43 12 5 49 53 25 13 22 30 8 7 9 5 5 14 30 31 20 6 15 13 6 8 8 5 6 4 1 0 0 1 1 0 0 1 0 0 0 0 0 0 0 0 0 1 0 0 0 0 0 0 0 0 0 0 0 0 0 0 0 0 0 0 0 0 0 0 0 1 1 1 2 2 4 5
12 3 2 11 26 37 68 42 11 7 3 2 2 2 3 2 10 7 7 39 80 20 8 4 5 31 10 13 10 23 19 8 9 7 6 28 15 5 4 3 4 1 2 20 8 13 15 9 3 2 2 1 1 1 0 0 0 0 0 0 0 0 0 0 0 0 0 0 0 0 0 0 0 0 0 0 0 0 0 0 0 0 0 0 0 0 0 1 1 1 1 2 2 2 2 6
23 12 7 3 5 7 14 46 12 12 4 2 1 1 4 2 6 3 15 15 68 19 8 6 2 7 7 8 2 15 16 5 4 4 6 12 10 2 1 2 2 1 2 4 9 7 4 1 2 1 1 1 1 1 1 0 0 0 0 0 0 0 0 0 0 0 0 0 0 0 0 0 0 0 0 0 0 0 0 0 0 0 0 0 0 0 0 2 0 1 2 2 3 3 5 9
9 7 12 3 3 15 14 38 34 14 7 2 1 1 1 2 2 4 5 17 45 62 22 7 2 2 4 1 2 10 15 5 3 4 2 2 3 2 1 1 1 1 1 1 9 5 4 1 1 0 0 0 0 0 0 0 0 0 0 0 0 0 0 0 0 0 0 0 0 0 0 0 0 0 0 0 0 0 0 0 0 0 0 0 0 0 1 1 2 3 3 3 4 7 6 10
18 10 3 2 2 5 8 16 31 9 4 2 1 0 1 1 1 1 6 34 25 43 22 11 5 1 5 4 1 1 6 3 3 2 1 1 1 3 1 1 1 1 0 1 3 5 6 2 1 0 0 0 0 0 0 0 0 0 0 0 0 0 0 0 0 0 0 0 0 0 0 0 0 0 0 0 0 0 0 0 0 0 0 0 0 0 1 2 1 1 1 1 2 4 5 3
27 18 4 1 0 4 3 8 19 14 3 2 1 1 1 1 1 4 11 25 7 14 22 4 3 2 1 2 3 0 2 3 1 1 1 1 1 1 1 1 1 1 0 0 1 3 5 3 1 1 0 0 0 0 0 0 0 0 0 0 0 0 0 0 0 0 0 0 0 0 0 0 0 0 0 0 0 0 0 0 0 0 0 0 0 0 1 1 1 1 0 1 2 2 2 3
28 15 6 4 1 1 3 5 28 3 3 1 1 0 0 0 0 2 10 5 1 7 41 5 2 2 1 1 1 2 1 1 1 1 1 0 0 0 0 1 1 0 0 0 0 1 5 2 2 1 0 0 0 0 0 0 0 0 0 0 0 0 0 0 0 0 0 0 0 0 0 0 0 0 0 0 0 0 0 0 0 0 0 0 0 0 1 1 0 1 1 1 1 2 3 2
26 15 6 2 2 1 2 3 15 3 1 2 1 0 0 0 0 2 3 2 7 13 31 10 3 1 1 2 1 3 1 1 1 0 1 0 0 0 0 0 0 0 0 1 2 2 3 3 4 3 1 0 0 0 0 0 0 0 0 0 0 0 0 0 0 0 0 0 0 0 0 0 0 0 0 0 0 0 0 0 0 0 0 0 0 0 0 1 1 1 1 1 2 1 3 4
17 8 4 2 2 1 1 1 3 10 2 1 1 0 0 0 0 1 1 2 2 6 23 10 3 3 1 1 1 3 1 0 1 1 0 0 0 0 0 0 0 0 0 2 1 1 2 1 3 3 2 1 0 0 0 0 0 0 0 0 0 0 0 0 0 0 0 0 0 0 0 0 0 0 0 0 0 0 0 0 0 0 0 0 0 0 0 0 1 1 1 3 2 2 6 3
15 11 3 2 2 1 1 1 1 4 3 0 0 0 0 0 0 0 1 1 2 5 27 7 4 1 2 1 1 1 1 0 0 0 0 0 0 0 0 0 0 0 1 2 0 1 1 1 2 2 1 1 1 0 0 0 0 0 0 0 0 0 0 0 0 0 0 0 0 0 0 0 0 0 0 0 0 0 0 0 0 0 0 0 0 0 0 0 0 1 1 1 1 1 2 2
55 24 8 1 1 1 1 1 1 2 3 1 1 0 0 0 0 0 0 0 2 3 14 5 1 1 1 1 1 0 1 0 0 0 0 0 0 0 0 0 0 0 1 0 0 1 0 1 1 1 2 1 1 1 0 0 0 0 0 0 0 0 0 0 0 0 0 0 0 0 0 0 0 0 0 0 0 0 0 0 0 0 0 0 0 0 0 0 0 0 1 2 1 1 2 0
11 40 20 5 1 0 0 0 1 1 5 1 1 0 0 0 0 0 0 0 1 2 7 6 1 1 0 0 0 0 0 1 0 0 0 0 0 0 0 0 0 1 0 0 0 0 0 0 1 1 0 0 1 1 1 0 0 0 0 0 0 0 0 0 0 0 0 0 0 0 0 0 0 0 0 0 0 0 0 0 0 0 0 0 0 0 0 0 0 0 1 1 1 1 1 2
2 31 3 16 5 2 0 0 0 1 2 1 0 0 0 0 0 0 0 0 1 3 2 5 2 1 1 0 0 0 0 0 0 0 0 0 0 0 0 0 0 0 0 0 0 0 0 0 1 1 0 0 0 0 1 0 0 0 0 0 0 0 0 0 0 0 0 0 0 0 0 0 0 0 0 0 0 0 0 0 0 0 0 0 0 0 0 0 0 0 0 0 0 1 1 1
4 5 2 9 3 3 1 0 0 0 1 1 0 0 0 0 0 0 0 1 0 0 4 5 5 2 1 1 0 0 0 0 0 0 0 0 0 0 0 0 0 0 0 0 0 0 0 0 1 1 0 0 0 0 0 0 0 0 0 0 0 0 0 0 0 0 0 0 0 0 0 0 0 0 0 0 0 0 0 0 0 0 0 0 0 0 0 0 0 0 0 0 1 2 2 2
5 3 2 2 2 1 2 0 0 0 0 0 0 0 0 0 0 0 0 0 1 2 5 4 6 2 1 0 0 0 0 0 0 0 0 0 0 0 0 0 0 0 0 0 0 0 0 0 1 1 1 0 0 0 0 0 0 0 0 0 0 0 0 0 0 0 0 0 0 0 0 0 0 0 0 0 0 0 0 0 0 0 0 0 0 0 0 0 0 0 0 0 0 0 1 1
3 2 2 1 1 0 1 1 0 0 0 0 0 0 0 0 0 0 0 0 1 2 3 2 3 3 1 0 0 0 0 0 0 0 0 0 0 0 0 0 0 0 0 0 0 0 0 0 1 1 0 0 0 0 0 0 0 0 0 0 0 0 0 0 0 0 0 0 0 0 0 0 0 0 0 0 0 0 0 0 0 0 0 0 0 0 0 1 0 0 0 0 0 1 1 2
2 3 3 1 0 0 0 0 0 0 0 0 0 0 0 0 0 0 0 1 1 0 2 1 1 2 1 0 0 0 0 0 0 0 0 0 0 0 0 0 0 0 0 0 0 0 0 0 1 0 0 0 0 0 0 0 0 0 0 0 0 0 0 0 0 0 0 0 0 0 0 0 0 0 0 0 0 0 0 0 0 1 1 1 1 1 1 1 0 0 0 0 0 0 1 1
1 0 1 1 0 0 0 0 0 0 0 0 0 0 0 0 0 0 0 0 0 0 1 2 0 0 0 0 0 0 0 0 0 0 0 0 0 0 0 0 0 0 0 0 0 0 0 1 2 0 0 0 0 0 0 0 0 0 0 0 0 0 0 0 0 0 0 0 0 0 0 0 0 0 0 0 0 0 0 0 0 0 0 1 1 1 1 1 1 1 0 0 1 1 1 1
0 0 0 0 0 0 0 0 0 0 0 0 0 0 0 0 0 0 0 0 0 0 0 0 0 0 0 0 0 0 0 0 0 0 0 0 0 0 0 0 0 0 0 0 0 0 0 0 1 0 0 0 0 0 0 0 0 0 0 0 0 0 0 0 0 0 0 0 0 0 0 0 0 0 0 0 0 0 0 0 0 0 0 0 1 1 2 3 2 2 2 2 2 2 1 4
0 0 0 0 0 0 0 0 0 0 0 0 0 0 0 0 0 0 0 0 0 0 0 0 0 0 0 0 0 0 0 0 0 0 0 0 0 0 0 0 0 0 0 0 0 0 0 0 0 0 0 0 0 0 0 0 0 0 0 0 0 0 0 0 0 0 0 0 0 0 0 0 0 0 0 0 0 0 0 0 0 0 0 0 0 1 1 1 5 5 2 5 4 4 2 3
0 0 0 0 0 0 0 0 0 0 0 0 0 0 0 0 0 0 0 0 0 0 0 0 0 0 0 0 0 0 0 0 0 0 0 0 0 0 0 0 0 0 0 0 0 0 0 0 0 0 0 0 0 0 0 0 0 0 0 0 0 0 0 0 0 0 0 0 0 0 0 0 0 0 0 0 0 0 0 0 0 0 0 0 0 0 0 0 0 0 0 1 4 9 9 5
