sesion_6_simulaciones/modelos_agentes/ejemplos_netlogo/scenarios/echam4_a2/rob_2076.asc
NCOLS 322 
NROWS 307 
XLLCORNER 451900 
YLLCORNER 4086900 
CELLSIZE 100 
NODATA_value -9999 
[rows 0 to 73 of 307, columns 192 to 287 of 322]
17 16 9 4 17 37 16 7 7 10 14 6 4 3 7 5 4 4 8 9 9 11 8 10 18 30 17 34 38 65 31 12 12 3 2 4 8 8 5 18 23 10 11 36 37 37 24 33 39 41 23 21 23 26 19 23 18 56 13 12 1 1 2 5 7 3 6 6 3 8 3 2 2 4 8 3 3 6 20 4 2 4 4 8 7 6 13 9 7 7 2 4 6 25 4 1
17 8 10 10 16 32 7 12 23 14 10 8 14 14 8 9 14 3 8 13 17 11 7 8 10 38 15 20 14 26 65 39 9 5 3 2 4 7 14 10 21 7 4 13 19 20 31 25 36 65 76 47 21 18 18 21 33 40 38 3 4 2 8 5 6 4 6 4 9 3 1 5 2 6 16 4 20 10 6 9 5 9 13 9 6 3 9 11 10 9 4 6 5 8 3 2
5 15 8 8 30 19 13 6 4 12 13 15 26 30 16 30 20 19 30 34 35 20 16 11 6 10 8 3 4 10 14 42 34 9 11 5 4 3 8 3 2 4 19 36 30 42 35 33 47 48 53 34 40 22 32 53 16 19 19 7 7 6 8 4 3 8 3 3 3 5 2 4 3 5 31 6 38 17 6 13 6 6 10 13 8 2 5 6 12 7 5 15 5 16 3 1
9 8 28 45 21 10 10 11 12 30 14 26 43 31 27 44 34 19 31 50 43 42 37 23 20 13 2 5 5 2 6 13 6 9 8 7 9 3 3 3 10 19 10 11 20 48 38 34 12 18 13 11 13 36 25 34 26 9 12 15 17 4 4 7 2 12 7 7 24 5 8 7 2 2 16 6 10 11 13 14 9 8 12 17 9 2 4 12 19 6 11 9 8 19 2 0
7 6 14 3 28 32 23 26 34 25 32 17 26 28 33 49 34 43 50 58 57 40 35 38 26 36 22 35 26 7 3 1 6 4 5 9 3 1 2 4 8 10 15 21 16 21 17 23 40 48 47 32 23 18 55 51 13 14 4 5 13 9 4 6 4 14 6 4 3 2 2 2 3 2 7 7 6 16 34 41 28 7 7 18 18 12 1 9 10 21 13 8 12 25 5 1
8 7 18 12 7 10 36 10 31 28 26 32 12 31 42 47 60 52 20 29 41 30 23 37 36 38 23 38 32 14 14 8 3 2 2 1 1 2 1 2 5 11 17 30 47 58 56 57 43 23 24 23 43 45 78 43 17 16 4 22 28 19 10 7 5 14 4 5 9 7 12 9 8 6 5 7 15 14 17 11 16 34 23 15 21 13 3 6 11 12 5 9 10 11 6 1
6 3 4 15 8 7 41 10 7 19 23 66 35 17 42 59 48 56 26 11 21 38 45 58 34 35 41 32 35 32 26 20 20 18 11 3 5 7 4 1 4 10 22 30 57 35 33 42 52 39 46 78 34 53 68 29 16 25 12 21 24 18 14 15 14 9 13 16 14 4 8 9 9 15 14 7 2 9 20 23 14 32 18 8 6 20 7 5 7 7 6 12 20 21 4 3
4 4 4 7 19 16 28 43 10 5 12 19 57 14 6 23 15 29 32 18 14 31 16 35 32 29 35 27 40 37 36 35 33 34 31 16 22 11 5 3 6 23 34 42 48 47 47 68 81 74 71 34 62 55 61 32 14 5 8 11 11 5 5 2 2 8 7 7 21 8 7 6 9 14 15 10 3 14 26 12 36 54 33 10 5 27 15 7 8 17 14 20 33 15 6 4
9 8 9 5 12 10 23 52 52 21 10 11 25 46 24 17 12 39 46 31 25 43 14 27 56 40 35 39 41 52 51 49 51 48 33 30 16 8 3 5 13 20 34 39 65 59 42 56 69 75 52 41 76 55 52 18 7 29 42 21 23 13 24 10 9 29 8 10 4 4 7 7 9 12 9 5 3 7 10 21 34 47 26 18 7 11 10 6 6 22 18 26 14 25 8 15
6 9 10 7 7 4 19 19 57 36 31 20 19 32 38 18 18 16 51 47 46 55 21 25 47 45 37 34 27 43 11 30 51 53 42 20 11 9 5 6 6 13 27 38 57 31 27 70 47 38 30 85 64 59 34 16 23 39 31 39 24 64 47 11 22 7 11 14 13 4 5 11 12 7 5 4 3 6 27 10 6 28 31 28 16 7 15 5 7 9 11 32 20 21 13 39
9 9 11 14 7 4 2 4 7 26 18 14 12 42 28 21 31 8 19 48 35 60 64 26 34 30 59 38 15 37 48 17 7 7 14 34 19 10 6 6 11 14 35 57 24 52 56 61 23 29 73 78 50 56 21 15 20 27 18 33 61 67 17 10 9 9 11 10 19 14 23 13 15 13 8 6 3 3 8 15 14 45 67 30 36 13 8 13 4 13 32 11 20 13 14 64
21 13 7 11 12 11 8 5 5 5 7 9 17 19 19 17 15 30 23 26 53 59 54 37 8 23 55 45 21 22 49 51 12 5 6 9 27 12 1 5 29 37 41 21 11 13 44 15 27 63 85 75 51 33 13 34 26 18 23 72 52 38 6 8 10 9 21 12 11 17 15 15 19 26 22 17 7 4 14 13 18 69 35 55 32 27 13 6 5 23 20 11 30 8 35 67
30 19 17 33 26 27 25 15 28 20 19 15 9 9 10 12 15 50 44 23 19 40 36 35 9 24 36 32 26 12 12 29 11 3 1 3 12 18 2 7 25 29 26 41 40 35 65 17 41 78 72 44 11 32 50 52 48 53 76 69 7 10 9 5 6 4 6 6 14 8 4 10 25 32 35 20 9 2 13 22 54 48 15 32 45 30 20 5 6 23 18 14 35 10 35 43
58 49 37 47 42 36 28 27 27 30 34 41 21 20 14 14 12 9 10 11 19 18 10 19 17 25 28 29 12 7 10 19 19 13 2 1 6 13 9 13 12 24 22 12 13 53 32 23 57 46 31 10 23 40 41 41 58 61 43 6 22 28 19 10 11 4 3 3 10 8 17 31 25 17 20 22 11 3 8 18 50 17 13 36 66 32 25 13 5 10 11 16 21 12 32 25
13 54 52 61 49 45 23 32 18 21 38 34 29 34 38 38 35 21 8 9 8 7 5 15 19 19 15 11 4 2 10 13 14 10 3 2 9 16 19 11 11 13 19 12 7 17 15 22 26 23 7 15 25 30 38 43 42 8 24 27 31 19 32 59 53 42 30 11 11 18 32 17 30 29 15 12 8 3 10 21 27 13 8 56 68 67 39 42 23 5 9 16 12 15 41 34
30 51 66 34 52 73 45 20 39 30 22 38 37 49 54 45 44 22 18 19 15 8 5 4 16 10 4 3 2 3 3 13 18 20 12 5 7 11 12 16 11 12 12 8 3 6 24 31 18 12 25 19 19 28 29 32 11 37 31 27 34 55 64 43 43 50 13 8 20 4 24 53 23 20 25 30 32 19 8 23 25 14 4 12 39 67 20 14 20 24 5 22 10 15 44 42
67 22 72 45 47 64 77 79 39 16 29 28 52 49 49 44 51 45 38 37 35 32 17 9 6 6 16 16 10 6 2 2 4 7 12 10 10 11 10 18 10 10 7 7 5 3 5 6 18 38 26 46 39 26 16 34 38 37 34 28 55 48 65 46 43 24 10 25 14 21 15 6 38 11 31 42 49 33 25 8 40 22 15 4 14 44 57 18 7 11 5 6 14 23 17 21
38 12 60 34 60 64 71 39 77 75 52 55 55 25 28 30 46 51 42 39 38 38 34 17 15 17 30 23 18 14 3 1 2 1 4 8 9 8 9 10 11 9 5 4 1 8 18 36 39 34 37 57 50 48 24 33 30 53 48 44 70 57 49 32 16 17 22 28 19 13 7 7 29 29 40 45 45 51 38 13 9 21 20 16 5 21 34 25 20 3 10 1 14 20 9 9
39 34 45 46 35 62 68 39 48 79 49 70 83 60 42 35 52 67 69 58 57 41 24 19 29 19 34 31 43 17 17 16 16 9 6 4 6 4 8 8 4 3 2 3 14 23 39 39 34 38 50 56 48 34 48 48 46 43 36 44 63 31 12 6 15 14 12 52 25 9 12 6 31 36 7 21 56 40 52 43 11 7 38 23 15 5 22 27 25 12 2 2 18 9 2 2
45 18 29 46 33 48 77 42 30 66 72 82 83 73 76 66 27 45 48 64 46 41 39 34 37 34 34 43 42 40 29 25 23 21 16 9 5 4 3 3 1 1 7 13 37 34 38 49 29 49 56 42 54 49 50 45 12 8 23 43 70 33 9 23 30 23 42 40 20 20 14 4 8 39 27 7 20 30 45 48 44 14 13 28 21 7 4 16 30 21 2 1 11 2 10 17
74 37 39 42 14 39 70 44 60 47 69 57 76 45 60 65 29 21 45 68 47 60 42 26 56 48 36 29 35 32 26 16 19 17 24 15 12 5 2 1 1 4 15 33 37 44 24 23 49 67 45 47 59 64 73 60 32 22 30 47 54 13 12 30 30 21 22 7 22 30 17 4 5 16 40 19 8 12 68 35 36 18 6 17 19 5 8 21 14 14 1 2 2 3 21 37
57 19 49 49 20 16 42 72 24 49 81 76 80 60 54 32 35 11 25 73 69 51 39 37 26 29 12 12 19 17 23 21 13 13 24 21 12 10 5 2 4 12 20 28 21 36 32 48 46 41 32 42 43 73 74 74 66 51 38 39 23 9 20 28 37 33 24 12 16 28 10 5 5 13 39 23 9 11 25 47 38 30 12 8 24 8 13 18 10 4 4 14 5 11 33 44
75 27 68 72 41 29 32 54 26 27 81 69 57 36 19 41 37 31 12 27 35 56 74 74 47 18 35 23 10 16 15 12 8 10 15 26 19 6 3 1 2 16 30 33 15 20 10 24 14 17 13 32 48 32 53 73 46 30 19 65 24 8 20 22 19 28 48 21 24 8 5 6 14 31 53 24 12 18 29 63 37 19 12 4 11 16 13 17 7 3 12 42 20 20 19 35
69 59 53 75 24 37 42 57 51 26 28 24 30 59 29 21 47 45 24 34 39 40 67 56 50 23 31 36 23 8 9 8 8 7 9 13 19 8 3 1 4 7 6 14 11 7 14 15 25 23 15 31 22 31 29 19 12 25 56 42 9 17 24 17 26 50 22 18 27 12 5 9 16 34 37 18 21 16 34 54 41 47 23 7 5 9 12 17 3 6 14 12 31 37 19 23
41 34 51 50 36 17 51 65 40 16 35 23 24 45 52 31 38 44 38 17 19 26 36 29 27 19 25 38 34 14 9 6 6 6 6 8 6 11 4 1 2 6 14 17 22 31 36 33 27 29 39 20 12 7 8 15 25 30 66 32 8 32 18 13 35 62 23 32 31 16 10 11 21 46 30 19 33 20 29 47 40 41 40 25 7 4 13 7 3 22 24 22 21 21 50 18
23 29 19 46 25 12 56 64 40 19 15 25 24 17 43 42 24 19 28 28 14 14 22 26 24 19 12 30 50 13 9 6 2 1 2 2 6 5 8 2 4 7 7 11 22 23 34 16 16 31 29 41 31 43 27 28 32 53 56 6 13 22 12 9 33 45 30 27 25 19 9 9 26 54 21 34 35 18 14 28 29 39 28 13 15 4 3 8 20 37 37 36 39 24 14 40
16 18 11 14 10 31 49 41 25 14 7 15 15 9 8 25 30 27 25 27 12 11 13 18 7 10 11 12 15 23 19 5 3 1 1 2 4 3 6 3 2 2 4 9 13 17 12 16 28 25 40 37 31 38 46 61 69 79 34 7 16 17 10 20 60 41 14 27 32 18 12 8 22 54 21 20 24 29 8 16 29 40 17 12 5 4 7 23 42 40 39 30 34 46 53 22
10 9 5 3 4 5 7 10 8 6 4 3 3 2 3 6 9 8 14 21 12 9 8 7 4 4 15 11 10 13 16 12 11 5 2 2 3 2 6 2 2 1 4 5 8 10 23 20 17 45 30 33 36 39 52 78 66 52 10 20 25 14 29 46 79 26 39 20 18 20 19 13 33 56 32 20 24 34 9 15 27 36 25 29 14 2 9 20 22 16 13 11 9 13 24 30
3 5 6 6 3 1 1 2 3 1 2 1 1 1 1 1 2 2 3 5 8 6 5 3 3 5 13 11 9 7 7 7 4 4 5 3 2 2 3 2 2 5 18 19 19 23 37 56 20 38 27 25 29 27 69 62 35 8 21 29 24 19 39 69 32 17 36 19 20 24 18 10 22 48 66 37 31 24 10 13 27 42 36 22 11 2 8 10 7 18 18 23 23 18 16 29
8 15 13 22 13 5 4 3 4 11 11 12 13 15 23 13 11 10 3 1 2 1 1 2 1 7 7 5 6 4 3 2 5 4 3 3 1 1 1 2 6 19 20 22 27 38 42 27 50 34 26 22 32 35 71 29 15 21 31 31 22 21 40 71 28 16 17 30 19 9 8 12 41 53 27 52 39 26 10 7 37 32 41 21 9 2 9 19 32 41 21 31 38 30 22 8
15 24 23 27 22 7 8 24 15 25 25 31 27 30 30 30 27 23 20 11 6 4 4 2 1 1 1 3 5 3 2 2 3 3 3 2 0 0 2 5 18 20 24 37 41 51 47 38 44 62 59 53 36 50 33 17 6 34 27 31 14 22 51 61 30 12 19 28 24 19 5 13 53 23 21 62 53 34 16 7 22 19 35 20 5 6 19 19 21 31 25 22 11 12 13 26
29 30 28 32 20 14 15 31 30 30 29 33 47 35 44 43 34 26 25 24 15 24 18 8 7 5 3 1 1 1 1 1 1 3 2 1 1 2 5 19 21 23 27 31 44 51 55 68 54 54 36 76 58 34 39 33 13 31 35 46 37 28 60 20 10 30 39 18 32 16 5 14 23 27 17 63 37 35 16 11 24 21 22 17 4 12 37 42 41 27 20 9 16 16 16 27
48 46 34 46 33 19 19 26 26 30 50 49 49 54 50 35 35 31 29 29 27 31 27 18 17 16 8 5 3 4 6 9 3 1 1 1 1 1 5 17 18 24 25 34 49 50 62 64 50 52 36 24 46 44 53 11 29 35 26 39 27 33 41 46 44 25 18 15 45 33 13 9 28 21 35 68 35 31 25 11 13 22 19 8 12 24 37 58 56 48 44 23 25 34 35 64
48 49 53 38 35 34 22 36 47 52 56 50 52 41 50 40 36 36 33 46 42 42 26 23 21 33 17 14 7 8 25 8 5 1 0 0 0 2 4 11 9 15 23 27 38 58 35 16 66 59 45 31 48 54 11 10 24 27 26 39 48 52 56 27 19 18 28 23 20 28 22 13 33 27 35 48 44 48 28 11 10 18 10 8 21 27 24 24 16 15 15 27 34 36 71 75
48 48 56 55 53 26 24 38 50 59 56 50 51 50 48 50 37 60 50 49 27 21 23 25 27 24 20 17 16 21 8 6 3 2 2 2 1 1 4 11 11 20 36 26 19 28 22 37 36 44 45 16 33 8 15 10 14 18 20 34 54 60 35 54 34 17 18 18 18 32 38 14 18 25 38 42 47 28 24 12 6 11 10 15 33 15 16 23 38 39 33 29 20 64 48 58
59 72 60 30 50 27 40 40 65 54 50 51 48 66 69 52 55 53 39 53 35 32 17 40 41 21 20 23 40 12 5 5 5 4 6 3 3 4 5 9 20 26 33 14 22 26 25 40 35 33 23 17 22 8 16 7 18 34 38 48 38 27 43 57 22 12 10 12 27 25 24 15 11 23 26 51 50 36 25 12 5 7 16 33 45 45 35 29 33 24 20 49 56 68 48 29
65 77 43 44 61 36 31 62 57 67 37 54 66 56 73 58 37 27 56 45 42 35 14 50 20 18 28 39 13 7 9 14 12 10 8 8 7 5 2 3 13 19 11 11 14 31 57 55 44 28 24 15 13 13 21 27 36 25 20 22 24 32 36 57 28 14 17 16 14 12 15 20 10 22 39 35 31 43 28 11 5 21 39 28 39 57 52 52 46 45 22 43 43 45 50 24
50 67 35 36 60 36 37 66 55 63 27 49 68 53 69 42 39 41 56 61 50 26 29 18 22 36 56 12 8 17 16 15 15 13 10 8 7 7 2 2 2 3 6 11 26 48 52 35 56 24 17 10 26 22 26 17 13 8 24 24 19 40 39 33 16 52 56 45 33 32 20 20 10 19 24 19 28 32 14 4 10 34 54 63 57 62 66 58 44 45 42 51 22 12 46 34
56 31 34 31 51 26 32 60 73 56 21 55 68 62 60 64 38 56 76 62 45 24 43 26 44 49 12 14 22 22 16 15 27 16 20 12 10 11 11 6 7 6 6 16 51 35 48 17 22 37 14 16 32 27 26 21 15 25 56 54 43 42 72 39 49 38 50 53 30 23 22 21 11 8 14 24 15 25 6 2 14 28 29 47 46 26 44 17 12 14 9 69 53 30 26 14
80 58 41 28 41 22 45 56 81 43 24 40 56 62 65 38 35 81 56 19 25 53 49 40 47 28 25 28 39 39 23 28 26 24 11 19 13 22 15 13 8 4 1 4 22 21 23 9 7 7 5 15 23 34 28 43 46 45 31 41 60 53 35 58 50 47 23 41 67 33 18 12 10 5 10 15 10 16 9 8 22 35 34 35 29 15 20 26 38 58 70 87 66 33 25 11
65 65 31 37 40 20 33 52 64 39 20 38 71 70 38 56 44 50 22 17 32 65 73 58 45 49 32 33 43 31 27 52 32 13 14 26 18 28 26 12 11 7 5 4 1 3 2 2 8 17 32 32 43 44 42 51 38 32 53 73 76 74 53 60 15 77 65 24 24 63 59 44 28 15 3 10 10 6 5 9 22 20 20 31 23 25 52 56 44 40 52 74 46 35 27 14
59 38 22 37 30 28 18 45 54 29 19 35 66 61 47 45 28 19 7 29 50 63 52 28 26 15 15 52 48 33 44 43 28 14 19 26 31 31 29 8 10 8 10 8 8 3 1 5 11 15 26 26 37 36 30 31 40 57 43 84 76 48 42 80 58 37 74 41 23 17 33 36 44 41 21 10 6 6 4 7 25 24 18 21 31 44 54 53 50 64 49 64 57 47 29 12
49 31 13 33 21 23 16 21 31 11 11 25 38 20 25 30 10 17 14 34 59 31 28 34 22 24 18 56 52 35 63 43 19 27 25 36 37 52 36 19 17 7 16 13 9 4 2 2 11 13 12 21 39 33 47 54 32 59 63 83 33 13 47 79 48 52 38 72 39 12 17 22 39 33 33 28 9 4 2 6 16 22 21 18 23 39 71 47 37 77 49 50 56 24 15 12
22 13 9 20 12 9 13 9 25 21 15 22 19 17 32 36 29 39 22 33 49 32 32 34 26 23 24 57 54 39 61 39 34 33 32 46 44 43 20 24 36 24 17 8 5 2 1 1 5 14 13 27 41 35 34 43 26 44 72 47 32 20 67 80 64 25 19 27 52 28 17 15 19 14 37 17 12 5 3 5 13 20 26 20 49 65 79 52 48 76 47 23 30 46 16 7
10 3 12 15 10 20 24 57 51 77 70 66 18 35 45 44 51 22 24 47 41 28 30 20 25 33 23 50 53 58 45 41 37 40 41 53 66 45 30 27 56 39 9 4 4 2 1 1 9 14 31 32 33 36 21 25 45 68 80 37 26 30 46 78 72 54 24 8 45 47 30 14 14 15 44 16 7 5 3 12 17 27 28 35 40 32 35 30 45 42 57 44 45 39 11 2
6 5 7 12 55 57 66 72 46 53 64 69 73 58 26 30 21 18 25 25 15 26 25 30 44 37 36 67 55 75 44 44 41 50 55 70 74 43 44 39 51 27 14 8 7 9 6 1 4 16 15 23 22 17 18 35 52 65 58 50 27 26 32 85 55 52 49 7 35 54 45 14 12 14 16 30 11 3 3 14 15 27 43 49 42 31 34 24 32 32 39 30 23 10 3 7
10 16 5 8 18 25 56 22 25 27 49 58 40 60 29 24 25 43 34 21 21 28 27 38 63 45 37 62 61 54 38 53 43 54 51 67 54 46 59 32 19 15 26 23 17 17 10 4 2 6 20 16 17 26 26 11 38 35 44 76 41 37 50 64 49 14 46 23 29 35 32 28 17 9 7 60 11 2 5 11 22 27 22 53 35 30 31 24 23 13 14 10 8 9 13 27
27 48 16 13 32 29 40 37 27 49 52 45 60 74 72 48 58 45 29 25 36 36 41 39 52 39 37 62 62 35 47 48 49 54 66 71 59 50 24 13 13 26 26 25 34 23 19 5 2 1 6 16 18 28 29 19 37 39 28 41 42 41 46 61 67 17 32 33 23 45 33 18 22 13 13 15 10 2 4 9 17 24 39 54 30 33 27 22 31 10 7 5 7 13 25 30
18 44 64 30 9 17 31 39 61 44 34 35 73 42 48 88 81 22 36 37 42 37 43 35 41 36 44 67 53 43 46 45 54 68 71 48 23 22 33 32 40 37 32 24 37 37 24 8 2 1 1 24 18 14 31 24 40 32 27 30 36 26 28 42 75 17 15 27 19 21 26 16 14 12 10 10 6 4 3 9 13 20 58 36 16 13 14 16 15 2 3 11 13 20 28 25
56 59 63 67 27 8 18 58 60 53 12 16 38 48 74 79 64 80 80 52 32 59 52 23 40 34 53 48 47 44 48 42 59 73 78 44 42 35 52 49 64 65 48 47 58 30 15 5 1 0 1 2 4 8 28 24 43 40 26 24 22 11 5 18 53 29 17 18 17 16 15 22 14 12 7 7 5 4 3 10 16 20 25 20 11 11 6 8 3 9 11 14 27 34 25 25
34 23 39 79 23 26 19 21 26 34 26 8 32 79 85 79 61 49 74 58 61 70 57 33 50 49 68 63 60 68 51 51 57 57 55 37 41 51 54 59 28 29 61 77 30 19 15 5 1 1 2 2 2 3 12 32 36 51 22 23 22 11 6 38 57 24 25 17 16 15 19 21 10 6 9 7 6 3 5 10 10 21 19 8 7 5 6 14 14 23 29 30 32 34 18 20
19 40 35 79 78 20 27 17 24 21 30 16 42 50 52 59 73 83 58 22 55 21 68 80 91 82 75 55 74 58 68 45 43 25 74 62 66 58 36 35 15 4 59 52 44 31 26 14 6 10 10 7 2 1 2 7 9 20 10 17 15 8 9 24 38 37 24 16 18 5 6 8 12 6 3 4 5 3 3 6 11 13 13 9 4 8 19 20 28 24 27 46 38 28 23 19
13 28 30 40 77 69 40 18 19 23 22 22 41 65 74 77 39 79 75 36 63 58 32 51 67 48 63 39 68 28 19 47 31 31 55 87 73 53 35 76 42 43 50 50 58 35 19 16 22 24 16 7 1 1 1 1 1 5 3 14 13 7 15 28 27 39 26 14 11 9 9 8 7 5 4 2 4 2 1 3 4 5 8 5 4 11 15 19 27 25 30 26 60 33 22 13
6 14 24 6 35 85 37 26 14 14 22 30 25 39 49 61 65 77 57 59 68 47 17 53 68 45 47 44 49 69 52 62 53 35 43 80 87 91 89 86 74 61 60 69 61 40 34 29 47 17 11 11 9 9 6 5 2 2 1 4 4 6 8 25 27 30 25 17 9 9 6 4 5 3 2 2 2 2 1 2 2 3 1 2 3 3 5 15 26 13 18 33 33 30 15 29
13 9 18 51 37 63 81 39 40 18 11 16 20 26 58 46 70 82 19 30 75 67 30 17 80 81 56 40 56 66 34 35 43 34 32 61 80 83 77 52 68 69 44 51 56 57 68 66 37 9 19 27 23 21 22 31 27 7 3 3 2 3 5 7 14 35 18 14 7 9 6 2 4 3 3 1 1 1 1 1 1 3 5 8 10 6 8 9 22 24 22 24 28 28 39 40
25 8 7 35 59 67 85 70 35 33 25 21 20 28 27 19 52 40 29 66 89 45 26 17 26 72 42 52 46 65 64 48 53 52 48 83 72 51 42 34 43 23 22 74 49 70 81 76 48 37 46 36 34 23 17 6 9 6 4 3 3 3 4 5 4 13 17 12 9 7 4 2 1 2 2 1 1 1 0 1 1 3 4 7 13 24 25 24 32 29 24 32 30 28 24 40
39 29 24 15 21 25 38 71 40 51 33 21 18 24 41 19 44 29 56 45 83 45 29 27 16 34 37 47 23 63 69 40 42 45 58 75 72 37 25 38 34 26 27 43 60 48 45 29 33 35 30 31 28 29 30 8 5 9 4 2 2 2 4 4 3 7 12 12 7 3 3 1 1 2 2 1 0 0 1 2 3 4 9 12 5 5 17 49 20 35 38 40 43 33 39 45
22 23 46 19 20 48 48 73 74 58 51 23 20 16 20 26 33 39 33 50 76 84 61 38 14 15 31 10 26 63 73 48 38 45 39 41 45 33 25 32 30 26 27 29 65 43 45 29 19 16 16 7 9 8 18 12 3 8 4 2 2 2 2 2 3 5 7 5 5 3 2 1 1 1 1 0 0 0 1 2 2 3 3 4 4 12 33 39 44 48 46 41 43 52 43 50
40 36 18 14 18 30 43 58 74 54 41 34 16 11 15 27 14 20 42 80 71 75 64 56 35 12 41 38 14 20 57 40 47 39 20 23 31 55 25 22 28 19 14 24 45 44 52 34 25 18 15 10 4 5 9 10 4 8 6 2 1 1 1 2 2 3 4 2 4 2 2 1 1 1 1 0 0 1 1 2 1 2 3 7 13 19 23 43 26 26 20 21 32 45 44 26
53 54 25 13 5 31 28 46 65 68 35 34 21 18 22 24 14 43 66 81 49 52 62 32 27 25 15 28 37 8 34 48 28 33 19 31 29 21 22 22 33 25 10 12 22 41 52 39 38 25 22 11 8 3 3 5 4 6 9 4 2 1 1 1 1 2 2 2 2 1 1 1 0 0 0 0 0 1 1 1 1 3 4 8 16 16 26 26 26 18 15 29 34 32 27 27
58 53 36 30 10 11 29 39 76 32 39 24 16 16 16 18 15 34 71 51 11 35 82 35 25 30 14 19 19 34 30 27 22 22 24 16 15 8 9 19 32 16 9 9 11 23 49 34 42 24 16 12 6 4 1 2 3 3 4 3 1 1 1 0 1 1 1 1 1 1 1 1 0 0 0 1 1 1 2 2 2 4 10 14 10 14 36 31 23 24 31 25 29 35 36 19
55 54 38 21 21 15 29 34 72 39 16 36 26 15 13 13 11 49 51 30 53 61 73 59 33 20 25 39 15 44 32 25 28 16 26 13 18 14 4 13 9 7 10 23 32 40 47 38 57 51 37 20 8 5 1 1 2 2 2 3 2 1 0 0 0 0 1 1 1 1 1 0 0 0 0 1 1 1 1 2 2 4 5 5 9 15 18 27 33 36 39 31 35 20 34 33
49 39 32 23 22 23 14 23 42 66 35 19 27 15 13 12 15 37 30 39 33 49 71 57 37 46 20 26 28 48 24 18 21 20 11 8 15 13 11 10 4 5 10 43 27 23 45 29 45 48 49 25 15 10 3 1 1 1 2 2 2 1 0 0 0 0 1 1 1 1 0 0 0 0 1 1 1 1 1 2 3 4 7 6 7 7 19 23 23 26 29 49 35 42 56 37
43 46 28 21 24 23 21 26 29 45 49 18 14 14 14 14 14 17 23 32 35 51 78 52 46 29 40 21 24 41 22 8 13 12 15 7 9 11 6 4 3 7 25 43 10 25 29 18 38 35 32 36 25 19 13 6 2 1 1 1 1 1 0 0 0 0 1 0 0 0 0 0 0 0 1 1 1 1 2 2 4 5 6 4 4 7 10 9 18 29 24 32 28 16 28 31
84 64 49 19 15 21 17 21 25 39 49 28 23 15 17 12 11 15 16 14 40 41 67 51 27 22 24 27 22 15 29 10 9 11 10 13 9 9 3 4 15 20 26 10 11 19 13 17 24 31 38 36 48 30 20 12 7 2 0 0 1 1 1 0 0 0 0 0 0 0 0 0 0 0 1 1 1 0 1 1 2 2 3 3 2 4 5 7 12 17 29 45 27 25 28 8
52 81 67 45 23 13 12 19 24 30 63 35 24 14 9 9 10 6 12 14 26 35 55 58 28 20 16 17 20 21 19 26 15 7 6 13 8 4 2 7 14 34 18 9 14 15 12 10 25 31 18 19 23 31 26 15 8 5 2 0 0 1 0 0 0 0 0 0 0 0 0 0 0 0 1 1 1 1 2 1 2 2 2 2 3 6 6 7 10 23 26 30 24 23 22 30
25 84 38 76 55 41 13 14 16 31 48 29 20 10 8 6 3 4 11 14 28 46 36 54 44 29 21 15 13 18 16 23 15 11 5 9 3 2 4 5 19 18 18 7 7 15 5 7 24 33 15 14 17 18 44 26 16 7 5 1 0 0 0 0 0 0 0 0 0 0 0 0 0 0 1 1 1 2 2 3 2 1 2 3 6 6 6 6 16 18 20 13 17 27 26 25
45 50 35 72 50 50 31 8 11 13 31 29 11 11 6 3 3 4 12 24 11 10 52 54 57 46 34 30 10 7 8 11 9 7 3 3 2 1 2 5 17 7 6 5 5 19 5 8 30 31 18 7 4 3 26 19 17 8 3 2 1 0 0 0 0 0 0 0 0 0 0 0 0 0 1 1 2 3 3 4 6 8 6 8 9 8 6 5 11 11 13 22 33 35 36 33
53 47 42 37 44 25 54 17 6 6 14 17 11 6 4 2 2 7 10 11 22 49 62 63 67 48 34 19 15 7 12 12 8 7 5 4 2 2 5 10 8 6 4 4 7 23 12 14 38 35 31 9 3 1 5 4 8 9 3 2 1 0 0 0 0 0 0 0 0 0 0 0 0 0 1 1 2 3 9 6 8 11 16 12 11 9 7 9 17 11 12 14 17 12 18 20
51 43 47 35 40 15 24 35 5 4 12 15 19 5 3 1 2 4 11 21 41 45 59 51 56 60 27 16 15 11 10 8 7 5 3 2 1 2 3 10 6 3 3 3 3 7 8 7 24 36 20 10 11 2 2 5 3 3 3 2 1 1 0 0 0 0 0 0 0 0 0 0 1 1 1 1 2 5 5 13 16 16 12 17 14 15 15 29 21 7 9 7 11 27 25 28
41 51 53 37 19 15 13 15 9 3 8 11 14 4 2 0 2 5 18 40 28 16 48 39 38 50 29 17 14 10 7 5 5 4 2 1 1 2 7 9 4 3 2 1 2 10 3 8 30 12 16 8 6 3 3 4 4 3 2 2 1 1 0 0 0 0 0 0 0 0 0 0 0 1 1 3 3 7 11 10 21 30 33 34 37 29 32 29 19 15 14 16 11 13 28 26
25 22 29 32 16 16 8 8 8 5 3 5 6 4 1 0 3 9 16 17 21 18 35 57 19 23 20 25 9 7 6 5 3 4 3 1 1 5 12 3 2 1 1 1 3 6 7 37 48 6 3 14 5 3 2 2 4 2 2 1 1 1 0 0 0 0 0 0 0 0 0 0 0 1 1 2 3 2 3 7 13 16 18 26 42 32 43 40 31 30 18 19 29 24 20 21
10 12 11 13 12 8 8 7 7 5 2 2 2 3 1 1 3 5 7 8 15 13 10 17 15 15 11 13 6 4 3 3 2 2 1 1 2 5 3 2 2 1 0 1 3 6 13 10 32 9 3 7 8 3 3 4 3 2 1 1 1 1 0 0 0 0 0 0 0 0 0 0 0 0 1 1 2 3 2 3 6 9 15 15 39 35 50 55 40 49 43 43 36 35 27 48
13 14 14 11 8 6 5 2 2 2 1 0 1 2 1 1 2 3 3 5 9 5 5 9 10 10 8 6 9 4 3 3 2 1 1 1 2 3 3 3 1 0 2 4 7 11 4 3 5 7 5 4 4 4 4 2 2 1 1 1 0 0 0 0 0 0 0 0 0 0 0 0 0 0 0 1 1 4 4 4 5 8 7 12 21 29 25 30 67 63 33 57 49 49 31 39
