sesion_6_simulaciones/modelos_agentes/ejemplos_netlogo/scenarios/echam4_a2/rob_2018.asc
NCOLS 322 
NROWS 307 
XLLCORNER 451900 
YLLCORNER 4086900 
CELLSIZE 100 
NODATA_value -9999 
[rows 225 to 299 of 307, columns 0 to 95 of 322]
58 60 49 68 65 71 36 23 17 56 52 40 23 19 22 30 10 5 4 42 22 35 66 56 42 49 43 51 45 32 47 46 61 21 24 51 46 71 49 74 68 75 79 64 62 75 57 60 58 28 11 11 6 8 3 3 3 5 3 2 4 1 1 1 1 1 1 0 0 0 0 0 0 0 0 0 0 0 0 0 0 0 0 0 0 0 0 1 3 2 2 2 0 0 0 0
21 35 37 25 30 73 47 11 38 41 54 27 42 35 8 6 4 3 13 45 17 49 65 64 48 47 35 19 41 34 50 74 62 36 40 48 75 84 64 71 79 81 82 52 62 62 59 24 46 59 15 8 3 3 3 4 3 2 2 1 1 0 1 0 0 1 1 0 0 0 0 0 0 0 0 0 0 0 0 0 0 0 0 0 0 0 1 2 4 5 2 1 0 0 0 0
44 32 35 28 34 26 16 20 17 28 48 55 54 13 4 3 20 30 50 63 36 42 64 75 66 45 56 29 37 54 28 56 82 43 30 41 59 55 84 90 66 57 41 66 43 43 59 33 18 6 12 13 10 6 5 4 4 2 1 1 1 0 0 0 0 0 0 0 0 0 0 0 0 0 0 0 0 0 0 0 0 0 0 0 0 0 2 7 4 0 0 0 0 0 0 0
54 41 36 52 33 30 38 38 27 48 38 37 27 13 22 42 53 60 63 76 42 53 65 70 30 31 60 23 45 64 31 26 42 63 46 70 54 37 66 80 75 45 59 35 78 45 24 22 17 13 7 17 14 10 10 6 2 2 1 0 0 0 0 0 0 0 0 0 0 0 0 0 0 0 0 0 0 0 0 0 0 0 0 0 0 1 2 10 2 0 0 0 0 0 0 0
21 36 54 33 29 25 49 48 45 44 43 55 33 41 39 61 57 40 67 72 48 50 50 53 32 66 31 11 46 57 31 32 47 57 76 84 69 47 32 46 58 36 25 15 30 64 39 18 14 12 8 7 7 9 10 7 2 1 0 0 0 0 0 0 0 0 0 0 0 0 0 0 0 0 0 0 0 0 0 0 0 0 0 0 1 2 4 4 1 0 1 1 0 0 0 0
64 52 38 45 49 39 56 47 53 43 33 47 35 57 42 62 63 57 50 72 30 47 55 47 53 19 34 40 42 59 27 47 39 47 49 71 58 70 45 18 32 55 37 40 47 17 19 12 7 7 4 4 6 6 4 3 3 1 1 0 0 0 0 0 0 0 0 0 0 0 0 0 0 0 0 0 0 0 0 0 0 0 1 1 1 5 16 4 1 1 2 1 0 0 0 0
47 60 51 63 42 40 50 77 28 54 33 31 45 53 41 64 63 50 48 64 46 53 50 63 37 32 39 40 37 39 21 35 70 60 43 31 70 43 47 38 17 23 59 62 63 28 10 5 10 9 7 2 3 4 3 2 2 0 0 1 0 0 0 0 0 0 0 0 0 0 0 0 0 0 0 0 0 0 0 1 1 1 1 1 0 3 12 2 1 3 2 0 0 0 0 0
44 35 60 53 39 48 47 57 36 38 38 40 41 58 45 48 64 26 36 46 31 52 17 43 33 46 32 24 41 25 34 51 50 73 52 47 34 36 40 18 28 17 14 20 18 11 8 5 9 5 7 3 2 2 2 3 1 1 0 0 0 0 0 0 0 0 0 0 0 0 0 0 0 0 0 0 0 0 1 2 2 4 2 1 1 2 3 3 3 2 1 0 0 0 0 0
35 32 60 43 35 66 65 49 50 40 53 58 40 65 50 43 50 30 35 42 54 23 18 12 34 40 19 30 46 28 33 32 28 26 16 30 19 20 19 13 22 33 48 21 16 6 5 2 2 2 3 2 2 2 2 1 1 0 0 0 0 0 0 0 0 0 0 0 0 0 0 0 0 0 0 0 0 1 1 3 7 5 3 3 1 2 10 9 4 1 1 0 0 0 0 0
43 24 22 43 32 56 61 53 60 34 49 64 28 38 31 49 71 30 39 44 52 40 12 15 43 27 14 47 56 58 63 26 46 35 51 50 48 46 35 42 54 52 48 49 38 31 29 8 6 9 5 2 1 1 1 1 0 0 0 0 0 0 0 0 0 0 0 0 0 0 0 0 0 0 0 0 0 1 2 4 4 12 7 9 5 23 6 6 2 2 1 1 1 0 0 0
13 18 38 28 33 39 45 48 23 47 63 55 21 26 24 26 64 22 23 29 12 31 22 35 24 26 20 37 61 41 78 80 73 58 75 59 64 46 48 37 45 61 53 66 27 11 7 1 3 6 7 4 1 1 1 1 0 0 1 0 0 0 0 0 0 0 0 0 0 0 0 0 0 0 0 0 0 1 2 5 14 9 12 10 22 10 9 7 2 2 4 2 1 0 0 0
8 30 13 15 23 36 44 30 23 30 38 50 18 37 19 38 26 16 19 12 13 9 18 13 33 25 49 56 62 40 48 64 85 61 71 90 88 73 74 57 27 58 64 55 61 35 27 9 6 7 5 2 3 1 1 2 1 1 0 0 0 0 0 0 0 0 0 0 0 0 0 0 0 1 0 0 0 0 1 2 16 25 21 7 7 33 8 8 6 5 2 2 1 1 0 0
5 13 7 21 24 42 26 44 33 43 23 13 21 6 21 24 9 68 12 24 63 55 38 25 19 13 19 32 30 39 40 35 36 75 59 81 85 79 80 71 60 29 65 64 61 29 41 12 7 5 2 1 1 1 0 0 0 0 0 0 0 0 0 0 0 0 0 0 0 0 0 0 0 1 1 0 1 1 1 2 13 29 21 5 24 23 11 18 15 4 4 2 2 1 2 1
6 6 19 20 43 19 32 38 33 36 21 20 13 6 15 11 6 2 42 43 45 59 60 37 25 12 31 31 28 37 31 40 36 33 24 51 85 60 75 38 49 40 40 50 40 26 11 4 17 8 3 3 3 2 1 0 0 0 0 0 0 0 0 0 0 0 0 0 0 0 0 0 0 1 3 1 1 1 3 7 18 33 11 10 25 5 2 4 6 2 1 2 1 1 1 0
4 6 10 4 14 24 27 27 25 14 20 13 9 4 6 12 8 9 10 28 27 12 62 55 26 8 31 50 38 42 38 26 35 43 22 25 54 62 59 49 46 34 35 28 24 29 20 6 2 5 4 3 2 2 2 1 0 0 0 0 0 0 0 0 0 0 0 0 0 0 0 0 0 1 2 3 1 1 3 17 23 53 11 13 33 6 5 3 2 1 1 1 1 1 0 0
0 2 2 11 5 10 14 14 27 24 13 6 5 4 6 6 13 19 27 41 16 13 14 49 55 18 40 58 57 52 59 44 46 52 39 25 17 47 29 34 14 15 8 12 11 9 2 7 4 2 3 2 1 2 1 1 1 0 0 0 0 0 0 0 0 0 0 0 0 0 0 0 1 1 1 5 8 3 12 12 42 40 30 46 9 8 7 5 5 5 2 2 1 0 0 0
0 1 4 4 4 5 9 14 10 18 8 3 9 8 8 6 16 33 41 21 10 8 14 58 39 41 44 32 17 29 37 38 44 40 37 36 15 13 11 8 13 7 3 3 4 6 4 5 2 1 2 1 1 1 1 0 0 0 0 0 0 0 0 0 0 0 0 0 0 0 0 1 1 1 1 2 20 3 8 30 45 28 37 40 26 15 8 17 11 2 2 1 0 0 0 0
0 0 0 1 4 2 4 6 11 8 11 5 4 4 13 14 10 21 35 37 19 13 9 19 20 25 29 55 23 53 59 41 35 40 35 41 31 13 7 4 3 5 6 5 7 6 3 1 2 2 1 1 1 1 1 0 0 0 0 0 0 0 0 0 0 0 0 0 0 0 1 0 0 1 8 6 22 10 16 37 53 47 28 29 15 6 5 13 7 4 1 0 0 0 0 0
0 1 0 1 3 2 1 12 4 3 3 5 28 31 51 42 23 8 9 14 21 18 12 26 45 47 45 43 43 45 56 55 50 48 42 46 38 44 22 6 7 4 3 3 3 2 2 1 0 1 1 1 1 1 0 0 0 0 0 0 0 0 0 0 0 0 0 0 0 1 1 1 1 2 5 7 21 38 26 45 50 50 42 29 15 17 8 9 7 3 1 1 0 0 0 0
0 0 0 0 1 2 2 4 2 1 1 9 3 4 19 49 26 11 9 8 20 15 21 25 13 20 47 63 60 64 58 61 62 65 60 50 46 44 44 34 11 5 5 5 4 2 1 1 2 1 1 1 0 0 0 0 0 0 0 0 0 0 0 0 0 0 0 1 1 1 1 1 1 2 13 5 5 35 75 48 63 50 35 22 13 8 2 5 5 2 1 0 0 0 0 0
0 0 0 0 0 1 3 1 1 12 19 23 11 12 15 9 9 4 14 19 18 42 25 26 47 31 12 30 33 64 67 65 76 80 65 47 59 64 58 36 13 10 7 8 7 7 2 4 2 1 0 0 0 0 0 0 0 0 0 0 0 0 0 0 0 0 0 1 2 2 2 3 2 4 14 20 9 34 54 42 36 19 11 4 5 8 3 3 2 1 1 0 0 0 0 0
0 0 0 0 0 1 1 0 4 5 1 2 9 25 20 12 12 18 10 28 46 27 28 46 33 47 30 11 10 48 35 69 84 70 67 64 46 46 52 43 35 28 15 7 9 13 3 4 2 1 1 1 0 0 0 0 0 0 0 0 0 0 0 0 0 0 0 1 2 4 3 6 2 4 14 35 31 24 53 25 13 7 10 6 4 1 1 2 3 2 1 1 1 0 0 0
0 0 0 0 2 0 0 1 1 5 2 3 7 9 5 6 20 42 18 37 26 35 42 41 35 46 46 28 22 16 23 14 50 59 47 43 32 43 30 16 11 6 4 4 5 8 3 2 2 1 1 0 0 0 0 0 0 0 0 0 0 0 0 0 0 0 1 1 1 3 13 7 7 4 7 30 34 66 31 16 17 9 7 6 6 2 3 3 2 1 1 1 1 1 0 0
0 0 0 2 0 0 5 0 1 2 6 24 10 6 3 21 20 39 41 19 15 24 20 33 28 28 43 38 55 53 30 39 42 28 14 23 23 26 13 13 5 4 2 3 3 2 2 3 1 1 1 0 0 0 0 0 0 0 0 0 0 0 0 0 0 0 0 0 1 1 4 16 23 4 4 23 21 57 19 22 10 8 4 7 6 5 4 1 2 1 1 2 1 0 0 0
0 0 0 1 0 2 0 0 1 2 11 24 8 4 17 24 48 21 39 20 19 25 26 34 40 41 70 59 29 24 18 20 42 46 30 21 28 30 20 14 13 9 14 8 3 3 3 2 2 1 0 0 0 0 0 0 0 0 0 0 0 0 0 0 0 0 1 2 1 1 2 5 15 20 9 17 53 39 27 18 6 11 9 4 2 4 4 3 4 3 1 1 0 0 0 0
0 0 3 0 1 2 0 1 1 3 7 3 9 9 16 25 41 16 26 18 28 26 28 31 74 74 69 46 63 66 55 37 53 49 38 32 34 41 26 20 22 14 7 6 4 3 6 6 2 1 1 1 1 1 0 0 0 0 0 0 0 0 0 0 0 1 2 3 3 2 1 2 9 24 31 22 62 37 33 31 21 9 11 12 7 6 8 5 3 4 3 1 1 0 0 0
0 1 0 0 2 0 1 1 3 8 11 13 14 11 17 28 46 37 13 30 23 33 37 45 57 72 78 63 36 46 47 41 26 26 34 25 22 28 21 38 38 15 14 11 13 10 6 7 4 2 2 2 1 1 0 0 0 0 0 0 0 0 0 0 1 1 4 4 2 2 2 4 7 7 7 58 63 36 25 22 12 13 21 15 14 15 11 10 5 3 1 1 0 0 0 0
0 2 0 1 0 0 1 2 12 29 49 16 5 12 25 16 18 16 11 19 23 33 40 60 57 34 58 59 47 64 65 50 24 16 16 17 27 31 37 32 18 16 36 24 24 15 6 3 2 1 0 1 1 0 0 0 0 0 0 0 0 0 0 0 1 2 3 4 4 6 6 5 21 27 28 38 57 43 19 23 20 26 21 8 11 11 9 4 6 2 1 0 1 0 0 0
0 1 0 2 0 1 9 21 35 25 57 52 14 9 35 18 18 3 9 11 11 11 17 44 17 26 41 64 64 71 86 48 62 41 22 12 21 57 41 37 39 6 7 2 3 6 3 4 2 1 1 1 1 1 0 0 0 0 0 0 0 0 0 0 1 5 4 4 3 16 30 7 27 52 60 55 35 33 25 14 18 14 14 20 12 10 5 3 3 2 2 2 1 1 0 0
1 0 0 3 1 2 1 5 6 18 8 5 15 13 28 28 31 15 15 13 15 12 28 32 9 7 10 40 41 33 44 76 53 65 56 49 39 36 29 29 31 24 15 16 12 5 5 7 4 3 2 1 1 0 0 0 0 0 0 0 0 0 1 1 2 4 4 5 4 5 20 42 19 44 62 65 44 25 33 25 31 29 14 9 12 9 5 3 3 6 4 2 1 0 0 0
2 0 3 1 0 1 4 9 17 17 12 25 20 13 27 26 37 16 8 27 30 22 27 47 17 3 18 10 23 29 13 21 57 48 54 51 26 8 7 7 16 15 12 13 16 17 8 3 4 3 1 2 1 1 0 1 0 0 0 0 0 0 1 2 5 8 4 4 13 11 8 11 46 59 48 65 43 41 57 49 12 9 9 11 9 5 7 4 5 2 1 1 0 0 0 0
1 0 3 0 1 2 3 3 7 8 14 22 11 13 19 16 24 3 8 11 9 43 36 52 36 15 17 24 33 22 24 10 8 14 16 13 11 9 7 5 3 4 4 5 12 10 5 8 6 4 3 2 1 1 1 1 0 0 0 0 0 0 1 4 7 8 5 8 12 29 18 21 15 20 41 48 62 52 30 28 22 27 20 21 13 8 10 7 2 1 1 1 0 0 0 0
0 1 0 1 0 0 1 2 5 8 10 14 18 12 18 35 24 7 8 7 17 46 50 43 19 4 20 38 26 38 40 15 42 45 42 34 28 21 17 7 5 5 19 22 18 7 9 7 6 5 4 2 2 1 1 1 0 0 0 0 0 0 3 6 6 15 6 11 13 13 55 37 30 25 14 62 40 59 45 37 38 47 38 23 14 18 10 5 2 1 1 1 0 0 0 0
2 0 0 0 0 0 2 1 4 6 6 12 35 42 44 52 40 15 6 6 37 45 47 35 21 40 11 38 36 44 29 43 43 26 28 27 21 17 7 12 26 32 13 12 7 9 7 5 8 4 5 3 2 1 1 1 0 0 0 0 0 0 1 6 21 16 9 15 13 13 15 34 52 14 11 24 68 75 68 53 45 39 32 33 23 9 9 4 5 2 1 0 0 0 0 1
0 0 0 0 1 0 1 2 1 8 14 16 34 53 47 20 11 6 3 22 34 36 43 52 51 22 27 30 27 24 32 68 32 30 33 31 28 15 21 22 40 28 25 19 18 15 12 9 11 7 6 4 3 2 1 1 0 0 0 0 0 0 2 5 17 12 22 30 21 39 41 51 53 26 27 41 63 55 55 43 40 32 24 24 14 10 8 8 8 4 1 1 0 0 0 2
0 0 0 0 0 1 1 2 3 13 21 30 32 83 34 18 25 15 10 26 29 29 30 18 16 14 47 16 33 26 49 35 46 53 38 35 31 31 35 30 19 30 30 31 26 23 14 18 12 5 3 2 2 2 2 1 0 0 0 0 0 0 1 5 10 11 11 23 44 36 59 53 58 30 56 58 60 56 35 33 31 28 16 11 10 7 7 5 3 3 2 1 0 1 2 2
0 0 0 0 0 1 1 1 3 13 22 25 9 30 15 4 19 21 31 23 25 38 34 18 14 31 19 29 44 63 66 53 50 49 35 38 46 43 45 36 38 51 45 25 20 26 23 17 8 6 4 3 2 1 1 1 1 0 0 0 0 1 2 5 8 13 10 14 40 65 62 60 53 81 67 45 32 33 38 35 29 26 23 16 10 11 5 7 3 2 2 1 1 1 2 2
0 0 0 1 0 1 0 1 8 7 18 13 6 2 2 4 18 19 14 23 23 19 19 38 35 15 20 48 63 30 24 24 45 40 47 52 50 47 43 42 43 50 32 29 37 27 24 21 8 8 5 3 2 1 1 1 0 0 0 0 0 0 4 7 14 12 11 12 16 22 38 47 55 66 18 40 37 32 25 25 21 19 14 21 14 12 8 7 4 3 2 1 1 3 2 3
0 1 1 1 1 0 0 1 6 12 20 14 15 22 18 9 3 7 6 29 35 21 61 57 21 27 34 47 30 30 30 35 38 35 47 53 54 50 39 64 51 35 30 38 12 21 29 25 19 13 3 3 2 2 2 1 1 1 0 0 0 0 1 6 10 14 40 23 29 33 34 25 39 60 47 51 49 32 31 26 29 21 21 18 13 4 4 3 3 4 2 1 2 5 5 6
0 0 1 1 0 0 0 5 10 25 24 7 8 19 21 18 9 3 9 34 29 60 42 21 26 48 34 31 31 32 39 35 25 37 42 61 42 40 56 49 39 57 54 22 31 29 24 23 12 5 3 5 4 3 3 2 1 1 1 0 0 0 2 4 8 21 41 66 33 45 39 27 32 68 74 39 40 46 42 24 20 20 26 17 7 3 6 4 3 2 1 0 2 6 6 7
0 0 3 1 1 2 7 11 24 34 4 5 8 3 2 6 11 4 16 28 26 28 11 23 41 15 13 26 32 35 53 39 29 34 49 54 50 64 67 60 41 32 30 34 29 28 15 14 11 9 6 9 6 2 2 2 2 1 1 0 0 1 1 5 11 18 40 59 54 57 45 48 55 71 43 41 33 31 36 38 23 49 26 10 10 12 7 4 1 1 0 1 4 7 7 9
0 1 0 0 4 0 1 7 14 9 1 5 10 10 12 14 24 16 34 16 13 10 7 22 20 25 30 39 50 41 36 27 31 35 60 43 76 71 67 36 24 22 26 36 39 27 23 18 16 13 9 8 4 2 2 1 1 1 1 1 0 1 3 9 18 23 25 30 55 73 67 33 42 71 42 47 63 57 50 55 43 27 19 16 15 13 4 3 1 1 1 3 6 8 5 10
1 0 0 0 0 0 1 5 7 5 1 6 10 17 18 19 11 16 30 33 31 25 4 23 30 44 45 43 32 21 31 32 32 39 75 41 25 17 17 31 32 45 53 50 43 31 24 22 10 14 7 6 6 2 3 1 1 1 1 1 1 3 5 9 21 25 25 15 36 64 68 47 56 68 44 29 47 68 64 59 51 20 21 19 13 11 4 2 3 1 4 5 3 11 12 12
0 0 0 0 0 1 1 2 13 18 2 9 12 4 9 6 9 38 25 16 20 24 22 19 46 34 35 39 26 30 41 42 31 76 30 24 51 53 50 46 57 62 51 51 48 43 32 23 12 10 9 8 6 5 4 3 2 1 1 1 2 4 10 30 31 28 22 32 44 54 71 45 49 59 73 52 52 50 62 60 40 36 20 18 14 9 4 1 1 3 4 3 6 8 23 16
0 0 0 0 1 0 1 7 5 9 18 11 5 4 6 9 12 16 24 33 20 26 14 23 41 41 33 35 39 34 40 45 52 38 14 40 45 51 59 81 56 52 61 57 51 44 25 17 12 8 9 9 7 4 4 2 3 3 1 2 2 8 9 23 29 28 27 40 50 47 78 73 52 71 66 54 58 58 51 43 44 26 16 13 12 6 2 1 1 6 3 6 9 12 28 16
0 0 0 1 1 1 1 1 1 8 7 2 4 7 9 5 25 10 10 39 58 26 10 16 56 38 48 40 29 30 60 84 53 12 25 56 44 72 75 65 62 69 64 40 41 36 27 23 12 13 11 10 8 7 6 5 4 3 2 2 3 4 9 13 30 50 38 61 68 59 56 59 58 65 74 73 54 46 34 30 30 21 15 15 11 5 1 1 4 6 8 16 23 18 22 17
0 1 0 1 2 0 4 7 6 4 5 9 5 6 3 29 16 19 22 38 24 11 26 38 9 44 38 26 56 52 69 46 17 27 61 33 57 49 59 78 79 57 43 68 54 27 29 26 22 16 13 12 9 7 6 6 5 2 3 3 4 10 6 10 13 34 63 69 69 71 81 82 56 70 56 46 32 36 45 44 24 23 14 16 10 1 1 5 4 8 15 23 21 12 24 23
0 0 1 1 0 1 2 1 0 3 6 7 3 1 1 30 12 4 5 9 10 17 40 17 10 27 20 26 65 59 47 14 21 35 58 73 53 61 73 75 71 57 57 26 35 27 32 41 24 20 16 14 12 9 9 7 4 2 5 8 6 14 13 16 20 34 45 77 62 64 45 69 53 39 39 47 56 41 31 28 23 15 20 11 2 1 3 5 9 8 11 19 33 26 29 26
0 0 1 0 0 0 2 0 2 3 5 2 3 5 10 35 11 12 10 9 37 14 24 5 28 40 26 49 75 44 27 19 28 33 74 74 72 62 65 64 60 62 47 32 36 62 42 32 28 34 22 15 14 11 10 8 4 3 8 11 22 30 20 26 23 37 56 62 74 61 54 44 51 60 51 63 47 44 33 29 16 16 7 3 2 3 7 11 10 20 21 16 17 27 23 21
0 1 1 0 1 1 1 1 2 1 2 11 2 9 24 13 11 5 25 30 21 24 11 23 59 25 30 59 52 37 37 31 53 62 75 62 65 65 56 41 41 57 64 54 60 44 43 41 45 29 24 28 8 13 11 6 2 9 14 15 40 42 29 44 32 24 40 75 76 39 76 54 51 61 60 56 49 45 38 21 13 14 4 4 4 8 10 15 14 17 26 19 19 30 34 26
0 1 1 0 1 1 2 3 1 1 2 4 3 18 2 6 13 15 21 34 16 13 18 23 39 31 35 62 33 25 41 35 63 62 56 57 49 59 50 54 59 60 58 71 53 48 46 56 36 32 39 25 19 16 8 6 3 10 26 27 36 53 41 56 58 38 43 55 84 41 41 78 75 58 54 52 58 42 43 34 16 10 3 3 4 10 16 22 26 30 31 32 23 29 45 38
1 1 0 0 1 3 8 1 0 1 6 1 14 5 9 11 11 4 3 20 11 20 32 32 37 48 40 13 29 39 43 55 60 62 27 21 58 49 56 48 50 59 63 72 68 51 67 39 55 50 27 24 21 18 10 7 4 11 33 41 40 59 43 47 66 44 63 42 72 48 52 71 51 64 61 52 44 46 62 27 18 3 2 5 10 12 20 27 21 14 22 45 20 24 39 55
0 0 0 1 1 1 1 4 1 4 1 3 7 4 4 6 4 4 2 5 7 16 30 32 28 45 25 20 41 33 36 19 43 28 18 41 29 34 41 63 65 66 70 71 58 38 57 62 52 41 35 27 25 20 17 10 9 13 36 60 64 64 59 49 63 63 32 42 85 51 68 64 59 57 48 40 55 19 16 16 4 2 4 10 14 18 27 32 17 20 33 20 13 16 26 58
0 0 0 2 2 2 2 1 1 3 2 5 4 7 7 19 13 2 3 2 3 20 19 12 26 35 22 46 45 49 67 55 43 25 17 19 36 36 38 36 42 65 50 56 62 32 24 24 38 37 42 32 27 24 12 7 14 24 42 53 79 73 54 55 61 63 64 29 70 20 29 41 48 53 52 52 48 40 26 19 6 3 7 14 16 36 44 34 25 27 34 36 30 17 26 46
0 0 4 3 4 2 4 1 2 1 3 7 13 7 12 13 21 6 12 7 23 31 18 32 40 27 28 6 8 25 50 18 21 12 20 25 18 26 26 29 62 55 43 54 34 36 37 47 45 56 39 38 32 18 15 8 17 29 49 58 70 55 58 63 72 46 48 54 69 38 38 31 29 19 35 45 38 31 15 10 4 7 15 15 21 43 39 17 30 40 26 40 20 24 30 51
1 2 0 1 1 2 1 1 1 4 4 9 18 21 14 23 17 5 13 23 31 15 16 32 29 20 6 17 14 31 27 14 10 31 35 30 37 33 36 50 41 49 66 40 43 42 56 50 59 42 39 37 34 19 7 18 23 57 51 61 64 71 61 70 75 58 38 66 57 38 44 59 53 55 53 43 30 10 7 3 5 17 17 19 27 52 52 19 21 43 29 47 26 28 34 68
0 1 3 2 3 6 3 6 2 3 11 8 15 15 2 4 2 3 10 31 26 16 27 10 33 38 10 12 17 38 16 11 17 35 52 30 31 37 43 24 59 54 40 53 46 58 58 66 64 50 57 36 24 22 13 23 30 51 71 59 63 75 59 50 73 75 42 52 64 63 64 47 45 44 31 33 23 11 3 11 11 18 24 41 35 53 59 32 32 36 20 52 32 33 36 51
3 8 8 17 18 12 7 9 7 7 11 5 7 5 15 4 4 8 20 22 22 17 19 8 16 13 8 16 19 33 14 18 59 39 24 21 29 35 36 47 71 59 62 42 53 70 71 55 53 68 52 31 26 24 15 38 57 53 59 75 67 75 80 58 84 84 50 60 58 60 47 44 56 42 37 19 19 15 9 22 25 26 33 46 38 45 54 47 50 34 33 56 33 37 32 48
12 18 23 8 16 35 15 7 3 7 1 1 5 7 7 4 3 23 35 18 9 18 11 13 28 35 9 9 14 28 30 54 22 13 25 27 15 11 44 44 56 35 69 59 65 74 45 55 67 58 41 37 31 29 26 49 62 61 64 77 66 73 80 75 73 79 61 30 47 71 49 52 52 50 36 36 32 25 17 27 30 43 38 49 38 36 50 50 46 43 39 57 36 29 39 46
3 7 12 3 1 9 14 15 1 0 1 3 7 12 11 7 11 12 7 11 6 7 24 9 34 44 14 11 31 32 42 47 27 30 30 6 8 13 24 48 42 53 65 67 67 61 61 59 59 56 43 38 33 36 36 44 58 76 64 67 84 66 76 81 70 53 26 20 15 37 47 57 52 47 36 32 22 10 18 29 33 45 44 54 40 54 65 66 53 49 39 47 53 19 43 51
4 3 2 6 4 0 0 1 1 3 5 1 1 5 11 7 9 19 3 8 2 8 8 11 34 20 6 9 14 23 13 19 32 23 19 21 15 6 56 24 37 23 61 51 72 57 59 45 62 58 40 38 36 37 41 65 61 76 77 77 77 75 72 76 37 32 51 63 46 49 45 43 44 29 25 19 9 18 33 32 35 51 56 37 53 55 66 67 54 51 40 48 55 26 29 62
3 2 11 2 2 2 0 3 1 1 3 2 1 6 1 3 10 4 7 9 5 25 25 21 34 16 7 7 10 9 9 34 32 22 31 23 33 10 46 34 9 29 62 57 67 59 60 70 61 54 49 42 41 62 61 60 63 67 78 63 75 80 63 55 55 45 54 69 53 38 60 55 66 57 38 9 19 21 34 49 55 44 58 44 58 70 68 65 53 54 42 44 60 51 27 45
0 5 2 5 5 1 1 4 1 4 4 1 2 3 1 5 8 20 4 10 36 13 24 26 44 27 7 11 8 24 29 20 24 49 22 31 33 19 71 45 17 37 24 62 58 49 65 46 59 54 44 46 42 59 74 66 64 61 75 83 67 75 72 51 54 39 42 41 42 33 56 59 61 66 26 16 23 36 33 56 57 58 58 59 44 69 71 71 61 61 30 50 48 46 40 30
2 3 1 0 0 3 2 6 1 1 3 1 4 2 4 10 4 12 3 8 14 37 20 34 20 5 2 2 3 22 28 12 18 28 37 51 23 27 46 56 33 37 24 64 53 44 50 41 57 52 59 44 44 54 61 86 56 64 61 57 75 54 56 50 35 36 49 42 46 38 58 56 32 46 17 18 39 39 39 43 59 58 60 58 59 72 71 79 67 54 41 58 59 33 40 28
1 2 3 1 1 4 1 2 0 2 1 1 2 1 7 7 4 7 5 2 3 3 4 6 4 4 5 2 11 8 23 28 37 28 34 38 21 20 19 70 45 49 43 55 23 55 44 57 60 43 56 44 46 40 66 67 75 64 60 40 64 42 34 50 38 36 49 40 54 44 48 44 32 19 26 40 42 44 44 41 48 62 72 62 60 75 77 77 73 50 39 68 53 50 42 24
2 3 2 1 1 3 2 0 0 4 1 2 1 1 4 4 3 4 11 6 6 7 11 12 12 24 12 5 3 4 12 26 33 31 33 29 28 23 12 44 75 66 42 29 26 36 37 56 42 24 54 43 44 40 52 77 61 73 52 27 38 14 16 18 23 24 38 54 54 53 54 35 20 22 47 46 50 65 61 49 45 58 60 69 74 84 65 82 62 49 43 72 55 63 31 26
0 0 2 1 8 1 0 0 2 1 2 1 1 2 4 3 3 4 3 2 3 6 5 25 35 4 7 3 5 2 3 9 10 32 22 11 30 21 20 28 80 66 34 22 27 39 60 29 43 22 35 50 42 61 62 59 49 49 65 34 34 24 28 15 37 52 48 47 45 35 39 33 16 28 43 44 64 57 55 40 45 30 61 71 72 62 76 78 73 56 42 68 54 60 52 24
0 0 1 0 4 2 2 1 2 0 3 1 0 3 4 5 7 2 4 2 13 10 15 9 8 9 18 9 3 3 13 14 6 14 13 12 36 5 4 26 50 59 42 29 22 69 48 28 23 39 52 53 39 56 74 58 73 35 55 55 34 35 33 19 32 30 30 34 46 44 21 21 28 43 41 45 41 49 38 16 38 43 58 62 70 72 82 78 42 62 35 64 74 38 23 36
0 0 1 0 2 2 2 0 1 1 1 2 5 3 4 4 1 2 5 2 2 3 3 9 15 37 8 5 6 4 20 14 16 22 16 18 20 8 16 20 39 48 52 41 34 78 41 42 28 36 50 41 47 72 77 63 72 44 40 43 31 13 14 52 46 41 42 32 48 23 25 28 44 42 41 42 55 59 49 38 44 59 60 75 75 75 73 84 46 61 47 45 70 24 21 30
0 0 0 1 1 0 2 5 1 2 5 9 2 2 2 4 2 2 3 6 3 4 14 21 27 8 6 13 3 4 9 24 24 37 28 29 28 22 21 29 38 56 46 48 24 45 40 55 41 22 24 50 60 62 71 64 60 47 33 36 25 11 22 31 45 53 45 32 38 40 44 43 41 45 56 28 36 60 49 37 51 55 54 70 66 69 53 66 64 57 77 45 55 30 30 34
0 0 0 2 0 2 2 2 1 5 6 4 1 1 1 2 0 1 2 2 3 5 34 17 11 17 23 34 19 19 6 28 28 46 25 40 24 41 40 30 24 32 44 58 18 47 51 56 43 36 42 58 52 47 62 42 43 50 27 20 10 25 25 26 28 38 30 53 61 46 45 42 40 57 44 25 30 62 61 42 46 54 51 49 74 74 37 47 65 77 60 54 37 27 38 51
0 0 1 0 0 2 1 2 4 0 2 3 2 1 2 1 1 1 2 1 5 14 7 28 24 9 6 17 18 36 18 19 28 21 23 53 13 21 28 18 25 52 69 33 23 22 65 46 58 33 42 56 55 35 41 60 46 37 20 15 15 18 33 29 33 39 48 51 63 47 42 39 54 53 61 45 30 48 63 60 53 39 46 33 37 71 61 18 57 51 72 48 47 36 24 35
0 0 0 0 0 0 1 2 2 2 3 1 1 1 2 1 1 1 1 3 6 9 6 11 14 11 14 16 42 21 35 29 28 18 33 35 12 9 34 20 30 37 34 34 33 46 60 49 37 27 34 49 41 33 44 30 31 23 11 12 16 28 21 23 24 40 50 55 72 44 42 42 49 51 50 38 36 47 51 67 54 47 46 24 18 34 57 54 21 61 48 50 44 32 20 20
0 0 0 0 0 0 0 1 1 1 1 1 2 0 2 0 1 1 2 2 4 4 5 14 8 12 8 20 24 22 18 33 11 28 23 20 14 18 24 21 22 45 25 43 32 41 45 24 18 20 18 27 53 45 20 26 16 13 7 3 12 9 12 12 31 29 51 58 43 38 39 37 53 49 30 33 49 51 34 68 54 55 43 19 20 27 27 24 35 39 31 25 18 23 13 66
0 0 0 0 0 0 0 0 0 0 1 0 0 1 4 1 0 1 5 1 2 3 3 6 7 10 5 13 5 9 4 9 10 16 22 10 14 22 16 12 9 40 34 43 32 69 20 21 17 39 20 41 43 52 50 25 15 9 8 7 16 6 8 27 29 53 62 44 40 40 35 33 47 67 43 32 24 41 31 45 54 51 56 18 18 13 21 9 12 31 30 18 17 23 11 45
