sesion_6_simulaciones/modelos_agentes/ejemplos_netlogo/scenarios/echam4_a2/rob_2012.asc
NCOLS 322 
NROWS 307 
XLLCORNER 451900 
YLLCORNER 4086900 
CELLSIZE 100 
NODATA_value -9999 
[rows 148 to 221 of 307, columns 0 to 95 of 322]
1 25 25 21 34 47 42 31 11 6 8 63 63 67 60 64 77 63 47 65 39 48 20 9 1 3 1 4 2 1 6 2 3 6 3 8 4 8 6 7 29 30 26 19 30 14 33 31 19 33 18 19 28 13 20 37 31 16 11 27 42 43 34 25 37 53 56 38 45 75 66 63 37 45 65 72 18 14 13 27 24 18 7 9 32 21 5 3 16 11 8 10 21 21 8 20
11 25 32 44 47 57 46 58 55 16 20 39 54 76 74 72 82 51 65 63 63 51 20 30 10 2 2 1 1 3 16 13 2 5 2 3 3 8 6 11 18 12 6 16 29 70 40 30 14 16 12 28 29 25 7 7 8 5 32 27 26 61 39 29 41 64 62 62 62 67 43 22 15 45 33 23 48 10 8 29 25 14 17 9 4 24 8 4 3 6 2 12 7 21 10 4
7 4 13 43 36 61 57 20 35 45 24 27 79 81 80 52 84 68 71 76 62 32 26 15 22 12 2 7 4 6 3 16 6 14 19 18 5 14 18 16 9 9 16 47 59 40 26 20 16 15 15 19 19 18 30 21 29 30 33 34 49 62 36 35 64 65 73 73 54 16 56 34 31 35 54 18 20 6 2 6 15 14 8 15 6 6 18 10 4 5 2 2 4 4 7 2
3 6 12 9 11 10 10 13 18 15 35 15 38 68 66 55 77 73 71 30 14 17 33 36 48 30 13 5 5 2 4 7 50 34 40 47 62 14 8 16 37 34 61 55 20 19 10 20 13 9 23 20 21 18 22 17 39 43 45 46 66 61 58 44 61 73 68 51 74 42 21 53 54 21 21 8 17 30 12 5 6 10 11 6 7 4 5 20 9 4 3 2 1 4 5 4
30 10 7 7 11 10 15 23 25 29 17 40 19 12 9 10 14 13 20 29 22 57 63 51 68 32 53 20 19 20 13 14 36 5 1 1 12 59 10 7 28 22 32 37 30 44 44 53 27 13 22 23 29 23 8 22 30 64 41 64 60 67 74 88 86 74 70 42 40 83 41 33 28 30 14 4 7 7 21 14 6 7 12 8 5 6 4 4 12 3 2 2 1 1 2 2
37 30 23 16 20 12 14 28 5 14 41 29 24 33 21 21 13 31 45 58 84 66 83 58 57 35 27 30 20 50 33 4 2 6 7 1 6 9 35 9 4 64 18 20 27 19 9 17 35 22 34 41 38 26 10 15 26 51 73 62 80 69 80 78 79 75 68 24 31 68 70 50 28 16 22 11 8 6 10 7 10 6 5 7 5 3 3 3 17 7 1 1 1 0 2 2
66 39 61 41 37 38 50 13 18 13 18 24 27 54 50 21 9 25 58 63 74 86 73 84 66 60 62 60 32 39 65 52 23 4 10 10 22 19 18 35 6 43 27 19 37 6 12 18 11 32 41 52 60 45 45 23 31 50 65 70 54 41 75 76 72 66 59 47 27 43 76 22 23 13 9 5 9 3 10 18 6 8 7 3 2 2 2 2 3 2 5 1 1 0 0 1
69 57 69 48 55 48 38 48 16 12 25 16 60 41 19 42 30 20 19 59 72 63 61 70 48 54 62 59 34 12 34 70 74 53 42 19 23 27 27 35 17 36 70 34 36 21 10 10 11 19 17 19 35 11 16 43 35 59 47 28 26 27 32 49 52 22 30 17 43 52 44 41 18 12 12 4 5 6 6 12 9 4 6 4 2 2 2 1 1 1 2 3 1 1 0 0
42 59 60 76 78 53 30 75 26 13 24 25 23 25 47 49 34 50 34 20 23 55 65 23 42 67 47 75 47 13 12 14 50 73 59 40 29 26 22 31 28 38 72 26 37 37 27 35 38 40 38 41 28 27 35 28 44 73 59 56 57 50 25 14 7 20 16 22 15 28 27 40 40 15 7 3 5 6 7 9 9 14 2 3 2 1 1 0 1 1 1 0 3 1 0 0
65 79 67 85 69 32 64 80 38 37 44 19 51 72 54 37 57 42 34 24 29 27 18 52 44 21 34 62 73 38 29 19 15 66 55 56 63 58 55 64 56 34 69 75 44 36 45 49 47 48 56 65 37 53 58 30 27 46 60 45 41 26 14 21 21 6 3 12 26 27 27 32 14 13 6 5 7 5 8 5 6 4 5 2 1 1 0 0 0 0 1 1 1 1 0 0
45 81 43 79 46 67 74 72 23 49 55 33 24 19 37 39 45 69 61 72 32 22 29 23 29 29 46 82 43 80 36 47 40 58 26 52 54 79 60 49 57 31 49 72 80 45 39 36 62 46 45 36 30 54 59 33 46 75 75 75 40 49 51 39 32 13 10 14 17 17 15 19 14 7 10 2 4 8 5 6 3 2 3 2 1 0 0 0 0 0 0 1 1 0 1 0
18 72 55 70 64 73 70 30 39 65 62 47 43 26 24 15 20 31 30 68 44 17 26 24 65 70 66 71 36 74 76 29 29 38 59 70 59 83 89 57 53 22 29 66 77 71 64 47 60 25 18 26 59 56 49 43 45 34 30 30 25 40 56 45 41 26 23 19 12 12 12 11 7 9 2 3 3 4 2 1 2 1 1 1 2 1 1 1 1 0 0 0 1 1 0 0
19 18 14 53 68 69 29 31 73 46 63 75 61 46 30 36 42 39 46 25 32 51 43 18 54 56 67 75 72 43 83 80 38 19 32 75 73 62 61 64 71 25 29 67 83 85 57 50 54 50 40 28 77 45 83 87 85 76 81 73 52 29 35 30 27 21 21 17 14 7 7 10 7 8 3 5 2 2 2 2 1 1 1 2 1 1 1 1 0 0 0 0 0 0 0 0
20 62 39 30 21 45 37 76 79 53 51 67 42 55 23 41 35 35 44 30 35 37 38 18 62 73 63 85 78 59 72 84 78 45 38 12 30 60 44 25 36 26 19 80 83 82 68 70 63 68 88 93 81 54 45 79 76 42 44 64 58 34 45 32 25 15 12 19 12 5 5 5 5 5 3 3 3 2 1 1 1 1 0 0 1 0 1 0 0 0 0 0 0 0 0 0
53 56 41 59 48 23 49 80 73 77 16 52 66 66 75 43 58 31 27 25 27 14 40 59 82 60 84 89 74 74 52 67 79 53 51 29 59 76 83 82 64 53 37 52 83 69 62 88 62 67 84 84 90 65 46 83 88 63 46 32 70 65 24 48 26 20 11 10 8 5 6 4 4 3 2 2 2 1 1 0 0 0 0 0 0 0 0 0 0 0 0 0 0 0 0 0
43 40 64 42 35 14 46 64 48 80 34 41 72 58 71 57 31 50 41 57 58 58 19 50 63 72 81 83 61 82 65 80 67 68 66 73 67 76 81 74 18 61 68 39 18 48 60 83 67 57 77 73 76 82 44 58 73 90 65 44 51 31 29 25 27 30 24 15 8 3 6 3 2 1 1 1 1 1 0 0 0 0 0 0 0 0 0 0 0 0 0 0 0 0 0 0
30 26 15 33 46 43 17 77 35 31 32 48 58 18 44 60 37 45 37 66 64 41 37 16 45 81 73 81 65 83 66 67 57 43 59 65 78 70 71 79 72 56 27 25 12 16 55 77 59 30 43 69 77 82 77 81 83 77 84 42 28 32 26 29 24 18 23 7 5 7 2 2 1 1 0 0 0 0 0 0 1 0 0 0 0 0 1 1 1 0 1 1 1 1 1 1
20 36 50 41 24 18 18 35 43 41 62 54 63 63 32 48 44 57 25 20 35 67 45 24 13 24 28 65 61 36 16 16 14 28 26 20 59 37 43 60 62 54 50 23 8 16 61 65 54 43 34 26 52 79 76 69 57 55 73 69 27 16 20 21 20 16 6 8 4 1 2 1 1 1 1 0 0 0 0 0 0 1 0 1 2 3 3 2 1 1 1 3 3 4 3 1
38 25 21 19 32 25 27 18 21 20 38 66 63 69 23 22 29 61 63 45 33 28 45 14 29 38 32 29 20 28 42 32 42 39 56 26 23 21 18 21 15 35 28 15 16 24 51 56 63 42 38 34 9 41 39 46 44 58 33 49 37 16 31 27 20 9 7 4 3 2 2 1 0 0 1 1 0 0 0 1 3 3 2 4 6 7 5 9 5 5 15 14 6 11 4 2
25 27 33 58 47 47 39 33 39 39 48 12 18 24 35 48 36 17 62 64 54 28 23 9 27 61 60 48 36 40 57 63 33 61 30 25 26 33 34 31 22 13 21 23 38 40 56 55 64 51 35 17 19 15 22 45 19 12 9 29 14 16 13 8 10 5 2 3 2 1 1 0 1 0 1 1 1 0 3 4 8 8 9 13 14 25 23 11 10 13 4 1 2 2 3 6
33 37 52 36 30 40 42 28 47 65 20 29 50 48 31 49 13 19 22 24 36 20 18 16 34 33 53 47 65 30 58 49 42 45 30 27 37 59 30 59 38 19 14 14 17 27 38 46 42 44 28 42 36 23 26 26 23 15 18 17 32 22 10 3 4 4 3 1 1 0 0 4 4 2 2 2 1 2 6 17 32 24 25 45 34 27 25 17 19 15 4 1 0 0 1 4
51 67 64 66 35 30 35 33 49 57 34 36 51 49 47 28 33 28 39 39 27 32 33 19 35 32 32 56 29 39 51 51 53 39 30 31 27 53 29 61 43 35 30 11 7 6 23 22 61 63 38 28 58 29 13 31 33 37 31 17 19 9 4 3 3 2 1 1 2 2 5 9 11 3 5 6 3 8 22 31 50 68 26 51 31 20 15 15 12 7 4 3 1 0 0 1
20 17 12 15 22 24 50 52 63 41 46 22 40 54 25 12 20 20 27 22 13 11 9 19 30 27 27 33 45 49 43 40 26 34 23 10 35 29 48 61 42 42 56 30 34 16 10 22 20 51 32 40 30 13 11 22 20 14 9 4 4 2 1 1 1 0 2 6 11 7 15 21 19 11 19 10 5 15 39 43 74 46 26 19 9 1 1 7 2 3 2 1 1 0 0 1
28 40 28 46 42 47 34 52 43 37 17 22 33 45 53 47 47 22 18 16 21 6 10 27 60 50 32 29 47 28 21 37 66 38 22 11 33 21 59 25 58 39 50 44 28 15 20 21 12 28 35 26 10 15 12 10 22 7 4 3 1 5 5 7 3 5 9 19 22 23 22 34 21 18 22 17 13 28 49 62 58 35 14 8 5 2 2 2 3 1 1 1 0 0 0 0
22 20 21 45 62 25 30 38 35 41 35 26 49 32 61 47 35 55 44 31 58 27 31 22 51 64 39 60 23 29 41 26 53 50 26 18 25 32 39 20 30 31 45 48 21 32 22 13 14 18 18 22 16 14 12 9 4 2 1 7 7 15 15 14 9 12 22 30 46 49 34 46 46 40 27 37 44 55 58 51 39 45 17 8 3 3 2 1 4 1 0 0 0 0 0 0
29 18 33 50 33 34 30 46 50 40 53 59 53 41 32 29 62 61 40 43 43 32 52 30 36 58 69 46 26 26 19 19 17 17 32 40 12 15 47 45 44 50 41 29 39 28 26 24 14 18 19 20 27 17 8 5 5 8 12 26 23 24 35 23 18 30 36 43 59 45 49 60 72 37 40 50 61 66 72 44 12 8 8 8 5 2 1 1 1 1 0 0 0 0 0 0
22 31 42 39 21 59 44 38 62 68 75 70 63 67 43 21 24 40 38 46 16 37 64 36 44 34 57 72 47 62 44 37 30 31 49 58 25 36 49 59 52 15 17 30 22 27 15 12 20 24 22 35 22 13 16 8 14 16 32 35 31 31 42 32 27 41 52 37 68 64 53 78 63 48 56 75 61 61 22 67 37 30 9 4 4 2 1 1 0 0 0 0 0 0 0 0
23 28 39 30 21 19 27 36 29 38 56 72 49 53 64 25 36 33 26 23 26 62 65 48 30 38 22 45 33 40 32 33 47 45 61 53 31 46 60 58 48 26 12 11 20 20 24 37 21 21 36 22 16 30 16 15 24 38 42 53 46 45 46 36 37 67 70 58 75 74 73 72 84 83 52 56 61 60 19 13 23 30 15 7 2 1 1 2 1 0 0 0 0 0 0 0
24 27 50 24 34 16 24 18 35 43 22 26 22 24 32 45 44 38 64 34 48 64 45 61 22 59 33 61 29 26 39 43 45 41 51 42 44 36 54 55 46 23 9 19 22 22 29 28 28 28 27 37 26 18 18 30 44 45 43 49 47 38 57 51 57 74 74 69 65 83 74 68 62 71 27 23 12 35 41 17 7 14 6 3 2 1 1 0 0 1 0 0 0 0 0 0
28 52 44 69 14 62 51 10 39 32 45 31 59 34 46 42 45 36 36 37 26 52 31 48 39 31 39 37 23 46 47 41 43 46 46 33 39 30 42 59 42 36 36 43 50 24 33 25 42 52 47 57 42 25 40 42 47 58 42 48 66 53 68 70 63 73 55 74 38 54 79 77 73 56 70 52 31 10 6 12 6 3 8 5 4 2 2 3 1 0 0 0 0 0 0 0
65 45 22 32 54 32 17 39 42 51 32 52 30 29 59 37 39 10 35 42 41 16 31 43 34 24 35 14 25 16 20 39 37 66 26 29 27 42 42 19 28 42 19 26 23 33 17 33 48 62 56 52 45 43 41 61 52 63 61 52 60 69 64 69 65 74 55 50 73 38 70 71 50 66 72 76 55 46 41 21 12 7 2 1 2 3 2 1 1 0 0 0 0 0 0 0
46 75 42 44 14 27 22 40 35 39 60 24 32 54 57 63 64 25 29 55 36 26 11 21 42 16 27 21 20 13 16 42 46 40 20 27 26 27 59 39 26 39 20 62 34 30 38 28 56 64 50 46 47 46 44 49 69 63 61 75 75 83 71 58 66 32 46 36 40 45 31 56 35 42 66 67 67 79 54 34 31 33 25 10 2 1 2 1 1 0 0 0 0 0 0 0
22 28 21 20 43 52 32 31 41 49 50 30 42 28 18 20 16 22 28 41 58 23 34 19 28 19 20 10 15 24 29 40 28 26 27 20 29 47 56 43 27 23 39 66 22 51 37 42 53 73 44 47 47 46 46 51 68 75 63 73 83 58 42 70 70 62 48 24 18 6 12 12 18 21 41 54 43 51 57 32 50 30 16 4 2 2 2 1 1 0 0 0 0 0 0 0
21 23 40 30 29 45 45 30 15 43 9 15 31 32 62 29 49 24 27 26 41 29 23 28 22 26 35 17 15 17 32 21 24 39 9 10 20 57 35 31 19 35 37 54 46 40 46 51 62 56 40 57 46 46 60 46 70 81 83 60 70 72 32 18 16 24 29 46 35 23 9 7 3 8 15 31 23 46 62 19 29 49 16 7 4 2 1 1 1 0 0 0 0 0 0 0
17 54 35 19 19 28 27 25 13 14 19 23 21 44 41 29 37 42 38 35 25 54 21 43 23 27 48 12 13 25 13 18 39 24 26 40 40 63 13 11 25 47 44 58 50 37 42 45 55 39 62 70 57 62 61 58 66 68 69 48 49 62 34 31 57 70 74 56 51 33 24 27 7 2 4 17 13 32 54 33 17 13 12 6 3 3 2 1 1 1 0 0 0 0 0 0
19 33 28 28 25 25 25 20 9 5 11 20 34 17 27 34 29 44 24 14 11 14 21 13 10 36 29 16 25 20 12 13 31 17 8 18 28 38 26 27 34 40 63 65 34 41 52 48 58 55 73 79 63 81 74 86 73 66 74 46 35 16 63 57 23 49 68 56 60 58 52 25 10 8 3 2 3 9 29 12 7 2 2 4 1 2 1 1 1 1 1 0 0 0 0 0
40 6 14 28 7 19 10 3 5 2 3 3 6 14 33 15 11 16 29 16 14 8 10 13 6 14 12 17 24 12 3 6 7 16 17 10 37 25 17 28 40 58 76 86 78 74 64 66 61 37 76 53 85 76 68 74 45 53 71 78 32 28 22 75 36 27 46 61 51 43 60 55 53 21 11 3 1 1 1 1 1 1 1 2 2 1 0 0 0 1 0 0 0 0 0 0
2 5 12 7 8 7 5 1 1 7 19 2 4 6 7 20 15 13 20 12 13 11 13 14 3 5 9 12 8 4 1 2 4 28 49 48 65 71 79 79 78 86 69 86 79 86 77 35 64 71 45 41 62 64 68 71 46 71 74 61 56 40 17 46 71 27 9 24 52 66 48 41 17 13 17 11 3 1 2 0 1 1 1 0 2 1 0 0 0 0 0 0 0 0 0 0
2 5 7 3 3 1 9 28 43 12 17 20 30 4 4 13 9 6 8 5 6 3 4 3 5 4 17 20 25 4 1 7 7 6 13 51 66 72 76 77 70 79 71 70 80 84 83 52 39 44 83 62 31 57 26 35 34 71 85 68 49 45 31 24 79 37 34 14 29 40 66 12 6 11 11 15 9 6 4 2 1 1 0 0 0 1 0 0 0 0 0 0 0 0 0 0
6 9 9 13 14 26 38 23 26 32 34 16 21 13 9 6 4 3 4 3 2 3 19 18 39 38 16 7 20 5 2 24 17 10 15 18 27 68 70 79 64 49 52 52 69 83 88 88 43 44 62 66 48 26 47 18 48 56 76 73 24 34 27 15 75 50 21 16 13 53 58 67 25 16 9 5 3 2 1 1 2 2 1 0 0 0 1 0 0 0 0 0 0 0 0 0
21 23 15 47 35 39 45 54 61 55 34 29 37 17 14 4 2 4 1 4 3 3 2 4 7 14 32 26 8 10 9 8 16 29 6 16 38 55 61 69 68 42 29 41 57 80 86 82 88 84 38 48 43 37 20 17 29 51 69 73 25 24 29 22 45 83 48 24 10 6 8 20 9 9 5 13 7 2 1 1 1 1 1 1 0 0 0 0 0 0 0 0 0 0 0 0
18 39 41 50 59 49 64 48 73 62 39 63 53 25 57 37 33 17 6 1 2 2 1 2 3 6 11 35 6 5 11 6 29 22 32 29 21 20 10 7 55 62 28 44 37 45 65 67 83 87 82 52 50 61 35 39 22 55 70 61 63 21 37 26 15 71 82 49 27 7 4 4 20 10 5 4 5 5 2 1 0 1 1 1 1 0 0 0 0 0 0 0 0 0 0 0
5 9 17 56 68 56 81 79 79 77 68 70 45 65 76 68 43 20 37 13 8 4 5 6 7 19 34 12 10 12 9 24 45 27 33 43 35 30 23 21 18 31 28 29 20 40 70 48 65 78 87 56 45 39 47 40 8 40 60 57 57 35 21 19 9 50 73 66 31 23 3 1 10 20 6 1 1 1 2 1 1 0 1 0 1 0 0 0 0 0 0 0 0 0 0 0
12 15 23 64 69 74 72 61 56 83 86 67 78 80 80 68 48 47 44 37 19 4 11 19 35 67 58 14 6 11 15 22 20 29 19 33 35 39 45 27 18 18 17 14 28 35 51 46 16 60 76 83 39 29 36 16 13 9 28 36 70 61 11 11 23 30 34 58 14 19 12 2 2 9 5 3 1 1 2 1 1 1 0 0 0 0 0 0 0 0 0 0 0 0 0 0
7 10 11 10 10 14 37 45 45 18 40 80 89 84 81 52 51 73 57 42 53 12 15 9 8 11 51 65 20 7 16 20 23 43 34 27 37 36 51 32 39 49 39 29 20 12 48 49 37 25 52 70 49 23 10 8 22 7 13 30 30 25 15 10 11 17 10 56 11 12 7 7 1 3 4 5 3 2 2 1 1 1 0 0 0 0 0 0 0 0 0 0 0 0 0 0
4 8 16 40 37 43 71 39 39 30 36 19 64 83 87 69 66 73 47 48 32 57 28 39 30 14 8 13 21 12 5 19 31 53 22 25 18 28 46 42 35 34 26 26 38 33 29 10 28 54 29 36 9 10 5 14 11 15 11 11 26 29 20 12 4 5 5 29 34 6 2 5 4 1 2 1 3 1 1 0 1 1 0 0 0 0 0 0 0 0 0 0 0 0 0 0
5 14 7 8 19 13 20 29 28 36 19 8 18 40 68 78 77 39 16 20 22 57 40 55 39 31 21 8 8 19 11 58 47 24 62 38 38 40 45 31 36 53 56 45 49 31 34 18 17 12 49 30 24 13 8 6 12 13 8 9 17 31 17 9 7 5 8 18 40 13 4 2 5 3 1 0 0 1 1 1 0 0 0 0 0 0 0 0 0 0 0 0 0 0 0 0
13 3 8 19 31 34 21 23 27 35 42 30 50 26 24 31 44 29 23 35 62 24 29 47 68 71 16 20 11 55 30 32 65 51 71 32 74 41 34 32 37 37 35 43 35 35 32 20 17 15 13 19 13 13 14 10 7 10 4 2 4 6 14 10 11 6 5 7 12 13 6 6 6 2 2 1 0 1 1 0 1 0 0 0 0 0 0 0 0 0 0 0 0 0 0 0
32 14 26 18 19 33 28 39 50 44 30 31 15 40 49 34 37 29 23 35 19 53 46 33 15 35 41 49 50 12 18 48 45 17 36 34 19 57 30 36 37 45 23 28 16 17 15 20 22 19 9 5 21 22 12 18 9 7 6 5 2 5 13 4 5 4 3 4 5 12 2 3 2 1 1 1 0 0 0 1 0 0 0 0 0 0 0 0 0 0 0 0 0 0 0 0
52 41 8 9 33 15 42 65 31 27 43 36 35 59 21 38 25 24 21 17 30 41 37 37 31 19 26 30 16 26 12 48 31 40 44 57 16 26 48 20 26 42 34 41 36 13 18 20 12 17 6 10 2 6 6 21 5 7 5 8 5 4 1 1 1 0 0 1 2 2 1 0 2 1 1 2 1 1 1 0 0 0 0 0 0 0 0 0 0 0 0 0 0 0 0 0
55 45 72 21 20 41 12 11 44 52 24 47 24 49 20 45 42 34 30 42 50 55 39 22 36 35 27 32 54 57 44 13 11 17 42 32 29 9 46 43 39 31 14 19 28 27 17 9 13 14 9 3 17 9 6 17 9 2 4 2 2 3 2 1 0 0 0 0 1 2 2 1 1 1 1 1 1 1 2 1 0 0 0 0 0 0 0 0 0 0 0 0 0 0 0 0
37 52 65 52 14 11 44 23 7 19 37 27 15 23 37 32 23 16 26 33 42 43 74 54 41 39 35 31 59 69 47 31 13 27 47 41 57 28 9 49 29 39 36 29 15 13 17 18 12 13 4 1 4 2 1 5 3 3 2 1 1 2 1 1 1 0 0 0 0 1 1 1 1 1 1 2 2 1 0 0 0 0 0 0 0 0 0 0 0 0 0 0 0 0 0 0
50 53 77 61 68 33 12 58 22 27 59 24 39 31 19 41 21 23 24 22 18 32 59 52 42 44 40 34 47 68 75 50 27 22 58 57 60 39 17 26 69 27 24 53 30 29 19 20 17 6 3 1 1 1 1 1 3 2 1 1 1 1 1 2 1 1 0 0 0 0 0 0 0 0 0 0 1 1 0 0 0 0 0 0 0 0 0 0 0 0 0 0 0 0 0 0
59 50 46 68 43 52 54 21 65 38 51 65 52 60 42 24 26 22 32 52 28 43 66 62 42 43 42 29 20 23 65 57 40 30 25 63 46 33 26 15 20 52 14 14 16 17 16 20 28 10 15 4 2 1 1 1 1 1 1 3 1 0 0 0 0 0 0 0 0 0 0 0 0 0 0 0 0 0 0 0 0 0 0 0 0 0 0 0 0 0 0 0 0 0 0 0
28 67 61 71 58 66 68 59 38 28 20 15 28 20 22 50 40 27 45 18 61 29 69 78 44 45 46 27 16 7 14 40 58 40 15 41 53 23 48 37 25 14 37 39 18 16 24 13 17 7 16 4 1 1 1 1 1 1 0 1 1 0 0 0 0 0 0 0 0 0 0 0 0 0 0 0 0 0 0 0 0 0 0 0 0 0 0 0 0 0 0 0 0 0 0 0
20 23 11 34 37 11 16 11 38 33 51 50 49 55 23 24 51 49 43 44 33 27 60 81 65 58 52 49 28 9 8 9 47 33 35 33 53 20 47 50 35 14 11 33 22 28 18 13 12 4 1 1 2 2 1 1 0 0 0 0 0 0 0 0 0 0 0 0 0 0 0 0 0 0 0 0 0 0 0 0 0 0 0 0 0 0 0 0 0 0 0 0 0 0 0 0
22 38 31 17 18 35 26 25 28 55 31 53 40 24 33 47 29 20 28 45 27 73 45 65 73 57 62 53 52 23 10 11 7 20 35 37 41 20 46 26 34 31 21 16 24 16 14 20 12 7 4 1 2 1 1 1 0 0 0 0 0 0 0 0 0 0 0 0 0 0 0 0 0 0 0 0 0 0 0 0 0 0 0 0 0 0 0 0 0 0 0 0 0 0 0 0
43 31 40 26 38 55 39 30 43 48 26 35 34 17 32 57 41 43 27 29 62 48 35 28 76 51 23 18 16 11 12 5 12 5 10 15 73 51 26 38 25 13 20 22 12 21 9 9 19 13 10 3 1 1 1 1 0 0 0 0 0 0 0 0 0 0 0 0 0 0 0 0 0 0 0 0 0 0 0 0 0 0 0 0 0 0 0 0 0 0 0 0 0 0 0 0
31 23 25 24 10 27 28 32 22 17 43 39 33 14 29 36 28 38 46 71 49 32 42 60 76 67 33 25 24 25 22 21 8 11 13 8 5 6 18 21 15 27 10 17 13 19 17 8 18 8 9 7 3 1 1 0 0 0 0 0 1 1 1 1 0 0 0 0 0 0 0 0 0 0 0 0 0 0 0 0 0 0 0 0 0 0 0 0 0 0 0 0 0 0 0 0
20 14 21 12 25 20 24 19 12 10 16 20 19 36 32 33 26 44 37 28 30 29 16 10 17 17 14 22 43 43 25 47 32 11 7 5 7 6 5 16 12 23 16 7 20 11 15 11 7 3 4 3 2 1 0 0 0 0 1 1 2 1 1 1 1 0 0 0 0 0 0 0 0 0 0 0 0 0 0 0 0 0 0 0 0 0 0 0 0 0 0 0 0 0 0 0
25 13 20 5 12 12 25 34 60 56 50 8 17 32 27 17 25 41 55 42 45 21 29 24 16 20 49 27 30 41 53 37 20 21 21 4 2 3 5 8 8 11 16 17 16 12 7 5 10 3 2 2 1 0 1 1 1 2 2 1 3 2 2 1 1 1 1 1 1 1 0 0 0 0 0 0 0 0 0 0 0 0 0 0 0 0 0 0 0 0 0 0 0 0 0 0
7 8 5 6 24 24 12 33 70 71 57 62 40 18 30 43 34 45 45 23 16 20 42 32 29 30 44 19 9 28 23 15 7 12 18 11 4 4 8 5 3 5 4 5 7 7 6 3 5 3 1 1 1 1 2 2 2 3 4 4 2 4 4 2 4 1 1 1 1 1 0 0 0 0 0 0 0 0 0 0 0 0 0 0 0 0 0 0 0 0 0 0 0 0 0 0
5 10 23 23 31 26 44 37 13 28 62 58 59 67 72 57 81 53 43 43 16 10 36 25 26 38 21 19 12 9 23 24 23 15 21 9 6 14 17 5 3 13 6 7 4 2 5 2 2 1 1 1 3 5 5 5 3 3 3 4 3 5 7 9 6 4 2 1 2 1 1 0 1 0 0 0 0 0 0 0 0 0 0 0 0 0 0 0 0 0 0 0 0 0 0 0
15 4 3 13 43 50 58 79 70 37 46 78 67 53 76 58 82 82 80 59 32 47 10 12 12 10 31 34 35 46 13 48 42 20 7 9 3 11 11 6 15 7 5 5 5 3 3 3 2 2 4 4 9 17 15 9 11 5 6 5 4 10 10 8 5 4 3 2 2 2 1 0 0 0 0 0 0 0 0 0 0 0 0 0 0 0 0 0 0 0 0 0 0 0 0 0
20 21 42 13 10 31 52 70 73 41 31 78 45 40 76 56 54 31 48 60 20 31 25 20 14 19 26 32 29 50 23 13 11 25 17 14 6 22 10 9 13 17 11 11 10 14 11 7 2 8 14 13 17 29 29 25 8 4 18 9 7 11 11 6 9 8 1 6 5 2 1 1 0 0 0 0 0 0 0 0 0 0 0 0 0 0 0 0 0 0 0 0 0 0 0 0
49 22 35 62 41 21 21 31 31 71 28 71 51 47 71 37 18 26 38 26 20 9 25 16 21 35 34 16 11 31 21 12 5 4 6 5 19 21 9 5 32 30 15 32 23 11 9 4 3 11 27 27 28 60 24 18 15 6 30 11 10 12 19 21 11 7 5 7 2 1 1 1 1 1 0 0 0 0 0 0 0 0 0 0 0 0 0 0 0 0 0 0 0 0 0 0
69 67 36 57 70 80 69 39 17 18 48 75 66 30 68 35 36 27 37 28 13 10 31 14 31 27 28 24 19 14 8 10 11 15 19 12 24 5 9 18 33 33 41 38 18 7 4 7 17 13 26 46 62 29 18 25 21 12 45 16 35 11 22 11 9 22 10 4 6 2 1 1 3 2 0 0 0 0 0 0 0 0 0 0 0 0 0 0 0 0 0 0 0 0 0 0
66 77 75 68 69 83 71 86 58 14 39 66 14 27 49 47 37 16 48 10 11 9 18 10 45 29 16 12 11 3 2 10 16 12 27 10 34 8 25 24 50 53 56 20 16 9 9 22 35 31 28 55 53 33 37 50 37 20 58 48 23 28 22 27 38 19 13 7 4 1 1 7 2 0 0 0 0 0 0 0 0 0 0 0 0 0 0 0 0 0 0 0 0 0 0 0
56 80 79 87 76 71 82 81 70 42 36 35 43 16 48 39 30 21 14 9 9 10 27 15 21 18 17 33 23 21 24 25 14 6 10 21 49 21 27 38 65 62 41 20 10 17 21 48 61 45 37 61 47 32 46 66 28 45 52 42 49 17 26 57 50 20 13 6 6 7 4 3 2 1 1 0 0 0 0 0 0 0 0 0 0 0 0 0 0 0 0 0 0 0 0 1
15 69 82 70 77 37 62 70 70 67 57 64 46 14 50 73 45 19 23 15 7 15 25 15 13 15 25 7 11 12 4 10 7 21 49 33 52 25 25 41 65 40 16 8 17 40 40 43 74 56 61 62 33 56 69 59 26 48 37 60 46 54 57 47 28 15 16 6 2 1 1 0 0 0 0 0 0 0 0 0 0 0 0 0 0 0 0 0 0 0 0 0 0 0 0 0
30 27 53 25 13 14 20 17 21 10 15 28 57 18 11 50 58 42 33 30 15 12 9 10 27 9 17 17 42 36 7 18 22 25 62 67 75 41 27 54 46 19 10 23 51 54 48 48 77 58 65 77 67 57 74 62 59 35 56 61 37 57 39 12 4 4 2 3 6 4 3 2 3 1 0 0 0 0 0 0 0 0 0 0 0 0 0 0 0 0 0 0 0 0 0 1
33 31 14 19 30 55 56 22 25 5 11 13 8 4 16 9 11 20 10 8 6 27 14 16 7 28 26 32 18 28 25 42 38 39 65 77 60 50 43 58 28 24 23 43 60 59 69 46 67 77 69 80 85 68 63 77 80 58 76 68 66 75 42 51 27 17 13 8 4 1 1 1 1 0 1 0 0 0 0 0 0 0 0 0 0 0 0 0 0 0 0 0 0 0 0 1
54 53 41 37 56 63 64 50 21 17 28 19 24 17 17 22 18 7 6 9 12 33 14 16 28 34 16 59 53 40 51 57 52 55 64 43 30 45 26 55 41 33 30 48 64 72 76 67 72 79 68 79 74 72 28 35 70 78 74 56 17 10 23 17 39 15 9 12 3 1 1 1 1 0 0 0 0 0 0 0 0 0 0 0 0 0 0 0 0 0 0 0 0 0 0 1
35 11 43 51 60 52 54 32 10 20 20 27 52 42 20 19 8 14 12 13 4 7 49 32 22 7 11 32 46 37 37 47 64 41 69 30 43 31 11 52 42 38 50 65 66 79 78 64 81 86 64 43 44 32 16 16 44 54 38 21 26 17 13 18 10 7 6 2 4 2 2 1 1 0 0 0 0 0 0 0 0 0 0 0 0 0 0 0 0 0 0 0 0 0 1 1
