sesion_6_simulaciones/modelos_agentes/ejemplos_netlogo/scenarios/echam4_a2/rob_2083.asc
NCOLS 322 
NROWS 307 
XLLCORNER 451900 
YLLCORNER 4086900 
CELLSIZE 100 
NODATA_value -9999 
[rows 146 to 218 of 307, columns 192 to 287 of 322]
37 60 79 75 88 89 81 83 79 68 55 31 18 3 1 1 0 0 0 0 0 0 0 0 0 0 0 0 0 0 0 0 0 0 0 0 0 0 1 1 1 0 1 2 5 16 32 45 42 31 47 54 58 66 60 27 11 5 28 48 51 69 63 53 53 66 60 55 75 49 42 67 25 33 45 25 55 32 45 32 62 53 28 17 9 4 3 1 1 0 0 0 0 0 0 0
30 55 68 69 83 79 89 88 87 89 80 52 15 6 4 3 1 0 0 0 0 0 0 0 0 0 0 0 0 0 0 0 0 0 0 0 0 0 0 1 0 0 2 7 12 12 20 19 23 34 50 47 51 55 35 15 14 5 14 20 39 60 74 75 82 84 71 58 68 65 51 76 30 59 31 44 46 38 58 28 13 30 24 14 8 3 2 1 0 1 0 0 0 0 0 0
16 37 28 48 66 69 76 78 85 67 84 71 30 18 8 2 1 0 0 0 0 0 0 0 0 0 0 0 0 0 0 0 0 0 0 0 0 0 0 1 1 0 2 3 5 9 11 20 14 33 26 20 17 22 21 15 8 9 24 27 72 68 47 71 67 68 71 47 43 80 53 70 56 29 33 81 47 60 71 66 54 51 25 10 8 2 1 1 1 0 0 0 0 0 0 0
3 9 24 54 46 58 64 79 79 83 68 39 34 20 6 1 1 0 0 0 0 0 0 0 0 0 0 0 1 0 0 0 0 0 0 0 0 0 0 1 1 0 1 5 5 8 6 11 17 17 18 10 9 13 6 2 4 13 19 46 35 49 79 80 51 67 82 79 56 67 78 75 75 38 40 72 47 65 56 44 56 33 23 12 6 3 1 1 1 0 0 0 0 0 0 0
3 2 10 28 37 44 64 66 65 81 49 36 26 8 4 2 0 0 0 0 0 0 0 0 0 0 0 0 0 0 0 0 0 0 0 0 0 0 0 1 1 5 12 7 15 11 2 2 8 9 9 5 3 3 1 1 7 13 21 32 25 38 73 65 54 68 48 51 77 86 80 66 58 46 38 64 57 31 23 26 12 10 11 4 4 3 1 0 1 1 0 0 0 0 0 0
4 1 2 5 5 24 31 23 50 71 40 40 41 11 2 1 0 0 0 0 0 0 0 0 0 0 0 0 0 0 0 0 0 0 0 0 1 1 1 1 2 5 4 3 4 3 2 1 1 6 4 3 1 2 1 3 10 16 20 17 28 54 47 62 70 60 35 54 55 40 57 71 57 44 73 55 49 29 34 33 9 4 7 4 2 3 1 0 1 1 0 0 0 0 0 0
13 2 0 0 3 4 6 16 54 53 75 48 40 14 2 1 0 0 0 0 0 0 0 0 0 0 0 0 0 0 0 0 0 0 0 0 0 0 1 4 2 2 3 3 1 1 1 1 0 1 2 1 1 0 1 3 6 8 13 23 39 34 28 24 56 33 41 46 34 37 35 58 57 56 54 59 43 44 43 23 26 22 32 12 7 4 2 2 1 1 0 0 0 0 0 0
7 3 0 0 2 1 1 9 34 18 64 62 43 14 2 0 0 0 0 0 0 0 0 0 0 0 0 0 0 0 0 0 1 1 0 1 1 1 1 2 4 1 2 5 4 1 0 0 1 0 1 1 0 0 0 1 4 6 6 19 47 29 26 17 21 34 35 25 48 46 49 39 42 53 38 35 46 61 65 62 58 35 23 26 12 7 4 1 1 1 1 0 0 0 0 0
7 1 0 0 0 0 1 8 5 6 40 36 18 7 1 0 0 0 0 0 0 0 0 0 0 0 0 0 0 0 0 0 1 1 1 1 2 3 3 2 2 1 0 0 0 0 0 0 0 0 0 0 0 0 1 1 2 4 7 9 9 12 14 15 12 24 39 26 15 27 36 30 36 51 46 46 25 24 42 44 53 31 23 13 8 5 2 3 2 1 1 0 0 0 0 0
3 0 0 0 0 0 1 2 3 7 20 19 7 1 1 0 0 0 0 0 0 0 0 0 0 0 0 0 0 0 0 0 0 0 1 1 3 2 2 2 2 1 0 0 1 0 0 0 0 0 0 0 0 1 1 2 4 4 11 6 5 3 8 9 11 10 13 14 29 33 34 44 42 57 29 37 48 26 23 12 9 10 5 4 5 3 3 4 2 1 0 0 0 0 0 0
1 0 0 0 0 0 0 0 1 3 4 3 1 0 0 0 0 0 0 0 0 0 0 0 0 0 0 0 0 0 0 0 0 0 1 1 2 2 1 1 1 1 1 0 0 0 0 0 0 0 0 0 0 1 1 1 2 3 5 2 2 2 14 33 30 19 30 52 58 50 58 40 67 64 55 70 61 43 38 34 38 17 7 5 2 6 6 2 1 1 0 0 0 0 0 0
1 0 0 0 0 0 1 0 0 0 0 0 0 0 0 0 0 0 0 0 0 0 0 0 0 0 0 0 0 0 0 0 0 0 0 0 0 0 0 0 0 0 0 0 0 0 0 0 0 0 0 0 0 0 1 1 1 1 1 1 1 7 16 34 31 41 26 50 55 60 36 25 33 34 69 43 29 34 59 65 43 25 18 8 9 9 3 1 1 1 1 1 0 0 0 0
0 0 0 0 0 0 0 0 0 0 0 0 0 0 0 0 0 0 0 0 0 0 0 0 0 0 0 0 0 0 0 0 0 0 0 0 0 0 0 0 0 0 0 0 0 0 0 0 0 0 1 0 0 0 1 1 1 1 1 3 5 15 17 18 25 40 44 46 40 41 74 44 39 43 57 41 70 64 62 64 52 39 22 9 4 4 3 2 2 1 1 1 0 0 0 0
0 0 0 0 0 0 0 0 0 0 0 0 1 0 0 0 0 0 0 0 0 0 0 0 0 0 0 0 0 0 0 0 0 0 0 0 0 0 0 0 0 0 0 0 0 0 0 0 1 1 1 1 1 1 1 1 1 1 3 6 11 18 15 27 38 48 30 57 49 56 44 26 52 57 74 68 48 29 26 25 15 16 6 2 3 3 2 3 1 1 1 1 1 0 0 0
0 0 0 0 0 0 0 0 0 1 0 0 0 0 0 0 0 0 0 0 0 0 0 0 0 0 0 0 0 0 0 0 0 0 0 0 0 0 0 0 0 0 0 0 0 0 1 1 1 1 1 1 1 2 2 2 2 1 4 16 26 20 26 45 42 30 34 30 24 36 41 27 25 25 58 54 58 59 28 23 22 9 2 6 3 3 3 1 3 2 2 1 1 0 0 0
0 0 0 0 0 0 0 0 0 1 1 0 0 0 0 0 0 0 0 0 0 0 0 0 0 0 0 0 0 0 0 0 0 0 0 0 0 0 0 0 0 0 0 0 0 1 1 1 1 2 4 3 2 3 2 2 3 3 6 15 32 33 31 24 40 35 43 74 68 40 58 52 34 40 61 67 43 47 48 35 31 14 13 5 6 8 5 1 4 4 6 1 2 0 0 0
0 0 0 0 0 0 0 1 1 0 0 0 0 0 0 0 0 0 0 0 0 0 0 0 0 0 0 0 0 0 0 0 0 0 0 0 0 0 0 1 1 0 1 1 1 1 1 1 1 1 2 5 4 5 4 3 5 4 10 19 23 30 37 31 24 32 38 49 51 45 57 60 32 46 70 69 44 44 45 36 25 14 11 6 8 13 6 4 8 9 2 1 0 0 0 0
0 0 0 0 0 0 0 0 0 0 0 0 0 0 0 0 0 0 0 0 0 0 0 0 0 0 0 0 0 0 0 0 0 0 0 0 0 0 1 2 1 1 1 1 1 2 2 2 1 1 1 2 7 7 8 5 12 8 7 22 31 36 44 54 42 17 13 23 26 49 42 37 30 28 56 67 43 62 57 35 20 10 16 15 22 12 12 15 12 10 3 1 0 0 0 0
0 0 0 0 0 0 0 0 0 0 0 0 0 0 0 0 0 0 0 0 0 0 0 0 0 0 0 0 0 0 0 0 0 0 0 0 0 1 1 2 2 1 1 2 2 6 4 4 2 2 1 1 2 5 9 13 18 19 16 20 25 28 28 40 47 54 37 27 23 30 34 32 24 28 43 64 40 46 43 24 27 12 29 19 33 29 32 32 14 3 1 0 0 0 0 0
0 0 0 0 0 0 0 0 0 0 0 0 0 0 0 0 0 0 0 0 0 0 0 0 0 0 0 0 0 0 0 0 0 0 0 0 0 1 3 3 2 2 1 1 3 3 5 5 7 3 2 2 1 1 2 5 20 57 24 23 31 26 29 33 39 56 56 42 29 43 34 27 43 57 57 62 53 46 47 34 28 29 44 27 46 27 10 4 5 2 1 0 0 0 0 0
0 0 0 0 0 0 0 0 0 0 0 0 0 0 0 0 0 0 0 0 0 0 0 0 0 0 0 0 0 0 0 0 0 0 0 0 0 1 1 2 1 0 5 1 1 7 7 7 5 8 5 2 2 4 6 10 18 19 25 43 58 42 30 33 38 58 67 52 39 41 36 33 51 45 60 59 39 43 45 48 35 40 38 60 50 33 11 5 6 3 2 1 0 0 0 0
0 0 0 0 0 0 0 0 0 0 0 0 0 0 0 0 0 0 0 0 0 0 0 0 0 0 0 0 0 0 0 0 0 0 0 0 0 1 1 1 0 2 3 9 4 2 4 13 9 14 13 9 5 4 6 12 17 21 14 21 25 27 37 67 42 38 38 47 34 47 27 20 15 28 48 71 51 51 44 45 51 72 44 58 68 48 12 7 10 5 1 0 0 0 0 0
0 0 0 0 0 0 0 0 0 0 0 0 0 0 0 0 0 0 0 0 0 0 0 0 0 0 0 0 0 0 0 0 0 0 0 0 0 0 0 0 0 2 6 3 1 3 9 1 6 23 37 24 16 11 7 17 9 7 7 19 35 21 39 23 56 39 20 17 22 16 49 60 44 44 37 56 26 29 37 57 78 54 71 51 30 23 13 3 3 4 2 0 0 0 0 1
0 0 0 0 0 0 0 0 0 0 0 0 0 0 0 0 0 0 0 0 0 0 0 0 0 0 0 0 0 0 0 0 0 0 0 0 0 0 0 1 1 1 1 4 4 3 10 11 5 7 14 26 28 15 13 8 12 17 13 20 20 36 44 52 50 72 39 25 33 28 39 48 38 60 34 67 24 53 69 70 73 77 67 59 49 27 19 4 2 2 1 0 0 0 1 1
0 0 0 0 0 0 0 0 0 0 0 0 0 0 0 0 0 0 0 0 0 0 0 0 0 0 0 0 0 0 0 0 0 0 0 0 0 1 1 1 3 4 3 5 10 10 5 11 32 9 17 18 39 21 25 10 10 16 38 20 22 25 38 33 38 45 61 46 24 29 41 65 33 36 59 56 62 60 57 76 79 74 54 26 20 20 12 4 2 2 1 0 0 0 1 0
0 0 1 1 0 0 0 0 0 0 0 0 0 0 0 0 0 0 0 0 0 0 0 0 0 0 0 0 0 0 1 2 1 1 0 0 0 1 1 1 2 6 9 9 6 23 22 8 21 26 21 27 36 31 25 16 19 26 25 25 27 24 24 23 27 31 40 60 37 27 30 56 22 22 30 47 55 75 73 75 49 43 40 32 26 8 4 2 2 2 1 0 0 1 0 0
0 0 0 1 0 0 0 0 0 0 0 0 0 0 0 0 0 0 0 0 0 0 0 0 0 0 0 0 0 0 1 2 2 1 1 0 1 2 2 1 3 9 5 8 26 25 17 27 19 52 55 28 19 70 36 31 31 27 26 38 30 32 25 29 25 47 53 46 52 63 41 16 37 24 46 56 33 60 71 77 56 38 41 24 20 16 18 11 4 3 1 0 0 1 1 0
0 0 1 1 0 0 0 0 0 0 0 0 0 0 0 0 0 0 0 0 0 0 0 0 0 0 0 0 0 0 0 0 3 1 1 0 0 2 3 2 3 8 12 10 30 25 49 32 44 48 53 50 41 57 41 32 32 33 31 43 29 21 27 36 36 44 40 52 39 17 49 38 30 37 32 30 26 37 37 66 78 57 52 53 50 38 22 16 9 5 1 0 1 1 2 1
0 0 1 0 0 0 0 0 0 0 0 0 0 0 0 0 0 0 0 0 0 0 0 0 0 0 0 0 0 0 0 1 2 2 3 0 0 1 4 5 4 9 12 12 29 34 50 51 56 45 68 67 69 67 58 54 55 41 27 56 44 31 18 29 38 55 49 56 60 64 41 40 31 48 26 44 32 39 42 26 24 58 54 51 35 26 15 15 12 2 1 0 1 1 4 1
0 0 1 0 0 0 0 0 0 0 0 0 0 0 0 0 0 0 0 0 0 0 0 0 0 0 0 0 0 0 0 1 1 3 4 1 1 1 1 5 12 12 10 26 43 36 36 28 46 65 67 72 72 68 72 59 57 56 43 59 38 32 21 22 36 22 41 44 50 52 43 29 16 30 32 36 32 38 44 51 44 43 53 41 33 27 45 13 4 5 1 0 0 2 4 2
0 0 1 1 0 0 0 0 0 0 0 0 0 0 0 0 0 0 0 0 0 0 0 0 0 0 0 0 0 0 1 2 3 3 5 2 2 1 2 1 5 11 23 14 48 64 41 47 53 58 71 73 75 67 56 72 56 55 60 62 43 50 23 35 40 54 33 40 35 38 29 34 47 23 43 25 40 49 58 64 51 55 49 26 30 27 22 12 6 3 1 0 1 2 5 7
1 2 2 2 1 0 0 0 0 0 0 0 0 0 0 0 0 0 0 0 0 0 0 0 0 0 0 0 0 1 1 3 4 8 8 6 3 3 4 4 5 2 6 16 36 42 57 63 55 57 69 72 73 68 75 78 57 55 57 61 59 50 28 43 42 40 25 24 25 26 25 30 41 34 24 29 55 62 52 58 65 55 47 30 18 21 18 10 5 2 1 0 1 3 5 14
1 3 2 1 1 0 0 0 0 0 0 0 0 0 0 0 0 0 0 0 0 0 0 0 0 0 0 0 0 0 1 2 4 5 3 6 8 10 9 21 40 10 7 8 15 16 26 76 74 74 44 69 68 75 78 42 40 64 58 57 61 57 45 43 61 47 29 19 24 20 21 19 17 45 52 40 45 67 62 52 55 61 63 33 16 16 10 5 3 1 0 0 1 4 6 16
1 4 3 2 1 1 0 0 0 0 0 0 0 0 0 0 0 0 0 0 0 0 0 0 0 0 0 0 0 0 0 1 2 7 7 3 4 3 3 8 18 37 24 13 20 40 33 62 57 71 74 58 66 66 61 64 54 29 66 64 58 53 37 36 49 42 30 17 25 27 21 24 23 37 54 39 50 62 57 50 57 68 55 40 29 14 9 3 1 0 0 0 2 3 7 15
2 9 5 2 1 1 0 0 0 0 0 0 0 0 0 0 0 0 0 0 0 0 0 0 0 0 0 0 0 0 0 0 1 7 5 1 2 2 1 3 8 14 35 53 61 44 51 30 29 28 30 43 67 60 49 61 44 48 38 62 54 47 33 33 58 26 17 16 16 25 27 35 43 52 41 36 38 52 44 37 46 49 48 38 19 13 9 7 2 1 0 0 1 2 6 9
4 15 9 2 1 0 0 0 0 0 0 0 0 0 0 0 0 0 0 0 0 0 0 0 0 0 0 0 0 0 0 1 0 0 0 0 0 0 1 5 6 10 12 45 48 40 21 14 36 27 34 41 64 51 52 66 69 63 65 55 46 50 45 43 26 14 26 25 11 18 19 25 36 22 25 21 26 34 25 34 47 47 29 27 17 12 11 12 8 3 1 0 1 2 5 7
9 9 5 2 1 1 0 0 0 0 0 0 0 0 0 0 0 0 0 0 0 0 0 0 0 0 0 0 0 0 1 1 0 0 0 1 1 2 2 3 3 9 13 8 18 25 17 37 48 33 30 62 31 53 72 40 72 53 35 34 72 60 51 29 9 13 23 28 19 29 25 12 31 14 26 23 28 31 46 44 45 42 39 43 34 20 16 15 8 2 1 0 0 1 3 4
24 4 3 3 2 1 0 0 0 0 0 0 0 0 0 0 0 0 0 0 0 0 0 0 0 0 0 0 0 0 1 1 0 0 1 1 1 1 3 5 8 6 6 13 13 10 33 41 45 35 42 40 44 54 39 44 42 36 27 25 14 35 40 28 29 13 41 43 27 23 26 29 40 38 42 47 49 49 59 53 54 63 54 60 45 17 15 11 9 2 1 0 0 1 3 5
19 10 4 5 2 1 1 1 0 0 0 0 0 0 0 0 0 0 0 0 0 0 0 0 0 0 0 0 0 0 0 0 0 0 1 2 1 2 3 4 2 4 9 9 11 9 20 29 32 49 42 36 51 41 40 51 45 59 57 37 24 32 44 31 41 17 28 39 30 9 12 42 20 41 58 55 57 52 59 67 69 63 41 37 35 20 15 11 4 2 1 0 0 0 3 5
19 19 19 6 4 3 2 0 0 0 0 0 0 0 0 0 0 0 0 0 0 0 0 0 0 0 0 0 0 0 0 0 0 0 1 2 1 1 4 2 2 3 7 7 7 7 19 35 60 65 57 62 52 70 44 63 58 31 38 45 34 32 52 83 85 47 35 30 18 9 9 7 6 18 18 22 25 35 52 57 50 46 43 45 42 26 15 10 4 2 1 0 0 0 1 4
41 38 21 11 6 2 1 1 0 0 0 0 0 0 0 0 0 0 0 0 0 0 0 0 0 0 0 0 0 0 0 0 0 0 1 1 0 1 0 1 1 1 6 3 6 18 16 11 49 42 48 44 37 48 67 66 30 29 35 46 47 40 33 43 22 52 28 36 8 4 14 23 26 27 27 34 35 23 16 31 49 34 38 61 41 27 16 6 6 3 1 0 0 1 1 3
35 34 17 9 4 3 1 1 1 0 0 0 0 0 0 0 0 0 0 0 0 0 0 0 0 0 0 0 0 0 0 0 0 0 0 0 0 1 2 1 2 2 3 5 15 16 13 11 27 23 26 9 11 11 14 14 23 45 36 35 48 50 32 28 16 23 19 6 13 8 5 14 42 42 20 22 44 54 66 65 61 50 20 37 48 25 20 17 8 2 1 0 0 2 2 3
36 34 11 6 5 4 4 2 1 0 0 0 0 0 0 0 0 0 0 0 0 0 0 0 0 0 0 0 0 0 0 0 0 0 0 0 0 1 1 2 2 3 7 10 12 20 14 9 7 10 6 8 12 16 16 20 27 21 42 27 33 21 24 13 8 7 15 9 8 8 11 10 11 26 14 17 45 67 61 64 54 36 33 43 36 17 11 11 10 7 2 0 0 1 3 6
36 22 16 12 8 11 8 3 0 0 0 0 0 0 0 0 0 0 0 0 0 0 0 0 0 0 0 0 0 0 0 0 0 0 0 0 0 1 2 1 1 3 6 8 13 9 8 6 10 9 15 26 30 35 36 43 28 39 17 15 22 40 33 20 29 23 17 7 10 6 15 25 10 21 24 36 53 53 45 40 35 34 26 25 20 11 5 6 7 7 2 0 1 2 6 15
31 20 23 14 25 14 5 2 1 1 1 1 1 0 0 0 0 0 0 0 0 0 0 0 0 0 0 0 0 0 0 0 0 0 0 0 0 0 1 1 1 2 4 5 5 11 14 15 15 13 10 35 53 49 48 55 52 37 46 21 30 38 55 41 21 25 16 10 5 8 23 46 17 24 22 33 67 61 56 56 44 43 29 21 33 11 12 18 12 4 1 0 1 3 7 15
23 19 24 31 19 14 7 2 2 2 2 2 1 1 0 0 0 0 0 0 0 0 0 0 0 0 0 0 0 0 0 0 1 0 0 0 0 1 1 1 2 2 2 3 6 10 21 29 36 24 38 49 43 49 52 51 52 50 51 48 36 41 33 35 32 26 14 10 4 4 9 13 12 15 32 50 44 41 41 29 47 49 32 12 4 5 14 10 6 2 0 1 2 4 5 12
13 26 38 44 23 11 9 10 10 6 5 2 1 1 1 0 0 0 0 0 0 0 0 0 0 0 0 0 0 0 0 1 1 1 0 0 0 1 2 3 3 4 3 4 5 10 13 25 43 54 71 60 40 41 57 68 45 49 62 53 42 26 30 32 16 7 8 5 2 7 15 15 12 18 30 27 36 27 33 36 43 19 10 13 23 14 11 9 7 1 1 1 3 4 5 6
20 35 32 41 35 16 15 23 20 13 6 3 2 1 1 0 0 0 0 0 0 0 0 0 0 0 0 1 1 1 0 1 1 2 1 1 1 2 4 5 6 9 9 6 5 10 6 10 20 19 45 64 72 60 47 63 44 52 66 56 53 18 14 11 7 6 5 7 2 9 12 23 21 21 11 13 19 11 17 27 27 28 39 25 44 18 10 12 3 0 1 3 4 8 7 10
39 40 41 46 36 32 36 29 30 18 8 3 1 1 1 1 0 0 0 0 0 0 0 0 0 0 1 1 2 2 1 1 1 2 1 1 1 2 4 11 18 25 20 12 14 10 13 19 20 23 28 38 44 70 63 52 67 58 39 46 54 48 26 11 5 2 3 5 2 9 20 23 21 13 16 29 29 46 54 51 54 67 59 37 23 16 14 7 1 0 1 3 8 12 14 19
63 47 36 23 45 40 33 26 20 12 5 2 2 2 1 1 0 0 0 0 0 0 0 0 0 1 1 2 2 2 2 2 3 2 4 2 4 2 4 12 29 26 40 26 17 19 23 29 38 36 43 52 54 45 46 46 56 58 53 50 24 28 15 31 17 4 2 3 8 20 25 35 44 38 17 29 50 71 70 69 71 51 25 10 23 15 4 1 0 1 1 1 5 15 20 25
68 56 34 18 31 31 19 17 6 4 3 3 3 2 1 0 0 0 0 0 0 0 0 0 0 0 1 2 1 0 3 4 4 2 5 3 6 9 4 10 17 28 34 45 30 24 40 35 39 50 40 54 55 45 42 45 27 30 48 40 37 29 10 14 7 4 1 6 13 14 19 21 25 33 32 59 43 44 67 66 60 36 42 32 18 13 6 1 1 1 1 3 3 9 22 44
57 49 25 11 16 15 9 10 7 5 5 8 5 2 0 0 0 0 0 0 0 0 0 0 1 0 0 1 2 2 1 4 5 4 6 8 7 20 24 15 21 33 38 46 47 27 42 52 57 53 41 69 57 48 42 40 40 10 12 14 7 8 14 10 3 5 5 23 6 5 8 12 19 35 58 62 59 34 55 42 43 42 35 26 21 11 5 0 1 3 3 3 4 9 12 27
48 33 15 12 9 6 11 14 10 10 15 6 2 1 0 1 1 0 0 0 0 0 0 0 1 1 1 1 2 3 3 2 1 10 18 14 17 21 14 27 41 36 49 52 53 27 35 50 51 57 58 61 50 50 46 26 21 22 26 24 18 18 12 7 5 0 4 2 3 4 14 39 44 50 41 53 59 59 57 48 53 40 39 29 19 11 3 0 1 4 9 7 6 10 13 20
53 39 39 35 33 22 32 27 31 21 11 8 3 2 1 1 1 1 0 0 0 0 0 0 0 1 2 2 3 6 7 4 2 11 22 22 28 26 18 20 20 20 15 14 28 42 57 52 52 45 49 54 48 48 41 48 34 11 47 44 22 14 10 5 5 1 3 4 11 12 23 30 41 59 51 36 57 49 58 43 47 57 43 26 17 4 1 1 3 6 11 10 13 14 21 24
59 50 66 65 42 10 4 16 24 18 12 10 6 4 3 1 1 0 0 0 0 0 0 0 1 1 2 4 6 5 8 11 5 9 24 30 35 27 32 16 20 24 24 16 16 18 45 61 59 56 33 33 44 45 42 38 33 49 31 19 22 26 22 14 3 1 3 9 12 15 25 14 27 33 33 42 50 63 63 66 65 53 46 22 11 4 2 1 7 7 11 7 13 29 34 47
65 67 46 26 11 7 32 32 19 6 10 18 16 8 2 2 2 1 0 0 0 0 0 0 1 2 2 3 6 13 15 19 10 13 14 33 40 44 43 22 46 26 38 29 19 21 21 29 62 70 44 27 41 52 38 33 37 22 38 35 18 15 20 13 2 2 2 2 13 38 41 41 41 47 34 52 57 58 45 56 48 44 59 37 12 5 2 1 6 8 10 13 12 20 31 47
56 38 37 20 17 26 38 25 15 10 14 14 13 6 2 4 2 1 1 0 0 0 0 1 1 2 3 4 12 20 20 26 13 6 8 20 20 32 38 43 58 58 39 46 43 19 22 56 58 60 43 26 32 29 48 31 25 29 15 15 13 20 17 6 4 2 5 9 11 11 32 51 53 69 60 45 72 59 48 49 60 51 23 48 14 4 1 2 6 7 15 17 21 18 23 24
25 40 53 27 26 47 32 29 35 26 17 8 4 3 4 4 2 2 1 0 0 0 0 0 1 1 4 9 17 15 32 31 17 13 14 16 18 24 15 49 57 64 57 37 58 31 29 57 52 26 57 25 31 26 24 55 38 28 50 32 11 9 9 9 3 3 4 6 14 38 45 58 65 46 73 56 46 44 66 44 54 51 25 10 12 3 1 2 5 8 18 15 33 47 45 29
30 37 51 59 56 51 48 40 23 14 8 3 2 4 7 3 2 1 1 1 0 0 0 1 1 1 3 5 9 11 18 16 28 36 28 19 18 24 23 33 36 56 55 67 51 44 35 55 41 29 48 50 15 26 26 11 10 10 23 21 19 4 5 4 2 6 7 18 20 48 61 54 45 60 45 67 55 62 62 59 60 25 8 3 4 1 1 5 8 8 14 11 37 53 45 44
57 58 65 55 56 44 25 28 15 11 5 6 14 8 4 2 2 2 2 1 0 0 0 1 1 3 6 5 9 14 33 30 38 47 43 34 21 23 39 27 42 33 38 72 67 56 43 56 22 20 33 20 17 17 19 24 12 9 8 8 6 13 11 5 3 3 10 22 16 15 9 18 32 27 47 47 61 66 57 58 49 28 10 4 1 0 2 5 6 11 11 12 23 34 40 47
58 54 50 59 51 19 12 17 17 14 12 21 20 6 4 3 2 1 1 1 0 0 0 1 3 5 8 10 15 11 27 40 48 49 51 59 24 15 28 42 40 41 46 56 67 52 36 50 53 46 25 38 67 20 23 25 17 8 7 10 3 2 4 3 6 2 4 11 34 37 26 25 28 9 9 21 37 43 59 50 30 23 14 2 0 1 4 6 5 7 10 17 27 16 28 27
52 40 36 41 33 30 24 13 20 25 19 11 4 4 4 3 3 1 1 0 1 0 0 1 3 7 14 17 23 30 28 40 65 55 42 64 39 29 31 30 45 40 52 52 61 43 29 40 54 63 35 33 49 40 15 21 19 17 7 8 10 6 3 2 7 1 6 24 27 38 43 49 37 36 33 27 16 29 39 51 36 11 2 1 0 1 3 8 10 11 14 16 19 23 41 49
29 33 46 32 35 31 26 42 14 6 4 4 11 14 6 3 3 1 1 0 0 0 1 1 4 6 13 26 37 34 57 58 61 65 66 43 57 43 34 39 54 50 51 53 31 45 64 39 25 14 31 26 12 30 28 14 17 13 6 3 3 7 3 2 2 6 9 12 21 35 44 45 30 55 59 61 53 45 31 27 26 9 3 0 1 2 2 3 7 10 13 15 19 20 27 30
47 33 51 40 37 68 50 21 17 11 14 18 19 7 2 1 1 1 0 0 0 1 2 1 4 8 17 27 33 44 53 69 78 73 68 71 58 69 55 39 56 64 46 26 35 53 60 52 26 26 25 33 30 16 19 15 12 8 7 4 2 4 4 1 1 2 5 10 18 32 64 78 65 62 77 79 84 67 47 20 13 5 1 0 1 1 3 4 6 9 13 17 26 28 30 37
42 45 32 31 35 22 31 35 36 37 31 12 7 5 2 1 0 0 0 0 0 1 2 3 6 10 13 19 28 31 35 61 67 83 77 59 60 70 65 36 39 66 43 38 25 43 54 50 61 37 25 22 33 42 24 6 13 14 11 3 2 1 1 1 2 2 18 36 63 32 33 69 80 61 37 55 70 70 42 18 8 3 1 0 1 2 3 4 7 11 16 20 24 31 29 32
28 41 40 29 19 11 6 29 21 15 20 9 4 2 2 1 0 0 0 0 0 1 3 10 13 20 27 19 20 16 28 42 49 66 82 42 35 73 65 32 30 52 56 32 29 38 37 50 50 42 9 8 21 27 10 7 10 9 6 10 2 1 1 1 2 6 3 4 18 75 50 37 57 71 42 34 42 66 43 15 6 1 0 0 1 2 2 3 6 9 18 16 23 25 42 45
32 36 31 29 36 36 18 26 21 17 8 7 5 4 2 1 1 0 0 0 0 1 1 6 16 22 24 26 33 38 30 34 35 38 51 69 37 36 69 59 29 28 50 34 23 31 30 43 52 43 25 8 33 19 12 8 6 1 2 3 1 1 0 2 2 4 5 20 30 48 63 43 42 27 24 15 6 32 38 10 4 1 0 0 1 2 3 5 7 11 12 10 20 25 21 29
20 20 17 27 20 25 15 30 17 15 10 6 5 3 2 1 1 0 0 0 0 0 1 3 10 16 17 18 21 18 49 33 35 24 38 48 72 35 18 52 44 24 47 34 16 24 26 35 25 29 35 10 9 10 6 9 3 2 2 1 1 1 1 3 2 6 13 18 21 61 65 45 37 51 43 30 10 6 18 11 2 0 0 1 2 3 3 6 7 13 11 26 35 36 39 34
27 29 41 56 30 28 16 24 17 11 8 4 2 1 1 1 1 0 0 0 0 0 2 3 6 12 10 31 32 23 52 69 78 66 64 71 59 48 30 19 20 37 36 22 13 14 26 30 27 14 31 8 8 7 6 8 5 2 2 3 1 1 1 3 22 18 30 34 36 44 26 41 52 59 53 36 20 5 4 4 2 0 0 1 2 5 4 4 8 9 15 15 27 33 46 54
39 42 39 38 31 34 24 18 14 8 5 4 4 2 1 1 0 0 0 1 0 0 1 3 5 8 8 8 17 45 47 57 61 64 31 24 35 55 47 40 16 10 36 18 10 15 13 7 26 11 6 11 3 6 3 2 5 1 2 1 1 1 2 4 19 23 17 26 22 22 45 53 65 57 59 43 9 7 4 1 0 0 1 2 4 2 2 2 5 8 11 8 14 16 27 36
11 18 22 27 25 26 29 25 23 11 8 9 6 4 2 1 0 0 1 1 1 1 1 2 4 4 5 17 21 23 42 24 20 24 37 49 52 28 36 52 49 27 22 14 17 8 8 6 3 5 6 2 7 2 6 1 1 2 1 1 0 1 1 2 3 4 11 25 30 48 60 57 42 43 24 45 25 14 4 1 0 0 1 2 1 3 3 5 9 18 9 23 23 13 31 45
9 6 14 17 14 13 26 25 17 19 16 12 7 2 2 1 0 1 1 2 1 1 3 4 2 2 4 7 9 12 25 31 23 44 48 48 34 34 27 51 27 12 12 10 15 12 11 4 3 11 3 4 2 4 6 2 1 0 1 0 1 1 5 6 9 11 20 28 41 48 59 44 48 42 23 14 17 8 3 1 0 1 1 1 2 2 8 6 14 5 7 17 15 18 19 22
18 17 19 17 10 4 7 22 20 20 11 7 5 3 2 1 0 1 1 4 3 4 5 5 3 2 2 4 3 8 15 31 30 56 58 49 43 28 27 16 18 12 9 5 6 7 15 4 3 3 1 1 3 2 4 2 2 1 0 1 4 2 9 25 12 15 21 28 35 63 63 68 56 42 35 21 7 2 1 0 0 1 1 2 3 3 5 10 9 11 21 18 25 30 31 33
