sesion_6_simulaciones/modelos_agentes/ejemplos_netlogo/scenarios/echam4_a2/rob_2090.asc
NCOLS 322 
NROWS 307 
XLLCORNER 451900 
YLLCORNER 4086900 
CELLSIZE 100 
NODATA_value -9999 
[rows 219 to 291 of 307, columns 0 to 95 of 322]
0 0 0 0 0 2 4 1 2 0 1 1 0 0 1 1 1 2 0 0 0 2 1 1 1 3 2 4 2 4 4 9 5 5 13 12 6 6 4 8 4 6 7 14 13 8 9 3 7 7 7 23 44 23 33 55 56 30 54 58 67 80 54 66 44 42 45 43 38 17 31 33 27 30 34 31 21 16 6 6 4 1 1 0 0 1 3 7 4 4 4 2 3 10 22 47
0 0 0 0 1 2 4 3 1 1 2 1 1 1 1 1 1 0 0 0 1 3 1 1 2 3 1 10 6 5 8 10 7 6 7 2 1 3 1 8 6 6 7 9 8 6 6 4 5 10 12 28 31 39 9 17 55 70 72 51 12 11 28 29 71 51 45 64 35 23 24 30 45 27 11 12 7 8 5 5 2 1 1 0 1 3 7 13 15 8 8 8 4 10 27 26
0 0 0 0 1 1 2 2 1 1 1 1 3 2 1 1 0 1 1 1 0 0 6 2 1 0 1 3 4 2 3 5 7 2 5 1 2 2 1 7 4 4 8 6 3 5 7 6 18 27 13 9 11 9 6 8 38 49 38 22 36 28 27 42 33 34 38 28 54 41 46 32 31 32 23 21 12 10 3 2 2 1 0 0 2 6 11 23 36 21 18 11 9 27 37 35
0 0 0 1 1 1 1 2 0 1 1 1 3 1 1 1 1 0 0 0 1 2 2 3 1 1 1 3 4 1 1 3 3 1 2 2 1 1 2 7 2 2 3 2 2 7 4 8 14 36 37 15 11 15 13 7 14 27 16 25 34 23 20 50 33 47 34 46 43 43 42 41 22 18 16 14 8 8 1 2 1 1 1 1 3 9 19 37 38 26 18 19 31 40 62 48
0 0 0 0 0 1 1 2 2 1 1 1 2 1 0 1 1 1 1 1 1 2 1 6 2 2 2 1 2 2 1 1 1 1 3 0 1 1 1 4 2 1 1 2 1 0 2 2 3 20 33 19 24 15 12 14 9 12 24 33 30 52 29 38 56 39 42 49 60 43 26 27 20 16 10 5 4 5 2 2 1 1 1 5 8 11 19 27 47 47 24 32 42 46 15 18
0 1 1 3 1 1 1 3 2 2 3 5 2 1 1 1 1 2 1 1 5 1 1 1 1 1 1 3 1 1 1 1 1 1 1 1 1 1 1 2 1 1 1 5 5 5 5 7 9 4 7 17 12 11 9 9 11 19 23 29 37 48 33 73 74 57 51 44 45 32 25 26 16 14 12 5 4 1 1 1 0 1 3 10 15 25 17 37 61 57 30 40 49 45 18 17
0 1 1 4 5 6 1 2 1 3 3 2 1 1 1 1 0 0 0 2 1 1 2 1 1 1 1 1 1 0 0 0 1 0 0 1 0 1 0 1 1 1 2 2 2 7 6 19 25 12 7 11 7 12 6 8 12 27 25 28 45 32 31 30 43 42 35 38 28 24 24 15 13 13 6 4 3 1 1 1 1 3 10 14 17 39 44 43 70 65 58 61 37 31 21 23
0 0 0 0 1 13 5 1 2 2 3 1 2 2 0 0 0 0 1 3 1 1 1 1 0 1 0 0 0 0 0 1 0 0 0 0 1 1 0 1 1 4 4 1 4 8 11 7 33 52 11 10 4 7 8 16 17 18 24 23 21 19 30 21 20 35 50 36 22 14 12 10 17 6 4 3 2 1 1 2 2 5 15 14 16 38 60 64 65 74 61 41 35 23 20 16
0 0 1 1 2 3 1 1 1 1 2 2 4 1 0 0 1 1 3 4 1 1 1 1 1 0 0 0 0 0 0 0 1 0 0 0 0 0 3 4 1 1 1 8 4 7 21 13 14 6 13 18 15 15 16 21 29 23 28 28 29 19 24 18 20 33 31 15 10 18 11 6 5 4 4 1 0 1 3 5 7 8 19 24 19 34 61 79 66 16 18 12 16 22 16 15
0 0 0 2 2 1 2 1 1 2 1 1 1 1 1 3 3 3 2 2 1 1 1 1 0 0 0 0 0 0 0 0 0 0 0 0 0 0 2 6 3 1 5 5 40 15 7 10 13 13 9 26 23 24 30 32 22 32 21 18 19 6 3 5 16 19 21 14 13 10 8 6 4 3 2 1 1 4 7 10 12 20 20 27 41 47 45 75 48 25 25 22 19 24 17 24
0 0 1 1 1 1 2 1 1 1 1 2 2 2 2 3 1 1 1 1 0 0 0 0 0 0 0 0 0 0 0 0 0 0 1 1 1 0 0 1 2 1 1 2 12 49 20 11 11 14 13 14 16 26 42 48 30 29 12 14 6 6 8 24 28 24 7 7 11 7 2 2 1 1 1 2 8 10 10 13 28 22 38 33 59 63 56 54 34 26 34 50 29 24 18 18
0 0 0 1 1 1 2 1 1 1 0 1 1 2 1 2 1 1 0 1 0 0 0 0 0 0 0 0 0 0 0 0 0 0 0 1 0 2 1 0 1 5 4 7 17 8 12 8 6 10 9 10 19 22 25 33 43 35 35 17 22 19 12 17 25 17 6 7 4 2 2 1 2 2 3 5 10 12 15 21 39 27 45 39 37 68 78 50 38 50 63 53 29 21 19 9
0 0 0 1 1 0 1 2 0 1 0 0 1 1 0 1 1 0 0 0 0 0 0 0 0 0 0 0 0 0 0 0 0 0 0 0 1 1 1 1 1 2 15 30 47 18 7 4 11 16 18 8 15 26 23 32 36 16 26 36 21 17 10 19 10 18 10 4 3 3 2 5 3 3 5 9 15 30 37 44 50 45 48 30 24 40 66 38 30 65 62 39 28 25 20 14
0 0 0 0 0 0 0 1 0 0 0 0 0 1 0 0 0 0 0 0 0 0 0 0 0 0 0 0 0 0 0 0 0 1 0 0 0 1 1 1 1 2 2 10 14 9 11 6 13 11 23 14 15 18 21 46 33 27 11 10 14 11 4 9 3 16 10 9 5 6 5 2 3 6 10 14 20 38 49 59 61 67 47 32 24 26 41 41 52 49 35 25 15 17 26 24
0 0 0 0 0 0 0 0 0 0 0 0 0 0 0 0 0 0 0 0 0 0 0 0 0 0 0 0 0 0 0 0 0 0 0 0 0 0 1 1 1 3 14 10 10 5 8 3 5 7 14 12 16 25 37 26 27 15 6 1 11 24 11 19 18 15 14 15 9 2 1 5 6 12 12 16 25 54 51 66 76 64 51 49 25 28 65 64 54 39 40 31 29 37 31 17
0 0 0 0 0 0 1 1 1 0 0 0 0 0 0 0 0 0 0 0 0 0 0 0 0 0 0 0 0 0 0 0 0 0 0 0 1 1 1 2 4 6 9 18 19 26 39 15 15 28 24 15 17 17 18 23 15 9 6 14 12 30 36 23 15 10 4 3 5 2 4 14 14 16 24 15 32 52 59 67 57 70 53 54 37 67 44 48 34 51 53 57 49 40 28 22
0 0 0 0 0 0 0 0 0 0 0 0 0 0 0 0 0 0 0 0 0 0 0 0 0 0 0 0 0 0 0 1 1 1 2 1 1 1 2 1 5 7 7 21 12 10 14 3 8 23 40 36 19 14 17 20 25 22 43 29 19 24 18 25 12 3 2 1 2 1 13 17 34 20 32 22 25 38 59 67 77 58 60 50 60 39 42 48 29 34 68 65 58 35 28 42
0 0 0 0 0 0 0 0 0 0 0 0 0 0 0 0 0 0 0 0 0 0 0 0 0 0 0 0 0 0 0 0 5 1 4 15 12 4 6 5 2 20 21 16 36 30 38 20 17 27 28 29 36 19 21 43 44 35 27 18 23 40 37 14 2 2 5 4 1 2 6 15 40 44 38 23 29 21 41 39 70 72 64 29 25 67 34 47 53 60 46 56 54 51 42 46
0 0 0 0 0 0 0 0 0 0 0 0 0 0 0 0 0 0 0 0 0 0 0 0 0 0 0 0 0 0 0 0 0 5 2 14 19 19 18 13 13 7 39 44 50 28 55 27 19 25 18 19 12 17 8 11 19 26 27 21 20 16 6 2 1 5 7 3 2 5 14 21 32 47 47 28 30 35 35 32 52 64 56 17 49 47 36 61 69 51 59 60 61 50 66 61
0 0 0 0 0 0 0 0 0 0 0 0 0 0 0 0 0 0 0 0 0 0 0 0 0 0 0 0 0 0 0 0 0 1 1 5 31 8 30 10 14 15 16 42 35 36 25 14 41 37 30 30 37 37 27 20 21 20 18 19 17 6 5 3 6 4 5 3 2 6 11 28 37 55 70 45 31 38 50 50 52 60 32 26 45 15 9 25 45 28 29 52 47 58 48 33
0 0 0 0 0 0 0 0 0 0 0 0 0 0 0 0 0 0 0 0 0 0 0 0 0 0 0 0 0 0 0 0 0 1 1 2 10 18 23 27 26 22 27 23 32 49 45 26 12 34 36 38 36 44 43 27 21 12 17 14 9 8 6 13 4 1 3 3 5 12 22 18 40 42 59 63 34 30 35 59 48 68 19 22 50 19 24 24 20 18 20 37 44 45 20 12
0 0 0 0 0 0 0 0 0 0 0 0 0 0 0 0 0 0 0 0 0 0 0 0 0 0 0 0 0 0 0 0 0 1 2 3 4 19 14 23 8 12 9 19 19 23 7 32 23 23 33 27 29 39 42 45 40 32 27 37 23 16 15 6 3 1 2 6 13 23 31 35 35 40 37 64 67 40 56 36 57 45 32 55 17 22 29 30 42 51 35 48 51 42 24 12
0 0 0 0 0 0 0 0 0 0 0 0 0 0 0 0 0 0 0 0 0 0 0 0 0 0 0 0 0 0 0 0 1 1 2 6 4 5 7 5 10 7 3 5 9 18 17 28 17 18 30 27 28 26 27 31 29 26 24 21 11 7 8 3 2 2 5 11 29 24 29 36 46 35 41 35 78 30 31 47 50 26 32 45 40 36 28 59 62 30 40 40 38 20 13 11
0 0 0 0 0 0 0 0 0 0 0 0 0 0 0 0 0 0 0 0 0 0 0 0 0 0 0 0 0 0 0 0 0 1 2 7 9 5 5 3 3 6 8 10 18 21 19 12 18 29 26 26 21 28 27 30 31 16 14 13 9 5 2 1 4 7 12 23 24 31 46 24 14 42 70 49 66 34 33 42 42 35 24 37 27 19 21 47 46 52 31 31 29 18 16 7
0 0 0 0 0 0 0 0 0 0 0 0 0 0 0 0 0 0 0 0 0 0 0 0 0 0 0 0 0 0 0 1 1 2 2 7 9 22 16 6 7 4 6 7 11 11 15 11 8 19 18 27 29 28 20 22 18 13 14 12 9 6 2 4 4 12 29 24 28 34 39 38 26 43 57 39 55 59 28 31 30 40 43 47 29 40 29 38 49 50 43 41 25 22 13 14
0 0 0 0 0 0 0 0 0 0 0 0 0 0 0 0 0 0 0 0 0 0 0 0 0 0 0 0 1 0 0 1 1 3 4 4 8 16 27 28 11 8 10 16 19 13 9 14 24 21 33 36 21 18 29 22 31 24 12 10 6 5 5 7 5 19 28 41 49 51 42 43 28 40 68 33 16 44 59 27 43 46 41 36 27 26 8 28 52 51 36 24 24 24 33 30
0 0 0 0 0 0 0 0 0 0 0 0 0 0 0 0 0 0 0 0 0 0 0 0 0 0 0 0 0 1 2 2 2 4 4 3 10 21 31 27 14 14 14 23 25 32 20 37 27 18 10 12 21 27 10 16 15 15 7 10 10 6 5 12 17 29 33 50 59 56 49 52 37 42 55 56 18 28 35 31 32 17 15 10 16 30 16 24 36 38 33 31 33 32 33 30
0 0 0 0 0 0 0 0 0 0 0 0 0 0 0 0 0 0 0 0 0 0 0 0 0 0 0 0 0 1 1 6 12 4 5 9 8 12 27 33 33 39 29 18 32 51 28 32 32 21 22 27 19 31 19 14 17 22 23 19 10 3 11 17 26 27 33 55 53 65 52 60 33 33 45 55 36 14 36 16 11 7 17 13 17 9 10 20 45 51 34 35 42 40 35 18
0 0 0 0 0 0 0 0 0 0 0 0 0 0 0 0 0 0 0 0 0 0 0 0 0 0 0 0 0 0 0 0 4 5 5 5 5 17 16 14 15 11 10 13 21 42 26 29 28 30 25 23 17 12 10 19 27 22 17 16 6 2 7 10 22 39 52 53 45 55 74 49 51 27 25 45 29 40 18 10 13 10 11 14 24 13 23 38 41 22 29 45 56 41 36 17
0 0 0 0 0 0 0 0 0 0 0 0 0 0 0 0 0 0 0 0 0 0 0 0 0 0 0 0 0 0 0 1 1 1 1 2 5 11 7 13 7 8 5 11 12 17 20 35 20 21 21 25 32 29 9 16 20 29 23 11 3 1 3 17 19 34 29 25 28 29 46 65 69 23 15 33 13 32 8 17 9 10 7 16 21 29 38 19 34 34 44 56 37 32 24 17
0 0 0 0 0 0 0 0 0 0 0 0 0 0 0 0 0 0 0 0 0 0 0 0 0 0 0 0 0 0 0 0 1 2 2 2 9 14 14 14 17 15 30 27 17 20 26 33 32 26 14 24 22 20 26 24 24 16 11 6 1 3 5 11 24 34 39 56 38 22 33 34 46 48 22 20 29 18 14 13 6 15 21 17 10 27 36 33 48 59 41 43 29 22 18 27
0 0 0 0 0 0 0 0 0 0 0 0 0 0 0 0 0 0 0 0 0 0 0 0 1 1 0 0 1 1 1 1 2 3 3 4 9 20 17 19 26 20 17 21 22 23 39 49 35 30 36 34 45 47 35 18 15 17 12 7 2 9 7 14 32 40 54 60 55 31 20 21 34 46 45 19 35 16 20 20 19 13 19 30 26 30 46 45 41 55 59 35 39 34 18 19
0 0 0 0 0 0 0 0 0 0 0 0 0 0 0 0 0 0 0 0 0 0 0 0 0 2 1 0 0 0 1 1 1 2 3 3 5 9 9 27 40 20 27 30 45 43 42 50 42 39 47 57 46 34 35 30 30 17 13 7 4 12 13 27 39 52 67 56 35 34 28 31 29 20 12 45 35 16 14 13 10 16 32 31 37 51 51 64 56 54 35 30 29 34 25 18
0 0 0 0 0 0 0 0 0 0 0 0 0 0 0 0 0 0 0 0 0 0 0 1 1 0 1 1 1 1 2 2 1 1 2 2 5 9 17 17 15 18 48 47 57 52 39 30 31 33 18 34 45 31 26 25 16 15 15 6 3 12 13 34 46 56 59 52 44 51 38 29 49 39 24 20 30 22 10 13 17 29 32 20 33 40 43 36 55 35 25 24 39 32 25 22
0 0 0 0 0 0 0 0 0 0 0 0 0 0 0 0 0 0 0 0 0 0 0 0 0 0 1 2 2 6 25 2 5 3 3 2 4 21 16 20 35 8 11 6 12 28 20 37 26 35 32 37 41 41 23 17 18 17 15 6 4 17 20 33 54 70 55 47 32 65 70 20 45 53 43 25 14 15 15 9 15 16 23 42 37 36 27 29 38 38 41 48 45 45 25 10
0 0 0 0 0 0 0 0 0 0 0 0 0 0 0 0 0 0 0 0 0 0 0 0 0 0 0 1 1 1 4 23 5 8 10 10 12 15 12 14 24 29 22 32 36 24 31 50 41 44 44 29 27 28 28 24 25 24 22 9 10 24 48 50 56 56 51 44 32 28 48 59 22 34 36 30 21 9 21 16 28 32 23 20 34 35 29 25 31 56 55 52 37 24 24 10
0 0 0 0 0 0 0 0 0 0 0 0 0 0 0 0 0 0 0 0 0 0 0 0 0 0 0 0 1 2 1 2 9 6 18 21 13 3 4 4 12 18 19 27 41 49 38 27 48 45 35 49 47 33 27 40 25 23 24 9 15 32 54 64 70 68 45 35 59 43 25 19 41 37 19 26 15 13 35 36 10 10 15 22 26 21 40 33 42 31 35 26 17 19 11 10
0 0 0 0 0 0 0 0 0 0 0 0 0 0 0 0 0 0 0 0 0 0 0 0 0 0 0 0 1 1 1 0 0 1 2 3 3 3 4 3 3 7 7 10 28 34 25 48 50 51 49 48 47 46 45 43 38 25 21 6 25 37 49 68 70 60 42 48 44 60 33 28 12 8 13 12 31 20 10 17 16 27 28 38 36 31 48 46 29 22 24 29 20 8 11 11
0 0 0 0 0 0 0 0 0 0 0 0 0 0 0 0 0 0 0 0 0 0 0 0 0 0 0 1 0 1 2 1 3 5 9 10 9 9 10 5 5 6 25 34 40 27 38 38 47 52 54 49 49 50 45 44 39 28 15 5 11 33 64 69 57 66 42 47 43 33 68 33 17 8 4 25 12 19 16 20 26 41 46 41 35 50 41 37 25 23 26 26 16 11 16 18
0 0 0 0 0 0 0 0 0 0 0 0 0 0 0 0 0 0 0 0 0 0 0 0 0 0 0 0 1 1 1 3 3 2 5 7 6 8 4 8 24 35 17 20 18 31 32 32 47 43 56 57 52 47 46 47 31 27 16 12 10 21 43 66 79 62 38 47 37 28 22 27 25 4 2 6 24 29 32 26 27 32 39 50 46 30 40 32 50 35 25 23 9 18 11 35
0 0 0 0 0 0 0 0 0 0 0 0 0 0 0 0 0 0 0 0 0 0 0 0 0 0 0 0 0 1 1 6 2 3 5 7 8 6 11 13 31 27 28 28 34 38 44 41 57 53 57 52 53 49 49 34 28 24 27 13 16 22 43 53 67 49 55 57 39 50 39 31 19 5 5 9 15 15 26 20 23 26 29 36 31 30 34 42 51 52 29 30 21 25 21 39
0 0 0 0 0 0 0 0 0 0 0 0 0 0 0 0 0 0 0 0 0 0 0 0 0 0 1 0 0 0 2 1 3 5 5 6 8 11 17 16 13 22 30 39 39 46 42 56 56 40 39 42 43 51 55 39 34 28 23 11 17 27 41 48 55 41 33 45 57 35 42 24 18 5 8 11 15 21 14 14 21 25 21 18 22 27 28 32 31 42 42 38 18 33 36 33
0 0 0 0 0 0 0 0 0 0 0 0 0 0 0 0 0 0 0 0 0 0 0 0 0 0 0 0 0 1 2 3 3 5 4 6 12 13 18 16 21 34 41 31 27 45 52 54 44 46 44 48 43 39 40 50 48 30 16 12 18 36 47 49 42 42 30 29 48 59 39 22 12 30 15 6 5 8 14 20 18 23 27 27 20 29 20 37 31 28 38 34 18 30 29 24
0 0 0 0 0 0 0 0 0 0 0 0 0 0 0 0 0 0 0 0 0 0 0 0 0 0 0 0 1 0 0 1 3 3 5 8 11 12 13 14 20 29 22 29 46 45 50 57 40 48 46 47 42 31 37 47 31 30 29 13 14 26 58 55 54 38 32 24 21 18 21 15 12 15 2 4 6 9 9 12 14 17 16 34 30 32 30 33 29 30 35 20 19 32 25 33
0 0 0 0 0 0 0 0 0 0 0 0 0 0 0 0 0 0 0 0 0 0 0 0 0 0 0 0 0 0 1 1 2 2 4 6 8 9 8 23 17 15 19 35 16 31 51 58 60 58 32 36 36 46 48 40 35 40 29 14 6 22 31 49 45 39 63 34 31 23 15 5 8 11 5 7 11 10 10 12 19 19 25 28 33 12 16 16 24 41 33 12 25 39 37 34
0 0 0 0 0 0 0 0 0 0 0 0 0 0 0 0 0 0 0 0 0 0 0 0 0 0 0 0 0 0 1 1 1 2 3 9 4 5 12 9 9 23 37 17 33 36 41 51 44 34 33 45 50 50 49 53 50 45 32 18 10 21 41 41 39 52 58 65 23 25 14 5 4 17 13 4 8 14 20 11 13 17 28 28 22 8 28 27 24 19 14 6 28 36 33 29
0 0 0 0 0 0 0 0 0 0 0 0 0 0 0 0 0 0 0 0 0 0 0 0 0 0 0 0 0 0 1 1 1 2 3 4 3 7 11 13 10 10 15 25 27 34 27 35 38 43 42 57 59 38 44 46 50 35 35 21 15 32 35 44 46 43 50 49 32 25 12 9 10 13 5 4 5 7 14 16 12 37 31 17 25 32 29 24 15 9 8 17 31 35 29 29
0 0 0 0 0 0 0 0 0 0 0 0 0 0 0 0 0 0 0 0 0 0 0 0 0 0 0 0 0 0 1 1 1 1 4 2 8 7 10 5 4 6 11 23 35 34 35 43 49 54 52 52 46 37 33 33 33 34 36 33 21 36 44 51 53 45 31 21 29 34 18 4 6 14 3 4 14 16 19 27 24 19 23 24 28 35 18 23 15 12 13 28 29 28 19 26
0 0 0 0 0 0 0 0 0 0 0 0 0 0 0 0 0 0 0 0 0 0 0 0 0 0 0 0 0 0 0 0 1 1 4 2 1 1 1 4 5 14 25 32 40 38 36 45 35 55 42 40 52 37 44 32 29 34 32 33 22 44 48 43 48 38 27 10 17 22 15 5 8 9 4 2 5 19 25 26 31 15 24 26 27 32 19 16 29 14 26 25 12 29 26 25
0 0 0 0 0 0 0 0 0 0 0 0 0 0 0 0 0 0 0 0 0 0 0 0 0 0 0 0 0 0 1 1 0 4 1 0 2 3 4 5 12 22 19 28 38 46 46 45 36 41 42 44 48 50 47 46 41 32 33 18 35 44 56 66 47 36 21 19 20 13 13 3 5 5 10 5 6 9 19 26 23 31 21 26 32 28 24 7 12 23 20 11 16 18 38 22
0 0 0 0 0 0 0 0 0 0 0 0 0 0 0 0 0 0 0 0 0 0 0 0 0 0 0 0 0 0 0 0 1 1 0 1 1 2 4 19 10 13 21 29 35 44 37 36 35 30 37 41 46 36 46 35 44 44 30 30 35 56 41 49 40 28 20 23 19 8 14 8 4 7 6 5 7 10 13 16 27 23 18 21 28 22 14 4 11 28 12 18 23 19 33 17
0 0 0 0 0 0 0 0 0 0 0 0 0 0 0 0 0 0 0 0 0 0 0 0 0 0 0 0 0 0 1 2 1 0 0 1 1 3 5 7 9 18 22 16 24 30 35 39 30 36 36 40 43 45 47 46 45 45 32 31 31 34 36 32 39 45 25 37 27 10 5 4 5 4 7 10 6 8 8 11 18 18 18 28 34 25 11 6 23 21 20 32 34 20 24 15
0 0 0 0 0 0 0 0 0 0 0 0 0 0 0 0 0 0 0 0 0 0 0 0 0 0 0 0 0 0 1 0 0 0 1 0 1 1 2 8 15 9 9 34 34 21 31 37 37 37 36 40 40 41 43 45 44 30 29 30 30 47 25 26 18 28 40 33 20 11 10 7 3 5 3 4 3 6 13 20 15 23 20 39 42 11 6 21 15 20 28 32 23 11 18 17
0 0 0 0 0 0 0 0 0 0 0 0 0 0 0 0 0 0 0 0 0 0 0 0 0 0 0 0 0 0 0 0 0 0 1 1 1 1 3 5 7 8 16 7 16 16 29 45 33 35 38 39 41 38 44 44 30 20 30 40 29 40 28 27 23 23 21 40 10 6 2 4 2 1 2 4 9 8 9 12 16 17 38 40 20 8 14 19 21 16 18 21 29 17 18 15
0 0 0 0 0 0 0 0 0 0 0 0 0 0 0 0 0 0 0 0 0 0 0 0 0 0 0 0 0 0 0 0 0 0 1 1 1 1 1 3 4 8 8 7 11 36 29 27 30 45 39 36 39 41 41 40 26 18 35 36 50 49 27 25 16 26 22 15 14 3 2 1 1 3 3 7 6 9 9 16 15 24 21 16 10 15 23 25 17 27 22 13 12 15 11 9
0 0 0 0 0 0 0 0 0 0 0 0 0 0 0 0 0 0 0 0 0 0 0 0 0 0 0 0 0 0 0 0 0 0 1 1 1 1 1 1 1 5 12 14 20 16 24 29 41 31 34 49 22 37 37 26 15 33 39 35 59 43 22 26 14 10 13 16 7 1 4 1 1 2 4 5 6 10 14 15 15 27 13 18 12 21 22 24 16 16 18 11 11 14 15 11
0 0 0 0 0 0 0 0 0 0 0 0 0 0 0 0 0 0 0 0 0 0 0 0 0 0 0 0 0 0 0 0 0 1 1 1 0 1 1 1 3 5 8 20 12 14 18 37 25 28 46 37 38 38 26 24 14 30 46 40 41 38 19 21 18 11 8 5 7 1 1 3 3 2 3 4 10 11 21 26 21 23 9 7 11 20 27 26 25 21 16 15 9 11 18 13
0 0 0 0 0 0 0 0 0 0 0 0 0 0 0 0 0 0 0 0 0 0 0 0 0 0 0 0 0 0 0 0 0 1 0 0 1 1 1 1 1 3 8 14 16 12 29 17 33 42 30 30 36 37 26 23 13 27 46 39 26 26 11 10 14 6 10 2 2 0 1 3 1 3 3 5 8 23 53 30 33 12 8 9 16 19 23 21 13 8 10 20 6 7 13 21
0 0 0 0 0 0 0 0 0 0 0 0 0 0 0 0 0 0 0 0 0 0 0 0 0 0 0 0 0 0 0 0 0 0 0 0 0 0 0 1 2 4 7 9 9 6 16 25 28 26 34 28 31 33 34 20 19 24 44 50 28 17 11 7 11 7 2 2 3 0 1 1 1 2 3 6 23 14 18 29 10 6 8 18 17 20 26 20 9 9 13 5 3 4 7 18
0 0 0 0 0 0 0 0 0 0 0 0 0 0 0 0 0 0 0 0 0 0 0 0 0 0 0 0 0 0 0 0 0 0 0 0 0 0 0 0 1 3 3 4 10 5 5 6 13 18 30 28 29 32 21 12 22 29 39 29 34 18 6 5 4 5 2 0 1 0 0 0 1 2 5 13 19 23 24 26 11 6 9 16 15 32 32 21 12 10 11 11 8 3 5 11
0 0 0 0 0 0 0 0 0 0 0 0 0 0 0 0 0 0 0 0 0 0 0 0 0 0 0 0 0 0 0 0 0 0 0 0 0 0 0 0 2 2 2 4 2 4 6 12 15 25 21 28 31 19 18 10 16 26 38 25 19 7 5 4 4 1 1 1 1 0 0 0 1 1 6 22 24 23 14 16 6 8 14 14 15 29 22 6 9 13 7 11 4 4 5 11
0 0 0 0 0 0 0 0 0 0 0 0 0 0 0 0 0 0 0 0 0 0 0 0 0 0 0 0 0 0 0 0 0 0 0 0 0 0 0 1 1 1 4 2 3 4 10 11 19 14 17 22 27 17 7 15 17 43 27 18 10 7 3 6 3 1 0 2 0 0 0 1 2 6 13 14 14 7 8 5 5 13 12 13 14 27 22 4 4 11 6 13 5 4 5 18
0 0 0 0 0 0 0 0 0 0 0 0 0 0 0 0 0 0 0 0 0 0 0 0 0 0 0 0 0 0 0 0 0 0 0 0 0 0 1 0 1 1 1 2 3 6 9 17 18 16 25 19 14 16 9 15 16 30 30 8 5 4 1 1 1 1 0 1 0 1 1 1 2 4 5 12 11 10 4 10 7 11 13 20 13 21 21 6 6 6 3 13 5 4 5 7
0 0 0 0 0 0 0 0 0 0 0 0 0 0 0 0 0 0 0 0 0 0 0 0 0 0 0 0 0 0 0 0 0 0 0 0 0 0 0 1 2 2 3 1 3 7 11 7 9 23 19 13 12 13 7 20 26 16 13 9 3 2 2 1 1 1 0 0 0 1 0 1 3 4 8 6 10 13 7 14 13 10 12 16 9 9 10 8 10 5 4 13 4 4 3 5
0 0 0 0 0 0 0 0 0 0 0 0 0 0 0 0 0 0 0 0 0 0 0 0 0 0 0 0 0 0 0 0 0 0 0 0 0 0 0 0 1 1 4 2 3 7 3 6 12 12 10 12 10 11 10 17 16 14 6 5 1 1 1 1 0 1 0 0 0 1 1 2 3 6 7 9 13 16 8 11 10 14 10 11 7 5 7 7 6 5 4 12 3 3 3 4
0 0 0 0 0 0 0 0 0 0 0 0 0 0 0 0 0 0 0 0 0 0 0 0 0 0 0 0 0 0 0 0 0 0 0 0 0 0 0 0 0 1 2 3 3 3 4 5 7 8 8 8 7 8 10 7 10 13 4 1 2 0 1 0 0 0 0 0 0 0 1 4 8 6 5 7 9 4 5 7 8 11 9 9 5 7 10 10 6 5 3 6 6 1 4 4
0 0 0 0 0 0 0 0 0 0 0 0 0 0 0 0 0 0 0 0 0 0 0 0 0 0 0 0 0 0 0 0 0 0 0 0 0 0 1 0 0 0 1 1 3 2 3 2 6 8 5 6 4 5 7 8 6 8 3 2 1 1 0 0 0 0 0 0 0 0 1 3 4 3 4 5 3 4 7 6 6 10 9 4 6 5 7 8 5 4 2 4 4 1 1 4
0 0 0 0 0 0 0 0 0 0 0 0 0 0 0 0 0 0 0 0 0 0 0 0 0 0 0 0 0 0 0 0 0 0 0 0 0 0 1 0 0 0 1 1 2 2 2 5 4 5 5 4 4 8 7 4 5 2 2 0 0 0 0 0 0 0 0 0 0 0 1 2 6 8 10 3 4 4 5 9 10 5 6 3 5 6 5 5 3 3 2 3 4 2 1 1
0 0 0 0 0 0 0 0 0 0 0 0 0 0 0 0 0 0 0 0 0 0 0 0 0 0 0 0 0 0 0 0 0 0 0 0 0 0 2 0 0 0 0 1 1 1 3 1 2 3 2 3 2 5 6 2 2 1 1 1 0 0 0 0 0 0 0 0 0 0 1 2 5 12 8 4 3 6 4 8 7 5 4 3 2 4 4 4 3 3 1 2 1 1 1 1
0 0 0 0 0 0 0 0 0 0 0 0 0 0 0 0 0 0 0 0 0 0 0 0 0 0 0 0 0 0 0 0 0 0 0 0 0 0 0 0 0 0 0 1 1 1 1 1 2 2 3 1 2 2 3 6 1 1 0 0 0 0 0 0 0 0 0 0 0 0 1 2 2 10 6 2 5 4 3 4 6 4 3 2 2 3 3 4 2 2 1 1 1 0 1 0
0 0 0 0 0 0 0 0 0 0 0 0 0 0 0 0 0 0 0 0 0 0 0 0 0 0 0 0 0 0 0 0 0 0 0 0 0 0 0 1 0 0 0 1 0 1 1 1 1 1 1 1 1 1 2 2 1 0 0 0 0 0 0 0 0 0 0 0 0 0 1 2 4 4 2 4 4 4 3 2 3 3 3 2 1 2 2 2 2 1 0 1 1 1 1 0
0 0 0 0 0 0 0 0 0 0 0 0 0 0 0 0 0 0 0 0 0 0 0 0 0 0 0 0 0 0 0 0 0 0 0 0 0 0 0 0 1 0 0 0 0 0 0 1 1 0 1 1 1 1 1 1 1 0 0 0 0 0 0 0 0 0 0 0 0 1 2 2 3 1 4 3 3 4 3 2 2 2 2 2 2 2 1 1 1 0 0 2 1 1 0 0
0 0 0 0 0 0 0 0 0 0 0 0 0 0 0 0 0 0 0 0 0 0 0 0 0 0 0 0 0 0 0 0 0 0 0 0 0 0 0 0 1 0 0 0 0 0 0 0 0 0 0 1 0 1 1 0 0 0 0 0 0 0 0 0 0 0 0 0 0 1 2 3 1 1 2 2 3 2 1 1 1 0 1 1 1 1 1 1 1 0 0 1 0 1 1 0
