sesion_6_simulaciones/modelos_agentes/ejemplos_netlogo/scenarios/echam4_a2/rob_2053.asc
NCOLS 322 
NROWS 307 
XLLCORNER 451900 
YLLCORNER 4086900 
CELLSIZE 100 
NODATA_value -9999 
[rows 74 to 147 of 307, columns 96 to 191 of 322]
22 56 35 18 18 21 21 48 20 21 15 61 31 73 66 49 12 6 9 14 57 49 28 15 16 5 5 1 6 10 4 4 5 11 4 2 2 2 9 2 2 3 6 2 3 8 10 1 2 7 5 20 40 26 26 11 18 24 42 26 23 74 62 46 54 58 36 50 60 63 52 63 48 66 36 38 57 64 47 41 21 45 60 48 28 14 14 15 7 10 7 6 5 2 0 0
27 32 27 19 14 18 24 41 23 35 42 29 15 25 31 54 34 41 54 69 89 53 53 39 11 20 4 3 7 2 6 44 13 11 17 11 4 2 3 1 3 13 18 9 24 13 12 28 42 6 7 4 8 28 7 10 21 39 28 15 36 41 67 51 54 38 34 45 58 66 40 76 41 50 44 30 59 32 22 50 52 45 19 19 28 26 20 16 23 19 26 22 10 6 2 1
39 24 21 23 15 27 14 44 20 43 49 16 24 46 37 28 39 66 45 69 74 78 71 66 19 12 8 3 6 9 29 38 26 15 17 19 17 4 9 11 4 3 6 3 5 22 6 18 17 19 4 3 7 6 9 11 20 39 18 25 25 15 48 47 50 29 50 37 74 55 29 61 53 45 52 49 29 17 71 44 33 32 49 35 51 53 47 56 54 35 35 31 15 9 5 3
41 15 33 28 19 16 21 31 27 32 68 30 34 27 31 44 66 41 65 60 80 83 59 44 53 7 6 10 17 16 29 11 26 11 26 5 34 17 9 19 4 2 2 2 6 9 26 34 19 41 32 20 12 2 4 5 22 10 10 8 18 10 41 36 36 22 47 44 54 23 20 25 52 21 50 25 26 33 58 34 46 42 39 57 73 68 73 54 49 57 32 29 14 12 6 5
41 22 30 31 37 18 23 28 11 51 70 60 37 25 45 40 49 63 78 48 46 61 68 78 34 25 30 41 58 31 27 13 20 22 4 9 12 17 19 22 14 2 2 4 8 12 35 28 12 59 45 32 34 21 20 6 6 5 9 6 12 10 6 18 10 19 20 33 25 11 15 15 47 32 16 7 36 42 34 34 56 74 81 73 76 76 49 57 60 35 36 20 14 14 13 21
56 57 21 50 57 30 11 31 12 30 30 62 46 33 35 7 46 82 50 52 55 35 64 71 38 26 66 71 66 62 70 28 6 7 7 29 31 7 11 18 27 4 3 9 11 12 24 66 55 55 50 47 55 19 45 36 28 7 4 2 10 18 6 7 8 14 12 21 6 5 23 31 30 23 57 53 24 17 46 65 68 70 68 67 58 69 68 76 55 33 31 19 16 25 40 20
79 84 62 57 20 17 12 11 11 38 19 11 46 57 14 37 72 46 32 29 46 20 12 52 60 64 70 64 71 55 77 67 22 24 29 46 20 17 3 11 33 16 5 9 21 40 19 19 59 36 52 75 59 45 55 26 36 50 39 32 35 8 29 12 6 3 15 23 25 34 21 2 4 6 13 50 54 67 40 67 66 50 73 58 54 55 70 74 56 47 42 28 59 54 18 15
62 56 71 17 13 14 21 16 14 20 22 5 13 25 30 41 21 56 54 41 34 43 10 19 60 76 68 42 36 58 39 28 56 52 51 42 53 43 15 12 44 35 5 8 30 21 12 8 26 15 63 72 48 82 65 35 62 34 26 26 50 14 27 34 27 14 28 31 54 20 32 10 8 9 17 10 20 65 64 65 43 56 72 64 45 56 77 64 58 52 51 56 68 49 19 38
73 73 61 28 26 31 36 23 14 18 29 4 15 29 36 21 21 71 48 33 43 71 40 39 63 92 60 16 39 40 28 31 10 18 77 47 23 22 19 31 56 45 19 11 21 17 15 22 23 47 48 80 81 84 62 60 65 43 61 39 49 34 35 27 26 31 13 19 45 23 50 61 47 34 19 22 21 13 52 78 83 47 64 58 41 76 61 43 55 69 57 74 50 42 32 62
26 44 65 63 10 10 31 31 43 22 22 7 25 54 35 12 21 81 32 49 40 42 28 67 43 52 31 44 54 41 31 33 18 52 86 64 49 18 15 46 28 12 24 10 15 10 13 18 21 28 25 71 70 83 68 64 76 48 67 61 49 54 28 30 34 22 48 21 39 55 70 68 49 29 33 14 16 27 16 68 63 62 31 61 74 37 46 48 61 51 59 48 31 41 42 81
14 20 31 41 50 12 23 15 11 37 34 14 24 46 38 23 35 76 44 43 25 18 71 73 64 54 26 61 57 41 20 12 60 88 85 82 74 31 43 46 37 7 24 14 20 28 24 16 23 8 5 32 77 87 59 69 60 62 81 73 53 35 23 17 53 27 67 44 34 56 71 65 28 22 35 27 34 30 24 32 68 80 75 50 27 60 70 71 60 72 30 47 45 65 45 77
10 17 30 18 38 44 31 28 15 27 46 11 25 53 35 45 37 49 55 67 64 18 43 50 80 68 65 69 65 69 43 79 88 78 75 87 80 40 35 55 31 12 24 19 20 29 28 18 23 15 22 33 77 82 58 45 55 85 79 78 48 22 39 50 70 52 79 70 56 33 74 55 61 52 45 33 30 36 28 24 41 76 63 78 71 39 66 30 67 36 33 57 45 77 49 63
9 6 3 3 12 27 11 6 10 20 25 14 36 59 41 15 33 28 49 65 73 64 29 35 39 43 74 86 58 61 79 85 86 71 77 75 64 76 52 60 38 64 44 51 27 36 43 47 32 32 21 38 67 89 68 51 79 69 82 73 48 37 38 50 80 57 73 67 56 36 61 51 42 16 37 26 11 30 32 18 10 60 75 67 51 83 61 58 59 59 57 67 73 76 78 44
6 3 0 1 10 11 2 5 8 15 9 23 55 48 16 9 17 25 52 53 67 87 54 29 24 36 77 76 83 42 84 70 67 68 87 82 62 77 51 63 55 88 42 67 49 39 36 24 26 25 22 19 44 82 68 78 68 79 89 66 41 46 55 72 74 57 67 63 49 15 20 29 54 48 58 36 16 28 33 39 47 12 63 69 65 76 83 86 92 72 85 87 74 44 78 31
9 9 2 1 9 5 3 7 11 8 14 24 36 40 13 5 37 37 32 38 46 60 74 73 53 36 57 70 83 76 75 86 82 53 55 44 47 75 32 44 89 77 58 41 33 45 31 40 46 51 51 25 32 60 60 69 66 81 82 67 60 73 71 75 78 38 63 66 49 23 21 45 63 55 38 67 28 22 31 37 44 29 18 59 66 85 76 50 51 66 66 82 73 45 58 68
11 5 4 2 4 2 2 16 8 7 7 13 52 29 9 5 35 19 31 44 46 57 69 67 70 43 48 25 45 75 64 69 74 65 64 62 47 38 53 87 53 70 35 22 37 64 47 49 55 59 45 43 27 31 28 53 67 72 82 62 50 62 61 84 79 52 62 74 30 11 13 38 34 46 81 64 36 36 16 45 35 49 48 18 57 79 77 73 73 65 47 45 61 40 25 46
5 6 2 1 1 1 1 8 8 3 14 29 49 45 10 4 18 5 18 55 57 60 28 37 65 51 51 39 67 90 84 79 55 68 52 34 40 33 66 41 42 39 21 56 79 60 53 54 42 33 31 30 26 24 9 15 49 65 81 50 68 64 82 89 87 50 78 61 50 27 16 28 52 70 88 43 34 65 26 41 37 45 56 40 17 63 66 49 31 46 41 40 31 44 44 39
12 9 5 2 2 1 1 2 6 7 10 36 24 15 22 8 22 5 2 13 18 48 31 28 28 17 36 55 78 88 67 75 78 73 67 40 23 36 77 23 53 55 70 77 79 57 74 34 24 33 61 58 65 62 57 24 10 7 37 49 54 64 81 88 87 62 90 66 63 51 27 31 51 86 70 31 63 57 33 25 44 53 53 45 35 11 30 52 42 43 26 40 62 68 56 53
7 5 2 1 1 1 0 0 2 8 14 16 17 6 6 3 21 7 3 22 17 25 15 23 31 28 26 49 27 56 62 62 63 54 18 30 44 47 50 27 67 67 83 70 62 48 81 73 73 54 57 53 53 37 44 16 7 7 9 36 63 84 77 86 79 53 80 74 40 29 37 56 48 69 43 52 77 64 57 66 52 57 43 41 46 30 9 17 21 28 46 58 64 66 60 50
3 3 2 2 1 1 1 1 1 2 7 12 13 10 5 3 21 5 2 11 7 9 11 17 12 31 30 39 28 9 22 27 22 19 42 47 65 80 52 51 31 68 92 61 40 78 71 62 77 58 58 45 31 38 37 42 22 10 11 55 79 75 83 88 84 82 77 83 67 27 47 37 40 19 30 72 64 32 54 36 43 43 39 38 46 33 40 17 6 31 49 67 75 66 62 34
5 2 5 7 4 3 3 3 1 2 4 8 7 5 4 2 9 3 1 4 8 6 5 7 9 20 23 23 26 19 8 7 11 31 39 71 81 55 61 69 48 83 88 60 73 68 64 43 86 62 71 56 67 71 70 53 34 13 15 26 70 63 83 84 79 72 78 83 73 45 31 46 51 45 49 55 66 84 44 51 32 26 46 39 26 43 58 52 19 18 25 22 33 38 41 33
17 14 9 15 12 9 9 7 4 1 2 3 3 4 3 3 2 2 2 3 3 4 2 3 7 9 14 16 16 28 5 6 11 29 77 81 62 43 69 75 63 74 80 65 59 67 63 58 84 68 57 71 59 67 66 52 35 17 10 14 19 60 75 79 70 64 80 73 49 19 31 59 30 51 74 65 75 52 26 65 36 37 44 42 68 49 32 37 46 45 37 15 8 8 14 16
26 13 23 20 21 16 20 11 5 4 0 1 1 1 3 2 2 2 1 1 3 3 2 2 2 2 14 12 10 4 8 3 16 65 62 64 27 58 83 67 50 53 63 27 35 84 55 77 83 78 57 71 81 54 28 29 32 32 28 16 20 33 54 64 64 63 46 53 26 24 44 45 40 58 68 76 62 46 56 64 56 30 46 73 69 66 48 43 48 50 58 49 29 10 5 10
27 28 35 20 31 23 16 12 10 9 8 3 1 1 0 1 2 2 1 1 1 1 1 1 1 2 9 15 7 5 9 2 26 50 37 22 32 73 86 72 36 42 41 32 77 67 50 53 88 85 48 54 54 69 52 30 9 15 18 27 23 30 23 34 21 40 48 44 19 40 54 53 46 45 67 61 54 63 33 19 56 52 56 68 72 56 52 45 34 41 53 45 38 17 12 4
42 27 39 41 35 19 18 23 11 12 7 6 5 2 1 0 1 1 0 1 1 1 1 1 1 1 2 9 2 3 8 2 12 30 13 21 31 50 49 56 42 47 26 67 72 29 55 88 85 78 79 36 21 28 21 25 10 13 22 33 21 33 23 14 14 27 22 21 18 46 45 63 35 59 65 58 74 41 48 34 62 34 33 38 47 66 65 47 37 29 49 39 42 33 26 9
30 21 44 44 17 24 10 12 21 15 9 8 6 5 3 1 0 0 0 0 0 0 0 1 0 0 1 1 1 11 4 1 3 4 7 28 34 46 80 58 52 36 51 51 48 44 50 88 83 75 92 71 44 55 49 26 11 7 4 12 34 22 18 10 12 24 17 14 23 35 54 60 53 27 35 35 48 44 40 51 14 62 43 52 55 63 58 60 67 47 46 46 50 56 28 18
17 32 68 42 37 19 37 17 28 25 12 10 7 2 2 2 1 1 1 1 1 1 0 0 0 0 0 0 2 9 1 2 3 2 10 30 36 12 34 31 42 35 35 49 36 45 65 86 81 81 84 85 45 28 22 18 16 19 13 3 4 10 10 9 12 16 12 15 15 33 46 61 55 57 19 32 50 43 24 27 52 36 26 58 61 58 62 68 58 71 58 67 64 56 39 27
24 40 60 36 31 30 17 20 31 20 17 13 8 6 3 4 2 3 3 3 2 3 1 1 2 1 0 0 1 4 1 2 3 3 9 13 12 15 11 5 29 43 24 19 29 67 81 81 74 64 78 78 60 44 46 52 41 26 18 6 1 9 6 5 10 7 7 10 23 34 32 42 39 36 47 44 35 55 83 83 73 76 54 55 51 50 55 63 74 63 77 71 63 59 53 47
26 56 22 28 34 26 23 13 26 23 9 7 13 5 4 3 3 4 5 4 4 3 3 3 1 2 1 0 0 1 1 1 2 4 6 7 9 14 14 5 13 44 28 11 35 48 82 74 35 30 42 67 82 73 53 46 37 22 10 4 2 9 4 2 4 5 8 17 24 33 32 39 43 60 72 74 66 83 81 79 71 56 42 28 30 52 71 65 63 68 75 75 73 74 63 53
55 21 28 24 18 29 28 18 9 10 14 15 14 10 4 7 5 5 6 9 9 5 7 3 5 2 2 0 0 1 1 1 2 3 8 8 13 13 12 3 6 15 23 8 26 29 61 35 19 22 48 57 81 74 66 45 39 24 10 7 2 3 2 2 7 6 10 25 25 31 36 35 65 72 86 71 78 70 75 54 26 20 26 47 18 49 64 59 75 84 75 60 43 36 28 22
19 24 39 61 53 34 11 6 8 24 21 16 8 14 12 11 10 15 12 12 13 11 7 8 7 3 1 1 0 0 0 0 0 3 4 16 22 13 13 5 4 4 7 2 8 16 13 19 24 39 42 66 85 74 66 61 52 35 29 11 3 2 3 1 5 9 12 11 11 22 44 48 56 61 63 68 71 59 41 33 39 30 54 53 81 58 42 66 83 72 57 59 57 51 44 40
42 54 43 14 13 18 21 9 16 27 26 21 20 19 16 22 12 18 17 23 8 18 15 11 6 3 1 1 0 0 0 0 0 1 3 7 7 10 15 7 8 6 7 2 5 12 19 51 67 69 85 68 85 80 73 52 52 28 16 9 3 3 2 1 1 2 5 14 24 23 39 63 40 47 45 62 65 25 15 29 29 39 69 61 79 57 77 63 68 59 59 61 55 60 60 52
46 27 34 32 30 18 23 12 31 32 30 31 44 25 33 28 27 38 30 17 18 19 23 7 8 4 2 1 0 0 0 0 0 1 2 3 9 18 17 4 3 4 5 3 6 15 43 30 57 60 57 53 89 82 73 44 26 16 10 4 2 1 1 0 0 2 7 22 31 25 33 55 47 35 30 41 27 31 52 52 34 67 68 60 72 79 65 61 60 56 46 55 59 65 58 72
25 22 14 12 11 9 5 19 38 33 35 52 36 42 40 40 46 20 16 36 25 29 25 8 4 3 3 2 1 1 0 0 0 0 1 1 1 5 11 4 3 4 4 5 12 14 8 21 36 74 42 60 80 62 66 48 30 15 5 3 2 1 0 1 0 1 5 12 35 24 27 12 24 38 29 44 47 48 45 42 45 72 63 58 65 63 39 66 37 45 57 66 65 47 75 75
14 20 31 34 29 15 14 24 38 56 53 51 36 45 65 60 37 22 24 47 32 17 14 11 5 3 4 3 2 1 1 1 0 0 1 2 1 1 1 0 1 2 2 3 9 7 11 23 61 22 19 47 83 63 46 23 17 12 11 6 2 1 0 0 0 1 4 7 13 20 19 16 36 28 37 47 60 72 70 70 68 87 63 43 41 51 64 82 78 54 54 57 49 58 63 57
26 45 31 54 23 22 25 43 43 57 56 24 26 50 49 37 28 29 42 63 24 19 16 13 7 6 3 2 2 1 0 1 1 0 0 1 1 1 1 0 1 2 2 2 3 7 14 8 45 15 31 61 80 46 25 20 14 6 4 5 2 1 0 0 0 0 2 2 7 10 19 28 44 42 69 71 82 53 38 28 81 79 79 53 19 53 75 89 85 77 80 51 71 55 49 80
43 44 65 55 29 47 45 48 67 59 45 32 37 57 40 57 21 34 66 31 22 17 20 17 14 10 5 3 1 1 1 1 1 1 0 0 1 0 0 0 0 1 1 2 2 5 9 8 5 11 33 69 75 40 27 19 8 6 5 3 2 1 1 0 0 0 2 6 11 17 26 33 49 61 72 65 33 35 29 72 77 79 82 83 42 57 83 85 73 67 62 71 51 56 37 55
59 64 38 29 39 48 47 69 37 50 22 45 50 79 61 43 25 59 20 15 35 18 12 8 9 8 7 6 4 3 3 2 1 1 1 0 0 1 1 0 0 0 1 1 3 8 3 9 2 4 21 52 83 72 31 18 10 3 4 2 2 1 1 0 0 1 3 11 23 28 30 41 49 46 42 50 45 60 74 80 74 78 67 81 72 62 66 37 22 20 49 81 70 50 32 36
70 51 37 28 39 53 65 15 60 26 31 51 70 73 51 27 57 48 29 12 11 20 6 6 11 11 16 7 10 8 5 4 2 1 1 1 0 0 0 0 0 0 0 2 2 4 1 4 1 7 13 9 46 55 25 12 5 3 2 1 2 2 1 0 0 2 5 7 10 18 21 26 33 41 64 69 68 69 74 64 70 61 47 72 65 45 38 48 63 68 82 41 56 52 30 28
34 52 40 33 48 69 72 26 55 50 66 50 79 49 34 47 59 24 26 22 49 28 14 10 17 25 18 21 16 18 7 2 1 3 2 1 1 1 0 0 0 0 1 1 2 0 2 4 1 5 6 33 43 22 18 15 11 5 2 1 2 2 1 1 0 0 2 6 10 11 15 19 32 33 33 35 37 38 84 47 67 72 53 49 40 27 63 68 67 81 77 60 46 59 59 57
86 36 55 55 67 43 51 61 59 49 59 58 50 42 42 73 32 42 34 64 53 28 34 23 13 33 38 34 43 21 13 3 1 1 1 1 1 1 1 0 0 0 1 1 0 1 8 2 1 4 29 38 50 13 11 15 7 5 3 1 2 1 1 0 0 0 1 2 5 7 3 10 10 14 31 46 46 49 74 65 54 67 85 42 31 49 49 60 78 70 65 74 58 59 46 57
80 93 88 91 85 58 16 10 58 34 66 75 84 76 60 67 64 74 54 67 51 48 46 39 36 45 63 63 26 28 14 6 7 3 2 2 1 1 1 0 0 0 1 1 0 0 1 1 0 4 12 43 40 8 11 11 9 4 2 2 2 1 1 0 0 0 3 4 5 14 18 31 47 45 28 30 47 78 73 75 77 56 56 68 37 43 63 64 54 38 74 86 56 46 58 66
62 87 73 80 76 61 75 34 56 45 21 38 81 86 89 60 46 54 65 65 60 54 64 48 60 60 71 52 47 38 27 16 9 8 7 2 2 2 1 1 0 0 0 0 1 1 0 0 0 3 9 5 18 5 15 7 9 6 3 1 1 1 1 0 0 1 3 7 11 22 42 37 24 41 65 45 61 77 77 89 77 62 54 48 12 24 29 48 69 82 87 64 84 56 53 61
46 85 61 77 76 63 87 62 41 73 51 40 69 78 73 62 72 50 78 87 88 70 58 42 78 65 67 50 34 24 27 18 16 14 11 5 3 2 1 1 1 0 0 0 1 0 1 0 0 1 2 4 20 11 22 15 6 8 3 3 0 0 0 0 1 2 4 4 11 22 43 57 64 54 72 77 79 77 69 85 82 50 31 26 14 23 47 67 61 90 62 71 81 84 60 58
50 78 66 62 80 54 62 25 46 75 57 31 11 56 66 64 73 55 51 81 85 47 72 37 68 53 67 48 39 16 23 36 31 25 18 5 2 2 2 1 0 0 0 0 1 1 1 0 0 0 1 7 19 4 5 2 6 8 7 2 0 0 0 0 1 2 5 4 10 19 31 48 44 32 33 47 83 59 79 80 87 84 22 15 13 31 60 40 72 84 72 80 68 62 45 66
14 39 25 50 72 57 57 14 47 80 42 23 15 31 66 62 65 61 28 33 61 43 38 59 27 24 73 42 21 12 6 9 15 11 11 9 4 4 4 1 1 0 0 0 0 1 1 0 0 1 2 9 6 12 5 2 2 2 1 0 1 0 0 0 0 1 2 3 5 11 18 16 25 42 46 62 88 89 72 62 76 81 59 14 7 23 24 49 79 68 62 29 22 30 43 63
14 41 67 48 59 38 69 45 57 81 65 34 29 26 63 78 46 9 11 22 31 18 25 65 33 15 55 43 49 15 1 10 24 18 6 13 8 5 2 1 0 0 0 0 0 1 1 0 0 2 3 6 2 3 3 3 1 0 1 1 1 0 0 0 1 1 1 2 3 9 18 23 44 44 56 80 88 87 82 45 50 63 54 23 7 15 37 61 57 30 30 60 60 60 64 75
23 13 12 17 25 39 71 26 61 62 83 49 28 22 24 19 13 10 10 26 21 20 13 55 17 36 43 30 48 60 21 10 11 8 9 13 9 4 2 2 1 0 0 0 0 0 1 0 0 1 3 5 0 1 2 5 1 1 1 1 0 0 0 0 0 2 11 7 11 28 42 64 72 56 70 92 88 87 79 56 13 27 44 39 8 17 33 57 43 46 86 65 48 54 41 76
25 30 13 13 23 39 63 52 34 51 74 48 17 7 25 26 10 26 9 11 16 15 12 53 15 10 39 27 34 48 27 17 22 6 3 3 1 2 1 1 1 1 0 0 0 0 0 0 0 1 3 3 0 1 1 1 2 2 1 0 0 0 0 0 0 1 3 14 36 46 74 51 32 49 80 92 86 75 71 72 55 14 39 36 8 17 36 34 28 70 69 50 64 80 22 11
26 34 23 13 19 13 56 62 50 20 74 38 12 4 18 17 25 27 18 10 13 17 3 19 42 4 11 14 37 61 21 4 9 5 9 8 5 3 2 1 1 0 0 0 0 0 0 0 0 1 3 2 0 1 1 1 1 1 0 0 0 0 0 0 0 2 5 16 29 29 16 23 47 56 74 75 82 70 60 43 55 19 11 14 14 29 22 19 59 84 45 59 67 75 68 23
36 23 23 8 8 10 36 66 28 23 57 50 26 4 15 16 33 26 21 13 13 25 10 11 62 9 13 14 30 33 35 23 20 20 14 8 6 4 3 1 0 0 0 0 0 0 0 0 0 2 5 3 1 1 1 0 0 1 1 0 0 0 0 0 1 3 15 19 14 11 27 38 54 86 74 62 78 42 25 20 45 22 12 3 4 20 23 42 80 54 44 56 78 64 65 32
66 13 24 10 8 11 23 28 7 7 63 37 4 2 13 14 30 22 32 20 22 18 17 12 22 12 5 12 19 17 29 33 17 9 6 3 3 3 3 2 1 0 0 0 0 0 0 0 0 1 3 2 1 0 0 0 0 0 0 0 0 0 0 0 1 6 7 5 5 11 36 47 77 83 80 55 34 51 16 17 42 12 4 2 9 27 41 54 63 23 54 82 74 69 79 41
15 24 9 8 6 5 7 12 8 12 43 18 7 2 8 11 25 7 21 14 11 16 14 8 14 20 8 4 2 11 11 24 10 5 6 4 2 1 2 1 0 0 0 0 0 0 0 0 1 2 2 0 0 0 0 0 0 0 0 0 0 0 0 0 1 3 2 1 8 27 39 48 79 84 64 48 28 36 37 8 12 9 2 3 11 16 33 61 35 37 75 66 64 66 61 52
13 9 18 17 6 6 2 3 3 4 11 5 14 5 3 8 24 7 5 14 5 3 2 16 16 27 3 2 1 3 15 25 22 8 4 2 2 1 1 0 0 0 0 0 0 0 0 0 0 1 1 1 0 0 0 0 0 0 0 0 0 0 0 0 2 1 0 2 12 26 44 73 70 68 58 47 27 18 32 11 5 6 2 3 9 15 43 46 33 26 31 51 46 41 57 63
25 12 8 20 21 11 8 2 2 6 4 3 12 13 4 6 11 12 3 4 3 4 3 33 12 16 6 1 1 1 3 5 17 16 6 3 2 1 0 0 1 0 0 0 0 0 0 0 1 1 1 1 1 0 0 0 0 0 0 0 0 0 0 1 0 0 1 5 16 47 56 76 73 51 27 12 8 8 12 11 8 2 1 2 6 11 25 22 16 12 30 26 19 35 54 66
26 15 6 10 11 20 7 2 1 5 5 2 2 4 2 3 6 9 3 2 2 1 1 3 1 3 10 1 1 1 1 3 15 17 5 3 3 5 4 2 1 0 0 0 0 0 0 0 0 0 0 0 1 0 0 0 0 0 0 0 0 0 0 0 0 0 1 3 16 70 67 61 77 62 29 12 3 1 3 6 4 1 1 1 4 9 17 10 6 22 34 42 71 59 72 65
57 26 11 3 7 13 17 2 3 5 7 3 1 2 2 1 3 9 2 1 1 1 0 2 0 1 4 3 1 1 0 1 5 30 12 4 2 1 1 1 0 0 0 0 0 0 0 0 0 0 0 0 0 1 0 0 0 0 0 0 0 0 0 0 0 2 4 16 35 41 74 77 55 65 52 19 9 3 1 1 3 2 0 0 1 3 4 2 7 21 31 68 71 62 58 62
37 69 21 8 2 3 3 3 3 4 4 2 4 1 1 0 1 7 2 1 1 1 0 1 1 0 2 2 1 1 1 0 2 7 19 9 3 2 3 2 0 0 0 0 0 0 0 0 0 0 0 0 0 0 0 0 0 0 0 0 0 0 0 0 1 4 7 5 15 35 64 54 44 39 56 22 8 2 1 0 0 0 0 0 1 1 1 4 13 22 56 62 39 54 64 63
6 49 56 26 9 3 1 5 2 1 2 1 5 2 1 1 1 7 3 2 0 0 0 1 1 0 1 1 1 1 1 0 2 1 2 13 3 1 1 1 1 0 0 0 0 0 0 0 0 0 0 0 0 0 0 0 0 0 0 0 0 0 0 0 1 1 1 6 42 48 51 43 30 28 25 18 8 3 2 1 0 0 0 0 2 5 5 3 9 28 30 23 28 51 68 61
3 20 26 42 14 5 2 5 5 1 3 1 2 2 3 1 1 1 5 1 0 0 0 0 1 0 1 1 0 1 1 0 1 2 1 1 11 4 2 1 1 0 0 0 0 0 0 0 0 0 0 0 0 0 0 0 0 0 0 0 0 0 0 0 0 1 3 7 33 56 48 61 41 8 8 11 6 5 3 1 0 0 0 0 2 4 14 23 9 8 8 22 41 54 77 54
8 12 9 20 7 3 3 3 4 2 1 1 1 2 2 1 1 1 2 1 0 0 0 1 2 1 1 1 0 0 2 1 0 1 1 3 4 1 5 1 0 0 0 0 0 0 0 0 0 0 0 0 0 0 0 0 0 0 0 0 0 0 0 0 0 1 2 12 29 40 73 56 52 22 6 3 4 3 2 1 0 0 0 1 2 6 16 38 36 28 32 24 43 54 79 66
4 8 2 9 9 7 4 2 3 2 1 1 1 1 1 1 1 1 0 1 1 0 0 0 0 1 1 1 0 0 0 0 0 1 1 3 3 1 5 1 1 1 0 0 0 0 0 0 0 0 0 0 0 0 0 0 0 0 0 0 0 0 0 0 0 1 3 7 25 20 56 49 35 25 24 5 4 2 1 0 0 0 0 1 4 10 20 32 50 47 48 48 42 68 91 76
5 4 3 2 3 2 2 2 6 4 2 0 1 1 1 1 1 1 1 1 0 0 0 0 0 1 0 1 0 0 0 0 0 0 6 7 2 2 1 1 1 1 0 0 0 0 0 0 0 0 0 0 0 0 0 0 0 0 0 0 0 0 0 0 0 1 3 16 30 44 47 53 38 18 10 9 3 2 0 0 0 0 1 0 1 7 13 24 36 27 50 56 74 90 90 72
2 4 2 1 1 1 1 1 1 1 1 1 0 0 0 0 0 0 0 1 1 0 0 0 0 1 0 0 0 0 0 0 0 2 2 4 6 13 10 5 1 0 0 0 0 0 0 0 0 0 0 0 0 0 0 0 0 0 0 0 0 0 0 0 0 2 11 23 34 48 49 44 39 22 5 3 3 1 0 0 0 1 2 2 2 1 3 7 13 33 39 68 66 88 86 64
1 2 1 1 0 0 0 0 0 0 0 0 0 0 0 0 0 0 0 0 0 0 0 0 0 0 0 0 0 0 0 0 0 0 1 1 1 1 1 0 1 0 0 0 0 0 0 0 0 0 0 0 0 0 0 0 0 0 0 0 0 0 0 0 1 1 3 8 25 41 23 49 22 11 4 2 1 1 0 0 0 1 2 5 14 8 11 13 26 52 59 63 77 77 64 48
0 0 0 0 0 0 0 0 0 0 0 0 0 0 0 0 0 0 0 0 0 0 0 0 0 0 0 0 0 0 0 0 0 0 0 0 0 0 0 0 0 0 0 0 0 0 0 0 0 0 0 0 0 0 0 0 0 0 0 0 0 0 0 0 1 2 2 7 13 11 19 23 17 7 2 1 0 0 0 0 0 0 1 3 6 18 33 33 52 75 69 52 64 47 48 34
1 0 0 0 0 0 0 1 0 0 1 1 1 1 0 0 0 0 0 0 0 0 0 0 0 0 0 0 0 0 0 0 0 0 0 0 0 0 0 0 0 0 0 0 0 0 0 0 0 0 0 0 0 0 0 0 0 0 0 0 0 0 0 0 0 1 2 11 9 11 16 9 7 2 1 0 0 0 0 0 0 1 2 4 7 24 63 58 24 34 73 83 47 16 16 27
3 1 0 1 1 1 1 2 1 2 3 4 6 3 2 1 1 0 0 0 0 0 0 0 0 0 0 0 0 0 0 0 0 0 0 0 0 0 0 0 0 0 0 0 0 0 0 0 0 0 0 0 0 0 0 0 0 0 0 0 0 0 0 0 0 2 3 3 4 6 6 4 4 1 1 0 0 0 0 0 1 2 3 9 25 32 24 8 19 55 86 78 72 15 7 9
6 1 1 3 3 4 4 5 5 7 6 6 6 9 3 2 1 1 1 0 0 0 0 0 0 0 0 0 0 0 0 0 0 0 0 0 0 0 0 0 0 0 0 0 0 0 0 0 0 0 0 0 0 0 0 0 0 0 0 0 0 0 0 0 1 2 4 2 1 1 2 2 1 1 0 0 0 0 0 1 2 3 9 20 21 7 4 10 28 76 82 61 36 33 3 1
8 6 3 10 10 18 11 13 21 14 19 12 18 9 6 4 5 2 0 1 1 0 0 0 0 0 0 0 0 0 0 0 0 0 0 0 0 0 0 0 0 0 0 0 0 0 0 0 0 0 0 0 0 0 0 0 0 0 0 0 0 0 0 0 1 2 4 3 1 2 1 1 0 0 0 0 0 0 0 1 2 7 5 4 2 1 6 19 42 59 57 46 17 34 6 1
18 13 8 25 40 62 43 31 50 38 35 23 44 30 22 14 4 1 1 3 1 0 0 0 0 0 0 0 0 0 0 0 0 0 0 0 0 0 0 0 0 0 0 0 0 0 0 0 0 0 0 0 0 0 0 0 0 0 0 0 0 0 0 0 1 2 6 3 1 1 1 0 0 0 0 0 0 0 0 1 3 3 2 0 1 6 14 41 56 41 39 20 9 12 17 1
57 61 44 33 33 33 20 12 35 20 19 17 19 31 30 8 6 6 4 4 2 0 0 0 1 0 0 0 0 0 0 0 0 0 0 0 0 0 0 0 0 0 0 0 0 0 0 0 0 0 0 0 0 0 0 0 0 0 0 0 0 0 0 0 0 2 6 5 1 1 0 0 0 0 0 0 0 0 0 1 1 0 0 1 4 8 16 59 62 82 26 4 3 4 7 1
44 31 55 32 25 35 30 20 14 12 17 26 16 10 20 37 22 7 1 1 1 0 0 0 0 0 0 0 0 0 0 0 0 0 0 0 0 0 0 0 0 0 0 0 0 0 0 0 0 0 0 0 0 0 0 0 0 0 0 0 0 0 0 0 0 1 3 8 3 1 0 0 0 0 0 0 0 0 0 0 0 0 2 3 5 10 34 28 42 51 46 6 1 0 3 2
45 13 41 41 11 5 14 16 21 19 8 7 39 10 11 24 9 6 3 2 1 0 1 0 0 1 0 0 0 0 0 0 0 0 0 0 0 0 0 0 0 0 0 0 0 0 0 0 0 0 0 0 0 0 0 0 0 0 0 0 0 0 0 0 0 0 1 3 2 1 0 0 0 0 0 0 0 0 0 0 0 1 2 3 13 24 32 26 19 14 40 10 2 0 0 1
