sesion_6_simulaciones/modelos_agentes/ejemplos_netlogo/scenarios/echam4_a2/rob_2065.asc
NCOLS 322 
NROWS 307 
XLLCORNER 451900 
YLLCORNER 4086900 
CELLSIZE 100 
NODATA_value -9999 
[rows 222 to 295 of 307, columns 0 to 95 of 322]
5 8 14 29 30 16 31 24 4 13 15 17 36 13 11 6 7 3 3 4 12 17 24 27 18 16 13 28 41 21 11 34 49 17 37 28 17 19 30 54 22 21 37 44 39 69 40 54 60 83 82 52 40 41 39 23 35 49 33 42 46 31 23 48 32 38 21 25 14 11 9 6 2 1 1 1 0 0 0 0 0 0 0 0 0 1 1 4 4 2 1 1 4 7 16 7
13 15 11 8 11 18 22 34 21 8 9 21 23 11 5 6 6 12 17 15 19 28 16 54 30 29 23 22 30 34 20 27 17 21 45 11 13 17 24 51 49 30 27 46 15 11 24 13 18 60 70 56 54 38 31 33 20 24 39 43 36 52 26 29 43 21 18 20 20 9 3 3 2 1 0 0 0 0 0 0 0 0 0 0 0 1 1 3 7 8 3 5 8 10 2 2
15 26 41 65 36 31 32 33 18 26 32 48 20 11 11 16 14 30 11 15 56 12 22 25 25 19 13 41 31 24 22 24 17 34 23 14 20 27 23 46 33 32 30 72 71 57 46 48 41 24 30 46 33 30 23 22 22 32 32 32 33 38 23 50 49 26 18 11 9 4 3 3 1 1 1 0 0 0 0 0 0 0 0 1 1 2 1 5 15 15 6 9 13 9 2 1
17 39 43 42 60 65 27 21 13 38 48 29 18 10 13 16 5 2 2 28 14 22 46 25 16 30 19 25 20 12 16 16 31 7 8 27 14 30 19 34 30 42 51 35 42 62 49 69 67 44 26 30 20 30 16 17 21 34 25 24 32 18 15 12 17 12 8 6 4 2 2 1 1 1 0 0 0 0 0 0 0 0 1 1 1 5 7 9 29 28 22 23 7 4 2 2
4 9 16 11 32 72 49 6 24 35 48 15 25 23 4 3 2 1 14 47 11 26 36 46 26 24 15 5 16 9 16 33 23 10 22 23 28 35 19 23 54 69 57 33 47 53 58 32 68 78 33 26 12 18 18 26 20 18 19 13 11 7 11 5 4 7 9 4 2 1 1 1 1 0 0 0 0 0 0 0 0 0 1 1 1 6 18 28 35 43 22 8 6 3 2 1
21 12 18 25 26 28 9 13 15 22 37 39 44 9 2 2 11 19 36 55 20 19 27 60 39 13 22 8 10 18 5 15 36 13 9 8 23 29 62 72 34 31 25 66 37 43 67 47 42 18 35 38 35 29 28 30 31 19 16 12 10 5 6 4 4 5 4 1 1 1 1 0 0 0 0 0 0 0 0 0 0 1 2 2 2 6 20 53 34 4 3 2 2 2 1 1
15 14 14 33 24 25 25 21 13 33 35 25 19 7 12 33 35 38 39 53 15 23 21 43 5 5 17 5 12 17 5 5 19 13 6 15 13 10 52 70 48 32 53 41 83 57 31 41 38 34 24 49 45 41 44 36 18 20 8 5 4 1 0 1 2 2 2 1 1 0 0 0 0 0 0 0 0 0 0 0 1 2 2 3 6 11 16 50 21 7 5 3 2 2 1 2
3 8 29 17 15 19 30 28 24 28 21 40 26 27 24 41 31 15 44 32 13 14 11 10 4 21 6 2 13 10 4 9 5 10 31 44 29 24 13 30 37 22 19 16 43 78 56 38 34 35 29 30 30 42 49 45 21 14 4 3 1 1 1 5 4 2 0 0 1 0 0 0 0 0 0 0 1 0 1 1 3 2 5 5 17 24 29 29 12 7 7 11 4 2 1 1
17 13 17 20 28 26 44 20 30 24 15 28 17 41 22 34 31 19 21 48 4 7 6 5 9 2 6 5 4 8 2 6 3 8 9 24 23 52 21 8 31 47 44 40 55 26 37 27 21 25 20 19 33 33 29 28 29 16 13 4 5 3 2 2 3 1 0 0 0 0 0 0 0 0 0 0 1 1 1 2 6 4 10 9 9 38 65 28 15 19 23 13 4 2 1 1
5 16 22 28 15 15 20 44 13 20 16 11 20 21 14 29 27 15 9 13 6 4 3 8 5 3 4 3 2 4 2 4 22 13 9 7 36 19 27 22 9 21 66 72 80 49 23 15 31 35 34 15 22 30 24 23 16 5 7 11 5 2 1 2 1 1 1 0 0 0 0 0 0 0 0 1 1 3 5 7 15 13 17 8 6 21 50 20 13 33 24 8 4 2 1 1
3 5 13 25 18 18 14 33 14 13 13 12 9 15 10 14 38 8 4 9 2 3 1 4 2 3 2 1 2 2 4 5 9 28 15 19 11 17 28 9 19 17 17 34 34 26 28 17 31 22 35 21 19 18 16 28 13 7 2 2 2 1 0 1 0 1 1 1 0 0 0 0 0 0 1 1 2 5 10 18 26 39 20 12 9 13 27 27 31 22 9 4 2 1 2 2
2 2 12 7 9 25 16 10 19 12 23 14 10 16 12 6 10 3 4 3 3 1 1 1 1 2 1 1 2 2 2 3 3 4 4 11 6 9 12 6 16 29 56 32 33 17 20 8 12 14 21 15 16 20 22 11 8 3 1 0 2 4 1 2 2 1 1 1 0 0 0 0 0 1 1 1 3 11 13 30 52 46 31 34 15 19 55 57 36 17 11 5 4 4 3 1
2 1 1 5 6 12 28 30 41 7 9 16 3 10 3 5 13 1 3 3 3 4 0 1 2 1 0 4 6 13 12 1 6 5 14 19 20 27 19 26 38 43 50 57 56 57 57 29 28 43 30 17 14 11 9 8 3 1 1 2 2 5 5 2 1 1 0 0 0 0 0 1 1 1 2 1 4 12 20 35 37 58 46 50 37 65 44 44 25 28 20 17 9 5 3 2
0 1 3 4 6 7 6 13 8 13 12 6 1 1 1 1 6 1 1 1 0 1 1 1 1 1 1 2 5 4 29 41 30 30 47 30 33 21 24 35 47 47 47 69 42 28 28 7 18 35 44 30 15 9 8 7 7 5 12 6 3 3 2 2 1 0 0 0 0 0 1 1 3 2 4 2 3 9 25 39 64 53 59 53 68 49 50 46 19 20 38 27 16 5 4 5
0 1 0 1 1 5 6 7 6 5 4 6 1 3 0 2 1 0 0 0 0 0 0 0 1 1 6 4 7 3 7 26 67 40 61 83 83 59 60 59 20 65 70 61 76 62 63 36 31 37 32 24 27 10 9 21 15 10 6 3 3 5 3 1 0 0 0 0 0 0 0 1 5 7 6 4 6 5 15 17 62 74 70 37 33 78 45 49 44 46 23 23 18 11 7 6
0 0 0 1 1 2 2 6 12 4 2 0 1 0 1 1 1 10 0 2 10 5 2 1 1 0 1 1 2 5 6 7 11 58 48 79 84 80 75 63 61 30 75 76 78 58 69 44 33 32 18 16 7 9 3 3 5 6 5 2 2 1 0 0 0 0 0 0 0 0 1 2 4 10 12 6 7 12 15 16 49 72 62 27 63 62 49 68 67 41 40 31 24 13 19 11
0 0 1 2 3 1 2 5 5 4 2 1 0 0 0 0 0 0 3 3 3 13 6 1 1 0 1 2 2 6 6 10 18 15 11 54 84 50 80 47 56 57 51 71 66 60 41 23 50 44 29 25 26 20 12 6 4 3 2 2 1 0 0 0 0 0 0 0 0 0 1 3 5 14 31 16 10 16 29 38 60 73 45 42 60 25 14 27 35 17 16 27 19 18 9 4
0 0 0 0 0 1 1 1 1 1 1 0 0 0 0 0 0 0 0 1 1 0 18 5 1 0 1 3 4 7 8 7 16 22 14 18 49 70 62 63 62 54 58 53 56 67 61 34 16 39 33 29 24 24 20 7 4 2 2 1 1 0 0 1 0 0 0 0 0 1 2 2 7 10 27 34 16 16 20 60 62 82 37 42 70 30 31 26 17 11 10 16 13 8 2 1
0 0 0 0 0 0 0 0 1 1 1 1 0 0 0 0 0 0 1 3 1 1 1 6 6 1 3 12 10 9 18 14 20 35 29 22 26 59 47 56 26 34 24 37 38 39 12 40 26 22 28 17 14 18 15 13 10 6 4 4 2 1 1 0 0 0 0 0 1 2 4 6 7 10 13 42 55 29 50 46 75 69 59 77 32 37 40 35 38 38 21 21 15 7 3 1
0 0 0 0 0 0 0 0 0 1 0 0 0 0 0 0 0 1 2 1 0 0 1 15 4 3 3 3 1 5 8 11 23 28 31 37 22 19 25 18 33 21 11 12 19 31 26 33 17 14 21 15 12 10 8 8 6 3 2 2 1 0 0 0 0 0 0 1 3 3 4 7 13 11 17 19 73 26 32 64 74 54 61 70 61 54 41 66 59 18 18 11 6 2 1 1
0 0 0 0 0 0 0 0 0 0 0 0 0 0 0 0 0 1 2 2 1 1 1 2 3 2 3 8 2 12 21 14 15 26 26 40 40 23 17 10 10 17 22 22 33 31 22 12 15 20 14 13 9 9 7 6 5 2 1 1 1 0 0 0 0 0 1 2 2 5 9 5 3 15 48 41 68 44 48 65 73 68 53 61 46 30 32 56 41 31 11 8 4 2 1 0
0 0 0 0 0 0 0 0 0 0 0 0 2 3 5 2 1 0 0 1 2 2 1 8 13 6 6 7 6 8 19 21 28 33 29 42 43 61 44 18 21 13 14 14 16 13 17 9 6 11 9 12 11 9 4 4 2 1 1 1 1 0 0 0 0 1 3 3 4 7 9 11 6 18 42 30 60 74 51 63 67 69 69 66 46 57 41 42 39 28 15 10 4 3 1 1
0 0 0 0 0 0 0 0 0 0 0 0 0 0 1 10 1 0 0 0 2 1 2 4 1 6 11 29 35 25 17 30 33 44 45 38 44 54 64 59 31 21 22 27 28 16 10 12 16 12 19 16 7 5 6 3 4 3 1 1 0 0 0 0 0 2 3 7 12 15 13 15 10 20 62 36 17 61 85 62 69 71 65 56 46 33 11 29 37 22 11 5 4 3 4 3
0 0 0 0 0 0 0 0 0 0 1 0 0 0 0 0 0 0 1 1 1 4 2 2 7 7 3 7 13 40 47 43 50 62 53 38 54 67 72 60 36 33 29 38 37 39 21 34 18 9 4 4 6 6 2 2 2 1 0 1 1 0 0 1 2 3 5 12 21 25 23 28 20 29 56 65 23 51 67 61 59 40 31 19 26 38 19 21 21 13 11 6 6 5 4 3
0 0 0 0 0 0 0 0 0 0 0 0 0 1 1 0 1 1 0 1 3 2 2 3 3 11 6 2 2 39 28 60 78 55 58 58 42 54 65 66 61 63 49 31 43 53 28 29 20 10 10 8 4 6 3 2 2 2 2 1 1 0 1 1 3 3 5 17 19 38 30 44 24 24 50 67 55 34 68 42 31 20 33 25 24 11 10 15 27 22 11 9 9 8 5 2
0 0 0 0 0 0 0 0 0 0 0 0 0 0 0 0 1 2 1 1 1 2 2 3 3 8 9 5 5 4 7 7 47 47 49 44 32 53 48 36 32 24 21 21 29 46 26 22 17 14 10 6 3 2 1 3 4 2 1 1 0 0 1 1 2 7 12 17 18 31 60 42 48 23 28 61 52 75 46 30 36 26 25 25 34 15 21 23 19 8 10 16 17 9 5 1
0 0 0 0 0 0 0 0 0 0 0 2 0 0 0 1 1 1 1 1 0 1 1 2 3 4 7 7 16 20 10 22 25 17 8 20 29 38 26 32 18 19 10 17 19 19 18 24 11 9 8 6 6 5 1 2 2 3 2 1 0 0 0 2 2 5 6 6 9 13 29 61 73 27 18 46 31 67 29 42 26 26 17 28 32 28 24 11 19 17 18 24 10 6 3 1
0 0 0 0 0 0 0 0 0 0 0 1 0 0 0 1 3 2 2 1 1 1 1 3 4 8 17 19 10 8 7 10 25 31 22 19 39 43 40 36 39 31 49 39 22 22 23 22 18 11 4 6 4 3 4 3 3 1 1 0 0 0 0 1 3 6 9 22 16 10 20 29 51 59 36 31 63 50 40 36 18 34 34 24 14 27 33 26 34 38 18 15 6 3 2 3
0 0 0 0 0 0 0 0 0 0 0 0 0 0 0 1 3 1 3 1 1 1 2 2 23 42 29 8 23 36 36 17 36 34 31 29 41 56 46 43 53 42 32 31 28 26 39 39 22 14 15 11 13 12 6 2 1 2 1 0 0 1 1 1 4 8 17 30 32 18 13 16 37 57 64 36 71 49 48 52 47 28 38 47 39 36 47 37 29 35 32 12 10 6 2 2
0 0 0 0 0 0 0 0 0 0 0 0 0 0 2 1 5 2 0 2 1 4 3 8 20 51 44 18 10 18 23 23 15 20 28 22 27 36 34 58 68 41 47 45 55 50 40 43 28 18 22 24 13 7 6 4 3 1 1 0 0 1 1 3 7 14 35 33 22 21 21 29 35 29 20 71 72 49 40 40 31 37 57 50 52 59 54 61 43 34 17 9 7 6 4 2
0 0 0 0 0 0 0 0 0 1 3 0 0 1 1 1 1 1 0 1 3 3 6 36 17 10 28 24 20 32 44 35 18 11 17 16 31 39 50 49 40 41 71 64 69 59 40 24 17 13 6 11 12 6 4 3 2 1 1 0 0 1 1 5 12 20 32 33 34 44 40 34 61 61 49 50 66 59 31 38 43 54 54 36 49 51 49 34 44 18 11 8 12 6 4 3
0 0 0 0 0 0 0 1 4 3 7 5 1 1 3 2 1 0 0 1 1 1 3 17 3 8 21 44 50 65 81 31 51 30 18 11 22 68 50 53 67 18 25 12 16 35 20 30 15 15 12 12 12 8 3 2 2 1 1 0 0 1 2 5 15 37 34 32 25 63 76 33 64 77 75 61 44 47 42 28 39 38 45 62 53 47 33 30 32 25 21 21 14 11 4 1
0 0 0 0 0 0 0 0 0 1 0 0 1 1 1 1 1 1 1 1 1 1 5 11 2 2 3 22 31 21 46 77 42 55 54 47 48 48 40 44 55 56 45 52 50 32 33 42 27 24 21 9 7 6 4 3 3 2 2 1 1 3 9 13 23 31 35 35 29 27 57 75 44 65 73 72 57 36 55 44 57 62 45 36 49 46 33 24 27 42 34 25 10 5 5 1
0 0 0 0 0 0 0 0 0 0 0 1 1 1 1 1 3 1 0 2 3 2 5 19 4 1 6 3 11 23 7 24 51 41 65 60 38 14 16 14 32 40 36 45 57 61 42 22 35 27 15 21 15 7 4 7 3 2 2 1 1 4 13 24 41 49 35 30 59 51 35 30 67 73 60 70 51 49 71 70 30 28 32 41 40 30 44 32 36 19 17 8 4 5 2 2
0 0 0 0 0 0 0 0 0 0 0 0 0 1 1 1 1 0 0 1 1 6 7 20 11 4 5 9 16 14 13 5 5 13 15 15 15 16 16 12 9 17 16 23 46 46 30 46 41 34 27 20 15 13 10 8 6 3 2 0 3 6 13 32 48 49 37 48 50 72 52 50 30 29 49 50 69 62 41 48 42 56 52 60 51 42 53 48 24 12 10 8 5 1 2 2
0 0 0 0 0 0 0 0 0 0 0 0 0 1 1 2 1 0 0 0 1 6 12 16 6 1 6 15 12 23 26 9 30 38 44 36 36 32 34 17 15 16 48 57 58 38 43 40 42 40 33 23 18 15 11 9 6 3 1 0 1 6 26 43 40 59 44 53 53 45 82 60 46 33 20 65 43 65 53 53 58 72 72 63 53 63 48 38 18 13 11 7 4 3 4 5
0 0 0 0 0 0 0 0 0 0 0 0 4 6 4 12 3 1 0 0 4 6 14 12 5 14 3 14 16 28 14 38 34 24 29 34 27 29 15 26 52 62 38 40 32 43 37 35 43 34 38 32 22 16 13 11 4 3 2 1 1 3 14 40 71 62 44 59 51 44 38 54 63 19 13 31 64 77 73 65 63 63 66 71 64 46 47 31 43 19 10 6 2 6 3 14
0 0 0 0 0 0 0 0 0 0 1 0 5 5 10 1 0 0 0 2 3 5 10 17 20 7 11 11 11 11 17 58 23 24 30 36 36 23 36 39 65 57 54 52 55 55 53 44 55 46 43 29 25 18 14 7 4 3 3 1 2 4 15 34 63 53 65 71 58 73 66 64 60 28 29 48 61 60 65 58 57 57 55 61 51 44 42 46 46 35 12 9 6 9 8 20
0 0 0 0 0 0 0 0 0 1 1 1 1 20 1 1 1 1 1 2 2 4 8 3 4 3 23 5 13 11 32 20 32 43 33 35 36 40 51 45 39 54 60 65 63 65 56 63 57 34 26 23 19 22 18 8 6 4 3 1 2 5 14 31 49 48 43 61 76 62 75 62 66 31 51 59 60 66 47 46 52 55 42 37 39 39 38 35 28 30 22 17 7 15 21 23
0 0 0 0 0 0 0 0 0 0 1 1 0 2 1 0 1 1 3 1 2 8 8 4 3 10 6 9 17 36 43 41 36 39 30 34 48 49 54 51 57 69 71 55 51 66 67 63 45 39 31 27 22 16 13 14 12 5 2 1 3 8 19 31 40 50 41 46 69 82 72 64 56 79 69 41 32 38 50 51 48 52 53 49 37 46 28 44 28 20 23 17 9 19 21 19
0 0 0 0 0 0 0 0 1 0 1 0 0 0 0 0 1 1 1 2 4 3 3 10 10 3 4 19 43 10 11 12 31 29 37 47 49 49 49 49 54 67 53 58 71 65 67 67 44 44 35 29 22 12 12 15 7 6 5 2 2 5 27 39 54 48 44 41 41 41 52 54 55 66 14 37 40 39 35 38 42 41 38 57 48 49 41 39 26 25 23 12 12 25 21 32
0 0 0 0 0 0 0 0 0 0 1 0 0 1 1 0 0 0 0 2 5 3 19 18 4 6 10 17 10 12 15 19 27 22 35 43 47 49 40 70 54 46 50 65 35 55 69 69 64 55 23 22 20 24 20 12 9 9 5 2 1 4 11 33 45 50 77 56 56 53 45 27 44 61 39 49 52 38 39 39 48 45 51 52 49 22 24 19 24 39 25 8 18 38 41 40
0 0 0 0 0 0 0 0 0 1 1 0 0 1 1 1 0 0 0 3 2 12 7 3 4 15 7 8 9 14 17 20 15 23 29 47 33 32 58 49 42 64 72 41 62 61 61 65 52 33 28 34 33 29 23 22 17 13 7 3 2 4 16 26 39 62 75 84 52 61 48 28 30 68 71 34 45 52 57 38 39 43 55 49 34 16 36 31 25 17 10 4 24 39 40 41
0 0 0 0 0 0 0 0 1 2 0 0 0 0 0 0 0 0 1 3 2 3 1 3 11 2 2 6 10 13 28 21 16 31 34 38 38 53 60 62 42 38 47 58 55 60 47 51 47 43 41 47 45 21 23 21 19 10 8 4 2 9 13 28 47 55 70 76 68 66 49 51 54 69 43 36 35 38 45 51 38 70 57 34 40 48 38 27 15 7 5 14 31 42 40 44
0 0 0 0 0 0 0 0 1 0 0 0 0 0 0 0 1 1 2 1 1 1 1 4 3 4 6 13 17 16 15 11 15 19 38 26 63 59 62 36 25 26 38 55 64 60 57 58 59 57 51 47 32 22 16 14 12 11 10 8 5 11 21 38 59 60 52 47 67 77 67 28 40 65 34 40 64 63 60 66 61 47 46 46 49 50 24 24 13 10 11 28 36 40 32 44
0 0 0 0 0 0 0 0 0 0 0 0 0 0 1 1 0 1 1 5 3 3 0 3 4 8 10 22 9 6 12 14 27 24 53 24 13 11 11 26 31 50 64 69 70 64 58 60 45 59 43 38 41 23 25 15 12 12 12 11 7 21 35 40 61 58 51 28 48 67 65 41 54 59 37 23 42 69 67 67 67 39 48 50 46 46 24 18 28 14 29 33 20 46 45 47
0 0 0 0 0 0 0 0 0 0 0 0 0 0 0 0 0 3 1 1 1 2 2 2 7 5 7 10 6 8 27 19 14 56 13 9 30 36 39 38 58 64 59 66 70 73 68 63 50 49 47 43 42 36 31 27 21 15 13 7 17 27 49 72 65 59 46 49 55 55 66 37 43 52 63 44 46 49 65 69 56 61 45 51 49 39 26 9 13 28 29 18 29 36 61 46
0 0 0 0 0 0 0 0 0 0 1 0 0 0 0 0 0 1 1 2 1 3 1 2 5 7 5 7 9 11 11 14 21 15 4 16 21 30 42 79 57 53 65 69 70 72 59 54 48 40 46 44 43 28 33 21 26 26 15 17 21 45 39 60 61 54 48 57 57 47 70 61 41 55 61 44 52 54 53 53 61 51 41 40 44 30 16 5 12 38 20 30 41 40 61 42
0 0 0 0 0 0 0 0 0 0 0 0 0 0 0 0 1 0 0 2 7 2 1 1 9 5 10 7 7 6 21 50 28 3 8 26 19 48 58 55 54 67 67 52 58 59 60 60 46 50 46 46 45 43 40 36 33 29 20 21 24 28 38 42 60 72 57 73 72 57 45 43 52 48 63 64 48 46 38 42 49 44 39 45 40 25 11 7 30 33 35 54 58 45 53 40
0 0 0 0 0 0 0 0 0 0 0 0 0 0 0 2 1 1 1 3 2 1 2 3 1 5 6 3 21 10 29 19 4 7 28 10 27 23 38 66 69 53 42 76 70 50 58 61 58 54 51 49 46 44 42 40 35 23 23 27 30 49 32 36 33 55 75 75 68 66 70 68 40 54 42 43 27 35 49 56 43 48 38 47 42 13 9 29 25 36 51 56 50 32 47 47
0 0 0 0 0 0 0 0 0 0 0 0 0 0 0 1 0 0 0 0 1 1 3 1 1 2 2 3 19 18 19 2 5 11 18 52 21 29 52 57 60 50 63 34 47 44 59 71 57 55 54 53 49 47 45 42 26 19 32 45 36 52 45 46 44 52 57 82 56 48 32 54 38 24 26 42 53 43 38 40 41 31 49 40 18 11 22 30 38 33 39 48 59 47 49 45
0 0 0 0 0 0 0 0 0 0 0 0 0 0 0 2 0 0 0 0 3 1 2 0 2 4 2 10 20 7 4 3 5 8 30 37 39 29 37 42 47 57 44 34 42 74 62 58 56 69 58 53 53 50 47 42 29 20 42 48 65 67 51 50 39 53 63 63 74 46 34 26 35 44 39 58 44 46 41 46 35 41 28 19 13 22 35 43 35 52 49 36 37 44 38 32
0 0 0 0 0 0 0 0 0 0 0 0 0 0 1 0 0 0 1 1 1 1 1 1 6 1 2 13 7 6 5 5 13 16 38 25 32 33 31 20 24 47 62 53 61 54 59 61 71 58 59 68 36 49 46 32 18 42 52 53 75 68 50 61 46 37 46 70 65 22 52 29 30 42 47 48 46 49 50 40 35 42 20 26 21 36 42 45 37 40 47 35 34 44 48 37
0 0 0 0 0 0 0 0 0 0 0 0 0 1 0 0 0 0 1 2 1 1 1 1 2 1 2 7 3 2 5 4 15 24 30 34 16 24 22 29 39 47 51 70 51 53 54 74 58 57 72 58 57 53 36 34 21 39 64 63 64 71 54 61 62 48 46 45 67 17 26 51 54 40 41 44 57 47 56 56 41 36 15 14 21 39 48 51 57 51 47 46 34 37 56 45
0 0 0 0 0 0 0 0 0 0 0 0 0 0 0 0 0 0 0 1 0 1 1 1 1 3 4 0 1 3 10 9 21 33 5 4 21 17 25 25 29 42 52 63 64 51 73 50 71 74 55 56 58 55 40 35 22 40 64 66 59 65 44 47 62 35 56 34 45 20 18 51 26 46 47 49 48 54 72 50 48 17 14 21 36 41 46 51 38 28 35 55 27 29 46 65
0 0 0 0 0 0 0 0 0 0 0 0 0 0 0 0 0 0 0 0 0 1 1 1 1 2 1 1 2 1 8 2 11 8 3 11 8 10 15 34 42 47 54 59 53 41 60 68 65 60 64 55 56 56 53 35 36 41 66 76 69 64 53 40 62 56 25 25 54 14 35 32 33 42 42 44 55 31 35 41 19 13 19 37 37 47 54 50 29 33 43 24 16 20 31 59
0 0 0 0 0 0 0 0 0 0 0 0 0 0 0 1 0 0 0 0 0 1 1 0 1 1 1 7 5 4 13 9 21 8 4 4 10 11 14 14 20 45 32 42 58 30 27 27 46 50 62 58 54 56 40 25 42 55 65 64 81 68 43 41 45 50 36 10 35 4 7 16 27 42 49 57 57 57 49 49 24 14 24 37 38 62 64 53 40 33 40 40 32 18 28 44
0 0 0 0 0 0 0 0 0 0 0 0 1 0 0 0 1 0 0 0 1 1 0 1 2 1 1 0 0 2 8 2 4 2 4 9 5 8 8 11 34 33 25 48 24 31 35 48 51 65 55 60 59 42 37 25 40 54 67 63 67 45 45 54 48 25 26 18 25 8 13 14 16 14 38 51 49 50 34 32 14 23 35 37 41 63 55 24 36 47 29 47 21 23 29 50
0 0 0 0 0 0 0 0 0 0 0 0 1 1 0 1 1 0 0 1 1 0 0 1 1 1 0 0 1 2 2 1 1 5 8 6 11 9 12 24 18 31 44 24 31 33 51 48 60 50 51 54 58 40 20 37 45 74 64 61 59 58 38 61 47 24 19 29 13 9 24 35 39 50 55 52 44 23 21 11 17 36 35 38 40 66 63 20 21 43 28 48 25 25 30 63
0 0 0 0 0 0 0 0 0 0 0 0 0 0 0 0 0 0 0 1 1 0 1 0 2 2 0 0 1 5 1 1 2 5 15 6 7 12 22 8 33 28 20 33 30 46 51 63 64 54 66 52 40 41 28 45 45 67 73 50 56 55 35 23 34 31 17 16 16 29 36 25 31 37 31 45 35 25 10 30 24 37 43 54 46 61 64 30 29 31 16 51 25 27 29 44
0 1 0 2 2 1 0 0 0 0 0 0 0 0 0 0 0 0 1 1 1 0 1 0 0 0 0 1 1 3 1 2 17 6 4 4 6 9 10 29 43 32 44 22 35 56 61 48 48 68 59 44 40 41 28 54 66 54 59 62 41 47 47 17 43 37 14 10 19 28 20 25 44 37 44 26 35 32 20 38 39 35 40 52 37 42 47 41 46 28 28 55 23 25 22 37
0 1 1 0 2 4 1 0 0 0 0 0 0 0 0 0 0 1 1 1 0 1 0 0 1 2 0 0 1 2 2 15 3 2 4 7 3 2 13 21 23 15 51 37 43 60 31 44 61 55 44 42 38 36 39 51 59 63 51 56 35 34 34 28 21 25 11 4 11 36 25 37 40 49 41 39 44 42 31 36 38 46 44 48 37 27 40 38 36 32 31 50 26 19 29 34
0 0 0 0 0 0 1 1 0 0 0 0 0 0 0 0 0 0 0 0 0 0 1 0 1 2 0 0 2 5 8 20 3 4 7 1 1 2 6 14 14 22 43 45 41 46 46 46 49 49 42 40 35 36 46 41 56 65 55 32 47 18 26 23 13 6 3 2 2 12 25 50 50 39 35 34 32 12 24 31 34 49 41 45 28 45 57 57 40 32 27 34 41 10 29 37
0 0 0 0 0 0 0 0 0 0 0 0 0 0 0 0 0 1 0 0 0 0 0 0 2 1 0 0 1 2 1 1 4 3 3 5 3 1 18 6 11 11 34 22 47 33 38 28 48 52 33 35 30 29 40 53 55 63 53 41 26 32 17 14 2 2 7 14 11 18 24 38 38 28 26 25 11 20 34 31 34 47 49 31 37 37 47 51 37 33 24 33 38 13 17 43
0 0 0 0 0 0 0 0 0 0 0 0 0 0 0 0 0 0 0 0 0 1 2 1 2 1 0 0 0 0 1 5 4 3 6 4 7 2 12 9 2 11 35 31 37 35 37 48 44 41 39 30 30 53 52 39 59 40 39 14 27 16 6 7 4 4 8 17 14 11 34 44 54 52 45 16 18 21 32 42 50 34 43 30 40 51 49 45 32 32 25 21 36 30 11 24
0 0 0 0 0 0 0 0 0 0 0 0 0 0 0 0 0 1 0 0 2 0 1 1 2 1 0 0 0 1 3 2 2 8 3 5 6 3 31 11 3 21 7 31 27 24 42 22 37 34 30 32 25 53 56 39 43 30 32 28 10 9 9 5 5 3 5 6 10 10 29 39 52 66 34 15 19 30 26 51 49 38 37 41 25 45 52 46 36 38 12 26 28 22 17 12
0 0 0 0 0 0 0 0 0 0 0 0 0 0 0 0 0 1 0 0 0 2 1 2 1 0 0 0 0 1 2 1 1 3 5 10 3 5 22 15 8 25 6 31 19 16 24 18 31 31 37 24 23 40 43 71 19 18 16 9 11 4 4 4 2 3 7 6 11 13 33 41 28 50 24 15 33 36 29 33 47 36 35 30 35 43 41 56 40 24 15 25 30 13 15 9
0 0 0 0 0 0 0 0 0 0 0 0 0 0 0 0 0 0 0 0 0 0 0 0 0 0 0 0 1 0 2 2 3 3 4 5 2 2 6 21 9 13 12 20 5 23 15 26 32 19 31 23 28 23 39 42 29 18 8 3 5 3 2 5 2 3 7 6 17 17 25 37 34 24 19 31 31 29 30 23 29 40 44 37 28 40 47 39 47 18 11 41 19 24 14 6
0 0 0 0 0 0 0 0 0 0 0 0 0 0 0 0 0 0 0 0 0 0 0 0 0 1 0 0 0 0 1 2 2 3 3 3 3 2 1 11 24 20 11 7 6 9 10 20 18 7 22 17 18 17 23 39 26 14 5 2 3 0 1 1 1 2 4 12 20 31 44 30 24 13 34 27 32 45 39 30 20 30 30 35 34 55 21 48 22 14 11 35 18 30 9 7
0 0 0 0 0 0 0 0 0 0 0 0 0 0 0 0 0 0 0 0 0 0 0 1 2 0 0 0 0 0 0 0 1 3 2 1 3 2 2 7 26 23 6 4 6 9 23 8 16 6 11 18 14 27 20 15 15 8 7 1 3 1 1 1 2 6 7 10 20 18 29 35 7 15 23 24 38 31 26 15 23 10 29 34 32 19 35 23 27 17 10 21 14 21 16 5
0 0 0 0 0 0 0 0 0 0 0 0 0 0 0 0 0 0 0 0 0 0 1 0 0 0 1 0 0 0 1 1 0 1 1 1 4 0 0 7 7 17 7 5 3 33 11 6 6 11 19 17 10 19 27 9 25 3 4 4 2 2 2 1 2 2 4 8 24 37 22 11 13 22 20 24 17 20 16 4 13 14 22 20 22 27 26 17 5 14 4 14 29 9 3 7
0 0 0 0 0 0 0 0 0 0 0 0 0 0 0 0 0 0 0 0 0 0 0 0 1 3 0 0 0 0 1 1 1 2 1 1 2 1 1 2 8 6 10 6 6 40 9 12 7 9 13 10 14 28 34 8 17 4 2 2 2 0 0 3 3 4 8 11 37 16 10 11 21 18 17 22 24 26 18 12 16 20 28 28 24 17 15 28 3 9 6 6 24 3 3 5
0 0 0 0 0 0 0 0 0 0 0 0 0 0 0 0 0 0 0 0 0 0 0 1 1 0 0 1 0 0 0 1 1 2 2 3 2 2 1 3 8 11 9 6 8 8 8 15 9 4 5 12 20 16 16 9 6 3 1 2 1 0 1 1 3 7 11 17 13 17 19 18 15 20 28 10 12 25 16 10 16 14 12 29 14 10 5 10 7 6 14 4 12 4 4 4
0 0 0 0 0 0 0 0 0 0 0 0 0 0 0 0 0 0 0 0 0 0 1 1 0 1 1 2 1 1 0 1 2 4 2 4 1 3 3 2 5 2 6 9 2 7 9 16 10 7 10 15 12 9 8 3 3 3 1 1 0 1 1 1 2 5 5 16 29 15 17 14 12 25 17 6 8 24 20 12 11 11 10 8 13 9 2 3 5 15 5 5 3 2 5 7
