sesion_6_simulaciones/modelos_agentes/ejemplos_netlogo/scenarios/echam4_a2/rob_2032.asc
NCOLS 322 
NROWS 307 
XLLCORNER 451900 
YLLCORNER 4086900 
CELLSIZE 100 
NODATA_value -9999 
[rows 219 to 291 of 307, columns 192 to 287 of 322]
10 9 3 2 1 1 1 1 0 0 0 0 0 0 0 0 0 0 0 0 0 0 0 0 0 0 0 0 1 1 1 2 6 17 46 51 36 53 46 37 50 54 55 55 45 40 28 64 51 33 36 32 31 37 8 57 46 23 23 42 57 61 48 82 79 83 81 50 30 24 55 55 73 29 3 1 0 0 0 0 0 0 0 0 0 0 0 0 0 1 1 2 2 2 4 4
14 5 5 9 6 3 1 1 1 0 0 0 0 0 0 0 0 0 0 0 1 0 0 1 1 0 0 1 1 1 2 1 6 14 34 27 48 38 41 37 50 47 41 60 43 28 31 27 36 21 45 31 19 24 36 16 12 29 18 53 69 61 55 82 89 80 80 90 76 48 32 32 44 20 12 3 1 0 0 0 0 0 0 0 0 0 0 1 1 1 1 1 3 2 3 8
4 2 1 5 3 1 1 0 0 0 0 0 0 0 0 0 0 0 0 0 1 2 1 1 1 1 1 1 1 2 2 2 3 13 19 20 18 32 40 36 59 53 55 66 48 44 44 36 45 21 57 28 15 11 36 45 7 15 44 39 48 34 21 58 83 67 70 82 91 73 20 7 3 5 7 0 0 0 0 0 0 0 0 0 0 0 0 0 0 1 2 1 1 2 4 5
2 2 1 0 3 2 1 0 0 0 0 0 0 0 0 0 0 0 0 0 0 1 5 4 2 3 2 2 5 6 3 4 14 14 15 12 20 38 37 41 44 37 41 60 39 49 50 31 41 51 45 41 15 14 19 20 18 43 62 60 42 35 45 28 60 79 69 60 75 79 40 21 6 1 1 0 0 0 0 0 0 0 0 0 0 0 0 0 0 1 1 2 2 2 3 2
9 8 5 3 1 1 1 1 0 0 0 0 0 0 0 0 0 0 0 0 1 3 5 9 4 6 6 5 9 10 6 8 17 19 20 13 23 19 29 32 38 33 41 60 46 32 48 33 42 37 34 20 22 16 10 12 17 32 30 30 25 37 45 30 36 61 52 46 64 71 40 13 5 1 0 0 0 0 0 0 0 0 0 0 0 0 0 0 0 1 1 1 2 3 4 5
11 7 6 4 2 1 1 0 0 0 0 0 0 0 0 0 0 0 0 0 1 4 7 18 14 10 9 14 13 24 25 15 18 18 22 15 25 12 27 29 23 31 38 58 65 31 45 42 23 18 25 24 31 10 5 17 20 38 19 39 39 42 46 43 17 21 5 4 8 46 51 14 3 0 0 0 0 0 0 0 0 0 0 0 0 0 0 1 1 1 1 2 2 3 4 10
5 4 3 2 1 1 0 0 0 0 0 0 0 0 0 0 1 1 1 1 1 2 5 13 20 21 16 18 17 29 60 38 24 24 14 17 21 19 39 22 19 21 34 39 56 51 21 31 11 12 11 7 19 16 3 14 18 16 28 48 54 47 57 46 19 22 14 17 5 5 21 7 2 1 1 1 1 0 0 0 0 0 0 0 0 0 0 0 1 1 1 3 3 3 4 7
6 3 2 1 0 0 0 0 0 0 0 0 0 0 0 0 1 1 1 2 2 3 7 11 22 48 28 27 28 20 39 54 26 35 28 30 37 36 24 26 16 21 22 23 27 35 25 46 34 10 34 29 14 9 5 10 42 38 41 48 63 52 48 31 23 23 26 35 14 8 6 1 2 2 2 1 1 0 0 0 0 0 0 0 0 0 1 0 0 0 1 1 3 4 4 7
3 5 3 2 1 1 0 0 0 0 0 0 0 0 0 0 1 1 2 5 5 8 10 12 23 50 60 36 53 31 40 54 38 26 45 48 37 33 33 29 8 14 13 22 32 36 46 57 65 25 23 23 17 6 10 13 28 25 43 54 55 38 35 25 50 39 44 33 15 10 3 2 2 3 2 2 2 1 0 0 0 0 0 0 0 0 0 0 0 0 1 1 1 2 4 8
5 3 1 1 1 0 0 0 0 0 0 0 0 0 1 0 0 1 4 5 12 21 37 25 28 44 73 35 57 33 39 54 21 24 44 46 50 44 35 33 21 22 19 16 34 39 37 54 49 48 34 25 18 11 31 46 39 46 57 69 49 29 32 47 74 63 38 23 14 7 6 5 6 5 6 3 2 1 0 0 0 1 1 0 1 0 0 1 0 1 1 2 2 2 3 8
6 3 1 1 0 0 0 0 0 0 0 0 0 0 0 0 0 1 1 3 6 16 37 57 50 46 65 63 71 41 61 34 21 21 32 53 52 52 29 31 31 35 22 21 25 40 41 40 35 32 43 40 21 23 27 27 46 30 42 16 29 54 55 78 70 49 34 20 23 21 15 13 10 11 4 2 2 1 0 0 0 1 1 1 0 1 1 1 0 1 1 1 4 4 5 8
2 2 1 0 0 0 0 0 0 0 0 0 0 0 0 0 1 1 1 3 9 16 34 37 59 60 70 75 67 40 54 26 22 48 35 47 52 38 35 44 41 44 21 22 44 42 52 42 50 25 26 21 19 6 14 10 73 43 22 36 48 49 55 46 29 25 25 25 17 21 28 26 15 4 1 1 1 0 0 0 0 0 1 1 1 1 2 4 1 1 1 2 3 3 6 9
0 0 1 0 0 0 0 0 0 0 0 0 0 0 1 2 1 1 3 7 9 17 35 49 47 55 64 62 63 62 70 38 29 39 51 40 50 43 38 37 42 28 34 21 23 28 44 50 45 33 17 18 12 13 26 25 8 75 78 52 32 17 34 31 39 32 22 14 8 26 55 28 10 3 1 1 0 0 0 0 0 0 1 1 2 1 2 2 3 1 1 3 3 4 4 8
1 0 0 0 0 0 0 0 0 0 0 0 0 1 1 2 1 2 5 6 8 27 46 58 46 52 63 57 76 82 55 44 43 58 37 53 51 49 46 42 41 36 52 18 34 32 41 38 27 11 30 17 21 22 32 51 36 29 39 45 24 44 27 29 24 29 25 9 16 30 30 11 8 5 1 0 0 0 0 0 0 0 0 2 2 1 0 1 6 1 1 2 4 4 3 5
0 0 0 0 0 0 0 0 0 0 0 0 0 0 1 1 2 4 7 18 12 16 55 48 66 55 61 67 26 80 56 52 44 59 48 39 44 54 46 44 43 36 61 20 20 59 40 36 32 22 37 18 19 41 50 19 47 46 27 13 25 14 23 27 26 25 15 44 34 11 18 7 4 3 2 0 0 0 0 0 1 1 0 1 1 2 1 2 4 4 3 2 2 8 5 5
1 1 1 0 0 0 0 0 0 0 0 0 0 0 0 1 2 3 8 18 32 40 69 54 69 68 72 65 70 64 82 48 42 52 43 21 29 49 53 59 44 21 42 48 12 29 33 56 31 31 39 28 19 33 25 25 13 15 20 37 30 32 29 42 19 20 30 14 10 15 11 7 4 1 0 0 0 0 1 0 1 1 1 1 3 4 1 1 4 4 13 5 2 3 11 10
0 1 0 0 0 0 0 0 0 0 0 0 0 0 0 1 1 3 8 16 33 29 45 15 35 58 55 25 26 49 75 40 48 79 43 43 50 57 35 13 26 12 41 47 14 36 51 33 12 25 38 32 20 29 21 11 36 40 49 33 17 25 53 62 42 33 49 44 32 19 9 5 1 1 0 0 1 0 1 0 1 1 1 1 3 3 7 2 5 3 1 9 3 3 5 8
0 0 0 0 0 0 0 0 0 0 0 0 0 0 0 0 1 2 5 12 20 14 16 41 38 40 29 34 46 49 65 63 65 68 60 55 51 46 45 24 33 30 33 50 12 23 40 34 19 16 19 30 23 24 9 25 42 18 23 31 34 55 63 64 64 59 36 20 26 16 25 9 2 1 0 0 0 1 1 1 1 1 2 1 2 3 3 10 7 7 4 11 6 1 4 4
1 0 0 0 0 0 0 0 0 0 0 0 0 0 0 0 1 1 2 3 6 31 36 29 40 51 47 36 42 53 51 51 63 64 44 50 45 48 52 20 48 39 30 51 10 16 37 29 39 37 15 14 34 28 17 27 27 21 50 36 62 46 47 69 79 47 35 13 30 11 6 4 1 1 1 1 1 2 2 1 2 1 1 2 2 1 3 10 21 26 4 4 7 4 6 12
0 0 0 0 0 0 0 0 0 0 0 0 0 0 0 0 0 1 1 4 7 13 23 22 19 33 49 35 47 34 46 52 53 72 54 62 45 58 38 42 23 34 19 39 11 10 21 21 24 35 36 16 18 6 20 10 9 35 39 32 41 32 57 62 63 68 32 10 5 5 3 1 0 1 2 1 1 1 3 3 5 3 2 2 3 2 2 1 2 6 19 16 10 7 7 12
0 0 0 0 0 0 0 0 0 0 0 0 1 1 0 0 1 1 1 4 8 16 13 23 32 45 36 30 38 38 22 28 49 40 36 61 30 53 37 35 35 34 67 43 17 19 32 48 22 14 15 16 5 26 7 13 27 58 50 73 71 53 36 42 37 23 23 20 8 3 1 0 1 2 1 3 1 1 3 6 4 7 3 3 3 3 4 3 3 4 11 9 9 33 10 17
0 0 0 0 0 0 0 0 0 0 0 0 1 1 1 0 1 1 2 2 4 3 7 11 15 27 23 20 25 28 39 39 25 21 14 63 38 66 30 42 32 28 69 48 34 21 53 36 36 27 14 37 14 37 24 38 42 19 35 41 45 39 23 32 41 27 29 10 10 4 2 0 1 2 2 4 5 2 2 4 6 10 6 8 4 2 3 6 2 1 2 2 3 12 21 12
0 0 0 0 0 0 0 0 0 0 0 1 1 1 2 1 1 3 2 7 13 15 26 32 38 36 38 53 57 43 46 61 58 39 52 46 66 56 32 36 28 21 17 51 28 12 23 29 32 22 28 42 53 62 86 77 77 67 68 44 44 43 47 56 40 24 16 9 6 3 1 0 1 2 4 4 5 4 5 10 6 14 8 12 6 3 3 7 9 2 5 6 4 3 3 7
0 0 0 0 0 0 0 0 0 0 0 1 0 1 2 1 1 1 7 12 26 21 35 49 60 67 67 57 77 62 47 45 40 27 16 18 37 40 46 34 35 12 15 43 17 14 14 28 14 25 6 5 7 11 29 45 84 84 63 59 47 41 21 47 30 18 13 8 2 1 0 0 2 3 2 4 5 10 6 12 7 4 17 16 9 4 4 11 8 4 6 9 8 16 21 31
0 0 0 0 0 0 0 0 0 0 0 0 1 1 1 3 1 1 2 5 14 33 16 40 39 56 66 51 11 29 46 33 22 22 29 39 42 25 50 18 30 16 6 31 20 24 8 8 7 18 16 11 11 11 12 11 29 60 74 76 81 43 35 24 18 14 12 9 6 1 1 2 4 4 4 5 17 12 14 15 15 5 6 27 13 5 5 7 8 6 10 5 13 17 26 35
0 0 0 0 0 0 0 1 1 1 0 0 1 1 1 2 1 1 2 4 8 13 11 27 24 24 25 16 14 16 27 25 24 33 28 18 30 45 38 7 21 26 7 16 17 6 4 23 16 14 33 20 29 33 32 37 40 55 47 37 49 77 57 41 31 25 22 10 5 1 1 4 6 10 10 7 14 19 15 11 10 11 4 16 24 12 12 5 12 7 13 14 10 20 22 16
0 0 0 0 1 1 1 1 1 1 0 1 1 1 2 1 4 0 1 1 3 3 9 11 16 29 28 34 41 29 40 23 24 38 31 25 24 18 9 10 19 27 61 31 10 13 5 13 16 13 33 42 23 41 57 33 28 25 29 20 21 36 53 48 37 20 18 9 3 1 2 5 6 10 11 13 9 28 18 28 14 22 14 14 43 18 24 9 16 16 16 28 17 19 16 24
0 0 0 1 1 1 1 1 1 1 1 1 1 2 3 3 3 1 1 3 2 2 8 10 17 26 32 30 33 53 46 50 43 61 21 16 20 26 25 21 46 44 14 15 40 18 9 12 11 45 55 17 38 34 27 30 46 41 49 31 26 21 20 22 22 15 9 6 2 1 3 7 8 14 10 10 11 18 24 33 23 15 26 15 47 13 17 20 12 31 19 19 19 14 17 17
0 0 1 1 1 1 1 1 2 2 1 0 1 1 5 16 1 1 1 5 6 8 7 8 13 15 27 19 26 37 40 33 29 29 32 33 26 35 34 23 13 10 7 4 8 20 24 12 44 62 14 8 13 41 38 35 31 40 28 25 29 21 18 12 11 8 7 3 2 3 5 8 8 10 11 12 14 18 29 24 25 21 24 37 48 16 20 23 13 33 21 10 27 11 6 14
1 1 1 1 1 1 1 2 4 4 1 0 1 2 4 6 2 2 1 4 9 9 10 6 7 6 17 23 26 36 26 25 31 30 29 27 27 23 20 23 15 9 6 5 9 4 7 34 11 34 12 14 14 12 24 76 49 52 41 35 25 21 16 11 9 7 5 3 2 3 6 8 6 10 10 19 24 15 19 40 32 37 38 39 50 31 35 14 37 30 9 16 23 9 13 17
1 1 1 4 2 1 1 2 3 7 1 1 2 3 5 9 5 3 3 8 13 21 11 15 15 5 10 16 20 19 26 18 26 28 27 16 15 8 12 15 27 27 24 19 19 26 21 7 4 9 17 35 38 32 39 22 36 39 50 47 34 21 15 13 10 7 5 2 1 6 8 9 12 12 22 20 18 28 18 16 28 30 31 45 22 79 40 15 27 28 7 18 15 29 16 23
2 3 2 4 3 1 1 4 5 6 1 1 2 3 7 8 9 1 6 11 15 30 15 20 19 28 17 13 10 12 14 26 42 32 13 28 12 28 16 17 20 28 15 11 9 15 7 8 16 28 35 31 40 35 46 15 13 14 14 26 22 24 18 16 13 12 8 3 2 6 7 7 14 17 22 9 18 13 27 13 20 18 32 21 44 68 25 18 41 15 9 18 17 26 31 29
1 2 4 4 4 3 2 2 6 13 2 3 4 7 7 14 2 2 8 12 22 31 38 22 42 27 29 31 18 20 14 47 56 35 38 24 20 27 18 14 26 11 17 8 12 13 10 11 10 31 30 23 39 43 38 15 29 36 34 40 35 29 28 29 21 19 11 4 2 8 10 9 22 14 19 33 31 22 12 24 16 26 29 37 31 55 45 37 38 17 17 26 14 15 7 35
1 1 5 6 5 4 3 4 8 10 3 5 7 20 22 7 2 2 8 12 16 36 35 43 27 31 49 37 33 33 35 43 56 50 38 43 42 24 44 24 13 19 6 5 5 10 9 11 11 17 21 29 34 29 42 41 41 49 47 51 51 52 35 24 14 9 9 2 4 11 16 12 25 28 20 23 31 23 26 8 35 11 16 36 38 56 63 71 35 20 28 23 29 31 21 46
2 2 6 9 12 7 4 5 11 12 3 4 10 22 13 3 1 4 8 12 26 31 35 40 43 34 48 40 55 54 54 41 22 28 38 37 36 17 31 29 28 18 10 9 18 9 8 18 7 7 9 17 37 53 39 39 57 57 54 36 53 33 15 19 19 13 5 3 3 9 23 13 22 29 34 26 35 23 29 22 17 39 19 8 11 34 54 68 33 44 34 29 26 44 19 19
2 3 4 7 19 12 5 6 10 14 3 3 11 23 8 3 2 5 13 15 16 21 29 37 58 34 41 38 34 53 56 42 43 33 33 19 27 28 34 23 21 14 10 14 29 16 13 15 5 4 8 28 43 28 56 62 31 38 27 27 21 18 28 28 14 11 9 3 4 5 27 18 19 19 26 35 29 28 14 25 14 43 26 20 11 10 28 44 53 69 39 34 28 38 13 18
3 7 5 5 9 20 7 10 20 5 4 4 8 29 12 4 2 8 13 15 26 38 38 54 53 48 27 33 52 47 27 55 73 56 28 27 20 22 33 21 11 19 19 13 14 7 10 6 19 14 21 28 33 47 57 42 55 33 38 38 32 28 23 16 16 14 6 3 4 9 10 34 19 18 23 26 43 40 27 47 18 17 28 24 20 18 17 34 52 56 39 40 33 37 20 30
4 5 14 11 5 14 5 12 37 6 6 13 19 21 6 6 1 4 17 20 36 30 35 57 56 52 46 20 15 18 26 25 29 12 14 24 37 23 24 36 27 17 11 9 6 4 5 7 24 25 30 33 42 49 65 60 58 45 37 44 35 38 37 19 18 17 7 6 6 18 20 20 38 18 21 24 48 41 29 24 34 19 15 38 34 20 24 24 42 49 58 38 32 24 35 18
5 7 16 23 11 26 6 13 40 17 8 20 25 12 5 1 1 3 7 21 39 43 36 40 47 62 43 20 26 20 25 25 31 23 17 10 21 29 36 32 18 16 7 10 10 5 10 4 2 4 29 24 22 40 39 30 30 53 51 43 46 24 24 22 16 15 14 3 8 18 23 21 23 10 28 29 31 47 58 47 45 26 19 18 35 23 18 31 47 79 70 36 24 21 36 17
6 7 9 28 12 25 13 13 17 26 12 30 22 4 2 3 5 7 14 27 30 36 45 27 39 47 63 27 21 21 33 30 30 28 22 30 20 25 14 7 9 16 8 9 14 8 7 2 10 15 19 37 69 55 36 63 57 74 51 37 44 40 37 32 29 15 13 7 11 22 20 32 43 18 19 45 35 52 42 37 55 21 30 31 55 23 14 20 17 35 58 32 32 15 49 35
6 6 6 17 38 17 28 12 35 15 35 15 5 2 5 6 10 7 31 41 23 34 37 41 19 34 55 64 32 33 20 30 26 14 12 13 19 13 9 8 10 5 3 2 6 4 6 3 13 13 12 31 27 47 56 55 36 59 34 27 31 35 35 29 16 12 10 18 18 23 28 35 9 27 38 44 42 31 46 30 67 26 31 23 30 47 33 36 42 36 46 27 51 18 29 48
15 9 7 9 17 32 34 19 53 22 21 4 3 6 8 14 14 9 12 12 24 28 37 57 50 32 31 16 37 52 19 31 16 14 21 25 27 15 14 12 8 8 14 9 4 2 2 2 9 16 24 28 41 29 43 39 37 34 23 9 23 29 27 23 13 10 10 19 22 24 29 44 14 13 7 13 38 54 69 24 57 44 31 33 21 17 55 29 40 42 34 51 18 21 35 47
11 18 12 9 9 20 48 24 22 8 5 1 5 9 20 26 24 9 13 16 28 32 28 11 18 14 19 36 11 19 37 55 33 37 11 26 9 14 14 3 5 5 4 3 3 13 4 5 8 16 25 16 18 29 30 35 26 43 31 34 44 32 29 16 24 23 13 24 23 27 25 41 14 27 16 22 22 16 40 34 28 53 33 38 22 43 46 14 38 53 55 45 17 22 21 25
13 20 15 20 30 38 39 20 20 6 7 6 9 20 22 28 32 21 23 24 29 32 26 20 17 23 20 13 16 30 15 23 26 54 24 41 10 8 9 10 8 6 6 7 3 3 5 4 10 19 35 16 18 25 40 20 40 61 66 57 47 32 33 31 26 22 26 37 26 27 28 35 19 32 29 23 36 32 37 54 20 55 32 54 20 18 42 9 19 26 53 34 13 24 25 50
15 26 21 26 35 46 36 8 5 3 10 9 19 23 24 33 22 45 39 26 31 30 28 35 36 28 28 16 20 41 16 12 7 8 10 27 33 25 18 35 21 18 10 8 7 4 2 7 21 18 26 10 13 27 29 36 50 73 37 42 51 31 34 28 25 25 31 44 28 29 30 32 30 31 43 25 37 35 33 32 48 76 44 51 36 12 47 26 11 15 34 43 23 27 22 8
17 34 36 33 64 42 9 6 9 11 21 18 16 29 27 40 15 28 59 19 35 26 16 24 34 37 16 24 28 31 52 17 13 6 7 5 6 4 10 28 32 13 16 10 8 6 4 5 15 13 12 12 18 24 45 46 45 45 43 30 49 39 27 10 32 16 19 53 32 31 43 32 47 30 43 35 33 40 32 26 29 16 59 58 48 16 23 20 10 10 18 46 21 33 38 29
21 29 57 49 57 11 11 10 12 23 25 25 35 48 16 32 17 29 33 55 21 41 16 14 20 36 36 32 28 20 11 24 12 13 10 7 7 7 7 9 13 7 5 8 3 2 3 8 8 10 11 10 12 21 39 54 25 49 68 57 27 23 16 9 43 28 29 47 38 30 47 33 61 42 41 46 30 31 45 29 22 16 44 39 47 20 10 45 12 15 23 42 42 39 24 28
14 33 62 71 39 6 13 23 26 26 43 50 26 33 21 20 42 19 32 30 23 31 21 20 22 30 25 44 28 32 35 22 31 18 15 11 8 6 6 9 10 5 4 4 5 3 5 17 7 10 10 9 15 29 50 45 71 48 39 53 32 18 7 17 24 50 31 34 41 28 38 32 53 46 29 45 44 28 31 46 37 12 22 52 59 24 6 28 20 14 26 17 59 41 20 63
17 41 66 42 7 9 28 27 20 49 36 63 21 39 22 18 26 61 18 33 47 31 41 18 18 33 39 28 28 44 26 24 46 10 15 12 9 11 3 10 7 4 9 10 8 6 13 10 12 16 20 24 24 23 30 44 51 41 44 36 33 17 9 26 21 33 30 31 44 29 31 37 33 52 29 30 56 28 30 33 47 15 25 29 47 23 10 20 28 19 15 12 14 33 28 21
20 51 47 25 12 19 31 33 21 39 20 58 24 41 48 18 44 62 14 43 58 19 53 17 16 35 41 42 16 13 47 11 11 26 37 20 5 9 4 8 4 3 3 4 5 6 7 12 17 21 16 13 11 17 19 27 36 41 30 49 34 21 18 27 36 41 20 27 39 40 26 24 17 40 27 28 37 35 29 24 11 11 34 21 45 22 14 8 21 35 7 17 37 33 37 7
21 46 42 31 16 20 39 55 18 26 26 49 20 34 60 27 41 60 23 23 35 34 38 21 17 20 20 32 33 30 13 17 8 7 2 29 22 6 4 5 4 5 7 6 7 7 6 8 14 25 19 25 17 26 20 26 15 27 32 19 17 30 26 28 27 35 38 30 34 40 17 28 17 28 32 27 35 15 12 30 14 14 14 18 49 53 16 8 18 30 5 10 31 41 41 21
44 42 52 22 19 27 31 40 20 31 28 33 38 23 53 21 18 51 24 17 19 17 62 36 15 13 16 16 20 23 41 24 6 15 3 5 24 6 3 5 3 12 12 11 5 8 2 6 12 25 31 16 16 9 12 27 38 57 35 16 8 25 27 28 28 28 53 20 33 42 15 25 26 29 45 5 25 30 14 12 25 11 11 12 21 43 11 8 12 31 8 8 11 41 66 50
75 43 17 18 27 28 30 36 20 55 35 18 43 20 61 19 18 35 27 14 18 31 48 24 12 18 14 29 30 28 21 22 15 21 2 6 7 17 3 3 7 12 5 9 6 8 5 2 8 20 26 34 25 15 24 30 39 54 46 19 10 39 27 19 26 26 40 25 17 43 25 13 15 44 36 14 12 13 35 9 20 35 16 16 57 35 6 20 2 42 21 7 5 5 13 20
18 9 20 16 26 30 44 42 34 45 29 18 69 17 20 48 23 51 31 12 14 24 24 52 19 23 11 25 29 28 18 11 16 33 6 8 5 32 4 4 4 5 4 4 4 8 6 8 10 28 27 20 41 21 18 15 15 40 42 10 15 24 30 16 29 25 24 39 18 46 32 19 21 17 36 13 13 20 18 17 7 5 35 13 22 39 13 33 6 23 49 10 23 14 8 7
37 19 42 31 27 31 53 29 57 39 14 22 48 23 24 50 14 21 53 9 26 21 15 41 11 23 20 16 19 21 28 25 5 15 7 8 5 4 15 4 2 6 5 10 7 3 3 10 19 23 38 33 9 17 19 3 17 23 17 7 20 48 36 15 12 39 15 31 13 21 64 13 28 27 17 20 17 16 29 20 21 10 12 22 7 36 46 35 11 17 72 10 13 9 19 7
62 35 20 35 36 39 33 29 53 27 24 26 19 22 22 30 17 15 48 18 24 17 8 18 27 21 20 12 14 12 16 16 20 5 8 21 5 4 9 14 3 10 6 8 8 6 7 3 19 7 5 4 5 15 15 38 27 13 19 16 11 35 21 16 16 26 40 12 34 11 38 11 22 37 7 11 35 9 14 22 29 14 9 3 7 6 33 49 14 11 40 17 13 9 17 13
82 42 27 26 27 34 15 31 43 12 30 24 22 24 16 35 17 17 32 11 11 29 10 5 3 9 9 5 22 34 15 16 25 3 5 1 11 4 5 37 4 4 4 7 8 5 11 6 43 14 10 7 8 9 31 43 21 6 7 27 12 10 29 14 27 15 50 10 49 8 21 24 14 20 9 29 15 13 8 10 16 21 17 8 7 7 5 9 34 46 33 22 15 8 22 12
60 22 14 31 18 19 18 20 42 11 21 16 18 42 16 40 17 40 17 9 8 22 15 7 7 9 10 10 13 16 32 30 7 5 3 2 2 11 3 36 2 2 2 6 5 3 11 5 3 9 13 17 3 21 35 32 19 11 4 33 18 14 6 28 25 24 40 10 41 16 10 15 26 38 13 9 16 6 13 3 4 15 7 10 6 5 7 3 5 11 44 18 8 10 24 14
72 24 53 25 25 17 18 18 16 12 23 21 11 47 46 11 27 22 25 20 18 9 16 12 16 20 11 17 8 8 11 10 9 6 2 4 2 3 6 15 4 1 3 2 4 4 4 14 3 4 7 9 15 47 39 26 18 16 5 10 24 11 18 15 20 40 23 28 6 28 42 7 36 53 16 3 12 5 7 4 12 9 14 14 3 2 3 6 5 4 10 22 16 5 22 5
61 42 17 17 17 21 28 18 21 10 15 13 21 31 29 9 10 12 12 3 14 10 14 19 26 20 15 21 19 4 5 8 27 13 3 2 11 3 2 6 11 1 4 2 4 11 8 5 3 4 5 7 23 31 32 17 4 14 13 7 24 10 14 17 7 16 11 14 9 12 40 9 24 27 1 4 6 12 9 6 1 16 2 5 9 1 1 2 6 6 11 3 28 6 13 4
11 41 12 20 19 16 22 13 47 12 14 14 14 5 27 13 13 6 20 9 7 14 15 15 18 9 17 26 20 2 6 7 10 14 11 7 4 8 2 2 13 1 2 2 2 15 20 6 5 4 7 19 25 25 32 11 8 15 11 13 28 12 6 6 14 10 9 25 7 11 33 17 43 13 2 7 3 1 4 12 2 6 5 6 13 3 5 3 4 3 3 7 13 12 20 2
21 58 12 14 9 18 22 22 11 21 15 12 16 6 15 9 13 7 46 13 5 8 11 39 9 8 13 21 19 4 6 6 14 7 14 6 3 3 7 2 12 1 2 1 2 5 3 7 2 12 10 19 25 31 15 4 9 15 11 15 31 17 26 9 8 17 7 24 6 9 8 13 33 2 2 1 3 2 7 5 4 1 1 7 8 8 7 5 3 2 2 2 3 21 8 2
21 57 31 4 9 11 30 19 10 26 15 8 5 8 7 13 4 19 7 3 6 11 17 9 21 9 7 8 9 7 4 12 12 9 7 7 5 6 7 2 16 1 2 2 2 2 7 20 12 4 15 35 38 28 3 9 15 20 12 17 10 27 10 27 15 7 6 13 4 10 12 23 12 11 6 7 1 6 10 4 8 2 1 4 5 13 10 3 3 2 2 2 1 5 10 9
7 27 36 4 16 7 17 27 7 20 12 6 2 9 4 18 6 14 10 13 4 5 14 16 13 7 5 7 9 15 2 5 7 15 8 3 5 10 3 7 11 4 2 5 3 2 1 15 22 18 31 38 31 6 11 18 21 18 13 20 22 17 6 15 23 2 5 4 9 3 9 14 8 17 7 6 4 11 8 1 15 17 4 5 2 2 5 5 2 4 1 2 3 13 3 9
10 20 32 7 9 3 7 7 10 10 11 4 1 7 7 41 8 6 8 2 7 12 12 16 8 3 3 3 9 7 4 7 14 7 3 1 4 8 8 2 6 4 3 6 5 3 7 41 31 53 57 47 4 6 9 9 13 16 13 16 27 6 18 12 11 26 44 4 3 2 2 22 4 16 12 9 7 14 11 7 10 32 5 7 3 1 5 6 14 12 5 2 20 4 4 15
8 11 37 13 14 5 4 8 3 14 12 8 3 5 3 11 8 4 8 4 6 8 6 5 6 3 15 3 6 12 5 5 14 12 4 3 8 3 3 5 1 3 1 5 16 35 58 35 35 39 16 3 6 8 14 10 13 12 10 7 8 4 12 8 2 20 5 1 0 4 6 6 17 5 16 9 10 11 22 9 13 19 4 13 4 4 3 3 3 6 7 11 3 11 15 27
10 4 3 37 5 3 1 2 1 8 21 5 5 3 4 13 2 3 12 3 4 6 5 4 2 5 2 2 1 10 4 5 6 6 4 5 4 3 1 3 1 2 1 35 28 30 64 72 35 8 3 6 6 9 10 9 11 13 10 2 0 1 12 17 23 27 2 2 1 10 16 8 8 2 18 6 16 6 12 5 6 18 7 12 6 8 2 1 2 2 1 2 8 3 16 18
9 10 4 39 1 5 6 2 8 1 10 4 3 6 5 19 4 6 10 6 2 4 5 13 2 4 1 11 1 2 4 6 10 6 2 4 13 5 1 2 5 42 51 53 66 24 46 72 46 1 4 7 7 7 2 7 8 7 8 1 0 7 29 28 28 8 4 11 11 5 17 16 3 4 7 8 22 14 29 37 39 20 6 8 12 8 8 0 3 3 4 2 4 7 20 15
7 6 2 41 4 1 2 2 15 1 3 10 3 3 3 12 2 5 11 4 2 3 3 11 2 2 2 4 6 6 3 5 6 5 4 9 4 3 3 12 33 55 73 58 71 74 64 45 1 3 9 6 7 9 2 5 12 14 5 2 2 11 23 16 8 6 9 9 9 9 13 28 36 6 4 7 8 12 16 8 4 10 13 26 19 13 2 2 7 1 8 6 3 10 28 8
6 4 2 11 9 14 3 3 12 2 2 9 0 2 2 2 4 4 6 3 1 1 0 8 1 3 7 5 10 3 3 5 3 8 3 7 4 1 6 18 14 6 45 69 73 55 2 3 6 4 4 3 6 7 4 2 2 37 5 10 5 7 5 17 13 6 13 11 8 23 23 20 2 6 6 14 13 11 10 8 10 10 14 10 12 2 7 3 3 1 4 8 3 6 22 7
4 4 2 3 15 4 3 1 6 1 1 5 2 1 0 1 2 1 7 2 2 0 1 1 3 5 6 3 5 2 7 5 6 3 4 4 4 1 6 13 5 25 15 9 5 2 9 11 8 7 3 3 3 0 2 7 3 10 10 6 5 6 2 7 3 4 5 14 26 34 8 2 5 8 8 10 24 11 28 10 15 15 13 11 14 2 4 3 6 1 8 6 3 4 6 2
4 3 3 1 16 1 2 2 9 3 1 2 7 1 1 1 1 1 4 4 1 1 1 4 7 3 3 5 2 3 3 4 4 5 3 2 4 2 14 15 53 48 13 3 8 9 2 4 4 1 2 0 2 1 3 6 3 18 7 2 4 4 8 6 1 5 8 28 19 1 3 0 3 9 24 22 11 12 5 11 11 9 11 16 4 5 5 6 2 1 12 5 4 5 3 0
2 2 3 8 2 1 2 2 3 1 1 1 4 2 1 1 1 1 1 5 1 1 0 2 5 5 4 3 1 3 1 3 2 5 1 3 6 4 11 8 9 19 3 8 9 4 4 6 12 5 2 0 0 1 5 9 1 8 5 3 3 4 8 2 1 2 12 16 1 0 1 5 2 2 5 20 16 22 4 7 9 10 11 6 7 5 6 5 8 2 4 5 2 1 2 1
