sesion_6_simulaciones/modelos_agentes/ejemplos_netlogo/scenarios/echam4_a2/rob_2036.asc
NCOLS 322 
NROWS 307 
XLLCORNER 451900 
YLLCORNER 4086900 
CELLSIZE 100 
NODATA_value -9999 
[rows 0 to 73 of 307, columns 192 to 287 of 322]
41 37 19 11 31 55 30 14 13 16 16 6 4 3 4 3 2 2 3 2 2 2 1 1 2 4 2 4 5 16 4 1 1 0 0 0 0 0 0 1 2 1 1 4 6 8 6 13 26 31 20 24 32 42 43 56 43 81 49 41 10 14 20 47 58 44 60 55 28 39 23 12 18 21 41 25 21 40 56 30 16 18 16 17 15 11 29 26 26 29 11 25 37 60 22 7
52 30 37 34 38 57 19 27 37 21 13 10 14 12 7 5 7 1 2 3 4 2 1 1 1 5 1 2 1 2 13 5 1 0 0 0 0 0 1 1 1 0 0 1 2 3 7 7 19 61 75 56 40 44 45 43 69 66 66 21 27 16 49 43 54 50 58 43 45 21 7 25 13 20 52 26 52 39 36 35 29 34 34 18 13 6 18 27 29 28 17 29 27 31 17 15
33 58 39 37 58 50 36 16 9 23 22 22 32 31 15 23 12 10 14 12 9 3 2 1 0 1 1 0 0 1 1 4 3 1 1 0 0 0 0 0 0 0 1 4 4 8 9 13 23 38 48 46 58 50 65 73 40 33 45 25 23 33 43 32 37 63 32 28 21 28 15 16 14 20 60 24 57 50 27 41 30 26 31 29 13 5 11 15 28 22 15 43 24 39 14 3
43 43 65 54 41 37 33 33 32 51 28 45 56 44 34 48 30 12 20 28 16 12 7 3 2 1 0 0 0 0 0 1 0 0 0 0 0 0 0 0 1 1 1 1 2 11 10 13 5 13 10 15 29 58 46 53 51 18 26 33 36 22 25 45 34 57 46 39 50 21 30 25 9 9 42 24 31 24 32 39 30 30 29 30 15 5 10 22 37 16 28 25 23 34 10 2
31 23 45 15 48 55 51 35 49 45 41 30 33 26 34 52 36 38 39 38 32 12 8 7 3 4 2 3 2 0 0 0 0 0 0 0 0 0 0 0 0 0 1 1 1 3 3 7 23 42 50 45 44 39 65 65 30 23 8 10 34 35 30 44 46 55 37 27 17 12 9 9 11 7 20 21 17 28 52 60 51 20 19 40 34 23 3 19 22 29 29 16 32 44 16 3
32 27 42 37 24 31 50 25 48 36 24 31 11 29 38 40 44 40 13 12 22 11 6 10 8 6 3 5 3 1 1 0 0 0 0 0 0 0 0 0 0 1 1 3 8 18 25 35 35 25 31 35 47 59 79 52 34 23 8 43 65 66 60 62 45 64 28 36 42 34 41 29 23 16 11 15 21 20 31 27 39 61 42 32 33 22 7 13 19 22 11 15 29 28 18 5
24 13 14 31 22 17 46 17 12 22 30 54 27 13 25 37 30 33 16 5 7 16 21 24 9 7 8 5 4 3 2 1 1 1 1 0 0 0 0 0 0 1 2 3 13 9 14 21 40 31 44 77 37 63 68 36 23 24 13 32 48 59 58 58 69 63 50 43 44 19 29 27 18 26 21 10 5 16 34 38 29 52 33 15 8 30 9 8 9 10 11 24 41 52 13 12
17 12 12 15 32 23 38 46 13 6 12 17 36 9 3 11 6 13 15 7 5 10 5 10 9 7 7 4 7 4 4 4 3 3 2 1 1 1 0 0 0 2 3 6 11 15 20 43 67 61 60 37 56 49 56 27 17 7 15 21 32 32 29 27 26 55 32 26 44 27 25 19 22 26 25 15 5 22 41 21 46 62 37 15 9 22 16 7 8 18 20 22 47 31 18 13
31 23 20 10 16 14 23 46 48 19 8 7 14 22 9 7 3 12 17 10 8 12 3 6 18 10 7 8 8 10 9 8 6 6 3 2 1 0 0 0 1 1 3 5 21 16 12 29 36 50 36 29 65 43 39 15 7 36 62 50 64 52 58 46 55 76 45 34 16 17 24 19 20 20 15 9 6 10 15 26 40 54 39 23 10 9 9 6 6 21 16 24 24 31 16 23
22 21 20 10 8 5 18 18 40 30 19 10 9 11 12 5 4 3 14 10 10 15 4 4 10 8 8 5 3 8 1 3 6 6 5 1 1 0 0 0 0 1 2 5 11 4 5 26 13 12 12 69 37 40 20 9 20 49 60 73 53 82 67 43 59 32 57 46 44 19 20 27 23 11 8 5 4 7 30 16 10 39 43 37 17 7 12 3 5 7 9 28 19 30 16 43
28 23 22 19 9 5 3 3 6 15 9 6 5 13 6 4 6 1 2 8 5 13 16 3 3 4 15 5 1 5 7 1 0 0 1 2 1 0 0 0 1 1 4 8 2 8 12 13 3 8 45 48 18 26 10 6 20 39 40 54 76 77 49 29 32 49 59 60 65 48 56 35 29 23 12 8 3 3 9 20 23 47 66 35 34 10 6 8 2 7 24 10 15 12 13 53
50 32 15 16 15 13 8 5 3 3 3 3 5 4 3 3 2 4 3 2 7 9 7 3 1 2 9 5 1 1 6 6 1 0 0 0 1 1 0 0 2 3 4 1 1 1 6 1 4 24 50 33 14 9 4 22 28 27 36 78 59 52 13 26 41 45 67 64 55 63 45 34 38 36 30 19 5 4 14 18 18 66 39 51 31 21 7 3 3 11 13 7 20 7 24 54
56 41 38 49 38 34 27 13 23 13 9 5 2 2 1 1 1 8 5 2 1 3 3 3 1 2 3 3 2 0 1 2 1 0 0 0 1 1 0 0 1 2 1 3 3 3 9 1 7 31 23 7 1 8 28 41 47 55 79 67 18 25 30 22 22 24 41 40 62 43 23 34 51 51 43 20 6 2 12 21 46 52 19 28 42 22 10 2 3 11 9 6 21 6 19 27
65 61 58 60 55 50 35 30 26 23 20 17 6 4 2 2 1 1 1 1 1 1 0 1 1 1 2 2 0 0 1 1 1 1 0 0 0 1 0 1 0 1 1 0 1 4 2 2 8 6 3 1 3 10 18 27 55 51 43 11 44 64 58 47 48 27 24 21 58 48 61 69 44 29 21 20 8 3 6 15 41 16 11 27 55 25 14 5 2 3 4 5 10 5 15 11
23 59 64 64 54 57 35 39 16 16 27 15 10 10 8 6 4 2 0 0 0 0 0 1 1 1 1 0 0 0 0 1 1 0 0 0 0 1 1 0 0 1 1 0 0 1 1 1 2 2 0 1 3 6 15 27 28 8 29 46 61 59 56 78 82 70 63 46 48 60 62 53 57 37 18 12 5 3 6 15 20 8 5 35 51 52 27 24 8 1 2 5 4 5 17 14
31 48 62 40 47 71 52 27 43 27 18 23 17 20 20 9 6 2 1 1 1 0 0 0 1 0 0 0 0 0 0 0 1 1 0 0 0 0 0 1 0 0 0 0 0 0 1 2 1 1 2 2 2 5 9 14 6 29 37 42 55 69 78 68 63 73 41 31 68 20 47 76 53 37 40 34 29 12 4 14 16 8 3 6 19 45 10 5 7 6 1 5 3 4 17 13
57 13 62 38 34 58 70 71 33 15 24 20 31 24 17 11 10 6 4 3 3 2 1 0 0 0 1 1 0 0 0 0 0 0 0 0 0 0 0 1 0 0 0 0 0 0 0 0 1 4 3 7 7 4 4 16 28 31 38 41 65 52 73 63 65 40 30 58 45 35 37 21 53 33 56 58 53 29 16 4 26 13 8 2 6 20 30 6 2 2 1 1 3 6 4 5
31 8 42 22 39 45 58 31 64 65 36 40 40 11 10 8 13 11 6 4 4 3 2 1 1 1 2 1 1 1 0 0 0 0 0 0 0 0 0 0 0 0 0 0 0 0 1 2 3 3 5 14 13 14 6 17 21 50 52 54 75 54 47 44 28 28 46 60 48 30 17 19 45 51 57 53 57 51 28 7 5 10 10 6 2 6 14 9 5 1 2 0 3 4 2 2
19 20 24 22 13 35 44 20 24 58 27 48 64 33 17 11 18 27 23 13 9 4 2 1 2 1 2 2 4 1 1 1 1 0 0 0 0 0 0 0 0 0 0 0 0 1 2 3 3 4 9 17 15 11 19 25 33 34 30 49 66 24 13 9 26 31 28 77 65 22 22 15 48 46 13 26 64 52 47 27 5 3 18 8 4 1 6 9 8 3 0 0 4 2 0 0
20 7 11 18 10 17 50 16 10 31 41 53 53 35 39 28 6 11 13 19 7 5 4 3 3 3 3 4 4 3 2 1 1 1 1 0 0 0 0 0 0 0 0 0 2 2 3 5 2 8 15 12 22 22 29 32 10 8 20 45 68 24 9 32 48 43 59 65 47 35 20 9 17 48 38 13 27 36 43 37 24 4 3 9 6 2 1 4 9 5 0 0 2 0 2 4
43 11 13 11 3 9 33 12 19 13 28 18 33 11 16 20 5 3 10 23 11 13 6 3 9 7 4 2 3 2 1 1 1 1 1 1 0 0 0 0 0 0 0 2 2 3 1 2 6 17 10 14 30 41 55 51 34 26 40 48 47 13 15 49 49 45 44 19 43 42 27 7 10 20 53 26 10 14 60 26 17 5 2 4 5 1 2 6 3 3 0 0 0 1 4 14
18 3 15 13 3 2 9 26 3 9 33 25 30 12 9 5 5 1 3 20 18 10 6 5 2 3 1 1 1 1 1 1 0 1 1 1 0 0 0 0 0 0 1 1 1 2 2 5 6 7 6 11 20 55 65 71 71 60 44 39 21 10 28 38 59 53 45 25 19 37 15 7 9 14 46 26 10 10 17 33 17 10 3 2 5 2 3 4 2 1 1 3 1 3 13 20
27 3 21 27 5 4 5 12 3 2 27 11 9 4 2 5 5 3 1 2 3 9 19 17 5 1 3 2 0 1 1 0 0 0 1 1 1 0 0 0 0 1 1 2 1 1 0 2 1 2 2 8 20 19 36 61 46 34 18 60 24 12 30 41 41 48 69 39 30 13 7 7 20 33 60 23 9 10 18 47 17 6 3 1 2 4 2 3 1 1 2 15 7 7 8 17
15 9 7 20 2 4 7 11 6 2 2 1 2 9 2 2 5 6 2 2 3 3 10 6 4 1 2 3 1 0 0 0 0 0 0 0 1 0 0 0 0 0 0 1 0 0 1 1 3 3 2 7 7 13 15 13 10 26 51 29 10 20 35 34 52 68 48 34 30 19 7 10 20 37 37 15 12 9 15 32 22 20 6 1 1 2 2 3 0 1 3 3 11 23 11 15
4 3 6 5 3 1 7 10 3 1 2 1 1 3 5 2 3 4 3 1 1 1 2 1 1 1 1 3 2 1 0 0 0 0 0 0 0 0 0 0 0 0 1 1 1 2 3 3 3 4 8 4 3 2 3 8 23 28 60 20 8 32 29 28 54 74 40 45 38 18 11 10 19 48 28 13 16 7 9 19 19 17 12 5 1 1 2 1 1 5 7 8 10 10 45 19
1 2 1 4 1 1 6 9 3 1 1 1 1 1 3 3 1 1 2 1 1 0 1 1 1 1 0 2 4 0 0 0 0 0 0 0 0 0 0 0 0 0 0 0 1 1 2 1 1 4 5 13 10 22 17 20 24 47 42 6 14 27 24 19 43 56 31 33 25 19 9 9 20 48 16 21 15 4 4 7 9 14 7 2 2 0 0 1 4 13 16 21 29 19 14 42
1 1 0 0 0 2 4 3 1 0 0 1 1 0 0 1 2 1 1 1 1 0 0 1 0 0 0 0 1 1 1 0 0 0 0 0 0 0 0 0 0 0 0 0 0 1 1 1 3 3 8 11 12 20 35 52 61 66 23 6 18 26 19 26 67 58 15 27 27 15 8 4 15 44 16 11 9 8 1 3 9 13 4 2 1 0 1 4 13 14 17 18 27 40 59 35
0 0 0 0 0 0 0 0 0 0 0 0 0 0 0 0 0 0 1 1 0 0 0 0 0 0 1 0 0 0 1 0 0 0 0 0 0 0 0 0 0 0 0 0 0 0 1 1 1 8 6 9 14 19 33 62 45 31 5 19 28 22 42 53 79 37 38 16 15 14 11 6 20 45 21 11 8 8 1 2 7 11 6 6 2 0 1 4 5 4 4 5 6 11 30 36
0 0 0 0 0 0 0 0 0 0 0 0 0 0 0 0 0 0 0 0 0 0 0 0 0 0 0 0 0 0 0 0 0 0 0 0 0 0 0 0 0 0 1 1 1 1 3 7 2 7 5 6 10 11 50 35 14 4 14 25 28 26 49 74 44 21 30 13 11 11 9 5 11 33 51 20 10 4 1 2 5 12 9 3 1 0 1 2 1 4 6 12 17 18 19 33
0 1 1 1 1 0 0 0 0 0 0 0 0 1 1 0 0 0 0 0 0 0 0 0 0 0 0 0 0 0 0 0 0 0 0 0 0 0 0 0 0 1 1 1 1 2 3 2 7 5 5 5 12 16 44 8 4 8 20 26 25 27 49 73 26 17 15 23 9 3 3 4 20 33 13 29 14 5 1 1 8 6 9 3 1 0 1 3 8 15 9 21 32 30 28 13
1 1 1 1 1 0 0 1 1 1 1 2 2 2 2 2 1 1 1 0 0 0 0 0 0 0 0 0 0 0 0 0 0 0 0 0 0 0 0 0 1 1 1 2 3 4 5 4 6 18 20 20 14 20 11 4 2 12 15 22 13 26 51 57 30 11 14 18 12 6 1 4 27 9 8 35 20 7 2 1 3 3 5 3 0 1 3 4 5 10 11 13 9 10 16 37
2 2 2 2 1 1 1 2 2 2 2 2 4 3 4 3 2 2 1 1 1 1 1 0 0 0 0 0 0 0 0 0 0 0 0 0 0 0 0 1 1 1 1 2 3 5 7 17 12 15 8 37 25 10 11 7 3 10 18 31 33 29 59 21 8 21 22 9 16 5 1 4 8 9 5 30 10 6 2 1 2 3 2 2 0 1 7 13 16 12 11 6 14 17 19 27
5 5 3 4 2 1 1 2 2 2 6 5 6 7 6 3 2 2 2 2 1 2 1 1 1 0 0 0 0 0 0 0 0 0 0 0 0 0 0 1 1 1 1 2 5 6 11 15 12 13 6 4 13 12 13 1 6 10 11 21 19 34 39 39 32 15 9 6 20 12 3 2 7 5 11 33 8 5 3 1 1 2 2 1 1 3 8 25 31 29 33 20 26 37 31 58
8 8 8 4 3 3 2 3 5 7 9 8 9 5 7 5 3 3 3 4 3 3 1 1 1 1 1 0 0 0 1 0 0 0 0 0 0 0 0 0 0 1 1 2 3 9 4 2 16 12 7 4 10 11 1 1 4 7 9 22 34 45 51 21 11 10 14 10 6 8 5 2 7 5 8 14 10 10 3 1 1 1 1 1 2 4 5 6 5 7 10 20 34 37 63 60
12 12 13 10 9 2 2 5 8 12 13 12 11 11 9 9 6 10 6 5 2 1 1 1 1 1 1 1 1 1 0 0 0 0 0 0 0 0 0 0 0 1 2 2 1 2 2 6 4 5 5 1 4 1 2 1 2 4 5 17 37 47 31 43 20 8 8 7 5 8 8 2 2 4 8 9 9 3 2 1 0 1 1 1 4 2 3 6 18 23 28 24 16 58 31 39
23 35 19 6 10 3 6 7 20 16 14 16 16 28 26 13 13 10 5 7 3 2 1 3 3 1 1 1 2 0 0 0 0 0 0 0 0 0 0 0 1 1 2 1 1 2 2 5 3 3 2 1 2 1 2 1 3 9 13 23 20 18 36 46 12 5 3 3 6 5 4 2 1 3 4 10 8 4 2 1 0 0 1 4 8 10 10 10 16 15 15 38 39 50 26 10
42 52 20 16 22 7 6 23 23 34 13 23 31 26 40 21 9 4 11 6 4 3 1 5 1 1 2 2 0 0 0 0 0 0 0 0 0 0 0 0 0 1 0 0 1 3 7 6 4 2 1 1 1 1 2 4 7 5 4 7 12 22 29 45 16 7 6 4 2 2 2 2 1 2 5 4 3 4 2 1 0 1 4 3 8 21 24 28 30 33 18 29 21 23 26 7
34 53 21 20 29 10 11 39 34 40 10 26 47 31 45 17 13 12 17 15 7 2 3 1 1 3 6 0 0 1 1 0 0 0 0 0 0 0 0 0 0 0 0 0 2 5 4 2 5 1 1 1 2 2 3 2 2 1 5 8 9 28 34 25 10 33 30 16 7 6 2 2 1 1 2 1 2 2 1 0 0 3 8 14 16 25 31 30 25 26 30 36 9 3 16 10
55 29 28 22 32 12 15 44 63 38 9 38 59 50 49 42 20 28 39 20 8 3 6 2 5 5 1 1 1 1 1 1 1 1 1 0 0 0 0 0 0 0 0 1 4 2 4 1 1 2 1 1 3 3 3 3 2 5 22 30 27 29 64 27 33 18 22 20 6 3 2 2 1 0 1 1 1 1 0 0 1 2 4 10 10 5 12 5 5 7 5 51 27 9 6 3
78 58 32 24 29 15 27 48 78 31 16 33 61 62 62 29 23 63 23 4 4 13 10 8 8 2 1 2 2 2 1 1 1 1 0 1 0 1 0 0 0 0 0 0 1 1 1 0 0 0 0 1 2 5 4 9 12 14 11 23 45 35 21 41 29 25 6 11 25 5 2 1 1 0 0 1 0 1 0 0 1 3 4 5 4 2 4 8 18 34 50 68 33 8 4 2
72 70 37 39 42 24 31 58 73 40 22 42 81 80 43 51 29 25 7 4 9 30 34 16 7 6 3 2 3 2 1 4 2 0 0 1 1 1 1 0 0 0 0 0 0 0 0 0 0 1 2 2 5 6 8 13 10 9 25 55 51 47 27 39 5 49 30 5 3 15 12 6 3 1 0 1 0 0 0 0 1 1 2 4 2 4 15 25 17 16 24 44 15 7 4 2
72 62 42 53 49 46 35 62 73 46 34 47 82 70 50 36 14 7 2 10 26 33 18 5 3 1 1 6 5 2 3 3 1 1 1 1 1 1 1 0 0 0 0 0 0 0 0 0 0 1 1 1 3 4 4 6 11 27 20 65 42 15 16 64 26 10 33 10 3 1 3 4 5 4 1 0 0 0 0 0 1 2 1 2 3 8 17 16 15 29 15 23 17 9 3 1
75 65 40 59 57 55 52 50 60 43 37 48 63 28 26 18 7 8 6 15 36 11 8 7 3 2 2 10 7 3 9 3 1 1 1 2 2 4 2 1 1 0 1 0 0 0 0 0 0 0 0 1 4 4 10 12 6 22 32 48 7 2 16 50 14 12 7 25 6 1 1 1 4 2 2 1 0 0 0 0 1 1 2 1 2 7 27 9 7 33 11 10 13 3 1 1
47 48 46 63 60 46 63 51 74 77 66 51 45 35 43 38 23 26 12 19 31 15 9 7 4 3 3 13 11 5 10 4 2 2 2 4 3 3 1 1 2 1 1 0 0 0 0 0 0 0 0 2 4 4 4 6 4 11 32 10 5 3 26 49 21 3 2 3 9 2 1 1 1 1 3 1 0 0 0 0 1 1 2 1 9 16 28 9 9 24 8 3 4 6 1 0
63 36 67 75 66 70 67 84 78 89 89 84 45 64 62 56 50 20 17 35 27 13 10 5 5 8 5 14 14 14 8 5 4 4 4 7 11 4 2 1 5 2 0 0 0 0 0 0 0 1 2 2 3 3 2 2 7 26 37 6 4 4 10 42 23 10 2 1 6 5 2 1 1 1 4 1 0 0 0 0 1 2 2 3 5 3 3 3 6 6 8 4 5 4 1 0
56 51 57 67 78 82 86 87 75 72 76 79 83 77 43 39 31 24 25 22 10 13 10 12 18 11 13 35 24 37 11 10 8 11 12 21 20 5 5 4 6 1 1 0 0 0 0 0 0 1 1 1 1 1 1 3 9 13 11 9 3 3 4 45 10 7 6 0 3 6 3 1 1 1 1 1 0 0 0 0 1 1 4 6 4 3 3 2 3 3 4 2 1 1 0 0
66 58 41 44 58 67 78 56 49 44 55 60 62 75 47 39 43 54 42 26 22 25 20 29 45 27 20 43 40 27 14 21 14 18 16 24 12 7 11 3 1 1 1 1 1 1 0 0 0 0 1 1 1 1 2 1 5 3 5 17 4 4 7 16 6 1 5 1 2 2 2 1 1 0 0 4 0 0 0 0 1 2 1 6 2 2 2 1 1 1 1 0 0 0 1 2
71 75 49 28 52 47 50 64 43 51 60 43 60 78 82 66 77 67 46 36 47 45 44 39 48 34 27 53 50 23 29 26 27 26 32 33 18 9 2 1 1 1 1 1 2 1 1 0 0 0 0 1 1 2 2 1 3 3 2 4 3 4 5 11 11 1 2 2 1 3 2 1 1 0 0 0 0 0 0 0 1 1 3 4 2 2 1 1 2 0 0 0 0 1 2 3
53 64 81 46 27 29 53 50 70 35 29 28 65 47 57 91 90 47 66 63 62 57 57 48 49 41 39 64 50 38 36 34 36 51 48 17 4 3 4 3 4 3 2 1 2 2 1 0 0 0 0 1 1 1 2 1 4 2 2 2 2 1 1 4 15 1 1 1 1 1 1 1 0 0 0 0 0 0 0 0 0 1 5 2 1 1 0 1 1 0 0 1 1 1 2 2
74 71 74 79 41 15 17 58 53 45 9 12 25 43 74 80 69 87 88 68 60 76 70 38 57 47 63 53 50 44 47 38 52 66 63 21 15 8 14 10 15 14 5 5 5 2 1 0 0 0 0 0 0 0 2 1 3 3 1 1 1 0 0 1 6 2 1 1 1 1 1 1 1 0 0 0 0 0 0 0 0 1 1 1 0 0 0 0 0 0 0 1 2 3 2 3
57 42 46 87 43 31 25 24 23 26 17 4 19 68 79 77 59 52 80 63 74 76 64 45 69 63 76 68 61 69 50 48 47 45 43 21 19 19 18 16 4 4 11 18 2 1 1 0 0 0 0 0 0 0 0 2 2 3 1 1 1 0 0 3 5 1 1 1 1 1 1 1 0 0 0 0 0 0 0 0 0 1 1 0 0 0 0 1 1 1 2 2 2 3 1 2
27 43 43 82 82 24 27 14 15 14 15 7 20 31 39 46 66 81 61 24 58 27 67 80 91 83 77 52 68 47 58 41 34 19 61 44 43 26 11 8 2 0 12 7 4 2 1 0 0 0 0 0 0 0 0 0 0 1 0 1 0 0 0 1 2 2 1 1 1 0 0 0 0 0 0 0 0 0 0 0 0 0 0 0 0 0 1 1 2 1 2 4 3 2 2 2
16 21 34 37 80 70 33 12 11 10 8 8 15 35 52 58 26 71 68 31 63 52 26 42 64 41 62 36 58 19 11 28 18 16 30 73 51 25 12 40 10 9 10 9 7 3 1 1 1 1 1 0 0 0 0 0 0 0 0 1 0 0 1 1 1 2 1 1 0 0 0 0 0 0 0 0 0 0 0 0 0 0 0 0 0 0 0 1 1 2 2 2 11 4 2 1
7 12 21 5 33 84 34 14 6 5 6 8 7 12 20 33 41 58 38 47 65 37 11 37 56 36 35 28 31 50 32 35 28 12 17 50 63 73 68 55 39 22 18 20 11 4 2 2 3 1 0 0 0 0 0 0 0 0 0 0 0 0 0 1 1 1 1 1 0 0 0 0 0 0 0 0 0 0 0 0 0 0 0 0 0 0 0 1 1 1 1 3 4 3 2 4
13 7 14 37 30 52 75 26 20 5 3 3 4 5 19 15 38 57 8 18 72 56 18 9 63 68 36 21 31 41 14 11 14 10 8 24 42 44 31 11 25 22 10 13 13 11 10 8 3 0 1 2 1 1 1 1 1 0 0 0 0 0 0 0 0 1 1 0 0 0 0 0 0 0 0 0 0 0 0 0 0 0 0 0 0 0 0 0 1 1 1 2 3 4 7 8
19 6 4 19 37 49 75 54 17 11 6 4 3 5 5 3 16 11 11 48 85 27 12 6 9 42 18 22 16 33 28 14 15 14 13 40 23 9 7 5 8 3 3 31 13 22 26 19 5 3 4 2 2 1 1 0 0 0 0 0 0 0 0 0 0 0 0 0 0 0 0 0 0 0 0 0 0 0 0 0 0 0 0 0 0 1 1 1 2 2 2 3 4 4 4 10
35 20 12 7 7 11 21 55 20 19 7 3 2 3 6 3 10 7 23 21 77 27 12 9 5 10 11 13 5 23 28 8 8 8 11 24 17 4 3 5 4 2 3 7 16 12 7 3 3 3 2 1 1 1 1 0 0 0 0 0 0 0 0 0 0 0 0 0 0 0 0 0 0 0 0 0 0 0 0 0 0 0 0 0 0 0 1 4 1 2 4 4 6 6 8 15
14 12 21 6 5 21 21 51 48 21 12 3 2 1 2 3 4 7 8 23 55 71 31 12 3 3 7 2 5 17 24 9 5 7 4 4 6 3 2 3 2 2 2 3 16 9 7 3 1 1 1 0 0 0 1 0 0 0 0 0 0 0 0 0 0 0 0 0 0 0 0 0 0 0 0 0 0 0 0 0 0 0 0 0 0 0 1 3 4 4 5 4 6 12 9 16
27 17 5 3 4 8 15 26 41 17 7 4 2 1 1 2 1 3 11 50 39 55 32 20 8 2 8 7 1 2 11 6 6 4 1 2 2 6 2 2 2 1 1 2 7 8 10 4 2 1 1 0 0 0 0 0 0 0 0 0 0 0 0 0 0 0 0 0 0 0 0 0 0 0 0 0 0 0 0 0 0 0 0 0 0 1 1 3 1 1 1 2 4 8 9 5
39 26 8 3 1 7 7 14 31 22 5 4 2 1 2 2 1 7 21 37 12 24 32 8 5 4 2 4 5 1 3 6 2 2 1 2 2 1 1 1 2 2 1 1 2 6 10 5 3 1 1 0 0 0 0 0 0 0 0 0 0 0 0 0 0 0 0 0 0 0 0 0 0 0 0 0 0 0 0 0 0 0 0 0 1 1 1 1 1 1 1 2 3 4 4 5
40 25 10 7 2 2 5 8 42 5 5 2 1 1 1 1 1 4 20 8 1 11 57 7 4 4 2 2 2 3 3 2 1 1 1 1 1 0 0 1 2 1 0 0 1 3 9 4 4 1 1 0 0 0 0 0 0 0 0 0 0 0 0 0 0 0 0 0 0 0 0 0 0 0 0 0 0 0 0 0 0 0 0 0 0 0 2 1 1 1 2 1 2 4 5 3
34 23 11 4 3 2 4 5 25 7 1 3 2 1 1 1 1 6 6 4 12 21 43 19 5 2 3 4 1 5 3 2 2 1 1 1 1 1 0 1 0 0 0 2 3 4 6 5 8 5 2 1 0 0 0 0 0 0 0 0 0 0 0 0 0 0 0 0 0 0 0 0 0 0 0 0 0 0 0 0 0 0 0 0 0 0 1 1 2 2 3 2 3 2 5 7
24 13 8 4 3 3 1 2 6 20 4 1 2 1 1 1 1 3 2 4 4 11 38 16 5 7 2 2 2 5 2 1 1 1 0 0 1 0 0 0 0 0 1 4 2 2 5 3 6 6 4 1 1 0 0 0 0 0 0 0 0 0 0 0 0 0 0 0 0 0 0 0 0 0 0 0 0 0 0 0 0 0 0 0 0 0 1 1 1 1 2 5 3 4 11 7
21 16 6 3 3 2 2 2 2 8 6 1 1 1 1 1 1 1 1 2 4 12 41 13 7 3 4 1 2 3 1 0 0 1 1 0 0 0 0 0 0 0 2 3 1 2 2 1 4 4 2 2 1 1 0 0 0 0 0 0 0 0 0 0 0 0 0 0 0 0 0 0 0 0 0 0 0 0 0 0 0 0 0 0 0 0 0 0 1 2 1 3 2 1 3 4
67 36 13 2 1 2 1 1 2 4 7 2 1 1 1 0 0 1 1 1 4 6 24 10 3 2 2 2 1 1 2 0 0 0 0 0 0 0 0 0 1 1 1 0 1 1 1 1 2 3 3 2 3 1 1 0 0 0 0 0 0 0 0 0 0 0 0 0 0 0 0 0 0 0 0 0 0 0 0 0 0 0 0 0 0 0 0 0 0 1 1 3 2 2 3 1
18 54 31 9 3 1 1 1 1 2 10 3 1 1 0 0 0 0 0 1 2 4 13 14 3 1 1 1 1 1 1 1 1 0 0 0 0 0 0 0 1 2 1 0 1 1 1 1 2 3 1 1 1 2 1 0 0 0 0 0 0 0 0 0 0 0 0 0 0 0 0 0 0 0 0 0 0 0 0 0 0 0 0 0 0 0 0 0 0 1 1 2 1 2 2 4
4 46 7 31 11 4 1 1 1 2 5 1 1 0 0 0 0 0 0 1 2 5 5 9 5 2 1 1 1 1 1 1 1 0 0 0 0 0 0 0 1 1 1 0 0 1 0 0 2 3 1 1 1 1 2 1 0 0 0 0 0 0 0 0 0 0 0 0 0 0 0 0 0 0 0 0 0 0 0 0 0 0 0 0 0 0 0 0 0 1 1 0 1 2 2 3
8 10 4 20 7 7 2 0 0 1 2 2 0 0 0 0 0 0 0 1 1 1 9 9 9 4 2 1 0 0 0 0 0 0 0 0 0 0 0 0 1 0 0 0 0 1 0 0 2 2 1 0 0 0 1 1 0 0 0 0 0 0 0 0 0 0 0 0 0 0 0 0 0 0 0 0 0 0 0 0 0 0 0 0 0 0 0 0 0 0 1 1 2 3 4 4
8 6 5 3 4 2 6 1 0 0 1 1 0 0 0 0 0 0 0 0 2 6 10 9 12 4 2 1 1 0 0 0 0 0 0 0 0 0 0 0 0 0 0 0 0 1 1 1 3 2 2 0 0 0 0 0 0 0 0 0 0 0 0 0 0 0 0 0 0 0 0 0 0 0 0 0 0 0 0 0 0 0 0 0 0 0 0 0 1 0 0 1 1 1 2 2
8 4 6 3 3 1 1 2 0 0 0 1 1 0 0 0 0 0 0 1 3 3 7 5 5 7 1 1 0 0 0 0 0 0 0 0 0 0 0 0 0 0 0 0 0 0 0 0 1 2 1 0 0 0 0 0 0 0 0 0 0 0 0 0 0 0 0 0 0 0 0 0 0 0 0 0 0 0 0 0 0 0 0 1 0 1 1 1 1 0 0 0 0 2 2 3
4 5 6 3 1 1 1 1 0 0 0 0 0 0 0 0 0 0 1 3 1 1 3 3 2 3 2 1 1 0 0 0 0 0 0 0 0 0 0 0 0 0 0 0 0 0 0 0 2 0 1 0 0 0 0 0 0 0 0 0 0 0 0 0 0 0 0 0 0 0 0 0 0 0 0 0 0 0 0 0 1 1 1 2 2 1 1 1 1 1 0 1 0 1 2 3
1 1 1 2 1 1 0 0 0 0 0 0 0 0 0 0 0 0 1 1 1 1 2 5 1 1 1 1 0 0 0 0 0 0 0 0 0 0 0 0 0 0 0 0 0 0 0 2 3 0 0 0 0 0 0 0 0 0 0 0 0 0 0 0 0 0 0 0 0 0 0 0 0 0 0 0 0 0 0 0 0 0 1 1 2 2 3 2 2 2 1 1 2 1 1 2
0 0 0 0 0 0 0 0 0 0 0 0 0 0 0 0 0 0 0 0 1 0 0 1 1 1 0 0 0 0 0 0 0 0 0 0 0 0 0 0 0 0 0 0 0 0 0 0 2 0 0 0 0 0 0 0 0 0 0 0 0 0 0 0 0 0 0 0 0 0 0 0 0 0 0 0 0 0 0 0 0 0 1 0 2 2 5 6 3 5 4 3 3 3 2 7
1 1 0 0 0 0 0 0 0 0 0 0 0 0 0 0 0 0 0 0 0 0 0 0 0 0 0 0 0 0 0 0 0 0 0 0 0 0 0 0 0 0 0 0 0 0 0 0 0 0 0 0 0 0 0 0 0 0 0 0 0 0 0 0 0 0 0 0 0 0 0 0 0 0 0 0 0 0 0 0 0 0 0 0 1 1 1 2 10 9 3 10 7 7 3 6
