sesion_6_simulaciones/modelos_agentes/ejemplos_netlogo/scenarios/echam4_a2/rob_2063.asc
NCOLS 322 
NROWS 307 
XLLCORNER 451900 
YLLCORNER 4086900 
CELLSIZE 100 
NODATA_value -9999 
[rows 74 to 147 of 307, columns 0 to 95 of 322]
0 0 0 0 0 0 0 0 0 0 0 0 0 0 0 0 0 0 0 0 0 0 0 0 0 0 0 0 0 0 0 0 0 0 0 0 1 1 1 1 0 1 0 0 0 0 0 0 0 0 0 0 0 0 0 0 0 0 0 0 0 1 1 1 1 0 1 1 1 2 5 3 2 1 8 27 9 11 28 50 42 6 9 11 21 3 2 2 5 3 4 4 2 3 5 4
0 0 0 0 0 0 0 0 0 0 0 0 0 0 0 0 0 0 0 0 0 0 0 0 0 0 0 0 0 0 0 0 0 0 0 1 0 0 2 2 0 1 1 0 0 0 0 0 0 0 0 0 0 0 0 0 0 0 0 0 0 0 2 3 1 1 3 2 2 1 2 4 4 3 5 41 12 5 4 41 32 14 11 7 2 8 9 3 4 4 5 10 8 5 3 25
0 0 0 0 0 0 0 0 0 0 0 0 0 0 0 0 0 0 0 0 0 0 0 0 0 0 0 0 0 0 0 0 0 0 0 0 0 1 1 1 1 3 1 0 0 0 0 0 0 0 0 0 0 0 0 0 1 0 0 0 0 1 1 2 2 2 3 3 5 3 3 1 1 1 5 46 62 13 7 8 23 17 8 2 2 23 23 17 14 3 3 2 14 16 10 14
0 0 0 0 0 0 0 0 0 0 0 0 0 0 0 0 0 0 0 0 0 0 0 0 0 0 0 0 0 0 0 0 0 0 0 0 0 0 0 0 2 1 1 1 1 1 0 0 0 0 0 0 0 0 0 0 0 0 0 0 0 1 1 2 1 2 2 3 4 6 7 8 8 7 4 8 39 23 13 3 28 37 5 2 18 37 5 41 22 10 4 12 20 20 21 10
0 0 0 0 0 0 0 0 0 0 0 0 0 0 0 0 0 0 0 0 0 0 0 0 0 0 0 0 0 0 0 0 0 0 0 0 0 0 0 1 1 1 1 1 2 5 1 1 1 1 1 0 0 0 0 0 0 0 0 1 0 0 0 0 1 1 2 4 4 4 6 12 9 10 5 2 3 9 9 5 10 9 6 5 18 7 6 3 4 16 9 14 11 15 19 26
0 0 0 0 0 0 0 0 0 0 0 0 0 0 0 0 0 0 0 0 0 0 0 0 0 0 0 0 0 0 0 0 0 1 1 1 1 0 1 1 1 3 2 1 1 1 5 6 13 10 5 2 1 1 0 0 0 0 1 0 0 0 0 0 0 0 0 0 1 4 7 7 9 11 8 7 4 8 3 2 10 9 6 10 19 7 16 9 4 12 17 42 54 53 33 40
0 0 0 0 0 0 0 0 0 0 0 0 0 0 0 0 0 0 0 0 0 0 0 0 0 0 0 0 0 0 0 0 0 0 2 4 1 0 1 2 2 2 4 3 1 1 2 8 34 40 45 56 27 4 2 1 1 1 0 0 0 0 0 0 0 1 0 1 1 3 6 5 9 12 11 6 5 2 1 0 3 8 8 11 22 13 5 7 8 12 58 57 54 29 29 58
0 0 0 0 0 0 0 0 0 0 0 0 0 0 0 0 0 0 0 0 0 0 0 0 0 0 0 0 0 0 0 0 0 0 0 2 1 0 0 2 4 16 4 8 6 3 2 1 1 2 7 12 23 33 13 3 1 0 0 0 0 0 0 1 0 0 0 0 0 1 2 8 8 11 15 9 2 0 1 1 2 4 5 14 6 15 19 22 13 12 8 6 23 17 24 43
0 0 0 0 0 0 0 0 0 0 0 0 0 0 0 0 0 0 0 0 0 0 1 0 1 0 0 0 0 0 0 0 0 0 0 0 0 0 0 1 2 2 3 10 5 3 5 3 1 0 0 0 1 7 6 16 5 2 0 4 5 2 1 0 1 1 0 1 0 0 1 4 10 8 6 7 4 2 3 6 2 2 8 24 9 32 27 24 21 28 18 9 8 23 64 78
0 0 0 0 0 0 0 0 0 0 0 0 0 0 0 0 0 0 1 0 0 0 0 0 0 0 0 0 0 0 0 0 0 0 0 0 0 0 1 1 3 7 3 2 1 1 1 1 0 1 1 0 3 1 1 3 6 4 12 7 1 0 0 1 1 0 0 1 1 1 7 5 8 6 5 7 9 13 7 3 6 5 25 31 20 48 38 69 49 41 47 42 11 11 16 17
0 0 0 0 0 0 0 0 0 0 0 0 0 0 0 0 0 0 0 0 0 0 0 0 0 0 0 0 0 0 0 0 0 0 0 0 0 0 1 1 2 4 8 7 0 0 1 1 1 0 0 3 10 4 3 2 1 7 26 3 1 1 0 0 1 0 1 1 2 4 4 5 5 4 5 6 8 8 15 3 6 4 9 7 17 50 24 33 54 67 42 45 47 30 24 20
0 0 0 0 0 0 0 0 0 0 0 0 0 0 0 0 0 0 0 0 0 0 0 0 0 0 0 0 0 0 0 0 0 0 0 0 0 1 1 1 2 3 7 10 4 5 6 5 6 7 4 5 7 4 3 2 3 9 3 3 2 2 1 1 0 0 0 2 2 2 5 3 15 4 3 11 7 7 9 7 6 4 5 13 3 37 27 58 58 75 84 84 63 44 32 31
0 0 0 0 0 0 0 0 0 0 0 0 0 0 0 0 0 0 0 0 0 0 0 0 0 0 0 0 0 0 0 0 0 0 0 0 0 0 0 1 2 1 4 4 2 3 5 3 3 4 4 2 2 3 2 2 6 2 3 3 4 1 0 0 0 0 0 0 1 1 1 3 1 1 12 8 5 9 32 12 14 7 3 11 21 47 37 25 68 63 53 62 70 35 34 35
0 0 0 0 0 0 0 0 0 0 0 0 0 0 0 0 0 0 0 0 0 0 0 0 0 0 0 0 0 0 0 0 0 0 0 0 0 0 0 1 2 1 0 1 1 1 3 0 1 2 1 2 2 3 3 2 2 1 2 2 2 1 1 0 0 1 2 3 2 1 2 2 2 2 2 2 19 28 5 10 12 8 8 6 9 15 31 50 58 67 14 44 56 57 36 34
0 0 0 0 0 0 0 0 0 0 0 0 0 0 0 0 0 0 0 0 0 0 0 0 1 0 0 0 0 1 0 0 0 0 0 0 0 0 0 0 0 0 1 1 1 2 3 1 1 2 1 1 1 3 2 1 1 1 1 2 1 0 0 0 1 0 0 1 4 1 2 2 1 2 5 3 4 7 6 5 3 6 14 14 10 12 12 9 27 24 17 45 22 62 51 45
0 0 0 0 0 0 0 0 0 0 0 0 0 0 0 0 0 0 0 0 0 0 0 0 0 1 1 1 0 0 0 1 0 0 0 0 0 0 0 0 0 0 0 0 0 1 1 0 0 1 0 1 0 1 2 0 1 0 3 1 0 0 0 1 1 0 0 0 7 1 2 1 2 2 2 6 7 20 24 18 27 19 9 6 22 31 27 26 12 11 23 42 46 21 44 40
0 0 0 0 0 0 0 0 0 0 0 0 0 0 0 0 0 0 0 0 0 0 0 1 4 0 2 3 0 1 1 1 0 1 0 1 0 0 0 0 0 0 0 0 0 1 0 0 0 0 0 1 1 2 0 1 2 1 1 0 0 1 1 1 0 0 0 0 2 20 13 4 2 8 8 13 42 40 6 14 41 28 33 31 29 33 34 36 29 15 8 39 35 20 14 6
0 0 0 0 0 0 0 0 0 0 0 0 0 0 0 0 0 0 0 0 0 0 0 0 2 0 0 7 3 0 0 2 1 1 1 3 1 0 0 0 0 0 0 0 0 0 0 0 0 0 4 5 8 6 7 1 0 1 0 0 0 1 0 0 0 0 2 2 1 1 4 6 36 68 34 17 8 7 47 16 3 22 35 30 27 31 40 43 37 18 12 14 9 5 9 27
0 0 0 0 0 0 0 0 0 0 0 0 0 0 0 0 0 0 0 0 0 0 0 1 0 1 1 4 11 2 0 0 0 0 0 1 1 1 2 0 0 0 1 1 1 1 1 0 1 7 13 7 1 1 4 11 2 0 0 0 0 1 0 0 0 1 1 1 2 1 1 2 1 2 2 40 9 11 6 16 31 9 14 41 32 38 45 44 47 47 27 8 15 32 19 29
0 0 0 0 0 0 0 0 0 0 0 0 0 0 0 0 0 0 1 0 0 1 0 0 0 0 0 0 1 1 4 0 0 0 1 0 1 3 1 0 2 0 1 2 5 2 1 5 5 7 21 21 3 11 6 13 4 6 3 2 1 1 0 0 0 0 0 1 1 1 1 0 1 2 2 6 5 9 7 10 19 43 21 25 37 41 31 42 26 15 28 35 40 10 9 13
0 0 0 0 0 0 0 0 0 0 0 0 0 0 0 0 0 0 0 0 0 0 0 0 0 1 0 0 0 2 11 2 0 0 0 1 0 1 4 0 4 0 1 5 5 4 7 11 13 50 34 36 20 51 42 23 16 15 12 1 1 1 0 0 0 0 1 4 2 2 1 4 5 5 3 2 3 9 16 13 8 9 37 36 35 22 37 19 17 40 40 31 38 39 28 17
0 0 0 0 0 0 0 0 0 0 0 0 0 0 0 0 0 0 0 0 0 1 0 0 0 1 1 0 0 1 5 6 2 1 0 1 0 0 3 0 4 0 1 5 6 9 30 34 41 59 43 11 38 25 22 16 12 21 1 1 2 1 0 0 0 0 1 1 2 1 12 2 1 2 3 6 25 29 32 25 19 15 18 28 18 11 27 26 26 32 46 41 23 18 26 24
0 0 0 0 0 0 0 0 0 0 0 0 0 0 0 0 0 0 0 0 0 0 0 0 1 0 1 1 1 0 4 11 0 0 1 1 0 2 15 5 9 5 2 4 11 32 59 47 25 68 27 4 13 2 7 28 33 20 3 9 7 6 1 0 0 0 1 1 1 5 1 3 5 2 3 12 11 8 23 33 39 21 11 12 8 14 31 45 40 39 36 45 21 25 24 37
0 0 0 0 0 0 0 0 0 0 0 0 0 0 0 0 0 0 0 0 0 0 0 2 3 3 1 3 2 1 6 16 1 1 2 2 0 2 1 6 12 27 8 9 33 45 71 64 24 43 5 7 3 1 0 1 40 44 32 18 4 9 0 0 2 4 1 0 1 1 1 5 2 9 12 3 9 24 18 34 27 33 39 14 26 28 40 36 45 28 46 47 33 39 33 47
0 0 0 0 0 0 0 0 0 0 0 0 0 1 0 0 0 0 0 1 1 1 1 2 2 4 3 7 4 6 3 8 2 2 2 1 1 3 1 3 5 17 14 27 40 48 74 86 75 44 12 4 1 1 0 1 1 1 59 19 22 2 0 3 1 2 2 0 0 0 2 2 8 6 5 3 5 3 13 17 35 45 28 18 21 37 30 26 47 22 68 27 32 34 27 32
0 0 0 0 0 0 0 0 0 0 0 0 0 0 1 1 0 0 1 1 2 1 2 7 10 12 14 10 11 15 1 7 9 4 2 1 1 2 1 0 1 16 2 7 9 14 78 83 73 22 12 12 6 5 2 3 1 3 2 1 2 1 2 3 3 1 1 0 0 1 1 2 2 3 2 1 2 8 11 22 28 36 22 21 17 26 31 13 33 29 69 36 36 19 30 41
0 0 0 0 0 0 0 0 0 0 0 0 0 0 0 0 2 0 0 1 1 1 0 1 2 5 7 4 14 18 7 27 40 15 3 8 2 2 2 1 9 16 9 6 12 19 7 31 44 8 15 16 10 6 9 4 2 6 3 4 2 1 2 3 2 1 1 0 1 0 0 0 3 4 3 3 6 10 10 15 16 27 20 20 20 16 23 20 48 53 15 29 38 35 43 28
0 0 0 0 0 0 0 0 0 0 0 0 0 0 0 0 0 3 1 1 1 2 3 4 7 10 10 5 2 3 3 42 29 11 20 24 33 16 2 2 9 12 54 21 22 25 23 7 4 9 25 19 11 7 3 6 6 4 3 2 2 2 5 3 2 1 0 1 1 0 0 0 1 2 2 6 6 9 10 13 13 14 11 19 22 13 14 19 38 4 16 27 21 8 5 16
0 0 0 0 0 0 0 0 0 0 0 0 0 0 0 0 0 0 1 1 3 6 6 9 14 32 17 16 10 4 2 2 38 40 35 9 52 22 10 21 31 6 39 21 79 56 20 8 9 4 15 19 12 8 8 2 6 4 3 2 3 4 11 13 3 1 0 0 1 0 0 0 0 0 0 3 4 5 7 8 11 9 11 17 7 22 16 41 15 9 20 22 25 15 14 25
0 0 0 0 0 0 0 0 0 0 0 0 0 0 0 0 0 1 1 1 4 6 22 18 22 19 40 21 7 8 6 6 3 29 28 6 8 5 38 15 12 3 52 17 9 4 14 10 15 11 17 25 23 14 7 3 1 2 0 1 2 2 5 7 0 1 1 0 0 0 1 1 0 1 2 1 3 4 5 5 5 15 5 2 8 28 12 43 10 4 8 11 13 12 21 25
0 0 0 0 0 0 0 0 0 0 0 0 0 0 1 1 1 1 1 1 1 4 29 38 12 11 15 16 21 19 12 18 8 2 2 9 3 6 48 5 4 9 24 8 9 6 16 11 13 10 5 16 18 15 5 2 2 2 1 1 1 1 1 1 1 1 1 0 0 1 1 0 1 1 1 1 4 4 4 4 16 3 4 7 9 15 14 11 13 2 3 9 11 22 28 39
0 0 0 0 0 0 0 0 0 0 0 0 0 0 0 0 1 1 4 5 4 10 8 7 4 2 8 16 21 17 33 31 7 3 1 2 6 26 12 11 2 31 52 12 13 13 12 18 22 4 7 10 8 8 3 3 2 1 1 0 0 0 1 2 2 1 1 1 1 1 1 1 0 2 1 1 2 2 3 7 4 3 5 3 8 3 9 17 29 10 6 9 15 17 13 33
0 0 0 0 0 0 0 0 0 0 0 0 0 0 0 1 1 2 4 4 5 20 9 6 8 8 3 9 14 12 13 7 4 9 7 8 18 11 21 8 11 15 32 32 20 16 6 9 12 3 3 14 18 17 12 4 2 1 2 6 3 1 1 1 1 0 5 3 1 1 1 9 3 1 1 1 1 1 1 4 1 3 3 1 4 4 9 17 10 21 13 19 15 24 22 31
0 0 0 0 0 0 0 0 0 0 0 0 0 2 1 4 2 1 2 7 10 12 20 9 7 9 9 6 19 15 9 6 9 13 16 15 5 7 9 11 10 3 6 14 21 12 2 4 4 5 6 8 7 6 4 3 3 1 9 10 4 3 0 1 1 1 8 46 19 7 3 2 8 16 2 1 1 1 3 2 0 5 1 3 3 7 3 4 5 9 17 14 37 26 11 17
0 0 0 0 0 0 0 0 0 0 0 0 0 0 2 2 4 6 4 8 7 6 17 8 5 5 4 2 2 4 10 8 14 14 8 16 13 12 10 8 3 7 12 4 21 12 9 8 8 4 3 3 3 14 7 5 4 1 2 1 1 1 3 1 3 5 4 26 51 22 1 3 3 2 10 4 1 1 1 1 3 4 1 14 5 4 5 8 7 9 16 29 12 13 16 7
0 0 0 0 0 0 0 0 0 0 0 0 0 0 0 0 0 1 2 6 7 8 15 24 13 9 11 9 5 3 6 2 3 7 7 13 14 9 15 4 2 9 5 6 22 11 10 8 9 5 4 4 4 10 14 1 2 1 3 2 2 8 6 7 9 4 10 8 43 16 12 3 2 2 2 5 3 4 3 4 1 2 3 6 5 6 8 3 5 29 12 6 17 13 17 16
0 0 0 0 0 0 0 0 0 0 0 0 0 0 1 1 0 0 1 4 7 19 28 39 34 11 7 3 2 3 3 1 1 2 4 4 8 10 6 9 7 9 3 16 2 1 4 5 7 7 14 12 5 10 5 4 2 3 5 1 4 5 3 3 40 9 11 6 3 47 34 6 6 2 9 14 18 33 16 11 5 4 1 7 20 11 27 16 17 21 15 8 16 22 27 15
0 0 0 0 0 0 0 0 0 0 0 0 0 0 1 1 1 2 1 12 38 18 8 15 24 12 9 9 3 0 3 3 5 2 1 3 12 11 3 6 15 16 13 12 4 2 5 11 19 20 8 34 20 20 10 4 4 1 1 6 2 2 2 3 3 13 8 8 4 15 30 46 25 4 1 11 9 23 2 1 7 26 1 3 1 8 9 52 34 29 57 22 18 18 20 22
0 0 0 0 0 0 0 0 0 0 0 0 0 0 0 0 2 3 3 2 3 28 26 13 16 11 18 27 14 5 4 9 6 6 7 3 3 8 7 8 9 13 11 10 8 9 23 18 14 18 18 14 15 10 8 11 14 17 4 1 5 2 2 18 3 11 19 8 5 8 31 29 32 12 4 6 1 11 4 2 0 11 4 4 6 29 5 10 4 2 34 10 15 60 19 36
0 0 0 0 0 0 0 0 0 0 0 0 0 0 0 1 1 2 3 5 4 1 18 46 28 26 21 21 24 8 7 12 5 7 13 18 7 3 4 9 12 9 5 34 12 14 18 47 45 27 40 15 18 44 59 53 12 7 3 2 3 18 8 2 20 5 21 14 10 2 30 24 16 28 5 7 2 15 22 4 2 23 2 5 8 1 11 7 3 8 55 16 10 43 62 56
0 0 0 0 0 0 0 0 0 0 0 0 0 0 0 0 1 2 3 8 8 9 4 13 14 15 5 6 23 8 5 6 4 3 6 11 9 7 5 10 7 3 3 3 18 22 19 41 29 14 12 29 12 10 7 4 7 2 4 4 4 12 15 5 7 18 2 31 17 5 25 40 37 27 9 6 3 23 5 4 1 46 8 5 9 9 4 8 8 21 52 64 12 12 63 57
0 0 0 0 0 0 0 0 0 0 0 0 0 0 0 0 0 1 3 11 16 10 6 3 2 1 5 3 1 2 6 1 1 4 7 5 7 11 8 6 14 10 13 11 15 21 19 16 11 11 22 22 21 28 10 16 12 5 3 5 2 6 12 13 11 39 14 30 46 13 14 18 42 21 30 7 4 21 11 27 19 47 62 15 10 12 4 18 10 6 31 75 21 8 9 60
0 0 0 0 0 0 0 0 0 0 0 0 0 0 0 0 1 1 3 6 11 8 5 7 4 5 5 2 0 1 2 2 2 3 3 4 9 10 8 18 27 17 16 13 6 12 13 12 15 33 20 36 22 21 16 18 15 11 7 11 7 15 8 21 7 37 30 12 52 30 4 22 29 22 48 13 29 13 14 12 30 13 67 33 7 14 14 43 11 6 7 47 26 13 27 26
0 0 0 0 0 0 0 0 0 0 0 0 0 0 0 0 0 1 2 4 7 8 8 6 11 8 11 8 2 1 1 0 0 3 3 2 8 11 5 5 22 15 8 5 13 8 15 9 9 35 45 37 46 25 8 15 41 12 21 19 21 29 11 4 7 7 21 11 23 46 17 13 17 53 39 28 43 14 26 58 39 14 43 62 14 19 8 7 9 12 17 58 26 40 24 7
0 0 0 0 0 0 0 0 0 0 0 0 0 0 0 0 1 1 9 11 8 21 13 18 5 7 10 10 6 1 0 1 5 3 10 11 8 15 17 15 15 11 10 7 10 7 6 12 10 7 6 15 8 13 38 27 45 11 64 45 12 42 14 20 24 9 6 4 18 35 16 37 18 37 8 28 71 45 27 45 62 53 47 73 18 15 29 10 14 5 23 35 37 14 9 12
0 0 0 0 0 0 0 0 0 0 0 0 0 0 0 0 0 1 1 1 3 1 3 5 11 18 10 10 16 3 1 9 6 8 4 3 8 8 9 30 19 7 11 19 15 15 18 21 8 22 23 8 29 44 38 50 33 35 28 41 9 28 36 17 33 46 48 28 13 51 53 69 64 31 26 33 54 59 45 51 58 60 42 71 67 34 6 6 9 19 25 40 49 22 9 7
0 0 0 0 0 0 0 0 0 0 0 0 0 0 1 1 1 0 2 2 2 4 3 7 18 8 11 13 15 15 5 44 11 4 8 4 15 16 18 26 43 20 23 26 15 26 14 19 10 14 19 14 6 31 13 25 56 56 35 38 43 63 63 50 15 55 49 58 52 33 52 63 18 34 32 35 55 45 69 73 62 43 41 79 68 28 38 7 10 39 18 44 33 34 29 16
0 0 0 0 0 0 0 0 0 0 0 0 0 0 0 0 0 1 0 4 2 4 5 6 7 8 16 11 13 9 11 42 8 11 10 7 13 11 12 25 36 16 15 23 13 22 6 7 16 8 8 17 6 4 4 6 28 52 58 63 49 41 60 78 36 34 65 64 56 36 14 29 40 26 31 52 63 80 56 39 39 32 82 71 72 27 20 20 14 21 25 47 11 8 10 39
1 0 0 0 0 0 0 0 0 0 0 0 0 0 0 0 0 0 0 2 4 6 2 3 4 8 10 4 15 13 25 12 14 22 11 5 5 12 32 31 16 9 22 29 26 18 6 5 4 15 9 8 14 11 5 3 9 16 10 37 23 21 55 76 65 48 25 11 14 24 18 21 18 22 25 24 60 49 44 29 11 33 83 69 71 59 24 30 7 26 33 59 58 42 20 9
0 0 0 0 0 0 0 0 0 0 0 0 0 0 2 0 0 0 1 3 2 2 0 3 2 1 6 3 13 18 21 22 28 14 6 14 16 14 31 22 10 22 10 10 21 6 5 7 3 11 6 4 10 5 11 7 6 11 13 4 23 22 28 39 42 19 16 28 23 35 21 13 15 20 23 10 32 30 34 20 18 13 45 32 47 69 30 42 12 37 54 47 32 37 33 13
0 0 0 0 0 0 0 0 0 0 0 0 0 0 0 1 0 0 0 1 2 0 2 2 2 1 4 3 9 8 11 13 24 10 17 16 20 9 19 14 9 14 8 10 10 4 5 5 3 19 8 6 12 14 10 8 17 16 26 15 9 14 5 12 4 4 13 24 27 31 28 16 12 7 9 8 17 17 21 20 22 18 23 17 30 38 15 30 9 32 55 52 29 14 75 59
0 0 0 0 0 0 0 0 0 0 0 0 0 0 0 2 1 0 0 0 1 1 1 2 2 2 9 7 11 8 17 26 8 13 13 24 11 9 23 5 9 12 4 7 6 13 3 7 3 9 6 7 8 16 6 10 11 19 14 18 19 28 11 10 11 7 21 17 22 15 9 7 24 12 8 4 7 18 13 12 12 11 14 26 31 28 21 28 14 68 71 68 66 25 8 18
0 0 0 0 0 0 0 0 0 0 0 0 1 1 0 0 1 0 0 1 1 1 1 3 2 2 7 5 4 3 5 8 13 31 13 8 9 2 9 4 7 5 6 5 3 3 4 5 6 7 7 7 5 9 9 15 18 11 17 13 26 14 8 21 6 11 16 31 11 9 15 34 23 20 22 23 6 5 14 12 12 18 13 34 21 15 44 16 27 68 66 63 79 41 45 14
0 0 0 0 0 0 0 0 0 0 0 0 0 0 0 0 0 0 0 0 0 0 0 2 1 4 4 6 3 3 5 21 8 9 14 7 5 4 8 2 5 3 1 2 2 4 1 2 3 1 4 2 4 9 13 17 26 19 8 16 12 17 14 10 44 11 18 21 25 45 38 22 13 13 20 25 23 27 30 31 42 48 20 23 19 33 55 34 49 61 35 53 83 61 65 45
0 0 0 0 0 0 0 0 0 0 0 0 0 0 0 0 0 0 0 0 0 0 0 0 1 0 1 3 3 7 4 11 4 6 10 6 3 4 2 4 2 2 2 6 10 4 2 7 22 7 12 8 16 29 31 8 12 14 14 11 15 15 28 23 29 23 19 20 46 8 6 9 12 6 4 7 28 22 37 46 52 49 39 17 16 38 64 32 36 18 26 60 90 52 72 62
0 0 0 0 1 1 0 0 0 1 0 0 0 0 0 1 0 0 1 1 4 2 3 1 2 1 1 2 4 3 4 2 2 4 8 4 2 2 1 2 6 23 5 3 6 6 10 5 25 36 63 24 39 60 41 18 32 15 5 6 6 8 25 13 15 22 21 30 10 9 12 19 37 22 23 19 9 31 50 68 62 24 17 25 14 43 59 41 34 29 33 83 85 52 62 89
0 0 0 0 0 0 1 1 0 0 0 0 0 0 0 0 0 0 1 1 3 7 5 1 1 3 7 4 4 1 9 3 3 2 2 2 1 1 4 4 9 1 8 23 6 14 17 13 15 65 64 70 22 49 47 47 25 40 21 13 11 14 4 16 23 30 30 10 12 13 24 41 28 39 54 34 21 53 69 70 35 22 16 33 22 45 25 21 39 41 62 88 69 83 64 91
0 0 0 0 1 0 0 0 0 0 0 0 0 0 0 0 0 0 2 2 1 10 6 11 15 23 15 11 7 2 5 3 2 3 4 14 8 16 24 19 24 31 17 40 12 27 41 49 9 9 9 61 60 29 47 21 20 58 33 30 10 11 14 22 25 28 20 24 25 35 29 16 29 29 36 33 62 56 44 46 24 17 15 23 19 33 23 25 27 28 44 81 59 77 38 69
0 1 0 0 0 0 0 0 0 0 0 0 0 0 0 0 0 0 2 8 2 1 8 35 14 27 24 29 27 38 17 31 31 47 12 29 2 24 46 19 39 61 19 51 48 25 55 21 71 32 15 75 55 52 50 50 73 77 26 38 17 13 12 11 12 19 15 11 11 16 17 23 17 32 38 60 72 62 22 10 24 14 11 18 10 18 20 32 32 55 69 81 50 57 52 47
0 1 4 0 1 1 0 0 0 0 0 0 0 0 0 0 0 0 0 4 3 1 1 3 3 2 15 42 23 26 33 28 55 29 22 31 49 40 47 52 22 65 65 31 46 39 63 26 66 80 52 53 54 47 30 74 53 58 46 48 35 9 10 9 26 17 20 27 31 31 38 27 40 37 63 68 51 32 27 10 3 8 10 14 15 8 17 27 32 44 71 71 29 36 42 41
1 0 0 1 1 2 1 1 1 1 0 0 1 1 0 0 0 0 1 0 0 0 2 1 2 4 13 10 16 26 34 46 11 38 14 58 46 45 51 58 42 59 48 54 64 57 62 68 15 66 45 28 74 20 43 70 49 17 60 18 25 40 8 8 16 17 36 32 32 30 30 38 55 81 79 69 52 30 7 9 9 5 3 3 9 5 15 15 23 34 54 44 34 19 46 58
0 1 1 1 1 1 0 0 1 0 1 0 0 0 0 0 0 0 1 2 2 2 2 2 2 3 1 2 2 4 2 2 5 8 3 2 5 4 5 8 10 11 7 12 13 13 15 65 50 44 76 28 59 58 59 58 21 12 21 24 50 45 19 12 28 26 34 23 25 55 70 74 77 76 71 64 41 14 4 5 5 4 3 2 6 3 8 6 10 14 27 29 26 14 25 32
1 1 1 1 0 0 0 0 1 0 1 0 0 0 0 0 0 0 1 0 1 2 2 2 4 3 2 2 4 6 4 3 10 8 7 10 5 6 9 14 12 14 26 13 17 11 20 8 13 16 49 49 58 66 59 29 31 37 30 44 45 21 18 23 23 23 35 53 66 67 75 61 44 46 29 26 7 9 9 9 8 7 3 4 2 2 2 1 3 5 11 12 18 10 9 13
4 6 2 0 0 0 0 0 0 0 0 0 0 0 0 0 0 0 0 1 1 0 1 1 2 1 1 4 2 2 4 4 2 2 2 4 4 3 7 4 6 14 14 9 8 13 10 20 18 18 11 16 17 20 29 29 38 32 28 43 11 14 15 24 28 20 21 19 41 68 73 67 47 37 17 16 24 21 34 31 19 10 3 5 7 7 7 4 3 1 1 2 6 14 13 10
1 1 0 1 0 0 0 0 0 0 0 0 0 0 0 0 0 0 0 0 2 2 1 2 1 1 1 3 3 4 3 1 3 2 2 3 3 5 6 8 6 6 7 4 3 4 5 5 13 20 30 49 38 31 29 25 27 25 26 10 8 14 14 31 23 13 21 21 25 32 28 41 47 23 15 26 35 31 11 8 4 5 6 12 25 23 23 12 11 8 3 3 1 1 4 3
1 0 1 0 0 0 0 0 0 0 0 0 0 0 0 0 0 0 0 0 0 2 2 1 2 1 1 3 4 1 1 2 2 4 5 3 4 4 4 5 5 6 22 10 10 8 9 12 20 17 31 34 25 25 26 19 24 17 14 15 3 16 14 20 35 38 33 44 34 29 17 18 9 19 25 36 56 37 18 11 11 15 17 32 25 25 26 29 27 15 17 10 6 5 3 1
1 1 0 0 0 0 0 0 0 0 0 0 0 0 0 0 0 0 0 0 0 1 2 2 2 1 4 6 2 1 2 1 3 3 5 7 4 7 9 8 2 7 10 11 8 21 21 18 13 11 20 10 35 24 46 30 18 16 11 9 10 12 16 12 53 62 29 48 42 38 27 28 15 27 41 50 28 11 18 24 21 32 22 35 44 38 46 33 33 32 27 27 21 16 7 12
1 0 0 0 0 0 1 1 1 0 1 0 0 0 0 0 0 0 0 0 1 1 0 1 1 2 12 11 4 2 3 2 3 9 4 7 5 8 3 4 10 9 6 9 10 19 17 8 23 11 19 26 24 15 28 16 29 8 14 6 22 33 14 41 72 46 45 27 25 31 22 12 18 30 39 36 16 26 26 33 41 37 43 57 55 48 47 37 51 52 36 52 33 21 19 18
0 0 0 0 1 3 1 0 2 3 0 0 0 0 0 0 0 0 0 0 1 0 0 1 1 8 4 1 1 1 1 3 2 3 10 3 4 6 7 10 6 6 5 5 8 9 15 16 14 16 22 19 24 15 19 15 32 18 8 4 10 30 49 62 56 55 33 31 32 17 14 17 26 12 40 17 30 31 46 48 56 42 50 59 61 46 58 56 56 41 44 48 37 31 41 43
0 0 0 0 0 3 2 2 4 2 1 1 3 0 0 0 0 0 0 0 0 0 0 2 0 0 1 1 2 3 1 1 3 1 3 3 4 10 5 6 2 7 3 2 4 9 10 17 19 13 10 26 7 17 22 19 11 8 19 11 3 16 17 24 37 60 49 64 43 13 29 22 35 27 71 36 28 32 40 43 56 40 48 63 43 44 59 72 62 59 44 46 44 58 54 40
0 0 0 1 0 0 0 0 2 3 4 3 2 0 1 0 0 0 0 0 0 0 0 0 0 1 1 1 2 1 1 1 1 1 1 2 1 2 2 5 11 4 6 6 2 3 5 6 11 14 17 14 16 4 27 4 9 23 11 12 6 6 13 12 10 13 34 25 14 32 59 30 36 28 65 32 35 39 52 61 77 63 78 77 71 66 66 67 81 79 54 48 47 49 74 55
0 0 0 0 0 0 0 0 0 1 0 2 1 1 1 1 1 1 0 0 0 0 0 0 0 1 1 0 0 0 0 0 0 1 1 1 1 1 1 3 6 15 6 2 13 10 12 4 9 6 6 12 4 12 12 19 21 13 13 11 8 22 34 24 19 13 15 32 38 33 45 47 25 38 58 48 57 51 64 80 68 56 83 80 80 77 76 75 78 74 59 54 71 74 75 61
0 0 0 0 0 0 2 0 0 0 3 4 1 4 1 2 5 3 2 0 0 0 0 0 0 0 0 0 0 0 0 0 0 0 1 1 0 1 2 3 3 4 7 11 1 8 8 11 11 6 6 16 22 10 4 4 8 19 18 17 13 34 26 21 10 24 29 29 52 47 39 64 41 58 55 70 75 70 77 71 39 66 79 61 43 48 67 41 71 80 68 67 64 67 66 81
1 1 3 1 3 0 0 0 1 1 4 5 4 20 5 7 12 7 1 1 0 0 0 0 0 0 0 0 0 0 0 0 0 0 0 0 1 0 1 1 1 2 4 13 8 4 9 6 9 8 7 7 6 31 49 18 15 14 13 16 26 25 32 16 27 30 43 22 45 54 33 51 59 56 72 48 62 61 76 66 22 36 49 64 36 10 17 34 76 73 75 79 46 52 39 76
