sesion_6_simulaciones/modelos_agentes/ejemplos_netlogo/scenarios/echam4_a2/rob_2031.asc
NCOLS 322 
NROWS 307 
XLLCORNER 451900 
YLLCORNER 4086900 
CELLSIZE 100 
NODATA_value -9999 
[rows 0 to 73 of 307, columns 96 to 191 of 322]
20 2 0 0 13 2 2 2 2 2 5 5 8 21 20 5 10 7 7 2 8 7 5 18 5 3 5 6 9 6 2 2 5 8 4 3 4 7 11 4 3 23 58 65 75 66 76 76 84 73 71 75 51 26 39 40 38 11 25 19 26 12 9 5 26 36 40 6 5 27 37 19 17 22 19 14 17 22 12 58 41 25 35 36 41 25 29 33 42 59 38 28 23 9 17 33
1 1 1 1 1 4 2 2 1 3 3 6 20 29 12 9 2 2 1 3 6 1 2 2 5 3 6 2 3 18 7 3 3 4 2 5 6 8 12 17 21 30 28 23 82 85 84 79 93 73 84 71 29 32 66 17 6 11 6 10 3 13 10 5 11 6 8 35 31 27 15 38 51 27 42 49 55 24 27 32 29 25 40 44 48 32 32 44 49 44 51 40 49 26 34 35
0 0 0 3 2 2 2 1 1 2 1 4 8 9 2 2 4 7 8 10 15 1 3 3 4 4 6 2 6 7 13 11 1 5 18 15 15 21 26 32 40 52 35 41 14 5 16 44 91 80 79 79 33 68 61 55 33 16 11 17 10 45 68 60 71 41 33 50 20 28 22 25 34 37 43 61 71 68 43 31 31 30 44 45 50 40 43 60 39 41 52 40 47 50 35 37
0 0 0 0 0 0 0 3 1 1 1 2 3 5 6 7 7 13 15 11 4 1 6 6 1 3 4 4 5 2 6 7 7 13 19 13 34 33 55 69 75 76 56 19 9 13 5 9 34 14 27 24 13 31 58 15 55 4 6 16 24 47 77 75 77 79 73 32 51 43 41 49 33 34 49 47 51 24 21 30 43 43 57 57 56 43 41 51 37 35 53 53 37 47 31 51
0 0 0 0 0 0 0 3 6 1 4 3 2 3 10 7 6 31 11 5 6 4 5 11 9 5 4 4 3 13 18 12 3 14 29 31 42 59 77 83 83 74 60 31 17 7 12 26 15 11 20 21 5 44 13 29 43 24 4 9 50 67 55 74 57 32 72 41 53 67 49 44 32 29 52 36 40 34 37 42 47 43 79 59 44 47 45 58 42 45 53 66 33 53 57 59
1 0 0 0 0 0 0 1 5 10 2 5 1 4 6 3 13 9 13 9 2 3 8 7 10 4 6 5 2 3 5 15 13 6 34 54 61 75 82 71 77 76 70 42 16 24 15 21 24 19 25 44 8 18 18 39 20 19 15 17 51 56 17 10 14 33 41 14 19 32 12 39 75 58 46 28 34 34 32 51 41 50 55 52 60 47 45 64 60 43 57 42 54 53 70 34
0 0 1 0 0 1 1 1 2 9 8 2 2 2 3 11 4 10 18 12 13 6 3 4 7 6 11 7 3 2 4 19 23 17 32 73 79 78 74 75 75 71 39 22 26 52 29 41 35 34 26 35 28 28 40 27 12 25 33 12 8 10 8 15 7 11 40 60 39 40 15 41 24 12 57 52 49 54 30 49 40 32 39 33 55 57 47 63 61 36 63 54 52 46 30 27
0 0 0 0 0 1 1 0 1 5 29 28 28 9 5 2 3 8 6 7 18 39 7 18 23 10 10 3 6 6 6 9 25 50 35 63 64 74 73 68 61 25 31 25 53 43 35 60 43 41 23 28 46 51 35 34 30 57 65 66 40 16 3 3 16 9 30 18 41 24 32 20 10 23 14 44 56 81 65 31 48 57 39 48 75 52 53 58 64 63 44 35 15 24 25 20
0 0 0 0 0 1 1 0 1 1 4 27 37 55 20 30 4 3 3 13 15 6 8 12 9 4 7 7 5 8 19 15 35 65 75 38 27 36 26 24 38 22 17 32 62 50 27 40 45 34 28 21 75 43 36 51 39 51 16 36 67 46 21 2 15 13 9 10 4 12 38 32 13 15 39 17 25 32 41 67 63 83 53 60 35 24 37 76 46 56 40 75 54 35 25 33
0 0 0 0 1 1 1 0 1 1 3 1 1 1 1 1 6 3 4 5 7 5 9 6 14 9 7 6 10 13 18 51 45 38 57 48 45 43 23 21 11 10 16 34 65 41 17 18 30 39 35 22 32 83 71 69 16 29 14 54 39 45 11 14 3 8 6 4 12 21 21 27 31 25 36 53 20 23 63 68 39 67 53 44 25 32 22 38 39 55 29 46 76 70 29 21
0 0 0 1 1 1 1 1 2 0 1 1 3 2 1 2 6 1 8 3 5 4 6 8 15 4 4 8 15 27 46 50 78 62 40 38 39 56 53 33 19 8 7 11 39 14 15 23 35 26 39 21 37 44 81 65 31 20 29 48 23 24 13 4 9 12 13 6 21 35 35 40 26 17 43 59 39 17 19 55 38 29 50 64 33 36 25 30 68 54 49 41 69 83 59 32
0 0 1 1 1 1 1 3 4 4 1 2 4 7 6 4 4 11 15 7 28 11 3 8 8 9 4 6 10 62 64 55 55 50 39 30 33 52 48 34 18 8 10 19 22 11 12 38 22 26 53 24 36 54 32 48 31 29 40 35 15 14 30 21 10 7 24 22 33 63 70 72 18 31 48 56 39 22 21 60 36 8 37 64 31 40 35 30 54 36 29 36 56 65 65 57
0 0 0 1 1 1 1 1 2 3 4 2 1 1 2 8 12 5 18 14 38 39 6 4 4 6 4 10 22 42 67 45 44 38 39 49 51 21 26 45 17 7 8 25 20 9 19 22 27 41 57 45 44 66 46 38 42 37 49 17 15 18 28 23 12 9 8 23 40 27 50 46 34 26 30 57 27 24 10 20 39 7 47 73 32 37 48 30 21 46 36 17 23 41 58 72
0 0 0 0 0 0 0 0 1 2 3 3 3 3 4 2 15 5 32 10 6 5 23 12 8 5 9 38 39 33 39 42 31 16 17 16 15 10 9 14 16 3 2 2 8 7 13 17 48 63 70 65 49 52 33 49 52 44 38 37 14 11 31 32 23 21 11 12 15 9 4 4 22 32 31 39 27 40 24 15 7 11 25 62 63 32 40 42 26 23 42 22 34 55 77 59
0 0 0 0 0 0 0 0 0 1 2 2 3 3 4 3 2 3 25 12 9 22 27 10 13 10 13 14 36 40 20 13 12 16 22 17 16 12 6 2 12 2 8 5 1 2 12 27 33 65 63 58 48 55 36 63 62 51 51 53 10 29 38 37 24 16 7 10 6 4 4 23 51 44 40 48 46 38 20 20 32 11 30 59 65 32 16 19 24 19 13 12 28 43 53 47
3 0 0 0 0 1 0 0 0 0 0 0 0 1 1 2 4 8 3 1 4 6 3 31 17 20 10 14 12 8 10 26 31 32 22 28 46 43 20 4 5 4 2 5 2 3 2 14 28 33 43 34 33 32 47 33 46 42 56 50 9 26 9 36 53 31 11 12 14 3 10 37 48 52 25 16 28 38 46 40 30 26 27 48 71 83 57 40 20 16 15 8 25 60 52 39
0 0 0 0 0 0 1 1 0 0 1 1 0 0 1 3 4 7 3 6 6 2 3 9 35 20 25 30 57 40 25 14 19 28 28 45 57 56 36 4 8 7 3 5 13 13 12 3 11 19 13 13 9 11 18 40 47 54 57 55 17 35 25 29 41 13 9 11 8 7 10 41 33 45 16 13 23 23 44 35 34 31 35 36 69 85 82 34 21 18 15 11 24 47 61 52
0 0 0 4 4 1 0 1 0 0 1 0 0 0 1 1 3 3 6 7 3 3 4 6 18 22 6 16 16 11 24 23 30 20 51 72 50 56 36 20 29 30 20 20 32 30 32 16 5 2 2 3 2 1 5 43 74 87 63 29 50 33 28 19 32 23 12 21 7 7 44 44 48 39 16 28 51 31 33 40 24 21 15 9 54 62 57 59 37 20 18 11 14 28 34 18
0 1 1 1 0 2 0 0 0 0 0 0 0 0 0 0 1 2 2 1 3 4 4 5 29 41 19 18 13 25 34 39 25 46 54 56 24 27 29 50 39 45 53 62 54 34 42 31 15 10 7 6 9 1 2 7 70 81 54 35 33 41 21 16 25 8 11 13 3 33 62 59 49 52 21 22 49 47 43 70 45 29 15 9 17 42 45 44 44 25 19 15 8 15 53 12
1 1 0 0 0 1 2 0 0 0 1 1 1 1 1 3 1 1 1 2 4 6 8 4 19 17 13 21 26 25 28 58 43 38 40 23 38 41 34 45 67 69 58 32 36 19 30 34 18 14 11 3 5 3 7 5 20 32 44 50 34 20 17 36 32 5 11 36 63 47 64 79 39 72 36 15 42 65 45 64 52 49 34 13 12 35 58 42 51 30 24 12 5 9 35 30
1 1 0 0 0 1 1 1 1 1 1 1 1 0 1 0 0 1 2 2 2 3 2 2 8 17 14 7 7 21 15 14 27 36 51 29 28 42 27 64 37 36 52 36 22 18 19 22 21 9 14 13 4 8 12 9 12 28 48 46 14 15 55 47 27 7 25 35 47 59 47 51 29 36 59 43 27 23 27 63 28 25 40 28 18 8 36 22 50 21 25 11 7 7 10 25
1 0 0 0 1 1 2 3 3 3 6 2 1 1 1 1 1 1 1 5 3 4 4 4 17 10 23 19 10 16 15 25 31 58 58 42 70 36 52 24 40 23 16 15 26 25 44 29 27 10 12 9 9 10 16 12 13 20 44 48 48 14 22 26 16 19 46 11 36 56 60 40 45 21 51 61 36 21 22 73 80 40 17 50 30 7 6 10 41 27 23 21 7 6 6 20
1 0 0 1 2 2 0 1 1 1 0 1 3 1 1 1 1 1 1 4 11 8 10 6 19 6 13 27 13 9 33 55 58 20 10 72 62 29 30 30 39 48 25 13 9 22 16 6 7 6 14 8 9 10 10 11 6 11 22 17 17 20 12 13 15 35 50 7 31 21 47 57 43 16 14 41 39 51 25 46 80 53 40 16 26 10 3 8 38 43 8 26 12 5 7 13
2 0 0 1 3 2 1 3 7 2 5 2 2 13 7 4 3 3 3 18 10 16 13 9 20 17 10 32 35 20 15 15 7 6 7 20 34 41 19 35 34 47 37 33 20 5 3 2 1 1 5 4 2 3 7 3 3 4 5 12 24 20 13 20 43 38 27 13 24 24 24 42 33 32 21 57 56 37 30 15 50 52 29 44 15 8 5 5 5 20 6 12 9 3 3 5
3 2 0 1 4 3 2 1 11 4 1 5 7 10 12 13 30 6 8 8 19 24 44 23 15 18 38 27 53 31 15 10 20 20 12 2 8 37 35 14 26 46 55 54 32 21 14 9 6 6 2 2 1 1 1 1 1 1 7 17 33 21 28 33 18 41 21 26 31 26 19 27 45 48 12 42 48 30 32 19 33 45 19 8 25 12 5 5 3 6 7 6 9 4 2 2
11 5 2 2 6 2 4 1 4 7 6 6 14 20 26 14 29 34 10 11 40 70 72 80 70 62 61 41 60 45 68 68 70 42 18 16 18 14 11 23 45 33 40 46 51 45 37 23 18 14 7 6 6 5 4 4 4 4 15 29 27 25 19 20 18 35 35 45 16 39 16 12 39 27 13 29 26 13 17 14 14 18 38 7 8 4 5 2 2 3 3 5 2 2 1 1
9 5 8 9 9 2 4 3 9 14 12 8 9 37 47 34 35 72 51 69 74 75 80 82 72 78 74 70 75 80 54 24 43 51 43 21 27 22 9 8 31 38 43 58 48 46 44 32 29 23 16 16 15 13 7 12 7 8 16 16 23 16 10 11 10 43 25 40 31 34 10 14 19 23 13 25 22 30 8 12 11 4 14 8 4 8 2 2 0 1 3 2 2 1 1 1
6 11 9 7 11 11 14 9 13 25 24 41 34 42 59 82 76 64 74 34 41 48 63 77 74 69 80 79 80 80 23 15 14 15 30 33 42 23 31 22 23 48 52 45 44 42 33 58 47 30 23 23 20 19 15 15 16 4 9 11 13 8 10 19 34 50 43 22 30 13 14 7 15 15 14 8 8 11 16 7 12 6 9 6 2 7 3 2 0 1 2 2 1 2 1 0
10 23 12 7 16 12 15 14 22 44 59 73 83 84 89 87 77 77 81 65 35 18 47 66 48 44 35 61 64 59 40 9 8 6 8 14 25 22 26 31 13 25 32 33 19 18 10 23 29 28 38 39 25 22 21 30 19 5 7 7 5 12 27 34 41 31 17 17 12 22 17 23 10 9 9 7 6 7 10 7 6 5 4 2 3 2 2 2 1 0 1 1 1 1 0 0
11 24 9 11 34 31 27 45 62 77 86 83 84 86 82 90 76 76 90 43 72 33 20 41 29 18 22 24 25 26 49 31 21 4 7 4 13 10 11 26 23 20 39 15 20 17 8 15 16 9 9 8 8 13 14 6 23 12 8 6 8 14 29 32 32 22 10 21 30 16 17 10 9 6 5 3 3 3 4 4 4 3 1 2 1 1 1 0 1 0 0 0 0 0 0 0
6 31 28 26 38 55 68 77 72 86 80 89 75 87 81 84 60 67 86 74 36 41 22 12 11 9 4 4 13 14 20 62 29 9 10 7 25 49 47 31 30 19 17 8 7 11 11 4 3 4 5 14 24 23 12 12 26 15 22 7 12 16 25 17 28 11 6 12 24 21 13 8 4 6 4 2 1 0 1 1 2 1 1 1 0 1 0 0 0 0 0 0 1 1 1 1
24 43 59 59 77 87 81 84 82 83 78 90 77 78 60 76 60 74 73 77 24 47 46 19 13 3 3 1 4 7 7 14 20 10 11 15 8 17 17 19 14 13 14 22 21 12 13 6 9 10 30 49 45 28 44 8 30 27 6 2 3 10 8 19 12 12 6 4 5 7 6 6 3 1 1 1 2 1 2 3 2 2 2 2 3 3 2 2 2 2 1 1 4 2 1 3
55 69 74 82 81 79 84 81 82 73 89 69 43 60 54 55 61 63 65 71 34 20 28 17 14 9 4 5 12 13 14 25 18 7 21 17 22 22 34 22 38 24 34 35 37 34 24 20 16 19 31 60 65 63 58 28 35 28 14 17 9 2 2 2 3 3 5 3 2 2 2 2 2 4 7 6 10 6 9 4 5 8 3 6 4 13 6 2 4 4 2 2 4 3 2 5
75 82 83 72 82 81 86 73 74 56 71 19 31 24 32 46 47 36 36 59 34 14 6 5 9 12 13 11 16 6 40 43 40 28 37 39 36 30 34 34 36 38 38 37 51 36 43 25 13 46 45 47 62 48 38 32 58 35 28 44 30 17 17 16 14 14 24 13 10 8 9 9 15 15 15 9 16 13 14 13 12 11 10 10 18 11 7 6 5 3 4 3 6 3 9 9
18 26 56 52 71 67 78 73 38 8 4 5 14 10 8 10 12 20 39 54 33 9 12 19 10 11 37 25 39 29 40 41 41 37 36 59 48 25 47 42 40 53 51 50 39 37 43 31 25 37 49 46 59 69 52 54 42 34 41 43 35 37 35 36 36 29 39 26 22 10 20 20 19 19 29 19 20 30 18 26 24 15 17 16 33 12 10 9 8 7 6 5 11 13 14 20
23 15 10 10 7 8 25 27 26 10 6 9 15 15 6 3 2 5 21 26 16 9 38 11 27 39 48 38 52 37 35 31 51 45 28 45 44 27 40 48 40 57 38 36 36 41 57 42 28 31 52 50 30 76 55 69 39 43 51 41 53 40 36 35 35 23 46 28 16 24 24 23 34 23 33 23 23 36 33 33 22 21 32 24 25 16 13 12 10 10 10 10 29 21 16 15
41 56 45 20 19 15 4 10 14 6 11 14 11 6 2 4 1 10 8 14 24 43 50 24 45 39 47 44 35 16 6 18 37 36 28 42 26 32 42 51 55 35 39 35 34 57 46 31 44 41 55 64 42 78 73 38 67 60 55 37 48 40 55 51 37 41 34 32 29 18 27 39 41 27 39 39 29 43 27 36 27 40 38 47 28 16 8 19 16 15 22 25 32 13 33 18
49 35 33 22 12 10 11 10 21 24 25 26 17 5 6 13 14 17 23 35 63 61 61 39 40 31 31 40 40 35 20 16 35 29 44 28 24 34 31 46 20 17 41 46 38 71 43 47 57 35 65 39 72 73 44 56 74 60 37 52 39 53 52 39 26 41 39 34 20 33 53 58 50 32 44 49 48 53 32 30 35 46 45 35 24 13 12 28 24 14 37 41 39 16 9 43
25 36 44 33 34 19 35 27 36 39 41 49 36 25 21 31 19 28 42 49 61 46 23 40 54 34 18 27 40 38 28 17 26 35 18 45 28 55 39 28 31 21 46 32 30 76 55 53 43 34 46 73 69 54 48 43 60 71 41 55 54 64 52 30 54 50 52 38 19 39 52 74 60 43 50 57 58 44 36 26 43 70 59 48 39 16 33 56 38 16 31 59 56 24 13 44
50 59 29 31 20 32 44 33 32 50 46 48 41 38 41 36 38 45 49 50 57 43 39 48 36 24 25 41 30 38 22 32 19 14 41 44 49 33 38 26 27 15 47 15 13 52 54 56 32 42 52 37 71 20 15 12 33 59 32 62 71 56 50 69 56 53 35 16 25 57 64 81 69 51 55 70 78 52 51 29 53 77 52 37 32 25 49 66 45 25 20 70 79 50 27 41
28 40 24 45 31 43 43 43 42 39 55 52 39 39 62 30 36 48 44 43 55 49 29 49 33 34 40 33 34 44 20 35 20 21 20 45 18 29 21 37 28 27 35 20 43 40 69 50 20 38 53 47 49 28 24 16 22 33 25 67 73 64 65 71 31 50 20 19 28 62 75 77 74 58 64 74 84 44 57 29 58 85 60 31 27 34 57 73 53 34 27 63 74 62 23 46
22 34 58 37 23 32 43 31 28 34 59 42 34 50 34 33 22 42 51 32 30 41 46 44 30 30 24 22 22 68 23 41 21 24 27 44 36 27 18 26 18 32 27 22 39 30 47 24 27 18 31 66 52 37 23 25 54 25 29 60 53 58 82 45 56 48 31 34 47 51 75 76 77 47 56 76 62 41 65 35 48 76 64 53 33 38 63 76 57 44 32 49 70 48 37 51
13 13 35 15 12 10 29 23 16 25 27 29 23 36 31 27 30 30 40 34 27 16 28 39 36 30 37 20 17 25 33 53 20 16 28 45 24 12 15 26 18 32 22 22 30 30 36 18 16 18 18 45 13 19 28 25 44 19 38 48 39 64 33 48 73 38 35 40 58 50 64 84 62 37 59 77 64 46 68 44 52 74 50 46 47 35 38 75 75 46 31 52 71 49 35 53
3 8 5 6 8 9 20 25 11 25 24 32 33 22 21 32 24 24 27 34 17 14 14 35 34 24 36 11 18 32 24 33 11 15 24 18 14 23 16 32 39 14 18 35 30 14 10 42 14 10 10 22 6 12 16 39 35 52 42 24 21 16 38 70 32 42 56 32 44 50 47 73 36 32 52 72 45 48 61 29 63 67 44 48 50 54 25 36 78 44 36 46 71 60 50 43
2 2 3 3 9 3 6 6 10 17 14 27 21 18 20 22 19 16 16 23 23 11 31 22 30 25 21 20 4 14 29 38 3 8 11 32 10 5 10 12 39 15 12 8 9 14 14 3 10 16 12 29 20 10 19 23 56 41 31 55 39 21 53 30 52 62 28 32 36 54 28 67 23 29 39 64 35 62 61 29 47 48 35 62 64 61 36 35 74 54 34 50 58 40 50 38
1 1 3 4 5 2 7 6 8 12 14 29 16 10 12 17 20 29 15 6 8 6 37 5 14 22 18 13 5 12 11 10 2 2 16 3 2 2 16 4 27 11 14 8 12 13 11 35 51 63 57 35 44 35 21 35 44 29 31 36 26 31 43 20 56 27 32 32 37 58 24 47 28 47 20 39 28 55 38 28 57 31 34 47 66 33 44 27 51 41 46 36 68 71 73 61
1 1 3 1 1 8 1 2 5 8 14 16 8 16 5 19 5 18 13 6 4 11 15 13 12 15 14 17 3 3 2 6 8 12 4 3 7 9 14 9 11 13 19 34 14 58 28 72 41 49 31 30 47 61 71 51 46 14 21 41 28 32 10 15 38 25 26 31 41 49 54 44 47 36 26 61 24 58 24 24 66 24 61 55 67 40 52 40 40 62 55 69 70 74 79 89
0 1 0 0 1 2 7 2 4 3 2 4 3 7 5 10 6 14 12 14 9 11 10 18 4 5 8 6 8 10 2 1 4 5 30 34 22 24 46 64 41 42 40 69 42 30 61 69 25 57 38 30 42 65 62 44 55 55 43 68 48 61 60 29 37 41 48 43 33 42 59 54 48 75 78 75 77 88 81 59 64 71 74 70 33 85 85 72 66 34 54 42 53 78 58 66
0 0 1 1 4 16 2 2 1 0 0 1 2 8 8 8 7 14 7 7 9 9 8 17 9 5 3 2 2 2 2 4 4 1 3 27 41 8 16 53 53 54 33 70 81 32 34 48 62 51 64 16 25 68 72 36 79 70 84 79 37 62 45 50 42 58 45 68 68 15 24 65 68 28 60 79 50 74 55 81 45 69 81 69 46 82 74 63 87 80 64 37 52 66 47 34
0 0 1 0 0 1 0 0 0 1 2 2 8 6 3 7 3 9 4 4 8 5 9 11 6 4 2 2 5 9 4 1 2 2 2 6 11 5 7 28 44 20 61 79 62 21 39 25 45 45 62 25 30 57 54 71 59 48 69 79 45 13 29 65 63 71 65 57 61 64 19 60 79 35 60 82 28 21 35 85 79 52 45 58 67 74 71 79 88 78 49 69 33 28 62 71
0 0 0 0 0 1 1 0 0 1 2 3 2 4 2 5 4 5 3 3 2 5 7 3 5 6 1 1 2 4 3 1 5 2 3 2 4 30 13 41 21 45 33 36 77 53 29 17 39 41 49 54 25 66 68 88 46 73 89 87 72 15 48 55 59 82 73 78 53 78 40 30 70 38 63 82 48 39 26 71 61 69 17 18 31 70 78 72 81 67 29 73 49 36 52 62
0 0 0 0 0 0 1 1 1 1 1 3 2 1 3 7 3 4 2 2 4 4 2 2 3 2 0 1 1 3 3 3 2 2 3 7 5 10 36 70 36 58 33 60 58 69 36 35 54 51 82 84 47 67 86 92 62 85 90 81 73 39 73 78 58 51 42 34 60 84 45 28 53 28 65 71 87 42 52 84 63 75 68 28 25 46 67 62 60 44 65 88 50 32 19 20
0 0 0 0 1 0 0 1 0 0 1 1 1 1 2 5 6 3 2 3 1 2 1 1 2 3 1 2 6 6 11 6 5 9 15 19 13 19 57 45 53 27 20 68 71 44 27 23 38 54 75 69 69 48 76 91 66 71 82 77 83 75 77 87 41 48 56 36 61 77 73 47 14 33 78 77 81 73 41 86 42 65 77 49 29 25 57 46 49 23 76 87 68 47 47 18
2 0 0 0 0 0 0 0 0 1 2 1 0 1 1 2 2 1 1 1 2 1 1 1 1 2 3 10 28 4 5 4 23 19 19 20 8 24 40 40 67 34 56 31 84 36 41 34 20 39 70 64 46 24 27 63 69 78 84 82 91 77 80 79 77 53 59 45 51 61 83 61 31 29 64 77 83 82 59 72 66 61 66 79 47 28 18 21 19 35 74 54 78 51 45 25
0 0 1 0 0 0 0 0 0 0 1 1 0 0 2 1 1 1 1 1 3 1 1 2 0 1 1 1 8 3 3 19 12 13 37 23 13 8 3 19 21 14 5 5 28 31 69 56 22 14 37 17 28 15 12 21 22 59 65 63 71 75 68 65 88 52 52 43 15 69 92 47 31 27 69 60 60 67 39 51 53 24 68 80 67 42 11 13 15 25 16 39 81 49 31 35
0 0 1 1 4 0 0 0 0 0 1 0 0 0 1 0 0 1 1 0 3 1 1 2 7 16 4 3 4 4 7 9 25 34 28 20 19 27 11 6 11 28 13 6 12 19 29 41 41 14 18 14 29 16 19 36 27 16 26 47 46 22 33 67 91 73 41 44 53 76 88 57 24 14 28 41 63 48 59 64 53 16 50 67 80 32 20 10 33 40 22 41 89 63 57 55
0 1 0 2 2 3 1 0 2 0 1 0 0 0 0 0 0 0 0 2 0 6 2 2 14 23 11 2 3 11 13 9 20 30 13 7 27 32 11 10 12 38 23 13 21 19 21 17 18 9 17 41 48 44 37 36 25 20 17 12 4 2 13 77 80 78 55 28 33 71 81 76 65 27 16 40 54 40 42 29 51 37 24 70 74 60 24 14 36 29 50 80 82 83 66 58
1 2 3 1 1 3 7 0 0 0 1 6 1 0 1 0 0 1 0 0 0 1 1 1 7 15 6 16 19 28 11 9 33 16 26 29 22 36 19 27 20 34 35 21 11 35 21 26 19 7 16 53 63 68 64 56 42 37 33 29 33 28 30 51 53 65 55 22 11 43 43 77 78 37 18 44 54 39 23 38 65 32 22 20 73 76 25 11 39 51 49 72 48 78 47 26
0 0 0 2 3 3 1 0 1 1 5 9 7 2 3 3 0 0 0 0 0 0 1 1 2 4 8 17 24 14 9 13 9 5 34 36 12 16 25 45 31 38 31 24 8 15 48 37 25 16 14 35 74 74 73 72 60 59 51 51 75 77 80 70 58 56 46 29 12 8 35 48 80 62 56 19 38 46 24 5 17 26 29 41 61 76 41 19 10 29 33 29 73 75 87 54
0 0 0 2 8 8 28 2 4 1 2 1 6 9 4 2 2 0 0 0 0 1 1 1 4 2 6 9 8 7 4 18 34 23 40 26 23 34 53 28 47 43 24 30 37 37 48 49 35 26 14 20 42 68 66 75 74 72 51 41 32 47 56 60 70 67 70 59 37 3 11 45 53 63 55 46 29 14 18 16 44 31 14 24 21 61 61 17 7 16 23 29 24 66 56 69
6 3 1 1 1 9 3 1 1 10 2 3 1 2 1 1 3 0 0 0 0 0 1 5 11 2 6 14 12 18 20 48 30 18 23 32 21 24 17 8 15 51 63 41 61 47 39 38 38 39 34 16 11 15 50 51 46 64 66 58 54 48 34 38 41 59 66 66 63 53 35 58 51 69 39 37 28 18 26 18 15 15 9 31 24 60 67 14 5 21 30 21 23 23 56 70
7 9 6 2 1 7 20 11 2 3 3 2 0 1 1 1 1 2 0 1 1 2 1 6 5 6 2 4 4 5 3 7 8 21 19 19 23 25 31 30 19 7 20 65 66 76 66 50 45 23 32 31 22 11 18 30 24 19 32 38 41 56 56 42 22 26 50 59 61 46 52 72 50 72 57 39 34 35 19 10 11 21 9 14 26 17 51 23 5 11 24 27 11 9 51 69
2 2 37 11 3 10 4 25 15 8 10 1 0 4 2 5 3 3 2 2 0 2 3 3 4 4 5 22 12 7 10 23 14 18 24 40 40 45 41 45 48 39 21 13 12 58 66 61 41 28 22 31 21 11 4 4 4 5 4 5 9 23 20 28 30 14 14 23 25 22 48 47 47 44 39 42 46 40 22 25 21 17 8 9 32 41 25 31 8 3 14 23 14 33 74 27
2 2 11 4 4 4 1 0 31 46 44 34 2 5 2 1 1 6 2 2 1 1 2 2 8 3 9 13 8 10 22 28 14 19 27 36 34 44 40 43 46 40 55 48 46 28 14 10 34 36 42 14 11 7 10 18 17 17 16 13 12 4 3 4 5 4 3 3 3 11 19 31 27 24 19 13 13 31 26 21 14 8 20 16 17 26 22 36 20 4 3 15 40 71 37 68
5 4 8 39 17 4 4 2 2 52 5 5 7 4 5 5 4 0 2 3 0 0 0 3 4 4 3 3 3 4 4 6 14 18 21 26 44 53 37 50 54 59 54 54 56 42 36 33 21 12 10 6 8 22 26 38 37 36 33 39 14 4 4 13 13 23 10 11 3 2 5 13 10 7 7 7 8 12 18 31 24 7 6 7 7 9 16 27 34 7 3 14 72 38 37 46
8 6 10 20 11 15 22 3 1 1 1 1 2 2 3 27 2 4 3 5 1 0 1 1 1 1 4 3 7 5 5 5 9 14 27 31 33 36 34 56 55 41 36 38 44 32 30 41 32 28 31 32 34 47 45 43 56 57 54 43 20 13 15 28 26 17 21 8 3 3 3 1 1 1 1 1 4 3 1 3 6 3 3 2 2 3 9 17 15 8 3 43 39 18 55 44
19 11 6 2 19 16 55 26 19 16 8 4 2 2 14 6 30 19 6 5 15 8 5 1 0 1 2 3 2 3 3 11 18 8 3 11 37 39 23 22 35 45 33 25 35 27 37 40 45 39 46 30 33 48 59 61 60 62 67 53 29 27 40 37 44 43 43 28 11 8 2 1 1 1 2 5 13 7 4 4 2 2 1 1 1 2 3 6 17 16 5 53 9 6 39 51
19 18 16 26 15 23 15 10 10 44 11 23 4 7 14 27 50 28 9 10 17 3 3 4 3 2 3 1 2 2 11 2 3 4 9 12 30 52 46 54 49 38 49 38 46 38 42 44 48 29 58 49 47 41 58 62 78 76 72 54 26 48 45 59 57 71 58 44 28 12 9 9 9 12 15 23 30 19 11 10 15 16 7 3 3 2 1 1 4 20 11 37 6 7 40 65
22 22 6 5 24 17 51 37 19 18 32 47 22 10 20 58 56 25 9 25 3 16 2 3 2 1 0 6 1 3 2 1 1 10 7 12 17 31 43 44 49 32 34 37 40 43 47 61 51 39 47 62 45 48 64 73 79 70 55 44 42 53 63 64 63 78 68 50 37 18 25 28 27 33 34 34 46 31 27 28 26 21 12 16 14 5 4 1 2 7 6 7 7 4 13 28
20 28 20 6 40 40 51 39 70 45 31 12 7 42 50 40 35 18 14 51 6 26 3 4 3 2 2 6 9 1 1 2 3 9 10 17 22 46 28 47 51 39 19 41 39 39 49 67 56 32 34 62 57 48 62 78 75 60 44 33 36 66 64 66 80 76 62 52 26 21 34 33 35 47 46 61 59 58 38 40 51 36 33 39 24 17 7 1 1 4 4 8 6 2 6 13
21 6 22 8 4 49 27 18 34 57 44 34 6 28 64 35 5 11 35 52 6 39 5 4 15 11 2 7 11 19 4 1 3 3 12 9 6 9 17 16 40 27 38 36 40 24 59 40 61 29 65 53 52 42 70 83 61 55 37 48 49 62 59 73 80 72 63 59 30 46 59 58 37 57 68 65 66 56 47 54 64 55 45 47 16 9 3 2 1 1 1 4 4 1 3 2
17 17 11 22 6 13 51 65 65 42 20 24 9 16 43 54 18 32 72 43 14 44 8 5 4 10 5 15 12 3 13 23 4 4 5 9 3 8 6 18 26 21 24 39 32 29 33 41 23 30 78 28 49 40 76 52 48 55 34 43 43 56 69 79 63 72 59 44 37 53 64 64 41 65 62 72 75 62 53 59 75 59 56 28 10 10 8 9 6 2 0 0 2 1 1 1
29 16 22 15 20 19 29 45 37 53 55 27 57 13 6 4 39 84 74 37 36 21 18 21 24 9 4 11 18 15 11 2 5 2 4 1 2 5 6 25 11 23 25 28 16 19 20 27 35 45 21 18 46 63 36 53 42 30 34 34 32 51 80 65 67 52 37 41 56 68 66 66 57 67 48 55 66 44 56 62 76 42 24 21 24 26 33 17 8 3 1 0 0 1 1 1
30 27 22 20 52 30 59 79 45 36 34 52 59 62 7 2 13 17 16 6 20 39 28 11 7 11 9 12 9 7 2 0 3 5 0 2 3 4 10 8 8 7 24 5 8 6 9 30 6 8 12 18 27 46 34 33 17 24 43 44 36 71 65 66 59 62 43 40 51 68 64 51 54 67 49 28 76 56 60 77 46 44 36 39 62 60 34 14 10 7 2 2 1 0 0 0
