sesion_6_simulaciones/modelos_agentes/ejemplos_netlogo/scenarios/echam4_a2/rob_2069.asc
NCOLS 322 
NROWS 307 
XLLCORNER 451900 
YLLCORNER 4086900 
CELLSIZE 100 
NODATA_value -9999 
[rows 0 to 73 of 307, columns 96 to 191 of 322]
1 0 0 0 1 0 0 0 0 0 0 0 1 2 3 1 2 1 1 0 1 1 1 2 0 0 0 0 1 1 0 0 1 1 0 0 0 1 1 0 0 4 18 25 33 30 31 30 55 26 19 21 9 3 6 8 6 1 3 2 3 1 1 1 3 6 8 1 1 6 12 6 6 9 8 6 8 12 6 44 33 20 33 37 47 33 36 38 45 58 34 22 16 5 12 25
0 0 0 0 0 0 0 0 0 0 0 0 1 3 1 1 0 0 0 1 1 0 0 0 1 0 0 0 0 2 1 0 0 0 0 0 0 1 1 2 3 6 7 6 58 70 59 49 77 45 44 25 5 6 20 2 1 1 1 1 0 1 1 0 1 1 1 6 6 6 3 12 20 10 19 27 36 14 15 21 21 19 32 40 47 32 32 42 45 35 41 29 36 15 22 26
0 0 0 0 0 0 0 0 0 0 0 0 1 1 0 0 1 1 1 1 2 0 0 0 0 0 0 0 1 1 1 1 0 1 2 1 2 2 3 5 8 15 10 15 4 1 5 19 75 52 50 49 9 29 15 11 6 3 1 2 1 8 23 14 28 7 5 10 3 5 4 5 10 12 17 35 50 53 27 17 20 19 31 33 45 33 39 50 30 29 37 26 34 33 20 23
0 0 0 0 0 0 0 0 0 0 0 0 0 0 1 1 1 2 2 2 1 0 1 1 0 0 0 0 0 0 1 1 1 2 2 1 5 5 13 26 39 46 25 6 3 4 1 3 12 4 9 7 3 8 17 2 16 1 1 3 3 11 34 33 41 37 32 6 11 8 9 12 8 9 18 21 32 12 10 16 26 27 40 39 43 31 30 36 25 24 37 34 22 31 15 38
0 0 0 0 0 0 0 0 0 0 0 0 0 0 1 1 1 4 1 1 1 1 1 1 1 0 0 0 0 1 2 2 0 2 4 5 9 17 41 57 63 51 34 12 6 2 4 9 5 3 7 6 1 20 3 6 9 4 1 1 15 30 23 42 21 8 39 14 20 25 11 9 6 7 19 12 18 16 19 23 24 22 64 40 27 31 29 42 27 33 33 46 17 30 41 42
0 0 0 0 0 0 0 0 0 1 0 0 0 0 0 0 1 1 1 1 0 0 1 1 1 0 1 0 0 0 1 2 2 1 7 15 23 41 62 45 61 60 52 21 6 11 5 7 8 6 8 20 2 5 4 10 3 3 2 4 19 23 5 2 3 11 17 3 5 7 2 9 41 26 14 8 12 12 11 24 17 24 29 29 37 26 25 43 38 27 36 26 31 42 54 20
0 0 0 0 0 0 0 0 0 1 0 0 0 0 0 1 0 1 2 1 2 1 1 1 1 1 1 0 0 0 0 2 3 3 8 42 51 55 57 59 63 59 25 11 13 30 14 22 15 13 10 22 10 8 11 6 2 5 8 3 2 3 2 4 2 3 15 31 16 15 3 13 6 2 29 16 14 19 8 18 16 12 15 12 27 28 22 37 34 15 33 28 30 28 16 15
0 0 0 0 0 0 0 0 0 0 2 2 2 0 0 0 0 0 0 1 2 7 1 3 3 1 1 0 0 0 1 1 4 15 11 40 38 57 60 51 47 14 19 16 40 27 21 43 23 20 9 13 22 23 10 10 9 29 37 37 14 5 1 1 5 2 11 7 19 9 9 5 2 5 3 15 27 51 37 9 17 24 13 20 46 26 26 35 43 48 21 17 6 12 13 11
0 0 0 0 0 0 0 0 0 0 0 2 3 9 2 2 0 0 0 1 1 1 1 1 1 0 0 0 0 1 2 2 8 32 46 16 12 17 15 14 27 13 11 22 54 37 17 24 29 17 13 10 60 20 14 22 14 22 4 11 40 20 7 1 7 4 3 4 1 4 14 10 3 4 15 5 8 12 16 40 41 64 28 34 12 9 19 58 21 39 21 57 38 20 13 19
0 0 0 0 0 0 0 0 0 0 0 0 0 0 0 0 0 0 0 0 0 0 1 0 1 1 0 0 1 1 2 14 14 14 30 24 24 24 12 13 8 6 13 27 59 29 11 11 19 23 19 9 17 74 51 45 5 11 4 25 14 20 3 5 1 3 2 1 5 7 7 10 12 10 15 28 7 14 47 55 20 48 32 21 9 13 9 22 23 35 15 37 71 55 16 12
0 0 0 0 0 0 0 0 0 0 0 0 0 0 0 0 0 0 0 0 0 0 0 0 1 0 0 1 1 3 11 18 53 35 18 19 25 40 37 24 14 6 6 8 32 10 12 16 22 15 25 10 20 24 72 50 13 7 10 21 8 9 4 1 3 5 5 2 8 20 17 19 13 8 22 33 19 7 10 43 24 25 36 47 16 18 12 16 51 37 34 33 66 74 46 19
0 0 0 0 0 0 0 0 0 0 0 0 0 0 0 0 0 1 1 0 2 1 0 0 1 1 0 1 1 18 26 25 29 27 20 15 20 45 34 27 15 7 10 16 19 8 11 30 14 17 39 13 22 38 18 35 16 12 19 15 5 5 12 9 4 3 11 11 22 52 54 59 9 19 33 35 22 13 11 46 21 3 27 55 16 23 21 20 42 24 21 25 51 56 57 43
0 0 0 0 0 0 0 0 0 0 0 0 0 0 0 1 1 0 1 1 4 4 0 0 0 0 0 1 4 12 34 20 22 21 24 42 41 14 20 38 15 6 7 29 22 9 18 18 22 31 46 35 32 54 32 26 26 20 29 7 6 8 13 10 5 4 4 11 26 16 40 30 24 14 14 41 12 12 4 11 27 3 35 66 19 22 36 20 14 48 29 12 20 33 58 68
0 0 0 0 0 0 0 0 0 0 0 0 0 0 0 0 1 0 3 1 1 0 2 1 1 0 1 6 9 10 16 19 15 7 9 10 10 7 7 12 15 3 2 2 9 7 15 16 44 58 65 61 42 47 27 41 37 28 21 23 6 4 16 15 11 11 5 6 8 4 2 2 17 20 16 18 12 21 11 7 3 5 18 51 55 23 30 33 20 20 41 19 33 51 79 59
0 0 0 0 0 0 0 0 0 0 0 0 0 0 0 0 0 0 3 1 1 2 3 1 1 1 1 2 10 15 8 5 5 7 12 10 10 9 5 2 11 2 8 5 2 3 16 31 37 68 68 64 49 58 38 59 53 37 34 38 5 20 28 24 12 8 3 6 3 2 2 15 38 27 29 36 28 20 9 11 19 6 19 49 64 24 11 15 19 16 11 12 28 43 50 46
0 0 0 0 0 0 0 0 0 0 0 0 0 0 0 0 0 1 0 0 0 1 0 4 1 2 1 2 3 2 3 10 14 16 11 16 32 34 16 3 4 4 2 6 3 3 3 23 34 40 50 39 40 39 50 33 43 32 43 36 5 18 4 23 39 20 5 6 9 1 6 31 35 36 12 7 13 21 29 24 20 17 19 46 70 85 51 34 18 14 15 9 32 68 55 35
0 0 0 0 0 0 0 0 0 0 0 0 0 0 0 0 0 1 0 1 0 0 0 1 4 2 3 5 18 15 9 5 7 12 13 26 40 46 34 3 8 7 3 5 14 15 17 4 19 31 21 21 14 17 30 46 46 44 49 43 11 22 14 16 25 7 5 6 5 5 6 30 21 30 7 6 11 11 40 23 23 24 28 38 71 85 83 28 20 19 18 14 35 61 63 62
0 0 0 0 0 0 0 0 0 0 0 0 0 0 0 0 0 0 0 0 0 0 1 1 2 2 1 2 3 3 7 7 11 7 26 52 31 40 34 16 24 26 19 20 32 31 37 21 7 3 3 5 4 2 10 55 80 88 57 20 44 21 19 12 22 12 6 13 4 4 31 33 31 26 7 22 37 18 30 29 18 17 13 8 59 64 63 59 39 24 24 18 22 44 50 23
0 0 0 0 0 0 0 0 0 0 0 0 0 0 0 0 0 0 0 0 0 0 0 1 3 5 2 2 2 5 8 12 8 19 24 32 11 15 18 42 31 39 46 56 50 33 43 38 20 15 11 12 14 2 3 15 80 84 56 30 26 32 14 10 16 4 6 7 2 24 46 47 38 51 13 15 34 35 38 70 37 25 14 9 21 47 55 52 56 33 28 29 15 32 72 22
0 0 0 0 0 0 0 0 0 0 0 0 0 0 0 0 0 0 0 0 0 0 1 0 2 2 1 2 4 4 5 22 14 14 15 9 19 22 20 29 54 58 51 28 34 19 33 42 25 21 21 6 11 5 11 8 27 40 51 49 32 16 13 26 21 3 6 25 49 35 59 76 27 72 27 8 31 63 37 67 57 44 35 16 18 56 74 60 67 46 40 26 12 22 63 50
0 0 0 0 0 0 0 0 0 0 0 0 0 0 0 0 0 0 0 0 0 0 0 0 1 2 2 1 1 3 2 3 7 11 20 11 10 22 13 45 27 27 51 40 24 23 27 41 39 19 30 23 8 14 22 16 22 48 61 50 15 14 49 40 18 4 23 24 35 44 35 39 20 27 52 36 23 20 26 68 28 26 49 35 30 15 62 42 69 36 45 27 19 18 28 49
0 0 0 0 0 0 0 0 0 0 0 0 0 0 0 0 0 0 0 0 0 0 0 0 2 1 3 3 1 3 3 5 8 30 25 16 49 15 30 12 30 19 18 18 38 40 69 55 55 24 26 21 20 22 34 26 26 43 64 60 57 14 21 21 11 13 40 7 26 44 56 29 40 16 49 60 32 19 29 78 84 47 22 63 49 18 14 26 67 55 47 45 23 20 22 50
0 0 0 0 0 0 0 0 0 0 0 0 0 0 0 0 0 0 0 0 1 1 1 1 2 1 2 5 2 2 9 27 30 6 3 53 36 12 13 16 25 41 27 19 18 48 41 18 24 19 38 23 24 27 26 29 17 29 50 33 27 21 12 10 12 31 42 4 21 15 39 53 48 16 16 43 43 55 27 60 86 63 58 28 49 25 9 24 67 74 25 57 37 20 26 45
0 0 0 0 0 0 0 0 0 0 0 0 0 1 0 0 0 0 0 2 1 2 2 1 3 3 2 7 9 5 4 4 2 2 2 7 17 20 8 18 21 38 36 40 36 14 11 7 5 4 16 14 9 12 21 12 14 15 17 28 34 23 13 17 44 32 19 9 19 20 19 44 37 34 28 64 65 44 41 24 65 68 49 69 32 22 16 18 18 54 20 37 34 17 14 21
0 0 0 0 0 0 0 0 1 0 0 0 0 1 1 1 3 0 1 1 3 4 10 4 3 4 12 7 19 9 4 3 6 6 4 1 3 24 20 6 14 33 47 56 41 37 30 23 18 17 8 7 4 2 3 3 3 5 23 32 43 23 29 31 17 38 17 22 33 26 18 33 51 56 16 58 66 45 48 33 52 68 38 21 54 34 18 18 15 24 25 27 39 18 10 10
1 0 0 0 0 0 0 0 0 0 0 0 1 2 3 1 3 5 1 1 9 27 34 50 38 33 31 16 30 19 47 52 47 21 7 6 7 6 5 12 26 21 29 39 50 53 52 40 36 34 18 18 18 17 16 16 15 13 39 45 38 30 21 21 17 38 32 43 15 42 19 16 47 35 19 44 46 24 30 29 30 42 69 21 23 15 20 8 9 17 12 21 10 10 6 8
1 0 1 1 1 0 0 0 1 1 1 1 1 4 7 5 5 26 12 28 42 47 53 61 49 60 55 49 55 63 40 11 25 34 24 9 12 10 4 5 18 24 29 47 42 45 53 42 43 40 33 31 33 33 18 29 19 22 35 27 31 20 11 13 11 41 26 42 38 43 12 18 28 34 25 43 41 53 19 28 29 14 37 25 14 29 13 10 2 7 13 10 12 8 8 7
1 1 1 1 1 1 1 1 1 2 3 7 4 7 14 41 35 26 40 11 17 21 38 55 58 49 82 68 68 67 12 8 7 8 18 17 22 11 17 12 15 34 40 36 47 45 37 60 51 41 35 36 34 33 31 33 32 10 20 19 20 13 13 21 37 59 55 30 35 18 25 13 27 31 30 21 19 33 38 21 32 19 29 25 8 25 13 9 3 5 13 11 9 11 6 3
1 2 1 1 1 1 1 1 2 7 15 26 46 49 64 67 48 56 55 36 15 7 25 44 30 27 20 44 50 45 23 4 4 2 4 7 12 11 15 18 7 17 26 30 16 17 11 29 40 35 48 46 34 33 31 47 36 13 13 12 8 18 31 40 49 40 22 25 17 34 29 39 22 21 24 19 19 21 35 23 20 18 17 12 14 12 13 9 7 3 7 4 4 7 3 2
1 3 1 1 4 3 4 8 15 34 60 52 68 73 64 84 55 58 78 23 56 17 10 25 15 10 15 17 15 15 38 17 9 2 4 2 7 5 6 17 15 17 35 14 19 18 11 27 22 14 13 12 11 22 22 11 36 22 15 11 14 19 36 39 44 35 16 36 48 29 35 25 21 18 15 10 13 12 17 18 16 15 6 11 7 3 4 3 4 2 2 1 1 1 1 2
1 4 4 3 5 11 21 34 34 65 60 79 64 78 70 71 37 50 75 57 21 22 11 6 6 5 2 2 8 9 11 55 17 4 5 4 17 44 44 31 27 17 15 9 12 15 15 6 5 8 9 19 29 29 17 17 34 20 30 10 17 23 38 26 41 20 14 28 46 42 28 21 11 19 14 7 4 2 5 7 10 6 4 3 2 3 2 2 1 1 1 1 8 5 5 7
4 8 16 16 33 59 48 56 67 69 61 85 61 68 45 62 41 64 59 64 12 30 29 10 7 2 2 1 3 4 4 8 11 5 5 9 4 10 11 14 10 10 12 20 22 14 17 8 14 16 39 54 45 29 50 11 39 34 9 4 4 15 13 30 24 27 16 10 14 20 16 17 8 3 3 4 6 4 10 14 9 12 8 12 15 15 12 10 10 14 4 5 22 13 8 17
19 31 38 57 55 54 60 68 74 61 86 54 26 46 38 43 49 51 51 60 23 12 19 9 8 5 2 3 7 8 8 15 9 3 10 8 11 11 20 13 25 15 26 27 34 33 26 24 20 24 34 60 60 59 60 28 43 34 18 24 13 3 4 5 7 6 11 7 6 7 8 7 7 12 20 19 30 19 29 17 20 27 16 24 18 41 25 12 20 18 9 11 20 17 12 24
45 67 68 53 68 66 77 58 62 42 70 12 21 16 26 39 41 30 26 48 25 9 4 3 5 7 7 6 9 3 29 26 22 14 18 20 18 16 18 19 21 23 26 25 41 29 41 28 16 49 40 41 50 37 30 25 59 31 27 45 36 24 23 25 25 24 40 28 22 21 22 22 33 34 33 21 35 34 34 34 32 33 30 30 46 35 29 22 22 14 21 15 26 16 33 32
6 10 39 39 58 50 69 57 23 4 2 3 9 6 6 8 10 20 34 49 23 6 7 12 6 6 22 14 22 15 25 22 20 17 16 34 26 11 25 23 22 33 32 33 26 26 37 27 23 35 44 37 47 54 36 41 29 24 32 37 32 37 36 41 42 37 51 43 37 22 35 35 33 34 48 35 34 49 35 47 47 34 39 39 63 36 31 29 28 26 27 21 36 38 39 49
8 5 4 4 3 3 13 14 14 5 3 7 11 11 5 3 2 5 24 23 12 7 24 6 16 25 29 19 29 17 15 13 26 23 10 19 20 12 17 25 20 35 20 19 21 25 43 28 19 23 41 35 20 61 34 53 25 28 37 29 46 33 30 31 35 24 54 37 24 36 35 34 47 34 46 35 35 51 49 51 39 35 49 45 49 38 33 35 32 32 32 28 58 46 35 36
15 28 23 8 8 7 2 5 7 3 7 10 8 5 2 3 1 10 7 11 18 31 34 12 25 19 24 21 15 6 2 7 15 14 9 16 8 11 17 24 29 16 19 17 17 37 28 18 29 32 39 48 22 62 52 19 47 41 38 22 34 29 45 43 33 42 35 37 35 25 35 49 47 34 48 47 37 54 36 47 39 50 53 65 52 35 21 46 35 36 44 47 52 26 54 36
18 14 14 10 5 4 5 5 10 13 15 17 13 4 4 11 12 16 18 26 52 43 45 26 18 12 13 17 17 13 7 6 13 9 19 7 6 10 10 19 7 6 18 23 18 47 21 27 38 25 46 18 41 38 17 29 53 38 20 33 23 37 41 30 22 38 37 35 22 36 57 58 52 34 46 53 48 55 37 35 42 51 54 50 40 26 25 47 41 28 55 56 53 26 18 58
7 13 21 15 16 8 19 12 17 20 22 34 25 19 15 24 13 25 31 35 45 29 11 18 26 14 6 10 16 13 9 4 7 10 4 12 6 18 12 8 10 7 20 13 14 56 29 28 23 18 23 38 29 19 18 16 33 48 21 34 33 50 37 20 42 41 46 35 20 35 50 69 55 38 45 52 55 43 34 28 43 70 64 57 54 27 48 70 50 24 46 67 66 34 19 56
15 28 11 12 7 15 21 12 12 23 24 28 23 22 26 24 25 29 34 28 34 21 15 19 12 7 8 15 9 12 6 9 4 3 10 9 12 8 10 6 8 4 19 5 4 24 20 26 13 19 18 8 33 5 4 3 10 32 14 37 46 35 31 53 41 41 27 12 23 50 57 73 60 42 44 66 72 44 44 28 49 75 48 38 38 33 53 70 50 33 27 76 80 55 31 48
5 13 8 19 13 18 14 13 12 12 24 29 18 18 42 17 22 27 23 20 28 20 8 16 9 9 13 9 10 12 4 7 4 4 3 8 3 5 4 9 7 7 11 6 16 12 28 16 5 11 14 9 11 6 6 4 5 10 8 34 45 39 43 59 18 39 14 15 21 54 67 68 62 45 49 66 77 34 47 23 61 83 53 27 25 35 55 70 51 34 30 63 75 64 23 46
3 7 22 12 6 8 10 6 6 8 22 15 12 23 14 13 8 18 22 11 9 12 12 10 6 6 5 5 5 21 3 7 3 4 3 6 5 4 3 4 3 7 6 5 11 5 9 4 5 3 4 14 9 6 4 5 17 5 7 22 20 28 64 26 38 33 21 27 33 44 60 59 62 29 36 63 45 29 51 23 45 68 54 44 25 31 56 67 49 41 31 45 67 39 30 45
1 1 5 2 1 1 4 3 2 4 5 6 6 11 9 8 10 9 13 10 7 3 6 7 6 4 7 3 2 3 4 8 2 1 3 6 2 1 2 4 2 5 4 3 4 4 7 2 2 2 1 6 1 2 4 3 7 3 7 13 10 30 11 24 53 22 22 33 41 38 40 61 38 20 35 54 42 30 48 31 38 60 33 28 31 22 28 69 64 36 22 41 63 36 21 46
0 1 0 0 1 1 2 2 1 3 3 5 6 4 4 7 5 6 6 8 3 2 2 5 5 3 4 1 2 4 2 3 1 1 2 1 1 2 1 4 6 1 2 4 3 1 1 4 1 1 1 1 0 1 1 5 4 8 7 4 4 4 13 40 11 18 37 18 24 21 20 41 14 11 19 41 21 25 36 13 39 46 21 25 29 35 13 26 65 29 20 32 57 40 28 25
0 0 0 0 1 0 0 0 1 1 1 3 3 3 3 3 3 3 3 4 4 2 4 2 3 2 2 2 0 1 2 3 0 1 1 3 1 0 1 1 5 1 1 0 1 1 1 0 1 1 1 3 1 1 1 2 9 5 4 11 8 3 16 7 17 30 8 11 10 15 5 31 5 6 9 24 10 34 31 12 20 21 12 27 33 37 17 23 53 30 16 28 34 16 23 15
0 0 0 0 0 0 0 0 0 1 1 3 2 1 1 2 3 5 2 1 1 1 5 0 1 2 1 1 0 1 1 1 0 0 1 0 0 0 1 0 3 1 1 0 1 1 1 3 8 10 9 3 7 4 2 4 5 2 3 4 3 4 8 3 14 5 6 6 6 12 3 9 4 9 3 8 5 16 10 7 24 7 9 12 27 9 17 8 29 15 18 12 36 34 35 29
0 0 0 0 0 0 0 0 0 0 1 1 1 1 1 2 0 2 2 1 0 1 1 1 1 1 1 1 0 0 0 0 0 1 0 0 0 1 1 1 1 1 2 3 1 12 2 22 5 7 3 3 12 12 23 7 7 1 2 4 3 4 1 1 4 2 3 4 6 7 8 5 7 4 3 12 3 12 3 3 20 4 17 17 32 10 13 12 16 28 18 36 42 43 60 78
0 0 0 0 0 0 0 0 0 0 0 0 0 1 0 1 1 1 1 1 1 1 1 1 0 0 0 0 0 1 0 0 0 0 2 3 1 2 6 10 3 5 5 14 4 3 10 17 3 14 5 4 7 17 12 7 11 12 8 14 9 22 16 3 6 7 7 8 5 12 16 10 11 28 33 32 41 59 42 20 25 36 38 33 8 64 59 48 33 10 24 14 25 62 34 54
0 0 0 0 0 1 0 0 0 0 0 0 0 1 1 1 1 1 1 1 1 1 1 1 0 0 0 0 0 0 0 0 0 0 0 2 4 1 1 6 6 9 3 21 28 3 4 7 18 10 16 2 3 21 24 5 35 18 33 26 5 19 8 7 5 9 8 25 34 2 3 18 24 4 15 42 13 34 17 58 12 39 62 40 19 64 47 44 68 62 49 18 37 51 32 20
0 0 0 0 0 0 0 0 0 0 0 0 0 0 0 0 0 1 0 0 0 0 0 1 0 0 0 0 0 0 0 0 0 0 0 0 1 0 1 3 6 2 16 25 11 3 8 4 12 9 20 5 6 18 14 34 16 9 21 31 10 2 5 20 15 24 21 15 24 21 3 26 46 9 20 57 7 5 14 66 52 25 20 41 44 66 48 66 78 70 31 59 20 17 49 65
0 0 0 0 0 0 0 0 0 0 0 0 0 0 0 0 0 0 0 0 0 0 0 0 0 0 0 0 0 0 0 0 0 0 0 0 0 4 1 5 2 8 5 6 29 12 6 3 12 15 15 21 7 30 32 65 13 30 59 53 32 3 14 13 17 55 47 51 24 47 12 9 42 13 31 54 18 18 9 40 30 40 6 8 16 61 64 62 77 56 20 63 36 28 47 53
0 0 0 0 0 0 0 0 0 0 0 0 0 0 0 0 0 0 0 0 0 0 0 0 0 0 0 0 0 0 0 0 0 0 0 0 0 1 5 19 5 17 6 18 16 25 10 13 22 30 60 67 20 46 72 80 37 60 73 54 34 12 35 39 18 18 15 11 37 66 16 12 32 12 37 45 73 19 35 76 51 63 54 16 14 34 58 58 46 37 59 84 39 26 15 16
0 0 0 0 0 0 0 0 0 0 0 0 0 0 0 0 0 0 0 0 0 0 0 0 0 0 0 0 0 0 1 0 0 1 1 2 1 2 19 9 13 8 5 39 34 13 8 7 17 34 57 47 46 26 55 86 41 42 64 54 65 52 52 68 15 22 27 19 38 59 48 28 6 19 56 74 70 62 23 82 23 59 73 36 22 21 48 33 39 19 75 86 63 39 43 17
0 0 0 0 0 0 0 0 0 0 0 0 0 0 0 0 0 0 0 0 0 0 0 0 0 0 0 1 2 0 0 0 2 1 2 2 1 5 10 10 26 10 31 10 65 12 17 14 8 20 58 40 24 10 11 38 58 67 74 71 84 63 66 66 55 30 42 27 48 45 73 45 21 20 44 70 75 73 46 65 62 57 66 77 40 25 16 15 14 28 72 53 76 45 43 26
0 0 0 0 0 0 0 0 0 0 0 0 0 0 0 0 0 0 0 0 0 0 0 0 0 0 0 0 0 0 0 1 1 1 5 3 2 1 1 4 4 3 1 1 9 12 49 31 11 6 22 8 13 6 5 9 12 41 51 43 53 64 60 55 80 33 34 27 9 67 88 34 21 18 59 50 52 56 27 41 41 19 68 81 65 39 10 11 14 20 14 37 79 44 29 37
0 0 0 0 0 0 0 0 0 0 0 0 0 0 0 0 0 0 0 0 0 0 0 0 0 1 0 0 0 0 0 1 2 4 4 3 3 5 2 1 3 8 3 2 4 7 13 23 26 7 10 7 16 7 9 19 14 8 14 32 31 12 26 60 84 59 27 35 45 73 88 46 15 9 18 29 53 41 50 59 46 12 50 70 81 30 19 10 33 38 22 39 89 60 54 59
0 0 0 0 0 0 0 0 0 0 0 0 0 0 0 0 0 0 0 0 0 0 0 0 1 2 1 0 0 1 1 1 2 3 2 1 6 9 3 3 3 12 7 4 7 7 9 8 9 4 11 28 32 30 24 21 14 11 9 7 2 1 7 73 71 68 43 21 26 65 78 75 59 20 10 32 45 34 36 27 51 37 21 76 77 61 26 18 40 29 54 83 84 83 66 62
0 0 0 0 0 0 0 0 0 0 0 1 0 0 0 0 0 0 0 0 0 0 0 0 0 1 0 1 1 2 1 1 5 2 4 6 5 11 6 9 6 13 13 8 3 16 9 15 11 3 11 46 56 58 56 44 29 26 23 23 23 19 21 40 43 56 48 19 7 44 38 77 77 30 14 43 49 39 23 45 67 33 21 24 77 80 32 18 51 59 54 74 51 79 48 31
0 0 0 0 0 0 0 0 0 0 0 0 0 0 0 0 0 0 0 0 0 0 0 0 0 0 0 1 2 1 1 1 1 1 7 9 3 5 10 24 13 16 13 10 3 6 29 22 14 11 9 29 72 77 67 69 57 54 43 43 75 78 80 70 55 52 41 25 11 7 31 50 83 62 55 17 38 47 26 6 20 34 36 53 71 76 51 31 18 39 39 32 79 79 87 59
0 0 0 0 0 0 3 0 0 0 0 0 0 1 0 0 0 0 0 0 0 0 0 0 0 0 0 1 1 0 0 2 5 4 10 7 8 16 34 15 28 24 11 16 21 20 30 32 23 18 10 17 47 71 69 77 80 75 52 40 32 45 56 66 76 73 74 61 35 3 10 52 59 63 53 49 32 15 22 21 53 47 24 32 31 72 71 30 16 25 32 36 29 71 60 74
0 0 0 0 0 1 0 0 0 1 0 0 0 0 0 0 0 0 0 0 0 0 0 0 1 0 0 1 1 2 3 9 6 3 6 12 8 10 7 3 8 49 50 26 49 31 24 26 27 29 28 15 12 16 58 58 54 76 77 67 60 53 38 46 53 73 76 76 72 62 41 65 53 75 43 43 32 24 33 26 22 28 18 49 35 74 79 27 13 39 46 31 32 33 62 77
0 1 0 0 0 0 1 1 0 0 0 0 0 0 0 0 0 0 0 0 0 0 0 0 0 0 0 0 0 0 0 1 1 4 5 6 8 10 14 14 9 3 15 57 59 73 61 42 34 18 26 30 26 16 25 41 37 30 51 56 60 70 72 59 35 39 71 78 77 62 64 81 61 83 70 51 46 48 29 17 19 39 19 32 44 30 68 41 13 27 45 43 19 13 54 78
0 0 3 1 0 1 0 2 1 0 1 0 0 0 0 0 0 0 0 0 0 0 0 0 0 0 0 2 1 1 1 2 2 3 4 10 13 18 17 21 26 22 11 8 7 59 67 61 38 26 19 31 27 16 6 6 7 9 8 10 20 42 35 51 55 31 32 48 47 42 68 67 66 63 63 65 70 63 39 44 41 37 19 21 58 66 46 54 21 8 36 42 23 42 80 40
0 0 1 0 0 0 0 0 3 5 5 3 0 0 0 0 0 0 0 0 0 0 0 0 1 0 1 1 0 1 2 3 1 2 3 7 7 13 13 16 20 21 36 33 34 25 10 8 33 34 43 15 16 10 16 24 23 24 23 20 23 9 7 10 13 10 9 7 9 30 41 57 52 48 40 33 33 60 52 45 36 22 48 41 43 57 48 64 44 13 10 33 50 80 51 71
0 0 1 4 1 0 0 0 0 8 0 0 0 0 0 0 0 0 0 0 0 0 0 0 0 0 0 0 0 0 0 0 1 2 2 3 7 14 10 16 22 30 31 33 39 29 27 26 19 11 11 7 12 27 29 39 39 41 41 53 25 8 8 24 25 39 21 24 7 6 15 36 30 20 20 22 27 36 44 61 55 24 21 25 26 30 44 57 63 22 11 28 86 62 52 63
1 0 1 2 1 1 2 0 0 0 0 0 0 0 0 2 0 0 0 0 0 0 0 0 0 0 0 0 0 0 0 0 1 1 3 4 5 6 7 17 22 18 16 19 25 21 19 29 24 22 29 32 35 45 40 36 52 56 58 55 31 26 27 41 38 29 37 21 8 11 11 3 3 3 5 4 13 12 6 11 20 14 14 10 12 12 34 45 42 26 11 61 69 44 69 65
2 1 1 0 2 2 9 2 1 1 1 0 0 0 1 0 3 1 0 0 1 1 1 0 0 0 0 0 0 0 0 1 1 1 0 1 4 6 4 4 10 19 14 11 19 15 23 26 33 26 37 22 24 36 47 50 53 55 67 58 38 36 45 43 53 56 58 48 27 25 8 4 2 6 7 15 35 24 16 14 10 8 5 6 5 8 13 23 46 45 19 72 30 20 56 73
2 2 2 5 2 3 2 1 1 6 1 2 0 0 1 2 6 2 1 1 2 0 0 0 0 0 0 0 0 0 1 0 0 0 1 1 3 9 8 17 15 13 21 16 25 20 24 26 31 16 46 32 29 26 42 45 67 68 69 53 27 46 42 56 56 73 66 61 50 30 23 24 23 30 32 45 53 42 26 27 39 44 26 13 15 9 3 8 18 52 34 64 21 23 64 85
3 3 1 1 4 2 11 5 2 2 4 8 2 1 1 7 11 2 1 2 0 3 0 0 0 0 0 0 0 0 0 0 0 1 0 1 1 3 6 9 14 8 12 14 16 20 24 38 31 24 32 39 25 28 43 53 65 58 46 37 37 44 54 55 56 77 71 60 53 30 44 44 45 50 47 48 62 46 44 46 46 46 30 43 42 22 20 5 8 27 23 27 24 15 38 62
3 5 4 1 16 9 13 7 23 9 4 2 1 9 7 5 4 1 1 7 0 2 0 0 0 0 0 0 1 0 0 0 0 1 1 1 1 5 3 8 13 10 4 16 14 17 19 37 24 11 14 32 29 22 32 55 59 44 32 21 25 52 50 52 72 70 61 57 33 29 43 43 45 60 50 63 62 66 47 50 61 52 53 65 55 48 28 8 4 18 14 28 18 7 23 42
4 1 5 2 1 23 6 3 7 18 10 6 1 5 20 4 0 1 3 7 0 4 0 0 1 1 0 0 1 3 0 0 0 0 1 0 0 1 1 1 7 4 8 9 10 4 23 10 19 6 27 18 18 13 31 58 34 30 20 27 28 41 37 56 70 63 59 56 32 48 58 58 41 55 64 62 64 54 46 58 66 61 57 68 40 30 15 12 6 3 5 15 16 5 15 11
3 3 3 6 1 3 18 31 30 12 4 5 1 2 10 13 2 4 16 8 1 7 0 0 0 1 0 1 1 0 1 2 0 0 0 0 0 1 0 1 2 2 2 6 5 4 4 6 3 5 35 5 11 7 30 16 16 25 13 17 18 27 42 58 45 59 51 34 31 45 56 56 35 58 55 62 68 54 46 56 71 60 66 45 28 33 29 36 27 8 2 2 8 7 5 7
7 4 6 4 6 6 10 18 12 25 24 7 23 2 1 1 7 40 27 4 6 2 1 1 2 1 0 1 1 1 1 0 0 0 0 0 0 0 0 2 1 2 2 2 2 2 2 2 3 6 2 2 6 13 6 12 12 8 10 10 9 18 53 37 47 36 26 30 44 54 51 52 46 57 34 47 52 32 43 52 74 44 31 33 44 52 66 48 35 15 8 3 1 3 3 3
8 8 8 6 27 12 43 65 26 14 13 25 23 25 1 0 2 2 2 1 3 3 2 1 0 1 1 1 1 0 0 0 0 0 0 0 0 0 1 1 1 0 2 0 0 0 0 3 0 1 1 2 2 6 4 6 3 4 11 11 9 30 27 33 32 42 26 23 32 48 43 31 36 53 30 18 57 33 41 68 41 43 41 45 75 81 64 42 38 28 13 11 7 2 2 2
