sesion_6_simulaciones/modelos_agentes/ejemplos_netlogo/scenarios/echam4_a2/rob_2096.asc
NCOLS 322 
NROWS 307 
XLLCORNER 451900 
YLLCORNER 4086900 
CELLSIZE 100 
NODATA_value -9999 
[rows 0 to 72 of 307, columns 192 to 287 of 322]
6 5 3 2 8 17 7 3 3 5 8 3 3 2 4 3 2 3 5 6 7 8 6 8 15 28 16 33 36 64 31 12 13 3 2 4 8 8 5 20 24 11 11 34 35 31 18 23 29 30 13 13 13 13 7 7 4 23 4 4 0 0 0 2 2 1 1 1 1 2 1 0 1 1 3 1 1 2 4 1 1 1 1 3 3 2 5 3 2 3 1 1 2 7 1 0
7 3 4 4 5 14 3 6 11 8 6 5 8 9 5 5 9 2 5 9 12 8 6 6 9 37 15 20 14 26 67 40 9 5 3 2 5 8 15 11 22 8 4 14 17 18 26 18 26 53 60 29 12 9 6 5 13 12 15 1 1 1 2 1 1 1 1 1 2 1 0 1 1 1 5 1 6 3 2 2 1 3 4 3 3 1 4 4 4 3 1 2 1 3 1 1
2 5 3 3 8 8 5 3 2 6 7 8 15 19 10 19 13 12 22 25 27 15 13 9 6 9 8 3 4 10 14 46 36 10 11 6 5 4 10 4 2 4 20 34 28 38 29 28 34 42 38 22 21 8 11 21 6 5 8 2 2 2 2 1 1 2 1 1 1 1 1 1 1 2 11 2 10 6 2 4 2 2 3 5 3 1 2 3 5 3 2 6 2 5 1 0
3 3 10 11 5 4 4 4 5 14 6 14 24 19 15 30 23 12 21 39 33 34 31 21 18 13 2 5 5 2 7 14 6 10 8 9 10 4 4 3 11 19 11 10 17 44 31 29 8 14 7 6 7 15 8 13 11 3 5 5 6 1 1 2 1 2 1 2 5 1 2 2 1 1 5 3 4 3 4 4 2 2 4 7 4 1 2 5 8 2 5 3 2 5 1 0
2 1 4 1 9 12 10 7 14 12 15 10 14 13 17 33 22 28 36 46 45 32 28 33 22 34 20 31 27 7 4 1 7 5 6 10 3 1 3 5 9 10 15 20 14 19 13 17 30 35 31 17 10 7 24 30 5 5 2 2 5 3 1 1 1 2 1 1 1 1 1 1 1 1 3 3 2 6 15 16 10 2 2 8 8 6 1 5 5 8 7 3 5 8 2 0
3 2 5 5 3 4 18 5 19 14 10 19 6 21 30 35 46 41 14 18 36 22 17 30 30 34 19 36 31 13 14 9 4 3 2 1 1 3 1 2 6 12 17 29 43 54 48 46 33 14 14 11 17 27 56 22 8 7 2 9 12 7 3 2 1 3 1 1 2 2 4 3 3 2 2 4 6 6 8 4 5 14 8 8 9 7 2 3 5 6 2 3 5 4 2 0
2 1 2 6 4 3 20 5 4 10 16 50 27 11 32 47 39 43 20 7 14 31 40 50 27 27 34 28 33 30 26 21 22 20 12 4 6 9 4 1 5 12 22 27 53 28 29 30 41 24 26 63 19 35 48 16 9 12 4 8 9 7 3 3 4 2 2 3 4 1 2 3 2 6 6 3 1 4 9 10 5 14 8 4 2 12 3 3 3 3 3 5 9 14 2 1
1 1 2 3 10 7 21 28 5 3 7 12 42 11 4 16 10 21 24 13 10 25 14 26 25 22 29 22 35 33 33 34 33 36 34 17 23 13 6 3 7 24 33 39 42 41 39 63 77 63 58 26 45 36 44 21 8 3 4 4 4 2 1 1 1 2 1 2 6 2 2 2 4 6 8 5 1 7 15 4 14 27 16 4 2 11 8 3 4 9 8 7 19 7 3 2
3 3 4 3 6 6 14 35 39 13 6 7 18 36 18 13 8 30 37 24 19 37 11 22 49 33 28 33 36 47 46 47 51 47 34 32 19 10 4 6 15 21 34 36 59 54 42 49 65 69 47 26 68 43 38 13 4 16 22 9 9 4 7 3 3 7 2 2 1 1 2 2 4 5 5 3 2 3 5 8 15 27 12 9 3 5 6 4 3 14 8 12 8 12 4 5
2 3 5 3 4 2 13 12 44 30 22 14 14 24 30 15 15 12 42 40 38 49 19 23 41 43 32 31 25 41 12 31 55 54 43 22 14 12 6 7 7 14 27 35 57 27 23 69 44 31 23 83 57 50 24 9 14 22 15 16 6 30 19 3 5 1 3 3 3 1 2 4 5 3 3 2 2 3 16 5 3 14 15 15 8 4 9 3 4 5 6 19 10 17 6 22
3 4 5 7 4 2 1 2 5 19 12 9 8 32 23 16 27 6 16 43 32 57 64 25 33 30 57 38 15 37 50 18 8 8 16 37 22 13 7 8 12 16 37 60 27 51 56 61 18 24 67 74 42 45 16 8 14 15 8 11 32 38 10 3 2 3 3 2 5 4 8 5 6 6 4 3 2 1 4 7 7 22 40 17 21 7 5 8 2 8 20 7 10 7 7 43
8 6 3 5 6 6 5 3 3 3 5 6 12 14 15 13 13 28 21 26 54 60 55 39 9 24 56 46 23 24 53 55 14 6 7 11 31 15 1 6 32 39 45 23 12 13 44 17 23 58 83 72 47 28 9 25 17 8 10 44 30 20 2 3 4 2 6 4 3 4 4 4 8 11 12 8 3 2 7 7 8 51 23 38 19 17 8 4 3 15 13 6 20 5 21 58
13 8 8 17 15 16 16 9 18 13 13 10 6 6 8 10 13 48 45 24 21 44 42 39 11 24 41 36 32 15 14 33 14 4 2 3 14 22 3 8 29 33 33 49 47 40 68 17 40 76 71 43 9 27 42 42 32 32 59 49 5 4 3 2 1 1 2 2 4 2 1 3 9 15 17 10 5 1 7 11 35 38 9 22 32 18 13 3 4 15 12 9 26 6 22 33
37 23 16 20 20 21 16 16 16 21 23 32 15 15 11 12 12 9 11 12 23 22 14 23 21 31 34 38 17 9 12 23 22 16 3 2 8 17 12 17 16 31 29 17 18 61 37 26 59 47 30 10 20 34 35 33 47 47 28 3 10 13 7 3 3 1 1 1 3 2 4 9 7 7 9 13 7 2 4 11 37 12 7 25 51 23 17 8 3 6 7 10 15 7 20 17
8 35 32 34 24 24 13 19 10 12 27 24 22 26 31 33 34 21 9 11 10 9 8 21 25 26 21 15 6 3 13 17 17 13 4 3 12 22 24 16 16 19 28 18 11 25 20 25 29 25 7 14 23 25 32 35 29 5 14 14 12 9 9 25 25 12 8 3 3 5 8 5 10 11 8 7 4 2 5 13 19 7 5 43 57 55 28 31 15 3 6 11 9 9 30 25
18 36 46 20 29 51 27 12 24 19 15 28 27 38 45 39 41 22 18 23 19 11 8 7 23 17 6 5 2 3 4 16 22 25 16 7 10 16 18 23 17 19 19 14 6 10 33 39 23 12 25 17 16 23 23 25 7 23 18 12 13 28 36 19 13 20 4 2 8 1 7 30 9 8 12 17 20 11 4 15 18 8 3 7 27 58 14 9 14 17 4 15 7 10 35 32
53 10 60 31 30 51 64 65 26 10 17 20 38 38 38 36 46 43 37 39 39 39 24 13 9 10 22 21 13 9 2 3 5 11 17 14 15 17 16 28 17 17 13 13 10 7 9 9 22 40 25 42 34 20 13 25 27 21 18 11 28 25 43 25 23 8 3 8 3 5 6 2 13 4 12 22 32 21 15 5 30 15 9 3 9 35 46 13 5 7 3 4 9 18 12 14
32 8 48 26 49 54 59 33 66 67 35 41 46 17 20 24 40 45 39 38 38 42 41 23 19 22 36 29 22 17 4 2 2 2 6 12 14 14 16 18 20 18 11 7 3 13 26 41 42 34 35 51 43 40 17 24 20 36 29 22 48 43 32 20 7 5 7 9 5 3 3 2 10 12 19 22 25 31 25 8 6 13 13 10 4 13 27 18 14 2 7 1 9 15 7 7
27 27 32 38 26 53 59 32 38 73 40 62 77 51 36 26 44 62 63 54 55 42 28 23 33 23 38 35 46 20 21 19 22 13 10 7 11 8 15 15 9 6 3 6 22 33 48 45 37 37 47 50 40 25 37 36 34 29 19 24 42 20 9 3 8 6 4 25 10 3 4 2 13 15 3 9 39 26 35 29 7 5 29 16 9 4 15 20 19 8 1 1 13 6 1 1
40 13 22 39 32 42 72 33 22 58 68 77 80 69 71 61 24 42 45 59 43 39 39 35 36 35 36 45 44 44 34 29 28 28 23 15 9 8 7 6 3 2 14 22 49 42 44 51 30 47 51 34 45 38 38 34 8 4 11 24 55 21 5 12 15 10 16 19 7 7 5 2 3 17 14 3 9 16 29 32 31 9 9 20 16 5 3 11 23 15 2 1 7 1 6 12
70 32 32 36 12 32 64 39 56 41 64 52 72 44 57 62 27 20 41 64 43 57 39 25 55 46 36 30 40 38 32 21 28 25 34 24 20 11 6 1 2 8 26 46 47 50 29 24 49 64 40 40 50 53 58 45 21 12 17 27 37 10 6 16 13 7 8 3 9 12 9 2 2 6 24 9 4 6 50 23 25 12 4 12 15 4 5 16 10 10 1 1 1 2 12 28
52 17 46 46 18 13 38 71 23 46 80 75 79 58 53 29 32 10 24 72 69 50 37 36 26 29 13 14 23 24 33 31 22 21 35 31 21 18 11 4 7 21 33 39 28 41 35 49 45 37 26 34 36 63 63 58 50 31 20 21 15 5 11 12 15 10 8 5 6 14 5 2 2 4 22 12 5 6 13 35 27 23 9 5 17 5 8 13 7 3 3 10 3 7 24 32
74 24 67 72 41 27 29 54 25 28 82 72 58 36 20 42 36 31 12 27 36 58 75 75 50 20 39 27 15 23 23 19 14 17 26 40 31 14 6 2 5 26 43 43 20 26 12 27 14 15 10 26 40 24 38 62 39 21 9 50 17 4 10 10 6 9 24 7 11 4 3 3 7 13 37 13 6 10 19 50 28 14 8 3 7 13 8 13 5 2 8 34 13 13 12 25
70 61 54 76 27 39 42 57 55 29 31 26 33 62 31 22 49 46 27 40 44 45 73 63 58 27 36 42 32 12 16 15 15 14 17 23 30 15 7 1 8 11 11 21 16 10 16 17 26 21 12 24 17 22 21 14 7 15 37 28 6 9 11 7 9 22 13 7 12 7 3 4 8 20 22 10 13 12 23 43 31 36 17 5 4 6 8 13 2 4 10 8 20 29 13 14
45 38 54 55 41 20 53 68 47 22 42 28 31 53 58 35 42 50 43 23 25 35 44 38 36 26 33 48 46 25 15 12 11 12 13 17 12 22 8 2 4 12 25 28 31 37 40 35 25 28 33 16 9 4 5 9 17 16 51 21 4 16 8 5 13 33 9 17 17 8 5 5 12 35 17 11 23 15 21 38 31 32 31 19 6 3 10 6 2 16 17 15 15 13 40 11
27 38 24 56 30 15 62 71 49 26 24 34 34 25 54 53 32 25 35 38 20 21 34 38 35 29 19 42 64 23 19 12 5 3 5 4 13 10 17 4 8 14 14 19 32 32 41 19 16 29 26 34 23 34 19 18 18 37 45 5 7 11 7 4 13 22 10 12 13 11 5 5 17 40 12 21 27 13 11 20 22 32 23 10 12 3 3 6 14 28 27 26 30 14 9 24
21 26 16 20 14 40 61 54 36 22 12 24 24 14 14 37 42 41 35 37 21 18 22 30 14 18 19 19 25 36 31 10 5 3 3 5 10 7 14 7 5 5 8 15 22 25 16 18 28 23 37 30 24 30 37 46 55 71 28 4 9 9 4 7 35 24 5 15 18 11 7 4 13 41 14 13 17 22 6 11 22 33 13 10 4 3 5 18 33 27 30 21 23 29 34 12
16 15 8 5 6 8 11 16 14 10 7 6 6 4 6 11 17 14 25 33 20 17 17 14 7 8 26 19 20 23 32 24 22 11 4 5 8 6 14 5 5 3 7 10 13 16 29 23 17 42 27 27 28 27 38 73 58 46 5 13 13 6 13 21 59 13 21 10 11 14 13 7 22 44 22 13 17 27 7 11 22 30 19 24 11 2 6 15 16 11 9 7 6 8 18 17
7 8 11 10 5 2 2 3 4 2 3 2 2 2 2 2 3 3 6 10 15 11 10 6 8 9 26 21 18 15 16 15 10 9 14 8 5 6 8 6 4 10 30 30 32 32 43 58 20 34 22 20 21 17 61 55 27 5 14 18 14 9 20 51 22 8 19 11 13 17 12 7 15 42 58 27 22 19 10 10 22 35 29 18 9 1 6 8 5 12 13 15 14 10 8 15
12 21 18 29 18 8 6 5 6 17 18 19 21 22 32 21 19 18 6 2 4 3 3 4 2 13 14 11 14 10 8 5 12 10 7 8 4 2 4 5 15 32 32 32 36 46 47 30 49 30 22 17 24 26 66 24 12 15 21 20 12 11 22 53 14 8 9 19 13 6 5 8 31 48 20 46 31 20 9 6 33 26 34 18 8 2 7 15 23 30 14 22 24 17 13 4
20 31 30 35 27 10 10 31 21 32 32 39 35 36 36 39 37 34 32 19 12 9 9 4 1 1 3 6 12 7 6 6 9 9 7 5 1 1 5 11 33 33 35 49 52 57 52 39 42 58 52 45 28 46 26 14 4 26 20 22 8 12 28 44 19 6 11 20 16 13 3 8 47 17 13 57 44 28 14 6 18 16 29 16 4 4 14 15 14 21 16 12 7 6 6 13
32 33 33 36 25 20 20 37 35 34 33 37 52 39 48 49 41 36 33 35 23 37 33 16 14 11 7 2 2 2 2 2 3 8 6 2 2 5 12 36 36 35 37 39 52 55 56 68 50 48 34 73 51 29 34 29 9 24 26 35 28 17 38 13 5 19 27 11 24 11 3 9 21 19 11 59 30 30 14 10 21 19 18 14 3 9 30 33 32 19 12 5 9 9 7 13
48 46 35 49 38 23 23 29 28 33 53 50 49 54 51 37 39 35 35 36 35 42 41 31 27 29 16 12 8 9 12 21 9 3 4 3 2 5 13 33 33 36 33 41 54 52 61 61 47 48 37 20 41 39 51 10 23 28 20 27 18 21 23 32 34 18 11 9 34 25 10 6 23 16 28 65 28 27 24 11 12 20 18 7 11 20 29 47 47 35 30 14 15 19 17 44
46 46 51 38 35 37 23 37 48 51 55 47 50 39 47 39 37 38 35 50 48 51 39 34 31 49 30 27 15 16 42 20 13 4 1 1 1 4 10 21 19 23 31 33 42 59 36 16 67 60 45 28 46 54 10 8 20 21 19 30 35 35 39 18 13 11 19 16 14 21 17 10 27 21 28 46 40 44 27 12 11 18 9 8 19 22 20 20 11 10 9 15 20 21 59 63
40 42 51 52 50 26 22 37 46 55 52 45 46 45 43 45 34 58 52 51 33 27 30 34 35 37 32 29 29 35 18 15 7 7 6 6 4 3 9 21 22 31 46 34 24 29 22 35 36 47 45 16 33 8 14 8 11 15 14 25 39 47 24 39 23 12 12 13 13 25 31 12 14 21 33 39 43 26 23 13 7 11 10 14 29 12 12 16 28 27 21 16 10 53 36 52
49 63 52 24 44 25 36 34 60 47 42 42 42 58 60 45 50 49 37 56 38 37 22 48 51 31 31 33 56 23 12 12 11 10 15 8 8 9 14 17 33 40 50 21 28 29 27 42 38 35 26 17 22 7 14 6 15 28 33 42 27 18 29 44 16 8 7 9 20 21 20 13 10 21 22 49 47 34 26 13 6 7 16 31 40 38 28 21 23 15 12 33 42 56 38 22
57 69 34 36 52 31 24 55 50 59 29 45 51 45 65 51 30 23 50 45 42 40 16 54 25 22 35 51 22 13 18 26 23 22 20 17 16 14 5 8 26 37 21 19 18 35 66 62 50 35 29 17 15 13 19 24 31 22 15 16 17 22 22 44 21 10 11 11 10 9 12 18 10 20 37 35 31 44 29 14 6 22 39 26 34 48 42 39 33 30 14 29 33 36 41 18
38 55 25 27 49 30 28 56 44 52 18 36 55 39 59 32 31 34 49 56 48 27 29 21 25 40 64 18 14 28 27 27 28 26 21 18 15 15 6 5 4 6 12 18 34 60 66 49 68 31 24 13 28 21 24 15 11 6 18 19 13 29 26 25 11 40 45 39 27 27 17 19 10 19 24 20 29 35 17 6 12 35 51 57 50 55 58 45 34 30 30 41 16 7 37 28
46 20 24 21 39 21 24 49 61 45 13 41 56 45 47 51 29 46 68 55 42 21 43 25 45 54 16 20 32 33 26 25 42 29 37 22 20 23 23 14 14 13 12 26 66 51 68 31 36 52 21 21 36 27 24 18 12 20 47 45 31 29 60 29 39 28 40 48 26 19 21 20 13 9 15 27 18 29 8 3 16 29 26 41 42 21 35 12 8 9 5 59 43 23 19 11
63 37 26 15 27 15 30 44 70 30 15 29 42 43 47 26 23 73 47 15 20 46 44 36 48 29 30 34 48 50 34 41 40 39 21 34 23 35 25 23 15 7 3 9 39 38 44 19 13 12 9 21 26 34 25 38 40 37 25 32 49 48 26 48 40 43 17 40 63 31 18 13 11 5 12 18 13 20 12 11 25 35 32 31 24 12 15 19 29 49 61 81 59 25 20 8
42 41 19 19 25 11 18 35 43 22 11 24 54 50 21 38 32 41 18 13 24 57 65 53 44 49 37 35 48 38 34 63 46 22 22 37 27 41 38 22 19 12 9 8 3 7 5 5 14 29 42 38 47 44 37 45 32 26 45 64 71 68 46 55 11 73 60 20 23 64 60 44 30 17 4 15 15 9 7 11 26 22 19 30 20 20 43 47 43 32 43 69 38 29 23 11
28 19 12 19 16 12 8 22 29 13 8 18 43 31 26 30 20 14 5 20 40 53 46 25 25 16 15 54 50 37 50 53 38 21 29 39 41 42 41 13 17 13 16 15 16 6 3 9 19 24 36 33 42 36 27 26 35 49 37 82 73 42 35 77 53 31 72 39 23 17 34 38 46 44 25 14 9 9 6 11 31 26 17 19 29 40 47 54 42 56 47 57 53 43 25 12
18 12 4 11 8 7 6 6 10 4 3 9 16 7 12 17 9 12 9 23 49 25 23 29 20 23 17 57 52 36 66 49 24 34 34 45 48 60 49 29 27 12 25 22 17 9 4 5 19 20 19 26 43 34 45 51 27 56 59 81 30 10 41 78 43 47 35 71 40 12 18 25 43 38 39 36 15 7 4 9 22 25 22 17 21 35 68 46 30 73 45 43 50 23 15 13
4 3 3 5 4 2 4 2 7 8 5 4 6 6 16 22 17 27 13 22 41 25 24 28 22 20 21 54 50 35 62 40 39 39 36 52 49 52 27 33 45 35 27 17 10 4 2 1 11 21 19 34 46 37 34 42 24 41 70 45 29 17 63 78 61 23 18 28 55 30 19 17 22 18 45 24 19 9 5 9 17 23 27 20 47 63 78 50 43 75 44 20 28 44 17 8
3 1 3 4 3 5 5 20 17 46 46 30 6 11 18 26 32 15 13 33 32 20 22 15 18 27 18 45 47 51 43 39 36 40 40 53 67 50 37 33 63 51 15 9 9 4 2 3 17 22 41 39 39 41 23 26 43 67 79 38 24 27 42 77 72 53 25 9 48 51 36 19 19 20 56 24 13 9 5 18 22 31 30 36 41 31 34 29 44 42 57 46 46 40 11 2
1 1 2 4 14 23 33 40 21 23 32 39 42 25 9 14 14 10 14 16 10 17 18 22 35 26 28 59 45 64 35 37 35 45 50 66 71 44 46 43 58 35 24 15 13 17 13 2 9 28 22 31 28 21 21 35 52 69 58 52 27 26 30 86 58 55 51 8 40 63 53 20 18 21 26 44 21 6 6 21 21 33 47 51 46 33 34 24 33 34 42 33 25 11 4 7
3 3 1 2 5 9 27 9 10 9 22 32 28 35 12 9 12 21 26 13 12 17 16 27 48 35 26 52 50 44 28 43 34 46 44 61 49 44 59 34 23 21 36 34 28 29 19 8 4 12 32 23 23 33 30 14 41 39 49 79 44 40 52 66 55 17 51 28 34 42 40 40 26 15 12 76 21 5 9 17 30 36 27 60 40 35 36 27 26 16 16 12 9 10 13 25
6 12 5 2 9 10 10 17 12 23 37 26 37 54 50 24 29 22 14 12 18 19 23 24 35 28 23 49 47 24 35 36 38 42 56 63 52 47 25 15 16 32 33 34 46 35 32 10 4 3 11 24 28 38 37 23 40 46 33 47 49 51 55 67 74 21 40 43 30 58 47 28 35 24 23 28 20 4 9 17 28 33 49 65 40 44 35 27 38 13 10 6 8 15 25 28
4 11 29 9 4 6 19 17 40 21 20 22 59 32 26 70 58 9 14 16 17 17 23 22 26 23 26 52 37 30 33 32 39 57 61 39 19 19 33 32 41 41 39 32 48 50 37 15 4 2 3 42 30 24 43 30 49 42 35 38 49 37 39 53 81 23 20 36 29 30 39 26 24 23 20 20 14 10 6 16 24 30 72 51 25 20 21 23 21 3 4 14 16 21 27 23
26 23 31 41 8 3 5 34 36 39 7 11 27 33 57 63 39 61 56 23 15 28 25 11 22 18 36 32 31 28 33 26 41 61 67 34 34 29 46 45 61 65 50 53 65 41 24 9 2 1 3 5 9 16 46 35 55 51 36 35 33 19 9 25 62 39 27 27 27 26 27 38 27 27 17 16 11 9 7 18 27 34 40 34 19 17 10 11 5 12 15 17 30 35 24 22
16 9 14 59 11 11 11 12 15 23 17 4 22 70 77 68 40 27 59 33 48 47 33 13 26 26 47 42 37 49 33 33 38 40 41 26 32 42 45 52 25 27 60 80 38 28 25 10 3 3 5 4 4 6 24 51 54 68 35 38 35 20 11 53 68 38 39 27 27 30 36 39 24 17 21 17 14 9 12 23 23 39 35 17 13 8 10 20 19 30 32 34 32 32 16 17
8 18 16 61 59 10 15 10 14 15 18 10 31 39 40 42 61 73 40 11 38 12 53 64 80 71 61 33 56 42 57 35 31 20 64 52 55 50 28 29 12 3 55 54 52 40 38 24 11 19 20 13 5 1 4 14 18 37 20 30 28 17 19 40 52 56 38 28 32 10 14 19 27 14 10 11 15 8 9 16 26 28 27 18 9 14 29 29 37 29 30 47 37 26 21 16
6 10 17 21 60 51 24 12 12 15 14 15 31 58 68 70 30 68 62 20 48 40 22 35 56 34 52 27 54 19 11 33 24 24 45 83 66 46 26 70 36 37 45 49 62 43 26 24 33 37 29 15 3 2 3 2 2 11 8 29 27 16 31 48 42 58 44 29 23 19 21 22 19 15 12 6 13 7 4 8 12 14 18 14 8 21 25 29 35 31 32 26 57 30 18 10
4 7 14 3 23 75 27 17 9 10 16 22 18 32 41 57 59 72 45 48 56 34 10 42 57 33 32 31 36 62 44 50 47 26 35 75 84 90 88 84 71 56 55 65 62 45 42 38 59 27 19 20 18 17 13 12 6 4 3 9 10 15 19 47 47 50 45 34 24 21 16 13 13 9 9 5 5 5 3 5 7 8 4 6 6 7 12 28 38 17 20 34 30 25 13 23
8 5 14 38 29 50 74 29 30 12 9 11 15 20 50 39 65 80 16 23 66 60 22 12 74 76 44 31 47 59 27 28 36 28 26 54 77 80 77 50 66 67 42 48 53 56 71 72 50 15 28 39 35 34 33 48 43 16 7 8 6 7 13 17 31 56 37 31 17 24 17 9 11 10 9 4 5 3 2 4 3 8 13 17 23 14 17 17 30 30 24 23 26 24 35 31
15 5 4 28 50 56 81 59 27 26 20 18 16 24 22 15 50 35 24 59 85 36 19 12 18 62 33 41 39 61 58 40 48 46 43 81 71 49 40 30 41 22 20 73 46 68 81 78 54 44 56 47 47 35 29 13 19 15 11 9 7 8 12 14 11 30 37 32 26 22 11 5 5 6 6 6 5 2 2 2 5 9 10 17 25 39 38 36 40 34 26 31 27 23 19 34
29 19 16 12 15 18 30 64 31 43 29 18 15 21 37 16 43 24 50 40 80 37 23 21 12 27 30 42 19 59 64 36 36 41 57 75 72 35 24 37 33 26 27 42 59 46 45 31 39 45 42 48 44 46 48 17 12 21 10 8 8 7 12 11 8 19 30 32 24 11 9 4 4 6 7 5 2 1 2 5 7 10 22 27 12 10 27 61 28 40 39 38 39 29 32 36
13 16 36 15 15 41 39 68 70 51 47 21 18 15 18 25 31 36 30 44 72 81 56 32 11 12 28 9 24 61 71 46 37 44 41 43 47 35 27 33 31 29 29 31 67 42 45 31 23 23 29 14 20 17 34 26 8 19 11 7 5 6 6 7 8 15 20 15 15 9 8 5 5 5 4 2 1 1 4 5 8 9 9 10 9 23 47 49 50 51 49 41 41 47 36 45
28 28 12 10 13 26 38 51 71 49 38 32 15 10 14 27 13 19 38 78 69 73 61 52 30 10 36 36 13 19 54 39 47 43 23 26 35 60 29 25 31 22 18 28 50 45 53 37 31 25 25 22 8 12 21 22 11 20 18 7 4 5 5 6 6 12 13 10 12 7 6 3 3 4 2 1 1 3 4 6 4 6 8 17 25 34 35 53 32 30 21 21 31 41 36 20
42 45 19 10 3 26 23 39 62 65 32 33 21 19 23 26 15 43 65 79 48 50 59 30 23 22 13 27 37 7 34 53 33 37 23 38 37 27 29 28 40 32 13 16 26 43 53 44 46 36 36 24 17 8 7 16 13 16 24 11 8 3 4 3 3 8 9 8 7 5 3 2 2 1 0 0 1 3 3 3 2 8 9 17 30 31 40 36 32 22 17 30 33 30 23 21
48 45 27 24 8 9 24 35 76 33 37 24 18 18 18 22 18 38 73 52 10 32 81 33 23 26 13 18 19 34 31 31 26 28 33 22 20 12 14 27 44 24 14 12 14 26 51 37 51 35 27 23 16 11 4 6 9 9 12 11 5 3 2 2 2 5 3 4 5 4 4 2 1 0 0 1 2 3 5 6 5 12 23 28 22 27 52 43 30 29 34 26 29 33 30 15
44 46 31 17 18 13 27 31 71 39 17 38 30 18 17 16 14 55 54 32 55 60 72 57 32 19 24 40 16 47 37 33 34 23 39 21 26 22 8 22 16 13 16 30 40 44 50 41 61 61 51 40 20 15 4 4 6 9 9 11 7 3 2 1 1 2 2 3 4 3 3 1 0 0 2 2 2 4 5 6 6 10 13 13 22 29 32 41 44 43 43 33 35 19 30 28
40 33 27 20 19 21 13 23 43 68 39 23 33 19 18 16 21 46 37 44 35 49 71 56 37 48 20 29 33 56 32 26 31 32 19 14 24 21 19 18 7 9 17 56 37 29 51 32 49 55 63 44 33 23 9 4 3 5 7 6 7 3 2 1 1 2 2 4 3 2 1 0 0 0 1 2 2 4 5 5 8 11 20 16 19 16 33 39 34 34 33 52 34 39 52 30
37 39 23 18 24 22 21 26 31 49 54 22 18 19 20 21 22 24 31 40 41 53 79 54 47 31 44 27 31 49 33 13 19 21 27 13 16 20 14 9 6 13 38 60 19 35 39 23 44 43 44 53 43 37 30 19 5 2 3 4 4 3 1 1 1 1 2 2 1 1 0 0 0 1 2 3 2 4 8 5 12 15 16 11 11 17 22 16 29 41 29 35 29 15 26 27
82 60 44 17 15 24 20 24 29 44 56 37 30 25 27 22 20 25 25 19 47 44 69 54 31 25 31 34 30 22 41 18 18 22 18 24 17 20 8 9 29 31 41 18 20 30 21 24 30 40 53 51 64 49 41 30 21 5 2 1 2 2 2 1 1 1 0 1 1 0 0 0 1 1 2 2 2 2 3 3 6 7 10 8 5 9 12 15 20 25 36 49 30 25 26 7
49 80 66 43 24 15 16 24 31 37 73 47 36 24 19 17 18 11 20 21 35 39 57 62 33 25 21 23 31 32 30 42 27 15 13 26 20 10 5 15 24 52 32 19 25 27 21 17 32 42 30 34 43 51 46 34 24 19 9 1 1 2 2 1 0 0 0 0 0 0 0 0 1 2 2 3 2 3 5 4 6 6 5 6 10 13 15 14 19 33 34 37 27 24 21 27
24 85 37 77 57 45 18 21 23 44 62 42 31 19 17 13 7 9 20 23 36 52 38 57 50 35 30 22 22 30 28 39 31 26 12 21 9 5 10 10 35 35 36 14 16 25 9 13 34 46 27 30 37 37 67 49 38 22 19 3 2 1 1 1 0 0 0 0 0 0 0 0 1 1 2 4 3 5 7 9 5 4 5 8 15 16 13 12 27 27 28 17 20 30 25 22
45 50 36 75 55 60 40 13 18 22 46 44 22 21 15 8 8 9 20 35 16 14 57 59 64 54 45 43 18 14 16 23 20 17 9 9 5 4 6 10 34 17 17 13 11 33 10 14 44 46 36 17 11 8 54 41 38 23 12 8 3 1 1 1 1 0 0 0 0 0 0 0 0 1 3 4 6 8 12 13 16 24 16 20 21 18 12 11 19 20 21 29 38 38 35 29
56 48 46 42 53 35 68 29 11 12 26 32 23 15 12 7 6 15 18 18 31 59 70 70 76 59 47 30 28 17 26 28 22 17 16 11 7 5 12 22 20 14 11 10 18 39 23 24 55 51 54 21 7 3 15 15 25 25 10 7 3 2 1 0 0 0 0 0 0 0 0 0 0 1 2 2 8 10 23 16 23 26 33 24 22 21 13 17 30 19 18 21 23 14 19 18
57 46 54 45 51 24 39 53 11 9 25 29 38 14 7 4 6 8 22 32 57 60 71 64 68 73 44 31 29 26 22 20 17 16 9 5 4 4 7 24 17 11 8 7 7 15 17 14 42 56 40 24 27 7 7 16 9 11 10 8 3 2 1 0 0 0 0 0 0 0 1 1 2 2 2 3 6 13 14 30 35 32 24 34 27 26 28 43 32 11 14 10 15 30 25 26
53 62 65 50 29 25 26 28 20 8 17 24 30 13 5 2 5 13 32 58 44 29 64 57 55 67 50 32 30 25 20 15 13 10 8 4 3 5 18 25 12 8 6 4 6 20 6 15 49 25 36 22 17 10 10 12 14 10 8 6 3 2 1 0 0 0 0 0 0 0 0 1 1 3 4 8 11 19 26 27 41 50 52 51 54 43 45 40 29 22 19 24 16 17 30 24
34 31 42 47 27 30 18 17 21 13 7 14 15 11 4 1 9 20 30 33 37 33 55 75 37 44 40 47 24 18 16 13 12 12 11 3 3 12 30 9 5 3 3 4 9 14 14 55 68 14 9 32 17 10 8 7 13 9 7 4 3 2 1 1 0 0 0 0 0 0 0 1 1 2 3 5 9 8 9 18 27 31 35 41 57 47 54 50 39 36 23 23 36 29 22 21
17 19 20 24 25 20 18 16 18 13 5 5 7 10 2 2 6 11 17 21 30 27 23 37 32 30 28 30 16 14 12 11 8 6 5 2 8 16 9 6 6 2 1 3 8 13 29 24 54 20 8 21 24 10 11 15 10 8 5 4 2 2 1 0 0 0 0 0 0 0 0 1 1 1 2 3 6 7 6 8 16 21 28 26 52 49 60 62 45 55 46 46 38 37 27 46
