sesion_6_simulaciones/modelos_agentes/ejemplos_netlogo/scenarios/echam4_a2/rob_2014.asc
NCOLS 322 
NROWS 307 
XLLCORNER 451900 
YLLCORNER 4086900 
CELLSIZE 100 
NODATA_value -9999 
[rows 0 to 74 of 307, columns 96 to 191 of 322]
60 13 3 3 37 14 13 10 10 10 23 20 24 44 38 12 23 14 14 5 18 15 11 35 13 9 16 17 22 14 5 4 10 17 11 9 11 20 28 12 7 33 67 72 81 68 83 83 87 83 83 87 69 41 58 53 59 25 42 42 48 28 23 13 47 54 54 11 10 38 48 27 22 26 22 14 15 17 10 47 26 13 17 16 17 9 11 14 19 36 20 16 15 6 11 25
5 9 8 5 9 26 12 11 9 17 15 22 50 51 25 21 6 6 3 7 13 2 4 5 14 9 15 8 11 37 17 6 6 10 5 11 14 19 28 33 39 47 43 36 83 84 85 83 92 73 88 79 44 44 77 30 14 21 14 24 9 31 23 13 26 13 18 48 46 39 25 51 61 36 48 52 54 19 23 25 18 14 25 24 26 15 16 24 28 29 36 29 38 20 28 28
1 3 3 16 9 13 14 6 8 13 9 16 23 22 5 4 10 16 17 20 31 3 7 6 10 11 16 8 18 18 29 23 3 12 34 32 34 42 47 50 56 66 49 53 19 10 23 50 91 83 82 81 42 74 73 69 46 21 20 29 23 59 78 75 77 57 47 68 34 44 38 40 49 47 53 67 72 63 39 27 24 22 34 33 34 24 26 43 27 30 41 32 39 45 33 35
1 1 1 2 2 2 3 19 9 4 4 7 10 16 16 18 18 28 32 26 11 3 13 14 3 8 11 14 13 6 14 15 13 23 36 27 54 53 71 79 82 81 66 28 14 19 8 14 47 22 32 34 18 41 67 27 64 9 11 24 38 58 83 82 81 84 78 52 63 56 57 64 48 48 60 54 52 24 20 29 40 38 52 49 44 32 29 41 28 25 46 50 32 43 33 46
2 3 2 1 0 1 2 15 29 6 19 12 7 10 29 19 17 57 23 11 13 9 11 23 20 13 12 13 9 31 35 24 6 22 47 50 61 71 83 86 86 76 65 38 22 11 15 35 23 18 25 30 9 47 22 43 58 38 9 15 59 74 62 79 69 45 76 47 57 74 68 58 49 40 64 46 47 38 39 43 51 46 77 55 39 39 38 53 36 36 51 65 34 56 53 58
6 2 1 2 1 1 2 4 24 44 12 21 6 18 22 11 35 25 29 18 5 6 18 15 20 11 15 16 7 9 14 31 26 12 52 69 73 82 85 75 77 74 68 44 18 26 20 25 31 25 34 50 12 23 28 51 32 32 24 22 59 67 27 16 23 40 44 23 25 47 19 56 79 60 57 39 43 41 40 58 49 57 61 56 63 48 47 65 61 41 58 41 57 47 69 31
1 3 7 3 3 3 6 2 9 34 36 11 9 13 14 38 17 32 43 28 28 15 7 8 15 17 27 21 12 6 11 39 42 28 44 78 83 82 73 72 69 63 33 19 25 54 29 42 41 40 33 33 32 38 52 41 20 36 43 18 12 16 14 21 12 17 49 65 44 47 23 48 37 19 57 64 63 63 42 61 49 41 50 44 64 66 54 68 68 43 69 59 55 45 30 24
1 1 2 2 1 4 3 2 4 21 66 64 61 36 26 12 13 28 21 22 38 59 17 30 43 27 25 10 20 16 17 21 40 64 45 64 70 73 67 62 52 21 25 18 45 37 31 56 44 44 27 29 50 59 46 46 38 60 65 66 47 22 4 4 21 13 38 21 45 27 43 32 16 34 21 51 58 84 66 37 58 67 51 56 79 56 56 59 63 59 49 37 17 24 23 17
1 1 2 3 2 4 3 2 4 4 18 59 72 77 48 62 19 14 14 41 39 17 19 30 25 12 21 19 15 21 36 29 49 72 80 49 29 36 23 19 26 14 11 21 48 38 20 34 39 34 31 22 73 49 44 58 46 57 24 47 69 54 29 4 16 19 12 11 6 17 47 42 20 20 41 23 33 38 48 70 63 84 54 62 44 30 38 77 53 53 43 75 52 34 24 29
1 1 1 1 3 8 4 2 2 5 13 2 4 5 4 4 23 16 19 23 24 15 25 17 39 31 23 19 24 29 32 64 58 46 63 54 46 42 19 14 6 5 8 19 47 28 11 13 24 35 34 24 32 78 71 72 21 36 19 61 49 50 15 19 5 12 8 5 14 29 29 35 39 30 38 54 24 20 60 65 42 66 52 48 30 37 27 38 38 54 29 37 71 67 26 17
2 1 2 3 7 3 6 7 9 2 4 2 11 8 5 7 21 5 34 16 23 17 23 24 42 16 11 19 32 47 62 62 81 68 44 41 34 50 44 23 10 4 3 6 23 8 7 14 26 21 34 20 36 44 76 61 35 26 35 57 29 30 17 6 11 14 16 7 25 35 38 44 27 18 44 59 42 19 17 49 36 22 47 60 36 39 26 29 64 49 42 31 61 79 52 27
2 1 4 4 4 8 6 16 16 12 3 6 13 20 17 15 18 35 39 23 60 37 16 27 24 24 13 17 23 75 74 63 61 53 39 29 26 36 36 20 9 4 4 9 11 5 5 23 14 19 43 20 31 48 30 40 31 33 45 40 19 18 36 25 12 9 25 22 28 55 68 67 18 28 44 55 39 20 20 56 35 9 31 59 32 40 32 25 44 28 20 27 43 55 57 50
1 2 2 5 7 6 7 6 7 13 13 7 2 4 8 24 35 16 44 35 63 63 22 18 14 19 12 23 37 56 76 51 46 37 34 34 35 12 16 28 8 3 3 11 9 4 8 11 15 28 46 33 33 54 36 30 40 38 49 19 16 19 30 25 14 10 9 22 36 22 38 40 29 26 31 53 30 25 10 18 33 7 40 67 31 34 40 22 14 30 23 11 14 29 52 63
1 1 1 1 2 2 1 2 6 9 17 10 10 11 12 7 28 14 57 25 16 15 46 32 27 15 23 53 56 45 48 46 33 14 12 10 8 5 4 6 8 1 1 1 3 2 5 7 27 43 52 43 31 32 19 34 46 40 39 35 14 13 32 35 24 20 10 10 12 8 4 4 15 29 32 42 31 41 25 15 6 10 19 53 55 25 29 29 16 12 23 11 18 39 70 45
1 0 1 1 1 1 0 2 3 4 10 8 12 14 14 10 7 8 46 27 16 42 53 28 34 28 31 26 47 50 26 15 13 15 17 12 9 7 3 1 5 1 3 2 0 1 4 11 16 38 36 32 24 30 18 42 48 43 46 47 9 22 31 34 23 15 6 8 5 3 3 17 45 44 35 42 45 39 21 19 28 9 23 49 58 23 10 11 13 9 6 5 13 27 36 30
16 1 2 1 2 5 2 2 1 1 1 1 1 3 4 7 12 17 7 3 11 16 9 45 35 46 23 24 19 15 16 33 36 32 19 22 34 27 10 2 2 2 1 2 1 1 1 4 10 13 18 14 13 13 22 15 30 31 46 42 8 20 8 33 48 26 9 10 10 2 7 26 42 49 27 18 31 38 45 36 23 19 19 33 59 79 41 24 10 7 6 3 11 46 32 22
0 1 4 3 3 3 7 4 2 2 5 6 2 2 4 12 13 17 11 17 16 6 9 17 55 41 42 50 70 50 36 20 23 32 30 43 51 43 19 2 3 3 1 2 5 5 5 1 3 6 4 4 3 3 7 18 28 39 43 45 12 30 21 27 40 12 8 8 5 5 8 34 29 41 16 13 24 22 37 30 25 19 21 18 51 74 70 20 9 8 5 3 9 28 35 32
1 3 3 24 20 4 3 4 1 1 3 1 2 2 3 5 12 11 17 19 10 8 11 12 33 42 16 30 27 20 36 33 41 27 58 72 47 48 21 10 15 15 9 9 15 15 13 5 1 0 1 1 1 0 1 19 51 73 48 19 33 25 22 16 25 21 9 16 5 5 37 37 47 36 15 21 45 29 26 32 15 11 7 4 31 39 37 37 18 8 6 3 4 11 18 6
2 4 6 4 1 11 2 2 1 1 2 1 0 1 1 1 3 8 9 4 10 12 11 11 48 66 38 34 25 44 50 54 36 57 62 61 25 22 21 34 26 30 34 43 33 16 20 13 5 3 2 2 3 0 1 2 41 57 31 22 20 28 15 12 19 7 9 10 2 25 58 52 42 47 17 17 44 37 30 61 31 16 6 3 7 20 24 23 27 9 6 4 2 6 26 4
9 5 1 1 0 4 16 2 2 2 5 5 4 3 3 10 3 3 4 6 13 17 21 11 34 39 31 43 48 46 48 68 60 53 51 27 42 40 29 39 58 57 41 19 18 8 13 15 6 4 3 1 2 1 2 1 6 12 21 29 19 11 10 27 24 4 9 29 57 40 55 70 32 65 26 12 31 47 31 56 41 32 16 4 4 15 33 20 34 14 9 3 1 2 14 12
7 3 1 3 1 5 7 9 3 7 8 6 5 2 3 2 2 6 7 7 7 9 7 5 21 37 32 15 16 39 30 27 44 53 62 39 34 45 29 62 27 23 32 18 8 6 6 8 6 3 5 3 1 2 3 2 3 11 23 22 6 7 37 32 20 5 17 27 39 53 39 44 21 26 46 30 15 12 13 53 16 11 22 11 6 2 15 7 31 8 9 3 2 2 3 8
9 2 2 2 9 7 10 17 16 15 25 12 7 4 6 3 4 3 2 16 10 11 11 10 37 23 42 35 20 27 28 40 42 60 66 55 70 40 54 22 30 13 7 5 9 8 19 9 9 2 3 2 2 3 4 3 3 6 18 21 25 6 10 16 9 12 32 8 26 45 45 29 29 12 33 41 21 10 11 58 67 21 7 24 11 2 1 3 21 11 10 7 2 1 2 6
6 2 1 3 14 9 2 7 6 5 2 6 15 7 3 3 3 4 3 12 29 20 23 15 36 13 23 46 25 16 47 60 62 29 16 72 65 34 32 28 31 33 11 4 3 7 4 1 2 1 4 2 2 2 2 2 1 2 8 6 7 8 6 6 8 24 36 4 22 13 31 37 26 6 6 24 21 27 10 30 61 28 25 5 10 3 1 2 17 21 3 9 3 1 2 5
10 3 1 3 16 12 6 13 29 8 21 10 10 44 30 16 12 11 8 36 23 35 29 19 34 29 19 48 50 30 26 24 11 8 10 25 36 44 20 34 28 33 20 13 7 1 1 0 0 0 1 1 1 1 1 1 1 1 1 4 8 8 6 10 25 24 17 7 14 12 13 22 17 15 8 32 30 17 11 5 25 29 11 21 5 2 1 1 1 6 2 4 3 1 1 1
13 9 1 4 19 15 11 6 37 17 6 18 27 32 36 36 54 16 20 17 37 41 61 38 27 29 48 38 64 41 21 13 28 27 18 3 9 32 33 13 22 35 37 32 12 6 3 2 1 1 0 0 0 0 0 0 0 0 2 5 14 8 13 17 9 26 11 15 16 13 8 12 21 24 4 20 29 11 11 6 12 25 6 2 9 3 1 1 1 2 2 2 3 1 0 0
31 21 8 11 27 8 18 5 16 23 20 20 36 45 53 33 53 58 23 22 54 78 78 84 76 67 67 49 67 52 68 65 72 46 22 19 21 15 11 22 42 25 29 28 28 19 13 6 5 4 1 1 1 1 1 1 1 1 5 10 11 10 7 10 8 19 19 25 8 18 6 4 16 10 4 10 11 4 5 4 4 7 19 2 2 1 1 0 0 1 1 1 0 0 0 0
23 16 29 30 31 8 14 10 27 39 32 23 23 59 71 55 55 79 64 76 79 80 85 83 74 79 75 69 75 81 50 25 41 49 43 23 30 24 9 6 29 32 33 45 30 24 19 12 9 6 5 4 4 3 1 3 2 2 4 5 8 5 3 5 4 23 10 21 14 14 3 4 6 7 4 7 6 10 2 3 3 1 4 2 1 2 1 0 0 0 1 0 1 0 0 0
14 30 26 22 33 32 36 26 33 49 47 62 54 63 73 87 82 70 78 44 50 59 67 79 73 69 79 75 77 78 23 13 13 12 27 32 42 24 29 20 17 41 40 30 24 22 14 35 22 12 7 7 6 5 4 4 4 1 2 3 4 3 4 8 17 28 20 9 12 5 5 2 4 4 4 2 2 4 5 2 3 1 2 2 0 2 1 0 0 0 1 0 0 0 0 0
18 40 28 21 38 34 35 34 44 62 74 82 87 88 91 89 81 77 84 69 40 21 51 65 45 39 30 54 58 51 38 8 7 5 7 12 23 18 21 25 9 18 18 17 10 8 4 9 11 11 17 16 8 7 7 11 5 1 2 2 1 4 10 15 20 12 6 6 4 8 5 7 3 2 2 2 1 2 4 2 1 1 1 1 1 1 1 0 0 0 0 0 0 0 0 0
20 40 21 27 56 52 48 63 75 84 88 87 83 86 83 88 78 77 90 44 71 33 18 35 23 12 14 16 20 22 38 26 20 4 7 4 11 8 7 19 15 11 22 6 9 6 3 5 6 3 3 3 2 5 4 2 7 3 2 2 2 5 11 12 12 8 3 7 11 5 6 3 2 1 1 1 1 1 1 1 1 1 0 0 0 0 0 0 0 0 0 0 0 0 0 0
14 50 45 44 57 73 79 84 78 88 82 89 71 86 77 82 61 66 84 72 33 40 19 9 8 6 3 2 8 10 14 49 25 8 9 6 16 33 27 17 17 9 8 3 2 4 3 1 1 1 1 5 9 10 4 3 9 5 7 2 4 5 9 6 9 3 2 3 7 6 3 2 1 1 1 0 0 0 0 0 1 0 0 0 0 0 0 0 0 0 0 0 0 0 0 0
37 56 71 72 85 89 87 87 81 82 76 88 74 71 52 70 55 66 70 73 22 41 39 15 9 2 2 1 3 4 4 10 16 9 9 11 6 11 11 11 8 7 7 10 8 4 4 2 3 3 11 26 24 12 20 3 11 10 2 1 1 3 2 5 4 4 1 1 1 2 1 1 1 0 0 0 0 0 1 1 0 1 0 1 1 1 1 0 0 1 0 0 1 0 0 1
64 77 81 84 84 82 87 79 78 67 82 61 36 48 42 43 49 53 55 64 26 14 20 12 11 6 2 3 8 9 10 20 16 6 19 15 19 19 27 18 28 16 23 21 21 16 10 7 6 8 13 37 48 43 33 12 15 11 4 6 2 1 1 1 1 1 1 1 0 0 0 1 0 1 2 1 2 1 2 1 1 2 1 1 1 3 1 1 1 1 0 0 1 1 1 1
79 82 83 73 82 81 85 70 65 46 55 12 23 16 20 30 28 21 23 45 25 8 4 3 6 9 9 7 12 5 31 41 40 28 40 40 35 27 32 31 30 30 28 25 35 22 22 11 4 23 26 30 50 35 24 18 36 18 13 21 11 6 5 5 4 4 7 3 2 2 2 2 4 4 4 2 4 4 3 3 3 3 2 2 6 3 2 1 1 1 1 1 2 1 2 2
26 36 52 43 65 62 72 68 32 6 3 4 9 5 5 5 5 10 22 36 21 6 7 14 7 7 30 22 34 26 35 42 44 41 42 63 50 27 49 43 40 51 45 41 29 25 27 18 14 19 34 34 51 65 46 44 31 22 27 25 18 18 16 17 15 11 15 9 6 3 5 5 5 5 10 5 5 9 5 8 7 4 5 5 12 3 2 2 2 2 2 1 3 4 4 6
32 20 12 10 6 7 21 25 22 7 4 4 8 7 3 1 1 2 9 14 8 5 28 8 21 32 47 41 55 42 40 37 57 48 36 55 52 32 49 53 43 57 38 33 33 35 49 31 18 22 41 43 26 75 57 65 34 37 43 30 38 25 20 18 18 9 20 10 5 7 8 9 14 7 11 7 7 15 12 11 7 6 10 8 8 4 3 3 3 3 3 3 9 6 4 4
55 65 50 22 19 13 4 8 11 4 7 9 6 3 1 2 1 4 4 8 14 32 41 22 44 42 52 50 41 19 7 20 46 46 40 50 38 43 52 60 62 39 44 37 35 54 42 26 36 31 50 61 44 76 74 41 68 58 50 32 39 30 39 34 20 20 15 13 11 6 11 18 18 10 16 16 12 20 9 14 10 16 17 24 11 4 2 7 4 4 7 8 10 3 12 6
64 46 40 26 13 10 9 9 18 18 19 16 9 3 3 6 7 9 13 22 52 58 56 34 47 38 39 51 50 44 29 21 46 42 50 42 37 45 44 57 27 22 50 53 42 75 47 47 54 28 64 43 77 80 54 63 75 61 36 50 35 46 39 26 15 25 20 17 8 16 27 34 26 16 23 25 25 28 13 12 15 22 21 14 8 4 3 9 7 4 14 16 15 5 3 19
40 51 52 37 36 19 32 28 38 40 38 42 23 15 11 18 11 16 31 41 56 43 24 45 60 43 26 38 54 52 40 26 38 49 31 60 43 69 54 40 44 29 56 39 32 77 59 59 45 34 51 78 76 64 58 54 66 73 42 56 54 58 43 21 41 35 35 19 7 21 33 60 41 26 32 36 36 24 18 12 23 47 34 22 17 6 14 30 15 5 12 31 29 8 4 21
68 69 40 39 24 35 49 43 42 59 51 48 39 32 32 27 27 38 42 47 60 47 49 61 51 36 38 54 44 54 29 45 30 24 55 64 64 51 55 39 40 25 57 22 19 57 64 64 41 47 61 49 77 28 23 19 44 65 37 66 74 57 47 65 47 42 22 8 12 42 48 74 58 37 44 55 67 34 33 14 35 60 33 17 13 10 25 42 21 10 7 51 62 26 12 20
46 56 38 53 38 50 57 60 57 56 67 56 46 42 59 27 31 49 47 49 62 63 42 65 49 50 55 50 46 62 33 54 36 33 38 67 34 48 36 53 42 43 48 30 50 47 76 62 32 47 66 64 62 43 36 26 34 46 34 76 79 68 66 64 26 39 13 10 18 51 66 73 70 50 57 68 77 31 43 17 50 77 44 17 13 16 38 57 34 16 12 46 63 41 10 28
42 52 65 48 35 45 62 50 47 51 71 56 47 59 44 40 28 51 62 45 43 55 63 62 49 48 40 36 34 81 42 60 38 42 49 69 59 47 34 44 33 51 42 33 49 47 61 38 45 33 48 83 70 57 39 41 67 38 43 73 65 68 84 45 51 40 22 22 38 40 73 75 76 45 55 74 61 35 58 28 39 70 54 38 21 25 52 68 44 26 18 36 62 34 24 37
32 33 49 31 25 23 51 45 34 45 46 46 41 54 47 42 44 42 55 50 43 29 40 60 59 52 57 36 30 43 61 75 43 35 54 74 49 28 33 47 35 52 40 37 44 54 46 41 37 39 40 71 34 41 49 46 64 34 56 64 55 71 42 54 74 36 31 30 56 44 66 85 65 38 61 78 65 44 69 39 48 71 47 45 42 31 30 70 69 36 22 43 65 42 30 43
13 33 21 21 24 25 45 52 27 50 45 53 52 41 37 51 40 38 44 52 32 27 24 56 61 47 61 27 33 57 57 66 29 38 61 49 40 49 39 56 60 31 38 58 56 43 31 70 40 37 32 55 24 37 43 65 63 73 63 39 33 26 46 77 40 48 56 32 43 57 52 76 40 38 61 76 51 49 64 32 63 67 49 53 52 54 25 31 75 40 35 41 68 63 53 44
11 13 17 18 33 14 23 22 32 40 37 53 42 37 40 41 35 30 28 36 42 25 51 45 59 56 50 45 13 37 65 74 15 31 44 72 36 21 31 36 62 39 40 28 34 46 48 16 41 51 45 60 55 37 55 56 80 70 54 72 59 36 64 45 61 67 38 39 46 65 43 70 34 40 53 74 46 64 66 34 50 54 42 69 69 63 39 31 75 60 38 52 59 47 55 44
5 8 15 19 27 9 27 24 29 37 41 58 39 24 26 36 40 49 29 14 16 14 59 13 37 53 50 39 18 36 41 45 10 14 60 21 15 12 50 18 57 36 45 35 40 39 37 73 78 89 83 70 70 67 53 68 74 58 58 64 52 54 60 33 66 42 47 49 55 74 43 60 45 61 33 52 41 64 50 42 61 43 44 60 73 43 55 37 49 47 56 44 71 77 78 64
7 5 17 7 10 33 7 12 23 31 43 44 25 39 14 41 13 37 28 14 9 22 34 23 34 47 46 54 17 17 13 32 38 38 21 19 32 33 45 37 45 39 47 67 45 78 58 86 67 75 58 58 61 83 83 75 73 38 43 74 55 53 28 40 68 53 52 57 63 76 77 68 70 62 48 76 45 75 42 40 77 38 72 63 69 48 63 49 41 66 65 72 69 77 79 88
2 6 2 2 5 13 34 9 20 15 10 17 9 24 16 26 19 32 29 32 21 31 30 45 16 21 36 28 41 44 17 10 24 23 66 75 61 55 77 90 76 77 71 90 72 56 84 85 49 72 61 51 60 80 78 64 72 75 66 84 68 76 73 62 58 62 70 62 53 52 68 75 62 81 86 82 82 90 85 67 70 76 76 75 43 86 86 74 68 38 54 48 59 77 61 61
2 3 4 8 23 46 16 10 3 1 2 5 9 26 25 24 21 37 21 21 26 28 28 50 37 25 15 14 17 15 13 24 25 7 16 64 75 30 39 80 79 79 64 84 90 55 60 67 71 68 76 32 43 78 82 50 86 82 93 89 58 72 63 73 66 77 63 77 83 28 40 75 74 48 74 81 62 80 64 88 55 69 80 72 51 82 77 61 87 79 68 37 48 64 45 34
1 1 4 1 2 4 2 3 1 7 9 9 29 21 12 24 11 29 14 16 26 19 34 41 33 26 10 13 31 37 24 6 13 12 9 23 34 18 19 61 69 43 74 88 80 37 53 42 55 57 71 36 42 65 64 75 69 66 80 86 59 26 42 75 78 81 75 69 64 74 29 63 83 46 70 83 37 30 35 85 79 55 50 54 69 72 73 76 87 76 47 71 30 25 58 62
2 3 1 1 3 7 9 3 1 6 9 16 11 18 10 21 16 18 12 12 11 23 30 19 29 32 4 8 14 25 19 10 21 8 11 9 16 52 30 66 41 59 50 53 85 66 42 30 48 44 59 61 36 71 73 89 53 78 91 90 77 23 56 67 70 82 73 79 54 80 47 38 72 46 67 84 55 40 31 75 68 72 20 18 32 64 76 67 78 62 26 79 44 28 39 50
2 3 1 2 1 2 6 6 5 5 11 20 15 8 19 30 16 18 7 11 20 23 13 13 17 14 3 8 9 23 21 14 12 10 14 19 15 21 55 85 53 66 47 68 72 76 45 40 62 49 83 84 54 67 86 91 62 86 91 84 80 46 77 82 67 60 49 41 58 86 51 30 53 31 69 73 87 46 49 82 59 72 65 27 23 39 59 53 54 36 60 90 44 23 13 11
1 2 1 1 8 2 2 10 2 3 12 10 8 10 14 25 29 15 11 18 8 12 8 7 13 22 9 12 28 37 47 30 27 31 39 40 27 35 64 64 65 30 29 70 77 55 34 29 43 53 74 69 71 51 77 89 68 74 82 78 83 75 76 87 48 51 63 36 61 76 72 46 17 32 80 77 79 69 43 83 43 59 76 45 22 17 46 38 38 17 73 89 66 38 32 9
17 1 1 1 1 1 1 3 5 7 14 12 3 7 10 18 17 6 7 9 13 8 6 4 8 16 18 48 67 23 26 21 55 48 41 38 18 35 48 50 76 41 56 37 84 43 47 40 23 41 65 67 51 29 31 67 65 75 83 80 90 76 77 78 78 55 58 44 50 58 82 58 28 24 64 72 80 78 53 65 56 50 64 77 37 18 10 13 12 24 64 52 81 41 31 13
2 3 5 3 2 1 3 2 1 3 9 8 2 2 16 10 5 8 7 11 17 11 8 15 3 7 6 10 41 22 18 57 38 35 61 43 24 14 7 31 33 24 9 8 40 34 68 60 21 15 36 18 31 17 14 22 22 58 61 63 70 69 62 62 86 51 51 41 12 68 94 43 27 22 61 51 50 60 33 41 44 15 58 80 59 29 6 7 8 16 10 31 85 40 20 19
0 2 8 12 20 1 2 1 2 2 6 1 1 1 8 2 3 7 7 5 15 11 9 15 33 60 24 18 23 23 32 31 57 58 47 39 34 39 20 11 16 39 20 10 17 24 33 42 38 15 16 13 29 17 20 37 26 15 25 42 42 19 25 61 90 71 37 34 41 70 88 51 20 12 24 33 52 35 47 50 39 10 35 60 76 20 10 5 18 24 14 32 90 56 43 37
1 5 2 14 15 24 7 3 13 4 10 1 1 1 2 2 3 3 4 15 4 34 14 18 45 59 53 14 15 42 40 26 46 55 27 15 44 40 17 17 19 51 32 19 27 23 23 17 16 8 14 36 45 40 34 32 24 17 14 10 3 1 10 69 74 72 46 19 22 59 73 71 58 21 13 29 42 27 26 15 34 19 13 60 71 44 11 5 18 15 35 78 80 84 54 41
6 15 24 8 10 20 36 2 2 2 6 27 5 2 5 2 1 5 2 1 1 5 5 11 33 50 31 52 48 61 34 23 47 30 42 41 32 47 24 34 27 40 44 26 13 40 23 24 16 6 11 41 51 61 54 48 35 29 25 19 25 22 22 41 42 54 42 12 6 27 30 69 73 26 10 28 38 22 10 19 42 17 10 9 58 72 13 4 20 30 30 55 35 78 34 14
1 2 3 16 19 17 10 2 6 8 33 34 32 15 20 21 2 5 3 2 4 3 10 8 16 18 35 54 48 38 27 30 20 11 47 46 19 20 30 47 36 45 37 27 10 17 48 36 22 10 9 22 57 64 60 59 43 43 36 35 59 62 66 53 40 38 29 16 5 3 20 35 78 48 38 9 21 24 10 2 7 11 13 24 42 66 23 8 4 13 15 13 61 70 86 37
1 1 4 17 40 36 69 14 29 11 18 8 32 28 26 12 12 1 1 2 4 9 5 10 21 12 25 31 25 20 13 37 52 36 53 36 30 38 52 27 46 44 26 30 37 38 48 47 29 18 8 10 22 47 43 54 57 53 32 24 18 29 34 36 52 47 51 38 20 1 5 34 38 44 36 26 13 5 7 6 20 14 6 9 10 47 39 7 3 6 10 13 11 48 50 54
34 17 7 7 5 43 24 7 10 49 19 20 8 11 8 5 13 4 3 2 1 3 7 22 35 9 22 33 29 35 35 67 44 27 31 39 27 27 19 8 15 43 58 38 54 43 37 31 30 29 22 8 5 6 25 26 21 43 47 35 29 25 15 17 19 37 43 46 43 33 19 38 28 50 18 18 13 7 11 6 5 5 3 14 10 37 53 6 2 9 14 9 10 14 50 59
28 35 29 10 6 34 60 42 14 18 19 13 3 9 7 5 6 12 2 7 7 12 8 26 17 19 8 12 12 12 7 13 14 34 28 28 30 32 35 32 19 7 15 54 54 66 54 38 33 14 19 15 9 4 6 11 9 7 16 18 22 30 33 21 8 9 28 38 37 24 30 49 27 53 33 16 15 14 7 3 3 8 3 5 10 6 32 10 2 4 11 13 5 4 43 55
12 12 71 42 16 37 17 51 48 35 38 10 4 19 11 22 18 17 6 9 4 13 21 15 14 14 20 52 33 21 28 42 31 35 38 55 54 54 50 52 51 38 19 10 9 41 49 43 26 16 11 15 8 3 1 1 1 1 1 2 3 8 7 11 13 5 5 9 9 9 26 25 22 20 21 21 25 19 8 9 7 6 2 3 13 21 10 18 3 1 7 11 6 23 65 16
10 11 33 20 18 16 4 2 64 81 80 72 13 27 16 8 6 32 8 13 9 9 13 12 37 15 39 49 29 36 52 53 34 40 48 55 51 57 52 52 54 42 54 42 35 16 8 5 18 18 20 5 4 2 4 6 6 6 5 4 3 1 1 1 1 1 1 1 1 4 7 14 10 8 6 5 4 14 10 9 5 3 7 5 5 11 8 18 8 1 1 7 24 57 25 48
19 15 23 63 43 16 18 11 9 78 19 20 28 20 23 22 23 3 11 19 2 3 3 17 26 19 23 21 20 22 20 21 38 46 45 47 63 69 53 62 65 65 57 55 52 33 25 22 10 5 4 2 3 8 11 17 17 17 13 15 4 1 1 3 4 7 3 3 1 0 1 5 4 2 2 2 2 5 6 12 10 2 1 2 2 2 6 11 15 3 1 7 56 22 23 27
25 17 24 35 29 40 55 13 4 5 3 4 7 12 17 59 12 22 20 24 8 4 7 11 8 9 26 25 38 26 21 27 33 43 57 57 55 55 51 68 63 48 42 41 43 27 24 30 21 17 17 15 16 30 28 26 38 33 31 19 6 4 5 10 9 5 6 3 1 1 1 0 0 0 0 0 1 1 0 1 2 1 1 1 1 1 3 6 6 3 1 20 20 6 31 22
43 25 14 5 34 36 75 56 44 40 27 15 6 9 43 25 68 60 32 25 43 21 20 6 3 7 17 20 12 17 17 42 54 29 12 31 60 60 39 33 46 51 38 29 36 24 33 33 34 29 33 21 22 39 50 48 43 44 45 28 11 12 18 16 21 20 17 9 3 2 1 0 0 0 1 1 4 2 1 1 1 0 0 0 0 0 1 2 6 5 2 22 3 2 18 27
40 34 28 37 30 45 34 24 28 64 29 44 12 22 39 64 81 67 39 32 50 13 18 27 18 15 20 6 13 15 48 15 17 19 33 38 60 73 65 61 60 48 56 45 47 38 41 41 43 26 52 45 44 39 54 57 72 66 58 34 11 31 27 38 34 46 30 18 10 4 2 2 2 4 4 9 12 7 3 3 5 5 2 1 1 0 0 0 1 7 3 13 2 2 15 40
42 39 13 11 34 30 67 60 40 40 53 64 46 23 46 83 79 58 35 57 16 41 13 20 15 7 3 23 6 22 15 7 7 45 32 41 48 60 65 62 62 45 45 48 47 49 51 64 51 37 45 64 47 49 65 74 78 63 41 28 26 41 51 51 49 63 46 26 14 5 9 9 9 12 13 15 21 13 11 10 10 8 3 6 4 2 1 0 1 2 2 2 2 1 4 10
36 46 34 12 45 55 65 59 80 61 47 27 16 55 72 67 59 44 41 82 23 65 20 26 22 16 15 31 30 8 11 15 19 42 43 53 58 73 54 67 68 52 29 49 48 46 57 71 65 39 39 69 64 54 67 80 74 57 37 28 30 63 59 61 73 63 42 29 11 7 15 15 16 29 25 36 35 34 16 19 25 17 12 19 10 6 2 0 0 1 1 2 1 0 2 4
37 11 34 17 8 52 43 32 48 68 63 53 13 40 72 59 15 24 64 78 21 78 29 23 54 46 12 33 35 48 15 7 20 21 47 34 26 30 42 36 60 42 52 50 52 36 65 49 73 43 73 65 64 52 77 85 65 59 38 51 51 63 60 73 77 65 48 38 15 26 37 37 20 37 53 48 50 37 29 34 43 30 23 25 6 3 1 1 0 0 0 1 1 0 1 1
31 30 21 33 11 22 62 72 72 54 31 33 16 32 53 65 33 56 87 64 34 75 37 28 23 41 28 51 49 17 41 52 24 24 25 34 14 29 22 44 51 44 46 63 48 51 57 62 42 44 86 44 65 55 84 64 59 63 40 50 50 62 73 80 63 67 48 31 23 38 51 51 28 54 51 67 67 50 40 44 62 41 37 12 4 4 2 3 2 0 0 0 0 0 0 0
47 25 32 25 31 28 39 57 50 58 61 36 61 23 13 8 52 89 81 58 61 61 53 61 62 38 19 42 44 43 44 16 15 11 23 8 12 22 25 62 34 50 59 56 35 49 53 60 67 68 43 36 66 81 57 67 52 40 46 45 43 61 83 70 68 49 31 34 49 63 62 61 48 60 43 49 62 38 50 55 69 29 12 7 9 9 12 5 3 1 0 0 0 0 0 0
42 38 30 27 58 37 56 77 45 46 43 55 68 68 13 5 24 33 27 16 37 71 63 38 31 40 31 36 33 31 15 3 12 21 4 13 21 24 41 37 32 29 60 26 29 30 40 66 29 26 36 47 60 73 57 46 26 36 59 58 45 80 74 72 64 63 44 40 52 69 66 53 54 63 51 25 74 58 59 73 38 31 20 18 36 35 13 5 3 2 1 0 0 0 0 0
37 66 46 28 25 29 26 52 24 27 23 68 42 71 67 58 23 11 19 29 70 76 60 45 43 21 20 6 21 40 19 17 30 34 20 14 16 18 42 15 16 17 35 13 18 31 31 11 14 35 25 59 76 60 47 26 37 46 62 43 36 84 75 61 63 65 42 57 68 69 58 70 55 67 45 46 55 63 43 35 19 34 46 33 13 5 5 5 3 3 2 2 2 1 0 0
