sesion_6_simulaciones/modelos_agentes/ejemplos_netlogo/scenarios/echam4_a2/rob_2051.asc
NCOLS 322 
NROWS 307 
XLLCORNER 451900 
YLLCORNER 4086900 
CELLSIZE 100 
NODATA_value -9999 
[rows 0 to 73 of 307, columns 96 to 191 of 322]
5 0 0 0 3 0 0 0 0 1 1 2 3 9 10 3 5 3 4 1 4 3 2 8 2 1 2 2 3 2 1 1 2 3 1 1 1 2 4 2 1 13 40 51 62 52 61 58 74 53 50 52 28 11 19 23 19 5 11 7 10 4 3 2 11 18 24 3 3 17 26 12 12 16 14 11 13 18 10 55 42 26 39 42 49 34 38 41 49 63 41 29 22 8 16 31
0 0 0 0 0 1 0 0 0 1 1 1 7 11 5 4 1 1 1 2 3 0 1 1 2 1 2 1 1 8 3 1 1 2 1 2 2 2 4 6 10 16 17 14 76 81 78 70 89 64 71 54 15 17 44 8 3 5 3 4 1 5 4 2 4 2 4 20 17 15 8 26 38 19 32 41 49 21 23 30 28 25 41 47 53 38 37 48 51 43 51 38 46 23 30 33
0 0 0 1 0 1 0 0 0 0 0 1 2 4 1 1 2 4 4 5 7 1 1 1 1 1 2 1 2 3 5 5 1 2 7 6 6 9 11 15 23 34 23 30 9 3 11 35 87 73 70 71 22 53 40 33 18 9 5 7 4 26 48 36 55 22 17 28 9 15 11 14 22 26 32 52 65 64 38 26 28 28 42 43 52 41 45 59 38 38 48 36 44 44 30 33
0 0 0 0 0 0 0 1 0 0 0 0 1 2 2 3 3 5 7 5 2 0 3 2 0 1 1 1 2 1 3 3 3 6 8 5 17 17 36 53 63 67 45 13 6 9 3 6 23 8 19 15 8 20 41 7 39 2 3 8 11 30 63 60 65 66 57 16 32 26 24 30 20 22 36 37 44 19 16 25 37 38 52 52 54 41 39 48 34 32 49 47 32 42 24 48
0 0 0 0 0 0 0 1 1 0 1 1 1 1 3 3 2 14 5 2 3 2 2 5 3 2 1 1 1 5 8 6 1 7 15 16 25 40 66 75 78 68 51 23 12 5 9 18 10 7 15 13 3 36 8 16 25 13 2 4 34 54 43 64 42 19 61 29 41 52 31 27 18 17 37 26 31 27 30 35 38 35 75 53 38 42 40 54 37 42 46 60 27 45 53 54
0 0 0 0 0 0 0 0 1 3 1 1 0 1 1 1 4 3 5 4 1 2 4 3 4 2 2 2 1 1 2 6 6 3 19 37 45 65 77 62 73 72 65 34 12 19 10 15 17 13 17 34 5 12 10 24 11 10 7 10 39 42 11 6 8 23 31 8 13 19 6 23 64 45 33 18 24 25 22 41 31 40 46 44 52 39 38 58 53 38 50 38 47 51 65 29
0 0 0 0 0 0 0 0 1 2 2 0 0 1 1 3 1 3 7 5 6 3 2 2 3 2 4 2 1 1 1 8 11 9 21 63 71 72 70 71 72 69 35 18 21 44 23 34 26 25 18 31 21 18 26 16 6 14 21 7 5 6 5 10 4 7 30 50 30 29 9 30 13 6 47 36 32 40 19 36 30 23 29 24 45 47 38 54 52 28 53 44 45 40 25 23
0 0 0 0 0 0 0 0 0 1 8 8 10 2 1 1 1 2 2 2 7 20 4 9 10 3 3 1 2 2 2 4 13 33 25 57 55 69 70 63 59 22 28 24 50 38 31 56 35 32 17 22 37 40 24 22 20 47 57 56 29 10 2 2 11 5 21 13 33 18 20 12 6 14 8 31 46 72 57 21 35 44 27 37 66 42 44 51 59 59 35 29 11 19 19 17
0 0 0 0 0 0 0 0 0 0 1 9 12 29 7 11 1 1 1 4 5 2 3 5 3 1 2 2 2 3 8 7 22 53 66 28 20 29 23 22 36 20 16 31 61 48 25 35 40 28 22 17 71 34 27 41 28 41 10 24 59 36 15 2 11 9 6 7 2 8 28 23 8 10 31 11 17 24 31 59 57 78 44 52 25 18 31 71 36 51 33 70 50 30 20 28
0 0 0 0 0 0 0 0 0 0 1 0 0 0 0 0 1 1 1 1 2 1 3 2 4 3 2 2 3 5 8 34 31 28 47 38 37 36 20 20 11 10 17 35 65 39 16 17 27 33 29 16 26 81 66 62 11 21 9 43 28 36 7 9 2 5 4 3 9 15 15 20 23 19 29 44 15 20 58 65 32 62 46 37 18 24 16 33 34 48 24 44 76 66 24 18
0 0 0 0 0 0 0 0 1 0 0 0 1 0 0 0 2 0 2 1 1 1 2 2 4 1 1 2 6 13 29 36 72 52 31 30 35 52 49 32 20 8 8 11 40 15 16 22 31 23 34 17 31 36 79 61 23 14 20 37 17 18 9 3 6 8 9 4 15 30 28 32 21 14 36 52 32 13 16 53 34 29 47 59 26 28 20 24 63 49 45 39 70 81 55 28
0 0 0 0 0 0 0 1 1 1 0 1 1 2 2 1 1 3 5 2 9 3 1 2 2 3 1 2 4 42 50 43 45 41 32 25 30 53 46 35 20 9 12 21 25 12 14 38 21 24 49 21 32 50 27 45 26 22 31 27 10 10 23 16 7 5 18 18 30 60 66 69 15 28 44 50 34 19 17 57 31 6 34 63 26 35 30 27 51 33 28 34 56 63 64 54
0 0 0 0 0 0 0 0 0 1 1 1 0 0 1 2 4 1 6 5 16 15 2 1 1 2 1 4 11 29 55 35 35 32 34 49 50 20 27 47 19 8 9 31 26 11 22 23 28 39 55 44 42 64 43 35 37 31 42 13 11 14 22 18 9 7 6 18 36 23 48 41 31 22 24 53 22 19 7 17 36 6 44 72 28 32 45 27 20 51 36 17 24 39 60 72
0 0 0 0 0 0 0 0 0 0 1 1 1 1 1 1 6 2 13 4 2 2 8 4 2 1 3 21 24 22 29 33 25 13 14 15 15 10 10 16 19 4 3 3 11 9 17 19 51 65 71 67 50 54 33 48 48 39 32 33 11 8 25 25 19 17 8 10 12 7 3 3 21 29 26 31 21 33 19 12 5 9 23 59 62 29 38 41 26 24 46 23 36 56 79 61
0 0 0 0 0 0 0 0 0 0 0 0 1 1 1 1 1 1 10 5 4 9 10 3 4 3 5 7 25 29 15 9 9 12 19 16 15 13 7 2 15 3 10 6 2 3 17 33 40 70 70 66 53 61 41 65 61 47 46 49 8 26 36 33 20 13 6 9 5 3 3 21 48 39 38 46 41 32 16 17 28 9 27 57 67 30 15 19 24 20 15 14 31 47 55 50
1 0 0 0 0 0 0 0 0 0 0 0 0 0 0 1 1 3 1 0 2 2 1 16 6 7 4 6 7 5 7 18 23 25 17 24 43 43 22 5 6 5 2 7 3 4 3 21 36 41 52 42 42 41 53 37 48 41 54 46 8 24 7 32 48 28 9 10 13 2 9 37 45 48 20 13 23 32 41 35 26 24 25 51 72 85 57 41 22 18 17 10 32 67 57 40
0 0 0 0 0 0 0 0 0 0 0 0 0 0 0 1 1 2 1 2 2 1 1 3 14 7 11 14 39 29 17 10 13 21 21 39 53 56 40 4 10 9 4 6 16 18 18 4 17 28 20 20 14 17 27 48 50 53 56 53 15 31 21 24 36 11 8 9 7 7 9 38 29 41 12 11 19 18 45 32 31 31 35 41 73 87 84 35 24 21 20 15 34 57 65 60
0 0 0 1 1 0 0 0 0 0 0 0 0 0 0 0 1 1 2 2 1 1 2 3 7 8 2 7 9 6 16 15 21 14 41 66 44 52 40 21 31 33 23 24 37 36 40 22 7 3 3 5 3 2 9 54 80 89 64 28 50 30 26 17 30 19 10 19 6 6 41 42 43 36 12 27 47 27 34 37 24 22 16 11 60 66 64 63 42 25 24 17 21 41 44 24
0 0 0 0 0 0 0 0 0 0 0 0 0 0 0 0 0 0 1 0 1 1 2 2 11 19 8 8 6 14 21 27 16 34 41 47 19 23 26 51 39 47 54 64 57 38 48 40 21 15 11 10 14 2 3 12 79 85 59 36 33 40 20 15 23 7 9 11 3 31 58 56 46 54 19 20 45 44 43 72 44 30 17 11 22 48 54 53 53 33 26 26 13 26 67 20
0 0 0 0 0 0 1 0 0 0 0 0 0 0 0 1 0 0 0 1 1 2 3 1 8 7 5 9 12 12 15 43 30 27 29 17 31 34 30 40 64 67 59 34 40 22 37 45 26 20 19 5 10 5 11 7 28 41 52 54 37 21 17 34 29 5 9 33 59 44 65 79 36 74 34 13 40 67 45 67 57 51 38 17 18 50 71 55 62 42 36 22 9 17 53 44
0 0 0 0 0 0 0 0 0 0 0 0 0 0 0 0 0 0 1 1 1 1 1 1 3 7 5 3 3 10 7 7 16 24 39 20 21 34 21 59 35 36 56 43 27 24 27 37 34 17 25 21 8 13 20 15 20 42 60 53 17 17 56 48 25 6 26 33 44 55 44 48 27 35 59 43 27 25 29 67 31 29 48 36 28 13 54 36 63 32 39 20 13 14 19 41
0 0 0 0 0 0 0 1 1 1 1 1 0 0 0 0 0 0 0 2 1 1 1 1 7 4 10 8 5 8 8 14 20 50 46 30 64 26 44 20 39 25 20 20 36 37 62 47 45 18 21 17 17 17 28 21 22 35 59 59 58 17 25 27 15 18 46 10 34 53 61 38 46 21 54 64 38 23 28 78 84 48 22 61 45 14 11 19 58 43 34 36 14 13 12 37
0 0 0 0 1 0 0 0 0 0 0 0 1 0 0 0 0 0 0 1 4 3 4 2 9 3 6 15 7 5 21 45 49 13 6 68 52 22 23 24 35 49 30 19 17 41 31 12 16 13 27 17 18 19 19 22 13 21 38 28 26 24 14 13 15 36 50 6 29 21 46 59 49 18 18 46 45 57 30 55 85 62 52 24 42 19 6 16 55 61 17 44 25 12 16 28
0 0 0 0 1 1 0 1 2 0 1 1 1 4 2 1 1 1 1 7 4 7 6 4 10 9 5 19 22 12 9 10 4 4 5 14 28 33 13 29 31 46 42 42 32 10 7 5 3 3 11 9 6 8 15 7 9 10 11 22 33 25 15 22 47 39 26 12 23 25 25 47 39 37 28 65 65 45 40 22 62 63 44 61 26 16 10 12 12 38 12 24 20 8 7 12
1 0 0 0 1 1 1 0 3 1 0 1 2 3 3 4 12 2 3 3 8 11 26 12 8 10 26 17 40 21 9 6 13 14 8 1 5 34 29 10 22 43 56 61 42 33 25 18 13 12 5 4 3 1 2 2 2 3 15 28 43 25 32 35 20 43 22 28 35 30 21 34 52 57 17 55 61 42 45 30 46 60 32 16 42 24 11 11 7 15 14 14 22 10 5 5
3 1 0 1 2 0 1 0 1 2 2 2 5 7 10 5 11 15 4 5 23 56 60 72 60 52 51 31 50 35 62 64 63 34 13 12 13 10 9 19 39 30 38 47 56 54 50 36 31 25 14 13 12 12 10 10 10 9 28 42 38 31 23 24 20 40 37 49 18 45 21 16 48 36 19 42 40 21 27 24 25 31 56 14 14 9 12 4 4 8 7 12 5 5 3 3
3 1 2 3 2 0 1 1 2 5 4 3 3 16 23 15 17 53 31 55 64 66 72 76 65 73 69 64 69 75 51 19 36 46 36 16 21 17 7 7 27 34 40 57 50 50 54 42 41 36 27 26 27 25 14 23 15 16 28 25 32 21 12 14 12 46 29 46 39 43 13 19 27 33 22 39 35 47 15 22 22 9 27 16 8 18 6 5 1 4 7 5 6 4 4 3
2 4 3 2 4 3 5 3 5 10 10 20 17 22 38 68 61 49 64 23 31 36 55 70 70 63 82 77 77 77 19 12 12 13 27 27 34 18 26 19 21 45 50 44 50 48 39 64 55 40 33 34 32 30 26 27 28 8 17 17 20 12 14 23 40 59 53 30 37 18 23 12 24 26 25 16 15 22 29 14 21 13 19 15 5 14 7 4 1 2 5 6 4 5 2 1
4 8 4 2 6 4 5 5 9 24 37 54 73 75 84 82 68 71 75 56 27 13 39 59 43 39 30 57 61 55 34 7 6 4 6 11 20 18 23 27 11 24 33 36 21 21 13 30 39 37 49 48 34 32 31 43 31 10 12 11 8 18 33 42 50 41 23 24 17 32 26 35 17 16 17 14 13 13 22 15 13 11 10 6 8 6 6 5 3 1 3 2 2 3 1 1
5 11 3 4 15 12 12 23 41 61 79 75 81 83 77 89 70 72 87 37 68 27 16 36 24 16 21 23 22 23 47 26 16 3 6 3 11 9 10 24 21 21 41 17 23 21 12 24 22 14 13 13 11 20 21 10 34 19 13 10 13 20 37 40 43 32 16 33 44 25 29 19 16 13 11 6 7 7 11 10 9 8 3 6 3 2 2 1 2 1 1 0 0 0 1 1
3 15 13 12 19 31 49 63 58 81 75 87 73 85 78 80 52 63 83 69 31 34 18 10 10 8 4 3 12 13 17 61 25 7 8 6 24 51 50 34 33 21 19 11 11 16 16 6 4 7 8 20 31 31 17 17 35 21 31 10 17 23 36 25 39 18 12 22 39 35 23 16 8 13 9 4 2 1 3 4 4 3 2 1 1 1 1 1 1 1 1 1 4 2 2 3
14 26 38 40 62 79 71 77 78 79 74 89 73 76 56 73 54 72 70 74 20 42 41 16 11 3 3 1 4 6 7 13 17 8 9 13 7 16 16 19 14 14 16 25 25 16 18 9 14 16 39 57 50 33 52 12 39 35 9 4 4 15 13 28 21 22 12 7 10 14 12 12 6 2 2 3 4 3 6 8 5 6 4 7 7 7 6 4 4 7 2 2 10 6 4 7
41 55 63 75 74 72 77 79 81 71 89 66 38 58 50 54 60 62 62 69 31 18 27 15 13 8 3 5 11 12 13 22 14 5 17 14 18 18 30 20 35 22 35 35 40 39 29 26 22 26 37 63 66 65 63 32 43 36 19 24 13 3 4 4 6 5 9 5 5 4 5 4 5 8 14 13 21 13 20 10 11 17 9 15 10 27 15 6 11 10 4 5 10 8 6 13
67 79 79 67 79 77 84 70 71 54 74 17 30 23 34 47 49 37 35 57 33 14 6 5 8 11 11 10 14 5 38 38 33 22 29 31 29 25 28 29 31 34 36 35 51 37 47 30 17 53 47 48 59 47 37 32 63 38 31 49 37 25 24 24 23 22 36 24 18 15 17 17 27 27 27 16 28 25 27 26 23 23 21 21 33 24 16 13 13 8 11 7 15 8 20 20
12 18 51 49 68 62 76 69 34 7 4 5 13 9 9 11 13 25 41 56 31 9 11 18 10 9 32 22 33 24 35 34 33 29 28 50 39 19 39 35 34 46 45 45 35 35 44 33 28 40 51 45 57 65 48 51 40 32 41 44 37 42 41 44 44 38 50 39 34 18 31 31 30 30 43 31 31 44 29 41 40 28 31 30 50 24 21 19 18 17 15 12 24 27 26 37
15 10 7 7 5 6 21 22 22 8 5 9 15 16 7 4 3 6 27 29 16 9 34 9 24 35 42 31 43 28 26 23 41 37 20 34 33 21 31 39 31 50 32 30 31 36 53 38 27 31 50 46 28 73 48 64 35 38 47 39 54 41 37 38 39 28 55 38 24 34 34 33 46 32 45 33 33 48 46 48 35 32 46 38 41 29 25 24 21 21 21 20 48 37 28 28
29 45 36 15 14 12 4 8 11 5 10 14 12 7 3 4 1 12 10 15 24 41 45 20 37 30 37 34 26 11 4 13 27 27 19 31 17 22 30 40 45 25 31 28 27 50 40 26 40 40 49 60 36 74 67 31 60 54 50 32 45 39 55 52 39 45 39 39 37 25 36 50 50 36 49 48 38 54 37 47 37 50 51 62 44 29 15 35 28 28 37 41 48 22 49 31
35 25 24 17 9 8 8 8 17 20 23 24 18 6 6 15 16 21 24 35 61 55 57 36 31 22 23 29 29 25 13 11 25 19 34 18 15 23 21 35 14 12 31 37 30 63 34 38 51 32 59 31 62 62 33 46 68 53 31 46 34 49 51 38 27 44 43 39 25 39 60 63 56 38 50 55 53 58 39 37 43 54 55 47 36 22 21 43 35 22 52 54 51 25 16 56
15 25 34 25 26 14 29 21 28 32 34 46 35 26 21 32 19 31 41 46 57 41 18 31 44 25 12 19 29 27 19 11 17 22 10 29 17 39 26 17 22 14 35 23 24 71 46 44 35 29 38 62 56 38 35 31 51 62 33 48 47 60 48 28 53 50 54 41 23 42 55 75 62 44 52 59 61 47 40 31 47 73 66 58 51 25 46 68 49 24 43 67 66 34 18 55
34 47 20 22 14 25 35 23 22 39 37 41 35 33 37 34 35 41 45 41 49 34 29 35 25 15 16 29 19 26 14 20 11 8 24 26 30 20 24 16 18 9 36 9 9 42 40 46 23 33 37 22 58 12 9 7 23 49 24 53 61 49 43 65 53 52 35 16 28 58 64 79 68 51 54 71 78 52 52 32 55 79 54 42 39 33 54 71 52 33 27 76 82 57 34 48
15 27 16 33 22 34 30 28 27 26 42 44 30 30 56 26 32 40 35 33 45 36 18 33 21 21 27 21 22 28 11 21 11 11 9 22 8 15 11 22 16 16 24 12 33 28 55 36 12 24 35 26 30 15 15 9 13 22 16 55 64 54 57 67 27 48 19 19 27 61 73 75 71 55 59 73 83 43 56 28 61 85 60 33 30 38 59 74 56 39 31 67 77 67 26 50
10 18 43 26 15 20 26 17 15 21 42 30 24 38 25 23 16 32 39 22 20 28 29 28 17 17 13 12 12 46 11 21 10 11 11 21 17 13 9 13 9 19 16 13 26 16 27 12 14 8 14 39 25 17 12 14 38 14 18 44 40 47 77 38 49 44 29 33 43 50 71 72 74 41 50 73 57 37 62 32 49 75 62 52 32 38 63 74 56 46 35 49 71 47 37 51
5 4 18 6 5 4 12 11 7 12 14 16 14 23 20 18 20 19 26 22 16 9 16 22 19 15 19 10 8 11 14 25 8 5 10 19 8 5 7 12 8 16 11 11 15 13 21 7 6 6 6 20 4 7 11 11 24 8 22 30 25 50 24 38 67 32 30 39 53 47 57 79 55 31 52 71 58 41 62 40 48 70 45 40 42 31 35 74 72 44 29 49 70 46 30 52
1 2 1 2 3 3 6 9 4 10 10 16 18 12 11 19 13 14 16 20 9 7 7 17 15 9 16 5 7 14 9 12 3 4 8 5 4 8 6 12 17 5 7 16 12 4 3 16 4 3 3 7 2 4 5 16 15 26 23 12 11 9 26 60 24 32 50 27 37 38 37 64 27 23 39 61 36 41 53 23 57 60 34 38 43 48 20 34 75 39 30 42 68 53 43 36
0 1 1 1 2 1 2 2 3 5 5 11 9 8 9 10 10 8 8 11 12 5 13 9 12 9 7 7 2 4 10 14 1 2 3 10 3 2 3 4 18 5 4 2 3 4 4 1 3 5 3 11 6 3 6 7 27 17 13 33 22 11 35 18 36 49 19 23 23 36 15 53 13 17 23 47 22 52 51 22 36 37 25 48 53 53 29 31 68 46 27 43 50 30 39 29
0 0 1 1 1 0 2 2 2 3 5 12 6 4 5 7 8 15 7 3 4 3 16 2 5 7 5 3 1 3 3 2 0 1 4 1 1 0 4 1 10 3 4 2 3 4 3 12 24 32 26 12 20 14 6 13 18 11 11 14 10 12 23 9 38 14 18 17 18 33 10 27 13 27 9 23 15 39 24 17 44 19 20 29 51 22 32 18 44 31 34 25 58 60 61 50
0 0 1 0 0 2 0 1 1 2 4 5 3 6 2 8 2 7 6 2 2 4 5 5 4 4 4 5 1 1 0 2 2 3 1 1 2 2 3 3 3 4 6 13 4 33 10 48 18 22 12 11 27 33 50 21 22 4 8 16 11 14 3 5 14 9 9 12 19 22 25 20 21 15 10 37 10 33 10 11 45 12 40 38 53 25 35 27 30 50 39 58 61 65 74 86
0 0 0 0 0 0 2 0 1 1 1 1 1 2 2 4 2 5 5 6 3 4 3 5 1 1 2 1 2 3 1 0 1 1 11 12 5 8 19 32 15 16 17 38 17 12 32 43 9 34 17 13 22 41 36 22 27 30 21 42 25 42 38 10 17 20 24 22 15 25 38 28 27 57 59 57 63 80 66 40 46 60 63 57 20 79 77 64 54 22 42 29 42 74 50 64
0 0 0 0 1 4 1 0 0 0 0 0 1 2 2 2 2 5 2 2 3 3 2 4 2 1 1 0 1 1 0 1 1 0 1 9 16 2 4 21 22 25 11 46 57 14 14 25 43 28 39 7 11 47 51 18 61 45 64 57 17 41 23 23 18 30 23 48 50 6 11 45 51 14 36 67 32 60 38 71 29 59 76 59 35 77 66 58 82 76 60 30 48 62 43 30
0 0 0 0 0 0 0 0 0 0 0 0 2 2 1 2 1 3 1 1 2 1 2 3 2 1 0 0 1 2 1 0 1 1 0 2 3 2 2 9 20 6 37 58 34 9 21 13 29 27 43 13 17 39 37 56 41 26 47 63 26 6 14 44 38 51 46 36 47 44 10 47 69 22 43 74 16 12 27 80 72 43 36 54 60 73 65 77 86 77 44 67 30 24 59 70
0 0 0 0 0 0 0 0 0 0 0 1 0 1 0 1 1 1 1 1 1 1 2 1 1 1 0 0 0 1 1 0 1 0 1 1 1 13 5 18 8 25 16 18 58 34 16 9 27 30 32 40 16 55 55 81 32 58 81 77 58 8 31 36 38 73 65 70 42 68 27 20 62 27 52 75 35 31 19 61 49 60 13 14 25 68 74 70 81 65 27 70 46 34 52 61
0 0 0 0 0 0 0 0 0 0 0 1 1 0 1 1 1 1 0 1 1 1 0 0 1 0 0 0 0 1 1 1 1 1 1 2 2 3 17 46 18 41 18 43 38 53 24 26 43 45 76 80 37 61 83 89 54 79 87 73 60 28 59 67 42 37 31 23 53 80 33 21 47 21 55 64 84 33 48 83 60 73 65 24 22 43 65 62 56 42 65 88 48 31 19 20
0 0 0 0 0 0 0 0 0 0 0 0 0 0 0 1 1 1 0 1 0 0 0 0 1 1 0 0 1 1 3 1 1 3 5 7 5 8 40 25 31 18 12 59 59 30 19 16 30 49 71 63 63 40 69 90 58 62 77 71 79 68 70 82 30 39 46 30 56 73 66 41 10 29 72 77 79 70 34 86 35 65 78 46 27 25 56 43 47 23 77 87 68 45 48 20
1 0 0 0 0 0 0 0 0 0 0 0 0 0 0 1 1 0 0 0 0 0 0 0 0 1 1 2 9 1 1 1 8 6 7 8 3 13 26 25 50 23 48 23 79 26 31 26 15 32 67 57 38 18 20 54 67 76 81 79 89 74 77 77 71 45 54 39 53 58 82 57 28 27 58 76 81 80 56 71 66 61 68 80 46 29 19 20 18 34 75 55 79 51 47 29
0 0 0 0 0 0 0 0 0 0 0 0 0 0 0 0 0 0 0 0 1 0 0 0 0 0 0 0 2 1 1 6 3 4 16 9 6 3 2 11 11 8 3 3 18 23 63 47 18 10 32 13 21 11 9 16 18 54 61 57 65 72 67 64 87 47 46 38 13 70 90 44 28 24 67 58 59 64 35 49 51 23 70 81 68 43 12 14 16 25 17 40 80 49 32 39
0 0 0 0 1 0 0 0 0 0 0 0 0 0 0 0 0 0 0 0 1 0 0 0 1 4 1 1 1 1 2 2 8 14 12 9 9 16 6 3 7 18 8 4 8 13 23 35 35 11 15 12 24 12 15 29 21 13 22 42 41 18 32 66 90 70 37 42 52 77 88 55 21 13 24 38 61 47 58 64 52 16 53 70 81 34 22 12 36 42 24 42 89 64 58 60
0 0 0 0 0 1 0 0 0 0 0 0 0 0 0 0 0 0 0 0 0 1 0 1 3 7 3 1 1 3 3 3 7 13 5 3 15 21 7 6 7 26 15 8 15 13 16 14 15 7 15 37 43 39 33 31 21 17 14 10 3 1 11 77 78 76 51 27 32 70 81 77 64 25 15 39 54 40 43 31 54 40 26 75 76 63 28 18 41 32 54 82 83 83 68 63
0 0 1 0 0 1 1 0 0 0 0 2 0 0 0 0 0 0 0 0 0 0 0 0 1 4 1 5 5 9 3 3 15 7 13 17 13 24 13 18 13 24 26 15 7 28 16 22 16 6 15 53 62 66 63 53 38 34 30 28 30 26 27 48 51 64 55 23 10 47 43 79 79 36 18 47 56 43 26 45 70 36 24 25 77 79 31 17 49 59 55 76 52 78 50 32
0 0 0 0 1 1 0 0 0 0 1 2 2 0 1 1 0 0 0 0 0 0 0 0 1 1 2 5 9 4 3 4 3 2 20 23 7 11 19 37 23 29 23 17 6 11 42 32 22 15 13 35 76 77 72 73 61 60 51 50 78 80 82 73 60 57 47 30 13 8 36 52 82 65 59 21 42 49 28 6 21 34 36 50 69 76 50 28 16 37 40 34 78 77 86 60
0 0 0 1 2 2 9 0 1 0 1 0 2 3 1 0 1 0 0 0 0 0 0 0 1 1 2 3 2 2 1 7 16 12 25 17 16 27 47 23 41 37 18 26 31 30 42 43 31 24 14 22 49 73 71 79 79 77 56 45 36 50 60 67 76 73 75 63 40 3 12 51 59 67 58 52 34 17 23 22 54 44 22 31 30 69 69 26 13 23 30 37 30 71 58 74
1 1 0 0 0 2 1 0 0 3 1 1 0 0 0 0 1 0 0 0 0 0 0 1 3 0 2 5 4 7 8 27 16 9 14 24 15 18 13 6 12 52 60 36 58 41 34 35 36 38 35 18 14 18 59 59 55 74 75 67 61 55 41 46 52 70 75 74 71 61 42 65 56 75 45 44 34 24 34 26 22 25 16 45 34 71 75 24 10 34 42 29 31 29 59 75
2 2 2 0 0 2 6 3 0 1 1 0 0 0 0 0 0 1 0 0 0 0 0 2 1 2 1 1 1 2 1 3 4 12 11 12 16 18 24 23 15 6 19 64 65 77 66 49 43 23 33 35 27 16 25 41 34 29 45 52 55 68 68 55 32 37 65 74 73 59 63 79 60 81 68 50 45 46 27 15 17 32 15 25 39 27 62 35 9 19 37 39 17 12 52 76
1 1 12 3 1 2 1 9 3 2 2 0 0 1 0 1 1 1 0 0 0 0 1 1 1 1 1 6 4 2 3 9 6 8 12 26 28 34 30 36 40 32 17 12 11 62 69 64 43 30 23 35 28 16 6 6 7 8 8 9 16 36 32 43 46 24 25 39 40 34 63 62 62 59 55 58 62 56 34 39 35 30 15 16 49 56 39 45 15 6 25 35 20 38 78 36
1 1 3 1 1 1 0 0 11 18 17 10 1 1 1 0 0 2 0 1 0 0 1 0 2 1 2 4 2 2 7 10 5 6 12 19 20 29 28 32 36 32 48 44 43 29 14 10 37 39 47 17 16 10 16 24 24 24 23 19 20 8 6 8 10 8 6 5 6 21 33 48 44 40 33 25 25 49 42 36 26 14 36 30 32 44 37 54 34 9 6 25 46 77 45 70
1 1 2 17 5 1 1 1 1 24 1 1 2 1 1 1 1 0 0 1 0 0 0 1 1 1 1 1 1 1 1 2 4 6 7 10 24 32 23 33 41 47 46 47 51 39 35 33 23 13 13 8 12 28 31 43 42 43 41 52 23 7 7 21 22 35 17 20 5 4 11 24 21 14 14 15 18 24 31 48 41 16 13 15 16 19 31 44 51 14 7 20 81 52 45 56
2 2 3 9 4 5 7 1 0 0 0 0 0 1 1 8 0 1 1 1 0 0 0 0 0 0 1 1 2 1 1 1 3 4 9 13 15 19 19 39 42 32 28 31 37 29 26 38 32 29 34 36 38 50 46 44 58 61 61 54 29 22 24 39 37 27 34 16 6 7 7 2 2 2 3 3 8 7 3 6 12 8 8 6 6 7 19 31 28 17 7 54 57 32 64 56
7 4 2 1 8 6 29 10 6 4 2 1 0 1 3 2 10 5 1 1 5 3 2 0 0 0 1 1 0 1 1 3 5 2 1 3 17 20 11 12 22 35 24 18 29 23 32 35 43 36 45 29 31 45 57 59 60 62 70 60 38 36 47 44 53 55 56 43 21 17 6 3 1 3 4 10 25 16 9 9 6 4 2 3 3 4 7 13 31 31 11 66 19 12 50 64
7 7 6 15 7 10 6 3 3 18 3 7 1 2 4 7 22 9 2 3 6 1 1 1 1 0 1 0 0 0 3 1 1 1 2 3 11 27 24 37 33 26 37 29 37 31 36 38 41 25 55 44 41 36 52 56 76 74 74 57 30 51 47 62 61 75 66 58 44 23 17 17 18 23 26 38 46 33 21 20 29 31 14 7 8 5 2 3 10 33 21 52 12 12 54 77
9 11 3 2 12 8 30 18 8 7 15 22 8 3 6 28 29 7 2 8 1 7 0 1 0 0 0 2 0 1 1 0 0 3 2 3 5 12 19 25 32 21 24 27 29 33 39 53 44 34 43 54 38 41 58 67 76 67 53 45 43 51 62 62 63 80 73 60 51 28 39 41 41 46 46 46 59 43 41 41 40 37 22 30 28 12 10 2 4 15 13 15 14 8 24 46
9 14 11 3 29 22 30 22 50 25 15 5 3 24 22 17 15 5 4 23 2 8 1 1 1 1 1 1 2 0 0 1 1 2 2 4 7 16 11 25 31 25 10 31 28 30 36 58 44 22 26 51 47 38 52 71 70 55 40 29 33 63 60 61 79 75 65 59 33 29 43 43 45 57 52 65 64 66 47 50 61 49 48 57 41 32 15 4 2 9 8 17 11 4 11 23
10 3 13 5 2 40 15 10 20 40 26 17 2 15 46 16 2 4 14 21 2 14 1 1 4 2 0 2 4 7 1 0 1 1 3 2 2 3 6 5 20 14 22 22 24 14 43 25 41 16 51 37 37 29 54 76 52 46 31 41 41 55 51 69 78 71 63 62 35 51 62 62 43 59 69 66 68 59 51 59 68 62 55 62 29 19 7 6 3 1 2 9 8 2 8 5
9 10 6 13 3 8 38 53 52 28 11 14 4 7 25 35 8 13 41 21 5 20 2 1 1 2 1 4 3 1 4 9 1 1 1 2 1 2 2 6 9 8 9 18 16 12 14 19 9 14 62 14 30 22 58 34 34 43 24 32 32 46 59 73 57 69 58 43 37 52 64 64 41 64 61 69 74 61 53 61 75 63 64 40 20 22 17 19 15 4 1 1 4 3 2 3
17 10 14 10 13 13 20 33 25 44 43 17 43 6 3 2 23 68 56 16 16 6 5 6 8 2 1 3 5 5 3 1 1 0 1 0 0 1 1 8 3 8 8 10 6 6 6 9 13 21 8 7 23 35 17 31 27 19 21 22 21 35 72 57 60 48 34 38 53 64 61 63 55 64 44 54 62 41 52 59 77 46 30 31 38 43 53 32 18 6 4 1 1 2 2 1
20 17 15 13 43 22 55 75 39 26 25 44 46 47 3 1 6 8 7 2 8 13 8 3 2 3 2 3 3 2 0 0 1 1 0 0 1 1 2 2 2 2 7 1 2 2 2 10 2 2 4 6 9 20 15 17 8 12 26 27 23 55 51 55 49 56 37 34 45 62 57 45 48 64 43 26 70 48 54 75 46 47 42 46 73 75 53 28 23 15 6 5 3 1 1 1
