sesion_6_simulaciones/modelos_agentes/ejemplos_netlogo/scenarios/echam4_a2/rob_2089.asc
NCOLS 322 
NROWS 307 
XLLCORNER 451900 
YLLCORNER 4086900 
CELLSIZE 100 
NODATA_value -9999 
[rows 0 to 72 of 307, columns 96 to 191 of 322]
0 0 0 0 0 0 0 0 0 0 0 0 0 0 0 0 0 0 0 0 0 0 0 0 0 0 0 0 0 0 0 0 0 0 0 0 0 0 0 0 0 0 1 1 2 1 2 2 3 1 1 1 0 0 0 0 0 0 0 0 0 0 0 0 0 0 0 0 0 0 1 0 0 1 1 1 1 2 1 14 11 7 13 18 29 17 19 20 23 33 12 8 5 1 2 5
0 0 0 0 0 0 0 0 0 0 0 0 0 0 0 0 0 0 0 0 0 0 0 0 0 0 0 0 0 0 0 0 0 0 0 0 0 0 0 0 0 0 0 1 6 8 7 4 11 2 3 1 0 0 1 0 0 0 0 0 0 0 0 0 0 0 0 0 0 0 0 1 2 1 2 3 6 3 3 4 6 5 12 15 25 15 14 21 20 14 16 9 10 3 4 4
0 0 0 0 0 0 0 0 0 0 0 0 0 0 0 0 0 0 0 0 0 0 0 0 0 0 0 0 0 0 0 0 0 0 0 0 0 0 0 0 0 1 1 1 0 0 0 1 14 4 4 3 0 1 1 1 0 0 0 0 0 0 1 1 1 0 0 1 0 0 0 0 1 1 1 3 8 11 5 4 5 5 9 10 17 13 14 22 9 8 11 7 8 7 3 3
0 0 0 0 0 0 0 0 0 0 0 0 0 0 0 0 0 0 0 0 0 0 0 0 0 0 0 0 0 0 0 0 0 0 0 0 0 0 0 1 2 3 2 0 0 0 0 0 1 0 0 0 0 0 1 0 0 0 0 0 0 0 2 2 2 3 2 0 1 0 0 0 0 0 1 1 3 2 2 3 4 4 10 12 12 10 9 11 7 6 9 9 4 5 2 4
0 0 0 0 0 0 0 0 0 0 0 0 0 0 0 0 0 0 0 0 0 0 0 0 0 0 0 0 0 0 0 0 0 0 0 0 0 1 2 5 7 5 4 1 1 0 0 1 0 0 0 0 0 1 0 0 0 0 0 0 0 1 1 3 1 1 2 0 1 1 1 0 0 0 1 1 2 2 2 3 4 3 13 9 5 7 6 11 6 6 7 9 2 4 4 6
0 0 0 0 0 0 0 0 0 0 0 0 0 0 0 0 0 0 0 0 0 0 0 0 0 0 0 0 0 0 0 0 0 0 0 1 1 2 6 5 9 12 12 3 1 1 1 1 1 0 1 1 0 0 0 0 0 0 0 0 1 2 0 0 0 0 1 0 0 0 0 0 2 1 1 0 1 1 1 2 2 2 3 4 5 4 4 8 7 3 5 2 3 4 12 2
0 0 0 0 0 0 0 0 0 0 0 0 0 0 0 0 0 0 0 0 0 0 0 0 0 0 0 0 0 0 0 0 0 0 0 3 4 6 7 11 14 17 5 1 2 6 1 2 1 1 1 1 1 0 1 0 0 0 0 0 0 0 0 0 0 0 1 2 1 1 0 0 0 0 1 1 1 1 0 1 1 1 1 1 2 3 2 4 4 1 4 3 4 4 2 2
0 0 0 0 0 0 0 0 0 0 0 0 0 0 0 0 0 0 0 0 0 0 0 0 0 0 0 0 0 0 0 0 0 0 0 2 5 10 13 15 12 4 4 3 8 6 3 8 3 2 1 1 2 2 1 0 0 1 2 2 1 0 0 0 0 0 1 0 1 0 1 0 0 0 0 1 1 5 2 0 1 2 1 1 3 1 2 2 3 4 2 2 1 1 2 2
0 0 0 0 0 0 0 0 0 0 0 0 0 0 0 0 0 0 0 0 0 0 0 0 0 0 0 0 0 0 0 0 0 2 4 2 1 3 3 3 7 4 3 5 16 11 4 5 5 2 2 1 9 2 1 1 1 2 0 1 2 1 0 0 0 0 0 0 0 0 1 1 0 0 1 0 1 1 1 5 3 9 1 2 1 0 1 8 2 3 3 17 5 2 2 3
0 0 0 0 0 0 0 0 0 0 0 0 0 0 0 0 0 0 0 0 0 0 0 0 0 0 0 0 0 0 0 0 1 1 3 3 3 4 2 3 2 2 3 8 24 11 2 3 4 4 3 1 2 16 7 5 0 1 0 1 1 1 0 0 0 0 0 0 0 1 0 1 1 1 1 2 0 1 4 6 2 9 3 2 1 1 1 2 2 5 2 5 24 13 2 2
0 0 0 0 0 0 0 0 0 0 0 0 0 0 0 0 0 0 0 0 0 0 0 0 0 0 0 0 0 0 0 1 4 3 2 2 3 9 10 6 4 2 1 2 12 3 3 4 5 3 4 2 3 4 29 11 1 1 1 2 0 1 0 0 0 0 0 0 1 2 1 2 1 0 1 3 1 1 1 5 3 2 6 6 1 1 1 2 13 9 8 6 19 35 10 4
0 0 0 0 0 0 0 0 0 0 0 0 0 0 0 0 0 0 0 0 0 0 0 0 0 0 0 0 0 1 1 1 2 3 3 2 4 11 11 8 5 2 3 5 6 3 3 10 4 4 8 2 4 8 3 7 2 1 2 1 0 0 1 1 0 0 1 1 2 9 11 13 1 2 3 4 1 1 1 8 3 1 4 8 2 2 3 3 10 5 4 6 17 18 16 9
0 0 0 0 0 0 0 0 0 0 0 0 0 0 0 0 0 0 0 0 0 0 0 0 0 0 0 0 0 0 2 1 2 2 4 7 12 4 6 14 5 2 3 13 8 3 7 6 7 9 14 9 8 19 8 6 4 3 3 1 1 1 1 1 0 0 0 1 4 3 8 8 3 1 1 3 1 1 1 1 3 1 7 14 2 3 6 4 3 16 9 3 5 9 18 27
0 0 0 0 0 0 0 0 0 0 0 0 0 0 0 0 0 0 0 0 0 0 0 0 0 0 0 0 0 0 1 2 2 1 2 2 3 2 2 4 5 1 1 1 4 3 5 5 20 30 33 31 16 17 7 13 9 4 3 3 1 0 2 1 1 1 1 1 1 1 0 0 2 2 1 2 1 2 1 1 0 1 2 10 12 3 6 8 6 6 15 6 13 22 45 23
0 0 0 0 0 0 0 0 0 0 0 0 0 0 0 0 0 0 0 0 0 0 0 0 0 0 0 0 0 1 1 0 1 1 2 2 3 3 1 0 4 1 3 2 1 1 6 14 16 43 44 36 24 32 16 29 19 7 6 7 1 2 3 2 1 1 1 1 1 0 0 2 6 3 2 3 2 2 1 1 3 1 4 14 20 5 3 4 7 5 4 3 11 19 23 20
0 0 0 0 0 0 0 0 0 0 0 0 0 0 0 0 0 0 0 0 0 0 0 0 0 0 0 0 0 0 0 1 2 2 2 3 9 11 5 1 1 2 1 2 1 1 1 9 17 20 32 24 20 20 29 15 15 8 10 7 1 2 0 3 5 3 1 1 1 0 1 5 5 4 1 1 1 2 4 3 3 4 4 14 36 52 19 11 6 5 5 3 15 46 32 16
0 0 0 0 0 0 0 0 0 0 0 0 0 0 0 0 0 0 0 0 0 0 0 0 0 0 0 0 1 1 1 0 1 1 2 4 10 14 12 1 2 2 1 2 5 6 7 2 9 18 11 10 8 8 14 25 20 17 16 14 2 4 2 2 4 1 1 1 1 1 1 6 2 4 1 1 1 1 5 4 5 6 9 12 44 65 61 13 7 7 8 6 18 47 53 44
0 0 0 0 0 0 0 0 0 0 0 0 0 0 0 0 0 0 0 0 0 0 0 0 0 0 0 0 0 0 0 0 1 1 3 8 5 10 11 5 8 10 6 6 13 12 16 10 3 1 2 3 2 1 4 36 62 71 27 6 11 5 3 2 3 2 1 2 1 1 7 5 4 4 1 2 5 2 4 6 4 5 4 3 33 39 35 33 20 10 12 9 13 32 34 12
0 0 0 0 0 0 0 0 0 0 0 0 0 0 0 0 0 0 0 0 0 0 0 0 0 0 0 0 0 0 0 1 0 1 2 3 1 2 5 12 9 13 17 26 21 12 20 19 9 7 5 5 7 1 1 7 67 69 31 10 8 10 4 2 3 1 1 1 0 4 10 8 6 9 2 2 8 8 7 30 12 8 5 3 8 26 35 30 37 19 17 20 10 23 62 13
0 0 0 0 0 0 0 0 0 0 0 0 0 0 0 0 0 0 0 0 0 0 0 0 0 0 0 0 0 0 0 1 1 1 1 0 2 3 4 7 18 22 20 10 14 7 15 22 12 10 10 3 6 3 6 3 15 24 29 23 11 5 3 6 4 1 1 5 13 6 13 26 5 30 6 2 7 25 14 37 23 19 14 7 9 41 64 47 56 34 30 19 8 16 55 42
0 0 0 0 0 0 0 0 0 0 0 0 0 0 0 0 0 0 0 0 0 0 0 0 0 0 0 0 0 0 0 0 0 1 1 1 1 2 2 9 5 8 21 16 10 9 13 24 24 11 18 13 5 9 11 8 12 32 41 29 5 5 22 12 4 1 4 6 9 12 7 8 4 7 20 10 5 6 9 42 11 10 27 19 17 9 54 33 62 30 40 20 15 15 25 47
0 0 0 0 0 0 0 0 0 0 0 0 0 0 0 0 0 0 0 0 0 0 0 0 0 0 0 0 0 0 0 0 0 1 2 1 4 1 4 1 6 5 6 7 19 25 62 50 47 18 18 14 14 15 22 17 18 30 52 45 35 5 7 6 3 3 13 2 7 13 15 8 11 4 23 28 11 6 10 64 72 27 10 48 36 13 10 21 63 51 44 42 21 20 22 54
0 0 0 0 0 0 0 0 0 0 0 0 0 0 0 0 0 0 0 0 0 0 0 0 0 0 0 0 0 0 0 1 2 0 0 4 3 1 1 2 5 13 10 9 9 38 39 16 23 16 33 21 19 20 20 24 14 25 44 23 14 9 4 3 3 8 16 1 6 3 13 22 14 5 5 19 18 34 12 44 78 45 43 18 37 20 7 20 68 75 28 60 40 26 32 54
0 0 0 0 0 0 0 0 0 0 0 0 0 0 0 0 0 0 0 0 0 0 0 0 0 0 0 0 0 0 0 0 0 0 0 0 1 2 1 3 3 11 14 20 20 9 8 6 5 4 17 14 8 11 21 12 13 16 16 21 21 10 5 6 13 10 7 2 5 5 8 18 13 16 11 43 45 25 22 12 54 59 38 63 24 19 15 18 20 60 26 44 41 24 22 31
0 0 0 0 0 0 0 0 0 0 0 0 0 0 0 0 0 0 0 0 0 0 0 0 0 0 0 0 1 0 0 0 0 0 0 0 0 2 2 1 2 7 17 28 22 21 19 18 14 15 7 6 4 2 3 4 4 6 23 24 27 11 12 11 5 13 5 7 11 10 7 14 28 37 8 41 52 28 32 22 42 62 32 16 52 33 20 23 19 34 35 37 53 30 19 20
0 0 0 0 0 0 0 0 0 0 0 0 0 0 0 0 0 0 0 0 0 1 2 3 2 2 2 1 2 1 4 6 8 2 1 0 1 1 1 1 4 4 7 12 24 29 35 26 24 24 13 14 15 15 15 15 16 13 34 34 21 14 9 8 6 14 13 18 6 25 8 6 28 19 9 28 32 16 20 20 23 37 67 21 26 18 26 14 14 25 20 34 18 20 15 18
0 0 0 0 0 0 0 0 0 0 0 0 0 0 0 0 0 1 0 1 2 3 7 6 5 9 7 6 6 9 4 2 4 5 3 1 1 1 0 0 3 4 7 16 17 19 28 23 25 26 20 20 24 25 14 23 15 17 27 16 17 9 5 5 4 22 11 21 18 25 6 8 14 20 15 31 29 45 13 21 24 12 37 29 18 40 18 18 5 14 23 18 23 18 21 21
0 0 0 0 0 0 0 0 0 0 0 0 0 0 0 2 2 1 2 1 1 2 3 10 11 12 27 21 17 17 1 1 1 1 3 2 3 1 2 2 2 8 11 14 18 16 15 36 29 21 18 19 20 21 19 21 22 6 13 10 11 6 5 8 17 37 36 13 19 8 12 7 16 19 23 14 13 27 33 18 30 20 34 32 12 38 21 15 5 10 25 26 20 28 19 12
0 0 0 0 0 0 0 0 0 0 0 1 2 2 7 7 4 3 5 3 1 1 3 7 5 5 4 14 14 9 5 1 0 0 0 1 2 2 2 3 1 4 6 10 6 5 4 11 18 18 25 26 18 17 18 29 23 7 9 6 4 8 15 20 29 22 13 12 8 18 17 27 15 14 17 16 16 19 35 25 22 23 22 17 21 21 23 20 15 7 18 11 13 21 11 11
0 0 0 0 0 0 0 0 0 1 2 3 5 14 9 20 8 7 17 2 6 2 1 4 3 2 3 3 3 3 7 2 1 0 0 0 1 1 1 3 3 4 13 5 7 6 4 12 12 7 6 5 4 9 10 5 20 11 7 5 6 9 19 21 26 21 9 23 34 18 23 15 15 13 12 9 14 13 21 23 23 24 10 19 13 7 9 6 9 6 5 2 3 4 5 8
0 0 0 0 0 0 1 1 1 5 5 15 11 22 15 19 6 7 18 10 2 3 2 1 1 1 0 0 2 2 3 16 3 1 1 1 3 14 15 8 8 5 6 4 3 6 8 3 2 3 4 8 13 14 7 8 17 9 15 5 8 12 21 14 25 11 8 19 37 33 20 15 8 16 12 7 5 2 7 12 20 13 8 6 5 6 5 5 3 4 4 4 22 13 16 21
0 0 1 0 1 3 3 4 5 9 12 39 22 22 12 18 10 16 15 17 2 5 6 2 1 0 0 0 1 1 1 2 3 1 1 2 1 2 2 3 2 3 3 7 8 5 7 3 6 7 20 30 21 11 27 5 20 17 4 2 2 8 6 20 16 18 11 6 10 17 13 13 7 3 3 4 6 5 14 21 15 20 13 21 23 24 21 19 20 29 11 13 42 29 19 35
1 1 2 4 6 4 9 8 16 15 46 19 7 13 14 12 16 17 14 17 4 3 4 2 2 1 0 1 1 2 2 3 2 0 2 1 2 2 4 3 6 4 8 8 12 13 10 10 8 10 15 30 27 26 31 12 20 16 7 11 6 1 2 3 4 4 8 5 5 6 7 5 5 9 17 17 28 18 30 19 22 32 19 32 23 51 36 20 32 33 20 22 37 31 23 39
4 5 9 7 14 10 16 10 18 13 24 2 5 3 6 12 14 9 7 13 6 2 1 1 1 1 1 1 2 1 6 6 3 1 3 3 3 2 3 3 4 5 6 7 14 9 16 11 5 23 16 16 18 10 8 8 28 14 10 21 17 11 11 13 13 14 25 19 16 14 15 16 24 25 25 15 28 26 29 28 29 31 29 29 47 41 34 29 33 22 33 23 39 25 44 39
0 1 4 5 14 12 19 15 5 1 0 1 2 1 2 2 3 6 11 16 6 1 2 3 1 1 4 2 5 3 4 4 2 2 1 3 3 1 5 3 3 6 7 8 7 7 11 9 8 12 15 11 13 14 7 10 11 7 10 13 13 16 16 20 20 18 30 27 25 13 23 23 20 22 34 22 23 35 23 35 37 26 31 30 58 35 33 32 34 32 32 26 42 41 39 48
0 0 0 1 0 1 3 3 3 1 1 1 2 3 1 1 1 1 6 8 3 1 6 1 3 4 5 3 4 2 2 1 3 1 1 2 2 1 2 2 2 5 4 4 4 5 11 8 5 6 11 9 3 14 5 11 4 6 9 7 16 11 11 11 13 10 29 20 13 20 20 19 28 18 28 19 19 33 32 34 24 23 35 31 41 32 30 33 30 30 30 28 56 41 29 30
1 2 2 1 1 1 0 1 1 1 1 2 2 1 1 1 0 3 2 3 4 8 7 2 4 3 3 2 2 0 0 0 1 1 1 1 0 1 1 2 3 2 2 2 2 6 5 3 6 6 9 9 3 8 6 2 8 8 7 5 9 7 15 15 11 16 15 17 17 11 17 25 25 16 26 25 19 32 20 27 22 31 32 49 41 29 16 39 27 29 36 38 43 18 41 25
1 1 1 1 1 1 1 1 2 2 3 4 3 1 1 3 3 4 5 7 15 9 6 3 2 1 1 1 1 1 0 0 1 1 1 0 0 0 1 1 1 0 2 2 2 7 2 3 6 3 8 2 4 3 1 2 7 6 3 6 4 9 12 8 5 13 14 15 8 16 29 32 25 15 22 26 24 31 18 17 22 29 30 32 27 17 16 36 28 18 40 39 36 16 11 43
0 1 1 1 2 1 2 2 2 2 4 7 6 5 4 7 3 5 9 9 10 4 2 2 2 1 0 1 1 1 0 0 0 0 0 0 0 1 1 0 1 0 2 1 1 6 2 3 2 2 2 3 2 1 1 1 2 7 2 5 5 10 9 5 14 13 19 13 6 15 21 36 23 14 18 25 25 18 14 10 22 42 36 34 35 15 31 51 32 13 28 48 45 20 10 38
0 1 1 1 1 1 2 1 1 2 2 4 4 5 6 6 6 8 6 5 5 2 1 1 1 0 0 1 0 1 0 0 0 0 0 0 0 0 0 0 0 0 1 0 0 2 2 2 1 1 1 0 1 0 0 0 1 2 1 4 7 4 5 14 10 13 7 4 7 21 22 33 20 12 14 27 34 18 17 9 20 42 23 16 19 16 30 46 27 17 13 55 60 30 16 25
0 0 1 1 1 1 1 1 1 1 2 2 2 2 6 3 4 4 3 2 2 1 0 1 0 0 1 0 0 1 0 0 0 0 0 0 0 0 0 0 0 0 0 0 1 0 1 1 0 0 1 0 0 0 0 0 0 1 0 3 4 4 6 13 4 10 3 3 6 18 21 20 17 10 13 21 33 11 14 6 23 50 22 10 9 13 27 39 23 16 12 35 46 34 8 19
0 0 1 0 0 0 0 0 0 0 1 1 1 1 1 1 1 2 2 1 1 1 1 0 0 0 0 0 0 1 0 0 0 0 0 0 0 0 0 0 0 0 0 0 0 0 0 0 0 0 0 1 0 0 0 0 1 0 0 1 1 2 8 4 6 7 5 6 8 9 13 9 11 5 6 12 7 4 13 5 10 24 18 12 7 9 19 28 15 15 10 15 29 16 8 14
0 0 0 0 0 0 0 0 0 0 0 0 0 1 0 0 1 0 1 0 0 0 0 0 0 0 0 0 0 0 0 0 0 0 0 0 0 0 0 0 0 0 0 0 0 0 0 0 0 0 0 0 0 0 0 0 0 0 0 0 0 1 1 2 9 3 3 5 8 4 4 7 3 2 3 6 4 2 9 4 5 11 5 5 6 4 4 18 17 9 5 10 19 7 4 8
0 0 0 0 0 0 0 0 0 0 0 0 0 0 0 0 0 0 0 0 0 0 0 0 0 0 0 0 0 0 0 0 0 0 0 0 0 0 0 0 0 0 0 0 0 0 0 0 0 0 0 0 0 0 0 0 0 0 0 0 0 0 0 3 1 1 3 2 2 1 1 2 1 1 1 3 1 2 3 1 4 5 2 2 3 4 1 3 13 4 3 5 10 5 4 2
0 0 0 0 0 0 0 0 0 0 0 0 0 0 0 0 0 0 0 0 0 0 0 0 0 0 0 0 0 0 0 0 0 0 0 0 0 0 0 0 0 0 0 0 0 0 0 0 0 0 0 0 0 0 0 0 0 0 0 0 0 0 0 0 1 1 0 1 1 1 0 1 0 0 0 1 0 1 2 1 1 1 1 2 2 3 1 1 7 3 1 3 3 1 1 1
0 0 0 0 0 0 0 0 0 0 0 0 0 0 0 0 0 0 0 0 0 0 0 0 0 0 0 0 0 0 0 0 0 0 0 0 0 0 0 0 0 0 0 0 0 0 0 0 0 0 0 0 0 0 0 0 0 0 0 0 0 0 0 0 1 0 0 0 0 1 0 0 0 0 0 0 0 1 1 0 1 0 0 1 1 1 1 1 2 1 1 1 2 2 2 1
0 0 0 0 0 0 0 0 0 0 0 0 0 0 0 0 0 0 0 0 0 0 0 0 0 0 0 0 0 0 0 0 0 0 0 0 0 0 0 0 0 0 0 0 0 0 0 1 0 0 0 0 0 0 0 0 0 0 0 0 0 0 0 0 0 0 0 0 0 0 0 0 0 0 0 0 0 0 0 0 1 0 1 1 1 0 1 0 1 1 1 1 2 4 7 18
0 0 0 0 0 0 0 0 0 0 0 0 0 0 0 0 0 0 0 0 0 0 0 0 0 0 0 0 0 0 0 0 0 0 0 0 0 0 0 0 0 0 0 0 0 0 1 1 0 0 0 0 0 1 0 0 1 0 0 1 0 1 0 0 0 0 0 0 0 0 1 0 0 1 2 1 2 4 2 1 1 2 2 2 0 8 5 3 2 0 1 1 2 6 3 6
0 0 0 0 0 0 0 0 0 0 0 0 0 0 0 0 0 0 0 0 0 0 0 0 0 0 0 0 0 0 0 0 0 0 0 0 0 0 0 0 0 0 0 0 1 0 0 0 0 0 1 0 0 1 1 0 2 1 1 1 0 1 0 0 0 0 0 1 1 0 0 1 1 0 1 2 1 2 1 5 1 2 6 2 1 6 4 3 9 7 5 1 2 5 3 2
0 0 0 0 0 0 0 0 0 0 0 0 0 0 0 0 0 0 0 0 0 0 0 0 0 0 0 0 0 0 0 0 0 0 0 0 0 0 0 0 0 0 0 1 0 0 0 0 0 0 1 0 0 1 0 1 1 0 1 1 0 0 0 1 1 1 1 1 1 1 0 1 2 0 1 3 0 0 0 8 4 2 2 2 4 9 7 11 19 13 3 11 2 2 9 17
0 0 0 0 0 0 0 0 0 0 0 0 0 0 0 0 0 0 0 0 0 0 0 0 0 0 0 0 0 0 0 0 0 0 0 0 0 0 0 0 0 0 0 0 1 0 0 0 0 0 1 1 0 2 1 5 0 1 4 3 1 0 0 0 1 2 2 3 1 4 0 0 2 1 1 4 1 1 0 7 3 6 0 0 1 8 13 10 23 11 2 13 4 4 11 18
0 0 0 0 0 0 0 0 0 0 0 0 0 0 0 0 0 0 0 0 0 0 0 0 0 0 0 0 0 0 0 0 0 0 0 0 0 0 0 1 0 0 0 1 1 1 0 0 1 1 5 5 1 2 10 16 2 6 7 3 2 0 2 3 1 1 1 0 2 9 1 0 2 1 3 3 12 1 2 19 4 10 7 1 2 4 11 10 9 5 12 41 5 4 3 4
0 0 0 0 0 0 0 0 0 0 0 0 0 0 0 0 0 0 0 0 0 0 0 0 0 0 0 0 0 0 0 0 0 0 0 0 0 0 0 0 0 0 0 1 1 1 0 0 1 2 7 4 4 1 7 19 4 5 7 4 6 3 4 7 1 1 2 1 4 7 5 2 0 1 9 9 11 8 2 23 3 12 23 5 3 3 12 9 9 2 29 46 16 8 12 5
0 0 0 0 0 0 0 0 0 0 0 0 0 0 0 0 0 0 0 0 0 0 0 0 0 0 0 0 0 0 0 0 0 0 0 0 0 0 0 0 1 0 1 0 4 0 1 1 1 2 7 6 2 1 1 4 7 13 16 12 26 9 11 9 6 2 3 3 7 7 17 4 2 1 6 13 22 21 6 12 15 15 22 30 8 6 4 3 3 6 29 17 32 11 14 11
0 0 0 0 0 0 0 0 0 0 0 0 0 0 0 0 0 0 0 0 0 0 0 0 0 0 0 0 0 0 0 0 0 0 0 0 0 0 0 0 0 0 0 0 0 0 3 3 1 1 2 1 1 0 0 1 1 7 8 7 11 13 12 9 25 3 4 4 1 16 47 4 3 2 13 8 8 13 4 8 12 4 29 44 23 11 3 3 3 4 3 9 40 12 7 15
0 0 0 0 0 0 0 0 0 0 0 0 0 0 0 0 0 0 0 0 0 0 0 0 0 0 0 0 0 0 0 0 0 0 0 0 0 0 0 0 0 0 0 0 0 0 1 2 3 1 1 1 1 1 1 2 2 1 2 5 4 2 4 15 39 10 3 6 9 28 47 8 2 1 3 5 14 8 15 24 13 3 19 37 52 10 6 3 12 14 6 11 61 22 18 29
0 0 0 0 0 0 0 0 0 0 0 0 0 0 0 0 0 0 0 0 0 0 0 0 0 0 0 0 0 0 0 0 0 0 0 0 0 0 0 0 0 1 0 0 0 0 1 1 1 1 1 4 4 4 3 3 2 1 1 1 0 0 1 27 24 19 8 4 5 30 44 31 15 3 2 7 14 11 12 7 19 13 7 51 54 33 11 7 19 11 26 60 61 55 31 34
0 0 0 0 0 0 0 0 0 0 0 0 0 0 0 0 0 0 0 0 0 0 0 0 0 0 0 0 0 0 0 0 0 0 0 0 0 0 0 0 0 1 1 0 0 1 1 1 1 1 1 11 15 16 13 9 5 4 4 4 4 3 4 9 9 16 13 4 2 15 11 38 36 7 3 14 22 13 9 21 45 15 7 8 57 63 15 9 35 36 32 57 23 54 21 14
0 0 0 0 0 0 0 0 0 0 0 0 0 0 0 0 0 0 0 0 0 0 0 0 0 0 0 0 0 0 0 0 0 0 0 0 0 0 1 2 1 1 1 1 0 0 2 2 2 2 2 7 37 42 31 29 21 18 13 13 37 42 49 36 22 18 12 7 3 2 11 20 56 26 25 6 15 20 10 2 9 16 19 34 52 68 33 21 10 23 21 16 63 63 74 33
0 0 0 0 0 0 0 0 0 0 0 0 0 0 0 0 0 0 0 0 0 0 0 0 0 0 0 0 0 0 0 0 0 0 0 0 0 1 2 1 3 2 1 1 1 1 3 5 3 3 2 5 19 45 39 48 59 50 23 15 10 19 28 37 57 49 49 32 14 1 3 22 30 39 24 23 13 6 9 9 32 30 12 18 16 59 60 21 10 15 18 19 14 55 41 55
0 0 0 0 0 0 0 0 0 0 0 0 0 0 0 0 0 0 0 0 0 0 0 0 0 0 0 0 0 0 0 0 0 0 0 0 0 1 1 0 1 6 9 3 7 4 3 3 5 7 7 4 4 5 32 34 33 60 60 45 35 28 18 22 30 56 62 59 54 41 19 38 30 60 21 20 14 10 17 12 11 17 10 36 24 63 74 20 9 31 33 18 18 19 47 62
0 0 0 0 0 0 0 0 0 0 0 0 0 0 0 0 0 0 0 0 0 0 0 0 0 0 0 0 0 0 0 0 0 0 0 0 0 1 1 1 1 0 1 16 20 28 17 9 8 4 7 9 9 6 12 26 21 17 34 41 45 54 56 43 20 24 59 70 68 50 48 67 42 72 54 32 28 29 15 8 11 28 11 21 33 19 63 34 10 24 39 33 11 7 42 68
0 0 0 0 0 0 0 0 0 0 0 0 0 0 0 0 0 0 0 0 0 0 0 0 0 0 0 0 0 0 0 0 0 0 0 0 1 1 1 2 2 2 1 1 2 23 33 26 13 8 5 11 11 8 3 3 3 4 4 6 13 30 26 41 48 22 23 41 40 31 58 55 55 51 51 54 61 52 26 32 31 28 13 14 53 60 38 49 17 7 36 36 16 32 73 30
0 0 0 0 0 0 0 0 0 0 0 0 0 0 0 0 0 0 0 0 0 0 0 0 0 0 0 0 0 0 0 0 0 0 0 0 0 0 1 1 1 1 4 5 7 5 3 2 13 15 21 5 6 5 6 11 10 10 11 10 12 5 4 7 11 7 6 5 7 24 34 49 44 39 31 26 28 55 45 37 29 21 48 40 43 57 45 60 41 13 11 31 47 79 46 69
0 0 0 0 0 0 0 0 0 0 0 0 0 0 0 0 0 0 0 0 0 0 0 0 0 0 0 0 0 0 0 0 0 0 0 0 0 0 0 1 1 2 2 4 6 5 5 7 5 3 3 3 5 11 12 17 17 18 19 30 13 4 4 14 15 26 13 16 5 4 12 35 28 18 17 20 27 39 47 62 55 26 21 27 28 32 48 58 62 23 11 27 87 61 51 64
0 0 0 0 0 0 0 0 0 0 0 0 0 0 0 0 0 0 0 0 0 0 0 0 0 0 0 0 0 0 0 0 0 0 0 0 0 0 0 1 1 1 1 2 3 3 3 6 6 6 9 11 13 17 13 12 22 26 30 30 16 15 15 24 21 17 24 13 7 10 10 3 3 3 5 4 11 12 6 13 24 17 17 14 16 17 43 54 44 28 12 65 72 44 72 70
0 0 0 0 0 0 0 0 0 0 0 0 0 0 0 0 0 0 0 0 0 0 0 0 0 0 0 0 0 0 0 0 0 0 0 0 0 0 0 0 0 1 1 1 2 2 4 5 6 7 9 5 6 9 13 13 16 21 32 32 19 17 23 22 28 34 38 34 19 21 7 3 2 5 6 12 30 22 15 14 11 10 7 10 11 18 25 37 58 54 24 81 37 23 64 79
0 0 0 0 0 0 0 0 0 0 0 0 0 0 0 0 0 0 0 0 0 0 0 0 0 0 0 0 0 0 0 0 0 0 0 0 0 0 0 0 0 1 1 1 2 2 3 3 5 3 9 5 4 4 7 8 20 24 31 23 9 20 16 25 27 46 42 44 37 23 17 18 18 23 24 34 42 31 20 21 35 46 30 18 25 18 8 16 34 68 47 77 33 32 75 91
0 0 0 0 0 0 0 0 0 0 0 0 0 0 0 0 0 0 0 0 0 0 0 0 0 0 0 0 0 0 0 0 0 0 0 0 0 0 0 0 0 0 0 1 1 2 2 4 3 2 4 5 2 3 6 8 14 13 12 11 12 13 18 18 20 42 45 40 35 18 29 31 29 33 30 30 41 30 29 31 33 36 26 42 48 33 36 13 20 49 43 45 44 28 57 77
0 0 0 0 0 0 0 0 1 0 0 0 0 0 0 0 0 0 0 0 0 0 0 0 0 0 0 0 0 0 0 0 0 0 0 0 0 0 0 0 0 0 0 1 1 1 1 2 1 1 1 2 2 2 3 5 7 6 5 3 4 11 9 11 25 30 31 30 15 13 23 22 25 36 28 37 37 42 25 29 40 35 40 57 53 57 44 20 13 43 40 55 41 20 45 66
0 0 0 0 0 0 0 0 0 0 0 0 0 0 0 0 0 0 0 0 0 0 0 0 0 0 0 0 0 0 0 0 0 0 0 0 0 0 0 0 0 0 0 0 0 0 1 0 1 0 1 1 1 1 1 4 2 3 2 3 3 4 4 8 17 19 22 28 11 21 28 29 18 28 31 25 27 24 20 30 35 38 38 59 38 36 25 27 19 13 22 44 43 16 40 31
0 0 0 0 0 0 1 1 1 0 0 0 0 0 0 0 0 0 0 0 0 0 0 0 0 0 0 0 0 0 0 0 0 0 0 0 0 0 0 0 0 0 0 0 0 0 0 0 0 0 1 0 0 0 1 1 1 1 1 1 1 2 3 8 5 13 13 11 8 14 20 21 11 24 14 19 22 16 13 21 35 29 45 35 26 38 38 54 54 29 8 9 29 22 19 26
0 0 0 0 0 0 1 1 1 1 1 0 0 0 0 0 0 1 1 0 0 0 0 0 0 0 0 0 0 0 0 0 0 0 0 0 0 0 0 0 0 0 0 0 0 0 0 0 0 0 0 0 0 0 0 0 0 0 0 0 0 1 3 3 4 4 4 6 9 13 11 13 9 12 5 8 8 4 8 11 27 16 16 23 33 46 68 59 56 38 30 12 7 16 15 12
