sesion_6_simulaciones/modelos_agentes/ejemplos_netlogo/scenarios/echam4_a2/rob_2015.asc
NCOLS 322 
NROWS 307 
XLLCORNER 451900 
YLLCORNER 4086900 
CELLSIZE 100 
NODATA_value -9999 
[rows 222 to 295 of 307, columns 0 to 95 of 322]
22 30 41 58 47 35 47 35 8 23 27 30 53 24 21 13 12 5 6 8 19 32 32 41 33 29 22 37 56 32 22 49 62 36 61 53 32 32 40 66 39 38 51 66 59 75 55 59 63 81 80 54 38 35 32 15 18 31 17 20 23 13 7 19 10 12 5 6 4 2 2 1 1 0 0 0 0 0 0 0 0 0 0 0 0 0 0 1 1 0 0 0 1 2 4 2
45 53 41 29 31 40 39 47 27 13 16 32 35 17 9 10 12 24 29 29 32 45 29 66 51 48 38 39 33 49 32 47 39 45 70 21 25 37 44 67 63 58 49 72 35 21 34 21 22 63 71 52 46 27 21 21 10 12 18 20 13 21 7 10 14 6 4 5 5 2 1 1 0 0 0 0 0 0 0 0 0 0 0 0 0 0 0 1 2 2 1 1 2 2 0 0
42 65 68 75 58 56 45 48 33 40 47 60 27 21 20 29 27 44 25 26 64 19 40 46 47 37 28 63 46 44 42 50 42 61 40 31 42 53 46 64 63 63 61 87 80 70 59 57 49 24 30 40 25 19 12 11 10 13 12 11 11 12 6 21 20 9 4 2 2 1 1 1 0 0 0 0 0 0 0 0 0 0 0 0 0 1 0 1 3 3 1 2 3 2 0 0
52 60 49 67 63 68 38 27 20 57 55 43 27 21 25 32 11 6 4 44 23 36 65 53 39 49 41 49 42 30 43 43 59 19 22 50 42 67 46 70 64 72 77 61 62 76 61 67 69 43 21 21 14 17 7 8 9 14 8 6 10 5 3 2 4 3 2 2 1 0 1 0 0 0 0 0 0 0 0 0 0 0 0 0 0 1 2 2 9 7 6 6 2 1 0 0
18 31 35 24 31 76 51 12 39 44 57 28 44 38 9 6 4 3 16 48 18 48 63 65 47 46 33 16 39 30 46 70 58 32 40 46 69 79 57 65 78 81 81 53 64 67 67 35 61 73 28 17 6 9 8 11 7 6 5 3 2 2 2 1 1 2 2 1 1 0 0 0 0 0 0 0 0 0 0 0 0 0 0 0 0 1 4 8 10 14 6 2 2 1 0 0
42 30 34 31 37 31 18 22 19 30 50 56 57 16 4 4 21 32 52 65 36 41 61 74 65 40 52 26 33 49 24 50 78 39 28 34 53 51 82 89 64 56 41 69 49 52 69 48 33 14 24 28 21 15 13 12 11 5 4 3 2 1 1 1 1 1 1 0 0 0 0 0 0 0 0 0 0 0 0 0 0 0 0 0 0 1 6 21 11 1 1 0 0 0 0 0
47 37 33 52 36 34 40 39 27 49 40 38 30 14 23 45 54 59 62 75 38 50 59 68 25 25 54 19 40 58 25 22 38 53 35 59 46 33 67 80 73 47 63 40 81 57 37 34 32 27 17 31 27 23 20 13 5 5 2 1 1 0 0 0 1 0 0 0 0 0 0 0 0 0 0 0 0 0 0 0 0 0 0 1 1 3 4 26 6 1 1 1 0 1 0 0
17 31 52 32 30 28 49 47 43 44 41 56 37 43 41 61 55 37 66 68 42 46 42 43 24 60 26 8 41 48 24 28 35 42 68 81 64 46 31 47 58 37 28 20 36 74 56 33 27 23 18 17 15 21 24 18 6 3 1 1 0 0 0 1 1 0 0 0 0 0 0 0 0 0 0 0 0 0 0 0 1 0 1 1 4 8 9 11 3 1 2 3 1 1 0 0
56 46 36 42 48 40 57 44 51 43 32 46 34 58 42 60 60 52 47 66 23 36 40 34 42 14 27 31 31 45 18 34 23 35 41 65 54 70 43 18 36 59 42 47 59 28 33 23 15 14 11 9 15 13 9 9 8 4 3 1 1 1 0 0 1 0 0 0 0 0 0 0 0 0 0 0 0 0 0 0 1 1 2 2 2 15 37 10 4 4 5 3 1 0 0 0
34 53 48 59 39 37 47 75 27 51 32 29 43 50 38 61 59 45 39 53 34 32 31 45 29 22 27 26 23 27 13 23 57 49 36 26 67 41 46 39 18 28 66 73 75 45 20 11 22 21 17 6 9 11 7 7 5 1 2 3 1 1 0 0 0 0 0 0 0 0 0 0 0 0 0 0 0 1 1 2 3 3 4 2 1 8 28 6 3 10 6 2 1 0 0 0
27 27 51 50 38 44 42 55 34 35 35 36 35 51 39 43 62 24 27 35 17 31 8 28 20 28 18 13 25 16 21 36 39 67 47 44 31 35 42 19 30 22 20 31 32 20 16 11 20 12 16 8 6 5 5 8 3 1 0 0 0 0 0 0 0 0 0 0 0 0 0 0 0 0 0 0 0 1 2 4 8 11 5 3 2 5 9 8 10 6 2 1 0 0 1 0
17 18 49 35 31 60 56 40 47 36 50 50 34 55 43 33 42 22 22 23 28 11 8 6 16 21 9 15 27 14 18 21 20 20 14 28 17 20 21 13 26 39 60 34 27 12 12 5 6 5 8 5 5 5 6 3 2 1 0 0 0 1 0 0 0 0 0 0 0 0 0 0 0 0 0 0 1 3 3 9 21 15 9 9 4 6 24 23 12 4 2 1 1 1 1 0
20 12 12 31 26 44 54 51 58 29 39 52 19 29 22 35 58 17 22 24 26 22 5 7 22 12 6 27 37 39 45 14 35 29 45 47 45 45 36 43 56 57 58 62 54 46 43 14 16 22 12 5 4 3 2 2 1 0 0 0 0 1 1 1 0 0 0 0 0 0 0 0 0 0 1 0 1 3 5 13 11 28 16 22 12 41 17 16 7 8 5 4 2 1 1 0
5 7 22 21 25 28 34 42 22 40 49 37 10 11 10 13 41 10 8 10 4 13 9 15 9 9 7 18 38 26 69 71 64 53 72 56 61 44 46 41 49 63 59 74 41 20 16 4 8 14 19 10 4 2 2 1 1 1 3 1 1 1 0 0 0 0 0 0 0 0 0 0 1 0 1 1 1 2 7 15 33 24 27 24 40 23 22 17 5 6 13 6 4 1 1 1
2 11 5 7 11 23 32 26 20 22 23 31 7 18 7 17 11 6 6 3 5 3 6 5 13 10 30 35 45 27 36 59 81 61 71 89 87 74 74 60 31 64 71 63 73 54 45 21 16 17 11 7 7 2 2 6 5 2 1 1 1 1 1 0 0 0 0 0 0 0 0 0 1 2 2 1 1 1 3 7 34 47 41 14 15 56 20 20 16 15 7 7 4 2 1 1
1 4 2 8 10 21 15 35 29 30 12 5 9 2 7 11 4 42 4 12 38 32 16 9 8 4 7 17 19 30 31 30 33 75 61 81 85 80 82 74 67 37 73 74 75 47 56 26 15 13 6 4 2 2 1 1 1 1 1 1 0 0 0 0 0 0 0 0 0 0 0 0 1 2 3 1 1 2 3 7 26 48 38 11 41 40 24 38 33 13 12 8 6 3 4 3
2 2 8 10 21 9 17 28 24 23 10 7 4 2 4 4 2 1 20 23 26 36 35 15 9 4 13 18 18 30 26 35 36 32 24 53 87 64 78 47 59 53 53 61 59 45 23 10 30 18 10 7 8 5 3 1 1 1 1 0 0 0 0 0 0 0 0 0 0 0 0 1 1 4 8 3 2 4 9 18 34 52 25 22 39 12 5 9 14 5 4 7 4 4 2 1
1 2 4 1 5 9 12 12 13 8 9 4 3 1 2 4 2 3 4 14 12 5 42 32 10 3 15 30 27 33 31 23 33 42 24 28 60 69 68 62 59 48 53 39 41 47 36 15 5 14 12 9 6 7 5 2 1 0 0 0 0 0 0 0 0 0 0 0 0 0 0 0 2 3 7 10 4 4 9 33 39 70 24 27 52 15 12 8 5 3 2 4 4 2 0 0
0 0 1 3 1 3 4 5 11 12 5 2 2 1 2 2 4 7 12 25 8 7 7 32 35 8 23 43 45 42 53 40 43 52 42 31 23 58 41 46 24 29 18 26 24 19 5 18 8 7 9 5 4 5 4 3 2 1 1 1 0 0 0 0 0 0 0 0 0 0 1 1 2 3 3 14 22 8 27 24 59 56 48 65 20 19 17 13 14 12 6 6 4 2 1 0
0 0 1 1 1 1 3 4 3 8 3 1 3 2 3 2 5 15 19 10 5 4 8 48 25 24 25 21 10 23 32 34 43 41 41 44 22 21 20 16 25 16 6 7 10 14 10 12 5 4 5 4 3 2 2 2 1 1 1 0 0 0 0 0 0 0 0 0 1 1 1 2 3 2 4 6 41 9 16 48 63 45 53 59 45 31 19 36 27 6 5 3 2 1 0 0
0 0 0 0 1 1 1 2 3 3 4 2 1 1 4 6 4 10 20 21 11 7 6 12 14 15 19 43 15 45 54 38 33 41 38 49 43 22 13 7 7 12 14 12 15 14 8 3 4 5 4 3 2 2 2 2 1 0 0 0 0 0 0 0 0 0 0 0 1 1 2 1 1 4 21 17 42 22 29 55 68 63 42 48 29 15 13 28 18 10 3 2 1 0 0 0
0 0 0 0 1 1 0 4 1 1 1 2 11 13 27 21 9 4 4 8 13 13 8 23 38 35 33 33 33 36 51 51 49 49 44 53 49 60 38 14 14 8 8 6 6 5 5 3 2 3 2 3 3 2 1 1 0 0 0 0 0 0 0 0 0 0 1 1 1 1 2 2 1 6 14 17 37 57 39 59 63 63 59 49 29 35 18 20 16 8 4 3 1 1 0 0
0 0 0 0 0 0 1 1 0 0 0 2 1 1 7 32 12 5 4 4 13 10 15 19 9 17 40 59 54 58 52 58 60 65 62 53 54 57 61 51 22 13 11 12 11 6 3 3 6 3 4 4 2 1 1 1 1 1 0 0 0 0 0 0 0 0 1 2 3 4 3 3 2 7 30 13 10 49 82 57 69 65 53 40 26 17 4 12 13 8 3 1 1 1 1 1
0 0 0 0 0 0 1 0 0 4 8 7 3 4 5 3 4 2 6 9 9 28 17 17 36 26 11 26 31 63 66 64 75 79 66 51 65 73 71 53 25 22 17 20 16 16 7 12 5 2 1 1 1 1 0 0 0 0 0 0 0 0 0 0 0 1 1 3 5 7 5 9 6 11 30 38 16 43 63 54 49 33 20 10 12 16 6 7 7 4 2 2 1 1 1 1
0 0 0 0 0 0 0 0 1 1 0 0 2 11 8 5 6 8 4 13 27 16 16 29 22 40 25 8 9 47 36 70 85 71 69 68 53 56 64 59 49 45 29 15 21 27 10 10 7 3 3 2 1 2 1 0 0 1 1 0 0 0 0 0 1 1 1 4 5 11 9 16 6 11 28 52 44 33 64 37 23 14 21 12 9 4 3 4 9 6 2 2 2 2 1 0
0 0 0 0 0 0 0 0 0 1 0 1 2 3 2 3 8 23 8 17 12 19 23 24 23 37 38 23 18 14 20 14 53 61 51 49 39 55 45 27 21 13 10 8 12 20 8 6 5 4 3 2 1 0 0 1 1 1 0 0 0 0 0 0 1 1 3 5 5 9 28 17 19 9 14 45 45 71 40 26 30 17 15 13 14 5 8 9 5 2 2 3 4 2 1 0
0 0 0 0 0 0 1 0 0 1 1 10 3 2 1 8 7 18 18 8 6 10 9 17 20 21 34 31 49 49 27 39 42 29 15 27 32 38 23 23 12 10 4 7 6 7 5 8 3 2 2 2 2 1 0 1 1 1 0 0 0 0 0 0 0 1 1 1 2 4 12 33 44 10 8 34 27 63 27 36 20 17 10 15 14 12 12 3 5 4 5 5 2 1 1 0
0 0 0 0 0 1 0 0 0 0 3 10 3 1 6 8 22 10 18 7 7 11 11 20 26 33 61 54 27 22 17 20 42 48 33 26 39 44 33 27 27 18 29 19 8 7 7 7 5 3 1 1 1 1 1 1 1 0 0 0 0 0 0 0 1 1 2 6 4 3 7 11 26 34 18 25 59 47 39 26 13 21 19 11 5 10 12 8 11 11 4 4 1 1 0 1
0 0 1 0 0 1 0 0 0 1 2 1 3 4 5 10 21 7 15 8 14 13 15 19 65 67 63 38 57 64 55 35 54 52 44 39 45 57 43 35 41 26 16 14 11 10 15 16 7 4 4 2 3 3 2 0 0 0 0 0 0 0 0 0 1 2 5 10 10 5 3 6 18 39 49 30 68 47 47 47 36 19 23 24 17 13 20 13 8 11 9 3 3 1 1 1
0 0 0 0 1 0 0 0 1 2 3 5 5 4 7 11 28 18 6 16 13 23 24 35 52 69 74 56 32 43 45 41 27 29 38 30 30 39 34 54 55 28 29 24 29 21 16 18 9 6 7 7 3 2 2 1 1 0 0 0 0 0 0 1 2 5 11 11 5 6 6 11 15 15 14 65 68 47 38 36 23 26 40 29 27 33 26 27 15 10 4 2 2 2 1 1
0 1 0 0 0 0 0 1 3 11 23 6 2 5 10 7 8 7 5 10 16 22 30 57 51 30 55 54 45 61 64 51 27 18 20 22 36 44 51 47 31 31 57 45 45 32 16 7 6 5 1 3 3 1 1 1 0 0 0 0 0 0 0 1 3 7 10 11 10 15 15 14 38 44 39 46 64 53 30 35 35 45 36 19 25 26 22 12 17 5 2 2 3 1 1 1
0 0 0 0 0 0 3 8 16 12 35 30 6 3 13 9 9 1 4 6 6 7 14 41 14 24 40 64 65 69 84 48 64 45 26 16 29 69 53 53 54 13 14 5 7 15 7 9 4 5 3 3 3 2 1 0 0 0 0 0 0 0 0 1 5 14 12 10 7 34 53 16 47 69 73 57 44 44 39 24 32 27 29 40 28 23 13 9 9 6 5 5 4 2 1 0
0 0 0 1 0 0 0 2 2 7 3 2 6 6 11 12 15 7 8 7 9 8 23 29 7 6 8 39 42 33 44 77 55 68 62 56 50 48 41 42 49 42 28 33 28 13 13 17 9 7 6 2 2 1 1 1 1 1 0 0 0 1 2 3 6 11 12 12 10 12 33 62 34 60 71 69 55 37 48 40 50 49 29 19 26 23 13 8 9 16 10 7 2 1 1 0
0 0 1 0 0 0 1 3 6 6 5 10 8 5 11 13 22 8 4 15 20 15 21 44 15 2 16 9 22 32 14 22 61 53 60 60 37 14 12 13 27 27 22 28 35 32 17 7 12 8 4 6 4 2 1 2 1 1 0 0 0 1 4 8 16 20 11 11 29 25 18 19 60 71 56 71 52 53 71 66 22 19 18 22 19 13 19 11 13 6 4 2 1 1 0 0
0 0 1 0 0 0 1 1 2 2 4 7 3 6 7 6 13 2 5 6 6 33 30 48 32 13 15 22 32 23 26 11 9 18 21 18 18 15 14 10 6 10 8 12 25 23 12 20 15 12 8 6 4 3 3 2 2 1 1 0 1 2 4 12 19 21 14 21 25 50 35 35 25 29 49 54 69 63 42 42 36 46 38 41 28 20 25 18 6 3 2 2 1 0 0 0
0 0 0 0 0 0 0 1 1 2 3 5 5 5 7 16 13 3 5 4 11 34 43 40 17 3 17 35 25 39 41 16 44 50 51 43 40 32 31 14 9 11 34 39 36 18 19 15 16 15 11 7 5 4 3 2 2 1 0 0 0 2 9 15 16 33 17 26 29 25 72 52 43 35 20 63 47 68 57 52 55 66 57 44 30 38 22 13 5 3 3 2 1 0 1 1
1 0 0 0 0 0 0 0 1 2 2 4 14 19 23 33 24 7 3 3 24 35 41 32 18 36 9 35 34 45 29 48 47 31 35 37 31 29 14 22 44 50 27 24 16 22 16 14 17 12 14 11 7 4 4 3 1 1 0 0 0 1 4 17 43 34 18 32 28 24 28 47 64 21 16 27 72 80 77 65 60 55 52 54 41 22 22 11 15 6 2 1 0 1 1 3
0 0 0 0 0 0 0 0 0 3 6 6 17 28 31 10 5 3 2 13 22 27 37 47 47 20 25 28 25 24 32 70 35 34 40 42 40 24 32 36 59 48 42 37 37 32 27 19 26 17 16 11 8 5 4 2 1 1 1 0 1 1 4 12 32 27 40 51 39 59 58 62 63 33 35 47 67 62 65 56 54 48 43 44 30 23 20 20 20 11 3 2 1 2 1 5
0 0 0 0 0 0 0 1 1 5 7 11 13 65 16 8 12 8 5 16 18 21 26 14 14 12 45 14 31 24 49 35 48 57 44 43 42 43 51 44 32 49 49 53 45 44 31 35 28 12 9 7 5 7 5 2 1 1 1 0 1 1 5 11 23 24 23 42 64 53 72 63 66 36 60 57 65 64 47 47 48 46 31 23 21 18 17 14 10 9 6 4 1 4 6 6
0 0 0 0 0 0 0 0 1 4 7 10 3 15 7 2 9 11 18 13 17 31 29 14 11 28 17 26 41 61 64 55 52 53 41 44 56 55 58 51 54 68 64 45 35 48 44 36 19 15 11 9 7 4 4 4 3 1 1 0 1 2 6 13 18 25 21 28 57 78 72 69 60 83 67 50 38 42 50 50 45 44 41 32 20 25 12 18 10 6 6 4 2 4 6 5
0 0 0 0 0 0 0 0 3 2 6 5 2 1 1 2 9 9 7 15 17 14 14 32 31 13 17 44 63 27 23 24 47 43 51 58 59 57 55 53 57 65 48 48 58 48 46 42 20 19 13 10 6 3 3 4 2 1 1 0 1 1 10 18 26 25 24 25 29 35 50 55 61 68 20 45 44 42 37 38 34 32 28 40 30 28 19 15 10 8 7 3 3 7 6 10
0 0 0 0 0 0 0 0 2 4 7 5 6 9 7 4 1 3 3 17 25 15 53 51 17 22 30 43 27 28 29 34 40 37 50 57 59 58 48 73 60 48 46 53 24 40 50 46 35 26 8 7 6 6 6 4 2 3 1 0 0 1 4 15 22 26 60 41 47 48 46 32 43 62 50 56 56 41 42 39 43 35 39 35 29 10 9 6 8 13 7 2 6 14 15 17
0 0 0 0 0 0 0 1 3 10 9 2 3 7 8 8 4 1 4 19 17 50 33 17 20 43 28 27 27 30 37 35 26 38 44 64 47 45 62 56 49 67 69 37 51 47 44 41 26 13 9 11 11 10 7 7 5 3 2 1 0 1 6 11 18 39 60 79 48 58 50 34 36 69 77 43 47 55 55 37 33 36 44 32 17 6 16 12 9 5 3 1 7 16 18 17
0 0 1 0 0 1 2 4 8 14 1 2 3 1 1 2 5 2 8 17 16 19 7 16 36 12 11 22 27 31 51 38 29 37 51 56 53 66 71 66 49 42 42 52 45 48 30 30 24 18 16 19 17 6 7 6 6 3 2 1 1 2 5 14 23 34 58 71 67 67 53 54 58 72 46 45 40 40 48 52 37 65 43 21 22 23 17 10 4 2 1 4 11 18 19 23
0 0 0 0 1 0 0 3 5 3 0 1 4 4 5 5 12 8 19 8 8 6 4 17 15 20 24 35 45 38 34 25 30 34 58 43 76 72 70 42 31 30 38 51 56 47 40 36 33 29 23 20 11 6 4 4 3 3 3 2 1 3 8 18 34 40 38 43 67 79 73 37 41 73 45 50 69 65 62 68 59 43 34 31 31 28 10 9 4 3 3 10 14 18 15 25
0 0 0 0 0 0 0 1 2 1 0 2 3 5 7 8 5 8 15 22 22 18 2 15 21 35 38 42 28 18 29 30 34 39 73 40 25 18 19 36 39 56 66 67 63 52 41 38 22 31 18 15 16 7 8 4 3 3 3 3 2 7 13 21 39 43 38 25 45 70 72 51 56 70 47 32 52 74 72 70 65 34 37 36 28 24 8 6 9 4 11 14 8 26 28 29
0 0 0 0 0 0 0 1 3 6 1 3 3 1 3 2 4 22 12 9 11 15 16 13 36 26 29 34 22 26 42 39 29 75 29 22 51 54 53 51 65 70 63 66 66 63 53 43 27 25 22 19 16 13 10 8 6 4 4 2 5 11 23 51 49 46 38 46 54 60 74 48 46 61 74 55 57 57 70 70 54 54 36 35 30 19 10 3 4 10 11 7 15 20 46 34
0 0 0 0 0 0 0 2 1 2 7 4 1 1 2 4 5 6 11 19 12 18 9 14 30 32 25 29 33 30 35 40 49 35 12 38 43 50 60 84 62 61 70 70 67 64 44 35 26 20 22 19 18 9 12 7 8 8 4 5 7 20 20 40 47 45 42 53 59 52 80 74 53 71 68 57 62 63 59 54 58 42 31 26 25 12 5 2 4 15 8 16 22 27 50 33
0 0 0 0 0 0 0 0 0 3 2 1 1 2 3 2 11 4 4 21 40 17 6 10 43 28 39 31 25 24 55 81 51 10 22 52 41 71 75 68 66 74 72 54 57 54 47 42 25 28 25 21 19 17 16 13 11 9 6 6 8 11 18 24 48 67 54 71 74 63 58 59 56 65 75 75 59 52 43 41 41 36 27 28 22 11 4 3 11 17 19 34 44 36 41 33
0 0 0 0 1 0 1 2 2 1 1 3 2 2 1 15 7 8 10 20 16 6 16 25 5 32 29 19 50 41 63 43 14 23 58 29 54 46 58 79 81 62 51 77 67 44 48 46 39 33 29 24 21 19 17 15 13 7 7 9 11 23 15 20 23 50 73 76 74 73 81 81 56 70 57 50 36 43 54 56 37 38 25 29 20 4 3 12 11 20 32 43 40 26 42 41
0 0 0 0 0 0 1 0 0 1 1 2 1 0 0 11 4 2 2 4 5 9 26 9 5 17 12 17 56 51 42 11 18 32 52 72 49 57 71 74 72 61 65 36 49 42 51 59 43 37 34 30 27 22 21 17 9 6 12 21 16 28 27 29 33 48 56 81 66 64 46 69 54 39 39 51 60 47 41 40 35 23 33 22 7 4 8 13 22 20 25 36 54 44 47 44
0 0 0 0 0 0 1 0 1 1 1 1 1 2 4 15 4 5 4 4 22 7 13 3 15 26 17 39 63 34 20 15 22 27 68 70 69 59 62 63 61 66 53 41 46 73 57 52 45 56 41 33 30 26 22 18 11 8 19 25 42 50 37 44 37 48 64 66 75 61 54 43 51 60 52 67 52 51 43 40 27 28 14 7 5 9 18 24 23 39 40 31 31 43 38 34
0 0 0 0 0 0 0 0 0 0 0 3 1 2 10 4 3 2 11 14 9 13 6 13 40 13 18 45 36 26 28 24 43 54 71 57 61 61 54 39 40 60 69 62 68 57 59 57 64 46 42 50 19 28 22 13 7 20 30 32 59 58 46 60 46 32 42 76 77 39 75 52 50 61 61 59 54 52 48 33 24 25 9 11 10 19 23 31 28 33 44 33 34 46 51 41
0 0 0 0 0 0 0 1 0 0 0 1 1 6 1 2 5 5 9 16 7 6 8 10 19 15 17 39 20 16 30 25 53 55 54 56 44 54 47 52 59 61 63 77 60 59 58 71 54 51 60 42 37 30 17 16 8 19 47 47 53 67 54 66 66 45 46 56 83 38 38 76 74 58 56 55 63 49 53 48 27 20 7 7 11 22 32 41 46 48 48 48 36 42 61 51
0 0 0 0 0 1 2 0 0 0 2 0 4 1 2 4 4 1 1 7 4 9 14 15 15 24 23 5 14 23 32 39 50 58 22 18 53 45 53 46 49 60 65 74 74 59 76 51 70 68 46 43 40 36 21 18 11 21 49 59 54 69 52 55 71 47 65 40 70 45 47 70 49 64 62 55 50 50 69 39 31 7 6 12 23 26 37 46 36 26 36 59 30 35 52 68
0 0 0 0 0 0 0 1 0 1 0 1 3 1 1 2 1 1 1 2 2 6 14 12 12 22 9 8 18 15 25 11 35 25 14 35 25 29 38 60 63 65 70 73 64 46 65 72 66 55 54 46 44 39 35 21 22 26 54 72 72 70 64 52 67 65 33 39 81 43 65 61 57 57 51 42 57 29 26 27 10 6 11 23 28 35 45 49 29 34 48 30 20 25 37 68
0 0 0 1 1 0 0 0 0 1 0 1 1 2 2 6 5 1 1 1 1 8 6 3 9 12 9 25 27 29 50 43 36 23 14 15 31 32 34 33 39 64 51 58 66 38 31 32 50 52 59 51 46 40 25 15 29 42 57 63 84 76 56 56 61 64 61 24 64 16 24 38 47 55 55 56 57 53 39 35 13 8 15 28 31 55 61 51 39 39 47 48 41 25 36 55
0 0 1 1 1 1 1 0 0 0 1 2 4 2 4 4 8 3 4 2 10 11 7 11 15 11 11 2 3 13 38 11 16 9 16 24 15 23 24 26 59 54 43 57 36 42 44 56 56 67 54 54 51 31 29 18 31 46 59 65 74 58 59 65 71 45 41 44 60 31 34 30 28 20 36 48 44 44 26 21 10 16 27 30 37 59 55 27 41 53 36 52 28 32 39 60
0 0 0 0 0 0 0 0 0 1 1 3 7 6 5 8 7 1 4 10 13 5 5 11 11 8 2 6 6 17 17 9 7 23 29 25 33 29 32 47 39 49 64 41 45 46 62 58 68 54 53 53 52 32 14 33 38 70 62 66 67 71 60 72 72 54 35 55 46 31 42 57 54 57 59 53 42 18 14 7 12 31 31 34 41 66 66 26 29 53 38 57 34 35 41 73
0 0 1 1 1 1 1 1 0 1 3 2 5 5 1 1 1 1 3 13 10 4 10 4 13 16 3 4 7 26 10 7 11 26 46 24 26 32 42 21 56 52 39 52 47 61 62 72 71 60 69 52 38 37 24 37 45 62 76 61 65 74 57 47 69 69 34 39 53 57 62 46 46 46 36 41 34 19 8 22 21 32 38 56 48 64 69 41 40 43 25 60 38 40 42 56
1 3 2 7 7 4 2 3 3 2 4 2 2 1 6 1 1 3 7 8 7 5 7 2 5 5 3 6 9 19 8 12 50 31 18 16 23 30 32 47 69 56 62 41 53 71 73 60 59 75 63 44 40 38 25 52 68 60 63 75 65 73 77 50 79 76 34 45 49 56 44 43 58 45 43 27 30 27 18 37 39 39 45 58 47 53 61 54 57 40 39 63 38 42 36 51
4 6 8 3 5 18 6 2 1 2 0 0 1 2 2 1 1 9 13 6 3 7 4 4 9 17 3 3 7 16 17 43 15 9 19 23 12 9 39 42 52 33 68 58 64 74 46 58 71 65 50 48 42 41 38 58 68 65 65 76 63 67 73 67 62 66 45 20 38 67 47 53 53 54 43 45 44 39 29 40 42 54 49 58 46 41 55 54 50 47 44 62 40 33 43 49
1 2 4 1 0 3 5 6 0 0 0 1 2 4 3 2 4 4 2 4 2 2 9 2 14 19 6 4 16 20 31 39 19 22 25 5 6 10 20 42 36 49 64 66 65 61 62 60 63 60 50 47 42 43 46 50 63 77 65 63 80 57 65 69 51 34 17 14 11 33 46 59 55 50 42 40 31 16 27 39 41 56 52 59 44 58 70 70 56 52 42 50 56 20 45 53
1 1 1 1 1 0 0 0 0 1 1 0 0 1 3 2 3 6 1 2 1 2 2 3 14 7 2 3 6 12 7 11 22 17 14 17 11 5 50 20 32 22 58 48 70 55 57 45 63 62 45 45 41 42 47 67 64 76 75 73 69 66 54 55 18 17 35 51 38 44 44 44 48 34 31 25 13 26 42 40 44 58 61 42 56 57 67 69 56 53 41 49 57 26 30 62
1 1 3 1 0 0 0 1 0 0 1 0 0 2 0 1 3 1 2 2 2 9 10 8 16 6 2 3 4 5 5 24 22 15 24 17 27 8 38 29 7 27 60 55 64 57 58 69 61 56 52 45 44 65 63 59 65 65 73 52 64 64 39 32 31 27 38 58 46 33 58 56 67 61 46 15 25 28 42 55 61 48 60 46 59 71 68 65 54 54 42 43 59 51 26 43
0 1 0 1 1 0 0 1 0 1 1 0 0 1 0 1 2 7 1 4 14 4 9 11 20 11 3 4 3 12 19 12 16 38 15 24 26 14 66 38 13 37 21 58 54 47 63 44 57 53 45 47 42 61 74 63 63 58 67 72 45 52 47 28 30 21 28 30 34 28 53 58 63 70 32 22 29 42 39 61 61 58 57 59 43 68 70 69 59 60 28 48 47 44 36 27
0 1 0 0 0 1 1 1 0 0 1 0 1 1 1 3 1 4 1 2 4 15 6 16 8 2 1 1 1 11 18 6 11 19 26 42 17 21 43 47 28 37 20 60 47 39 46 38 55 50 58 43 42 54 61 85 50 55 48 37 52 27 29 25 17 20 34 32 38 34 56 56 34 48 23 22 44 45 43 46 61 58 57 56 58 69 68 77 65 49 37 54 56 30 37 25
0 0 1 0 0 1 0 1 0 0 0 0 0 0 2 2 1 2 1 1 1 1 1 2 2 2 2 1 5 3 14 17 22 17 23 27 15 14 16 61 36 42 38 49 19 50 39 54 57 40 53 43 45 40 63 66 68 54 42 21 36 19 14 27 20 21 35 30 46 40 46 46 35 23 29 45 45 45 46 42 47 60 70 60 56 70 74 72 71 45 33 65 47 46 36 20
0 1 0 0 0 1 1 0 0 1 0 0 0 0 2 1 1 1 3 2 1 2 4 4 5 9 5 2 1 2 6 14 20 19 21 19 20 15 8 36 66 57 36 24 21 30 32 51 39 21 49 39 41 37 48 72 53 56 31 13 17 4 6 7 10 13 25 44 47 51 55 37 22 23 49 46 50 65 60 48 41 56 56 65 69 81 58 78 57 42 36 68 48 60 27 22
0 0 1 0 2 0 0 0 0 0 1 0 0 1 1 1 1 1 1 0 1 2 1 9 16 1 3 1 2 1 1 5 5 19 13 6 21 13 13 22 71 57 27 17 22 32 54 25 38 18 31 44 37 57 55 49 39 33 39 13 15 8 12 6 19 33 34 37 41 34 40 35 16 28 41 44 62 55 51 36 43 26 57 67 66 54 71 69 66 49 35 61 45 55 45 18
0 0 0 0 1 1 0 0 0 0 1 0 0 1 1 1 2 0 1 0 3 3 5 3 3 3 8 4 1 1 6 7 3 8 7 7 23 3 2 20 34 49 32 23 17 66 40 23 19 33 47 47 32 49 67 45 61 20 32 26 13 14 15 7 17 16 21 27 44 45 22 21 27 41 38 43 38 44 35 14 35 38 53 55 61 66 71 64 29 50 24 53 67 32 17 27
0 0 0 0 0 1 0 0 0 0 0 1 1 1 1 1 0 0 1 1 1 1 1 3 5 18 4 2 3 2 10 6 8 12 8 10 12 5 9 13 27 34 40 31 26 73 34 36 23 31 42 34 41 65 70 46 54 22 18 18 12 4 5 25 24 24 29 28 48 24 23 26 41 38 37 40 51 54 43 33 39 52 56 68 67 64 59 72 28 45 34 32 62 17 15 23
0 0 0 0 0 0 0 1 0 1 1 2 0 0 1 1 1 0 1 2 1 1 4 7 11 3 2 5 1 2 4 13 12 19 15 19 16 13 12 19 25 42 34 35 20 34 33 46 34 17 19 42 53 53 56 47 38 21 12 15 10 3 8 12 22 34 35 30 34 36 41 39 36 42 53 25 31 55 43 32 44 46 44 64 54 52 31 45 41 37 62 30 45 21 20 24
0 0 0 1 0 0 0 0 0 2 2 1 0 0 1 0 0 0 0 1 1 1 12 6 4 6 10 17 8 9 3 14 13 27 13 25 11 24 22 17 14 16 29 44 11 35 39 48 36 29 35 50 42 35 42 23 21 23 11 7 3 8 9 10 12 25 22 47 57 40 40 37 34 53 39 21 26 56 53 36 37 45 39 38 59 53 17 25 38 56 38 34 23 17 27 38
