sesion_6_simulaciones/modelos_agentes/ejemplos_netlogo/scenarios/echam4_a2/rob_2030.asc
NCOLS 322 
NROWS 307 
XLLCORNER 451900 
YLLCORNER 4086900 
CELLSIZE 100 
NODATA_value -9999 
[rows 222 to 295 of 307, columns 0 to 95 of 322]
19 26 39 56 47 33 45 33 7 21 25 28 51 22 19 11 11 5 5 7 18 29 32 40 30 27 21 36 54 31 20 48 61 33 59 49 30 30 39 65 37 35 50 65 59 76 54 60 63 82 81 54 38 35 30 16 19 32 18 21 24 12 7 19 10 11 5 5 4 2 2 1 0 0 0 0 0 0 0 0 0 0 0 0 0 0 0 1 1 0 0 0 1 2 4 2
43 50 37 26 28 37 37 45 27 12 15 30 33 16 9 10 11 22 27 26 30 43 27 66 48 45 37 36 34 47 31 44 35 42 67 20 24 34 41 66 63 55 48 71 32 20 33 20 22 64 71 52 47 28 20 20 10 11 19 20 14 21 7 10 14 5 4 4 4 2 1 1 0 0 0 0 0 0 0 0 0 0 0 0 0 0 0 1 1 2 1 1 2 2 0 0
43 62 67 76 57 53 44 46 31 38 45 59 27 19 18 27 24 42 22 24 64 18 37 43 45 34 26 60 45 41 39 46 39 58 39 29 40 50 43 63 61 62 60 86 80 69 58 57 49 24 30 40 26 20 13 12 10 14 12 11 11 11 6 19 18 7 4 2 2 1 1 1 0 0 0 0 0 0 0 0 0 0 0 0 0 0 0 1 3 3 1 2 3 2 0 0
48 60 51 64 63 67 37 26 19 55 56 41 26 19 23 28 10 5 4 42 22 34 64 48 35 47 38 46 39 28 39 38 56 18 19 48 38 63 43 68 63 71 76 58 60 75 60 68 69 43 22 21 13 18 8 8 8 14 8 7 9 4 3 2 3 3 1 1 1 0 0 0 0 0 0 0 0 0 0 0 0 0 0 0 0 1 1 2 7 6 5 5 2 1 0 0
15 27 32 23 33 77 53 10 37 44 58 26 41 36 8 6 3 2 16 50 17 45 61 64 46 44 31 14 36 26 42 66 53 28 39 46 67 76 54 62 77 82 79 51 62 65 66 35 61 74 27 18 7 9 8 12 7 6 5 3 2 1 2 1 1 2 2 1 0 0 0 0 0 0 0 0 0 0 0 0 0 0 0 0 0 1 4 7 9 13 6 2 1 1 0 0
43 29 32 31 36 32 16 20 20 30 49 55 56 14 4 3 20 30 50 66 34 38 57 76 64 35 48 22 29 45 20 44 74 36 27 32 53 53 83 89 61 53 39 70 48 51 69 49 34 13 24 29 21 16 14 12 10 5 3 2 2 1 1 1 1 1 1 0 0 0 0 0 0 0 0 0 0 0 0 0 0 0 0 0 0 1 5 19 10 1 1 0 0 0 0 0
45 35 29 49 34 33 38 35 25 48 41 37 29 13 21 44 52 57 60 74 34 48 55 69 21 21 50 16 38 52 21 20 39 49 33 57 44 31 68 81 71 46 63 41 81 57 36 35 33 27 17 33 28 24 21 13 5 5 2 1 1 0 0 0 0 0 0 0 0 0 0 0 0 0 0 0 0 0 0 0 0 0 0 1 1 2 4 21 5 1 1 1 0 0 0 0
15 27 50 31 27 27 47 45 41 43 39 55 36 40 38 59 52 34 65 65 37 42 39 41 20 56 21 7 39 43 20 28 32 43 68 80 63 45 29 46 55 35 27 20 36 76 56 33 28 24 17 18 16 22 22 18 5 3 1 1 0 0 0 1 1 0 0 0 0 0 0 0 0 0 0 0 0 0 0 0 1 0 1 1 4 6 8 10 2 1 1 2 1 0 0 0
53 41 35 39 45 39 57 41 50 42 30 45 32 56 39 57 57 48 47 67 20 34 35 27 39 11 24 27 26 42 15 33 22 35 36 61 52 70 40 17 36 58 43 47 58 28 32 22 15 15 10 9 16 13 9 8 8 4 3 1 1 1 0 0 1 0 0 0 0 0 0 0 0 0 0 0 0 0 0 0 1 1 2 2 2 14 34 9 4 4 5 3 1 0 0 0
29 49 47 55 33 34 44 72 26 46 30 26 40 46 34 58 56 42 36 49 31 29 28 43 26 20 24 22 19 25 13 23 58 47 32 22 64 38 44 36 17 27 67 73 75 46 19 11 22 22 18 6 10 12 7 7 5 1 1 2 1 0 0 0 0 0 0 0 0 0 0 0 0 0 0 0 0 1 1 2 3 3 3 1 1 7 26 5 3 8 5 1 1 0 0 0
24 25 47 48 36 42 40 56 31 32 32 33 30 47 33 39 63 23 24 34 15 25 7 25 18 23 14 10 20 15 20 33 38 65 44 42 28 32 40 17 29 22 20 32 32 21 17 11 19 11 16 8 7 5 5 8 3 1 0 0 0 0 0 0 0 0 0 0 0 0 0 0 0 0 0 0 0 1 2 4 7 10 5 2 2 4 9 7 8 5 2 1 0 0 0 0
15 15 46 30 28 60 52 37 46 33 48 46 33 54 40 31 39 19 23 21 26 9 6 5 14 17 7 11 21 13 14 21 17 18 13 26 15 18 20 12 25 38 59 32 28 12 12 5 6 5 8 5 5 5 6 3 2 1 0 0 0 1 0 0 0 0 0 0 0 0 0 0 0 0 0 0 1 2 3 8 19 14 9 9 3 5 23 23 11 4 2 1 1 1 1 0
20 11 10 26 24 44 57 52 60 27 38 53 16 30 19 29 55 14 20 22 22 21 5 8 18 9 4 25 36 41 45 13 33 25 43 43 41 43 33 41 53 56 57 62 55 47 39 15 15 23 11 5 4 2 2 1 1 0 0 0 0 1 1 0 0 0 0 0 0 0 0 0 0 0 0 0 1 3 4 10 10 23 16 19 12 38 17 16 7 7 4 3 2 1 1 0
3 5 18 19 26 28 32 40 21 39 49 34 8 11 9 10 41 8 7 9 3 13 8 12 7 8 6 15 37 25 68 72 65 54 73 56 59 42 43 41 50 61 57 74 41 21 15 4 8 14 19 10 4 2 2 1 1 1 3 1 1 1 0 0 0 0 0 0 0 0 0 0 1 0 1 0 1 2 6 12 32 20 27 24 41 23 23 17 5 4 10 6 3 1 1 1
2 10 4 5 9 23 30 25 19 22 21 30 7 20 6 18 9 5 6 3 4 2 4 4 11 9 29 31 40 24 34 59 82 62 72 89 87 74 73 61 30 65 71 64 74 55 46 22 17 16 11 8 7 2 2 4 5 2 1 1 1 1 1 0 0 0 0 0 0 0 0 0 1 2 1 1 1 1 3 5 29 47 40 15 14 56 20 20 15 14 5 5 3 2 1 1
1 4 2 6 8 21 14 30 31 26 11 4 8 1 7 10 4 46 4 12 43 30 17 7 6 4 6 13 16 25 26 27 30 75 61 82 86 80 82 73 67 36 74 74 75 48 53 27 15 13 5 4 2 2 1 1 1 1 1 1 0 0 0 0 0 0 0 0 0 0 0 0 1 2 2 1 1 2 3 5 22 47 36 11 38 38 23 38 33 13 11 7 5 2 4 2
1 1 7 10 23 7 15 25 24 21 10 5 4 2 4 3 1 0 19 20 24 40 37 14 7 4 13 16 15 27 22 32 34 30 22 54 87 63 78 49 59 55 53 61 60 46 21 10 27 18 10 7 6 5 2 1 1 1 0 0 0 0 0 0 0 0 0 0 0 0 0 1 1 3 8 3 2 3 8 15 34 52 24 22 39 11 5 9 13 4 4 7 4 4 2 1
1 1 3 1 4 7 9 11 10 7 8 4 3 1 1 3 2 2 3 12 11 4 46 33 8 2 13 26 23 30 28 20 32 39 22 27 59 70 67 62 60 49 54 38 40 48 37 15 6 15 10 9 6 6 4 1 1 0 0 0 0 0 0 0 0 0 0 0 0 0 0 0 1 2 6 9 4 3 7 32 39 68 23 28 52 16 12 8 5 2 2 4 3 2 0 0
0 0 0 3 1 2 4 4 10 10 5 2 2 1 2 2 3 6 10 22 7 6 6 33 35 7 20 45 42 40 49 36 40 51 41 30 23 59 42 43 24 29 18 27 23 19 5 19 9 7 8 5 3 4 4 2 2 1 1 1 0 0 0 0 0 0 0 0 0 0 1 1 1 2 3 13 21 8 25 25 60 54 49 66 19 20 18 13 14 12 5 5 3 2 1 0
0 0 1 1 1 1 2 3 2 7 2 1 3 2 2 2 5 13 17 9 4 3 7 48 26 21 23 20 9 20 28 30 41 41 41 44 23 20 19 15 26 15 6 7 11 14 10 12 5 3 5 4 3 2 2 1 1 1 0 0 0 0 0 0 0 0 0 0 1 1 1 1 3 2 4 5 40 9 14 46 65 46 54 58 44 32 19 37 26 5 4 2 1 0 0 0
0 0 0 0 1 0 1 1 3 2 3 2 1 1 4 5 4 9 18 18 9 6 5 11 14 13 17 40 12 42 51 35 31 40 37 48 43 23 14 8 7 12 14 11 16 13 8 3 4 5 3 3 2 2 1 1 1 0 0 0 0 0 0 0 0 0 0 0 1 1 2 1 1 4 16 14 38 23 29 56 68 64 43 49 28 14 14 28 15 9 2 1 1 0 0 0
0 0 0 0 1 0 0 3 1 1 1 1 12 16 30 18 8 3 3 7 12 12 7 22 39 33 30 31 30 33 48 47 47 48 43 52 48 61 38 14 15 8 8 6 6 4 5 2 2 3 2 2 3 2 1 1 0 0 0 0 0 0 0 0 0 0 1 1 1 1 2 2 1 4 13 14 36 58 39 60 64 64 59 51 28 33 19 19 14 8 4 3 1 1 0 0
0 0 0 0 0 0 0 1 0 0 0 2 1 1 6 36 10 4 3 4 12 8 12 17 7 18 39 60 56 57 49 56 57 63 60 52 53 56 62 52 21 13 11 12 11 6 3 3 5 3 4 4 1 1 1 1 1 1 0 0 0 0 0 0 0 0 1 1 3 3 2 3 2 6 29 13 9 49 82 58 66 65 52 41 27 14 4 10 12 7 3 1 1 1 1 1
0 0 0 0 0 0 1 0 0 4 8 6 2 3 5 3 3 1 6 8 8 25 14 15 32 25 10 24 31 63 67 64 73 78 65 49 64 72 71 54 25 22 16 20 17 15 6 12 5 2 1 1 1 1 0 0 0 0 0 0 0 0 0 0 0 1 1 3 5 6 5 7 4 10 27 38 13 44 64 55 50 32 20 10 11 16 6 6 6 3 2 1 1 1 1 1
0 0 0 0 0 0 0 0 1 1 0 0 2 9 6 4 5 8 3 12 24 13 14 26 19 37 21 7 7 49 38 71 85 69 68 67 52 57 65 60 45 46 30 16 21 23 9 9 5 2 2 2 1 1 1 0 0 0 0 0 0 0 0 0 1 1 1 4 5 10 9 16 6 10 27 47 45 34 65 37 24 14 20 12 9 4 3 4 7 6 2 2 2 2 1 0
0 0 0 0 0 0 0 0 0 1 0 1 2 2 2 2 7 19 6 15 10 15 19 21 19 35 33 20 16 12 18 13 54 60 52 49 38 55 46 27 22 13 11 8 11 20 8 6 4 4 2 1 1 0 0 0 1 1 0 0 0 0 0 0 1 1 3 4 4 8 26 14 19 8 12 44 44 71 40 26 31 18 15 14 15 5 7 7 4 2 2 3 4 2 1 0
0 0 0 0 0 0 1 0 0 1 1 11 3 1 1 6 6 13 16 6 5 9 8 14 19 18 30 28 45 45 25 37 40 28 14 26 32 37 22 24 11 10 5 6 6 6 5 6 3 2 2 1 1 1 0 0 0 1 0 0 0 0 0 0 0 1 1 1 2 3 11 29 43 11 7 34 27 63 28 38 20 17 10 14 15 11 11 2 5 3 4 5 2 1 1 0
0 0 0 0 0 1 0 0 0 0 3 10 2 1 5 7 23 10 15 7 6 10 10 19 26 31 57 51 25 20 16 18 40 46 32 25 40 43 34 26 26 19 28 20 9 7 6 7 5 2 1 1 1 1 1 1 1 0 0 0 0 0 0 0 1 1 2 5 3 2 5 10 26 34 18 24 60 47 40 27 14 22 19 11 5 10 10 7 10 10 4 3 1 1 0 1
0 0 1 0 0 1 0 0 0 1 2 1 2 3 5 9 19 6 14 6 11 11 13 18 63 68 64 34 54 61 54 33 52 50 42 38 44 57 41 35 40 27 17 13 11 9 14 15 5 3 3 2 3 2 1 0 0 0 0 0 0 0 0 0 1 2 5 7 8 4 3 5 17 36 50 29 69 48 48 48 37 20 22 25 18 13 18 11 7 9 9 3 2 1 0 0
0 0 0 0 0 0 0 0 1 2 3 4 5 3 9 10 26 15 5 16 11 22 21 33 50 71 75 54 29 40 43 38 26 28 37 29 30 38 34 55 57 29 30 25 30 22 16 15 8 5 5 5 3 2 1 1 1 0 0 0 0 0 0 1 1 3 10 9 5 6 6 10 14 15 13 64 68 48 39 37 24 27 41 30 28 31 24 26 15 10 3 2 1 1 1 0
0 0 0 0 0 0 0 0 3 12 23 5 1 5 10 6 7 6 4 8 15 19 29 59 46 28 54 54 43 59 63 50 26 17 21 21 35 43 51 47 32 32 56 43 43 30 15 7 5 4 1 2 3 1 1 1 0 0 0 0 0 0 0 1 3 6 9 10 10 15 15 14 37 45 38 46 66 54 30 36 34 43 37 20 26 24 20 12 14 5 2 2 2 1 1 1
0 0 0 0 0 0 3 8 19 13 37 28 6 4 14 10 9 1 4 5 5 6 12 40 12 22 40 63 65 69 84 46 63 42 25 15 28 69 53 54 55 12 14 5 7 14 6 9 4 4 3 3 3 2 1 0 0 0 0 0 0 0 0 1 4 13 9 10 7 32 53 15 47 68 74 56 45 44 40 25 33 28 30 41 29 22 11 10 9 6 4 5 3 2 1 0
0 0 0 1 0 0 0 1 2 7 3 2 6 6 11 11 12 6 7 6 8 7 21 28 6 5 7 38 43 32 45 78 54 66 61 55 51 48 41 42 50 43 29 31 26 12 13 15 8 7 5 2 1 1 1 1 1 1 0 0 0 1 2 3 6 10 11 11 9 9 33 61 33 61 72 69 56 37 49 39 51 50 30 20 24 21 12 8 8 15 8 6 2 1 1 0
0 0 1 0 0 0 1 2 5 6 4 9 7 6 12 12 19 7 3 14 17 13 19 43 13 2 14 8 20 31 13 22 60 52 61 61 37 13 12 13 27 27 23 27 36 33 17 7 10 7 4 5 3 1 1 1 1 1 0 0 0 1 3 6 12 19 11 9 30 25 18 18 61 72 57 72 52 53 71 67 23 20 19 23 19 13 17 12 11 5 4 2 1 1 0 0
0 0 1 0 0 0 1 1 2 2 4 6 3 6 6 6 11 1 4 5 4 29 27 46 28 12 14 20 29 22 24 10 8 17 20 18 17 16 15 10 7 10 9 12 26 22 10 17 13 10 8 5 4 3 2 2 1 1 0 0 1 2 3 11 16 17 12 21 22 50 36 35 26 28 50 55 70 64 42 43 36 45 39 42 27 20 26 18 6 3 2 2 1 0 0 0
0 0 0 0 0 0 0 0 1 2 2 4 4 5 6 15 12 3 4 3 10 31 40 37 15 3 15 32 23 37 39 15 42 49 50 42 39 32 31 14 10 11 35 40 37 19 20 15 14 14 9 5 5 3 2 2 1 1 0 0 0 2 8 13 13 28 17 27 27 25 73 54 44 34 20 62 47 68 56 51 54 65 58 45 31 36 20 13 5 3 2 2 1 0 1 1
1 0 0 0 0 0 0 0 1 1 2 4 17 22 22 37 23 6 3 3 22 31 39 30 16 32 8 32 32 43 27 47 45 31 35 37 29 29 13 21 43 51 26 25 15 23 16 13 17 12 13 8 5 4 3 3 1 1 0 0 0 1 3 16 41 31 19 33 29 25 27 48 64 21 16 28 71 81 76 65 60 56 53 53 42 23 22 10 14 4 2 1 0 1 0 3
0 0 0 0 0 0 0 0 0 3 6 5 18 30 32 9 4 3 1 11 20 24 35 44 45 18 24 25 22 22 30 69 34 33 38 40 39 24 33 35 60 46 43 38 35 33 28 20 26 17 14 8 6 4 3 1 1 1 1 0 0 1 4 11 30 27 41 49 38 60 57 63 63 33 35 49 68 63 66 56 55 49 44 45 31 21 18 18 17 10 2 2 1 2 1 4
0 0 0 0 0 0 0 0 1 6 6 10 12 67 13 6 11 6 4 14 17 20 24 13 12 10 43 12 28 23 48 33 46 55 43 42 40 42 51 44 33 49 48 54 46 46 32 35 26 10 7 7 5 5 5 2 1 1 1 0 1 1 5 10 23 22 23 42 65 53 73 64 66 37 60 57 66 65 48 47 49 47 32 24 21 19 16 13 9 8 5 3 1 3 5 5
0 0 0 0 0 0 0 0 1 4 7 8 3 16 5 1 7 9 17 12 15 29 26 13 10 26 15 23 37 59 62 54 50 51 40 43 54 54 57 50 53 67 63 43 36 49 45 37 20 15 10 8 5 4 3 4 3 1 0 0 1 2 5 12 15 25 22 29 56 77 72 69 60 84 67 49 38 42 50 51 44 45 42 31 21 24 12 18 9 6 5 4 2 4 5 5
0 0 0 0 0 0 0 0 3 2 6 4 2 1 1 1 7 8 6 12 17 13 12 30 28 11 14 42 62 25 22 23 45 42 49 57 57 56 54 53 57 64 48 47 57 47 47 39 18 16 11 8 6 3 3 3 2 1 1 0 0 1 9 15 25 23 25 26 30 34 51 56 61 69 20 45 44 43 37 39 34 33 27 41 31 26 20 15 8 7 6 3 3 7 6 10
0 0 0 0 0 0 0 0 2 3 6 4 4 8 6 3 1 3 2 16 23 13 51 49 14 19 28 42 24 26 27 32 39 35 49 56 58 57 47 73 60 48 45 54 25 39 52 43 36 26 7 6 5 6 5 3 2 2 1 0 0 1 3 14 19 26 61 42 48 48 47 31 45 63 50 57 56 41 41 40 43 36 40 36 30 10 9 6 7 13 6 2 5 13 15 15
0 0 0 0 0 0 0 1 3 9 8 2 2 6 7 7 3 1 4 18 15 46 32 14 18 42 25 25 25 28 34 33 25 36 43 63 45 44 63 56 48 67 70 36 50 48 43 41 27 11 8 11 11 8 6 5 4 3 1 1 0 1 6 10 16 39 61 79 48 58 50 33 37 70 77 43 48 55 55 37 32 37 45 31 16 6 16 12 9 5 2 1 7 15 17 18
0 0 1 0 0 0 3 3 8 14 1 1 2 1 1 2 4 2 8 17 15 17 6 15 35 10 9 20 25 29 48 35 28 38 49 53 51 65 70 66 48 42 43 53 46 47 31 30 22 18 14 19 14 6 6 5 5 2 2 1 1 2 4 13 23 34 56 72 68 68 54 55 59 72 48 44 40 41 48 52 36 66 44 20 23 24 18 10 4 2 1 3 12 19 20 22
0 0 0 0 2 0 0 2 6 3 0 1 3 3 4 5 9 6 18 8 6 5 4 16 13 17 22 32 42 35 31 23 28 33 57 41 75 71 70 42 31 30 38 52 57 46 40 37 34 26 23 17 11 5 4 3 3 3 2 2 1 3 7 17 32 41 39 43 67 80 72 36 42 73 45 50 69 65 62 67 60 42 34 30 29 26 10 8 4 3 3 9 14 19 15 26
0 0 0 0 0 0 0 1 2 1 0 1 2 5 6 7 5 8 13 23 19 15 2 14 19 31 33 41 25 16 26 28 34 38 72 39 24 17 17 35 38 55 66 67 64 53 42 39 23 32 16 13 13 7 6 4 3 3 2 2 2 6 11 17 37 42 39 26 46 70 72 51 57 70 47 31 51 74 72 69 64 33 36 37 29 24 9 6 10 4 10 15 8 24 26 29
0 0 0 0 0 0 0 0 3 5 1 2 3 1 3 2 3 20 10 8 10 14 13 11 31 23 25 30 20 23 41 37 27 74 27 20 48 52 52 50 64 69 62 66 67 62 51 41 26 25 20 17 16 12 10 7 6 3 3 1 4 8 23 48 47 48 37 46 54 61 74 48 45 62 74 55 56 56 70 70 55 55 37 36 31 20 10 3 4 10 12 8 14 21 46 34
0 0 0 0 0 0 0 2 1 2 6 3 1 1 2 3 4 5 10 15 9 15 7 13 26 30 22 26 30 28 32 37 46 33 11 35 41 48 58 84 63 60 69 69 66 63 46 36 27 18 20 19 18 9 11 6 7 6 4 4 5 17 19 41 46 44 43 55 59 53 79 73 54 71 69 56 62 62 58 54 59 43 32 27 25 12 5 1 4 15 8 16 23 25 48 33
0 0 0 0 0 0 0 0 0 4 1 0 1 2 2 1 9 3 4 19 39 15 5 8 38 24 36 29 23 22 52 80 50 9 21 49 39 68 73 67 64 74 71 53 56 53 48 43 24 27 23 21 20 15 13 11 9 9 6 5 6 10 16 24 47 66 55 72 75 64 57 58 56 65 75 75 58 53 43 42 42 35 28 28 21 10 4 2 12 15 18 33 42 34 42 33
0 0 0 0 1 0 1 2 1 1 1 2 1 1 1 14 6 7 8 19 14 5 13 20 4 28 26 16 49 39 62 43 12 20 56 26 51 44 56 78 79 62 49 78 67 45 49 47 40 32 27 25 21 19 17 15 12 6 7 9 9 23 15 18 24 51 73 76 74 74 81 81 57 69 57 51 35 42 54 56 39 37 23 28 20 4 3 11 11 21 33 44 40 26 42 41
0 0 0 0 0 0 0 0 0 1 1 2 1 0 0 11 4 1 2 3 4 8 21 8 5 15 11 15 54 50 43 10 16 30 48 72 46 54 70 73 71 60 66 36 48 41 52 60 42 38 34 28 25 21 19 17 9 5 11 19 15 26 26 30 32 48 57 81 65 63 45 70 54 38 38 50 60 48 41 40 35 22 30 19 6 4 8 13 21 20 25 37 54 44 45 41
0 0 0 0 0 0 0 0 1 1 1 0 1 1 3 15 3 4 3 3 19 6 12 2 14 24 14 37 61 32 18 13 19 25 67 68 66 56 60 61 60 65 52 40 46 74 58 50 46 57 40 34 30 24 22 18 10 7 20 26 43 48 36 42 36 48 65 67 76 61 52 44 51 59 51 66 51 52 43 40 26 27 13 7 4 8 19 23 22 37 40 29 32 41 38 32
0 0 0 0 0 0 0 0 0 0 0 3 0 2 9 4 3 2 9 12 9 11 5 11 37 11 15 44 37 26 25 22 42 50 70 55 59 59 51 37 38 59 69 60 67 56 59 58 65 47 41 51 18 26 23 13 7 19 31 32 59 60 45 60 46 33 42 77 77 38 74 51 49 60 61 59 54 53 49 34 25 25 9 10 9 18 24 29 27 33 42 31 33 43 50 40
0 0 0 0 0 0 0 1 0 0 0 1 1 7 1 2 4 5 8 14 5 5 8 10 17 13 17 38 19 14 28 21 51 55 53 55 42 50 45 49 57 60 62 76 60 59 57 72 54 49 61 43 38 31 18 15 8 19 45 45 52 66 55 65 66 46 47 57 83 38 40 75 74 57 55 55 63 50 54 48 28 21 6 6 11 23 33 41 47 46 45 47 34 40 59 48
0 0 0 0 0 1 2 0 0 0 2 0 4 1 2 3 3 1 1 7 3 8 13 12 12 21 22 4 11 21 32 38 52 59 20 16 50 41 50 43 47 58 64 73 72 58 75 51 70 69 47 42 42 35 20 17 11 22 47 60 55 68 50 54 70 46 66 41 70 44 46 71 47 64 61 56 51 50 66 38 30 8 6 12 21 25 35 46 34 26 35 57 29 33 51 68
0 0 0 0 0 0 0 1 0 1 0 1 2 1 1 2 1 1 1 1 2 6 12 10 10 19 8 6 15 13 25 11 35 23 13 32 23 27 35 57 62 64 68 71 63 46 64 72 67 56 55 44 43 40 36 21 20 24 55 72 72 70 63 51 67 65 34 39 81 43 64 59 56 57 51 42 54 30 25 26 11 6 11 24 26 34 45 47 27 33 47 28 19 24 37 67
0 0 0 1 0 0 0 0 0 1 0 1 1 2 2 6 4 1 1 1 1 7 6 3 9 11 8 29 26 26 50 39 36 22 13 13 29 29 32 31 37 62 49 56 66 37 30 32 49 51 58 52 45 41 26 15 28 40 56 63 84 76 56 55 60 64 60 25 65 16 24 37 47 55 55 57 57 54 40 36 14 8 14 26 29 54 61 50 39 37 46 46 38 24 34 54
0 0 1 1 1 1 1 0 0 0 1 2 5 2 4 4 8 2 3 2 10 11 5 9 16 10 11 2 3 11 36 10 15 8 14 23 14 21 21 24 57 51 40 57 35 41 43 54 55 67 55 55 50 32 28 19 30 46 59 66 74 57 58 65 69 45 39 45 61 29 33 29 28 20 36 47 43 44 27 22 9 15 27 30 35 60 55 27 39 53 35 50 27 30 37 59
0 0 0 0 0 0 0 0 0 1 1 3 6 6 4 7 7 1 4 8 10 4 4 12 10 7 1 5 5 16 15 8 6 22 27 22 31 25 29 45 36 47 63 39 43 44 61 56 66 54 53 52 51 33 15 31 37 70 62 66 67 71 58 72 71 53 36 57 45 30 43 57 54 58 59 54 42 19 14 7 11 29 31 35 40 65 66 25 28 51 37 55 33 33 39 72
0 0 1 0 1 1 1 1 0 1 4 2 4 5 1 1 0 1 3 11 9 4 11 3 13 16 2 4 6 24 9 6 10 23 44 22 23 30 40 19 54 48 37 50 45 59 61 71 70 60 68 52 37 36 23 36 44 63 76 60 65 73 56 46 66 67 34 40 50 58 61 45 46 46 36 42 33 19 8 22 20 33 38 54 48 64 69 39 39 41 23 60 36 38 40 55
1 3 2 7 8 5 3 3 3 2 4 1 2 1 4 1 1 2 6 7 6 5 7 2 5 4 2 6 8 18 7 11 49 28 17 14 21 26 28 46 67 54 61 38 51 70 72 59 58 74 62 45 40 39 25 53 68 60 63 75 64 72 76 48 78 76 34 43 49 57 43 43 57 45 44 27 31 27 17 35 37 37 43 58 46 51 59 52 56 39 37 62 36 40 34 49
3 7 9 3 6 19 5 2 1 2 0 0 1 2 2 1 1 8 13 5 3 6 3 4 9 15 3 3 6 13 16 45 14 8 17 21 10 8 35 40 47 31 67 56 62 73 45 56 70 64 50 46 41 40 39 57 68 66 65 75 61 66 71 66 61 68 44 21 36 66 46 53 53 55 44 44 45 39 29 38 41 52 49 57 44 40 53 51 48 45 43 61 38 31 41 47
1 2 3 1 0 3 5 5 0 0 0 1 2 4 3 2 3 3 2 3 2 2 10 2 13 18 5 4 14 22 30 42 17 20 23 4 5 9 18 39 34 46 63 64 63 60 61 59 61 59 49 47 41 42 47 49 63 76 66 61 79 55 65 67 53 32 17 13 10 31 45 60 56 49 42 39 31 15 27 37 40 55 50 58 42 57 68 69 54 49 40 49 55 19 44 51
1 1 1 1 1 0 0 0 0 1 1 0 0 1 3 2 2 5 1 2 1 2 2 3 13 7 2 3 5 11 7 10 20 16 13 16 10 4 47 18 30 22 56 44 68 53 56 43 62 61 44 44 39 40 46 65 64 76 75 72 68 69 56 57 16 16 33 49 36 42 43 45 47 34 31 25 13 25 41 39 42 57 60 41 54 54 65 67 54 51 38 47 55 24 28 60
1 0 3 1 0 0 0 1 0 0 1 0 0 2 0 1 2 1 2 2 1 9 11 7 14 5 2 2 4 4 4 23 20 13 22 16 24 7 35 27 6 25 58 53 61 55 56 67 59 55 50 43 42 64 62 57 66 64 72 52 65 65 36 32 29 25 36 56 45 32 58 56 66 61 47 15 24 27 41 53 60 46 59 44 57 69 67 63 51 51 40 40 57 49 24 41
0 1 0 1 1 0 0 1 0 1 1 0 0 1 0 1 2 8 1 3 15 4 8 10 20 11 2 4 3 11 17 11 13 35 13 21 23 12 64 35 11 36 20 56 52 45 62 41 55 51 43 46 40 61 73 61 62 57 67 73 46 49 44 28 30 19 26 30 34 28 52 57 63 70 33 21 28 41 38 60 60 56 55 58 42 65 68 67 56 58 25 46 46 41 33 26
0 1 0 0 0 1 1 1 0 0 1 0 1 1 1 3 1 4 1 2 3 16 6 14 7 2 1 1 1 9 15 6 10 17 24 37 15 20 43 45 25 38 18 58 44 36 44 36 52 48 56 41 39 54 60 85 48 53 49 39 50 28 30 26 15 21 34 30 36 33 55 56 34 49 24 22 43 44 41 45 60 56 55 53 56 66 65 76 63 47 34 50 54 27 34 22
0 0 1 0 0 1 0 0 0 0 0 0 0 0 2 2 1 2 2 1 1 1 1 2 1 1 2 1 4 3 12 14 20 15 21 24 13 12 17 58 33 40 36 47 17 48 37 50 55 37 51 41 43 38 62 65 68 54 40 19 34 21 14 26 18 21 35 29 46 40 46 47 36 24 27 43 43 43 44 39 46 59 67 58 54 68 72 70 70 41 30 64 43 45 33 18
0 1 0 0 0 1 0 0 0 1 0 0 0 0 2 1 1 1 3 2 1 2 3 4 4 9 4 2 1 2 5 11 16 17 19 17 17 14 7 35 64 56 34 22 19 28 29 47 37 19 45 37 38 35 47 71 56 54 29 12 17 5 5 7 10 13 25 42 47 52 56 38 22 22 48 44 48 63 58 46 39 53 54 63 65 80 55 77 55 38 33 66 45 58 24 19
0 0 0 0 2 0 0 0 0 0 0 0 0 0 1 1 1 1 1 0 1 2 1 9 16 1 2 1 2 1 1 4 4 17 11 5 18 11 12 23 69 57 24 15 20 29 52 23 36 16 28 41 34 55 53 48 42 33 40 12 14 9 10 6 19 31 32 38 42 33 40 35 14 26 39 42 60 53 49 34 41 23 54 64 64 52 71 67 64 48 33 58 42 52 42 17
0 0 0 0 1 0 0 0 0 0 1 0 0 1 1 1 2 0 1 0 3 2 5 3 3 3 7 3 1 1 5 6 3 7 6 6 21 2 2 21 34 49 29 21 15 64 37 21 18 30 44 44 29 47 66 41 62 19 29 27 14 13 14 8 15 16 19 27 45 46 23 20 25 39 37 41 35 41 33 12 32 35 50 53 57 63 70 63 27 49 22 49 65 29 15 26
0 0 0 0 0 0 0 0 0 0 0 0 1 1 1 1 0 0 1 0 1 1 1 3 5 19 3 2 2 1 9 6 7 11 7 9 11 4 8 13 28 31 38 28 24 73 31 33 21 28 39 31 39 64 69 42 56 23 16 18 11 4 4 26 22 25 31 28 49 23 21 24 40 36 35 38 49 51 41 31 36 48 55 65 65 62 56 71 24 42 30 30 61 15 12 19
0 0 0 0 0 0 0 1 0 0 1 2 0 0 0 1 1 0 1 1 1 1 4 6 10 3 2 5 1 2 3 11 11 16 14 17 14 12 10 16 26 42 34 31 21 32 31 44 32 15 17 38 51 51 56 44 35 22 12 14 9 3 7 12 23 33 36 31 33 34 38 36 34 40 50 23 29 52 39 29 41 42 40 63 53 47 31 43 41 35 60 27 42 20 18 21
0 0 0 1 0 0 0 0 0 2 2 1 0 0 1 0 0 0 0 1 1 1 12 6 3 6 9 17 8 8 2 12 12 27 13 24 10 23 19 14 16 15 30 40 10 32 37 46 33 25 33 47 41 35 41 20 22 21 10 8 2 7 7 9 13 24 21 44 56 38 39 34 32 50 37 18 23 52 50 33 34 42 38 36 55 53 15 25 39 58 33 33 21 14 25 37
