sesion_6_simulaciones/modelos_agentes/ejemplos_netlogo/scenarios/echam4_a2/rob_2072.asc
NCOLS 322 
NROWS 307 
XLLCORNER 451900 
YLLCORNER 4086900 
CELLSIZE 100 
NODATA_value -9999 
[rows 73 to 145 of 307, columns 96 to 191 of 322]
1 1 1 1 4 1 9 17 4 2 1 3 2 2 0 0 0 0 0 0 0 0 0 0 0 0 0 0 0 0 0 0 0 0 0 0 0 0 0 0 0 0 0 0 0 0 0 0 0 0 0 0 0 0 0 0 0 0 1 1 1 2 2 4 4 8 5 4 5 10 8 6 6 13 4 3 10 4 6 24 14 23 24 29 65 76 65 52 54 50 31 29 23 6 10 9
1 3 2 1 1 2 1 6 1 1 1 4 1 11 4 1 0 0 0 0 1 0 0 0 0 0 0 0 0 0 0 0 0 0 0 0 0 0 0 0 0 0 0 0 0 0 0 0 0 0 0 0 0 0 0 0 0 0 0 0 0 2 1 1 2 4 2 3 4 4 3 4 2 5 1 1 3 5 6 6 3 16 42 46 35 23 32 45 36 45 43 47 51 38 12 5
1 2 2 1 1 2 3 7 3 3 4 2 0 1 1 2 1 1 1 2 6 1 0 0 0 0 0 0 0 0 0 0 0 0 0 0 0 0 0 0 0 0 0 0 0 0 0 0 1 0 0 0 0 0 0 0 0 0 0 0 0 0 2 1 1 1 1 1 2 3 1 5 1 1 1 0 3 1 1 4 14 17 9 11 20 24 24 25 42 43 61 69 59 56 34 21
2 1 1 2 1 3 1 8 3 8 6 1 2 4 3 1 1 3 1 3 2 2 1 1 0 0 0 0 0 0 0 0 0 0 0 0 0 0 0 0 0 0 0 0 0 0 0 0 0 0 0 0 0 0 0 0 0 0 0 0 0 0 0 0 1 0 1 0 2 1 0 1 1 1 1 1 0 0 3 2 4 7 16 12 24 33 35 53 62 51 61 68 62 58 51 42
3 1 4 4 2 2 3 5 5 7 16 3 5 2 2 3 5 1 3 2 5 5 1 1 1 0 0 0 0 0 0 0 0 0 0 0 0 0 0 0 0 0 0 0 0 0 0 0 0 0 0 0 0 0 0 0 0 0 0 0 0 0 0 0 0 0 0 0 1 0 0 0 0 0 0 0 0 0 1 1 4 5 5 15 34 38 53 42 48 67 49 60 52 54 45 45
4 2 3 4 7 3 4 5 2 22 34 22 5 2 7 4 5 5 9 2 1 3 3 5 0 0 0 0 1 0 0 0 0 0 0 0 0 0 0 0 0 0 0 0 0 0 0 0 0 1 0 0 0 0 0 0 0 0 0 0 0 0 0 0 0 0 0 0 0 0 0 0 0 0 0 0 0 0 0 1 3 9 19 20 33 51 28 40 52 38 48 39 35 48 45 68
11 12 4 13 21 8 2 9 3 7 18 27 14 5 5 1 7 16 4 3 4 2 6 4 1 0 1 2 1 1 2 0 0 0 0 0 0 0 0 0 0 0 0 0 0 0 0 1 1 1 1 1 0 0 0 0 0 0 0 0 0 0 0 0 0 0 0 0 0 0 0 1 0 0 1 1 0 0 0 2 3 6 13 14 13 32 40 58 45 29 33 26 25 42 69 57
41 60 28 27 5 4 3 3 3 12 5 3 18 18 2 7 16 4 2 1 3 1 0 3 3 2 2 2 3 1 2 1 0 0 0 0 0 0 0 0 1 0 0 0 0 0 0 0 1 0 1 3 1 1 0 0 0 1 1 0 0 0 0 0 0 0 0 0 0 0 0 0 0 0 0 1 1 5 0 1 3 2 10 8 10 15 35 50 38 34 33 31 61 63 31 33
35 26 48 6 5 4 8 6 5 6 8 1 5 6 6 8 2 11 7 4 3 3 0 1 4 7 3 1 1 2 0 0 1 1 1 0 1 0 0 0 0 0 0 0 0 0 0 0 0 0 2 3 0 4 1 0 1 0 0 0 0 0 0 0 0 0 0 0 1 0 0 0 0 0 0 0 0 3 3 1 1 1 5 8 4 8 28 26 25 25 29 43 60 50 25 48
72 72 46 17 13 20 20 10 9 7 14 1 5 8 12 4 4 28 7 4 10 16 3 4 6 37 4 0 1 1 0 0 0 0 2 0 0 0 0 0 1 0 0 0 0 0 0 0 0 1 1 9 4 4 1 1 1 1 1 0 0 0 0 0 0 0 0 0 0 0 1 1 1 0 0 0 0 0 3 8 11 1 3 3 2 14 12 7 13 25 23 50 26 30 25 56
19 36 76 66 7 8 21 21 44 12 16 3 11 26 11 2 5 47 5 9 6 7 3 17 4 4 2 2 2 1 1 1 0 1 4 1 1 0 0 1 0 0 0 0 0 0 0 0 0 1 1 8 4 6 3 2 3 1 3 1 1 1 0 0 1 0 1 0 0 1 2 1 1 0 0 0 0 0 0 9 6 2 0 2 6 1 4 5 10 9 18 19 11 20 20 68
13 23 33 64 56 12 22 19 10 36 24 10 14 39 17 9 17 40 11 8 4 3 24 28 15 9 2 8 3 2 0 0 2 8 6 4 2 0 1 0 0 0 0 0 0 0 0 0 1 0 0 2 9 12 3 5 3 2 10 3 1 0 0 0 2 0 1 1 0 1 2 1 0 0 1 0 0 0 0 2 12 6 4 1 0 3 6 9 8 17 5 11 14 35 13 36
19 36 52 44 57 54 54 48 21 27 42 6 16 52 34 31 21 26 20 27 28 3 15 14 42 22 18 22 8 7 2 8 12 6 4 18 7 1 1 1 0 0 0 0 0 0 0 0 0 0 1 1 14 16 6 2 4 14 14 4 1 0 1 1 2 1 4 3 2 1 5 1 2 2 2 0 0 0 1 1 3 14 3 12 11 1 3 1 6 2 3 7 5 17 12 28
19 19 10 9 31 49 34 23 19 23 26 12 31 63 34 9 22 14 24 40 45 31 7 9 10 10 35 44 9 16 28 20 22 8 10 7 7 5 1 2 0 1 1 1 0 0 1 1 1 1 1 3 19 46 11 8 12 13 25 8 1 1 1 1 6 1 8 2 2 1 3 2 1 0 0 0 0 0 1 1 0 8 11 5 4 9 4 5 3 8 5 7 17 15 30 9
15 9 1 4 27 29 8 16 16 22 11 20 53 45 17 8 13 21 41 33 47 78 25 9 7 11 58 45 48 7 32 15 12 34 33 21 7 10 3 4 2 6 1 1 1 0 0 0 1 1 2 5 5 49 18 33 20 28 49 9 2 3 2 5 5 2 6 3 2 0 0 1 2 1 1 0 0 0 0 1 2 0 11 10 8 9 12 20 34 8 25 29 20 11 58 8
20 19 7 5 28 24 18 21 23 15 20 26 38 50 20 6 57 53 27 28 31 41 65 58 28 13 31 52 62 61 29 49 31 8 8 5 4 18 2 5 17 6 1 0 1 1 0 0 1 3 6 3 8 17 27 44 42 52 50 18 8 10 12 8 8 1 4 4 2 1 1 3 5 2 1 3 0 0 0 1 2 1 1 9 24 35 11 4 5 12 14 35 23 15 25 49
21 12 13 6 19 14 10 47 22 17 13 17 66 36 15 10 46 28 49 55 43 51 71 67 59 22 38 10 21 59 30 32 34 24 18 17 10 5 5 25 4 3 1 0 1 1 1 1 2 4 5 8 7 11 7 40 51 53 61 21 11 12 6 18 18 3 8 6 1 0 0 3 1 1 5 3 0 0 0 1 1 2 4 2 16 32 24 19 23 13 8 8 20 12 8 20
11 16 9 8 7 6 7 43 32 11 31 44 68 67 18 11 30 11 47 78 74 67 30 47 68 45 40 34 59 81 75 61 29 36 20 10 10 4 11 2 2 1 0 2 5 2 1 1 1 2 3 5 5 7 2 4 42 59 70 26 40 23 38 31 39 3 21 5 4 2 1 2 3 3 8 1 0 4 0 1 1 1 3 5 2 20 20 8 4 9 8 9 7 15 21 20
27 25 19 11 11 6 7 17 32 26 25 55 41 30 47 20 50 15 9 32 36 74 43 41 34 19 36 58 83 90 61 68 77 67 59 17 10 7 32 2 6 4 8 7 7 2 4 1 0 1 5 9 19 22 31 9 3 3 19 40 27 40 31 41 50 14 51 12 11 7 3 2 3 12 3 0 1 1 1 0 1 1 3 4 8 2 6 16 10 11 6 12 30 43 38 38
16 15 9 8 12 9 5 3 21 38 37 40 36 17 19 12 53 30 16 57 44 52 42 46 56 45 29 71 38 64 73 65 71 63 11 14 14 17 8 3 21 12 20 10 5 2 10 4 4 2 4 6 11 11 22 7 2 3 4 24 48 69 47 55 34 10 44 26 7 4 9 11 3 5 2 1 4 2 2 1 1 2 2 3 9 5 2 4 6 8 29 36 50 49 54 48
10 8 11 11 10 10 10 6 9 16 28 40 39 33 18 13 58 26 11 41 28 38 42 54 41 60 54 64 42 13 34 42 27 19 28 20 47 48 14 10 6 20 54 9 4 16 9 4 6 2 4 4 4 10 16 22 11 5 5 51 75 60 75 71 54 55 56 55 25 5 20 7 3 1 1 4 2 0 2 1 1 1 2 2 7 5 10 4 2 13 32 68 72 63 63 37
13 6 19 28 20 19 18 20 14 15 25 33 32 24 23 13 40 22 9 26 39 37 35 37 43 56 52 49 53 40 18 14 21 33 29 55 68 21 37 31 17 46 54 15 28 11 12 3 12 2 7 5 16 33 45 39 19 7 9 17 72 59 77 76 66 55 62 66 55 17 12 9 7 3 2 2 3 9 1 1 0 0 2 3 2 5 14 18 6 10 19 17 40 47 55 44
27 28 21 32 34 28 31 31 25 7 18 21 19 23 17 21 19 16 14 26 27 31 18 26 44 48 49 44 43 65 20 27 26 40 78 81 51 22 55 63 34 49 52 34 20 27 12 6 14 5 5 13 17 38 56 47 25 11 7 9 13 64 79 78 70 49 72 56 27 7 14 17 3 4 10 4 4 1 0 4 0 1 2 2 9 5 4 8 17 23 27 17 11 12 24 31
28 15 27 27 36 28 44 30 20 23 4 9 7 14 23 18 26 20 12 14 29 35 23 23 21 27 59 47 46 22 33 20 41 83 75 74 22 37 83 44 27 34 34 11 16 45 15 25 18 12 6 21 46 29 22 29 39 39 30 18 20 34 63 63 73 60 38 40 15 15 19 12 6 8 8 8 5 3 1 2 1 0 1 5 7 10 7 8 14 22 39 46 34 20 12 29
18 22 28 21 33 34 28 29 28 30 35 21 13 6 8 11 23 21 11 11 21 11 14 18 17 27 59 68 42 30 42 13 65 81 63 30 33 71 80 61 21 40 27 18 58 47 18 13 35 31 8 18 35 57 48 35 12 24 33 40 32 37 29 45 24 42 47 35 20 30 29 17 9 5 10 7 3 9 0 0 2 1 1 3 7 8 8 9 8 15 33 35 38 24 28 13
24 16 29 31 34 23 26 41 26 33 28 31 30 21 15 8 10 20 10 15 22 19 13 18 13 28 30 67 22 23 47 18 57 75 39 36 37 58 46 47 35 38 22 59 64 19 26 61 49 29 28 10 8 17 16 30 18 31 59 65 42 56 35 21 23 34 26 22 21 40 25 29 8 14 14 8 12 2 1 0 2 0 0 1 2 8 10 8 8 8 27 25 37 40 45 29
12 10 26 30 16 26 13 18 37 34 28 32 32 35 28 14 8 6 5 3 5 7 12 16 7 13 15 17 16 59 35 14 24 31 30 54 56 67 90 71 54 41 55 58 55 38 34 73 62 37 63 28 21 37 46 34 27 28 22 45 72 53 36 22 23 38 28 20 29 35 36 37 20 5 5 3 5 2 1 1 0 1 1 1 2 4 6 10 20 15 19 26 37 57 45 42
5 12 45 23 28 14 43 20 39 41 28 37 34 17 19 22 23 21 20 20 21 19 11 12 12 4 9 11 29 63 15 26 31 21 45 63 68 26 56 51 57 39 40 54 48 38 54 77 66 62 63 54 16 16 21 21 29 45 48 15 19 34 32 34 30 33 26 28 24 31 31 40 22 18 3 4 4 1 0 0 2 0 0 1 2 3 5 10 11 25 22 41 50 53 49 52
7 14 30 17 18 20 15 19 39 31 34 35 30 33 23 32 21 31 31 31 23 37 21 18 31 24 4 9 18 48 19 32 40 33 43 44 37 39 32 16 54 60 43 33 46 73 80 79 64 58 65 52 26 20 33 48 54 46 50 27 9 33 28 23 34 24 21 24 31 31 23 27 15 12 9 5 1 2 5 6 3 6 1 1 1 2 3 6 13 13 38 38 43 50 57 64
5 25 7 11 17 15 16 11 28 35 18 17 39 27 26 21 23 28 31 33 33 33 33 31 25 34 17 3 13 33 14 28 39 43 43 37 35 43 43 19 34 76 60 27 63 66 87 77 26 19 29 42 54 47 37 44 48 41 33 22 13 43 27 18 23 24 26 35 34 34 25 24 22 26 22 20 6 11 8 6 3 2 1 0 0 1 4 5 7 12 24 37 48 66 64 68
15 4 8 8 7 15 21 26 9 14 22 31 33 35 20 30 27 31 30 44 43 33 48 35 49 34 34 11 6 29 18 22 35 41 52 45 50 45 45 17 27 46 62 30 58 56 73 39 18 20 34 33 54 55 48 42 48 43 32 36 16 25 22 16 42 29 37 52 39 36 31 22 45 36 51 19 15 6 8 2 0 0 0 1 0 1 2 2 7 20 21 21 22 27 26 34
3 4 10 29 33 20 7 5 8 26 28 29 16 29 31 35 31 43 40 42 43 44 40 49 49 40 26 25 6 8 7 15 14 42 45 71 76 54 57 31 24 24 34 11 32 38 24 26 24 30 30 46 64 57 59 63 63 60 67 50 26 22 27 17 44 49 50 34 22 30 46 35 35 31 29 31 15 6 2 2 1 0 2 1 4 2 1 2 8 7 8 16 27 35 39 44
6 13 12 4 4 8 12 6 13 25 27 27 22 26 26 38 28 38 40 52 28 53 54 51 46 38 21 20 9 6 4 7 12 27 45 57 53 60 66 47 49 40 37 13 27 34 38 66 73 66 83 55 73 75 76 63 71 58 54 47 26 33 32 14 14 27 31 43 46 34 41 56 25 22 17 21 17 2 1 1 1 1 5 2 5 3 7 2 2 4 8 15 21 35 46 46
9 5 9 10 11 7 12 7 19 19 20 23 40 27 37 35 36 55 49 36 44 50 62 36 49 43 40 16 16 12 3 2 3 17 33 44 66 78 77 46 30 40 37 25 31 43 70 48 73 67 62 46 85 80 77 58 49 47 44 27 25 15 14 5 4 22 43 62 62 41 41 63 45 18 10 11 4 3 3 2 1 3 3 4 8 11 4 4 2 3 4 8 17 30 30 57
3 4 3 3 3 3 2 8 24 15 17 33 23 30 35 37 50 27 28 54 45 57 59 40 35 31 40 38 33 29 15 12 5 14 34 28 24 58 72 57 43 41 40 38 53 48 26 42 59 87 57 62 77 66 74 69 57 46 28 25 22 17 3 12 6 16 42 51 72 48 42 15 24 22 10 15 9 4 2 1 1 4 3 6 9 5 1 4 1 1 3 9 14 9 31 41
2 3 8 10 10 5 5 9 16 25 23 23 17 26 50 56 34 23 25 58 47 34 40 46 36 34 43 45 36 31 26 25 14 8 34 38 19 22 20 16 21 32 34 38 51 38 38 55 85 43 35 53 85 72 62 46 42 43 49 42 20 17 4 6 4 16 36 42 49 48 38 23 31 17 16 15 12 10 6 4 5 11 5 4 6 6 7 10 8 2 1 3 3 14 24 26
3 8 6 21 6 6 7 16 13 21 21 7 8 26 28 24 20 23 36 65 34 33 38 47 42 45 38 39 31 21 14 21 29 15 9 27 33 20 16 14 16 31 31 27 28 43 52 33 82 41 55 71 84 59 40 47 43 29 27 36 25 25 3 10 7 8 22 18 37 31 39 38 39 28 46 33 49 7 2 1 10 11 13 8 1 12 15 34 16 6 11 4 13 12 10 55
4 5 14 14 6 12 10 11 21 17 13 9 12 26 16 37 12 21 61 36 28 29 40 47 53 53 43 38 24 34 30 27 30 27 12 6 23 11 13 12 14 25 26 25 27 41 47 43 28 44 65 82 82 56 50 49 35 34 35 29 25 12 13 11 8 9 26 40 47 46 47 44 46 52 52 32 5 3 1 7 8 20 26 39 11 23 32 25 19 9 5 5 4 14 14 23
4 9 4 3 7 7 6 21 6 11 4 11 15 50 26 18 12 41 13 15 41 29 26 25 34 36 38 43 47 37 45 45 32 32 19 19 4 21 17 13 12 14 15 28 38 57 30 51 18 25 57 75 91 86 57 49 42 24 36 26 24 14 20 6 4 15 37 53 66 60 50 52 52 40 28 17 7 8 7 9 19 24 25 51 36 36 21 4 1 1 3 13 10 10 14 18
5 4 3 3 4 5 11 1 12 3 4 9 22 35 25 7 31 25 23 11 13 29 13 16 32 34 52 39 52 57 49 52 34 32 29 24 20 7 9 13 16 13 16 31 32 47 13 40 13 43 53 25 72 78 55 40 26 24 24 12 27 33 17 10 5 37 50 48 46 47 43 43 46 40 53 47 19 14 8 6 15 15 14 52 43 24 12 8 8 6 13 2 10 11 10 16
1 3 3 2 3 5 8 1 4 3 8 4 20 11 6 16 25 10 14 15 51 34 22 19 31 55 42 58 58 70 53 34 12 44 33 31 35 20 8 3 10 19 18 29 33 11 28 43 13 41 30 65 70 49 51 48 48 39 23 17 29 28 24 17 4 8 34 48 49 40 40 47 59 41 25 15 7 5 17 4 15 35 29 32 22 18 35 27 11 13 7 4 5 13 25 36
24 1 2 2 3 1 4 6 5 3 12 8 5 5 6 30 8 15 13 42 39 24 38 30 19 47 50 58 77 68 68 36 22 26 22 20 27 31 33 4 4 17 29 26 12 23 67 30 14 42 77 75 80 40 39 51 38 35 32 23 30 18 17 10 6 6 13 27 34 34 13 27 22 16 21 17 8 5 11 12 17 42 77 32 22 37 35 22 29 13 5 11 4 12 13 28
18 31 20 27 15 5 1 0 10 3 22 42 48 23 9 17 16 26 14 29 22 27 34 31 33 44 60 77 53 64 59 46 53 40 36 40 18 30 37 17 2 13 19 23 11 11 17 17 8 46 64 85 77 31 43 47 49 35 25 33 29 19 20 5 6 6 41 44 39 50 47 44 51 35 18 10 7 17 14 26 41 39 54 71 36 44 57 38 15 4 11 13 3 3 11 21
8 30 20 21 13 9 14 4 16 7 2 11 47 47 60 14 9 20 26 26 22 19 32 28 40 48 64 52 61 66 66 59 53 54 60 37 34 40 33 25 18 4 9 16 26 16 14 8 13 40 63 38 58 26 56 38 51 49 34 23 28 31 16 5 4 25 39 49 50 60 67 48 25 28 35 11 11 19 25 58 52 50 56 52 12 27 23 23 29 35 36 6 13 3 4 8
8 36 11 32 21 11 40 13 10 25 15 11 41 56 35 22 33 20 57 76 72 58 27 16 49 40 55 48 47 47 57 53 55 61 62 55 47 36 26 30 31 14 8 12 22 13 21 7 12 19 31 30 68 49 72 69 47 58 37 43 15 16 13 6 15 30 44 37 50 57 67 65 62 42 43 33 34 27 34 63 67 43 39 37 27 28 43 47 26 64 12 17 17 16 3 4
16 29 18 22 49 14 24 5 17 29 29 10 3 40 41 28 47 29 37 68 75 30 68 16 51 52 55 44 48 27 41 63 67 71 73 52 33 34 40 35 17 13 9 6 32 16 24 7 7 6 24 46 72 30 43 25 56 67 65 40 15 11 6 4 18 28 48 37 51 56 59 64 45 21 13 13 37 21 57 67 84 80 29 27 31 43 64 29 48 62 31 29 12 6 5 5
3 10 5 22 43 20 26 2 23 60 14 8 7 18 51 43 48 53 14 38 51 41 41 50 14 25 73 38 25 20 12 19 39 40 50 60 46 53 55 33 22 12 4 2 12 20 20 17 3 18 28 56 49 65 45 30 36 32 25 16 23 12 9 5 12 26 33 30 39 44 45 27 24 25 18 24 60 71 56 59 78 85 69 30 21 36 29 40 70 41 25 4 2 1 2 4
3 22 40 21 42 12 40 25 36 69 35 20 21 31 59 72 33 5 5 12 21 12 32 69 25 12 62 44 54 22 2 21 52 49 31 62 60 56 35 22 11 8 2 2 2 25 29 13 10 34 35 49 31 42 36 39 14 12 29 31 22 13 4 10 19 18 19 22 22 35 34 28 35 21 27 52 73 76 76 50 61 74 68 42 14 28 40 56 44 15 9 15 12 6 9 17
6 4 4 6 9 19 49 9 45 53 79 40 29 24 19 12 10 7 8 19 16 17 15 65 25 52 49 48 66 73 34 23 35 30 41 56 53 48 42 38 21 7 2 3 2 9 22 19 8 19 39 53 11 26 35 59 32 16 20 26 9 8 3 8 14 31 69 49 48 55 54 66 57 29 45 85 82 85 80 64 24 50 70 68 27 32 41 57 36 27 68 21 7 6 8 30
7 14 5 7 11 32 50 38 21 42 77 52 21 10 27 22 9 26 7 10 15 16 18 72 21 25 57 41 50 63 41 35 51 26 19 25 16 27 25 29 32 27 6 3 2 5 5 9 9 19 37 40 9 30 21 21 40 41 21 9 7 7 2 12 15 30 40 57 70 71 87 59 21 28 67 89 86 79 81 83 76 39 76 76 31 35 50 39 24 62 45 21 16 20 3 1
10 16 15 8 12 9 48 59 54 24 81 44 17 7 23 22 28 28 18 11 16 22 5 39 62 7 24 31 59 80 36 11 27 24 40 48 43 43 33 29 25 18 20 6 2 1 2 3 6 17 45 40 13 20 27 20 33 26 16 11 7 4 5 11 9 37 44 62 72 66 33 24 32 39 69 78 86 82 80 70 82 56 51 62 49 58 40 26 56 84 34 29 24 20 13 3
15 12 19 8 8 10 39 77 42 40 71 64 50 8 25 24 46 30 25 21 23 40 18 22 85 28 48 43 67 66 64 45 45 57 52 47 51 50 48 23 14 9 16 10 4 1 4 8 16 39 58 49 17 27 25 7 11 24 25 15 5 2 2 11 28 48 76 76 61 37 41 34 41 80 75 70 88 69 58 55 82 71 60 28 25 52 42 55 85 56 37 35 49 17 12 5
55 7 21 10 10 17 32 44 12 15 82 57 9 6 27 36 50 44 55 42 51 45 43 34 58 37 24 57 66 57 67 65 42 36 36 25 40 45 49 40 21 15 9 4 5 2 3 5 11 27 46 38 21 15 9 8 7 6 6 6 7 6 2 8 26 60 64 53 34 31 45 40 70 82 85 74 63 80 51 59 84 65 38 21 45 67 70 75 80 31 55 75 49 29 23 7
9 24 8 9 10 8 16 33 25 34 62 31 16 6 27 24 54 23 57 40 50 60 52 39 45 62 41 27 16 53 48 63 34 27 41 37 27 22 37 35 17 10 10 5 3 1 3 6 24 41 44 14 16 16 12 7 9 4 4 2 1 1 8 14 30 51 37 17 30 47 43 42 78 86 77 73 65 76 81 50 66 63 38 33 57 58 71 84 61 55 80 57 46 32 16 13
9 7 18 19 9 11 6 11 9 16 27 14 41 18 13 28 59 29 26 56 34 26 14 62 61 72 22 21 11 28 66 74 64 40 31 22 29 20 21 12 15 15 6 4 3 1 2 7 16 22 30 20 7 12 8 9 14 5 3 1 1 1 9 13 43 23 11 27 47 46 47 71 73 79 77 79 73 68 83 63 52 60 40 38 61 63 81 82 68 50 44 55 37 17 16 22
18 14 10 29 31 19 20 8 6 27 16 14 44 47 17 28 46 48 24 32 30 37 32 86 66 65 47 8 12 11 33 40 64 58 39 31 25 20 15 12 37 19 11 7 2 2 1 4 21 22 24 20 24 12 11 13 12 8 2 2 1 0 4 22 20 7 17 42 50 63 61 78 80 71 58 45 49 54 67 71 63 38 31 40 59 62 77 73 55 29 40 25 12 14 15 32
22 18 13 22 25 38 20 9 3 23 22 13 15 28 18 24 37 44 25 27 25 17 22 43 19 35 61 14 17 16 9 37 66 63 37 28 36 62 59 43 27 12 4 4 6 2 1 1 5 15 13 18 20 11 11 11 17 7 2 1 1 0 1 6 3 12 20 28 45 81 72 69 84 81 61 47 29 16 41 61 54 32 17 29 52 65 77 56 30 46 45 38 56 30 34 32
67 31 21 9 20 34 54 7 12 24 30 21 8 19 17 11 29 51 23 22 22 19 9 30 7 14 47 38 10 23 8 14 45 81 60 37 26 21 22 18 19 14 13 4 2 4 4 1 2 13 13 13 15 22 9 5 9 6 3 1 1 0 0 2 17 41 43 62 72 60 81 85 76 86 82 66 55 37 20 22 46 37 15 8 26 42 49 21 30 43 43 70 63 35 25 35
62 85 35 23 8 16 14 13 17 24 22 14 29 11 17 7 10 54 32 23 18 16 8 22 23 3 32 39 14 22 15 7 29 58 76 55 35 38 50 39 20 14 10 4 2 1 3 1 0 2 13 20 16 6 14 7 4 3 2 1 1 0 0 4 20 51 62 42 41 56 75 71 70 74 89 73 55 32 19 13 18 14 2 12 26 15 20 28 46 49 72 70 34 33 34 41
22 77 84 61 30 18 6 29 14 11 13 15 35 20 14 12 10 53 40 32 16 6 5 16 30 4 22 26 21 27 17 10 33 25 31 68 37 16 30 33 24 9 6 7 2 1 1 1 0 1 7 13 14 10 8 7 5 2 1 0 0 0 3 8 18 15 14 41 74 71 66 64 61 70 76 73 57 38 41 21 6 3 3 11 34 50 43 28 42 62 56 33 25 34 41 43
15 63 65 82 51 29 15 29 30 9 25 15 20 20 30 22 12 25 52 18 15 11 3 11 22 10 16 23 7 32 32 9 33 31 28 15 70 47 45 31 21 10 9 4 2 1 1 1 1 0 3 6 4 4 13 5 4 3 1 1 0 0 2 9 18 28 41 45 70 77 68 80 74 41 51 66 54 53 46 36 11 2 4 12 32 40 58 65 36 29 20 30 33 35 58 43
35 52 44 73 42 26 26 25 31 24 20 20 22 33 29 24 22 23 37 31 14 12 6 21 30 24 18 22 9 15 41 20 9 18 22 42 48 16 61 34 16 8 7 8 1 1 0 0 1 0 0 2 4 7 15 6 3 2 1 1 0 0 2 7 16 26 34 60 69 72 88 81 83 69 44 35 53 45 40 33 7 2 10 32 38 44 58 70 62 46 44 24 35 35 65 61
33 52 25 58 60 60 42 32 28 25 18 13 17 20 23 31 19 20 14 30 20 11 8 12 10 25 20 21 14 6 15 10 7 20 30 44 44 23 66 22 28 24 11 8 4 2 0 0 0 1 0 0 2 5 19 7 3 2 1 1 0 0 1 8 17 25 37 44 68 51 82 80 73 74 82 58 54 42 25 9 4 2 8 25 50 61 65 67 70 58 47 36 28 52 87 78
48 42 44 32 44 28 36 32 65 52 29 11 19 17 17 30 17 16 20 18 19 18 8 4 13 21 9 22 18 9 7 4 15 17 66 69 41 33 19 31 27 22 10 6 5 2 0 0 0 1 0 0 0 2 12 3 3 1 1 1 0 0 0 3 14 27 36 65 74 78 80 85 79 70 69 72 53 43 16 5 1 13 21 9 24 54 59 63 63 37 47 45 66 88 90 82
29 51 37 32 25 21 21 17 23 26 17 17 12 12 12 12 11 14 14 20 20 15 9 2 4 26 5 14 10 14 7 3 19 41 50 64 68 84 81 69 24 18 7 5 3 2 1 0 0 1 0 0 0 2 3 4 7 2 1 1 0 0 2 4 16 41 70 79 79 86 86 85 87 83 56 49 53 24 17 2 4 24 46 34 28 17 28 29 28 37 35 61 65 90 91 82
22 37 20 26 12 13 11 4 11 8 8 11 14 6 5 9 9 9 11 13 16 11 9 4 6 12 6 13 13 6 11 5 4 16 26 24 28 29 30 6 19 12 13 4 3 2 1 0 0 0 0 0 0 1 0 1 3 3 1 0 0 0 3 14 31 26 42 55 78 88 74 91 79 76 52 39 33 25 15 1 5 18 42 50 68 48 48 35 41 54 54 64 81 86 83 78
5 7 14 7 6 6 5 4 10 12 4 5 4 5 6 6 5 3 4 7 8 9 12 4 7 13 20 5 12 9 6 4 3 2 2 1 4 8 17 12 14 4 4 2 1 1 1 0 0 0 0 0 0 1 0 0 1 1 0 0 0 0 2 13 24 38 35 55 70 64 75 83 82 67 42 28 19 6 3 1 5 10 28 38 43 58 67 57 67 79 69 59 78 74 82 77
23 7 3 4 6 7 10 20 11 12 24 24 22 35 15 14 5 3 2 2 4 5 5 5 5 7 13 8 12 11 7 4 2 1 2 7 3 2 5 10 20 15 11 9 4 2 1 0 0 0 0 0 0 1 0 0 1 1 0 0 0 1 5 5 14 30 37 68 63 65 79 70 71 41 28 15 4 2 1 6 12 29 37 47 45 62 87 84 43 41 76 88 73 52 61 79
44 31 12 24 22 25 22 35 20 26 40 42 53 47 41 28 21 11 8 5 4 1 3 2 3 12 11 8 4 14 4 3 1 1 7 3 1 3 2 8 13 10 4 2 4 2 1 0 0 0 0 0 0 0 1 0 1 0 0 0 0 1 1 4 17 40 43 36 53 61 63 57 65 31 22 11 2 1 7 18 32 41 48 55 77 81 72 29 36 66 90 88 91 55 47 60
51 28 22 41 38 39 39 41 42 45 39 38 44 65 49 39 31 27 22 10 11 9 2 2 1 3 7 8 10 4 3 1 1 4 5 5 4 3 1 2 6 7 6 2 1 3 2 1 0 0 0 0 0 0 1 0 0 0 0 0 0 0 3 7 24 43 55 38 24 24 47 50 29 20 6 4 1 4 15 26 47 44 65 82 80 51 23 29 48 85 90 83 78 79 31 20
43 41 29 50 42 50 35 37 52 39 54 43 57 48 44 43 62 44 16 28 24 12 8 7 5 3 1 2 3 2 1 1 1 3 4 5 5 7 6 3 3 10 9 7 1 2 1 1 0 0 0 0 0 0 0 0 0 0 0 0 0 1 4 7 22 43 54 46 18 40 27 24 17 5 2 0 1 6 16 22 45 70 62 56 30 18 29 44 61 79 83 83 67 85 50 21
38 37 27 45 59 75 67 55 67 58 55 43 72 65 69 70 47 29 31 52 34 13 18 17 15 10 5 2 1 1 0 0 1 1 1 3 3 4 11 7 1 4 2 3 3 2 2 1 0 0 0 0 0 0 0 0 0 0 0 0 0 1 3 4 18 41 65 47 25 17 21 14 8 1 0 0 2 8 16 18 49 51 39 10 24 42 45 67 77 67 78 67 61 72 79 22
56 62 59 55 59 59 43 29 66 41 40 35 41 56 68 43 48 58 56 61 49 15 4 11 26 13 10 7 4 1 1 0 1 2 3 4 2 1 0 0 1 2 1 0 1 3 1 1 0 0 0 0 0 0 0 0 0 0 0 0 0 2 2 4 8 43 71 65 22 29 12 5 2 0 0 0 2 8 13 21 19 7 9 27 40 45 49 84 84 94 74 39 40 51 66 30
