sesion_6_simulaciones/modelos_agentes/ejemplos_netlogo/scenarios/echam4_a2/rob_2021.asc
NCOLS 322 
NROWS 307 
XLLCORNER 451900 
YLLCORNER 4086900 
CELLSIZE 100 
NODATA_value -9999 
[rows 0 to 74 of 307, columns 96 to 191 of 322]
62 17 3 4 38 17 16 12 12 13 29 25 29 48 44 15 27 17 17 6 21 18 14 39 16 11 18 19 26 16 6 5 11 19 13 11 11 22 32 15 9 33 68 72 81 67 84 83 88 82 83 87 70 41 59 53 62 28 44 45 49 30 27 16 51 56 55 13 11 40 50 29 24 28 23 14 15 19 10 46 28 13 18 17 19 10 11 13 21 38 22 17 14 5 11 26
6 11 9 6 11 29 15 13 11 20 19 27 56 55 30 24 7 7 4 9 15 3 6 7 17 11 18 10 13 41 20 8 7 12 6 12 17 22 32 37 42 51 45 40 83 83 85 82 92 72 88 80 46 44 77 32 15 22 15 26 10 34 25 14 28 15 19 49 47 42 28 53 64 38 50 54 54 20 23 24 19 15 24 23 27 16 16 23 30 28 38 30 38 21 27 28
1 4 4 20 12 16 16 8 10 15 11 20 27 25 7 6 12 19 21 24 34 4 8 8 13 12 19 9 21 22 33 28 4 13 37 34 37 46 50 53 59 67 51 56 20 11 25 50 91 83 81 80 42 73 74 70 47 21 21 31 24 59 77 75 76 58 47 69 36 47 40 42 51 50 54 68 72 64 39 28 26 24 35 32 33 23 25 45 27 30 43 34 38 47 33 35
1 1 1 3 3 3 3 22 10 5 5 9 12 20 20 22 21 34 38 31 14 3 15 17 4 9 13 16 15 7 17 17 14 25 38 30 57 56 72 80 83 82 69 30 16 20 9 15 49 24 33 35 19 42 67 30 63 10 12 25 40 58 82 82 80 84 78 55 64 56 59 66 51 50 61 55 53 25 20 30 40 40 54 51 46 34 30 41 30 26 48 52 33 43 34 45
3 4 3 1 1 1 3 18 33 8 23 16 10 12 33 24 21 60 27 13 16 10 12 26 24 16 14 15 11 34 39 26 8 24 50 53 63 73 83 86 86 77 66 40 24 12 15 38 26 19 25 32 10 46 24 45 59 40 10 16 60 75 63 78 70 47 75 46 56 74 70 59 52 41 65 48 47 39 40 43 53 48 77 55 39 41 40 53 37 37 51 66 34 57 52 58
7 2 1 2 1 1 3 5 28 46 14 25 8 22 27 14 41 29 33 22 6 7 20 18 22 13 16 18 9 11 17 34 30 13 55 71 75 82 84 75 76 74 69 47 20 26 22 27 33 27 36 51 13 25 30 52 33 35 25 23 60 68 29 17 25 41 44 25 25 49 21 59 78 59 58 41 45 43 42 59 51 58 63 56 63 49 49 65 63 41 59 40 57 47 69 31
1 3 9 5 3 4 7 3 11 38 36 14 11 15 17 43 20 36 49 33 33 17 8 9 18 20 29 25 14 8 14 43 45 31 46 78 84 82 73 71 68 64 34 20 26 54 29 44 43 43 34 32 33 40 55 44 22 38 43 19 13 17 15 22 13 18 50 66 44 47 24 48 39 21 56 66 65 64 45 63 51 42 53 45 65 67 56 69 68 44 70 60 55 44 30 26
1 1 2 2 1 4 4 2 5 22 70 66 61 39 30 14 17 32 25 25 43 61 19 32 46 31 27 11 23 19 20 24 44 66 47 64 70 72 67 63 52 22 25 19 45 37 31 55 45 46 28 29 50 60 47 48 39 59 64 65 48 23 5 5 22 15 40 22 46 27 44 33 17 36 22 51 57 84 65 37 59 68 53 57 79 55 56 59 62 59 50 36 18 25 23 18
1 1 2 4 3 5 4 2 6 5 22 61 75 75 50 62 20 18 16 47 44 21 23 33 29 14 24 23 17 25 38 32 52 73 81 51 31 37 23 19 26 14 11 23 49 40 22 34 41 35 32 22 72 50 45 58 47 58 25 48 68 54 30 4 16 21 13 11 6 18 48 43 21 21 40 24 34 39 49 70 62 84 53 61 46 32 38 77 54 52 44 74 51 35 24 30
1 1 1 1 4 10 5 2 3 7 16 3 5 6 5 5 26 18 22 25 28 19 31 21 44 35 27 22 28 33 35 66 59 48 64 55 49 45 19 16 7 6 8 20 46 28 11 13 24 36 34 26 34 79 70 72 22 38 20 61 51 51 16 19 5 12 9 6 15 30 31 36 41 31 37 53 24 19 59 65 42 65 51 48 32 38 28 37 37 54 29 38 73 66 27 18
3 1 2 4 9 4 8 8 12 2 5 3 14 9 6 8 21 6 38 19 27 20 27 27 45 18 14 22 34 51 65 64 82 69 47 42 35 50 44 23 11 4 3 5 24 8 8 15 25 21 34 21 36 46 76 61 37 27 37 59 31 31 17 6 11 15 17 8 26 35 38 44 27 17 43 58 42 19 18 49 35 23 46 60 37 40 27 31 64 49 43 30 62 78 52 28
2 2 5 5 5 11 8 20 20 15 4 7 15 24 19 16 20 37 41 25 61 40 18 28 27 25 15 19 26 77 75 65 62 55 42 30 26 34 35 22 10 4 4 8 11 5 6 24 14 20 44 20 33 47 30 40 32 34 46 42 19 18 37 26 13 9 26 22 28 55 67 66 19 27 43 53 39 20 20 55 35 9 31 60 31 40 32 24 43 30 21 27 43 56 58 50
1 3 3 6 9 8 9 7 9 15 17 9 3 5 10 26 37 20 47 39 65 65 25 19 16 21 14 26 41 58 77 54 49 38 34 35 37 13 16 27 8 3 3 10 9 4 9 12 15 27 45 32 33 53 38 29 39 38 50 20 17 19 29 26 14 11 9 22 35 22 39 42 28 26 31 52 30 25 10 19 33 8 40 67 30 35 39 22 14 31 24 10 14 30 55 64
1 1 1 2 3 2 1 2 8 12 19 13 13 13 15 8 30 16 60 28 18 17 47 33 30 18 25 55 59 46 49 48 34 16 13 10 9 5 4 7 8 1 1 1 3 3 5 8 28 45 51 45 30 33 19 35 45 41 39 34 14 13 32 35 24 20 10 10 12 8 4 4 15 29 31 42 31 41 27 15 7 11 18 54 56 24 30 28 16 13 22 11 19 40 74 48
1 0 1 1 2 1 0 2 4 4 11 10 15 17 17 12 9 10 48 31 17 43 55 30 34 31 34 28 49 52 27 16 13 17 17 12 10 7 3 1 6 1 3 2 1 1 4 11 15 41 39 34 23 29 18 44 49 44 46 48 9 22 30 34 23 15 7 8 5 3 3 16 44 43 35 42 45 39 21 19 28 10 24 48 59 22 10 11 12 9 7 5 13 28 37 32
18 1 3 1 2 6 3 2 1 2 2 1 1 3 5 8 14 21 9 4 13 19 11 45 35 48 26 27 21 16 18 35 38 35 22 22 36 26 10 2 2 2 1 2 1 1 1 5 11 14 18 16 12 14 22 15 30 32 48 41 7 20 8 32 47 26 10 10 10 2 8 26 41 49 27 18 31 37 45 37 23 19 20 33 60 81 42 26 10 7 6 3 12 48 36 22
1 2 4 4 4 4 10 5 2 3 6 7 3 2 5 15 16 21 12 19 20 7 11 18 55 44 44 53 72 51 39 23 25 35 31 44 52 42 19 2 4 3 1 2 5 5 5 1 4 6 4 4 3 3 7 20 29 38 42 44 12 30 22 27 39 12 9 8 6 5 8 33 28 41 17 13 24 22 39 30 25 20 20 20 54 76 73 21 10 8 6 3 11 32 35 34
1 4 5 27 22 6 3 5 2 2 4 2 3 3 4 6 16 14 21 23 12 10 13 13 34 44 19 33 30 22 39 34 44 29 60 73 50 47 20 11 15 16 10 10 16 14 15 6 1 0 1 1 1 0 2 19 55 73 47 19 34 26 22 15 25 21 10 16 5 5 37 37 46 35 16 21 45 29 26 33 15 10 7 4 33 40 41 39 20 8 6 4 5 12 19 6
2 5 8 5 2 14 2 2 1 1 2 2 1 1 1 2 4 10 10 6 12 14 14 13 50 68 40 38 29 47 54 57 38 60 65 62 27 23 22 35 26 29 36 45 35 17 20 13 5 3 2 2 2 0 1 3 44 60 33 21 21 27 15 12 20 7 9 9 3 25 57 51 42 50 18 16 43 38 30 64 32 15 7 3 7 19 25 23 31 11 6 5 2 6 31 5
11 7 2 1 0 5 16 2 2 2 6 7 5 3 4 12 4 4 5 8 16 20 25 12 36 43 36 46 53 49 52 70 63 55 54 28 43 42 31 39 57 55 39 18 19 7 12 14 7 5 4 1 2 1 2 1 6 12 21 28 18 10 10 26 25 4 9 28 57 40 56 71 33 66 27 11 32 50 32 58 43 31 16 4 4 19 38 23 35 15 9 4 1 3 18 12
9 4 2 3 1 7 8 12 4 9 9 8 6 3 4 3 2 7 9 9 8 11 9 6 25 41 36 19 18 43 32 29 46 56 64 41 36 47 30 62 26 22 31 17 9 7 7 9 7 3 5 3 1 2 4 3 3 11 24 22 6 7 36 33 20 5 18 29 38 52 38 43 22 25 45 29 15 13 13 55 16 12 24 11 6 2 18 9 35 8 12 4 2 2 3 10
12 3 2 3 11 8 12 20 17 19 25 14 9 5 8 4 5 4 3 20 11 13 14 12 42 27 47 40 22 29 30 42 45 60 67 57 70 42 55 22 30 12 7 6 10 10 21 10 9 3 3 3 2 3 5 3 3 7 19 23 25 6 10 15 10 13 33 8 25 44 47 30 29 12 33 43 20 10 12 60 71 24 7 25 13 2 1 4 25 14 11 7 2 2 2 8
7 3 1 4 16 11 3 9 7 6 3 7 18 8 3 4 4 5 4 14 33 24 26 17 41 15 25 49 28 18 50 60 63 31 17 71 67 36 34 29 32 32 11 4 3 8 5 1 2 2 4 2 2 3 3 3 1 3 9 6 7 8 5 6 9 23 35 4 23 13 31 39 26 7 7 24 21 26 11 31 63 32 27 6 10 3 1 2 18 25 3 12 4 2 2 5
11 3 1 4 17 16 8 16 35 11 25 12 12 48 34 18 14 12 9 39 27 39 32 22 38 32 21 50 53 33 28 26 12 9 10 28 36 46 21 36 28 32 19 13 7 1 1 0 0 0 1 1 1 1 2 1 1 1 2 5 10 8 6 11 28 25 18 7 13 13 13 24 17 14 9 36 34 16 12 5 26 31 13 26 5 2 1 1 1 8 2 5 3 1 1 1
15 10 1 5 23 18 13 7 42 21 7 21 31 37 42 40 56 19 23 20 40 45 64 41 29 30 50 39 65 43 22 14 30 29 19 3 10 32 34 14 24 37 39 31 11 7 3 2 1 1 0 0 0 0 0 0 0 0 3 6 14 8 14 16 10 25 11 15 17 13 8 12 23 24 5 24 31 12 13 7 13 29 7 2 12 4 2 1 1 2 3 2 3 1 1 0
35 24 10 13 30 10 22 6 18 28 24 23 40 50 57 36 55 62 25 25 55 79 79 83 76 67 67 50 68 53 68 64 73 46 23 21 23 16 12 22 44 25 29 28 30 21 13 6 5 4 1 1 1 1 1 1 1 1 5 11 11 11 8 9 8 21 20 26 8 18 6 4 18 10 4 11 12 4 5 4 4 9 21 2 3 1 1 1 0 1 1 1 0 1 0 0
26 19 34 33 35 9 17 12 32 43 36 26 26 62 73 58 57 79 65 77 79 80 86 83 74 79 75 69 75 81 49 25 41 48 45 24 31 25 10 6 29 32 35 45 29 25 21 13 9 7 5 4 4 4 1 3 2 2 5 6 8 5 4 5 4 23 11 20 14 15 3 4 7 8 5 9 7 13 3 4 4 1 5 2 1 3 1 1 0 0 1 0 1 0 0 0
16 32 30 26 39 36 40 30 37 53 50 64 57 65 74 87 83 70 78 46 51 61 68 81 73 70 80 75 76 78 23 13 13 13 26 34 45 24 29 20 17 40 41 29 24 22 15 34 24 12 8 7 6 6 4 5 5 1 3 3 4 3 4 8 17 29 23 9 13 5 6 2 5 5 5 2 2 4 5 2 3 1 3 2 1 2 1 0 0 0 1 1 0 0 0 0
19 42 31 25 43 37 39 36 46 64 76 83 87 88 91 89 82 76 84 70 42 22 52 67 45 42 31 56 57 50 38 9 8 6 8 13 25 20 20 27 10 18 19 18 9 7 4 9 12 12 17 18 9 8 6 11 6 1 2 2 1 4 11 16 20 12 5 6 4 8 6 8 3 2 3 2 2 2 4 2 1 1 1 1 1 1 1 1 0 0 0 0 0 0 0 0
22 41 24 29 59 55 50 65 77 85 87 88 83 86 83 88 78 77 90 45 70 34 20 36 25 13 15 15 20 22 39 27 21 4 7 4 11 8 8 19 15 10 23 7 9 6 3 6 5 3 3 2 2 4 4 2 8 4 2 2 3 5 11 14 14 8 3 8 13 5 6 3 2 2 1 1 1 1 1 1 1 1 0 1 0 0 0 0 0 0 0 0 0 0 0 0
15 53 47 47 59 74 80 85 79 87 82 88 70 85 76 83 63 65 84 72 33 42 20 9 8 6 3 2 8 10 14 48 25 8 9 7 17 32 27 16 16 9 7 4 2 4 3 1 1 1 2 4 10 9 4 4 10 5 8 2 4 5 10 6 10 3 2 4 8 7 4 2 1 2 1 1 0 0 0 0 1 0 0 0 0 0 0 0 0 0 0 0 0 0 0 0
39 58 73 73 85 89 88 87 80 82 76 87 74 71 52 70 56 65 70 74 22 41 41 15 10 2 2 1 3 4 4 11 16 10 9 12 6 12 12 12 8 7 7 10 9 5 4 2 3 3 12 26 23 13 22 3 13 9 2 1 1 3 2 6 4 4 2 1 1 2 1 2 1 0 0 0 0 0 1 1 0 1 0 1 1 1 1 0 0 1 0 0 1 1 0 1
65 78 81 84 84 82 88 78 77 66 82 63 39 47 46 42 49 52 57 63 26 16 19 13 11 6 3 3 8 10 10 20 16 7 21 16 21 20 30 18 28 16 23 20 20 16 10 8 5 7 14 36 47 45 35 13 18 12 4 5 3 1 1 1 1 1 1 1 1 0 1 1 1 1 2 2 3 1 3 1 1 2 1 2 1 4 2 1 1 1 0 1 1 1 1 2
80 81 83 72 82 81 84 71 66 45 54 12 23 16 19 29 30 22 25 46 24 9 4 3 6 9 9 8 12 5 30 41 41 29 41 43 38 30 35 32 32 33 30 25 35 21 21 10 4 24 27 31 51 37 25 19 36 18 14 21 11 6 5 5 5 4 7 4 2 2 2 3 5 5 5 2 4 4 4 4 4 3 3 3 6 4 2 1 2 1 1 1 2 1 3 3
29 38 53 42 64 63 71 69 33 7 3 4 9 5 5 5 5 9 23 35 21 6 7 14 7 8 33 22 37 26 37 43 46 44 45 64 51 29 51 44 40 51 48 44 29 27 28 18 13 20 32 33 50 65 47 43 33 23 29 27 19 18 17 17 14 10 17 10 6 3 6 6 6 6 10 6 6 11 6 8 8 5 6 6 13 4 3 2 2 2 2 1 3 4 4 7
34 23 14 12 7 7 22 26 24 8 4 5 8 7 3 2 1 2 8 14 9 5 28 9 22 32 47 42 58 43 43 39 59 48 39 58 53 34 50 54 45 58 38 33 34 35 49 32 19 21 40 45 25 75 57 64 35 37 43 31 37 24 21 19 18 10 20 11 5 7 8 8 13 8 13 8 8 14 12 11 7 7 10 9 8 5 3 4 3 3 3 3 11 8 5 5
58 66 52 23 20 13 4 9 13 4 8 9 7 3 1 2 1 5 4 7 14 34 41 22 47 45 55 52 43 21 8 21 47 48 43 53 41 45 54 63 64 41 45 39 38 56 43 26 38 30 52 60 44 75 73 42 69 60 50 33 38 30 41 36 20 19 16 13 10 7 11 17 18 11 18 17 12 20 10 15 10 16 17 25 12 5 2 8 5 6 8 10 12 4 12 6
66 50 44 28 14 10 10 10 20 20 19 18 10 3 3 6 7 8 12 24 51 57 57 34 50 40 42 53 53 46 30 23 48 45 50 45 39 48 46 59 30 23 51 55 43 76 49 48 55 28 64 43 77 81 56 64 75 62 38 50 35 46 39 27 14 24 20 16 8 15 29 36 28 15 23 27 26 27 14 11 15 23 23 16 8 4 4 11 8 4 14 18 15 5 3 19
45 54 54 41 37 21 34 31 42 41 42 42 23 16 13 20 11 15 31 41 56 45 25 47 62 45 28 41 56 54 43 28 40 52 34 62 46 72 57 42 46 32 58 41 32 76 60 60 45 34 52 78 76 65 60 55 67 74 45 58 54 58 45 22 43 36 34 18 8 22 32 59 40 25 31 38 38 23 19 11 23 49 37 25 17 5 14 35 15 5 15 34 33 10 4 24
71 70 43 43 25 37 52 46 44 61 52 49 41 35 33 28 27 38 42 49 60 49 51 63 53 39 40 56 46 56 31 47 32 27 56 68 65 55 58 41 43 27 59 24 20 57 65 65 43 48 62 51 77 30 24 20 45 66 39 67 75 59 50 65 46 42 21 9 12 41 48 75 57 36 43 54 66 36 34 15 36 62 32 19 14 10 25 45 23 10 8 53 62 28 12 22
50 60 42 55 40 51 59 62 60 58 69 57 49 45 61 27 31 50 50 51 64 65 45 67 53 53 58 53 48 65 37 58 39 34 41 69 38 52 39 56 44 45 50 32 51 47 77 64 35 48 67 65 63 45 37 28 37 48 36 78 80 69 66 65 25 38 13 10 19 50 66 72 68 51 58 67 77 33 42 18 52 77 45 16 12 18 37 58 33 17 12 46 63 42 11 28
48 55 66 50 37 47 65 55 51 54 73 59 49 61 47 43 31 53 64 48 47 57 65 66 53 52 44 40 36 82 47 64 42 44 52 72 63 50 38 48 36 54 45 36 50 49 63 40 47 36 49 84 71 59 43 44 68 40 46 75 66 69 84 47 53 40 22 23 40 41 73 74 75 46 55 73 60 36 59 28 41 69 53 39 23 26 51 69 43 26 18 35 62 33 23 37
36 38 51 34 29 26 57 51 39 51 50 50 45 58 50 45 47 45 58 54 46 31 42 63 63 55 61 40 32 45 64 78 46 38 57 76 54 33 37 51 38 57 45 39 45 57 44 44 41 42 42 71 38 44 52 49 66 37 59 65 57 72 43 55 74 37 30 31 55 43 65 84 64 37 60 77 66 43 69 37 47 70 46 46 43 31 30 69 68 37 23 43 66 43 31 44
17 39 23 25 29 30 51 56 31 55 49 58 57 45 42 56 44 42 48 55 36 30 27 59 64 52 64 30 35 59 60 70 34 41 63 54 44 52 42 59 62 34 43 60 59 46 34 71 45 39 35 56 26 41 46 67 68 75 65 41 36 27 46 78 41 49 56 31 42 58 52 75 39 39 62 76 52 49 64 33 62 67 51 54 53 54 25 31 75 40 35 40 67 63 53 44
13 15 20 20 37 16 27 27 36 47 41 57 46 42 44 46 40 33 32 39 47 28 54 49 63 59 55 49 15 40 68 76 19 35 48 74 40 23 35 40 62 42 43 32 35 48 48 19 45 50 48 58 58 41 58 58 81 72 57 74 61 39 64 48 62 68 40 40 47 66 45 69 36 42 54 75 48 64 66 34 49 54 43 70 69 63 39 31 74 60 38 51 59 48 56 45
5 9 19 23 29 11 32 29 33 43 45 63 43 27 31 41 45 52 33 16 18 16 62 14 40 56 53 43 21 38 43 47 12 16 63 23 17 14 54 20 55 36 47 38 40 39 36 72 77 88 83 71 68 65 54 68 75 60 61 67 55 56 61 35 66 43 49 51 57 75 45 61 46 62 34 53 43 64 51 43 60 45 45 61 74 44 56 38 49 48 57 45 71 77 78 64
9 6 21 8 11 38 9 14 27 35 50 48 29 43 18 46 16 43 33 17 10 26 38 23 37 53 51 58 18 18 13 35 40 38 23 22 34 35 46 36 44 39 44 68 47 77 60 85 66 76 59 60 60 81 83 76 71 42 42 76 54 52 29 42 70 54 54 58 63 77 78 70 71 63 49 77 46 76 44 42 78 39 72 63 69 48 64 49 41 66 66 72 69 76 78 87
2 6 3 3 7 14 38 11 25 19 12 19 11 27 18 30 22 38 32 36 24 34 35 50 19 24 40 32 45 47 19 12 25 23 66 74 65 57 77 90 78 78 70 89 72 58 85 85 51 70 63 52 60 79 78 64 71 73 64 84 67 77 72 63 56 62 70 60 53 51 67 75 62 80 86 81 82 90 85 66 69 76 76 75 44 86 85 75 67 38 53 48 59 76 60 62
2 4 6 10 26 48 17 11 4 1 3 7 11 31 29 28 24 43 24 24 30 33 31 56 39 29 18 17 19 18 15 24 29 9 18 64 77 34 40 81 80 79 66 82 89 57 62 69 71 69 76 35 45 78 82 51 85 82 92 89 60 71 63 74 67 78 64 76 83 30 41 75 73 50 75 80 63 80 64 89 56 68 80 72 51 81 77 61 86 79 70 36 48 63 44 34
1 1 5 2 2 5 2 3 1 9 10 11 35 26 15 28 13 33 16 19 29 23 38 46 37 29 12 16 30 39 24 6 16 13 11 26 39 21 20 64 70 46 73 88 81 39 53 45 55 58 71 37 43 65 64 74 69 66 79 86 60 28 41 74 79 81 74 69 64 74 30 63 82 47 70 82 38 31 35 85 78 54 50 53 69 73 72 76 87 77 46 73 29 24 57 62
2 3 2 1 4 9 10 3 1 7 11 19 13 21 12 24 20 23 14 15 13 26 34 22 32 36 5 10 15 27 22 11 22 9 13 10 18 52 31 68 43 59 51 54 85 67 44 32 49 43 60 61 37 71 72 88 53 77 91 90 77 25 55 67 71 82 72 78 53 79 47 39 71 46 67 83 55 40 31 75 69 71 20 19 32 65 76 66 78 62 26 80 44 27 40 51
2 3 1 2 1 3 7 8 6 6 12 23 17 9 22 34 19 21 9 13 22 26 15 15 20 17 3 8 10 23 22 17 13 12 16 22 17 22 56 85 55 65 49 68 73 77 46 40 63 48 83 83 54 66 85 91 61 86 90 83 81 46 76 81 68 60 49 42 58 87 51 30 52 31 69 72 86 46 49 82 59 72 65 26 23 38 58 53 53 35 62 91 44 23 12 11
1 2 1 1 10 2 3 12 3 4 15 12 11 11 16 29 32 18 13 21 10 15 9 8 14 24 11 15 30 41 47 32 28 34 41 42 29 38 63 67 66 29 30 69 77 56 34 30 44 52 73 68 70 52 77 89 67 74 82 78 83 74 76 87 48 51 63 35 60 76 71 45 17 31 80 79 79 69 43 83 44 60 77 44 21 16 45 37 39 17 74 90 69 38 32 9
20 1 1 1 1 2 2 4 5 8 17 13 4 8 13 19 19 8 10 9 17 10 8 6 9 17 22 47 68 24 30 24 55 50 44 40 20 36 49 51 77 42 55 37 84 44 47 40 24 42 64 67 51 30 33 68 64 75 82 80 89 75 77 78 77 55 57 43 52 58 83 57 27 24 64 72 79 78 52 64 58 52 65 79 37 18 10 12 12 24 66 54 82 41 31 13
2 3 6 3 3 1 4 2 1 3 9 10 2 3 18 12 6 9 8 13 19 13 9 18 4 8 7 12 46 25 20 58 42 38 63 48 27 15 8 33 35 25 10 9 42 35 68 60 22 15 35 19 32 18 15 24 22 57 61 64 70 69 62 62 86 50 51 40 12 71 94 42 26 22 61 52 49 59 32 42 44 16 61 81 60 29 6 6 8 16 10 34 85 40 20 19
1 2 8 13 22 1 2 1 2 2 7 1 1 1 10 3 3 9 9 6 16 12 8 15 35 58 28 19 25 25 35 35 59 58 49 42 36 40 22 12 16 40 21 11 19 25 33 42 38 15 16 14 28 18 20 37 27 16 25 42 43 19 26 61 89 70 36 34 42 70 89 50 20 12 24 34 51 36 46 49 40 10 35 64 78 21 9 5 20 24 15 34 91 57 45 41
2 6 3 15 17 27 9 4 16 4 9 1 1 1 3 3 4 4 5 15 5 34 17 18 46 59 54 15 18 46 44 30 49 57 30 16 46 41 18 18 21 53 34 20 28 24 23 17 17 8 13 37 44 41 34 33 24 17 15 10 3 1 11 70 74 72 45 18 23 58 73 74 57 21 12 28 42 27 25 15 34 21 14 62 73 48 12 6 20 16 39 79 81 84 55 42
8 17 25 9 11 21 40 3 3 3 6 26 5 2 5 2 1 5 2 2 2 6 6 12 37 53 35 55 50 61 37 25 48 32 44 43 33 49 24 35 29 41 46 27 14 40 23 25 15 6 10 40 51 60 53 47 36 28 25 20 25 21 22 40 41 53 41 12 6 28 29 72 74 27 11 28 37 22 11 22 42 16 10 11 62 73 14 5 23 31 31 56 36 79 37 15
1 2 3 19 22 20 11 2 7 8 38 35 30 17 20 20 2 5 4 2 4 3 12 10 19 22 38 55 47 42 30 32 22 12 48 48 21 20 30 48 37 46 38 28 11 18 47 35 22 11 10 21 59 66 59 58 45 42 37 37 62 65 69 56 39 39 31 17 6 3 21 37 79 49 39 10 20 23 10 2 7 12 13 28 45 68 27 8 4 13 17 15 65 74 86 39
1 2 5 18 41 35 67 16 32 13 19 9 31 27 28 13 12 1 1 2 5 9 6 11 24 15 28 36 28 22 14 39 53 38 54 38 31 39 51 27 47 45 26 30 37 37 48 48 30 19 8 11 24 47 47 57 62 54 32 24 17 28 34 40 53 49 52 41 20 1 5 36 43 44 35 26 14 6 7 6 20 15 6 9 10 49 44 8 3 7 10 13 12 49 52 56
36 20 9 8 6 46 25 8 12 48 19 21 8 11 9 6 13 4 3 2 2 4 7 24 38 10 26 35 30 37 36 68 46 29 32 40 27 28 20 8 15 45 58 38 53 44 37 32 29 28 21 7 5 6 28 29 24 45 50 36 32 27 15 17 22 42 48 48 45 35 20 43 30 52 20 18 13 7 11 6 5 7 3 15 10 39 55 6 2 10 15 10 11 16 51 61
30 38 30 11 7 37 60 41 15 21 21 14 4 11 8 5 7 13 2 7 8 12 10 26 20 21 9 14 13 13 8 13 15 35 30 30 31 34 36 33 19 8 14 54 55 66 54 37 32 14 19 16 9 4 7 11 9 7 17 21 23 31 35 22 8 10 33 40 43 28 31 54 28 58 34 19 16 17 7 3 4 8 3 7 11 6 37 12 2 5 12 13 5 4 43 60
14 14 73 45 17 40 19 51 51 40 41 11 4 21 13 23 20 17 6 9 4 15 21 16 16 17 22 55 36 23 31 45 34 38 40 57 56 56 52 54 52 39 19 10 8 41 52 43 26 16 10 15 9 3 1 1 1 2 1 2 4 9 7 14 14 5 6 12 10 11 28 26 26 21 23 22 29 21 9 11 9 7 2 3 16 22 11 19 3 1 7 11 7 24 68 17
11 13 36 22 21 19 4 2 63 82 80 74 16 29 16 8 7 31 9 14 10 10 13 12 38 17 40 53 32 39 55 55 36 45 52 58 54 59 55 54 56 43 55 43 36 15 8 6 18 19 22 5 4 2 4 7 6 6 5 4 4 1 1 1 1 1 1 1 1 5 9 15 13 9 7 6 5 15 13 9 6 3 9 7 7 12 11 20 10 1 1 8 24 57 26 51
22 17 26 63 44 19 21 12 11 78 22 22 31 21 25 23 22 3 12 20 2 4 3 16 26 19 23 23 21 26 23 24 43 49 48 50 65 71 54 64 66 66 58 55 52 35 26 21 11 5 4 2 3 9 12 19 18 17 14 17 4 1 1 4 4 7 3 3 1 1 1 6 4 2 2 2 3 5 8 13 10 3 2 2 2 3 7 12 16 3 1 7 57 23 23 30
27 20 27 37 33 43 57 15 5 6 3 5 8 14 18 59 13 26 22 22 9 4 7 12 9 9 29 29 39 30 23 30 37 46 60 59 57 58 54 70 64 49 43 41 43 27 24 31 20 16 16 16 16 29 27 26 37 35 31 21 6 4 5 11 10 6 8 3 1 1 1 0 0 0 0 0 1 1 0 1 2 1 1 1 1 1 3 7 6 3 1 20 21 8 31 25
45 29 16 6 35 38 76 60 47 44 31 18 7 10 46 27 65 58 35 23 43 21 17 6 3 9 20 20 14 20 19 46 58 32 13 34 63 63 42 35 47 52 39 30 36 26 33 34 35 31 34 20 22 38 49 49 45 46 47 30 12 12 18 17 21 20 20 10 3 2 1 0 0 1 1 2 5 2 1 1 1 1 0 0 0 1 1 2 7 7 2 25 3 2 17 27
42 37 30 38 34 50 37 28 30 65 32 47 13 24 43 67 79 66 38 32 46 13 19 30 23 16 18 7 15 18 49 16 18 21 35 42 62 74 67 61 61 50 57 46 48 39 43 43 45 27 51 46 43 39 53 58 71 67 57 33 13 30 27 39 36 49 33 22 11 4 2 3 3 4 5 9 12 7 3 4 6 6 2 1 1 1 0 0 1 7 3 15 2 2 15 40
45 42 14 12 36 32 68 62 43 44 54 65 49 24 49 84 77 59 34 56 17 43 15 24 15 9 3 23 8 23 17 8 8 46 34 45 51 63 68 64 63 46 46 49 48 50 52 64 52 37 44 64 48 50 65 74 78 63 42 27 26 40 50 52 48 63 45 26 17 6 9 10 11 15 15 15 24 13 11 12 10 8 4 6 5 2 1 0 1 2 2 2 2 1 5 12
40 48 37 14 45 57 67 61 81 62 49 30 18 54 74 68 60 46 42 81 21 63 21 27 23 18 17 29 29 9 11 18 18 42 47 57 61 74 58 68 69 54 30 50 50 46 58 71 66 41 40 69 65 55 68 80 74 57 38 29 29 62 59 60 73 64 41 29 10 8 15 15 16 30 25 36 38 35 18 20 28 18 13 20 10 7 2 0 0 1 1 2 1 0 2 4
39 13 36 18 9 51 45 36 50 69 66 55 15 40 72 62 17 23 65 79 21 76 30 24 57 50 14 36 31 43 13 8 22 21 50 38 27 33 45 39 62 45 54 51 53 38 65 50 74 45 73 67 65 54 78 85 66 59 37 52 52 64 60 72 77 64 47 39 15 26 36 37 20 39 53 48 50 37 28 37 43 33 24 27 7 4 1 1 0 0 0 1 1 0 1 1
34 32 22 35 12 24 64 72 72 56 32 34 17 34 54 66 34 57 87 62 34 72 39 31 26 44 29 50 49 19 41 51 22 23 27 37 15 32 25 48 54 48 48 66 49 53 59 63 44 44 86 45 66 56 85 65 60 63 41 51 51 63 74 80 63 66 47 32 24 40 52 50 27 53 51 66 67 49 40 46 63 42 41 13 4 4 3 3 2 0 0 0 0 0 0 0
50 26 34 28 33 31 40 59 52 58 61 38 60 25 14 9 52 89 80 59 58 61 53 62 61 39 21 46 43 39 45 17 15 11 22 8 14 25 27 63 36 52 61 59 35 50 56 62 69 69 45 38 67 82 59 68 52 42 48 46 44 62 83 70 68 49 31 33 48 63 61 60 49 60 43 50 62 38 49 54 70 30 13 9 10 11 15 5 3 1 0 0 0 0 0 0
43 40 31 29 59 39 56 76 44 47 44 54 69 68 14 6 26 35 28 18 35 72 65 42 33 45 33 39 32 30 15 3 12 21 4 14 24 27 45 38 35 32 61 28 31 32 43 67 30 27 38 48 62 74 59 46 27 38 60 60 47 80 75 73 64 63 44 40 52 69 66 52 54 63 51 25 74 57 58 74 38 31 21 19 40 37 17 6 4 2 1 0 0 0 0 0
39 66 47 29 27 30 27 52 25 29 25 69 44 70 66 58 26 12 20 31 68 77 63 47 44 24 23 6 21 42 20 15 33 34 21 13 18 18 41 17 16 20 39 13 18 28 30 11 16 37 28 59 77 62 48 28 39 49 64 45 37 85 76 62 64 65 42 57 69 69 58 70 56 66 46 46 55 63 44 35 18 35 48 35 16 5 5 6 3 4 3 2 2 1 0 0
