sesion_6_simulaciones/modelos_agentes/ejemplos_netlogo/scenarios/echam4_a2/rob_2087.asc
NCOLS 322 
NROWS 307 
XLLCORNER 451900 
YLLCORNER 4086900 
CELLSIZE 100 
NODATA_value -9999 
[rows 216 to 287 of 307, columns 192 to 287 of 322]
9 16 21 28 27 31 34 31 31 16 13 15 12 8 4 3 1 1 2 4 1 3 3 4 8 7 8 25 31 29 47 26 19 23 32 43 44 20 24 35 28 14 10 6 8 4 4 3 1 2 2 1 3 1 2 0 0 1 0 0 0 0 0 1 1 2 5 13 21 38 52 51 38 42 28 55 37 23 9 2 1 1 3 4 2 7 7 11 15 28 17 35 34 18 38 52
8 6 14 18 16 16 32 31 23 29 24 19 13 5 4 2 1 2 3 5 2 3 6 7 3 4 7 12 15 18 32 34 24 42 43 42 27 25 17 35 14 6 5 4 6 5 4 2 1 4 1 2 1 1 2 1 0 0 0 0 0 0 2 2 4 4 10 15 27 36 50 38 44 42 29 20 27 17 7 2 1 3 2 2 5 4 16 11 23 9 13 25 23 24 24 27
16 16 18 19 11 5 10 31 30 28 17 14 11 7 3 2 1 2 3 7 6 9 9 9 6 5 5 6 4 13 19 34 31 54 51 42 35 21 19 10 10 6 4 2 2 3 5 1 1 1 0 1 1 1 1 1 1 0 0 0 1 1 4 10 5 6 9 13 22 49 53 64 53 42 40 32 13 6 2 1 1 2 3 4 5 8 10 19 15 20 31 28 33 40 38 38
28 34 22 21 24 25 27 32 18 16 14 11 8 2 3 1 1 3 6 14 14 10 18 18 11 7 9 13 17 16 16 22 36 41 60 49 24 33 19 10 12 9 8 5 2 1 1 2 1 1 1 1 1 1 0 1 1 0 0 1 1 3 4 21 19 28 35 13 8 11 51 73 90 75 40 33 20 11 4 2 1 2 4 8 7 8 17 13 22 23 31 44 33 42 54 41
39 27 31 58 54 41 34 34 26 14 12 10 6 2 1 0 1 6 9 22 31 14 16 24 26 18 11 26 24 25 29 18 37 38 45 27 40 22 18 11 14 7 4 7 2 1 1 0 0 0 1 0 0 0 0 0 0 0 0 1 4 7 12 40 53 42 51 79 60 37 45 67 83 76 78 59 42 10 2 1 2 2 4 6 12 14 13 23 25 23 31 36 48 40 42 61
17 11 6 41 33 24 30 16 10 8 9 8 4 3 1 0 2 8 17 17 35 46 32 33 28 21 24 25 26 25 25 29 24 34 29 21 15 21 17 12 19 11 8 10 3 1 1 1 1 0 1 0 0 0 0 1 0 0 1 1 2 2 3 22 63 46 61 80 89 73 34 28 28 54 68 18 7 2 2 2 4 3 6 7 8 9 6 12 14 25 39 30 32 32 48 50
10 13 11 7 37 29 26 19 11 8 3 6 2 2 2 2 5 9 9 13 20 38 64 52 37 40 28 27 44 46 26 31 52 35 25 13 17 26 18 15 12 7 6 9 3 3 2 1 1 1 1 0 0 0 0 0 0 0 1 2 2 2 7 7 41 78 74 67 80 85 59 55 45 30 30 9 6 4 3 6 9 6 6 7 7 11 8 6 13 19 35 36 42 41 40 28
32 39 36 35 23 18 21 24 13 9 6 2 1 1 1 5 8 8 6 18 28 49 60 66 41 44 44 34 45 45 29 31 40 35 30 15 21 14 15 11 10 7 7 12 5 2 3 1 1 1 0 0 0 0 0 0 0 0 0 1 1 3 8 11 35 74 71 64 80 84 67 52 49 38 15 10 12 10 7 8 12 7 6 7 10 16 17 12 12 25 30 28 42 41 43 42
36 34 42 38 35 30 29 20 16 8 5 1 1 1 2 9 12 21 13 20 29 54 59 71 58 44 39 44 40 51 44 27 26 27 26 14 21 7 14 11 6 7 7 13 13 2 2 2 0 0 0 0 0 0 0 0 0 0 0 1 2 4 10 21 22 41 12 7 18 74 85 63 44 18 17 18 16 11 9 8 12 9 4 7 8 16 18 20 22 19 29 42 38 42 43 61
23 24 30 26 24 20 17 17 16 10 4 4 1 1 2 16 24 28 26 25 31 37 48 59 60 55 41 41 34 46 65 41 24 23 11 13 14 9 20 7 5 5 7 7 13 7 1 1 0 0 0 0 0 0 0 0 0 0 0 1 3 6 21 26 21 25 16 24 11 19 68 56 37 36 25 33 31 16 13 5 11 12 14 5 7 8 10 21 25 20 25 44 43 38 45 49
25 26 28 17 9 13 16 15 9 3 3 2 1 2 10 19 21 34 37 40 28 35 51 44 55 71 49 40 41 26 34 42 17 24 16 17 18 16 8 8 4 5 4 4 3 4 2 2 1 0 0 0 0 0 0 0 0 0 1 1 5 10 17 16 17 17 26 42 27 28 40 21 34 32 40 37 26 19 14 7 18 18 14 3 10 12 19 8 12 18 22 19 39 45 38 46
21 40 37 36 30 26 19 14 12 5 2 1 1 3 22 19 29 22 41 54 50 53 45 41 46 62 70 37 49 24 27 35 21 13 23 23 14 10 10 8 2 3 2 4 5 5 4 4 3 0 0 0 0 0 0 0 0 0 1 2 7 12 12 10 28 27 37 40 31 37 26 24 32 45 43 44 40 34 21 8 13 20 22 9 15 9 11 10 12 13 18 24 24 24 41 45
34 30 26 23 21 12 10 8 7 4 1 0 2 8 23 17 15 29 52 56 65 72 73 49 45 44 68 26 42 20 20 30 9 10 21 18 19 14 9 8 4 4 3 2 5 5 3 3 2 1 0 0 0 0 0 1 0 1 2 10 9 6 7 16 47 45 29 26 29 29 35 34 48 47 61 49 46 38 11 3 10 31 25 16 27 18 11 23 13 22 28 29 28 27 26 43
42 37 26 19 16 16 10 8 6 2 0 0 3 14 14 13 11 25 30 42 42 60 69 73 51 35 47 41 50 19 32 15 9 8 11 19 17 13 6 7 6 6 4 3 3 5 3 2 1 0 0 0 0 0 0 0 1 1 2 1 2 8 14 40 44 31 25 22 36 46 49 49 52 65 44 38 37 31 17 2 2 29 43 28 20 23 26 30 14 15 25 28 44 40 42 45
22 27 27 8 7 10 12 7 5 1 1 1 7 12 15 18 36 17 27 36 51 51 61 49 55 43 45 43 37 15 22 10 8 19 11 15 15 8 7 9 7 9 3 3 6 5 4 2 1 0 0 0 0 0 0 0 4 1 1 2 5 7 14 18 17 15 20 24 23 36 58 67 61 40 20 22 21 18 3 1 7 9 40 24 21 24 43 52 22 16 18 33 33 28 38 44
11 10 20 11 16 16 12 7 4 2 1 2 7 18 28 39 30 28 40 50 44 47 59 56 40 36 34 26 30 24 35 12 8 11 15 9 12 9 7 6 7 4 5 3 2 3 3 2 1 0 0 0 0 0 0 0 0 8 11 5 3 2 8 9 19 21 17 14 11 39 78 67 47 36 27 16 12 6 2 4 6 16 26 23 37 23 35 37 49 20 20 34 32 39 30 40
14 6 2 11 14 13 8 5 3 2 1 4 15 23 37 36 25 32 47 44 36 59 61 56 34 31 33 20 37 39 18 10 9 15 8 12 10 9 8 7 6 5 6 2 4 2 3 1 0 0 0 0 0 0 0 1 1 1 3 5 2 9 5 8 10 17 20 9 21 41 54 41 45 48 29 14 5 7 7 17 11 13 13 49 42 17 12 19 59 20 19 34 34 33 25 28
10 10 10 9 16 14 6 4 2 1 1 2 7 13 22 25 38 45 51 65 43 35 61 41 49 28 25 24 4 28 11 12 7 12 8 6 6 9 6 6 6 4 9 2 1 6 2 1 1 0 0 0 0 0 1 0 2 3 2 1 3 2 5 8 10 14 10 39 37 19 44 36 40 41 33 10 8 12 11 11 18 23 15 24 29 32 19 33 38 39 31 19 22 45 31 27
22 18 21 11 13 6 2 1 0 1 2 3 3 10 17 17 30 37 51 58 60 58 68 42 45 35 31 19 19 10 24 7 4 7 6 2 3 6 7 8 6 2 4 5 1 1 2 2 1 0 0 0 0 0 0 1 0 1 1 3 4 5 6 15 7 10 21 13 12 29 38 39 41 21 7 6 12 9 19 13 18 18 24 28 42 51 19 22 36 36 62 38 16 23 46 34
6 18 13 10 5 4 4 1 1 2 3 3 4 4 15 18 22 38 48 50 61 45 51 9 17 29 26 6 4 6 11 3 4 13 3 4 6 7 3 1 2 1 3 4 1 2 3 1 0 0 0 0 0 0 0 0 1 2 3 3 2 3 12 26 18 15 38 46 48 42 38 38 25 18 6 8 22 14 35 14 19 22 26 26 42 35 54 21 35 22 10 43 19 18 21 30
13 12 16 10 3 2 1 1 2 4 5 7 7 6 5 10 26 26 41 49 46 26 17 32 23 19 9 9 9 6 7 4 4 5 3 4 4 4 4 2 3 2 2 3 1 1 2 1 0 0 0 0 0 0 0 0 1 1 1 2 3 8 14 20 28 36 30 31 51 49 74 55 35 20 6 2 7 25 25 16 25 25 33 18 25 36 32 51 39 34 21 45 26 6 17 14
20 11 11 7 4 1 2 3 5 4 6 9 10 10 6 6 23 30 28 25 27 55 46 29 31 34 21 9 8 7 6 3 3 3 2 3 3 3 4 1 3 3 1 2 0 1 1 1 1 0 0 0 0 0 0 0 1 1 2 2 8 6 9 39 65 34 37 28 69 48 42 42 16 16 16 14 16 30 29 28 38 27 27 26 26 18 29 52 63 66 20 18 35 15 22 34
12 12 9 3 1 2 3 4 5 5 12 17 13 13 11 8 9 15 20 29 36 37 42 24 13 18 22 9 11 5 5 4 3 4 2 3 2 3 1 2 1 1 1 1 0 0 1 0 0 0 0 0 0 0 0 0 0 1 1 2 4 4 19 36 48 71 44 28 26 35 33 12 6 18 26 26 16 18 39 34 47 29 28 27 31 28 16 12 14 27 50 44 32 20 19 28
12 8 4 2 2 3 3 3 4 7 10 19 22 22 12 15 30 21 15 39 48 56 34 35 27 30 15 8 9 6 2 2 3 2 1 2 1 1 1 1 1 1 3 1 0 1 1 1 0 0 0 0 0 0 0 0 0 2 2 11 20 16 13 26 32 24 41 52 37 30 16 4 10 29 18 38 17 18 34 47 35 46 31 28 28 25 33 22 19 22 40 34 25 60 20 30
8 7 5 1 1 3 3 5 6 10 16 20 24 23 25 16 33 28 28 21 33 18 21 19 15 22 11 6 6 4 5 3 1 1 0 3 1 2 0 1 1 0 2 1 1 0 1 1 0 0 0 0 0 0 0 0 1 0 1 4 10 13 8 15 30 28 48 30 43 33 26 4 18 22 22 36 40 18 21 32 37 49 31 44 32 16 22 30 10 4 11 10 10 33 40 23
9 5 4 2 4 7 8 8 9 15 17 22 22 27 43 26 33 42 31 44 49 43 46 41 34 23 18 21 20 10 10 8 4 2 2 1 3 1 0 0 0 0 0 1 0 0 0 0 0 0 0 0 1 2 8 5 5 4 7 5 9 14 20 34 32 31 37 37 41 29 11 4 18 23 35 33 35 28 30 43 30 51 33 46 32 20 20 30 39 14 21 21 11 7 8 12
14 7 5 4 8 9 9 17 11 11 19 24 17 35 41 30 14 20 49 57 62 46 49 51 50 47 40 34 59 36 15 6 3 1 1 0 1 1 0 0 0 0 0 0 0 0 0 0 0 0 0 0 0 0 0 1 12 13 11 13 10 15 9 37 30 27 33 38 18 14 6 7 22 27 18 27 32 43 31 43 28 16 50 47 34 18 20 36 33 16 20 26 20 31 34 38
11 7 6 10 10 11 18 18 17 18 11 13 30 32 30 48 14 13 21 29 46 56 26 45 38 48 55 31 3 7 13 5 2 1 2 2 1 0 1 0 0 0 0 0 0 0 0 0 0 0 0 0 0 0 0 0 1 7 22 39 55 18 19 15 16 21 30 38 40 17 9 18 35 31 28 32 58 45 43 41 39 17 21 57 41 17 18 24 26 17 25 13 26 31 37 40
3 3 10 11 13 19 19 22 21 21 12 15 22 30 23 37 27 10 22 29 35 36 22 43 25 17 11 6 4 4 6 4 2 2 1 1 1 1 1 0 0 0 0 0 0 0 0 0 0 0 0 0 0 0 1 1 2 9 10 9 18 54 35 30 28 34 45 38 35 17 12 34 35 42 41 30 45 50 38 28 25 23 10 36 52 25 26 12 30 17 27 27 16 30 26 18
6 7 13 14 21 22 23 23 25 22 14 19 21 23 34 20 48 8 11 9 18 11 20 17 18 24 15 15 14 7 10 4 3 4 2 1 1 0 0 0 0 0 1 0 0 0 0 0 0 0 0 1 0 1 3 2 2 3 6 5 7 17 39 43 36 27 39 37 25 9 20 35 31 38 40 39 27 55 39 49 27 37 25 24 64 30 37 18 28 26 25 38 23 22 18 24
3 12 15 17 24 24 22 26 26 26 17 19 22 30 41 29 32 13 11 21 13 10 23 19 21 22 21 14 11 17 11 12 7 12 1 1 1 1 0 0 1 0 0 0 0 0 0 0 0 1 1 0 0 1 1 2 4 6 14 9 11 10 15 22 27 25 23 31 25 15 21 35 31 40 33 30 28 37 43 51 36 22 34 20 61 21 20 25 16 39 21 22 23 14 16 15
8 15 26 18 24 15 18 28 38 37 17 11 25 18 48 70 14 13 10 32 28 27 18 19 21 16 22 10 10 12 10 7 4 3 3 2 1 1 1 0 0 0 0 0 0 0 0 0 1 2 0 0 0 1 2 2 2 8 6 8 14 13 17 13 16 17 20 19 17 18 31 34 30 29 30 29 31 35 45 36 32 27 29 40 59 22 20 23 14 38 21 10 31 9 5 12
16 16 21 29 28 19 26 30 46 45 19 10 15 28 38 42 16 18 12 24 31 26 24 13 13 8 15 14 13 14 7 5 5 3 3 2 1 1 1 0 0 0 0 0 0 0 0 0 0 0 0 0 0 0 1 17 7 12 11 14 13 15 15 13 13 16 18 13 14 14 25 29 19 28 24 36 43 26 28 49 39 40 36 31 51 35 32 13 32 31 9 13 24 8 10 13
18 19 20 44 30 17 19 34 39 60 25 13 24 26 37 49 30 21 18 33 35 40 22 24 21 7 10 11 11 8 10 5 5 4 3 1 1 0 0 0 0 0 0 0 0 0 0 0 0 0 0 1 1 1 3 2 5 9 19 23 19 15 14 16 16 18 17 11 6 23 26 26 32 28 42 33 29 37 23 18 28 29 23 34 15 76 37 11 20 32 5 13 10 23 11 14
21 34 21 47 31 20 21 35 38 50 14 13 24 27 36 39 46 7 30 33 30 43 23 22 20 23 12 8 5 5 5 9 11 4 1 2 1 1 0 0 0 0 0 0 0 0 0 0 0 0 0 0 1 2 5 2 2 3 4 11 11 17 17 21 22 26 25 14 6 22 22 21 31 33 39 15 26 18 32 13 17 15 26 11 28 62 23 10 35 14 6 11 11 18 18 16
18 20 34 37 32 31 20 25 41 62 15 22 26 33 30 49 14 10 29 29 37 39 39 18 34 17 16 13 7 7 4 17 15 5 4 2 1 1 0 0 0 0 0 0 0 0 0 0 0 0 0 0 1 2 4 1 4 7 10 16 16 20 22 31 29 36 28 15 6 24 23 20 41 25 29 38 35 21 11 24 13 18 19 23 16 34 31 19 30 11 9 15 8 9 4 26
9 13 37 36 33 32 21 24 39 43 16 26 31 50 51 32 11 9 28 26 24 41 31 35 17 17 25 15 11 10 9 11 14 7 3 3 2 1 1 0 0 0 0 0 0 0 0 0 0 0 0 0 1 1 3 4 6 11 14 18 26 37 29 24 21 17 25 8 11 26 30 24 38 36 23 23 32 20 21 6 31 6 9 26 30 34 41 51 22 10 15 12 14 17 9 26
18 20 41 41 48 33 21 24 39 45 13 15 33 52 38 12 8 20 24 24 33 32 28 26 26 15 22 15 20 17 14 8 2 3 3 2 2 1 1 0 0 0 0 0 0 0 0 0 0 0 0 0 1 3 3 3 9 14 16 12 34 21 11 18 25 22 13 10 9 20 38 23 32 34 34 24 29 17 21 16 10 24 9 3 5 19 33 50 15 22 15 13 10 23 7 8
15 23 24 30 60 42 19 24 30 44 11 12 33 50 25 13 11 22 31 24 21 21 21 23 32 13 15 13 9 16 15 7 5 3 2 1 1 1 1 0 0 0 0 0 0 0 0 0 0 0 0 0 1 1 3 6 3 7 6 9 9 10 22 27 18 20 21 8 12 12 41 24 24 21 24 31 19 19 8 17 6 25 11 9 5 4 12 26 22 38 16 15 10 16 5 5
17 35 24 21 30 56 22 27 45 16 12 13 20 54 31 15 9 27 28 24 30 37 27 34 27 19 8 9 17 12 4 9 19 6 1 1 0 1 1 0 0 0 0 0 0 0 0 0 0 0 0 0 0 1 3 3 8 8 9 14 14 14 15 15 20 23 14 9 9 17 16 37 20 17 19 19 32 27 14 29 8 7 12 10 7 5 6 13 23 24 13 15 12 13 7 9
19 24 40 32 16 37 12 28 64 14 14 25 31 46 18 20 3 14 33 27 38 23 22 33 26 21 15 4 3 3 4 3 3 1 1 1 1 0 0 0 0 0 0 0 0 0 0 0 0 0 0 0 0 1 4 6 11 9 8 17 15 20 25 17 22 24 12 10 11 28 23 22 38 14 15 16 34 23 13 9 18 6 4 15 12 6 6 6 15 21 23 12 9 6 14 4
18 24 41 45 20 46 12 23 59 26 13 31 37 32 16 5 5 9 17 28 36 31 20 17 20 23 11 4 5 3 4 3 2 2 1 0 1 0 1 0 0 0 0 0 0 0 0 0 0 0 0 0 0 1 1 2 4 11 15 15 20 12 15 18 17 20 21 5 12 25 25 19 26 7 20 18 17 25 30 19 23 9 5 5 12 7 4 7 15 46 34 10 5 5 12 3
18 21 21 48 20 38 23 17 25 33 13 37 40 13 5 9 12 17 25 33 23 21 25 10 12 15 20 4 3 3 4 4 2 2 1 1 1 0 0 0 0 0 0 0 0 0 0 0 0 0 0 0 1 1 1 5 8 25 20 11 18 21 24 26 29 18 17 10 14 25 19 27 40 16 11 26 16 24 18 13 26 7 8 8 20 7 3 4 3 12 23 8 7 3 16 8
14 16 14 28 52 21 36 12 35 16 40 22 11 5 12 12 18 12 43 42 16 18 17 16 4 9 12 15 4 4 2 3 2 1 0 0 0 0 0 0 0 0 0 0 0 0 0 0 0 0 0 0 0 1 3 4 4 15 14 7 12 16 21 23 14 13 10 18 19 22 22 27 6 23 23 23 20 11 25 8 29 8 8 5 7 18 8 7 8 6 19 4 11 3 5 13
29 18 12 16 22 32 35 14 48 30 33 7 5 10 14 18 18 12 14 12 20 16 15 27 19 8 8 2 4 7 1 2 1 1 1 1 1 0 0 0 0 0 0 0 0 0 0 0 0 0 0 0 0 0 1 2 4 8 6 2 7 13 16 16 10 8 9 16 17 19 20 31 8 7 4 7 20 25 37 6 21 12 7 7 4 4 21 5 8 7 9 8 3 3 6 9
18 25 17 12 11 19 42 16 22 10 7 2 7 12 21 26 24 8 11 11 17 16 11 3 5 4 3 5 1 2 4 5 2 1 0 1 0 0 0 0 0 0 0 0 0 0 0 0 0 0 0 0 0 0 1 2 2 10 7 9 16 13 16 10 15 16 9 16 16 17 14 28 7 13 6 8 8 5 12 11 5 17 6 7 4 8 9 2 6 10 9 8 3 3 2 3
17 25 17 21 26 28 30 19 22 5 9 6 10 20 18 22 24 13 15 14 15 15 9 5 4 4 3 2 1 3 1 1 1 2 1 2 0 0 0 0 0 0 0 0 0 0 0 0 0 0 0 0 0 0 2 1 3 13 22 18 17 12 16 17 14 13 13 22 14 14 14 18 9 13 11 8 12 10 11 16 3 12 5 10 3 2 6 1 2 3 7 5 1 2 2 8
15 26 18 22 24 32 33 6 4 2 9 8 16 19 17 23 13 27 21 11 13 11 9 9 9 5 4 2 2 4 2 0 0 0 0 1 1 0 0 0 0 0 0 0 0 0 0 0 0 0 0 0 0 1 1 2 5 23 8 10 18 10 14 12 12 12 14 24 12 12 13 13 12 11 15 7 11 9 8 6 11 28 5 8 5 1 6 2 1 1 3 6 2 3 2 1
13 26 25 19 46 42 7 4 6 7 15 12 10 20 15 24 7 14 34 7 12 9 4 5 8 9 2 3 3 2 4 1 1 0 0 0 0 0 0 0 0 0 0 0 0 0 0 0 0 0 0 0 0 1 2 2 3 8 8 6 17 14 10 3 12 6 7 27 13 11 17 10 17 9 13 10 8 9 7 5 4 2 12 8 5 2 2 2 1 1 1 6 2 2 3 1
12 18 36 28 49 7 6 5 6 12 15 14 19 26 7 18 6 10 12 26 6 14 4 3 4 7 4 4 3 1 1 2 0 0 0 0 0 0 0 0 0 0 0 0 0 0 0 0 0 0 0 0 0 0 1 3 2 7 18 17 8 6 5 3 17 10 10 18 16 8 15 9 25 12 11 12 6 6 9 4 3 1 4 4 4 2 1 5 1 1 2 3 4 2 1 1
7 16 36 61 32 3 5 11 12 12 22 25 10 13 10 7 20 6 8 9 8 7 6 4 4 5 3 5 2 2 2 1 1 0 0 0 0 0 0 0 0 0 0 0 0 0 0 0 0 0 0 0 0 1 1 2 8 5 5 15 10 4 2 5 7 21 9 10 15 7 8 8 15 12 6 10 9 4 5 8 4 1 2 5 5 2 0 2 1 1 2 1 4 2 1 3
6 18 47 35 3 3 10 10 7 22 13 32 6 15 9 5 6 29 5 9 15 5 11 3 3 6 5 4 2 3 1 1 1 0 0 0 0 0 0 0 0 0 0 0 0 0 0 0 0 0 0 0 0 0 1 1 4 4 6 9 9 5 2 7 5 11 7 7 12 7 6 6 6 14 5 5 11 5 4 3 5 1 1 2 3 1 1 1 2 1 0 1 0 2 1 1
6 25 30 12 4 7 11 11 6 15 5 27 8 12 19 4 12 25 3 10 19 3 12 3 2 6 6 4 1 0 2 0 0 1 1 0 0 0 0 0 0 0 0 0 0 0 0 0 0 0 0 0 0 0 0 1 2 5 3 11 10 5 4 6 8 12 4 5 7 11 5 4 2 7 5 4 5 5 3 2 1 1 3 1 2 1 1 0 1 2 0 1 1 1 1 0
7 18 22 12 4 5 12 20 4 8 5 16 5 7 24 4 8 19 5 4 6 7 5 3 2 2 2 3 2 2 0 1 0 0 0 1 0 0 0 0 0 0 0 0 0 0 0 0 0 0 0 0 0 0 0 1 1 2 3 2 4 6 5 5 6 8 9 5 6 11 2 5 2 3 6 3 4 1 1 2 1 1 1 1 3 4 1 0 1 2 0 0 1 1 1 0
10 10 24 6 4 7 7 10 4 6 5 6 10 3 16 3 3 10 4 2 2 2 14 5 1 1 1 1 1 1 1 0 0 0 0 0 0 0 0 0 0 0 0 0 0 0 0 0 0 0 0 0 0 0 0 1 1 5 4 2 1 4 4 4 4 5 11 3 6 9 2 3 3 3 7 0 2 3 1 1 2 1 1 1 1 2 1 0 0 2 0 0 0 2 4 2
33 13 4 3 6 6 6 7 4 12 5 3 8 2 11 3 2 4 4 2 2 3 7 3 1 2 1 2 2 1 1 0 0 0 0 0 0 0 0 0 0 0 0 0 0 0 0 0 0 0 0 0 0 0 0 1 2 5 6 3 1 6 4 2 4 4 5 3 2 8 3 1 2 4 5 1 1 1 2 0 1 2 1 0 2 2 0 1 0 2 1 0 0 0 0 1
4 1 3 3 4 5 9 6 6 6 3 2 12 2 2 7 2 6 5 1 1 2 2 8 2 2 1 2 2 1 1 0 0 0 0 0 0 0 0 0 0 0 0 0 0 0 0 0 0 0 0 0 0 0 0 1 1 3 5 1 2 3 5 2 3 3 2 5 1 5 3 2 2 1 3 1 1 1 1 1 0 0 1 0 1 2 0 1 0 0 2 0 1 0 0 0
7 3 8 5 4 4 10 4 8 6 1 2 5 2 2 5 1 1 9 1 2 2 1 4 1 1 2 1 1 1 1 1 0 0 0 0 0 0 0 0 0 0 0 0 0 0 0 0 0 0 0 0 0 0 1 0 1 2 2 1 2 5 5 2 1 3 2 3 1 1 10 1 2 2 1 1 1 1 1 1 1 0 0 1 0 1 1 1 0 0 3 0 0 0 1 0
22 4 2 4 4 4 4 3 7 3 2 2 1 2 1 2 1 1 5 1 2 1 0 1 2 1 1 0 0 0 0 0 0 0 0 0 0 0 0 0 0 0 0 0 0 0 0 0 0 0 0 0 0 0 0 1 1 1 1 1 1 3 2 1 1 2 4 1 3 1 3 1 1 2 0 0 1 0 0 1 1 1 0 0 0 0 1 1 0 0 1 0 0 0 0 0
23 3 2 2 2 3 1 2 3 1 1 1 1 2 1 2 1 1 2 1 1 2 1 0 0 0 0 0 1 1 0 0 0 0 0 0 0 0 0 0 0 0 0 0 0 0 0 0 1 0 0 0 0 0 1 2 1 0 0 2 1 1 2 1 2 1 4 1 3 1 1 1 1 2 0 1 0 0 0 0 0 1 0 0 0 0 0 0 0 1 0 0 0 0 0 0
9 2 1 2 1 1 1 1 2 1 1 1 1 2 0 2 1 1 1 1 0 1 1 0 0 0 0 0 0 0 0 0 0 0 0 0 0 0 0 0 0 0 0 0 0 0 0 0 0 0 0 0 0 0 1 1 1 1 0 2 1 1 0 2 1 1 2 1 2 1 0 1 1 2 0 0 0 0 0 0 0 0 0 0 0 0 0 0 0 0 1 0 0 0 0 0
7 1 2 1 1 1 1 1 1 0 1 1 0 1 1 0 0 1 1 0 1 0 1 0 1 1 0 0 0 0 0 0 0 0 0 0 0 0 0 0 0 0 0 0 0 0 0 0 0 0 0 0 0 1 1 1 1 1 0 1 2 1 1 1 1 2 1 1 0 1 2 0 1 2 0 0 0 0 0 0 0 0 0 0 0 0 0 0 0 0 0 0 0 0 0 0
5 1 1 1 1 1 1 0 1 0 0 0 0 0 1 0 0 0 0 0 1 0 0 1 0 0 0 0 0 0 0 0 0 0 0 0 0 0 0 0 0 0 0 0 0 0 0 0 0 0 0 0 0 0 1 1 0 1 1 0 1 0 1 1 0 0 0 1 0 0 1 0 0 1 0 0 0 0 0 0 0 0 0 0 0 0 0 0 0 0 0 0 0 0 0 0
0 2 0 1 0 0 1 0 2 0 0 0 0 0 0 0 0 0 1 0 0 0 0 0 0 0 0 0 0 0 0 0 0 0 0 0 0 0 0 0 0 0 0 0 0 0 0 0 0 0 0 0 0 0 1 0 0 1 1 1 1 0 0 0 1 0 0 1 0 0 1 0 1 0 0 0 0 0 0 0 0 0 0 0 0 0 0 0 0 0 0 0 0 0 0 0
0 2 0 0 0 0 0 0 0 0 0 0 0 0 0 0 0 0 1 0 0 0 0 1 0 0 0 0 0 0 0 0 0 0 0 0 0 0 0 0 0 0 0 0 0 0 0 0 0 0 0 0 0 1 0 0 0 1 0 1 1 1 1 0 0 0 0 1 0 0 0 0 0 0 0 0 0 0 0 0 0 0 0 0 0 0 0 0 0 0 0 0 0 0 0 0
0 1 1 0 0 0 0 0 0 0 0 0 0 0 0 0 0 0 0 0 0 0 0 0 0 0 0 0 0 0 0 0 0 0 0 0 0 0 0 0 0 0 0 0 0 0 0 0 0 0 0 0 1 1 0 0 0 1 0 1 0 1 0 1 0 0 0 0 0 0 0 0 0 0 0 0 0 0 0 0 0 0 0 0 0 0 0 0 0 0 0 0 0 0 0 0
0 0 1 0 0 0 0 0 0 0 0 0 0 0 0 0 0 0 0 0 0 0 0 0 0 0 0 0 0 0 0 0 0 0 0 0 0 0 0 0 0 0 0 0 0 0 0 0 0 0 0 1 1 0 0 0 1 0 0 0 0 0 0 0 0 0 0 0 0 0 0 0 0 0 0 0 0 0 0 0 0 0 0 0 0 0 0 0 0 0 0 0 0 0 0 0
0 0 0 0 0 0 0 0 0 0 0 0 0 0 0 0 0 0 0 0 0 0 0 0 0 0 0 0 0 0 0 0 0 0 0 0 0 0 0 0 0 0 0 0 0 0 0 1 0 1 2 1 0 0 0 0 0 0 0 0 0 0 0 0 0 0 1 0 0 0 0 0 0 0 0 0 0 0 0 0 0 1 0 0 0 0 0 0 0 0 0 0 0 0 0 0
0 0 0 0 0 0 0 0 0 0 0 0 0 0 0 0 0 0 0 0 0 0 0 0 0 0 0 0 0 0 0 0 0 0 0 0 0 0 0 0 0 0 0 0 0 1 3 0 0 1 0 0 0 0 0 0 0 0 0 0 0 0 0 0 0 0 0 0 0 0 0 0 0 0 0 0 0 0 0 0 0 0 0 0 0 0 0 0 0 0 0 0 0 0 0 0
0 0 0 0 0 0 0 0 0 0 0 0 0 0 0 0 0 0 0 0 0 0 0 0 0 0 0 0 0 0 0 0 0 0 0 0 0 0 0 0 0 0 0 1 0 0 2 3 1 0 0 0 0 0 0 0 0 0 0 0 0 0 0 0 0 1 0 0 0 0 0 0 0 0 0 0 0 0 0 0 0 0 0 0 0 0 0 0 0 0 0 0 0 0 0 0
0 0 0 0 0 0 0 0 0 0 0 0 0 0 0 0 0 0 0 0 0 0 0 0 0 0 0 0 0 0 0 0 0 0 0 0 0 0 0 0 0 1 2 2 2 0 1 3 1 0 0 0 0 0 0 0 0 0 0 0 0 0 0 0 0 0 0 0 0 0 0 0 0 0 0 0 0 0 0 1 1 0 0 0 0 0 0 0 0 0 0 0 0 0 0 0
0 0 0 0 0 0 0 0 0 0 0 0 0 0 0 0 0 0 0 0 0 0 0 0 0 0 0 0 0 0 0 0 0 0 0 0 0 0 0 0 0 3 4 2 3 6 3 1 0 0 0 0 0 0 0 0 0 0 0 0 0 0 0 0 0 0 0 0 0 0 0 0 1 0 0 0 0 0 0 0 0 0 0 0 0 0 0 0 0 0 0 0 0 0 0 0
