sesion_6_simulaciones/modelos_agentes/ejemplos_netlogo/scenarios/echam4_a2/rob_2033.asc
NCOLS 322 
NROWS 307 
XLLCORNER 451900 
YLLCORNER 4086900 
CELLSIZE 100 
NODATA_value -9999 
[rows 0 to 73 of 307, columns 96 to 191 of 322]
45 6 1 1 27 6 7 5 6 6 14 13 17 35 30 9 17 11 11 3 14 12 8 29 9 6 11 11 16 10 3 3 8 13 8 6 8 14 21 9 6 30 65 70 80 69 82 81 87 81 80 84 64 37 52 50 53 19 37 33 40 22 17 10 40 48 49 9 8 35 44 24 22 26 22 15 17 22 12 55 37 19 26 25 28 18 19 22 32 51 30 24 20 7 15 31
2 4 4 2 5 14 6 5 5 9 9 15 37 44 19 16 4 4 2 6 10 2 3 4 10 6 11 6 8 30 12 5 4 8 3 9 10 14 22 26 33 41 38 32 83 85 85 82 93 74 87 78 39 41 75 25 10 17 11 18 6 23 18 9 20 10 14 44 41 35 21 47 59 34 48 53 57 23 27 31 24 20 34 34 40 23 25 34 42 38 46 36 46 25 33 33
0 1 2 10 5 7 7 3 4 6 4 10 17 16 4 3 8 12 13 15 24 2 5 5 8 7 12 5 12 13 22 18 2 9 28 25 27 35 40 43 51 61 45 50 18 9 21 49 91 82 81 81 39 73 70 65 42 20 17 25 18 55 76 71 76 53 42 63 29 38 31 34 45 44 50 66 73 68 44 31 30 28 41 41 44 33 36 54 35 38 49 38 45 50 36 38
0 0 0 1 1 1 1 10 4 2 2 5 7 11 12 13 13 22 25 20 8 2 11 11 2 5 8 9 10 4 11 12 11 20 29 22 47 46 66 76 80 80 64 25 12 18 7 13 43 19 31 30 16 38 65 23 61 7 9 22 33 55 81 80 81 83 78 45 59 52 53 60 43 43 57 53 54 26 22 31 44 44 57 55 52 40 37 49 35 32 52 54 37 47 34 50
1 1 1 0 0 0 1 9 17 3 11 7 5 7 21 14 12 49 18 8 10 7 9 18 15 9 9 9 6 24 28 20 5 20 41 44 55 68 81 85 86 77 64 37 22 10 15 32 21 15 24 28 8 47 19 39 54 33 7 13 57 72 61 78 65 41 76 46 57 72 62 54 43 36 60 43 45 39 40 44 52 47 79 59 44 47 44 58 42 44 54 67 35 57 57 61
2 1 1 1 0 1 1 2 13 28 6 12 4 11 14 7 25 18 22 14 4 5 13 12 16 8 12 11 5 7 11 25 21 10 47 64 69 80 84 74 78 76 71 46 19 27 19 25 29 24 31 49 11 22 24 47 28 28 20 21 57 64 23 13 19 38 45 19 23 41 17 50 79 61 54 35 40 39 38 56 47 56 60 56 64 50 48 67 63 44 59 44 58 51 72 35
0 1 3 2 1 2 4 1 5 22 22 6 5 7 9 24 10 22 34 21 22 10 5 6 12 13 20 14 8 4 8 31 34 24 40 77 82 81 75 75 74 70 38 22 27 54 31 44 40 40 31 35 31 35 48 36 17 33 40 16 11 13 12 19 10 15 47 64 44 45 20 46 32 16 58 61 59 60 39 57 47 39 47 41 62 64 53 68 67 42 68 58 55 47 32 28
0 1 1 1 1 2 2 1 2 13 54 53 48 23 15 6 7 19 14 15 29 52 13 27 36 20 19 7 14 11 13 16 35 60 42 66 69 75 72 67 60 24 30 23 52 42 35 59 46 45 28 30 50 57 43 42 36 60 66 67 45 20 4 4 19 12 36 21 45 27 40 27 14 30 19 49 59 83 67 35 55 64 47 54 78 55 56 60 65 62 48 38 17 26 25 20
0 0 1 1 1 2 2 1 3 2 11 48 60 71 38 51 11 9 8 29 29 12 14 22 19 9 15 14 10 15 30 24 44 70 79 47 30 38 26 22 33 19 15 28 57 46 26 39 44 36 32 23 76 48 42 56 44 56 21 43 69 52 27 3 17 17 11 11 5 15 45 39 17 19 42 21 31 37 46 70 65 84 55 63 42 29 39 78 52 56 44 76 55 37 26 34
1 0 0 0 2 4 2 1 1 3 8 1 3 3 2 2 14 8 11 14 16 10 18 11 28 22 16 13 18 22 27 61 54 44 62 54 48 46 23 19 9 8 12 27 58 36 15 17 28 39 37 25 34 82 72 72 20 35 17 59 46 49 14 18 4 11 8 5 14 27 27 33 37 29 39 55 23 22 63 67 43 68 54 48 29 36 26 40 40 57 31 44 74 70 30 20
1 0 1 2 4 2 3 4 6 1 3 2 7 4 3 4 14 3 21 9 14 11 15 17 31 10 8 14 25 41 57 59 81 67 45 42 39 56 51 28 15 6 4 8 32 12 11 19 32 25 39 22 39 46 80 65 35 25 34 55 28 29 16 6 11 14 16 7 25 37 38 44 28 19 45 61 42 19 20 53 39 26 50 63 36 40 27 32 68 54 49 37 65 82 57 32
1 1 2 2 2 4 3 9 10 8 2 4 8 14 12 9 10 25 30 15 49 25 9 18 16 17 9 11 18 72 71 61 61 54 42 31 32 46 44 28 13 6 6 14 17 8 9 31 19 24 50 24 36 54 33 46 33 33 45 40 18 17 35 25 12 9 26 23 32 61 71 71 20 31 47 56 41 23 22 60 38 9 35 62 33 42 35 29 51 34 26 34 51 62 62 56
0 1 1 2 3 3 3 3 4 8 9 5 2 3 5 18 26 11 34 26 56 57 15 11 9 12 8 18 32 51 73 51 48 40 39 44 45 17 22 38 12 4 5 18 15 7 13 16 22 36 53 41 41 62 43 36 43 40 51 20 17 20 30 26 14 10 9 24 40 26 46 46 33 28 32 55 30 26 11 21 38 8 46 70 34 37 46 28 19 39 31 15 19 36 55 68
0 0 0 1 1 1 1 1 3 5 10 6 7 7 8 4 24 10 49 19 12 11 38 24 19 11 16 49 52 41 47 46 35 16 16 14 12 8 7 10 11 2 1 1 5 4 8 12 38 55 63 56 42 43 27 43 51 44 41 38 15 13 33 35 25 22 11 12 14 10 4 4 19 32 33 42 31 42 26 16 7 12 23 59 60 30 37 37 22 18 33 17 27 49 73 52
0 0 0 0 1 0 0 1 1 2 5 5 7 8 9 7 5 6 39 21 14 35 44 21 26 20 23 21 44 47 25 16 13 17 21 14 13 10 5 1 9 2 5 3 1 2 7 17 25 52 49 44 35 42 27 54 57 50 51 53 10 27 35 37 25 17 7 10 6 4 4 21 50 46 38 46 48 40 22 21 32 11 28 56 62 29 14 16 19 14 10 8 20 35 45 41
8 0 1 0 1 2 1 1 1 1 1 1 1 1 2 4 8 13 5 2 8 12 6 42 29 36 18 20 17 13 15 32 36 35 22 27 42 36 16 3 3 3 1 3 1 2 1 7 18 21 29 23 21 21 34 24 40 39 54 48 9 25 9 36 52 30 11 12 13 2 9 33 46 53 28 18 31 40 48 41 28 24 25 42 65 81 51 35 16 11 10 6 17 52 41 31
0 1 1 1 2 1 4 2 1 1 3 3 1 1 2 7 9 12 7 12 12 4 6 15 50 34 37 43 66 48 33 19 23 33 31 47 57 50 26 3 6 5 2 3 8 9 7 2 6 12 7 7 6 6 11 28 38 49 52 53 16 35 25 30 43 14 9 10 7 7 10 40 32 45 17 14 25 24 41 35 31 26 29 28 62 80 77 28 16 13 9 6 15 35 48 41
0 2 2 12 11 2 1 2 1 1 2 1 1 1 2 3 8 7 12 13 7 6 8 10 28 35 12 25 23 16 31 29 38 25 57 73 51 54 30 15 22 22 14 14 23 23 22 9 2 1 1 2 1 1 3 28 62 81 58 26 42 32 27 19 30 24 11 20 6 6 43 42 50 40 16 26 50 32 30 38 21 16 11 6 42 51 46 49 27 13 10 6 7 17 24 11
1 2 3 2 1 5 1 1 0 1 1 1 0 0 0 1 2 5 6 3 7 8 8 9 41 58 31 28 20 36 44 49 32 54 61 61 27 26 26 44 32 40 45 54 45 24 31 22 9 6 3 3 5 1 1 4 55 71 42 30 27 36 20 16 24 8 10 12 3 31 62 57 47 49 21 21 49 45 37 66 40 23 11 6 12 30 34 34 33 17 11 9 4 9 40 7
4 3 1 1 0 2 8 1 1 1 3 3 2 1 2 7 2 2 3 4 8 11 15 7 29 30 24 35 39 38 40 65 55 48 48 27 43 43 34 44 63 65 51 25 27 13 20 24 11 8 6 2 3 2 4 3 11 20 31 40 27 16 14 33 30 5 11 35 63 46 60 75 39 69 33 14 38 57 40 60 46 42 24 8 7 25 43 28 41 19 14 6 2 4 24 18
3 2 1 1 0 3 3 4 2 3 4 3 3 1 2 1 1 4 5 5 4 6 5 3 16 28 24 12 12 32 23 22 37 47 59 36 33 46 30 66 34 31 41 25 14 10 11 14 11 5 7 7 2 4 6 5 6 18 35 33 10 10 48 41 25 6 21 33 45 59 45 50 27 33 54 38 22 19 19 58 23 17 30 17 10 4 25 12 39 13 15 6 3 3 5 13
4 1 1 1 4 3 5 9 8 9 15 6 4 2 4 2 2 2 1 11 6 8 8 7 29 18 35 28 15 23 23 35 39 61 64 51 72 41 56 25 38 19 10 9 15 14 28 16 16 5 6 5 5 5 8 6 6 11 28 33 36 10 16 22 13 17 40 11 33 53 54 37 39 18 44 52 29 15 15 66 74 29 11 35 18 3 3 5 32 19 16 11 4 3 4 12
3 1 0 2 7 5 1 4 3 3 1 4 8 4 1 2 2 2 2 7 21 15 17 11 29 10 19 38 21 13 42 59 62 26 14 73 66 33 33 31 37 43 16 7 5 13 8 2 4 3 8 4 4 4 4 5 3 5 14 10 11 13 9 9 12 31 45 6 28 18 41 49 35 10 9 33 30 38 16 36 70 39 32 9 16 5 1 4 25 33 4 15 6 2 3 8
5 1 0 2 8 7 4 7 19 5 13 6 6 29 18 9 7 7 5 29 17 27 23 15 29 25 15 42 45 27 21 21 10 8 9 24 37 45 21 37 33 42 29 22 12 2 1 1 1 0 2 2 1 1 3 1 2 2 2 7 14 13 10 15 34 34 24 10 19 18 19 32 25 22 13 44 42 27 18 8 37 38 17 30 8 4 2 2 2 12 3 6 5 2 1 2
7 5 1 2 11 8 6 3 25 10 4 12 18 22 26 27 46 11 15 13 31 35 56 32 22 24 45 34 60 38 19 12 26 25 16 2 9 36 36 15 26 43 48 45 20 11 7 4 3 2 1 1 0 0 0 0 0 1 3 9 23 13 20 24 14 34 17 22 23 20 13 19 31 36 7 29 37 20 19 11 20 33 11 4 14 6 3 2 2 3 4 4 5 2 1 1
23 13 5 6 17 5 11 3 10 15 14 13 27 35 44 25 45 51 18 18 50 76 77 83 74 66 66 47 65 50 70 68 73 46 21 19 21 16 12 24 46 31 37 38 40 31 23 13 9 7 3 3 3 2 2 2 2 2 8 17 18 16 12 15 12 26 27 38 12 27 10 8 26 17 7 19 17 8 10 8 7 11 28 4 4 2 2 1 1 2 1 2 1 1 1 1
18 12 19 20 21 5 8 6 19 29 23 16 17 52 64 49 50 77 60 74 78 79 84 83 74 80 76 71 77 82 54 26 44 53 45 24 31 25 10 8 32 37 40 55 40 35 30 20 17 12 10 8 7 6 3 5 3 4 8 9 14 9 6 8 6 33 17 31 22 22 6 8 11 13 7 14 11 17 4 6 5 2 7 3 2 4 1 1 0 1 1 1 1 1 1 1
11 23 18 15 23 23 27 19 25 40 38 56 48 57 70 86 80 69 78 41 49 57 67 80 76 71 79 79 80 81 24 15 15 15 31 35 45 25 32 22 21 46 48 39 34 30 22 49 34 18 13 13 11 10 9 9 8 2 5 6 7 5 6 12 26 38 29 15 19 8 8 4 8 9 7 5 4 7 8 4 5 3 4 4 1 3 1 1 0 0 1 1 1 1 0 0
15 35 21 15 29 24 26 26 35 57 71 80 86 87 91 89 81 78 84 69 40 21 53 68 49 44 35 60 64 58 41 10 9 6 9 14 26 21 25 30 12 23 26 25 15 12 7 14 18 18 28 26 15 13 12 20 10 3 3 4 2 7 17 23 30 20 10 10 7 14 9 14 5 5 4 3 3 3 6 3 2 2 2 1 1 1 1 1 1 0 1 0 0 1 0 0
17 35 16 21 49 45 41 58 72 83 88 86 84 87 84 90 78 78 90 46 74 35 21 41 27 16 19 21 24 26 46 30 22 4 7 4 13 10 9 24 20 16 31 10 14 11 5 8 9 5 5 5 4 8 8 3 13 6 5 3 5 8 18 20 20 14 5 12 17 9 10 6 5 3 2 1 2 1 2 2 2 2 1 1 1 0 0 0 0 0 0 0 0 0 0 0
11 44 40 39 51 67 76 82 77 88 82 90 74 88 80 84 63 69 86 75 37 43 22 11 11 8 4 3 11 13 18 57 29 9 10 8 22 41 38 24 25 14 12 6 4 6 6 2 1 2 2 8 15 16 7 6 16 9 13 4 7 9 15 11 16 6 3 7 14 11 6 4 2 3 2 1 0 0 0 1 1 0 0 0 0 0 0 0 0 0 0 0 1 0 0 1
33 52 68 68 83 89 85 87 82 84 78 90 77 77 59 75 60 72 73 77 24 46 44 18 12 3 3 1 4 6 6 13 19 10 11 14 8 15 15 16 11 10 11 16 14 7 8 3 5 6 18 39 35 19 31 6 18 16 3 1 1 5 4 10 7 7 3 2 2 3 3 3 1 0 0 0 1 0 1 1 1 1 1 1 1 1 1 1 1 1 0 0 2 1 1 1
62 75 79 84 84 82 86 81 81 71 87 67 42 56 50 51 56 59 63 70 32 18 25 15 13 8 3 4 11 12 13 25 19 7 22 18 23 22 33 22 35 21 30 29 30 25 16 13 10 13 21 49 59 55 46 19 23 18 8 10 5 1 1 1 1 1 2 1 1 1 1 1 1 2 3 3 5 3 4 2 2 3 2 3 2 6 2 1 2 2 1 1 2 1 1 2
78 83 84 74 84 82 87 74 72 54 65 16 27 20 27 37 39 29 31 54 30 12 5 5 8 12 12 9 15 6 36 45 43 30 40 42 38 31 36 36 35 36 35 33 45 30 33 18 8 34 36 40 58 44 32 26 49 27 20 32 19 11 10 9 8 7 13 7 4 4 4 4 7 7 7 4 8 7 7 6 6 6 4 4 10 5 3 2 3 1 2 1 3 1 5 5
24 34 56 50 70 66 77 73 36 8 4 5 12 7 7 7 8 15 31 47 28 8 10 17 9 10 36 26 39 29 40 44 45 42 42 63 52 29 51 46 43 55 50 48 36 32 36 26 20 28 44 43 58 69 51 52 38 29 36 35 27 28 25 27 24 18 25 17 12 6 10 12 10 11 18 10 10 17 10 14 14 7 10 9 19 6 4 4 4 3 3 2 5 6 7 12
30 19 12 12 8 8 25 29 26 9 5 7 12 11 4 2 2 3 14 21 12 7 35 11 25 38 50 41 56 42 40 37 56 49 34 53 51 32 47 53 44 60 40 37 37 40 54 38 24 29 49 49 30 77 58 69 39 42 50 37 48 34 28 27 27 15 31 17 9 13 14 15 23 13 22 13 13 24 22 20 12 11 18 14 13 8 6 6 5 5 5 5 18 11 8 7
50 64 51 23 20 15 4 10 14 5 10 11 9 4 2 3 1 7 6 10 20 40 48 25 47 43 52 50 41 19 7 20 44 43 36 48 34 39 50 58 61 40 44 39 37 58 47 30 42 38 55 65 45 78 75 42 69 62 55 36 46 38 51 45 29 30 24 21 18 10 19 28 29 19 29 28 20 32 18 23 17 26 27 34 18 9 4 12 8 8 11 14 18 7 20 10
60 44 39 26 15 11 11 11 21 23 24 22 13 4 4 10 11 14 18 30 59 62 61 38 47 37 38 48 48 41 26 20 43 37 49 37 32 42 40 54 26 21 48 52 42 75 48 49 58 33 66 43 76 78 52 61 76 63 40 54 39 52 48 34 21 35 30 26 13 25 42 47 41 24 35 37 39 40 23 19 24 33 31 22 15 7 6 18 13 7 23 26 25 8 5 31
34 47 51 38 37 21 36 30 40 43 42 49 31 20 16 25 15 23 39 48 61 47 26 45 59 41 24 34 49 47 36 23 34 44 26 55 37 65 49 35 40 27 54 38 33 78 59 59 45 36 51 76 74 60 55 50 65 73 44 58 56 63 50 27 50 44 46 28 12 31 44 70 52 36 43 48 51 34 27 19 34 60 49 36 27 10 22 41 24 9 19 44 41 16 7 30
63 67 37 39 24 36 49 41 39 57 51 51 42 38 39 32 34 44 47 51 60 48 46 57 45 31 33 50 38 48 27 40 26 21 51 57 59 45 48 34 36 21 55 20 17 57 61 62 39 47 58 46 76 26 20 16 40 64 37 66 74 59 51 70 53 51 29 13 19 52 58 80 66 46 52 64 75 45 44 23 45 71 44 27 20 16 36 54 34 17 12 62 72 38 20 31
39 51 33 51 37 48 52 53 52 49 64 56 46 43 63 31 36 51 48 49 61 58 37 59 43 44 50 43 42 56 28 47 29 28 30 59 28 40 30 47 36 36 44 26 48 45 75 59 28 44 62 59 59 38 32 22 30 41 31 74 78 68 67 70 30 47 18 16 24 59 72 77 74 56 64 73 82 41 52 25 53 82 54 25 20 26 49 67 46 27 19 56 69 53 16 38
34 47 63 45 31 41 55 43 40 45 67 52 43 57 42 39 27 49 59 40 39 50 57 56 42 41 34 30 30 77 34 54 31 35 41 61 51 39 27 37 27 44 37 29 45 41 57 33 38 27 43 79 63 49 33 35 63 33 38 69 61 65 84 47 55 46 29 30 45 47 76 77 78 49 58 76 64 40 65 33 44 74 61 49 30 33 60 74 53 36 26 43 67 43 32 45
24 25 45 25 20 18 42 37 26 37 39 39 35 47 41 36 39 38 50 44 36 23 37 53 50 43 50 30 25 37 51 68 33 26 44 65 39 22 25 39 28 45 33 31 39 46 44 32 29 30 30 63 25 32 41 37 57 27 50 58 49 69 39 53 75 40 35 36 59 48 67 85 65 39 62 78 66 47 70 43 51 74 51 48 48 35 36 73 74 44 28 49 69 49 35 49
8 21 13 13 17 18 34 42 20 40 36 45 45 33 30 43 34 33 37 45 26 21 21 48 51 38 52 20 26 49 44 55 21 28 46 35 27 38 29 46 53 23 29 51 46 30 21 59 28 24 21 42 15 25 31 57 54 65 55 33 29 22 43 75 38 46 58 34 45 55 51 76 39 37 59 76 50 50 64 32 64 69 48 52 53 56 26 35 78 45 37 45 71 63 53 45
5 6 9 10 21 9 14 14 21 30 26 43 33 28 31 32 28 24 23 31 35 18 43 36 48 43 39 35 9 27 52 62 9 20 27 57 24 13 20 25 55 30 26 17 22 30 32 8 25 35 29 48 41 24 40 43 73 60 44 67 52 30 61 40 58 66 34 37 43 62 37 71 31 36 49 71 42 65 65 33 50 52 40 67 67 64 39 34 76 59 38 53 60 45 54 43
2 3 7 10 16 5 17 14 19 26 30 47 28 17 20 28 32 41 23 10 13 11 51 9 26 41 36 26 11 24 26 26 5 6 39 10 7 6 33 10 46 25 29 19 26 27 25 60 70 82 75 58 62 56 39 57 65 45 48 53 42 47 56 29 63 36 41 43 49 69 36 56 38 56 28 48 36 61 46 37 61 39 40 56 71 39 52 34 51 45 53 41 71 75 76 64
3 2 9 3 4 21 4 6 13 19 29 32 17 28 10 32 9 29 22 10 7 18 26 19 25 33 30 36 8 8 6 16 21 24 13 9 18 22 29 23 27 27 35 53 31 71 45 82 59 67 48 49 57 77 79 67 65 27 35 63 46 45 20 29 58 43 42 47 57 68 70 60 63 54 39 72 36 70 35 34 74 33 69 62 70 47 59 46 43 66 62 72 71 76 80 89
1 2 1 1 2 6 19 4 11 8 6 10 6 15 10 19 12 24 21 24 15 22 21 33 9 12 20 15 23 27 8 4 11 13 50 60 43 42 66 83 63 65 61 84 62 47 77 81 40 68 54 44 55 76 73 59 66 70 59 79 63 69 69 49 52 57 63 57 47 49 65 69 59 80 85 81 80 90 85 66 69 75 77 74 40 86 86 73 68 38 56 46 58 79 61 65
1 1 2 4 13 32 7 5 2 0 1 3 5 17 16 16 14 28 14 14 19 19 18 34 23 13 7 6 8 8 6 11 13 3 8 51 63 19 28 71 70 71 51 80 87 46 50 61 69 64 73 26 36 76 79 46 85 79 91 86 52 70 58 65 58 71 59 75 78 23 35 73 73 41 70 81 59 79 61 86 53 70 81 72 50 83 77 63 88 80 65 38 51 67 48 36
0 0 2 0 1 2 1 1 0 4 5 5 18 14 7 16 6 19 8 10 17 12 20 26 18 13 4 6 16 21 12 2 6 6 5 14 23 11 14 48 62 34 71 86 74 32 49 36 53 53 69 33 38 63 61 75 67 61 77 84 55 21 38 74 74 78 73 66 64 72 26 64 82 42 67 83 34 26 36 86 80 55 49 57 69 72 73 78 88 77 49 69 33 28 62 67
1 1 1 0 1 3 4 1 0 3 4 8 5 9 5 12 9 12 7 7 6 14 17 9 15 15 2 3 6 12 9 5 13 4 6 5 10 44 23 59 33 55 45 48 83 62 38 24 46 45 56 60 32 70 72 89 52 77 91 90 76 21 54 63 67 83 74 80 55 81 45 36 72 43 66 84 53 41 30 74 66 71 19 19 33 68 79 71 79 67 28 76 48 33 46 60
1 1 0 1 0 1 3 3 2 2 5 10 7 4 10 16 8 10 4 5 11 11 6 6 7 6 1 3 4 11 10 7 6 6 8 13 11 16 50 81 47 64 43 66 68 74 42 39 60 51 84 85 52 69 87 92 64 87 91 83 78 44 77 81 65 57 47 38 59 84 50 30 54 31 69 73 87 46 52 83 62 74 67 29 26 44 65 59 59 41 63 89 48 28 17 16
0 1 0 0 3 1 1 4 1 1 5 5 4 5 6 13 16 7 5 9 3 5 4 3 6 10 3 5 15 18 28 17 15 20 29 31 21 28 63 59 61 30 26 71 75 52 32 28 42 55 76 71 72 52 77 90 68 74 83 79 84 76 77 88 46 51 61 37 63 76 73 48 16 34 80 76 81 72 44 85 45 62 76 48 26 22 53 44 47 21 74 88 66 43 41 14
8 0 0 0 1 0 1 1 2 3 7 5 1 3 4 8 8 3 3 4 6 3 3 2 4 7 8 27 53 11 13 11 43 35 32 32 14 31 46 47 74 39 57 35 85 41 45 38 22 42 68 68 51 29 31 67 69 78 84 82 91 78 79 79 78 56 60 46 50 59 82 61 31 28 66 75 83 81 58 69 62 57 64 78 43 24 15 17 17 31 69 52 79 47 39 19
1 1 2 1 1 0 1 1 0 1 3 3 1 1 7 4 2 3 3 4 7 4 3 6 1 3 2 5 23 11 10 41 25 26 54 36 20 11 5 27 28 20 7 7 36 34 70 60 24 15 38 19 31 17 14 23 23 60 65 65 72 73 66 64 88 53 53 44 14 68 93 47 31 26 67 58 56 66 38 48 52 20 63 79 63 37 9 10 12 22 13 36 84 46 26 26
0 1 3 5 10 0 1 0 1 1 2 0 0 0 3 1 1 3 3 2 7 4 4 7 17 39 11 9 11 12 18 20 45 50 40 32 28 35 16 8 14 35 17 9 16 23 33 44 42 16 19 15 31 18 21 38 28 17 28 47 47 22 30 64 91 74 41 40 49 73 88 55 23 15 28 40 60 45 55 59 48 14 44 64 77 26 15 7 27 32 18 36 89 60 51 48
1 2 1 6 6 10 3 1 6 1 4 0 0 0 1 1 1 1 2 6 1 17 6 8 28 45 30 7 7 25 25 18 36 45 22 11 37 38 15 14 16 47 29 17 26 22 23 18 18 9 17 41 49 44 38 36 26 20 16 12 4 2 12 74 78 77 52 24 29 67 78 73 63 26 16 36 51 36 35 22 44 29 19 65 73 53 18 9 26 21 43 79 81 84 61 50
3 7 11 3 4 9 19 1 1 1 2 15 2 1 2 1 0 2 1 0 1 2 2 4 17 32 17 36 35 48 22 17 42 25 37 38 28 43 22 31 25 38 41 25 13 39 23 27 18 7 14 49 59 67 61 54 40 35 31 25 31 27 27 48 49 62 51 18 9 35 37 73 75 33 14 37 49 32 18 27 54 25 15 14 67 74 18 7 27 39 39 65 41 79 40 20
0 1 1 7 9 9 4 1 3 3 17 19 18 6 9 10 1 2 1 1 1 1 4 3 8 9 21 37 40 28 19 22 15 8 43 43 17 19 29 48 35 44 36 27 10 17 50 38 25 14 12 30 67 69 69 68 52 53 47 45 68 71 76 63 50 48 39 24 8 6 28 42 79 56 48 15 30 35 16 3 12 19 20 33 51 75 31 12 6 19 24 22 69 74 87 46
0 0 1 8 23 21 53 5 14 4 8 3 18 20 12 6 6 0 0 1 2 4 2 4 12 7 14 20 17 13 9 30 45 32 49 33 28 38 55 29 49 46 26 32 39 39 50 50 34 24 12 15 33 58 55 66 65 63 43 34 26 40 46 48 61 57 61 49 29 2 8 39 47 54 47 37 20 9 12 11 31 21 9 15 14 54 49 10 4 9 15 20 16 56 54 62
18 8 3 3 2 25 11 3 4 28 8 9 3 5 3 2 7 1 1 1 1 1 3 12 22 5 15 24 22 29 30 62 40 23 28 37 25 27 20 8 16 46 62 42 59 48 41 36 36 36 30 12 8 10 36 37 35 53 57 47 40 36 24 26 28 46 53 55 53 42 27 50 42 60 27 27 20 11 18 11 9 8 5 21 16 48 61 9 3 13 20 14 15 19 55 64
16 21 17 4 3 19 42 27 6 8 9 6 1 4 2 2 3 6 1 3 3 5 4 16 10 13 5 8 9 8 5 10 11 29 24 25 28 31 35 33 21 8 18 62 62 71 61 46 41 20 27 25 14 6 11 18 15 12 22 25 30 41 42 30 14 15 36 48 47 32 40 60 38 64 44 25 23 24 12 6 6 12 5 9 15 10 45 14 2 6 16 18 7 5 49 62
6 7 58 27 8 22 10 42 31 19 23 4 2 10 5 13 8 9 3 4 2 5 10 9 8 9 12 39 24 14 20 35 23 29 32 50 49 52 47 51 52 40 21 13 11 50 58 53 35 23 16 23 14 6 2 2 2 3 2 3 5 14 12 17 19 8 8 14 15 15 36 35 35 29 29 29 37 28 14 14 12 9 4 5 19 29 16 24 4 1 10 15 9 28 70 21
5 6 23 11 10 9 2 1 52 70 68 57 6 15 8 4 2 17 4 6 4 4 7 6 22 8 23 32 18 23 38 45 25 32 40 49 45 52 48 49 52 43 57 47 42 23 11 8 26 26 31 9 7 4 7 10 10 10 9 8 7 2 1 2 3 2 2 1 2 7 12 21 16 14 10 8 7 21 18 13 9 4 12 10 10 17 13 26 12 2 2 11 32 67 31 62
11 9 16 56 33 10 10 6 5 71 11 12 17 10 12 12 12 1 5 9 1 1 1 8 13 10 10 11 10 12 11 12 27 34 34 38 56 63 47 57 62 63 58 56 56 40 32 29 16 8 6 4 5 14 18 29 28 27 21 28 8 2 2 7 8 12 5 5 1 1 2 8 6 4 4 4 4 8 12 19 15 4 3 3 4 4 10 17 22 4 2 10 65 30 31 39
17 11 18 31 21 30 42 8 2 3 2 2 4 7 9 44 6 10 9 12 3 2 3 4 3 4 12 11 21 13 12 15 21 31 45 49 48 49 44 64 60 47 41 41 46 32 29 39 28 23 25 23 24 40 38 36 49 46 44 29 11 8 9 17 15 9 12 5 1 2 2 1 0 0 1 1 2 2 1 2 3 2 2 1 1 1 5 10 9 5 2 31 29 12 44 36
34 19 10 4 28 28 68 45 33 29 18 9 4 5 29 15 52 42 17 13 28 13 12 2 1 3 7 9 5 8 8 24 37 19 7 21 52 53 32 29 41 49 37 28 38 28 37 38 41 36 41 27 29 46 57 57 55 55 57 43 18 19 28 25 32 31 27 16 6 4 1 1 0 1 1 2 7 4 2 2 1 1 0 1 1 1 2 3 10 11 3 37 5 3 29 38
32 28 22 34 25 37 26 18 19 57 20 36 7 15 27 48 71 52 23 19 35 7 8 12 8 6 9 2 5 6 29 7 8 10 20 24 49 66 58 59 57 45 54 44 48 39 44 45 47 29 57 49 47 43 58 61 77 73 67 46 18 42 38 50 48 59 43 28 18 7 4 4 4 6 8 14 19 11 5 5 9 9 4 1 2 1 0 1 3 11 6 26 3 3 26 55
34 33 10 8 31 25 62 52 32 31 46 58 36 17 35 75 72 44 22 42 8 26 5 9 6 3 1 13 2 10 7 3 3 27 19 25 34 49 58 57 58 40 41 45 45 48 51 64 53 40 48 64 48 50 66 75 80 68 50 38 35 49 60 60 59 73 58 38 23 10 16 16 15 22 21 23 34 20 17 16 16 13 6 10 8 3 2 0 1 3 3 4 4 2 8 17
30 39 29 10 44 50 60 51 78 57 42 21 12 52 65 59 51 33 28 72 13 48 9 12 10 6 6 16 18 3 5 6 9 25 26 34 42 63 44 61 63 48 24 46 45 44 55 71 63 37 38 67 63 53 66 80 76 60 43 32 35 67 64 65 78 71 54 42 18 14 24 23 25 37 36 49 48 46 28 29 40 25 20 27 15 11 4 1 0 2 2 4 3 1 3 6
30 9 29 13 6 52 36 27 44 65 56 45 9 37 71 51 11 19 52 69 13 64 15 11 34 26 5 18 23 34 9 3 8 10 27 20 16 19 32 27 54 37 47 45 48 32 65 47 69 38 71 61 60 49 75 85 64 58 39 51 52 65 61 74 80 71 57 50 23 37 49 50 28 48 63 58 59 48 39 44 54 42 33 34 10 5 2 1 1 0 1 2 2 0 2 1
25 25 17 29 8 18 59 70 70 50 27 30 13 25 50 62 27 48 82 58 24 64 22 14 12 24 14 35 30 8 25 38 12 11 13 21 7 19 14 33 40 34 36 55 42 43 48 55 36 40 84 38 60 50 82 60 55 60 38 48 48 61 72 80 65 71 56 39 32 49 60 60 36 61 58 71 73 58 49 54 70 50 47 17 6 6 5 5 3 1 0 0 1 1 0 1
40 22 28 22 27 25 36 53 46 57 59 33 61 19 10 6 48 88 79 50 53 45 38 44 47 22 10 26 31 30 27 7 9 5 10 3 6 12 14 47 22 39 46 44 28 36 37 45 55 60 35 28 59 76 50 62 48 36 42 41 40 58 82 69 69 53 37 39 54 68 66 66 55 65 48 52 66 43 54 60 73 35 16 13 15 16 22 9 5 1 1 0 0 0 0 0
37 34 27 25 57 36 60 79 47 43 41 55 65 66 10 4 19 27 23 11 32 59 48 25 18 25 20 24 22 18 7 1 6 12 1 6 10 11 22 22 20 16 44 14 17 15 22 50 17 17 23 33 46 64 49 42 23 31 54 53 42 77 72 71 62 65 46 42 53 70 67 54 56 66 52 27 76 58 61 76 42 38 28 27 50 47 21 9 6 4 1 1 1 0 0 0
