sesion_6_simulaciones/modelos_agentes/ejemplos_netlogo/scenarios/echam4_a2/rob_2036.asc
NCOLS 322 
NROWS 307 
XLLCORNER 451900 
YLLCORNER 4086900 
CELLSIZE 100 
NODATA_value -9999 
[rows 74 to 147 of 307, columns 0 to 95 of 322]
0 0 0 0 0 0 0 0 0 0 0 0 0 0 1 0 0 0 0 0 0 0 0 0 0 0 0 0 1 0 1 1 2 3 3 8 13 13 10 8 3 7 3 1 1 0 2 3 2 4 2 4 2 1 4 2 2 3 3 4 3 11 9 11 4 3 3 7 10 15 27 16 10 5 29 62 33 36 49 68 74 33 49 59 62 25 14 11 19 14 15 18 13 13 23 18
0 0 0 0 0 0 0 0 0 0 0 0 0 0 0 0 0 0 0 0 0 0 0 0 0 0 0 0 0 0 0 0 1 2 9 16 8 8 27 19 4 8 8 5 2 0 2 3 2 2 3 3 3 2 3 3 1 2 1 2 2 4 16 21 7 9 18 13 11 5 8 17 17 12 20 68 34 16 13 51 51 46 47 35 16 45 43 18 17 13 18 30 29 20 14 55
0 0 0 0 0 0 0 0 0 0 0 0 0 0 0 0 0 0 0 0 0 0 0 0 0 0 0 0 0 0 0 0 0 1 3 11 11 21 15 9 9 28 9 4 4 2 2 2 1 3 6 2 3 2 3 1 8 3 1 1 2 15 9 18 20 18 25 24 31 18 15 7 6 6 17 67 75 33 20 15 41 48 33 15 15 62 58 52 42 13 9 7 34 41 30 42
0 0 0 0 0 0 0 0 0 0 0 0 0 0 0 0 0 0 0 0 0 0 0 0 0 0 0 0 0 0 0 0 0 0 4 3 5 7 4 4 31 8 9 7 11 14 4 1 2 5 4 3 4 3 5 2 2 3 1 3 7 11 10 23 13 20 27 29 32 34 32 31 30 23 12 22 52 43 32 12 39 62 21 13 46 67 22 61 49 32 15 33 48 47 41 29
0 0 0 0 0 0 0 0 0 0 0 0 0 0 0 0 0 0 0 0 0 0 1 0 0 0 0 0 0 0 1 1 1 2 3 4 2 4 7 14 11 22 8 11 13 35 12 9 13 7 7 3 4 3 2 1 3 3 6 9 7 5 7 4 13 21 24 39 36 31 33 46 32 31 16 6 7 21 25 16 26 28 22 25 56 27 21 13 14 38 28 35 27 36 40 40
0 0 0 0 0 0 0 0 0 0 0 0 0 0 0 0 0 0 0 0 0 0 0 0 0 0 0 0 0 1 1 2 9 20 28 25 14 4 13 16 17 33 20 5 6 9 26 30 46 46 32 17 9 8 5 3 2 4 9 9 3 4 4 4 4 9 8 5 11 31 38 33 33 36 26 21 13 23 9 7 20 27 23 36 53 24 37 26 14 29 34 54 70 60 48 49
0 0 0 0 0 0 0 0 0 0 0 0 0 0 0 0 0 0 0 0 0 0 0 0 0 0 0 0 0 1 1 1 1 10 37 52 15 6 8 25 21 15 32 20 6 6 12 30 62 69 80 81 69 25 18 10 8 10 6 8 7 5 4 2 9 10 7 12 13 27 39 29 36 39 36 20 19 9 6 1 10 25 25 36 38 35 18 18 19 25 63 63 68 41 43 63
0 0 0 0 0 0 0 0 0 0 0 0 0 0 0 0 0 0 0 0 0 0 1 8 1 0 0 0 0 2 1 1 1 2 4 25 19 8 6 17 32 56 22 40 31 14 10 4 3 9 26 39 56 69 52 25 12 6 8 6 4 8 4 18 3 2 5 5 7 16 16 43 36 40 42 26 8 1 4 3 7 14 15 39 22 33 46 46 27 21 15 11 33 24 30 43
0 0 0 0 0 0 0 0 0 0 0 0 0 0 0 0 0 0 0 6 7 9 16 5 18 5 1 0 0 0 1 3 3 7 8 4 3 3 2 11 14 12 17 38 22 17 21 13 5 1 1 2 7 30 29 58 32 16 7 33 41 20 13 5 23 13 5 9 3 3 16 29 47 34 23 24 15 10 10 20 8 6 22 51 21 43 47 46 43 46 29 14 12 27 53 65
0 0 0 0 0 0 0 0 0 0 0 0 0 0 0 0 1 6 10 14 1 5 2 0 1 1 1 0 1 2 1 2 2 2 5 7 4 3 9 14 32 37 13 9 6 7 8 6 1 4 4 2 10 6 7 17 33 25 51 46 14 7 7 10 21 6 6 10 12 11 50 43 45 30 25 29 32 39 24 12 19 15 43 51 31 62 62 84 63 62 62 49 14 10 12 12
0 0 0 1 0 0 0 0 0 0 0 0 0 0 0 1 1 4 1 2 2 1 1 0 0 1 1 2 7 5 9 1 2 5 13 8 3 10 12 14 25 38 36 25 2 1 3 4 3 2 2 13 37 22 19 15 10 32 64 19 14 11 6 6 12 9 14 10 29 39 32 34 33 28 29 29 34 29 38 11 16 13 21 20 32 68 31 53 61 76 47 54 51 27 17 12
0 0 0 0 0 0 0 0 0 0 0 0 0 0 1 1 1 1 0 0 1 3 0 0 0 0 2 0 0 0 1 1 2 8 6 9 3 27 15 19 33 31 43 37 18 20 28 20 25 28 20 26 37 31 21 14 22 26 16 19 18 27 21 11 8 4 4 29 27 18 27 21 52 25 21 49 35 30 30 20 16 10 11 26 7 46 36 66 64 77 80 81 63 38 20 14
0 0 0 1 0 0 0 0 0 0 0 0 0 0 0 0 0 0 0 0 1 0 0 1 2 1 1 0 0 0 1 1 3 4 4 6 4 13 12 28 37 20 40 27 17 24 31 21 17 27 30 14 21 25 21 22 35 14 19 27 38 22 10 8 8 9 9 5 9 15 9 23 11 8 47 35 24 28 54 33 34 16 9 17 32 39 38 34 66 61 52 49 69 28 20 14
0 0 0 0 0 1 0 0 0 0 0 0 0 0 0 0 0 0 1 1 0 2 1 5 6 4 5 13 7 2 1 1 2 1 2 1 5 9 11 20 30 13 7 12 12 19 33 5 14 21 18 23 23 36 27 19 22 11 20 22 32 11 13 7 11 13 29 38 35 21 26 16 17 13 11 10 38 48 17 28 28 19 17 12 16 18 29 42 51 59 12 29 43 45 18 12
0 0 1 0 1 0 0 0 0 0 0 0 0 0 1 0 0 1 1 1 2 1 2 2 19 15 13 15 5 18 13 9 5 1 1 2 2 8 6 13 9 5 17 10 23 29 35 10 18 33 14 12 21 40 28 9 17 10 19 28 15 2 2 6 20 7 4 16 40 16 24 21 14 17 24 15 17 24 20 16 10 15 27 23 13 13 10 8 18 19 9 29 14 39 28 17
0 0 0 0 0 0 0 0 0 0 0 0 0 0 0 1 0 2 1 1 3 1 1 9 12 26 26 22 13 15 14 19 5 14 7 5 1 1 3 1 2 6 8 10 14 17 21 6 8 21 8 19 7 31 38 7 16 8 41 14 10 10 11 20 18 5 3 2 54 21 24 15 14 12 14 33 34 50 46 43 55 35 18 12 31 35 29 23 8 5 11 23 27 9 19 13
0 0 1 0 0 0 0 0 0 0 0 0 0 0 0 2 3 0 1 2 1 0 9 20 40 5 35 33 12 22 21 21 13 26 10 18 16 6 1 0 2 4 4 2 10 22 6 9 10 11 9 23 15 33 2 20 32 14 20 5 4 18 24 14 9 8 5 4 16 72 62 35 17 46 43 43 69 59 22 31 52 43 54 48 41 40 35 31 20 8 4 15 15 7 4 2
0 0 0 0 0 0 0 0 0 0 0 0 0 3 1 1 2 6 2 2 4 2 1 15 32 12 6 48 49 16 7 39 18 34 31 52 20 9 11 2 6 7 8 1 1 3 5 4 6 8 39 50 59 38 51 16 5 18 4 2 3 17 10 4 3 4 26 24 9 8 35 30 71 89 70 50 28 23 68 36 9 36 53 43 32 33 34 27 20 7 5 5 3 2 3 8
0 0 0 0 0 0 0 0 0 0 0 0 0 0 0 6 7 6 5 2 2 2 1 16 5 21 25 36 73 38 5 5 5 10 13 31 19 24 39 17 9 3 16 26 24 25 25 9 19 53 73 50 20 25 53 63 32 7 10 10 6 15 7 6 8 10 8 8 21 10 11 14 9 14 11 58 30 29 18 35 48 18 23 55 36 33 32 22 20 18 9 2 6 13 6 9
0 0 0 0 0 0 0 0 0 0 0 0 0 1 1 0 6 12 29 13 1 21 5 3 2 8 5 2 23 26 51 13 3 3 19 6 14 45 17 10 27 7 14 35 52 35 25 41 55 56 78 72 37 69 62 75 41 55 36 29 16 21 4 6 5 8 3 12 10 6 6 3 9 9 8 21 18 25 19 20 32 52 27 31 34 30 13 17 8 4 10 14 19 3 2 3
1 0 0 0 0 0 0 0 0 0 0 0 1 3 1 2 1 15 5 11 6 8 6 7 2 17 6 5 2 31 69 36 8 6 7 22 10 23 55 14 49 5 17 60 58 52 47 72 67 85 83 71 62 90 80 82 63 67 60 20 22 20 3 6 4 9 19 41 22 16 9 27 31 24 18 10 13 28 33 24 14 13 37 36 26 12 13 6 6 17 23 14 22 18 9 4
1 0 0 0 0 0 0 0 0 0 0 0 1 1 3 1 3 3 6 7 10 17 3 7 5 12 14 4 3 11 45 55 29 19 5 12 2 10 52 14 42 10 23 53 54 56 76 80 77 87 84 50 71 68 70 65 61 76 19 13 36 14 9 8 10 8 15 28 28 17 57 19 8 14 16 26 60 57 55 40 31 21 20 25 13 7 17 15 15 22 37 26 14 8 10 8
1 0 0 0 0 0 0 0 0 0 0 1 2 2 1 2 5 2 2 3 4 7 3 8 18 7 22 14 10 3 32 64 8 8 11 13 3 34 58 51 61 55 30 41 61 72 89 85 66 85 66 21 49 14 29 63 77 68 32 64 58 49 20 6 7 9 15 16 17 47 15 26 33 13 18 47 37 25 49 56 54 24 10 8 6 11 20 39 37 36 35 35 16 15 13 21
1 1 0 0 0 0 0 0 0 0 1 1 12 3 1 2 2 3 7 5 2 1 5 23 33 35 18 28 16 8 34 60 11 8 30 28 8 28 17 52 70 87 52 54 60 64 88 84 42 63 21 31 17 8 3 6 56 74 75 73 48 67 13 10 38 52 15 5 16 16 24 44 18 49 52 15 36 59 45 59 45 45 40 16 24 29 42 45 54 35 52 44 32 33 28 37
2 4 0 0 0 0 0 0 0 0 0 0 6 18 3 7 3 8 12 14 18 9 12 19 23 33 31 48 32 30 16 39 17 18 21 10 14 39 19 28 40 78 68 70 61 62 87 92 81 66 36 18 5 5 2 4 7 5 80 69 66 22 9 39 21 33 26 12 11 9 35 29 53 37 27 17 20 13 38 45 61 63 42 28 34 52 46 42 59 29 74 33 38 35 25 29
0 11 5 0 0 0 0 0 0 0 1 2 2 3 16 19 3 6 19 17 20 14 21 45 51 58 57 49 46 50 8 31 49 31 23 17 16 22 12 5 14 71 23 32 29 34 79 82 74 43 30 34 25 23 10 15 5 17 11 12 15 17 32 42 34 17 16 8 12 17 18 31 25 23 12 9 13 32 40 55 58 61 40 40 33 45 54 28 55 45 75 48 45 23 32 42
0 0 7 2 0 0 0 0 0 0 0 2 3 2 13 3 33 8 6 8 14 10 4 6 12 28 36 19 47 49 26 58 76 56 26 50 25 28 24 8 45 64 58 34 38 39 17 41 59 16 30 41 34 28 42 26 13 35 21 35 24 13 31 39 26 15 16 9 22 10 5 7 34 33 27 23 33 43 42 50 46 56 48 44 44 38 49 41 70 71 22 45 52 48 49 32
0 0 0 1 1 0 0 0 0 0 1 1 3 1 1 7 9 37 11 12 6 20 18 20 35 42 40 23 10 12 14 60 57 41 60 65 75 65 20 17 53 46 82 63 56 45 42 15 8 17 44 44 36 33 21 41 43 31 27 25 36 29 45 39 23 15 11 18 27 7 4 10 13 22 26 45 39 45 45 48 45 42 36 50 52 37 38 42 59 10 29 45 35 14 8 21
0 0 0 1 2 0 1 0 0 0 0 2 3 4 7 7 5 6 11 14 22 35 30 35 45 65 46 47 34 16 9 6 45 65 67 36 84 67 45 68 73 31 75 51 81 76 40 19 14 9 28 43 37 33 45 25 48 39 39 26 43 48 69 66 33 13 8 6 17 5 5 7 5 7 6 35 31 33 39 39 42 35 39 50 26 54 45 66 30 22 41 42 42 27 23 36
0 0 0 2 3 0 1 0 0 0 1 2 7 6 3 4 4 10 10 11 26 30 60 50 53 45 68 52 25 27 23 20 10 41 59 21 29 23 74 53 48 18 79 47 27 12 32 23 30 18 27 44 54 47 40 25 18 27 7 14 30 23 47 47 5 13 14 5 12 13 22 18 8 17 20 8 31 33 36 36 27 52 23 10 29 63 35 60 26 12 21 25 28 25 37 42
0 0 0 2 2 2 1 0 0 0 1 1 2 2 14 15 9 6 5 7 9 21 61 65 34 30 35 41 48 46 34 37 23 9 8 27 13 25 77 25 20 32 59 26 26 20 40 30 30 23 13 31 38 44 31 23 20 20 11 16 15 13 14 9 12 14 12 8 10 22 24 7 21 25 19 18 38 35 34 29 62 21 21 31 34 49 38 30 31 6 7 23 26 41 43 58
0 0 0 1 2 2 1 0 0 1 1 1 1 2 4 4 17 18 32 35 22 29 26 20 11 5 20 38 46 35 51 56 21 12 4 7 21 56 40 37 10 61 76 40 39 40 37 44 48 13 18 28 26 28 19 24 22 10 15 6 10 5 11 30 28 12 15 17 21 20 23 16 9 33 15 18 29 23 28 50 28 22 31 21 39 17 37 45 51 24 17 22 36 38 26 56
0 0 0 2 3 2 1 1 1 0 1 1 2 7 6 19 17 25 33 25 25 45 25 18 22 22 8 18 29 20 22 17 12 23 22 25 43 33 50 28 32 40 60 62 54 43 20 24 28 11 10 33 42 50 49 34 22 13 25 44 36 21 15 21 11 6 38 35 18 16 12 66 49 27 23 13 14 17 20 39 16 26 27 10 27 24 38 50 33 51 35 43 34 50 44 52
0 0 0 0 8 6 2 0 0 0 1 4 5 33 18 52 27 13 24 40 42 41 48 28 20 22 20 13 22 22 13 14 22 32 36 39 16 21 29 32 28 10 18 41 47 28 7 12 12 13 20 25 22 23 20 20 24 10 49 50 32 33 9 9 16 11 36 81 72 49 36 28 60 72 36 19 20 22 37 24 5 36 12 22 24 42 18 20 23 35 52 43 69 47 25 30
0 0 0 0 2 3 2 1 0 1 0 3 3 7 32 31 42 50 36 42 35 25 44 24 13 13 8 6 5 7 16 18 30 31 18 36 34 31 27 20 8 17 34 11 45 37 29 26 21 10 10 11 12 39 31 31 26 9 14 17 19 17 35 20 30 35 22 63 71 66 16 32 37 23 63 49 18 21 23 19 32 41 16 66 42 34 33 41 33 40 55 62 34 31 29 15
0 0 0 0 0 7 10 1 1 1 1 2 2 4 4 5 3 7 22 36 35 34 46 53 31 21 26 20 11 7 12 4 9 16 17 28 31 21 30 12 7 25 15 19 45 30 32 25 25 14 12 12 14 32 48 8 15 15 30 28 22 47 40 50 57 34 41 28 65 45 52 24 23 26 28 49 39 45 36 43 21 33 36 54 43 52 47 24 32 78 48 26 45 34 39 35
0 0 0 0 0 1 3 0 1 0 1 1 7 6 18 16 8 4 12 32 40 61 67 68 62 26 17 8 4 6 7 2 2 4 9 10 18 21 15 17 18 24 9 33 8 5 13 16 19 17 22 26 15 30 24 24 20 34 40 15 37 37 23 26 83 47 41 23 11 62 73 36 44 20 51 65 57 76 59 51 41 37 20 49 73 54 66 57 55 67 62 38 53 55 58 37
0 0 0 0 0 0 3 1 0 1 0 5 3 6 19 12 10 29 15 47 76 56 33 44 51 28 22 21 9 1 7 8 13 7 3 8 22 22 5 13 31 34 32 31 11 7 14 30 33 36 21 45 35 38 28 21 23 13 14 42 28 16 16 24 23 56 34 30 15 31 54 81 71 26 11 50 32 67 20 11 41 74 11 33 13 46 48 79 79 69 81 57 56 58 57 55
0 1 0 0 0 0 2 9 1 1 2 3 2 2 3 10 34 33 27 14 14 50 59 42 42 32 44 52 30 12 11 22 16 16 16 6 7 13 12 16 17 27 26 26 21 18 36 38 27 26 29 22 34 28 26 35 45 55 32 16 37 20 14 51 20 44 51 28 18 16 50 66 68 51 28 36 10 56 34 18 4 41 33 33 35 67 31 40 20 14 53 39 46 77 60 74
0 0 1 0 0 0 2 0 0 1 1 4 9 3 5 16 24 27 28 25 18 6 44 72 56 50 44 46 49 21 20 28 15 17 30 34 12 6 6 13 24 21 13 45 25 26 24 55 55 36 47 21 32 61 77 72 42 31 25 24 27 64 40 13 51 20 49 41 27 8 51 55 48 65 26 37 12 56 70 24 14 55 18 33 32 9 43 31 12 26 78 46 27 65 82 81
1 0 0 1 0 0 3 0 0 0 0 3 6 4 2 8 15 27 31 42 35 31 13 32 39 38 14 17 38 20 16 16 12 9 14 21 15 11 8 17 14 9 9 9 32 35 27 41 30 19 17 46 29 23 21 15 21 14 27 35 27 45 53 23 25 48 9 57 42 14 36 63 46 61 32 31 16 61 27 26 7 72 38 27 40 31 17 31 25 39 65 78 34 34 69 75
1 1 0 0 0 0 2 1 1 0 0 0 3 2 3 6 8 12 37 55 55 34 22 10 8 4 14 9 3 4 15 2 4 10 17 12 15 20 16 11 24 22 27 22 32 37 29 29 20 23 40 47 44 57 32 47 45 35 24 42 20 28 39 40 25 69 39 49 69 29 19 35 64 37 62 27 20 57 42 64 51 58 83 43 37 36 15 44 30 18 45 82 48 24 24 69
5 0 0 0 1 1 2 2 1 1 0 0 0 2 6 5 17 16 29 37 42 29 18 25 13 14 14 6 1 2 7 6 5 7 7 10 19 18 10 19 34 29 26 23 14 25 30 27 25 55 42 62 47 44 43 61 58 49 44 50 39 45 26 42 22 62 53 30 69 52 11 37 53 36 73 34 44 35 43 36 63 39 79 59 22 38 36 64 28 18 19 59 50 26 44 38
2 1 0 0 1 0 1 0 1 1 1 0 2 2 3 5 10 15 22 29 31 30 26 21 34 24 27 15 4 2 3 2 1 7 8 5 17 16 7 7 24 22 16 12 24 17 19 18 14 42 61 60 62 45 27 41 70 40 59 58 58 62 30 14 19 19 40 27 45 59 33 25 26 70 55 46 66 36 48 73 61 35 51 76 34 37 21 20 20 27 26 62 48 53 35 13
8 3 2 1 0 1 0 0 1 0 1 2 1 6 4 4 27 26 56 54 39 61 41 44 20 22 25 24 18 2 1 2 13 10 26 25 18 28 26 21 23 19 18 14 15 13 14 23 20 17 16 27 18 34 53 63 73 35 88 77 30 69 44 49 48 23 14 10 29 47 26 43 26 52 15 46 82 66 43 59 70 65 53 83 30 33 33 19 22 9 31 49 50 25 17 20
3 5 5 2 1 1 1 0 1 0 1 1 1 6 7 8 5 17 16 8 17 8 13 21 36 48 27 27 37 9 3 22 18 21 10 7 17 14 13 39 32 12 21 32 28 25 37 41 23 42 46 22 39 61 53 67 53 67 64 70 33 59 70 46 59 70 65 43 20 52 52 67 58 39 38 51 72 76 58 56 58 63 48 79 74 48 11 13 16 28 41 51 64 32 16 10
1 1 3 3 6 1 2 0 1 0 1 1 0 4 17 21 17 10 26 20 13 24 19 31 55 31 35 38 40 36 15 64 27 10 16 9 31 33 34 43 62 34 43 43 39 46 28 39 31 38 42 30 18 47 27 35 71 75 59 62 67 76 81 72 29 67 63 62 46 29 36 59 19 39 42 51 70 55 73 72 53 36 39 80 72 44 47 13 19 38 28 56 49 48 39 25
4 1 1 1 1 1 1 1 1 2 3 2 1 3 3 3 4 12 7 38 21 28 31 33 33 32 50 36 39 29 31 65 22 27 23 18 26 29 31 50 59 33 37 47 36 44 16 21 44 27 28 38 17 11 12 12 49 63 71 76 72 66 72 85 58 44 57 54 40 21 10 17 29 26 38 55 64 79 62 40 32 24 77 67 71 39 29 28 18 24 33 55 21 13 17 48
19 6 2 1 3 1 1 1 1 4 2 2 5 2 14 2 2 6 10 28 41 43 12 19 24 38 40 20 49 43 57 37 36 42 17 11 15 31 62 59 28 26 32 56 57 42 21 19 17 48 31 28 39 29 15 8 20 22 20 48 40 40 63 77 74 50 25 12 12 18 13 14 18 22 31 32 67 57 45 28 10 19 75 60 71 60 33 30 10 31 41 63 60 50 24 13
4 8 5 2 4 2 1 0 1 1 0 5 2 4 25 2 6 4 18 37 25 17 5 25 14 6 30 15 49 58 52 51 54 28 15 29 38 38 62 45 27 47 29 32 52 23 21 28 13 36 25 18 32 16 29 19 17 27 28 10 21 36 41 53 55 29 22 35 28 39 22 14 17 23 24 13 42 33 36 18 14 6 27 18 38 68 33 39 12 42 60 48 39 36 42 17
5 1 1 3 2 5 1 0 1 1 1 3 3 6 2 17 9 13 9 12 18 5 23 19 17 10 24 19 44 34 36 34 45 19 34 41 47 33 49 39 32 43 32 32 46 23 26 25 19 55 35 26 41 39 32 26 42 41 51 33 22 26 10 19 9 9 26 41 42 42 38 21 17 10 11 12 20 21 19 14 14 9 10 11 25 36 13 30 11 32 56 52 31 19 71 48
3 4 5 2 2 1 1 1 1 1 1 1 4 8 2 32 22 7 14 10 21 9 10 18 17 20 52 36 43 27 39 46 18 34 36 55 40 35 63 24 37 50 26 37 40 56 20 38 20 48 36 39 36 52 27 36 37 50 40 45 44 50 24 20 21 14 37 29 33 21 12 8 32 17 11 5 8 17 12 9 8 5 6 16 21 17 15 21 11 61 67 69 67 26 8 18
1 3 3 4 2 3 2 1 0 1 3 2 15 19 12 2 17 12 8 18 23 11 18 36 26 24 51 26 18 12 17 24 32 63 40 32 39 14 44 24 37 32 40 35 24 30 30 39 48 49 47 47 37 44 41 54 56 38 48 39 58 33 21 41 13 23 25 38 17 13 21 42 33 27 26 27 7 5 11 8 8 10 6 19 10 9 31 9 22 61 56 54 74 39 42 10
7 3 2 4 2 0 1 2 1 1 1 2 1 10 10 3 4 12 6 13 8 9 12 30 25 50 35 28 15 13 25 54 26 34 54 39 27 32 45 17 35 30 16 20 20 40 14 26 26 9 27 14 32 50 58 61 69 55 31 47 37 41 35 26 59 21 28 31 34 58 45 30 16 16 20 24 23 26 25 23 25 25 9 8 8 17 33 19 32 47 21 43 78 56 57 35
8 9 7 7 3 1 0 2 2 3 2 1 1 7 5 7 11 7 8 8 11 12 10 9 14 10 17 24 21 34 28 43 18 29 51 32 23 27 18 28 27 28 20 37 50 34 16 41 61 34 50 39 59 68 60 38 46 57 52 38 46 44 60 46 57 45 41 40 59 16 11 13 16 7 4 6 21 17 26 27 27 19 15 6 5 15 37 13 17 9 15 46 85 46 61 48
1 2 3 7 11 11 4 1 5 13 11 5 4 1 1 11 6 5 20 25 45 38 40 21 40 12 11 23 32 24 30 19 16 31 50 36 24 19 15 22 33 68 40 23 37 39 49 23 56 67 78 58 70 82 67 43 58 45 30 31 30 34 62 40 41 50 44 52 20 19 21 29 44 26 24 16 7 19 30 41 28 6 4 6 4 16 28 15 14 13 18 73 74 34 45 80
2 1 1 5 7 8 15 13 6 4 7 2 1 1 1 3 8 12 18 17 38 63 53 25 25 39 55 45 43 18 61 32 29 26 30 28 16 17 36 31 46 11 36 64 29 52 56 43 34 73 72 78 40 68 61 60 47 64 52 48 45 50 19 46 56 60 60 24 27 27 40 56 40 43 54 28 13 28 35 37 11 6 4 8 5 13 6 6 14 16 36 76 47 62 35 77
8 8 3 3 8 3 4 9 4 6 3 2 2 1 6 2 10 9 25 31 14 53 51 69 74 77 67 68 54 27 44 34 24 31 39 59 47 66 72 59 59 65 47 75 38 50 74 72 27 24 17 70 70 40 65 43 32 79 65 60 33 43 49 55 59 59 44 48 46 55 45 25 37 32 30 23 37 24 14 15 6 4 3 4 4 8 5 5 7 8 17 58 27 46 13 35
6 13 9 5 7 4 1 2 1 1 1 1 1 2 4 2 1 4 34 59 25 9 47 80 61 76 64 77 78 83 72 78 77 80 51 69 18 64 79 53 66 83 47 71 77 44 71 42 78 54 30 81 66 60 62 55 82 82 46 67 39 24 40 41 39 48 37 26 23 30 28 31 20 31 31 40 40 25 4 2 5 2 2 3 1 3 3 7 8 21 35 54 18 20 19 16
4 8 32 3 22 24 7 8 5 4 3 5 6 8 7 3 6 7 6 40 26 7 8 23 23 18 52 68 69 73 72 67 77 70 53 65 73 62 65 75 47 80 78 44 65 58 75 46 70 83 52 58 61 41 30 76 67 65 48 64 59 28 32 30 55 43 45 50 50 50 52 34 41 32 48 41 18 8 5 2 0 1 1 2 2 1 3 5 6 12 30 34 6 9 10 13
11 7 4 24 27 33 20 23 19 13 4 10 15 13 5 6 11 7 20 6 3 3 14 7 9 21 45 39 47 61 66 72 42 58 48 72 69 68 70 72 62 71 66 63 66 66 71 76 28 64 54 29 71 21 43 76 59 24 61 27 33 70 22 23 39 40 54 54 52 45 40 41 48 68 56 35 16 6 1 1 1 1 0 0 1 1 2 2 3 7 15 10 7 3 12 16
3 10 17 16 17 26 8 9 25 6 14 5 11 13 4 11 11 8 21 31 21 18 13 13 11 16 6 10 12 15 13 12 22 29 13 11 16 14 15 18 16 20 17 27 29 22 25 72 56 43 73 28 51 42 47 57 20 18 31 31 65 59 36 27 42 48 52 39 35 58 71 60 61 51 37 25 11 2 1 1 1 1 0 0 1 0 1 1 1 2 5 5 5 2 4 6
16 22 28 19 10 4 7 7 20 4 14 8 7 12 7 12 11 9 16 7 9 28 22 13 27 19 11 15 23 28 19 18 44 37 30 33 20 23 28 32 31 35 47 34 42 29 42 19 21 20 39 37 38 43 43 24 33 48 45 51 60 38 28 36 45 43 50 61 71 70 72 49 23 18 8 6 1 1 1 1 1 1 0 0 0 0 0 0 0 1 1 2 2 1 1 2
41 53 39 11 7 3 5 8 4 9 3 5 2 11 2 6 6 4 5 26 18 6 10 9 17 11 6 27 18 15 26 26 12 10 9 22 17 15 25 17 23 40 40 25 22 32 24 39 29 26 13 12 7 7 12 22 40 41 42 41 20 22 27 42 45 36 33 27 43 56 55 45 21 11 3 3 5 5 7 6 3 1 0 1 1 1 1 0 0 0 0 0 1 2 2 1
11 13 9 25 11 6 4 1 1 3 3 6 4 9 4 6 10 3 2 3 23 24 18 18 11 12 9 14 24 31 17 6 15 10 11 16 17 23 24 28 22 21 25 14 11 11 12 13 24 32 38 48 19 15 19 20 26 31 30 16 16 28 27 51 39 24 31 26 25 24 14 18 17 5 3 8 11 8 2 1 1 1 1 2 4 4 4 2 1 1 0 0 0 0 0 0
15 11 16 4 1 1 3 1 6 1 2 2 1 2 6 2 3 7 9 7 9 33 28 18 19 8 11 22 33 8 7 13 9 19 18 10 12 16 15 16 15 15 30 25 30 23 23 29 39 28 30 32 24 21 26 23 25 23 25 26 6 27 27 34 53 49 46 50 29 19 8 7 2 5 8 14 25 10 3 2 2 3 3 6 6 5 5 6 5 2 2 1 1 1 0 0
27 17 9 6 4 1 1 2 3 0 4 3 1 1 1 2 4 8 9 2 10 21 29 25 24 6 29 41 16 5 11 7 15 12 16 15 15 20 19 21 8 21 26 27 19 27 32 27 24 19 23 13 40 30 50 40 28 23 16 13 17 22 27 20 64 69 36 50 38 27 14 11 5 10 18 23 10 3 5 6 6 10 6 11 13 11 16 9 9 6 5 4 3 2 1 2
12 6 7 4 1 6 19 27 11 5 11 3 0 0 1 1 1 2 2 5 15 17 7 16 19 26 40 53 23 12 17 14 15 32 18 25 21 26 12 13 26 31 23 29 29 40 34 16 33 17 29 35 37 28 46 28 48 14 22 10 31 49 22 55 76 53 49 27 21 17 9 4 6 12 21 16 6 9 10 12 20 17 20 29 27 21 20 13 20 20 9 15 6 3 3 3
5 7 2 2 11 35 24 14 29 37 4 10 3 0 0 1 3 3 3 9 17 12 12 30 19 43 32 7 8 6 11 22 13 20 49 21 22 27 29 34 26 27 23 22 26 22 36 28 25 29 38 35 38 32 40 31 48 32 17 9 16 39 52 64 54 55 30 25 20 8 7 8 12 6 25 10 18 16 31 34 43 29 33 45 39 25 37 33 30 18 16 15 10 7 10 10
2 2 2 4 5 28 32 34 50 33 18 15 24 10 3 2 2 1 7 8 2 3 9 26 12 6 10 12 23 29 20 13 36 13 33 32 33 49 30 31 14 32 13 10 13 22 23 40 37 31 27 52 19 33 45 40 20 16 23 17 6 24 23 27 36 51 36 40 20 4 16 14 21 17 63 28 27 30 44 42 55 40 44 58 38 34 51 61 47 39 23 20 16 26 20 10
2 1 2 9 1 3 2 2 36 39 35 42 35 11 15 9 3 1 3 2 6 3 8 8 10 18 22 22 24 24 19 13 15 24 20 30 20 25 27 40 51 22 27 24 9 12 18 17 29 37 40 38 30 12 45 11 22 38 18 19 8 10 16 12 9 8 19 9 5 16 44 24 32 28 68 33 48 51 67 70 83 73 82 81 73 57 61 59 78 72 38 30 28 26 50 22
1 2 2 1 1 2 4 7 4 15 9 31 27 12 18 20 16 13 13 4 2 6 2 5 10 21 22 8 6 9 7 9 10 14 17 18 17 21 21 37 43 59 31 13 47 34 37 16 28 21 15 30 14 30 27 27 27 18 25 19 11 31 40 24 16 9 8 14 26 28 41 50 35 51 64 64 66 55 66 81 67 64 78 73 72 68 64 62 71 61 49 38 53 60 61 43
3 2 2 8 7 4 30 12 13 2 35 45 18 43 30 33 44 30 16 9 5 4 3 3 11 7 5 4 4 2 3 2 3 5 15 17 8 14 28 40 31 38 44 43 5 33 32 35 35 21 20 35 39 25 11 11 18 34 25 20 14 45 31 20 9 21 19 28 54 53 45 74 59 74 61 72 74 64 72 63 36 59 67 53 30 29 50 24 51 64 47 48 45 47 43 64
17 20 30 15 39 6 3 5 21 13 33 50 33 75 51 46 72 43 20 20 12 13 4 3 4 2 6 4 4 3 5 2 6 14 5 5 14 12 15 11 14 28 39 61 42 24 39 26 33 29 26 18 15 47 61 33 32 27 21 24 34 32 37 17 20 33 50 31 46 63 49 58 65 61 78 47 58 50 66 55 19 26 35 43 23 5 7 15 49 44 46 53 20 24 16 44
