sesion_6_simulaciones/modelos_agentes/ejemplos_netlogo/scenarios/echam4_a2/rob_2057.asc
NCOLS 322 
NROWS 307 
XLLCORNER 451900 
YLLCORNER 4086900 
CELLSIZE 100 
NODATA_value -9999 
[rows 222 to 295 of 307, columns 192 to 287 of 322]
8 9 6 3 18 11 7 4 2 1 0 1 0 0 0 0 1 1 1 2 3 11 32 25 15 17 13 12 27 30 15 18 43 36 32 21 29 43 35 35 33 24 27 44 20 23 22 8 10 14 9 8 2 2 3 2 2 8 27 27 20 21 33 23 64 83 77 73 84 87 63 49 24 7 5 1 1 0 0 1 1 1 1 1 1 1 1 1 2 4 8 12 17 16 19 13
30 32 24 19 9 6 6 5 2 1 1 0 0 0 0 1 1 1 1 3 7 20 32 43 24 29 28 22 33 36 24 27 41 41 39 22 33 26 29 28 30 21 29 46 27 15 23 11 14 9 6 3 3 2 1 1 2 6 8 11 11 24 35 30 47 73 72 67 81 83 67 39 23 8 2 1 1 1 1 1 1 1 1 1 1 2 2 2 2 6 7 9 16 19 21 25
34 26 28 21 14 10 8 3 3 1 1 0 0 0 0 1 2 3 2 4 8 24 37 54 46 34 31 38 37 54 50 32 35 35 38 24 35 14 28 25 17 21 25 46 51 16 22 17 7 4 5 4 4 1 1 2 3 8 4 15 20 29 39 44 28 40 12 9 20 72 80 44 17 3 3 3 2 1 1 1 1 1 0 1 1 2 3 4 5 4 8 16 16 18 23 40
19 17 16 12 8 5 4 3 2 1 0 0 0 0 0 2 5 6 6 6 9 16 27 45 54 51 42 43 39 55 76 56 38 38 21 23 26 23 39 20 14 14 23 26 40 36 8 14 3 2 2 1 3 2 0 2 2 3 6 18 30 35 55 46 29 35 25 32 13 16 53 31 12 11 6 7 6 2 2 1 1 1 2 1 1 1 2 3 6 5 7 18 20 18 24 31
21 17 14 7 2 3 3 3 1 0 0 0 0 0 1 3 4 10 12 16 12 17 33 34 53 74 54 49 50 37 52 62 33 42 32 34 37 35 21 20 12 14 14 14 17 22 12 25 11 2 8 5 2 1 0 1 7 7 11 20 44 46 43 31 27 30 39 53 32 25 25 8 12 11 13 10 4 3 2 1 3 3 2 0 1 2 3 1 2 3 6 6 17 23 20 30
15 26 17 16 11 7 4 2 1 1 0 0 0 0 4 4 7 6 16 28 28 35 36 37 49 71 80 53 66 42 47 57 41 27 46 45 32 27 26 22 6 10 9 14 21 21 26 33 29 5 4 3 2 1 1 1 4 4 13 33 44 40 30 22 51 45 54 52 35 32 14 11 15 21 17 14 10 8 4 1 2 3 3 1 2 1 2 2 2 3 4 7 9 11 22 32
24 16 10 8 6 3 2 1 1 0 0 0 0 1 4 4 3 9 24 31 47 60 70 53 54 60 81 43 63 39 39 56 23 24 41 42 41 36 25 23 14 14 11 9 24 26 20 30 16 12 6 3 2 1 5 11 7 17 29 50 33 19 23 39 72 66 46 36 33 23 25 21 30 26 33 20 15 10 2 1 2 6 5 3 5 3 2 5 3 5 8 11 12 12 13 31
27 17 10 6 4 4 2 1 1 0 0 0 0 2 2 2 3 7 11 21 27 50 69 78 65 55 67 64 72 40 59 34 20 19 28 44 42 43 20 21 20 22 13 12 16 24 25 16 9 6 7 6 2 4 5 4 12 9 23 6 15 36 40 72 68 50 40 32 43 47 42 40 37 44 21 16 11 6 3 0 0 6 11 6 4 6 7 7 3 4 7 10 22 22 25 31
9 11 9 2 2 2 2 1 1 0 0 0 1 2 3 4 12 5 11 18 37 45 63 59 71 64 70 73 62 34 47 24 20 42 26 39 39 26 22 29 30 29 12 13 33 27 31 17 15 4 3 3 2 1 2 1 40 19 8 17 31 36 48 45 30 29 32 37 32 42 59 60 48 21 8 7 5 3 0 0 1 2 11 7 5 6 16 21 6 5 6 13 16 14 23 32
3 3 6 3 3 3 2 1 0 0 0 0 1 3 6 12 10 11 19 32 33 45 62 68 57 58 61 56 55 55 65 30 22 30 39 28 35 29 24 23 25 16 19 11 13 17 26 20 12 8 2 2 1 1 4 5 2 62 56 30 18 10 25 25 38 36 29 23 16 47 79 62 36 18 9 4 2 1 0 1 1 3 7 6 12 6 11 15 20 6 7 14 16 21 19 30
5 2 1 3 3 2 1 0 0 0 0 0 2 4 10 12 8 13 26 29 29 57 70 71 53 54 59 46 65 75 40 30 30 45 24 37 33 31 28 26 24 20 37 9 19 20 22 14 6 2 7 2 2 3 6 21 12 12 23 27 14 32 18 23 22 33 33 15 29 48 57 35 31 23 9 3 1 1 1 3 2 3 3 17 15 5 4 7 30 7 7 15 19 20 16 20
3 3 2 2 3 2 1 0 0 0 0 0 1 2 5 7 15 22 32 55 38 38 72 58 69 52 53 54 16 72 42 35 27 43 34 22 27 35 28 26 26 20 41 9 9 41 20 13 9 4 7 2 2 10 16 5 22 25 12 6 16 8 16 23 23 27 19 54 47 25 44 27 21 17 10 2 1 2 2 2 4 6 4 8 10 12 6 13 19 19 17 10 12 31 22 19
8 5 5 2 2 1 0 0 0 0 0 0 0 1 4 4 11 18 34 52 62 67 77 58 67 62 61 52 55 49 69 34 25 31 28 11 16 28 32 38 24 10 23 27 5 17 13 27 9 6 6 4 2 8 5 7 4 5 9 21 17 20 20 34 17 21 40 21 17 33 33 25 20 6 2 1 3 2 5 3 5 5 8 10 18 23 8 9 20 21 45 24 8 15 37 30
2 5 2 1 1 0 0 0 0 0 0 0 0 1 3 4 7 18 34 46 62 52 61 19 34 55 58 16 15 29 59 19 26 61 27 23 28 34 17 6 14 5 23 25 5 18 24 10 2 4 7 4 3 5 5 3 12 18 37 22 9 15 39 54 38 33 55 57 53 43 31 22 8 4 1 2 6 4 11 4 6 6 9 10 20 16 30 11 22 14 6 30 13 13 17 26
3 2 2 1 0 0 0 0 0 0 1 1 1 1 1 2 8 11 26 40 45 30 26 49 41 38 23 23 41 29 41 36 36 38 37 33 28 23 24 11 15 15 15 26 4 10 15 9 3 2 2 5 4 5 1 5 14 6 10 16 19 38 49 55 59 58 44 37 52 41 61 31 12 5 2 0 2 8 8 5 8 8 12 7 11 19 16 33 28 24 16 37 19 4 13 12
5 2 2 1 0 0 0 0 1 0 1 1 1 2 1 1 6 11 13 15 23 57 54 44 48 50 39 26 30 35 29 26 35 32 18 23 20 23 29 9 24 18 12 26 3 5 13 6 9 6 2 1 6 5 3 5 8 6 24 17 41 31 34 72 81 50 48 30 62 33 26 20 5 5 5 4 4 12 11 10 16 10 10 11 11 8 17 38 55 57 16 15 26 13 19 32
2 2 1 0 0 0 0 0 0 1 2 2 2 2 2 2 2 4 8 18 28 36 46 34 25 34 44 26 34 21 27 29 25 48 20 28 17 28 16 18 8 12 6 18 4 3 6 5 4 6 5 2 3 1 3 2 2 10 15 14 25 22 48 63 68 78 51 27 18 22 16 4 2 6 10 10 6 6 17 16 27 13 13 13 14 14 9 7 9 22 45 42 29 19 19 29
2 1 0 0 0 0 0 0 0 1 1 3 4 5 3 3 9 7 5 17 27 43 35 43 41 49 32 24 28 24 12 13 28 15 10 43 8 19 12 11 10 11 29 16 6 5 10 12 3 2 2 2 1 4 1 2 6 24 28 57 60 47 33 44 47 33 44 47 29 16 6 1 3 14 8 20 7 8 18 29 21 30 17 16 16 14 20 13 13 17 33 28 25 60 22 36
1 1 1 0 0 0 0 1 1 2 3 4 5 6 6 4 11 11 13 10 21 12 21 23 23 36 23 14 24 21 23 21 10 7 3 24 9 25 7 11 7 6 27 16 10 5 19 6 6 3 1 5 2 5 3 8 10 5 20 28 36 32 19 30 48 40 52 27 32 18 11 2 7 9 11 20 25 10 11 19 25 37 23 31 20 10 14 22 6 3 8 8 9 33 37 27
1 1 0 0 0 1 1 1 1 3 3 4 5 8 15 8 11 22 15 28 39 41 52 53 51 41 37 44 42 26 46 51 42 16 23 14 23 15 6 7 5 4 3 12 6 2 4 5 4 2 3 8 17 23 60 43 45 38 45 28 36 36 43 56 47 41 39 30 27 14 4 1 8 12 22 19 24 18 20 31 23 40 26 37 23 12 14 23 30 10 17 18 11 8 9 14
2 1 1 1 1 1 1 3 2 2 4 6 4 11 16 9 4 8 30 43 56 49 56 64 68 68 65 59 76 64 33 28 22 13 5 5 11 9 11 5 6 2 2 8 3 2 2 5 1 4 0 1 1 2 7 18 67 69 42 45 39 37 20 54 42 34 34 29 9 6 2 3 11 15 10 17 22 31 24 35 22 14 43 42 29 14 16 30 26 14 18 26 21 34 39 47
2 1 1 2 2 2 4 4 4 3 2 3 8 11 11 22 5 5 11 21 42 60 34 56 57 68 66 46 9 23 38 20 11 10 12 15 13 5 12 3 5 2 1 4 3 3 1 1 1 2 2 1 1 2 3 3 12 39 65 76 81 38 35 28 26 29 31 31 25 7 3 8 21 20 17 22 48 37 38 36 38 16 21 55 36 16 17 22 21 16 25 14 28 34 45 52
1 1 2 2 2 4 4 5 5 5 2 3 6 11 8 17 11 4 11 18 27 37 26 50 36 30 25 15 11 12 20 15 13 16 12 6 9 14 10 1 3 4 1 2 2 1 0 3 2 2 4 3 4 8 10 16 22 43 34 28 43 75 59 46 43 43 48 30 21 7 6 20 22 31 32 23 39 46 37 28 27 25 11 36 52 28 29 14 32 19 31 31 20 37 34 26
1 1 3 3 5 5 7 7 7 6 4 5 7 8 14 8 23 3 5 5 13 11 22 24 29 38 30 33 34 22 33 13 13 20 14 10 9 5 2 2 3 4 25 5 1 1 0 2 2 1 5 7 4 13 29 15 16 16 21 15 17 35 59 57 50 37 41 29 12 4 10 23 22 30 34 36 26 53 40 53 29 43 30 30 67 35 45 21 36 30 31 46 31 32 26 35
1 2 4 4 7 8 7 8 9 9 5 6 8 14 21 15 15 6 6 12 9 9 22 24 31 35 38 31 28 41 36 33 27 40 9 6 7 8 7 4 11 9 2 2 9 2 1 1 1 11 18 3 11 10 10 16 29 30 37 24 23 24 26 32 37 32 23 24 12 8 13 24 24 35 31 29 27 38 48 57 42 29 44 28 68 24 28 35 22 47 30 32 31 23 24 26
2 4 8 5 8 5 6 11 17 16 6 4 10 8 28 50 6 7 6 21 23 25 18 21 28 25 35 20 24 30 28 21 17 16 16 16 9 12 10 5 2 1 1 0 1 3 3 1 13 27 2 1 3 19 17 18 20 29 20 20 31 24 27 20 21 20 20 13 9 11 21 26 26 27 29 28 33 39 51 43 41 36 41 51 67 25 30 34 21 47 33 17 41 16 9 19
5 5 7 11 11 6 10 13 21 20 7 4 6 13 24 24 9 11 7 17 27 27 24 15 18 12 26 28 27 30 19 17 18 17 14 13 11 7 6 7 3 1 1 1 1 0 1 6 1 7 2 3 3 4 10 67 34 38 32 33 27 26 23 20 18 18 16 9 8 10 20 24 17 29 27 39 48 32 36 59 47 52 50 50 63 42 47 22 47 43 13 24 38 13 18 22
7 7 7 23 12 7 8 16 20 34 10 6 12 14 24 37 20 14 13 28 35 45 27 32 30 11 19 21 22 19 26 13 18 16 14 7 6 3 4 4 6 5 3 2 2 3 3 1 0 1 3 8 12 13 23 12 23 28 43 43 35 25 23 24 21 19 17 8 4 19 23 24 32 30 45 37 36 45 32 26 44 45 36 54 28 85 50 19 33 41 9 24 20 34 20 25
10 17 10 26 14 8 9 18 22 30 7 6 14 16 28 31 34 4 23 32 33 50 31 32 32 39 23 20 12 11 12 21 33 19 6 14 5 12 5 4 4 5 2 1 1 1 1 1 2 4 6 7 15 16 32 8 7 9 10 25 23 29 28 31 29 29 24 12 5 20 20 21 33 38 45 19 32 24 46 20 28 27 37 22 50 76 31 20 54 20 11 23 19 34 33 30
9 11 20 22 19 18 11 14 27 46 9 14 18 25 25 41 8 7 26 31 43 52 53 32 53 33 34 30 18 18 12 37 47 20 21 10 8 10 5 3 6 1 3 1 1 1 1 1 1 4 5 4 16 26 22 8 17 27 26 34 33 34 37 44 38 41 29 13 5 23 23 23 45 29 37 48 46 32 18 35 21 31 34 36 29 55 47 35 43 21 18 28 14 17 8 45
5 7 24 23 22 21 14 15 29 33 10 19 26 46 49 24 7 7 26 31 31 56 48 50 33 32 49 34 30 26 28 31 40 31 20 22 17 8 15 6 3 3 1 0 0 1 1 1 1 2 3 7 11 12 27 24 26 35 35 42 49 54 43 38 28 21 24 8 11 27 33 28 45 44 32 33 44 32 33 10 45 12 18 42 47 55 62 74 36 19 29 23 28 31 20 48
11 12 28 31 40 26 16 18 36 35 10 12 31 51 35 10 5 17 25 29 43 45 45 45 45 34 43 34 47 41 41 25 12 14 19 16 14 5 9 6 5 3 1 1 2 1 1 2 1 1 1 3 11 24 21 20 37 45 48 31 55 36 19 29 33 26 13 10 9 22 44 28 40 44 47 37 47 28 35 26 19 41 18 7 11 33 54 66 28 43 32 26 23 42 16 17
10 14 17 24 53 34 17 22 29 39 10 11 32 50 24 11 8 18 32 30 30 34 39 40 61 30 34 31 25 41 39 24 26 17 15 7 9 9 10 5 4 2 1 2 3 1 1 2 0 0 1 5 13 10 32 44 19 28 19 22 20 20 36 41 25 24 22 8 13 13 47 31 33 31 36 43 36 32 15 27 15 42 23 18 9 9 27 45 42 66 34 30 23 40 10 15
13 28 21 18 27 50 22 28 47 14 12 13 22 57 31 13 7 24 31 31 42 53 45 57 49 41 22 25 40 33 15 38 51 31 11 9 6 6 8 4 2 3 2 1 2 1 1 1 2 2 3 5 7 16 31 23 39 20 28 32 28 28 29 25 27 29 16 10 9 20 20 48 29 27 32 32 46 41 27 46 17 15 26 19 15 13 14 30 45 47 29 33 26 31 14 23
16 20 37 31 17 38 13 34 66 17 17 31 39 49 18 18 3 14 38 37 52 39 42 57 52 43 37 13 9 11 15 13 15 5 5 8 12 6 5 9 4 2 1 1 0 0 0 1 3 3 4 6 11 16 35 36 44 32 27 41 31 38 43 28 32 31 15 12 13 33 33 33 51 25 27 29 53 39 27 23 29 15 11 38 25 13 17 18 38 35 46 29 24 17 25 12
17 23 42 49 25 53 16 31 66 33 18 43 46 31 14 5 4 10 19 38 53 53 38 37 40 59 35 13 18 12 14 13 16 10 7 3 6 8 8 6 2 2 1 1 1 0 1 0 0 0 4 4 4 11 15 15 17 39 40 35 42 24 28 30 25 28 26 7 16 33 36 31 39 13 33 30 31 43 51 45 40 20 14 13 28 15 11 24 40 74 59 24 16 13 25 11
18 22 25 53 28 49 26 27 36 44 22 48 43 12 5 8 13 21 31 44 37 40 46 23 33 35 51 18 11 11 18 15 15 12 9 11 6 6 2 1 1 2 1 1 1 1 1 0 1 2 2 6 34 22 15 44 40 65 40 28 39 41 42 43 42 26 24 14 20 36 30 43 56 21 21 42 31 46 36 31 49 15 21 22 50 14 8 12 12 35 49 22 21 9 40 22
15 18 16 35 59 33 45 23 52 25 52 28 14 6 15 15 22 17 54 56 28 35 36 35 17 24 49 47 17 18 9 15 12 5 4 4 6 3 2 1 2 1 0 0 1 0 0 0 1 1 1 5 5 15 28 32 22 50 23 21 26 34 37 37 24 21 16 28 29 34 36 44 11 30 35 42 35 23 36 26 65 19 20 14 22 33 20 22 28 28 44 16 36 10 19 31
35 22 18 23 32 47 51 28 65 43 36 11 7 14 19 28 28 20 21 20 34 34 34 46 38 23 19 8 20 31 8 15 7 5 8 9 8 4 3 2 1 1 2 1 0 0 0 0 1 2 3 4 10 8 17 20 25 29 19 6 18 26 30 27 18 15 16 28 29 32 34 48 15 15 7 13 35 43 65 15 52 33 20 22 12 11 42 17 24 29 21 41 10 12 21 30
25 34 26 20 19 32 59 32 33 15 11 3 11 19 32 40 38 15 22 21 32 35 25 8 14 9 11 28 5 10 18 28 13 16 4 8 2 3 3 1 1 1 1 0 0 1 0 0 1 2 3 2 4 7 11 18 17 33 23 25 37 30 32 21 29 29 16 29 28 31 26 43 14 26 14 19 19 13 35 20 17 40 20 26 13 27 33 7 22 33 41 30 8 12 10 12
25 37 27 34 42 49 50 32 35 10 14 11 17 33 32 37 46 26 30 29 33 33 21 14 12 15 12 7 9 19 7 10 10 34 7 14 2 2 2 2 1 1 1 1 0 0 0 0 1 2 6 2 3 7 16 8 22 47 51 47 38 28 32 32 28 24 28 37 28 28 27 35 17 27 25 19 27 23 27 43 11 40 17 36 10 10 28 4 11 13 37 22 6 11 12 30
27 39 33 38 45 55 49 13 8 4 16 16 27 33 32 44 29 51 40 27 29 28 23 27 24 20 17 8 10 24 6 8 2 3 3 8 9 6 3 6 3 2 1 1 1 0 0 1 2 2 4 1 3 8 10 16 29 67 24 29 41 26 32 26 23 23 33 43 24 26 27 27 24 26 35 20 26 23 23 20 29 64 27 31 20 5 39 15 6 7 22 30 11 13 10 3
24 47 45 39 69 58 12 9 13 16 31 26 22 34 31 47 18 27 58 16 30 20 12 17 26 23 8 12 14 16 31 7 5 2 2 1 2 1 2 5 5 1 2 1 1 1 0 0 1 1 2 2 4 7 18 22 27 35 28 20 37 31 23 8 26 15 16 47 25 24 36 24 36 22 31 26 22 25 21 15 24 9 44 36 30 7 12 10 4 5 9 32 9 16 18 15
27 36 64 55 68 14 14 13 15 28 31 31 41 52 16 46 16 25 28 51 16 35 10 9 13 24 25 17 14 10 4 10 4 5 3 2 2 2 1 2 2 1 1 1 0 0 0 1 1 1 1 2 2 5 13 27 12 31 55 44 20 17 13 6 36 22 23 45 30 20 37 23 48 29 28 32 18 18 28 16 11 8 30 20 27 9 4 24 5 6 11 26 19 17 9 11
17 36 64 79 44 8 14 24 30 29 44 52 24 32 18 18 35 14 27 24 15 24 14 13 14 19 14 28 13 15 16 8 11 6 4 3 2 1 1 2 2 1 0 0 0 0 0 1 1 1 1 1 3 7 17 20 46 28 25 42 21 14 4 13 18 40 22 23 31 19 28 21 39 32 17 29 27 16 17 27 21 6 10 31 38 10 2 15 8 6 11 6 31 17 8 42
17 42 69 51 7 9 27 26 19 47 32 63 17 35 17 14 22 60 12 28 34 22 29 10 10 19 23 15 14 23 11 8 19 3 4 3 2 3 1 2 1 0 1 1 1 1 1 1 1 2 2 3 5 5 9 17 27 24 28 25 23 13 6 17 13 23 19 20 33 17 20 26 20 36 16 17 42 14 16 18 28 6 13 14 25 10 4 8 11 8 5 4 4 11 9 7
18 45 52 25 11 18 25 27 17 33 15 56 18 37 38 12 35 58 8 32 49 10 41 9 9 21 24 22 7 5 27 3 3 8 11 5 1 2 1 1 1 0 0 0 0 1 1 1 2 3 2 2 2 4 5 9 17 22 18 35 22 12 11 17 24 29 12 15 28 26 15 13 10 25 15 14 21 20 14 11 4 5 16 9 21 8 5 3 10 16 2 6 12 10 20 2
15 44 37 27 13 16 31 46 13 19 19 42 13 26 52 18 27 56 13 13 24 21 26 11 9 10 10 18 17 12 4 5 2 2 0 8 5 1 1 1 1 1 1 1 1 1 0 1 1 3 2 3 3 6 5 9 6 13 18 13 9 18 16 17 15 23 25 17 19 23 8 16 9 16 17 14 20 7 5 15 6 6 5 6 26 25 6 3 6 12 2 3 10 14 15 5
35 35 47 15 13 18 21 28 12 20 19 24 25 13 41 12 9 42 14 10 9 8 42 20 7 6 8 8 9 9 16 8 1 4 1 1 6 1 1 1 0 2 2 1 0 1 0 1 1 3 4 2 3 2 3 9 18 35 21 9 4 14 16 15 16 16 44 10 18 25 7 12 13 16 30 2 13 14 5 5 10 4 4 4 7 25 4 2 4 12 3 3 4 24 45 24
69 39 10 11 17 17 18 23 11 38 22 9 26 11 54 9 9 24 15 7 9 18 32 12 5 8 6 15 13 11 6 6 4 5 1 1 1 3 0 1 1 2 1 1 1 1 0 0 1 2 3 6 5 3 6 9 16 33 29 10 5 28 14 9 14 14 27 14 8 28 12 6 7 28 18 6 5 5 17 3 7 14 5 5 31 13 2 7 1 22 6 2 2 1 4 6
10 5 11 9 16 18 29 29 19 31 15 9 56 8 9 29 12 34 16 5 7 11 12 32 9 11 5 11 13 10 5 2 3 8 1 1 1 9 1 0 1 1 0 0 0 1 1 1 1 4 4 2 12 4 5 5 5 26 31 5 7 14 15 8 16 13 13 23 8 33 16 9 9 8 22 6 5 9 7 6 2 1 15 4 6 14 3 11 2 8 20 3 7 4 3 2
22 9 28 19 15 18 35 15 39 21 6 10 31 11 11 31 6 11 33 4 12 9 7 21 4 10 8 7 7 7 8 6 1 3 1 1 1 1 2 1 0 1 1 1 1 0 0 1 2 3 7 6 1 4 6 1 7 12 9 3 11 33 19 7 5 25 7 17 5 9 43 5 12 12 7 8 6 6 12 7 7 3 4 7 2 13 16 9 3 4 44 2 3 2 5 2
40 19 10 19 20 22 17 14 30 13 11 11 8 9 9 14 7 6 29 8 11 7 3 7 12 9 8 4 5 4 4 3 4 1 1 3 1 1 1 2 0 1 1 1 1 1 1 0 2 1 1 0 1 3 4 15 12 6 10 7 5 24 10 7 7 12 21 5 18 5 19 4 9 20 3 4 20 3 4 7 11 4 2 1 1 1 14 14 3 2 15 4 3 2 4 3
68 26 14 12 13 16 6 15 27 5 14 11 9 9 6 15 7 6 15 5 4 13 4 2 1 3 4 2 8 11 4 3 5 0 1 0 1 1 1 6 0 1 0 1 1 0 1 1 9 2 1 1 1 2 8 24 10 2 3 13 5 4 15 6 12 6 33 4 30 3 10 9 5 8 3 12 5 4 2 3 4 5 5 2 2 2 1 2 10 11 7 4 3 1 4 3
36 9 6 15 7 8 7 8 23 4 8 5 6 18 5 17 6 20 6 4 3 9 6 3 3 3 4 3 4 4 9 8 1 1 0 0 0 1 0 8 0 0 0 1 0 0 1 0 0 1 2 2 1 4 10 12 8 5 2 17 8 6 2 13 10 9 18 4 21 6 3 5 9 16 4 3 4 1 3 1 1 3 1 2 1 1 1 1 1 1 12 3 1 2 4 2
48 9 31 10 10 6 6 7 6 4 8 8 3 20 19 3 9 8 9 8 6 3 5 4 5 8 4 6 2 2 2 2 1 1 0 0 0 0 1 2 0 0 0 0 0 0 0 2 0 0 1 1 2 15 13 10 7 7 2 4 10 4 7 6 8 17 9 11 2 10 18 2 12 19 4 1 3 1 2 1 3 2 3 3 1 0 1 1 1 1 1 3 2 1 3 1
28 17 5 6 6 7 11 6 7 3 4 4 6 11 9 2 3 3 3 1 4 3 4 6 9 6 4 6 5 1 1 1 4 2 0 0 1 0 0 1 1 0 0 0 0 1 1 0 0 0 1 1 3 7 11 6 1 5 5 3 11 4 5 6 2 5 3 4 2 3 14 2 6 8 0 1 2 3 2 1 0 4 0 1 2 0 0 0 1 1 1 0 4 1 2 0
3 16 3 6 6 5 6 4 17 3 3 4 3 1 7 3 3 1 6 2 2 4 4 4 4 2 4 7 5 1 1 1 2 2 1 1 0 1 0 0 2 0 0 0 0 2 5 1 0 0 1 2 4 5 11 4 2 6 4 5 13 4 2 2 4 3 2 8 2 3 8 3 16 3 0 2 1 0 1 3 0 1 1 1 2 0 1 0 1 0 0 1 1 1 2 0
7 34 3 4 2 4 6 5 2 5 3 2 3 1 3 2 3 1 14 3 1 2 3 11 2 1 3 4 5 1 1 1 2 1 2 1 0 0 1 0 1 0 0 0 0 0 0 1 0 1 1 2 4 8 4 1 3 5 4 5 11 5 8 2 2 5 2 6 1 2 2 2 10 0 1 0 1 1 2 1 1 0 0 1 1 1 1 1 0 0 0 0 0 3 1 0
6 23 9 1 2 2 7 4 2 5 3 1 1 2 1 3 1 4 2 1 1 3 4 2 4 2 1 1 2 2 1 2 2 1 1 1 1 1 1 0 2 0 0 0 0 0 2 3 2 0 2 6 9 9 1 2 4 6 3 5 2 8 3 8 4 2 1 3 1 2 2 4 2 3 1 2 0 1 2 1 2 0 0 1 1 2 1 0 0 0 0 0 0 1 1 1
2 10 9 1 3 1 3 6 1 4 2 1 0 2 1 3 1 2 2 3 1 1 2 3 2 1 1 1 2 3 0 1 1 2 1 0 0 1 0 1 1 0 0 0 0 0 0 2 3 2 5 8 9 2 3 5 5 4 3 4 5 4 1 3 5 0 1 1 2 1 2 2 1 4 1 1 1 2 2 0 3 3 1 1 0 0 1 1 0 0 0 0 0 2 0 1
2 4 6 1 2 1 1 1 1 1 2 1 0 1 1 9 1 1 1 0 1 2 2 2 1 0 0 0 2 1 1 1 2 1 0 0 0 1 1 0 1 0 0 1 0 0 1 11 7 15 17 19 1 2 2 2 3 4 3 3 6 1 4 2 2 6 12 1 1 0 0 4 1 3 2 2 1 3 2 1 2 6 1 1 0 0 1 1 2 1 1 0 3 0 0 2
2 2 8 2 2 1 1 1 0 2 2 1 0 1 0 1 1 1 1 1 1 1 1 1 1 0 2 0 1 2 1 1 2 1 0 0 1 0 0 0 0 0 0 0 3 10 22 7 8 11 3 1 1 2 3 2 2 2 2 1 1 1 2 1 0 4 1 0 0 1 1 1 2 1 3 1 2 2 4 2 2 3 1 2 1 1 0 0 0 1 1 1 0 1 2 4
2 1 0 8 1 0 0 0 0 1 3 1 1 0 0 2 0 0 2 0 1 1 1 0 0 1 0 0 0 1 1 1 1 1 0 0 0 0 0 0 0 0 0 7 5 5 24 30 6 1 0 1 1 2 2 1 2 2 2 0 0 0 2 3 4 7 1 0 0 2 2 1 1 0 3 1 3 1 2 1 1 3 1 2 1 1 0 0 0 0 0 0 1 0 2 4
1 1 0 8 0 0 1 0 1 0 1 0 0 1 1 3 0 1 1 1 0 1 1 2 0 0 0 1 0 0 1 1 1 1 0 0 1 0 0 0 1 9 15 16 26 3 8 33 14 0 1 1 1 1 0 1 1 1 1 0 0 1 5 5 6 2 1 2 2 1 3 2 0 1 1 1 4 2 6 12 11 4 1 1 2 1 1 0 0 0 0 0 0 1 4 2
1 1 0 9 0 0 0 0 2 0 0 1 0 0 0 1 0 1 1 0 0 0 0 1 0 0 0 1 1 1 0 1 1 1 0 1 0 0 0 2 8 17 27 20 30 42 33 13 0 0 1 1 1 1 0 1 2 2 1 0 0 2 4 2 1 1 1 1 1 1 2 6 9 1 0 1 1 2 4 2 1 2 2 4 2 2 0 0 1 0 1 1 0 1 5 1
1 0 0 1 1 2 0 0 1 0 0 1 0 0 0 0 0 0 1 0 0 0 0 1 0 0 1 0 1 0 0 1 0 1 0 1 0 0 1 3 2 1 12 38 44 23 0 0 1 1 1 0 1 1 1 0 0 7 1 2 1 1 1 2 2 1 2 1 1 3 4 4 0 1 1 2 2 2 2 2 2 2 2 1 1 0 1 0 0 0 0 1 0 1 3 1
0 0 0 0 2 0 0 0 1 0 0 0 0 0 0 0 0 0 1 0 0 0 0 0 0 0 1 0 1 0 1 1 1 0 0 0 0 0 1 2 1 4 3 2 1 0 2 2 1 1 0 0 0 0 0 1 0 1 1 1 1 1 0 1 0 0 1 2 6 8 1 0 1 1 1 1 4 2 9 2 3 2 2 1 2 0 0 0 1 0 1 1 0 0 0 0
0 0 0 0 2 0 0 0 1 0 0 0 1 0 0 0 0 0 0 0 0 0 0 0 1 0 0 0 0 0 0 0 0 0 0 0 0 0 2 2 15 10 2 1 2 2 0 1 1 0 0 0 0 0 0 1 0 2 1 0 0 0 1 1 0 1 1 4 3 0 1 0 0 1 4 3 2 2 1 2 2 1 1 2 0 1 1 1 0 0 2 0 0 1 0 0
0 0 0 1 0 0 0 0 0 0 0 0 0 0 0 0 0 0 0 1 0 0 0 0 0 0 0 0 0 0 0 0 0 0 0 0 0 0 1 1 1 4 1 1 2 1 1 1 2 1 0 0 0 0 1 1 0 1 0 0 0 0 1 0 0 0 1 2 0 0 0 1 0 0 1 3 2 4 1 1 1 1 1 1 1 0 1 1 1 0 0 0 0 0 0 0
1 0 0 1 1 0 0 0 0 0 0 0 0 0 0 0 0 0 0 0 0 0 0 0 0 1 0 0 0 0 0 0 0 0 0 0 0 0 1 0 1 4 1 1 0 2 0 0 1 1 1 0 0 0 0 0 1 0 1 0 0 1 0 0 0 1 1 2 0 0 0 1 0 1 1 1 2 1 0 1 1 1 1 2 0 1 1 0 0 0 0 0 0 0 0 0
0 0 0 0 0 0 0 0 0 0 0 0 0 0 0 0 0 0 0 0 0 0 0 0 0 0 0 0 0 0 0 0 0 0 0 0 0 5 1 11 10 3 0 0 0 1 1 1 0 1 0 0 0 0 0 0 1 1 0 0 0 1 0 0 1 1 2 2 0 0 0 1 2 0 0 1 1 1 0 0 1 0 1 0 0 1 0 0 0 0 0 0 0 0 0 0
0 0 0 0 0 0 0 0 0 0 0 0 0 0 0 0 0 0 1 0 0 0 0 0 0 0 0 0 0 0 0 0 0 0 0 0 1 3 8 4 1 8 1 0 0 1 0 0 0 1 1 0 0 0 0 0 0 1 0 0 0 1 0 0 0 1 1 2 0 0 1 1 1 0 0 0 0 1 0 0 0 0 0 0 0 0 0 0 0 0 0 0 0 0 0 0
0 0 0 0 0 0 0 0 0 0 0 0 0 0 0 0 0 0 0 0 0 0 0 0 0 0 0 0 0 0 0 0 0 0 0 4 7 15 29 3 1 0 1 1 0 0 1 3 0 1 2 0 0 1 0 1 0 0 0 0 0 1 0 0 1 0 1 2 0 0 0 1 0 0 0 0 0 0 1 0 0 0 0 0 0 0 0 0 0 0 0 0 0 0 0 0
