sesion_6_simulaciones/modelos_agentes/ejemplos_netlogo/scenarios/echam4_a2/rob_2085.asc
NCOLS 322 
NROWS 307 
XLLCORNER 451900 
YLLCORNER 4086900 
CELLSIZE 100 
NODATA_value -9999 
[rows 146 to 218 of 307, columns 0 to 95 of 322]
0 0 0 0 0 0 0 0 0 0 0 0 0 0 0 0 0 0 0 0 0 0 0 0 0 0 0 0 0 0 0 0 0 0 0 0 0 0 0 0 0 0 0 0 0 0 0 0 1 0 0 1 1 1 0 0 1 3 2 3 2 8 6 6 3 8 9 11 21 15 9 18 7 13 8 23 33 33 43 32 12 33 54 40 22 26 50 22 52 67 49 48 49 54 48 69
0 0 0 0 0 0 0 0 0 0 0 0 0 0 0 0 0 0 0 0 0 0 0 0 0 0 0 0 0 0 0 0 0 0 0 0 0 0 0 0 0 0 0 0 0 0 0 0 0 0 1 0 0 3 6 1 2 2 2 3 5 4 8 4 6 9 13 6 9 11 4 7 10 10 29 14 34 33 48 32 8 14 27 40 19 4 7 20 64 62 65 70 29 40 28 66
0 0 0 0 0 0 0 0 0 0 0 0 0 0 0 0 0 0 0 0 0 0 0 0 0 0 0 0 0 0 0 0 0 0 0 0 0 0 0 0 0 0 0 0 0 0 0 0 0 1 0 0 1 1 1 3 3 1 1 3 6 6 7 4 7 9 8 4 4 10 9 11 4 6 22 44 9 10 7 12 14 12 5 10 43 29 9 6 31 28 24 27 48 50 28 54
0 0 0 0 0 0 0 0 0 0 0 0 0 1 1 1 1 0 0 0 0 0 0 0 0 0 0 0 0 0 0 0 0 0 0 0 0 0 0 0 0 0 0 0 0 1 0 0 0 0 0 1 1 1 0 0 1 0 2 2 2 8 4 3 4 7 4 3 3 8 3 1 1 11 8 11 40 4 6 17 16 9 13 10 6 45 15 10 8 16 9 46 27 60 42 20
0 0 0 0 0 0 0 0 0 0 0 0 1 2 1 0 4 1 1 1 0 0 0 0 0 0 0 0 0 0 0 0 0 0 0 0 0 0 0 0 0 0 0 0 0 0 0 0 0 0 0 0 1 1 2 1 2 2 2 2 3 5 1 2 5 3 5 7 4 1 7 4 5 12 37 12 14 4 1 4 9 11 9 20 9 15 39 22 12 17 13 11 26 27 40 19
0 0 0 0 0 0 0 0 0 0 0 0 0 1 1 1 8 5 3 0 0 0 0 0 0 0 0 0 0 0 0 0 0 0 0 0 0 0 0 0 0 0 0 0 0 0 0 0 0 0 0 0 1 1 1 1 2 2 2 2 3 2 2 1 3 7 7 4 18 3 2 11 20 9 17 5 11 22 7 3 5 9 13 8 13 8 14 47 35 22 23 15 12 33 44 40
0 0 0 0 0 0 0 0 0 0 0 0 0 0 0 0 0 0 0 0 0 0 0 0 0 0 0 0 0 0 0 0 0 0 0 0 0 0 0 0 0 0 0 0 0 0 0 1 0 0 0 0 1 1 0 1 1 3 1 2 2 2 5 15 19 9 11 4 4 33 6 7 8 13 7 2 4 5 26 12 6 8 18 15 11 17 13 19 50 21 19 20 9 11 26 29
0 0 0 0 0 0 0 0 0 0 0 0 0 0 0 0 0 0 0 0 2 0 1 0 0 0 0 0 0 0 0 0 0 0 0 0 0 0 0 0 0 0 0 0 0 0 0 0 0 0 1 1 1 1 0 1 1 2 3 2 9 7 12 13 21 21 17 3 5 22 24 18 11 6 12 8 6 4 13 7 12 11 11 20 17 15 15 17 65 45 15 17 22 11 38 45
0 0 0 0 0 0 0 0 0 0 0 0 0 0 0 0 0 0 1 1 2 4 1 2 0 0 0 0 0 0 0 0 0 0 0 0 0 0 0 0 0 0 0 0 0 0 0 0 0 0 1 2 5 4 5 2 2 2 4 6 3 2 15 23 24 22 23 12 7 12 40 9 12 10 6 5 12 3 12 26 10 18 20 12 14 12 18 14 28 26 45 21 15 13 13 25
0 0 0 0 0 0 0 0 0 0 0 0 0 0 0 0 0 0 0 1 3 1 1 2 1 0 0 0 0 0 0 1 1 0 0 0 0 0 0 0 0 0 1 0 0 0 0 0 0 0 0 1 3 1 1 5 1 2 1 1 1 2 4 13 17 4 6 4 16 24 22 21 10 9 16 6 6 8 9 20 19 13 22 20 14 18 18 18 19 23 32 43 30 19 17 15
0 0 0 1 1 0 0 0 0 0 0 0 0 0 0 0 0 0 0 0 0 2 3 0 0 1 0 1 0 0 0 0 0 1 0 0 0 0 0 0 0 0 1 0 0 0 0 0 0 0 1 1 1 1 2 1 2 4 2 2 5 6 3 2 2 6 5 6 5 11 14 27 36 15 7 5 7 9 12 19 25 48 13 19 15 16 16 10 16 26 24 9 44 22 11 16
1 2 1 3 1 0 1 1 0 0 0 0 0 1 0 0 0 0 0 0 0 0 0 2 1 0 0 0 1 0 0 0 0 1 1 0 0 0 0 0 0 0 2 1 0 0 0 0 0 0 1 1 1 2 2 1 1 1 2 2 3 2 2 4 4 1 1 4 11 16 21 31 13 18 9 8 13 11 23 19 25 21 30 15 16 17 9 8 12 13 21 16 23 33 17 9
1 4 0 3 0 1 2 1 0 0 0 0 0 0 0 0 0 2 2 3 0 0 0 0 0 0 0 1 0 1 0 0 0 1 0 1 0 1 0 0 0 0 1 1 1 0 0 0 0 0 0 0 0 1 1 0 1 3 4 7 3 6 7 7 8 3 3 6 10 14 15 21 17 11 23 6 12 23 25 32 20 16 23 24 11 10 7 2 5 14 16 24 23 24 31 24
0 5 2 3 2 4 2 0 0 1 0 0 0 0 0 0 0 1 1 5 1 0 0 0 2 1 1 1 0 2 2 0 0 2 4 3 1 3 4 1 1 0 0 1 1 0 0 0 0 0 0 0 0 0 0 0 1 0 1 1 1 4 10 10 13 8 10 11 9 13 15 15 12 20 7 14 12 22 15 12 15 14 11 18 26 21 13 24 16 11 10 15 26 30 20 14
0 0 0 3 5 4 0 0 1 0 1 1 0 0 0 0 0 0 1 1 1 2 2 0 2 1 1 2 2 1 7 4 1 0 2 14 8 2 1 2 2 0 0 2 2 2 0 0 0 0 0 0 1 0 5 4 4 4 8 7 5 3 5 6 7 8 11 15 14 9 11 18 16 22 11 21 11 13 15 22 12 13 14 25 15 14 18 22 13 18 23 13 13 19 10 6
0 1 1 1 1 4 1 3 3 1 1 1 1 0 0 0 0 0 1 1 2 2 2 1 4 5 2 5 4 2 7 11 7 3 2 0 1 4 1 0 1 0 0 7 5 3 1 1 0 1 3 6 2 1 1 6 5 1 3 10 9 4 11 8 9 7 8 22 18 8 11 13 20 23 16 19 19 22 14 14 12 15 6 13 14 9 18 14 11 11 13 13 6 9 9 15
0 1 0 1 2 1 3 12 5 5 0 1 2 2 3 1 1 0 0 1 1 1 4 9 19 4 11 15 6 7 4 9 15 6 5 2 5 8 11 22 12 3 1 3 11 5 1 5 1 1 5 6 13 3 1 8 17 3 3 3 21 23 6 20 12 12 9 14 13 11 16 18 21 18 18 22 20 17 16 8 7 9 11 11 16 10 14 11 9 9 8 7 4 2 3 4
0 0 1 1 1 0 4 12 4 10 1 1 5 3 5 2 1 1 1 2 3 4 2 11 17 16 19 21 7 21 11 25 24 35 26 24 13 18 24 17 1 8 7 1 0 4 2 3 2 1 4 3 6 10 1 3 11 34 9 8 13 7 8 10 14 22 24 24 15 10 24 16 14 15 14 9 17 10 5 4 5 9 9 8 9 4 6 3 4 7 4 10 15 16 16 20
0 0 0 0 1 1 1 21 4 2 1 2 3 1 2 3 1 1 1 5 6 2 3 3 24 46 30 33 17 49 31 36 46 42 47 40 51 42 42 42 27 8 1 1 0 0 4 3 1 0 1 6 10 15 12 19 25 30 39 10 7 10 10 18 16 19 32 14 12 25 14 12 14 15 7 4 4 4 10 12 15 8 7 4 8 14 21 20 36 13 23 37 21 36 40 32
0 0 0 1 1 1 1 5 9 4 7 4 6 6 2 5 3 3 1 1 3 14 6 5 4 9 8 29 29 16 6 5 4 7 8 13 60 41 40 54 45 18 6 1 0 0 3 2 1 1 1 1 6 24 18 19 12 14 41 36 10 6 11 14 19 21 12 20 15 7 9 14 16 11 9 7 5 5 5 4 10 18 14 24 30 37 37 40 28 24 26 42 38 55 61 42
0 0 0 0 1 1 2 2 3 2 4 13 11 17 2 1 2 5 5 2 2 3 11 3 5 6 4 3 3 5 8 4 8 7 16 10 10 7 7 8 5 8 3 1 1 1 2 2 2 2 2 3 1 6 7 10 15 29 14 25 21 10 32 35 28 18 15 11 13 12 12 16 7 4 9 10 5 3 5 11 37 36 25 37 40 41 35 49 37 38 67 69 48 65 51 47
0 0 0 1 1 2 2 3 3 2 4 1 1 2 2 2 1 1 8 10 8 5 8 2 5 10 7 5 3 5 8 9 4 15 5 5 5 7 8 6 4 2 2 2 2 2 4 4 4 3 2 1 2 2 4 13 5 4 4 17 9 16 19 12 19 11 9 13 14 7 7 5 7 6 10 12 18 4 34 29 38 33 32 36 34 53 54 41 39 52 31 18 31 29 33 63
0 0 0 0 0 1 2 1 2 5 1 2 3 2 1 2 0 1 1 3 6 6 5 4 6 3 4 3 6 2 5 4 3 5 4 4 6 13 4 10 6 2 1 1 1 1 2 6 3 3 2 4 5 5 7 6 7 6 10 16 39 35 20 6 10 11 10 5 7 5 4 27 27 16 17 29 16 23 37 49 52 35 33 58 56 56 58 47 60 63 42 17 11 12 24 55
0 1 1 2 1 0 0 1 1 2 1 2 2 1 1 1 1 1 3 4 3 5 6 3 5 2 1 2 1 1 2 2 3 3 3 3 2 6 2 10 4 3 2 1 0 0 1 2 23 12 4 4 21 9 4 12 18 36 35 29 38 19 14 10 12 9 3 4 10 10 22 32 41 18 26 35 25 39 49 45 52 68 37 77 65 65 56 59 60 58 49 46 17 12 12 19
0 0 0 0 0 0 1 1 1 1 1 0 1 1 0 0 1 1 2 3 1 1 1 3 4 2 1 1 1 2 2 2 1 3 2 1 3 2 3 5 3 2 4 1 2 1 1 2 4 11 4 9 9 4 6 14 17 15 13 9 10 7 4 3 3 1 9 19 27 19 31 39 39 26 41 31 19 36 46 37 66 52 45 47 40 9 11 46 25 41 35 24 27 11 8 35
0 0 0 0 0 0 0 0 0 1 0 1 1 1 1 1 2 1 1 2 3 1 1 4 9 4 1 1 1 1 1 3 15 4 2 1 5 2 7 1 3 1 2 2 1 1 1 2 1 4 6 6 3 6 6 8 29 11 7 6 4 12 13 22 9 16 23 33 27 23 22 36 22 24 34 29 20 28 36 46 51 42 30 32 25 14 17 21 39 23 24 26 16 12 6 10
0 0 0 0 0 0 0 0 0 0 0 0 1 1 3 2 1 3 3 2 9 3 4 3 6 4 1 2 0 1 2 2 11 14 6 4 4 5 6 1 1 1 1 2 1 1 1 1 1 2 3 5 5 6 8 9 6 3 3 14 12 23 22 24 17 17 27 29 35 33 18 30 34 35 26 38 30 29 28 40 43 63 36 29 18 26 27 16 60 40 22 14 3 13 14 19
0 0 0 0 0 0 0 0 0 0 0 1 1 1 1 1 7 8 3 3 3 2 4 2 2 2 2 1 1 1 1 2 3 4 5 7 2 2 5 3 1 1 1 1 1 1 1 2 1 2 3 4 9 8 6 6 8 12 17 29 21 19 28 20 15 23 23 21 29 17 19 26 42 17 19 24 26 30 52 32 16 18 22 32 31 28 22 19 21 28 15 11 12 8 13 15
0 0 0 0 0 0 0 0 1 2 2 2 2 3 1 1 2 7 4 6 1 2 4 1 1 1 1 2 1 3 2 2 2 2 4 7 3 5 4 3 1 0 0 1 1 1 1 1 2 3 4 8 7 6 10 7 11 12 24 20 15 14 21 15 12 15 20 9 20 17 10 26 16 10 15 29 23 29 12 67 38 44 23 20 33 32 28 39 20 15 9 11 8 3 8 5
0 0 0 0 0 0 0 0 0 1 2 6 3 3 6 1 2 2 1 2 2 3 2 1 0 0 0 0 0 1 1 1 1 1 3 3 1 3 3 2 1 0 0 0 1 1 1 3 2 2 6 4 5 13 7 6 11 22 18 21 15 14 14 10 10 23 20 8 14 11 11 11 22 24 14 25 44 39 10 12 36 54 40 41 24 21 29 41 27 17 14 5 6 11 13 7
0 0 0 0 0 0 0 0 0 0 0 0 0 1 1 2 2 1 4 1 2 2 1 1 0 1 0 1 0 0 1 1 1 1 1 1 1 1 2 1 1 0 0 0 1 1 1 2 3 3 4 8 6 5 5 10 17 14 11 12 10 8 14 10 11 15 11 8 12 37 21 15 15 28 4 6 6 32 37 21 15 39 28 26 24 21 31 18 12 28 20 10 10 9 5 6
0 0 0 1 0 1 1 0 0 0 0 0 1 0 1 1 1 1 1 1 1 1 0 0 0 0 0 0 0 0 0 0 0 0 0 0 1 0 0 1 0 1 1 1 2 1 2 2 4 6 6 13 9 5 10 9 10 12 6 8 15 7 12 11 7 8 5 19 6 16 46 44 43 29 38 20 14 8 8 21 18 16 39 36 35 33 33 54 34 16 15 14 15 9 7 2
0 0 0 0 1 0 0 0 0 0 0 0 0 0 1 0 0 0 0 0 1 0 0 0 0 0 0 0 0 0 0 0 0 1 0 0 0 0 0 0 0 1 0 0 1 1 1 2 3 6 5 6 6 6 5 10 7 8 7 5 7 7 5 5 5 10 7 10 42 12 46 53 30 52 57 59 35 32 31 23 27 28 13 9 25 39 29 41 25 22 15 11 15 9 3 3
0 1 0 0 0 0 0 0 0 0 0 0 0 0 1 2 3 1 0 1 0 0 0 0 0 0 0 0 0 0 0 0 0 0 0 0 0 0 0 0 0 1 0 2 1 1 2 1 3 3 2 2 3 3 3 3 8 4 4 7 5 5 5 3 6 2 6 10 14 20 14 46 26 37 64 64 62 75 50 39 42 59 68 53 23 21 30 34 28 18 17 11 7 7 3 2
0 0 0 0 0 0 0 0 0 0 0 0 0 0 0 0 0 0 0 0 0 0 0 0 0 0 0 0 0 0 0 0 0 0 0 0 0 0 0 0 0 0 0 1 0 1 1 1 1 2 1 1 1 1 2 2 4 4 2 3 4 2 2 14 19 17 10 7 5 2 6 8 19 19 50 57 51 62 67 47 69 58 59 34 30 38 36 31 43 27 17 16 8 6 4 1
0 0 0 0 0 0 0 0 0 0 0 0 0 0 1 0 1 0 0 0 0 0 0 0 0 0 0 0 0 0 0 0 0 0 0 0 0 0 0 0 0 0 0 0 0 0 0 1 1 1 0 1 0 1 1 1 2 3 3 2 3 7 1 1 1 2 3 10 11 9 5 5 3 11 21 51 42 69 83 42 63 83 60 48 44 33 32 35 33 24 18 23 15 9 4 2
0 0 0 0 0 0 0 0 0 0 0 0 0 0 0 0 0 0 0 0 0 0 0 0 0 0 0 0 0 0 0 0 0 0 0 0 0 0 0 0 0 0 0 0 0 0 0 0 0 0 0 1 1 1 1 1 1 1 2 1 2 8 3 1 5 9 15 11 16 13 13 23 9 4 9 41 41 73 84 75 59 62 60 51 39 44 49 39 36 35 27 29 22 11 7 2
0 0 0 0 0 0 0 0 0 0 0 0 0 0 0 0 0 0 0 0 0 0 0 0 0 0 0 0 0 0 0 0 0 0 0 0 0 0 0 0 0 0 0 0 0 0 0 0 0 0 1 2 1 5 5 11 5 2 3 1 1 1 16 7 1 8 21 14 17 21 27 21 13 13 7 10 16 43 80 57 45 27 23 45 20 44 26 28 32 39 38 27 26 14 10 5
0 0 0 0 0 0 0 0 0 0 0 0 0 0 0 0 0 0 0 0 0 0 0 0 0 0 0 0 0 0 0 0 0 0 0 0 0 0 0 0 0 0 1 2 1 0 0 1 0 0 2 1 12 6 5 9 2 3 4 8 1 1 2 33 5 5 14 32 19 11 31 44 56 30 27 15 10 6 9 9 13 15 14 36 40 20 21 15 16 37 24 29 19 18 9 4
0 0 0 0 0 0 0 0 0 0 0 0 0 0 0 0 0 0 0 0 0 0 0 0 0 0 0 0 0 0 0 0 0 0 0 0 0 0 1 1 1 2 1 2 1 1 1 0 1 1 1 1 5 7 9 13 4 11 8 5 5 3 1 18 31 5 2 12 38 47 33 37 21 22 36 38 22 10 16 6 18 20 19 14 38 39 17 19 17 16 19 12 12 9 10 5
0 0 0 0 0 0 0 0 0 0 0 0 0 0 0 0 0 0 0 0 0 0 0 0 0 0 0 0 0 0 0 0 0 0 0 0 0 0 0 1 1 2 1 1 2 3 2 1 0 0 5 3 2 9 2 4 4 13 22 10 8 6 5 8 58 10 10 5 23 41 69 15 7 15 23 50 41 38 36 27 18 16 11 15 20 40 29 13 14 7 12 14 9 5 5 4
0 0 0 0 0 0 0 0 0 0 0 0 0 0 0 0 0 0 0 0 0 0 0 0 0 0 0 0 0 0 0 0 0 0 0 0 0 0 1 1 1 0 1 1 2 5 7 9 1 1 2 6 4 2 11 2 11 13 21 20 3 6 5 5 65 28 9 9 13 68 73 81 33 27 23 21 18 19 17 22 38 39 25 12 14 15 35 28 19 21 6 18 15 6 4 2
0 0 0 0 0 0 0 0 0 0 0 0 0 0 0 0 0 0 0 0 0 0 0 0 0 0 0 0 0 0 0 0 0 0 0 0 0 0 1 3 1 1 0 1 2 8 11 15 18 13 2 4 4 5 4 3 8 19 26 27 5 8 11 11 43 76 34 19 12 8 11 41 17 19 17 45 36 21 19 16 19 23 34 29 16 8 16 24 21 17 7 16 10 6 9 3
0 0 0 0 0 0 0 0 1 0 0 0 0 0 0 0 0 0 0 0 0 0 0 0 0 0 0 0 0 0 0 0 0 0 0 0 0 0 0 0 1 2 1 1 1 2 6 9 21 26 18 7 10 20 10 21 11 35 44 25 29 7 22 20 16 75 84 49 32 15 9 12 46 29 23 25 41 52 30 28 16 21 24 33 31 13 6 26 17 25 12 10 7 10 6 3
0 0 0 0 0 0 1 4 2 2 1 1 0 0 1 0 0 0 0 0 0 0 0 0 0 0 0 0 0 0 0 0 0 0 0 0 0 0 0 0 0 1 1 1 1 2 11 6 22 30 44 13 14 16 26 32 4 32 43 36 35 23 17 19 10 65 80 77 43 43 11 5 38 62 33 12 21 18 38 16 26 22 26 22 34 20 10 11 22 20 16 12 4 5 4 3
0 0 0 1 1 2 7 6 5 11 16 2 2 1 1 0 0 0 0 0 0 0 0 0 0 0 0 0 0 0 0 0 0 0 0 0 0 0 0 0 0 1 1 1 2 4 8 9 2 21 40 53 17 15 22 10 9 6 24 34 70 63 11 14 36 54 57 78 25 44 36 9 13 45 36 30 25 27 39 38 28 29 16 14 17 25 17 6 6 15 13 10 9 7 3 2
0 0 0 0 0 0 0 1 1 0 2 17 18 5 2 0 0 1 0 0 0 0 0 0 0 0 0 0 0 0 0 0 0 0 0 0 0 0 1 0 1 2 1 2 2 1 19 26 14 8 22 52 39 15 6 5 16 5 11 37 32 28 21 21 27 49 29 82 30 44 34 41 7 27 34 48 41 41 46 41 43 34 13 12 9 23 21 8 5 8 7 6 7 4 3 2
0 0 0 0 0 0 2 1 1 1 1 1 9 20 13 2 2 1 0 0 0 0 0 0 0 0 0 0 0 0 0 0 0 0 0 0 0 0 1 1 1 1 1 2 4 5 6 3 18 42 14 27 7 8 4 12 11 19 15 17 43 48 39 34 17 22 25 72 75 33 17 33 33 13 27 28 48 31 31 24 32 29 28 26 10 15 9 10 14 7 5 3 4 4 4 2
0 0 0 0 0 0 0 0 0 0 0 0 0 3 14 19 9 1 0 0 0 0 0 0 0 0 0 0 0 0 0 0 0 0 0 0 0 0 1 0 1 2 4 5 7 5 9 5 7 9 53 27 19 12 9 7 16 26 19 23 47 69 51 37 38 34 51 71 84 67 35 20 50 40 28 11 14 39 37 34 20 23 25 26 20 5 6 12 12 10 3 5 1 1 1 1
0 0 0 0 0 0 0 0 0 0 1 0 2 1 1 1 1 0 0 0 0 0 0 0 1 1 0 0 0 1 0 0 1 1 1 0 2 1 1 1 1 2 2 4 5 8 11 7 9 15 16 26 15 16 21 16 14 27 16 8 20 35 57 60 68 59 54 62 71 75 58 62 64 38 45 24 15 33 38 23 33 12 18 14 10 11 10 8 6 8 3 2 2 1 1 1
0 0 0 0 0 0 0 0 0 0 0 1 0 1 1 1 0 0 0 0 0 0 0 0 0 0 0 0 1 0 0 1 1 0 0 0 0 2 1 1 1 3 1 3 3 4 5 9 13 24 15 8 40 40 25 36 24 23 23 29 19 40 73 57 62 65 53 58 66 82 48 56 46 31 33 27 16 14 27 38 27 24 13 14 5 8 9 8 5 3 4 2 1 1 1 0
0 0 0 0 0 0 0 0 0 0 0 0 0 1 0 1 0 0 0 0 0 0 0 0 0 0 0 0 0 0 0 1 1 2 1 1 0 1 3 0 1 3 3 6 8 3 6 9 9 26 15 33 7 20 20 55 25 33 32 51 41 43 26 32 31 19 17 34 48 49 39 19 50 36 29 47 38 27 35 23 16 23 21 15 8 4 8 5 4 2 2 1 1 1 1 0
0 0 1 0 0 0 0 0 0 0 0 0 0 1 0 1 0 0 0 0 0 0 0 0 0 0 0 1 2 2 1 0 0 0 1 1 1 0 4 2 2 3 1 3 8 8 6 5 13 28 30 11 56 41 32 65 50 24 44 27 28 44 33 33 19 16 14 9 41 61 56 28 27 42 40 46 41 35 56 37 16 17 13 9 12 5 4 3 2 2 1 1 1 1 0 0
0 0 1 0 0 0 0 0 0 0 0 0 0 0 0 0 0 0 0 0 0 0 1 0 0 1 1 1 6 10 2 1 0 1 2 1 2 1 0 6 2 4 5 5 3 4 6 13 14 28 24 12 26 15 11 45 36 37 34 22 27 45 36 37 40 24 19 16 18 40 50 38 55 53 53 60 64 48 26 28 25 11 9 7 6 4 2 2 2 1 1 1 1 0 1 0
0 0 1 0 1 0 0 1 0 0 1 0 0 0 0 1 0 0 0 0 0 0 1 0 0 1 2 2 5 27 18 4 1 1 9 4 4 2 1 3 14 3 3 14 9 10 8 16 21 20 23 9 9 16 16 21 43 41 29 21 21 26 38 53 30 32 19 19 16 9 13 33 35 18 26 33 39 54 31 22 18 13 10 8 6 3 5 2 1 1 1 1 1 0 0 0
1 0 0 1 0 0 0 0 2 1 2 4 1 2 1 0 0 0 0 0 0 1 2 1 1 1 2 3 2 4 20 11 4 2 2 8 3 2 2 1 2 11 2 3 4 5 8 15 38 33 52 25 19 20 20 20 30 29 29 60 31 18 24 24 16 19 18 10 8 10 8 10 10 8 12 28 25 18 29 19 15 10 9 5 6 3 1 1 1 0 1 0 0 0 0 0
0 2 1 1 1 1 2 1 1 1 0 0 0 0 0 2 1 0 0 0 2 0 3 4 1 2 3 3 2 1 2 8 18 7 1 6 6 1 6 4 3 2 12 11 5 6 14 12 31 27 64 33 19 20 21 23 28 28 23 41 43 29 13 12 7 8 17 15 8 3 8 6 4 4 5 8 13 10 18 10 12 5 11 5 2 2 1 0 0 0 0 0 0 0 0 0
0 0 0 0 0 0 0 0 0 0 1 0 1 1 0 1 2 1 1 1 0 0 3 11 3 3 3 7 5 1 1 1 20 8 7 6 10 2 8 10 6 2 2 12 7 13 12 13 28 21 10 13 27 29 34 37 19 18 8 10 23 11 12 7 11 7 13 10 9 3 3 5 3 4 3 2 3 7 14 8 7 3 2 2 1 1 1 0 1 0 0 0 0 0 0 0
0 0 0 0 0 0 0 0 0 1 0 0 0 0 0 1 0 0 0 1 0 6 2 7 8 4 7 7 10 4 2 2 2 7 11 12 12 4 11 5 7 8 6 5 11 8 14 29 30 33 32 19 28 20 24 31 21 14 7 6 8 6 6 4 3 4 3 3 4 4 2 1 2 3 2 2 2 2 4 3 2 1 1 1 1 0 0 0 0 0 0 0 0 0 0 0
0 0 0 0 0 0 0 0 0 0 0 0 0 0 0 1 0 0 0 0 3 3 3 2 17 4 2 2 2 2 3 1 3 1 3 6 61 35 10 12 8 4 8 8 5 13 9 14 41 47 49 31 26 21 24 26 11 7 4 14 24 23 15 16 14 11 11 7 2 2 1 1 2 2 1 1 1 1 1 2 1 1 0 0 0 0 0 0 0 0 0 0 0 0 0 0
0 0 0 0 0 0 0 0 0 0 0 0 0 0 0 0 0 0 1 4 2 2 8 14 21 16 3 2 3 4 4 5 2 3 4 3 2 3 12 8 7 15 4 8 8 16 21 16 40 30 44 46 41 34 25 13 9 10 14 21 33 44 49 43 13 20 13 12 9 7 6 3 2 0 1 2 1 1 1 0 1 1 1 0 0 0 0 0 0 0 0 0 0 0 0 2
0 0 0 0 0 0 0 0 0 0 0 0 0 0 0 0 0 0 0 0 1 2 1 1 1 2 1 2 5 7 4 12 9 3 3 2 3 3 2 7 5 14 11 4 16 12 25 21 23 17 28 31 28 34 18 22 18 20 36 39 46 43 37 40 31 17 23 25 22 23 18 14 4 2 6 9 3 1 1 1 0 0 1 1 0 0 0 0 0 0 0 0 0 0 1 0
0 0 0 0 0 0 0 0 0 0 0 0 0 0 0 0 0 0 1 1 3 1 2 1 1 1 5 2 4 6 11 8 5 7 10 2 1 1 3 4 4 7 12 14 15 16 12 11 33 21 21 24 21 15 22 34 22 40 43 34 49 44 46 39 35 32 31 43 47 40 38 18 4 5 13 8 5 5 1 2 4 1 1 0 0 0 0 0 0 0 0 0 0 0 0 0
0 0 0 0 0 0 0 0 1 1 1 1 0 0 0 0 0 0 1 0 1 1 3 2 1 2 4 2 1 3 4 3 1 3 8 5 2 2 4 2 2 4 4 5 11 13 14 12 25 24 17 12 20 23 35 35 36 44 45 44 33 45 47 39 59 37 45 44 50 53 23 13 7 11 17 11 14 5 3 6 1 1 1 0 0 0 0 0 0 0 0 0 0 0 0 0
0 0 0 0 0 0 0 0 0 0 1 1 0 1 1 1 2 1 1 1 1 0 2 1 1 2 1 2 1 2 5 6 5 4 9 4 3 7 8 2 1 10 5 9 8 5 18 11 14 14 15 20 29 37 36 44 36 33 33 39 31 47 50 59 61 56 47 44 48 45 36 32 47 31 15 19 10 5 7 3 3 1 0 0 0 0 0 0 0 0 0 0 0 0 0 0
0 0 0 0 0 0 0 3 2 0 1 4 2 1 3 1 6 8 5 3 1 2 0 0 0 0 3 3 6 10 3 22 24 8 3 4 1 5 5 3 12 6 6 6 10 7 11 13 15 16 26 24 39 50 49 38 52 38 44 42 32 50 50 57 52 53 48 46 50 53 52 23 17 7 3 11 23 11 3 8 4 1 1 0 0 0 0 0 0 0 0 0 0 0 0 0
0 0 0 0 0 0 1 3 3 1 0 5 1 0 4 2 2 1 2 5 1 2 1 1 1 1 3 5 7 18 6 5 5 18 9 7 2 12 4 4 9 13 11 11 15 26 30 31 14 39 44 33 34 46 52 57 30 22 61 45 37 42 43 35 53 65 24 60 63 50 48 38 29 14 6 20 40 21 5 8 4 3 1 1 0 0 0 0 0 0 0 0 0 0 0 0
0 0 0 1 0 0 0 0 0 5 0 3 1 1 4 1 0 1 2 1 1 0 2 1 1 4 5 3 2 10 7 6 3 2 4 3 8 9 4 3 20 20 11 30 30 18 21 15 15 38 50 35 31 65 38 33 33 17 62 31 29 36 50 54 47 44 44 59 41 33 39 31 32 47 27 26 34 22 14 11 7 5 2 1 1 0 0 0 0 0 0 0 1 1 1 2
1 1 0 0 1 2 2 1 0 0 2 8 4 1 6 1 1 1 2 3 1 1 3 1 2 3 4 5 5 4 2 4 5 8 10 6 16 2 4 8 17 16 25 33 22 13 9 16 30 22 33 43 56 31 17 26 29 18 60 28 57 26 50 30 33 68 55 38 62 42 33 39 66 69 33 9 18 31 16 9 7 5 3 1 0 0 0 0 0 0 0 1 3 2 2 8
1 1 1 1 2 7 4 12 3 0 1 5 0 1 4 2 2 1 6 1 1 1 2 1 6 4 3 2 3 1 1 4 8 5 13 3 20 3 11 9 22 25 37 17 18 15 14 28 30 23 19 36 40 21 25 37 31 21 58 54 32 45 40 49 67 53 52 50 45 28 34 76 60 20 33 37 26 25 18 11 8 6 2 1 0 0 0 0 0 0 1 1 1 1 8 11
1 3 3 8 6 7 13 20 8 3 2 2 2 1 5 2 1 1 1 1 1 1 3 1 3 3 3 9 6 6 7 8 5 2 4 7 28 8 10 12 30 32 24 17 9 18 18 40 35 18 14 28 23 11 19 42 16 39 41 38 49 21 33 69 68 50 47 35 47 56 53 58 48 47 45 20 18 16 15 9 6 4 1 1 0 0 0 0 0 0 1 2 1 2 9 41
0 4 8 4 10 1 7 18 21 20 12 12 6 1 7 16 4 1 2 1 1 2 3 2 2 2 6 2 2 3 1 3 2 7 21 9 17 5 5 10 26 16 13 7 13 25 18 21 35 16 19 20 7 16 25 26 11 34 21 48 36 44 58 54 47 40 56 39 28 16 20 20 17 11 11 7 3 5 7 4 2 2 2 1 0 0 0 1 0 0 0 2 5 7 13 30
0 0 2 1 0 1 2 2 3 1 2 3 14 1 1 9 14 7 3 4 2 1 1 1 4 1 3 3 12 10 2 5 6 7 27 18 23 7 4 12 14 7 5 14 24 19 12 13 25 9 11 17 14 17 38 23 25 13 27 37 21 50 43 17 10 14 12 26 48 51 54 51 62 40 17 6 7 5 7 8 6 3 2 1 0 0 2 2 1 1 1 2 4 20 32 34
