sesion_6_simulaciones/modelos_agentes/ejemplos_netlogo/scenarios/echam4_a2/rob_2058.asc
NCOLS 322 
NROWS 307 
XLLCORNER 451900 
YLLCORNER 4086900 
CELLSIZE 100 
NODATA_value -9999 
[rows 74 to 147 of 307, columns 0 to 95 of 322]
0 0 0 0 0 0 0 0 0 0 0 0 0 0 0 0 0 0 0 0 0 0 0 0 0 0 0 0 0 0 0 0 0 0 0 1 2 2 2 2 1 2 1 0 0 0 0 0 0 1 0 0 0 0 1 0 0 0 0 0 0 2 2 3 1 1 1 2 3 4 10 5 4 2 13 39 15 18 37 59 54 11 17 22 33 7 4 3 8 5 6 7 4 5 9 7
0 0 0 0 0 0 0 0 0 0 0 0 0 0 0 0 0 0 0 0 0 0 0 0 0 0 0 0 0 0 0 0 0 0 1 1 1 1 4 4 1 1 1 1 0 0 0 0 0 0 0 0 0 0 0 0 0 0 0 0 0 1 3 5 2 2 5 3 3 1 3 7 7 5 9 52 18 8 6 47 41 24 19 13 5 16 15 6 7 6 8 16 13 7 5 33
0 0 0 0 0 0 0 0 0 0 0 0 0 0 0 0 0 0 0 0 0 0 0 0 0 0 0 0 0 0 0 0 0 0 0 1 1 2 2 1 1 5 2 1 1 0 0 0 0 1 1 0 1 0 0 0 2 0 0 0 0 2 2 4 5 4 6 6 9 5 5 2 2 2 8 56 69 19 10 11 30 27 14 5 5 37 36 26 20 5 4 3 21 24 14 21
0 0 0 0 0 0 0 0 0 0 0 0 0 0 0 0 0 0 0 0 0 0 0 0 0 0 0 0 0 0 0 0 0 0 0 0 0 1 0 1 5 1 1 1 2 3 1 0 0 1 1 1 1 0 1 0 0 0 0 0 1 2 1 4 2 4 5 6 8 12 12 13 13 10 6 12 46 29 19 5 34 48 9 4 28 50 8 50 31 15 6 18 28 28 29 14
0 0 0 0 0 0 0 0 0 0 0 0 0 0 0 0 0 0 0 0 0 0 0 0 0 0 0 0 0 0 0 0 0 0 0 0 0 0 1 2 1 3 1 2 3 11 3 2 3 1 1 1 1 0 0 0 0 0 1 1 1 1 1 0 2 3 3 8 9 9 11 20 15 16 8 2 4 13 13 7 15 14 9 9 30 12 9 6 6 23 13 21 16 21 25 32
0 0 0 0 0 0 0 0 0 0 0 0 0 0 0 0 0 0 0 0 0 0 0 0 0 0 0 0 0 0 0 0 1 1 3 2 1 0 1 2 2 6 4 1 2 2 9 10 21 18 9 4 2 2 1 0 0 1 1 1 0 0 0 0 0 1 1 1 2 8 12 12 14 17 12 10 6 12 4 3 13 14 10 17 30 11 23 13 6 17 23 49 61 58 40 45
0 0 0 0 0 0 0 0 0 0 0 0 0 0 0 0 0 0 0 0 0 0 0 0 0 0 0 0 0 0 0 0 0 1 5 8 1 1 1 4 4 3 9 5 2 2 4 12 46 53 60 67 42 7 4 2 1 1 1 1 1 0 0 0 1 1 1 2 2 6 12 9 14 19 17 9 8 4 2 0 5 12 13 17 30 20 8 10 12 17 62 62 61 36 35 63
0 0 0 0 0 0 0 0 0 0 0 0 0 0 0 0 0 0 0 0 0 0 0 1 0 0 0 0 0 0 0 0 0 0 0 4 2 1 1 4 9 28 7 15 10 4 3 1 1 3 10 19 34 48 22 6 2 1 1 1 0 1 0 2 0 0 1 1 1 3 3 15 14 18 22 13 3 0 1 1 3 6 8 20 10 22 27 30 18 16 11 8 29 22 29 47
0 0 0 0 0 0 0 0 0 0 0 0 0 0 0 0 0 0 0 0 0 1 1 0 2 0 0 0 0 0 0 0 0 0 1 1 0 0 0 2 3 4 6 16 9 6 8 5 1 0 0 1 3 12 11 28 8 3 1 7 10 3 2 1 3 1 1 2 0 0 3 8 19 13 9 11 6 4 4 9 3 3 12 33 12 38 35 32 28 35 23 12 11 28 66 78
0 0 0 0 0 0 0 0 0 0 0 0 0 0 0 0 0 0 1 1 0 0 0 0 0 0 0 0 0 0 0 0 0 0 0 1 0 0 1 2 7 14 4 3 2 2 2 2 0 1 2 1 5 2 2 6 12 7 20 14 3 1 1 1 2 1 1 2 2 2 14 11 14 10 9 11 15 20 11 5 8 8 33 39 25 56 48 76 56 50 55 49 14 13 18 19
0 0 0 0 0 0 0 0 0 0 0 0 0 0 0 0 0 0 0 0 0 0 0 0 0 0 0 0 0 0 1 0 0 0 1 1 0 1 2 2 4 9 13 11 1 0 1 1 1 1 1 5 17 7 6 4 3 13 38 6 3 2 1 1 1 1 2 1 5 8 8 10 10 8 9 9 13 13 21 5 8 7 13 10 23 58 29 41 59 72 47 51 53 34 26 21
0 0 0 0 0 0 0 0 0 0 0 0 0 0 0 0 0 0 0 0 0 0 0 0 0 0 0 0 0 0 0 0 0 1 0 1 0 3 2 2 5 6 14 15 7 8 11 7 10 11 7 10 12 8 5 3 6 14 5 6 4 5 2 1 1 0 0 4 4 3 9 6 26 7 6 20 13 12 14 10 9 6 7 18 4 42 33 64 63 78 85 85 67 48 35 32
0 0 0 0 0 0 0 0 0 0 0 0 0 0 0 0 0 0 0 0 0 0 0 0 0 0 0 0 0 0 0 0 0 0 0 0 0 1 1 3 5 3 9 8 5 6 9 5 4 7 8 3 5 6 4 5 12 4 6 7 9 3 1 1 1 1 1 1 1 3 2 6 3 2 21 13 9 14 41 17 20 10 5 14 27 49 41 31 71 67 58 62 74 38 36 33
0 0 0 0 0 0 0 0 0 0 0 0 0 0 0 0 0 0 0 0 0 0 0 0 0 0 0 1 0 0 0 0 0 0 0 0 0 1 1 2 5 2 1 2 2 3 7 1 3 4 3 4 4 7 5 4 5 2 5 4 6 1 1 1 1 1 5 8 5 3 5 4 4 3 3 3 27 37 7 16 17 11 11 8 13 18 35 52 61 70 16 43 57 59 35 32
0 0 0 0 0 0 0 0 0 0 0 0 0 0 0 0 0 0 0 0 0 0 0 0 1 1 1 1 0 2 1 1 0 0 0 0 0 0 0 1 1 1 2 1 3 4 6 1 3 5 2 1 2 6 4 1 3 2 3 4 2 0 0 1 2 1 0 3 7 2 5 4 3 4 9 5 6 11 9 8 5 8 19 18 12 15 14 11 29 27 18 45 25 61 51 42
0 0 0 0 0 0 0 0 0 0 0 0 0 0 0 0 0 0 0 0 0 0 0 1 1 3 3 2 1 1 1 1 0 1 0 0 0 0 0 0 0 0 1 1 1 2 2 1 1 2 1 1 0 3 6 1 2 1 8 2 1 1 1 2 2 0 0 0 15 3 4 3 3 3 4 11 12 29 32 26 37 25 13 9 27 36 32 30 14 11 24 42 46 21 42 37
0 0 0 0 0 0 0 0 0 0 0 0 0 0 0 0 0 0 0 0 0 0 1 1 8 0 5 6 1 2 2 2 1 2 1 1 1 0 0 0 0 0 0 0 1 2 0 1 1 1 1 2 2 5 0 2 4 1 2 1 0 1 3 1 1 1 1 0 4 35 25 9 3 15 15 23 55 50 10 19 47 35 42 39 36 39 39 40 32 16 8 37 35 19 12 5
0 0 0 0 0 0 0 0 0 0 0 0 0 0 0 0 0 0 0 0 0 0 0 1 4 1 0 14 6 1 0 4 1 3 3 6 2 1 1 0 0 0 1 0 0 0 0 0 0 1 8 11 15 10 13 1 0 2 0 0 0 2 1 0 0 0 5 4 1 2 8 11 51 79 49 28 14 11 55 22 5 28 43 37 32 36 44 45 38 17 12 13 9 5 9 26
0 0 0 0 0 0 0 0 0 0 0 0 0 0 0 0 0 0 0 0 0 0 0 2 0 2 3 9 23 5 0 0 0 1 1 3 2 3 4 1 1 0 1 2 2 2 3 1 2 14 22 13 2 3 9 21 4 1 1 1 1 1 1 1 1 1 1 1 4 2 3 3 3 4 3 50 14 16 9 23 39 12 19 49 37 42 46 43 44 45 25 7 15 31 18 26
0 0 0 0 0 0 0 0 0 0 0 0 0 0 0 0 0 1 3 1 0 2 0 0 0 1 1 0 3 3 8 1 0 0 2 1 1 7 1 1 5 0 1 4 10 5 3 9 9 15 34 35 7 23 14 25 8 12 5 4 1 3 0 1 1 1 0 2 2 1 1 1 2 3 3 9 8 13 11 14 25 50 25 30 41 43 31 35 23 14 26 33 39 10 8 11
0 0 0 0 0 0 0 0 0 0 0 0 0 0 0 0 0 1 0 1 0 1 1 1 0 2 1 1 0 5 23 4 1 1 1 2 1 2 9 1 9 0 2 11 11 8 12 23 24 62 51 49 32 67 56 40 27 27 22 2 3 2 0 1 0 1 2 8 4 4 2 7 10 8 6 4 5 14 22 17 11 12 42 41 38 23 34 17 16 38 41 32 39 39 25 15
0 0 0 0 0 0 0 0 0 0 0 0 0 0 0 0 0 0 0 1 1 2 0 1 1 1 2 1 0 2 11 13 4 2 0 1 0 1 7 1 9 1 2 11 13 16 44 49 55 72 61 19 52 40 37 30 23 36 2 1 6 2 1 1 1 1 2 3 5 3 23 5 2 4 5 11 37 39 41 32 25 19 22 31 21 13 29 28 28 33 51 43 24 18 25 22
0 0 0 0 0 0 0 0 0 0 0 0 0 0 0 0 0 0 0 0 0 1 0 1 2 1 3 2 2 1 8 22 1 1 1 1 0 4 25 11 18 11 4 8 22 45 71 64 37 77 41 6 22 5 12 42 50 32 6 18 15 13 2 0 0 1 1 1 2 11 3 6 9 4 6 21 18 12 31 42 46 25 12 14 9 16 33 49 44 43 41 47 24 26 25 39
0 0 0 0 0 0 0 0 0 0 0 0 1 0 0 0 0 0 1 1 0 0 1 4 6 7 3 6 3 2 11 29 2 1 5 4 1 3 2 12 25 46 15 18 43 54 80 74 32 53 8 12 6 2 1 2 49 58 47 33 10 19 1 1 5 8 1 0 1 2 3 11 4 17 21 5 15 35 26 44 35 40 44 18 30 31 45 43 52 34 51 51 38 43 37 50
0 0 0 0 0 0 0 0 0 0 0 0 0 1 0 1 0 1 1 2 3 1 2 4 4 8 7 15 9 10 5 15 4 4 4 1 2 6 3 6 10 32 26 42 51 54 81 90 80 54 19 7 2 2 1 1 2 1 65 34 36 4 1 6 3 4 4 1 1 1 5 4 16 12 9 6 9 5 19 25 45 54 35 23 28 45 38 32 55 27 72 33 38 40 31 36
0 1 0 0 0 0 0 0 0 0 0 0 0 0 2 2 0 1 2 2 3 3 5 14 18 23 24 19 19 24 2 12 18 7 5 3 2 4 1 1 3 30 5 13 14 21 79 83 76 30 18 18 10 8 3 5 1 5 3 3 3 2 5 7 7 2 2 1 1 2 2 4 4 7 3 3 4 13 17 33 39 46 29 28 23 34 40 18 42 37 74 44 43 24 35 47
0 0 1 0 0 0 0 0 0 0 0 0 0 0 1 0 4 1 1 1 2 2 1 2 3 9 13 6 22 26 11 39 56 27 6 15 5 5 5 1 17 28 19 12 19 26 10 37 52 11 20 24 16 11 15 7 4 11 6 9 4 1 5 6 4 2 2 1 2 1 0 1 6 8 7 6 10 17 18 25 24 37 28 28 26 23 31 27 58 62 19 37 46 43 49 33
0 0 0 0 0 0 0 0 0 0 0 0 0 0 0 1 1 6 2 2 1 4 4 6 13 17 16 9 4 5 5 51 39 18 33 39 50 27 4 4 17 21 64 33 33 32 30 10 6 13 33 27 18 12 6 12 12 8 6 4 5 4 10 8 4 3 1 2 3 1 0 1 2 4 5 13 10 16 18 21 21 21 17 28 32 19 20 27 47 5 21 35 28 11 7 20
0 0 0 0 0 0 0 0 0 0 0 0 0 0 1 1 1 1 2 3 5 11 11 15 22 43 25 23 15 7 4 3 43 52 47 15 67 36 19 35 47 11 55 32 80 65 28 12 12 6 20 27 19 13 14 5 12 8 7 4 8 9 22 25 7 2 1 1 1 0 0 1 1 1 1 7 7 9 13 13 19 14 18 26 11 32 24 52 21 13 27 29 33 20 19 31
0 0 0 0 0 0 0 0 0 0 0 0 1 0 0 0 1 1 2 3 8 10 34 27 32 27 51 31 11 13 10 9 4 35 39 9 12 9 53 26 21 7 65 27 14 6 20 14 21 14 22 32 34 23 12 5 3 4 1 2 4 3 11 14 1 2 2 0 1 1 3 2 1 3 3 1 7 7 10 11 9 25 8 3 14 41 19 51 14 6 11 15 18 17 28 32
0 0 0 0 0 0 0 0 0 0 0 0 0 0 1 2 1 1 1 2 2 8 41 48 18 16 21 23 30 27 17 25 11 4 4 14 5 10 61 9 7 16 37 13 13 9 22 16 18 14 7 21 25 24 10 5 3 4 2 2 2 1 2 1 2 2 1 1 1 2 3 1 2 3 3 2 8 8 8 8 28 6 7 12 15 25 22 17 19 3 4 13 16 29 35 48
0 0 0 0 0 0 0 0 0 0 0 0 0 0 0 0 2 3 7 11 7 15 12 10 6 2 11 23 29 23 41 40 10 5 1 3 9 36 19 17 3 43 64 20 20 19 18 26 29 7 10 15 13 14 6 6 4 2 2 1 1 0 1 4 5 2 2 2 3 3 2 2 1 5 2 2 4 4 6 14 9 6 8 6 14 6 16 25 38 14 9 13 21 23 18 42
0 0 0 0 0 0 0 0 0 0 0 0 0 0 0 2 2 4 8 7 9 28 12 8 12 12 4 12 20 16 17 11 6 14 11 12 25 17 30 13 17 21 43 43 31 25 9 13 17 5 5 20 25 26 21 9 4 2 5 11 7 2 2 3 1 1 10 7 2 2 2 20 7 3 3 2 2 2 3 9 3 6 7 2 9 8 15 26 16 31 20 27 22 33 30 39
0 0 0 0 1 0 0 0 0 0 0 0 0 4 1 10 4 2 5 13 17 19 29 14 11 13 13 8 23 20 11 9 13 19 22 22 7 10 14 16 15 5 9 21 31 17 3 6 6 7 10 13 10 10 7 5 5 2 18 17 7 7 1 1 3 2 14 61 32 14 7 4 17 30 5 2 2 3 6 4 1 9 3 6 6 13 5 7 9 15 27 22 49 34 15 23
0 0 0 0 0 0 0 0 0 0 0 0 0 1 4 5 9 11 8 15 13 10 25 11 7 8 6 4 3 5 13 12 19 19 11 21 19 17 14 11 4 10 18 6 30 18 13 12 12 5 5 5 5 22 12 10 7 2 4 3 3 2 7 2 6 9 7 40 61 37 3 6 6 3 21 9 2 3 3 2 6 9 3 26 10 8 9 15 11 17 26 40 18 19 21 10
0 0 0 0 0 1 1 0 0 0 0 0 0 0 0 1 0 1 4 11 12 14 23 31 17 12 16 13 7 4 8 3 5 10 10 18 19 13 20 6 3 13 7 10 30 16 16 12 14 8 7 6 7 15 24 2 3 3 6 4 4 15 12 13 19 9 16 13 52 25 22 6 4 5 5 12 7 9 6 9 3 5 7 12 9 13 16 6 10 47 21 10 26 19 24 23
0 0 0 0 0 0 0 0 0 0 0 0 1 0 2 2 1 1 2 8 14 30 40 50 44 15 10 5 2 4 4 1 1 2 6 6 11 14 9 12 10 13 4 23 4 2 6 8 10 10 18 16 7 16 9 8 5 7 10 3 8 10 6 6 57 17 19 11 5 54 49 11 12 4 17 27 30 48 28 20 11 9 3 14 35 20 40 27 26 35 25 14 26 33 38 22
0 0 0 0 0 0 0 0 0 0 0 0 0 0 2 1 1 5 3 21 54 29 13 23 32 17 12 13 5 1 4 5 7 4 2 5 17 16 4 8 21 22 18 17 6 3 8 17 25 27 11 40 26 28 16 7 7 3 3 12 5 4 4 6 6 24 14 14 7 22 41 62 41 8 2 20 14 37 4 2 14 41 2 7 3 15 17 64 51 44 69 32 31 28 32 33
0 0 0 0 0 0 0 1 0 0 0 0 0 0 0 1 5 6 7 4 5 35 38 20 23 16 25 36 20 7 6 13 9 9 10 4 4 11 10 11 11 18 16 15 12 13 29 25 19 23 23 18 22 16 13 19 24 28 9 2 10 4 4 29 6 19 30 14 9 11 40 43 47 23 8 12 3 21 9 4 1 17 8 8 12 44 10 18 7 4 39 18 25 68 32 50
0 0 0 0 0 0 0 0 0 0 0 0 1 0 0 1 3 4 7 8 6 2 27 58 38 35 28 28 33 12 11 17 8 10 19 25 10 4 5 12 16 13 7 40 17 19 22 52 52 32 45 18 24 52 68 63 21 13 7 4 7 32 14 4 31 8 32 22 15 3 38 36 26 41 8 13 3 27 37 8 4 35 5 9 15 3 19 12 4 14 65 24 15 54 71 68
0 0 0 0 0 0 0 0 0 0 0 0 0 0 0 1 1 4 7 15 14 14 6 18 21 21 7 9 29 11 8 9 6 5 8 14 12 9 7 13 10 5 5 5 23 28 24 45 32 18 16 37 17 14 11 7 11 4 8 9 8 21 26 9 12 28 3 42 25 8 30 50 43 39 14 12 5 35 9 9 2 55 16 10 17 16 7 14 13 28 60 72 20 18 68 67
0 0 0 0 0 0 0 0 0 0 0 0 0 0 0 0 1 1 7 20 27 15 10 4 3 2 8 5 1 2 9 1 2 5 10 7 10 16 11 9 18 14 17 15 21 27 25 22 15 15 28 30 30 38 16 25 21 11 6 11 5 12 20 21 17 52 21 39 57 18 17 25 53 28 43 13 8 34 19 40 28 54 73 23 18 20 7 25 15 9 38 80 30 12 14 66
0 0 0 0 0 0 0 0 0 0 0 0 0 0 0 0 2 2 6 12 19 13 7 11 6 6 7 3 1 1 4 3 3 4 4 6 13 14 10 21 33 22 21 17 9 16 18 17 20 42 28 46 31 30 25 31 27 20 13 20 14 25 12 29 11 48 39 17 60 38 6 28 39 29 59 20 37 20 23 19 43 20 75 45 12 21 21 52 17 9 11 55 36 18 34 32
0 0 0 0 0 0 0 0 0 0 0 0 0 0 0 0 1 2 4 8 12 13 11 9 16 13 15 11 2 1 1 1 1 4 5 3 12 14 7 7 27 19 11 7 17 11 18 13 12 40 53 47 54 34 13 24 55 21 31 29 34 42 17 7 11 9 28 16 30 53 23 18 21 62 47 36 53 21 35 66 48 21 50 70 21 26 11 11 12 17 21 62 35 46 30 9
1 0 0 0 0 0 0 0 0 0 0 0 0 0 0 0 3 3 19 20 15 33 20 26 8 10 15 14 9 1 1 1 7 5 15 16 12 21 22 19 20 15 13 10 12 9 8 17 13 11 9 20 11 20 46 39 58 19 76 59 18 54 22 30 33 13 9 6 23 42 21 42 22 44 11 36 78 55 34 52 66 60 51 79 23 21 33 13 18 6 27 42 43 19 12 16
0 0 0 0 0 0 0 0 0 0 0 0 0 1 1 1 0 2 3 2 5 2 4 9 17 26 15 14 22 4 1 13 9 12 6 4 12 11 12 36 25 9 14 24 20 20 24 28 12 29 31 11 34 53 44 59 42 48 41 54 15 40 50 26 44 57 56 35 17 56 57 72 66 37 32 41 63 68 52 55 62 64 47 76 72 41 7 8 12 23 32 47 56 27 13 9
0 0 0 0 0 0 0 0 0 0 0 0 0 0 2 2 2 1 5 4 3 8 6 12 29 13 16 19 22 22 8 53 16 6 11 5 21 21 24 33 52 26 31 33 21 34 20 25 15 21 27 19 8 38 18 31 64 66 46 49 54 71 73 61 21 62 56 63 55 37 53 66 21 39 38 43 61 52 73 75 64 45 43 81 72 35 43 9 13 41 22 51 41 41 35 21
0 0 0 0 0 0 0 0 0 0 0 0 0 0 0 0 0 1 1 9 5 8 10 11 12 13 25 17 20 13 16 52 12 15 14 11 18 16 18 34 45 22 22 32 19 30 9 11 24 13 13 23 8 6 7 8 36 59 65 70 59 51 67 82 46 40 65 66 57 37 15 30 41 29 35 56 66 81 61 44 43 33 82 72 74 33 25 25 17 25 29 53 15 10 13 46
2 1 0 0 0 0 0 0 0 0 0 0 0 0 1 0 0 1 1 4 9 12 3 5 7 14 16 7 24 20 35 18 20 29 14 7 8 17 43 41 21 13 27 40 37 26 9 8 7 24 13 13 20 17 8 4 13 19 14 43 30 29 61 78 71 51 28 14 16 26 20 22 21 25 30 29 64 55 49 34 13 32 84 70 74 63 29 33 9 30 38 64 62 47 24 12
0 1 1 0 0 0 0 0 0 0 0 0 0 0 4 0 0 0 2 6 5 4 1 6 4 2 11 5 21 29 32 33 38 19 9 19 23 21 41 30 14 30 15 17 31 9 8 12 5 18 10 7 16 7 16 10 9 16 18 6 25 29 35 46 49 24 21 34 28 42 25 16 18 24 26 13 39 35 39 23 21 14 46 31 49 73 34 45 14 42 59 50 37 40 39 17
1 0 0 0 0 0 0 0 0 0 0 0 0 0 0 2 1 1 1 1 4 1 5 5 4 2 7 6 17 14 18 19 32 14 23 23 29 15 29 22 15 22 14 16 18 7 9 9 6 30 14 10 20 21 15 12 24 23 34 21 13 19 7 15 5 5 18 32 34 38 35 21 16 9 11 11 20 21 24 22 24 18 22 18 33 41 17 34 11 34 59 55 33 17 77 59
0 0 1 0 0 0 0 0 0 0 0 0 0 1 0 5 2 1 1 1 3 2 2 4 4 4 18 13 19 13 24 34 11 19 19 34 18 15 37 10 15 22 8 14 13 23 6 14 5 17 12 14 14 26 11 16 16 28 21 26 27 35 15 14 15 9 28 22 28 19 11 8 30 15 10 5 9 21 15 13 13 11 14 27 32 29 23 31 16 69 73 71 69 28 9 21
0 0 0 0 0 0 0 0 0 0 0 0 2 2 1 0 2 1 1 2 3 2 2 6 4 4 14 9 7 5 7 12 18 43 21 14 15 4 17 7 13 11 12 10 5 7 8 10 13 14 13 14 11 16 17 26 29 17 25 20 37 20 11 27 8 16 20 37 15 12 19 40 29 25 26 27 8 6 15 13 14 19 13 35 21 16 46 16 29 70 68 63 79 44 49 15
1 0 0 0 0 0 0 0 0 0 0 0 0 1 1 0 0 1 0 1 1 1 1 4 3 9 8 11 4 5 9 31 13 16 25 14 10 9 16 5 10 7 3 4 4 9 2 5 6 2 8 3 9 18 24 30 41 30 13 24 19 24 21 15 51 15 23 27 30 53 43 27 16 16 23 28 26 30 33 34 43 47 21 21 18 32 54 35 50 63 35 54 83 64 66 48
1 1 1 1 0 0 0 0 0 0 0 0 0 1 0 1 1 1 1 1 1 1 1 1 1 1 3 6 6 13 8 19 6 11 20 11 6 8 4 8 5 5 4 13 17 7 3 15 35 14 22 16 28 44 43 15 22 26 24 18 22 22 39 32 38 31 27 27 53 11 8 12 15 8 5 8 30 24 40 46 51 45 38 16 15 35 61 30 35 18 27 61 90 55 72 63
0 0 0 1 1 1 0 0 0 2 1 1 0 0 0 1 1 0 2 2 10 5 6 2 6 1 1 4 7 5 8 4 4 8 17 9 5 4 3 4 11 39 10 6 11 12 20 9 37 49 72 37 51 71 52 27 44 24 10 12 11 14 37 20 23 31 29 39 14 13 16 24 42 27 28 21 10 32 51 66 59 21 14 21 12 39 55 37 32 29 32 82 85 53 59 89
0 0 0 1 1 1 2 2 1 0 1 0 0 0 0 0 1 1 2 2 7 16 11 3 3 6 14 8 10 3 18 7 6 4 5 5 3 3 8 8 18 3 16 38 12 24 29 22 21 70 70 76 29 58 55 55 34 52 30 22 20 24 7 24 34 41 40 14 17 18 31 48 35 45 59 37 23 52 65 68 33 18 14 26 19 38 21 18 34 38 60 87 68 81 61 90
1 1 0 0 1 0 1 1 0 1 0 0 0 0 1 0 1 1 4 4 2 19 14 23 28 40 28 20 15 4 9 6 4 6 9 26 15 27 41 32 37 45 27 55 18 37 55 60 13 13 13 67 66 34 56 29 26 69 46 41 17 19 24 34 37 39 28 32 33 43 37 21 35 34 39 35 61 52 40 37 22 15 12 17 15 25 18 19 23 24 40 77 55 75 34 65
1 2 1 1 1 1 0 0 0 0 0 0 0 0 0 0 0 1 5 16 5 2 16 53 26 44 38 46 41 56 31 48 48 62 22 44 5 38 61 31 52 72 28 61 61 33 64 30 77 41 21 79 61 58 57 55 78 81 35 51 26 18 19 19 19 28 22 16 15 21 22 29 21 35 40 61 69 56 18 8 20 11 8 13 8 14 15 25 27 46 62 77 45 49 46 40
1 1 9 0 3 3 1 1 1 1 0 1 1 1 1 0 1 1 1 10 5 1 2 6 7 5 26 54 38 43 49 43 66 44 34 45 61 51 57 63 30 73 72 38 55 48 70 34 70 83 55 58 59 49 33 76 60 63 49 57 46 15 17 15 37 26 29 36 39 39 46 32 45 40 65 66 46 27 22 8 3 5 6 10 11 6 11 20 24 35 62 62 22 28 34 34
1 1 1 3 3 4 2 3 2 2 0 1 2 1 1 1 1 1 3 1 1 1 3 2 3 8 22 17 26 39 47 58 18 48 22 67 57 56 60 65 51 66 56 60 67 63 68 74 20 68 51 31 76 24 47 75 56 21 63 23 31 52 12 12 24 25 44 41 41 37 36 43 58 81 78 66 45 24 5 7 6 3 2 2 6 3 10 11 16 25 44 35 25 16 36 48
0 1 2 2 2 3 1 1 3 1 2 1 1 1 0 1 1 1 3 5 4 4 3 4 3 5 2 3 4 6 4 4 9 13 5 4 8 7 7 11 12 15 10 17 18 17 19 70 55 48 78 32 61 59 60 62 24 16 26 28 58 53 26 18 35 35 42 30 31 59 74 74 78 75 67 56 36 10 4 4 3 3 3 1 4 2 5 4 7 10 18 21 18 10 17 23
2 3 3 2 1 0 1 1 2 0 1 1 1 1 1 1 1 1 2 1 1 5 5 3 8 6 3 4 7 10 6 6 18 14 12 15 8 10 14 20 17 20 34 19 25 16 27 12 17 20 51 51 59 65 60 32 35 44 38 49 53 28 22 29 31 30 43 59 71 72 78 63 44 43 26 20 6 7 7 7 6 4 2 3 1 1 1 1 2 3 7 8 11 6 6 8
9 12 5 1 1 0 0 1 0 1 0 0 0 1 0 0 0 0 0 4 3 1 2 2 4 3 1 8 5 4 8 7 3 3 3 7 6 6 11 7 10 21 22 14 12 19 15 27 23 23 14 18 17 18 28 31 42 38 34 42 15 18 20 31 35 26 27 24 46 70 73 67 46 33 14 13 20 18 28 24 14 7 2 3 4 4 5 3 2 1 1 1 3 9 8 6
2 2 1 3 1 1 0 0 0 0 0 0 0 1 0 0 1 0 0 0 4 4 3 4 2 3 2 5 7 8 5 2 5 3 4 6 6 8 9 13 10 10 11 7 5 6 7 8 17 26 37 54 37 32 31 27 30 29 30 13 11 19 19 39 30 18 26 26 29 35 28 40 41 19 13 23 31 26 8 6 3 4 4 8 18 17 16 8 7 5 2 2 1 1 2 2
2 1 2 0 0 0 0 0 0 0 0 0 0 0 0 0 0 1 1 1 1 5 5 3 4 2 3 5 8 2 2 4 3 7 8 4 7 6 6 8 8 9 27 14 15 12 13 18 27 22 35 37 29 29 30 24 27 20 19 20 4 21 19 26 43 44 40 49 37 31 17 16 8 16 23 35 53 32 13 8 8 13 13 25 20 19 21 22 22 10 13 6 4 3 1 1
3 2 1 0 0 0 0 0 0 0 0 0 0 0 0 0 0 1 1 0 1 2 4 4 5 1 8 12 3 1 4 2 5 4 8 10 6 11 13 12 3 11 15 16 12 25 26 22 17 14 23 13 41 30 52 37 23 20 14 11 13 16 21 15 59 67 35 53 46 40 28 27 13 26 40 48 25 10 15 20 18 28 19 33 39 32 43 30 28 25 20 19 15 10 4 7
1 0 0 0 0 0 2 3 1 0 2 0 0 0 0 0 0 0 0 0 1 2 1 2 3 5 20 21 7 4 6 4 5 15 7 11 9 13 5 6 16 14 9 14 15 26 23 11 29 14 25 32 30 20 36 21 37 10 18 8 27 41 18 49 76 52 51 32 28 31 21 12 17 29 39 35 16 24 25 31 40 35 41 55 53 46 44 34 47 47 30 46 26 15 13 11
0 1 0 0 1 6 2 1 5 7 0 1 0 0 0 0 0 0 0 1 2 1 1 4 3 15 9 2 2 1 3 6 3 5 19 6 7 10 12 16 10 11 9 9 13 13 22 21 19 22 28 25 31 21 25 21 40 24 11 6 13 36 53 67 59 60 37 34 34 17 14 18 26 12 41 18 32 31 48 48 58 44 51 61 61 46 59 56 55 38 39 43 30 28 33 33
0 0 0 0 0 6 4 5 9 4 2 2 5 1 0 0 0 0 1 1 0 0 1 4 1 1 2 2 5 6 3 2 7 2 7 7 8 19 10 10 5 12 5 4 6 14 14 23 25 18 15 34 10 23 30 26 15 10 22 14 4 21 21 29 42 63 51 63 41 12 30 24 36 29 73 38 33 35 46 48 60 46 52 66 47 47 61 74 63 59 43 43 40 54 50 33
0 0 0 1 0 0 0 0 5 6 7 7 5 1 1 1 0 0 0 0 0 0 1 1 1 2 3 3 4 3 2 1 2 3 3 5 3 4 5 11 20 7 11 10 3 5 9 9 16 20 24 21 22 6 34 6 13 30 15 16 8 8 16 15 12 14 35 23 13 32 60 33 39 32 70 36 43 46 60 67 81 69 82 81 75 67 69 69 83 81 54 48 47 49 74 51
0 0 0 0 0 0 0 1 0 2 1 4 3 1 2 2 2 1 1 0 0 0 0 0 1 2 2 1 0 1 1 1 1 1 2 2 2 2 3 8 12 25 11 4 22 16 19 7 14 9 9 16 6 17 17 24 25 16 18 14 10 28 40 29 22 14 15 31 40 36 49 52 31 45 63 56 63 55 68 83 71 62 83 81 80 79 77 76 80 74 62 55 71 75 75 61
0 0 0 1 1 0 5 1 1 0 6 10 2 8 3 5 10 5 3 1 0 0 0 0 1 1 0 0 0 0 0 0 0 0 1 2 1 2 4 7 6 9 14 18 1 13 13 16 17 9 10 23 29 14 6 6 11 25 22 21 15 41 31 24 12 28 31 33 57 53 44 70 50 66 59 73 77 71 78 69 43 68 78 63 45 49 68 41 71 80 67 68 65 66 64 79
2 3 6 2 7 0 0 0 2 2 9 10 8 34 11 13 25 12 2 3 1 1 0 0 0 0 0 0 0 0 0 0 0 1 0 0 1 1 2 1 2 5 9 24 16 8 16 9 15 13 12 10 8 38 55 24 21 19 17 21 32 30 38 20 29 35 49 28 49 59 40 57 64 61 76 52 65 62 77 68 25 38 51 62 37 10 16 32 74 70 71 77 42 49 37 72
