sesion_6_simulaciones/modelos_agentes/ejemplos_netlogo/scenarios/echam4_a2/rob_2098.asc
NCOLS 322 
NROWS 307 
XLLCORNER 451900 
YLLCORNER 4086900 
CELLSIZE 100 
NODATA_value -9999 
[rows 216 to 287 of 307, columns 0 to 95 of 322]
0 1 1 2 1 2 3 5 2 1 1 0 1 0 1 1 0 0 0 0 0 0 1 0 1 1 1 3 2 2 3 3 2 1 1 3 12 3 3 4 12 13 10 8 4 9 9 21 17 7 5 11 9 4 7 20 7 21 23 21 30 11 19 52 51 34 33 25 35 46 45 55 50 51 55 28 26 25 25 19 12 10 3 3 1 1 1 1 0 1 3 5 2 5 19 54
0 1 2 1 2 0 2 5 6 7 3 3 1 0 2 5 1 0 0 0 0 1 1 0 1 1 2 1 1 1 0 1 1 3 8 3 6 2 2 3 10 6 5 3 6 12 7 8 13 5 6 6 2 5 8 10 4 15 9 26 18 25 37 35 30 27 44 28 21 12 17 20 19 15 15 11 6 8 13 8 4 6 6 3 1 1 1 1 1 1 1 5 14 16 24 43
0 0 0 0 0 0 0 0 1 0 0 1 4 0 0 2 4 2 1 1 1 0 0 0 1 0 1 1 4 4 1 2 2 2 10 6 7 2 1 4 4 2 2 6 10 7 4 4 8 2 3 5 4 5 14 8 9 5 12 17 9 28 24 8 5 8 7 17 38 43 49 49 64 46 24 9 12 10 13 15 14 8 6 2 1 1 6 6 3 1 2 4 11 37 49 46
0 0 0 0 0 1 1 0 1 0 0 0 0 0 0 0 0 1 0 0 0 1 0 1 0 1 1 2 1 2 2 5 3 3 6 5 2 2 2 4 2 3 4 8 7 3 4 1 3 3 3 11 26 12 19 37 39 16 38 45 54 72 43 57 36 34 39 37 33 15 31 34 30 36 42 43 33 24 10 10 8 3 3 1 1 3 7 14 8 8 8 5 7 18 31 56
0 0 0 0 0 1 1 1 0 0 1 0 0 0 0 0 0 0 0 0 0 1 0 0 1 1 0 4 3 2 4 5 3 2 3 1 0 1 1 4 3 3 3 4 3 2 2 2 2 4 5 15 18 23 5 10 39 58 60 41 9 7 22 23 65 43 39 61 33 22 24 32 49 33 17 17 10 13 10 9 4 3 1 0 2 7 13 21 24 13 14 14 8 16 37 35
0 0 0 0 0 0 1 1 0 0 0 1 1 1 0 0 0 0 0 0 0 0 2 1 1 0 0 1 2 1 1 2 3 1 2 0 1 1 0 3 2 2 3 2 1 2 3 2 8 13 6 4 5 5 4 5 28 37 30 16 29 21 20 34 28 28 33 25 52 39 49 34 38 39 30 28 19 16 6 4 4 3 1 1 5 12 20 37 46 29 29 16 13 35 45 41
0 0 0 0 0 0 1 1 0 1 0 1 1 0 0 0 0 0 0 0 0 1 1 1 1 1 1 1 2 1 0 1 1 0 1 1 0 1 1 3 1 1 1 1 1 3 2 3 6 20 18 9 6 9 9 5 10 21 12 18 27 18 15 43 27 41 29 44 43 43 44 45 27 24 22 20 13 13 3 4 2 1 1 3 6 15 29 48 47 34 25 25 39 49 67 55
0 0 0 0 0 0 0 1 1 0 0 1 1 0 0 0 0 0 1 1 1 1 0 2 1 1 1 1 1 1 0 1 0 0 1 0 0 0 1 2 1 1 0 1 0 0 1 1 1 11 19 11 16 10 9 10 6 8 18 27 24 46 23 34 50 34 38 48 60 45 29 32 26 21 14 8 8 11 5 4 1 2 2 10 13 18 28 36 58 55 30 39 47 51 20 23
0 0 0 1 0 1 1 1 1 1 1 2 1 1 0 1 0 1 0 0 2 0 1 1 0 0 0 1 0 0 0 0 0 0 0 0 0 0 0 1 0 0 0 2 2 2 2 3 4 2 4 11 8 8 6 7 8 15 18 23 31 42 29 70 73 55 50 45 48 36 30 32 22 20 18 8 7 3 2 1 0 2 7 18 23 38 24 45 67 63 36 46 53 52 22 22
0 0 1 2 2 2 1 1 0 1 1 1 1 0 0 1 0 0 0 1 0 0 1 0 0 0 0 0 0 0 0 0 0 0 0 0 0 0 0 1 0 0 1 1 1 3 3 10 14 7 4 7 5 9 5 6 9 22 20 23 41 29 28 28 41 41 37 42 32 29 30 20 18 18 10 8 5 2 1 1 1 6 18 22 25 49 53 49 72 67 60 62 39 36 26 30
0 0 0 0 0 6 2 0 1 1 1 0 1 1 0 0 0 0 0 1 0 0 1 0 0 0 0 0 0 0 0 0 0 0 0 0 0 0 0 0 0 1 2 1 2 3 5 3 20 39 7 7 3 5 6 12 13 15 21 19 18 16 28 20 21 37 54 41 28 20 16 16 24 10 7 5 4 1 2 3 3 11 23 23 23 46 65 66 64 74 61 43 41 28 26 23
0 0 0 0 1 1 1 0 0 0 1 1 1 0 0 0 0 0 1 2 0 0 0 0 0 0 0 0 0 0 0 0 0 0 0 0 0 0 1 2 0 0 0 3 2 3 11 7 9 4 8 13 11 11 12 16 24 19 24 25 27 18 24 19 22 36 38 21 14 25 16 10 7 7 6 3 1 2 5 9 13 13 28 32 26 42 65 78 64 16 19 14 20 27 21 21
0 0 0 1 1 1 1 1 0 1 0 0 1 0 0 1 1 1 1 1 0 0 0 0 0 0 0 0 0 0 0 0 0 0 0 0 0 0 1 2 1 0 2 2 22 7 4 6 7 9 6 19 18 17 23 27 17 28 19 17 19 7 3 5 18 23 26 19 19 14 13 9 7 6 3 1 3 8 12 15 18 28 29 34 49 54 47 74 48 25 28 25 23 31 23 33
0 0 0 0 0 0 1 1 0 0 0 1 1 1 1 1 1 0 1 0 0 0 0 0 0 0 0 0 0 0 0 0 0 0 0 0 0 0 0 1 1 0 1 1 6 33 12 7 7 9 9 10 11 21 35 42 26 27 11 14 6 6 9 26 32 29 10 11 16 10 4 4 2 2 2 4 15 16 16 21 37 30 45 38 64 64 54 51 31 26 37 55 34 31 23 26
0 0 0 0 1 0 1 0 0 0 0 0 0 1 0 1 0 0 0 0 0 0 0 0 0 0 0 0 0 0 0 0 0 0 0 0 0 1 0 0 1 2 2 3 9 4 7 5 4 6 6 7 14 18 19 27 39 32 32 17 22 19 12 20 30 22 9 11 6 5 3 2 3 3 5 9 18 18 21 29 48 32 51 43 39 69 76 47 36 50 64 56 34 27 27 14
0 0 0 0 0 0 0 1 0 0 0 0 0 0 0 0 0 0 0 0 0 0 0 0 0 0 0 0 0 0 0 0 0 0 0 0 0 0 0 0 0 1 7 17 30 10 5 3 8 12 14 6 11 20 19 27 33 15 25 37 22 18 12 23 15 24 14 8 6 4 4 8 5 6 9 15 22 39 46 50 55 47 49 31 24 39 63 35 28 64 63 43 33 32 28 23
0 0 0 0 0 0 0 0 0 0 0 0 0 0 0 0 0 0 0 0 0 0 0 0 0 0 0 0 0 0 0 0 0 0 0 0 0 0 0 0 1 1 1 5 8 6 7 4 10 8 17 11 11 14 17 43 30 25 11 10 16 13 5 12 4 22 15 13 8 9 8 3 6 9 15 20 27 47 55 63 62 66 46 30 23 25 37 37 48 47 36 29 21 22 35 35
0 0 0 0 0 0 0 0 0 0 0 0 0 0 0 0 0 0 0 0 0 0 0 0 0 0 0 0 0 0 0 0 0 0 0 0 0 0 0 0 1 1 7 5 6 3 5 2 4 5 11 9 12 21 32 24 27 15 7 2 12 27 13 25 26 20 20 22 16 4 2 8 10 18 18 23 33 61 55 69 75 61 48 46 22 25 61 60 50 37 41 34 35 45 40 25
0 0 0 0 0 0 0 0 0 0 0 0 0 0 0 0 0 0 0 0 0 0 0 0 0 0 0 0 0 0 0 0 0 0 0 0 0 0 0 1 1 2 4 10 12 17 29 10 11 23 19 12 14 14 16 21 14 9 7 15 13 33 42 31 20 15 7 5 7 3 6 22 20 22 31 21 40 57 60 67 54 66 48 49 32 63 38 43 31 48 53 60 53 46 39 31
0 0 0 0 0 0 0 0 0 0 0 0 0 0 0 0 0 0 0 0 0 0 0 0 0 0 0 0 0 0 0 0 0 0 1 0 0 0 1 1 2 3 3 11 6 6 10 2 6 17 35 31 16 11 14 19 24 22 45 31 23 28 23 32 17 5 3 1 4 2 21 24 43 26 42 27 30 41 61 65 74 53 54 43 54 32 35 42 24 29 67 66 61 40 35 51
0 0 0 0 0 0 0 0 0 0 0 0 0 0 0 0 0 0 0 0 0 0 0 0 0 0 0 0 0 0 0 0 2 1 2 6 5 2 2 2 1 9 10 8 23 19 29 15 13 21 23 24 31 15 18 40 42 34 27 20 27 47 46 20 4 3 8 8 2 4 10 22 49 53 44 27 32 23 40 37 66 66 58 24 20 61 28 41 47 56 44 57 56 55 48 54
0 0 0 0 0 0 0 0 0 0 0 0 0 0 0 0 0 0 0 0 0 0 0 0 0 0 0 0 0 0 0 0 0 2 1 6 9 8 8 6 6 3 24 28 35 18 46 20 15 20 14 15 10 14 7 10 18 27 28 25 24 21 9 3 2 8 12 6 4 9 21 29 40 53 51 30 32 35 34 31 46 58 48 14 40 40 30 55 64 46 56 58 62 52 70 68
0 0 0 0 0 0 0 0 0 0 0 0 0 0 0 0 0 0 0 0 0 0 0 0 0 0 0 0 0 0 0 0 0 0 0 2 15 3 16 5 7 8 9 29 24 25 19 11 35 30 25 25 33 34 25 19 21 21 20 23 23 8 7 4 9 7 9 5 4 10 19 37 45 60 71 46 31 36 47 45 46 53 26 20 37 12 7 20 39 24 27 50 47 60 56 40
0 0 0 0 0 0 0 0 0 0 0 0 0 0 0 0 0 0 0 0 0 0 0 0 0 0 0 0 0 0 0 0 0 0 0 1 4 9 12 15 15 13 18 16 22 40 36 21 9 29 29 34 31 39 40 27 22 13 20 17 13 11 9 19 6 2 5 4 9 18 30 24 47 46 60 61 32 28 33 55 41 60 14 15 41 14 18 19 17 16 18 35 45 48 25 16
0 0 0 0 0 0 0 0 0 0 0 0 0 0 0 0 0 0 0 0 0 0 0 0 0 0 0 0 0 0 0 0 0 1 1 1 2 10 8 14 4 8 6 13 14 17 5 26 18 19 28 23 26 37 40 46 42 36 32 44 30 25 22 9 5 1 3 10 20 31 38 40 39 42 37 62 63 36 52 30 48 35 22 41 12 17 24 25 37 47 32 46 53 48 30 17
0 0 0 0 0 0 0 0 0 0 0 0 0 0 0 0 0 0 0 0 0 0 0 0 0 0 0 0 0 0 0 0 0 0 1 3 2 3 4 3 7 4 2 3 6 13 13 23 14 14 26 24 26 24 26 33 32 29 28 26 16 11 12 5 4 3 8 17 37 31 36 41 49 36 40 33 74 26 26 39 39 18 22 34 30 29 23 53 57 27 38 39 42 24 17 16
0 0 0 0 0 0 0 0 0 0 0 0 0 0 0 0 0 0 0 0 0 0 0 0 0 0 0 0 0 0 0 0 0 1 1 3 5 3 3 2 2 4 6 7 14 16 15 10 15 25 23 23 19 27 27 31 33 19 18 17 13 8 4 2 6 11 20 31 31 37 51 27 16 43 68 45 59 28 26 30 30 24 15 27 20 14 16 41 41 49 30 32 33 23 21 10
0 0 0 0 0 0 0 0 0 0 0 0 0 0 0 0 0 0 0 0 0 0 0 0 0 0 0 0 0 0 0 0 0 1 1 3 5 13 10 4 5 3 4 5 9 8 12 8 7 16 16 24 27 28 20 23 20 16 18 17 13 9 3 6 7 18 38 31 33 39 43 41 26 42 54 35 50 51 20 20 19 27 31 37 21 33 24 32 45 47 42 44 29 29 18 20
0 0 0 0 0 0 0 0 0 0 0 0 0 0 0 0 0 0 0 0 0 0 0 0 0 0 0 0 0 0 0 0 0 1 2 2 4 8 16 19 7 6 7 13 15 10 7 11 20 18 30 33 20 19 30 25 36 29 17 15 8 7 8 12 9 29 35 48 54 53 43 44 28 38 64 28 13 34 44 16 28 33 31 27 21 21 7 23 48 49 36 25 28 29 41 39
0 0 0 0 0 0 0 0 0 0 0 0 0 0 0 0 0 0 0 0 0 0 0 0 0 0 0 0 0 1 1 1 1 2 2 1 5 10 19 18 10 10 10 17 20 27 17 31 22 15 8 11 21 27 12 19 18 20 9 15 14 10 7 18 25 37 40 55 61 56 48 50 35 38 48 49 14 19 21 18 22 11 10 7 12 24 13 20 32 36 34 33 37 38 40 38
0 0 0 0 0 0 0 0 0 0 0 0 0 0 0 0 0 0 0 0 0 0 0 0 0 0 0 0 0 0 0 3 5 2 2 4 4 6 16 20 22 31 23 14 26 45 24 27 27 18 20 25 19 33 22 16 21 28 32 26 14 5 16 24 34 34 38 58 53 64 49 57 28 29 39 47 27 7 22 9 7 4 12 10 14 7 8 17 41 50 34 37 45 46 42 24
0 0 0 0 0 0 0 0 0 0 0 0 0 0 0 0 0 0 0 0 0 0 0 0 0 0 0 0 0 0 0 0 2 2 2 2 2 8 10 8 10 8 8 10 17 36 21 25 24 27 23 21 18 14 11 22 32 30 22 22 8 4 11 15 29 46 57 55 45 52 71 44 44 22 21 36 19 24 10 6 8 7 8 10 19 10 19 35 38 21 29 47 58 46 42 23
0 0 0 0 0 0 0 0 0 0 0 0 0 0 0 0 0 0 0 0 0 0 0 0 0 0 0 0 0 0 0 0 1 1 0 1 3 6 4 9 5 6 4 8 10 14 17 31 18 19 20 25 33 31 11 19 24 36 30 16 4 2 4 23 25 41 33 27 28 27 42 61 63 19 12 26 8 18 4 11 5 7 5 12 17 25 35 17 31 32 42 56 41 36 30 23
0 0 0 0 0 0 0 0 0 0 0 0 0 0 0 0 0 0 0 0 0 0 0 0 0 0 0 0 0 0 0 0 1 1 1 1 5 8 8 9 12 11 24 21 13 17 21 28 28 24 13 24 24 22 29 28 29 21 16 9 2 4 8 15 31 39 43 57 37 20 30 30 40 41 18 14 17 10 8 8 3 10 16 14 7 22 31 29 44 57 39 43 30 25 22 34
0 0 0 0 0 0 0 0 0 0 0 0 0 0 0 0 0 0 0 0 0 0 0 0 0 0 0 0 0 0 1 0 1 1 2 2 5 12 10 12 19 15 12 16 18 19 34 44 31 28 35 33 46 49 39 21 18 22 17 10 3 14 10 19 39 45 56 59 53 29 18 18 29 39 36 11 20 8 11 13 12 9 14 24 21 25 40 40 36 52 58 35 41 38 23 25
0 0 0 0 0 0 0 0 0 0 0 0 0 0 0 0 0 0 0 0 0 0 0 0 0 1 1 0 0 0 0 0 0 1 1 2 3 5 6 17 30 14 20 24 36 37 35 45 38 36 45 57 46 37 39 35 35 22 19 10 6 17 18 35 45 55 68 54 32 30 24 27 24 15 8 31 20 9 8 8 7 11 25 24 31 44 44 59 51 51 33 30 30 37 30 23
0 0 0 0 0 0 0 0 0 0 0 0 0 0 0 0 0 0 0 0 0 0 0 0 0 0 0 0 0 1 1 1 0 0 1 1 3 5 10 11 10 13 37 37 50 45 34 26 27 31 17 33 45 33 29 30 21 20 21 8 5 17 18 41 52 57 58 49 40 47 32 24 42 30 16 11 16 12 5 8 11 21 24 16 27 33 36 31 50 32 23 24 40 36 28 27
0 0 0 0 0 0 0 0 0 0 0 0 0 0 0 0 0 0 0 0 0 0 0 0 0 0 0 1 1 2 12 1 2 1 1 1 2 12 9 12 23 5 8 4 9 23 16 33 23 32 30 36 42 43 26 20 23 23 22 9 7 23 26 39 57 70 52 43 28 59 64 16 37 42 30 14 7 8 9 5 10 11 17 34 30 30 23 24 33 34 39 47 46 47 28 13
0 0 0 0 0 0 0 0 0 0 0 0 0 0 0 0 0 0 0 0 0 0 0 0 0 0 0 0 0 0 2 10 2 4 4 4 7 8 7 8 16 21 16 25 30 20 26 45 37 41 42 28 28 30 31 28 31 31 29 13 15 32 55 55 58 55 48 40 28 24 42 51 15 23 23 16 11 5 13 10 19 24 17 16 27 29 24 21 27 52 52 52 38 26 27 12
0 0 0 0 0 0 0 0 0 0 0 0 0 0 0 0 0 0 0 0 0 0 0 0 0 0 0 0 0 1 0 1 4 3 9 11 7 2 2 3 7 12 14 21 34 42 32 23 43 42 32 48 48 35 30 45 30 29 31 11 20 39 60 66 70 65 39 30 52 37 20 14 30 24 10 13 8 7 23 24 7 7 11 17 20 17 35 28 37 28 34 25 18 21 12 12
0 0 0 0 0 0 0 0 0 0 0 0 0 0 0 0 0 0 0 0 0 0 0 0 0 0 0 0 0 0 0 0 0 1 1 1 2 2 2 2 2 5 5 8 22 27 21 42 45 46 46 46 47 47 48 47 44 31 28 9 32 43 53 69 69 56 37 43 38 53 26 21 7 4 6 6 17 11 6 10 10 19 21 31 29 26 42 41 26 19 23 29 21 9 12 13
0 0 0 0 0 0 0 0 0 0 0 0 0 0 0 0 0 0 0 0 0 0 0 0 0 0 0 0 0 1 1 0 1 2 4 5 5 5 6 3 3 4 19 27 33 22 32 33 40 48 50 47 49 50 48 48 44 31 19 7 15 38 66 69 53 62 37 41 37 27 59 24 10 4 2 13 6 10 9 12 17 30 36 33 28 43 35 33 21 21 24 26 17 12 17 19
0 0 0 0 0 0 0 0 0 0 0 0 0 0 0 0 0 0 0 0 0 0 0 0 0 0 0 0 0 1 0 1 1 1 2 3 3 4 2 5 17 25 12 14 14 25 27 27 42 38 52 55 50 47 47 50 33 32 21 16 13 24 45 65 76 56 32 40 31 22 16 17 15 2 1 3 12 15 18 16 18 23 30 42 39 25 34 27 46 32 25 23 10 19 12 35
0 0 0 0 0 0 0 0 0 0 0 0 0 0 0 0 0 0 0 0 0 0 0 0 0 0 0 0 0 0 0 3 1 1 2 4 4 3 6 8 22 19 20 21 27 31 36 35 50 46 53 49 52 48 50 36 32 28 33 17 20 26 45 51 63 43 49 49 32 40 28 19 10 2 2 4 8 7 14 11 14 18 21 28 25 24 29 37 46 49 27 30 22 26 21 39
0 0 0 0 0 0 0 0 0 0 0 0 0 0 0 0 0 0 0 0 0 0 0 0 0 0 0 0 0 0 1 1 1 2 2 3 4 6 11 10 8 15 22 31 31 39 35 50 49 35 35 39 40 50 54 41 37 30 27 13 21 31 43 46 49 35 27 37 47 26 29 14 9 2 4 6 7 11 8 8 14 17 15 14 17 21 24 27 27 39 40 38 18 32 35 30
0 0 0 0 0 0 0 0 0 0 0 0 0 0 0 0 0 0 0 0 0 0 0 0 0 0 0 0 0 1 1 1 1 2 2 3 6 7 11 10 13 23 30 22 20 37 45 47 37 41 39 44 41 37 40 50 51 34 19 13 22 39 48 45 37 36 24 23 39 46 25 12 6 16 7 3 2 4 8 12 11 17 20 21 15 24 16 32 26 25 34 33 16 27 26 21
0 0 0 0 0 0 0 0 0 0 0 0 0 0 0 0 0 0 0 0 0 0 0 0 0 0 0 0 1 0 0 0 1 1 2 4 5 6 7 9 11 19 15 21 35 37 42 50 34 43 42 43 40 29 35 47 33 33 33 16 17 27 58 52 49 32 26 19 15 13 12 8 6 7 1 2 3 5 5 7 9 11 11 27 23 26 25 27 24 26 31 18 17 28 21 29
0 0 0 0 0 0 0 0 0 0 0 0 0 0 0 0 0 0 0 0 0 0 0 0 0 0 0 0 0 0 0 0 1 1 2 3 4 5 4 13 9 8 12 24 12 24 43 51 53 52 28 32 33 44 47 39 36 42 32 15 8 23 32 46 40 33 56 26 22 15 8 2 3 5 2 3 5 5 6 7 12 13 18 22 27 10 13 13 20 36 29 11 22 34 32 29
0 0 0 0 0 0 0 0 0 0 0 0 0 0 0 0 0 0 0 0 0 0 0 0 0 0 0 0 0 0 0 0 0 1 1 4 2 2 6 5 4 13 24 11 24 28 33 43 38 29 29 40 46 47 47 52 50 46 34 21 12 23 41 38 34 46 50 54 14 15 7 2 2 8 6 2 4 8 12 6 8 11 20 21 17 6 23 23 20 16 12 5 24 31 27 24
0 0 0 0 0 0 0 0 0 0 0 0 0 0 0 0 0 0 0 0 0 0 0 0 0 0 0 0 0 0 0 0 0 1 1 2 2 3 5 6 5 5 9 17 19 26 20 28 32 38 37 52 55 35 42 44 50 35 37 23 16 35 35 41 42 36 41 36 20 14 6 5 4 6 2 2 2 4 8 10 7 26 23 13 19 26 24 20 12 8 7 15 27 29 23 24
0 0 0 0 0 0 0 0 0 0 0 0 0 0 0 0 0 0 0 0 0 0 0 0 0 0 0 0 0 0 0 0 0 0 1 1 3 3 5 2 2 3 6 14 25 25 28 36 43 48 47 47 41 34 30 31 32 34 36 35 22 37 43 47 47 37 23 14 18 20 9 2 3 6 1 2 7 8 10 16 16 13 16 19 22 29 14 19 13 10 11 24 24 23 15 21
0 0 0 0 0 0 0 0 0 0 0 0 0 0 0 0 0 0 0 0 0 0 0 0 0 0 0 0 0 0 0 0 0 0 2 1 0 0 0 2 2 7 15 22 29 29 29 38 29 49 35 35 48 33 41 30 27 33 31 33 23 43 44 38 41 30 19 6 10 11 7 2 4 4 2 1 2 10 14 16 20 10 17 20 21 28 15 13 24 12 21 21 9 24 21 20
0 0 0 0 0 0 0 0 0 0 0 0 0 0 0 0 0 0 0 0 0 0 0 0 0 0 0 0 0 0 0 0 0 1 0 0 1 1 2 2 6 12 11 18 27 36 36 37 30 34 36 38 43 46 43 43 38 30 31 17 33 41 51 60 39 27 15 13 11 6 6 2 2 2 4 2 3 4 10 15 14 21 15 20 25 23 20 6 9 19 16 8 13 15 31 17
0 0 0 0 0 0 0 0 0 0 0 0 0 0 0 0 0 0 0 0 0 0 0 0 0 0 0 0 0 0 0 0 0 0 0 0 0 1 2 9 5 7 12 18 24 33 29 28 29 24 31 36 41 32 41 32 40 42 27 27 32 53 37 42 31 21 13 15 10 4 7 3 2 3 3 2 3 5 6 9 17 15 13 15 23 19 12 3 9 25 10 14 18 16 26 14
0 0 0 0 0 0 0 0 0 0 0 0 0 0 0 0 0 0 0 0 0 0 0 0 0 0 0 0 0 0 0 1 0 0 0 0 0 1 2 3 4 10 12 9 15 20 27 31 24 30 30 34 37 40 42 42 41 41 29 27 27 30 31 27 30 33 17 23 14 5 2 1 2 2 3 4 3 4 4 6 11 13 13 21 30 21 9 4 19 17 16 26 27 15 18 11
0 0 0 0 0 0 0 0 0 0 0 0 0 0 0 0 0 0 0 0 0 0 0 0 0 0 0 0 0 0 0 0 0 0 0 0 0 0 1 4 7 4 4 21 22 14 23 29 30 30 30 34 34 36 38 40 39 26 25 26 26 42 20 21 13 18 27 19 10 6 5 3 1 2 1 2 2 3 6 11 9 16 15 32 37 9 5 17 12 16 22 26 17 8 14 13
0 0 0 0 0 0 0 0 0 0 0 0 0 0 0 0 0 0 0 0 0 0 0 0 0 0 0 0 0 0 0 0 0 0 0 1 0 0 1 2 4 4 8 4 10 10 20 35 25 28 31 33 34 33 38 38 25 17 26 34 24 34 23 21 16 16 13 23 5 2 1 1 1 1 1 2 4 4 4 6 10 11 30 36 17 7 11 15 16 12 13 17 22 13 12 10
0 0 0 0 0 0 0 0 0 0 0 0 0 0 0 0 0 0 0 0 0 0 0 0 0 0 0 0 0 0 0 0 0 0 0 1 1 0 1 1 2 4 4 4 6 25 20 19 22 36 31 29 32 35 35 35 21 15 29 30 42 41 21 18 11 16 12 7 6 2 1 0 1 1 1 3 3 4 5 9 10 19 17 13 8 12 18 20 13 21 17 10 9 11 8 6
0 0 0 0 0 0 0 0 0 0 0 0 0 0 0 0 0 0 0 0 0 0 0 0 0 0 0 0 0 0 0 0 0 0 0 0 0 0 0 0 1 2 6 7 11 9 15 20 30 23 26 40 17 31 32 21 12 28 33 29 52 33 15 17 8 6 6 7 4 0 2 0 0 1 2 2 3 5 8 9 10 21 10 14 9 17 18 19 12 12 13 8 7 9 11 7
0 0 0 0 0 0 0 0 0 0 0 0 0 0 0 0 0 0 0 0 0 0 0 0 0 0 0 0 0 0 0 0 0 0 0 0 0 0 0 1 1 2 4 10 6 8 11 25 17 20 37 30 30 31 21 20 11 25 39 32 32 26 11 13 12 5 4 2 3 0 0 1 1 1 1 2 5 5 12 17 16 19 8 6 8 17 21 19 20 15 11 10 6 7 12 8
0 0 0 0 0 0 0 0 0 0 0 0 0 0 0 0 0 0 0 0 0 0 0 0 0 0 0 0 0 0 0 0 0 0 0 0 0 0 0 0 1 1 3 7 8 6 17 10 22 31 21 23 29 30 20 19 10 22 37 30 18 16 6 5 7 3 4 1 1 0 0 1 0 1 2 2 4 13 41 21 25 9 6 7 13 14 18 17 10 5 6 13 4 4 9 14
0 0 0 0 0 0 0 0 0 0 0 0 0 0 0 0 0 0 0 0 0 0 0 0 0 0 0 0 0 0 0 0 0 0 0 0 0 0 0 1 1 2 3 5 4 3 9 15 17 17 24 21 24 27 27 15 15 18 35 36 17 10 6 3 5 3 1 1 1 0 0 0 0 1 1 3 13 8 12 22 8 5 6 13 12 15 19 13 6 6 8 4 2 2 4 12
0 0 0 0 0 0 0 0 0 0 0 0 0 0 0 0 0 0 0 0 0 0 0 0 0 0 0 0 0 0 0 0 0 0 0 0 0 0 0 0 0 2 1 2 5 2 2 3 8 11 22 20 21 24 16 9 17 23 29 18 23 9 3 2 2 2 1 0 0 0 0 0 0 1 2 6 10 14 16 19 9 4 7 12 11 24 24 14 7 6 6 6 5 2 3 6
0 0 0 0 0 0 0 0 0 0 0 0 0 0 0 0 0 0 0 0 0 0 0 0 0 0 0 0 0 0 0 0 0 0 0 0 0 0 0 0 1 1 1 2 1 2 3 7 8 15 13 20 22 13 13 7 12 18 26 14 10 3 2 2 2 0 0 0 0 0 0 0 0 0 3 14 14 14 9 11 4 6 10 10 11 20 14 4 6 8 4 7 3 3 3 6
0 0 0 0 0 0 0 0 0 0 0 0 0 0 0 0 0 0 0 0 0 0 0 0 0 0 0 0 0 0 0 0 0 0 0 0 0 0 0 0 0 1 2 1 1 2 5 6 11 8 10 14 19 12 5 10 12 31 16 9 5 3 1 2 1 0 0 1 0 0 0 1 1 3 6 7 9 4 6 3 4 9 8 8 9 19 14 2 2 6 3 8 3 2 3 11
0 0 0 0 0 0 0 0 0 0 0 0 0 0 0 0 0 0 0 0 0 0 0 0 0 0 0 0 0 0 0 0 0 0 0 0 0 0 0 0 1 1 0 1 1 2 4 9 10 9 16 12 9 11 6 10 10 20 18 4 3 2 1 0 1 0 0 0 0 0 0 0 1 2 2 7 6 6 3 7 5 8 9 13 9 12 12 3 3 3 1 8 3 2 2 4
0 0 0 0 0 0 0 0 0 0 0 0 0 0 0 0 0 0 0 0 0 0 0 0 0 0 0 0 0 0 0 0 0 0 0 0 0 0 0 0 1 1 1 1 1 3 5 4 5 12 12 8 8 9 5 13 17 9 6 4 1 1 1 0 1 0 0 0 0 0 0 0 1 2 4 3 6 9 5 10 8 6 7 10 5 5 6 4 5 3 2 7 2 2 1 3
0 0 0 0 0 0 0 0 0 0 0 0 0 0 0 0 0 0 0 0 0 0 0 0 0 0 0 0 0 0 0 0 0 0 0 0 0 0 0 0 0 0 2 1 1 3 1 3 6 6 5 6 5 6 6 9 10 8 3 2 1 0 0 0 0 0 0 0 0 0 0 1 2 3 3 5 7 10 5 7 6 9 6 7 4 3 4 3 3 2 2 6 2 1 2 2
0 0 0 0 0 0 0 0 0 0 0 0 0 0 0 0 0 0 0 0 0 0 0 0 0 0 0 0 0 0 0 0 0 0 0 0 0 0 0 0 0 0 1 1 1 1 2 2 4 4 4 5 3 4 6 3 5 7 2 1 1 0 0 0 0 0 0 0 0 0 0 2 3 3 3 4 5 2 3 4 4 7 5 5 3 4 5 6 3 3 2 3 3 1 2 2
0 0 0 0 0 0 0 0 0 0 0 0 0 0 0 0 0 0 0 0 0 0 0 0 0 0 0 0 0 0 0 0 0 0 0 0 0 0 0 0 0 0 1 0 1 1 1 1 3 4 3 3 2 2 3 4 3 3 1 1 0 0 0 0 0 0 0 0 0 0 0 1 2 1 2 2 2 2 4 4 4 5 5 2 3 2 3 4 2 2 1 2 2 1 1 2
0 0 0 0 0 0 0 0 0 0 0 0 0 0 0 0 0 0 0 0 0 0 0 0 0 0 0 0 0 0 0 0 0 0 0 0 0 0 0 0 0 0 1 0 1 1 1 2 2 2 2 2 2 4 4 2 2 1 1 0 0 0 0 0 0 0 0 0 0 0 1 1 3 4 5 2 2 2 3 4 5 2 4 2 2 3 2 2 1 2 1 1 2 1 0 1
0 0 0 0 0 0 0 0 0 0 0 0 0 0 0 0 0 0 0 0 0 0 0 0 0 0 0 0 0 0 0 0 0 0 0 0 0 0 1 0 0 0 0 0 0 0 1 1 1 1 1 1 1 2 3 1 1 1 0 0 0 0 0 0 0 0 0 0 0 0 0 1 2 7 4 2 2 3 2 4 3 3 2 2 1 2 2 2 1 1 0 1 1 1 0 0
