sesion_6_simulaciones/modelos_agentes/ejemplos_netlogo/scenarios/echam4_a2/rob_2064.asc
NCOLS 322 
NROWS 307 
XLLCORNER 451900 
YLLCORNER 4086900 
CELLSIZE 100 
NODATA_value -9999 
[rows 148 to 221 of 307, columns 192 to 287 of 322]
3 8 7 17 29 38 44 52 64 35 56 28 6 3 1 0 0 0 0 0 0 0 0 0 0 0 0 0 0 0 0 0 0 0 0 0 0 0 0 0 0 0 0 1 1 2 2 4 2 7 4 4 3 4 3 2 1 2 7 10 43 46 31 59 57 62 67 44 39 79 52 67 49 20 25 74 38 50 54 37 22 16 5 1 1 0 0 0 0 0 0 0 0 0 0 0
0 2 6 20 15 24 31 51 49 53 30 10 7 3 1 0 0 0 0 0 0 0 0 0 0 0 0 0 0 0 0 0 0 0 0 0 0 0 0 0 0 0 0 1 1 1 1 2 3 3 3 2 1 2 1 0 1 3 5 17 13 24 61 64 34 57 76 75 56 68 79 76 72 33 34 67 39 50 32 16 18 7 4 2 1 0 0 0 0 0 0 0 0 0 0 0
0 0 2 6 8 12 25 30 32 48 16 9 4 1 0 0 0 0 0 0 0 0 0 0 0 0 0 0 0 0 0 0 0 0 0 0 0 0 0 0 0 1 3 2 3 2 0 0 2 2 2 1 0 0 0 0 1 2 5 9 8 15 47 41 33 53 37 43 73 83 79 68 59 45 37 61 50 17 7 7 2 2 1 1 1 0 0 0 0 0 0 0 0 0 0 0
1 0 0 1 1 6 7 7 19 34 13 10 9 1 0 0 0 0 0 0 0 0 0 0 0 0 0 0 0 0 0 0 0 0 0 0 0 0 0 0 0 1 1 1 1 0 0 0 0 1 1 0 0 0 0 1 2 3 4 4 8 23 20 31 46 37 22 43 46 33 54 71 59 47 75 53 40 17 14 9 2 1 1 1 0 0 0 0 0 0 0 0 0 0 0 0
2 0 0 0 1 1 1 3 20 20 36 13 10 2 0 0 0 0 0 0 0 0 0 0 0 0 0 0 0 0 0 0 0 0 0 0 0 0 0 1 0 0 0 0 0 0 0 0 0 0 0 0 0 0 0 1 1 1 2 5 11 10 8 7 25 14 23 31 26 32 32 57 59 60 56 56 35 29 22 6 6 4 6 2 1 1 0 0 0 0 0 0 0 0 0 0
1 0 0 0 0 0 0 2 7 3 23 21 9 2 0 0 0 0 0 0 0 0 0 0 0 0 0 0 0 0 0 0 0 0 0 0 0 0 0 0 1 0 0 1 1 0 0 0 0 0 0 0 0 0 0 0 1 1 1 4 12 6 6 4 6 13 16 13 33 35 43 37 44 56 40 32 36 42 41 33 22 8 4 5 2 1 1 0 0 0 0 0 0 0 0 0
1 0 0 0 0 0 0 2 1 1 8 8 3 1 0 0 0 0 0 0 0 0 0 0 0 0 0 0 0 0 0 0 0 0 0 0 0 1 1 0 0 0 0 0 0 0 0 0 0 0 0 0 0 0 0 0 0 1 1 2 2 2 3 3 3 9 18 12 8 15 27 28 38 54 45 40 15 12 15 15 18 7 4 2 1 1 0 1 0 0 0 0 0 0 0 0
0 0 0 0 0 0 0 0 1 1 3 4 1 0 0 0 0 0 0 0 0 0 0 0 0 0 0 0 0 0 0 0 0 0 0 0 1 0 0 0 0 0 0 0 0 0 0 0 0 0 0 0 0 0 0 0 1 1 2 1 1 0 1 2 3 3 4 6 16 22 26 41 44 59 29 31 35 11 7 3 2 2 1 0 1 0 1 1 0 0 0 0 0 0 0 0
0 0 0 0 0 0 0 0 0 0 1 1 0 0 0 0 0 0 0 0 0 0 0 0 0 0 0 0 0 0 0 0 0 0 0 0 0 0 0 0 0 0 0 0 0 0 0 0 0 0 0 0 0 0 0 0 0 0 1 0 0 0 4 10 9 7 12 32 43 40 51 39 67 66 58 68 48 22 16 12 10 3 1 1 0 1 1 0 0 0 0 0 0 0 0 0
0 0 0 0 0 0 0 0 0 0 0 0 0 0 0 0 0 0 0 0 0 0 0 0 0 0 0 0 0 0 0 0 0 0 0 0 0 0 0 0 0 0 0 0 0 0 0 0 0 0 0 0 0 0 0 0 0 0 0 0 0 1 4 11 12 18 11 29 41 51 33 23 34 36 71 40 20 18 34 31 14 5 3 1 1 2 1 0 0 0 0 0 0 0 0 0
0 0 0 0 0 0 0 0 0 0 0 0 0 0 0 0 0 0 0 0 0 0 0 0 0 0 0 0 0 0 0 0 0 0 0 0 0 0 0 0 0 0 0 0 0 0 0 0 0 0 0 0 0 0 0 0 0 0 0 0 1 3 4 5 9 18 22 25 26 33 72 43 41 47 60 42 63 49 34 32 18 9 4 1 1 1 0 0 0 0 0 0 0 0 0 0
0 0 0 0 0 0 0 0 0 0 0 0 0 0 0 0 0 0 0 0 0 0 0 0 0 0 0 0 0 0 0 0 0 0 0 0 0 0 0 0 0 0 0 0 0 0 0 0 0 0 0 0 0 0 0 0 0 0 0 1 2 4 3 8 16 25 15 36 35 46 40 26 56 60 76 70 38 17 9 7 3 3 1 0 0 0 0 0 0 0 0 0 0 0 0 0
0 0 0 0 0 0 0 0 0 0 0 0 0 0 0 0 0 0 0 0 0 0 0 0 0 0 0 0 0 0 0 0 0 0 0 0 0 0 0 0 0 0 0 0 0 0 0 0 0 0 0 0 0 0 0 0 0 0 1 3 6 5 7 18 18 14 18 15 15 28 38 29 28 29 62 58 54 46 11 6 5 1 0 1 0 1 0 0 0 0 0 0 0 0 0 0
0 0 0 0 0 0 0 0 0 0 0 0 0 0 0 0 0 0 0 0 0 0 0 0 0 0 0 0 0 0 0 0 0 0 0 0 0 0 0 0 0 0 0 0 0 0 0 0 0 0 1 0 0 0 0 0 0 1 1 3 8 8 10 7 16 17 23 59 56 33 56 54 38 44 66 71 42 33 21 9 7 2 2 1 1 1 1 0 1 1 1 0 0 0 0 0
0 0 0 0 0 0 0 0 0 0 0 0 0 0 0 0 0 0 0 0 0 0 0 0 0 0 0 0 0 0 0 0 0 0 0 0 0 0 0 0 0 0 0 0 0 0 0 0 0 0 0 1 1 1 1 0 1 1 2 5 6 9 12 12 8 16 21 33 39 39 53 61 36 51 75 74 42 29 23 12 5 3 2 1 1 2 1 1 1 1 0 0 0 0 0 0
0 0 0 0 0 0 0 0 0 0 0 0 0 0 0 0 0 0 0 0 0 0 0 0 0 0 0 0 0 0 0 0 0 0 0 0 0 0 0 0 0 0 0 0 0 0 0 0 0 0 0 0 1 1 1 1 2 1 1 5 9 12 18 25 18 7 6 13 18 43 40 38 34 35 61 72 45 55 32 12 4 2 3 3 4 3 2 3 2 2 0 0 0 0 0 0
0 0 0 0 0 0 0 0 0 0 0 0 0 0 0 0 0 0 0 0 0 0 0 0 0 0 0 0 0 0 0 0 0 0 0 0 0 0 0 0 0 0 0 0 0 1 1 1 0 0 0 0 0 1 2 2 4 4 4 5 7 10 11 17 25 34 22 16 16 25 33 34 28 33 47 71 45 42 26 7 8 3 9 5 9 7 7 7 2 0 0 0 0 0 0 0
0 0 0 0 0 0 0 0 0 0 0 0 0 0 0 0 0 0 0 0 0 0 0 0 0 0 0 0 0 0 0 0 0 0 0 0 0 0 1 1 0 0 0 0 1 0 1 1 1 1 0 0 0 0 0 1 5 22 7 7 11 10 12 14 21 37 41 30 22 39 34 30 48 64 62 69 59 45 33 14 11 11 16 8 15 6 2 1 1 0 0 0 0 0 0 0
0 0 0 0 0 0 0 0 0 0 0 0 0 0 0 0 0 0 0 0 0 0 0 0 0 0 0 0 0 0 0 0 0 0 0 0 0 0 0 0 0 0 1 0 0 1 1 1 1 1 1 0 0 1 1 2 4 5 8 18 31 21 14 15 21 43 55 42 33 37 36 36 56 50 67 67 45 43 36 28 16 18 15 28 18 7 2 1 1 0 0 0 0 0 0 0
0 0 0 0 0 0 0 0 0 0 0 0 0 0 0 0 0 0 0 0 0 0 0 0 0 0 0 0 0 0 0 0 0 0 0 0 0 0 0 0 0 0 1 2 1 0 1 2 2 3 2 2 1 1 1 2 4 6 3 7 10 11 20 47 27 24 28 40 29 44 27 22 19 32 55 73 54 51 37 30 33 51 23 26 31 13 2 1 1 1 0 0 0 0 0 0
0 0 0 0 0 0 0 0 0 0 0 0 0 0 0 0 0 0 0 0 0 0 0 0 0 0 0 0 0 0 0 0 0 0 0 0 0 0 0 0 0 0 1 0 0 0 2 0 1 4 10 6 3 2 1 4 2 2 2 6 15 8 22 12 43 28 14 13 20 14 49 63 52 53 44 64 30 31 35 49 68 36 51 25 9 6 2 0 0 1 0 0 0 0 0 0
0 0 0 0 0 0 0 0 0 0 0 0 0 0 0 0 0 0 0 0 0 0 0 0 0 0 0 0 0 0 0 0 0 0 0 0 0 0 0 0 0 0 0 1 1 0 2 2 1 1 3 7 8 4 3 2 3 5 4 6 8 18 26 35 38 64 34 22 30 27 42 53 47 66 45 75 26 59 70 69 66 64 44 27 19 6 4 1 0 0 0 0 0 0 0 0
0 0 0 0 0 0 0 0 0 0 0 0 0 0 0 0 0 0 0 0 0 0 0 0 0 0 0 0 0 0 0 0 0 0 0 0 0 0 0 0 1 1 0 1 2 2 1 2 8 2 4 5 14 7 7 2 3 4 15 8 9 12 21 20 27 38 59 46 22 30 44 70 42 45 71 68 72 68 61 76 75 64 30 8 4 4 2 1 0 0 0 0 0 0 0 0
0 0 0 0 0 0 0 0 0 0 0 0 0 0 0 0 0 0 0 0 0 0 0 0 0 0 0 0 0 0 0 0 0 0 0 0 0 0 0 0 0 1 2 2 1 5 5 1 5 7 6 9 14 11 9 5 6 9 10 10 12 11 13 12 18 24 37 60 40 31 34 63 31 33 44 61 67 81 77 77 44 29 19 10 6 1 1 0 0 0 0 0 0 0 0 0
0 0 0 0 0 0 0 0 0 0 0 0 0 0 0 0 0 0 0 0 0 0 0 0 0 0 0 0 0 0 0 1 0 0 0 0 0 0 0 0 1 2 1 1 6 6 4 7 6 22 26 11 8 45 17 14 14 12 12 19 15 17 14 18 17 38 50 48 59 69 47 21 50 35 64 68 48 69 74 76 48 26 19 7 4 3 3 2 1 0 0 0 0 0 0 0
0 0 0 0 0 0 0 0 0 0 0 0 0 0 0 0 0 0 0 0 0 0 0 0 0 0 0 0 0 0 0 0 1 0 0 0 0 0 1 0 1 1 2 2 8 6 21 11 18 23 32 28 23 38 23 18 16 17 14 25 15 11 16 24 25 35 37 54 46 21 58 50 46 53 50 43 37 44 37 60 71 41 28 23 19 11 4 3 1 1 0 0 0 0 0 0
0 0 0 0 0 0 0 0 0 0 0 0 0 0 0 0 0 0 0 0 0 0 0 0 0 0 0 0 0 0 0 0 0 0 1 0 0 0 1 1 1 2 2 2 8 11 21 24 30 23 49 48 54 54 45 41 40 27 16 41 31 20 11 18 28 48 47 59 66 72 51 55 46 68 47 57 43 45 40 19 17 38 31 21 12 6 3 3 2 0 0 0 0 0 1 0
0 0 0 0 0 0 0 0 0 0 0 0 0 0 0 0 0 0 0 0 0 0 0 0 0 0 0 0 0 0 0 0 0 1 1 0 0 0 0 1 2 2 2 6 15 13 14 11 23 42 48 57 65 61 66 51 52 49 36 50 28 24 13 16 28 18 39 47 57 62 55 43 30 52 56 50 43 45 43 45 33 25 26 16 11 7 13 2 1 1 0 0 0 0 1 0
0 0 0 0 0 0 0 0 0 0 0 0 0 0 0 0 0 0 0 0 0 0 0 0 0 0 0 0 0 0 0 0 1 1 1 0 0 0 0 0 1 2 6 3 21 38 19 25 31 39 56 63 69 64 55 72 58 58 60 58 37 43 19 30 36 53 33 43 41 48 40 50 68 42 64 41 52 57 60 59 41 34 24 8 9 7 5 2 1 0 0 0 0 0 1 1
0 0 0 0 0 0 0 0 0 0 0 0 0 0 0 0 0 0 0 0 0 0 0 0 0 0 0 0 0 0 0 1 1 1 2 1 1 1 1 1 1 0 1 4 13 19 33 42 36 42 58 65 71 68 77 81 64 62 65 64 60 50 27 45 44 43 28 27 30 35 37 46 62 58 40 47 65 69 55 55 55 34 23 10 5 4 4 2 1 0 0 0 0 0 1 3
0 1 0 0 0 0 0 0 0 0 0 0 0 0 0 0 0 0 0 0 0 0 0 0 0 0 0 0 0 0 0 1 1 1 0 1 1 2 2 4 11 2 1 2 4 7 12 62 60 64 36 64 66 76 82 51 55 74 69 67 70 65 49 49 67 56 37 25 31 27 31 32 34 69 69 54 56 71 65 50 46 40 34 12 4 3 2 1 1 0 0 0 0 1 1 3
0 1 1 0 0 0 0 0 0 0 0 0 0 0 0 0 0 0 0 0 0 0 0 0 0 0 0 0 0 0 0 0 0 2 1 0 1 1 0 1 4 13 7 3 7 18 17 45 44 66 71 57 68 71 67 70 64 40 76 77 69 64 48 45 61 54 39 26 31 37 32 41 44 61 69 51 62 66 60 49 49 50 30 14 7 3 1 0 0 0 0 0 0 1 2 3
0 1 1 0 0 0 0 0 0 0 0 0 0 0 0 0 0 0 0 0 0 0 0 0 0 0 0 0 0 0 0 0 0 2 1 0 0 0 0 1 2 3 11 24 32 22 26 14 18 21 25 40 68 65 57 70 54 60 53 75 68 62 48 47 70 35 26 23 22 35 40 52 66 71 51 46 47 57 44 34 35 32 24 14 5 2 1 1 0 0 0 0 0 0 1 2
1 2 1 0 0 0 0 0 0 0 0 0 0 0 0 0 0 0 0 0 0 0 0 0 0 0 0 0 0 0 0 0 0 0 0 0 0 0 0 1 1 2 3 17 21 17 8 6 21 19 27 39 65 55 57 73 76 74 77 67 63 69 63 60 40 22 37 37 17 27 30 39 60 35 30 28 33 38 25 29 35 26 11 8 4 2 2 2 1 0 0 0 0 0 1 1
1 1 1 0 0 0 0 0 0 0 0 0 0 0 0 0 0 0 0 0 0 0 0 0 0 0 0 0 0 0 0 0 0 0 0 0 0 0 0 1 1 2 3 2 5 8 6 20 30 23 22 56 28 53 74 46 77 62 49 45 82 75 68 43 15 22 37 43 30 43 40 29 58 25 38 32 35 35 45 37 32 24 18 17 9 5 3 2 1 0 0 0 0 0 1 1
5 1 0 0 0 0 0 0 0 0 0 0 0 0 0 0 0 0 0 0 0 0 0 0 0 0 0 0 0 0 0 0 0 0 0 0 0 0 0 1 2 1 1 3 3 3 13 20 28 22 31 30 40 51 40 48 50 44 35 34 22 50 61 41 48 22 61 62 54 42 50 57 64 64 57 58 57 54 58 45 40 43 29 28 15 4 3 2 1 0 0 0 0 0 1 1
3 1 1 1 0 0 0 0 0 0 0 0 0 0 0 0 0 0 0 0 0 0 0 0 0 0 0 0 0 0 0 0 0 0 0 0 0 0 1 1 0 1 2 2 2 2 7 12 16 31 27 25 42 36 37 50 47 61 62 45 35 45 59 48 66 36 53 66 59 29 41 75 41 65 71 66 67 58 60 62 58 42 18 14 11 4 3 2 1 0 0 0 0 0 1 1
3 3 3 1 1 1 0 0 0 0 0 0 0 0 0 0 0 0 0 0 0 0 0 0 0 0 0 0 0 0 0 0 0 0 0 0 0 0 1 0 0 0 1 1 1 1 6 16 34 38 36 45 37 58 36 57 54 30 42 51 45 42 67 90 92 71 59 55 47 28 31 18 16 33 28 31 31 40 53 52 38 29 22 19 14 6 3 2 1 0 0 0 0 0 0 1
10 8 3 1 1 0 0 0 0 0 0 0 0 0 0 0 0 0 0 0 0 0 0 0 0 0 0 0 0 0 0 0 0 0 0 0 0 0 0 0 0 0 1 1 1 5 5 3 23 20 26 25 19 32 50 54 23 27 37 52 55 50 45 55 35 73 49 62 19 15 40 51 48 44 43 47 42 26 16 27 37 17 18 31 14 7 3 1 1 0 0 0 0 0 0 1
9 7 3 1 1 0 0 0 0 0 0 0 0 0 0 0 0 0 0 0 0 0 0 0 0 0 0 0 0 0 0 0 0 0 0 0 0 0 0 0 0 0 1 1 4 5 4 3 10 9 11 4 5 5 7 8 15 38 36 37 55 58 41 40 27 37 34 12 36 30 16 34 66 63 32 33 53 58 66 60 49 28 8 15 18 6 4 3 1 0 0 0 0 0 0 1
10 8 2 1 1 1 1 0 0 0 0 0 0 0 0 0 0 0 0 0 0 0 0 0 0 0 0 0 0 0 0 0 0 0 0 0 0 0 0 0 0 1 1 2 2 5 4 2 2 3 2 3 5 8 8 12 19 18 40 29 37 27 31 19 15 12 30 21 28 32 29 20 21 44 24 26 55 72 63 57 38 20 15 19 12 4 2 2 2 1 0 0 0 0 1 1
11 4 3 2 1 2 1 1 0 0 0 0 0 0 0 0 0 0 0 0 0 0 0 0 0 0 0 0 0 0 0 0 0 0 0 0 0 0 0 0 0 1 1 1 3 2 2 2 3 3 5 12 15 20 23 31 21 34 16 16 24 48 43 32 43 39 37 22 36 25 43 48 20 37 37 48 62 55 44 31 23 18 11 9 5 2 1 1 1 1 0 0 0 0 1 4
9 4 5 2 4 3 1 0 0 0 0 0 0 0 0 0 0 0 0 0 0 0 0 0 0 0 0 0 0 0 0 0 0 0 0 0 0 0 0 0 0 0 1 1 1 2 4 4 5 4 3 17 36 33 37 47 48 35 48 24 34 44 65 57 42 52 42 37 26 34 59 64 28 38 32 43 72 65 54 49 31 24 12 6 10 2 2 3 2 1 0 0 0 1 2 4
7 5 6 7 3 2 1 0 0 0 0 0 0 0 0 0 0 0 0 0 0 0 0 0 0 0 0 0 0 0 0 0 0 0 0 0 0 0 0 0 0 0 0 1 1 2 6 9 14 9 18 31 28 37 42 45 49 49 54 55 44 51 45 55 56 55 43 35 21 16 24 26 20 25 43 58 49 42 37 23 30 25 11 3 1 1 3 2 1 0 0 0 0 1 1 2
4 9 14 13 5 2 1 1 2 1 1 0 0 0 0 0 0 0 0 0 0 0 0 0 0 0 0 0 0 0 0 0 0 0 0 0 0 0 0 1 1 1 1 1 1 2 4 8 19 30 53 45 29 31 51 67 47 54 68 65 52 37 41 52 37 24 29 23 13 30 41 26 18 27 37 33 38 27 28 26 24 7 3 4 6 3 2 2 1 0 0 0 1 1 1 1
8 15 11 14 10 3 3 5 3 2 1 1 0 0 0 0 0 0 0 0 0 0 0 0 0 0 0 0 0 0 0 0 0 0 0 0 0 0 1 1 1 2 2 1 1 3 1 3 7 8 28 48 65 56 46 66 49 59 73 68 68 30 26 24 20 20 23 29 11 36 35 39 30 26 15 16 18 9 13 17 13 13 17 8 15 4 2 2 0 0 0 1 1 2 1 2
17 19 19 19 12 9 9 7 5 3 1 0 0 0 0 0 0 0 0 0 0 0 0 0 0 0 0 0 0 0 0 0 0 0 0 0 0 0 1 2 4 7 5 3 4 3 4 6 8 11 16 27 37 68 65 57 73 68 49 59 68 65 48 27 15 7 14 25 14 35 47 40 30 18 22 35 31 45 47 40 35 43 30 15 7 3 2 1 0 0 0 0 1 2 3 4
38 23 17 8 20 13 8 6 3 2 1 0 0 0 0 0 0 0 0 0 0 0 0 0 0 0 0 0 0 0 0 0 1 0 1 0 1 0 1 3 7 7 14 8 6 7 10 13 20 20 28 42 49 45 51 53 64 68 67 63 40 50 39 61 50 16 11 17 35 53 51 55 55 49 23 37 55 72 64 58 53 30 9 3 6 2 1 0 0 0 0 0 1 3 4 6
50 35 15 6 11 11 4 3 1 1 0 0 1 0 0 0 0 0 0 0 0 0 0 0 0 0 0 0 0 0 1 1 1 0 1 1 1 2 1 2 5 9 14 20 12 11 20 20 25 35 29 48 54 47 48 54 37 40 61 53 55 53 25 35 25 19 7 37 45 39 43 36 36 45 42 67 50 46 65 57 44 18 18 12 4 2 1 0 0 0 0 0 1 2 6 17
38 27 12 4 5 5 2 2 1 1 1 1 1 0 0 0 0 0 0 0 0 0 0 0 0 0 0 0 0 0 0 1 1 1 1 1 1 4 6 4 7 13 16 25 23 12 23 34 44 40 35 67 59 53 50 50 52 16 19 23 13 20 34 32 11 25 34 59 21 16 21 22 31 50 68 70 65 37 52 33 28 22 14 8 5 2 1 0 0 1 1 1 1 2 3 9
31 17 6 4 3 1 2 3 2 2 2 1 0 0 0 0 0 0 0 0 0 0 0 0 0 0 0 0 0 1 1 0 0 2 3 3 3 5 4 9 18 14 27 29 31 15 20 35 40 49 53 62 54 57 55 35 30 34 40 38 33 38 31 24 20 4 20 9 10 12 33 60 62 64 54 62 66 63 55 40 38 20 16 9 4 2 0 0 0 1 2 1 1 2 3 6
39 25 20 15 11 7 9 6 6 4 2 1 0 0 0 0 0 0 0 0 0 0 0 0 0 0 0 0 0 1 1 1 0 2 4 6 7 7 6 6 7 8 6 6 14 27 43 40 45 41 46 55 54 56 49 60 45 18 61 60 37 34 27 20 21 8 17 23 35 32 50 55 61 74 64 49 65 52 57 35 34 35 18 7 4 1 0 0 0 1 2 2 3 3 5 8
50 38 45 38 16 2 1 4 6 3 2 1 1 1 0 0 0 0 0 0 0 0 0 0 0 0 0 1 1 1 2 2 1 2 5 9 11 9 13 6 7 11 12 7 8 10 33 53 55 55 36 37 52 53 53 50 48 64 46 35 40 51 53 47 16 7 22 31 38 43 52 33 47 48 47 52 57 67 64 59 51 30 20 5 2 1 0 0 1 1 2 1 3 8 12 19
59 57 26 10 3 2 11 9 4 1 2 3 2 1 0 0 0 0 0 0 0 0 0 0 0 0 0 1 1 2 3 4 2 3 4 10 16 18 21 8 23 13 23 17 10 12 14 23 61 72 49 31 50 61 50 51 49 41 57 55 36 39 55 45 10 14 11 9 42 65 69 63 60 60 46 61 63 61 43 49 32 20 24 11 2 1 0 0 1 2 2 3 3 5 12 23
52 28 20 8 6 10 15 7 4 2 3 3 2 1 0 1 0 0 0 0 0 0 0 0 0 0 1 1 2 5 5 6 3 1 2 6 6 12 18 20 34 37 23 34 32 12 15 49 57 63 50 34 40 39 62 45 36 44 28 31 31 52 45 31 18 15 23 31 31 24 52 68 64 76 67 52 76 59 42 37 40 21 5 15 3 1 0 0 1 2 3 4 5 5 8 9
23 31 34 13 10 23 11 10 11 7 3 1 1 0 1 1 0 0 0 0 0 0 0 0 0 0 1 2 3 3 9 8 4 3 4 5 6 10 6 26 35 47 43 25 49 24 24 57 55 32 66 33 43 37 39 70 54 43 69 55 27 29 32 32 15 18 20 20 34 59 59 67 72 55 77 60 46 41 57 27 29 19 5 2 3 1 0 0 1 2 4 4 10 19 21 13
30 32 38 40 36 28 24 14 6 3 1 0 0 1 1 0 0 0 0 0 0 0 0 0 0 0 0 1 2 2 4 4 9 14 9 6 7 9 10 16 20 38 41 58 46 40 35 59 46 36 61 59 22 36 39 20 18 18 43 41 45 16 19 19 14 31 30 46 37 61 69 62 50 63 48 68 53 54 48 36 30 6 1 0 1 0 0 1 2 2 4 3 12 22 19 21
59 55 54 37 36 24 10 10 3 2 1 1 3 1 1 0 0 0 0 0 0 0 0 0 0 1 1 1 2 3 10 10 16 19 21 16 8 10 20 13 24 20 28 66 63 55 46 59 28 29 45 32 26 27 32 43 21 19 19 20 18 37 37 25 22 13 34 45 28 22 14 23 35 28 46 44 55 56 40 32 20 6 1 1 0 0 0 1 1 3 3 3 8 14 19 23
61 50 42 44 29 8 4 5 5 4 3 4 3 1 1 0 0 0 0 0 0 0 0 0 1 1 2 2 4 2 8 17 25 25 26 38 11 7 16 26 27 29 37 51 68 54 41 56 62 58 36 52 77 32 38 41 30 20 19 26 9 10 17 19 42 9 16 27 53 51 36 32 30 9 8 16 26 27 34 22 9 5 2 0 0 0 1 1 1 1 3 5 9 6 12 11
55 37 30 30 19 13 9 5 6 8 5 2 1 1 1 0 0 0 0 0 0 0 0 0 1 1 3 4 5 8 11 19 44 34 22 45 22 16 19 19 33 33 48 51 63 49 33 47 65 73 48 48 67 55 30 39 38 38 21 26 31 22 15 12 32 7 25 55 50 55 56 58 41 37 29 20 9 15 17 23 10 2 0 0 0 0 1 2 2 2 4 4 6 8 19 27
31 32 38 22 22 17 12 18 4 1 1 1 2 2 1 0 0 0 0 0 0 0 0 0 1 1 3 7 13 13 31 36 44 48 48 27 40 29 23 29 48 48 51 57 35 57 71 50 37 19 44 39 22 57 48 32 42 34 20 11 15 30 14 12 14 29 35 37 51 55 61 54 36 56 54 52 38 26 11 7 5 2 1 0 0 0 1 1 1 2 3 4 6 7 11 15
52 35 49 31 24 48 27 9 5 2 3 4 4 1 0 0 0 0 0 0 0 0 0 0 1 2 4 8 12 18 29 49 68 65 59 60 45 62 50 35 55 67 51 32 43 63 69 64 39 40 37 49 47 32 36 35 34 27 26 17 8 19 18 5 5 11 20 34 45 54 73 80 66 56 65 63 68 40 18 5 2 1 0 0 0 0 1 1 1 2 4 4 8 11 13 18
50 45 29 24 22 11 16 16 15 12 8 2 1 1 0 0 0 0 0 0 0 0 0 0 1 2 3 6 11 12 17 41 57 79 73 49 55 70 67 39 45 73 52 47 33 55 67 63 76 54 39 36 52 67 46 18 38 43 37 15 10 7 6 4 15 13 55 66 82 51 41 70 78 50 21 29 42 39 16 4 1 1 0 0 0 0 1 1 2 3 4 6 8 11 13 16
32 39 35 20 10 5 2 13 7 4 4 2 1 0 0 0 0 0 0 0 0 0 1 2 3 5 8 6 8 6 11 24 38 63 81 41 34 76 73 41 39 63 67 44 42 51 51 63 67 60 17 16 40 45 24 22 33 28 26 36 10 9 7 9 12 28 14 13 33 83 54 37 48 56 21 12 14 33 13 3 1 0 0 0 0 0 0 1 1 2 4 5 8 10 18 25
35 32 24 18 20 21 9 10 6 4 2 1 1 1 0 0 0 0 0 0 0 0 0 1 4 6 7 9 14 18 13 19 25 34 54 73 45 43 77 71 41 41 64 48 39 46 47 60 70 65 43 16 57 42 32 25 17 6 7 13 8 4 3 14 16 16 20 45 46 60 67 43 36 15 9 4 1 9 9 2 1 0 0 0 0 0 1 1 1 3 3 3 7 10 8 14
20 17 12 18 12 13 6 10 5 4 2 1 1 0 0 0 0 0 0 0 0 0 0 1 2 4 5 6 8 6 29 20 26 20 40 56 80 42 27 68 59 42 69 50 29 40 42 56 43 51 57 24 22 27 20 38 11 11 7 6 4 8 9 20 13 25 36 35 34 67 65 42 31 38 21 9 2 1 4 2 0 0 0 0 0 1 1 1 1 3 3 9 13 16 17 16
25 23 32 42 17 15 7 9 5 2 1 1 0 0 0 0 0 0 0 0 0 0 0 1 1 3 3 11 13 10 33 55 73 65 66 76 68 60 48 33 34 58 56 42 27 29 46 54 53 32 58 24 24 23 23 32 21 7 9 18 8 6 9 22 67 45 56 53 45 49 27 41 48 46 30 11 4 1 1 1 0 0 0 0 1 1 1 1 2 2 4 4 10 14 24 33
38 38 30 25 18 17 9 5 3 2 1 1 0 0 0 0 0 0 0 0 0 0 0 1 1 2 2 2 6 23 28 41 52 61 30 28 45 67 66 65 27 23 65 46 27 37 32 21 55 29 18 33 10 22 12 10 21 6 9 10 6 5 20 26 54 44 32 34 30 30 53 55 64 48 33 17 2 1 1 0 0 0 0 0 1 0 1 0 1 2 3 2 5 6 12 19
9 14 16 16 13 12 13 8 6 2 1 1 1 1 0 0 0 0 0 0 0 0 0 0 1 1 1 4 9 10 23 14 12 20 37 56 61 38 53 73 73 55 50 37 47 25 26 20 11 13 19 8 20 12 22 6 6 9 4 4 3 5 6 15 12 12 24 44 44 59 67 61 40 31 10 16 6 3 1 0 0 0 0 0 0 1 1 1 2 4 2 7 8 5 14 25
7 4 9 9 6 5 11 9 5 5 3 2 1 0 0 0 0 0 0 0 0 0 1 1 0 0 1 2 3 4 12 18 15 37 47 53 43 45 39 67 45 33 27 34 43 39 41 16 13 34 13 17 8 15 25 9 4 3 7 3 6 7 31 27 33 31 46 54 59 61 67 49 45 28 9 3 3 1 1 0 0 0 0 0 1 0 2 1 3 1 2 4 5 7 8 10
13 11 11 9 3 2 3 7 6 4 2 1 1 0 0 0 0 0 0 1 0 1 1 1 1 0 1 1 1 3 6 17 20 51 57 54 52 39 39 27 36 25 23 17 21 29 47 18 14 14 6 7 13 21 18 10 8 8 3 5 26 14 33 59 39 41 52 53 57 73 70 70 53 28 12 5 1 0 0 0 0 0 0 0 1 1 1 2 2 3 5 5 8 12 14 17
26 27 13 10 8 9 8 9 3 3 2 1 1 0 0 0 0 0 0 1 1 1 2 3 1 1 1 2 4 4 5 9 23 39 66 62 40 52 41 27 36 35 34 31 23 15 8 27 21 10 11 10 10 11 1 18 10 3 4 9 22 36 34 71 69 75 77 43 25 23 64 74 88 62 14 7 2 1 0 0 0 0 0 1 1 1 2 2 3 3 5 12 9 14 23 18
36 19 19 35 28 16 10 8 4 2 1 1 0 0 0 0 0 0 1 2 5 2 2 4 5 3 2 6 7 8 10 5 23 35 54 38 56 39 37 28 38 38 23 37 19 10 10 6 9 5 13 9 5 5 8 3 2 4 3 19 42 48 46 80 87 77 79 91 77 54 49 57 69 50 39 12 6 1 0 0 0 0 0 0 1 1 2 3 4 4 7 8 16 14 16 33
13 6 3 21 14 8 8 3 1 1 1 1 0 0 0 0 0 1 2 2 7 12 8 8 8 5 7 8 9 10 11 13 14 32 35 30 24 33 35 28 47 35 38 47 24 20 16 10 12 4 17 6 3 2 7 9 1 2 11 13 24 21 14 56 83 70 75 86 92 80 37 20 14 20 21 2 1 0 0 0 0 0 0 1 1 1 1 1 2 4 9 6 9 10 22 25
