sesion_6_simulaciones/modelos_agentes/ejemplos_netlogo/scenarios/echam4_a2/rob_2030.asc
NCOLS 322 
NROWS 307 
XLLCORNER 451900 
YLLCORNER 4086900 
CELLSIZE 100 
NODATA_value -9999 
[rows 0 to 73 of 307, columns 192 to 287 of 322]
42 39 21 12 33 58 32 15 14 17 19 6 5 3 5 4 2 2 3 3 2 2 1 2 3 5 2 5 6 17 4 1 1 0 0 0 1 1 0 2 2 1 1 5 7 9 7 15 29 37 22 28 34 45 44 57 44 82 50 41 9 13 19 46 57 43 59 54 27 39 23 12 17 21 41 23 20 39 57 28 16 17 17 18 16 11 31 27 26 28 11 25 36 61 22 7
52 30 36 33 40 59 19 29 39 24 15 11 16 14 8 6 8 2 3 4 4 2 1 1 1 5 1 2 1 3 16 5 1 0 0 0 0 0 1 1 2 0 0 1 2 3 8 9 21 64 77 60 41 44 45 44 70 67 67 21 26 15 47 42 53 50 57 41 45 20 7 25 12 20 51 26 53 39 35 35 28 34 34 19 14 7 19 29 30 28 17 29 26 31 17 14
31 57 38 36 60 51 36 17 10 24 24 23 36 34 17 26 15 11 18 16 12 4 2 1 1 1 1 0 0 1 1 5 3 1 1 0 0 0 0 0 0 0 1 4 4 9 11 17 23 44 51 49 59 51 66 74 41 35 45 25 24 32 42 31 36 63 31 28 21 27 15 16 14 20 61 24 58 50 26 42 30 26 31 30 15 5 13 16 30 23 16 43 24 40 14 3
42 42 65 54 43 37 34 33 32 54 29 48 60 46 37 51 33 16 23 34 18 14 8 3 2 1 0 0 0 0 0 1 0 1 0 0 0 0 0 0 1 1 1 1 2 12 11 15 6 15 12 17 30 59 48 54 52 20 28 34 37 21 24 45 33 58 46 39 52 21 30 25 9 9 42 23 31 25 33 40 30 30 31 32 16 5 10 25 38 16 28 25 23 36 10 2
31 23 45 15 50 58 52 36 51 47 43 32 36 29 37 55 39 42 43 45 35 15 11 9 4 5 3 5 2 0 0 0 0 0 0 0 0 0 0 0 0 1 1 2 2 4 4 8 28 48 55 47 47 41 64 67 31 25 8 11 35 35 28 43 45 56 37 27 17 12 9 8 11 7 21 21 17 30 54 62 52 21 20 40 35 24 3 20 24 31 31 17 33 46 16 3
33 26 42 37 24 31 52 26 50 39 27 34 12 34 43 43 46 43 15 12 25 12 7 12 10 7 4 6 4 1 1 0 0 0 0 0 0 0 0 0 0 1 1 3 9 21 28 39 40 27 35 37 46 61 79 56 35 26 8 45 66 65 59 60 46 65 28 35 42 33 41 29 23 17 12 16 23 22 34 28 40 63 44 33 35 23 8 15 20 24 11 16 29 29 18 5
24 13 14 33 24 18 48 19 14 25 32 56 30 15 28 40 36 36 19 6 8 21 24 27 11 9 10 6 5 4 2 1 1 1 1 0 0 0 0 0 0 1 2 4 15 10 16 23 45 35 43 77 39 66 70 38 27 28 14 33 50 60 58 59 69 62 51 44 45 19 29 28 19 29 24 12 5 17 37 40 31 55 35 16 9 32 10 9 10 10 12 25 42 53 13 13
17 12 12 16 35 26 40 49 14 7 14 19 36 10 4 13 7 14 18 9 7 11 6 11 12 9 10 5 8 6 5 4 3 3 2 1 1 1 0 0 0 2 4 7 13 17 24 44 68 63 63 40 56 52 59 30 19 8 16 22 33 31 29 26 26 56 33 26 46 27 25 19 23 27 26 16 5 24 44 23 48 62 40 17 10 23 17 8 9 20 23 24 51 33 19 14
32 23 21 11 18 15 25 50 51 21 9 8 16 24 11 8 4 13 19 11 9 15 3 6 19 11 9 9 9 13 10 9 9 6 3 3 1 0 0 0 1 1 4 6 22 20 14 31 37 52 39 29 67 46 42 17 9 41 63 51 64 53 59 46 54 77 46 35 16 17 24 20 21 21 16 9 6 12 16 29 42 55 42 25 11 10 11 7 6 24 19 28 26 35 16 24
22 23 23 12 10 5 21 20 43 33 22 12 10 12 14 6 6 4 14 13 12 17 4 4 10 9 8 5 4 8 1 3 7 7 5 1 1 0 0 0 0 1 3 6 12 5 6 32 16 13 15 72 42 44 23 11 22 52 61 74 54 82 68 43 60 33 58 47 44 19 20 29 24 12 9 6 5 8 33 19 11 41 45 39 19 8 14 4 7 8 11 31 22 34 19 47
28 24 25 22 10 5 3 4 7 17 11 8 5 14 9 5 7 1 3 9 6 14 17 3 4 4 16 5 1 5 8 1 0 0 1 3 1 0 0 0 1 1 4 10 2 9 13 15 4 8 46 49 20 29 12 7 23 41 41 56 77 78 49 30 33 49 59 60 65 48 57 36 30 24 13 10 4 4 10 22 24 48 66 38 39 12 7 10 2 9 27 12 17 14 14 53
51 33 16 18 17 14 10 5 4 4 4 4 6 6 4 3 3 5 3 3 8 12 10 4 1 2 10 6 2 2 7 7 1 0 0 0 2 1 0 0 2 3 4 2 1 1 7 2 4 25 54 34 15 12 5 25 30 29 39 77 60 54 14 27 41 45 67 65 55 62 45 35 40 38 33 21 6 5 16 20 20 67 42 52 33 24 8 5 3 13 15 8 23 8 26 58
58 42 39 51 40 37 30 15 28 15 10 5 3 2 2 2 2 8 6 2 1 4 3 3 1 2 4 3 2 1 1 3 1 0 0 0 1 1 0 0 2 2 2 3 3 4 12 2 7 32 25 8 2 10 31 45 49 57 80 68 19 25 30 22 22 24 40 40 63 43 23 35 52 53 45 22 7 2 14 23 49 54 21 30 45 24 11 3 4 12 11 8 26 8 20 30
66 63 60 62 58 52 38 32 29 28 23 19 7 5 3 2 1 1 1 1 1 1 0 1 1 2 2 2 1 0 1 1 1 1 0 0 0 1 0 1 1 1 1 1 1 5 2 2 11 7 4 1 4 13 21 30 59 53 46 12 46 64 58 47 48 27 23 22 57 47 60 69 46 31 24 23 10 3 7 17 46 18 14 29 59 28 16 6 2 4 5 6 12 6 16 12
24 61 66 65 55 59 37 44 19 20 30 17 12 11 10 7 5 2 1 0 0 0 0 1 1 1 1 0 0 0 0 1 1 0 0 0 0 1 1 1 0 1 1 0 0 1 1 2 2 2 1 1 4 7 17 30 31 9 31 48 62 59 57 78 83 71 63 47 49 60 63 53 58 39 19 13 6 3 7 16 23 10 6 38 56 57 30 27 9 2 3 5 5 6 21 16
33 51 62 43 50 72 55 30 46 31 20 26 20 25 23 12 7 2 1 1 1 0 0 0 1 1 0 0 0 0 0 1 1 1 1 0 0 0 1 1 0 0 0 0 0 0 2 2 1 1 3 2 3 5 10 16 7 33 40 44 57 70 80 70 64 74 42 33 68 20 48 77 54 39 42 38 32 13 5 16 19 9 3 8 21 50 12 7 8 8 1 6 4 5 19 16
59 14 62 42 37 60 70 72 36 17 27 23 34 28 22 13 13 7 4 3 3 2 1 0 0 0 1 1 0 0 0 0 0 0 1 0 0 0 0 1 0 0 0 0 0 0 0 0 1 5 3 9 8 6 6 18 31 34 40 43 66 53 74 65 67 42 31 58 46 36 38 21 54 34 57 60 57 32 18 5 29 15 10 2 7 24 32 7 2 3 1 2 3 8 4 5
34 10 46 24 40 50 58 34 63 69 37 43 45 13 11 11 14 12 7 6 4 3 2 1 1 1 2 2 1 1 0 0 0 0 0 0 0 0 0 0 0 0 0 0 0 0 1 2 3 4 6 15 15 18 8 19 24 55 54 55 75 55 50 46 31 29 47 61 49 31 18 20 47 53 59 55 61 56 32 8 5 12 12 7 2 7 17 10 7 1 3 0 3 5 2 2
22 25 25 26 16 37 49 25 25 61 31 53 65 34 20 13 20 30 25 14 10 4 2 1 2 1 3 2 4 1 1 1 1 0 0 0 0 0 0 0 0 0 0 0 1 1 3 3 3 4 12 19 17 13 22 28 36 38 30 48 65 28 14 10 28 33 29 78 65 23 23 15 50 47 14 29 67 54 52 29 6 4 20 10 5 2 7 10 9 3 1 1 4 2 0 0
25 8 12 20 13 18 51 17 12 35 44 55 55 36 43 31 7 12 15 21 9 6 5 3 4 3 3 5 4 4 2 2 1 1 1 0 0 0 0 0 0 0 0 0 2 2 3 5 3 9 16 14 25 25 32 36 11 10 22 44 70 24 11 35 50 45 59 66 48 37 22 9 19 50 40 14 29 38 46 41 27 5 5 11 7 2 1 5 10 6 1 0 3 0 2 5
44 12 13 14 3 10 33 15 22 14 32 20 35 12 18 21 5 4 10 26 12 17 7 3 11 7 4 3 3 2 2 1 1 1 1 1 0 0 0 0 0 0 1 2 3 3 2 2 7 19 12 18 34 46 59 58 37 28 42 48 47 15 16 51 50 46 45 21 44 44 29 8 11 21 55 27 11 15 60 29 21 6 2 5 6 2 2 7 4 4 0 0 1 1 5 16
19 4 16 13 3 2 11 30 4 11 35 26 32 15 12 5 6 1 3 21 21 10 7 5 3 3 1 1 1 1 1 1 1 1 1 1 0 0 0 0 0 0 1 1 1 3 2 6 8 8 7 12 22 58 68 74 73 62 46 40 22 11 30 41 61 55 46 26 21 39 17 8 10 15 49 29 11 11 18 36 21 12 4 2 7 2 3 5 3 1 1 4 2 4 15 22
28 4 22 28 7 4 6 13 3 3 28 15 11 5 2 6 5 4 1 3 3 9 20 18 6 1 4 2 0 1 1 0 0 0 1 1 1 0 0 0 0 1 2 2 1 1 1 2 1 2 2 9 22 21 38 62 49 36 19 61 27 13 33 43 43 49 70 40 32 14 8 8 22 36 62 27 10 12 21 48 21 7 3 1 2 4 3 4 1 1 3 18 8 8 9 21
16 12 9 21 2 5 7 12 8 2 2 2 2 10 3 2 7 6 2 3 3 4 11 7 6 1 3 3 1 0 0 0 0 0 0 0 1 0 0 0 0 0 0 1 1 0 1 1 3 3 3 8 9 15 19 15 11 28 52 32 11 22 38 36 53 70 49 36 33 21 8 12 22 39 42 18 14 10 18 38 25 22 8 2 1 2 3 4 1 1 4 4 12 25 13 17
4 3 6 6 3 1 8 13 4 1 3 1 1 4 6 2 3 4 3 1 1 2 2 2 2 1 2 4 2 1 0 0 0 0 0 0 0 0 0 0 0 0 1 1 1 2 3 3 3 4 9 5 4 3 3 9 27 31 60 22 9 35 31 29 55 76 41 47 40 19 13 12 21 51 33 16 18 8 11 23 21 19 14 6 2 1 3 2 1 6 9 10 12 12 49 21
1 2 1 4 2 1 8 9 4 1 1 1 1 1 3 4 1 1 2 2 1 1 1 1 1 1 1 2 4 1 0 0 0 0 0 0 0 0 0 0 0 0 0 0 1 2 3 1 1 5 6 15 11 25 19 24 25 47 44 7 17 29 25 20 44 57 33 36 29 21 10 10 22 51 18 25 18 6 4 8 10 16 8 2 3 1 1 2 5 16 21 23 35 22 17 45
1 1 0 1 0 2 4 4 2 1 0 1 1 0 0 1 2 2 1 1 1 0 0 1 0 0 0 1 1 1 1 0 0 0 0 0 0 0 0 0 0 0 0 0 1 1 1 1 3 3 10 13 14 23 38 55 61 67 28 7 20 28 21 27 68 59 16 31 30 18 10 5 16 46 18 13 11 9 2 4 10 16 4 2 1 1 1 5 15 15 21 21 30 43 61 38
0 0 0 0 0 0 0 0 0 0 0 0 0 0 0 0 0 0 1 1 0 0 0 0 0 0 1 0 0 0 1 0 0 0 0 0 0 0 0 0 0 0 0 0 0 0 1 1 2 8 6 10 15 24 37 64 46 34 6 21 31 23 44 55 79 40 41 19 17 15 14 7 22 47 24 13 9 9 2 3 8 13 6 6 2 0 1 4 6 4 5 6 7 13 34 38
0 0 0 0 0 0 0 0 0 0 0 0 0 0 0 0 0 0 0 0 0 0 0 0 0 0 1 0 0 0 0 0 0 0 0 0 0 0 0 0 0 0 1 1 1 1 3 8 2 7 5 7 11 13 50 36 15 4 16 27 30 29 52 76 46 24 32 15 12 13 10 6 12 38 53 22 11 5 2 2 7 13 10 4 2 0 1 2 1 5 8 16 19 20 21 35
0 1 1 1 1 0 0 0 0 0 0 0 1 1 1 1 0 0 0 0 0 0 0 0 0 0 0 0 0 0 0 0 0 0 0 0 0 0 0 0 0 1 1 1 1 3 4 3 9 6 5 6 14 17 45 9 5 10 22 29 28 29 51 74 30 19 17 25 10 4 3 5 23 36 16 34 16 5 1 1 9 7 10 4 1 0 1 4 9 17 11 25 36 33 32 14
1 1 1 2 1 0 0 1 1 1 1 2 2 2 2 2 1 1 1 0 0 0 0 0 0 0 0 0 0 0 0 0 0 0 0 0 0 0 0 0 1 1 1 2 3 5 5 5 8 20 25 22 15 24 12 4 2 15 17 25 14 29 51 59 33 12 16 22 13 7 2 4 28 10 8 40 22 8 2 1 3 3 7 3 1 1 3 4 6 11 13 14 11 12 18 39
2 2 2 2 1 1 1 2 2 2 2 3 5 3 4 4 2 2 1 1 1 1 1 0 0 0 0 0 0 0 0 0 0 0 0 0 0 0 0 1 1 1 1 2 3 5 7 18 13 16 10 38 25 11 12 9 3 12 20 34 36 31 58 23 10 24 25 10 19 6 2 4 9 10 5 35 12 7 2 1 3 3 3 2 1 2 8 15 20 14 14 8 15 20 21 29
7 6 3 5 3 1 1 2 2 3 7 6 6 8 6 3 3 2 2 2 2 2 1 1 1 1 0 0 0 0 0 0 0 0 0 0 0 0 0 1 1 1 1 2 5 6 12 19 14 16 8 5 14 13 14 2 7 13 12 23 23 37 39 43 36 17 10 8 22 14 4 3 9 6 13 35 9 6 3 1 1 2 2 1 2 4 9 28 34 33 36 22 28 40 34 58
9 9 9 5 4 3 2 4 6 8 12 9 10 6 8 6 4 4 3 4 3 3 2 1 1 2 1 0 0 0 1 0 0 0 0 0 0 0 0 0 0 1 1 2 4 10 4 2 18 14 7 4 11 14 1 2 5 8 10 24 36 47 53 23 13 12 16 11 8 10 5 3 8 6 9 16 12 10 3 1 1 1 1 1 3 4 6 9 7 9 11 22 37 39 68 62
14 14 15 13 10 3 3 6 9 14 15 14 15 12 10 11 7 11 8 5 2 1 1 2 1 1 1 1 1 1 0 0 0 0 0 0 0 0 0 0 0 1 3 2 1 2 2 6 5 7 6 2 5 1 2 1 2 4 7 19 38 51 32 47 22 11 9 8 6 9 9 2 3 4 8 10 10 4 2 1 0 1 1 1 5 2 3 7 20 28 31 26 18 61 34 43
26 38 22 6 11 4 7 8 25 18 16 19 19 31 29 15 15 12 5 8 3 2 1 4 3 1 1 1 3 0 0 0 0 0 0 0 0 0 0 0 1 2 2 1 2 2 3 5 4 3 2 1 2 1 2 1 3 10 14 28 22 22 37 47 13 6 4 4 7 6 4 2 1 4 4 11 9 5 3 1 0 0 1 4 10 12 11 12 18 17 17 40 43 52 28 12
46 56 23 19 27 9 6 25 26 38 15 26 33 29 43 23 10 5 14 8 5 3 1 5 1 1 2 3 1 0 0 0 0 0 0 0 0 0 0 0 0 1 0 1 1 3 10 7 4 3 2 1 1 1 3 5 8 6 5 7 13 24 30 46 18 8 7 4 3 2 2 2 1 2 5 4 3 5 2 1 0 2 5 4 9 24 27 33 33 36 20 30 23 25 28 8
39 57 26 23 32 12 12 42 38 43 13 29 50 35 49 21 15 14 19 17 8 3 3 1 1 3 7 1 0 1 1 1 1 0 0 0 0 0 0 0 0 0 0 1 2 6 6 3 7 1 1 1 2 2 3 3 2 1 6 9 10 32 36 29 12 36 33 18 8 7 3 2 1 2 2 2 2 3 1 0 1 3 9 19 18 26 37 33 30 29 32 38 11 4 18 12
59 33 33 25 36 15 17 46 68 42 10 41 63 53 53 49 23 31 42 22 9 3 6 3 6 6 1 1 1 1 1 1 1 1 1 0 0 0 0 0 0 0 0 1 5 2 5 1 1 3 1 1 3 3 4 3 3 6 24 33 29 29 63 28 35 19 25 21 7 4 3 2 1 1 1 2 1 2 0 0 1 3 4 11 13 6 13 6 6 8 6 52 29 10 7 4
80 63 35 27 32 18 31 51 81 34 18 36 63 64 65 32 26 66 25 4 5 14 11 8 8 3 2 2 2 2 1 2 1 1 0 1 0 1 0 0 0 0 0 0 1 1 1 0 0 0 0 1 2 5 4 10 13 16 13 25 45 41 23 41 30 26 7 12 27 6 2 1 1 0 1 1 0 1 0 0 1 3 4 5 5 3 5 11 20 37 53 72 36 10 6 2
74 73 40 42 45 26 33 61 74 43 24 45 83 82 45 53 31 27 7 5 10 33 36 19 9 7 3 3 3 2 1 4 2 1 1 1 1 1 1 1 0 0 0 0 0 0 0 0 0 1 2 3 5 7 8 15 12 11 29 55 52 49 31 39 5 50 33 5 3 16 15 6 3 1 0 1 1 0 0 0 1 1 2 4 3 5 19 26 22 18 26 48 16 8 5 2
74 64 43 55 51 48 36 64 74 47 36 49 83 72 53 38 16 9 2 11 28 35 19 6 4 1 1 7 5 3 4 4 1 1 1 1 2 2 1 0 0 0 0 0 0 0 0 0 0 1 2 2 4 5 5 7 11 28 21 66 43 16 18 65 26 11 34 10 3 2 4 4 6 4 1 0 0 0 0 0 2 2 1 2 5 9 20 18 18 30 16 24 19 10 4 1
76 65 41 61 57 55 51 51 61 42 36 50 64 30 28 19 8 9 7 16 38 13 9 7 3 3 2 12 9 4 11 4 1 2 1 2 3 4 2 1 1 0 1 0 0 0 0 0 0 1 1 1 5 4 11 13 6 23 37 53 8 3 17 51 15 13 8 27 6 1 1 2 4 3 3 2 0 0 0 0 1 2 2 2 2 7 28 10 9 38 12 11 14 4 2 1
48 48 45 63 59 45 62 50 74 76 64 52 46 37 46 41 27 29 14 21 34 17 11 8 5 4 4 15 12 6 12 4 3 3 2 4 4 4 1 1 2 1 1 0 0 0 0 0 0 1 1 2 4 4 4 7 4 13 33 11 6 3 27 51 23 4 2 3 12 3 1 1 1 1 3 1 0 0 0 0 1 1 2 2 9 17 29 10 9 26 9 3 4 7 1 0
62 34 66 74 65 71 68 84 79 89 89 83 46 66 64 59 53 23 19 37 31 15 11 6 6 10 5 16 15 15 9 7 5 6 5 8 12 4 2 2 6 3 0 0 0 0 0 0 0 1 2 2 3 3 2 2 8 27 39 6 4 5 11 44 28 10 3 1 7 6 2 1 1 1 4 1 0 0 0 0 1 2 2 4 6 3 5 4 7 6 11 6 5 4 1 0
55 51 56 66 78 83 87 88 76 74 77 79 83 75 44 42 34 26 27 24 12 15 12 13 21 13 15 39 27 38 13 11 9 12 14 23 21 5 5 4 6 2 1 0 0 0 0 0 0 1 1 2 1 1 1 3 10 16 12 10 3 3 4 48 12 7 6 0 3 7 3 1 1 1 1 2 0 0 0 1 1 2 4 6 5 3 3 2 3 3 4 2 2 1 0 0
65 59 40 44 58 67 79 56 50 46 57 61 64 74 48 40 45 57 44 28 24 27 22 34 48 30 23 47 44 34 18 26 16 21 19 27 13 8 12 3 1 1 1 1 1 1 0 0 0 0 1 1 1 2 2 1 5 4 6 18 5 4 7 17 8 1 5 1 2 3 2 2 1 0 0 5 0 0 0 0 1 2 2 7 3 3 3 2 2 1 1 0 0 1 1 2
72 74 51 29 54 49 51 65 45 54 63 45 60 77 81 66 78 69 48 38 51 47 46 44 51 37 30 57 54 26 32 30 30 29 36 36 20 12 2 1 1 2 1 1 2 1 1 0 0 0 0 1 1 2 2 1 4 4 2 4 3 4 6 12 15 1 2 2 1 4 2 1 1 0 0 1 0 0 0 0 1 1 4 5 2 2 1 1 2 0 0 0 0 1 2 3
54 64 79 47 28 30 55 53 72 37 32 30 66 49 59 91 89 48 67 64 63 59 59 50 52 44 43 67 53 41 40 38 40 55 52 19 5 3 5 3 4 4 3 2 3 2 1 0 0 0 0 1 1 1 2 1 4 3 2 2 3 1 2 5 19 1 1 2 1 1 1 1 0 0 0 0 0 0 0 0 1 1 5 2 1 1 1 1 1 0 0 1 1 1 3 3
75 72 74 79 43 16 18 61 56 49 12 14 27 44 74 81 68 87 88 69 61 77 71 41 59 49 66 56 53 47 50 41 55 69 66 23 16 10 16 11 17 15 5 5 6 2 1 0 0 0 0 0 0 0 2 2 3 3 1 1 1 0 0 1 7 2 1 1 1 1 1 1 1 0 0 0 0 0 0 0 1 1 1 1 0 0 0 0 0 0 1 1 2 3 3 3
60 44 48 86 44 34 27 26 26 31 20 4 21 68 80 78 60 54 81 62 76 77 65 48 71 65 78 72 64 71 52 51 50 46 46 24 22 24 20 18 5 5 12 20 2 1 1 0 0 0 0 0 0 0 1 2 2 5 1 1 1 0 0 3 7 1 1 1 1 1 1 1 0 0 0 0 0 0 0 0 0 1 1 0 0 0 0 1 1 1 2 2 3 3 2 2
29 45 45 80 81 26 30 16 17 16 18 10 24 34 42 48 67 81 63 26 60 29 68 80 91 84 79 53 69 49 60 44 38 21 60 47 47 30 13 9 2 0 14 8 5 2 1 1 0 0 0 0 0 0 0 0 0 1 0 1 1 0 0 1 2 3 1 1 1 0 0 0 0 0 0 0 0 0 0 0 0 0 0 0 0 0 1 1 2 1 2 5 5 3 3 3
18 22 38 39 79 71 35 14 13 11 10 10 17 39 53 60 28 70 68 31 63 53 28 45 67 44 65 39 59 23 13 31 20 18 33 74 51 27 13 42 11 10 11 9 8 3 1 1 1 1 1 0 0 0 0 0 0 0 0 1 1 0 1 2 1 3 1 1 0 0 0 0 0 0 0 0 0 0 0 0 0 0 0 0 0 0 1 1 2 2 2 2 12 5 3 2
8 13 23 6 37 84 36 16 7 5 8 10 8 15 21 36 44 63 39 47 64 39 12 38 58 39 38 30 33 53 38 37 31 14 18 53 65 73 68 57 40 23 20 21 12 4 3 2 4 1 0 0 0 0 0 0 0 0 0 0 0 0 0 1 1 1 1 1 0 0 0 0 0 0 0 0 0 0 0 0 0 0 0 0 0 0 0 1 1 1 1 3 4 5 2 5
15 8 16 38 33 52 76 28 22 6 3 4 5 7 23 16 38 58 9 19 72 58 20 10 65 70 39 23 35 44 16 13 18 11 9 26 44 45 37 15 26 23 12 15 14 12 13 9 3 0 1 2 1 1 1 2 1 0 0 0 0 0 0 0 1 2 1 1 0 0 0 0 0 0 0 0 0 0 0 0 0 0 0 0 0 0 0 0 1 1 1 2 3 4 8 9
21 7 5 22 39 49 76 55 18 12 6 4 4 6 6 4 18 12 11 48 85 29 13 7 11 45 20 23 17 35 30 15 17 16 13 42 25 10 8 6 8 3 3 33 14 23 31 21 6 4 5 3 2 1 1 0 0 0 0 0 0 0 0 0 0 0 1 0 0 0 0 0 0 0 0 0 0 0 0 0 0 0 0 0 0 1 1 1 2 2 2 4 4 5 5 12
38 23 13 8 8 12 23 56 22 21 8 4 3 4 7 3 10 7 23 22 78 27 13 10 5 11 11 15 6 24 29 9 8 8 12 25 21 5 3 5 4 3 3 7 16 12 9 3 3 3 2 2 1 2 2 0 0 0 0 0 0 0 0 0 0 0 0 0 0 0 0 0 0 0 0 0 0 0 0 0 0 0 0 0 0 0 1 4 1 3 4 5 7 7 11 17
16 13 23 7 6 22 23 51 50 23 15 3 2 2 3 4 5 8 8 24 56 73 32 13 3 3 8 2 5 18 26 11 6 7 5 4 6 4 3 3 3 2 2 3 18 9 9 3 1 1 1 0 0 0 1 0 0 0 0 0 0 0 0 0 0 0 0 0 0 0 0 0 0 0 0 0 0 0 0 0 0 0 0 0 0 0 2 3 4 6 5 6 7 13 11 21
29 19 5 3 4 10 16 27 43 18 8 5 2 1 1 3 1 3 12 51 41 57 35 22 8 2 10 8 2 3 11 6 6 4 2 2 3 8 2 2 2 2 1 2 7 9 11 4 2 1 1 0 0 0 0 0 0 0 0 0 0 0 0 0 0 0 0 0 0 0 0 0 0 0 0 0 0 0 0 0 0 0 0 0 0 1 1 3 2 2 1 2 4 9 10 7
41 30 9 3 1 8 8 15 32 26 6 4 2 2 2 2 1 7 22 39 12 25 32 8 5 4 2 4 6 1 4 6 3 3 1 2 2 1 2 2 2 2 1 1 2 7 12 5 3 2 1 0 0 0 0 0 0 0 0 0 0 0 0 0 0 0 0 0 0 0 0 0 0 0 0 0 0 0 0 0 0 0 0 0 1 1 1 2 1 1 1 2 4 5 5 6
42 27 11 8 2 2 6 9 44 6 6 2 1 1 1 1 1 4 20 9 2 11 58 8 4 4 2 2 2 4 3 2 2 2 2 1 1 0 0 1 2 1 1 1 1 3 10 4 5 2 1 1 0 0 0 0 0 0 0 0 0 0 0 0 0 0 0 0 0 0 0 0 0 0 0 0 0 0 0 0 0 0 0 1 0 1 2 2 1 1 2 2 3 5 6 4
35 25 12 5 3 2 5 6 25 8 1 4 2 1 1 1 1 7 7 4 12 22 45 20 5 2 3 5 1 6 3 2 2 1 2 1 1 1 0 1 0 0 1 2 4 5 7 6 9 6 3 1 0 0 0 0 0 0 0 0 0 0 0 0 0 0 0 0 0 0 0 0 0 0 0 0 0 0 0 0 0 0 0 0 0 1 1 2 2 3 3 3 3 2 5 8
28 14 8 4 3 3 1 3 7 22 4 1 2 1 1 1 1 3 3 4 4 11 40 17 6 7 2 2 3 5 2 1 1 1 1 0 1 1 0 0 0 0 1 5 2 2 5 3 7 6 5 1 1 0 0 0 0 0 0 0 0 0 0 0 0 0 0 0 0 0 0 0 0 0 0 0 0 0 0 0 0 0 0 0 0 0 1 1 1 1 2 5 3 5 13 8
23 17 6 3 3 2 2 2 3 8 6 1 1 1 1 1 1 1 2 2 4 13 43 14 8 3 5 2 2 3 1 0 1 1 1 0 0 0 0 0 0 0 2 4 1 2 2 1 5 4 3 2 1 1 0 0 0 0 0 0 0 0 0 0 0 0 0 0 0 0 0 0 0 0 0 0 0 0 0 0 0 0 0 0 0 0 0 0 1 2 1 3 3 1 4 5
67 37 14 3 1 2 1 1 2 5 7 2 2 1 1 1 1 1 1 1 4 6 26 11 3 2 2 2 1 1 2 1 0 0 0 0 0 0 0 0 1 1 2 0 1 1 1 1 2 3 4 3 4 2 1 0 0 0 0 0 0 0 0 0 0 0 0 0 0 0 0 0 0 0 0 0 0 0 0 0 0 0 0 0 0 0 0 0 0 1 2 4 2 2 3 1
18 55 33 10 3 1 1 1 2 2 12 3 1 1 0 0 0 0 1 1 2 5 13 15 3 2 1 1 1 1 1 1 1 0 0 1 0 0 0 0 1 2 1 0 1 1 1 1 2 3 1 1 1 2 1 1 0 0 0 0 0 0 0 0 0 0 0 0 0 0 0 0 0 0 0 0 0 0 0 0 0 0 0 0 0 0 0 0 0 1 1 2 1 2 2 4
5 47 7 32 14 4 1 1 1 2 6 2 1 0 0 0 0 0 1 1 2 6 5 12 6 2 1 1 1 1 1 1 1 0 0 0 0 0 0 0 1 1 1 0 0 1 0 0 2 3 1 1 1 1 3 1 1 0 0 0 0 0 0 0 0 0 0 0 0 0 0 0 0 0 0 0 0 0 0 0 0 0 0 0 0 0 0 0 1 1 1 1 1 2 3 3
9 10 5 22 7 8 2 0 1 1 2 2 1 0 0 0 0 0 0 2 1 1 10 10 11 5 2 2 0 0 0 0 0 0 0 0 0 0 0 0 1 0 0 0 0 1 0 0 3 2 1 0 0 0 1 1 1 0 0 0 0 0 0 0 0 0 0 0 0 0 0 0 0 0 0 0 0 0 0 0 0 0 0 0 0 0 0 0 0 0 1 1 3 3 4 5
9 7 6 4 4 2 8 1 0 0 1 1 0 0 0 0 0 0 0 1 2 7 11 10 13 5 2 1 1 0 0 0 0 0 0 0 0 0 0 0 0 0 0 0 0 1 1 1 4 2 2 0 0 0 0 0 0 0 0 0 0 0 0 0 0 0 0 0 0 0 0 0 0 0 0 0 0 0 0 0 0 0 1 0 0 0 0 0 1 0 1 1 1 1 2 3
9 4 6 3 4 1 1 2 0 0 1 1 1 0 0 0 0 0 1 1 4 5 8 6 6 8 2 1 1 0 0 0 0 0 0 0 0 0 0 0 0 0 0 0 0 0 0 0 2 3 1 0 0 0 0 0 0 0 0 0 0 0 0 0 0 0 0 0 0 0 0 0 0 0 0 0 0 0 0 0 1 1 0 1 1 1 1 2 1 0 0 0 1 2 3 3
5 6 7 3 1 1 1 1 0 0 0 0 1 0 0 0 0 0 1 3 2 1 4 3 2 4 2 1 1 0 0 0 0 0 0 0 0 0 0 0 0 0 0 0 0 0 0 0 2 0 1 0 0 0 0 0 0 0 0 0 0 0 0 0 0 0 0 0 0 0 0 0 0 0 0 0 0 0 0 0 1 1 2 2 2 2 1 2 1 1 1 1 1 1 2 3
2 1 2 2 1 1 0 0 0 0 0 0 0 0 0 0 0 0 1 1 1 1 2 6 1 1 1 1 0 0 0 0 0 0 0 0 0 0 0 0 0 0 0 0 0 0 0 3 4 0 0 0 0 0 0 0 0 0 0 0 0 0 0 0 0 0 0 0 0 0 0 0 0 0 0 0 0 0 0 0 0 1 1 1 3 2 3 3 2 2 1 1 2 2 1 2
0 0 1 1 0 0 0 0 0 0 0 0 0 0 0 0 0 0 0 0 1 1 0 1 1 1 0 1 0 0 0 0 0 0 0 0 0 0 0 0 0 0 0 0 0 0 0 0 2 0 0 0 0 0 0 0 0 0 0 0 0 0 0 0 0 0 0 0 0 0 0 0 0 0 0 0 0 0 0 0 0 0 1 1 3 2 5 6 3 5 5 5 3 3 3 7
1 1 1 0 0 0 0 0 0 0 0 0 0 0 0 0 0 0 0 0 0 0 0 0 0 0 0 0 0 0 0 0 0 0 0 0 0 0 0 0 0 0 0 0 0 0 0 0 0 0 0 0 0 0 0 0 0 0 0 0 0 0 0 0 0 0 0 0 0 0 0 0 0 0 0 0 0 0 0 0 0 0 0 0 1 2 1 2 12 12 3 10 8 8 4 7
