sesion_6_simulaciones/modelos_agentes/ejemplos_netlogo/scenarios/echam4_a2/rob_2067.asc
NCOLS 322 
NROWS 307 
XLLCORNER 451900 
YLLCORNER 4086900 
CELLSIZE 100 
NODATA_value -9999 
[rows 222 to 295 of 307, columns 96 to 191 of 322]
8 5 3 2 1 1 0 0 0 0 0 0 0 0 0 0 0 0 0 0 0 1 1 1 0 2 8 15 5 4 4 8 9 13 2 1 0 0 0 1 1 3 4 8 12 16 24 41 43 46 44 42 44 45 42 38 38 44 60 60 59 61 24 38 8 17 15 17 22 19 13 13 9 11 18 16 14 4 3 2 10 8 11 10 14 8 26 38 55 30 28 36 25 20 30 20
7 3 1 1 1 0 0 0 0 0 0 0 0 0 0 0 0 0 0 1 0 1 1 1 2 2 3 6 23 9 6 13 20 5 1 1 0 0 0 1 2 2 5 7 11 14 19 29 38 36 41 30 35 38 44 61 67 36 16 21 21 21 16 13 30 5 9 8 25 19 14 25 8 9 19 12 13 3 11 10 21 55 17 17 15 20 12 14 49 71 52 53 54 35 31 30
3 1 1 1 0 0 1 0 0 0 0 0 0 0 0 0 0 0 0 1 1 1 1 2 5 3 2 5 19 14 13 16 6 3 1 1 0 0 1 1 1 2 4 7 9 12 15 19 31 36 36 36 52 30 47 72 28 24 19 17 5 18 19 9 9 12 3 13 16 13 24 22 5 6 8 11 6 4 6 11 9 7 37 27 19 22 28 15 14 51 83 67 63 46 51 43
3 1 0 0 0 0 0 0 0 0 0 0 0 0 0 0 0 1 2 2 5 2 2 3 8 11 4 10 16 38 22 8 3 2 1 0 0 0 0 1 1 3 4 6 7 11 14 16 29 29 32 34 50 42 21 17 21 18 14 10 28 45 14 21 16 48 24 9 12 13 22 20 12 12 11 15 8 6 11 23 20 8 3 10 53 44 27 28 24 24 71 69 62 58 41 36
4 1 0 0 0 0 0 0 0 0 0 0 0 0 0 0 0 1 2 6 12 5 5 3 7 16 21 11 25 28 8 5 1 1 1 0 0 0 0 1 1 2 4 4 5 14 17 25 24 26 39 48 42 33 30 26 35 26 17 37 10 15 33 41 22 66 23 18 2 13 11 16 11 9 11 14 9 4 9 30 17 13 26 20 20 11 16 34 34 45 27 41 54 42 26 31
2 1 0 0 0 0 0 0 0 0 0 0 0 0 0 0 0 1 1 2 3 12 5 8 6 10 31 35 25 15 5 3 3 3 2 1 0 0 0 0 1 2 5 6 9 16 18 19 25 25 30 27 21 29 26 28 45 33 39 12 14 22 20 26 49 22 31 27 36 8 6 12 15 3 3 6 5 10 19 8 61 39 58 38 57 28 48 40 34 24 26 47 39 30 22 13
3 1 1 0 0 0 0 0 0 0 0 0 0 0 0 1 1 1 1 3 4 4 16 28 8 13 24 39 24 8 11 7 5 3 2 1 0 0 1 1 1 3 4 5 5 11 12 18 27 27 37 33 34 33 26 37 44 71 33 25 16 31 44 71 30 21 26 21 10 10 13 6 7 2 3 5 7 7 41 29 12 10 27 52 36 42 38 46 29 39 35 29 23 30 27 32
2 1 1 0 0 0 0 0 0 0 0 0 0 0 0 0 1 4 5 3 5 4 4 21 11 14 20 56 32 19 27 18 6 4 3 1 0 1 1 2 1 2 4 7 6 7 8 11 23 26 27 28 30 24 43 44 26 25 17 28 18 14 17 27 13 7 10 13 5 6 1 8 5 3 6 3 3 9 7 13 14 14 20 28 22 22 38 48 30 36 25 16 21 16 18 20
1 1 1 0 0 0 0 0 0 0 0 0 0 0 0 0 1 3 5 10 15 15 4 8 32 9 11 35 50 58 28 15 9 5 1 0 0 1 2 2 6 4 3 7 10 10 12 13 13 15 16 17 22 24 35 19 22 18 19 17 19 17 22 23 20 27 24 26 15 13 10 8 5 2 3 5 1 5 8 14 22 26 22 51 31 16 29 20 21 34 18 13 11 19 18 15
2 1 1 0 0 0 0 0 0 0 0 0 0 0 0 0 1 2 5 10 17 19 15 16 18 23 14 21 53 48 29 16 9 5 2 1 1 2 2 5 7 10 12 8 10 12 13 14 17 17 19 21 21 21 12 13 10 10 9 8 8 6 6 25 29 28 11 20 15 9 5 4 5 2 2 4 8 7 9 36 24 32 34 38 35 29 20 21 21 26 27 19 14 12 18 10
2 1 1 1 1 1 0 0 0 0 0 0 0 0 0 0 2 4 8 16 15 14 7 16 41 26 16 18 42 46 36 27 6 5 2 1 1 2 2 4 8 10 13 25 15 15 10 20 31 35 44 34 17 14 11 15 10 11 20 18 12 16 13 9 8 10 11 9 12 11 12 11 15 1 3 2 8 12 18 11 14 29 38 29 32 56 46 30 27 20 15 12 17 12 11 7
3 2 1 1 2 1 0 0 0 0 0 1 1 1 0 0 2 3 7 13 15 27 6 17 17 32 32 37 51 51 39 27 11 3 3 1 1 3 6 4 5 10 14 17 24 35 23 11 24 38 47 52 35 18 20 23 35 30 33 41 30 25 21 12 19 30 14 13 6 17 22 21 15 14 8 17 24 7 32 14 60 43 29 49 37 31 42 45 61 30 16 12 14 8 5 5
7 2 2 2 1 0 0 0 0 0 1 1 1 1 1 0 1 3 6 9 18 20 12 8 18 22 55 45 32 29 23 17 5 2 1 1 1 4 6 6 9 13 17 19 19 26 26 44 25 31 37 35 32 38 31 38 34 40 51 36 21 21 27 18 11 8 16 16 7 8 3 2 2 1 7 1 9 38 19 20 6 17 50 53 31 35 58 37 50 26 35 20 9 12 8 8
10 5 5 2 0 0 0 0 0 1 1 1 2 1 0 0 1 3 3 11 21 22 25 10 13 26 30 54 27 18 14 7 2 1 0 2 3 5 8 10 12 15 18 19 27 29 32 35 44 35 40 36 42 56 33 31 38 34 34 35 29 40 36 31 18 9 19 14 15 7 9 5 3 3 12 3 3 6 9 11 7 3 51 68 45 48 60 68 46 44 42 33 27 31 12 4
8 9 4 1 0 0 0 0 0 0 2 2 3 2 1 1 1 2 3 10 12 21 43 21 10 27 28 56 35 21 7 3 3 2 1 4 5 5 11 11 13 16 19 24 32 35 52 38 48 60 44 54 45 46 39 32 30 32 55 38 46 30 23 35 28 13 10 10 9 5 19 4 2 7 5 8 7 22 21 18 19 13 9 41 54 65 77 61 40 33 20 23 23 10 7 10
26 11 3 2 1 1 0 1 1 0 1 5 6 8 3 1 4 4 3 5 21 27 23 35 9 19 26 42 34 27 20 14 8 2 2 4 5 5 14 12 14 18 21 31 44 43 61 52 39 31 61 78 77 44 43 17 27 29 43 28 49 30 22 18 16 11 5 7 5 14 2 3 2 2 4 2 5 10 14 14 14 13 19 20 43 33 21 55 44 30 26 15 10 12 10 7
12 4 2 1 1 0 0 1 2 1 2 4 10 11 8 4 3 7 7 8 18 21 31 43 23 24 36 50 44 35 31 14 8 3 2 5 11 8 10 16 20 22 26 45 47 55 60 58 56 43 44 59 62 58 36 16 25 30 18 37 43 37 7 36 6 10 9 6 4 8 2 2 1 5 6 4 9 17 51 24 40 20 24 24 23 17 33 36 28 35 16 10 10 9 7 5
5 2 1 0 0 0 1 1 2 4 3 2 9 16 18 7 3 9 16 23 25 12 38 59 39 35 45 48 37 48 32 14 9 3 2 7 11 9 9 14 23 23 30 38 47 57 60 59 60 58 47 58 67 53 43 15 22 35 32 26 30 29 6 14 12 9 12 4 5 4 1 2 4 4 3 3 4 12 20 10 24 36 45 24 31 25 23 31 23 12 13 16 16 15 13 4
2 1 1 0 0 1 1 2 3 6 7 5 11 20 24 15 5 11 14 45 36 13 32 52 49 22 16 73 65 38 29 18 9 3 2 9 15 15 11 25 26 36 33 43 52 45 62 63 61 68 47 59 60 41 43 11 20 22 28 30 23 17 15 13 12 10 6 6 4 1 2 2 3 3 4 3 5 18 16 15 22 20 51 50 36 47 46 27 15 12 10 7 12 11 8 4
2 1 0 0 0 1 3 2 4 11 17 11 9 18 32 28 11 7 17 31 39 24 32 48 62 25 28 72 48 49 44 26 14 2 3 12 14 9 26 18 33 42 35 45 45 46 69 63 62 61 58 48 34 39 68 25 11 26 37 20 14 8 6 13 9 6 5 7 3 1 2 2 3 4 6 7 12 37 31 32 26 27 37 38 46 57 42 37 30 22 12 14 13 6 6 2
1 2 1 0 0 1 2 5 5 8 16 15 11 23 37 34 14 9 35 31 32 40 37 53 69 70 56 69 62 54 38 20 7 3 5 13 16 17 20 35 23 40 52 41 34 42 61 65 64 56 58 58 47 45 63 34 33 11 21 42 19 13 6 5 3 7 6 5 1 1 1 4 3 3 4 7 11 53 44 39 45 21 23 28 32 39 49 46 23 18 18 13 12 9 7 3
4 2 2 1 1 2 3 7 7 10 19 31 23 29 31 48 18 11 27 30 34 42 44 55 72 80 58 73 45 39 40 17 5 4 5 5 10 37 20 24 39 32 48 42 43 61 61 50 61 60 55 51 62 70 66 54 16 7 22 25 27 9 6 5 4 2 1 1 1 1 6 3 1 7 3 6 6 21 21 34 24 35 55 39 28 25 19 21 24 21 15 11 10 8 5 2
7 3 1 2 1 2 5 10 17 23 24 25 41 21 39 50 22 27 17 48 51 47 38 55 65 61 46 38 29 31 20 15 4 2 4 6 16 30 35 22 27 47 21 62 45 49 61 47 44 70 57 34 58 61 53 56 41 10 7 9 14 12 7 4 2 1 0 0 0 1 10 3 4 7 60 38 21 28 26 37 45 58 43 53 45 49 35 33 30 20 14 6 5 4 2 1
4 1 1 3 3 3 7 14 12 25 29 33 47 22 40 51 29 41 21 36 59 54 67 46 72 58 38 34 23 20 19 7 3 4 9 7 10 19 30 33 45 31 32 37 64 45 39 51 59 72 59 48 34 37 35 56 56 9 7 10 10 5 4 2 1 1 1 0 2 4 1 6 19 30 48 45 40 44 35 53 64 51 38 22 34 31 39 36 20 20 15 5 4 2 1 1
2 1 2 5 6 7 10 15 20 17 31 39 57 39 47 56 30 40 50 30 35 53 43 78 55 63 33 30 29 13 5 5 6 6 12 15 16 10 14 10 19 31 42 65 42 49 57 53 47 49 56 57 24 23 16 13 30 20 9 5 5 3 1 1 0 0 0 1 2 4 2 2 5 20 7 29 75 73 67 64 71 49 34 36 36 19 18 18 27 22 4 4 4 3 4 1
2 1 3 10 16 9 13 18 24 30 32 41 46 57 37 61 30 32 53 43 40 61 34 63 69 40 25 21 6 6 10 14 13 7 17 17 15 15 12 26 24 27 39 57 68 45 35 53 38 53 43 40 34 27 14 18 7 17 9 3 4 2 2 1 1 0 0 3 1 3 3 5 11 9 10 12 34 46 60 47 27 31 31 34 26 23 23 18 12 7 5 3 2 2 5 2
2 1 4 15 19 13 14 19 17 27 37 46 47 56 55 74 36 34 48 52 48 60 79 56 38 45 39 25 16 14 21 19 18 9 6 16 13 19 26 26 28 34 40 49 48 60 39 33 42 43 40 29 40 26 17 8 4 7 4 3 2 2 1 1 1 1 0 3 1 2 4 6 41 25 25 21 14 8 32 47 43 20 22 20 29 23 11 5 4 2 2 3 4 5 6 5
4 2 5 17 20 21 14 27 20 33 58 45 44 48 76 72 36 37 36 50 49 63 79 28 50 47 30 26 31 30 38 42 20 18 9 17 14 22 36 19 30 46 57 53 40 50 37 53 35 41 51 60 23 11 9 7 9 1 1 7 2 1 3 2 1 1 2 8 2 2 4 32 52 33 24 19 20 24 20 29 37 26 19 23 27 23 11 8 7 3 3 3 6 7 7 7
4 3 7 22 22 23 15 34 36 37 58 46 65 57 57 64 66 47 58 40 55 47 80 69 47 34 35 40 33 46 52 47 23 14 11 6 21 33 20 36 44 45 63 66 67 46 56 17 10 13 49 9 21 12 13 5 1 1 1 1 2 0 1 1 0 1 4 2 2 2 2 4 4 12 22 16 20 24 19 21 27 16 24 25 31 34 23 29 12 8 3 7 9 9 14 10
5 4 7 24 28 36 15 38 45 42 38 47 39 66 65 37 34 68 46 45 37 60 67 45 41 38 41 43 53 75 47 28 15 16 19 8 13 16 48 42 46 52 55 70 43 59 42 34 20 32 31 4 29 28 13 3 4 2 1 0 3 0 1 0 0 0 1 8 3 1 5 21 16 27 27 24 21 28 31 42 33 32 30 30 28 39 42 14 12 4 5 9 10 10 15 5
4 12 13 26 32 42 21 21 32 48 54 54 33 30 51 69 33 25 72 61 32 59 70 47 55 30 60 79 65 41 30 30 26 17 13 5 12 9 25 38 43 68 64 46 29 46 34 45 43 43 22 13 20 29 14 12 4 1 1 1 2 0 0 0 0 1 1 1 1 1 4 9 12 18 30 36 24 25 20 32 17 14 19 45 45 43 25 15 5 6 11 11 11 19 19 5
7 18 24 28 34 30 36 32 31 24 37 58 26 23 47 57 57 47 15 35 36 57 40 41 34 63 49 36 42 31 34 40 33 13 15 9 17 21 31 29 22 45 44 28 36 36 39 26 41 39 31 20 33 22 10 5 1 2 0 0 0 1 0 0 0 1 0 1 2 4 4 10 20 22 24 36 24 22 19 29 42 33 49 42 39 28 32 16 7 11 12 13 24 22 18 10
12 21 28 26 35 49 41 54 45 35 24 37 67 26 49 41 44 61 38 19 30 60 18 42 75 37 37 45 49 50 41 27 13 17 19 15 19 26 35 27 35 47 35 22 42 44 18 15 42 31 11 7 11 7 7 1 2 1 2 0 0 0 1 0 2 3 1 3 5 3 11 12 25 35 44 47 35 24 31 36 44 39 51 37 38 37 18 11 8 13 14 16 24 37 11 8
15 23 29 16 22 60 63 49 43 40 55 37 42 61 35 39 44 19 59 29 30 39 70 51 40 49 57 58 58 55 37 19 14 16 29 13 16 28 42 47 43 50 51 41 42 20 24 28 15 17 11 8 8 6 4 3 1 1 1 1 0 0 0 2 1 1 1 2 5 4 14 11 17 36 51 36 32 42 33 38 44 46 35 43 36 23 8 9 16 16 24 25 33 31 16 9
22 36 30 22 28 48 48 62 63 38 49 55 47 48 60 34 46 23 21 41 20 19 59 58 54 51 48 56 58 38 38 34 26 11 21 7 13 20 33 52 52 53 31 43 32 40 24 21 21 27 14 7 7 6 5 3 1 1 1 1 0 0 0 0 0 2 3 3 1 4 10 12 23 20 30 57 30 35 18 19 23 26 43 39 31 23 15 11 17 17 26 19 52 23 18 14
20 27 38 28 33 34 47 44 50 55 64 52 45 50 70 59 24 17 23 22 46 48 55 46 56 62 60 60 56 49 40 36 29 14 29 10 11 22 35 49 50 61 55 47 40 35 31 38 18 17 15 9 5 5 4 4 2 1 0 0 0 0 0 0 1 0 0 0 1 7 6 9 21 24 32 22 19 11 9 26 41 40 18 34 44 35 14 22 18 27 23 21 52 23 19 16
24 39 46 44 44 34 35 51 53 53 65 61 56 48 57 59 36 34 23 26 21 49 53 50 35 51 52 55 41 54 48 38 30 27 37 6 25 32 37 35 25 54 58 49 37 41 42 28 19 31 25 20 4 4 5 3 1 1 0 0 0 0 1 0 0 0 1 2 2 3 5 8 11 13 31 10 12 16 12 45 41 20 33 35 40 50 27 34 32 21 21 14 38 24 21 17
26 37 62 44 47 45 38 52 56 51 48 59 52 51 65 38 41 45 29 23 22 37 38 33 33 48 54 51 51 40 39 39 48 40 16 5 24 42 49 48 39 51 61 43 37 43 25 17 25 40 24 16 12 5 5 2 1 1 0 0 0 0 0 0 1 1 3 4 3 6 9 18 13 10 8 12 26 36 20 39 38 39 32 31 29 33 43 38 22 25 20 8 28 37 7 11
30 24 52 60 45 45 39 53 56 49 43 42 54 62 57 50 38 48 29 16 25 63 38 56 37 43 54 61 51 39 50 52 45 31 19 12 16 34 59 67 58 55 38 51 32 36 24 18 24 13 8 7 8 9 2 1 1 0 0 0 0 0 0 0 1 2 3 3 7 3 9 7 5 7 9 31 29 38 48 13 29 33 40 45 36 30 55 44 25 29 16 18 35 27 11 17
29 27 38 63 61 45 51 55 50 49 48 37 48 60 56 40 32 21 29 16 24 52 39 58 40 43 47 41 47 39 65 46 37 27 30 21 25 36 45 56 71 67 56 42 48 17 18 27 16 8 7 7 5 3 13 2 0 0 0 0 0 0 0 0 0 1 6 6 3 2 3 7 8 16 14 33 35 41 28 36 35 19 42 38 32 41 47 32 41 24 14 17 49 22 16 23
36 59 47 49 58 46 40 54 52 42 50 37 20 29 58 59 44 24 21 32 20 59 64 30 42 54 34 37 35 51 46 48 45 19 25 17 25 48 44 45 43 50 41 57 34 33 14 25 25 8 11 11 6 6 4 1 1 0 0 0 0 0 0 0 1 1 6 1 3 1 4 11 26 10 18 35 23 22 40 35 11 17 38 43 51 46 39 26 39 29 17 22 40 34 24 22
36 43 58 60 57 42 43 50 43 39 38 43 31 35 38 48 38 12 15 31 15 51 38 40 44 38 20 37 33 43 55 49 55 32 24 20 25 49 40 50 62 43 25 49 19 35 23 14 19 16 21 11 8 4 2 1 1 0 0 0 0 0 2 1 0 2 1 1 6 5 14 12 12 21 18 12 22 45 24 12 9 31 50 40 45 50 32 27 23 24 33 23 23 43 28 24
47 56 51 56 54 43 49 44 45 37 22 35 34 45 37 37 35 34 41 40 26 37 28 35 34 48 37 37 56 30 51 58 50 40 42 15 22 43 62 46 49 40 40 33 26 19 33 7 12 12 13 8 5 2 2 1 1 0 0 0 0 0 0 0 0 1 1 2 4 4 4 11 25 39 18 15 40 38 32 19 21 31 12 19 41 55 30 28 22 34 34 23 19 63 29 38
47 51 44 44 15 33 56 35 44 42 30 28 41 46 30 39 25 41 31 41 29 27 39 26 28 39 63 53 29 41 41 52 53 36 34 15 22 47 41 45 40 30 45 44 41 18 8 34 9 24 8 7 2 4 2 2 1 1 0 0 0 0 1 1 0 0 1 3 5 3 3 12 34 27 13 31 27 17 19 67 47 19 24 43 30 27 34 17 22 31 32 25 36 66 49 44
45 35 21 11 9 18 53 32 21 25 29 18 22 42 55 44 14 13 34 20 25 25 39 40 13 41 58 33 29 46 29 57 61 53 28 6 18 36 39 49 34 31 36 41 42 28 10 6 2 2 10 7 2 3 1 2 1 0 0 0 0 1 0 1 1 1 1 1 4 3 4 17 27 11 17 32 32 4 31 29 20 34 52 43 31 29 28 10 32 31 35 25 48 84 54 32
45 46 31 30 31 24 28 47 14 16 12 27 22 30 47 34 46 11 16 27 30 35 44 56 36 17 37 43 37 24 53 46 48 44 27 12 11 23 47 52 19 34 51 41 33 17 13 11 9 6 4 3 6 1 0 0 0 0 0 0 0 0 0 0 1 0 1 0 1 2 8 7 12 21 13 16 10 10 23 18 23 43 45 32 27 15 10 9 22 29 32 29 48 70 51 17
56 40 44 38 23 28 22 23 28 27 18 45 24 28 20 22 34 30 23 29 32 25 42 37 11 20 33 27 27 36 55 51 27 31 40 22 17 16 27 34 8 17 20 19 19 12 10 7 23 13 5 3 2 1 1 0 0 1 0 0 0 0 0 0 1 1 0 0 2 4 2 5 3 9 10 17 4 28 24 45 24 24 18 21 24 18 11 21 23 34 31 41 47 70 17 14
34 35 41 33 35 21 16 30 47 44 15 16 33 28 11 11 7 13 23 20 7 10 16 20 29 7 30 48 19 49 39 39 38 29 43 18 29 10 28 41 35 14 18 19 8 10 3 2 4 7 2 6 4 2 0 0 0 0 0 0 0 0 0 0 0 1 0 2 2 1 2 3 5 7 3 8 23 33 52 20 20 23 29 38 22 14 11 23 32 33 31 23 57 69 47 13
34 52 37 36 34 32 23 33 46 30 28 17 12 21 25 12 19 10 5 15 6 13 35 29 23 16 30 17 20 47 39 47 33 16 35 17 22 17 11 30 23 38 26 14 10 13 10 4 5 7 6 5 1 1 1 0 0 0 0 0 0 0 0 0 0 0 1 2 3 3 2 3 3 2 12 17 14 27 31 19 16 21 28 27 18 17 13 28 34 22 30 32 20 42 46 15
37 36 34 26 36 46 21 29 31 35 27 23 29 15 8 22 15 7 9 13 19 6 6 13 13 30 27 43 20 26 42 34 25 44 24 14 18 28 11 31 36 37 40 12 13 22 10 3 6 8 2 3 1 1 1 0 0 0 0 0 0 0 0 0 0 0 1 0 0 1 2 1 6 15 7 10 10 12 13 14 9 15 19 26 23 18 12 22 36 20 31 22 28 29 29 18
31 31 47 31 43 50 14 23 32 36 31 23 33 24 32 16 26 34 9 13 19 5 11 13 18 39 34 58 24 28 33 34 47 23 18 12 13 39 15 16 29 40 20 19 21 18 3 2 22 32 3 3 2 1 0 0 1 0 0 0 0 0 0 0 0 0 0 0 1 2 3 5 3 6 5 4 5 15 11 11 18 33 18 18 23 11 19 19 34 17 20 6 3 9 37 52
31 37 44 42 34 28 14 22 33 37 33 21 15 15 26 27 13 7 10 8 8 3 9 7 22 24 45 30 31 48 47 40 28 28 11 4 5 39 14 14 18 23 20 18 16 13 1 4 7 7 7 4 2 0 0 0 0 0 0 0 0 0 0 0 0 0 0 0 2 4 6 7 4 3 3 5 24 24 12 14 24 21 21 32 7 11 22 25 29 14 7 4 12 14 13 32
35 19 20 41 31 37 26 10 29 30 35 22 21 11 19 12 16 4 5 4 2 6 8 9 9 24 19 32 42 64 39 47 35 36 25 3 22 32 13 13 21 10 18 15 12 8 2 5 3 4 4 2 2 1 1 0 0 0 0 0 0 0 0 0 0 0 0 2 1 1 3 2 2 2 6 11 18 12 9 29 27 21 28 10 10 24 43 19 7 5 8 17 11 39 22 32
31 8 23 35 42 32 33 17 11 20 26 14 17 14 18 18 7 5 10 5 1 5 30 12 12 13 8 17 24 35 41 45 30 17 22 11 22 14 19 14 26 19 15 19 20 11 6 4 3 3 2 3 1 1 1 0 0 0 0 0 0 0 0 0 0 0 0 1 1 0 2 4 3 7 8 11 17 20 17 30 24 13 10 6 22 41 9 4 5 10 12 22 32 26 27 17
26 11 12 9 30 32 39 20 3 13 21 12 14 10 31 14 6 1 3 4 1 6 13 7 8 3 14 26 31 28 39 28 33 25 14 12 14 12 13 9 3 16 12 26 16 15 16 20 11 7 3 6 2 0 0 0 0 0 0 0 0 0 0 0 0 0 0 0 0 0 1 5 7 14 6 6 20 28 17 15 9 18 4 17 23 8 2 9 12 18 20 19 23 33 29 17
32 19 25 7 29 38 32 18 4 3 3 16 16 10 10 11 3 5 3 6 5 2 5 10 6 5 17 28 29 23 22 19 32 24 19 21 26 7 17 12 5 9 10 14 24 9 6 4 3 2 1 3 1 0 0 1 1 0 0 0 0 0 0 0 0 0 0 0 1 0 1 3 6 7 7 9 28 25 22 18 10 7 19 20 12 3 7 18 16 15 20 16 24 25 22 19
42 15 26 6 12 28 17 7 5 4 5 6 9 19 11 9 4 3 2 5 2 4 10 5 6 12 8 21 26 26 18 28 18 12 23 20 16 13 11 16 11 6 9 9 12 8 14 5 4 5 6 2 1 0 0 0 0 0 0 0 0 0 0 0 0 0 0 0 0 0 1 2 5 7 7 8 10 12 32 10 8 8 15 6 6 19 18 17 15 17 16 11 8 6 12 19
28 14 25 11 8 27 17 20 13 11 6 7 10 13 12 12 10 5 2 3 1 2 3 5 11 9 19 33 29 15 20 23 12 10 39 21 13 13 10 5 5 7 9 15 11 11 18 6 8 4 5 1 3 1 0 0 1 0 0 0 0 0 0 0 0 0 0 0 0 0 1 2 4 7 8 3 8 21 18 29 22 11 4 7 8 11 11 23 20 13 19 11 9 5 7 2
21 14 23 17 12 15 7 19 8 8 8 6 9 7 4 8 4 3 2 2 4 1 2 9 8 12 13 15 20 18 20 20 21 12 30 18 17 11 22 7 14 15 6 7 13 18 20 9 11 8 3 1 2 0 0 1 1 0 0 0 0 0 0 0 0 0 0 1 0 0 1 2 1 3 5 4 12 30 61 21 12 6 2 7 5 26 18 13 15 18 32 22 9 7 8 3
31 13 22 14 9 8 4 14 18 10 9 9 6 6 4 7 3 2 1 1 2 1 2 5 9 6 11 19 17 18 15 19 13 23 24 17 25 40 12 8 9 9 10 7 21 9 13 15 6 5 5 3 1 1 1 1 1 0 0 0 0 0 0 0 0 0 1 1 0 0 1 1 3 7 3 17 20 26 20 25 7 2 6 12 11 14 19 9 15 23 19 19 6 4 6 2
28 14 31 16 6 7 11 7 21 8 13 11 4 3 3 2 2 2 2 1 0 2 2 2 4 4 15 12 9 14 17 6 13 31 11 36 14 37 22 8 18 7 16 11 23 19 14 12 5 7 4 2 1 1 1 1 0 0 0 0 0 0 0 0 0 0 0 0 0 1 0 0 2 3 14 12 8 23 14 21 11 6 7 16 26 14 16 20 21 14 13 8 5 3 4 2
21 12 33 16 5 4 28 13 11 7 7 9 4 5 3 2 2 2 3 1 0 1 0 0 2 2 15 19 18 10 7 6 12 25 20 12 20 18 18 8 16 4 13 4 13 17 18 13 5 6 3 3 1 1 1 1 1 0 0 0 0 0 0 0 0 0 0 0 1 1 0 1 3 9 10 4 5 36 21 11 11 7 14 8 22 21 11 15 14 11 8 4 15 4 2 1
33 10 23 9 4 7 12 11 8 20 14 6 5 3 3 2 3 2 1 1 0 0 0 2 4 6 9 10 13 8 4 6 20 13 21 14 30 13 10 10 16 4 13 9 8 13 24 10 5 7 4 3 1 0 1 1 0 0 0 0 0 0 0 0 0 0 0 0 0 0 1 2 2 2 4 5 8 24 18 3 4 8 19 18 19 15 5 10 21 15 6 3 8 1 2 2
29 11 21 7 4 7 7 24 9 16 22 12 3 2 1 3 4 2 0 1 0 1 1 2 1 2 2 7 4 3 8 6 38 18 21 22 21 9 6 20 9 6 7 23 27 12 11 8 11 5 3 2 1 1 1 0 0 0 0 0 0 0 0 0 0 0 0 0 0 0 1 1 2 2 6 6 18 20 21 4 3 17 19 18 14 13 4 6 11 9 3 3 2 2 3 2
40 31 5 13 5 5 13 19 10 6 12 8 11 1 3 8 2 2 1 1 0 0 1 1 1 1 8 4 6 6 7 15 3 8 4 12 10 6 4 20 7 6 1 11 40 12 6 9 8 4 3 2 1 1 1 1 1 0 0 0 0 0 0 0 0 0 0 0 1 0 1 1 2 2 6 15 7 19 15 6 6 21 11 9 10 6 8 7 4 5 7 2 2 4 2 1
23 6 5 9 5 4 20 14 15 4 3 5 10 1 1 1 1 2 1 1 0 0 1 1 2 2 2 6 6 4 14 5 10 6 14 12 8 10 5 12 5 11 5 10 25 20 8 6 7 5 3 2 1 1 0 0 0 0 0 0 0 0 0 0 0 0 0 0 0 0 1 3 5 5 14 36 2 22 10 9 9 9 11 5 6 4 9 12 5 3 5 2 2 2 2 2
21 7 2 9 6 6 12 2 6 9 1 2 6 2 0 1 1 1 0 1 0 1 3 1 1 1 3 8 4 8 5 9 17 32 15 10 27 7 13 18 5 6 7 13 16 11 5 13 5 3 2 2 2 1 0 0 0 0 0 0 0 0 0 0 0 0 0 0 0 0 1 2 6 14 13 4 9 20 15 6 4 7 14 4 7 8 9 4 6 3 1 3 3 2 1 1
20 2 5 8 4 4 7 1 1 1 3 6 1 2 1 1 0 0 0 0 0 0 0 1 1 1 1 3 4 6 4 7 14 9 5 21 7 5 26 7 11 15 11 11 15 9 6 4 5 1 1 1 1 1 0 0 0 0 0 0 0 0 0 0 0 0 0 0 0 1 1 3 5 3 13 7 11 8 4 3 3 12 9 9 5 5 6 3 2 3 3 1 1 2 0 0
20 2 3 8 3 8 7 3 1 2 3 4 5 3 1 0 1 1 1 0 0 0 1 2 1 0 1 6 3 3 2 12 3 7 23 3 6 7 12 5 12 11 8 23 20 13 7 3 3 2 1 1 1 1 1 0 0 0 0 0 0 0 0 0 0 0 0 0 0 1 1 6 5 5 1 6 14 3 5 4 5 8 9 7 3 5 3 3 1 3 2 4 1 0 0 0
9 2 3 10 2 5 9 5 2 2 1 5 1 2 2 0 0 0 0 0 0 0 0 0 0 0 2 4 6 1 10 1 2 11 11 4 9 11 17 10 3 15 14 18 23 10 5 1 2 4 2 0 0 0 1 1 0 0 0 0 0 0 0 0 0 0 1 0 0 0 2 8 7 4 2 8 8 5 5 3 4 6 6 6 5 3 1 3 2 3 2 1 2 0 0 1
6 2 2 6 1 4 6 1 1 2 2 3 1 1 1 1 0 0 0 0 0 0 0 0 0 0 7 2 2 1 6 4 1 16 6 3 8 31 12 8 4 13 14 15 4 7 2 2 1 1 1 1 0 0 0 0 0 0 0 0 0 0 0 0 0 0 0 1 1 2 4 7 6 1 3 7 5 2 2 3 4 3 8 2 2 2 1 1 2 1 1 0 0 1 1 0
14 2 6 2 1 6 2 1 1 1 3 1 2 1 0 0 0 0 0 0 0 1 0 0 0 0 2 1 0 4 2 2 6 7 7 2 5 24 23 9 4 8 7 13 10 5 1 2 1 0 0 0 0 0 0 0 0 0 0 0 0 0 0 1 3 3 4 6 4 12 7 11 7 1 9 13 2 2 2 4 3 3 5 2 3 3 0 1 1 1 1 0 0 0 0 0
10 5 0 1 1 3 1 1 2 2 1 1 1 1 0 0 0 0 0 0 0 0 0 0 0 1 1 0 2 0 1 4 5 2 3 5 11 25 16 5 4 9 6 7 4 2 3 2 1 1 0 0 0 0 0 0 0 0 0 0 0 0 0 0 0 0 2 4 10 19 30 19 1 6 8 14 4 0 2 7 3 6 2 3 1 4 0 1 1 1 1 0 1 0 0 0
6 1 0 1 1 1 0 1 1 1 0 1 2 1 0 0 0 0 0 0 0 0 0 0 0 1 0 1 2 0 3 5 1 1 5 4 2 19 12 1 3 4 3 4 4 2 1 1 0 0 0 0 0 0 0 0 0 0 0 0 0 0 1 0 1 1 3 28 34 27 20 1 3 6 9 13 10 1 4 4 2 2 2 2 2 2 0 0 1 1 1 0 0 0 0 0
