sesion_6_simulaciones/modelos_agentes/ejemplos_netlogo/scenarios/echam4_a2/rob_2097.asc
NCOLS 322 
NROWS 307 
XLLCORNER 451900 
YLLCORNER 4086900 
CELLSIZE 100 
NODATA_value -9999 
[rows 219 to 291 of 307, columns 96 to 191 of 322]
36 24 16 9 4 2 2 1 2 0 0 0 0 0 0 0 0 0 0 1 0 1 1 3 10 6 6 3 2 3 4 4 6 8 23 3 1 1 5 8 15 16 20 21 23 23 18 27 26 23 37 19 29 22 15 23 9 12 5 4 4 4 3 3 7 9 10 5 19 15 7 3 4 10 8 4 12 2 5 2 3 3 2 8 39 4 10 10 11 18 29 26 30 18 15 16
36 25 11 10 10 4 2 1 1 1 0 0 0 0 0 0 0 0 1 1 1 2 2 3 4 21 9 6 5 5 6 6 8 15 15 5 2 1 3 6 8 14 11 20 20 23 30 30 23 30 21 21 21 23 22 23 31 15 7 4 5 4 1 4 6 5 5 8 10 13 6 4 5 3 6 3 3 4 2 2 3 1 4 3 10 29 13 27 28 38 44 37 45 35 44 51
45 31 16 8 10 4 1 1 1 1 0 0 0 0 0 0 0 1 1 1 1 2 4 5 7 12 35 14 10 7 7 13 10 29 11 6 1 1 1 5 5 9 10 11 17 23 30 28 24 21 20 21 33 36 27 15 15 12 6 9 10 11 5 4 2 3 6 9 6 8 6 4 3 4 4 5 2 1 2 2 1 1 4 3 1 11 58 30 35 41 29 35 32 32 18 17
27 16 14 9 5 6 2 1 1 0 0 0 0 0 0 0 0 1 2 2 1 2 3 4 2 8 21 36 18 10 11 20 23 33 8 6 1 0 1 4 4 6 9 17 18 22 28 42 41 37 34 28 28 29 22 21 17 19 26 20 20 22 5 7 1 3 3 3 5 5 4 4 3 3 5 4 3 1 1 0 1 2 2 2 3 2 9 20 31 16 15 21 16 13 24 19
23 11 6 6 3 2 1 1 1 0 0 0 0 0 0 0 1 1 1 5 2 2 4 5 6 7 8 14 47 20 15 28 42 16 6 5 2 0 2 5 5 6 12 15 17 23 26 33 38 31 32 19 21 23 26 41 45 16 6 7 7 7 3 3 7 1 1 1 5 5 3 7 2 3 5 3 2 1 1 1 2 12 4 4 4 6 5 6 28 55 35 34 39 24 26 29
12 6 4 4 2 1 2 1 0 0 0 0 0 0 0 0 0 1 2 4 5 4 5 7 14 10 6 13 33 27 25 33 19 12 5 3 1 0 2 3 4 6 12 14 15 18 22 25 34 34 28 26 37 17 28 54 15 9 7 6 2 5 4 3 1 3 0 2 3 3 5 6 1 2 2 2 1 1 1 2 1 2 8 10 5 9 12 7 6 34 72 53 51 35 46 44
13 6 3 1 1 1 0 0 0 0 0 0 0 0 0 1 0 3 8 7 19 8 8 9 21 24 9 22 27 54 43 21 9 8 7 2 1 0 1 3 4 8 11 14 15 18 21 20 30 28 26 26 36 28 13 9 9 7 6 3 11 18 5 4 4 14 5 1 2 2 4 4 2 2 3 3 1 1 1 3 3 2 1 4 18 24 12 13 12 14 54 56 50 49 37 34
16 7 3 1 1 0 0 0 0 0 0 0 0 0 0 0 0 2 6 19 31 16 16 10 15 30 34 19 36 48 20 14 5 4 3 1 0 0 1 3 4 6 9 8 11 21 24 31 28 24 34 38 31 21 17 13 18 11 6 8 3 4 10 7 5 24 4 4 1 2 2 2 2 1 3 3 1 1 1 7 2 3 7 6 8 5 8 18 19 32 17 28 47 34 23 31
10 5 1 1 1 0 0 0 0 0 0 0 0 0 1 2 1 3 4 7 9 28 14 19 15 21 45 47 38 36 13 9 11 11 10 3 1 1 2 2 5 7 13 15 19 24 25 26 27 25 28 21 13 18 15 16 26 17 14 6 6 8 6 8 16 5 3 5 8 2 1 2 3 1 1 1 1 1 3 1 17 13 28 14 33 14 28 25 18 16 17 36 32 27 21 15
13 6 3 2 1 1 0 0 0 0 0 0 0 0 1 2 3 6 5 9 12 11 31 48 16 24 37 49 41 17 25 17 14 11 10 4 1 2 4 2 3 9 10 11 12 19 20 23 33 27 32 25 25 23 15 22 24 48 16 11 6 14 19 35 13 8 6 5 1 2 2 1 1 0 1 1 1 1 9 5 2 2 8 30 21 23 20 26 17 25 26 21 18 27 26 37
11 6 3 2 2 1 1 0 0 0 0 0 0 0 1 2 5 14 19 11 12 11 10 38 20 25 28 67 48 31 44 39 16 15 13 3 1 2 4 5 4 8 11 16 13 14 11 15 28 28 24 21 22 14 28 30 14 11 7 14 7 6 8 12 6 2 2 2 1 1 0 1 1 1 1 0 0 2 1 3 3 3 7 19 10 11 21 34 19 28 19 13 19 16 20 26
5 6 3 2 1 2 1 1 0 0 0 0 0 0 0 2 5 9 19 26 36 33 10 16 48 16 17 46 62 70 44 34 25 16 6 2 2 2 5 8 14 11 7 14 18 17 18 17 16 16 15 13 16 17 22 10 10 9 9 8 8 7 7 9 8 8 7 7 2 1 2 2 1 0 1 1 0 2 1 2 5 7 9 27 16 7 15 13 13 24 16 11 11 21 23 21
10 7 4 2 2 1 1 1 0 0 0 0 1 1 0 1 5 7 18 28 33 36 28 26 27 32 20 25 61 62 49 34 23 14 9 3 3 6 7 15 19 20 25 15 16 20 17 18 20 18 19 18 16 14 7 8 5 5 4 3 3 3 3 10 13 11 3 5 3 2 1 1 1 0 0 1 1 1 2 7 6 9 14 23 18 17 11 13 14 20 23 18 15 15 25 17
8 5 4 3 3 4 2 0 0 0 1 1 1 1 1 2 7 12 21 33 32 25 14 24 50 34 20 22 47 58 55 49 17 15 7 4 3 7 8 10 19 22 26 37 24 23 15 27 36 38 41 27 12 9 6 8 6 5 9 9 5 7 5 4 3 3 3 2 2 2 2 2 2 0 0 0 1 1 3 4 5 9 15 15 16 36 28 18 20 17 14 13 22 17 18 13
13 11 4 5 6 4 1 0 0 0 1 2 2 2 2 1 6 10 17 27 29 41 12 26 23 40 35 39 55 61 56 48 24 10 11 5 4 8 14 10 13 22 26 24 32 45 31 15 26 37 43 44 25 12 12 13 20 17 16 21 13 11 8 5 7 11 4 3 2 2 3 4 3 1 1 2 4 1 7 4 25 26 14 23 17 18 25 29 50 26 17 14 19 12 8 8
26 10 8 10 4 1 1 0 0 1 2 4 4 4 2 1 4 12 19 21 30 31 21 13 24 24 57 44 37 40 38 35 15 7 3 3 5 11 16 12 19 25 26 29 28 32 31 50 25 28 30 27 21 27 17 21 20 20 31 18 9 9 11 6 4 3 4 4 1 1 0 0 0 0 1 0 1 8 4 4 2 7 32 24 17 22 39 23 42 23 35 23 13 19 13 15
32 20 18 8 2 2 1 1 1 2 3 5 9 6 2 2 4 9 9 27 38 35 37 16 17 28 31 54 36 28 26 17 8 2 2 5 9 11 17 22 24 26 26 28 33 36 33 37 42 28 30 25 26 38 17 17 20 19 17 17 13 19 13 10 5 2 4 4 4 1 1 1 1 0 3 1 0 1 2 3 2 1 27 38 26 30 41 54 40 37 41 39 35 44 20 8
25 27 17 4 3 2 1 1 1 2 8 8 13 11 7 3 4 7 9 20 22 34 55 29 14 31 28 57 41 35 16 9 8 6 4 11 12 12 19 22 24 27 26 33 38 38 52 37 40 50 33 40 29 25 26 16 15 15 29 18 16 12 7 11 10 3 2 2 2 1 2 1 0 1 1 1 1 4 6 4 6 5 4 25 30 50 68 52 34 28 20 30 30 16 12 19
56 35 13 7 4 2 1 2 3 2 5 14 21 24 11 5 11 13 9 11 33 40 30 42 11 21 26 43 39 39 37 27 18 6 6 11 12 9 23 22 23 28 27 40 48 42 57 46 31 20 45 61 60 25 25 7 13 12 24 13 24 11 6 4 3 2 1 2 1 2 0 0 0 0 0 0 1 1 3 4 4 5 7 9 26 20 13 41 37 28 31 19 14 18 18 15
33 18 10 7 3 1 1 2 9 5 5 10 27 27 21 15 7 15 15 17 27 30 37 47 26 26 34 51 50 49 46 29 20 8 6 12 22 14 19 23 27 29 32 51 48 51 53 47 43 30 28 41 41 32 24 7 10 13 7 15 20 10 2 8 1 2 2 1 1 1 0 0 0 0 1 1 1 3 8 9 15 8 10 11 13 9 22 27 25 33 20 14 15 16 13 11
17 9 4 1 1 1 3 3 9 12 10 7 22 35 36 17 7 17 28 37 32 17 44 60 41 32 42 48 42 60 48 25 21 10 5 15 20 16 14 19 33 28 37 43 47 51 50 47 43 41 28 36 45 38 23 6 9 13 14 9 9 7 1 3 2 2 2 1 1 0 0 0 0 0 0 0 1 2 6 3 11 18 22 12 18 14 16 26 23 13 16 22 23 23 24 13
9 5 3 1 0 2 4 8 11 19 18 13 22 34 41 26 10 18 21 56 42 17 35 52 45 18 13 72 66 47 43 33 21 9 4 18 26 25 16 32 34 44 36 43 48 38 50 48 43 48 27 37 38 21 20 4 8 10 9 13 6 4 3 2 2 2 1 1 0 0 0 0 0 0 0 0 1 3 6 4 7 11 31 35 20 33 36 26 14 13 12 10 18 18 17 12
8 6 2 2 1 3 10 8 12 24 36 24 17 28 47 43 19 12 26 40 45 27 32 45 55 20 23 69 51 55 55 39 27 5 5 21 23 14 35 24 38 44 37 44 38 36 59 47 43 41 37 26 20 22 38 9 4 11 14 6 3 2 1 3 2 1 1 1 0 0 0 0 0 0 1 1 1 8 10 11 11 13 19 23 28 43 34 36 30 25 16 19 21 11 14 6
5 8 6 3 1 4 8 16 14 18 32 27 20 32 49 45 21 13 45 34 32 38 33 47 60 59 45 65 63 60 50 34 16 6 9 21 23 25 26 41 27 42 49 37 26 31 46 47 43 34 34 34 27 21 43 15 12 3 6 12 4 3 1 1 0 1 1 1 0 0 0 0 0 0 1 1 2 9 13 13 28 10 11 13 20 26 42 44 25 21 23 19 20 17 17 10
13 10 8 3 3 7 10 18 17 22 34 45 34 37 39 54 23 14 33 33 32 39 38 46 59 70 47 69 44 43 51 31 11 7 9 10 16 45 26 26 40 30 42 34 34 47 41 32 40 38 32 28 33 44 35 23 6 2 7 7 7 2 1 1 1 0 0 0 0 0 0 0 0 1 0 1 1 4 8 14 15 15 36 22 16 17 15 20 26 25 20 17 18 16 15 7
23 12 5 6 5 7 13 21 31 36 39 33 51 28 45 55 24 28 17 46 46 39 31 43 52 50 42 33 27 34 28 27 8 4 8 10 23 37 40 23 27 43 16 52 31 35 43 26 24 43 34 15 30 33 20 19 10 3 2 2 2 2 1 1 0 0 0 0 0 0 1 0 0 1 17 8 5 6 8 14 27 34 25 38 32 39 31 31 32 25 21 11 10 10 5 2
13 4 3 8 11 8 17 26 23 39 41 40 54 25 43 52 27 38 18 31 51 42 56 34 61 51 30 30 24 27 31 15 6 6 16 12 14 23 35 34 42 26 23 25 52 26 24 28 37 44 31 18 14 11 13 16 14 2 1 1 2 1 1 0 0 0 0 0 0 1 0 1 2 5 8 18 7 16 12 26 42 35 24 12 24 23 34 35 23 27 23 10 8 6 3 1
7 2 5 13 13 15 21 27 31 26 42 46 60 39 43 52 24 33 40 21 24 38 27 66 44 51 26 29 34 20 9 9 10 10 19 21 20 11 16 10 16 26 33 53 32 31 36 31 25 26 33 29 9 7 4 4 6 3 2 1 1 0 0 0 0 0 0 0 0 0 0 0 1 4 2 11 37 35 31 39 59 32 19 23 28 16 18 21 32 32 7 8 8 8 10 3
6 3 9 24 33 19 25 30 35 38 41 46 49 56 30 51 22 22 40 30 25 42 21 47 59 31 22 24 9 10 15 20 19 11 23 20 19 17 13 28 21 23 30 39 56 31 17 23 19 27 20 17 16 10 4 2 1 2 1 1 1 0 0 0 0 0 0 0 0 0 0 1 1 2 2 3 13 19 33 26 18 16 18 23 20 22 26 23 17 11 8 6 4 4 11 5
9 4 13 32 34 22 23 29 25 35 44 47 45 49 43 62 24 20 32 33 28 40 65 45 27 34 37 28 18 15 25 24 23 13 9 20 16 21 27 24 25 28 29 34 32 42 20 15 20 18 18 10 11 10 4 1 1 1 1 0 0 0 0 0 0 0 0 0 0 0 1 1 6 5 6 6 5 3 15 25 25 11 12 13 24 25 15 8 6 4 3 5 7 9 11 11
12 5 13 34 34 33 22 38 24 39 60 43 39 38 65 54 24 22 21 29 29 42 62 18 32 35 26 22 28 28 39 46 26 22 12 22 17 23 37 17 25 37 44 38 25 32 21 30 17 21 14 21 6 2 2 1 2 0 0 1 0 0 0 0 0 0 0 1 0 0 1 3 13 9 7 8 7 8 8 14 22 16 11 16 24 28 15 11 11 5 4 5 11 12 13 13
12 8 14 36 35 34 22 43 40 40 59 41 56 45 42 46 48 27 32 20 31 27 63 49 30 23 24 31 25 39 47 52 29 17 14 7 23 33 18 32 35 35 50 51 47 25 34 7 3 6 14 3 4 2 3 1 0 0 0 0 0 0 0 0 0 0 1 0 0 0 0 1 1 3 7 6 8 10 9 10 14 9 15 17 27 38 27 36 19 11 5 10 12 13 21 14
12 9 15 38 39 46 22 45 47 41 33 41 28 51 49 21 18 48 25 24 18 34 41 26 24 22 24 29 40 66 45 28 18 17 22 9 15 16 43 35 37 40 41 53 24 38 24 14 9 13 9 1 5 4 3 0 1 0 0 0 0 0 0 0 0 0 0 1 0 0 1 3 3 7 9 9 8 12 15 22 20 19 19 21 24 38 46 20 18 7 6 12 13 14 20 7
8 22 23 35 41 50 27 25 31 45 46 45 23 19 34 49 17 11 48 39 14 25 40 26 35 15 39 64 54 34 26 29 27 18 14 6 13 8 22 29 31 55 48 29 14 22 17 21 20 17 6 3 5 4 3 2 1 0 0 0 0 0 0 0 0 0 0 0 0 0 1 1 3 4 9 14 10 11 9 17 9 7 11 33 37 41 29 20 6 9 14 14 15 27 25 8
13 30 35 38 40 33 38 32 27 19 28 47 15 13 28 38 35 25 6 16 16 28 21 18 18 39 31 24 34 24 28 38 32 13 16 9 16 21 27 23 14 33 29 16 17 17 17 11 18 12 10 5 8 4 2 1 0 0 0 0 0 0 0 0 0 0 0 0 0 0 0 2 4 5 7 14 10 11 7 16 24 19 35 28 31 26 35 21 10 14 16 15 28 26 23 14
19 31 36 33 38 48 41 50 37 25 16 26 49 14 32 22 24 36 18 7 13 31 6 18 48 18 20 30 37 39 35 23 12 15 19 14 17 23 29 20 23 34 21 11 20 21 8 5 11 9 3 1 2 1 1 0 0 0 0 0 0 0 0 0 0 0 0 0 1 0 1 2 5 11 15 23 17 11 15 18 27 23 35 25 29 34 19 16 11 16 17 17 28 40 13 11
24 31 36 19 24 59 59 42 32 27 39 21 26 43 18 19 22 7 33 11 11 13 37 24 19 26 34 41 43 43 30 18 13 13 27 12 13 22 33 34 30 32 31 23 19 10 10 11 5 3 3 2 1 1 0 0 0 0 0 0 0 0 0 0 0 0 0 0 1 0 2 2 3 11 19 15 13 20 17 20 27 29 22 30 29 22 9 11 16 16 24 26 35 34 18 11
31 42 34 24 28 45 41 51 51 25 31 34 27 29 36 15 24 9 7 20 6 7 34 29 29 28 27 38 42 26 30 29 22 9 17 6 10 13 24 38 36 32 16 24 14 17 10 8 7 7 3 2 1 1 1 0 0 0 0 0 0 0 0 0 0 0 0 1 0 0 2 2 4 4 11 31 13 15 8 9 11 14 26 26 25 22 15 11 17 17 24 18 53 25 20 16
25 30 40 28 31 29 38 35 35 38 45 32 26 26 42 35 10 7 9 7 17 18 29 21 29 40 36 40 39 34 30 29 23 11 23 7 8 16 26 34 35 40 30 28 20 17 13 16 6 5 4 2 1 1 0 1 0 0 0 0 0 0 0 0 0 0 0 0 0 1 1 2 4 6 10 13 8 4 4 12 22 23 9 22 35 32 13 19 18 25 21 20 51 24 19 18
26 41 43 37 37 26 26 36 37 33 46 39 36 24 32 31 15 14 8 9 6 17 23 23 15 27 29 35 25 35 36 28 23 19 29 4 18 23 26 21 13 33 35 29 18 20 18 9 6 8 6 3 1 1 1 0 0 0 0 0 0 0 0 0 0 0 0 0 0 0 1 1 3 3 11 4 6 8 5 24 23 10 18 21 26 41 21 30 29 17 17 12 36 23 21 16
27 35 57 36 38 33 27 35 38 31 27 35 28 24 41 16 19 19 11 7 6 12 12 13 14 23 29 33 30 22 24 25 36 31 12 4 17 32 34 32 23 32 36 20 16 17 10 5 8 13 6 3 2 1 1 0 0 0 0 0 0 0 0 0 0 0 0 1 0 1 1 3 3 3 4 5 9 18 9 19 20 21 17 19 18 23 32 33 18 19 18 6 24 35 6 9
29 20 44 49 32 31 25 37 37 29 22 22 29 34 31 22 14 23 9 4 6 25 11 24 15 20 30 37 28 23 31 37 33 22 14 10 12 25 44 48 35 33 20 28 14 13 9 6 6 4 2 1 1 1 0 0 0 0 0 0 0 0 0 0 0 0 0 1 1 0 2 2 1 2 3 12 12 18 25 5 15 16 23 29 22 21 43 35 20 23 13 15 29 25 9 15
24 20 29 48 44 28 34 37 29 27 25 17 23 31 27 15 12 7 8 4 5 14 12 26 19 18 23 22 26 21 43 31 24 18 21 14 17 25 30 33 49 46 31 16 19 7 6 8 5 2 1 1 1 1 1 0 0 0 0 0 0 0 0 0 0 0 0 1 1 0 1 2 2 4 4 13 15 20 13 17 14 9 22 23 18 29 32 23 33 17 11 12 41 18 12 17
29 48 33 33 39 26 22 33 28 22 27 16 6 10 31 25 16 7 5 9 4 16 22 8 16 27 17 18 16 26 26 30 31 12 16 11 15 33 26 26 22 30 21 26 13 13 4 8 8 2 2 2 1 1 1 0 0 0 0 0 0 0 0 0 0 0 1 0 0 0 1 2 5 3 5 12 8 10 19 17 5 7 19 25 38 32 24 16 29 22 12 16 31 27 19 16
25 27 42 40 36 24 22 29 23 19 17 19 13 14 15 20 12 3 4 9 2 13 10 14 16 16 8 18 15 22 33 30 38 21 14 12 15 31 24 29 39 21 10 22 7 9 9 3 5 3 4 2 1 1 0 0 0 0 0 0 0 0 0 0 0 0 0 0 1 1 2 2 3 6 5 3 8 19 10 4 4 16 29 24 27 34 20 18 16 15 24 16 15 39 19 16
30 37 33 34 31 22 27 23 21 17 8 15 13 18 15 13 10 8 11 9 6 10 8 10 11 22 18 17 28 14 28 38 32 24 27 9 13 28 41 26 27 19 16 14 10 5 7 2 3 2 2 1 0 0 0 0 0 0 0 0 0 0 0 0 0 0 0 0 0 1 1 2 6 8 5 5 14 12 14 10 9 13 5 9 23 36 19 19 13 21 22 14 11 49 20 23
29 31 25 24 7 15 33 15 21 19 12 10 15 18 11 12 6 10 7 9 5 5 10 7 7 16 28 28 11 19 19 28 37 20 20 9 11 29 24 26 21 13 20 15 10 4 2 6 2 5 1 1 0 0 0 0 0 0 0 0 0 0 0 0 0 0 0 0 1 0 0 2 8 8 3 9 9 6 8 36 25 8 11 22 15 15 20 10 13 19 20 14 21 50 34 28
26 18 9 5 4 7 31 15 8 9 11 6 7 15 24 16 3 3 7 3 5 4 8 13 4 12 29 15 12 17 13 33 38 33 16 3 8 22 20 26 15 13 15 17 13 9 2 1 0 0 1 1 0 0 0 0 0 0 0 0 0 0 0 0 0 0 0 0 1 0 1 2 6 2 4 9 10 2 12 13 8 16 30 24 18 15 16 5 18 19 20 13 27 70 35 19
25 24 15 14 12 8 12 23 5 6 4 11 7 10 18 8 8 2 3 4 4 5 9 15 10 4 14 20 17 9 27 24 28 24 15 6 6 13 24 29 8 13 23 16 11 4 3 2 1 1 0 0 1 0 0 0 0 0 0 0 0 0 0 0 0 0 0 0 0 0 1 1 2 5 2 3 4 3 9 8 9 20 23 18 14 5 5 4 11 16 17 13 30 48 35 10
32 20 22 19 9 11 9 9 11 9 6 17 8 7 6 4 7 6 4 5 4 4 8 10 4 5 10 10 11 15 26 26 15 14 23 11 7 7 15 19 4 6 7 5 4 3 2 1 5 2 1 0 0 0 0 0 0 0 0 0 0 0 0 0 0 0 0 0 0 0 0 1 0 1 2 2 1 11 8 17 9 10 8 10 12 7 6 10 12 18 17 22 26 46 11 7
16 17 19 15 15 8 6 11 20 19 5 4 12 9 2 2 1 2 5 3 1 1 2 6 8 2 8 11 7 22 17 18 20 13 21 9 14 5 15 26 17 5 6 5 2 2 1 0 1 1 0 1 0 0 0 0 0 0 0 0 0 0 0 0 0 0 0 0 0 0 0 0 1 1 1 2 5 11 18 8 8 9 13 18 12 6 6 11 17 17 15 13 33 47 30 7
16 28 18 15 15 13 8 13 19 10 10 5 3 6 7 2 3 2 1 2 1 2 4 8 6 4 8 5 6 19 17 21 16 6 16 8 10 7 4 18 12 17 10 4 2 3 2 1 1 1 1 1 0 0 0 0 0 0 0 0 0 0 0 0 0 0 0 0 0 0 0 0 0 0 2 3 4 8 10 7 6 9 12 11 9 8 5 14 18 10 16 14 8 23 31 8
18 16 14 10 14 22 8 11 11 13 9 6 9 4 2 5 3 1 1 2 3 1 1 2 3 8 8 15 6 7 17 13 11 21 11 6 8 13 5 17 18 19 15 3 3 5 2 1 1 1 0 1 0 0 0 0 0 0 0 0 0 0 0 0 0 0 0 0 0 0 0 0 1 2 1 2 2 3 4 6 4 6 8 11 12 5 5 8 19 8 17 10 11 11 20 7
14 13 22 12 16 18 5 7 11 14 10 7 7 6 8 3 5 5 1 2 3 1 1 2 3 10 10 20 7 9 12 14 22 10 7 5 5 18 7 7 13 21 6 5 5 5 1 0 3 4 0 0 0 0 0 0 0 0 0 0 0 0 0 0 0 0 0 0 0 0 0 1 0 1 1 0 1 3 3 4 7 14 7 8 10 4 8 9 16 7 10 2 1 4 16 25
13 15 20 17 14 10 4 7 11 14 10 6 4 3 5 6 2 1 2 1 1 0 1 1 4 3 10 7 9 21 20 18 11 12 5 2 2 19 7 6 7 10 7 4 4 3 0 1 1 1 1 0 0 0 0 0 0 0 0 0 0 0 0 0 0 0 0 0 0 1 1 1 1 1 1 1 6 5 4 5 9 8 9 14 3 4 9 13 11 7 2 2 5 7 6 14
14 7 7 17 11 14 9 3 10 8 9 5 5 2 3 1 3 1 1 1 0 1 1 1 1 4 3 7 14 23 15 18 16 17 12 1 9 16 5 6 9 4 5 5 4 2 0 1 1 1 1 0 0 0 0 0 0 0 0 0 0 0 0 0 0 0 0 0 0 0 0 0 0 0 1 2 4 4 3 11 10 9 12 4 4 9 22 9 3 2 3 8 5 18 9 9
11 2 8 14 16 11 10 5 2 5 7 3 4 3 4 3 1 1 1 1 0 1 3 1 2 2 1 3 6 10 14 19 12 7 9 4 9 6 9 5 9 7 5 6 6 3 1 1 0 1 0 0 0 0 0 0 0 0 0 0 0 0 0 0 0 0 0 0 0 0 0 0 0 1 1 2 3 5 6 11 9 6 4 2 9 17 4 2 2 4 5 13 10 11 10 6
9 3 4 3 9 11 13 5 1 2 5 2 3 2 6 3 1 0 0 1 0 1 1 1 1 0 2 5 6 7 12 10 15 11 6 5 5 4 6 3 1 6 4 7 6 4 3 4 2 1 1 1 0 0 0 0 0 0 0 0 0 0 0 0 0 0 0 0 0 0 0 0 1 2 1 1 6 8 5 5 3 6 2 6 9 4 1 4 5 7 8 9 8 13 10 5
12 6 8 2 10 14 10 4 1 1 1 3 4 1 2 2 0 0 1 1 0 0 1 1 1 1 3 4 6 6 6 7 12 9 8 8 10 3 7 4 2 2 3 4 6 3 1 1 1 0 0 0 0 0 0 0 0 0 0 0 0 0 0 0 0 0 0 0 0 0 0 0 1 1 1 1 5 8 6 5 4 2 5 8 4 1 3 8 6 6 8 6 8 6 5 4
16 4 8 2 3 8 5 2 1 1 1 1 1 4 2 1 1 0 0 1 0 0 1 1 1 1 1 3 6 6 5 8 7 4 8 8 5 4 4 7 4 2 3 3 3 3 3 1 1 1 1 0 0 0 0 0 0 0 0 0 0 0 0 0 0 0 0 0 0 0 0 0 1 1 1 1 2 3 6 3 3 2 6 2 3 9 7 6 7 6 5 4 3 2 2 5
10 4 7 3 2 9 5 5 2 2 1 1 2 2 3 2 2 1 0 0 0 0 0 1 1 1 3 6 5 3 5 7 4 3 16 8 4 5 4 2 1 2 3 5 3 3 3 1 1 1 1 0 0 0 0 0 0 0 0 0 0 0 0 0 0 0 0 0 0 0 0 0 1 1 1 1 1 4 5 9 8 5 2 3 3 4 4 10 8 4 5 4 3 1 2 1
6 4 6 5 3 4 2 5 2 2 2 1 2 1 1 1 1 1 0 0 0 0 0 1 1 1 1 2 4 4 5 6 6 3 11 6 6 4 9 2 5 5 2 2 4 6 5 2 1 1 0 0 0 0 0 0 0 0 0 0 0 0 0 0 0 0 0 0 0 0 0 0 0 0 1 1 2 6 22 10 5 2 1 3 1 11 6 5 5 6 11 8 2 2 2 1
9 3 5 4 2 2 1 2 3 2 1 1 1 1 0 1 0 0 0 0 0 0 0 1 1 0 2 3 3 4 4 5 4 6 10 5 9 16 4 2 3 3 3 2 6 2 3 2 1 1 1 0 0 0 0 0 0 0 0 0 0 0 0 0 0 0 0 0 0 0 0 0 0 1 0 3 4 5 12 9 4 1 2 5 4 5 7 3 5 7 5 6 2 1 1 0
9 3 8 4 1 1 3 1 5 1 3 1 1 0 0 0 0 0 0 0 0 0 0 0 0 0 1 2 1 3 3 1 3 5 3 11 4 14 6 3 6 2 5 3 5 6 3 2 1 1 1 0 0 0 0 0 0 0 0 0 0 0 0 0 0 0 0 0 0 0 0 0 0 0 2 2 1 4 4 9 4 2 3 5 12 5 4 6 5 4 3 2 1 1 1 0
6 2 7 3 1 1 6 2 2 1 1 2 1 1 0 0 0 0 0 0 0 0 0 0 0 0 2 3 3 2 1 1 2 6 4 3 5 5 5 3 5 1 4 1 2 5 4 2 1 1 0 1 0 0 0 0 0 0 0 0 0 0 0 0 0 0 0 0 0 0 0 0 0 1 1 1 1 10 7 5 4 2 5 3 9 8 3 4 3 3 2 1 1 1 0 0
7 2 4 2 1 1 2 2 1 4 2 1 1 0 0 0 0 0 0 0 0 0 0 0 0 1 1 1 2 1 1 1 4 3 4 4 10 4 3 3 5 1 4 2 3 3 5 2 1 1 1 0 0 0 0 0 0 0 0 0 0 0 0 0 0 0 0 0 0 0 0 0 0 0 1 1 1 8 6 1 1 3 7 5 5 5 1 2 5 4 1 1 1 0 0 0
6 2 5 1 1 1 1 4 1 3 4 2 0 0 0 0 1 0 0 0 0 0 0 0 0 0 0 1 1 1 1 1 7 4 4 5 5 2 1 6 3 2 2 8 6 3 3 2 2 1 0 0 0 0 0 0 0 0 0 0 0 0 0 0 0 0 0 0 0 0 0 0 0 0 1 1 3 6 7 2 1 5 7 6 5 3 1 2 2 2 1 1 0 0 0 0
7 4 1 2 1 1 2 3 2 1 2 1 1 0 0 1 0 0 0 0 0 0 0 0 0 0 1 0 1 1 1 2 1 2 1 3 3 2 1 5 2 1 0 2 12 3 1 2 1 1 1 0 0 0 0 0 0 0 0 0 0 0 0 0 0 0 0 0 0 0 0 0 0 0 1 2 2 4 4 3 2 5 3 2 3 1 2 2 1 1 1 0 0 1 0 0
3 1 1 1 1 1 3 2 2 1 0 1 1 0 0 0 0 0 0 0 0 0 0 0 0 0 0 1 1 0 2 1 1 1 3 2 2 2 1 4 1 3 1 2 6 5 1 1 1 1 0 0 0 0 0 0 0 0 0 0 0 0 0 0 0 0 0 0 0 0 0 0 1 1 2 9 1 6 3 3 3 2 3 1 2 1 2 3 1 0 1 0 0 0 0 0
3 1 0 1 1 1 1 0 1 1 0 0 1 0 0 0 0 0 0 0 0 0 0 0 0 0 0 1 0 0 1 1 2 6 3 2 5 2 2 4 1 1 2 2 4 2 1 3 1 0 0 0 0 0 0 0 0 0 0 0 0 0 0 0 0 0 0 0 0 0 0 0 1 3 3 2 2 5 4 2 1 2 4 1 2 2 2 1 1 0 0 1 0 0 0 0
2 0 1 1 1 0 1 0 0 0 0 1 0 0 0 0 0 0 0 0 0 0 0 0 0 0 0 0 0 1 0 1 2 1 1 3 1 1 3 2 3 3 3 3 4 2 1 1 1 0 0 0 0 0 0 0 0 0 0 0 0 0 0 0 0 0 0 0 0 0 0 0 1 1 2 1 2 2 1 1 1 3 3 2 1 1 1 1 0 0 1 0 0 0 0 0
3 0 0 1 0 1 1 0 0 0 0 1 1 0 0 0 0 0 0 0 0 0 0 0 0 0 0 1 0 0 0 1 0 1 4 1 1 2 3 1 3 2 2 4 4 2 1 0 0 0 0 0 0 0 0 0 0 0 0 0 0 0 0 0 0 0 0 0 0 0 0 1 1 1 0 1 3 1 1 1 1 2 2 2 1 1 1 1 0 1 0 0 0 0 0 0
1 0 0 1 0 1 1 1 0 0 0 0 0 0 0 0 0 0 0 0 0 0 0 0 0 0 0 0 1 0 1 0 0 2 2 1 1 2 3 2 0 4 3 3 4 2 1 0 0 0 0 0 0 0 0 0 0 0 0 0 0 0 0 0 0 0 0 0 0 0 0 1 1 1 0 1 2 1 1 1 1 1 1 1 1 1 0 0 0 0 0 0 0 0 0 0
