sesion_6_simulaciones/modelos_agentes/ejemplos_netlogo/scenarios/echam4_a2/rob_2058.asc
NCOLS 322 
NROWS 307 
XLLCORNER 451900 
YLLCORNER 4086900 
CELLSIZE 100 
NODATA_value -9999 
[rows 0 to 73 of 307, columns 192 to 287 of 322]
40 37 21 12 34 59 33 16 16 21 26 10 8 6 10 8 5 5 9 8 7 7 5 7 11 18 10 19 19 44 16 5 5 1 1 1 3 3 2 7 9 4 4 16 24 26 22 34 47 52 34 35 40 46 42 54 44 82 43 37 6 8 13 33 43 27 41 38 21 32 16 9 11 17 32 16 15 30 53 20 11 14 14 18 17 13 29 24 22 23 7 17 27 58 16 4
45 26 31 28 38 58 18 28 44 28 20 15 25 22 14 13 18 4 9 11 14 8 4 4 5 18 7 8 6 10 38 17 3 2 1 1 1 2 4 3 6 2 1 5 8 12 24 23 40 75 84 65 43 42 42 45 66 67 66 15 19 10 37 31 40 35 42 30 37 14 5 19 9 18 45 18 49 34 26 31 22 29 32 20 15 8 20 27 28 24 14 23 19 27 13 10
23 49 29 28 57 45 33 16 10 26 28 29 43 46 27 42 28 24 35 35 31 14 9 5 3 4 3 1 1 3 4 20 14 3 4 1 1 1 3 1 1 1 7 15 15 29 28 35 42 59 63 53 61 47 63 75 38 37 43 21 21 25 33 22 22 49 21 19 17 22 11 13 11 17 58 19 60 45 22 39 24 21 28 30 17 5 13 16 28 20 14 39 19 38 11 2
33 32 60 58 44 32 30 30 30 54 31 48 64 51 45 61 47 27 40 56 43 35 26 14 9 6 1 2 2 1 2 4 2 3 2 2 2 1 1 1 3 6 4 4 8 32 30 35 14 25 19 21 30 60 49 56 50 20 27 33 36 17 19 35 20 50 36 32 53 17 26 22 7 7 38 19 28 25 31 37 27 25 28 33 19 6 11 26 38 15 27 23 21 37 8 2
25 20 40 11 51 57 50 41 54 47 49 34 42 38 46 64 49 56 60 65 60 37 29 29 15 21 11 17 12 2 1 0 2 1 1 2 1 0 1 1 2 3 5 8 8 12 13 21 46 61 63 51 45 39 67 70 30 27 9 11 33 30 20 33 32 49 30 21 13 8 7 7 10 6 20 19 16 31 56 64 53 19 18 39 36 26 3 22 24 36 30 18 31 46 14 2
27 21 40 33 20 28 56 26 52 45 36 44 19 45 56 58 62 60 27 25 47 29 22 31 28 27 13 21 14 5 4 2 1 1 0 0 0 1 0 0 2 3 6 15 28 48 54 61 55 36 40 40 47 64 83 60 35 29 9 44 61 57 48 44 34 56 20 26 34 26 35 25 21 16 12 17 28 26 35 26 38 61 44 33 38 27 9 16 23 26 12 18 27 27 16 4
20 10 13 33 22 18 56 21 16 31 40 70 45 25 48 61 56 57 34 14 18 41 49 54 31 28 29 19 20 15 11 7 6 5 3 1 1 2 1 0 1 3 8 15 42 26 34 41 60 46 45 82 47 70 77 45 30 36 19 36 49 54 51 52 59 50 46 42 41 15 24 25 20 30 27 14 6 19 38 41 31 56 36 18 11 37 13 11 15 14 14 26 41 49 12 11
14 11 11 16 38 30 47 58 19 10 20 29 54 20 8 28 17 31 36 20 16 28 16 23 29 24 27 18 25 21 18 16 14 14 12 5 6 3 1 1 2 7 15 23 34 42 36 61 80 76 76 50 65 63 71 43 25 10 18 23 30 24 24 17 18 45 30 23 45 24 22 17 22 29 30 20 6 28 46 25 52 67 47 20 11 34 25 12 14 27 27 30 53 33 17 12
27 22 21 13 23 20 35 63 63 31 15 17 31 44 26 19 12 34 41 30 23 36 11 21 42 29 25 27 25 36 31 27 29 23 14 10 5 2 1 1 4 6 15 21 43 46 35 45 62 73 58 37 78 62 60 27 12 46 64 48 58 46 58 40 44 72 39 31 13 14 20 18 21 24 20 12 8 15 19 34 48 60 45 31 14 16 17 11 10 34 27 37 28 40 18 27
19 22 24 15 13 8 30 31 62 48 40 24 22 29 36 17 16 12 35 34 31 40 14 14 25 29 21 20 13 21 5 12 21 22 15 6 3 2 1 1 1 4 10 17 30 17 17 60 39 32 29 83 63 64 40 20 32 57 59 71 54 83 70 37 58 30 49 42 39 15 16 27 26 15 12 8 7 12 42 21 13 45 49 45 26 12 23 8 12 15 17 44 30 39 23 54
25 23 26 27 14 8 5 7 13 33 22 17 13 36 23 16 20 5 11 27 20 39 44 12 14 14 36 19 6 15 24 5 2 2 4 11 5 3 1 2 3 5 13 28 9 25 35 42 13 22 63 69 43 54 25 16 31 45 40 58 79 81 43 28 29 42 48 48 58 40 52 33 31 26 17 13 6 5 14 27 27 55 69 44 49 20 13 18 5 18 42 18 28 21 21 66
47 32 17 22 23 21 15 10 8 8 9 9 16 17 15 12 9 16 11 13 28 33 28 15 3 9 30 20 8 7 19 23 3 1 1 2 8 3 0 1 9 14 15 7 3 4 18 7 13 48 75 60 36 30 13 42 40 33 41 78 66 57 14 24 35 38 61 54 46 53 41 34 40 43 39 28 11 7 23 24 26 75 50 62 44 37 16 9 7 27 27 15 38 13 41 74
56 41 38 54 47 44 41 25 41 26 22 16 8 7 7 6 7 23 21 8 6 14 13 13 3 7 15 11 8 3 3 10 3 1 0 1 3 5 1 2 7 8 8 13 12 12 32 6 21 60 51 24 6 26 52 60 59 65 84 73 18 24 26 18 19 19 31 31 55 35 18 30 50 54 52 30 12 3 22 31 60 63 27 41 56 39 23 6 8 28 23 17 43 14 36 49
71 67 61 66 61 57 46 43 41 42 41 43 20 15 9 8 5 3 4 3 6 5 2 5 5 8 9 9 3 2 2 6 5 3 0 0 1 4 2 3 3 7 5 3 3 18 9 8 32 22 13 5 12 31 41 48 70 66 56 13 44 59 50 38 40 21 17 18 48 38 52 65 46 32 31 32 17 5 13 26 59 27 21 43 70 41 31 14 6 11 12 16 25 14 31 27
27 67 69 70 62 64 42 51 28 31 47 37 31 30 31 25 17 8 2 3 2 2 1 3 4 5 3 2 1 0 2 3 4 3 1 0 2 4 4 2 2 3 4 2 1 3 4 6 10 8 3 6 14 18 38 49 49 14 38 49 59 52 59 80 82 72 62 40 43 53 62 48 56 45 25 20 11 6 14 27 35 18 12 58 71 70 47 49 23 5 9 14 13 15 40 36
43 62 70 50 59 77 61 36 55 43 32 45 40 49 49 32 24 9 6 6 4 2 1 1 3 2 1 1 0 1 1 3 4 5 3 1 2 2 2 3 2 2 2 1 1 1 6 8 5 4 11 9 10 17 25 35 15 46 46 46 59 73 81 69 66 75 38 31 61 17 48 77 51 39 44 46 44 26 11 28 31 18 7 16 42 67 23 16 20 21 5 19 10 14 42 36
73 24 73 55 51 73 78 79 49 26 40 39 56 52 46 36 36 26 17 16 12 10 4 2 1 1 4 3 2 2 0 0 1 2 3 2 2 2 2 3 2 1 1 1 1 1 1 1 5 16 12 29 26 18 15 38 48 47 48 46 69 60 78 66 67 44 29 58 41 39 36 19 57 30 56 63 65 45 33 11 47 27 20 5 16 44 54 18 7 10 4 5 10 20 15 15
51 18 61 41 58 68 67 49 75 80 54 61 63 27 29 27 37 34 24 20 16 13 9 4 3 4 8 7 5 3 1 0 0 0 1 1 1 1 1 2 2 1 1 1 0 1 4 10 13 13 21 41 41 42 20 36 38 65 61 59 77 64 60 50 32 32 47 61 46 31 18 18 50 53 61 61 64 65 47 16 11 24 24 17 6 20 37 24 18 3 8 1 10 15 7 7
39 42 44 48 34 60 67 44 47 79 50 71 81 55 42 30 46 59 55 40 33 17 8 6 8 6 11 11 15 4 5 4 4 2 1 1 1 1 1 1 1 0 0 0 2 5 12 14 12 18 33 45 40 31 48 51 54 51 38 49 66 38 20 13 30 32 30 78 59 22 24 15 51 52 16 34 71 58 63 48 14 9 40 23 14 5 19 24 24 10 2 2 14 7 2 1
45 20 27 41 31 40 71 35 28 60 66 77 77 65 67 59 21 32 36 49 29 20 17 14 14 13 14 18 18 15 9 7 5 5 3 1 1 1 0 0 0 0 1 2 8 9 11 20 11 25 42 35 51 51 54 54 18 14 31 48 75 35 15 39 52 46 61 66 46 37 25 10 18 55 44 15 34 45 57 56 47 14 13 26 20 6 4 13 28 18 2 1 8 1 8 15
63 31 32 33 10 23 57 35 45 34 56 45 63 34 46 51 15 12 29 49 31 43 23 12 33 25 15 10 13 10 6 3 4 4 5 3 2 1 0 0 0 1 3 7 10 15 8 8 24 47 33 42 61 68 77 70 47 36 47 50 52 21 21 52 52 45 46 19 43 48 32 9 12 26 59 32 14 21 68 44 39 16 6 14 18 5 6 18 12 12 1 1 2 3 15 36
40 13 38 35 12 8 27 56 14 27 65 56 62 35 33 18 19 5 13 51 44 29 20 19 11 12 4 3 5 4 6 5 3 2 6 4 2 2 1 0 0 2 4 6 5 11 10 19 24 25 21 34 46 77 81 82 78 67 53 47 31 16 35 45 61 57 47 26 26 44 20 10 11 20 55 36 16 18 29 53 39 28 11 7 19 7 10 14 8 4 3 13 5 10 33 44
53 14 46 49 20 12 16 34 11 11 55 41 29 16 8 19 19 15 5 11 15 26 47 43 19 5 12 6 2 3 3 2 1 2 3 6 3 1 0 0 0 3 6 8 3 5 3 8 5 8 8 27 47 38 57 75 60 44 25 71 36 16 36 43 41 51 71 41 37 16 10 11 25 43 69 36 18 23 35 63 39 18 10 4 9 13 9 13 5 3 9 40 20 22 21 39
42 34 28 46 8 14 21 31 24 9 9 8 10 26 10 7 22 19 8 12 13 15 34 23 20 6 9 11 6 1 2 1 1 1 1 2 3 1 0 0 1 1 1 3 2 2 3 5 11 12 9 22 22 31 35 26 19 37 61 43 16 28 41 35 52 72 46 36 40 24 11 16 27 47 51 27 27 20 34 57 43 45 20 5 4 6 8 13 2 4 12 11 29 44 26 32
16 12 20 19 11 5 22 34 13 4 10 6 6 15 19 11 13 17 14 5 5 7 10 8 6 4 6 12 10 3 1 1 1 1 1 1 1 2 1 0 0 1 3 4 5 9 11 12 10 15 26 15 12 7 9 18 37 40 69 35 14 44 33 29 58 78 42 51 47 26 17 18 29 60 42 26 34 20 28 44 40 39 35 19 5 2 10 6 2 18 23 23 25 24 64 30
6 9 4 14 6 3 23 31 13 4 4 6 5 3 12 14 7 4 8 7 3 3 5 6 5 4 3 8 18 3 2 1 0 0 0 0 1 1 1 0 0 1 1 2 4 6 11 5 6 16 20 36 30 46 34 37 37 54 58 11 22 36 26 20 48 62 41 42 37 29 15 15 32 63 29 40 36 16 13 22 25 35 24 9 10 3 2 6 15 36 41 42 51 33 24 55
3 4 2 3 2 7 17 13 6 2 1 3 3 1 2 6 7 7 5 6 2 2 2 3 1 2 2 2 3 4 3 1 0 0 0 0 1 0 1 0 0 0 1 1 2 3 3 4 10 12 27 31 31 44 55 69 65 78 43 11 26 31 22 31 72 62 21 39 42 27 17 11 26 59 29 25 24 23 5 11 24 34 13 8 3 2 5 17 36 35 42 38 45 57 69 41
2 1 1 0 1 1 1 2 1 1 1 0 0 0 0 1 2 1 3 4 2 2 1 1 1 1 2 2 2 2 3 2 2 1 0 0 0 0 1 0 0 0 0 1 1 2 6 6 6 25 20 26 36 42 53 79 64 55 12 30 38 26 47 59 82 43 50 27 26 27 25 15 37 60 39 24 23 24 6 10 22 31 19 20 7 1 5 14 18 13 14 13 14 20 40 45
1 1 1 1 0 0 0 0 0 0 0 0 0 0 0 0 0 0 0 1 1 1 1 0 0 1 2 2 1 1 1 1 1 1 1 0 0 0 0 0 0 1 3 4 4 5 10 26 8 18 15 20 27 26 63 55 33 9 28 39 37 33 56 80 50 29 44 25 24 26 22 12 23 54 68 40 26 15 7 8 20 36 27 15 6 1 4 6 5 15 19 29 32 28 27 43
1 3 3 5 2 1 1 1 1 2 2 2 3 3 5 3 2 2 0 0 0 0 0 0 0 1 1 1 1 1 0 0 1 1 0 0 0 0 0 0 1 3 4 4 5 11 14 11 29 19 18 17 31 32 66 23 14 22 37 41 34 35 56 79 38 26 25 38 20 10 8 13 37 57 29 54 35 15 5 4 26 22 28 13 5 1 6 14 25 40 23 41 49 44 38 17
3 7 5 8 5 1 1 5 3 6 6 9 8 8 8 8 6 5 4 2 1 1 1 0 0 0 0 0 1 0 0 0 0 1 0 0 0 0 0 1 3 4 4 10 12 18 20 16 25 48 51 48 30 46 27 13 5 32 32 38 21 35 56 68 43 18 26 36 26 17 5 11 49 25 18 61 47 22 8 4 14 11 22 11 2 3 12 14 17 28 29 27 18 18 23 43
9 10 9 9 5 3 4 9 9 8 9 11 20 12 18 16 9 7 5 6 3 5 3 1 1 1 0 0 0 0 0 0 0 0 0 0 0 0 1 4 4 4 6 7 13 19 26 45 37 39 26 62 43 27 29 24 10 28 38 51 49 40 64 30 15 37 42 21 37 15 5 12 22 24 14 59 29 21 8 5 12 11 11 8 2 6 25 36 42 31 26 14 25 27 26 37
24 23 13 19 11 6 6 8 9 11 23 22 21 26 23 12 11 9 8 7 7 7 5 3 3 3 1 1 0 1 1 1 0 0 0 0 0 0 1 3 3 5 5 9 18 22 35 42 35 33 25 15 32 28 35 7 20 31 27 40 35 46 46 53 51 30 22 17 43 31 11 8 23 17 31 62 25 18 12 4 5 9 8 4 6 15 27 54 58 53 53 33 38 48 43 67
31 29 32 18 16 13 8 14 24 25 34 29 31 24 29 19 16 15 12 17 13 13 6 5 4 6 3 2 1 1 4 1 1 0 0 0 0 0 1 2 2 3 5 8 13 27 18 7 42 38 23 15 27 32 6 6 16 21 24 43 53 58 61 34 24 23 31 25 20 25 16 9 22 18 25 38 31 29 12 4 3 7 3 3 10 15 18 22 17 18 20 35 47 48 77 76
36 36 40 37 31 11 10 20 30 38 42 38 38 35 34 32 22 36 26 22 9 5 5 6 6 5 3 3 3 4 1 1 0 0 0 0 0 0 1 2 2 4 9 7 5 9 9 15 14 22 22 6 16 4 8 5 8 13 17 35 52 64 41 59 37 21 20 19 16 27 25 8 9 15 24 28 29 14 9 3 2 3 3 5 17 8 11 20 40 46 44 38 26 72 52 63
52 66 49 20 31 16 23 25 53 46 43 43 45 60 59 40 43 34 21 28 12 11 5 13 11 5 4 5 11 2 1 1 1 0 1 0 0 0 1 1 4 6 9 3 6 8 8 16 13 12 8 5 9 3 7 4 11 26 33 49 38 33 47 60 25 13 11 11 20 19 15 8 6 13 12 30 26 17 9 3 1 2 5 14 30 33 30 28 36 31 28 53 57 69 47 28
68 78 45 43 53 26 21 56 55 66 34 51 60 53 70 50 28 18 37 26 19 13 4 18 5 4 6 11 3 1 1 2 2 1 1 1 1 1 0 1 2 4 2 2 3 10 26 21 16 9 7 4 5 5 9 16 25 19 13 19 26 38 41 59 33 17 17 13 10 7 9 9 4 9 17 15 12 20 9 3 1 7 18 14 26 49 51 55 52 52 31 44 42 46 50 22
57 74 43 42 58 33 32 66 60 65 29 51 72 57 71 43 35 35 45 43 28 11 11 6 6 11 22 2 2 3 3 3 3 2 1 1 1 1 0 0 0 0 1 2 7 18 19 10 22 6 4 2 8 9 13 10 8 5 18 23 21 46 47 41 21 55 56 40 25 21 10 8 4 7 9 7 10 11 3 1 3 13 30 46 41 51 62 57 49 47 48 54 23 8 42 29
70 44 46 41 57 30 36 64 79 61 23 59 77 68 68 69 43 56 72 48 27 12 22 10 21 21 3 3 5 5 3 3 5 2 4 2 1 2 2 1 1 1 1 3 21 8 17 3 5 10 3 4 11 11 13 12 9 17 50 55 46 41 70 40 51 34 42 44 20 12 10 8 4 3 5 7 4 7 1 0 4 10 14 32 35 20 34 15 14 17 11 67 51 26 20 11
86 71 50 40 51 31 48 64 86 49 31 48 71 72 75 48 41 82 50 13 17 38 32 21 25 9 7 7 10 10 5 6 6 5 2 4 2 3 3 2 1 0 0 1 5 4 5 1 1 1 1 4 7 16 16 29 34 38 30 43 56 58 38 52 44 44 18 32 47 19 8 4 3 1 3 4 2 4 2 2 6 13 16 19 18 10 15 25 38 58 71 85 61 25 18 8
78 78 48 52 56 33 44 67 78 52 32 52 85 84 52 65 47 50 20 15 25 59 63 40 27 22 12 10 14 8 6 15 8 2 2 5 3 5 5 2 2 1 1 1 0 0 0 0 1 3 7 10 17 21 24 37 32 28 50 66 70 69 51 56 14 69 54 13 12 40 34 20 10 4 1 2 2 1 1 2 6 7 7 15 12 15 42 44 43 37 48 72 39 23 16 7
76 63 43 58 52 49 37 66 75 49 37 53 84 75 60 52 30 20 7 26 50 59 42 18 13 5 5 24 20 10 14 14 6 3 4 6 6 7 7 1 1 1 1 1 1 0 0 1 2 3 7 7 12 16 14 19 27 45 37 77 65 36 34 74 48 25 59 26 10 6 14 15 18 16 5 2 1 1 1 1 7 7 6 8 16 26 40 41 39 50 41 50 44 29 13 6
75 61 36 60 52 51 45 48 59 36 31 50 64 33 36 32 14 20 17 33 60 31 24 23 11 11 7 34 28 14 33 15 4 6 5 9 10 16 10 4 4 1 3 2 1 1 0 0 2 2 3 5 15 14 24 36 19 47 52 72 25 9 34 70 35 32 19 48 18 4 5 7 14 12 10 8 2 1 0 1 4 7 8 7 9 22 53 33 24 64 32 30 36 12 6 5
48 42 36 58 47 39 52 42 67 68 56 50 44 36 50 50 39 48 27 37 53 34 27 24 16 14 13 39 34 19 35 16 13 11 9 18 14 13 4 6 8 6 3 1 1 0 0 0 1 2 3 6 14 14 15 21 15 30 58 30 19 11 52 68 47 13 8 11 27 9 4 4 5 4 11 4 2 1 0 1 2 6 9 8 25 40 58 30 26 55 28 11 15 21 5 2
50 22 54 61 52 64 65 84 78 90 89 83 44 65 66 63 63 34 32 54 48 32 27 16 18 27 17 43 42 41 28 22 18 20 18 26 35 16 9 7 19 11 1 1 1 0 0 0 2 2 7 8 10 13 7 9 24 47 62 20 13 15 27 63 54 32 9 3 19 19 8 3 3 3 15 3 1 1 0 2 4 7 10 15 17 15 17 14 22 20 29 20 18 15 3 1
41 36 42 54 78 82 87 88 73 74 79 82 84 73 46 46 39 32 37 35 21 30 26 32 43 34 34 67 53 65 34 32 27 34 37 53 51 19 19 14 19 6 3 2 1 1 1 0 1 3 3 6 6 5 5 12 24 40 32 25 12 11 13 71 29 24 20 2 12 22 14 3 2 3 3 6 2 0 0 3 3 7 15 20 18 12 13 8 12 11 14 9 7 3 1 2
51 54 29 36 52 60 79 51 49 47 63 67 64 74 50 42 47 61 51 34 33 39 35 49 67 51 41 67 65 57 38 51 38 47 43 56 39 26 31 11 5 4 6 5 3 3 2 1 0 1 4 3 4 7 7 3 15 12 18 45 17 14 21 37 22 4 18 6 8 11 8 7 3 2 1 18 2 0 1 2 4 7 6 20 12 10 10 7 6 3 3 2 2 2 4 10
67 72 47 30 55 51 56 63 47 62 68 55 66 79 83 68 79 68 50 42 55 53 55 53 63 51 46 71 70 42 53 52 52 54 62 65 44 30 8 4 4 7 6 5 9 4 4 1 0 0 1 3 4 7 8 5 12 14 9 14 13 14 17 30 35 5 10 9 5 14 8 4 4 2 2 2 1 0 1 2 3 5 12 17 8 9 6 5 8 2 2 1 1 4 10 13
49 67 78 50 25 32 55 57 76 48 44 43 76 56 64 92 88 47 64 63 63 60 62 55 59 53 55 77 65 56 56 55 59 73 73 41 15 11 17 13 16 14 10 6 11 8 5 1 0 0 0 5 3 2 7 6 14 9 7 8 10 6 6 15 44 4 3 7 4 4 5 2 2 2 1 2 1 1 0 1 2 4 18 9 3 3 3 4 3 0 1 3 3 6 11 12
76 75 77 80 45 17 24 69 69 63 19 24 43 55 79 85 68 89 89 71 61 78 72 42 62 53 71 64 63 58 62 53 68 80 81 44 37 28 39 32 42 38 18 18 21 7 2 1 0 0 0 0 1 1 7 6 12 11 5 5 4 2 1 4 20 7 4 3 4 3 3 4 2 2 1 1 1 0 0 1 2 3 5 4 2 2 1 1 1 2 3 4 9 13 11 12
59 44 53 83 45 39 33 34 37 45 34 10 36 79 87 85 64 59 84 64 77 80 69 51 71 68 81 76 71 78 62 62 63 58 62 42 42 48 45 47 17 15 34 48 9 4 3 1 0 0 0 0 0 0 2 7 10 17 4 5 4 2 1 10 22 6 5 3 3 3 3 3 2 1 1 1 1 0 1 2 2 4 3 1 1 1 1 2 3 6 8 10 11 13 7 9
33 53 51 80 81 31 39 26 29 28 34 19 42 53 58 63 77 84 69 32 65 34 74 82 92 88 84 63 77 62 73 57 53 33 70 66 69 56 32 25 8 2 37 23 16 7 5 3 1 2 2 1 0 0 0 1 1 3 2 3 2 1 2 5 9 11 5 3 3 1 1 1 2 1 1 0 1 0 0 1 2 2 2 1 1 1 4 4 7 6 8 19 16 12 11 10
23 31 44 49 77 76 46 24 25 24 23 23 37 59 70 76 43 76 77 39 69 63 40 56 76 57 74 51 71 36 23 49 36 35 53 85 69 50 30 67 30 28 32 26 24 11 4 3 5 5 3 1 0 0 0 0 0 1 1 2 2 1 3 6 5 10 5 2 2 1 1 1 1 1 0 0 1 0 0 0 1 1 1 1 0 2 2 4 6 7 9 9 37 18 11 6
11 20 33 9 46 84 47 30 15 14 21 25 22 34 42 60 62 78 56 58 67 53 21 54 72 54 54 47 51 71 58 59 55 31 39 76 83 87 82 76 60 44 45 49 34 15 11 7 14 4 2 2 2 1 1 1 0 0 0 0 1 1 1 5 6 6 5 3 2 1 1 1 1 0 0 0 0 0 0 0 0 0 0 0 0 0 1 3 6 3 6 13 15 15 8 17
22 14 26 52 46 60 83 45 42 15 9 12 15 20 47 38 60 78 20 30 72 72 35 21 80 84 60 43 57 66 34 31 40 28 24 53 70 69 67 38 47 48 27 35 37 32 37 29 11 2 4 6 5 4 4 6 5 1 0 0 0 0 1 1 3 7 3 2 1 1 1 0 1 0 0 0 0 0 0 0 0 0 1 1 2 1 1 2 4 6 6 8 13 15 24 26
32 13 9 39 57 64 85 69 36 29 17 14 12 18 18 13 43 30 24 62 87 46 26 16 24 69 41 46 38 60 55 36 41 39 31 68 53 30 25 19 22 12 9 54 32 51 61 50 19 12 16 9 8 5 3 1 2 1 1 0 0 0 1 1 1 2 3 2 1 1 1 0 0 0 0 0 0 0 0 0 0 1 1 1 2 4 4 5 7 8 8 14 15 16 15 32
51 37 26 18 20 25 41 66 40 44 21 12 10 13 21 9 28 18 43 41 81 42 28 24 14 27 25 36 17 50 55 27 25 25 31 50 47 18 10 18 16 11 11 20 36 29 23 11 11 11 7 7 6 6 7 1 1 1 1 0 0 0 1 1 0 1 2 2 1 0 0 0 0 0 0 0 0 0 0 0 0 1 1 2 1 1 3 15 5 12 16 18 24 22 30 39
27 26 45 18 17 43 45 66 70 47 36 12 9 7 9 13 16 20 21 40 71 80 53 31 10 9 21 6 12 40 52 30 20 21 16 16 20 13 10 12 11 9 9 10 38 22 23 10 5 4 4 1 1 1 3 2 0 1 1 0 0 0 0 0 0 1 1 1 1 0 0 0 0 0 0 0 0 0 0 0 0 0 1 1 1 2 8 11 15 19 19 20 21 30 30 43
44 37 14 10 13 26 37 50 67 41 25 17 7 4 5 12 5 9 27 68 58 68 55 47 22 7 26 23 6 9 31 20 20 16 6 7 10 21 8 7 9 6 4 7 19 22 28 13 7 4 3 2 1 1 1 2 1 1 1 0 0 0 0 0 0 1 1 0 1 0 0 0 0 0 0 0 0 0 0 0 0 0 0 1 2 4 5 13 7 7 6 7 16 29 30 19
57 52 22 10 3 23 21 33 51 53 18 14 7 6 8 9 4 19 45 63 30 39 49 23 17 14 7 14 18 3 16 21 9 10 5 9 7 5 6 6 9 7 2 3 6 18 28 16 11 6 5 2 1 0 0 1 1 1 2 1 0 0 0 0 0 0 0 0 0 0 0 0 0 0 0 0 0 0 0 0 0 0 0 1 3 3 5 6 6 4 4 10 15 17 18 19
60 50 28 23 6 7 17 25 62 18 18 8 6 5 4 5 4 13 46 27 5 21 73 21 14 15 6 8 8 14 10 9 6 6 6 3 3 2 2 4 7 3 2 2 3 8 24 12 15 6 3 2 1 1 0 0 0 0 1 0 0 0 0 0 0 0 0 0 0 0 0 0 0 0 0 0 0 0 0 0 0 1 2 2 2 2 7 7 5 6 9 8 11 17 19 13
54 48 30 14 12 7 16 16 50 20 5 13 8 4 3 3 3 19 21 12 29 42 61 39 17 9 10 15 5 17 11 7 8 3 6 3 3 3 1 3 1 1 2 7 11 14 19 16 25 19 10 4 1 1 0 0 0 0 0 0 0 0 0 0 0 0 0 0 0 0 0 0 0 0 0 0 0 0 0 0 0 1 1 1 1 2 3 5 9 11 12 11 14 8 18 24
47 33 22 14 11 10 5 10 20 42 14 6 8 4 3 2 4 11 9 13 12 27 57 36 16 23 7 8 8 18 7 5 5 5 2 2 3 2 2 2 1 1 2 17 7 6 16 9 19 19 16 6 3 1 0 0 0 0 0 0 0 0 0 0 0 0 0 0 0 0 0 0 0 0 0 0 0 0 0 0 0 1 1 1 1 1 3 4 5 6 8 20 14 19 36 24
40 36 18 11 10 8 7 8 11 21 19 5 4 3 3 3 3 4 6 9 13 28 63 29 20 11 16 6 7 12 5 2 2 2 3 1 1 2 1 1 0 1 8 13 2 7 8 4 14 12 9 8 5 3 2 1 0 0 0 0 0 0 0 0 0 0 0 0 0 0 0 0 0 0 0 0 0 0 0 0 1 1 1 1 1 1 2 1 3 7 6 11 11 5 12 17
78 53 33 8 6 7 5 6 8 14 20 8 5 3 3 2 2 3 3 3 13 18 47 25 10 6 7 8 6 3 7 2 2 2 1 2 1 1 0 1 3 4 6 2 2 5 3 4 7 10 13 10 15 7 4 2 1 0 0 0 0 0 0 0 0 0 0 0 0 0 0 0 0 0 0 0 0 0 0 0 0 0 0 0 0 0 1 1 2 3 7 15 9 9 12 4
34 71 51 24 9 4 3 4 7 8 33 10 5 3 2 1 1 1 2 3 8 13 30 32 9 5 3 4 4 4 4 6 3 1 1 2 1 1 0 1 3 9 4 2 3 5 3 2 7 9 4 4 6 8 6 3 1 1 0 0 0 0 0 0 0 0 0 0 0 0 0 0 0 0 0 0 0 0 0 0 0 0 0 0 0 1 1 1 2 4 6 8 6 7 10 16
14 69 21 55 30 14 3 3 3 9 18 6 4 2 1 1 0 1 2 3 8 17 14 28 17 9 5 3 3 3 3 4 3 2 1 2 1 0 1 1 5 3 4 1 2 4 1 2 8 10 3 3 3 3 13 6 3 1 1 0 0 0 0 0 0 0 0 0 0 0 0 0 0 0 0 0 0 0 0 0 0 0 0 0 1 1 1 1 2 3 4 2 4 9 10 13
25 28 14 44 21 22 8 2 2 3 9 7 2 2 1 1 1 1 2 6 2 3 24 25 27 15 9 6 2 1 1 2 2 1 0 1 0 0 0 1 4 1 1 1 1 5 1 2 11 8 4 1 1 1 6 3 3 1 1 0 0 0 0 0 0 0 0 0 0 0 0 0 0 0 0 0 0 0 1 1 1 1 1 1 1 1 1 1 2 2 3 4 10 13 15 17
26 20 17 12 14 6 24 4 1 1 3 4 2 1 1 0 0 1 2 2 6 21 30 27 34 15 8 3 3 1 2 2 1 1 1 1 0 0 1 2 1 1 1 1 1 6 3 3 14 9 7 2 0 0 1 1 1 1 0 0 0 0 0 0 0 0 0 0 0 0 0 0 0 0 0 0 0 1 1 1 1 2 3 2 1 1 1 1 3 2 2 3 4 3 7 10
22 15 18 10 12 3 6 9 1 1 3 3 4 1 0 0 0 1 2 4 13 13 24 19 20 25 7 3 2 2 1 1 1 1 0 0 0 0 0 2 1 1 0 0 0 2 2 2 7 11 4 2 2 0 0 1 0 1 0 0 0 0 0 0 0 0 0 0 0 0 0 0 0 0 0 0 0 1 1 2 3 2 2 3 2 2 2 6 4 1 1 1 2 8 10 13
15 19 22 10 4 3 3 3 1 1 1 2 3 1 0 0 0 1 4 11 5 4 14 11 9 14 8 3 3 2 1 1 1 1 0 0 0 0 1 2 1 0 0 0 0 2 0 2 9 2 3 2 1 1 0 1 1 1 0 0 0 0 0 0 0 0 0 0 0 0 0 0 0 0 0 0 1 1 2 2 4 6 6 7 8 6 6 7 4 3 2 4 2 3 9 11
6 4 6 8 3 3 1 1 2 1 0 1 1 1 0 0 1 2 3 4 4 4 8 20 4 6 4 5 2 1 1 1 1 1 0 0 0 1 2 0 0 0 0 0 1 1 1 9 17 1 1 2 1 1 0 0 1 0 0 0 0 0 0 0 0 0 0 0 0 0 0 0 0 0 0 0 1 0 0 1 2 2 3 5 10 7 12 10 8 8 4 4 8 7 6 8
2 2 2 2 2 1 1 1 1 1 0 0 0 1 0 0 0 1 1 1 2 2 2 3 3 3 2 2 1 1 1 0 0 0 0 0 0 1 1 0 0 0 0 0 1 1 2 2 9 2 1 1 1 1 0 1 0 0 0 0 0 0 0 0 0 0 0 0 0 0 0 0 0 0 0 0 0 0 0 0 1 1 3 2 9 9 18 21 12 19 17 15 12 13 10 25
3 3 2 2 1 1 1 0 0 0 0 0 0 0 0 0 0 1 0 1 2 1 1 1 2 2 1 1 1 1 1 0 0 0 0 0 0 0 0 1 0 0 0 1 1 2 1 1 1 1 1 1 1 1 1 0 0 0 0 0 0 0 0 0 0 0 0 0 0 0 0 0 0 0 0 0 0 1 1 0 1 1 1 2 4 7 6 8 32 31 12 31 26 25 15 23
