sesion_6_simulaciones/modelos_agentes/ejemplos_netlogo/scenarios/echam4_a2/rob_2087.asc
NCOLS 322 
NROWS 307 
XLLCORNER 451900 
YLLCORNER 4086900 
CELLSIZE 100 
NODATA_value -9999 
[rows 216 to 287 of 307, columns 96 to 191 of 322]
53 48 45 19 7 5 2 2 3 1 0 0 0 0 0 0 0 0 1 2 3 6 4 3 2 2 1 1 1 1 3 6 16 23 15 5 3 9 15 17 23 18 32 46 55 46 57 45 26 9 9 13 12 11 12 5 2 5 3 2 4 2 4 6 13 19 15 12 19 12 7 5 15 27 24 7 6 6 4 7 5 6 5 3 4 2 7 10 8 13 22 17 15 11 6 7
65 55 24 22 14 11 5 5 3 1 0 0 0 0 0 0 0 1 1 4 2 9 13 9 5 5 2 1 1 2 3 3 8 26 27 3 1 4 11 19 25 26 26 25 22 42 43 27 22 13 15 15 14 13 19 14 4 8 5 1 1 3 2 8 11 14 10 13 10 8 6 6 10 9 18 7 6 4 3 4 2 3 1 2 3 4 20 39 18 9 12 13 8 10 11 15
46 39 23 14 11 14 9 5 2 1 0 0 0 0 0 0 0 0 1 2 4 7 17 20 13 11 5 4 4 4 5 8 9 12 31 7 1 3 10 15 24 25 26 26 31 51 37 18 18 24 21 16 32 22 24 21 6 3 1 1 2 1 2 5 5 5 10 11 9 13 5 3 5 6 4 12 4 2 2 3 2 1 1 0 1 5 3 1 3 8 10 16 20 14 14 12
48 37 24 17 8 4 3 3 3 1 0 0 0 0 0 0 0 1 1 1 1 2 3 5 21 11 11 6 5 5 7 8 12 14 34 6 2 3 8 13 24 23 26 27 28 26 19 28 25 22 34 17 25 19 12 17 6 6 2 2 2 2 1 1 3 4 5 3 12 10 5 2 3 7 4 2 5 1 2 1 1 1 1 4 23 2 5 7 8 14 25 23 27 15 14 16
46 35 17 19 20 10 3 3 3 1 1 0 0 0 0 0 1 1 2 2 2 3 5 7 8 36 16 11 11 10 10 10 13 27 23 11 3 1 6 11 12 22 17 26 25 26 34 31 23 30 19 20 20 19 19 18 22 9 3 2 2 2 1 2 3 2 2 4 6 9 4 3 3 2 3 2 1 2 1 1 1 0 1 2 4 15 7 16 20 30 38 33 41 32 42 51
58 42 25 14 18 8 2 2 3 2 0 0 0 0 0 0 1 1 2 2 2 4 8 10 12 22 48 22 16 13 14 23 16 41 18 12 3 1 3 8 10 14 16 16 23 29 34 31 23 21 19 20 31 32 23 12 10 7 4 4 5 4 2 2 1 1 3 5 3 5 3 2 2 3 2 3 1 0 1 1 0 0 2 1 0 6 43 20 25 33 25 32 29 29 17 17
37 25 25 18 10 13 3 2 3 0 0 0 0 0 0 0 1 2 3 3 3 5 6 8 3 14 30 47 26 16 17 30 36 47 13 12 3 1 3 6 8 11 13 23 25 28 33 45 42 37 32 27 25 25 20 16 12 12 14 11 11 12 2 3 1 1 1 1 2 3 2 2 1 2 3 2 1 0 0 0 1 1 1 1 2 1 6 14 23 11 13 19 14 12 23 19
33 18 12 11 5 6 3 2 1 1 1 0 0 0 0 1 2 3 3 10 4 5 8 9 12 12 13 22 57 29 22 41 56 26 11 8 5 1 4 9 9 10 18 21 25 28 30 37 39 32 30 18 19 20 22 35 37 11 4 4 4 3 1 1 3 0 0 1 2 2 1 3 1 2 2 1 1 0 0 1 1 5 2 2 2 3 3 4 22 47 30 31 36 22 25 30
18 11 8 8 3 2 5 1 1 0 0 0 0 0 1 1 1 3 4 9 11 8 9 12 25 16 10 18 45 37 32 45 30 21 9 6 2 0 5 6 7 10 18 21 23 25 27 28 35 34 27 25 34 15 25 48 12 6 5 4 1 2 2 1 1 1 0 1 1 1 2 3 1 1 1 1 0 0 1 1 1 1 3 5 3 5 8 5 5 29 68 48 48 33 44 43
21 11 6 2 3 2 1 0 0 0 0 0 0 0 1 1 1 7 15 14 32 17 13 15 31 37 14 30 37 62 51 29 14 14 12 4 2 1 2 6 8 14 18 21 21 26 27 25 33 29 26 24 35 25 11 7 7 5 4 2 6 10 3 2 2 6 2 1 1 1 2 2 1 1 1 1 1 0 0 1 1 1 0 2 11 17 8 10 10 12 50 52 47 47 35 34
26 12 6 2 1 1 0 0 0 0 0 0 0 0 1 1 1 5 12 32 49 25 24 16 25 43 46 25 44 55 26 20 8 7 6 2 0 1 3 7 7 10 15 13 16 30 31 36 31 26 34 37 28 19 15 12 15 8 4 5 2 3 6 3 3 13 2 2 0 1 1 1 1 1 1 1 1 0 0 3 1 2 3 3 5 3 6 14 17 28 15 26 45 33 23 32
17 11 3 2 1 1 1 0 1 0 0 0 0 1 3 4 3 5 9 12 16 40 24 28 24 29 57 56 45 44 18 16 17 19 20 6 2 3 4 4 8 11 22 22 26 32 33 30 32 27 27 20 13 16 13 14 22 13 11 4 3 5 4 4 8 3 1 2 4 1 0 1 1 0 0 0 0 0 1 0 8 6 16 8 22 10 23 21 16 15 16 34 30 26 20 15
21 13 8 4 2 2 1 0 1 0 0 0 0 1 1 5 9 12 9 16 19 19 44 59 24 31 44 55 47 22 33 27 23 17 20 9 2 3 7 5 5 14 17 17 17 26 25 27 36 28 33 24 23 21 14 20 22 44 13 8 4 10 14 21 7 4 2 2 1 1 1 0 0 0 0 0 1 0 4 2 1 1 5 20 15 18 16 22 15 22 23 19 18 26 27 38
20 11 5 5 4 2 2 1 0 1 0 0 0 1 2 4 12 29 31 18 19 16 16 47 29 31 34 70 54 39 53 50 26 22 23 6 2 4 8 11 7 12 18 25 19 19 16 20 33 29 25 21 21 13 26 26 12 10 6 12 5 4 5 7 3 1 1 1 0 0 0 0 0 0 0 0 0 1 1 1 1 2 5 15 8 9 17 30 17 26 17 13 19 17 21 28
9 11 6 3 1 3 2 1 1 1 0 0 0 1 1 3 10 20 30 41 48 44 15 22 55 20 21 49 65 76 54 47 35 24 10 4 4 5 11 13 26 17 12 21 26 23 23 22 21 18 15 14 15 15 21 9 9 7 7 7 7 5 5 6 5 5 3 3 1 1 1 1 0 0 0 0 0 1 0 1 2 3 6 21 12 6 13 11 12 22 15 11 12 22 26 25
17 14 9 3 5 3 3 2 1 0 0 1 1 2 1 2 9 14 28 40 47 46 36 32 31 39 23 28 65 66 58 44 32 23 17 6 5 10 11 23 28 32 35 23 24 26 24 23 25 21 20 18 15 13 7 7 4 4 3 3 3 2 2 7 9 6 2 2 2 1 0 0 0 0 0 0 0 0 1 3 3 5 8 17 14 15 9 11 13 18 22 18 16 18 29 21
13 9 8 5 6 9 4 1 0 0 1 2 3 2 3 4 13 20 35 46 42 36 19 32 57 38 23 24 49 61 61 58 24 22 12 9 6 12 14 17 27 30 35 49 32 29 19 32 40 41 41 27 12 8 6 7 5 5 8 7 4 6 4 3 2 2 2 1 1 1 1 1 1 0 0 0 0 1 1 2 2 5 9 11 12 31 25 16 18 16 14 14 24 21 23 17
21 22 8 9 12 8 2 1 0 1 2 4 5 6 4 2 12 18 27 37 39 53 17 32 26 43 36 40 58 64 63 56 36 15 17 8 7 15 23 17 19 30 34 34 42 53 36 17 31 41 43 44 24 11 11 12 18 15 15 19 11 8 6 3 4 7 2 1 1 1 1 2 1 1 0 1 2 1 3 2 15 15 8 17 13 15 22 26 47 26 17 15 22 16 10 13
42 17 15 21 8 3 2 1 1 2 5 10 9 8 4 3 8 20 28 33 42 42 28 17 29 27 58 46 39 44 43 42 22 12 6 6 8 16 24 20 26 34 36 37 37 40 37 54 28 30 32 27 21 25 16 20 18 17 26 15 7 6 8 4 2 1 2 2 1 1 0 0 0 0 0 0 0 4 2 2 1 4 21 17 13 18 35 21 40 22 34 25 16 23 19 22
44 32 30 14 5 3 3 1 1 4 7 11 17 11 4 4 9 16 15 37 47 45 46 20 22 31 32 56 38 31 32 26 12 4 3 8 16 19 25 31 32 35 35 34 41 42 39 38 44 28 30 23 25 36 15 15 18 16 13 13 9 12 7 6 3 1 2 2 2 1 0 0 0 0 2 0 0 0 1 1 1 1 18 28 20 25 37 51 38 37 41 42 39 52 28 12
36 42 31 8 5 5 2 1 1 4 15 15 25 19 12 6 8 12 15 28 32 41 61 33 16 33 29 56 43 39 22 13 13 9 7 17 18 17 29 32 31 36 35 40 44 42 55 37 41 48 32 37 28 22 23 14 14 13 24 13 11 7 4 6 5 1 1 1 1 0 1 0 0 0 0 0 0 2 3 2 3 3 2 19 24 45 65 49 32 27 21 32 35 21 17 26
67 48 22 14 7 5 2 5 6 4 10 26 32 35 20 9 18 20 14 17 42 46 35 47 13 22 26 43 41 44 44 38 26 11 9 16 17 15 34 32 30 35 35 46 54 46 58 45 30 20 43 60 58 24 22 7 11 10 18 10 15 7 3 2 2 1 0 1 0 1 0 0 0 0 0 0 0 1 1 2 3 3 5 7 22 17 11 39 36 27 31 21 17 23 24 23
44 27 17 12 6 3 2 5 17 10 10 19 38 38 31 23 12 23 21 24 34 36 43 51 29 27 34 51 52 53 55 37 29 12 10 17 29 21 25 32 37 37 40 57 51 53 53 45 42 28 26 37 38 29 20 6 9 11 5 9 11 6 1 4 1 1 1 0 0 0 0 0 0 0 0 0 1 1 4 5 10 5 7 9 11 8 19 24 24 34 21 16 20 19 18 18
25 15 8 3 1 3 6 6 15 22 16 12 30 46 46 23 12 26 37 45 40 20 48 61 43 33 42 48 44 63 56 34 29 14 7 22 27 22 19 27 39 35 42 47 48 51 49 45 42 38 27 32 41 35 19 5 7 9 10 5 5 3 1 1 1 1 1 0 0 0 0 0 0 0 0 0 0 1 3 1 7 13 17 10 16 13 14 25 23 14 17 24 28 28 34 19
17 9 6 2 1 5 8 14 18 28 27 20 33 47 51 35 14 26 29 63 48 19 38 53 45 18 13 70 67 50 49 41 28 13 5 24 34 32 23 41 41 48 39 45 51 38 49 46 42 46 24 33 34 17 16 3 5 7 6 8 3 2 1 1 1 1 0 0 0 0 0 0 0 0 0 0 0 1 3 3 5 7 25 31 17 30 34 25 15 15 13 13 22 24 25 19
13 10 5 4 3 6 18 14 20 34 47 33 26 39 55 52 25 16 32 46 48 29 35 46 55 20 21 68 51 58 60 48 36 8 8 30 30 20 44 29 44 50 40 46 40 35 56 44 39 37 33 24 16 18 31 7 3 8 9 4 1 1 1 1 1 0 0 0 0 0 0 0 0 0 0 0 1 3 5 6 7 9 16 19 25 40 32 35 30 26 19 22 26 15 22 11
8 14 11 5 3 8 13 24 22 29 42 36 26 42 55 53 26 16 50 38 34 41 34 47 58 58 44 64 62 63 55 40 21 10 14 27 31 31 33 48 29 45 51 37 25 30 43 44 39 31 30 30 21 15 32 10 8 2 3 7 2 1 0 0 0 0 0 0 0 0 0 0 0 0 0 0 1 5 6 8 20 7 9 11 18 24 41 44 26 24 26 24 27 22 27 17
21 16 14 6 6 12 17 27 25 30 43 54 41 45 44 58 28 16 36 36 33 39 39 44 57 68 45 69 45 44 55 38 15 11 14 13 21 52 31 30 42 31 44 33 32 45 40 29 36 34 27 23 26 36 22 13 4 1 4 4 3 1 0 0 0 0 0 0 0 0 0 0 0 0 0 0 0 2 4 8 11 12 32 20 14 16 14 20 27 28 24 23 24 24 21 12
34 19 9 11 8 12 20 33 42 46 47 42 57 31 48 58 27 30 19 47 46 38 30 42 50 49 39 33 27 36 32 33 12 6 11 14 29 43 44 26 28 43 17 52 31 33 40 23 22 37 29 11 25 24 12 11 5 2 1 1 1 1 0 0 0 0 0 0 0 0 0 0 0 0 7 3 2 3 4 8 19 28 22 34 29 37 28 31 33 28 26 15 14 16 8 3
20 7 5 14 17 13 24 35 30 47 48 46 58 28 45 53 29 40 18 32 50 41 53 31 59 48 29 30 25 29 36 19 9 9 21 15 18 26 39 37 44 26 23 23 50 25 21 26 32 40 25 13 10 7 7 7 7 1 1 1 1 0 0 0 0 0 0 0 0 0 0 0 1 2 4 9 3 9 7 18 33 31 21 11 22 22 33 34 26 31 30 14 13 10 6 3
12 3 10 20 22 24 29 36 40 33 48 50 63 42 44 53 25 33 39 20 23 36 26 64 40 48 26 29 35 22 12 13 14 15 24 26 26 14 18 12 17 26 31 53 30 28 33 29 22 20 25 21 5 4 2 2 3 1 1 0 0 0 0 0 0 0 0 0 0 0 0 0 0 2 1 5 24 23 21 30 52 28 17 20 25 15 18 22 36 36 10 12 13 14 14 5
10 5 14 33 42 26 32 37 43 45 46 50 51 55 31 50 21 21 37 28 24 40 18 42 57 29 21 25 11 11 18 24 24 15 28 26 22 20 16 30 22 22 30 37 53 28 16 21 15 21 14 11 9 6 2 1 1 1 0 0 0 0 0 0 0 0 0 0 0 0 0 0 1 1 1 2 7 13 23 21 15 14 16 20 19 22 27 25 20 14 12 8 5 6 17 9
15 6 19 42 42 28 29 36 30 42 48 49 47 50 43 61 22 19 31 31 25 37 62 42 25 32 36 29 19 17 27 27 27 16 11 25 18 23 29 25 25 28 28 31 29 38 18 12 16 13 11 6 7 5 2 1 0 1 0 0 0 0 0 0 0 0 0 0 0 0 0 0 3 3 3 3 3 2 11 21 22 10 11 12 23 25 17 9 7 5 4 8 11 15 18 16
19 9 19 43 42 40 27 43 30 43 63 45 39 37 64 52 21 21 20 27 27 37 57 15 29 33 26 23 29 30 41 49 30 26 14 25 18 26 38 18 25 35 41 35 23 28 17 25 12 14 8 13 3 1 1 0 1 0 0 0 0 0 0 0 0 0 0 0 0 0 0 2 7 4 4 4 5 6 6 12 20 14 10 14 24 28 16 14 14 7 6 7 16 17 18 18
18 12 20 45 43 40 26 48 44 42 59 41 55 44 41 45 46 25 28 17 28 22 55 44 28 21 24 29 24 39 48 53 31 18 17 9 26 35 19 32 35 34 47 50 44 22 29 5 2 4 8 2 2 1 1 0 0 0 0 0 0 0 0 0 0 0 0 0 0 0 0 0 0 1 4 4 5 7 7 8 13 8 13 16 26 39 30 42 23 15 6 15 18 19 28 20
17 13 20 45 45 52 27 49 50 43 34 41 28 50 47 20 17 45 22 21 15 28 33 22 22 20 23 27 37 66 44 29 20 20 24 10 16 17 44 35 37 38 39 51 22 33 19 11 6 8 5 0 2 2 1 0 0 0 0 0 0 0 0 0 0 0 0 0 0 0 0 1 2 4 5 6 5 9 12 19 18 17 18 19 22 38 49 24 23 9 9 17 19 19 27 9
11 30 30 42 46 54 30 27 33 46 46 43 21 17 31 47 15 10 43 34 11 19 32 20 31 14 35 63 51 32 27 30 29 20 15 6 14 9 24 30 31 53 45 25 12 18 13 16 13 11 3 2 2 2 1 1 0 0 0 0 0 0 0 0 0 0 0 0 0 0 0 1 1 2 5 9 7 8 7 15 8 7 10 31 35 42 31 24 8 11 18 18 20 31 32 10
18 36 42 43 43 37 41 34 28 19 28 46 15 11 27 35 32 22 4 13 12 18 14 14 15 36 29 22 32 23 28 38 33 14 18 10 19 23 27 22 14 31 26 15 15 15 13 7 12 8 5 3 4 2 1 0 0 0 0 0 0 0 0 0 0 0 0 0 0 0 0 1 2 2 4 9 7 9 6 13 21 17 32 26 30 26 36 24 13 17 18 19 32 32 28 17
25 36 41 37 41 52 42 51 37 25 16 24 46 13 28 20 21 32 16 5 9 21 4 13 42 15 18 29 34 38 34 23 13 16 20 15 18 24 28 19 22 31 19 10 16 17 6 3 7 5 2 1 1 1 0 0 0 0 0 0 0 0 0 0 0 0 0 0 0 0 1 1 2 5 9 15 13 9 13 16 24 21 32 23 28 34 20 17 12 18 19 20 33 46 16 13
30 36 40 21 25 60 59 42 32 26 38 20 23 40 16 17 19 6 27 8 7 8 25 17 16 23 32 39 42 42 29 18 13 14 27 12 14 23 32 34 28 29 29 21 17 8 8 7 3 2 1 1 1 0 0 0 0 0 0 0 0 0 0 0 0 0 0 0 0 0 1 1 1 5 11 10 9 17 14 17 24 25 19 28 28 22 9 12 18 18 28 29 37 38 21 13
36 45 38 26 30 46 41 51 49 23 29 32 25 27 33 13 19 6 5 14 4 4 20 22 23 25 25 34 39 25 28 28 22 9 18 6 10 14 24 38 35 31 15 21 13 14 8 5 5 4 2 1 1 1 0 0 0 0 0 0 0 0 0 0 0 0 0 0 0 0 1 1 2 2 6 22 10 12 7 7 9 12 24 24 24 21 16 12 18 19 27 21 56 26 23 18
28 32 42 30 32 29 37 33 34 37 43 30 23 23 37 29 8 5 7 5 11 11 19 14 23 33 33 36 36 32 28 28 22 11 23 7 8 16 24 33 32 36 28 24 17 14 9 11 3 3 2 1 0 0 0 0 0 0 0 0 0 0 0 0 0 0 0 0 0 0 0 1 2 3 5 8 6 3 3 10 20 20 8 20 33 32 13 20 17 27 21 21 53 25 21 18
29 43 45 38 37 25 24 35 36 31 44 37 32 21 28 25 11 10 6 6 4 11 13 17 11 21 25 31 24 34 34 28 22 20 29 4 18 23 24 21 12 31 33 25 14 16 12 5 3 4 3 2 0 0 0 0 0 0 0 0 0 0 0 0 0 0 0 0 0 0 0 1 1 2 7 3 4 6 4 20 20 9 16 19 24 39 20 30 28 18 18 12 37 23 21 17
29 36 58 36 36 32 26 34 36 29 25 32 25 21 35 13 14 13 7 4 4 7 7 9 10 17 25 30 28 20 23 24 34 30 12 4 18 30 32 31 20 30 31 17 13 13 6 3 4 7 3 2 1 0 0 0 0 0 0 0 0 0 0 0 0 0 0 0 0 0 1 1 2 2 2 3 7 14 8 15 17 18 15 16 17 22 31 31 18 20 18 7 25 35 7 9
30 21 44 48 31 30 24 34 35 26 20 18 26 29 25 17 9 15 5 2 3 15 7 16 11 16 26 34 26 20 29 35 32 20 14 10 11 24 41 44 32 30 16 22 10 9 6 3 4 2 1 1 1 0 0 0 0 0 0 0 0 0 0 0 0 0 0 0 0 0 1 1 1 1 2 8 8 14 21 4 12 14 20 26 20 18 41 34 20 23 13 14 29 24 10 15
25 20 29 47 43 27 31 35 27 23 22 14 20 25 21 11 7 4 4 2 3 8 7 15 12 14 18 19 24 20 41 28 23 17 20 14 17 25 29 32 47 41 27 12 14 5 3 5 2 1 1 1 0 0 0 0 0 0 0 0 0 0 0 0 0 0 0 0 0 0 0 1 1 2 2 8 11 15 10 14 12 7 19 20 16 27 30 20 32 17 11 12 40 18 12 17
29 47 31 32 37 25 20 31 25 19 23 13 4 8 22 18 10 4 3 5 2 8 13 5 11 20 12 15 15 22 23 29 30 12 14 11 15 31 23 23 19 25 17 19 9 8 3 5 4 1 1 1 1 0 0 0 0 0 0 0 0 0 0 0 0 0 0 0 0 0 0 1 3 2 3 7 5 7 15 14 4 6 17 21 35 29 22 15 28 21 11 16 30 26 18 16
24 26 40 36 33 21 20 25 19 16 14 16 10 11 10 14 7 1 2 5 1 7 6 8 11 12 6 14 12 19 29 27 35 20 13 11 15 29 22 25 34 17 8 16 5 5 5 2 2 1 2 1 0 0 0 0 0 0 0 0 0 0 0 0 0 0 0 0 0 0 1 1 1 3 2 2 5 14 7 3 4 12 25 21 24 31 18 17 14 14 21 15 14 35 17 15
29 35 31 32 29 19 24 20 18 14 6 11 10 14 10 8 6 5 5 5 3 4 4 5 7 15 14 14 23 12 24 34 29 23 24 8 11 26 38 23 22 15 12 10 6 3 4 1 2 1 1 0 0 0 0 0 0 0 0 0 0 0 0 0 0 0 0 0 0 0 0 1 3 4 2 2 9 8 9 8 7 11 4 8 20 33 17 17 12 20 19 13 9 45 17 21
28 29 23 22 6 13 29 13 18 15 10 8 12 13 7 7 3 6 4 5 3 2 5 4 4 10 22 22 8 16 16 25 35 19 18 8 10 26 21 22 17 10 15 9 5 2 1 3 1 2 0 0 0 0 0 0 0 0 0 0 0 0 0 0 0 0 0 0 0 0 0 1 4 3 2 5 5 4 6 27 20 6 9 19 13 13 18 8 11 17 18 12 19 46 31 26
24 16 8 4 3 6 28 13 6 7 8 4 5 11 16 10 2 1 3 1 2 2 4 8 2 7 22 11 9 13 10 29 36 31 14 3 7 21 17 22 13 9 10 10 8 4 1 1 0 0 1 0 0 0 0 0 0 0 0 0 0 0 0 0 0 0 0 0 0 0 0 1 3 1 2 4 6 1 8 9 6 12 26 20 15 13 13 5 16 16 18 12 25 67 32 17
23 22 14 12 11 7 11 20 4 4 3 8 5 7 11 5 4 1 2 2 2 3 5 9 6 3 9 14 12 8 22 20 26 22 14 6 5 12 20 25 6 10 16 10 6 2 1 1 1 0 0 0 0 0 0 0 0 0 0 0 0 0 0 0 0 0 0 0 0 0 0 0 1 2 1 1 2 2 5 5 6 16 19 14 11 5 5 4 9 14 15 12 27 42 31 8
30 18 20 16 8 9 7 7 8 6 5 12 5 5 3 2 4 3 2 2 2 2 4 5 2 3 7 7 8 11 20 21 12 13 20 9 7 6 14 16 3 4 5 3 2 1 1 1 2 1 0 0 0 0 0 0 0 0 0 0 0 0 0 0 0 0 0 0 0 0 0 0 0 1 1 1 1 6 5 12 6 7 6 8 10 6 5 9 10 15 15 19 22 41 10 6
15 15 17 12 13 7 5 9 16 14 3 2 8 5 1 1 1 1 2 1 0 1 1 3 5 1 5 7 4 16 13 14 17 12 20 9 12 5 13 23 12 3 4 3 1 1 0 0 0 0 0 1 0 0 0 0 0 0 0 0 0 0 0 0 0 0 0 0 0 0 0 0 0 0 0 1 3 6 11 5 5 7 11 15 10 6 5 10 15 15 13 12 29 39 24 6
14 25 14 13 12 10 6 10 14 7 7 3 2 3 4 1 2 1 0 1 0 1 2 4 3 3 5 3 4 13 12 16 14 5 13 7 9 6 3 16 9 12 7 2 1 1 1 0 0 1 0 0 0 0 0 0 0 0 0 0 0 0 0 0 0 0 0 0 0 0 0 0 0 0 1 1 2 4 6 5 4 6 10 9 8 7 5 12 15 9 14 11 6 18 25 7
16 14 12 8 10 16 5 8 7 9 6 4 5 2 1 3 1 0 0 1 1 0 0 1 2 4 4 10 4 5 12 10 9 18 9 5 7 11 4 14 14 14 10 2 2 3 1 0 1 1 0 0 0 0 0 0 0 0 0 0 0 0 0 0 0 0 0 0 0 0 0 0 0 1 1 1 1 1 3 3 3 4 6 9 10 5 4 7 16 7 15 8 8 8 16 5
11 11 18 10 13 13 3 5 7 9 6 4 4 4 5 1 2 2 1 1 1 0 1 1 2 5 6 13 5 6 9 10 16 9 6 4 4 16 6 7 10 15 4 3 3 3 0 0 1 2 0 0 0 0 0 0 0 0 0 0 0 0 0 0 0 0 0 0 0 0 0 0 0 0 0 0 1 2 2 2 4 10 6 6 8 4 7 7 13 6 8 2 1 3 12 17
10 12 16 13 10 8 3 5 7 9 6 4 2 1 3 3 1 0 1 1 0 0 0 0 2 2 5 4 5 14 14 13 8 11 4 1 2 17 6 5 6 8 5 3 2 2 0 0 0 0 1 0 0 0 0 0 0 0 0 0 0 0 0 0 0 0 0 0 0 0 0 0 0 0 0 0 3 3 2 3 6 5 6 11 3 3 7 10 8 6 2 2 4 5 4 9
11 5 5 13 8 10 6 2 6 5 5 3 3 1 2 1 2 0 0 0 0 0 0 1 1 2 1 4 7 14 10 14 13 13 10 1 7 13 4 5 7 3 4 3 2 1 0 0 0 0 0 0 0 0 0 0 0 0 0 0 0 0 0 0 0 0 0 0 0 0 0 0 0 0 0 1 2 2 2 6 6 6 8 3 3 7 16 7 2 1 3 6 4 12 6 5
8 2 6 10 12 8 7 3 2 3 4 1 2 2 2 1 1 0 0 0 0 0 2 1 1 1 1 2 3 5 9 13 9 6 8 3 7 5 7 4 7 5 4 4 4 1 1 0 0 0 0 0 0 0 0 0 0 0 0 0 0 0 0 0 0 0 0 0 0 0 0 0 0 1 1 1 2 3 3 6 5 3 3 2 7 11 3 1 2 3 4 9 7 7 6 3
7 3 3 2 6 7 8 3 0 1 3 1 2 1 3 1 1 0 0 0 0 0 1 1 1 0 1 2 3 4 7 7 11 9 5 4 4 3 5 3 1 5 3 5 3 2 2 2 1 1 0 0 0 0 0 0 0 0 0 0 0 0 0 0 0 0 0 0 0 0 0 0 0 1 0 0 2 3 3 2 2 4 1 4 7 3 1 3 4 5 6 6 5 7 5 3
9 4 6 1 6 9 6 3 1 0 0 2 2 1 1 1 0 0 0 0 0 0 0 0 0 0 1 2 3 3 4 5 9 6 6 6 8 2 6 3 1 2 2 3 3 1 1 0 0 0 0 0 0 0 0 0 0 0 0 0 0 0 0 0 0 0 0 0 0 0 0 0 0 1 1 1 2 4 3 3 2 1 4 6 3 1 2 6 5 4 5 4 5 3 3 2
11 3 5 1 2 5 3 1 1 1 1 1 1 2 1 1 0 0 0 0 0 0 0 0 0 1 1 1 3 3 3 5 4 3 6 6 4 3 3 5 3 1 2 2 2 1 1 1 0 0 0 0 0 0 0 0 0 0 0 0 0 0 0 0 0 0 0 0 0 0 0 0 0 1 1 1 1 1 3 2 2 2 4 2 2 7 5 5 4 4 4 3 2 1 1 2
6 2 5 2 1 5 3 3 1 1 1 1 1 1 1 1 1 0 0 0 0 0 0 0 1 0 1 3 3 2 3 4 3 2 12 5 3 4 3 1 1 2 2 3 2 2 2 1 1 0 0 0 0 0 0 0 0 0 0 0 0 0 0 0 0 0 0 0 0 0 0 0 0 0 1 0 1 2 2 5 5 3 1 2 2 3 3 6 5 2 3 2 1 1 1 0
4 3 4 3 2 2 1 3 1 1 1 1 1 1 0 0 0 0 0 0 0 0 0 0 0 1 1 1 2 2 3 4 4 2 7 4 4 3 6 2 4 4 1 2 3 3 2 1 1 1 0 0 0 0 0 0 0 0 0 0 0 0 0 0 0 0 0 0 0 0 0 0 0 0 0 0 1 3 11 6 3 2 1 2 1 7 4 3 3 3 5 4 1 1 1 0
5 2 3 2 1 1 0 1 2 1 1 1 1 0 0 0 0 0 0 0 0 0 0 0 0 0 1 1 1 2 2 2 2 3 6 3 6 10 3 2 2 2 2 2 4 1 1 1 1 0 0 0 0 0 0 0 0 0 0 0 0 0 0 0 0 0 0 0 0 0 0 0 0 0 0 1 2 2 7 6 3 1 1 4 3 3 4 2 3 3 2 2 1 1 1 0
6 2 5 2 1 1 2 1 3 1 1 1 0 0 0 0 0 0 0 0 0 0 0 0 0 0 1 1 1 1 2 1 1 2 2 7 3 9 4 2 4 1 4 2 3 4 2 1 0 0 0 0 0 0 0 0 0 0 0 0 0 0 0 0 0 0 0 0 0 0 0 0 0 0 1 1 0 2 2 6 3 2 2 4 7 3 2 3 3 2 2 1 1 0 0 0
3 1 4 2 1 0 4 1 1 1 1 1 0 0 0 0 0 0 0 0 0 0 0 0 0 0 1 1 2 1 1 1 1 3 2 2 3 3 3 2 3 1 3 1 2 2 2 1 1 1 0 0 0 0 0 0 0 0 0 0 0 0 0 0 0 0 0 0 0 0 0 0 0 0 0 0 0 5 4 3 2 2 4 2 5 4 2 2 2 2 1 0 1 0 0 0
4 1 2 1 0 1 1 1 1 2 1 0 0 0 0 0 0 0 0 0 0 0 0 0 0 0 0 1 1 1 0 0 2 1 2 2 6 2 2 2 3 1 2 1 2 2 2 1 0 0 0 0 0 0 0 0 0 0 0 0 0 0 0 0 0 0 0 0 0 0 0 0 0 0 0 0 0 4 4 1 1 2 4 3 2 3 1 1 3 2 1 0 1 0 0 0
3 1 2 1 0 1 1 2 1 1 2 1 0 0 0 0 0 0 0 0 0 0 0 0 0 0 0 0 0 0 1 0 3 2 2 3 3 1 1 4 2 1 1 5 3 2 1 1 1 0 0 0 0 0 0 0 0 0 0 0 0 0 0 0 0 0 0 0 0 0 0 0 0 0 0 0 1 3 4 1 1 3 4 3 2 2 0 1 1 1 0 0 0 0 0 0
4 2 0 1 0 0 1 2 1 0 1 1 0 0 0 0 0 0 0 0 0 0 0 0 0 0 0 0 0 0 0 1 0 1 0 1 1 1 1 3 1 1 0 1 7 1 1 1 1 0 0 0 0 0 0 0 0 0 0 0 0 0 0 0 0 0 0 0 0 0 0 0 0 0 0 1 1 2 3 2 1 3 2 1 1 1 1 1 0 0 1 0 0 0 0 0
2 1 0 1 0 0 2 1 1 0 0 0 0 0 0 0 0 0 0 0 0 0 0 0 0 0 0 0 0 0 1 0 1 1 1 1 1 1 1 2 1 2 1 1 4 2 1 0 0 0 0 0 0 0 0 0 0 0 0 0 0 0 0 0 0 0 0 0 0 0 0 0 0 0 1 4 0 3 2 2 1 1 1 1 1 0 1 1 0 0 0 0 0 0 0 0
