sesion_6_simulaciones/modelos_agentes/ejemplos_netlogo/scenarios/echam4_a2/rob_2085.asc
NCOLS 322 
NROWS 307 
XLLCORNER 451900 
YLLCORNER 4086900 
CELLSIZE 100 
NODATA_value -9999 
[rows 219 to 291 of 307, columns 0 to 95 of 322]
0 0 0 0 1 3 5 2 3 1 1 1 1 0 1 1 1 3 1 1 1 3 1 2 1 5 3 5 3 5 5 13 9 8 18 19 10 8 6 12 6 9 9 19 18 12 14 5 10 11 11 34 57 33 42 64 66 38 65 67 73 83 60 71 51 48 51 49 42 20 34 34 27 30 33 32 22 14 6 5 3 1 1 0 0 1 3 6 3 3 3 2 3 9 19 45
0 1 1 1 2 3 6 5 2 2 3 2 2 1 1 2 1 0 1 1 1 4 1 2 3 5 2 15 10 8 12 14 11 9 11 3 2 4 2 12 9 9 10 12 13 9 9 6 8 16 17 40 43 47 12 24 63 78 78 61 17 15 36 37 76 57 50 68 40 26 26 31 45 27 12 13 6 8 5 4 2 1 0 0 1 3 6 11 13 7 7 7 4 8 25 27
0 0 0 1 1 1 4 3 1 2 1 2 5 3 1 1 1 1 1 1 0 1 8 3 2 1 1 5 7 4 5 7 10 3 8 1 3 3 1 11 7 6 12 10 5 8 12 8 26 39 19 13 15 13 9 11 47 58 48 29 43 35 33 49 40 41 43 33 57 45 51 32 33 31 22 19 11 8 3 2 1 1 0 0 2 5 11 23 33 19 19 10 8 25 36 34
0 0 0 1 1 1 3 4 1 2 2 2 5 2 2 1 1 0 0 1 2 3 4 4 2 2 2 4 7 2 2 5 6 1 4 3 1 2 4 11 3 3 5 4 3 11 6 13 20 48 45 23 16 20 19 11 20 35 21 31 41 29 24 55 39 53 39 52 48 45 44 42 24 18 14 12 7 6 1 1 1 0 0 1 2 8 17 34 39 25 17 18 30 42 62 47
0 0 0 0 0 1 2 4 3 2 1 2 3 2 1 1 1 2 2 2 2 4 2 9 3 3 3 2 3 3 2 3 2 1 5 1 1 2 2 6 4 2 1 3 1 1 3 3 4 29 41 27 32 21 18 20 12 16 31 39 37 59 34 44 61 43 45 53 62 44 26 27 20 15 9 5 4 5 2 1 1 1 1 4 6 11 17 25 49 49 23 32 42 47 16 17
0 1 2 6 2 2 2 4 4 4 5 7 3 2 2 2 2 3 1 1 8 1 2 2 2 1 1 4 2 2 1 1 1 2 1 1 1 1 1 3 2 1 1 7 8 7 7 11 13 6 11 25 17 15 13 13 14 24 29 35 44 54 39 76 78 60 54 45 46 33 24 25 17 13 12 4 3 1 1 1 0 1 3 8 13 25 18 35 61 57 33 43 51 48 17 16
1 1 2 6 7 9 2 2 1 6 4 3 2 1 2 2 1 0 0 3 1 2 4 2 1 2 1 1 1 1 1 1 1 0 0 2 1 1 1 2 1 2 3 3 3 11 11 29 34 18 10 15 10 17 9 11 16 34 31 33 52 37 36 34 48 45 37 39 30 23 24 15 12 11 5 4 2 1 0 1 1 2 8 12 15 37 43 43 72 67 62 64 37 33 21 21
0 0 1 1 2 21 9 1 3 3 5 1 3 3 0 0 0 0 1 5 1 2 2 2 1 1 1 0 1 0 1 2 1 0 1 1 1 1 0 1 2 6 6 2 6 12 17 10 41 63 15 14 6 10 11 20 21 23 30 27 24 21 34 22 22 37 50 35 22 15 11 10 15 5 4 3 2 0 1 1 2 5 13 15 15 36 59 65 68 76 62 42 38 23 19 16
0 0 1 2 3 4 2 2 1 2 3 3 6 1 0 0 1 2 4 6 1 1 1 2 1 1 1 0 0 1 0 1 2 0 0 0 0 1 5 7 1 2 2 13 7 11 30 19 21 9 17 24 21 20 21 26 36 28 33 32 32 20 26 21 22 34 33 16 10 17 10 6 4 3 3 1 0 1 2 4 6 7 18 23 19 33 62 80 68 17 20 13 16 21 15 14
0 0 1 2 3 2 3 2 1 3 2 2 2 1 2 4 4 4 3 4 1 1 1 1 0 0 1 0 0 1 0 0 0 0 0 1 0 0 3 8 6 2 8 8 51 22 10 15 17 18 12 34 31 30 37 39 26 37 24 20 20 8 3 5 17 19 20 14 13 9 8 5 3 3 1 1 1 3 7 8 11 18 21 26 43 49 48 77 52 28 27 22 19 24 16 22
0 0 1 1 2 2 3 2 1 1 2 3 3 3 3 5 2 1 2 1 1 0 0 0 0 0 0 0 0 0 0 0 0 0 1 2 1 1 1 2 3 2 2 3 17 59 28 15 15 18 17 18 20 33 49 55 35 34 14 15 7 7 9 25 30 23 7 7 10 6 2 2 1 1 1 2 7 8 9 13 26 22 37 35 59 64 58 57 36 28 37 53 29 24 16 16
0 0 1 1 2 2 3 1 1 1 1 1 1 3 1 3 2 1 1 1 0 0 0 0 0 0 0 0 0 0 0 0 0 0 0 1 1 3 1 1 3 9 6 11 24 11 16 11 9 13 12 13 24 28 30 39 48 40 39 19 24 20 12 18 25 18 6 7 4 2 1 1 1 1 2 4 10 10 14 23 38 27 48 39 38 71 81 54 41 53 64 54 28 20 18 8
0 0 1 1 1 1 1 3 0 1 1 1 1 1 1 2 1 0 0 0 0 0 0 0 0 0 0 0 0 0 0 0 1 0 0 0 2 1 2 2 1 3 22 41 57 25 10 6 16 21 24 11 19 32 29 37 39 18 28 40 23 17 11 18 10 18 10 4 3 2 2 4 2 3 4 8 14 28 36 43 50 46 50 33 25 42 69 41 33 68 64 40 28 24 19 14
0 0 0 1 1 1 0 1 0 1 0 0 0 1 1 0 1 0 0 0 0 0 0 0 0 0 0 0 0 0 0 0 0 1 0 1 0 1 2 1 2 3 4 14 19 12 14 8 18 15 29 18 19 22 25 51 36 28 12 11 16 11 4 9 3 15 10 8 5 5 4 2 3 5 9 12 18 40 48 60 63 71 51 35 26 28 44 46 56 54 37 27 16 16 27 22
0 0 0 0 0 1 1 0 0 0 1 0 0 1 0 0 0 0 0 0 0 0 0 0 0 0 0 0 0 0 0 0 0 0 0 0 0 1 1 1 2 5 20 14 14 7 10 4 7 9 19 15 20 30 41 30 30 16 7 2 12 26 11 19 19 14 14 13 9 2 1 4 6 11 11 15 24 53 52 69 79 69 55 54 29 32 69 69 59 43 41 32 29 37 32 15
0 0 0 0 0 0 1 1 2 0 0 0 0 0 0 0 0 0 0 0 0 0 0 0 0 0 0 0 0 0 0 0 0 0 0 1 1 2 2 3 5 9 13 25 26 33 47 19 20 35 31 19 21 21 21 25 17 9 7 15 12 30 38 24 14 9 4 3 4 2 3 12 14 15 23 16 31 54 59 70 61 75 59 60 44 72 51 54 40 54 56 58 49 39 30 21
0 0 0 0 0 0 0 0 0 0 0 0 0 0 0 0 0 0 0 0 0 0 0 0 0 0 0 0 0 0 1 2 1 1 3 1 1 1 2 2 8 10 12 30 18 13 19 4 11 29 47 42 24 17 20 23 27 23 47 31 21 25 19 23 10 4 2 1 2 1 11 17 32 21 34 21 24 39 62 69 80 64 65 56 67 46 49 54 33 38 72 67 59 35 30 40
0 0 0 0 0 0 0 0 0 0 0 0 0 0 0 0 0 0 0 0 0 0 0 0 0 0 0 0 0 0 0 1 9 2 6 20 16 7 10 8 3 25 30 23 44 38 48 25 23 33 33 34 42 22 24 48 47 36 29 19 23 39 35 14 2 2 5 4 1 2 5 14 38 46 39 25 31 22 43 41 73 77 70 35 30 73 41 53 59 65 51 61 57 51 42 45
0 0 0 0 0 0 0 0 0 0 0 0 0 0 0 0 0 0 0 0 0 0 0 0 0 0 0 0 0 0 0 0 0 7 4 20 26 24 26 19 18 11 48 54 59 35 61 34 25 31 23 23 15 20 10 12 21 28 28 23 19 15 5 2 1 5 6 3 2 4 12 21 31 47 47 29 33 38 39 36 56 69 61 23 55 54 44 68 74 57 64 63 63 51 66 60
0 0 0 0 0 0 0 0 0 0 0 0 0 0 0 0 0 0 0 0 0 0 0 0 0 0 0 0 0 0 0 0 0 1 1 6 41 12 37 14 20 23 23 52 46 44 32 19 48 44 37 35 42 41 31 21 22 21 18 19 18 5 4 2 5 4 5 2 2 5 11 28 36 55 71 47 34 41 54 53 58 66 38 32 51 20 12 30 50 31 33 57 51 59 50 32
0 0 0 0 0 0 0 0 0 0 0 0 0 0 0 0 0 0 0 0 0 0 0 0 0 0 0 0 0 0 0 0 0 2 1 2 15 28 33 36 36 28 37 32 39 56 53 33 15 41 41 44 41 48 46 29 22 12 17 13 9 7 6 13 3 1 3 2 4 11 20 19 39 43 62 66 38 35 39 64 56 74 24 28 59 24 29 29 25 22 23 40 47 46 20 11
0 0 0 0 0 0 0 0 0 0 0 0 0 0 0 0 0 0 0 0 0 0 0 0 0 0 0 0 0 0 1 1 1 2 3 5 6 28 19 30 11 18 13 24 24 29 10 38 28 27 39 31 32 43 45 47 41 33 27 38 21 17 14 5 3 1 2 5 11 21 29 34 37 41 39 67 71 44 61 42 66 53 39 62 23 29 36 36 48 56 39 50 52 42 24 13
0 0 0 0 0 0 0 0 0 0 0 0 0 0 0 0 0 0 0 0 0 0 0 0 0 0 0 0 0 0 0 0 1 2 4 10 5 8 10 7 14 9 5 7 12 23 22 35 21 22 35 32 32 30 30 34 32 26 23 20 10 7 7 3 2 2 4 10 26 23 29 36 47 36 44 39 81 35 35 54 58 35 39 52 48 43 34 65 67 33 43 42 38 21 12 11
0 0 0 0 0 0 0 0 0 0 0 0 0 0 0 0 0 0 0 0 0 0 0 0 0 0 0 0 0 0 1 1 1 2 4 10 13 8 7 4 4 8 12 13 23 27 23 15 21 33 29 30 24 32 30 31 31 16 13 12 8 4 2 1 3 6 12 21 23 30 46 27 15 44 73 54 71 41 40 50 50 44 33 45 33 24 26 54 52 55 35 33 31 19 15 6
0 0 0 0 0 0 0 0 0 0 0 0 0 0 0 0 0 0 0 0 0 0 0 0 0 0 0 0 0 0 0 1 1 3 4 9 12 29 21 8 9 6 8 10 14 14 19 13 11 23 21 30 33 31 21 23 19 13 13 11 9 5 1 3 4 12 27 25 27 35 42 42 27 45 61 42 60 66 35 39 39 47 51 54 35 49 35 43 55 55 46 44 25 24 14 13
0 0 0 0 0 0 0 0 0 0 0 0 0 0 0 0 0 0 0 0 0 0 0 0 0 0 0 1 1 1 1 1 2 5 6 7 12 22 36 36 15 12 14 21 25 17 11 17 28 25 37 40 23 21 30 23 31 23 12 11 5 4 4 6 5 19 29 43 52 53 45 47 32 43 72 38 19 51 68 34 52 53 48 43 35 31 11 33 56 54 39 25 25 24 33 29
0 0 0 0 0 0 0 0 0 0 0 0 0 0 0 0 0 0 0 0 0 0 0 0 0 0 0 0 0 2 3 3 3 7 6 5 14 29 40 37 20 19 19 29 31 40 26 43 31 21 11 13 23 28 11 16 16 16 7 9 10 5 4 10 16 28 32 52 60 59 53 57 42 46 60 62 21 35 44 39 39 23 19 13 20 36 20 28 39 40 37 34 34 34 33 29
0 0 0 0 0 0 0 0 0 0 0 0 0 0 0 0 0 0 0 0 0 0 0 0 0 0 0 0 0 1 1 9 18 6 7 14 12 16 36 42 41 48 36 23 39 57 35 38 36 24 26 29 20 33 20 15 17 23 23 17 9 3 10 17 25 26 34 56 55 68 56 65 38 36 50 60 43 18 46 21 15 9 22 17 21 11 12 23 49 54 36 38 43 41 37 19
0 0 0 0 0 0 0 0 0 0 0 0 0 0 0 0 0 0 0 0 0 0 0 0 0 0 0 0 0 0 0 0 6 7 7 8 7 23 22 19 19 15 15 16 26 49 31 34 32 34 28 24 19 13 10 21 27 23 16 16 5 2 8 10 21 39 54 54 49 58 77 55 57 31 28 51 36 51 23 14 18 13 16 18 29 16 27 41 43 25 31 49 57 42 35 16
0 0 0 0 0 0 0 0 0 0 0 0 0 0 0 0 0 0 0 0 0 0 0 0 0 0 0 0 1 1 0 1 2 2 1 3 7 16 10 17 10 12 7 14 17 22 25 41 23 24 23 26 33 29 9 16 20 30 22 10 3 1 2 15 18 36 29 27 30 32 50 70 74 28 18 39 16 40 12 23 12 14 10 21 27 34 41 22 38 38 48 60 41 34 24 16
0 0 0 0 0 0 0 0 0 0 0 0 0 0 0 0 0 0 0 0 0 0 0 0 0 0 0 0 0 0 0 1 2 3 3 4 12 20 19 18 22 20 37 33 22 25 30 38 36 29 15 26 25 20 26 24 23 17 12 6 1 2 5 10 25 33 41 57 42 24 36 38 52 54 27 24 38 25 19 18 8 19 25 21 12 32 41 39 53 64 45 46 30 22 17 26
0 0 0 0 0 0 0 0 0 0 0 0 0 0 0 0 0 0 0 0 0 0 0 0 1 2 1 0 1 2 2 1 4 5 5 7 13 26 23 25 33 26 21 26 27 29 45 54 40 34 39 36 48 48 38 18 14 16 11 6 2 8 6 13 33 39 54 62 58 36 23 24 40 51 51 23 42 23 26 26 25 16 25 36 34 36 53 50 46 60 63 39 41 36 18 21
0 0 0 0 0 0 0 0 0 0 0 0 0 0 0 0 0 0 0 0 0 0 0 0 1 2 2 1 0 1 1 2 1 2 5 5 7 13 13 35 50 26 33 36 52 51 48 56 47 43 51 61 48 37 37 30 29 16 14 6 3 11 12 28 38 52 70 59 39 38 32 37 34 25 15 53 44 23 18 18 14 21 40 38 44 58 57 70 61 58 40 32 30 34 28 18
0 0 0 0 0 0 0 0 0 0 0 0 0 0 0 0 0 0 0 0 0 0 0 1 1 0 1 1 1 2 3 3 2 1 3 3 8 14 23 24 20 23 56 54 64 58 45 35 35 36 20 38 46 31 28 25 17 15 13 5 3 11 11 32 48 57 63 57 50 56 44 34 56 47 31 26 36 30 13 18 23 36 39 26 40 47 49 42 60 39 28 28 43 33 25 22
0 0 0 0 0 0 0 0 0 0 0 0 0 0 0 0 0 0 0 0 0 0 0 1 0 0 1 3 3 10 29 4 7 5 4 2 6 29 23 27 44 11 15 8 15 34 24 43 29 38 35 40 42 41 23 17 17 16 14 5 4 15 18 32 54 72 58 51 38 69 75 26 52 62 54 32 19 21 21 12 20 20 29 49 44 43 33 34 43 43 45 51 47 46 25 11
0 0 0 0 0 0 0 0 0 0 0 0 0 0 0 0 0 0 0 0 0 0 0 0 0 0 0 2 2 2 6 28 8 13 13 15 18 21 17 20 32 37 28 38 43 30 37 55 46 48 48 31 29 30 30 24 26 25 20 8 9 25 47 52 57 60 56 50 38 32 55 66 28 44 44 39 29 12 28 22 35 40 30 25 40 42 35 30 37 61 59 57 38 25 27 10
0 0 0 0 0 0 0 0 0 0 0 0 0 0 0 0 0 0 0 0 0 0 0 1 0 0 0 0 1 3 1 3 14 10 26 28 18 4 6 6 16 24 24 34 50 56 45 32 53 50 38 52 50 35 27 42 24 24 22 8 15 33 54 64 73 71 49 40 64 49 30 23 49 48 26 35 20 18 43 45 14 14 19 28 32 27 47 39 48 35 40 28 19 20 12 11
0 0 0 0 0 0 0 0 0 0 0 0 0 0 0 0 0 0 0 0 0 0 0 1 1 0 0 1 1 1 1 1 1 2 3 4 5 5 6 5 4 11 10 15 36 41 31 54 55 56 54 51 49 47 48 43 40 24 22 6 23 39 51 69 73 64 47 54 50 66 40 34 16 12 18 18 40 27 15 23 21 35 35 46 43 38 55 53 35 25 27 32 21 9 11 12
0 0 0 0 0 0 0 0 0 0 0 0 0 0 0 0 0 0 0 0 0 0 0 1 0 0 0 1 1 2 3 1 5 7 12 14 13 12 14 7 7 9 32 42 47 33 44 44 53 58 58 53 52 51 46 46 39 27 14 5 11 34 65 72 60 70 48 54 50 39 74 40 22 12 5 33 16 27 22 27 33 50 54 50 42 57 47 44 29 27 29 28 17 12 17 20
0 0 0 0 0 0 0 0 0 0 0 0 0 0 0 0 0 0 0 0 0 0 0 0 0 1 0 1 1 2 1 4 5 4 6 10 8 11 5 11 31 43 22 26 23 38 38 38 53 48 60 61 54 51 47 49 30 26 16 12 11 21 45 68 81 67 44 54 44 34 27 34 32 5 3 8 34 36 42 35 35 40 46 58 53 37 47 37 56 39 28 24 10 21 12 39
0 0 0 0 0 0 0 0 0 0 0 0 0 0 0 0 0 0 0 0 0 0 0 1 1 0 0 1 1 1 1 10 3 4 7 10 12 9 15 17 39 34 35 35 41 45 51 47 63 58 61 56 56 51 51 34 28 24 27 13 17 23 44 56 71 55 62 63 47 58 46 38 27 7 7 13 21 20 32 27 30 33 36 44 38 36 41 49 57 57 32 32 24 29 24 44
0 0 0 0 0 0 0 0 0 0 0 0 0 1 0 0 0 0 0 0 0 0 0 0 0 0 1 0 1 1 3 2 5 8 8 10 11 15 24 22 17 29 38 47 48 54 50 63 62 45 44 46 46 54 56 40 34 28 24 11 19 27 44 51 59 47 38 52 64 42 53 33 25 7 13 17 21 27 19 20 28 31 27 23 27 33 35 38 36 47 46 43 20 37 41 37
0 0 0 0 0 0 0 0 0 0 0 0 0 0 0 0 0 0 0 0 0 0 0 0 0 0 0 0 1 2 4 4 5 6 6 9 16 20 25 23 28 43 49 39 34 53 60 61 50 51 49 51 47 42 42 52 49 32 16 12 19 36 48 52 47 48 35 35 55 66 47 29 18 37 22 9 7 13 20 26 24 30 34 34 25 36 25 44 36 32 42 39 20 34 35 29
0 0 0 0 0 0 0 0 0 0 0 0 0 0 0 0 0 0 0 0 0 0 0 0 0 0 0 1 2 1 1 1 4 4 7 12 14 17 18 20 26 38 29 37 55 53 57 64 46 54 51 51 47 34 39 48 33 33 29 13 14 26 59 58 59 44 38 30 27 24 28 21 16 21 2 6 10 12 13 17 19 22 21 42 37 39 37 39 33 35 40 23 22 37 30 40
0 0 0 0 0 0 0 0 0 0 0 0 0 0 0 0 0 0 0 0 0 0 0 1 0 0 0 1 0 1 1 2 3 3 6 10 12 14 12 31 24 20 25 42 21 39 59 64 66 63 36 41 40 50 52 41 36 41 29 14 6 22 32 52 50 45 70 41 38 30 21 8 11 17 8 10 16 14 14 16 25 25 32 35 40 16 20 19 29 47 38 15 28 45 44 41
0 0 0 0 0 0 0 0 0 0 0 0 0 0 0 0 0 0 0 0 0 0 0 0 0 0 0 0 0 1 1 2 2 3 4 12 7 7 16 13 13 31 46 22 41 44 49 58 51 39 38 50 54 54 53 55 52 46 33 20 10 21 43 43 44 58 65 72 30 33 19 8 7 24 20 6 11 19 27 15 17 23 34 35 27 11 34 33 29 23 17 8 33 43 40 35
0 0 0 0 0 0 0 0 0 0 0 0 0 0 0 0 0 0 0 0 0 0 0 0 0 0 0 0 0 1 2 2 2 3 5 6 5 11 15 19 14 14 21 33 34 42 33 41 44 49 48 62 63 43 48 49 54 37 36 22 15 34 37 47 51 49 58 58 40 33 17 14 15 19 8 6 7 11 18 23 16 46 38 22 31 39 35 30 19 11 10 21 37 41 35 35
0 0 0 0 0 0 0 0 0 0 0 0 0 0 0 0 0 0 0 0 0 0 0 0 0 0 0 0 1 1 1 1 1 2 5 3 12 12 16 8 7 8 15 30 43 41 43 50 56 59 58 58 51 41 37 37 37 37 37 35 23 38 46 54 58 51 38 27 38 44 26 6 9 20 4 6 19 22 25 34 32 25 30 31 35 42 22 28 19 15 16 33 35 35 24 32
0 0 0 0 0 0 0 0 0 0 0 0 0 0 0 0 0 0 0 0 0 0 0 0 0 0 0 0 0 0 1 1 1 1 7 2 2 1 2 6 8 19 32 41 48 46 44 52 41 61 48 46 57 41 48 35 32 37 35 36 25 46 52 47 54 45 33 13 22 30 20 7 11 12 5 3 8 27 31 33 39 20 31 32 34 39 23 20 34 17 31 31 16 36 32 32
0 0 0 0 0 0 0 0 0 0 0 0 0 0 0 0 0 0 0 0 0 0 0 0 0 0 0 0 0 0 1 1 1 5 1 1 2 4 6 7 17 30 27 36 46 55 54 53 43 47 48 50 54 55 52 50 45 36 36 21 38 47 60 71 54 43 28 26 27 19 18 5 7 8 15 8 9 13 27 33 30 38 27 33 37 34 29 10 15 28 25 14 21 24 46 28
0 0 0 0 0 0 0 0 0 0 0 0 0 0 0 0 0 0 0 0 0 0 0 0 0 0 0 0 0 0 1 1 1 1 0 1 1 2 5 25 16 18 29 38 44 53 44 43 41 36 43 48 51 41 51 39 48 49 33 34 39 61 46 55 47 36 27 31 24 12 21 12 5 10 10 7 11 15 17 21 35 30 24 27 34 27 17 6 13 34 15 23 28 25 41 23
0 0 0 0 0 0 0 0 0 0 0 0 0 0 0 0 0 0 0 0 0 0 0 0 0 0 0 0 0 0 1 3 1 0 0 1 1 5 7 11 14 25 30 22 31 38 43 47 36 43 43 47 49 50 52 51 50 49 36 35 35 39 41 37 45 53 32 46 36 15 8 6 8 7 11 15 10 11 12 15 23 24 23 34 39 29 14 7 28 27 25 39 42 26 29 20
0 0 0 0 0 0 0 0 0 0 0 0 0 0 0 0 0 0 0 0 0 0 0 0 0 0 0 0 0 0 1 1 0 0 1 0 2 1 3 13 23 14 13 44 43 27 38 45 45 44 43 47 47 48 49 51 49 34 34 35 35 53 30 31 22 34 50 42 26 17 15 11 5 7 5 6 5 8 17 25 21 29 25 44 46 14 8 27 20 26 35 40 29 15 24 23
0 0 0 0 0 0 0 0 0 0 0 0 0 0 0 0 0 0 0 0 0 0 0 0 0 0 0 0 1 0 1 0 0 0 1 2 1 2 5 8 11 11 21 10 21 22 36 53 40 43 44 46 47 44 49 50 35 24 36 46 34 47 34 33 29 30 28 46 14 9 3 6 3 2 2 6 12 11 13 17 21 21 44 44 23 11 18 23 27 20 22 28 36 23 23 21
0 0 0 0 0 0 0 0 0 0 0 0 0 0 0 0 0 0 0 0 0 0 0 0 0 0 0 0 1 0 0 0 0 0 1 2 2 2 2 4 5 13 12 10 15 45 37 35 37 53 46 43 46 47 48 45 31 22 41 42 57 56 34 31 21 33 30 20 18 5 2 1 2 4 4 11 9 14 14 20 19 29 25 19 13 19 29 31 22 34 27 17 17 21 16 12
0 0 0 0 0 0 0 0 0 0 0 0 0 0 0 0 0 0 0 0 0 0 0 0 0 0 0 0 0 0 0 0 0 1 2 1 1 2 2 1 2 7 18 20 25 23 32 37 49 38 42 56 28 44 44 31 18 39 46 42 66 51 27 33 19 15 18 23 11 1 5 2 2 3 5 7 10 14 20 19 20 33 16 22 15 27 29 29 21 21 24 14 14 18 21 15
0 0 0 0 0 0 0 0 0 0 0 0 0 0 0 0 0 0 0 0 0 0 0 0 0 0 0 0 0 0 0 0 0 1 2 1 1 1 1 2 4 7 12 28 16 20 24 46 32 36 55 45 45 45 30 30 18 35 53 48 49 46 26 27 26 14 12 6 11 1 2 4 4 3 4 7 15 14 26 34 27 29 12 10 13 26 34 33 32 27 21 21 12 15 25 17
0 0 0 0 0 0 0 0 0 0 0 0 0 0 0 0 0 0 0 0 0 0 0 0 0 0 0 0 0 0 0 0 1 1 0 0 1 1 1 1 2 5 10 18 23 16 36 22 42 50 37 38 44 44 32 28 16 32 51 47 33 33 15 15 21 8 12 2 4 1 1 4 1 4 5 8 12 30 59 35 39 15 10 12 21 24 29 28 18 11 14 26 9 10 17 27
0 0 0 0 0 0 0 0 0 0 0 0 0 0 0 0 0 0 0 0 0 0 0 0 0 0 0 0 0 0 0 0 0 0 0 0 0 0 1 2 4 5 10 14 13 9 23 34 36 33 42 35 38 40 41 25 25 29 50 57 37 24 16 8 15 11 2 2 4 1 2 2 2 3 4 10 27 19 23 34 13 9 11 23 22 26 33 26 12 13 17 8 5 6 9 24
0 0 0 0 0 0 0 0 0 0 0 0 0 0 0 0 0 0 0 0 0 0 0 0 0 0 0 0 0 0 0 0 0 0 0 0 0 0 1 1 1 5 4 6 13 7 7 8 17 22 37 36 36 39 27 15 27 36 47 37 45 26 9 6 7 7 3 1 2 0 0 1 2 4 8 17 26 30 29 33 15 8 12 20 20 40 40 28 15 13 15 13 11 5 7 15
0 0 0 0 0 0 0 0 0 0 0 0 0 0 0 0 0 0 0 0 0 0 0 0 0 0 0 0 0 0 0 0 0 0 0 0 0 0 0 1 3 4 2 6 4 6 9 16 18 34 28 35 36 25 22 13 21 33 44 32 25 9 7 6 5 1 2 1 1 0 0 1 1 1 9 28 30 29 18 21 8 11 19 18 20 36 28 9 13 19 9 15 6 6 8 15
0 0 0 0 0 0 0 0 0 0 0 0 0 0 0 0 0 0 0 0 0 0 0 0 0 0 0 0 0 0 0 0 0 0 0 0 0 0 1 2 1 2 5 3 4 6 15 15 25 20 23 27 35 22 9 19 23 52 34 25 14 11 5 9 4 1 1 2 0 0 1 2 3 9 17 19 19 10 11 6 7 17 16 17 19 35 29 5 6 14 8 17 7 6 8 24
0 0 0 0 0 0 0 0 0 0 0 0 0 0 0 0 0 0 0 0 0 0 0 0 0 0 0 0 0 0 0 0 0 0 0 0 0 0 1 0 2 2 2 4 4 9 13 21 24 22 33 26 19 21 12 19 20 38 40 11 9 6 2 1 2 2 0 1 1 1 2 1 3 6 6 17 15 13 5 14 10 15 18 26 18 27 27 8 8 9 4 19 6 6 6 11
0 0 0 0 0 0 0 0 0 0 0 0 0 0 0 0 0 0 0 0 0 0 0 0 0 0 0 0 0 0 0 0 0 0 0 0 0 0 1 1 4 2 5 2 4 11 15 11 14 29 27 18 17 18 10 27 33 21 20 14 4 4 3 1 2 2 1 0 0 1 1 1 5 5 11 9 14 18 9 18 16 13 15 21 13 13 14 11 13 7 5 18 6 6 5 8
0 0 0 0 0 0 0 0 0 0 0 0 0 0 0 0 0 0 0 0 0 0 0 0 0 0 0 0 0 0 0 0 0 0 0 0 0 0 1 1 1 1 6 4 5 12 5 9 17 17 15 16 14 14 14 23 23 21 9 7 2 2 2 1 1 1 1 0 0 2 1 2 5 10 10 13 17 20 11 14 14 18 14 15 9 7 11 9 8 7 6 15 5 4 5 6
0 0 0 0 0 0 0 0 0 0 0 0 0 0 0 0 0 0 0 0 0 0 0 0 0 0 0 0 0 0 0 0 0 0 0 0 0 0 0 1 1 1 3 4 5 5 6 7 11 12 11 12 10 11 15 11 13 18 6 2 3 1 1 1 0 0 0 0 0 0 1 5 11 9 8 10 12 5 8 10 11 15 13 14 8 10 13 15 9 7 4 9 8 2 5 6
0 0 0 0 0 0 0 0 0 0 0 0 0 0 0 0 0 0 0 0 0 0 0 0 0 0 0 0 0 0 0 0 0 0 0 0 0 0 1 0 0 0 2 1 4 3 4 3 9 12 8 8 7 7 9 12 9 11 5 2 1 1 0 0 0 0 0 0 0 1 1 4 6 4 6 7 4 5 11 9 9 13 13 5 8 7 10 11 6 6 3 6 6 2 2 7
0 0 0 0 0 0 0 0 0 0 0 0 0 0 0 0 0 0 0 0 0 0 0 0 0 0 0 0 0 0 0 0 0 0 0 0 0 0 1 0 0 0 2 1 3 2 3 6 5 7 7 6 6 11 11 5 7 4 3 1 1 1 0 0 0 0 0 1 0 0 2 4 9 12 15 5 5 5 8 12 14 7 10 4 7 10 7 7 4 5 3 4 5 4 1 2
0 0 0 0 0 0 0 0 0 0 0 0 0 0 0 0 0 0 0 0 0 0 0 0 0 0 0 0 0 0 0 0 0 0 0 0 0 0 2 1 0 1 0 2 2 1 4 2 4 4 3 4 4 8 10 4 3 2 2 1 0 0 0 0 0 0 0 0 0 0 1 3 6 18 11 5 5 7 6 12 10 8 6 5 3 6 6 7 4 5 1 3 2 2 1 1
0 0 0 0 0 0 0 0 0 0 0 0 0 0 0 0 0 0 0 0 0 0 0 0 0 0 0 0 0 0 0 0 0 0 0 0 0 0 1 1 0 1 0 2 1 1 2 1 2 3 4 2 2 4 4 9 1 1 1 0 0 0 0 0 0 0 0 0 0 0 2 3 3 15 8 3 7 6 5 5 8 6 4 3 3 5 4 6 3 2 1 2 2 1 1 0
0 0 0 0 0 0 0 0 0 0 0 0 0 0 0 0 0 0 0 0 0 0 0 0 0 0 0 0 0 0 0 0 0 0 0 0 0 0 0 1 0 0 0 1 0 1 1 1 2 1 2 1 2 1 3 2 2 1 0 0 0 0 0 0 0 0 0 0 1 1 1 3 5 6 4 6 5 5 5 3 4 5 5 2 2 4 3 3 3 1 1 2 1 1 1 0
0 0 0 0 0 0 0 0 0 0 0 0 0 0 0 0 0 0 0 0 0 0 0 0 0 0 0 0 0 0 0 0 0 0 0 0 0 0 0 0 1 1 1 0 0 0 0 1 1 0 1 1 1 1 1 2 1 1 0 0 0 0 0 0 0 0 0 0 1 1 4 4 5 2 6 4 5 7 5 3 2 3 2 2 3 4 1 2 1 1 1 3 1 1 1 0
0 0 0 0 0 0 0 0 0 0 0 0 0 0 0 0 0 0 0 0 0 0 0 0 0 0 0 0 0 0 0 0 0 0 0 0 0 0 0 0 1 1 0 0 0 0 1 0 1 0 1 1 1 1 1 0 0 0 0 0 0 0 0 0 0 0 0 0 1 1 3 5 1 2 3 2 5 3 2 1 1 1 2 2 1 1 1 1 1 0 0 2 1 1 1 0
