sesion_6_simulaciones/modelos_agentes/ejemplos_netlogo/scenarios/echam4_a2/rob_2099.asc
NCOLS 322 
NROWS 307 
XLLCORNER 451900 
YLLCORNER 4086900 
CELLSIZE 100 
NODATA_value -9999 
[rows 0 to 71 of 307, columns 192 to 287 of 322]
3 2 2 1 4 8 4 2 2 3 5 2 2 2 3 2 2 2 4 4 5 6 5 6 12 25 14 29 33 61 28 10 11 3 2 3 7 7 5 18 22 10 10 31 31 27 15 19 23 23 9 8 7 7 3 3 2 11 2 1 0 0 0 1 1 0 1 1 0 1 0 0 0 0 1 0 0 1 1 0 0 0 1 1 2 1 3 2 1 1 0 1 1 3 0 0
3 1 2 2 3 7 1 3 6 4 4 3 5 5 4 4 7 1 4 7 10 6 4 5 7 34 13 17 13 23 64 36 8 5 3 2 4 7 14 11 20 7 4 13 15 16 22 14 19 41 48 18 6 4 3 2 6 5 7 1 1 0 1 0 0 0 1 0 1 0 0 1 0 1 2 1 2 1 1 1 1 1 2 1 2 1 2 2 2 2 0 1 1 1 0 0
1 2 1 1 4 3 3 1 1 3 4 5 10 13 7 14 9 9 17 19 22 12 10 7 5 8 7 3 3 9 12 43 33 9 10 5 4 4 9 3 2 4 18 30 25 32 24 23 26 33 26 14 11 4 5 10 3 2 4 1 1 1 1 0 0 1 0 0 0 1 0 0 0 1 5 1 5 3 1 2 1 1 2 3 2 1 1 1 3 1 1 3 1 2 0 0
2 1 4 5 2 2 2 2 2 8 3 8 15 12 10 22 16 8 16 31 27 29 26 17 15 11 2 4 4 2 6 13 5 9 8 8 9 4 4 3 10 17 10 9 15 39 27 24 6 10 5 4 3 7 4 6 5 1 3 3 3 1 0 1 0 1 1 1 2 1 1 1 0 0 3 1 2 1 2 2 1 1 2 3 2 1 1 3 4 1 2 2 1 2 0 0
1 1 2 1 5 6 5 3 7 7 8 5 8 8 11 23 14 20 28 35 37 27 23 28 18 29 17 28 23 6 4 1 6 4 5 9 3 1 3 5 8 9 13 17 13 16 11 14 23 25 21 9 5 3 14 16 2 3 1 1 3 1 1 1 0 1 1 1 0 0 0 0 0 0 1 1 1 3 7 8 4 1 1 4 4 3 0 3 3 4 4 1 2 3 1 0
1 1 3 2 1 2 9 2 10 9 6 12 4 14 20 25 35 30 10 14 28 17 13 25 25 28 16 32 27 12 13 8 4 3 2 1 1 3 1 2 6 11 16 25 38 48 42 39 25 10 8 6 10 15 36 12 4 3 1 5 6 3 1 1 0 1 0 1 1 1 2 1 1 1 1 2 3 3 4 2 2 7 4 4 5 4 1 2 3 3 1 2 2 2 1 0
1 1 1 3 2 1 11 3 2 6 10 38 18 7 23 36 30 34 15 5 11 25 34 43 22 22 29 24 28 27 23 19 20 19 12 4 6 8 4 1 5 11 20 24 48 24 23 23 31 16 18 47 10 21 32 9 5 7 2 5 4 3 1 1 2 1 1 1 2 1 1 1 1 3 3 2 1 2 5 5 2 8 4 2 1 7 2 2 2 2 2 3 4 7 1 1
1 1 1 2 5 4 12 17 3 2 4 8 33 7 3 12 7 17 18 9 7 20 11 22 21 17 24 18 30 29 29 30 30 32 32 16 22 12 6 3 7 22 30 35 37 35 34 58 70 54 46 16 31 24 32 14 5 1 2 2 2 1 0 0 0 1 1 1 2 1 1 1 2 3 5 3 1 4 8 3 7 17 9 3 1 7 5 2 3 6 4 4 11 4 2 1
1 2 2 1 4 3 8 24 29 8 4 5 12 29 14 9 6 23 31 19 15 32 9 19 45 28 24 29 31 42 41 42 47 43 31 29 18 10 3 6 14 19 31 33 55 49 38 44 60 63 38 18 57 32 29 9 2 10 13 5 4 2 3 1 1 3 1 1 0 1 1 1 2 3 3 2 1 2 3 4 8 15 6 4 2 3 4 2 2 10 5 7 5 7 2 3
1 2 2 2 3 1 8 8 33 22 16 10 10 19 24 11 12 9 36 34 33 44 16 19 37 39 29 28 22 37 10 29 53 52 41 21 13 11 6 7 7 14 25 32 53 24 20 64 39 26 17 79 49 41 18 6 9 13 8 7 3 15 10 2 2 0 1 1 1 1 1 2 3 2 2 1 1 2 10 3 1 8 8 8 5 2 6 2 3 3 4 13 7 10 3 14
1 2 3 4 2 1 1 1 3 14 9 6 6 26 18 13 23 5 13 37 28 53 61 23 29 27 54 35 13 34 46 17 7 7 15 36 21 13 7 7 12 15 35 58 25 49 51 57 15 20 62 70 36 38 12 6 9 9 4 5 17 21 4 1 1 1 1 1 2 2 3 2 3 4 3 2 1 1 2 4 4 13 25 9 13 5 3 6 1 5 15 4 7 4 4 30
4 3 2 3 4 4 3 2 2 2 3 4 9 11 11 11 11 24 18 23 51 57 52 36 8 21 53 43 21 22 51 53 14 6 7 10 30 14 1 6 31 37 42 21 11 12 42 15 21 54 80 68 42 23 7 19 10 4 5 27 16 11 1 1 1 1 2 1 1 2 2 2 4 6 7 5 2 1 5 4 5 35 14 25 13 11 6 3 2 11 10 4 14 3 14 47
7 4 4 9 9 10 11 6 13 9 10 8 5 5 6 8 11 44 41 22 19 42 41 37 10 23 39 35 31 15 14 32 14 4 2 3 14 20 3 8 28 32 32 49 46 39 66 15 36 74 68 39 8 23 35 32 21 19 41 33 3 2 2 1 1 1 1 1 1 1 1 1 4 8 11 6 3 1 5 7 23 26 6 14 22 12 10 2 3 12 9 6 19 4 16 25
21 12 8 10 11 12 10 10 11 15 18 26 12 11 9 10 10 8 10 11 21 21 13 23 20 29 33 37 17 9 12 21 21 15 2 2 7 17 11 16 16 31 29 18 19 61 37 24 56 44 28 9 17 29 29 25 36 33 18 2 5 6 3 1 1 0 0 0 1 1 2 4 4 4 5 8 5 1 3 7 26 8 5 17 38 15 13 6 2 4 5 7 12 5 15 13
5 20 18 22 13 15 7 13 6 8 20 19 18 21 26 29 30 19 8 11 10 9 8 21 24 25 21 15 6 3 13 16 16 12 4 3 12 22 24 15 16 20 29 20 12 27 21 25 28 23 6 12 20 21 27 26 21 3 8 8 7 4 5 12 12 5 3 1 1 2 3 2 5 5 4 4 3 1 3 9 13 5 3 34 46 43 20 24 12 3 4 8 7 7 23 19
11 22 31 12 19 38 16 7 15 13 11 21 21 32 39 34 35 19 17 21 18 11 8 8 24 17 7 5 3 4 4 16 22 25 16 7 10 16 18 25 18 21 21 16 7 11 36 39 22 12 22 15 13 20 18 19 5 16 11 6 6 14 22 9 6 10 2 1 3 0 3 16 5 4 7 10 14 8 3 10 12 5 2 5 20 49 10 7 10 13 3 12 5 8 30 26
40 7 48 22 22 39 50 51 16 6 12 14 30 31 32 30 41 39 33 36 36 38 25 14 9 10 22 21 13 9 2 3 5 10 18 14 16 18 18 30 20 19 16 16 12 8 10 9 22 38 21 37 29 16 11 20 20 14 10 6 14 14 25 13 13 3 1 3 1 2 3 1 6 2 7 13 21 14 11 3 23 10 7 2 6 29 38 10 4 6 2 3 7 15 10 11
22 5 38 19 39 43 48 24 58 56 25 31 36 13 16 19 35 40 35 34 35 40 40 22 20 21 36 28 21 16 3 2 2 2 6 13 16 16 18 21 22 21 13 9 3 16 28 43 42 31 31 45 37 33 14 19 15 25 18 11 30 29 20 12 4 3 3 4 2 2 1 1 5 6 11 12 14 20 17 6 4 9 9 7 3 11 21 14 11 2 5 0 7 12 5 5
21 20 24 30 20 45 50 24 31 66 31 55 70 44 30 21 37 57 58 48 51 39 26 21 32 21 37 33 45 19 21 19 22 13 10 8 13 10 18 19 11 8 4 8 24 35 49 44 34 34 42 44 34 21 30 29 26 19 12 15 27 14 6 2 4 3 2 12 5 1 2 1 6 8 1 5 24 17 24 20 5 4 23 11 7 3 12 16 15 6 1 1 10 5 1 1
34 10 17 33 28 36 67 27 17 52 62 73 77 64 67 54 21 37 40 54 38 35 35 32 34 32 32 42 42 42 33 28 28 28 24 16 11 10 9 8 4 3 16 26 51 43 43 50 27 43 46 29 38 32 32 27 5 3 7 16 39 14 3 7 8 5 8 9 3 3 2 1 2 10 7 2 6 9 18 22 24 7 7 16 12 4 2 9 18 12 1 1 6 1 5 9
66 26 26 30 9 27 59 34 51 36 60 47 68 40 52 58 23 17 37 59 39 52 35 21 50 42 32 28 38 36 31 21 28 26 35 27 23 13 7 2 3 10 31 49 49 51 27 23 45 60 35 34 43 45 50 35 14 7 10 17 25 6 4 10 6 4 4 1 4 7 5 1 1 3 13 5 2 4 36 16 19 10 3 9 12 3 4 13 8 8 1 1 1 2 9 23
48 14 41 42 15 11 34 68 20 42 78 72 77 53 49 26 29 8 21 69 66 46 33 32 23 26 12 13 23 24 33 32 23 22 38 32 24 22 14 5 9 26 37 42 29 40 34 47 41 33 22 29 30 55 51 46 35 20 11 12 9 3 7 6 7 5 4 2 3 7 3 1 1 2 12 7 3 3 9 25 20 18 7 4 13 4 6 11 6 2 2 7 3 6 19 26
70 21 63 70 38 24 25 50 22 25 81 69 55 33 17 39 31 28 10 25 33 55 73 74 47 19 38 27 14 24 24 21 16 20 29 44 35 16 7 3 6 31 46 45 21 25 12 25 12 13 8 22 33 18 29 51 28 13 4 35 10 3 5 5 3 4 12 4 5 2 2 2 4 8 26 8 4 6 14 40 21 11 6 2 5 10 6 10 4 2 6 29 11 10 9 20
68 58 51 74 24 36 39 55 52 27 29 25 31 61 29 20 46 43 25 38 42 44 72 62 57 27 36 41 32 13 17 17 18 17 21 27 35 16 8 2 10 14 12 24 16 10 16 16 24 18 10 20 14 17 16 10 4 9 26 19 4 5 6 3 5 11 6 4 7 4 2 3 5 11 13 6 9 8 18 35 24 30 13 4 3 5 6 11 2 3 8 6 16 23 9 10
44 35 52 53 40 19 51 66 45 21 41 27 30 53 57 34 41 49 42 22 24 34 44 37 36 27 34 49 46 27 18 14 13 15 17 21 14 27 10 2 5 14 29 30 32 38 39 33 23 24 29 13 7 3 4 6 11 10 40 15 3 11 5 2 7 18 4 9 10 5 3 3 7 22 12 7 17 12 16 32 25 26 25 15 4 2 7 4 2 13 13 11 11 10 30 8
26 36 24 57 30 15 61 70 49 26 24 35 35 26 55 53 32 25 36 38 21 22 35 41 36 30 21 44 66 24 21 15 7 5 6 5 17 13 21 5 9 17 17 22 36 32 40 18 15 26 22 29 19 27 15 13 12 26 35 3 5 7 3 2 6 13 6 7 8 7 3 3 11 30 8 15 20 10 8 17 17 27 19 8 10 2 2 5 11 23 22 20 23 11 6 16
21 27 17 21 15 42 61 54 37 23 13 26 26 16 15 39 44 42 36 39 23 20 25 33 15 21 21 21 28 39 35 13 7 4 4 8 14 9 18 10 6 7 10 19 25 27 17 18 26 21 32 25 19 23 29 35 43 63 20 3 5 5 2 3 21 14 3 9 11 7 5 3 9 31 9 9 13 18 5 9 18 28 11 8 3 2 4 14 28 22 24 16 17 22 24 7
17 16 9 5 6 8 12 17 15 11 8 7 7 4 7 13 18 16 26 37 23 20 19 17 9 10 28 22 22 27 36 27 27 15 6 7 11 8 19 7 7 4 10 11 15 18 30 23 16 38 23 23 23 20 29 65 49 37 4 9 9 4 7 11 41 7 12 6 7 9 9 5 16 35 16 10 13 23 6 9 18 25 16 20 9 1 5 13 13 8 7 5 4 5 12 10
7 10 11 11 5 2 3 3 5 2 3 2 2 3 3 3 4 4 6 12 17 14 13 8 9 11 29 23 23 19 19 19 13 12 18 10 7 7 11 7 6 14 37 35 34 33 43 56 18 31 18 16 17 13 54 48 22 4 10 12 8 6 11 32 13 5 13 7 9 13 9 5 11 33 48 21 18 16 9 8 19 30 24 15 8 1 5 6 4 10 10 11 10 7 5 9
13 22 19 30 19 8 6 5 7 19 19 20 22 24 35 22 21 21 7 2 5 4 4 6 3 17 18 13 18 13 10 7 17 15 10 11 6 3 6 8 18 37 38 36 39 48 46 28 46 26 19 14 19 21 59 20 10 12 16 13 7 6 12 36 8 5 6 13 9 5 4 6 24 39 14 38 25 17 7 4 28 22 29 15 6 1 6 12 19 25 11 16 17 11 8 2
20 30 29 36 28 10 11 33 21 33 33 40 35 37 36 39 38 37 35 22 14 10 11 5 2 2 4 8 15 9 9 8 12 14 11 8 1 2 8 16 39 38 38 52 53 56 50 37 38 53 47 38 23 41 22 11 3 21 14 15 5 7 16 30 12 4 8 14 11 10 2 6 40 13 10 50 38 24 12 5 15 13 25 13 3 3 12 12 11 17 12 9 5 4 4 8
31 31 31 34 24 19 19 36 34 33 32 36 50 37 45 48 41 37 34 36 25 41 38 20 17 14 8 3 3 3 3 3 3 12 9 4 3 7 17 45 41 40 40 39 51 54 54 65 45 42 30 69 46 24 29 26 7 20 21 27 19 10 26 7 3 13 19 8 18 9 3 7 17 15 9 53 25 26 12 8 18 16 15 12 3 8 25 27 26 14 9 4 6 6 4 8
45 43 31 47 36 22 21 27 26 31 50 48 46 52 48 34 36 34 34 35 34 43 43 35 32 32 19 15 10 12 17 26 12 4 5 4 3 7 17 41 37 40 36 41 53 50 58 57 43 44 34 17 36 34 47 8 19 23 15 21 12 13 14 21 26 13 8 7 27 20 8 5 19 13 23 60 24 23 21 10 10 18 15 6 9 17 25 41 40 28 23 9 10 13 10 33
41 42 47 33 32 34 21 35 45 47 52 43 46 35 43 35 34 35 33 48 47 51 39 37 34 52 36 33 20 20 50 25 18 7 2 1 1 7 16 28 22 27 33 34 41 57 33 14 64 56 41 25 42 50 9 7 17 17 15 24 27 24 28 12 9 7 14 12 11 17 14 8 23 17 24 41 35 40 24 11 9 16 8 7 17 18 17 16 9 7 6 10 13 13 48 53
35 35 46 46 46 23 20 33 42 50 47 39 40 39 38 40 30 54 49 49 31 26 30 35 37 40 35 32 32 41 23 20 10 10 9 9 6 5 13 28 25 35 48 36 23 28 20 33 34 43 42 14 30 7 11 6 9 12 11 20 31 35 15 29 17 8 9 10 10 20 26 10 12 17 28 35 39 23 21 12 6 10 9 12 25 10 10 13 22 21 15 10 7 40 28 43
41 56 46 20 39 21 32 29 55 41 36 35 35 52 55 40 44 44 33 53 36 36 22 48 52 33 33 35 59 27 15 16 16 14 22 12 12 14 18 24 37 45 54 23 28 28 25 40 36 33 24 16 20 6 12 5 13 24 28 36 21 12 20 34 12 6 5 7 17 18 17 11 8 18 19 44 43 31 23 12 6 7 15 28 35 33 23 17 18 11 8 24 33 46 30 17
49 62 28 30 46 27 20 49 43 52 24 38 44 38 59 44 25 19 45 41 39 37 15 53 25 23 36 53 24 16 21 32 30 30 25 24 23 19 7 12 31 44 25 20 19 35 66 61 49 34 29 16 13 11 16 21 26 19 12 13 13 16 16 33 15 7 9 9 8 7 10 15 8 18 34 32 28 41 28 14 6 20 36 23 30 42 36 32 27 22 9 21 25 29 34 14
29 46 18 22 42 25 23 49 36 44 14 29 46 31 50 26 25 29 43 50 44 24 27 20 23 39 64 18 15 31 31 32 34 33 27 23 20 21 9 7 6 8 14 21 35 62 67 50 69 31 24 13 26 19 21 13 9 5 15 15 10 22 18 18 8 31 37 33 23 23 15 17 9 17 21 18 26 33 17 5 11 32 47 53 44 50 52 38 27 23 22 32 12 5 31 23
36 14 17 16 31 16 18 39 50 35 10 33 46 35 35 42 23 39 61 49 36 18 40 23 42 52 16 20 34 36 29 28 46 33 42 28 25 27 28 17 18 16 14 30 70 55 70 33 40 54 22 22 36 24 21 15 10 17 42 38 24 21 48 21 29 22 34 42 22 16 18 18 11 8 14 25 17 27 8 3 16 27 23 36 36 17 29 9 6 7 4 50 35 19 15 9
51 25 16 11 19 11 23 31 56 22 11 22 29 30 35 18 17 67 41 13 17 40 39 32 45 27 29 33 47 51 35 44 44 43 25 38 28 41 30 28 17 8 3 10 45 44 49 23 16 14 10 21 26 32 22 34 33 32 20 25 41 40 20 39 33 36 13 36 60 27 16 12 10 5 11 17 12 20 11 11 24 33 28 27 20 10 12 15 23 40 53 77 53 21 16 7
26 26 11 12 16 7 12 22 26 13 7 14 35 33 12 26 23 33 14 10 20 51 60 49 40 46 34 34 46 37 35 63 49 24 25 42 31 46 42 25 21 14 11 10 3 9 7 7 17 32 44 39 46 41 33 40 27 21 38 57 66 62 39 49 9 69 56 18 20 61 57 42 28 15 4 14 15 9 8 12 26 21 17 27 17 17 37 42 38 26 37 64 33 24 19 9
17 10 6 11 9 7 4 13 15 7 4 9 25 17 17 21 14 11 4 16 33 46 40 21 21 14 14 51 48 34 48 53 38 23 31 41 44 45 43 15 18 15 19 18 19 8 4 12 23 27 38 33 41 34 24 23 31 44 32 79 69 37 30 73 47 27 69 36 21 16 31 36 44 42 24 14 9 9 7 12 31 24 16 17 25 36 42 51 37 51 42 52 48 39 22 10
8 5 2 5 4 3 3 3 5 2 2 4 7 3 7 11 6 9 7 19 41 20 19 25 17 20 15 53 48 33 64 48 24 35 34 47 48 62 51 32 28 13 28 25 20 11 4 6 23 23 20 26 42 31 42 47 24 52 55 79 26 8 36 75 39 43 31 69 37 11 17 24 42 37 38 37 15 8 4 10 23 24 20 15 18 32 64 42 26 69 40 38 46 20 13 11
2 1 1 2 2 1 2 1 4 4 2 2 3 3 9 15 12 20 9 16 34 20 19 23 19 16 18 49 45 31 58 38 37 37 35 51 49 51 27 33 47 37 30 18 12 5 2 2 13 24 22 34 45 35 31 39 21 37 67 41 25 14 59 76 57 20 16 25 53 28 18 17 22 18 45 24 20 10 6 9 18 23 25 18 43 60 76 46 39 73 40 18 24 40 16 7
1 0 1 2 1 2 3 9 9 27 25 18 2 5 9 14 22 9 9 24 24 15 18 12 15 22 14 39 42 46 37 35 33 37 37 50 65 48 36 32 63 52 16 10 11 5 2 4 20 25 44 40 39 39 22 24 40 65 77 35 21 24 38 75 70 50 23 8 46 49 35 19 20 21 57 25 14 11 7 19 23 31 28 33 38 27 30 26 41 39 54 43 43 38 10 2
1 0 1 2 6 11 20 22 11 12 19 25 27 14 5 7 8 6 9 11 7 13 14 18 29 21 23 52 38 58 30 32 30 40 45 62 67 40 44 42 57 36 25 17 15 21 17 2 11 31 24 32 28 20 20 34 49 67 55 49 25 23 28 85 56 52 49 8 38 62 53 20 19 22 28 46 23 7 8 24 23 33 46 49 45 30 31 22 31 32 41 32 24 10 3 6
1 2 1 1 2 4 13 5 5 4 13 20 15 23 6 5 7 13 17 8 7 12 11 21 40 28 20 44 42 36 23 37 28 40 38 55 44 40 56 32 22 21 37 37 31 33 23 10 6 13 36 25 23 33 29 13 39 38 47 78 42 38 50 65 54 16 50 27 33 42 40 41 28 17 13 79 26 6 11 20 33 37 27 60 40 34 35 26 25 16 16 12 9 9 12 23
3 6 2 1 5 5 5 10 6 14 23 16 23 36 32 12 15 12 7 6 11 12 14 16 25 20 16 38 38 18 28 29 31 35 49 57 47 43 23 14 15 31 33 34 48 37 37 13 5 4 13 27 30 40 37 23 40 45 32 47 48 50 55 67 74 21 40 42 31 59 48 30 38 28 28 31 23 5 11 20 32 35 51 67 42 45 35 26 38 13 10 7 8 14 24 25
2 5 15 4 2 3 10 9 26 12 12 14 48 19 16 51 39 4 7 8 8 10 13 13 16 14 17 40 27 22 25 24 32 48 53 33 16 16 29 30 39 40 39 32 49 52 41 17 5 2 4 47 33 26 46 31 48 42 35 39 49 38 41 54 82 23 20 37 29 32 42 29 28 27 24 26 17 13 8 20 26 33 73 55 27 22 21 23 22 3 4 14 15 20 24 20
13 12 16 24 4 1 3 22 25 29 5 8 20 22 41 46 24 45 36 13 7 15 15 6 12 10 24 23 22 19 23 18 32 49 58 27 28 25 41 40 57 63 48 52 65 42 25 11 2 1 3 7 12 20 51 38 56 53 38 37 35 21 9 27 64 41 28 29 30 29 31 44 33 32 20 19 15 11 10 24 33 38 46 38 23 20 11 12 5 12 14 17 29 32 21 19
9 5 8 41 6 6 6 8 9 16 12 3 17 60 67 57 28 17 41 21 30 33 21 7 15 14 33 30 26 35 21 22 27 28 32 20 26 35 39 47 21 24 57 78 37 29 27 12 3 4 6 5 5 7 28 54 58 71 39 41 39 24 14 55 69 40 40 29 29 33 41 44 29 21 28 22 20 12 16 28 29 47 39 21 16 10 11 22 20 30 31 32 30 29 14 15
4 10 10 47 42 5 9 6 10 11 13 7 24 31 30 32 50 62 27 7 26 7 37 48 66 56 45 21 43 30 45 25 22 15 55 42 48 43 23 24 10 3 51 51 51 40 40 27 13 22 24 16 6 2 5 18 20 43 25 36 33 20 23 43 54 58 42 33 38 12 18 25 36 20 14 15 19 12 14 21 35 36 33 24 12 18 33 31 37 29 28 45 34 23 18 14
4 6 10 13 48 38 15 8 9 11 11 12 25 51 62 62 22 57 51 13 33 29 14 24 42 23 37 19 43 14 7 24 17 18 38 78 59 40 21 65 31 32 41 45 60 43 27 25 35 41 33 18 4 2 3 3 3 14 11 36 33 19 38 53 47 62 48 34 29 25 26 28 25 20 16 10 18 12 6 11 16 18 26 20 11 27 29 32 35 31 30 24 55 27 15 9
2 4 9 2 14 65 17 12 7 7 12 18 15 27 35 51 53 65 37 39 43 24 7 34 48 23 24 22 27 52 36 43 40 21 29 70 80 88 86 82 67 52 50 60 59 44 41 38 61 30 22 24 22 21 16 14 8 5 5 11 14 20 26 56 53 55 53 42 29 27 23 18 18 14 13 8 9 8 4 8 11 12 5 8 9 9 16 33 42 17 19 31 27 22 11 20
5 3 10 28 21 40 65 21 23 10 7 9 12 17 45 33 60 76 12 17 55 48 17 9 67 70 35 24 39 51 21 23 31 23 22 49 73 78 75 45 62 63 39 44 49 53 70 71 50 16 30 40 37 36 38 52 50 20 9 10 9 11 19 24 40 65 46 41 25 33 24 13 18 15 14 8 8 6 4 7 4 12 18 24 28 18 21 21 33 30 23 21 23 20 30 27
10 3 3 22 42 47 76 50 21 21 17 15 14 20 19 12 45 30 19 52 80 27 14 9 14 55 27 35 33 55 52 35 43 41 38 79 67 44 36 26 37 19 18 71 42 64 79 77 53 43 57 48 48 37 33 15 24 19 15 12 11 11 18 21 15 37 48 39 34 30 18 9 9 10 10 9 8 3 3 4 8 15 14 22 33 47 42 40 43 35 24 29 24 20 16 29
18 14 12 9 11 14 23 55 25 37 25 15 13 18 34 14 39 21 45 34 75 30 18 17 10 23 26 37 16 54 60 31 31 36 53 73 69 31 21 34 30 24 25 39 56 42 41 29 38 45 43 50 49 50 54 22 16 28 15 11 11 11 18 16 13 25 38 44 32 16 13 6 7 11 12 10 3 2 3 10 12 16 28 34 16 13 30 64 28 39 36 36 35 25 27 30
8 11 29 12 12 35 32 63 65 46 43 18 15 13 16 22 28 33 26 40 68 78 50 27 9 10 25 7 22 58 68 41 33 41 38 40 45 33 24 30 28 26 28 29 65 40 43 30 23 23 31 17 23 22 41 33 10 27 15 12 9 9 10 13 14 21 31 24 22 15 14 9 8 8 7 3 2 3 8 9 12 13 13 15 12 28 51 51 52 50 47 38 38 43 31 39
19 22 9 8 11 22 33 46 67 44 34 28 13 9 12 24 12 17 34 75 67 70 57 47 26 8 32 32 11 17 51 36 45 40 21 25 34 59 28 24 30 21 17 27 49 43 50 35 30 26 27 25 11 16 28 30 16 28 24 10 8 8 9 11 11 17 19 15 21 12 11 6 6 8 4 2 2 5 7 10 6 10 13 24 30 41 39 55 32 30 20 19 28 36 32 16
32 39 15 8 3 22 19 34 58 61 28 30 19 17 21 25 14 39 62 77 45 47 55 26 20 19 11 23 34 6 32 50 31 36 23 37 37 26 29 28 39 32 13 15 26 41 51 42 45 36 39 27 22 12 10 21 17 23 35 18 13 6 6 6 6 12 14 15 12 8 5 5 4 2 1 1 3 5 6 5 3 13 14 25 38 36 45 38 33 22 17 28 30 26 19 18
39 38 22 20 6 7 20 31 74 30 33 22 16 17 17 21 17 36 71 49 8 30 78 30 20 23 11 16 17 31 29 30 25 28 32 22 20 13 14 29 46 25 14 12 14 25 49 35 50 36 30 28 20 15 6 9 13 13 19 16 8 5 4 3 4 8 5 8 10 7 6 4 1 0 1 3 3 5 9 10 8 20 33 38 28 34 56 47 32 28 34 25 26 30 26 12
35 40 25 14 15 11 23 27 69 36 16 36 28 17 16 16 14 54 52 29 52 57 70 54 28 17 22 38 14 45 35 33 34 24 40 23 26 23 9 24 17 14 17 31 40 44 48 39 60 61 54 44 24 20 6 5 9 13 13 18 11 5 3 3 2 4 4 6 7 6 6 2 0 0 3 5 5 8 8 10 10 17 20 19 28 37 39 46 47 44 42 32 32 17 27 23
32 28 23 17 17 19 12 21 41 67 37 22 32 19 18 16 21 46 37 43 33 46 69 53 34 45 19 28 31 54 32 26 31 32 21 15 26 23 21 20 8 10 19 58 37 29 50 31 47 54 64 48 39 31 13 7 4 8 12 12 12 4 3 2 3 3 4 7 6 4 3 1 0 1 3 4 4 7 9 10 14 16 27 23 26 22 39 43 38 34 32 50 32 36 48 26
30 33 20 16 21 20 19 24 29 48 53 21 18 20 21 23 24 25 33 39 40 51 78 51 44 29 42 26 30 49 33 14 21 23 29 15 18 24 16 11 7 15 42 62 20 36 39 22 43 42 44 56 50 43 40 26 9 4 5 7 6 6 3 2 2 3 4 3 2 2 0 0 1 2 3 6 5 9 13 8 20 22 24 16 16 22 27 21 32 43 29 34 26 14 23 23
79 56 40 15 13 22 18 23 28 43 56 37 31 26 30 23 22 28 27 21 47 43 67 52 29 24 30 35 30 23 44 19 19 24 21 27 21 23 9 12 32 34 45 21 22 32 22 24 30 40 53 53 67 56 50 41 32 10 4 2 4 4 4 2 1 1 1 2 1 0 0 1 1 2 5 4 4 3 5 5 11 12 14 12 7 14 15 18 24 28 36 50 28 23 23 6
46 79 63 39 22 14 15 24 31 37 73 48 37 27 21 19 20 13 22 23 36 38 55 61 32 25 22 24 32 34 33 45 31 18 17 32 24 13 6 18 29 57 37 23 30 29 23 18 33 43 32 37 47 57 54 44 32 27 14 3 3 3 3 2 1 1 0 0 0 0 1 1 1 3 4 5 4 7 10 6 9 9 9 9 13 19 19 18 24 36 35 37 26 23 18 24
21 84 34 75 55 44 17 21 25 45 64 43 35 21 20 15 9 11 22 24 38 52 37 56 49 35 30 23 24 33 32 43 35 30 15 27 12 6 13 13 40 41 41 17 21 30 10 15 36 47 30 34 43 47 75 59 50 31 28 7 3 2 2 2 1 1 0 0 0 0 1 1 2 3 5 8 6 9 11 13 10 7 9 11 22 20 16 16 31 31 30 18 20 29 22 19
42 46 32 74 53 59 41 14 20 25 49 48 26 26 18 10 10 12 24 38 17 14 56 58 63 55 46 46 21 17 20 27 26 23 11 13 7 6 9 14 42 22 20 17 15 39 12 16 45 49 41 21 15 12 63 53 50 34 19 13 5 2 2 1 1 1 0 0 0 0 1 1 1 2 5 7 10 15 18 19 26 32 21 28 26 23 16 14 23 22 22 30 39 36 32 25
54 45 43 41 52 35 70 32 13 14 29 36 28 18 15 9 8 20 22 19 33 60 70 70 76 60 49 34 31 20 30 34 27 24 21 15 11 7 16 27 25 19 15 14 23 48 28 28 57 54 60 28 10 5 20 21 34 38 16 11 6 3 1 1 1 1 0 0 0 0 1 0 1 2 3 4 13 19 33 25 31 36 41 32 29 25 18 20 34 21 20 22 23 13 17 16
57 44 53 44 52 24 41 57 13 11 29 35 44 18 10 6 7 11 26 35 61 62 72 65 69 75 46 34 35 31 29 27 24 21 14 8 6 7 10 30 22 14 12 11 11 21 21 17 45 61 46 32 36 12 12 23 14 20 16 15 6 3 1 1 0 0 0 0 0 1 1 2 5 4 5 7 11 23 22 43 48 40 32 40 32 32 32 47 36 13 16 11 15 29 24 23
54 62 67 51 31 28 29 33 23 10 21 29 36 16 7 2 8 17 39 63 50 33 66 60 59 70 54 38 38 31 26 20 17 16 12 6 5 7 25 32 16 12 10 6 9 28 8 19 55 30 42 28 25 16 16 19 20 18 15 11 7 5 1 1 0 0 0 0 0 0 1 2 2 5 6 15 18 31 35 35 53 61 59 59 60 49 49 44 31 24 21 25 16 17 28 23
36 32 45 51 31 35 21 22 26 17 10 18 22 15 6 2 13 26 38 38 44 39 59 80 42 49 45 55 30 26 23 20 16 18 16 5 5 19 39 14 8 5 5 7 13 18 19 63 74 19 11 42 23 17 12 12 23 15 12 8 5 4 3 1 1 0 0 0 0 0 1 2 2 4 6 9 17 13 14 27 37 37 40 48 61 50 56 52 39 37 24 25 36 28 21 19
