sesion_6_simulaciones/modelos_agentes/ejemplos_netlogo/scenarios/echam4_a2/rob_2025.asc
NCOLS 322 
NROWS 307 
XLLCORNER 451900 
YLLCORNER 4086900 
CELLSIZE 100 
NODATA_value -9999 
[rows 222 to 295 of 307, columns 96 to 191 of 322]
1 0 0 0 0 0 0 0 0 0 0 0 0 0 0 0 0 0 0 0 0 0 0 0 0 0 0 1 0 0 0 0 1 1 0 0 0 0 0 0 0 0 0 1 1 1 2 6 10 13 17 20 26 36 36 45 53 65 79 78 80 85 63 78 55 69 54 50 56 49 37 37 26 29 43 45 52 29 31 23 58 46 41 34 34 19 39 53 60 37 25 24 12 7 7 3
1 0 0 0 0 0 0 0 0 0 0 0 0 0 0 0 0 0 0 0 0 0 0 0 0 0 0 0 2 1 0 1 1 0 0 0 0 0 0 0 0 0 0 0 1 1 2 3 6 8 13 11 17 27 43 67 71 52 36 47 50 52 47 54 81 38 39 40 62 53 43 58 26 30 50 43 46 25 44 55 46 80 53 44 37 34 23 22 44 71 51 40 31 13 7 6
0 0 0 0 0 0 0 0 0 0 0 0 0 0 0 0 0 0 0 0 0 0 0 0 0 0 0 0 2 1 1 1 0 0 0 0 0 0 0 0 0 0 0 0 0 1 1 2 4 7 8 14 31 20 40 58 37 34 37 39 17 45 45 40 39 60 25 60 60 50 65 57 19 26 32 44 36 35 48 59 44 32 60 58 37 37 39 20 14 42 72 50 37 20 16 10
0 0 0 0 0 0 0 0 0 0 0 0 0 0 0 0 0 0 0 0 0 0 0 0 0 1 0 1 1 4 2 1 0 0 0 0 0 0 0 0 0 0 0 0 0 1 1 1 3 5 7 10 24 26 16 17 22 26 26 23 50 67 41 48 57 86 75 54 61 58 70 59 39 32 45 56 46 45 56 63 51 29 14 28 63 63 37 32 24 17 43 42 29 21 11 6
0 0 0 0 0 0 0 0 0 0 0 0 0 0 0 0 0 0 0 0 1 0 0 0 0 1 1 1 2 3 1 0 0 0 0 0 0 0 0 0 0 0 0 0 0 1 1 2 3 4 9 15 18 18 21 23 37 34 28 35 20 32 57 51 55 88 66 70 32 70 57 60 43 31 52 64 58 39 55 79 46 42 58 41 38 20 23 34 28 28 14 18 19 13 5 6
0 0 0 0 0 0 0 0 0 0 0 0 0 0 0 0 0 0 0 0 0 1 0 0 0 1 3 3 3 2 0 0 0 0 0 0 0 0 0 0 0 0 0 0 1 1 1 1 3 3 6 7 6 11 14 24 46 45 39 24 27 43 43 54 75 58 54 65 79 60 52 61 60 18 23 44 46 60 71 36 73 61 78 55 72 39 52 35 22 13 12 19 12 7 3 1
0 0 0 0 0 0 0 0 0 0 0 0 0 0 0 0 0 0 0 0 0 0 1 2 1 1 2 5 2 0 1 0 0 0 0 0 0 0 0 0 0 0 0 0 0 1 1 1 3 4 7 8 11 15 14 26 38 62 38 36 27 50 64 77 59 50 55 53 39 54 65 42 31 16 24 40 60 53 80 60 31 26 43 62 43 47 36 30 17 15 11 7 5 6 5 4
0 0 0 0 0 0 0 0 0 0 0 0 0 0 0 0 0 0 0 0 0 0 0 2 1 1 2 9 3 1 2 1 0 0 0 0 0 0 0 0 0 0 0 0 0 0 0 1 2 3 5 6 8 8 21 28 21 22 19 37 25 24 32 46 30 18 33 46 35 48 23 44 39 25 42 26 27 63 40 49 40 30 29 35 21 24 31 34 16 15 5 3 4 3 2 2
0 0 0 0 0 0 0 0 0 0 0 0 0 0 0 0 0 0 0 1 1 1 0 1 3 1 1 6 8 9 2 1 1 0 0 0 0 0 0 0 0 0 0 0 1 1 1 1 1 2 2 3 5 9 15 10 11 14 17 18 23 23 28 34 38 51 56 64 52 53 63 62 43 20 36 50 25 54 49 55 56 49 39 60 35 14 17 11 8 10 4 2 2 2 2 1
0 0 0 0 0 0 0 0 0 0 0 0 0 0 0 0 0 0 0 1 1 1 1 1 1 2 1 2 9 6 2 1 1 0 0 0 0 0 0 0 0 1 1 0 1 1 1 1 1 2 3 4 5 5 4 5 5 6 6 8 8 9 10 34 45 46 29 50 51 49 46 43 41 25 27 46 48 42 46 69 56 54 52 50 36 25 12 10 7 7 5 3 2 1 1 1
0 0 0 0 0 0 0 0 0 0 0 0 0 0 0 0 0 0 1 1 1 1 0 1 5 2 1 2 7 6 3 2 0 0 0 0 0 0 0 0 0 1 1 2 1 1 1 2 4 5 8 8 4 3 4 5 5 7 14 18 14 23 21 18 16 19 27 30 33 47 62 68 66 25 40 31 65 50 58 42 41 52 52 42 36 50 32 15 8 4 3 2 2 1 1 0
0 0 0 0 0 0 0 0 0 0 0 0 0 0 0 0 0 0 0 1 1 2 0 1 2 4 4 5 11 8 5 2 1 0 0 0 0 0 0 0 0 1 1 1 2 3 2 1 2 5 10 17 11 6 8 10 21 24 29 46 40 38 34 26 36 55 37 34 28 44 64 65 66 59 41 59 74 41 62 40 62 62 47 60 40 30 31 26 24 7 2 1 1 1 0 0
0 0 0 0 0 0 0 0 0 0 0 0 0 0 0 0 0 0 0 1 1 1 1 1 2 2 11 9 5 4 2 1 0 0 0 0 0 0 0 0 0 1 1 1 2 2 2 6 3 4 8 10 11 19 15 23 27 35 54 49 37 39 50 39 29 23 39 48 28 38 23 22 24 21 53 21 39 75 50 39 18 33 69 63 37 33 42 19 17 6 6 2 1 1 0 1
1 0 0 0 0 0 0 0 0 0 0 0 0 0 0 0 0 0 0 1 2 2 2 1 1 3 5 13 4 2 1 1 0 0 0 0 0 0 0 1 1 1 1 1 2 3 3 5 8 6 10 12 17 37 19 24 34 39 41 52 52 66 61 59 46 29 42 44 59 43 48 40 44 36 75 36 23 27 31 31 19 8 62 68 48 45 48 41 16 12 8 5 3 3 1 0
1 1 0 0 0 0 0 0 0 0 0 0 0 0 0 0 0 0 0 1 1 2 6 2 1 4 4 14 5 2 1 0 0 0 0 0 0 0 1 1 1 1 1 2 3 4 9 8 10 21 17 28 26 28 30 27 33 38 65 57 62 59 54 68 67 45 34 41 45 38 72 47 35 41 47 57 46 59 56 43 40 26 17 51 46 44 53 35 14 8 3 3 2 1 0 1
2 1 0 0 0 0 0 0 0 0 0 0 0 1 0 0 0 0 0 0 2 2 2 5 1 2 4 9 4 3 1 1 0 0 0 0 0 0 1 1 1 1 1 3 6 8 18 16 12 9 30 47 61 38 35 17 33 36 61 51 74 63 55 51 50 46 29 43 34 70 34 36 36 44 40 26 34 38 40 35 30 26 26 23 37 23 10 19 16 6 4 1 1 1 1 0
1 0 0 0 0 0 0 0 0 0 0 0 1 1 1 0 0 0 0 1 1 2 3 6 2 4 7 13 8 4 3 1 1 0 0 0 1 0 1 1 1 2 2 6 7 13 19 22 24 19 22 40 47 47 37 20 33 43 31 55 72 68 28 73 31 50 48 40 36 57 38 23 29 57 58 43 51 56 56 53 63 33 30 22 16 9 14 11 6 6 2 1 1 1 0 0
0 0 0 0 0 0 0 0 0 0 0 0 1 1 1 0 0 1 1 2 2 1 5 13 6 6 12 11 6 6 3 1 1 0 0 0 1 0 0 1 2 2 3 5 8 15 21 26 29 36 29 44 60 59 47 22 35 47 54 49 59 64 25 54 57 51 62 34 46 42 27 41 50 48 37 31 31 41 45 24 42 50 47 23 22 11 7 7 4 2 1 2 1 1 1 0
0 0 0 0 0 0 0 0 0 0 0 0 1 1 2 1 0 1 1 5 4 1 4 12 11 4 3 28 17 5 3 1 1 0 0 0 1 1 1 2 2 4 4 7 13 13 25 32 38 50 34 53 62 48 56 22 35 43 48 60 53 52 53 54 62 61 54 52 45 31 40 46 51 47 41 33 31 45 41 33 33 29 55 49 24 25 16 5 2 1 1 1 1 1 0 0
0 0 0 0 0 0 0 0 0 1 1 1 1 1 2 3 1 0 1 3 5 3 5 11 20 5 7 34 11 7 5 2 1 0 0 1 1 1 2 1 3 5 5 10 11 15 38 39 45 51 53 48 43 54 79 43 24 47 64 49 38 33 32 59 59 57 53 65 49 29 34 38 52 51 57 50 53 72 59 51 41 37 37 31 28 31 14 8 5 3 1 1 1 0 0 0
0 0 0 0 0 0 0 0 0 1 1 1 1 2 3 4 1 1 4 3 4 7 6 16 30 32 27 34 19 11 5 2 0 0 0 1 1 1 1 3 3 6 10 9 8 14 31 47 54 50 57 63 60 60 83 61 53 19 40 72 55 50 36 36 32 61 64 62 34 31 25 56 50 40 42 41 49 75 59 44 56 26 22 17 18 13 18 12 3 2 2 1 1 1 0 0
0 0 0 0 0 0 0 0 0 1 2 2 2 3 3 6 2 1 3 4 5 10 10 20 38 53 24 33 10 7 6 2 0 0 0 0 1 3 2 2 6 5 11 12 14 28 35 36 55 61 62 63 72 82 84 79 38 22 50 62 69 51 41 44 45 38 29 32 29 28 58 50 28 56 32 37 29 52 45 44 34 38 52 25 12 8 4 3 4 2 1 1 1 1 0 0
1 0 0 0 0 0 0 1 1 2 2 2 4 2 5 8 3 3 2 9 14 13 11 24 40 32 15 8 5 4 2 1 0 0 0 0 1 3 4 2 4 10 4 25 17 24 37 33 42 70 68 49 72 77 77 80 66 33 26 28 44 62 54 46 38 26 11 7 17 27 69 46 43 50 89 76 60 54 50 52 59 54 33 37 24 20 9 6 5 2 1 0 0 0 0 0
0 0 0 0 0 0 0 1 1 2 3 3 6 2 7 9 4 9 3 8 24 21 35 23 48 26 10 7 3 2 2 0 0 0 1 0 1 2 4 5 9 7 7 11 37 23 27 41 59 75 71 62 58 53 63 82 77 38 30 34 46 41 43 38 25 32 22 13 42 49 28 49 67 72 65 81 61 72 57 66 66 47 27 11 13 9 10 7 2 2 1 0 0 0 0 0
0 0 0 0 0 0 1 1 1 1 3 4 10 6 10 16 6 10 16 7 12 25 17 59 32 31 7 5 4 1 0 0 0 0 1 1 1 1 1 1 2 6 13 33 22 28 46 52 50 62 75 78 52 51 41 46 74 63 45 24 32 24 20 13 12 5 16 36 31 44 33 21 31 60 29 61 82 80 70 68 67 41 23 17 12 4 3 2 3 2 0 0 0 0 0 0
0 0 0 1 1 1 1 1 2 3 4 5 9 14 8 22 9 9 23 21 22 38 23 47 48 15 5 3 1 0 1 1 1 0 1 1 1 1 1 4 4 6 12 23 48 34 29 42 49 67 66 70 68 63 47 42 44 66 50 28 31 27 31 25 31 14 11 32 34 42 42 44 47 35 31 29 55 62 69 46 27 24 17 13 7 4 3 2 1 1 0 0 0 0 0 0
0 0 0 1 1 1 1 2 1 3 5 7 10 15 17 38 13 11 29 33 32 48 74 42 20 16 9 3 2 1 2 2 1 1 0 1 1 2 3 4 5 9 14 22 29 55 41 41 53 61 68 60 70 67 56 39 28 52 45 35 19 24 25 29 30 22 14 39 33 33 44 44 75 57 50 37 28 17 42 43 33 12 9 7 7 3 1 0 0 0 0 0 0 0 0 0
0 0 0 1 1 2 1 2 2 3 11 9 10 12 42 40 18 20 25 38 37 59 72 20 31 19 6 5 6 5 6 5 2 1 1 2 2 3 6 3 7 15 26 30 27 46 38 67 55 68 64 83 61 43 42 37 53 20 17 65 27 19 45 36 22 18 31 57 34 29 33 59 81 63 49 40 37 34 24 27 28 16 8 7 6 3 1 1 1 0 0 0 0 0 0 0
0 0 0 2 2 2 1 4 4 5 14 10 24 23 27 40 52 36 42 33 53 51 80 63 29 12 11 12 9 13 11 8 3 1 1 1 3 5 3 8 11 14 32 45 58 47 66 30 17 31 66 35 55 48 57 39 16 11 14 21 33 10 27 22 11 19 48 25 30 30 20 25 17 34 45 36 36 36 24 17 15 8 10 8 7 5 3 3 1 1 0 0 1 1 1 1
0 0 1 2 2 4 1 5 7 7 7 15 11 34 40 23 21 61 46 47 44 66 72 43 27 22 20 19 20 34 11 4 2 2 2 1 1 2 10 10 13 20 28 53 41 64 57 52 41 56 59 16 64 72 62 29 41 29 27 12 49 8 19 16 9 13 19 51 41 20 38 64 53 59 54 45 36 38 34 32 21 17 12 10 7 8 6 1 1 0 0 1 1 1 1 0
0 1 1 2 4 5 2 3 5 11 16 22 13 12 26 56 26 19 67 69 44 65 74 49 49 23 42 56 32 12 6 5 4 2 1 0 1 1 4 8 12 33 42 34 26 44 47 65 68 67 52 45 61 75 74 72 54 21 20 17 38 14 14 15 7 13 30 19 14 15 35 44 46 49 57 58 39 34 21 22 10 7 8 19 14 9 3 1 0 0 1 1 1 2 2 0
0 1 2 3 4 4 6 5 6 5 9 26 11 10 25 46 53 48 14 35 49 70 54 44 35 57 32 15 15 8 8 8 5 2 2 1 2 4 6 7 6 18 25 21 32 42 50 47 67 65 64 57 75 74 65 57 30 44 12 16 17 28 6 13 17 14 6 30 38 40 32 48 60 55 51 55 34 27 18 23 30 20 28 17 12 5 5 2 1 1 1 1 3 2 2 1
1 2 3 3 4 8 7 13 11 10 7 16 39 13 36 35 44 63 48 22 37 70 30 53 75 30 24 22 18 18 11 4 2 2 3 2 2 5 7 8 11 21 21 16 34 47 28 27 53 54 32 26 41 40 48 24 37 23 42 9 15 20 14 9 37 48 23 51 59 37 59 57 67 69 68 66 47 33 35 32 36 26 31 15 11 9 2 1 1 1 1 2 3 5 1 1
1 2 3 2 3 13 18 15 14 13 26 17 26 53 29 36 50 25 69 42 41 36 78 61 45 47 42 38 29 21 10 3 2 2 5 2 2 6 12 17 18 26 37 36 38 28 39 47 35 35 34 30 31 34 32 38 29 26 25 33 6 4 11 33 37 19 32 40 57 45 63 51 53 67 70 53 41 49 38 36 37 34 19 18 9 4 1 1 2 2 3 3 5 4 2 1
2 4 4 3 4 11 13 24 32 16 26 34 37 42 61 36 55 33 28 59 32 36 72 71 61 47 38 37 31 13 10 7 5 2 4 1 2 4 9 21 27 33 23 40 35 46 39 41 47 51 42 31 32 35 41 37 22 19 19 25 12 7 15 8 12 34 38 42 26 38 55 50 58 47 53 72 43 39 19 18 19 18 27 15 8 4 2 1 2 3 4 3 10 3 2 2
2 3 5 4 5 7 13 17 19 31 42 38 40 44 67 67 34 30 38 34 65 69 74 62 63 64 53 44 35 21 12 8 6 3 7 2 2 5 10 20 27 46 42 49 50 52 48 63 44 46 45 37 25 33 30 45 39 16 6 7 10 9 12 11 15 7 5 4 10 49 34 40 54 52 51 39 29 12 11 27 36 29 10 16 17 8 3 4 3 5 4 3 12 4 3 3
3 6 9 9 11 8 10 22 29 30 51 55 56 49 62 67 51 51 41 45 41 70 70 66 47 56 48 44 26 28 20 12 8 6 8 1 6 9 13 14 11 39 53 55 51 59 62 51 46 62 64 60 25 32 41 35 19 18 9 3 4 7 16 10 10 15 24 30 26 29 29 30 33 30 45 19 22 22 15 50 39 15 23 19 15 15 6 8 8 4 4 2 8 4 3 3
4 6 20 12 13 15 14 27 36 37 41 57 55 53 73 54 59 68 54 44 44 61 56 52 47 51 50 43 36 19 17 15 17 12 3 1 5 14 22 29 23 40 59 48 52 59 49 38 53 74 66 60 57 38 42 30 21 20 9 9 9 7 12 9 21 32 52 49 33 40 36 43 34 22 20 27 41 49 28 45 40 34 23 17 11 11 15 11 4 6 5 2 5 8 1 2
6 4 15 23 17 19 17 31 40 43 41 47 62 70 71 67 57 73 55 39 48 81 59 72 50 54 58 54 40 24 30 24 16 8 4 2 3 11 31 47 43 49 45 64 53 57 50 41 50 41 36 35 46 49 24 17 16 14 11 14 14 6 9 15 27 39 41 36 46 24 37 24 15 20 23 55 44 54 58 18 35 30 33 30 17 13 25 16 6 8 3 5 8 6 2 4
6 5 13 31 32 24 30 38 41 47 53 44 59 70 71 59 57 45 57 40 49 66 65 75 59 53 46 42 42 30 40 20 13 8 8 4 6 14 27 37 63 68 66 51 65 39 41 55 43 33 31 37 37 34 65 33 13 14 12 13 10 10 14 9 14 16 36 45 27 16 18 26 28 43 38 61 56 59 39 44 36 19 37 27 18 24 24 11 15 7 4 4 15 5 3 6
10 26 22 28 38 26 22 41 45 46 59 45 25 35 74 77 72 54 49 66 47 80 81 51 59 64 35 41 33 40 30 26 18 6 8 5 7 24 26 37 37 57 55 68 59 60 37 57 62 33 47 53 47 47 44 20 21 11 14 6 5 10 14 16 19 19 45 14 22 8 25 42 59 33 45 63 40 42 54 44 12 18 36 38 37 26 17 10 13 9 5 6 12 11 8 8
13 18 37 43 43 31 29 45 45 46 48 56 47 48 55 73 67 34 44 69 44 79 65 66 62 42 24 45 35 40 47 30 28 14 10 6 9 26 29 45 61 51 40 66 42 52 53 42 56 54 67 60 56 44 38 20 20 8 8 12 5 7 20 21 8 34 17 16 42 36 57 44 40 56 47 29 44 64 32 15 13 38 53 38 36 35 16 11 8 9 14 9 7 22 11 10
24 33 36 47 48 37 45 47 50 48 33 50 50 61 58 64 66 68 74 77 72 73 61 63 53 58 50 49 56 34 46 46 28 18 21 6 9 27 50 48 56 54 56 58 56 47 57 28 47 47 57 51 46 33 37 26 35 16 12 7 6 13 3 13 12 21 19 35 36 32 28 45 65 72 48 39 67 50 44 32 32 37 14 19 36 36 16 13 11 16 16 10 8 39 15 21
27 35 32 38 14 30 59 41 53 57 47 45 59 63 53 65 52 75 71 79 71 64 73 54 50 58 71 68 37 49 41 44 39 20 17 7 9 32 37 50 52 45 66 62 61 47 31 68 42 72 46 50 32 50 34 45 21 20 15 4 4 12 25 26 6 14 25 43 47 27 24 54 78 68 43 66 56 35 40 76 62 26 30 41 27 19 21 8 12 19 19 13 19 47 36 27
29 23 13 8 8 16 57 41 27 35 46 34 39 58 75 72 42 43 73 63 71 68 73 71 33 56 72 48 42 46 33 54 46 37 14 3 7 25 31 53 48 47 56 67 72 65 37 27 12 14 54 59 26 41 35 47 29 17 9 5 6 16 13 26 19 18 25 21 43 32 38 67 73 43 51 68 58 13 55 50 36 49 61 47 31 23 19 7 21 22 23 15 31 70 43 23
34 38 29 30 28 22 34 57 22 26 24 48 41 49 70 63 74 44 57 74 69 78 78 77 59 37 58 61 53 35 60 45 43 31 15 6 6 14 34 59 29 50 68 69 67 50 47 45 40 37 32 37 58 30 13 13 12 7 9 3 6 7 4 9 17 11 19 11 17 25 57 48 54 64 45 42 26 27 45 39 42 59 53 34 23 8 7 7 16 22 25 20 39 55 42 14
49 38 44 42 27 33 30 34 42 40 34 66 45 50 45 53 71 75 69 83 81 72 76 59 30 44 55 49 45 51 60 48 27 26 29 13 11 7 24 39 13 29 39 40 43 40 39 32 67 60 44 37 31 22 20 11 7 26 2 1 1 6 8 8 24 26 13 8 38 46 22 37 23 41 37 32 14 57 47 64 43 38 24 24 23 12 9 17 18 29 28 36 40 57 18 15
32 35 43 39 45 30 26 44 63 64 31 30 58 57 31 33 28 49 76 76 48 44 47 50 58 21 53 58 38 67 49 45 40 28 30 14 21 8 15 37 47 24 34 42 27 36 16 9 21 34 22 59 52 36 17 3 1 1 3 2 2 5 4 12 16 26 9 37 36 22 29 29 35 37 16 28 53 62 70 41 39 36 38 40 22 13 10 22 31 32 31 25 52 61 46 17
35 56 44 46 47 46 35 51 65 52 52 36 26 46 57 34 56 45 33 67 44 58 64 62 50 40 55 38 39 66 52 53 35 17 28 15 19 12 7 22 33 58 51 36 30 41 40 20 29 41 49 51 29 30 25 13 8 5 3 1 2 3 8 8 12 9 23 38 45 45 29 29 21 14 45 50 43 56 54 36 31 35 38 26 22 19 14 30 37 26 36 33 19 37 54 25
42 43 43 35 45 62 36 49 53 60 53 45 57 41 25 57 56 43 46 67 71 30 27 43 39 62 56 69 41 42 57 42 30 48 24 13 18 25 10 27 41 57 65 29 33 56 39 16 33 40 22 37 23 29 25 11 9 8 5 4 4 3 1 8 10 14 27 11 12 12 23 14 39 53 32 35 33 32 32 27 19 27 30 32 29 16 15 22 43 28 42 30 34 32 44 32
38 40 60 44 54 63 28 44 57 63 59 51 55 55 67 50 70 81 59 63 64 35 45 49 55 75 67 75 48 48 49 47 52 25 20 12 13 38 16 17 32 47 37 42 48 52 13 9 61 80 31 38 33 16 12 10 19 7 4 1 2 2 3 6 7 6 6 13 26 33 37 42 22 30 23 14 19 38 29 25 37 52 29 27 31 15 28 30 46 28 33 11 5 15 39 61
40 48 61 58 51 48 28 43 60 65 62 50 40 40 59 72 52 45 65 62 43 28 45 37 65 62 78 60 56 70 64 56 32 30 12 5 5 42 18 18 19 34 33 33 42 41 3 20 34 39 53 40 29 8 5 3 3 3 3 2 1 3 1 1 2 2 4 13 39 58 58 56 30 20 15 23 59 48 33 34 49 37 35 46 13 19 33 39 26 20 9 8 21 28 28 46
46 30 34 60 50 60 48 23 55 58 65 52 55 39 52 43 68 41 36 44 30 48 47 48 45 68 57 69 70 79 59 59 44 36 25 3 22 39 16 18 27 16 28 34 33 29 8 21 20 24 33 25 33 28 22 7 4 5 5 4 1 7 1 1 1 5 13 44 20 29 39 20 14 18 33 44 50 35 27 59 51 43 46 20 19 36 57 25 8 7 13 29 23 58 46 49
43 14 38 56 63 57 59 38 26 48 60 39 50 48 58 63 51 48 50 47 19 53 82 56 52 55 39 49 54 59 60 59 37 22 23 12 24 20 28 20 35 30 28 35 43 35 24 18 15 20 20 33 19 23 16 7 4 4 4 9 3 4 2 1 3 17 9 18 22 15 33 36 25 44 41 46 50 47 45 60 46 30 19 14 37 49 15 6 9 19 23 43 50 51 56 45
39 21 24 17 49 57 67 45 10 29 51 37 49 39 72 64 51 22 35 44 28 58 64 50 48 24 55 62 61 56 58 43 45 36 21 19 20 16 22 16 7 27 24 41 36 40 47 60 46 41 30 50 31 13 8 3 6 3 4 8 6 1 1 3 14 17 6 14 10 14 22 46 52 66 35 29 57 58 44 37 24 34 10 28 34 14 4 17 21 32 37 40 46 60 61 49
52 36 43 14 49 65 63 41 14 10 12 42 54 36 41 56 34 47 46 54 49 27 50 60 42 37 60 65 57 49 40 35 46 36 33 33 34 12 28 21 10 12 21 28 37 26 21 18 19 17 14 28 11 7 9 25 17 6 4 1 1 0 3 9 5 7 6 7 19 8 20 47 52 50 41 43 62 59 52 42 26 15 28 29 17 5 14 34 33 32 40 37 48 49 52 51
62 31 47 16 22 55 41 23 16 15 18 21 32 64 53 49 43 38 35 52 40 51 67 46 46 61 40 55 59 51 36 44 34 23 38 36 24 22 19 31 21 13 18 20 27 24 40 25 21 32 43 29 13 10 3 14 12 8 5 6 5 5 1 4 8 3 3 8 10 15 23 39 50 51 40 38 37 38 59 24 15 16 26 9 11 32 34 34 36 36 37 32 25 22 35 54
51 31 46 25 17 54 44 48 37 35 24 26 37 51 59 65 68 57 41 37 32 36 46 55 67 58 68 70 57 38 41 42 26 22 58 37 23 27 20 10 10 16 17 31 29 29 39 25 37 27 35 17 30 14 4 8 33 13 3 5 6 1 1 1 2 8 3 7 14 14 17 34 50 48 45 20 33 54 43 42 38 19 9 14 18 23 23 45 46 34 44 34 32 21 29 13
41 33 49 37 28 34 24 51 29 28 32 26 39 35 31 46 45 46 42 44 54 27 35 72 64 66 56 46 51 45 44 42 41 26 47 36 35 23 37 14 30 32 12 17 32 44 47 34 40 43 26 14 29 9 9 15 20 7 6 5 4 1 2 2 9 7 18 20 6 7 26 27 19 33 33 24 46 62 72 40 22 12 5 16 11 47 39 34 41 44 64 58 31 27 31 13
55 35 49 37 25 21 15 39 49 36 36 36 33 35 30 48 38 37 21 24 43 23 50 62 66 47 55 57 50 44 39 42 35 44 49 38 48 64 25 18 21 21 24 19 42 27 36 38 30 29 39 32 16 12 18 16 30 6 6 4 3 2 1 1 3 4 25 23 9 11 17 19 37 44 22 63 60 46 39 38 17 5 12 27 25 32 46 29 42 55 51 56 26 22 29 14
56 37 63 40 20 22 35 24 59 31 50 48 28 20 28 25 23 34 28 23 10 47 39 35 44 38 58 48 35 42 43 23 36 48 30 59 32 63 40 20 37 18 37 25 36 47 38 37 25 37 35 21 14 24 17 17 10 9 5 7 4 3 1 1 2 8 16 13 15 20 13 12 27 30 64 53 30 32 33 39 22 14 16 33 54 37 40 51 53 43 46 34 28 21 25 12
52 36 66 42 18 15 64 40 40 33 36 48 27 36 31 29 29 37 34 22 10 19 9 13 28 30 63 63 57 40 26 22 37 56 45 25 44 41 37 21 34 11 31 12 24 39 50 40 28 41 26 36 15 15 28 22 21 7 7 10 2 0 0 1 2 2 4 16 28 16 16 26 46 63 48 25 23 59 38 26 22 16 33 23 50 52 33 46 44 42 37 23 47 25 20 9
63 35 55 26 18 24 37 40 32 62 56 38 40 28 30 28 41 35 32 30 8 14 16 41 51 54 50 48 47 34 21 23 54 41 44 38 61 34 26 24 35 11 29 22 25 33 57 41 28 39 41 37 17 8 22 20 12 4 6 3 6 1 1 2 2 2 3 14 10 12 15 33 34 27 30 25 26 46 30 10 10 23 44 44 46 47 19 36 59 55 33 22 44 13 18 15
64 38 55 26 18 26 26 63 37 59 71 62 33 22 20 33 56 37 11 21 5 18 19 33 22 27 25 43 24 19 35 25 71 52 52 49 50 26 18 45 23 18 19 51 53 36 40 36 49 40 33 30 27 18 17 11 16 10 6 2 2 1 2 3 2 2 3 5 15 13 16 12 24 21 39 32 41 44 38 13 10 39 46 48 46 44 17 30 45 46 19 20 19 23 26 22
75 64 23 41 21 21 43 60 45 36 59 54 62 17 40 62 38 36 20 17 11 9 18 13 17 21 50 29 37 34 33 45 13 29 15 35 28 20 12 43 20 16 4 22 71 42 31 46 46 36 34 27 24 14 29 29 24 13 5 3 2 2 3 1 1 3 3 6 16 6 16 21 29 23 36 47 26 43 34 20 19 46 34 30 37 27 34 34 25 31 44 23 18 36 27 20
62 29 26 37 22 20 60 57 61 31 21 42 66 13 26 23 20 33 18 20 5 5 18 32 35 30 23 42 40 24 55 24 38 24 43 35 24 30 17 32 14 29 13 16 48 59 40 40 49 46 37 33 20 22 14 10 15 6 6 5 2 1 2 1 2 3 3 6 12 15 32 44 45 36 43 59 10 52 30 28 28 27 34 20 26 21 38 50 32 22 37 24 20 24 30 25
59 34 16 42 32 30 46 12 36 55 16 25 56 36 13 24 22 20 11 13 12 22 45 23 25 24 36 54 33 36 31 43 54 69 47 34 56 24 32 39 17 17 19 23 35 41 31 66 43 35 29 34 36 23 7 10 15 9 5 4 3 2 1 1 1 2 3 3 6 13 22 26 42 55 38 16 30 52 41 19 17 24 45 19 30 36 41 27 40 27 17 31 34 25 16 19
61 17 30 42 26 28 37 9 11 12 31 55 26 42 17 20 12 12 5 15 13 11 13 23 20 21 23 34 39 45 27 36 52 35 23 52 26 18 44 24 33 37 29 29 33 40 33 33 47 22 17 13 27 31 11 8 8 6 3 5 2 2 1 0 1 2 4 6 9 19 17 33 36 20 31 26 38 28 16 9 13 38 35 39 25 30 35 27 23 30 31 19 15 29 10 9
66 18 26 47 25 45 41 21 8 12 27 47 61 54 20 12 19 19 19 4 6 7 21 32 15 12 29 57 32 27 21 50 20 34 59 14 21 27 38 21 37 34 25 48 48 55 46 27 32 30 16 16 28 28 20 14 6 2 2 1 1 3 1 1 1 2 4 9 8 21 25 46 36 23 7 27 45 13 17 16 21 31 38 34 21 29 25 24 11 35 21 40 19 9 5 4
49 21 28 54 18 41 54 37 17 16 11 32 23 38 44 9 13 13 8 15 12 9 9 9 4 13 40 46 48 15 54 13 17 49 38 20 32 37 49 32 10 45 42 46 62 52 42 17 26 48 38 12 7 13 16 20 5 5 2 1 1 2 2 1 1 13 26 11 5 9 33 43 32 18 9 36 34 24 19 16 19 29 31 34 32 20 10 27 18 32 25 9 25 7 8 14
45 22 23 48 16 39 46 15 14 19 25 25 15 17 21 20 6 9 11 3 5 4 5 4 7 14 68 29 33 16 50 33 12 58 30 18 33 60 43 28 18 42 46 55 29 50 34 31 18 15 22 27 11 6 9 15 7 4 1 1 1 1 2 2 9 12 14 22 26 33 41 45 32 7 14 36 24 12 12 18 22 18 36 14 19 17 11 14 19 13 23 8 8 21 15 10
67 30 52 30 12 53 25 14 19 15 36 15 30 15 10 12 5 3 4 4 12 23 7 3 5 11 36 22 10 42 26 21 44 40 36 16 29 61 62 33 19 34 35 57 54 45 24 29 27 11 10 9 16 11 4 2 5 2 3 1 2 3 2 16 34 40 50 51 51 69 49 47 27 5 40 52 14 11 14 22 18 22 33 17 31 30 7 11 17 12 12 5 7 5 7 13
67 50 8 12 11 36 13 16 28 30 25 24 24 20 5 9 4 2 6 6 10 7 2 6 4 20 21 11 33 10 21 47 41 23 24 35 46 69 58 27 24 41 36 44 38 25 39 39 21 21 17 7 14 13 7 3 2 2 2 1 3 2 7 9 9 7 35 51 60 71 72 47 7 27 41 54 21 3 10 39 19 39 18 26 18 37 6 18 21 10 14 5 21 5 11 4
57 14 10 16 16 21 5 14 20 29 13 31 37 16 8 4 5 1 3 2 7 8 2 5 5 32 5 25 34 9 47 46 19 14 39 34 17 69 54 13 23 30 28 37 44 34 26 27 16 10 15 6 4 10 5 2 1 1 2 2 4 5 12 14 18 15 38 66 74 61 57 8 17 32 50 58 41 10 23 25 20 21 20 25 26 30 4 7 19 13 18 9 8 5 4 5
