sesion_6_simulaciones/modelos_agentes/ejemplos_netlogo/scenarios/echam4_a2/rob_2037.asc
NCOLS 322 
NROWS 307 
XLLCORNER 451900 
YLLCORNER 4086900 
CELLSIZE 100 
NODATA_value -9999 
[rows 74 to 147 of 307, columns 0 to 95 of 322]
0 0 0 0 0 0 0 0 0 0 0 0 0 0 0 0 0 0 0 0 0 0 0 0 0 0 0 0 0 0 0 0 1 2 2 4 9 9 8 7 2 6 2 1 1 0 1 2 2 3 1 2 2 1 3 1 1 2 2 2 2 8 7 8 3 3 3 6 8 12 23 14 8 5 26 59 29 32 48 68 72 29 43 52 57 21 12 9 17 11 13 15 10 11 20 16
0 0 0 0 0 0 0 0 0 0 0 0 0 0 0 0 0 0 0 0 0 0 0 0 0 0 0 0 0 0 0 0 0 1 5 10 6 5 21 15 3 6 6 4 1 0 1 2 1 2 2 2 2 1 2 2 1 1 1 1 1 3 13 17 6 7 14 11 9 4 7 15 14 10 18 66 31 14 12 52 51 44 42 31 13 38 37 16 16 12 15 28 26 17 12 52
0 0 0 0 0 0 0 0 0 0 0 0 0 0 0 0 0 0 0 0 0 0 0 0 0 0 0 0 0 0 0 0 0 0 1 6 6 14 10 6 7 20 7 3 3 2 1 1 1 2 4 1 2 1 2 1 6 2 1 0 2 11 7 14 16 14 20 19 26 15 13 5 5 5 16 66 75 31 18 15 40 45 29 13 13 58 55 48 39 11 8 6 33 39 27 38
0 0 0 0 0 0 0 0 0 0 0 0 0 0 0 0 0 0 0 0 0 0 0 0 0 0 0 0 0 0 0 0 0 0 2 2 3 4 2 3 22 6 7 6 9 11 3 1 2 3 3 2 2 2 4 2 2 2 1 2 5 8 7 17 10 15 20 23 27 30 28 28 26 21 11 21 52 42 31 11 39 61 19 11 43 65 18 60 46 29 13 31 45 44 40 26
0 0 0 0 0 0 0 0 0 0 0 0 0 0 0 0 0 0 0 0 0 0 0 0 0 0 0 0 0 0 1 0 1 1 2 2 1 3 4 10 8 16 6 8 11 30 10 8 10 5 5 2 3 2 1 1 2 2 5 6 5 3 5 3 9 15 18 31 29 26 27 41 28 29 14 5 7 20 23 14 25 26 20 22 53 25 19 12 12 36 25 33 26 34 38 39
0 0 0 0 0 0 0 0 0 0 0 0 0 0 0 0 0 0 0 0 0 0 0 0 0 0 0 0 0 0 0 1 5 12 20 14 8 3 8 11 12 24 16 4 5 7 23 26 42 41 28 14 7 6 4 2 2 3 6 6 2 3 3 3 3 6 5 3 8 26 32 28 30 33 22 19 12 21 8 6 19 25 21 32 50 22 35 24 12 28 33 54 70 62 49 51
0 0 0 0 0 0 0 0 0 0 0 0 0 0 0 0 0 0 0 0 0 0 0 0 0 0 0 0 0 1 0 0 1 6 26 39 10 4 6 17 15 12 27 15 5 5 10 26 61 67 78 80 66 21 14 8 6 7 4 6 5 3 2 1 6 7 4 9 10 22 32 25 31 35 31 18 17 8 5 1 9 22 23 33 38 33 16 17 18 25 64 66 68 43 45 66
0 0 0 0 0 0 0 0 0 0 0 0 0 0 0 0 0 0 0 0 0 0 0 4 0 0 0 0 0 1 1 1 0 1 2 19 13 6 4 13 27 52 18 35 27 12 8 3 3 7 23 35 53 67 48 20 9 4 5 4 2 6 3 12 2 1 4 3 5 11 12 36 32 36 39 24 7 1 3 3 6 12 13 36 20 32 43 44 27 21 15 11 35 26 32 47
0 0 0 0 0 0 0 0 0 0 0 0 0 0 0 0 0 0 0 3 4 5 11 3 11 3 1 0 0 0 0 1 2 4 6 3 2 2 2 9 11 10 14 34 20 15 18 11 4 1 1 2 6 26 26 54 26 12 5 27 34 15 9 3 15 9 3 6 2 2 12 24 41 29 20 21 13 9 9 18 7 6 21 48 20 43 46 44 42 46 30 15 13 30 58 71
0 0 0 0 0 0 0 0 0 0 0 0 0 0 0 0 0 3 6 8 1 2 1 0 1 1 1 0 1 1 1 1 1 1 3 4 3 2 7 11 25 33 11 7 5 5 6 5 1 3 4 1 9 5 6 15 28 21 46 40 11 5 5 7 14 3 4 7 9 8 42 36 37 26 22 24 29 35 21 11 17 14 43 49 31 62 61 83 63 61 62 52 15 12 15 15
0 0 0 0 0 0 0 0 0 0 0 0 0 0 0 0 0 2 0 1 1 0 0 0 0 0 0 1 4 3 5 0 1 3 8 5 2 6 8 10 19 31 32 22 2 1 2 3 3 2 1 11 34 18 16 12 8 28 61 16 11 8 4 4 8 6 10 7 22 31 27 29 28 23 24 25 30 26 36 10 15 12 20 19 31 68 32 52 62 77 50 56 55 32 20 14
0 0 0 0 0 0 0 0 0 0 0 0 0 0 0 0 0 0 0 0 0 1 0 0 0 0 1 0 0 0 0 0 1 5 3 6 2 17 10 13 23 25 38 33 15 17 23 17 21 24 17 23 32 26 17 11 18 24 13 16 14 21 14 8 4 2 2 21 20 14 24 18 49 21 17 44 31 26 27 19 15 10 11 26 7 48 37 68 66 79 82 83 67 44 26 20
0 0 0 0 0 0 0 0 0 0 0 0 0 0 0 0 0 0 0 0 1 0 0 0 1 1 0 0 0 0 0 1 2 2 2 4 2 8 7 18 26 14 31 22 14 18 26 17 14 22 25 11 17 20 16 17 31 12 16 21 30 16 7 4 5 5 5 3 6 11 7 18 9 7 43 31 21 26 53 30 32 16 9 17 33 43 42 35 70 66 55 54 73 32 27 19
0 0 0 0 0 0 0 0 0 0 0 0 0 0 0 0 0 0 0 0 0 1 1 3 4 2 3 7 3 1 0 0 1 0 1 1 2 5 6 13 22 9 5 9 8 14 26 3 10 16 13 16 17 27 21 15 17 9 16 17 24 7 8 4 8 8 21 29 25 15 19 12 14 11 9 8 37 47 15 26 26 18 16 13 17 21 34 46 57 65 15 32 50 50 24 18
0 0 0 0 0 0 0 0 0 0 0 0 0 0 0 0 0 0 1 0 1 1 1 1 11 8 8 8 3 10 7 4 2 0 0 1 1 4 3 7 6 4 11 6 16 20 28 7 12 24 10 8 15 31 20 6 13 7 14 19 10 1 1 4 12 4 3 12 31 11 19 15 11 13 21 12 14 21 17 14 9 14 26 24 15 15 13 9 23 23 12 36 18 44 35 22
0 0 0 0 0 0 0 0 0 0 0 0 0 0 0 0 0 1 0 0 1 0 1 4 6 16 16 13 7 8 9 11 2 7 3 3 1 1 1 1 1 3 4 5 8 11 15 4 5 13 5 11 4 19 27 5 11 5 32 10 6 6 6 11 13 3 2 2 46 15 18 12 12 10 11 28 30 48 44 41 52 35 18 12 32 39 33 27 11 7 14 28 32 13 27 19
0 0 0 0 0 0 0 0 0 0 0 0 0 0 0 1 1 0 1 1 0 0 5 11 29 3 24 26 7 13 12 12 7 15 6 10 9 3 1 0 1 2 2 1 6 13 4 6 6 6 6 14 9 25 1 13 22 9 14 3 2 11 16 9 5 6 3 2 13 67 55 29 13 40 38 41 68 59 20 29 53 42 54 49 42 43 40 37 25 11 6 21 21 9 6 2
0 0 0 0 0 0 0 0 0 0 0 0 0 1 1 0 1 3 1 1 2 1 0 8 21 7 4 41 35 9 4 25 10 21 19 35 11 6 6 1 3 3 5 0 1 2 2 2 3 5 28 38 47 29 40 9 2 11 2 2 2 10 6 2 2 3 20 18 6 6 27 26 69 88 68 47 26 21 67 34 9 36 53 45 35 37 40 34 27 11 7 7 4 3 4 12
0 0 0 0 0 0 0 0 0 0 0 0 0 0 0 3 4 3 3 1 1 1 1 10 3 13 17 29 63 26 3 3 3 6 7 19 11 15 26 9 5 2 9 16 14 15 16 6 12 45 61 39 13 16 39 51 22 3 6 6 3 10 5 4 5 7 6 6 15 7 9 11 8 11 8 58 27 27 17 34 48 18 23 56 40 39 39 26 25 24 11 3 8 19 8 13
0 0 0 0 0 0 0 0 0 0 0 0 0 0 0 0 3 6 18 7 1 13 3 2 1 5 3 1 17 17 38 8 2 2 11 3 8 32 10 5 19 3 8 23 39 24 16 30 41 47 70 65 29 59 50 64 30 42 25 20 11 13 2 3 3 5 2 8 7 4 5 2 7 8 7 19 16 23 18 20 32 54 29 32 40 37 18 21 11 7 15 20 26 5 3 4
0 0 0 0 0 0 0 0 0 0 0 0 0 1 1 1 1 9 3 6 4 4 4 4 1 10 3 3 2 24 61 25 5 4 4 13 6 14 44 8 36 3 10 47 44 40 37 61 60 82 78 69 58 87 76 76 55 61 50 12 15 13 2 4 3 5 14 31 16 13 7 21 26 21 15 8 11 25 33 24 14 15 42 40 32 15 18 7 9 24 28 20 29 24 13 6
0 0 0 0 0 0 0 0 0 0 0 0 0 1 1 1 1 2 3 4 6 11 2 5 3 8 9 3 2 8 38 47 21 13 3 7 1 6 38 8 31 6 15 41 44 47 69 74 75 86 81 43 69 65 66 59 53 72 13 8 24 9 5 4 6 4 9 18 20 12 51 15 6 11 14 23 56 55 53 41 31 22 22 28 17 9 20 21 20 28 44 33 18 12 15 12
0 0 0 0 0 0 0 0 0 0 0 0 1 1 0 1 3 1 1 2 3 5 2 5 13 5 17 10 8 3 25 57 6 6 7 8 2 23 50 40 50 41 21 33 54 69 87 83 62 84 63 17 44 12 27 61 73 63 24 56 46 37 14 3 3 5 10 9 11 37 11 21 28 10 15 43 34 23 47 55 54 26 12 11 8 13 24 46 41 41 39 42 20 19 18 28
1 0 0 0 0 0 0 0 0 0 0 1 6 2 1 1 1 2 4 3 1 1 4 16 25 28 14 22 13 6 29 54 8 6 22 19 5 19 12 42 60 81 44 47 59 63 87 83 42 62 18 26 14 6 2 5 56 72 72 68 37 57 7 5 28 39 9 3 9 10 17 35 14 43 47 12 31 56 41 57 45 47 43 19 29 31 46 46 57 38 54 50 37 40 33 44
1 2 0 0 0 0 0 0 0 0 0 0 3 10 1 4 2 5 8 9 13 7 8 15 18 27 24 42 26 26 13 34 13 14 16 7 10 29 13 23 33 70 61 67 61 62 87 93 82 64 33 16 4 4 1 3 6 4 78 63 61 16 6 28 16 22 17 7 6 5 24 20 45 31 23 15 18 11 34 41 59 63 44 29 35 52 47 41 61 31 75 37 40 39 30 32
0 6 3 0 0 0 0 0 0 0 0 1 1 1 9 12 2 4 13 12 15 11 17 38 44 52 52 42 42 46 7 28 43 26 18 12 11 16 8 4 11 64 18 28 27 32 78 82 76 41 29 31 22 20 8 13 4 14 9 9 12 12 25 30 26 13 10 5 7 11 11 23 19 19 10 7 11 29 34 52 55 60 40 40 33 45 54 27 55 45 77 50 47 25 37 47
0 0 4 1 0 0 0 0 0 0 0 1 2 1 8 2 21 5 4 6 11 7 3 5 10 24 29 15 41 45 23 57 74 51 21 43 19 22 18 5 39 57 51 30 34 37 16 42 60 16 29 38 31 25 37 21 11 31 17 28 18 8 21 28 21 12 11 5 14 5 3 5 25 27 21 18 27 38 38 45 43 54 44 42 41 35 47 40 70 71 23 46 52 49 51 35
0 0 0 0 1 0 0 0 0 0 0 1 1 0 1 4 6 28 8 9 5 16 14 17 31 37 34 20 8 11 11 60 56 38 56 62 72 60 15 14 48 42 80 59 53 44 42 15 8 17 44 41 32 28 18 34 36 25 22 19 25 20 34 29 18 12 7 11 17 4 2 7 9 16 19 37 31 39 40 42 40 38 32 46 49 33 35 40 58 10 28 44 36 15 9 23
0 0 0 0 1 0 0 0 0 0 0 1 2 2 4 4 3 4 8 11 18 30 25 31 41 62 42 43 31 14 8 5 46 64 65 32 82 63 41 63 71 27 72 49 81 75 39 19 15 9 28 41 34 29 38 20 38 29 30 20 32 36 59 61 27 10 5 4 10 3 3 4 3 5 4 27 23 27 34 34 38 30 35 46 23 51 41 65 29 21 40 41 42 27 24 38
0 0 0 1 1 0 0 0 0 0 0 1 4 3 2 2 3 7 7 9 22 26 56 45 49 43 66 48 22 24 20 18 9 41 57 19 26 20 72 48 43 16 78 45 25 11 31 22 29 19 27 43 52 44 34 19 14 19 5 10 21 16 39 40 4 10 9 3 7 8 14 13 5 12 15 6 25 26 29 30 23 48 19 8 26 60 33 59 23 11 20 24 27 25 37 41
0 0 0 1 1 1 0 0 0 0 0 0 1 1 9 9 6 4 4 6 7 18 58 63 31 27 33 38 46 43 30 36 21 8 7 25 12 22 75 20 18 30 57 24 24 18 37 28 29 22 12 30 37 41 27 18 14 15 8 10 10 8 10 6 8 10 8 5 6 14 15 4 13 16 13 13 29 29 27 24 58 17 17 27 31 46 36 28 30 5 7 21 25 40 43 58
0 0 0 1 1 1 0 0 0 1 0 1 1 1 2 2 12 14 25 30 19 27 23 19 11 5 19 36 44 34 51 54 20 11 3 6 18 54 36 33 8 59 75 38 36 35 33 42 46 12 18 25 23 25 16 20 17 7 10 4 6 3 7 21 21 9 10 11 14 14 15 9 6 22 10 13 21 16 22 42 25 18 25 17 34 14 32 41 49 23 16 21 33 36 26 55
0 0 0 1 1 1 0 0 0 0 0 0 1 3 3 12 10 18 27 20 22 43 23 16 21 21 8 18 29 21 23 17 11 22 20 22 41 30 46 24 29 37 58 60 50 40 18 22 27 10 9 31 39 46 45 29 17 10 19 35 26 14 10 14 7 4 32 27 13 11 8 55 36 19 15 10 10 11 14 31 12 20 21 8 23 20 34 47 29 48 32 40 32 48 42 50
0 0 0 0 4 3 1 0 0 0 0 2 3 22 10 40 19 9 19 34 36 36 46 25 19 22 20 13 24 24 14 14 21 30 35 36 14 19 26 29 26 10 17 38 45 27 6 11 11 12 18 22 20 21 17 16 20 7 45 44 25 25 6 6 12 8 32 79 66 43 29 20 50 63 25 13 13 16 26 18 4 30 9 18 19 36 14 17 20 30 48 38 67 45 24 30
0 0 0 0 1 2 1 0 0 0 0 1 1 4 22 21 32 40 29 36 29 22 41 21 13 13 8 6 5 8 18 18 29 30 17 34 32 29 24 19 8 16 31 10 43 33 26 24 20 9 9 10 10 36 28 27 21 6 11 13 13 11 26 13 22 29 19 60 71 63 13 24 28 16 53 35 11 13 17 13 24 34 13 59 34 28 26 36 29 36 50 60 31 30 28 15
0 0 0 0 0 4 5 0 0 0 1 1 1 2 2 3 2 5 17 30 31 29 41 50 30 20 25 20 11 7 13 4 8 16 16 28 30 21 29 11 6 23 14 17 44 28 28 22 23 13 11 11 13 28 44 7 12 12 23 21 16 39 33 42 51 28 37 25 64 42 47 19 17 21 21 39 28 34 26 34 14 24 26 44 36 41 41 19 28 73 43 22 42 31 36 33
0 0 0 0 0 1 2 0 0 0 0 1 4 3 11 11 5 3 9 25 34 57 63 66 60 25 17 8 4 6 7 2 2 4 10 9 18 21 15 17 17 22 8 32 7 4 12 14 18 16 22 25 14 28 21 21 16 27 33 11 30 31 19 21 80 42 38 21 10 62 71 31 37 16 44 60 52 71 53 46 33 29 15 40 66 47 62 51 51 62 56 34 48 51 55 35
0 0 0 0 0 0 2 1 0 0 0 2 1 3 11 8 7 22 12 42 74 51 29 39 49 27 21 20 8 1 6 8 13 6 3 8 23 22 5 13 30 33 30 29 11 6 13 28 33 35 19 46 34 37 27 18 19 10 11 34 20 12 12 21 19 52 30 27 14 30 53 79 68 22 9 45 29 64 15 9 36 68 8 26 10 40 42 77 76 66 80 55 52 54 54 52
0 0 0 0 0 0 1 4 0 1 1 2 1 1 1 6 24 26 22 11 12 49 56 37 39 29 41 50 30 12 11 22 15 15 16 6 7 14 13 17 17 26 25 24 20 18 36 37 26 27 29 22 32 27 24 33 42 51 27 12 30 16 11 48 17 39 48 26 16 16 50 63 66 46 24 31 8 50 27 15 3 37 26 27 30 64 27 37 17 12 51 35 43 75 56 71
0 0 0 0 0 0 1 0 0 0 1 2 5 1 3 9 16 18 22 21 15 5 41 71 53 48 42 44 48 20 19 27 14 16 29 35 13 6 6 15 24 20 13 45 24 26 25 57 57 37 49 22 32 61 77 72 39 28 21 18 22 58 35 11 48 18 47 38 25 7 49 52 45 62 22 32 10 51 65 21 12 53 15 27 29 8 38 27 11 24 78 44 26 64 82 80
0 0 0 0 0 0 2 0 0 0 0 2 3 2 1 4 10 19 25 37 31 27 12 30 35 36 13 16 38 19 15 15 11 9 14 22 16 11 9 18 15 8 9 8 31 36 29 45 33 21 19 46 28 21 19 13 19 11 23 28 23 41 49 21 23 46 8 56 39 13 36 62 47 58 30 27 14 57 23 22 6 72 35 24 36 28 15 28 22 38 66 78 32 31 69 74
1 0 0 0 0 0 1 0 0 0 0 0 2 1 1 3 5 8 28 49 49 29 19 9 7 4 14 9 2 4 14 2 4 10 17 12 15 21 17 12 25 22 27 22 31 36 30 30 21 23 38 44 42 54 29 43 42 30 20 34 16 25 36 37 24 67 36 48 67 28 20 34 63 37 60 24 18 54 38 60 48 59 83 41 34 34 14 40 27 16 45 82 45 22 22 70
2 0 0 0 0 0 1 1 0 0 0 0 0 1 3 3 10 10 21 31 38 26 15 21 11 13 13 6 1 2 7 5 5 7 7 10 19 18 12 21 37 29 27 24 13 25 29 27 26 54 40 60 44 43 41 56 53 44 37 46 33 42 24 40 20 60 52 28 68 51 11 37 51 36 71 32 44 33 40 33 60 36 79 58 21 35 33 62 26 16 18 60 49 25 44 38
1 1 0 0 0 0 1 0 0 0 0 0 1 1 1 2 6 10 16 24 27 26 24 19 30 22 26 15 4 2 2 1 1 7 8 5 18 18 8 8 28 23 16 12 24 16 20 18 15 44 61 58 62 44 24 38 69 38 55 53 54 60 28 12 18 17 39 25 43 60 32 25 26 70 55 45 65 34 47 73 60 33 52 76 33 36 19 19 19 25 26 63 46 53 35 13
4 2 1 0 0 0 0 0 0 0 0 1 0 3 2 2 18 16 48 47 34 56 38 42 17 19 25 24 16 2 1 2 12 9 24 24 18 29 28 22 25 20 18 14 15 13 13 23 20 17 15 27 18 31 54 59 72 33 87 75 29 67 40 46 47 21 13 10 30 48 27 45 26 52 15 46 82 65 42 59 71 66 54 83 29 31 34 19 22 9 32 49 50 25 17 20
2 2 3 1 1 1 0 0 0 0 0 0 0 3 4 4 3 11 12 6 14 6 10 19 33 43 25 25 35 8 3 20 17 20 10 7 17 15 14 41 33 12 21 32 28 26 36 39 21 41 44 20 39 60 53 66 52 64 60 68 30 57 68 42 57 69 65 43 21 55 57 71 61 41 39 51 72 75 58 58 61 65 50 79 74 48 11 13 16 28 40 51 63 32 17 11
0 1 2 2 4 0 1 0 0 0 1 0 0 2 10 13 11 6 19 15 10 19 16 27 50 26 31 34 37 34 14 64 25 10 16 9 31 33 34 42 62 34 43 42 35 45 27 37 27 34 40 28 16 47 26 36 71 74 58 61 66 76 81 71 28 67 63 65 52 34 42 63 22 41 43 50 69 56 74 74 58 41 41 81 73 44 48 13 19 40 28 56 49 48 39 26
2 0 0 1 1 1 1 0 0 1 2 1 1 2 2 2 2 8 5 31 17 22 25 28 27 28 45 32 36 25 29 64 20 25 22 17 26 27 30 49 58 32 35 45 33 42 15 19 41 25 24 35 16 10 11 12 48 64 71 75 70 64 72 85 57 45 60 58 47 27 13 22 33 28 40 58 66 80 64 44 36 26 79 70 73 40 30 29 19 26 33 56 20 13 17 50
12 3 1 1 2 1 1 0 1 2 1 1 3 1 8 1 1 4 6 19 32 35 10 15 20 32 35 17 44 38 54 33 33 41 18 11 14 28 60 57 27 23 32 54 54 40 18 17 15 43 27 24 35 27 13 8 19 23 20 49 40 39 64 78 74 52 28 13 15 23 17 17 21 25 33 33 68 59 49 31 11 23 78 65 73 62 33 33 10 33 42 65 62 51 26 14
3 5 3 1 2 1 0 0 0 1 0 3 1 2 16 1 3 3 11 27 19 13 3 21 11 5 26 12 43 53 49 49 52 28 14 28 35 35 59 43 24 44 26 29 49 20 18 24 11 34 21 15 29 14 27 17 16 25 27 10 24 36 42 53 55 30 24 38 31 43 25 17 19 25 27 14 43 36 40 22 18 9 35 23 43 72 36 43 14 44 62 49 40 39 43 18
3 1 1 2 1 3 1 0 0 1 0 2 2 3 1 10 5 7 5 8 14 4 18 15 13 7 20 16 39 30 33 32 44 19 34 38 43 30 46 37 29 39 28 29 40 19 22 21 15 51 31 22 37 36 29 23 40 38 49 32 22 26 10 19 8 9 26 40 43 44 41 23 19 11 12 13 22 23 22 18 19 12 14 14 29 39 15 33 12 34 58 53 34 20 75 52
2 3 3 1 1 1 0 1 0 0 0 0 2 4 1 19 13 4 8 6 14 6 8 14 13 16 46 31 38 24 37 45 17 32 34 52 34 32 60 21 32 43 20 33 34 50 16 33 16 42 29 34 32 48 23 32 32 46 35 42 42 48 23 20 21 14 38 29 34 23 13 9 35 18 12 6 9 21 13 11 9 7 8 21 25 22 19 25 13 65 69 71 69 28 9 20
1 2 2 2 1 2 1 1 0 1 2 1 9 11 7 1 10 7 4 11 16 8 12 26 19 17 43 22 16 10 15 22 30 61 36 28 33 11 38 20 32 28 33 30 18 23 25 30 38 40 38 40 31 38 35 50 52 34 44 34 54 31 20 40 13 23 26 40 18 14 22 43 35 29 28 29 8 6 14 11 10 14 8 25 13 11 36 12 26 66 61 56 76 43 46 13
4 2 1 2 1 0 0 1 1 0 1 1 1 6 6 2 2 7 3 7 5 5 7 20 15 36 28 25 12 11 20 50 24 31 49 34 24 27 39 14 28 24 12 15 16 31 10 19 20 7 23 12 27 44 52 55 66 51 27 42 33 39 33 25 59 21 29 33 35 60 47 32 18 18 23 27 25 29 29 29 33 32 12 12 11 21 41 24 40 52 26 47 79 61 61 42
5 6 4 4 2 1 0 1 1 2 1 1 1 4 3 4 6 4 4 4 6 7 5 5 8 6 13 19 17 29 22 39 15 25 45 27 18 23 13 24 20 21 15 32 44 27 12 37 57 31 46 35 54 65 59 34 43 52 46 35 41 40 57 44 53 43 39 39 60 16 11 14 17 8 5 7 26 21 30 35 33 24 20 8 7 20 43 18 23 13 20 51 87 50 66 55
1 1 2 4 6 7 3 1 3 8 6 3 2 1 1 7 4 3 11 16 34 24 28 13 27 8 7 17 24 18 24 14 13 25 43 29 18 14 11 15 28 64 32 19 32 33 42 20 53 65 78 56 68 81 66 41 57 43 26 27 26 30 57 36 38 47 42 51 20 18 22 29 47 29 28 19 8 24 37 48 38 10 6 10 6 22 34 20 18 18 22 75 79 42 48 84
1 1 1 3 5 5 10 9 4 3 4 1 1 1 1 2 4 7 11 10 29 51 40 16 17 28 45 32 34 13 51 24 21 19 22 20 12 12 28 24 41 8 32 61 26 47 52 40 32 74 73 79 39 67 62 61 46 64 49 44 41 46 16 42 52 57 57 23 27 26 40 57 42 46 57 32 16 34 45 45 15 8 6 12 8 19 9 9 17 22 42 79 53 67 44 83
5 5 2 2 6 2 3 6 3 4 2 2 1 1 4 1 6 6 17 22 10 47 42 60 67 71 60 58 44 19 34 25 18 25 31 53 40 60 68 55 56 62 44 73 35 49 73 71 24 23 16 70 71 40 64 41 32 78 63 57 31 38 45 53 55 57 41 46 44 55 45 26 39 35 36 29 46 29 18 18 8 5 5 7 6 11 7 8 10 12 23 63 35 56 18 44
4 8 6 4 5 3 1 1 1 1 1 1 1 1 3 2 0 3 25 50 18 6 40 76 55 71 60 72 73 79 64 74 73 78 46 66 15 60 77 50 65 82 44 70 75 43 71 40 79 53 29 81 66 61 63 57 82 83 45 65 37 24 36 37 36 44 35 25 22 29 28 33 22 34 35 48 50 32 7 3 7 3 3 5 3 5 5 10 12 25 40 58 22 27 24 21
3 5 27 2 15 16 5 5 3 3 2 3 4 6 4 2 4 4 4 31 20 5 6 19 19 14 48 67 65 69 69 64 76 67 50 63 72 62 65 74 45 80 78 44 65 57 75 44 71 84 55 60 63 45 33 77 67 67 50 63 58 26 29 28 52 41 42 49 50 49 53 36 45 37 56 46 23 10 9 3 1 2 2 3 3 2 5 7 9 15 39 39 9 12 16 18
8 5 3 17 17 22 13 15 11 9 2 6 10 8 3 3 6 5 13 4 2 2 11 5 8 18 41 34 44 58 64 71 37 58 42 73 68 67 70 72 61 71 65 64 68 67 72 77 27 66 56 32 74 24 47 77 61 25 63 27 34 67 20 21 37 38 53 52 52 45 41 44 52 72 65 45 23 10 2 2 2 1 0 1 2 1 3 4 6 9 20 15 10 5 15 24
2 7 11 9 10 17 4 5 16 4 9 3 6 7 2 5 6 5 14 22 16 15 9 11 9 13 5 8 10 13 10 10 19 25 11 9 14 13 13 17 16 20 16 26 28 22 25 73 58 46 76 31 57 49 52 61 23 19 31 32 65 59 35 26 42 47 52 39 36 61 74 66 68 60 46 33 14 4 1 1 1 1 1 0 1 1 1 1 2 3 7 7 6 3 6 9
11 14 18 11 5 2 4 4 11 2 9 5 4 6 4 6 6 6 10 4 6 20 17 10 23 16 9 12 18 24 16 15 38 31 25 30 17 20 25 30 29 33 45 31 39 27 40 18 21 22 45 44 46 52 51 29 37 49 45 52 59 38 27 35 44 42 51 62 72 72 75 56 31 25 11 8 2 2 2 2 2 1 1 1 0 0 0 0 0 1 2 2 4 2 2 2
32 42 25 6 4 2 2 4 2 4 2 2 1 5 1 3 3 2 3 18 13 4 8 6 13 9 4 22 14 12 21 21 9 8 8 18 14 13 22 14 20 36 36 23 20 30 23 38 30 28 15 15 10 9 16 26 44 42 42 41 20 22 26 40 44 36 33 28 47 63 64 54 30 17 5 5 8 7 12 10 5 2 0 1 1 1 1 1 1 0 0 0 1 3 3 2
8 8 6 16 7 3 2 1 1 1 1 3 2 5 2 3 6 2 1 2 16 17 13 13 8 9 7 12 20 25 14 5 13 8 9 13 14 20 21 25 20 19 21 12 10 10 12 12 23 32 41 53 26 19 24 24 28 33 32 16 16 27 26 49 38 24 32 28 28 30 19 23 22 8 5 11 16 12 3 2 1 1 1 3 6 6 5 2 2 1 1 0 0 0 1 1
9 7 10 2 1 1 2 0 3 0 1 1 0 1 3 1 1 4 5 4 6 22 20 13 14 6 8 17 27 6 6 10 7 17 16 8 11 14 13 14 14 14 31 23 26 20 21 28 37 29 34 35 29 26 30 26 28 24 25 26 6 27 27 34 53 50 46 52 34 25 11 9 4 8 13 20 34 16 5 3 3 4 5 10 8 7 8 8 8 3 4 2 1 1 0 0
15 10 5 3 2 1 1 1 1 0 2 1 1 0 1 1 2 4 5 1 5 13 20 17 18 4 23 34 12 4 10 6 13 10 15 15 13 19 18 20 7 20 24 25 18 28 33 28 24 19 26 14 43 33 53 42 29 24 17 13 17 22 27 20 65 71 38 53 44 33 18 15 6 15 25 31 13 4 7 9 8 14 8 17 20 15 24 13 12 10 7 7 5 3 1 2
8 3 3 2 1 3 12 17 7 2 7 2 0 0 0 0 0 1 1 3 8 11 4 10 13 20 36 47 19 10 15 12 13 29 16 21 18 23 10 11 25 27 20 25 27 38 32 16 34 17 30 37 38 29 46 28 47 14 22 10 31 49 22 56 78 55 52 30 24 23 12 6 9 17 28 23 9 13 14 18 27 22 27 38 36 29 27 19 28 26 14 23 10 5 4 3
3 4 1 1 6 24 13 8 19 26 2 6 2 0 0 1 1 2 2 5 10 7 7 19 13 36 26 6 7 4 9 18 10 16 42 18 18 24 25 31 21 23 20 19 23 20 33 28 25 29 38 34 39 31 39 30 48 32 17 8 16 40 54 67 57 60 35 30 26 11 9 11 17 8 30 12 23 22 39 39 51 36 41 53 48 33 44 43 40 23 21 22 13 12 13 13
1 1 1 2 2 20 21 23 36 22 10 8 17 6 1 1 1 0 4 4 1 2 4 17 7 4 7 9 17 23 14 9 27 9 25 25 25 43 24 25 12 27 11 9 11 21 22 38 36 29 26 49 17 32 42 39 19 16 24 17 6 25 24 30 41 58 44 50 27 6 21 17 28 22 67 32 32 33 47 47 60 45 50 64 44 41 57 68 53 45 29 25 22 35 29 15
1 0 1 5 0 1 1 1 24 28 25 28 22 6 9 5 1 1 2 1 3 2 4 4 6 11 15 14 18 14 12 8 9 15 13 21 14 18 19 31 46 17 24 21 7 10 16 16 26 34 38 34 29 11 44 10 21 38 18 19 9 10 17 14 11 11 25 13 7 22 52 30 36 32 70 36 48 52 66 71 84 74 83 83 75 62 64 63 81 76 44 36 34 35 60 31
0 1 1 0 0 1 2 3 2 9 4 20 16 7 10 12 9 8 7 2 1 3 1 3 5 13 13 4 3 5 4 5 6 8 11 11 11 13 14 28 36 52 25 11 41 29 34 14 26 19 14 27 12 28 25 28 28 19 25 20 12 33 43 29 20 11 10 20 33 33 47 53 36 51 66 63 67 57 68 82 70 65 80 77 75 74 71 69 75 66 56 45 61 68 67 49
2 1 1 4 3 2 18 6 7 1 24 34 11 28 19 22 31 21 11 4 3 2 1 1 6 4 2 3 2 1 2 1 2 3 9 10 5 9 18 28 22 30 36 38 4 29 28 31 30 19 17 33 38 23 11 11 17 34 26 22 15 46 33 24 12 25 24 32 57 55 47 74 59 73 62 73 77 67 75 64 41 63 72 57 37 37 57 29 60 69 53 57 54 53 49 67
10 13 19 9 26 3 1 2 13 9 27 39 25 66 39 36 60 33 12 13 6 7 2 2 2 1 3 2 2 2 3 1 3 8 2 3 8 7 9 7 10 21 30 54 35 21 34 22 30 25 24 17 14 46 61 32 31 26 22 25 36 33 40 20 25 37 53 33 50 63 48 59 66 63 78 51 63 56 72 61 23 32 42 50 30 7 10 19 57 51 52 62 25 31 22 54
