sesion_6_simulaciones/modelos_agentes/ejemplos_netlogo/scenarios/echam4_a2/rob_2012.asc
NCOLS 322 
NROWS 307 
XLLCORNER 451900 
YLLCORNER 4086900 
CELLSIZE 100 
NODATA_value -9999 
[rows 0 to 73 of 307, columns 192 to 287 of 322]
41 37 20 11 31 56 30 14 13 16 16 6 4 3 4 3 2 2 3 2 2 2 1 1 2 4 2 4 5 15 4 1 1 0 0 0 0 0 0 1 2 1 1 4 6 8 6 13 26 34 20 26 33 43 44 57 43 81 50 41 9 13 20 47 58 44 60 55 28 39 23 12 17 21 41 24 21 39 56 29 16 17 16 17 15 11 30 26 26 28 11 25 37 61 22 7
52 30 37 33 39 58 19 27 37 21 14 10 14 12 7 5 7 1 2 3 4 2 1 1 1 5 1 2 1 2 13 5 1 0 0 0 0 0 1 1 1 0 0 1 2 3 7 7 19 61 75 58 40 44 45 43 70 66 66 21 26 15 48 42 54 50 58 42 45 21 7 25 12 20 51 26 53 39 36 35 28 34 34 19 14 6 19 28 30 27 17 30 27 31 17 14
32 57 38 37 58 50 35 16 9 23 22 22 32 31 16 23 14 10 16 12 11 3 2 1 0 1 1 0 0 1 1 4 2 1 1 0 0 0 0 0 0 0 1 4 4 8 9 13 22 38 48 47 58 50 66 73 40 34 45 25 23 32 42 31 36 63 32 28 21 28 15 16 14 20 60 24 57 50 26 41 30 26 31 29 14 4 12 16 29 22 15 43 24 39 14 3
42 43 65 54 42 37 33 32 32 51 28 45 58 44 34 48 30 12 20 28 16 12 7 3 2 1 0 0 0 0 0 1 0 0 0 0 0 0 0 0 1 1 1 1 2 11 10 13 5 13 11 15 29 58 47 53 51 19 26 33 36 21 25 45 34 58 46 39 51 21 30 25 8 9 42 23 31 24 32 39 30 29 30 30 15 5 10 23 37 16 28 25 23 35 10 2
31 23 44 15 48 56 51 35 49 45 41 31 33 26 34 53 36 39 39 38 32 12 8 8 4 4 2 3 2 0 0 0 0 0 0 0 0 0 0 0 0 0 1 2 1 3 3 7 25 43 52 46 45 40 64 65 30 24 8 10 34 35 29 44 46 56 37 27 17 12 9 8 11 7 21 21 17 28 53 61 52 20 19 40 34 23 3 19 23 30 30 16 32 45 16 3
32 26 42 37 24 31 50 25 48 37 24 31 11 29 38 40 44 40 14 12 22 11 6 10 8 6 3 5 3 1 1 0 0 0 0 0 0 0 0 0 0 1 1 3 8 18 25 36 35 25 33 36 46 60 79 53 34 24 8 44 65 66 60 61 45 65 28 36 42 33 41 29 22 16 11 16 21 20 33 27 39 61 43 32 33 22 7 14 19 23 11 15 29 28 18 5
24 13 14 31 22 17 46 17 12 23 30 54 27 13 25 37 30 33 16 5 7 17 21 24 9 7 8 5 4 3 2 1 1 1 1 0 0 0 0 0 0 1 2 3 13 9 14 21 42 33 43 76 38 65 68 36 24 25 13 32 49 59 58 59 69 63 50 44 44 19 29 27 18 27 22 11 4 16 35 39 30 54 33 16 8 30 9 8 9 10 11 24 41 52 13 12
17 12 12 15 32 23 38 47 13 6 12 17 35 9 3 11 6 13 16 7 5 10 5 10 9 7 7 4 6 5 4 3 3 3 2 1 1 1 0 0 0 2 3 6 11 15 20 42 66 61 60 38 56 50 56 27 17 7 15 21 32 31 29 27 26 56 33 26 45 27 25 19 22 26 25 15 5 22 43 21 46 61 38 15 9 22 16 7 8 18 21 22 49 32 18 14
31 23 20 10 16 14 23 47 48 19 8 7 14 22 9 7 4 11 17 10 8 13 3 6 17 10 7 8 7 11 9 8 7 6 3 2 1 0 0 0 1 1 3 5 21 18 12 29 35 49 36 29 65 44 39 15 8 39 62 51 64 53 58 46 55 76 46 34 16 16 23 19 21 20 15 9 6 11 15 27 40 54 40 23 10 9 10 6 6 22 17 26 24 33 16 23
22 21 20 10 8 5 19 18 40 30 19 10 9 11 12 5 4 3 13 12 10 15 4 4 10 8 8 5 3 7 1 3 6 6 4 1 1 0 0 0 0 1 2 5 11 4 5 26 12 12 13 68 40 40 20 9 21 50 61 74 54 82 67 43 60 33 58 46 44 19 19 27 23 11 9 6 4 7 31 16 10 40 43 37 17 7 13 4 5 7 10 28 20 32 17 45
27 23 22 19 9 5 3 3 6 15 9 6 5 13 6 4 5 1 2 8 5 13 15 2 3 4 15 4 1 4 7 1 0 0 1 2 1 0 0 0 1 1 4 8 2 8 11 13 4 7 45 47 18 26 11 6 21 39 40 55 76 77 48 29 33 49 59 60 65 48 56 36 29 23 12 9 3 3 9 20 23 47 65 35 36 10 6 8 2 7 24 10 15 13 13 52
50 32 15 17 15 13 8 5 3 3 3 3 5 4 4 3 2 4 3 2 7 9 7 3 1 2 9 5 1 1 6 6 1 0 0 0 1 1 0 0 2 3 3 1 1 1 6 1 4 23 50 32 13 9 4 22 28 28 37 77 59 53 14 27 41 45 67 65 55 62 45 35 39 37 32 19 5 4 14 18 19 66 39 51 31 22 7 4 3 11 13 7 20 7 24 55
56 41 36 49 38 34 27 13 23 13 9 5 2 2 1 1 1 7 5 2 1 3 3 3 1 2 3 2 1 1 1 2 1 0 0 0 1 1 0 0 1 2 1 3 3 3 9 1 7 30 23 7 1 8 28 42 47 55 79 66 18 25 30 22 22 24 41 40 62 43 23 34 51 51 43 20 6 2 12 21 48 52 20 28 42 22 10 2 3 11 9 7 23 7 19 27
65 62 59 60 56 50 35 30 26 24 21 17 6 4 2 1 1 1 1 1 1 1 0 1 1 1 2 2 0 0 0 1 1 1 0 0 0 1 0 1 0 1 1 0 0 5 2 2 8 6 3 1 3 10 18 27 56 51 43 11 45 64 58 47 48 27 24 22 58 48 61 69 45 29 22 21 8 3 6 15 41 16 12 27 55 26 14 5 2 4 4 5 11 5 15 11
23 59 63 64 54 57 35 40 16 17 27 15 10 10 8 6 4 2 0 0 0 0 0 1 1 1 1 0 0 0 0 1 1 0 0 0 0 1 1 0 0 1 1 0 0 1 1 1 2 2 0 1 3 6 15 27 28 8 29 46 61 59 57 78 82 70 63 46 49 60 62 53 57 37 18 12 5 3 6 15 21 9 6 35 53 54 27 24 8 1 2 5 5 5 17 14
31 48 61 41 47 71 52 27 43 28 18 23 18 20 20 9 6 2 1 1 1 0 0 0 1 0 0 0 0 0 0 0 1 1 0 0 0 0 0 1 0 0 0 0 0 0 1 2 1 1 2 2 2 5 9 14 7 29 38 42 56 69 79 69 63 73 41 32 68 20 47 76 54 38 40 36 30 12 5 14 16 8 3 7 19 48 10 5 7 7 1 5 3 4 17 14
57 13 61 39 34 58 70 70 34 16 24 20 28 25 17 11 10 6 3 3 2 2 1 0 0 0 1 1 0 0 0 0 0 0 0 0 0 0 0 1 0 0 0 0 0 0 0 0 1 3 3 7 7 4 4 16 28 31 38 41 65 52 73 63 66 41 31 58 45 35 37 21 53 34 56 59 55 30 16 5 26 13 9 2 6 22 30 6 2 2 1 1 3 6 4 4
32 8 41 20 38 44 57 31 63 65 36 40 41 11 10 8 13 11 6 4 3 3 2 1 1 1 2 1 1 1 0 0 0 0 0 0 0 0 0 0 0 0 0 0 0 0 1 2 3 3 5 13 13 14 7 17 21 50 52 54 75 54 47 44 29 28 46 60 48 30 17 19 46 52 57 54 59 54 29 7 5 11 10 6 2 6 15 9 6 1 2 0 3 4 2 2
19 20 23 22 13 35 44 21 23 58 27 48 64 30 17 11 18 27 23 12 9 4 1 1 2 1 2 2 3 1 1 1 1 0 0 0 0 0 0 0 0 0 0 0 0 1 2 3 3 4 9 17 15 11 20 25 34 36 29 48 65 26 13 9 26 32 28 77 65 22 22 15 48 46 14 27 64 52 47 27 5 3 18 9 4 1 6 9 8 3 0 0 4 2 0 0
20 7 11 16 10 17 49 16 10 30 40 52 53 34 38 25 6 11 13 19 7 5 3 3 3 3 3 4 4 3 2 1 1 1 1 0 0 0 0 0 0 0 0 0 2 2 3 5 2 8 15 12 22 22 29 33 10 8 20 44 68 23 10 32 49 44 59 65 48 35 20 9 17 49 39 13 28 36 43 38 24 4 4 10 6 2 1 4 9 5 0 0 2 0 2 4
42 11 12 11 2 9 32 12 18 11 28 18 33 10 16 20 5 3 10 22 10 13 6 3 9 7 4 2 3 2 1 1 1 1 1 1 0 0 0 0 0 0 0 2 2 3 1 2 6 17 10 14 30 42 56 52 34 26 40 47 47 13 15 49 49 45 44 20 43 43 27 7 10 20 54 26 10 14 59 26 17 5 2 4 5 1 2 6 3 3 0 0 0 1 4 14
18 3 14 12 3 2 9 26 3 9 33 24 30 12 9 4 5 1 3 19 17 10 6 5 2 3 1 1 1 1 1 1 0 0 1 1 0 0 0 0 0 0 1 1 1 2 2 5 6 6 6 11 20 55 65 72 71 60 44 39 21 10 29 39 60 54 45 25 20 37 15 7 10 15 47 27 10 10 17 34 19 10 3 2 6 2 3 4 2 1 1 3 1 3 13 20
26 3 20 26 5 4 5 12 3 2 26 11 9 3 2 5 4 3 1 2 3 9 16 17 4 1 3 1 0 1 1 0 0 0 1 1 1 0 0 0 0 1 1 2 1 1 0 2 1 2 2 8 20 19 36 61 46 34 18 60 25 12 30 41 42 48 69 39 30 13 7 7 21 34 60 23 9 11 19 46 17 6 3 1 2 4 3 4 1 1 2 16 7 7 8 19
12 9 7 20 2 4 7 9 6 2 2 1 2 9 2 2 5 5 2 2 3 3 10 6 4 1 2 3 1 0 0 0 0 0 0 0 1 0 0 0 0 0 0 1 0 0 1 1 2 3 2 7 7 13 17 13 10 26 51 28 10 21 35 34 52 69 48 35 31 20 7 11 20 37 38 15 13 9 15 35 22 20 6 1 1 2 2 3 0 1 3 3 11 23 11 15
4 2 5 5 3 1 7 10 3 1 2 1 1 3 5 2 3 4 3 1 1 1 2 1 1 1 1 3 2 1 0 0 0 0 0 0 0 0 0 0 0 0 1 1 1 2 3 3 3 4 8 4 3 2 3 8 25 28 59 20 8 33 29 28 54 74 40 46 38 18 12 11 19 48 28 15 16 7 10 21 19 17 12 5 1 1 2 1 1 5 7 9 10 10 45 19
1 2 1 3 1 1 6 8 3 1 1 1 1 1 3 3 1 1 2 1 1 0 1 1 1 1 0 2 4 0 0 0 0 0 0 0 0 0 0 0 0 0 0 0 1 1 2 1 1 4 5 13 10 23 17 20 24 46 42 6 15 28 24 19 43 56 31 33 27 20 9 9 20 49 17 21 15 4 4 7 9 14 7 2 2 0 0 1 4 14 17 21 29 20 16 42
1 1 0 0 0 2 4 3 1 0 0 1 1 0 0 1 2 1 1 1 0 0 0 1 0 0 0 0 1 1 1 0 0 0 0 0 0 0 0 0 0 0 0 0 0 1 1 1 3 3 8 11 12 21 35 52 60 65 23 6 18 26 20 26 67 58 15 29 28 15 9 4 15 44 16 11 9 8 1 3 9 14 4 2 1 0 1 4 13 14 19 19 27 40 59 37
0 0 0 0 0 0 0 0 0 0 0 0 0 0 0 0 0 0 0 1 0 0 0 0 0 0 1 0 0 0 1 0 0 0 0 0 0 0 0 0 0 0 0 0 0 0 1 1 1 7 6 9 14 20 33 62 44 31 5 19 28 22 42 53 79 37 38 17 15 14 12 6 20 45 21 11 8 8 1 3 7 11 6 6 2 0 1 4 5 4 4 5 7 11 30 36
0 0 0 0 0 0 0 0 0 0 0 0 0 0 0 0 0 0 0 0 0 0 0 0 0 0 0 0 0 0 0 0 0 0 0 0 0 0 0 0 0 0 1 1 1 1 3 7 2 7 4 6 10 11 49 34 14 4 14 25 28 26 49 75 44 22 30 13 11 11 9 5 11 35 50 20 10 4 1 2 6 12 9 4 1 0 1 2 1 4 7 14 17 18 19 33
0 1 0 1 0 0 0 0 0 0 0 0 0 1 1 0 0 0 0 0 0 0 0 0 0 0 0 0 0 0 0 0 0 0 0 0 0 0 0 0 0 1 1 1 1 2 3 2 7 5 5 5 12 16 43 8 4 8 20 27 26 27 49 73 28 17 15 23 9 3 3 4 20 33 13 32 14 5 1 1 8 6 8 3 1 0 1 4 8 15 9 21 33 30 30 14
1 1 1 1 1 0 0 1 1 1 1 2 1 2 2 2 1 1 1 0 0 0 0 0 0 0 0 0 0 0 0 0 0 0 0 0 0 0 0 0 1 1 1 2 3 4 4 4 6 18 20 20 14 20 11 4 2 12 15 22 13 26 51 57 31 11 14 20 12 6 1 4 26 9 8 37 20 7 2 1 3 3 5 3 0 1 3 4 5 10 12 13 9 11 16 37
2 2 2 2 1 1 1 2 2 2 2 2 4 2 3 3 2 1 1 1 1 1 1 0 0 0 0 0 0 0 0 0 0 0 0 0 0 0 0 1 1 1 1 2 3 5 7 16 12 15 8 36 24 10 11 7 3 10 18 31 33 29 58 21 9 21 22 9 16 5 1 4 8 9 5 30 10 6 2 1 3 3 2 1 0 1 7 13 18 12 11 7 14 19 20 28
5 5 3 4 2 1 1 2 2 2 5 5 5 7 6 3 2 2 2 2 1 2 1 1 1 0 0 0 0 0 0 0 0 0 0 0 0 0 0 1 1 1 1 2 4 6 11 15 11 13 6 4 13 12 13 1 6 10 11 21 20 34 38 39 32 15 9 7 20 12 3 2 8 5 11 32 8 5 3 1 1 2 2 1 1 3 8 25 31 30 33 20 26 38 32 57
8 8 8 4 3 3 2 3 5 7 9 8 8 5 7 4 3 3 2 4 3 3 1 1 1 1 1 0 0 0 1 0 0 0 0 0 0 0 0 0 0 1 1 2 3 9 4 2 16 12 7 4 10 11 1 1 4 7 9 22 34 45 51 21 11 10 14 10 6 8 5 2 7 5 8 14 10 9 3 1 1 1 1 1 2 4 5 7 5 8 10 20 34 37 64 60
12 12 13 10 8 2 2 4 8 12 13 11 11 9 9 9 5 10 6 5 2 1 1 1 1 1 1 1 1 1 0 0 0 0 0 0 0 0 0 0 0 1 2 2 1 2 2 5 4 5 5 1 4 1 2 1 2 4 5 17 37 47 31 43 20 9 8 7 5 8 8 2 2 4 7 9 9 3 2 1 0 1 1 1 4 2 3 6 18 25 28 24 16 58 31 40
23 35 19 6 10 3 6 7 20 16 14 14 16 28 26 13 13 10 5 6 3 2 1 3 3 1 1 1 2 0 0 0 0 0 0 0 0 0 0 0 1 1 2 1 1 2 2 4 3 3 2 1 2 1 2 1 3 9 13 23 20 18 36 45 12 5 3 3 6 5 3 2 1 3 3 9 8 5 2 1 0 0 1 3 8 10 10 10 16 15 15 38 39 49 25 11
39 52 18 16 22 7 5 23 23 34 13 23 31 26 40 18 8 4 11 6 4 2 1 5 1 1 1 2 0 0 0 0 0 0 0 0 0 0 0 0 0 1 0 0 1 3 7 6 4 2 1 1 1 1 2 4 7 5 4 7 12 22 29 45 16 7 6 4 2 2 2 2 1 2 4 3 3 4 2 1 0 1 4 3 8 21 24 28 30 33 18 29 21 23 26 7
34 53 21 20 29 10 11 39 35 37 10 26 47 32 45 17 13 12 17 15 7 2 2 1 1 3 5 0 0 1 0 0 0 0 0 0 0 0 0 0 0 0 0 0 2 5 4 2 5 1 1 1 2 2 3 2 2 1 5 8 9 28 34 25 10 33 30 16 7 6 2 2 1 1 2 1 2 2 1 0 0 3 8 16 16 24 34 30 27 26 30 36 9 3 16 10
53 28 28 22 32 13 15 41 63 36 9 38 60 50 47 42 20 28 39 17 8 3 6 2 5 5 1 1 1 1 1 1 1 0 1 0 0 0 0 0 0 0 0 1 4 2 4 1 1 2 1 1 3 3 3 3 2 5 22 30 27 28 63 26 33 18 22 19 6 3 2 2 1 0 1 1 1 1 0 0 1 2 3 10 10 5 12 5 5 7 5 50 27 9 6 3
78 58 32 25 29 15 26 48 78 31 16 31 61 60 60 29 21 63 23 4 4 13 10 7 6 2 1 1 2 2 1 1 1 1 0 1 0 1 0 0 0 0 0 0 1 1 1 0 0 0 0 1 2 4 4 9 11 14 11 23 44 35 21 40 29 24 6 11 25 5 2 1 1 0 0 1 0 1 0 0 1 3 4 5 4 2 4 8 18 34 50 70 33 9 4 2
72 70 37 39 42 22 31 59 73 40 22 43 82 80 41 51 27 25 7 4 9 30 34 16 7 6 2 2 3 2 1 3 1 0 0 1 1 1 1 0 0 0 0 0 0 0 0 0 0 1 2 2 5 6 7 13 10 9 25 55 50 47 27 38 5 49 28 5 3 15 12 6 2 1 0 0 0 0 0 0 1 1 2 3 2 4 15 25 17 16 24 44 15 7 4 2
73 63 41 54 49 46 35 63 73 46 33 47 82 71 51 34 13 7 2 10 23 33 17 5 3 1 1 6 5 2 3 3 1 1 1 1 1 1 1 0 0 0 0 0 0 0 0 0 0 1 1 1 3 4 4 6 10 26 20 64 41 15 15 63 25 10 32 9 3 1 3 4 5 4 1 0 0 0 0 0 1 2 1 2 3 8 19 16 14 29 14 22 17 9 3 1
75 65 40 59 57 55 51 50 60 42 36 49 63 28 26 18 7 8 6 15 36 12 7 6 3 2 2 9 7 3 8 3 1 1 1 2 2 4 2 1 1 0 1 0 0 0 0 0 0 0 0 1 3 3 10 12 6 20 32 47 7 2 16 49 13 12 7 25 5 1 1 1 4 2 2 1 0 0 0 0 1 1 2 1 2 7 26 9 8 33 11 10 12 3 1 1
47 48 46 63 60 46 63 51 74 77 65 51 45 35 44 36 23 27 11 19 31 13 9 7 4 3 3 13 10 5 9 3 2 2 2 4 3 3 1 1 2 1 1 0 0 0 0 0 0 0 0 2 4 4 3 6 3 11 31 10 5 3 26 49 21 3 2 3 9 2 1 1 1 1 3 1 0 0 0 0 1 1 2 1 8 16 27 8 8 23 8 2 4 6 1 0
63 35 67 75 66 70 68 84 78 89 89 83 45 65 63 56 50 20 17 35 28 13 9 5 5 8 5 14 13 13 8 5 4 4 4 7 10 4 2 1 5 2 0 0 0 0 0 0 0 1 2 2 3 3 2 2 6 25 37 5 3 4 9 41 23 9 2 1 6 5 2 1 1 1 4 1 0 0 0 0 1 2 2 3 5 3 3 3 6 6 8 5 5 4 1 0
56 51 57 67 78 82 86 87 75 72 76 79 83 77 43 40 32 23 25 20 11 13 10 12 18 12 13 35 22 33 11 10 8 11 12 18 19 5 4 4 5 1 1 0 0 0 0 0 0 1 1 1 1 1 1 3 9 13 11 7 3 3 4 45 10 7 6 0 3 6 3 1 0 1 1 1 0 0 0 0 1 1 4 6 4 3 3 2 3 2 4 2 1 1 0 0
66 59 41 44 58 67 78 56 49 44 55 59 63 74 47 38 44 53 42 24 22 25 20 29 45 27 20 43 38 28 14 21 12 18 15 24 12 7 9 3 1 1 1 1 1 1 0 0 0 0 1 1 1 1 2 1 4 3 5 16 4 4 7 16 6 1 5 1 2 2 2 1 1 0 0 4 0 0 0 0 1 1 1 6 2 2 2 1 1 1 1 0 0 0 1 2
71 75 50 28 53 48 49 64 44 51 59 43 59 78 82 66 77 67 45 36 47 43 44 39 48 34 28 51 50 21 29 26 24 26 32 30 18 9 2 1 1 1 1 1 2 1 1 0 0 0 0 1 1 1 2 1 3 3 2 4 3 4 5 11 11 1 2 2 1 3 2 1 1 0 0 0 0 0 0 0 1 1 3 4 2 2 1 1 2 0 0 0 0 1 2 3
53 64 80 46 27 29 54 50 70 33 29 28 65 47 57 91 89 47 65 64 61 57 58 46 49 41 40 62 47 38 37 32 37 52 45 15 4 3 4 3 4 3 2 1 2 2 1 0 0 0 0 1 1 1 2 1 3 2 2 2 2 1 1 3 15 1 1 1 1 1 1 1 0 0 0 0 0 0 0 0 0 1 5 2 1 1 0 1 1 0 0 1 1 1 2 2
74 71 74 78 40 15 16 56 54 46 9 12 25 42 73 80 68 87 88 68 60 76 70 38 58 47 63 54 50 44 48 38 52 66 63 21 13 8 12 10 13 11 5 5 5 1 1 0 0 0 0 0 0 0 2 1 3 3 1 1 1 0 0 1 6 2 1 1 1 1 1 1 1 0 0 0 0 0 0 0 0 1 1 1 0 0 0 0 0 0 1 1 2 3 2 3
58 42 47 87 43 30 24 24 23 26 18 3 17 67 78 77 59 52 80 62 74 76 64 46 69 63 76 68 62 69 48 49 47 42 43 21 17 19 18 16 4 4 10 15 2 1 1 0 0 0 0 0 0 0 0 2 2 3 1 1 1 0 0 2 5 1 1 1 1 1 1 1 0 0 0 0 0 0 0 0 0 1 1 0 0 0 0 0 1 1 2 2 2 3 1 2
27 43 43 81 81 24 27 13 15 12 14 7 20 31 39 46 63 80 60 23 58 27 67 80 91 83 77 50 68 47 58 41 34 17 57 44 43 27 11 8 2 0 12 7 4 2 1 0 0 0 0 0 0 0 0 0 0 1 0 1 0 0 0 1 2 2 1 1 1 0 0 0 0 0 0 0 0 0 0 0 0 0 0 0 0 0 1 1 2 1 2 4 3 2 2 2
15 20 34 37 78 70 31 11 10 10 8 8 14 35 52 57 26 71 65 29 62 52 26 42 64 42 62 35 55 19 12 28 18 16 30 70 50 25 12 40 10 9 10 8 7 2 1 1 1 1 1 0 0 0 0 0 0 0 0 0 0 0 1 1 1 2 1 1 0 0 0 0 0 0 0 0 0 0 0 0 0 0 0 0 0 0 0 1 1 2 2 2 10 4 2 1
7 12 20 5 34 83 32 14 6 4 6 7 6 12 19 30 40 58 37 44 64 37 11 37 56 36 35 28 31 49 32 35 26 12 17 50 63 72 67 55 38 21 18 20 11 3 2 2 3 1 0 0 0 0 0 0 0 0 0 0 0 0 0 1 1 1 1 1 0 0 0 0 0 0 0 0 0 0 0 0 0 0 0 0 0 0 0 1 1 1 1 3 4 3 2 4
13 7 14 34 30 52 75 26 18 5 3 3 4 5 19 15 37 56 8 18 72 54 18 9 60 65 36 21 32 41 14 11 14 8 8 21 41 43 31 11 24 21 10 13 13 9 10 8 3 0 1 1 1 1 1 1 1 0 0 0 0 0 0 0 0 1 1 0 0 0 0 0 0 0 0 0 0 0 0 0 0 0 0 0 0 0 0 0 1 1 1 2 3 4 7 8
18 6 4 19 34 46 74 51 17 11 5 4 3 4 5 3 16 11 10 48 84 27 12 6 8 42 16 19 16 29 28 14 15 12 11 39 23 9 7 5 7 3 3 30 11 21 25 16 5 3 4 2 2 1 1 0 0 0 0 0 0 0 0 0 0 0 0 0 0 0 0 0 0 0 0 0 0 0 0 0 0 0 0 0 0 1 1 1 2 2 2 3 4 4 4 10
33 19 10 6 7 10 21 54 18 19 7 3 2 3 6 3 9 6 22 21 75 24 12 9 4 10 10 13 4 22 25 8 7 8 11 20 17 4 2 4 4 2 3 6 15 11 7 2 3 3 2 1 1 1 1 0 0 0 0 0 0 0 0 0 0 0 0 0 0 0 0 0 0 0 0 0 0 0 0 0 0 0 0 0 0 0 1 4 1 2 4 4 6 6 8 15
13 12 19 5 5 19 21 48 45 21 12 3 2 1 2 3 4 7 8 23 54 70 31 11 3 3 6 1 4 17 24 8 5 6 4 4 5 3 2 3 2 2 2 2 16 8 7 2 1 1 1 0 0 0 1 0 0 0 0 0 0 0 0 0 0 0 0 0 0 0 0 0 0 0 0 0 0 0 0 0 0 0 0 0 0 0 1 3 4 4 5 4 6 12 9 16
25 15 5 3 4 8 13 23 41 15 7 4 1 1 1 2 1 3 10 46 36 55 31 18 8 2 8 6 1 2 11 5 6 4 1 2 2 6 2 1 2 1 1 2 6 8 9 3 1 1 1 0 0 0 0 0 0 0 0 0 0 0 0 0 0 0 0 0 0 0 0 0 0 0 0 0 0 0 0 0 0 0 0 0 0 1 1 3 1 1 1 1 4 8 9 5
36 26 7 2 1 6 6 12 28 21 5 4 2 1 1 2 1 7 18 36 11 22 31 7 5 4 2 4 4 1 3 6 2 2 1 2 2 1 1 1 2 1 0 1 2 6 10 5 3 1 1 0 0 0 0 0 0 0 0 0 0 0 0 0 0 0 0 0 0 0 0 0 0 0 0 0 0 0 0 0 0 0 0 0 1 1 1 1 1 1 1 2 3 4 4 5
37 23 10 6 2 2 5 8 41 4 5 2 1 1 1 1 1 4 17 8 1 11 53 7 4 4 1 2 2 3 2 2 1 1 1 1 1 0 0 1 2 1 0 0 1 2 9 4 4 1 1 0 0 0 0 0 0 0 0 0 0 0 0 0 0 0 0 0 0 0 0 0 0 0 0 0 0 0 0 0 0 0 0 0 0 0 2 1 1 1 2 1 2 4 5 3
33 22 9 3 3 2 3 5 24 6 1 3 2 1 1 1 1 5 6 3 11 20 42 16 5 2 2 4 1 5 3 2 2 1 1 1 1 1 0 0 0 0 0 2 3 4 6 5 8 5 2 1 0 0 0 0 0 0 0 0 0 0 0 0 0 0 0 0 0 0 0 0 0 0 0 0 0 0 0 0 0 0 0 0 0 0 1 1 2 2 3 2 3 2 5 7
23 13 7 3 3 2 1 2 5 18 3 1 2 1 1 0 1 2 2 4 4 11 34 16 5 5 2 2 2 5 2 1 1 1 0 0 1 0 0 0 0 0 1 4 2 2 5 3 6 5 4 1 1 0 0 0 0 0 0 0 0 0 0 0 0 0 0 0 0 0 0 0 0 0 0 0 0 0 0 0 0 0 0 0 0 0 1 1 1 1 2 5 3 4 11 7
21 16 5 3 3 2 1 2 2 8 6 1 1 1 1 1 1 1 1 2 4 10 41 13 6 2 3 1 1 3 1 0 0 0 1 0 0 0 0 0 0 0 1 3 1 2 2 1 4 3 2 2 1 1 0 0 0 0 0 0 0 0 0 0 0 0 0 0 0 0 0 0 0 0 0 0 0 0 0 0 0 0 0 0 0 0 0 0 1 2 1 3 2 1 3 4
63 33 12 2 1 2 1 1 2 4 5 2 1 1 1 0 0 1 1 1 4 5 24 10 2 2 1 2 1 1 2 0 0 0 0 0 0 0 0 0 1 1 1 0 0 1 1 1 2 3 3 2 3 1 1 0 0 0 0 0 0 0 0 0 0 0 0 0 0 0 0 0 0 0 0 0 0 0 0 0 0 0 0 0 0 0 0 0 0 1 1 3 2 2 2 1
17 50 31 9 2 1 1 1 1 2 10 2 1 1 0 0 0 0 0 1 2 4 12 11 2 1 1 1 1 1 1 1 0 0 0 0 0 0 0 0 1 2 1 0 1 1 1 1 2 2 1 1 1 1 1 0 0 0 0 0 0 0 0 0 0 0 0 0 0 0 0 0 0 0 0 0 0 0 0 0 0 0 0 0 0 0 0 0 0 1 1 2 1 2 2 4
4 45 6 27 10 4 1 1 1 2 5 1 1 0 0 0 0 0 0 1 2 5 5 9 4 2 1 1 0 1 1 1 1 0 0 0 0 0 0 0 1 1 1 0 0 1 0 0 2 2 1 0 1 1 3 1 0 0 0 0 0 0 0 0 0 0 0 0 0 0 0 0 0 0 0 0 0 0 0 0 0 0 0 0 0 0 0 0 0 1 1 0 1 2 2 3
8 8 4 17 6 7 2 0 0 1 2 2 0 0 0 0 0 0 0 1 1 1 8 9 9 4 2 1 0 0 0 0 0 0 0 0 0 0 0 0 1 0 0 0 0 1 0 0 2 2 1 0 0 0 1 1 0 0 0 0 0 0 0 0 0 0 0 0 0 0 0 0 0 0 0 0 0 0 0 0 0 0 0 0 0 0 0 0 0 0 1 1 2 3 4 4
8 6 4 3 4 1 5 1 0 0 1 1 0 0 0 0 0 0 0 0 1 5 10 9 11 4 2 1 0 0 0 0 0 0 0 0 0 0 0 0 0 0 0 0 0 1 1 1 3 2 2 0 0 0 0 0 0 0 0 0 0 0 0 0 0 0 0 0 0 0 0 0 0 0 0 0 0 0 0 0 0 0 0 0 0 0 0 0 1 0 0 1 1 1 2 2
6 4 5 2 3 1 1 2 0 0 0 0 1 0 0 0 0 0 0 1 2 3 7 4 5 6 1 1 0 0 0 0 0 0 0 0 0 0 0 0 0 0 0 0 0 0 0 0 1 2 1 0 0 0 0 0 0 0 0 0 0 0 0 0 0 0 0 0 0 0 0 0 0 0 0 0 0 0 0 0 0 0 0 1 0 0 1 1 1 0 0 0 0 2 2 3
4 4 6 2 1 1 0 1 0 0 0 0 0 0 0 0 0 0 1 2 1 1 3 3 2 3 2 1 0 0 0 0 0 0 0 0 0 0 0 0 0 0 0 0 0 0 0 0 1 0 1 0 0 0 0 0 0 0 0 0 0 0 0 0 0 0 0 0 0 0 0 0 0 0 0 0 0 0 0 0 1 1 1 1 1 1 1 1 1 1 0 1 0 1 2 3
1 1 1 1 1 1 0 0 0 0 0 0 0 0 0 0 0 0 1 1 1 1 2 4 1 1 1 1 0 0 0 0 0 0 0 0 0 0 0 0 0 0 0 0 0 0 0 2 3 0 0 0 0 0 0 0 0 0 0 0 0 0 0 0 0 0 0 0 0 0 0 0 0 0 0 0 0 0 0 0 0 0 1 1 2 2 2 2 2 2 1 1 2 1 1 2
0 0 0 0 0 0 0 0 0 0 0 0 0 0 0 0 0 0 0 0 0 0 0 1 1 0 0 0 0 0 0 0 0 0 0 0 0 0 0 0 0 0 0 0 0 0 0 0 2 0 0 0 0 0 0 0 0 0 0 0 0 0 0 0 0 0 0 0 0 0 0 0 0 0 0 0 0 0 0 0 0 0 0 0 2 2 4 5 3 5 4 3 2 3 2 6
0 0 0 0 0 0 0 0 0 0 0 0 0 0 0 0 0 0 0 0 0 0 0 0 0 0 0 0 0 0 0 0 0 0 0 0 0 0 0 0 0 0 0 0 0 0 0 0 0 0 0 0 0 0 0 0 0 0 0 0 0 0 0 0 0 0 0 0 0 0 0 0 0 0 0 0 0 0 0 0 0 0 0 0 1 1 1 2 9 9 3 8 7 7 3 5
