sesion_6_simulaciones/modelos_agentes/ejemplos_netlogo/scenarios/echam4_a2/rob_2080.asc
NCOLS 322 
NROWS 307 
XLLCORNER 451900 
YLLCORNER 4086900 
CELLSIZE 100 
NODATA_value -9999 
[rows 216 to 287 of 307, columns 192 to 287 of 322]
10 17 22 27 25 27 29 22 23 11 8 9 6 4 2 1 0 0 1 2 1 1 2 2 5 5 6 19 25 24 46 25 20 23 35 48 49 23 32 47 42 22 16 11 16 7 8 5 2 3 5 1 4 2 4 1 1 1 1 0 0 1 1 3 3 4 10 24 28 45 58 55 41 42 23 42 23 14 3 1 0 0 2 2 1 4 3 6 10 21 11 28 25 15 33 45
9 6 14 17 14 14 26 25 17 21 16 12 7 3 2 1 0 1 1 2 1 2 4 5 2 2 5 8 12 13 29 32 24 42 45 46 31 28 22 43 21 12 7 8 10 10 12 3 3 8 2 3 1 2 4 1 0 0 1 0 1 1 5 5 8 10 19 28 38 45 58 43 46 41 22 13 16 8 3 1 0 1 1 1 3 2 10 7 16 6 9 19 17 20 20 23
17 16 19 17 9 4 7 22 22 19 11 8 5 3 2 1 0 1 1 4 3 5 5 6 3 3 3 4 3 9 16 31 30 56 54 48 39 24 23 13 17 9 7 4 4 5 12 3 2 2 1 1 2 3 2 1 1 1 0 1 4 2 8 20 9 11 23 28 38 59 61 66 55 40 31 19 7 2 1 0 0 1 2 2 3 4 6 11 10 13 24 22 27 32 32 34
30 36 21 19 21 21 21 25 12 11 9 7 4 1 1 0 0 2 3 9 9 7 12 13 7 4 6 10 13 13 14 19 35 42 63 53 28 36 25 14 17 14 12 8 4 2 1 5 3 1 2 1 1 1 0 3 1 0 0 1 3 7 11 35 35 43 50 23 13 14 57 74 91 74 33 22 13 5 2 1 1 1 2 5 3 5 10 9 14 17 21 36 27 36 47 37
42 28 30 53 49 34 28 26 19 9 7 6 3 1 1 0 1 3 6 15 23 8 12 16 20 13 9 19 19 21 23 17 35 38 50 29 43 26 22 14 19 19 7 10 4 2 1 1 1 1 2 1 1 1 1 0 0 0 0 3 9 18 20 61 66 56 64 86 67 44 46 67 82 72 71 40 26 4 1 1 1 1 2 3 8 8 9 14 18 16 24 27 41 34 37 56
19 10 6 38 28 20 24 11 7 4 5 4 2 1 1 0 1 4 11 12 27 37 25 25 23 16 20 21 23 22 22 27 24 36 32 24 18 22 22 15 25 16 14 16 5 4 2 1 2 0 2 1 0 0 1 1 0 0 1 2 5 7 5 37 72 61 68 83 91 75 38 27 26 44 54 8 3 1 1 1 2 1 3 4 4 6 4 7 10 17 31 22 26 27 43 47
11 13 10 6 32 24 20 14 7 4 1 4 1 1 1 1 3 4 6 9 15 30 58 46 32 34 24 25 42 45 24 27 52 37 28 14 21 30 22 19 17 10 11 17 5 5 4 1 1 2 1 1 0 0 0 0 0 1 5 5 4 6 14 11 54 82 76 70 82 86 62 56 41 20 18 4 3 2 1 3 5 3 3 4 4 6 5 4 9 14 25 30 36 33 36 24
33 41 34 31 19 14 16 15 7 5 3 1 0 0 1 3 5 5 4 12 22 44 55 63 38 43 42 32 43 44 29 33 42 38 34 16 23 19 18 16 15 9 12 20 7 3 5 2 2 1 1 0 0 0 0 0 0 1 1 2 2 7 15 18 43 76 73 66 81 85 66 51 42 24 8 5 6 4 4 4 6 3 3 4 6 10 10 7 8 19 21 23 34 37 37 39
39 34 40 35 30 24 22 14 10 5 3 1 1 1 1 6 8 15 9 15 23 49 57 71 58 43 39 45 42 56 47 29 30 29 31 16 26 7 16 13 8 9 11 23 21 4 5 3 1 1 1 0 1 0 0 0 0 1 1 3 5 9 19 33 24 35 11 8 19 75 83 60 36 11 11 10 10 6 5 4 7 5 2 4 5 9 11 14 16 14 21 35 33 35 39 57
25 24 26 22 19 15 12 11 10 6 2 2 0 0 1 10 18 21 20 20 26 32 44 57 61 57 44 43 37 52 69 47 29 29 14 15 16 13 23 10 6 6 10 11 16 13 2 3 1 0 0 0 0 0 0 0 0 0 1 3 7 13 37 32 22 27 19 27 13 23 67 51 27 27 18 23 21 9 7 3 6 7 8 3 4 5 7 14 19 15 19 37 38 34 40 46
26 26 26 14 7 9 11 10 5 2 2 1 0 1 6 15 16 27 30 35 24 32 49 45 58 73 52 43 43 31 40 47 21 28 19 22 22 19 11 10 5 7 6 6 6 7 3 6 2 0 1 1 0 0 0 0 1 1 1 4 14 25 26 21 17 20 29 46 30 29 38 17 26 25 31 27 16 12 9 4 11 10 8 1 7 7 13 5 9 12 17 16 34 40 33 42
22 38 33 31 25 20 13 9 7 3 1 0 0 2 15 14 22 18 35 49 46 50 47 42 50 66 77 43 55 29 31 40 26 16 29 28 17 14 13 11 3 4 4 5 9 7 7 8 5 1 1 0 0 0 0 0 0 1 2 8 18 30 17 12 36 31 42 45 35 39 24 20 28 38 36 34 28 24 14 4 9 13 14 5 9 6 6 7 8 10 12 18 19 19 37 45
33 27 25 18 16 9 6 5 3 2 1 0 1 5 16 13 10 23 46 52 62 72 74 53 51 50 73 30 49 25 24 40 13 13 25 25 24 18 12 11 6 6 5 4 9 9 5 7 2 2 1 0 0 0 1 2 1 3 6 16 12 8 11 22 55 51 36 29 33 28 34 32 44 43 54 41 36 28 6 2 6 21 17 11 18 12 7 16 10 15 22 24 24 23 22 42
41 31 21 15 11 11 6 5 3 1 0 0 2 9 10 9 8 20 26 39 40 61 70 75 54 41 53 48 56 23 39 19 11 10 14 26 22 25 9 9 9 10 5 5 6 8 7 3 1 1 1 1 0 0 1 1 2 1 5 1 4 15 20 52 52 36 28 25 39 48 48 48 51 61 38 32 29 20 11 1 1 20 32 20 13 17 21 21 10 12 18 23 39 34 37 42
20 23 21 6 5 6 8 4 3 1 0 1 4 9 10 14 30 14 23 33 50 51 63 53 62 50 54 58 41 19 29 12 10 25 14 21 20 11 10 13 15 12 4 5 15 8 8 3 3 0 0 0 0 0 0 0 10 4 1 5 10 14 28 31 19 19 22 28 26 39 62 67 60 34 16 17 15 10 2 0 5 7 30 17 16 17 34 46 16 13 15 29 29 25 35 42
9 7 15 8 11 11 7 4 2 1 0 1 4 13 21 34 25 23 35 49 43 50 61 61 44 43 45 37 33 34 45 16 10 15 21 13 17 13 10 10 11 6 7 4 4 5 6 4 2 1 0 0 0 0 0 1 0 29 18 8 6 3 12 13 23 24 20 16 12 44 80 68 45 31 21 11 8 4 1 3 4 10 20 17 27 17 26 31 41 15 17 29 29 35 28 40
11 4 2 8 10 8 5 2 2 1 0 2 9 16 29 30 19 29 43 43 37 60 65 59 39 36 40 26 42 55 21 15 14 25 11 18 15 14 12 10 10 8 15 3 6 6 5 2 1 0 1 0 0 0 1 4 2 3 6 9 5 14 8 12 12 22 23 10 25 43 57 41 44 42 22 9 3 4 4 11 8 10 9 39 35 12 10 15 54 16 15 29 31 30 23 28
8 8 7 7 11 9 4 2 1 1 0 1 4 9 16 20 32 40 49 66 44 37 64 45 54 33 34 32 6 46 18 16 11 19 16 9 10 14 11 10 10 7 17 3 3 15 5 2 1 1 1 0 0 2 3 1 4 6 3 2 6 3 7 13 13 17 12 44 39 22 46 35 36 33 24 7 5 8 7 7 14 17 11 19 24 25 15 26 33 32 27 17 20 43 31 26
17 14 15 7 8 3 1 1 0 1 1 2 2 6 14 13 25 33 49 62 62 65 69 44 51 42 39 27 27 22 35 13 9 12 11 4 5 11 12 14 8 3 8 8 1 5 3 6 1 1 1 0 0 1 1 1 1 1 2 7 6 8 9 19 9 12 33 15 13 32 38 37 34 14 4 4 8 6 13 9 13 14 18 23 37 43 15 18 34 34 58 35 13 21 47 34
4 13 9 6 2 2 2 0 0 1 2 2 3 3 12 14 17 33 50 51 63 47 51 11 21 39 46 6 5 10 23 5 7 26 9 7 11 14 5 2 4 2 7 7 1 4 5 2 0 1 1 0 0 1 1 0 2 4 15 8 3 6 18 34 23 21 44 48 48 43 37 35 20 12 4 6 16 10 26 9 15 16 20 19 38 30 48 19 33 19 9 39 18 17 21 29
9 7 10 6 2 1 0 0 1 2 3 4 5 4 4 7 20 22 39 50 48 26 20 36 27 23 11 10 22 10 12 10 9 10 11 10 9 7 8 3 4 4 4 7 1 2 3 1 0 0 0 1 0 1 0 1 2 1 2 5 7 15 23 33 40 45 35 33 51 49 73 51 27 14 4 1 5 19 19 11 18 19 26 15 20 32 29 46 37 32 21 46 25 6 16 14
15 8 7 4 2 1 1 2 3 2 4 5 6 7 4 4 18 25 25 25 29 55 47 36 35 33 21 13 13 13 9 6 8 7 3 6 5 6 8 2 7 4 2 6 1 1 2 1 1 1 0 0 1 1 0 1 1 1 5 5 14 12 15 62 74 40 40 31 70 43 37 38 12 11 11 11 11 23 24 22 31 21 22 21 22 16 28 51 62 65 19 17 33 16 23 35
8 8 6 1 1 1 2 2 2 3 7 10 9 8 8 6 7 11 17 28 37 38 44 27 16 21 26 12 16 8 9 8 5 14 4 6 3 6 3 4 2 3 1 4 1 1 1 1 1 1 1 0 0 0 0 0 0 2 3 4 8 8 28 53 58 77 46 28 23 31 27 9 4 14 21 22 12 14 32 30 42 25 24 23 26 25 14 11 13 27 47 45 32 20 21 27
7 5 2 1 1 2 2 2 2 4 7 12 16 17 9 10 24 17 13 35 47 56 36 39 31 34 19 11 13 10 4 4 7 3 2 15 1 4 2 2 2 2 6 3 1 1 2 2 0 0 0 0 0 0 0 0 1 4 6 26 32 27 21 32 41 25 47 54 36 27 13 3 8 24 15 35 13 15 29 43 34 43 28 26 24 22 31 20 17 23 40 37 25 60 20 34
5 4 3 1 1 2 2 3 4 7 11 14 16 18 17 12 28 23 23 19 32 17 22 21 16 26 13 7 14 9 8 6 2 1 1 4 1 4 1 2 1 1 5 3 2 1 3 1 1 0 0 1 0 1 0 1 2 1 5 10 18 18 10 19 37 33 48 31 42 30 21 3 14 18 18 32 35 15 19 30 35 48 30 42 30 15 21 30 9 4 10 9 10 35 46 29
5 2 2 1 2 4 5 5 5 11 12 16 17 19 36 21 28 37 27 43 50 44 52 45 40 28 21 26 22 11 28 24 14 3 5 3 4 3 1 1 1 0 0 2 1 0 1 1 1 0 0 1 3 4 21 10 11 9 16 10 18 22 29 41 36 36 41 38 39 25 8 3 16 21 31 29 33 27 27 41 31 50 33 46 31 18 20 30 38 12 21 21 12 7 8 11
9 4 3 3 5 5 6 10 7 7 14 18 13 28 35 24 12 16 48 57 64 50 53 57 55 53 48 47 64 53 14 9 6 3 1 1 2 1 2 1 1 0 0 1 0 0 0 1 0 0 0 0 0 0 1 3 28 30 13 19 21 22 11 43 34 29 37 37 15 11 4 6 18 23 16 25 30 41 31 42 27 18 47 45 34 18 21 37 31 17 21 27 21 32 37 41
7 4 3 6 7 7 12 14 13 12 8 10 24 26 25 41 10 11 21 29 49 59 30 47 53 63 51 29 4 11 21 7 3 3 3 3 2 1 2 0 1 0 0 1 0 1 0 0 0 0 0 0 0 0 0 0 3 14 40 63 72 23 23 19 19 27 32 39 36 13 7 16 33 29 26 30 56 43 42 41 40 17 25 57 40 17 18 24 25 18 26 15 27 29 41 45
2 2 7 8 8 15 14 15 14 14 8 11 18 25 18 31 23 8 20 28 36 43 23 47 27 20 14 8 5 6 10 6 4 5 3 1 2 2 1 0 0 0 0 0 0 0 0 0 0 0 0 0 1 1 2 3 6 19 16 14 25 62 45 33 33 38 48 37 31 13 10 30 33 42 39 30 48 52 38 31 27 26 10 40 54 27 28 13 33 18 31 28 18 32 27 21
4 5 9 11 17 16 19 19 18 17 11 14 17 19 28 18 42 7 9 9 17 12 23 21 24 28 18 19 19 11 19 5 4 6 4 2 2 1 0 0 0 1 6 1 0 0 0 0 0 0 1 1 1 2 6 4 4 6 10 7 9 22 47 45 41 31 42 37 21 6 18 34 31 37 41 39 28 55 40 50 28 40 28 29 66 31 40 20 34 25 27 39 26 26 20 26
2 8 12 12 17 20 18 20 22 19 12 16 18 27 38 28 26 12 10 21 13 11 25 23 25 26 26 18 15 23 19 15 11 17 3 2 1 1 1 1 2 1 0 0 1 0 0 0 0 2 4 0 2 2 2 4 10 13 19 13 13 17 17 23 31 28 25 32 21 13 18 33 31 41 34 31 29 38 46 54 37 25 39 25 68 19 22 30 18 39 24 25 24 17 18 18
6 12 22 14 20 12 15 22 34 32 12 10 21 16 44 70 11 12 9 32 29 28 19 20 25 18 24 11 13 16 14 10 7 6 5 4 2 2 2 1 0 0 0 0 0 0 0 0 3 7 0 0 0 5 4 5 7 13 9 11 22 15 20 15 18 19 23 19 14 17 30 34 30 30 31 30 34 38 47 38 33 29 35 42 64 17 22 25 15 40 25 12 34 11 6 13
13 14 17 24 24 15 24 26 39 38 16 8 13 25 39 38 14 16 11 24 32 29 26 14 17 9 19 19 16 16 9 8 8 6 5 3 2 2 1 1 0 0 0 0 0 0 0 1 0 1 0 0 1 1 3 38 14 18 17 21 18 16 16 16 16 18 18 13 12 14 25 28 20 31 26 38 49 29 31 53 37 42 39 40 56 31 36 15 36 36 8 17 34 9 12 14
16 16 16 38 25 16 17 31 40 54 21 12 22 24 38 50 29 22 19 32 35 49 24 28 25 8 15 13 13 11 16 6 8 6 4 2 1 1 1 1 1 1 0 0 0 0 0 0 0 0 0 1 2 3 7 4 10 13 27 29 23 18 16 18 19 20 18 11 6 22 27 27 33 29 44 35 32 38 25 20 38 40 26 43 21 80 40 11 21 35 6 16 14 22 13 16
20 29 18 45 26 17 18 32 35 46 12 12 22 26 36 40 46 6 31 34 33 46 27 26 24 30 15 14 7 6 6 11 16 7 2 4 1 3 1 1 1 1 0 0 0 0 0 0 0 1 1 1 3 4 13 3 3 4 5 15 13 20 20 26 25 28 26 14 6 23 22 22 31 35 44 16 28 20 40 14 21 20 26 13 40 72 21 12 49 13 6 14 11 25 22 19
16 18 33 34 29 29 19 23 40 60 13 22 27 36 30 51 12 10 32 32 41 44 45 23 40 21 21 17 10 9 6 21 28 7 7 3 2 2 1 1 1 0 0 0 0 0 0 0 0 1 1 1 3 8 8 2 7 14 14 19 21 23 26 37 33 40 30 15 6 24 25 21 43 29 33 41 36 24 13 26 13 21 23 23 17 42 35 22 33 12 11 18 8 11 5 38
8 11 36 34 32 32 20 25 37 45 15 26 34 52 53 31 9 9 29 29 28 48 37 36 21 19 33 20 16 14 15 16 19 12 6 6 4 1 3 1 0 0 0 0 0 0 0 0 0 0 0 1 2 3 9 8 10 17 19 24 33 39 32 31 25 20 26 8 12 26 31 26 41 38 25 24 33 22 23 6 36 7 11 34 42 43 49 66 24 11 18 13 17 19 12 37
18 19 38 42 49 35 21 26 42 44 13 15 37 55 39 13 8 21 28 27 38 36 33 31 30 20 26 19 28 23 22 11 4 4 6 4 3 1 1 1 1 0 0 0 0 0 0 0 0 0 0 0 2 6 6 6 16 23 30 19 43 24 12 21 30 25 14 11 11 22 42 24 35 39 38 27 39 20 25 16 11 28 10 4 6 23 43 52 17 30 20 15 13 28 9 9
16 22 25 32 66 41 21 28 34 43 11 14 37 54 26 13 10 24 34 27 24 26 30 26 50 16 19 16 13 22 19 11 10 5 4 2 2 2 2 1 1 0 0 0 0 0 0 0 0 0 0 1 2 2 8 18 7 14 9 12 11 13 25 32 21 23 23 9 14 12 43 27 26 24 28 31 26 21 8 16 9 28 13 10 5 5 17 34 24 51 21 18 12 30 5 8
19 38 26 23 35 59 23 29 47 16 14 17 24 60 34 15 8 30 31 27 35 42 32 42 32 24 11 13 22 17 6 16 23 10 2 2 1 1 1 1 0 0 0 0 0 0 0 0 0 0 0 1 1 3 8 7 18 8 14 18 17 17 19 18 23 25 15 10 10 18 17 41 22 19 23 23 32 27 16 31 9 8 16 10 8 7 8 18 27 29 16 19 14 18 7 12
20 26 42 35 17 41 14 37 65 17 17 29 38 51 19 21 3 17 36 30 42 29 29 40 34 25 21 6 4 5 6 4 5 1 1 2 2 1 1 1 1 0 0 0 0 0 0 0 0 0 1 1 2 3 9 11 22 15 14 27 18 25 31 21 26 28 13 11 13 28 27 26 41 17 18 19 40 25 16 15 17 8 6 27 13 7 9 9 24 18 27 16 13 9 13 6
22 27 44 48 24 56 13 28 64 31 16 42 45 31 16 6 5 12 18 31 42 40 24 23 23 43 19 6 8 5 5 4 5 3 1 1 1 1 1 1 0 0 0 0 0 0 0 0 0 0 1 1 1 2 3 4 5 20 22 20 26 15 18 22 19 23 22 6 14 27 29 23 36 8 22 19 19 28 34 31 25 10 7 6 16 7 5 13 22 56 37 12 8 7 13 5
21 25 26 53 24 49 23 25 33 39 19 43 41 13 6 9 15 23 30 36 26 27 29 13 19 19 30 9 5 5 7 5 5 3 2 2 1 1 0 0 0 0 0 0 0 0 0 0 0 0 0 1 7 4 3 16 15 42 23 16 25 27 30 31 33 21 20 11 16 29 21 33 49 13 13 28 18 30 22 18 33 8 11 12 34 7 4 6 5 24 28 11 10 4 23 11
17 18 15 33 53 27 39 17 44 17 46 25 14 5 15 14 21 16 51 46 18 22 22 20 9 12 30 24 7 7 4 5 3 1 1 1 1 1 0 0 0 0 0 0 0 0 0 0 0 0 0 1 1 3 8 11 8 31 12 11 15 21 26 25 16 15 12 21 22 25 26 32 7 20 22 27 21 12 21 16 51 10 10 7 12 17 9 10 13 12 28 7 18 5 9 15
33 20 15 22 28 36 42 21 55 44 29 9 6 13 17 24 26 16 16 14 26 25 20 28 21 11 8 3 7 11 3 4 2 1 2 2 1 1 0 0 0 0 0 0 0 0 0 0 0 0 0 1 2 1 4 6 9 16 10 3 10 15 20 18 12 10 10 20 20 22 24 36 9 9 4 8 22 25 48 7 37 18 10 11 6 5 23 7 10 12 8 20 4 5 8 14
22 29 22 17 15 24 47 23 25 11 8 3 9 16 25 30 28 11 15 14 22 23 13 4 8 4 5 13 2 3 6 7 3 4 1 2 0 0 0 0 0 0 0 0 0 0 0 0 0 0 1 0 1 1 2 5 6 18 12 13 22 18 21 12 18 19 10 20 19 21 16 30 8 15 8 10 11 7 21 9 8 21 9 12 5 12 14 2 9 13 17 12 3 5 4 5
22 30 22 27 32 37 40 25 30 7 10 9 13 25 23 26 35 17 19 18 20 20 11 7 6 7 5 3 3 7 2 2 2 9 1 2 0 0 0 0 0 0 0 0 0 0 0 0 0 0 1 0 1 1 4 2 8 26 31 28 22 15 20 20 18 15 16 24 16 17 16 23 9 17 14 11 15 12 14 25 4 19 7 17 4 4 13 2 4 4 14 9 2 4 4 12
20 30 26 28 32 44 41 8 5 3 11 10 19 23 22 33 18 38 26 16 16 15 12 14 12 10 7 3 4 8 2 3 1 1 1 2 1 1 0 1 0 0 0 0 0 0 0 0 0 0 1 0 0 1 2 4 10 45 11 15 25 15 20 15 13 13 21 29 14 15 16 16 14 15 20 11 14 13 11 10 12 38 10 13 8 2 20 6 2 2 7 12 3 4 3 1
16 35 32 26 57 55 7 6 8 10 21 17 15 22 20 32 10 16 41 9 17 11 6 8 14 11 3 5 5 5 11 2 1 0 0 0 0 0 0 1 1 0 0 0 0 0 0 0 0 0 0 0 1 1 4 5 8 18 14 10 21 18 12 4 15 8 9 31 14 14 21 13 21 11 17 14 11 13 10 7 12 3 17 13 12 2 5 3 1 2 2 12 2 5 5 5
17 24 50 41 63 8 9 7 9 18 19 20 27 39 8 41 8 14 16 35 8 20 5 4 6 12 11 7 5 3 1 2 1 1 1 0 0 0 0 0 0 0 0 0 0 0 0 0 0 0 0 0 0 1 3 7 3 12 32 25 10 9 7 3 21 12 12 31 17 11 22 12 29 16 15 17 9 9 13 7 4 3 10 5 8 3 1 9 2 2 3 7 5 5 2 3
9 23 48 77 31 4 8 14 18 17 30 37 13 19 9 9 20 7 14 14 7 13 7 6 6 9 6 11 5 5 4 2 3 1 1 1 0 0 0 0 0 0 0 0 0 0 0 0 0 0 0 0 0 1 3 4 18 11 11 24 11 7 2 6 9 23 12 12 17 9 15 10 21 17 8 15 13 7 7 12 9 2 3 10 11 3 1 5 2 2 3 1 9 4 2 15
10 27 58 42 4 5 16 15 11 31 18 49 9 20 8 7 13 44 6 16 19 10 15 4 4 9 10 5 5 7 3 2 5 1 1 1 0 0 0 0 0 0 0 0 0 0 0 0 0 0 0 1 1 1 2 3 8 9 12 12 12 7 3 8 6 12 10 10 18 8 10 14 9 19 7 7 23 6 6 7 10 2 4 4 7 3 1 2 3 2 1 1 1 2 2 2
9 27 44 15 6 9 13 15 8 18 8 40 9 24 23 6 19 42 4 17 29 5 22 4 4 10 9 8 2 1 8 1 1 1 2 1 0 0 0 0 0 0 0 0 0 0 0 0 0 0 0 0 0 1 1 2 5 7 6 17 11 6 5 9 12 15 6 7 15 13 7 6 4 11 6 6 9 8 5 4 1 1 4 2 5 2 1 1 3 4 1 1 2 2 5 0
7 29 23 16 6 8 17 27 6 9 9 25 6 13 33 9 13 39 6 6 11 8 12 5 4 4 4 6 5 3 1 1 0 0 0 1 1 0 0 0 0 0 0 0 0 0 0 0 0 0 0 1 0 1 1 2 1 4 7 6 4 8 8 8 7 11 12 8 8 11 3 6 4 6 7 5 7 2 2 5 2 2 1 2 7 6 1 1 1 3 0 1 2 3 3 1
19 20 30 7 6 9 10 15 6 9 9 11 12 6 23 5 4 24 6 4 4 3 18 8 3 2 3 3 2 2 3 1 0 1 0 0 1 0 0 0 0 0 0 0 0 0 0 0 0 0 1 0 0 0 1 2 5 12 8 4 2 6 7 7 7 7 26 4 8 11 3 5 5 6 13 1 4 4 2 1 3 1 1 1 2 7 1 1 1 2 1 1 1 7 18 6
51 25 5 5 9 8 9 10 5 19 10 4 12 4 35 4 3 11 6 3 4 7 12 4 2 3 2 5 4 2 1 1 1 1 0 0 0 1 0 0 0 0 0 0 0 0 0 0 0 0 0 1 1 0 1 2 4 11 12 4 2 13 6 4 6 6 12 5 3 11 5 2 3 11 6 2 2 2 5 1 2 4 1 1 8 3 0 1 0 6 2 0 0 0 1 1
4 2 5 4 7 8 14 14 8 14 6 3 30 3 3 12 4 15 6 2 2 4 4 12 3 4 2 4 3 2 1 0 1 1 0 0 0 1 0 0 0 0 0 0 0 0 0 0 0 1 1 0 2 1 1 1 1 9 14 2 3 5 7 3 6 5 4 9 3 14 6 3 3 3 8 2 2 3 2 2 1 0 4 1 1 3 1 2 0 2 5 1 2 1 1 0
10 4 13 9 7 8 16 6 19 8 2 4 11 3 3 11 2 3 13 1 5 3 2 7 1 3 3 2 2 1 2 1 0 0 0 0 0 0 0 0 0 0 0 0 0 0 0 0 0 0 1 1 0 1 1 0 2 4 3 1 4 15 8 3 2 10 2 6 2 3 19 2 4 4 2 2 2 2 3 2 1 1 1 1 0 3 3 2 1 1 12 0 1 0 1 0
17 7 4 8 8 9 6 5 12 4 4 3 2 2 2 4 2 2 10 3 3 2 1 2 3 2 2 1 1 1 1 1 1 0 0 0 0 0 0 0 0 0 0 0 0 0 0 0 0 0 0 0 0 1 1 4 3 2 3 3 2 10 4 2 3 4 8 1 5 1 6 1 2 6 1 1 6 1 1 1 2 1 1 0 0 0 3 3 1 0 4 1 1 0 1 1
37 9 5 4 4 5 2 5 9 1 4 3 2 2 1 4 2 2 4 1 1 4 1 0 0 1 1 0 2 2 1 0 1 0 0 0 0 0 0 1 0 0 0 0 0 0 0 0 2 0 0 0 0 0 2 7 3 1 1 4 2 2 5 2 4 2 11 1 11 1 3 2 1 2 1 3 1 1 0 1 1 1 1 0 0 0 0 0 2 2 1 1 0 0 1 0
13 3 1 4 2 2 2 2 6 1 2 1 1 4 1 4 1 5 2 1 1 2 1 1 1 1 1 1 1 1 1 1 0 0 0 0 0 0 0 1 0 0 0 0 0 0 0 0 0 0 0 0 0 1 2 3 2 1 0 6 3 2 1 4 3 3 5 1 6 1 1 1 2 4 1 1 1 0 1 0 0 1 0 0 0 0 0 0 0 0 2 0 0 0 1 0
15 2 10 3 3 2 2 2 1 1 2 2 1 4 4 1 2 2 2 2 2 1 1 1 1 2 1 1 0 0 0 0 0 0 0 0 0 0 0 0 0 0 0 0 0 0 0 0 0 0 0 0 0 3 3 2 2 2 1 1 3 1 2 1 2 4 2 3 0 2 4 0 3 4 1 0 1 0 0 0 1 0 1 0 0 0 0 0 0 0 0 1 0 0 0 0
6 3 1 1 1 2 2 1 2 1 1 1 1 2 2 0 1 1 1 0 1 1 1 1 2 1 1 1 1 0 0 0 1 0 0 0 0 0 0 0 0 0 0 0 0 0 0 0 0 0 0 0 1 1 2 1 0 1 1 1 3 1 1 2 0 1 1 1 0 1 3 0 1 2 0 0 0 1 0 0 0 1 0 0 0 0 0 0 0 0 0 0 1 0 0 0
1 3 1 1 1 1 1 1 4 1 1 1 1 0 1 1 1 0 1 0 0 1 1 1 1 0 1 1 1 0 0 0 0 0 0 0 0 0 0 0 0 0 0 0 0 0 1 0 0 0 0 0 1 1 2 1 1 1 1 1 3 1 0 0 1 1 0 2 0 1 2 1 3 1 0 0 0 0 0 0 0 0 0 0 0 0 0 0 0 0 0 0 0 0 0 0
1 11 1 1 0 1 1 1 0 1 0 0 1 0 1 0 0 0 3 1 0 0 0 2 0 0 0 1 1 0 0 0 0 0 0 0 0 0 0 0 0 0 0 0 0 0 0 0 0 0 0 0 1 2 1 0 1 1 1 1 3 1 2 1 0 1 0 1 0 0 0 0 2 0 0 0 0 0 0 0 0 0 0 0 0 0 0 0 0 0 0 0 0 0 0 0
1 4 1 0 0 0 1 1 0 1 0 0 0 0 0 0 0 1 0 0 0 1 1 0 1 0 0 0 0 0 0 0 0 0 0 0 0 0 0 0 0 0 0 0 0 0 0 0 0 0 0 1 2 2 0 0 1 1 1 1 1 2 1 2 1 0 0 1 0 0 0 1 0 1 0 0 0 0 0 0 0 0 0 0 0 0 0 0 0 0 0 0 0 0 0 0
0 2 2 0 1 0 0 1 0 1 0 0 0 0 0 1 0 0 0 0 0 0 0 0 0 0 0 0 0 1 0 0 0 0 0 0 0 0 0 0 0 0 0 0 0 0 0 0 0 0 1 1 2 0 1 1 1 1 1 1 1 1 0 1 1 0 0 0 0 0 0 0 0 1 0 0 0 0 0 0 1 1 0 0 0 0 0 0 0 0 0 0 0 0 0 0
0 1 1 0 0 0 0 0 0 0 0 0 0 0 0 1 0 0 0 0 0 0 0 0 0 0 0 0 0 0 0 0 0 0 0 0 0 0 0 0 0 0 0 0 0 0 0 4 1 3 3 4 0 0 0 0 1 1 1 1 1 0 1 0 0 1 2 0 0 0 0 1 0 0 0 0 0 1 0 0 0 1 0 0 0 0 0 0 0 0 0 0 1 0 0 0
0 0 1 0 0 0 0 0 0 0 0 0 0 0 0 0 0 0 0 0 0 0 0 0 0 0 0 0 0 0 0 0 0 0 0 0 0 0 0 0 0 0 0 0 1 3 6 1 1 2 1 0 0 0 1 0 0 0 0 0 0 0 0 0 0 1 0 0 0 0 0 0 0 0 1 0 0 0 1 0 0 1 0 0 0 0 0 0 0 0 0 0 0 0 0 1
0 0 0 1 0 0 0 0 0 0 0 0 0 0 0 0 0 0 0 0 0 0 0 0 0 0 0 0 0 0 0 0 0 0 0 0 0 0 0 0 0 0 0 2 1 1 6 8 1 0 0 0 0 0 0 0 0 0 0 0 0 0 0 1 1 1 0 0 0 0 0 0 0 0 0 0 0 0 0 0 0 0 0 0 0 0 0 0 0 0 0 0 0 0 0 1
0 0 0 1 0 0 0 0 0 0 0 0 0 0 0 0 0 0 0 0 0 0 0 0 0 0 0 0 0 0 0 0 0 0 0 0 0 0 0 0 0 2 4 4 7 1 2 8 3 0 0 0 0 0 0 0 0 0 0 0 0 0 1 1 1 0 0 0 0 0 0 0 0 0 0 0 1 0 1 2 2 1 0 0 0 0 0 0 0 0 0 0 0 0 1 0
0 0 0 1 0 0 0 0 0 0 0 0 0 0 0 0 0 0 0 0 0 0 0 0 0 0 0 0 0 0 0 0 0 0 0 0 0 0 0 0 2 7 7 5 7 16 10 2 0 0 0 0 0 0 0 0 0 0 0 0 0 0 1 0 0 0 0 0 0 0 0 1 2 0 0 0 0 0 1 0 0 0 0 1 0 0 0 0 0 0 0 0 0 0 1 0
