sesion_6_simulaciones/modelos_agentes/ejemplos_netlogo/scenarios/echam4_a2/rob_2051.asc
NCOLS 322 
NROWS 307 
XLLCORNER 451900 
YLLCORNER 4086900 
CELLSIZE 100 
NODATA_value -9999 
[rows 222 to 295 of 307, columns 0 to 95 of 322]
7 11 19 33 35 21 37 29 5 17 19 21 41 16 14 8 8 3 4 5 14 22 28 32 22 21 15 32 47 25 14 40 54 22 45 36 22 24 34 59 27 27 43 51 45 73 46 58 63 84 83 56 43 44 41 24 34 49 32 40 46 30 21 42 27 32 16 19 12 8 7 5 2 1 1 1 0 0 0 0 0 0 0 0 0 0 1 3 3 2 1 1 3 5 12 5
17 21 14 11 15 24 27 39 23 10 11 25 28 14 7 7 8 16 20 19 23 33 20 60 37 34 29 28 33 40 23 32 22 26 53 14 17 23 30 57 56 38 33 55 21 14 28 16 21 64 73 58 57 39 32 34 20 24 37 42 32 46 21 26 36 18 15 15 17 6 3 2 1 1 0 0 0 0 0 0 0 0 0 0 0 1 1 2 5 5 2 3 6 7 1 1
20 35 47 68 43 39 35 39 23 31 37 53 23 14 14 20 17 35 15 18 60 15 27 31 32 24 17 49 37 30 28 31 24 41 28 19 26 34 30 52 41 42 38 79 75 62 52 53 46 26 33 49 35 31 23 22 21 30 28 28 30 32 18 43 41 23 13 9 6 4 2 2 1 1 1 0 0 0 0 0 0 0 0 1 1 2 1 3 11 11 4 6 9 6 1 1
24 45 46 49 61 65 31 23 16 45 52 33 22 13 17 20 6 3 2 34 17 26 52 32 21 36 26 31 25 17 22 22 40 11 11 32 20 39 26 42 38 50 61 43 49 67 55 70 70 47 28 31 22 30 15 17 20 33 23 20 26 16 13 9 13 10 6 5 3 2 2 1 1 1 0 0 0 0 0 0 0 0 1 1 1 3 5 7 25 21 16 17 5 3 2 1
6 13 20 15 33 74 52 7 28 39 52 19 31 27 5 4 2 1 15 49 14 34 45 53 32 31 20 7 21 13 22 41 31 14 27 28 37 46 26 31 60 74 66 41 53 59 63 35 69 79 35 27 12 17 17 26 19 16 17 12 8 6 8 4 3 6 8 4 2 1 1 0 1 0 0 0 0 0 0 0 0 0 1 1 1 4 13 21 27 34 17 6 4 2 1 1
25 16 22 28 31 30 12 16 18 25 42 46 49 11 2 2 13 23 41 59 24 25 37 65 47 18 29 11 14 25 8 22 47 18 13 11 28 34 67 78 43 39 30 69 42 48 70 51 44 20 36 40 35 30 28 28 29 15 14 10 8 3 5 3 3 3 3 1 1 1 1 0 0 0 0 0 0 0 0 0 0 0 1 2 1 4 18 45 27 3 2 1 1 2 1 1
20 19 18 39 28 28 30 26 16 39 38 30 23 9 15 38 40 44 47 61 20 30 28 49 8 8 26 7 18 27 8 7 23 19 11 24 18 15 59 74 57 38 58 43 84 59 35 43 40 36 26 49 45 41 42 34 16 15 6 4 3 1 0 1 2 1 1 1 1 0 0 0 0 0 0 0 0 0 0 0 1 1 2 2 4 8 12 43 16 5 3 2 2 2 1 1
5 11 35 22 20 22 36 34 29 33 26 46 31 32 30 47 37 21 50 41 18 20 16 15 6 29 8 2 18 15 6 12 10 14 38 57 37 32 18 35 45 27 22 18 43 79 59 39 36 35 30 31 29 41 48 42 17 11 3 2 1 1 1 3 3 2 0 0 1 0 0 0 0 0 0 0 0 0 1 1 2 2 4 3 13 18 23 24 10 5 5 8 3 2 1 1
24 19 22 26 34 30 48 26 37 30 19 34 22 47 28 41 38 25 27 52 7 10 10 7 12 3 8 8 8 12 4 9 5 12 13 32 29 58 27 11 34 52 45 45 59 29 39 29 22 25 20 20 31 30 24 25 23 13 11 3 3 3 1 2 2 1 0 0 0 0 0 0 0 0 0 0 0 1 1 1 4 3 8 6 6 34 58 22 12 14 17 9 3 1 1 0
7 22 29 35 19 21 27 54 17 27 20 15 27 28 18 37 35 20 12 19 9 6 6 12 7 5 5 5 4 6 3 6 28 19 13 10 45 25 33 28 12 23 68 75 80 52 25 16 32 35 34 15 22 28 20 20 14 4 6 9 3 2 1 2 1 1 0 0 0 0 0 0 0 0 0 0 1 2 4 6 10 9 12 5 4 17 46 15 10 26 18 5 2 2 1 1
5 8 20 30 24 23 20 39 17 17 18 16 13 22 15 19 44 11 7 12 3 5 1 6 4 5 3 2 4 4 5 8 13 37 20 26 16 22 33 12 23 20 19 36 37 28 28 18 32 23 33 19 17 15 14 22 10 5 1 1 2 1 0 0 0 1 1 0 0 0 0 0 0 0 1 1 1 4 7 13 22 30 17 9 6 10 21 21 27 17 6 2 1 1 1 1
2 3 18 10 13 32 21 14 25 16 29 21 14 22 16 10 14 5 6 4 4 2 1 1 2 3 1 2 4 3 3 5 5 6 6 15 9 12 15 8 19 33 60 36 35 18 21 8 12 13 19 15 14 16 17 9 6 2 1 0 1 2 1 1 1 1 1 1 0 0 0 0 0 1 1 1 2 8 9 23 47 38 27 27 11 16 48 50 32 13 8 3 3 3 2 1
3 2 2 7 9 16 32 34 45 10 13 21 4 13 5 8 19 2 4 5 4 5 1 1 3 1 1 6 9 16 17 2 10 8 20 25 26 32 24 32 45 49 54 61 59 58 55 27 29 43 29 15 13 10 7 7 3 1 1 2 1 4 5 2 1 1 0 0 0 0 0 1 1 1 2 1 3 10 14 28 29 53 39 43 31 59 39 38 20 22 15 12 6 4 2 1
0 1 4 6 8 10 9 19 11 17 17 9 1 2 1 2 9 1 1 1 0 2 1 2 1 1 1 3 8 6 36 50 36 35 52 36 41 28 30 38 50 53 52 73 45 29 29 8 17 31 42 27 13 7 6 5 5 4 10 4 2 2 1 1 1 0 0 0 0 0 1 1 3 1 3 2 2 6 19 35 60 46 54 48 65 45 46 40 15 15 30 20 11 4 3 4
0 1 1 1 2 7 9 10 9 7 5 8 1 4 1 3 1 1 1 0 1 0 1 1 2 2 8 6 11 5 10 32 70 48 64 85 84 66 65 61 24 66 72 64 77 64 63 37 32 36 28 22 22 8 8 18 13 7 5 2 2 4 3 1 0 0 0 0 0 0 0 1 4 6 5 3 4 3 11 13 58 71 65 33 29 76 41 43 38 38 17 17 13 8 4 4
0 0 0 1 1 3 3 9 15 7 2 1 2 0 1 2 1 13 1 3 13 7 3 1 1 0 1 2 3 7 9 10 16 66 53 80 85 81 78 67 64 33 76 78 79 59 67 45 31 30 17 13 6 7 3 2 4 4 4 2 2 1 0 0 0 0 0 0 0 0 1 2 3 7 8 4 5 8 11 14 46 68 57 24 61 59 44 64 61 34 33 24 18 9 13 8
0 0 1 3 5 1 3 8 7 5 2 1 0 0 0 0 0 0 4 4 4 15 9 2 1 0 2 3 3 9 9 15 22 20 15 55 86 56 81 49 59 59 54 70 67 61 40 22 45 39 26 20 23 17 9 5 4 3 2 2 1 0 0 0 0 0 0 0 0 0 1 2 4 10 24 12 8 12 25 35 56 70 43 40 58 25 12 23 29 13 12 21 14 13 6 3
0 0 0 0 1 1 2 2 2 2 1 1 0 0 0 0 0 0 0 2 2 1 20 8 1 0 2 6 6 11 11 9 21 28 17 22 54 72 66 65 64 55 60 51 57 66 58 33 14 34 30 26 21 21 15 5 3 1 2 1 0 0 0 1 0 0 0 0 0 1 1 2 6 8 21 29 14 12 16 55 59 81 38 42 68 30 28 22 15 9 8 12 10 6 2 1
0 0 0 0 0 0 0 0 2 2 1 1 0 0 0 0 0 1 2 5 1 1 1 9 8 1 4 16 14 14 24 19 27 41 34 26 27 61 48 55 28 36 25 38 39 37 12 39 25 20 25 14 12 15 12 11 7 4 3 3 1 1 1 0 0 0 0 0 1 2 3 5 6 8 11 34 47 24 46 44 74 68 60 77 32 36 37 31 35 32 16 16 11 5 2 1
0 0 0 0 0 0 0 0 0 1 0 0 0 0 0 0 1 2 3 1 1 1 1 19 7 5 4 5 2 7 12 16 30 32 35 41 24 21 26 20 34 22 11 12 20 31 24 29 14 12 17 13 10 8 6 6 4 3 2 2 1 0 0 0 0 0 0 1 2 2 3 5 9 8 13 15 67 23 28 62 74 55 62 70 61 52 38 63 53 14 14 8 5 2 1 1
0 0 0 0 0 0 0 0 0 0 0 0 0 0 0 1 0 1 3 4 2 1 1 3 4 3 4 11 3 18 28 20 19 32 30 44 43 25 18 11 11 18 23 22 31 30 20 10 12 16 12 9 7 8 5 5 4 1 1 1 0 0 0 0 0 0 1 2 2 3 7 3 2 12 40 34 66 43 46 65 74 69 53 61 44 29 29 51 37 25 8 5 3 2 1 0
0 0 0 0 0 0 0 0 0 0 0 0 2 4 7 3 1 0 1 1 3 3 2 10 17 10 8 10 8 12 26 28 34 38 35 47 46 64 46 19 21 14 15 13 15 13 14 8 5 10 7 10 9 7 3 2 2 1 1 1 0 0 0 0 0 1 3 2 3 5 7 7 4 14 35 26 57 73 50 65 68 70 70 66 45 56 37 39 35 22 13 8 3 2 1 1
0 0 0 0 0 0 0 0 0 0 0 0 0 0 1 12 2 1 1 1 3 2 3 5 2 7 16 36 39 32 24 38 41 50 50 44 49 58 66 61 32 22 22 26 26 15 9 10 13 10 14 14 5 3 5 3 3 2 1 1 0 0 0 0 0 2 3 6 10 12 11 11 8 17 56 31 15 60 86 63 67 72 65 57 45 30 10 24 30 19 9 3 3 2 3 2
0 0 0 0 0 0 0 0 0 0 2 1 0 0 1 0 0 0 1 1 1 6 4 3 10 10 4 10 16 46 53 49 58 68 58 43 58 70 74 62 37 34 30 37 35 36 19 31 16 8 3 3 5 4 1 2 1 1 0 1 1 0 0 1 1 3 4 10 16 21 18 24 17 26 51 61 21 51 68 61 59 41 31 19 24 35 16 17 17 9 8 5 5 4 3 3
0 0 0 0 0 0 0 0 0 0 0 0 0 2 1 1 1 1 1 2 5 3 3 6 5 16 8 3 3 42 31 64 81 61 63 62 47 56 68 68 59 63 48 31 42 49 26 26 17 9 8 7 3 5 2 1 1 2 2 1 0 0 1 1 2 2 5 12 16 31 26 40 19 21 47 64 55 36 69 43 32 21 32 24 21 10 8 12 21 19 8 6 6 6 4 1
0 0 0 0 0 0 0 0 0 0 0 0 0 0 0 0 1 3 1 2 2 3 4 4 4 12 13 8 7 6 9 9 51 53 51 47 36 56 50 37 32 24 21 18 28 43 21 17 14 12 8 5 2 1 1 2 3 2 1 1 0 0 0 1 2 5 10 13 15 24 53 36 42 19 26 59 52 75 47 31 38 26 25 25 31 14 17 18 14 6 8 11 14 6 3 1
0 0 0 0 0 0 0 0 0 0 0 2 0 0 0 1 1 2 2 1 1 1 1 3 6 5 11 11 23 27 14 27 30 22 11 23 32 40 28 33 18 19 10 16 16 18 16 21 9 7 6 5 5 4 1 1 2 3 2 1 0 0 0 1 2 5 4 5 7 11 26 58 69 26 16 44 31 67 31 44 27 26 17 28 30 25 21 8 17 12 13 18 7 4 2 1
0 0 0 0 0 0 0 0 0 0 0 2 0 0 1 1 4 2 2 1 1 1 2 4 6 11 24 26 14 11 10 13 31 36 26 22 41 47 42 37 41 31 49 38 21 18 21 20 15 9 3 4 4 2 3 3 2 1 1 0 0 0 0 1 2 4 7 16 13 7 16 24 47 56 34 30 64 52 42 35 19 34 33 23 12 25 28 21 27 31 14 11 4 2 2 2
0 0 0 0 0 0 0 0 0 0 0 0 0 0 1 2 4 1 4 1 2 2 2 4 30 49 35 13 30 45 42 22 43 41 36 34 44 59 49 44 55 42 32 30 27 25 36 36 19 12 11 8 11 9 5 2 1 1 1 0 0 1 0 1 4 6 15 23 25 14 10 13 34 55 63 36 72 51 51 54 48 29 37 45 37 32 42 31 23 28 28 10 7 4 1 2
0 0 0 0 0 0 0 0 0 0 0 1 1 1 2 1 7 3 1 3 2 6 5 11 27 56 51 25 14 25 30 29 19 23 33 26 30 40 37 61 69 42 47 45 53 45 37 40 22 16 19 20 11 6 5 3 3 1 1 0 0 1 1 3 5 11 28 28 17 19 17 26 31 28 21 70 71 51 43 42 32 38 57 49 50 56 49 54 39 30 13 7 5 4 3 2
0 0 0 0 0 0 0 0 0 2 4 1 0 1 2 1 1 1 1 2 4 5 9 41 24 13 35 31 26 41 52 42 22 14 20 19 34 44 54 52 42 42 72 64 68 57 35 20 15 11 5 9 10 4 3 2 1 1 1 0 0 1 1 4 9 17 28 29 27 38 35 31 58 61 48 51 68 60 33 41 44 55 54 35 47 48 44 31 37 15 8 6 9 5 3 2
0 0 0 0 0 0 0 1 5 3 10 7 1 1 3 3 2 0 1 1 1 1 4 23 5 11 26 50 55 66 81 36 55 35 21 13 26 70 54 57 66 19 25 11 16 33 19 25 13 13 10 10 9 7 2 2 1 1 1 0 0 1 2 4 13 33 27 28 20 57 75 31 64 77 77 60 47 49 43 30 41 39 45 61 50 43 29 25 26 19 16 18 12 8 3 1
0 0 0 0 0 0 0 0 0 1 0 0 1 2 2 2 2 1 1 1 2 2 8 14 3 2 4 27 36 26 46 78 47 59 57 52 50 51 43 46 57 57 44 51 49 30 31 38 21 19 18 7 5 4 4 2 2 2 1 0 1 2 6 10 17 27 31 28 24 22 54 75 45 67 75 72 58 38 56 46 59 62 45 35 45 43 29 22 22 34 27 19 8 4 3 1
0 0 0 0 0 0 0 0 1 1 1 1 1 1 2 2 4 1 1 3 4 3 7 25 6 1 8 4 13 26 9 24 56 46 65 62 40 15 16 16 34 40 36 46 57 58 37 20 31 24 12 15 13 6 3 6 2 2 2 0 1 4 11 18 33 45 29 25 56 48 34 30 68 75 61 72 54 52 74 71 31 28 32 40 38 29 39 30 30 15 13 6 3 3 1 1
0 0 0 0 0 0 0 0 0 0 0 1 0 2 1 1 2 0 1 1 1 9 10 27 14 6 8 12 20 17 17 7 6 15 17 17 17 17 18 13 10 18 16 22 44 45 27 40 34 30 23 17 12 9 9 6 5 2 2 0 2 6 11 28 43 45 31 45 47 70 52 49 31 31 51 53 71 65 44 50 43 57 53 60 48 41 51 42 19 10 7 7 4 1 1 1
0 0 0 0 0 0 0 0 0 0 0 1 1 1 1 3 2 0 1 1 2 9 18 20 8 1 8 20 15 28 31 11 34 44 48 40 40 35 36 18 15 17 49 58 58 37 41 35 38 36 29 20 15 12 9 7 5 3 1 0 1 5 22 35 36 52 39 51 52 43 82 61 48 35 21 64 46 68 57 56 60 73 72 63 52 60 43 33 16 10 8 6 3 2 2 3
0 0 0 0 0 0 0 0 0 0 0 1 5 8 5 14 5 1 1 1 5 10 18 17 8 18 4 18 20 34 18 43 38 26 32 36 30 32 16 27 53 63 38 40 31 43 35 33 40 30 34 28 19 13 9 9 3 3 1 1 1 3 12 36 67 60 40 56 50 42 38 55 65 21 15 31 68 80 76 67 65 65 66 70 63 43 45 27 36 15 8 4 2 4 2 10
0 0 0 0 0 0 0 0 0 1 1 1 6 7 12 1 1 0 0 2 4 7 15 24 26 10 15 15 14 15 22 63 28 28 34 39 40 26 38 42 66 59 56 53 55 54 51 42 52 40 39 25 20 15 12 5 4 2 2 1 1 3 11 27 56 50 63 69 57 73 66 66 63 31 32 50 65 63 67 60 59 57 56 61 49 41 39 41 40 28 9 7 5 6 5 15
0 0 0 0 0 0 0 0 0 1 1 1 2 27 2 1 2 1 1 3 4 6 11 5 6 5 28 6 17 14 38 24 37 49 38 39 40 44 54 49 41 56 61 66 63 65 55 61 52 30 23 20 16 19 15 7 5 3 2 1 2 5 12 25 46 46 42 60 77 63 77 64 68 34 55 59 63 67 50 49 54 56 44 38 37 37 34 31 25 24 17 13 5 13 16 18
0 0 0 0 0 0 0 0 0 1 1 1 0 3 1 0 1 2 4 2 4 11 12 5 4 14 8 12 23 44 50 45 41 43 34 39 52 53 58 54 59 71 72 56 51 66 66 61 42 36 28 23 17 12 11 12 9 4 2 1 2 7 14 27 37 47 40 45 69 82 74 68 59 82 69 44 36 41 53 54 50 53 54 48 36 44 25 40 25 16 18 13 7 15 17 17
0 0 0 0 0 0 0 0 1 0 1 1 0 0 0 0 1 1 1 3 5 4 4 14 14 5 7 25 50 14 14 15 36 34 42 51 53 54 54 53 57 69 56 60 71 64 67 66 40 38 32 23 19 10 10 12 5 5 4 1 2 4 22 33 49 44 43 41 41 42 54 57 58 69 17 41 43 42 38 42 43 42 38 57 49 47 40 35 21 20 19 9 10 20 20 28
0 0 0 0 0 0 0 0 1 0 1 1 1 1 1 0 0 0 0 3 7 4 23 24 5 8 13 23 13 16 18 23 32 27 41 49 53 54 45 73 59 50 52 65 36 55 69 68 61 52 21 19 17 19 17 9 7 8 4 2 1 3 9 30 42 47 77 56 58 55 48 30 46 63 44 53 55 42 43 43 50 46 52 52 49 21 22 16 20 33 20 6 16 33 36 36
0 0 0 0 0 0 0 0 0 1 1 0 0 1 1 1 1 0 1 3 3 17 11 5 6 21 10 12 13 18 22 24 18 28 34 54 37 37 61 53 46 66 74 43 63 62 62 63 50 31 23 30 30 22 20 17 14 11 5 2 1 3 14 23 34 61 74 85 54 63 50 31 34 70 75 38 48 55 59 41 40 44 55 48 32 15 32 29 23 14 7 4 20 35 37 38
0 0 0 0 0 0 1 0 1 2 0 0 0 0 0 0 1 0 1 4 3 4 1 5 16 4 3 9 14 16 34 25 19 34 40 43 43 58 65 65 46 41 49 60 56 61 47 50 43 39 35 44 38 18 20 16 16 8 7 3 2 7 12 26 44 54 69 77 70 68 52 53 57 72 46 40 38 41 49 54 40 72 57 33 40 45 34 25 12 5 4 11 29 40 37 42
0 0 0 0 0 0 0 0 1 0 0 0 0 0 1 1 2 1 4 1 1 1 1 5 4 6 8 17 22 22 19 14 19 24 44 31 69 63 65 40 28 30 41 57 66 61 57 58 57 52 48 43 29 17 14 12 10 9 8 7 3 9 18 34 55 59 51 49 69 79 70 32 42 68 38 44 67 65 63 69 64 49 47 46 47 47 23 22 11 8 9 24 33 38 31 44
0 0 0 0 0 0 0 0 0 0 0 0 0 1 1 1 1 2 2 6 5 4 0 3 6 12 14 26 13 8 16 18 30 29 60 28 17 13 13 31 35 54 67 71 71 66 58 59 44 57 37 32 37 20 22 13 10 10 9 8 5 16 31 34 60 58 51 30 50 69 69 46 56 64 40 26 46 72 71 70 69 40 49 51 46 44 21 17 26 11 25 32 18 44 44 46
0 0 0 0 0 0 0 0 0 1 0 0 0 0 0 0 1 4 2 2 2 4 4 3 11 7 10 14 9 11 32 24 18 62 17 12 37 41 44 42 61 68 62 69 72 74 67 61 47 48 43 40 38 33 28 24 18 12 11 5 13 21 46 71 64 60 47 51 57 58 69 42 44 57 68 49 51 53 68 71 59 63 47 51 49 36 24 8 12 25 26 16 27 34 62 47
0 0 0 0 0 0 0 0 0 0 1 0 0 0 0 0 1 1 2 3 2 4 2 3 8 10 7 11 13 15 16 19 27 20 6 21 26 36 49 81 60 57 68 71 72 72 60 54 47 39 44 41 40 25 30 19 23 20 13 14 18 41 36 59 61 55 50 59 59 50 75 67 46 62 64 49 57 58 56 55 63 52 42 40 43 27 13 5 11 34 19 29 40 40 62 44
0 0 0 0 0 0 0 0 0 1 0 0 0 0 0 0 2 0 1 3 11 4 1 2 12 7 13 11 10 9 27 58 33 4 11 33 25 55 64 61 59 70 70 55 60 61 61 60 45 48 44 44 42 39 34 30 27 26 17 17 19 25 34 40 60 73 59 75 74 60 50 50 53 55 69 69 53 50 42 44 50 45 40 44 37 23 9 6 27 31 34 53 58 46 53 41
0 0 0 0 0 0 0 0 0 0 0 0 0 0 0 3 1 1 1 4 4 1 3 5 1 8 9 5 28 15 36 25 5 9 36 13 34 30 44 71 74 58 46 78 72 51 59 62 58 54 49 47 44 41 39 37 32 19 21 24 27 46 31 33 33 57 76 76 71 70 75 72 47 60 48 46 31 39 53 58 44 48 36 44 39 11 8 26 24 36 51 56 51 34 50 49
0 0 0 0 0 0 0 0 0 0 0 0 0 0 0 1 1 0 0 1 1 2 5 2 1 3 3 4 25 23 23 4 7 15 24 58 28 37 59 64 65 55 65 36 51 46 60 71 57 55 54 50 48 43 42 39 24 15 28 41 33 49 44 46 44 54 59 83 61 55 36 59 42 29 31 46 56 46 41 43 42 29 45 35 16 10 20 28 37 33 39 48 62 49 52 48
0 0 0 0 0 0 0 0 0 0 0 0 0 0 1 3 0 1 0 0 4 1 3 0 3 5 3 14 28 10 6 5 7 11 39 47 46 39 45 48 52 61 48 38 45 76 64 60 57 70 58 53 52 46 45 40 25 18 40 47 64 66 51 52 42 54 65 65 76 53 40 33 41 50 44 62 47 49 43 47 35 40 25 17 12 20 35 41 35 53 50 38 39 47 42 36
0 0 0 0 0 0 0 0 0 0 0 0 0 0 2 1 0 0 2 2 1 2 1 2 9 2 3 17 10 8 8 8 18 21 46 33 41 40 37 26 29 51 65 57 65 57 62 64 72 59 59 68 35 48 45 30 18 39 52 52 74 69 52 63 49 38 46 73 70 27 59 36 37 49 53 53 50 52 51 41 35 40 19 23 19 34 42 45 38 42 50 37 37 48 53 42
0 0 0 0 0 0 0 0 0 0 0 0 0 1 0 0 1 1 1 2 1 1 1 2 3 2 3 10 4 3 8 6 22 31 35 40 21 30 29 35 46 53 57 73 56 57 58 75 60 59 73 59 57 52 35 31 20 37 63 62 64 72 57 64 64 49 48 49 72 24 31 58 62 45 47 49 60 50 58 57 40 35 14 14 22 38 48 53 58 54 50 50 37 41 60 49
0 0 0 0 0 0 0 0 0 0 0 0 1 0 0 0 0 0 0 1 1 1 2 2 2 4 6 1 2 4 12 13 26 39 7 6 29 23 33 30 35 48 58 67 68 55 75 53 73 75 56 56 58 55 38 35 22 38 62 67 60 68 48 51 67 40 61 36 52 26 24 56 32 53 52 53 51 53 71 49 46 16 14 21 35 40 47 52 40 30 39 59 30 33 50 68
0 0 0 0 0 0 0 0 0 0 0 0 0 0 0 0 0 0 0 0 0 1 2 1 2 4 1 1 3 2 10 3 15 11 5 15 11 14 20 41 49 53 60 65 57 44 63 71 68 62 65 57 57 56 54 36 35 40 66 77 71 67 58 45 65 60 29 28 61 21 41 39 40 48 46 44 54 33 34 39 19 13 20 38 38 47 55 53 32 37 48 28 18 23 34 64
0 0 0 0 0 0 0 0 0 0 0 0 0 0 0 1 1 0 0 0 0 1 1 0 1 2 1 8 7 6 16 13 23 11 6 5 14 15 18 19 24 52 39 48 62 33 29 30 49 53 64 60 56 56 40 25 42 55 65 66 83 72 48 48 52 55 44 12 41 6 11 21 35 47 52 59 59 59 50 49 23 15 24 38 39 63 66 55 43 38 44 44 36 21 32 50
0 0 0 0 0 0 0 0 0 0 0 0 1 0 0 0 1 0 1 0 2 2 1 1 3 2 2 0 0 2 12 3 5 3 5 12 7 11 11 14 42 39 30 51 28 35 39 52 54 68 58 62 60 43 38 26 41 55 66 66 71 50 50 59 56 32 27 22 34 12 17 19 20 16 38 50 48 51 35 33 15 23 37 39 43 66 58 27 39 52 33 50 25 27 34 54
0 0 0 0 0 0 0 0 0 0 0 0 1 1 1 1 1 0 1 1 2 1 1 2 2 1 0 1 1 4 3 2 2 7 11 9 16 12 15 31 23 37 51 30 35 37 55 52 64 54 55 57 59 42 21 39 46 75 66 64 63 63 45 65 54 34 22 33 19 12 28 41 46 54 58 54 46 24 21 11 18 38 38 41 43 68 66 23 24 49 34 52 29 29 35 68
0 0 0 0 0 0 0 0 0 0 1 0 1 1 0 0 0 0 0 2 1 1 2 1 2 3 0 1 1 7 2 1 3 8 22 9 10 15 28 10 39 34 26 39 36 51 55 67 67 58 68 55 43 44 29 46 48 67 75 54 59 61 41 29 42 41 19 19 21 35 42 30 37 41 34 46 37 26 11 31 26 40 44 56 49 64 68 34 34 37 19 56 30 33 35 49
0 1 0 2 2 1 0 0 1 0 1 0 0 0 1 0 0 0 1 1 1 1 1 0 1 1 0 1 1 4 2 3 22 9 6 5 9 12 14 34 52 40 51 27 41 61 67 53 53 72 62 47 43 44 29 56 68 57 61 67 48 56 55 23 52 46 16 15 27 37 27 31 50 40 46 28 36 33 21 41 42 38 44 56 43 46 52 47 51 32 32 60 29 31 27 42
1 1 2 0 2 6 1 0 0 0 0 0 0 0 0 0 0 1 2 1 0 1 0 0 1 3 0 0 1 3 4 20 4 2 6 9 4 3 18 27 29 20 58 43 51 65 36 49 65 60 48 46 41 40 41 54 64 66 58 62 42 41 43 36 28 35 16 6 14 43 30 43 45 53 43 43 47 43 33 39 42 50 48 53 41 33 47 43 41 38 37 55 31 24 35 39
0 0 0 0 0 0 1 1 0 0 0 0 0 1 0 0 0 0 0 0 0 0 2 0 2 3 1 1 3 7 11 24 5 7 10 1 2 4 8 20 18 28 50 53 50 51 51 51 54 53 45 44 39 39 47 44 60 70 58 40 55 25 33 31 20 9 5 4 3 17 32 53 54 43 38 38 33 14 26 36 37 53 46 50 34 50 63 63 45 39 31 40 46 13 34 42
0 0 0 0 0 0 0 0 0 0 0 0 0 0 0 0 0 1 0 0 0 0 0 0 3 1 0 0 1 2 1 2 6 5 5 7 4 1 25 8 15 14 40 28 54 40 44 33 54 56 38 40 34 34 43 58 59 68 60 49 37 42 23 21 3 3 10 20 15 24 30 42 43 31 29 26 13 24 39 35 39 52 53 36 44 44 55 59 45 40 29 38 45 16 20 50
0 0 0 0 0 0 0 0 0 0 0 0 0 0 0 0 0 0 0 0 0 2 3 1 3 1 0 0 1 1 1 7 6 4 8 5 10 3 16 13 2 15 42 38 45 42 43 56 49 48 43 35 35 57 56 45 62 49 49 23 34 25 9 9 7 6 13 24 22 16 42 48 60 55 47 17 21 24 37 47 55 39 50 35 48 59 56 51 40 39 30 28 45 38 15 29
0 0 0 0 0 0 0 0 0 0 0 0 0 0 0 0 0 1 0 1 3 1 2 2 4 2 0 1 0 2 4 3 3 11 4 7 8 4 39 16 5 25 10 38 34 31 49 28 43 40 35 38 30 57 63 46 49 36 40 39 14 14 12 8 7 4 7 10 14 14 37 46 57 68 36 18 23 35 32 55 54 45 43 47 31 52 58 53 43 46 16 32 35 29 21 16
0 0 0 0 0 0 0 0 0 0 0 0 0 0 0 0 0 1 0 0 0 3 1 3 1 0 0 0 0 2 4 1 2 5 8 14 5 7 26 21 11 28 8 38 25 21 29 23 38 36 45 30 28 45 48 75 26 25 21 13 15 6 7 6 3 5 11 11 15 17 41 47 31 51 25 18 37 40 34 38 52 44 41 39 43 51 49 64 49 32 21 33 39 17 20 13
0 0 0 0 0 0 0 0 0 0 0 0 0 0 0 0 0 0 0 0 0 0 0 0 0 0 0 0 1 0 3 3 5 4 6 7 4 4 8 28 13 18 17 26 8 29 21 34 39 24 37 29 33 28 46 49 40 26 12 4 8 5 3 7 4 5 11 10 22 23 32 40 36 25 22 36 36 34 35 29 35 47 53 44 37 48 56 51 57 23 15 49 25 30 19 9
0 0 0 0 0 0 0 0 0 0 0 0 0 0 0 0 0 0 0 0 0 0 1 1 1 1 1 0 0 0 1 2 4 4 5 4 5 4 2 15 32 28 15 10 9 13 14 29 23 10 28 23 23 22 29 47 34 19 7 3 4 1 1 1 2 3 7 17 25 36 48 33 24 16 40 34 38 53 47 35 26 38 38 44 44 66 29 56 32 18 16 45 24 38 12 9
0 0 0 0 0 0 0 0 0 0 0 0 0 0 0 0 0 0 0 0 0 0 0 1 3 0 0 0 0 0 0 1 1 4 2 1 5 3 3 9 34 30 8 6 8 13 31 11 21 8 14 24 18 35 28 21 19 11 11 2 4 1 2 1 4 9 10 16 25 22 33 37 9 18 28 30 46 39 33 20 28 13 37 43 40 26 47 34 38 25 14 32 20 29 23 8
0 0 0 0 0 0 0 0 0 0 0 0 0 0 0 0 0 0 0 0 0 0 1 0 0 1 1 1 0 0 1 1 1 1 1 2 6 1 0 8 11 23 10 8 5 42 17 9 8 15 25 24 14 25 38 14 31 5 7 6 3 2 3 1 3 4 5 11 30 40 23 14 17 29 25 29 22 25 20 6 18 20 32 29 30 35 34 27 9 22 7 23 37 13 6 11
0 0 0 0 0 0 0 0 0 0 0 0 0 0 0 0 0 0 0 0 0 0 0 0 1 4 1 0 0 0 2 1 1 2 1 2 3 1 2 3 10 9 14 9 9 48 13 16 9 13 19 14 19 36 41 13 22 6 3 3 2 1 1 5 5 7 11 15 42 18 13 15 27 24 22 26 33 33 24 17 21 26 37 37 35 27 21 35 6 14 9 9 34 5 4 7
0 0 0 0 0 0 0 0 0 0 0 0 0 0 0 0 0 0 0 0 0 0 1 1 2 0 0 1 0 0 1 2 2 3 3 4 3 2 2 4 10 15 12 9 10 12 13 20 15 6 7 17 26 25 22 13 9 5 2 2 2 0 1 2 5 11 15 20 19 22 24 22 20 26 34 13 16 32 21 15 22 21 18 40 22 16 7 14 11 9 23 7 18 6 6 7
0 0 0 0 0 0 0 0 0 0 0 0 0 0 0 0 0 0 0 0 0 0 2 1 0 1 1 3 1 2 0 2 2 6 3 6 2 5 4 3 6 3 8 12 3 10 13 21 13 11 15 23 18 13 12 4 5 4 2 1 0 1 1 1 2 7 7 21 36 20 23 19 17 32 22 9 11 31 28 17 15 18 15 13 22 17 3 5 9 21 9 8 6 4 8 12
