sesion_6_simulaciones/modelos_agentes/ejemplos_netlogo/scenarios/echam4_a2/rob_2032.asc
NCOLS 322 
NROWS 307 
XLLCORNER 451900 
YLLCORNER 4086900 
CELLSIZE 100 
NODATA_value -9999 
[rows 0 to 72 of 307, columns 192 to 287 of 322]
42 39 21 11 34 60 33 15 15 19 22 8 6 4 7 5 3 3 5 4 4 4 2 3 5 9 5 9 9 26 7 2 2 0 0 0 1 1 1 3 4 1 1 8 12 14 13 23 37 45 29 32 37 47 45 57 46 83 47 39 7 10 16 39 52 38 53 47 25 36 19 10 14 19 36 20 17 35 57 25 13 15 15 18 16 13 30 26 24 26 9 20 31 60 19 5
49 28 34 31 40 59 19 28 42 26 17 13 19 17 10 9 11 2 5 6 7 4 2 2 2 9 3 3 2 4 21 8 1 1 0 0 0 1 2 1 3 1 0 2 4 6 13 14 31 70 82 63 43 43 44 46 68 69 68 18 22 12 42 37 50 45 51 37 41 17 5 22 10 19 48 22 52 37 30 34 25 32 33 20 15 7 20 28 29 26 15 26 22 29 15 11
26 53 33 32 60 48 34 17 10 25 26 27 40 41 21 34 20 17 24 23 19 7 4 2 1 2 1 0 1 1 2 9 6 1 1 1 0 0 1 0 0 0 3 7 7 16 16 24 31 52 59 52 62 50 65 76 40 37 45 23 22 28 37 27 30 58 27 24 19 25 12 14 12 19 60 21 61 48 25 41 27 23 30 30 16 5 13 16 29 21 15 41 21 40 12 3
37 38 63 56 45 34 32 31 32 54 30 48 62 48 40 56 40 20 30 44 29 21 14 7 4 2 0 1 1 0 1 1 1 1 1 1 1 0 0 0 1 2 1 2 4 18 17 24 9 20 16 20 31 61 50 57 52 21 28 34 38 19 22 41 28 58 43 36 54 19 28 24 8 8 41 21 29 26 33 40 29 27 30 34 18 5 11 25 39 16 27 24 22 38 9 2
28 22 42 13 52 59 52 40 54 48 47 34 39 35 42 61 44 49 51 55 46 24 17 16 7 10 5 8 5 1 0 0 1 0 0 1 0 0 0 0 1 1 2 3 3 6 7 13 36 55 59 50 46 41 66 70 31 27 9 11 34 33 25 39 40 57 35 24 15 10 8 8 11 7 21 20 17 31 57 64 54 20 19 40 36 25 3 21 24 35 30 18 32 48 16 3
29 23 42 35 22 29 55 26 52 43 33 41 16 40 50 51 54 52 20 16 35 18 13 18 15 14 6 10 6 2 2 1 0 0 0 0 0 0 0 0 1 1 2 6 14 30 38 49 48 32 38 40 46 64 82 59 35 28 9 45 63 61 54 54 43 64 25 31 38 29 38 27 22 16 12 18 26 25 35 28 40 63 45 33 37 26 8 15 22 25 12 18 28 28 18 4
22 11 14 34 23 18 53 21 15 28 36 64 37 19 39 50 45 45 26 9 11 29 35 38 19 16 16 9 9 6 4 3 2 2 1 0 0 1 0 0 0 1 4 7 25 15 23 30 53 41 43 79 45 69 75 42 29 33 18 36 51 57 56 59 67 58 51 45 44 17 27 26 20 30 26 13 5 18 38 42 32 57 36 18 11 36 12 10 13 12 13 26 42 51 13 12
15 12 11 16 36 28 45 55 17 8 17 24 45 14 5 19 11 21 25 13 10 17 9 14 18 13 15 9 12 10 8 7 7 6 5 2 2 1 0 0 1 3 6 11 19 27 26 51 73 70 71 46 61 59 67 38 22 9 17 24 32 28 28 22 23 53 33 25 47 26 24 18 23 28 29 19 6 27 46 25 52 65 44 19 10 29 22 10 12 24 25 29 53 33 18 13
29 23 21 12 21 18 30 57 58 26 12 12 22 32 17 11 7 21 26 19 14 22 6 12 26 16 14 15 13 20 16 14 14 10 6 5 2 1 0 0 1 2 7 11 27 28 21 34 48 62 49 31 73 55 53 22 10 44 64 50 61 51 60 44 50 77 45 33 15 15 22 19 22 22 18 11 7 14 18 32 47 59 44 29 12 14 13 8 8 30 23 33 28 38 18 27
20 23 23 13 11 6 25 26 54 40 31 16 15 19 23 10 9 6 20 20 18 24 7 7 13 16 12 10 7 12 2 6 11 10 7 3 1 1 0 0 0 1 4 8 18 8 9 42 24 19 20 76 51 56 32 16 29 56 61 73 56 83 70 40 61 34 56 46 42 17 18 28 26 14 10 7 6 10 39 20 13 45 48 44 22 10 19 6 8 11 14 39 27 36 21 52
26 24 25 24 12 7 4 5 9 25 15 11 8 23 13 9 11 2 5 14 11 24 26 5 6 6 22 9 2 7 12 2 1 1 1 5 2 1 0 1 1 2 6 14 4 12 20 24 6 13 53 55 30 42 17 12 27 44 41 58 79 80 46 30 32 47 57 55 62 44 55 35 32 26 15 11 5 4 13 25 27 53 66 42 45 16 9 13 4 13 36 15 23 17 19 60
49 32 17 20 20 18 12 7 5 5 6 6 10 9 8 6 4 8 5 6 14 17 14 6 1 4 15 9 3 3 9 11 1 0 1 1 3 1 0 0 3 6 6 3 1 2 11 3 6 32 61 43 23 18 8 34 36 32 41 77 65 57 15 26 39 42 67 62 52 58 44 36 40 41 36 26 9 6 20 23 24 72 48 58 41 30 12 6 5 20 21 12 31 11 35 68
58 42 39 53 44 41 36 20 34 19 15 9 4 3 3 3 3 11 10 3 2 6 5 5 1 3 6 4 3 1 1 4 1 0 0 0 1 2 0 1 3 4 3 5 5 5 16 2 12 42 32 14 3 15 40 55 55 63 83 71 18 25 28 20 21 21 36 37 61 39 20 32 52 54 49 26 10 3 18 28 55 61 24 37 51 32 17 4 5 19 16 11 33 10 29 39
70 66 62 66 61 55 43 39 35 35 31 30 12 8 5 3 2 1 1 1 2 2 1 2 2 3 3 3 1 1 1 2 2 1 0 0 1 1 1 1 1 2 2 1 1 7 3 3 16 11 6 2 6 19 31 40 67 62 53 13 46 62 54 42 44 24 21 21 54 43 57 68 47 33 28 29 13 4 10 22 53 23 17 36 65 36 23 10 3 6 7 10 17 10 24 20
27 66 69 68 61 63 41 48 24 25 38 26 20 18 18 13 8 3 1 1 1 1 0 1 2 2 1 1 0 0 1 1 1 1 0 0 1 1 2 1 1 1 1 1 0 1 1 3 4 3 1 3 7 11 26 39 42 12 35 49 61 56 59 80 83 72 65 45 47 58 64 51 58 44 23 17 9 4 10 23 30 14 8 49 64 64 38 38 15 3 5 8 8 10 29 25
40 58 67 48 56 75 59 33 51 38 26 34 28 35 32 18 12 4 3 2 1 1 0 0 1 1 0 0 0 0 0 1 2 2 1 0 1 1 1 1 1 1 1 0 0 0 2 4 2 1 5 4 5 9 15 24 11 41 44 47 59 72 81 70 67 76 40 34 65 19 49 78 53 40 44 43 38 20 7 23 25 14 5 11 31 58 18 10 13 12 3 11 5 8 28 23
68 19 69 49 44 68 75 75 43 22 33 31 44 40 31 22 19 13 7 7 5 4 1 1 0 0 1 1 1 1 0 0 0 1 1 1 1 1 1 1 1 0 0 0 0 0 0 0 2 7 6 15 15 9 9 28 41 42 46 46 68 58 77 67 68 44 31 61 45 38 37 20 57 32 57 63 62 39 26 8 39 20 14 3 11 32 43 11 4 5 2 3 6 12 8 8
44 14 53 32 48 59 62 42 68 76 46 54 54 18 19 16 22 19 12 9 7 6 4 1 1 1 3 2 2 1 0 0 0 0 0 0 1 0 0 1 1 1 0 0 0 0 1 4 6 6 10 26 25 27 11 26 31 61 60 58 75 61 57 49 32 32 49 63 49 32 18 19 50 54 61 60 63 62 41 12 8 17 18 12 3 12 26 16 10 2 5 0 5 9 4 4
29 33 33 35 23 47 57 33 36 71 40 62 72 42 30 20 31 45 36 22 17 7 3 2 4 2 5 4 6 2 2 1 1 1 0 0 0 0 0 0 0 0 0 0 1 2 5 6 6 8 18 28 25 19 34 40 47 45 34 47 65 33 18 12 30 33 31 79 62 23 25 16 52 51 15 33 70 58 59 40 10 6 30 15 8 3 12 15 15 6 1 1 8 4 1 1
33 13 18 28 19 26 58 24 17 44 52 65 66 49 51 42 12 20 21 31 15 11 8 6 6 6 6 8 8 6 4 2 2 2 1 1 0 0 0 0 0 0 0 1 3 3 4 10 5 13 25 21 37 37 42 46 14 12 27 46 73 30 13 38 53 47 61 67 48 38 24 10 19 54 44 15 32 44 53 49 38 9 7 17 12 3 2 8 17 10 1 1 5 1 4 9
51 18 20 20 5 13 42 21 29 20 39 29 46 19 28 33 7 6 15 32 17 25 11 6 17 12 8 4 5 4 3 1 2 1 2 1 1 0 0 0 0 0 1 3 4 6 3 3 13 28 20 27 47 59 70 65 43 33 45 48 48 19 20 52 53 47 47 20 45 48 31 9 12 25 59 30 13 19 64 38 29 11 3 8 11 3 4 11 7 7 1 1 1 2 8 25
25 6 23 21 5 4 15 38 7 15 46 36 43 20 17 9 10 2 6 31 27 17 11 9 5 5 2 1 2 2 2 2 1 1 2 1 1 1 0 0 0 1 1 3 2 5 5 10 12 13 11 21 34 70 76 80 76 66 51 44 28 14 34 44 62 57 48 27 24 43 19 9 11 18 54 34 14 15 24 46 29 19 7 4 11 4 5 9 4 2 2 7 3 6 23 34
34 7 28 33 10 6 8 19 6 5 35 22 15 7 4 9 9 7 2 5 6 15 27 27 8 2 5 2 1 1 1 1 0 1 1 2 1 0 0 0 0 1 2 3 1 2 1 3 3 3 4 15 34 28 49 69 55 42 23 68 33 15 35 44 43 52 72 42 36 15 10 10 25 41 67 32 14 18 29 56 29 11 6 2 5 8 5 8 3 1 5 28 13 14 14 29
23 17 14 27 3 6 11 16 11 4 4 3 4 13 5 3 10 9 3 5 5 6 17 10 8 2 4 4 2 0 1 0 0 0 0 1 1 0 0 0 0 0 0 1 1 1 1 2 5 5 4 13 14 23 26 21 15 34 58 37 13 26 40 36 54 72 48 37 38 23 9 14 25 45 48 23 21 15 25 47 35 33 12 3 2 4 4 7 1 2 7 7 20 35 19 24
7 5 9 10 4 2 12 17 6 2 5 2 2 6 8 4 6 7 6 2 2 3 4 3 3 1 3 5 4 1 0 0 0 0 0 0 0 1 0 0 0 0 1 1 2 4 5 6 5 8 14 9 7 4 6 13 32 37 64 29 12 41 33 30 58 78 43 51 45 24 16 15 26 57 38 21 26 14 18 31 30 29 23 11 3 1 5 3 1 11 14 15 18 17 58 26
2 3 2 7 2 1 11 15 5 1 1 2 2 1 5 6 3 2 3 3 1 1 2 2 2 1 1 3 8 1 1 0 0 0 0 0 0 0 0 0 0 0 0 1 2 2 4 2 3 7 10 22 19 36 25 30 31 49 52 9 20 34 27 20 47 62 38 40 34 27 12 12 28 59 25 32 25 9 8 14 16 25 14 5 5 1 1 3 9 25 29 33 42 28 20 52
1 2 1 1 1 3 7 6 2 1 0 1 1 1 1 2 3 2 2 3 1 1 1 1 0 1 1 1 1 2 1 0 0 0 0 0 0 0 0 0 0 0 0 0 1 1 1 2 4 6 15 21 22 33 48 64 62 72 35 10 24 30 22 31 71 62 20 36 38 23 14 8 21 55 24 19 17 15 3 6 16 22 7 4 1 1 2 10 25 24 30 30 39 52 67 40
1 1 0 0 0 0 0 1 1 0 0 0 0 0 0 0 1 0 1 2 1 1 0 0 0 0 1 1 1 1 1 1 1 0 0 0 0 0 0 0 0 0 0 0 0 1 2 3 2 12 12 17 24 32 45 72 53 44 8 26 36 25 47 58 81 43 48 23 21 22 19 11 31 54 32 18 15 15 3 5 14 20 11 12 4 1 2 8 11 8 9 9 11 17 37 43
0 0 0 0 0 0 0 0 0 0 0 0 0 0 0 0 0 0 0 0 0 0 0 0 0 0 1 1 1 0 0 0 0 0 0 0 0 0 0 0 0 0 1 1 1 2 5 14 4 11 9 11 18 18 56 45 23 6 22 35 35 31 56 79 50 27 40 20 18 20 16 9 17 46 61 32 18 8 3 4 11 22 17 7 3 0 2 4 3 9 12 21 26 25 25 41
1 1 1 2 1 0 0 0 0 1 1 1 1 1 2 1 1 1 0 0 0 0 0 0 0 0 0 0 0 0 0 0 0 0 0 0 0 0 0 0 0 1 1 1 2 4 6 5 15 10 10 9 21 23 54 15 8 14 29 37 32 34 55 78 35 24 22 33 15 6 6 8 28 48 22 43 24 9 3 2 15 13 17 7 2 0 3 7 16 27 17 32 44 40 35 16
1 2 2 3 2 0 0 2 1 2 2 3 3 3 3 3 2 2 1 1 0 0 0 0 0 0 0 0 0 0 0 0 0 0 0 0 0 0 0 0 1 1 2 4 5 9 8 7 13 33 34 34 22 32 18 8 3 21 25 33 19 33 54 65 40 16 22 28 20 11 3 7 36 17 12 49 33 13 4 2 7 6 11 6 1 2 7 8 10 19 20 21 14 16 21 42
4 4 4 4 2 1 1 3 4 4 4 4 8 5 7 7 4 2 2 2 1 2 1 0 0 0 0 0 0 0 0 0 0 0 0 0 0 0 0 1 2 2 2 3 6 9 14 26 23 26 14 46 32 18 18 13 6 18 30 44 44 37 61 28 12 30 34 16 28 10 3 7 15 16 9 45 19 12 3 2 6 5 6 3 1 3 15 24 28 22 18 10 20 23 25 35
11 10 6 9 5 2 2 4 4 4 10 11 11 14 12 6 5 3 3 3 3 3 2 1 1 1 0 0 0 0 0 0 0 0 0 0 0 0 0 1 1 2 2 4 9 11 21 25 20 19 13 7 18 18 21 3 11 19 20 31 29 43 43 49 44 25 16 12 33 22 7 5 13 10 21 49 16 9 5 2 2 5 4 1 3 7 16 41 47 44 46 29 34 46 39 63
16 17 16 9 7 6 3 7 11 13 18 17 16 11 14 9 7 6 5 8 6 5 2 2 2 3 1 1 0 0 2 0 0 0 0 0 0 0 0 1 1 1 2 3 6 16 8 3 27 24 13 7 16 18 3 3 8 13 16 35 46 53 57 30 18 17 24 17 12 15 10 5 13 10 16 26 20 17 6 2 1 3 1 2 5 8 11 13 10 13 16 30 44 46 73 70
23 21 25 20 16 6 4 10 17 24 25 22 22 20 19 17 11 19 12 10 3 2 2 2 3 2 1 1 1 2 1 0 0 0 0 0 0 0 0 1 1 2 4 4 2 4 4 9 8 10 10 3 8 2 4 2 4 8 10 27 46 58 37 53 29 15 14 13 10 16 15 4 5 8 14 17 17 7 4 2 1 1 1 3 9 4 6 13 31 38 39 34 23 69 44 55
39 49 34 10 19 8 13 13 34 30 27 27 30 46 43 26 25 20 10 13 6 4 2 5 5 2 1 2 4 1 0 0 0 0 0 0 0 0 0 1 2 3 4 1 2 4 4 8 6 6 3 2 4 1 3 2 6 17 23 37 30 28 43 56 19 10 7 7 12 11 7 4 3 6 6 18 15 8 4 1 1 1 2 7 16 20 19 19 27 25 23 48 50 62 38 19
56 69 32 30 37 16 11 39 39 53 24 39 47 41 58 33 16 9 21 13 8 5 2 9 2 2 3 4 1 0 1 1 1 1 0 0 0 0 0 0 1 1 1 1 1 5 13 11 7 4 3 2 2 2 5 8 15 11 8 12 19 32 36 52 26 12 11 8 5 4 4 4 2 5 9 7 6 9 4 1 1 3 9 8 15 36 39 43 44 46 27 38 33 36 40 14
48 67 34 33 46 20 20 56 51 54 19 41 63 47 62 30 24 23 31 28 14 5 5 2 3 5 9 1 1 1 1 1 1 1 1 0 0 0 0 0 0 0 0 1 3 10 8 4 10 2 2 1 4 4 6 5 4 3 11 16 16 39 43 35 17 47 46 28 14 12 5 4 2 3 4 3 4 5 1 0 1 6 17 28 28 37 50 46 41 39 42 48 15 5 28 20
65 39 40 34 48 22 26 55 74 51 16 52 72 63 61 59 33 44 57 30 15 6 12 5 10 9 1 1 2 2 1 1 2 1 1 1 1 1 1 0 0 0 0 1 10 4 7 1 2 4 1 2 5 6 7 6 5 10 35 45 39 35 66 34 44 26 31 31 12 7 5 4 1 1 2 3 2 3 1 0 2 5 7 19 20 11 22 10 10 13 9 60 41 17 13 7
84 68 45 35 43 24 39 59 84 43 25 43 69 70 71 42 33 76 37 8 10 24 19 12 12 4 3 3 5 4 2 2 2 2 1 1 1 1 1 1 0 0 0 0 2 2 2 1 0 0 0 2 3 7 8 18 22 26 19 35 50 50 31 45 36 35 10 20 34 11 4 2 1 1 1 2 1 1 1 1 3 6 8 10 9 5 8 16 29 49 64 79 50 16 9 4
77 77 45 49 52 30 41 65 77 49 29 51 84 83 50 61 39 38 13 8 16 46 49 24 14 11 5 5 6 4 3 7 3 1 1 2 1 2 2 1 1 0 0 0 0 0 0 0 1 1 3 4 9 12 14 24 20 17 38 60 61 59 40 47 9 59 40 8 7 25 19 11 5 2 0 1 1 0 0 1 2 3 4 8 5 8 27 33 30 27 37 61 26 13 9 4
76 64 43 58 52 49 37 66 76 50 37 52 84 75 58 45 22 13 4 18 38 47 29 10 6 3 2 12 10 5 7 5 3 1 1 2 3 3 2 0 1 0 1 0 0 0 0 0 1 1 2 3 6 8 8 11 17 34 28 71 53 24 23 69 36 16 45 16 5 3 7 8 9 7 2 1 0 0 0 1 3 3 3 4 8 15 28 28 24 38 26 35 30 17 7 3
77 64 38 62 55 54 48 50 61 39 34 51 65 33 34 26 11 15 11 24 50 21 14 13 6 6 3 18 14 7 16 6 2 3 2 4 4 7 4 2 1 0 1 1 1 0 0 0 1 1 1 2 6 6 15 21 11 31 40 58 14 5 24 60 23 20 11 35 10 2 2 3 7 5 5 3 1 0 0 0 2 3 4 3 5 12 38 18 14 47 20 18 22 7 3 3
50 46 41 62 53 42 58 47 71 72 60 53 46 37 49 46 34 40 20 30 45 24 18 15 9 7 7 24 21 10 18 8 5 4 4 7 7 6 2 2 4 2 1 1 0 0 0 0 0 1 1 3 7 7 7 12 7 17 43 18 11 6 38 58 33 6 4 6 15 5 2 2 2 1 5 2 1 0 0 0 1 3 4 3 14 25 41 17 15 38 16 6 8 11 2 1
58 28 62 69 60 69 68 85 79 90 90 83 47 66 66 62 60 29 26 48 41 23 18 10 11 17 10 27 26 24 16 11 9 9 9 14 19 8 3 3 9 4 1 0 0 0 0 0 1 1 3 4 5 6 4 5 12 35 48 11 7 8 17 51 35 17 4 1 10 10 4 1 1 1 7 1 0 0 0 1 1 3 4 8 9 7 8 6 12 11 15 10 9 7 1 0
50 45 50 61 79 84 88 89 75 75 79 81 84 73 47 46 37 30 34 30 17 23 18 21 32 22 24 53 37 49 22 20 16 21 23 33 33 10 8 7 8 3 1 1 0 1 0 0 0 1 1 3 2 2 2 6 14 22 19 15 6 6 7 56 16 13 10 1 6 11 6 1 1 1 1 3 1 0 0 1 1 3 7 10 9 6 6 4 6 5 7 4 3 1 0 1
58 59 35 40 55 64 80 54 50 48 62 65 65 74 51 43 47 61 49 31 30 35 30 42 60 42 33 59 54 44 26 36 24 33 27 41 22 14 18 5 2 2 2 2 1 1 1 0 0 0 2 1 1 3 3 1 8 6 9 28 8 7 12 24 11 2 9 3 3 4 3 3 1 1 0 9 1 0 0 1 2 3 3 11 5 4 5 3 3 1 1 1 1 1 2 5
70 73 51 31 56 52 55 64 48 60 67 52 64 78 82 68 79 70 50 41 53 52 53 49 59 46 40 66 64 33 44 42 42 42 50 51 29 16 4 1 1 3 3 2 3 2 2 0 0 0 0 1 2 3 3 2 6 6 4 7 6 7 9 18 22 2 4 4 2 7 4 1 2 1 1 1 1 0 0 1 1 2 6 8 3 4 3 2 3 1 1 0 1 2 4 6
52 67 79 49 27 33 56 56 75 43 40 39 72 55 63 92 88 49 66 65 65 61 62 54 57 50 51 74 60 50 50 46 51 67 62 26 8 6 8 6 8 6 5 3 5 4 2 0 0 0 0 2 1 1 3 3 7 4 3 4 5 2 3 8 25 2 1 3 2 2 2 1 1 1 1 1 0 0 0 1 1 2 9 4 1 1 1 2 1 0 0 1 1 2 5 6
77 75 76 80 46 17 21 67 64 58 15 19 36 51 77 84 67 89 89 71 62 79 73 42 62 52 70 62 60 54 58 49 64 77 76 34 24 16 25 20 27 20 9 9 10 3 1 0 0 0 0 0 0 1 3 3 6 5 2 2 2 1 0 2 11 3 2 1 1 1 1 2 1 1 0 0 0 0 0 1 1 1 2 2 1 1 0 1 0 1 1 2 4 6 5 6
60 45 52 84 46 38 30 32 33 38 28 7 29 75 84 83 61 57 84 63 78 80 68 51 72 68 80 75 70 76 59 59 58 52 56 34 30 33 32 30 9 8 20 30 3 2 1 0 0 0 0 0 0 0 1 3 4 7 2 2 2 1 0 5 10 2 2 1 1 1 1 1 1 0 0 0 0 0 0 1 1 2 1 1 0 0 0 1 1 3 4 5 5 6 4 4
32 51 50 80 80 30 36 21 24 23 26 13 32 45 52 57 73 82 68 30 64 33 72 81 91 87 83 59 74 57 69 53 47 27 65 59 60 43 21 15 4 1 23 13 7 3 2 1 0 1 1 0 0 0 0 0 1 1 1 1 1 1 1 2 4 5 2 1 1 0 0 0 1 0 0 0 0 0 0 0 1 1 1 1 0 0 2 2 3 3 4 9 8 6 6 5
21 28 42 46 77 75 41 18 18 18 16 16 27 46 62 69 37 73 72 36 66 60 36 51 73 53 71 46 67 29 19 41 29 27 44 80 60 39 21 55 19 17 19 15 13 4 2 1 2 2 1 0 0 0 0 0 0 0 0 1 1 0 1 3 2 5 2 1 1 1 1 1 0 0 0 0 0 0 0 0 0 0 0 0 0 1 1 2 3 3 4 4 21 9 6 3
10 18 29 8 43 83 43 23 11 8 13 16 13 22 31 50 51 70 49 52 65 47 17 47 67 49 48 40 43 64 48 48 44 22 28 66 75 80 75 65 48 31 30 33 20 7 5 3 6 2 1 1 1 1 0 0 0 0 0 0 0 0 1 2 3 2 2 1 1 1 0 0 0 0 0 0 0 0 0 0 0 0 0 0 0 0 0 1 2 1 3 6 8 8 4 9
19 11 22 44 41 56 81 38 33 10 6 7 9 11 31 26 48 69 14 25 71 67 28 16 72 79 51 34 47 57 24 21 26 18 15 39 57 55 49 22 34 31 15 23 23 19 19 15 5 1 2 3 2 2 2 3 2 0 0 0 0 0 0 0 1 3 1 1 0 1 0 0 0 0 0 0 0 0 0 0 0 0 0 0 1 0 1 1 2 3 3 4 7 8 14 16
27 10 7 31 48 57 82 63 27 20 10 8 7 10 10 7 30 20 16 55 85 39 20 11 17 58 30 32 26 48 42 24 27 23 20 53 37 18 14 10 13 5 5 41 20 35 40 32 10 6 8 4 4 2 2 0 1 0 0 0 0 0 0 0 0 1 1 1 1 1 0 0 0 0 0 0 0 0 0 0 0 0 0 0 1 2 2 2 3 4 4 7 8 9 9 20
47 31 20 13 14 19 33 60 31 32 12 7 5 6 12 5 17 10 31 31 79 35 20 16 9 17 16 24 9 35 40 16 14 14 19 34 28 9 5 9 8 5 6 11 23 18 12 5 5 5 3 3 2 3 3 0 0 1 0 0 0 0 0 0 0 0 1 1 1 0 0 0 0 0 0 0 0 0 0 0 0 0 1 1 0 0 1 7 2 6 8 9 13 13 19 27
21 20 34 12 11 32 34 56 61 34 21 6 4 3 4 6 9 11 13 30 63 74 42 21 6 5 11 3 7 26 36 16 11 11 8 8 11 7 4 6 5 5 4 5 24 13 12 5 2 2 2 0 1 1 1 1 0 1 0 0 0 0 0 0 0 0 0 0 0 0 0 0 0 0 0 0 0 0 0 0 0 0 0 0 0 1 3 5 7 10 10 11 12 18 19 33
37 28 9 6 7 15 25 38 55 27 15 9 3 2 2 5 2 5 16 58 45 62 41 31 13 4 14 12 3 5 18 11 11 8 3 3 4 11 3 3 4 3 2 4 11 13 17 7 3 2 1 1 0 0 1 1 0 1 0 0 0 0 0 0 0 0 0 0 0 0 0 0 0 0 0 0 0 0 0 0 0 0 0 1 1 2 2 6 3 3 3 3 8 17 18 12
51 39 13 6 2 12 12 20 39 35 10 7 4 3 4 4 2 11 31 48 19 30 39 14 10 7 4 8 10 1 7 11 4 5 2 4 3 2 2 3 4 3 1 1 3 11 15 8 5 3 2 1 0 0 0 0 0 0 1 0 0 0 0 0 0 0 0 0 0 0 0 0 0 0 0 0 0 0 0 0 0 0 0 1 1 1 2 3 2 2 2 5 7 9 10 11
52 39 18 13 3 4 9 15 52 10 10 4 3 2 2 2 2 7 30 15 3 15 64 12 7 8 3 4 4 7 5 4 3 3 3 1 1 1 1 2 3 1 1 1 2 5 14 6 7 3 1 1 0 0 0 0 0 0 0 0 0 0 0 0 0 0 0 0 0 0 0 0 0 0 0 0 0 0 0 0 0 0 1 1 1 1 3 3 2 3 4 4 5 9 11 8
45 36 17 8 6 4 8 9 35 12 2 6 4 2 1 1 1 10 11 6 18 29 51 27 9 4 5 8 2 9 5 3 3 1 3 1 1 1 0 1 1 1 1 3 6 7 10 9 14 10 5 2 1 0 0 0 0 0 0 0 0 0 0 0 0 0 0 0 0 0 0 0 0 0 0 0 0 0 0 0 0 0 0 0 1 1 1 3 4 5 5 5 7 4 10 15
36 22 12 8 6 5 3 5 11 30 7 3 4 1 1 1 1 5 5 7 6 17 47 23 9 11 3 4 4 9 3 2 2 2 1 1 1 1 1 1 0 0 1 9 3 3 8 5 10 10 8 3 1 1 0 0 0 0 0 0 0 0 0 0 0 0 0 0 0 0 0 0 0 0 0 0 0 0 0 0 0 0 0 0 0 0 1 2 2 3 3 10 7 10 22 14
31 25 11 6 5 4 3 4 5 13 10 2 1 1 1 1 1 1 3 4 7 18 51 19 11 5 7 3 3 5 2 1 1 1 1 1 1 1 0 0 0 1 4 6 1 4 4 2 8 6 4 4 2 1 1 0 0 0 0 0 0 0 0 0 0 0 0 0 0 0 0 0 0 0 0 0 0 0 0 0 0 0 0 0 0 0 1 1 1 3 2 5 5 3 7 10
72 43 21 4 3 3 2 3 3 8 11 4 2 2 1 1 1 1 2 1 7 9 34 15 5 3 3 4 3 1 3 1 1 1 1 1 1 1 0 0 1 2 3 1 1 2 1 2 3 5 7 5 7 3 2 1 1 0 0 0 0 0 0 0 0 0 0 0 0 0 0 0 0 0 0 0 0 0 0 0 0 0 0 0 0 0 0 0 1 1 4 8 4 4 7 2
24 62 40 14 5 2 1 2 3 4 20 5 2 1 1 1 1 0 1 1 4 7 19 21 5 3 2 2 2 2 2 2 1 0 0 1 1 0 0 1 1 4 2 1 1 2 2 1 3 5 2 2 2 4 3 1 1 0 0 0 0 0 0 0 0 0 0 0 0 0 0 0 0 0 0 0 0 0 0 0 0 0 0 0 0 0 0 0 1 2 2 4 3 4 5 9
8 56 12 41 17 7 1 1 1 4 10 3 2 1 1 0 0 0 1 1 4 9 8 15 8 4 2 1 1 1 1 2 1 1 0 1 0 0 0 0 2 2 2 0 1 2 0 1 4 5 2 1 1 1 6 3 1 0 0 0 0 0 0 0 0 0 0 0 0 0 0 0 0 0 0 0 0 0 0 0 0 0 0 0 0 0 0 0 1 1 2 1 2 4 6 7
14 17 7 30 12 13 4 1 1 1 4 3 1 1 0 0 0 0 1 3 1 1 15 15 16 7 4 3 1 0 1 1 1 1 0 0 0 0 0 0 2 0 0 0 0 2 0 1 5 4 2 0 0 0 2 1 1 0 0 0 0 0 0 0 0 0 0 0 0 0 0 0 0 0 0 0 0 0 0 0 0 1 0 1 1 0 0 0 1 1 1 2 5 6 9 9
15 11 9 6 7 3 13 2 0 0 1 2 1 0 0 0 0 1 1 1 3 12 17 15 20 8 4 1 1 1 1 1 1 0 0 0 0 0 0 1 1 0 0 0 1 3 1 2 7 4 3 1 0 0 0 0 1 1 0 0 0 0 0 0 0 0 0 0 0 0 0 0 0 0 0 0 0 0 1 0 1 1 1 1 1 1 0 1 1 1 1 1 2 1 3 5
13 7 10 5 5 1 3 4 0 0 1 1 2 0 0 0 0 0 1 2 6 7 13 10 10 13 3 1 1 1 1 0 0 0 0 0 0 0 0 1 0 0 0 0 0 1 1 1 3 5 2 1 1 0 0 0 0 0 0 0 0 0 0 0 0 0 0 0 0 0 0 0 0 0 0 0 0 0 0 1 1 1 1 1 1 1 1 3 2 0 1 0 1 3 5 7
8 10 12 5 2 1 1 1 1 0 0 1 1 0 0 0 0 0 2 5 2 2 7 5 4 7 4 1 1 1 1 0 0 0 0 0 0 0 1 1 0 0 0 0 0 1 0 1 4 1 1 1 0 0 0 0 0 0 0 0 0 0 0 0 0 0 0 0 0 0 0 0 0 0 0 0 0 0 1 1 2 3 3 3 4 3 3 3 2 1 1 1 1 1 5 6
3 2 3 3 1 1 1 1 1 0 0 0 0 0 0 0 0 1 1 2 2 2 4 10 2 2 2 2 1 0 0 0 0 0 0 0 0 0 1 0 0 0 0 0 0 0 1 5 8 1 0 1 0 0 0 0 0 0 0 0 0 0 0 0 0 0 0 0 0 0 0 0 0 0 0 0 0 0 0 1 1 1 1 2 5 3 6 5 4 4 2 2 4 3 3 4
1 1 1 1 1 1 1 0 0 0 0 0 0 0 0 0 0 0 0 1 1 1 1 1 1 1 1 1 0 0 0 0 0 0 0 0 0 0 0 0 0 0 0 0 0 0 1 1 4 1 0 1 1 0 0 0 0 0 0 0 0 0 0 0 0 0 0 0 0 0 0 0 0 0 0 0 0 0 0 0 0 1 1 1 5 4 9 11 7 9 8 8 7 6 5 14
