sesion_6_simulaciones/modelos_agentes/ejemplos_netlogo/scenarios/echam4_a2/rob_2054.asc
NCOLS 322 
NROWS 307 
XLLCORNER 451900 
YLLCORNER 4086900 
CELLSIZE 100 
NODATA_value -9999 
[rows 74 to 147 of 307, columns 0 to 95 of 322]
0 0 0 0 0 0 0 0 0 0 0 0 0 0 0 0 0 0 0 0 0 0 0 0 0 0 0 0 0 0 0 0 0 0 0 1 2 2 2 1 1 1 1 0 0 0 0 0 0 1 0 0 0 0 0 0 0 0 0 0 0 2 2 2 1 1 1 2 2 4 8 4 3 2 12 36 13 14 34 55 50 10 13 21 30 5 3 3 7 4 5 5 3 4 7 5
0 0 0 0 0 0 0 0 0 0 0 0 0 0 0 0 0 0 0 0 0 0 0 0 0 0 0 0 0 0 0 0 0 0 1 1 1 1 4 3 1 1 1 1 0 0 0 0 0 0 0 0 0 0 0 0 0 0 0 0 0 1 3 5 2 2 4 3 2 1 2 5 6 4 7 47 15 6 5 45 39 20 16 11 4 13 14 5 6 5 6 14 10 6 4 30
0 0 0 0 0 0 0 0 0 0 0 0 0 0 0 0 0 0 0 0 0 0 0 0 0 0 0 0 0 0 0 0 0 0 0 1 1 2 2 1 1 5 1 1 1 0 0 0 0 0 1 0 0 0 0 0 1 0 0 0 0 2 1 3 4 4 5 5 8 4 4 2 2 2 6 52 66 15 8 10 28 25 12 4 4 32 30 24 18 4 3 2 18 20 12 19
0 0 0 0 0 0 0 0 0 0 0 0 0 0 0 0 0 0 0 0 0 0 0 0 0 0 0 0 0 0 0 0 0 0 0 0 0 1 0 0 5 1 1 1 2 2 1 0 0 1 1 0 0 0 1 0 0 0 0 0 1 1 1 3 2 3 4 5 7 9 10 10 10 8 4 10 42 26 16 4 31 44 7 3 24 46 7 48 28 12 5 14 24 23 25 12
0 0 0 0 0 0 0 0 0 0 0 0 0 0 0 0 0 0 0 0 0 0 0 0 0 0 0 0 0 0 0 0 0 0 0 0 0 0 1 1 1 3 1 2 2 10 2 2 3 1 1 0 1 0 0 0 0 0 1 1 1 0 1 0 1 3 3 7 7 7 9 17 12 13 6 2 3 10 11 6 12 12 8 8 27 10 7 4 5 19 11 17 13 17 22 29
0 0 0 0 0 0 0 0 0 0 0 0 0 0 0 0 0 0 0 0 0 0 0 0 0 0 0 0 0 0 0 0 0 1 2 2 1 0 1 2 2 5 4 1 1 2 7 9 18 16 8 3 2 1 1 0 0 0 1 1 0 0 0 0 0 1 1 1 2 6 10 10 12 14 10 8 5 10 3 2 11 12 8 13 27 10 21 11 5 15 20 45 57 55 35 43
0 0 0 0 0 0 0 0 0 0 0 0 0 0 0 0 0 0 0 0 0 0 0 0 0 0 0 0 0 0 0 0 0 1 4 7 1 1 1 4 3 3 7 4 1 1 3 10 43 49 55 66 37 6 3 1 1 1 1 1 1 0 0 0 1 1 1 1 2 5 10 8 12 15 14 7 7 3 2 0 4 10 11 15 28 17 7 9 10 14 60 59 58 31 32 61
0 0 0 0 0 0 0 0 0 0 0 0 0 0 0 0 0 0 0 0 0 0 0 1 0 0 0 0 0 0 0 0 0 0 0 3 2 1 1 3 8 24 5 12 9 4 3 1 1 3 9 15 30 44 20 5 2 1 1 1 0 1 0 2 0 0 1 1 1 3 3 13 11 15 18 10 3 0 1 1 2 5 7 18 8 19 23 25 15 14 9 6 25 18 26 44
0 0 0 0 0 0 0 0 0 0 0 0 0 0 0 0 0 0 0 0 0 1 1 0 2 0 0 0 0 0 0 0 0 0 1 0 0 0 0 2 3 3 5 14 7 5 6 4 1 0 0 1 2 10 9 25 8 3 1 7 8 3 1 0 2 1 1 1 0 0 3 6 16 11 8 9 5 3 3 7 2 3 9 29 10 36 32 28 24 30 20 10 9 25 64 77
0 0 0 0 0 0 0 0 0 0 0 0 0 0 0 0 0 0 1 1 0 0 0 0 0 0 0 0 0 0 0 0 0 0 0 1 0 0 1 2 6 11 4 3 2 2 2 2 0 1 1 0 4 2 2 5 10 6 19 13 2 1 1 1 2 1 1 1 2 2 11 9 13 9 7 9 12 17 10 4 7 7 28 36 23 52 42 72 52 46 50 45 13 11 16 17
0 0 0 0 0 0 0 0 0 0 0 0 0 0 0 0 0 0 0 0 0 0 0 0 0 0 0 0 0 0 1 0 0 0 1 1 0 1 1 2 4 8 12 9 1 0 1 1 1 1 0 4 14 6 5 4 2 11 36 4 2 1 1 1 1 1 1 1 4 7 7 9 8 7 8 8 11 11 18 4 7 5 11 8 20 55 26 36 56 70 44 47 50 31 25 20
0 0 0 0 0 0 0 0 0 0 0 0 0 0 0 0 0 0 0 0 0 0 0 0 0 0 0 0 0 0 0 0 0 1 0 1 0 3 1 2 5 5 11 13 5 6 9 6 9 9 6 7 10 7 4 3 6 12 4 5 3 4 2 1 1 0 0 4 4 3 8 5 24 6 5 16 11 10 11 8 7 4 6 15 3 39 29 60 60 77 84 85 65 44 32 29
0 0 0 0 0 0 0 0 0 0 0 0 0 0 0 0 0 0 0 0 0 0 0 0 0 0 0 0 0 0 0 0 0 0 0 0 0 1 1 3 4 3 9 6 4 5 7 5 4 6 7 3 4 4 4 4 10 3 4 5 7 3 1 1 1 1 1 0 1 2 2 5 2 2 17 11 8 12 37 15 17 8 4 12 24 48 38 27 69 65 55 62 71 36 34 32
0 0 0 0 0 0 0 0 0 0 0 0 0 0 0 0 0 0 0 0 0 0 0 0 0 0 0 1 0 0 0 0 0 0 0 0 0 1 1 1 5 2 1 2 2 3 6 1 2 3 3 3 3 5 5 3 4 2 4 4 5 1 1 1 1 1 4 6 5 3 5 3 3 3 3 3 24 33 6 13 14 9 10 7 11 16 33 51 60 68 14 43 56 57 34 31
0 0 0 0 0 0 0 0 0 0 0 0 0 0 0 0 0 0 0 0 0 0 0 0 1 1 1 1 0 2 1 0 0 0 0 0 0 0 0 1 1 0 2 1 2 4 5 1 2 4 1 1 2 5 3 1 3 1 3 4 2 0 0 0 2 1 0 2 7 2 4 4 2 4 7 4 5 8 7 7 4 7 17 15 10 13 12 9 26 25 17 44 22 60 49 41
0 0 0 0 0 0 0 0 0 0 0 0 0 0 0 0 0 0 0 0 0 0 0 1 1 2 3 1 1 1 1 1 0 1 0 0 0 0 0 0 0 0 1 1 1 1 2 1 1 2 1 1 0 3 5 1 2 1 7 1 1 1 1 2 2 0 0 0 14 2 3 2 3 2 3 10 10 25 29 21 32 21 11 7 24 32 29 27 13 10 23 40 44 19 41 36
0 0 0 0 0 0 0 0 0 0 0 0 0 0 0 0 0 0 0 0 0 0 1 1 7 0 5 5 1 2 1 1 1 2 1 1 1 0 0 0 0 0 0 0 1 2 0 1 1 1 1 2 2 4 0 2 3 1 2 0 0 1 2 1 1 1 0 0 3 35 21 8 3 13 12 19 52 47 8 16 44 32 36 34 31 36 35 37 29 15 8 37 32 18 12 5
0 0 0 0 0 0 0 0 0 0 0 0 0 0 0 0 0 0 0 0 0 0 0 1 3 1 0 12 6 1 0 4 1 3 3 6 1 1 1 0 0 0 1 0 0 0 0 0 0 1 7 9 13 11 14 1 0 2 0 0 0 1 1 0 0 0 4 4 1 1 7 9 47 76 43 23 12 9 52 19 4 24 39 34 30 32 41 42 36 17 11 13 8 5 7 23
0 0 0 0 0 0 0 0 0 0 0 0 0 0 0 0 0 0 0 0 0 0 0 1 0 2 3 9 20 5 0 0 0 1 1 3 1 2 3 1 1 0 1 2 2 2 3 1 2 13 22 12 2 3 8 18 4 0 1 1 0 1 0 0 1 1 1 1 3 2 2 3 2 4 3 48 11 13 7 18 36 10 16 45 33 39 44 42 44 43 24 7 14 30 17 25
0 0 0 0 0 0 0 0 0 0 0 0 0 0 0 0 0 1 2 1 0 2 0 0 0 1 0 0 3 3 7 1 0 0 1 0 1 6 1 1 5 0 1 3 10 4 3 8 9 13 35 33 7 20 13 21 8 12 5 4 1 2 0 0 0 1 0 2 1 1 1 1 2 2 2 8 6 11 9 12 22 47 22 28 38 41 28 36 23 13 25 32 38 9 7 11
0 0 0 0 0 0 0 0 0 0 0 0 0 0 0 0 0 1 0 1 0 1 0 1 0 2 1 1 0 5 22 4 1 0 0 2 1 2 7 1 9 0 1 10 9 8 13 22 22 62 47 50 30 68 54 40 25 24 20 2 3 2 0 0 0 1 2 7 3 3 2 6 8 7 5 3 4 12 19 14 9 10 38 38 35 22 34 16 15 37 38 29 37 38 24 14
0 0 0 0 0 0 0 0 0 0 0 0 0 0 0 0 0 0 0 1 1 2 0 1 0 1 2 0 0 2 10 10 4 2 0 1 0 1 6 1 9 1 2 8 11 16 42 47 53 73 59 17 49 37 33 26 20 32 2 1 5 2 1 1 1 1 1 3 4 2 19 4 2 3 4 9 32 34 36 27 21 17 19 29 18 11 26 25 25 31 47 41 22 17 24 21
0 0 0 0 0 0 0 0 0 0 0 0 0 0 0 0 0 0 0 0 0 1 0 1 2 1 3 2 2 1 6 21 1 1 1 1 0 4 23 10 18 9 3 7 21 47 74 63 34 76 36 5 18 4 10 38 46 30 5 15 12 11 2 0 0 1 1 1 2 9 2 5 8 3 5 17 14 10 26 36 42 22 11 13 8 14 31 46 41 39 37 45 22 24 23 35
0 0 0 0 0 0 0 0 0 0 0 0 1 0 0 0 0 0 1 0 0 0 1 3 5 6 3 5 3 1 9 25 2 1 4 4 1 3 2 12 20 46 15 17 41 56 79 72 31 50 7 10 5 2 1 2 47 54 45 29 8 18 1 1 4 8 1 0 1 1 3 9 3 14 17 4 13 29 22 38 30 37 40 15 28 29 41 39 47 31 48 49 34 39 35 48
0 0 0 0 0 0 0 0 0 0 0 0 0 1 0 0 0 1 1 1 2 1 2 3 4 6 6 13 8 9 4 13 3 3 3 1 2 6 2 6 8 32 25 41 48 54 81 89 79 50 16 6 1 1 0 1 2 1 65 30 33 3 1 5 2 4 3 1 1 1 4 4 13 10 7 5 7 4 16 22 41 48 31 19 25 40 33 29 50 24 70 28 34 35 27 33
0 1 0 0 0 0 0 0 0 0 0 0 0 0 1 2 0 1 2 2 3 2 4 13 17 20 21 17 16 20 2 11 17 7 4 2 2 3 1 1 2 27 4 11 12 18 80 84 75 26 14 15 8 7 3 4 1 4 3 2 3 2 4 6 6 2 1 1 1 1 1 3 4 5 3 2 3 11 15 27 34 39 24 23 19 29 35 15 38 32 71 39 38 20 31 42
0 0 0 0 0 0 0 0 0 0 0 0 0 0 1 0 4 1 1 1 2 2 1 1 3 7 11 5 19 21 9 36 52 22 6 13 4 5 4 1 14 25 18 10 17 22 8 33 47 10 17 21 13 9 13 7 3 9 5 7 3 1 4 6 4 2 1 1 2 1 0 1 5 7 6 5 9 14 15 20 20 31 24 23 23 18 26 23 52 57 17 33 40 39 45 30
0 0 0 0 0 0 0 0 0 0 0 0 0 0 0 1 1 6 1 2 1 4 4 5 11 15 14 7 3 4 5 48 36 16 30 35 48 26 4 3 15 20 65 31 29 28 27 8 5 11 28 24 15 10 5 10 10 6 5 3 4 3 9 6 4 2 1 1 3 0 0 1 1 3 4 10 10 13 15 18 18 17 13 23 26 16 17 22 43 4 18 30 24 9 6 17
0 0 0 0 0 0 0 0 0 0 0 0 0 0 1 1 1 1 2 2 4 9 9 12 19 39 22 20 13 6 3 2 42 48 43 13 63 31 16 33 44 9 50 29 81 62 23 9 10 5 17 23 17 11 13 5 10 6 6 3 6 8 20 21 7 2 1 0 1 0 0 1 0 1 1 6 6 7 11 11 15 12 15 21 10 27 21 46 17 10 22 25 28 17 16 27
0 0 0 0 0 0 0 0 0 0 0 0 0 0 0 0 0 1 2 2 6 9 30 24 28 23 47 27 9 10 8 7 3 33 34 7 10 7 50 22 18 5 63 23 11 4 17 11 18 13 20 28 30 19 11 4 2 4 1 2 4 3 10 11 1 2 1 0 1 1 2 2 1 2 3 1 5 7 8 8 7 20 6 3 11 35 16 48 11 5 9 12 15 14 23 28
0 0 0 0 0 0 0 0 0 0 0 0 0 0 1 1 1 1 1 1 2 7 36 44 15 14 18 20 26 24 14 21 10 3 3 11 4 8 57 8 6 14 32 10 11 8 19 13 15 12 6 19 21 21 8 4 3 3 1 1 1 1 2 1 2 2 1 1 1 2 2 1 2 3 2 2 6 6 7 6 23 5 5 10 12 20 18 14 15 3 3 11 14 24 30 44
0 0 0 0 0 0 0 0 0 0 0 0 0 0 0 0 2 3 6 9 6 14 10 9 4 2 9 20 25 19 36 36 8 4 1 2 8 32 16 15 3 39 61 17 16 16 16 21 25 5 8 13 11 11 5 5 3 2 2 1 1 0 1 4 4 2 2 2 2 2 2 1 1 4 1 2 4 3 4 11 7 5 7 5 12 4 13 21 34 12 8 10 17 19 15 37
0 0 0 0 0 0 0 0 0 0 0 0 0 0 0 2 2 4 7 6 7 24 10 7 9 10 4 10 17 14 14 8 5 11 8 10 21 13 26 11 13 17 37 39 27 20 7 10 13 4 4 16 22 22 17 8 4 2 4 11 5 2 1 2 1 1 8 6 2 2 1 17 6 2 2 1 1 2 2 7 2 5 6 2 7 6 12 21 12 27 16 23 18 27 26 34
0 0 0 0 1 0 0 0 0 0 0 0 0 3 1 9 4 2 4 11 15 16 25 12 9 10 11 7 21 17 9 7 10 16 18 18 6 8 12 14 13 4 7 18 26 14 2 5 5 6 8 11 8 9 6 4 4 1 15 16 6 6 1 1 2 2 12 58 29 12 6 3 14 26 4 2 2 2 5 3 1 8 2 5 5 11 4 5 7 12 22 18 43 30 12 20
0 0 0 0 0 0 0 0 0 0 0 0 0 0 4 4 7 10 7 12 11 8 20 9 6 6 5 3 3 4 11 9 15 16 9 18 16 14 12 10 3 8 15 4 26 15 11 10 10 4 4 4 4 18 10 8 6 2 3 3 2 2 6 2 5 8 6 34 61 33 2 5 5 3 18 7 2 2 2 2 4 7 3 21 8 7 7 12 10 13 23 35 15 16 18 8
0 0 0 0 0 0 1 0 0 0 0 0 0 0 0 1 0 1 3 9 11 11 20 28 15 10 13 10 5 3 6 2 4 8 9 14 16 10 18 5 3 11 5 8 27 13 13 10 11 6 5 5 5 13 19 2 3 2 5 4 3 13 10 12 15 8 15 11 49 22 19 4 3 4 4 9 6 7 5 7 2 4 5 10 8 10 14 5 7 40 16 8 23 16 20 19
0 0 0 0 0 0 0 0 0 0 0 0 0 0 2 2 1 1 2 7 11 27 36 44 40 13 8 4 2 3 3 1 1 2 4 5 9 11 7 10 8 11 3 20 3 2 5 7 8 8 16 14 6 13 8 6 4 7 8 2 8 9 4 4 53 16 17 8 4 54 46 9 10 4 15 22 27 45 25 17 9 7 3 12 30 18 37 24 25 31 21 11 22 27 34 18
0 0 0 0 0 0 0 0 0 0 0 0 0 0 1 1 1 5 3 19 51 25 11 19 28 13 10 11 4 1 3 4 6 3 1 4 14 13 3 7 18 18 15 14 5 3 7 14 23 24 9 37 23 26 14 5 6 2 2 10 4 3 3 5 5 22 11 11 6 18 37 57 35 6 2 17 13 33 3 2 12 38 1 6 2 13 13 62 47 39 67 29 26 23 27 28
0 0 0 0 0 0 0 0 0 0 0 0 0 0 0 1 4 5 6 3 4 33 33 17 20 13 22 31 16 6 5 11 7 8 9 3 4 9 9 9 10 15 13 13 10 10 25 21 16 20 21 15 19 13 11 17 20 24 7 2 8 3 3 26 5 16 27 11 7 10 36 39 43 18 6 9 2 18 7 4 1 17 6 6 9 39 8 14 6 3 39 15 21 68 27 45
0 0 0 0 0 0 0 0 0 0 0 0 1 0 0 1 2 3 6 7 5 2 23 54 35 30 24 25 27 9 9 13 6 7 15 21 8 3 4 10 14 10 6 38 15 16 20 49 48 29 42 16 21 49 66 60 18 12 6 4 5 29 12 3 27 7 30 19 12 3 35 32 23 37 7 11 3 22 31 6 4 33 4 8 12 2 16 10 4 12 62 21 12 51 68 66
0 0 0 0 0 0 0 0 0 0 0 0 0 0 0 1 1 3 6 13 12 11 5 16 18 18 6 8 25 10 6 7 5 4 6 12 10 8 6 11 8 4 4 4 20 24 22 42 30 15 13 32 14 12 9 5 9 3 7 7 6 17 22 7 10 24 3 37 21 7 27 45 42 33 12 9 4 31 7 7 2 56 13 8 13 13 5 11 10 25 58 71 16 15 68 64
0 0 0 0 0 0 0 0 0 0 0 0 0 0 0 0 1 1 7 18 23 13 8 3 3 2 6 4 1 2 7 1 2 4 8 6 8 13 9 7 16 12 14 13 18 23 21 18 12 12 24 27 26 34 12 22 19 8 5 9 4 9 17 17 14 47 18 35 51 15 15 21 48 25 38 10 6 29 15 35 25 54 71 21 15 16 6 22 12 8 36 79 25 10 11 64
0 0 0 0 0 0 0 0 0 0 0 0 0 0 0 0 1 2 5 11 17 10 6 9 5 5 6 2 1 1 3 2 2 3 3 5 10 12 8 19 29 19 18 14 7 14 15 14 17 36 24 41 26 27 22 27 22 19 11 19 12 21 11 25 9 44 34 14 55 33 5 25 35 25 55 17 35 18 18 16 37 16 74 41 9 17 17 48 14 7 8 52 32 15 30 28
0 0 0 0 0 0 0 0 0 0 0 0 0 0 0 0 1 2 3 7 10 10 10 8 14 10 13 9 2 1 1 1 1 3 4 2 10 12 5 6 24 16 9 6 15 9 17 10 11 37 49 41 50 29 11 22 51 20 30 28 29 39 14 5 8 8 24 14 27 49 19 16 19 57 43 32 50 17 31 63 44 17 48 68 17 23 9 9 10 15 19 61 30 43 26 8
1 0 0 0 0 0 0 0 0 0 0 0 0 0 0 0 2 3 15 17 11 27 16 21 7 8 12 11 8 1 0 1 5 4 13 13 10 18 18 17 18 12 11 8 11 7 7 14 11 8 7 18 9 16 46 35 55 16 75 55 16 51 19 26 29 10 7 5 20 37 18 39 20 40 10 33 76 50 31 48 64 57 49 77 21 17 31 12 15 5 25 39 41 16 10 13
0 0 0 0 0 0 0 0 0 0 0 0 0 0 0 1 0 2 2 1 4 2 4 7 15 22 12 11 18 4 1 11 8 10 5 3 9 9 10 32 21 8 12 22 17 17 20 24 9 26 28 9 31 49 42 55 39 44 35 50 12 35 45 22 38 52 52 32 15 53 55 70 65 33 29 38 58 64 49 53 60 62 45 75 70 37 6 7 10 21 28 44 53 24 11 8
0 0 0 0 0 0 0 0 0 0 0 0 0 0 1 2 1 1 4 4 3 6 5 9 24 11 14 15 19 19 6 48 13 4 9 4 18 17 21 29 48 23 26 29 18 30 17 22 13 18 22 16 7 34 15 29 61 62 41 44 49 68 70 57 18 60 52 60 54 34 52 64 19 36 34 38 58 48 72 74 63 43 42 80 70 31 40 8 11 40 20 48 36 36 31 18
0 0 0 0 0 0 0 0 0 0 0 0 0 0 0 0 0 1 1 7 4 6 8 9 10 10 21 14 16 11 14 47 10 12 11 9 15 13 14 28 41 18 18 28 15 26 8 9 20 11 10 20 7 5 5 7 33 55 62 67 55 45 64 81 43 36 65 65 56 35 14 28 40 27 33 53 65 81 59 42 41 32 82 71 73 29 22 22 15 23 27 50 13 9 11 42
2 0 0 0 0 0 0 0 0 0 0 0 0 0 1 0 0 1 1 4 7 10 3 4 6 12 14 6 20 17 30 15 17 26 12 6 6 14 36 35 18 11 24 34 32 22 8 6 6 20 11 11 17 13 6 3 11 18 12 39 26 24 58 78 68 50 26 12 14 24 19 21 19 23 27 27 62 51 46 30 11 32 83 69 72 61 27 31 7 28 35 62 60 44 21 10
0 1 0 0 0 0 0 0 0 0 0 0 0 0 3 0 0 0 2 5 4 3 1 6 3 1 9 4 18 25 27 27 32 16 7 17 18 18 37 27 11 26 12 14 27 8 6 10 4 16 8 6 13 6 13 8 7 13 15 5 24 25 31 42 45 21 18 31 24 37 22 14 16 21 24 11 34 32 37 21 18 13 44 31 47 70 31 43 13 39 57 49 34 38 36 15
0 0 0 0 0 0 0 0 0 0 0 0 0 0 0 1 1 1 1 1 3 1 4 3 3 2 6 5 15 12 15 16 28 11 19 20 25 12 24 18 12 19 11 13 16 6 7 7 5 25 12 8 16 17 12 10 20 18 29 17 11 16 6 13 4 4 15 27 29 34 31 18 13 8 10 9 18 19 22 20 21 17 22 17 30 38 15 31 10 33 57 54 31 15 76 60
0 0 0 0 0 0 0 0 0 0 0 0 0 0 0 5 2 0 1 1 3 1 2 3 3 4 15 10 15 11 21 29 9 15 16 30 14 13 32 8 13 17 6 12 11 19 5 11 4 14 9 11 11 22 9 13 14 22 17 22 22 31 12 12 13 8 24 19 24 17 10 8 27 13 9 4 7 19 14 12 12 11 13 26 30 27 21 29 15 68 72 69 67 26 8 19
0 0 0 0 0 0 0 0 0 0 0 0 1 2 1 0 1 1 0 1 3 1 2 5 4 3 12 7 5 4 6 9 15 37 18 11 13 3 15 6 11 8 10 9 4 6 6 8 11 11 11 11 9 13 13 21 24 15 22 16 32 17 9 23 7 13 17 33 12 10 16 36 25 21 23 24 7 5 14 12 12 17 12 33 20 15 44 15 28 68 67 63 79 42 46 14
1 0 0 0 0 0 0 0 0 0 0 0 0 1 1 0 0 1 0 1 1 1 1 3 2 7 8 10 4 4 8 27 10 14 20 13 8 8 13 4 8 5 2 3 3 8 2 4 5 1 6 3 7 16 19 25 35 25 11 20 15 20 17 12 47 12 19 24 27 48 40 24 14 14 21 25 24 28 31 31 41 46 19 21 17 31 53 33 48 61 34 53 83 62 66 46
1 1 1 1 0 0 0 0 0 0 0 0 0 1 0 1 1 0 1 1 1 1 1 1 1 1 2 6 5 11 7 16 5 9 16 9 5 8 3 7 4 4 3 11 17 6 3 12 32 12 20 13 25 39 44 12 19 22 20 14 19 19 34 27 32 26 23 23 49 9 7 10 13 7 4 7 28 22 37 45 50 45 36 15 14 35 61 29 34 17 26 60 90 53 72 62
0 0 0 1 1 1 0 0 0 1 1 0 0 0 0 1 0 0 1 2 9 4 5 2 4 1 1 3 6 5 6 4 3 7 14 7 4 3 2 3 10 34 9 5 9 9 16 7 34 45 71 32 47 67 50 24 41 22 9 9 9 11 31 17 18 27 24 33 12 11 14 21 39 24 24 19 9 31 49 65 58 20 14 21 12 39 54 37 31 28 31 83 85 51 60 89
0 0 0 1 1 1 2 1 1 0 1 0 0 0 0 0 1 1 2 1 6 13 9 3 3 5 12 6 8 2 15 5 5 4 4 4 2 2 6 6 15 2 13 33 10 21 24 19 19 69 69 75 27 55 53 53 30 51 28 18 16 19 6 20 29 35 34 11 15 15 26 44 32 41 55 35 22 50 65 68 32 18 13 27 18 38 21 18 35 38 60 87 67 82 61 90
1 1 0 0 1 0 0 1 0 1 0 0 0 0 1 0 1 1 3 4 2 18 11 22 27 35 27 20 12 3 8 5 3 6 7 22 13 24 35 27 33 40 23 51 17 35 50 58 11 11 11 65 64 31 53 26 24 66 40 38 14 15 19 30 31 33 23 27 28 39 32 18 31 31 36 33 60 53 40 38 21 15 12 17 15 26 18 20 23 24 40 78 55 75 34 65
1 2 1 1 1 0 0 0 0 0 0 0 0 0 0 0 0 0 5 16 4 1 15 49 24 41 34 41 40 51 26 44 45 59 18 41 4 34 58 27 49 69 24 57 55 30 61 26 76 37 18 77 58 55 54 53 76 80 31 46 23 17 16 16 16 23 18 13 12 18 19 25 18 33 38 59 69 55 17 8 21 11 8 14 7 14 15 26 27 50 63 78 46 50 48 40
0 1 7 0 3 3 1 1 1 0 0 0 1 1 1 0 1 1 1 8 5 1 2 5 6 4 21 52 34 39 44 38 64 39 31 40 58 49 54 59 26 70 70 34 51 45 68 30 69 82 54 56 56 47 32 75 56 61 49 53 41 13 13 13 32 21 24 32 34 34 41 28 42 38 63 66 47 25 21 8 3 5 7 10 11 6 12 21 24 36 63 63 23 29 34 36
1 1 1 3 3 3 2 3 2 2 0 1 1 1 0 0 1 1 3 1 0 0 3 2 2 6 18 14 22 33 44 55 16 47 20 64 53 52 58 62 47 62 52 57 66 60 65 72 17 67 48 29 75 21 46 72 53 19 62 20 29 46 10 11 20 20 40 36 37 33 32 40 56 81 78 65 45 24 5 7 6 3 2 2 6 3 11 11 17 26 45 36 26 16 37 49
0 1 2 1 1 2 1 1 2 1 1 0 1 1 0 1 1 1 3 4 3 3 2 3 3 4 1 3 3 5 3 3 7 11 4 3 6 6 6 10 11 12 8 14 15 15 16 67 52 46 76 29 59 57 60 59 22 14 23 26 54 49 23 15 32 31 37 25 28 57 71 74 77 74 67 57 36 10 4 4 3 3 3 1 4 2 5 4 7 11 22 21 18 11 20 24
2 2 3 1 1 0 0 0 1 0 1 1 0 1 0 1 1 1 1 1 1 4 4 3 6 4 3 4 6 8 5 5 15 11 10 13 6 8 12 17 14 17 29 15 20 13 24 10 14 18 50 49 57 64 58 31 33 40 34 47 48 24 20 26 26 27 38 55 68 69 76 61 42 42 26 20 6 7 6 7 6 4 2 3 1 1 1 1 2 3 8 8 12 7 7 9
7 10 5 1 0 0 0 0 0 1 0 0 0 1 0 0 0 0 0 3 2 1 2 1 3 2 1 7 4 3 6 6 3 3 2 6 5 4 9 5 8 17 18 11 10 15 12 22 20 20 13 16 16 17 27 29 39 34 30 43 13 16 17 27 31 22 23 21 42 68 72 66 44 32 13 12 20 17 28 24 14 7 2 3 4 4 5 3 2 1 1 2 3 9 8 6
2 1 1 3 1 0 0 0 0 0 0 0 0 1 0 0 1 0 0 0 3 3 3 3 2 2 2 4 5 7 4 1 4 2 3 5 5 7 7 10 8 8 9 5 4 5 5 6 14 22 32 50 36 29 28 25 28 27 28 11 9 17 16 35 25 15 23 22 26 33 27 39 41 19 12 22 30 25 8 6 3 4 4 9 18 17 16 8 7 5 2 2 1 1 2 2
2 1 1 0 0 0 0 0 0 0 0 0 0 0 0 0 0 0 1 1 1 5 4 2 3 1 2 4 8 1 1 3 2 6 6 3 6 5 5 6 6 8 25 12 12 9 10 15 23 19 32 35 26 26 27 20 25 18 16 17 3 18 17 23 39 40 36 46 34 29 16 15 8 16 22 33 52 32 13 8 8 12 13 25 20 19 21 22 22 10 14 7 4 3 2 1
3 1 1 0 0 0 0 0 0 0 0 0 0 0 0 0 0 0 1 0 1 2 3 3 4 1 6 10 3 1 4 2 4 4 7 8 5 9 10 10 2 9 12 13 10 23 24 20 14 12 21 11 37 26 48 34 20 18 12 9 11 14 18 13 55 64 31 49 44 37 26 25 12 25 38 48 24 9 15 19 19 27 18 32 37 32 42 29 29 25 20 20 15 11 4 9
1 0 0 0 0 0 2 3 1 0 2 0 0 0 0 0 0 0 0 0 1 1 1 2 2 5 18 17 5 3 5 4 4 12 5 9 7 10 4 4 14 11 8 11 12 21 19 9 26 12 21 28 27 17 31 18 32 9 16 7 24 36 15 44 74 48 47 28 26 30 20 11 16 28 37 33 15 23 23 30 38 33 40 53 51 44 43 33 46 46 29 46 26 17 13 14
0 1 0 0 1 5 2 1 4 6 0 1 0 0 0 0 0 0 0 1 1 1 1 3 3 13 7 1 2 1 2 5 3 4 16 5 6 8 9 14 8 9 7 7 11 11 19 18 16 18 24 22 27 17 22 17 36 20 9 5 11 32 51 64 57 56 34 31 31 15 13 16 24 12 40 17 30 29 45 47 55 41 49 58 59 44 57 54 53 39 39 42 30 27 36 34
0 0 0 0 0 6 3 4 7 4 1 2 5 1 0 0 0 0 0 0 0 0 1 3 1 1 1 2 4 5 3 1 6 2 6 5 6 16 8 9 4 10 4 3 5 12 12 20 22 15 12 30 8 19 25 23 13 9 20 12 3 18 18 26 38 60 49 62 40 11 28 21 34 27 71 36 29 32 42 45 57 42 49 63 44 44 58 72 61 58 41 44 39 53 49 33
0 0 0 1 0 0 0 0 4 6 6 5 4 1 1 1 0 0 0 0 0 0 1 1 1 2 3 3 4 2 2 1 1 2 2 4 2 3 4 8 16 6 9 8 2 4 7 7 13 16 19 17 19 4 30 4 11 26 12 14 7 7 14 13 11 12 33 22 13 31 58 30 37 29 67 33 38 41 55 64 79 65 80 79 72 66 67 68 82 79 53 46 45 47 73 50
0 0 0 0 0 0 0 0 0 2 1 3 2 1 1 1 2 1 1 0 0 0 0 0 1 2 2 0 0 1 0 1 1 1 2 2 2 2 2 6 10 21 9 3 17 12 15 5 11 8 7 14 5 14 14 21 23 15 16 12 9 24 36 25 19 13 14 30 38 34 46 49 27 41 60 51 60 53 66 81 70 58 83 81 80 78 76 75 78 73 59 54 70 74 74 60
0 0 0 1 0 0 5 1 1 0 5 8 2 8 3 4 8 6 4 1 0 0 0 0 1 0 0 0 0 0 0 0 0 0 1 1 1 1 3 6 5 8 11 16 1 11 10 13 13 8 8 19 26 12 5 5 9 22 19 19 14 36 28 21 11 25 29 30 55 49 41 67 45 62 57 71 76 70 78 70 41 66 78 61 42 47 66 41 70 79 66 67 63 65 64 79
1 3 7 1 7 0 0 0 2 1 8 10 7 32 10 11 21 11 2 3 1 1 0 0 0 0 0 0 0 0 0 0 0 1 0 0 1 1 1 1 2 4 7 20 12 7 13 8 12 10 9 8 7 34 52 20 18 15 15 18 28 27 34 17 27 32 46 24 47 56 36 54 61 58 74 49 63 61 76 67 23 36 48 63 35 9 15 32 74 71 71 78 43 49 36 72
