sesion_6_simulaciones/modelos_agentes/ejemplos_netlogo/scenarios/echam4_a2/rob_2057.asc
NCOLS 322 
NROWS 307 
XLLCORNER 451900 
YLLCORNER 4086900 
CELLSIZE 100 
NODATA_value -9999 
[rows 148 to 221 of 307, columns 192 to 287 of 322]
3 10 9 20 34 38 49 52 68 35 60 32 8 4 2 0 0 0 0 0 0 0 0 0 0 0 0 0 0 0 0 0 0 0 0 0 0 0 0 0 0 0 0 1 1 2 2 5 3 8 5 4 3 4 4 3 1 2 9 11 46 48 33 61 59 63 68 45 41 80 52 67 51 21 25 75 37 51 56 39 25 16 6 2 1 0 0 0 0 0 0 0 0 0 0 0
0 2 7 23 16 25 31 52 53 57 34 12 8 4 1 0 0 0 0 0 0 0 0 0 0 0 0 0 0 0 0 0 0 0 0 0 0 0 0 0 0 0 0 1 1 2 1 3 4 3 3 2 2 2 1 0 1 4 6 20 15 26 61 66 37 59 76 75 57 69 80 77 73 33 36 69 38 52 31 18 21 8 5 2 1 1 0 0 0 0 0 0 0 0 0 0
1 0 3 7 11 14 29 35 36 53 19 11 5 1 0 0 0 0 0 0 0 0 0 0 0 0 0 0 0 0 0 0 0 0 0 0 0 0 0 0 0 1 3 2 3 2 0 0 2 2 2 1 1 1 0 0 2 3 6 11 9 17 47 44 35 55 39 45 74 83 79 69 60 46 37 62 51 18 8 7 2 2 2 1 1 1 0 0 0 0 0 0 0 0 0 0
1 0 0 1 1 7 8 7 23 39 14 12 11 2 0 0 0 0 0 0 0 0 0 0 0 0 0 0 0 0 0 0 0 0 0 0 0 0 0 0 0 1 1 1 1 1 0 0 0 1 1 1 0 0 0 1 2 4 5 4 9 25 20 34 45 37 24 45 48 35 55 72 60 48 76 54 41 18 16 9 2 1 1 1 0 0 0 0 0 0 0 0 0 0 0 0
2 0 0 0 1 1 1 4 24 21 41 16 10 3 0 0 0 0 0 0 0 0 0 0 0 0 0 0 0 0 0 0 0 0 0 0 0 0 0 1 1 0 1 1 0 0 0 0 0 0 0 0 0 0 0 1 1 2 3 6 13 12 10 8 28 15 25 33 25 34 32 58 60 61 57 57 35 31 22 7 7 5 7 2 1 1 0 0 0 0 0 0 0 0 0 0
1 0 0 0 0 0 0 3 9 4 28 22 11 2 0 0 0 0 0 0 0 0 0 0 0 0 0 0 0 0 0 0 0 0 0 0 0 0 0 0 1 0 0 1 1 0 0 0 0 0 0 0 0 0 0 0 1 1 1 4 14 7 8 5 7 15 18 14 33 38 43 38 45 57 41 33 38 44 43 33 25 9 5 6 2 1 1 0 0 0 0 0 0 0 0 0
1 0 0 0 0 0 0 2 1 2 10 10 3 1 0 0 0 0 0 0 0 0 0 0 0 0 0 0 0 0 0 0 0 0 0 0 1 1 1 0 0 0 0 0 0 0 0 0 0 0 0 0 0 0 0 0 1 1 1 2 2 2 3 4 4 10 18 13 9 16 28 29 39 54 46 41 17 12 17 17 18 8 5 2 1 1 0 1 0 0 0 0 0 0 0 0
0 0 0 0 0 0 0 0 1 1 4 4 1 0 0 0 0 0 0 0 0 0 0 0 0 0 0 0 0 0 0 0 0 0 0 0 1 0 0 0 0 0 0 0 0 0 0 0 0 0 0 0 0 0 0 0 1 1 2 1 1 1 2 3 3 3 5 6 17 24 27 42 45 59 30 33 37 12 7 3 2 2 1 1 1 1 1 1 0 0 0 0 0 0 0 0
0 0 0 0 0 0 0 0 0 1 1 1 0 0 0 0 0 0 0 0 0 0 0 0 0 0 0 0 0 0 0 0 0 0 0 0 0 0 0 0 0 0 0 0 0 0 0 0 0 0 0 0 0 0 0 0 0 1 1 0 0 0 4 12 10 8 13 34 45 43 53 39 68 66 58 69 49 24 16 12 12 4 1 1 0 1 1 0 0 0 0 0 0 0 0 0
0 0 0 0 0 0 0 0 0 0 0 0 0 0 0 0 0 0 0 0 0 0 0 0 0 0 0 0 0 0 0 0 0 0 0 0 0 0 0 0 0 0 0 0 0 0 0 0 0 0 0 0 0 0 0 0 0 0 0 0 0 2 5 13 11 20 12 31 43 53 34 24 34 37 71 41 21 20 34 34 15 6 3 2 2 2 1 0 0 0 0 0 0 0 0 0
0 0 0 0 0 0 0 0 0 0 0 0 0 0 0 0 0 0 0 0 0 0 0 0 0 0 0 0 0 0 0 0 0 0 0 0 0 0 0 0 0 0 0 0 0 0 0 0 0 0 0 0 0 0 0 0 0 0 0 0 1 4 5 6 10 20 24 27 28 35 73 45 42 47 60 43 65 49 37 35 21 11 5 1 1 1 1 0 0 0 0 0 0 0 0 0
0 0 0 0 0 0 0 0 0 0 0 0 0 0 0 0 0 0 0 0 0 0 0 0 0 0 0 0 0 0 0 0 0 0 0 0 0 0 0 0 0 0 0 0 0 0 0 0 0 0 0 0 0 0 0 0 0 0 0 1 3 5 4 9 17 27 14 38 37 48 42 27 57 61 76 70 40 18 11 7 4 3 1 0 0 0 0 0 0 0 0 0 0 0 0 0
0 0 0 0 0 0 0 0 0 0 0 0 0 0 0 0 0 0 0 0 0 0 0 0 0 0 0 0 0 0 0 0 0 0 0 0 0 0 0 0 0 0 0 0 0 0 0 0 0 0 0 0 0 0 0 0 0 0 1 4 7 5 8 20 20 16 18 17 16 30 39 30 29 29 62 58 55 48 12 7 6 1 0 1 0 1 0 0 1 1 0 0 0 0 0 0
0 0 0 0 0 0 0 0 0 0 0 0 0 0 0 0 0 0 0 0 0 0 0 0 0 0 0 0 0 0 0 0 0 0 0 0 0 0 0 0 0 0 0 0 0 0 0 0 0 0 1 1 1 1 0 1 1 1 1 4 10 10 11 8 18 17 25 59 59 35 57 55 39 45 66 71 42 34 23 11 8 3 3 1 1 2 1 0 1 1 1 0 0 0 0 0
0 0 0 0 0 0 0 0 0 0 0 0 0 0 0 0 0 0 0 0 0 0 0 0 0 0 0 0 0 0 0 0 0 0 0 0 0 0 0 0 0 0 0 0 0 0 0 0 0 0 0 1 1 1 1 1 1 1 2 6 6 9 14 13 9 17 23 35 41 40 54 62 37 51 75 74 43 31 22 13 6 3 2 1 2 3 1 1 2 2 0 0 0 0 0 0
0 0 0 0 0 0 0 0 0 0 0 0 0 0 0 0 0 0 0 0 0 0 0 0 0 0 0 0 0 0 0 0 0 0 0 0 0 0 0 1 0 0 0 0 0 0 1 1 0 0 0 0 1 1 1 1 3 1 1 6 11 14 20 28 20 7 6 13 19 45 41 40 35 35 61 73 45 56 34 12 5 2 4 4 5 3 2 3 3 2 1 0 0 0 0 0
0 0 0 0 0 0 0 0 0 0 0 0 0 0 0 0 0 0 0 0 0 0 0 0 0 0 0 0 0 0 0 0 0 0 0 0 0 0 0 0 1 0 0 0 0 1 1 1 1 0 0 0 1 1 2 3 5 4 4 6 9 11 12 19 27 34 24 18 17 26 34 35 29 34 47 71 45 43 28 7 8 4 9 5 10 8 9 8 3 1 0 0 0 0 0 0
0 0 0 0 0 0 0 0 0 0 0 0 0 0 0 0 0 0 0 0 0 0 0 0 0 0 0 0 0 0 0 0 0 0 0 0 0 0 1 1 1 0 0 0 1 1 1 1 1 1 0 0 0 0 1 1 5 26 8 8 13 12 14 16 23 40 41 33 22 41 35 31 49 65 62 70 59 46 35 15 11 13 18 9 15 7 2 1 1 0 0 0 0 0 0 0
0 0 0 0 0 0 0 0 0 0 0 0 0 0 0 0 0 0 0 0 0 0 0 0 0 0 0 0 0 0 0 0 0 0 0 0 0 0 0 0 0 0 1 0 0 2 1 2 1 2 1 1 0 1 1 2 4 6 9 18 34 23 16 17 23 46 57 44 35 39 36 37 56 50 67 67 45 44 37 30 18 20 17 31 21 9 2 1 1 1 1 0 0 0 0 0
0 0 0 0 0 0 0 0 0 0 0 0 0 0 0 0 0 0 0 0 0 0 0 0 0 0 0 0 0 0 0 0 0 0 0 0 0 0 0 0 0 0 1 2 1 0 1 2 2 3 3 2 1 1 1 3 5 7 4 8 11 12 21 50 30 26 30 42 31 46 28 23 19 33 55 72 53 52 39 32 35 54 23 29 34 15 2 1 2 1 0 0 0 0 0 0
0 0 0 0 0 0 0 0 0 0 0 0 0 0 0 0 0 0 0 0 0 0 0 0 0 0 0 0 0 0 0 0 0 0 0 0 0 0 0 0 0 0 1 1 0 1 2 0 1 5 12 7 4 2 1 5 2 2 2 7 17 9 24 14 43 30 16 15 20 15 51 64 53 54 44 63 30 32 36 51 70 38 54 24 10 5 2 0 1 1 0 0 0 0 0 0
0 0 0 0 0 0 0 0 0 0 0 0 0 0 0 0 0 0 0 0 0 0 0 0 0 0 0 0 0 0 0 0 0 0 0 0 0 0 0 0 0 0 0 1 1 1 2 3 1 2 4 8 9 4 4 2 3 6 5 7 9 20 28 38 41 66 36 22 32 29 43 54 48 67 45 75 27 60 71 70 68 67 47 30 21 7 4 1 0 0 0 0 0 0 0 0
0 0 0 0 0 0 0 0 0 0 0 0 0 0 0 0 0 0 0 0 0 0 0 0 0 0 0 0 0 0 0 0 0 0 0 0 0 0 0 0 1 1 1 1 2 2 1 3 10 2 5 6 16 8 8 3 3 5 17 9 10 13 23 22 29 40 59 48 24 31 45 70 42 45 71 68 73 69 62 77 77 66 32 8 5 4 2 1 0 0 0 0 0 0 0 0
0 0 0 0 0 0 0 0 0 0 0 0 0 0 0 0 0 0 0 0 0 0 0 0 0 0 0 0 0 0 0 1 0 0 0 0 0 0 0 0 1 1 2 2 1 6 6 2 6 9 7 11 16 12 10 6 6 10 11 12 14 12 14 14 20 25 38 61 41 32 34 64 32 33 45 61 68 81 78 78 45 31 21 11 7 1 1 0 0 0 0 0 0 0 0 0
0 0 0 0 0 0 0 0 0 0 0 0 0 0 0 0 0 0 0 0 0 0 0 0 0 0 0 0 0 0 0 1 0 0 0 0 0 1 0 0 1 2 1 2 7 7 5 8 6 25 29 13 9 49 19 16 16 14 13 21 16 19 15 20 17 40 52 49 59 70 48 22 51 36 65 68 48 70 74 77 50 28 21 8 5 4 4 2 1 1 0 0 0 0 0 0
0 0 0 0 0 0 0 0 0 0 0 0 0 0 0 0 0 0 0 0 0 0 0 0 0 0 0 0 0 0 0 0 1 0 0 0 0 1 1 0 1 2 3 2 9 7 24 13 20 26 35 30 25 41 26 20 17 17 16 27 17 13 18 26 27 37 38 55 47 22 59 50 46 53 50 44 38 44 38 61 72 44 30 25 21 12 4 3 2 1 0 0 0 0 0 0
0 0 0 0 0 0 0 0 0 0 0 0 0 0 0 0 0 0 0 0 0 0 0 0 0 0 0 0 0 0 0 0 0 0 1 0 0 0 1 1 1 2 3 2 9 12 24 27 32 26 49 51 57 57 48 44 43 29 17 44 33 22 11 20 30 50 48 60 67 73 52 55 46 69 47 58 43 45 42 21 18 41 33 24 12 7 3 3 3 0 0 0 0 0 1 0
0 0 0 0 0 0 0 0 0 0 0 0 0 0 0 0 0 0 0 0 0 0 0 0 0 0 0 0 0 0 0 0 0 1 1 0 0 0 0 1 3 3 2 8 17 15 16 12 26 45 51 60 65 64 69 54 54 52 39 53 30 26 15 17 31 19 40 48 57 62 56 44 30 52 56 51 44 45 45 47 35 27 28 18 11 8 15 3 1 1 0 0 0 0 1 0
0 0 0 0 0 0 0 0 0 0 0 0 0 0 0 0 0 0 0 0 0 0 0 0 0 0 0 0 0 0 0 1 1 1 1 0 0 0 0 0 1 2 7 4 24 38 19 28 34 42 59 65 71 66 57 74 60 60 62 60 39 45 20 32 38 55 35 44 42 49 41 51 68 42 64 42 53 57 61 60 41 37 26 10 10 7 5 2 1 1 0 0 0 0 1 2
0 0 0 0 0 0 0 0 0 0 0 0 0 0 0 0 0 0 0 0 0 0 0 0 0 0 0 0 0 0 0 1 1 2 2 1 1 1 1 1 1 0 1 5 15 21 36 46 39 44 61 68 72 70 78 82 66 63 66 66 62 52 29 47 46 45 30 28 30 35 38 47 62 58 41 48 66 70 56 57 57 37 25 11 5 5 4 2 1 0 0 0 0 1 1 4
0 1 0 0 0 0 0 0 0 0 0 0 0 0 0 0 0 0 0 0 0 0 0 0 0 0 0 0 0 0 0 1 1 1 1 1 2 2 2 5 13 2 2 2 5 7 13 65 63 66 39 66 68 77 83 53 56 74 70 67 71 66 50 51 68 58 38 26 31 28 32 33 34 68 69 55 57 72 66 52 48 42 37 14 5 3 2 1 1 0 0 0 0 1 1 4
0 1 1 0 0 0 0 0 0 0 0 0 0 0 0 0 0 0 0 0 0 0 0 0 0 0 0 0 0 0 0 0 0 2 2 1 1 1 1 2 5 15 8 4 8 20 19 48 47 66 72 59 70 72 68 72 65 41 77 78 70 65 49 46 62 55 40 27 31 38 33 42 44 60 70 52 63 67 61 51 51 53 33 16 9 3 2 1 0 0 0 0 0 1 2 4
0 2 1 1 0 0 0 0 0 0 0 0 0 0 0 0 0 0 0 0 0 0 0 0 0 0 0 0 0 0 0 0 0 2 1 0 0 0 0 1 2 4 13 27 35 24 29 15 20 22 27 42 69 66 59 71 55 62 54 76 69 63 49 48 71 37 27 24 23 36 41 53 66 71 51 47 48 58 46 36 37 34 26 16 5 3 2 1 0 0 0 0 0 1 2 2
1 3 2 0 0 0 0 0 0 0 0 0 0 0 0 0 0 0 0 0 0 0 0 0 0 0 0 0 0 0 0 0 0 0 0 0 0 0 0 1 1 3 4 19 20 19 9 7 23 20 29 39 66 56 59 74 77 75 78 68 64 69 64 62 41 23 38 38 18 27 30 40 60 36 31 29 33 38 26 30 37 28 12 9 5 3 2 2 1 1 0 0 0 0 1 2
2 2 1 0 0 0 0 0 0 0 0 0 0 0 0 0 0 0 0 0 0 0 0 0 0 0 0 0 0 0 0 0 0 0 0 0 0 0 1 1 1 3 3 2 6 10 7 22 33 25 24 58 30 55 75 47 78 63 49 45 82 75 69 44 16 23 38 44 31 43 41 29 57 25 39 32 36 36 47 40 34 26 20 17 10 5 3 3 2 0 0 0 0 0 1 1
5 1 0 1 0 0 0 0 0 0 0 0 0 0 0 0 0 0 0 0 0 0 0 0 0 0 0 0 0 0 0 0 0 0 0 0 0 0 1 1 2 1 1 4 4 3 14 22 31 24 34 33 42 53 41 50 51 45 35 34 23 51 61 41 49 23 62 63 55 42 51 57 64 65 58 59 58 56 60 47 43 46 31 31 15 4 3 2 2 0 0 0 0 0 1 1
4 1 1 1 0 0 0 0 0 0 0 0 0 0 0 0 0 0 0 0 0 0 0 0 0 0 0 0 0 0 0 0 0 0 0 0 0 0 1 1 0 1 2 2 3 3 8 13 18 34 30 28 44 38 39 51 48 62 63 46 36 46 59 48 67 37 53 66 60 29 40 75 41 65 71 67 67 60 61 64 60 45 20 15 12 5 3 2 1 0 0 0 0 0 1 1
4 4 4 1 1 1 0 0 0 0 0 0 0 0 0 0 0 0 0 0 0 0 0 0 0 0 0 0 0 0 0 0 0 0 0 0 0 0 1 0 0 0 1 1 2 2 7 17 37 41 39 48 40 61 38 59 56 31 43 52 45 43 67 90 92 71 59 55 47 28 31 19 16 34 29 32 32 41 55 54 40 31 24 19 16 7 4 2 1 0 0 0 0 0 0 1
12 10 4 2 1 0 0 0 0 0 0 0 0 0 0 0 0 0 0 0 0 0 0 0 0 0 0 0 0 0 0 0 0 0 0 0 0 0 0 0 0 0 1 1 2 6 6 4 23 22 29 27 21 34 53 56 25 28 39 53 56 51 46 56 36 73 49 61 19 14 40 51 48 45 44 48 43 27 17 28 39 19 20 34 16 8 4 1 1 1 0 0 0 0 0 1
10 9 3 1 1 1 0 0 0 0 0 0 0 0 0 0 0 0 0 0 0 0 0 0 0 0 0 0 0 0 0 0 0 0 0 0 0 0 1 0 0 0 1 1 4 5 4 4 11 10 12 4 6 6 8 9 17 40 38 39 56 58 42 41 28 38 35 12 36 29 16 34 66 64 33 34 54 59 68 61 51 31 9 17 21 7 5 4 2 0 0 0 0 0 0 1
11 9 2 1 1 1 1 0 0 0 0 0 0 0 0 0 0 0 0 0 0 0 0 0 0 0 0 0 0 0 0 0 0 0 0 0 0 0 0 0 0 1 1 2 3 6 4 3 2 4 3 4 6 9 10 13 21 18 42 30 39 28 31 20 15 13 30 21 27 31 29 21 22 45 24 27 56 73 65 59 40 22 17 20 13 4 2 2 2 1 0 0 0 0 1 2
13 5 3 2 1 2 1 1 0 0 0 0 0 0 0 0 0 0 0 0 0 0 0 0 0 0 0 0 0 0 0 0 0 0 0 0 0 0 0 0 0 1 1 2 3 2 2 2 4 3 6 14 17 22 25 34 23 37 18 17 25 48 44 33 44 40 37 22 35 24 43 49 21 37 38 49 63 56 46 33 25 20 12 10 6 2 1 1 1 1 0 0 0 0 1 4
11 5 5 3 5 3 1 0 0 0 0 0 0 0 0 0 0 0 0 0 0 0 0 0 0 0 0 0 0 0 0 0 0 0 0 0 0 0 0 0 0 0 1 1 1 3 4 5 6 5 4 18 39 36 40 50 50 38 50 25 35 44 66 58 42 53 41 36 25 33 58 65 29 39 33 43 73 66 55 51 33 26 13 7 11 3 3 4 3 1 0 0 0 1 2 4
6 6 7 8 4 3 1 0 0 0 0 0 0 0 0 0 0 0 0 0 0 0 0 0 0 0 0 0 0 0 0 0 0 0 0 0 0 0 0 0 1 0 0 1 1 3 7 11 16 10 20 33 30 38 45 47 52 51 56 56 45 51 45 56 57 55 42 34 21 16 24 26 20 25 44 59 50 44 39 24 32 27 12 3 1 1 3 2 1 0 0 0 0 1 1 3
4 11 16 16 6 2 2 2 2 1 1 1 0 0 0 0 0 0 0 0 0 0 0 0 0 0 0 0 0 0 0 0 0 0 0 0 0 0 0 1 1 1 1 1 1 3 4 9 21 33 56 48 32 34 54 69 49 56 69 66 53 38 42 53 38 24 28 22 12 30 41 27 19 27 38 34 39 28 29 26 26 7 3 4 7 4 3 2 1 0 0 0 1 1 1 2
9 17 13 16 11 4 4 6 4 2 1 1 0 0 0 0 0 0 0 0 0 0 0 0 0 0 0 0 0 0 0 0 0 0 0 0 0 0 1 1 2 2 2 1 1 3 2 4 8 9 30 51 67 58 48 67 51 60 75 69 68 31 27 24 21 19 22 27 10 35 35 40 30 27 16 17 19 10 14 19 14 14 19 9 17 5 2 2 0 0 0 1 1 2 2 2
20 21 22 21 14 10 10 8 6 3 1 1 0 0 0 0 0 0 0 0 0 0 0 0 0 0 0 0 0 0 0 0 0 1 0 0 0 0 1 3 5 8 6 4 4 3 4 7 9 12 18 29 39 70 67 59 75 69 50 60 69 66 49 27 15 7 14 24 14 34 47 41 31 19 23 36 32 46 50 42 37 46 32 16 8 4 3 1 0 0 0 1 2 3 4 5
41 25 19 10 22 14 10 6 4 2 1 0 1 0 0 0 0 0 0 0 0 0 0 0 0 0 0 1 1 1 0 0 1 0 1 0 1 0 1 3 9 8 16 10 7 8 12 14 22 22 31 45 51 47 52 54 66 69 67 64 41 51 39 61 49 16 11 16 34 53 52 55 55 51 24 38 56 73 66 60 56 33 10 3 7 3 1 0 0 0 0 0 1 4 5 7
53 38 17 7 13 12 5 4 1 1 1 1 1 1 0 0 0 0 0 0 0 0 0 0 0 0 0 0 0 0 1 1 1 1 1 1 2 2 1 2 6 11 16 22 13 12 22 22 27 38 32 51 56 49 50 56 39 41 62 55 55 53 25 34 24 18 7 35 44 39 43 37 37 46 43 68 51 47 66 59 46 20 20 13 5 3 1 0 0 0 0 1 1 2 7 19
41 30 13 4 6 5 2 2 1 1 1 1 1 0 0 0 0 0 0 0 0 0 0 0 0 0 0 0 0 0 0 1 1 1 1 2 1 5 7 5 8 15 18 28 26 14 25 37 47 44 38 69 62 55 53 51 53 17 19 24 13 20 34 31 11 24 32 58 21 17 21 23 32 51 69 71 66 38 53 35 30 24 16 9 6 2 1 0 0 1 1 1 1 3 3 10
34 19 7 5 3 2 3 3 2 2 3 1 0 0 0 0 0 0 0 0 0 0 0 0 0 0 0 0 0 1 1 0 0 2 4 4 4 6 4 11 21 16 30 32 34 17 22 38 43 52 56 64 56 59 56 36 31 35 41 39 34 38 31 23 19 3 19 8 10 12 34 61 63 65 54 63 67 64 56 42 40 22 18 10 5 2 1 0 0 1 2 1 1 2 3 7
42 28 22 17 13 9 10 7 8 4 2 1 0 0 0 0 0 0 0 0 0 0 0 0 0 0 1 1 1 1 1 1 0 2 5 7 8 8 7 7 8 10 7 6 15 29 46 43 48 44 49 57 56 57 51 61 47 18 62 61 38 34 26 19 20 8 17 22 35 33 51 55 62 74 64 49 65 53 58 36 36 37 20 8 4 1 0 0 1 1 3 2 3 4 6 10
53 41 49 41 18 3 1 5 7 4 3 2 1 1 1 0 0 0 0 0 0 0 0 0 0 0 0 1 1 1 2 3 1 2 6 11 12 11 15 7 9 12 13 8 10 11 36 55 57 58 38 39 53 55 54 52 49 65 47 36 41 51 52 45 15 6 21 30 37 41 52 33 46 49 48 53 58 68 65 61 53 32 20 6 3 1 0 0 1 2 3 2 3 9 14 22
62 60 29 12 3 2 12 10 4 1 2 4 3 1 0 0 0 0 0 0 0 0 0 0 0 0 1 1 1 3 4 5 3 3 4 11 18 20 24 9 25 15 25 19 11 13 16 25 62 74 51 35 52 63 51 52 51 42 58 56 37 39 54 43 9 13 10 9 42 65 69 63 61 61 47 62 64 61 45 50 34 22 27 13 3 1 0 0 2 2 2 3 3 6 13 25
55 30 22 9 7 11 17 8 4 3 3 3 2 1 0 1 0 0 0 0 0 0 0 0 0 0 1 1 3 6 6 7 4 1 2 8 7 13 21 23 37 40 25 37 35 14 17 52 59 65 52 36 42 40 63 46 37 46 29 32 32 52 44 30 17 14 22 29 32 24 52 68 64 77 68 53 77 61 44 39 42 23 6 17 3 1 0 1 2 2 4 4 6 6 8 11
26 34 37 14 12 26 13 12 13 8 4 2 1 1 1 1 0 0 0 0 0 0 0 0 0 0 1 2 4 3 11 10 5 4 4 5 6 11 7 32 38 50 46 28 52 27 26 59 57 33 67 35 44 38 40 71 55 45 70 56 27 29 31 31 14 17 20 20 34 59 60 68 73 56 77 61 48 42 59 29 31 21 6 3 3 1 0 0 1 2 5 4 11 22 23 14
32 34 41 43 39 31 27 16 7 3 2 0 0 1 1 1 0 0 0 0 0 0 0 0 0 0 1 1 2 3 5 5 11 16 11 8 8 11 11 18 23 41 44 61 49 42 38 60 47 38 62 60 23 38 40 21 19 19 44 41 46 16 19 18 13 30 30 45 37 61 70 62 51 64 49 69 54 56 50 39 32 7 2 1 1 0 0 1 2 2 4 3 14 25 22 24
62 57 58 40 40 27 12 12 4 3 1 1 3 2 1 0 0 0 0 0 0 0 0 0 0 1 1 1 2 3 12 12 18 22 23 18 9 11 22 15 27 22 30 68 66 58 48 61 29 30 46 32 27 29 33 44 22 19 20 21 18 37 36 24 20 12 33 46 29 23 15 24 36 29 48 46 57 58 43 34 22 7 2 1 0 0 1 1 2 3 3 4 9 16 21 26
63 53 45 47 32 10 5 6 6 5 3 6 4 1 1 1 0 0 0 0 0 0 0 0 1 1 2 3 4 3 10 20 28 28 29 41 12 8 18 29 29 32 40 53 70 56 43 58 64 59 37 53 78 33 39 43 31 20 19 27 9 10 17 17 39 8 17 28 54 51 37 33 31 9 9 17 28 29 36 24 10 6 3 0 0 0 1 1 1 2 3 6 10 6 13 13
57 39 33 33 21 15 11 6 7 9 6 2 1 1 1 1 0 0 0 0 0 0 0 0 1 2 4 5 6 10 12 21 47 38 24 49 25 18 21 22 36 36 51 53 65 51 35 49 67 74 50 49 68 57 31 40 39 38 21 26 31 21 13 11 31 7 25 55 50 56 57 59 43 38 31 22 10 16 19 25 12 2 0 0 0 0 1 2 2 3 4 5 6 10 22 30
33 34 42 25 25 19 14 21 5 2 1 1 2 3 1 1 0 0 0 0 0 0 0 0 1 1 4 8 15 15 35 39 47 51 52 30 47 32 25 32 51 51 54 59 37 59 73 51 39 20 45 42 23 58 50 33 43 34 20 11 15 29 14 10 13 28 35 37 51 56 62 55 37 57 56 54 40 28 13 9 6 2 1 0 0 0 1 1 2 3 4 4 7 8 13 16
55 38 51 33 27 51 30 10 6 3 4 5 5 1 0 0 0 0 0 0 0 0 1 0 1 2 5 9 13 23 32 56 70 68 62 63 48 65 53 37 57 69 54 34 45 65 71 65 40 41 39 50 49 33 37 36 35 28 26 16 8 18 17 4 5 11 19 33 44 54 73 81 66 57 66 65 70 43 21 5 3 1 0 0 0 0 1 1 2 3 4 5 9 12 15 21
52 48 32 26 24 13 18 19 17 14 9 3 2 1 0 0 0 0 0 0 0 0 0 1 2 3 4 7 12 13 19 44 60 81 75 51 58 72 69 41 47 74 54 49 35 57 68 65 77 55 41 37 53 68 46 18 38 42 36 14 10 6 6 4 14 12 54 65 81 52 41 70 78 51 23 31 45 42 18 4 2 1 0 0 0 1 1 1 2 3 5 7 9 14 14 17
34 42 37 22 12 6 3 14 8 5 5 2 1 0 0 0 0 0 0 0 0 0 1 2 4 6 9 7 9 7 13 26 41 64 82 43 36 77 74 43 42 64 68 46 43 53 53 64 68 61 18 17 41 46 25 22 33 28 25 35 10 7 7 8 10 27 14 13 34 83 55 38 50 59 23 13 19 37 15 3 1 0 0 0 0 0 1 1 2 3 6 5 9 11 21 27
37 35 27 20 23 23 10 11 7 4 2 1 1 1 0 0 0 0 0 0 0 0 0 1 4 7 8 10 15 21 15 21 27 36 55 74 46 45 78 72 43 43 65 49 40 48 48 61 71 66 44 17 58 43 33 25 17 6 7 13 7 3 2 13 15 16 20 45 47 60 67 44 38 17 10 4 1 11 11 2 1 0 0 0 0 0 1 1 2 3 4 3 8 11 9 15
21 19 14 20 13 15 7 12 6 4 2 1 1 0 0 0 0 0 0 0 0 0 0 1 3 5 6 7 9 7 32 22 29 22 41 57 81 44 28 69 60 44 70 51 30 42 43 57 45 52 58 25 23 27 20 38 11 11 7 6 4 7 7 19 12 24 36 36 35 67 65 43 33 40 23 11 2 1 5 3 0 0 0 0 0 1 1 1 1 4 3 10 15 18 19 18
27 25 35 45 21 17 7 10 6 3 2 1 0 0 0 0 0 0 0 0 0 0 0 1 1 4 3 12 15 12 39 58 75 66 68 77 69 61 49 34 36 59 57 43 28 30 49 54 54 33 59 25 24 23 23 31 21 7 8 17 7 6 9 21 65 44 56 54 46 50 28 42 49 49 32 14 5 1 1 1 0 0 0 0 1 1 1 1 2 2 5 5 11 16 26 35
40 40 33 28 20 19 10 6 4 2 1 1 1 0 0 0 0 0 0 0 0 0 0 1 1 2 2 3 7 26 31 47 55 63 32 29 45 68 66 65 28 24 65 48 28 38 33 21 56 30 18 33 10 22 11 9 20 6 8 9 6 5 18 22 53 44 32 35 31 31 54 57 65 50 36 19 2 2 1 0 0 0 0 1 1 0 1 0 1 2 3 3 5 7 13 21
10 16 18 19 15 14 15 9 7 3 2 2 1 1 0 0 0 0 0 0 0 0 0 0 1 1 1 6 10 11 25 15 14 21 38 57 63 39 55 74 74 55 50 38 48 26 26 20 11 13 19 8 20 12 22 6 6 8 4 4 2 4 6 14 12 12 25 44 45 60 68 62 41 33 11 18 7 4 1 0 0 0 0 0 0 1 1 1 2 5 3 8 9 5 15 27
8 5 10 11 6 6 12 10 6 5 4 3 1 0 0 0 0 0 0 0 0 0 1 1 0 0 1 2 3 5 13 20 18 39 49 55 44 46 41 68 46 34 27 34 42 39 41 17 13 34 13 16 8 15 24 8 3 3 6 3 5 6 26 24 32 32 47 55 60 61 68 50 46 30 10 4 4 2 1 0 0 0 0 0 1 0 2 2 4 2 2 5 6 8 9 11
15 13 12 10 4 2 3 9 7 5 2 1 1 1 0 0 0 0 0 1 1 1 1 1 1 1 1 1 1 3 7 19 22 54 59 56 53 40 40 28 37 26 24 18 21 28 47 17 13 14 6 7 12 18 17 9 8 8 3 5 22 13 32 57 37 40 51 53 57 73 71 71 54 30 14 6 2 0 0 0 0 0 0 1 1 1 1 3 2 3 6 6 9 14 16 19
28 29 15 12 10 10 10 10 4 3 2 1 1 0 0 0 0 0 1 2 2 1 3 3 2 1 1 3 4 5 5 10 25 41 68 63 42 53 42 28 37 36 36 31 23 14 7 25 20 9 11 9 9 10 1 17 9 3 3 8 21 35 34 70 68 75 76 43 26 24 64 75 88 64 16 8 3 1 0 0 0 0 0 1 1 1 2 2 3 5 6 14 11 15 26 20
39 22 23 39 31 18 11 9 5 2 1 1 0 0 0 0 0 1 1 3 6 2 3 5 6 4 3 7 8 9 11 7 25 37 55 39 57 40 38 29 40 39 24 37 19 10 9 6 8 4 12 8 4 5 7 2 2 4 2 17 40 47 46 80 86 77 79 91 77 54 50 59 73 53 42 15 7 1 0 0 0 0 0 1 2 2 2 3 5 5 8 10 18 16 20 36
15 7 4 24 16 10 10 4 2 1 1 1 0 0 0 0 0 1 2 2 8 14 9 9 9 6 8 10 11 11 12 14 16 34 37 32 25 34 36 29 48 37 39 47 23 20 15 9 11 4 16 6 2 2 7 8 1 2 9 12 23 22 14 56 83 70 75 86 92 80 38 23 15 22 27 2 1 0 0 0 0 0 1 1 1 1 1 2 2 5 11 8 11 12 24 27
