sesion_6_simulaciones/modelos_agentes/ejemplos_netlogo/scenarios/echam4_a2/rob_2016.asc
NCOLS 322 
NROWS 307 
XLLCORNER 451900 
YLLCORNER 4086900 
CELLSIZE 100 
NODATA_value -9999 
[rows 222 to 295 of 307, columns 0 to 95 of 322]
23 31 43 60 48 36 47 33 8 22 25 29 52 23 20 12 11 5 5 8 18 30 31 39 31 27 21 35 55 31 21 48 61 36 62 53 32 31 38 65 38 37 51 66 60 75 55 58 61 80 78 49 33 28 26 11 13 24 12 14 17 9 5 13 6 7 3 3 2 1 1 1 0 0 0 0 0 0 0 0 0 0 0 0 0 0 0 0 1 0 0 0 0 1 2 1
48 57 44 31 31 40 39 45 25 12 15 31 34 16 8 10 11 23 28 27 31 44 28 66 51 47 38 38 32 48 32 47 39 46 70 21 25 37 43 67 63 58 50 73 35 21 33 20 20 60 67 45 39 21 16 14 7 8 12 14 9 14 5 6 9 3 2 3 3 1 0 0 0 0 0 0 0 0 0 0 0 0 0 0 0 0 0 0 1 1 0 1 1 1 0 0
46 68 70 76 59 56 45 47 32 39 47 60 26 20 18 28 26 43 24 25 64 19 40 46 47 36 29 62 46 44 42 50 42 61 41 31 42 54 47 64 64 65 63 87 80 70 59 55 46 21 25 33 19 14 9 8 7 9 8 7 7 7 3 13 13 5 3 1 1 1 0 0 0 0 0 0 0 0 0 0 0 0 0 0 0 0 0 1 2 2 1 1 2 1 0 0
54 61 49 67 63 68 37 25 19 56 55 42 25 20 24 30 11 5 4 43 23 36 65 53 39 49 42 50 43 30 43 43 60 20 22 50 43 67 47 72 67 74 78 62 62 76 60 64 65 38 17 16 9 12 5 5 6 9 5 4 6 3 2 1 2 2 1 1 0 0 0 0 0 0 0 0 0 0 0 0 0 0 0 0 0 1 1 1 5 4 4 3 1 1 0 0
18 32 35 25 31 75 50 11 38 44 57 27 42 36 9 6 4 3 15 48 18 48 64 65 48 46 33 17 40 30 46 71 59 33 40 48 73 81 60 68 79 82 81 53 63 65 65 31 54 68 22 13 4 6 5 8 5 4 3 2 1 1 1 1 1 1 1 1 0 0 0 0 0 0 0 0 0 0 0 0 0 0 0 0 0 1 3 5 6 9 4 1 1 0 0 0
45 31 34 30 36 29 17 21 19 30 50 56 56 15 4 4 20 31 51 65 36 41 62 76 66 40 53 26 34 50 25 51 79 40 29 38 57 55 84 90 64 56 41 68 47 50 66 43 27 10 19 22 15 11 9 8 6 3 2 1 1 1 1 0 0 1 0 0 0 0 0 0 0 0 0 0 0 0 0 0 0 0 0 0 0 1 4 13 8 1 0 0 0 0 0 0
51 39 33 52 35 33 39 38 26 49 40 38 30 13 22 44 54 59 62 76 39 51 61 70 27 27 56 20 42 59 26 24 41 57 41 65 50 35 68 81 73 47 62 38 80 53 32 28 26 21 12 24 20 17 14 9 3 3 1 1 0 0 0 0 0 0 0 0 0 0 0 0 0 0 0 0 0 0 0 0 0 0 0 0 1 2 3 17 3 1 1 0 0 0 0 0
19 32 53 33 29 27 49 47 43 44 42 56 36 42 40 61 55 38 67 69 43 47 46 48 27 62 27 9 43 51 27 30 40 52 73 83 67 47 31 47 58 37 27 18 33 71 50 27 21 17 12 12 11 15 17 12 4 2 0 0 0 0 0 1 1 0 0 0 0 0 0 0 0 0 0 0 0 0 0 0 0 0 1 1 2 4 6 7 2 1 1 2 0 0 0 0
60 47 37 43 48 40 58 45 52 43 32 47 34 58 41 60 61 54 49 69 26 42 46 38 47 15 30 34 35 52 22 40 30 41 44 67 56 71 43 17 35 58 40 45 54 24 27 17 11 10 7 6 10 9 6 6 5 2 2 0 1 0 0 0 0 0 0 0 0 0 0 0 0 0 0 0 0 0 0 0 1 0 1 1 1 10 26 6 2 2 3 2 0 0 0 0
39 55 50 60 39 38 48 76 28 51 32 29 44 51 38 62 61 48 43 58 40 42 39 55 32 27 31 32 28 32 18 30 65 54 39 27 68 41 46 38 17 26 64 70 69 39 14 9 17 16 12 4 6 8 5 4 3 1 1 1 0 0 0 0 0 0 0 0 0 0 0 0 0 0 0 0 0 0 1 1 2 2 2 1 1 5 20 4 2 6 3 1 0 0 0 0
35 31 54 51 39 46 45 57 34 35 36 37 36 54 40 44 64 25 31 42 22 39 11 36 25 35 22 17 31 20 28 44 44 70 49 45 32 35 41 18 29 21 18 26 26 16 12 8 14 8 11 5 4 3 3 5 2 1 0 0 0 0 0 0 0 0 0 0 0 0 0 0 0 0 0 0 0 1 1 2 5 7 3 2 1 3 6 5 6 4 1 0 0 0 0 0
23 23 54 37 32 64 60 44 49 37 52 54 37 61 46 37 45 25 30 31 37 16 11 9 22 28 12 20 33 20 24 26 23 23 15 28 17 20 20 13 25 37 55 27 22 9 9 3 4 3 5 3 3 3 4 2 1 0 0 0 0 0 0 0 0 0 0 0 0 0 0 0 0 0 0 0 0 1 2 5 13 9 6 6 2 4 17 15 7 3 1 1 0 1 0 0
31 17 16 35 29 50 59 53 60 30 44 60 22 35 26 40 65 22 30 33 35 30 8 10 31 17 8 36 47 49 55 18 39 31 48 47 45 46 35 43 55 56 55 58 49 39 36 10 10 16 7 3 2 2 1 1 0 0 0 0 0 1 1 0 0 0 0 0 0 0 0 0 0 0 0 0 1 2 3 8 7 19 10 15 8 31 11 10 4 5 3 2 1 1 0 0
7 11 28 25 31 35 39 45 23 44 56 46 13 16 15 18 54 14 12 18 6 21 14 22 14 13 12 26 48 32 74 76 70 57 75 59 62 44 47 40 48 62 56 71 36 16 12 3 6 10 13 7 2 1 1 1 1 1 2 1 0 0 0 0 0 0 0 0 0 0 0 0 0 0 1 0 0 1 4 10 23 16 19 17 31 16 16 12 3 3 8 4 2 1 0 1
4 16 7 10 16 30 38 28 22 27 30 41 11 26 10 27 16 9 11 6 8 4 9 7 21 15 40 44 53 33 42 62 83 62 72 89 87 74 74 60 30 62 69 60 69 47 36 16 11 10 7 5 5 1 1 3 3 1 1 0 0 1 0 0 0 0 0 0 0 0 0 0 1 1 1 0 1 1 2 4 25 37 31 10 11 46 14 13 10 9 4 4 2 1 1 1
2 7 4 11 15 29 19 39 33 36 17 8 14 3 11 16 6 58 6 18 49 43 26 13 12 7 11 22 23 33 34 31 34 76 61 81 85 80 82 74 65 34 70 70 71 40 47 19 10 9 3 2 1 1 0 0 1 1 1 0 0 0 0 0 0 0 0 0 0 0 0 0 1 1 2 1 1 1 2 4 19 39 30 8 33 32 17 28 24 8 8 5 3 2 3 1
3 3 12 15 33 13 22 33 29 29 15 11 6 3 7 6 3 1 28 32 34 49 49 25 14 6 20 23 22 33 28 37 36 32 24 52 86 63 77 45 56 49 48 55 52 37 17 7 22 12 6 4 5 3 1 1 1 0 0 0 0 0 0 0 0 0 0 0 0 0 0 0 1 2 5 2 1 2 5 12 26 44 18 16 32 8 4 6 9 3 2 4 3 3 1 0
2 3 6 2 9 13 17 18 17 11 13 7 5 2 3 6 4 5 6 20 17 8 54 45 15 4 21 38 32 37 34 23 34 42 23 27 59 67 65 56 54 42 47 33 34 39 27 10 3 9 8 6 4 4 3 1 1 0 0 0 0 0 0 0 0 0 0 0 0 0 0 0 1 2 4 6 2 2 6 25 31 63 18 21 44 11 8 5 3 2 1 2 2 1 0 0
0 1 1 6 2 5 7 8 18 16 7 3 3 2 3 3 7 12 18 32 11 9 10 42 46 12 30 51 51 47 54 41 44 52 41 29 20 54 36 40 19 23 14 20 17 13 3 12 5 4 5 3 2 3 2 2 1 1 0 1 0 0 0 0 0 0 0 0 0 0 0 1 1 1 2 9 14 5 20 18 51 49 41 58 15 14 12 9 10 8 4 3 2 1 0 0
0 0 2 2 2 2 5 7 5 12 4 2 5 4 4 3 8 22 26 15 6 5 10 54 31 31 34 26 13 26 34 35 43 41 40 42 20 18 16 13 20 11 4 5 7 9 7 8 3 3 3 2 2 1 1 1 1 1 0 0 0 0 0 0 0 0 0 0 0 0 1 1 2 1 2 4 30 6 12 40 57 39 47 49 37 24 13 27 19 4 3 2 1 0 0 0
0 0 0 1 2 1 2 3 5 5 6 3 2 2 6 9 7 13 26 27 14 9 7 15 17 18 23 49 18 49 56 39 34 41 37 47 39 19 10 5 5 9 10 8 11 10 5 2 2 3 2 2 1 1 1 1 1 0 0 0 0 0 0 0 0 0 0 0 0 1 1 1 0 2 11 10 32 16 22 48 61 58 37 40 23 11 9 20 12 6 2 1 1 0 0 0
0 0 0 0 1 1 0 6 2 1 1 3 17 23 38 30 15 5 5 10 17 16 10 25 44 42 38 38 38 40 53 52 49 49 43 51 46 55 31 11 11 6 5 4 4 3 3 1 1 2 1 2 2 1 1 0 0 0 0 0 0 0 0 0 0 0 0 0 0 1 1 1 1 3 9 11 29 49 33 54 59 59 53 41 23 27 13 14 11 5 2 2 0 0 0 0
0 0 0 0 0 1 1 2 1 0 0 5 1 2 12 40 17 7 6 6 16 12 17 21 10 20 44 62 58 62 55 59 60 65 61 52 52 52 56 44 15 9 8 8 7 4 2 2 4 2 3 3 1 1 1 0 1 0 0 0 0 0 0 0 0 0 1 1 2 2 2 2 1 4 21 9 7 43 80 54 67 58 46 32 20 12 3 8 9 5 2 1 1 0 1 0
0 0 0 0 0 1 1 0 0 7 13 13 5 6 9 5 5 2 9 13 12 35 20 21 41 29 11 28 33 64 68 65 75 79 66 49 63 69 66 46 18 16 11 14 11 11 4 8 3 1 1 1 1 1 0 0 0 0 0 0 0 0 0 0 0 0 1 2 3 4 3 5 3 7 20 29 11 40 60 50 44 27 16 7 9 11 4 5 4 2 1 1 1 1 1 0
0 0 0 0 0 0 0 0 1 2 0 1 4 17 12 8 8 12 6 18 34 20 20 37 26 43 26 9 9 48 37 70 85 71 68 67 51 54 59 53 40 37 22 11 15 20 6 6 3 2 1 1 1 1 0 0 0 0 0 0 0 0 0 0 0 0 1 2 3 7 6 10 4 7 21 41 38 30 61 31 19 11 15 9 7 2 2 3 6 4 1 1 1 1 1 0
0 0 0 0 1 0 0 1 0 2 1 1 4 5 3 4 12 30 11 24 16 24 29 31 27 41 41 24 19 15 20 14 52 61 50 47 36 50 40 21 16 9 7 5 8 14 5 4 2 2 1 1 0 0 0 0 0 0 0 0 0 0 0 0 0 1 2 2 3 5 19 12 13 6 10 38 39 69 36 21 25 13 11 10 10 4 5 5 3 1 1 2 2 1 1 0
0 0 0 1 0 0 2 0 0 1 3 15 5 3 2 11 11 25 27 12 9 15 12 23 24 24 38 34 51 50 28 39 42 29 14 26 29 32 17 18 8 7 3 4 4 4 3 5 2 1 1 1 1 1 0 0 0 0 0 0 0 0 0 0 0 1 1 1 1 2 8 24 34 7 6 29 25 61 23 31 16 13 7 11 10 8 8 2 3 2 3 3 1 1 0 0
0 0 0 0 0 1 0 0 0 1 6 14 5 2 10 14 32 15 26 12 11 16 17 25 34 37 65 56 28 23 18 20 42 47 32 25 35 39 27 20 19 13 22 13 6 4 5 4 3 2 1 1 1 0 1 0 0 0 0 0 0 0 0 0 0 1 1 3 2 1 4 7 20 26 14 21 57 44 35 22 10 16 14 7 3 7 8 4 7 7 2 2 1 0 0 0
0 0 1 0 0 1 0 0 0 1 3 1 4 5 8 16 30 10 20 12 18 18 20 25 70 71 67 41 60 65 55 36 54 51 42 37 42 52 37 28 33 20 12 10 7 6 9 10 4 2 2 1 2 2 1 0 0 0 0 0 0 0 0 0 1 1 3 5 5 3 2 4 13 32 41 27 66 44 42 41 30 14 18 18 12 9 14 7 5 7 6 2 1 1 0 0
0 0 0 0 1 0 0 0 1 4 5 7 9 6 11 16 37 25 8 21 16 29 30 40 55 72 77 59 34 44 46 41 27 28 37 28 27 34 30 47 48 22 22 18 21 15 11 10 5 3 3 4 2 1 1 1 0 0 0 0 0 0 0 0 1 2 7 7 3 4 4 7 10 11 11 62 66 44 33 31 19 21 32 22 20 22 16 18 10 6 2 1 1 1 0 0
0 1 0 1 0 0 0 1 6 20 36 9 3 8 16 10 13 11 7 14 20 26 35 60 53 32 57 57 46 62 65 51 26 17 19 20 33 39 45 40 25 25 46 36 36 24 10 5 3 3 1 2 2 1 1 0 0 0 0 0 0 0 0 1 2 4 6 7 6 10 10 9 30 36 34 43 62 50 26 30 29 37 28 14 18 19 15 8 11 3 1 1 2 1 0 0
0 0 0 1 0 0 4 13 27 18 48 40 9 6 20 13 12 2 5 8 8 9 15 43 15 25 41 64 65 69 85 48 63 43 24 14 26 66 48 48 47 10 10 4 5 9 5 6 3 3 2 2 2 1 0 0 0 0 0 0 0 0 0 1 3 9 6 6 4 25 43 11 38 60 69 56 41 40 34 20 26 21 22 31 20 16 8 6 6 4 3 3 2 1 1 0
0 0 0 1 0 1 1 3 3 12 5 3 9 9 18 17 21 10 10 9 11 10 25 30 7 6 9 40 42 33 44 77 54 67 60 54 47 43 36 36 43 35 22 25 18 8 9 12 6 4 4 1 1 1 1 0 0 0 0 0 0 0 1 2 4 7 7 8 6 7 26 52 28 55 69 67 52 33 43 32 43 41 22 14 19 14 8 5 6 10 6 4 1 1 1 0
1 0 1 0 0 1 2 5 10 9 7 14 12 8 17 18 28 11 5 20 24 17 24 46 15 3 16 9 23 32 14 21 60 51 58 57 32 11 9 10 22 21 17 22 26 24 11 5 6 5 2 3 3 1 1 1 0 0 0 0 0 1 2 5 8 13 7 6 21 18 13 15 54 68 54 69 48 49 67 61 18 15 13 16 13 9 11 7 8 4 3 1 0 0 0 0
0 0 1 0 0 1 1 2 3 4 8 11 5 9 12 10 18 2 6 8 7 37 32 49 33 14 16 23 31 23 25 11 8 17 19 16 14 13 11 8 5 7 6 8 18 17 8 11 9 6 5 3 2 2 2 1 1 0 0 0 0 1 2 7 13 14 8 14 18 41 27 28 21 26 47 53 67 60 38 37 31 39 30 32 21 14 18 12 4 2 1 1 1 0 0 0
0 0 0 0 0 0 0 1 2 4 4 7 8 8 11 25 18 4 6 5 14 40 46 41 18 3 18 36 26 39 41 16 43 49 47 40 34 28 26 11 7 8 27 31 28 13 13 10 11 9 7 4 3 2 2 1 1 0 0 0 0 1 5 9 11 21 11 19 21 19 66 46 39 32 18 62 46 65 52 47 47 59 48 35 22 29 14 8 3 2 1 1 0 0 0 1
1 0 0 0 0 0 1 1 2 3 3 7 25 30 33 45 33 9 4 4 30 38 44 33 18 37 9 35 35 44 29 47 46 29 32 33 26 24 10 18 34 42 19 18 11 16 11 8 11 8 9 5 3 3 2 2 1 1 0 0 0 0 3 11 32 25 13 24 21 18 21 42 60 19 14 26 71 79 73 61 54 48 44 42 32 16 15 8 9 3 1 1 0 1 0 2
0 0 0 0 0 0 0 1 0 5 10 9 25 39 40 14 6 4 2 16 27 30 40 49 49 20 26 29 25 24 32 70 34 33 38 38 36 20 27 29 53 40 34 30 26 24 20 13 18 11 11 7 4 3 2 1 1 0 0 0 0 1 3 8 23 19 32 39 29 51 52 58 60 31 33 46 66 60 62 52 49 41 36 35 22 17 12 14 13 7 2 1 1 1 1 3
0 0 0 0 0 0 1 1 1 9 12 17 19 74 22 12 17 11 7 19 23 25 28 15 15 12 46 14 32 25 49 35 47 55 41 40 39 38 45 38 27 42 42 44 36 35 23 26 18 7 5 4 3 4 3 1 1 1 0 0 0 1 3 7 17 18 17 33 56 44 68 61 64 35 60 57 64 62 44 42 42 39 25 18 15 13 12 9 6 5 4 2 1 2 4 3
0 0 0 0 0 0 0 1 2 7 11 15 5 23 9 2 13 14 24 17 20 34 31 15 12 29 18 27 41 62 65 55 51 52 39 42 53 52 53 46 48 61 55 34 28 39 35 27 13 10 7 5 3 2 2 2 2 1 0 0 0 1 3 8 13 18 16 21 47 74 69 66 58 82 67 49 37 40 46 45 39 37 33 25 14 16 8 12 6 4 4 3 1 3 4 3
0 0 0 0 0 1 0 0 5 4 11 8 3 1 1 2 12 13 10 18 20 16 16 35 32 13 18 45 63 28 24 24 46 43 49 55 56 54 52 49 52 58 41 41 47 37 37 32 12 11 8 5 4 2 2 2 1 1 1 0 0 1 6 12 19 19 18 19 23 30 46 53 60 68 20 44 41 39 33 34 28 26 22 32 22 20 13 10 5 4 4 1 2 4 4 6
0 0 0 1 0 0 0 0 4 6 12 8 8 13 10 5 2 5 4 23 30 18 58 54 18 24 31 45 28 29 29 35 40 36 49 55 57 55 46 70 57 43 38 46 19 30 41 36 26 18 5 4 4 4 3 2 1 1 1 0 0 1 2 10 16 19 52 34 40 43 42 29 42 61 50 55 54 37 37 35 37 29 32 27 22 6 6 4 5 8 4 1 3 8 10 11
0 0 0 1 0 0 0 2 6 16 15 3 4 11 13 12 5 2 6 26 22 55 38 18 23 46 30 28 28 31 37 35 25 38 44 64 45 44 60 54 46 63 65 29 43 38 36 32 19 9 5 7 7 5 4 3 3 2 1 0 0 1 4 7 13 31 53 73 43 54 47 32 35 69 76 42 45 52 51 32 28 30 36 25 13 4 11 8 6 3 2 1 4 11 12 12
0 0 1 0 0 1 4 6 12 21 2 3 5 2 1 3 7 3 11 24 21 23 8 19 38 13 11 24 29 32 51 38 29 37 50 55 52 66 70 64 46 39 37 46 37 37 23 22 15 13 10 13 11 4 4 4 3 2 1 0 0 1 3 9 17 27 48 67 63 64 51 53 58 71 46 43 38 37 44 47 32 58 36 15 16 17 12 7 3 1 1 2 8 12 13 17
0 0 0 0 3 0 0 4 10 4 1 2 5 6 7 9 17 11 25 11 9 7 5 19 17 21 26 37 46 39 34 26 30 35 59 43 76 72 70 40 29 27 33 45 49 39 31 28 25 18 16 13 7 4 3 2 2 2 2 1 1 2 5 12 24 32 33 38 63 78 71 36 41 72 45 50 67 62 58 64 54 35 27 22 23 20 7 6 2 1 2 6 9 12 10 18
1 0 0 0 0 0 0 2 3 2 0 3 5 9 11 12 7 12 20 29 26 20 3 18 24 38 39 43 29 19 30 31 33 40 74 41 25 18 18 34 36 51 62 62 56 44 32 30 16 23 11 8 11 4 5 2 2 2 2 1 1 4 9 13 31 33 32 21 42 68 71 50 56 70 47 31 51 72 70 67 59 27 31 29 21 17 6 4 6 2 7 9 5 18 21 21
0 0 0 0 0 0 1 1 6 10 1 4 5 2 5 4 6 30 17 12 15 19 18 15 39 29 32 36 24 27 42 40 30 75 29 22 51 54 53 50 62 67 60 61 60 55 41 31 20 18 15 12 11 8 6 5 4 2 2 1 2 6 16 41 41 39 32 41 51 59 73 48 46 61 74 55 56 55 68 66 50 48 29 28 23 14 7 2 3 6 8 5 10 14 36 26
0 0 0 0 0 0 1 4 2 4 11 6 2 2 4 6 7 10 17 24 14 22 11 17 35 35 28 31 35 31 36 42 50 36 12 38 44 50 60 83 60 58 66 66 62 54 36 27 19 14 15 13 12 6 7 4 5 4 2 3 4 13 14 32 39 36 36 49 56 51 80 74 54 72 68 57 62 61 57 51 54 36 25 20 19 9 4 1 2 10 5 11 16 20 41 26
0 0 0 0 0 0 0 0 0 5 3 1 2 3 5 3 16 6 7 28 50 20 7 12 47 32 43 34 27 26 57 82 52 11 23 53 42 71 75 68 64 73 69 48 50 45 39 34 19 19 16 15 13 12 9 7 7 6 4 3 5 7 13 19 41 61 49 68 73 63 57 60 56 66 75 75 58 50 41 38 36 30 22 22 16 8 2 1 8 10 12 24 32 26 33 26
0 0 0 0 1 0 2 4 3 2 2 4 3 3 2 21 10 12 13 29 19 8 20 30 7 37 33 21 54 46 66 45 15 25 59 30 55 47 58 78 80 60 48 74 62 37 40 38 30 25 19 17 15 13 11 10 8 5 5 6 7 17 10 15 18 45 69 74 73 73 82 82 57 70 57 50 34 40 51 51 33 32 20 23 15 2 2 7 8 14 24 35 32 20 34 34
0 0 0 0 0 0 1 0 0 1 2 4 1 1 1 17 7 2 3 6 7 12 30 12 7 20 15 20 61 56 46 12 19 33 54 73 50 58 72 74 72 60 63 32 44 36 44 51 35 29 26 20 18 16 13 12 6 3 8 14 10 21 18 23 26 43 52 80 65 64 46 70 54 39 39 50 59 45 38 36 29 19 27 16 4 2 5 9 15 14 18 29 46 37 40 37
0 0 1 0 0 0 1 0 1 1 2 1 2 3 6 25 6 7 6 5 28 10 18 4 19 31 20 44 69 39 22 16 24 30 71 71 70 60 63 64 61 65 51 38 42 69 51 45 37 48 30 25 22 17 15 12 7 5 14 18 33 39 30 34 30 44 61 65 75 61 54 44 52 60 52 66 51 49 40 35 21 21 9 5 3 6 13 18 17 31 32 24 25 37 32 29
0 0 0 0 0 0 0 0 1 0 1 5 1 4 16 8 6 3 17 21 13 18 8 17 49 17 23 54 44 33 32 27 48 58 73 60 62 62 54 39 40 59 67 59 65 53 54 51 57 38 34 41 14 19 16 9 5 13 22 24 51 51 37 55 41 29 42 76 77 39 76 54 51 61 61 58 53 50 44 28 19 20 6 8 6 12 17 24 22 26 37 25 28 40 45 35
0 1 0 0 0 0 1 2 1 1 1 2 1 11 1 3 8 8 13 24 9 8 12 16 28 21 26 52 26 20 34 29 59 60 55 57 46 56 48 52 59 61 61 75 58 56 53 66 47 44 52 34 29 23 12 10 5 14 38 38 44 62 50 63 63 42 45 56 84 40 40 77 75 58 56 55 62 46 49 43 21 15 5 5 8 16 24 33 38 41 39 42 31 37 55 46
0 0 0 0 0 1 4 0 0 0 3 0 8 2 4 6 6 2 1 12 6 13 20 22 22 34 31 8 20 29 39 47 57 62 24 19 55 46 54 47 50 59 65 73 72 56 72 46 65 62 39 35 32 28 14 13 7 16 42 53 49 66 48 53 70 47 65 41 72 47 50 72 50 65 62 55 49 48 66 34 25 5 4 8 17 20 30 39 30 21 30 52 27 29 48 65
0 0 0 0 0 1 0 2 1 2 1 2 4 2 2 3 2 2 1 2 4 10 20 18 18 32 14 12 26 22 31 15 40 26 15 38 27 31 39 61 64 66 70 72 62 44 63 69 62 50 47 38 34 30 27 15 16 18 47 68 69 69 62 51 66 65 33 40 83 49 67 63 58 58 50 41 56 26 22 20 7 4 8 17 20 28 37 41 22 28 43 26 18 21 34 65
0 0 0 1 1 1 1 1 1 2 1 2 2 4 4 10 8 1 2 1 1 12 11 6 16 22 14 34 36 38 58 49 39 24 15 16 33 33 36 34 40 64 51 57 65 36 29 29 46 45 54 44 36 32 19 11 23 32 49 60 82 76 56 56 61 64 63 27 68 18 27 40 48 55 54 55 54 49 33 28 10 6 11 22 24 46 55 45 34 33 42 44 37 22 32 52
0 0 2 1 2 1 2 1 1 0 2 3 8 3 6 6 12 4 6 4 14 20 11 17 26 17 17 4 4 18 44 14 19 11 17 25 16 24 24 27 60 54 43 56 36 40 42 52 51 63 49 48 41 24 21 14 25 37 55 63 74 57 59 65 71 46 44 50 65 34 37 31 29 20 35 46 42 37 22 16 7 12 21 23 31 53 50 24 37 49 33 47 25 30 36 57
0 1 0 0 0 1 0 0 1 2 2 5 11 12 8 14 10 3 7 15 20 8 9 20 17 13 3 10 9 24 21 11 8 26 32 27 34 30 33 48 40 49 65 41 44 45 60 55 64 50 49 46 45 26 11 25 30 65 58 65 66 72 60 72 73 56 37 62 52 35 44 59 54 57 57 50 38 15 11 5 9 25 25 28 36 62 62 24 27 48 35 53 32 33 39 71
0 0 1 1 2 2 1 3 1 1 6 3 9 9 1 2 1 1 5 20 16 8 15 6 19 27 5 8 11 32 12 8 13 30 49 26 28 34 42 22 57 53 39 52 46 60 61 70 68 57 65 47 33 29 18 30 40 59 74 61 64 75 58 49 71 72 38 46 59 62 63 47 46 46 34 38 29 15 6 17 17 26 32 51 44 61 66 38 38 40 22 58 36 37 40 55
2 5 4 11 13 7 4 4 5 3 6 3 3 3 9 2 2 4 12 13 12 9 12 4 8 8 5 10 12 26 11 15 56 34 21 18 26 31 33 47 70 57 62 41 53 72 72 59 57 73 60 40 35 33 21 48 65 58 62 76 66 74 79 55 82 81 41 52 55 59 45 44 58 44 42 24 26 22 14 31 34 32 41 54 44 50 58 50 54 38 38 61 36 40 35 50
6 11 15 4 10 26 9 4 1 3 0 1 2 3 4 2 1 15 22 10 5 11 6 6 17 24 5 5 10 20 23 51 18 11 22 25 13 10 40 43 53 34 69 58 64 74 46 57 70 63 48 43 37 37 34 54 66 64 65 76 64 71 77 72 68 73 53 26 43 70 49 53 53 54 41 42 40 32 24 35 38 51 46 55 44 39 53 52 48 45 43 61 39 32 42 48
1 4 7 1 0 5 9 9 0 0 1 2 3 6 5 4 6 7 3 6 3 4 16 4 22 31 8 6 21 28 37 45 22 25 27 5 7 11 21 44 39 51 64 66 65 61 62 60 62 59 47 45 38 40 43 49 62 77 65 65 82 61 72 75 61 43 21 17 13 35 47 59 55 50 40 38 27 13 24 34 38 53 50 58 42 57 68 69 55 51 41 49 55 19 45 52
2 1 1 3 2 0 0 0 0 1 3 0 1 2 6 4 5 11 1 4 1 4 4 6 21 12 3 5 9 17 10 13 26 19 16 19 12 5 53 22 34 23 59 49 71 56 58 45 63 61 43 42 39 41 45 66 63 77 77 75 73 72 66 69 26 23 43 57 42 47 45 44 47 33 30 22 12 24 38 38 41 56 60 41 55 56 67 69 55 53 41 49 56 26 30 62
1 1 5 1 1 1 0 1 0 1 1 1 1 4 1 2 4 1 4 4 3 15 17 13 23 9 4 4 6 6 7 30 26 18 27 19 29 8 42 31 7 28 61 56 65 58 59 69 61 56 51 44 43 64 63 59 65 66 76 58 72 72 50 43 41 36 46 63 50 36 60 56 67 60 44 13 23 25 39 53 60 47 60 45 58 70 68 65 54 54 43 43 60 51 26 44
0 2 1 2 2 0 0 2 1 1 2 0 1 2 1 2 4 11 2 6 21 7 14 17 32 19 4 6 5 17 23 16 19 43 18 26 29 15 69 40 15 38 22 60 56 48 64 44 58 53 45 47 42 61 74 64 64 60 72 78 59 63 59 38 43 28 35 35 39 31 55 59 63 69 31 20 27 40 37 59 60 58 57 60 44 68 70 70 59 60 29 49 48 44 38 29
1 1 0 0 0 1 1 3 1 1 1 0 2 1 2 6 2 7 2 4 7 23 12 23 12 3 1 1 1 15 23 9 14 22 30 45 20 24 45 51 30 37 21 62 48 40 47 39 55 51 58 43 43 55 61 86 53 60 57 50 63 41 40 39 24 29 43 37 42 37 57 57 33 47 21 21 43 43 42 45 60 58 58 56 58 70 69 78 65 51 38 55 57 30 38 26
1 1 1 0 1 2 1 1 0 1 0 1 1 1 3 4 2 3 3 1 1 2 2 3 2 3 3 1 7 5 18 21 28 22 28 31 17 16 18 65 40 45 40 52 20 52 41 55 59 41 54 43 46 40 64 67 72 59 51 30 47 27 21 37 27 27 42 34 51 43 48 46 34 22 28 43 45 45 46 42 48 61 70 61 57 72 76 74 72 46 35 66 49 48 39 22
1 1 1 0 0 1 1 0 0 2 0 1 1 0 3 2 2 2 6 3 3 4 7 7 8 15 8 3 2 3 8 18 25 24 27 23 23 18 9 41 71 62 39 26 23 32 34 53 40 22 51 40 42 38 51 75 58 65 42 19 25 7 9 11 16 18 32 50 51 53 55 37 21 23 48 46 50 65 61 48 43 56 58 67 71 83 61 80 59 44 39 70 51 61 28 23
0 0 1 0 4 1 0 0 1 0 1 1 1 1 2 1 1 2 1 1 1 3 2 14 23 2 4 2 3 1 2 6 7 24 16 8 24 16 16 25 76 61 30 19 24 34 57 26 40 20 32 47 39 59 59 55 47 42 54 21 22 15 17 9 26 42 41 42 45 35 40 34 16 28 42 44 63 56 52 38 44 27 59 69 69 58 74 73 70 53 38 64 49 57 48 21
0 0 0 0 2 1 1 0 1 0 2 0 0 2 2 2 4 1 2 1 7 5 9 5 5 6 12 6 2 2 8 10 4 10 10 9 30 4 3 25 42 54 36 26 19 68 43 25 21 34 49 49 35 53 71 51 69 27 43 38 23 21 23 13 24 22 25 31 46 45 22 21 28 42 39 44 39 45 36 15 36 40 55 58 65 69 78 72 35 56 29 58 70 34 19 31
0 0 0 0 1 1 1 0 0 1 1 1 2 2 2 2 0 1 3 1 1 1 2 5 8 28 5 3 4 3 14 9 11 16 11 13 15 6 12 17 33 40 47 36 30 76 37 38 25 33 44 37 44 69 74 54 63 31 28 26 18 7 8 36 33 34 37 31 48 24 24 27 43 40 38 41 52 56 45 35 41 55 58 71 70 69 66 78 35 53 39 38 67 20 17 25
0 0 0 0 0 0 1 3 0 1 2 4 1 1 1 2 1 1 2 3 2 2 7 12 18 4 3 9 2 2 6 17 16 26 21 23 21 16 15 23 32 49 41 40 24 39 36 51 37 18 21 45 56 58 65 56 49 31 21 24 16 5 13 21 34 43 40 32 36 38 42 40 38 43 54 26 33 57 44 33 48 50 49 68 60 60 43 55 54 47 69 36 50 25 24 28
0 0 0 1 0 1 1 1 1 3 4 2 0 0 1 1 0 1 1 1 1 2 21 11 6 11 15 26 13 13 4 20 20 37 18 32 16 30 30 22 18 22 36 50 14 40 45 52 39 32 38 53 48 43 52 31 32 34 17 13 5 13 14 15 18 32 26 50 59 43 42 39 37 55 41 22 27 58 56 38 41 48 45 44 67 63 25 34 49 69 47 44 29 21 31 44
