sesion_6_simulaciones/modelos_agentes/ejemplos_netlogo/scenarios/echam4_a2/rob_2039.asc
NCOLS 322 
NROWS 307 
XLLCORNER 451900 
YLLCORNER 4086900 
CELLSIZE 100 
NODATA_value -9999 
[rows 222 to 295 of 307, columns 0 to 95 of 322]
19 26 38 56 47 32 45 33 7 21 24 27 50 22 19 11 10 5 5 7 18 29 31 39 29 26 20 36 54 30 20 47 60 32 58 49 30 30 39 65 36 35 50 64 59 76 54 60 63 82 81 54 37 35 30 14 17 32 18 21 22 12 7 17 9 10 4 5 3 2 1 1 0 0 0 0 0 0 0 0 0 0 0 0 0 0 0 1 1 0 0 0 1 1 3 1
42 50 37 25 28 37 36 45 26 12 14 30 33 16 8 9 11 21 26 26 30 42 27 65 47 44 36 36 34 47 30 43 35 41 67 20 24 33 41 65 63 54 48 71 32 20 33 20 21 63 71 51 47 26 20 20 9 11 19 18 12 18 6 8 12 5 4 3 4 2 1 1 0 0 0 0 0 0 0 0 0 0 0 0 0 0 0 0 1 1 0 1 1 2 0 0
43 63 67 76 57 52 44 46 31 37 45 59 26 19 18 26 24 42 22 24 64 18 37 43 44 34 25 59 45 40 39 45 38 57 38 28 39 49 43 63 61 63 60 86 80 69 58 56 47 23 30 38 24 20 12 12 10 13 12 11 10 10 5 19 15 6 3 2 2 1 0 0 0 0 0 0 0 0 0 0 0 0 0 0 0 0 0 1 3 2 1 2 3 2 0 0
48 60 51 64 63 67 37 26 19 54 56 41 25 18 22 28 10 5 3 41 22 34 63 48 35 47 37 45 38 27 38 38 56 17 19 47 38 63 43 67 63 71 76 58 59 75 60 68 69 42 21 22 13 18 7 7 8 13 7 6 9 4 3 2 3 2 1 1 1 0 0 0 0 0 0 0 0 0 0 0 0 0 0 0 0 1 1 2 7 5 5 4 1 1 0 0
14 27 32 22 33 77 53 10 37 44 58 26 41 35 8 5 3 2 16 50 17 45 61 64 46 44 31 13 35 26 41 65 53 27 39 46 67 77 55 62 77 82 78 50 62 65 66 34 61 74 27 18 7 8 8 10 6 5 5 3 2 1 2 1 1 1 2 1 0 0 0 0 0 0 0 0 0 0 0 0 0 0 0 0 0 1 3 6 9 11 6 2 1 1 0 0
43 28 32 31 36 32 16 20 19 30 49 54 56 14 4 3 19 30 50 66 33 38 56 76 64 35 48 22 28 44 20 44 74 36 27 32 55 54 83 89 61 53 39 70 47 51 68 47 33 13 24 26 21 15 12 11 10 4 3 2 2 1 1 1 1 1 1 0 0 0 0 0 0 0 0 0 0 0 0 0 0 0 0 0 0 1 5 16 10 1 1 0 0 0 0 0
45 34 29 49 34 33 37 35 24 47 42 37 28 12 21 44 51 56 59 74 33 47 55 69 21 20 48 16 37 51 21 19 41 49 32 56 44 31 68 81 71 45 62 41 81 57 34 35 31 25 16 33 29 22 21 13 5 4 2 1 1 0 0 0 0 0 0 0 0 0 0 0 0 0 0 0 0 0 0 0 0 0 0 0 1 2 4 21 5 1 1 0 0 0 0 0
15 26 50 30 27 27 47 45 40 42 38 54 36 40 38 58 52 33 65 64 36 42 40 40 20 55 22 7 38 42 19 28 31 43 69 80 63 45 28 45 55 34 27 20 36 76 54 32 26 24 17 16 16 20 22 16 5 3 1 1 0 0 0 1 1 0 0 0 0 0 0 0 0 0 0 0 0 0 0 0 1 0 1 1 3 6 8 10 2 1 1 2 1 0 0 0
54 42 34 38 45 38 57 41 49 42 29 44 31 56 38 57 56 47 47 69 19 33 35 29 38 11 23 27 26 41 14 32 23 35 36 61 51 70 40 16 37 57 43 47 58 26 32 22 15 15 10 9 14 13 9 8 8 3 2 1 1 1 0 0 1 0 0 0 0 0 0 0 0 0 0 0 0 0 0 0 1 1 2 1 1 12 30 9 3 3 5 2 1 0 0 0
29 49 47 55 33 33 43 72 26 46 30 25 40 45 33 57 56 42 36 51 32 28 27 42 25 20 23 21 18 24 13 23 61 48 33 22 63 38 44 36 16 27 67 73 75 44 19 11 21 20 16 6 9 11 7 6 4 1 1 2 1 0 0 0 0 0 0 0 0 0 0 0 0 0 0 0 0 1 1 1 2 2 3 1 1 6 22 5 3 8 4 1 1 0 0 0
24 24 45 48 36 42 39 56 31 31 31 32 30 46 32 39 64 23 24 34 17 24 6 25 18 22 14 10 19 16 20 32 38 65 43 42 27 32 40 17 29 22 20 32 30 21 15 11 19 11 14 8 6 5 4 6 2 1 0 0 0 0 0 0 0 0 0 0 0 0 0 0 0 0 0 0 0 1 2 4 6 10 4 2 2 4 8 7 8 5 1 1 0 0 0 0
15 14 45 29 29 59 51 38 46 32 48 45 33 53 40 29 38 18 23 22 25 9 7 6 14 16 7 11 21 15 14 21 18 18 13 26 15 18 19 12 24 37 59 32 28 12 12 4 6 5 8 5 4 5 6 2 2 0 0 0 0 1 0 0 0 0 0 0 0 0 0 0 0 0 0 0 0 2 3 8 16 14 7 7 3 5 23 20 10 3 2 1 1 1 1 0
19 10 10 27 24 44 57 53 60 26 37 52 16 33 19 31 55 13 19 24 24 23 4 7 20 8 4 27 36 44 48 13 32 25 42 43 41 43 33 40 53 55 56 61 53 47 39 15 15 21 12 5 4 2 2 1 1 0 0 0 0 1 1 0 0 0 0 0 0 0 0 0 0 0 0 0 1 2 4 10 10 23 16 19 11 37 15 14 6 6 4 3 2 1 0 0
3 5 20 21 25 30 31 40 21 38 49 33 7 10 8 10 41 8 7 9 3 12 8 13 7 8 6 15 36 25 70 72 66 56 74 56 58 41 42 41 50 61 57 74 40 21 15 4 8 13 17 9 3 2 2 1 1 1 2 1 1 1 0 0 0 0 0 0 0 0 0 0 1 0 1 0 1 1 5 12 28 20 24 21 41 23 20 15 4 4 10 6 3 1 1 1
2 10 4 6 8 23 29 25 19 21 21 32 7 19 6 18 9 4 5 3 4 2 5 4 10 10 31 30 42 23 33 59 83 62 73 89 87 73 73 61 29 65 71 64 73 53 46 20 15 16 11 7 7 2 2 4 4 2 1 0 0 1 1 0 0 0 0 0 0 0 0 0 1 1 1 1 1 1 2 5 29 43 40 15 13 54 18 18 13 12 5 5 3 2 1 1
1 4 2 5 8 20 14 29 31 25 11 4 8 1 6 10 5 46 4 12 43 33 16 8 6 4 6 15 16 24 27 26 31 75 61 82 86 81 82 73 67 35 74 75 75 49 52 25 16 12 5 4 2 2 1 1 1 1 1 0 0 0 0 0 0 0 0 0 0 0 0 0 1 2 2 1 1 2 3 5 22 44 33 10 38 38 23 35 30 13 10 6 5 2 4 2
1 2 6 10 22 7 14 26 23 21 11 5 4 2 4 3 1 1 21 19 23 40 36 14 8 4 12 15 14 26 22 31 34 29 21 54 87 62 78 48 59 54 53 61 58 44 21 10 27 18 9 7 6 4 2 1 1 1 0 0 0 0 0 0 0 0 0 0 0 0 0 1 1 3 7 3 2 3 7 14 31 49 24 22 40 11 5 8 13 4 3 5 3 3 2 1
1 1 3 1 5 7 9 10 10 8 7 4 3 1 1 3 2 2 3 12 10 4 46 33 9 2 12 27 23 30 26 20 31 38 22 26 59 70 67 62 60 49 52 38 40 45 37 14 6 15 10 8 6 5 4 1 1 0 0 0 0 0 0 0 0 0 0 0 0 0 0 0 1 2 5 8 3 3 7 29 39 68 23 26 50 14 11 8 4 2 2 4 3 2 0 0
0 0 0 3 1 2 4 4 10 10 5 2 2 1 2 1 3 6 10 21 6 5 6 32 34 8 19 45 43 38 48 36 40 50 40 29 24 59 42 43 24 27 17 25 24 20 5 19 9 6 8 4 3 4 3 2 1 1 1 1 0 0 0 0 0 0 0 0 0 0 1 1 1 2 3 13 18 8 22 23 60 54 48 66 19 18 18 12 12 11 4 4 3 1 1 0
0 0 1 1 1 1 2 4 2 6 2 1 3 2 2 2 4 12 16 9 4 3 6 48 25 22 23 19 9 20 28 30 40 40 40 43 22 19 20 15 24 15 6 7 10 14 11 12 5 3 5 3 2 2 1 1 1 1 0 0 0 0 0 0 0 0 0 0 1 0 1 1 2 2 3 5 36 7 14 46 65 45 55 58 44 33 17 34 26 5 4 2 1 0 0 0
0 0 0 0 1 1 1 1 2 2 3 2 1 1 3 4 3 9 17 17 9 6 5 11 14 13 16 39 12 42 50 35 30 39 37 47 42 21 14 8 7 11 13 11 16 13 7 3 4 5 3 2 2 2 1 1 1 0 0 0 0 0 0 0 0 0 0 0 0 1 2 1 0 3 16 14 38 21 29 54 68 63 42 47 28 14 14 25 15 9 2 1 1 0 0 0
0 0 0 0 1 0 0 3 1 0 1 1 12 16 30 17 8 3 3 6 12 11 7 22 39 33 30 32 30 33 47 47 46 47 42 51 47 61 37 14 15 8 7 6 6 4 5 2 1 3 2 2 2 2 1 1 0 0 0 0 0 0 0 0 0 0 1 1 1 1 2 2 1 4 13 13 33 56 37 59 63 63 59 51 28 33 17 17 13 7 3 2 1 0 0 0
0 0 0 0 0 0 0 1 0 0 0 2 1 1 6 36 9 4 3 3 12 7 12 16 7 18 38 60 56 58 49 55 56 62 59 51 52 56 61 52 21 12 12 12 11 5 3 3 5 3 4 3 1 1 1 1 1 1 0 0 0 0 0 0 0 0 1 1 2 3 2 3 2 5 29 12 9 49 83 58 65 65 52 39 25 14 4 10 12 6 2 1 1 1 1 1
0 0 0 0 0 0 1 0 0 4 8 6 2 3 5 3 3 1 5 8 7 24 13 14 31 25 10 23 31 63 67 65 73 78 65 49 64 71 71 54 25 21 16 19 17 15 6 11 5 2 1 1 1 1 0 0 0 0 0 0 0 0 0 0 0 1 1 2 5 5 5 7 4 9 27 35 13 43 64 54 51 32 19 9 12 16 6 6 6 3 2 1 1 1 1 1
0 0 0 0 0 0 0 0 1 1 0 0 2 9 7 4 5 7 3 11 23 12 13 24 18 36 21 7 7 49 38 71 85 69 68 67 52 57 65 60 45 47 31 16 22 23 9 9 5 2 2 2 1 1 0 0 0 0 0 0 0 0 0 0 1 1 1 4 4 10 7 14 6 8 24 47 45 33 65 37 23 14 20 13 8 3 3 4 7 5 2 1 2 1 1 0
0 0 0 0 0 0 0 0 0 1 0 1 2 2 1 2 7 18 6 14 9 14 19 20 18 34 32 19 15 11 17 13 54 59 53 49 38 55 45 27 22 14 10 8 11 18 8 6 4 3 2 1 1 0 0 0 1 0 0 0 0 0 0 0 0 1 3 4 4 8 25 14 19 8 12 42 45 71 41 26 30 17 15 13 15 5 7 7 4 1 2 3 3 1 1 0
0 0 0 0 0 0 1 0 0 0 1 11 2 2 1 7 6 13 16 6 4 9 7 15 18 18 30 27 43 45 24 36 39 27 14 26 32 37 22 24 11 10 4 6 7 6 5 6 2 2 2 1 1 1 0 0 0 1 0 0 0 0 0 0 0 1 1 1 2 3 9 29 44 9 7 32 27 63 28 38 21 18 10 14 13 10 9 2 4 3 4 4 2 1 1 0
0 0 0 0 0 0 0 0 0 0 3 10 2 1 5 7 22 10 14 6 6 9 10 19 25 31 56 50 25 20 15 18 39 45 32 25 39 43 34 26 26 19 28 18 9 7 6 7 5 2 1 1 1 1 1 1 1 0 0 0 0 0 0 0 1 1 2 4 3 2 5 10 26 34 17 23 60 48 39 27 13 23 17 11 5 9 10 7 8 9 3 3 1 1 0 1
0 0 1 0 0 0 0 0 0 1 2 1 2 3 5 9 19 6 14 6 10 10 12 17 62 69 64 34 53 60 53 32 51 49 41 37 44 55 41 35 40 27 16 13 10 9 14 13 5 3 3 2 2 2 1 0 0 0 0 0 0 0 0 0 1 2 4 7 8 4 3 5 15 36 50 29 69 48 47 47 37 18 23 25 18 13 19 12 7 9 7 2 2 1 0 0
0 0 0 0 0 0 0 0 1 2 3 3 4 4 9 10 29 14 4 15 11 21 20 32 51 71 74 53 29 39 42 38 25 28 37 29 30 38 33 55 57 29 28 23 30 22 16 15 8 4 5 5 2 2 1 1 1 0 0 0 0 0 0 1 1 3 10 8 5 5 6 9 14 15 13 64 68 49 38 36 25 28 41 30 28 31 24 23 13 8 3 2 1 1 1 0
0 0 0 0 0 0 0 0 3 11 23 5 1 5 10 6 7 6 4 8 15 20 28 59 45 28 55 53 43 58 62 49 26 17 21 21 35 42 51 47 32 30 56 44 43 30 15 7 5 3 1 2 2 1 1 1 0 0 0 0 0 0 0 1 3 5 8 9 10 15 15 12 35 46 36 46 66 53 30 36 34 44 37 18 26 25 21 11 14 4 2 1 2 1 1 0
0 0 0 0 0 0 3 7 20 14 36 30 6 4 14 10 9 1 3 5 5 6 11 39 11 21 39 63 65 69 84 46 62 42 25 15 28 68 53 52 55 12 14 6 6 14 6 9 4 3 3 2 2 2 1 0 0 0 0 0 0 0 0 1 4 11 9 8 7 32 50 16 45 68 74 56 45 44 38 24 31 28 30 38 26 22 12 8 9 6 4 4 3 2 1 0
0 0 0 1 0 0 0 1 2 6 3 2 6 7 11 11 11 5 6 6 8 6 20 28 6 5 7 37 43 32 45 78 54 66 61 55 50 48 41 42 48 41 30 31 26 12 11 14 8 7 4 2 1 1 1 1 1 0 0 0 0 1 2 3 5 8 10 11 9 9 33 61 33 60 72 69 56 37 50 39 49 51 30 20 24 21 12 7 8 13 8 6 2 1 1 0
0 0 1 0 0 0 1 2 5 5 4 8 7 6 12 11 19 6 3 13 16 12 18 42 12 2 14 8 20 31 13 22 60 51 61 61 37 13 12 13 28 28 23 27 34 34 17 6 10 7 4 5 3 1 1 1 1 0 0 0 0 1 3 6 12 17 11 9 27 23 18 18 61 72 58 72 53 52 70 65 22 20 19 23 20 12 17 10 11 5 4 2 1 1 0 0
0 0 0 0 0 0 1 1 2 2 4 6 3 7 6 5 10 1 3 5 4 28 26 45 27 11 13 19 29 22 23 10 8 17 20 17 16 15 14 9 7 10 9 12 26 22 10 17 13 10 6 5 4 3 2 2 1 1 0 0 1 1 3 9 16 17 12 19 23 47 34 35 25 29 50 55 70 64 41 42 36 45 37 39 27 19 23 19 6 2 2 2 1 0 0 0
0 0 0 0 0 0 0 0 1 2 2 4 5 5 6 15 12 3 3 3 10 30 39 37 15 3 15 31 23 36 39 15 41 48 50 42 38 32 29 14 10 10 35 41 35 19 20 15 14 12 9 5 4 3 2 2 1 1 0 0 0 1 6 13 13 28 17 25 28 24 72 54 44 34 20 62 48 68 56 51 54 65 58 42 29 36 20 11 4 3 2 1 1 0 1 1
0 0 0 0 0 0 0 0 1 1 2 4 17 22 22 38 22 6 3 2 21 30 38 30 15 31 7 31 31 42 26 47 44 30 34 36 29 27 13 21 43 51 26 26 15 23 16 13 17 10 11 8 5 3 3 2 1 1 0 0 0 1 3 15 41 31 19 34 27 25 27 47 63 21 16 28 71 81 76 65 60 56 53 53 42 21 20 10 14 4 2 1 0 1 0 3
0 0 0 0 0 0 0 0 0 3 6 4 18 30 33 9 4 2 1 10 19 23 35 43 44 18 23 24 22 21 30 69 33 32 38 40 38 24 33 35 58 47 43 39 35 31 25 20 23 17 14 8 6 4 3 1 1 1 1 0 0 1 4 11 30 27 41 49 38 58 58 63 63 32 34 49 68 63 65 56 55 49 45 45 31 21 18 18 17 9 2 2 1 1 1 4
0 0 0 0 0 0 0 0 1 6 6 10 13 66 12 6 10 6 4 13 16 19 23 12 12 10 42 12 28 22 47 32 45 55 42 42 40 42 49 44 32 49 49 51 46 43 33 36 26 10 7 6 5 5 5 2 1 1 1 0 0 1 4 10 23 22 22 40 63 53 72 63 66 36 60 57 66 65 47 46 49 47 31 22 22 19 16 13 8 8 5 3 1 3 5 5
0 0 0 0 0 0 0 0 1 4 6 8 2 15 5 1 7 8 17 11 15 27 25 11 9 25 14 22 36 58 62 54 49 50 39 43 54 53 57 50 53 67 64 43 37 46 43 37 20 13 10 8 5 4 3 4 2 1 0 0 1 2 5 10 15 25 20 29 56 78 72 68 60 84 67 49 38 42 50 51 44 43 40 31 21 24 11 16 8 5 5 3 2 4 5 4
0 0 0 0 0 0 0 0 4 2 6 4 2 1 1 1 6 7 5 12 16 12 11 29 27 10 14 41 62 24 21 22 44 41 49 56 56 55 53 53 55 64 48 47 57 47 45 40 18 16 11 8 5 3 3 3 1 1 1 0 0 1 9 15 25 23 25 26 28 35 51 56 61 70 20 45 44 42 36 37 35 33 27 39 29 26 18 16 8 7 6 3 2 7 6 9
0 0 0 0 0 0 0 0 2 3 5 4 4 7 6 3 1 3 2 15 22 12 50 48 14 19 27 40 23 26 27 32 39 34 48 55 58 56 47 73 59 48 46 54 24 39 49 44 36 26 6 6 5 6 5 3 2 2 1 0 0 1 3 13 19 26 59 40 46 48 46 31 45 63 49 56 56 41 41 38 43 36 38 36 28 10 8 6 7 13 6 2 4 13 14 16
0 0 0 0 0 0 0 1 3 10 7 2 2 6 6 7 3 1 4 16 14 45 31 14 17 41 24 24 24 28 33 32 24 36 42 62 44 43 63 56 47 66 70 36 50 48 43 42 27 11 8 11 9 8 6 5 3 2 1 1 0 1 5 10 16 37 59 79 48 58 49 33 36 70 77 43 48 55 55 37 33 35 43 31 16 7 15 11 8 5 2 1 7 15 17 18
0 0 1 0 0 0 3 3 8 14 1 1 2 1 1 2 4 2 8 17 14 16 6 13 34 10 8 19 25 28 47 35 26 38 48 53 50 64 69 66 48 42 44 53 46 47 29 28 22 18 15 19 14 6 5 5 5 2 2 1 1 2 4 11 23 32 57 72 68 67 53 55 59 73 48 44 40 40 47 51 36 66 44 21 21 24 16 9 4 2 1 3 10 17 18 22
0 0 0 0 2 0 0 2 6 2 0 1 3 3 3 4 9 6 18 7 6 5 3 15 13 16 20 32 39 34 30 22 27 32 55 40 75 70 70 42 30 30 38 52 57 46 41 38 31 26 21 17 9 5 4 3 3 3 2 2 1 3 6 16 32 38 39 43 67 79 72 36 42 73 44 50 69 65 62 67 60 42 33 31 29 26 9 7 4 3 3 9 14 19 15 24
0 0 0 0 0 0 0 1 1 1 0 1 2 5 5 6 4 7 13 22 18 14 2 13 17 30 32 41 24 16 25 27 34 38 72 38 23 17 17 35 38 55 66 67 62 51 42 39 23 32 16 13 13 6 6 3 3 3 2 2 1 6 11 17 38 42 39 26 46 70 72 50 58 70 47 31 51 73 72 69 65 33 36 35 27 22 9 6 10 4 10 13 8 24 26 29
0 0 0 0 0 0 0 0 3 4 1 2 3 1 2 2 3 19 11 7 9 13 12 10 30 22 24 29 19 22 41 36 27 74 27 19 48 51 51 49 63 69 62 65 65 62 52 41 26 23 20 18 14 12 8 7 6 3 3 1 4 8 22 48 48 46 37 46 54 61 73 47 45 62 73 54 56 56 69 70 54 55 35 37 29 18 9 3 4 10 12 7 14 19 43 32
0 0 0 0 0 0 0 2 1 2 6 3 1 1 2 3 4 5 9 15 9 15 7 12 25 27 21 24 28 28 31 36 45 32 10 34 39 47 58 84 62 60 69 69 66 63 46 34 27 19 20 19 16 9 11 5 7 6 4 4 5 16 17 38 46 44 42 54 59 53 79 73 54 70 69 56 61 62 58 54 58 42 30 27 25 12 5 2 4 15 7 15 21 25 48 31
0 0 0 0 0 0 0 0 0 3 1 0 1 2 2 1 9 3 3 18 36 14 4 7 37 23 35 28 22 21 51 79 49 9 20 48 38 68 73 67 64 73 71 53 56 53 48 41 24 27 23 22 18 15 14 11 9 8 5 5 6 10 16 22 47 66 54 72 75 64 57 58 57 64 75 74 57 53 43 41 42 35 27 28 19 9 3 2 12 16 18 33 42 34 40 31
0 0 0 0 0 0 1 2 1 1 1 2 1 1 1 14 5 6 7 18 13 5 13 19 4 26 25 16 49 36 61 42 12 20 55 25 50 43 55 77 79 61 49 77 68 45 47 47 40 32 28 25 22 19 17 13 11 6 7 8 9 21 15 18 22 50 73 76 74 74 81 80 57 69 56 51 35 42 53 56 39 37 24 26 18 4 3 12 10 19 31 42 38 25 39 41
0 0 0 0 0 0 0 0 0 1 1 2 1 0 0 9 3 1 2 3 4 7 20 7 5 14 10 15 55 49 42 9 15 29 47 71 44 53 69 73 71 60 66 36 48 41 52 61 42 38 32 29 25 21 20 17 9 5 11 19 15 26 26 28 33 48 56 81 65 63 45 70 54 38 38 50 60 48 41 40 36 22 30 19 6 3 8 12 21 20 25 35 51 42 44 41
0 0 0 0 0 0 0 0 0 1 1 0 1 1 3 15 3 3 3 3 18 5 11 2 13 23 13 36 60 31 17 13 18 25 65 67 65 54 59 60 59 65 52 39 45 74 58 50 46 55 40 31 31 25 23 18 10 7 20 24 41 49 37 42 36 48 65 67 77 61 52 44 52 59 51 66 51 51 43 41 26 27 13 6 4 8 17 23 22 37 37 28 30 41 37 32
0 0 0 0 0 0 0 0 0 0 0 2 0 2 8 4 3 1 9 11 8 10 4 11 34 10 14 44 35 26 24 21 41 49 69 54 58 58 51 36 38 58 68 60 67 56 59 58 63 48 41 52 18 27 23 13 6 19 31 30 60 60 45 60 45 34 43 77 77 37 74 51 49 59 60 58 53 53 49 34 25 24 9 10 9 18 22 29 27 31 41 31 31 43 48 38
0 0 0 0 0 0 0 1 0 0 0 1 1 6 0 1 4 4 7 13 5 4 7 10 16 11 15 37 18 13 27 22 50 55 54 55 39 49 43 48 56 60 61 76 59 58 57 72 54 49 62 44 36 31 18 15 9 19 46 46 53 67 54 65 66 46 47 57 83 37 40 74 73 56 55 55 63 50 54 48 28 19 7 7 10 21 30 41 47 46 45 45 34 39 58 48
0 0 0 0 0 1 2 0 0 0 2 0 4 1 2 3 3 1 1 6 3 7 12 11 12 20 21 4 11 20 32 37 52 59 18 15 47 40 48 43 46 57 64 73 72 58 75 51 69 69 45 42 42 35 21 17 10 20 47 58 55 68 50 54 70 46 66 42 71 44 46 71 47 63 61 56 51 50 66 38 30 8 7 11 22 25 35 44 34 25 35 57 29 33 49 67
0 0 0 0 0 0 0 1 0 1 0 1 2 1 1 1 1 1 1 1 2 6 11 9 9 18 7 6 14 12 25 10 34 23 12 31 22 25 33 56 61 63 68 71 62 46 64 71 67 56 56 45 43 40 33 21 21 25 53 72 72 69 62 51 67 65 34 40 82 43 64 59 56 57 51 43 54 29 26 26 10 6 11 24 27 34 44 47 27 32 45 27 18 22 35 66
0 0 0 0 0 0 0 0 0 1 0 1 1 2 2 6 4 0 1 1 1 6 5 3 8 11 8 29 26 25 49 38 37 22 13 13 28 27 31 29 36 61 47 56 65 37 30 31 49 51 58 52 45 41 27 15 28 41 56 63 84 76 55 55 60 64 60 25 65 15 23 37 46 55 56 57 57 54 40 37 13 8 14 26 29 54 60 50 39 37 44 45 38 22 33 52
0 0 1 1 1 0 1 0 0 0 1 2 5 2 3 3 7 2 3 2 9 10 5 8 15 10 11 2 2 11 35 10 14 7 13 22 14 20 20 23 55 50 39 56 35 40 43 54 55 67 53 55 50 32 28 17 30 46 59 66 74 56 57 65 69 44 40 47 61 30 33 29 27 20 36 46 42 44 26 20 9 15 27 30 35 60 54 25 39 51 34 50 27 30 36 57
0 0 0 0 0 0 0 0 0 1 1 3 6 6 4 7 7 1 4 8 10 4 4 11 10 7 1 5 5 15 14 7 5 21 26 20 29 24 28 44 35 47 62 38 43 44 60 56 66 54 52 52 51 33 14 31 38 70 62 66 67 70 58 72 70 53 37 57 46 29 43 56 54 58 59 54 42 19 14 7 12 29 31 35 39 65 66 24 27 50 37 55 32 32 39 72
0 0 1 0 1 1 1 1 0 0 3 2 4 4 0 1 0 1 3 11 9 4 10 3 12 16 2 4 6 23 8 6 9 23 42 20 22 29 39 18 53 48 35 49 44 59 60 70 70 60 68 52 37 36 23 37 44 63 76 60 65 72 55 45 66 68 35 40 50 58 61 44 45 46 36 42 33 19 7 23 20 33 38 54 47 63 68 38 37 41 23 58 35 37 40 55
1 3 2 7 8 5 3 2 3 2 3 1 2 1 4 1 1 2 6 7 6 5 7 2 4 3 2 5 7 17 6 11 48 25 16 14 20 25 27 45 65 53 60 38 50 70 72 58 58 74 62 43 39 39 25 53 67 59 63 74 63 72 75 47 77 75 37 42 51 56 42 42 57 45 44 27 31 26 17 35 37 36 43 56 45 50 58 51 55 37 37 62 35 38 33 49
3 6 9 2 6 19 5 2 0 2 0 0 1 1 2 1 1 8 11 5 3 6 3 3 8 15 2 3 5 12 15 44 13 7 17 20 10 7 33 39 46 30 67 55 60 73 44 56 70 63 50 46 40 39 39 56 67 66 65 74 61 66 71 65 60 68 43 20 37 65 45 53 52 55 44 44 45 39 29 37 40 52 48 56 44 39 53 51 48 45 42 60 37 30 41 46
1 2 3 1 0 2 5 5 0 0 0 1 2 4 3 2 3 3 1 3 2 2 9 2 12 17 4 3 13 21 30 42 16 18 22 4 5 8 17 36 33 45 62 63 62 59 60 58 61 59 48 46 40 42 46 49 63 76 66 60 78 55 65 67 52 34 17 13 10 32 45 60 56 49 41 39 31 14 26 37 40 54 50 56 41 56 68 69 53 49 39 48 55 18 42 50
1 1 0 1 1 0 0 0 0 1 1 0 0 1 2 2 2 5 1 2 1 2 2 3 13 6 2 3 5 11 6 9 19 15 12 15 9 4 44 18 29 21 56 43 67 51 55 42 61 61 43 43 39 39 46 65 64 76 74 71 67 69 56 56 18 17 34 50 37 43 43 46 47 34 31 25 13 24 40 38 41 56 60 41 53 54 64 67 53 50 38 47 54 23 28 60
1 0 2 0 0 0 0 1 0 0 1 0 0 2 0 1 2 1 2 2 1 9 11 7 14 4 2 2 3 4 4 23 20 13 21 15 22 6 34 26 5 25 57 52 61 54 56 66 59 55 50 42 41 63 62 56 66 64 71 50 65 63 38 35 31 24 38 57 44 32 57 56 66 60 47 15 23 27 39 52 59 45 58 43 57 68 66 62 50 50 40 39 56 48 23 40
0 1 0 1 1 0 0 1 0 1 1 0 0 1 0 1 2 7 1 3 15 3 8 9 19 10 2 4 3 10 15 10 12 33 13 21 21 11 63 32 11 36 18 55 51 43 60 39 55 50 43 45 39 61 72 60 61 56 67 72 45 47 47 30 30 20 25 29 33 27 52 57 63 70 34 20 27 39 37 59 59 55 54 57 40 65 68 66 55 57 25 44 45 40 32 25
0 1 0 0 0 1 0 1 0 0 1 0 1 0 1 3 1 4 1 2 3 16 5 13 6 2 1 1 1 8 15 5 9 16 23 36 14 18 43 42 24 38 17 57 42 35 43 35 51 48 55 39 38 53 59 85 46 51 48 38 49 27 28 26 15 20 33 29 35 33 55 56 35 49 24 21 42 44 40 44 59 55 54 52 55 65 64 75 62 46 33 49 53 27 33 22
0 0 0 0 0 1 0 0 0 0 0 0 0 0 2 2 1 2 1 1 1 1 1 2 1 1 1 1 4 3 11 13 19 14 19 23 11 11 17 57 31 39 34 46 16 47 35 49 54 36 50 39 43 37 61 65 67 54 42 19 35 20 14 26 19 20 34 28 45 39 46 47 36 24 27 42 43 42 43 38 44 58 67 57 53 67 72 70 70 40 29 63 42 44 32 17
0 1 0 0 0 0 0 0 0 1 0 0 0 0 2 1 1 1 3 1 1 2 3 4 4 8 4 2 1 2 5 11 15 16 18 16 16 12 6 35 63 54 32 20 19 27 28 46 36 17 44 36 37 34 46 70 56 53 28 12 16 4 5 6 10 12 24 41 47 52 56 38 22 21 46 43 47 62 58 45 38 52 53 61 65 80 53 76 54 38 32 65 45 57 23 18
0 0 0 0 2 0 0 0 0 0 0 0 0 0 1 1 1 1 1 0 1 1 1 8 14 1 2 1 2 1 1 3 4 15 10 5 17 11 11 23 67 56 23 14 19 27 51 22 35 15 27 39 33 53 53 47 41 33 39 13 16 8 12 5 17 33 31 37 42 33 40 36 14 25 38 41 59 51 47 32 40 22 53 63 62 50 71 66 65 47 32 57 41 52 41 16
0 0 0 0 1 0 0 0 0 0 1 0 0 1 1 1 2 0 1 0 3 2 5 2 2 3 6 3 1 1 4 6 2 6 6 6 20 2 2 21 33 48 28 20 13 63 35 20 17 29 43 42 28 46 65 42 62 19 28 27 14 14 14 7 15 15 19 27 45 46 23 20 24 38 35 40 34 40 32 12 31 34 50 51 56 62 69 62 28 49 22 48 65 29 14 24
0 0 0 0 0 0 0 0 0 0 0 0 1 1 1 1 0 0 1 0 0 1 1 2 5 17 3 2 2 1 8 6 7 10 7 8 10 4 8 13 30 29 37 27 23 72 29 31 20 26 37 30 37 63 69 41 55 23 15 17 11 4 4 24 24 24 30 29 50 23 20 23 38 34 34 37 47 50 39 29 35 46 55 64 64 60 55 70 25 41 29 29 61 14 12 19
0 0 0 0 0 0 0 1 0 0 1 2 0 0 0 1 0 0 1 1 1 1 3 6 9 2 2 5 1 2 3 9 10 15 12 16 13 11 9 15 26 41 33 31 21 30 30 43 30 14 16 36 50 51 55 42 34 21 12 13 8 3 7 11 22 34 36 31 32 34 37 35 33 39 49 22 28 50 38 28 40 41 39 64 52 48 29 42 40 34 59 26 43 18 17 21
0 0 0 1 0 0 0 0 0 1 2 1 0 0 1 0 0 0 0 0 1 1 10 5 3 5 8 16 7 7 2 11 12 25 13 23 9 21 18 15 16 14 29 39 9 30 35 45 31 24 32 46 40 34 40 20 21 20 9 7 3 7 8 9 12 23 20 44 55 36 37 33 30 49 36 18 22 51 48 32 33 40 35 34 56 52 16 24 38 57 34 31 21 14 24 35
