sesion_6_simulaciones/modelos_agentes/ejemplos_netlogo/scenarios/echam4_a2/rob_2048.asc
NCOLS 322 
NROWS 307 
XLLCORNER 451900 
YLLCORNER 4086900 
CELLSIZE 100 
NODATA_value -9999 
[rows 146 to 218 of 307, columns 0 to 95 of 322]
0 0 0 1 1 0 7 1 2 0 7 13 3 11 4 6 12 7 5 1 1 0 0 0 1 1 0 0 0 0 0 0 0 1 2 2 1 2 5 9 8 11 17 21 2 15 15 17 17 10 10 23 30 14 7 6 11 26 23 21 15 41 31 24 13 27 30 33 58 53 45 71 51 67 59 73 77 71 78 69 43 67 78 63 44 47 67 40 70 79 66 67 64 65 63 78
2 4 9 2 9 1 0 1 3 2 11 14 10 43 16 15 32 16 3 4 1 2 0 0 0 0 1 0 0 0 0 0 1 2 0 1 2 2 2 2 3 6 11 28 16 9 17 10 16 13 13 11 9 38 56 25 22 19 18 21 32 30 38 20 29 35 50 28 49 59 41 57 64 61 76 52 65 62 76 68 25 38 50 61 37 10 15 31 71 68 69 75 40 47 35 70
0 5 3 3 6 10 8 4 2 1 2 35 22 25 22 27 45 28 19 30 8 13 3 1 0 0 0 0 0 0 1 0 0 1 0 1 0 1 1 1 6 6 6 5 11 5 14 14 8 16 8 12 24 7 16 28 25 13 8 28 36 39 31 25 36 48 54 29 37 67 64 55 33 43 65 77 27 23 22 37 35 30 14 20 57 43 15 10 36 31 25 31 48 43 27 51
2 6 5 7 12 15 10 18 17 3 5 18 25 41 44 55 64 30 33 30 30 22 3 8 1 0 0 0 0 0 2 1 0 0 0 0 0 1 1 1 3 2 1 4 8 41 18 14 6 7 6 16 18 17 5 5 6 3 25 19 17 52 32 22 33 57 52 51 54 66 35 17 14 51 37 35 63 15 17 43 39 23 31 23 11 49 23 14 10 18 8 38 23 50 31 14
1 0 2 15 7 24 18 3 10 20 8 14 63 65 64 36 68 54 50 56 33 7 4 3 3 1 0 1 0 1 0 2 1 2 2 2 1 2 2 2 1 1 3 16 32 17 11 9 7 6 7 10 10 10 22 16 21 22 25 26 39 50 25 22 55 52 62 71 48 10 53 32 30 47 69 27 34 10 4 11 26 27 20 34 15 19 42 27 13 17 10 7 15 18 27 9
0 1 1 1 2 1 2 2 4 3 12 5 17 52 54 47 75 71 62 9 3 3 8 6 14 7 2 0 0 0 0 1 9 7 7 13 18 2 1 2 5 9 25 23 6 8 4 8 5 4 11 10 11 10 13 11 27 28 30 33 54 44 42 27 52 73 56 45 77 36 17 55 58 31 39 13 27 46 22 10 13 22 26 14 21 11 17 42 32 17 14 7 5 15 20 19
4 1 1 1 1 1 2 3 4 6 4 16 9 5 4 4 6 5 9 10 6 20 18 15 31 5 18 3 3 3 2 2 8 0 0 0 2 17 1 1 7 3 8 12 10 20 21 29 12 6 11 12 16 14 4 14 19 50 26 47 52 57 69 87 83 67 60 36 41 84 38 32 32 40 24 7 12 13 43 26 13 15 28 22 14 20 14 16 37 13 10 9 3 4 10 9
5 4 3 2 2 1 2 5 1 2 11 9 8 13 9 9 6 16 23 33 58 32 58 23 19 8 7 5 4 13 6 1 0 1 1 0 1 1 6 1 1 27 3 6 10 6 3 7 18 10 19 25 24 18 6 12 19 36 61 49 76 63 76 77 75 77 67 21 37 67 73 53 36 23 33 22 16 12 25 16 25 17 16 24 16 14 11 11 46 26 7 6 7 3 10 12
20 8 19 10 7 6 10 2 2 2 3 6 8 25 27 8 3 13 41 43 60 78 47 66 34 18 29 24 9 9 34 15 4 1 1 1 4 3 3 7 1 16 4 5 14 2 4 7 5 24 29 40 51 38 37 19 25 39 63 60 42 35 73 77 74 64 69 49 36 52 79 27 37 22 15 13 23 8 22 41 16 24 21 11 11 9 10 8 15 10 19 6 4 3 2 4
35 26 35 14 23 12 10 14 2 1 4 3 20 15 6 19 14 12 10 44 61 52 43 53 35 22 31 23 10 3 11 51 37 19 12 3 4 5 5 8 3 17 36 9 13 8 4 4 5 10 10 13 29 8 12 41 26 51 37 21 19 22 26 54 50 19 29 18 48 61 58 52 29 24 30 11 11 16 17 29 25 14 20 16 9 9 8 8 7 7 10 11 7 4 2 2
14 33 22 44 52 28 10 40 5 2 3 4 4 6 17 20 13 22 16 9 14 44 53 14 21 39 14 36 16 3 3 4 22 48 31 11 7 5 4 7 7 21 44 7 10 11 10 14 17 20 21 28 19 20 23 21 36 63 46 42 48 45 21 14 8 27 24 26 19 33 35 56 60 32 16 10 12 15 19 24 26 39 10 13 7 6 6 3 5 8 6 2 11 4 1 2
49 67 44 67 49 12 33 59 10 9 11 4 17 38 31 13 31 22 23 11 14 14 11 44 23 7 10 38 41 10 9 6 5 41 43 30 32 22 18 28 23 12 47 39 11 8 12 16 17 19 30 50 21 34 41 22 15 36 45 36 32 23 12 22 23 7 3 16 38 41 44 57 28 32 15 14 18 17 26 19 22 17 21 8 6 6 2 2 3 3 5 3 4 5 2 1
32 73 24 73 25 54 51 57 7 18 20 9 7 5 19 22 25 54 50 60 17 11 15 17 16 13 17 60 17 60 15 29 21 44 15 31 31 64 28 20 28 14 40 45 51 11 10 8 24 15 19 15 12 29 37 18 32 67 65 71 30 41 48 38 35 16 14 22 29 30 30 41 31 18 29 8 15 23 21 23 13 10 12 11 3 2 1 0 1 2 3 4 4 3 4 2
8 63 42 57 57 64 59 15 21 38 31 17 13 10 10 7 11 23 25 59 33 8 14 19 52 48 38 47 15 56 58 15 18 25 53 58 44 66 80 35 30 9 18 47 46 33 24 14 25 6 5 10 35 35 23 20 28 24 19 22 18 32 53 47 46 33 32 31 22 28 29 26 19 27 7 13 12 16 10 7 8 6 5 7 10 6 3 6 3 2 1 2 3 3 2 1
10 9 7 46 61 59 17 21 53 27 43 53 34 23 10 15 21 22 30 16 27 46 40 13 42 44 49 55 60 25 78 71 29 11 34 76 71 52 42 59 58 11 24 53 67 70 22 16 18 19 13 12 59 25 76 75 74 58 80 66 44 24 32 31 33 29 32 34 29 17 18 27 22 23 12 18 9 9 9 11 5 5 4 8 4 3 4 4 2 3 3 1 1 2 1 0
9 45 26 19 12 35 27 65 66 38 38 49 17 32 8 21 15 18 30 21 27 29 30 13 56 63 54 78 70 53 71 82 73 41 32 9 27 52 35 17 23 15 9 76 74 66 45 48 31 53 74 83 68 40 36 68 59 32 35 54 54 36 44 34 32 25 23 38 30 13 16 16 19 18 11 13 11 11 6 6 4 4 2 3 3 2 3 2 1 1 1 1 0 1 0 1
23 30 20 40 32 14 50 79 65 71 10 37 55 49 65 27 46 18 15 14 17 8 36 60 81 56 80 86 69 69 45 59 77 48 45 22 52 70 78 83 65 40 23 32 78 61 44 83 43 48 74 72 79 43 27 77 84 52 38 27 66 66 25 53 36 33 21 24 22 16 20 16 14 11 9 11 9 7 6 2 2 2 2 2 3 1 2 1 1 1 1 0 0 0 0 0
18 19 49 25 21 8 40 67 47 75 23 35 66 51 71 44 23 34 25 39 44 49 15 50 65 72 81 83 57 81 64 80 72 74 71 74 66 75 80 70 14 52 59 25 10 48 49 67 48 45 68 63 66 69 36 43 72 89 59 43 54 32 34 32 38 48 46 36 22 12 22 11 8 7 6 3 6 3 1 1 1 2 1 1 1 0 1 0 0 1 0 1 1 1 1 1
16 12 6 20 30 31 12 77 23 23 25 41 48 10 37 50 27 30 25 60 59 31 32 18 55 83 76 82 61 86 71 74 69 61 72 72 83 77 76 81 75 51 18 15 6 9 54 59 39 16 28 65 71 74 72 79 82 79 86 45 31 37 34 41 37 37 47 21 15 24 11 8 7 6 2 1 1 1 3 3 4 2 1 1 1 2 4 3 5 1 3 7 3 5 5 3
6 14 32 25 15 11 13 32 39 35 59 53 61 61 25 49 32 51 16 13 33 69 41 26 12 33 38 69 68 39 15 19 15 32 31 34 74 57 61 73 73 59 42 16 5 9 49 48 37 30 22 19 43 75 75 67 53 54 79 73 34 23 33 33 37 33 18 26 14 6 6 8 6 4 3 2 1 1 1 1 2 4 3 5 8 14 13 13 7 5 6 13 12 18 17 6
12 9 11 10 20 15 19 18 19 17 35 65 65 71 16 14 25 57 58 35 29 24 46 15 28 36 27 30 17 25 40 29 42 38 61 36 30 27 25 25 21 36 25 11 11 14 36 40 51 29 30 28 6 42 37 49 51 60 42 55 51 27 52 49 42 24 22 13 12 8 7 7 3 1 3 3 1 1 1 3 14 16 10 18 22 25 23 32 21 23 47 46 23 35 18 10
6 8 12 32 28 31 29 23 27 27 39 8 13 17 28 35 23 16 61 62 53 29 32 11 29 54 51 42 28 31 50 59 31 60 31 25 26 34 35 33 21 14 19 17 30 29 53 49 51 42 26 13 16 16 22 48 21 16 14 41 24 33 32 19 27 14 9 12 11 5 4 2 3 2 4 4 5 1 12 14 28 28 28 35 36 57 52 37 34 41 14 6 10 8 9 25
10 14 30 15 18 24 25 17 31 53 15 19 40 38 20 40 7 11 16 25 32 24 19 20 33 27 42 36 59 21 51 38 32 39 28 25 35 58 26 55 33 17 13 10 11 20 29 46 36 37 22 36 35 22 32 29 28 23 27 36 53 45 28 9 13 12 10 4 5 3 3 16 17 9 9 14 5 9 23 44 60 47 47 70 61 55 55 36 47 44 19 5 2 2 5 17
25 49 46 55 21 20 22 18 33 40 23 25 38 37 31 17 22 20 39 38 24 28 37 21 31 27 23 43 24 26 41 36 40 33 23 27 21 44 21 54 38 28 20 8 4 3 17 20 67 61 34 28 61 32 16 39 46 59 52 40 46 24 15 9 10 7 3 3 9 8 17 28 35 14 20 25 13 27 51 56 70 83 50 76 56 53 41 42 36 31 20 14 3 2 2 3
8 8 5 7 10 10 34 28 45 23 28 15 26 45 16 7 14 20 22 19 11 9 8 20 28 23 18 24 28 34 33 35 19 26 20 9 31 22 36 53 28 32 45 20 22 10 7 21 25 49 32 44 34 17 20 33 36 30 22 13 11 8 4 2 3 1 8 19 30 23 37 49 47 31 44 31 18 36 60 61 84 68 52 45 29 6 6 24 10 12 9 4 4 1 1 5
10 18 13 25 19 27 16 25 28 26 9 13 22 26 33 30 36 15 14 14 18 5 9 27 51 39 24 20 31 18 15 33 65 32 20 13 30 18 55 17 43 25 33 28 17 9 14 17 11 24 34 28 13 21 21 18 45 18 11 9 5 15 15 24 9 17 27 44 42 40 40 56 40 39 46 40 32 46 63 73 73 56 34 27 18 9 8 8 14 4 3 3 2 1 1 1
7 9 9 20 34 8 9 13 13 21 18 12 34 24 55 34 25 42 32 23 51 22 28 24 43 51 23 45 15 23 32 23 54 54 31 21 23 35 35 15 18 17 27 32 12 21 14 9 10 15 17 24 21 21 23 20 11 5 5 21 19 35 35 35 24 26 44 50 65 63 45 60 60 60 47 58 57 61 64 66 58 70 43 25 13 14 8 4 20 8 3 1 0 1 1 2
10 6 11 17 8 9 9 20 28 20 26 35 31 22 19 19 61 58 32 35 36 28 42 19 27 43 51 33 16 17 13 17 20 18 29 41 11 15 40 34 28 34 24 16 26 18 18 17 11 16 19 21 34 26 15 12 15 22 29 47 41 39 52 40 31 48 51 51 66 49 56 66 76 46 51 57 64 70 80 58 28 22 25 29 18 11 6 3 3 3 2 1 1 0 1 1
7 12 13 10 5 33 26 18 42 57 63 56 51 60 29 16 20 43 34 45 10 28 51 22 28 23 38 51 30 47 29 24 19 20 37 51 19 32 38 45 37 8 9 17 13 17 9 8 16 21 22 37 28 21 27 17 25 28 50 46 41 41 54 42 37 46 55 40 68 61 47 74 60 46 54 74 64 68 30 82 57 55 25 16 18 12 7 7 2 1 1 1 0 0 0 0
6 7 10 7 5 6 11 21 22 32 43 63 48 46 58 17 29 27 18 17 20 45 50 28 15 18 10 26 16 22 17 19 29 27 43 36 19 35 44 41 30 14 6 6 12 13 16 29 16 17 33 24 19 39 24 22 33 52 51 57 49 48 49 37 40 65 65 52 69 65 64 64 80 77 59 63 71 68 29 25 50 59 39 28 11 7 7 7 3 2 1 0 0 1 1 0
5 5 21 5 17 4 9 9 20 27 9 12 11 12 19 31 30 27 56 22 34 49 27 34 8 32 13 34 14 11 18 22 22 21 28 23 25 25 34 36 27 13 4 10 13 14 20 22 21 22 24 39 27 23 22 37 48 46 44 48 45 34 53 49 51 69 64 66 65 85 75 68 63 75 27 27 19 53 57 35 20 40 24 14 10 7 8 2 1 3 2 1 1 0 0 0
5 18 14 42 4 42 35 4 18 12 25 14 36 22 29 24 28 20 20 22 13 32 13 20 15 10 13 16 8 20 23 18 18 21 22 15 20 14 21 33 23 18 19 25 34 14 25 16 32 43 39 54 39 25 38 42 44 53 34 40 61 47 59 63 52 68 54 75 37 56 83 80 77 65 75 57 41 18 13 28 21 13 28 22 18 12 9 14 4 1 1 1 1 0 0 0
35 15 6 16 32 15 8 17 15 19 9 23 14 13 36 17 20 4 18 26 21 8 13 17 11 6 10 4 7 4 6 13 12 36 9 11 12 18 17 7 13 24 9 14 12 23 10 23 36 49 44 43 37 36 34 54 43 51 49 42 51 59 48 54 64 70 49 49 79 37 77 80 59 76 79 82 65 60 57 40 34 23 9 5 11 15 8 8 3 2 1 0 1 0 0 0
21 62 20 32 6 11 8 15 9 9 25 7 12 29 40 48 52 15 15 33 15 10 4 7 15 4 6 5 5 3 4 12 15 16 6 9 9 9 28 20 12 23 11 43 21 21 24 19 40 46 32 30 32 32 31 37 58 51 45 66 62 72 53 48 61 25 43 42 41 54 40 72 48 61 76 80 80 87 71 56 57 63 61 35 9 7 8 7 3 1 1 0 0 0 0 0
7 15 9 10 20 21 10 8 9 10 18 9 28 11 9 11 8 14 14 19 30 7 14 9 9 4 4 2 3 5 6 10 7 6 7 6 8 17 25 18 11 10 22 43 10 31 23 26 32 52 24 28 29 30 29 36 49 58 43 57 70 42 40 72 73 65 47 33 21 8 19 21 36 36 65 73 67 72 76 56 74 59 48 18 12 13 11 6 6 2 1 1 0 0 0 0
6 8 18 13 12 14 10 6 2 11 1 2 8 10 39 19 33 11 11 12 18 7 5 8 6 5 7 3 2 2 6 4 5 10 2 2 5 18 10 10 6 13 14 24 21 18 23 25 33 26 17 29 23 23 36 25 49 61 66 55 58 70 28 12 11 17 23 44 39 29 16 13 7 20 33 59 49 71 82 44 60 76 45 26 19 9 8 7 4 2 1 1 1 0 0 0
3 20 10 6 7 8 5 3 2 2 3 4 4 13 15 11 16 14 14 15 8 15 4 11 5 5 9 1 2 4 2 3 7 4 6 9 11 22 3 3 7 15 14 21 18 12 15 17 22 13 27 41 31 40 41 36 53 47 47 31 35 61 23 24 46 62 68 54 53 41 36 47 17 6 12 42 38 65 75 62 44 43 38 26 15 12 11 6 5 3 2 2 1 0 0 0
3 6 6 6 7 5 4 2 1 0 1 3 6 3 5 9 9 11 3 2 1 2 3 2 1 7 4 2 3 2 1 1 4 2 1 3 6 7 6 7 8 8 17 22 8 10 14 13 22 25 44 68 50 70 65 80 64 53 59 34 24 9 65 46 17 54 70 53 57 59 61 43 22 19 9 10 12 28 62 35 25 13 9 16 5 10 4 3 3 4 3 2 1 1 0 0
6 1 2 5 1 3 1 0 0 0 0 0 1 1 6 2 2 2 4 2 1 1 1 1 1 1 1 2 3 1 0 1 1 2 2 1 5 4 2 5 9 25 48 67 42 43 28 27 26 16 70 32 76 68 51 61 38 41 57 69 22 19 20 78 31 31 46 68 51 44 67 70 74 45 31 12 6 3 4 4 5 6 4 10 10 3 3 1 1 3 1 2 1 1 0 0
0 0 1 1 1 1 0 0 0 1 2 0 0 1 1 2 2 1 2 1 1 1 1 1 0 0 1 1 1 0 0 0 0 4 16 16 19 31 44 46 49 66 35 69 53 60 62 11 34 56 26 26 58 52 60 64 41 68 72 52 47 32 15 52 72 27 10 36 64 75 63 60 35 34 41 32 14 5 7 2 6 6 5 3 8 7 2 2 1 1 1 0 1 0 0 0
0 0 1 0 0 0 1 8 14 2 3 2 8 0 0 1 1 1 1 1 0 0 0 0 0 0 2 3 3 0 0 1 1 1 1 12 24 44 33 41 42 65 41 43 66 66 65 26 20 25 76 51 22 48 19 33 31 67 81 62 55 42 28 31 83 39 38 19 43 59 81 26 13 25 27 44 32 24 19 10 5 4 2 2 3 6 3 1 1 0 1 1 0 0 0 0
1 1 1 1 2 6 8 3 5 6 7 2 3 2 1 0 0 0 0 0 0 0 3 2 5 5 2 1 2 1 0 3 2 1 2 3 6 39 45 50 38 33 27 27 57 71 81 80 26 30 50 57 36 23 48 15 49 54 78 72 23 35 27 15 80 58 27 25 26 76 76 85 47 37 27 17 13 10 7 7 11 10 4 1 2 1 4 2 1 1 0 1 1 0 0 0
4 3 1 14 7 10 13 23 19 17 5 5 7 2 1 0 0 0 0 0 0 0 0 0 1 2 5 4 1 1 1 1 2 4 1 3 11 32 45 62 45 24 16 25 39 73 82 82 85 81 28 39 36 36 25 15 35 59 68 72 27 34 39 31 56 86 60 40 24 14 18 46 21 25 17 37 24 9 6 4 4 4 5 4 2 0 1 2 1 1 0 1 0 0 0 0
4 8 10 11 20 19 28 13 34 28 13 23 15 5 18 8 6 2 1 0 0 0 0 0 0 1 1 7 1 1 2 1 4 3 6 7 7 7 4 3 46 45 15 31 22 28 56 62 80 86 76 46 48 61 38 52 35 65 77 63 67 25 45 39 29 81 89 70 50 20 12 14 46 30 18 15 23 24 9 6 3 3 3 4 3 1 0 1 1 1 1 0 0 0 0 0
0 1 2 17 30 21 56 63 61 61 40 33 16 24 40 24 8 4 6 2 1 0 1 1 1 2 7 2 1 2 1 4 9 4 7 12 11 11 9 9 9 20 19 19 13 29 64 38 69 79 88 54 48 47 61 57 12 58 72 69 66 50 38 33 20 73 80 83 56 52 11 5 33 53 23 6 8 5 11 3 4 3 3 2 3 1 1 1 1 1 1 0 0 0 0 0
2 3 4 34 39 57 65 60 56 75 79 44 51 48 47 33 15 20 12 7 2 0 1 3 7 25 19 3 1 2 3 5 3 6 4 8 11 16 21 13 9 10 10 8 25 30 48 41 14 65 79 85 47 37 48 24 20 17 46 55 85 78 22 26 47 57 57 79 33 48 36 7 8 32 23 14 8 8 10 8 4 3 1 1 1 1 1 0 0 1 1 0 0 0 0 0
1 1 2 2 2 4 16 26 29 12 39 69 82 69 60 27 23 40 16 11 15 1 2 1 1 2 20 31 4 1 3 5 4 12 10 7 13 15 25 15 23 33 27 21 17 10 58 60 45 32 57 77 64 35 16 15 36 14 22 53 49 46 35 28 31 46 27 75 29 37 26 28 4 14 17 22 16 11 10 8 6 3 1 1 0 1 1 0 0 0 0 0 0 0 0 0
0 1 2 8 11 17 56 21 23 17 22 20 62 80 81 58 48 45 15 24 7 13 4 11 8 3 2 3 6 3 1 5 9 21 6 8 6 12 24 22 19 22 16 19 32 31 30 12 40 66 37 48 15 19 10 26 22 32 25 27 51 58 43 35 15 18 18 61 64 20 10 20 18 4 9 7 15 6 4 3 3 2 2 2 0 1 0 0 1 0 0 0 0 0 0 0
0 1 1 1 4 4 12 15 12 24 13 4 13 39 64 76 73 18 4 4 5 20 10 18 10 9 6 2 3 5 4 34 22 8 37 15 16 19 24 16 22 37 48 35 43 29 37 21 24 22 70 46 38 26 19 15 26 31 24 27 46 64 46 28 26 18 29 46 64 43 17 8 24 13 8 2 3 7 6 4 2 1 2 2 1 0 0 0 0 0 0 0 0 0 0 0
2 0 1 2 7 10 6 7 10 16 23 16 38 14 14 21 29 14 6 11 25 4 7 15 44 43 5 6 4 35 14 13 42 32 51 17 61 25 18 18 22 24 24 37 30 35 36 26 27 30 29 40 27 27 31 25 21 29 16 8 16 25 38 33 35 23 20 26 36 42 21 22 24 12 13 5 2 6 5 2 2 1 1 1 0 0 0 0 0 0 0 0 0 0 0 0
10 2 8 2 3 6 6 11 17 27 17 22 7 23 36 19 25 17 7 15 3 14 16 10 5 14 16 27 26 5 12 31 27 11 17 19 9 47 16 24 25 33 16 24 17 19 19 29 35 38 23 12 41 45 32 41 25 21 20 19 11 19 39 22 19 19 11 14 23 39 10 13 10 6 7 5 2 2 3 4 2 1 1 1 0 0 0 0 0 0 0 0 0 0 0 0
17 15 1 1 6 2 19 39 7 8 20 19 16 37 13 25 9 7 4 3 6 11 11 14 12 8 11 14 7 13 5 38 16 33 26 44 8 19 35 12 18 33 26 39 38 15 23 28 23 37 18 30 8 21 18 50 18 24 19 30 20 19 7 8 5 2 2 4 9 9 6 2 8 6 4 7 6 3 3 2 1 1 1 1 0 0 0 0 0 0 0 0 0 0 0 0
18 14 40 5 4 19 2 2 26 26 6 24 9 34 13 23 18 8 7 15 23 28 13 6 15 19 14 19 44 44 28 7 7 12 29 19 17 5 49 29 29 23 11 17 36 32 22 14 27 36 27 9 43 29 19 47 30 12 19 10 9 16 8 6 2 2 1 1 5 10 8 3 2 5 5 7 5 3 6 2 1 1 1 0 0 0 0 0 0 0 0 0 0 0 0 0
7 19 31 16 2 2 16 6 2 6 15 11 5 9 23 13 7 4 7 10 20 19 42 28 22 22 21 20 55 65 33 20 9 22 35 26 42 18 5 51 21 32 31 28 16 16 22 31 27 31 14 6 14 7 6 22 15 13 11 5 7 12 8 6 5 2 1 1 1 3 4 3 6 5 6 8 8 4 2 2 1 0 0 0 0 0 0 0 0 0 0 0 0 0 0 0
28 16 48 21 32 9 3 40 7 14 41 10 25 19 9 30 8 6 7 6 6 17 27 26 24 31 28 28 42 72 71 46 19 16 60 43 44 29 12 26 63 22 21 54 34 35 26 34 36 20 12 5 4 7 6 7 13 10 5 4 3 4 5 8 3 3 1 1 1 0 1 2 2 1 2 2 3 4 2 1 1 1 0 0 0 0 0 0 0 0 0 0 0 0 0 0
33 24 16 37 14 19 26 8 53 27 43 61 34 42 26 12 11 10 12 34 12 28 51 37 27 29 33 25 16 21 64 52 33 24 23 55 33 24 18 12 18 46 16 14 17 20 24 34 51 31 41 14 9 7 5 4 6 4 4 11 4 2 2 2 1 1 1 1 0 0 0 0 0 0 1 2 1 1 1 1 1 0 0 0 0 0 0 0 0 0 0 0 0 0 0 0
12 46 34 44 32 40 55 42 22 18 9 6 14 10 13 37 22 12 27 6 45 17 56 62 28 32 37 24 14 6 13 41 58 33 12 35 43 19 41 30 23 13 37 39 22 21 37 26 39 21 42 18 8 6 5 4 3 3 2 4 5 2 1 1 0 0 1 1 0 0 0 0 0 0 0 0 0 0 1 0 0 0 0 0 0 0 0 0 0 0 0 0 0 0 0 0
10 11 3 20 22 3 6 4 23 15 34 32 34 37 17 20 36 31 28 23 18 14 52 78 51 43 41 43 24 7 7 8 52 32 36 29 50 16 42 46 32 15 12 38 27 36 28 26 34 15 4 6 10 9 8 6 2 1 1 0 1 1 1 0 1 0 1 0 0 0 0 0 0 0 0 0 0 0 1 0 0 0 0 0 0 0 0 0 0 0 0 0 0 0 0 0
8 13 9 4 5 12 9 8 9 23 13 21 16 9 17 35 13 10 18 35 19 68 38 63 67 46 56 45 47 21 9 12 9 27 35 38 47 20 44 27 32 33 25 20 36 24 26 41 34 26 17 8 10 5 4 4 2 1 0 0 0 0 0 0 0 0 0 0 0 0 0 0 0 0 0 0 0 0 0 0 0 0 0 0 0 0 0 0 0 0 0 0 0 0 0 0
15 11 11 5 11 22 11 7 14 15 6 11 15 7 17 25 16 20 12 16 56 39 28 26 73 43 16 14 15 10 12 5 14 6 13 19 82 62 29 41 29 15 25 28 17 30 19 21 43 40 32 14 8 4 3 2 1 0 0 1 2 2 1 1 1 1 0 0 0 0 0 0 0 0 0 0 0 0 0 0 0 0 0 0 0 0 0 0 0 0 0 0 0 0 0 0
6 4 5 3 1 5 5 7 3 2 11 9 14 4 9 17 10 19 28 64 37 26 39 53 74 61 25 18 19 23 20 22 8 12 14 9 6 9 27 26 18 33 14 26 21 34 35 23 43 25 31 26 14 7 3 1 1 1 1 2 4 6 7 4 1 1 1 1 0 0 0 0 0 0 0 0 0 0 0 0 0 0 0 0 0 0 0 0 0 0 0 0 0 0 0 0
3 2 4 1 4 3 3 2 1 1 2 4 8 8 7 9 8 20 25 17 21 24 12 6 14 13 10 15 36 39 22 46 35 14 11 8 9 9 7 21 17 35 26 13 34 23 36 27 24 13 17 14 8 6 2 2 1 2 4 7 9 8 5 5 3 1 1 2 1 1 1 1 0 0 0 0 0 0 0 0 0 0 0 0 0 0 0 0 0 0 0 0 0 0 0 0
3 2 3 0 2 1 4 8 22 19 16 1 2 7 7 3 7 20 45 28 38 13 21 15 11 15 41 24 27 35 49 35 23 24 28 6 3 5 9 13 11 19 28 29 30 28 18 14 30 13 9 7 5 3 4 6 3 8 12 9 13 11 10 7 5 4 3 5 5 3 2 1 0 0 1 0 0 0 0 0 0 0 0 0 0 0 0 0 0 0 0 0 0 0 0 0
1 1 0 0 5 5 1 12 35 43 24 25 10 3 7 11 12 28 31 15 9 13 29 22 18 20 33 16 8 23 22 15 7 14 26 16 7 6 12 7 5 9 10 11 18 18 18 11 18 12 6 3 5 7 11 11 10 13 17 17 10 15 17 12 17 6 8 6 7 6 1 1 0 0 1 0 1 0 0 0 0 0 0 0 0 0 0 0 0 0 0 0 0 0 0 0
0 1 3 4 5 4 12 9 3 13 35 34 25 39 41 35 63 29 25 35 9 6 27 15 20 29 17 15 9 13 22 23 23 19 27 14 10 22 24 8 5 22 11 17 12 7 18 8 8 5 5 7 12 22 21 24 17 15 15 17 12 24 25 30 28 17 11 9 8 5 3 2 4 2 1 1 0 0 0 0 0 0 0 0 0 0 0 0 0 0 0 0 0 0 0 0
2 0 0 2 15 13 22 57 50 28 31 59 49 36 63 43 76 76 71 48 19 39 5 7 7 7 26 30 31 43 14 54 54 26 10 13 5 17 17 9 27 13 13 11 14 9 11 9 7 7 14 15 31 46 43 29 38 21 25 24 17 32 31 34 25 20 15 12 12 10 7 1 1 0 0 0 1 0 0 0 0 0 0 0 0 0 0 0 0 0 0 0 0 0 0 0
3 4 12 2 2 15 36 53 64 23 22 69 28 28 60 38 36 18 34 52 14 25 16 13 9 16 22 32 32 52 25 16 17 40 22 20 8 30 15 14 20 28 23 22 24 35 33 25 7 26 40 36 41 56 60 54 27 17 49 33 26 33 34 25 36 35 6 23 23 10 6 4 2 1 0 1 2 1 0 0 0 0 0 0 0 0 0 0 0 0 0 0 0 0 0 0
16 4 7 27 11 5 6 14 18 56 14 58 32 36 55 23 9 15 29 17 13 7 19 10 17 29 30 15 11 35 24 17 9 7 11 9 24 28 13 10 42 44 25 53 45 25 24 13 13 34 55 50 50 78 46 39 36 20 63 32 28 35 49 50 38 27 22 26 11 5 5 3 3 3 1 1 2 1 1 0 0 0 0 0 0 0 0 0 0 0 0 0 0 0 0 0
37 36 9 30 31 50 47 25 9 11 38 74 59 15 63 21 25 17 30 18 9 8 29 13 26 22 25 23 20 16 11 14 15 23 27 18 34 7 13 24 40 41 54 57 37 19 11 19 37 30 47 65 76 46 34 45 44 27 70 37 63 29 53 30 28 58 36 18 24 10 5 5 12 11 2 0 1 2 1 0 0 0 0 0 0 0 0 0 0 0 0 0 0 0 0 1
30 45 51 37 45 75 55 79 55 7 29 63 7 19 49 40 27 11 45 7 7 7 16 9 39 27 15 12 13 4 3 14 26 17 38 13 43 10 31 28 57 59 68 34 32 23 21 41 50 45 42 66 65 43 51 64 55 39 74 70 45 54 46 56 70 48 37 29 16 7 8 30 12 1 2 2 1 1 1 0 0 0 0 0 0 0 0 0 0 0 0 0 0 0 0 1
44 64 63 70 70 70 77 81 65 32 27 27 34 10 48 33 23 15 9 6 6 9 24 12 19 17 16 33 25 25 27 29 19 9 13 25 57 27 32 40 66 67 52 34 20 34 35 64 69 49 43 63 51 37 51 73 39 64 66 63 70 35 47 79 75 50 38 21 25 27 15 13 6 5 4 1 1 1 1 0 0 0 0 0 0 0 0 0 0 0 0 0 0 0 1 4
6 62 77 59 76 26 56 70 70 68 58 63 43 9 50 70 41 13 17 12 6 15 21 13 11 16 27 8 11 13 5 12 9 26 56 34 52 23 24 40 65 47 29 15 30 53 47 51 74 55 58 62 30 54 71 64 32 61 46 75 63 68 75 66 54 34 40 20 9 4 3 2 1 1 0 0 0 0 0 0 0 0 0 0 0 0 0 0 0 0 0 0 0 0 1 2
17 19 40 14 7 8 14 12 18 8 12 26 58 15 9 46 62 43 31 24 12 11 7 10 26 7 15 16 41 38 8 19 23 28 66 63 72 37 25 50 45 24 16 35 56 55 48 50 73 50 63 74 63 62 78 61 63 37 62 68 47 70 59 25 12 13 8 13 23 17 15 9 10 3 1 0 0 0 0 0 0 0 0 0 0 0 0 0 0 0 0 0 0 1 3 3
