sesion_6_simulaciones/modelos_agentes/ejemplos_netlogo/scenarios/echam4_a2/rob_2076.asc
NCOLS 322 
NROWS 307 
XLLCORNER 451900 
YLLCORNER 4086900 
CELLSIZE 100 
NODATA_value -9999 
[rows 148 to 221 of 307, columns 192 to 287 of 322]
4 13 11 25 39 47 55 62 73 45 66 43 10 5 2 1 0 0 0 0 0 0 0 0 0 0 0 0 0 0 0 0 0 0 0 0 0 0 0 0 0 0 1 1 1 3 3 6 4 11 7 5 4 6 6 4 2 3 12 15 54 55 38 66 63 65 69 46 42 80 53 68 53 24 28 78 42 56 61 47 31 22 8 2 2 0 0 0 0 0 0 0 0 0 0 0
0 3 9 27 22 33 40 60 59 64 41 16 10 5 1 0 0 0 0 0 0 0 0 0 0 0 0 0 0 0 0 0 0 0 0 0 0 0 0 0 0 0 0 1 1 2 2 3 5 4 4 3 2 3 1 0 1 5 9 26 19 33 68 71 41 62 79 78 57 69 80 76 74 35 37 70 42 55 38 22 27 11 7 3 1 1 0 0 0 0 0 0 0 0 0 0
1 0 3 8 13 17 34 38 41 59 24 14 8 2 1 0 0 0 0 0 0 0 0 0 0 0 0 0 0 0 0 0 0 0 0 0 0 0 0 0 0 1 4 2 4 3 1 1 3 2 2 1 1 1 0 0 2 4 8 15 12 22 55 51 41 60 42 47 76 85 80 68 60 46 38 63 54 22 11 9 3 3 2 1 1 1 0 0 0 0 0 0 0 0 0 0
1 0 0 1 1 9 12 10 26 44 19 15 13 2 0 0 0 0 0 0 0 0 0 0 0 0 0 0 0 0 0 0 0 0 0 0 0 0 0 0 0 2 1 1 1 1 1 0 0 1 1 1 0 0 0 1 3 5 7 6 13 33 26 42 53 44 28 49 50 36 57 72 59 47 75 56 44 21 20 12 2 1 2 1 1 1 0 0 0 0 0 0 0 0 0 0
3 0 0 0 1 1 2 5 28 27 46 20 14 3 0 0 0 0 0 0 0 0 0 0 0 0 0 0 0 0 0 0 0 0 0 0 0 0 0 1 1 1 1 1 0 0 0 0 0 0 0 0 0 0 0 1 2 2 4 9 18 16 13 12 35 20 30 36 28 36 33 59 60 59 56 58 38 35 27 10 10 7 10 3 2 1 1 1 0 0 0 0 0 0 0 0
2 0 0 0 0 0 0 4 11 6 32 29 13 3 0 0 0 0 0 0 0 0 0 0 0 0 0 0 0 0 0 0 0 0 0 1 0 0 0 1 1 0 0 1 1 0 0 0 0 0 0 0 0 0 0 0 1 2 2 6 20 10 11 7 9 19 22 17 37 41 46 39 45 56 40 34 40 51 50 41 32 13 7 9 3 2 1 0 0 0 0 0 0 0 0 0
2 0 0 0 0 0 0 3 2 2 12 12 4 2 0 0 0 0 0 0 0 0 0 0 0 0 0 0 0 0 0 0 0 0 0 0 1 1 1 1 0 0 0 0 0 0 0 0 0 0 0 0 0 0 0 0 1 1 2 3 2 3 5 6 5 12 23 17 10 20 31 29 39 55 46 44 19 15 22 22 25 10 6 3 2 1 1 1 0 0 0 0 0 0 0 0
1 0 0 0 0 0 0 1 1 2 5 6 2 0 0 0 0 0 0 0 0 0 0 0 0 0 0 0 0 0 0 0 0 0 0 0 1 0 1 1 0 0 0 0 0 0 0 0 0 0 0 0 0 0 0 1 1 1 3 2 1 1 2 3 5 4 7 8 21 27 30 43 45 60 29 34 41 16 10 5 3 3 1 1 1 1 1 1 0 0 0 0 0 0 0 0
0 0 0 0 0 0 0 0 0 1 1 1 0 0 0 0 0 0 0 0 0 0 0 0 0 0 0 0 0 0 0 0 0 0 0 0 1 0 0 0 0 0 0 0 0 0 0 0 0 0 0 0 0 0 0 0 1 1 1 0 0 1 5 16 15 10 17 37 50 46 55 40 68 66 57 70 54 28 21 16 17 5 2 1 0 1 1 0 0 0 0 0 0 0 0 0
0 0 0 0 0 0 0 0 0 0 0 0 0 0 0 0 0 0 0 0 0 0 0 0 0 0 0 0 0 0 0 0 0 0 0 0 0 0 0 0 0 0 0 0 0 0 0 0 0 0 0 0 0 0 0 0 0 0 0 0 0 2 6 18 16 26 16 38 48 56 35 25 35 36 71 43 24 24 41 42 19 8 5 2 2 3 1 0 0 0 0 0 0 0 0 0
0 0 0 0 0 0 0 0 0 0 0 0 0 0 0 0 0 0 0 0 0 0 0 0 0 0 0 0 0 0 0 0 0 0 0 0 0 0 0 0 0 0 0 0 0 0 0 0 0 0 0 0 0 0 0 0 0 0 0 1 1 5 7 8 14 25 28 32 30 36 73 45 42 46 61 43 67 55 42 43 27 15 6 2 1 1 1 0 0 0 0 0 0 0 0 0
0 0 0 0 0 0 0 0 0 0 0 0 0 0 0 0 0 0 0 0 0 0 0 0 0 0 0 0 0 0 0 0 0 0 0 0 0 0 0 0 0 0 0 0 0 0 0 0 0 0 0 0 0 0 0 0 0 0 1 2 4 7 6 13 23 33 18 45 41 52 42 27 57 60 76 70 44 22 12 10 5 4 2 0 1 1 0 1 0 0 0 0 0 0 0 0
0 0 0 0 0 0 0 0 0 0 0 0 0 0 0 0 0 0 0 0 0 0 0 0 0 0 0 0 0 0 0 0 0 0 0 0 0 0 0 0 0 0 0 0 0 0 0 0 0 0 0 0 0 1 0 0 0 0 1 5 10 7 12 27 26 18 22 20 19 31 40 29 28 29 62 57 57 53 15 10 7 2 0 1 1 1 1 0 1 1 0 0 0 0 0 0
0 0 0 0 0 0 0 0 0 0 0 0 0 0 0 0 0 0 0 0 0 0 0 0 0 0 0 0 0 0 0 0 0 0 0 0 0 0 0 0 0 0 0 0 0 0 0 0 0 1 1 1 1 1 1 1 1 1 2 5 14 14 16 11 23 21 30 64 62 37 58 54 37 43 66 71 43 39 29 15 12 3 4 1 2 2 1 0 1 1 1 0 0 0 0 0
0 0 0 0 0 0 0 0 0 0 0 0 0 0 0 0 0 0 0 0 0 0 0 0 0 0 0 0 0 0 0 0 0 0 0 0 0 0 0 0 0 0 0 0 0 0 0 0 0 0 0 2 1 1 1 1 2 1 3 7 9 13 19 18 13 19 26 40 45 41 55 61 36 50 74 73 44 36 28 16 9 4 3 2 2 4 1 1 2 2 1 0 0 0 0 0
0 0 0 0 0 0 0 0 0 0 0 0 0 0 0 0 0 0 0 0 0 0 0 0 0 0 0 0 0 0 0 0 0 0 0 0 0 0 0 1 0 0 0 0 0 1 1 1 0 0 0 0 2 2 2 1 4 2 2 9 13 17 24 34 26 9 8 16 21 47 40 38 33 35 60 71 45 60 41 16 6 4 6 5 8 4 4 4 3 2 1 0 0 0 0 0
0 0 0 0 0 0 0 0 0 0 0 0 0 0 0 0 0 0 0 0 0 0 0 0 0 0 0 0 0 0 0 0 0 0 0 0 0 0 0 0 1 0 0 0 0 2 1 1 1 1 0 0 1 1 3 4 6 6 6 9 12 15 14 24 30 40 26 20 18 28 34 35 27 32 47 70 44 45 31 10 11 5 13 8 15 11 12 10 3 1 0 0 0 0 0 0
0 0 0 0 0 0 0 0 0 0 0 0 0 0 0 0 0 0 0 0 0 0 0 0 0 0 0 0 0 0 0 0 0 0 0 0 0 0 1 1 1 1 0 0 1 1 1 1 2 1 0 0 0 0 1 1 8 30 11 12 15 14 18 20 28 44 45 34 24 41 35 30 47 63 62 68 58 47 38 18 14 15 24 13 21 9 2 1 1 0 0 0 0 0 0 0
0 0 0 0 0 0 0 0 0 0 0 0 0 0 0 0 0 0 0 0 0 0 0 0 0 0 0 0 0 0 0 0 0 0 0 0 0 0 0 1 0 0 2 0 0 2 2 2 1 3 1 1 1 1 2 3 6 9 11 24 41 29 18 20 28 48 61 46 35 40 36 36 55 49 66 65 44 44 41 35 20 25 22 39 28 11 3 1 1 1 1 0 0 0 0 0
0 0 0 0 0 0 0 0 0 0 0 0 0 0 0 0 0 0 0 0 0 0 0 0 0 0 0 0 0 0 0 0 0 0 0 0 0 0 0 0 0 1 1 2 1 1 1 4 3 5 4 3 1 1 2 4 6 10 6 10 13 15 26 56 31 30 32 45 31 46 27 22 19 32 54 73 54 52 39 35 40 60 28 36 43 21 3 2 2 1 0 0 0 0 0 0
0 0 0 0 0 0 0 0 0 0 0 0 0 0 0 0 0 0 0 0 0 0 0 0 0 0 0 0 0 0 0 0 0 0 0 0 0 0 0 0 0 1 2 1 0 1 2 0 2 8 17 10 6 4 2 7 3 3 3 10 19 12 28 17 47 33 17 15 21 15 50 63 51 52 41 63 29 32 36 53 73 43 57 31 12 8 3 0 1 1 0 0 0 0 0 0
0 0 0 0 0 0 0 0 0 0 0 0 0 0 0 0 0 0 0 0 0 0 0 0 0 0 0 0 0 0 0 0 0 0 0 0 0 0 0 0 0 0 0 1 1 1 3 3 1 2 5 10 11 6 5 3 5 8 6 10 12 22 31 43 42 68 37 23 32 29 41 52 46 64 42 75 24 58 71 70 69 70 53 37 25 9 5 1 1 0 0 0 0 0 0 0
0 0 0 0 0 0 0 0 0 0 0 0 0 0 0 0 0 0 0 0 0 0 0 0 0 0 0 0 0 0 0 0 0 0 0 0 0 0 0 0 1 1 1 1 3 3 1 4 14 3 7 8 22 11 11 4 5 7 20 10 13 16 25 23 32 43 61 46 23 31 44 68 39 42 69 66 71 67 61 76 77 68 36 10 7 6 3 1 0 0 0 0 0 0 0 0
0 0 0 0 0 0 0 0 0 0 0 0 0 0 0 0 0 0 0 0 0 0 0 0 0 0 0 0 0 0 0 1 0 0 0 0 0 0 0 0 1 2 2 3 2 8 9 3 9 12 10 15 21 16 12 8 9 13 14 14 15 16 15 16 20 28 38 62 39 30 34 60 28 32 42 57 64 79 76 77 46 35 23 13 9 2 1 0 0 0 0 0 0 0 0 0
0 0 0 0 0 0 0 0 0 0 0 0 0 0 0 0 0 0 0 0 0 0 0 0 0 0 0 0 0 0 0 1 0 0 0 0 0 1 1 0 1 3 2 3 10 11 7 11 8 32 34 17 11 56 21 20 20 15 14 25 18 20 18 21 19 43 51 48 58 68 44 19 45 33 60 65 47 69 74 77 52 30 24 11 7 5 6 3 1 1 0 0 0 0 0 0
0 0 0 0 0 0 0 0 0 0 0 0 0 0 0 0 0 0 0 0 0 0 0 0 0 0 0 0 0 0 0 0 1 0 0 0 0 1 1 1 1 2 3 3 13 10 28 15 27 32 38 33 30 46 27 21 21 21 19 32 19 14 18 27 30 40 38 54 44 20 56 45 42 49 45 39 35 43 38 63 73 46 36 31 25 15 7 4 2 1 0 0 0 0 0 0
0 0 0 0 0 0 0 0 0 0 0 0 0 0 0 0 0 0 0 0 0 0 0 0 0 0 0 0 0 0 0 0 0 1 1 0 0 0 1 1 1 3 3 3 13 17 31 30 39 28 55 56 60 60 52 45 47 31 18 46 34 23 13 22 33 52 48 59 64 70 48 52 41 63 43 53 40 44 41 23 19 46 37 30 16 9 4 4 3 0 0 0 0 0 1 0
0 0 0 0 0 0 0 0 0 0 0 0 0 0 0 0 0 0 0 0 0 0 0 0 0 0 0 0 0 0 0 0 0 1 1 0 0 0 0 2 4 4 3 11 23 17 21 14 32 52 56 64 68 63 68 55 54 53 41 55 30 27 16 18 31 20 41 47 55 59 51 38 26 46 51 46 40 43 45 47 38 30 34 21 15 12 18 3 1 1 0 0 0 0 1 1
0 0 0 0 0 0 0 0 0 0 0 0 0 0 0 0 0 0 0 0 0 0 0 0 0 0 0 0 0 0 0 1 1 1 1 1 0 0 0 0 1 4 9 5 31 46 24 30 40 47 63 68 73 66 56 72 58 57 61 61 40 47 20 31 37 54 34 43 40 45 37 46 64 36 61 37 48 55 60 61 45 42 30 13 13 10 7 3 1 1 0 0 0 1 2 2
0 0 0 0 0 0 0 0 0 0 0 0 0 0 0 0 0 0 0 0 0 0 0 0 0 0 0 0 0 0 0 1 1 2 2 2 1 1 1 1 2 1 2 7 20 24 42 48 44 49 62 68 72 67 78 81 62 60 63 64 61 51 28 45 45 43 27 27 29 32 33 42 58 52 37 43 62 69 55 57 60 42 28 15 7 7 5 3 1 0 0 0 0 1 1 5
0 1 1 0 0 0 0 0 0 0 0 0 0 0 0 0 0 0 0 0 0 0 0 0 0 0 0 0 0 0 0 1 1 1 1 1 2 3 3 8 19 3 2 3 6 9 16 67 67 67 40 65 67 76 81 50 55 71 66 64 69 64 48 48 66 55 35 24 30 25 28 29 29 64 66 50 53 70 66 52 49 48 41 18 6 5 2 1 1 0 0 0 0 1 2 6
0 1 1 0 0 0 0 0 0 0 0 0 0 0 0 0 0 0 0 0 0 0 0 0 0 0 0 0 0 0 0 0 0 2 2 1 1 1 1 2 7 19 10 5 9 26 23 51 50 68 73 57 68 70 65 68 60 35 73 74 65 61 45 42 57 50 36 24 28 34 29 36 40 60 68 47 60 65 60 50 52 55 36 21 12 4 2 1 0 0 0 0 0 1 2 5
0 2 1 1 0 0 0 0 0 0 0 0 0 0 0 0 0 0 0 0 0 0 0 0 0 0 0 0 0 0 0 0 0 3 1 0 0 0 0 1 2 5 18 35 43 30 36 19 22 24 28 42 68 64 55 67 50 56 48 71 63 58 43 43 66 32 23 21 21 33 37 47 62 68 47 43 45 57 45 37 40 37 30 18 7 4 2 2 1 0 0 0 0 1 2 3
1 4 2 1 0 0 0 0 0 0 0 0 0 0 0 0 0 0 0 0 0 0 0 0 0 0 0 0 0 0 0 0 0 0 0 0 0 0 0 2 2 4 5 23 27 22 11 8 27 23 29 40 67 54 55 71 74 73 76 63 58 64 58 56 35 19 32 33 15 24 27 35 56 32 27 27 31 37 25 30 38 33 16 12 6 4 3 3 2 1 0 0 0 1 2 2
2 2 1 0 0 0 0 0 0 0 0 0 0 0 0 0 0 0 0 0 0 0 0 0 0 0 0 0 0 0 0 0 0 0 0 0 0 1 1 1 1 3 5 3 8 12 8 25 38 26 24 59 30 55 74 43 76 59 47 41 81 72 63 39 13 19 32 39 26 39 35 24 53 21 35 29 33 35 47 41 36 28 23 22 14 7 5 4 2 1 0 0 0 0 1 1
7 1 1 1 0 0 0 0 0 0 0 0 0 0 0 0 0 0 0 0 0 0 0 0 0 0 0 0 0 0 0 0 0 0 0 0 0 0 1 2 2 2 2 5 5 4 19 27 33 28 34 35 44 53 40 49 49 43 32 31 20 46 58 37 44 18 55 56 50 36 44 50 57 59 54 55 55 53 59 50 44 49 37 36 20 5 4 3 2 1 0 0 0 0 1 1
6 2 1 1 1 0 0 0 0 0 0 0 0 0 0 0 0 0 0 0 0 0 0 0 0 0 0 0 0 0 0 0 0 0 0 0 0 1 1 1 1 1 3 3 4 3 10 17 20 36 34 28 45 39 38 50 48 61 61 43 32 40 55 42 60 30 46 60 50 22 34 71 35 61 68 63 65 57 61 64 62 50 25 20 15 7 4 3 1 0 0 0 0 0 1 2
6 6 5 2 1 1 0 0 0 0 0 0 0 0 0 0 0 0 0 0 0 0 0 0 0 0 0 0 0 0 0 0 0 0 0 1 0 0 1 0 0 1 2 2 2 3 8 20 44 49 44 51 44 62 38 59 55 31 42 49 42 38 63 89 91 68 52 46 39 21 22 15 13 29 25 28 29 39 54 54 42 33 26 25 19 11 4 2 1 0 0 0 0 0 0 1
18 12 5 2 1 0 0 0 0 0 0 0 0 0 0 0 0 0 0 0 0 0 0 0 0 0 0 0 0 0 0 0 0 0 0 0 0 0 0 0 0 0 2 1 2 8 7 5 29 25 32 32 25 36 58 59 26 28 37 51 52 46 41 51 31 70 42 56 15 11 32 43 43 39 40 44 40 26 17 28 41 22 22 41 19 10 5 1 1 1 0 0 0 0 0 1
15 11 4 2 1 1 0 0 0 0 0 0 0 0 0 0 0 0 0 0 0 0 0 0 0 0 0 0 0 0 0 0 0 0 0 0 0 0 1 0 1 0 1 2 5 7 5 4 13 12 16 6 7 7 9 9 19 42 36 36 53 55 38 36 23 32 29 10 28 23 12 29 61 58 28 30 52 57 67 62 53 36 11 20 24 9 6 4 2 1 0 0 0 0 1 1
16 11 3 2 1 1 1 1 0 0 0 0 0 0 0 0 0 0 0 0 0 0 0 0 0 0 0 0 0 0 0 0 0 0 0 0 0 0 0 0 1 1 2 3 4 9 5 3 3 5 3 4 7 10 10 14 21 19 41 28 36 26 28 17 13 10 26 16 20 24 23 16 17 39 20 23 52 71 63 62 45 23 21 24 16 6 4 3 2 1 0 0 0 0 1 2
15 8 5 3 2 2 2 1 0 0 0 0 0 0 0 0 0 0 0 0 0 0 0 0 0 0 0 0 0 0 0 0 0 0 0 0 0 0 1 0 0 1 2 2 4 3 3 2 4 4 8 15 20 23 28 37 23 36 17 16 24 45 40 29 39 35 31 16 26 18 36 42 17 32 33 46 61 55 45 35 26 24 15 12 8 4 1 1 2 2 1 0 0 1 2 5
15 8 8 4 8 4 1 0 0 0 0 0 0 0 0 0 0 0 0 0 0 0 0 0 0 0 0 0 0 0 0 0 0 0 0 0 0 0 0 0 0 1 1 2 1 4 5 6 7 6 5 23 41 40 40 50 49 37 48 23 33 41 62 52 36 44 34 27 19 27 55 60 24 33 29 41 72 64 55 53 37 31 15 9 13 4 4 5 3 1 0 0 0 1 2 5
9 7 10 12 6 4 2 0 0 0 1 0 0 0 0 0 0 0 0 0 0 0 0 0 0 0 0 0 0 0 0 0 0 0 0 0 0 0 0 0 1 1 1 1 2 3 10 15 19 13 23 36 31 41 45 47 51 50 53 54 43 48 41 49 49 45 33 25 15 11 20 22 17 21 40 55 48 44 39 25 35 31 16 4 1 2 5 3 1 0 0 0 1 1 2 4
6 13 19 19 8 3 2 2 2 2 1 1 0 0 0 0 0 0 0 0 0 0 0 0 0 0 0 0 0 0 0 0 0 0 0 0 0 0 1 1 1 1 1 1 1 4 5 11 27 39 59 49 33 34 53 68 46 55 66 64 49 34 39 47 30 18 22 14 9 23 34 22 15 25 35 32 38 27 29 29 29 9 4 5 8 5 4 2 2 0 0 0 1 1 1 2
10 19 17 22 16 6 5 7 6 3 2 1 0 0 0 0 0 0 0 0 0 0 0 0 0 0 0 0 0 0 0 0 0 0 0 0 0 1 1 2 2 3 3 2 2 4 2 5 10 11 33 55 68 57 46 65 47 58 72 65 64 26 24 19 15 15 16 21 7 27 29 35 28 24 14 15 18 9 14 20 16 16 22 11 23 6 3 3 1 0 0 1 1 3 2 3
24 26 24 27 19 15 13 10 8 4 2 1 0 0 0 0 0 0 0 0 0 0 0 0 0 0 0 0 1 1 0 0 0 1 0 0 0 0 1 4 6 10 8 5 6 4 6 10 12 13 19 30 40 69 66 56 72 65 46 55 63 61 41 21 11 5 9 18 9 28 41 37 29 17 20 33 31 45 51 44 42 50 40 19 10 5 4 2 0 0 0 1 2 3 5 7
46 30 21 12 26 20 14 9 5 3 1 1 1 1 0 0 0 0 0 0 0 0 0 0 0 0 0 1 1 1 0 0 1 1 1 1 1 1 1 5 13 12 19 12 8 10 13 18 26 23 32 46 51 45 49 52 62 65 63 59 35 43 32 52 39 12 7 10 26 43 46 50 52 45 22 35 54 73 67 61 58 36 12 4 8 4 1 0 0 0 0 0 1 4 6 9
55 40 21 9 15 15 7 5 1 1 1 1 1 1 0 0 0 0 0 0 0 0 0 0 0 0 0 1 0 0 1 1 1 1 1 1 2 3 1 4 7 13 19 25 17 14 24 24 29 41 32 51 55 47 46 51 36 37 57 49 49 47 19 29 19 12 5 30 34 32 36 33 32 41 39 65 49 45 66 59 48 22 25 16 6 4 1 0 0 0 0 1 1 3 9 23
43 35 14 5 8 6 3 3 2 1 1 2 1 0 0 0 0 0 0 0 0 0 0 0 0 0 0 0 0 0 0 1 2 1 2 2 2 7 10 6 10 18 23 30 29 15 29 38 48 46 38 68 60 52 48 47 48 13 16 20 11 18 28 25 7 17 27 51 16 13 18 18 27 47 65 68 64 37 55 36 32 29 18 13 7 3 1 0 0 1 1 1 1 3 4 13
35 20 8 5 4 3 4 5 3 3 4 1 0 0 0 0 0 0 0 0 0 0 0 0 0 0 0 0 1 1 1 1 0 3 6 5 6 9 6 13 24 21 33 34 36 18 26 38 43 52 54 62 54 55 53 31 27 30 35 35 28 32 23 17 13 2 14 6 7 9 29 54 57 60 50 60 65 63 56 43 42 25 21 13 6 2 1 0 0 1 2 2 2 3 4 8
45 29 26 19 17 10 14 11 11 7 3 2 1 0 0 0 0 0 0 0 0 0 0 0 0 0 1 1 1 2 2 1 1 3 8 9 12 12 8 10 11 11 7 8 17 31 47 43 47 43 48 54 52 54 46 56 40 15 56 55 31 28 20 14 14 5 12 17 28 27 43 48 57 70 60 45 63 52 57 37 38 41 24 10 5 1 0 0 1 2 4 3 4 5 8 12
53 41 53 45 21 4 2 6 8 6 3 3 2 1 1 0 0 0 0 0 0 0 0 0 0 0 1 1 2 2 3 4 1 3 10 13 17 13 17 8 11 14 14 10 10 12 37 55 57 56 36 35 49 51 49 46 44 59 40 30 34 43 45 37 9 4 16 24 30 34 46 28 41 44 43 49 56 66 64 63 56 36 25 7 3 1 1 0 2 2 4 2 4 11 17 25
63 60 34 13 5 3 15 14 7 2 3 5 4 2 1 0 0 0 0 0 0 0 0 0 0 1 1 1 2 4 5 7 3 5 5 14 22 26 27 12 28 16 27 20 13 15 16 25 62 72 48 31 48 60 45 48 44 36 53 48 31 32 46 35 6 10 7 7 34 60 65 58 56 56 42 59 62 60 45 52 37 25 30 15 3 1 0 0 2 2 3 4 4 9 16 29
55 33 26 10 9 15 20 11 5 3 4 4 3 1 0 1 1 0 0 0 0 0 0 0 0 1 1 1 5 7 7 10 5 2 3 9 8 16 23 28 43 45 29 37 36 14 17 52 58 62 48 32 38 36 57 40 31 38 23 26 24 44 35 23 12 10 17 23 26 19 48 65 60 75 64 51 75 60 45 41 46 27 7 20 4 1 0 1 2 2 5 5 8 7 12 13
24 33 41 15 15 29 17 14 16 10 5 2 1 1 1 1 1 0 0 0 0 0 0 0 0 0 1 3 6 5 14 14 7 5 5 6 8 13 8 34 44 51 48 28 52 26 27 58 54 29 65 31 41 33 34 66 48 37 65 48 21 22 23 24 10 12 13 15 29 55 57 65 71 52 77 59 47 43 60 32 35 23 7 3 4 1 0 1 2 2 6 5 14 26 27 16
31 36 41 44 41 36 29 22 8 5 2 1 1 1 2 1 1 0 0 0 0 0 0 0 0 0 1 1 3 4 6 6 13 19 13 9 10 12 12 20 24 45 44 61 48 41 36 59 44 35 60 55 19 32 34 17 15 14 37 33 37 12 13 12 9 22 23 41 34 60 67 60 49 63 47 68 54 57 53 42 37 8 2 1 1 0 0 2 3 3 5 4 17 29 28 27
60 56 60 44 41 28 13 14 6 4 2 2 5 2 1 0 0 1 0 0 0 0 0 0 0 1 2 1 3 5 15 15 21 28 26 21 12 12 26 17 31 23 31 68 65 56 47 58 26 27 41 30 22 23 27 38 17 15 16 16 14 28 27 17 15 9 27 41 25 20 12 22 34 29 47 45 57 60 46 38 26 9 2 1 0 0 1 2 2 4 4 5 11 18 24 29
61 53 45 48 37 11 6 8 7 6 4 7 6 2 1 1 0 0 0 0 0 0 0 0 1 2 2 3 5 4 12 23 31 32 31 44 13 9 19 30 30 33 40 52 68 53 41 54 59 54 33 47 73 28 34 37 25 15 15 21 7 7 12 12 34 6 13 23 48 46 33 30 30 9 9 17 29 32 40 28 12 7 4 0 0 0 1 2 1 2 4 7 13 8 15 15
56 39 32 33 22 18 13 6 9 11 7 3 1 1 1 1 1 0 0 0 0 0 0 0 1 2 5 6 9 14 15 24 50 40 29 50 28 19 21 22 36 36 50 52 63 48 32 46 63 70 43 44 63 50 26 34 33 30 17 20 24 16 10 8 23 5 19 47 45 50 54 56 40 36 31 22 11 18 21 29 14 3 1 0 0 0 1 2 3 3 5 6 8 11 25 33
32 33 42 25 25 21 15 26 6 2 1 1 3 3 2 1 1 0 0 0 0 0 0 0 1 2 5 10 18 18 38 42 52 53 53 31 47 33 25 32 50 49 51 56 35 57 69 46 35 16 40 34 18 55 43 27 35 26 15 8 11 23 10 6 9 21 27 30 46 50 57 53 36 56 57 56 43 31 15 10 7 2 1 0 0 1 1 1 2 3 5 5 8 10 15 18
52 34 49 35 29 56 32 11 7 4 5 6 6 2 0 0 0 0 0 0 0 0 1 0 1 3 6 12 16 26 36 59 71 69 62 64 51 65 52 37 57 66 50 30 40 61 66 59 35 36 32 44 43 27 30 28 27 20 20 11 6 13 12 3 3 7 14 27 38 50 73 79 66 59 69 68 73 47 24 7 3 1 0 0 0 0 1 1 2 3 5 6 11 14 17 23
48 47 31 26 27 13 19 20 19 19 13 4 2 1 0 0 0 0 0 0 0 0 0 1 2 3 5 8 15 16 21 47 61 81 74 52 57 71 67 38 44 70 49 44 30 51 64 58 72 48 35 31 46 61 40 14 29 32 29 10 7 4 4 2 10 8 49 62 80 48 41 71 79 54 25 35 50 47 21 5 2 1 0 0 0 1 1 1 2 4 6 9 11 15 17 20
31 42 37 24 12 6 3 16 10 6 8 2 1 1 0 0 0 0 0 0 0 0 1 3 5 7 13 9 10 8 16 31 42 64 81 42 35 74 70 39 37 61 64 41 39 47 45 57 61 54 13 14 34 39 19 17 25 20 18 27 6 6 4 5 8 21 10 11 29 82 53 37 52 61 26 16 19 41 18 4 1 0 0 0 0 0 1 1 2 3 6 7 11 13 23 30
35 35 26 22 25 24 10 14 10 6 3 2 1 1 0 0 0 0 0 0 0 0 0 2 6 8 11 13 21 23 17 23 29 35 53 72 45 41 75 67 38 36 60 44 34 41 42 53 65 60 36 13 51 34 26 19 12 4 4 8 5 2 1 9 10 12 15 40 41 57 67 45 38 18 11 5 2 13 13 3 1 0 0 0 0 1 1 1 2 3 4 4 10 13 10 17
20 18 13 20 15 16 8 16 7 6 3 2 1 1 1 0 0 0 0 0 0 0 0 1 3 6 7 8 11 10 34 23 29 22 40 53 78 38 24 63 53 37 63 43 25 34 37 51 38 44 51 20 18 20 15 31 8 7 5 4 3 5 6 13 9 18 30 31 32 67 66 42 32 42 26 13 3 2 6 3 0 0 0 0 1 1 1 2 2 5 4 12 18 21 21 21
27 26 35 45 21 18 8 12 7 4 2 1 1 0 0 0 0 0 0 0 0 0 0 1 2 5 4 17 18 13 41 60 75 65 66 75 65 55 42 28 30 51 50 35 22 24 41 46 45 27 50 19 19 18 17 23 15 5 5 12 5 4 6 15 60 36 51 49 44 48 26 41 48 51 35 15 7 1 1 1 0 0 0 0 1 2 1 1 3 3 6 6 13 18 29 36
38 40 33 28 21 22 13 8 5 3 1 1 1 1 0 0 0 0 0 0 0 0 0 1 2 3 3 3 8 29 36 48 56 62 29 27 41 64 61 60 22 19 57 40 22 31 27 17 47 24 13 25 7 15 8 6 14 4 6 6 4 3 13 19 47 39 27 29 28 28 51 55 66 50 40 19 2 2 1 0 0 0 0 0 1 0 1 0 2 3 4 3 7 8 15 23
10 15 18 19 16 17 17 11 10 4 2 3 2 1 0 0 0 0 0 0 0 0 0 1 1 1 2 7 12 12 28 16 14 21 37 55 59 34 49 68 69 46 41 29 38 19 21 15 8 9 14 6 14 8 16 4 4 5 3 3 2 3 4 11 9 9 21 39 40 56 65 60 40 34 11 21 8 3 1 0 0 0 0 1 0 1 1 2 3 6 4 10 11 6 18 30
8 5 10 11 8 7 14 12 7 7 5 3 2 1 0 0 0 0 0 1 0 0 1 1 0 1 2 3 4 6 16 22 18 39 47 52 41 40 35 62 38 27 21 26 32 31 34 12 10 25 9 13 5 10 17 6 2 2 4 2 3 4 23 19 26 26 40 48 54 58 66 48 46 33 11 4 5 2 1 0 0 0 0 0 1 1 3 2 4 2 3 6 7 8 10 13
15 13 14 11 5 2 3 10 8 7 3 2 1 1 0 0 0 0 0 1 1 1 1 2 1 1 1 1 1 4 8 20 22 54 57 53 49 35 35 22 30 20 18 13 16 21 37 13 9 10 4 5 10 15 12 6 6 5 2 3 18 9 26 51 30 34 46 49 54 71 69 70 55 32 16 7 2 1 0 0 0 0 0 1 1 1 2 3 2 4 7 8 11 16 18 21
27 31 15 12 11 11 11 12 5 4 3 2 1 0 0 0 0 0 1 2 2 2 4 4 2 1 2 4 5 6 6 11 27 41 66 61 37 48 37 23 31 29 28 24 17 10 5 19 14 6 8 6 7 7 1 12 6 2 2 6 15 28 29 65 64 70 73 40 23 22 63 75 89 67 18 9 3 1 0 0 0 0 0 1 1 1 3 2 4 5 8 15 11 18 29 23
40 23 23 39 33 20 15 12 6 3 2 2 1 0 0 0 0 1 1 4 7 3 4 6 8 5 3 8 9 11 13 7 26 37 54 36 53 36 33 24 33 34 18 28 14 7 6 4 6 3 9 5 3 3 5 2 1 2 2 14 34 42 41 78 84 74 77 91 76 52 49 61 74 57 46 17 9 1 0 0 0 0 1 1 2 2 2 4 5 5 8 12 21 17 20 39
16 7 4 27 17 11 12 4 2 1 2 1 0 0 0 0 0 1 3 3 10 16 11 11 11 7 9 11 12 12 13 15 17 35 35 30 22 31 32 25 41 31 32 39 19 14 10 6 8 3 11 4 2 1 5 5 0 1 7 8 18 18 12 53 82 70 74 86 92 79 38 23 17 25 27 2 1 0 0 0 1 0 1 1 1 1 1 2 3 6 13 9 12 14 24 30
