sesion_6_simulaciones/modelos_agentes/ejemplos_netlogo/scenarios/echam4_a2/rob_2038.asc
NCOLS 322 
NROWS 307 
XLLCORNER 451900 
YLLCORNER 4086900 
CELLSIZE 100 
NODATA_value -9999 
[rows 0 to 73 of 307, columns 192 to 287 of 322]
43 39 21 12 34 58 33 15 14 18 19 7 5 3 5 4 3 2 4 3 2 2 2 2 3 5 3 6 7 19 5 1 1 0 0 0 1 1 0 2 2 1 1 5 8 11 8 17 32 37 24 30 36 46 45 58 44 82 49 41 9 12 19 45 57 42 59 53 27 39 22 12 16 21 40 23 20 38 57 28 16 17 16 18 16 12 31 27 26 28 11 24 35 62 21 7
52 30 36 33 40 59 20 29 41 24 16 12 17 15 8 7 9 2 3 5 4 2 1 1 1 6 2 2 1 3 16 6 1 0 0 0 0 0 1 1 2 0 0 1 2 4 9 9 23 66 78 60 42 45 46 44 70 68 68 20 26 15 47 41 53 49 56 41 44 20 6 25 12 20 51 25 53 39 35 35 28 34 35 20 15 7 20 29 31 28 17 29 26 31 17 14
31 57 37 36 60 50 36 17 10 25 25 25 36 36 19 28 15 13 18 17 13 4 3 1 1 1 1 0 0 1 1 6 3 1 1 0 0 0 1 0 0 0 2 5 5 10 12 17 25 44 53 50 60 51 66 74 42 36 46 25 24 32 41 30 35 62 31 27 21 27 15 16 14 20 61 24 59 50 26 42 30 26 31 31 16 5 13 17 30 23 16 44 24 40 14 3
41 42 65 54 44 37 34 33 33 53 30 47 60 46 39 51 33 16 25 34 21 16 10 4 2 1 0 0 0 0 0 1 0 1 1 0 1 0 0 0 1 2 1 1 3 13 13 17 7 16 13 18 31 60 48 55 52 20 28 35 38 21 24 44 32 58 46 39 52 21 30 25 9 9 43 24 32 26 34 40 30 30 31 33 17 5 11 25 40 17 29 26 23 36 10 2
31 23 45 15 51 58 52 37 52 48 45 33 37 29 39 56 41 45 46 45 38 17 11 10 4 6 3 5 3 1 0 0 0 0 0 0 0 0 0 0 1 1 1 2 2 4 4 9 30 48 56 49 47 41 64 68 32 26 9 11 35 35 28 43 44 57 37 27 17 11 9 8 12 7 22 21 18 31 55 63 53 21 20 41 36 25 3 21 24 33 32 17 33 47 16 3
32 26 43 37 24 31 53 27 50 40 28 36 13 34 44 44 48 46 17 14 27 12 9 13 10 9 4 7 4 1 1 1 0 0 0 0 0 0 0 0 0 1 2 4 10 23 31 42 41 29 35 38 45 62 80 56 36 26 9 45 66 65 58 59 45 65 28 35 41 33 41 29 23 17 12 17 24 23 35 28 40 63 45 33 36 25 8 16 21 25 12 17 29 29 19 5
24 13 15 34 23 19 50 19 14 25 34 58 32 15 30 42 36 39 20 7 9 21 26 30 12 10 10 6 6 4 3 2 2 1 1 0 0 0 0 0 0 1 2 4 17 11 18 25 47 37 43 77 41 68 71 40 27 28 15 34 51 60 58 59 69 62 51 45 45 19 29 28 20 30 24 12 5 18 38 41 31 56 36 17 10 34 11 9 12 11 13 26 42 53 13 13
17 13 12 16 35 26 42 51 15 7 15 21 38 10 4 14 8 16 20 10 7 13 6 12 12 10 10 6 9 6 6 5 4 4 3 1 2 1 0 0 0 2 4 8 14 19 23 45 69 65 65 42 57 54 61 32 20 8 17 23 33 31 29 26 26 56 33 26 46 27 25 19 23 28 28 17 5 25 46 24 49 63 41 17 10 25 19 9 10 21 24 25 52 33 19 14
31 23 21 12 19 16 27 52 51 21 9 9 18 26 12 9 5 15 21 13 10 15 4 7 21 13 9 10 9 13 12 10 9 8 4 3 1 0 0 0 1 2 4 7 24 22 16 33 40 55 42 31 69 49 45 18 9 42 64 52 64 53 59 46 54 77 46 35 16 17 24 20 22 22 17 10 7 13 17 30 43 56 43 26 11 11 12 8 7 25 20 30 27 36 17 25
22 23 22 12 10 6 22 22 46 35 24 12 12 14 16 6 6 4 16 13 12 19 5 5 11 11 9 6 4 9 1 4 8 7 6 2 1 1 0 0 0 1 3 6 13 5 6 32 16 15 16 71 45 47 25 12 24 53 62 74 55 82 69 43 60 33 58 47 44 19 20 29 25 13 10 7 5 9 35 20 12 43 46 41 20 9 16 5 7 9 12 35 23 36 20 49
28 24 24 22 10 6 3 4 7 19 11 8 5 16 9 6 7 1 3 11 7 16 19 3 4 5 18 6 2 6 9 2 0 0 1 3 1 1 0 0 1 1 5 10 2 10 14 17 5 9 49 51 22 32 13 8 24 42 42 57 77 79 49 30 33 49 59 59 65 47 57 36 31 25 14 10 4 4 11 23 25 49 66 40 41 14 8 11 3 10 29 13 20 15 15 57
51 33 17 19 18 16 10 6 4 4 4 4 6 6 5 4 3 5 3 3 9 11 9 4 1 3 11 6 2 2 8 8 1 0 0 1 2 1 0 0 2 4 5 2 1 1 8 2 5 27 54 37 16 12 5 27 32 30 39 77 61 56 15 27 41 44 68 64 55 62 46 36 41 40 35 23 7 5 17 21 21 68 44 54 35 26 9 5 4 15 16 9 25 9 29 60
58 43 39 52 42 39 32 16 28 16 12 6 3 2 2 2 2 9 6 2 2 4 4 4 1 3 4 3 2 1 1 3 1 0 0 0 1 1 0 0 2 2 2 4 4 3 11 2 8 34 27 9 2 11 33 47 51 59 81 68 19 26 30 22 22 24 40 40 63 42 23 35 53 54 47 24 7 2 15 25 51 57 23 31 47 28 12 3 4 14 12 9 28 9 22 33
67 63 61 63 59 54 40 35 31 29 23 21 8 5 3 2 1 1 1 1 1 1 1 1 1 2 2 2 1 0 1 2 1 1 0 0 0 1 1 1 1 1 1 1 1 6 3 2 10 8 4 1 4 13 23 32 61 55 48 12 46 64 58 46 47 27 23 22 57 47 60 69 47 32 25 24 11 4 8 18 48 21 15 31 61 30 19 7 2 5 6 7 14 7 18 14
25 62 66 65 57 60 39 44 20 20 30 19 14 13 11 8 5 2 1 1 0 0 0 1 1 1 1 0 0 0 0 1 1 1 0 0 0 1 1 1 1 1 1 1 0 1 1 2 2 2 1 2 4 7 19 33 34 10 33 49 62 59 58 78 83 71 64 47 49 60 63 53 59 41 21 14 7 4 8 18 25 11 7 41 58 59 33 30 11 2 3 6 6 6 23 18
35 52 63 45 50 72 56 30 48 33 22 26 22 25 25 12 8 2 2 1 1 0 0 0 1 0 0 0 0 0 0 1 1 1 1 0 0 1 1 1 1 1 1 0 0 0 2 2 1 1 3 2 3 6 11 18 8 36 41 45 58 70 80 70 65 75 42 33 67 20 49 77 54 40 43 40 34 15 6 18 21 10 3 9 25 52 13 8 9 9 2 7 4 5 22 18
61 15 64 42 38 62 71 72 38 19 29 25 34 30 22 15 13 8 4 4 3 2 1 0 0 0 1 1 1 0 0 0 0 0 1 0 0 1 0 1 0 0 0 0 0 0 0 0 1 5 3 9 10 7 6 20 33 36 42 44 66 55 75 65 68 43 32 59 46 36 38 22 55 34 59 62 59 34 20 6 31 17 11 2 8 26 34 8 3 3 1 2 4 9 6 6
37 10 45 24 42 50 60 36 65 70 39 46 48 14 13 11 16 14 8 6 5 4 3 1 1 1 2 2 1 1 0 0 0 0 0 0 0 0 0 0 0 0 0 0 0 0 1 3 4 4 7 18 17 20 8 21 26 55 55 55 75 56 51 47 32 30 48 61 49 32 18 20 48 54 60 57 62 58 34 9 6 14 13 8 3 8 20 11 7 1 3 0 4 6 2 2
22 25 27 27 16 40 48 25 28 63 32 53 68 34 22 14 22 34 28 16 12 5 2 1 2 1 3 3 5 1 1 1 1 0 0 0 0 0 0 0 0 0 0 0 1 1 3 4 3 5 12 22 19 15 25 31 39 40 31 48 65 29 16 11 29 33 29 78 65 23 24 16 51 48 15 31 68 56 54 32 7 4 22 11 6 2 8 11 10 4 1 1 6 3 1 1
25 9 14 20 13 20 54 18 13 35 44 58 57 39 42 31 8 14 17 24 9 7 5 4 4 4 4 6 5 4 2 2 2 1 1 0 0 0 0 0 0 0 0 1 2 2 3 6 3 10 19 16 28 28 35 39 12 10 24 44 70 26 12 37 51 45 59 66 49 38 23 10 19 52 42 14 31 40 48 43 29 6 5 13 9 2 1 5 12 7 1 0 3 1 3 6
46 14 15 14 3 11 36 15 22 14 32 22 38 14 20 24 6 4 12 26 13 17 8 3 11 9 5 3 3 3 2 1 1 1 1 1 1 0 0 0 0 0 1 2 3 4 2 2 8 21 14 18 37 49 62 58 39 30 44 47 48 16 17 52 51 47 46 21 45 46 30 8 11 22 57 29 12 16 61 33 23 7 2 5 7 2 2 8 5 5 0 1 1 1 6 18
21 4 18 15 4 3 11 30 4 11 38 29 35 15 12 6 7 1 4 24 21 12 8 6 3 3 1 1 1 1 1 1 1 1 1 1 1 0 0 0 0 0 1 2 1 3 3 7 8 10 8 14 25 61 70 76 75 63 47 41 24 12 32 42 62 55 47 26 22 41 18 8 11 16 50 30 12 13 20 41 23 13 4 3 8 3 3 6 3 1 1 5 2 4 17 25
30 4 24 31 7 5 6 15 4 3 31 14 11 5 2 7 5 4 1 3 4 11 23 20 5 2 4 2 1 1 1 1 0 0 1 2 1 0 0 0 0 1 2 2 1 1 1 2 2 3 3 10 25 23 41 64 51 38 20 63 28 14 34 43 43 50 71 41 33 14 8 8 23 37 64 29 11 13 22 50 24 8 4 1 3 5 3 5 2 1 3 20 9 11 10 24
16 12 9 23 2 5 8 12 8 2 3 2 2 11 3 2 7 7 2 3 4 4 12 8 6 2 3 4 2 0 0 0 0 0 0 1 1 0 0 0 0 0 0 1 1 0 1 1 3 4 3 9 9 17 21 16 12 30 53 33 12 24 39 36 54 70 49 37 34 22 9 13 24 40 44 20 16 11 20 40 27 24 9 2 1 2 3 5 1 1 5 5 14 28 16 21
5 3 7 7 4 1 9 13 4 1 3 2 2 4 7 3 4 5 4 1 1 2 3 2 2 1 2 4 3 1 0 0 0 0 0 0 0 0 0 0 0 0 1 1 1 2 3 4 4 5 10 6 5 3 4 11 29 33 61 23 10 37 32 30 56 76 42 49 42 21 14 13 23 53 35 18 20 10 14 25 23 22 16 7 2 1 3 2 1 7 11 12 13 14 54 23
1 2 1 5 2 1 8 11 3 1 1 2 1 1 4 4 2 1 2 2 1 1 1 2 1 1 1 2 5 1 0 0 0 0 0 0 0 0 0 0 0 0 0 0 1 2 3 1 2 6 7 17 13 28 21 26 27 48 45 7 17 31 26 21 45 59 35 38 31 23 11 11 23 53 20 27 20 7 5 10 13 18 10 3 3 1 1 2 6 18 23 26 38 24 19 47
1 1 1 1 0 2 5 4 1 1 0 1 1 0 0 1 2 2 2 2 1 1 1 1 0 0 1 1 1 1 1 0 0 0 0 0 0 0 0 0 0 0 0 0 1 1 1 1 3 4 11 14 15 25 40 57 62 68 30 8 21 29 21 28 68 60 17 33 32 20 11 6 18 48 19 14 12 10 2 4 11 18 5 3 1 1 1 6 17 17 24 25 33 47 63 40
1 0 0 0 0 0 0 1 0 0 0 0 0 0 0 0 0 0 1 1 1 0 0 0 0 0 1 1 0 1 1 1 0 0 0 0 0 0 0 0 0 0 0 0 0 1 2 2 2 9 7 11 17 24 39 66 48 37 6 23 32 24 45 55 79 41 42 20 18 17 15 8 24 49 26 14 11 10 2 3 9 14 7 8 2 0 1 5 7 5 7 7 8 15 36 41
0 0 0 0 0 0 0 0 0 0 0 0 0 0 0 0 0 0 0 0 0 0 0 0 0 0 1 0 0 0 0 0 0 0 0 0 0 0 0 0 0 0 1 1 1 1 4 9 2 8 6 7 13 13 52 38 17 5 17 29 32 29 53 77 47 26 34 17 14 14 12 6 13 40 55 24 13 6 2 3 8 17 11 5 2 0 1 2 2 6 9 17 22 21 22 37
0 1 1 1 1 0 0 0 0 0 0 1 1 1 1 1 0 0 0 0 0 0 0 0 0 0 0 0 0 0 0 0 0 0 0 0 0 0 0 0 0 1 1 1 2 3 4 3 9 6 6 7 15 19 48 10 6 11 24 31 29 31 52 75 31 20 18 27 11 4 4 6 24 40 17 37 17 6 2 1 10 8 11 4 2 0 2 5 10 21 13 28 38 37 34 15
1 1 1 2 1 0 0 1 1 1 1 2 2 2 2 2 2 1 1 0 0 0 0 0 0 0 0 0 0 0 0 0 0 0 0 0 0 0 0 0 1 1 1 2 4 6 6 5 10 23 25 25 16 24 13 5 2 17 19 27 15 31 51 60 35 13 17 24 14 8 2 5 30 13 9 42 27 9 2 1 5 4 8 4 1 1 4 5 7 13 16 16 12 14 19 40
2 3 2 3 1 1 1 2 2 2 2 3 5 3 5 4 3 2 1 1 1 1 1 0 0 0 0 0 0 0 0 0 0 0 0 0 0 0 0 1 1 1 2 2 4 6 9 20 15 18 11 40 27 13 13 10 4 13 22 37 38 33 59 24 11 26 27 11 21 7 2 5 10 11 6 38 13 8 2 1 4 4 3 2 1 2 10 17 23 18 16 8 18 22 22 32
7 6 4 6 3 1 1 2 2 3 7 7 7 9 7 4 3 2 2 2 2 2 2 1 1 1 0 0 0 0 0 0 0 0 0 0 0 0 0 1 1 1 1 3 6 7 14 18 14 16 10 5 15 14 15 2 8 15 14 25 25 39 40 44 38 19 13 9 25 15 4 3 10 7 15 38 11 7 4 1 1 3 2 1 2 5 11 31 37 35 39 24 32 42 35 59
10 11 11 5 4 4 2 4 7 9 12 11 10 7 9 7 4 4 3 5 4 3 2 1 1 2 1 1 0 0 1 0 0 0 0 0 0 0 0 0 0 1 1 2 4 11 5 2 20 16 9 5 12 15 2 2 6 9 11 27 39 49 54 25 15 14 17 13 10 12 6 3 9 7 11 18 13 12 4 1 1 2 1 1 3 5 7 10 8 10 13 26 41 41 69 64
16 16 17 13 10 3 3 6 11 16 17 14 15 14 12 12 7 13 8 6 3 1 1 1 2 1 1 1 1 1 0 0 0 0 0 0 0 0 0 0 1 1 3 2 1 3 3 7 5 8 7 2 5 1 2 1 2 5 8 20 40 53 34 48 24 12 10 9 7 11 10 3 3 5 9 11 11 5 3 1 0 1 1 2 6 2 4 8 23 31 33 28 19 63 38 46
28 41 24 7 13 5 8 9 25 21 18 21 21 35 32 18 17 13 6 8 4 3 1 3 3 1 1 1 3 1 0 0 0 0 0 0 0 0 0 0 1 2 3 1 1 3 3 6 4 4 2 2 2 1 2 1 4 11 16 30 24 24 38 49 14 7 4 5 8 7 5 2 2 4 4 12 10 6 3 1 0 0 2 5 12 13 13 14 22 21 20 42 45 56 30 14
49 59 26 21 27 10 7 28 29 41 17 29 36 31 47 26 12 6 14 8 5 4 1 6 1 1 2 3 1 0 0 1 0 0 0 0 0 0 0 0 1 1 0 1 1 4 11 8 5 3 2 1 1 1 3 6 10 7 5 8 15 26 31 48 20 9 8 5 4 2 3 3 1 3 6 5 4 6 3 1 0 2 6 5 10 26 30 37 36 38 22 32 27 28 31 11
39 60 26 25 35 14 14 46 41 44 14 32 54 38 52 22 17 16 22 19 9 3 3 2 2 4 8 1 0 1 1 1 1 0 0 0 0 0 0 0 0 0 0 1 2 7 7 3 7 2 1 1 3 3 4 3 2 2 7 11 11 34 38 30 13 39 36 20 9 8 3 2 1 2 2 2 3 3 1 0 1 4 11 21 22 28 40 36 33 31 34 40 12 4 22 13
59 35 33 27 38 16 19 49 68 42 11 44 65 56 56 49 25 34 46 21 10 4 7 3 7 6 1 1 1 1 1 1 1 1 1 0 0 0 0 0 0 0 0 1 7 2 6 1 1 3 1 1 4 4 4 4 3 7 26 36 32 32 64 29 37 21 27 23 8 4 3 2 1 1 1 2 1 2 0 0 1 4 5 13 15 8 15 7 7 9 6 56 32 12 8 5
81 63 38 29 35 18 31 53 81 36 20 36 65 65 67 34 28 68 28 5 6 16 13 9 9 3 2 2 3 3 1 2 1 1 1 1 1 1 1 1 0 0 0 0 2 1 1 0 0 0 0 1 2 6 5 12 15 18 15 27 46 43 25 42 31 28 8 14 28 7 3 1 1 0 1 1 1 1 0 1 2 4 5 7 6 3 6 12 22 40 56 74 42 11 7 3
74 74 42 44 48 26 35 62 75 45 26 47 83 82 47 55 31 30 8 5 11 36 39 18 9 8 3 3 4 2 2 5 2 1 1 1 1 2 1 1 0 0 0 0 0 0 0 0 0 1 2 3 6 8 9 17 13 13 31 57 54 51 34 44 7 52 35 6 4 18 17 7 3 1 0 1 1 0 0 0 2 2 2 5 4 6 21 28 24 20 28 51 21 9 6 2
74 64 43 56 52 49 37 65 75 49 37 50 83 73 54 40 17 9 3 13 28 38 21 7 4 2 1 8 6 3 4 4 2 1 1 2 2 2 2 0 0 0 0 0 0 0 0 0 0 1 2 2 4 6 5 8 12 30 22 68 46 18 19 67 29 12 37 11 3 2 4 5 7 5 1 1 0 0 0 0 2 2 2 2 5 12 22 20 20 32 20 27 23 12 5 2
76 65 41 61 57 55 51 51 61 42 36 51 64 30 30 21 8 10 8 18 41 15 10 9 4 3 2 13 9 4 11 4 1 2 1 2 3 5 3 1 1 0 1 1 0 0 0 0 0 1 1 1 5 5 12 15 7 26 39 55 9 3 19 53 16 15 8 29 7 1 1 2 5 4 3 2 1 0 0 0 1 2 2 2 3 8 31 14 10 41 14 12 15 4 2 1
48 48 45 63 58 45 62 50 74 76 64 52 47 37 47 41 28 32 16 23 37 19 12 10 6 4 4 17 14 7 12 5 3 3 3 5 4 4 1 1 2 1 1 0 0 0 0 0 0 1 1 2 5 5 5 8 5 14 35 13 7 4 30 53 25 5 3 4 13 3 1 1 1 1 4 1 1 0 0 0 1 2 2 2 10 19 32 13 12 32 11 3 5 8 1 1
62 33 66 74 65 71 69 84 79 89 89 83 46 66 65 60 55 24 21 40 33 16 12 6 7 11 6 19 18 17 10 7 6 7 6 9 13 5 3 2 6 3 0 0 0 0 0 0 0 1 2 3 4 4 2 3 10 30 42 7 4 5 12 46 30 13 3 1 8 7 2 1 1 1 5 1 0 0 0 1 1 2 3 5 7 5 5 4 8 7 12 7 7 5 1 0
54 50 55 65 78 83 87 88 76 74 77 80 83 75 45 43 35 27 29 24 13 17 13 15 23 15 17 42 30 42 15 13 10 14 16 26 24 6 6 5 7 2 1 0 0 0 0 0 0 1 1 2 1 1 2 4 11 18 14 11 4 4 5 55 14 9 7 1 4 7 4 1 1 1 1 2 1 0 0 1 1 2 5 7 6 4 4 2 4 3 5 3 2 1 0 1
64 60 40 43 58 66 79 56 51 47 58 62 65 74 48 41 46 58 46 29 26 29 24 35 51 33 25 50 48 34 18 26 18 23 21 30 15 9 13 3 1 1 2 1 1 1 0 0 0 0 1 1 1 2 2 1 6 4 7 20 5 5 8 19 9 1 6 2 2 3 2 2 1 0 0 6 1 0 0 1 1 2 2 8 3 3 3 2 2 1 1 1 1 1 1 3
72 73 51 30 55 50 52 65 46 55 64 47 61 77 82 66 79 69 48 39 51 49 49 44 53 40 33 59 57 28 35 33 33 32 39 40 22 13 3 1 1 2 2 2 2 1 1 0 0 0 0 1 1 2 2 2 4 5 3 5 4 5 7 14 17 1 3 3 2 4 2 1 1 1 1 1 0 0 0 0 1 1 4 6 2 3 2 2 3 0 0 0 0 1 3 4
54 65 79 47 28 31 56 54 73 37 34 32 68 51 60 91 89 49 67 65 64 60 60 52 54 46 45 69 56 44 43 40 43 58 55 21 6 4 5 4 5 4 3 2 3 2 1 0 0 0 0 2 1 1 2 2 5 3 2 2 3 2 2 5 22 1 1 2 1 1 1 1 1 0 0 0 0 0 0 0 1 1 6 3 1 1 1 1 1 0 0 1 1 2 3 4
76 73 75 79 44 17 18 62 58 52 12 15 29 45 75 82 68 88 88 69 62 78 72 41 61 50 67 58 55 49 53 44 57 71 69 25 18 12 18 13 19 16 6 6 7 2 1 0 0 0 0 0 0 0 2 2 4 3 2 2 1 1 0 1 8 2 1 1 1 1 1 1 1 1 0 0 0 0 0 0 1 1 1 1 1 0 0 0 0 0 1 1 2 4 3 4
60 45 49 86 45 34 27 28 28 31 22 5 23 70 81 79 59 54 82 62 76 78 65 48 71 66 78 72 66 73 54 53 52 48 49 26 24 27 23 21 6 5 13 22 3 1 1 0 0 0 0 0 0 0 1 2 3 6 1 1 1 1 0 3 8 2 2 1 1 1 1 1 0 0 0 0 0 0 0 0 0 1 1 0 0 0 0 1 1 2 2 3 3 5 2 3
30 47 46 81 81 27 31 18 18 17 20 10 24 37 44 50 69 81 64 27 60 30 69 80 91 85 80 54 71 51 63 47 40 23 62 50 50 33 15 10 3 1 15 9 6 2 2 1 0 1 0 0 0 0 0 0 0 1 0 1 1 0 0 2 3 3 2 1 1 0 0 0 1 0 0 0 0 0 0 0 0 1 1 0 0 0 1 1 2 2 3 7 6 3 3 3
18 23 38 41 78 72 35 14 13 12 11 11 19 38 55 62 30 71 69 32 63 55 30 45 68 46 67 41 61 23 14 33 22 20 35 76 53 30 15 45 13 11 13 10 9 3 1 1 1 1 1 0 0 0 0 0 0 0 0 1 1 0 1 2 2 3 1 1 1 0 0 0 0 0 0 0 0 0 0 0 0 0 0 0 0 0 1 1 2 2 3 3 14 6 3 2
8 15 25 7 38 83 37 17 8 5 8 11 8 15 23 40 44 63 41 49 65 41 13 40 60 42 41 32 35 55 38 39 35 15 21 56 67 75 70 59 42 24 22 24 14 5 3 2 4 1 1 1 0 0 0 0 0 0 0 0 0 0 0 1 2 2 1 1 0 0 0 0 0 0 0 0 0 0 0 0 0 0 0 0 0 0 0 1 2 1 2 4 5 5 3 6
16 9 18 38 35 53 77 30 25 7 4 4 6 7 23 18 41 61 10 20 72 61 22 12 67 73 42 26 38 47 18 15 18 12 10 29 47 47 37 17 28 25 13 16 16 13 15 10 3 1 1 2 1 1 1 2 1 0 0 0 0 0 0 0 1 2 1 1 0 0 0 0 0 0 0 0 0 0 0 0 0 0 0 0 0 0 0 0 1 2 2 2 5 6 9 10
21 7 5 24 41 51 77 57 20 14 7 5 4 7 6 5 21 14 12 50 85 31 15 7 12 48 22 26 19 38 33 17 19 18 15 44 28 12 9 7 9 4 3 35 15 26 34 23 7 4 6 3 3 2 1 0 0 0 0 0 0 0 0 0 0 1 1 1 0 0 0 0 0 0 0 0 0 0 0 0 0 0 0 0 1 1 1 1 2 2 2 4 5 6 5 15
41 25 14 9 9 14 25 57 24 23 8 4 3 4 8 3 12 7 25 24 79 29 15 11 6 13 12 16 7 27 32 11 10 10 13 27 24 6 3 6 5 4 4 8 18 13 10 4 4 4 2 2 2 2 2 0 0 0 0 0 0 0 0 0 0 0 0 1 0 0 0 0 0 0 0 0 0 0 0 0 0 0 0 0 0 0 1 5 1 4 5 7 10 9 13 19
16 15 26 8 7 24 26 51 52 25 15 4 3 2 2 4 5 8 9 25 58 72 34 15 4 4 8 2 5 20 28 11 7 8 6 5 7 4 3 4 3 3 3 4 20 10 10 3 2 1 1 0 0 0 1 1 0 0 0 0 0 0 0 0 0 0 0 0 0 0 0 0 0 0 0 0 0 0 0 0 0 0 0 0 0 1 2 3 5 7 6 7 8 14 13 24
31 21 6 4 5 10 18 29 46 20 10 6 2 1 2 3 1 3 11 53 43 59 34 25 9 2 10 8 2 3 13 7 7 5 2 2 3 7 2 2 3 2 1 2 8 10 13 5 2 1 1 1 0 0 0 0 0 0 0 0 0 0 0 0 0 0 0 0 0 0 0 0 0 0 0 0 0 0 0 0 0 0 0 0 0 1 1 4 2 2 2 2 5 11 13 8
43 30 9 4 1 8 8 15 34 26 6 5 2 2 2 2 1 8 25 41 14 27 34 9 6 5 2 5 7 1 4 7 3 3 1 3 2 1 2 2 3 2 1 1 3 8 14 6 4 2 2 1 0 0 0 0 0 0 0 0 0 0 0 0 0 0 0 0 0 0 0 0 0 0 0 0 0 0 0 0 0 0 0 0 1 1 2 2 2 1 1 3 4 6 6 7
44 30 13 8 2 2 6 10 46 7 7 3 2 1 1 2 1 5 23 10 2 12 60 9 5 5 2 3 2 4 3 3 2 2 2 1 1 0 1 1 2 1 1 1 1 3 11 5 5 2 1 1 0 0 0 0 0 0 0 0 0 0 0 0 0 0 0 0 0 0 0 0 0 0 0 0 0 0 0 0 0 0 0 1 0 1 2 2 2 2 3 2 3 5 8 5
38 27 12 5 4 2 5 6 28 9 2 4 3 1 1 1 1 7 8 4 14 23 46 22 6 3 3 6 1 6 3 2 2 1 2 1 1 1 0 1 0 0 1 2 4 5 8 7 10 7 3 1 0 0 0 0 0 0 0 0 0 0 0 0 0 0 0 0 0 0 0 0 0 0 0 0 0 0 0 0 0 0 0 0 0 1 1 2 3 3 3 3 4 3 7 10
27 16 8 4 4 3 2 3 8 25 5 2 3 1 1 1 1 3 3 5 4 13 42 18 6 7 2 2 2 6 2 1 1 1 1 0 1 1 1 0 0 0 1 6 2 2 6 3 7 7 6 2 1 0 0 0 0 0 0 0 0 0 0 0 0 0 0 0 0 0 0 0 0 0 0 0 0 0 0 0 0 0 0 0 0 0 1 1 2 2 2 7 5 7 14 9
24 19 7 4 4 2 2 3 3 10 7 1 1 1 1 1 1 1 2 3 5 14 46 15 8 4 5 2 2 4 2 0 1 1 1 0 0 1 0 0 0 0 3 4 1 3 3 2 5 4 3 2 2 1 1 0 0 0 0 0 0 0 0 0 0 0 0 0 0 0 0 0 0 0 0 0 0 0 0 0 0 0 0 0 0 0 0 0 1 2 2 3 3 2 4 6
69 39 15 3 2 2 2 2 2 6 8 3 1 1 1 1 1 1 1 1 5 6 29 12 3 2 2 2 2 1 2 1 0 1 0 1 0 0 0 0 1 1 2 1 1 2 1 1 3 3 5 4 5 2 1 1 0 0 0 0 0 0 0 0 0 0 0 0 0 0 0 0 0 0 0 0 0 0 0 0 0 0 0 0 0 0 0 0 1 1 2 5 3 3 4 1
20 58 35 11 3 1 1 1 2 3 14 3 2 1 0 0 0 0 1 1 3 5 15 17 4 2 1 1 1 1 1 2 1 0 0 1 0 0 0 0 1 3 1 0 1 1 1 1 3 3 1 1 2 2 2 1 0 0 0 0 0 0 0 0 0 0 0 0 0 0 0 0 0 0 0 0 0 0 0 0 0 0 0 0 0 0 0 0 1 1 2 2 2 2 3 5
5 50 8 35 14 5 1 1 1 3 7 2 1 1 0 0 0 0 1 1 3 6 6 12 6 2 2 1 1 1 1 1 1 1 0 0 0 0 0 0 1 1 1 0 0 1 0 1 3 3 1 1 1 1 4 2 1 0 0 0 0 0 0 0 0 0 0 0 0 0 0 0 0 0 0 0 0 0 0 0 0 0 0 0 0 0 0 0 1 1 1 1 1 3 4 5
10 10 5 24 8 9 3 0 1 1 3 2 1 0 0 0 0 0 1 1 1 1 11 11 12 5 3 2 1 0 0 1 0 0 0 0 0 0 0 0 1 0 0 0 0 1 0 1 3 3 1 0 0 0 1 1 1 0 0 0 0 0 0 0 0 0 0 0 0 0 0 0 0 0 0 0 0 0 0 0 0 0 0 0 0 0 0 0 1 1 1 1 3 4 5 7
10 8 6 4 5 2 9 1 0 0 1 1 1 0 0 0 0 0 0 1 2 8 13 11 15 5 3 1 1 0 1 1 0 0 0 0 0 0 0 1 0 0 0 0 0 2 1 1 5 3 2 0 0 0 0 0 0 0 0 0 0 0 0 0 0 0 0 0 0 0 0 0 0 0 0 0 0 0 0 0 0 0 1 1 0 0 0 0 1 0 1 1 1 1 2 3
8 5 7 4 4 1 2 3 0 0 1 1 1 0 0 0 0 0 1 1 4 4 9 7 7 9 2 1 1 1 0 0 0 0 0 0 0 0 0 0 0 0 0 0 0 0 0 0 2 3 1 1 1 0 0 0 0 0 0 0 0 0 0 0 0 0 0 0 0 0 0 0 0 0 0 0 0 0 0 1 1 1 1 1 1 1 1 2 1 0 0 0 1 3 3 5
6 7 8 3 1 1 1 1 0 0 0 0 1 0 0 0 0 0 1 3 2 1 5 4 3 5 2 1 1 0 0 0 0 0 0 0 0 0 0 0 0 0 0 0 0 1 0 1 3 1 1 0 0 0 0 0 0 0 0 0 0 0 0 0 0 0 0 0 0 0 0 0 0 0 0 0 0 0 0 1 1 2 2 2 2 2 2 2 1 1 1 1 1 1 3 3
2 1 2 2 1 1 0 0 0 0 0 0 0 0 0 0 0 0 1 1 1 1 2 6 1 2 1 1 0 0 0 0 0 0 0 0 0 0 0 0 0 0 0 0 0 0 0 3 5 0 0 1 0 0 0 0 0 0 0 0 0 0 0 0 0 0 0 0 0 0 0 0 0 0 0 0 0 0 0 0 1 1 1 2 4 2 4 3 3 2 1 1 2 2 2 3
1 1 1 1 1 0 0 0 0 0 0 0 0 0 0 0 0 0 0 0 1 1 1 1 1 1 1 1 0 0 0 0 0 0 0 0 0 0 0 0 0 0 0 0 0 0 1 1 2 0 0 0 0 0 0 0 0 0 0 0 0 0 0 0 0 0 0 0 0 0 0 0 0 0 0 0 0 0 0 0 0 0 1 1 3 3 6 7 4 7 5 5 4 4 3 10
1 1 1 0 0 0 0 0 0 0 0 0 0 0 0 0 0 0 0 0 0 0 0 0 0 0 0 0 0 0 0 0 0 0 0 0 0 0 0 0 0 0 0 0 0 1 0 0 0 0 0 0 0 0 0 0 0 0 0 0 0 0 0 0 0 0 0 0 0 0 0 0 0 0 0 0 0 0 0 0 0 0 0 1 1 2 2 3 13 14 4 12 9 9 5 8
