sesion_6_simulaciones/modelos_agentes/ejemplos_netlogo/scenarios/echam4_a2/rob_2081.asc
NCOLS 322 
NROWS 307 
XLLCORNER 451900 
YLLCORNER 4086900 
CELLSIZE 100 
NODATA_value -9999 
[rows 219 to 291 of 307, columns 192 to 287 of 322]
31 35 20 16 17 16 17 19 9 9 6 4 3 0 1 0 0 1 2 6 5 4 8 8 5 3 4 7 9 10 10 16 34 43 66 57 32 41 30 18 24 21 18 14 8 4 2 8 6 3 4 3 3 3 0 5 2 1 1 2 7 13 17 49 48 56 62 30 17 18 60 75 90 72 27 16 7 3 1 0 0 0 1 3 2 3 6 5 9 10 15 28 21 27 40 32
42 27 28 50 43 28 22 20 13 6 4 3 2 1 0 0 0 2 4 9 17 5 8 13 14 9 6 16 15 16 21 13 32 39 52 32 48 30 26 18 24 25 11 18 7 3 3 2 2 1 4 2 1 1 2 1 0 1 1 5 16 28 30 70 76 66 72 89 72 49 49 66 81 67 60 29 17 2 0 0 0 0 1 2 4 4 5 9 12 11 17 20 33 28 28 50
18 9 5 34 23 18 19 8 4 3 3 3 1 1 0 0 0 3 7 7 19 28 21 19 17 11 15 17 18 18 19 23 21 37 34 27 20 26 26 19 32 22 21 25 9 7 4 3 3 1 5 1 1 0 2 2 0 0 2 3 9 10 8 45 77 66 72 85 92 78 39 26 23 36 44 5 2 0 0 1 1 1 2 2 2 3 2 4 6 11 23 16 20 21 36 39
10 12 9 5 27 21 15 10 5 3 1 2 1 1 1 1 2 3 3 5 10 25 50 38 26 28 20 21 36 40 21 26 50 38 30 16 23 34 26 23 21 14 15 26 8 9 7 2 3 4 2 2 1 1 1 1 0 2 9 10 7 10 19 15 58 83 77 72 83 87 63 55 36 14 11 3 2 1 1 1 3 2 2 2 2 3 3 2 6 10 18 23 26 27 30 20
32 39 31 26 15 11 12 11 5 3 2 1 0 0 0 2 3 3 2 8 16 35 48 57 33 38 39 30 43 41 28 32 42 39 36 18 26 21 21 19 18 12 16 27 12 5 9 3 4 3 2 1 1 1 0 0 0 1 2 3 4 11 21 23 45 76 74 67 82 85 67 48 36 17 5 3 4 3 2 2 4 2 2 2 4 6 6 4 5 12 16 17 27 30 32 35
37 34 36 30 24 18 17 10 6 3 2 0 0 0 1 3 5 10 6 10 19 43 51 66 55 41 39 44 41 56 48 30 32 32 33 19 29 9 19 15 10 12 15 30 31 6 9 5 2 1 1 1 1 0 0 0 1 2 1 5 8 15 25 37 26 38 11 8 20 75 83 56 29 8 7 6 6 4 3 2 4 3 1 2 3 6 7 9 11 9 15 28 27 29 34 52
24 22 24 18 15 11 9 8 7 4 1 1 0 0 1 6 12 15 14 14 20 26 38 56 59 56 44 43 38 53 71 50 31 33 16 17 19 16 27 12 8 8 13 15 22 19 3 5 1 1 1 0 1 1 0 0 1 1 2 6 12 20 44 37 25 30 21 29 13 22 64 45 22 21 13 17 14 6 4 2 3 4 5 2 2 3 4 9 13 11 14 30 29 28 35 42
25 23 22 11 5 7 8 8 3 1 1 1 0 1 4 10 11 20 26 28 19 28 46 43 57 74 53 46 45 33 44 51 24 32 22 25 25 23 13 12 7 8 8 7 8 11 5 10 3 1 2 1 0 0 0 0 2 2 3 7 23 33 32 24 20 23 32 48 32 29 34 14 20 20 24 20 11 8 5 2 6 6 5 1 3 4 7 3 6 8 12 11 28 34 29 38
19 34 27 25 19 15 9 6 5 2 0 0 0 1 10 11 16 13 28 42 40 45 44 41 50 68 78 45 59 33 36 45 30 19 33 32 20 17 15 13 3 6 5 7 12 11 11 14 10 2 1 1 0 0 0 0 1 1 4 15 27 36 21 14 41 35 46 48 36 37 21 17 23 32 29 26 20 17 9 3 6 8 9 3 6 3 4 5 5 7 9 14 15 16 32 39
32 23 20 14 12 6 4 3 2 1 0 0 1 3 11 10 8 19 38 48 57 69 74 54 53 53 76 34 53 29 28 44 15 16 29 29 28 22 15 13 8 8 6 5 13 14 9 12 5 3 1 1 0 0 1 3 2 6 11 27 18 11 14 27 61 56 39 31 34 27 31 28 40 37 48 34 28 21 4 1 4 15 11 7 12 8 5 11 6 11 17 19 18 19 19 38
36 28 17 11 8 8 4 3 2 1 0 0 1 6 6 7 6 15 20 33 36 58 70 77 57 44 56 53 61 27 44 22 13 12 17 31 27 30 11 12 11 13 7 6 9 12 12 5 3 2 2 2 0 1 1 1 3 3 10 2 7 21 27 59 57 40 33 27 41 48 48 45 47 56 32 24 22 14 7 1 1 14 24 14 9 11 15 15 7 8 14 18 34 29 33 40
16 18 16 4 4 4 5 3 2 0 0 0 2 6 7 10 23 10 18 27 46 50 64 55 66 55 59 62 47 22 34 15 12 29 17 25 24 15 13 17 19 16 6 7 20 13 14 6 4 1 1 1 0 0 0 0 17 7 3 8 16 21 35 36 22 22 25 31 29 41 61 66 57 30 13 13 11 7 1 0 3 4 22 12 12 12 26 37 12 8 11 21 22 21 32 39
7 5 11 7 8 7 4 2 1 0 0 1 3 8 14 26 19 18 29 43 40 49 62 64 49 47 50 43 39 40 50 19 13 18 26 17 22 16 14 13 15 8 10 5 6 8 11 7 4 2 1 1 0 0 1 1 0 41 29 13 9 5 16 16 27 27 23 19 13 47 80 67 42 27 16 8 5 2 1 2 2 7 15 12 21 13 20 25 34 11 13 23 24 30 24 37
8 3 1 5 8 6 3 2 1 0 0 1 7 12 24 23 14 23 37 38 35 60 67 63 44 41 45 32 50 61 26 18 17 31 14 23 20 18 16 14 13 11 21 4 9 10 9 5 2 1 2 0 1 1 1 7 4 5 11 14 7 19 11 15 15 27 26 12 27 45 58 40 40 36 17 7 2 3 3 7 5 7 6 31 28 9 6 12 47 12 12 24 27 27 21 26
6 6 6 4 7 6 2 1 1 0 0 1 3 5 13 15 28 36 43 63 43 38 67 50 58 38 40 39 8 56 24 19 15 25 21 12 14 20 15 14 14 10 23 4 4 22 8 4 3 1 2 0 0 3 5 1 8 10 6 3 9 5 9 16 16 21 14 47 43 23 47 34 31 27 18 5 3 6 5 5 10 13 8 15 18 19 11 22 28 28 23 14 16 40 28 25
13 10 11 5 5 2 1 0 0 0 1 1 1 4 9 10 21 27 45 59 63 66 72 47 54 48 46 34 35 30 47 19 13 17 16 5 7 15 17 20 12 4 12 13 2 7 5 10 2 2 2 1 1 2 1 2 1 2 4 11 9 11 12 23 11 14 35 17 15 33 37 33 29 11 3 3 6 4 9 6 10 9 13 18 30 37 12 15 29 30 54 30 12 20 45 33
4 10 6 4 2 1 1 0 0 1 1 1 1 2 8 10 13 28 45 51 64 49 53 13 25 43 50 8 7 15 35 8 11 37 13 11 15 18 8 3 6 2 11 12 2 7 9 3 1 1 2 1 1 1 1 1 4 7 22 11 5 8 24 42 27 25 48 51 50 44 36 31 15 9 3 4 12 8 20 7 10 12 15 15 32 25 42 15 30 17 7 36 17 16 20 29
7 6 7 4 1 1 0 0 1 1 2 3 3 2 2 5 15 19 36 47 49 28 22 40 31 27 13 12 29 14 20 15 14 17 17 16 13 11 11 5 7 6 6 11 2 4 5 2 1 1 1 1 1 1 0 2 4 2 4 7 10 22 31 40 47 50 38 35 52 48 71 45 22 11 3 1 3 15 15 9 14 14 21 12 16 28 24 43 34 31 19 44 24 5 16 14
11 5 5 3 1 0 1 1 2 1 2 4 4 4 3 3 14 19 21 22 28 56 50 39 39 38 25 16 18 18 13 10 15 12 6 8 8 10 12 3 10 7 4 10 1 2 4 2 2 1 0 0 1 1 1 1 2 2 9 8 21 17 20 68 77 44 43 31 69 41 33 32 9 9 9 8 8 18 19 18 26 17 17 16 18 13 25 47 60 63 19 16 31 15 22 35
6 5 3 1 0 1 1 1 2 2 5 7 6 6 5 4 5 8 13 25 34 38 44 29 18 25 30 15 20 10 14 13 10 23 7 10 6 10 5 7 3 4 2 6 1 1 2 1 1 1 1 0 1 0 1 0 1 3 5 6 13 12 36 58 62 78 48 28 22 28 23 7 3 11 17 17 9 11 27 25 36 20 20 20 22 21 12 10 11 26 47 45 32 21 21 29
5 3 1 1 0 1 1 1 1 3 4 9 11 12 6 8 17 13 10 29 41 53 36 41 33 37 21 14 17 13 5 6 12 5 3 23 3 7 4 3 4 3 10 5 2 2 3 3 1 0 0 0 0 1 0 1 2 8 11 38 43 34 25 36 43 28 47 53 34 23 10 3 6 19 12 27 11 12 25 39 30 40 24 21 21 20 28 18 16 22 39 34 26 61 21 35
3 2 2 0 0 1 1 2 2 4 7 9 13 13 12 9 21 18 20 15 28 16 22 22 17 29 16 9 17 12 12 9 4 2 1 7 3 7 2 3 2 2 9 5 3 2 6 2 1 1 0 1 0 1 1 2 3 2 9 15 24 22 13 22 41 36 50 30 39 26 18 2 12 15 15 28 31 13 16 26 32 43 27 39 27 14 19 28 8 4 9 9 11 35 43 29
4 2 1 1 1 3 3 3 4 7 8 11 13 16 28 16 22 33 23 38 47 44 52 48 43 32 25 30 27 15 36 34 23 5 8 4 7 5 2 2 1 1 1 4 2 1 1 1 1 1 1 2 6 7 33 17 19 16 25 15 24 27 34 46 39 38 41 36 34 22 6 2 13 18 27 26 29 24 25 39 29 48 32 42 27 16 17 28 37 11 20 21 12 8 9 13
6 3 2 2 3 4 4 7 5 5 10 13 9 21 28 18 9 13 42 53 62 51 55 59 58 56 53 52 69 58 18 14 10 5 2 2 3 3 3 1 2 0 0 3 1 1 1 1 0 1 0 0 0 0 2 6 42 44 21 27 27 27 13 46 37 32 37 35 13 9 3 5 15 20 14 23 27 39 29 41 27 17 47 44 32 16 20 36 30 16 20 26 21 33 39 43
5 3 3 5 4 5 9 9 9 8 5 7 18 20 19 36 9 9 18 26 47 61 32 50 55 65 54 33 5 14 25 11 5 4 4 5 4 1 3 1 1 1 0 1 1 1 0 0 0 0 0 0 0 1 1 1 5 21 49 69 77 29 26 22 22 28 32 38 32 11 5 13 29 24 23 27 53 41 40 40 39 18 25 57 40 17 18 24 24 18 27 15 28 30 43 48
1 2 5 5 6 10 10 12 12 11 6 8 13 20 15 27 18 7 16 25 34 42 24 49 29 23 16 9 6 7 12 7 6 7 5 2 3 4 3 0 1 1 0 0 0 0 0 1 0 0 1 1 1 2 3 6 10 27 21 18 30 67 50 37 37 40 49 35 28 11 8 26 30 39 37 28 46 51 39 31 27 26 11 40 54 27 28 14 34 18 32 29 19 33 31 23
3 3 6 8 12 13 14 14 13 12 8 11 13 15 23 14 35 5 7 7 17 12 24 22 25 30 22 22 23 13 23 7 6 10 6 4 3 2 1 0 1 1 11 1 0 0 0 0 1 0 1 2 1 4 11 6 7 9 13 9 11 26 51 49 45 33 42 35 18 5 15 31 28 35 39 38 27 55 42 51 29 41 29 30 67 33 44 21 35 27 28 41 28 28 22 29
2 6 8 9 14 15 13 15 16 16 9 12 14 23 32 23 24 9 9 17 12 11 25 23 28 29 28 21 18 28 24 19 14 22 4 2 2 3 2 1 3 2 0 0 3 1 0 0 0 4 8 1 3 3 4 6 16 18 25 17 16 19 20 26 33 30 25 30 17 11 16 31 29 41 34 30 29 39 47 56 39 26 41 27 69 21 25 32 20 42 26 27 27 19 20 21
4 8 16 11 15 9 11 18 27 26 11 7 17 14 39 65 9 10 8 28 27 28 19 21 26 20 27 14 15 20 18 12 9 8 7 6 4 4 3 1 1 0 0 0 0 1 1 0 5 13 1 0 1 7 7 8 11 18 12 13 25 18 23 17 19 19 22 17 12 15 28 32 29 30 30 30 34 39 49 41 35 31 37 45 66 20 24 28 17 43 28 13 36 13 7 15
9 10 13 19 18 12 18 21 35 33 13 6 10 20 34 33 12 14 10 21 31 27 25 15 18 10 21 22 18 20 12 9 10 9 7 5 4 3 2 2 1 0 0 0 0 0 0 2 0 2 0 1 1 1 4 49 19 24 21 24 21 19 18 17 17 19 18 12 11 12 23 27 19 31 26 39 50 30 33 55 40 45 42 44 59 35 40 17 40 39 10 19 36 10 14 17
12 13 14 34 20 12 13 25 33 50 17 9 18 20 35 46 26 19 18 32 36 48 26 28 27 9 17 14 15 12 19 7 10 8 7 3 2 1 1 1 2 1 1 1 1 1 1 0 0 0 1 2 4 5 11 6 13 17 32 33 27 20 19 20 20 21 17 10 5 21 26 27 33 29 45 36 33 41 27 22 41 42 29 47 23 82 44 14 26 38 7 19 16 26 16 19
16 27 14 39 23 13 14 26 30 40 10 10 20 22 34 38 42 6 29 33 34 48 27 28 26 33 16 15 8 7 7 13 21 10 3 6 2 4 2 1 1 1 1 0 0 0 0 0 0 1 2 2 6 7 19 4 4 5 6 17 16 23 23 28 26 28 26 14 6 22 22 23 31 36 45 17 30 21 43 16 23 22 30 16 44 74 24 15 51 16 8 17 14 29 26 22
14 15 28 30 27 25 16 21 35 56 12 19 23 32 29 49 11 9 30 32 41 46 48 25 44 24 24 20 11 11 7 25 33 10 10 4 3 4 2 1 2 0 1 0 0 0 0 0 0 1 1 1 5 13 12 4 9 18 18 23 24 26 30 39 35 40 30 15 6 24 25 22 44 30 35 44 39 27 14 30 15 24 27 26 21 47 39 26 37 15 13 21 10 12 6 41
7 10 32 30 28 28 18 23 35 42 13 23 31 51 52 29 9 9 29 30 30 50 39 40 24 22 37 22 20 16 17 20 25 15 9 9 7 3 5 2 1 1 0 0 0 0 0 0 0 0 1 2 4 5 14 12 14 22 24 29 37 44 36 33 27 21 26 8 12 27 32 27 43 41 28 27 36 25 26 7 39 8 13 37 44 48 54 70 28 13 21 16 20 23 15 41
15 16 35 38 46 32 20 23 40 41 12 15 36 54 38 12 7 20 28 27 40 39 37 35 34 23 29 23 32 27 28 14 6 6 8 6 5 2 3 2 2 1 0 0 1 0 0 1 0 0 0 1 4 11 9 10 23 30 36 23 47 28 14 23 32 26 14 10 11 22 44 26 37 41 41 30 43 22 28 19 14 32 12 5 8 26 48 58 20 34 24 18 16 33 11 12
14 20 22 29 64 39 19 26 32 42 11 12 35 54 25 13 9 22 33 28 26 29 32 29 53 18 22 20 16 27 25 13 14 8 6 3 4 3 3 1 1 1 0 0 1 0 0 0 0 0 0 2 4 3 14 26 10 18 12 14 13 15 28 35 22 24 23 9 14 12 45 29 29 26 31 35 29 24 10 19 11 32 16 12 6 6 21 39 30 56 25 21 15 34 6 10
17 34 25 21 34 56 23 30 49 16 14 15 24 60 32 15 8 28 32 29 37 45 35 47 36 26 13 15 27 21 8 22 30 14 4 4 2 2 3 1 0 1 1 0 0 0 0 0 1 0 1 1 2 6 13 11 25 11 18 22 20 20 22 20 25 26 15 10 10 19 19 43 24 21 26 26 36 31 19 35 11 10 19 13 10 8 10 23 34 35 20 23 17 22 10 16
19 24 42 34 18 40 13 37 66 17 18 31 38 51 19 21 3 16 36 33 46 31 33 43 39 29 24 7 5 6 8 6 7 2 2 3 4 2 2 2 1 1 0 0 0 0 0 0 1 1 1 2 3 6 16 18 30 19 18 31 21 29 33 23 28 29 14 12 13 30 29 28 44 19 21 22 44 29 19 17 20 10 7 30 16 9 11 11 30 23 33 20 16 11 17 8
20 26 44 50 25 55 14 30 64 31 16 43 46 32 16 5 5 12 19 34 44 42 27 27 26 49 24 7 10 6 7 6 8 4 2 1 2 2 2 2 1 0 0 0 0 0 0 0 0 0 1 1 1 4 6 6 8 26 27 24 31 18 21 25 21 24 24 6 15 29 30 25 37 9 25 22 23 32 39 36 29 13 9 8 19 9 7 17 29 64 45 17 10 9 16 7
20 23 26 54 25 49 24 25 35 41 20 46 42 13 6 9 14 22 30 38 29 31 34 15 23 22 36 10 6 6 10 8 7 5 3 4 2 2 1 0 0 1 0 0 0 0 0 0 0 0 1 2 13 8 5 24 22 49 28 19 29 31 33 35 36 23 22 12 18 32 24 36 52 15 15 32 22 35 26 21 38 9 14 14 40 9 5 7 7 29 36 14 13 5 29 14
17 18 15 33 55 28 40 18 46 20 48 25 14 5 16 14 22 16 52 48 20 25 25 23 11 15 37 30 9 9 5 7 5 2 2 1 2 1 0 0 0 0 0 0 0 0 0 0 0 0 0 1 2 5 11 17 12 38 14 14 18 25 29 28 19 17 14 23 24 28 29 36 9 23 25 31 25 15 25 19 57 13 13 9 15 22 12 13 17 17 35 10 23 6 12 20
34 21 16 23 30 38 44 22 58 44 32 9 6 13 17 24 26 17 16 16 27 27 24 32 25 14 10 4 10 16 4 7 3 2 3 3 3 1 1 1 0 0 0 0 0 0 0 0 0 0 1 1 3 3 7 10 14 20 13 4 12 18 23 21 14 11 12 22 23 25 28 40 11 10 5 9 26 30 55 9 43 22 12 14 7 6 29 10 14 18 11 28 5 7 12 19
23 30 23 17 15 27 49 26 28 12 9 3 9 17 28 34 31 12 16 16 24 25 15 5 9 5 6 17 2 5 8 12 5 6 1 3 1 1 1 0 0 0 0 0 0 0 0 0 0 0 1 1 1 2 4 9 9 21 15 16 26 21 25 14 21 21 12 23 21 24 19 34 9 18 9 13 13 9 27 12 10 27 12 16 7 16 20 4 12 20 27 18 4 6 5 7
22 31 24 28 34 39 42 27 31 8 11 9 13 26 25 28 37 19 21 21 23 23 13 8 7 9 7 4 4 10 3 4 4 16 2 5 1 1 0 0 0 0 0 0 0 0 0 0 0 1 2 1 1 2 6 4 12 33 37 33 27 18 23 23 21 17 19 28 19 20 19 26 11 20 17 13 18 15 18 32 6 26 10 23 6 5 18 2 6 7 23 12 3 6 6 18
22 33 27 30 34 48 43 9 6 3 13 11 20 25 24 35 21 41 28 19 19 17 14 16 15 12 10 4 5 12 3 4 1 1 1 2 3 2 1 2 1 1 0 0 0 0 0 0 1 1 1 0 1 3 4 7 16 54 14 19 28 17 22 18 16 16 25 31 17 18 18 19 16 18 24 13 17 16 15 13 17 48 15 18 11 3 29 9 3 3 11 18 5 6 5 2
18 38 34 30 60 57 8 6 9 12 24 18 17 25 22 36 12 18 46 10 19 12 7 10 17 13 4 6 7 8 16 3 2 1 1 0 0 0 0 1 1 0 0 0 0 0 0 0 0 0 0 0 1 2 7 9 13 24 18 12 25 20 15 5 18 9 10 35 17 16 25 16 25 14 21 17 14 16 13 9 16 5 25 20 18 4 7 5 2 3 4 19 4 8 9 8
20 28 53 44 65 9 10 8 10 21 21 23 29 42 10 43 10 15 18 39 9 24 6 5 8 15 14 9 7 4 2 4 2 2 1 1 1 0 0 0 1 0 0 0 0 0 0 0 0 0 0 0 1 2 5 12 6 16 39 31 13 10 8 4 25 14 15 36 20 13 26 15 34 19 19 21 11 12 18 9 6 4 16 9 13 4 2 14 2 3 5 13 8 8 4 5
11 26 51 78 34 5 9 16 20 20 33 40 14 21 10 11 23 8 16 16 8 15 8 7 8 11 7 16 7 8 7 3 4 2 2 1 1 0 0 0 0 0 0 0 0 0 0 0 0 0 0 0 1 2 6 8 27 16 15 30 13 9 3 8 11 28 14 15 21 12 19 13 26 21 10 18 17 9 10 16 13 3 5 16 19 5 1 8 4 3 5 2 15 7 3 24
11 31 61 45 4 6 18 17 12 34 22 52 10 23 10 9 14 49 7 19 22 13 18 5 5 10 13 7 6 11 5 3 8 1 2 1 1 1 0 0 0 0 0 0 0 0 0 0 0 0 1 1 1 1 3 6 12 13 16 16 15 8 3 10 8 15 12 13 22 11 13 17 12 24 9 10 29 9 9 10 16 3 7 7 13 5 2 4 5 3 2 1 2 4 3 3
11 30 46 17 7 11 16 17 10 22 9 44 11 27 26 7 23 47 4 21 36 6 27 5 5 12 13 11 3 2 12 1 1 2 3 2 0 1 0 0 0 0 0 0 0 0 0 0 0 1 1 1 1 1 2 4 7 11 9 23 14 7 7 10 16 19 7 9 19 16 9 8 6 15 8 9 12 11 8 6 2 2 7 3 9 3 2 1 5 7 1 2 4 4 10 1
9 32 26 18 7 9 20 32 7 11 11 28 7 15 37 11 16 46 7 7 14 11 16 6 5 5 5 9 7 5 1 2 1 1 0 3 1 0 0 0 0 0 0 0 0 0 0 0 0 1 1 1 1 2 2 3 2 6 10 7 5 11 10 11 9 14 15 10 11 14 5 9 5 9 10 7 11 3 3 7 3 2 2 3 12 11 2 1 2 5 1 1 4 6 5 2
23 24 35 9 7 11 12 17 7 12 11 14 15 7 28 6 5 29 8 5 5 4 25 11 4 3 4 3 4 3 6 2 0 1 0 0 2 0 0 0 0 1 0 0 0 0 0 0 0 1 1 1 1 1 1 3 8 19 12 5 2 8 9 9 10 9 33 6 10 15 4 7 7 9 18 1 6 7 3 2 4 2 2 2 3 12 1 1 1 4 1 1 1 13 29 11
56 28 6 6 10 10 10 13 6 24 12 5 15 6 41 5 4 14 8 4 5 9 18 6 3 4 3 7 6 4 2 2 1 2 0 0 0 1 0 0 0 0 0 0 0 0 0 0 0 1 1 2 1 1 2 3 7 18 17 6 3 18 8 5 8 8 16 8 4 16 7 3 4 16 10 3 3 3 8 1 3 6 2 2 14 6 1 2 0 11 3 1 1 1 2 2
5 2 6 5 8 10 16 17 11 19 8 4 37 4 5 16 6 19 8 3 3 5 6 18 4 5 2 5 6 3 2 1 1 3 0 0 0 3 0 0 0 0 0 0 0 0 0 0 0 1 1 1 4 1 2 2 2 13 19 3 4 8 9 5 9 7 6 12 4 20 9 4 5 4 13 3 2 4 3 3 1 1 7 2 2 6 1 4 1 3 9 1 3 2 1 1
12 5 16 10 8 10 19 8 23 11 3 5 16 5 5 16 3 5 18 2 6 4 3 10 2 4 4 3 3 3 3 2 0 1 0 0 0 0 1 0 0 0 0 0 0 0 0 0 1 1 2 2 0 1 2 0 3 6 5 2 6 20 11 4 3 14 3 8 3 4 26 3 6 6 3 4 3 3 5 3 3 1 2 2 1 5 6 4 1 1 23 1 1 1 2 1
21 9 5 11 11 12 9 7 16 6 5 5 3 4 3 6 3 3 14 4 5 3 1 3 5 4 3 2 2 1 1 1 1 0 0 1 0 0 0 1 0 0 0 0 0 0 0 0 1 0 0 0 0 1 2 5 5 3 5 4 3 14 5 4 4 6 12 2 8 2 9 2 4 10 1 2 10 1 2 3 4 2 1 0 1 0 6 5 1 1 7 2 1 1 1 1
46 12 6 6 6 8 3 7 13 2 7 4 3 3 2 6 3 3 7 2 2 5 2 1 0 1 1 1 3 4 1 1 1 0 0 0 0 0 0 2 0 0 0 0 0 0 0 0 3 0 0 0 0 1 3 10 4 1 1 7 2 2 7 3 6 3 17 2 17 1 5 4 2 3 1 5 2 1 1 1 1 2 2 1 1 1 0 0 4 4 2 1 1 1 2 1
17 4 2 6 3 3 3 3 10 2 3 2 2 7 2 6 2 8 2 1 1 4 2 1 1 1 1 1 2 1 3 2 0 0 0 0 0 0 0 2 0 0 0 0 0 0 0 0 0 0 0 1 0 1 4 5 3 2 1 9 4 3 1 6 5 4 8 2 10 2 1 2 4 7 2 1 2 0 1 0 0 1 1 1 0 0 0 0 0 0 4 1 0 1 1 1
23 3 13 4 4 2 3 2 2 1 3 2 1 7 7 1 3 3 4 3 2 1 2 2 2 3 1 2 1 1 1 0 0 0 0 0 0 0 0 0 0 0 0 0 0 0 0 0 0 0 0 0 1 6 5 4 3 3 1 2 5 2 3 3 3 7 4 5 1 4 7 1 5 8 2 0 1 0 1 0 1 1 1 1 0 0 0 0 0 0 0 1 1 0 1 0
10 6 2 2 2 2 4 2 2 1 1 1 2 3 3 1 1 1 1 0 2 1 2 2 3 2 1 2 2 0 0 0 1 1 0 0 0 0 0 0 0 0 0 0 0 0 0 0 0 0 0 0 1 2 4 3 1 2 2 1 5 2 2 3 1 2 1 2 1 1 5 1 2 3 0 0 1 1 1 0 0 1 0 0 1 0 0 0 0 0 0 0 1 0 1 0
1 5 1 2 2 1 2 1 6 1 1 1 1 0 2 1 1 0 2 1 1 1 1 1 1 1 1 2 2 0 0 0 0 1 0 0 0 0 0 0 0 0 0 0 0 1 2 0 0 0 0 1 1 2 4 1 1 2 2 2 6 2 1 1 2 1 1 3 1 1 3 1 6 1 0 1 0 0 0 1 0 0 0 0 1 0 0 0 0 0 0 0 0 0 1 0
2 16 1 1 1 1 2 2 1 1 1 1 1 0 1 0 1 0 5 1 0 1 1 4 1 0 1 1 1 0 0 0 1 0 0 0 0 0 0 0 0 0 0 0 0 0 0 0 0 0 0 1 1 3 2 1 1 2 2 2 5 2 4 1 1 2 1 2 0 1 1 1 4 0 0 0 0 0 1 0 0 0 0 0 0 0 0 0 0 0 0 0 0 1 0 0
2 7 3 0 1 1 2 1 1 2 1 0 0 0 0 1 0 1 0 0 0 1 1 0 1 0 0 0 0 1 0 1 1 0 0 0 0 0 0 0 1 0 0 0 0 0 1 1 1 0 1 2 3 3 0 1 2 2 1 2 1 3 1 3 1 1 0 1 0 1 1 2 1 1 1 1 0 1 1 0 1 0 0 0 0 1 0 0 0 0 0 0 0 0 0 0
0 3 3 0 1 0 1 1 0 1 0 0 0 0 0 1 0 1 0 1 0 0 1 1 1 0 0 0 0 1 0 0 0 1 0 0 0 0 0 0 0 0 0 0 0 0 0 1 1 1 2 3 3 1 1 2 2 2 1 2 2 1 0 1 2 0 0 0 1 0 1 1 0 1 0 1 0 1 1 0 1 1 0 0 0 0 0 0 0 0 0 0 0 1 0 0
1 1 2 0 0 0 0 0 0 0 0 0 0 0 0 3 0 0 0 0 0 1 0 1 0 0 0 0 0 0 0 0 1 0 0 0 0 0 0 0 0 0 0 0 0 0 0 6 3 5 5 8 0 1 1 1 1 1 1 1 2 0 1 1 1 2 4 0 0 0 0 1 0 1 1 1 1 1 1 1 1 2 0 0 0 0 0 0 1 0 0 0 1 0 0 1
0 0 2 1 1 0 0 0 0 0 0 0 0 0 0 0 0 0 0 0 0 0 0 0 0 0 1 0 0 1 0 0 1 0 0 0 0 0 0 0 0 0 0 0 1 5 11 2 3 4 1 0 0 1 1 1 1 1 1 0 0 0 1 0 0 1 0 0 0 0 0 0 1 0 1 1 1 1 1 0 1 1 0 1 0 0 0 0 0 0 0 0 0 0 1 1
0 0 0 2 0 0 0 0 0 0 1 0 0 0 0 0 0 0 0 0 0 0 0 0 0 0 0 0 0 0 0 0 0 0 0 0 0 0 0 0 0 0 0 3 2 2 11 14 2 0 0 0 0 1 1 0 1 1 1 0 0 0 1 1 1 2 0 0 0 1 1 0 0 0 1 0 1 0 1 0 0 1 0 1 0 0 0 0 0 0 0 0 0 0 1 2
0 0 0 2 0 0 0 0 0 0 0 0 0 0 0 1 0 0 0 0 0 0 0 0 0 0 0 0 0 0 0 0 0 0 0 0 0 0 0 0 0 4 7 7 10 1 3 15 5 0 0 0 0 0 0 0 0 0 0 0 0 0 2 2 2 1 0 1 1 0 1 1 0 0 0 0 1 1 2 4 4 1 0 0 0 0 0 0 0 0 0 0 0 0 2 1
0 0 0 2 0 0 0 0 0 0 0 0 0 0 0 0 0 0 0 0 0 0 0 0 0 0 0 0 0 0 0 0 0 0 0 0 0 0 0 1 3 11 12 9 14 25 17 4 0 0 0 0 0 0 0 0 1 1 0 0 0 1 1 1 0 0 0 0 0 0 1 2 3 0 0 0 0 1 1 1 0 1 1 1 1 1 0 0 0 0 0 0 0 0 2 0
0 0 0 0 0 0 0 0 0 0 0 0 0 0 0 0 0 0 0 0 0 0 0 0 0 0 0 0 0 0 0 0 0 0 0 0 0 0 0 1 1 0 4 18 22 9 0 0 0 0 0 0 0 0 0 0 0 2 0 0 0 0 0 1 1 0 1 0 0 1 2 2 0 0 0 1 1 1 1 1 1 1 1 0 0 0 0 0 0 0 0 0 0 0 1 0
0 0 0 0 0 0 0 0 0 0 0 0 0 0 0 0 0 0 0 0 0 0 0 0 0 0 0 0 0 0 0 0 0 0 0 0 0 0 0 0 0 1 1 1 0 0 1 1 0 0 0 0 0 0 0 0 0 0 0 0 0 0 0 0 0 0 0 1 2 3 0 0 0 0 0 0 1 1 4 1 1 1 1 0 1 0 0 0 0 0 0 0 0 0 0 0
0 0 0 0 0 0 0 0 0 0 0 0 0 0 0 0 0 0 0 0 0 0 0 0 0 0 0 0 0 0 0 0 0 0 0 0 0 0 1 1 8 3 1 0 1 1 0 0 0 0 0 0 0 0 0 0 0 1 0 0 0 0 0 0 0 0 0 1 1 0 0 0 0 0 1 1 1 1 0 1 1 0 0 1 0 0 0 0 0 0 1 0 0 0 0 0
0 0 0 0 0 0 0 0 0 0 0 0 0 0 0 0 0 0 0 0 0 0 0 0 0 0 0 0 0 0 0 0 0 0 0 0 0 0 0 0 0 1 0 0 1 0 0 0 1 0 0 0 0 0 0 0 0 0 0 0 0 0 0 0 0 0 0 1 0 0 0 0 0 0 0 1 1 1 0 0 0 0 0 0 0 0 0 0 0 0 0 0 0 0 0 0
