sesion_6_simulaciones/modelos_agentes/ejemplos_netlogo/scenarios/echam4_a2/rob_2077.asc
NCOLS 322 
NROWS 307 
XLLCORNER 451900 
YLLCORNER 4086900 
CELLSIZE 100 
NODATA_value -9999 
[rows 0 to 72 of 307, columns 96 to 191 of 322]
0 0 0 0 0 0 0 0 0 0 0 0 0 0 0 0 0 0 0 0 0 0 0 0 0 0 0 0 0 0 0 0 0 0 0 0 0 0 0 0 0 0 1 2 3 3 3 3 10 2 1 2 1 0 0 1 0 0 0 0 0 0 0 0 0 0 1 0 0 1 1 1 1 1 1 1 2 3 2 18 14 8 15 19 28 17 19 22 26 35 15 9 5 2 4 7
0 0 0 0 0 0 0 0 0 0 0 0 0 0 0 0 0 0 0 0 0 0 0 0 0 0 0 0 0 0 0 0 0 0 0 0 0 0 0 0 0 0 1 1 11 19 10 6 22 7 5 2 0 0 2 0 0 0 0 0 0 0 0 0 0 0 0 0 0 0 0 1 2 1 3 5 9 4 4 6 8 7 14 20 24 16 16 22 23 14 18 10 14 5 6 7
0 0 0 0 0 0 0 0 0 0 0 0 0 0 0 0 0 0 0 0 0 0 0 0 0 0 0 0 0 0 0 0 0 0 0 0 0 0 0 0 1 1 1 2 1 0 0 2 21 8 8 7 1 3 1 1 0 0 0 0 0 1 2 1 3 0 0 1 0 0 0 0 1 1 2 6 13 19 8 5 6 6 12 13 22 14 18 25 11 10 15 8 11 10 5 5
0 0 0 0 0 0 0 0 0 0 0 0 0 0 0 0 0 0 0 0 0 0 0 0 0 0 0 0 0 0 0 0 0 0 0 0 0 0 1 2 4 7 3 1 0 1 0 0 1 0 1 1 0 1 2 0 1 0 0 0 0 1 3 3 5 4 3 0 1 1 1 1 1 1 2 3 6 3 2 4 7 7 12 15 18 11 11 14 8 8 12 11 6 7 2 8
0 0 0 0 0 0 0 0 0 0 0 0 0 0 0 0 0 0 0 0 0 0 0 0 0 0 0 0 0 0 0 0 0 0 0 0 1 1 5 11 14 10 6 2 1 0 1 1 0 0 1 1 0 2 0 0 1 0 0 0 1 3 2 5 2 1 4 1 2 2 1 1 0 1 2 2 3 3 3 4 5 4 24 13 7 10 9 14 8 11 9 13 3 5 9 9
0 0 0 0 0 0 0 0 0 0 0 0 0 0 0 0 0 0 0 0 0 0 0 0 0 0 0 0 0 0 0 0 0 0 0 1 2 6 14 9 18 19 15 5 1 2 1 1 1 1 1 3 0 0 0 1 0 0 0 0 2 2 0 0 0 1 2 0 0 1 0 1 5 3 1 1 1 1 1 3 2 4 5 6 9 6 5 11 10 5 8 5 5 10 14 4
0 0 0 0 0 0 0 0 0 0 0 0 0 0 0 0 0 0 0 0 0 0 0 0 0 0 0 0 0 0 0 0 0 0 1 6 9 11 15 21 26 24 7 3 3 7 3 4 3 2 2 3 1 1 1 0 0 0 1 0 0 0 0 0 0 0 2 4 2 1 0 1 0 0 3 1 1 2 1 2 2 1 2 2 4 4 3 7 5 2 6 4 5 6 3 4
0 0 0 0 0 0 0 0 0 0 0 0 0 0 0 0 0 0 0 0 0 0 0 0 0 0 0 0 0 0 0 0 0 1 1 7 7 17 24 20 19 4 6 5 13 8 5 13 5 4 2 2 3 3 1 1 1 3 4 5 1 0 0 0 1 0 1 1 2 1 1 0 0 0 0 1 3 8 5 1 2 3 1 2 7 3 3 5 7 10 3 3 1 2 3 3
0 0 0 0 0 0 0 0 0 0 0 0 0 1 0 0 0 0 0 0 0 0 0 0 0 0 0 0 0 0 0 0 1 4 8 3 2 4 4 4 10 5 3 8 23 13 5 7 8 4 3 2 18 3 1 2 1 2 0 1 5 2 1 0 1 1 0 1 0 0 1 1 0 0 1 0 1 1 2 6 6 13 3 4 1 1 3 14 3 9 4 14 8 4 3 5
0 0 0 0 0 0 0 0 0 0 0 0 0 0 0 0 0 0 0 0 0 0 0 0 0 0 0 0 0 0 0 1 1 2 5 5 5 6 4 4 2 2 5 11 32 12 3 3 6 6 4 2 3 31 11 8 1 1 0 3 1 2 0 1 0 0 0 0 1 1 1 1 1 1 2 3 1 2 10 14 3 11 5 2 1 2 1 4 4 8 3 11 33 17 3 3
0 0 0 0 0 0 0 0 0 0 0 0 0 0 0 0 0 0 0 0 0 0 0 0 0 0 0 0 0 0 1 1 9 6 3 4 6 13 14 8 5 2 2 3 14 3 4 6 7 4 7 2 5 5 33 12 2 1 1 3 1 1 1 0 0 1 1 0 1 3 2 3 2 1 3 4 3 1 2 10 4 7 7 10 2 3 2 3 17 11 11 11 34 33 14 5
0 0 0 0 0 0 0 0 0 0 0 0 0 0 0 0 0 0 0 0 0 0 0 0 0 0 0 0 0 2 2 3 5 5 4 4 6 21 14 10 6 3 4 7 8 3 4 13 5 5 13 4 6 13 4 9 3 2 3 2 1 1 2 1 1 0 2 2 5 18 17 21 1 3 6 5 3 2 2 12 4 1 6 16 3 4 4 5 15 7 7 8 24 24 22 14
0 0 0 0 0 0 0 0 0 0 0 0 0 0 0 0 0 0 0 0 0 0 0 0 0 0 0 0 0 1 5 3 4 5 7 17 17 5 8 17 6 2 3 14 10 4 7 7 9 11 18 13 12 25 11 8 6 4 6 1 1 1 2 1 1 1 1 2 7 4 15 9 5 2 2 8 2 2 1 2 7 1 10 27 3 5 11 6 5 28 11 4 8 12 31 36
0 0 0 0 0 0 0 0 0 0 0 0 0 0 0 0 0 0 0 0 0 0 0 0 0 0 0 0 1 1 2 3 3 2 3 3 3 2 3 5 6 1 1 1 4 3 7 6 23 31 38 37 19 24 11 18 12 7 5 5 1 1 2 2 2 2 1 2 2 1 0 0 5 4 2 2 2 4 2 1 1 1 5 18 20 6 11 13 7 8 21 8 16 27 61 36
0 0 0 0 0 0 0 0 0 0 0 0 0 0 0 0 0 0 0 0 0 0 0 0 0 0 0 0 1 1 1 1 1 2 4 3 3 3 2 1 4 1 3 2 1 1 8 15 19 47 51 45 28 38 20 35 23 12 9 12 1 5 7 5 2 2 1 1 1 0 1 4 10 5 6 9 5 3 2 2 5 1 6 20 32 8 4 5 7 6 4 5 15 24 27 25
0 0 0 0 0 0 0 0 0 0 0 0 0 0 0 0 0 0 0 0 0 0 0 0 0 0 0 0 0 0 0 2 3 3 3 5 12 15 7 1 2 2 1 3 1 1 1 15 19 23 32 21 23 22 30 17 20 11 15 11 1 5 1 5 10 5 1 2 3 0 2 11 8 7 2 1 2 4 5 6 5 5 6 24 44 68 25 14 7 6 6 3 20 57 38 17
0 0 0 0 0 0 0 0 0 0 0 0 0 0 0 0 0 0 0 0 0 0 0 0 0 0 0 0 2 2 1 1 1 2 3 7 14 20 17 1 3 3 1 2 6 7 8 2 10 19 11 12 7 9 21 28 24 20 21 16 3 6 4 3 6 1 1 2 1 1 1 8 4 5 1 1 2 2 14 6 7 9 12 21 53 71 69 12 9 9 9 7 24 51 44 48
0 0 0 0 0 0 0 0 0 0 0 0 0 0 0 0 0 0 0 0 0 0 0 0 0 0 0 0 0 0 1 1 1 1 5 15 9 15 16 6 10 12 8 8 15 14 20 11 4 1 2 3 2 1 6 40 67 76 29 7 20 6 5 3 6 3 2 4 1 1 9 9 6 5 1 6 10 4 10 8 6 7 5 3 40 44 48 38 21 13 13 11 14 35 42 13
0 0 0 0 0 0 0 0 0 0 0 0 0 0 0 0 0 0 0 0 0 0 0 0 0 0 0 0 0 0 1 1 1 2 4 6 2 4 5 18 13 18 21 29 27 15 22 22 10 8 6 7 8 1 1 11 67 71 35 12 10 13 4 3 5 1 1 2 1 8 13 13 11 23 3 4 10 12 15 45 16 10 6 4 11 29 40 35 47 21 18 22 10 26 64 15
0 0 0 0 0 0 0 0 0 0 0 0 0 0 0 0 0 0 0 0 0 0 0 0 0 0 0 0 0 0 0 2 1 2 2 1 4 5 5 9 25 28 25 11 16 8 17 25 13 11 12 3 7 3 6 4 16 23 33 27 15 6 4 8 6 1 1 7 16 10 27 47 7 43 8 2 11 40 16 46 39 21 18 8 10 48 67 50 63 37 30 20 9 18 58 43
0 0 0 0 0 0 0 0 0 0 0 0 0 0 0 0 0 0 0 0 0 0 0 0 0 0 0 0 0 0 0 0 1 1 2 1 2 5 3 15 9 11 27 22 11 12 15 32 28 11 21 15 4 8 14 10 14 37 45 30 7 6 25 17 6 1 8 7 11 14 11 13 6 9 24 14 9 8 13 52 13 14 36 21 20 9 59 34 66 25 37 21 15 15 28 45
0 0 0 0 0 0 0 0 0 0 0 0 0 0 0 0 0 0 0 0 0 0 0 0 0 0 0 0 0 0 0 0 1 4 3 2 10 3 7 3 10 8 8 9 23 30 66 51 50 17 20 15 14 15 26 20 18 39 54 44 41 6 10 8 4 4 16 2 9 16 28 10 19 6 27 36 15 8 19 66 75 31 11 50 39 14 10 24 65 52 50 41 22 20 26 54
0 0 0 0 0 0 0 0 0 0 0 0 0 0 0 0 0 0 0 0 0 0 0 0 0 0 0 0 0 0 1 3 4 1 0 11 6 2 3 4 8 19 13 11 11 41 38 17 24 18 34 20 21 22 23 25 16 24 46 23 16 10 4 4 4 12 18 1 7 5 17 30 30 8 8 25 24 37 14 54 78 48 52 21 39 22 8 21 71 75 27 59 41 25 33 54
0 0 0 0 0 0 0 0 0 0 0 0 0 0 0 0 0 0 0 0 0 0 0 0 0 0 0 1 1 0 0 0 0 0 0 1 3 4 1 4 6 15 18 24 24 10 9 7 5 4 18 13 8 12 22 12 15 15 17 22 21 12 5 7 24 13 7 3 7 8 7 26 20 18 18 48 50 26 27 15 51 60 41 65 25 20 15 19 20 57 25 43 41 23 22 31
0 0 0 0 0 0 0 0 0 0 0 0 0 0 0 0 0 0 0 0 0 0 1 0 0 0 1 1 2 1 0 0 1 1 0 0 0 5 4 1 4 12 24 34 26 25 21 19 16 16 8 7 4 2 3 3 4 5 25 24 28 11 14 15 7 18 7 9 18 12 8 20 33 36 8 47 60 32 35 24 42 67 32 18 54 35 21 23 21 32 37 38 50 29 17 18
0 0 0 0 0 0 0 0 0 0 0 0 0 0 0 0 0 0 0 0 1 3 4 7 5 4 4 2 4 2 10 13 10 3 1 1 1 1 1 2 7 6 11 17 27 35 37 29 27 27 15 15 16 17 16 16 17 14 36 33 24 16 10 9 7 21 14 21 6 24 10 8 29 21 10 31 36 16 21 21 23 43 71 20 30 18 26 13 14 25 18 32 17 18 13 16
0 0 0 0 0 0 0 0 0 0 0 0 0 0 0 0 0 2 1 3 6 8 10 14 10 17 13 11 13 18 10 2 6 9 5 1 2 2 1 1 4 7 10 21 20 24 34 25 27 28 22 23 27 28 15 26 16 17 27 18 18 11 5 5 5 21 13 23 23 30 6 10 16 22 17 32 33 46 14 23 26 13 36 28 21 37 17 17 4 15 21 17 21 16 19 19
0 0 0 0 0 0 0 0 0 0 0 0 0 0 1 4 4 2 4 1 2 3 7 14 20 16 64 29 29 26 2 2 2 2 4 4 5 2 4 3 4 11 15 15 29 27 21 38 31 23 20 23 23 22 22 24 24 6 14 11 11 7 6 11 19 43 42 17 20 9 18 8 17 23 23 15 15 33 34 19 32 20 34 32 11 39 20 15 5 10 24 24 19 25 17 10
0 0 0 0 0 0 0 0 0 0 1 2 5 6 12 14 8 10 9 5 2 1 6 13 9 8 6 16 19 16 6 1 1 1 1 1 3 3 4 5 2 6 11 13 6 7 4 16 28 21 29 28 20 20 19 31 24 8 9 7 4 10 17 25 32 25 11 15 9 22 20 27 16 16 22 16 18 20 38 25 22 22 22 17 21 20 22 19 14 6 16 9 12 19 9 9
0 0 0 0 0 0 0 1 1 3 10 7 18 23 17 45 13 13 28 4 16 3 2 7 5 3 5 6 5 5 14 4 2 0 1 0 2 1 2 5 5 7 15 6 8 9 5 18 12 7 7 6 5 12 13 7 22 13 9 6 7 10 22 24 30 23 10 26 38 18 27 18 15 15 13 10 14 13 21 25 23 22 10 19 13 7 9 6 9 6 5 1 2 3 4 6
0 0 0 0 0 1 2 3 4 14 13 32 24 34 31 29 9 14 30 16 5 5 3 2 2 2 1 1 3 3 3 25 4 1 1 1 5 21 24 14 11 7 6 4 7 8 8 3 3 5 5 10 15 15 9 10 19 11 17 5 9 13 27 15 28 13 10 20 35 35 21 17 9 16 13 8 5 2 7 12 19 13 8 6 4 6 5 5 3 3 3 4 20 12 13 18
0 1 1 1 3 9 5 10 18 21 19 54 25 35 17 28 14 31 23 23 3 9 9 3 2 1 1 0 1 1 1 2 3 1 1 2 1 3 3 5 3 4 4 9 10 6 8 4 7 9 25 32 23 13 30 5 25 19 5 2 2 8 7 19 16 20 12 7 13 19 14 15 8 3 3 4 7 5 14 21 14 20 13 20 23 24 21 19 18 27 10 12 39 27 18 34
2 3 4 10 9 8 13 23 34 25 64 23 9 20 15 18 22 22 21 26 7 4 6 3 3 1 1 1 2 2 2 4 2 1 3 2 3 3 6 4 8 5 10 11 16 16 13 12 10 12 18 38 34 34 37 13 29 19 9 12 7 2 2 3 5 4 8 6 6 6 7 6 6 10 18 18 29 19 31 19 23 33 20 31 25 51 35 19 32 31 18 21 34 30 23 38
7 19 19 13 19 20 36 20 28 17 45 4 7 5 10 17 20 12 9 20 9 3 1 1 2 2 2 2 3 1 10 7 5 3 4 4 5 4 5 5 6 8 9 10 19 13 20 14 8 29 20 20 22 14 12 10 38 14 12 25 20 13 13 14 15 15 28 21 17 16 17 17 26 27 26 16 29 27 30 30 31 32 31 31 51 40 34 29 32 21 32 24 38 25 45 40
1 2 10 13 23 17 30 24 7 1 1 1 3 2 2 3 4 9 14 24 8 2 2 4 2 2 6 4 6 4 7 5 4 3 3 7 6 2 6 5 6 10 10 12 9 9 15 11 9 16 21 15 17 18 11 15 11 9 12 17 14 18 18 22 25 21 33 30 26 15 26 25 22 24 35 24 25 38 26 38 39 29 35 34 62 35 34 34 34 33 33 27 41 42 41 50
1 1 1 1 1 1 4 4 4 1 1 2 4 4 2 1 1 2 12 9 4 2 9 2 5 8 7 4 6 3 3 2 5 4 1 2 3 2 3 4 4 9 6 5 6 8 16 10 6 8 16 12 5 17 8 18 7 8 13 11 22 14 13 14 17 12 36 23 14 23 22 21 31 20 31 22 23 35 34 39 29 25 37 39 43 35 31 36 30 31 31 28 56 42 31 32
2 5 5 2 2 2 1 1 2 1 2 3 3 2 1 1 0 4 3 4 7 11 11 3 6 4 5 4 3 1 0 1 2 2 1 2 1 1 2 3 5 3 4 4 4 11 8 5 9 12 11 14 3 15 12 3 13 13 12 7 12 11 20 20 14 22 19 20 20 15 19 32 28 19 30 28 22 36 22 31 24 33 37 54 45 29 17 42 29 33 39 39 42 18 44 29
2 2 3 2 1 1 1 1 3 4 5 6 5 1 2 4 5 6 7 10 23 14 13 6 3 2 2 3 2 2 1 1 1 1 2 1 1 1 1 3 1 1 3 4 3 11 4 6 11 7 12 2 6 5 2 4 13 10 5 10 7 13 16 12 8 17 19 18 11 19 38 37 32 17 25 32 28 34 20 20 26 33 36 37 28 18 20 38 30 20 42 41 38 17 12 42
1 2 3 3 4 2 4 2 3 5 6 13 10 7 5 9 5 10 12 13 15 6 2 2 4 2 1 1 2 1 1 0 1 1 0 1 0 2 1 1 1 1 3 2 2 12 4 4 4 3 3 4 3 2 2 2 5 11 4 8 9 17 14 7 17 19 23 17 10 17 28 42 31 17 23 29 32 22 17 14 23 50 46 42 39 16 34 60 34 14 35 51 52 22 11 43
1 3 1 2 2 3 3 2 1 3 4 7 6 7 9 9 9 10 12 8 8 3 2 2 1 1 1 2 1 1 1 1 0 0 1 1 1 1 1 1 1 0 2 1 0 2 2 3 2 2 2 1 3 0 0 0 1 5 2 7 10 9 8 21 15 17 11 4 11 24 30 40 28 18 19 39 44 21 22 14 26 55 24 21 23 20 34 52 32 20 16 63 64 35 17 32
0 1 1 3 2 2 1 1 1 1 3 5 3 4 13 4 7 6 4 3 4 2 1 2 1 1 1 1 1 1 0 1 0 0 0 1 0 0 0 1 1 1 1 1 2 1 3 1 0 1 1 1 1 0 0 0 0 1 1 5 8 7 11 23 5 15 5 6 7 24 32 27 24 16 18 31 47 14 21 8 42 61 27 12 11 19 31 46 27 18 16 42 52 45 11 27
0 0 2 1 1 1 1 0 0 1 2 1 1 3 2 2 1 3 3 1 1 1 1 1 0 0 0 0 0 2 0 0 0 0 0 0 0 0 0 0 0 0 1 0 1 0 1 0 0 0 0 1 1 0 0 0 1 0 1 2 2 3 17 6 11 11 7 10 11 16 18 14 18 7 8 19 12 8 20 7 18 31 24 20 9 13 27 32 20 20 15 19 37 17 12 20
0 0 0 0 0 0 0 0 0 0 0 0 0 1 1 1 1 1 1 1 1 0 0 0 0 0 0 0 0 0 0 0 0 0 0 0 0 0 0 0 0 0 0 0 0 0 1 0 0 0 0 0 0 0 0 0 0 0 0 1 1 3 1 3 15 5 5 11 10 9 6 12 6 3 6 9 8 6 13 7 8 17 8 7 9 6 8 31 28 13 7 13 23 11 6 16
0 0 0 0 0 0 0 0 0 0 0 0 0 0 0 1 0 0 0 1 0 0 0 0 0 0 0 0 0 0 0 0 0 0 0 0 0 0 0 0 0 0 0 0 0 0 0 0 0 0 0 0 0 0 0 0 0 1 0 0 0 0 1 4 1 2 7 3 3 2 2 5 1 1 2 5 2 3 6 2 6 8 3 4 5 8 3 5 22 7 4 7 15 8 6 4
0 0 0 0 0 0 0 0 0 0 0 0 0 0 0 0 0 0 0 0 0 0 0 0 0 0 0 0 0 0 0 0 0 0 0 0 0 0 0 0 0 0 0 0 0 0 0 0 0 0 0 0 0 0 0 0 1 0 0 1 1 0 1 0 1 3 1 1 1 1 0 3 0 0 1 2 1 4 4 1 2 2 1 3 4 6 3 4 10 5 2 4 4 2 3 2
0 0 0 0 0 0 0 0 0 0 0 0 0 0 0 0 0 0 0 0 0 0 0 0 0 0 0 0 0 0 0 0 0 0 0 0 0 0 0 0 0 0 0 0 0 0 0 0 0 1 1 0 0 0 0 0 0 0 0 0 0 0 1 0 1 0 0 0 0 1 0 1 0 1 0 1 0 1 1 1 2 1 1 1 3 1 2 1 4 1 2 1 4 4 4 3
0 0 0 0 0 0 0 0 0 0 0 0 0 0 0 0 0 0 0 0 0 0 0 0 0 0 0 0 0 0 0 0 0 0 0 0 0 0 0 0 0 0 0 0 0 1 0 2 0 0 0 0 1 1 2 0 0 0 0 0 0 0 0 0 0 0 0 0 0 0 0 0 0 0 0 1 0 1 0 0 1 0 1 1 4 1 1 1 2 3 2 4 6 6 13 28
0 0 0 0 0 0 0 0 0 0 0 0 0 0 0 0 0 0 0 0 0 0 0 0 0 0 0 0 0 0 0 0 0 0 0 0 0 0 0 1 0 0 0 1 0 0 1 1 0 1 0 0 0 1 1 0 1 1 1 1 1 3 1 0 0 0 0 1 0 1 1 1 1 3 3 3 6 11 4 2 2 5 5 3 1 14 10 9 4 1 3 1 3 16 6 15
0 0 0 0 0 0 0 0 0 0 0 0 0 0 0 0 0 0 0 0 0 0 0 0 0 0 0 0 0 0 0 0 0 0 0 0 0 0 0 0 0 1 0 2 2 0 0 0 1 1 1 0 0 2 2 0 4 1 3 2 0 1 1 0 0 1 1 2 7 0 0 1 2 0 1 5 1 3 1 18 1 5 14 5 2 13 7 8 16 14 12 2 7 12 6 3
0 0 0 0 0 0 0 0 0 0 0 0 0 0 0 0 0 0 0 0 0 0 0 0 0 0 0 0 0 0 0 0 0 0 0 0 0 0 0 0 0 0 1 2 1 0 1 0 1 1 1 0 0 1 1 3 1 1 2 3 1 0 0 2 1 2 2 1 3 2 0 3 6 1 2 10 0 0 1 15 8 3 2 8 8 23 9 20 27 26 5 18 3 3 16 31
0 0 0 0 0 0 0 0 0 0 0 0 0 0 0 0 0 0 0 0 0 0 0 0 0 0 0 0 0 0 0 0 0 0 0 0 0 0 0 0 0 1 0 0 3 1 0 0 1 1 1 2 1 3 3 12 1 3 9 7 3 0 1 1 1 9 7 8 3 7 1 1 6 1 4 8 2 2 1 5 3 6 1 1 2 21 20 22 41 17 3 29 8 8 20 23
0 0 0 0 0 0 0 0 0 0 0 0 0 0 0 0 0 0 0 0 0 0 0 0 0 0 0 0 0 0 0 0 0 0 0 0 0 0 0 1 0 1 0 1 1 2 1 1 2 4 11 15 2 8 19 27 5 10 17 8 3 1 4 4 2 2 1 1 5 19 1 1 5 1 5 7 22 2 6 30 12 18 13 3 3 10 22 27 14 12 21 50 10 9 5 6
0 0 0 0 0 0 0 0 0 0 0 0 0 0 0 0 0 0 0 0 0 0 0 0 0 0 0 0 0 0 0 0 0 0 0 0 0 0 2 0 1 1 0 5 3 1 1 1 2 5 12 8 8 4 12 45 6 6 15 10 16 9 9 16 1 2 3 2 6 13 8 4 1 3 13 37 23 18 4 48 4 22 34 7 6 7 20 12 15 6 47 60 25 12 21 8
0 0 0 0 0 0 0 0 0 0 0 0 0 0 0 0 0 0 0 0 0 0 0 0 0 0 0 0 0 0 0 0 0 0 0 0 0 0 1 1 2 1 4 1 14 1 1 2 1 4 18 8 4 1 2 8 16 23 24 24 40 17 19 20 11 4 8 5 18 10 27 10 4 4 9 30 34 32 14 30 31 27 37 44 14 10 6 5 5 10 44 23 43 17 22 14
0 0 0 0 0 0 0 0 0 0 0 0 0 0 0 0 0 0 0 0 0 0 0 0 0 0 0 0 0 0 0 0 0 0 0 0 0 0 0 0 0 0 0 0 1 1 9 5 2 1 4 1 2 1 1 2 2 11 15 11 15 24 21 16 35 6 7 6 2 30 66 7 5 4 23 18 21 20 7 15 16 7 43 61 35 17 4 4 6 7 6 14 55 17 12 20
0 0 0 0 0 0 0 0 0 0 0 0 0 0 0 0 0 0 0 0 0 0 0 0 0 0 0 0 0 0 0 0 0 0 0 0 0 0 0 0 0 1 0 0 0 1 2 4 6 1 2 1 3 1 2 4 3 2 3 8 8 3 8 22 45 19 6 11 18 40 63 13 3 2 4 9 23 17 22 31 21 4 27 51 60 13 9 5 17 19 9 15 73 31 27 41
0 0 0 0 0 0 0 0 0 0 0 0 0 0 0 0 0 0 0 0 0 0 0 0 0 0 0 0 0 0 0 0 0 0 0 0 0 1 0 0 0 1 1 0 1 1 1 1 2 1 2 7 7 7 5 5 3 3 2 2 0 0 2 41 33 32 14 7 9 35 49 46 24 5 3 12 19 14 17 13 28 20 9 62 65 39 14 11 24 15 36 71 71 69 43 44
0 0 0 0 0 0 0 0 0 0 0 0 0 0 0 0 0 0 0 0 0 0 0 0 0 0 0 0 0 0 0 0 0 0 0 0 0 1 1 1 1 1 1 1 0 2 1 3 3 1 3 19 25 25 23 15 9 8 7 8 7 5 6 14 16 26 21 8 2 24 17 54 52 11 5 22 25 21 11 31 50 17 9 13 63 72 21 12 40 44 38 56 32 67 27 19
0 0 0 0 0 0 0 0 0 0 0 0 0 0 0 0 0 0 0 0 0 0 0 0 0 0 0 0 0 0 0 0 0 0 0 1 0 0 1 3 1 2 2 1 0 1 6 5 3 3 3 12 50 61 37 42 33 27 20 18 57 60 63 49 30 28 19 10 4 3 14 29 71 38 32 7 21 26 13 2 10 21 21 44 61 75 38 23 12 27 25 18 71 70 82 43
0 0 0 0 0 0 0 0 0 0 0 0 0 0 0 0 0 0 0 0 0 0 0 0 0 0 0 0 0 0 0 0 0 0 1 1 1 2 7 3 6 4 2 2 3 4 6 8 6 6 3 7 31 53 50 59 69 60 31 20 15 23 34 50 64 59 59 42 17 1 4 37 44 42 30 30 18 7 12 12 37 36 17 20 21 66 61 24 12 17 22 23 18 57 50 60
0 0 0 0 0 0 0 0 0 0 0 0 0 0 0 0 0 0 0 0 0 0 0 0 0 0 0 0 0 0 0 1 0 0 0 1 1 1 1 1 1 21 15 6 15 7 5 8 9 10 11 6 5 7 42 41 37 67 68 51 43 35 23 31 40 65 66 67 60 50 26 51 32 63 26 26 17 14 20 16 14 21 12 40 23 65 77 21 11 34 37 22 21 28 55 70
0 0 0 0 0 0 0 0 0 0 0 0 0 0 0 0 0 0 0 0 0 0 0 0 0 0 0 0 0 0 0 0 0 0 0 1 1 1 2 3 2 1 4 26 29 46 31 16 13 7 10 15 13 9 14 27 24 20 45 48 50 59 65 49 23 27 66 73 72 52 51 72 46 79 58 37 33 35 18 11 13 32 13 28 37 22 68 35 12 27 40 35 13 8 51 72
0 0 0 0 0 0 0 0 0 0 0 0 0 0 0 0 0 0 0 0 0 0 0 0 0 0 0 0 0 0 0 0 0 0 0 1 1 2 2 3 5 4 3 2 2 37 46 38 18 11 8 16 16 10 3 3 4 5 5 6 17 33 26 46 51 25 29 46 42 37 60 59 57 54 59 61 67 55 29 37 36 33 14 17 55 66 41 53 19 8 38 38 18 38 77 33
0 0 0 0 0 0 0 0 0 0 0 0 0 0 0 0 0 0 0 0 0 0 0 0 0 0 0 0 0 0 0 0 0 0 0 0 0 1 1 2 3 3 8 9 13 10 4 3 17 17 24 7 9 5 8 13 13 13 13 12 15 6 5 8 10 8 7 5 8 27 37 53 48 43 35 30 29 58 50 40 32 23 51 44 45 59 48 62 42 14 13 34 52 82 49 73
0 0 0 0 0 0 0 0 0 0 0 0 0 0 0 0 0 0 0 0 0 0 0 0 0 0 0 0 0 0 0 0 0 0 0 0 0 1 1 1 2 4 6 7 11 9 10 10 8 4 5 3 6 15 15 21 22 24 25 38 17 5 5 16 16 28 16 18 5 4 13 40 31 19 19 23 29 43 49 63 56 27 22 28 29 33 49 60 65 24 13 30 87 63 54 66
0 0 0 0 0 0 0 0 0 0 0 0 0 0 0 0 0 0 0 0 0 0 0 0 0 0 0 0 0 0 0 0 0 0 0 0 0 0 0 1 2 2 2 3 6 5 5 10 9 8 13 15 18 23 18 17 29 34 36 40 21 17 19 27 26 20 27 16 8 13 11 3 3 3 6 4 13 14 6 14 25 17 18 14 16 18 45 55 46 30 14 69 72 46 74 71
0 0 0 0 0 0 1 0 0 0 0 0 0 0 0 0 0 0 0 0 0 0 0 0 0 0 0 0 0 0 0 0 0 0 0 0 0 0 0 0 1 2 2 1 4 4 6 8 12 9 15 8 8 12 19 22 27 29 46 37 24 23 27 25 35 39 45 39 22 24 8 4 2 6 7 14 35 23 17 15 14 11 7 11 11 17 25 37 59 54 25 81 35 26 66 79
0 0 0 0 0 0 0 0 0 0 0 0 0 0 0 0 0 0 0 0 0 0 0 0 0 0 0 0 0 0 0 0 0 0 0 0 0 1 1 1 1 1 3 2 5 4 6 7 8 4 14 9 8 6 12 13 32 35 42 30 14 23 20 33 35 55 50 51 42 26 20 21 20 26 27 38 46 35 23 24 40 49 33 19 25 18 8 16 33 67 49 78 33 33 76 91
0 0 0 0 0 0 1 0 0 0 0 0 0 0 0 0 1 0 0 0 0 0 0 0 0 0 0 0 0 0 0 0 0 0 0 0 0 0 0 1 1 1 1 2 2 3 3 7 6 5 7 8 5 5 9 14 23 24 19 17 17 17 24 25 30 56 52 43 39 22 33 33 35 38 34 36 49 34 34 35 38 41 29 47 50 34 35 12 19 46 43 44 43 29 57 76
0 0 0 0 1 1 1 1 2 1 0 0 0 1 0 0 0 0 0 0 0 0 0 0 0 0 0 0 0 0 0 0 0 0 0 0 0 0 0 1 1 1 0 2 1 2 2 5 2 1 1 5 4 3 4 11 16 12 9 5 7 17 16 18 39 43 39 37 19 18 27 28 31 50 31 43 42 51 30 36 45 42 44 61 57 58 44 19 12 40 37 54 40 19 43 63
0 0 0 0 0 2 0 0 0 1 1 0 0 0 1 0 0 0 0 0 0 0 0 0 0 0 0 0 0 0 0 0 0 0 0 0 0 0 0 0 0 0 1 1 1 0 2 1 1 0 2 2 2 1 3 10 5 5 3 5 5 8 7 15 29 30 32 33 16 29 36 37 24 32 39 36 39 32 26 39 45 43 44 63 39 38 25 25 17 11 19 41 39 14 37 28
0 0 0 0 0 0 2 3 3 1 0 0 0 0 1 1 0 0 1 1 0 0 0 0 0 0 0 0 0 0 0 0 0 0 0 0 0 0 0 0 0 0 0 0 0 0 0 0 0 0 3 0 1 0 3 1 1 3 1 2 2 3 7 14 10 22 22 14 13 20 28 29 14 27 25 24 35 24 20 30 45 39 54 36 27 38 39 54 52 25 6 8 26 20 16 21
0 0 0 0 1 1 1 2 1 3 2 0 2 0 0 0 0 4 2 0 0 0 0 0 0 0 0 0 0 0 0 0 0 0 0 0 0 0 0 0 0 0 0 0 0 0 0 0 0 0 0 0 0 1 0 1 1 1 1 1 1 2 9 5 10 9 7 9 15 20 18 20 16 19 8 14 14 8 12 17 46 25 21 23 37 50 71 61 55 36 26 10 6 13 12 11
