sesion_6_simulaciones/modelos_agentes/ejemplos_netlogo/scenarios/echam4_a2/rob_2054.asc
NCOLS 322 
NROWS 307 
XLLCORNER 451900 
YLLCORNER 4086900 
CELLSIZE 100 
NODATA_value -9999 
[rows 0 to 73 of 307, columns 192 to 287 of 322]
38 36 20 10 32 58 31 14 14 19 23 10 7 6 10 7 5 5 9 8 7 7 5 6 11 18 10 19 20 45 15 5 5 1 1 1 3 3 2 7 9 4 4 17 24 26 22 34 46 51 33 33 37 45 40 53 43 81 40 34 5 6 11 29 39 24 38 35 18 29 13 8 9 15 29 14 13 27 51 18 10 12 12 16 15 12 27 22 19 20 6 14 23 55 14 3
43 23 27 25 36 55 17 26 41 26 18 14 23 21 13 12 16 4 8 11 13 8 4 4 5 19 7 8 6 10 39 18 3 2 1 1 1 2 5 3 7 2 1 5 8 12 24 23 39 74 83 63 39 38 39 45 63 66 65 13 16 9 34 28 35 32 37 26 35 12 4 17 7 16 42 16 47 31 24 29 20 26 29 18 13 7 19 25 25 21 12 20 17 25 11 8
20 44 25 25 55 42 29 15 9 24 25 27 41 43 24 40 26 23 34 34 31 14 9 5 3 4 3 1 1 3 5 21 14 3 4 2 1 1 3 1 1 1 8 16 16 29 28 34 43 57 63 51 60 45 61 75 36 36 40 18 19 21 29 19 19 44 18 18 15 19 9 11 9 15 55 17 58 41 20 37 21 18 25 27 15 4 11 14 26 17 13 35 16 36 9 2
29 29 58 58 42 28 26 26 27 51 28 45 62 49 42 59 45 26 38 54 42 35 26 14 9 6 1 2 2 1 2 4 2 3 2 2 2 1 1 1 3 6 4 4 8 33 30 35 13 24 18 20 28 58 47 55 48 19 25 31 34 14 16 32 17 47 33 29 52 16 23 19 6 6 34 17 25 23 30 36 25 23 26 32 17 5 10 24 35 14 24 20 19 36 7 1
22 17 36 10 49 55 47 41 53 44 47 32 40 38 45 63 48 54 59 64 58 37 28 29 15 21 11 17 12 3 1 0 2 1 1 2 1 0 1 1 2 3 6 9 8 13 13 21 45 60 61 49 42 37 68 69 28 26 8 10 30 28 18 30 27 48 28 19 11 7 6 6 8 5 17 17 14 30 54 63 51 17 16 36 33 24 3 20 21 35 26 16 28 45 13 2
23 19 37 29 17 24 54 23 50 43 36 43 18 43 54 57 63 59 26 26 45 29 21 30 27 27 13 22 15 5 5 2 1 1 0 0 0 1 0 0 2 3 6 15 29 48 53 60 53 34 38 38 48 63 83 58 33 27 8 42 57 52 43 40 32 55 19 23 31 24 31 23 18 14 11 16 26 24 32 24 36 59 42 30 36 25 8 14 21 24 11 17 24 24 15 3
17 9 11 31 20 16 55 20 14 30 37 70 43 23 47 61 54 57 32 13 18 40 47 54 30 28 30 19 20 15 11 7 6 6 3 1 1 2 1 0 1 3 9 15 43 27 33 41 59 46 47 82 47 69 77 43 28 34 18 35 48 51 48 51 57 45 43 41 38 13 22 22 18 28 25 13 5 17 35 39 30 54 34 17 11 34 13 10 13 12 13 24 37 44 10 9
12 9 10 15 35 28 44 57 18 9 19 28 55 19 8 27 16 30 35 20 15 28 15 24 29 23 27 18 25 21 19 16 14 15 12 5 7 3 1 1 2 8 15 23 35 42 35 63 81 77 76 47 66 63 70 42 23 9 16 21 27 21 22 14 15 41 28 21 43 22 19 15 21 26 28 18 5 26 43 23 51 67 45 18 10 34 23 12 13 27 24 29 51 30 15 10
24 20 19 12 21 18 34 62 62 29 14 15 30 44 26 18 12 34 41 28 23 36 11 21 42 29 26 27 26 36 32 28 29 24 14 11 5 2 1 1 4 6 15 22 44 46 35 43 63 74 58 38 79 62 60 26 12 45 62 45 54 44 57 37 39 70 37 29 12 13 18 16 20 22 18 10 7 14 18 33 47 60 42 29 13 15 16 10 9 32 26 36 26 39 16 26
17 20 21 13 12 7 29 29 61 46 39 23 21 30 36 17 16 12 36 35 32 41 14 15 26 30 22 21 13 21 5 12 22 22 15 7 4 2 1 1 1 4 10 18 34 17 18 61 39 32 29 84 64 64 40 20 31 55 57 69 52 83 69 35 55 28 47 40 35 13 14 25 24 13 10 7 6 11 40 20 12 44 47 43 24 11 22 7 11 14 16 43 29 37 22 53
21 21 23 25 13 7 4 6 12 32 21 16 13 36 23 16 21 5 11 28 21 40 46 12 15 14 36 19 6 15 25 5 2 2 4 12 6 3 1 2 3 5 14 28 9 26 36 43 14 23 66 70 45 55 24 16 29 43 37 57 78 81 39 26 27 39 46 45 54 36 48 30 29 25 15 12 5 5 14 25 26 55 69 42 47 19 12 17 5 17 41 18 27 19 21 67
44 28 16 20 21 19 14 9 7 7 9 9 16 16 15 12 9 17 11 13 29 34 29 15 3 9 31 21 8 7 20 23 3 1 1 2 8 3 0 1 9 14 16 7 4 4 21 7 14 49 76 61 39 29 13 41 38 31 40 79 66 55 13 21 32 35 59 51 43 50 39 32 38 40 36 27 10 7 21 22 26 75 49 62 43 35 16 9 7 27 26 15 38 13 41 73
55 38 35 52 43 42 39 23 39 25 21 15 8 7 7 6 7 24 22 9 7 15 14 13 3 7 15 11 8 3 3 10 3 1 0 1 3 5 1 2 8 10 8 14 12 12 33 6 22 61 53 27 7 27 52 60 59 64 84 74 16 22 23 16 18 16 29 29 53 32 16 28 47 51 50 28 12 3 20 30 60 62 25 41 55 37 23 6 7 26 22 16 41 14 38 48
71 66 59 64 60 54 44 41 38 40 39 42 19 15 9 8 5 3 4 3 6 5 3 5 5 8 9 9 3 2 2 6 5 4 0 0 2 4 3 3 3 7 5 3 3 18 9 8 33 23 14 5 13 32 42 48 69 67 55 12 42 55 47 34 36 19 15 17 44 33 49 62 44 31 30 31 16 5 12 25 58 26 20 42 70 41 30 14 5 10 11 16 24 14 33 28
25 66 68 71 62 62 39 49 27 29 45 36 28 29 30 26 17 8 2 3 2 2 1 3 5 5 3 2 1 0 2 3 4 3 1 0 2 4 5 3 3 3 4 2 1 4 4 6 10 8 3 6 14 21 38 48 49 13 36 46 56 49 59 80 81 71 61 38 39 50 61 45 54 43 24 19 11 6 13 27 34 17 11 59 71 71 45 48 23 5 9 14 13 15 41 35
42 61 71 49 60 78 60 34 54 42 31 43 39 48 49 33 25 9 7 6 4 2 1 1 3 2 1 1 0 1 1 3 4 6 3 1 2 3 2 4 2 2 2 1 1 1 6 9 5 4 12 9 11 17 25 34 14 46 45 45 57 72 80 67 65 73 35 30 58 15 46 76 49 37 41 44 42 25 10 28 31 18 6 15 41 68 23 16 21 21 5 19 9 14 42 36
73 25 74 55 51 72 79 80 48 25 39 37 55 51 46 36 36 27 18 16 12 11 4 2 1 1 4 4 2 2 0 0 1 2 3 2 2 2 2 3 2 2 1 1 1 1 1 1 5 17 13 29 26 18 15 37 47 46 47 44 69 60 77 64 65 42 27 58 39 39 33 17 57 27 54 61 63 43 31 10 47 27 19 5 16 44 55 18 7 9 4 5 11 20 14 15
49 17 62 40 60 68 68 48 76 80 54 61 62 27 28 27 37 35 24 21 16 13 10 4 3 4 9 7 5 3 1 0 0 0 1 1 2 1 1 2 2 1 1 1 0 1 4 10 13 14 22 44 41 42 20 36 37 64 61 59 78 65 59 49 29 31 46 59 44 29 16 17 49 50 59 60 62 63 46 17 11 24 24 17 5 20 36 25 17 3 9 1 10 16 7 7
40 41 44 47 35 61 68 43 48 80 51 72 81 56 42 30 46 59 55 40 34 18 9 6 9 6 12 12 16 5 5 4 4 2 1 1 1 1 1 1 1 0 0 0 2 5 13 15 14 19 34 45 40 30 47 51 53 51 39 50 67 38 19 12 28 30 29 77 57 20 23 14 50 51 14 32 70 57 62 47 14 9 40 23 14 5 20 25 24 10 2 2 14 7 1 2
45 20 28 42 30 41 72 36 28 60 67 78 78 66 68 59 21 35 37 50 29 21 18 14 15 14 14 19 19 15 9 7 6 5 3 2 1 1 0 0 0 0 1 2 8 9 12 21 11 26 42 35 52 50 53 53 17 13 30 49 76 36 14 37 50 45 62 64 43 36 23 9 17 54 42 14 33 43 56 55 48 14 12 26 20 6 4 14 27 18 2 1 8 1 8 16
61 31 31 34 10 24 58 36 46 35 57 46 62 34 47 52 16 13 30 50 32 44 23 13 34 25 16 11 13 11 7 3 5 4 6 3 2 1 0 0 0 0 3 8 11 16 8 8 27 48 35 42 60 67 76 69 45 34 45 51 53 20 20 49 50 43 44 18 41 46 30 8 11 25 57 31 13 20 69 43 39 17 6 15 18 5 7 19 12 12 1 1 2 3 15 37
41 13 39 36 12 9 28 57 15 28 66 57 63 36 34 19 21 5 13 52 45 32 23 20 11 12 4 4 5 4 6 5 3 2 5 4 2 2 1 0 0 2 4 6 5 13 12 22 25 26 21 34 45 77 80 81 77 66 52 47 31 15 33 43 60 56 45 25 25 43 19 9 11 19 53 34 15 17 29 53 39 29 11 7 19 7 10 15 8 3 4 12 5 11 34 45
54 15 47 49 21 13 17 35 12 12 56 42 30 17 8 20 19 16 5 11 15 29 49 48 20 5 13 6 2 3 3 2 1 2 3 6 4 1 0 0 0 3 6 8 4 6 3 9 6 8 8 27 47 37 57 75 58 42 25 72 35 15 34 40 39 50 69 39 36 15 10 10 24 42 68 34 17 23 35 64 39 18 10 4 9 14 9 14 5 2 9 41 20 21 21 38
44 35 29 47 9 14 21 32 25 9 9 8 10 27 11 8 23 19 9 13 13 15 34 23 21 6 9 11 6 1 2 1 1 1 1 2 3 1 0 0 1 1 1 3 2 2 4 5 13 12 9 24 22 32 34 25 18 36 62 44 14 27 39 33 50 71 43 35 38 23 10 15 25 46 49 25 26 19 35 57 44 46 20 5 4 7 8 13 2 4 13 11 30 44 24 30
15 12 21 20 12 5 22 35 13 5 10 6 7 15 19 11 14 17 14 5 5 7 10 8 8 4 6 12 10 3 1 1 1 1 1 1 1 2 1 0 0 1 2 3 5 9 13 14 12 17 27 16 11 7 9 18 36 40 69 36 13 43 32 27 56 77 40 49 46 24 16 17 29 59 41 25 35 21 28 45 41 41 36 20 5 3 9 5 3 19 22 23 25 24 62 28
6 9 4 14 6 3 23 31 13 4 4 6 5 4 12 14 7 5 8 8 3 3 5 6 5 4 3 8 17 3 2 1 0 0 0 0 1 1 1 0 0 1 1 2 5 6 12 5 6 16 20 36 29 47 33 36 37 55 59 10 21 35 24 18 48 61 40 40 36 28 14 14 32 63 28 40 36 16 13 24 26 37 24 9 11 2 2 5 16 35 40 42 49 33 22 53
3 4 2 3 2 7 17 13 6 3 1 3 3 1 2 6 7 7 5 6 2 2 2 3 1 2 2 2 3 4 3 1 0 0 0 0 1 0 1 0 0 0 1 1 2 3 3 5 11 12 28 33 30 43 55 68 65 79 41 11 25 30 20 31 72 60 21 38 42 26 17 10 26 60 29 25 24 24 5 12 26 35 14 8 3 2 5 18 38 35 41 37 45 56 67 38
2 1 1 1 1 1 1 2 2 1 1 0 0 0 0 1 2 1 3 4 2 2 1 1 1 1 3 2 2 2 3 2 1 1 0 0 0 0 1 0 0 0 0 1 1 2 6 7 6 25 22 28 36 42 54 79 65 55 11 28 37 24 45 60 83 41 50 27 25 27 24 16 38 61 38 24 23 26 6 10 22 33 20 22 8 1 5 14 19 14 14 13 13 19 38 43
1 1 1 1 1 0 0 0 0 0 0 0 0 0 0 0 0 0 0 1 1 1 1 0 0 1 2 2 1 1 1 1 1 1 1 0 0 0 0 0 0 1 3 4 4 5 12 29 9 19 16 20 28 27 65 57 33 9 27 38 36 31 55 80 48 27 44 24 24 27 22 12 24 54 69 41 27 16 7 8 20 36 27 15 6 1 5 7 5 16 18 28 30 27 26 41
1 3 3 5 3 1 1 1 1 2 2 2 3 3 5 3 2 2 0 0 0 0 0 0 0 1 1 1 1 0 0 0 1 1 0 0 0 0 0 0 1 3 4 4 6 12 15 11 30 21 19 17 32 33 67 24 14 22 36 40 33 33 55 79 38 25 24 38 21 10 9 12 39 57 30 54 35 17 6 4 28 24 30 14 5 1 6 14 27 39 23 39 48 42 35 16
4 7 6 8 5 1 1 5 4 6 6 9 8 8 9 9 6 5 4 2 1 1 1 0 0 0 0 0 1 0 0 0 1 0 0 0 0 0 0 1 3 4 4 10 12 19 21 16 26 49 51 49 33 46 28 14 5 33 32 38 20 33 57 68 41 18 25 34 27 18 5 12 50 24 18 61 48 24 9 4 14 12 23 11 3 3 13 15 18 29 28 27 17 18 21 41
10 10 10 9 5 3 4 10 9 9 10 11 21 13 19 17 9 7 5 6 3 5 3 1 1 1 0 0 0 0 0 0 0 0 0 0 0 0 1 3 4 5 6 7 16 22 29 47 37 43 26 63 44 28 30 25 11 28 39 51 48 39 65 29 14 36 42 21 36 15 5 12 23 24 15 60 31 24 8 5 13 11 13 8 2 7 27 38 41 30 24 13 24 25 25 37
25 24 14 20 12 6 6 8 9 11 24 23 24 30 24 13 12 9 9 9 8 7 5 3 3 3 1 1 0 0 1 1 0 0 0 0 0 0 1 3 3 4 5 9 18 23 40 44 36 33 25 15 33 29 36 7 20 31 27 41 34 45 47 53 51 30 21 17 44 31 12 8 23 18 31 64 28 19 12 4 5 11 9 4 6 15 29 54 59 53 53 32 37 47 43 68
32 30 33 18 16 15 8 15 24 25 35 30 32 24 30 20 17 16 12 18 14 14 6 5 4 6 3 2 1 1 4 1 1 0 0 0 0 0 1 2 2 3 5 8 13 31 19 8 47 39 26 15 31 33 6 6 17 21 25 42 53 58 62 34 23 22 32 24 20 25 18 9 24 20 28 41 34 32 12 4 4 7 4 4 11 17 18 22 16 18 19 34 46 48 77 77
36 37 41 38 32 12 11 21 30 42 43 38 39 36 34 32 22 37 27 23 9 6 5 7 6 5 3 3 3 4 1 1 0 0 0 0 0 0 1 2 2 4 11 7 5 10 9 16 17 23 23 6 16 4 8 5 8 14 17 35 53 64 42 59 37 20 20 19 16 27 26 9 10 17 25 31 32 15 10 4 2 3 4 6 20 9 12 21 41 45 44 37 26 72 52 64
52 66 50 20 34 16 23 25 53 47 43 43 45 60 61 43 43 35 22 29 13 11 5 14 13 5 4 4 10 2 1 1 1 1 1 0 0 1 1 1 3 5 9 3 6 9 10 16 15 12 8 5 9 3 8 4 12 27 35 49 38 33 48 62 25 13 11 11 22 19 15 9 6 13 14 34 30 18 9 4 2 2 6 17 30 35 31 29 37 30 27 54 58 70 49 29
67 78 44 43 54 26 21 56 55 66 34 51 61 54 70 50 28 19 38 27 20 14 4 18 5 4 6 11 3 1 1 2 2 1 1 1 1 1 0 1 2 4 2 2 3 9 25 23 17 9 7 4 5 5 11 17 25 19 15 20 26 37 41 60 33 17 17 14 10 8 9 10 5 11 20 17 15 21 10 3 1 8 19 15 28 52 52 55 52 52 30 45 43 47 50 23
56 73 42 41 58 32 32 66 59 65 28 51 72 58 71 42 35 35 46 44 29 11 11 6 7 12 22 2 2 3 3 3 2 2 1 1 1 1 0 0 0 0 1 2 6 17 18 9 21 6 4 3 9 9 14 10 9 5 20 24 21 46 47 40 20 56 56 40 26 21 12 10 4 8 10 7 11 12 4 1 3 15 33 47 45 54 63 58 49 48 48 55 23 9 42 31
68 43 45 40 56 31 35 64 79 60 23 60 76 68 68 68 42 57 72 49 30 13 23 11 22 22 3 3 5 5 3 2 5 3 4 2 1 2 2 1 1 1 1 3 22 8 16 3 5 10 3 4 12 13 13 12 9 19 51 57 47 42 71 41 52 36 43 46 23 14 12 9 4 3 5 9 5 8 2 1 4 12 15 32 35 20 36 16 14 17 11 69 53 28 22 12
86 70 49 38 50 29 49 64 86 50 30 48 69 72 74 47 41 82 52 15 17 38 33 22 26 10 8 9 12 11 5 7 6 5 2 3 2 4 2 2 1 1 0 1 5 5 5 2 1 1 1 4 8 16 16 30 37 38 30 43 57 58 39 54 46 46 18 34 50 21 8 5 3 1 3 5 3 4 2 2 6 15 18 21 19 10 15 25 39 59 72 85 64 26 18 8
77 77 46 51 54 31 43 66 77 51 30 51 83 83 51 65 47 50 21 15 27 60 64 41 28 23 12 11 16 9 7 18 8 2 2 5 3 6 5 2 2 1 1 1 0 0 0 0 1 3 8 10 17 24 27 38 32 28 51 68 72 70 52 58 14 72 56 14 14 42 35 24 11 5 1 3 3 1 1 2 7 7 9 15 12 16 43 47 43 39 49 72 41 25 18 8
76 60 40 56 49 46 34 64 74 47 34 51 83 75 60 52 30 19 6 26 50 59 43 18 14 6 5 27 20 11 17 14 6 3 4 6 7 7 7 1 2 1 2 1 1 0 0 1 2 3 7 8 14 17 16 20 29 47 37 78 68 39 35 73 49 26 62 27 11 7 16 15 20 17 6 3 1 1 1 1 7 9 7 9 17 29 41 42 40 53 42 53 47 32 15 6
74 59 33 59 48 48 41 46 57 32 28 49 62 33 35 33 14 20 16 33 61 31 24 25 11 13 7 35 29 16 34 16 5 6 6 11 10 17 10 4 4 1 3 2 1 1 0 0 2 2 3 5 15 15 24 38 21 48 51 73 26 10 37 73 38 36 21 52 20 4 6 8 15 12 12 8 2 1 0 1 4 7 8 7 11 24 57 34 25 65 33 33 40 13 6 5
48 40 34 56 43 35 47 38 63 63 51 49 42 33 48 48 38 47 26 37 53 34 29 25 18 14 15 42 35 20 36 16 13 12 11 18 17 15 5 6 10 6 4 1 1 0 0 0 1 3 3 8 17 14 16 24 15 31 61 33 21 12 55 70 49 14 8 12 26 11 5 4 6 4 12 4 3 1 1 1 3 6 10 8 26 44 62 34 30 59 29 12 17 24 6 3
46 18 49 58 47 62 62 84 77 90 89 83 43 63 64 61 62 32 31 54 47 31 27 16 20 27 17 43 43 42 28 23 19 21 21 30 39 18 9 8 22 11 2 1 1 0 0 0 1 3 8 10 10 14 8 11 25 47 65 22 13 17 28 64 55 33 10 3 19 20 10 4 4 3 14 4 1 1 0 2 4 9 10 16 17 16 17 14 23 20 30 21 21 18 3 1
35 32 38 49 79 82 86 88 71 73 79 82 84 74 45 45 36 30 35 33 20 30 27 31 44 34 34 66 52 66 36 32 29 35 38 54 55 22 19 15 20 7 3 2 1 1 1 0 1 3 3 6 6 5 6 14 26 41 33 26 12 12 15 71 29 28 23 2 13 23 16 3 2 3 4 7 2 0 1 3 4 8 17 23 19 13 15 10 12 13 14 11 8 3 1 3
46 51 27 32 48 56 78 47 47 45 62 67 62 75 50 41 44 59 49 33 31 37 34 48 67 51 40 68 64 56 37 51 38 47 43 57 39 29 32 12 5 4 7 5 3 3 2 1 0 1 4 4 4 7 9 3 15 14 18 49 18 14 24 37 22 5 18 7 9 11 9 7 3 2 1 20 2 0 1 2 5 7 6 22 12 10 11 9 7 4 4 3 2 3 5 12
64 73 45 29 54 49 55 60 45 61 67 55 67 80 83 68 78 66 47 40 53 51 54 52 62 50 44 70 69 41 51 52 51 53 64 65 45 31 9 4 4 8 7 6 9 5 4 1 0 0 1 3 4 7 9 5 13 14 9 15 15 13 17 30 35 5 10 10 6 14 9 4 4 2 2 3 2 0 1 2 3 5 12 20 8 9 8 6 9 2 2 1 2 4 10 15
46 66 79 49 23 30 52 55 74 49 43 43 77 55 63 92 89 45 62 60 62 58 60 52 57 51 54 76 64 54 56 53 58 73 73 42 15 12 17 15 18 14 10 7 11 10 5 1 0 0 0 5 3 3 8 6 14 10 8 8 10 7 7 14 43 4 4 7 4 5 6 3 2 2 2 1 1 1 0 1 2 4 21 9 3 3 3 4 3 0 1 3 4 7 12 12
76 74 77 81 44 15 24 68 68 63 18 23 43 55 80 85 69 89 90 71 59 77 70 39 60 50 69 63 62 57 61 52 67 80 81 46 37 28 40 36 44 39 21 19 24 7 3 1 0 0 0 0 1 1 7 5 14 12 6 5 5 2 1 4 22 8 4 4 4 3 3 4 2 2 1 1 1 0 0 2 3 4 5 4 2 2 1 2 1 2 3 4 10 15 11 13
56 42 53 84 42 38 31 33 35 43 33 9 35 80 87 84 65 60 84 65 77 80 69 50 69 67 80 75 70 78 61 61 63 59 61 42 42 48 48 48 17 16 38 49 9 5 3 1 0 0 0 0 0 0 2 8 9 16 5 5 4 2 1 10 21 6 6 3 3 3 3 4 1 1 1 1 1 0 1 1 2 4 3 2 1 1 1 3 3 8 10 12 13 15 8 10
32 53 50 81 82 30 38 24 29 27 33 19 43 54 58 63 77 85 69 31 66 32 75 83 92 88 83 63 78 62 73 56 52 32 71 67 69 57 32 27 8 2 41 26 16 9 6 3 1 2 2 1 0 0 0 1 1 4 2 3 3 1 2 5 10 11 5 3 3 1 1 1 2 1 0 1 1 0 0 1 2 2 2 1 1 1 4 5 8 7 10 22 18 14 12 10
21 32 43 49 76 77 46 23 24 24 23 22 38 61 71 77 43 77 77 40 69 64 40 56 75 57 73 49 72 35 23 50 36 35 54 86 71 51 31 68 33 31 35 27 28 11 4 3 5 5 3 1 0 0 0 0 0 1 1 2 2 1 3 6 6 11 5 2 2 1 1 1 1 1 1 0 1 0 0 0 1 1 1 1 1 2 3 5 7 9 11 11 40 19 12 7
11 20 32 8 45 84 47 30 16 14 21 25 22 35 45 60 63 78 57 59 68 53 21 55 72 54 53 48 52 71 57 60 54 33 40 78 85 88 84 77 63 48 48 53 38 15 11 8 14 4 2 2 2 2 1 1 0 0 0 0 1 1 1 6 5 6 5 3 1 1 1 1 1 0 0 0 0 0 0 0 0 0 0 0 0 0 1 3 6 3 6 15 18 16 8 19
21 13 26 53 45 61 84 45 42 16 10 13 15 20 48 39 63 79 20 32 73 72 35 21 81 84 60 44 58 67 35 33 40 28 24 54 71 72 67 39 47 49 27 39 41 33 38 33 11 2 4 6 5 4 4 7 5 1 0 0 0 0 1 1 2 8 3 2 1 1 1 0 1 0 0 0 0 0 0 0 0 0 1 1 2 1 1 2 5 7 8 9 15 17 27 27
31 12 9 39 58 65 86 70 38 31 18 14 14 18 19 13 43 33 26 64 87 47 28 17 24 69 41 47 40 61 57 39 44 40 32 69 57 34 28 19 23 12 11 54 33 55 62 51 22 14 16 10 9 5 3 1 1 1 1 0 0 0 1 1 1 2 3 2 1 1 1 0 0 0 0 0 0 0 0 0 0 0 1 1 2 4 5 5 9 10 8 14 17 18 17 34
50 36 26 17 21 26 42 67 40 46 23 13 10 14 24 10 29 19 46 43 80 44 28 25 14 27 26 37 17 53 56 30 28 29 35 50 48 19 12 20 17 12 13 22 39 30 24 11 11 11 8 7 6 7 7 1 1 1 1 0 0 0 1 1 0 1 2 2 1 1 0 0 0 0 0 0 0 0 0 0 0 1 1 2 1 1 3 18 6 13 16 21 27 24 30 39
26 26 45 18 18 44 47 68 71 50 37 12 9 8 10 13 19 20 24 42 72 80 56 32 10 10 22 6 12 44 56 31 22 24 17 19 21 14 10 14 12 11 11 11 38 25 23 11 5 4 3 1 1 1 3 2 0 2 1 0 0 0 0 0 0 1 1 1 1 0 0 0 0 0 0 0 0 0 0 0 0 1 0 1 0 2 8 13 16 20 22 21 24 33 31 45
44 37 15 11 13 26 37 51 68 42 26 19 7 5 6 12 6 9 28 69 58 68 56 48 23 8 27 24 7 10 35 21 23 16 6 8 10 24 9 7 10 6 4 7 19 24 29 14 7 4 3 2 1 1 1 1 1 1 1 0 0 0 0 0 0 1 1 0 1 0 0 0 0 0 0 0 0 0 0 0 0 0 0 1 2 3 5 15 8 9 7 9 18 31 32 20
58 53 22 10 3 23 22 35 52 54 21 17 7 6 8 9 5 19 47 66 31 39 51 23 19 15 8 15 19 3 16 24 10 11 6 11 9 6 6 6 11 7 2 3 7 19 28 16 13 6 5 2 1 0 0 1 1 1 1 1 0 0 0 0 0 0 0 0 0 0 0 0 0 0 0 0 0 0 0 0 0 0 0 1 3 3 6 6 7 5 5 12 17 19 18 21
60 51 30 23 7 7 17 28 63 19 21 9 6 5 5 6 4 14 47 31 5 22 73 23 15 17 7 8 8 16 12 9 6 6 6 4 4 2 2 4 9 4 2 2 3 8 27 14 15 6 3 2 1 1 0 0 0 0 1 0 0 0 0 0 0 0 0 0 0 0 0 0 0 0 0 0 0 0 0 0 0 1 1 2 1 2 8 7 6 7 11 9 13 19 22 15
56 49 30 14 13 7 16 17 53 21 6 15 9 4 3 3 3 19 24 13 30 44 61 40 19 9 11 17 5 18 11 8 8 4 6 3 4 3 1 3 2 1 2 7 11 16 22 16 28 19 10 4 1 1 0 0 0 0 0 1 0 0 0 0 0 0 0 0 0 0 0 0 0 0 0 0 0 0 0 0 0 1 1 1 2 2 3 6 10 11 14 12 16 9 20 24
48 35 22 14 11 10 6 10 21 41 14 6 9 4 3 3 4 12 10 15 13 28 57 39 19 24 7 9 10 18 6 5 5 5 2 2 3 2 2 2 1 1 3 16 8 7 18 11 19 19 16 5 3 1 0 0 0 0 0 0 0 0 0 0 0 0 0 0 0 0 0 0 0 0 0 0 0 0 0 0 0 1 1 1 1 1 3 5 5 7 9 24 16 22 39 26
41 38 19 11 11 10 8 9 11 20 20 5 4 3 3 3 3 4 6 10 13 27 64 30 22 11 16 6 7 14 5 2 3 2 3 1 2 2 1 1 0 1 8 12 3 7 8 5 14 13 9 9 5 3 2 1 0 0 0 0 0 0 0 0 0 0 0 0 0 0 0 0 0 0 0 0 0 0 0 0 1 1 1 1 1 1 1 1 4 8 7 13 11 6 13 19
78 54 37 10 6 7 6 7 8 14 20 8 6 3 3 2 2 3 3 3 14 18 48 27 10 8 7 8 6 3 7 2 2 2 2 2 1 1 1 1 3 5 6 2 2 5 3 4 7 10 12 11 14 6 4 2 1 0 0 0 0 0 0 0 0 0 0 0 0 0 0 0 0 0 0 0 0 0 0 0 0 0 0 0 0 1 1 1 2 4 8 18 11 11 14 4
37 70 50 25 9 4 3 5 7 9 34 10 5 3 2 2 2 1 2 3 7 14 30 32 9 6 4 4 5 5 4 5 3 1 1 2 1 1 0 1 3 8 3 2 3 4 3 3 7 9 5 4 6 8 6 3 2 1 0 0 0 0 0 0 0 0 0 0 0 0 0 0 0 0 0 0 0 0 0 0 0 0 0 0 1 1 1 1 2 5 7 9 7 9 10 18
15 71 22 55 29 16 3 3 4 8 17 7 4 2 1 1 0 1 2 3 8 19 15 28 17 9 5 3 3 3 3 5 3 2 1 1 0 0 1 1 4 4 3 1 2 3 1 2 7 9 3 3 3 4 14 5 3 1 1 0 0 0 0 0 0 0 0 0 0 0 0 0 0 0 0 0 0 0 0 0 0 0 0 0 1 1 1 1 3 4 5 3 5 11 12 14
26 29 17 43 21 21 9 2 2 3 8 7 2 2 1 0 0 1 2 6 3 3 25 28 26 16 10 7 2 1 1 2 1 1 1 1 0 0 0 1 3 1 1 1 1 4 1 2 10 9 4 1 1 0 6 4 3 1 1 0 0 0 0 0 0 0 0 0 0 0 0 0 0 0 0 0 0 0 1 1 1 1 1 1 1 1 1 1 2 2 3 5 11 15 18 19
30 23 18 14 16 6 22 3 1 1 3 4 2 1 1 0 0 1 2 2 6 20 29 30 36 17 9 4 3 1 2 2 1 1 1 1 0 0 1 2 1 1 1 1 1 5 3 3 13 10 8 2 0 0 1 1 1 2 0 0 0 0 0 0 0 0 0 0 0 0 0 0 0 0 0 0 0 1 1 1 1 2 3 2 2 2 1 1 4 2 2 4 5 4 8 11
22 17 18 11 12 3 5 9 1 1 2 3 4 1 0 0 0 1 2 5 12 14 26 18 21 23 6 4 3 2 2 1 1 1 0 0 0 0 0 2 1 0 0 0 1 1 2 1 7 10 4 2 2 0 0 1 0 1 0 0 0 0 0 0 0 0 0 0 0 0 0 0 0 0 0 0 0 1 1 2 3 2 2 3 3 2 3 7 4 1 2 1 3 9 10 15
14 19 23 10 4 3 2 3 1 0 1 2 3 1 0 0 0 1 4 10 6 3 15 12 10 16 7 3 3 2 1 1 1 1 0 0 0 0 1 2 1 0 0 0 0 2 0 2 8 2 3 2 1 1 0 1 1 0 0 0 0 0 0 0 0 0 0 0 0 0 0 0 0 0 0 1 1 1 2 2 4 6 6 7 8 6 7 8 5 3 3 4 3 4 11 13
6 5 7 8 3 3 1 1 2 1 0 1 1 1 0 0 1 1 3 3 4 3 9 19 4 5 4 5 2 1 1 1 1 1 1 0 0 1 2 0 0 0 0 0 1 1 1 10 16 1 0 3 1 1 0 0 1 0 0 0 0 0 0 0 0 0 0 0 0 0 0 0 0 0 0 0 1 0 0 1 2 3 3 5 11 9 12 12 9 10 5 5 10 9 7 9
2 2 2 2 2 2 1 1 1 1 0 0 0 1 0 0 0 1 1 2 2 2 2 3 3 2 2 2 1 1 1 1 0 0 0 0 0 1 0 0 0 0 0 0 1 1 3 2 8 1 0 1 1 0 0 1 0 0 0 0 0 0 0 0 0 0 0 0 0 0 0 0 0 0 0 0 0 0 0 0 1 2 2 3 10 11 17 22 14 22 20 17 14 13 10 28
2 3 2 2 1 1 1 0 0 0 0 0 0 0 0 0 0 0 0 1 1 1 1 1 2 2 1 1 1 1 0 0 0 0 0 0 0 0 1 0 0 0 0 1 1 2 1 1 1 1 1 1 1 1 1 0 0 0 0 0 0 0 0 0 0 0 0 0 0 0 0 0 0 0 0 0 0 1 1 1 1 1 1 2 5 8 7 9 31 30 15 32 29 28 17 24
