sesion_6_simulaciones/modelos_agentes/ejemplos_netlogo/scenarios/echam4_a2/rob_2088.asc
NCOLS 322 
NROWS 307 
XLLCORNER 451900 
YLLCORNER 4086900 
CELLSIZE 100 
NODATA_value -9999 
[rows 219 to 291 of 307, columns 192 to 287 of 322]
30 36 21 18 19 19 20 23 11 10 9 6 4 1 1 0 0 1 2 6 6 5 9 10 6 3 5 8 11 11 11 17 34 43 65 56 31 42 27 16 21 18 17 13 6 3 2 6 4 2 2 2 2 2 0 5 2 1 1 2 4 10 11 44 40 52 57 26 16 17 58 76 91 75 33 20 11 5 1 1 1 1 1 3 2 3 8 6 10 13 17 31 23 32 42 34
43 27 30 53 47 32 26 24 17 8 6 5 2 1 0 0 0 2 4 11 17 7 9 15 16 11 7 17 16 17 22 13 33 40 52 33 48 29 25 18 23 14 10 16 6 2 2 1 1 1 3 2 1 1 1 0 0 1 0 3 10 18 26 64 74 62 68 87 72 48 49 68 82 72 70 42 25 4 1 1 1 1 1 2 5 5 6 10 13 13 19 22 36 31 33 52
17 10 6 37 27 19 22 10 6 4 5 4 2 1 0 0 1 3 8 9 21 31 21 20 19 14 16 18 19 19 20 25 21 36 33 26 19 27 24 18 30 21 18 23 8 4 4 2 2 1 4 1 0 0 1 2 0 0 2 2 6 7 7 38 76 61 72 84 92 78 38 29 26 46 54 9 3 1 1 1 2 1 2 3 3 4 2 6 7 13 26 20 22 23 39 44
11 12 10 6 31 22 19 12 6 4 1 3 1 1 1 1 2 4 4 6 12 25 52 41 28 32 21 22 38 40 22 27 50 38 29 17 22 33 24 22 20 14 13 23 8 8 7 2 2 3 2 1 0 0 1 1 0 1 3 6 7 7 17 13 55 82 77 71 83 87 63 55 41 21 17 4 2 2 1 2 4 2 3 3 3 4 4 3 7 11 23 25 32 29 32 24
33 38 33 30 17 13 14 16 7 5 3 1 0 0 1 2 3 4 3 9 18 35 50 58 35 39 40 31 44 44 29 31 43 39 34 19 26 18 20 17 16 12 14 25 13 5 8 2 3 2 2 1 1 0 0 0 0 1 1 3 3 9 19 19 42 76 73 67 81 85 70 52 42 26 8 4 5 4 3 3 5 3 3 3 4 7 7 6 6 15 17 19 30 33 34 37
37 33 39 33 28 22 20 12 9 4 3 0 0 0 1 4 6 12 7 12 18 43 50 66 55 42 39 44 41 54 48 31 31 31 31 18 27 9 19 16 9 12 13 24 28 6 6 5 1 1 1 1 1 0 0 0 0 1 1 4 5 11 21 33 26 43 14 8 21 75 85 60 36 11 9 9 8 5 4 3 5 4 2 3 4 8 9 11 13 11 19 31 29 31 36 57
24 23 27 21 18 13 11 10 9 5 2 2 0 0 1 7 13 17 16 16 21 28 40 55 59 58 43 43 38 52 71 48 30 30 16 17 19 13 27 12 8 8 12 13 26 15 3 4 1 1 0 0 0 0 0 0 0 0 1 4 10 15 37 37 25 31 21 28 13 21 67 51 28 26 16 19 18 8 5 2 5 6 6 2 3 4 5 10 15 12 16 33 34 31 39 44
26 24 24 13 6 8 10 10 5 2 1 1 0 1 4 10 12 23 26 30 21 28 45 42 56 74 54 45 47 31 42 50 23 30 21 23 24 21 12 12 6 8 7 7 8 8 4 7 3 0 2 1 0 0 0 0 1 1 2 4 14 23 31 22 23 23 32 48 32 30 39 18 27 24 29 25 14 9 7 3 9 9 7 1 5 6 10 4 7 11 14 13 31 37 31 42
20 36 31 29 23 18 12 8 6 3 1 0 0 1 11 11 18 14 30 44 42 47 42 42 48 67 75 44 57 30 34 44 28 18 30 30 20 15 15 12 3 5 4 7 10 11 11 11 9 1 1 1 0 0 0 0 1 1 3 7 17 23 21 15 38 34 46 47 36 39 24 19 26 35 34 32 25 22 12 4 7 10 10 4 8 5 5 5 6 8 11 15 19 19 34 42
32 26 21 17 14 8 6 4 3 2 0 0 1 4 13 10 9 19 41 47 59 69 73 52 50 50 74 33 50 26 27 40 13 14 28 26 27 21 14 12 7 7 6 4 10 11 8 9 6 2 1 1 0 0 1 2 1 2 6 23 22 13 13 25 60 55 37 32 33 30 34 32 44 39 53 39 34 26 6 2 5 19 15 9 14 10 6 12 8 12 19 21 22 21 21 41
39 32 19 13 10 10 6 4 3 1 0 0 1 6 7 8 6 16 21 34 38 58 70 76 58 42 56 50 59 26 42 22 12 11 17 28 25 21 10 11 10 12 6 6 7 11 8 6 3 1 2 1 0 0 1 1 2 2 5 4 6 18 24 56 55 40 32 27 41 50 51 49 50 61 37 28 27 18 9 1 1 16 26 18 12 14 17 19 8 10 15 20 36 34 36 41
18 21 19 5 5 6 7 4 2 1 0 1 3 6 8 11 25 11 20 29 47 51 64 54 62 52 55 55 48 21 31 14 11 27 16 23 24 14 12 16 11 15 5 6 12 12 11 6 4 1 1 1 0 0 0 0 10 4 2 5 12 16 27 28 24 21 25 31 29 41 62 68 60 34 15 16 14 10 2 0 3 5 25 16 13 14 32 40 15 11 13 25 26 23 34 42
8 7 14 7 10 9 6 3 2 1 0 1 3 9 17 26 21 20 31 45 42 48 62 62 47 44 43 36 41 36 47 18 12 17 24 15 20 16 12 11 13 8 9 5 5 6 8 7 4 1 1 0 0 0 1 1 0 24 31 13 7 5 15 16 27 27 22 19 14 44 80 68 47 31 20 10 7 3 1 2 3 8 17 14 26 14 25 27 39 14 14 25 26 35 27 39
10 4 2 7 10 7 4 2 1 1 0 1 7 12 24 25 16 23 40 39 34 61 66 63 42 39 43 30 52 55 29 18 17 23 13 21 18 16 14 13 12 10 13 4 8 6 8 3 2 0 1 0 0 1 1 3 2 4 8 11 6 17 10 14 16 24 25 12 25 46 58 42 43 43 20 8 3 3 3 10 6 8 7 34 30 10 8 13 49 14 15 28 29 29 23 27
7 7 6 6 10 8 3 2 1 0 0 1 3 6 13 17 28 36 45 63 43 38 66 48 58 36 35 36 8 45 21 22 13 22 15 11 12 17 13 12 12 9 20 4 4 14 6 4 2 1 1 0 0 1 3 1 5 7 4 2 6 4 8 12 15 20 14 47 43 23 47 35 36 34 24 6 4 7 6 6 11 14 9 16 20 24 13 24 30 33 27 16 19 42 30 25
16 12 13 6 7 3 1 0 0 0 1 1 1 5 9 11 21 29 46 57 62 63 73 50 54 48 45 32 33 20 43 16 9 14 12 5 6 13 15 17 12 4 8 11 2 4 5 7 2 1 1 1 0 1 1 2 1 2 3 8 8 11 12 22 11 14 28 17 15 33 39 38 35 15 4 3 7 6 12 8 11 11 17 20 33 39 14 16 31 32 58 34 14 21 45 34
4 12 8 5 2 2 2 0 0 1 1 1 2 2 8 11 15 30 43 50 64 49 57 13 24 39 38 12 8 14 25 9 9 28 8 10 13 16 7 2 5 2 8 9 2 5 8 2 1 1 1 1 0 1 1 1 3 5 7 7 4 7 22 38 26 23 47 52 53 45 38 35 18 11 4 5 14 8 22 9 12 14 19 19 34 27 45 18 32 20 9 41 19 17 21 31
9 7 10 5 1 1 0 0 1 2 2 3 3 3 3 6 17 19 35 47 47 29 21 39 30 27 14 16 17 14 17 10 12 14 10 10 10 9 10 4 7 5 6 8 2 3 5 2 1 0 1 1 0 1 0 1 3 2 3 6 7 19 28 37 43 46 38 36 54 51 73 51 28 13 4 1 4 16 18 10 16 18 23 13 18 30 27 45 36 34 21 45 27 6 17 15
13 7 6 3 2 0 1 1 2 2 3 4 5 5 3 3 14 21 22 22 27 58 51 35 38 42 30 14 15 16 14 9 9 9 4 9 7 7 10 3 10 7 3 7 1 2 4 2 2 1 0 0 1 1 1 1 2 2 7 6 21 14 20 56 75 42 43 31 70 47 39 36 12 10 10 9 9 20 21 19 28 19 19 20 20 14 26 49 62 65 20 18 34 16 23 36
7 7 5 1 1 1 1 2 2 2 6 9 7 7 6 4 5 9 15 25 35 39 46 29 17 25 30 15 19 10 12 12 9 10 5 9 5 7 5 5 2 4 1 4 1 1 2 1 1 1 1 0 0 0 1 0 0 2 3 4 10 11 33 49 59 75 49 30 25 32 28 9 4 12 18 19 11 12 29 27 41 24 21 21 24 23 13 11 13 27 52 46 34 22 22 31
7 4 2 1 1 1 1 1 2 3 5 9 12 13 7 9 19 14 10 30 43 54 37 39 35 37 21 13 15 11 5 5 8 5 3 5 2 5 4 3 3 3 9 4 1 2 3 3 1 0 0 0 0 0 0 0 1 6 6 28 38 30 22 36 40 30 45 54 37 27 12 3 6 21 14 32 13 15 29 42 32 42 26 24 25 22 30 19 17 22 40 34 26 62 22 35
4 4 2 0 0 1 1 2 3 5 8 11 14 14 16 10 23 20 21 16 29 17 22 22 19 27 16 10 10 9 11 8 4 2 1 9 3 6 2 3 2 1 6 3 3 1 4 2 1 1 0 1 0 1 1 2 2 1 5 11 21 22 12 22 38 35 53 32 42 30 21 3 12 16 18 30 36 15 18 29 34 46 30 41 30 15 21 29 10 4 11 10 11 36 43 27
5 2 2 1 2 3 4 4 5 8 9 12 13 18 30 17 23 33 24 39 47 44 49 47 42 29 25 30 33 19 21 17 11 6 6 4 9 4 1 1 1 1 1 3 2 1 1 1 1 0 1 1 2 6 23 16 14 11 18 12 19 25 31 44 39 36 40 38 39 25 8 3 14 19 31 28 33 26 28 41 30 49 34 46 30 18 19 30 38 13 22 22 13 8 9 14
8 4 3 2 5 5 5 9 6 6 11 14 10 24 30 21 9 14 42 54 62 49 54 58 58 56 50 45 69 49 28 13 8 4 2 2 2 3 2 1 1 0 0 1 1 0 0 1 0 1 0 0 0 0 2 5 30 36 29 29 20 25 13 45 36 31 37 37 15 12 4 5 18 23 15 24 30 41 30 42 28 17 50 48 35 18 20 37 33 17 21 28 23 36 38 45
6 4 3 5 5 6 10 10 10 10 6 8 20 22 21 38 9 9 16 26 46 59 31 51 45 56 63 40 5 12 22 11 5 4 4 4 3 1 3 1 1 1 0 1 0 1 0 0 0 1 0 0 0 0 1 1 4 18 42 57 70 28 26 20 21 26 34 39 37 13 7 14 31 28 24 29 57 45 43 41 42 19 23 59 43 18 19 24 27 18 28 16 30 36 43 46
1 2 5 6 7 11 13 13 13 13 7 9 14 21 17 29 19 7 18 26 34 38 25 48 31 22 16 9 6 6 11 7 5 6 4 2 3 4 3 0 1 1 0 0 0 0 0 0 0 0 1 1 1 1 2 4 8 19 20 16 30 68 45 38 36 40 49 37 32 13 9 28 32 41 40 29 46 52 41 30 29 26 11 39 55 29 30 15 34 20 31 31 20 35 32 23
3 4 8 8 13 14 15 15 16 14 9 12 14 16 27 15 39 6 8 8 17 12 23 20 22 30 20 20 21 12 17 7 5 9 6 4 2 1 0 0 1 1 3 1 0 0 0 0 0 0 1 3 1 2 8 5 6 7 12 9 11 24 49 51 44 33 44 37 21 7 16 32 30 37 41 41 28 58 43 54 31 43 30 29 67 35 43 21 32 31 30 44 28 28 23 30
2 7 9 11 16 16 15 18 18 18 11 13 15 22 33 24 26 10 9 18 12 10 24 22 26 29 28 19 17 27 18 23 14 26 4 2 2 2 1 1 2 2 0 0 1 0 0 0 0 2 3 1 2 3 3 4 12 14 25 15 16 15 20 27 33 30 26 32 21 13 18 33 31 42 35 32 30 40 48 56 40 27 40 25 66 26 25 31 20 46 27 28 29 19 21 20
5 9 18 12 16 10 12 20 29 27 12 8 18 13 41 64 12 11 9 29 27 26 19 21 25 20 27 14 14 19 16 11 8 7 8 5 4 4 3 1 0 0 0 0 0 0 0 0 2 7 1 0 1 3 7 7 7 18 11 12 20 18 21 17 19 20 23 19 15 16 29 33 29 31 32 31 35 40 51 42 39 34 35 48 64 27 26 30 19 45 27 13 38 13 8 16
10 11 14 21 20 13 19 22 37 36 14 7 11 21 32 37 14 16 11 23 31 27 25 15 16 10 19 20 17 20 11 9 10 8 6 5 4 2 2 1 1 0 0 0 0 0 0 1 0 1 0 0 1 1 4 36 17 24 19 22 17 20 20 18 17 19 19 13 13 14 25 29 20 31 27 40 48 31 34 56 46 48 44 40 57 41 40 17 39 38 12 18 30 11 14 18
13 13 14 35 23 13 14 26 32 52 20 10 19 21 31 46 27 18 16 31 35 44 26 28 25 9 13 15 14 11 14 7 9 8 6 3 2 1 1 1 1 1 1 1 0 0 0 0 0 0 0 2 3 3 8 6 12 17 29 33 26 19 19 20 20 21 19 11 6 23 27 28 35 30 47 38 34 44 29 22 35 36 31 43 21 81 44 15 27 37 7 17 14 31 15 20
17 28 17 38 24 15 16 28 32 42 11 10 20 23 33 37 45 6 28 34 32 48 27 26 26 29 16 11 7 7 7 13 18 9 2 5 2 3 1 1 1 1 0 0 0 0 0 0 0 1 1 1 3 5 13 4 3 5 7 17 17 22 21 26 27 30 27 15 6 22 23 23 35 37 43 19 30 22 39 17 22 20 33 16 36 70 29 15 43 19 8 16 16 24 25 22
14 16 29 31 27 26 16 21 36 57 13 19 23 31 30 48 13 9 29 32 41 45 45 23 41 23 21 19 10 10 6 26 25 10 9 4 3 4 2 1 1 0 0 0 0 0 0 0 0 1 1 1 3 7 10 3 8 13 17 24 23 27 29 39 35 41 31 15 6 25 26 23 46 29 34 46 41 27 14 30 17 24 26 31 23 46 40 27 38 15 13 21 11 13 6 33
7 11 32 32 30 28 18 21 36 41 15 25 31 50 53 32 10 8 29 29 28 47 38 42 23 22 33 21 16 15 13 18 23 15 8 8 6 2 4 1 1 1 0 0 0 0 0 0 0 0 1 1 3 4 8 10 12 19 22 28 34 47 36 31 26 21 27 9 12 28 34 28 44 42 29 30 38 26 28 9 38 9 13 33 38 45 53 63 30 15 21 17 20 24 14 34
15 17 37 38 46 31 19 23 38 44 12 15 34 54 39 13 8 19 25 26 39 40 34 34 33 21 29 21 29 26 22 14 5 7 8 6 5 2 3 2 1 1 0 0 0 0 0 0 0 0 0 1 3 8 7 9 20 26 28 19 44 29 16 22 30 26 15 11 10 23 43 28 38 40 42 29 36 22 28 22 13 32 13 5 8 27 46 61 22 31 21 19 15 32 11 12
13 21 22 29 59 42 19 25 31 44 11 12 35 52 27 13 10 21 33 27 25 25 27 29 41 18 20 19 14 24 24 14 10 7 6 2 3 2 2 1 1 0 0 0 1 0 0 0 0 0 0 1 3 2 9 15 8 15 11 15 14 14 28 34 23 24 25 9 13 14 46 29 30 27 30 39 26 25 11 23 9 32 16 13 7 6 19 38 35 52 24 22 16 23 7 9
16 33 24 21 30 56 23 29 48 18 13 14 22 57 34 16 9 27 31 28 35 43 34 42 35 26 12 14 24 20 8 18 35 16 4 3 2 2 2 1 0 1 1 0 0 0 0 0 0 0 0 1 2 4 10 7 19 15 15 22 21 19 21 21 25 26 16 11 10 20 19 44 25 22 25 26 41 36 20 38 12 10 19 16 10 9 9 21 36 38 21 22 18 20 11 15
18 23 40 33 17 40 14 30 66 16 15 30 35 49 19 21 4 15 36 33 44 30 28 42 36 30 23 7 5 7 8 6 7 2 2 2 4 1 1 2 1 1 0 0 0 0 0 0 0 1 1 1 2 4 12 15 23 18 16 26 22 28 34 23 27 28 15 12 13 33 29 27 46 19 20 22 43 32 19 13 25 9 7 21 18 9 10 11 25 34 36 20 16 11 22 8
18 25 43 48 23 50 14 26 64 30 15 37 42 36 17 6 5 10 19 32 45 39 27 24 27 33 18 6 7 6 7 6 6 4 2 1 2 2 2 1 1 0 0 0 0 0 0 0 0 0 1 1 1 3 4 4 10 22 27 24 29 17 20 24 21 25 25 6 15 30 32 25 32 10 25 24 24 35 40 27 33 13 9 8 19 12 7 13 26 64 51 18 9 8 20 6
20 22 23 51 24 43 27 20 29 38 16 43 45 14 6 9 13 19 29 39 31 27 32 14 18 23 33 8 6 5 9 8 5 5 3 3 2 1 1 0 0 0 0 0 0 0 0 0 0 0 0 1 3 5 4 15 19 44 31 18 26 30 32 34 36 23 21 13 18 31 24 34 48 21 15 35 23 33 27 20 38 11 13 13 31 12 5 7 7 24 38 15 12 6 27 14
15 17 15 33 57 25 42 15 42 21 46 27 13 6 14 13 20 15 48 48 20 25 23 22 7 15 20 25 8 9 4 7 4 2 1 1 2 1 0 0 0 0 0 0 0 0 0 0 0 0 0 1 1 3 8 13 9 31 24 12 18 23 28 30 19 17 14 24 24 28 29 35 9 28 31 32 29 17 35 12 43 13 13 8 12 30 13 14 17 14 34 9 22 7 11 24
32 20 15 18 26 38 42 19 55 36 38 9 6 12 16 23 23 15 18 15 25 21 21 36 27 12 15 4 10 15 3 6 2 2 2 2 2 1 1 0 0 0 0 0 0 0 0 0 0 0 0 1 1 2 5 6 10 15 11 4 12 18 22 22 14 12 12 21 22 25 26 40 11 10 6 11 28 37 51 11 35 22 13 13 7 7 35 9 16 16 19 18 7 6 12 19
21 29 21 15 14 24 51 21 27 13 9 3 8 15 26 31 30 11 15 15 23 22 16 5 7 7 6 10 3 4 10 14 6 3 1 3 1 1 1 0 0 0 0 0 0 0 0 0 0 0 0 0 1 2 3 6 6 19 14 15 24 19 22 15 21 21 13 22 21 23 20 37 10 18 9 13 12 8 20 20 9 31 12 14 7 17 19 4 12 22 22 18 7 6 6 8
20 30 20 25 32 35 37 24 28 7 11 8 12 25 23 27 30 18 19 19 21 20 13 8 6 8 6 3 3 6 3 4 3 6 4 5 1 0 0 0 0 0 0 0 0 0 0 0 0 0 1 1 1 2 5 3 9 27 36 28 25 18 23 23 20 18 18 29 18 20 19 25 13 19 17 13 19 15 19 29 6 25 10 21 6 5 13 3 5 7 20 13 3 6 6 17
19 31 23 27 30 40 41 9 6 3 12 11 21 23 22 30 17 35 27 15 17 16 13 14 14 8 7 4 4 10 4 1 1 1 1 2 3 1 1 2 1 0 0 0 0 0 0 0 0 0 1 0 1 2 3 5 12 41 16 18 28 15 21 18 16 18 20 33 18 18 18 20 17 17 23 11 17 15 14 13 22 48 12 17 10 3 16 6 2 4 9 15 5 7 4 2
17 32 31 25 54 49 9 6 9 10 19 16 13 25 19 31 10 18 44 10 18 12 6 9 13 16 4 6 7 6 10 2 1 1 1 0 0 0 0 1 1 0 0 0 0 0 0 0 0 0 0 0 1 2 5 7 9 18 16 10 26 21 16 5 18 9 10 37 19 16 25 16 26 14 21 16 14 16 12 9 8 5 29 21 13 4 4 5 3 2 4 17 5 6 8 4
16 23 45 36 56 10 8 7 9 15 19 19 25 33 10 23 10 14 17 35 9 19 6 5 6 12 9 8 6 3 2 5 1 2 1 0 0 0 0 0 0 0 0 0 0 0 0 0 0 0 0 0 0 1 4 8 4 16 33 29 13 10 8 4 25 15 15 27 23 13 23 14 37 19 17 21 11 11 17 9 6 3 13 12 12 4 2 13 4 3 6 9 13 7 4 5
9 23 45 69 39 4 8 14 16 17 28 34 14 18 13 10 27 8 12 14 11 11 10 6 6 9 7 11 6 5 6 3 4 1 1 1 0 0 0 0 0 0 0 0 0 0 0 0 0 0 0 0 1 2 5 5 21 15 12 25 16 7 3 8 11 31 14 16 23 11 14 14 26 20 11 17 18 9 9 16 9 2 5 14 15 5 1 5 4 2 5 3 14 6 2 11
9 24 56 42 5 5 14 14 9 29 18 43 9 20 13 7 9 40 7 13 23 9 17 5 5 11 11 7 6 8 3 3 4 1 1 1 1 1 0 0 0 0 0 0 0 0 0 0 0 0 1 1 1 1 2 5 11 10 14 17 15 8 4 11 9 18 12 12 21 12 11 12 11 25 10 9 20 10 9 8 11 3 4 5 10 4 2 3 7 3 2 2 1 5 3 4
9 33 39 17 6 9 15 17 9 22 7 37 11 17 27 6 17 37 5 16 31 5 21 5 4 10 11 10 3 2 5 1 1 2 3 2 0 1 0 0 0 0 0 0 0 0 0 0 0 0 1 0 0 1 1 2 6 11 8 21 18 8 7 10 13 21 7 9 14 20 9 8 5 15 10 8 11 12 8 5 2 2 8 3 8 4 2 1 2 7 1 3 5 4 3 1
9 26 30 17 6 8 17 28 7 11 8 24 8 12 37 8 14 30 9 6 10 13 10 6 4 5 4 6 5 5 1 2 1 0 0 2 2 0 0 0 0 0 0 0 0 0 0 0 0 0 0 1 1 1 1 2 2 6 8 6 8 11 9 9 10 13 16 10 12 21 4 9 4 8 13 7 8 3 3 6 3 2 2 2 9 11 2 1 2 6 1 1 4 5 5 2
15 17 35 9 6 11 12 16 7 10 8 10 15 6 26 5 6 18 8 4 4 4 28 11 3 3 3 3 3 3 4 2 0 1 0 0 1 0 0 0 0 0 0 0 0 0 0 0 0 1 1 1 1 0 1 2 5 13 10 5 2 8 9 8 9 9 22 6 12 18 4 6 8 7 17 1 5 7 3 2 6 2 2 2 2 6 2 1 1 6 1 1 1 5 15 6
46 21 6 5 9 9 10 12 6 20 9 5 15 4 19 5 4 8 7 3 3 6 16 7 2 3 2 5 4 4 2 2 1 1 0 0 0 1 0 0 0 0 0 0 0 0 0 0 0 0 1 1 1 1 1 3 5 13 16 6 2 11 8 5 8 8 11 8 5 16 6 3 4 10 14 4 2 3 7 1 3 6 2 1 8 7 1 2 0 5 3 1 1 0 1 2
7 2 5 5 7 8 14 10 10 11 6 4 24 4 4 15 4 13 10 2 3 5 4 18 4 4 2 4 5 4 2 1 1 2 0 0 0 1 0 0 0 0 0 0 0 0 0 0 0 1 1 1 1 1 1 2 2 9 14 2 4 6 10 4 7 7 5 13 3 11 7 4 5 3 7 2 3 3 2 3 1 1 5 1 2 7 1 3 1 2 8 1 2 1 1 1
13 5 13 8 7 8 18 7 16 12 3 5 11 5 4 12 3 3 18 2 5 4 2 10 2 3 4 3 2 2 2 2 0 0 0 0 0 0 1 0 0 0 0 0 0 0 0 0 1 1 2 1 0 1 2 0 2 5 4 2 4 12 11 4 3 7 4 8 3 4 22 2 6 6 3 2 3 2 4 2 3 1 1 3 1 3 3 3 1 2 12 1 1 1 2 1
38 9 4 9 8 9 9 5 14 7 4 4 3 4 3 6 2 2 11 3 4 3 1 3 5 4 2 1 1 1 1 1 1 0 0 1 0 0 0 0 0 0 0 0 0 0 0 0 1 0 0 0 0 1 1 5 4 3 3 3 2 8 5 3 3 6 9 2 8 1 10 2 4 4 1 2 3 1 1 2 2 2 1 0 1 0 2 5 1 1 3 1 1 1 1 1
42 7 4 5 5 6 2 5 6 2 3 3 3 4 2 6 2 2 6 2 2 4 1 1 0 1 1 1 2 4 1 1 1 0 0 0 0 0 0 1 0 0 0 0 0 0 0 0 4 0 0 0 0 0 2 5 4 1 1 6 2 2 5 3 5 3 11 2 10 1 3 4 2 4 1 3 1 1 1 1 2 2 1 1 0 1 0 0 1 2 1 1 1 0 1 1
21 4 2 5 3 2 3 3 5 1 3 2 2 4 1 6 2 3 3 1 1 2 2 1 1 1 1 1 1 1 2 1 0 0 0 0 0 0 0 0 0 0 0 0 0 0 0 1 0 0 0 0 0 1 2 4 3 2 1 5 3 2 1 6 4 5 6 2 7 2 1 2 4 5 1 1 2 1 1 0 0 1 0 1 0 0 0 0 0 0 2 1 0 1 1 1
17 3 6 3 3 2 2 2 3 1 2 2 1 4 3 1 1 2 3 1 2 1 2 1 2 2 1 1 1 1 1 0 0 0 0 0 0 0 0 0 0 0 0 0 0 0 0 1 0 0 0 0 0 2 3 3 3 3 1 1 5 2 3 2 4 7 2 4 1 2 6 1 3 6 1 0 1 0 0 0 1 1 1 0 0 0 0 0 0 0 1 1 1 0 1 0
13 4 2 2 2 2 3 1 3 1 1 1 1 1 4 0 0 0 1 0 2 1 1 1 1 1 1 1 1 0 0 0 1 0 0 0 0 0 0 0 0 0 0 0 0 0 0 0 0 0 0 0 1 1 3 2 1 2 2 1 4 1 2 3 1 2 2 2 1 1 4 1 1 2 0 0 0 1 1 0 0 1 0 0 0 0 0 0 0 0 0 0 1 0 0 0
1 5 1 2 1 1 2 1 4 1 1 1 1 0 2 1 1 0 2 1 1 1 1 2 1 1 1 1 1 0 0 0 0 0 0 0 0 0 0 0 0 0 0 0 0 1 2 0 0 0 0 1 1 1 3 1 1 2 2 2 3 1 1 1 2 1 1 2 1 1 2 1 2 1 0 0 0 0 0 1 0 0 0 0 0 0 0 0 0 0 0 0 0 1 0 0
1 5 1 1 0 1 1 1 1 1 1 1 1 0 1 1 1 0 4 1 0 0 1 2 0 0 1 1 1 0 0 0 0 0 0 0 0 0 0 0 0 0 0 0 0 0 0 0 0 0 0 1 1 2 1 1 1 2 1 2 3 2 3 1 1 1 0 2 0 1 0 1 2 0 0 0 0 0 0 0 0 0 0 0 0 0 0 0 0 0 0 0 0 1 0 0
1 4 3 0 1 0 1 1 0 1 0 0 0 0 0 1 0 1 0 0 0 0 1 0 1 0 0 0 0 0 0 0 0 0 0 0 0 0 0 0 0 0 0 0 0 0 0 1 0 0 0 2 2 3 0 1 1 2 1 2 1 2 1 2 1 0 0 0 0 0 1 1 1 1 0 0 0 1 1 0 0 0 0 0 0 1 1 0 0 0 0 0 0 0 0 0
0 1 3 0 0 0 1 1 0 1 1 0 0 0 0 1 0 0 0 0 0 0 1 1 0 0 0 0 0 1 0 0 0 0 0 0 0 0 0 0 0 0 0 0 0 0 0 0 0 1 1 3 3 1 0 2 2 1 1 2 2 1 0 1 1 0 0 0 0 0 0 0 0 1 0 0 0 1 0 0 1 1 0 0 0 0 0 0 0 0 0 0 0 0 0 0
0 1 2 0 0 0 0 0 0 0 0 0 0 0 0 1 0 0 0 0 0 0 0 0 0 0 0 0 0 0 0 0 0 0 0 0 0 0 0 0 0 0 0 0 0 0 0 3 1 3 5 5 0 0 1 1 1 1 1 1 1 0 1 1 0 1 3 0 0 0 0 1 0 0 1 0 0 1 1 0 0 2 0 0 0 0 0 0 1 0 0 0 0 0 0 0
0 0 1 0 0 0 0 0 0 0 0 0 0 0 0 0 0 0 0 0 0 0 0 0 0 0 0 0 0 0 0 0 0 0 0 0 0 0 0 0 0 0 0 0 1 3 9 1 2 2 1 0 0 0 1 1 1 1 0 0 0 0 0 0 0 1 0 0 0 0 0 0 1 0 1 1 0 1 1 0 1 1 0 0 0 0 0 0 0 0 0 0 0 0 0 1
0 0 0 1 0 0 0 0 0 0 1 0 0 0 0 0 0 0 0 0 0 0 0 0 0 0 0 0 0 0 0 0 0 0 0 0 0 0 0 0 0 0 0 2 1 1 7 10 2 0 0 0 0 1 0 0 1 1 0 0 0 0 0 1 1 2 0 0 0 1 1 0 0 0 1 0 1 0 1 0 0 0 0 0 0 0 0 0 0 0 0 0 0 0 0 1
0 0 0 1 0 0 0 0 0 0 0 0 0 0 0 0 0 0 0 0 0 0 0 0 0 0 0 0 0 0 0 0 0 0 0 0 0 0 0 0 0 2 5 5 7 1 3 12 4 0 0 0 0 0 0 0 0 0 0 0 0 0 1 2 1 0 0 1 1 0 1 1 0 0 0 0 1 1 2 2 3 1 0 0 0 0 0 0 0 0 0 0 0 0 1 1
0 0 0 1 0 0 0 0 0 0 0 0 0 0 0 0 0 0 0 0 0 0 0 0 0 0 0 0 0 0 0 0 0 0 0 0 0 0 0 0 2 6 12 6 12 18 9 4 0 0 0 0 0 0 0 0 0 1 0 0 0 0 1 1 0 0 0 0 0 0 1 1 3 0 0 0 0 0 1 1 0 1 0 1 1 0 0 0 0 0 0 0 0 0 1 0
0 0 0 0 0 0 0 0 0 0 0 0 0 0 0 0 0 0 0 0 0 0 0 0 0 0 0 0 0 0 0 0 0 0 0 0 0 0 0 1 0 1 2 10 19 12 0 0 0 0 0 0 0 0 0 0 0 1 0 0 0 0 0 0 0 0 0 0 0 1 1 2 0 0 0 0 0 1 1 1 1 1 1 0 0 0 0 0 0 0 0 0 0 0 1 0
0 0 0 0 0 0 0 0 0 0 0 0 0 0 0 0 0 0 0 0 0 0 0 0 0 0 0 0 0 0 0 0 0 0 0 0 0 0 0 0 0 1 1 1 1 0 0 1 0 0 0 0 0 0 0 0 0 0 0 0 0 0 0 0 0 0 0 0 1 2 0 0 0 0 0 0 1 1 1 1 1 1 1 0 0 0 0 0 0 0 0 0 0 0 0 0
0 0 0 0 0 0 0 0 0 0 0 0 0 0 0 0 0 0 0 0 0 0 0 0 0 0 0 0 0 0 0 0 0 0 0 0 0 0 0 0 3 4 1 0 0 0 0 0 0 0 0 0 0 0 0 0 0 1 0 0 0 0 0 0 0 0 0 1 1 0 0 0 0 0 1 1 0 1 0 0 1 0 0 0 0 0 0 0 0 0 0 0 0 0 0 0
0 0 0 0 0 0 0 0 0 0 0 0 0 0 0 0 0 0 0 0 0 0 0 0 0 0 0 0 0 0 0 0 0 0 0 0 0 0 0 0 0 1 0 0 0 0 0 0 0 0 0 0 0 0 0 0 0 0 0 0 0 0 0 0 0 0 0 1 0 0 0 0 0 0 0 1 1 1 0 0 0 0 0 0 0 0 0 0 0 0 0 0 0 0 0 0
