sesion_6_simulaciones/modelos_agentes/ejemplos_netlogo/scenarios/echam4_a2/rob_2046.asc
NCOLS 322 
NROWS 307 
XLLCORNER 451900 
YLLCORNER 4086900 
CELLSIZE 100 
NODATA_value -9999 
[rows 74 to 147 of 307, columns 0 to 95 of 322]
0 0 0 0 0 0 0 0 0 0 0 0 0 0 0 0 0 0 0 0 0 0 0 0 0 0 0 0 0 0 0 0 0 0 0 0 1 1 1 1 0 1 0 0 0 0 0 0 0 0 0 0 0 0 0 0 0 0 0 0 0 1 1 1 1 0 0 1 1 2 5 3 2 1 8 27 9 11 27 48 39 6 8 11 18 3 2 2 4 3 4 4 2 3 5 4
0 0 0 0 0 0 0 0 0 0 0 0 0 0 0 0 0 0 0 0 0 0 0 0 0 0 0 0 0 0 0 0 0 0 0 1 0 0 2 2 0 1 1 0 0 0 0 0 0 0 0 0 0 0 0 0 0 0 0 0 0 0 2 3 1 1 2 2 2 1 1 4 4 3 5 39 12 5 4 41 32 13 9 6 2 7 8 3 4 4 5 10 7 5 3 24
0 0 0 0 0 0 0 0 0 0 0 0 0 0 0 0 0 0 0 0 0 0 0 0 0 0 0 0 0 0 0 0 0 0 0 0 0 1 1 1 1 2 1 0 0 0 0 0 0 0 0 0 0 0 0 0 1 0 0 0 0 1 1 2 2 2 3 3 4 3 3 1 1 1 5 45 60 12 7 9 22 17 7 2 2 21 21 16 13 3 3 2 14 16 10 14
0 0 0 0 0 0 0 0 0 0 0 0 0 0 0 0 0 0 0 0 0 0 0 0 0 0 0 0 0 0 0 0 0 0 0 0 0 0 0 0 2 1 1 1 1 1 0 0 0 0 0 0 0 0 0 0 0 0 0 0 0 1 1 2 1 2 2 3 4 6 7 8 8 6 4 8 39 22 13 4 27 35 5 2 16 35 4 41 22 9 4 12 19 19 21 10
0 0 0 0 0 0 0 0 0 0 0 0 0 0 0 0 0 0 0 0 0 0 0 0 0 0 0 0 0 0 0 0 0 0 0 0 0 0 0 1 1 1 1 1 1 5 1 1 1 1 1 0 0 0 0 0 0 0 0 1 0 0 0 0 1 1 2 4 4 4 5 12 9 10 5 2 3 9 9 5 10 9 6 5 18 7 5 3 4 15 9 14 11 15 19 26
0 0 0 0 0 0 0 0 0 0 0 0 0 0 0 0 0 0 0 0 0 0 0 0 0 0 0 0 0 0 0 0 0 1 1 1 1 0 1 1 1 3 2 0 1 1 5 5 12 10 5 2 1 1 0 0 0 0 1 0 0 0 0 0 0 0 0 0 1 4 6 7 8 11 8 7 4 8 3 2 9 9 6 9 19 6 16 9 4 12 17 42 53 52 32 40
0 0 0 0 0 0 0 0 0 0 0 0 0 0 0 0 0 0 0 0 0 0 0 0 0 0 0 0 0 0 0 0 0 0 2 4 1 0 0 2 2 1 4 3 1 1 2 7 34 38 42 56 27 4 2 1 1 1 0 0 0 0 0 0 0 0 0 1 1 3 6 5 8 12 11 6 5 2 1 0 3 7 8 10 22 13 5 7 8 12 58 57 54 28 29 58
0 0 0 0 0 0 0 0 0 0 0 0 0 0 0 0 0 0 0 0 0 0 0 0 0 0 0 0 0 0 0 0 0 0 0 1 1 0 0 1 4 16 3 8 6 2 2 1 1 2 7 12 21 33 13 3 1 0 0 0 0 0 0 1 0 0 0 0 0 1 2 8 8 11 15 8 2 0 1 1 2 4 5 13 6 14 19 21 13 12 8 6 23 17 24 43
0 0 0 0 0 0 0 0 0 0 0 0 0 0 0 0 0 0 0 0 0 0 1 0 1 0 0 0 0 0 0 0 0 0 0 0 0 0 0 1 2 2 3 10 5 3 4 3 1 0 0 0 1 7 6 16 4 1 0 3 4 1 1 0 1 1 0 1 0 0 1 3 10 8 6 7 4 2 3 6 2 2 7 23 8 31 26 23 21 28 18 9 8 23 64 78
0 0 0 0 0 0 0 0 0 0 0 0 0 0 0 0 0 0 1 0 0 0 0 0 0 0 0 0 0 0 0 0 0 0 0 0 0 0 1 1 3 7 3 2 1 1 1 1 0 1 1 0 3 1 1 3 6 3 11 7 1 0 0 0 1 0 0 1 1 1 6 5 7 6 5 7 9 12 7 3 6 5 24 30 19 48 37 68 48 41 47 42 11 11 16 18
0 0 0 0 0 0 0 0 0 0 0 0 0 0 0 0 0 0 0 0 0 0 0 0 0 0 0 0 0 0 0 0 0 0 0 0 0 0 1 1 2 4 8 6 0 0 1 1 1 0 0 3 10 4 3 2 1 6 26 3 1 1 0 0 1 0 1 1 2 4 4 5 4 4 5 5 8 8 14 3 6 4 9 7 17 50 24 33 54 66 42 45 47 31 24 20
0 0 0 0 0 0 0 0 0 0 0 0 0 0 0 0 0 0 0 0 0 0 0 0 0 0 0 0 0 0 0 0 0 0 0 0 0 1 1 1 2 3 7 10 4 4 6 5 6 7 4 5 6 4 3 2 3 8 3 3 2 2 1 0 0 0 0 2 2 2 5 3 15 3 3 10 7 7 9 7 6 4 5 13 3 37 27 58 58 75 84 84 63 44 33 32
0 0 0 0 0 0 0 0 0 0 0 0 0 0 0 0 0 0 0 0 0 0 0 0 0 0 0 0 0 0 0 0 0 0 0 0 0 0 0 1 2 1 4 4 2 3 4 3 2 4 4 2 2 2 2 2 6 2 3 3 3 1 0 0 0 0 0 0 0 1 1 3 1 1 11 8 5 8 31 11 14 7 4 11 21 47 37 25 68 64 53 62 70 35 35 36
0 0 0 0 0 0 0 0 0 0 0 0 0 0 0 0 0 0 0 0 0 0 0 0 0 0 0 0 0 0 0 0 0 0 0 0 0 0 0 1 2 1 0 1 1 1 3 0 1 2 1 2 2 3 2 1 2 1 2 2 2 0 1 0 0 1 2 3 2 1 2 1 2 2 2 2 19 27 5 10 11 8 8 6 9 15 31 50 59 68 14 44 56 58 36 35
0 0 0 0 0 0 0 0 0 0 0 0 0 0 0 0 0 0 0 0 0 0 0 0 1 0 0 0 0 1 0 0 0 0 0 0 0 0 0 0 0 0 1 0 1 2 3 1 1 2 1 0 1 3 2 1 1 1 1 2 1 0 0 0 1 0 0 1 3 1 2 2 1 2 4 3 4 7 6 5 3 6 14 14 10 12 12 9 27 24 18 45 23 62 51 45
0 0 0 0 0 0 0 0 0 0 0 0 0 0 0 0 0 0 0 0 0 0 0 0 0 1 1 1 0 0 0 1 0 0 0 0 0 0 0 0 0 0 0 0 0 1 1 0 0 1 0 1 0 1 2 0 1 0 3 1 0 0 0 1 1 0 0 0 7 1 2 1 1 2 2 6 7 18 23 17 26 18 9 6 22 31 27 26 13 11 23 42 46 22 45 40
0 0 0 0 0 0 0 0 0 0 0 0 0 0 0 0 0 0 0 0 0 0 0 1 3 0 2 2 0 1 1 1 0 1 0 0 0 0 0 0 0 0 0 0 0 1 0 0 0 0 0 1 1 2 0 1 2 1 1 0 0 1 1 0 0 0 0 0 2 20 12 4 2 7 8 13 42 40 6 13 41 28 33 31 29 33 34 37 30 16 8 39 36 21 15 6
0 0 0 0 0 0 0 0 0 0 0 0 0 0 0 0 0 0 0 0 0 0 0 0 2 0 0 7 3 0 0 2 1 1 1 3 1 0 0 0 0 0 0 0 0 0 0 0 0 0 3 5 7 6 7 0 0 1 0 0 0 1 0 0 0 0 2 2 1 1 4 6 34 65 32 16 9 7 46 16 3 22 35 30 27 31 40 44 38 19 12 14 10 6 9 29
0 0 0 0 0 0 0 0 0 0 0 0 0 0 0 0 0 0 0 0 0 0 0 1 0 1 1 4 11 2 0 0 0 0 0 1 1 1 2 0 0 0 1 1 1 1 1 0 1 6 11 6 1 1 4 9 2 0 0 0 0 1 0 0 0 0 1 1 2 1 1 2 1 2 2 40 9 11 6 16 33 9 14 41 32 38 45 44 48 49 27 8 16 33 19 30
0 0 0 0 0 0 0 0 0 0 0 0 0 0 0 0 0 0 1 0 0 1 0 0 0 0 0 0 1 1 3 0 0 0 1 0 0 3 1 0 2 0 0 2 5 2 1 4 4 6 20 18 3 10 6 11 4 6 2 2 1 1 0 0 0 0 0 1 1 1 1 0 1 2 1 6 5 9 7 10 19 43 21 25 37 42 31 43 27 16 29 36 41 11 9 14
0 0 0 0 0 0 0 0 0 0 0 0 0 0 0 0 0 0 0 0 0 0 0 0 0 1 0 0 0 2 11 2 0 0 0 1 0 1 4 0 4 0 1 5 4 4 7 11 11 50 31 36 18 51 38 23 14 13 10 1 1 1 0 0 0 0 1 3 2 2 1 3 5 5 3 2 3 9 16 13 8 9 37 36 35 22 38 19 17 41 40 32 39 40 29 17
0 0 0 0 0 0 0 0 0 0 0 0 0 0 0 0 0 0 0 0 0 1 0 0 0 1 1 0 0 1 5 6 2 1 0 0 0 0 3 0 4 0 1 4 5 8 26 30 41 59 43 10 35 25 20 15 10 21 1 1 2 1 0 0 0 0 1 1 2 1 11 2 1 2 3 6 24 29 31 25 19 15 18 28 18 12 27 27 27 32 47 42 23 19 27 25
0 0 0 0 0 0 0 0 0 0 0 0 0 0 0 0 0 0 0 0 0 0 0 0 1 0 1 1 1 0 3 11 0 0 0 0 0 2 13 5 9 4 2 4 11 32 59 47 25 68 25 3 12 2 7 28 30 18 2 7 6 5 1 0 0 0 1 1 1 4 1 3 5 2 3 12 11 8 22 32 39 21 11 13 9 14 31 45 40 39 37 46 22 25 25 38
0 0 0 0 0 0 0 0 0 0 0 0 0 0 0 0 0 0 0 0 0 0 0 2 3 3 1 2 1 1 6 14 1 1 2 2 0 1 1 6 11 27 7 9 31 45 68 60 24 43 5 7 3 1 0 1 40 41 32 18 4 9 0 0 2 4 0 0 1 1 1 5 2 8 12 2 8 24 17 34 27 33 39 15 26 28 40 36 45 29 46 47 33 39 34 47
0 0 0 0 0 0 0 0 0 0 0 0 0 1 0 0 0 0 0 1 1 1 1 2 2 3 3 7 4 5 3 7 2 1 2 1 1 3 1 3 4 17 14 27 40 45 74 85 75 43 12 4 1 1 0 1 1 1 56 17 20 2 0 3 1 2 1 0 0 0 2 2 7 6 4 3 5 3 13 17 35 45 28 18 21 37 30 26 47 22 68 27 32 34 27 32
0 0 0 0 0 0 0 0 0 0 0 0 0 0 1 1 0 0 1 1 1 1 2 7 10 12 14 10 11 14 1 7 9 4 2 1 1 1 1 0 1 16 2 7 9 14 78 82 73 22 12 11 6 4 2 3 1 3 2 1 1 1 2 3 3 1 1 0 0 1 1 2 2 3 2 1 2 7 10 22 28 35 22 21 17 26 31 13 33 29 69 36 36 19 30 41
0 0 0 0 0 0 0 0 0 0 0 0 0 0 0 0 2 0 0 1 1 1 0 1 2 5 7 3 14 17 7 27 40 14 3 7 2 2 2 1 8 14 9 6 12 19 7 30 44 8 15 16 10 6 8 4 2 6 3 4 2 1 2 3 2 1 1 0 1 0 0 0 3 4 3 3 5 9 10 15 16 26 20 19 20 16 23 20 48 53 16 29 38 35 43 28
0 0 0 0 0 0 0 0 0 0 0 0 0 0 0 0 0 3 1 1 1 2 2 3 7 10 9 5 2 3 3 42 29 11 20 22 33 15 2 2 9 12 51 19 22 24 23 7 4 9 25 19 10 6 3 6 5 4 3 2 2 1 4 3 2 1 0 1 1 0 0 0 1 1 2 6 5 8 10 12 12 13 10 18 22 13 14 19 37 4 16 27 21 8 5 16
0 0 0 0 0 0 0 0 0 0 0 0 0 0 0 0 0 0 1 1 3 5 6 8 14 32 16 16 10 4 2 2 37 39 33 9 50 22 9 21 31 5 36 21 78 56 20 8 9 4 14 19 12 7 7 2 5 3 3 2 3 4 11 13 3 1 0 0 1 0 0 0 0 0 0 3 3 4 7 7 11 8 11 16 7 22 16 40 15 9 19 21 25 15 14 24
0 0 0 0 0 0 0 0 0 0 0 0 0 0 0 0 0 1 1 1 4 6 22 18 22 19 39 21 7 8 6 6 3 29 28 5 7 5 38 14 12 3 49 16 9 4 14 10 15 11 17 24 23 13 6 2 1 2 0 1 2 1 5 6 0 1 1 0 0 0 1 1 0 1 1 1 3 3 4 5 4 13 4 2 7 26 12 42 10 4 8 11 13 12 21 25
0 0 0 0 0 0 0 0 0 0 0 0 0 0 1 1 1 0 1 1 1 4 29 38 12 11 14 16 21 19 11 18 8 2 2 9 3 6 46 5 4 9 24 7 8 6 15 11 13 10 5 16 17 14 5 2 1 1 1 1 1 1 1 0 1 1 1 0 0 1 1 0 1 1 1 1 3 4 4 3 16 3 4 6 8 15 13 11 13 2 2 9 11 22 27 39
0 0 0 0 0 0 0 0 0 0 0 0 0 0 0 0 1 1 3 5 4 10 8 7 4 2 8 16 21 17 33 31 7 3 1 2 6 25 12 11 2 31 49 12 12 13 12 18 22 4 7 10 8 8 3 3 2 1 1 0 0 0 0 2 2 1 1 1 1 1 1 1 0 2 1 1 2 1 2 6 4 3 5 3 8 3 9 16 28 10 6 9 15 17 13 32
0 0 0 0 0 0 0 0 0 0 0 0 0 0 0 1 1 2 4 3 4 19 8 6 8 8 3 9 14 12 13 7 4 9 7 8 18 11 21 8 11 14 30 29 19 16 6 9 11 3 3 14 17 16 12 4 2 1 2 5 3 1 1 1 1 0 5 3 1 1 1 8 3 1 1 1 1 1 1 3 1 3 3 1 4 4 8 16 9 20 13 19 15 24 22 31
0 0 0 0 0 0 0 0 0 0 0 0 0 2 1 4 2 1 2 6 10 12 20 9 7 9 9 6 19 15 9 6 9 13 16 15 5 6 9 11 10 3 6 14 20 11 2 4 4 5 6 8 6 6 4 2 3 1 9 8 3 3 0 0 1 1 7 43 17 7 3 2 7 14 2 1 1 1 3 2 0 4 1 3 3 6 3 4 5 8 17 13 36 25 10 17
0 0 0 0 0 0 0 0 0 0 0 0 0 0 2 2 3 5 3 8 7 5 17 8 5 5 4 2 2 4 10 8 14 14 8 15 13 12 10 8 3 6 12 4 20 11 9 8 8 4 3 3 3 13 7 5 3 1 2 1 1 1 3 1 2 4 3 24 51 22 1 2 3 1 9 3 1 1 1 1 2 4 1 12 5 4 4 7 6 8 14 27 11 13 16 7
0 0 0 0 0 0 0 0 0 0 0 0 0 0 0 0 0 0 2 5 7 8 15 22 13 9 11 9 5 3 6 2 3 7 7 13 14 9 15 4 2 9 4 6 22 10 10 7 9 5 4 4 4 9 13 1 2 1 2 2 1 7 5 6 9 4 9 8 43 14 10 2 2 2 2 5 3 3 2 4 1 2 2 5 4 5 7 3 5 27 11 6 16 13 17 16
0 0 0 0 0 0 0 0 0 0 0 0 0 0 1 1 0 0 1 3 6 19 28 38 34 11 7 3 2 3 3 1 1 2 4 4 8 10 6 9 7 9 3 16 2 1 4 5 7 7 13 11 4 10 5 4 2 3 4 1 4 5 3 3 36 9 11 6 3 45 34 5 6 2 8 14 16 30 14 11 4 3 1 6 17 10 24 14 15 18 13 7 15 21 27 15
0 0 0 0 0 0 0 0 0 0 0 0 0 0 1 1 1 2 1 12 38 16 8 15 23 12 9 9 3 0 3 3 5 2 1 3 12 11 3 6 15 16 13 11 4 2 5 11 19 20 7 34 19 19 10 4 3 1 1 5 2 1 2 3 3 13 7 8 4 15 28 43 25 3 1 10 8 23 2 1 6 23 1 3 1 7 8 48 31 27 54 20 17 16 19 21
0 0 0 0 0 0 0 0 0 0 0 0 0 0 0 0 2 2 3 2 3 25 26 12 15 11 18 27 14 5 4 9 6 6 7 3 3 8 7 8 9 13 11 10 8 9 23 18 14 18 18 14 15 10 8 10 13 15 4 1 4 2 1 16 3 10 19 8 5 8 29 27 32 11 4 5 1 10 4 2 0 10 3 4 5 26 5 9 4 2 31 9 13 56 19 34
0 0 0 0 0 0 0 0 0 0 0 0 0 0 0 1 1 1 3 4 3 1 18 45 28 26 21 20 24 8 7 12 5 7 13 18 7 3 4 9 12 9 5 33 12 14 18 47 45 27 38 15 18 43 59 51 12 7 3 2 3 16 7 2 18 4 21 14 10 2 30 23 16 26 4 7 2 13 20 4 2 21 2 4 7 1 10 6 2 8 52 14 9 41 59 53
0 0 0 0 0 0 0 0 0 0 0 0 0 0 0 0 1 2 3 8 8 8 4 13 14 15 5 6 23 8 5 6 4 3 6 11 9 7 5 10 7 3 3 3 17 21 19 40 28 14 12 29 12 10 7 4 6 2 3 3 3 10 14 5 7 18 2 30 17 5 25 40 37 25 8 6 2 20 4 4 1 43 8 4 8 9 4 8 7 20 52 61 11 11 63 55
0 0 0 0 0 0 0 0 0 0 0 0 0 0 0 0 0 1 3 11 16 9 6 3 2 1 5 3 1 2 6 1 1 4 7 5 7 11 8 6 14 10 12 11 15 21 19 16 11 11 21 22 21 27 9 15 12 5 3 5 2 6 12 13 11 39 14 29 45 13 14 18 41 20 30 7 4 21 11 25 18 44 62 14 10 12 4 17 9 6 30 73 20 8 9 59
0 0 0 0 0 0 0 0 0 0 0 0 0 0 0 0 1 1 2 6 11 8 5 7 4 4 5 2 0 1 2 2 2 3 3 4 9 10 8 18 27 17 16 13 6 11 13 12 15 33 20 36 22 21 16 17 13 11 6 11 6 13 7 21 7 37 29 12 51 30 4 22 29 21 47 12 27 13 13 12 30 12 65 31 7 13 14 42 11 6 7 45 26 13 26 25
0 0 0 0 0 0 0 0 0 0 0 0 0 0 0 0 0 1 2 4 7 8 7 6 11 8 11 8 2 1 1 0 0 3 3 2 8 11 5 5 22 15 8 5 13 8 15 9 9 35 45 36 45 24 7 14 39 12 18 17 19 27 10 4 7 7 21 11 23 46 17 13 16 53 38 27 43 13 24 57 38 14 42 60 14 18 7 7 8 12 16 56 25 39 24 7
0 0 0 0 0 0 0 0 0 0 0 0 0 0 0 0 1 1 9 11 7 20 13 18 5 7 10 10 6 1 0 1 5 3 10 11 8 15 17 15 15 11 10 7 10 7 6 12 10 7 6 15 7 13 38 25 43 10 64 45 11 39 13 20 23 9 6 4 18 35 16 37 18 36 8 27 71 43 26 45 61 53 46 72 17 14 29 10 14 5 22 32 36 14 9 12
0 0 0 0 0 0 0 0 0 0 0 0 0 0 0 0 0 1 1 1 3 1 2 5 11 18 10 9 16 3 1 9 6 8 4 3 8 8 9 30 19 7 10 19 15 15 18 21 8 22 23 7 28 43 37 50 31 33 28 41 9 26 33 16 31 46 48 28 13 51 53 69 64 31 26 32 53 58 45 50 58 60 42 71 66 33 6 6 9 19 24 39 48 22 9 7
0 0 0 0 0 0 0 0 0 0 0 0 0 0 1 1 1 0 2 2 2 4 3 6 18 8 11 13 15 15 5 44 11 4 8 4 15 15 18 26 43 20 23 26 15 26 14 18 10 14 19 14 6 31 13 25 56 56 34 38 42 62 63 48 14 55 48 58 52 33 52 63 18 34 32 35 54 45 69 73 62 42 40 78 68 28 38 7 9 38 17 44 32 33 29 16
0 0 0 0 0 0 0 0 0 0 0 0 0 0 0 0 0 1 0 4 2 3 5 6 7 8 16 11 13 8 11 41 8 11 10 7 13 11 12 24 36 16 15 23 13 22 6 7 15 8 8 16 5 4 4 6 28 52 58 63 48 40 59 77 36 33 64 64 56 36 14 29 40 26 31 51 63 80 56 39 40 32 81 70 72 27 20 20 14 21 24 46 11 8 10 39
1 0 0 0 0 0 0 0 0 0 0 0 0 0 0 0 0 0 0 2 4 5 1 3 4 7 9 4 14 12 24 12 14 22 11 5 5 11 31 30 16 9 22 27 26 18 6 5 4 15 8 8 14 11 5 3 9 15 10 36 23 21 54 75 65 48 25 11 14 24 18 21 18 22 25 24 60 49 44 30 11 33 83 69 71 59 24 30 7 26 32 58 58 42 20 9
0 0 0 0 0 0 0 0 0 0 0 0 0 0 2 0 0 0 1 2 2 2 0 3 2 1 5 2 12 16 20 22 27 14 6 14 16 14 31 22 9 22 9 10 21 6 5 7 3 10 6 4 10 4 11 7 6 11 12 4 23 22 28 39 42 19 16 28 23 36 21 13 15 20 23 10 32 30 34 20 19 14 46 32 47 69 30 42 12 37 54 46 31 37 33 13
0 0 0 0 0 0 0 0 0 0 0 0 0 0 0 1 0 0 0 1 2 0 2 2 2 1 4 3 9 8 11 13 24 10 17 16 20 9 18 14 9 14 8 10 10 4 5 4 3 17 8 6 12 13 10 8 16 15 25 15 9 14 5 12 4 4 13 24 27 31 28 16 12 7 9 8 17 17 21 20 22 18 24 17 30 38 15 30 9 31 55 52 29 14 75 59
0 0 0 0 0 0 0 0 0 0 0 0 0 0 0 2 1 0 0 0 1 1 1 2 1 2 9 6 10 7 16 25 7 13 13 24 11 9 23 5 8 11 4 7 6 11 3 6 2 9 6 7 7 16 6 9 10 18 14 18 19 27 11 10 11 7 21 17 22 15 9 7 24 12 8 4 7 18 13 12 13 12 14 27 31 28 21 29 14 68 71 68 66 25 8 18
0 0 0 0 0 0 0 0 0 0 0 0 1 1 0 0 1 0 0 1 1 1 1 2 2 2 7 5 3 3 5 7 12 30 13 7 8 2 9 4 6 5 6 5 3 3 3 5 5 6 6 6 5 8 9 15 17 11 16 13 26 13 8 19 6 11 16 31 11 9 15 34 23 20 22 23 6 5 14 12 12 19 13 35 21 15 44 16 27 68 66 63 78 41 45 14
0 0 0 0 0 0 0 0 0 0 0 0 0 0 0 0 0 0 0 0 0 0 0 1 1 3 4 6 3 3 5 20 8 9 13 7 5 4 8 2 4 3 1 2 2 4 1 2 3 1 3 1 4 8 11 16 24 19 8 15 12 16 14 10 42 11 18 21 25 45 38 22 13 13 20 25 23 27 31 31 43 48 20 23 19 33 55 34 50 61 35 53 83 61 65 46
0 0 0 0 0 0 0 0 0 0 0 0 0 0 0 0 0 0 0 0 0 0 0 0 0 0 1 3 3 7 4 10 3 6 10 5 3 4 2 4 2 2 1 6 9 3 2 7 19 7 12 7 16 26 31 8 11 14 14 10 14 15 26 23 28 23 19 20 45 8 6 9 12 6 4 7 28 22 38 46 53 50 40 17 17 39 65 33 36 18 26 60 90 52 72 62
0 0 0 0 0 1 0 0 0 1 0 0 0 0 0 0 0 0 1 1 4 2 2 1 2 0 0 2 3 3 4 2 2 3 7 4 2 2 1 1 5 21 5 3 5 5 9 4 24 36 60 23 36 58 39 18 30 15 5 6 6 8 25 12 15 22 21 30 10 9 12 19 35 22 24 19 9 32 51 69 64 25 18 26 14 43 60 42 35 30 33 83 85 53 62 89
0 0 0 0 0 0 1 1 0 0 0 0 0 0 0 0 0 0 1 1 3 7 4 1 1 3 6 3 4 1 8 3 3 2 2 2 1 1 3 3 8 1 7 23 6 12 15 13 14 63 64 69 21 47 45 45 24 40 19 11 10 13 4 15 22 29 29 9 12 13 24 39 28 39 54 34 22 53 70 72 37 24 17 35 22 47 27 22 40 42 63 89 70 83 65 91
0 0 0 0 1 0 0 0 0 0 0 0 0 0 0 0 0 0 1 2 1 10 5 11 15 23 15 10 6 2 4 2 2 3 4 13 8 14 22 17 21 29 17 37 11 25 41 47 8 9 9 60 59 27 47 21 20 58 33 28 9 10 13 21 24 27 19 23 24 34 29 16 29 29 36 34 62 58 46 48 26 19 17 24 21 35 25 26 29 29 46 81 59 78 38 70
0 1 0 0 0 0 0 0 0 0 0 0 0 0 0 0 0 0 2 8 2 1 8 32 14 27 21 26 24 35 14 28 28 44 10 26 2 24 46 19 39 61 17 49 46 24 53 20 70 31 15 74 55 52 49 50 72 77 26 38 16 12 11 11 12 18 15 11 11 16 17 23 17 32 38 61 72 63 24 11 26 15 12 20 10 20 20 34 34 57 70 82 52 59 54 49
0 1 4 0 1 1 0 0 0 0 0 0 0 0 0 0 0 0 0 4 3 1 1 3 3 2 15 39 23 26 30 28 52 29 21 31 49 38 45 52 21 64 65 31 45 38 61 25 65 80 52 53 54 47 30 73 53 57 45 48 33 9 10 9 25 16 20 26 30 31 38 27 40 37 63 69 53 34 27 12 4 8 10 16 17 9 18 29 32 47 73 72 31 38 44 43
1 0 0 1 1 2 1 1 1 1 0 0 1 1 0 0 0 0 1 0 0 0 1 1 2 4 13 9 15 24 32 44 11 38 14 58 44 44 51 58 42 58 47 54 64 57 61 68 15 65 45 28 73 20 43 70 49 17 60 18 24 39 8 7 16 16 35 32 32 30 29 38 56 81 80 69 54 33 8 10 10 5 3 3 11 5 17 16 26 37 57 47 36 21 48 60
0 1 1 1 1 1 0 0 1 0 1 0 0 0 0 0 0 0 1 2 2 2 1 2 2 3 1 2 2 3 2 2 5 8 3 2 5 4 4 8 9 11 7 12 13 13 15 64 49 44 76 28 59 58 59 58 21 12 21 23 50 44 19 11 27 26 33 23 25 55 70 75 78 77 71 64 44 14 5 6 5 5 4 3 7 4 9 7 11 16 30 32 28 15 27 35
1 1 1 1 0 0 0 0 1 0 1 0 0 0 0 0 0 0 1 0 1 2 2 1 4 3 2 2 3 5 3 3 9 7 7 9 5 6 9 14 12 13 26 12 17 11 20 8 13 16 49 49 59 66 59 29 31 37 30 43 45 21 18 22 22 23 35 53 66 67 75 61 44 46 31 28 8 10 10 10 9 7 4 4 3 2 2 2 4 5 12 14 20 11 10 14
4 5 2 0 0 0 0 0 0 0 0 0 0 0 0 0 0 0 0 1 1 0 1 1 2 1 1 4 2 2 4 4 2 2 2 4 3 3 7 4 6 13 14 9 8 13 10 20 18 18 12 16 17 20 30 29 38 32 27 42 11 14 14 23 27 20 21 19 41 68 73 68 48 39 18 16 26 23 36 31 19 11 3 6 8 8 8 5 3 1 1 3 6 16 15 11
1 1 0 1 0 0 0 0 0 0 0 0 0 0 0 0 0 0 0 0 1 1 1 2 1 1 1 3 3 4 2 1 3 2 2 3 3 5 6 8 6 6 7 4 3 4 5 5 13 20 30 49 38 32 29 25 27 24 26 10 8 14 13 30 22 13 21 21 25 33 29 41 49 24 15 28 35 33 11 8 5 6 7 14 27 26 25 13 13 9 4 4 2 2 4 4
1 0 1 0 0 0 0 0 0 0 0 0 0 0 0 0 0 0 0 0 0 2 2 1 2 1 1 3 4 1 1 2 2 4 5 2 4 4 3 5 5 6 22 9 10 8 9 12 20 17 31 33 25 26 25 19 24 16 14 15 3 16 14 20 35 37 33 43 34 30 18 18 10 20 27 37 56 39 19 12 12 17 19 34 27 27 29 31 30 15 19 11 7 6 3 2
1 1 0 0 0 0 0 0 0 0 0 0 0 0 0 0 0 0 0 0 0 1 2 2 2 0 3 6 2 1 2 1 3 3 5 6 4 7 8 8 2 7 10 11 8 20 21 18 13 11 19 10 35 24 46 30 18 16 11 8 10 12 16 11 52 62 29 48 42 38 27 29 16 28 42 50 29 12 20 25 22 34 23 37 46 40 48 35 36 34 29 29 24 18 8 14
1 0 0 0 0 0 1 1 1 0 1 0 0 0 0 0 0 0 0 0 1 1 0 1 1 2 12 10 4 2 3 2 3 9 4 6 5 8 3 3 10 8 6 9 9 18 17 8 23 11 19 26 24 15 28 16 29 8 14 6 22 33 13 41 72 46 45 27 26 31 22 13 19 30 40 36 17 27 27 33 41 38 44 58 56 50 49 38 53 54 38 54 36 23 21 20
0 0 0 0 0 2 1 0 2 3 0 0 0 0 0 0 0 0 0 0 1 0 0 1 1 7 4 1 1 1 1 3 2 2 10 3 4 6 7 9 6 6 5 5 8 9 15 16 14 16 22 18 24 15 18 15 32 18 8 4 9 30 49 62 56 55 33 31 32 17 15 18 26 12 41 18 31 31 47 48 56 43 51 59 62 47 59 57 57 42 46 50 39 34 44 46
0 0 0 0 0 3 2 2 4 2 1 1 3 0 0 0 0 0 0 0 0 0 0 2 0 0 1 1 2 3 1 1 3 1 3 3 3 9 5 5 2 7 3 2 3 9 9 17 19 13 10 25 6 17 21 19 11 7 19 11 3 16 17 24 37 61 50 65 44 13 29 23 35 28 71 36 29 32 40 44 56 41 48 63 43 44 58 72 63 60 45 48 45 59 56 43
0 0 0 1 0 0 0 0 2 3 3 2 2 0 1 0 0 0 0 0 0 0 0 0 0 1 1 1 2 1 1 1 1 1 1 2 1 2 2 5 11 3 6 5 2 3 5 6 10 13 16 14 16 4 26 4 9 23 11 12 6 6 13 12 11 13 35 26 15 33 59 30 36 28 65 32 35 39 52 61 77 63 78 77 71 66 66 67 81 80 55 48 48 50 75 56
0 0 0 0 0 0 0 0 0 1 0 2 1 0 1 1 1 0 0 0 0 0 0 0 0 1 1 0 0 0 0 0 0 0 1 1 1 1 1 3 5 13 5 2 12 9 12 4 9 6 6 11 4 11 12 19 21 13 13 11 7 22 34 25 19 13 15 32 39 33 45 47 25 38 58 48 57 50 64 80 68 56 83 80 80 78 77 75 79 74 60 55 71 74 75 62
0 0 0 0 0 0 2 0 0 0 2 4 1 4 1 2 4 3 2 0 0 0 0 0 0 0 0 0 0 0 0 0 0 0 0 1 0 1 2 3 3 4 7 10 1 8 8 10 10 6 6 16 22 9 4 4 8 19 18 17 13 34 26 21 11 25 29 29 52 47 39 64 41 58 54 70 75 70 77 71 39 66 79 62 43 49 68 42 72 81 68 68 65 67 66 82
1 1 3 1 3 0 0 0 1 1 4 5 4 20 5 7 12 6 1 1 0 0 0 0 0 0 0 0 0 0 0 0 0 0 0 0 1 0 1 1 1 2 4 12 8 4 8 5 8 8 7 7 5 30 48 18 15 14 13 16 26 25 32 17 27 30 43 22 45 54 32 51 59 56 72 48 62 61 76 66 22 36 49 64 36 10 17 35 77 74 76 80 47 53 40 77
