sesion_6_simulaciones/modelos_agentes/ejemplos_netlogo/scenarios/echam4_a2/rob_2099.asc
NCOLS 322 
NROWS 307 
XLLCORNER 451900 
YLLCORNER 4086900 
CELLSIZE 100 
NODATA_value -9999 
[rows 216 to 287 of 307, columns 192 to 287 of 322]
8 14 20 25 25 28 31 28 28 14 11 13 10 7 3 2 1 1 2 3 1 2 2 4 7 6 7 22 28 26 45 25 18 22 30 40 41 20 23 36 32 15 10 6 8 4 4 3 1 2 2 1 3 1 2 0 0 1 0 0 0 0 0 1 2 2 6 15 21 37 52 51 37 41 27 53 34 21 6 1 0 1 2 3 2 6 5 9 14 26 14 30 29 17 36 48
7 5 12 17 14 15 28 28 20 26 21 17 11 5 4 1 1 1 2 4 2 2 5 6 3 4 6 10 13 16 30 32 21 39 42 40 25 24 17 35 14 6 5 5 7 6 4 2 1 5 1 2 1 2 2 1 0 0 0 0 0 0 2 2 4 4 10 16 27 36 50 38 43 41 26 18 25 13 6 1 0 2 1 1 5 3 14 10 20 8 11 23 19 22 22 24
14 14 17 17 10 5 8 27 27 24 14 12 9 6 3 2 0 1 2 6 5 7 7 8 5 3 4 5 4 11 18 31 29 52 49 41 34 20 18 9 10 7 4 2 3 3 6 2 1 1 1 1 1 1 2 1 1 1 0 0 1 1 4 13 5 7 11 15 23 49 52 64 52 41 39 27 11 4 2 1 1 1 3 4 5 6 8 15 13 16 28 24 30 35 35 36
25 31 19 19 22 23 24 29 15 14 14 10 7 1 2 1 1 3 5 12 12 9 16 15 10 6 8 12 15 14 14 19 34 38 58 47 23 31 19 10 11 10 8 5 2 1 1 2 1 1 1 1 1 1 0 2 1 0 0 1 1 4 5 23 24 30 37 14 9 11 51 73 90 75 38 29 18 10 3 1 1 1 3 7 5 7 13 12 18 21 25 41 31 40 50 39
36 25 28 54 50 36 32 31 23 12 10 9 5 1 1 0 1 5 8 19 28 12 14 21 23 16 10 21 21 22 26 16 34 36 44 26 39 21 16 11 14 7 4 7 2 1 1 1 1 0 1 1 0 0 1 0 0 0 0 1 5 8 13 46 56 44 53 80 61 38 45 66 83 75 77 56 39 9 1 1 1 1 3 4 11 11 12 18 22 21 28 31 45 38 40 57
15 9 5 38 29 22 27 14 9 7 8 7 4 2 1 0 1 6 15 15 32 41 28 27 25 19 21 23 24 23 23 27 23 33 28 19 13 20 17 11 18 11 8 11 3 2 1 1 1 0 1 0 0 0 0 1 0 0 1 1 2 3 3 25 64 47 64 80 90 73 34 28 27 51 63 16 6 1 1 2 3 2 4 5 7 8 5 10 12 21 36 25 30 29 45 47
9 12 9 6 33 26 23 17 10 6 2 6 2 1 1 2 4 7 8 11 18 34 61 48 33 34 25 25 41 43 24 28 49 34 23 12 16 25 16 14 12 7 6 11 3 3 2 1 1 1 1 0 0 0 0 0 0 0 1 2 3 3 8 7 42 79 74 67 81 85 59 54 44 29 28 7 5 3 3 5 8 5 6 5 6 8 7 5 12 17 30 34 39 37 38 26
29 36 33 31 20 16 19 21 11 8 5 2 1 1 1 5 6 7 5 15 26 44 57 63 37 41 41 29 42 40 26 29 38 32 27 13 20 13 14 11 10 6 7 12 6 2 3 1 1 1 1 0 0 0 0 0 0 0 0 1 1 4 9 11 35 74 71 63 79 83 67 51 47 36 13 8 10 7 5 6 10 6 5 6 9 14 13 9 10 23 25 26 37 39 39 41
34 31 38 36 32 26 26 17 13 7 5 1 1 1 1 8 10 19 11 17 25 51 56 68 56 40 37 41 38 49 40 25 25 25 25 13 19 6 13 10 6 6 7 14 15 2 3 2 0 0 0 0 0 0 0 0 0 0 0 1 2 5 11 21 22 40 12 7 18 73 84 62 43 17 15 15 14 10 8 7 11 8 3 6 7 13 16 18 20 15 24 39 36 37 41 58
21 21 27 23 21 17 15 15 14 8 4 4 1 1 2 13 21 25 23 22 28 33 44 55 58 52 39 37 31 44 64 39 23 22 11 11 13 9 19 7 5 4 7 7 13 7 1 1 0 0 0 0 0 0 0 0 0 0 0 1 4 7 22 26 20 24 15 23 11 18 67 55 35 34 23 27 28 14 10 5 9 11 12 5 5 7 9 17 23 18 23 41 41 36 41 47
23 23 26 15 8 11 14 13 8 3 3 2 1 2 8 16 18 31 33 36 25 32 48 42 53 70 48 37 38 25 33 40 16 23 15 16 17 15 8 8 4 5 4 4 4 4 2 3 1 0 1 0 0 0 0 0 0 0 1 2 6 11 20 15 17 17 25 41 27 27 38 19 30 27 37 34 21 15 13 6 16 16 12 2 9 9 17 6 11 14 18 17 37 42 35 44
19 37 33 33 28 23 17 12 10 5 1 1 1 3 19 17 26 20 37 51 46 50 43 39 44 60 69 36 48 23 25 32 20 12 21 21 14 10 9 8 2 3 2 4 5 5 4 4 3 0 0 0 0 0 0 0 0 0 1 2 7 13 13 9 28 26 37 38 30 37 24 22 30 40 41 41 34 28 19 7 11 16 18 7 12 8 9 9 10 12 15 21 21 21 38 44
31 27 24 20 19 10 8 7 6 4 1 0 2 7 20 15 13 26 48 53 61 69 70 47 43 42 67 25 39 19 18 29 9 10 19 17 18 14 9 8 4 4 3 3 6 5 3 4 2 1 0 0 0 0 0 1 0 1 2 10 11 6 7 16 47 44 29 25 28 27 34 33 46 44 59 47 43 35 8 3 8 26 23 14 22 14 10 19 12 18 25 25 25 24 23 41
39 35 23 17 14 14 8 7 5 2 0 0 2 12 12 12 9 22 27 39 39 58 67 70 49 34 46 38 47 18 31 15 8 8 11 19 17 13 6 6 6 6 4 3 3 6 3 2 1 0 1 0 0 0 0 0 1 1 2 1 3 9 14 40 43 31 24 21 35 44 48 47 50 63 42 34 35 26 15 1 2 24 37 23 16 20 24 25 11 14 21 26 42 36 39 42
20 24 24 7 6 8 11 6 5 1 1 1 6 11 13 16 33 15 24 33 49 49 59 47 53 42 44 41 34 14 22 9 7 19 11 14 14 8 6 9 7 9 3 3 7 6 5 2 2 0 0 0 0 0 0 0 4 1 1 2 5 7 15 18 17 14 19 24 23 35 58 67 60 37 18 21 19 14 3 1 6 8 35 22 19 20 38 50 19 15 17 29 29 26 36 41
10 8 18 10 14 14 10 6 4 1 1 2 6 16 25 35 27 25 37 47 41 45 55 54 37 35 33 25 28 24 35 12 7 11 15 9 12 9 7 6 7 4 5 2 2 3 4 2 1 0 0 0 0 0 0 0 0 10 14 5 3 2 8 10 19 20 16 13 10 38 77 66 46 34 24 14 11 5 2 3 5 13 24 19 34 19 30 35 47 19 18 31 30 36 29 38
13 5 2 9 14 11 7 4 3 1 1 3 13 20 33 33 21 28 44 41 33 57 59 55 32 28 32 20 37 41 18 10 9 15 8 12 10 9 8 7 6 5 7 2 4 3 4 2 1 0 0 0 0 0 0 1 1 2 3 5 3 9 5 8 10 16 19 8 20 39 53 40 44 47 26 12 5 5 5 15 10 12 11 44 39 14 11 17 57 17 17 30 32 31 23 27
9 9 8 8 15 13 5 3 2 1 1 2 6 11 19 22 35 42 48 63 41 33 59 39 47 27 25 23 4 28 11 12 7 12 9 5 6 9 6 6 6 4 10 2 2 6 2 2 1 0 0 0 0 0 1 0 2 3 2 1 3 2 5 8 10 13 10 38 36 18 43 34 37 39 31 9 7 10 8 10 16 20 13 22 26 30 16 29 35 37 30 18 20 43 30 25
19 16 18 10 12 5 2 1 0 1 1 2 3 8 15 15 26 33 49 56 59 57 67 41 42 34 32 20 18 10 25 8 5 7 6 2 3 7 8 9 6 2 4 5 1 2 2 3 1 0 1 0 0 0 0 1 0 1 1 4 4 5 7 14 7 9 21 13 12 28 36 38 39 19 6 5 11 7 17 12 16 16 22 27 40 46 16 19 34 34 61 36 15 22 44 32
5 16 12 8 4 3 3 1 1 2 2 3 3 4 13 16 19 34 46 48 58 44 50 9 17 27 25 6 4 7 12 4 4 13 4 5 6 8 3 1 2 1 3 5 1 2 3 1 0 0 0 0 0 0 0 0 1 2 3 3 2 3 13 26 18 15 37 45 47 41 36 36 22 15 5 7 19 12 30 12 17 19 22 22 40 32 50 20 34 21 10 42 17 17 20 29
11 10 14 8 3 2 1 1 2 3 4 6 6 5 5 9 23 23 38 46 44 23 16 31 23 18 9 9 9 7 7 4 4 6 4 4 5 4 4 2 3 2 2 3 1 1 2 1 0 0 0 0 0 0 0 0 1 1 1 3 3 10 16 23 31 35 31 30 50 49 73 52 33 18 5 2 5 21 22 13 21 21 29 16 22 34 29 48 37 33 20 44 26 5 16 14
18 10 10 6 4 1 2 2 4 3 5 8 9 9 5 5 20 27 26 23 25 53 44 27 29 33 21 9 8 8 6 3 3 3 2 3 3 3 4 1 4 3 1 3 1 1 1 1 1 0 0 0 0 0 0 0 1 1 3 2 10 7 10 42 67 33 37 28 68 47 40 41 14 13 13 12 13 25 27 24 34 23 24 24 23 17 27 51 62 65 19 17 33 15 21 33
10 10 8 3 1 2 3 3 4 4 10 15 11 11 9 7 8 13 18 27 35 35 41 22 13 17 21 9 11 5 6 5 3 4 2 3 2 3 2 2 1 1 1 2 0 0 1 0 0 0 0 0 0 0 0 0 0 1 1 2 4 5 20 36 49 71 44 28 24 32 30 11 6 15 23 24 14 16 35 32 46 26 25 25 28 26 14 12 13 25 50 43 32 19 19 27
11 7 3 2 1 3 2 2 3 6 8 14 19 20 11 13 24 19 13 36 46 54 33 34 26 27 15 9 9 6 2 2 3 2 1 2 1 2 1 1 1 1 3 2 0 1 1 1 0 0 0 0 0 0 0 0 0 2 2 13 21 19 15 27 31 24 41 51 36 29 14 4 8 25 17 36 16 16 31 45 34 44 29 27 26 23 32 20 17 22 39 33 23 58 18 29
7 6 4 1 1 3 3 4 5 9 14 17 21 20 20 14 30 25 23 19 31 17 20 18 15 21 11 6 6 5 5 3 1 1 0 3 1 3 1 1 1 0 2 1 1 0 1 1 0 0 0 0 0 0 0 1 1 0 2 5 10 13 8 16 30 28 48 29 41 32 25 4 15 19 19 33 36 16 20 30 35 47 30 42 30 16 21 29 9 4 10 9 9 33 40 23
8 4 3 1 3 6 7 7 8 13 15 19 19 24 38 23 30 39 27 42 47 40 44 40 32 22 18 20 20 10 11 8 4 2 2 2 3 1 0 0 0 0 0 1 1 0 0 0 0 0 0 1 1 2 9 6 6 4 7 5 9 15 22 34 31 30 35 37 40 28 10 3 17 22 32 30 34 26 28 41 30 48 31 44 31 18 19 29 36 13 20 20 11 7 8 11
12 6 4 4 7 8 8 15 9 9 17 21 15 31 37 25 12 18 47 54 60 43 48 50 48 46 39 34 59 36 17 7 4 2 1 1 1 1 1 0 0 0 0 0 0 0 0 0 0 0 0 0 0 0 1 2 13 18 13 15 12 15 9 37 29 26 33 37 16 13 5 6 19 24 16 25 30 41 30 41 26 16 49 45 33 17 19 35 32 15 19 25 19 31 33 38
10 6 5 9 9 10 16 16 15 16 9 12 26 29 27 45 12 11 19 26 44 54 25 44 36 47 55 31 3 7 14 5 2 1 2 2 1 0 1 0 0 0 0 0 0 0 0 0 0 0 0 0 0 0 0 0 1 9 23 40 57 18 19 14 16 21 29 38 37 15 8 16 33 29 25 30 56 43 41 39 38 17 20 57 41 16 17 22 25 16 25 13 26 29 37 39
2 3 9 10 11 17 16 19 18 18 10 13 19 27 21 34 24 9 21 27 34 35 21 40 24 16 11 6 4 4 6 4 2 3 2 1 1 1 1 0 0 0 0 0 0 0 0 0 0 0 0 0 0 0 1 1 3 9 10 9 19 55 35 30 28 34 44 36 33 15 11 31 33 41 40 28 43 48 37 28 25 23 9 35 51 25 26 12 30 16 26 27 16 30 26 18
5 6 10 12 18 20 21 20 20 19 12 17 19 20 29 18 45 7 9 8 16 11 19 16 17 23 15 14 14 7 10 4 3 4 3 1 1 1 0 0 0 0 1 0 0 0 0 0 0 0 0 1 0 1 3 2 3 3 7 5 7 17 39 43 36 27 39 36 23 8 18 34 30 36 38 38 26 53 39 49 26 37 25 24 64 30 37 17 27 25 25 37 23 22 18 24
3 10 13 14 21 22 20 23 22 22 15 17 20 27 38 27 29 11 10 19 11 9 22 18 20 21 20 13 11 17 11 14 7 14 2 1 1 1 0 0 1 0 0 0 1 0 0 0 0 1 1 0 1 1 1 2 6 7 15 9 11 11 15 21 26 25 23 31 24 15 19 34 30 40 32 28 27 35 43 50 34 22 34 19 61 21 20 25 15 39 21 21 23 14 15 14
7 13 23 16 21 13 15 25 35 33 15 10 22 16 44 68 13 12 9 30 26 24 16 18 20 15 21 10 9 12 10 7 4 3 3 2 1 1 1 0 0 0 0 0 0 0 0 0 1 3 0 0 0 1 3 3 3 9 6 8 14 13 16 13 15 16 20 18 16 16 29 33 28 29 28 27 31 33 45 35 31 27 29 40 59 22 19 23 14 38 21 9 31 9 5 12
13 14 18 26 24 17 24 27 42 42 17 8 14 25 35 37 14 15 10 23 29 24 22 12 13 8 14 14 12 13 7 5 6 4 3 2 1 1 1 0 0 0 0 0 0 0 0 0 0 0 0 0 0 0 2 18 9 14 12 14 12 15 15 13 13 16 17 12 13 13 24 27 19 28 23 36 41 25 28 49 37 40 36 32 50 34 32 13 30 31 9 13 24 8 10 13
16 16 17 41 25 15 17 31 36 57 21 12 22 24 34 47 28 18 16 30 32 38 20 23 20 7 10 10 10 7 9 4 5 4 3 1 1 0 0 0 1 0 0 0 0 0 0 0 0 0 0 1 1 1 3 3 6 10 19 23 18 14 14 16 16 18 17 10 5 21 25 26 32 27 40 32 29 37 23 17 28 29 23 34 16 76 36 10 19 31 5 12 10 23 11 14
19 29 19 43 28 16 18 31 35 47 13 11 22 24 34 36 44 6 28 31 28 41 22 20 19 21 11 8 5 5 5 9 11 5 1 2 1 1 0 0 0 0 0 0 0 0 0 0 0 0 0 0 1 2 6 2 2 3 4 11 12 16 16 20 21 26 24 13 5 20 21 20 30 32 38 15 24 17 32 13 17 15 26 11 28 62 23 10 35 13 6 12 12 18 18 16
16 18 30 34 29 27 18 23 37 58 14 20 24 31 27 47 13 8 27 26 35 37 37 17 33 16 15 13 7 7 4 17 16 5 4 2 1 1 1 0 0 0 0 0 0 0 0 0 0 0 0 0 1 3 4 2 4 7 11 16 17 19 22 31 29 35 28 13 5 23 23 19 40 25 29 38 33 21 11 24 13 18 19 24 16 36 32 20 30 11 9 15 7 9 4 26
8 12 33 32 29 30 19 22 34 41 15 24 28 48 49 31 10 8 26 24 23 40 30 33 16 16 24 15 11 9 9 12 14 8 4 3 2 1 2 1 0 0 0 0 0 0 0 0 0 0 0 0 1 2 4 5 6 11 14 20 25 38 28 23 21 17 23 8 10 24 30 23 37 36 22 23 30 20 21 6 31 7 9 25 30 35 42 51 22 11 15 11 14 17 9 26
16 17 35 38 46 31 19 22 37 43 11 14 31 50 36 12 8 18 23 22 32 31 26 25 25 14 21 14 20 16 14 8 2 3 4 3 2 1 1 1 0 0 0 0 0 0 0 0 0 0 0 0 1 3 3 4 10 14 18 13 33 22 11 17 24 22 12 9 9 20 38 23 31 33 34 23 29 17 21 16 9 25 9 4 5 19 36 51 15 23 15 13 10 23 7 8
14 19 21 28 57 40 18 22 28 41 10 11 32 48 24 12 10 20 29 22 20 19 21 22 31 13 14 13 9 16 15 7 5 3 2 1 1 1 1 0 0 0 0 0 0 0 0 0 0 0 0 0 1 1 4 7 4 8 6 10 10 10 21 27 18 20 20 8 11 11 41 24 23 21 24 31 19 19 8 16 6 24 11 9 5 4 13 29 24 39 17 15 11 16 5 6
16 33 23 19 28 53 20 24 43 15 11 12 19 53 30 14 8 25 26 23 28 35 26 32 26 19 8 9 16 12 4 10 19 8 2 1 1 1 1 0 0 0 0 0 0 0 0 0 0 0 0 0 1 2 4 3 9 8 9 15 14 14 16 15 20 21 13 9 8 17 15 37 20 16 19 18 32 27 14 29 8 7 13 10 7 6 6 15 25 26 14 15 12 13 7 10
17 22 38 30 14 35 11 26 62 12 13 23 29 43 17 18 3 13 31 27 36 23 21 32 26 21 15 4 3 4 4 3 3 1 1 1 1 1 0 1 0 0 0 0 0 0 0 0 0 0 0 0 1 2 5 6 12 10 9 18 16 20 26 17 22 23 12 10 10 28 23 21 38 14 15 16 34 22 13 9 18 6 5 15 12 6 7 7 17 22 24 13 10 7 15 5
17 23 38 42 19 44 11 22 57 24 11 30 35 31 15 5 4 9 16 26 35 29 19 16 19 23 12 4 5 3 4 3 3 2 1 0 1 1 1 0 0 0 0 0 0 0 0 0 0 0 0 0 0 1 2 2 5 13 17 16 21 11 15 18 16 20 20 5 11 25 24 19 26 7 19 18 16 26 30 20 24 9 6 5 13 7 4 8 16 47 36 11 6 5 13 4
16 19 20 46 19 37 22 16 24 31 13 36 38 12 5 8 11 16 23 32 22 20 24 10 12 15 22 4 3 3 4 4 3 2 1 1 1 1 0 0 0 0 0 0 0 0 0 0 0 0 0 0 1 2 1 6 9 27 21 12 18 21 24 26 29 18 17 10 13 25 18 26 41 16 10 26 16 25 19 13 26 7 9 9 21 7 3 4 4 14 25 9 7 3 16 8
13 14 12 27 49 20 35 11 33 15 37 21 10 5 11 11 17 12 42 40 15 17 16 16 4 9 12 15 5 4 2 3 2 1 1 1 1 0 0 0 0 0 0 0 0 0 0 0 0 0 0 0 0 1 3 6 4 18 16 7 12 17 21 23 14 13 10 18 19 21 22 27 6 22 23 24 21 11 26 8 31 8 8 5 8 20 8 8 9 8 21 5 13 4 6 14
28 16 11 15 20 31 34 13 46 29 32 7 5 9 13 18 17 11 13 12 19 15 15 26 19 7 9 2 5 7 2 3 1 1 1 1 1 0 0 0 0 0 0 0 0 0 0 0 0 0 0 0 1 1 2 3 4 9 6 2 8 13 15 16 10 8 9 16 17 19 20 31 8 7 4 8 21 27 39 7 22 13 8 8 4 4 23 5 9 8 10 10 4 3 6 11
17 24 16 12 10 18 40 15 21 10 6 2 6 11 20 24 24 8 11 11 17 16 10 3 5 4 4 5 1 2 4 7 2 1 0 1 0 0 0 0 0 0 0 0 0 0 0 0 0 0 0 0 0 1 1 3 3 10 8 9 16 13 16 10 15 16 9 16 15 17 15 27 6 13 6 9 8 5 13 12 5 19 7 8 4 10 11 2 6 11 12 9 4 3 3 4
16 23 16 20 24 27 29 18 21 5 8 6 9 20 17 21 23 13 14 14 15 14 9 5 4 5 4 2 2 3 1 1 1 2 2 2 0 0 0 0 0 0 0 0 0 0 0 0 0 0 0 0 0 1 2 1 4 15 23 19 17 13 16 17 14 12 13 22 13 15 14 18 9 13 11 9 13 10 12 17 3 13 6 12 3 3 7 2 2 3 9 6 2 3 3 10
13 23 17 21 23 31 32 6 4 2 8 8 15 18 16 22 12 27 20 11 12 11 9 9 9 5 4 2 2 5 2 0 0 0 0 1 1 0 0 1 0 0 0 0 0 0 0 0 0 0 0 0 0 1 1 2 5 24 10 11 19 10 15 13 11 12 14 24 12 12 12 14 12 11 16 7 11 9 9 7 12 30 6 10 5 2 8 3 1 2 4 8 2 3 2 1
12 24 24 18 44 41 7 4 6 7 14 12 9 18 14 23 7 13 33 7 12 8 4 6 8 9 2 3 3 3 5 1 1 0 0 0 0 0 0 0 1 0 0 0 0 0 0 0 0 0 0 0 0 1 2 3 4 9 9 6 17 14 11 3 12 6 7 28 13 11 17 11 18 9 14 10 9 10 7 5 4 2 15 10 6 2 2 3 1 1 2 8 2 3 3 2
12 17 35 27 47 7 6 5 6 11 14 13 18 25 7 17 6 10 12 25 6 13 4 3 4 7 4 4 3 1 1 2 0 1 0 0 0 0 0 0 0 0 0 0 0 0 0 0 0 0 0 0 0 0 1 3 2 8 20 18 8 7 5 3 18 10 9 19 15 9 16 9 27 13 11 14 7 6 10 5 3 2 6 5 5 2 1 7 2 1 3 4 5 3 2 2
6 15 35 60 31 3 5 10 11 12 21 24 9 12 9 7 19 5 8 9 7 7 6 4 4 5 4 6 3 2 3 1 1 0 1 0 0 0 0 0 0 0 0 0 0 0 0 0 0 0 0 0 0 1 2 2 11 7 7 16 10 5 2 5 7 21 9 10 16 7 9 8 17 12 7 11 11 5 5 9 5 1 2 6 7 2 1 2 2 1 2 1 6 3 1 4
6 17 47 34 3 3 10 10 6 21 12 31 6 14 8 4 6 29 5 8 15 5 11 3 3 6 6 4 3 4 1 1 2 0 0 0 0 0 0 0 0 0 0 0 0 0 0 0 0 0 0 0 0 0 1 2 5 5 7 10 10 5 2 7 6 12 8 8 13 7 7 7 7 15 6 5 11 5 5 4 6 1 2 2 4 2 1 1 3 1 1 1 1 2 1 1
6 24 30 12 4 6 10 11 6 15 5 27 7 11 19 4 11 26 3 10 20 3 13 3 2 6 6 5 1 1 2 0 0 1 1 1 0 0 0 0 0 0 0 0 0 0 0 0 0 0 0 0 0 0 0 1 2 5 4 12 11 5 4 7 8 14 4 5 8 12 5 5 3 8 6 4 6 6 4 3 1 1 4 1 3 2 1 1 1 3 0 1 2 2 1 0
6 17 22 11 4 5 11 19 4 8 5 17 5 8 24 5 9 19 5 4 6 7 6 3 2 2 2 3 2 2 1 1 0 0 0 1 1 0 0 0 0 0 0 0 0 0 0 0 0 0 0 0 0 0 1 1 1 3 4 3 5 6 6 6 6 8 10 6 7 13 2 5 2 4 8 4 4 1 1 3 1 1 1 1 4 5 1 0 1 2 0 0 2 2 2 1
10 10 25 6 4 7 7 10 4 7 5 6 9 3 16 3 3 11 4 2 2 2 16 6 2 1 2 1 2 1 2 1 0 0 0 0 0 0 0 0 0 0 0 0 0 0 0 0 0 0 0 0 0 0 0 1 2 6 5 2 1 5 5 5 5 5 13 3 7 10 2 3 4 4 9 1 3 4 1 1 2 1 1 1 1 2 1 0 0 2 0 0 0 2 6 2
32 13 4 3 5 6 6 7 4 12 5 3 9 2 11 3 2 4 4 2 2 3 8 4 1 2 1 2 2 2 1 1 0 0 0 0 0 0 0 0 0 0 0 0 0 0 0 0 0 0 0 0 0 0 1 1 2 5 8 3 1 6 5 3 5 4 6 4 3 8 3 1 2 5 7 2 1 1 3 1 1 2 1 1 3 3 0 1 0 2 1 0 0 0 1 1
4 1 3 3 4 5 9 6 6 6 3 2 13 2 2 8 2 7 5 1 1 2 2 9 2 2 1 2 2 1 1 0 0 1 0 0 0 0 0 0 0 0 0 0 0 0 0 0 0 0 0 0 0 0 0 1 1 4 7 1 2 3 6 2 4 4 3 6 2 5 3 2 2 1 4 1 1 1 1 1 0 0 2 1 1 3 0 1 0 1 3 0 1 1 0 0
7 3 8 5 4 4 11 4 9 6 1 2 5 2 2 6 1 1 9 1 2 2 1 5 1 2 2 1 1 1 1 1 0 0 0 0 0 0 0 0 0 0 0 0 0 0 0 0 0 0 1 0 0 0 1 0 1 2 2 1 2 6 6 2 1 4 2 4 1 2 12 1 2 2 1 1 1 1 2 1 1 1 0 1 0 1 1 1 0 1 4 1 0 0 1 0
23 4 2 5 4 5 4 3 7 3 2 2 1 2 1 2 1 1 6 1 2 1 1 1 2 2 1 1 1 0 0 0 0 0 0 0 0 0 0 0 0 0 0 0 0 0 0 0 0 0 0 0 0 0 0 2 1 1 1 1 1 4 3 2 2 3 4 1 4 1 4 1 2 2 0 1 1 0 1 1 1 1 0 0 0 0 1 2 0 0 1 0 0 0 0 0
24 3 2 3 2 3 1 2 3 1 2 1 1 2 1 2 1 1 3 1 1 2 1 0 0 0 0 0 1 1 0 0 0 0 0 0 0 0 0 0 0 0 0 0 0 0 0 0 2 0 0 0 0 0 1 2 1 1 1 3 1 1 3 1 2 1 5 1 4 1 1 2 1 2 0 1 0 1 0 0 1 1 0 0 0 0 0 0 0 1 0 0 0 0 1 0
9 2 1 2 1 1 1 1 2 1 1 1 1 2 1 2 1 1 1 1 0 1 1 0 0 0 0 0 0 0 1 0 0 0 0 0 0 0 0 0 0 0 0 0 0 0 0 0 0 0 0 0 0 0 1 2 1 1 0 2 1 1 0 3 2 2 3 1 3 1 1 1 2 2 0 0 1 0 0 0 0 0 0 0 0 0 0 0 0 0 1 0 0 0 0 0
7 1 3 1 1 1 1 1 1 0 1 1 0 2 1 0 1 1 1 1 1 0 1 0 1 1 0 1 0 0 0 0 0 0 0 0 0 0 0 0 0 0 0 0 0 0 0 0 0 0 0 0 0 1 1 1 1 1 0 1 2 1 1 1 2 3 1 2 0 1 2 0 1 2 0 0 0 0 0 0 0 0 0 0 0 0 0 0 0 0 0 0 0 0 0 0
5 1 1 1 1 1 1 1 1 0 0 0 0 0 1 0 0 0 0 0 1 0 1 1 1 0 0 0 1 0 0 0 0 0 0 0 0 0 0 0 0 0 0 0 0 0 0 0 0 0 0 0 0 0 1 1 0 1 1 0 2 1 1 1 0 1 1 1 0 0 1 0 1 1 0 0 0 0 0 0 0 0 0 0 0 0 0 0 0 0 0 0 0 0 0 0
0 2 0 1 0 0 1 0 2 0 0 0 0 0 1 0 0 0 1 0 0 0 0 1 0 0 0 0 0 0 0 0 0 0 0 0 0 0 0 0 0 0 0 0 0 0 1 0 0 0 0 0 0 0 1 0 0 1 1 1 1 1 0 0 1 1 0 1 0 0 1 0 1 0 0 0 0 0 0 0 0 0 0 0 0 0 0 0 0 0 0 0 0 0 0 0
1 2 0 0 0 0 0 0 0 0 0 0 0 0 0 0 0 0 2 0 0 0 0 1 0 0 0 0 0 0 0 0 0 0 0 0 0 0 0 0 0 0 0 0 0 0 0 0 0 0 0 0 0 1 1 0 0 1 0 1 1 1 1 0 0 0 0 1 0 0 0 0 1 0 0 0 0 0 0 0 0 0 0 0 0 0 0 0 0 0 0 0 0 0 0 0
0 2 1 0 0 0 1 0 0 0 0 0 0 0 0 0 0 0 0 0 0 0 0 0 0 0 0 0 0 0 0 0 0 0 0 0 0 0 0 0 0 0 0 0 0 0 0 0 0 0 0 1 1 1 0 0 0 1 0 1 0 1 0 1 0 0 0 0 0 0 0 0 0 0 0 0 0 0 0 0 0 0 0 0 0 0 0 0 0 0 0 0 0 0 0 0
0 0 1 0 0 0 0 0 0 0 0 0 0 0 0 0 0 0 0 0 0 0 0 0 0 0 0 0 0 0 0 0 0 0 0 0 0 0 0 0 0 0 0 0 0 0 0 0 0 0 0 1 1 0 0 1 1 1 0 1 1 0 0 0 1 0 0 0 0 0 0 0 0 0 0 0 0 0 0 0 0 0 0 0 0 0 0 0 0 0 0 0 0 0 0 0
0 0 1 0 0 0 0 0 0 0 0 0 0 0 0 0 0 0 0 0 0 0 0 0 0 0 0 0 0 0 0 0 0 0 0 0 0 0 0 0 0 0 0 0 0 0 0 1 0 1 2 2 0 0 0 0 0 0 0 0 0 0 0 0 0 0 1 0 0 0 0 0 0 0 0 0 0 0 0 0 0 1 0 0 0 0 0 0 0 0 0 0 0 0 0 0
0 0 0 0 0 0 0 0 0 0 0 0 0 0 0 0 0 0 0 0 0 0 0 0 0 0 0 0 0 0 0 0 0 0 0 0 0 0 0 0 0 0 0 0 0 1 4 1 1 1 0 0 0 0 0 0 0 0 0 0 0 0 0 0 0 0 0 0 0 0 0 0 0 0 0 0 0 0 0 0 0 0 0 0 0 0 0 0 0 0 0 0 0 0 0 0
0 0 0 0 0 0 0 0 0 0 0 0 0 0 0 0 0 0 0 0 0 0 0 0 0 0 0 0 0 0 0 0 0 0 0 0 0 0 0 0 0 0 0 1 0 0 3 4 1 0 0 0 0 0 0 0 0 0 0 0 0 0 0 0 0 1 0 0 0 0 0 0 0 0 0 0 0 0 0 0 0 0 0 0 0 0 0 0 0 0 0 0 0 0 0 0
0 0 0 0 0 0 0 0 0 0 0 0 0 0 0 0 0 0 0 0 0 0 0 0 0 0 0 0 0 0 0 0 0 0 0 0 0 0 0 0 0 1 2 2 3 0 1 5 1 0 0 0 0 0 0 0 0 0 0 0 0 0 0 1 0 0 0 0 0 0 0 0 0 0 0 0 0 0 1 1 1 0 0 0 0 0 0 0 0 0 0 0 0 0 0 0
0 0 0 0 0 0 0 0 0 0 0 0 0 0 0 0 0 0 0 0 0 0 0 0 0 0 0 0 0 0 0 0 0 0 0 0 0 0 0 0 1 3 5 2 5 8 4 1 0 0 0 0 0 0 0 0 0 0 0 0 0 0 0 0 0 0 0 0 0 0 0 0 1 0 0 0 0 0 0 0 0 0 0 0 0 0 0 0 0 0 0 0 0 0 0 0
