sesion_6_simulaciones/modelos_agentes/ejemplos_netlogo/scenarios/echam4_a2/rob_2053.asc
NCOLS 322 
NROWS 307 
XLLCORNER 451900 
YLLCORNER 4086900 
CELLSIZE 100 
NODATA_value -9999 
[rows 222 to 295 of 307, columns 96 to 191 of 322]
1 0 0 0 0 0 0 0 0 0 0 0 0 0 0 0 0 0 0 0 0 0 0 0 0 0 1 1 0 0 0 0 1 1 0 0 0 0 0 0 0 0 0 1 1 1 3 8 12 16 20 23 29 38 40 45 52 63 78 77 79 84 60 78 47 64 49 44 50 43 31 32 22 26 39 41 46 23 24 18 53 40 36 29 31 17 38 52 62 37 28 26 14 8 10 4
1 0 0 0 0 0 0 0 0 0 0 0 0 0 0 0 0 0 0 0 0 0 0 0 0 0 0 0 2 1 0 1 2 0 0 0 0 0 0 0 0 0 0 0 1 1 2 4 8 11 17 13 21 31 44 67 72 50 32 42 45 47 43 50 79 33 35 32 57 47 36 52 22 25 44 37 42 20 42 51 48 80 48 40 33 33 21 20 49 73 52 43 34 16 9 7
0 0 0 0 0 0 0 0 0 0 0 0 0 0 0 0 0 0 0 0 0 0 0 0 0 0 0 0 2 1 1 1 1 0 0 0 0 0 0 0 0 0 0 0 1 1 2 2 5 9 10 16 34 21 42 60 36 33 35 34 13 41 42 34 36 56 19 53 52 43 58 50 16 21 26 38 31 28 40 54 40 27 59 54 35 36 38 20 15 46 76 54 44 23 20 12
0 0 0 0 0 0 0 0 0 0 0 0 0 0 0 0 0 0 0 0 0 0 0 0 0 1 0 1 1 4 2 1 0 0 0 0 0 0 0 0 0 0 0 0 0 1 1 2 4 7 9 12 28 29 17 17 23 25 24 21 47 65 36 46 52 86 73 49 56 52 64 53 33 29 37 49 38 37 52 63 50 25 11 25 63 61 36 33 24 18 51 50 34 28 13 9
0 0 0 0 0 0 0 0 0 0 0 0 0 0 0 0 0 0 0 0 1 0 0 0 0 1 1 1 2 3 1 0 0 0 0 0 0 0 0 0 0 0 0 0 0 1 1 3 4 5 11 21 21 20 24 24 39 33 27 39 18 29 54 53 52 88 64 66 25 64 49 54 36 28 44 57 50 31 50 76 44 37 53 38 35 19 22 36 29 33 15 21 25 15 6 7
0 0 0 0 0 0 0 0 0 0 0 0 0 0 0 0 0 0 0 0 0 1 0 1 0 1 3 4 3 2 0 0 0 0 0 0 0 0 0 0 0 0 0 0 1 1 1 2 3 5 7 8 7 13 16 25 47 44 41 22 25 40 39 50 73 52 55 65 79 54 44 54 53 14 18 36 38 54 69 34 75 60 77 54 71 39 52 38 24 14 14 22 14 8 5 2
0 0 0 0 0 0 0 0 0 0 0 0 0 0 0 0 0 0 0 0 0 0 1 2 1 1 2 5 2 1 1 0 0 0 0 0 0 0 0 0 0 0 0 0 0 1 1 2 4 5 10 11 13 17 15 30 40 65 39 35 25 48 62 79 55 46 53 51 38 50 62 37 29 12 19 34 51 48 80 60 29 23 42 62 44 49 39 36 19 20 14 9 7 8 6 6
0 0 0 0 0 0 0 0 0 0 0 0 0 0 0 0 0 0 0 0 0 0 0 2 1 1 2 10 3 2 2 1 0 0 0 0 0 0 0 0 0 0 0 0 0 1 1 1 3 4 6 7 10 9 25 31 22 23 19 36 24 23 29 44 27 16 29 42 28 42 18 44 32 18 35 21 24 55 34 43 36 27 29 36 22 24 33 37 18 17 8 4 5 3 3 3
0 0 0 0 0 0 0 0 0 0 0 0 0 0 0 0 0 0 0 1 1 1 0 1 4 1 1 6 9 9 2 1 1 0 0 0 0 0 0 0 0 0 0 0 1 1 1 1 2 2 3 4 7 10 18 11 14 14 18 19 23 23 28 32 36 49 51 59 49 51 59 57 38 14 29 41 20 47 42 48 51 46 37 59 36 15 19 12 10 12 5 3 2 3 3 2
0 0 0 0 0 0 0 0 0 0 0 0 0 0 0 0 0 0 0 1 1 1 1 1 2 2 1 3 12 7 3 1 1 0 0 0 0 0 0 0 0 1 1 0 1 1 1 1 2 3 4 5 6 7 5 6 6 6 7 8 9 9 10 33 43 44 25 45 47 44 39 37 36 19 20 40 45 40 42 66 51 52 51 50 37 27 14 12 9 9 8 4 2 2 2 1
0 0 0 0 0 0 0 0 0 0 0 0 0 0 0 0 0 0 1 1 1 1 1 2 6 3 2 2 8 7 4 2 0 0 0 0 0 0 0 0 0 1 1 2 1 1 1 2 5 7 11 9 6 5 4 7 6 8 16 18 14 22 20 16 15 18 24 26 31 42 57 62 64 17 31 27 57 49 55 36 36 49 52 40 38 51 36 17 10 5 3 2 2 1 1 1
0 0 0 0 0 0 0 0 0 0 0 0 0 0 0 0 0 0 0 1 1 2 0 2 2 5 5 6 13 10 5 2 1 0 0 0 0 0 0 0 0 1 1 1 2 4 3 1 4 8 12 21 13 7 9 13 23 25 30 46 39 36 33 24 33 50 33 31 23 43 62 64 64 58 39 59 73 37 61 36 63 60 45 59 42 31 33 28 31 8 3 2 2 1 0 0
1 0 0 0 0 0 0 0 0 0 0 0 0 0 0 0 0 0 0 1 1 2 1 1 2 3 14 10 6 4 2 1 0 0 0 0 0 0 0 0 0 1 1 2 2 3 3 8 4 7 10 12 15 21 18 25 28 36 54 47 34 36 46 35 24 20 35 42 23 32 19 17 19 15 49 15 37 73 46 36 15 31 66 63 38 34 45 21 20 7 9 3 1 1 1 1
1 0 0 0 0 0 0 0 0 0 0 0 0 0 0 0 0 0 0 1 2 2 2 1 1 4 5 16 4 2 1 1 0 0 0 0 0 0 1 1 1 1 1 2 3 4 5 7 12 8 12 14 20 40 20 25 35 38 42 51 48 61 57 55 40 24 38 38 51 36 42 33 35 29 71 28 18 23 27 26 16 7 62 70 49 46 50 49 21 15 11 6 4 4 1 0
1 1 0 0 0 0 0 0 0 0 0 0 0 0 0 0 0 0 0 1 1 2 6 2 1 5 5 16 5 2 1 0 0 0 0 0 0 0 1 1 1 1 1 3 4 6 12 10 13 25 20 31 29 31 31 27 33 37 64 54 61 54 48 63 60 37 29 34 38 30 67 36 28 40 42 51 39 56 50 39 37 24 15 50 49 50 57 39 16 10 3 3 3 1 1 1
2 1 0 0 0 0 0 0 0 0 0 0 0 1 0 0 0 0 0 0 2 2 2 5 1 3 5 10 5 3 2 1 0 0 0 0 0 0 1 1 1 2 2 4 8 10 22 19 14 10 34 56 64 39 37 18 32 36 59 47 70 57 49 45 43 38 23 35 27 63 26 31 28 35 34 20 28 33 36 32 27 24 25 23 38 25 12 23 18 7 5 2 1 1 1 1
1 0 0 0 0 0 0 0 0 0 0 0 1 1 1 0 0 0 0 1 1 2 4 7 3 4 8 15 9 4 3 1 1 0 0 0 1 0 1 1 2 2 2 8 11 16 23 26 28 21 27 43 49 52 37 19 33 41 29 53 68 64 23 69 24 41 39 31 28 49 27 20 21 49 50 35 43 50 57 48 60 31 29 24 19 11 16 13 7 7 3 1 1 1 1 0
0 0 0 0 0 0 0 0 0 0 0 0 1 1 1 0 0 1 1 2 2 1 5 15 8 7 14 13 7 7 4 1 1 0 0 0 1 1 1 1 2 2 4 7 11 22 25 30 32 38 33 47 63 60 49 21 32 46 50 45 56 59 21 45 47 42 54 25 36 35 18 32 44 39 29 24 25 37 42 22 40 48 50 23 24 13 9 9 5 2 2 2 2 1 1 0
0 0 0 0 0 0 0 0 0 0 0 0 1 1 2 1 0 1 1 6 5 1 5 15 13 5 3 36 19 5 3 2 1 0 0 1 1 1 1 2 3 5 5 8 16 16 32 35 41 53 38 54 64 48 55 20 32 39 46 55 49 46 45 47 55 51 43 42 35 21 30 37 40 38 34 26 26 42 36 30 32 29 55 49 28 28 19 7 3 2 1 1 1 1 1 0
0 0 0 0 0 0 0 0 0 1 1 1 1 1 3 3 1 0 1 3 6 3 5 15 24 6 9 38 11 9 6 2 1 0 0 1 1 1 2 2 5 7 7 12 14 18 42 42 47 52 54 48 42 52 78 40 22 44 60 44 34 28 26 52 50 47 42 55 38 19 26 27 42 41 48 42 45 69 55 49 40 36 38 33 33 35 18 10 7 4 2 2 1 0 0 0
0 0 0 0 0 0 0 0 0 1 1 1 1 2 4 4 1 1 5 4 5 9 8 19 35 37 31 36 22 13 6 2 1 0 0 1 1 2 2 5 3 8 15 12 10 17 38 49 55 51 58 64 59 58 80 56 51 19 38 68 48 43 29 29 25 52 53 51 24 19 20 48 40 31 33 36 43 74 59 46 56 27 23 19 20 18 21 14 4 3 2 2 1 1 1 0
0 0 0 0 0 0 0 0 0 1 2 3 2 3 3 7 2 1 4 6 7 12 12 24 42 58 27 38 13 8 6 2 0 0 0 0 1 4 2 4 7 7 13 14 17 32 39 38 55 61 61 61 71 81 82 76 34 18 46 56 63 43 33 34 36 29 20 23 20 20 50 39 21 49 25 31 25 47 41 44 34 40 53 27 15 10 5 4 5 3 2 1 1 1 0 0
1 0 0 0 0 0 0 1 1 2 2 2 5 3 6 10 3 4 3 12 18 16 14 28 45 34 18 10 6 5 2 1 0 0 0 0 2 4 5 4 5 12 6 29 19 27 41 36 43 71 68 46 71 75 74 78 63 27 21 25 41 53 44 37 28 18 7 4 11 22 64 37 37 45 88 74 54 51 46 51 58 57 35 39 27 23 12 8 6 3 2 1 0 0 0 0
0 0 0 0 0 0 0 1 1 2 3 4 7 3 8 12 6 11 4 10 28 25 40 26 51 30 13 9 4 3 2 0 0 0 1 1 1 2 5 7 11 8 9 13 41 26 28 43 59 76 71 61 53 52 60 80 77 31 24 30 39 33 34 28 18 23 14 8 31 42 20 43 64 70 67 78 60 69 55 66 68 48 31 12 15 11 12 9 4 2 1 0 0 0 0 0
0 0 0 0 0 0 1 1 2 2 4 5 13 7 12 19 7 13 20 9 14 31 19 64 37 36 9 6 4 1 0 0 0 0 1 1 2 1 2 2 3 8 16 37 24 31 48 52 50 60 72 75 47 45 37 40 71 59 37 19 26 20 14 9 8 3 10 27 25 39 26 15 25 55 24 56 83 80 72 69 70 45 24 19 14 6 4 3 4 3 0 0 0 0 0 0
0 0 0 1 1 1 1 1 2 3 5 6 11 17 10 26 11 11 26 24 25 45 25 52 52 18 5 3 1 1 1 1 1 1 1 2 2 2 2 5 5 7 15 27 52 36 31 46 47 65 63 64 61 56 39 40 37 61 42 20 24 19 23 18 20 9 7 29 25 34 34 37 42 29 27 26 52 61 70 48 27 25 20 16 8 5 4 2 1 1 0 0 0 0 0 0
0 0 0 1 1 1 1 2 2 3 6 9 12 18 20 43 15 14 32 36 35 51 76 46 23 21 11 4 2 2 2 2 2 1 1 2 2 3 4 5 6 11 17 25 35 56 40 40 53 59 64 55 66 60 48 32 23 45 35 27 14 17 17 19 22 13 8 34 24 24 35 37 74 53 46 35 26 15 41 47 35 13 10 8 8 5 1 1 0 0 0 0 0 0 0 0
0 0 0 2 2 2 1 3 2 4 13 11 12 15 47 45 20 22 27 40 42 61 74 23 35 22 7 6 7 6 8 8 3 2 1 2 2 4 8 4 8 18 30 33 30 49 40 66 52 63 65 81 55 35 35 31 44 14 12 55 19 13 35 26 14 11 24 50 27 23 27 60 79 59 45 36 34 33 24 30 29 17 10 8 7 5 1 1 1 0 0 0 1 1 1 1
0 0 0 2 2 2 1 5 5 6 17 13 28 27 31 44 55 38 46 35 54 52 82 66 33 14 15 15 11 15 13 10 3 2 1 1 3 7 4 9 15 19 36 52 60 47 65 28 16 28 65 28 50 41 49 30 11 7 9 14 23 6 19 15 7 13 42 21 22 23 16 20 14 29 41 31 33 34 24 20 18 10 11 9 9 7 4 4 1 1 0 1 1 1 1 1
0 0 1 2 3 5 2 5 9 9 9 18 15 38 43 25 24 64 46 47 44 67 73 45 30 24 25 22 26 39 13 5 2 2 3 1 2 3 15 13 16 23 32 59 41 64 55 49 36 52 55 13 61 67 54 21 32 21 20 8 41 5 12 9 5 9 15 46 32 14 30 59 46 54 49 41 35 37 34 35 23 18 16 12 10 10 8 2 1 0 0 1 1 1 1 0
0 1 1 3 4 6 3 3 6 14 19 26 15 14 30 59 28 21 70 69 43 65 75 50 51 24 48 61 37 14 8 7 5 3 2 1 1 1 5 12 16 37 46 37 27 47 45 62 64 64 47 37 55 72 65 63 41 15 14 10 30 9 9 10 4 10 24 14 10 11 28 37 39 43 52 54 37 33 23 26 12 8 9 21 17 13 5 2 0 1 1 1 1 3 2 1
0 1 3 4 5 5 7 6 8 6 11 30 12 11 28 49 55 49 15 37 48 69 53 46 37 59 35 18 18 10 10 10 7 2 2 1 3 4 7 9 7 22 28 22 33 42 49 43 63 61 59 50 71 69 57 46 21 31 8 10 11 17 3 7 12 11 4 22 29 31 25 40 53 49 46 53 33 27 19 26 31 21 33 20 16 7 6 2 1 2 2 2 3 3 2 1
1 2 3 3 5 10 9 16 13 12 9 19 43 15 39 37 44 64 47 23 37 71 29 53 76 33 27 25 22 21 13 5 2 3 4 2 3 6 10 9 13 24 23 17 37 49 27 25 54 51 27 22 36 34 43 17 27 15 30 5 10 12 11 5 32 40 14 42 48 28 52 49 61 64 66 64 47 31 35 33 37 27 34 17 15 11 3 2 1 2 2 2 5 7 1 1
1 3 4 2 4 18 23 18 17 15 30 19 28 54 30 37 50 24 69 40 40 38 78 61 47 49 46 41 33 26 12 4 3 3 7 3 3 7 14 20 21 29 39 37 40 29 36 44 31 32 29 25 27 29 26 29 21 18 16 23 3 2 7 27 27 13 21 27 47 36 56 43 48 63 68 51 41 48 37 36 40 35 21 21 13 5 1 1 2 2 4 4 6 6 2 1
3 5 5 4 5 14 16 28 36 18 29 38 39 43 61 36 54 32 28 57 31 34 71 70 61 49 41 43 35 16 12 10 6 2 5 2 3 5 11 25 30 36 24 41 37 46 36 37 42 47 36 24 26 29 33 29 16 13 12 17 7 4 10 5 8 29 33 34 19 31 46 43 53 43 50 71 41 39 21 18 19 19 29 20 9 5 3 2 3 3 5 4 13 4 3 3
3 4 7 5 7 9 16 20 23 35 46 41 42 46 70 66 33 28 36 33 63 67 73 61 63 65 55 49 38 25 14 12 7 4 8 2 2 6 12 23 33 48 45 49 49 49 45 59 38 40 39 30 20 27 24 35 28 11 3 4 6 6 7 7 10 4 3 3 7 41 28 33 48 47 48 37 28 13 11 27 38 33 11 18 20 10 4 5 5 6 5 5 18 5 3 3
3 7 11 11 13 10 12 25 32 34 54 56 56 50 62 67 49 49 38 42 37 68 69 65 46 56 50 47 28 32 23 14 10 8 12 1 7 11 15 16 13 44 55 54 49 56 60 47 41 57 58 53 19 24 33 27 13 12 5 2 2 4 13 6 6 10 17 22 19 22 24 26 28 27 44 17 20 22 16 49 38 17 24 20 17 18 9 12 9 5 5 3 11 6 5 4
5 7 24 15 16 17 17 30 40 40 43 57 54 54 72 52 57 65 50 41 41 59 55 49 46 53 52 45 39 22 19 18 20 15 4 1 7 17 25 31 25 45 60 48 50 57 44 34 48 69 59 52 48 31 34 22 15 13 6 6 5 4 9 6 14 20 41 39 25 33 32 40 30 20 17 23 39 47 28 46 40 35 26 20 15 15 17 14 6 7 6 2 6 12 1 2
7 5 18 27 20 22 19 35 43 44 41 46 61 69 69 65 54 69 51 35 45 80 57 71 49 52 58 57 42 27 33 28 19 11 5 3 4 14 34 50 46 53 45 64 49 54 45 36 46 35 29 29 39 43 19 12 11 9 7 9 8 4 5 10 19 28 34 29 39 19 32 21 13 17 20 51 42 52 57 17 34 30 34 31 19 15 31 18 9 9 5 6 10 7 3 5
8 7 15 35 36 26 33 41 43 48 53 43 57 69 69 57 54 41 52 35 45 67 63 73 57 53 50 42 45 31 44 25 17 10 11 6 7 16 29 40 65 69 65 52 63 35 35 50 37 26 26 30 29 26 58 24 7 9 8 8 6 7 10 6 8 11 33 38 21 12 14 21 22 36 33 56 53 56 37 43 36 20 40 28 21 25 26 13 17 8 5 6 19 6 4 6
13 31 26 31 41 28 25 44 47 46 58 46 24 35 72 75 68 48 44 61 43 79 79 48 57 64 36 41 33 42 35 30 23 7 10 6 9 27 29 38 39 56 54 67 56 55 32 50 55 26 39 45 38 38 32 15 15 6 9 3 3 7 10 10 13 15 39 10 17 6 19 35 55 27 38 59 37 38 53 42 12 18 38 38 41 30 19 11 17 12 6 8 17 13 9 9
15 22 41 46 46 32 32 46 44 45 46 54 44 47 53 70 63 30 39 63 40 77 62 63 60 44 24 44 35 41 49 36 32 15 11 7 10 29 31 46 64 51 37 64 37 51 48 35 48 46 60 51 47 34 28 13 14 5 5 7 3 5 19 13 5 28 12 11 32 28 49 37 33 49 41 26 39 62 31 15 12 36 55 40 37 37 17 14 11 10 15 10 8 24 12 11
27 37 38 48 49 38 46 47 50 47 31 48 48 59 55 60 61 62 71 74 68 70 56 59 51 58 48 47 57 34 49 48 32 22 24 7 11 29 53 48 55 52 54 54 50 41 55 22 39 39 49 43 38 24 27 18 23 10 7 4 4 9 2 9 7 17 13 25 27 24 22 37 57 67 41 34 62 49 43 29 30 37 14 18 36 39 19 14 12 19 19 12 8 45 16 22
30 38 34 39 14 31 59 40 52 55 44 42 56 61 50 61 49 71 65 76 69 61 69 50 47 56 71 66 38 48 42 46 41 22 19 8 10 35 38 50 50 42 63 60 59 41 25 64 35 65 38 40 24 39 23 35 12 13 9 2 2 9 16 19 3 9 16 32 37 20 18 44 72 62 35 60 51 32 36 77 61 24 28 43 26 21 22 10 13 19 20 14 21 53 37 31
31 25 14 9 8 17 57 40 26 34 43 31 36 57 73 69 37 37 69 58 68 64 70 67 29 55 71 46 40 47 33 55 51 39 17 3 9 27 33 53 46 44 53 63 68 58 30 22 9 11 47 49 18 32 25 37 19 11 5 3 4 12 8 20 13 12 16 14 33 24 29 60 66 35 43 62 53 11 50 47 32 46 61 46 31 25 20 7 24 22 23 17 36 74 45 24
36 37 29 30 29 23 33 56 21 25 22 45 38 46 68 60 72 37 51 70 69 76 75 76 56 33 55 59 51 34 60 46 46 34 16 7 7 16 37 58 27 48 66 65 61 43 39 37 32 30 26 30 47 21 9 7 7 4 6 1 4 5 2 6 10 7 12 6 12 18 47 40 46 56 37 37 23 24 41 34 38 57 54 34 24 10 7 7 18 24 25 21 43 59 44 14
51 38 44 42 27 33 29 33 39 38 31 63 42 47 41 48 67 70 65 79 79 69 73 57 26 39 52 45 43 49 60 52 27 27 30 14 11 9 25 39 13 28 36 36 40 33 32 25 61 52 35 28 23 16 13 7 4 20 1 1 0 4 6 5 14 16 8 5 27 36 15 29 17 34 32 31 11 53 42 62 40 35 24 23 23 14 10 17 20 29 28 37 42 61 18 15
33 35 43 38 44 29 24 42 61 61 27 28 54 52 27 28 24 44 71 73 43 40 43 45 53 17 49 58 34 65 48 45 40 28 35 15 22 8 18 41 46 22 31 37 22 29 13 7 16 29 16 50 43 25 11 1 1 1 2 1 1 3 3 6 10 16 6 24 26 15 20 21 28 30 13 22 47 58 68 36 35 34 37 42 24 13 11 22 31 31 33 24 56 64 49 17
35 56 43 44 45 44 33 47 63 49 48 32 23 42 51 30 51 40 29 63 38 52 62 58 45 35 51 34 35 64 51 53 35 17 30 15 19 12 7 25 32 55 46 31 25 34 32 15 23 33 41 41 21 21 18 8 5 3 2 1 1 2 4 5 7 6 13 27 35 35 21 23 16 10 37 43 35 50 50 33 28 33 38 28 21 18 13 29 36 25 36 33 21 40 54 24
41 43 42 34 44 59 33 46 50 55 48 41 52 36 22 53 49 36 43 63 68 27 22 37 33 56 51 66 37 41 55 41 30 47 24 13 18 26 11 29 41 54 61 26 29 50 31 12 26 34 16 29 16 20 18 7 6 5 2 2 2 1 1 4 5 9 18 7 8 8 18 11 32 47 25 29 28 28 28 25 17 25 28 33 28 16 15 24 43 26 39 30 33 32 42 29
37 39 59 41 53 62 25 40 52 59 54 45 52 50 62 44 65 79 53 60 63 29 39 42 48 70 62 73 43 45 46 46 52 25 20 13 13 38 16 17 34 48 34 37 43 46 10 8 56 76 23 29 25 10 7 6 13 4 2 1 1 1 2 3 4 3 4 8 19 23 30 34 16 24 18 12 14 33 25 22 32 49 28 25 29 15 25 27 45 26 32 10 4 15 41 61
39 47 58 56 49 44 25 39 55 60 58 44 34 35 55 67 49 39 59 57 40 22 37 31 58 56 75 55 53 67 62 54 32 30 13 5 5 41 17 17 20 33 31 31 37 34 2 16 29 32 44 31 22 5 3 2 2 2 2 1 0 2 1 1 1 1 2 9 27 46 49 46 24 15 11 17 53 44 27 29 43 34 33 44 11 17 31 37 30 20 9 7 19 24 24 45
45 28 31 57 47 56 43 20 51 53 60 45 48 32 47 40 61 33 34 38 24 40 38 40 37 61 50 64 67 78 56 58 44 37 27 3 22 38 15 17 27 15 27 30 29 24 6 17 15 20 27 19 24 18 14 4 3 3 3 2 1 5 1 0 1 3 9 30 14 19 30 16 10 14 25 37 44 29 23 54 46 38 42 17 17 34 55 24 8 7 13 28 20 56 40 47
41 13 36 52 60 53 55 33 24 42 54 34 43 41 52 58 43 39 49 41 14 44 79 49 46 47 32 43 50 55 57 57 37 21 24 12 24 19 26 19 34 29 26 32 39 29 19 14 12 15 15 27 13 16 10 5 2 3 3 5 2 2 1 1 2 11 4 11 14 10 26 29 18 36 32 39 43 42 40 55 43 27 19 12 35 48 14 6 8 16 20 39 48 47 52 39
37 19 21 16 46 52 63 40 8 26 46 31 41 31 69 58 42 16 30 38 20 50 58 41 41 18 48 56 57 52 56 41 43 34 20 18 19 15 21 15 6 25 22 38 32 35 41 51 38 35 22 43 23 9 5 2 4 2 2 5 3 1 0 2 9 10 3 8 6 8 16 39 41 57 27 23 50 53 38 32 20 32 9 27 32 13 4 15 20 29 34 35 41 55 56 41
49 33 40 13 46 61 57 36 12 8 9 38 47 31 36 50 27 40 37 49 43 21 40 52 34 29 54 60 54 45 38 32 44 35 30 31 33 11 27 20 9 12 18 25 36 23 18 14 14 13 11 21 7 4 6 18 12 4 2 1 1 0 2 6 3 4 3 4 13 5 14 36 42 42 33 35 57 52 47 36 22 14 27 28 16 5 12 31 29 28 37 32 44 45 46 46
60 27 43 14 21 50 37 19 13 12 15 18 28 56 45 45 34 30 28 46 31 40 60 38 37 52 34 51 54 47 33 42 31 20 36 33 23 20 17 28 19 12 16 18 24 21 35 21 17 25 35 22 9 7 2 8 8 4 3 4 3 3 1 3 5 2 2 5 6 9 15 29 38 42 32 30 30 32 55 21 14 15 24 9 10 29 31 31 32 32 32 26 21 17 30 48
48 28 42 21 16 49 38 42 32 30 19 22 32 45 51 58 61 48 31 32 24 26 35 45 58 49 62 65 54 34 38 39 23 19 55 34 21 23 18 8 9 14 15 27 24 26 35 21 29 22 28 12 24 9 3 5 25 8 2 3 4 1 1 1 1 4 2 4 9 8 11 24 39 40 36 15 27 47 39 41 35 18 8 13 16 20 20 41 41 29 38 28 25 16 22 9
37 29 44 33 25 30 20 45 24 23 26 21 33 30 25 42 37 37 32 32 45 19 26 64 55 60 51 42 46 40 39 37 37 24 45 33 31 20 35 12 26 28 11 15 28 38 43 28 34 35 20 10 22 6 6 9 14 4 3 3 2 1 1 1 5 4 11 12 4 4 17 20 14 25 27 18 40 59 72 37 21 12 5 14 10 43 34 28 33 38 58 50 25 21 25 10
51 30 43 32 21 18 12 34 43 29 29 29 25 29 24 41 30 31 17 18 33 15 37 51 58 41 49 52 44 39 34 37 29 41 44 33 43 60 23 16 18 18 21 16 39 23 32 36 24 24 31 23 11 8 12 11 20 4 4 2 2 1 1 1 2 2 17 15 5 7 11 13 29 37 16 55 54 44 37 37 14 4 11 25 22 28 40 23 35 49 44 48 20 17 22 10
51 32 57 36 16 19 29 20 52 26 43 40 22 16 23 19 18 26 23 18 6 38 31 26 36 32 53 41 29 37 38 18 31 46 25 55 28 59 37 16 32 16 31 21 35 41 33 33 19 32 28 14 10 16 12 11 6 5 3 4 2 2 1 0 1 4 10 8 8 13 8 7 20 24 57 45 25 33 30 36 19 12 14 30 47 31 34 44 46 36 37 27 21 15 20 9
45 31 61 37 14 12 57 34 33 26 29 39 20 29 24 22 23 30 29 17 7 14 6 9 21 22 56 56 50 33 21 17 31 51 40 23 39 37 33 18 30 9 26 10 23 35 43 35 23 33 21 27 11 10 20 14 12 4 4 6 1 0 0 1 1 1 3 11 19 10 9 19 37 54 43 20 19 57 36 23 19 14 29 19 43 44 27 37 37 33 28 18 43 18 14 6
59 28 50 22 14 20 32 33 26 53 49 32 31 22 23 22 33 28 24 23 5 9 10 32 39 45 43 41 40 28 16 18 48 35 41 31 55 28 22 20 30 9 26 19 21 29 53 33 22 33 31 28 12 5 16 13 8 2 4 2 3 1 1 1 1 1 2 7 6 8 10 22 25 21 23 20 23 43 28 8 8 18 40 37 40 38 15 28 52 45 25 16 35 9 13 10
60 33 49 21 14 21 22 56 31 51 65 53 25 16 14 27 45 28 8 15 3 13 14 26 17 22 19 37 18 14 28 20 68 45 47 43 43 21 15 39 20 14 16 45 48 32 33 30 42 33 24 21 19 13 12 7 11 6 3 1 1 0 1 2 1 1 1 3 9 8 10 8 18 15 32 27 38 40 35 10 8 33 40 41 37 36 13 22 37 36 14 15 13 17 18 16
72 61 18 35 17 17 37 54 36 31 50 44 54 12 30 54 31 28 14 13 8 6 12 9 12 15 43 22 29 27 27 41 10 23 12 29 24 16 10 39 16 13 3 20 67 35 26 37 39 27 25 19 15 9 21 20 16 8 3 2 1 1 2 1 1 2 2 4 10 4 11 14 22 17 31 43 22 39 30 16 14 41 29 24 31 21 26 26 19 24 34 17 13 27 19 14
58 24 20 31 17 16 54 49 52 25 17 34 59 9 18 15 14 26 13 17 3 3 11 22 26 22 19 33 31 19 48 20 32 19 36 30 20 24 13 28 12 25 11 16 46 52 32 32 40 38 28 24 14 15 9 6 9 4 3 3 1 0 1 1 1 2 2 3 6 10 22 35 36 31 40 58 8 47 24 23 22 22 29 15 20 15 29 41 25 16 28 18 14 16 22 16
56 28 12 34 26 25 41 10 29 45 12 19 48 28 8 16 15 14 8 11 7 15 37 16 18 17 27 46 25 32 25 35 47 63 41 28 51 20 29 35 14 15 16 22 32 35 26 57 33 27 20 23 26 16 4 6 10 6 3 2 2 1 1 0 1 1 2 2 4 9 15 20 36 50 35 13 25 45 36 15 13 19 37 14 24 29 33 21 30 20 11 22 25 17 10 14
58 12 23 34 19 22 30 6 8 9 24 45 18 32 11 13 8 8 3 11 8 7 8 16 13 15 16 26 31 37 20 30 46 29 18 46 21 14 42 20 27 32 25 24 31 33 27 26 38 16 12 9 20 21 7 5 5 3 2 3 1 1 1 0 0 1 3 3 6 12 12 25 29 15 29 21 33 22 13 7 10 31 27 30 19 23 27 21 16 23 23 14 10 20 6 6
62 13 21 39 19 40 35 17 6 9 24 38 51 42 13 8 12 14 14 2 4 5 14 25 10 8 20 47 24 20 15 44 16 27 53 11 16 21 33 16 31 28 21 44 44 48 37 21 24 22 11 11 19 19 14 8 3 1 1 1 1 2 1 0 0 1 3 6 5 15 17 38 29 20 5 22 40 10 13 12 16 24 31 27 16 22 19 18 8 26 15 31 13 6 3 3
43 16 21 48 14 34 48 29 12 12 9 29 18 29 32 7 8 8 5 10 8 5 6 6 3 9 31 38 39 10 48 10 13 42 32 15 26 31 42 26 8 39 35 42 57 45 33 12 18 38 28 8 5 9 11 11 3 3 1 1 0 1 1 1 1 7 19 7 3 6 26 40 27 15 7 29 29 18 14 12 14 23 24 27 25 14 7 21 13 23 17 6 18 5 5 8
39 16 17 40 12 31 39 10 10 13 18 21 11 14 17 13 4 6 9 2 3 2 3 3 5 9 59 21 26 11 40 25 9 52 25 13 27 57 36 23 13 34 39 48 23 43 25 22 12 11 15 19 7 4 5 9 4 2 1 1 0 1 1 1 6 8 10 15 18 26 34 39 26 5 11 31 18 9 9 13 16 14 30 10 14 12 8 9 14 9 17 5 5 14 9 6
63 22 42 22 9 45 18 10 14 11 27 10 24 11 6 8 3 2 3 2 7 15 4 2 3 8 28 16 7 35 19 16 37 34 28 11 22 57 57 28 14 27 27 50 47 36 16 19 18 7 6 6 10 7 3 1 3 1 2 1 2 2 2 13 27 34 42 43 41 63 41 41 23 3 35 46 10 8 10 16 13 16 26 12 23 23 5 8 12 7 8 4 4 3 4 8
60 44 5 9 7 30 9 11 21 23 18 16 17 13 3 6 2 1 4 4 6 5 1 4 3 15 15 7 23 7 15 38 33 17 19 27 40 66 51 21 19 33 28 36 30 19 30 29 15 13 11 5 9 8 4 1 1 1 1 1 2 2 4 6 5 4 27 43 55 67 69 45 6 22 35 48 16 2 8 31 13 31 13 20 12 29 4 12 14 7 9 3 15 3 6 2
53 10 7 11 11 16 3 10 15 21 9 23 29 12 5 3 4 0 2 1 4 5 1 3 3 22 3 18 25 6 36 39 13 11 31 26 13 65 48 10 16 23 21 28 34 24 17 17 10 6 9 3 2 6 3 1 1 0 1 1 2 3 9 8 12 10 30 65 72 59 52 5 13 26 42 52 35 7 18 19 15 15 14 19 18 21 3 5 12 8 12 6 5 3 3 3
