sesion_6_simulaciones/modelos_agentes/ejemplos_netlogo/scenarios/echam4_a2/rob_2068.asc
NCOLS 322 
NROWS 307 
XLLCORNER 451900 
YLLCORNER 4086900 
CELLSIZE 100 
NODATA_value -9999 
[rows 0 to 73 of 307, columns 96 to 191 of 322]
0 0 0 0 0 0 0 0 0 0 0 0 0 1 1 0 1 1 1 0 1 0 0 1 0 0 0 0 0 0 0 0 0 0 0 0 0 0 0 0 0 2 10 15 20 19 18 18 37 15 10 11 4 1 3 4 3 1 1 1 1 0 0 0 2 3 4 0 0 4 7 3 4 6 5 5 6 9 5 38 28 16 29 33 44 30 33 35 41 53 30 18 13 4 10 20
0 0 0 0 0 0 0 0 0 0 0 0 1 2 1 1 0 0 0 0 0 0 0 0 0 0 0 0 0 1 0 0 0 0 0 0 0 0 0 1 1 3 3 3 44 59 45 31 64 31 29 14 2 3 11 1 0 1 0 0 0 1 0 0 0 0 1 3 3 3 2 6 13 6 13 20 28 11 12 17 17 15 27 36 42 29 28 37 40 30 35 24 31 12 17 20
0 0 0 0 0 0 0 0 0 0 0 0 0 0 0 0 0 1 1 1 1 0 0 0 0 0 0 0 0 0 1 1 0 0 1 1 1 1 1 2 4 9 6 9 3 1 3 11 60 38 33 34 4 15 8 6 3 2 1 1 0 4 11 6 17 3 2 4 1 2 2 3 5 7 11 24 40 45 21 13 16 15 26 27 40 28 34 45 25 24 31 20 28 26 15 16
0 0 0 0 0 0 0 0 0 0 0 0 0 0 0 0 0 1 1 1 0 0 0 0 0 0 0 0 0 0 0 0 1 1 1 1 2 3 7 14 23 30 17 4 2 3 1 2 7 2 5 4 2 4 9 1 9 0 0 1 2 6 20 20 27 23 19 2 6 4 4 6 4 5 11 14 23 8 8 12 20 21 32 33 37 25 25 30 20 19 30 28 17 24 10 30
0 0 0 0 0 0 0 0 0 0 0 0 0 0 0 0 0 2 1 0 0 0 0 1 0 0 0 0 0 1 1 1 0 1 2 2 4 9 26 40 48 40 25 8 4 1 3 5 3 2 4 3 1 12 1 3 4 2 0 1 7 17 12 28 12 4 23 7 12 14 6 5 3 4 10 8 12 11 13 17 17 16 54 33 21 25 23 35 21 27 26 37 12 22 32 33
0 0 0 0 0 0 0 0 0 0 0 0 0 0 0 0 0 0 1 1 0 0 1 0 1 0 0 0 0 0 0 1 1 0 3 8 12 28 47 32 50 52 43 16 4 7 3 5 5 4 5 12 1 3 2 5 2 1 1 2 11 14 2 1 2 6 10 2 3 4 1 4 27 16 8 4 6 7 7 16 11 17 20 21 28 19 18 34 29 19 26 19 21 32 44 15
0 0 0 0 0 0 0 0 0 0 0 0 0 0 0 0 0 0 1 1 1 1 0 0 0 0 0 0 0 0 0 1 2 1 5 27 38 43 47 50 55 52 20 9 10 23 10 16 10 9 6 16 6 4 6 3 1 2 4 1 1 2 1 3 1 2 9 19 9 8 2 8 3 1 17 8 8 11 5 10 9 7 9 8 18 20 14 26 24 10 23 18 20 21 12 11
0 0 0 0 0 0 0 0 0 0 1 1 1 0 0 0 0 0 0 0 1 3 1 1 1 0 0 0 0 0 0 0 2 7 7 29 27 46 52 44 41 11 15 13 34 22 16 36 17 14 6 9 14 13 6 5 4 18 24 25 8 3 0 1 3 1 7 4 12 5 5 3 1 3 2 8 16 33 24 5 10 14 7 12 30 17 17 22 32 38 14 11 4 8 9 8
0 0 0 0 0 0 0 0 0 0 0 1 1 5 1 1 0 0 0 0 1 0 0 1 0 0 0 0 0 0 1 1 4 19 34 11 8 13 11 11 22 11 9 18 48 31 13 19 23 12 9 7 48 12 8 14 8 14 2 6 25 11 4 0 4 3 2 2 1 2 9 6 2 2 9 2 5 7 9 25 29 48 18 21 8 5 12 44 14 31 14 46 27 14 9 15
0 0 0 0 0 0 0 0 0 0 0 0 0 0 0 0 0 0 0 0 0 0 0 0 0 0 0 0 0 1 1 7 8 8 22 18 18 18 10 11 6 5 11 22 54 24 9 9 15 18 14 7 12 68 40 32 3 7 2 16 8 12 2 3 1 2 1 1 3 5 4 6 7 5 9 16 4 10 35 42 14 38 23 14 5 9 6 16 17 27 11 30 64 45 12 9
0 0 0 0 0 0 0 0 0 0 0 0 0 0 0 0 0 0 0 0 0 0 0 0 0 0 0 0 1 2 6 9 40 24 13 14 18 33 31 19 12 5 5 6 27 8 10 13 17 12 19 8 15 18 64 41 9 5 6 14 5 5 3 1 2 3 3 1 5 14 11 13 8 5 14 22 12 5 7 33 18 21 26 36 10 12 8 11 43 31 28 28 61 67 37 15
0 0 0 0 0 0 0 0 0 0 0 0 0 0 0 0 0 0 0 0 1 0 0 0 0 0 0 0 1 10 16 15 19 20 15 11 16 39 28 22 13 6 8 14 16 7 9 25 11 13 32 10 17 32 13 29 11 8 13 10 3 3 8 6 3 2 7 8 17 43 45 51 6 14 25 25 15 9 8 37 16 2 21 45 11 17 16 15 36 19 17 20 46 49 49 36
0 0 0 0 0 0 0 0 0 0 0 0 0 0 0 0 0 0 1 1 2 2 0 0 0 0 0 0 2 7 23 14 16 16 19 36 35 12 16 32 12 5 6 25 19 8 15 15 18 26 39 29 27 48 26 21 20 15 21 5 4 5 9 7 4 3 3 8 20 12 34 24 18 9 9 32 8 8 3 8 21 2 28 57 14 16 30 17 11 45 24 9 17 28 54 63
0 0 0 0 0 0 0 0 0 0 0 0 0 0 0 0 1 0 2 0 0 0 1 0 0 0 0 3 4 6 10 13 11 6 7 8 8 6 5 10 12 2 2 2 8 6 13 13 40 53 60 57 37 42 22 36 31 21 16 18 5 3 10 10 8 8 4 5 6 3 1 1 13 14 10 12 7 15 8 5 2 4 15 43 47 18 25 29 16 16 36 16 29 47 77 55
0 0 0 0 0 0 0 0 0 0 0 0 0 0 0 0 0 0 1 1 0 1 1 0 0 0 1 1 6 9 5 3 4 5 9 8 8 7 4 1 9 2 6 4 1 2 15 27 33 65 66 61 45 54 35 55 47 30 26 31 4 16 23 17 9 6 3 4 2 1 2 12 31 18 21 28 19 14 7 8 15 4 15 43 59 20 9 12 16 13 9 10 25 40 45 43
0 0 0 0 0 0 0 0 0 0 0 0 0 0 0 0 0 0 0 0 0 0 0 2 1 1 0 1 1 1 2 7 10 12 8 12 27 29 13 3 3 3 1 5 2 3 2 22 31 36 47 35 36 36 46 30 38 27 35 30 4 14 3 17 29 15 4 5 7 1 4 27 28 26 8 5 9 15 20 19 15 13 14 42 66 83 45 29 15 12 13 7 30 67 53 32
0 0 0 0 0 0 0 0 0 0 0 0 0 0 0 0 0 0 0 0 0 0 0 0 2 1 1 2 9 8 5 3 5 9 9 21 34 40 30 2 6 6 3 4 12 13 15 3 17 29 19 20 13 15 29 43 42 39 43 36 8 17 11 12 19 5 3 4 4 4 4 24 16 22 5 4 7 8 34 18 19 20 24 34 68 83 81 23 17 16 16 12 34 60 60 60
0 0 0 0 0 0 0 0 0 0 0 0 0 0 0 0 0 0 0 0 0 0 0 0 1 1 0 1 2 1 4 5 7 5 18 42 25 34 29 13 20 22 16 16 28 27 33 19 6 3 3 5 3 2 10 53 78 86 52 16 38 17 15 9 18 9 5 10 3 3 25 27 22 20 5 17 29 13 26 23 15 15 11 7 56 62 61 55 35 21 22 17 22 44 49 22
0 0 0 0 0 0 0 0 0 0 0 0 0 0 0 0 0 0 0 0 0 0 0 0 1 2 1 1 1 2 5 7 4 12 17 23 8 12 14 36 26 34 40 49 45 29 38 35 18 14 10 12 13 2 3 15 79 82 53 25 22 27 11 8 13 3 4 6 1 20 38 39 29 47 10 12 27 29 34 66 32 21 12 8 18 43 53 49 56 31 27 30 15 33 71 21
0 0 0 0 0 0 0 0 0 0 0 0 0 0 0 0 0 0 0 0 0 0 0 0 1 1 1 1 2 2 3 11 8 8 10 6 14 17 15 23 48 52 45 24 30 16 30 39 23 19 20 6 11 5 10 7 26 37 48 45 28 14 11 21 17 2 4 19 39 28 53 72 21 68 22 6 25 60 32 64 55 40 31 14 17 56 75 59 68 45 40 27 12 23 64 50
0 0 0 0 0 0 0 0 0 0 0 0 0 0 0 0 0 0 0 0 0 0 0 0 0 1 1 0 0 1 1 1 3 6 13 6 7 16 10 38 22 23 46 36 21 21 26 41 39 18 29 23 8 14 22 16 22 48 59 47 13 12 44 35 14 3 20 19 29 37 28 31 16 22 46 31 19 16 23 66 25 23 48 33 29 14 64 43 70 35 45 27 20 19 30 52
0 0 0 0 0 0 0 0 0 0 0 0 0 0 0 0 0 0 0 0 0 0 0 0 1 1 1 1 1 1 1 2 4 20 16 10 38 10 23 9 24 16 16 16 36 40 71 58 57 24 26 21 21 22 34 27 27 45 64 58 55 12 18 18 9 11 35 5 22 37 51 24 36 14 45 56 28 17 28 77 83 44 20 61 49 18 14 28 69 56 50 47 25 23 25 55
0 0 0 0 0 0 0 0 0 0 0 0 0 0 0 0 0 0 0 0 0 0 0 0 1 0 1 2 1 1 5 17 20 4 2 42 25 8 9 11 20 36 24 18 18 49 45 20 27 22 40 26 26 28 28 31 20 30 52 32 25 19 10 9 10 28 37 3 17 12 34 49 45 14 15 40 40 52 24 61 85 61 59 28 49 28 10 26 71 76 28 61 42 25 31 51
0 0 0 0 0 0 0 0 0 0 0 0 0 0 0 0 0 0 0 1 0 1 1 1 2 2 1 3 5 3 2 2 1 1 1 4 11 14 5 14 17 32 32 37 35 14 11 8 6 5 20 16 10 14 25 13 15 18 19 28 32 20 11 15 41 28 16 7 15 17 16 41 34 30 27 61 62 41 39 23 63 67 49 70 33 24 18 21 21 59 24 43 39 20 18 26
0 0 0 0 0 0 0 0 0 0 0 0 0 0 0 0 1 0 0 0 1 2 4 2 2 2 6 4 12 5 2 2 4 4 3 0 2 19 14 4 10 27 42 52 39 35 30 26 21 20 9 8 5 3 3 4 4 6 27 33 41 21 25 27 14 35 15 19 30 23 16 31 48 53 14 57 66 43 47 33 52 70 40 22 58 38 22 23 18 31 33 33 45 24 14 13
0 0 0 0 0 0 0 0 0 0 0 0 1 1 1 1 1 2 0 1 5 16 21 35 26 20 21 10 20 13 35 42 37 15 5 4 5 4 3 9 21 16 23 32 44 50 50 40 36 34 20 19 20 20 18 18 19 16 41 44 36 26 18 18 14 35 27 38 13 39 17 14 43 33 18 43 46 23 30 29 31 46 72 24 28 19 24 12 11 21 16 26 13 14 10 11
0 0 0 0 0 0 0 0 0 1 0 0 0 2 3 2 2 15 7 17 26 32 38 48 38 48 43 38 42 51 32 8 19 27 17 6 8 7 3 3 13 19 24 41 36 40 50 39 41 40 32 32 35 35 20 32 21 23 35 26 29 19 10 11 10 36 23 38 35 42 11 17 25 33 25 43 41 55 20 29 32 15 41 28 19 36 15 15 4 11 18 13 17 11 11 10
0 0 0 0 0 0 0 0 0 1 1 3 2 3 7 26 20 15 24 6 10 14 26 45 49 41 80 61 60 59 9 6 5 6 14 12 16 8 13 9 11 28 34 30 44 42 34 56 48 38 33 34 34 33 30 33 33 10 20 18 19 11 12 19 33 57 53 27 32 16 24 13 27 31 31 21 19 36 39 23 35 22 35 31 11 34 18 11 4 7 17 17 12 16 9 5
0 1 0 0 1 0 1 1 1 4 7 13 29 33 49 53 33 40 40 24 10 5 19 36 24 21 15 37 41 37 17 3 3 2 3 5 9 9 11 14 5 14 22 26 13 14 9 27 39 33 45 43 32 31 30 45 35 13 13 11 8 17 28 37 46 38 20 23 15 32 28 38 22 21 26 22 22 23 39 27 23 21 21 15 17 17 17 14 10 4 10 6 7 10 4 4
1 1 0 1 2 1 1 3 8 18 42 37 56 60 50 78 41 45 67 16 45 12 7 20 12 7 12 13 12 12 32 13 7 1 3 1 5 4 5 13 12 14 30 11 16 16 10 27 20 13 12 11 10 20 21 11 34 20 14 10 13 17 34 36 42 33 15 35 48 28 35 25 22 19 17 11 15 14 22 22 22 20 8 16 10 5 6 4 6 3 3 1 1 2 2 3
0 2 2 2 3 5 11 21 19 51 46 69 55 71 62 63 29 41 68 47 16 17 8 4 5 4 2 2 6 7 9 49 13 3 4 3 14 39 40 28 22 14 13 7 11 13 14 5 4 8 9 18 26 27 15 16 31 19 28 9 15 22 37 25 39 20 14 27 46 44 29 22 12 20 15 9 5 2 7 9 13 9 6 4 3 4 4 3 2 2 2 2 13 7 8 11
2 4 7 8 18 39 30 41 54 57 52 80 53 62 38 55 32 57 51 54 9 24 23 8 5 1 1 1 2 3 3 6 8 3 4 7 3 8 8 11 8 8 10 17 19 12 15 8 13 15 37 49 40 25 46 9 37 32 8 4 4 14 12 29 24 27 17 10 16 22 18 18 10 4 4 5 8 6 14 19 12 17 11 17 19 19 16 14 13 19 7 8 29 19 11 23
11 18 24 40 38 38 45 59 67 54 83 47 21 40 32 35 43 45 45 53 18 9 15 7 6 4 2 2 5 6 6 12 6 2 8 6 8 9 16 10 20 12 21 22 29 29 23 22 18 21 30 56 55 55 56 24 41 32 16 22 12 3 4 5 7 6 12 8 7 8 8 7 7 13 23 21 33 21 34 20 23 31 19 31 22 47 32 17 27 26 14 15 28 22 17 32
32 56 57 41 57 56 69 50 54 35 65 9 17 13 21 33 36 25 22 42 21 7 3 3 4 6 5 4 6 2 24 20 16 10 13 15 14 12 14 15 16 19 21 21 35 24 37 24 14 45 35 36 43 31 25 21 55 27 23 40 32 22 22 23 24 24 39 29 23 21 22 23 34 36 34 22 36 35 35 36 35 36 34 35 51 41 33 27 29 18 28 19 32 22 42 39
4 7 31 32 49 43 62 50 19 3 2 2 7 5 5 6 7 17 29 44 19 4 6 10 5 4 17 11 17 12 19 16 15 11 11 25 19 8 19 16 17 25 26 27 20 21 32 23 19 31 39 31 40 46 29 35 24 20 27 32 27 32 33 37 38 34 48 42 37 21 35 35 33 34 47 34 35 49 35 47 49 36 41 40 65 39 36 34 35 33 32 25 41 42 43 53
5 3 3 3 2 2 10 10 11 4 2 5 8 9 4 2 2 4 22 19 9 5 20 4 13 20 23 15 22 13 11 9 18 16 6 12 13 8 12 18 13 28 16 15 16 20 35 23 16 19 35 28 16 51 26 44 19 21 29 24 40 28 25 27 30 21 51 35 23 35 33 32 45 32 44 33 34 49 48 50 38 35 48 46 51 41 35 39 34 34 35 32 62 48 37 38
9 20 17 6 6 5 2 4 5 2 5 8 6 4 2 3 1 8 6 9 15 26 26 9 19 14 17 15 10 4 1 5 9 9 5 10 5 7 10 16 21 11 14 12 12 29 22 13 23 27 30 40 16 51 41 13 35 32 30 17 28 24 39 37 28 37 32 32 32 23 32 47 44 32 46 43 34 51 35 44 36 47 51 65 53 37 22 48 37 39 46 49 53 26 53 36
11 9 9 7 4 3 4 3 8 10 12 13 11 3 3 9 10 13 14 22 45 34 37 20 12 8 8 11 11 9 4 3 7 5 10 4 3 6 6 13 4 4 12 16 13 35 15 19 30 19 35 11 26 25 11 18 43 29 15 26 18 31 36 24 18 33 33 31 19 32 54 54 48 30 41 48 44 50 32 32 39 48 51 49 39 25 26 48 40 27 54 54 52 26 17 56
3 9 14 11 12 6 14 9 12 15 17 28 21 14 12 19 10 21 26 29 36 21 8 12 18 8 4 6 9 7 5 3 4 5 2 7 3 10 7 5 6 4 13 9 9 41 19 19 15 13 14 24 18 11 10 10 22 35 15 25 25 41 30 16 36 36 41 31 18 31 46 64 51 31 40 47 51 37 30 25 39 66 61 55 52 25 46 69 47 23 45 65 64 33 18 55
8 18 7 9 5 10 15 8 7 16 17 20 18 17 21 19 20 23 28 22 26 15 9 12 7 4 5 9 5 7 3 4 2 1 4 5 6 4 6 4 4 2 12 3 3 13 12 17 8 11 10 4 18 2 2 2 6 21 9 26 35 26 24 45 35 35 23 10 20 44 52 67 53 36 38 61 67 39 39 25 44 72 42 34 35 30 50 66 47 30 24 74 78 51 28 45
3 7 4 13 8 12 8 7 7 6 14 20 13 13 34 13 17 21 15 14 19 12 4 8 5 5 7 5 5 6 2 4 2 2 1 4 1 3 2 5 3 3 6 3 10 6 16 10 3 6 7 5 5 3 3 2 3 5 4 21 31 27 33 50 14 33 11 12 16 48 60 61 55 37 41 59 72 29 41 18 58 80 47 23 22 32 50 66 46 30 26 60 71 61 20 42
1 3 11 7 4 5 4 3 3 4 12 8 7 14 9 9 6 12 14 7 5 7 7 6 3 3 2 2 2 11 2 4 1 1 1 3 2 2 1 2 1 4 3 3 5 2 4 2 2 1 2 6 4 3 2 2 8 3 4 12 12 17 50 19 29 27 17 22 27 37 49 45 52 22 28 53 35 22 43 18 39 62 48 39 20 27 50 61 42 36 28 39 61 34 26 41
0 0 3 1 1 1 2 1 1 2 2 3 3 6 6 5 5 5 7 5 3 2 3 3 3 2 3 2 1 1 2 3 1 1 1 2 1 1 1 2 1 3 2 2 2 2 4 1 1 1 1 2 0 1 1 2 4 1 4 6 5 16 7 15 44 16 17 28 31 30 29 47 26 14 25 40 31 22 38 24 28 49 26 21 24 17 23 61 56 30 18 35 53 29 16 38
0 0 0 0 0 0 1 1 0 1 1 2 3 2 2 4 3 3 3 4 2 1 1 2 2 1 2 1 1 2 1 1 0 0 1 1 0 1 1 2 2 1 1 2 1 0 0 2 0 0 0 1 0 0 1 2 2 4 3 2 2 2 6 24 7 11 28 12 15 12 12 26 8 7 11 25 13 17 24 8 28 30 14 16 20 27 9 19 54 21 15 25 47 27 21 17
0 0 0 0 0 0 0 0 0 1 1 2 1 1 1 2 2 1 1 2 2 1 2 1 1 1 1 1 0 0 1 1 0 0 0 1 0 0 0 0 2 1 0 0 0 0 0 0 0 0 0 1 1 0 1 1 4 2 2 6 3 2 7 3 8 16 5 6 5 8 2 17 2 3 5 13 5 19 19 6 12 11 7 17 21 25 12 15 37 20 11 19 20 9 14 9
0 0 0 0 0 0 0 0 0 0 0 1 1 0 1 1 1 2 1 0 0 0 2 0 1 1 1 0 0 0 0 0 0 0 0 0 0 0 0 0 1 0 0 0 0 1 0 1 3 4 3 1 3 2 1 1 2 1 2 2 1 1 3 1 8 2 3 3 3 5 1 4 2 5 1 4 2 9 5 3 13 4 4 6 14 5 9 5 17 9 10 7 21 21 22 16
0 0 0 0 0 0 0 0 0 0 0 1 0 1 0 1 0 1 1 0 0 1 1 1 0 0 0 0 0 0 0 0 0 0 0 0 0 0 0 0 0 0 1 1 0 6 1 11 2 3 2 1 6 5 14 3 3 0 1 2 1 2 0 0 2 1 1 1 3 3 3 2 3 2 1 6 1 5 1 2 10 2 8 8 21 5 7 6 10 16 9 21 26 29 47 66
0 0 0 0 0 0 0 0 0 0 0 0 0 0 0 0 0 1 1 1 0 0 0 1 0 0 0 0 0 0 0 0 0 0 1 1 1 1 2 4 2 2 2 6 2 1 4 7 1 6 2 2 3 7 6 4 6 6 3 7 4 14 9 1 2 4 3 4 2 6 9 5 6 17 19 17 25 44 24 10 15 23 25 18 4 50 44 32 19 5 13 8 13 48 23 43
0 0 0 0 0 0 0 0 0 0 0 0 0 0 0 0 0 1 0 0 0 0 0 1 0 0 0 0 0 0 0 0 0 0 0 1 2 0 1 3 3 3 1 10 16 2 2 4 10 4 8 1 2 10 13 3 19 9 17 13 2 8 3 3 2 4 3 12 22 1 2 10 14 2 6 27 6 21 8 44 6 24 46 24 10 46 31 30 51 49 35 10 26 38 23 14
0 0 0 0 0 0 0 0 0 0 0 0 0 0 0 0 0 0 0 0 0 0 0 0 0 0 0 0 0 0 0 0 0 0 0 0 0 0 0 1 2 1 7 14 5 1 3 2 6 5 10 2 3 10 8 18 9 4 12 18 4 1 2 10 7 11 10 7 15 9 1 16 28 4 10 38 3 2 8 49 37 15 12 31 30 57 34 56 66 59 20 47 14 13 40 60
0 0 0 0 0 0 0 0 0 0 0 0 0 0 0 0 0 0 0 0 0 0 0 0 0 0 0 0 0 0 0 0 0 0 0 0 0 1 0 2 1 4 2 3 17 6 3 2 6 9 7 10 3 19 18 46 7 18 41 37 18 1 6 7 7 40 30 33 13 29 6 4 26 7 18 39 9 10 5 28 17 25 4 5 10 51 54 54 70 46 14 55 27 23 41 46
0 0 0 0 0 0 0 0 0 0 0 0 0 0 0 0 0 0 0 0 0 0 0 0 0 0 0 0 0 0 0 0 0 0 0 0 0 0 2 8 2 10 3 10 8 14 5 7 14 19 43 51 12 32 59 71 22 44 60 35 21 7 20 25 10 9 8 6 23 54 8 6 22 6 22 31 62 12 24 68 38 53 41 11 11 28 51 52 38 30 49 79 30 22 12 13
0 0 0 0 0 0 0 0 0 0 0 0 0 0 0 0 0 0 0 0 0 0 0 0 0 0 0 0 0 0 0 0 0 0 0 1 1 1 9 4 6 4 2 23 19 6 4 4 11 24 43 35 35 17 43 80 29 29 48 41 50 38 39 52 8 14 16 11 27 46 32 17 3 12 42 66 58 49 14 78 16 52 64 28 18 18 42 27 33 16 71 81 54 31 39 15
0 0 0 0 0 0 0 0 0 0 0 0 0 0 0 0 0 0 0 0 0 0 0 0 0 0 0 0 1 0 0 0 1 1 1 1 0 2 5 5 13 5 19 6 48 7 9 9 5 14 49 30 16 7 7 28 48 57 62 60 77 50 56 53 39 19 31 20 42 35 64 34 15 15 33 62 68 66 38 58 56 51 61 71 34 21 13 13 12 24 67 48 72 39 39 24
0 0 0 0 0 0 0 0 0 0 0 0 0 0 0 0 0 0 0 0 0 0 0 0 0 0 0 0 0 0 0 1 0 0 2 1 1 1 0 2 2 2 1 1 5 7 35 21 8 4 17 5 8 4 3 6 8 33 40 33 43 54 52 46 71 25 24 20 7 59 86 26 16 13 51 42 46 47 21 35 35 16 64 78 61 35 8 9 12 17 12 32 77 38 25 33
0 0 0 0 0 0 0 0 0 0 0 0 0 0 0 0 0 0 0 0 0 0 0 0 0 0 0 0 0 0 0 0 1 2 1 1 1 3 1 1 1 4 2 1 2 4 9 16 18 5 7 5 11 5 6 13 10 6 10 25 23 8 21 52 78 50 21 28 39 68 84 37 11 6 13 23 47 35 44 53 40 10 46 68 79 26 17 9 30 34 19 33 87 55 49 56
0 0 0 0 0 0 0 0 0 0 0 0 0 0 0 0 0 0 0 0 0 0 0 0 0 1 0 0 0 0 0 0 1 2 1 0 3 5 1 1 1 7 4 2 4 4 6 6 7 3 8 20 24 22 18 16 10 8 7 5 2 1 5 69 65 61 36 17 21 60 74 70 52 15 8 27 39 28 32 24 46 34 18 74 76 58 24 17 37 26 51 82 83 82 62 60
0 0 0 0 0 0 0 0 0 0 0 0 0 0 0 0 0 0 0 0 0 0 0 0 0 0 0 0 1 1 0 0 2 1 2 3 2 6 3 5 4 7 8 5 2 10 6 10 8 3 8 40 50 51 49 37 23 21 18 19 18 15 16 33 37 51 43 17 6 41 34 74 74 26 12 38 43 35 21 43 65 29 18 21 75 80 30 17 50 57 52 72 48 78 44 29
0 0 0 0 0 0 0 0 0 0 0 0 0 0 0 0 0 0 0 0 0 0 0 0 0 0 0 0 1 0 0 0 0 0 3 5 2 3 7 15 7 10 7 6 2 4 21 16 11 9 7 25 69 75 61 65 53 49 38 36 73 75 78 67 50 48 36 21 9 6 27 46 82 58 51 15 35 42 23 5 17 31 32 52 70 77 49 31 17 37 37 29 79 78 87 57
0 0 0 0 0 0 1 0 0 0 0 0 0 0 0 0 0 0 0 0 0 0 0 0 0 0 0 0 0 0 0 1 2 2 5 4 4 10 25 11 20 16 7 11 14 13 22 24 17 14 8 15 45 68 65 74 78 73 48 36 28 40 51 63 75 71 72 58 31 2 8 50 58 60 48 46 29 13 20 20 51 46 24 30 30 72 70 30 16 24 30 34 27 69 60 73
0 0 0 0 0 0 0 0 0 0 0 0 0 0 0 0 0 0 0 0 0 0 0 0 0 0 0 0 0 1 1 4 2 2 3 7 4 7 5 2 5 43 40 19 40 23 18 21 22 25 24 12 10 14 55 55 52 75 76 64 57 50 35 43 52 72 75 75 70 61 39 63 48 74 40 40 28 22 31 24 21 28 18 49 34 73 80 27 14 40 45 30 30 33 62 77
0 0 0 0 0 0 1 0 0 0 0 0 0 0 0 0 0 0 0 0 0 0 0 0 0 0 0 0 0 0 0 0 1 2 2 3 5 6 9 10 6 2 11 52 53 69 55 35 28 15 22 26 23 14 23 40 35 30 52 56 59 69 72 59 33 38 72 78 78 62 62 79 59 83 69 49 45 46 27 16 19 40 18 33 44 29 70 42 14 29 46 43 18 12 55 78
0 0 1 0 0 0 0 1 0 0 0 0 0 0 0 0 0 0 0 0 0 0 0 0 0 0 0 1 0 0 0 1 1 1 2 6 7 11 10 14 18 15 8 6 6 55 64 58 34 22 16 28 25 15 6 6 6 8 8 9 21 42 36 53 56 31 34 51 48 43 68 67 66 63 64 67 71 63 38 45 43 39 19 22 60 68 48 57 22 9 39 43 23 43 81 40
0 0 0 0 0 0 0 0 1 2 2 1 0 0 0 0 0 0 0 0 0 0 0 0 0 0 0 0 0 0 1 1 1 1 2 3 3 6 7 9 13 13 25 26 28 21 8 6 30 30 39 14 14 9 15 22 21 22 21 20 22 9 7 10 14 10 9 8 10 31 43 59 54 49 41 35 35 62 55 46 37 25 53 46 48 61 51 66 46 15 13 36 52 82 52 72
0 0 0 2 1 0 0 0 0 3 0 0 0 0 0 0 0 0 0 0 0 0 0 0 0 0 0 0 0 0 0 0 0 1 1 1 4 6 4 9 12 18 21 25 31 24 22 22 16 9 10 6 11 24 25 34 35 38 37 51 24 8 7 23 24 38 21 25 7 6 16 41 34 23 23 25 31 42 50 64 58 28 23 28 30 33 50 61 66 26 13 31 87 65 55 66
0 0 0 1 0 0 1 0 0 0 0 0 0 0 0 1 0 0 0 0 0 0 0 0 0 0 0 0 0 0 0 0 0 0 1 2 2 3 3 9 12 11 11 14 18 16 14 24 20 18 25 27 31 40 34 32 47 52 54 53 30 25 26 40 37 29 37 22 9 13 13 4 3 4 6 5 14 15 7 14 25 17 18 12 15 15 40 53 47 29 14 65 73 48 72 69
1 0 0 0 1 1 4 1 1 0 0 0 0 0 0 0 1 1 0 0 1 0 0 0 0 0 0 0 0 0 0 0 0 0 0 0 2 3 2 2 5 11 8 7 14 11 17 20 28 21 32 18 19 29 40 44 47 50 63 54 36 34 41 39 50 53 57 48 28 27 10 5 3 7 8 16 39 26 18 16 14 10 6 9 8 12 20 31 54 52 24 77 36 25 61 77
1 1 1 2 1 1 1 0 0 2 0 1 0 0 0 1 3 1 0 0 1 0 0 0 0 0 0 0 0 0 0 0 0 0 0 0 1 4 4 9 7 7 13 11 17 14 18 20 23 12 37 25 22 20 32 35 60 61 65 48 25 40 36 52 52 70 64 61 51 32 24 25 25 31 33 46 54 42 28 29 44 50 31 17 21 14 5 11 25 60 42 71 28 29 69 89
1 1 0 0 2 1 5 2 1 1 2 3 1 0 1 4 5 1 0 1 0 1 0 0 0 0 0 0 0 0 0 0 0 0 0 0 1 1 3 4 7 5 6 9 10 13 16 27 22 18 23 28 18 20 31 42 57 50 39 33 33 37 47 49 51 73 68 58 52 30 43 44 45 49 46 47 60 45 44 45 47 47 32 48 49 30 28 8 13 35 33 36 34 22 49 71
1 2 2 1 8 4 6 4 11 4 2 1 0 4 3 2 2 1 0 3 0 1 0 0 0 0 0 0 0 0 0 0 0 0 0 0 1 2 1 4 6 6 2 9 8 9 10 22 13 6 8 21 19 14 22 42 46 34 24 16 20 44 42 42 67 65 58 53 30 27 40 40 43 59 46 59 58 64 43 48 59 52 53 67 59 56 37 12 7 27 22 39 26 10 30 52
2 0 2 1 0 13 3 2 3 8 4 3 0 2 11 2 0 0 2 3 0 2 0 0 0 0 0 0 0 1 0 0 0 0 0 0 0 0 1 1 3 2 4 4 5 2 11 5 9 3 15 9 9 7 16 40 22 22 14 18 19 28 25 46 62 57 53 52 28 45 54 54 38 50 60 58 60 50 42 54 62 58 55 69 43 36 19 17 10 6 9 24 24 7 23 17
1 2 1 3 1 2 11 18 17 6 2 2 1 1 4 7 1 1 8 3 1 3 0 0 0 0 0 0 0 0 0 1 0 0 0 0 0 0 0 1 1 1 1 2 2 1 2 2 1 2 17 2 5 4 17 7 8 15 7 10 10 16 27 46 33 52 45 29 27 40 50 51 29 52 49 53 62 48 41 51 67 57 64 44 30 39 37 45 39 14 3 3 12 10 9 12
3 2 3 2 3 4 6 10 6 16 13 3 12 1 0 0 4 21 16 2 2 1 1 1 1 0 0 0 1 1 0 0 0 0 0 0 0 0 0 1 0 1 1 1 1 1 1 1 1 3 1 1 3 5 2 6 5 4 4 5 5 9 36 26 34 28 20 24 37 46 43 44 39 48 26 37 41 24 35 43 70 41 30 32 45 55 71 55 44 22 14 5 3 6 6 5
5 4 4 4 18 7 32 52 18 8 7 16 14 13 1 0 1 1 1 0 1 2 1 0 0 0 0 0 0 0 0 0 0 0 0 0 0 0 0 0 0 0 1 0 0 0 0 1 0 0 0 1 1 3 2 3 1 2 5 6 5 15 14 19 20 30 18 16 22 36 30 23 24 41 19 12 41 20 28 57 35 40 37 42 74 81 68 50 48 39 20 16 11 3 5 4
