sesion_6_simulaciones/modelos_agentes/ejemplos_netlogo/scenarios/echam4_a2/rob_2077.asc
NCOLS 322 
NROWS 307 
XLLCORNER 451900 
YLLCORNER 4086900 
CELLSIZE 100 
NODATA_value -9999 
[rows 219 to 291 of 307, columns 0 to 95 of 322]
1 1 0 1 1 5 9 3 5 1 2 1 1 0 2 1 2 2 1 1 1 4 2 3 1 6 4 8 4 7 8 23 10 12 21 21 12 11 10 16 8 9 15 23 23 15 18 7 12 13 16 52 62 39 56 67 76 51 70 73 76 86 60 74 58 51 51 51 40 18 32 30 22 26 28 23 17 11 4 3 2 1 1 0 0 1 2 5 3 3 3 1 2 7 19 44
1 1 1 1 3 5 11 8 3 2 4 2 2 2 2 2 2 1 1 1 1 6 2 2 5 5 2 17 12 8 15 24 12 12 24 5 3 6 3 15 12 10 13 14 15 14 14 7 10 21 24 46 50 51 13 27 69 83 82 56 18 15 38 36 81 55 51 66 36 23 25 27 41 23 8 8 4 5 4 3 1 1 0 0 0 3 5 10 11 6 6 6 3 8 25 25
0 0 1 1 2 3 7 5 1 2 2 3 6 5 2 2 1 2 1 1 0 1 10 5 3 1 3 6 7 5 5 9 12 5 10 2 4 4 1 14 8 12 13 12 6 11 22 14 36 49 24 16 19 15 11 15 52 60 58 29 55 40 37 47 43 42 45 31 56 44 45 29 27 26 18 15 8 6 2 1 1 0 0 0 1 5 9 20 30 17 15 8 7 25 33 32
0 0 1 1 2 1 4 5 1 3 2 3 8 2 2 1 1 1 1 1 2 4 6 6 4 4 2 6 8 4 2 7 10 2 5 3 2 4 7 15 4 4 6 5 4 19 7 18 27 60 61 26 19 22 22 12 27 35 23 35 44 30 27 54 39 54 39 51 45 43 39 37 18 14 11 9 5 4 1 1 0 0 0 1 2 7 14 34 33 20 13 16 27 40 60 41
0 1 0 0 1 1 2 7 5 2 2 4 4 2 1 1 1 3 3 3 3 5 3 13 5 5 4 3 6 6 3 3 2 2 6 1 2 2 3 8 7 3 2 4 1 1 5 3 6 32 42 33 34 23 19 21 13 17 33 43 38 60 34 43 60 43 46 51 59 41 23 23 16 11 6 3 3 3 1 1 0 1 1 4 5 9 15 23 46 44 22 30 40 45 12 14
1 1 3 12 3 3 4 6 4 5 6 11 4 2 2 3 2 6 2 2 16 2 2 3 3 2 1 6 4 3 2 2 1 3 2 1 2 2 2 5 2 2 2 13 17 11 10 17 16 10 13 26 18 18 14 14 16 27 31 36 45 54 39 77 77 60 51 43 42 29 21 21 12 10 8 3 2 1 0 0 0 0 3 8 11 22 16 35 61 56 29 42 50 44 15 13
1 3 7 4 17 24 4 4 2 7 10 5 4 2 2 2 1 0 0 5 2 3 6 2 1 3 2 2 2 1 1 1 3 0 1 2 1 2 1 2 2 3 6 3 6 16 14 40 36 22 12 17 11 19 10 13 18 35 32 33 55 38 35 32 45 42 34 35 24 20 20 11 9 8 4 3 1 1 0 0 0 2 7 10 13 34 41 44 71 66 62 61 34 27 17 17
0 0 1 1 8 27 15 1 4 6 9 2 4 4 1 0 0 0 3 12 1 3 3 5 2 2 1 0 1 1 1 2 1 1 2 1 1 2 1 1 5 12 8 4 10 17 23 12 50 58 16 15 6 11 13 22 23 24 30 27 24 21 32 20 21 34 46 31 18 11 9 7 11 4 2 2 1 0 1 1 1 4 12 13 13 36 60 66 67 75 59 38 34 19 16 13
1 1 1 4 5 8 2 2 3 3 5 6 9 2 0 0 2 3 6 11 2 1 2 9 3 1 1 0 1 1 0 1 2 1 0 0 1 2 8 11 2 3 3 24 9 15 38 24 26 9 22 24 23 22 23 29 36 29 32 31 31 18 25 17 19 28 26 12 8 13 8 4 3 2 2 1 0 1 2 3 5 7 15 21 17 33 63 81 68 16 17 11 14 18 12 11
1 1 1 4 4 5 4 3 2 4 5 3 3 1 2 8 6 5 4 6 1 1 1 4 0 0 1 0 1 1 0 0 1 0 0 1 1 0 7 14 6 4 14 16 62 31 12 24 20 18 14 35 32 33 41 41 27 36 22 18 17 6 3 4 14 16 17 11 10 7 6 3 2 2 1 0 1 3 5 7 9 16 19 24 41 47 47 78 49 25 25 20 16 20 13 17
0 0 2 2 2 3 4 3 2 3 2 6 5 5 4 6 3 1 4 2 1 1 0 0 0 1 0 0 1 0 0 0 0 0 2 3 1 2 1 3 5 3 4 5 29 60 30 19 18 22 18 20 22 37 50 56 38 34 13 14 6 6 8 23 25 17 5 5 7 4 1 1 1 1 1 1 6 7 8 12 26 20 35 30 60 65 59 56 34 26 34 50 25 19 13 12
1 1 1 2 3 3 6 1 3 2 1 3 2 6 2 3 2 1 1 6 0 0 0 0 0 0 0 0 0 0 0 0 0 0 0 1 1 6 2 1 7 11 17 14 28 10 18 12 10 16 13 14 26 31 34 39 49 39 37 18 21 18 11 14 21 13 4 5 2 1 1 1 1 1 2 3 8 9 12 20 36 26 46 38 34 71 82 54 39 51 62 50 24 16 14 6
0 1 1 2 1 1 1 4 1 1 1 1 1 1 1 2 2 1 0 1 0 0 0 0 0 0 0 0 0 0 0 0 1 1 0 0 3 1 3 3 2 5 36 45 65 28 11 8 19 23 28 13 21 33 30 38 40 16 26 38 22 15 9 14 8 13 7 3 2 1 1 3 1 2 4 7 12 25 33 43 52 46 49 32 26 43 70 41 33 68 62 36 24 20 15 10
0 0 1 1 1 1 1 2 1 1 1 1 0 1 1 1 3 0 0 0 0 0 0 0 0 0 0 0 0 0 0 0 0 1 1 1 1 2 4 1 4 5 6 16 17 13 19 9 20 15 34 20 21 23 26 50 34 27 11 10 13 9 4 6 2 12 7 6 4 4 3 1 2 4 8 11 16 37 46 58 64 70 51 36 27 29 42 46 58 52 34 22 14 13 22 17
0 0 0 0 0 1 1 0 1 1 1 1 0 1 0 0 0 0 0 0 0 0 0 0 0 0 0 0 0 0 0 0 0 0 0 1 1 1 2 1 3 8 27 14 17 9 12 4 8 12 19 17 21 31 41 30 27 14 6 1 10 21 9 15 15 11 10 10 7 1 1 3 5 10 10 14 22 51 50 68 79 68 57 56 30 33 66 71 60 42 38 28 25 31 27 12
0 0 0 0 0 0 2 2 4 0 0 1 0 1 0 0 1 0 0 0 0 0 0 0 0 0 0 0 0 1 1 0 0 0 1 1 2 3 2 4 8 12 20 29 32 40 55 24 20 39 29 21 22 21 22 25 15 8 6 14 11 27 34 20 11 7 3 2 3 1 3 11 11 13 20 13 31 52 58 70 61 76 61 64 46 76 50 56 41 55 54 55 44 34 25 16
0 0 0 0 0 0 0 1 0 1 0 0 0 0 0 0 0 0 0 0 0 0 0 0 0 0 0 0 0 0 1 5 2 2 4 2 3 2 2 7 16 12 16 38 21 15 21 5 13 32 47 40 24 17 19 21 26 22 44 28 19 21 14 17 8 2 1 0 1 1 10 13 29 18 29 18 23 37 62 69 81 64 66 60 67 47 51 55 34 38 71 64 56 31 26 37
0 0 0 0 0 0 0 0 0 0 0 0 0 0 0 0 0 0 0 0 0 0 0 0 0 0 0 0 0 0 0 1 12 4 11 30 32 11 11 21 4 32 37 31 55 43 51 27 25 35 36 33 42 21 24 47 48 33 26 16 19 33 26 10 1 1 3 3 1 1 4 12 35 43 37 22 30 22 42 43 74 78 73 38 34 74 44 56 60 66 50 58 54 47 37 39
0 0 0 0 0 0 0 0 1 0 0 0 0 0 0 0 0 0 0 0 0 0 0 0 0 0 0 0 0 0 0 0 1 9 7 32 39 41 30 21 26 10 51 54 57 40 71 34 27 34 25 23 15 20 10 11 19 26 25 18 14 12 4 1 1 4 5 2 1 3 10 19 28 45 46 26 30 38 39 39 56 72 67 27 59 58 50 69 76 58 64 62 61 48 63 54
0 0 0 0 0 0 0 0 0 0 0 0 0 0 0 0 0 0 0 0 0 1 0 0 0 0 0 0 0 0 0 1 1 1 1 19 44 13 59 21 28 34 26 60 47 48 35 18 60 46 39 36 43 41 30 20 21 18 16 16 13 4 3 2 4 3 3 2 1 4 9 26 33 53 70 46 34 42 54 54 59 71 38 35 55 22 13 33 54 33 35 57 49 56 43 28
0 0 0 0 0 0 0 0 0 0 0 0 0 0 0 0 0 0 0 0 0 0 1 0 0 0 0 0 0 0 0 0 1 2 2 4 16 40 31 37 40 33 37 48 44 62 54 35 17 43 43 45 41 48 46 26 20 10 14 11 6 5 4 10 3 1 2 1 4 10 18 17 37 44 61 66 39 35 42 65 58 77 27 31 62 25 32 31 27 23 23 41 44 39 17 9
0 0 0 0 0 0 0 0 0 0 0 0 0 0 0 0 0 0 0 0 0 0 0 0 0 0 0 1 0 0 1 1 2 5 5 6 12 34 28 46 12 18 13 23 27 33 10 41 30 28 41 32 32 42 43 44 38 29 23 30 17 13 11 4 2 0 1 4 10 19 27 34 36 40 40 68 72 47 64 41 66 60 44 68 23 30 39 39 51 57 41 49 49 37 20 9
0 0 0 0 0 0 0 0 0 0 0 0 0 0 0 0 0 0 0 0 0 0 0 1 0 0 0 0 0 0 0 1 2 4 7 12 8 7 13 8 19 11 6 7 13 25 24 36 22 23 35 31 31 28 28 30 27 23 20 16 8 5 5 2 1 1 4 9 24 21 27 34 45 36 43 40 81 39 35 57 61 37 44 57 51 46 38 68 70 35 42 38 32 16 10 8
0 0 0 0 0 0 0 0 0 0 0 0 0 0 0 0 0 0 0 0 0 0 0 0 0 0 0 0 0 0 1 1 1 4 5 13 17 10 8 5 5 9 13 15 27 28 25 15 21 33 30 28 24 30 27 28 25 12 11 8 6 3 1 1 3 4 11 19 21 28 45 24 14 45 73 55 71 43 43 50 55 48 38 46 38 25 29 57 54 54 32 30 25 16 12 5
0 0 0 0 0 0 0 0 0 0 0 0 0 0 0 0 0 0 0 0 0 0 0 0 1 0 0 0 0 0 1 1 3 5 6 13 16 37 26 9 11 7 9 11 17 14 20 14 11 22 21 30 32 29 20 19 15 11 10 9 6 3 1 3 3 9 24 21 25 33 39 39 27 45 61 45 59 67 41 42 45 53 55 55 38 51 38 48 56 53 45 40 22 20 11 10
0 0 0 0 0 0 0 0 0 0 0 0 0 0 0 1 0 0 0 0 0 0 0 0 0 0 1 2 4 1 1 2 3 6 9 10 15 28 41 39 18 13 16 23 26 18 12 17 33 24 37 40 22 18 28 20 27 19 9 7 4 3 3 5 3 17 25 38 50 52 42 44 32 44 73 40 21 51 73 40 63 54 54 47 37 36 12 36 56 54 36 22 22 21 28 27
0 0 0 0 0 0 0 0 0 0 0 0 0 0 0 0 0 0 0 0 0 0 0 0 0 0 0 0 1 3 5 4 5 10 12 9 19 36 49 42 24 21 20 31 33 43 25 45 31 20 11 13 21 24 9 14 12 12 5 7 7 4 3 9 14 25 30 51 59 58 52 57 41 48 61 66 25 35 45 42 43 25 24 14 23 38 21 29 41 37 35 29 30 30 29 24
0 0 0 0 0 0 0 0 0 0 0 0 0 0 0 0 0 0 0 0 0 0 0 0 0 0 0 0 0 5 3 13 23 9 15 18 13 25 42 48 59 52 39 26 43 60 34 39 36 24 24 28 17 28 17 11 14 17 19 13 7 2 7 13 22 24 30 55 54 68 57 65 38 40 53 66 41 17 46 25 20 12 24 20 25 12 13 24 49 53 35 35 39 40 32 15
0 0 0 0 0 0 0 0 0 0 0 0 0 0 0 0 0 0 0 0 0 0 0 0 0 0 0 0 0 0 1 1 11 10 17 15 10 27 27 24 20 17 15 20 27 53 33 34 32 34 28 23 16 11 8 16 23 19 13 11 4 2 6 8 19 36 52 53 47 58 79 56 59 36 29 58 36 55 29 17 22 17 17 20 32 17 31 41 39 24 32 47 54 40 31 13
0 0 0 0 0 0 0 0 0 0 0 0 0 0 0 0 0 0 0 0 0 0 0 0 0 0 0 0 1 1 1 3 3 3 2 5 10 18 13 20 10 13 8 15 19 23 25 39 24 23 23 24 30 26 8 14 17 23 18 7 2 1 2 13 16 31 28 26 30 32 53 70 76 31 19 38 18 47 15 25 15 16 11 23 30 36 42 21 39 38 47 58 38 31 20 13
0 0 0 0 0 0 0 0 0 0 0 0 0 0 0 0 0 0 0 0 0 0 0 0 0 0 1 1 1 1 1 1 4 6 5 5 17 22 24 22 27 23 41 36 23 28 31 39 36 28 14 23 21 18 23 21 20 12 8 4 1 2 4 9 23 31 40 56 41 25 37 40 54 57 32 25 40 29 19 24 9 23 29 20 13 33 44 39 58 64 44 44 28 19 15 22
0 0 0 0 0 0 0 0 0 0 0 0 0 0 0 0 0 0 0 0 0 0 0 0 1 5 2 0 1 3 5 2 7 7 8 8 17 30 26 25 37 30 26 28 29 30 48 58 41 33 38 34 44 45 32 15 12 13 9 4 1 7 5 12 31 37 53 62 58 36 25 27 42 53 52 25 48 25 26 32 34 18 27 40 37 40 54 51 47 60 62 37 39 32 15 18
0 0 0 0 0 0 0 0 0 0 0 0 0 0 0 0 0 0 0 0 0 0 0 0 1 8 3 1 0 1 3 3 2 4 7 7 10 16 15 38 55 28 38 40 54 53 48 56 48 43 49 58 45 32 33 26 24 13 9 4 2 8 10 23 36 50 69 60 39 38 35 39 38 22 13 58 50 27 23 22 18 23 43 40 47 59 59 72 62 59 40 30 28 31 24 17
0 0 0 0 0 0 0 0 0 0 0 0 0 0 0 0 0 0 0 0 0 0 0 3 1 1 2 2 1 2 6 6 3 2 5 4 12 17 26 28 26 26 60 54 66 61 46 37 37 36 19 35 44 29 23 22 13 11 10 4 2 9 10 30 47 56 62 57 51 56 47 38 60 49 41 29 38 40 15 21 29 38 44 29 44 50 54 44 62 39 29 27 41 29 24 21
0 0 0 0 0 0 0 0 0 0 0 0 0 0 0 0 0 0 0 0 0 0 0 1 0 0 2 5 6 22 38 4 12 7 5 3 7 41 25 31 54 10 18 9 14 36 25 44 30 37 34 39 40 38 20 14 14 13 11 4 3 13 16 29 55 73 59 53 40 71 77 29 55 65 56 40 21 27 22 15 24 24 33 55 48 46 37 37 46 44 45 51 45 43 22 10
0 0 0 0 0 0 0 0 0 0 0 0 0 0 0 0 0 0 0 0 0 0 0 1 0 0 0 2 4 3 15 36 8 17 20 18 22 25 19 23 38 43 32 43 44 32 38 57 49 50 47 30 27 26 24 20 20 21 16 6 8 20 44 49 58 60 57 53 39 36 56 67 29 46 53 47 32 16 37 26 39 47 33 28 46 46 39 32 39 64 59 56 36 23 24 9
0 0 0 0 0 0 0 0 0 0 0 0 0 0 0 0 0 0 0 0 0 0 0 1 0 0 0 0 1 4 1 8 14 11 41 34 20 6 8 7 18 29 26 35 50 59 48 33 53 49 37 50 47 31 24 35 20 18 18 6 13 30 52 63 72 71 50 42 64 53 32 24 51 51 36 37 27 24 50 50 18 17 23 32 35 31 49 42 51 37 40 27 18 19 11 10
0 0 0 0 0 0 0 0 0 0 0 0 0 0 0 0 0 0 0 0 0 0 0 1 1 0 0 1 2 2 2 1 1 3 4 5 6 6 8 5 5 12 11 16 39 43 37 55 57 55 52 50 48 44 42 39 33 20 16 5 21 37 50 71 73 65 50 57 54 70 42 41 18 14 24 19 40 36 20 31 25 40 40 52 48 41 58 56 36 26 27 29 19 8 10 12
0 0 0 0 0 0 0 0 0 0 0 0 0 0 0 0 0 0 0 0 0 0 1 1 0 0 0 1 1 3 5 2 6 11 17 14 16 15 17 9 9 9 35 47 54 36 46 47 54 58 58 51 50 49 43 40 34 23 11 4 10 32 64 72 62 73 50 56 52 42 76 42 25 14 8 42 16 36 28 32 38 56 62 55 47 61 53 47 31 28 28 27 16 12 17 20
0 0 0 0 0 0 0 0 0 0 0 0 0 0 0 1 0 0 0 0 0 0 1 1 0 1 0 1 2 4 2 9 8 6 10 14 11 14 7 13 35 47 26 29 27 39 40 40 55 50 61 59 53 47 45 43 27 23 13 9 9 20 43 69 83 67 45 56 48 38 26 38 38 7 4 16 26 47 46 39 42 46 54 64 58 42 52 40 59 39 27 23 10 20 12 39
0 0 0 0 0 0 0 0 0 0 0 0 0 0 1 0 0 0 0 0 0 0 1 1 1 0 1 1 1 1 2 15 5 6 9 14 16 10 19 21 45 41 40 39 46 49 53 49 64 59 62 56 55 49 48 31 25 21 23 11 14 21 44 57 72 55 65 67 50 63 51 42 33 9 9 19 24 28 41 36 35 38 39 48 42 42 43 53 61 57 32 30 23 29 25 45
0 0 0 0 0 0 0 0 0 0 0 0 0 1 0 0 0 0 0 0 0 0 0 0 0 0 2 0 1 1 4 3 7 13 11 13 15 19 28 25 24 34 43 51 51 58 53 67 63 47 43 46 45 52 54 37 31 24 21 9 16 26 43 51 60 49 41 55 67 47 59 36 40 10 17 30 25 41 25 24 32 37 30 28 31 35 38 41 39 48 46 43 21 38 45 38
0 0 0 0 0 0 0 0 0 0 0 0 0 0 0 0 0 0 0 0 0 0 0 0 0 1 0 1 1 4 6 8 8 10 9 11 21 23 30 28 36 46 54 41 38 57 62 64 52 52 50 52 47 41 40 50 45 27 14 10 17 35 48 51 48 49 38 38 60 69 50 35 26 43 38 11 10 15 27 29 29 35 39 38 30 41 29 47 40 34 43 39 21 37 37 32
0 0 0 0 0 0 0 0 0 0 0 0 0 0 0 0 0 0 0 0 0 0 0 0 1 0 0 1 6 1 1 2 6 7 10 16 20 21 23 24 29 44 33 43 61 53 61 68 48 56 52 50 45 33 37 45 29 28 26 12 13 25 59 58 61 47 41 33 29 27 29 27 20 27 3 10 15 18 17 20 28 26 26 46 39 44 40 42 37 37 41 23 24 41 33 42
0 0 0 0 0 0 0 0 0 0 0 0 0 0 0 0 0 0 0 0 0 0 1 1 0 0 1 1 1 1 2 3 6 5 9 13 17 19 16 44 27 24 32 52 23 43 63 67 68 65 37 42 40 50 51 40 33 38 26 12 6 21 33 52 52 47 73 45 41 35 23 9 18 22 9 17 23 17 19 21 29 29 37 41 43 19 25 21 30 50 40 17 33 47 46 44
0 0 0 0 0 0 0 0 0 0 0 0 0 0 0 0 0 0 0 0 0 0 0 0 0 1 0 1 1 1 2 3 2 5 6 14 9 10 27 21 18 35 53 24 46 49 52 62 54 42 39 52 55 55 53 54 49 44 30 17 10 20 43 43 45 60 67 75 33 40 24 10 8 28 28 8 19 25 35 19 24 27 41 40 29 13 37 35 32 25 18 8 36 46 42 40
0 0 0 0 0 0 0 0 0 0 0 0 0 0 0 0 0 0 0 0 0 0 0 0 1 0 0 0 1 1 3 2 2 7 7 8 8 16 23 30 16 16 29 39 38 47 37 45 48 51 51 64 63 43 48 49 51 35 34 20 13 34 37 49 53 52 61 59 47 41 22 21 17 26 12 9 12 17 22 28 21 53 46 25 34 46 38 33 21 12 11 24 40 46 40 42
0 0 0 0 0 0 0 0 0 0 0 0 0 0 0 0 0 0 0 0 0 0 0 0 0 0 0 1 1 1 1 1 2 3 5 3 15 15 22 12 8 11 20 34 47 46 47 53 59 62 60 61 50 42 37 37 36 37 35 32 21 37 47 55 60 55 45 29 44 50 32 7 10 19 7 10 30 34 34 43 40 30 35 35 40 47 25 31 19 16 18 34 38 37 28 38
0 0 0 0 0 0 0 0 0 0 0 0 0 0 0 0 0 0 0 0 0 0 0 0 0 0 0 2 1 0 1 1 4 3 7 3 2 2 2 8 10 24 38 48 54 51 48 55 45 63 49 48 58 42 48 34 33 34 34 34 24 48 52 49 56 47 38 16 28 34 28 10 16 14 8 5 12 37 39 41 47 24 34 38 37 43 25 22 37 19 34 34 18 41 37 36
0 0 0 0 0 0 0 0 0 0 0 0 0 0 0 0 0 0 0 0 0 0 0 0 0 0 0 1 0 1 3 2 1 8 1 1 4 7 10 11 25 35 32 44 52 61 58 57 46 51 51 52 55 55 53 50 45 37 35 21 39 49 60 71 57 47 32 29 31 23 26 8 12 11 19 12 14 19 35 44 36 45 32 40 42 38 31 11 17 31 28 17 24 29 50 34
0 0 0 0 0 0 0 0 0 0 0 0 0 0 0 0 0 0 0 0 0 0 0 0 0 0 0 0 1 1 1 1 1 1 0 1 2 4 9 42 24 25 37 44 49 58 47 47 45 38 47 51 54 43 52 41 48 49 34 35 41 62 49 56 50 40 31 38 28 17 25 16 7 10 19 11 17 21 23 28 40 36 28 31 39 30 18 7 15 39 20 25 35 30 47 28
0 0 0 0 0 0 0 0 0 0 0 0 0 0 0 0 0 0 0 0 0 0 0 0 0 0 0 0 0 0 1 5 2 0 1 2 2 7 13 17 20 32 40 29 36 41 48 51 40 47 46 50 52 53 54 52 51 50 37 37 37 41 44 39 48 57 37 54 41 21 9 7 14 8 16 21 15 18 16 22 34 30 29 39 43 32 15 8 30 29 30 47 46 30 38 24
0 0 0 0 0 0 0 0 0 0 0 0 0 0 0 0 0 0 0 0 0 0 0 0 0 0 0 0 1 0 2 1 0 0 2 1 2 2 5 22 27 22 17 54 50 31 43 50 49 48 47 49 50 51 52 53 52 36 35 37 38 57 31 33 25 38 55 48 31 23 19 15 5 9 7 11 7 11 24 32 27 35 30 46 46 14 9 28 22 30 43 43 35 19 30 28
0 0 0 0 0 0 0 0 0 0 0 0 0 0 0 0 0 0 0 0 0 0 0 0 0 0 0 0 1 1 1 0 0 1 1 6 2 3 8 14 19 17 34 16 25 24 42 58 45 47 48 50 51 49 52 52 37 27 39 49 38 53 38 39 33 34 35 61 17 9 4 9 5 3 4 11 18 18 17 22 26 30 49 46 20 13 21 31 30 24 28 33 41 28 29 27
0 0 0 0 0 0 0 0 0 0 0 0 0 0 0 0 0 0 0 0 0 0 0 0 0 0 0 1 1 0 0 0 0 0 2 3 4 3 4 7 10 19 17 13 20 54 44 41 42 58 49 47 50 49 51 49 34 25 45 45 61 61 40 33 22 36 36 27 33 7 4 3 4 8 7 19 14 19 19 30 24 33 26 20 14 22 32 37 26 40 33 22 23 25 20 15
0 0 0 0 0 0 0 0 0 0 0 0 0 0 0 0 0 0 0 0 0 0 0 0 0 0 0 1 0 0 0 0 1 1 3 2 3 3 3 2 4 12 28 23 33 29 36 42 55 44 50 59 31 47 47 35 19 41 49 47 72 54 34 39 26 22 23 23 15 2 6 3 3 6 9 13 15 21 28 27 26 37 18 25 18 30 37 35 25 25 29 19 18 23 27 19
0 0 0 0 0 0 0 0 0 0 0 0 0 0 0 0 0 0 0 0 0 0 0 0 0 0 0 0 0 0 0 0 1 1 3 3 1 2 2 3 7 11 18 36 23 26 30 56 39 40 60 48 50 49 34 33 21 39 56 53 53 54 31 33 34 28 17 8 12 1 3 6 8 5 7 11 22 22 37 42 32 32 13 11 17 32 39 36 41 32 26 25 17 18 31 22
0 0 0 0 0 0 0 0 0 0 0 0 0 0 0 0 0 0 0 0 0 0 0 0 0 0 0 0 0 0 1 0 1 2 0 0 2 1 2 3 4 9 16 26 30 23 46 28 51 60 39 42 50 47 36 31 19 37 58 49 41 38 18 19 27 8 13 6 5 1 1 7 2 6 8 14 19 37 64 41 41 17 11 15 27 33 31 33 20 14 19 31 13 12 22 40
0 0 0 0 0 0 0 0 0 0 0 0 0 0 0 0 0 0 0 0 0 0 0 0 0 0 0 0 0 0 1 0 1 0 0 1 1 1 1 4 6 9 15 20 20 16 30 40 42 42 50 41 43 46 45 27 27 35 56 62 42 30 19 12 23 15 4 3 6 1 3 3 3 6 9 17 41 17 25 36 15 10 14 28 25 34 40 30 15 17 22 10 6 8 13 32
0 0 0 0 0 0 0 0 0 0 0 0 0 0 0 0 0 0 0 0 0 0 0 0 0 0 0 0 0 0 1 0 3 1 0 0 1 1 1 1 2 8 6 10 21 10 10 10 22 30 42 40 39 46 30 18 31 43 52 42 54 30 11 9 9 9 4 1 3 0 0 1 3 7 13 26 31 38 36 37 18 9 16 24 24 46 45 34 22 16 18 18 13 7 12 19
0 0 0 0 0 0 0 0 0 0 0 0 0 0 0 0 0 0 0 0 0 0 0 0 0 0 0 0 0 0 0 0 0 0 0 1 0 1 1 1 4 5 4 13 5 9 12 21 26 41 33 44 42 30 24 16 27 40 58 36 30 12 10 13 7 3 4 1 2 0 1 1 2 2 17 36 39 35 22 24 8 14 23 24 25 46 34 10 16 24 12 23 8 9 12 21
0 0 0 0 0 0 0 0 0 0 0 0 0 0 0 0 0 0 0 0 0 0 0 0 0 0 0 0 0 0 0 0 0 0 0 0 1 1 1 2 2 4 8 4 7 8 20 21 32 25 29 36 40 26 12 23 30 58 43 28 19 14 5 14 5 2 2 3 1 0 2 4 7 13 22 27 24 14 15 7 10 22 20 23 21 44 39 8 7 20 11 22 9 9 12 31
0 0 0 0 0 0 0 0 0 0 0 0 0 0 0 0 0 0 0 0 0 0 0 0 0 0 0 0 0 0 0 0 0 0 1 0 0 1 2 1 4 4 3 6 6 13 18 29 35 27 40 31 22 26 17 33 25 48 44 13 14 9 4 2 3 2 2 1 1 2 3 2 5 9 10 25 20 16 6 20 12 23 26 31 24 36 39 11 11 12 5 23 9 10 10 16
0 0 0 0 0 0 0 0 0 0 0 0 0 0 0 0 0 0 0 0 0 0 0 0 0 0 0 0 0 0 0 0 1 0 0 0 0 1 1 3 6 4 7 3 7 16 25 17 19 37 32 24 21 25 15 33 40 24 23 15 5 5 4 1 3 3 1 0 1 2 2 3 8 9 22 11 20 19 11 22 22 16 20 27 16 16 19 17 20 9 9 27 8 8 6 11
0 0 0 0 0 0 0 0 0 0 0 0 0 0 0 0 0 0 0 0 0 0 0 0 0 0 0 0 0 0 0 1 0 0 0 0 0 0 1 2 2 1 9 6 8 17 7 13 26 23 20 20 18 17 22 24 28 29 12 8 3 2 2 2 1 2 1 0 1 3 2 5 8 16 17 18 24 24 18 17 19 22 21 21 15 9 15 13 12 11 10 20 8 6 9 9
0 0 0 0 0 0 0 0 0 0 0 0 0 0 0 0 0 0 0 0 0 0 0 0 0 0 0 0 0 0 0 2 0 0 0 0 0 0 0 1 1 2 6 8 7 10 11 12 15 17 16 17 14 14 23 13 21 17 11 3 4 1 2 1 1 0 0 0 0 1 2 10 16 10 12 15 16 5 10 14 14 23 17 17 8 16 25 23 13 10 7 9 13 3 8 9
0 0 0 0 0 0 0 0 0 0 0 0 0 0 0 0 0 0 0 0 0 0 0 0 0 0 0 0 0 0 0 0 0 0 0 0 0 0 1 0 1 1 4 2 8 5 7 5 13 18 10 13 10 9 13 17 16 14 7 3 2 3 1 1 0 0 0 1 1 1 2 8 11 8 9 11 4 8 15 12 14 20 18 10 10 10 15 17 11 9 5 8 10 3 3 10
0 0 0 0 0 0 0 0 0 0 0 0 0 0 0 0 0 0 0 0 0 0 0 0 0 0 0 0 0 0 0 0 0 0 0 0 0 0 1 1 0 1 4 3 4 5 5 10 10 12 11 8 8 18 15 7 17 4 3 1 2 1 0 0 0 0 0 1 1 1 3 8 15 17 21 7 7 7 12 16 19 10 13 7 11 14 13 11 7 7 5 4 8 7 2 4
0 0 0 0 0 0 0 0 0 0 0 0 0 0 0 0 0 0 0 0 0 0 0 0 0 0 0 0 0 0 0 0 0 0 0 0 0 0 2 1 0 2 1 3 3 3 6 3 6 7 6 7 5 16 12 5 5 2 2 2 0 0 0 0 0 0 0 0 1 1 3 6 12 27 17 5 6 11 8 20 17 10 8 9 4 9 11 9 6 7 2 4 4 3 2 2
0 0 0 0 0 0 0 0 0 0 0 0 0 0 0 0 0 0 0 0 0 0 0 0 0 0 0 0 0 0 0 0 0 0 0 0 0 0 2 1 0 3 0 3 1 1 2 2 4 5 6 4 3 8 6 14 1 1 1 0 0 0 0 0 0 0 0 0 1 1 4 7 6 24 11 5 11 12 8 9 13 7 6 5 5 7 7 11 6 3 2 3 4 1 2 1
0 0 0 0 0 0 0 0 0 0 0 0 0 0 0 0 0 0 0 0 0 0 0 0 0 0 0 0 0 0 0 0 0 0 0 0 0 0 0 1 0 1 1 1 0 2 1 3 4 2 4 3 4 3 4 5 2 1 0 0 0 0 0 0 0 0 0 0 1 1 3 6 10 10 5 9 9 7 7 5 5 8 7 5 3 5 7 5 7 2 1 5 2 2 1 1
0 0 0 0 0 0 0 0 0 0 0 0 0 0 0 0 0 0 0 0 0 0 0 0 0 0 0 0 0 0 0 0 0 0 0 0 0 0 0 1 1 1 1 0 0 1 1 2 2 1 2 2 2 1 2 3 3 1 0 0 0 0 0 0 0 0 0 1 1 3 7 6 10 3 9 6 7 11 8 5 3 4 4 4 4 8 1 5 2 1 1 4 1 3 1 1
0 0 0 0 0 0 0 0 0 0 0 0 0 0 0 0 0 0 0 0 0 0 0 0 0 0 0 0 0 0 0 0 0 0 0 0 0 0 0 0 1 1 0 0 0 1 2 1 1 0 1 2 1 2 1 1 1 0 0 0 0 0 0 0 0 0 0 1 2 2 5 13 1 2 4 4 6 4 3 2 3 1 3 3 3 1 3 2 2 1 1 2 1 2 1 0
