sesion_6_simulaciones/modelos_agentes/ejemplos_netlogo/scenarios/echam4_a2/rob_2043.asc
NCOLS 322 
NROWS 307 
XLLCORNER 451900 
YLLCORNER 4086900 
CELLSIZE 100 
NODATA_value -9999 
[rows 74 to 147 of 307, columns 96 to 191 of 322]
26 59 39 21 20 24 23 51 22 24 18 63 34 73 66 50 14 7 10 15 52 50 29 16 17 5 5 1 5 10 4 4 5 10 4 2 2 3 8 2 2 3 6 2 3 7 9 1 2 7 5 21 41 28 27 12 20 27 45 29 25 76 64 49 56 61 38 52 62 64 54 65 50 66 39 40 56 64 46 41 22 45 61 49 30 14 15 17 9 12 8 7 6 3 0 0
31 35 30 22 16 20 27 42 24 38 44 32 16 27 34 58 37 41 54 69 88 55 55 36 12 19 5 3 7 2 5 42 12 11 15 9 3 2 3 1 3 13 18 9 24 12 12 28 37 5 7 4 8 29 8 10 22 41 30 17 38 42 67 53 57 39 36 47 60 68 42 78 44 52 46 31 57 32 23 51 52 44 20 20 29 27 22 17 24 21 28 25 12 8 3 1
43 27 24 25 17 30 16 46 22 44 51 18 25 48 38 31 41 67 47 69 76 79 72 66 21 12 8 3 6 8 29 38 25 15 16 18 16 4 7 10 4 3 5 3 5 20 7 18 16 16 4 3 7 6 9 12 21 40 19 25 27 16 48 47 52 32 51 39 74 56 31 62 55 46 53 49 29 18 72 46 33 32 51 37 52 54 49 57 56 36 37 33 17 11 6 4
44 17 36 30 22 19 23 34 29 33 69 32 34 30 33 46 68 42 66 62 81 84 61 46 54 8 6 10 18 17 29 11 26 10 23 5 30 14 8 16 4 2 2 2 6 9 25 32 17 38 30 18 11 2 4 6 20 10 11 8 19 11 39 36 36 22 47 45 54 25 21 27 53 24 50 28 27 34 59 36 48 44 41 58 74 69 74 55 50 58 34 32 16 13 8 7
44 25 32 33 40 20 26 31 13 52 70 60 39 27 46 43 51 64 79 51 49 62 70 77 35 25 31 42 54 28 25 14 21 22 4 9 13 16 15 20 13 2 2 4 8 12 30 29 12 51 43 30 33 20 19 5 6 6 9 6 12 10 6 18 11 19 20 33 25 12 16 16 46 32 18 7 36 43 35 36 58 75 82 74 77 76 51 59 62 36 38 22 15 17 14 21
58 60 22 54 59 34 13 34 13 34 31 63 48 35 38 8 46 82 52 56 56 37 64 73 40 27 68 71 65 59 68 28 6 7 7 27 29 7 11 15 24 4 4 8 11 12 24 65 56 53 46 44 53 18 43 34 25 7 4 2 9 16 5 7 8 14 12 21 6 6 20 27 28 22 56 51 22 18 47 65 69 71 69 69 59 70 69 77 56 35 32 20 17 26 42 22
80 84 64 61 23 19 14 13 12 42 21 13 48 58 16 38 74 48 35 32 48 23 13 54 61 67 72 65 71 55 78 66 24 23 28 45 20 17 3 10 29 16 5 9 19 41 21 20 60 38 49 72 57 42 54 25 32 48 34 30 34 8 28 11 6 3 13 21 23 31 20 3 4 7 13 49 53 64 38 67 67 52 74 59 55 57 71 75 58 49 44 29 60 55 18 16
63 59 72 18 14 16 23 18 16 23 24 5 14 26 32 43 23 56 56 43 36 46 11 21 61 77 71 44 38 58 42 31 55 50 47 42 52 44 15 12 41 33 6 8 31 23 14 9 28 16 62 69 47 80 65 34 60 33 23 25 48 14 26 32 23 13 26 30 51 19 31 9 8 9 18 10 20 62 61 64 43 59 74 66 47 57 78 66 59 52 52 56 69 51 20 39
74 73 62 31 28 33 39 27 14 20 32 4 16 31 37 24 23 71 50 35 44 73 42 40 65 92 63 17 41 43 30 33 11 18 75 48 24 23 18 30 54 43 18 12 22 18 17 22 24 48 50 78 80 84 61 59 63 40 57 37 48 34 34 26 23 28 13 18 44 21 47 62 43 31 18 21 21 14 50 75 83 48 66 60 43 77 62 45 57 70 58 74 50 43 32 63
29 49 67 64 12 13 33 34 45 24 23 8 27 55 38 13 22 81 34 52 43 44 31 68 46 55 33 46 56 44 33 34 18 51 85 63 47 20 15 44 26 12 23 10 15 11 14 20 22 31 27 71 69 83 67 64 75 46 63 59 48 54 27 28 29 20 46 21 39 54 68 66 46 27 30 16 17 28 18 67 62 60 33 62 74 39 48 50 62 53 60 48 33 42 43 81
16 24 34 43 52 13 26 16 13 39 35 15 25 47 40 24 35 78 47 46 27 19 72 74 65 55 28 62 59 44 22 13 58 88 85 82 74 33 44 47 37 8 23 15 20 29 25 17 25 9 6 33 76 86 60 68 59 60 79 71 53 37 23 16 51 26 65 43 35 55 70 65 27 21 31 26 32 31 25 32 67 80 74 50 29 62 72 72 61 72 30 48 47 65 46 77
12 19 32 19 43 46 33 30 16 29 48 12 26 55 35 47 39 50 58 69 65 20 44 51 81 70 65 68 67 71 44 80 89 79 76 86 80 43 35 55 31 11 23 18 20 30 29 20 25 17 23 35 77 81 58 47 54 84 78 78 50 23 38 48 67 50 78 69 56 35 74 55 59 48 42 32 30 36 29 26 41 74 63 76 71 41 68 31 69 37 34 59 46 77 48 62
9 6 4 4 13 29 13 7 12 22 27 15 38 60 42 16 35 30 53 66 74 65 31 37 41 45 74 86 60 61 78 85 86 72 78 76 63 77 54 59 37 62 42 49 26 36 45 48 34 33 22 40 66 89 68 50 79 68 82 73 50 37 37 48 78 58 72 67 58 38 62 51 41 15 37 24 11 30 31 20 11 59 74 66 49 84 60 57 60 58 57 68 73 77 78 45
7 4 0 1 12 12 3 5 9 17 9 25 56 49 17 9 19 26 53 55 68 87 56 31 26 38 77 76 84 43 84 71 69 69 88 83 63 78 52 62 52 87 38 66 45 38 36 25 28 26 23 18 45 82 69 77 67 79 89 66 42 44 54 69 72 58 65 63 50 17 22 30 52 48 54 32 15 27 34 40 49 13 62 69 64 76 83 86 92 73 85 87 75 44 78 33
10 10 3 1 10 7 4 8 12 9 15 25 37 41 14 6 43 39 34 40 49 62 75 74 55 38 60 70 83 78 75 86 83 55 57 46 49 75 32 44 89 76 57 41 29 43 31 41 47 52 52 25 33 61 60 68 67 81 82 67 60 72 70 73 77 40 62 66 51 25 23 45 61 53 35 63 25 21 30 38 45 30 20 60 66 85 77 51 53 67 67 83 75 45 57 67
12 5 5 2 4 3 2 17 9 8 7 14 56 30 10 5 37 22 33 46 48 62 70 68 71 45 49 27 47 74 64 70 74 66 65 63 48 39 53 86 52 71 36 22 35 62 46 48 56 59 47 44 27 32 30 53 67 72 81 62 50 61 61 83 78 52 60 75 32 12 14 38 34 45 79 64 33 34 15 45 35 50 49 19 56 78 77 74 74 67 49 46 62 41 27 47
6 6 2 2 1 1 1 9 9 4 17 33 51 47 10 5 20 5 22 60 59 62 29 39 66 53 53 42 67 90 83 78 55 69 52 34 41 33 66 43 42 40 21 54 78 57 50 53 42 33 32 31 27 25 10 16 49 65 81 50 67 64 83 88 87 51 77 62 51 28 17 29 52 69 88 41 32 62 24 39 38 46 57 40 18 63 67 50 33 47 43 41 32 45 44 41
14 11 6 3 2 1 1 2 7 9 12 38 25 17 23 9 24 6 3 15 20 53 33 30 30 19 38 56 79 88 68 75 78 74 67 41 23 36 76 23 53 56 68 77 79 55 72 33 24 34 62 59 66 63 57 25 10 8 38 49 53 65 81 88 87 61 90 66 64 52 28 31 51 86 70 30 61 55 30 26 47 55 55 46 35 11 31 52 44 44 27 41 62 69 55 54
7 5 2 2 1 1 1 0 3 9 15 20 18 7 7 3 23 8 4 24 19 27 16 24 33 30 27 55 29 57 64 63 65 56 19 31 44 47 52 28 67 67 82 69 62 46 79 70 72 55 58 54 54 37 44 16 7 8 10 36 63 83 77 86 79 53 79 74 40 31 36 56 49 70 42 51 76 61 53 64 52 57 44 42 47 32 10 18 22 29 46 57 64 67 61 49
3 3 3 2 2 1 1 1 1 2 8 15 14 12 5 3 23 6 2 12 9 10 14 19 15 33 32 41 30 10 24 29 24 20 42 48 66 79 53 52 31 67 92 62 39 77 70 59 76 58 58 46 32 39 38 44 24 11 12 56 79 75 84 88 84 81 76 83 68 28 46 37 41 20 31 72 65 31 53 33 42 43 40 39 47 34 41 18 7 31 50 68 76 67 61 35
6 2 6 8 4 4 3 3 2 2 5 9 7 6 5 2 10 4 1 5 9 8 6 8 11 22 25 25 28 21 9 7 11 32 39 71 80 56 60 69 48 83 88 60 72 68 64 41 85 62 72 57 67 71 70 54 36 14 16 28 71 64 83 84 79 72 78 83 73 46 31 46 51 47 50 56 67 82 40 50 33 26 48 40 27 44 59 52 20 19 24 23 32 39 43 35
19 16 10 18 14 10 10 8 4 1 2 4 3 4 3 4 3 2 2 4 4 5 2 4 8 11 15 17 17 33 5 7 12 31 78 82 62 43 69 75 64 73 80 65 58 68 62 56 83 67 56 71 58 66 66 53 37 17 11 15 20 61 77 80 71 64 80 73 50 19 30 58 31 52 74 66 74 50 25 63 37 36 44 43 69 51 33 38 47 44 38 15 9 9 14 18
29 14 25 22 26 18 22 12 6 4 1 1 1 2 3 2 3 2 1 1 4 4 2 2 2 3 17 13 12 5 9 4 18 69 64 65 28 59 84 68 51 53 64 27 35 83 54 77 82 77 56 70 80 53 28 30 33 34 27 16 20 34 55 66 66 64 47 54 28 25 44 46 40 59 69 77 60 45 54 61 54 29 46 74 71 67 49 44 49 50 59 50 30 11 5 11
32 34 38 22 33 25 17 14 11 10 9 3 2 1 1 1 2 2 1 1 2 1 1 1 1 2 11 17 9 6 11 2 30 55 40 24 34 74 86 72 38 43 42 32 77 67 49 53 87 86 47 53 53 69 52 32 9 16 20 28 24 32 25 33 22 42 49 46 20 40 54 53 47 46 68 62 54 62 33 18 56 51 58 69 72 57 54 47 35 42 53 45 37 16 13 4
45 30 42 44 37 24 20 25 12 13 8 6 5 2 1 0 1 1 1 1 1 1 1 1 1 2 3 11 2 3 9 3 15 34 15 22 33 52 50 57 43 47 27 67 72 29 55 89 85 78 78 35 21 28 22 26 11 13 26 38 23 35 24 15 15 28 23 20 18 46 45 63 36 60 66 59 74 40 46 32 58 33 33 38 48 67 66 48 38 30 49 40 43 34 28 10
33 23 47 47 20 26 11 13 26 17 10 10 7 6 3 1 0 0 0 0 0 0 1 1 0 1 1 1 1 14 5 2 3 5 9 30 37 49 82 60 53 37 52 52 50 46 51 89 83 74 93 69 43 55 49 27 12 8 5 13 39 25 19 10 13 26 18 15 24 36 54 59 53 28 36 36 47 43 41 48 13 60 45 54 56 64 59 62 68 48 47 48 49 55 29 19
19 35 70 45 40 21 40 19 31 27 13 11 8 3 2 2 2 1 1 1 1 1 1 0 0 0 0 1 2 12 1 3 3 3 12 33 39 12 36 32 44 36 36 51 38 44 65 86 81 81 85 85 44 28 23 18 15 20 13 3 5 11 11 11 11 17 13 15 16 34 46 61 55 58 19 32 50 43 24 28 48 34 28 57 62 60 63 70 60 72 59 67 64 58 38 29
26 43 63 39 36 33 19 22 33 22 18 15 9 8 3 5 2 4 3 3 2 3 1 1 2 1 0 0 1 5 1 2 4 4 10 14 13 16 12 6 31 44 25 20 31 71 82 82 74 65 79 78 59 44 46 53 43 27 20 6 2 9 7 5 10 8 8 11 24 33 31 42 39 37 48 44 36 55 84 81 71 73 50 54 51 51 57 65 75 64 77 71 62 60 55 49
28 58 25 30 37 28 26 16 28 27 10 7 15 6 5 3 4 5 5 5 5 4 4 3 2 3 1 0 1 2 1 1 3 5 8 8 10 16 16 6 14 48 31 12 39 53 84 74 36 31 42 67 81 73 53 47 36 24 11 5 2 9 5 3 4 6 8 18 25 34 33 38 44 59 71 73 66 83 81 78 70 52 38 29 30 53 73 66 64 69 76 76 74 74 64 55
58 23 31 26 20 32 30 19 10 11 16 16 15 13 5 7 6 6 7 10 10 6 8 4 6 3 2 0 0 1 1 1 2 4 8 9 15 14 12 4 7 17 25 8 28 32 61 36 19 22 48 56 80 73 65 46 40 25 11 9 2 4 3 2 8 6 11 27 26 32 36 35 65 72 86 71 78 71 75 56 26 19 24 44 18 48 63 60 76 84 76 60 43 36 27 23
21 26 42 64 54 37 13 7 9 26 23 17 9 16 13 12 11 16 13 13 14 12 8 10 8 4 2 1 0 0 0 0 0 3 5 20 26 15 16 5 4 5 8 2 9 17 14 20 24 38 42 66 84 74 66 62 51 37 31 13 3 2 3 1 6 10 15 11 12 23 45 49 55 61 63 67 71 60 42 33 38 28 50 53 79 57 41 66 83 72 58 59 57 52 43 39
45 56 46 16 14 20 25 11 18 30 28 22 22 21 18 24 14 20 19 25 9 20 16 12 7 3 1 1 0 0 0 0 0 1 4 8 9 13 18 8 9 7 8 2 6 14 20 53 69 69 85 68 85 80 74 54 54 31 19 10 3 4 3 1 1 3 6 16 26 25 38 63 39 47 45 61 64 26 15 30 28 35 66 60 78 55 77 64 69 59 60 61 55 60 61 51
48 29 37 34 32 20 26 13 34 35 32 33 47 27 36 30 29 41 33 19 20 20 25 8 9 4 3 1 1 0 0 0 0 1 2 3 11 20 21 5 3 5 6 4 7 17 45 29 59 63 59 53 89 83 74 45 28 18 12 4 3 1 1 0 0 2 9 26 34 26 34 57 48 34 30 41 27 32 53 52 33 64 66 60 70 78 63 61 60 57 47 56 60 66 58 73
27 24 16 13 12 11 6 21 41 36 38 55 39 45 42 43 49 22 17 38 27 31 27 9 5 3 4 2 2 1 0 0 0 0 2 1 1 7 14 6 4 4 5 6 14 16 8 20 40 77 45 63 80 63 65 50 32 16 6 4 2 1 0 1 0 1 7 13 39 26 29 12 24 37 29 43 47 49 45 42 43 69 63 57 64 63 37 63 38 46 57 66 67 47 75 75
16 23 33 37 32 17 16 26 40 59 55 54 39 49 68 63 40 24 26 49 35 19 15 12 6 4 4 4 2 1 1 1 0 0 2 2 1 1 1 1 1 2 3 4 10 8 12 25 65 24 21 50 84 65 45 25 17 13 13 8 2 1 0 0 0 1 5 7 14 22 20 17 37 29 37 46 60 72 71 70 65 86 62 43 41 50 63 81 75 53 54 58 50 57 62 57
29 48 34 56 26 25 27 45 45 60 58 26 28 52 51 39 31 31 44 65 26 19 17 13 8 7 4 3 2 1 1 1 1 0 0 1 1 1 1 1 1 2 2 2 3 9 16 9 50 15 35 64 81 48 24 20 15 7 4 5 2 2 0 1 0 0 2 2 8 11 21 30 45 42 68 70 81 54 37 26 79 78 78 53 20 52 74 89 83 77 79 49 70 53 49 79
47 48 67 58 31 50 48 51 69 63 48 35 39 60 43 59 23 36 65 33 23 18 22 18 16 11 5 3 2 2 1 1 1 1 0 0 1 0 0 0 1 1 1 2 3 6 10 10 6 13 37 72 79 42 28 21 9 7 6 3 3 1 1 0 0 1 3 7 13 19 28 35 50 61 71 64 33 35 28 71 77 78 81 82 41 57 82 84 72 66 61 69 50 54 36 55
62 66 41 32 41 50 50 70 39 53 24 48 52 79 64 45 26 61 21 17 37 20 13 9 10 9 8 6 5 3 3 3 2 1 1 1 0 1 1 0 0 1 1 2 4 10 4 11 2 5 25 57 86 73 31 20 11 4 5 3 2 1 1 0 0 1 5 11 27 30 31 40 51 47 42 49 44 59 73 80 73 77 66 81 71 62 66 37 22 19 46 80 69 49 31 36
72 55 41 30 41 56 67 17 62 28 34 54 71 74 51 30 59 50 30 13 13 20 6 7 12 12 17 7 11 9 6 5 2 2 1 1 1 0 0 0 1 1 1 2 2 5 1 5 1 8 16 10 50 58 27 13 5 3 3 1 2 3 1 0 0 3 6 9 13 18 23 28 35 40 63 69 67 68 73 62 69 60 46 72 65 45 36 47 62 66 80 40 55 52 30 27
37 55 42 36 51 71 73 28 58 53 69 53 80 50 37 48 60 26 29 24 51 30 14 10 18 27 19 23 18 20 8 3 1 3 2 2 2 1 0 0 0 1 1 2 2 1 3 5 1 6 7 38 43 22 21 15 12 7 3 1 2 2 1 1 0 0 3 7 13 13 16 22 37 33 33 34 36 37 83 45 67 72 53 48 40 27 62 67 67 80 76 59 45 59 58 56
85 38 57 58 69 46 52 61 61 51 58 59 52 45 44 73 33 44 36 64 55 30 36 25 14 35 40 36 46 23 16 4 1 1 1 1 1 1 1 0 0 1 1 1 1 1 10 2 1 5 34 41 55 15 13 17 8 6 4 2 2 1 1 0 0 0 1 3 6 8 4 11 11 13 30 45 45 47 73 64 53 67 85 41 31 48 50 59 77 69 63 74 57 58 46 57
79 93 88 91 85 58 18 11 57 35 66 74 84 77 62 68 66 75 57 69 53 51 48 41 38 47 62 64 28 27 16 7 8 4 2 3 1 2 2 1 0 0 1 1 1 1 1 1 0 5 13 49 42 9 13 11 11 5 3 3 2 1 1 0 0 0 3 6 7 14 21 30 48 44 28 29 46 77 72 75 76 56 58 70 38 44 65 63 53 37 74 85 55 46 58 66
63 88 73 81 77 61 76 35 55 46 22 39 81 86 89 62 47 54 66 66 62 56 66 49 62 61 72 52 49 40 29 16 10 9 8 3 2 2 2 1 0 0 0 1 1 1 1 0 1 3 11 6 19 6 18 7 10 7 3 2 2 1 1 0 0 1 4 8 12 25 44 36 24 41 64 44 60 77 76 88 77 62 55 49 12 24 28 47 68 81 87 64 84 55 53 61
47 85 63 77 77 65 87 64 41 73 52 42 69 77 73 64 73 52 78 87 88 69 58 44 79 66 68 52 36 26 29 20 17 16 13 6 4 2 1 1 1 0 0 0 1 1 1 0 0 1 2 5 24 12 26 19 7 10 3 3 1 1 0 0 1 2 5 5 12 22 46 56 63 54 71 76 79 76 69 84 82 50 33 26 14 24 48 67 60 90 61 70 80 83 58 58
50 80 68 63 80 56 62 26 45 76 57 33 12 56 66 65 73 57 52 80 85 48 72 38 69 54 68 51 40 18 25 39 33 28 21 6 2 2 3 1 0 0 0 0 1 1 1 0 0 0 2 8 23 4 6 3 7 10 7 3 1 0 0 0 1 2 5 5 12 22 34 50 45 32 32 46 82 58 80 80 88 83 24 14 16 32 62 40 71 84 71 79 67 61 43 64
15 40 27 51 73 59 57 15 46 80 44 25 16 32 67 63 66 61 30 35 62 43 39 58 28 24 74 41 22 12 6 10 16 12 12 10 4 6 4 1 1 0 0 0 0 1 1 1 0 1 2 10 7 16 6 2 3 2 1 1 1 0 0 0 0 1 3 3 7 12 20 18 25 41 45 61 87 89 72 63 78 82 61 16 8 23 25 48 79 67 61 29 22 30 43 62
15 42 68 51 59 41 69 45 57 81 65 34 30 27 63 79 48 10 12 22 33 20 26 65 34 16 57 44 50 15 1 11 24 17 7 16 10 7 2 1 0 0 0 0 0 1 1 0 0 2 3 8 2 4 3 3 1 1 1 1 1 0 0 0 1 1 1 2 3 9 19 24 43 44 55 80 88 87 82 47 50 65 56 25 7 17 36 61 57 29 29 59 60 58 63 75
24 14 14 19 27 41 72 28 62 62 83 50 29 23 25 21 14 11 11 28 21 21 13 55 18 38 45 32 52 61 23 11 12 8 10 13 9 6 3 2 1 0 0 0 0 0 1 1 0 1 4 7 1 2 2 5 2 1 1 1 0 0 0 0 1 2 12 9 13 31 45 65 72 55 70 93 89 88 81 59 14 30 48 40 9 17 33 58 43 45 86 64 47 53 41 75
27 32 14 14 25 40 64 53 35 52 76 49 18 8 26 27 11 27 10 12 18 17 13 56 16 11 39 28 36 50 27 18 24 7 4 4 1 2 1 1 1 1 0 0 0 0 0 0 0 1 3 3 0 2 1 1 2 2 1 0 0 0 0 0 1 2 5 15 38 51 77 53 32 49 80 92 87 77 75 76 59 15 44 40 9 18 38 35 27 72 68 49 63 79 21 11
27 35 24 15 21 14 57 63 51 21 78 39 12 4 19 18 26 28 20 11 14 18 4 19 44 4 12 15 39 63 22 5 10 6 9 10 5 4 2 1 1 1 1 0 0 0 0 0 0 1 4 3 1 1 1 1 1 1 0 0 0 0 0 0 0 2 6 20 31 33 18 23 47 57 76 77 83 73 64 45 59 22 13 18 17 30 23 19 58 85 45 58 66 75 66 23
39 25 23 9 9 11 38 67 30 25 60 52 26 4 16 17 34 28 22 14 14 24 10 11 64 9 15 14 33 33 38 22 21 22 13 8 7 5 3 1 0 0 0 0 0 0 0 0 1 2 7 3 1 1 1 0 0 1 1 0 0 0 0 0 1 4 18 21 15 13 30 39 55 86 76 66 80 48 28 23 50 27 13 3 5 21 23 42 80 53 43 55 77 63 65 31
66 15 25 11 9 12 24 29 8 7 67 39 5 2 14 15 32 23 34 22 24 20 18 12 26 12 5 14 23 19 30 36 16 10 7 3 4 4 3 2 1 0 0 0 0 0 0 0 0 1 4 2 1 1 0 0 0 0 0 0 0 0 0 0 1 6 8 6 5 12 37 47 78 84 82 59 39 56 16 18 44 15 5 2 10 31 42 57 66 24 56 83 73 68 78 40
16 25 10 9 7 6 8 13 9 14 45 19 8 3 8 12 27 8 23 13 13 18 14 10 16 23 9 4 2 13 13 27 11 6 7 5 2 1 2 2 1 0 0 0 0 0 0 0 1 2 3 1 1 1 0 0 0 0 0 0 0 0 0 0 1 4 2 1 8 29 40 49 81 86 67 50 32 38 42 10 15 11 3 4 12 17 38 63 36 38 76 66 64 65 60 51
14 9 20 18 7 6 3 4 3 4 12 6 16 6 4 9 24 8 5 16 6 4 2 17 18 32 3 2 1 3 18 30 25 10 5 2 2 1 1 0 0 0 0 0 0 0 0 0 0 1 1 1 0 0 0 0 0 0 0 0 0 0 0 0 2 1 0 3 15 30 45 74 72 70 62 52 32 22 38 12 6 7 3 3 12 16 45 51 34 26 33 52 45 40 56 62
26 13 9 19 22 12 9 3 2 6 5 4 12 13 4 7 13 13 4 5 3 4 3 35 15 17 8 1 1 1 4 6 21 16 7 3 2 1 1 0 2 1 0 0 0 0 0 0 1 1 1 1 1 0 0 0 0 0 0 0 0 0 0 1 0 0 1 6 17 51 58 78 75 57 31 12 9 8 13 14 8 2 1 3 8 12 30 27 17 13 32 27 18 34 52 66
27 16 7 10 12 21 7 3 1 5 6 2 2 5 2 4 7 10 3 3 2 1 1 4 1 3 13 1 1 1 1 4 18 20 6 3 3 7 5 2 1 0 0 0 0 0 0 0 0 0 0 1 1 0 0 0 0 0 0 0 0 0 0 0 0 0 1 4 19 73 68 65 78 66 31 13 3 1 4 6 4 2 1 1 5 11 21 11 8 25 34 42 71 58 72 64
58 27 12 3 8 14 19 2 3 6 7 3 1 3 2 1 4 9 2 2 1 1 0 2 0 1 6 3 1 2 0 1 6 31 15 5 2 1 1 1 1 0 0 0 0 0 0 0 0 0 0 0 0 1 0 0 0 0 0 0 0 0 0 0 0 3 5 17 40 43 77 78 59 70 55 23 11 4 1 1 3 2 0 0 1 3 5 3 8 22 32 70 71 61 57 62
39 72 22 8 2 4 3 3 4 5 4 2 4 1 2 1 1 9 3 2 1 1 0 1 1 0 2 3 1 1 1 0 2 9 24 9 3 3 4 2 1 0 0 0 0 0 0 0 0 0 0 1 0 0 0 0 0 0 0 0 0 0 0 0 1 4 8 6 16 40 65 56 45 41 62 27 10 3 1 0 1 0 0 0 1 1 1 4 14 26 57 62 39 53 64 64
7 52 60 28 10 4 1 6 2 2 2 2 5 2 1 1 1 9 3 2 1 0 0 1 2 0 1 1 1 2 1 0 2 2 3 16 4 1 2 2 1 0 0 0 0 0 0 0 0 0 0 0 0 0 0 0 0 0 0 0 0 0 0 0 1 1 1 6 47 53 52 48 31 33 30 22 10 3 3 1 0 0 0 0 2 7 6 4 10 31 31 24 28 51 68 61
4 22 28 43 15 6 3 5 5 1 3 2 2 2 3 2 1 2 5 1 1 0 0 0 1 0 1 1 0 2 2 0 2 2 2 1 12 5 3 2 1 0 0 0 0 0 0 0 0 0 0 0 0 0 0 0 0 0 0 0 0 0 0 0 1 1 4 7 35 62 52 65 47 10 10 14 7 6 3 1 0 0 0 0 2 5 15 26 10 9 9 22 40 53 77 55
9 13 10 23 8 4 3 3 4 3 2 1 2 3 2 2 1 1 3 2 1 0 0 1 2 1 1 1 0 1 2 1 0 1 1 4 4 1 6 2 0 0 0 0 0 0 0 0 0 0 0 0 0 0 0 0 0 0 0 0 0 0 0 0 0 1 3 15 34 42 76 62 54 23 7 3 6 3 2 1 0 0 0 2 3 7 19 39 37 30 34 24 43 53 79 67
5 9 3 9 10 9 5 3 3 2 1 1 1 1 1 2 1 1 1 1 1 0 0 0 0 1 1 1 0 0 0 0 0 1 2 4 4 1 7 1 1 1 0 0 0 0 0 0 0 0 0 0 0 0 0 0 0 0 0 0 0 0 0 0 0 1 3 8 30 21 62 54 37 27 29 7 5 3 1 0 0 0 0 1 5 13 22 36 53 49 47 47 42 68 91 78
6 5 4 3 4 2 2 2 8 5 2 0 1 1 1 1 1 1 1 1 1 1 0 0 0 1 0 1 1 0 0 0 0 1 6 9 3 2 1 1 1 1 0 0 0 0 0 0 0 0 0 0 0 0 0 0 0 0 0 0 0 0 0 0 0 1 3 20 35 46 49 55 40 21 13 11 4 2 0 0 0 0 1 0 1 9 15 25 37 27 49 56 75 91 91 76
2 4 2 2 1 1 1 1 1 1 1 1 0 0 0 0 0 0 0 1 1 0 0 0 0 1 0 0 0 0 0 0 1 2 3 5 7 16 12 5 1 1 0 0 0 0 0 0 0 0 0 0 0 0 0 0 0 0 0 0 0 0 0 0 1 3 12 29 36 50 51 50 42 27 6 3 4 1 0 0 0 1 3 2 2 1 4 7 14 33 39 68 68 89 88 68
1 2 1 1 0 1 0 0 0 0 0 0 0 0 0 0 0 0 0 0 0 0 0 0 0 0 0 0 0 0 0 0 0 0 1 1 1 1 1 0 1 0 0 0 0 0 0 0 0 0 0 0 0 0 0 0 0 0 0 0 0 0 0 0 1 1 4 8 29 48 28 51 23 14 4 2 1 1 0 0 0 1 3 6 16 9 13 13 28 52 59 65 79 78 66 50
0 0 0 0 0 0 0 0 0 0 0 0 0 0 0 0 0 0 0 0 0 0 0 0 0 0 1 0 0 0 0 0 0 0 0 0 0 0 0 0 0 0 0 0 0 0 0 0 0 0 0 0 0 0 0 0 0 0 0 0 0 0 0 0 1 3 3 9 17 14 20 28 21 7 2 1 0 0 0 0 0 0 1 3 6 20 36 37 53 76 71 53 69 49 54 40
1 0 0 0 0 0 0 1 0 0 1 1 1 2 1 0 0 0 0 0 0 0 0 0 0 0 0 0 0 0 0 0 0 0 0 0 0 0 0 0 1 0 0 0 0 0 0 0 0 0 0 0 0 0 0 0 0 0 0 0 0 0 0 0 0 2 3 12 9 11 19 11 9 2 1 0 0 0 0 0 0 1 2 5 8 25 66 63 26 36 74 84 49 17 20 32
3 1 0 1 1 1 1 2 1 2 4 5 6 4 2 1 1 0 0 0 0 0 0 0 0 0 0 0 0 0 0 0 0 0 0 0 0 0 0 0 0 0 0 0 0 0 0 0 0 0 0 0 0 0 0 0 0 0 0 0 0 0 0 0 0 2 4 3 6 7 7 4 5 1 0 0 0 0 0 0 1 2 5 10 30 34 30 8 21 59 88 81 74 18 7 9
7 2 1 4 4 5 5 5 6 8 7 6 6 11 4 2 1 1 1 0 0 0 0 0 0 0 0 0 0 0 0 0 0 0 0 0 0 0 0 0 0 0 0 0 0 0 0 0 0 0 0 0 0 0 0 0 0 0 0 0 0 0 0 0 1 3 6 2 1 1 2 2 1 0 0 0 0 0 0 1 3 3 9 25 22 7 4 10 29 78 83 66 38 35 3 1
9 6 3 12 11 20 10 13 23 13 21 12 20 10 7 4 6 2 1 1 1 0 0 0 0 0 0 0 0 0 0 0 0 0 0 0 0 0 0 0 0 0 0 0 0 0 0 0 0 0 0 0 0 0 0 0 0 0 0 0 0 0 0 0 1 2 5 3 1 2 1 1 0 0 0 0 0 0 0 1 2 9 7 5 2 2 7 22 44 64 63 53 18 36 6 1
20 15 9 24 42 63 42 33 52 40 34 23 47 32 24 14 4 1 1 4 1 0 0 0 0 0 0 0 0 0 0 0 0 0 0 0 0 0 0 0 0 0 0 0 0 0 0 0 0 0 0 0 0 0 0 0 0 0 0 0 0 0 0 0 1 2 7 3 1 1 1 0 0 0 0 0 0 0 0 1 3 3 2 0 2 8 15 43 61 43 45 21 10 13 18 1
59 63 46 33 36 35 21 11 37 19 20 18 21 30 29 8 7 6 6 6 3 0 0 0 1 0 0 0 0 0 0 0 0 0 0 0 0 0 0 0 0 0 0 0 0 0 0 0 0 0 0 0 0 0 0 0 0 0 0 0 0 0 0 0 0 2 7 6 1 1 0 0 0 0 0 0 0 0 0 1 1 0 0 2 4 10 19 61 66 83 32 5 3 4 7 1
46 33 57 34 28 38 32 23 16 13 19 29 15 11 20 37 26 7 1 1 1 0 0 0 0 0 0 0 0 0 0 0 0 0 0 0 0 0 0 0 0 0 0 0 0 0 0 0 0 0 0 0 0 0 0 0 0 0 0 0 0 0 0 0 0 1 3 8 3 1 0 0 0 0 0 0 0 0 0 0 0 0 2 4 6 11 37 33 48 58 49 6 1 0 3 2
46 15 43 40 12 5 15 20 25 21 10 7 38 11 13 26 10 7 3 2 2 1 1 0 0 1 0 0 0 0 0 0 0 0 0 0 0 0 0 0 0 0 0 0 0 0 0 0 0 0 0 0 0 0 0 0 0 0 0 0 0 0 0 0 0 0 1 4 3 1 0 0 0 0 0 0 0 0 0 0 0 1 3 4 14 26 34 28 21 17 41 10 2 0 0 1
