sesion_6_simulaciones/modelos_agentes/ejemplos_netlogo/scenarios/echam4_a2/rob_2064.asc
NCOLS 322 
NROWS 307 
XLLCORNER 451900 
YLLCORNER 4086900 
CELLSIZE 100 
NODATA_value -9999 
[rows 222 to 295 of 307, columns 96 to 191 of 322]
7 3 3 2 1 1 0 0 0 0 0 0 0 0 0 0 0 0 0 0 0 0 1 1 0 2 6 13 4 2 3 5 7 9 2 1 0 0 0 1 1 2 3 7 9 13 20 36 41 43 44 42 43 46 43 40 39 46 63 64 63 65 30 46 9 22 17 19 25 21 14 15 10 12 20 19 16 5 4 3 14 11 13 11 15 8 28 40 56 31 28 36 25 20 28 18
5 2 1 1 0 0 0 0 0 0 0 0 0 0 0 0 0 0 0 1 0 0 1 1 1 2 2 4 20 6 4 11 17 4 1 1 0 0 0 1 1 1 4 6 8 13 17 24 34 35 40 29 35 39 45 63 68 38 17 23 23 24 19 17 38 7 11 10 28 22 15 27 9 10 21 14 15 4 15 13 24 62 21 19 17 22 13 15 50 72 53 54 53 34 30 26
2 1 1 1 0 0 0 0 0 0 0 0 0 0 0 0 0 0 0 1 1 1 1 1 3 3 2 4 15 10 9 14 5 3 1 1 0 0 0 1 1 2 4 5 7 9 14 18 29 34 35 35 53 30 47 72 29 25 20 19 6 19 21 10 10 17 3 16 19 15 27 25 6 7 9 13 8 6 7 15 11 9 41 30 20 24 29 15 14 52 83 67 63 46 50 42
2 1 0 0 0 0 0 0 0 0 0 0 0 0 0 0 0 1 2 1 4 2 1 2 5 8 3 9 13 31 19 6 2 1 1 0 0 0 0 1 1 2 3 5 5 10 12 15 25 27 29 32 50 42 21 17 22 18 15 11 30 48 15 25 19 57 31 11 16 17 27 24 13 13 13 17 9 7 13 27 23 9 4 11 54 46 28 28 25 24 70 68 61 56 40 32
3 1 0 0 0 0 0 0 0 0 0 0 0 0 0 0 0 0 1 4 10 4 4 3 5 12 16 9 20 23 6 3 1 1 0 0 0 0 0 1 1 1 3 3 4 10 14 21 22 23 36 46 42 33 31 27 36 27 18 38 10 16 35 44 27 70 29 24 3 16 13 20 13 11 14 17 12 5 13 36 19 14 30 21 21 12 17 35 35 45 27 41 52 39 23 27
2 1 0 0 0 0 0 0 0 0 0 0 0 0 0 0 0 0 1 1 2 8 4 7 5 9 25 32 20 13 4 3 3 2 2 0 0 0 0 0 1 2 4 5 8 12 14 17 21 24 29 25 20 28 26 28 46 35 40 13 15 23 21 28 54 24 36 31 43 10 7 16 19 4 4 7 6 11 22 10 63 42 62 40 59 29 49 40 34 24 25 47 38 28 19 11
2 1 1 0 0 0 0 0 0 0 0 0 0 0 0 1 1 1 1 2 3 3 12 22 7 10 21 33 22 7 8 5 3 2 2 1 0 0 1 0 1 2 3 4 5 9 11 14 25 24 35 32 33 33 26 37 45 72 34 26 17 33 46 73 33 23 31 23 14 14 15 8 9 3 4 7 10 8 49 33 14 11 29 54 38 44 39 46 29 37 34 28 21 27 25 30
2 1 0 0 0 0 0 0 0 0 0 0 0 0 0 0 1 3 4 3 3 3 3 18 10 13 16 53 27 15 21 14 4 3 2 0 0 0 1 1 1 2 4 6 5 6 6 10 20 24 24 25 28 22 43 44 27 25 17 29 18 15 18 29 14 7 13 17 7 7 2 11 6 4 8 3 5 12 9 16 15 16 21 29 22 23 38 49 29 36 23 14 20 15 17 19
1 1 0 0 0 0 0 0 0 0 0 0 0 0 0 0 1 2 4 7 13 13 3 7 29 8 10 32 47 51 22 13 8 4 1 0 0 0 1 2 4 3 2 6 7 8 9 10 12 13 14 15 21 23 34 18 22 18 19 18 20 18 23 23 21 29 26 29 19 15 14 10 6 2 4 6 2 7 10 18 25 27 23 51 32 17 30 19 20 32 17 12 11 16 17 12
2 1 1 0 0 0 0 0 0 0 0 0 0 0 0 0 1 1 4 9 12 16 13 13 14 21 11 18 51 42 26 12 7 3 2 1 1 1 1 4 6 7 11 6 8 11 10 11 14 16 18 20 20 20 12 13 10 10 8 8 8 7 7 25 30 30 12 22 18 12 6 5 7 2 2 5 12 10 12 39 28 34 36 39 35 30 19 21 20 24 24 17 11 10 15 9
1 1 1 0 0 1 0 0 0 0 0 0 0 0 0 0 1 2 6 12 13 11 6 14 38 24 13 17 37 43 33 21 5 4 1 1 1 2 2 3 6 8 11 20 14 14 9 18 28 33 40 31 16 13 11 15 10 11 20 19 13 17 14 10 9 11 12 11 14 13 14 13 18 2 4 3 12 15 23 12 16 31 40 30 34 56 46 30 26 19 14 11 14 10 10 6
2 2 1 1 1 1 0 0 0 0 0 0 0 0 0 0 1 2 5 9 13 21 5 15 15 30 27 33 49 48 36 21 8 3 2 1 1 2 4 3 4 9 12 13 19 32 21 10 20 36 43 51 32 18 20 23 35 31 34 42 32 26 22 13 20 32 16 15 8 21 28 27 21 16 11 20 27 9 37 17 61 45 29 49 38 32 43 44 59 27 15 11 11 7 3 4
6 1 1 2 1 0 0 0 0 0 0 1 1 1 0 0 1 3 5 8 13 16 11 7 17 18 50 41 30 27 20 13 4 2 1 1 1 3 4 4 6 11 13 16 17 21 24 41 23 27 36 33 30 38 30 38 34 41 51 37 22 22 28 18 12 8 18 18 8 9 4 3 2 1 10 2 12 40 22 21 6 18 52 54 33 36 59 35 49 25 31 16 7 9 7 7
8 4 3 1 0 0 0 0 0 0 1 1 2 1 0 0 1 2 2 10 18 19 22 9 11 22 26 52 25 16 11 6 2 1 0 1 3 4 7 9 10 13 14 17 22 27 27 32 39 31 36 34 40 56 31 31 39 35 35 35 31 42 37 34 19 10 19 16 19 9 10 6 4 4 15 4 3 7 11 11 7 3 52 69 46 49 59 68 45 42 37 29 23 29 11 4
6 6 3 1 0 0 0 0 0 0 2 2 3 2 1 1 1 2 2 7 9 19 40 20 9 25 25 53 30 19 6 2 2 1 1 4 4 4 8 10 12 14 15 22 29 33 47 36 44 56 44 54 45 45 40 32 31 34 57 38 48 31 25 38 30 15 11 12 10 7 21 5 3 8 7 10 9 26 24 20 20 13 9 43 55 65 77 59 40 32 18 21 21 8 6 8
19 9 2 1 1 0 0 0 1 0 1 3 5 6 2 1 3 4 3 4 16 25 21 33 8 16 25 40 29 22 16 10 6 2 2 4 4 4 11 11 12 16 17 28 41 41 59 51 38 29 61 77 76 45 44 18 28 31 45 29 52 32 24 20 18 13 6 9 6 19 3 4 2 3 6 3 7 12 16 15 15 14 20 21 44 34 21 53 42 28 25 12 8 9 9 6
10 3 2 1 0 0 0 0 2 1 1 2 8 9 6 4 2 5 5 7 14 19 26 37 21 22 33 48 41 32 25 11 7 2 2 5 9 6 9 12 15 18 21 42 42 51 56 57 55 43 43 59 61 59 37 17 25 31 20 38 47 39 8 40 7 13 11 7 5 11 3 2 2 6 7 5 12 21 53 26 42 21 25 23 23 17 33 34 27 33 15 9 9 8 5 3
3 1 1 0 0 0 1 0 2 3 2 2 6 14 16 6 2 7 12 21 20 10 36 54 37 31 44 44 35 42 29 11 8 3 1 6 9 8 6 11 21 18 28 36 43 53 57 58 58 58 45 58 66 54 44 16 23 37 33 28 32 32 7 16 14 11 14 5 7 5 2 3 6 5 3 4 5 15 22 11 25 37 46 25 32 25 21 28 21 11 11 13 14 11 9 4
2 1 1 0 0 0 1 2 3 5 6 4 8 16 19 13 4 9 11 39 31 12 28 50 46 19 15 72 61 33 26 16 8 3 1 8 13 12 8 20 23 34 29 38 50 43 59 61 61 68 47 60 61 43 44 12 20 24 29 31 25 20 16 15 16 13 8 7 5 2 3 3 5 4 5 4 6 20 18 16 23 20 53 51 37 47 43 26 12 11 8 7 10 8 6 3
1 1 0 0 0 1 2 2 3 8 15 10 7 14 29 26 9 6 15 29 36 21 31 46 59 25 27 72 44 43 38 21 10 2 2 11 12 7 21 16 27 37 33 42 43 45 69 62 63 61 59 49 36 41 70 26 12 26 39 22 15 10 7 17 11 9 7 9 5 2 2 2 4 4 9 10 14 42 33 33 26 27 36 39 45 55 41 36 26 18 11 11 11 4 4 1
1 2 1 0 0 1 2 3 4 6 14 13 10 18 34 31 13 7 32 26 28 36 33 51 67 69 56 69 61 52 36 18 6 2 3 10 12 15 18 30 21 36 47 39 32 42 59 64 64 56 59 60 49 45 65 36 35 12 23 43 21 17 8 6 4 10 7 6 2 1 2 5 4 3 5 9 14 56 47 40 46 22 24 28 32 37 46 44 21 17 15 12 11 6 6 3
3 2 1 1 1 1 3 5 5 8 17 28 21 24 28 42 16 10 25 28 31 41 40 53 71 79 56 72 43 37 37 16 4 3 4 5 9 31 18 22 35 30 44 40 42 59 60 50 60 61 55 53 62 70 69 58 16 8 25 29 28 12 7 6 5 3 2 2 1 1 9 3 2 9 4 7 7 24 23 36 26 36 54 39 28 24 17 19 21 19 13 10 9 7 5 2
6 2 1 1 1 2 4 7 13 18 22 20 38 19 34 47 20 23 15 44 50 45 37 54 65 61 45 34 26 29 16 13 3 2 4 5 14 25 29 19 25 43 20 60 42 48 60 47 45 71 59 34 58 61 56 58 45 11 8 9 17 14 8 5 3 1 0 0 1 2 12 4 5 10 64 44 24 29 28 38 47 59 44 53 44 48 34 31 26 17 13 6 4 3 1 0
3 1 1 2 3 2 6 10 10 22 26 28 44 21 38 46 27 38 18 35 58 51 66 45 71 58 36 32 21 19 17 5 3 3 8 6 8 15 28 29 41 29 28 35 63 44 39 51 60 73 60 48 35 39 38 57 60 10 8 11 11 6 4 3 1 2 1 0 3 6 2 8 22 33 51 51 43 47 38 54 65 51 39 21 33 28 36 32 19 17 13 5 3 2 1 0
1 0 1 4 4 5 8 13 16 15 28 36 54 37 43 53 27 39 49 28 34 52 42 78 55 62 30 26 25 11 4 4 5 5 11 13 13 8 13 8 16 28 41 65 41 49 58 54 48 49 56 59 25 24 18 15 33 25 11 5 6 4 1 1 1 0 1 2 2 6 3 2 5 25 8 32 76 75 67 65 72 50 33 35 33 18 17 15 22 18 3 4 3 3 3 1
1 1 2 8 14 7 12 16 21 25 30 39 44 53 35 58 29 30 52 43 40 61 34 63 69 40 23 18 6 5 9 11 11 6 14 13 13 13 11 24 21 26 39 54 68 44 36 53 38 54 44 42 37 30 16 20 8 20 10 5 5 3 3 1 2 1 0 3 2 3 4 7 14 11 12 13 34 48 60 48 28 31 31 32 24 20 21 15 9 6 4 2 1 1 4 2
2 1 4 13 15 10 13 17 15 25 35 41 45 52 53 73 35 33 49 52 48 60 80 56 38 45 37 23 14 11 18 16 14 8 6 13 12 17 23 24 26 33 38 48 48 61 39 34 43 43 41 31 41 30 18 9 5 8 5 4 2 2 2 2 2 1 0 4 2 3 6 8 46 28 27 22 15 9 33 48 44 21 22 18 26 21 9 4 3 2 1 2 3 4 5 5
3 1 4 15 18 17 11 23 16 30 53 43 40 45 74 72 37 37 37 50 48 63 79 28 50 46 28 24 29 28 35 40 19 15 8 16 13 20 33 18 29 45 55 53 40 50 37 55 37 42 54 64 26 12 12 9 10 2 1 8 2 1 4 2 1 1 3 9 2 3 5 36 56 36 26 20 21 25 20 30 37 27 19 22 26 21 10 7 6 3 2 2 5 6 6 6
3 3 5 17 20 21 12 31 31 32 55 42 62 55 57 64 67 47 58 40 55 48 81 69 46 32 35 39 31 44 47 45 21 12 9 5 19 31 18 34 40 43 62 65 66 47 56 18 10 14 51 11 24 15 17 7 2 1 1 1 2 1 2 1 0 1 5 2 2 3 3 5 4 13 22 17 21 25 20 21 27 16 23 23 28 32 21 27 11 6 2 5 7 7 11 7
4 3 6 21 23 33 14 33 40 40 34 46 37 65 65 36 34 68 46 46 38 61 68 46 41 37 41 43 51 74 45 26 14 14 18 6 12 15 43 40 43 50 54 70 44 61 44 34 21 34 32 4 34 32 15 4 5 3 2 1 4 0 1 1 0 1 1 10 4 2 6 24 19 30 29 24 22 29 31 42 32 31 30 28 27 35 39 13 10 4 3 7 8 9 11 3
3 10 12 21 29 39 20 19 28 46 52 54 33 29 50 69 33 26 72 63 33 59 71 47 55 30 59 78 64 40 27 27 24 16 11 4 10 8 24 34 39 66 64 46 29 45 36 46 45 45 24 15 23 32 19 15 5 2 1 1 2 0 0 0 0 1 2 1 1 1 5 11 15 21 31 38 25 27 21 33 17 14 18 43 41 41 23 13 4 5 8 9 10 17 15 5
6 16 22 26 30 28 34 30 30 23 36 56 26 22 46 57 58 48 16 35 38 58 42 41 35 62 49 35 41 30 33 37 29 11 14 7 15 20 28 28 21 44 44 28 36 37 40 28 41 39 32 22 37 24 12 7 2 3 1 1 1 1 0 0 1 1 0 2 3 4 5 11 23 26 25 37 25 23 19 30 43 32 49 40 37 25 28 13 7 10 11 11 19 18 15 9
9 19 23 24 30 43 37 50 43 33 24 36 65 25 49 42 45 61 39 20 30 62 19 42 75 37 36 44 48 49 39 23 12 15 18 12 16 24 31 27 32 46 35 21 42 44 19 16 43 31 11 8 14 8 9 2 2 1 2 0 1 1 1 0 4 4 1 4 7 3 13 16 30 39 46 47 35 25 32 35 44 40 49 34 36 33 16 10 8 12 12 13 23 31 9 8
13 21 27 14 20 58 62 47 42 38 55 36 41 62 36 38 45 19 60 31 31 40 71 51 41 50 57 59 58 54 35 18 12 14 27 12 14 26 40 46 43 48 50 42 43 21 25 28 16 17 12 9 9 7 5 4 2 1 1 1 0 0 0 2 2 1 2 2 6 5 16 13 20 39 52 38 32 43 34 39 45 46 35 41 35 22 7 8 13 13 20 21 28 27 13 8
20 33 28 20 26 46 47 61 62 37 48 55 46 49 61 36 48 24 21 43 20 21 59 58 55 52 49 56 58 37 36 31 23 10 19 7 11 17 32 51 51 51 31 42 32 40 25 21 22 28 16 8 8 7 6 4 1 1 1 1 0 0 1 0 0 3 4 4 2 5 12 14 25 22 31 58 31 36 18 18 23 26 43 38 28 20 13 11 15 15 22 17 50 20 15 13
18 25 34 26 31 32 46 44 49 54 64 52 46 50 71 60 25 18 24 22 47 50 57 47 57 63 61 59 57 48 37 34 27 13 28 8 10 21 34 48 50 61 55 48 42 37 32 40 18 19 17 10 6 7 5 5 3 1 0 0 0 0 0 0 1 0 0 0 1 9 7 11 23 26 34 24 20 12 9 26 41 40 18 32 43 32 14 18 17 23 19 20 49 20 16 15
22 37 41 40 41 31 33 49 52 53 65 62 57 48 59 59 36 35 23 28 23 50 55 52 37 52 52 56 40 53 48 37 29 26 34 5 23 31 37 33 25 53 59 50 37 42 44 30 20 32 30 24 4 5 7 3 1 1 0 0 0 0 1 0 0 1 1 2 2 4 6 9 12 15 31 10 13 16 12 45 40 20 33 34 37 47 25 33 30 18 18 12 36 23 20 15
24 33 60 42 46 44 37 51 55 52 47 60 53 51 66 40 42 47 31 25 23 41 40 35 33 49 54 52 51 40 38 38 46 39 14 4 22 40 48 48 39 51 61 45 38 44 27 19 27 42 27 19 15 6 6 2 1 1 0 0 0 0 1 0 1 2 4 5 4 8 9 21 13 11 9 12 28 38 21 40 39 40 31 32 29 32 40 37 20 22 19 7 25 33 6 9
29 22 50 59 45 44 38 54 57 49 44 44 55 63 57 52 40 51 31 18 27 64 40 57 38 44 55 62 51 39 50 52 43 28 18 11 15 32 58 67 58 54 40 53 34 37 26 19 26 15 10 8 9 11 3 1 1 1 0 0 0 0 0 1 1 2 4 4 8 4 10 8 5 8 10 32 30 40 50 14 30 33 41 44 34 28 55 42 24 26 15 18 32 24 10 16
28 25 37 62 60 44 51 55 50 50 49 38 48 60 56 40 34 22 31 17 24 56 43 60 42 43 48 41 48 40 65 45 34 25 27 19 24 35 44 55 71 68 56 43 50 19 18 27 18 10 8 8 7 5 15 2 1 1 0 0 0 0 1 0 0 1 7 7 4 3 4 7 8 17 16 35 36 43 28 35 35 20 43 37 32 40 46 29 40 21 13 16 46 20 14 19
35 58 46 49 58 46 39 54 52 42 52 37 20 29 60 60 47 26 21 35 22 63 65 31 44 54 35 37 35 51 45 47 43 19 22 16 25 46 44 45 44 51 41 57 35 35 15 26 27 9 13 13 9 7 4 1 1 0 1 0 0 0 0 1 1 1 8 1 4 1 5 13 28 11 18 37 24 24 40 36 12 17 38 43 51 45 37 24 37 27 16 21 39 32 24 22
34 43 57 59 57 42 43 50 44 39 39 43 33 37 39 51 41 13 18 34 17 54 42 43 47 39 21 37 33 42 56 48 54 31 23 20 24 48 41 51 62 45 26 51 19 37 24 16 21 17 26 13 11 4 3 1 1 0 0 0 0 0 2 1 0 3 1 1 6 6 16 14 12 24 20 13 22 47 25 13 9 32 52 41 45 49 31 25 23 22 32 22 22 43 25 23
46 55 51 56 55 44 49 44 45 37 22 35 36 45 39 40 36 35 45 46 32 43 31 38 35 49 37 39 56 31 50 59 49 38 40 15 22 44 63 48 50 41 42 35 29 20 37 8 14 13 16 10 7 3 2 1 2 1 0 0 0 0 0 1 0 2 1 3 5 5 5 13 28 41 19 16 40 38 33 20 22 32 13 19 40 55 30 27 22 34 32 21 18 63 28 38
47 50 44 44 16 32 57 36 44 43 30 29 41 46 31 40 26 45 34 43 33 29 44 27 29 39 64 53 30 43 41 52 54 35 34 15 22 48 40 46 42 30 47 44 43 20 9 37 10 26 10 8 3 5 2 3 1 1 1 0 0 1 1 1 0 1 1 4 7 4 3 13 37 32 15 34 29 18 21 68 47 19 25 44 29 26 33 17 21 30 32 24 35 66 49 42
45 34 20 11 9 18 54 33 21 26 29 19 22 43 57 47 17 15 36 23 29 29 42 43 13 42 58 33 31 46 29 58 61 52 28 6 18 36 40 49 36 32 38 43 46 30 11 7 2 2 12 9 2 3 2 3 1 1 0 0 0 1 0 2 1 1 1 1 5 4 5 20 29 12 18 36 34 5 31 31 20 35 53 44 32 30 27 10 31 31 34 26 47 84 54 32
45 47 32 30 31 25 28 47 14 17 13 29 24 32 50 35 48 14 19 30 33 38 47 59 38 17 39 43 38 26 53 47 49 44 27 12 11 23 47 52 19 34 51 43 34 19 15 14 10 8 5 5 7 2 0 0 0 0 0 0 0 0 0 0 1 1 1 1 1 2 10 9 14 23 14 17 11 11 24 19 23 43 47 33 27 14 10 9 21 29 33 29 48 70 51 17
57 40 44 38 23 28 22 23 28 27 20 47 25 29 22 24 36 36 27 35 37 29 47 40 12 21 33 29 27 36 56 52 28 31 40 22 16 15 27 35 8 17 22 20 20 14 11 8 27 16 7 4 2 1 1 0 0 1 0 0 0 0 0 0 1 1 1 0 3 5 2 6 4 11 12 19 4 30 24 47 25 26 19 21 25 18 12 21 23 33 31 41 47 69 18 14
35 34 41 33 35 21 17 31 48 46 15 16 34 30 12 12 8 16 26 27 8 13 19 22 31 8 32 49 20 51 39 40 38 30 43 18 30 10 28 42 36 14 19 20 9 12 4 2 4 7 2 8 6 2 1 0 0 0 0 0 0 0 0 0 1 1 0 2 3 2 3 4 6 8 4 8 25 35 54 20 21 24 30 38 23 14 11 24 33 32 32 23 57 69 47 13
34 52 37 36 34 32 23 33 48 31 29 17 12 23 26 12 22 12 6 17 7 15 37 32 23 18 30 18 20 49 39 47 33 16 35 17 22 17 11 30 24 40 28 15 10 14 11 4 7 8 9 6 2 1 1 0 0 0 0 0 0 0 0 0 0 0 1 2 4 4 3 4 3 3 14 18 15 29 32 19 17 23 29 28 19 17 13 29 35 23 30 33 20 43 47 15
38 38 34 26 36 46 21 30 31 37 28 23 31 17 9 26 17 9 12 15 25 8 6 15 14 32 29 45 21 27 42 34 25 45 25 14 19 29 12 32 36 38 41 13 13 25 11 3 7 9 2 4 1 1 1 0 0 0 0 0 0 0 0 0 0 1 1 0 1 1 2 2 8 18 8 11 11 13 14 14 9 16 20 26 23 18 13 22 37 20 31 23 29 30 30 18
32 31 49 31 44 50 15 23 32 37 33 25 35 25 34 17 29 38 11 15 25 6 12 15 20 43 37 58 25 29 33 36 47 24 19 13 12 39 14 17 30 41 20 19 22 19 3 2 23 36 4 4 2 1 0 0 1 0 0 0 0 0 0 0 0 0 0 1 2 2 5 6 3 7 6 4 5 15 11 11 18 34 18 18 23 11 20 19 35 18 21 6 3 10 38 54
31 38 46 43 36 29 14 24 34 39 34 23 16 17 28 32 16 8 12 11 10 4 10 8 23 27 49 32 32 49 47 42 28 29 12 4 5 40 15 14 19 23 20 19 18 14 1 5 9 7 9 4 2 0 0 0 0 0 0 0 0 0 0 0 0 0 0 1 2 6 9 9 5 3 3 5 26 25 12 14 25 21 22 34 7 12 22 27 29 14 7 5 12 14 13 34
35 20 20 42 33 38 27 10 31 30 36 23 24 13 21 14 18 6 6 5 3 7 9 10 10 26 20 34 45 66 40 47 35 37 26 3 22 34 14 13 22 11 18 17 13 9 2 5 4 5 5 2 2 2 1 0 0 0 0 0 0 0 0 0 0 0 0 2 1 1 4 2 2 3 8 13 19 13 10 31 27 22 30 11 10 25 44 19 7 5 8 18 12 41 24 33
31 8 23 35 42 34 35 17 12 22 28 15 17 16 21 21 9 6 11 6 1 7 33 14 14 15 10 19 27 35 42 45 31 17 22 11 22 14 20 15 27 19 16 19 20 12 6 4 3 3 3 4 1 1 1 0 0 0 0 0 0 0 0 0 0 1 0 1 1 1 3 5 3 9 10 13 19 23 19 33 26 14 11 7 23 41 9 4 5 11 13 24 34 27 30 18
27 11 13 10 30 32 42 21 3 13 22 13 16 10 34 18 7 2 4 5 2 7 14 9 9 4 17 27 32 31 41 30 33 25 15 13 14 13 14 9 4 17 13 26 16 15 17 22 12 9 4 7 2 1 0 0 0 0 0 0 0 0 0 0 1 1 0 0 0 1 1 6 7 17 6 6 22 30 18 16 10 19 4 17 24 9 2 9 12 19 21 19 24 35 32 19
34 20 26 7 29 40 34 18 5 4 3 17 20 11 12 13 4 5 4 7 6 2 6 12 8 6 18 30 32 23 23 20 32 24 20 21 26 7 18 13 5 9 10 14 24 10 7 4 4 3 2 3 1 0 0 1 1 0 0 0 0 0 0 0 0 0 0 0 1 0 1 4 7 9 9 12 31 26 25 19 11 7 20 21 12 3 8 19 16 16 21 16 24 27 24 21
43 15 27 7 13 30 18 8 5 5 6 7 10 22 13 10 5 4 2 6 3 5 13 6 8 15 9 24 30 27 18 28 19 12 23 21 16 13 11 17 11 7 9 9 13 9 17 7 5 6 7 3 1 1 0 1 0 0 0 0 0 0 0 0 0 0 0 0 0 1 1 3 6 9 8 9 11 13 34 11 8 8 15 6 7 19 18 17 16 17 16 12 8 7 13 21
30 14 27 11 9 28 18 20 14 12 7 8 11 16 15 15 12 6 3 3 2 3 4 7 13 11 22 35 31 17 21 24 12 10 39 21 13 14 10 5 5 7 9 15 12 12 18 7 9 5 6 2 3 1 0 0 2 0 0 0 0 0 0 0 0 0 0 0 1 1 1 2 6 8 9 4 10 23 20 31 22 12 5 7 8 11 11 23 22 14 20 12 10 6 8 3
22 15 25 18 13 15 8 21 9 8 9 7 11 7 5 9 5 4 3 3 5 2 2 11 10 13 16 17 22 19 21 20 21 13 30 19 17 11 23 7 15 16 6 8 14 18 22 10 12 11 3 1 2 1 0 1 1 0 0 0 0 0 0 0 0 0 1 1 0 0 1 2 2 4 6 5 14 33 64 22 12 6 2 7 6 27 19 14 17 18 35 25 9 7 9 3
31 14 22 15 10 8 5 16 21 11 10 9 7 8 5 8 4 3 1 1 3 1 3 6 10 7 15 23 19 20 17 20 13 24 26 18 25 42 13 8 9 9 11 8 22 10 14 17 7 6 6 3 1 1 1 1 1 0 0 0 0 0 0 0 0 0 1 1 0 0 1 1 4 8 3 21 25 28 21 25 8 2 6 13 12 15 21 10 16 26 20 22 6 5 7 3
29 15 32 18 7 8 12 7 23 8 16 12 5 3 4 3 2 2 2 1 0 3 3 2 4 5 17 13 10 16 19 7 14 32 11 38 14 39 23 8 18 8 17 11 24 19 16 14 5 8 5 2 1 2 1 1 0 0 0 0 0 0 0 0 0 0 1 0 0 1 1 1 2 4 18 16 8 24 15 22 11 6 7 16 28 15 18 22 23 14 15 9 6 4 5 2
21 13 34 18 5 4 31 13 12 8 9 11 4 6 4 3 2 3 3 1 0 1 0 1 2 3 17 21 21 13 7 6 13 27 20 13 20 20 19 8 16 4 14 4 14 19 19 15 6 8 3 4 1 1 2 1 1 0 0 0 0 0 0 0 0 0 0 1 1 1 1 2 5 12 11 5 7 38 22 12 11 7 15 9 24 23 12 17 15 12 9 5 17 4 3 1
35 10 25 9 5 7 13 12 8 21 17 7 7 4 3 3 4 3 2 1 0 1 1 3 5 7 10 11 14 9 5 6 23 15 22 15 31 13 10 10 17 4 14 9 9 14 28 11 6 8 6 4 1 0 1 1 0 0 0 0 0 0 0 0 0 0 0 1 0 0 1 2 3 3 5 5 9 25 19 4 4 9 21 19 21 17 5 11 22 17 7 4 10 2 3 2
32 12 22 7 4 7 8 25 10 18 26 14 4 2 2 3 5 2 0 1 0 1 1 3 2 3 3 9 5 4 9 7 41 19 24 23 22 9 6 20 9 6 7 23 28 13 12 9 12 6 4 3 2 1 1 0 1 0 0 0 0 0 0 0 0 0 0 0 1 0 1 1 2 2 8 8 19 23 22 5 3 18 20 19 16 15 4 8 12 11 3 3 3 3 3 3
43 33 5 14 6 6 14 20 11 8 14 9 13 2 4 9 3 2 1 1 0 0 1 1 1 2 9 4 7 7 7 16 3 8 5 13 10 7 4 21 7 6 1 11 42 14 8 12 10 5 4 2 2 1 1 1 1 0 0 0 0 0 0 0 0 0 0 0 1 0 1 1 3 3 7 17 8 20 16 7 6 23 12 9 12 7 9 8 5 6 8 3 2 5 3 2
25 7 6 11 5 5 21 16 16 5 3 6 12 1 2 1 1 2 1 2 0 0 1 2 2 3 3 7 7 5 16 6 12 6 15 13 8 10 5 13 5 11 6 11 27 21 9 8 8 7 4 3 1 1 1 0 1 0 0 0 0 0 0 0 0 0 0 0 0 1 2 4 6 6 17 39 3 24 10 9 9 10 13 6 7 5 10 13 6 3 6 3 2 2 2 2
24 8 3 10 8 7 14 2 6 10 2 2 7 3 1 1 1 1 1 1 0 1 4 1 2 2 3 10 5 9 6 11 20 34 17 11 28 8 14 18 6 6 8 14 17 13 7 16 5 4 2 2 2 1 0 0 0 0 0 0 0 0 0 0 0 0 0 0 0 1 1 2 7 15 15 5 10 22 17 6 5 8 15 5 8 10 11 5 7 4 2 4 4 2 1 1
25 3 5 9 4 5 7 1 2 1 4 7 2 3 1 1 0 0 0 1 0 0 0 1 1 1 2 3 5 9 4 8 16 10 6 22 8 5 29 8 11 15 12 12 17 10 7 5 6 2 1 1 2 2 0 0 0 0 0 0 0 0 0 0 0 0 0 0 0 1 1 4 6 4 15 7 13 9 5 3 4 14 10 11 5 7 7 4 3 4 3 2 1 2 1 1
23 2 4 10 4 10 8 3 1 2 4 5 6 4 1 0 1 1 1 0 0 0 1 2 1 1 2 8 4 3 3 13 4 8 25 3 6 8 13 6 13 12 9 25 21 15 8 3 3 2 1 1 2 1 1 0 0 0 0 0 0 0 0 0 0 0 0 0 0 1 2 6 7 6 1 7 16 3 5 5 6 9 11 8 4 5 4 4 1 5 2 4 1 1 0 0
10 3 4 12 2 7 11 6 2 2 1 5 1 2 2 0 0 0 0 0 0 0 0 0 0 1 3 5 7 1 13 2 3 14 12 5 10 13 18 11 3 16 15 20 25 11 6 1 2 4 3 1 0 0 1 1 0 0 0 0 0 0 0 0 0 0 1 0 0 0 3 10 8 5 2 9 10 6 5 4 5 7 7 7 6 3 1 4 2 4 2 1 2 0 0 1
7 2 2 8 2 5 7 2 1 2 3 3 1 1 2 1 0 0 1 0 0 0 0 0 0 1 10 2 3 1 8 5 2 17 7 4 9 33 13 9 4 13 15 17 6 8 4 3 1 1 1 1 0 0 0 1 0 0 0 0 0 0 0 0 0 0 1 1 1 2 5 9 7 2 3 10 5 2 3 4 5 4 9 2 3 2 1 1 2 1 2 1 0 1 1 0
16 3 6 3 1 7 2 1 2 1 3 1 2 1 0 0 0 0 0 0 0 1 0 0 0 0 3 1 1 5 2 2 7 9 8 3 6 27 26 11 4 8 9 16 12 6 2 2 2 1 0 0 1 0 0 0 0 0 0 0 0 0 0 1 4 3 5 9 5 14 9 13 7 1 11 16 3 2 3 4 4 4 6 2 5 4 1 1 2 1 1 0 0 0 0 1
12 6 0 1 1 4 1 1 3 3 2 2 1 1 0 0 0 0 0 0 0 0 0 0 0 1 1 1 2 1 1 6 6 3 3 6 12 29 19 6 5 10 7 8 5 2 4 3 1 1 1 0 0 0 0 0 0 0 0 0 0 0 0 0 0 0 3 6 12 25 36 21 2 6 10 16 5 1 2 8 3 8 2 4 2 5 0 1 1 1 1 0 1 0 0 0
8 1 1 1 1 2 0 1 1 2 1 2 2 1 0 0 0 0 0 0 0 0 0 0 0 1 0 1 2 0 4 6 2 1 6 4 2 23 13 2 3 5 4 5 5 3 2 1 1 0 0 0 0 0 0 0 0 0 0 0 0 0 1 0 1 1 4 32 38 30 25 1 4 7 10 17 11 2 5 4 3 3 2 3 3 3 0 1 1 1 1 0 0 0 0 0
