sesion_6_simulaciones/modelos_agentes/ejemplos_netlogo/scenarios/echam4_a2/rob_2095.asc
NCOLS 322 
NROWS 307 
XLLCORNER 451900 
YLLCORNER 4086900 
CELLSIZE 100 
NODATA_value -9999 
[rows 210 to 279 of 307, columns 0 to 95 of 322]
0 0 0 0 0 0 0 0 0 0 0 0 0 0 0 0 0 0 0 0 0 0 0 0 0 0 0 0 0 0 0 1 1 0 1 1 0 1 1 0 0 2 1 2 2 1 6 4 5 6 7 10 15 19 17 24 19 16 17 21 16 27 30 38 42 41 35 34 42 44 40 44 66 50 30 43 29 23 30 19 17 8 3 2 2 1 0 0 0 0 0 0 1 4 3 4
0 0 0 0 0 0 0 0 0 0 0 0 0 0 0 0 0 0 0 0 0 0 0 0 0 0 0 0 0 1 0 3 3 1 0 1 0 1 1 1 2 1 1 2 3 2 4 5 6 7 12 10 18 25 23 17 28 19 23 22 15 28 27 34 32 35 32 33 39 46 55 31 25 14 7 26 51 37 12 35 25 12 6 3 2 1 1 0 0 0 0 0 2 1 2 4
0 0 0 0 0 0 0 0 0 0 0 0 0 0 0 0 0 0 0 0 0 0 0 0 0 0 0 0 1 2 1 1 1 3 1 1 0 2 1 1 2 3 2 3 4 8 11 12 5 19 20 12 12 18 23 29 12 9 35 22 17 20 20 16 30 44 13 43 48 40 45 42 39 26 13 40 68 50 19 32 22 26 12 6 3 2 1 0 1 1 1 2 3 1 2 4
0 0 0 0 0 0 0 0 0 0 0 0 0 0 0 0 0 0 0 0 0 0 0 0 0 0 0 0 0 1 1 1 0 0 1 0 1 1 1 1 3 4 2 8 8 5 7 5 5 17 22 10 7 26 13 12 12 6 33 12 11 15 24 27 23 24 24 39 27 24 33 33 39 60 43 45 57 52 40 37 34 32 14 11 8 2 0 0 1 2 3 4 7 8 5 12
0 0 0 0 0 0 0 0 0 0 0 0 0 0 0 0 0 0 0 0 0 0 0 0 0 0 0 0 0 0 0 1 1 1 1 1 2 0 0 1 2 3 5 7 5 4 3 5 10 7 9 11 14 6 4 7 9 5 26 9 26 9 23 11 13 42 31 20 44 29 26 35 65 76 50 20 36 61 41 35 30 31 22 11 4 2 1 1 2 3 1 6 21 12 14 33
0 0 0 0 0 0 0 1 0 0 0 0 0 0 0 0 0 0 0 0 0 0 0 0 0 0 0 0 0 0 0 1 1 1 2 0 3 0 2 1 3 4 6 3 4 4 4 7 7 5 3 6 7 4 5 8 7 5 20 20 10 17 15 22 37 28 28 28 26 16 22 67 56 25 47 54 46 49 44 39 32 32 17 8 2 2 1 1 1 2 6 11 6 5 38 40
0 0 0 0 0 0 1 1 0 0 0 0 0 0 0 0 0 0 0 0 0 0 0 0 0 0 0 1 1 1 1 1 1 0 1 1 4 1 1 1 4 5 4 3 2 4 4 8 5 2 2 3 2 1 2 7 3 8 10 9 16 5 10 33 35 23 23 18 27 37 38 49 47 54 62 35 37 35 38 34 24 21 10 9 3 3 3 3 1 2 9 15 7 12 37 70
0 0 0 0 1 0 0 1 2 2 1 1 0 0 0 1 0 0 0 0 0 0 0 0 0 0 1 0 0 0 0 0 0 1 3 1 2 0 0 1 3 2 2 1 2 4 2 2 4 1 2 2 1 1 2 3 1 5 3 10 7 11 19 19 17 16 32 20 15 9 13 17 18 17 20 15 10 13 23 17 10 13 15 10 3 2 5 6 3 3 3 15 33 30 38 54
0 0 0 0 0 0 0 0 0 0 0 0 1 0 0 1 1 0 0 0 0 0 0 0 0 0 0 0 1 1 0 1 1 1 3 2 2 1 0 1 1 1 1 2 3 2 1 1 2 1 1 1 1 1 4 2 3 1 3 5 3 12 10 4 3 4 4 12 30 35 42 44 63 48 29 14 18 17 22 27 26 17 16 7 3 2 16 15 7 4 5 11 23 54 64 55
0 0 0 0 0 0 0 0 0 0 0 0 0 0 0 0 0 0 0 0 0 0 0 0 0 0 0 0 0 1 1 1 1 1 1 1 1 1 0 1 1 1 1 2 2 1 1 0 1 1 1 3 7 3 5 12 13 5 16 20 30 48 24 38 22 24 28 27 25 12 26 30 29 38 51 53 44 36 19 19 17 8 8 3 3 8 17 27 18 18 17 11 13 32 47 65
0 0 0 0 0 0 0 0 0 0 0 0 0 0 0 0 0 0 0 0 0 0 0 0 0 0 0 1 1 1 1 1 1 1 1 0 0 0 0 1 1 1 1 1 1 1 0 0 0 1 1 4 5 7 1 4 15 31 32 21 4 4 12 13 51 32 30 52 26 18 21 30 49 37 21 26 17 24 18 16 9 8 4 1 5 20 26 39 37 25 25 25 14 28 50 40
0 0 0 0 0 0 0 0 0 0 0 0 0 0 0 0 0 0 0 0 0 0 1 0 0 0 0 0 1 0 0 0 1 0 1 0 0 0 0 1 0 1 1 1 0 0 1 0 2 3 1 1 2 2 1 2 13 19 14 8 15 12 12 24 18 20 25 19 44 33 44 32 38 45 38 40 30 28 12 9 8 7 3 4 12 27 36 51 58 42 40 26 22 47 50 45
0 0 0 0 0 0 0 0 0 0 0 0 0 0 0 0 0 0 0 0 0 0 0 0 0 0 0 0 0 0 0 0 0 0 0 0 0 0 0 1 0 0 0 0 0 1 0 1 1 6 6 2 2 3 3 2 5 11 6 10 17 11 10 33 19 33 22 35 36 39 43 46 31 31 31 29 23 25 7 8 4 3 4 9 14 31 43 62 58 41 34 33 46 52 69 59
0 0 0 0 0 0 0 0 0 0 0 0 0 0 0 0 0 0 0 0 0 0 0 1 0 0 0 0 0 0 0 0 0 0 0 0 0 0 0 0 0 0 0 0 0 0 0 0 0 3 6 4 6 4 4 5 3 4 11 17 16 35 16 25 40 26 31 41 56 43 29 36 31 28 21 15 14 20 10 9 4 7 7 22 27 31 42 46 63 60 35 43 49 52 21 28
0 0 0 0 0 0 0 0 0 0 0 0 0 0 0 0 0 0 0 0 1 0 0 0 0 0 0 0 0 0 0 0 0 0 0 0 0 0 0 0 0 0 0 0 0 0 0 1 1 1 1 4 3 3 3 3 4 8 12 15 22 34 22 62 66 48 45 40 45 36 33 39 29 27 29 15 15 5 5 4 0 5 16 33 38 50 34 54 69 64 36 44 50 51 24 28
0 0 0 0 0 1 0 0 0 0 0 0 0 0 0 0 0 0 0 0 0 0 0 0 0 0 0 0 0 0 0 0 0 0 0 0 0 0 0 0 0 0 0 0 0 1 1 3 4 2 1 2 2 4 2 3 5 14 14 16 32 22 21 22 35 36 33 41 33 31 36 27 26 29 17 14 10 5 3 4 4 14 31 35 38 59 58 51 71 64 56 60 39 38 30 39
0 0 0 0 0 2 1 0 0 0 0 0 0 0 0 0 0 0 0 0 0 0 0 0 0 0 0 0 0 0 0 0 0 0 0 0 0 0 0 0 0 0 0 0 0 1 1 1 7 16 2 3 1 3 3 7 8 10 14 14 14 13 23 16 18 34 54 43 32 24 21 22 36 18 14 11 9 3 5 7 9 20 38 33 33 54 67 63 59 70 57 41 40 31 30 30
0 0 0 0 0 0 0 0 0 0 0 0 0 0 0 0 0 0 0 0 0 0 0 0 0 0 0 0 0 0 0 0 0 0 0 0 0 0 0 0 0 0 0 1 0 1 3 2 3 1 4 6 5 6 6 10 16 14 18 19 22 15 20 16 20 35 40 24 18 31 25 15 13 12 13 6 3 6 10 18 23 24 40 41 34 47 63 75 58 13 17 14 20 31 26 28
0 0 0 0 0 0 0 0 0 0 0 0 0 0 0 0 0 0 0 0 0 0 0 0 0 0 0 0 0 0 0 0 0 0 0 0 0 0 0 0 0 0 0 0 7 2 1 2 3 3 3 9 9 10 15 18 12 21 14 13 16 6 3 4 17 24 29 25 24 22 21 17 12 12 7 3 6 15 24 25 30 40 36 41 55 55 44 68 41 22 26 25 26 36 30 46
0 0 0 0 0 0 0 0 0 0 0 0 0 0 0 0 0 0 0 0 0 0 0 0 0 0 0 0 0 0 0 0 0 0 0 0 0 0 0 0 0 0 0 0 2 12 4 2 3 4 4 5 6 12 23 31 19 20 9 11 6 5 8 24 33 32 14 14 25 18 7 8 5 5 5 9 28 26 27 30 49 38 51 42 66 61 48 45 26 23 33 55 37 36 31 39
0 0 0 0 0 0 0 0 0 0 0 0 0 0 0 0 0 0 0 0 0 0 0 0 0 0 0 0 0 0 0 0 0 0 0 0 0 0 0 0 0 1 0 1 2 1 2 2 2 3 3 4 8 11 12 20 30 25 27 14 20 17 11 20 32 27 12 17 10 8 6 5 5 6 11 15 28 28 29 39 53 35 52 42 38 64 70 40 30 44 61 55 37 31 37 23
0 0 0 0 0 0 0 0 0 0 0 0 0 0 0 0 0 0 0 0 0 0 0 0 0 0 0 0 0 0 0 0 0 0 0 0 0 0 0 0 0 0 2 5 10 4 2 1 3 5 7 3 6 13 13 19 26 11 20 32 19 16 13 26 17 29 21 12 10 8 8 15 10 12 15 25 31 49 53 55 55 45 45 27 21 33 55 28 22 57 59 42 36 39 40 34
0 0 0 0 0 0 0 0 0 0 0 0 0 0 0 0 0 0 0 0 0 0 0 0 0 0 0 0 0 0 0 0 0 0 0 0 0 0 0 0 0 0 0 2 3 2 3 2 4 4 10 6 7 9 12 35 25 21 10 9 14 12 6 15 5 27 21 22 15 17 14 6 12 15 23 30 37 55 58 61 58 60 39 25 19 20 30 29 39 40 32 28 22 28 47 50
0 0 0 0 0 0 0 0 0 0 0 0 0 0 0 0 0 0 0 0 0 0 0 0 0 0 0 0 0 0 0 0 0 0 0 0 0 0 0 0 0 0 2 2 2 1 2 1 2 3 6 6 8 15 25 19 22 13 6 1 11 28 14 29 31 28 30 32 25 8 5 15 19 27 25 30 39 64 55 66 70 53 39 37 17 19 52 50 41 30 37 33 37 51 51 35
0 0 0 0 0 0 0 0 0 0 0 0 0 0 0 0 0 0 0 0 0 0 0 0 0 0 0 0 0 0 0 0 0 0 0 0 0 0 0 0 0 1 1 3 4 6 13 5 6 13 12 8 10 10 11 17 12 8 6 13 12 32 44 34 27 22 11 9 13 6 11 32 31 30 39 28 46 60 59 62 46 57 38 38 23 52 27 33 23 40 48 57 54 50 46 42
0 0 0 0 0 0 0 0 0 0 0 0 0 0 0 0 0 0 0 0 0 0 0 0 0 0 0 0 0 0 0 0 0 0 0 0 0 0 0 0 0 1 1 3 2 2 4 1 3 10 24 22 11 8 11 14 20 19 41 28 21 29 26 38 25 9 6 2 7 4 32 36 51 33 46 30 33 40 57 60 67 42 43 32 40 21 24 32 18 23 61 62 60 41 41 61
0 0 0 0 0 0 0 0 0 0 0 0 0 0 0 0 0 0 0 0 0 0 0 0 0 0 0 0 0 0 0 0 0 0 0 1 1 0 1 0 0 2 3 2 7 7 13 7 7 13 15 17 24 12 14 32 37 30 24 19 28 51 52 29 7 5 15 13 5 7 18 32 56 56 45 28 31 21 35 32 57 54 45 15 12 44 18 30 37 47 36 51 52 55 51 60
0 0 0 0 0 0 0 0 0 0 0 0 0 0 0 0 0 0 0 0 0 0 0 0 0 0 0 0 0 0 0 0 0 0 0 2 2 2 2 2 1 1 7 10 13 7 24 12 8 13 10 11 7 10 5 7 15 23 26 25 27 28 13 6 4 14 19 11 8 18 32 41 46 55 50 28 29 31 28 24 35 43 33 8 26 25 19 41 54 37 47 51 57 50 70 73
0 0 0 0 0 0 0 0 0 0 0 0 0 0 0 0 0 0 0 0 0 0 0 0 0 0 0 0 0 0 0 0 0 0 0 0 4 1 4 1 2 2 3 11 9 11 9 6 22 20 17 18 25 26 20 15 18 19 20 25 28 12 12 7 14 11 14 9 8 20 28 49 50 60 68 41 26 30 40 36 32 36 14 11 20 6 4 14 30 18 20 42 42 57 56 44
0 0 0 0 0 0 0 0 0 0 0 0 0 0 0 0 0 0 0 0 0 0 0 0 0 0 0 0 0 0 0 0 0 0 0 0 1 3 4 5 5 4 6 6 9 21 22 12 6 20 21 25 25 31 34 23 19 12 21 19 17 17 15 29 10 4 9 8 17 29 40 31 50 46 57 54 25 22 26 43 25 37 7 7 22 8 11 13 12 11 13 29 40 47 28 20
0 0 0 0 0 0 0 0 0 0 0 0 0 0 0 0 0 0 0 0 0 0 0 0 0 0 0 0 0 0 0 0 0 0 0 0 1 3 2 5 2 3 2 5 7 9 3 16 11 13 20 17 20 29 34 41 39 36 35 50 38 32 30 16 9 2 6 16 29 39 44 45 40 39 33 55 54 27 42 19 29 16 10 20 6 9 14 17 27 37 25 40 49 49 35 23
0 0 0 0 0 0 0 0 0 0 0 0 0 0 0 0 0 0 0 0 0 0 0 0 0 0 0 0 0 0 0 0 0 0 0 1 0 1 1 1 3 2 1 1 3 7 7 15 9 10 19 18 20 19 22 29 30 29 29 30 20 16 18 9 7 6 16 27 46 36 38 41 47 32 34 26 66 19 18 22 19 7 8 15 15 17 14 40 45 20 31 36 41 27 20 23
0 0 0 0 0 0 0 0 0 0 0 0 0 0 0 0 0 0 0 0 0 0 0 0 0 0 0 0 0 0 0 0 0 0 0 1 1 1 1 1 1 2 3 3 7 10 9 6 10 18 17 18 15 22 23 28 33 20 20 21 19 12 6 4 11 17 29 39 37 40 51 26 14 38 62 36 47 18 15 14 11 9 6 12 9 8 10 28 31 41 24 30 34 26 28 16
0 0 0 0 0 0 0 0 0 0 0 0 0 0 0 0 0 0 0 0 0 0 0 0 0 0 0 0 0 0 0 0 0 0 0 1 1 4 4 1 2 1 2 3 5 5 8 6 5 12 12 19 22 23 17 22 22 17 21 21 20 14 5 11 11 29 48 37 36 39 41 38 24 36 46 27 36 31 9 7 6 9 13 18 10 19 14 21 35 39 36 41 30 31 23 27
0 0 0 0 0 0 0 0 0 0 0 0 0 0 0 0 0 0 0 0 0 0 0 0 0 0 0 0 0 0 0 0 0 0 0 0 1 3 6 7 3 3 4 7 9 6 4 7 15 13 23 27 17 16 27 24 36 32 21 21 12 12 12 19 14 38 43 52 55 50 38 39 24 31 55 20 8 16 19 5 10 12 13 14 11 12 4 16 39 42 31 23 28 31 47 48
0 0 0 0 0 0 0 0 0 0 0 0 0 0 0 0 0 0 0 0 0 0 0 0 0 0 0 0 0 0 0 0 0 0 0 0 1 3 7 7 4 5 5 10 12 18 11 23 16 11 6 9 17 24 11 19 20 24 13 20 22 16 12 26 34 43 43 55 58 50 41 43 28 31 36 35 7 6 6 6 7 4 4 3 6 16 8 14 25 31 29 31 37 40 43 45
0 0 0 0 0 0 0 0 0 0 0 0 0 0 0 0 0 0 0 0 0 0 0 0 0 0 0 0 0 0 0 1 1 0 0 1 1 1 5 8 10 15 12 8 16 33 16 20 20 14 15 20 16 32 20 16 23 32 38 33 20 8 24 35 41 38 40 56 48 58 41 48 21 22 28 29 12 2 7 2 2 1 5 5 8 4 5 12 33 43 29 34 44 47 46 30
0 0 0 0 0 0 0 0 0 0 0 0 0 0 0 0 0 0 0 0 0 0 0 0 0 0 0 0 0 0 0 0 0 0 0 1 1 3 3 3 4 4 4 5 10 26 15 18 18 20 18 18 16 13 11 22 34 33 27 30 12 6 18 22 34 50 58 52 40 44 64 34 34 15 13 20 7 8 3 2 3 2 3 5 11 6 13 28 32 17 24 42 55 46 44 30
0 0 0 0 0 0 0 0 0 0 0 0 0 0 0 0 0 0 0 0 0 0 0 0 0 0 0 0 0 0 0 0 0 0 0 0 1 2 1 3 2 3 2 4 6 9 11 23 13 15 15 21 30 29 11 20 26 41 36 22 7 3 7 31 31 45 33 24 23 22 34 51 51 12 7 11 2 6 1 4 2 3 2 6 10 17 28 12 24 26 36 51 37 36 32 29
0 0 0 0 0 0 0 0 0 0 0 0 0 0 0 0 0 0 0 0 0 0 0 0 0 0 0 0 0 0 0 0 0 0 0 0 1 3 3 4 5 5 13 13 8 11 15 21 21 18 10 21 22 20 29 29 31 25 22 15 3 6 13 22 37 42 42 53 31 15 23 22 28 26 9 6 5 2 2 3 1 4 7 8 4 15 22 22 35 49 33 38 28 26 23 39
0 0 0 0 0 0 0 0 0 0 0 0 0 0 0 0 0 0 0 0 0 0 0 0 0 0 0 0 0 0 0 0 0 0 0 1 1 3 4 5 9 7 7 9 11 12 24 34 24 21 28 28 42 46 39 22 19 26 23 15 6 22 15 24 44 46 53 53 45 22 13 13 20 23 17 4 6 2 4 4 5 3 7 14 13 16 30 31 28 43 50 30 37 39 24 29
0 0 0 0 0 0 0 0 0 0 0 0 0 0 0 0 0 0 0 0 0 0 0 0 0 0 0 0 0 0 0 0 0 0 0 0 1 1 2 7 14 7 11 14 26 25 26 35 30 29 38 51 42 34 39 35 38 26 27 15 9 24 24 41 48 54 64 46 25 23 18 19 16 8 3 11 6 3 2 3 2 5 13 13 19 32 33 49 41 42 27 25 27 36 33 25
0 0 0 0 0 0 0 0 0 0 0 0 0 0 0 0 0 0 0 0 0 0 0 0 0 0 0 0 0 0 0 0 0 0 0 0 1 2 3 4 4 5 20 22 34 32 24 18 21 24 13 28 41 30 29 30 24 26 29 12 8 26 23 45 53 55 52 41 32 37 24 16 29 16 7 3 4 4 2 3 4 9 12 8 17 23 26 23 40 25 18 20 37 35 29 28
0 0 0 0 0 0 0 0 0 0 0 0 0 0 0 0 0 0 0 0 0 0 0 0 0 0 0 0 0 1 3 0 0 0 0 0 1 4 3 4 10 2 4 2 5 15 11 24 17 26 24 31 37 41 25 21 27 29 30 13 10 30 31 42 56 66 44 34 21 49 51 9 22 20 11 4 2 2 3 2 4 4 8 20 19 20 15 17 25 27 32 40 41 45 27 14
0 0 0 0 0 0 0 0 0 0 0 0 0 0 0 0 0 0 0 0 0 0 0 0 0 0 0 0 0 0 0 3 1 1 1 1 2 2 2 3 6 10 8 13 18 12 18 35 29 34 35 23 24 28 31 29 34 38 36 17 20 41 58 57 55 48 39 31 20 17 29 31 7 9 7 5 3 1 4 4 7 11 8 8 17 19 17 14 20 43 44 45 33 24 27 13
0 0 0 0 0 0 0 0 0 0 0 0 0 0 0 0 0 0 0 0 0 0 0 0 0 0 0 0 0 0 0 0 1 1 2 3 2 0 1 1 3 5 7 11 21 29 23 16 34 34 26 41 43 32 28 47 32 35 37 16 27 45 60 64 66 58 32 22 43 25 11 6 12 9 3 4 2 2 7 9 2 3 5 9 12 11 25 20 28 21 27 21 16 19 12 12
0 0 0 0 0 0 0 0 0 0 0 0 0 0 0 0 0 0 0 0 0 0 0 0 0 0 0 0 0 0 0 0 0 0 0 0 1 1 1 1 1 2 2 4 13 17 13 31 35 38 38 39 42 44 47 47 47 34 34 12 37 46 52 65 62 47 28 32 27 38 14 10 3 1 2 2 5 3 2 3 4 9 11 17 18 17 31 30 19 14 18 25 18 8 11 12
0 0 0 0 0 0 0 0 0 0 0 0 0 0 0 0 0 0 0 0 0 0 0 0 0 0 0 0 0 0 0 0 0 1 1 1 1 2 2 1 1 2 9 15 19 13 22 23 32 39 42 40 43 46 45 48 45 35 23 9 18 40 63 64 45 52 27 30 24 16 38 9 3 1 0 3 1 3 3 4 6 14 19 20 17 30 24 24 16 16 19 22 15 10 15 16
0 0 0 0 0 0 0 0 0 0 0 0 0 0 0 0 0 0 0 0 0 0 0 0 0 0 0 0 0 0 0 0 0 0 1 1 1 2 1 2 7 13 6 7 7 15 18 19 32 29 43 47 43 42 44 49 34 34 23 19 17 27 43 58 68 45 23 27 20 12 7 6 4 1 0 1 4 4 6 5 6 9 14 25 24 16 24 19 36 25 20 20 8 16 10 31
0 0 0 0 0 0 0 0 0 0 0 0 0 0 0 0 0 0 0 0 0 0 0 0 0 0 0 0 0 0 0 1 0 0 1 1 1 1 2 3 8 9 10 11 15 19 25 25 40 38 43 41 45 43 46 34 31 29 35 19 23 27 42 44 54 31 34 34 19 23 12 6 3 1 1 1 2 2 4 4 5 7 9 14 14 15 19 26 36 41 21 26 19 22 17 32
0 0 0 0 0 0 0 0 0 0 0 0 0 0 0 0 0 0 0 0 0 0 0 0 0 0 0 0 0 0 0 0 0 1 1 1 1 2 4 4 3 6 10 15 18 23 23 37 39 26 27 32 33 43 50 38 36 31 29 14 23 32 40 40 40 25 17 21 26 11 12 4 3 1 1 1 2 3 2 3 5 6 6 7 9 13 15 19 19 30 32 32 14 26 28 23
0 0 0 0 0 0 0 0 0 0 0 0 0 0 0 0 0 0 0 0 0 0 0 0 0 0 0 0 0 0 0 0 0 0 0 1 2 2 4 3 4 9 13 11 10 21 29 34 28 31 30 36 33 31 35 48 48 34 20 14 23 38 44 39 28 24 14 12 19 21 8 3 2 4 2 1 1 1 2 4 4 7 9 11 8 14 10 22 19 19 27 27 12 21 20 15
0 0 0 0 0 0 0 0 0 0 0 0 0 0 0 0 0 0 0 0 0 0 0 0 0 0 0 0 0 0 0 0 0 0 1 1 1 2 2 2 4 7 6 9 19 21 26 35 24 33 33 35 33 24 30 43 31 32 32 16 17 26 54 45 38 21 16 10 7 4 4 2 1 2 0 0 1 1 2 2 3 4 5 15 14 16 16 18 17 19 24 14 13 21 15 22
0 0 0 0 0 0 0 0 0 0 0 0 0 0 0 0 0 0 0 0 0 0 0 0 0 0 0 0 0 0 0 0 0 0 0 1 1 1 1 4 3 3 4 10 5 12 26 34 40 41 20 25 26 36 40 35 32 39 30 16 7 23 28 38 30 21 39 14 10 6 3 1 1 1 1 1 1 1 2 2 4 5 9 10 16 5 8 8 14 27 22 7 16 25 23 20
0 0 0 0 0 0 0 0 0 0 0 0 0 0 0 0 0 0 0 0 0 0 0 0 0 0 0 0 0 0 0 0 0 0 0 1 1 1 2 1 1 4 9 4 11 13 19 28 26 20 21 31 37 39 40 46 46 43 32 20 11 22 37 31 25 32 30 31 5 5 2 1 1 2 2 0 1 2 4 2 3 5 9 11 10 4 15 15 14 11 9 4 18 22 19 16
0 0 0 0 0 0 0 0 0 0 0 0 0 0 0 0 0 0 0 0 0 0 0 0 0 0 0 0 0 0 0 0 0 0 0 0 0 1 1 2 1 2 3 6 8 13 10 16 21 27 29 42 45 28 34 39 44 31 34 22 15 34 30 34 31 24 23 16 6 5 2 1 1 1 1 0 1 1 2 3 2 11 9 6 11 16 15 14 9 5 5 10 19 21 16 16
0 0 0 0 0 0 0 0 0 0 0 0 0 0 0 0 0 0 0 0 0 0 0 0 0 0 0 0 0 0 0 0 0 0 0 0 1 1 1 1 1 1 2 5 11 12 14 21 28 36 36 38 33 26 24 25 27 29 33 31 20 33 37 39 34 23 11 5 6 6 3 0 1 2 0 0 2 2 3 5 6 4 7 9 12 18 9 13 9 7 8 17 17 15 10 13
0 0 0 0 0 0 0 0 0 0 0 0 0 0 0 0 0 0 0 0 0 0 0 0 0 0 0 0 0 0 0 0 0 0 0 0 0 0 0 0 1 2 5 8 12 13 15 23 18 36 26 26 39 27 33 23 22 27 27 28 19 37 36 29 28 15 9 2 3 3 2 1 1 1 0 0 1 3 4 4 7 3 8 10 12 17 10 8 17 8 15 14 6 15 13 11
0 0 0 0 0 0 0 0 0 0 0 0 0 0 0 0 0 0 0 0 0 0 0 0 0 0 0 0 0 0 0 0 0 0 0 0 0 0 0 1 2 4 4 7 12 18 20 23 19 23 25 28 34 37 35 35 31 24 25 14 26 35 42 47 23 12 6 4 4 2 2 0 1 1 1 1 1 1 3 4 5 8 6 10 14 14 13 4 6 13 10 5 8 9 19 9
0 0 0 0 0 0 0 0 0 0 0 0 0 0 0 0 0 0 0 0 0 0 0 0 0 0 0 0 0 0 0 0 0 0 0 0 0 0 0 2 1 2 4 6 10 16 14 15 17 15 21 25 31 25 33 25 32 34 21 21 25 44 27 27 16 9 5 5 3 1 2 1 0 1 1 1 1 1 2 2 6 6 5 7 13 11 7 2 6 17 6 9 11 9 15 7
0 0 0 0 0 0 0 0 0 0 0 0 0 0 0 0 0 0 0 0 0 0 0 0 0 0 0 0 0 0 0 0 0 0 0 0 0 0 1 1 1 3 4 3 5 8 12 18 14 18 19 23 27 30 32 33 32 33 22 21 20 23 22 15 14 16 6 8 4 1 1 0 1 0 1 1 1 1 1 2 3 5 5 11 18 14 6 3 13 11 9 16 16 7 9 6
0 0 0 0 0 0 0 0 0 0 0 0 0 0 0 0 0 0 0 0 0 0 0 0 0 0 0 0 0 0 0 0 0 0 0 0 0 0 0 1 2 1 1 7 8 5 9 15 17 18 19 22 24 26 30 32 30 19 18 19 19 31 13 12 5 7 10 6 2 1 1 1 0 0 0 0 0 1 2 3 3 6 6 19 26 6 3 12 7 10 13 14 9 4 7 6
0 0 0 0 0 0 0 0 0 0 0 0 0 0 0 0 0 0 0 0 0 0 0 0 0 0 0 0 0 0 0 0 0 0 0 0 0 0 0 1 1 1 2 1 3 4 9 17 14 16 19 21 23 23 27 29 18 12 18 24 16 23 13 11 7 6 4 7 1 1 0 0 0 0 0 0 1 1 1 2 3 5 17 25 12 5 7 10 10 7 7 9 11 6 5 4
0 0 0 0 0 0 0 0 0 0 0 0 0 0 0 0 0 0 0 0 0 0 0 0 0 0 0 0 0 0 0 0 0 0 0 0 0 0 0 0 0 1 1 1 2 9 7 9 10 20 17 17 21 23 25 25 14 10 21 20 28 24 10 8 4 6 4 2 1 0 0 0 0 0 0 1 1 1 1 3 3 8 9 8 5 7 12 12 7 11 8 5 4 4 3 2
0 0 0 0 0 0 0 0 0 0 0 0 0 0 0 0 0 0 0 0 0 0 0 0 0 0 0 0 0 0 0 0 0 0 0 0 0 0 0 0 0 0 2 2 3 3 5 7 14 11 14 26 10 20 21 14 8 18 22 18 33 16 5 7 3 2 2 2 1 0 0 0 0 0 0 1 1 1 2 3 4 11 5 9 6 10 11 10 6 5 6 3 3 3 4 3
0 0 0 0 0 0 0 0 0 0 0 0 0 0 0 0 0 0 0 0 0 0 0 0 0 0 0 0 0 0 0 0 0 0 0 0 0 0 0 0 0 0 1 3 2 2 3 10 7 8 19 15 18 20 13 13 7 16 23 18 16 10 4 4 3 2 1 0 1 0 0 0 0 0 0 0 1 1 4 6 6 10 4 3 5 10 11 10 10 6 5 4 2 2 5 3
0 0 0 0 0 0 0 0 0 0 0 0 0 0 0 0 0 0 0 0 0 0 0 0 0 0 0 0 0 0 0 0 0 0 0 0 0 0 0 0 0 0 1 2 2 2 6 3 8 14 10 11 16 17 12 11 6 13 21 14 6 5 2 1 2 1 1 0 0 0 0 0 0 0 0 1 1 4 16 8 13 5 3 4 7 7 9 7 4 2 3 5 1 1 3 5
0 0 0 0 0 0 0 0 0 0 0 0 0 0 0 0 0 0 0 0 0 0 0 0 0 0 0 0 0 0 0 0 0 0 0 0 0 0 0 0 0 0 1 1 1 1 3 5 6 7 11 9 12 15 16 9 8 10 17 15 5 2 1 1 1 1 0 0 0 0 0 0 0 0 0 1 4 3 5 11 4 3 3 7 6 7 8 6 2 2 3 1 1 1 1 4
0 0 0 0 0 0 0 0 0 0 0 0 0 0 0 0 0 0 0 0 0 0 0 0 0 0 0 0 0 0 0 0 0 0 0 0 0 0 0 0 0 0 0 0 1 1 1 1 2 4 8 8 10 12 8 4 8 11 13 6 6 3 1 0 0 0 0 0 0 0 0 0 0 0 1 2 3 5 6 9 4 2 3 6 5 11 9 5 3 2 2 2 1 1 1 2
0 0 0 0 0 0 0 0 0 0 0 0 0 0 0 0 0 0 0 0 0 0 0 0 0 0 0 0 0 0 0 0 0 0 0 0 0 0 0 0 0 0 0 0 0 1 1 2 3 5 4 8 9 6 6 3 5 9 10 4 3 1 1 0 0 0 0 0 0 0 0 0 0 0 1 4 5 5 3 5 2 3 5 5 5 9 5 1 2 3 1 2 1 1 1 2
