sesion_6_simulaciones/modelos_agentes/ejemplos_netlogo/scenarios/echam4_a2/rob_2060.asc
NCOLS 322 
NROWS 307 
XLLCORNER 451900 
YLLCORNER 4086900 
CELLSIZE 100 
NODATA_value -9999 
[rows 222 to 295 of 307, columns 96 to 191 of 322]
5 2 2 1 1 1 0 0 0 0 0 0 0 0 0 0 0 0 0 0 0 0 0 0 0 1 4 8 3 2 2 4 5 6 1 1 0 0 0 1 1 1 2 5 7 10 16 32 38 40 42 42 44 47 45 42 43 50 68 68 68 70 37 54 13 31 22 24 29 24 16 18 11 13 25 22 21 7 6 3 19 15 16 14 17 9 30 42 58 35 31 37 25 19 25 16
3 1 1 1 0 0 0 0 0 0 0 0 0 0 0 0 0 0 0 1 0 0 0 1 1 1 1 3 14 4 3 7 12 3 1 1 0 0 0 1 1 1 3 4 6 10 14 20 30 33 38 27 35 41 47 65 70 42 20 27 27 28 23 23 48 9 15 13 34 25 18 31 11 12 26 17 19 6 19 18 29 68 26 23 19 24 14 17 51 73 54 54 53 33 27 25
1 1 0 0 0 0 0 0 0 0 0 0 0 0 0 0 0 0 0 0 1 0 1 1 2 2 1 3 11 8 7 10 4 2 1 0 0 0 0 0 1 1 2 4 5 7 11 14 24 31 32 35 52 32 49 72 31 28 23 22 7 24 26 14 14 24 5 23 25 20 34 29 7 9 12 17 12 8 10 19 16 11 45 34 23 26 32 17 16 53 84 67 62 44 47 38
1 1 0 0 0 0 0 0 0 0 0 0 0 0 0 0 0 0 1 1 3 1 1 1 4 5 2 6 9 24 14 4 1 1 1 0 0 0 0 0 1 1 2 4 4 6 10 12 21 24 27 32 50 42 22 18 23 20 17 12 35 54 18 30 24 65 36 17 22 23 34 28 17 16 16 23 13 10 18 34 30 12 5 13 58 49 30 31 27 25 70 67 59 53 36 28
2 1 0 0 0 0 0 0 0 0 0 0 0 0 0 0 0 0 1 3 6 2 3 2 3 8 11 6 15 17 4 2 1 0 0 0 0 0 0 0 1 1 2 2 3 8 10 17 19 20 33 45 41 33 33 28 40 29 19 39 12 18 39 47 31 75 37 29 5 22 19 26 16 13 18 23 17 8 18 43 24 18 34 24 23 13 18 36 36 46 28 40 51 38 22 26
1 1 0 0 0 0 0 0 0 0 0 0 0 0 0 0 0 0 1 1 1 6 3 5 4 6 19 23 15 10 2 2 2 1 1 0 0 0 0 0 1 1 3 4 6 9 11 14 17 21 26 24 19 28 26 30 48 37 42 15 17 27 25 32 59 30 40 38 52 15 11 20 24 4 6 10 9 17 30 13 68 47 66 43 62 32 51 42 34 24 26 44 35 26 18 10
1 1 0 0 0 0 0 0 0 0 0 0 0 0 0 0 1 1 0 1 2 2 8 16 5 7 16 27 15 4 6 4 2 1 1 0 0 0 0 0 0 1 2 3 3 7 8 11 21 21 32 29 31 33 26 38 46 72 38 28 19 37 50 75 37 27 36 30 18 19 21 11 12 4 6 10 13 13 57 39 17 12 32 56 40 46 41 47 29 38 32 26 20 24 22 26
1 1 0 0 0 0 0 0 0 0 0 0 0 0 0 0 1 2 3 2 2 2 2 12 7 10 12 46 21 11 16 10 3 2 2 0 0 0 1 1 1 1 2 4 4 5 4 8 16 20 21 23 27 21 42 44 28 27 19 33 21 17 20 32 16 9 15 21 9 11 3 15 9 5 10 5 6 17 11 19 19 18 23 31 24 24 40 49 30 35 21 12 17 13 14 15
0 1 0 0 0 0 0 0 0 0 0 0 0 0 0 0 1 1 3 5 9 9 2 5 23 6 8 27 41 44 17 9 5 2 1 0 0 0 1 1 3 2 1 4 5 6 7 8 10 11 12 13 19 22 33 18 22 19 20 20 22 19 25 26 24 33 32 35 25 21 20 16 10 3 7 8 3 11 14 21 29 31 26 55 34 18 30 20 20 31 16 10 9 14 14 10
1 1 0 0 0 0 0 0 0 0 0 0 0 0 0 0 1 1 3 5 9 10 9 10 11 16 9 14 45 35 20 9 5 2 1 0 0 1 1 3 4 5 7 4 5 8 8 9 11 13 16 18 19 19 11 13 10 10 9 9 9 7 8 29 34 33 14 27 24 17 9 8 10 4 3 7 16 14 17 46 32 38 39 42 38 31 20 21 20 22 22 14 11 9 12 7
1 0 0 0 0 1 0 0 0 0 0 0 0 0 0 0 1 2 4 8 9 8 4 11 30 19 11 14 32 36 27 16 4 3 1 1 0 1 1 2 4 6 8 15 10 11 7 15 24 29 35 28 15 12 10 14 10 11 21 21 14 20 15 11 10 12 15 13 18 17 20 20 24 2 5 4 17 20 27 16 20 35 43 32 36 58 46 30 25 17 12 9 13 8 8 4
1 1 0 1 1 0 0 0 0 0 0 0 0 0 0 0 1 2 3 6 9 16 4 11 12 25 23 28 43 42 29 16 6 2 1 1 1 1 3 2 3 6 9 10 15 26 17 8 17 32 39 48 31 17 19 23 35 33 35 44 34 30 25 15 23 35 19 17 10 26 35 32 28 21 13 26 37 13 42 20 63 49 33 53 40 34 44 45 56 26 13 9 9 5 3 3
4 1 1 1 0 0 0 0 0 0 0 1 1 0 0 0 0 2 3 5 10 12 8 5 12 15 45 37 25 22 16 10 3 1 1 1 1 2 3 3 4 8 10 13 14 17 20 36 20 23 32 31 29 37 30 39 35 42 54 40 25 26 33 22 14 10 21 22 10 12 6 4 3 2 13 3 14 50 26 24 8 21 55 57 35 37 59 37 46 22 27 15 6 7 5 5
5 3 2 1 0 0 0 0 0 0 0 1 1 1 0 0 1 1 2 7 14 15 17 7 9 18 23 47 21 11 8 4 1 0 0 1 2 2 4 6 7 10 10 13 18 22 23 28 35 27 34 32 39 57 33 33 40 37 39 40 35 45 42 39 23 12 24 20 25 12 14 9 7 6 22 6 5 10 14 14 8 4 55 70 48 51 62 67 43 39 35 27 19 23 8 3
4 4 2 0 0 0 0 0 0 0 1 1 2 1 1 0 1 1 1 5 7 15 34 14 7 21 21 48 26 15 4 2 1 1 1 2 3 3 6 7 8 11 11 18 25 25 42 33 39 53 41 53 46 46 40 33 33 36 59 43 51 35 29 42 37 19 13 15 14 8 30 8 4 11 9 15 13 33 28 23 23 15 11 45 56 65 76 60 37 29 16 17 17 7 4 6
14 7 1 1 0 0 0 0 0 0 1 2 4 4 1 1 2 2 2 3 12 20 15 27 6 13 21 34 24 17 12 7 4 1 1 3 3 2 8 8 9 12 13 23 36 36 55 47 35 26 59 76 77 46 46 19 30 33 48 34 56 36 28 24 23 17 8 13 8 23 5 5 4 5 8 4 10 15 20 18 17 16 21 22 46 35 21 50 41 25 21 10 6 8 6 5
7 2 1 1 0 0 0 0 1 1 1 2 6 6 4 2 1 3 3 5 10 14 22 31 16 19 30 44 36 24 20 8 5 1 1 3 7 4 6 9 12 14 17 36 36 46 53 54 53 42 42 60 62 60 39 18 28 33 22 42 51 45 10 48 10 18 14 10 7 13 5 3 3 9 11 8 14 24 56 30 45 23 27 26 24 17 32 31 24 29 13 8 7 6 4 3
2 1 0 0 0 0 0 0 1 2 1 1 4 8 11 4 2 5 9 16 16 8 28 49 31 28 40 41 30 36 23 8 5 2 1 4 6 5 5 8 15 15 23 31 38 49 54 56 56 57 46 59 68 58 47 17 25 39 36 31 37 37 10 21 19 15 19 7 10 7 3 5 8 8 5 5 8 17 26 13 28 40 48 26 33 24 20 25 19 9 9 12 11 9 7 2
1 1 0 0 0 0 1 1 1 3 3 3 6 11 14 8 3 6 8 32 26 8 23 45 41 17 13 69 56 28 21 12 5 2 1 5 8 9 6 15 19 28 24 33 46 41 57 59 60 68 48 61 63 46 47 14 23 28 33 36 29 24 21 19 22 18 13 10 7 3 4 5 7 6 7 6 9 25 20 18 25 23 55 53 37 46 43 23 12 9 6 5 7 7 4 2
1 1 0 0 0 0 1 1 2 5 10 7 5 10 20 20 6 4 10 21 29 17 24 41 56 21 25 69 38 38 32 16 8 1 1 7 8 6 16 13 23 32 29 38 40 42 67 61 63 62 60 52 38 44 72 29 14 30 42 25 18 13 9 21 16 12 10 13 7 2 3 4 6 7 11 12 18 47 37 37 30 30 39 40 45 56 39 32 23 17 9 10 9 3 3 1
1 1 1 0 0 1 1 2 3 4 9 8 7 14 25 25 9 5 26 22 24 32 29 48 64 66 55 66 57 46 30 14 4 2 2 7 9 11 13 25 18 31 42 36 29 40 58 65 66 58 60 62 52 49 68 41 38 13 26 49 26 21 11 9 6 14 12 10 3 2 2 8 6 5 7 12 18 61 50 42 50 23 25 29 32 35 45 40 18 14 14 9 8 5 4 2
2 1 1 0 0 1 2 3 4 6 12 19 16 20 21 35 13 7 21 24 28 37 37 51 69 78 54 69 39 32 31 12 3 2 3 3 7 26 15 16 30 26 40 38 40 58 60 51 63 63 59 56 66 74 72 62 20 9 29 34 36 16 10 9 8 5 3 3 2 2 13 6 3 13 6 11 10 28 26 38 28 38 57 39 27 23 16 17 19 16 11 8 7 5 3 1
4 2 1 1 1 1 3 5 9 13 17 16 28 16 29 42 17 19 13 39 46 42 35 53 65 59 43 32 22 22 13 8 2 1 3 4 11 21 25 15 22 39 17 57 41 48 60 48 48 72 61 39 63 66 60 64 50 13 10 12 22 20 12 7 5 2 1 0 1 3 17 6 8 13 72 50 31 35 31 41 50 61 45 53 45 46 31 28 25 14 10 4 3 3 1 0
2 0 0 1 2 1 3 7 6 17 21 22 35 16 33 41 23 35 16 31 56 50 64 45 71 56 34 30 18 15 14 4 2 2 6 5 6 12 23 25 37 26 26 32 62 44 40 53 62 75 64 52 38 42 42 64 65 13 11 14 15 8 7 4 2 3 1 1 5 8 3 10 31 42 57 58 47 53 41 57 66 53 39 21 33 28 32 28 16 15 10 4 2 1 1 0
1 0 1 3 3 4 6 9 12 12 23 28 46 30 39 50 24 36 46 26 32 52 41 78 55 61 28 23 21 8 3 3 4 4 8 10 10 6 10 7 14 25 38 63 42 49 58 55 50 53 61 62 30 28 21 19 42 31 15 7 8 5 2 1 1 0 1 3 3 9 4 3 8 30 11 36 79 76 69 67 73 51 34 35 33 16 15 14 20 14 3 3 2 2 2 1
1 0 1 6 10 5 7 11 17 20 25 30 39 49 32 55 28 28 50 42 40 61 36 64 69 37 20 15 5 4 7 9 8 4 11 11 11 10 9 21 19 23 36 53 68 46 38 55 42 57 48 46 41 34 19 25 12 27 14 6 7 4 4 2 3 1 1 5 3 5 7 10 17 13 14 15 39 51 64 49 30 32 31 32 23 19 18 12 7 5 3 2 1 1 3 1
1 1 2 8 11 7 8 13 12 20 29 36 40 49 50 72 33 31 49 52 49 61 80 57 38 42 34 20 12 9 14 13 11 5 4 11 9 14 20 19 23 30 35 46 48 63 42 38 46 48 46 35 47 36 23 12 7 12 8 6 3 3 3 3 2 1 1 5 3 4 8 11 53 33 31 24 17 10 36 49 45 21 22 18 23 18 8 4 2 1 1 2 2 3 4 3
2 1 3 11 12 13 8 18 13 23 48 38 37 41 73 71 35 37 37 51 50 65 80 29 50 45 25 22 26 24 31 31 15 12 6 13 9 16 30 16 26 43 53 52 42 52 40 58 40 47 57 68 31 16 15 12 15 3 2 12 3 2 6 3 2 1 4 14 4 5 7 42 62 41 30 22 23 27 23 31 38 27 18 21 23 18 8 6 5 2 1 2 4 4 5 5
2 1 3 13 15 14 10 26 26 28 51 39 59 53 55 63 68 49 58 42 57 51 82 71 47 31 32 37 29 41 43 39 18 10 7 4 14 27 14 31 37 40 60 66 68 49 60 20 12 16 55 13 29 19 22 10 3 1 1 2 3 1 2 1 1 1 8 3 3 4 4 7 6 15 26 20 23 28 22 23 27 16 23 22 27 27 18 22 8 5 2 5 5 5 9 6
3 2 4 14 18 28 11 28 35 34 31 43 34 63 64 37 34 70 49 48 41 64 70 47 42 38 39 42 49 71 41 22 12 12 13 5 10 13 39 37 40 47 53 70 46 63 47 38 24 37 37 6 41 39 21 5 7 4 3 1 6 1 1 1 0 1 2 14 5 3 8 30 24 34 32 28 24 31 34 43 34 32 29 26 25 31 34 10 8 3 3 6 7 7 10 3
2 6 9 17 24 31 16 15 25 42 49 52 32 29 49 70 34 26 74 65 36 62 73 50 57 31 60 78 63 38 24 23 21 13 9 3 8 7 21 31 37 65 64 47 30 48 39 50 48 50 28 18 30 41 26 22 9 2 2 1 4 1 1 1 0 2 3 2 2 2 7 15 19 24 35 41 27 29 22 33 18 14 18 43 38 37 19 11 3 4 8 8 8 14 14 3
4 11 17 21 25 24 30 25 26 20 33 55 25 22 46 58 61 51 16 37 40 61 44 44 36 65 50 34 40 26 30 34 25 9 12 6 12 17 25 26 18 43 44 29 38 40 43 31 46 45 39 27 45 33 17 10 3 4 1 1 1 2 0 1 1 2 0 3 5 6 7 15 28 29 30 41 27 25 20 31 43 32 48 38 35 22 24 12 5 8 9 9 16 15 13 7
7 13 19 19 26 39 33 46 38 31 23 36 65 25 50 44 47 64 43 21 33 65 21 46 77 39 38 44 46 46 36 20 9 12 15 10 13 20 28 24 31 45 36 23 44 47 21 19 47 36 14 10 18 12 13 3 4 1 3 0 1 1 1 0 6 6 1 6 9 5 18 19 36 43 50 52 38 27 34 38 45 40 51 33 34 30 14 8 6 10 10 11 19 26 8 6
10 17 20 12 17 50 55 45 39 36 54 36 42 63 37 41 48 22 64 33 34 41 73 55 44 52 58 57 57 52 31 15 11 12 24 11 12 23 38 44 42 48 51 43 45 23 27 32 18 21 15 11 13 10 7 6 3 2 1 2 0 0 1 3 3 1 3 4 9 7 23 17 25 44 57 40 35 45 36 40 46 46 35 41 32 19 6 7 11 11 17 19 24 23 10 7
15 26 23 17 22 42 41 57 61 36 48 55 47 51 64 37 50 26 23 47 23 24 64 62 58 53 50 56 57 34 33 28 20 9 17 6 10 15 29 49 50 52 33 45 35 43 27 25 26 32 19 10 11 10 9 6 2 1 1 2 1 0 1 0 1 4 6 5 3 8 17 18 32 26 35 61 34 38 20 21 24 26 43 37 27 17 11 9 14 14 21 15 45 18 13 10
13 19 29 23 26 29 42 42 46 54 64 54 49 52 72 63 28 21 28 25 52 54 62 51 59 65 63 60 56 45 35 30 24 12 23 7 9 19 30 46 49 61 56 50 46 41 35 44 22 22 20 13 8 9 7 8 4 1 0 0 1 0 1 1 1 1 0 0 1 12 9 14 27 30 37 26 22 13 10 28 43 41 18 33 40 30 12 16 15 22 18 17 45 19 15 13
17 30 37 36 38 28 30 48 52 52 66 64 60 51 61 63 41 38 27 32 26 56 59 56 39 54 54 56 41 53 46 35 25 23 31 5 20 29 33 33 23 55 60 53 42 46 47 33 24 39 35 29 6 7 10 5 2 1 0 0 0 0 1 1 1 1 2 3 4 6 8 12 15 17 35 11 14 18 13 48 42 21 33 33 36 45 23 29 27 17 16 11 32 20 17 13
19 29 57 37 41 40 36 51 55 52 50 61 55 54 68 44 47 52 34 27 27 45 44 38 37 51 56 53 52 40 37 35 44 37 12 4 20 39 47 48 40 53 64 47 41 47 30 21 30 49 34 24 20 9 8 4 2 1 0 0 0 0 1 0 1 2 6 7 5 11 13 25 16 13 10 15 30 40 23 43 41 42 33 31 28 30 39 34 18 21 17 6 24 32 6 9
23 18 45 55 41 43 37 53 58 51 45 46 58 67 61 55 43 55 35 21 30 69 44 61 41 48 57 64 52 40 48 50 42 26 16 10 13 30 57 67 60 57 42 55 37 41 29 22 30 18 12 11 13 16 4 2 1 1 1 1 1 0 0 1 2 4 6 6 12 6 14 10 6 9 11 36 33 43 53 15 32 35 42 45 34 28 53 39 22 25 14 15 28 21 8 14
25 22 35 60 59 45 51 55 51 51 52 41 52 64 60 45 39 26 35 20 29 60 48 64 47 47 50 44 50 40 65 43 33 24 25 17 22 34 44 56 73 70 60 46 53 21 22 32 21 12 11 12 9 7 21 4 1 1 1 1 0 0 1 1 1 1 10 10 6 4 5 10 10 20 18 39 39 46 31 39 38 21 44 39 32 39 44 29 37 19 12 15 45 19 13 19
33 57 46 48 58 45 40 55 54 45 55 41 22 32 63 64 53 31 26 41 27 69 70 35 47 58 37 40 38 53 46 47 42 18 22 15 23 45 44 46 45 54 46 61 40 39 18 31 33 12 18 18 12 11 7 2 2 1 1 0 0 1 1 1 1 2 11 2 5 2 7 16 34 13 22 41 27 26 44 38 12 19 41 44 52 45 37 23 35 25 15 19 36 30 22 20
33 41 58 60 59 44 44 53 47 42 43 48 37 39 43 55 45 16 21 42 21 62 48 47 50 41 22 41 36 45 57 49 54 31 22 19 24 47 43 52 65 47 29 54 23 41 29 19 26 23 32 19 15 7 4 2 1 0 0 1 0 0 4 1 0 4 2 2 10 9 21 18 16 28 23 15 26 50 27 14 11 34 54 43 46 49 30 25 21 20 30 21 21 42 24 22
46 54 51 58 57 46 52 48 48 41 25 39 39 50 43 44 43 43 52 55 41 50 36 43 39 52 41 42 59 33 53 60 49 38 40 14 22 44 64 49 52 44 45 38 33 23 41 10 19 17 21 14 10 4 4 2 3 1 1 0 0 1 0 1 1 3 2 5 7 7 8 16 33 48 23 18 44 42 36 23 24 34 14 21 43 55 30 28 22 33 33 22 17 63 28 37
46 52 46 46 17 35 59 38 48 46 34 32 46 51 36 46 32 52 41 55 44 37 50 32 33 44 67 58 32 46 44 54 54 36 34 15 21 48 43 49 45 34 50 49 46 23 11 43 14 35 14 11 5 7 3 4 1 1 1 0 0 1 2 2 0 1 2 6 9 5 5 19 44 37 18 38 33 21 23 70 52 20 27 45 32 27 34 17 21 29 31 24 34 66 49 44
45 35 21 11 10 19 58 37 24 29 33 21 25 47 61 53 20 19 47 30 41 38 50 49 16 46 62 37 33 49 32 59 61 54 28 6 17 36 41 52 38 35 41 47 50 35 14 9 3 3 17 13 3 5 3 5 2 1 0 0 0 1 1 3 2 1 2 2 7 6 8 26 37 15 22 41 38 5 36 34 22 38 56 46 33 31 29 11 32 31 35 26 49 84 55 32
47 48 33 32 33 26 31 51 16 20 14 32 26 35 55 41 55 17 24 39 44 50 56 65 42 21 42 48 41 28 56 49 50 44 27 12 11 23 48 56 21 38 56 47 40 23 20 17 13 11 7 7 11 2 1 1 1 0 0 0 0 1 0 1 1 1 2 1 2 3 14 12 18 29 18 21 13 13 26 21 26 48 49 34 28 15 10 10 23 30 33 29 50 70 52 19
58 43 47 41 26 31 25 26 32 30 22 51 29 33 26 29 44 45 34 46 46 40 55 44 14 25 38 32 31 40 58 54 30 33 41 22 17 15 28 37 10 20 24 23 25 16 14 10 35 23 10 6 3 2 1 1 0 2 0 0 0 0 1 0 1 2 1 1 4 7 3 8 5 13 14 21 5 34 28 50 28 28 20 23 26 19 12 23 24 35 32 42 48 70 19 15
37 37 44 36 39 24 19 34 52 49 17 19 39 35 15 14 11 21 39 37 13 18 24 26 35 10 35 52 23 54 43 43 41 31 44 19 31 10 28 43 39 16 21 23 11 14 5 3 6 11 4 12 9 3 1 0 0 0 0 0 0 0 0 1 1 2 1 3 4 2 4 5 9 11 5 10 29 39 57 22 23 27 32 40 24 15 12 25 34 36 33 25 59 70 49 15
37 55 41 40 38 36 26 37 51 35 33 20 15 27 32 17 27 18 9 25 10 22 44 38 28 21 35 21 24 52 43 50 36 18 36 18 24 18 11 31 26 43 31 18 13 18 15 5 9 11 12 8 3 2 2 1 0 0 0 0 0 0 0 0 1 1 1 4 6 6 4 6 4 3 18 22 19 33 36 22 19 25 32 29 20 19 14 31 37 24 34 35 22 44 50 17
42 40 37 29 39 50 24 33 35 40 32 27 36 20 11 31 23 12 17 22 33 11 9 18 17 37 33 50 23 30 47 38 28 48 26 15 20 30 12 33 39 42 46 15 16 30 14 5 10 13 4 6 2 2 2 1 1 0 0 0 0 0 0 0 0 1 2 1 1 1 3 2 10 23 10 13 14 15 16 16 10 17 22 28 25 18 14 23 39 22 33 25 31 31 33 20
34 34 53 35 47 54 17 27 37 42 37 30 39 31 42 23 37 47 15 25 32 9 16 19 25 48 44 63 28 33 37 38 51 25 20 13 14 42 16 18 32 43 24 23 26 25 5 3 31 45 6 6 4 1 1 1 2 0 0 0 0 0 0 0 0 0 0 1 2 4 6 9 4 9 8 5 7 18 14 13 21 37 21 19 25 12 22 21 38 19 23 7 3 11 39 56
35 42 50 48 39 32 17 26 39 44 39 26 20 20 36 40 23 12 17 16 14 6 14 12 32 32 56 37 37 54 52 44 31 31 13 5 5 42 16 16 20 26 24 22 22 18 1 7 11 11 13 6 4 1 0 0 0 0 0 0 0 0 0 0 0 0 0 1 4 10 13 13 7 5 4 7 31 28 15 16 29 23 24 36 8 13 24 29 31 16 8 5 14 16 15 36
39 22 24 46 36 42 31 12 37 35 42 28 28 17 27 19 25 9 10 8 5 13 13 16 16 34 28 43 50 70 45 51 39 39 27 3 24 36 15 15 24 12 21 19 16 11 3 7 5 7 7 3 4 2 2 0 0 0 0 0 0 1 0 0 0 0 1 4 1 2 6 4 3 4 10 16 23 16 11 35 32 25 32 12 11 27 47 21 8 5 9 20 13 44 26 35
35 9 27 39 47 37 39 20 15 25 33 18 23 20 28 29 14 9 16 10 2 11 47 20 20 22 13 23 31 41 46 49 33 19 24 12 24 16 21 16 29 22 17 23 25 15 8 5 4 5 4 6 2 2 1 0 0 0 0 0 0 0 0 0 0 1 0 1 1 1 4 8 5 12 13 17 23 26 22 36 29 16 12 8 25 44 10 5 6 12 14 26 37 30 33 21
30 13 14 11 34 37 46 25 4 16 27 16 22 15 45 25 10 3 6 8 3 13 21 13 15 6 22 35 39 35 44 32 36 28 16 14 16 14 16 11 4 19 15 30 20 20 21 27 17 12 6 10 3 1 0 0 0 0 0 0 0 0 0 0 1 1 0 1 1 1 2 8 11 23 9 9 27 35 21 18 11 22 5 19 26 10 3 10 13 21 23 23 27 39 36 22
37 22 30 9 34 44 39 23 6 4 5 22 24 14 15 19 6 8 7 13 10 3 10 17 11 10 27 37 36 28 26 23 36 27 22 25 29 8 20 14 6 10 12 17 27 12 8 6 5 4 2 5 1 1 1 2 1 0 0 0 0 0 0 1 0 0 0 0 1 0 2 7 11 13 12 14 36 32 28 21 13 8 22 23 14 3 9 21 18 18 23 18 27 31 28 25
48 18 31 8 15 34 22 10 6 6 7 9 14 29 17 16 7 6 4 9 5 8 18 9 11 22 13 30 34 32 22 32 21 14 26 24 18 15 12 19 13 7 11 11 15 11 20 8 6 9 10 5 1 1 0 1 1 0 0 0 0 0 0 0 0 0 0 0 1 1 2 4 9 12 11 12 15 16 39 13 9 9 17 7 7 22 20 19 19 19 18 14 10 8 16 26
33 17 29 13 10 34 22 25 17 15 9 10 14 21 20 21 20 10 4 5 3 4 7 11 18 16 30 43 37 19 24 27 15 12 44 25 15 16 11 6 6 8 11 18 13 14 23 9 11 7 8 2 5 1 0 1 3 1 0 0 0 0 0 0 0 0 0 0 1 1 1 3 9 12 13 5 12 27 23 33 25 13 5 8 9 12 12 26 24 16 23 14 12 7 10 4
26 18 28 21 15 19 10 25 11 11 12 10 15 11 8 13 8 6 5 5 8 2 4 19 15 22 21 24 26 22 25 24 24 15 34 21 20 13 26 8 17 18 7 9 16 22 27 13 16 14 5 2 4 1 1 1 1 0 0 0 0 0 0 0 0 0 1 1 0 0 2 3 2 6 9 7 18 38 66 25 14 7 3 8 7 30 21 15 19 21 38 29 11 9 11 4
37 17 27 18 12 10 6 20 25 14 13 13 10 11 7 12 6 5 3 2 4 2 5 10 16 11 20 29 23 24 19 22 16 27 29 21 29 45 14 9 11 11 12 9 26 12 17 20 9 8 9 5 2 1 2 1 2 0 0 0 0 0 0 0 0 0 2 2 1 1 1 2 6 11 5 25 30 32 23 28 9 2 6 14 14 17 23 12 18 29 23 27 8 7 9 4
34 19 38 22 8 10 15 10 29 11 20 17 8 4 7 4 3 4 4 2 1 5 5 4 7 7 26 20 13 19 22 9 17 36 14 41 16 43 26 9 21 9 20 12 27 24 19 17 7 11 8 3 2 3 2 1 1 0 0 0 0 0 0 0 0 0 1 1 1 1 1 1 4 5 25 19 11 26 18 25 13 7 8 18 31 17 20 25 27 17 18 11 8 5 7 3
27 16 42 21 7 6 35 17 16 11 12 16 7 9 7 5 4 5 5 2 1 1 1 1 3 5 24 28 25 15 10 8 16 32 25 14 24 22 21 10 19 5 16 5 16 22 24 19 8 11 5 6 2 2 3 2 1 0 0 1 0 0 0 0 0 0 0 1 2 1 1 2 7 15 15 7 8 42 24 13 13 8 16 10 27 26 14 20 18 15 12 6 21 6 4 2
42 14 30 12 6 9 17 16 12 28 23 11 9 5 5 4 7 5 3 3 0 1 1 4 8 11 14 16 19 12 6 8 27 18 27 17 36 15 12 12 19 5 16 11 11 17 33 15 8 11 8 6 2 1 2 2 1 0 0 0 0 0 0 0 0 0 0 1 1 1 1 3 4 5 7 7 11 29 21 4 4 10 23 22 24 20 7 13 27 21 10 5 13 3 3 3
40 16 28 10 6 10 11 33 14 24 33 20 6 4 3 6 8 4 1 1 0 1 1 4 3 5 4 13 6 5 11 9 49 23 28 27 26 11 7 24 11 8 9 28 33 16 16 12 16 9 6 4 3 2 1 1 1 1 0 0 0 0 0 0 0 0 0 0 1 1 1 1 3 3 11 10 23 25 24 5 4 20 23 22 19 18 6 10 15 15 5 4 4 5 5 4
51 40 8 18 7 8 18 27 15 11 20 13 21 3 7 15 5 4 1 1 1 1 1 1 2 3 15 6 10 10 10 21 4 11 6 16 13 8 5 25 8 7 2 13 47 17 10 15 14 8 6 4 2 1 2 2 1 1 0 0 0 0 0 0 0 0 0 0 1 0 1 2 4 4 10 22 10 24 18 8 7 26 14 11 14 9 11 10 6 8 11 4 3 6 4 3
35 9 8 14 7 7 28 23 24 8 5 8 20 1 3 2 2 3 1 3 0 0 1 3 4 4 4 10 11 7 22 8 16 8 19 16 10 12 6 15 6 14 6 12 33 28 13 11 12 10 6 4 2 2 1 1 1 0 0 0 0 0 0 0 0 0 0 0 1 1 3 6 9 9 22 45 3 28 13 11 11 11 15 7 9 6 13 17 8 4 8 4 3 3 4 3
33 11 4 15 10 10 18 3 10 15 3 4 13 5 1 2 2 1 1 1 1 2 6 2 3 3 6 16 8 14 9 14 26 41 21 14 34 9 16 22 7 7 9 15 21 16 10 23 8 6 4 4 4 2 0 1 1 1 0 0 0 0 0 0 0 0 0 0 0 1 2 3 10 21 19 6 13 26 20 7 6 10 18 6 10 12 14 7 9 5 2 5 5 3 2 2
33 4 8 13 6 7 12 2 2 2 6 11 3 4 1 2 1 1 0 1 1 1 1 2 2 2 3 6 9 12 6 11 22 13 8 27 10 6 32 10 14 19 14 14 20 14 10 7 9 3 2 1 3 3 1 0 0 0 0 0 0 0 0 0 0 0 0 0 0 1 1 5 9 5 18 9 16 11 6 3 4 16 12 13 7 8 9 6 4 6 5 2 2 3 1 1
33 4 6 14 6 15 11 5 2 3 7 8 10 6 1 1 1 2 1 0 0 0 1 3 1 1 3 12 6 5 4 18 6 11 31 4 8 10 17 7 15 15 10 29 27 19 13 5 5 4 2 1 3 2 1 1 0 0 0 0 0 0 0 0 0 0 0 1 0 2 2 10 10 8 2 9 20 4 6 5 8 11 14 11 5 7 5 4 2 7 3 7 2 1 0 0
15 4 6 17 3 9 15 9 4 3 2 9 3 3 4 1 1 1 0 1 1 1 1 1 0 1 5 7 10 2 19 3 4 19 15 7 12 15 23 14 3 20 18 26 31 16 8 2 3 7 4 1 1 1 1 1 0 0 0 0 0 0 0 0 0 1 2 1 0 1 5 14 11 6 2 12 12 8 6 5 6 9 10 10 8 4 2 5 3 5 3 1 3 1 1 1
12 3 4 12 3 8 11 3 2 3 4 5 2 2 2 1 0 0 1 0 0 0 0 0 0 1 15 3 5 2 12 8 3 24 9 5 12 38 17 11 6 17 19 23 8 14 5 4 2 1 2 2 1 0 0 1 0 0 0 0 0 0 0 0 1 1 1 2 2 4 8 12 10 2 4 12 7 3 3 5 6 5 12 3 4 3 2 2 3 1 3 1 1 2 1 1
26 4 12 5 2 12 4 2 3 2 5 1 4 1 0 1 0 0 0 0 1 2 0 0 0 1 4 2 1 8 4 3 12 13 11 4 8 34 34 14 5 11 11 23 17 9 3 3 2 1 1 1 1 1 0 0 0 0 0 0 0 0 0 2 5 5 7 12 8 21 12 16 10 1 15 21 3 3 3 6 5 5 8 3 6 6 1 1 2 1 1 0 1 0 1 1
20 11 1 1 1 6 2 2 4 4 3 2 2 1 0 0 0 0 0 0 0 0 0 0 0 2 2 1 3 1 2 9 9 5 6 9 18 36 24 8 7 13 10 12 8 4 6 5 2 2 1 0 1 1 0 0 0 0 0 0 0 0 1 1 1 0 4 9 18 32 44 26 2 8 13 21 6 1 2 11 4 11 3 5 3 7 1 2 2 1 1 0 2 0 1 0
12 1 1 2 2 3 0 2 2 3 1 3 3 1 1 0 0 0 0 0 0 0 0 0 0 2 0 2 3 1 7 9 2 2 8 7 3 32 19 3 5 7 6 8 8 4 2 2 1 1 1 0 0 1 0 0 0 0 0 0 0 0 1 1 1 1 6 39 47 37 29 2 5 9 14 21 15 2 6 6 4 4 3 4 3 4 0 1 2 1 2 1 1 0 0 0
