sesion_6_simulaciones/modelos_agentes/ejemplos_netlogo/scenarios/echam4_a2/rob_2035.asc
NCOLS 322 
NROWS 307 
XLLCORNER 451900 
YLLCORNER 4086900 
CELLSIZE 100 
NODATA_value -9999 
[rows 0 to 72 of 307, columns 192 to 287 of 322]
42 39 22 12 35 61 34 17 16 21 25 10 7 5 9 7 4 5 7 6 5 5 4 5 8 13 7 13 14 35 11 3 3 1 0 1 2 2 1 4 6 2 2 12 17 21 17 29 43 50 32 34 40 47 44 56 46 83 46 39 7 9 15 38 49 34 49 45 23 35 18 10 13 19 35 18 17 33 56 23 13 15 15 19 17 13 31 25 24 25 8 20 30 60 18 5
49 28 34 31 40 59 20 29 44 28 19 15 23 21 12 11 16 3 7 9 10 5 3 3 3 13 4 5 4 7 29 12 2 1 1 0 1 1 3 2 4 1 1 3 5 9 18 18 36 73 83 65 44 44 44 46 68 68 67 17 21 12 41 35 45 42 48 34 40 16 5 21 9 19 48 21 51 36 29 33 24 31 33 21 16 8 21 29 29 26 15 26 22 29 14 10
26 52 32 31 59 48 35 18 11 27 28 29 43 45 25 39 25 21 31 30 25 10 6 3 2 2 2 1 1 2 3 14 9 2 2 1 1 1 2 1 0 1 5 12 10 22 22 30 37 56 62 53 62 49 65 76 40 38 45 23 22 27 36 25 27 54 24 23 18 24 12 14 12 19 60 21 61 47 24 41 26 23 30 31 17 5 14 16 29 21 15 40 21 39 12 3
36 37 63 57 45 34 32 32 32 55 32 49 64 51 45 60 45 24 36 51 37 28 19 10 6 4 1 1 1 0 1 2 1 2 1 1 1 0 0 0 2 4 2 3 5 24 23 30 12 23 18 21 31 61 50 57 52 21 28 34 38 18 21 39 25 54 41 35 54 19 28 23 8 8 40 21 29 26 33 39 29 27 30 34 19 6 12 27 40 16 28 25 22 38 9 2
27 21 42 13 52 59 52 41 55 48 49 35 42 37 45 64 48 54 57 61 54 31 23 22 11 15 7 12 8 2 1 0 1 1 1 1 0 0 0 1 1 2 3 5 5 9 10 17 42 59 62 51 47 41 66 70 31 28 10 12 34 32 23 37 37 54 33 23 15 10 8 7 11 7 21 21 17 32 57 64 54 20 19 41 37 27 3 23 25 37 32 18 32 48 16 3
29 24 42 35 22 29 56 27 53 45 35 43 18 43 54 56 58 57 25 21 42 24 17 26 21 20 9 15 10 3 3 1 1 0 0 0 0 0 0 0 1 2 4 10 20 42 49 56 53 35 40 41 46 65 82 60 36 29 9 46 63 60 51 50 39 61 24 29 37 29 38 27 22 17 13 18 28 26 36 27 40 62 45 34 39 27 9 16 24 27 13 18 28 28 18 4
22 11 14 34 24 19 55 22 16 31 39 67 41 23 44 56 51 52 31 12 14 35 43 47 25 21 22 14 14 11 8 5 4 3 2 0 1 1 1 0 1 2 6 10 33 20 29 37 57 44 44 81 47 71 76 45 30 35 19 37 51 56 54 57 65 55 49 45 42 16 26 26 21 31 27 14 6 19 39 43 32 57 37 19 11 37 13 11 14 14 14 27 42 50 13 12
15 12 12 17 38 31 47 57 18 9 19 28 50 17 7 24 14 26 31 17 13 22 12 19 23 18 21 13 18 15 12 11 10 9 8 3 4 2 1 0 1 5 10 18 26 35 32 57 77 74 74 49 63 62 69 41 25 10 18 24 32 27 26 20 21 49 32 25 46 25 23 18 23 29 30 20 6 28 47 25 52 66 46 20 12 33 24 12 14 27 27 30 54 33 19 13
29 23 22 14 23 20 34 61 61 29 14 15 27 38 22 15 10 28 34 25 19 29 8 16 33 22 19 20 19 27 23 20 21 16 9 8 3 1 0 1 2 4 11 15 35 37 28 41 55 69 56 35 76 61 58 26 12 46 65 50 60 50 60 43 48 75 43 33 14 15 22 20 22 24 20 12 8 15 19 34 48 60 45 31 14 16 17 10 10 33 26 36 29 41 18 28
21 24 24 15 13 8 29 29 58 45 36 21 19 24 30 13 12 9 27 27 24 31 10 10 19 22 16 14 10 17 3 9 17 15 10 4 2 1 1 1 1 2 7 12 25 12 12 51 31 27 24 80 58 61 37 19 31 57 61 73 55 83 70 40 60 33 53 45 41 17 18 28 27 15 11 8 7 12 41 21 13 46 49 45 26 12 22 7 10 13 16 43 30 39 23 54
27 25 27 26 14 8 4 6 11 30 19 14 11 29 18 12 15 4 8 20 16 33 35 8 10 9 29 13 4 10 17 4 1 1 2 7 3 2 1 1 2 3 9 20 6 18 27 32 9 17 60 63 38 49 21 14 30 45 41 58 79 81 45 29 31 46 54 53 61 43 54 35 32 27 17 12 5 5 14 27 28 54 67 44 48 19 12 17 5 16 40 18 26 20 21 64
50 33 18 22 23 21 15 9 7 7 8 7 13 13 11 9 6 11 7 8 20 24 20 10 2 7 22 14 5 4 14 16 2 1 1 1 5 2 0 1 7 9 10 4 2 3 15 4 10 40 69 52 30 24 10 39 39 33 42 77 66 58 15 25 38 41 65 59 50 57 43 35 41 43 38 28 10 7 22 24 25 74 50 60 43 35 15 8 6 24 25 14 36 13 39 72
58 43 39 54 46 44 40 23 38 24 19 13 6 5 5 4 5 16 15 5 4 10 9 9 2 5 10 7 5 2 2 7 2 1 0 0 2 3 0 1 5 6 5 9 8 8 23 4 17 51 45 19 4 20 47 59 58 64 84 72 19 26 28 20 20 21 35 35 59 38 20 32 52 55 52 29 11 3 20 31 58 63 27 39 55 36 21 5 6 24 20 14 39 13 34 46
71 67 62 66 62 57 46 42 39 40 37 37 16 11 7 5 3 2 2 2 4 3 2 3 3 5 6 5 2 1 1 4 3 2 0 0 1 2 1 2 2 4 3 2 2 12 6 5 23 18 10 3 9 25 37 45 69 65 55 13 46 61 53 41 43 23 20 20 52 42 56 67 47 33 30 32 15 5 12 25 57 26 20 41 68 40 28 13 4 9 10 13 22 13 28 24
28 66 70 69 62 64 42 51 27 29 44 32 26 24 24 18 12 5 1 2 1 1 1 2 3 3 2 1 0 0 1 2 2 2 0 0 1 3 3 1 1 2 3 1 1 2 2 4 6 5 2 4 11 15 32 45 47 13 37 50 61 55 59 80 83 72 64 44 46 57 64 50 58 45 25 19 11 6 12 25 34 16 11 55 68 68 45 45 20 4 7 12 12 13 35 31
42 61 69 50 58 76 61 36 55 42 30 40 35 42 41 25 17 6 4 4 2 1 1 0 2 1 0 0 0 0 0 2 3 3 2 1 1 1 1 2 1 1 1 1 0 1 4 6 3 2 8 6 7 12 20 30 14 44 46 47 59 72 81 70 66 75 40 33 64 18 49 78 53 40 45 45 43 23 9 26 29 16 6 14 37 63 21 13 18 17 4 15 8 11 37 31
71 22 71 53 47 71 77 77 46 25 38 36 51 47 39 29 27 19 11 10 7 6 2 1 1 1 2 2 1 1 0 0 0 1 2 1 1 1 1 2 1 1 1 1 0 0 1 1 3 11 9 21 21 13 12 33 46 45 47 46 68 59 78 67 68 44 31 60 44 39 37 20 57 32 58 64 64 43 30 9 44 25 17 5 14 39 49 14 5 7 3 4 8 16 11 12
48 16 58 37 54 64 64 46 72 78 50 59 60 23 24 21 29 26 17 14 10 9 7 2 2 2 6 4 3 2 0 0 0 0 0 1 1 1 1 1 1 1 1 0 0 1 2 6 9 9 15 34 33 34 15 32 35 63 61 59 76 63 59 51 32 32 49 62 48 32 18 19 50 54 62 61 64 64 45 15 10 21 22 15 5 16 32 21 15 2 7 1 9 12 6 6
34 38 39 42 29 54 63 39 42 76 46 68 77 49 37 26 38 54 45 30 24 11 5 4 6 4 8 7 10 3 3 2 3 1 1 0 1 0 1 1 0 0 0 0 1 3 8 9 9 12 25 39 33 25 41 46 52 49 36 48 66 36 20 13 31 33 30 79 62 23 25 16 52 51 16 34 71 59 62 45 12 8 36 19 11 4 16 21 20 8 1 1 11 5 1 1
39 17 22 35 25 33 65 28 23 52 59 72 73 58 59 50 16 27 28 39 21 14 12 9 9 9 9 12 12 10 6 4 4 3 2 1 0 0 0 0 0 0 1 1 5 5 7 15 8 18 33 27 46 45 49 52 17 13 29 47 74 33 15 39 53 47 61 67 47 39 25 10 19 55 44 15 35 45 56 54 44 12 10 21 16 5 3 11 22 14 1 1 7 1 6 13
58 24 26 26 8 18 50 28 37 26 48 37 55 26 37 42 11 9 21 40 24 34 16 8 24 17 11 7 8 7 4 2 3 2 4 2 1 1 0 0 0 0 2 5 7 10 5 5 19 37 27 34 55 65 75 68 46 35 47 49 50 21 21 53 53 47 47 20 45 49 32 9 12 26 59 33 14 20 67 42 35 14 5 11 14 4 5 15 10 10 1 1 1 2 11 32
33 9 30 28 8 6 21 47 10 21 56 46 53 27 24 13 15 4 9 41 35 23 16 14 7 8 3 2 3 3 3 3 2 1 4 2 1 1 1 0 0 1 2 4 3 8 7 15 17 18 16 27 41 74 79 81 78 68 53 45 30 16 35 45 62 57 48 27 25 45 20 10 12 19 55 36 16 17 27 50 34 25 9 6 14 5 7 12 6 3 3 10 4 9 30 41
44 10 36 42 15 9 11 26 8 8 46 31 21 11 6 13 13 10 3 7 10 21 37 37 13 3 8 4 1 2 2 1 1 1 2 4 2 1 0 0 0 2 4 5 2 3 2 5 4 5 5 21 41 34 54 72 58 44 24 70 35 16 36 44 43 52 72 42 37 16 10 11 26 42 69 34 16 21 33 60 34 15 8 3 7 11 7 11 4 2 7 35 17 18 19 35
32 25 20 37 5 10 15 23 17 6 6 5 6 19 8 5 15 13 5 8 8 10 25 15 13 4 6 7 4 1 1 1 1 1 1 1 2 1 0 0 0 1 1 2 1 1 2 3 8 8 6 18 18 28 31 24 18 36 60 41 15 27 41 37 53 72 48 37 39 25 10 16 27 46 50 25 24 19 30 53 40 40 16 4 3 5 6 10 2 3 10 10 25 42 23 29
11 8 14 13 7 3 16 25 10 3 6 4 4 10 13 7 9 11 9 3 3 4 6 5 5 3 4 9 6 2 1 1 0 1 1 1 1 1 0 0 0 1 2 2 3 6 8 9 8 11 20 13 9 6 7 16 36 39 67 33 13 43 34 30 58 78 44 52 47 26 17 17 28 59 41 24 31 18 23 38 36 36 30 16 4 2 7 4 2 15 19 19 23 21 62 29
4 6 3 9 4 2 17 22 8 2 2 4 3 2 8 10 4 3 5 5 2 2 3 4 3 2 2 5 12 2 1 1 0 0 0 0 1 0 1 0 0 1 1 1 3 4 7 3 4 11 15 29 24 43 30 35 35 52 55 11 22 36 27 21 48 62 40 42 37 29 15 14 31 61 28 37 31 12 11 19 20 31 18 7 8 2 2 4 13 32 36 39 48 32 23 54
2 2 1 2 1 5 11 9 4 2 1 2 2 1 1 4 4 4 3 4 1 1 1 2 1 1 1 1 2 3 2 0 0 0 0 0 0 0 1 0 0 0 0 1 1 2 2 3 7 9 20 27 27 39 53 67 64 76 40 11 26 32 22 31 71 62 21 38 41 26 16 9 24 58 28 23 21 20 4 8 21 29 10 6 2 2 4 14 32 31 36 35 44 55 69 42
1 1 0 0 0 0 1 1 1 1 0 0 0 0 0 1 1 1 2 3 1 1 1 1 0 0 2 1 1 1 2 1 1 0 0 0 0 0 1 0 0 0 0 0 1 1 4 4 4 18 16 22 30 38 50 76 59 50 10 29 38 26 48 59 81 44 50 26 24 26 23 14 35 58 36 21 19 20 4 7 18 27 16 16 6 1 4 11 15 11 12 12 13 20 40 45
0 0 1 1 0 0 0 0 0 0 0 0 0 0 0 0 0 0 0 1 1 1 0 0 0 0 1 1 1 1 1 1 0 0 0 0 0 0 0 0 0 0 2 2 2 3 8 20 6 15 12 15 23 23 61 51 27 8 26 38 37 33 56 80 51 29 42 23 22 24 20 11 21 51 65 37 23 11 5 6 15 29 22 10 5 1 3 5 4 12 15 26 30 28 27 43
1 2 1 3 1 1 0 0 0 1 1 1 2 2 3 2 1 1 0 0 0 0 0 0 0 1 1 0 1 0 0 0 1 0 0 0 0 0 0 0 1 2 2 2 4 7 9 7 21 15 14 13 27 28 60 19 11 18 34 40 34 35 56 79 37 26 24 37 18 8 7 11 33 54 26 49 30 12 4 3 21 18 23 10 3 1 4 10 21 34 21 37 48 43 38 18
2 4 4 5 3 1 1 4 2 4 4 5 5 6 6 5 4 3 2 1 1 0 0 0 0 0 0 0 0 0 0 0 0 0 0 0 0 0 0 1 2 2 3 6 8 14 13 11 18 42 43 41 27 39 22 10 4 27 30 36 20 35 55 66 42 18 25 33 24 15 4 10 43 21 15 56 40 18 6 3 10 9 17 9 2 2 9 11 14 24 25 25 17 18 23 43
6 6 6 6 3 2 2 6 5 5 6 7 13 8 12 11 6 4 3 3 2 3 2 1 1 0 0 0 0 0 0 0 0 0 0 0 0 0 0 2 3 3 4 5 10 15 20 35 31 34 19 55 37 23 23 18 8 23 35 49 47 39 63 29 14 34 39 19 33 13 4 10 19 20 12 53 25 17 5 4 8 8 9 5 1 5 20 31 36 27 23 12 24 26 26 36
17 16 9 13 8 4 4 5 6 7 16 17 16 21 18 9 7 5 5 5 5 4 3 2 2 2 1 0 0 0 1 1 0 0 0 0 0 0 0 2 2 3 3 7 13 17 29 33 27 26 18 10 25 24 27 5 15 25 23 36 33 46 45 51 48 29 19 15 39 27 9 6 18 14 27 57 21 13 8 3 3 7 6 2 4 11 22 49 54 50 51 32 37 48 41 66
23 24 23 13 11 9 5 10 16 19 25 21 23 17 21 13 11 10 7 13 10 8 4 3 2 4 2 1 1 1 3 1 0 0 0 0 0 0 0 1 1 2 3 5 8 22 13 5 36 29 18 10 22 25 4 4 12 16 21 40 50 56 59 32 21 20 29 21 16 20 13 7 18 14 21 33 26 23 9 2 2 4 2 2 7 12 15 18 14 16 19 33 47 48 76 74
28 28 31 28 23 7 7 14 24 32 33 29 30 27 26 24 15 27 18 15 6 4 4 4 4 3 2 2 2 3 1 1 0 0 0 0 0 0 0 1 1 3 7 6 3 6 6 11 11 15 15 4 11 2 5 4 6 11 14 32 50 61 39 56 33 19 18 16 13 22 21 6 7 12 18 23 24 10 7 3 1 2 2 4 14 6 9 17 37 42 43 37 25 71 49 61
47 58 43 15 25 11 16 18 43 38 35 35 38 55 53 34 34 25 15 20 8 7 3 9 8 3 3 3 7 1 1 0 0 0 1 0 0 0 1 1 3 4 6 2 4 6 6 11 10 9 5 4 6 2 5 3 8 22 29 44 34 31 44 59 23 12 9 9 16 14 11 6 4 9 9 25 21 12 6 2 1 1 3 11 22 27 25 25 33 29 27 51 54 66 44 25
63 74 39 37 45 19 16 48 47 60 30 44 55 46 63 42 22 13 28 18 13 9 2 14 3 2 4 7 2 1 1 1 1 1 1 1 1 0 0 0 2 3 1 1 2 8 19 17 11 6 5 3 3 4 7 12 21 14 11 16 23 36 39 56 30 15 14 10 7 6 6 7 3 7 13 11 10 14 6 2 1 5 12 11 21 44 47 50 50 51 30 41 38 43 46 19
53 70 39 37 51 26 26 61 55 61 24 45 69 54 68 37 29 30 37 34 21 7 7 4 5 8 15 2 1 2 2 2 2 1 1 1 1 1 0 0 0 0 1 1 5 13 13 6 15 4 3 2 6 6 9 7 6 4 15 20 19 43 46 38 19 52 50 33 19 15 8 6 3 5 6 5 7 7 2 1 2 10 24 37 36 45 56 53 45 44 46 52 19 7 35 25
68 43 45 39 52 28 31 61 77 57 19 57 75 66 66 65 38 52 65 39 21 9 17 7 15 15 2 2 3 3 2 2 3 2 2 1 1 1 1 1 1 1 1 2 17 6 12 2 4 7 2 3 8 8 10 8 6 14 43 52 43 38 68 36 48 31 37 38 17 9 8 6 2 2 3 5 3 5 1 0 3 7 11 26 27 15 29 13 12 16 10 65 47 23 17 9
85 70 49 38 48 28 44 62 85 47 29 46 71 72 73 45 38 80 45 11 13 32 24 16 18 7 5 5 8 7 3 4 3 3 1 2 1 3 2 1 1 0 0 0 3 3 3 1 1 1 1 2 5 11 11 24 29 33 25 39 52 55 35 50 41 40 14 27 42 15 5 3 2 1 2 3 2 2 1 1 4 10 12 15 13 7 11 20 35 54 69 82 57 20 13 6
78 78 48 51 55 32 43 66 78 51 31 52 85 84 52 63 43 45 17 11 21 52 58 32 19 17 8 6 10 6 4 11 5 1 2 3 2 4 3 1 1 1 0 0 0 0 0 0 1 2 5 6 12 17 19 32 26 22 45 64 66 64 46 52 12 66 47 10 10 34 26 16 7 3 0 2 1 1 1 1 4 5 6 11 8 11 35 40 37 33 44 68 33 19 13 5
76 64 45 59 53 50 38 66 76 50 38 53 84 75 60 49 26 16 6 23 44 52 34 13 9 4 3 18 15 8 11 9 4 2 2 4 5 5 4 1 1 1 1 1 1 0 0 0 1 2 4 5 9 12 11 16 22 41 33 76 61 32 28 73 43 20 53 21 7 5 10 11 14 11 4 1 1 1 0 1 4 5 4 6 11 21 33 35 32 45 34 44 38 23 10 4
76 64 39 62 55 53 48 50 61 38 34 51 65 34 36 29 13 18 14 30 56 26 19 18 8 8 5 25 20 10 23 10 3 5 4 6 6 12 6 2 2 1 2 1 1 0 0 0 1 2 2 3 10 10 21 28 15 39 47 66 19 7 30 66 30 27 16 43 14 3 4 5 11 8 7 5 1 0 0 1 3 4 6 4 7 17 47 25 18 56 27 25 30 9 4 4
49 46 41 61 52 42 56 45 70 71 59 52 46 37 51 49 38 45 24 34 50 29 23 20 13 10 10 33 28 14 26 11 8 7 7 12 11 10 3 4 6 3 2 1 0 0 0 0 1 2 2 5 11 9 10 17 10 23 52 25 15 8 46 65 42 9 5 8 21 7 3 3 3 2 8 3 1 1 0 1 2 4 6 5 20 34 51 24 21 48 22 8 11 16 4 2
56 26 59 68 57 68 67 85 79 90 90 83 46 66 66 64 62 32 30 51 46 28 22 12 15 20 12 35 34 32 20 16 12 14 14 21 28 12 6 5 15 7 1 0 0 0 0 0 1 2 5 6 7 10 5 7 17 43 57 15 9 12 21 59 44 24 6 2 15 13 6 2 2 2 12 2 1 0 0 1 3 5 6 10 12 10 12 9 17 15 21 14 14 11 2 0
46 42 47 59 79 83 87 89 75 75 79 81 84 73 47 46 39 31 36 33 20 28 23 27 39 28 28 61 46 58 29 26 22 26 28 43 43 15 13 11 13 4 2 1 1 1 1 0 1 2 2 4 4 3 4 9 20 30 24 19 9 9 10 65 22 19 16 1 9 17 10 2 2 2 2 5 1 0 0 2 2 5 11 16 14 9 10 6 9 8 11 7 5 2 1 2
57 57 34 39 54 63 80 53 51 48 63 66 65 74 51 43 48 61 50 34 32 37 34 47 63 48 38 65 61 51 32 44 31 41 35 47 30 20 23 8 3 2 4 3 2 2 1 0 0 1 3 2 3 5 5 2 10 9 14 38 11 9 17 29 16 3 14 4 6 7 6 5 2 1 1 14 1 0 0 1 3 4 4 17 7 6 8 5 5 2 2 2 1 2 3 8
69 72 50 31 56 52 56 65 48 61 68 54 65 78 82 68 79 70 51 43 55 53 55 52 61 50 44 69 67 39 48 48 47 49 58 57 38 22 6 2 2 5 4 4 5 3 2 0 0 0 1 2 3 5 5 3 9 9 6 9 10 11 12 26 27 3 6 7 4 11 6 2 3 1 1 2 1 0 0 1 2 3 8 13 6 7 5 4 6 1 1 1 1 2 6 10
52 67 79 50 27 33 56 57 76 46 42 42 74 56 63 92 88 48 66 64 65 61 63 55 59 53 54 76 64 55 55 51 55 71 69 34 11 8 12 10 12 9 7 5 8 6 3 1 0 0 0 3 2 2 6 4 9 7 5 5 7 4 5 10 35 3 2 5 3 3 4 2 2 1 1 1 1 0 0 1 1 3 14 7 2 2 2 3 2 0 0 2 2 4 8 8
77 75 76 80 46 17 23 68 67 62 18 22 40 53 78 85 67 89 89 71 62 79 73 43 62 53 71 64 63 57 61 52 66 79 79 41 31 21 31 27 33 29 14 12 16 5 2 0 0 0 0 0 0 1 6 4 10 8 4 3 3 1 1 3 16 5 3 2 2 2 2 3 2 1 1 1 0 0 0 1 2 2 3 2 1 1 1 1 0 1 2 2 7 9 7 9
60 45 53 84 46 39 32 34 35 43 32 8 32 77 85 84 63 58 84 64 78 80 68 51 72 68 81 76 71 78 61 60 61 55 60 39 36 41 40 39 12 12 28 37 6 3 2 1 0 0 0 0 0 0 1 5 7 11 3 3 3 1 1 7 15 4 4 2 2 2 2 2 1 1 1 1 0 0 0 1 1 3 2 1 1 0 1 2 2 5 6 8 8 10 6 7
33 53 51 80 81 31 38 24 28 25 30 17 37 51 55 60 75 83 69 31 64 34 73 81 92 88 84 61 76 59 72 56 51 31 67 64 66 51 25 21 6 1 30 19 11 5 4 2 1 1 1 1 0 0 0 1 1 3 1 2 2 1 1 3 7 8 3 2 2 0 1 1 1 1 0 0 1 0 0 1 1 1 1 1 0 1 2 3 5 4 6 14 12 9 8 8
22 29 44 48 77 76 44 22 22 22 20 19 31 53 67 73 39 75 75 37 68 62 38 53 75 56 74 49 69 33 22 46 34 32 48 83 65 46 24 60 25 23 26 21 20 7 3 2 3 3 2 1 0 0 0 0 0 0 0 2 1 1 2 4 4 8 4 2 1 1 1 1 1 1 0 0 0 0 0 0 0 0 1 1 0 1 2 3 5 5 7 7 30 13 8 5
11 19 31 9 45 83 46 27 14 11 17 20 17 28 38 54 57 75 52 55 66 50 19 51 70 53 51 44 48 69 54 53 49 27 35 73 80 85 80 72 56 39 39 42 27 10 7 5 10 2 1 1 1 1 1 1 0 0 0 0 0 1 1 4 4 4 3 2 1 1 1 0 0 0 0 0 0 0 0 0 0 0 0 0 0 0 1 2 4 2 4 10 12 10 6 13
21 13 25 48 45 58 82 42 37 13 8 10 11 15 39 33 55 74 16 28 72 69 32 19 77 82 57 40 54 61 30 27 33 22 20 45 63 64 58 29 39 39 21 30 31 24 27 23 8 1 3 4 3 3 3 4 3 1 0 0 0 0 0 1 2 6 2 2 1 1 1 0 0 0 0 0 0 0 0 0 0 0 1 1 1 1 1 1 3 4 5 6 10 12 20 22
30 11 9 35 52 60 84 66 33 25 13 10 10 13 14 9 37 26 21 60 86 43 24 14 20 63 35 39 33 53 48 31 35 31 24 62 46 25 20 15 18 8 7 50 25 44 51 39 15 9 11 7 7 3 2 1 1 1 0 0 0 0 0 1 0 1 2 1 1 1 0 0 0 0 0 0 0 0 0 0 0 0 0 1 1 3 3 4 5 6 6 9 12 13 12 27
49 34 22 15 17 22 38 63 35 39 17 9 7 9 17 7 21 13 38 37 80 38 24 20 11 21 19 30 13 44 46 22 20 20 26 40 37 13 8 14 11 8 8 16 31 24 17 7 7 8 5 5 4 5 5 1 1 1 0 0 0 0 0 0 0 1 1 1 1 0 0 0 0 0 0 0 0 0 0 0 0 0 1 1 1 0 2 11 3 8 12 14 19 18 24 34
24 23 39 15 14 36 41 62 65 42 28 9 6 5 6 9 13 16 18 36 68 78 49 25 8 7 16 4 9 34 45 22 15 16 11 12 14 10 6 9 8 7 7 7 33 18 17 7 4 2 3 1 1 1 2 1 0 1 0 0 0 0 0 0 0 0 1 1 0 0 0 0 0 0 0 0 0 0 0 0 0 0 0 0 0 1 5 8 11 13 15 14 17 25 23 38
40 32 12 8 9 20 30 43 61 33 20 13 4 3 4 8 4 7 21 63 53 67 49 39 17 5 20 17 4 6 25 14 16 12 5 5 7 16 5 4 6 4 3 5 16 18 21 9 5 3 2 1 0 0 1 1 0 1 1 0 0 0 0 0 0 0 0 0 0 0 0 0 0 0 0 0 0 0 0 0 0 0 0 1 1 3 3 10 5 5 4 5 12 23 25 15
54 46 17 7 3 17 16 27 44 44 14 11 5 5 5 6 3 16 37 57 23 34 46 17 13 11 5 11 12 2 11 16 7 7 4 7 5 3 4 4 7 4 1 2 5 14 21 11 8 4 3 1 1 0 0 1 0 1 1 0 0 0 0 0 0 0 0 0 0 0 0 0 0 0 0 0 0 0 0 0 0 0 0 1 2 2 4 4 4 3 3 7 11 13 13 16
55 44 24 18 5 5 12 20 60 13 14 6 4 3 3 3 3 9 36 22 3 19 68 17 11 12 4 5 5 10 8 6 4 4 4 2 2 1 1 3 5 2 1 1 2 6 20 10 11 4 2 1 1 0 0 0 0 0 0 0 0 0 0 0 0 0 0 0 0 0 0 0 0 0 0 0 0 0 0 0 0 0 1 1 1 2 5 5 3 4 7 5 8 13 15 11
50 43 23 10 9 6 11 13 44 15 4 10 5 3 2 2 2 14 17 8 24 37 58 32 13 7 7 12 3 14 7 5 5 2 5 2 3 2 1 2 1 1 2 5 9 11 15 13 20 15 7 3 1 1 0 0 0 0 0 0 0 0 0 0 0 0 0 0 0 0 0 0 0 0 0 0 0 0 0 0 0 0 0 0 1 2 2 4 6 8 9 8 11 6 14 20
41 28 16 10 8 7 4 7 14 36 9 4 5 2 2 2 2 8 6 10 9 23 52 30 13 16 5 6 6 14 5 3 4 3 1 1 2 2 1 1 0 1 2 14 6 5 13 7 15 13 13 4 2 1 0 0 0 0 0 0 0 0 0 0 0 0 0 0 0 0 0 0 0 0 0 0 0 0 0 0 0 0 1 1 1 1 2 3 3 4 6 15 10 14 30 20
35 30 13 8 7 6 5 6 7 16 16 3 2 2 2 2 2 2 4 7 10 22 59 25 16 7 10 4 5 9 3 1 2 2 2 1 1 1 1 0 0 1 6 10 2 5 7 3 10 10 7 6 3 2 1 1 0 0 0 0 0 0 0 0 0 0 0 0 0 0 0 0 0 0 0 0 0 0 0 0 0 1 1 0 0 1 1 1 2 5 4 9 8 4 9 13
75 48 28 7 4 5 3 4 5 10 15 6 4 2 2 2 1 2 2 2 10 13 43 21 7 5 5 5 4 2 5 1 1 1 1 1 1 1 0 1 2 3 4 1 2 4 2 3 5 8 11 8 10 5 3 2 1 0 0 0 0 0 0 0 0 0 0 0 0 0 0 0 0 0 0 0 0 0 0 0 0 0 0 0 0 0 1 1 1 2 5 11 7 7 9 3
30 67 45 20 6 3 2 3 4 6 28 7 3 2 1 1 1 1 1 2 6 10 26 25 7 4 3 3 3 3 2 4 2 1 1 1 1 0 0 1 2 6 2 1 2 3 2 2 5 7 3 3 4 5 4 2 1 1 0 0 0 0 0 0 0 0 0 0 0 0 0 0 0 0 0 0 0 0 0 0 0 0 0 0 0 1 1 1 1 3 4 6 5 5 7 13
10 65 15 47 24 11 2 2 2 6 15 5 3 1 1 1 0 1 1 2 5 13 12 22 12 6 3 2 2 2 2 3 2 1 1 1 0 0 0 1 3 2 3 1 1 2 1 1 5 7 2 2 3 3 10 4 2 1 1 0 0 0 0 0 0 0 0 0 0 0 0 0 0 0 0 0 0 0 0 0 0 0 0 0 1 1 1 1 2 2 3 2 3 7 8 10
20 21 11 36 15 19 6 1 1 2 6 5 2 1 1 0 0 1 1 4 2 2 21 21 23 12 7 5 1 1 1 1 1 1 0 0 0 0 0 1 2 1 1 1 1 3 1 1 9 6 3 1 0 0 4 2 2 1 0 0 0 0 0 0 0 0 0 0 0 0 0 0 0 0 0 0 0 0 0 0 1 1 1 1 1 1 1 0 1 1 2 3 7 10 12 14
21 16 12 9 11 4 17 3 1 1 2 3 2 1 0 0 0 1 1 2 4 16 25 23 29 12 6 3 2 1 1 2 1 1 1 0 0 0 1 1 1 1 0 0 1 4 2 2 10 7 6 1 0 0 1 1 1 1 0 0 0 0 0 0 0 0 0 0 0 0 0 0 0 0 0 0 0 0 1 1 1 1 2 1 1 1 1 1 2 1 1 2 3 2 5 8
17 11 13 7 8 2 4 7 1 0 2 2 2 1 0 0 0 0 2 3 8 11 20 13 16 17 4 3 2 1 1 1 1 1 0 0 0 0 0 1 1 0 0 0 0 1 1 1 5 7 3 1 1 0 0 1 0 0 0 0 0 0 0 0 0 0 0 0 0 0 0 0 0 0 0 0 0 1 0 2 2 2 1 2 2 1 2 4 3 1 1 1 2 6 6 10
11 13 18 7 3 2 2 2 1 0 1 1 2 0 0 0 0 1 2 9 4 3 11 9 7 11 6 2 2 1 1 1 0 0 0 0 0 0 1 1 0 0 0 0 0 2 0 1 6 1 2 1 1 0 0 0 0 0 0 0 0 0 0 0 0 0 0 0 0 0 0 0 0 0 0 0 0 1 1 1 3 4 4 4 5 4 4 5 3 2 2 3 2 2 7 8
4 3 5 5 2 2 1 1 1 1 0 1 1 0 0 0 0 1 2 2 3 2 6 14 3 4 3 3 1 1 1 0 0 0 0 0 0 1 1 0 0 0 0 0 0 1 1 7 11 1 0 2 1 0 0 0 0 0 0 0 0 0 0 0 0 0 0 0 0 0 0 0 0 0 0 0 0 0 0 1 2 2 2 4 7 5 8 7 5 6 3 3 6 5 4 6
1 1 1 2 2 1 1 1 1 1 0 0 0 0 0 0 0 1 1 1 2 1 1 2 2 2 1 1 1 1 0 0 0 0 0 0 0 1 0 0 0 0 0 0 0 1 2 2 6 1 0 1 1 0 0 0 0 0 0 0 0 0 0 0 0 0 0 0 0 0 0 0 0 0 0 0 0 0 0 0 1 1 2 2 6 7 12 14 9 15 13 11 9 10 7 20
