sesion_6_simulaciones/modelos_agentes/ejemplos_netlogo/scenarios/echam4_a2/rob_2098.asc
NCOLS 322 
NROWS 307 
XLLCORNER 451900 
YLLCORNER 4086900 
CELLSIZE 100 
NODATA_value -9999 
[rows 144 to 215 of 307, columns 192 to 287 of 322]
11 66 81 77 89 85 56 28 40 41 47 30 30 22 11 3 2 7 20 12 3 3 3 1 0 0 0 0 0 0 0 0 0 0 1 1 0 0 0 0 2 1 0 1 5 12 8 12 24 33 36 37 49 41 49 61 61 44 53 64 62 56 56 38 45 45 49 41 63 35 49 68 41 47 64 54 36 32 26 73 64 22 20 19 11 25 11 4 3 2 3 2 1 0 0 0
24 70 84 89 90 90 90 76 61 55 52 36 26 15 8 1 0 2 6 9 1 1 1 0 0 0 0 0 0 0 0 0 0 0 0 0 1 1 1 1 2 1 1 2 6 28 36 32 34 63 57 54 43 56 65 36 20 28 39 57 56 44 64 45 48 42 51 39 70 27 55 61 52 23 40 40 37 26 30 75 51 17 21 45 39 21 7 5 1 1 2 1 1 0 0 0
49 72 84 80 90 90 82 83 79 69 61 39 31 7 3 1 1 0 0 1 1 0 0 0 0 0 0 0 0 1 0 0 0 0 0 0 0 1 2 2 3 1 3 4 12 29 48 59 57 42 58 68 71 76 71 37 16 7 39 52 51 68 60 50 49 61 56 50 71 45 36 62 23 30 43 24 53 31 44 33 69 63 40 28 18 9 6 2 1 1 1 1 1 0 0 0
43 68 77 77 88 83 90 90 88 90 83 64 24 14 8 7 2 1 0 0 0 0 0 0 0 0 0 0 0 0 0 0 0 0 0 0 0 0 1 3 1 1 5 14 23 21 35 34 37 47 63 61 68 68 53 24 24 10 19 23 40 57 70 70 78 79 66 53 63 59 43 70 25 55 28 39 42 36 56 29 16 38 37 26 16 7 5 2 1 1 0 0 0 0 0 0
31 53 46 65 76 77 82 83 88 71 89 81 47 34 19 6 3 1 0 0 0 0 0 0 0 0 0 0 0 0 0 0 0 0 0 0 0 0 0 1 2 1 4 8 10 18 20 37 24 53 40 35 28 36 34 27 14 16 32 33 75 67 44 68 62 63 66 37 34 74 44 62 48 24 28 78 41 57 70 67 62 60 36 17 15 4 2 3 1 1 0 0 0 0 0 0
5 21 42 72 61 73 75 85 84 88 78 52 49 38 15 3 1 1 0 0 0 0 0 0 0 0 0 1 1 0 0 0 0 0 0 1 1 1 0 1 3 1 3 10 11 19 13 25 33 34 31 21 20 24 13 4 9 23 28 55 40 51 79 79 46 62 79 76 48 57 69 66 67 30 33 66 42 63 56 49 66 44 38 23 13 6 3 2 2 1 0 0 0 0 0 0
6 3 23 49 58 61 77 78 78 87 62 50 39 16 7 4 1 0 0 0 0 0 0 0 0 0 0 0 1 1 1 0 0 0 0 1 0 1 1 3 3 11 27 17 29 25 5 5 19 21 21 11 8 8 2 3 14 21 29 40 32 40 74 65 52 66 44 44 71 83 76 57 48 35 30 57 51 29 25 32 18 18 18 8 11 8 3 1 2 1 1 0 0 0 0 0
9 2 4 11 11 41 48 40 68 81 57 58 57 20 5 1 0 0 0 0 0 0 0 0 0 0 0 0 0 0 0 0 1 0 0 1 2 2 2 3 4 14 9 8 9 6 6 2 2 13 9 8 3 4 2 7 20 26 32 26 35 59 51 67 71 59 32 48 48 33 50 65 47 33 64 48 44 26 34 40 13 8 13 8 6 6 3 1 3 1 1 0 0 0 0 0
25 6 1 1 7 10 13 28 70 71 85 67 57 30 4 1 0 0 0 0 0 0 0 0 0 0 0 0 0 0 0 0 1 1 0 0 1 1 3 9 5 5 7 7 3 2 2 2 1 4 3 3 3 1 2 7 12 14 24 33 51 44 37 31 63 34 40 42 30 31 28 50 47 46 43 50 36 41 43 29 34 31 47 25 15 10 5 5 2 2 1 1 1 0 0 0
16 5 1 1 4 1 2 21 52 34 78 76 61 29 5 0 0 0 0 0 0 0 0 0 0 0 0 0 0 0 0 0 1 1 0 4 2 1 2 5 10 3 3 9 10 3 0 0 2 1 3 2 1 0 1 2 8 14 11 28 60 39 34 24 25 38 36 23 44 41 43 32 34 42 30 27 39 58 65 67 67 49 34 45 26 15 9 3 3 2 1 0 0 0 0 0
14 3 0 0 0 0 2 19 12 15 59 60 32 16 2 0 0 0 0 0 0 0 0 0 0 0 0 0 0 0 0 0 1 2 1 3 5 7 8 4 3 2 0 1 0 0 0 0 1 1 0 1 0 0 2 3 5 8 14 18 17 19 23 22 16 30 42 27 14 24 32 25 28 41 38 39 21 22 44 52 61 45 34 23 16 10 6 7 4 2 1 1 0 0 0 0
6 1 0 0 0 0 3 4 8 14 35 38 14 2 1 0 0 0 0 0 0 0 0 0 0 0 0 0 0 0 0 0 0 1 1 2 6 4 4 4 4 2 0 0 1 0 0 0 0 0 0 0 0 1 3 5 9 9 22 13 8 5 12 15 15 13 15 15 28 29 30 37 33 48 22 29 43 25 26 16 13 15 8 8 10 8 7 11 3 2 1 0 0 0 0 0
2 1 0 0 0 1 1 1 2 6 7 8 3 0 0 0 0 0 0 0 0 0 0 0 0 0 0 0 0 0 0 0 0 0 1 2 3 4 2 3 2 2 1 1 0 0 0 0 0 0 0 0 1 2 3 4 6 7 11 4 4 4 24 45 36 24 32 52 54 44 51 33 60 54 45 63 55 41 42 41 46 28 14 9 5 12 13 5 3 2 1 1 0 0 0 0
1 1 0 0 0 1 1 0 0 0 0 1 0 0 1 1 0 0 0 0 0 0 0 0 0 0 0 0 0 0 0 0 0 0 0 0 0 1 1 1 0 0 0 0 0 0 0 0 0 0 1 1 1 1 1 2 3 3 1 2 3 14 27 46 38 48 29 51 52 54 29 19 26 26 60 36 25 32 59 67 51 37 31 17 19 21 9 3 2 3 2 1 1 0 0 0
1 0 0 0 0 0 0 0 0 0 0 0 1 1 1 0 0 0 0 0 0 0 0 0 0 0 0 0 0 0 0 0 0 0 0 0 0 0 0 0 0 0 0 0 0 1 0 1 1 1 1 1 1 1 1 3 2 2 1 7 11 25 26 26 32 44 47 46 38 36 68 35 30 34 48 32 64 61 65 68 61 51 34 16 10 9 7 6 4 2 3 1 0 0 0 0
0 0 0 0 0 0 0 0 0 0 1 1 1 0 0 0 0 0 0 0 0 0 0 0 0 0 0 0 0 0 0 0 0 0 0 0 0 0 0 0 0 0 0 0 1 1 1 1 1 1 2 1 2 2 2 4 4 3 6 12 22 31 24 37 43 52 32 57 46 51 37 19 42 47 66 60 44 27 28 30 22 24 11 5 6 5 5 6 3 2 3 2 1 1 0 0
0 0 0 0 0 0 0 0 1 1 1 1 1 0 0 0 0 0 0 0 0 0 0 0 0 0 0 0 0 0 0 0 0 0 0 0 0 0 0 0 0 0 0 0 1 1 1 1 2 4 2 2 3 6 4 5 4 2 9 31 43 30 37 55 49 33 35 28 22 30 34 20 17 18 46 44 51 55 29 30 30 14 4 14 5 7 7 2 7 6 5 3 2 1 0 0
0 0 0 0 0 0 1 0 0 1 1 0 0 0 0 0 0 0 0 0 0 0 0 0 0 0 0 0 0 0 0 0 0 0 0 0 0 0 1 0 1 1 1 1 1 2 2 1 2 5 8 6 7 7 5 6 7 7 12 26 48 43 42 30 44 37 41 71 63 33 50 42 24 30 50 56 37 43 49 41 43 21 24 9 13 18 11 4 8 9 12 3 3 1 0 0
0 0 0 0 0 1 1 1 1 1 1 0 0 0 0 0 0 0 0 0 0 0 0 0 0 0 0 0 0 0 0 0 0 0 0 0 0 1 1 1 2 1 2 2 2 3 3 2 2 2 5 13 8 10 11 8 12 9 21 33 33 38 45 39 26 34 38 46 46 38 49 50 23 34 59 57 36 40 45 42 33 23 19 11 17 25 13 10 18 18 5 2 1 0 0 0
0 0 0 0 0 0 0 0 0 0 0 0 0 0 0 0 0 0 0 0 0 0 0 0 0 0 0 0 0 0 0 0 0 0 1 0 0 1 2 4 4 2 2 3 4 5 7 6 3 3 2 4 15 14 15 11 23 14 12 35 40 44 50 57 45 17 13 22 23 43 32 28 21 19 44 55 32 56 55 40 27 16 23 24 32 22 21 27 23 23 8 2 1 0 0 0
0 0 0 0 0 0 0 0 0 0 0 0 0 0 0 0 0 0 0 0 0 0 0 0 0 0 0 0 0 0 0 0 0 0 0 0 1 2 3 4 6 3 2 4 4 15 9 10 7 6 3 2 6 12 18 24 28 28 23 30 34 36 34 43 49 54 35 25 20 25 26 24 16 20 30 50 30 38 41 28 32 17 39 28 43 43 49 52 29 8 4 1 1 0 0 0
0 0 0 0 0 0 0 0 0 0 0 0 0 0 0 0 0 0 0 0 0 0 0 0 0 0 0 0 0 0 0 0 0 0 0 0 0 2 6 8 6 6 2 2 9 6 13 11 13 8 4 4 3 3 6 10 33 67 33 31 36 32 33 34 40 53 50 36 24 36 26 20 32 44 43 45 38 37 43 37 33 36 49 33 54 36 17 9 12 4 2 0 0 0 0 1
0 0 0 0 0 0 0 0 0 0 0 0 0 0 0 0 0 0 0 0 0 0 0 0 0 0 0 0 0 0 0 0 0 0 0 0 0 2 3 5 1 1 12 3 4 17 14 16 11 17 11 6 5 9 11 17 26 28 33 48 63 46 31 32 38 55 61 45 31 33 27 24 40 33 47 42 28 34 40 46 35 40 42 65 61 44 19 9 12 8 6 3 1 0 0 1
0 0 0 0 0 0 0 0 0 0 0 0 0 0 0 0 0 0 0 0 0 0 0 0 0 0 0 0 0 0 0 0 0 0 0 0 1 2 2 2 1 5 8 18 10 6 10 22 18 25 21 16 9 7 10 18 25 31 19 27 29 28 38 67 38 33 31 39 27 37 19 14 10 20 34 57 42 42 37 40 48 72 45 60 74 59 22 12 18 13 4 1 1 0 1 1
0 0 0 0 0 0 0 0 0 0 0 0 0 0 0 0 0 0 0 0 0 0 0 0 0 0 0 0 0 0 0 0 0 0 0 0 0 1 1 1 1 5 16 6 3 6 19 3 12 34 52 36 24 17 11 26 12 11 9 24 39 22 40 22 51 32 16 13 17 11 38 47 32 31 23 41 18 21 28 49 74 51 70 55 36 35 24 5 7 9 4 1 0 0 1 1
0 0 0 1 1 0 0 0 0 0 0 0 0 0 0 0 0 0 0 0 0 0 0 0 0 0 0 0 0 0 0 0 0 0 0 0 1 1 1 2 4 3 3 11 10 6 19 22 8 13 23 34 39 22 21 13 17 24 18 23 24 36 43 50 44 64 32 19 24 20 29 35 27 44 19 52 16 40 59 62 67 74 65 63 58 37 32 10 5 5 2 1 0 1 1 1
0 0 1 1 1 0 0 0 0 0 0 0 0 0 0 0 0 0 0 0 0 0 0 0 0 0 0 0 0 0 1 0 0 1 1 1 1 2 2 3 8 11 7 9 20 20 10 20 43 15 26 25 49 29 33 14 15 19 44 24 25 27 37 30 34 39 53 36 16 21 33 51 21 23 40 36 46 44 44 67 73 71 54 31 30 31 20 9 5 4 1 0 0 1 1 1
0 1 1 1 1 0 0 0 0 0 0 0 0 0 0 0 0 0 0 0 0 0 0 0 0 0 0 0 0 0 2 4 2 2 1 1 1 2 2 3 6 12 17 18 12 35 35 12 31 36 29 34 42 36 31 21 22 29 29 29 30 26 24 21 23 25 33 50 27 19 22 41 12 12 15 26 37 61 62 67 42 40 41 36 34 13 9 3 5 4 2 0 1 2 1 1
1 1 1 1 1 0 0 0 0 0 0 0 0 0 0 0 0 0 0 0 0 0 0 0 0 1 0 0 0 0 2 5 4 1 2 1 1 5 5 4 8 19 12 16 41 35 26 35 25 61 60 33 22 73 39 34 34 30 28 40 31 32 23 25 21 41 45 35 40 49 28 9 21 12 25 34 20 46 61 71 49 34 41 29 26 26 31 23 9 7 4 1 1 2 2 0
0 1 2 1 0 0 0 0 0 0 0 0 0 0 0 0 0 0 0 0 0 0 0 0 0 0 0 0 0 0 0 1 7 2 3 1 1 5 8 5 8 15 23 17 42 34 61 38 52 54 58 50 40 56 39 30 29 32 30 43 27 20 24 32 31 37 32 41 28 10 34 22 16 18 15 15 14 25 30 60 74 53 51 56 59 48 33 26 18 10 3 1 1 3 4 1
0 1 1 1 0 0 0 0 0 0 0 0 0 0 0 0 0 0 0 0 0 0 0 0 0 0 0 0 0 0 0 1 4 4 7 1 1 2 11 13 9 19 22 18 42 45 60 56 61 46 70 66 65 62 53 49 50 37 26 51 40 27 16 24 33 48 40 45 47 48 25 23 16 26 11 24 18 28 35 21 20 54 54 54 41 34 26 27 22 4 2 0 2 3 9 2
0 0 1 1 1 1 0 0 0 0 0 0 0 0 0 0 0 0 0 0 0 0 0 0 0 0 0 0 0 0 0 1 3 9 10 3 2 1 3 12 21 19 16 37 53 43 44 31 50 66 65 67 67 60 64 50 48 48 34 52 31 26 17 17 29 18 32 34 37 36 26 14 7 13 15 19 18 27 35 44 39 41 55 46 39 38 61 25 9 10 3 1 1 4 9 5
1 1 2 2 1 0 0 0 0 0 0 0 0 0 0 0 0 0 0 0 0 0 0 0 0 0 0 0 0 1 2 5 7 7 11 5 4 3 4 3 9 20 36 20 59 71 44 49 55 57 68 67 69 58 45 62 43 43 47 52 32 39 17 27 31 44 25 30 24 24 16 17 23 10 23 13 24 35 47 57 45 52 52 31 39 34 34 22 14 7 3 0 2 5 13 14
1 4 4 4 1 1 0 0 0 0 0 0 0 0 0 0 0 0 0 0 0 0 0 0 0 0 0 0 0 1 3 6 10 16 17 13 7 8 9 8 11 4 11 25 45 45 60 62 53 53 63 65 63 57 66 68 43 41 44 49 47 38 20 33 31 28 16 16 16 15 13 15 20 14 10 14 36 48 41 50 59 53 51 35 24 28 31 18 12 5 2 1 2 7 11 26
2 8 6 3 2 1 0 0 0 0 0 0 0 0 0 0 0 0 0 0 0 0 0 0 0 0 0 0 0 1 3 5 10 12 6 13 15 18 19 33 57 15 11 14 19 20 26 76 71 69 37 60 57 65 68 29 27 49 42 42 48 44 33 31 47 33 19 11 16 11 10 8 7 23 28 22 29 54 52 43 48 59 63 39 21 23 18 10 8 2 1 1 2 8 12 31
3 10 9 5 2 1 1 0 0 0 0 0 0 0 0 0 0 0 0 0 0 0 0 0 0 0 0 0 0 0 1 2 4 17 18 6 9 7 6 13 29 51 34 17 24 45 34 60 52 65 66 47 54 54 47 49 37 16 49 47 40 37 24 23 34 27 19 10 15 16 11 11 9 19 32 23 34 50 47 40 50 65 57 44 36 23 15 7 3 1 1 1 5 7 16 29
5 19 12 6 3 1 1 0 0 0 0 0 0 0 0 0 0 0 0 0 0 0 0 0 0 0 0 0 0 0 1 1 1 19 13 3 5 4 4 7 14 20 46 62 67 49 54 29 28 24 23 34 57 47 35 45 29 30 21 42 33 29 18 18 40 15 10 9 9 14 14 16 20 28 23 23 25 40 34 29 40 47 50 45 26 19 15 16 6 3 1 0 2 5 13 18
8 32 19 5 3 1 0 0 0 0 0 0 0 0 0 0 0 0 0 0 0 0 0 0 0 0 0 0 0 0 1 2 1 1 1 0 1 1 3 10 10 17 17 55 55 47 24 15 36 24 27 32 54 40 39 53 54 46 46 34 24 26 24 25 14 7 15 14 6 10 10 10 16 10 13 12 17 25 18 27 42 44 30 33 25 20 19 21 15 6 2 0 1 5 13 13
17 21 10 5 3 2 1 0 0 0 0 0 0 0 0 0 0 0 0 0 0 0 0 0 0 0 0 0 0 1 1 2 1 0 1 2 2 5 5 8 6 16 18 13 25 30 20 41 46 29 24 55 24 43 62 28 59 37 22 19 55 36 29 14 4 6 11 14 10 16 11 4 12 5 13 14 18 22 36 36 41 41 41 50 42 29 27 25 19 5 2 0 1 4 7 9
41 9 6 7 4 2 1 1 1 0 0 0 0 0 0 0 0 0 0 0 0 0 0 0 0 0 0 0 0 0 1 2 1 1 1 4 2 2 6 11 15 11 10 19 18 14 39 45 45 32 37 34 35 43 29 32 30 24 17 14 7 19 19 12 14 6 22 22 13 10 9 10 16 18 23 32 35 36 48 45 50 61 56 66 56 24 23 22 17 5 2 0 0 3 7 9
33 18 9 11 5 4 3 1 0 0 0 0 0 0 0 0 0 0 0 0 0 0 0 0 0 0 0 0 0 0 0 1 1 1 2 4 3 5 8 10 4 8 14 16 18 12 27 34 33 47 39 32 44 34 31 41 34 49 45 25 14 17 23 13 20 6 11 17 11 3 4 20 7 21 39 38 43 39 48 59 64 60 41 43 46 30 23 21 9 5 1 0 0 1 6 11
30 33 38 16 10 7 3 1 1 0 0 0 0 0 0 0 0 0 0 0 0 0 0 0 0 0 0 0 0 0 0 0 0 1 2 5 2 2 10 5 3 5 13 12 11 10 24 43 64 66 57 60 49 66 37 56 50 23 28 33 21 18 33 65 67 22 15 11 7 3 3 2 2 8 9 12 16 24 42 49 44 44 43 49 52 38 24 18 8 5 2 1 0 1 3 9
54 55 38 22 13 5 3 1 1 0 0 0 0 0 0 0 0 0 0 0 0 0 0 0 0 0 0 0 0 0 0 0 0 1 2 2 1 2 1 2 3 3 10 7 11 26 20 14 54 47 49 45 35 45 65 63 25 23 26 34 34 25 18 23 10 29 12 15 2 1 4 8 10 12 14 20 23 16 11 25 44 32 39 66 50 38 27 13 14 7 3 1 0 2 2 7
47 50 31 18 11 6 4 2 2 1 0 0 0 0 0 0 0 0 0 0 0 0 0 0 0 0 0 0 0 0 0 0 0 0 1 1 1 2 6 4 5 4 6 8 25 24 18 14 34 26 29 10 12 11 13 12 20 38 28 25 36 36 20 15 7 10 8 2 4 3 1 5 21 21 10 12 31 43 55 57 55 47 21 39 54 36 29 31 16 6 2 1 1 4 4 6
46 48 21 13 12 10 12 5 2 1 1 0 1 1 0 0 0 0 0 0 0 0 0 0 0 0 0 0 0 0 0 0 0 0 0 0 1 2 3 4 6 7 13 16 20 31 21 12 10 12 7 10 13 15 15 16 22 17 34 19 23 13 15 7 4 3 6 3 3 3 3 3 4 12 7 9 30 55 52 56 50 34 33 47 44 26 19 21 21 16 4 1 1 4 7 15
42 32 27 20 14 21 19 9 1 1 1 1 1 1 1 1 0 0 0 0 0 0 0 0 0 0 0 0 0 0 0 0 0 0 0 0 0 2 5 2 3 7 11 13 20 16 11 8 14 12 19 29 31 32 33 37 22 30 11 10 15 29 20 11 15 10 6 2 3 2 5 9 4 10 12 21 39 42 35 33 31 33 28 28 25 17 8 10 13 14 6 1 2 6 14 30
39 28 31 23 42 28 12 4 1 3 2 3 1 1 1 1 0 0 1 0 0 0 0 0 0 0 0 0 0 1 1 0 1 0 0 1 1 1 1 2 3 4 9 10 9 16 19 20 20 16 13 36 52 46 43 49 43 27 34 14 21 27 37 21 9 10 5 3 2 3 9 22 7 12 11 20 54 50 48 50 39 43 31 25 43 18 21 28 22 9 2 1 3 7 17 29
27 23 33 44 31 22 16 4 5 5 5 4 1 2 1 1 1 1 1 0 0 0 0 0 0 0 1 1 0 0 1 1 1 1 0 1 1 2 1 2 5 5 5 6 10 15 30 37 43 29 40 51 40 45 45 42 42 38 38 35 25 28 18 16 12 10 4 3 1 1 3 5 5 8 19 37 32 31 33 24 45 50 36 16 6 8 23 19 13 4 1 2 5 9 12 23
17 33 47 51 34 19 14 18 22 16 10 6 4 2 2 1 1 0 0 0 0 0 0 0 0 0 0 1 1 1 1 3 2 2 1 1 1 3 5 7 7 10 6 8 8 17 19 30 47 55 71 58 36 35 47 58 33 36 50 38 28 15 16 16 5 2 2 1 1 2 5 6 6 10 19 17 27 19 26 32 43 20 12 17 32 22 19 15 13 3 2 3 7 11 12 13
23 41 36 46 43 25 25 38 33 28 16 8 5 3 2 1 1 0 0 0 0 0 0 0 1 1 0 1 2 2 1 2 3 4 1 1 2 4 11 13 14 16 16 10 9 16 9 14 23 21 47 61 67 51 37 51 32 39 52 41 34 8 6 4 2 2 1 2 0 2 4 10 12 12 6 8 14 8 13 24 26 31 45 31 55 25 18 22 6 1 3 7 8 18 15 17
40 45 46 49 44 40 45 43 44 31 19 6 3 3 3 2 0 0 0 0 0 0 0 0 1 1 2 2 5 5 3 3 3 6 4 4 4 4 9 24 32 37 28 18 21 13 16 22 22 24 28 34 39 61 52 39 53 43 25 29 32 25 10 3 1 1 1 1 1 2 7 10 12 7 10 20 21 35 46 46 53 68 64 44 32 26 26 15 3 1 2 7 18 21 27 32
64 48 39 25 52 49 44 39 30 24 13 6 6 5 3 2 1 0 0 0 0 0 0 1 1 1 3 6 6 6 4 4 8 5 9 5 9 6 10 23 41 37 48 34 23 25 29 33 41 34 38 47 47 34 35 34 41 42 37 31 10 11 5 11 6 1 1 1 2 6 9 16 27 24 10 20 38 61 62 63 69 52 27 14 32 25 9 4 1 1 2 3 11 25 31 35
66 56 36 20 34 39 27 24 11 7 7 7 9 7 3 0 0 1 1 1 0 0 0 0 1 1 2 4 4 1 8 11 11 7 11 7 15 19 8 16 27 38 43 50 37 28 41 36 37 46 34 48 46 33 31 31 17 18 31 22 18 13 3 4 2 1 0 2 4 4 7 9 12 19 19 44 32 33 59 60 57 35 46 39 27 23 13 3 2 3 3 6 7 18 35 59
52 49 26 12 20 21 14 15 11 12 12 17 11 5 1 1 1 1 1 1 0 0 0 1 2 0 1 2 4 4 2 11 13 8 11 17 12 30 34 23 29 42 45 51 51 27 43 51 53 46 35 61 46 35 31 27 26 6 6 7 3 3 5 3 1 1 1 8 2 1 3 5 10 21 41 47 46 25 46 36 41 43 40 34 29 21 12 1 2 6 8 7 10 18 19 39
42 30 16 13 11 8 16 22 18 18 25 12 5 3 1 1 3 1 1 0 0 0 0 1 2 2 3 4 5 9 8 5 2 22 33 26 26 33 21 37 51 40 55 54 55 28 34 45 45 48 48 49 37 36 32 17 13 13 14 12 8 7 4 2 1 0 1 1 1 1 6 18 25 31 25 37 45 49 48 41 49 41 43 38 31 19 6 1 4 9 16 14 12 16 19 28
47 36 38 36 39 29 39 34 41 31 20 16 7 4 2 3 2 1 1 0 0 0 0 1 1 3 6 6 6 13 14 10 5 21 37 36 41 34 25 27 26 25 16 16 28 42 53 45 44 35 38 41 35 35 28 32 21 6 29 25 9 5 3 1 1 0 1 1 3 3 9 13 20 38 33 22 43 37 48 36 43 58 48 35 30 8 3 2 6 14 22 20 23 22 30 34
50 45 63 66 47 13 6 23 35 26 21 20 15 10 8 3 2 1 1 0 0 0 1 1 2 4 5 11 13 13 18 22 10 16 37 43 47 36 41 20 24 27 26 17 17 17 42 55 50 45 23 23 32 31 28 24 19 32 17 8 8 9 7 5 1 0 1 2 3 4 8 5 12 17 20 26 36 52 55 59 61 54 51 31 21 8 6 2 13 15 21 14 21 41 47 55
55 61 44 27 14 9 37 39 28 10 18 32 28 20 7 4 4 2 1 1 0 0 0 1 4 5 6 8 13 24 29 30 18 20 22 41 51 53 51 26 48 28 40 29 18 19 17 24 53 61 31 17 28 37 25 20 22 12 20 17 6 5 7 4 1 1 0 0 4 16 18 18 22 27 19 37 44 47 36 51 46 47 68 49 22 10 4 2 13 15 18 24 20 29 43 56
45 31 36 20 19 32 46 30 21 17 23 24 23 13 4 10 6 3 2 1 0 0 1 1 2 5 7 10 25 35 33 40 22 9 12 29 25 37 44 47 60 57 37 44 40 16 17 50 47 47 30 17 21 18 33 18 13 14 6 6 5 7 5 2 1 1 1 2 3 4 14 29 35 53 45 32 63 49 42 46 60 59 33 62 24 10 2 5 11 14 26 28 30 25 32 31
17 31 49 26 26 52 35 36 45 37 23 16 8 7 9 9 6 5 2 1 0 0 0 1 2 3 10 20 29 24 47 43 26 18 19 20 22 30 17 52 57 63 54 32 51 24 22 47 41 16 43 16 20 16 14 36 20 14 27 13 3 3 3 2 1 1 1 2 5 20 25 41 50 33 64 45 36 35 61 43 58 64 38 20 25 8 1 5 12 14 27 25 44 59 55 35
21 28 44 55 58 54 51 47 28 19 12 6 5 9 16 8 5 3 3 1 1 0 1 1 2 4 6 11 19 19 27 24 38 46 33 23 23 26 24 35 36 54 51 60 42 34 25 44 29 19 34 34 8 15 14 6 4 4 10 7 7 1 1 1 1 1 2 6 9 30 45 41 33 49 34 58 47 55 59 60 67 39 16 6 9 2 2 12 15 16 24 18 47 61 54 49
46 47 58 50 55 47 28 34 21 16 9 11 25 16 8 4 4 5 4 2 1 0 1 1 4 8 12 9 19 23 44 40 48 56 50 40 24 24 41 27 41 30 33 66 57 44 31 43 14 12 20 11 9 10 10 12 5 4 3 3 2 4 3 2 1 1 3 9 7 7 5 11 22 19 38 39 56 63 56 61 58 39 17 11 2 1 5 12 13 20 19 20 34 44 48 53
45 43 42 53 48 21 14 19 23 19 18 30 30 13 9 6 5 2 2 2 1 0 1 2 6 11 18 21 23 17 38 49 55 56 54 63 26 16 29 39 37 36 40 46 56 39 25 37 39 32 15 23 49 10 11 11 7 3 3 3 1 1 1 1 2 0 1 4 15 22 15 16 20 6 7 17 33 41 60 54 39 38 25 5 1 4 11 12 10 12 18 27 38 23 35 33
39 30 28 35 31 29 25 16 24 33 27 18 7 9 8 7 6 2 2 1 2 1 1 2 9 16 24 30 32 38 38 47 67 58 44 65 39 26 28 26 38 33 43 41 48 32 19 28 39 49 21 19 30 21 6 9 7 6 2 3 3 2 1 0 2 0 2 8 11 20 28 35 27 26 25 23 14 29 41 60 51 21 6 4 1 3 8 16 17 18 23 23 26 31 49 55
19 23 36 25 32 31 27 44 18 9 6 6 19 24 12 7 6 4 1 1 1 1 2 4 10 11 25 36 50 45 64 63 62 63 63 39 54 38 28 32 47 39 39 42 21 31 50 26 16 8 19 14 6 14 12 5 7 4 2 1 1 2 1 1 1 2 2 3 9 17 26 31 22 47 53 57 51 46 37 38 39 16 8 1 2 5 5 6 13 18 22 24 28 28 33 36
33 23 41 31 32 64 48 24 20 15 18 28 31 14 5 3 2 2 1 0 1 2 6 4 9 14 29 40 41 51 60 72 76 69 62 67 52 63 46 30 44 51 33 17 25 40 46 37 15 15 13 17 15 7 7 5 4 2 2 1 1 1 1 0 0 1 1 3 7 14 45 69 57 58 76 78 85 70 54 31 24 11 2 1 2 2 8 9 13 18 23 26 34 37 37 42
31 33 24 24 30 21 32 38 42 44 39 19 13 9 4 1 1 0 0 0 0 3 4 6 15 19 20 29 37 36 38 61 63 78 71 54 51 60 54 25 27 52 29 25 15 29 38 35 43 23 13 10 17 21 9 2 4 5 3 1 0 0 0 0 1 1 6 14 37 14 21 63 77 57 36 59 76 76 55 30 17 8 2 1 3 5 8 9 15 21 27 31 34 39 37 37
18 30 32 24 16 10 6 32 26 21 29 13 7 5 4 3 1 0 0 0 0 3 8 21 26 30 40 28 26 20 30 45 46 59 75 33 25 61 52 22 20 36 40 21 18 24 23 33 32 25 4 3 10 11 3 2 3 2 2 3 1 0 0 0 0 2 1 1 8 59 39 31 52 70 44 41 52 77 58 27 13 4 1 1 1 4 5 8 12 16 26 24 33 33 47 51
22 26 24 24 31 34 18 31 27 24 13 11 10 8 4 3 2 0 0 0 0 3 4 12 30 35 33 36 41 44 32 34 34 32 41 57 26 26 54 43 18 16 31 19 13 17 17 25 31 22 11 3 14 7 4 2 2 0 0 1 0 0 0 0 1 1 2 8 13 30 52 36 36 24 26 22 9 48 52 20 10 2 0 1 2 5 9 10 13 19 21 16 29 32 25 35
14 15 14 23 19 24 15 35 23 23 14 10 8 6 5 3 2 0 0 0 0 1 3 7 18 23 26 26 27 20 52 33 33 19 29 36 58 23 10 35 26 12 27 18 7 12 12 19 12 13 16 4 3 3 2 2 1 0 0 0 0 0 0 1 1 2 4 6 10 46 57 36 30 49 44 39 15 12 33 24 5 1 1 3 5 8 8 13 12 23 20 39 46 45 44 38
18 21 33 50 26 27 17 30 24 17 13 7 5 4 3 2 2 1 0 1 1 0 3 7 10 19 17 42 38 26 54 68 74 57 55 62 42 28 15 9 9 18 16 10 5 5 11 14 12 5 12 3 2 2 2 2 1 0 0 1 0 0 0 1 8 6 11 16 21 32 19 32 45 54 53 43 30 10 11 10 5 1 1 4 6 13 9 8 17 16 25 24 38 42 53 58
30 34 33 33 29 32 24 22 18 14 8 6 6 4 4 2 1 1 1 1 0 1 3 7 10 14 13 13 24 51 49 55 57 56 23 17 24 36 25 20 6 4 17 8 4 5 5 3 9 4 2 4 1 2 1 1 1 0 0 0 0 0 1 1 6 8 7 12 12 14 34 43 58 53 61 50 15 14 10 3 0 1 2 4 8 4 6 4 11 15 19 14 21 22 33 40
