sesion_6_simulaciones/modelos_agentes/ejemplos_netlogo/scenarios/echam4_a2/rob_2040.asc
NCOLS 322 
NROWS 307 
XLLCORNER 451900 
YLLCORNER 4086900 
CELLSIZE 100 
NODATA_value -9999 
[rows 74 to 147 of 307, columns 96 to 191 of 322]
23 57 35 19 19 22 21 50 21 21 15 61 31 73 65 48 11 6 8 12 51 44 23 13 15 4 4 1 5 9 3 3 3 8 3 2 2 2 7 2 2 2 4 1 2 6 7 1 2 5 4 17 35 23 22 9 16 22 41 25 22 73 60 46 53 58 36 50 60 62 53 63 48 65 36 38 55 63 46 41 22 46 61 51 32 15 17 17 10 12 9 8 6 3 0 0
28 33 27 20 14 19 25 42 24 36 42 30 15 25 32 54 33 39 52 65 88 50 47 35 10 18 4 3 6 2 4 37 11 10 13 8 3 2 2 1 3 10 14 7 19 11 9 23 34 4 6 3 7 24 6 9 20 36 25 14 33 37 65 48 53 37 34 43 58 66 39 76 40 49 42 28 56 31 22 50 52 45 21 21 31 28 22 19 27 23 28 27 12 7 3 1
41 25 21 23 15 29 15 45 21 44 50 17 24 46 37 28 39 66 43 67 72 77 67 62 17 10 7 2 5 7 23 34 23 11 13 14 15 4 7 9 3 2 4 2 4 19 5 14 13 16 4 2 6 5 7 9 16 33 17 22 21 12 45 45 48 28 49 35 73 52 28 59 51 44 48 45 27 16 69 44 33 32 50 37 53 56 51 60 59 40 40 34 19 12 6 4
42 15 34 29 20 17 22 32 27 32 68 31 34 28 32 44 67 41 65 59 79 83 58 42 50 6 6 8 15 13 26 8 21 9 23 4 31 13 8 14 3 2 2 1 4 7 24 28 15 34 26 15 10 2 3 5 18 7 8 6 16 8 38 31 32 20 42 40 48 21 19 23 46 20 44 23 23 30 57 33 46 42 39 57 73 69 75 56 53 62 35 35 19 15 9 7
42 23 31 31 39 19 25 30 13 52 71 60 38 25 46 41 50 62 78 49 47 60 67 76 33 22 28 36 52 26 23 12 19 20 3 8 10 15 15 17 13 2 2 3 7 11 29 26 10 52 42 26 30 16 16 4 5 4 7 5 9 9 4 15 9 16 17 27 21 11 14 13 44 26 14 6 32 38 32 33 55 74 82 74 76 77 52 59 62 40 41 22 16 16 16 24
57 58 21 52 59 33 13 33 13 33 32 63 47 34 37 8 46 82 50 53 55 36 63 72 36 26 64 69 61 58 65 25 6 5 7 26 28 6 10 14 21 3 3 7 8 10 23 61 54 50 47 40 48 15 38 30 25 6 3 1 9 14 4 5 6 12 9 17 5 5 18 28 25 21 55 46 19 14 42 64 66 70 68 68 58 70 69 78 58 37 33 22 19 29 46 25
80 85 64 60 22 19 14 13 12 40 20 12 47 58 15 37 73 47 33 29 47 20 12 52 59 64 69 63 69 54 75 64 22 22 26 39 18 16 3 10 29 13 4 7 17 35 18 19 57 35 49 72 52 37 49 24 29 42 35 29 28 6 26 11 5 2 11 18 20 31 19 2 3 5 12 45 52 61 35 63 66 50 72 58 54 56 71 75 59 50 46 31 62 56 20 18
64 58 72 19 14 16 23 19 15 23 24 5 14 25 31 42 22 56 55 42 34 44 10 19 60 76 69 42 35 57 39 27 54 50 44 37 50 39 12 11 37 28 5 8 26 21 12 8 25 14 60 70 43 78 59 32 59 28 20 21 43 12 25 28 21 10 22 25 47 16 28 9 7 8 14 8 18 61 61 60 41 56 73 64 45 56 77 66 59 53 52 58 70 52 23 42
74 74 63 31 29 33 38 26 14 19 32 4 17 30 37 22 22 71 48 33 44 72 41 40 64 92 60 16 39 38 27 30 9 16 74 46 22 20 16 29 49 38 17 9 19 16 15 21 22 47 48 79 78 82 60 58 60 40 54 33 47 29 30 22 23 25 11 15 42 21 46 58 44 28 16 20 19 12 49 74 82 45 63 57 41 76 61 43 56 69 58 75 52 45 34 65
30 49 70 67 12 13 35 33 47 25 25 8 26 56 37 12 22 81 33 50 41 42 29 67 44 52 31 44 55 40 31 32 17 50 84 62 45 17 13 40 23 11 22 8 14 9 12 18 20 29 25 70 67 83 65 61 75 46 63 56 46 50 26 25 27 17 41 17 35 50 65 65 42 24 29 13 14 25 15 65 61 60 29 59 73 36 46 49 61 52 60 49 33 43 43 82
17 24 36 44 55 14 26 16 14 41 35 16 25 48 40 24 36 77 46 45 26 19 72 74 64 54 26 61 57 42 20 12 58 88 85 80 73 29 42 41 34 6 20 12 17 26 23 16 23 8 5 32 76 86 58 67 57 60 80 71 51 32 20 14 46 22 61 42 31 53 69 63 26 18 28 25 29 28 23 31 66 79 72 47 26 59 69 71 60 72 30 47 47 66 46 77
12 19 36 22 44 46 33 33 17 29 48 13 28 55 37 49 39 52 57 69 65 19 44 51 81 69 65 69 65 69 43 79 88 78 74 87 79 40 34 53 30 11 22 15 17 27 27 18 23 16 22 34 77 81 58 46 54 83 78 77 47 20 37 44 64 46 76 66 54 32 73 52 56 45 38 28 26 35 28 25 40 75 62 76 68 38 66 29 68 36 33 58 45 77 49 62
11 6 4 4 15 32 14 7 13 22 27 16 39 60 43 16 37 29 52 67 74 65 31 37 39 45 74 86 59 61 79 85 86 71 77 75 63 75 52 58 34 59 41 47 22 33 43 46 32 32 21 39 67 89 68 50 79 69 81 72 48 36 36 45 76 55 69 65 55 36 61 49 38 14 34 21 10 27 30 19 10 59 74 65 50 83 60 57 59 58 56 67 73 76 78 44
8 4 0 1 12 12 3 6 10 19 10 25 59 50 17 9 20 27 53 57 70 87 56 30 26 37 77 77 84 43 84 71 68 68 88 82 63 77 50 62 50 86 39 65 46 36 33 23 26 25 22 19 44 82 68 77 67 79 89 65 41 45 54 70 70 56 66 61 49 15 20 28 50 45 51 29 15 23 30 39 47 12 62 69 64 76 82 86 92 72 85 86 74 44 78 33
12 10 3 2 11 7 4 9 14 10 15 26 39 44 16 6 42 40 36 42 48 64 77 74 55 37 60 71 83 77 75 86 83 54 55 44 47 75 31 42 88 76 55 37 28 39 27 37 46 51 51 25 33 61 60 69 66 81 82 67 60 72 70 71 77 37 61 66 49 22 20 45 60 50 35 60 25 18 30 35 44 29 19 59 66 85 77 50 51 66 66 83 74 45 58 69
14 5 5 2 5 3 2 18 9 9 7 15 56 33 11 5 37 23 36 49 48 62 71 69 72 45 51 26 47 75 64 70 75 66 65 62 48 38 53 87 52 68 34 21 32 58 42 45 54 58 46 44 28 33 29 53 68 73 82 62 50 62 61 83 79 51 61 74 31 11 13 38 33 42 77 61 29 30 13 41 33 49 48 19 57 79 77 73 73 66 48 45 62 41 26 48
7 6 3 2 1 1 1 10 11 4 17 34 54 50 12 5 22 6 22 61 60 62 30 42 67 53 55 42 69 90 84 79 56 69 53 35 40 33 66 42 41 38 20 53 78 58 50 52 41 33 31 31 26 25 10 16 50 66 81 51 68 64 82 89 87 50 77 61 49 27 16 28 51 67 86 38 28 62 23 36 36 43 55 40 17 63 67 50 32 46 42 40 31 45 45 42
16 11 7 3 2 1 1 2 7 9 13 41 26 17 26 9 26 6 3 17 22 54 36 33 33 20 41 59 80 89 70 76 79 75 68 41 23 36 77 23 53 55 68 76 78 55 70 33 23 32 61 58 66 63 57 25 10 8 39 51 54 64 81 88 87 61 90 66 64 52 28 31 51 85 68 29 57 50 27 23 43 52 53 45 36 11 30 52 43 44 27 41 63 70 57 56
8 6 3 2 2 1 1 0 3 9 17 20 19 7 8 4 26 9 4 24 21 27 18 28 36 33 28 55 31 60 65 64 65 56 20 32 44 48 51 27 67 67 83 69 61 45 78 68 70 54 57 53 54 38 44 16 8 8 10 37 63 84 77 86 79 53 79 74 40 30 37 56 48 69 41 51 74 59 54 61 50 55 42 41 46 31 9 18 22 30 48 58 66 68 63 52
4 3 3 3 2 2 1 1 1 3 10 16 17 12 6 4 27 7 2 12 9 12 14 22 15 34 35 45 30 10 26 32 26 20 44 49 65 80 53 51 31 68 92 61 39 76 70 60 75 56 58 46 32 39 39 45 25 12 13 58 79 76 83 88 85 82 77 83 68 27 47 37 40 20 30 70 62 28 50 33 41 41 38 38 46 33 41 18 7 32 51 69 76 70 64 38
6 2 7 10 5 4 4 3 2 3 6 11 9 6 6 3 10 4 2 5 10 8 6 8 12 25 25 28 31 21 9 7 13 35 41 72 81 56 61 69 48 83 88 60 72 68 64 41 85 60 71 57 67 72 71 55 36 14 17 30 71 64 84 84 80 73 78 84 74 46 32 46 50 45 49 54 65 81 37 47 30 24 46 39 26 43 58 52 20 20 26 24 35 43 46 38
21 16 11 19 16 11 11 10 5 1 3 4 4 4 3 4 3 2 2 4 4 5 3 4 9 13 17 18 20 32 6 8 14 33 78 83 63 44 70 76 64 74 80 66 59 67 62 56 83 67 56 71 59 67 68 53 37 18 12 16 20 61 77 80 72 64 81 74 50 19 31 59 30 51 73 64 74 48 24 58 33 35 42 42 68 50 32 38 47 46 40 17 9 10 16 20
31 16 25 24 26 18 25 12 6 5 1 1 1 2 3 2 3 2 1 1 4 4 2 2 2 3 17 14 13 6 9 4 20 70 64 67 28 59 84 69 51 54 64 28 35 84 54 76 82 78 56 71 81 54 29 31 34 37 29 17 22 37 58 68 67 66 48 56 29 26 45 46 40 58 68 76 61 43 51 58 50 28 44 73 69 66 48 43 48 51 60 53 33 11 6 11
31 33 37 22 33 28 18 16 13 11 9 4 2 1 1 1 2 2 1 1 2 1 1 1 1 3 11 19 9 7 11 2 29 54 40 26 36 74 87 73 39 45 43 33 78 67 50 53 87 85 47 54 54 71 54 32 10 18 20 29 26 33 25 36 24 45 52 48 20 41 55 53 47 45 67 61 54 61 31 17 53 46 54 67 71 56 53 46 35 43 55 46 40 18 14 4
46 32 42 44 40 24 22 25 14 15 8 8 6 3 1 1 1 1 1 1 1 1 1 1 1 2 2 13 2 4 10 3 14 33 15 25 33 55 53 58 45 48 29 69 74 30 55 88 85 77 78 36 22 29 23 29 11 14 28 39 25 39 25 17 16 31 23 22 19 49 47 63 36 59 65 58 74 40 44 29 55 32 30 36 46 66 65 47 37 30 50 41 44 37 31 12
32 22 47 49 20 26 12 13 26 19 12 10 8 6 4 1 1 0 0 0 0 0 1 1 0 1 1 1 1 13 4 2 3 5 8 33 37 49 82 60 54 40 52 54 51 45 50 88 83 74 92 70 43 56 51 29 14 9 5 14 41 25 20 12 15 29 18 16 26 37 54 60 54 28 35 35 47 43 39 48 13 59 41 51 54 63 58 61 67 48 46 49 51 58 32 22
19 35 71 46 42 22 40 21 34 27 15 13 9 3 2 2 2 2 1 1 1 1 0 1 1 0 0 1 3 11 1 3 4 2 13 36 43 13 37 33 47 37 37 52 40 46 65 87 82 81 84 85 45 29 23 19 17 20 15 3 5 13 13 12 13 19 14 16 17 36 47 63 55 57 19 32 49 41 21 25 45 30 24 54 59 57 61 69 58 71 59 68 66 58 41 32
26 42 63 40 35 33 19 22 36 24 21 17 10 8 4 5 3 4 4 4 2 4 1 1 2 1 0 0 1 5 1 3 4 4 10 14 15 19 14 7 34 45 28 21 33 71 82 83 75 65 78 78 60 44 47 54 46 30 20 7 2 10 8 5 11 9 9 12 24 35 33 44 40 37 47 44 35 53 82 81 68 73 47 50 47 49 55 64 74 63 77 72 63 62 58 49
27 57 25 29 38 28 27 16 31 28 11 8 17 7 6 4 4 5 5 5 5 5 4 3 2 2 1 0 1 2 1 2 3 5 8 9 11 16 16 7 14 50 34 14 41 51 84 75 36 32 42 67 82 74 55 49 39 27 13 5 2 11 6 3 5 6 10 20 28 35 35 40 45 60 72 74 65 83 81 77 68 50 35 26 29 50 71 64 63 68 75 76 74 76 65 58
56 21 31 27 21 31 32 20 10 13 16 19 15 13 6 8 7 7 7 12 12 7 9 5 7 3 2 0 0 2 1 1 2 4 9 11 15 14 14 5 8 17 25 9 29 34 64 39 20 23 49 57 80 74 66 47 41 28 13 8 2 4 3 2 8 6 13 30 29 35 37 36 66 72 86 71 78 70 75 54 24 19 21 40 15 47 63 59 75 84 75 60 44 38 29 26
20 25 42 63 54 38 13 8 10 26 23 19 9 18 15 14 12 17 15 15 14 13 10 11 8 4 2 1 0 0 0 1 1 3 6 19 28 15 18 6 5 5 9 2 9 20 14 22 26 41 43 66 85 75 67 64 54 40 33 14 4 3 3 1 6 11 16 13 13 26 48 49 57 62 64 67 71 59 41 33 36 26 47 50 79 54 37 65 82 72 57 59 58 53 46 43
43 56 46 16 14 21 24 11 20 32 28 22 22 21 18 27 16 20 21 26 9 23 19 14 8 4 1 1 0 0 0 0 0 1 4 8 9 14 17 8 9 7 8 2 7 14 23 55 69 71 86 68 85 81 74 56 57 31 21 11 4 3 3 1 1 3 6 17 26 25 41 66 41 48 46 62 64 25 15 28 26 33 67 57 76 54 75 61 67 59 59 61 55 61 62 54
47 28 36 34 31 19 26 14 35 35 32 33 47 29 38 33 30 41 33 21 23 23 28 8 10 5 3 1 1 0 0 0 0 1 2 4 12 22 19 6 3 5 6 4 7 17 46 32 62 63 60 53 90 83 75 46 28 18 11 4 3 1 1 0 0 2 9 25 37 27 37 58 50 36 30 42 27 31 52 50 32 62 64 59 71 78 62 56 59 55 46 55 59 66 59 73
26 23 15 13 12 10 6 22 42 37 38 54 40 47 45 43 52 22 19 42 28 35 28 11 6 4 4 3 2 1 0 0 0 1 2 2 1 8 13 6 4 4 5 6 14 18 9 23 42 78 45 63 81 63 68 53 33 16 6 4 3 1 0 1 0 1 7 14 41 28 31 13 26 38 30 44 47 49 44 40 40 68 62 57 65 62 36 61 35 44 55 66 66 47 75 76
15 22 32 37 31 17 15 26 41 59 54 53 40 49 67 65 40 26 26 52 35 19 17 13 7 5 5 4 2 2 1 1 0 0 2 2 1 1 1 1 1 2 3 5 10 9 14 28 67 24 21 49 84 65 48 25 19 13 12 7 2 1 0 0 0 1 5 8 15 22 23 17 39 30 38 47 60 72 70 68 63 85 62 43 41 50 63 80 74 51 51 56 49 57 63 57
27 47 32 56 26 24 27 44 44 59 58 26 27 53 51 39 31 31 45 65 29 21 20 15 8 7 5 3 2 1 1 1 1 0 0 1 2 1 1 1 1 2 3 2 4 9 16 9 49 17 34 63 81 50 27 22 17 7 4 6 3 2 0 1 0 0 2 2 8 12 23 32 45 43 69 71 82 53 37 26 78 78 78 53 19 53 74 88 83 76 78 49 70 54 49 79
44 45 66 57 30 49 46 50 69 62 47 34 39 60 43 60 24 38 68 36 26 20 22 18 18 13 6 4 2 2 2 1 1 1 0 0 1 0 1 0 1 1 2 2 3 7 10 11 6 13 39 71 77 42 30 23 9 7 6 4 3 1 1 1 0 1 3 7 14 21 31 38 52 63 72 65 33 35 27 70 76 79 81 83 41 57 83 84 72 65 60 68 50 55 36 56
60 65 40 30 40 49 48 69 38 52 24 47 52 80 64 46 27 62 21 17 37 20 15 10 12 9 8 7 6 3 4 3 2 2 1 1 0 1 1 0 0 1 1 2 4 10 4 10 2 5 27 55 86 74 33 20 13 4 6 3 2 1 1 0 0 1 5 13 29 33 34 44 51 49 43 50 44 59 72 79 73 78 67 81 72 62 66 37 22 19 47 80 69 49 32 37
70 52 38 29 39 54 66 16 61 27 32 53 70 74 51 29 59 50 31 14 14 22 7 7 14 12 18 8 11 11 6 6 2 2 1 1 1 0 0 0 1 1 1 2 3 5 1 5 1 8 17 11 52 61 30 13 6 4 3 1 3 3 1 1 0 3 7 10 14 20 23 28 37 42 64 69 68 68 72 63 70 60 47 72 66 46 37 47 62 65 81 39 56 52 31 29
35 53 41 34 49 69 72 26 56 51 67 51 79 50 36 47 60 26 30 24 54 30 16 12 18 31 19 26 20 23 8 3 1 3 2 2 2 1 0 0 0 1 1 2 2 1 3 5 1 6 7 37 46 24 22 17 14 7 3 1 3 2 2 1 0 0 3 7 13 14 16 24 38 34 35 35 37 38 83 46 67 72 53 49 41 28 63 67 67 80 75 59 46 59 59 57
85 37 56 56 67 44 51 61 60 49 58 58 51 43 43 73 33 44 36 65 55 32 37 28 16 38 41 40 50 27 17 4 2 2 1 1 1 2 1 0 0 1 1 1 1 1 11 3 1 5 32 42 53 16 13 17 8 5 4 2 2 1 1 0 0 0 1 2 5 9 3 12 12 14 31 46 46 47 73 65 53 67 85 43 32 49 50 60 78 70 63 73 56 58 46 57
79 93 88 91 85 58 16 10 58 34 66 75 84 77 60 68 65 75 56 68 54 52 50 41 38 50 65 68 31 31 16 9 8 4 3 3 1 1 2 1 0 0 1 1 0 1 1 1 0 6 15 51 44 9 14 13 12 6 3 3 2 1 1 0 0 0 4 5 8 16 23 33 51 47 29 30 47 78 72 75 76 56 57 69 39 45 64 64 54 37 74 85 55 46 58 66
62 87 73 81 77 61 75 35 55 45 21 39 81 86 89 62 47 54 66 66 61 56 66 50 62 63 73 55 49 41 29 18 10 9 9 3 2 3 2 1 1 0 0 1 2 1 1 0 1 3 11 6 20 6 19 8 10 8 4 2 2 2 1 0 0 1 4 9 13 25 47 39 26 42 65 45 60 77 77 89 77 63 56 49 14 25 29 48 69 81 87 63 83 54 52 61
46 85 62 77 76 64 87 63 41 73 52 41 70 78 73 64 72 52 78 87 88 70 59 43 79 66 68 55 39 26 30 22 20 19 12 7 4 2 1 1 1 0 0 0 1 1 1 0 0 1 3 5 26 13 25 20 8 9 3 3 1 1 0 0 1 2 6 5 13 24 46 59 65 54 72 76 79 77 69 84 82 50 32 28 15 25 49 68 61 90 62 70 80 83 57 57
51 79 67 63 80 55 63 26 45 76 58 33 12 57 67 65 73 57 54 81 86 50 73 38 70 56 69 53 44 18 25 42 37 31 24 7 3 2 2 2 1 0 0 0 2 1 1 0 0 0 2 9 25 4 7 3 8 9 8 2 1 0 0 0 1 2 6 5 13 21 36 53 45 32 33 47 83 58 80 80 88 84 25 16 15 33 62 41 72 84 71 80 67 61 43 65
15 40 26 52 73 58 58 15 47 80 44 25 17 32 67 64 68 63 30 35 64 44 39 59 28 26 76 44 23 13 7 10 17 14 14 11 5 5 5 2 1 0 0 0 0 1 1 1 0 1 3 11 8 15 7 3 3 2 1 1 1 0 0 0 1 2 3 4 7 13 22 19 27 42 46 61 88 89 72 63 77 82 63 16 8 25 26 50 79 68 62 29 22 30 42 61
15 42 68 51 60 41 69 45 58 81 66 35 32 29 64 79 48 10 12 24 35 20 26 66 35 16 59 45 53 17 1 13 27 20 8 15 12 8 2 1 0 0 0 0 0 1 1 0 0 3 4 7 3 5 3 3 1 1 2 1 1 0 0 0 1 1 1 2 3 10 19 25 44 45 55 80 88 87 82 47 52 65 57 25 8 18 38 63 59 30 29 60 59 58 63 75
24 14 14 18 28 41 73 28 62 63 83 50 29 23 27 21 15 11 12 28 23 21 14 57 19 38 48 34 51 62 25 13 14 10 12 14 10 5 3 2 1 0 0 0 0 0 1 1 0 1 4 8 1 2 2 6 2 1 1 1 0 0 0 0 1 2 13 9 15 33 44 66 72 56 70 92 89 88 81 60 14 32 47 42 10 18 35 58 44 46 86 65 47 53 41 75
27 32 14 14 26 42 64 54 35 53 76 50 19 9 26 28 11 29 10 12 19 17 13 58 16 12 42 31 37 51 29 21 24 8 4 4 2 2 1 1 2 1 0 0 0 0 0 0 0 1 3 4 0 2 1 1 3 3 1 0 0 0 0 0 1 2 5 16 39 49 78 54 32 49 80 92 87 77 75 76 58 17 46 39 9 19 38 37 29 71 69 50 64 79 22 11
28 36 24 16 21 14 58 64 54 22 78 42 13 4 22 19 27 31 20 12 14 20 4 20 44 4 13 15 39 67 23 5 10 6 10 9 6 4 2 2 1 1 1 0 0 0 0 0 0 1 4 4 1 1 1 1 1 1 1 0 0 0 0 0 0 3 6 21 32 35 17 24 48 56 75 77 83 73 65 46 61 21 15 19 18 32 25 20 60 85 46 59 67 75 67 23
39 26 25 10 10 11 41 68 30 27 59 53 28 4 18 19 37 28 23 15 15 27 11 12 65 10 16 16 36 35 41 25 22 22 15 10 8 5 4 1 0 0 0 0 0 0 0 0 1 2 6 4 1 1 1 0 0 1 1 0 0 0 0 0 1 5 20 23 16 13 31 40 55 86 76 66 80 48 28 22 52 28 14 4 6 23 25 44 81 55 44 56 77 64 65 31
68 15 26 11 9 13 25 30 9 8 66 39 6 3 15 17 35 24 34 25 27 20 19 13 27 13 5 16 22 21 32 36 19 10 7 3 5 5 4 2 1 1 0 0 0 0 0 0 0 1 4 2 1 1 0 0 0 0 0 0 0 0 0 0 1 7 9 6 6 12 38 48 78 83 81 58 40 55 18 19 46 15 4 2 11 33 44 59 67 26 56 83 74 69 79 41
16 25 11 9 7 6 9 15 9 14 49 20 9 3 9 14 30 9 23 15 14 18 16 11 18 23 11 5 2 13 14 30 13 7 8 5 2 2 2 2 1 0 0 0 0 0 0 0 1 2 3 1 1 1 0 0 0 0 0 0 0 0 0 0 2 4 2 2 9 30 40 48 81 85 66 52 31 40 41 10 17 12 4 3 13 18 37 65 38 39 76 67 65 66 60 52
15 10 20 19 7 7 3 4 3 5 13 6 16 7 4 10 26 9 5 16 6 4 2 19 20 30 3 3 1 4 19 32 27 10 5 2 2 1 1 0 1 0 0 0 0 0 0 0 0 1 1 1 0 0 0 0 0 0 0 0 0 0 0 0 2 1 0 3 14 31 45 74 72 71 64 54 30 24 36 13 6 8 3 4 11 18 47 50 36 28 35 52 46 40 56 63
27 15 9 22 23 12 9 3 2 7 6 4 13 15 4 7 15 15 4 5 4 4 4 38 16 19 9 1 1 1 3 6 23 18 7 4 2 1 1 0 2 1 0 0 0 0 0 0 1 1 1 1 1 0 0 0 0 0 0 0 0 0 0 1 1 0 1 6 18 50 59 78 76 57 33 13 10 9 14 13 10 3 2 4 9 13 32 29 18 14 32 28 19 35 53 66
29 16 7 11 14 22 8 3 1 5 6 3 3 6 3 4 7 10 3 3 2 1 2 5 1 4 14 1 2 1 1 4 18 19 7 3 3 8 5 3 1 0 0 0 0 0 0 0 0 0 0 1 1 0 0 0 1 0 0 0 0 0 0 0 0 0 1 4 19 72 69 65 79 67 32 14 4 1 4 7 5 2 1 2 6 12 20 12 7 24 36 43 72 59 72 65
59 28 12 4 9 14 22 2 4 7 8 4 1 3 2 1 4 10 3 2 1 1 1 2 0 1 5 4 1 2 0 1 6 34 16 5 2 1 1 1 1 0 0 0 0 0 0 0 0 0 0 0 0 1 0 0 0 0 0 0 0 0 0 0 1 3 5 19 42 44 77 79 60 71 56 25 10 4 1 1 4 2 0 0 1 4 5 2 9 23 33 69 72 62 57 62
39 72 22 9 3 4 4 3 4 5 4 3 5 1 2 1 1 10 3 1 1 1 0 1 1 0 3 4 1 1 1 0 2 8 26 10 4 4 4 2 1 0 0 0 0 0 0 0 0 0 0 1 0 0 0 0 0 0 0 0 0 0 0 0 1 4 10 7 17 38 66 57 47 43 60 28 10 3 1 0 1 0 0 0 1 1 1 4 15 27 58 64 40 54 64 63
8 52 60 31 10 4 1 7 2 2 2 2 5 2 1 1 1 8 4 2 1 0 0 1 2 0 1 2 1 2 1 0 2 2 2 15 4 1 2 2 1 0 0 0 0 0 0 0 0 0 0 0 0 0 0 0 0 0 0 0 0 0 0 0 1 1 1 7 49 54 53 46 33 32 32 24 9 4 3 1 0 0 0 0 2 8 7 4 11 31 33 25 29 51 68 61
4 25 28 46 16 7 3 6 5 1 3 2 2 2 3 2 1 2 6 1 1 0 0 0 1 0 1 1 0 2 2 0 2 2 2 1 13 5 4 1 1 0 0 0 0 0 0 0 0 0 0 0 0 0 0 0 0 0 0 0 0 0 0 0 1 2 4 8 37 62 53 64 45 11 9 13 8 6 4 2 0 0 0 1 2 5 17 26 11 9 9 23 41 54 77 55
9 14 10 26 9 4 4 4 4 3 2 2 2 3 2 2 1 1 3 2 1 0 0 1 2 1 1 1 0 1 2 1 0 1 1 4 5 1 6 2 0 0 0 0 0 0 0 0 0 0 0 0 0 0 0 0 0 0 0 0 0 0 0 0 1 1 3 16 32 44 77 62 56 25 7 3 5 4 3 2 0 0 0 2 3 8 21 41 39 30 36 25 44 54 79 67
5 11 3 11 10 10 5 4 3 2 1 1 1 1 1 2 1 1 1 1 1 0 0 0 0 1 1 1 0 0 0 0 0 1 2 4 4 1 8 1 1 1 0 0 0 0 0 0 0 0 0 0 0 0 1 0 0 0 0 0 0 0 0 0 1 1 3 9 29 22 60 56 39 29 28 8 5 3 1 0 0 0 0 1 6 14 23 38 55 50 49 48 42 68 91 78
7 4 5 3 4 2 3 2 9 6 2 1 1 1 1 1 1 1 1 1 1 1 0 0 0 1 0 1 1 0 0 0 1 1 7 9 3 2 1 2 1 1 0 0 0 0 0 0 0 0 0 0 0 0 0 0 0 0 0 0 0 0 0 0 1 2 4 19 37 48 51 57 42 21 12 11 5 2 1 0 0 0 1 0 2 9 16 27 39 29 51 56 75 91 91 76
2 5 3 2 1 1 1 1 1 1 1 1 0 0 0 0 0 0 0 1 1 0 0 0 0 1 0 0 0 0 0 0 1 2 3 5 7 18 12 6 1 1 0 0 0 0 0 0 0 0 0 0 0 0 0 0 0 0 0 0 0 0 0 0 1 3 14 31 38 52 53 49 44 26 6 4 4 1 1 0 0 1 3 2 2 1 4 8 15 35 40 69 67 89 88 69
1 2 1 1 0 0 0 0 0 0 0 0 1 0 0 0 0 0 0 0 0 0 0 0 0 0 0 0 0 0 0 0 0 0 1 1 1 1 1 0 1 0 0 0 0 0 0 0 0 0 0 0 0 0 0 0 0 0 0 0 0 0 0 0 1 1 4 9 32 46 27 54 26 16 4 2 1 1 0 0 0 1 3 6 17 10 13 14 28 53 60 65 78 79 67 52
0 0 0 0 0 0 0 0 0 0 0 0 0 0 0 0 0 0 0 0 0 0 0 0 0 0 1 0 0 0 0 0 0 0 0 0 0 0 0 0 0 0 0 0 0 0 0 0 0 0 0 0 0 0 0 0 0 0 0 0 0 0 0 0 1 3 3 8 18 15 22 27 20 8 2 1 1 0 0 0 0 0 2 3 7 21 39 36 54 76 71 54 67 51 55 42
1 0 0 0 0 0 0 1 0 0 1 1 1 2 1 0 0 0 0 0 0 0 0 0 0 0 0 0 0 0 0 0 0 0 0 0 0 0 0 0 1 0 0 0 0 0 0 0 0 0 0 0 0 0 0 0 0 0 0 0 0 0 0 0 1 2 3 13 11 13 21 10 10 3 1 0 0 0 0 0 0 1 3 6 8 27 67 65 26 37 74 85 51 19 19 34
3 1 0 1 1 1 1 3 1 2 4 5 7 4 3 1 1 0 0 0 0 0 0 0 0 0 0 0 0 0 0 0 0 0 0 0 0 0 0 0 0 0 0 0 0 0 0 0 0 0 0 0 0 0 0 0 0 0 0 0 0 0 0 0 1 3 4 3 5 8 7 5 6 1 1 0 0 0 0 1 2 3 4 10 32 37 31 9 22 59 88 82 75 20 8 11
7 2 1 4 4 5 5 5 7 8 8 6 7 12 4 2 1 1 1 0 0 0 0 0 0 0 0 0 0 0 0 0 0 0 0 0 0 0 0 0 0 0 0 0 0 0 0 0 0 0 0 0 0 0 0 0 0 0 0 0 0 0 0 0 1 3 7 3 1 1 3 3 1 1 0 0 0 0 0 1 3 3 10 24 25 8 4 11 30 78 84 68 40 37 4 1
11 7 3 11 11 20 12 15 23 15 22 14 22 12 7 5 7 3 1 1 1 0 0 0 0 0 0 0 0 0 0 0 0 0 0 0 0 0 0 0 0 0 0 0 0 0 0 0 0 0 0 0 0 0 0 0 0 0 0 0 0 0 0 0 1 2 5 4 1 3 1 1 0 0 0 0 0 0 1 1 3 8 8 5 2 2 7 21 45 65 64 54 20 38 7 1
23 17 10 27 42 64 46 36 55 43 37 25 47 33 27 16 5 2 2 3 1 0 1 1 0 0 0 0 0 0 0 0 0 0 0 0 0 0 0 0 0 0 0 0 0 0 0 0 0 0 0 0 0 0 0 0 0 0 0 0 0 0 0 0 1 2 7 4 1 1 1 0 0 0 0 0 0 0 0 1 3 4 2 0 2 9 16 44 62 44 47 23 11 15 20 1
62 63 46 36 38 35 22 13 38 21 21 21 21 34 33 9 7 7 5 5 2 0 0 0 1 0 0 0 0 0 0 0 0 0 0 0 0 0 0 0 0 0 0 0 0 0 0 0 0 0 0 0 0 0 0 0 0 0 0 0 0 0 0 0 0 2 9 8 1 1 0 0 0 0 0 0 0 0 0 1 1 0 0 2 5 11 18 62 65 84 33 5 3 5 8 2
49 33 57 37 31 38 32 25 18 13 21 32 18 12 22 41 26 8 1 1 1 0 0 0 0 1 0 0 0 0 0 0 0 0 0 0 0 0 0 0 0 0 0 0 0 0 0 0 0 0 0 0 0 0 0 0 0 0 0 0 0 0 0 0 0 1 4 10 3 1 0 0 0 0 0 0 0 0 0 0 0 0 2 4 7 12 39 34 50 56 50 7 1 0 3 2
47 15 47 44 14 5 16 22 24 21 9 9 42 11 15 26 12 7 4 2 2 1 1 0 0 1 0 0 0 0 0 0 0 0 0 0 0 0 0 0 0 0 0 0 0 0 0 0 0 0 0 0 0 0 0 0 0 0 0 0 0 0 0 0 0 0 1 4 3 1 0 0 0 0 0 0 0 0 0 0 0 1 2 4 15 28 36 30 22 17 45 12 2 0 0 1
