sesion_6_simulaciones/modelos_agentes/ejemplos_netlogo/scenarios/echam4_a2/rob_2042.asc
NCOLS 322 
NROWS 307 
XLLCORNER 451900 
YLLCORNER 4086900 
CELLSIZE 100 
NODATA_value -9999 
[rows 148 to 221 of 307, columns 0 to 95 of 322]
0 9 6 5 10 17 14 8 3 2 3 46 36 37 33 40 57 39 28 42 14 21 5 2 0 0 0 1 0 0 1 0 0 1 0 2 1 2 1 2 9 10 9 7 15 6 17 17 10 20 10 13 26 8 17 30 26 14 8 28 39 41 33 25 37 50 55 32 39 69 66 58 34 44 66 77 25 21 20 36 33 28 12 17 52 39 12 8 30 24 20 25 43 35 21 42
4 11 9 13 21 25 17 29 27 5 8 25 34 53 55 66 73 39 45 41 42 32 5 12 2 0 0 0 0 1 4 2 0 1 0 1 1 2 1 2 5 4 2 6 12 51 22 17 7 9 7 19 21 19 5 5 6 4 26 20 19 54 34 24 35 60 55 54 56 67 37 18 15 51 37 33 61 14 16 40 36 20 28 19 9 42 19 11 8 14 6 29 17 41 24 10
1 1 3 23 13 36 31 7 16 27 11 17 71 72 71 43 76 62 60 65 44 12 8 4 5 2 0 1 1 1 1 4 1 3 4 3 1 3 4 3 2 2 5 24 40 23 14 11 8 8 8 11 12 12 23 18 23 24 26 28 42 53 29 24 57 56 66 72 50 11 55 33 31 46 67 25 31 9 3 10 23 24 17 29 12 15 35 22 9 12 7 5 11 13 20 7
0 1 2 2 3 3 3 4 6 6 17 7 23 59 59 51 77 74 67 13 5 5 13 10 23 11 3 1 1 0 1 1 16 11 12 21 30 3 2 4 9 14 35 31 9 11 5 10 6 5 13 12 13 11 14 12 29 31 34 37 58 49 45 30 56 75 60 47 77 38 18 56 58 29 36 12 25 43 19 9 11 19 22 12 17 9 13 34 24 12 11 5 4 10 16 13
8 2 1 1 2 2 4 6 7 10 6 22 11 6 4 5 7 6 11 14 9 31 28 24 42 9 28 5 5 5 3 3 12 1 0 0 3 27 2 1 11 5 12 18 15 26 26 34 15 7 13 13 18 16 5 17 22 53 29 52 56 61 71 88 84 69 64 37 42 84 39 33 31 39 22 6 11 11 38 23 11 12 23 17 10 15 10 12 29 9 8 6 2 2 6 6
9 9 6 3 4 3 3 9 1 4 17 13 11 18 11 11 8 19 29 42 68 44 68 36 29 13 11 9 7 21 10 1 0 1 1 0 1 2 11 2 1 38 5 9 13 9 4 8 21 12 22 28 27 20 6 13 21 41 65 53 78 65 77 78 76 78 69 22 37 68 73 53 36 22 30 19 14 10 21 13 21 13 12 19 12 10 8 8 37 21 4 3 4 2 7 7
32 13 30 17 12 11 18 3 4 3 5 9 11 32 32 10 4 17 46 51 67 82 56 74 45 30 41 35 14 17 45 24 7 1 2 3 6 5 5 11 2 24 8 8 20 3 5 9 6 26 31 43 53 40 39 20 28 43 66 63 45 37 74 77 75 65 68 50 36 51 79 27 34 20 13 11 20 6 18 35 13 19 16 8 8 6 7 6 10 7 13 4 2 2 1 2
47 36 47 22 34 19 16 21 4 3 7 5 29 21 8 24 17 13 11 50 65 57 49 60 41 31 42 34 16 4 16 60 50 27 18 6 7 9 9 13 6 24 48 14 18 11 5 5 6 12 11 15 30 9 13 42 29 55 41 22 21 23 28 54 52 21 30 18 48 61 57 50 26 20 25 9 9 13 13 24 19 12 15 11 6 6 5 5 5 4 6 9 4 2 1 1
20 43 33 56 64 37 15 53 8 3 6 7 7 9 25 27 17 29 20 11 16 48 57 16 27 50 22 49 24 4 5 6 30 57 41 17 11 9 7 11 11 28 56 11 16 16 13 19 22 26 25 31 21 21 26 23 39 68 51 47 50 47 22 14 8 26 23 26 19 32 34 53 57 28 14 8 9 12 15 21 20 31 7 9 6 4 4 2 3 5 4 1 7 2 1 1
56 75 53 75 58 17 45 69 17 15 17 6 25 50 38 19 38 27 26 15 16 17 13 48 28 10 16 48 54 16 13 9 6 49 49 39 43 30 29 37 32 16 57 52 17 13 18 23 23 26 36 54 24 38 45 24 17 41 49 39 34 24 13 22 22 7 3 15 36 39 41 52 24 27 13 11 14 13 20 14 16 12 15 5 4 4 1 1 2 2 3 2 2 3 1 0
37 77 30 77 30 61 60 66 11 27 30 14 11 8 24 27 30 59 53 64 20 13 18 19 19 17 25 69 24 69 21 34 25 49 18 38 39 71 37 27 36 18 46 56 63 18 16 13 34 22 25 19 17 35 43 21 37 71 69 72 32 43 50 39 35 15 14 20 26 26 26 35 27 14 23 6 11 18 15 16 9 6 8 7 2 1 1 0 1 1 2 2 2 2 2 1
10 66 47 61 61 68 64 19 28 48 41 25 19 14 13 9 13 25 27 61 36 10 16 21 58 56 48 57 20 64 65 19 21 28 57 63 50 72 84 42 36 12 21 55 57 46 35 22 36 9 8 13 44 43 30 26 34 28 21 24 19 35 54 47 45 32 30 28 21 24 24 22 15 21 6 9 9 12 7 5 5 4 3 5 6 4 2 3 2 1 1 1 2 2 1 1
11 10 8 49 63 63 20 25 61 34 51 63 43 31 15 19 26 25 34 17 28 48 42 15 47 49 57 64 66 30 81 75 32 13 35 77 73 56 47 62 62 14 26 60 74 77 32 24 27 27 20 17 67 31 81 80 78 63 81 68 46 26 33 31 32 28 29 30 24 14 15 22 17 18 8 13 6 7 6 7 3 3 3 6 3 2 3 3 1 2 2 1 1 1 0 0
11 50 30 21 14 38 30 70 72 44 43 56 22 40 11 27 20 22 34 23 29 31 32 14 59 66 60 81 74 56 73 84 75 43 34 10 29 55 38 20 27 17 11 79 78 72 55 58 41 61 81 88 74 45 40 73 64 35 38 57 55 36 45 35 31 23 20 34 25 10 12 12 14 13 8 9 7 7 4 4 3 3 1 2 2 1 2 1 1 1 1 1 0 0 0 0
31 37 24 45 36 16 51 81 69 74 11 42 60 55 70 31 51 22 17 16 19 9 37 61 82 58 82 87 72 71 47 62 78 49 47 24 55 72 80 83 65 43 27 35 80 65 51 86 51 55 78 77 83 50 31 79 86 55 40 29 67 66 25 53 34 30 18 19 18 13 15 11 10 7 6 7 6 4 4 1 1 1 1 1 2 1 1 1 0 0 0 0 0 0 0 0
24 24 54 29 25 9 42 67 48 77 26 38 69 55 72 48 25 39 29 43 47 51 16 51 66 73 82 83 59 82 65 81 72 74 71 75 67 76 81 71 15 55 61 28 12 49 54 73 55 49 71 68 69 73 38 46 73 89 61 45 54 32 33 30 35 45 41 30 17 9 16 8 5 5 4 2 3 2 1 1 1 1 1 1 1 0 0 0 0 0 0 0 1 1 1 1
20 15 8 22 33 33 13 78 25 26 27 44 52 11 39 53 30 34 29 62 61 33 33 18 54 83 76 83 63 86 71 73 67 58 70 72 83 76 76 82 75 52 20 17 7 10 56 65 46 19 31 66 73 76 74 80 83 79 86 46 31 36 32 39 34 32 41 17 11 18 8 5 4 4 1 1 1 1 2 2 2 1 1 0 1 1 2 2 3 1 2 4 2 4 3 2
9 19 38 29 17 13 14 33 40 37 60 55 63 62 27 51 34 54 18 15 34 69 43 26 12 32 37 69 68 39 15 19 15 32 31 31 72 54 57 70 71 59 44 17 6 11 53 53 41 33 24 20 45 77 76 69 54 55 78 73 34 22 30 30 34 30 14 20 11 4 4 5 4 2 2 1 1 1 1 1 1 3 2 3 5 9 8 8 4 3 4 10 9 13 10 3
17 13 13 12 23 17 22 18 20 18 37 66 66 72 18 15 26 59 60 37 30 25 47 15 29 37 28 30 18 25 41 30 42 39 61 35 28 26 24 24 20 36 26 13 12 16 39 44 54 32 32 29 7 42 38 49 50 60 41 54 49 24 47 46 36 19 17 10 9 6 5 5 2 1 2 2 1 0 1 2 9 11 7 12 15 18 16 24 15 16 37 35 16 25 12 7
9 11 16 39 32 34 31 25 30 29 42 9 14 19 30 39 25 17 62 64 54 29 31 11 29 56 53 44 30 33 52 60 32 61 32 26 26 35 35 34 22 14 20 19 32 31 54 51 54 44 28 14 17 17 22 49 21 15 13 38 22 29 27 15 23 11 7 10 8 3 3 2 2 2 2 2 3 1 8 11 21 22 21 30 32 49 44 29 27 32 10 4 6 5 6 20
15 20 37 20 21 27 28 19 34 56 16 21 42 40 22 43 8 13 17 26 33 24 19 19 34 28 45 38 61 23 53 40 35 41 29 27 36 59 27 56 34 18 13 11 12 21 31 47 38 39 24 38 36 23 31 29 27 21 25 32 48 41 22 7 9 9 7 3 4 2 2 13 12 6 6 9 3 6 16 38 52 40 42 67 54 49 47 31 37 34 13 3 1 2 3 13
32 55 52 60 25 22 25 21 37 45 25 27 42 40 35 19 24 22 40 39 25 29 37 22 32 29 25 46 25 28 43 39 43 34 25 28 23 46 23 56 40 30 23 8 5 4 18 21 66 62 35 29 62 32 16 38 45 56 47 34 39 21 11 7 7 6 2 2 6 5 13 21 27 10 15 18 8 20 43 50 66 80 45 70 47 44 32 33 27 23 13 8 2 1 1 2
10 9 6 8 13 13 38 33 50 27 32 17 30 49 18 8 16 20 23 21 11 9 9 20 29 24 19 27 32 37 35 37 21 28 21 9 33 23 39 55 31 34 47 22 24 11 7 22 25 50 32 44 34 16 18 32 32 25 18 10 9 6 3 2 2 1 6 14 24 18 32 42 40 24 37 24 13 31 56 58 83 65 48 37 24 4 4 19 7 8 5 2 2 1 0 3
14 23 16 32 25 33 21 32 33 29 11 14 25 31 37 34 39 16 15 15 19 5 9 27 54 43 26 23 35 20 16 35 66 34 21 13 31 18 56 19 46 27 36 31 19 10 15 18 12 25 35 28 12 21 19 15 41 15 9 7 4 12 12 18 7 12 21 38 36 35 37 51 35 34 42 33 27 43 62 72 72 52 28 20 13 6 5 5 9 3 2 2 1 1 0 1
10 11 11 26 43 11 13 18 17 25 21 16 39 26 57 37 27 45 34 26 53 23 29 25 45 54 27 50 17 24 34 24 55 54 31 21 24 36 37 16 20 20 30 35 14 23 16 10 11 16 17 24 21 20 20 17 9 4 4 17 15 30 30 29 19 21 39 46 62 61 44 58 58 57 42 53 56 60 63 64 56 65 36 19 9 9 6 2 13 5 1 1 0 1 1 1
12 8 15 25 12 13 13 27 35 25 33 42 37 26 21 21 62 60 34 37 38 29 44 21 29 47 57 37 18 19 14 18 20 18 30 41 11 16 42 37 32 38 27 18 29 19 20 18 12 17 19 22 33 25 13 10 12 17 25 44 37 34 48 35 28 44 49 50 65 49 56 65 76 45 50 57 65 70 79 55 24 18 19 22 13 7 4 2 2 2 1 1 1 0 0 1
9 16 20 15 7 42 33 22 48 61 68 61 55 63 32 17 22 43 36 46 11 30 54 25 32 27 44 57 34 50 32 26 21 22 40 53 20 33 40 48 41 10 10 19 15 19 10 9 17 22 22 37 27 19 24 15 22 24 46 43 40 40 52 40 35 46 55 40 68 62 49 75 61 48 55 75 64 67 29 80 54 49 19 11 12 9 5 4 1 1 0 0 0 0 0 0
8 11 15 12 7 8 14 24 25 35 47 66 50 48 60 18 31 29 19 18 22 49 55 32 18 22 13 32 19 25 19 21 33 30 46 39 21 37 48 46 33 16 7 7 13 14 17 31 18 18 34 24 19 38 23 20 30 50 50 56 49 48 50 38 41 66 67 54 70 67 66 66 81 79 59 63 70 67 28 23 43 53 31 21 7 4 4 4 2 1 1 0 0 0 0 0
8 8 30 9 23 6 12 11 23 31 11 14 13 14 22 34 33 29 58 24 37 53 32 41 10 40 18 41 18 14 22 26 27 24 32 26 28 27 39 41 31 15 5 12 14 15 21 23 22 23 25 39 27 22 21 36 47 46 45 49 46 35 55 50 53 70 66 68 66 85 75 69 64 75 27 26 18 50 54 31 16 32 18 10 6 4 5 1 1 2 1 0 0 0 0 0
9 27 21 52 6 50 41 5 23 16 30 17 41 25 33 27 32 23 23 25 15 37 17 27 20 15 18 22 10 26 28 23 23 26 27 18 23 17 26 39 26 21 22 28 37 16 27 18 34 45 41 55 40 24 38 43 45 55 36 42 62 48 61 65 54 70 56 76 38 56 83 81 77 64 75 58 40 17 11 23 16 10 21 16 12 8 6 8 2 1 1 0 0 0 0 0
46 22 9 21 40 19 10 22 21 27 14 30 17 16 43 21 23 5 21 29 25 10 18 23 16 9 15 5 10 6 8 18 16 44 12 14 15 23 22 9 16 26 10 16 14 25 11 25 39 51 46 45 39 38 35 56 45 54 52 45 53 61 52 58 65 71 51 49 79 38 77 79 58 74 78 82 64 58 55 37 27 19 7 3 8 10 5 5 2 1 1 0 0 0 0 0
28 69 26 36 7 14 10 20 14 14 35 11 17 37 46 53 56 18 18 40 19 13 5 10 21 7 9 8 8 5 6 17 21 22 9 12 12 12 36 23 15 27 13 48 23 23 25 21 44 50 35 33 35 35 34 39 60 52 48 68 66 76 58 52 63 26 44 42 42 53 39 70 46 59 74 78 78 87 69 52 51 58 52 29 6 5 5 4 2 1 1 0 0 0 0 0
10 19 12 12 26 28 15 11 15 17 27 14 35 15 10 13 9 16 18 24 39 10 19 12 13 6 6 3 5 7 10 14 11 10 11 8 12 22 30 23 14 11 25 49 12 36 26 30 37 57 27 31 32 33 32 37 53 62 48 62 75 47 42 73 73 65 48 31 20 8 17 19 32 33 60 70 63 69 74 50 70 54 39 12 8 8 7 3 4 1 1 0 0 0 0 0
8 11 23 17 17 21 17 11 4 18 2 4 12 14 46 21 37 13 14 16 23 10 8 11 9 8 12 5 4 4 9 6 7 15 3 3 7 27 14 14 8 18 17 31 27 22 27 31 41 33 22 35 26 28 42 28 55 68 71 59 62 72 29 13 12 18 25 44 39 29 14 11 6 17 30 53 42 65 79 39 52 71 36 21 14 5 5 4 3 1 1 1 0 0 0 0
5 29 15 8 9 12 9 6 3 3 5 7 6 18 21 14 21 20 19 20 12 23 6 17 8 8 15 2 3 7 3 4 12 7 9 14 17 29 4 4 11 22 19 29 25 16 20 21 28 18 36 51 40 48 48 44 58 53 54 36 38 61 26 26 49 63 70 54 54 40 34 43 14 5 10 37 30 57 71 53 37 33 29 19 10 8 7 4 3 2 1 1 1 0 0 0
5 10 10 10 10 9 7 4 2 1 2 5 10 4 8 14 12 17 6 3 2 3 5 3 3 11 6 3 6 4 3 3 7 4 2 5 10 12 8 9 13 13 27 30 12 15 21 20 31 32 54 73 53 75 69 82 67 57 64 37 25 10 65 49 19 54 71 54 58 60 60 39 18 16 7 7 9 21 52 26 20 8 6 12 3 6 2 2 2 2 2 1 1 0 0 0
11 1 3 8 2 4 2 0 1 0 1 0 1 3 9 4 3 4 6 3 2 2 2 2 1 2 2 3 5 2 1 1 1 3 3 2 9 6 4 9 15 35 59 76 55 55 39 37 35 21 74 37 79 71 55 64 40 45 62 72 24 21 21 77 32 31 46 68 51 44 67 68 72 39 25 8 4 2 3 3 4 4 3 7 7 2 2 1 1 2 1 1 1 0 0 0
0 1 2 1 1 1 1 0 0 1 4 0 1 1 1 4 3 2 4 2 2 2 2 2 1 1 1 2 1 1 0 0 1 6 22 24 30 44 57 57 60 73 45 77 63 70 70 15 42 62 31 29 60 54 61 66 42 69 73 55 48 33 15 52 73 28 10 34 62 75 61 57 32 28 33 27 10 3 5 1 4 4 3 2 5 4 1 1 1 1 1 0 0 0 0 0
0 1 1 0 0 0 2 12 22 3 6 4 13 1 1 2 2 1 1 1 1 0 1 0 1 1 4 5 5 1 0 1 1 1 2 20 32 55 46 51 50 72 49 52 72 73 72 33 24 29 79 54 24 50 20 34 32 68 81 64 55 43 29 31 82 39 37 19 39 56 78 23 11 20 24 35 25 19 13 7 3 2 1 1 2 4 2 1 0 0 0 0 0 0 0 0
1 2 2 2 3 9 13 5 9 10 11 4 5 4 2 1 1 0 1 0 0 0 5 3 9 9 3 1 4 1 0 5 4 2 3 5 9 50 55 60 45 39 32 33 62 75 84 84 30 33 53 59 38 24 49 16 49 56 78 72 24 35 27 15 80 57 26 24 24 72 72 82 44 31 21 13 9 6 4 5 8 6 2 1 1 1 2 1 1 1 0 0 0 0 0 0
6 5 3 21 12 16 20 33 29 26 9 9 10 4 3 1 0 1 0 1 1 0 0 1 1 3 8 7 2 2 2 2 3 7 1 5 17 40 51 67 52 29 19 28 43 76 84 83 86 82 30 40 37 37 25 15 34 59 69 73 27 33 38 30 54 85 59 37 20 11 15 39 19 20 13 28 19 6 4 3 2 3 3 2 1 0 1 1 1 1 0 0 0 0 0 0
7 13 17 17 30 25 36 21 43 36 19 35 23 8 27 13 11 3 1 0 0 0 0 0 1 1 3 12 1 1 3 1 7 5 9 10 9 10 5 3 50 49 17 34 25 31 57 63 81 87 78 48 49 62 37 50 33 64 77 64 66 25 43 36 25 79 89 67 45 17 10 11 38 24 14 12 17 17 6 4 2 2 2 3 2 1 0 1 1 1 0 0 0 0 0 0
1 2 4 26 43 31 63 71 69 68 51 45 21 35 49 36 14 6 11 3 1 1 1 1 1 4 11 3 2 3 2 6 15 7 11 18 16 14 11 11 10 22 20 21 14 31 66 39 70 79 88 56 48 46 60 55 11 55 70 68 65 47 34 30 17 69 78 80 51 44 8 3 26 44 16 4 5 4 7 2 2 2 1 1 2 1 0 0 1 1 0 0 0 0 0 0
3 5 7 45 50 64 70 62 58 77 83 54 63 61 59 44 21 29 19 11 5 1 2 5 11 37 29 4 2 3 4 8 5 10 6 13 15 20 26 15 10 11 11 9 26 32 50 43 14 65 79 85 46 36 45 23 18 16 43 53 83 76 19 22 40 52 53 75 27 40 28 5 7 24 17 11 5 5 7 5 2 2 1 1 1 1 0 0 0 0 0 0 0 0 0 0
2 3 3 3 3 6 20 30 32 13 40 73 86 76 68 35 30 53 25 17 23 2 3 2 2 3 26 39 7 2 5 8 7 16 15 10 17 18 31 18 26 36 30 22 17 10 57 59 44 32 56 76 62 33 15 13 32 12 21 49 46 41 30 23 24 38 23 69 23 29 19 21 3 10 12 17 10 7 7 4 4 2 1 0 0 1 1 0 0 0 0 0 0 0 0 0
1 2 3 13 15 22 63 25 26 19 24 20 63 82 84 62 55 56 21 32 12 22 7 18 12 4 3 5 9 4 2 7 13 29 8 10 8 14 28 26 22 24 18 20 33 31 31 12 38 65 37 47 13 16 8 24 20 28 20 24 47 51 39 28 11 13 13 52 55 16 7 14 13 3 7 5 9 4 3 2 2 2 1 1 0 0 0 0 0 0 0 0 0 0 0 0
1 3 2 2 7 6 15 19 14 27 15 4 14 41 65 78 76 24 6 6 8 27 15 27 14 12 8 3 4 8 5 42 30 11 45 20 21 23 28 19 24 40 50 37 45 29 37 21 23 20 67 43 36 23 16 12 23 26 19 21 37 56 37 21 19 14 21 36 55 33 12 6 17 10 5 1 1 5 3 3 1 1 1 1 1 0 0 0 0 0 0 0 0 0 0 0
3 0 2 4 9 14 8 10 13 20 27 19 40 15 15 22 34 19 9 17 36 7 11 22 54 53 6 9 5 41 17 17 49 38 58 21 65 28 21 20 24 27 26 39 31 36 36 25 25 26 24 35 24 23 28 20 17 23 12 6 11 18 29 27 25 18 13 19 26 31 14 15 17 7 8 3 1 3 3 1 2 0 1 0 0 0 0 0 0 0 0 0 0 0 0 0
16 3 13 3 5 9 9 15 24 33 21 23 8 27 38 22 30 23 10 22 5 22 21 14 6 17 21 33 30 6 14 34 30 14 22 22 11 50 18 26 27 36 17 24 17 19 19 27 32 33 19 10 36 38 26 33 21 18 16 15 8 13 29 15 13 13 8 11 15 28 7 8 6 4 4 3 1 1 1 2 1 1 0 0 0 0 0 0 0 0 0 0 0 0 0 0
27 20 1 2 9 4 24 50 11 11 25 23 20 44 15 29 12 10 7 5 10 16 16 19 16 10 14 17 8 16 6 41 18 36 31 49 9 21 39 13 19 35 28 40 38 15 22 26 20 31 14 24 6 16 15 41 15 20 13 24 14 13 5 5 3 1 1 3 5 5 3 1 5 3 2 5 3 2 2 1 0 1 1 0 0 0 0 0 0 0 0 0 0 0 0 0
27 19 52 9 7 26 4 3 33 35 9 30 12 39 15 28 25 13 11 23 29 37 20 9 20 22 15 20 47 48 32 8 8 13 32 22 19 6 49 32 30 25 12 17 35 31 21 13 24 30 23 7 37 21 14 41 24 8 15 6 6 11 5 4 2 1 1 0 3 6 5 2 2 3 3 4 3 2 4 2 0 0 0 0 0 0 0 0 0 0 0 0 0 0 0 0
12 28 43 24 3 3 24 9 2 8 20 14 6 11 26 16 11 6 9 15 25 26 53 35 26 26 24 22 56 67 36 22 10 24 37 29 45 19 6 52 22 34 33 29 16 15 21 28 23 28 11 5 10 5 4 17 10 9 8 3 4 8 5 4 4 1 1 1 1 2 3 2 4 4 4 5 5 3 1 1 1 0 0 0 0 0 0 0 0 0 0 0 0 0 0 0
37 23 56 32 44 14 4 49 10 18 46 13 31 23 11 36 10 8 9 9 8 23 36 32 28 34 31 29 44 72 72 48 21 16 60 46 48 30 13 26 64 24 22 55 33 34 25 32 32 15 10 4 3 4 4 4 8 6 4 2 2 2 3 5 2 2 1 1 0 0 0 1 1 1 1 1 2 3 1 1 0 0 0 0 0 0 0 0 0 0 0 0 0 0 0 0
41 31 24 45 21 28 34 10 57 30 46 65 40 47 30 15 14 12 17 42 14 34 56 46 29 33 34 26 17 21 65 53 35 25 23 56 35 26 20 13 19 48 16 14 17 19 23 31 48 25 32 11 6 4 4 3 4 2 2 8 2 1 1 1 1 1 1 0 0 0 0 0 0 0 0 1 1 0 1 1 0 0 0 0 0 0 0 0 0 0 0 0 0 0 0 0
15 54 43 53 41 49 62 48 25 20 11 8 15 11 16 42 27 16 34 8 52 20 63 69 32 35 38 25 14 7 13 41 59 35 13 36 46 20 42 31 24 13 38 40 21 21 35 24 35 18 36 13 5 4 3 2 2 2 1 3 3 1 0 0 0 0 0 0 0 0 0 0 0 0 0 0 0 0 0 0 0 0 0 0 0 0 0 0 0 0 0 0 0 0 0 0
12 14 5 25 27 5 8 5 25 17 39 39 39 42 18 22 42 37 34 29 22 17 56 81 55 47 43 45 25 8 8 8 52 33 36 31 51 17 44 48 33 15 12 37 27 34 25 22 27 11 3 4 8 6 5 3 1 1 0 0 1 0 0 0 0 0 0 0 0 0 0 0 0 0 0 0 0 0 0 0 0 0 0 0 0 0 0 0 0 0 0 0 0 0 0 0
9 18 13 6 7 16 12 10 12 31 17 30 23 11 20 39 16 12 22 40 22 70 40 65 70 48 57 47 49 22 9 12 8 27 36 39 47 20 44 28 32 33 24 20 34 22 23 37 27 19 13 5 7 3 2 2 1 0 0 0 0 0 0 0 0 0 0 0 0 0 0 0 0 0 0 0 0 0 0 0 0 0 0 0 0 0 0 0 0 0 0 0 0 0 0 0
21 16 16 9 15 31 16 11 21 20 10 17 19 8 20 34 21 26 15 18 58 40 30 27 74 44 17 15 15 10 12 5 13 6 12 19 81 61 29 41 28 15 24 26 16 28 17 19 39 32 24 9 5 3 2 2 0 0 0 0 1 1 1 1 0 0 0 0 0 0 0 0 0 0 0 0 0 0 0 0 0 0 0 0 0 0 0 0 0 0 0 0 0 0 0 0
10 6 7 6 2 8 8 10 6 4 18 14 19 5 13 24 15 23 33 67 40 28 39 55 75 63 26 20 20 23 21 21 8 12 14 9 6 8 26 25 18 32 13 24 19 31 31 18 38 21 23 18 10 4 2 1 0 0 1 1 2 4 4 2 0 1 0 0 0 0 0 0 0 0 0 0 0 0 0 0 0 0 0 0 0 0 0 0 0 0 0 0 0 0 0 0
5 3 6 2 7 6 6 4 2 2 3 6 11 13 10 12 11 25 28 20 23 26 13 7 15 14 11 16 38 41 22 46 35 14 11 7 9 8 7 21 16 33 24 11 31 20 31 22 18 9 12 9 5 4 1 1 1 1 3 4 5 5 3 3 2 1 1 1 1 1 0 0 0 0 0 0 0 0 0 0 0 0 0 0 0 0 0 0 0 0 0 0 0 0 0 0
5 3 5 1 3 2 7 12 29 29 25 2 4 10 11 5 10 25 48 31 40 14 23 16 11 16 43 25 28 37 50 37 22 24 27 5 3 4 8 12 10 18 26 27 27 23 16 11 23 10 7 5 3 2 2 3 2 5 7 5 9 7 7 4 3 2 2 3 3 2 1 0 0 0 0 0 0 0 0 0 0 0 0 0 0 0 0 0 0 0 0 0 0 0 0 0
1 2 1 1 7 9 2 18 47 54 35 35 14 5 11 18 16 32 35 17 10 14 30 23 20 21 36 17 8 24 23 15 7 14 25 15 6 5 11 7 5 9 8 9 14 15 15 9 13 10 4 2 3 5 8 7 8 10 11 11 7 11 12 8 13 4 5 4 4 3 1 0 0 0 0 0 0 0 0 0 0 0 0 0 0 0 0 0 0 0 0 0 0 0 0 0
1 2 6 7 9 8 19 14 4 17 42 40 36 47 52 45 71 36 27 37 10 6 30 17 21 31 17 16 10 12 23 24 24 18 26 13 9 20 22 7 4 21 10 14 9 5 14 6 5 4 3 4 9 16 15 17 12 10 10 13 9 17 17 22 19 12 7 5 5 3 2 1 2 1 0 0 0 0 0 0 0 0 0 0 0 0 0 0 0 0 0 0 0 0 0 0
3 1 1 3 19 20 32 67 57 32 38 65 56 41 68 51 80 78 73 51 22 41 6 8 8 7 28 31 32 43 14 53 53 25 9 13 5 15 15 9 24 12 11 9 12 7 8 8 6 5 11 10 24 38 35 22 29 15 18 17 13 26 26 25 18 15 9 7 7 6 4 1 1 0 0 0 1 0 0 0 0 0 0 0 0 0 0 0 0 0 0 0 0 0 0 0
5 6 19 3 2 21 44 61 68 29 25 73 34 31 67 43 41 20 37 53 15 25 17 14 9 16 23 32 32 52 25 16 15 38 21 19 7 29 14 13 19 26 20 18 20 29 26 18 6 21 32 30 34 50 52 49 20 12 42 25 20 28 29 18 27 25 5 17 15 6 4 2 1 0 0 1 1 1 0 0 0 0 0 0 0 0 0 0 0 0 0 0 0 0 0 0
24 7 12 35 16 8 9 18 20 62 17 64 39 41 59 26 10 17 31 18 14 7 20 11 17 30 30 15 11 34 24 16 8 7 10 9 23 27 12 9 40 42 23 48 39 20 20 11 9 27 48 45 46 75 43 35 31 15 55 27 24 28 40 41 29 20 17 20 7 4 3 2 1 2 1 1 1 1 0 0 0 0 0 0 0 0 0 0 0 0 0 0 0 0 0 0
49 47 12 41 42 62 56 30 10 13 41 76 62 18 67 24 27 19 31 19 10 8 30 13 27 23 26 24 20 16 11 13 15 21 26 17 32 7 13 23 40 41 53 54 33 16 9 16 33 27 44 62 74 44 30 40 38 24 66 33 58 25 45 25 24 48 27 12 18 6 3 4 7 6 1 0 1 1 0 0 0 0 0 0 0 0 0 0 0 0 0 0 0 0 0 0
41 56 59 47 51 80 61 83 57 8 31 65 8 20 50 42 28 11 46 7 8 8 16 9 40 27 15 13 13 4 3 13 25 16 36 12 42 10 31 28 56 57 66 32 28 18 19 37 47 43 40 65 64 41 48 62 53 35 71 67 39 47 41 49 63 42 31 21 12 5 5 20 7 1 1 1 1 1 0 0 0 0 0 0 0 0 0 0 0 0 0 0 0 0 0 0
49 70 71 77 73 72 79 82 66 35 28 29 37 11 49 34 24 16 10 7 6 10 25 12 20 17 16 33 25 24 27 28 18 9 13 24 56 26 31 40 67 67 51 32 17 30 33 62 69 49 43 63 51 36 51 72 38 61 63 60 66 30 44 75 71 42 32 17 18 19 12 9 4 3 2 1 1 0 0 0 0 0 0 0 0 0 0 0 0 0 0 0 0 0 0 2
8 67 80 63 78 28 57 71 71 69 59 65 44 10 51 71 42 14 19 13 6 15 23 14 11 16 27 8 12 13 5 12 9 25 55 34 52 23 24 41 66 46 27 13 28 51 45 50 75 56 59 62 32 55 71 63 31 59 45 73 60 67 73 64 48 28 34 16 7 3 2 1 1 0 0 0 0 0 0 0 0 0 0 0 0 0 0 0 0 0 0 0 0 0 0 1
19 20 44 17 8 9 15 13 19 8 12 27 58 15 9 47 62 44 32 25 13 11 7 10 27 8 16 17 41 37 8 19 23 28 66 64 73 37 26 51 46 23 15 33 56 55 48 51 74 51 63 75 64 61 78 62 63 37 61 68 46 69 56 23 10 10 6 10 16 13 9 7 7 2 1 0 0 0 0 0 0 0 0 0 0 0 0 0 0 0 0 0 0 1 2 2
19 18 7 12 20 44 50 18 23 4 10 11 6 3 13 6 11 16 8 6 5 24 11 15 6 27 23 31 17 27 26 48 38 39 63 72 54 45 40 56 28 28 30 49 60 55 64 40 63 72 67 83 87 71 68 83 83 66 83 80 79 84 62 68 44 35 30 22 11 3 4 3 1 1 2 1 1 0 0 0 0 0 0 0 0 0 0 0 0 0 0 0 0 0 1 4
32 36 26 26 43 52 57 43 17 13 23 14 18 12 12 17 13 5 5 7 10 30 11 13 26 29 13 57 48 36 49 58 47 50 66 35 22 37 21 53 41 33 34 48 60 66 71 59 67 77 68 79 78 77 32 47 80 85 84 70 29 20 41 35 60 35 22 30 8 3 2 2 3 1 0 0 0 0 0 0 0 0 0 0 0 0 0 0 0 0 0 0 0 0 1 2
22 5 27 32 44 39 49 30 7 15 15 21 42 31 14 15 7 10 9 10 3 6 44 28 17 5 12 30 39 31 30 43 59 34 60 21 34 26 9 51 38 39 49 61 59 74 79 63 81 87 64 45 47 37 24 25 61 71 59 37 46 35 29 38 26 20 18 8 12 6 6 2 2 1 1 1 0 0 0 0 0 0 0 0 0 0 0 1 1 1 1 0 0 1 2 2
