sesion_6_simulaciones/modelos_agentes/ejemplos_netlogo/scenarios/echam4_a2/rob_2027.asc
NCOLS 322 
NROWS 307 
XLLCORNER 451900 
YLLCORNER 4086900 
CELLSIZE 100 
NODATA_value -9999 
[rows 74 to 147 of 307, columns 96 to 191 of 322]
34 65 45 26 25 29 26 53 25 27 22 68 40 72 68 57 21 11 16 26 67 71 53 36 35 15 14 4 15 28 12 11 17 24 13 8 9 10 28 8 9 10 22 7 10 21 22 6 8 23 16 47 68 52 42 21 32 41 58 39 33 83 73 59 62 64 41 56 67 68 58 69 55 67 44 45 56 65 44 38 21 39 52 38 19 7 7 8 4 5 3 3 3 1 0 0
38 41 36 25 16 22 30 39 23 40 44 35 21 31 43 65 44 51 62 77 93 73 74 57 27 32 12 8 18 6 16 68 37 32 34 30 12 8 10 5 10 37 44 29 53 31 29 58 59 16 20 14 24 56 19 26 42 60 44 27 52 56 76 63 64 47 42 54 68 74 47 82 52 61 55 39 60 32 25 51 49 38 13 12 18 15 11 8 12 9 14 12 5 3 1 0
50 33 29 25 19 31 17 45 21 42 52 21 26 49 40 37 48 72 58 75 83 86 83 77 37 24 18 9 15 25 54 65 51 38 38 40 35 14 22 25 16 13 21 10 17 43 22 44 38 33 12 11 24 20 27 31 45 63 34 40 46 30 67 67 63 43 61 53 82 65 40 72 66 59 68 61 35 23 76 49 32 29 44 30 44 41 33 39 36 22 20 18 8 5 3 1
51 20 36 31 23 19 22 32 26 29 69 33 32 34 37 49 71 45 69 68 85 88 70 61 65 14 13 21 39 39 56 29 49 30 42 15 51 33 17 32 14 9 8 6 19 26 50 53 32 59 54 38 29 8 14 19 45 29 30 21 43 26 63 55 49 29 61 65 71 40 34 45 73 41 69 42 42 45 67 40 50 45 40 55 69 60 62 39 32 39 18 17 8 6 4 3
47 27 34 33 39 17 23 28 11 42 64 54 39 27 45 47 53 65 81 57 57 65 74 80 45 35 44 61 73 53 53 33 42 41 13 24 33 37 31 38 33 9 7 14 23 29 51 53 28 70 65 56 60 44 43 17 18 18 27 19 33 23 17 36 22 30 38 58 44 27 36 36 70 56 36 17 53 59 45 44 63 77 84 74 74 68 39 44 45 21 21 11 7 9 7 12
57 58 20 49 52 28 11 27 11 28 22 56 42 35 38 9 43 83 54 62 59 41 64 77 48 35 78 78 76 74 78 50 16 15 19 50 55 19 26 34 44 13 12 25 27 27 36 78 74 68 61 63 75 39 68 59 48 20 11 7 21 31 15 18 23 31 32 45 18 16 35 45 49 39 73 70 34 33 60 70 75 74 69 69 57 65 60 66 40 20 18 10 8 14 25 11
76 79 55 50 19 14 11 9 9 33 17 9 39 53 15 34 74 51 40 37 51 28 16 57 66 73 79 71 77 66 87 81 41 40 51 69 43 36 9 23 52 35 16 24 39 59 34 30 73 52 59 82 74 61 76 47 53 71 56 55 60 22 53 28 19 8 25 35 41 53 39 7 11 15 25 61 68 78 54 77 72 55 76 61 54 54 65 66 44 33 28 18 44 37 10 8
53 48 61 12 9 11 16 13 11 17 17 3 9 21 28 41 23 54 58 45 38 51 15 24 63 78 76 50 44 62 57 45 66 60 62 66 71 65 27 26 63 55 16 20 48 40 25 15 42 24 66 77 63 88 80 53 76 55 39 48 70 33 45 54 42 29 49 51 71 37 47 21 20 23 35 19 28 68 69 75 53 65 77 67 49 58 76 60 52 44 40 45 55 34 10 26
61 62 47 18 18 20 26 17 8 13 20 3 11 24 30 20 20 67 50 36 40 72 45 41 68 91 67 21 47 52 38 43 18 24 84 69 39 39 26 50 73 66 32 26 36 30 26 31 30 54 56 81 85 89 72 71 75 56 73 57 69 53 53 49 44 49 28 37 62 34 68 78 62 52 36 37 31 21 53 82 88 57 71 65 46 78 61 44 54 67 51 67 41 30 21 47
16 29 54 48 6 6 20 20 28 14 14 4 18 46 30 10 17 77 33 50 43 43 32 65 49 59 37 49 62 51 40 39 24 60 91 76 57 32 23 61 46 25 42 21 25 18 21 26 26 38 33 70 71 86 70 70 82 56 76 72 63 65 40 44 48 34 66 34 52 65 79 79 63 44 50 30 27 36 22 74 72 67 41 65 77 43 50 52 63 52 55 41 26 34 33 73
8 11 18 29 32 6 13 8 6 23 21 8 16 41 30 17 25 72 41 44 25 17 69 70 64 55 29 61 63 50 26 16 62 91 89 87 81 47 55 63 59 18 42 30 34 43 32 22 29 11 8 34 76 87 63 69 62 67 87 78 63 50 34 27 74 44 78 57 45 63 79 76 40 36 49 43 43 41 30 31 72 82 78 59 34 66 75 74 62 70 27 45 41 60 41 74
5 9 15 9 22 26 18 14 8 16 30 6 16 47 25 32 27 38 51 63 58 18 37 46 76 67 62 65 69 73 47 81 90 81 79 87 82 54 43 66 49 23 43 35 37 43 38 24 30 20 23 40 76 80 58 51 54 86 86 82 58 28 48 63 79 62 84 75 62 42 77 63 67 65 66 50 43 46 32 29 40 76 66 79 78 48 73 35 72 40 35 59 46 77 46 60
4 2 1 1 6 13 5 3 5 11 14 8 25 51 26 9 22 19 40 54 65 57 26 32 37 41 70 84 60 57 77 86 86 73 79 79 62 80 61 65 50 74 58 67 44 53 58 55 38 36 24 43 64 88 68 48 78 71 86 73 56 42 44 59 85 64 82 72 63 43 67 56 49 25 53 40 19 42 34 22 13 57 74 67 51 85 61 56 62 57 58 70 71 78 76 42
3 1 0 0 4 5 1 2 4 7 4 13 41 33 8 4 10 15 34 40 55 80 47 25 21 31 71 71 80 41 83 69 69 73 87 82 64 78 54 63 60 91 48 79 58 55 46 31 31 28 23 16 45 80 66 75 65 78 90 66 43 45 60 77 77 60 70 67 55 21 26 34 56 59 71 51 30 43 45 47 52 16 60 68 63 76 85 86 91 76 85 87 74 40 79 28
4 4 1 1 4 2 1 3 5 4 7 13 24 27 7 2 30 26 19 25 33 47 62 62 43 29 47 61 77 79 73 84 82 55 58 48 51 74 32 52 90 79 64 52 40 59 43 50 53 54 52 23 29 58 54 65 70 82 82 64 59 71 75 79 79 47 63 69 55 29 26 43 63 61 50 79 42 34 43 47 48 31 22 60 69 84 79 54 55 67 66 81 73 39 51 62
5 2 1 1 1 1 1 8 3 3 3 7 41 17 4 3 20 9 19 29 30 41 54 53 56 31 34 19 36 70 57 63 70 61 62 60 45 37 52 86 52 76 44 28 42 73 60 58 60 60 46 41 22 25 25 47 62 68 80 57 47 60 60 85 80 54 61 78 36 15 16 37 36 53 85 76 52 53 26 57 39 53 49 19 53 77 75 73 71 67 48 45 59 36 21 38
2 2 1 0 0 0 0 4 4 1 7 17 34 32 4 2 9 2 10 39 40 42 16 22 45 35 36 26 57 85 76 71 46 61 44 28 36 30 64 46 41 44 24 58 82 67 64 63 47 34 31 29 24 19 8 12 40 59 75 43 66 63 86 88 87 53 77 64 53 31 19 29 54 74 91 51 50 81 41 52 46 52 59 38 17 59 64 50 32 46 41 37 27 38 35 30
5 4 2 1 1 0 0 1 3 3 5 20 12 7 11 4 13 2 1 6 9 31 17 15 15 9 22 39 69 82 52 63 70 65 59 31 18 32 75 23 53 57 68 78 80 61 79 41 31 37 64 58 63 58 48 18 7 5 27 42 47 68 79 87 86 59 89 65 64 53 28 31 51 87 74 38 74 71 53 38 57 59 58 45 32 10 28 48 40 40 23 36 55 58 44 39
3 2 1 1 1 0 0 0 1 4 7 8 8 3 2 1 11 3 1 12 8 10 7 11 17 16 14 40 16 37 48 45 48 44 11 22 38 46 51 28 64 65 81 68 63 49 85 77 76 59 59 55 52 31 35 11 4 5 6 27 57 81 74 85 76 51 77 71 38 31 33 54 50 73 43 59 82 71 72 78 60 63 46 42 44 30 8 15 17 24 37 46 53 53 45 35
1 1 1 1 1 0 0 0 0 1 3 6 6 5 2 1 10 2 1 4 3 4 5 9 6 18 17 26 14 4 12 15 12 11 30 39 67 75 49 49 27 65 91 61 37 80 74 65 79 61 59 47 30 34 30 32 15 6 7 42 73 67 84 85 81 77 75 80 64 26 41 34 41 22 33 75 73 42 67 46 51 47 43 40 46 34 37 15 5 23 37 59 64 51 46 20
2 1 2 3 1 1 1 1 1 1 2 3 3 2 2 1 4 1 0 2 4 3 3 3 5 11 11 12 15 10 4 3 6 19 29 64 76 48 55 63 42 81 86 56 71 66 71 48 86 65 73 57 65 66 63 41 24 8 9 17 59 52 77 80 74 64 72 78 67 38 26 43 50 48 53 61 71 86 55 63 41 32 50 42 29 45 57 46 15 12 16 13 22 23 26 19
8 6 4 6 5 4 4 3 1 0 1 1 1 1 1 1 1 1 1 1 1 1 1 1 3 5 7 7 7 20 2 3 7 22 68 75 50 33 64 69 55 69 75 59 53 72 63 59 85 69 56 69 55 61 59 40 23 9 6 8 11 46 69 71 65 52 71 63 38 14 26 55 30 53 74 69 77 57 38 82 50 43 47 47 71 53 32 35 39 35 25 8 4 4 7 8
15 6 11 10 10 6 9 4 2 1 0 0 0 1 1 1 1 1 0 0 1 2 1 1 1 1 7 5 5 2 3 2 11 57 51 52 17 44 82 57 40 44 55 21 35 81 56 82 85 78 54 68 77 45 20 18 20 19 15 9 10 19 38 48 55 48 33 39 17 17 37 42 38 59 70 78 61 56 66 75 71 42 53 77 73 68 49 42 44 43 46 34 16 5 2 6
18 18 22 11 17 12 7 5 4 3 3 1 1 0 0 0 1 1 0 0 1 0 0 1 0 1 5 8 3 2 5 1 17 38 25 12 20 60 77 60 26 35 30 25 72 64 48 57 89 89 46 50 50 61 38 19 4 8 11 16 13 17 13 19 11 25 32 29 12 30 46 48 44 45 68 62 55 69 43 28 70 65 66 73 74 55 54 44 31 35 42 31 24 9 6 2
31 19 26 28 21 10 9 9 5 5 3 2 2 1 0 0 0 0 0 0 1 0 0 0 0 1 1 5 1 1 4 1 7 16 7 12 16 35 33 41 28 33 17 57 64 25 57 91 87 80 79 32 16 20 13 15 5 6 15 25 13 21 12 7 7 15 12 10 11 34 36 57 32 57 65 59 74 41 53 46 73 50 44 45 51 68 67 47 35 25 39 28 27 20 15 5
24 14 33 31 9 13 5 5 10 7 4 3 2 2 1 0 0 0 0 0 0 0 0 0 0 0 0 0 0 6 2 1 1 2 4 17 22 35 69 45 36 23 37 39 41 46 51 90 84 73 94 69 39 45 36 16 7 4 2 6 24 14 9 4 6 13 9 7 14 25 43 51 47 25 35 37 45 45 47 60 22 74 56 60 61 67 60 62 66 42 38 36 36 37 16 10
14 26 58 31 24 11 22 9 15 11 5 5 3 1 1 1 1 0 0 0 1 0 0 0 0 0 0 0 1 5 0 1 1 1 6 18 24 5 19 18 27 21 21 32 27 35 64 84 77 78 86 86 40 22 15 10 8 11 7 1 2 5 5 5 5 8 6 7 10 22 34 51 47 54 18 30 49 48 30 40 67 52 42 67 68 63 65 71 59 69 54 58 51 41 24 16
20 35 53 28 21 18 9 11 17 10 8 6 3 2 1 2 1 1 1 1 1 1 0 0 1 0 0 0 0 2 0 1 1 2 5 7 6 8 6 3 17 27 14 10 21 64 79 77 65 62 79 80 56 36 35 38 27 15 11 3 1 4 3 2 4 3 3 6 14 22 22 32 31 31 45 42 37 59 87 86 79 84 65 66 59 55 60 66 76 63 74 65 52 44 37 31
25 49 18 21 25 17 14 7 15 12 4 2 6 2 2 1 1 2 2 2 2 1 1 1 1 1 0 0 0 1 0 1 1 2 3 4 4 7 7 2 6 32 16 5 26 41 78 64 23 21 36 67 80 66 42 32 25 13 6 2 1 4 2 1 2 3 4 10 14 22 21 27 35 53 69 72 66 84 82 81 75 62 53 41 41 62 77 68 65 69 74 72 66 63 48 37
53 19 24 19 13 20 17 10 4 5 6 7 6 4 2 3 2 2 3 4 4 2 3 2 2 1 1 0 0 1 0 0 1 2 4 4 7 6 6 2 3 8 13 4 15 20 43 21 11 15 40 54 78 68 54 33 26 14 6 4 1 2 1 1 4 3 6 16 15 19 24 24 56 66 84 68 77 72 76 61 32 28 38 61 31 62 70 64 78 85 75 56 34 25 17 13
20 24 38 53 41 24 7 4 4 12 11 7 4 6 5 5 4 6 5 5 5 5 3 4 3 1 1 0 0 0 0 0 0 1 2 8 13 7 8 2 2 2 3 1 4 9 6 11 14 27 35 64 82 68 57 48 35 23 18 6 1 1 1 1 3 4 7 7 6 13 32 36 45 52 58 65 69 61 44 34 44 41 66 65 86 67 54 73 86 74 58 56 51 39 30 25
45 54 41 12 9 13 14 6 9 16 14 10 9 8 8 11 5 8 7 9 3 8 6 5 3 1 0 0 0 0 0 0 0 0 2 3 4 6 8 4 4 3 3 1 3 7 11 38 56 58 83 65 83 77 68 41 39 19 9 5 1 1 1 0 0 1 3 8 16 14 26 49 28 39 39 57 61 26 16 31 32 49 76 65 82 64 85 72 74 60 59 59 49 50 47 37
46 27 32 27 24 13 16 7 21 20 19 17 29 14 19 15 12 21 13 8 8 8 11 3 4 2 1 0 0 0 0 0 0 0 1 1 4 9 9 2 1 2 2 2 3 9 25 16 45 53 49 51 87 77 61 30 16 10 6 2 1 0 0 0 0 1 4 15 22 16 21 44 37 27 24 36 25 31 55 55 39 73 71 61 71 81 68 75 64 60 47 55 56 60 51 63
26 21 12 10 9 7 4 13 27 25 26 40 25 29 25 26 28 10 7 20 12 15 11 4 2 1 1 1 1 0 0 0 0 0 1 1 1 2 4 2 1 2 2 2 6 8 4 10 27 67 34 57 75 53 51 34 19 8 2 1 1 1 0 0 0 1 3 6 25 15 17 7 16 27 23 38 44 48 47 46 50 76 65 56 63 64 41 74 47 52 60 66 66 45 72 70
15 21 29 30 25 12 10 18 30 49 46 43 28 34 52 44 23 12 13 28 15 8 6 4 2 1 2 2 1 1 0 0 0 0 1 1 0 0 0 0 0 1 1 2 5 4 5 13 50 13 14 43 80 53 30 14 8 6 6 3 1 0 0 0 0 0 2 3 7 12 11 10 25 20 29 41 58 71 71 73 73 88 63 41 39 49 67 85 83 60 60 61 50 56 62 57
30 48 32 49 21 19 21 37 39 55 51 20 21 39 38 25 18 17 27 45 12 8 7 5 3 3 2 1 1 0 0 0 0 0 0 0 0 0 0 0 0 1 1 1 1 3 7 4 33 8 25 56 76 33 13 11 7 3 2 2 1 1 0 0 0 0 1 1 4 5 11 18 31 31 61 66 81 52 37 30 83 80 78 51 21 53 75 91 86 80 86 57 71 52 46 76
51 50 68 55 28 45 45 47 67 59 42 27 31 51 33 44 14 23 47 18 11 8 10 8 6 4 2 1 1 1 1 1 0 0 0 0 0 0 0 0 0 0 1 1 1 3 5 5 3 6 25 62 72 30 17 12 5 3 2 1 1 0 0 0 0 0 1 3 6 11 17 22 35 50 63 59 30 34 29 75 78 79 81 82 38 60 82 83 75 68 69 72 49 52 32 48
68 68 44 33 40 52 51 69 38 51 21 44 48 73 56 35 17 46 11 7 20 9 6 3 4 3 3 2 2 1 1 1 1 1 0 0 0 0 0 0 0 0 0 1 2 4 1 5 1 2 13 42 79 62 19 10 5 2 2 1 1 0 0 0 0 0 2 5 15 18 19 25 35 34 36 45 42 58 74 81 75 76 64 80 68 61 63 37 21 20 55 81 69 46 27 28
76 61 44 32 43 60 67 18 61 29 35 53 68 68 42 24 48 36 16 6 6 9 3 3 5 4 7 3 4 4 2 2 1 1 1 0 0 0 0 0 0 0 0 1 1 2 0 2 1 3 8 6 37 42 15 6 2 1 1 0 1 1 0 0 0 1 2 4 6 10 13 17 22 31 57 71 65 67 74 63 68 57 42 69 59 38 34 45 61 68 85 41 54 49 25 19
45 61 47 40 57 75 76 31 63 57 71 56 81 48 34 41 51 18 18 14 32 15 6 4 7 14 8 10 7 9 3 1 0 1 1 1 1 0 0 0 0 0 0 1 1 0 1 2 0 3 3 25 29 12 11 8 6 3 1 1 1 1 1 0 0 0 1 3 6 7 9 13 25 26 25 30 33 38 84 45 65 71 50 41 31 23 58 66 65 80 79 61 44 57 53 47
86 44 62 65 73 52 51 60 62 55 56 58 53 47 44 69 28 35 28 49 36 17 20 12 7 18 22 19 24 11 7 1 1 1 0 0 0 0 0 0 0 0 0 0 0 1 4 1 0 2 17 25 38 8 6 9 4 3 2 1 1 0 0 0 0 0 0 1 2 4 2 6 6 8 25 40 43 47 73 64 53 67 86 32 21 40 49 57 76 69 65 77 57 56 42 50
78 93 88 91 86 58 21 13 55 36 62 74 83 75 62 67 65 73 53 64 43 38 31 25 22 29 43 44 14 12 6 3 3 1 1 1 0 1 1 0 0 0 0 0 0 0 0 0 0 2 6 28 26 5 6 5 5 2 1 1 1 0 0 0 0 0 1 2 3 7 11 18 34 32 22 27 44 77 71 74 74 53 54 62 25 35 64 62 51 36 74 87 58 45 55 63
64 87 71 80 79 60 76 35 53 44 21 33 77 85 86 61 45 48 60 61 55 49 57 36 48 45 57 32 28 21 14 6 4 4 3 1 1 1 1 0 0 0 0 0 0 0 0 0 0 1 4 2 10 3 9 3 5 3 1 1 1 1 0 0 0 0 1 3 5 13 28 22 15 32 59 41 58 76 76 88 76 58 46 34 6 17 23 44 67 81 87 64 85 57 54 60
44 84 64 74 76 66 86 64 36 70 46 37 60 72 67 59 68 44 70 83 83 64 49 35 71 52 49 33 20 13 14 8 7 7 4 2 1 1 0 0 0 0 0 0 0 0 0 0 0 0 1 2 12 5 13 9 3 4 1 1 0 0 0 0 0 1 2 2 5 12 32 43 56 49 68 74 81 76 72 85 83 46 25 15 10 17 43 63 57 90 59 73 81 85 61 58
44 78 66 58 75 52 57 23 40 72 48 25 9 46 57 58 64 46 38 70 77 35 66 29 57 47 54 32 23 8 12 20 16 14 9 3 1 1 1 1 0 0 0 0 0 0 0 0 0 0 1 4 11 2 2 1 3 4 3 1 0 0 0 0 0 1 2 2 5 12 22 38 33 25 29 44 82 58 81 80 87 80 17 9 10 23 54 35 68 82 69 78 65 61 47 66
12 35 23 42 65 53 49 13 41 78 37 18 10 19 56 51 53 47 20 25 46 30 29 47 18 16 63 24 11 5 3 4 7 5 5 4 2 2 2 0 0 0 0 0 0 0 0 0 0 0 1 4 3 6 2 1 1 1 0 0 0 0 0 0 0 1 1 1 3 6 12 11 18 36 41 60 88 90 72 59 73 77 50 10 4 14 19 41 76 61 57 27 21 30 44 63
12 31 58 40 48 33 61 35 47 79 56 22 18 18 50 67 33 5 7 13 20 10 17 54 21 8 44 27 32 6 0 5 11 7 3 7 4 3 1 0 0 0 0 0 0 0 0 0 0 1 1 3 1 2 1 1 0 0 0 0 0 0 0 0 0 0 0 1 1 5 12 16 36 39 52 82 89 88 81 40 41 52 42 15 3 10 28 51 48 25 28 58 64 58 63 76
19 10 9 13 19 30 61 19 49 53 80 35 14 11 14 11 7 6 5 16 11 10 6 43 9 24 27 22 42 41 11 5 6 3 4 6 4 2 1 1 0 0 0 0 0 0 0 0 0 0 2 3 0 1 1 2 1 0 0 0 0 0 0 0 0 1 6 4 7 19 35 60 68 51 72 93 89 86 78 52 8 18 34 26 5 12 24 45 34 40 87 62 46 52 43 77
20 22 8 8 16 25 49 39 22 36 71 32 8 3 14 15 5 15 5 5 9 8 6 45 7 5 22 14 22 30 13 8 9 3 1 2 1 1 1 0 0 0 0 0 0 0 0 0 0 0 1 1 0 1 0 0 1 1 0 0 0 0 0 0 0 1 2 7 23 37 67 46 29 48 80 92 84 72 66 67 46 8 29 25 5 11 26 23 22 71 63 50 62 78 23 10
19 24 14 8 12 7 39 45 34 12 71 24 5 2 10 9 13 15 10 5 7 8 2 12 28 2 5 6 21 45 10 2 4 2 3 4 2 2 1 1 0 0 0 0 0 0 0 0 0 0 2 1 0 0 0 0 0 0 0 0 0 0 0 0 0 1 2 9 17 20 11 19 45 57 75 73 79 62 51 31 44 12 6 8 8 21 14 13 50 83 41 55 65 73 65 21
28 16 12 4 4 5 22 49 14 14 50 33 15 1 8 8 20 14 10 7 6 11 4 5 49 4 8 6 18 19 23 11 9 10 6 3 3 2 1 0 0 0 0 0 0 0 0 0 0 1 2 1 0 0 0 0 0 0 0 0 0 0 0 0 0 1 7 9 8 7 22 34 55 86 73 54 71 34 17 13 33 14 6 1 2 14 14 32 74 43 39 53 78 62 63 29
52 8 13 5 3 5 10 14 3 3 55 22 2 1 6 9 17 12 16 10 11 7 7 5 15 5 2 7 12 9 18 21 8 4 3 1 2 2 1 1 0 0 0 0 0 0 0 0 0 0 1 1 0 0 0 0 0 0 0 0 0 0 0 0 0 2 3 2 2 6 29 44 78 82 77 47 26 41 8 10 28 7 2 1 4 18 31 42 53 15 51 82 71 67 77 38
9 13 5 4 3 2 3 6 4 7 24 7 3 1 4 5 15 3 11 5 6 7 6 5 7 13 4 2 1 6 7 15 5 3 3 2 1 1 1 1 0 0 0 0 0 0 0 0 0 1 1 0 0 0 0 0 0 0 0 0 0 0 0 0 0 1 1 0 4 19 33 46 79 82 57 35 19 26 25 4 7 4 1 1 5 10 23 47 23 29 70 59 61 63 58 50
8 5 10 9 3 2 1 1 1 2 5 2 7 2 1 4 13 3 2 7 2 1 1 8 9 15 1 1 0 1 9 16 13 5 2 1 1 0 0 0 0 0 0 0 0 0 0 0 0 0 0 0 0 0 0 0 0 0 0 0 0 0 0 0 1 0 0 1 8 20 38 72 68 63 48 34 17 11 20 5 2 2 1 1 5 8 26 34 23 18 23 45 41 37 54 61
14 6 4 9 9 5 3 1 1 3 2 1 5 5 1 3 6 6 1 2 1 2 1 18 6 7 3 0 0 0 1 3 11 8 3 1 1 0 0 0 1 0 0 0 0 0 0 0 0 0 0 0 0 0 0 0 0 0 0 0 0 0 0 0 0 0 0 2 10 41 52 74 68 43 19 7 4 4 5 6 3 1 0 1 3 6 14 14 10 7 22 20 15 30 51 66
15 7 3 4 5 9 3 1 0 2 2 1 1 2 1 1 3 4 1 1 1 0 1 2 0 1 5 0 0 0 0 1 9 10 3 1 1 3 2 1 0 0 0 0 0 0 0 0 0 0 0 0 0 0 0 0 0 0 0 0 0 0 0 0 0 0 0 1 11 64 60 57 69 53 19 6 2 0 1 3 2 1 0 0 2 4 8 4 4 16 26 35 67 55 71 64
42 13 5 1 3 5 9 1 1 2 3 1 0 1 1 0 2 4 1 1 1 0 0 1 0 0 2 1 0 1 0 0 2 15 7 2 1 0 0 0 0 0 0 0 0 0 0 0 0 0 0 0 0 0 0 0 0 0 0 0 0 0 0 0 0 1 2 7 25 35 70 70 46 56 37 12 5 1 0 0 1 1 0 0 0 1 2 1 4 15 22 65 66 58 57 63
24 58 9 3 1 1 1 1 1 2 1 1 1 0 1 0 0 4 1 1 0 0 0 0 0 0 1 1 0 1 0 0 1 4 10 4 1 1 1 1 0 0 0 0 0 0 0 0 0 0 0 0 0 0 0 0 0 0 0 0 0 0 0 0 0 1 3 3 10 28 55 44 32 26 43 13 4 1 0 0 0 0 0 0 0 0 1 2 7 16 44 53 33 51 65 65
3 34 43 14 4 1 0 2 1 1 1 1 2 1 0 0 0 3 1 1 0 0 0 0 1 0 0 1 0 1 0 0 1 1 1 6 1 0 1 1 0 0 0 0 0 0 0 0 0 0 0 0 0 0 0 0 0 0 0 0 0 0 0 0 0 0 0 2 28 39 41 36 22 18 15 10 4 1 1 0 0 0 0 0 1 3 3 2 5 18 20 16 24 51 69 60
1 11 13 26 5 2 1 2 1 0 1 1 1 1 1 1 0 1 2 0 0 0 0 0 0 0 0 0 0 1 1 0 1 1 1 0 5 2 1 1 0 0 0 0 0 0 0 0 0 0 0 0 0 0 0 0 0 0 0 0 0 0 0 0 0 0 1 3 20 45 40 52 30 5 4 6 3 2 1 1 0 0 0 0 1 2 8 15 5 5 5 16 35 52 77 54
3 5 4 11 3 1 1 1 1 1 1 1 1 1 1 1 0 0 1 1 0 0 0 0 1 0 0 0 0 0 1 0 0 0 0 1 2 0 2 1 0 0 0 0 0 0 0 0 0 0 0 0 0 0 0 0 0 0 0 0 0 0 0 0 0 0 1 6 20 31 64 46 40 13 3 1 2 1 1 0 0 0 0 1 1 3 10 28 26 18 21 16 39 53 79 65
2 3 1 4 3 4 2 1 1 1 0 0 0 0 0 1 0 0 0 0 0 0 0 0 0 0 0 0 0 0 0 0 0 0 1 1 1 0 3 0 0 0 0 0 0 0 0 0 0 0 0 0 0 0 0 0 0 0 0 0 0 0 0 0 0 0 1 3 16 12 46 38 21 12 12 2 2 1 0 0 0 0 0 0 2 5 11 23 40 42 38 36 37 68 91 74
2 2 2 1 2 1 1 1 3 2 1 0 0 0 0 0 0 0 0 0 0 0 0 0 0 0 0 0 0 0 0 0 0 0 2 3 1 1 0 0 0 0 0 0 0 0 0 0 0 0 0 0 0 0 0 0 0 0 0 0 0 0 0 0 0 0 1 8 19 28 31 39 21 8 4 4 1 1 0 0 0 0 0 0 1 3 7 16 27 20 40 52 75 91 89 67
1 2 1 1 1 0 0 0 0 0 0 0 0 0 0 0 0 0 0 0 0 0 0 0 0 0 0 0 0 0 0 0 0 1 1 1 2 5 4 2 0 0 0 0 0 0 0 0 0 0 0 0 0 0 0 0 0 0 0 0 0 0 0 0 0 1 5 12 18 34 34 29 23 10 2 1 1 0 0 0 0 0 1 1 1 0 2 4 8 23 32 64 65 87 83 55
0 1 0 0 0 0 0 0 0 0 0 0 0 0 0 0 0 0 0 0 0 0 0 0 0 0 0 0 0 0 0 0 0 0 0 0 0 0 0 0 0 0 0 0 0 0 0 0 0 0 0 0 0 0 0 0 0 0 0 0 0 0 0 0 0 0 1 3 13 26 13 30 10 5 1 1 0 0 0 0 0 0 1 2 7 4 7 7 19 46 54 61 73 71 53 34
0 0 0 0 0 0 0 0 0 0 0 0 0 0 0 0 0 0 0 0 0 0 0 0 0 0 0 0 0 0 0 0 0 0 0 0 0 0 0 0 0 0 0 0 0 0 0 0 0 0 0 0 0 0 0 0 0 0 0 0 0 0 0 0 0 1 1 3 7 5 9 11 7 2 1 0 0 0 0 0 0 0 0 1 3 12 23 25 44 71 65 48 57 38 36 24
0 0 0 0 0 0 0 0 0 0 0 1 0 1 0 0 0 0 0 0 0 0 0 0 0 0 0 0 0 0 0 0 0 0 0 0 0 0 0 0 0 0 0 0 0 0 0 0 0 0 0 0 0 0 0 0 0 0 0 0 0 0 0 0 0 1 1 5 3 5 7 3 3 1 0 0 0 0 0 0 0 0 1 2 3 13 51 48 18 29 71 78 38 9 10 16
1 1 0 0 0 0 0 1 0 1 1 2 2 2 1 0 0 0 0 0 0 0 0 0 0 0 0 0 0 0 0 0 0 0 0 0 0 0 0 0 0 0 0 0 0 0 0 0 0 0 0 0 0 0 0 0 0 0 0 0 0 0 0 0 0 1 1 1 2 2 2 1 2 0 0 0 0 0 0 0 0 1 2 4 14 20 15 5 13 49 83 71 60 9 3 3
3 1 0 1 2 2 2 2 2 3 3 2 3 4 2 1 1 0 0 0 0 0 0 0 0 0 0 0 0 0 0 0 0 0 0 0 0 0 0 0 0 0 0 0 0 0 0 0 0 0 0 0 0 0 0 0 0 0 0 0 0 0 0 0 0 1 2 1 0 0 1 1 0 0 0 0 0 0 0 0 1 1 3 10 9 3 2 6 21 69 74 47 25 18 1 0
3 2 1 4 4 7 4 5 10 5 8 5 8 4 3 2 2 1 0 0 0 0 0 0 0 0 0 0 0 0 0 0 0 0 0 0 0 0 0 0 0 0 0 0 0 0 0 0 0 0 0 0 0 0 0 0 0 0 0 0 0 0 0 0 0 1 1 1 0 1 0 0 0 0 0 0 0 0 0 0 1 3 2 2 1 1 4 13 32 50 46 32 9 17 3 0
8 6 4 11 23 39 26 18 30 21 16 10 26 15 11 6 2 1 1 1 0 0 0 0 0 0 0 0 0 0 0 0 0 0 0 0 0 0 0 0 0 0 0 0 0 0 0 0 0 0 0 0 0 0 0 0 0 0 0 0 0 0 0 0 0 1 2 1 0 0 0 0 0 0 0 0 0 0 0 0 1 1 1 0 1 3 8 32 48 30 26 10 4 5 7 0
39 40 29 22 22 20 9 5 19 9 10 8 10 15 14 3 3 2 2 2 1 0 0 0 0 0 0 0 0 0 0 0 0 0 0 0 0 0 0 0 0 0 0 0 0 0 0 0 0 0 0 0 0 0 0 0 0 0 0 0 0 0 0 0 0 1 2 2 0 0 0 0 0 0 0 0 0 0 0 0 0 0 0 1 2 5 11 45 48 68 16 2 1 1 3 0
29 17 36 19 16 21 17 12 7 5 9 17 7 5 11 20 12 3 0 0 0 0 0 0 0 0 0 0 0 0 0 0 0 0 0 0 0 0 0 0 0 0 0 0 0 0 0 0 0 0 0 0 0 0 0 0 0 0 0 0 0 0 0 0 0 0 1 3 1 0 0 0 0 0 0 0 0 0 0 0 0 0 1 2 3 5 22 18 28 36 27 3 0 0 1 1
28 6 24 20 5 2 7 10 12 8 4 3 20 5 7 12 4 3 1 1 1 0 0 0 0 0 0 0 0 0 0 0 0 0 0 0 0 0 0 0 0 0 0 0 0 0 0 0 0 0 0 0 0 0 0 0 0 0 0 0 0 0 0 0 0 0 0 1 1 0 0 0 0 0 0 0 0 0 0 0 0 0 1 2 6 14 18 14 9 7 23 4 1 0 0 0
