sesion_6_simulaciones/modelos_agentes/ejemplos_netlogo/scenarios/echam4_a2/rob_2066.asc
NCOLS 322 
NROWS 307 
XLLCORNER 451900 
YLLCORNER 4086900 
CELLSIZE 100 
NODATA_value -9999 
[rows 74 to 147 of 307, columns 0 to 95 of 322]
0 0 0 0 0 0 0 0 0 0 0 0 0 0 0 0 0 0 0 0 0 0 0 0 0 0 0 0 0 0 0 0 0 0 0 0 1 1 1 1 0 1 0 0 0 0 0 0 0 0 0 0 0 0 0 0 0 0 0 0 0 1 1 1 1 0 0 1 1 2 5 2 2 1 7 22 8 10 25 46 35 5 6 10 16 2 2 1 4 2 3 3 2 2 4 3
0 0 0 0 0 0 0 0 0 0 0 0 0 0 0 0 0 0 0 0 0 0 0 0 0 0 0 0 0 0 0 0 0 0 0 0 0 0 1 1 0 1 1 0 0 0 0 0 0 0 0 0 0 0 0 0 0 0 0 0 0 0 1 2 1 1 2 1 1 1 1 3 4 3 4 35 9 4 3 39 29 12 8 5 2 6 7 3 4 3 4 9 6 3 2 20
0 0 0 0 0 0 0 0 0 0 0 0 0 0 0 0 0 0 0 0 0 0 0 0 0 0 0 0 0 0 0 0 0 0 0 0 0 1 1 0 1 2 1 0 0 0 0 0 0 0 0 0 0 0 0 0 1 0 0 0 0 1 1 2 2 1 2 2 4 3 3 1 1 1 5 42 58 11 6 7 20 15 6 2 2 18 19 14 11 3 2 1 12 14 8 12
0 0 0 0 0 0 0 0 0 0 0 0 0 0 0 0 0 0 0 0 0 0 0 0 0 0 0 0 0 0 0 0 0 0 0 0 0 0 0 0 2 0 1 0 1 1 0 0 0 0 0 0 0 0 0 0 0 0 0 0 0 1 0 1 1 1 2 2 3 5 6 7 7 6 3 7 37 19 11 3 25 31 4 2 15 32 4 36 19 8 3 10 16 17 19 8
0 0 0 0 0 0 0 0 0 0 0 0 0 0 0 0 0 0 0 0 0 0 0 0 0 0 0 0 0 0 0 0 0 0 0 0 0 0 0 1 0 1 0 1 1 4 1 1 1 1 0 0 0 0 0 0 0 0 0 0 0 0 0 0 0 1 1 3 3 4 5 10 8 9 4 1 2 8 8 4 9 8 5 4 16 6 4 3 3 14 8 12 10 13 16 23
0 0 0 0 0 0 0 0 0 0 0 0 0 0 0 0 0 0 0 0 0 0 0 0 0 0 0 0 0 0 0 0 0 0 1 1 0 0 0 1 1 2 2 0 1 1 4 5 10 8 4 1 1 1 0 0 0 0 0 0 0 0 0 0 0 0 0 0 1 3 5 5 7 10 7 6 3 7 2 2 8 8 5 8 16 5 14 7 4 10 15 40 49 50 30 37
0 0 0 0 0 0 0 0 0 0 0 0 0 0 0 0 0 0 0 0 0 0 0 0 0 0 0 0 0 0 0 0 0 0 2 2 1 0 0 2 1 1 3 2 1 1 2 6 31 35 39 49 21 3 1 1 0 0 0 0 0 0 0 0 0 0 0 1 1 2 5 4 7 10 10 5 5 2 1 0 3 6 7 9 19 10 4 6 7 11 54 54 51 25 25 56
0 0 0 0 0 0 0 0 0 0 0 0 0 0 0 0 0 0 0 0 0 0 0 0 0 0 0 0 0 0 0 0 0 0 0 1 1 0 0 1 3 12 3 7 5 2 2 1 1 2 5 10 19 29 10 2 1 0 0 0 0 0 0 1 0 0 0 0 0 1 1 7 7 9 12 7 2 0 1 1 2 3 4 11 5 12 15 19 11 10 7 5 20 14 22 40
0 0 0 0 0 0 0 0 0 0 0 0 0 0 0 0 0 0 0 0 0 0 0 0 1 0 0 0 0 0 0 0 0 0 0 0 0 0 0 1 1 2 3 8 4 3 4 2 1 0 0 0 1 6 5 15 4 1 0 3 4 1 1 0 1 0 0 1 0 0 1 3 8 6 5 6 3 2 2 5 2 2 7 21 7 28 23 20 18 24 16 8 7 21 63 77
0 0 0 0 0 0 0 0 0 0 0 0 0 0 0 0 0 0 0 0 0 0 0 0 0 0 0 0 0 0 0 0 0 0 0 0 0 0 0 1 3 6 2 2 1 1 1 1 0 1 1 0 3 1 1 3 5 3 9 6 1 0 0 0 1 0 0 1 1 1 5 4 6 4 4 5 8 11 6 3 5 4 21 28 18 44 34 64 45 38 42 40 10 10 15 16
0 0 0 0 0 0 0 0 0 0 0 0 0 0 0 0 0 0 0 0 0 0 0 0 0 0 0 0 0 0 0 0 0 0 0 0 0 0 1 1 1 4 6 6 0 0 0 1 1 0 0 3 8 3 3 2 1 5 20 2 1 1 0 0 0 0 1 0 2 3 3 4 4 3 4 4 6 6 12 3 5 4 8 6 15 47 22 30 50 64 40 41 44 29 23 19
0 0 0 0 0 0 0 0 0 0 0 0 0 0 0 0 0 0 0 0 0 0 0 0 0 0 0 0 0 0 0 0 0 0 0 0 0 1 1 1 2 2 5 7 3 4 5 4 5 5 3 4 5 3 2 1 2 7 2 2 1 2 1 0 0 0 0 2 2 1 4 3 14 3 2 8 6 6 8 6 5 3 4 12 3 33 25 54 55 74 84 83 60 41 31 31
0 0 0 0 0 0 0 0 0 0 0 0 0 0 0 0 0 0 0 0 0 0 0 0 0 0 0 0 0 0 0 0 0 0 0 0 0 0 0 1 2 1 3 3 2 2 3 2 2 3 3 1 2 2 2 2 5 2 2 2 3 1 0 0 0 0 0 0 0 1 1 2 1 1 9 6 4 7 27 10 13 6 3 10 19 46 34 23 66 61 51 61 68 33 33 35
0 0 0 0 0 0 0 0 0 0 0 0 0 0 0 0 0 0 0 0 0 0 0 0 0 0 0 0 0 0 0 0 0 0 0 0 0 0 0 1 2 1 0 1 1 1 2 0 1 1 1 1 1 2 2 1 2 1 2 1 2 0 0 0 0 0 2 2 2 1 2 1 2 1 1 2 16 25 4 9 10 6 7 5 8 13 29 48 57 65 13 43 54 56 34 34
0 0 0 0 0 0 0 0 0 0 0 0 0 0 0 0 0 0 0 0 0 0 0 0 0 0 0 0 0 1 0 0 0 0 0 0 0 0 0 0 0 0 1 0 1 1 2 0 1 2 1 0 1 2 1 0 1 1 1 1 1 0 0 0 1 0 0 1 3 1 2 2 1 2 3 2 3 6 5 4 3 5 13 12 8 11 10 8 26 23 17 43 22 62 49 44
0 0 0 0 0 0 0 0 0 0 0 0 0 0 0 0 0 0 0 0 0 0 0 0 0 1 1 0 0 0 0 0 0 0 0 0 0 0 0 0 0 0 0 0 0 1 1 0 0 1 0 1 0 1 2 0 1 0 3 1 0 0 0 1 1 0 0 0 6 1 1 1 1 1 2 5 5 17 20 15 24 16 8 6 20 28 25 24 11 10 22 41 44 20 44 38
0 0 0 0 0 0 0 0 0 0 0 0 0 0 0 0 0 0 0 0 0 0 0 0 3 0 2 2 0 0 1 1 0 1 0 0 0 0 0 0 0 0 0 0 0 1 0 0 0 0 0 1 1 2 0 1 1 0 1 0 0 0 1 0 0 0 0 0 2 18 10 3 1 6 6 11 40 36 5 11 37 26 30 28 26 31 32 35 28 15 8 38 34 20 14 6
0 0 0 0 0 0 0 0 0 0 0 0 0 0 0 0 0 0 0 0 0 0 0 0 1 0 0 6 2 0 0 1 0 1 1 2 1 0 0 0 0 0 0 0 0 0 0 0 0 0 3 4 6 5 6 0 0 1 0 0 0 1 0 0 0 0 2 2 0 1 3 5 31 62 29 13 7 6 41 14 3 19 32 28 25 29 37 42 36 17 11 13 9 5 9 28
0 0 0 0 0 0 0 0 0 0 0 0 0 0 0 0 0 0 0 0 0 0 0 1 0 1 1 3 9 2 0 0 0 0 0 1 0 1 1 0 0 0 1 1 1 1 1 0 1 6 10 5 1 1 3 9 1 0 0 0 0 0 0 0 0 0 0 0 1 1 1 1 1 2 1 38 8 9 5 13 29 8 13 38 29 36 43 44 47 48 26 8 15 32 18 29
0 0 0 0 0 0 0 0 0 0 0 0 0 0 0 0 0 0 1 0 0 1 0 0 0 0 0 0 1 1 3 0 0 0 1 0 0 2 0 0 2 0 0 1 4 2 1 4 4 6 16 17 3 9 5 10 3 5 2 1 0 1 0 0 0 0 0 1 1 0 1 0 1 1 1 5 4 7 6 9 17 41 19 23 35 39 30 43 26 15 28 35 39 10 9 14
0 0 0 0 0 0 0 0 0 0 0 0 0 0 0 0 0 0 0 0 0 0 0 0 0 1 0 0 0 2 10 1 0 0 0 1 0 1 3 0 3 0 0 3 3 3 5 9 10 45 27 34 16 48 36 21 13 12 10 1 1 1 0 0 0 0 1 3 1 1 1 3 4 4 3 2 3 8 14 11 7 8 35 33 34 22 37 19 16 40 39 31 36 38 28 17
0 0 0 0 0 0 0 0 0 0 0 0 0 0 0 0 0 0 0 0 0 1 0 0 0 0 1 0 0 1 4 4 1 1 0 0 0 0 2 0 3 0 1 3 5 7 25 29 36 57 37 9 33 23 18 13 9 16 1 0 2 1 0 0 0 0 0 1 2 1 9 2 1 2 2 6 22 26 28 22 16 13 16 26 17 11 26 25 25 29 45 39 22 17 26 24
0 0 0 0 0 0 0 0 0 0 0 0 0 0 0 0 0 0 0 0 0 0 0 0 1 0 1 1 1 0 3 9 0 0 0 0 0 1 12 3 8 4 1 3 10 30 55 45 20 63 23 3 10 2 5 24 28 16 2 7 5 5 1 0 0 0 0 0 1 4 1 2 4 1 2 10 9 6 19 30 34 19 9 12 7 12 30 42 37 35 34 42 20 23 23 36
0 0 0 0 0 0 0 0 0 0 0 0 0 0 0 0 0 0 0 0 0 0 0 1 2 3 1 2 1 1 5 13 1 0 2 1 0 1 1 4 9 22 6 7 29 44 67 59 22 39 4 6 3 1 0 1 36 38 27 15 3 8 0 0 2 3 0 0 0 1 1 4 2 7 9 2 7 20 15 29 24 31 35 13 25 25 37 33 42 25 42 45 31 37 32 45
0 0 0 0 0 0 0 0 0 0 0 0 0 0 0 0 0 0 0 1 1 0 1 1 2 3 2 6 4 5 2 7 1 1 1 0 1 2 1 2 3 16 10 22 36 43 72 84 74 40 11 3 1 1 0 0 1 1 57 15 18 1 0 2 1 1 1 0 0 0 2 1 6 5 4 3 4 2 10 15 32 42 25 16 19 35 28 23 43 20 64 23 29 32 24 30
0 0 0 0 0 0 0 0 0 0 0 0 0 0 0 0 0 0 1 1 1 1 2 6 8 10 10 8 9 12 1 6 7 3 2 1 1 1 1 0 1 13 2 6 8 13 78 82 72 20 10 10 5 4 1 2 1 2 1 1 1 1 2 3 3 1 1 0 0 0 1 1 2 2 1 1 2 6 9 19 25 32 20 19 16 23 28 11 30 25 65 33 33 17 28 38
0 0 0 0 0 0 0 0 0 0 0 0 0 0 0 0 1 0 0 0 1 1 0 1 1 4 6 3 11 15 6 23 35 12 3 6 2 2 2 0 7 12 8 5 11 15 6 28 41 7 13 14 8 5 7 3 1 5 2 3 1 0 1 2 1 1 1 0 1 0 0 0 2 3 3 3 5 7 8 13 14 24 18 16 17 13 20 18 44 50 14 26 33 33 39 25
0 0 0 0 0 0 0 0 0 0 0 0 0 0 0 0 0 2 1 1 0 2 2 3 7 8 8 4 2 3 3 39 25 9 18 20 31 13 2 1 7 9 49 17 20 22 21 6 4 8 23 16 9 6 2 5 5 3 2 1 2 1 4 3 1 1 0 0 1 0 0 0 1 1 2 5 5 7 8 10 11 11 9 16 18 11 12 17 35 3 13 24 19 7 5 14
0 0 0 0 0 0 0 0 0 0 0 0 0 0 0 0 0 0 1 1 2 5 5 7 12 26 14 12 8 4 2 1 35 36 29 7 46 18 8 19 27 5 34 19 78 52 18 7 8 4 13 17 10 6 6 2 4 3 2 1 2 3 8 10 3 1 0 0 1 0 0 0 0 0 0 2 3 4 6 6 9 7 9 14 6 18 14 37 14 8 17 19 22 13 13 22
0 0 0 0 0 0 0 0 0 0 0 0 0 0 0 0 0 1 1 1 3 5 19 16 19 16 36 18 6 7 5 5 2 26 24 4 6 4 33 13 10 3 47 15 8 3 13 8 13 10 16 22 21 11 5 2 1 1 0 1 1 1 5 5 0 1 0 0 0 0 1 1 0 1 1 0 2 3 4 4 4 12 4 2 7 23 10 38 8 3 7 10 11 11 18 22
0 0 0 0 0 0 0 0 0 0 0 0 0 0 0 1 0 0 0 1 1 4 26 34 11 10 13 14 19 17 10 16 6 2 2 7 2 5 43 4 3 8 19 7 7 5 14 10 11 9 4 14 14 13 4 2 1 1 1 1 1 1 1 0 1 1 0 0 0 1 1 0 1 1 1 1 3 3 3 3 13 3 3 5 7 12 12 9 12 2 2 8 10 19 24 36
0 0 0 0 0 0 0 0 0 0 0 0 0 0 0 0 1 1 3 5 3 9 7 6 3 1 7 14 19 15 30 28 6 3 1 2 5 22 10 9 2 27 47 10 10 11 11 15 19 4 6 9 7 7 2 2 1 1 1 0 0 0 0 2 2 1 1 1 1 1 1 0 0 1 1 1 2 1 2 5 3 2 4 3 6 2 7 13 25 8 6 8 12 15 11 30
0 0 0 0 0 0 0 0 0 0 0 0 0 0 0 1 1 1 3 3 4 16 7 5 7 7 3 8 13 11 11 6 4 8 6 7 16 9 18 7 9 12 28 26 17 14 5 7 10 3 3 11 14 14 9 3 1 1 2 5 2 1 0 1 1 0 3 2 1 1 0 7 3 1 1 0 1 1 1 3 1 2 3 1 3 3 7 14 8 18 11 16 13 21 19 27
0 0 0 0 0 0 0 0 0 0 0 0 0 1 0 3 1 1 2 5 9 10 18 8 6 8 8 5 18 14 7 5 8 11 14 13 4 6 8 10 9 3 5 12 17 10 2 4 3 4 5 7 5 5 3 2 2 1 7 7 3 3 0 0 1 1 6 41 15 5 2 1 6 13 2 1 1 1 2 1 0 4 1 2 2 6 2 3 4 7 14 11 32 22 9 15
0 0 0 0 0 0 0 0 0 0 0 0 0 0 1 2 3 4 3 6 6 5 15 7 4 5 4 2 2 3 9 7 12 12 7 13 12 10 8 7 2 5 10 3 17 10 8 7 7 3 3 3 3 12 5 4 3 1 1 1 1 1 3 1 2 3 3 22 47 18 1 2 2 1 8 3 1 1 1 1 2 4 1 11 4 3 3 6 5 7 13 25 10 11 14 6
0 0 0 0 0 0 0 0 0 0 0 0 0 0 0 0 0 0 2 4 6 7 13 20 11 8 10 8 4 2 5 1 3 6 6 11 12 8 13 4 2 8 4 5 18 9 9 6 8 5 4 3 3 8 11 1 1 1 2 2 1 6 4 6 7 4 8 6 40 13 9 2 1 2 2 4 2 3 2 3 1 2 2 5 4 4 6 2 4 23 9 5 15 11 14 14
0 0 0 0 0 0 0 0 0 0 0 0 0 0 1 1 0 0 1 3 6 15 23 35 31 9 6 3 1 2 2 1 1 1 3 3 7 8 6 8 6 8 2 14 2 1 3 4 6 6 12 10 4 8 4 3 2 3 4 1 3 4 2 2 34 8 9 5 2 43 31 4 4 2 7 11 15 28 12 10 4 3 1 5 15 8 22 13 13 17 11 6 13 17 23 13
0 0 0 0 0 0 0 0 0 0 0 0 0 0 1 0 0 2 1 10 33 14 7 13 21 10 7 8 3 0 2 3 4 2 1 3 10 9 2 5 13 14 10 10 3 2 4 10 17 18 7 32 18 18 9 3 3 1 1 5 2 1 1 2 2 12 6 7 4 14 25 40 20 3 1 8 7 21 1 1 5 20 1 3 1 6 7 46 28 24 53 18 15 15 17 19
0 0 0 0 0 0 0 0 0 0 0 0 0 0 0 0 1 2 3 2 2 23 22 11 14 9 16 24 13 4 4 8 5 5 6 2 3 7 7 7 7 12 10 9 7 7 21 15 11 16 16 12 13 9 7 9 11 13 3 1 4 1 1 15 2 9 16 7 5 7 27 25 28 10 4 4 1 9 3 2 0 9 3 3 5 23 4 8 3 2 30 8 12 56 17 30
0 0 0 0 0 0 0 0 0 0 0 0 0 0 0 0 1 1 2 4 3 1 16 42 25 23 18 18 22 7 7 10 5 6 12 16 6 3 3 8 11 7 4 31 10 12 16 43 43 24 36 13 16 40 56 48 10 6 3 2 2 15 6 2 15 4 19 12 8 2 25 21 13 23 3 5 1 11 18 3 2 20 2 4 6 1 9 6 2 7 49 13 8 39 57 51
0 0 0 0 0 0 0 0 0 0 0 0 0 0 0 0 0 1 3 6 7 7 3 11 13 13 4 6 20 7 5 5 4 3 5 9 8 6 4 8 6 3 3 3 16 18 18 39 26 12 10 26 10 8 6 3 5 2 3 3 3 9 12 4 6 16 2 27 15 5 22 36 34 23 7 5 2 18 4 3 1 40 7 4 7 7 3 7 6 19 48 60 10 9 60 53
0 0 0 0 0 0 0 0 0 0 0 0 0 0 0 0 0 0 3 9 13 8 5 2 2 1 4 3 1 1 5 0 1 3 6 5 6 10 7 5 12 9 11 9 13 19 17 15 9 10 18 20 19 23 8 13 10 4 2 4 2 5 10 11 10 36 12 26 42 11 12 16 37 18 26 6 3 17 9 21 16 43 60 12 8 10 4 14 8 5 28 73 17 7 8 57
0 0 0 0 0 0 0 0 0 0 0 0 0 0 0 0 1 1 2 5 10 7 4 6 3 4 4 2 0 1 2 2 1 2 2 4 8 9 7 16 25 15 15 11 5 10 12 11 13 29 18 32 18 19 14 15 12 9 5 10 5 12 6 17 6 34 26 10 47 26 4 20 26 19 43 11 26 11 12 9 26 11 64 28 6 11 11 38 10 5 6 42 24 11 24 23
0 0 0 0 0 0 0 0 0 0 0 0 0 0 0 0 0 1 1 3 6 7 6 5 10 7 9 7 1 0 1 0 0 2 3 2 7 10 4 5 21 13 7 5 12 7 14 8 8 32 42 32 42 21 6 12 36 10 17 15 16 25 9 3 6 5 19 10 20 43 15 12 15 50 36 24 37 12 22 55 35 12 40 58 12 16 6 6 7 11 15 55 23 37 22 6
0 0 0 0 0 0 0 0 0 0 0 0 0 0 0 0 1 1 7 8 6 18 11 15 5 6 9 9 6 1 0 1 4 3 9 10 7 14 15 13 14 9 8 6 9 6 5 11 8 6 5 13 7 11 34 23 40 9 61 38 10 37 11 18 21 8 5 4 16 32 14 34 16 33 7 25 67 40 24 42 58 49 44 70 16 13 28 8 12 4 21 30 33 13 8 10
0 0 0 0 0 0 0 0 0 0 0 0 0 0 0 0 0 1 1 1 2 1 2 4 10 16 8 8 14 3 1 8 5 7 4 3 7 7 8 26 16 6 9 17 13 14 16 18 7 19 21 7 26 41 33 46 28 30 23 36 8 22 30 13 29 43 45 26 12 49 51 67 63 29 24 30 50 56 42 49 56 58 39 69 64 31 5 5 7 17 22 37 45 20 8 6
0 0 0 0 0 0 0 0 0 0 0 0 0 0 1 1 1 0 2 2 1 3 3 6 16 7 9 11 14 14 5 40 10 3 7 3 13 14 16 23 40 18 21 24 13 23 13 16 9 12 17 11 5 28 11 23 52 52 31 34 39 58 59 45 13 52 46 55 51 31 51 61 17 32 28 31 50 43 68 71 60 41 39 77 66 25 35 6 8 37 16 41 30 31 26 15
0 0 0 0 0 0 0 0 0 0 0 0 0 0 0 0 0 0 0 3 2 3 4 5 6 6 14 9 11 7 9 38 7 9 9 6 11 10 11 21 32 14 13 21 11 19 6 6 14 7 6 14 5 4 4 5 25 49 55 59 45 35 55 75 34 31 64 64 55 35 13 28 38 24 28 49 61 78 54 37 38 32 81 69 70 23 18 18 13 20 22 44 9 7 9 36
1 0 0 0 0 0 0 0 0 0 0 0 0 0 0 0 0 0 0 1 3 5 1 2 3 6 8 3 12 11 21 10 12 19 9 4 4 10 28 27 14 8 19 25 22 15 5 4 4 12 7 7 11 9 4 3 8 14 9 34 21 18 52 75 61 45 23 10 13 22 17 20 17 20 22 22 56 46 41 28 10 32 83 68 69 58 22 27 6 24 30 56 56 40 19 8
0 0 0 0 0 0 0 0 0 0 0 0 0 0 1 0 0 0 1 2 2 2 0 2 1 1 5 2 10 14 18 18 25 12 5 13 13 12 27 19 8 18 8 9 17 5 3 6 2 9 5 3 9 4 10 6 5 9 11 4 22 19 26 36 40 17 15 26 21 33 18 11 13 18 21 9 29 27 32 19 17 13 45 32 46 68 27 40 11 35 51 44 30 36 31 12
0 0 0 0 0 0 0 0 0 0 0 0 0 0 0 0 0 0 0 0 1 0 2 2 2 1 3 2 8 7 9 11 22 8 15 14 17 8 16 11 8 12 7 8 8 3 4 4 3 15 7 5 10 12 9 6 14 14 23 13 8 12 4 10 3 3 11 21 24 29 26 15 11 6 8 7 14 15 20 18 21 17 22 16 29 36 14 27 8 30 54 51 27 12 73 59
0 0 0 0 0 0 0 0 0 0 0 0 0 0 0 1 1 0 0 0 1 1 1 1 1 2 6 5 8 6 14 23 7 11 11 21 9 8 21 5 7 9 3 6 5 10 2 6 2 7 4 6 6 14 5 8 9 16 12 16 17 24 9 9 9 6 19 14 19 14 8 6 22 11 7 4 6 16 12 11 12 11 13 25 29 27 20 27 13 66 70 66 65 23 7 17
0 0 0 0 0 0 0 0 0 0 0 0 0 1 0 0 1 0 0 1 1 0 1 2 1 1 6 4 3 3 4 7 11 27 11 6 7 2 7 3 5 4 4 4 2 3 3 3 5 5 5 5 4 7 7 14 15 9 14 11 24 12 7 17 5 10 14 29 10 8 13 31 21 17 20 20 6 5 12 10 11 17 12 33 20 14 43 15 25 66 65 62 78 38 43 13
0 0 0 0 0 0 0 0 0 0 0 0 0 0 0 0 0 0 0 0 0 0 0 1 1 3 3 5 2 2 4 18 7 8 12 7 4 4 6 2 3 2 1 1 1 3 1 2 2 1 3 1 3 7 10 13 22 15 7 12 10 15 13 9 40 9 16 19 23 42 34 20 12 12 18 22 22 25 28 29 40 48 19 22 18 32 54 33 48 60 34 52 83 59 64 44
0 0 0 0 0 0 0 0 0 0 0 0 0 0 0 0 0 0 0 0 0 0 0 0 0 0 1 2 3 5 4 9 3 5 8 4 3 4 1 3 2 2 1 5 8 3 1 6 18 6 11 6 13 24 30 6 10 12 11 9 11 12 24 19 25 21 17 18 43 7 6 8 10 6 3 6 26 21 36 45 51 49 39 16 17 39 64 31 35 17 25 60 90 50 72 61
0 0 0 0 0 0 0 0 0 0 0 0 0 0 0 0 0 0 0 1 3 1 2 1 2 0 0 1 3 2 3 2 1 3 7 3 2 1 1 1 4 19 4 2 4 4 8 4 21 31 59 20 34 55 36 14 28 12 4 5 5 7 20 11 13 19 18 26 9 8 11 16 33 20 22 17 8 30 48 67 63 24 17 25 14 43 59 42 33 29 32 83 85 51 62 89
0 0 0 0 0 0 1 1 0 0 0 0 0 0 0 0 0 0 1 1 2 5 4 1 1 2 5 2 3 1 7 2 2 2 2 2 1 1 3 3 7 1 6 19 5 11 13 10 12 62 62 67 19 45 43 43 22 38 17 10 9 11 3 13 19 25 26 8 11 11 22 36 26 37 50 32 21 52 69 70 36 23 17 35 21 46 26 21 40 42 62 88 69 83 64 91
0 0 0 0 0 0 0 0 0 0 0 0 0 0 0 0 0 0 1 2 1 9 5 9 13 19 14 9 5 1 3 2 1 2 3 11 6 13 20 15 20 25 13 34 10 24 35 44 7 8 8 58 57 25 44 19 17 53 28 24 8 8 11 19 20 24 16 21 21 32 27 14 27 27 33 32 61 57 45 48 26 18 16 24 20 35 24 26 28 28 45 81 60 77 38 70
0 1 0 0 0 0 0 0 0 0 0 0 0 0 0 0 0 0 2 7 2 1 6 29 12 21 19 23 22 31 13 26 26 42 9 24 2 19 40 16 37 55 15 46 43 22 50 18 69 29 14 73 52 49 47 48 70 75 24 32 14 11 9 9 10 15 13 10 9 14 16 20 16 29 37 60 72 63 23 11 26 15 12 20 11 19 21 34 33 57 70 82 52 58 52 48
0 0 3 0 1 1 0 0 0 0 0 0 0 0 0 0 0 0 0 3 2 1 1 2 3 2 12 38 19 24 28 23 51 24 19 26 45 36 43 47 19 60 61 27 42 36 59 23 64 78 50 51 50 45 28 71 49 55 44 45 31 8 8 7 21 15 16 24 28 28 36 25 38 34 62 69 52 34 28 11 3 9 11 16 17 9 19 29 34 46 73 73 30 38 43 43
1 0 0 1 1 1 1 1 1 1 0 0 1 0 0 0 0 0 1 0 0 0 1 1 1 4 10 8 13 22 29 41 10 36 12 54 40 41 48 54 39 56 44 51 62 53 60 66 13 64 43 25 72 18 42 69 46 16 59 16 22 34 7 7 14 15 33 29 29 28 27 36 54 81 79 69 53 32 7 10 10 6 3 3 11 5 17 16 26 37 57 47 36 21 48 60
0 0 1 1 0 1 0 0 1 0 0 0 0 0 0 0 0 0 1 2 2 2 1 2 2 2 1 2 2 3 2 2 5 6 2 2 4 4 4 7 8 10 5 10 12 12 13 61 47 43 75 25 57 57 59 55 20 11 19 21 46 42 16 10 24 23 29 21 23 53 68 74 77 76 71 65 43 13 5 6 5 5 4 2 7 4 9 7 11 16 30 32 28 15 27 35
1 1 1 1 0 0 0 0 1 0 0 0 0 0 0 0 0 0 1 0 0 2 2 1 3 2 1 2 3 5 3 2 8 6 5 8 4 5 8 12 11 12 23 11 15 10 18 7 11 15 48 48 57 64 57 28 28 34 27 40 42 19 16 20 20 20 32 49 64 65 74 60 43 45 30 28 7 10 10 9 8 7 4 4 3 2 2 2 4 5 12 14 20 11 10 14
3 4 2 0 0 0 0 0 0 0 0 0 0 0 0 0 0 0 0 1 1 0 1 1 2 1 1 3 2 1 3 3 1 1 1 4 3 3 6 4 5 12 12 7 7 11 8 17 15 16 10 15 16 20 29 27 36 29 25 42 10 12 13 20 25 18 19 17 38 67 72 67 47 38 18 17 26 22 36 32 21 11 3 6 8 8 9 5 4 1 1 3 7 17 15 11
1 1 0 1 0 0 0 0 0 0 0 0 0 0 0 0 0 0 0 0 1 1 1 1 1 1 1 2 3 3 2 1 2 1 2 3 3 4 5 7 5 5 6 4 3 4 4 5 11 18 28 46 36 31 27 23 26 23 25 9 7 12 12 28 20 12 18 19 23 31 27 40 48 23 16 27 35 32 12 9 5 6 7 14 27 25 24 13 13 9 4 4 2 2 4 4
1 0 1 0 0 0 0 0 0 0 0 0 0 0 0 0 0 0 0 0 0 2 2 1 1 1 1 2 3 1 1 2 1 3 4 2 4 3 3 4 4 6 20 8 8 7 7 11 17 16 30 31 23 24 23 16 22 15 13 13 2 14 13 17 32 35 31 41 32 28 16 17 10 19 25 36 56 38 19 11 12 16 18 33 26 26 28 30 32 16 19 11 7 6 3 2
1 0 0 0 0 0 0 0 0 0 0 0 0 0 0 0 0 0 0 0 0 1 1 1 2 0 3 4 1 0 2 1 2 2 5 6 3 6 7 7 2 6 8 9 7 19 19 15 11 9 17 9 32 22 42 28 15 15 10 8 9 11 14 10 48 60 26 46 40 35 26 27 15 27 41 50 27 11 18 24 22 33 23 36 44 39 46 34 34 34 28 29 24 18 8 14
0 0 0 0 0 0 1 1 0 0 1 0 0 0 0 0 0 0 0 0 0 1 0 1 1 2 10 9 3 1 2 2 2 7 3 5 4 6 3 3 9 7 5 8 8 16 15 7 21 9 17 24 21 13 25 14 25 7 13 5 20 29 12 39 69 43 43 25 24 30 22 12 17 30 38 34 16 26 25 33 39 35 41 56 54 48 47 36 51 53 37 54 35 23 21 20
0 0 0 0 0 2 1 0 2 3 0 0 0 0 0 0 0 0 0 0 0 0 0 1 1 6 3 1 1 1 1 3 1 2 8 3 3 5 6 8 4 5 4 4 7 7 13 14 12 15 18 16 22 13 16 13 30 16 7 4 8 28 46 60 54 53 31 30 30 16 14 16 25 12 39 17 29 30 45 46 54 41 49 56 60 45 58 55 55 41 45 49 38 33 43 46
0 0 0 0 0 2 1 2 3 1 0 1 2 0 0 0 0 0 0 0 0 0 0 1 0 0 1 1 2 2 1 1 3 1 2 2 3 8 4 4 2 5 2 2 3 8 8 14 17 11 9 22 6 15 18 17 10 7 17 10 3 15 15 22 35 59 48 64 42 13 27 21 33 25 70 34 26 29 36 42 54 37 45 60 41 41 56 70 61 58 43 47 44 57 55 42
0 0 0 1 0 0 0 0 2 2 3 2 1 0 0 0 0 0 0 0 0 0 0 0 0 1 1 1 1 1 1 0 0 1 1 2 1 1 2 4 10 3 5 5 1 2 5 5 9 12 14 12 15 3 24 3 8 21 10 11 5 5 12 11 10 11 33 25 14 31 58 28 34 25 63 30 33 35 49 58 74 60 76 75 68 65 65 66 80 79 52 47 46 48 74 55
0 0 0 0 0 0 0 0 0 1 0 1 1 0 1 1 0 0 0 0 0 0 0 0 0 1 1 0 0 0 0 0 0 0 1 1 1 1 1 3 5 12 4 2 10 8 11 4 8 5 5 9 3 10 10 17 19 12 12 9 7 19 31 23 18 12 14 31 37 31 43 44 23 34 56 45 55 49 63 79 67 54 82 79 79 77 76 75 78 73 58 54 70 73 74 59
0 0 0 0 0 0 2 0 0 0 2 3 1 4 1 2 4 2 2 0 0 0 0 0 0 0 0 0 0 0 0 0 0 0 0 1 0 0 1 2 2 4 5 9 1 6 6 8 8 5 5 13 19 8 3 4 7 17 16 16 12 31 24 19 10 23 29 27 50 43 36 62 38 55 52 68 73 69 77 70 37 64 78 59 41 47 66 41 70 80 67 67 63 65 65 82
1 1 3 1 2 0 0 0 1 1 3 4 3 17 4 5 10 5 1 1 0 0 0 0 0 0 0 0 0 0 0 0 0 0 0 0 0 0 1 0 1 2 4 10 7 3 7 4 7 6 6 6 5 28 46 16 13 12 12 15 23 22 30 15 26 28 40 20 43 50 30 48 57 54 70 46 60 59 75 65 21 35 48 64 34 10 16 33 77 74 75 80 46 53 39 76
