sesion_6_simulaciones/modelos_agentes/ejemplos_netlogo/scenarios/echam4_a2/rob_2034.asc
NCOLS 322 
NROWS 307 
XLLCORNER 451900 
YLLCORNER 4086900 
CELLSIZE 100 
NODATA_value -9999 
[rows 222 to 295 of 307, columns 96 to 191 of 322]
0 0 0 0 0 0 0 0 0 0 0 0 0 0 0 0 0 0 0 0 0 0 0 0 0 0 0 1 0 0 0 0 0 1 0 0 0 0 0 0 0 0 0 0 0 1 1 4 6 8 11 14 19 27 30 39 51 64 79 77 80 85 63 78 60 71 57 52 58 50 38 39 26 31 44 47 54 32 35 26 61 48 43 36 34 19 37 50 56 32 21 17 8 4 5 2
0 0 0 0 0 0 0 0 0 0 0 0 0 0 0 0 0 0 0 0 0 0 0 0 0 0 0 0 1 0 0 1 1 0 0 0 0 0 0 0 0 0 0 0 0 1 1 2 4 6 9 7 13 22 35 61 66 50 37 48 51 53 49 56 82 41 41 43 64 56 45 60 28 32 52 46 47 28 45 57 47 79 55 46 37 32 21 18 39 64 43 31 22 9 4 3
0 0 0 0 0 0 0 0 0 0 0 0 0 0 0 0 0 0 0 0 0 0 0 0 0 0 0 0 1 1 1 1 0 0 0 0 0 0 0 0 0 0 0 0 0 0 1 1 3 4 6 9 22 14 32 55 32 30 36 38 17 46 45 42 41 62 28 63 63 54 68 59 21 28 34 46 38 39 54 61 46 34 60 60 37 36 35 17 12 34 64 40 30 13 10 6
0 0 0 0 0 0 0 0 0 0 0 0 0 0 0 0 0 0 0 0 0 0 0 0 0 0 0 0 1 2 1 0 0 0 0 0 0 0 0 0 0 0 0 0 0 0 1 1 2 3 5 7 17 19 13 13 17 22 24 22 49 66 43 49 59 86 76 58 64 62 73 62 41 32 48 60 50 49 59 63 50 31 15 28 59 60 33 28 19 12 37 35 23 16 7 4
0 0 0 0 0 0 0 0 0 0 0 0 0 0 0 0 0 0 0 0 1 0 0 0 0 1 1 0 1 2 0 0 0 0 0 0 0 0 0 0 0 0 0 0 0 0 1 1 2 2 5 11 12 12 16 18 33 29 26 32 19 32 57 49 56 87 67 72 38 74 60 63 46 33 55 68 62 43 56 81 46 44 58 41 36 19 20 30 21 22 9 12 14 8 3 3
0 0 0 0 0 0 0 0 0 0 0 0 0 0 0 0 0 0 0 0 0 0 0 0 0 0 2 3 2 1 0 0 0 0 0 0 0 0 0 0 0 0 0 0 0 1 1 1 1 2 3 4 4 7 11 18 38 40 33 22 27 42 43 54 75 60 53 65 79 65 57 64 63 20 25 49 52 64 74 37 73 61 78 53 70 37 44 29 15 9 8 12 7 4 2 1
0 0 0 0 0 0 0 0 0 0 0 0 0 0 0 0 0 0 0 0 0 0 1 1 0 1 1 3 2 0 0 0 0 0 0 0 0 0 0 0 0 0 0 0 0 0 1 1 2 2 5 5 8 10 9 21 32 54 34 32 24 48 62 76 59 51 56 54 39 56 69 44 32 18 26 43 64 58 80 59 32 26 41 60 40 43 31 25 12 11 7 4 3 4 3 3
0 0 0 0 0 0 0 0 0 0 0 0 0 0 0 0 0 0 0 0 0 0 0 1 1 1 1 7 2 1 1 1 0 0 0 0 0 0 0 0 0 0 0 0 0 0 0 1 2 2 3 3 5 5 15 23 16 16 16 31 22 22 29 44 30 18 34 48 38 53 27 46 43 29 46 29 28 66 42 52 42 29 26 32 16 19 24 25 11 10 4 2 2 1 1 1
0 0 0 0 0 0 0 0 0 0 0 0 0 0 0 0 0 0 0 0 1 1 0 0 2 0 1 4 5 6 1 1 0 0 0 0 0 0 0 0 0 0 0 0 0 0 0 1 1 1 1 2 3 5 10 7 9 10 14 15 19 21 23 32 37 51 57 66 53 55 65 66 48 24 41 57 30 60 52 58 58 49 37 54 31 12 12 7 5 6 2 1 1 1 1 1
0 0 0 0 0 0 0 0 0 0 0 0 0 0 0 0 0 0 0 1 1 1 1 1 1 1 1 1 7 4 2 1 0 0 0 0 0 0 0 0 0 0 0 0 0 1 0 1 1 1 2 2 3 4 2 4 3 4 5 6 7 7 9 30 42 45 29 51 53 51 52 49 43 29 32 53 49 44 48 69 57 54 51 47 30 21 10 7 4 5 4 2 1 1 1 0
0 0 0 0 0 0 0 0 0 0 0 0 0 0 0 0 0 0 0 1 1 1 0 1 4 2 1 1 4 5 3 1 0 0 0 0 0 0 0 0 0 0 1 1 1 1 0 1 2 3 5 4 3 2 2 4 3 5 11 14 12 20 18 16 14 18 27 31 33 49 66 72 70 31 45 38 69 52 59 45 43 52 50 39 32 41 26 10 5 2 1 1 1 1 0 0
0 0 0 0 0 0 0 0 0 0 0 0 0 0 0 0 0 0 0 1 1 1 0 1 1 3 3 3 7 6 3 1 0 0 0 0 0 0 0 0 0 0 1 1 1 2 1 1 2 4 7 11 7 4 5 8 17 18 22 39 35 36 31 25 34 54 38 34 31 44 65 66 67 63 48 63 76 44 61 41 62 61 47 57 35 23 23 18 18 4 1 1 1 0 0 0
0 0 0 0 0 0 0 0 0 0 0 0 0 0 0 0 0 0 0 0 1 1 1 0 1 2 7 6 3 2 1 1 0 0 0 0 0 0 0 0 0 1 1 1 1 1 2 4 2 3 5 6 8 12 11 16 21 28 47 45 33 38 48 39 29 25 40 50 30 41 25 26 28 25 59 25 40 75 51 38 18 32 67 59 33 26 33 13 11 3 4 1 0 1 0 0
0 0 0 0 0 0 0 0 0 0 0 0 0 0 0 0 0 0 0 1 1 1 1 1 1 2 3 10 2 1 1 0 0 0 0 0 0 0 0 0 0 1 1 1 1 2 2 3 5 4 6 7 13 28 15 18 27 33 37 51 50 65 61 59 48 31 43 46 62 47 52 43 49 41 81 41 26 29 33 32 19 8 58 63 41 37 38 34 12 7 5 3 2 2 1 0
0 0 0 0 0 0 0 0 0 0 0 0 0 0 0 0 0 0 0 0 1 1 4 1 1 2 3 10 3 1 0 0 0 0 0 0 0 0 0 0 1 1 1 1 2 3 7 4 7 13 11 19 18 20 22 21 27 32 60 54 60 59 55 69 70 48 37 43 48 43 74 53 43 48 53 62 50 61 59 44 40 26 15 46 38 38 44 25 8 5 2 1 2 0 0 0
1 1 0 0 0 0 0 0 0 0 0 0 0 0 0 0 0 0 0 0 1 2 1 3 0 1 3 7 3 2 1 1 0 0 0 0 0 0 1 0 1 1 1 2 4 4 11 9 7 6 21 39 53 30 27 14 27 30 58 50 74 64 58 53 52 51 32 48 38 74 39 41 45 53 43 31 37 40 42 36 29 25 23 18 31 17 7 16 10 3 2 1 0 1 0 0
1 0 0 0 0 0 0 0 0 0 0 0 0 1 0 0 0 0 0 0 1 1 2 5 2 2 4 9 5 3 2 1 0 0 0 0 0 0 0 1 1 1 1 4 5 9 13 14 16 12 17 30 40 40 33 18 30 38 30 54 73 69 30 75 34 54 53 45 40 61 45 28 35 63 64 49 55 58 56 54 62 31 25 18 13 7 9 7 3 4 1 1 0 0 0 0
0 0 0 0 0 0 0 0 0 0 0 0 0 1 1 0 0 0 1 1 1 1 3 8 4 4 9 8 4 4 2 1 0 0 0 0 0 0 0 0 1 1 2 3 6 11 13 17 22 26 23 34 54 55 43 19 31 43 53 49 60 65 27 57 60 57 67 39 51 47 34 48 59 54 43 36 35 43 47 24 41 46 43 19 16 8 5 5 2 1 1 1 1 1 1 0
0 0 0 0 0 0 0 0 0 0 0 0 0 1 1 1 0 0 1 3 2 1 3 8 8 2 2 23 11 3 2 1 0 0 0 0 1 1 0 1 1 2 2 4 8 8 19 25 28 39 28 44 57 42 51 19 33 41 47 60 54 55 57 57 66 66 60 59 52 38 48 57 58 55 46 38 34 46 42 33 31 27 51 41 19 18 10 4 1 1 1 0 1 0 0 0
0 0 0 0 0 0 0 0 0 0 1 1 0 1 2 2 1 0 1 2 3 2 3 8 13 4 5 26 8 5 3 1 1 0 0 1 1 0 1 1 2 4 3 5 7 9 27 32 35 42 47 40 37 52 76 41 23 47 63 51 39 35 35 62 64 63 60 72 56 37 43 46 62 60 63 55 55 73 60 51 40 33 30 24 22 22 10 5 3 2 1 1 1 0 0 0
0 0 0 0 0 0 0 0 0 0 1 1 1 1 2 2 1 0 2 2 2 4 4 10 21 26 19 27 13 7 3 1 0 0 0 1 1 1 1 2 2 3 7 5 5 9 24 36 44 45 49 58 55 56 82 60 52 18 39 73 57 54 40 41 35 67 71 72 46 41 34 66 61 47 48 44 52 75 57 41 52 23 17 12 12 10 11 7 2 1 1 1 1 0 0 0
0 0 0 0 0 0 0 0 0 0 1 2 1 2 2 4 1 1 2 3 3 6 8 14 30 46 21 24 7 4 4 1 0 0 0 0 0 2 1 2 4 3 7 7 9 21 26 27 46 53 56 58 68 81 84 80 39 23 50 64 72 55 46 50 52 47 36 41 41 40 63 60 35 60 36 41 31 54 44 40 32 33 44 18 9 6 3 2 2 1 1 1 0 0 0 0
0 0 0 0 0 0 0 0 1 1 1 1 3 1 3 5 2 2 1 7 9 8 7 17 30 26 10 5 3 3 1 1 0 0 0 0 1 2 3 2 2 6 3 18 12 18 30 27 37 63 65 46 71 76 77 80 66 36 28 29 45 65 61 53 48 35 16 11 26 37 73 53 48 54 89 77 62 55 50 50 55 47 27 28 17 13 6 4 3 1 1 0 0 0 0 0
0 0 0 0 0 0 0 1 1 1 2 2 4 2 4 7 3 5 2 5 16 16 28 16 40 19 7 5 2 1 1 0 0 0 0 0 0 1 2 3 5 4 5 7 27 16 20 32 52 71 69 59 58 52 64 83 77 42 33 36 50 45 50 46 33 43 32 21 50 58 34 55 69 73 65 82 60 73 57 64 61 38 22 7 9 5 6 4 2 1 1 0 0 0 0 0
0 0 0 0 0 0 0 1 1 1 2 3 7 4 6 10 4 6 10 5 9 19 14 50 26 22 5 4 3 1 0 0 0 0 1 1 1 0 1 1 2 4 8 23 15 20 36 44 45 57 74 77 53 52 42 49 76 64 49 26 35 27 24 18 17 8 24 49 41 51 39 24 35 62 31 63 81 78 68 63 61 35 16 11 7 3 2 1 2 1 0 0 0 0 0 0
0 0 0 0 1 0 1 1 1 2 2 4 5 10 5 14 5 7 17 14 15 31 16 38 38 11 4 2 0 0 0 1 1 0 1 1 1 1 1 2 3 4 7 18 41 26 22 34 44 65 65 69 68 65 51 42 49 68 54 31 35 32 36 33 40 21 17 37 45 49 48 48 49 37 33 30 54 61 67 39 21 18 13 9 4 2 2 1 1 0 0 0 0 0 0 0
0 0 0 1 1 1 1 1 1 2 3 4 6 9 13 28 8 8 20 24 24 39 69 33 14 12 6 2 1 1 1 1 1 0 0 1 1 1 2 2 3 5 9 17 23 46 34 35 49 60 69 62 71 70 61 43 31 56 52 42 24 29 32 34 41 32 21 48 41 39 48 46 75 59 51 36 27 15 37 38 25 10 6 4 4 2 1 0 0 0 0 0 0 0 0 0
0 0 0 1 1 1 1 1 1 2 7 6 7 9 31 30 14 16 18 29 31 51 66 17 23 13 5 3 3 3 4 4 1 1 0 1 1 2 3 2 4 9 18 21 20 40 33 63 53 68 63 84 64 47 46 40 57 24 21 72 33 25 53 47 32 25 36 62 41 33 38 58 82 64 50 40 35 30 19 24 20 13 6 4 3 2 1 0 0 0 0 0 0 0 0 0
0 0 0 1 1 1 1 2 2 3 9 7 15 15 21 33 41 27 36 26 45 44 76 55 23 9 8 8 5 8 8 5 2 1 1 0 1 3 2 4 7 10 25 38 49 40 61 27 16 31 64 37 56 52 62 44 20 13 17 27 41 15 36 29 16 25 59 31 37 35 23 28 19 35 45 36 35 32 21 14 11 6 7 5 4 4 2 2 1 0 0 0 0 0 1 0
0 0 0 1 2 3 1 3 5 5 5 9 8 26 32 16 15 53 41 42 38 61 68 36 22 15 15 13 15 24 7 2 1 1 1 0 1 1 7 6 9 15 19 46 33 58 52 49 39 55 59 18 65 74 67 34 48 37 34 17 56 12 25 24 15 19 28 54 48 23 44 67 57 61 55 44 34 34 28 25 15 13 9 6 5 5 4 1 1 0 0 0 0 1 1 0
0 1 1 1 2 4 1 2 3 7 10 15 8 9 21 45 20 15 62 64 39 60 71 42 40 17 35 48 23 7 4 3 2 1 1 0 1 1 2 6 8 26 32 26 20 38 45 63 67 66 52 48 64 77 78 77 61 28 26 24 46 21 22 26 13 17 40 25 17 19 40 48 49 51 58 57 37 31 18 18 8 5 5 12 9 6 2 1 0 0 0 0 1 1 1 0
0 1 1 2 3 2 3 3 4 3 6 20 7 6 18 36 47 41 12 31 46 67 51 40 31 51 26 10 10 5 5 5 3 1 1 1 1 2 4 4 4 12 18 15 25 36 45 45 67 66 66 60 77 77 69 64 36 53 18 24 27 38 10 19 26 20 11 39 47 47 36 52 63 57 51 54 30 22 14 19 24 14 22 11 8 3 3 1 0 1 1 1 1 1 1 1
1 1 2 2 3 5 5 10 8 6 4 11 32 10 27 27 39 57 42 19 33 67 29 49 71 25 19 17 12 11 6 3 1 2 2 1 2 3 5 5 8 16 15 13 27 43 25 25 50 54 34 28 43 43 52 29 46 33 53 13 23 33 19 14 48 60 33 61 66 44 63 61 69 70 69 64 45 28 29 26 28 21 23 10 8 5 2 1 1 1 1 1 2 3 1 0
1 1 2 1 2 10 13 9 9 9 18 13 21 43 25 31 44 21 66 38 38 36 76 59 41 39 33 28 23 14 6 2 1 2 4 1 2 3 8 11 12 20 28 29 31 26 36 45 35 35 36 32 32 37 36 43 37 36 37 45 11 6 20 42 47 29 41 49 64 51 66 55 56 69 69 50 37 43 32 29 32 26 13 12 7 3 1 1 1 1 2 2 3 2 1 1
2 3 2 2 2 7 8 18 22 12 20 25 29 36 53 32 51 31 25 57 31 36 70 68 56 39 32 30 22 9 7 5 3 1 2 1 1 3 5 14 21 27 18 32 31 40 38 40 48 51 45 34 36 39 46 44 27 25 28 37 22 12 24 14 18 42 43 51 33 43 59 54 60 49 53 71 39 32 17 14 14 13 19 11 5 2 1 1 1 1 2 2 7 2 1 1
1 2 4 2 4 4 10 11 14 22 35 32 32 39 62 64 32 27 35 32 64 69 74 60 60 58 46 37 25 14 8 6 4 2 4 1 1 3 6 13 21 39 36 41 44 47 45 62 45 47 48 40 28 37 33 51 46 23 8 10 15 15 18 16 19 10 6 6 13 54 37 43 57 53 49 37 25 10 9 22 31 25 8 11 11 4 2 2 2 3 2 2 9 2 2 1
2 4 6 6 8 6 7 17 20 24 44 46 51 41 58 63 49 48 40 43 40 70 69 65 43 50 42 35 18 22 13 7 5 4 6 1 4 5 8 11 7 33 45 51 46 55 62 51 48 63 67 62 28 37 46 42 24 27 13 5 7 11 25 14 17 22 32 38 30 32 31 33 35 29 43 18 19 20 14 43 34 12 17 13 9 10 4 6 4 2 2 2 5 3 2 2
2 4 13 7 10 11 11 19 27 31 33 52 50 46 70 51 58 68 55 44 45 62 55 51 44 47 42 35 28 15 13 10 12 7 2 0 3 11 14 21 18 34 53 44 48 56 48 39 53 76 69 64 62 42 47 36 29 28 16 16 16 11 19 16 32 41 61 57 39 44 39 44 35 22 19 26 40 45 26 41 33 27 19 13 8 8 9 7 3 3 3 1 3 6 1 1
3 3 11 17 12 14 12 25 33 37 36 40 56 65 68 66 56 73 55 40 48 81 58 71 48 51 51 46 31 20 21 16 10 5 3 1 2 7 21 39 36 44 42 62 50 56 50 41 51 43 40 39 52 52 28 22 23 21 16 23 24 12 14 24 40 48 48 42 49 27 40 26 16 21 23 55 41 50 52 15 29 23 28 24 13 9 19 10 4 5 2 3 5 4 1 2
4 4 9 24 25 16 21 32 32 39 47 38 53 66 68 59 56 46 58 41 50 65 66 74 58 49 41 37 36 23 30 15 9 6 6 3 4 10 19 30 55 62 61 48 63 40 41 55 46 36 34 40 43 40 68 40 17 20 20 22 18 18 19 16 20 21 38 50 30 19 20 30 31 45 39 61 55 55 35 42 29 16 32 20 14 17 16 8 9 4 2 3 10 3 2 4
8 20 17 20 31 20 18 35 39 39 53 42 22 32 72 77 72 55 50 67 48 79 80 50 58 60 31 35 28 33 25 19 13 5 5 3 5 16 19 29 29 51 53 65 59 60 39 59 64 37 50 56 54 52 51 27 29 15 23 11 9 14 21 26 30 26 49 17 24 10 29 46 61 35 48 64 39 40 52 38 9 16 32 30 31 21 12 6 9 7 3 4 9 7 5 5
10 12 30 33 34 23 23 39 40 40 42 53 45 46 54 73 68 36 46 71 46 79 65 66 61 38 19 40 29 35 38 24 19 9 6 4 6 18 22 37 57 46 37 63 42 51 56 44 60 57 70 64 61 52 45 28 29 12 13 21 8 12 28 30 13 41 22 20 48 42 60 47 44 58 49 30 45 64 29 13 11 34 49 33 28 27 11 8 6 5 9 6 5 15 7 7
19 24 30 41 39 31 40 40 46 45 29 48 48 59 58 64 67 69 75 78 74 74 63 63 52 55 45 44 49 28 40 39 21 14 14 5 7 19 40 41 52 52 55 58 57 50 57 30 50 52 61 56 52 42 46 33 45 25 18 12 10 19 6 22 17 27 25 43 40 36 33 49 69 74 52 41 67 48 42 30 28 32 12 14 29 27 12 10 7 13 12 7 5 32 12 15
21 26 26 32 10 26 52 35 50 54 44 44 58 62 53 65 54 76 73 80 71 66 74 55 50 58 68 65 34 45 34 35 32 16 11 5 6 24 30 44 47 41 64 61 61 49 35 69 47 76 50 56 40 58 43 56 31 32 25 8 7 19 33 37 9 21 31 51 54 33 29 60 80 72 47 68 58 35 41 75 61 22 27 36 23 15 15 7 9 13 14 9 13 40 28 21
23 19 10 7 7 12 53 38 24 31 43 33 37 56 75 73 45 45 74 65 72 69 74 72 34 55 71 46 40 41 30 46 39 31 11 2 5 18 26 47 44 45 54 67 73 68 41 30 14 17 58 65 33 48 44 59 44 29 16 9 11 25 21 36 28 26 32 28 51 38 44 71 77 48 55 70 58 14 55 49 34 47 58 40 25 19 14 5 17 16 18 12 25 62 34 17
26 29 22 24 24 18 31 55 19 25 23 48 39 48 71 64 74 47 59 76 69 80 79 77 58 37 57 60 52 31 55 38 37 23 11 5 4 10 26 53 25 47 67 70 68 52 51 49 45 42 35 43 64 38 19 20 21 13 14 4 9 13 7 14 24 18 27 14 24 30 64 55 59 69 48 43 27 28 45 37 40 57 50 28 17 6 5 5 13 19 19 15 34 46 36 12
43 30 39 35 24 30 28 30 39 37 34 65 45 50 46 54 73 77 71 84 83 74 76 59 31 45 55 49 44 49 54 43 23 20 23 9 8 5 19 33 12 28 39 40 44 42 43 36 70 64 50 45 38 28 30 19 12 36 4 2 2 9 13 12 34 35 19 12 47 53 28 42 26 46 40 32 15 59 47 63 41 36 22 19 18 9 7 14 15 23 22 29 32 52 14 12
28 29 36 33 40 28 23 42 61 62 30 28 57 58 33 34 29 50 78 78 51 45 48 52 59 21 52 55 36 65 44 39 36 24 25 10 17 6 12 32 45 22 33 43 29 39 19 11 24 37 26 65 60 48 25 4 2 2 6 3 3 9 6 20 28 37 15 47 44 28 35 34 40 40 19 31 55 63 69 40 36 35 35 36 20 11 9 17 25 28 27 21 46 54 42 15
31 49 38 40 42 43 32 47 63 52 52 36 26 47 60 36 59 48 36 69 49 61 64 64 52 42 55 38 38 64 50 47 29 14 21 12 14 10 4 17 29 56 50 36 32 44 44 23 33 45 54 56 37 38 35 22 13 10 6 3 3 4 12 14 18 17 32 52 56 53 36 34 24 15 50 52 46 58 54 37 28 34 36 23 18 15 11 24 31 21 33 27 16 31 51 23
38 38 38 33 42 61 35 48 52 60 53 46 57 42 26 59 59 47 47 70 72 32 29 45 41 63 57 69 42 41 55 39 25 41 20 10 14 19 8 21 35 57 65 30 34 58 43 19 38 44 27 43 30 39 36 17 17 14 8 8 6 5 2 13 16 25 37 17 17 16 28 17 45 56 35 39 36 34 32 27 18 26 27 29 24 12 12 19 38 24 37 28 29 27 42 30
35 35 56 42 51 59 27 42 56 63 60 51 55 57 68 53 72 83 63 66 64 39 48 53 58 77 69 75 48 47 46 45 48 20 15 10 10 34 13 13 28 44 36 43 50 56 15 10 63 82 36 43 41 21 18 14 25 13 6 2 5 3 4 10 13 9 9 19 33 40 43 46 26 32 26 16 21 39 30 26 36 50 27 25 26 14 23 26 43 26 32 10 4 14 35 57
37 43 57 57 50 47 27 42 60 66 63 52 43 41 60 74 53 48 68 66 45 33 49 42 69 64 80 61 56 69 63 53 28 24 10 4 4 37 14 14 15 32 32 32 44 45 3 22 37 42 58 49 36 12 9 5 5 5 5 3 2 6 2 2 3 3 7 22 49 68 65 60 34 22 18 25 62 49 34 35 48 36 34 41 11 17 29 36 23 18 8 7 20 25 27 45
44 27 32 58 49 60 48 22 56 59 66 54 57 42 54 45 70 46 40 50 34 53 52 52 50 71 60 71 71 78 58 57 39 32 22 3 18 36 12 16 25 14 26 33 34 31 9 24 22 27 37 30 42 37 31 11 7 8 9 7 3 12 2 2 2 7 23 53 30 37 47 24 16 21 38 49 53 38 30 61 51 42 45 18 17 34 53 21 7 7 12 28 23 57 45 49
41 13 37 55 63 58 58 39 26 49 63 42 52 52 61 65 56 53 52 54 24 59 84 60 56 59 42 51 56 59 59 56 33 18 20 10 21 17 24 18 31 29 27 35 45 38 26 20 17 23 23 39 24 30 23 11 7 8 9 14 5 7 5 2 6 26 14 27 31 23 43 39 29 50 46 51 53 49 48 62 46 30 19 13 36 44 13 6 8 17 20 41 49 52 58 48
38 20 23 16 48 57 67 46 10 29 52 40 53 43 74 67 56 26 39 50 36 65 67 55 53 27 58 64 63 56 58 41 41 34 19 17 19 14 20 15 6 25 24 40 37 43 51 64 51 45 34 55 39 19 11 5 11 6 7 12 11 3 1 6 22 25 9 20 16 19 28 54 58 71 39 33 60 59 46 38 25 34 10 28 31 13 4 16 19 31 36 40 46 60 64 52
50 35 43 13 49 65 63 42 15 10 13 43 58 39 42 59 39 53 54 61 54 31 57 64 46 40 63 68 58 50 40 34 43 34 31 30 32 10 26 19 9 11 20 28 36 28 24 21 22 20 16 34 15 10 13 32 25 11 7 3 2 1 5 14 11 13 10 11 26 12 26 55 59 57 46 47 64 62 54 43 28 15 26 26 15 5 13 32 32 32 41 38 49 49 54 55
61 31 47 17 21 55 43 24 17 17 19 23 34 67 56 53 49 45 42 59 49 59 71 52 50 65 43 57 60 53 36 44 32 22 37 35 22 19 18 29 20 13 18 20 27 25 41 29 24 37 46 34 16 14 4 20 20 12 9 9 9 9 2 8 12 6 6 13 15 21 33 48 55 57 45 41 39 41 59 24 15 15 25 8 10 29 33 34 36 37 39 34 27 24 37 57
50 31 46 25 17 55 45 50 38 37 25 28 41 53 63 68 73 64 48 44 42 45 53 62 71 62 71 71 58 39 42 42 26 22 56 37 22 25 20 9 10 16 16 31 29 31 39 28 41 31 39 20 36 18 6 12 44 19 7 7 10 2 2 2 4 12 5 11 21 21 24 43 56 53 50 24 36 56 45 40 37 18 7 13 18 22 23 46 48 35 45 38 35 24 33 14
41 34 50 38 28 35 26 53 31 31 35 28 42 38 34 49 51 54 53 53 64 36 46 77 69 71 58 47 52 47 46 43 41 26 46 36 34 23 35 13 28 31 11 17 33 45 48 37 42 47 29 17 35 12 13 21 26 12 10 7 6 2 3 3 14 12 28 30 10 11 36 33 25 37 36 27 50 64 71 40 22 12 5 16 10 46 38 36 42 47 66 62 35 32 36 16
56 36 50 37 25 22 15 41 50 39 39 40 37 39 33 52 43 46 27 34 52 32 59 69 72 51 58 59 52 45 41 43 36 45 49 37 49 63 24 18 20 21 25 18 43 28 37 40 33 32 45 37 20 16 24 23 39 11 11 7 5 3 2 2 5 7 37 31 13 18 25 24 45 47 25 66 62 46 40 37 16 5 12 28 25 32 48 31 46 58 55 59 31 27 32 16
58 39 65 41 21 24 39 26 62 35 53 51 33 24 33 29 28 40 36 34 15 57 49 46 48 44 61 51 38 44 44 24 37 47 32 59 33 63 40 20 37 18 36 24 35 49 40 39 28 40 41 25 19 30 24 25 17 15 8 13 7 5 2 1 3 14 25 21 21 32 20 17 33 35 67 57 31 30 34 38 21 13 16 33 55 38 41 54 56 48 49 39 32 25 30 15
54 39 68 43 20 17 65 44 44 37 39 53 32 39 35 34 34 45 39 28 13 25 13 17 33 34 67 66 59 42 29 25 39 59 46 26 45 42 37 22 35 11 32 13 23 40 53 42 33 45 31 43 20 20 35 30 28 12 13 17 4 1 1 3 3 4 8 28 38 25 22 37 53 68 52 27 25 60 39 25 21 17 35 23 51 54 37 49 49 46 42 28 49 29 23 11
64 38 57 28 19 27 40 43 35 66 59 42 44 33 35 35 47 40 41 39 11 21 23 50 58 58 53 52 50 37 23 25 56 44 45 40 63 34 27 23 34 11 30 22 27 34 59 44 32 44 46 43 21 11 28 28 18 8 8 6 10 3 2 4 4 3 6 21 17 19 25 41 41 31 34 27 28 46 29 10 11 23 46 46 48 50 22 39 63 59 38 26 48 16 23 18
65 41 57 28 20 29 28 66 41 63 74 67 38 26 24 38 62 49 15 29 8 24 26 41 28 32 29 48 27 23 38 27 72 55 54 51 52 27 19 46 23 19 20 53 54 39 43 41 54 45 37 35 34 24 26 16 24 15 10 4 3 1 4 4 4 5 4 8 25 20 23 18 30 25 43 36 42 45 38 14 11 40 48 51 49 47 21 34 51 51 24 25 23 29 31 28
77 65 26 43 23 23 46 65 50 40 65 59 66 22 46 66 46 47 29 24 18 15 23 18 21 26 54 32 41 37 36 47 15 32 16 37 30 21 13 44 21 16 4 22 72 46 35 51 52 41 40 34 30 18 39 39 33 20 9 5 3 2 4 2 2 7 5 10 26 11 25 29 34 26 40 48 29 44 34 21 20 47 38 33 42 31 38 38 29 37 49 28 23 43 34 26
63 33 30 39 24 21 63 62 65 35 24 46 71 17 33 30 27 40 25 28 8 7 27 39 43 36 28 47 46 26 59 27 40 27 46 38 26 31 18 34 16 30 14 15 49 61 43 44 54 53 44 41 27 31 20 16 23 9 10 8 3 1 3 2 4 5 5 10 18 22 44 52 52 39 44 59 11 54 32 31 30 29 38 22 30 24 42 56 38 27 43 30 26 30 37 31
60 37 18 47 36 32 48 14 41 61 19 30 61 45 17 33 30 30 15 17 18 33 57 30 33 30 41 58 37 37 34 47 56 71 51 38 57 27 34 39 19 19 20 23 35 44 34 70 48 43 35 42 44 32 10 15 22 17 11 8 7 3 2 1 2 4 5 7 10 19 31 32 47 58 40 18 32 54 44 22 19 26 49 21 35 41 47 32 45 33 20 37 41 31 21 28
63 19 33 46 31 30 40 11 12 14 35 62 34 51 23 29 18 17 9 21 19 17 18 32 28 27 29 41 45 51 31 39 56 39 26 54 28 20 44 26 35 39 30 29 34 43 35 38 55 27 22 18 37 42 17 13 14 9 7 8 4 2 2 1 1 3 7 11 14 26 22 38 40 22 31 28 41 30 18 11 15 42 39 43 30 36 40 32 27 36 37 25 20 37 13 15
68 20 31 51 30 49 46 25 10 13 30 53 69 63 27 21 27 25 27 7 9 12 29 41 19 16 37 64 37 31 24 54 24 37 62 17 22 31 41 23 40 36 28 48 49 59 50 31 37 39 23 21 37 40 30 21 11 4 3 2 2 5 2 1 1 4 7 15 13 29 31 52 39 25 9 30 48 16 19 19 24 34 43 40 26 35 31 29 15 42 26 48 25 13 8 6
52 26 33 58 22 45 59 42 21 20 13 34 29 47 55 16 22 19 14 22 20 15 14 15 6 18 51 53 53 17 57 16 20 54 40 23 34 41 52 35 12 49 44 48 64 56 47 20 32 56 46 18 11 19 28 29 8 8 4 2 1 3 4 3 2 19 35 17 9 13 39 46 34 20 11 39 37 26 22 18 22 33 35 40 35 24 13 32 22 38 31 13 33 10 12 18
48 26 28 52 19 44 50 19 17 22 29 28 19 21 30 29 9 15 17 6 8 6 9 6 10 21 74 36 39 20 55 37 15 61 33 20 37 61 46 31 20 45 51 58 33 54 41 37 23 23 29 39 16 10 14 26 11 7 2 3 1 2 3 4 14 21 22 34 36 40 46 48 35 9 16 40 26 15 14 20 25 22 41 17 25 22 14 17 25 17 31 11 11 30 22 14
71 37 57 36 15 57 29 17 24 19 41 18 36 22 15 19 8 4 7 6 18 34 12 5 8 17 43 29 14 47 33 26 47 44 40 18 32 62 63 35 22 38 39 61 60 51 29 35 34 15 14 16 25 16 9 3 10 3 5 2 4 4 4 21 40 49 62 57 60 74 53 49 29 6 42 54 16 14 16 25 22 26 39 21 37 35 9 15 23 15 16 7 10 8 10 18
71 55 11 16 14 40 17 20 33 36 30 33 32 27 10 14 7 3 10 10 16 14 4 9 7 27 28 16 40 13 27 53 46 27 28 39 48 71 61 30 28 46 40 49 46 32 44 48 31 30 23 12 21 19 11 4 4 4 4 2 4 4 9 14 15 10 45 57 65 73 73 48 9 30 45 58 25 4 12 43 22 45 22 32 22 46 8 23 27 14 19 7 29 7 15 5
65 19 14 21 22 25 6 18 26 36 18 40 50 22 12 7 8 1 6 3 13 12 3 7 7 41 7 36 42 12 56 52 24 19 44 40 21 72 57 17 26 36 32 42 50 41 34 36 22 15 23 10 7 17 9 4 2 1 3 3 6 9 16 21 26 20 44 67 75 62 59 9 20 37 54 62 43 12 27 30 24 25 24 30 31 37 6 10 24 19 25 12 13 7 6 9
