sesion_6_simulaciones/modelos_agentes/ejemplos_netlogo/scenarios/echam4_a2/rob_2022.asc
NCOLS 322 
NROWS 307 
XLLCORNER 451900 
YLLCORNER 4086900 
CELLSIZE 100 
NODATA_value -9999 
[rows 0 to 74 of 307, columns 96 to 191 of 322]
68 18 4 5 43 18 18 12 13 14 28 24 28 48 43 14 26 17 16 6 20 18 13 38 15 10 19 20 26 16 6 5 11 19 12 11 12 22 31 14 9 33 68 72 81 68 84 83 87 83 83 88 70 42 59 53 61 28 44 45 50 30 26 15 50 55 55 12 11 40 49 28 23 26 22 13 14 16 9 44 23 12 15 14 15 9 9 12 17 35 18 15 13 5 10 24
8 12 11 7 13 32 17 14 12 21 20 28 56 54 29 24 7 6 4 8 15 3 6 6 17 11 17 10 13 40 20 8 7 12 6 12 16 22 31 36 41 50 45 39 82 83 85 82 92 72 88 80 46 44 77 32 15 22 15 25 10 34 25 14 28 15 19 49 47 41 27 52 63 37 48 51 52 17 22 23 16 12 22 21 25 13 14 21 25 26 33 26 36 19 26 26
1 4 4 21 12 18 17 9 11 16 11 20 27 24 7 5 11 18 20 23 34 4 8 8 12 12 19 9 20 21 33 27 4 13 36 34 36 45 50 52 59 66 51 54 20 11 24 50 91 83 81 80 42 73 74 70 47 21 21 30 24 59 78 76 76 58 47 69 36 46 40 42 51 49 53 67 71 61 38 25 22 20 31 30 30 21 23 40 25 28 38 30 36 43 32 33
1 1 1 3 2 3 4 24 12 5 5 9 13 19 19 21 20 32 37 30 13 3 15 17 4 9 13 16 15 7 16 17 14 25 38 29 56 56 72 79 82 81 67 29 15 19 9 15 48 23 32 35 18 42 67 29 64 10 12 25 40 58 83 82 81 84 78 54 64 56 59 66 50 49 61 54 51 23 19 27 39 38 50 47 41 29 26 39 26 23 44 48 30 42 33 44
4 4 3 1 1 1 3 21 36 9 25 16 9 13 34 23 20 61 26 13 15 10 12 26 23 15 13 15 11 34 38 26 7 23 49 53 63 73 83 86 86 76 64 39 22 11 15 36 25 18 24 32 10 45 23 45 59 40 9 16 60 74 63 78 70 47 75 46 56 74 70 59 51 41 64 47 47 38 38 42 50 46 76 53 37 39 36 51 34 36 50 63 33 56 52 57
8 3 2 2 1 2 3 5 28 49 17 26 8 22 27 14 42 29 33 21 6 7 20 18 22 13 16 18 9 11 17 34 29 13 55 70 74 82 84 75 75 72 67 44 18 25 21 26 32 26 35 51 13 24 29 52 33 34 25 23 59 68 28 16 25 40 44 24 25 48 21 58 78 59 57 40 44 42 41 58 50 57 61 55 62 47 46 64 60 39 57 40 56 46 68 30
1 4 10 5 4 4 8 3 12 40 41 15 12 16 19 44 21 37 48 31 32 17 8 9 17 19 29 25 14 8 13 43 46 30 45 78 83 81 71 70 67 61 31 18 24 51 28 41 41 41 33 30 32 39 54 43 22 38 43 19 13 16 14 22 12 17 49 65 44 47 24 48 38 20 56 65 65 64 44 62 49 41 51 44 64 66 54 68 68 43 69 59 54 43 29 23
1 2 3 2 1 5 4 2 6 24 72 70 63 40 31 16 17 34 25 25 42 61 19 32 46 31 28 11 23 19 19 23 43 66 46 63 69 71 64 59 47 18 21 16 41 35 29 51 43 43 27 28 49 60 47 47 39 59 64 65 47 22 5 4 21 14 39 21 45 26 44 33 16 35 21 51 57 84 65 37 59 68 52 56 79 55 56 58 62 58 49 36 17 23 22 16
1 1 2 4 3 5 4 3 5 5 22 62 76 77 51 65 22 19 17 46 43 20 22 33 29 14 24 23 17 24 38 31 51 72 80 50 29 35 20 16 24 13 10 19 45 35 19 32 37 32 30 21 72 49 44 58 46 57 24 47 68 54 30 4 16 20 12 11 6 17 48 42 20 21 40 23 33 38 48 70 62 83 53 61 45 31 37 76 53 51 42 74 50 33 23 29
2 1 1 1 5 11 5 2 3 7 15 3 5 7 5 5 26 19 24 27 28 18 30 21 44 35 27 22 28 32 35 66 59 47 62 54 46 41 18 13 6 5 7 17 43 26 10 12 20 33 32 24 31 77 69 72 22 37 19 61 50 50 15 18 5 12 8 5 14 29 30 35 39 30 37 53 24 19 58 64 41 65 51 48 31 37 27 36 37 53 28 36 71 65 25 16
3 1 3 5 10 4 8 8 11 2 5 3 14 9 6 8 23 6 38 19 28 21 27 28 47 19 13 21 35 50 64 63 81 68 44 39 32 45 42 19 9 3 2 5 20 7 6 12 24 19 32 18 33 43 75 59 35 26 36 58 30 30 17 6 11 14 17 7 25 34 37 43 26 17 43 58 41 19 17 48 34 21 45 59 35 39 25 28 63 47 40 29 60 78 50 27
3 2 6 6 5 12 9 20 20 14 4 7 15 24 19 17 20 39 42 25 63 40 19 30 28 26 15 19 25 76 74 64 61 52 39 26 24 32 33 18 8 3 3 8 9 5 5 20 13 17 40 19 29 46 28 38 30 33 45 40 19 18 36 25 12 9 25 21 26 53 66 65 18 27 43 53 37 19 19 54 34 8 30 59 31 38 30 23 41 26 18 25 41 53 55 49
1 3 3 7 11 9 9 7 9 16 16 10 3 5 9 27 38 20 47 38 66 66 26 20 16 22 14 26 40 57 76 52 46 36 32 31 32 11 12 25 6 2 3 8 7 3 7 9 14 25 41 30 31 51 33 28 38 37 48 18 16 19 29 25 13 9 8 21 34 21 35 38 27 25 30 52 30 24 9 17 31 7 38 66 29 32 37 21 13 29 20 9 13 27 53 62
2 2 1 2 3 2 2 2 9 13 20 13 13 13 15 8 30 16 60 28 18 17 48 34 31 18 25 55 58 45 48 46 31 13 12 9 8 5 4 5 6 1 1 1 3 2 4 6 24 39 48 40 28 29 17 31 44 38 36 31 13 12 31 34 23 19 10 9 11 8 3 3 14 27 31 42 30 40 24 14 6 9 17 51 54 23 26 26 14 11 21 10 17 36 70 43
1 0 1 1 2 1 0 2 4 5 12 11 15 19 17 12 9 10 49 30 17 44 56 31 36 31 34 28 48 51 26 15 11 14 16 10 9 6 2 1 5 1 3 1 0 1 3 9 12 35 33 29 21 26 14 39 44 40 44 44 8 20 29 32 22 13 6 7 4 3 3 16 42 42 34 41 44 38 20 18 26 8 21 46 58 21 9 10 11 8 5 4 12 25 33 28
20 1 3 1 3 6 4 2 2 2 2 2 2 3 5 8 14 20 8 4 13 19 11 45 37 49 25 26 20 16 16 32 36 31 18 21 31 24 9 2 2 1 1 1 1 1 1 4 9 11 16 12 11 11 19 14 25 28 43 40 7 18 7 31 45 25 9 9 9 2 6 24 40 48 26 17 30 36 44 35 21 17 18 31 58 79 38 24 9 6 5 3 10 44 30 20
1 2 5 4 5 5 11 6 2 3 7 7 3 2 5 15 16 21 13 20 19 6 10 19 56 44 44 53 71 51 37 21 23 32 30 39 47 37 15 1 3 3 1 1 4 4 3 1 3 5 3 3 2 3 5 16 25 36 40 42 11 28 20 26 38 11 7 8 5 4 7 30 28 39 16 12 23 22 37 29 23 17 18 17 49 72 68 18 8 7 5 3 8 27 32 31
1 5 5 30 24 7 4 5 2 2 4 1 3 2 4 6 15 13 20 23 11 10 13 13 35 44 18 33 29 22 37 33 42 27 58 70 46 43 16 9 13 13 8 8 13 11 11 4 1 0 0 1 0 0 1 17 49 70 41 17 30 23 19 14 23 20 9 14 4 4 35 35 45 33 14 20 43 26 25 30 14 10 6 3 28 37 35 34 16 7 5 3 3 11 17 6
3 6 9 5 2 16 2 2 1 2 2 2 1 1 1 2 5 10 11 5 12 14 13 12 50 68 41 37 28 47 53 55 38 58 63 60 24 20 19 30 21 24 31 39 29 14 18 10 4 2 1 1 2 0 0 2 37 53 28 17 18 25 13 11 18 6 8 9 2 23 55 50 39 48 16 16 41 34 28 60 28 14 5 3 6 17 23 21 25 9 6 4 2 5 28 4
12 7 2 2 0 6 19 3 2 2 6 6 5 3 4 12 4 4 5 8 16 20 25 13 36 43 35 47 52 50 52 69 62 54 52 26 40 38 27 34 52 53 37 15 15 7 11 11 5 3 3 1 1 1 2 1 5 10 19 25 15 9 9 24 22 3 8 27 55 37 54 69 29 64 24 11 28 44 28 56 41 29 14 4 3 14 31 18 32 13 8 3 1 2 15 11
10 4 2 3 1 7 10 12 5 9 11 8 7 3 4 3 2 7 9 9 8 11 9 5 24 40 35 18 18 42 32 29 46 56 63 40 34 44 27 58 25 20 26 14 7 5 5 6 5 2 3 3 1 2 3 2 3 8 19 20 5 6 34 29 18 4 15 25 36 51 36 41 19 23 43 27 14 10 12 52 14 10 22 10 5 2 13 7 29 7 9 3 2 1 3 7
12 3 2 3 12 9 13 21 19 21 28 16 9 6 8 4 5 4 3 20 12 13 13 12 41 26 46 39 22 29 30 42 44 59 66 56 69 41 54 21 26 11 5 4 7 7 18 8 7 2 3 2 2 2 3 2 3 6 17 19 23 5 9 13 8 11 30 7 24 42 43 27 27 10 31 38 18 8 10 53 66 19 5 22 10 2 1 3 19 12 9 6 2 1 2 6
7 3 1 4 18 12 3 10 8 7 3 8 18 9 4 4 4 5 4 14 33 23 26 17 40 15 25 48 28 18 49 59 62 30 17 70 65 33 32 27 28 27 8 3 2 6 4 1 1 1 3 2 2 2 2 2 1 2 6 5 6 7 5 5 7 22 33 4 20 12 29 35 24 6 5 20 19 24 8 28 60 26 24 5 9 2 1 2 15 18 2 8 3 1 2 4
13 4 1 4 19 17 8 17 36 11 25 12 12 50 35 19 14 12 9 39 26 39 32 21 37 31 21 49 52 32 27 24 11 9 10 26 35 44 20 33 26 28 17 11 5 1 1 0 0 0 1 1 0 1 1 1 1 1 1 4 7 7 5 9 24 22 16 6 12 11 11 20 14 13 8 30 28 15 10 4 21 27 10 19 3 2 1 1 1 6 1 3 3 1 1 1
15 11 1 5 24 19 14 7 42 20 7 22 31 37 42 40 56 18 22 19 40 44 63 40 28 30 50 39 65 42 21 13 29 28 18 2 9 30 32 13 21 32 34 25 10 5 3 2 1 1 0 0 0 0 0 0 0 0 2 5 11 7 11 15 8 24 10 13 15 12 7 11 19 19 3 19 27 9 10 5 11 23 5 2 8 3 1 1 1 1 2 2 3 1 0 0
35 25 10 13 32 10 21 6 19 28 24 23 40 50 57 36 56 61 25 24 55 79 79 83 76 67 66 49 67 52 67 62 71 44 21 19 21 15 11 20 40 23 25 25 25 17 11 5 4 3 1 1 1 1 1 1 1 1 4 9 9 8 6 8 7 17 16 22 6 16 5 3 14 8 3 8 9 3 4 3 3 6 18 1 2 1 1 0 0 1 1 1 0 0 0 0
26 20 34 34 36 10 16 13 32 44 37 26 26 62 73 58 57 79 65 76 79 80 85 82 72 78 74 68 74 80 46 24 39 45 42 23 30 23 9 6 26 30 30 42 27 21 16 10 8 5 3 3 3 2 1 2 1 1 4 4 7 5 3 4 3 21 9 18 12 13 3 4 5 6 3 6 6 9 2 3 2 1 3 2 1 2 1 0 0 0 1 0 0 0 0 0
15 33 30 26 38 37 40 30 37 53 51 64 56 65 74 87 83 70 78 45 50 60 66 79 70 67 78 73 75 76 21 12 11 11 24 31 42 22 27 17 15 36 37 27 22 18 12 28 19 9 6 6 5 4 3 3 3 1 2 2 3 2 3 7 14 26 19 8 10 4 5 2 4 4 3 2 2 4 4 2 3 1 2 1 0 2 1 0 0 0 1 0 0 0 0 0
19 43 31 24 42 38 38 37 47 64 76 83 87 88 91 89 81 76 84 69 40 21 49 63 41 37 27 51 53 48 36 8 7 5 7 12 22 17 19 23 8 15 16 15 8 7 3 7 10 9 13 14 7 6 5 9 4 1 1 2 1 3 9 13 16 11 5 5 3 6 4 6 2 2 2 1 1 1 3 2 1 1 1 1 1 0 1 0 0 0 0 0 0 0 0 0
22 42 24 30 59 55 50 65 77 85 87 88 82 85 82 87 76 76 89 43 69 32 18 34 21 11 12 13 17 19 35 25 18 4 6 3 10 7 6 17 13 9 19 5 7 5 2 5 4 2 2 2 2 3 3 1 6 3 2 1 2 4 10 11 10 6 2 6 9 4 5 3 2 1 1 1 1 1 1 1 1 1 0 0 0 0 0 0 0 0 0 0 0 0 0 0
15 53 47 47 59 74 80 85 79 87 82 87 69 85 74 81 60 63 83 71 32 39 18 8 7 6 2 2 7 8 13 46 22 7 8 5 15 27 25 13 13 7 7 3 2 3 3 1 1 1 1 4 8 7 3 3 8 4 6 2 3 5 8 5 8 3 1 3 6 5 3 2 1 1 1 0 0 0 0 0 0 0 0 0 0 0 0 0 0 0 0 0 0 0 0 0
39 58 73 73 85 89 87 87 80 81 74 86 70 69 47 68 54 63 67 72 19 39 37 14 8 2 2 1 2 3 4 10 15 8 8 10 5 10 10 10 7 6 5 9 7 4 4 1 2 3 9 23 21 10 17 2 10 8 1 1 1 2 2 5 3 3 1 1 1 2 1 1 0 0 0 0 0 0 0 1 0 0 0 0 1 1 0 0 0 1 0 0 1 0 0 1
65 78 81 84 84 82 87 77 76 63 79 59 34 45 40 37 43 47 52 59 24 13 16 11 9 5 2 3 7 8 9 17 15 6 18 15 18 18 26 15 26 15 21 18 17 14 8 6 5 7 11 34 44 40 29 11 14 9 4 5 2 0 1 1 1 1 1 0 0 0 0 0 0 1 1 1 2 1 2 1 1 2 1 1 1 3 1 0 1 1 0 0 1 1 0 1
79 81 82 70 82 79 83 68 62 40 48 11 19 13 16 25 25 19 21 41 20 7 3 3 5 7 8 6 10 4 26 37 39 27 38 39 34 26 31 28 28 28 26 23 32 19 20 8 4 20 23 27 47 32 21 16 31 16 11 19 10 5 5 4 3 3 6 3 2 1 2 2 3 3 3 2 3 3 3 3 2 2 2 2 5 2 2 1 1 1 1 1 1 1 2 2
27 36 50 38 63 59 70 65 29 6 3 3 8 4 4 4 5 7 20 30 19 5 6 11 6 7 28 19 33 23 33 39 43 41 42 61 48 26 48 41 37 47 43 39 27 23 24 14 11 17 28 29 47 62 43 41 28 20 25 23 16 16 13 13 13 9 13 8 5 3 5 5 4 4 9 5 5 8 4 6 6 3 4 4 11 3 2 2 2 2 2 1 3 3 4 5
32 20 12 10 6 7 19 23 21 7 4 4 7 7 2 1 1 2 7 11 7 4 26 8 19 30 43 38 55 40 40 36 57 47 37 56 52 32 48 51 43 55 36 31 30 33 44 29 16 20 36 41 24 73 56 63 32 33 41 28 32 22 18 16 14 8 18 8 4 6 6 6 10 6 10 6 6 11 11 10 6 5 9 8 7 4 3 3 2 2 2 3 8 5 4 4
56 64 48 20 18 12 3 7 10 4 7 7 5 2 1 1 0 4 3 6 12 29 39 21 43 42 51 49 42 19 7 20 46 46 42 51 40 44 53 61 62 38 42 37 34 53 41 25 34 26 48 59 42 75 72 40 67 57 48 30 36 28 36 31 18 18 13 11 9 5 8 15 16 9 14 14 10 16 8 12 9 14 15 19 10 4 2 6 3 4 6 7 9 3 10 5
66 48 41 25 12 9 9 8 17 17 16 15 8 2 2 6 5 7 11 20 46 56 54 32 47 37 39 50 50 44 29 22 47 44 50 44 39 47 45 57 28 22 50 52 41 75 47 46 52 25 62 42 77 80 55 63 73 60 35 49 33 41 36 23 13 22 18 13 7 12 24 30 23 14 21 22 21 25 11 10 13 19 19 13 7 3 3 8 6 4 12 14 13 4 2 17
43 53 51 37 36 18 30 28 38 37 37 37 21 13 10 16 10 12 26 36 52 42 23 45 60 44 26 39 55 53 42 27 39 51 33 61 45 71 56 41 44 30 57 40 32 76 59 58 44 32 51 78 76 65 59 54 66 73 42 55 53 56 41 19 38 31 32 17 7 19 30 57 37 23 26 33 33 21 15 9 21 43 31 20 15 5 12 28 13 4 11 28 27 7 4 19
71 69 41 40 24 35 50 44 43 59 49 45 36 31 30 23 25 36 38 46 57 47 49 61 52 38 39 55 45 55 30 46 32 26 56 67 65 54 56 41 42 26 58 23 19 57 65 64 42 47 61 51 77 29 24 20 44 64 37 66 74 56 46 63 44 37 19 7 11 36 45 72 55 34 38 52 62 31 30 13 32 57 30 15 11 9 22 39 19 9 6 50 59 23 11 18
49 58 40 53 38 50 58 61 60 58 68 56 46 42 58 24 29 46 47 49 62 63 44 66 51 52 57 53 47 65 36 57 38 34 40 69 38 51 38 56 44 44 49 32 50 47 77 63 34 48 67 65 63 45 37 27 36 46 35 77 79 68 65 62 24 36 12 9 16 45 64 71 68 47 55 64 75 29 40 15 47 75 40 15 11 14 35 53 31 14 11 44 61 39 9 26
46 55 66 49 36 47 64 54 50 53 72 58 48 60 45 41 28 52 63 46 45 57 64 65 52 52 43 39 36 82 46 63 42 44 52 72 63 49 37 48 36 54 44 35 50 49 63 39 47 35 50 84 71 59 42 44 67 40 45 74 66 69 83 44 49 38 21 20 36 38 72 74 74 44 54 72 59 33 55 26 39 68 51 35 19 22 47 66 41 24 16 34 59 31 21 35
36 38 51 34 28 26 55 50 38 50 49 49 44 57 49 44 45 44 57 52 45 30 42 63 63 54 60 40 32 45 64 78 46 39 57 77 53 32 37 50 38 56 44 38 45 56 45 45 41 43 43 72 37 45 52 49 66 37 59 65 56 72 42 54 72 34 29 29 54 42 65 84 63 37 60 77 64 42 67 36 46 69 45 43 40 29 28 67 66 33 20 41 64 40 29 42
18 40 25 26 29 30 50 57 32 55 49 57 56 45 41 54 43 40 47 55 35 30 26 59 65 51 64 29 35 59 60 70 33 42 64 56 45 52 43 60 62 34 43 60 60 47 36 73 46 41 37 58 28 41 46 67 67 76 66 41 35 27 46 77 40 48 54 30 42 57 52 75 39 38 62 76 51 48 63 32 62 66 49 52 51 51 23 30 74 38 33 40 67 61 52 43
14 16 21 23 38 17 27 26 35 46 42 57 46 40 44 46 39 33 31 39 46 27 54 49 63 60 54 49 15 41 69 78 18 36 50 74 41 24 36 40 64 43 45 34 38 50 53 19 47 54 50 62 59 42 59 60 81 72 57 75 60 38 64 48 62 67 39 39 47 66 45 69 36 42 54 74 47 64 66 34 49 53 42 69 69 63 39 30 74 59 37 51 58 47 55 44
6 11 21 25 32 11 32 29 34 43 47 62 42 27 30 40 45 51 33 16 18 16 62 14 40 58 55 44 22 41 46 52 14 19 64 26 19 15 56 22 58 40 52 42 43 41 40 76 80 90 84 73 71 69 56 71 76 62 61 66 56 57 61 34 66 43 49 50 57 76 45 61 46 62 34 53 43 64 51 43 60 44 44 61 74 44 56 37 49 48 56 45 71 77 78 64
10 7 24 9 13 41 10 15 28 38 50 49 29 44 17 45 15 42 32 17 10 25 38 24 38 53 53 61 20 21 16 40 42 44 27 24 36 40 52 41 50 42 49 72 49 80 63 86 68 76 60 60 62 83 85 77 74 42 45 77 56 55 30 42 71 55 55 59 64 77 79 70 72 64 50 77 46 76 44 42 78 39 73 63 69 48 64 49 40 66 66 72 69 76 78 87
2 8 4 4 8 17 42 12 27 19 13 21 11 27 19 30 21 37 32 36 24 35 34 50 19 26 40 36 48 50 23 15 30 27 71 78 66 61 79 91 81 79 73 91 74 60 85 85 51 71 63 52 61 80 79 65 72 76 67 84 68 79 74 65 59 63 72 62 54 52 68 76 62 81 86 82 82 90 85 67 69 76 76 75 44 86 85 74 67 38 54 48 58 76 60 60
2 5 7 11 30 53 19 12 4 1 3 7 11 31 28 29 25 42 25 24 31 33 33 57 43 31 20 17 22 22 18 29 31 9 20 67 79 34 43 82 81 80 68 84 90 58 63 69 72 69 76 34 44 78 82 51 86 83 93 89 60 72 63 75 68 79 64 76 84 30 41 75 74 49 75 80 63 80 64 89 56 69 80 72 51 82 77 61 86 79 69 36 47 62 43 33
2 1 7 2 3 6 3 4 1 9 11 12 36 26 15 29 14 34 16 19 31 24 39 50 39 32 13 18 36 46 28 7 16 14 12 28 40 22 21 65 71 46 74 89 81 39 53 44 55 58 71 37 43 66 64 74 69 67 80 86 60 27 42 75 79 81 75 70 64 74 31 63 82 46 70 82 38 31 34 85 78 54 50 53 68 73 72 76 87 76 46 72 29 24 56 60
3 4 2 1 5 11 12 4 1 8 13 21 14 22 13 26 20 23 14 15 14 28 37 26 36 39 6 12 19 29 24 13 24 11 14 10 18 53 32 69 44 60 51 54 85 67 44 31 49 43 60 61 37 71 72 89 53 78 91 90 77 24 55 67 70 82 72 79 53 80 47 39 71 46 67 83 55 39 31 75 69 71 20 18 31 63 75 66 77 61 25 79 43 26 36 47
2 5 1 3 1 4 9 9 7 7 14 26 19 9 25 37 20 21 10 12 25 27 17 17 25 19 4 10 13 28 25 19 14 13 16 22 17 22 56 85 55 65 49 68 73 77 45 40 62 48 82 83 53 66 85 91 61 86 90 83 81 46 76 81 68 60 49 41 58 86 51 29 51 31 69 72 86 46 48 81 58 71 64 26 22 37 57 52 52 34 60 90 43 22 10 10
2 3 1 1 13 2 3 14 3 4 16 15 12 13 18 33 36 20 15 24 11 17 10 10 17 28 12 18 36 45 53 36 30 36 43 43 29 38 63 67 66 29 30 69 77 56 34 30 42 51 73 68 69 51 76 89 67 74 82 77 83 74 75 87 48 50 62 35 59 76 71 45 17 31 79 78 78 68 42 83 42 59 76 43 21 15 43 35 36 16 73 90 67 36 30 8
22 1 1 1 2 2 2 6 6 10 21 16 5 9 13 22 22 9 11 12 19 12 9 7 10 22 26 54 74 29 35 27 58 52 44 40 20 36 49 51 77 42 55 37 84 44 47 39 22 40 63 66 49 29 31 67 63 74 82 79 89 75 77 78 77 55 57 42 51 57 83 56 26 23 63 70 79 77 51 61 54 49 63 78 36 16 9 11 10 23 62 52 81 40 27 12
2 4 8 4 4 1 4 3 1 3 12 13 3 3 22 13 7 11 9 14 23 14 10 19 5 9 8 15 48 28 22 61 44 39 64 47 27 15 8 32 34 25 9 9 41 34 67 59 20 15 34 18 30 17 13 22 20 54 58 62 69 68 61 61 86 50 49 39 11 69 94 42 25 20 59 49 47 58 30 39 40 13 58 79 58 27 5 6 8 15 9 31 85 38 19 17
1 3 11 16 28 1 2 2 2 3 9 1 1 2 11 4 4 9 12 6 18 15 11 19 42 65 34 22 29 27 37 37 61 60 49 42 36 40 22 11 16 40 21 10 18 24 32 41 37 13 15 12 28 16 19 35 25 14 23 40 40 18 23 60 89 68 35 31 39 69 89 49 19 11 22 31 49 32 44 45 36 8 33 60 76 18 9 4 17 22 13 31 90 56 41 36
2 7 3 19 22 34 12 5 20 5 12 2 2 2 4 3 4 5 6 18 6 41 21 22 53 66 59 19 20 48 46 30 49 57 30 16 45 41 17 17 20 52 33 19 27 23 23 16 15 7 12 34 42 38 31 31 21 16 13 8 3 1 9 67 73 70 43 17 20 56 72 72 55 20 10 26 39 23 23 14 30 18 11 59 69 43 10 5 17 13 33 78 80 83 53 39
10 21 30 12 14 27 47 4 4 4 8 30 7 3 7 3 2 7 3 2 2 7 8 15 43 58 40 57 53 64 39 26 48 32 45 43 32 48 24 35 28 41 45 26 13 39 22 23 14 5 9 38 49 58 49 43 32 27 22 17 23 20 20 38 39 51 37 11 5 26 25 69 71 24 9 26 32 20 9 18 39 13 8 9 57 69 12 4 18 28 29 53 34 76 32 14
1 2 4 23 27 24 14 2 9 11 40 42 37 21 26 25 3 6 5 3 5 4 14 11 20 24 41 58 50 42 30 33 21 12 47 47 20 20 29 46 36 45 37 27 10 17 46 33 20 9 8 20 55 60 54 56 40 40 32 32 57 61 64 51 37 35 27 14 5 3 18 32 78 47 33 8 17 21 9 2 6 10 11 23 42 63 22 7 3 12 13 12 60 69 85 33
1 2 6 23 47 41 73 21 35 14 24 11 37 34 34 17 16 2 1 3 6 11 6 12 26 15 31 37 28 23 14 39 54 38 54 37 30 38 51 25 45 43 26 29 35 36 46 45 27 16 7 9 20 41 41 51 56 51 29 22 14 24 31 34 47 46 49 35 18 1 4 31 37 41 32 24 11 4 6 6 18 13 4 8 9 46 37 6 2 5 9 12 10 46 49 53
41 24 10 9 7 49 30 10 15 54 23 26 10 15 12 7 17 5 4 3 2 5 8 28 41 10 26 35 31 37 36 69 46 29 32 39 27 27 18 7 13 42 56 37 52 41 34 29 26 24 18 6 4 5 23 23 19 38 43 33 27 22 14 15 18 35 41 45 38 32 18 36 25 46 16 16 10 6 9 6 4 5 2 11 7 32 51 6 2 8 13 8 9 13 48 58
33 42 34 14 8 40 64 46 18 25 24 17 5 13 10 6 9 17 3 9 10 15 10 28 20 22 9 14 14 13 8 13 15 35 29 28 30 32 35 30 18 7 13 50 51 65 52 34 30 12 17 13 7 3 5 10 7 5 15 17 18 28 31 18 7 8 26 36 35 22 28 47 22 51 28 15 12 13 6 3 3 7 2 5 10 5 30 9 1 4 10 12 4 4 40 53
15 15 75 48 19 42 21 55 55 44 46 12 5 25 16 29 26 20 8 12 6 18 25 18 18 17 23 55 36 23 31 45 33 38 40 57 55 54 50 52 51 36 17 8 8 36 47 41 22 13 9 12 7 3 1 1 1 1 1 1 3 6 5 10 12 4 4 8 9 8 21 23 20 18 18 19 23 18 8 8 7 5 2 2 12 19 8 16 2 1 6 10 6 21 63 15
12 13 37 24 22 21 5 2 66 83 82 76 17 32 20 11 9 38 11 18 13 13 16 14 42 18 44 56 34 42 57 56 36 44 52 58 53 59 53 53 54 42 53 39 32 13 6 4 14 16 18 5 3 2 3 5 5 5 4 3 3 1 1 1 1 1 1 0 1 4 6 11 9 8 5 4 4 13 10 8 5 2 6 5 5 10 7 17 7 1 1 6 22 50 23 44
23 17 27 64 46 20 22 13 12 79 23 24 33 23 28 28 28 5 16 26 3 5 4 20 31 22 28 27 23 27 23 25 43 51 48 49 66 71 54 63 66 65 57 52 48 31 23 18 9 4 3 2 2 7 9 15 14 13 11 13 4 1 1 3 3 6 2 2 0 0 1 4 3 2 2 2 2 4 6 11 9 2 1 2 2 2 5 10 14 2 1 6 49 20 19 24
27 20 26 37 33 45 58 15 5 6 3 5 9 15 20 62 15 31 27 28 12 6 9 14 12 12 36 30 45 32 24 30 39 48 61 60 57 58 54 69 64 48 41 40 42 25 21 27 19 15 14 13 14 24 25 23 31 30 25 17 5 4 4 8 7 4 6 2 1 1 1 0 0 0 0 0 1 1 0 1 1 1 1 0 1 1 3 5 5 3 1 17 18 6 28 19
46 29 16 6 35 38 76 61 47 46 31 18 8 11 49 31 71 65 38 29 51 27 22 8 4 11 25 26 16 24 22 51 60 33 14 34 63 62 41 35 47 51 38 28 34 23 31 31 31 27 30 18 20 34 44 45 40 41 41 25 10 10 16 14 19 18 15 8 3 2 0 0 0 0 0 1 3 2 1 1 1 0 0 0 0 0 1 1 5 5 1 19 3 2 13 24
43 37 30 38 33 49 36 28 30 66 32 47 14 25 44 70 82 70 44 38 54 17 24 36 27 21 23 9 16 20 54 19 20 22 38 43 63 75 67 61 61 49 56 44 46 37 40 40 42 24 48 43 42 35 52 55 70 64 51 28 10 25 25 34 30 42 27 17 8 3 2 2 2 3 4 7 9 6 3 2 4 4 2 1 1 0 0 0 1 6 3 11 1 2 13 32
45 42 14 12 36 32 68 62 43 44 54 66 48 25 51 86 79 63 39 63 19 51 18 30 19 11 4 26 9 28 21 9 9 51 37 48 52 64 68 64 63 46 45 48 47 48 50 62 50 36 42 63 46 48 64 73 76 60 38 25 24 36 48 48 43 57 39 21 13 5 8 8 8 11 12 12 19 10 8 9 8 7 3 4 4 1 1 0 0 2 1 2 2 1 4 8
39 48 37 13 45 57 67 61 81 62 49 30 18 55 75 69 61 48 46 84 25 69 25 32 27 23 22 36 36 12 15 21 22 48 50 61 64 75 58 68 69 54 30 49 49 46 58 71 65 40 39 68 64 54 68 80 73 55 35 26 27 61 58 57 71 59 39 26 8 6 13 11 12 25 23 33 32 29 15 16 23 14 11 15 9 6 2 0 0 1 1 2 1 0 1 3
39 13 36 18 8 51 44 35 50 69 66 56 15 40 72 63 17 25 68 81 25 80 34 29 63 53 18 42 38 51 17 9 28 26 55 40 29 34 46 39 62 45 53 51 53 38 65 50 74 45 73 66 65 53 78 85 65 58 37 50 50 62 59 71 75 62 42 34 13 24 33 31 16 34 48 46 48 32 24 32 40 28 20 24 6 2 1 1 0 0 0 1 1 0 1 0
34 32 22 34 12 23 63 72 72 55 32 34 17 35 54 66 34 58 88 64 38 76 43 35 30 49 33 56 55 23 49 59 28 29 32 39 17 33 26 49 55 47 48 65 49 53 60 63 44 44 86 45 66 56 85 65 60 63 40 51 50 62 73 80 61 65 45 28 20 36 47 45 25 51 48 64 64 47 37 42 59 40 35 11 3 3 2 2 1 0 0 0 0 0 0 0
49 26 33 27 32 29 39 58 51 57 61 37 60 24 14 9 52 89 81 60 62 65 57 65 65 43 23 48 49 46 49 19 17 14 27 10 16 28 29 66 38 54 62 60 36 52 59 65 71 70 46 39 68 82 59 68 52 41 47 46 44 62 82 70 67 47 28 31 44 60 58 57 46 59 41 49 61 36 48 52 68 28 11 7 8 8 11 4 2 1 0 0 0 0 0 0
42 39 30 28 57 38 55 76 42 46 43 54 68 68 14 6 26 34 29 18 38 74 66 45 35 47 35 41 36 35 18 4 16 27 5 17 29 31 50 42 36 35 66 31 33 38 46 72 32 30 40 50 62 75 60 47 27 37 60 60 46 80 75 73 63 62 42 38 50 68 65 51 52 62 50 24 74 57 58 73 36 29 17 17 33 33 12 4 2 1 1 0 0 0 0 0
38 65 46 27 25 28 24 51 23 27 23 68 43 70 66 58 25 12 20 31 70 78 63 49 47 25 23 6 23 47 23 19 40 37 24 17 23 23 47 21 20 25 42 16 23 34 34 14 20 40 29 62 78 63 49 28 39 49 64 45 37 85 77 62 64 65 41 56 68 69 58 70 55 66 45 46 55 63 44 34 17 32 45 29 12 5 4 5 2 3 2 2 1 1 0 0
