sesion_6_simulaciones/modelos_agentes/ejemplos_netlogo/scenarios/echam4_a2/rob_2049.asc
NCOLS 322 
NROWS 307 
XLLCORNER 451900 
YLLCORNER 4086900 
CELLSIZE 100 
NODATA_value -9999 
[rows 222 to 295 of 307, columns 0 to 95 of 322]
10 15 26 42 40 23 39 29 5 17 20 22 43 17 15 9 8 4 4 5 15 23 29 33 23 21 16 33 49 26 15 41 56 24 48 38 23 25 35 60 28 28 45 57 51 75 48 58 63 84 83 54 41 40 37 20 28 42 25 31 36 20 13 31 18 21 9 11 6 4 3 2 1 0 0 0 0 0 0 0 0 0 0 0 0 0 0 1 1 1 0 0 1 2 5 2
26 31 21 14 19 27 28 40 24 10 12 26 29 14 7 8 8 17 21 20 24 35 21 60 37 35 29 28 34 41 24 34 24 29 57 15 18 25 32 60 59 42 39 62 25 16 29 17 21 63 72 56 52 35 28 27 15 17 28 32 23 34 14 17 24 9 7 8 7 3 1 1 1 0 0 0 0 0 0 0 0 0 0 0 0 0 1 1 2 3 1 2 3 3 1 0
30 45 57 73 49 43 38 40 24 31 39 55 24 15 15 21 18 37 16 19 61 15 29 33 34 26 18 52 39 31 31 35 27 46 31 21 29 38 34 57 49 52 47 83 78 65 53 54 46 25 31 45 31 25 18 17 16 22 20 19 21 21 11 29 28 11 7 4 3 1 1 1 0 0 0 0 0 0 0 0 0 0 0 0 0 1 0 2 5 5 2 3 4 3 1 0
31 52 50 54 64 68 32 24 16 47 53 35 22 14 17 21 7 3 2 35 18 28 56 36 24 39 28 35 28 20 26 26 45 12 12 38 26 47 32 52 51 60 67 47 52 69 56 70 69 45 25 27 17 24 11 12 13 24 15 13 16 8 6 5 7 5 2 3 1 1 1 0 0 0 0 0 0 0 0 0 0 0 0 0 0 2 2 3 12 10 9 9 3 1 1 1
8 17 23 16 34 75 52 8 29 41 54 20 33 28 5 4 2 2 15 50 14 36 50 58 37 35 23 8 26 16 27 49 38 17 32 36 48 59 37 45 69 78 70 43 55 60 63 35 68 77 32 23 9 13 12 19 13 11 9 7 4 3 4 2 2 3 3 1 1 0 0 0 0 0 0 0 0 0 0 0 0 0 0 0 0 2 7 10 16 21 9 3 2 1 1 0
34 20 25 29 32 31 13 17 18 26 44 47 51 12 3 2 14 24 43 62 26 29 44 72 55 22 35 14 18 31 11 29 57 24 18 18 40 45 78 84 51 44 32 70 43 48 70 50 40 17 32 35 28 23 21 20 18 9 7 5 4 2 2 1 1 2 1 0 0 0 0 0 0 0 0 0 0 0 0 0 0 0 1 1 1 2 8 30 17 1 1 0 1 1 0 0
29 23 20 42 29 29 30 28 17 41 41 31 24 9 15 39 42 47 51 66 22 36 37 60 12 11 32 9 24 35 11 10 32 28 18 36 27 20 64 78 61 40 59 43 84 59 34 40 37 32 22 42 38 33 32 23 10 9 3 2 1 0 0 0 1 1 1 0 0 0 0 0 0 0 0 0 0 0 0 0 0 1 1 1 2 4 7 30 9 2 2 1 1 1 0 1
7 16 40 23 21 24 39 37 31 36 29 48 32 33 31 50 41 23 57 51 23 27 24 22 9 39 12 3 25 24 10 19 15 24 52 69 48 38 21 38 48 29 23 19 42 78 57 37 32 30 25 25 23 33 37 30 10 6 2 1 0 0 0 2 1 1 0 0 0 0 0 0 0 0 0 0 0 0 0 0 1 1 2 2 5 10 14 15 4 2 2 4 1 1 0 0
34 26 26 27 36 32 52 29 40 34 22 37 23 50 30 45 44 31 35 63 9 16 16 12 19 5 12 13 13 20 6 15 9 20 20 42 37 63 30 12 35 53 45 45 58 28 36 26 18 20 16 15 24 22 17 15 15 8 6 1 2 1 1 1 1 1 0 0 0 0 0 0 0 0 0 0 0 0 0 1 2 1 3 2 3 19 45 14 6 7 9 4 1 1 0 0
12 31 36 41 22 23 31 62 20 33 23 17 29 32 22 44 43 27 19 30 16 11 10 20 13 8 9 8 7 10 6 13 42 29 18 13 51 28 36 29 13 24 68 74 79 50 23 14 28 29 26 10 16 20 13 13 8 2 3 4 2 1 0 1 0 0 0 0 0 0 0 0 0 0 0 0 0 1 2 3 4 5 6 3 2 11 31 9 5 15 8 2 1 1 0 0
9 12 26 37 27 30 26 48 22 21 21 21 17 28 20 25 54 15 12 20 6 9 2 11 7 9 5 3 6 7 9 14 21 49 28 31 17 24 35 13 24 20 19 34 35 24 24 14 26 18 25 13 12 10 9 14 5 2 1 1 1 0 0 0 0 0 0 0 0 0 0 0 0 0 0 0 1 2 3 7 11 18 8 5 3 6 14 13 15 9 3 1 0 0 1 1
5 5 24 15 18 43 31 21 33 21 37 28 20 33 24 15 22 9 11 8 8 3 2 2 5 6 2 4 8 6 5 9 8 10 8 18 10 13 16 9 20 33 59 34 32 15 18 7 9 9 13 10 9 10 10 5 3 1 0 0 1 1 0 1 1 0 0 0 0 0 0 0 0 0 0 0 1 4 5 13 28 25 15 17 6 9 36 37 18 6 4 2 1 1 1 0
6 3 4 12 14 25 45 44 55 15 20 32 7 21 8 13 31 4 7 9 8 10 1 3 6 3 1 11 17 27 28 5 16 13 28 30 31 34 26 34 46 50 55 61 57 54 50 22 21 34 19 10 7 6 4 3 1 1 0 1 1 2 2 1 0 0 0 0 0 0 0 0 0 0 1 0 1 4 7 16 19 36 27 31 21 48 29 27 11 11 8 6 3 2 1 1
1 2 7 11 14 17 14 26 14 25 27 15 2 3 3 3 17 3 2 2 1 3 2 4 2 2 2 5 15 11 51 64 50 46 64 45 48 31 32 39 51 54 53 72 43 26 24 6 13 24 31 18 8 4 3 3 2 2 5 2 1 1 1 1 0 0 0 0 0 0 0 0 1 1 1 1 1 3 10 20 43 34 39 36 56 35 35 26 8 9 18 11 6 2 1 2
0 3 1 2 3 11 15 15 12 11 8 16 2 8 1 6 2 1 1 1 1 1 1 1 3 3 15 11 19 10 17 44 79 56 70 88 87 70 68 62 25 67 72 64 77 61 57 30 25 25 19 14 14 5 4 9 8 4 2 1 1 2 1 0 0 0 0 0 0 0 0 0 2 3 2 1 2 2 6 8 42 59 55 24 22 67 29 32 23 26 10 9 5 4 2 2
0 1 0 2 2 7 5 13 21 12 4 1 3 0 2 4 2 23 1 5 23 13 5 2 2 1 2 5 6 12 14 15 21 70 57 82 87 82 79 68 65 33 76 77 78 55 60 37 24 22 10 8 3 4 1 1 2 2 2 1 1 0 0 0 0 0 0 0 0 0 0 1 1 3 4 2 2 4 6 8 33 60 45 18 52 51 35 51 48 23 18 14 9 5 7 4
0 0 2 6 9 2 5 13 12 8 4 2 1 0 1 1 0 0 8 6 8 26 16 4 2 1 4 6 6 14 12 20 27 21 16 56 86 57 80 49 59 58 53 68 65 56 34 16 35 29 18 13 14 10 5 2 2 1 1 1 1 0 0 0 0 0 0 0 0 0 0 1 2 5 13 6 4 6 13 22 47 64 34 33 51 18 9 15 20 7 7 12 6 6 3 1
0 0 1 0 1 2 3 3 4 3 2 1 1 0 0 1 0 1 1 4 3 1 32 15 3 1 4 10 9 16 16 12 24 31 18 22 55 72 66 64 63 53 58 46 52 60 50 25 10 25 21 17 12 13 8 3 2 1 1 0 0 0 0 0 0 0 0 0 0 0 1 1 2 4 12 18 7 7 10 44 52 77 31 37 62 22 20 15 8 5 4 7 5 3 1 0
0 0 0 1 0 1 1 1 3 3 2 1 0 0 0 0 1 2 4 9 2 2 2 16 15 2 7 26 23 22 31 24 31 43 36 27 27 61 47 52 26 33 22 33 31 29 9 30 15 13 17 9 7 9 7 5 3 2 1 2 1 0 0 0 0 0 0 0 0 1 1 2 2 4 5 22 34 15 32 36 70 64 57 74 26 27 28 20 22 21 8 8 5 3 1 0
0 0 0 0 0 0 0 1 1 2 0 0 1 1 1 0 1 4 5 3 1 1 3 30 11 8 9 9 3 10 16 20 33 35 36 41 23 20 24 18 31 18 9 10 15 22 17 20 9 8 10 8 6 4 3 3 2 1 1 1 0 0 0 0 0 0 0 0 1 1 1 2 5 4 7 9 56 13 21 57 72 53 60 66 55 44 30 52 40 8 8 4 2 1 0 0
0 0 0 0 0 0 0 0 1 1 1 1 0 0 1 1 1 3 6 6 3 2 2 5 7 5 7 20 5 25 36 24 22 33 31 45 43 24 16 9 9 15 19 18 24 23 14 6 8 10 7 5 4 4 3 2 2 1 0 0 0 0 0 0 0 0 0 1 1 2 4 2 1 6 27 24 53 32 40 63 72 68 50 57 38 22 22 41 24 15 4 3 1 1 0 0
0 0 0 0 0 0 0 1 0 0 0 0 4 7 13 5 2 1 1 2 5 5 3 15 25 16 14 17 14 19 33 34 38 40 36 48 46 62 43 17 18 11 12 10 11 9 9 5 3 5 4 5 5 3 2 1 1 0 0 0 0 0 0 0 0 0 1 1 1 2 3 4 2 8 23 18 49 67 47 63 67 68 66 61 39 46 29 28 22 13 6 4 1 1 0 0
0 0 0 0 0 0 0 0 0 0 0 1 0 0 2 21 3 1 1 1 5 3 5 8 3 11 23 47 50 42 32 43 46 53 52 45 49 56 65 57 28 18 17 19 18 10 6 6 8 5 8 8 3 2 2 1 2 1 0 0 0 0 0 0 0 1 1 2 5 6 5 6 4 10 44 22 12 57 85 62 66 70 61 50 38 21 6 16 20 10 4 2 1 1 1 1
0 0 0 0 0 0 0 0 0 1 3 2 1 1 1 1 1 0 2 2 3 10 6 6 15 15 6 14 22 56 61 57 64 71 59 44 59 71 73 59 33 29 23 30 27 27 13 22 10 4 2 2 2 2 1 1 1 1 0 0 0 0 0 0 1 1 2 5 8 10 10 13 9 15 40 52 17 49 68 60 57 38 26 14 18 26 11 11 10 5 3 2 2 2 1 1
0 0 0 0 0 0 0 0 0 0 0 0 1 3 2 1 2 2 1 3 8 5 5 10 8 22 11 3 4 48 35 69 83 64 64 63 48 56 67 65 55 57 41 24 33 39 16 17 11 5 4 4 1 2 1 1 1 1 1 1 0 0 0 0 1 1 2 6 9 19 16 28 12 13 36 58 53 36 69 42 29 18 28 19 15 7 5 7 13 9 4 3 3 2 2 1
0 0 0 0 0 0 0 0 0 0 0 0 0 1 0 1 2 7 2 5 3 5 7 7 7 18 17 10 9 7 11 10 52 53 52 48 36 56 49 34 28 19 16 13 20 32 14 11 8 7 5 3 1 1 0 1 1 1 1 0 0 0 0 0 1 2 5 7 7 14 39 25 31 12 18 54 50 75 45 30 35 22 20 19 24 9 11 11 8 3 3 6 6 3 2 0
0 0 0 0 0 0 0 0 0 0 0 4 1 0 0 2 2 4 4 2 1 3 2 5 9 9 16 16 29 32 17 30 32 23 11 24 32 39 25 30 15 15 7 11 11 12 9 14 5 4 3 2 3 2 0 1 1 1 1 0 0 0 0 1 1 2 2 2 4 5 17 43 59 16 11 41 31 67 30 42 25 23 14 21 21 16 14 5 9 7 7 10 3 2 1 0
0 0 0 0 0 0 0 0 0 0 1 3 1 0 1 2 8 5 5 2 2 3 3 7 11 18 35 35 18 14 11 14 32 37 27 22 41 45 39 34 35 26 42 30 15 12 14 12 9 5 2 2 2 1 1 1 1 1 0 0 0 0 0 0 1 2 4 9 6 4 10 16 37 47 27 28 64 51 41 33 17 30 28 17 9 16 19 13 17 17 7 6 2 1 1 1
0 0 0 0 0 0 0 0 0 0 0 0 1 1 1 3 7 2 6 2 4 3 4 7 44 59 48 19 38 50 45 24 44 42 36 34 44 58 46 40 49 36 25 23 19 17 24 25 12 7 6 4 6 4 3 1 1 1 0 0 0 0 0 0 2 3 8 13 15 8 6 8 26 48 59 34 72 51 49 52 44 24 31 36 28 23 31 21 14 17 14 4 4 2 1 1
0 0 0 0 0 0 0 0 0 1 1 1 1 1 4 3 13 5 1 5 4 11 9 18 37 66 63 34 19 29 33 30 20 24 33 26 29 38 35 58 65 37 40 36 43 34 27 26 14 9 10 10 6 3 2 1 1 1 0 0 0 0 0 1 2 6 17 16 10 10 11 18 23 23 18 69 71 51 41 40 29 34 51 41 40 45 37 42 24 17 7 3 2 2 1 1
0 0 0 0 0 0 0 0 1 4 8 2 0 2 3 2 2 2 1 3 7 8 14 52 30 18 43 41 32 48 56 44 23 14 19 19 34 43 52 50 38 38 66 58 60 47 25 13 9 7 3 5 5 2 2 1 1 0 0 0 0 0 0 2 4 10 17 18 18 27 25 23 50 55 44 51 68 59 32 39 41 51 48 29 38 37 33 19 25 8 4 3 4 2 1 1
0 0 0 0 0 0 1 2 9 6 17 13 2 2 6 6 3 0 1 2 2 2 5 30 7 14 32 57 60 69 84 39 57 36 21 14 26 70 53 55 63 16 20 9 12 23 13 16 8 8 5 6 4 3 1 1 1 1 0 0 0 1 1 2 7 21 17 18 13 46 67 24 58 74 76 60 47 48 42 27 38 35 39 53 41 33 20 17 17 12 9 8 5 4 1 0
0 0 0 0 0 0 0 0 0 2 1 1 2 3 3 4 4 2 2 2 3 3 11 19 3 3 5 31 39 27 47 79 48 61 58 52 50 50 42 44 55 52 38 45 38 22 22 27 14 11 10 4 3 2 1 1 1 1 1 0 0 1 3 5 9 17 21 19 16 15 45 71 41 64 74 72 58 38 55 44 56 58 39 28 36 33 20 13 14 23 16 11 4 2 1 0
0 0 0 0 0 0 0 0 1 1 1 2 2 3 4 4 6 2 1 5 7 6 10 31 7 1 9 5 15 27 10 24 56 47 65 62 40 14 15 14 32 35 31 39 48 48 27 13 19 15 7 9 7 2 2 3 1 1 1 0 1 2 6 10 21 32 19 17 45 38 27 25 67 74 61 72 54 52 73 69 28 25 26 33 29 20 28 18 20 9 7 3 1 1 1 0
0 0 0 0 0 0 0 0 0 1 1 1 1 3 2 2 4 0 1 2 2 15 14 33 17 7 9 13 21 17 18 7 6 15 18 16 17 16 16 11 8 15 13 17 36 36 20 29 23 18 14 9 7 5 4 3 2 1 1 0 1 3 6 17 27 30 21 34 35 63 46 45 30 31 51 54 71 65 43 47 40 52 46 53 39 29 40 31 12 5 4 3 1 0 1 1
0 0 0 0 0 0 0 0 0 0 1 1 1 2 2 5 4 1 1 1 4 15 24 26 9 2 10 22 17 29 32 12 36 44 48 40 39 33 33 17 13 14 43 51 50 29 31 25 28 24 19 12 9 6 5 4 2 1 0 0 1 3 13 23 22 40 29 40 40 36 80 59 47 35 21 64 46 68 56 54 58 70 67 57 43 50 32 23 9 5 4 3 1 1 1 2
0 0 0 0 0 0 0 0 0 0 1 1 9 12 10 23 9 2 1 1 8 15 26 21 9 21 5 21 23 35 20 44 39 27 33 36 29 30 15 25 49 58 33 34 25 34 26 22 29 21 22 15 9 7 5 5 2 1 1 0 0 1 7 24 55 46 30 47 41 36 35 54 65 21 15 31 69 80 75 67 63 62 62 64 55 35 32 18 25 9 4 2 1 2 1 5
0 0 0 0 0 0 0 0 0 1 3 1 9 13 19 3 1 1 0 4 8 11 21 28 32 11 17 17 15 16 23 65 29 29 35 39 39 25 36 39 64 55 51 47 49 45 41 31 41 28 27 16 11 9 6 2 2 1 1 1 1 1 6 18 44 40 55 62 50 69 64 65 63 31 32 50 66 63 67 59 57 55 52 55 42 32 29 30 28 18 5 3 2 3 3 9
0 0 0 0 0 0 0 0 0 2 2 3 4 41 4 2 3 2 1 5 6 9 15 7 7 6 33 7 20 16 40 26 39 49 39 39 39 42 52 46 38 53 57 62 56 58 45 50 40 19 15 12 9 11 8 4 2 1 1 0 1 2 7 16 35 34 34 54 73 60 75 64 68 35 56 60 64 67 49 48 52 53 40 31 31 29 26 22 17 15 10 7 2 6 9 9
0 0 0 0 0 0 0 0 1 1 2 2 1 6 2 0 2 3 6 4 6 16 16 7 5 17 9 15 25 49 53 48 43 45 35 38 52 52 57 52 58 69 70 51 45 60 58 51 32 26 18 14 10 7 6 6 4 2 1 0 1 4 8 18 25 37 32 39 65 81 74 68 60 82 69 45 36 41 52 53 48 49 50 41 29 35 18 30 15 10 11 7 3 9 10 9
0 0 0 0 0 0 0 0 2 0 2 1 1 0 0 0 2 2 2 4 8 6 6 17 18 6 8 29 55 16 16 17 38 35 43 52 54 53 52 52 57 67 52 56 66 57 59 57 29 27 21 14 11 6 5 7 3 2 2 1 1 2 13 23 38 35 36 35 38 40 54 57 59 70 17 42 43 42 38 39 40 38 34 51 41 37 31 25 14 13 11 5 5 13 11 19
0 0 0 0 0 0 0 0 1 1 2 1 1 2 2 1 0 1 1 6 11 6 33 33 8 11 17 29 16 19 21 25 34 28 41 49 53 53 45 73 58 48 50 62 32 49 63 60 51 40 13 12 9 11 10 5 4 4 2 1 0 2 5 20 30 38 72 52 55 53 47 30 46 64 45 54 56 41 42 41 47 42 46 46 39 15 14 11 13 23 12 4 9 23 26 26
0 0 0 0 0 0 0 0 1 3 2 0 1 2 2 2 1 0 1 6 5 27 17 7 9 28 14 15 15 21 24 26 19 30 35 55 38 38 61 53 46 66 73 41 59 57 56 55 40 22 15 20 19 14 12 10 8 5 2 1 1 2 9 15 25 53 71 83 52 61 50 32 34 71 76 39 48 55 58 39 38 41 51 41 25 11 24 19 14 9 4 2 13 25 27 28
0 0 0 0 0 0 1 1 2 5 0 0 1 0 0 1 1 1 3 7 5 7 2 6 22 5 4 12 15 19 37 27 20 35 42 45 44 59 65 66 46 41 47 57 52 56 41 42 34 29 25 31 26 11 12 9 9 4 3 1 1 3 7 18 34 47 66 76 70 68 52 54 59 74 47 41 39 41 48 52 38 70 53 28 33 36 26 16 8 3 2 7 18 27 28 32
0 0 0 0 1 0 0 1 2 1 0 0 1 1 1 1 3 2 7 3 2 2 1 8 6 9 11 22 27 25 22 16 21 25 47 34 71 65 66 40 28 29 39 55 62 56 51 50 47 40 36 32 19 11 8 7 6 5 4 3 2 5 11 24 45 53 47 47 69 79 70 33 44 71 40 45 68 65 62 68 62 46 43 40 40 38 15 13 7 5 6 16 24 29 23 33
0 0 0 0 0 0 0 0 0 0 0 0 1 1 2 2 1 3 4 11 7 6 1 5 8 17 19 33 16 10 18 20 32 32 65 32 17 13 14 31 35 54 66 69 68 61 52 52 35 46 27 22 26 12 14 7 6 6 5 4 3 10 19 25 50 52 47 29 49 69 70 47 59 66 42 27 48 72 71 69 67 38 44 44 39 33 15 10 17 7 17 21 13 35 36 38
0 0 0 0 0 0 0 0 1 1 0 1 1 0 1 0 1 8 4 3 3 5 6 5 16 11 14 18 11 14 36 28 21 67 20 13 40 43 46 43 61 68 62 68 70 71 62 54 38 38 32 29 27 22 18 15 11 7 6 3 7 13 35 64 59 56 43 49 57 59 70 44 47 60 70 50 52 54 68 71 57 61 42 46 40 28 17 5 7 17 19 11 20 27 53 39
0 0 0 0 0 0 0 1 0 1 2 1 0 0 0 1 1 1 3 6 4 7 3 5 12 14 10 14 17 19 19 23 34 24 6 24 29 38 51 82 61 57 68 70 70 69 55 47 39 31 34 30 30 16 20 12 14 12 7 7 10 27 27 53 56 52 48 58 59 51 76 69 50 66 66 51 58 59 57 54 61 49 39 35 36 20 9 3 7 25 12 22 30 33 56 37
0 0 0 0 0 0 0 0 0 1 0 0 0 0 1 0 3 1 1 6 16 6 2 3 20 11 19 15 14 12 36 68 40 5 14 37 27 59 67 61 60 71 70 54 59 58 57 54 37 39 35 34 32 29 24 20 17 17 10 10 12 17 26 34 56 71 58 74 74 61 53 53 58 59 71 70 54 51 42 43 48 42 36 38 28 15 6 4 19 23 26 44 52 40 48 36
0 0 0 0 0 0 0 1 0 0 0 1 0 0 0 6 2 2 2 6 6 2 6 9 2 13 13 7 34 21 48 32 7 12 42 16 39 33 47 72 75 58 46 78 70 49 55 56 51 46 39 37 33 30 28 26 22 12 14 16 19 35 24 27 30 55 75 77 72 71 78 76 53 64 51 48 32 40 53 57 42 45 32 36 28 7 5 19 17 27 41 50 45 30 44 45
0 0 0 0 0 0 0 0 0 0 0 0 0 0 0 3 1 0 0 1 1 3 9 3 2 5 4 6 37 34 32 5 9 20 32 64 33 42 62 66 66 56 65 36 49 44 57 68 53 49 46 41 38 32 31 29 16 10 19 30 24 41 36 40 40 52 59 83 62 58 40 65 48 32 33 47 57 47 41 42 40 26 39 27 11 7 14 19 30 27 33 42 57 46 48 45
0 0 0 0 0 0 0 0 0 0 0 0 0 0 1 5 1 1 1 1 8 2 4 1 4 9 6 22 40 17 9 6 10 14 49 55 53 41 48 52 54 62 49 38 45 75 62 57 53 66 51 45 43 37 35 30 17 13 31 38 56 60 45 48 39 53 66 66 77 56 45 39 47 54 46 63 48 50 43 45 32 36 20 12 8 14 28 33 29 46 44 33 35 44 39 33
0 0 0 0 0 0 0 0 0 0 0 1 0 1 3 1 1 0 3 4 2 4 2 4 16 4 6 28 17 13 12 11 25 31 57 40 45 46 41 29 31 53 66 57 65 56 61 61 69 55 54 62 29 39 35 22 12 30 43 44 70 66 50 62 48 37 46 75 74 31 66 43 42 53 56 54 51 53 51 39 32 33 14 17 14 27 32 38 33 36 46 34 34 45 49 39
0 0 0 0 0 0 0 0 0 0 0 0 0 2 0 0 1 1 2 4 2 2 2 3 6 4 6 18 7 5 13 10 32 39 44 47 27 36 33 39 48 54 57 73 56 57 57 74 57 56 69 53 50 43 27 23 14 29 57 56 60 71 56 64 65 49 49 53 78 29 38 66 67 50 50 51 61 50 57 54 36 30 10 10 15 30 40 48 53 50 48 47 36 39 58 48
0 0 0 0 0 0 1 0 0 0 1 0 1 0 1 1 1 0 0 2 1 3 4 4 4 8 10 1 4 8 21 22 38 47 10 8 34 28 37 34 37 50 59 68 69 55 75 52 71 73 53 52 52 49 30 28 17 31 57 65 59 68 48 52 67 42 63 41 62 34 35 64 39 58 56 54 51 53 69 46 40 12 10 16 29 34 42 49 37 27 37 58 29 32 49 67
0 0 0 0 0 0 0 0 0 0 0 0 1 0 0 0 0 0 0 0 1 2 4 3 3 7 2 2 5 4 16 4 22 15 7 19 14 16 23 45 52 56 61 66 58 44 63 71 67 60 62 53 51 50 47 29 28 34 63 76 71 67 59 46 66 62 32 36 72 30 53 48 47 52 48 45 53 32 32 35 15 10 16 32 33 42 51 50 30 34 45 27 18 22 34 64
0 0 0 0 0 0 0 0 0 0 0 0 0 0 1 2 1 0 0 0 0 2 2 1 2 3 3 14 13 11 26 21 31 15 7 7 18 18 22 21 27 53 39 48 62 34 30 30 49 52 63 57 51 51 35 20 36 50 63 66 83 73 49 49 54 59 51 18 54 9 15 27 40 51 54 59 59 58 47 45 18 11 19 33 34 60 63 53 41 36 43 44 36 21 32 49
0 0 0 0 0 0 0 0 0 0 0 0 2 0 1 1 2 1 1 1 3 3 2 3 5 4 4 0 1 4 20 4 8 4 7 16 9 14 13 16 44 42 32 53 29 36 39 52 54 67 56 60 56 39 34 23 37 52 65 66 72 51 52 62 61 37 35 33 47 18 23 23 23 18 38 49 46 49 32 29 12 20 33 35 39 63 56 26 38 51 32 50 25 27 34 55
0 0 0 0 0 0 0 0 0 0 0 1 2 2 1 2 2 0 1 3 3 1 1 3 4 3 0 2 2 6 6 3 2 11 15 12 18 16 19 34 26 38 53 30 37 38 56 53 64 53 54 55 57 38 18 36 43 74 65 65 63 65 49 70 61 42 32 47 29 18 37 48 50 56 58 54 45 22 18 10 15 34 34 38 41 66 66 23 25 48 33 53 29 29 36 68
0 0 0 0 0 0 0 0 0 0 1 0 1 1 0 0 0 0 1 3 3 1 4 1 4 6 1 1 2 12 3 2 4 11 27 11 14 19 31 12 43 37 27 41 38 53 56 68 68 58 68 54 40 41 27 43 46 67 76 56 62 66 47 36 52 52 28 30 32 46 52 36 41 43 35 45 36 24 10 28 23 37 42 55 47 64 68 35 34 37 20 56 31 33 35 51
0 2 0 4 4 2 1 1 1 0 1 0 0 0 1 0 0 1 2 2 2 1 3 0 1 1 1 2 2 7 3 5 30 14 8 8 12 16 17 39 55 43 53 29 42 63 68 54 54 72 62 46 41 42 28 55 68 57 63 69 54 63 65 32 64 60 25 25 38 46 33 36 53 42 46 28 35 31 19 38 40 37 43 55 42 47 54 47 52 33 32 60 29 32 27 44
1 2 3 1 3 10 2 1 0 0 0 0 0 0 0 0 0 3 3 1 1 2 1 1 2 6 1 1 2 5 6 30 6 3 9 12 5 4 22 31 34 22 61 46 52 67 37 50 66 59 48 45 40 39 41 55 64 66 61 68 50 52 55 49 42 50 26 11 24 53 37 47 48 54 43 43 46 41 32 38 41 50 47 53 41 34 48 44 42 39 37 56 31 25 36 40
0 0 1 0 0 1 2 2 0 0 0 0 0 1 1 0 1 1 0 1 1 1 3 1 4 5 1 1 5 12 18 34 8 10 13 2 3 5 10 24 22 34 54 55 52 53 53 52 55 54 46 44 38 40 48 45 60 72 64 49 67 36 47 46 33 16 9 7 6 23 38 57 55 44 39 38 33 14 25 35 38 53 47 52 35 51 64 64 47 41 32 41 49 14 36 44
0 0 0 0 0 0 0 0 0 0 0 0 0 0 1 0 1 1 0 0 0 1 1 1 5 2 0 1 2 4 3 4 9 8 6 9 5 2 30 11 19 16 46 32 57 42 46 35 55 57 38 39 35 34 44 60 61 72 67 60 50 53 36 34 6 7 17 30 23 32 36 45 44 31 29 26 12 23 39 35 39 53 54 37 45 46 57 60 46 42 30 40 47 17 22 52
0 0 1 0 0 0 0 0 0 0 0 0 0 0 0 0 1 0 1 1 0 4 4 2 5 1 1 1 1 1 1 11 9 6 11 8 13 3 21 17 3 18 46 43 50 45 47 57 51 49 44 36 36 59 58 48 65 54 59 33 48 40 16 17 13 11 21 37 31 22 49 52 62 57 47 16 21 24 37 47 55 40 51 38 49 61 58 53 42 41 32 29 47 40 17 31
0 0 0 0 0 0 0 0 0 0 0 0 0 0 0 0 0 2 0 1 5 1 3 3 7 3 1 1 1 4 7 4 6 18 6 11 11 6 49 20 6 30 12 44 39 33 52 30 46 42 37 38 31 58 65 50 54 45 53 55 25 23 22 14 13 8 12 17 21 19 43 51 59 69 36 18 24 36 32 56 55 47 45 49 33 55 60 56 46 48 17 36 38 31 24 18
0 0 0 0 0 0 0 0 0 0 0 0 0 0 0 1 0 1 0 1 1 6 2 5 2 1 0 0 0 3 6 2 3 7 11 20 8 10 35 26 15 34 11 45 30 25 34 26 42 39 47 31 30 48 53 80 32 36 32 23 27 12 13 12 6 9 18 16 22 24 48 51 33 51 25 19 38 40 35 39 53 46 44 42 47 55 53 68 53 35 23 37 43 19 23 15
0 0 0 0 0 0 0 0 0 0 0 0 0 0 1 1 0 0 0 0 0 0 0 1 0 0 0 0 2 1 5 5 9 7 9 11 5 5 11 39 18 25 22 33 10 34 24 38 44 27 41 31 36 30 52 57 52 35 21 8 14 9 6 12 7 10 19 16 32 29 39 44 37 25 23 37 37 35 36 31 37 51 57 49 42 54 62 57 62 28 19 54 29 36 22 11
0 0 0 0 0 0 0 0 0 0 0 0 0 0 1 0 0 0 1 0 0 0 1 1 1 3 1 1 0 1 2 4 7 7 9 7 7 6 3 23 44 35 21 12 11 17 18 32 27 12 32 26 27 26 36 58 43 32 13 5 8 2 2 2 4 5 12 26 34 44 53 35 24 16 41 35 40 55 49 37 28 42 42 50 51 73 37 65 41 25 20 53 31 46 15 12
0 0 0 0 0 0 0 0 0 0 0 0 0 0 0 0 0 0 0 0 0 0 0 2 5 0 1 0 1 0 0 1 1 6 4 2 8 5 5 13 48 38 13 8 11 16 37 14 25 10 17 27 23 41 36 30 29 19 19 4 7 3 4 2 7 16 17 24 33 27 36 38 10 19 30 33 49 42 36 23 32 15 42 50 50 34 59 46 49 33 20 41 26 38 29 10
0 0 0 0 0 0 0 0 0 0 0 0 0 0 0 0 1 0 0 0 1 1 1 1 1 1 2 1 0 0 2 2 1 2 2 3 9 1 1 14 16 30 15 11 7 50 21 12 11 18 30 30 18 32 49 22 45 9 12 11 5 5 5 3 6 7 10 18 38 45 24 15 18 29 27 32 25 29 23 8 21 24 37 37 40 47 50 40 15 33 11 32 49 18 8 14
0 0 0 0 0 0 0 0 0 0 0 0 0 0 0 0 0 0 0 0 0 0 0 1 1 7 1 1 1 0 3 2 3 3 3 3 4 2 3 6 17 15 21 14 12 59 18 20 12 16 23 18 25 46 55 21 36 11 6 6 5 1 1 10 9 12 18 22 48 20 14 16 30 26 24 29 37 37 28 20 25 32 44 48 46 39 34 52 11 24 14 15 46 8 7 10
0 0 0 0 0 0 0 0 0 0 0 1 0 0 0 0 0 0 0 0 0 0 1 2 3 1 1 1 0 0 1 4 3 6 5 8 6 4 4 6 16 22 20 15 15 16 18 28 18 8 9 23 36 33 35 23 16 8 4 5 3 1 2 4 9 17 23 27 23 25 27 25 23 29 38 15 19 37 25 18 27 28 25 52 33 26 13 24 20 17 36 12 27 10 9 11
0 0 0 0 0 0 0 0 0 0 1 0 0 0 0 0 0 0 0 0 0 0 3 2 1 2 3 7 2 3 1 4 4 12 5 11 3 8 7 5 9 5 14 21 4 16 19 28 18 14 19 29 25 20 21 8 9 8 3 3 1 2 2 3 5 12 11 30 44 25 27 23 21 37 26 11 14 37 34 21 20 25 21 20 33 28 6 10 17 35 16 14 10 6 12 19
