sesion_6_simulaciones/modelos_agentes/ejemplos_netlogo/scenarios/echam4_a2/rob_2038.asc
NCOLS 322 
NROWS 307 
XLLCORNER 451900 
YLLCORNER 4086900 
CELLSIZE 100 
NODATA_value -9999 
[rows 148 to 221 of 307, columns 0 to 95 of 322]
0 16 15 13 22 35 30 19 7 4 6 59 52 57 51 55 70 56 41 56 27 38 11 5 0 1 0 2 1 0 3 1 1 3 1 5 2 5 3 4 21 20 18 14 24 11 27 25 15 28 15 17 28 11 20 35 31 16 10 29 42 43 35 25 38 54 57 37 44 73 67 63 37 46 67 76 22 18 17 33 29 23 9 12 41 29 8 5 23 15 12 16 29 25 13 29
7 18 22 29 38 46 32 48 44 11 15 34 48 70 69 70 81 47 57 56 54 42 12 22 5 1 1 1 1 2 10 7 1 3 1 2 2 4 3 6 11 8 4 11 22 64 33 25 11 13 9 25 27 24 7 7 8 5 31 26 25 60 39 28 40 63 60 60 61 68 42 21 16 49 37 26 56 11 12 36 30 17 22 14 6 31 12 7 5 8 4 18 10 28 16 5
3 2 8 34 25 54 47 13 27 39 19 23 78 78 77 49 82 67 68 74 55 24 16 9 14 6 1 4 2 3 1 11 3 8 10 9 3 8 11 9 6 5 11 39 54 34 21 16 13 12 12 16 16 16 29 21 28 29 31 32 47 60 34 31 62 63 71 73 53 15 57 35 32 41 59 23 26 8 2 8 19 19 12 21 9 9 24 14 5 7 4 2 6 7 11 4
1 3 7 4 6 6 6 8 12 11 28 11 32 66 64 55 78 74 70 23 10 11 24 25 36 21 8 2 3 1 2 4 35 24 28 38 48 9 4 10 23 27 52 46 15 16 8 16 10 8 19 17 19 16 20 16 36 39 42 44 64 58 54 39 60 74 65 50 76 41 21 55 58 25 28 10 21 37 16 7 9 14 16 8 11 5 8 23 15 7 6 3 2 5 9 7
17 5 4 4 7 6 9 14 15 21 12 34 17 9 7 8 11 10 17 23 16 49 49 38 59 19 45 12 11 11 8 9 26 2 1 1 7 48 6 4 22 13 24 29 25 38 37 46 21 11 19 19 26 21 7 21 27 60 37 60 60 65 74 88 86 73 69 42 42 84 42 35 31 36 19 5 9 9 29 19 9 9 17 13 6 10 6 7 18 5 4 3 1 1 3 3
23 19 15 9 11 7 8 19 3 8 30 22 18 26 17 17 11 27 39 53 80 60 79 49 46 25 20 20 13 38 22 2 1 3 4 1 3 5 22 5 2 55 12 15 22 14 6 13 30 18 29 36 34 24 9 15 24 48 72 60 80 69 80 79 79 77 69 25 34 70 73 53 33 20 25 15 11 8 14 10 15 9 8 12 8 6 4 4 23 12 2 2 2 1 3 4
53 26 47 33 27 25 34 8 12 7 12 18 20 46 44 16 7 22 55 60 73 85 68 82 59 50 53 49 24 29 59 43 15 2 6 6 14 12 10 23 4 36 17 14 30 4 9 14 9 30 39 49 59 44 44 23 30 48 66 68 52 41 76 78 75 67 64 50 32 46 78 26 29 17 10 8 14 4 13 26 8 12 9 5 4 3 4 3 5 3 7 2 1 1 1 1
63 49 60 39 49 36 29 37 9 7 16 11 49 33 14 35 25 18 16 57 70 62 58 67 47 47 57 51 26 9 26 67 68 45 31 13 15 18 18 25 11 33 63 26 29 17 8 8 9 16 15 18 34 11 16 44 33 59 45 27 25 26 31 54 54 22 31 19 47 58 51 46 21 15 18 6 7 9 9 16 12 7 9 6 3 3 3 2 2 2 3 5 2 1 1 0
35 56 50 71 75 47 25 66 17 7 15 17 17 18 38 42 27 42 29 17 20 53 62 22 37 62 38 67 38 9 9 10 43 68 54 31 21 18 15 22 21 35 69 20 28 28 21 28 32 35 33 38 26 25 32 27 43 72 57 54 55 50 25 15 8 24 20 25 18 30 32 46 49 21 10 5 6 8 10 13 13 19 4 5 3 2 2 1 1 2 2 0 4 1 0 0
63 78 63 82 66 26 59 78 29 28 31 14 40 65 50 30 50 37 31 21 24 24 17 51 40 16 27 58 68 29 22 15 11 61 54 51 56 48 45 53 48 27 65 68 33 26 33 39 38 39 49 62 32 48 54 29 23 46 57 44 39 26 14 23 22 7 3 14 32 34 35 42 18 19 9 7 10 8 13 9 10 7 8 3 2 2 1 1 1 1 1 1 1 2 1 0
44 80 38 79 40 66 70 71 18 42 47 24 18 14 32 35 40 67 59 70 27 19 25 22 27 24 39 78 37 77 31 43 35 56 24 48 49 78 52 42 50 27 49 68 74 34 31 26 53 37 39 30 25 47 54 28 44 75 74 75 38 48 53 41 34 15 12 18 22 22 21 26 20 10 15 4 7 11 9 9 5 3 4 4 1 1 0 0 0 1 1 1 1 1 1 1
15 71 53 68 64 72 69 26 36 60 55 40 34 21 20 13 17 29 29 66 41 14 22 24 64 66 61 67 31 72 74 26 27 35 60 68 57 80 87 53 47 18 27 63 71 62 54 38 53 18 14 22 55 52 43 37 43 33 27 29 24 40 56 48 45 30 26 23 16 17 18 16 10 14 4 6 5 6 4 3 3 2 1 2 3 2 1 2 1 0 0 0 1 1 0 0
16 15 11 53 67 67 26 30 70 43 60 72 55 41 25 31 36 34 42 23 32 51 44 17 53 55 64 72 71 39 83 79 37 17 33 76 74 61 57 64 68 21 29 66 81 84 50 40 44 43 31 25 74 41 83 85 84 72 82 72 52 29 36 31 31 25 25 24 18 10 10 15 11 11 5 8 3 3 3 4 2 1 1 3 1 1 1 1 1 1 1 0 0 0 0 0
16 59 36 27 18 43 35 75 77 51 49 64 34 51 18 36 30 30 41 28 33 36 36 17 62 71 63 85 77 59 73 85 78 45 38 12 30 59 43 23 34 23 16 81 82 79 64 66 57 67 87 92 79 52 44 78 73 40 43 62 59 37 47 35 29 20 16 27 18 7 8 7 8 7 5 5 4 4 2 2 1 1 0 1 1 0 1 1 0 0 0 0 0 0 0 0
44 50 36 54 44 21 51 81 72 77 14 49 66 63 74 39 56 28 24 22 24 12 40 61 83 60 84 89 74 74 51 66 80 54 51 28 58 75 83 82 63 50 34 47 82 69 59 87 59 63 83 82 88 60 40 82 87 61 45 32 70 67 26 53 31 26 14 15 12 8 9 6 6 4 4 4 3 2 2 1 1 1 1 1 1 0 0 0 0 0 0 0 0 0 0 0
36 34 62 37 31 12 45 65 49 80 32 42 72 58 72 54 30 47 37 52 55 57 18 52 66 73 82 83 61 82 66 81 69 71 70 75 68 77 82 74 18 60 66 35 17 48 60 80 64 55 76 72 74 79 43 54 74 90 65 45 54 34 33 29 31 38 33 22 11 6 9 5 3 2 2 1 2 1 0 0 0 0 0 0 0 0 0 0 0 0 0 0 0 0 0 0
27 21 12 29 42 40 16 78 31 30 31 48 56 15 43 58 35 42 35 65 64 39 37 18 50 83 75 83 65 85 70 70 61 51 65 69 81 73 74 81 75 56 25 22 10 14 56 73 55 25 39 69 76 81 77 82 84 79 86 46 31 36 29 35 28 25 31 11 7 11 4 3 2 2 1 0 0 0 1 1 1 0 0 0 0 1 1 1 2 0 1 2 1 2 2 1
15 30 46 37 22 17 18 36 44 41 63 55 64 64 31 50 42 57 23 19 36 69 46 27 13 29 32 68 65 39 17 18 15 32 30 25 65 44 50 64 66 58 49 21 8 14 58 61 50 40 30 25 50 79 77 71 58 57 77 73 31 19 26 25 27 22 10 13 7 2 2 3 2 1 1 1 0 0 0 0 1 1 1 1 3 4 5 4 2 1 2 5 4 7 5 2
29 20 18 16 29 23 26 19 21 20 39 68 65 71 22 20 29 61 63 43 33 28 47 15 30 40 32 31 21 29 44 33 44 41 60 32 27 23 22 23 19 37 28 15 15 21 47 52 61 39 37 33 8 43 40 49 49 60 39 54 44 19 38 36 27 13 11 6 5 3 3 2 1 0 1 1 0 0 0 1 5 5 3 6 8 10 9 13 8 9 22 22 8 14 6 4
19 20 26 51 42 44 37 31 37 36 47 12 17 24 34 45 32 18 63 65 56 30 28 10 30 60 59 48 34 38 57 63 34 63 32 26 28 35 37 34 23 14 22 23 36 37 57 55 61 49 34 17 19 16 23 49 20 14 12 33 18 22 19 11 15 8 4 6 4 2 1 1 1 1 1 1 1 0 4 6 12 13 14 20 21 35 30 18 16 20 5 2 3 3 3 10
25 31 47 30 27 35 37 25 42 62 19 27 48 46 28 47 11 17 21 26 37 23 20 18 35 32 51 45 65 28 57 47 40 45 31 28 37 61 31 59 38 20 14 14 16 25 36 48 42 43 27 42 37 24 30 29 25 18 21 24 41 31 15 4 6 5 4 1 2 1 1 7 6 3 3 4 2 3 9 26 39 32 34 56 41 36 33 22 25 20 7 2 1 1 2 6
45 64 60 65 32 27 32 29 45 53 31 33 48 46 43 25 30 26 41 40 27 32 36 21 35 32 30 53 28 36 49 47 50 39 29 31 27 52 27 60 43 34 28 10 6 5 22 23 64 64 38 30 61 31 16 36 40 47 37 24 27 13 6 4 4 3 1 1 3 3 8 13 18 5 8 10 5 11 30 39 59 74 34 59 35 29 20 20 17 12 7 4 1 1 0 1
16 14 9 12 18 19 46 45 59 36 41 20 37 53 23 11 19 21 27 23 13 11 10 21 30 27 24 31 40 45 41 40 25 33 23 10 35 28 46 60 39 40 54 28 31 15 9 23 22 52 33 44 32 14 15 27 26 19 12 7 5 4 2 1 1 0 3 9 16 11 22 31 28 16 25 15 7 21 46 51 79 55 36 25 14 2 2 10 4 4 3 1 1 0 0 2
22 34 23 42 36 43 30 45 40 35 15 19 30 40 47 42 45 21 18 16 21 7 10 29 59 49 31 27 43 25 20 38 68 38 23 12 34 21 59 23 54 35 46 40 25 14 19 21 12 28 37 29 12 19 15 12 31 10 6 4 2 7 7 11 4 7 13 27 27 28 30 44 28 26 31 22 19 35 57 68 65 42 20 12 7 3 2 2 4 1 1 1 1 0 0 0
17 17 17 38 56 19 23 30 28 35 30 22 46 31 60 44 33 52 41 30 57 27 32 25 50 61 35 57 21 28 39 26 56 54 30 21 25 35 39 19 26 27 39 44 18 29 20 13 13 18 19 24 19 17 16 13 6 2 2 11 10 21 22 21 13 15 30 38 55 57 40 53 54 50 35 42 52 58 61 58 48 53 25 11 5 5 3 1 6 2 1 0 0 0 0 1
22 13 25 39 24 25 22 39 46 35 46 54 48 35 28 27 63 62 38 41 42 32 50 28 34 54 66 44 23 24 18 19 19 19 33 42 12 16 47 43 40 46 36 25 36 26 25 23 14 19 20 22 31 21 10 7 8 12 18 35 30 28 41 30 22 38 44 46 64 49 54 65 75 42 46 55 65 70 76 49 17 12 12 13 7 3 2 1 1 1 0 0 0 0 0 0
17 25 34 29 15 54 40 32 58 66 74 68 61 67 39 20 24 43 39 47 14 35 61 32 40 32 54 67 43 59 40 33 27 28 47 58 24 36 47 56 49 13 14 26 20 25 13 11 20 25 24 38 25 16 20 12 17 21 40 39 37 36 49 37 32 44 55 40 69 65 53 78 64 50 58 77 64 66 26 75 46 37 12 6 6 4 2 2 1 0 0 0 0 0 0 0
16 20 28 22 15 15 22 32 29 38 53 70 51 52 64 23 35 32 24 22 25 58 62 42 25 32 19 42 28 34 27 28 42 39 56 48 27 44 56 54 43 22 10 10 18 18 22 36 21 21 37 25 19 35 20 17 27 45 48 57 50 48 50 38 41 68 70 58 74 72 71 71 84 82 55 61 65 64 24 18 31 41 20 12 4 2 2 2 1 0 0 0 0 0 0 0
16 18 43 17 30 12 19 16 31 39 17 21 18 20 28 41 41 35 63 31 45 61 40 54 17 53 27 54 25 21 32 37 38 34 43 36 38 33 49 51 41 20 7 16 19 20 27 27 27 27 28 40 28 21 21 35 46 47 46 51 49 39 58 52 56 74 72 70 67 84 76 70 65 74 28 26 16 42 47 23 10 21 10 5 3 2 2 1 0 1 0 0 0 0 0 0
18 41 34 64 10 59 48 7 33 25 40 26 53 31 42 36 42 31 31 33 22 47 25 40 31 25 31 32 17 39 40 34 35 38 38 27 33 25 36 52 37 30 30 37 46 21 32 22 41 51 47 58 42 27 40 45 48 58 41 48 66 52 66 69 61 73 56 75 39 57 81 80 76 60 74 56 37 14 9 16 10 6 12 9 6 4 3 4 1 0 0 0 0 0 0 0
58 36 16 28 50 27 14 33 34 41 25 44 25 24 54 31 33 7 30 39 35 14 27 35 26 18 26 10 18 11 15 30 28 58 20 22 22 34 34 15 23 37 16 22 19 31 15 31 46 59 53 51 44 43 40 60 51 60 58 50 59 67 60 65 66 74 54 51 76 39 74 76 56 69 75 80 61 54 49 29 18 11 4 2 4 5 2 2 1 1 0 0 0 0 0 0
40 74 36 42 12 22 17 32 25 29 51 19 26 49 54 60 62 23 25 50 30 21 9 17 34 12 18 14 14 8 11 31 36 33 15 20 21 21 51 33 22 35 17 57 30 28 33 26 52 59 45 42 43 43 41 47 67 61 57 73 72 81 67 57 66 31 46 40 42 51 36 64 42 51 69 72 74 83 63 44 41 45 36 17 3 2 2 2 1 0 0 0 0 0 0 0
17 25 17 17 36 42 24 22 28 35 40 24 41 23 15 17 13 20 25 35 52 18 28 17 21 13 13 6 10 16 19 28 20 18 19 14 21 37 48 35 21 18 34 60 18 46 33 38 47 68 38 41 42 41 41 47 63 71 58 70 81 55 43 72 71 64 49 27 19 7 14 16 24 26 49 60 53 59 65 38 59 41 25 6 4 4 3 2 2 1 0 0 0 0 0 0
15 18 33 25 25 36 33 20 8 31 5 9 22 24 57 27 45 19 21 22 35 21 16 21 16 17 23 11 9 10 21 14 16 28 6 7 14 45 26 24 14 28 29 45 39 32 39 44 55 47 33 49 38 40 53 39 65 77 79 61 68 73 32 17 15 22 29 46 38 27 12 8 4 12 22 40 31 53 69 27 38 58 22 11 7 3 2 2 1 1 0 0 0 0 0 0
11 44 27 14 15 22 18 15 7 8 11 15 13 33 33 23 31 34 31 30 19 42 14 31 16 17 32 7 7 15 8 11 25 15 18 28 30 50 9 8 19 37 34 47 40 28 34 35 45 30 52 65 52 58 57 54 64 64 65 44 46 60 31 30 55 68 74 57 54 37 29 35 9 3 6 25 19 42 61 41 24 20 17 10 5 4 3 2 1 1 1 1 0 0 0 0
11 21 19 20 18 17 15 11 4 2 5 12 22 10 17 26 22 31 15 8 6 8 12 7 6 24 16 8 14 11 7 7 17 10 4 10 19 25 18 19 25 27 49 52 25 29 39 36 47 47 68 78 60 79 73 85 72 64 71 44 32 14 63 54 22 51 70 57 61 60 58 32 13 11 4 4 5 12 38 15 11 4 3 7 2 3 1 1 1 1 1 1 0 0 0 0
25 3 7 17 4 11 5 1 2 1 2 1 3 7 21 9 7 9 17 8 7 4 5 6 3 7 6 9 15 6 2 3 3 8 9 5 22 16 9 19 29 50 71 83 72 70 56 55 52 31 76 48 83 74 64 71 44 51 69 77 30 26 23 76 36 30 48 65 52 44 65 61 63 29 16 4 2 1 1 1 2 2 1 3 3 1 1 0 0 1 0 0 0 0 0 0
1 2 6 4 4 4 2 1 1 3 10 1 2 3 3 11 9 7 10 6 6 5 6 7 2 2 4 6 4 2 0 1 2 15 37 37 52 60 70 72 73 83 62 84 75 82 76 27 57 69 40 37 62 61 67 70 46 71 75 59 55 38 18 49 73 29 10 30 57 71 55 50 24 19 25 17 5 2 2 1 2 2 1 1 3 2 0 1 0 0 0 0 0 0 0 0
1 2 3 1 1 1 5 20 33 6 12 10 21 2 2 6 5 3 4 3 3 1 2 1 2 2 10 12 14 2 1 3 4 3 7 39 54 66 67 69 64 78 64 64 78 81 80 46 34 39 82 60 29 56 25 36 35 71 84 68 52 46 32 27 81 39 37 17 32 48 72 17 8 14 16 22 14 11 7 4 1 1 0 1 1 2 1 0 0 0 0 0 0 0 0 0
3 5 5 7 7 18 26 12 16 21 23 9 13 8 4 3 2 1 2 2 1 1 11 9 24 23 8 4 11 3 1 13 10 5 9 11 18 62 66 74 58 46 45 45 67 81 87 87 39 40 59 65 45 27 50 19 50 58 78 74 25 36 29 16 77 55 24 21 18 62 64 74 34 23 14 8 5 3 2 2 4 3 1 0 0 0 1 1 0 0 0 0 0 0 0 0
13 13 8 34 23 27 32 45 49 43 22 19 23 10 8 2 1 2 1 2 2 1 1 2 4 7 19 16 4 5 5 4 8 18 3 10 29 50 58 69 63 38 25 36 52 79 86 82 88 84 35 46 41 39 23 17 33 56 70 74 27 28 34 27 49 84 55 31 15 8 11 27 13 13 8 17 11 3 2 1 1 1 2 1 0 0 0 1 0 0 0 0 0 0 0 0
12 26 28 34 48 40 54 35 63 53 32 51 41 16 45 25 24 9 3 1 1 1 1 1 2 3 6 23 3 3 6 3 18 13 21 20 16 15 8 5 54 58 24 41 32 40 63 66 83 88 81 52 51 63 37 46 28 61 74 64 66 24 40 31 20 75 85 59 36 11 6 7 28 16 8 7 9 9 3 2 1 1 1 1 1 0 0 1 0 0 0 0 0 0 0 0
2 5 9 44 58 45 76 75 77 75 62 61 35 54 67 56 30 12 24 7 4 2 3 3 4 11 24 7 6 7 5 15 32 17 22 33 27 23 17 16 15 28 25 27 18 37 70 46 68 80 88 58 48 45 55 48 10 48 65 64 62 43 28 25 11 59 75 74 41 32 5 2 16 30 9 2 2 2 3 1 1 1 1 1 1 0 0 0 0 0 0 0 0 0 0 0
7 10 16 59 64 71 72 62 57 80 85 64 73 74 74 61 37 37 33 24 11 2 6 11 24 57 46 9 3 7 9 16 12 19 13 24 25 31 38 23 15 15 15 12 29 35 52 47 16 63 79 85 43 34 40 20 15 12 36 45 77 69 15 16 31 39 41 65 20 28 18 3 4 14 9 5 2 2 3 2 1 1 0 0 0 0 0 0 0 0 0 0 0 0 0 0
4 6 7 6 7 10 30 40 41 16 42 78 88 82 78 47 44 65 44 31 40 7 8 5 5 7 42 57 14 4 11 15 16 32 25 19 29 28 43 26 34 45 36 27 20 12 53 55 42 29 56 75 57 29 13 10 26 10 17 39 38 33 22 15 17 25 14 62 14 18 11 12 2 5 6 9 5 4 4 2 2 1 0 0 0 0 0 0 0 0 0 0 0 0 0 0
2 4 9 26 28 35 69 34 34 26 32 19 62 82 87 68 63 68 37 40 22 42 17 29 22 9 5 9 15 8 3 13 23 43 15 18 13 22 40 36 30 31 23 25 38 33 31 12 34 61 34 43 11 13 6 19 15 21 15 17 35 39 28 18 7 7 8 38 40 9 4 8 7 2 3 2 4 2 1 1 1 1 1 0 0 0 0 0 0 0 0 0 0 0 0 0
2 7 4 4 13 10 18 25 21 33 18 6 17 42 65 78 77 34 11 13 15 45 29 44 29 22 15 6 6 14 8 53 41 19 57 31 30 34 39 26 32 49 55 43 49 32 37 20 21 16 59 38 31 18 12 9 17 18 12 14 25 41 25 12 11 8 12 25 44 20 6 3 9 5 2 1 1 2 2 1 0 0 1 0 0 0 0 0 0 0 0 0 0 0 0 0
7 1 4 10 20 25 15 16 21 29 37 26 47 22 21 28 41 25 17 28 53 16 21 38 65 66 12 15 8 51 25 26 59 47 68 28 72 37 29 28 32 34 32 43 35 37 36 23 21 21 17 26 18 18 21 14 11 15 7 3 6 10 19 15 16 10 7 10 15 18 8 9 9 3 4 1 1 2 1 1 1 0 0 0 0 0 0 0 0 0 0 0 0 0 0 0
23 7 19 9 11 21 19 29 37 41 27 29 12 35 46 30 36 28 17 29 11 41 36 25 11 28 33 44 42 9 17 44 40 16 31 30 16 55 25 33 34 42 21 28 18 19 18 25 28 27 13 7 26 31 17 25 13 11 10 9 4 7 18 7 7 7 4 6 8 17 3 5 3 2 2 1 1 0 1 1 1 0 0 0 0 0 0 0 0 0 0 0 0 0 0 0
40 31 4 5 21 9 36 60 22 20 36 31 29 54 19 35 19 19 15 11 21 30 28 29 25 15 21 25 13 22 9 46 26 40 40 55 13 24 45 17 24 41 33 42 38 15 21 24 16 24 9 15 4 10 9 31 8 12 7 14 8 6 3 2 2 1 0 2 3 3 2 1 3 2 1 2 2 1 1 1 0 0 0 0 0 0 0 0 0 0 0 0 0 0 0 0
43 34 61 15 14 35 7 7 40 47 17 41 19 46 19 40 36 25 21 34 43 49 31 16 30 30 22 28 53 54 40 11 10 16 38 28 25 8 47 39 36 30 14 19 33 30 20 11 18 21 14 4 25 12 9 26 14 4 8 3 3 5 2 2 1 0 0 0 1 3 3 1 1 2 2 2 1 1 2 1 0 0 0 0 0 0 0 0 0 0 0 0 0 0 0 0
25 41 55 40 8 6 36 17 4 14 31 22 11 18 34 26 18 12 19 25 36 36 67 47 36 34 31 28 59 69 44 28 12 26 44 37 53 25 8 51 27 39 36 31 17 15 20 24 17 18 6 3 6 3 2 9 5 4 4 2 2 4 2 2 2 1 0 0 0 1 2 1 2 2 2 3 3 2 1 1 0 0 0 0 0 0 0 0 0 0 0 0 0 0 0 0
45 41 71 50 58 24 8 56 17 24 55 19 37 29 16 41 17 16 18 16 14 29 51 45 37 41 37 33 47 70 75 51 25 21 60 54 56 37 16 27 68 27 24 55 33 33 23 26 24 9 5 2 1 2 2 2 5 3 2 1 1 1 1 3 1 1 0 0 0 0 0 1 1 0 0 1 1 2 1 0 0 0 0 0 0 0 0 0 0 0 0 0 0 0 0 0
53 43 38 61 34 43 48 17 64 35 51 66 48 56 39 21 21 19 27 49 23 41 64 57 38 40 40 29 20 23 66 56 39 29 25 61 42 31 24 15 21 52 16 15 18 19 20 26 37 16 23 6 3 3 2 1 2 1 1 4 1 1 1 1 0 0 0 0 0 0 0 0 0 0 0 0 0 0 1 0 0 0 0 0 0 0 0 0 0 0 0 0 0 0 0 0
23 64 56 65 52 60 67 56 33 26 16 12 23 16 20 48 35 23 42 14 59 26 68 76 40 42 44 28 17 7 15 42 60 40 15 40 52 22 47 36 26 15 39 42 21 19 30 18 24 11 23 7 2 2 2 1 1 1 1 1 1 1 0 0 0 0 0 0 0 0 0 0 0 0 0 0 0 0 0 0 0 0 0 0 0 0 0 0 0 0 0 0 0 0 0 0
17 19 8 31 34 8 12 8 33 26 47 47 47 51 22 24 48 45 40 39 29 23 60 82 62 54 50 49 28 9 8 9 51 34 37 34 53 20 47 50 36 16 12 36 26 33 21 18 18 6 2 2 4 3 2 2 1 0 0 0 0 0 0 0 0 0 0 0 0 0 0 0 0 0 0 0 0 0 0 0 0 0 0 0 0 0 0 0 0 0 0 0 0 0 0 0
16 30 23 12 13 27 20 18 21 46 26 44 34 18 28 45 24 18 27 45 26 73 44 66 73 54 61 52 52 24 10 12 8 24 37 39 45 21 47 28 35 34 24 18 30 20 19 28 18 11 7 3 3 1 1 1 1 0 0 0 0 0 0 0 0 0 0 0 0 0 0 0 0 0 0 0 0 0 0 0 0 0 0 0 0 0 0 0 0 0 0 0 0 0 0 0
34 26 29 18 28 46 28 21 34 37 18 28 28 13 28 50 32 37 22 25 62 46 34 29 74 49 21 17 17 11 13 5 14 6 12 17 77 57 29 41 27 15 23 26 15 26 12 13 27 20 13 6 2 1 1 1 0 0 0 0 1 1 0 0 0 0 0 0 0 0 0 0 0 0 0 0 0 0 0 0 0 0 0 0 0 0 0 0 0 0 0 0 0 0 0 0
21 14 16 14 6 18 18 20 13 9 31 26 28 10 21 33 23 32 42 70 46 31 40 59 76 67 31 24 23 26 23 22 9 12 14 9 6 8 23 25 17 31 12 21 16 25 24 12 26 13 15 11 5 2 1 0 0 0 0 1 1 2 2 1 0 0 0 0 0 0 0 0 0 0 0 0 0 0 0 0 0 0 0 0 0 0 0 0 0 0 0 0 0 0 0 0
12 7 13 6 16 12 13 10 6 5 9 13 16 25 22 24 20 36 34 25 28 29 15 9 17 17 13 20 43 44 25 48 35 13 9 7 8 8 6 19 14 29 20 9 26 15 21 14 11 5 7 5 3 2 1 1 0 1 2 2 3 2 2 1 1 0 1 1 0 0 0 0 0 0 0 0 0 0 0 0 0 0 0 0 0 0 0 0 0 0 0 0 0 0 0 0
14 7 11 2 7 6 15 23 48 44 40 4 10 21 19 10 19 35 53 38 44 18 28 21 15 19 47 27 31 41 53 39 22 24 25 5 3 4 7 10 10 15 21 22 21 17 11 8 16 6 4 3 1 1 1 2 1 2 4 2 5 3 3 2 1 1 1 1 1 1 1 0 0 0 0 0 0 0 0 0 0 0 0 0 0 0 0 0 0 0 0 0 0 0 0 0
3 4 2 3 15 15 6 27 62 65 49 50 29 11 21 33 27 40 42 21 14 18 38 29 26 27 42 19 9 28 24 16 8 14 22 13 6 5 10 6 4 7 6 8 10 10 10 5 8 5 2 1 2 2 4 3 4 5 6 6 3 6 6 4 7 2 2 2 2 2 0 0 0 0 0 0 0 0 0 0 0 0 0 0 0 0 0 0 0 0 0 0 0 0 0 0
2 5 12 13 20 17 32 27 8 24 56 52 51 61 64 53 78 47 37 41 13 9 35 22 25 36 20 19 12 11 24 25 25 17 25 11 8 18 20 6 4 17 8 10 6 3 8 4 3 2 1 2 5 8 8 9 6 5 5 7 5 9 11 12 10 6 3 2 2 2 1 1 1 1 0 0 0 0 0 0 0 0 0 0 0 0 0 0 0 0 0 0 0 0 0 0
8 2 1 7 33 37 49 75 66 37 44 73 64 48 74 57 82 81 78 56 28 46 8 10 11 10 31 34 35 47 15 52 48 24 8 12 4 14 14 7 20 10 8 7 8 5 5 4 3 3 6 6 14 25 23 13 17 8 10 9 7 15 15 14 9 8 4 3 3 3 2 0 0 0 0 0 0 0 0 0 0 0 0 0 0 0 0 0 0 0 0 0 0 0 0 0
12 14 32 7 6 28 50 68 72 37 30 78 42 38 74 52 50 27 45 58 18 30 23 18 12 18 26 34 32 53 25 15 14 32 20 17 7 27 12 11 17 22 16 15 15 21 17 11 3 13 21 20 24 39 39 35 12 7 28 15 11 17 18 10 15 14 2 9 7 3 2 1 1 0 0 0 1 0 0 0 0 0 0 0 0 0 0 0 0 0 0 0 0 0 0 0
37 13 24 52 29 15 16 26 28 69 23 69 47 46 68 33 15 23 36 24 18 8 23 14 20 34 34 17 11 34 24 15 7 5 8 7 22 25 11 7 38 37 19 41 31 15 13 7 5 17 36 36 37 69 33 26 22 9 41 17 15 18 28 31 18 11 9 11 3 2 2 1 1 1 0 1 1 0 0 0 0 0 0 0 0 0 0 0 0 0 0 0 0 0 0 0
61 56 26 50 61 75 66 37 15 16 46 76 65 25 69 31 33 24 35 25 12 10 32 14 30 26 29 25 21 16 10 12 13 19 24 15 31 6 11 21 37 38 48 47 25 11 6 11 24 19 34 54 68 37 24 33 29 17 56 24 46 16 32 16 15 33 16 6 10 3 2 2 4 4 1 0 0 1 0 0 0 0 0 0 0 0 0 0 0 0 0 0 0 0 0 0
58 71 71 62 64 82 69 85 59 12 37 67 11 25 49 46 34 15 49 9 10 9 18 11 44 30 17 13 13 4 3 12 21 15 33 11 40 9 29 27 55 57 63 27 22 13 13 30 42 38 35 61 60 39 45 57 46 27 67 58 31 38 30 37 50 29 19 11 6 2 2 11 4 0 1 1 0 0 0 0 0 0 0 0 0 0 0 0 0 0 0 0 0 0 0 0
55 78 77 83 76 72 82 82 69 40 34 33 41 14 49 38 28 19 13 8 8 10 27 15 22 19 17 34 25 24 27 28 17 8 12 25 55 25 31 41 67 66 47 26 14 24 28 56 67 48 41 64 51 36 50 70 34 53 60 52 59 24 35 67 61 29 21 9 9 10 6 5 2 2 1 0 0 0 0 0 0 0 0 0 0 0 0 0 0 0 0 0 0 0 0 1
12 70 82 68 78 34 61 72 71 69 59 66 46 13 52 73 45 18 22 15 7 16 25 15 13 17 27 8 12 14 5 12 9 24 54 35 54 25 26 42 67 45 21 11 23 47 44 48 76 57 62 64 34 57 71 63 30 55 42 67 54 62 66 54 36 19 22 9 4 1 1 1 0 0 0 0 0 0 0 0 0 0 0 0 0 0 0 0 0 0 0 0 0 0 0 1
26 25 50 21 11 12 19 16 21 10 14 28 59 18 11 50 60 44 34 29 15 12 9 11 28 9 17 18 44 38 8 20 23 28 65 67 75 41 28 55 48 22 13 29 55 56 50 51 77 57 66 77 66 59 77 63 63 37 60 66 43 64 47 17 7 6 3 6 9 7 5 4 4 1 0 0 0 0 0 0 0 0 0 0 0 0 0 0 0 0 0 0 0 0 1 1
28 26 11 16 26 52 55 21 26 5 11 13 8 4 15 9 12 19 9 7 6 27 14 17 7 29 26 33 19 29 27 46 40 41 66 76 59 50 44 58 30 27 27 48 61 59 68 45 66 76 69 82 87 71 64 81 81 62 80 74 73 79 52 58 33 23 19 12 6 1 2 2 1 1 1 1 0 0 0 0 0 0 0 0 0 0 0 0 0 0 0 0 0 0 1 2
46 48 35 33 52 60 62 49 20 16 27 18 22 16 15 21 17 6 6 8 12 33 14 15 29 33 16 60 53 40 52 59 52 54 66 41 28 43 25 56 43 35 33 50 64 70 74 65 70 79 69 80 77 76 32 42 75 82 79 64 23 15 31 24 47 22 13 18 4 2 1 1 2 1 0 0 0 0 0 0 0 0 0 0 0 0 0 0 0 0 0 0 0 0 1 1
30 8 38 44 55 48 53 32 10 19 18 25 48 39 18 18 8 13 11 13 3 7 48 31 21 6 12 32 44 36 36 46 63 40 66 27 41 30 11 53 42 40 51 64 64 78 79 65 81 87 66 46 47 36 21 21 53 63 48 28 33 24 19 26 16 11 10 4 6 3 3 1 1 1 0 0 0 0 0 0 0 0 0 0 0 0 0 1 1 0 0 0 0 1 1 1
