sesion_6_simulaciones/modelos_agentes/ejemplos_netlogo/scenarios/echam4_a2/rob_2066.asc
NCOLS 322 
NROWS 307 
XLLCORNER 451900 
YLLCORNER 4086900 
CELLSIZE 100 
NODATA_value -9999 
[rows 222 to 295 of 307, columns 96 to 191 of 322]
3 2 1 1 0 1 0 0 0 0 0 0 0 0 0 0 0 0 0 0 0 0 0 0 0 1 3 6 2 1 1 3 4 5 1 0 0 0 0 0 1 1 1 4 6 9 14 30 33 39 41 41 44 47 45 44 45 53 69 70 70 74 41 58 18 34 27 27 32 27 18 19 13 15 26 26 26 9 8 5 23 18 19 16 20 11 32 45 60 36 31 37 25 18 24 13
3 1 0 1 0 0 0 0 0 0 0 0 0 0 0 0 0 0 0 0 0 0 0 0 1 1 1 3 12 3 2 6 9 2 1 0 0 0 0 0 1 1 2 3 5 7 10 19 28 29 35 27 33 40 49 67 71 43 21 28 30 31 27 27 53 13 18 15 37 28 21 35 12 14 28 20 24 7 22 22 35 70 29 25 21 26 15 18 52 74 56 54 53 31 26 21
1 1 0 0 0 0 0 0 0 0 0 0 0 0 0 0 0 0 0 0 1 0 1 1 2 1 1 2 9 6 6 7 3 1 0 0 0 0 0 0 0 1 2 3 4 6 8 13 22 29 29 33 51 32 50 72 33 29 25 23 7 26 29 17 17 27 6 26 28 22 37 31 8 10 13 20 14 10 13 25 19 13 49 38 25 28 34 18 16 54 84 67 62 42 45 36
1 1 0 0 0 0 0 0 0 0 0 0 0 0 0 0 0 0 1 1 2 1 1 1 3 4 1 4 8 21 12 3 1 1 1 0 0 0 0 0 0 1 2 2 3 5 8 9 19 23 25 29 47 43 23 19 25 22 18 14 36 55 21 33 29 69 45 19 27 26 39 32 19 19 19 27 15 14 22 38 32 14 5 15 59 52 32 32 28 26 69 67 58 52 33 26
2 0 0 0 0 0 0 0 0 0 0 0 0 0 0 0 0 0 1 2 5 2 2 1 3 7 10 5 13 15 4 2 0 0 0 0 0 0 0 0 0 1 1 1 2 6 9 15 17 19 31 41 38 33 32 30 40 31 21 40 13 20 42 49 36 78 41 37 6 27 22 30 19 15 22 29 20 10 22 51 27 21 38 27 26 15 20 37 37 46 27 38 48 35 19 22
1 0 0 0 0 0 0 0 0 0 0 0 0 0 0 0 0 0 0 1 1 5 2 3 3 4 16 20 13 8 2 1 1 1 1 0 0 0 0 0 0 1 2 3 5 8 9 10 16 17 24 22 18 26 26 31 50 39 43 16 19 28 26 36 62 34 44 45 56 18 13 26 28 6 7 14 13 22 37 17 70 49 68 46 64 34 53 43 35 24 24 41 32 24 15 8
1 1 0 0 0 0 0 0 0 0 0 0 0 0 0 0 0 1 0 1 1 2 7 14 4 6 14 24 13 3 5 3 2 1 1 0 0 0 0 0 0 1 2 2 3 6 7 10 17 19 27 26 30 30 26 39 47 72 38 31 20 38 52 76 40 30 39 35 21 23 29 14 15 5 7 12 18 17 61 45 19 14 34 58 42 48 42 47 30 36 32 24 18 22 18 24
1 0 0 0 0 0 0 0 0 0 0 0 0 0 0 0 1 2 2 1 2 1 2 10 5 7 11 39 19 10 14 8 2 1 1 0 0 0 0 1 0 1 2 3 3 3 4 6 14 18 20 22 25 21 42 45 28 28 20 33 22 18 22 34 17 10 17 25 11 15 4 18 11 7 14 6 8 21 15 24 22 20 24 33 25 26 40 49 28 34 20 12 16 12 12 12
0 0 0 0 0 0 0 0 0 0 0 0 0 0 0 0 1 1 2 4 7 6 2 4 20 5 6 22 37 40 14 8 4 2 0 0 0 0 1 1 2 1 1 3 4 5 6 7 8 10 11 12 17 22 33 19 22 20 21 20 23 21 26 27 26 36 35 40 29 27 24 19 12 4 8 10 4 13 17 26 33 33 28 56 36 19 30 19 19 29 15 9 7 13 12 8
1 1 0 0 0 0 0 0 0 0 0 0 0 0 0 0 0 1 2 4 7 8 8 8 10 13 8 13 39 32 15 7 4 2 1 0 0 1 1 2 3 4 6 4 5 6 7 8 10 11 13 15 17 17 11 12 10 10 9 9 9 8 8 29 35 35 15 31 26 20 12 11 12 5 5 11 19 16 20 50 34 41 41 44 38 32 20 20 18 22 20 13 9 7 11 6
1 0 0 0 0 0 0 0 0 0 0 0 0 0 0 0 1 1 3 7 7 7 3 8 27 15 9 11 30 30 21 13 3 2 1 0 0 1 1 1 3 5 6 13 8 8 5 13 19 27 34 27 14 11 10 13 10 11 21 21 15 20 17 12 11 14 16 15 20 21 24 23 29 3 7 5 20 23 33 19 22 37 45 34 37 59 47 29 24 16 10 8 10 7 7 4
1 1 0 0 1 0 0 0 0 0 0 0 0 0 0 0 1 1 3 5 7 14 3 8 9 21 21 26 38 35 23 13 5 1 1 0 0 1 2 2 2 5 6 8 13 21 13 6 15 27 37 46 30 15 18 22 36 32 36 46 36 31 27 16 25 38 21 20 11 29 39 39 32 28 17 33 41 16 47 23 64 52 35 54 42 35 43 43 55 23 12 8 8 4 2 2
3 1 1 1 0 0 0 0 0 0 0 1 0 0 0 0 0 1 2 4 8 10 6 4 10 14 42 34 23 19 12 8 2 1 0 0 1 1 2 2 4 7 8 9 12 15 16 33 16 21 28 30 28 35 30 39 37 43 55 43 27 27 34 23 15 11 23 25 12 15 7 5 4 3 18 3 19 53 30 27 8 23 58 58 37 39 60 35 45 21 26 12 5 6 4 5
4 2 2 1 0 0 0 0 0 0 0 1 1 1 0 0 0 1 1 5 12 13 15 5 7 16 21 41 19 10 7 4 1 0 0 1 2 2 3 4 5 8 9 10 15 20 21 23 33 26 32 31 39 55 32 32 41 39 40 41 37 48 43 41 25 13 25 23 28 15 17 12 9 7 26 7 6 11 15 15 9 5 57 71 50 52 61 67 42 35 31 22 17 21 7 2
3 3 2 0 0 0 0 0 0 0 1 1 2 1 1 0 0 1 1 4 6 13 27 12 7 19 19 45 23 13 3 1 1 1 0 2 2 2 5 6 7 9 10 13 20 23 40 28 38 51 38 50 45 46 42 35 35 38 61 44 53 38 32 47 39 20 15 18 18 11 37 10 5 15 13 18 16 36 32 25 25 17 12 48 56 65 75 58 34 25 13 16 15 5 4 5
12 5 1 1 0 0 0 0 0 0 1 2 2 3 1 0 1 2 1 2 10 15 13 25 5 12 18 32 22 15 10 6 3 1 1 2 2 2 6 7 6 10 11 21 30 31 50 45 34 26 56 75 76 47 45 20 32 35 51 35 59 40 31 28 26 19 11 15 10 31 7 8 5 6 10 5 11 18 22 20 19 17 23 23 46 34 20 48 38 23 19 9 6 6 5 3
6 2 1 1 0 0 0 0 1 1 1 1 4 4 3 2 1 3 3 4 9 12 20 29 14 15 28 39 30 21 17 6 4 1 1 2 5 3 5 8 10 12 15 30 34 44 51 50 50 41 42 58 62 60 39 20 29 36 24 43 55 47 12 50 11 20 18 12 9 19 6 5 4 11 14 11 19 30 58 33 48 25 28 26 25 17 32 30 22 24 11 7 6 5 3 2
2 1 0 0 0 0 0 0 1 2 1 1 3 7 8 3 1 4 7 14 14 7 25 47 29 25 38 38 28 33 20 7 4 2 1 3 5 4 4 7 13 13 18 26 36 47 52 52 56 55 46 59 69 59 49 19 27 41 39 33 41 42 11 24 23 18 25 8 12 10 3 6 11 10 7 7 9 21 29 14 29 42 49 27 33 24 20 24 16 8 8 9 10 7 6 2
1 0 0 0 0 0 0 1 1 2 3 2 5 9 12 7 2 5 7 29 23 7 21 40 38 16 12 65 53 25 18 10 4 1 1 4 7 7 5 13 15 23 22 31 41 36 56 59 60 69 49 62 65 47 49 15 24 29 34 38 33 28 24 23 26 21 15 13 9 4 5 6 9 9 9 8 11 29 22 20 26 23 57 54 38 46 39 21 10 8 6 5 6 5 3 2
1 0 0 0 0 0 1 1 1 4 7 5 4 9 17 15 5 3 8 19 26 16 22 38 54 20 22 66 35 35 29 14 6 1 1 6 7 5 14 10 21 29 24 33 35 38 66 61 62 61 62 52 40 47 74 31 15 32 46 28 21 15 11 27 19 16 12 16 9 3 4 5 9 9 16 16 22 53 41 38 31 31 40 40 45 54 38 28 21 14 8 8 7 3 3 1
0 1 1 0 0 0 1 2 2 3 7 7 5 12 22 23 7 4 24 20 22 30 27 46 63 65 52 63 52 43 27 10 3 1 2 6 8 9 11 22 14 29 40 34 26 36 58 64 65 59 62 64 54 51 71 42 41 14 28 52 28 24 13 11 7 18 14 12 4 3 3 11 8 7 9 15 22 65 53 43 51 24 26 28 32 34 42 36 17 13 11 8 6 4 4 1
1 1 1 0 0 1 1 3 3 5 10 16 12 17 19 32 10 6 18 20 24 32 35 49 68 78 53 68 35 30 26 10 2 2 2 2 6 23 13 15 28 22 38 33 36 56 57 51 63 64 59 58 67 75 74 65 21 10 32 38 39 19 12 12 9 6 3 3 3 3 16 8 4 17 8 13 12 31 29 40 29 40 57 40 27 22 14 15 16 13 9 7 6 3 3 1
3 1 0 1 0 1 2 4 8 11 15 14 25 12 27 39 15 17 10 37 42 41 33 52 64 58 42 30 21 20 11 7 2 1 2 3 8 18 23 14 20 37 16 56 39 46 60 48 48 72 64 40 64 67 63 67 53 15 12 14 24 26 14 10 6 3 1 1 1 4 22 8 10 18 77 57 33 37 34 44 52 61 46 53 43 43 29 24 21 12 9 4 3 2 1 0
1 0 0 1 1 1 3 6 5 13 16 20 32 14 31 39 19 33 15 27 53 48 63 43 70 55 32 26 16 14 10 3 1 2 4 3 5 11 21 23 34 23 25 31 62 42 41 53 62 76 65 54 40 43 46 67 68 15 12 17 17 11 9 6 3 4 2 1 6 11 3 15 35 48 59 62 51 55 44 59 67 53 40 21 32 25 31 26 14 12 8 3 2 1 0 0
1 0 1 2 2 3 4 8 10 10 18 25 43 27 36 45 23 35 42 25 31 49 40 78 55 58 26 21 19 7 3 3 3 3 7 9 9 5 8 6 12 24 37 62 41 47 59 57 51 54 62 65 31 30 23 22 48 36 17 8 10 7 3 2 1 0 1 4 4 11 5 4 9 35 12 40 80 78 70 67 74 52 34 33 30 15 14 12 16 12 2 2 2 2 1 1
1 0 1 4 7 4 6 9 13 17 22 27 36 47 28 54 25 27 49 40 40 60 35 64 68 36 18 13 4 4 6 8 7 4 9 9 8 9 7 19 17 22 33 52 68 45 39 54 43 60 51 50 45 38 22 28 15 31 17 8 9 5 5 3 3 1 1 6 3 7 8 12 22 15 15 17 41 53 65 50 31 33 31 31 20 16 14 11 7 4 3 1 1 1 2 1
1 0 2 7 9 6 7 10 9 18 24 33 38 46 48 70 33 30 49 52 48 62 81 56 38 41 32 18 11 8 13 11 10 5 4 9 7 11 18 18 22 29 34 45 48 63 42 38 48 49 48 39 50 40 27 15 8 16 10 7 4 4 3 3 4 2 1 8 4 5 10 14 58 36 32 26 17 11 37 50 45 21 21 17 22 17 6 3 2 1 1 1 2 2 3 3
2 1 2 9 10 11 7 16 11 21 44 36 35 39 72 70 35 36 37 51 50 65 80 30 49 42 23 20 24 23 26 29 14 11 5 11 9 14 27 14 22 38 52 52 42 54 41 60 43 49 59 71 34 18 18 14 18 4 2 17 4 3 7 4 2 1 5 16 6 6 9 48 66 44 33 25 24 29 23 32 39 28 18 19 20 17 7 5 4 2 1 1 3 4 4 4
2 1 3 11 13 12 8 21 24 25 45 37 57 52 54 63 68 49 59 42 58 52 83 71 47 30 30 35 28 37 40 37 16 9 6 4 13 23 13 26 35 38 59 65 68 50 61 22 13 18 56 15 33 22 24 12 3 2 2 2 4 1 3 2 1 1 10 5 4 6 5 9 6 18 28 22 25 30 23 23 27 16 22 21 24 25 15 20 6 4 1 3 4 4 7 5
2 2 3 12 16 22 8 25 33 31 29 41 32 62 63 37 35 70 50 50 43 65 71 48 42 38 39 41 48 68 38 18 9 11 12 5 9 12 37 32 39 47 52 70 47 64 48 40 26 40 40 6 44 44 25 7 9 5 4 1 8 1 2 1 1 1 2 17 7 4 11 36 27 38 35 29 27 33 34 43 33 31 29 26 24 29 29 9 7 3 2 5 5 5 8 2
2 5 7 15 22 28 13 13 23 40 47 51 31 28 49 69 35 27 74 67 38 63 73 51 57 31 60 78 60 36 23 22 17 12 8 3 7 6 18 29 35 64 64 47 32 49 41 51 52 52 31 20 33 45 31 26 11 3 2 2 5 1 1 1 0 2 4 3 2 3 9 19 21 27 37 44 30 31 24 34 17 14 18 40 37 34 18 9 3 4 6 6 6 12 11 3
3 9 13 16 22 22 25 23 23 17 31 54 24 22 46 58 61 51 17 38 43 63 47 45 38 65 49 34 36 25 26 31 23 9 11 5 11 14 23 23 17 42 43 29 39 41 45 33 48 47 41 29 50 39 21 13 4 6 1 1 1 2 0 1 1 2 0 4 7 9 8 17 31 33 31 43 29 26 21 31 42 32 48 37 34 21 22 9 5 7 8 8 14 13 10 6
6 11 16 15 23 36 31 44 36 28 22 34 64 25 49 44 48 65 44 22 34 66 23 47 77 39 38 44 45 43 34 19 8 11 14 9 12 18 26 22 29 45 35 23 44 48 21 20 48 38 15 12 20 15 16 3 5 2 4 1 1 1 1 1 7 8 2 9 13 7 25 24 41 48 52 53 40 28 35 38 46 41 49 32 32 28 13 7 5 9 9 10 15 24 6 5
9 15 18 9 16 48 53 43 36 35 53 35 42 63 38 42 49 22 65 35 36 41 75 56 45 53 57 57 56 51 29 14 10 11 22 9 11 20 36 40 39 48 51 44 45 25 28 34 19 22 17 13 14 11 9 7 4 3 2 3 0 0 1 4 4 2 3 5 14 11 26 20 28 47 58 43 36 47 38 41 48 46 34 39 30 16 5 5 10 10 16 16 22 21 9 6
12 23 21 14 21 40 39 55 58 35 47 55 47 52 64 39 53 27 24 48 24 26 65 63 60 54 51 56 55 32 31 26 19 7 16 6 9 15 26 48 50 52 33 45 36 44 30 26 27 35 20 11 12 12 11 8 3 2 2 2 1 0 1 1 1 6 8 7 4 9 20 21 34 29 37 64 36 39 21 21 25 27 43 35 24 16 10 8 11 11 17 14 39 15 11 10
12 17 27 21 24 27 40 39 45 54 63 54 49 52 72 64 29 22 29 26 53 56 64 52 60 66 63 60 56 44 34 29 22 10 22 7 8 17 28 43 49 61 57 51 47 42 38 47 23 24 22 15 9 11 8 9 5 2 0 0 1 1 1 1 2 1 0 0 2 15 11 16 29 32 39 28 24 13 11 28 44 42 18 31 39 26 11 15 14 19 15 16 43 15 12 11
15 28 35 34 36 27 29 47 52 52 66 64 61 52 62 64 42 41 28 33 28 58 61 57 41 56 55 57 41 52 43 32 24 22 29 4 18 28 31 32 23 55 61 55 43 47 50 36 25 41 39 33 8 9 12 7 2 2 1 0 0 1 2 1 1 1 3 5 5 7 10 13 17 18 36 12 16 20 15 49 43 21 34 33 34 41 22 28 25 15 15 9 30 19 16 12
17 26 55 35 40 39 35 50 54 52 50 62 57 55 70 45 48 54 36 30 28 47 46 40 39 53 57 54 53 39 36 34 43 35 11 3 19 37 44 47 40 53 64 49 44 50 31 22 32 52 38 28 23 11 12 5 3 2 1 1 1 0 1 1 2 3 8 11 7 14 15 27 17 14 11 16 33 43 25 45 42 41 33 31 28 29 36 33 17 18 16 6 20 28 5 7
22 17 43 54 41 42 36 53 57 52 47 48 60 67 63 56 46 58 37 22 32 72 47 62 42 49 58 64 53 40 48 49 40 25 15 9 12 29 57 67 60 57 44 58 40 43 32 24 32 20 15 12 15 18 6 2 2 1 1 1 1 0 1 1 3 4 8 7 15 7 16 11 7 10 12 39 35 45 55 16 34 35 43 45 33 27 51 38 21 22 13 15 27 20 8 13
23 21 34 59 58 42 51 56 52 52 53 43 54 65 62 46 41 28 39 22 31 62 50 66 48 48 51 45 51 41 63 42 32 23 24 16 21 33 44 56 73 71 61 47 56 23 23 34 22 14 13 13 11 8 26 5 1 1 1 1 1 1 1 1 1 2 12 12 7 4 6 11 11 22 19 42 41 48 32 40 38 21 46 39 31 40 44 27 36 19 11 14 40 17 11 17
32 56 45 47 58 45 40 55 55 46 56 42 23 33 65 66 55 34 28 43 29 71 71 37 49 59 38 41 38 53 46 47 41 17 21 15 21 44 43 47 46 56 47 62 42 42 20 32 35 13 19 21 15 13 8 3 2 1 1 0 0 1 1 1 2 3 14 3 6 2 8 19 36 15 23 45 28 29 45 40 13 19 41 46 53 45 34 22 34 25 13 19 35 29 21 19
32 39 58 59 58 44 44 53 48 43 44 49 38 42 44 57 49 18 24 44 24 66 50 50 52 42 23 42 37 46 58 48 51 30 21 18 23 46 41 53 65 49 30 55 24 42 30 20 29 25 37 22 18 10 5 2 2 1 1 1 0 1 4 2 1 7 3 3 11 11 23 20 18 30 24 16 27 53 29 15 11 36 55 45 47 50 30 24 20 20 30 20 19 41 24 22
45 54 52 59 57 46 52 48 49 42 26 41 41 51 46 46 45 45 56 58 44 54 40 46 41 53 43 44 59 35 53 60 48 37 39 14 22 43 64 51 55 45 48 40 35 26 44 11 20 19 24 18 13 6 5 2 4 1 1 0 0 1 0 1 1 3 3 7 8 8 9 19 37 50 25 19 47 43 37 24 26 35 14 21 43 55 30 26 21 33 30 20 16 62 26 36
46 50 46 46 17 36 61 39 49 48 36 33 47 52 38 48 34 55 46 58 49 40 54 34 35 45 68 59 35 47 44 53 54 36 33 15 21 47 43 50 47 36 53 50 49 25 13 47 16 38 16 14 6 11 4 5 2 2 1 0 0 1 2 3 0 1 3 7 12 6 6 21 51 40 20 42 34 22 25 71 53 22 28 46 32 28 33 17 21 30 31 24 34 65 49 42
45 35 21 12 10 19 59 38 24 30 34 23 27 48 64 56 22 21 50 36 45 41 53 52 17 47 64 38 34 49 33 60 62 53 28 6 17 37 42 53 41 38 44 50 54 39 16 10 3 4 20 18 4 6 4 7 3 1 1 0 0 2 1 3 2 2 3 3 9 7 10 31 40 17 24 43 40 6 37 37 24 39 57 48 35 30 28 10 31 32 35 26 47 84 56 33
46 48 34 33 33 27 32 52 17 21 16 33 29 37 57 44 59 19 28 45 48 54 60 67 45 22 45 49 44 30 57 50 51 44 27 12 11 23 48 57 22 39 57 51 43 25 22 19 15 13 9 9 13 4 1 1 1 0 1 0 0 1 0 1 1 1 2 1 2 4 16 14 22 33 20 23 14 15 29 24 28 49 52 35 29 14 10 10 23 29 33 30 50 70 53 19
58 43 48 42 27 32 26 27 33 32 24 54 30 36 28 31 47 48 40 50 55 45 58 47 16 26 39 34 33 41 59 55 31 32 41 22 17 15 29 38 10 21 25 25 26 18 17 12 38 26 12 8 5 2 2 1 0 3 0 0 0 0 1 1 2 2 1 1 6 10 4 10 6 16 16 23 6 37 29 52 31 29 21 24 26 19 13 23 25 36 34 43 49 70 20 16
38 38 45 37 40 25 20 36 54 52 19 20 41 37 16 17 13 24 43 41 16 20 26 28 37 10 37 53 24 56 44 43 42 31 44 19 31 11 28 43 41 17 22 25 13 16 6 3 6 12 5 17 11 4 1 0 0 0 0 0 0 0 0 1 1 2 1 4 5 3 5 7 10 13 5 11 32 41 58 24 25 28 34 42 25 15 13 25 36 36 35 25 60 70 51 16
38 56 42 41 40 38 27 39 53 37 35 21 16 28 34 18 29 20 11 28 14 26 47 42 30 23 37 22 25 54 45 51 37 18 36 19 23 18 11 31 28 44 34 20 14 19 17 7 10 14 15 12 4 4 2 1 1 0 0 0 0 0 1 0 1 1 2 5 7 9 5 7 5 4 19 25 20 35 38 23 21 27 34 30 22 19 15 31 37 26 34 35 22 44 52 19
43 42 38 31 40 52 25 36 37 43 34 29 38 22 12 35 27 15 20 26 37 12 11 21 20 39 36 52 26 32 48 39 29 49 28 16 21 30 13 33 39 44 48 16 18 32 16 5 12 16 5 7 3 3 3 1 1 1 0 0 0 0 0 0 1 1 3 1 1 2 4 3 12 26 12 15 16 16 18 17 11 19 23 30 26 19 14 24 41 24 36 27 32 32 34 22
37 35 54 36 49 56 19 28 39 44 40 31 41 33 45 25 41 52 19 28 36 11 18 24 27 53 46 65 31 34 38 41 52 26 21 14 14 43 17 19 33 44 25 25 29 27 5 4 34 51 7 7 5 1 1 1 2 0 0 0 0 0 0 0 0 0 0 1 3 5 8 12 6 11 8 6 7 20 15 14 22 40 22 21 27 13 22 23 39 20 26 8 4 11 41 58
36 43 51 49 42 33 18 29 40 46 41 28 21 22 38 44 26 15 20 19 16 7 16 13 35 35 58 41 39 56 53 47 32 31 13 5 6 43 17 16 21 27 24 23 23 19 1 8 14 13 15 8 4 1 0 0 0 0 0 0 0 0 0 0 0 0 0 1 5 12 16 17 8 6 5 8 34 31 16 18 30 25 25 39 9 14 26 31 31 17 9 6 15 18 17 38
40 23 25 48 38 45 32 13 38 37 44 30 30 18 29 21 31 10 12 10 7 15 15 18 18 39 30 45 54 71 46 52 40 40 28 4 24 37 16 16 24 13 22 21 17 12 3 8 7 8 8 4 5 3 2 1 0 0 0 0 0 1 0 0 0 0 1 5 2 3 7 4 3 5 11 19 26 17 13 38 33 27 34 13 12 28 50 22 8 6 10 22 14 45 28 38
36 10 28 41 49 40 40 22 15 27 35 20 25 24 31 32 16 10 18 12 3 13 52 23 23 24 15 26 33 43 48 51 35 20 25 13 25 17 22 17 31 23 19 24 26 17 10 6 5 6 5 7 2 3 1 1 0 0 0 1 0 0 0 0 0 1 1 1 2 1 5 10 6 15 14 20 26 28 23 39 31 18 14 8 27 45 11 5 6 13 15 29 38 33 36 23
31 14 15 12 36 39 48 27 4 17 29 18 24 16 49 29 15 3 7 11 4 16 27 16 17 7 26 38 41 37 46 34 38 30 18 15 17 15 16 12 4 20 16 31 21 22 23 31 18 15 7 13 4 1 1 0 0 0 0 0 0 0 0 0 1 1 0 1 1 1 3 10 14 26 11 10 31 37 23 20 12 23 6 20 27 10 3 11 15 22 25 24 30 41 40 24
38 24 31 9 35 47 41 24 6 5 5 23 27 16 17 23 7 11 8 16 12 4 13 20 13 11 30 40 40 30 28 24 38 28 24 26 30 9 21 15 7 11 12 18 29 13 9 6 6 5 3 6 1 1 1 3 1 0 0 0 0 0 0 1 0 0 0 1 2 1 2 8 13 16 14 17 39 34 31 24 13 9 22 24 14 4 9 23 20 19 26 20 30 32 30 29
49 19 32 9 16 37 23 11 7 6 8 10 15 32 21 19 9 8 5 11 6 10 23 11 14 25 15 33 38 34 23 33 23 15 28 26 19 16 13 20 13 8 12 12 16 12 22 9 7 10 12 6 2 1 0 1 1 0 0 0 0 0 0 0 1 0 0 1 1 1 2 6 11 15 13 14 16 18 41 14 10 10 19 7 8 23 22 21 21 21 20 15 11 8 17 29
34 18 32 14 11 36 23 26 18 17 9 12 16 25 24 25 25 12 5 8 4 5 8 14 25 19 35 46 41 21 27 29 15 12 45 26 16 17 13 6 6 9 11 19 15 15 24 11 14 9 10 3 6 2 0 1 4 1 0 0 0 0 0 0 0 0 0 1 1 1 2 5 11 15 15 6 14 29 25 35 27 14 6 9 11 14 13 29 27 17 25 16 13 8 12 4
27 19 29 22 16 20 11 27 13 12 13 10 17 13 9 17 10 7 6 6 10 3 5 22 20 26 26 26 29 25 26 26 26 15 35 22 21 14 27 9 18 20 8 9 17 24 29 15 18 16 7 3 5 1 1 2 2 1 0 0 0 0 0 0 1 0 1 2 0 1 3 5 3 7 10 7 21 42 67 27 15 8 3 9 7 33 23 16 20 23 40 32 13 10 12 4
38 18 29 19 13 11 7 22 27 16 14 14 11 12 9 14 7 6 3 3 6 2 6 12 19 13 24 31 26 26 20 25 17 29 32 23 30 47 15 10 11 11 13 10 27 12 18 24 11 10 11 7 2 2 2 2 3 0 0 0 0 0 0 0 0 0 2 2 1 1 2 2 7 14 5 30 33 34 26 30 9 3 7 16 15 18 25 13 21 33 26 29 9 7 10 4
36 20 40 24 9 11 16 11 32 12 23 19 9 5 8 5 4 5 5 3 1 7 6 5 9 9 29 22 14 21 24 10 19 38 15 43 18 44 28 10 22 9 21 14 28 26 20 20 8 14 9 4 2 3 2 2 1 1 0 0 0 0 0 0 0 1 1 1 1 2 1 1 4 7 28 23 13 28 20 26 14 8 9 20 33 18 22 27 30 20 21 13 9 6 8 3
29 17 44 23 8 6 39 19 18 13 14 18 8 10 8 6 5 7 6 3 1 2 1 1 4 6 27 33 29 18 11 9 18 34 26 15 26 23 23 11 20 5 16 6 16 23 25 21 9 13 6 7 2 2 4 2 2 1 0 1 0 0 0 0 0 0 0 1 3 1 1 3 9 22 19 8 10 45 27 15 13 9 18 11 28 28 15 21 21 18 13 7 26 7 5 2
44 15 32 13 7 10 18 18 13 30 27 12 11 6 6 5 8 6 3 3 0 1 1 5 10 14 17 19 21 14 7 9 30 19 28 19 38 17 13 13 20 5 18 11 12 18 37 16 9 13 10 8 2 1 3 2 1 0 0 0 0 0 0 0 0 0 0 1 1 1 1 4 6 6 8 8 13 31 22 4 5 12 26 23 26 22 7 15 31 23 11 6 15 3 5 3
43 18 31 11 7 11 12 36 15 27 38 25 8 5 4 7 12 5 1 2 0 2 2 5 4 6 5 15 7 6 13 10 52 26 30 29 28 12 8 26 12 8 10 30 35 18 17 14 20 11 7 5 4 2 2 1 1 1 0 0 0 0 0 0 0 0 0 0 1 1 2 1 4 4 13 12 26 27 26 6 4 21 26 24 22 21 6 11 18 17 5 5 5 6 6 5
54 43 9 20 8 9 20 29 17 13 22 16 24 3 8 18 7 5 2 2 1 1 2 1 2 3 17 7 12 11 12 23 4 12 6 17 14 8 5 26 9 8 2 14 52 19 12 17 16 9 7 4 3 2 4 3 2 1 0 0 0 0 0 0 0 0 0 0 1 0 2 3 6 5 13 24 12 25 20 9 8 27 16 13 16 10 13 12 7 9 13 5 4 9 5 3
38 11 9 15 8 7 32 26 27 9 6 11 23 2 4 3 2 4 2 3 0 0 2 4 5 5 5 12 12 8 24 9 17 9 20 17 11 13 7 17 6 15 7 12 35 30 14 13 16 12 7 5 2 2 1 1 1 0 0 0 0 0 0 0 0 0 0 0 1 1 4 8 11 11 24 47 4 31 13 12 12 12 16 7 10 7 14 20 9 6 9 5 4 4 5 4
36 12 5 16 11 12 20 4 12 18 3 5 15 6 1 2 2 2 1 2 1 2 7 3 3 3 7 18 9 16 10 17 28 44 24 15 36 11 17 23 7 8 10 16 23 18 11 27 10 7 5 5 5 3 1 1 1 1 0 0 0 0 0 0 0 0 0 0 0 1 2 4 13 25 21 7 15 28 21 8 6 10 21 6 11 14 16 8 12 6 4 7 6 4 2 2
36 4 10 15 8 9 13 2 3 3 7 13 4 6 1 2 1 1 0 1 1 1 1 3 2 3 4 7 10 14 8 14 25 14 9 29 11 7 33 11 15 20 15 15 21 16 11 8 12 3 2 2 3 3 1 1 1 0 0 0 0 0 0 0 0 0 0 0 1 2 2 7 11 6 19 10 18 12 7 4 5 17 15 15 8 10 11 7 6 8 6 4 2 5 1 1
36 5 7 17 7 17 13 6 2 4 8 10 13 8 2 1 2 2 1 0 0 0 2 4 2 1 4 14 7 6 5 21 6 12 33 5 9 11 18 8 17 16 12 31 29 23 14 6 6 5 2 2 3 3 2 1 0 0 0 0 0 0 0 0 0 0 0 1 1 2 4 12 11 9 2 11 23 5 7 6 8 12 15 12 6 9 7 6 2 8 4 8 3 1 1 0
17 5 7 22 4 11 19 11 4 4 3 11 3 4 4 1 1 1 1 1 1 1 1 1 0 1 6 9 12 3 22 3 5 21 17 7 13 17 24 15 4 22 20 28 37 19 10 3 4 9 5 1 1 1 1 1 0 0 0 0 0 0 0 0 0 1 3 1 0 1 6 16 13 7 3 14 15 9 7 6 7 11 11 12 10 5 2 6 3 6 4 1 4 1 1 1
14 4 5 14 4 10 13 3 3 4 5 7 2 3 3 1 0 1 1 0 0 0 0 0 1 1 18 4 6 3 14 9 3 28 11 6 14 42 19 12 7 19 21 25 9 16 6 5 2 2 2 3 1 0 1 1 0 0 0 0 0 0 0 0 1 1 1 2 3 5 9 16 12 2 4 14 8 4 4 5 7 6 13 4 5 4 2 3 4 2 3 1 1 2 2 1
30 5 14 6 2 14 5 2 4 3 7 2 5 2 1 1 0 0 0 0 1 2 1 0 0 1 5 3 1 10 5 4 14 15 12 4 9 37 37 16 6 13 12 25 20 11 4 4 3 1 1 1 1 1 0 0 0 0 0 0 0 0 0 3 7 7 9 15 10 24 16 21 11 2 18 24 4 3 4 6 5 7 10 4 8 7 1 2 3 2 1 1 1 1 1 1
23 14 1 2 1 8 2 2 5 5 4 3 3 2 0 1 0 0 0 0 1 1 0 0 0 2 2 1 4 1 3 11 11 6 7 10 20 42 27 9 8 15 12 14 10 5 7 6 2 2 1 1 1 1 1 0 0 0 0 0 0 0 1 1 1 1 5 12 21 37 49 29 2 10 15 24 6 1 3 13 5 12 4 6 3 8 1 3 3 1 2 1 2 0 1 0
14 2 1 2 2 3 1 2 3 4 1 4 4 1 1 0 0 0 0 0 0 0 0 0 0 3 0 3 4 1 8 11 3 2 10 8 4 36 22 3 6 8 7 9 10 5 3 3 2 1 1 0 0 1 0 0 0 0 0 0 0 0 1 1 2 1 8 42 51 40 33 2 5 10 18 26 18 3 7 7 5 4 4 5 5 5 1 1 2 2 2 1 1 0 0 0
