sesion_6_simulaciones/modelos_agentes/ejemplos_netlogo/scenarios/echam4_a2/rob_2044.asc
NCOLS 322 
NROWS 307 
XLLCORNER 451900 
YLLCORNER 4086900 
CELLSIZE 100 
NODATA_value -9999 
[rows 74 to 147 of 307, columns 96 to 191 of 322]
23 57 36 19 19 22 21 50 21 21 16 61 31 73 65 48 11 6 8 12 51 44 24 13 14 4 4 1 5 8 3 3 3 8 3 2 2 2 7 2 2 2 4 1 2 6 7 1 2 5 4 17 35 23 22 9 17 23 39 24 22 73 60 46 54 58 36 50 60 62 53 63 48 65 36 38 55 63 46 41 22 46 62 51 32 16 17 19 10 13 9 8 7 3 0 0
28 33 27 20 14 19 26 42 24 36 42 30 15 25 32 55 33 38 52 65 88 50 49 35 9 16 4 3 5 1 4 37 9 9 13 7 3 2 2 1 2 10 14 7 19 9 10 23 34 4 5 3 6 24 6 9 18 36 25 13 33 37 63 48 53 37 34 43 57 66 39 76 41 49 42 28 56 31 22 50 52 45 21 21 31 29 24 19 27 23 31 28 14 9 3 1
41 25 21 23 16 29 15 45 21 44 50 17 24 46 37 28 39 65 43 66 72 77 67 62 17 10 7 2 4 7 24 31 20 11 13 14 13 3 7 8 3 2 4 2 3 17 5 15 13 14 3 2 5 4 7 9 16 33 15 22 21 12 42 42 48 28 48 35 71 53 27 59 51 42 48 45 27 16 69 44 33 32 50 37 53 56 51 60 59 40 40 36 19 12 7 4
42 15 34 29 21 18 23 33 28 32 68 31 34 28 32 45 66 41 65 59 79 83 56 42 50 6 5 8 15 13 24 8 21 8 20 4 27 11 7 14 3 2 1 1 4 7 21 28 15 34 26 15 9 2 3 4 18 8 8 6 15 8 34 31 32 20 42 40 49 21 18 21 46 20 45 24 23 30 56 33 46 43 39 57 74 69 75 57 53 62 37 35 19 15 9 7
42 23 31 31 39 20 25 30 13 52 71 60 38 25 46 41 50 63 78 49 46 60 67 75 32 22 26 36 49 23 23 11 17 18 3 7 10 13 15 17 11 2 1 3 6 10 27 23 10 52 38 26 28 16 16 4 5 4 7 5 9 8 5 15 8 16 17 28 21 9 13 13 40 27 14 6 32 38 32 33 56 74 82 74 76 77 52 60 64 40 41 24 18 18 16 27
57 58 22 52 59 33 13 33 13 33 32 63 47 34 37 8 46 82 50 53 55 36 63 71 36 25 64 69 61 58 65 23 5 5 6 23 25 5 9 12 21 3 3 6 8 10 21 61 51 50 44 40 48 15 38 30 22 5 3 1 8 14 4 5 6 11 9 17 5 5 18 25 25 19 51 46 19 15 43 63 66 70 69 68 58 70 70 78 58 37 35 22 19 29 46 25
80 85 64 60 22 19 14 13 12 41 21 13 48 58 15 37 73 47 33 29 47 21 12 52 59 64 69 63 69 52 75 64 20 20 24 39 16 14 2 9 26 13 4 7 17 36 18 17 56 34 47 69 52 38 49 21 29 43 31 26 28 6 23 9 5 2 11 18 20 27 16 2 3 5 11 45 48 61 35 63 65 50 72 58 54 56 71 75 59 50 46 31 62 58 20 18
64 58 72 19 14 16 23 19 16 23 24 5 14 26 31 42 22 56 55 42 34 44 10 19 60 76 69 41 34 56 38 26 54 47 44 37 47 39 12 10 37 28 4 7 26 19 11 7 25 14 60 68 43 78 60 30 56 28 20 21 44 12 22 28 21 11 22 26 47 16 28 8 6 7 14 8 18 61 58 60 39 56 72 65 45 56 77 66 59 53 53 57 70 53 22 42
75 75 64 32 29 35 40 26 15 20 32 4 17 31 37 22 22 71 48 34 44 72 41 39 64 92 60 16 39 38 27 31 9 16 72 43 20 20 16 26 49 38 15 9 19 16 15 20 22 46 48 78 78 82 57 58 60 36 54 33 43 29 30 22 20 25 11 15 39 19 43 58 40 28 14 18 19 12 49 74 82 45 63 58 41 76 61 44 56 69 58 75 52 45 34 65
30 49 70 67 13 13 35 35 47 25 25 8 27 56 37 12 22 81 33 50 41 42 29 67 44 52 31 44 54 40 31 32 17 48 84 59 45 16 13 40 23 9 20 8 13 9 12 18 21 28 25 70 67 81 65 62 73 43 60 56 43 50 24 25 27 17 41 18 35 50 65 62 42 24 26 13 14 25 16 65 59 58 30 60 73 36 46 49 61 52 60 49 33 43 44 82
17 26 36 46 55 14 28 18 14 41 37 16 26 48 41 24 36 78 46 45 26 19 72 74 64 54 26 61 57 42 20 12 58 87 84 80 72 29 40 41 31 6 20 12 17 26 22 16 23 8 5 32 76 86 58 67 57 58 77 69 49 32 20 14 46 22 61 39 31 53 67 61 24 18 28 23 29 28 23 31 66 79 72 47 26 60 70 71 61 72 30 48 47 66 46 77
12 21 36 22 46 49 36 33 18 31 51 13 28 55 37 49 40 52 57 69 65 20 44 51 81 69 65 69 65 69 43 79 88 78 74 86 79 40 33 51 27 9 19 15 17 27 26 17 23 16 22 34 77 81 58 46 53 83 76 76 47 21 35 44 64 46 76 66 54 31 73 53 56 45 38 28 26 33 27 25 40 74 61 76 68 38 66 30 68 36 33 58 45 77 49 62
11 7 4 5 15 32 15 8 14 24 30 16 39 62 45 17 37 30 52 67 74 66 31 37 40 45 74 86 59 61 79 85 86 71 77 75 63 75 51 57 34 59 38 44 22 31 43 45 32 32 21 39 67 89 68 50 79 68 81 72 47 35 35 45 76 55 69 65 55 36 61 49 38 13 34 21 10 27 30 19 10 59 74 65 49 83 60 56 59 58 57 67 73 76 78 44
8 4 0 1 14 13 3 6 10 19 11 26 59 52 19 10 20 28 55 57 70 88 57 31 26 38 78 77 84 43 84 71 68 68 88 82 62 77 51 62 50 86 36 65 43 33 33 23 26 25 22 19 44 82 68 77 67 79 89 66 41 44 52 67 70 56 64 61 48 15 20 28 50 45 51 29 13 24 30 38 47 13 62 69 64 76 82 86 91 72 85 87 74 44 78 33
12 11 3 2 12 8 4 9 14 11 16 28 39 44 16 6 44 42 36 42 50 64 77 75 56 38 60 72 83 77 75 86 83 54 55 45 47 75 31 42 88 75 55 37 28 39 27 37 45 50 51 25 33 61 61 69 66 81 82 67 60 72 69 71 76 37 61 65 49 22 21 45 60 50 32 60 22 18 27 35 44 29 19 59 65 85 77 50 51 66 66 83 74 46 58 69
14 6 6 2 5 3 2 20 10 10 8 15 58 33 11 6 40 23 36 49 51 62 73 71 72 46 51 27 47 75 65 70 75 66 65 62 48 38 53 86 52 68 34 21 32 58 42 45 54 58 46 44 28 33 30 54 68 73 82 62 50 62 61 83 78 51 60 74 31 11 13 38 33 42 77 61 30 30 13 41 34 49 48 19 57 79 77 73 73 66 48 45 62 41 27 48
7 7 3 2 2 1 1 10 11 4 19 36 54 50 12 5 22 6 24 61 62 65 32 42 69 55 55 42 69 91 84 79 56 69 53 35 41 33 66 42 41 38 20 53 77 58 47 50 40 33 31 31 26 25 10 16 50 66 82 51 68 64 82 89 87 50 77 61 50 27 16 29 51 67 87 38 28 58 21 36 36 44 56 40 17 63 67 50 32 46 42 41 32 45 45 42
16 11 7 3 2 1 1 2 8 9 14 41 28 19 26 10 26 7 3 17 22 57 36 33 33 20 41 59 80 89 70 77 79 75 68 41 23 36 77 23 53 55 68 76 78 53 69 31 23 32 61 58 66 63 58 26 11 8 40 51 54 65 81 88 87 61 90 66 64 52 28 31 50 86 68 27 57 50 27 23 43 52 53 45 36 11 30 52 43 44 27 41 63 70 57 56
8 6 3 2 2 1 1 0 3 11 17 20 21 8 8 4 26 9 5 27 21 30 18 28 36 33 30 55 31 60 67 66 67 57 20 32 44 47 51 27 67 67 83 69 61 45 78 68 70 53 57 53 54 38 45 17 8 8 11 37 64 84 77 86 79 53 79 74 40 30 37 56 48 69 41 49 74 59 50 61 50 55 42 41 46 31 10 18 22 30 48 58 66 68 63 52
4 3 3 3 2 2 1 1 1 3 10 16 17 13 6 4 26 7 3 14 9 12 14 22 15 37 35 45 33 11 26 32 26 21 44 49 66 80 53 51 31 68 92 61 39 76 69 58 75 56 57 46 32 39 39 45 25 12 13 58 80 76 83 88 85 82 77 83 68 28 47 37 40 20 29 70 62 28 50 30 38 41 39 38 46 33 41 18 7 32 51 69 77 70 64 38
7 3 7 10 5 5 4 4 2 3 6 11 9 7 6 3 12 5 2 6 11 8 7 9 12 25 28 28 31 23 10 8 13 35 41 72 81 56 61 69 48 83 88 60 72 68 64 40 84 60 71 56 67 72 71 55 37 14 17 30 73 66 84 85 80 73 78 84 74 46 32 46 51 45 49 54 65 81 37 47 30 24 46 39 26 43 58 52 20 20 26 24 35 42 46 38
21 18 11 21 16 12 11 10 5 1 3 4 4 5 4 4 3 2 2 4 5 6 3 5 9 13 17 20 20 34 6 8 14 33 79 83 64 44 70 76 64 74 80 66 59 67 62 56 82 67 56 71 59 67 68 54 39 18 12 16 20 63 77 81 72 65 81 75 51 19 31 59 30 51 73 64 73 48 22 58 33 34 43 42 68 50 32 38 47 46 40 17 10 10 16 20
31 16 28 24 29 20 25 14 7 5 1 1 1 2 4 2 3 2 1 2 4 5 2 3 3 3 19 16 13 6 10 4 20 70 66 67 29 60 84 69 52 54 64 28 35 84 54 76 81 77 56 71 81 54 30 33 36 37 29 18 22 37 58 68 67 66 49 56 29 26 45 46 40 58 68 76 60 43 51 58 50 26 44 72 69 66 48 44 49 51 60 53 33 12 6 11
31 35 40 24 36 28 20 16 13 11 11 4 2 1 1 1 3 2 1 1 2 1 1 2 1 3 12 19 9 7 12 2 32 57 42 26 36 76 87 74 39 45 43 33 78 67 50 53 87 85 47 54 54 71 54 34 10 18 22 31 26 35 27 36 24 45 52 48 22 41 55 54 47 45 67 61 53 61 30 17 53 47 54 67 71 56 53 46 35 43 55 47 40 18 15 4
46 32 44 46 40 26 22 28 14 15 10 8 6 3 1 1 1 1 1 1 2 1 1 1 1 2 3 13 2 4 10 3 16 36 16 25 36 55 53 59 45 49 29 69 74 30 55 88 85 77 78 36 22 29 23 29 12 14 28 39 25 39 27 17 16 31 25 22 20 49 47 63 36 59 65 59 74 40 44 29 55 29 30 36 46 66 65 48 38 30 50 42 45 37 31 12
34 24 49 49 22 28 12 14 26 19 12 10 8 7 4 1 1 0 0 0 0 0 1 1 0 1 1 1 1 15 5 2 4 5 8 33 39 51 82 62 56 40 54 54 51 46 51 88 83 74 92 70 43 56 51 29 14 9 5 14 41 27 22 12 15 29 20 17 26 37 55 60 54 28 35 35 47 42 39 48 11 56 41 51 54 63 58 61 68 48 47 49 51 58 32 22
19 35 71 46 42 22 43 21 34 30 15 13 9 3 3 2 2 2 1 1 2 1 1 1 1 0 0 1 3 13 1 3 4 3 13 36 43 13 39 36 47 39 39 54 40 46 66 87 82 81 84 85 45 29 24 20 17 20 15 3 5 13 13 12 13 19 15 16 18 36 48 63 55 58 19 32 50 41 21 25 45 30 25 54 59 58 62 69 59 71 59 68 66 60 41 32
26 43 63 40 35 35 20 24 36 24 21 17 10 8 4 6 3 4 4 4 2 4 1 1 3 1 0 0 1 5 1 3 4 5 11 16 15 19 14 7 34 48 28 23 33 71 82 83 76 66 78 78 60 45 48 55 46 30 23 7 2 10 8 6 11 9 9 12 26 35 33 44 40 37 47 44 35 53 82 80 68 70 47 50 48 49 55 63 74 63 78 72 63 62 58 52
28 58 25 31 38 29 27 16 31 28 11 9 17 7 6 4 4 5 6 6 5 5 4 4 2 3 1 0 1 2 1 2 4 5 8 9 11 18 18 7 16 50 34 14 41 53 84 75 38 32 43 67 82 73 55 49 39 27 13 5 2 11 6 3 5 7 10 20 28 37 35 40 45 60 72 73 65 83 81 77 68 50 35 26 27 50 71 64 63 69 75 76 74 76 67 58
57 22 31 27 21 33 32 21 11 13 18 19 17 13 6 9 7 7 8 12 12 7 9 5 7 3 2 0 0 2 1 1 2 5 9 11 16 14 14 5 8 19 28 10 32 34 64 39 21 24 49 57 80 74 66 47 43 28 13 10 2 4 3 2 9 6 13 30 29 34 38 36 66 72 86 71 78 69 75 54 24 17 21 41 15 44 63 58 75 84 75 60 44 38 29 26
20 25 42 64 55 38 14 8 10 26 26 19 10 18 15 14 12 19 15 15 16 15 10 11 8 4 2 1 0 0 0 1 1 4 6 22 28 17 18 6 5 6 9 3 10 20 14 22 26 41 43 66 85 75 67 64 54 40 33 14 4 3 3 2 7 11 16 13 13 26 47 50 56 62 64 67 71 59 41 33 36 26 47 50 77 54 37 64 82 71 57 59 58 53 46 42
44 56 46 16 14 21 24 11 20 32 31 25 24 23 20 27 16 23 21 26 11 23 19 14 8 4 1 1 0 0 0 0 0 1 5 9 10 14 20 9 10 8 8 2 7 15 23 55 71 71 86 68 85 81 75 56 57 34 21 11 4 4 3 1 1 3 6 17 29 27 41 66 41 48 46 62 64 25 15 28 26 33 64 57 76 54 75 61 67 58 59 61 55 61 62 54
47 29 36 35 32 20 26 14 35 37 34 33 49 29 38 33 30 44 36 21 23 23 28 10 10 5 3 1 1 0 0 0 0 1 2 4 12 22 23 6 4 6 6 4 8 19 46 32 62 64 60 54 90 83 75 48 30 20 13 4 3 1 1 0 0 2 9 28 37 29 37 59 50 36 31 42 27 31 52 50 32 62 64 59 70 78 62 56 59 55 46 55 59 66 59 74
26 23 15 13 13 11 6 22 42 37 38 56 40 47 45 46 52 24 19 42 31 35 31 11 6 4 4 3 2 1 0 0 0 1 2 2 2 8 15 6 4 5 5 6 14 18 9 23 42 78 47 63 81 65 68 53 35 18 6 4 3 1 0 1 0 1 7 14 41 28 31 13 26 38 30 44 47 49 44 40 40 68 62 57 64 62 36 61 35 44 55 66 66 47 75 76
15 22 32 37 32 18 16 26 41 59 56 54 40 49 69 65 42 26 29 52 38 21 17 14 7 5 5 5 2 2 1 1 0 0 2 2 1 1 1 1 1 3 3 5 12 9 14 28 67 26 23 49 84 66 48 28 19 15 14 9 2 1 0 0 0 1 5 8 15 24 23 18 39 30 38 47 60 72 70 68 63 85 61 43 41 50 63 80 74 51 51 56 49 57 63 57
27 47 33 56 26 25 27 45 45 60 58 26 28 53 52 41 33 33 47 68 29 21 20 15 10 8 5 3 2 1 1 1 1 0 0 1 2 1 1 1 1 2 3 3 4 9 18 11 53 17 36 65 82 50 27 22 17 7 4 6 3 2 0 1 0 0 2 2 8 12 23 32 47 43 69 71 82 53 37 25 78 78 78 53 19 53 74 88 83 76 78 47 70 54 49 79
44 45 66 57 31 49 47 50 69 62 47 34 39 60 43 60 24 38 68 36 26 20 24 21 18 13 6 4 2 2 2 2 1 1 0 0 1 0 1 1 1 1 2 2 3 7 12 11 6 13 39 73 78 44 30 23 10 8 7 4 3 1 1 1 0 1 3 8 14 21 31 38 52 63 72 65 33 35 27 70 76 78 81 82 41 57 83 84 72 65 60 68 50 55 36 56
60 65 40 30 40 49 48 70 38 52 24 47 52 80 64 46 27 62 21 18 40 22 15 10 12 10 9 7 6 4 4 3 2 2 1 1 0 1 1 0 1 1 1 2 4 10 4 12 2 5 27 57 86 74 33 22 13 4 6 3 3 1 1 0 0 1 5 13 29 33 34 43 53 49 43 50 44 59 72 79 73 78 67 81 72 62 66 37 22 19 47 80 69 49 32 37
70 52 38 29 39 54 66 16 61 27 33 53 70 74 52 29 59 51 32 14 14 22 7 8 14 14 20 8 13 11 6 6 3 2 2 1 1 0 0 0 1 1 1 2 3 5 1 6 1 8 17 11 52 61 30 15 6 4 3 1 3 3 1 1 0 3 7 10 14 20 25 28 37 42 64 69 68 68 72 62 70 60 47 72 66 46 37 47 62 65 79 39 55 52 31 29
35 53 41 34 49 69 72 26 56 51 67 51 79 50 36 48 60 27 30 26 54 33 16 12 18 31 22 26 20 23 9 3 1 4 2 2 2 1 0 0 0 1 1 2 3 1 3 5 1 7 8 40 46 24 22 17 14 7 3 2 3 2 2 1 0 0 3 7 13 14 18 24 38 34 35 35 37 37 83 46 67 72 53 49 41 28 63 67 67 79 75 58 46 59 59 57
85 36 56 56 67 44 51 61 59 49 58 58 50 43 43 73 33 44 37 65 55 32 39 28 16 39 44 40 50 27 17 4 2 2 1 1 1 2 1 0 0 1 1 1 1 2 11 3 1 6 36 42 57 16 14 19 9 6 4 2 2 1 1 0 0 0 1 3 6 9 4 12 12 14 31 46 46 47 73 64 53 67 85 43 32 49 50 60 78 70 63 73 56 58 46 57
79 93 88 90 85 58 16 10 58 34 66 75 84 76 60 68 65 75 56 69 54 52 50 43 40 50 65 68 31 31 18 9 9 4 3 3 1 2 2 1 0 0 1 1 1 1 1 1 0 6 15 51 44 10 14 13 12 6 3 3 2 1 1 0 0 0 4 6 8 16 23 33 51 47 29 30 47 77 72 75 76 56 57 70 40 45 64 64 54 37 74 85 55 45 58 66
62 87 73 81 76 61 75 35 55 45 21 39 81 86 89 62 47 54 66 66 62 56 66 50 63 63 74 55 52 44 32 18 12 11 9 3 2 3 2 1 1 0 0 1 2 1 1 0 1 3 11 6 20 6 19 8 12 8 4 2 2 2 1 0 0 2 4 9 13 27 47 39 26 42 65 45 60 77 77 89 77 63 56 51 14 25 29 48 69 81 87 63 83 54 52 61
46 85 62 77 76 64 87 63 41 73 52 42 70 78 74 64 73 52 79 87 88 70 59 44 79 66 68 55 39 29 33 22 20 19 14 7 4 3 1 2 1 0 0 1 1 1 1 0 0 1 3 5 26 13 28 20 8 11 3 3 1 1 0 0 1 2 6 5 13 24 49 59 65 55 72 76 79 77 69 84 82 50 32 28 15 25 49 67 61 90 62 70 80 83 57 57
51 79 67 63 80 55 63 26 45 76 58 33 12 57 68 65 73 58 54 81 86 50 73 39 70 56 70 53 44 20 28 42 37 31 24 7 3 2 3 2 1 0 0 0 2 1 1 0 0 0 2 9 25 4 7 3 8 11 8 2 1 0 0 0 1 2 6 5 13 21 36 53 46 32 33 47 83 58 80 80 88 84 25 16 15 33 62 41 72 84 71 80 67 61 43 65
15 40 26 52 73 59 58 15 47 80 44 25 17 33 68 64 68 63 31 36 64 46 41 61 29 26 76 44 25 14 7 11 19 14 14 11 5 6 5 2 1 0 0 0 0 1 1 1 0 1 3 11 8 17 7 3 3 2 1 1 1 0 0 0 1 2 3 4 7 13 22 19 27 42 46 61 87 89 72 63 78 82 63 17 8 25 26 50 79 68 62 29 22 30 42 61
15 43 69 51 61 41 70 46 58 81 66 35 32 29 65 80 50 11 12 24 35 20 27 66 36 16 59 47 53 17 1 13 27 20 8 18 12 8 2 1 0 0 0 0 0 1 1 1 0 3 4 9 3 5 4 4 1 1 2 1 1 0 0 0 1 1 1 2 3 10 19 25 44 45 55 80 88 87 82 47 52 65 59 27 8 18 38 62 58 30 29 60 59 58 63 74
24 15 14 19 28 42 73 28 63 64 83 52 31 25 27 22 15 12 12 30 23 21 14 57 20 41 48 34 53 65 25 13 14 10 12 14 10 6 3 2 1 0 0 0 0 0 1 1 0 1 4 8 1 2 2 6 2 1 1 1 0 0 0 0 1 2 13 10 15 33 46 66 73 56 70 93 89 88 81 60 14 32 50 42 10 18 35 60 44 46 86 64 47 53 41 75
27 33 15 15 26 42 66 55 37 54 76 52 20 9 28 29 12 29 11 13 19 18 14 58 18 12 42 31 39 51 29 21 27 8 4 4 2 2 1 1 2 1 0 0 0 0 0 0 0 1 4 4 0 2 1 1 3 3 1 0 0 0 0 0 1 2 5 16 39 49 78 54 32 49 80 92 87 77 75 76 60 17 46 39 10 19 38 37 29 71 69 50 63 79 22 11
28 36 26 16 22 15 60 65 54 23 77 42 13 4 22 20 29 31 22 12 16 20 4 20 47 5 14 17 42 67 23 5 11 7 10 11 6 5 2 2 1 1 1 0 0 0 0 0 0 1 5 4 1 1 1 1 1 1 1 0 0 0 0 0 0 3 7 21 33 35 17 24 48 56 75 77 83 73 65 47 62 24 15 19 18 32 25 20 60 85 46 59 67 75 67 23
39 26 25 10 10 13 41 70 33 27 61 53 28 4 18 19 37 30 23 16 16 27 12 12 65 10 16 16 36 35 41 25 24 25 15 10 8 6 4 1 1 0 0 0 0 0 0 0 1 2 7 4 1 1 1 0 0 1 1 0 0 0 0 0 1 5 20 23 16 14 31 40 55 86 76 66 80 48 30 25 52 28 14 4 6 23 25 44 81 55 44 56 77 64 65 31
68 15 27 12 9 14 27 32 9 8 68 42 6 3 15 17 35 26 34 25 27 20 19 13 27 13 6 16 24 21 32 39 19 10 9 4 5 5 4 3 1 1 0 0 0 0 0 0 0 1 4 2 1 1 0 0 0 0 0 0 0 0 0 0 1 7 9 6 6 12 38 48 78 83 82 60 40 58 18 19 46 17 5 2 11 33 44 60 67 26 56 83 74 69 78 41
17 27 11 10 8 6 9 15 11 15 49 22 9 3 9 14 30 9 23 15 14 18 16 11 18 25 11 5 2 15 14 30 13 7 8 5 2 2 2 2 1 0 0 0 0 0 0 0 1 2 3 1 1 1 0 0 0 0 0 0 0 0 0 1 2 4 2 2 9 30 40 49 81 86 68 52 34 40 41 11 17 13 4 3 13 18 40 65 38 39 76 67 65 66 60 52
15 10 22 20 7 7 3 4 3 5 14 6 18 7 4 10 26 9 6 18 7 4 2 18 20 30 4 3 1 4 19 32 27 11 5 2 2 1 1 0 1 0 0 0 0 0 0 0 0 1 1 1 0 0 0 0 0 0 0 0 0 0 0 0 2 1 0 3 16 31 45 74 72 71 64 54 33 24 40 13 7 8 3 4 11 18 48 53 36 28 35 52 46 40 56 62
28 15 10 22 25 14 10 3 2 7 6 4 13 15 4 8 15 15 5 5 4 5 4 38 16 19 9 1 1 1 4 7 23 18 8 4 2 1 1 0 2 1 0 0 0 0 0 0 1 1 1 1 1 0 0 0 0 0 0 0 0 0 0 1 1 0 1 7 18 52 59 78 76 57 33 13 10 9 14 13 10 3 2 4 9 13 32 29 18 14 32 28 19 35 53 66
29 17 8 12 14 24 8 3 1 6 7 3 3 6 3 4 8 12 3 3 2 1 2 5 2 4 14 1 2 1 1 4 20 21 7 3 3 8 5 3 1 0 0 0 0 0 0 0 0 0 0 1 1 0 0 0 1 0 0 0 0 0 0 0 0 0 1 4 21 74 69 65 79 67 32 14 4 1 4 7 5 2 1 2 6 12 24 12 7 24 36 43 71 59 72 65
61 30 14 4 9 16 22 2 4 7 9 4 1 3 3 1 4 10 3 2 2 1 1 2 0 1 6 4 1 2 1 1 7 34 16 5 2 1 1 1 1 0 0 0 0 0 0 0 0 0 0 0 1 1 0 0 0 0 0 0 0 0 0 0 1 3 6 19 42 45 77 79 60 71 56 25 12 4 1 1 4 2 1 0 1 4 5 3 9 23 33 69 72 62 57 62
42 74 24 10 3 4 4 3 4 6 5 3 5 2 2 1 1 10 3 2 1 1 0 1 1 0 3 4 1 2 1 0 3 10 26 10 4 4 4 2 1 0 0 0 0 0 0 0 0 0 0 1 1 0 0 0 0 0 0 0 0 0 0 0 1 4 10 7 17 41 66 57 47 43 64 29 10 3 1 1 1 0 0 0 1 1 1 4 15 27 58 64 40 54 64 63
8 55 62 31 11 4 1 7 2 2 2 2 6 2 1 1 1 10 4 2 1 0 0 1 2 0 1 2 1 2 1 0 3 2 3 18 4 1 2 2 1 0 0 0 0 0 0 0 0 0 0 0 0 0 0 0 0 0 0 0 0 0 0 0 1 1 1 7 49 54 53 49 33 35 32 24 11 4 4 1 0 0 0 0 2 8 7 4 11 32 33 25 29 51 68 61
4 25 31 46 18 7 3 6 6 1 4 2 3 2 4 2 1 2 6 1 1 0 0 1 1 1 1 1 0 2 2 0 2 2 2 1 13 5 4 2 1 0 0 0 0 0 0 0 0 0 0 0 0 0 0 0 0 0 0 0 0 0 0 0 1 2 4 8 37 63 53 64 48 11 11 15 8 7 4 2 0 0 0 1 2 6 17 28 11 9 9 23 41 54 77 55
10 14 12 26 9 5 4 4 5 3 2 2 2 3 2 2 2 1 3 2 1 0 0 1 2 1 1 1 0 1 2 1 0 1 1 4 4 1 6 2 1 0 0 0 0 0 0 0 0 0 0 0 0 0 0 0 0 0 0 0 0 0 0 0 1 1 3 16 35 44 77 63 56 25 8 3 6 4 3 2 0 0 0 2 4 8 21 41 39 30 36 25 44 54 79 67
6 11 3 11 10 10 5 4 4 3 1 1 1 1 2 2 1 1 1 1 1 0 0 0 0 1 1 1 0 0 0 0 0 1 2 5 4 1 8 1 1 1 0 0 0 0 0 0 0 0 0 0 0 0 1 0 0 0 0 0 0 0 0 0 1 1 3 9 32 22 63 56 39 29 32 8 6 3 1 0 0 0 0 1 6 14 23 38 55 50 49 48 42 68 91 78
7 5 5 3 5 2 3 3 9 6 2 1 1 1 1 1 1 1 1 1 1 1 0 0 0 1 0 1 1 0 0 0 1 1 7 11 4 2 1 2 1 1 0 0 0 0 0 0 0 0 0 0 0 0 0 0 0 0 0 0 0 0 0 0 1 2 4 19 37 48 51 57 42 24 12 13 5 3 1 0 0 0 1 0 2 9 16 27 39 29 51 56 75 91 91 76
3 5 3 2 2 1 1 1 1 1 1 1 0 1 0 0 0 1 1 1 1 0 0 0 0 1 0 0 0 0 0 0 1 2 3 5 8 18 14 6 1 1 0 0 0 0 0 0 0 0 0 0 0 0 0 0 0 0 0 0 0 0 0 0 1 3 14 31 39 52 53 52 45 30 6 4 4 1 1 0 0 1 4 3 2 1 4 8 15 35 40 69 67 89 88 69
1 2 1 1 1 1 0 0 0 0 0 0 1 0 0 0 0 0 0 0 0 0 0 0 0 0 0 0 0 0 0 0 0 1 1 1 1 1 1 0 1 0 0 0 0 0 0 0 0 0 0 0 0 0 0 0 0 0 0 0 0 0 0 0 1 1 4 9 32 51 27 54 26 16 4 2 1 1 0 0 0 1 3 6 17 10 15 14 29 53 60 65 78 79 67 52
0 0 0 0 0 0 0 0 0 0 0 0 0 0 0 0 0 0 0 0 0 0 0 0 0 0 1 0 0 0 0 0 0 0 0 0 0 0 0 0 0 0 0 0 0 0 0 0 0 0 0 0 0 0 0 0 0 0 0 0 0 0 0 0 1 3 3 10 18 15 22 31 21 8 2 1 1 0 0 0 0 0 2 3 7 21 39 38 54 76 71 54 68 51 55 42
1 0 0 0 0 0 0 1 0 0 1 2 1 2 1 0 0 0 0 0 0 0 0 0 0 0 0 0 0 0 0 0 0 0 0 0 0 0 0 0 1 0 0 0 0 0 0 0 0 0 0 0 0 0 0 0 0 0 0 0 0 0 0 0 1 2 3 13 11 13 21 10 10 3 1 0 0 0 0 0 0 1 3 6 8 27 68 65 26 37 74 85 51 19 19 34
4 2 0 1 1 1 1 3 1 2 4 6 7 5 3 1 1 0 0 0 0 0 0 0 0 0 0 0 0 0 0 0 0 0 0 0 0 0 0 0 0 0 0 0 0 0 0 0 0 0 0 0 0 0 0 0 0 0 0 0 0 0 0 0 1 3 4 3 5 8 8 5 6 1 1 0 0 0 0 1 2 3 5 10 32 37 32 9 22 59 88 82 75 20 8 11
8 2 2 5 5 6 6 6 7 10 8 8 7 12 5 3 2 1 1 0 0 0 0 0 0 0 0 0 0 0 0 0 0 0 0 0 0 0 0 0 0 0 0 0 0 0 0 0 0 0 0 0 0 0 0 0 0 0 0 0 0 0 0 0 1 3 7 3 1 1 3 3 1 1 0 0 0 0 0 1 3 3 10 24 25 8 4 11 30 78 84 68 40 37 4 1
11 7 4 13 13 23 12 15 26 15 24 14 22 12 8 5 7 3 1 1 1 0 0 0 0 0 0 0 0 0 0 0 0 0 0 0 0 0 0 0 0 0 0 0 0 0 0 0 0 0 0 0 0 0 0 0 0 0 0 0 0 0 0 0 1 3 5 4 1 3 1 1 0 0 0 0 0 0 1 1 3 10 8 6 2 2 7 21 45 66 64 55 20 38 7 1
23 17 10 27 45 66 46 36 55 43 37 25 51 36 27 16 5 2 2 3 1 0 1 1 0 0 0 0 0 0 0 0 0 0 0 0 0 0 0 0 0 0 0 0 0 0 0 0 0 0 0 0 0 0 0 0 0 0 0 0 0 0 0 0 1 2 8 4 1 1 1 0 0 0 0 0 0 0 1 1 3 4 2 0 2 9 17 44 62 44 47 23 11 15 20 1
62 63 49 36 39 38 24 13 41 21 23 21 23 34 33 9 8 7 6 6 3 0 0 0 1 0 0 0 0 0 0 0 0 0 0 0 0 0 0 0 0 0 0 0 0 0 0 0 0 0 0 0 0 0 0 0 0 0 0 0 0 0 0 0 0 2 9 8 1 1 0 0 0 0 0 0 0 0 0 1 1 0 0 2 5 11 21 63 65 84 34 5 3 5 8 2
49 36 60 37 31 41 36 25 18 15 21 32 18 12 22 41 29 8 2 1 1 0 0 0 0 1 0 0 0 0 0 0 0 0 0 0 0 0 0 0 0 0 0 0 0 0 0 0 0 0 0 0 0 0 0 0 0 0 0 0 0 0 0 0 0 1 4 10 3 1 0 0 0 0 0 0 0 0 0 0 0 0 2 5 7 12 39 35 50 57 51 7 1 0 3 2
50 17 47 44 14 6 16 22 27 24 11 9 42 13 15 29 12 8 4 2 2 1 1 0 1 1 0 0 0 0 0 0 0 0 0 0 0 0 0 0 0 0 0 0 0 0 0 0 0 0 0 0 0 0 0 0 0 0 0 0 0 0 0 0 0 0 1 4 3 1 0 0 0 0 0 0 0 0 0 0 0 1 2 4 15 28 36 30 22 17 45 12 2 0 0 1
