sesion_6_simulaciones/modelos_agentes/ejemplos_netlogo/scenarios/echam4_a2/rob_2013.asc
NCOLS 322 
NROWS 307 
XLLCORNER 451900 
YLLCORNER 4086900 
CELLSIZE 100 
NODATA_value -9999 
[rows 74 to 147 of 307, columns 96 to 191 of 322]
30 63 42 24 23 27 25 53 24 25 20 66 38 73 68 55 17 9 14 21 63 63 43 27 27 10 10 2 10 20 8 8 11 18 8 4 5 6 17 5 5 6 14 3 6 15 17 3 5 15 10 32 59 40 35 17 27 35 53 35 29 80 70 55 59 63 40 54 65 67 56 67 53 67 42 42 57 65 45 40 22 43 56 43 23 9 9 10 6 7 5 4 3 2 0 0
35 39 33 23 16 21 29 41 24 39 44 34 19 29 39 61 41 48 60 74 92 67 67 49 20 28 8 6 13 4 11 56 23 22 27 19 7 5 6 3 7 23 30 17 41 23 19 47 53 11 14 9 16 42 14 17 34 53 37 22 47 50 73 59 61 44 39 51 65 71 45 80 49 58 51 36 60 33 24 51 50 41 17 16 22 19 14 12 18 14 18 18 7 4 1 1
47 30 26 25 18 31 17 45 22 44 52 19 26 48 40 34 45 70 53 73 81 84 80 74 30 19 14 6 11 16 45 56 41 28 29 28 28 9 14 19 8 8 12 6 10 34 14 33 26 27 8 7 15 12 18 22 32 55 28 34 38 23 61 61 59 38 57 48 80 61 36 68 62 55 63 58 33 21 75 48 33 31 49 33 48 49 40 46 46 28 28 22 12 7 3 2
48 18 36 31 22 19 23 33 27 31 69 33 34 33 36 48 70 45 69 66 84 87 67 55 62 11 10 16 31 29 45 20 40 20 36 10 44 25 13 26 9 5 4 3 11 16 41 43 27 53 45 27 21 4 7 12 35 18 20 14 33 17 55 47 45 26 56 58 64 34 29 38 64 33 61 36 35 41 64 38 49 45 41 58 71 66 69 46 42 49 23 23 11 8 5 4
46 26 34 33 40 19 24 29 12 47 67 57 39 27 46 46 52 65 80 55 54 64 72 80 41 31 40 52 67 42 41 24 33 34 8 17 23 28 24 28 24 5 4 8 16 22 43 44 22 64 58 46 51 34 30 11 13 10 18 13 21 17 10 27 17 25 31 46 36 20 27 27 62 44 27 13 46 53 42 41 61 76 83 75 76 73 46 51 52 29 29 14 9 11 8 15
58 59 21 50 56 30 12 29 12 30 25 60 45 35 38 9 46 83 53 60 58 40 65 76 45 33 75 77 73 70 76 41 11 11 14 42 46 13 19 25 34 9 7 17 20 20 32 73 69 64 57 58 66 27 57 47 41 14 7 4 16 23 9 11 14 24 23 32 12 10 27 40 39 33 69 62 29 25 55 69 73 73 70 69 58 68 65 73 46 28 23 15 12 19 33 15
79 82 61 54 20 17 12 11 11 38 18 11 43 55 15 37 74 50 38 34 50 25 15 56 64 70 76 69 76 63 84 75 34 35 43 61 34 28 6 18 43 24 10 17 30 53 27 27 69 47 57 80 67 56 70 39 47 64 49 46 47 14 43 21 13 5 21 29 32 46 32 5 7 11 20 56 64 74 47 73 71 54 75 61 55 56 69 71 52 42 36 23 52 43 13 10
58 52 66 15 11 12 19 15 13 19 20 4 11 23 30 42 24 56 57 44 37 49 13 22 62 78 74 48 42 62 52 39 63 58 58 55 66 58 21 21 57 44 11 15 40 34 19 13 37 21 65 76 57 86 74 47 72 45 31 36 60 23 39 47 36 20 37 41 62 28 41 17 15 17 26 15 25 66 68 72 50 62 76 67 48 58 77 64 55 48 46 51 63 40 15 31
66 66 54 24 22 25 31 21 10 16 26 3 13 28 34 22 21 70 50 35 42 73 44 41 66 92 65 19 44 48 35 39 15 23 82 62 34 32 24 44 68 59 27 18 29 25 21 28 27 52 54 81 83 87 70 68 71 52 67 48 63 44 44 40 37 39 22 28 57 30 62 73 57 42 29 31 27 18 52 79 86 54 69 63 44 78 62 45 56 69 55 72 46 35 25 56
21 36 58 54 8 8 24 25 34 18 17 6 22 50 35 11 19 79 33 51 43 43 32 67 48 57 35 48 59 47 37 37 22 58 89 73 54 27 21 57 39 20 35 15 21 15 18 23 24 34 30 71 70 86 69 68 81 54 73 69 59 61 36 37 42 27 60 28 48 61 75 76 56 36 44 24 22 33 20 71 69 66 37 64 76 40 49 52 63 53 58 45 30 38 38 78
10 16 23 33 39 8 17 10 8 28 26 10 19 43 34 20 30 76 45 46 26 19 71 72 65 55 29 62 62 47 24 14 62 90 88 86 79 42 51 58 50 12 33 22 27 36 30 20 27 10 7 34 77 88 62 70 61 66 85 77 60 45 30 22 63 36 73 53 41 60 77 73 36 29 40 38 39 37 28 32 69 82 77 55 32 64 73 73 62 72 29 47 45 63 44 76
6 11 20 12 30 33 22 19 10 20 37 9 21 50 28 38 32 44 54 66 61 19 40 49 79 69 64 67 68 72 46 81 90 81 78 87 82 49 40 63 42 19 36 29 31 38 35 23 28 19 23 38 77 81 58 49 55 85 83 81 55 26 46 57 75 58 83 73 60 39 76 60 64 57 54 42 37 43 32 28 41 75 66 78 75 45 71 33 70 38 35 60 46 78 47 61
5 3 2 2 8 18 8 4 8 14 18 10 31 53 32 11 27 23 47 60 71 61 28 36 38 44 72 86 60 59 78 86 87 73 79 78 63 79 58 64 47 69 54 62 36 47 53 53 36 35 23 42 66 89 69 49 79 70 84 74 53 41 43 55 82 63 78 71 61 41 65 54 46 22 48 32 15 36 34 21 12 58 75 68 51 85 61 57 62 58 58 69 73 77 77 44
4 2 0 1 7 6 1 3 6 10 6 17 49 39 11 6 14 19 43 49 61 83 51 28 24 34 73 74 82 43 84 71 69 71 88 83 64 78 54 64 58 90 46 75 55 49 41 29 29 27 24 17 46 81 68 76 66 78 89 67 43 46 59 75 76 60 69 66 53 19 24 32 55 55 64 42 25 38 40 45 51 15 62 69 64 77 84 86 92 74 86 87 75 42 78 31
6 5 1 1 6 3 2 4 7 5 9 17 28 31 10 4 35 30 24 30 39 53 70 67 49 33 54 65 80 78 74 85 83 56 58 47 50 75 33 48 90 79 62 48 35 53 37 46 51 54 53 25 32 60 57 66 68 81 81 66 60 72 72 77 79 44 63 69 53 27 25 45 62 58 46 72 37 28 39 43 48 31 21 60 67 85 78 53 54 67 67 82 74 43 55 65
7 3 2 1 2 2 1 10 5 5 4 10 47 21 6 3 25 14 25 34 37 51 60 59 62 38 42 22 42 72 61 67 72 64 64 62 47 38 53 86 53 74 41 26 40 69 55 55 59 60 47 43 26 29 27 49 65 70 80 60 48 61 61 84 80 54 61 77 34 13 15 38 36 51 83 71 43 44 21 52 38 52 50 19 55 78 77 74 73 67 49 46 61 39 25 43
3 3 1 1 1 0 1 5 5 2 10 23 39 36 6 3 12 3 14 48 46 49 20 30 55 42 43 33 62 88 80 75 51 66 49 32 39 32 66 45 42 43 23 57 82 65 61 61 46 34 32 30 25 22 9 14 43 61 78 47 66 63 85 88 87 53 77 64 52 30 18 30 54 72 90 47 42 72 36 47 43 49 58 40 18 61 66 51 33 47 42 40 30 42 40 36
8 6 3 1 1 0 0 1 3 5 7 28 16 10 16 5 15 3 2 10 14 40 22 22 22 13 30 48 75 84 61 68 75 69 63 37 20 34 75 24 53 57 69 78 80 61 77 40 28 36 63 59 65 61 52 21 8 6 34 46 50 66 80 87 87 60 89 66 65 53 29 32 52 87 73 37 69 64 41 34 53 58 57 46 34 11 30 50 43 42 26 39 59 65 49 48
4 3 1 1 1 1 0 0 1 5 9 12 11 4 4 2 16 4 2 15 12 16 11 17 24 22 18 46 21 48 53 51 55 47 15 27 42 46 52 28 65 66 82 69 64 49 82 74 76 58 59 55 54 35 39 13 6 6 8 30 59 82 75 85 78 53 78 73 40 31 35 55 50 72 43 58 80 68 63 73 58 61 45 43 46 31 9 17 20 28 42 53 60 61 54 41
2 1 2 1 1 1 1 0 0 1 5 9 8 6 3 2 14 3 1 7 5 6 8 13 9 22 24 30 20 6 17 21 17 13 37 44 66 77 52 52 29 66 92 62 39 78 73 64 78 60 60 47 31 37 35 39 20 9 10 50 75 71 84 87 83 80 76 82 66 27 44 36 42 21 33 74 70 37 62 41 49 46 42 40 47 34 40 17 6 28 44 64 70 60 53 28
3 1 3 4 2 2 2 2 1 1 3 5 4 3 3 1 5 2 1 3 5 4 3 4 6 14 15 18 18 13 5 4 8 25 33 68 78 53 57 66 45 82 87 59 72 67 68 45 86 64 73 58 66 69 68 48 28 11 13 23 63 56 81 81 76 69 75 81 70 43 29 46 51 48 53 59 70 85 49 59 39 30 49 42 29 45 59 50 17 16 19 18 25 31 34 26
11 9 5 11 7 6 5 4 2 1 1 2 2 2 1 2 2 1 1 2 2 2 1 2 4 6 10 10 12 23 3 5 9 26 72 79 55 39 66 72 61 71 78 63 56 69 62 58 84 69 57 70 57 64 63 45 28 13 8 12 14 51 71 74 69 57 76 68 43 16 28 57 31 53 74 68 77 55 32 74 44 42 47 45 71 52 33 38 44 40 32 12 6 6 9 12
22 9 16 14 16 10 15 6 3 2 0 1 0 1 1 1 2 1 1 1 2 2 1 1 1 2 10 7 8 3 5 2 12 63 55 59 21 52 83 64 45 48 59 24 34 83 54 79 84 78 55 69 79 50 23 24 26 26 20 12 14 26 47 58 61 57 38 47 23 21 41 45 40 60 70 78 61 51 62 69 64 36 51 76 72 68 50 44 47 47 54 43 23 7 3 7
24 25 28 15 23 18 10 8 6 5 5 2 1 0 0 0 1 1 0 0 1 0 0 1 1 1 6 11 4 3 7 1 21 43 29 17 27 66 81 66 32 39 36 29 75 65 48 55 88 88 46 52 52 66 46 23 6 12 13 21 18 24 18 25 16 33 41 38 15 35 51 51 46 46 69 62 55 66 40 24 64 59 63 72 74 57 54 46 34 39 49 37 30 12 9 2
36 23 32 34 26 15 14 15 8 8 4 4 3 1 1 0 0 1 0 0 1 1 0 1 0 1 1 7 1 2 6 2 9 22 9 16 23 43 42 48 36 39 22 62 69 27 55 90 86 78 78 34 19 24 17 20 7 9 20 32 17 27 17 11 10 21 17 15 13 41 42 61 35 59 66 60 75 41 50 40 67 45 39 42 50 68 67 48 37 28 45 35 35 27 20 7
27 17 38 37 13 17 7 8 16 11 5 5 3 3 2 1 0 0 0 0 0 0 0 0 0 0 0 1 1 8 2 1 2 3 5 22 26 38 75 50 42 30 42 46 46 46 51 89 83 73 93 69 41 50 43 21 9 6 3 9 31 16 13 7 9 19 13 11 18 30 48 56 51 27 36 37 47 45 45 58 17 68 52 58 59 66 60 62 68 46 43 43 42 46 22 14
15 31 64 37 30 14 28 13 22 17 7 6 5 1 1 1 1 1 1 1 1 1 0 0 0 0 0 0 1 7 1 1 2 1 8 24 31 8 24 22 35 26 26 39 32 40 64 85 79 79 85 85 42 25 19 12 11 13 9 2 3 8 8 7 8 12 8 10 13 28 39 57 52 56 19 32 50 46 28 35 58 44 37 63 66 62 64 70 60 71 57 64 59 50 29 21
22 38 59 34 28 25 12 15 22 15 12 8 5 4 2 2 1 2 2 2 1 2 1 1 1 1 0 0 1 3 1 1 2 2 6 8 9 11 8 4 23 32 19 13 25 68 81 80 71 63 79 79 58 40 42 44 35 21 15 4 1 6 4 3 7 5 5 8 17 26 26 38 36 34 47 44 37 58 86 85 76 79 59 61 56 54 59 66 76 64 76 69 57 53 46 39
26 53 22 25 32 21 18 10 21 18 5 4 8 4 3 2 2 2 3 3 3 2 2 2 1 1 0 0 0 1 0 1 2 3 5 5 7 11 9 4 8 40 22 8 32 44 81 69 30 25 39 66 81 70 48 40 29 18 8 3 1 6 3 2 3 4 6 13 19 28 27 33 40 57 71 73 66 84 82 80 74 58 46 36 37 58 75 67 65 70 76 75 71 70 57 46
56 21 29 23 16 25 24 13 6 8 9 11 8 7 3 4 3 4 4 6 6 3 5 2 4 2 1 0 0 1 0 1 1 2 5 6 10 9 8 2 4 11 16 6 21 25 52 29 14 19 43 55 79 71 60 38 32 19 8 6 1 2 2 1 5 4 8 21 20 25 30 30 62 70 85 70 78 72 76 59 30 24 31 54 25 56 68 63 77 85 76 59 39 31 21 17
20 25 41 59 47 31 9 5 7 18 15 12 5 10 8 8 6 9 8 8 7 7 5 5 4 2 1 1 0 0 0 0 0 2 3 12 18 9 12 4 3 3 5 1 5 12 9 15 19 33 39 65 83 71 62 56 43 29 24 9 2 1 2 1 4 7 10 8 8 18 39 43 50 57 61 66 70 61 44 34 43 36 58 61 84 61 48 70 85 73 58 58 54 46 36 31
46 55 45 13 11 17 19 8 14 23 19 14 14 13 11 17 9 12 12 15 5 13 10 8 4 2 1 0 0 0 0 0 0 1 2 5 5 9 10 5 6 4 4 1 4 8 15 45 62 64 84 65 83 79 71 47 46 24 13 7 2 2 2 1 1 2 4 11 19 19 31 57 34 43 43 60 63 26 16 31 31 43 72 64 81 61 82 70 73 60 60 61 53 56 55 46
48 28 34 30 27 16 21 10 28 27 24 24 36 20 27 22 19 28 21 13 13 13 16 5 6 3 2 0 0 0 0 0 0 0 1 2 7 13 14 3 2 4 3 2 4 11 33 22 52 59 54 50 88 80 68 37 21 13 8 3 2 1 1 0 0 1 5 20 27 20 27 50 42 32 28 40 27 32 54 55 37 70 70 61 71 80 67 69 63 59 48 56 59 64 56 69
27 23 14 12 10 8 5 18 34 31 30 46 33 35 34 32 39 14 12 29 17 22 17 6 3 2 2 1 1 1 0 0 0 0 1 1 1 4 7 4 2 2 3 3 8 11 5 14 33 72 39 61 78 58 58 41 22 11 4 2 1 1 0 0 0 1 4 9 32 20 22 9 20 32 27 41 46 49 47 45 48 74 65 57 64 64 40 69 44 50 59 67 67 47 74 74
15 22 30 33 27 14 13 22 36 55 50 48 34 42 59 54 29 18 18 38 23 11 10 7 3 2 2 2 1 1 1 1 0 0 1 1 0 1 1 0 1 1 2 3 6 6 8 18 58 18 17 45 82 59 37 19 12 9 8 5 1 1 0 0 0 1 3 5 10 16 15 13 31 25 34 45 60 72 71 73 70 88 63 43 40 50 65 84 80 56 58 60 51 56 62 56
29 49 33 53 24 21 25 41 42 57 56 23 24 47 43 30 23 22 34 56 19 13 11 8 4 4 2 2 1 1 0 0 1 0 0 1 1 0 0 0 0 1 1 1 2 5 9 6 42 11 29 60 79 40 18 15 11 4 2 3 2 1 0 0 0 0 1 1 5 8 15 23 38 37 65 69 81 53 38 29 81 79 78 52 21 52 74 90 85 78 83 53 71 53 48 78
49 49 68 56 29 48 46 50 69 62 44 31 36 57 39 53 19 30 57 25 17 12 13 11 10 7 3 2 1 1 1 1 1 1 0 0 0 0 0 0 0 1 1 1 2 4 6 7 3 8 30 67 76 36 22 16 7 5 4 2 2 0 0 0 0 0 2 5 9 15 22 28 43 56 68 62 32 35 29 73 78 79 81 82 40 58 82 84 73 67 66 71 50 54 34 53
66 67 43 33 40 51 51 70 39 53 23 47 50 77 61 41 22 55 15 11 25 14 9 5 6 5 5 4 3 2 2 2 1 1 0 0 0 0 0 0 0 0 0 1 2 6 2 8 1 3 19 50 83 67 24 14 8 3 3 2 1 1 1 0 0 1 3 8 20 23 24 32 43 41 39 47 43 59 74 81 74 77 66 80 70 61 65 37 22 20 51 81 69 48 30 33
74 58 43 31 43 58 67 18 62 28 34 54 70 72 46 28 55 43 22 9 9 14 4 4 8 7 11 4 7 6 3 3 1 1 1 1 0 0 0 0 0 0 0 1 1 3 1 4 1 5 11 8 43 50 20 9 3 2 2 1 1 2 1 0 0 2 4 6 9 13 17 22 28 36 60 70 67 68 73 64 69 59 44 70 63 42 36 46 62 68 83 42 55 51 28 24
42 59 45 38 54 74 75 30 62 55 70 55 81 50 36 45 57 23 23 19 42 20 9 7 11 20 11 16 11 13 4 2 0 2 1 1 1 0 0 0 0 0 0 1 1 0 2 3 1 4 5 31 35 17 15 11 8 4 2 1 1 1 1 0 0 0 2 4 9 9 12 17 31 30 29 32 35 38 84 46 66 71 51 45 36 25 60 66 66 81 78 61 45 59 56 53
85 42 60 61 71 50 52 62 62 53 57 59 53 47 44 72 32 41 31 58 46 23 26 18 10 26 31 27 34 16 10 2 1 1 1 1 1 1 1 0 0 0 1 1 0 1 6 1 1 3 25 32 47 11 9 12 6 4 2 1 2 1 1 0 0 0 0 2 4 6 3 8 8 11 28 43 44 47 73 64 52 67 86 37 27 45 49 58 77 69 65 75 58 57 45 54
79 94 89 91 86 59 19 12 57 36 65 74 83 76 62 68 65 75 56 66 50 45 40 34 30 39 54 55 20 19 9 5 4 2 1 2 1 1 1 0 0 0 0 1 0 0 1 0 0 3 9 39 34 7 9 9 7 3 2 2 1 1 1 0 0 0 2 4 5 10 15 23 41 39 25 28 45 78 72 74 75 54 56 66 32 39 65 63 53 37 74 87 58 46 57 65
64 88 73 81 78 61 76 36 54 46 22 37 79 86 88 62 47 51 64 64 60 54 63 44 56 54 63 42 38 30 20 10 7 6 5 2 1 2 1 1 0 0 0 0 1 0 0 0 0 2 7 5 14 4 13 5 7 5 2 1 1 1 0 0 0 1 2 5 8 18 36 29 20 37 62 43 59 76 76 88 76 60 51 42 9 21 26 46 68 81 87 64 85 57 54 61
46 85 64 76 77 67 87 64 39 72 50 41 65 75 71 63 71 48 75 85 86 67 55 41 76 60 59 43 27 18 21 13 11 10 7 4 2 1 1 1 1 0 0 0 1 0 1 0 0 0 2 3 18 8 19 13 5 6 2 2 0 0 0 0 0 1 3 3 8 16 38 52 60 52 70 75 79 76 70 84 82 48 29 20 12 20 45 65 59 90 61 71 81 84 60 59
48 80 68 62 78 55 61 25 43 75 53 30 11 50 63 62 69 51 46 76 82 43 69 33 64 50 63 42 32 12 18 29 24 20 14 4 1 1 2 1 0 0 0 0 1 0 1 0 0 0 1 6 16 3 4 2 5 6 5 2 0 0 0 0 0 1 4 3 8 16 28 44 39 29 31 45 82 58 80 80 87 82 21 12 12 29 58 38 70 83 70 79 66 62 45 66
14 38 26 47 69 56 54 15 44 79 42 22 13 25 62 58 61 55 24 30 55 36 34 53 24 20 69 33 15 8 4 6 11 8 8 6 3 3 3 1 0 0 0 0 0 0 0 0 0 1 1 7 5 10 4 2 2 1 1 0 1 0 0 0 0 1 2 2 5 8 15 14 22 39 43 60 87 90 72 61 75 81 55 13 6 18 22 46 78 65 60 28 22 31 44 63
14 37 63 47 52 38 65 39 53 80 62 28 24 22 57 72 41 7 8 18 27 14 21 60 28 11 50 35 41 10 1 7 16 11 5 10 6 4 1 1 0 0 0 0 0 0 1 0 0 1 2 5 2 3 2 2 0 0 1 1 0 0 0 0 0 1 1 1 2 6 15 20 40 42 54 81 89 88 82 43 47 58 49 20 5 13 33 56 53 27 28 59 61 59 63 75
21 12 12 15 24 37 68 24 54 56 81 41 20 16 19 15 10 8 8 22 16 14 9 49 12 31 36 26 48 52 16 8 8 5 7 8 6 4 2 1 0 0 0 0 0 0 0 0 0 1 3 4 0 1 2 4 1 0 0 1 0 0 0 0 0 1 9 6 9 24 40 63 70 53 71 93 89 87 80 56 11 23 41 32 7 15 29 52 39 43 87 63 46 53 41 76
24 26 11 11 21 33 55 45 27 43 73 39 12 5 20 19 8 21 7 8 13 11 9 50 11 8 30 20 28 38 19 13 16 4 2 2 1 1 1 1 1 1 0 0 0 0 0 0 0 1 2 2 0 1 1 1 1 1 0 0 0 0 0 0 0 1 3 12 30 43 73 50 30 48 80 92 86 75 70 71 53 11 36 32 7 16 31 29 25 71 66 49 62 79 22 10
24 30 18 12 17 11 49 52 42 16 75 31 8 3 14 13 18 21 13 8 10 13 2 15 35 3 8 10 29 54 14 3 6 4 6 6 3 3 1 1 1 0 0 0 0 0 0 0 0 0 3 2 0 1 1 0 1 0 0 0 0 0 0 0 0 2 4 14 26 26 14 22 46 57 75 76 82 70 57 37 51 16 9 12 12 27 18 16 55 85 43 57 65 74 66 22
35 21 18 6 6 8 30 59 20 18 55 41 19 2 11 12 26 21 14 10 10 17 7 7 57 6 11 10 24 25 30 16 15 15 9 5 5 3 2 1 0 0 0 0 0 0 0 0 0 1 4 2 0 1 1 0 0 0 0 0 0 0 0 0 1 3 12 16 12 10 26 36 55 86 75 61 75 40 22 17 42 20 10 2 3 18 18 38 78 49 42 54 77 63 64 30
60 11 18 8 5 8 16 21 6 5 61 27 3 2 9 12 24 17 23 15 16 12 11 8 20 8 3 10 17 13 23 28 11 7 5 2 3 3 2 1 0 0 0 0 0 0 0 0 0 1 2 1 1 0 0 0 0 0 0 0 0 0 0 0 1 4 6 4 4 10 36 46 78 83 80 53 32 48 14 15 38 10 3 1 8 24 38 50 60 19 54 82 72 67 78 40
11 18 7 6 4 3 5 9 6 10 34 12 5 2 6 8 20 5 15 9 9 11 9 7 11 17 6 3 1 9 9 21 8 4 5 3 1 1 1 1 0 0 0 0 0 0 0 0 0 1 2 0 0 0 0 0 0 0 0 0 0 0 0 0 1 2 1 1 7 26 36 47 80 84 63 46 25 34 34 7 10 7 2 2 10 14 30 59 32 34 75 63 63 64 59 51
11 7 13 12 4 4 1 2 2 3 8 3 11 4 2 6 18 5 3 10 4 2 1 12 13 21 2 1 1 2 13 22 19 7 3 1 1 1 1 0 0 0 0 0 0 0 0 0 0 0 1 0 0 0 0 0 0 0 0 0 0 0 0 0 1 0 0 2 10 25 43 73 71 68 56 44 24 16 28 9 4 5 2 2 7 13 39 43 29 23 28 51 44 39 55 61
19 9 6 14 14 8 6 2 1 4 3 2 7 8 2 4 9 9 2 3 2 3 2 26 10 11 5 0 1 0 2 4 15 12 4 2 1 1 0 0 1 0 0 0 0 0 0 0 0 0 1 0 1 0 0 0 0 0 0 0 0 0 0 0 0 0 1 4 14 45 55 76 72 50 25 10 7 7 10 9 6 2 1 2 5 9 21 20 14 11 27 24 17 33 52 66
21 10 4 6 8 13 4 1 0 3 3 1 1 3 1 2 5 6 2 2 1 1 1 2 1 2 9 1 1 1 0 3 13 14 4 2 2 4 3 1 1 0 0 0 0 0 0 0 0 0 0 0 0 0 0 0 0 0 0 0 0 0 0 0 0 0 1 2 15 69 66 61 76 60 26 11 3 1 2 5 3 1 0 1 3 6 14 9 5 20 31 39 69 57 71 64
50 19 8 2 5 8 13 1 2 4 4 2 1 2 1 1 3 6 1 1 1 1 0 1 0 0 4 2 0 1 0 1 4 22 10 3 1 1 1 0 0 0 0 0 0 0 0 0 0 0 0 0 0 0 0 0 0 0 0 0 0 0 0 0 0 2 3 14 32 40 74 77 53 63 49 16 7 2 1 1 2 1 0 0 1 2 3 2 6 19 28 68 69 60 57 62
31 64 14 5 1 2 2 2 2 3 2 1 2 1 1 0 1 6 2 1 1 0 0 1 1 0 1 2 1 1 0 0 2 6 16 6 2 2 3 1 0 0 0 0 0 0 0 0 0 0 0 0 0 0 0 0 0 0 0 0 0 0 0 0 0 3 5 4 13 34 63 53 42 37 53 19 7 2 1 0 0 0 0 0 1 0 1 3 12 20 53 59 37 53 64 64
4 39 51 20 6 2 1 4 1 1 1 1 3 1 1 0 0 6 2 1 0 0 0 0 1 0 1 1 1 1 0 0 1 1 2 10 3 1 1 1 0 0 0 0 0 0 0 0 0 0 0 0 0 0 0 0 0 0 0 0 0 0 0 0 0 0 0 4 38 45 49 42 28 26 22 15 6 2 2 1 0 0 0 0 1 4 4 3 8 26 28 21 26 51 68 60
2 16 19 34 8 3 1 3 3 1 2 1 1 1 2 1 0 1 3 1 0 0 0 0 1 0 0 1 0 1 1 0 1 1 1 1 8 3 2 1 0 0 0 0 0 0 0 0 0 0 0 0 0 0 0 0 0 0 0 0 0 0 0 0 0 1 2 6 31 54 46 59 38 8 6 9 4 4 2 1 0 0 0 0 1 3 12 20 8 6 6 20 38 53 76 54
5 7 6 16 5 2 2 2 2 2 1 1 1 2 1 1 1 1 2 1 0 0 0 0 1 1 1 1 0 0 1 0 0 1 1 2 3 1 3 1 0 0 0 0 0 0 0 0 0 0 0 0 0 0 0 0 0 0 0 0 0 0 0 0 0 1 2 10 26 37 71 54 49 19 5 2 3 2 1 1 0 0 0 1 2 5 14 34 32 23 27 21 42 53 80 66
3 6 2 6 5 6 3 2 2 1 1 0 1 1 1 1 1 1 0 1 0 0 0 0 0 1 1 0 0 0 0 0 0 1 1 2 2 1 4 1 1 0 0 0 0 0 0 0 0 0 0 0 0 0 0 0 0 0 0 0 0 0 0 0 0 1 2 6 23 18 54 46 32 22 20 4 3 2 1 0 0 0 0 1 4 8 18 29 46 47 43 43 40 68 92 78
3 3 3 1 2 1 1 1 5 3 1 0 1 0 0 1 0 0 0 0 0 0 0 0 0 0 0 1 0 0 0 0 0 0 4 6 2 1 0 1 1 0 0 0 0 0 0 0 0 0 0 0 0 0 0 0 0 0 0 0 0 0 0 0 0 1 2 13 30 41 44 49 34 14 8 7 2 1 0 0 0 0 0 0 1 5 12 22 33 24 46 54 75 91 90 72
1 3 1 1 1 1 1 0 1 1 0 0 0 0 0 0 0 0 0 0 0 0 0 0 0 1 0 0 0 0 0 0 0 1 2 3 4 9 7 4 0 0 0 0 0 0 0 0 0 0 0 0 0 0 0 0 0 0 0 0 0 0 0 0 0 2 9 19 30 43 45 40 34 17 3 2 2 1 0 0 0 1 2 2 1 1 3 6 12 30 37 67 67 89 85 62
1 1 1 1 0 0 0 0 0 0 0 0 0 0 0 0 0 0 0 0 0 0 0 0 0 0 0 0 0 0 0 0 0 0 0 0 1 1 1 0 0 0 0 0 0 0 0 0 0 0 0 0 0 0 0 0 0 0 0 0 0 0 0 0 1 1 3 6 24 37 20 43 17 8 3 1 1 0 0 0 0 0 2 4 12 7 9 11 23 49 58 62 76 76 63 45
0 0 0 0 0 0 0 0 0 0 0 0 0 0 0 0 0 0 0 0 0 0 0 0 0 0 0 0 0 0 0 0 0 0 0 0 0 0 0 0 0 0 0 0 0 0 0 0 0 0 0 0 0 0 0 0 0 0 0 0 0 0 0 0 0 1 2 5 11 9 15 18 13 5 1 1 0 0 0 0 0 0 1 2 5 16 29 31 49 74 68 52 63 45 45 32
1 0 0 0 0 0 0 0 0 0 1 1 1 1 0 0 0 0 0 0 0 0 0 0 0 0 0 0 0 0 0 0 0 0 0 0 0 0 0 0 0 0 0 0 0 0 0 0 0 0 0 0 0 0 0 0 0 0 0 0 0 0 0 0 0 1 2 9 7 8 12 6 5 1 1 0 0 0 0 0 0 1 2 3 6 21 61 56 23 33 73 83 45 15 14 23
2 1 0 1 1 1 1 1 1 1 2 3 4 2 1 1 0 0 0 0 0 0 0 0 0 0 0 0 0 0 0 0 0 0 0 0 0 0 0 0 0 0 0 0 0 0 0 0 0 0 0 0 0 0 0 0 0 0 0 0 0 0 0 0 0 2 2 2 3 4 4 3 3 1 0 0 0 0 0 0 1 2 3 7 21 28 22 7 18 56 86 77 70 15 6 7
4 1 1 2 2 3 3 3 4 5 4 4 4 7 3 1 1 1 0 0 0 0 0 0 0 0 0 0 0 0 0 0 0 0 0 0 0 0 0 0 0 0 0 0 0 0 0 0 0 0 0 0 0 0 0 0 0 0 0 0 0 0 0 0 1 2 3 2 1 1 2 1 1 0 0 0 0 0 0 1 2 2 7 16 17 5 3 9 26 76 81 61 33 29 2 1
6 3 2 8 7 13 7 8 16 8 14 8 13 6 4 3 4 1 0 1 0 0 0 0 0 0 0 0 0 0 0 0 0 0 0 0 0 0 0 0 0 0 0 0 0 0 0 0 0 0 0 0 0 0 0 0 0 0 0 0 0 0 0 0 0 1 3 2 0 1 1 0 0 0 0 0 0 0 0 0 2 5 4 3 1 1 5 17 41 61 55 42 14 29 4 1
13 10 6 16 32 53 36 24 41 30 24 18 36 23 16 11 3 1 1 2 1 0 0 0 0 0 0 0 0 0 0 0 0 0 0 0 0 0 0 0 0 0 0 0 0 0 0 0 0 0 0 0 0 0 0 0 0 0 0 0 0 0 0 0 0 1 4 2 1 0 0 0 0 0 0 0 0 0 0 0 2 2 1 0 1 6 13 38 57 38 39 16 7 10 13 1
50 51 37 27 28 27 15 8 29 15 14 13 14 24 23 5 4 5 3 3 2 0 0 0 0 0 0 0 0 0 0 0 0 0 0 0 0 0 0 0 0 0 0 0 0 0 0 0 0 0 0 0 0 0 0 0 0 0 0 0 0 0 0 0 0 1 4 4 1 1 0 0 0 0 0 0 0 0 0 0 0 0 0 1 3 7 15 57 58 79 27 4 2 3 5 1
37 25 47 25 21 28 24 16 11 8 14 22 12 7 15 31 17 5 1 1 1 0 0 0 0 0 0 0 0 0 0 0 0 0 0 0 0 0 0 0 0 0 0 0 0 0 0 0 0 0 0 0 0 0 0 0 0 0 0 0 0 0 0 0 0 1 2 6 2 1 0 0 0 0 0 0 0 0 0 0 0 0 1 3 5 9 32 28 42 47 41 5 1 0 2 1
37 10 33 29 8 3 10 14 18 14 6 5 28 7 10 18 7 4 2 1 1 0 0 0 0 0 0 0 0 0 0 0 0 0 0 0 0 0 0 0 0 0 0 0 0 0 0 0 0 0 0 0 0 0 0 0 0 0 0 0 0 0 0 0 0 0 0 2 2 0 0 0 0 0 0 0 0 0 0 0 0 1 2 3 11 22 29 23 16 11 34 8 1 0 0 0
