sesion_6_simulaciones/modelos_agentes/ejemplos_netlogo/scenarios/echam4_a2/rob_2047.asc
NCOLS 322 
NROWS 307 
XLLCORNER 451900 
YLLCORNER 4086900 
CELLSIZE 100 
NODATA_value -9999 
[rows 73 to 145 of 307, columns 96 to 191 of 322]
13 11 11 10 34 16 49 70 34 19 18 33 33 33 2 1 3 4 3 1 4 6 3 1 1 1 1 1 1 1 0 0 0 1 0 0 0 0 1 1 1 1 3 0 1 1 1 4 1 1 1 2 4 8 6 8 4 6 14 17 13 36 34 42 39 48 30 28 37 56 49 38 41 57 35 20 61 38 46 71 44 46 42 47 76 80 64 41 36 27 12 9 6 2 2 2
10 39 22 10 11 13 13 37 13 13 8 43 16 60 45 22 3 2 2 2 17 11 4 2 2 1 1 0 1 1 0 0 0 1 0 0 0 0 1 0 0 0 1 0 0 1 1 0 0 1 0 2 7 4 4 2 3 5 12 7 6 36 26 19 30 39 21 31 37 43 36 44 30 47 19 19 34 43 35 35 17 44 64 60 46 29 34 41 27 35 29 27 23 12 3 1
15 20 17 13 10 12 17 35 18 26 34 19 7 14 16 32 14 13 21 29 60 14 13 8 2 4 1 0 1 0 1 7 1 1 2 1 0 0 0 0 0 1 2 1 3 1 1 3 9 1 1 0 1 4 1 1 3 8 5 3 8 9 27 16 22 16 16 18 28 35 18 52 16 20 16 9 32 17 12 36 49 44 22 24 36 38 35 34 49 47 57 56 36 26 10 5
25 16 13 17 10 20 10 37 15 38 39 11 17 35 26 15 20 39 17 37 35 39 29 22 3 2 1 0 1 1 4 6 3 2 2 2 3 0 1 1 0 0 0 0 0 3 1 2 2 3 0 0 1 1 1 1 2 7 3 5 3 2 10 10 16 8 18 10 34 20 8 23 15 13 14 15 8 5 43 27 26 28 46 34 52 58 57 69 74 61 65 63 48 35 23 15
28 9 25 22 14 12 17 25 23 28 60 23 29 18 21 31 49 21 41 34 56 58 24 13 16 1 1 1 2 2 4 1 3 1 5 0 7 2 2 4 0 0 0 0 0 1 4 6 3 9 5 3 1 0 0 1 2 1 1 1 2 1 8 6 9 5 11 9 12 4 4 4 12 3 10 4 4 7 26 17 32 32 31 50 70 68 77 63 65 75 57 62 45 39 29 24
29 15 22 24 31 16 20 24 10 51 69 58 30 18 38 29 38 44 63 28 24 39 39 50 11 6 7 7 14 4 3 2 3 3 0 1 1 2 3 3 2 0 0 0 1 2 6 4 2 17 10 4 5 3 2 1 1 0 1 1 1 1 0 2 1 3 3 4 3 1 2 2 9 5 2 1 6 10 10 12 33 59 72 65 72 77 53 64 70 53 59 44 37 39 38 55
48 49 17 46 55 28 10 30 11 28 35 60 43 27 28 5 39 72 37 34 38 21 48 49 13 8 26 35 25 19 26 4 1 1 1 5 4 1 1 2 4 0 0 1 1 1 5 20 15 15 16 11 11 2 7 6 5 1 0 0 1 3 1 1 1 2 1 2 1 1 5 7 5 4 16 12 4 2 11 34 39 52 58 58 51 68 69 79 64 48 48 37 34 49 70 52
78 85 62 59 19 16 12 11 11 37 18 11 46 53 11 32 64 34 20 17 32 11 6 34 37 34 36 32 38 20 36 22 4 4 5 8 3 2 0 2 8 2 0 1 3 8 3 4 18 9 18 33 15 10 12 4 7 11 10 5 5 1 5 1 1 0 3 3 4 6 3 0 0 1 2 13 15 31 8 26 36 28 59 46 47 50 68 75 61 55 52 41 72 72 39 35
64 57 73 19 15 15 24 18 15 21 25 5 14 23 27 36 16 49 43 31 24 29 5 10 43 57 43 20 14 31 11 6 20 18 13 7 13 8 2 2 8 6 1 1 5 4 2 2 7 4 30 36 11 43 17 7 20 5 4 4 10 2 5 6 5 2 4 5 12 2 6 1 1 1 2 1 5 29 28 24 13 26 51 51 33 46 72 61 57 53 54 62 76 64 36 58
82 81 68 36 33 40 43 29 19 20 34 4 16 28 35 18 18 68 38 25 39 64 29 30 49 87 40 7 18 14 8 9 2 4 35 10 4 4 4 6 13 10 3 1 3 3 3 6 7 22 22 57 44 48 22 20 22 11 17 7 11 7 6 4 4 6 2 2 10 5 12 16 13 7 3 3 5 3 23 44 56 15 34 35 26 65 52 34 48 65 55 75 52 50 41 71
39 59 81 77 17 18 43 42 59 29 31 9 28 55 34 10 19 80 26 41 31 35 20 61 32 37 19 28 31 19 12 13 5 19 49 22 15 3 3 12 5 2 4 1 3 2 3 5 8 12 10 50 40 56 35 28 39 15 27 21 13 16 6 6 8 4 11 3 10 17 26 24 13 5 6 2 2 7 5 44 34 27 10 32 53 21 33 37 50 43 55 48 31 42 43 84
27 38 51 65 70 22 38 29 21 53 43 20 29 52 40 24 38 75 41 37 20 16 66 70 57 45 18 49 38 23 9 4 31 67 61 48 38 7 13 11 7 1 3 2 3 6 6 5 10 4 2 18 58 70 35 46 29 27 51 36 18 9 5 3 13 4 21 12 10 23 31 24 6 3 7 5 9 8 8 17 48 53 44 19 9 34 49 57 49 65 26 41 42 66 42 75
26 41 60 45 66 66 58 56 31 43 61 16 32 61 46 53 42 52 54 64 63 16 42 46 78 64 60 64 52 54 26 62 73 57 50 74 58 13 12 18 6 2 4 3 3 6 8 6 10 8 15 20 65 69 41 26 35 64 52 49 18 6 11 14 25 14 41 31 23 11 47 21 25 16 13 6 6 11 12 12 26 60 34 55 46 14 40 15 50 23 24 46 35 67 45 62
25 19 12 12 33 57 34 20 26 37 42 23 46 70 53 21 42 33 52 68 74 63 27 33 35 38 72 84 49 56 74 77 78 56 63 57 48 53 23 27 10 21 11 13 4 7 13 19 15 18 13 26 62 86 58 41 65 55 68 56 23 15 13 14 48 22 37 35 27 17 35 24 12 3 8 4 2 6 14 9 5 45 59 42 31 61 37 39 38 44 40 51 65 66 73 38
20 11 1 4 30 31 9 17 22 34 19 35 67 61 28 15 26 36 61 60 72 89 55 28 24 35 79 76 82 36 80 63 58 63 83 75 49 62 31 38 23 57 14 25 16 8 11 9 12 15 16 18 34 81 62 75 63 74 85 53 24 26 24 38 42 29 41 36 27 7 9 13 25 14 16 7 3 5 8 15 28 6 51 54 48 57 66 77 86 56 79 81 67 40 78 28
27 24 8 5 29 22 14 23 30 21 29 39 51 59 28 11 56 58 45 49 55 67 81 77 56 37 60 73 84 76 71 84 78 44 45 33 35 67 19 25 73 49 23 10 9 11 6 11 21 33 41 21 29 55 59 70 65 80 81 61 48 57 52 48 54 15 35 43 30 11 10 30 36 21 9 27 6 3 7 12 22 17 11 48 61 81 64 35 38 56 58 79 67 42 56 71
30 14 15 6 17 12 8 43 24 22 17 26 70 47 22 12 57 40 56 64 61 71 81 78 77 47 58 27 47 77 62 68 72 62 59 57 42 31 39 78 33 39 13 6 10 21 12 17 28 40 36 38 26 32 26 57 71 75 83 58 45 52 43 68 65 32 45 54 16 6 7 25 14 15 47 27 8 6 2 11 13 29 36 13 53 75 70 66 68 57 39 37 56 37 24 46
16 18 9 7 6 5 6 31 28 11 36 53 72 69 24 11 40 14 45 80 78 77 45 59 79 64 62 51 74 92 86 81 57 68 51 32 36 27 56 27 26 18 7 25 49 25 16 19 19 20 23 26 23 23 9 15 56 71 84 52 68 61 72 82 83 35 68 45 35 17 9 18 31 39 60 11 7 26 5 9 12 18 36 32 13 58 60 40 25 39 35 35 27 42 45 42
34 29 20 10 8 4 4 10 23 25 29 63 48 36 51 22 50 16 9 36 43 76 55 53 49 32 54 70 87 93 76 81 84 79 73 41 24 32 74 17 41 37 50 53 55 25 37 10 8 16 45 50 60 59 58 25 11 8 41 56 55 63 77 84 85 55 88 58 55 42 20 22 33 70 41 8 19 16 8 5 13 24 31 33 31 8 26 49 37 39 23 37 61 70 60 60
20 17 9 7 7 5 3 1 13 29 39 43 40 19 21 11 53 27 13 52 47 54 42 52 61 54 43 71 48 75 78 76 77 68 23 33 42 47 43 20 63 58 73 57 43 21 53 36 42 29 40 41 47 35 46 17 8 9 12 41 67 85 77 86 76 46 78 69 34 23 34 48 32 49 23 21 42 25 21 24 18 25 24 29 39 26 8 15 21 27 50 59 69 70 70 63
11 9 10 10 8 6 6 3 4 11 27 38 40 32 18 12 54 22 9 35 26 33 38 50 38 60 58 65 50 20 45 52 41 30 49 48 66 79 48 45 27 63 90 51 30 60 48 32 50 32 38 35 26 35 38 46 27 13 14 66 83 79 83 89 84 82 78 83 63 22 47 33 28 11 14 44 25 8 17 9 13 20 21 26 37 26 36 16 6 31 54 76 82 77 75 52
16 7 20 28 17 15 14 13 9 10 18 30 24 20 19 10 32 15 6 17 31 26 21 27 32 51 51 53 54 42 22 18 26 46 46 75 83 54 63 66 46 81 86 55 69 57 47 22 66 34 52 43 60 70 71 60 40 17 20 34 80 72 87 87 82 75 80 85 76 44 32 41 41 31 29 26 34 56 12 15 8 9 27 27 17 33 51 48 19 21 32 30 49 57 63 55
40 35 27 40 38 29 29 29 17 5 9 15 13 16 12 14 12 10 9 16 16 20 10 16 28 33 43 43 45 52 18 23 28 45 84 87 69 45 73 79 64 75 80 66 57 62 52 35 63 46 39 61 55 68 72 62 44 23 15 20 26 73 83 85 77 69 84 76 51 19 33 55 23 37 58 41 47 18 5 21 8 12 21 24 55 37 26 32 44 47 45 25 16 18 31 37
46 27 42 41 47 37 50 32 19 18 3 5 3 8 13 9 12 11 5 6 16 16 11 11 11 14 45 39 36 18 25 11 37 81 78 78 36 62 87 70 53 57 63 28 36 82 50 65 67 62 42 66 80 56 35 42 49 52 43 27 32 50 71 76 77 73 56 61 32 29 45 42 33 47 54 60 41 20 19 23 16 7 17 50 51 54 38 37 44 50 63 62 47 23 14 28
39 43 51 36 51 47 37 35 31 31 29 14 8 3 3 5 11 9 4 4 9 5 5 7 6 12 35 51 29 21 29 9 51 77 63 41 47 81 90 78 41 51 47 36 79 69 49 44 79 72 40 52 57 74 62 46 18 31 38 47 41 50 41 54 35 57 63 56 29 46 55 50 40 36 54 46 35 38 9 4 18 15 20 36 53 44 43 38 30 40 56 53 53 32 31 12
51 37 52 55 53 39 40 49 32 36 26 25 21 11 7 3 4 7 3 5 8 7 4 5 4 11 12 39 11 12 32 11 39 64 35 41 50 68 63 66 53 56 35 74 78 33 54 84 82 71 72 35 22 33 29 41 23 32 49 57 44 60 44 31 30 45 37 33 28 55 48 62 31 53 58 46 62 21 18 8 23 7 9 14 26 50 54 39 32 27 51 45 54 51 50 27
34 26 53 56 30 41 22 27 48 41 28 30 26 23 15 6 3 2 1 1 1 2 3 4 2 3 5 6 6 33 18 8 14 15 23 56 59 68 90 74 67 52 65 66 59 46 52 88 83 73 87 68 45 59 60 43 27 23 16 30 64 49 41 26 30 47 35 28 39 46 57 62 51 24 28 26 35 22 13 16 3 20 12 20 29 42 45 50 61 44 45 50 57 70 51 42
18 34 73 51 50 31 58 35 54 51 33 33 28 12 11 11 10 8 6 7 7 6 3 3 3 1 2 3 10 34 6 11 16 9 34 61 67 30 61 56 64 53 53 67 53 53 68 88 83 82 83 84 44 32 31 30 33 44 38 11 15 31 30 29 31 38 30 32 28 45 52 64 52 53 15 26 33 19 6 6 18 8 5 22 30 36 45 57 50 66 56 68 70 68 59 54
24 40 62 42 41 41 29 35 54 43 42 37 29 27 15 20 12 16 17 17 11 17 8 6 12 7 1 2 5 20 6 12 18 15 29 37 36 40 31 18 56 66 47 39 48 73 85 86 79 69 79 77 59 45 52 64 62 50 45 20 6 29 22 18 30 24 21 25 38 45 39 47 39 34 41 34 18 28 51 51 36 40 17 18 19 24 32 47 63 54 74 70 66 68 69 70
23 56 23 30 41 35 35 24 45 47 25 20 38 23 20 16 15 18 20 20 21 20 17 14 10 12 4 1 3 10 4 8 14 18 26 27 30 39 39 19 34 72 61 31 61 62 87 82 44 36 47 68 82 73 59 58 56 47 30 15 7 32 18 10 15 19 23 38 42 47 41 43 45 58 67 67 47 65 59 49 37 23 12 6 7 20 43 45 49 58 70 73 74 80 75 73
51 18 28 26 22 36 41 33 17 24 32 39 36 35 18 25 22 24 24 36 33 24 32 20 27 13 10 3 1 7 4 5 10 15 28 29 39 37 37 14 24 42 55 25 56 55 78 52 28 30 53 59 81 76 70 56 57 48 29 25 8 14 12 8 25 20 29 53 45 46 45 40 68 71 84 65 68 51 56 26 9 4 5 12 3 13 29 32 57 74 68 56 45 43 39 41
15 20 37 62 58 43 18 12 17 42 41 38 22 37 35 35 30 42 39 40 39 37 28 33 29 18 8 6 1 1 1 3 3 14 19 48 59 39 39 21 18 17 24 8 25 39 28 35 36 47 48 68 85 77 72 73 70 61 57 37 14 10 13 7 20 29 36 30 25 38 57 55 59 61 62 67 62 43 23 16 14 7 20 17 43 22 11 31 59 54 46 53 56 57 55 57
33 48 40 14 14 23 30 15 27 44 44 39 37 38 36 47 35 43 45 53 27 51 45 38 29 15 6 5 2 1 1 1 2 7 17 28 29 39 46 26 31 24 27 8 19 32 42 71 79 77 88 71 87 84 80 68 73 56 46 33 13 15 13 5 4 11 16 35 46 41 53 72 45 48 44 58 59 17 9 14 10 13 36 28 44 23 43 24 33 37 48 54 52 61 66 63
39 23 32 32 32 21 30 18 41 42 41 43 60 43 55 51 50 65 58 42 46 51 59 28 34 21 14 4 3 2 0 0 0 3 9 16 33 51 49 21 13 21 21 14 22 40 70 53 75 65 69 58 91 87 83 64 51 41 32 15 12 5 5 1 1 8 25 51 58 45 50 70 57 37 29 38 22 23 33 26 11 31 35 35 50 55 34 22 28 30 32 46 54 64 58 76
19 18 13 13 12 11 6 24 47 39 41 59 46 54 56 58 67 40 36 64 52 61 57 33 22 15 17 13 9 7 3 2 1 3 9 7 6 23 38 25 17 19 19 21 37 40 25 45 58 86 59 67 84 73 79 72 58 40 19 14 10 6 1 4 2 5 21 36 63 48 48 22 33 41 29 42 40 35 25 18 16 37 34 41 50 39 16 32 10 17 35 52 57 40 71 73
11 17 28 33 30 17 16 27 41 57 53 53 42 53 73 75 54 39 41 70 57 41 41 36 24 19 21 19 10 9 6 5 2 1 8 10 4 5 6 4 6 11 14 19 32 26 33 51 83 45 35 55 87 76 66 47 41 35 36 24 9 6 1 2 1 4 16 24 38 45 42 29 46 32 37 44 53 59 48 40 36 65 39 31 34 38 40 53 47 21 23 31 33 52 61 57
19 37 26 53 23 22 25 43 41 55 54 24 26 55 55 47 40 41 56 78 48 42 40 40 28 27 18 17 10 5 3 5 6 2 2 6 8 4 3 3 4 9 10 10 13 27 42 27 74 37 51 72 87 65 45 44 38 21 16 19 10 9 1 3 2 2 8 9 24 27 42 46 55 47 70 69 81 40 23 9 56 59 64 41 13 46 59 77 66 47 50 26 57 48 43 80
30 34 56 49 25 43 39 42 61 54 42 30 37 58 42 64 28 43 76 51 41 39 45 44 44 37 22 18 8 11 8 7 7 5 2 1 5 2 2 2 3 6 7 8 11 22 31 27 20 33 59 82 82 59 50 44 25 23 20 15 10 4 4 3 2 2 10 22 34 41 49 52 61 68 74 64 27 23 14 43 53 66 75 79 39 55 78 77 61 44 31 44 33 51 37 53
41 53 28 22 32 38 38 63 29 44 20 40 47 78 61 45 29 66 27 26 56 38 33 26 33 28 27 26 25 15 18 17 9 8 4 3 1 4 3 2 2 3 3 8 15 33 15 28 9 15 45 69 90 84 57 43 31 13 18 12 10 4 6 1 1 4 15 33 54 56 53 60 64 56 46 48 37 45 48 58 60 71 64 81 71 64 62 27 13 8 22 61 56 44 33 38
51 35 27 20 28 39 55 10 53 20 24 43 65 71 52 25 59 52 39 20 23 40 18 19 32 33 45 27 37 34 25 22 11 9 7 5 3 1 1 2 3 3 4 9 11 20 4 18 5 25 39 19 68 79 53 34 18 14 12 4 10 11 4 2 1 11 22 25 32 41 44 47 51 51 68 70 63 57 51 44 58 54 45 74 68 47 37 40 47 44 59 22 45 46 30 31
15 33 27 20 32 52 57 15 38 34 53 37 71 43 28 44 57 27 34 31 67 48 31 24 38 55 44 54 48 54 30 14 3 16 10 8 8 3 1 0 1 4 4 8 10 3 10 18 4 21 18 57 68 46 44 40 37 21 10 6 11 9 6 3 1 2 11 23 30 31 36 41 53 45 39 36 32 28 68 32 59 70 55 53 43 31 63 65 56 65 51 34 34 51 58 60
74 17 32 32 43 23 36 48 44 34 51 48 39 32 33 70 30 42 36 68 63 43 53 44 29 58 62 64 77 59 45 16 8 9 6 5 6 8 7 1 1 3 6 6 3 6 32 9 4 19 58 65 72 34 32 42 25 19 15 8 10 5 5 2 1 1 3 9 17 22 10 26 23 21 35 45 40 33 58 54 51 68 85 48 37 55 53 58 72 56 40 50 37 50 43 57
71 87 78 84 74 45 9 5 49 24 62 74 83 71 50 60 58 69 49 65 53 54 56 52 51 61 76 83 57 61 44 28 30 16 13 13 4 7 8 3 0 2 3 5 2 3 4 4 2 18 38 73 69 24 33 35 32 18 9 13 9 4 4 1 1 1 13 19 23 39 44 50 62 52 32 30 39 66 62 69 76 59 62 76 49 53 66 65 49 28 54 67 30 31 50 60
52 82 67 73 66 51 66 27 52 38 16 36 80 84 88 54 40 52 63 62 57 52 65 53 66 69 79 69 70 68 61 48 35 33 33 14 11 12 8 5 3 1 2 3 6 4 3 2 3 13 32 19 42 18 39 25 32 26 13 7 7 8 3 1 1 6 14 27 34 52 68 56 34 46 65 41 51 68 71 88 78 67 64 62 20 34 34 49 67 77 81 41 65 29 32 48
40 82 52 74 69 54 84 54 38 69 48 37 70 79 71 59 69 49 79 89 88 74 58 42 78 67 74 67 58 51 58 50 46 46 40 29 19 11 6 6 6 2 1 2 5 3 5 1 2 4 10 14 50 30 51 44 24 30 13 14 3 3 2 1 3 9 18 18 33 49 67 71 72 59 72 74 74 72 66 84 83 56 43 43 25 34 54 70 60 89 53 59 68 68 33 35
48 73 59 59 79 49 60 21 45 72 58 31 11 61 68 62 74 57 58 84 88 53 77 39 73 62 74 63 60 36 48 66 66 61 57 28 13 11 12 8 3 2 1 1 8 3 5 1 1 1 8 24 49 15 22 10 26 32 28 11 3 2 1 1 4 8 20 17 33 46 56 66 55 37 34 43 78 55 80 81 89 87 33 30 26 45 69 45 73 85 70 75 56 44 28 42
13 36 21 51 72 54 57 12 49 81 41 24 18 36 71 66 71 70 34 46 70 55 50 66 32 34 81 55 37 27 17 24 40 35 37 37 22 22 20 8 4 2 0 0 2 4 4 3 0 4 10 30 22 37 19 11 11 9 6 3 5 2 1 1 3 6 12 13 21 33 40 29 33 46 46 59 86 88 74 67 82 86 73 28 17 38 33 55 82 68 60 23 14 16 21 40
13 45 69 50 64 38 69 48 60 83 65 39 39 40 72 84 54 13 14 29 41 26 37 75 43 23 70 57 67 32 3 26 53 46 26 44 38 25 10 4 2 1 0 0 0 5 6 2 2 10 14 22 10 16 13 13 3 2 6 7 4 2 0 2 4 4 6 8 11 25 35 34 49 46 56 79 88 87 83 54 65 77 72 42 17 29 48 69 62 32 29 52 47 42 48 63
21 14 14 19 28 43 74 27 66 69 86 58 43 36 35 26 19 15 16 37 32 30 24 69 32 57 62 50 64 79 43 27 32 28 33 41 33 22 15 9 4 1 0 0 0 1 4 3 1 4 14 22 3 7 10 23 8 3 4 5 1 1 0 1 3 8 38 26 34 52 57 71 75 57 70 93 89 89 82 65 26 51 66 63 20 31 48 68 50 48 85 61 36 39 35 71
25 34 15 17 29 51 70 60 41 61 79 62 32 16 40 37 16 40 16 19 29 28 25 71 30 27 63 51 57 70 50 40 51 23 14 15 7 9 7 7 7 5 1 0 0 1 1 1 2 4 12 13 2 8 5 4 10 10 4 2 1 1 0 2 3 8 15 38 61 66 86 61 35 51 81 93 89 81 81 82 72 35 67 66 22 33 55 48 35 72 70 50 56 70 18 8
27 38 31 20 28 20 68 74 67 34 81 56 25 9 34 31 40 43 31 20 26 34 9 37 66 10 29 34 64 83 43 13 27 20 31 31 23 17 9 7 6 3 3 1 0 0 0 0 1 4 16 12 3 5 6 4 7 5 3 2 1 1 1 2 2 11 19 40 59 57 31 30 51 58 76 80 85 79 77 64 79 46 34 40 33 52 41 30 67 86 50 59 62 67 57 18
39 29 33 15 16 19 56 82 50 45 71 70 51 10 34 33 55 44 38 29 31 49 24 27 81 25 38 39 63 62 63 48 46 51 42 32 30 22 17 5 2 1 2 1 1 0 1 1 3 10 23 15 3 6 5 1 2 5 4 2 1 0 0 2 7 16 45 50 40 26 42 45 57 87 78 68 86 63 52 46 73 52 35 11 13 44 41 59 87 65 49 58 78 57 55 26
73 18 35 19 16 25 43 53 19 19 79 62 13 8 32 34 56 46 59 46 52 45 43 33 47 34 19 40 50 49 58 63 42 29 25 12 17 17 16 10 4 2 1 1 1 0 0 1 2 6 15 9 4 3 1 1 1 1 1 1 1 1 0 2 6 27 31 22 17 23 46 53 79 85 85 70 57 75 40 43 71 41 15 7 28 55 66 75 79 37 61 85 75 66 72 35
21 37 16 17 15 13 20 33 25 32 71 39 21 8 24 30 53 22 50 39 37 45 43 30 40 50 30 19 9 32 33 55 30 19 27 18 10 6 10 8 3 1 2 1 0 0 0 1 5 11 12 3 3 3 2 1 1 1 1 0 0 0 1 3 7 16 10 6 20 42 47 53 82 86 75 67 58 65 68 28 39 32 12 12 34 41 63 81 58 54 80 72 68 65 54 47
20 15 31 32 15 16 8 11 10 13 31 17 39 18 12 26 52 26 19 44 23 17 8 43 45 56 12 12 5 14 43 58 55 28 18 10 11 5 4 2 3 2 1 1 0 0 0 1 3 4 7 4 1 2 1 1 2 1 0 0 0 0 1 2 12 5 2 10 32 43 52 77 75 78 72 70 57 48 65 37 21 27 12 12 31 39 69 73 62 48 47 56 51 41 53 60
34 24 17 38 41 27 23 9 6 20 17 14 37 40 14 23 35 38 15 18 16 19 15 68 39 41 28 3 5 5 14 21 45 43 24 15 9 5 3 2 7 3 2 1 0 0 0 1 4 4 5 4 5 2 2 2 2 1 0 0 0 0 1 4 4 1 4 18 36 62 64 81 81 67 48 31 27 29 36 38 28 11 8 13 25 35 56 54 40 27 44 34 22 36 50 65
38 28 16 26 30 44 22 9 3 17 19 10 10 20 11 14 24 32 14 11 11 6 7 20 7 15 33 6 7 7 3 15 44 46 23 12 15 29 21 11 5 2 0 1 1 0 0 0 1 3 2 3 4 2 2 2 3 1 0 0 0 0 0 1 1 2 5 11 35 79 75 69 82 77 51 30 12 5 13 26 19 8 3 9 19 32 49 29 19 41 49 50 74 59 71 65
73 43 27 10 21 35 47 7 11 22 25 15 5 11 10 6 14 32 11 9 7 6 2 10 2 4 22 15 3 9 2 4 19 61 38 18 9 6 5 3 3 3 2 1 0 1 1 0 0 2 2 2 3 4 1 1 1 1 0 0 0 0 0 0 3 12 16 40 61 57 81 84 73 81 74 47 29 13 5 6 18 10 3 1 6 16 17 8 20 41 45 74 76 63 56 63
63 84 42 24 8 14 13 11 13 19 16 10 19 6 8 3 4 29 15 8 5 4 2 7 7 1 10 15 4 8 4 1 9 27 50 30 14 13 17 9 3 2 1 1 0 0 0 0 0 0 2 3 3 1 2 1 1 0 0 0 0 0 0 1 4 18 27 19 31 51 74 69 64 65 81 52 28 11 5 2 3 2 0 2 6 3 6 12 32 43 72 74 46 57 64 63
21 77 81 59 28 14 4 24 10 7 8 9 22 10 7 5 4 25 17 10 4 1 1 4 9 1 6 8 5 8 4 2 10 7 11 39 15 5 9 9 4 1 1 1 0 0 0 0 0 0 1 2 2 2 2 1 1 0 0 0 0 0 0 2 4 3 3 18 65 66 64 59 52 55 57 48 28 12 12 5 1 0 1 2 9 21 20 14 26 50 53 35 34 53 69 63
14 51 60 73 42 22 11 22 20 5 14 8 10 10 15 9 4 9 22 5 3 2 1 2 6 2 4 6 1 8 8 2 8 8 8 4 39 18 16 7 3 1 1 1 0 0 0 0 0 0 0 1 1 1 2 1 1 0 0 0 0 0 0 2 3 7 14 23 56 72 64 76 64 24 26 36 23 20 15 9 2 0 1 2 10 16 39 52 26 24 20 31 46 56 78 57
28 40 33 58 29 16 16 14 18 12 9 9 10 14 12 9 7 7 11 10 3 2 1 5 8 6 4 5 2 3 10 4 1 4 6 14 18 5 24 8 2 1 1 1 0 0 0 0 0 0 0 0 1 1 2 1 0 0 0 0 0 0 0 1 3 7 11 34 55 64 85 76 75 49 20 12 20 14 13 7 1 0 2 8 12 20 42 63 60 49 51 33 48 56 81 70
19 36 14 36 37 31 22 16 14 11 6 5 6 6 7 9 5 5 3 8 4 2 1 2 2 6 5 4 3 1 2 1 1 4 8 15 16 5 30 4 5 4 2 1 1 0 0 0 0 0 0 0 0 1 3 1 0 0 0 0 0 0 0 1 3 6 12 23 52 41 76 72 60 51 58 23 19 12 5 1 1 0 1 6 18 33 45 58 69 56 58 53 46 70 91 78
27 20 18 13 19 10 14 12 33 22 11 3 5 4 4 8 4 4 5 4 4 3 1 1 2 4 2 4 3 1 1 1 3 3 29 32 12 9 5 7 5 4 1 1 1 0 0 0 0 0 0 0 0 0 2 1 0 0 0 0 0 0 0 0 3 7 13 41 58 66 71 76 65 47 37 37 17 11 3 1 0 2 4 2 7 26 35 50 58 41 58 60 76 91 90 80
11 23 12 10 8 6 6 4 7 8 4 5 3 3 3 2 2 3 3 4 4 2 1 0 1 5 1 2 2 2 1 0 3 10 13 24 29 50 42 26 4 3 1 1 0 0 0 0 0 0 0 0 0 0 0 1 1 0 0 0 0 0 0 1 3 12 38 56 63 75 75 72 72 58 24 15 17 5 3 0 1 5 13 10 8 5 13 20 26 44 46 72 69 90 91 77
6 11 5 6 3 3 2 1 3 2 2 2 3 1 1 2 2 1 2 2 3 2 1 0 1 2 1 2 2 1 1 1 0 3 5 5 6 5 6 1 4 2 2 1 0 0 0 0 0 0 0 0 0 0 0 0 0 0 0 0 0 0 0 2 7 7 16 27 56 73 53 79 57 42 17 10 8 5 3 0 1 4 12 21 40 28 34 31 42 61 65 69 80 84 79 71
1 2 3 1 1 1 1 1 2 2 1 1 1 1 1 1 1 0 1 1 1 1 2 0 1 2 3 1 2 1 1 0 0 0 0 0 0 1 3 2 2 1 1 0 0 0 0 0 0 0 0 0 0 0 0 0 0 0 0 0 0 0 0 2 5 12 11 25 40 35 50 60 55 32 11 6 3 1 0 0 1 2 7 13 22 43 61 53 67 82 75 60 75 68 73 64
6 1 0 1 1 1 2 5 2 3 6 7 6 9 3 2 1 0 0 0 0 1 1 1 1 1 2 1 2 2 1 1 0 0 0 1 0 0 1 1 3 2 2 1 1 0 0 0 0 0 0 0 0 0 0 0 0 0 0 0 0 0 1 1 3 8 12 38 32 37 50 36 34 11 6 3 1 0 0 1 2 6 10 18 23 45 81 78 39 43 78 87 67 38 43 58
17 8 2 6 6 7 7 14 7 10 18 21 28 19 12 6 4 2 1 1 1 0 0 0 0 2 1 1 0 2 1 0 0 0 1 0 0 0 0 1 2 1 1 0 1 0 0 0 0 0 0 0 0 0 0 0 0 0 0 0 0 0 0 1 3 11 14 11 20 26 29 24 27 7 4 2 0 0 1 3 6 12 17 27 55 63 53 21 32 65 89 86 87 37 22 28
29 11 8 18 18 21 21 23 26 29 26 24 26 41 20 12 7 5 4 2 1 1 0 0 0 0 1 1 1 0 0 0 0 0 1 1 1 0 0 0 1 1 1 0 0 0 0 0 0 0 0 0 0 0 0 0 0 0 0 0 0 0 0 1 5 14 21 12 7 6 14 15 6 4 1 1 0 1 2 5 13 14 32 55 52 22 11 23 45 83 88 78 66 61 12 5
34 26 14 35 33 48 33 37 51 38 50 38 52 34 26 20 28 12 3 5 4 2 1 1 1 0 0 0 0 0 0 0 0 0 0 1 1 1 1 0 0 1 1 1 0 0 0 0 0 0 0 0 0 0 0 0 0 0 0 0 0 0 1 1 4 12 19 17 4 11 7 5 3 1 0 0 0 1 3 5 14 31 25 20 9 6 19 39 57 74 76 72 44 64 22 5
45 37 28 51 66 81 69 59 74 67 62 49 74 63 60 48 22 9 9 17 7 2 3 2 2 1 1 0 0 0 0 0 0 0 0 0 0 1 2 1 0 1 0 0 0 0 0 0 0 0 0 0 0 0 0 0 0 0 0 0 0 0 0 1 3 11 28 17 6 4 4 2 1 0 0 0 0 1 3 4 16 16 10 2 7 22 33 62 72 59 65 47 29 38 47 5
72 76 66 55 60 60 45 31 64 44 43 41 44 60 64 30 27 31 25 24 13 2 1 2 4 2 1 1 0 0 0 0 0 0 1 1 0 0 0 0 0 0 0 0 0 0 0 0 0 0 0 0 0 0 0 0 0 0 0 0 0 0 0 1 1 12 33 28 5 8 2 1 0 0 0 0 0 1 2 4 3 1 2 7 15 25 37 78 78 91 56 17 13 17 30 6
