sesion_6_simulaciones/modelos_agentes/ejemplos_netlogo/scenarios/echam4_a2/rob_2071.asc
NCOLS 322 
NROWS 307 
XLLCORNER 451900 
YLLCORNER 4086900 
CELLSIZE 100 
NODATA_value -9999 
[rows 222 to 295 of 307, columns 0 to 95 of 322]
2 4 7 15 18 10 23 19 3 10 11 12 27 9 8 5 5 2 2 3 9 13 20 21 13 12 9 23 33 16 8 27 40 12 27 20 12 14 24 46 16 16 30 32 28 63 31 50 55 81 80 47 35 38 36 21 35 48 32 42 49 34 26 51 35 43 25 31 21 17 14 11 4 2 2 1 1 0 0 0 0 0 0 0 0 1 2 5 6 3 2 2 5 11 22 11
6 7 5 3 6 11 15 26 16 6 7 16 18 9 4 4 4 9 12 11 14 21 12 46 23 21 18 16 25 27 14 19 11 14 33 8 9 12 17 41 39 21 17 32 10 8 19 11 14 55 66 52 51 36 29 32 20 24 40 47 38 55 29 36 48 28 25 26 30 12 6 5 3 2 1 0 0 0 0 0 0 0 0 0 1 1 2 4 10 11 4 7 12 15 2 2
9 14 26 51 23 19 22 26 14 20 24 40 16 8 8 12 9 23 8 10 48 9 15 17 18 13 9 31 23 17 15 16 10 23 16 10 13 19 15 34 20 22 18 63 62 47 38 42 36 20 27 43 31 28 21 21 22 32 33 34 39 43 27 58 57 36 24 18 13 8 4 4 2 1 1 0 0 0 0 0 0 0 0 1 1 3 2 7 21 21 8 12 18 12 2 2
8 24 34 28 54 61 20 17 10 30 40 22 14 7 10 11 3 2 1 21 9 15 34 16 10 22 13 16 13 7 10 9 21 5 5 17 7 18 11 21 17 27 38 24 31 54 42 66 62 39 23 28 19 28 15 17 22 37 29 27 38 24 21 15 22 19 12 11 6 4 4 2 1 1 0 0 0 0 0 0 0 0 1 1 2 6 10 14 40 36 29 30 10 6 3 3
2 5 9 7 27 66 44 4 16 28 40 11 19 16 3 2 1 1 11 41 8 18 25 34 16 16 10 3 9 5 9 21 13 6 14 14 15 20 10 12 39 58 44 24 38 45 52 27 66 75 30 25 11 17 17 28 23 21 24 18 13 11 14 8 7 11 15 8 4 2 1 1 1 0 0 0 0 0 0 0 0 0 1 2 2 8 24 35 42 51 28 12 9 4 3 2
13 7 11 20 20 24 7 9 12 16 28 29 36 7 1 1 7 14 27 45 13 12 16 48 26 7 13 5 6 10 3 8 22 7 5 4 13 19 48 58 22 21 18 61 31 38 63 43 40 17 33 36 34 30 29 31 35 22 21 17 15 7 9 5 6 7 6 2 1 2 1 0 0 0 0 0 0 0 0 0 1 1 2 3 3 8 30 61 42 6 5 3 3 3 2 1
7 8 8 24 18 19 18 15 8 23 28 19 14 5 8 26 25 27 28 40 9 14 11 30 3 2 10 2 7 9 2 2 12 6 3 9 6 6 42 60 37 24 46 37 82 53 26 38 34 31 23 48 44 41 45 41 22 24 11 7 6 2 1 1 4 3 3 2 1 1 1 0 0 0 0 0 0 0 1 1 1 2 3 5 9 16 21 58 26 9 7 5 3 4 2 3
2 4 17 11 11 14 22 19 15 19 14 30 21 20 18 30 20 10 30 19 7 7 5 5 2 10 3 1 7 5 2 5 3 5 18 31 17 15 9 22 28 16 14 13 42 76 51 34 30 33 28 30 30 44 53 51 28 18 6 5 2 2 2 7 6 3 1 1 1 1 0 0 0 0 0 0 1 1 1 2 4 3 8 7 24 32 36 35 15 10 11 16 6 4 2 2
9 7 10 12 19 18 33 12 20 16 8 20 12 32 15 23 19 11 12 35 2 3 3 2 4 1 3 3 2 4 1 3 2 4 4 13 13 39 14 6 26 39 41 35 50 22 33 24 18 24 20 20 33 34 31 33 35 22 19 7 7 6 3 3 5 2 1 1 0 0 0 0 0 0 0 0 1 1 2 3 8 6 16 13 13 49 71 34 21 25 30 18 5 3 2 1
2 8 13 17 9 9 11 29 8 12 10 7 13 13 8 18 15 8 4 6 3 2 2 3 2 1 2 1 1 2 1 2 13 7 4 4 23 13 18 16 7 17 62 69 78 46 20 14 29 34 35 16 24 33 27 29 23 7 11 16 7 4 2 3 1 2 1 0 0 0 0 0 0 0 0 1 2 4 7 12 20 18 22 11 8 26 58 25 17 41 31 11 5 3 2 1
1 2 7 14 11 10 7 19 7 7 8 6 5 8 5 7 25 4 2 4 1 1 0 2 1 1 1 1 1 1 2 2 4 16 8 12 7 11 21 7 15 14 14 31 31 24 28 15 30 23 37 22 21 20 20 34 17 11 3 3 4 2 1 1 0 2 1 1 0 0 0 0 0 0 1 1 3 7 14 24 37 46 29 16 12 16 32 32 37 28 12 5 2 2 3 2
1 1 5 3 5 14 7 5 10 6 12 6 5 8 6 3 4 1 2 1 1 0 0 0 1 1 0 0 1 1 1 2 1 2 2 7 4 6 9 5 12 24 52 27 30 16 19 7 12 14 21 18 18 23 27 16 11 4 2 0 3 5 2 3 3 2 1 1 1 0 0 0 1 1 1 2 4 16 18 38 62 52 40 39 18 23 60 62 45 22 15 7 6 7 5 2
1 0 1 2 3 6 17 19 29 3 4 8 1 6 1 2 6 1 1 1 1 2 0 0 1 0 0 2 3 8 6 1 3 3 8 11 12 19 13 19 30 37 44 51 52 54 59 30 29 45 33 20 18 14 12 12 5 2 2 4 3 8 9 4 2 1 0 0 0 0 0 1 1 2 4 2 6 19 26 43 43 66 51 55 40 70 47 49 30 35 26 23 13 8 4 2
0 0 1 2 3 4 3 7 4 7 6 3 0 0 0 0 3 0 0 0 0 0 0 1 0 0 0 1 2 2 16 29 18 20 32 18 21 14 17 29 43 38 39 64 39 26 28 7 17 36 48 35 19 11 10 10 11 7 18 9 5 5 3 3 1 0 0 0 0 0 1 2 5 3 6 4 5 12 32 50 72 57 63 57 70 50 52 50 23 24 46 34 22 8 5 8
0 0 0 0 0 2 2 4 3 2 1 3 0 1 0 1 0 0 0 0 0 0 0 0 0 0 3 2 3 2 3 14 55 27 50 77 77 50 49 55 16 61 66 57 73 59 62 37 32 39 35 29 32 13 13 29 21 14 9 4 4 8 5 1 0 0 0 0 0 0 1 2 7 13 10 6 8 7 19 21 67 77 73 39 35 79 47 52 50 52 29 30 24 16 10 9
0 0 0 0 0 1 1 3 7 2 1 0 1 0 0 1 0 5 0 1 5 2 1 0 0 0 0 1 1 2 3 4 6 45 38 74 80 76 69 55 55 25 72 74 75 56 71 45 33 36 22 18 10 12 5 5 8 9 8 4 3 2 1 0 0 0 1 0 0 0 1 3 6 14 17 8 10 16 19 23 53 74 65 29 65 63 51 70 71 46 47 38 31 18 26 16
0 0 0 1 1 0 1 2 2 1 1 0 0 0 0 0 0 0 1 1 1 8 3 1 0 0 1 1 1 3 3 6 11 10 8 50 80 43 79 43 51 54 46 70 63 59 43 23 55 46 34 28 32 27 15 9 7 5 4 3 2 1 0 0 0 0 0 0 0 1 1 5 8 19 39 21 15 21 37 46 61 74 45 42 61 26 15 30 41 21 20 34 24 24 12 6
0 0 0 0 0 0 0 0 1 0 0 0 0 0 0 0 0 0 0 1 0 0 11 2 0 0 1 2 2 3 4 3 10 15 10 14 42 67 57 59 59 50 55 54 55 68 61 37 17 41 39 36 31 32 25 11 6 2 3 2 1 1 1 1 0 0 0 0 0 1 3 3 10 16 34 44 22 20 24 63 63 82 36 41 70 31 33 28 21 14 13 21 18 12 3 1
0 0 0 0 0 0 0 0 0 0 0 0 0 0 0 0 0 0 0 1 0 0 0 3 3 0 1 6 5 5 10 8 13 26 23 19 24 55 44 56 23 31 22 35 37 40 13 44 30 26 34 22 19 25 22 19 14 8 5 7 3 2 2 0 0 0 0 1 1 3 6 9 12 16 19 49 61 34 57 47 75 69 57 76 32 37 42 38 45 44 26 26 20 10 4 1
0 0 0 0 0 0 0 0 0 0 0 0 0 0 0 0 0 1 1 0 0 0 0 8 2 1 1 1 1 2 4 6 15 21 25 31 19 16 23 16 31 19 10 11 19 32 27 35 19 18 25 20 17 14 12 11 8 6 4 3 1 1 1 0 0 0 0 1 4 4 6 10 18 15 22 24 77 32 35 64 73 52 59 69 61 54 42 69 64 22 23 15 9 3 2 1
0 0 0 0 0 0 0 0 0 0 0 0 0 0 0 0 0 0 1 1 0 0 0 1 1 1 1 4 1 6 12 8 9 19 21 33 35 21 15 9 9 15 21 22 33 33 25 14 17 24 19 16 11 14 12 10 8 3 2 2 1 0 0 0 0 1 2 3 4 7 15 7 4 22 55 46 72 47 49 63 71 66 51 60 46 30 33 58 46 37 15 10 6 3 2 1
0 0 0 0 0 0 0 0 0 0 0 0 1 1 3 1 0 0 0 0 1 1 1 3 7 3 3 3 3 4 11 13 19 26 22 35 37 57 41 17 19 12 14 14 18 15 19 12 8 15 12 16 16 13 7 5 3 2 2 1 1 0 0 0 0 2 5 5 6 10 13 15 9 23 48 35 62 74 51 60 64 68 68 66 46 58 42 47 44 34 22 14 6 4 2 1
0 0 0 0 0 0 0 0 0 0 0 0 0 0 0 5 0 0 0 0 1 1 1 2 1 3 6 18 25 14 9 19 22 33 36 31 38 49 61 56 29 20 22 28 30 19 12 14 20 16 23 22 9 6 9 5 7 4 1 1 0 0 0 1 1 3 6 12 19 23 20 20 15 28 67 39 19 61 84 60 70 69 65 57 46 36 12 32 43 31 15 7 6 5 6 5
0 0 0 0 0 0 0 0 0 0 1 0 0 0 0 0 0 0 0 0 0 2 1 1 3 4 2 3 7 28 34 30 37 50 44 31 47 61 68 58 35 31 29 39 39 43 24 40 24 12 6 6 9 8 2 3 3 2 1 1 1 1 0 1 2 5 7 19 28 34 29 38 27 37 59 67 25 50 66 59 57 38 31 19 27 40 21 24 26 17 15 10 8 8 6 5
0 0 0 0 0 0 0 0 0 0 0 0 0 0 0 0 0 0 0 0 1 1 1 2 1 6 3 1 1 30 21 50 71 45 49 50 35 49 63 63 63 62 48 32 46 58 32 34 27 15 14 12 6 10 5 3 3 4 3 2 1 0 1 2 4 5 9 23 28 46 39 53 28 31 54 69 54 32 66 39 30 18 32 25 26 12 12 18 32 30 14 13 13 12 8 3
0 0 0 0 0 0 0 0 0 0 0 0 0 0 0 0 0 1 0 1 0 1 1 1 1 4 4 3 2 2 4 4 39 38 44 38 27 49 44 34 30 23 21 22 31 51 29 25 22 20 14 9 5 3 2 4 5 4 2 2 0 0 1 1 4 9 20 23 25 37 67 47 53 27 31 63 50 73 44 28 34 25 24 26 35 17 25 28 23 11 14 21 26 13 7 2
0 0 0 0 0 0 0 0 0 0 0 1 0 0 0 0 0 1 1 0 0 0 0 1 2 1 3 4 9 12 6 15 18 13 6 16 26 34 23 31 16 19 11 18 20 23 22 31 15 13 10 9 10 8 2 3 4 6 3 1 0 0 0 2 3 9 8 10 13 16 38 67 75 31 20 46 30 66 27 40 24 25 17 29 33 33 29 13 26 21 23 31 14 9 4 2
0 0 0 0 0 0 0 0 0 0 0 0 0 0 0 0 1 1 1 0 0 0 0 1 2 3 9 10 5 5 4 7 18 23 18 15 35 39 37 34 38 31 50 41 25 25 27 29 24 16 6 8 7 5 7 6 4 3 1 1 0 0 1 1 5 8 14 28 23 13 24 34 54 61 37 32 61 48 36 35 16 33 35 24 15 32 37 30 40 45 23 20 9 5 3 4
0 0 0 0 0 0 0 0 0 0 0 0 0 0 0 0 1 0 1 0 1 1 1 1 12 29 17 4 13 24 26 12 28 26 25 24 36 52 42 39 51 41 32 33 31 30 45 48 29 20 20 14 20 17 11 3 2 2 1 1 0 1 1 2 7 11 25 37 38 22 16 20 41 58 62 36 70 46 45 49 46 28 37 47 41 38 51 42 34 41 39 18 14 9 3 3
0 0 0 0 0 0 0 0 0 0 0 0 0 0 1 0 2 1 0 1 1 2 1 4 11 39 29 10 5 11 15 16 10 16 23 18 23 31 29 55 67 40 47 47 58 52 45 50 33 25 30 33 20 12 10 6 5 2 1 1 0 1 2 6 10 19 43 42 26 28 25 35 38 29 19 70 70 46 38 37 29 35 55 49 53 61 57 65 51 43 22 14 11 9 6 4
0 0 0 0 0 0 0 0 0 1 1 0 0 0 0 0 0 0 0 0 1 1 3 25 9 5 17 14 10 21 32 26 14 9 15 12 26 34 45 45 38 39 70 64 71 63 43 29 23 19 9 17 19 9 7 5 3 2 2 1 0 1 2 7 16 29 42 41 39 48 43 38 63 60 49 48 64 57 28 35 42 52 53 36 50 53 52 40 50 25 14 11 16 10 6 5
0 0 0 0 0 0 0 0 2 1 3 2 0 0 2 1 0 0 0 0 0 0 1 10 2 4 13 31 38 59 77 22 42 24 14 9 18 64 45 50 65 17 25 12 17 38 24 35 20 22 17 19 16 13 5 3 3 2 2 1 0 2 3 7 23 48 41 40 29 67 79 34 64 75 73 60 41 44 38 26 37 36 44 62 54 49 35 33 36 30 26 29 19 15 6 2
0 0 0 0 0 0 0 0 0 0 0 0 0 1 0 0 1 0 0 0 1 1 3 6 1 1 2 13 23 15 42 73 34 46 47 42 43 44 35 40 53 55 43 52 51 34 37 49 33 30 29 13 10 8 8 5 5 4 3 1 1 4 12 17 29 40 43 41 33 30 59 75 42 62 71 70 54 32 53 41 55 60 44 36 50 48 36 28 31 48 40 31 14 8 7 2
0 0 0 0 0 0 0 0 0 0 0 0 0 1 1 1 1 0 0 1 1 1 2 11 2 0 4 2 7 17 5 22 44 33 63 57 34 12 14 13 30 39 35 45 58 62 46 28 43 35 21 26 23 11 7 11 4 4 3 1 2 7 21 31 49 58 40 34 63 54 37 30 66 70 58 67 48 44 69 66 28 26 31 40 41 33 46 38 41 24 22 10 6 6 3 3
0 0 0 0 0 0 0 0 0 0 0 0 0 1 0 0 1 0 0 0 0 3 3 12 6 2 3 5 11 10 10 4 3 10 12 12 12 13 14 10 8 17 16 22 46 48 35 50 46 43 35 28 22 18 16 12 10 4 3 1 4 10 21 43 58 54 42 54 53 74 52 50 28 27 46 46 66 59 37 46 39 54 52 61 52 44 58 51 28 16 13 13 7 2 3 3
0 0 0 0 0 0 0 0 0 0 0 0 0 0 0 1 1 0 0 0 1 3 6 9 3 1 3 10 8 17 19 6 23 32 39 31 31 28 30 15 14 15 47 57 60 40 47 43 48 48 42 32 26 22 18 14 9 5 2 1 2 9 36 51 49 64 47 57 55 47 82 58 42 29 18 64 39 61 50 50 55 70 71 64 54 64 51 41 21 16 14 11 6 4 5 7
0 0 0 0 0 0 0 0 0 0 0 0 2 3 2 7 1 0 0 0 1 3 7 7 3 8 2 9 11 21 10 32 27 19 24 29 23 26 13 23 48 60 36 39 33 45 41 40 50 41 47 42 31 23 18 17 7 6 2 2 2 5 20 51 77 67 46 60 53 45 37 52 59 17 11 30 59 74 69 60 60 61 65 71 65 47 52 35 48 24 13 8 3 8 4 18
0 0 0 0 0 0 0 0 0 0 1 0 3 2 6 0 0 0 0 1 1 2 5 9 12 4 7 7 7 7 12 49 18 19 25 30 31 20 33 35 62 54 53 51 56 56 56 49 61 51 51 38 32 26 21 10 8 5 5 2 3 5 19 40 67 56 67 71 58 72 64 62 57 23 24 44 56 57 62 54 53 54 53 60 50 45 44 49 51 41 15 12 9 12 10 25
0 0 0 0 0 0 0 0 0 0 0 0 1 10 1 0 0 0 0 1 1 2 4 2 2 2 15 3 8 7 24 14 25 35 27 30 31 34 46 42 37 51 58 64 62 66 58 67 60 40 33 31 26 31 27 13 9 6 5 2 4 8 20 37 56 50 45 62 76 60 73 58 62 27 43 57 56 63 43 42 49 52 41 37 39 40 40 38 34 35 28 22 9 19 26 27
0 0 0 0 0 0 0 0 0 0 0 0 0 1 0 0 0 0 1 1 1 4 4 2 2 6 3 5 10 25 32 32 28 31 24 28 42 43 50 46 54 65 69 54 50 66 68 66 50 46 39 35 27 21 20 22 17 8 4 2 5 13 24 39 46 52 43 46 69 80 70 60 51 76 66 34 28 33 47 47 45 49 52 48 37 47 30 47 34 24 27 21 11 24 25 24
0 0 0 0 0 0 0 0 0 0 0 0 0 0 0 0 0 0 0 1 2 1 1 5 5 2 2 11 31 6 8 8 24 23 30 40 42 43 43 43 48 63 50 57 70 64 68 70 49 49 43 34 29 18 17 22 11 9 8 3 3 8 34 46 58 49 46 41 40 40 49 51 49 62 11 32 36 35 32 35 40 38 36 57 49 50 44 41 30 28 28 15 16 29 26 36
0 0 0 0 0 0 0 0 0 0 0 0 0 0 0 0 0 0 0 1 2 1 9 10 2 3 5 10 6 8 10 13 22 16 28 35 40 42 36 67 49 41 47 64 33 53 70 71 68 61 30 29 27 30 28 16 14 15 9 3 1 6 15 41 51 51 78 56 55 51 41 24 40 57 33 44 48 35 35 36 45 43 50 51 50 23 26 21 26 43 29 10 24 41 43 42
0 0 0 0 0 0 0 0 0 0 0 0 0 0 0 0 0 0 0 1 1 6 4 2 2 8 4 5 5 9 11 14 11 18 22 40 26 27 53 44 37 59 69 38 60 60 61 66 56 39 31 41 42 35 32 29 25 20 9 5 2 6 23 33 43 64 75 83 49 58 43 25 26 64 67 29 41 48 54 35 37 40 53 48 34 16 38 35 29 20 12 6 28 42 42 42
0 0 0 0 0 0 0 0 0 1 0 0 0 0 0 0 0 0 0 1 1 1 0 1 6 1 1 3 6 8 19 14 11 25 27 29 30 45 52 58 36 33 44 55 52 59 46 52 49 48 45 55 50 28 31 27 28 15 12 6 4 12 19 36 52 57 69 74 65 62 45 46 49 65 39 31 31 35 41 47 34 68 56 33 41 50 40 30 18 8 6 17 35 46 42 45
0 0 0 0 0 0 0 0 0 0 0 0 0 0 0 0 0 0 1 0 0 0 0 2 1 2 3 7 10 11 9 7 10 13 28 18 53 49 55 31 20 23 34 52 61 59 56 59 61 59 57 54 40 27 22 20 18 16 15 13 7 17 29 46 61 61 52 45 64 74 62 23 36 59 27 33 60 59 56 62 58 45 46 45 48 51 26 28 15 12 13 31 38 42 33 44
0 0 0 0 0 0 0 0 0 0 0 0 0 0 0 0 0 0 1 2 2 1 0 1 2 4 5 13 5 4 8 9 21 16 42 16 9 8 8 22 26 44 59 65 67 63 57 61 48 64 46 42 49 30 33 21 17 18 16 14 10 26 43 44 62 57 49 26 46 63 60 36 48 51 29 18 36 65 63 63 64 37 46 49 46 47 26 22 33 15 31 35 21 47 45 46
0 0 0 0 0 0 0 0 0 0 0 0 0 0 0 0 0 1 1 0 1 1 1 1 4 3 3 5 3 5 19 12 9 42 8 6 23 27 32 31 52 60 54 63 68 72 67 63 50 53 50 48 49 44 40 35 29 20 19 9 21 32 56 74 64 58 44 46 52 50 59 32 39 46 56 37 40 44 60 65 53 59 44 50 49 41 30 10 14 30 30 19 29 36 61 45
0 0 0 0 0 0 0 0 0 0 0 0 0 0 0 0 0 0 0 1 1 1 1 1 3 3 2 4 5 6 6 8 13 9 2 10 14 21 34 74 52 47 59 64 66 70 58 55 50 42 49 49 50 35 41 28 34 32 21 23 26 51 45 62 60 53 45 54 53 42 65 54 32 47 55 37 46 49 48 48 57 50 40 40 45 32 17 6 14 40 22 31 42 39 59 40
0 0 0 0 0 0 0 0 0 0 0 0 0 0 0 0 0 0 0 1 3 1 0 1 4 2 5 4 4 3 12 33 18 2 5 17 12 36 48 47 47 61 62 49 54 57 60 60 47 51 49 50 50 49 45 41 38 37 26 25 28 35 42 44 59 71 54 71 68 51 37 36 47 38 56 56 42 42 34 38 47 42 38 46 43 28 13 8 31 34 36 54 57 43 51 38
0 0 0 0 0 0 0 0 0 0 0 0 0 0 0 1 0 0 0 1 1 0 1 2 0 3 3 2 10 5 17 12 2 4 17 6 18 16 28 57 63 48 36 74 68 47 56 60 58 56 52 52 50 49 48 47 43 27 29 32 35 54 35 37 33 53 72 72 64 60 62 56 32 43 34 37 23 31 45 51 40 46 37 49 46 14 9 30 26 37 51 55 48 30 44 43
0 0 0 0 0 0 0 0 0 0 0 0 0 0 0 0 0 0 0 0 0 0 2 0 0 1 1 1 10 10 11 1 3 6 10 38 14 20 40 48 52 43 58 31 42 40 56 69 56 55 56 54 53 49 50 48 32 21 35 48 38 55 45 47 42 50 55 80 50 41 23 43 27 18 20 35 47 39 34 37 39 33 51 44 20 13 23 33 38 32 38 46 57 44 45 42
0 0 0 0 0 0 0 0 0 0 0 0 0 0 0 1 0 0 0 0 1 0 1 0 1 2 1 5 10 4 2 2 2 4 17 25 26 20 27 31 38 50 38 29 36 71 59 56 54 69 58 54 54 51 51 47 31 23 46 50 66 67 50 48 36 52 60 57 69 38 24 20 28 35 30 51 39 41 37 44 34 41 29 21 14 24 37 44 34 51 46 33 35 40 34 28
0 0 0 0 0 0 0 0 0 0 0 0 0 0 0 0 0 0 0 1 0 1 0 1 3 1 1 7 3 3 3 3 7 8 23 15 22 21 21 14 18 38 57 46 55 49 55 59 68 56 59 68 37 51 49 35 20 44 54 54 76 66 48 57 42 36 44 64 56 15 37 20 23 33 40 41 41 46 46 38 34 42 21 27 21 36 43 44 36 37 44 30 31 40 44 33
0 0 0 0 0 0 0 0 0 0 0 0 0 0 0 0 0 0 0 1 0 0 0 1 1 1 1 3 1 1 2 2 8 12 19 23 9 15 14 20 29 39 45 64 45 49 50 72 54 55 71 58 58 55 38 36 23 42 64 62 63 69 50 56 57 46 43 36 54 12 21 35 43 29 33 38 51 44 54 54 40 37 16 14 22 39 48 50 54 48 43 42 31 32 51 40
0 0 0 0 0 0 0 0 0 0 0 0 0 0 0 0 0 0 0 0 0 0 1 1 1 1 2 0 1 1 5 4 12 19 3 2 12 10 16 16 21 33 45 55 57 46 68 46 67 72 53 54 58 56 41 37 23 42 64 64 56 62 38 42 57 30 50 26 32 12 11 37 17 37 36 44 45 54 72 50 48 19 15 20 35 41 44 48 34 24 32 51 24 25 41 60
0 0 0 0 0 0 0 0 0 0 0 0 0 0 0 0 0 0 0 0 0 0 1 0 0 1 0 0 1 1 4 1 6 4 2 6 4 5 9 23 31 37 45 52 46 35 54 64 62 57 62 53 55 55 54 35 35 41 65 75 65 58 47 34 58 48 20 17 39 8 23 20 22 33 34 40 56 29 33 42 19 13 20 37 36 45 52 47 26 30 38 21 13 17 27 54
0 0 0 0 0 0 0 0 0 0 0 0 0 0 0 0 0 0 0 0 0 0 0 0 0 0 0 3 3 2 5 4 14 5 2 2 5 6 8 9 13 36 25 34 52 25 23 23 41 47 59 56 52 56 39 24 41 54 63 61 78 62 36 34 37 39 25 6 22 2 4 10 20 35 43 54 53 54 47 48 23 14 23 35 35 59 61 50 37 29 35 35 28 15 24 38
0 0 0 0 0 0 0 0 0 0 0 0 0 0 0 0 0 0 0 0 0 0 0 0 1 1 1 0 0 1 4 1 2 1 2 5 3 5 5 7 25 24 18 40 19 26 29 42 45 60 52 58 56 41 35 24 38 52 67 60 62 37 36 47 37 18 19 11 17 4 7 10 11 11 36 51 49 48 32 32 13 21 34 36 38 61 51 21 31 42 25 42 17 19 25 44
0 0 0 0 0 0 0 0 0 0 0 0 0 0 0 0 0 0 0 0 0 0 0 0 1 0 0 0 0 1 1 1 1 2 4 3 7 5 7 15 12 23 34 18 24 26 44 42 54 46 47 51 55 38 18 34 42 71 62 56 52 48 30 51 32 17 14 19 7 5 16 24 32 44 50 48 41 21 20 11 16 33 32 35 37 62 59 17 17 38 24 43 20 21 26 57
0 0 0 0 0 0 0 0 0 0 0 0 0 0 0 0 0 0 0 1 0 0 1 0 1 1 0 0 0 2 1 0 1 3 8 3 4 7 15 5 22 19 14 24 24 38 43 57 59 50 61 48 37 39 26 44 42 64 69 42 48 44 23 14 20 19 11 10 8 18 25 17 25 31 28 42 32 24 10 29 22 35 40 50 42 57 60 26 24 26 13 45 20 23 24 39
0 0 0 1 1 0 0 0 0 0 0 0 0 0 0 0 0 0 0 0 0 0 0 0 0 0 0 0 0 1 0 1 9 3 2 2 3 5 6 20 32 22 35 16 28 47 55 41 42 63 55 40 36 38 25 51 61 48 53 53 29 34 31 9 26 22 9 5 13 20 14 17 37 31 41 23 32 30 18 35 36 31 35 47 32 37 42 36 40 22 23 50 19 21 18 32
0 0 1 0 1 2 0 0 0 0 0 0 0 0 0 0 0 0 0 0 0 0 0 0 0 1 0 0 0 1 1 8 1 1 2 4 1 1 7 14 14 10 40 27 34 51 24 36 54 49 39 37 33 32 36 46 54 59 44 42 23 20 20 16 12 16 6 2 6 23 15 28 33 45 36 35 40 38 29 32 34 40 39 43 32 23 35 30 31 27 26 44 22 15 24 28
0 0 0 0 0 0 0 0 0 0 0 0 0 0 0 0 0 0 0 0 0 0 1 0 1 1 0 0 1 3 4 13 2 2 4 1 1 1 3 8 8 13 32 36 32 36 37 38 41 41 36 35 30 30 43 34 51 57 45 21 31 11 14 12 8 3 2 1 1 7 18 41 46 33 30 31 29 10 20 27 29 44 36 39 23 39 51 51 34 27 20 28 35 8 24 31
0 0 0 0 0 0 0 0 0 0 0 0 0 0 0 0 0 0 0 0 0 0 0 0 1 0 0 0 0 1 0 1 2 2 2 2 1 1 10 3 6 7 23 14 35 25 29 21 40 45 28 30 24 24 35 45 48 53 39 26 17 23 9 7 1 1 3 7 6 12 16 33 33 24 22 23 9 17 30 27 29 41 43 27 31 31 40 44 31 27 19 27 32 10 13 35
0 0 0 0 0 0 0 0 0 0 0 0 0 0 0 0 0 0 0 0 0 1 1 0 1 0 0 0 0 0 0 2 2 1 2 2 4 1 6 5 1 7 23 21 26 26 27 38 34 35 33 25 25 45 44 30 51 30 25 9 15 10 3 4 2 2 4 11 9 6 24 35 47 46 41 14 15 17 27 36 45 28 36 25 33 44 41 37 26 26 20 16 29 24 9 18
0 0 0 0 0 0 0 0 0 0 0 0 0 0 0 0 0 0 0 0 1 0 0 0 1 1 0 0 0 1 1 1 1 4 1 2 3 2 18 6 2 14 4 20 17 17 32 15 27 26 23 26 19 46 46 28 31 19 19 17 5 4 4 3 2 1 2 3 5 5 21 30 44 61 32 12 16 25 22 45 44 31 29 34 19 36 41 37 28 30 9 20 22 16 12 9
0 0 0 0 0 0 0 0 0 0 0 0 0 0 0 0 0 0 0 0 0 1 0 1 0 0 0 0 0 1 1 0 1 2 2 5 2 3 14 8 4 17 3 19 11 10 15 12 21 22 29 18 17 31 33 58 11 10 9 5 5 2 2 2 1 2 4 4 6 7 24 33 23 47 22 13 27 31 24 27 38 28 25 23 27 33 32 46 31 17 11 17 22 9 10 7
0 0 0 0 0 0 0 0 0 0 0 0 0 0 0 0 0 0 0 0 0 0 0 0 0 0 0 0 0 0 1 1 2 1 2 2 1 1 3 11 5 7 6 11 3 14 10 17 22 12 22 16 20 16 26 30 18 10 5 1 2 2 1 2 1 2 4 4 10 10 18 29 29 22 14 26 26 23 24 18 23 32 34 28 20 29 37 29 36 11 7 29 12 16 10 4
0 0 0 0 0 0 0 0 0 0 0 0 0 0 0 0 0 0 0 0 0 0 0 0 0 0 0 0 0 0 0 1 1 1 2 1 2 1 1 6 13 11 6 4 3 5 6 14 11 4 14 12 11 11 14 24 19 7 2 1 1 0 0 0 1 1 2 7 11 20 36 25 22 10 28 22 26 37 31 21 15 22 22 24 25 44 12 33 15 9 6 25 12 21 6 4
0 0 0 0 0 0 0 0 0 0 0 0 0 0 0 0 0 0 0 0 0 0 0 0 1 0 0 0 0 0 0 0 0 1 1 0 2 1 1 3 14 11 3 2 3 5 14 4 10 3 6 11 8 17 12 8 9 4 3 1 1 0 1 0 1 3 3 6 13 13 22 33 5 10 17 18 29 23 18 10 16 6 21 23 20 11 25 15 18 11 5 14 8 14 11 3
0 0 0 0 0 0 0 0 0 0 0 0 0 0 0 0 0 0 0 0 0 0 0 0 0 0 0 0 0 0 0 0 0 0 0 0 2 0 0 4 4 9 3 3 2 21 7 4 3 6 11 11 6 11 17 5 14 2 2 2 1 1 1 0 1 1 2 5 17 29 19 8 10 17 14 17 12 13 11 3 9 9 15 13 13 16 14 11 3 8 2 9 19 5 2 4
0 0 0 0 0 0 0 0 0 0 0 0 0 0 0 0 0 0 0 0 0 0 0 0 0 1 0 0 0 0 0 0 0 1 0 1 1 0 1 1 4 3 5 3 3 25 5 6 4 5 8 6 8 16 21 4 9 2 1 1 1 0 0 2 1 2 4 7 31 11 7 8 15 13 12 15 18 18 12 8 9 12 20 17 15 10 8 16 2 5 3 3 15 2 2 3
0 0 0 0 0 0 0 0 0 0 0 0 0 0 0 0 0 0 0 0 0 0 0 0 0 0 0 0 0 0 0 1 1 1 1 1 1 1 1 1 4 5 5 3 4 4 4 9 6 2 3 7 11 9 9 4 3 1 1 1 0 0 0 1 2 4 6 11 8 11 12 11 10 13 20 6 8 17 10 7 10 9 7 20 8 6 2 5 4 3 8 2 7 2 2 2
0 0 0 0 0 0 0 0 0 0 0 0 0 0 0 0 0 0 0 0 0 0 1 0 0 0 0 1 0 0 0 1 1 2 1 2 1 2 1 1 3 1 3 4 1 3 4 8 5 4 5 9 7 5 4 1 2 1 1 0 0 0 0 0 1 2 2 10 18 10 11 9 8 16 11 4 5 16 14 7 6 7 5 4 8 5 1 2 3 8 3 2 2 1 3 4
