sesion_6_simulaciones/modelos_agentes/ejemplos_netlogo/scenarios/echam4_a2/rob_2084.asc
NCOLS 322 
NROWS 307 
XLLCORNER 451900 
YLLCORNER 4086900 
CELLSIZE 100 
NODATA_value -9999 
[rows 146 to 218 of 307, columns 192 to 287 of 322]
34 58 78 74 88 89 81 82 78 66 54 26 16 2 1 0 0 0 0 0 0 0 0 0 0 0 0 0 0 0 0 0 0 0 0 0 0 0 1 1 1 0 1 1 4 13 28 37 39 28 44 51 55 61 57 24 9 4 26 46 48 69 62 51 52 64 59 52 74 48 40 66 24 30 43 24 53 31 43 30 59 48 26 13 7 4 2 1 0 0 0 0 0 0 0 0
27 52 63 64 82 78 88 88 86 88 77 49 12 6 3 2 1 0 0 0 0 0 0 0 0 0 0 0 0 0 0 0 0 0 0 0 0 0 0 1 0 0 1 6 8 8 17 17 20 31 46 40 47 47 32 13 13 5 11 18 37 58 72 73 81 83 71 58 68 65 49 75 29 58 30 42 45 37 56 26 12 25 21 12 6 2 1 1 0 0 0 0 0 0 0 0
14 30 26 45 60 67 74 77 84 63 83 68 27 16 7 2 1 0 0 0 0 0 0 0 0 0 0 0 0 0 0 0 0 0 0 0 0 0 0 0 1 0 1 3 4 8 8 17 12 30 20 17 15 19 16 12 6 8 20 25 70 65 46 71 66 68 71 45 43 80 53 69 55 29 32 81 46 60 71 64 52 48 22 7 6 1 1 1 0 0 0 0 0 0 0 0
2 8 21 50 42 55 61 75 76 81 65 33 28 18 5 1 0 0 0 0 0 0 0 0 0 0 0 0 0 0 0 0 0 0 0 0 0 0 0 0 1 0 1 3 4 7 5 9 14 15 15 8 8 9 5 2 3 12 17 44 32 45 78 79 48 66 81 79 56 67 77 75 74 37 39 72 46 65 54 42 50 30 20 10 5 2 1 1 1 0 0 0 0 0 0 0
2 1 9 24 33 40 58 60 63 77 47 33 23 7 2 1 0 0 0 0 0 0 0 0 0 0 0 0 0 0 0 0 0 0 0 0 0 0 0 1 1 3 10 6 13 9 2 2 7 8 8 4 3 3 1 1 5 10 19 29 23 33 70 63 52 67 48 50 76 86 80 66 58 45 37 63 57 30 22 23 10 9 8 3 4 3 1 0 1 0 0 0 0 0 0 0
3 1 1 4 4 21 27 20 47 65 38 37 34 8 2 0 0 0 0 0 0 0 0 0 0 0 0 0 0 0 0 0 0 0 0 0 1 1 1 1 1 5 3 3 3 2 2 1 1 4 3 3 1 1 0 2 8 13 18 15 24 51 45 60 67 57 34 53 54 39 57 71 56 44 73 55 49 28 32 29 7 4 5 4 2 2 1 0 1 0 0 0 0 0 0 0
10 2 0 0 2 4 4 11 46 49 69 44 36 12 1 0 0 0 0 0 0 0 0 0 0 0 0 0 0 0 0 0 0 0 0 0 0 0 1 4 2 2 2 2 1 1 1 0 0 1 1 1 1 0 1 2 4 7 12 19 36 31 26 22 53 31 40 44 33 37 35 58 57 57 54 58 42 43 40 22 24 18 26 10 5 3 2 1 1 1 0 0 0 0 0 0
6 2 0 0 2 0 1 8 26 15 56 53 35 12 2 0 0 0 0 0 0 0 0 0 0 0 0 0 0 0 0 0 0 0 0 1 1 0 0 2 3 1 1 3 3 1 0 0 1 0 1 1 0 0 0 1 3 5 5 15 41 24 23 15 19 32 33 24 46 46 49 39 42 52 38 34 45 60 64 60 56 32 20 23 10 5 3 1 1 1 0 0 0 0 0 0
5 1 0 0 0 0 1 7 4 5 31 32 13 6 1 0 0 0 0 0 0 0 0 0 0 0 0 0 0 0 0 0 0 1 0 1 2 2 3 1 1 1 0 0 0 0 0 0 0 0 0 0 0 0 0 1 2 3 6 8 8 11 12 13 10 22 37 25 15 26 35 30 36 51 46 45 24 22 40 41 47 28 18 12 7 4 2 2 1 1 0 0 0 0 0 0
2 0 0 0 0 0 1 1 3 6 14 16 5 1 0 0 0 0 0 0 0 0 0 0 0 0 0 0 0 0 0 0 0 0 0 1 2 2 1 1 1 1 0 0 0 0 0 0 0 0 0 0 0 0 1 2 3 4 9 5 4 2 6 8 10 9 11 12 27 32 33 43 42 57 29 36 48 24 22 11 8 9 4 3 3 3 3 3 1 1 0 0 0 0 0 0
1 0 0 0 0 0 0 0 1 2 3 3 1 0 0 0 0 0 0 0 0 0 0 0 0 0 0 0 0 0 0 0 0 0 0 1 1 1 1 1 1 1 1 0 0 0 0 0 0 0 0 0 0 1 1 1 2 3 4 2 1 2 12 30 28 17 26 48 56 49 57 40 67 63 54 70 60 40 36 32 35 15 6 4 2 4 5 1 1 1 0 0 0 0 0 0
1 0 0 0 0 0 0 0 0 0 0 0 0 0 0 0 0 0 0 0 0 0 0 0 0 0 0 0 0 0 0 0 0 0 0 0 0 0 0 0 0 0 0 0 0 0 0 0 0 0 0 0 0 0 0 1 1 1 0 1 1 6 14 32 29 39 24 48 54 60 36 25 33 34 69 43 28 33 57 62 38 22 16 7 7 8 3 1 1 1 1 0 0 0 0 0
0 0 0 0 0 0 0 0 0 0 0 0 0 0 0 0 0 0 0 0 0 0 0 0 0 0 0 0 0 0 0 0 0 0 0 0 0 0 0 0 0 0 0 0 0 0 0 0 0 0 0 0 0 0 0 1 1 0 0 2 5 13 15 16 23 37 42 45 39 40 73 44 39 43 58 41 69 64 61 63 50 36 18 8 3 3 2 2 2 1 1 0 0 0 0 0
0 0 0 0 0 0 0 0 0 0 0 0 1 0 0 0 0 0 0 0 0 0 0 0 0 0 0 0 0 0 0 0 0 0 0 0 0 0 0 0 0 0 0 0 0 0 0 0 1 0 0 0 1 1 1 1 1 1 2 4 9 15 13 25 35 46 29 55 48 55 44 25 52 57 74 68 48 29 25 21 14 13 6 2 2 2 2 2 1 1 1 1 0 0 0 0
0 0 0 0 0 0 0 0 0 0 0 0 0 0 0 0 0 0 0 0 0 0 0 0 0 0 0 0 0 0 0 0 0 0 0 0 0 0 0 0 0 0 0 0 0 0 1 0 1 1 1 1 1 2 1 2 1 1 3 14 23 16 23 42 40 28 33 27 23 34 40 27 25 25 58 54 58 59 26 22 18 7 2 6 2 3 2 1 2 2 1 1 1 0 0 0
0 0 0 0 0 0 0 0 0 1 1 0 0 0 0 0 0 0 0 0 0 0 0 0 0 0 0 0 0 0 0 0 0 0 0 0 0 0 0 0 0 0 0 0 0 1 1 0 1 1 3 2 2 2 2 2 3 2 5 12 29 27 28 20 35 33 39 71 66 39 58 51 33 40 62 67 43 46 46 33 28 11 12 3 5 7 4 1 3 3 5 1 1 0 0 0
0 0 0 0 0 0 0 0 0 0 0 0 0 0 0 0 0 0 0 0 0 0 0 0 0 0 0 0 0 0 0 0 0 0 0 0 0 0 0 1 0 0 1 1 0 1 1 1 1 1 1 4 3 4 4 3 4 4 9 16 19 27 32 29 20 31 36 47 49 45 56 59 32 45 70 70 43 43 42 34 22 13 10 5 7 11 5 4 6 6 2 1 0 0 0 0
0 0 0 0 0 0 0 0 0 0 0 0 0 0 0 0 0 0 0 0 0 0 0 0 0 0 0 0 0 0 0 0 0 0 0 0 0 0 1 1 1 1 0 1 1 1 2 2 1 1 1 1 5 6 7 4 10 7 5 20 28 33 41 48 40 14 12 22 25 49 41 36 30 28 56 68 42 61 56 33 16 9 13 13 20 11 10 13 10 9 2 1 0 0 0 0
0 0 0 0 0 0 0 0 0 0 0 0 0 0 0 0 0 0 0 0 0 0 0 0 0 0 0 0 0 0 0 0 0 0 0 0 0 1 1 1 2 1 0 1 1 5 3 3 2 2 1 1 2 5 8 11 16 17 14 18 22 26 26 36 44 52 35 26 22 29 33 31 24 27 43 65 40 45 42 22 24 11 27 17 28 27 29 29 12 3 1 0 0 0 0 0
0 0 0 0 0 0 0 0 0 0 0 0 0 0 0 0 0 0 0 0 0 0 0 0 0 0 0 0 0 0 0 0 0 0 0 0 0 1 2 2 2 2 0 1 3 2 4 4 6 3 1 1 1 1 2 5 18 54 21 21 28 24 27 29 37 53 54 40 28 42 34 27 43 56 57 63 52 46 46 33 25 27 41 25 40 22 8 4 4 1 1 0 0 0 0 0
0 0 0 0 0 0 0 0 0 0 0 0 0 0 0 0 0 0 0 0 0 0 0 0 0 0 0 0 0 0 0 0 0 0 0 0 0 1 1 2 0 0 4 1 1 6 5 6 4 7 4 2 2 3 5 8 16 17 23 37 55 40 28 31 36 57 65 51 38 40 36 33 50 45 61 60 39 42 45 47 31 36 35 57 47 28 9 4 4 3 2 1 0 0 0 0
0 0 0 0 0 0 0 0 0 0 0 0 0 0 0 0 0 0 0 0 0 0 0 0 0 0 0 0 0 0 0 0 0 0 0 0 0 1 1 1 0 1 2 7 3 2 3 9 8 12 11 7 4 3 4 10 16 19 12 19 23 25 35 65 40 35 36 46 33 47 26 20 15 27 48 71 52 51 43 44 49 70 42 53 66 45 11 6 7 5 1 0 0 0 0 0
0 0 0 0 0 0 0 0 0 0 0 0 0 0 0 0 0 0 0 0 0 0 0 0 0 0 0 0 0 0 0 0 0 0 0 0 0 0 0 0 0 1 5 2 1 2 8 1 5 18 34 21 12 9 5 15 8 6 6 17 32 20 37 22 54 38 19 16 22 15 48 59 44 45 37 58 26 29 36 56 77 53 69 49 26 21 12 2 3 3 1 0 0 0 0 0
0 0 0 0 0 0 0 0 0 0 0 0 0 0 0 0 0 0 0 0 0 0 0 0 0 0 0 0 0 0 0 0 0 0 0 0 0 0 0 1 1 1 1 4 3 2 8 10 4 6 12 23 25 13 12 7 10 15 12 17 19 34 42 50 48 70 38 24 32 27 39 47 38 60 35 67 25 53 68 70 72 76 64 57 46 23 16 4 2 2 1 0 0 0 0 0
0 0 0 0 0 0 0 0 0 0 0 0 0 0 0 0 0 0 0 0 0 0 0 0 0 0 0 0 0 0 0 0 0 0 0 0 0 0 1 1 2 3 2 4 8 9 4 10 29 8 15 16 36 19 22 9 9 13 35 19 20 24 35 31 37 44 61 46 23 29 41 64 33 36 61 56 62 59 57 75 78 74 53 24 18 18 9 4 2 1 0 0 0 0 0 0
0 0 0 1 0 0 0 0 0 0 0 0 0 0 0 0 0 0 0 0 0 0 0 0 0 0 0 0 0 0 1 2 1 1 0 0 0 1 1 1 2 4 6 8 5 21 20 6 19 23 19 25 33 27 23 14 16 22 23 23 25 23 22 22 26 29 39 59 37 27 30 56 22 22 30 47 55 74 72 75 49 42 39 30 22 7 4 1 2 1 0 0 0 1 0 0
0 0 0 0 0 0 0 0 0 0 0 0 0 0 0 0 0 0 0 0 0 0 0 0 0 0 0 0 0 0 1 2 1 0 1 0 1 1 2 1 3 8 4 7 23 22 15 22 18 48 49 26 18 68 34 29 29 25 24 35 28 30 23 27 24 46 52 46 52 62 40 16 36 24 48 56 33 61 71 77 55 37 39 23 18 14 16 10 3 2 1 0 0 1 0 0
0 0 1 0 0 0 0 0 0 0 0 0 0 0 0 0 0 0 0 0 0 0 0 0 0 0 0 0 0 0 0 0 3 1 1 0 0 2 3 2 3 7 10 8 27 20 46 29 41 45 51 47 39 55 38 30 30 30 29 41 28 20 25 35 35 42 38 52 39 16 48 39 31 38 33 31 27 37 37 66 78 56 50 50 47 35 20 14 7 4 1 0 0 1 1 0
0 0 0 0 0 0 0 0 0 0 0 0 0 0 0 0 0 0 0 0 0 0 0 0 0 0 0 0 0 0 0 0 1 1 2 0 0 1 3 5 3 8 10 9 26 31 47 48 53 42 65 64 67 65 57 52 53 39 26 52 43 30 17 27 37 55 48 55 60 64 41 41 31 50 27 46 32 39 42 25 24 57 52 48 33 24 14 13 10 1 1 0 1 1 4 1
0 0 0 0 0 0 0 0 0 0 0 0 0 0 0 0 0 0 0 0 0 0 0 0 0 0 0 0 0 0 0 0 1 3 3 1 0 1 1 4 10 10 8 24 40 33 34 25 43 63 65 70 72 67 70 58 56 55 42 58 36 31 20 21 35 22 40 43 49 52 44 29 17 30 33 36 32 38 44 51 43 41 51 38 31 25 42 12 3 3 1 0 0 1 3 1
0 0 1 1 0 0 0 0 0 0 0 0 0 0 0 0 0 0 0 0 0 0 0 0 0 0 0 0 0 0 1 1 2 2 4 1 1 1 2 1 3 9 20 13 45 61 36 42 50 56 70 72 74 66 54 72 55 54 58 61 41 48 22 34 39 53 32 39 34 38 28 35 49 25 45 25 41 49 58 63 50 52 47 24 28 22 19 10 5 3 1 0 0 1 4 6
1 1 1 1 0 0 0 0 0 0 0 0 0 0 0 0 0 0 0 0 0 0 0 0 0 0 0 0 0 1 1 2 3 7 6 5 3 3 3 3 4 2 5 15 33 36 54 61 53 56 67 71 71 66 75 78 57 53 57 60 58 49 28 43 42 39 24 23 25 26 26 30 42 36 24 30 55 62 51 57 65 54 45 27 16 19 16 8 4 2 1 0 1 2 4 12
1 3 2 1 1 0 0 0 0 0 0 0 0 0 0 0 0 0 0 0 0 0 0 0 0 0 0 0 0 0 1 2 3 4 3 5 6 8 8 18 37 9 6 7 13 15 24 75 72 73 43 67 67 74 77 42 39 63 58 56 60 57 45 42 59 47 28 19 24 19 21 19 19 48 53 41 44 67 62 52 54 59 61 31 15 14 8 5 3 1 0 0 1 3 5 14
1 4 3 1 1 0 0 0 0 0 0 0 0 0 0 0 0 0 0 0 0 0 0 0 0 0 0 0 0 0 0 1 1 6 6 2 3 3 2 6 15 34 22 11 17 37 31 61 55 70 73 57 66 66 59 63 52 28 67 65 56 53 37 34 49 42 30 17 25 27 20 25 24 40 56 39 50 61 57 50 56 66 53 38 25 13 8 3 1 0 0 0 1 2 6 13
2 8 4 2 1 0 0 0 0 0 0 0 0 0 0 0 0 0 0 0 0 0 0 0 0 0 0 0 0 0 0 0 0 6 4 1 1 1 1 2 7 12 32 50 58 42 48 28 28 27 29 42 66 60 48 60 43 47 39 62 54 47 33 34 57 25 17 15 15 24 28 36 46 54 42 36 38 51 43 37 44 47 45 35 17 10 7 6 2 1 0 0 0 2 5 7
3 13 8 2 1 0 0 0 0 0 0 0 0 0 0 0 0 0 0 0 0 0 0 0 0 0 0 0 0 0 0 1 0 0 0 0 0 0 1 4 5 9 11 42 45 37 19 13 34 27 32 39 64 51 50 66 68 63 65 55 45 51 44 45 27 13 25 25 11 19 19 26 39 24 26 21 26 33 25 33 46 45 27 25 15 11 10 10 5 2 1 0 0 1 5 6
8 8 3 1 1 1 0 0 0 0 0 0 0 0 0 0 0 0 0 0 0 0 0 0 0 0 0 0 0 0 0 1 0 0 0 1 1 1 2 3 3 8 11 7 16 23 14 35 46 31 29 61 30 52 72 40 72 53 34 35 72 61 51 29 9 13 22 29 19 30 25 13 33 15 26 23 28 31 45 44 44 40 37 41 32 18 14 13 7 2 1 0 0 1 2 3
21 3 2 2 1 1 0 0 0 0 0 0 0 0 0 0 0 0 0 0 0 0 0 0 0 0 0 0 0 0 0 1 0 0 0 1 1 1 2 4 7 5 5 12 11 9 31 39 43 34 41 38 43 52 38 42 42 36 27 24 14 36 42 28 28 13 42 44 28 24 28 32 42 40 43 47 47 49 57 52 53 62 52 57 42 15 13 10 8 2 1 0 0 1 2 3
17 8 3 4 2 1 1 0 0 0 0 0 0 0 0 0 0 0 0 0 0 0 0 0 0 0 0 0 0 0 0 0 0 0 1 1 1 2 3 3 2 3 8 8 10 8 18 27 30 47 40 35 50 41 39 50 44 59 57 36 24 32 44 33 44 18 29 42 33 10 13 44 22 43 58 56 57 52 59 66 68 62 39 37 33 18 13 9 4 2 0 0 0 0 2 4
17 16 17 5 3 3 1 0 0 0 0 0 0 0 0 0 0 0 0 0 0 0 0 0 0 0 0 0 0 0 0 0 0 0 1 1 1 1 3 1 1 2 6 6 6 6 17 32 57 64 55 61 50 69 43 62 58 30 38 44 34 31 54 84 85 48 38 31 20 10 10 8 6 18 19 21 24 35 52 57 48 45 41 43 39 24 14 9 3 2 1 0 0 0 1 3
38 35 18 8 4 2 1 0 0 0 0 0 0 0 0 0 0 0 0 0 0 0 0 0 0 0 0 0 0 0 0 0 0 0 1 1 0 1 0 1 1 1 5 3 5 16 14 10 46 39 46 42 35 47 65 65 29 29 35 46 47 39 32 42 23 54 29 39 9 5 16 24 27 28 28 35 34 23 16 30 48 32 36 58 38 24 14 5 5 2 1 0 0 1 1 2
32 31 14 6 3 2 1 1 1 0 0 0 0 0 0 0 0 0 0 0 0 0 0 0 0 0 0 0 0 0 0 0 0 0 0 0 0 0 2 1 2 1 3 4 13 14 11 10 25 21 24 9 10 10 13 13 22 44 35 34 48 50 32 27 16 23 19 6 14 9 5 16 43 42 20 23 44 53 65 64 60 48 19 35 45 23 18 15 7 2 0 0 0 1 1 2
33 31 10 5 4 3 4 2 1 0 0 0 0 0 0 0 0 0 0 0 0 0 0 0 0 0 0 0 0 0 0 0 0 0 0 0 0 1 1 2 2 3 6 8 10 18 12 8 6 9 6 8 11 15 15 19 26 21 41 26 32 21 23 13 8 6 16 10 8 9 12 10 11 26 14 18 45 66 61 63 53 35 31 41 33 15 10 10 8 6 1 0 0 1 2 5
33 19 14 9 7 9 6 3 0 0 0 0 0 0 0 0 0 0 0 0 0 0 0 0 0 0 0 0 0 0 0 0 0 0 0 0 0 1 1 1 1 3 5 7 11 8 7 5 9 8 14 23 28 32 35 42 27 37 16 15 21 41 33 20 28 23 17 7 11 6 17 26 10 22 24 35 54 52 44 39 34 32 25 23 18 10 4 5 6 6 2 0 1 2 5 13
28 18 20 12 22 12 4 1 0 1 1 1 1 0 0 0 0 0 0 0 0 0 0 0 0 0 0 0 0 0 0 0 0 0 0 0 0 0 0 1 1 2 3 4 4 10 12 13 14 11 9 33 51 47 47 53 50 36 45 21 29 37 54 40 22 27 18 11 6 9 25 47 18 24 22 33 67 60 56 56 43 41 27 19 30 10 11 15 11 4 1 0 1 3 6 13
20 15 22 28 17 12 6 1 2 2 2 1 0 1 0 0 0 0 0 0 0 0 0 0 0 0 0 0 0 0 0 0 0 0 0 0 0 0 0 1 2 2 2 3 5 9 19 26 33 21 35 46 41 47 51 50 51 48 51 48 35 40 32 37 32 27 15 10 5 4 9 13 12 15 32 51 43 41 41 29 46 48 30 10 4 4 12 9 5 2 0 1 2 3 4 10
12 24 35 37 21 10 7 7 8 5 4 2 1 1 0 0 0 0 0 0 0 0 0 0 0 0 0 0 0 0 0 1 1 1 0 0 0 1 1 2 2 4 2 4 4 9 11 23 39 51 69 59 39 40 56 66 45 48 62 53 40 26 30 34 18 8 8 6 2 8 16 16 12 18 29 26 35 27 32 36 42 17 9 12 21 12 10 8 6 1 1 1 2 4 4 5
18 33 29 38 32 14 13 20 17 11 5 3 1 1 1 0 0 0 0 0 0 0 0 0 0 0 0 0 1 1 0 1 1 2 1 1 1 2 4 4 5 8 9 5 4 10 5 9 18 17 45 62 71 58 45 61 43 52 65 57 54 18 14 11 8 6 6 7 2 9 11 24 21 20 11 12 19 10 16 26 25 28 39 23 41 16 9 11 2 0 1 2 3 7 6 9
34 37 38 39 33 30 30 26 26 15 6 2 1 1 1 1 0 0 0 0 0 0 0 0 0 0 1 1 1 1 1 1 1 2 1 1 1 1 4 10 16 22 18 10 13 9 11 17 18 21 26 36 43 68 62 50 67 57 38 45 55 48 26 11 5 2 3 6 2 10 19 23 22 13 16 29 29 45 53 49 53 66 56 34 21 14 12 6 1 0 1 2 7 10 12 17
61 44 33 21 42 36 30 23 15 10 4 2 2 2 1 0 0 0 0 0 0 0 0 0 0 0 1 2 2 2 1 1 2 2 3 2 4 2 3 10 26 23 37 23 15 17 21 27 36 33 41 50 53 44 46 45 54 57 53 49 24 30 17 32 20 4 2 3 9 20 25 35 44 39 16 29 49 70 69 68 69 49 23 9 21 13 3 1 0 1 0 1 5 13 18 22
66 53 32 16 26 29 17 15 5 3 3 2 3 2 1 0 0 0 0 0 0 0 0 0 0 0 1 2 1 0 3 3 4 2 4 3 5 8 3 9 15 25 31 42 27 22 37 32 37 48 38 53 55 45 42 45 27 29 47 40 37 30 11 15 8 5 1 7 15 15 19 21 24 33 31 59 43 42 67 65 59 34 39 31 16 11 5 1 1 1 1 2 3 9 19 41
54 46 23 10 15 14 8 9 6 5 5 6 4 2 0 0 0 0 0 0 0 0 0 0 0 0 0 1 1 1 1 4 4 3 5 6 6 17 21 13 18 30 35 43 43 25 39 50 55 51 41 68 57 48 42 40 40 10 12 14 6 8 15 11 3 5 6 26 7 6 8 11 19 36 56 61 58 33 55 42 42 40 33 24 19 10 5 0 1 2 3 2 4 8 11 24
45 31 14 10 8 6 10 12 9 8 13 4 1 1 0 0 1 0 0 0 0 0 0 0 1 1 1 1 2 3 3 1 1 9 15 12 15 19 12 24 38 32 49 49 50 27 33 48 48 56 58 59 49 48 44 26 21 21 26 24 18 20 13 7 5 0 5 2 3 4 15 39 45 50 40 52 58 59 56 46 52 38 37 27 17 10 2 0 1 4 7 6 5 8 11 18
51 37 37 30 30 20 26 24 28 19 9 7 2 1 1 1 1 0 0 0 0 0 0 0 0 1 2 2 2 5 6 3 2 9 19 20 25 23 16 18 18 18 13 13 26 40 54 50 50 44 47 52 47 48 40 46 33 11 46 44 22 15 11 5 6 1 3 5 11 12 25 32 43 60 50 35 56 49 58 42 45 56 41 24 16 4 1 1 2 5 9 9 11 13 19 22
57 48 64 62 36 9 4 14 21 16 10 8 5 4 3 1 1 0 0 0 0 0 0 0 1 1 2 3 5 5 7 9 4 7 21 27 32 24 29 16 18 21 24 14 15 17 43 59 57 54 33 32 44 43 40 38 33 48 30 18 22 26 24 16 4 1 3 10 13 16 25 16 28 34 34 40 49 62 63 65 64 51 44 20 10 3 2 1 6 6 11 6 12 27 31 44
64 66 44 24 10 6 29 29 16 5 9 15 14 7 2 1 1 1 0 0 0 0 0 0 1 1 2 3 5 11 13 17 8 11 12 30 37 41 40 19 43 24 36 27 17 19 19 28 62 70 42 25 41 50 38 33 36 23 39 35 19 15 21 14 3 2 2 2 15 41 41 41 41 46 34 51 57 57 45 56 47 42 57 34 10 4 1 1 5 7 8 12 11 18 29 44
54 37 36 18 16 23 35 23 13 9 12 12 11 5 1 3 2 1 0 0 0 0 0 0 1 1 2 3 10 17 17 23 13 5 7 18 18 29 35 39 55 55 36 44 43 18 20 55 56 58 43 26 31 28 48 30 25 28 15 15 14 22 19 7 4 3 5 9 12 11 32 51 53 69 60 44 72 59 47 48 59 49 21 45 13 4 0 2 5 6 13 15 19 16 21 24
23 38 50 25 21 44 29 26 32 23 13 7 3 3 3 3 2 1 1 0 0 0 0 0 1 1 3 7 15 13 29 27 15 11 13 14 16 22 14 45 54 61 54 35 56 30 28 57 52 26 57 25 30 26 24 54 36 27 49 33 11 9 10 9 3 3 4 6 14 39 45 59 65 46 72 56 45 44 65 43 53 51 23 8 11 3 0 2 4 7 16 13 30 47 42 26
30 35 50 57 54 47 44 37 20 12 7 3 2 3 6 2 2 1 1 0 0 0 0 1 1 1 2 4 8 9 16 15 25 33 25 17 16 21 21 30 33 54 54 65 50 42 33 54 40 29 47 48 15 25 26 11 10 10 23 19 20 5 5 5 3 6 8 19 20 48 60 55 44 60 45 67 55 61 61 58 60 23 7 3 3 1 1 4 7 7 12 9 34 50 42 42
57 56 63 52 54 41 23 25 13 9 5 5 14 7 3 2 1 2 1 1 0 0 0 0 1 2 5 4 8 12 30 27 35 43 39 34 19 21 36 24 39 31 36 72 66 55 41 54 21 20 32 19 17 18 18 25 12 9 8 8 6 13 12 6 4 3 11 23 16 15 9 17 31 27 46 47 61 66 56 56 46 25 8 4 1 0 2 4 5 11 9 12 21 31 37 45
58 52 48 57 48 17 10 15 15 13 10 19 17 5 3 2 2 1 0 1 0 0 0 1 2 4 7 9 13 10 24 37 45 49 47 56 22 14 27 40 40 38 44 54 65 50 35 49 52 46 24 36 66 20 22 25 16 8 8 11 3 3 4 3 7 2 4 11 34 37 25 25 27 9 9 20 36 42 57 47 28 23 12 2 0 1 4 5 4 6 9 17 27 14 25 25
51 38 35 39 31 27 22 12 18 22 17 10 3 4 3 3 2 1 0 0 0 0 0 1 3 6 12 15 20 27 26 37 62 52 39 61 37 26 29 29 43 39 50 50 60 43 28 39 53 63 34 32 50 39 16 22 19 16 8 9 10 6 3 2 7 1 6 23 27 40 43 49 36 35 32 26 15 28 37 51 37 9 2 1 0 1 3 6 8 9 12 14 18 21 39 47
29 31 44 31 33 29 23 39 14 5 4 3 9 12 5 2 2 1 0 0 0 0 1 1 3 5 11 23 33 31 53 55 59 64 64 40 55 41 31 37 54 49 50 53 31 43 62 38 25 13 32 25 12 30 29 15 19 13 6 3 3 7 3 2 2 7 8 13 23 35 44 44 30 55 59 60 52 43 29 25 24 7 3 0 1 2 2 2 6 10 11 13 19 18 24 28
45 31 49 37 35 66 47 19 15 9 12 16 17 6 2 1 1 0 0 0 0 0 2 1 3 7 14 24 30 41 50 67 77 72 66 70 56 67 54 37 55 62 46 25 35 53 60 52 25 25 24 32 29 17 19 16 13 8 8 5 2 4 4 1 1 3 5 12 20 32 65 78 64 62 77 78 84 65 44 18 11 4 1 0 1 1 3 4 6 8 12 15 23 28 28 35
42 43 31 29 33 20 29 32 33 34 28 10 6 4 2 0 0 0 0 0 0 1 1 2 5 9 12 17 25 28 32 58 65 82 76 58 58 69 64 35 37 65 41 36 24 42 53 50 60 38 25 20 33 44 24 6 14 15 11 4 2 1 1 1 3 2 18 39 65 33 33 69 80 60 36 53 68 68 42 16 7 3 1 0 1 2 3 4 6 11 16 18 22 28 29 32
26 39 38 28 18 9 6 26 19 14 18 8 3 2 1 1 0 0 0 0 0 1 2 8 13 17 27 19 18 14 25 40 47 65 81 41 33 72 65 32 30 50 54 32 28 37 36 49 49 41 9 8 21 25 10 8 11 8 7 11 2 1 1 1 2 7 4 4 20 76 50 37 56 70 41 32 40 63 40 13 5 1 0 0 0 1 2 3 5 8 16 14 21 23 39 45
32 35 29 27 33 34 17 24 19 15 7 6 5 3 1 1 1 0 0 0 0 1 1 5 16 19 22 23 33 35 28 31 34 37 51 69 36 36 69 57 29 27 48 32 23 30 31 42 53 42 26 7 33 20 14 8 5 1 2 3 1 1 0 2 3 4 5 21 30 48 62 43 41 25 23 15 5 32 35 10 3 1 0 0 1 2 3 5 6 10 11 9 18 23 19 29
20 19 17 25 19 23 14 27 15 14 8 5 4 3 2 1 1 0 0 0 0 0 1 3 9 14 15 16 19 16 46 31 34 23 37 48 72 35 17 51 42 24 48 33 16 24 25 36 26 30 36 10 9 10 7 8 3 2 2 1 1 2 1 3 2 6 13 18 22 60 64 44 36 50 41 28 9 6 15 10 2 0 0 1 1 3 3 5 6 13 11 27 32 33 36 33
26 28 38 53 28 26 14 22 16 10 6 3 2 1 1 1 1 0 0 0 0 0 1 3 5 11 9 28 29 21 49 68 77 64 64 71 58 47 30 20 20 37 34 22 14 13 26 31 29 15 29 8 8 7 7 9 5 2 2 3 2 1 1 4 23 17 31 36 36 43 26 40 51 58 51 34 18 4 4 3 1 0 0 1 2 5 4 3 7 7 13 15 25 30 43 51
38 41 38 35 29 32 22 16 12 7 4 3 3 2 1 1 0 0 0 1 0 0 1 3 5 8 7 7 16 42 44 54 60 63 31 24 35 54 45 41 16 11 38 20 11 16 14 8 26 11 7 12 2 5 3 2 6 1 2 1 1 1 3 4 21 24 17 26 22 23 46 53 65 56 57 41 8 7 3 1 0 0 1 1 3 1 2 2 5 7 9 7 13 15 25 34
10 17 21 25 24 25 27 22 21 9 7 8 5 3 2 1 0 0 1 1 0 1 1 2 4 4 4 15 21 21 39 23 19 23 36 48 51 27 36 54 51 28 23 13 19 9 9 7 3 4 5 2 7 3 5 1 1 2 0 1 0 1 1 3 3 4 11 25 31 48 59 56 42 42 23 42 23 12 3 1 0 0 1 2 1 3 3 4 8 16 9 23 23 12 29 45
8 6 13 16 13 12 24 22 15 18 14 10 6 2 2 0 0 1 1 2 1 1 3 3 1 2 4 6 9 12 25 30 22 42 46 48 33 33 26 51 25 12 12 12 17 14 10 4 3 12 4 4 2 4 6 2 1 0 1 0 1 1 6 6 10 11 21 30 40 49 59 44 47 42 23 13 15 7 3 1 0 1 1 1 2 2 7 5 12 5 7 15 15 17 17 20
16 15 18 16 9 4 6 20 20 17 9 7 4 3 1 1 0 1 1 3 2 4 4 4 3 2 2 3 2 7 14 29 28 54 56 49 42 28 26 15 18 13 10 6 7 8 15 4 3 3 1 1 3 2 5 2 2 2 1 1 4 2 10 27 13 15 22 29 36 63 62 68 56 42 33 19 6 2 1 0 0 1 1 2 2 3 4 10 7 10 19 18 23 30 29 31
