sesion_6_simulaciones/modelos_agentes/ejemplos_netlogo/scenarios/echam4_a2/rob_2041.asc
NCOLS 322 
NROWS 307 
XLLCORNER 451900 
YLLCORNER 4086900 
CELLSIZE 100 
NODATA_value -9999 
[rows 0 to 72 of 307, columns 96 to 191 of 322]
5 0 0 0 3 0 0 0 0 1 1 2 3 9 10 3 6 3 4 1 4 3 2 8 2 1 2 2 3 2 1 1 2 3 1 1 1 2 4 2 1 13 40 51 63 52 61 58 74 53 50 52 28 12 19 23 20 5 11 7 10 4 3 2 11 18 24 3 3 17 26 12 12 16 14 11 13 18 10 55 42 26 39 42 49 34 38 41 49 63 41 29 22 8 16 31
0 0 0 0 0 1 0 0 0 1 1 1 7 12 5 4 1 1 1 2 3 0 1 1 2 1 2 1 1 8 3 1 1 2 1 2 2 2 4 6 10 16 17 15 76 81 78 70 89 64 72 54 15 17 44 8 3 5 3 4 1 5 4 2 4 2 4 20 17 15 8 26 38 19 34 41 49 21 23 30 28 25 41 47 53 38 38 48 51 44 51 38 46 23 30 33
0 0 0 1 0 1 0 0 0 0 0 1 3 4 1 1 2 4 4 5 7 1 1 1 1 1 2 1 2 3 5 5 1 2 7 6 6 9 12 15 23 34 24 30 10 3 11 35 87 73 70 71 22 53 40 31 18 9 5 7 4 23 48 36 55 22 15 29 9 15 11 14 23 26 32 52 64 64 38 26 28 28 42 43 52 41 45 59 38 39 48 36 44 44 30 33
0 0 0 0 0 0 0 1 0 0 0 0 1 2 2 3 3 5 7 5 2 0 3 2 0 1 1 1 2 1 3 3 3 6 8 5 16 17 36 53 63 67 45 13 6 9 3 6 23 8 19 15 8 20 41 7 36 2 3 8 11 30 63 60 65 67 57 16 30 26 24 30 20 22 37 37 45 19 16 25 37 38 52 52 54 41 39 48 34 32 49 47 32 42 24 48
0 0 0 0 0 0 0 1 1 0 1 1 1 1 3 3 2 14 5 2 3 2 2 5 3 2 1 1 1 5 8 6 1 7 15 16 25 40 66 75 78 68 51 23 12 5 9 18 10 7 15 13 3 36 7 16 25 13 2 4 34 54 43 64 42 19 61 29 41 49 29 27 18 17 37 26 31 27 30 35 38 35 75 53 38 42 40 54 37 42 46 60 27 45 53 54
0 0 0 0 0 0 0 0 1 3 1 1 0 1 1 1 4 3 5 4 1 2 4 3 4 2 2 2 1 1 2 6 6 3 19 37 45 65 77 62 73 72 65 35 12 19 10 15 17 13 17 34 5 12 10 24 12 10 7 10 39 42 11 6 8 23 32 8 13 19 6 23 64 45 34 18 24 25 23 41 31 40 46 44 52 39 38 58 53 38 50 38 47 51 65 29
0 0 0 0 0 0 0 0 1 2 2 0 0 1 1 3 1 3 7 5 7 3 2 2 3 3 4 2 1 1 1 8 11 9 21 63 72 72 70 71 72 69 35 18 21 44 23 34 26 25 18 31 21 18 26 16 6 14 21 7 5 6 5 10 4 7 30 50 30 29 9 30 14 6 47 36 32 40 19 36 30 23 29 24 45 47 38 54 52 28 53 44 45 40 25 23
0 0 0 0 0 0 0 0 0 1 8 8 10 2 1 1 1 2 2 2 7 20 4 9 10 3 3 1 2 2 2 4 13 33 25 57 55 69 70 63 59 22 28 24 50 38 31 56 35 32 17 22 37 40 25 22 20 47 57 57 29 10 2 2 11 6 21 13 33 18 21 12 6 15 8 32 46 72 56 21 35 44 27 37 66 43 44 51 58 60 35 29 11 19 20 17
0 0 0 0 0 0 0 0 0 0 1 9 12 29 7 11 1 1 1 4 6 2 3 5 4 1 2 2 2 3 8 7 22 53 66 28 20 29 23 22 36 20 16 31 61 48 25 35 40 28 22 17 71 34 27 41 29 41 10 24 59 36 15 2 12 9 6 7 2 8 28 23 8 10 31 11 17 24 31 59 57 78 44 52 25 17 31 71 36 51 33 70 50 30 20 28
0 0 0 0 0 0 0 0 0 0 1 0 0 0 0 0 1 1 1 1 2 1 3 2 4 3 2 2 3 5 8 34 31 28 47 38 37 37 20 20 11 10 17 35 65 39 16 17 27 33 30 16 26 81 67 62 11 21 9 43 27 36 7 10 2 5 4 3 9 15 15 19 23 19 29 44 15 20 59 65 32 62 46 36 18 24 16 33 34 48 24 44 76 66 24 18
0 0 0 0 0 0 0 0 1 0 0 0 1 0 0 0 2 0 2 1 1 1 2 2 5 1 1 2 6 13 29 36 72 52 31 30 35 52 49 32 20 8 8 11 40 15 16 22 32 23 34 17 31 36 79 61 23 14 21 37 17 18 9 3 6 8 9 4 15 31 28 32 21 14 36 52 32 13 16 53 34 29 47 59 26 29 20 24 63 49 45 39 70 81 55 28
0 0 0 0 0 0 0 1 1 1 0 1 1 2 2 1 1 3 5 2 9 3 1 2 2 3 1 2 4 45 50 43 45 41 32 25 30 53 46 35 20 9 12 21 25 12 14 39 21 24 49 21 33 50 27 45 26 22 32 27 10 10 23 16 7 5 18 18 30 60 66 69 15 28 44 50 34 20 17 57 31 6 34 63 26 35 30 27 51 33 28 34 56 63 64 54
0 0 0 0 0 0 0 0 0 1 1 1 0 0 1 2 4 1 6 5 16 15 2 1 1 2 1 4 11 29 55 35 35 32 34 49 50 20 27 47 19 8 9 31 26 11 22 24 28 39 55 44 42 64 43 36 37 31 42 13 11 14 22 18 9 7 6 18 36 23 48 41 31 22 24 53 22 19 7 17 36 6 44 72 28 32 45 27 20 51 36 17 24 40 60 72
0 0 0 0 0 0 0 0 0 0 1 1 1 1 1 1 6 2 13 4 2 2 8 4 2 2 3 21 25 22 29 33 25 13 14 15 15 10 10 16 19 4 3 3 11 9 17 19 51 65 71 67 50 54 33 48 48 39 32 33 11 8 25 25 19 17 8 11 12 7 3 3 21 29 26 31 21 33 19 12 5 9 23 59 62 29 38 41 26 24 46 24 36 56 79 61
0 0 0 0 0 0 0 0 0 0 0 0 1 1 1 1 1 1 10 5 4 9 10 3 4 3 5 7 25 29 15 9 9 12 19 16 15 13 7 2 15 3 10 6 2 3 17 33 40 70 70 66 53 61 41 65 61 47 46 49 8 26 36 33 20 13 6 9 5 3 3 21 48 39 38 46 41 32 16 17 28 9 27 57 67 30 15 19 24 20 15 14 31 47 55 50
1 0 0 0 0 0 0 0 0 0 0 0 0 0 0 1 1 3 1 0 2 2 1 16 6 7 4 6 8 5 7 18 23 25 17 24 43 43 23 5 6 5 2 7 3 4 3 21 36 41 52 42 42 41 53 37 48 41 54 46 8 24 7 32 49 28 9 10 13 2 9 37 45 48 20 13 23 32 41 35 27 24 25 51 72 85 57 41 22 18 17 10 32 67 57 40
0 0 0 0 0 0 0 0 0 0 0 0 0 0 0 1 1 2 1 2 2 1 1 3 16 7 11 14 40 29 17 10 13 21 21 39 53 56 40 4 10 9 4 6 16 18 18 4 17 28 20 20 14 17 27 48 50 53 56 53 15 31 21 25 37 11 8 9 7 7 9 38 29 41 12 11 19 18 45 32 31 31 35 41 73 87 84 35 24 21 20 15 34 57 66 61
0 0 0 1 1 0 0 0 0 0 0 0 0 0 0 0 1 1 2 2 1 1 2 3 7 8 2 8 9 6 16 15 21 14 41 66 44 53 39 21 31 34 23 24 37 36 40 22 7 3 3 5 3 2 9 54 80 89 64 28 50 30 26 17 30 19 10 19 6 6 41 42 43 36 12 27 47 27 34 37 24 22 16 11 60 67 64 63 42 25 24 17 21 41 44 24
0 0 0 0 0 0 0 0 0 0 0 0 0 0 0 0 0 1 1 0 1 1 2 2 11 19 8 8 6 14 21 27 16 34 42 47 19 23 26 51 39 47 54 64 58 38 48 40 21 15 11 10 14 2 3 12 79 85 59 36 33 40 20 15 23 7 9 11 3 31 58 56 46 54 19 20 45 44 43 72 44 30 17 11 22 49 54 53 53 33 28 26 13 26 67 20
0 0 0 0 0 0 1 0 0 0 0 0 0 0 0 1 0 0 0 1 1 2 3 1 8 7 5 9 12 12 15 43 30 27 29 17 31 34 30 40 64 67 59 34 40 22 37 44 26 20 19 5 10 5 11 7 28 41 53 54 37 21 17 34 29 5 9 33 60 44 65 79 36 74 34 13 40 67 45 67 57 51 38 17 18 50 70 55 62 42 36 22 9 17 53 44
0 0 0 0 0 0 0 0 0 0 0 0 0 0 0 0 0 0 1 1 1 1 1 1 3 7 6 3 3 10 7 8 16 24 39 20 21 34 21 59 35 36 56 43 27 24 27 37 34 16 25 21 7 13 20 15 20 42 60 53 17 17 56 48 25 6 26 33 44 55 44 49 27 35 59 43 27 25 29 67 31 29 48 36 28 13 54 36 63 32 39 20 13 14 19 41
0 0 0 0 0 0 0 1 1 1 1 1 0 0 0 0 0 0 0 2 1 1 1 1 7 4 10 9 5 8 8 14 20 51 48 30 64 27 44 20 39 25 20 20 36 37 62 47 45 18 21 17 17 17 28 21 22 35 59 60 57 17 25 27 15 18 46 10 34 53 61 38 46 21 54 64 38 23 28 78 84 48 22 61 45 14 11 19 58 43 36 36 14 13 12 37
0 0 0 0 1 0 0 0 0 0 0 0 1 0 0 0 0 0 0 1 4 3 4 3 9 3 6 15 7 5 21 45 50 13 7 68 54 22 23 24 35 50 30 20 16 38 31 12 16 13 27 17 18 19 19 22 13 21 38 28 26 24 14 13 15 36 50 6 29 21 46 59 49 18 18 46 45 57 30 55 85 62 51 24 42 19 6 16 55 61 17 44 25 12 16 28
0 0 0 0 1 1 0 1 2 0 1 1 1 4 2 1 1 1 1 7 4 7 6 4 10 9 5 19 22 12 9 10 4 4 5 14 28 33 14 29 31 46 42 42 32 10 7 5 3 3 11 9 6 8 15 7 9 10 11 22 33 25 15 22 47 39 26 12 24 25 25 47 39 37 28 65 65 45 40 22 62 64 44 61 26 16 10 12 12 38 12 24 20 8 8 12
1 0 0 0 1 1 1 0 3 1 0 1 2 3 4 4 12 2 3 3 8 12 26 12 8 10 26 17 40 21 9 6 13 14 8 1 5 34 29 10 22 43 56 60 42 33 25 18 13 12 5 4 3 1 2 2 2 3 15 28 43 25 32 35 20 43 22 28 35 30 22 34 52 57 17 55 61 42 45 30 46 60 32 16 42 24 11 11 8 15 14 14 22 10 5 5
3 1 0 1 2 0 1 0 1 2 2 2 5 7 10 5 11 15 4 5 24 56 60 72 60 52 51 31 50 35 62 64 63 34 13 12 13 10 9 19 39 30 39 47 56 54 51 36 31 26 14 13 12 12 10 10 10 9 28 42 38 31 24 24 20 40 37 49 18 45 21 16 48 36 19 42 40 21 27 24 25 31 56 14 14 9 12 4 4 8 7 12 5 5 3 3
3 2 2 3 2 1 1 1 3 5 4 3 3 16 23 16 17 55 33 55 64 66 72 77 65 73 69 65 70 75 51 19 36 46 36 16 21 17 7 7 27 34 40 57 50 50 54 42 41 36 27 26 27 25 14 23 15 16 28 25 32 21 12 14 12 46 29 46 39 43 12 19 27 33 22 39 35 47 15 22 22 9 27 16 8 18 6 5 1 4 7 5 6 4 4 3
2 4 3 2 4 3 5 3 5 10 10 20 17 22 38 70 61 52 64 23 32 36 55 70 70 63 82 77 77 77 19 12 12 13 27 27 34 18 26 19 21 45 50 45 50 48 39 64 55 40 33 34 32 30 26 27 28 7 17 17 20 12 14 23 40 59 53 30 37 18 23 12 24 26 25 16 15 22 29 14 21 13 19 15 5 14 7 4 1 2 5 5 4 5 3 1
4 9 4 2 6 4 5 5 9 24 39 55 73 75 84 83 69 71 75 56 27 13 39 59 43 39 30 57 61 56 34 7 6 4 6 11 20 18 23 27 11 24 33 36 21 21 12 30 39 37 49 48 34 32 31 43 31 10 12 11 8 18 33 42 50 41 23 24 17 32 26 35 17 16 16 14 13 13 22 15 13 11 10 6 8 6 6 5 3 1 3 2 2 3 1 1
5 11 3 4 15 12 12 23 41 61 79 75 81 83 77 89 70 72 87 37 68 28 16 36 25 16 21 23 22 23 47 27 17 3 6 3 11 9 10 25 21 21 41 17 23 21 12 24 22 14 13 13 11 20 21 10 34 19 13 10 13 20 37 40 43 32 16 33 44 25 29 19 16 13 11 6 7 7 11 10 9 8 3 6 3 2 2 1 2 1 1 0 0 0 1 1
3 15 13 12 19 31 49 63 59 82 75 87 73 85 78 80 52 63 83 69 31 34 18 10 10 8 4 3 12 13 17 62 25 7 8 6 24 51 50 34 33 21 19 11 11 16 16 6 4 7 8 20 31 31 17 17 35 21 31 10 17 23 36 25 38 18 12 22 39 35 23 16 8 13 9 4 2 1 3 4 4 3 2 1 1 1 1 1 1 1 1 1 4 2 2 3
14 26 39 40 62 80 71 77 78 79 74 89 73 76 57 73 54 73 70 74 20 42 41 16 11 3 3 1 4 6 6 13 17 8 9 13 7 16 16 19 14 14 15 25 25 16 18 9 13 16 39 57 50 33 52 12 39 35 9 4 4 15 13 28 21 22 12 7 10 14 12 12 6 2 2 3 4 3 6 8 4 6 4 6 7 7 6 4 4 7 2 2 10 6 4 7
41 55 63 75 74 72 77 79 81 71 89 66 38 58 50 53 60 62 63 69 31 18 26 15 13 8 3 5 11 12 13 22 15 5 17 14 18 18 30 20 35 23 35 36 40 39 29 26 22 25 37 64 66 65 63 32 43 36 19 24 13 3 4 4 6 5 9 5 5 4 5 4 5 8 14 13 21 13 20 10 11 17 9 15 10 25 15 6 11 10 4 5 10 8 6 13
67 79 79 67 79 77 85 70 71 54 74 17 30 23 33 47 49 37 35 57 33 14 6 5 8 11 12 10 14 5 38 38 33 23 29 31 29 25 28 29 31 34 36 35 51 37 47 31 17 53 47 48 59 47 37 32 63 37 31 49 37 24 24 24 23 22 34 24 18 15 15 17 27 27 27 17 26 25 27 24 23 23 21 21 30 24 16 13 13 8 11 7 15 8 20 20
12 19 51 49 68 62 76 69 34 7 4 5 13 10 9 11 13 25 41 56 31 9 11 18 10 9 32 22 33 25 35 34 33 29 28 51 40 19 39 35 34 46 45 45 36 35 44 33 28 40 51 45 57 65 48 51 40 32 41 44 37 42 41 44 44 38 50 39 34 18 31 31 30 30 43 31 31 44 29 41 40 28 31 30 50 24 21 19 18 17 15 12 24 27 26 37
16 10 7 7 5 6 21 22 22 8 5 9 15 16 7 4 3 6 26 29 16 9 35 9 24 35 42 31 43 28 26 23 41 38 20 34 34 21 31 39 31 50 32 30 31 36 54 38 27 31 50 46 28 73 48 64 35 39 47 39 54 41 37 38 39 28 55 38 24 34 34 33 46 32 45 33 33 48 46 48 33 32 46 36 41 29 25 24 21 21 21 20 48 37 28 28
29 46 36 15 14 12 4 8 11 5 10 14 12 7 3 4 1 12 10 16 24 41 45 20 37 30 37 34 26 11 4 13 28 27 19 31 17 22 32 40 45 27 31 28 27 50 40 27 40 40 49 60 36 74 67 31 60 54 50 32 45 39 55 52 39 45 39 39 37 25 36 50 50 36 49 48 38 54 37 47 37 49 51 62 44 29 15 35 28 28 37 41 48 22 49 31
36 25 24 17 9 8 8 8 17 20 23 24 18 6 6 15 16 20 24 35 61 55 57 36 31 22 23 30 30 25 14 11 25 19 34 18 15 23 21 35 14 12 31 37 30 63 34 40 51 32 59 31 62 62 33 46 68 53 31 46 34 49 51 39 27 44 43 39 25 39 60 63 56 38 50 55 53 57 39 37 43 54 55 47 36 22 21 43 35 22 52 54 52 23 16 56
16 27 34 25 26 14 29 21 28 32 34 46 35 26 21 32 19 31 41 46 57 41 18 31 44 25 12 19 29 27 20 11 17 22 10 30 17 39 27 19 22 14 35 23 24 71 46 44 35 29 38 62 56 40 35 31 51 64 33 48 47 60 48 28 53 50 54 41 23 42 55 75 62 44 52 59 61 47 40 31 47 73 66 58 51 25 46 68 49 24 43 67 66 34 18 55
34 47 21 23 14 25 35 23 22 39 38 41 35 33 37 35 35 41 46 43 49 34 29 36 25 15 17 29 19 26 14 20 11 8 25 26 32 20 24 16 18 9 36 9 9 42 41 46 23 33 39 22 58 12 9 7 23 49 24 53 61 49 43 65 53 52 35 16 28 58 64 79 68 51 54 71 78 52 52 32 55 79 54 42 39 33 55 71 52 33 27 76 82 57 34 48
15 27 16 35 22 34 30 29 28 27 42 44 30 31 56 26 33 40 35 33 45 36 18 33 21 22 27 21 22 28 11 21 11 11 10 24 8 16 11 23 17 16 24 13 33 28 55 36 12 27 35 26 30 15 15 9 13 22 17 55 64 56 57 68 27 48 19 19 28 62 73 75 71 55 60 73 83 43 56 28 61 85 60 33 30 38 59 74 56 39 31 67 77 67 26 50
10 20 43 27 15 20 26 18 16 21 44 30 24 38 25 24 16 32 39 22 20 28 30 28 17 17 14 12 12 49 11 22 10 11 11 21 17 13 9 13 9 19 16 13 26 16 27 12 14 9 14 39 29 20 13 14 38 14 18 44 40 47 77 38 50 44 29 33 43 50 71 72 74 41 50 73 57 37 62 32 49 75 62 52 32 38 63 74 55 46 35 49 71 47 36 51
5 4 18 6 5 4 14 11 7 13 14 16 15 23 21 18 21 20 27 22 17 9 16 22 19 15 19 10 8 11 14 28 8 6 11 19 9 5 7 12 8 17 11 11 15 13 21 7 6 7 6 20 4 7 12 11 24 9 22 30 25 52 24 39 67 32 31 39 53 47 58 79 55 32 52 71 58 41 62 40 49 70 45 40 42 31 35 74 72 44 29 49 70 46 30 52
1 2 1 2 3 3 7 10 4 10 11 16 18 12 11 19 14 14 16 20 9 7 7 17 15 10 16 5 8 14 9 12 4 5 8 6 4 9 6 14 18 5 7 16 12 4 3 17 4 3 3 7 2 4 5 16 16 28 23 12 12 9 26 60 24 32 51 27 37 40 37 64 27 24 39 62 37 41 53 23 57 60 35 39 43 48 20 34 75 39 30 42 68 53 43 36
0 1 1 1 2 1 2 2 3 6 5 13 9 8 10 10 10 9 8 12 12 5 15 9 12 9 7 7 2 5 10 14 1 2 3 10 3 2 3 4 18 5 4 2 3 4 4 1 3 5 3 11 6 3 7 7 27 17 14 33 22 11 35 18 36 51 19 23 24 38 15 53 13 17 23 49 22 52 51 22 38 37 25 50 53 53 29 31 68 46 27 43 50 30 39 29
0 0 1 1 1 0 2 2 2 4 5 12 6 4 5 7 9 15 7 3 4 3 18 2 5 7 6 3 1 3 3 2 0 1 4 1 1 0 5 1 10 3 4 2 3 4 3 12 24 32 26 12 20 14 7 13 18 11 11 14 10 12 23 9 38 14 18 17 18 33 10 27 13 27 10 23 15 39 25 17 44 19 20 30 51 22 32 19 44 31 34 26 58 60 61 50
0 0 1 0 0 2 0 1 1 2 4 5 3 6 2 8 2 7 6 3 2 4 5 5 4 4 4 5 1 1 0 2 2 4 1 1 2 2 4 3 3 4 7 13 4 33 10 48 18 22 14 13 27 33 50 24 22 4 8 16 11 14 3 5 14 9 11 12 19 22 26 20 21 15 10 37 10 33 10 12 46 12 40 38 56 25 35 27 32 50 39 58 61 66 74 86
0 0 0 0 0 0 2 0 1 1 1 1 1 2 2 4 2 5 5 6 4 4 3 6 1 1 2 1 2 3 1 0 1 1 11 12 6 8 22 32 15 16 17 38 17 12 32 43 10 34 17 14 22 41 36 24 31 30 21 42 25 42 38 10 17 23 24 22 17 26 38 31 30 57 62 57 63 80 66 40 50 60 63 57 20 79 77 64 54 24 42 29 42 74 50 64
0 0 0 0 1 4 1 0 0 0 0 0 1 2 2 3 2 5 2 2 3 3 2 5 2 1 1 0 1 1 0 1 1 0 1 9 16 2 5 24 24 29 12 46 60 14 15 25 43 28 42 8 12 47 54 18 61 45 64 57 17 42 23 24 18 32 23 48 50 6 12 45 51 14 38 67 32 62 38 70 29 59 76 60 35 77 66 58 82 76 60 30 48 62 43 30
0 0 0 0 0 0 0 0 0 0 0 0 2 2 1 2 1 3 1 1 2 1 2 3 2 1 0 0 1 2 1 0 1 1 0 2 3 2 2 10 20 7 37 58 36 9 21 13 29 27 43 13 17 42 37 56 41 26 50 63 26 6 16 44 38 51 46 36 47 44 10 49 69 22 43 74 17 12 27 80 72 43 36 54 60 74 65 77 86 77 44 67 30 25 59 70
0 0 0 0 0 0 0 0 0 0 0 1 0 1 0 1 1 1 1 1 1 1 2 1 1 1 0 0 1 1 1 0 1 0 1 1 1 13 5 18 8 26 16 18 61 34 16 9 27 32 32 40 16 55 55 81 32 58 81 79 59 8 31 36 39 75 65 70 42 68 27 20 62 27 52 75 36 31 19 61 49 60 13 14 25 69 74 70 81 65 27 70 46 34 52 61
0 0 0 0 0 0 0 0 0 0 0 1 1 0 1 2 1 1 0 1 1 1 0 0 1 0 0 0 0 1 1 1 1 1 1 2 2 4 17 46 18 41 18 43 38 53 24 26 43 45 76 80 38 61 83 89 54 79 87 73 60 28 59 67 42 37 31 23 53 80 33 22 47 21 55 64 85 33 48 83 60 73 65 24 22 43 65 62 56 43 65 88 48 31 19 20
0 0 0 0 0 0 0 0 0 0 0 0 0 0 0 1 1 1 0 1 0 0 0 0 1 1 0 0 1 2 3 1 1 3 5 7 5 8 42 25 34 18 12 59 59 30 19 16 30 49 71 63 63 40 70 90 59 62 77 72 79 69 71 82 30 39 46 30 56 73 66 41 10 29 72 77 79 70 34 86 35 65 78 47 28 25 56 43 47 23 77 87 68 45 48 20
1 0 0 0 0 0 0 0 0 0 0 0 0 0 0 1 1 0 0 0 0 0 0 0 0 1 1 3 9 1 1 1 8 6 7 9 3 13 27 25 50 23 48 23 79 26 32 26 15 32 67 57 38 18 20 55 67 76 82 79 89 74 77 77 71 45 55 39 53 58 82 57 28 27 58 76 82 80 56 71 66 61 68 80 46 29 19 20 18 34 75 56 79 51 47 29
0 0 0 0 0 0 0 0 0 0 0 0 0 0 0 0 0 0 0 0 1 0 0 1 0 0 0 0 2 1 1 6 4 4 16 10 6 4 2 11 12 8 3 3 18 23 63 47 18 10 33 13 21 11 9 16 18 54 61 57 65 72 67 65 87 47 46 38 13 70 90 44 28 24 67 58 59 64 36 49 51 23 70 81 68 44 12 14 16 25 17 40 80 49 32 39
0 0 0 0 1 0 0 0 0 0 0 0 0 0 0 0 0 0 0 0 1 0 0 0 2 4 1 1 1 1 2 3 8 14 12 9 10 16 6 3 7 18 8 4 8 13 23 35 35 11 15 12 25 12 15 29 22 13 22 43 42 18 32 67 90 70 37 42 52 77 88 55 21 13 24 38 61 48 58 64 53 16 53 70 81 34 22 12 36 42 24 42 89 64 58 60
0 0 0 0 0 1 0 0 0 0 0 0 0 0 0 0 0 0 0 0 0 1 0 1 4 7 3 1 1 3 4 3 7 13 5 3 15 21 7 6 7 26 15 8 15 13 16 14 15 7 15 37 43 40 33 31 21 17 14 10 3 1 11 77 78 76 52 26 32 70 81 77 65 25 15 39 54 40 43 31 54 40 26 75 76 63 28 18 41 32 54 82 83 83 68 63
0 0 1 0 0 1 2 0 0 0 0 2 0 0 0 0 0 0 0 0 0 0 0 0 2 4 2 5 6 9 3 3 16 7 13 17 13 24 14 19 13 25 26 15 7 28 16 22 16 6 15 53 62 66 63 53 38 34 31 28 30 26 27 48 51 64 55 23 10 47 43 79 79 36 18 47 56 43 26 45 69 36 24 25 77 79 31 17 49 58 54 76 52 78 50 32
0 0 0 1 1 1 0 0 0 0 1 2 2 0 1 1 0 0 0 0 0 0 0 0 1 1 2 5 9 4 3 4 4 2 20 23 7 12 19 37 23 29 24 17 6 11 42 32 22 15 13 35 76 77 73 73 61 60 51 50 78 80 82 73 59 57 47 30 13 8 36 52 82 65 59 21 42 49 29 6 21 34 36 50 68 76 50 27 16 37 40 34 78 77 86 60
0 0 0 1 2 2 9 0 1 0 1 0 2 3 1 1 1 0 0 0 0 0 0 0 1 1 2 3 2 2 1 7 17 12 25 17 16 27 48 23 41 37 19 26 31 31 42 43 31 24 14 22 49 73 71 79 79 76 56 45 36 50 60 67 76 73 74 63 39 3 12 51 59 66 58 52 34 17 23 22 53 44 22 31 30 69 69 26 12 23 30 36 30 71 57 74
2 1 0 0 0 2 1 0 0 3 1 1 0 0 0 0 1 0 0 0 0 0 0 1 3 1 2 5 4 7 8 27 16 10 14 24 15 18 13 6 12 52 60 36 58 41 34 35 36 38 35 18 14 18 59 59 55 74 75 67 61 55 40 46 52 70 75 73 71 61 42 65 56 75 45 44 34 24 34 25 22 25 16 45 34 71 75 24 10 32 41 29 31 29 59 75
2 2 2 0 0 2 6 3 0 1 1 0 0 0 0 0 0 1 0 0 0 0 0 2 1 2 1 1 1 2 1 3 4 12 12 12 16 18 24 23 15 6 19 64 65 77 66 49 43 23 33 35 27 16 25 41 34 29 44 52 55 67 67 55 32 37 65 73 73 59 63 79 60 81 68 50 45 46 27 15 17 32 15 25 37 26 62 35 9 18 37 37 17 12 52 76
1 1 13 3 1 3 1 9 4 2 3 0 0 1 0 1 1 1 1 0 0 0 1 1 1 1 1 7 4 2 4 9 6 8 12 26 28 34 30 36 41 33 17 12 11 62 69 64 43 30 23 35 28 15 6 6 7 8 7 9 16 36 32 43 44 24 25 39 38 34 63 62 62 58 55 56 62 56 34 39 35 30 15 16 49 54 39 45 14 5 25 34 19 38 78 36
1 1 3 1 1 1 0 0 11 18 17 12 1 1 1 0 0 2 0 1 0 0 1 1 2 1 2 4 2 3 7 10 5 7 12 19 20 29 28 32 36 32 49 44 43 29 14 10 37 39 47 17 16 10 16 24 24 23 23 19 20 8 5 8 10 7 6 5 6 21 33 48 44 38 31 25 25 49 42 36 26 14 36 30 32 44 37 54 34 9 6 25 45 77 45 70
1 1 2 17 5 1 1 1 1 24 1 1 2 1 1 1 1 0 0 1 0 0 0 1 1 1 1 1 1 1 1 2 4 6 7 10 24 34 24 34 41 47 46 47 51 39 35 33 23 13 13 8 12 28 31 43 42 43 42 52 21 7 6 21 22 33 16 18 5 4 10 24 21 14 14 14 18 24 31 46 41 16 12 15 16 18 31 41 48 14 7 20 81 52 45 56
2 2 3 9 4 5 7 1 0 0 0 0 0 1 1 9 0 1 1 1 0 0 0 0 0 0 1 1 2 1 1 2 3 4 10 13 17 19 19 39 42 32 28 31 37 29 27 38 32 28 34 36 38 50 46 43 58 61 61 54 28 22 24 40 37 25 32 16 5 6 7 2 2 2 3 3 7 7 3 6 12 8 8 5 6 6 19 31 28 15 7 52 57 32 62 56
7 4 2 1 8 6 29 10 6 5 2 1 0 1 4 2 11 5 2 1 5 3 2 0 0 0 1 1 0 1 1 3 5 2 1 4 17 20 11 12 23 35 24 19 29 23 33 35 43 36 45 29 31 46 57 59 60 62 70 60 38 36 47 45 53 55 56 41 20 16 6 3 1 3 4 10 25 16 9 9 6 4 2 3 3 4 6 13 30 31 11 66 19 12 50 62
7 8 8 15 7 10 6 3 3 21 4 9 1 2 4 8 23 9 2 3 6 1 1 1 1 0 1 0 0 1 3 1 1 1 2 3 11 27 24 39 33 26 38 29 38 31 36 38 42 25 55 44 41 36 53 57 76 74 74 57 30 51 47 62 61 75 66 58 44 23 16 16 18 21 25 38 46 33 19 20 29 31 14 7 8 5 2 3 10 33 19 52 12 12 51 77
10 11 3 2 13 8 32 18 8 7 15 25 8 3 7 28 30 8 2 9 1 7 0 1 0 0 0 2 0 1 1 0 0 3 2 3 5 12 21 25 32 21 24 27 30 33 39 53 44 34 43 54 38 41 58 67 76 67 53 44 43 51 62 63 63 80 73 60 51 26 39 39 39 46 46 46 59 43 41 41 40 36 21 30 28 12 10 2 4 13 13 15 14 8 24 46
9 15 11 3 30 25 33 22 52 25 15 5 3 24 24 17 15 6 4 23 2 8 1 1 1 1 1 1 3 0 0 1 1 2 3 5 7 20 11 27 33 26 11 31 28 30 38 58 45 23 26 51 48 38 52 72 70 55 40 29 33 63 61 61 79 75 65 59 33 29 43 43 45 57 52 65 64 66 47 50 61 49 46 57 41 32 15 3 2 9 8 17 11 4 11 23
10 3 13 5 2 40 16 10 20 40 26 18 3 15 46 16 2 4 14 24 2 17 1 1 4 3 0 2 4 7 1 0 1 1 3 2 2 3 6 6 20 14 23 22 26 14 43 27 42 17 51 37 39 29 54 76 52 47 32 41 42 55 52 69 78 71 63 62 35 51 62 62 43 59 69 66 68 59 51 59 68 62 55 60 29 19 7 5 3 1 2 9 8 2 8 5
9 10 6 14 3 8 38 53 53 28 11 14 4 8 27 35 8 14 45 21 5 20 2 1 1 3 1 4 3 1 4 9 1 1 1 2 1 2 2 6 10 8 9 20 16 12 14 22 11 14 62 14 30 22 61 36 34 45 25 33 33 47 59 73 58 69 58 43 37 53 64 64 41 64 61 69 74 61 53 61 75 62 64 39 20 22 17 19 13 4 1 1 3 3 2 3
17 10 14 10 13 13 21 33 26 44 44 17 45 6 3 2 23 71 56 17 16 6 5 6 8 2 1 3 6 6 3 1 2 0 1 0 1 1 2 8 3 8 8 10 6 6 6 9 13 21 8 7 23 36 17 32 28 19 21 23 21 37 72 57 61 48 34 38 53 64 62 63 55 64 44 54 63 41 52 59 77 46 29 31 38 43 53 29 18 6 4 1 1 2 2 1
