sesion_6_simulaciones/modelos_agentes/ejemplos_netlogo/scenarios/echam4_a2/rob_2071.asc
NCOLS 322 
NROWS 307 
XLLCORNER 451900 
YLLCORNER 4086900 
CELLSIZE 100 
NODATA_value -9999 
[rows 222 to 295 of 307, columns 96 to 191 of 322]
3 2 1 1 0 1 0 0 0 0 0 0 0 0 0 0 0 0 0 0 0 0 0 0 0 1 3 6 2 1 1 3 3 5 1 0 0 0 0 0 0 1 1 4 6 9 14 29 33 38 40 39 43 46 45 43 43 52 68 69 70 74 40 58 17 33 26 27 30 25 17 18 12 14 26 24 25 9 8 5 22 17 18 15 19 10 31 44 59 36 31 37 23 18 24 13
3 1 0 0 0 0 0 0 0 0 0 0 0 0 0 0 0 0 0 0 0 0 0 0 1 1 1 3 10 3 3 6 9 2 1 0 0 0 0 0 1 1 2 3 5 7 10 18 28 28 35 27 33 39 48 66 71 42 20 27 29 30 26 26 53 12 17 14 36 27 20 33 11 13 28 19 23 7 22 21 34 70 28 25 20 25 15 17 52 74 55 53 52 30 26 21
1 1 0 0 0 0 0 0 0 0 0 0 0 0 0 0 0 0 0 0 1 0 1 1 2 1 1 2 9 6 6 7 3 1 0 0 0 0 0 0 0 1 2 3 4 6 8 13 22 29 29 33 50 31 49 72 32 29 24 22 7 25 29 16 18 26 6 26 28 21 37 31 8 10 13 19 13 10 12 24 18 13 48 36 24 27 33 17 16 53 83 66 61 41 45 36
1 1 0 0 0 0 0 0 0 0 0 0 0 0 0 0 0 0 1 1 2 1 1 1 3 4 1 4 8 21 11 3 1 1 1 0 0 0 0 0 0 1 2 3 3 5 7 9 19 20 25 29 47 42 22 18 24 21 17 13 35 54 20 32 29 68 44 19 25 26 37 31 19 18 19 27 14 13 21 38 34 14 5 14 58 50 31 32 27 24 69 67 58 51 32 26
2 0 0 0 0 0 0 0 0 0 0 0 0 0 0 0 0 0 1 2 5 2 2 1 3 7 10 5 13 15 4 2 0 0 0 0 0 0 0 0 0 1 1 1 2 6 9 15 15 18 31 41 38 32 31 29 39 30 20 40 13 19 41 49 35 78 40 36 6 28 22 28 18 15 21 28 20 9 21 51 26 19 36 26 24 14 19 37 36 46 27 37 47 34 18 22
1 0 0 0 0 0 0 0 0 0 0 0 0 0 0 0 0 0 0 1 1 5 2 3 3 4 17 21 13 8 2 1 1 1 1 0 0 0 0 0 0 1 2 2 4 8 9 11 15 17 24 22 18 26 26 29 49 38 42 15 18 27 25 34 61 34 44 44 56 17 13 25 27 5 6 13 12 22 37 16 70 48 67 45 63 33 52 42 34 23 24 41 31 24 15 8
1 0 0 0 0 0 0 0 0 0 0 0 0 0 0 0 0 1 0 1 1 2 7 14 4 6 14 24 13 3 5 3 2 1 1 0 0 0 0 0 0 1 2 2 2 6 7 10 17 19 27 26 29 30 25 38 47 72 37 30 19 37 51 76 39 29 38 34 20 22 28 13 14 4 7 11 17 17 61 44 19 14 33 57 41 47 41 46 29 35 29 24 17 22 18 23
1 0 0 0 0 0 0 0 0 0 0 0 0 0 0 0 1 2 2 1 2 1 2 10 5 7 11 39 19 10 14 8 2 1 1 0 0 0 0 1 0 1 2 3 3 3 4 6 14 17 19 21 25 21 41 44 27 27 19 32 21 17 21 33 16 9 17 24 11 14 3 17 11 6 13 6 8 20 15 23 21 19 24 32 24 25 39 48 28 34 19 12 16 11 12 12
0 0 0 0 0 0 0 0 0 0 0 0 0 0 0 0 1 1 2 4 7 6 2 4 20 5 6 22 37 40 15 8 4 2 0 0 0 0 1 1 2 1 1 3 4 5 6 7 8 10 11 12 17 22 33 18 21 19 21 19 22 20 26 27 25 35 34 39 28 26 23 19 12 4 8 10 4 13 16 25 32 33 27 56 35 18 30 19 19 28 15 9 7 12 12 8
1 1 0 0 0 0 0 0 0 0 0 0 0 0 0 0 0 1 2 4 7 9 8 8 10 13 8 13 39 32 15 7 4 2 1 0 0 1 1 2 3 4 6 4 5 6 7 8 10 11 13 15 17 17 11 12 10 10 9 9 9 7 8 29 34 34 15 30 26 20 12 11 12 4 4 10 18 16 19 49 34 40 40 43 38 31 20 20 18 21 20 13 8 7 11 5
1 0 0 0 0 0 0 0 0 0 0 0 0 0 0 0 1 1 3 7 7 7 3 8 27 15 10 11 30 30 21 13 3 2 1 0 0 1 1 1 3 5 6 13 8 8 5 13 19 26 33 27 13 11 10 13 10 11 21 21 14 19 16 11 10 13 16 14 19 20 23 22 28 3 7 6 20 23 32 19 21 36 44 34 36 59 46 28 24 16 10 8 10 7 7 4
1 1 0 0 1 0 0 0 0 0 0 0 0 0 0 0 1 1 3 5 7 14 3 9 9 21 21 26 38 36 23 14 5 1 1 0 0 1 2 2 2 5 6 8 13 21 13 6 15 27 36 46 29 15 17 22 35 31 36 45 35 30 26 15 24 37 20 19 11 28 39 39 31 28 17 32 40 15 47 22 64 50 35 54 41 34 43 43 55 22 10 8 8 4 2 2
3 1 1 1 0 0 0 0 0 0 0 0 0 0 0 0 0 2 2 4 8 10 6 4 10 14 42 34 23 19 12 8 2 1 0 0 1 1 2 2 4 7 8 9 12 15 16 33 16 21 28 29 28 35 29 38 36 42 55 41 26 26 33 22 15 11 22 24 11 15 7 5 4 3 17 3 18 55 29 26 8 22 56 58 36 38 59 35 45 21 25 12 5 6 4 5
4 2 2 1 0 0 0 0 0 0 0 1 1 1 0 0 0 1 1 5 12 13 15 5 7 16 21 42 19 10 7 4 1 0 0 1 2 2 3 4 5 8 9 10 15 20 21 23 33 26 31 30 38 54 31 32 40 37 38 40 35 47 42 39 25 12 25 22 26 14 16 11 9 7 28 7 6 10 14 15 9 4 56 71 49 51 61 66 42 35 31 22 17 21 7 2
3 3 2 0 0 0 0 0 0 0 1 1 2 1 1 0 0 1 1 4 6 13 27 12 7 19 20 45 23 13 3 1 1 1 0 2 2 2 5 6 7 9 10 13 20 23 40 28 37 51 38 50 44 45 41 34 34 37 60 44 52 37 30 45 37 19 15 17 17 10 37 9 5 15 12 17 15 35 30 25 24 16 11 46 56 65 75 58 33 25 13 14 15 5 4 5
12 5 1 1 0 0 0 0 0 0 1 2 2 3 1 0 1 2 1 2 10 15 13 25 5 12 18 32 22 15 10 6 3 1 1 2 2 2 6 7 6 10 11 21 30 31 50 45 34 25 55 75 76 46 44 19 31 34 49 34 57 38 29 26 25 18 10 14 10 29 6 8 4 7 10 5 11 17 21 19 18 16 22 22 45 34 20 48 37 23 19 9 6 6 5 3
6 2 1 1 0 0 0 0 1 0 1 1 4 4 3 2 1 3 3 4 9 12 20 29 14 15 27 39 30 21 17 7 4 1 1 2 5 4 5 8 10 12 15 30 34 44 50 49 49 40 41 58 61 59 39 19 28 35 23 42 53 46 11 49 10 19 17 12 9 18 6 5 4 10 13 10 18 28 58 31 47 24 27 25 24 17 31 30 22 24 11 7 6 5 3 2
2 1 0 0 0 0 0 0 1 2 1 1 3 7 8 3 1 4 7 14 14 7 25 46 28 25 38 38 28 33 20 7 5 2 1 3 5 4 4 7 13 13 18 26 35 47 51 52 55 55 46 58 68 58 48 18 26 40 38 33 39 41 10 23 21 17 24 8 12 10 3 6 11 10 6 7 9 20 28 14 29 41 49 26 33 24 19 24 15 8 8 9 10 7 6 2
1 0 0 0 0 0 0 1 1 2 3 2 5 10 12 7 2 5 7 29 23 7 21 40 38 16 12 65 53 25 18 10 4 1 1 4 7 8 5 13 17 23 22 31 40 36 55 58 60 68 48 61 64 46 48 14 23 28 34 37 32 27 23 22 25 21 14 13 8 4 5 6 9 9 8 8 10 28 22 19 26 23 56 53 37 45 39 21 9 8 6 5 6 5 3 2
1 0 0 0 0 0 1 1 1 4 7 6 4 9 18 15 6 3 8 19 26 16 22 38 54 20 22 66 36 35 29 14 6 1 1 6 7 5 14 10 21 29 24 33 35 38 66 61 61 61 61 51 39 45 73 30 14 30 44 27 20 14 11 25 18 15 12 15 9 3 4 5 8 8 15 16 21 51 39 38 31 30 40 40 45 53 37 28 21 14 8 8 7 3 3 1
0 1 1 0 0 0 1 2 2 3 7 7 5 12 22 23 7 4 24 20 21 29 27 45 63 65 52 63 52 43 27 12 3 1 2 6 8 9 11 22 14 29 39 33 25 35 57 64 64 58 60 62 53 49 70 41 39 14 27 50 27 23 12 10 7 17 13 12 4 3 3 10 8 6 9 14 21 64 52 43 50 24 25 28 32 34 41 35 16 13 11 8 6 4 4 1
1 1 1 0 0 1 1 3 3 5 10 17 12 17 19 32 10 6 19 22 23 32 35 49 68 78 53 68 37 30 26 10 2 2 2 2 6 23 13 15 28 22 37 33 36 55 57 50 62 63 58 57 66 74 73 63 20 10 30 37 38 18 12 11 9 6 3 3 3 3 16 8 4 16 7 13 11 31 28 39 29 39 56 39 26 22 14 15 16 13 9 7 6 3 3 1
3 1 0 1 0 1 2 4 8 11 15 14 26 12 26 39 15 17 10 36 44 40 33 51 64 58 41 30 21 20 11 7 2 1 2 3 8 18 23 14 20 36 15 55 39 46 59 48 47 72 62 39 63 66 62 66 52 14 11 13 23 25 13 10 5 3 1 0 1 4 21 8 9 17 77 55 32 35 33 42 51 61 45 53 42 43 29 24 21 12 9 4 3 2 1 0
1 0 0 1 1 1 3 6 5 13 16 20 32 14 31 39 21 32 14 27 54 47 63 44 70 55 32 26 16 14 10 3 1 2 5 4 5 11 21 23 34 22 24 31 61 41 40 52 62 75 64 52 40 43 44 66 67 14 11 16 16 10 8 6 2 4 2 1 6 10 3 14 33 47 59 61 50 54 43 58 67 53 39 21 31 25 30 26 14 12 8 3 2 1 0 0
1 0 1 2 2 3 4 8 10 10 21 25 43 27 36 44 22 34 42 24 31 49 40 78 54 59 26 21 19 7 3 3 3 3 7 9 9 5 8 6 12 23 36 62 40 47 58 56 51 53 61 64 30 28 22 21 47 34 16 8 10 7 3 2 1 0 1 4 4 11 5 4 9 33 12 39 79 77 70 67 73 51 34 33 30 15 14 12 16 12 2 2 2 2 1 1
1 0 1 5 7 4 6 9 13 17 22 27 36 46 30 53 24 27 48 41 40 59 34 63 69 35 18 13 4 4 6 8 7 4 9 9 9 8 7 19 17 21 32 51 67 44 38 54 41 58 50 48 43 36 21 27 15 30 16 7 8 5 5 3 3 1 1 6 3 7 8 11 21 15 15 16 41 52 64 50 30 32 31 30 20 16 14 11 7 4 3 1 1 1 2 1
1 0 2 7 9 6 7 10 10 18 27 33 38 46 48 70 32 30 48 51 47 60 80 56 37 41 32 18 11 8 13 11 10 5 4 9 8 11 18 17 21 28 34 45 47 62 41 37 47 48 46 38 48 38 25 14 7 16 9 7 4 4 3 3 3 2 1 8 4 5 10 13 58 35 32 26 17 11 36 50 44 21 21 17 22 17 6 3 2 1 1 1 2 2 3 3
2 1 2 9 10 11 7 16 11 21 44 36 34 39 71 69 34 36 36 51 49 65 80 29 49 42 23 20 24 22 26 29 14 11 5 11 8 14 27 14 22 40 52 51 41 52 40 59 42 47 58 70 33 17 17 14 16 3 2 17 4 2 7 4 2 1 5 16 5 6 8 47 66 43 32 24 24 28 23 32 38 27 18 18 20 17 7 5 4 2 1 1 3 4 4 4
2 1 3 11 14 13 8 21 24 25 48 36 57 51 54 62 67 48 58 42 57 51 82 71 46 30 30 35 27 36 40 37 16 8 6 4 13 22 13 26 35 38 59 65 67 48 60 21 12 17 56 14 31 21 24 11 3 2 2 2 4 1 3 2 1 1 9 4 4 6 5 8 6 17 27 21 24 29 23 23 27 16 21 20 23 25 14 20 6 4 1 3 4 4 7 5
2 2 3 12 16 22 10 25 33 31 29 41 32 62 63 36 34 70 49 49 41 64 71 48 41 37 38 40 47 67 38 18 11 11 12 4 9 12 37 32 38 46 51 70 46 64 48 38 25 39 38 6 42 43 25 6 8 5 4 1 7 1 2 1 1 1 2 17 7 3 11 35 26 36 34 28 25 32 33 43 32 30 28 25 23 29 31 9 7 3 2 5 5 6 8 2
2 5 7 15 22 28 13 13 22 40 46 50 30 28 48 69 34 26 74 66 37 62 73 50 56 31 59 77 59 36 23 21 19 12 8 3 7 6 17 29 35 63 63 46 31 48 40 51 50 51 30 20 31 44 30 24 10 3 2 2 5 1 1 1 0 2 4 2 2 2 9 18 20 26 37 43 29 30 23 33 17 13 17 39 36 34 18 9 2 4 6 6 6 12 11 3
3 9 15 19 22 21 27 23 25 18 31 53 24 21 45 57 60 50 17 37 42 62 46 44 37 64 49 33 36 25 28 31 23 8 11 5 10 14 23 24 17 42 43 29 38 40 44 32 47 45 39 28 48 38 19 12 3 5 1 1 1 2 0 1 1 2 0 3 6 9 8 17 30 31 30 41 28 26 21 31 43 32 48 37 33 20 22 9 5 7 8 8 14 13 10 6
6 11 16 17 23 36 31 44 36 27 21 33 64 24 49 44 46 64 43 22 33 65 22 46 77 39 37 43 44 42 34 18 8 11 14 9 12 18 26 21 29 44 34 22 43 47 21 19 47 37 15 11 20 14 15 3 5 2 4 1 1 1 1 0 7 8 2 8 12 7 23 23 39 46 52 52 39 28 35 37 45 40 48 31 32 28 12 7 5 9 9 9 17 24 6 5
9 15 18 11 15 47 53 42 35 34 52 34 41 63 37 41 49 22 64 33 35 41 74 55 44 52 56 57 56 50 28 13 10 11 22 10 11 20 35 40 38 47 50 44 45 24 28 32 19 21 16 13 13 11 8 7 4 2 2 2 0 0 1 4 4 1 3 5 13 10 25 19 26 47 57 42 35 46 37 40 47 46 33 38 30 17 5 6 10 10 15 16 22 20 9 6
14 23 21 15 20 39 39 55 59 34 46 54 46 51 63 38 51 26 23 47 23 25 64 62 59 54 50 55 56 32 31 26 19 8 15 5 9 14 28 48 49 51 32 44 35 43 28 25 26 34 20 11 12 11 11 8 3 2 1 2 1 0 1 1 1 6 8 7 4 8 19 21 33 28 35 63 35 39 20 20 24 26 42 35 24 16 10 8 11 11 17 13 39 15 11 9
12 17 27 21 24 27 39 40 45 53 62 53 48 51 71 63 28 21 28 25 52 54 62 51 59 66 62 60 56 43 33 28 22 10 21 7 8 16 28 43 48 60 56 50 45 41 36 45 22 23 22 14 8 11 8 9 5 1 0 0 1 1 1 1 1 1 0 0 1 14 11 15 29 32 38 27 23 13 10 28 43 41 17 30 39 26 11 15 14 19 15 15 42 15 12 11
15 28 35 33 35 27 28 46 51 51 65 63 60 51 61 63 41 39 27 32 27 56 60 56 40 55 54 56 40 51 45 33 24 21 28 4 18 27 31 31 23 54 60 54 41 46 49 34 24 39 37 32 7 8 12 6 2 2 1 0 0 1 2 1 1 1 3 4 4 7 9 13 16 17 35 11 15 19 14 48 42 21 33 33 34 41 21 28 25 14 15 9 30 18 16 12
17 26 54 34 39 38 34 50 54 51 49 61 55 54 69 44 47 52 34 29 27 45 45 38 37 52 56 53 52 39 36 34 42 35 11 3 18 36 44 46 39 52 63 48 43 49 31 22 30 50 36 28 23 10 11 4 2 2 1 1 1 0 1 1 2 3 8 10 7 13 14 27 16 14 11 15 31 41 24 43 42 41 32 31 27 29 35 32 17 18 16 6 20 30 5 7
22 17 43 53 40 41 35 52 57 50 46 45 59 66 61 55 45 56 36 21 31 70 46 61 41 48 57 63 52 39 48 49 40 24 15 9 12 29 56 67 59 56 43 57 38 41 30 22 31 19 14 12 15 17 5 2 2 1 1 1 1 0 0 1 3 4 8 7 13 7 15 10 7 10 12 37 34 44 53 15 33 34 42 44 32 27 51 37 20 22 12 14 26 20 8 13
23 21 33 59 58 43 50 55 52 51 53 41 52 64 60 45 39 26 37 20 30 60 49 65 47 47 50 44 50 40 64 42 31 23 24 16 21 32 43 55 72 70 59 46 54 22 22 33 22 13 12 12 10 8 24 4 1 1 1 1 1 1 1 1 1 2 12 12 7 4 6 10 11 21 19 40 41 47 31 39 37 21 45 38 32 39 43 26 35 18 11 14 40 16 11 16
31 55 44 47 57 44 39 54 54 45 55 41 22 32 64 65 53 32 27 41 28 71 70 36 48 58 37 40 37 52 45 46 40 17 20 14 22 44 44 46 45 54 46 61 40 40 19 31 34 12 18 20 14 12 8 3 2 1 1 0 0 1 1 1 2 2 13 3 6 2 8 18 35 14 22 43 28 27 44 39 13 19 40 45 51 44 34 22 33 24 14 18 35 28 20 19
31 40 57 59 58 43 43 52 46 42 43 47 37 39 43 56 47 17 23 43 23 63 49 49 51 41 23 41 36 45 57 48 52 29 21 18 22 46 42 52 64 48 29 54 23 41 29 20 28 24 35 21 18 9 5 2 2 1 1 1 0 1 4 2 1 6 3 2 11 10 23 19 17 30 24 15 26 52 28 14 10 35 55 43 46 49 29 23 20 19 29 20 19 41 23 21
45 53 51 58 56 45 51 47 48 41 25 39 40 50 43 44 43 43 53 56 43 53 38 44 39 52 41 43 58 34 52 60 47 36 38 14 21 42 63 50 53 44 46 40 34 25 43 10 19 18 23 17 12 5 5 2 3 1 1 0 0 1 0 1 1 3 2 6 8 8 8 18 35 49 23 19 46 42 36 23 25 35 14 20 42 54 29 25 21 32 32 21 16 61 26 36
45 51 45 45 17 35 59 38 48 46 34 32 46 51 36 46 32 53 44 57 47 38 52 33 34 44 67 58 33 46 43 52 53 35 33 15 21 47 42 49 46 34 52 49 48 24 12 46 15 37 16 13 6 9 4 5 2 2 1 0 0 1 2 2 0 1 3 7 11 6 6 20 49 40 19 40 34 22 24 71 52 21 27 45 31 27 32 17 21 29 31 23 34 65 49 41
44 35 21 11 10 19 57 37 23 28 33 21 25 47 63 54 21 20 49 32 44 40 51 50 16 46 62 37 33 49 32 60 61 52 27 6 17 36 41 52 40 36 42 49 52 38 15 9 3 4 19 17 4 6 3 7 2 1 1 0 0 2 1 3 2 2 3 3 8 7 9 30 39 16 23 43 38 6 36 35 23 40 57 47 34 30 28 10 31 31 34 25 46 84 55 32
46 47 33 32 33 26 31 51 16 20 14 32 27 36 56 42 57 18 27 41 47 53 59 66 44 21 44 48 43 29 56 49 50 44 26 12 10 23 47 56 22 38 56 49 41 23 20 18 14 12 8 8 12 3 1 1 1 0 1 0 0 1 0 1 1 1 2 1 2 4 16 14 21 31 19 22 13 14 28 22 27 48 50 35 28 15 10 9 22 29 33 29 49 70 52 18
57 42 47 41 26 31 25 26 32 30 23 51 29 33 27 29 45 47 37 49 51 44 56 46 15 25 38 33 31 40 58 54 30 31 41 21 16 15 29 37 10 20 24 24 25 18 16 12 37 24 12 7 5 2 2 1 0 3 0 0 0 0 1 0 2 2 1 1 5 9 4 9 6 16 16 23 5 36 28 52 29 28 21 23 26 19 12 22 24 34 33 42 49 70 19 15
37 37 44 36 39 24 19 34 52 51 17 19 39 35 15 15 12 23 39 40 14 19 25 26 36 10 35 52 23 54 43 42 41 31 43 18 31 10 28 43 39 16 21 24 12 15 5 3 6 12 4 14 11 4 1 0 0 0 0 0 0 0 0 1 1 2 1 4 5 3 5 6 10 13 5 11 30 41 58 23 24 28 33 41 25 15 12 24 35 34 34 25 59 70 50 15
37 55 41 40 38 36 26 37 51 35 33 20 15 27 32 17 28 18 11 27 12 25 46 40 29 21 36 21 24 52 43 50 36 18 35 19 23 17 11 31 27 43 33 19 13 18 16 6 10 13 14 10 3 3 2 1 0 0 0 0 0 0 0 0 1 1 2 4 7 7 5 7 5 4 18 24 19 35 36 22 20 26 33 30 21 19 14 30 37 25 33 35 22 44 51 18
41 41 37 29 39 50 24 34 35 42 32 27 37 21 11 32 25 14 19 25 36 12 9 20 19 38 34 50 25 31 47 38 28 48 27 15 20 29 13 33 39 43 47 15 17 32 15 5 11 15 4 7 3 3 2 1 1 0 0 0 0 0 0 0 1 1 2 1 1 1 4 3 12 25 11 15 15 16 17 16 11 18 23 29 25 19 14 24 40 22 34 26 32 32 33 21
35 34 53 35 47 54 17 27 37 42 37 30 39 31 42 24 40 50 18 28 36 10 18 22 26 51 44 63 30 33 37 40 51 26 21 13 13 41 16 18 32 44 24 23 27 25 5 4 32 47 7 7 5 1 1 1 2 0 0 0 0 0 0 0 0 0 0 1 3 5 8 11 5 10 8 6 7 19 14 14 21 39 20 20 26 12 21 22 39 19 24 7 3 11 40 57
34 42 50 48 39 32 17 26 39 44 40 27 20 21 37 42 25 14 19 18 15 7 15 13 34 33 57 39 37 54 52 46 31 30 12 5 5 43 17 15 21 26 24 22 22 18 1 8 13 12 15 7 4 1 0 0 0 0 0 0 0 0 0 0 0 0 0 1 5 11 15 15 8 5 5 8 33 30 15 17 29 24 24 37 8 14 25 30 31 17 8 5 14 17 16 37
39 22 24 46 36 43 31 12 37 36 42 28 29 17 28 20 27 10 12 9 5 14 14 17 16 36 28 44 52 70 45 51 39 39 27 3 24 37 15 15 24 12 21 20 16 12 3 7 6 7 8 4 4 3 2 0 0 0 0 0 0 1 0 0 0 0 1 5 2 3 7 4 3 5 11 18 25 16 12 36 32 26 34 13 12 27 48 22 8 6 10 21 14 45 26 37
35 9 27 39 47 37 39 21 15 26 34 19 23 21 29 31 15 10 18 11 2 13 50 22 21 22 14 25 31 41 46 49 34 19 25 12 24 16 21 16 30 22 18 23 25 15 9 6 5 5 5 7 2 2 1 1 0 0 0 0 0 0 0 0 0 1 0 1 2 1 5 9 6 14 14 19 24 28 23 38 30 17 13 8 25 44 11 5 6 13 14 27 38 32 35 22
30 13 14 11 34 37 46 26 4 16 28 17 22 15 45 27 12 3 7 9 4 13 23 15 15 6 24 35 39 35 46 33 36 28 17 15 17 14 16 11 4 19 15 30 20 20 23 29 17 14 7 12 4 1 1 0 0 0 0 0 0 0 0 0 1 1 0 1 1 1 3 10 13 26 10 9 29 35 22 19 11 23 5 19 27 10 3 11 14 21 23 23 29 40 38 23
37 22 30 9 34 44 39 23 6 5 5 22 25 15 16 21 7 9 8 15 11 4 11 19 12 10 27 38 38 29 27 23 36 27 23 25 29 8 20 14 6 10 12 17 28 12 8 6 6 4 3 5 1 1 1 2 1 0 0 0 0 0 0 1 0 0 0 0 1 1 2 8 12 15 13 16 37 32 30 22 13 9 22 24 14 3 9 22 19 18 25 19 29 31 30 28
48 18 31 8 15 34 22 10 7 6 7 9 14 30 19 18 8 7 5 11 5 9 21 11 13 23 14 31 36 33 22 32 22 14 26 25 18 15 12 19 13 8 11 11 15 11 21 9 7 9 12 6 2 1 0 1 1 0 0 0 0 0 0 0 0 0 0 1 1 1 2 6 10 14 13 13 15 17 40 14 9 10 18 7 8 22 21 20 20 20 19 15 11 8 17 28
33 17 30 13 10 34 22 25 17 15 9 11 15 22 23 23 24 11 5 6 4 5 7 13 21 18 32 44 39 20 25 28 15 12 44 25 15 16 12 6 6 9 11 18 14 14 23 10 13 8 9 3 6 2 0 1 4 1 0 0 0 0 0 0 0 0 0 1 1 1 2 4 10 14 14 6 13 28 25 35 26 14 5 9 10 13 13 27 25 17 25 15 13 8 11 4
26 18 28 21 15 19 10 25 11 11 12 10 15 11 9 15 9 7 6 6 10 3 5 21 17 22 23 25 27 24 25 24 25 15 34 21 20 13 26 8 18 19 7 9 16 23 27 14 17 15 6 2 5 1 1 1 2 0 0 0 0 0 0 0 1 0 1 1 0 1 3 4 3 7 10 7 20 41 67 26 15 8 3 9 7 31 21 15 20 22 40 31 12 10 11 4
37 17 27 18 12 10 6 20 25 15 13 13 11 12 8 14 7 5 3 3 5 2 6 11 18 12 23 30 25 25 19 24 16 27 30 22 29 47 15 9 11 11 13 10 26 12 18 22 10 9 10 6 2 1 2 2 3 0 0 0 0 0 0 0 0 0 2 2 1 1 1 2 7 13 5 27 33 33 24 29 9 2 7 15 14 17 24 12 20 31 25 29 9 7 10 4
34 19 39 22 8 10 15 10 29 11 21 17 8 5 7 5 3 4 4 2 1 5 6 5 8 8 28 20 14 20 22 9 18 37 14 41 17 43 27 10 21 9 20 13 27 24 19 19 8 13 9 3 2 3 2 2 1 1 0 0 0 0 0 0 0 0 1 1 1 2 1 1 4 6 27 21 12 28 19 25 13 8 8 19 33 18 22 27 28 19 20 12 9 6 7 3
28 16 42 21 7 6 36 18 17 12 12 17 7 9 7 6 4 6 6 2 1 2 1 1 4 5 26 30 28 17 10 8 17 34 25 15 24 22 22 10 19 5 16 5 16 22 24 20 9 13 6 7 2 2 3 2 1 0 0 1 0 0 0 0 0 0 0 1 2 1 1 3 9 20 18 8 9 44 25 14 13 9 17 10 27 28 14 20 20 17 13 7 24 7 5 2
42 14 31 12 6 9 17 16 12 29 23 11 10 6 6 5 7 5 3 3 0 1 1 5 9 13 16 17 20 13 7 8 29 18 27 17 36 16 12 12 19 5 17 11 11 17 35 15 9 13 9 6 2 1 3 2 1 0 0 0 0 0 0 0 0 0 0 1 1 1 1 4 5 5 8 8 12 30 22 4 4 11 25 23 24 21 7 14 30 23 11 6 14 3 4 3
42 17 29 10 6 10 11 33 14 25 35 22 7 4 3 7 9 5 1 2 0 1 2 5 3 5 5 13 7 5 13 9 50 25 28 28 27 11 8 24 11 8 9 28 33 17 16 13 18 11 6 5 3 2 2 1 1 1 0 0 0 0 0 0 0 0 0 0 1 1 1 1 4 4 12 12 25 27 26 5 4 20 25 23 20 20 6 11 17 16 5 5 4 5 6 5
53 42 8 19 7 8 19 28 16 12 21 15 21 3 8 15 6 4 1 2 1 1 2 1 2 3 15 7 12 11 11 22 4 11 6 16 13 8 5 25 9 7 2 13 49 17 11 16 15 8 7 4 3 1 3 3 2 1 0 0 0 0 0 0 0 0 0 0 1 0 2 2 5 5 12 24 11 24 19 8 7 27 15 12 15 9 13 12 7 8 13 5 3 7 5 3
35 10 8 15 7 7 30 24 24 9 6 10 20 2 3 3 2 4 1 3 0 0 2 3 5 5 5 11 11 7 23 8 16 9 19 16 10 12 6 16 6 14 6 12 33 29 14 12 14 12 7 5 2 2 1 1 1 0 0 0 0 0 0 0 0 0 0 0 1 1 4 7 10 11 24 46 4 30 13 12 12 11 15 7 9 7 14 19 9 5 9 5 3 4 4 4
35 12 4 15 11 10 19 3 10 17 3 5 13 5 1 2 2 2 1 2 1 2 6 2 3 3 6 17 8 14 9 15 27 42 22 14 34 10 17 22 7 8 9 15 22 17 10 25 9 7 4 4 5 2 0 1 1 1 0 0 0 0 0 0 0 0 0 0 0 1 2 4 12 24 20 7 14 28 20 7 6 10 20 6 11 13 15 8 11 6 3 6 6 4 2 2
35 4 8 14 7 8 12 2 3 2 6 12 3 5 1 2 1 1 0 1 1 1 1 2 2 3 3 6 9 13 7 12 23 13 8 28 10 7 32 10 14 19 14 14 21 15 10 8 10 3 2 1 3 3 1 1 0 0 0 0 0 0 0 0 0 0 0 0 1 2 2 6 11 6 18 10 17 12 6 3 5 17 13 14 8 9 11 7 5 7 6 3 2 4 1 1
35 4 7 15 6 15 12 5 2 3 7 10 11 7 1 1 1 2 1 0 0 0 2 4 1 1 4 13 6 6 5 20 6 12 32 5 8 10 18 7 16 15 11 29 28 22 13 5 6 5 2 2 3 3 2 1 0 0 0 0 0 0 0 0 0 0 0 1 1 2 3 12 11 9 2 10 22 4 6 5 8 12 14 11 6 9 6 5 2 8 3 7 3 1 1 0
16 4 6 19 4 10 17 10 4 3 2 9 3 4 4 1 1 1 1 1 1 1 1 1 0 1 5 8 11 2 19 3 4 20 16 7 12 16 23 14 4 21 19 26 34 18 9 2 4 8 5 1 1 1 1 1 0 0 0 0 0 0 0 0 0 1 3 1 0 1 5 16 12 7 3 13 13 9 7 5 7 10 10 11 10 5 2 6 3 6 4 1 3 1 1 1
12 4 4 13 3 9 12 3 3 4 5 5 2 2 3 1 0 1 1 0 0 0 0 0 1 1 17 3 6 2 14 8 3 26 11 5 12 41 18 12 6 18 20 24 9 14 6 5 2 2 2 3 1 0 1 1 0 0 0 0 0 0 0 0 1 1 1 2 3 5 9 14 11 2 4 13 8 3 4 5 7 5 12 3 4 3 2 2 3 2 3 1 1 2 2 1
26 5 12 5 2 13 4 2 3 2 6 2 4 2 1 1 0 0 0 0 1 2 0 0 0 1 4 3 1 10 4 4 12 13 12 4 8 35 35 15 6 12 12 24 19 10 3 4 3 1 1 1 1 1 0 0 0 0 0 0 0 0 0 3 6 7 9 13 9 23 14 18 11 1 17 23 4 3 4 6 5 6 10 4 6 6 1 2 3 1 1 1 1 1 1 1
20 11 1 1 1 7 2 2 5 5 3 3 2 1 0 1 0 0 0 0 1 0 0 0 0 2 2 1 4 1 3 10 10 5 6 10 18 40 26 8 7 14 11 13 9 4 6 5 2 2 1 1 1 1 0 0 0 0 0 0 0 0 1 1 1 1 5 11 20 35 48 28 2 10 15 23 6 1 3 12 5 11 4 6 3 8 1 3 3 1 2 0 2 0 1 0
14 1 1 2 2 3 1 2 2 3 1 3 4 1 1 0 0 0 0 0 0 0 0 0 0 3 0 3 4 1 8 11 3 2 9 7 3 35 21 3 5 8 7 8 8 5 3 3 1 1 1 0 0 1 0 0 0 0 0 0 0 0 1 1 2 1 6 42 51 39 32 2 5 10 17 23 17 3 6 6 4 4 4 5 4 5 1 1 2 1 2 1 1 0 0 0
