sesion_6_simulaciones/modelos_agentes/ejemplos_netlogo/scenarios/echam4_a2/rob_2056.asc
NCOLS 322 
NROWS 307 
XLLCORNER 451900 
YLLCORNER 4086900 
CELLSIZE 100 
NODATA_value -9999 
[rows 222 to 295 of 307, columns 96 to 191 of 322]
11 6 5 3 1 2 0 0 0 0 0 0 0 0 0 0 0 0 0 0 0 1 1 1 1 3 11 18 8 4 4 9 12 15 3 2 0 0 1 1 2 3 4 11 13 18 25 43 46 46 46 43 43 45 41 37 36 42 57 57 55 53 20 32 5 14 12 13 19 16 11 12 8 10 16 13 12 3 3 2 8 7 9 8 12 7 24 36 52 29 27 35 25 21 31 22
9 3 2 2 1 1 0 0 0 0 0 0 0 0 0 0 0 1 0 2 1 1 1 1 2 2 3 7 29 10 7 17 26 6 2 1 1 0 1 2 2 3 6 9 12 16 22 31 40 37 41 30 34 37 43 59 65 35 15 19 18 19 14 11 26 4 7 7 21 17 12 23 7 8 17 10 11 3 9 8 18 51 15 15 14 19 11 14 48 70 50 52 54 36 33 30
3 2 1 1 0 0 1 0 0 0 0 0 0 0 0 0 0 1 1 1 2 1 2 2 6 5 3 7 22 16 14 19 9 5 1 1 0 0 1 1 2 3 6 8 10 14 17 23 35 39 36 37 53 30 44 72 27 22 18 16 4 15 15 7 6 10 2 11 13 10 20 19 4 6 7 9 5 3 4 9 7 6 34 24 18 21 27 14 13 51 83 66 63 46 53 47
3 2 1 0 0 0 0 0 0 0 0 0 0 0 0 0 0 1 3 2 8 3 3 3 9 13 5 13 19 41 27 9 4 3 2 0 0 0 0 1 1 3 5 8 9 13 17 18 30 32 32 34 51 41 20 16 20 17 13 9 26 42 12 18 12 44 21 7 10 11 19 17 10 11 9 11 6 5 8 18 16 7 3 9 50 42 25 26 23 23 71 68 62 58 42 37
5 1 1 0 0 0 0 0 0 0 0 0 0 0 0 0 0 1 2 7 14 6 7 4 8 19 23 13 27 31 10 6 2 1 1 0 0 0 0 1 1 2 4 4 7 15 19 27 28 27 40 48 43 33 30 25 34 25 16 35 9 13 29 38 19 58 20 14 2 9 8 14 9 8 9 12 7 3 8 24 13 10 24 18 19 10 15 31 33 45 28 41 55 43 27 33
2 1 0 0 0 0 0 0 0 0 0 0 0 0 0 1 0 1 1 2 4 14 7 11 9 12 34 38 27 20 6 4 4 4 3 1 0 0 1 1 2 3 6 9 12 18 20 21 26 27 33 28 21 29 25 27 44 32 38 12 13 20 17 23 46 17 27 23 31 6 4 10 13 2 3 5 4 6 15 7 55 35 56 36 55 27 46 38 33 23 26 48 40 32 23 14
3 1 1 0 0 0 0 0 0 0 0 0 0 0 0 1 1 2 1 4 4 5 18 32 10 15 29 42 27 9 13 9 6 4 3 1 0 0 1 1 1 4 5 6 7 14 15 19 32 29 38 33 35 34 26 35 42 70 32 24 15 29 42 70 27 18 24 18 9 8 9 5 6 2 3 4 5 6 37 26 10 9 25 50 34 41 37 45 28 39 36 31 24 31 28 36
3 1 1 1 1 0 0 0 0 0 0 0 0 0 0 1 2 5 6 5 6 4 5 23 13 18 22 59 35 21 30 21 7 6 4 1 0 1 2 2 1 3 5 9 8 10 8 13 25 29 28 28 30 23 43 42 25 24 16 27 17 13 16 26 11 6 9 11 4 5 1 7 4 2 5 2 3 7 6 11 11 13 19 27 21 21 37 48 29 37 26 16 23 19 19 22
1 1 1 0 0 0 0 0 0 0 0 0 0 0 0 1 2 3 8 12 20 17 5 10 38 11 14 40 56 61 31 20 13 5 2 1 1 1 2 3 7 6 4 8 12 12 13 14 15 17 17 17 22 24 34 18 20 17 18 16 18 15 20 20 18 24 20 20 13 9 8 6 4 1 3 3 1 4 6 12 20 22 21 48 29 16 29 19 21 35 20 14 12 21 21 16
3 2 1 0 1 0 0 0 0 0 0 0 0 0 0 0 1 3 7 12 20 21 19 18 19 25 15 23 56 51 32 19 10 6 3 1 1 2 2 7 9 12 16 10 11 15 14 15 18 18 22 22 23 21 12 13 10 9 8 8 7 6 6 23 27 26 9 18 12 7 4 3 4 1 1 3 7 6 8 30 21 30 32 36 32 28 19 20 21 27 28 20 15 14 20 11
2 1 1 1 1 1 0 0 0 0 0 0 0 0 0 1 2 4 10 19 18 17 9 18 44 28 18 20 44 48 40 30 9 6 3 1 1 3 3 5 9 13 17 28 17 17 12 24 35 40 46 35 18 14 11 15 10 11 18 18 12 15 12 9 8 10 10 8 10 8 9 8 11 1 2 1 7 9 15 9 13 27 37 27 31 54 45 30 28 22 15 14 19 13 14 8
3 3 1 1 2 1 0 0 0 0 0 1 1 1 1 0 2 4 8 15 19 30 8 18 20 34 33 39 55 53 45 30 13 4 4 2 1 4 7 5 6 14 16 18 26 37 25 14 26 40 49 54 34 18 21 23 34 29 32 39 29 24 20 11 18 28 13 11 5 15 18 18 13 11 7 15 18 6 28 13 56 40 26 46 36 30 41 44 61 31 17 14 15 8 5 6
10 3 2 3 1 0 0 0 0 0 1 1 1 1 1 0 1 5 8 11 20 23 14 9 20 23 56 47 36 34 25 20 7 3 1 2 2 5 8 7 10 17 19 23 24 28 28 49 26 32 38 36 32 38 30 38 33 39 48 34 20 20 25 16 10 7 15 14 6 7 3 2 1 1 6 1 7 29 16 18 5 16 48 50 30 34 58 36 50 28 37 21 10 13 10 11
12 6 6 2 1 0 0 0 0 1 1 2 3 2 1 0 1 3 4 15 26 27 30 12 14 27 31 57 31 20 15 9 3 1 1 2 5 6 9 12 14 19 20 21 29 34 33 36 45 36 40 36 42 55 31 29 37 32 33 32 28 38 32 29 16 8 16 13 13 6 6 4 2 2 9 2 2 5 8 9 6 3 49 68 44 47 58 68 48 44 43 35 29 37 15 5
9 10 5 1 1 1 0 0 0 1 3 3 5 4 2 1 1 3 4 11 14 26 49 23 13 31 30 58 37 26 9 4 3 2 2 5 6 6 13 15 17 20 21 27 34 37 54 40 49 59 45 54 45 45 38 31 29 31 54 35 44 27 21 32 24 11 8 8 8 4 15 3 2 6 4 6 6 19 19 17 17 12 8 40 53 65 77 61 41 34 21 24 27 11 9 12
29 13 4 2 1 1 0 1 1 1 2 6 8 10 4 2 5 6 4 7 23 30 25 41 10 20 27 44 36 29 23 16 9 3 3 5 6 6 16 16 17 22 23 36 46 45 63 55 42 31 61 78 75 43 42 17 26 28 41 26 47 27 19 16 13 9 5 6 4 12 2 2 1 2 3 2 4 9 12 12 13 12 18 19 42 33 21 56 45 33 28 16 11 13 11 9
16 6 3 2 1 0 0 1 3 2 2 4 12 13 10 6 3 8 8 11 20 23 34 45 24 26 37 53 46 38 34 16 11 4 3 6 13 9 12 18 22 24 29 48 49 57 61 58 58 45 44 58 60 57 34 15 22 28 17 33 41 32 6 31 5 9 7 5 3 6 2 1 1 3 4 4 7 14 49 22 37 19 23 22 22 17 34 36 29 36 17 13 12 11 8 6
6 3 1 0 0 0 1 1 3 5 4 3 10 19 21 9 3 11 18 28 27 13 41 61 41 36 48 49 41 51 38 16 12 5 2 8 12 10 10 15 26 25 32 43 49 59 60 60 60 58 45 57 65 52 42 14 21 34 30 24 26 25 5 11 9 7 10 3 4 3 1 2 3 3 2 2 3 10 18 9 22 34 44 23 31 25 23 32 24 14 14 18 17 16 14 6
3 1 1 0 0 1 1 2 4 8 8 7 13 23 27 17 6 13 15 49 39 14 35 55 49 22 17 74 67 41 34 23 11 4 2 10 17 17 12 27 30 42 36 45 56 45 62 63 61 68 47 58 59 40 41 11 18 21 25 27 19 15 12 10 10 8 5 4 3 1 1 2 3 3 3 3 4 16 15 13 20 19 50 49 36 46 47 30 15 13 11 8 14 12 9 5
2 2 1 1 0 1 3 3 5 13 20 15 11 20 35 34 13 8 19 34 41 26 34 49 63 26 29 73 50 51 47 28 16 3 3 14 16 11 28 21 35 44 40 48 46 47 70 62 62 60 57 47 33 38 67 23 10 23 34 18 12 7 5 11 6 5 4 5 3 1 1 1 2 3 5 6 9 33 27 30 25 25 35 37 45 57 44 39 32 24 15 15 15 7 7 2
1 2 2 1 0 1 2 6 7 10 19 17 13 25 40 40 16 10 40 33 33 42 38 54 69 70 56 70 64 59 44 25 8 3 6 14 18 21 22 38 25 42 53 45 34 44 61 65 62 54 56 57 46 41 60 32 31 10 20 37 15 12 5 4 2 6 4 3 1 1 1 3 2 2 3 6 10 47 42 37 43 20 22 27 32 39 50 47 24 22 20 16 14 10 9 4
4 3 2 1 1 3 5 8 9 13 24 34 26 32 33 50 20 12 32 34 35 44 45 55 72 79 58 74 48 44 46 22 6 4 6 6 13 40 24 26 41 34 49 42 46 61 60 49 59 59 52 50 59 67 64 51 14 7 20 23 20 8 5 4 3 2 1 1 1 1 5 2 1 5 2 5 5 19 20 33 23 34 52 38 28 26 20 22 26 23 16 14 13 9 7 3
10 4 1 2 2 3 6 12 20 26 30 27 43 23 41 55 25 29 18 49 54 49 39 55 65 62 48 38 30 33 22 17 4 3 5 8 18 33 37 24 30 49 22 63 44 49 60 46 43 69 56 33 55 57 50 52 38 9 7 7 12 10 5 3 2 1 0 0 0 1 7 2 3 6 56 33 19 23 24 35 44 57 43 52 45 49 38 34 32 22 17 7 6 5 2 1
5 1 1 3 4 4 8 16 13 27 32 35 50 24 45 53 30 44 22 37 60 53 67 45 72 59 39 35 25 24 21 8 3 4 12 8 11 21 35 35 47 32 32 37 65 43 39 51 57 71 57 46 32 35 32 48 50 8 6 9 7 3 3 2 1 1 0 0 2 3 1 5 14 25 45 41 37 40 33 51 63 50 38 21 34 31 40 37 23 22 16 6 5 3 1 1
2 1 2 6 7 9 11 19 23 21 33 41 58 41 48 56 31 43 51 31 35 52 44 78 55 63 33 31 31 15 6 6 7 8 15 18 18 11 15 10 20 32 44 66 42 48 56 51 45 46 52 55 22 20 14 11 27 17 8 4 4 2 1 0 0 0 0 1 1 3 2 1 3 18 6 25 72 71 65 63 70 48 33 36 36 20 19 20 29 24 5 5 4 5 4 1
2 1 4 11 18 11 15 20 26 32 37 44 50 59 38 61 31 32 53 44 40 60 33 62 69 40 26 23 8 7 12 16 14 8 19 18 16 16 13 30 26 30 40 57 68 43 35 52 35 51 40 38 32 25 12 15 6 12 6 3 3 2 1 1 1 0 0 2 1 2 2 4 9 8 9 11 32 44 58 46 26 30 31 34 26 24 24 19 13 8 6 3 2 2 6 3
3 1 5 17 21 14 16 21 19 32 42 48 51 57 56 75 36 33 49 51 47 59 78 55 38 45 41 28 18 15 23 21 19 10 8 18 14 20 29 28 30 37 41 49 47 59 37 31 41 41 37 27 35 24 14 6 3 6 3 2 1 1 1 1 1 0 0 2 1 1 3 5 37 22 22 19 13 8 30 45 42 20 22 20 29 24 12 6 4 2 2 4 4 6 7 7
5 2 7 22 22 23 16 30 22 35 60 48 45 49 75 73 36 36 36 48 47 61 78 27 49 46 31 28 34 33 40 44 24 20 10 20 15 24 39 22 31 47 58 53 39 48 36 52 33 39 49 57 20 9 8 6 7 1 1 5 1 1 2 1 0 0 2 5 2 2 3 29 48 29 23 17 19 23 19 28 36 26 20 23 28 27 12 10 8 4 3 3 8 8 8 8
5 4 8 25 25 25 17 36 38 39 59 47 66 58 57 63 66 46 57 39 52 45 80 67 46 33 36 42 35 47 53 52 27 16 12 7 22 34 21 37 45 46 63 65 65 45 54 16 10 12 45 8 18 10 11 4 1 0 1 1 1 0 1 0 0 0 3 1 1 2 2 4 3 11 20 15 18 23 18 21 27 16 24 25 32 38 25 32 13 9 3 8 10 10 16 11
6 5 8 26 30 39 17 41 47 44 39 49 38 66 64 36 33 67 44 44 36 58 66 44 40 37 40 44 53 75 50 29 17 18 21 9 15 19 49 43 47 52 55 69 42 58 41 32 19 29 28 3 26 25 11 2 3 2 1 0 2 0 0 0 0 0 1 6 2 1 4 18 14 24 25 22 20 26 30 41 33 31 31 30 29 41 44 16 13 5 5 10 11 11 16 5
4 14 15 29 37 45 23 23 34 51 56 56 34 30 50 68 32 24 71 60 30 56 69 45 53 29 58 78 64 44 31 32 28 20 14 5 13 10 27 39 43 68 64 45 28 44 33 43 41 41 19 11 16 22 12 9 3 1 1 0 1 0 0 0 0 1 1 1 1 1 4 8 11 16 27 34 22 24 19 31 17 14 19 45 46 44 27 16 5 6 12 12 13 21 21 6
8 20 27 30 37 32 38 34 32 25 40 58 26 22 47 55 56 45 14 33 35 55 38 39 32 60 48 35 42 32 35 44 35 14 18 9 18 23 33 30 22 45 43 27 34 35 37 25 39 36 29 17 27 18 7 4 1 2 0 0 0 1 0 0 0 1 0 1 2 3 3 8 18 20 22 34 23 21 18 28 41 32 50 42 40 30 34 18 9 12 13 14 26 24 20 11
13 23 30 28 37 51 43 56 46 35 25 37 66 24 47 40 42 60 36 18 28 58 17 39 73 36 36 45 49 50 43 27 14 18 22 15 20 27 36 28 35 47 35 21 41 42 17 14 41 29 9 6 9 6 6 1 2 1 1 0 0 0 0 0 2 2 0 3 4 2 9 10 22 32 41 45 34 23 30 35 43 39 51 37 40 38 19 13 9 14 15 18 26 39 12 9
18 27 31 17 25 62 64 49 43 41 55 37 41 60 34 36 42 18 57 28 29 37 68 48 38 48 55 58 59 56 38 20 15 17 33 14 17 29 45 48 44 49 49 40 41 19 22 26 14 15 10 7 7 5 3 2 1 1 1 1 0 0 0 1 1 0 1 1 4 3 11 9 15 33 49 34 30 40 32 36 43 45 35 43 37 24 9 10 17 17 26 26 35 33 17 10
24 38 32 23 32 50 49 62 63 38 49 55 46 47 59 33 45 22 19 39 17 18 55 55 52 50 47 56 58 38 39 35 27 11 23 8 14 20 34 53 52 51 31 40 31 38 22 19 20 25 12 6 6 5 4 2 1 0 0 1 0 0 0 0 0 2 3 2 1 3 7 9 20 18 28 55 28 34 17 18 22 25 43 39 32 24 16 12 19 18 27 20 54 25 20 15
22 29 40 31 34 35 48 45 50 55 63 51 44 47 69 57 22 16 22 19 43 45 52 43 54 61 59 59 57 49 40 37 30 15 30 10 11 22 35 49 50 60 54 45 39 34 29 36 16 16 13 8 4 4 3 3 1 0 0 0 0 0 0 0 0 0 0 0 0 6 5 8 17 21 30 21 19 11 8 25 39 39 18 34 46 37 16 23 19 28 24 23 54 25 20 19
25 41 48 45 45 34 35 51 53 53 64 60 55 46 56 56 33 32 22 25 20 45 50 48 34 49 51 54 40 53 48 39 31 29 38 6 25 34 38 35 24 53 57 47 36 39 40 26 17 28 23 17 3 4 4 2 1 0 0 0 0 0 1 0 0 0 1 1 1 3 4 7 10 12 29 9 12 15 11 43 39 19 32 34 40 51 28 36 33 22 22 15 40 25 22 18
27 38 65 44 48 45 39 51 54 50 47 57 50 49 63 36 39 43 27 21 20 35 35 32 32 47 52 50 50 41 38 39 49 41 16 5 25 43 49 48 39 51 59 42 35 41 24 16 23 37 21 14 10 5 4 2 1 1 0 0 0 0 0 0 0 1 3 3 2 5 7 16 11 9 8 11 25 35 20 37 37 38 31 31 30 33 43 40 23 26 21 8 30 38 8 12
32 25 53 61 46 45 38 53 56 48 41 41 52 61 54 48 36 46 26 15 23 59 36 54 35 41 53 60 49 39 49 52 45 31 21 12 17 35 59 67 57 52 37 49 31 35 23 17 21 11 7 6 7 7 2 1 0 0 0 0 0 0 0 0 1 1 2 2 6 3 8 6 4 7 8 29 27 36 47 12 28 32 40 44 36 30 56 46 26 30 17 19 36 28 12 19
30 28 40 63 61 44 50 54 49 47 46 36 45 57 53 38 30 18 26 14 20 49 36 55 39 41 46 40 46 38 65 46 37 28 30 22 27 35 45 55 70 66 54 40 46 16 15 25 14 7 6 6 4 3 9 2 0 0 0 0 0 0 0 0 0 0 5 4 3 2 3 6 7 14 13 31 33 39 26 34 34 18 42 37 33 41 48 32 41 24 15 18 50 23 16 23
38 61 47 48 57 46 39 53 50 39 49 34 19 28 56 56 42 22 19 29 17 56 60 27 40 51 33 35 33 50 44 47 45 19 25 17 26 48 44 44 42 48 40 55 32 31 13 23 23 6 10 9 5 4 3 1 1 0 0 0 0 0 0 0 0 1 5 1 2 1 3 9 23 9 16 33 22 22 38 33 11 16 37 43 51 46 39 26 39 30 17 23 40 36 25 23
35 43 57 58 56 40 42 48 41 36 36 40 30 33 36 46 36 11 14 26 12 47 36 38 42 36 19 36 32 40 54 49 55 32 24 21 26 48 40 49 61 42 24 47 17 33 21 12 17 14 18 9 6 3 2 1 1 0 0 0 0 0 1 0 0 2 1 1 5 4 12 10 10 19 16 11 20 45 23 12 9 30 49 39 44 50 32 27 23 25 34 23 24 44 28 24
47 56 50 55 53 42 47 43 43 35 20 34 33 43 35 34 31 30 38 36 22 33 25 33 32 46 34 36 53 29 50 58 50 40 42 15 23 43 62 45 47 38 39 31 25 17 30 6 11 9 11 6 4 2 2 1 1 0 0 0 0 0 0 0 0 1 1 2 3 3 3 9 23 36 16 13 37 36 31 18 21 30 12 18 40 56 30 28 22 34 34 23 19 63 28 38
46 50 43 42 15 32 55 34 41 40 28 27 39 43 27 35 22 36 28 35 25 24 36 23 26 37 61 51 28 40 39 51 53 36 34 15 23 47 38 44 39 28 43 40 38 16 7 29 8 21 6 5 2 3 1 2 0 0 0 0 0 0 1 1 0 0 1 2 4 2 2 10 30 25 12 29 25 16 19 65 46 18 24 41 29 26 33 17 23 31 32 25 36 66 48 44
45 34 20 10 8 16 52 31 19 24 26 17 19 41 52 40 13 11 29 17 22 22 35 37 11 38 56 31 28 45 28 56 60 52 28 6 18 35 38 46 33 29 34 38 40 25 9 5 2 1 7 6 1 2 1 2 1 0 0 0 0 0 0 1 1 0 1 1 3 2 3 14 21 9 15 29 29 4 29 28 19 32 50 43 31 28 27 10 31 31 35 25 48 84 54 32
43 45 30 28 30 23 26 43 13 15 11 26 21 28 44 30 41 9 12 23 26 31 40 53 34 16 35 41 35 23 51 45 47 43 27 12 10 23 47 49 18 32 49 38 30 15 11 10 8 5 3 3 5 1 0 0 0 0 0 0 0 0 0 0 0 0 1 0 1 1 6 6 10 18 11 13 9 10 22 17 22 41 44 31 26 14 10 9 21 28 32 29 47 70 51 17
55 38 41 35 22 27 20 22 25 26 17 43 23 26 18 20 27 26 20 25 28 22 38 34 10 18 31 26 26 34 54 50 26 30 39 22 16 15 26 33 8 16 19 17 17 10 8 6 20 11 4 2 1 1 0 0 0 1 0 0 0 0 0 0 1 1 0 0 2 3 1 4 2 7 8 15 4 26 22 43 23 23 17 20 23 17 11 22 23 33 30 40 47 69 17 14
33 33 40 31 34 20 16 28 46 42 14 15 30 25 10 9 6 11 19 17 6 9 14 18 27 7 28 46 18 47 38 38 37 28 42 18 29 9 28 40 34 13 16 17 7 9 3 1 3 5 2 5 3 1 0 0 0 0 0 0 0 0 0 0 0 1 0 1 1 1 2 2 4 7 3 6 21 30 49 18 20 22 27 37 21 13 11 23 31 32 31 22 56 68 46 13
33 49 36 34 32 31 22 30 45 29 27 15 10 19 20 10 17 8 4 11 5 10 31 26 21 15 28 16 18 45 37 45 32 16 34 16 21 17 11 29 22 36 25 13 9 12 9 3 5 6 5 4 1 1 1 0 0 0 0 0 0 0 0 0 0 0 1 1 2 3 2 2 2 2 11 15 12 25 29 17 16 20 27 26 18 17 12 27 32 22 29 31 19 42 46 14
36 35 31 24 33 44 19 27 29 33 26 21 27 14 7 19 12 6 7 9 16 5 5 11 12 27 25 41 18 24 40 33 24 42 23 13 17 27 11 31 34 35 38 10 11 20 8 3 5 7 2 3 1 1 1 0 0 0 0 0 0 0 0 0 0 0 1 0 0 0 1 1 5 13 6 8 9 11 13 13 8 15 18 25 22 17 11 21 36 19 30 22 27 28 28 17
30 30 46 28 41 49 13 21 30 34 29 22 30 22 28 14 23 29 7 11 16 4 9 12 15 36 32 54 22 27 30 33 46 22 18 12 12 38 14 16 28 39 18 17 19 16 3 2 19 28 2 3 1 0 0 0 1 0 0 0 0 0 0 0 0 0 0 0 1 2 3 5 2 5 4 3 4 14 10 10 17 33 17 17 22 10 18 18 32 16 20 6 3 9 36 52
30 36 42 40 33 26 13 21 31 34 31 19 13 14 23 23 11 6 8 6 7 3 7 6 19 20 42 27 29 46 45 38 27 27 11 4 5 37 13 13 18 22 19 16 15 11 1 4 6 5 6 2 1 0 0 0 0 0 0 0 0 0 0 0 0 0 0 0 1 4 5 6 4 3 2 4 22 22 11 13 23 19 20 32 7 11 21 24 29 14 7 4 12 14 12 31
32 18 19 40 29 35 25 9 27 27 32 19 19 10 16 11 13 3 4 3 2 5 6 8 7 20 15 29 39 62 37 45 34 35 24 3 21 31 12 13 20 10 17 14 11 7 2 4 3 3 3 1 1 1 1 0 0 0 0 0 0 0 0 0 0 0 0 2 1 1 2 1 1 2 5 10 16 11 8 29 26 21 27 10 9 23 42 18 7 5 8 17 11 37 21 30
28 7 21 33 40 30 31 16 10 18 24 11 15 13 15 15 6 4 8 4 1 4 25 10 10 11 7 15 21 32 39 42 29 16 21 10 21 13 18 13 25 18 14 18 18 10 5 3 2 3 2 2 1 1 0 0 0 0 0 0 0 0 0 0 0 0 0 0 1 0 2 3 2 7 6 10 15 18 16 28 24 12 10 6 21 40 9 4 5 10 11 22 31 25 26 16
24 10 11 8 28 30 37 18 3 12 19 10 13 8 27 12 5 1 2 3 1 5 10 6 7 3 11 23 29 26 37 27 31 24 13 11 13 12 13 8 3 16 12 24 14 13 13 17 9 6 3 5 1 0 0 0 0 0 0 0 0 0 0 0 0 0 0 0 0 0 1 4 5 12 5 5 19 26 16 14 8 17 4 16 22 8 2 9 11 17 19 18 23 31 28 15
31 18 23 6 26 35 30 16 4 3 3 14 14 9 8 9 2 4 2 5 3 1 4 8 5 4 14 24 27 21 20 17 30 23 18 20 25 7 16 11 5 8 9 13 22 8 5 3 3 2 1 2 0 0 0 1 0 0 0 0 0 0 0 0 0 0 0 0 0 0 1 3 5 6 6 8 25 23 20 17 9 7 18 19 11 3 7 17 15 14 20 15 22 23 20 17
40 14 25 6 11 26 16 6 4 4 5 5 8 17 9 7 3 2 2 4 2 3 9 4 5 10 7 17 23 24 16 26 17 11 22 19 15 12 10 16 10 6 9 8 11 7 13 5 3 4 5 2 1 0 0 0 0 0 0 0 0 0 0 0 0 0 0 0 0 0 1 2 4 6 6 7 9 11 30 9 7 8 14 5 6 18 17 16 15 15 15 10 8 5 11 17
26 13 24 10 8 24 16 18 11 10 5 6 9 11 10 10 8 4 2 2 1 1 3 4 9 8 16 27 26 14 18 21 11 9 37 20 12 13 10 4 4 6 8 13 10 10 16 5 6 4 4 1 2 0 0 0 1 0 0 0 0 0 0 0 0 0 0 0 0 0 0 2 4 6 7 3 7 18 17 28 21 11 4 7 8 10 10 22 20 12 18 10 8 5 6 2
20 12 21 15 11 13 7 18 7 7 7 6 8 6 4 6 3 2 2 2 3 1 1 8 6 10 11 13 18 16 18 19 19 11 28 17 16 10 21 6 13 14 5 7 12 17 18 8 9 7 2 1 2 0 0 0 1 0 0 0 0 0 0 0 0 0 0 0 0 0 1 1 1 3 4 4 11 28 58 20 12 6 2 7 5 26 17 12 14 16 29 21 8 6 7 2
28 12 20 13 8 7 4 13 16 9 8 8 5 5 3 6 2 2 1 1 2 1 2 4 7 5 9 16 15 16 13 18 12 21 23 16 23 38 11 7 8 8 10 7 20 8 12 13 5 4 4 2 1 1 1 1 1 0 0 0 0 0 0 0 0 0 1 1 0 0 0 1 3 6 2 14 17 23 18 23 7 2 5 12 11 13 18 9 14 22 17 18 5 4 5 2
26 13 29 15 5 6 10 6 18 7 11 9 4 2 3 2 1 1 1 1 0 2 2 1 3 3 13 11 7 12 15 6 12 29 10 34 13 35 22 7 16 7 15 10 22 17 12 11 4 6 3 1 1 1 1 0 0 0 0 0 0 0 0 0 0 0 0 0 0 1 0 0 1 2 12 10 7 21 14 20 10 5 7 15 25 14 16 18 20 12 13 7 5 3 4 1
19 10 30 14 4 4 26 11 10 6 6 8 3 4 3 2 2 2 2 1 0 1 0 0 1 2 12 16 16 9 6 5 11 23 18 11 19 17 17 8 15 4 12 4 12 15 16 11 4 5 2 3 1 1 1 1 1 0 0 0 0 0 0 0 0 0 0 0 1 0 0 1 3 8 8 4 5 34 20 11 10 7 13 8 21 19 10 14 13 10 7 4 14 3 2 1
30 9 21 8 4 6 11 9 7 17 12 5 4 3 2 2 2 2 1 1 0 0 0 2 3 5 7 8 11 7 4 5 18 12 19 12 28 12 9 9 15 4 12 8 8 12 23 9 4 5 3 2 1 0 1 1 0 0 0 0 0 0 0 0 0 0 0 0 0 0 0 1 2 2 3 4 7 22 17 3 3 8 19 17 17 14 4 8 19 13 5 3 7 1 2 1
26 9 19 6 4 6 6 21 7 14 19 10 3 1 1 2 3 1 0 1 0 0 1 1 1 2 2 6 3 3 7 5 34 16 19 20 20 8 5 19 8 6 7 21 24 11 10 7 9 5 3 2 1 1 1 0 0 0 0 0 0 0 0 0 0 0 0 0 0 0 0 0 1 2 6 5 16 19 19 4 3 16 18 16 13 12 3 6 9 9 2 2 2 2 2 2
36 27 4 12 4 5 11 16 8 5 10 6 9 1 3 6 2 1 0 1 0 0 1 0 1 1 6 3 5 5 6 13 2 7 3 11 9 5 3 19 6 5 1 10 37 10 6 8 7 4 2 2 1 0 1 1 1 0 0 0 0 0 0 0 0 0 0 0 0 0 1 1 2 2 5 13 6 17 14 6 5 21 11 8 9 6 7 6 3 4 6 2 1 3 2 1
20 5 4 8 4 4 17 12 12 3 2 4 8 1 1 1 1 1 0 1 0 0 1 1 2 2 2 5 5 3 12 4 9 5 13 11 7 9 4 12 4 10 5 9 23 17 6 6 6 4 2 2 1 1 0 0 0 0 0 0 0 0 0 0 0 0 0 0 0 0 1 3 4 4 12 33 2 21 9 8 8 8 10 5 5 4 8 10 4 2 4 2 1 1 2 1
18 6 2 8 6 5 10 2 5 8 1 2 5 2 0 1 1 0 0 1 0 1 2 1 1 1 2 7 3 7 5 8 15 29 14 9 25 6 11 16 5 6 7 12 15 9 5 11 4 3 1 2 1 1 0 0 0 0 0 0 0 0 0 0 0 0 0 0 0 0 1 1 5 12 12 4 8 19 13 5 4 7 13 3 6 7 8 4 5 3 1 3 3 1 1 1
19 2 4 7 3 3 6 1 1 1 2 5 1 2 0 1 0 0 0 0 0 0 0 1 1 1 1 2 4 5 3 6 13 8 5 19 6 4 24 7 10 14 10 10 13 8 5 3 4 1 1 0 1 1 0 0 0 0 0 0 0 0 0 0 0 0 0 0 0 1 1 2 5 3 12 6 10 7 4 2 3 11 8 8 4 5 5 3 2 3 2 1 1 1 0 0
17 2 3 7 3 7 6 2 1 1 3 3 4 3 0 0 0 1 0 0 0 0 1 1 0 0 1 5 2 2 2 10 3 6 20 3 5 6 11 5 11 10 7 21 17 11 6 2 2 2 1 1 1 1 0 0 0 0 0 0 0 0 0 0 0 0 0 0 0 1 1 5 5 5 1 5 12 3 4 3 5 7 8 6 3 4 3 3 1 3 1 3 1 0 0 0
7 2 3 9 2 4 7 5 2 1 1 4 1 1 1 0 0 0 0 0 0 0 0 0 0 0 2 3 5 1 9 1 2 10 9 4 8 10 15 9 2 14 12 16 20 8 4 1 1 3 2 0 0 0 0 0 0 0 0 0 0 0 0 0 0 0 1 0 0 0 2 7 6 4 1 7 7 5 4 3 4 6 5 6 5 2 1 3 1 2 1 0 1 0 0 0
5 1 2 6 1 3 5 1 1 1 2 2 1 1 1 0 0 0 0 0 0 0 0 0 0 0 6 1 2 1 5 3 1 13 6 3 7 28 11 7 4 11 12 13 4 6 2 2 1 1 1 1 0 0 0 0 0 0 0 0 0 0 0 0 0 0 0 1 1 2 4 6 5 1 2 6 4 2 2 3 4 3 6 2 2 1 1 1 1 1 1 0 0 1 1 0
12 2 5 2 1 5 2 1 1 1 2 1 1 0 0 0 0 0 0 0 0 1 0 0 0 0 1 1 0 3 2 1 5 6 6 2 4 21 20 8 3 7 6 11 8 4 1 1 1 0 0 0 0 0 0 0 0 0 0 0 0 0 0 1 2 2 3 5 3 10 6 9 6 1 9 12 2 2 2 3 3 3 5 2 3 3 0 1 1 1 0 0 0 0 0 0
8 4 0 1 0 3 1 1 2 2 1 1 1 0 0 0 0 0 0 0 0 0 0 0 0 1 1 0 1 0 1 3 4 2 3 4 9 23 14 4 4 7 5 5 3 1 2 2 1 1 0 0 0 0 0 0 0 0 0 0 0 0 0 0 0 0 2 4 8 18 29 17 1 5 7 11 3 0 1 6 2 5 2 3 1 3 0 1 1 0 1 0 1 0 0 0
5 0 0 1 1 1 0 1 1 1 0 1 1 0 0 0 0 0 0 0 0 0 0 0 0 1 0 1 1 0 3 4 1 1 4 3 1 16 10 1 2 4 3 4 3 2 1 1 0 0 0 0 0 0 0 0 0 0 0 0 0 0 0 0 1 0 2 25 31 24 19 1 3 5 8 11 9 1 3 3 2 2 2 2 2 2 0 0 1 1 1 0 0 0 0 0
