sesion_6_simulaciones/modelos_agentes/ejemplos_netlogo/scenarios/echam4_a2/rob_2022.asc
NCOLS 322 
NROWS 307 
XLLCORNER 451900 
YLLCORNER 4086900 
CELLSIZE 100 
NODATA_value -9999 
[rows 0 to 74 of 307, columns 0 to 95 of 322]
0 0 0 1 0 0 0 1 0 0 4 1 0 0 1 0 1 0 0 0 0 0 0 0 1 1 1 0 0 0 1 1 2 1 1 0 1 2 1 1 1 1 1 1 0 0 0 2 0 0 0 0 0 0 1 4 0 0 0 0 1 1 0 0 0 0 0 0 0 0 0 2 0 0 1 0 1 1 0 0 0 0 0 0 0 0 0 0 0 1 3 23 6 16 25 25
1 0 0 0 1 0 0 1 1 0 1 1 1 0 0 1 0 0 0 0 0 0 0 0 0 1 2 0 0 0 0 0 1 1 0 0 5 2 3 0 0 0 0 1 0 1 0 2 0 0 0 0 0 1 0 0 0 0 0 0 3 0 1 1 0 0 0 0 0 0 0 0 0 0 0 1 1 0 0 0 0 0 0 0 0 0 0 0 1 1 1 2 2 1 2 1
0 0 0 0 0 0 0 1 1 0 0 1 1 1 0 0 0 0 0 0 0 1 0 0 1 1 2 0 0 0 0 1 1 1 2 1 3 2 1 0 0 1 0 0 0 1 0 0 2 0 0 0 0 0 0 0 0 1 0 0 4 0 1 0 1 0 0 0 0 0 0 0 0 0 1 1 0 0 0 0 0 0 0 1 0 0 0 0 4 0 2 2 2 2 4 2
1 1 0 1 0 0 0 0 5 1 0 0 0 1 0 0 0 0 0 0 0 0 1 0 1 1 1 1 0 0 0 2 1 1 5 0 4 2 0 0 0 1 0 0 0 0 0 0 0 0 0 0 1 0 0 0 0 0 0 0 2 1 0 1 0 0 0 0 0 0 0 0 0 0 0 0 0 0 0 0 0 0 1 0 0 1 0 1 7 1 1 1 4 1 2 3
1 1 1 0 0 0 0 0 1 2 1 0 0 0 0 0 0 0 0 0 0 1 1 0 1 1 1 2 3 0 0 2 1 1 1 5 3 1 4 5 1 1 0 0 0 0 0 0 1 0 0 0 0 0 0 0 0 0 0 0 0 1 0 0 0 0 0 0 1 1 0 0 0 0 0 0 0 0 0 0 0 0 0 0 1 1 10 15 1 4 6 4 0 1 1 1
0 0 0 0 0 0 0 0 0 1 2 3 2 0 0 0 0 0 0 0 0 0 0 0 1 1 1 2 3 1 0 2 8 1 0 1 1 7 0 2 0 0 1 0 0 0 0 0 0 1 0 0 0 0 0 0 0 0 0 0 0 0 0 0 0 0 0 0 0 1 1 0 0 0 0 0 0 0 0 0 0 0 0 0 3 1 7 9 7 3 0 0 2 2 1 2
1 0 0 0 0 0 0 0 1 0 1 1 0 0 0 0 0 0 0 0 0 1 1 0 0 0 0 0 0 1 1 2 2 0 0 0 1 1 0 1 0 0 1 0 1 0 0 0 0 0 0 0 0 0 0 0 0 0 0 0 0 0 0 0 0 0 0 0 0 1 0 0 0 0 0 0 0 0 0 0 0 0 0 0 0 0 0 0 0 0 1 1 1 3 1 1
1 1 1 0 0 0 0 0 1 3 1 0 0 0 0 0 0 0 0 0 0 0 0 1 0 0 1 0 0 1 0 7 1 0 0 0 2 0 1 1 1 0 0 1 0 0 0 0 0 0 0 4 0 0 0 0 0 0 0 0 0 0 0 0 0 0 0 0 0 0 0 0 0 0 0 0 0 0 0 0 0 0 0 0 0 0 0 0 0 1 1 1 3 2 0 0
1 1 1 0 0 1 1 0 0 0 5 1 0 0 0 0 0 0 0 0 0 0 0 0 0 1 1 0 1 0 1 2 0 1 0 0 1 0 0 3 1 1 7 0 0 0 0 0 0 0 0 0 0 0 0 0 0 0 0 0 0 0 1 0 0 0 0 0 0 0 0 0 0 0 0 0 0 0 0 0 0 0 0 0 0 0 0 0 0 0 1 1 1 1 1 0
0 1 1 1 1 0 1 1 1 0 0 0 0 0 0 0 0 0 0 1 0 0 0 0 0 0 1 0 1 0 1 1 0 0 0 1 4 0 0 0 0 1 0 1 1 0 0 0 0 0 0 0 0 0 0 1 0 0 0 0 0 0 0 0 0 0 0 0 0 0 0 0 0 0 0 0 0 0 0 0 0 0 0 0 0 0 0 0 0 0 0 0 0 1 2 2
1 1 1 1 0 1 0 1 1 1 0 0 0 0 0 0 0 0 1 0 0 0 0 0 0 1 0 0 1 0 1 1 0 0 0 0 0 0 0 0 0 0 0 0 0 0 0 0 0 0 0 0 0 0 0 0 0 0 0 0 0 0 0 0 0 0 0 0 0 0 0 0 0 0 0 0 0 0 0 0 1 1 0 0 0 0 0 0 0 0 1 1 0 0 3 6
0 1 1 1 0 0 1 0 1 1 0 0 0 0 0 0 0 1 0 0 0 1 0 0 1 0 0 0 1 0 1 1 0 0 0 1 0 0 0 0 0 0 0 0 0 0 0 0 0 0 0 0 0 0 0 0 0 0 0 0 0 0 0 0 0 0 0 0 0 0 0 0 0 0 0 0 1 0 0 0 0 0 0 2 1 0 0 0 0 0 0 0 8 1 1 3
0 0 1 1 1 2 1 0 0 0 1 0 0 0 0 0 0 0 0 0 0 0 0 0 0 1 0 0 2 0 0 0 0 0 0 0 0 0 0 0 0 1 0 0 0 0 0 0 0 0 0 0 0 0 0 0 0 0 0 0 0 0 0 0 0 0 0 0 0 0 0 0 0 1 0 0 0 0 1 1 0 0 0 0 7 0 0 1 0 1 0 0 0 0 2 1
0 1 1 1 1 1 1 0 1 1 1 0 0 0 0 0 0 0 0 0 0 0 0 0 0 0 0 0 1 0 0 0 0 0 0 0 0 0 0 0 0 0 0 0 0 0 0 0 0 0 0 0 0 0 0 0 0 0 0 0 0 0 0 0 0 0 0 1 3 2 2 4 6 13 10 4 3 1 1 1 1 1 1 1 0 0 0 0 0 0 0 0 0 0 0 1
0 0 1 0 1 1 1 1 0 0 0 0 0 0 0 0 0 0 0 0 0 0 0 0 0 0 0 0 0 0 0 0 0 0 0 0 0 0 0 0 0 0 0 0 0 0 0 0 0 0 0 0 0 0 0 0 0 0 0 0 0 0 0 0 1 0 0 0 0 0 1 1 0 3 1 1 4 10 26 23 3 1 1 2 0 1 0 0 0 0 0 0 0 0 0 1
0 0 0 0 0 0 2 1 0 0 0 0 0 0 0 0 0 2 0 0 0 0 0 0 0 0 0 0 0 0 0 0 0 0 0 0 0 0 0 0 1 0 0 0 0 0 0 0 0 0 0 0 0 0 0 0 0 0 0 0 0 0 0 0 0 3 0 0 1 1 0 0 0 0 1 1 1 1 18 8 11 6 6 24 2 0 0 0 0 0 0 0 0 0 0 0
0 0 0 0 0 0 0 0 2 0 0 0 0 1 0 1 0 0 0 0 0 0 0 0 0 0 0 0 0 0 0 0 1 0 0 0 0 0 0 0 0 0 0 0 0 0 0 0 0 0 0 0 0 0 0 0 0 0 0 0 0 0 0 0 1 0 4 0 2 2 1 0 0 0 1 2 0 2 2 3 11 32 38 3 17 1 0 0 0 0 0 0 0 0 0 0
0 0 0 0 0 0 0 0 0 2 1 0 0 0 1 0 0 0 0 0 0 0 0 0 0 0 0 0 0 0 0 0 0 0 0 1 0 0 0 0 0 0 0 0 0 0 0 0 0 0 0 0 0 0 0 0 0 0 0 0 0 0 2 9 0 0 0 1 0 2 3 1 0 0 1 3 2 1 1 1 6 26 22 2 4 2 2 0 0 0 1 0 0 0 0 1
0 0 0 1 0 1 0 0 0 0 0 0 0 0 0 1 0 0 0 0 0 0 0 0 0 0 0 0 0 0 0 0 0 0 0 0 0 0 0 0 0 0 0 0 0 0 0 0 0 0 0 0 0 0 0 0 0 1 3 0 0 3 0 0 0 0 0 1 0 0 5 1 1 1 3 2 2 1 1 1 15 44 5 4 3 1 2 0 1 0 1 1 1 0 1 1
0 0 0 0 0 0 1 0 0 0 0 0 0 0 0 0 0 0 0 0 0 0 0 0 0 0 1 0 1 0 0 0 0 0 0 0 0 0 0 0 0 0 0 0 0 0 0 0 0 0 0 0 0 0 0 0 1 0 0 2 1 0 0 0 0 0 0 0 3 1 0 7 30 12 6 3 2 3 1 5 2 27 3 3 2 1 0 0 1 2 2 2 2 6 3 5
0 0 0 1 0 0 1 0 0 0 0 0 0 1 0 0 0 0 0 0 0 0 0 0 1 0 0 0 0 0 0 0 0 0 0 0 0 0 0 1 0 0 0 0 0 0 0 0 0 0 0 0 0 1 0 0 0 0 0 0 0 1 0 0 0 0 1 2 1 3 1 1 1 13 13 13 4 3 1 3 1 4 6 4 3 1 1 2 0 1 2 1 2 4 3 8
0 0 0 0 0 0 0 1 1 0 0 0 0 0 0 0 0 0 0 0 0 0 0 0 1 0 0 0 0 0 0 0 0 0 0 0 0 0 0 0 0 0 0 0 0 0 0 0 0 0 0 1 1 4 0 0 0 0 0 0 0 3 0 0 2 1 1 2 1 3 4 2 4 2 16 20 7 7 1 2 2 2 11 6 5 1 1 3 1 1 2 1 4 3 1 11
0 0 0 0 1 0 0 0 0 0 0 0 0 0 0 0 0 1 0 0 0 0 0 0 0 0 1 0 0 0 0 0 0 0 0 0 0 1 0 0 0 0 0 0 0 0 0 0 0 0 0 0 0 0 0 0 0 1 0 0 0 0 1 0 1 3 1 1 2 1 2 3 5 9 3 36 16 13 6 2 3 1 10 10 4 1 1 1 3 3 1 3 3 3 6 29
0 0 0 0 0 0 0 0 0 0 0 0 0 0 0 0 0 0 0 1 0 0 1 1 0 0 1 1 0 1 0 0 0 0 0 0 0 0 0 0 0 0 0 0 0 0 0 0 0 0 1 0 0 0 0 0 0 0 1 0 1 0 7 2 1 2 2 3 7 3 7 7 7 3 6 2 36 13 14 4 6 3 15 18 7 1 2 1 3 2 1 4 7 6 36 9
0 0 0 0 0 0 0 0 1 0 0 0 0 0 0 0 0 0 0 0 0 0 0 0 0 0 0 0 1 1 1 0 0 0 0 0 0 0 0 0 0 0 0 0 0 0 0 0 0 0 0 0 0 0 0 0 0 0 2 1 1 1 1 4 1 1 1 11 8 8 19 6 19 13 10 10 3 47 29 10 6 9 22 15 6 1 2 2 4 2 3 3 9 32 29 13
0 0 0 0 0 0 0 0 0 0 0 0 0 0 0 0 0 0 1 0 1 0 0 0 0 0 1 0 0 0 0 0 0 0 0 0 0 0 0 0 0 0 0 0 0 0 0 0 0 0 0 1 0 0 0 0 0 0 3 2 0 2 1 11 4 3 1 11 5 5 23 19 32 48 23 19 8 6 30 52 6 8 18 9 4 2 3 7 11 4 4 5 32 23 33 10
0 0 0 0 0 0 0 0 0 0 0 0 0 0 0 0 0 0 0 0 1 0 0 0 1 0 1 0 0 0 0 0 0 0 0 0 0 0 0 0 0 0 0 0 0 0 0 0 0 0 0 0 0 0 0 0 0 1 5 6 1 3 2 12 12 4 1 30 8 8 32 24 23 43 65 32 15 16 3 45 38 12 7 11 4 2 5 11 10 2 10 12 12 23 19 17
0 0 0 0 0 0 0 0 0 0 0 0 0 0 0 0 0 0 0 0 0 0 0 0 0 0 1 0 0 0 0 0 0 0 0 0 0 0 0 0 0 0 0 0 0 0 0 0 0 0 0 0 0 0 0 0 0 1 1 16 4 1 5 7 14 6 4 3 15 18 50 52 21 30 42 15 33 20 14 5 24 26 26 13 3 6 3 10 11 7 9 5 17 28 35 31
1 0 0 0 0 0 0 0 0 0 0 0 0 0 0 0 0 0 0 0 0 0 1 0 0 0 2 0 0 0 0 0 0 0 0 0 0 0 0 0 0 0 0 0 0 0 0 0 0 0 0 1 0 2 1 1 1 1 1 8 30 3 2 5 25 30 9 5 10 8 59 58 19 7 38 11 15 42 23 11 14 31 40 10 6 10 3 7 7 14 11 17 49 33 36 9
0 0 0 1 0 0 0 0 0 0 0 0 0 0 0 0 0 0 0 0 0 0 0 0 0 0 2 0 0 0 0 0 0 0 0 0 0 0 0 0 0 0 0 0 0 0 0 0 0 0 1 0 1 2 1 0 1 2 2 1 19 42 5 9 40 32 20 14 9 4 37 62 26 7 38 18 8 19 35 19 5 44 54 11 8 8 5 5 10 11 13 31 51 67 38 12
0 0 2 0 0 0 0 0 0 0 0 0 0 0 0 0 0 0 0 0 1 0 0 0 0 0 0 0 0 0 0 0 0 0 0 0 0 0 0 0 0 0 0 0 0 0 0 1 2 0 10 1 0 0 3 3 0 2 2 3 3 31 39 6 11 36 43 22 12 4 3 39 27 11 23 29 9 5 16 10 16 8 20 20 12 4 0 4 13 13 18 43 67 59 43 10
1 0 0 0 0 0 0 0 0 0 0 0 0 0 0 0 0 0 0 0 1 0 1 0 0 0 0 0 0 0 0 0 0 0 0 0 0 0 0 0 0 0 0 0 0 1 0 0 1 1 2 1 0 1 3 8 1 8 5 5 7 3 38 20 3 13 20 15 2 7 7 8 10 2 9 22 14 7 8 11 5 8 22 16 13 7 1 2 8 18 34 76 73 72 61 18
4 1 0 0 0 0 0 0 0 0 0 0 0 0 0 0 0 0 0 0 0 0 1 0 0 0 0 0 0 0 0 0 0 0 0 0 0 0 0 0 0 0 0 1 0 0 1 0 0 1 1 3 1 1 1 7 2 1 18 13 12 15 9 3 4 4 4 5 12 11 12 27 39 23 4 13 14 8 9 11 7 14 18 20 12 6 3 8 13 52 83 81 62 27 45 22
1 1 0 0 0 0 0 0 0 0 0 0 0 0 0 0 0 0 0 0 0 1 0 0 0 0 0 0 0 0 0 0 0 0 0 0 0 0 0 0 0 0 0 1 1 0 1 1 0 0 1 4 1 2 2 5 5 3 4 19 12 9 3 9 15 6 7 9 24 10 29 18 20 15 9 8 6 8 28 38 17 15 20 7 6 3 2 6 22 71 72 69 15 9 18 48
0 1 1 0 0 0 0 0 0 0 0 0 0 0 0 0 0 0 0 0 0 1 0 0 0 0 0 0 0 0 0 1 0 0 2 0 0 0 0 0 0 0 0 1 1 0 0 1 0 1 0 1 1 1 1 12 9 6 3 15 30 12 3 10 19 16 7 12 21 18 9 9 15 7 21 13 12 16 19 42 54 19 17 13 26 5 3 7 33 50 32 36 19 14 10 16
1 1 1 0 0 0 0 0 0 0 0 0 1 0 0 0 0 0 0 0 0 0 0 0 0 0 0 0 0 0 0 0 1 0 0 0 0 2 3 3 0 0 0 0 0 0 0 0 0 1 1 1 1 3 4 2 1 2 2 2 1 3 3 9 14 15 6 12 10 2 5 26 24 9 36 20 23 40 17 40 56 29 15 24 15 6 13 15 22 13 51 46 34 30 44 52
0 0 0 0 1 0 0 0 0 0 0 0 2 0 0 0 0 0 0 0 0 0 1 0 0 0 0 0 0 0 0 0 0 0 0 0 0 1 4 2 0 0 0 0 0 1 1 1 1 0 1 4 3 5 6 4 3 3 10 17 5 7 13 4 10 8 6 11 3 14 11 7 13 13 33 25 52 19 10 21 36 28 12 15 10 5 5 27 7 29 51 39 47 48 64 54
0 0 0 0 0 0 0 0 0 0 0 1 0 0 0 0 0 0 0 0 0 0 0 0 0 0 0 0 0 0 0 0 0 0 0 0 0 0 0 1 0 0 0 0 0 0 3 2 1 1 3 2 3 6 1 2 2 10 5 1 6 10 5 8 8 3 4 9 8 4 9 25 12 8 17 40 19 5 16 13 28 16 10 9 6 8 7 5 19 37 28 36 24 51 46 70
0 0 1 0 0 0 0 0 0 0 0 1 0 0 0 0 0 0 0 0 0 0 0 0 0 0 0 0 0 0 0 0 0 0 0 0 1 0 0 1 0 1 0 0 0 0 1 1 1 1 3 1 1 2 3 2 4 6 6 1 11 4 1 12 10 10 4 11 1 7 9 14 2 16 18 30 11 6 17 6 11 5 3 6 1 11 5 19 7 19 31 18 48 53 78 48
0 0 0 0 0 0 0 0 0 0 1 0 0 0 0 1 0 1 0 0 0 0 0 0 0 0 0 0 0 0 0 0 0 0 0 0 0 0 0 0 0 0 0 0 0 0 0 0 1 1 3 1 1 2 1 4 5 4 2 4 13 6 5 5 10 8 2 4 5 10 6 3 6 12 11 15 8 9 7 7 6 4 4 2 4 11 12 6 18 12 12 35 53 65 41 56
0 0 0 0 0 0 0 0 0 0 0 0 0 0 0 0 0 1 0 0 0 0 0 0 0 0 0 0 0 0 0 0 0 0 0 0 0 0 0 0 0 0 0 0 0 0 0 0 0 1 1 0 1 1 2 3 3 3 3 6 13 15 9 4 6 3 4 7 5 5 2 4 6 12 7 14 6 6 6 4 5 2 3 2 6 10 5 21 16 9 10 31 33 44 53 68
0 0 0 0 0 0 0 0 0 0 0 0 0 0 0 0 0 0 0 0 0 0 0 0 0 0 0 0 0 0 0 0 0 0 0 0 0 0 0 0 0 0 0 0 0 0 0 1 0 1 0 0 1 2 0 2 2 1 2 3 12 4 5 3 6 2 2 8 5 3 3 3 4 6 15 5 6 5 3 2 2 2 1 1 4 2 4 7 6 13 12 15 32 60 51 48
0 0 0 0 0 1 0 0 0 0 0 0 0 0 1 0 0 0 0 0 0 0 0 0 0 0 0 0 0 0 0 0 0 0 0 0 0 0 0 0 0 0 0 0 0 0 0 0 1 0 0 1 0 1 0 1 1 1 4 1 5 2 5 4 3 3 2 4 2 3 3 4 3 2 5 3 2 1 1 1 1 1 1 2 1 1 1 1 4 8 12 8 28 49 39 49
0 0 0 0 0 0 0 0 0 0 0 0 0 0 0 0 0 0 0 0 0 0 0 0 0 0 0 0 0 0 0 0 0 0 0 0 0 0 0 0 0 0 0 0 0 0 0 0 0 0 0 0 1 0 0 0 1 1 2 0 3 3 1 1 2 2 2 4 2 4 2 2 3 4 1 1 1 0 1 0 1 1 1 1 1 1 0 1 1 7 3 5 19 14 20 27
0 0 0 0 0 0 0 0 0 0 0 0 0 0 0 0 0 0 0 0 0 0 0 0 0 0 0 0 0 0 0 0 0 0 0 0 0 0 0 0 0 0 0 0 0 0 0 0 0 0 0 0 0 0 0 0 0 1 1 0 2 1 1 1 1 1 1 1 1 0 1 4 1 0 1 0 0 0 0 0 0 0 0 0 1 0 1 1 1 5 3 6 8 7 15 11
0 0 0 0 0 0 0 0 0 0 0 0 0 0 0 0 0 0 0 0 0 0 0 0 0 0 0 0 0 0 0 0 0 0 0 0 0 0 0 0 0 0 0 0 0 1 0 0 0 0 0 0 0 0 0 1 0 0 0 0 2 0 1 0 0 1 0 0 1 1 1 1 0 0 0 0 0 0 0 0 1 1 0 0 1 2 0 1 3 2 2 3 8 8 9 6
0 0 0 0 0 0 0 0 0 0 0 0 0 0 0 0 0 0 0 0 0 0 0 0 0 0 0 0 0 0 0 0 0 0 0 0 0 0 0 0 0 0 0 0 1 9 2 2 7 2 2 0 0 0 0 0 0 0 0 0 0 0 0 0 1 0 0 0 0 0 0 0 1 0 0 0 0 0 0 0 1 1 1 1 2 4 2 4 2 3 1 1 2 2 6 12
0 0 0 0 0 0 0 0 0 0 0 0 0 0 0 0 0 0 0 0 0 0 0 0 0 0 0 0 0 0 0 0 0 0 0 0 0 0 0 0 0 0 0 3 5 0 7 1 1 1 4 0 1 0 0 0 0 0 0 0 0 0 0 0 0 0 0 0 0 0 0 0 1 0 0 0 0 0 0 1 1 0 0 1 2 3 1 3 3 4 1 1 1 2 5 2
0 0 0 0 0 0 0 0 0 0 0 0 0 0 0 0 0 0 0 0 0 0 0 0 0 1 0 3 0 0 0 0 0 1 1 0 0 0 0 0 0 0 0 0 5 1 2 2 0 0 0 0 1 1 1 0 0 0 0 0 0 0 0 0 0 0 0 0 0 0 0 1 1 0 0 0 0 0 0 1 3 1 1 2 1 2 4 3 1 1 1 2 1 1 2 2
0 0 0 0 0 0 0 0 0 0 0 0 0 0 0 0 0 1 0 0 0 0 0 0 0 0 2 10 1 2 0 0 0 0 0 0 0 0 0 0 0 0 0 0 1 0 6 9 0 0 1 2 3 4 10 4 0 12 1 0 0 0 0 0 0 0 0 0 0 0 0 0 0 0 1 0 0 0 0 1 1 1 2 0 0 3 2 1 0 1 1 1 1 1 0 0
0 0 0 0 0 0 0 0 0 0 0 0 0 0 0 0 0 0 2 0 0 0 0 0 0 1 0 1 0 0 0 0 0 0 0 0 0 1 0 0 0 0 0 0 6 0 0 14 3 0 4 9 11 5 16 4 4 0 12 1 0 0 0 0 0 0 0 0 0 0 0 0 1 2 3 0 1 0 1 1 0 0 0 0 1 1 1 0 1 1 2 1 0 1 1 1
0 0 0 0 0 0 0 0 0 0 0 0 0 0 0 0 0 0 5 1 0 0 0 0 0 0 0 1 0 0 0 1 0 0 0 0 0 6 0 0 7 0 1 0 0 1 0 0 14 2 0 5 28 41 37 29 1 0 0 2 0 0 0 0 0 0 0 0 0 0 0 0 0 0 0 0 0 0 0 0 0 0 0 0 0 3 3 1 1 1 1 0 1 2 1 1
0 0 0 0 0 0 0 0 0 0 0 0 0 0 0 0 3 0 0 2 0 1 0 0 0 0 1 1 0 0 0 0 0 2 0 0 1 1 1 0 0 0 0 0 0 0 0 0 3 2 2 0 0 2 1 2 4 1 2 10 1 0 0 0 0 0 0 0 0 0 0 0 0 0 0 0 0 0 0 0 0 2 6 0 0 0 0 0 0 0 0 0 0 0 1 1
0 0 0 0 0 0 0 0 0 0 0 0 0 0 4 0 1 2 0 2 0 1 1 1 0 0 2 1 1 0 0 0 0 0 0 0 0 1 1 0 0 2 0 0 0 0 1 1 0 2 1 0 0 1 1 2 5 1 4 0 1 0 0 0 0 0 0 0 0 0 0 0 0 0 0 0 0 0 3 19 21 11 9 16 0 1 3 1 2 11 2 2 1 1 2 15
0 0 0 0 0 0 0 0 0 0 0 0 0 0 2 3 1 1 1 1 1 2 3 5 11 4 1 2 1 0 0 0 1 1 0 0 0 0 8 0 0 1 1 0 0 0 0 1 2 1 2 2 0 1 2 1 2 8 4 1 0 0 0 0 0 0 1 6 1 0 1 8 3 3 3 3 2 10 23 30 22 36 5 11 19 18 1 2 9 2 3 4 4 1 1 6
0 0 0 0 0 0 0 0 0 0 0 0 0 0 1 2 1 0 1 1 1 0 6 8 12 5 1 1 1 1 0 0 0 0 0 0 0 3 2 1 0 0 0 0 0 1 0 2 4 0 1 1 3 4 2 1 3 9 1 1 1 1 0 0 0 5 6 11 24 31 13 10 3 14 0 3 16 14 32 41 59 31 11 39 19 31 2 1 1 0 1 0 5 6 2 1
0 0 0 0 0 0 0 0 0 0 0 0 1 0 0 3 1 0 8 3 1 3 1 10 11 8 3 3 1 1 1 1 1 1 0 0 2 2 3 6 2 0 1 0 0 0 1 1 3 2 0 1 7 2 2 1 1 13 2 1 0 1 0 2 2 2 16 18 32 29 33 26 6 1 4 16 13 2 1 2 1 5 35 53 42 15 7 5 8 1 1 1 3 8 1 4
0 0 0 0 0 0 0 0 0 0 0 0 0 3 1 0 0 0 3 10 3 1 1 2 1 3 5 6 0 1 1 2 1 0 0 0 1 3 10 2 10 2 1 0 2 0 2 2 4 8 1 1 3 2 3 1 1 2 2 1 1 5 1 6 10 4 13 25 48 57 40 24 5 9 14 7 5 1 2 5 3 1 40 60 18 15 12 17 5 1 2 3 6 11 1 2
0 0 0 0 0 0 0 1 0 0 0 0 1 0 0 0 0 0 1 6 13 6 2 5 2 1 12 2 1 2 5 1 1 2 1 1 0 1 5 1 40 6 12 14 2 2 2 3 14 33 2 2 9 5 2 9 3 2 2 3 9 8 6 10 22 38 26 3 38 52 13 4 5 15 14 31 7 7 3 2 4 3 2 2 6 45 21 6 10 5 6 5 3 6 9 1
0 0 0 0 0 0 0 0 1 0 0 0 3 0 0 0 1 1 2 8 10 9 4 4 2 1 6 5 1 2 2 14 5 3 2 1 1 2 2 1 24 2 1 2 16 9 6 7 2 4 6 4 2 15 6 6 1 1 8 11 1 1 19 38 43 59 40 4 2 1 8 10 29 30 27 46 49 15 31 5 6 3 2 15 26 54 40 8 23 15 3 13 24 5 29 4
0 0 0 0 0 0 1 0 0 0 4 0 0 0 0 1 2 1 1 19 15 12 8 6 3 3 0 10 4 3 4 3 2 21 3 1 3 16 1 1 4 6 4 1 3 15 6 3 1 2 3 2 10 8 6 2 1 9 1 5 4 2 4 14 52 49 11 17 15 5 10 50 52 64 47 45 62 47 55 39 16 9 6 18 59 59 27 24 67 69 41 16 16 2 24 9
0 0 0 0 0 0 7 1 0 4 0 5 1 1 1 1 1 2 2 7 20 26 34 8 3 2 1 6 7 3 4 6 7 4 4 1 1 9 3 1 3 4 5 3 1 3 3 2 3 2 3 2 7 12 3 8 10 14 13 3 40 6 10 10 33 27 45 44 20 19 31 61 72 76 49 79 74 27 68 60 26 29 33 28 16 24 24 42 13 8 34 55 23 10 16 16
1 0 4 0 0 0 1 0 0 8 0 1 4 1 1 1 2 1 2 2 6 12 42 21 6 3 1 3 4 2 9 6 3 3 3 4 3 4 4 2 4 1 2 7 5 3 1 2 3 2 3 2 15 9 3 13 5 7 24 2 41 52 27 22 19 35 22 12 14 28 54 75 81 68 57 82 76 49 61 74 20 16 14 45 35 19 39 49 12 11 3 23 17 12 6 49
0 0 1 4 0 0 2 0 0 4 7 0 2 8 1 1 1 3 4 3 1 12 27 42 15 7 5 3 14 5 5 2 2 1 2 3 7 26 2 2 1 4 2 7 6 4 2 2 3 1 12 1 9 9 36 22 25 21 47 36 57 60 83 9 5 7 7 8 22 57 79 81 66 64 79 81 75 68 53 19 18 16 38 78 41 43 31 65 39 19 8 23 16 43 4 29
0 0 0 1 0 0 1 1 0 0 6 1 1 0 10 2 2 2 7 4 3 3 29 29 48 30 5 1 27 11 4 0 2 1 1 2 1 5 9 4 5 3 14 18 11 2 1 3 4 2 2 12 14 26 59 40 49 39 46 74 58 58 34 19 52 27 15 17 15 62 64 70 66 67 66 76 72 40 15 24 29 41 74 73 71 46 27 48 64 33 53 42 17 84 6 40
0 0 0 0 1 1 0 2 1 1 1 5 1 1 2 3 6 3 6 7 3 3 26 38 35 26 23 4 1 8 20 1 3 2 1 3 2 4 5 12 15 28 22 33 8 6 4 18 4 9 11 17 36 85 72 53 58 74 57 53 24 32 47 27 62 42 39 11 23 30 15 13 7 5 6 49 39 29 41 37 43 60 77 69 85 65 59 40 66 78 60 33 4 12 14 30
0 0 0 1 1 0 2 0 2 1 0 3 1 3 1 4 4 3 5 2 4 3 4 4 22 39 10 9 5 1 17 14 2 2 2 2 6 4 39 68 44 68 12 42 6 30 61 21 50 42 11 4 30 86 80 71 72 79 34 24 11 3 33 21 10 18 12 14 24 24 45 21 16 16 16 13 17 27 22 24 35 57 63 65 79 75 68 48 61 67 37 46 16 29 7 36
0 1 0 0 0 0 2 0 0 8 1 3 4 0 1 2 7 4 3 2 6 3 2 8 8 10 3 3 2 5 10 6 3 2 2 3 4 21 15 4 11 4 3 19 4 37 23 31 35 21 27 16 26 40 68 71 53 71 64 44 38 21 8 18 17 8 13 15 23 23 11 21 16 20 8 16 23 41 39 35 69 51 28 24 59 73 42 42 38 45 46 65 67 48 21 47
0 0 0 0 0 2 2 1 1 1 0 0 1 1 2 1 3 1 1 6 2 6 11 11 15 11 13 4 18 9 13 17 15 7 2 3 6 40 14 10 6 6 27 75 49 76 16 15 36 25 37 52 67 35 47 50 57 78 73 71 70 68 20 40 28 19 7 22 27 15 4 15 16 19 16 19 8 32 39 71 70 60 43 42 30 28 24 7 39 61 74 61 48 45 29 50
1 1 0 0 0 0 1 0 1 1 3 3 5 2 13 6 1 2 4 4 6 23 8 14 33 9 12 7 12 12 8 9 7 9 4 2 9 40 3 23 22 11 4 8 53 20 5 3 7 45 75 50 27 51 28 18 16 59 63 77 77 66 54 24 14 10 13 22 17 5 6 3 5 22 22 10 9 26 56 83 44 66 57 29 30 28 12 10 26 29 40 71 50 47 55 35
4 0 1 1 0 0 0 2 3 3 1 1 0 1 1 1 2 9 5 4 4 5 5 5 9 5 13 4 5 7 6 14 6 5 3 8 8 39 18 9 35 53 11 3 4 7 5 1 2 10 28 31 36 33 30 8 7 5 8 42 61 55 34 12 4 12 31 10 6 8 12 8 8 10 28 6 13 34 86 73 51 70 76 31 16 46 43 38 29 28 64 40 49 48 44 50
0 0 1 0 0 2 2 1 1 1 2 2 4 2 2 9 6 11 4 2 4 1 3 5 1 2 4 2 4 5 7 4 9 18 18 9 13 39 49 32 27 8 7 3 6 3 3 2 1 0 11 15 43 10 9 17 11 16 18 9 7 8 16 18 9 29 33 16 4 6 11 24 19 13 12 8 30 78 83 40 43 83 79 65 48 45 53 47 12 16 17 8 35 55 53 47
0 0 0 3 1 2 0 1 1 1 1 1 1 1 11 3 4 5 2 1 1 0 3 1 2 2 3 1 4 8 1 5 8 12 8 20 19 33 57 67 32 17 7 7 4 4 3 5 3 2 10 11 8 10 14 17 27 24 30 19 17 15 15 13 50 69 64 16 20 8 10 40 38 24 22 23 66 80 68 32 67 88 57 50 37 54 49 45 15 13 13 46 30 60 38 52
0 0 2 1 0 0 1 1 2 0 1 1 5 1 2 2 1 2 1 0 0 0 1 2 1 2 3 2 1 2 2 5 7 8 18 13 19 18 4 3 3 2 5 1 1 2 3 2 3 6 6 6 8 4 5 7 7 10 10 19 26 15 4 10 17 39 47 42 51 31 11 13 26 15 13 47 60 74 50 68 65 72 33 55 45 70 58 28 22 21 9 21 15 51 31 41
0 2 1 0 1 1 0 0 1 1 1 1 2 1 3 2 1 0 0 0 0 1 1 1 1 1 1 2 3 1 4 2 8 10 9 15 24 20 17 14 5 12 6 1 1 1 3 5 5 8 3 6 4 3 8 3 4 7 5 6 5 16 14 16 6 5 5 10 15 21 32 21 13 7 31 64 38 39 47 65 76 40 58 65 64 33 18 14 21 17 17 23 17 17 27 22
