sesion_6_simulaciones/modelos_agentes/ejemplos_netlogo/scenarios/echam4_a2/rob_2024.asc
NCOLS 322 
NROWS 307 
XLLCORNER 451900 
YLLCORNER 4086900 
CELLSIZE 100 
NODATA_value -9999 
[rows 0 to 73 of 307, columns 96 to 191 of 322]
39 5 1 1 24 6 6 5 5 5 13 12 16 32 29 8 16 10 10 3 12 10 8 27 9 6 10 10 15 10 3 3 8 13 7 6 7 13 20 9 5 29 64 70 80 69 81 81 87 80 79 83 62 35 52 49 52 18 36 32 39 21 16 9 38 47 48 8 7 34 44 24 21 26 22 15 17 22 12 54 37 19 28 25 31 18 19 22 32 52 32 24 20 7 15 31
2 3 3 2 4 13 5 4 4 8 7 13 36 42 18 14 4 4 2 5 9 2 3 3 10 6 10 5 6 29 11 4 4 7 3 8 10 14 21 25 32 40 36 31 83 85 85 82 93 74 87 77 38 41 75 25 9 17 10 17 6 22 17 8 18 10 13 43 39 35 21 46 58 33 47 53 56 23 27 30 26 21 34 34 40 25 25 34 42 38 48 38 46 25 33 33
0 1 1 8 4 6 6 3 3 5 4 8 15 15 4 3 7 11 12 14 23 2 4 4 7 7 11 5 12 12 20 17 2 8 27 24 26 34 39 42 50 60 44 49 18 8 20 48 91 82 81 81 39 73 69 64 42 19 16 24 17 54 76 70 76 52 42 63 28 37 30 33 44 43 49 66 73 68 44 30 29 29 41 41 44 33 36 53 35 38 50 38 45 50 36 38
0 0 0 1 1 1 1 8 3 2 2 4 6 10 11 12 12 20 23 18 7 2 9 9 2 5 7 9 9 3 10 11 10 20 29 20 46 44 65 75 80 80 63 25 12 17 7 12 42 18 31 30 16 38 64 22 61 6 9 21 32 54 81 80 81 83 78 43 59 51 51 59 42 42 56 52 54 25 21 31 44 44 57 56 54 39 38 48 34 32 53 53 37 47 34 50
1 1 1 0 0 0 1 7 15 3 9 7 4 6 18 13 10 45 17 7 9 6 8 17 14 9 8 8 6 22 26 18 4 19 40 42 53 67 81 85 85 76 64 36 21 9 14 32 20 15 23 26 7 47 18 38 53 32 6 12 57 72 60 77 64 40 76 45 57 72 61 53 42 35 59 42 45 38 40 44 51 46 79 59 43 46 45 58 42 44 54 67 35 56 57 61
2 1 0 1 0 1 1 2 13 24 5 11 3 9 12 6 24 16 20 13 4 4 13 11 15 7 11 10 4 6 9 23 20 9 45 63 68 80 84 74 78 76 71 47 19 26 19 24 29 23 30 49 10 21 23 46 27 27 20 20 57 63 22 13 19 38 44 19 23 40 16 49 78 61 53 35 40 39 38 56 47 55 60 55 63 50 48 66 63 44 59 44 57 51 71 34
0 1 3 1 1 1 3 1 5 21 18 5 4 6 7 22 9 19 30 20 21 10 5 6 11 12 19 13 7 4 8 30 32 23 39 76 82 81 75 75 74 70 38 21 27 55 30 44 39 39 30 36 31 34 47 35 16 32 39 16 10 13 11 18 9 14 46 64 43 44 20 46 31 16 59 60 58 60 38 56 46 38 46 40 61 63 52 67 66 41 67 58 55 47 32 27
0 0 1 1 0 2 2 1 2 11 50 48 47 22 14 6 7 16 12 14 27 50 11 26 34 19 18 6 13 10 12 15 34 59 41 65 69 75 73 68 59 25 30 24 52 42 35 60 45 45 26 30 49 57 42 41 35 60 66 67 45 19 4 4 19 12 35 20 45 26 39 26 13 30 18 49 58 83 67 35 54 64 46 53 78 55 56 60 65 62 48 38 17 26 25 20
0 0 1 1 1 2 2 1 2 2 10 45 58 69 37 48 9 7 7 28 28 11 13 20 18 8 13 12 9 15 28 22 43 70 78 46 30 38 26 23 33 18 15 30 59 48 26 39 45 36 31 23 75 48 41 56 44 55 21 42 69 51 26 3 17 17 11 11 5 15 44 38 17 18 42 21 30 37 46 70 65 84 55 62 41 29 39 78 51 56 43 76 55 36 26 33
0 0 0 0 1 4 2 1 1 3 8 1 2 3 2 2 14 7 9 11 14 9 16 11 27 20 14 12 17 21 25 60 52 44 61 53 47 46 22 20 10 7 12 29 58 36 15 17 29 39 36 24 34 82 72 72 19 34 17 59 45 49 13 17 4 10 8 5 14 26 26 32 37 29 39 55 23 22 63 68 42 68 54 48 29 36 26 40 40 56 30 44 74 70 29 21
1 0 1 1 3 1 3 3 5 1 2 1 7 4 3 4 12 2 20 9 12 9 14 15 28 9 7 13 23 38 56 58 81 66 44 41 40 55 51 29 16 6 5 8 34 12 12 20 32 25 39 22 38 46 80 65 35 24 33 54 27 28 15 5 11 14 16 7 24 37 38 43 28 19 45 61 42 19 19 54 39 26 50 63 36 40 27 31 68 54 49 37 65 82 58 32
1 1 1 2 1 4 3 8 9 7 2 3 7 13 11 9 10 22 29 15 45 24 8 16 15 16 8 10 17 71 70 61 59 53 42 32 31 46 43 30 15 6 7 14 17 8 10 33 19 24 51 23 37 53 33 47 33 33 44 39 17 16 35 24 12 9 26 23 33 61 71 71 19 31 47 57 41 23 22 60 37 9 35 62 33 42 35 29 51 35 27 34 51 62 63 56
0 1 1 2 3 2 3 3 4 7 8 5 1 2 5 15 24 10 33 25 54 54 13 9 8 11 7 16 31 50 72 50 47 40 38 45 47 18 22 37 13 4 5 18 15 7 13 18 22 36 54 41 41 62 44 36 43 39 51 19 17 19 30 25 14 11 9 24 40 26 47 46 33 28 32 55 30 26 11 21 39 8 46 70 33 37 46 28 19 39 32 15 19 37 55 68
0 0 0 1 1 1 0 1 3 5 8 6 6 6 7 4 23 9 47 17 11 10 37 23 17 10 15 48 50 39 45 46 34 17 15 14 13 8 7 11 13 2 1 1 5 4 8 12 40 57 63 58 41 45 27 45 51 44 40 38 15 12 33 35 25 22 11 12 14 9 4 4 20 33 33 42 30 42 26 16 7 12 23 60 61 30 37 37 22 19 33 17 27 49 74 53
0 0 0 0 1 0 0 1 1 1 4 4 6 8 8 6 5 5 36 20 13 33 42 19 23 19 22 20 44 46 24 15 13 17 21 15 13 10 5 1 10 2 6 3 1 2 7 19 25 55 52 47 36 43 27 56 58 49 51 54 10 27 36 38 25 17 8 10 6 4 4 21 50 46 38 46 48 40 21 21 32 11 29 56 62 29 14 16 19 14 10 8 20 36 47 41
8 0 1 0 1 2 1 1 0 1 1 1 1 1 2 4 7 12 5 2 7 11 6 41 27 34 17 19 16 11 14 31 35 35 23 26 43 36 15 3 3 3 1 3 2 2 1 7 20 23 30 24 21 23 34 24 40 39 55 48 9 25 9 36 52 30 11 12 13 2 9 33 47 53 27 18 31 39 48 41 28 24 25 42 66 81 52 35 16 11 10 6 17 52 42 31
0 0 1 1 1 1 3 2 1 1 2 3 1 1 2 7 8 11 6 11 11 4 6 14 47 33 36 41 65 46 31 18 22 32 30 46 57 52 29 3 6 5 2 3 9 9 8 2 7 12 8 7 6 6 11 30 38 49 52 52 16 35 25 30 43 14 9 10 7 7 10 40 33 45 17 14 25 24 41 35 31 27 29 29 62 82 77 30 16 13 9 6 15 35 49 41
0 1 1 11 10 2 1 1 1 1 1 1 1 1 1 2 7 7 11 13 6 5 8 9 27 35 11 23 21 15 31 28 37 24 56 74 52 54 30 15 22 24 16 16 26 23 22 10 2 1 1 2 1 1 3 29 65 81 58 25 44 32 27 19 31 23 12 20 6 6 43 43 49 40 17 26 51 32 30 39 21 16 11 7 44 51 48 51 29 13 10 6 9 17 24 11
1 2 3 1 1 5 1 1 0 0 1 1 0 0 0 1 2 4 5 3 6 7 7 8 40 56 30 26 19 34 43 48 31 53 60 60 27 27 27 46 34 40 48 56 47 24 31 22 9 6 4 3 5 1 1 4 59 73 45 30 29 36 20 15 25 8 10 12 3 31 62 57 48 49 21 21 49 45 38 66 41 23 11 6 12 30 34 34 36 17 11 9 4 9 40 7
4 2 1 0 0 2 6 1 1 1 2 3 2 1 2 6 1 2 2 3 8 10 14 7 28 28 22 33 38 35 38 65 53 47 47 26 42 43 35 44 65 65 51 27 27 13 20 24 12 9 7 2 3 2 4 3 11 20 31 40 27 16 14 33 31 5 11 35 63 46 61 75 39 69 33 14 38 59 42 59 46 42 24 8 8 25 46 30 41 19 14 6 2 4 24 18
3 1 1 1 0 2 3 4 1 3 4 3 2 1 1 1 1 3 4 4 4 5 4 3 15 27 23 11 11 30 22 21 35 45 58 35 33 46 30 65 34 31 44 27 14 12 11 14 13 5 8 7 2 4 7 6 6 18 35 33 10 10 48 43 25 6 22 34 45 58 45 50 28 33 55 38 22 19 20 58 23 18 30 17 10 4 25 14 38 13 16 6 3 3 5 13
4 1 1 1 4 3 4 7 7 7 14 5 3 2 3 2 2 2 1 10 6 7 7 7 28 17 33 27 14 22 22 33 38 61 64 50 72 40 55 24 38 19 12 9 17 16 28 16 16 5 6 5 5 5 9 7 6 11 28 33 36 10 16 22 14 17 42 11 33 52 55 38 39 18 44 54 29 16 15 66 75 31 11 35 18 4 3 6 31 19 15 11 4 3 3 12
3 1 0 1 7 4 1 3 3 2 1 3 7 3 1 2 2 2 2 7 19 14 15 11 28 9 18 37 20 13 41 59 62 25 14 73 66 33 33 31 38 43 18 7 5 13 9 3 4 3 8 4 5 5 5 5 3 6 13 10 11 14 9 10 12 31 45 6 29 18 41 49 35 11 10 33 30 38 16 36 70 41 32 9 16 6 1 4 25 33 4 17 7 3 3 8
4 1 0 2 7 6 3 7 17 4 12 5 5 27 17 8 7 6 5 27 16 25 21 14 28 24 14 40 44 26 21 20 9 8 9 24 37 45 21 37 33 42 29 22 12 3 2 1 1 1 2 2 1 2 3 1 2 2 3 7 16 13 10 16 36 34 25 10 19 20 19 32 25 23 13 46 42 27 21 8 37 38 19 33 8 4 2 2 2 12 3 7 5 2 1 2
7 4 1 2 10 8 6 3 22 9 3 10 16 20 24 24 46 10 14 12 30 34 54 31 21 23 45 33 59 37 18 12 25 25 16 2 9 37 35 14 27 42 48 45 20 13 7 4 3 3 1 1 1 0 0 0 0 1 4 9 23 14 22 25 14 35 17 22 24 20 13 19 34 36 8 31 36 20 21 12 20 36 11 4 16 7 3 2 2 3 4 4 5 2 1 1
21 12 4 5 15 4 10 3 9 14 12 12 25 33 43 24 44 49 17 17 48 75 76 83 74 66 65 46 65 50 69 68 73 45 21 19 21 16 12 24 46 31 37 38 40 31 23 13 9 8 3 3 3 2 2 2 2 2 8 19 18 16 14 15 13 28 27 38 12 28 10 8 26 17 7 19 17 8 10 8 7 11 28 4 5 2 2 1 1 2 1 2 1 1 1 1
17 10 18 18 18 4 8 6 18 26 21 15 15 50 63 48 48 77 59 74 77 78 84 83 74 80 76 71 76 81 54 26 44 52 45 23 30 25 10 8 32 37 41 54 40 35 33 23 17 14 10 8 8 7 3 5 3 4 9 9 14 9 6 8 7 33 18 31 23 22 6 8 12 15 8 16 12 17 5 7 6 2 8 3 2 4 1 1 0 1 1 1 1 1 1 1
10 20 17 14 22 21 24 17 23 38 36 54 46 55 69 85 80 68 77 40 48 56 67 80 75 71 79 79 80 81 25 15 15 14 30 34 44 25 31 23 21 47 50 39 34 32 24 49 34 21 15 13 11 10 9 9 9 2 5 6 8 5 7 12 26 39 32 15 21 8 8 4 9 9 8 5 4 7 8 4 5 3 5 3 1 4 1 1 0 0 1 1 1 1 0 0
14 33 20 14 27 23 25 24 33 56 70 79 86 87 90 89 80 78 84 68 39 20 51 68 49 45 35 59 63 57 41 9 9 6 8 14 26 22 25 31 12 23 28 27 14 12 7 14 18 20 28 26 17 15 12 20 11 3 3 4 3 7 19 25 30 20 10 11 7 14 10 14 5 5 4 3 3 3 6 3 2 2 2 1 1 1 1 1 1 0 0 0 0 1 0 0
17 34 15 20 48 43 39 56 71 82 87 86 84 87 83 90 78 78 90 45 73 36 21 40 28 16 20 21 24 26 47 31 22 5 8 4 13 10 10 24 20 16 33 11 15 11 6 10 10 6 5 5 4 8 8 3 15 7 5 4 5 9 18 23 22 14 6 13 19 10 10 6 5 3 3 1 2 1 2 2 2 2 1 1 1 0 0 0 0 0 0 0 0 0 0 0
10 42 39 37 49 66 75 82 77 88 82 90 74 88 80 84 63 68 86 75 36 43 22 11 11 8 4 3 11 13 18 57 29 9 11 8 23 43 38 24 25 15 12 6 4 7 6 2 1 2 2 8 17 16 8 7 18 9 15 4 7 10 15 11 16 6 3 7 14 12 6 4 2 3 2 1 0 0 1 1 1 1 0 0 0 0 0 0 0 0 0 0 1 0 0 1
32 51 67 67 82 89 85 86 82 83 78 90 77 77 59 75 60 72 74 77 24 46 44 18 12 3 3 1 4 6 6 14 19 11 11 14 8 16 16 17 12 11 11 16 15 8 8 4 5 6 18 39 35 21 34 6 20 17 4 1 1 6 4 12 7 7 3 2 2 3 3 3 1 0 0 1 1 0 1 1 1 1 1 1 1 1 1 1 1 1 0 0 2 1 1 1
61 74 78 84 83 81 86 81 82 72 87 68 43 56 52 51 58 61 64 70 32 18 25 16 14 8 3 5 11 13 13 24 18 7 22 17 24 22 34 22 35 21 30 29 30 25 17 13 10 13 23 49 59 57 48 21 23 20 8 10 5 1 1 1 1 1 2 1 1 1 1 1 1 2 3 3 5 3 5 2 2 3 2 3 2 6 2 1 2 2 1 1 2 1 1 3
78 83 84 74 83 82 87 74 72 53 65 16 29 21 27 40 41 31 32 55 32 13 6 5 8 12 12 10 15 6 38 44 42 30 40 42 37 32 35 35 36 37 35 33 45 30 33 18 8 37 36 42 58 45 34 27 49 27 20 32 19 11 10 9 9 7 13 7 5 4 4 5 9 9 9 4 8 7 7 6 6 6 5 4 10 5 3 2 3 1 2 1 3 2 5 5
23 33 57 50 70 67 77 72 38 8 4 5 12 7 7 8 8 15 33 47 28 8 10 18 9 9 35 25 38 30 39 43 45 41 41 63 51 28 51 45 42 54 51 47 35 32 38 26 20 30 44 43 58 69 52 51 40 29 38 37 27 28 27 27 24 18 26 17 12 6 10 12 11 11 18 12 12 19 10 14 14 9 10 9 19 6 5 4 4 4 3 2 5 6 7 12
29 18 12 12 7 8 25 28 27 9 5 7 12 11 4 2 2 4 14 21 13 8 34 10 25 37 49 42 56 42 40 36 56 48 34 52 50 31 46 52 43 59 40 36 37 39 56 38 25 28 49 50 30 77 58 68 39 42 50 37 48 33 28 29 28 15 32 19 9 14 15 15 24 15 22 15 15 24 22 20 12 11 18 13 13 9 6 7 5 5 5 5 18 11 9 9
49 63 50 22 21 15 4 10 13 5 10 12 9 4 2 3 1 8 6 11 20 39 47 24 47 42 52 49 40 18 7 20 43 43 35 48 33 39 49 58 60 39 43 38 37 57 46 30 43 38 55 65 45 78 74 41 70 62 55 37 45 37 51 47 29 30 24 21 18 10 19 28 29 19 29 29 20 32 18 26 18 26 27 34 18 9 4 12 9 9 13 16 21 7 20 10
59 42 38 26 14 11 11 11 21 23 23 21 14 4 4 9 11 13 18 30 60 61 61 39 46 36 37 47 47 41 25 20 42 36 48 36 31 41 38 54 25 20 48 52 42 75 47 49 57 34 66 42 75 78 51 61 76 63 39 53 39 52 48 36 21 35 30 26 13 25 42 50 41 25 35 39 39 41 23 20 24 36 34 24 15 7 7 18 13 7 23 29 25 9 6 31
33 46 50 37 36 20 35 30 40 42 43 48 30 22 16 27 15 23 39 48 61 48 26 45 59 40 23 35 49 46 36 22 33 43 25 54 36 63 48 35 39 26 53 37 33 78 58 58 45 36 50 76 74 60 54 49 64 74 44 58 56 63 51 28 51 44 46 29 12 33 45 70 52 36 43 51 51 34 29 19 34 62 49 36 27 10 23 44 24 9 19 47 44 16 8 33
60 65 36 38 23 36 49 40 38 56 51 50 43 37 38 34 34 44 48 51 60 48 46 56 44 31 32 49 37 47 26 39 25 20 50 56 58 43 47 33 35 20 54 19 17 56 60 61 38 46 58 45 76 25 20 16 39 63 36 66 73 59 52 69 53 50 29 13 19 52 58 80 66 46 52 65 75 45 46 23 47 71 44 29 23 17 37 57 34 17 13 62 72 40 20 31
37 50 32 51 36 48 51 52 51 48 63 56 46 43 63 30 36 51 48 49 60 57 36 59 42 43 48 42 41 54 27 45 28 28 29 57 27 39 29 47 36 35 43 26 47 45 74 58 27 44 62 59 58 36 31 21 29 40 30 73 77 68 67 70 30 47 18 16 26 59 73 77 74 57 64 73 82 41 52 25 53 82 56 25 20 26 49 68 46 27 19 56 70 53 17 38
32 44 63 44 30 40 54 41 38 43 66 51 42 56 41 39 27 48 58 39 37 49 55 55 40 39 33 29 29 76 33 52 30 34 39 59 49 38 26 36 26 44 35 28 45 40 56 32 37 26 41 77 63 49 32 34 62 32 37 68 60 65 84 47 56 46 28 31 46 47 76 77 78 49 57 76 63 41 64 33 45 74 61 49 30 33 60 75 53 36 26 44 67 43 32 45
22 23 44 23 19 17 41 35 25 36 37 38 33 46 40 35 38 37 49 43 36 22 36 51 48 41 49 28 24 35 49 67 31 26 43 64 37 21 25 37 27 43 32 30 38 44 43 30 27 29 29 60 23 30 41 36 56 27 49 57 48 69 39 52 75 39 35 36 59 48 67 85 65 39 61 78 66 47 70 43 52 74 50 48 47 35 36 74 74 44 29 49 70 49 35 50
7 19 11 12 16 16 32 40 19 39 35 44 43 32 29 42 32 32 36 43 25 21 20 47 51 36 50 19 26 48 40 53 20 27 42 34 27 36 28 46 53 23 28 49 45 29 20 59 26 21 20 38 14 24 30 56 52 65 55 32 28 22 43 75 37 47 58 33 45 55 51 76 39 36 58 75 50 50 64 32 64 68 48 52 53 56 26 35 78 44 37 45 71 63 53 45
5 6 8 9 20 8 13 13 20 28 24 42 32 27 31 31 27 22 22 30 33 17 42 34 46 40 37 33 8 26 51 60 9 19 26 56 22 11 19 24 53 29 25 16 20 30 29 8 25 32 28 45 39 21 38 41 72 59 44 66 50 29 60 39 58 66 34 37 43 62 36 70 30 36 48 71 41 65 65 33 50 52 40 66 67 64 39 34 76 58 37 52 60 45 53 42
2 3 7 9 15 5 15 14 17 24 27 46 26 17 19 26 31 39 22 10 12 10 50 9 25 38 33 26 11 23 23 25 4 6 37 10 7 6 33 9 42 22 28 18 26 27 22 55 67 81 75 54 59 52 39 56 62 45 47 52 42 46 54 28 63 35 41 42 49 69 35 56 38 56 28 48 36 61 45 36 61 39 40 56 71 39 51 33 52 45 53 41 71 75 76 64
3 2 7 3 4 18 4 5 13 18 28 30 16 26 9 31 8 28 21 10 6 17 25 19 24 32 29 35 7 7 5 16 21 24 11 9 18 19 28 20 24 27 32 53 31 71 45 81 56 67 48 48 55 75 79 66 62 26 33 63 43 45 20 28 57 40 42 46 56 65 70 59 61 51 39 71 35 69 35 34 74 32 69 62 70 46 59 46 43 66 62 72 71 76 80 89
1 2 1 1 2 5 18 4 10 8 5 9 5 14 10 17 12 22 20 24 15 22 19 31 9 11 19 14 22 26 7 4 11 11 50 56 42 41 66 80 62 65 60 82 59 46 77 80 40 67 53 43 54 75 73 58 66 67 57 79 61 69 69 47 50 57 62 55 47 49 66 69 59 80 85 80 80 90 84 65 69 75 77 74 40 86 86 73 68 38 56 46 57 79 61 65
1 1 2 3 10 31 7 4 1 0 1 3 5 16 15 16 13 26 13 13 17 18 17 33 20 13 7 6 8 6 5 9 13 3 8 47 62 18 28 70 70 71 51 79 87 46 49 60 69 63 72 25 35 75 79 45 84 79 91 86 50 69 57 65 57 71 57 75 77 22 34 72 73 39 69 81 58 79 61 86 52 70 81 72 50 83 77 63 88 80 65 38 51 67 48 36
0 0 2 0 1 2 1 1 0 3 4 4 17 12 7 14 6 18 7 10 16 11 19 24 17 11 4 5 16 20 10 2 6 6 5 12 22 11 14 48 61 32 70 85 74 31 48 35 52 53 68 32 37 63 61 75 66 60 77 84 55 20 38 72 73 78 72 65 64 72 25 64 82 42 67 83 34 26 37 86 80 55 49 57 69 73 73 78 88 77 50 69 33 28 62 67
1 1 1 0 1 3 3 1 0 2 4 8 5 9 5 11 9 10 7 7 6 12 16 9 12 15 2 3 6 11 8 4 11 4 6 5 9 44 22 56 33 55 44 47 83 62 37 23 45 45 56 59 32 70 72 89 51 77 91 90 76 20 54 63 66 83 74 80 55 80 45 35 72 43 66 84 53 41 30 74 66 71 19 19 33 69 78 71 79 67 28 75 48 33 48 60
1 1 0 1 0 1 2 2 2 2 4 8 7 3 9 15 8 9 4 5 10 11 5 5 7 6 1 2 4 9 8 7 6 6 8 12 10 15 48 80 46 64 42 65 67 74 42 39 59 51 84 85 52 69 87 92 63 87 91 83 78 44 76 81 64 57 47 38 60 84 49 30 54 31 68 73 88 45 52 83 62 74 67 29 26 44 65 59 59 41 63 89 48 29 17 16
0 1 0 0 3 0 1 4 1 1 5 4 3 4 6 12 14 7 5 8 3 5 3 3 6 9 3 4 14 18 24 14 12 19 27 30 21 28 63 57 61 30 26 71 75 51 31 27 42 55 76 70 71 51 77 90 68 74 83 79 84 76 77 88 46 51 61 37 63 77 73 48 16 34 80 76 82 72 44 85 45 63 76 49 26 22 53 44 47 21 74 88 67 44 41 14
7 0 0 0 0 0 1 1 1 2 5 5 1 2 4 7 7 3 3 3 5 3 2 2 4 7 8 24 48 9 13 10 39 35 31 31 13 31 46 47 73 39 57 35 85 41 45 38 22 42 68 67 50 28 31 66 69 78 84 82 91 78 79 79 78 56 60 46 50 59 83 61 31 28 65 76 83 81 58 69 63 57 64 78 43 24 15 18 17 31 70 52 79 47 39 19
1 1 2 1 1 0 1 1 0 1 3 3 1 1 6 4 2 3 2 4 7 4 3 6 1 3 2 4 22 9 8 37 24 25 52 34 19 11 5 26 27 19 7 7 35 34 70 59 23 15 38 19 31 17 14 23 23 60 65 65 72 74 66 64 88 53 54 44 14 68 93 47 31 26 67 58 56 66 38 49 51 21 64 79 63 37 9 10 12 22 13 36 83 46 27 27
0 1 3 4 9 0 1 0 0 1 2 0 0 0 3 1 1 2 3 2 7 4 3 6 17 38 10 7 10 11 18 19 42 48 39 30 28 34 16 8 14 35 17 8 15 22 32 43 41 16 18 15 31 18 20 38 29 17 27 47 47 22 31 64 91 74 41 41 50 73 88 55 24 14 28 40 60 45 55 59 50 14 44 64 77 28 15 7 27 32 19 37 89 60 52 48
0 2 1 6 6 9 3 1 5 1 4 0 0 0 1 1 1 1 1 5 1 17 5 6 28 41 26 6 7 24 25 17 33 44 21 11 36 37 15 14 16 46 28 17 25 22 23 18 18 9 17 41 48 45 38 36 26 20 17 12 4 2 13 74 78 77 52 24 30 67 78 73 63 26 16 36 51 36 35 22 45 30 20 65 72 54 18 9 28 23 43 79 81 83 61 50
2 5 9 3 4 9 18 1 1 1 2 15 2 1 2 1 0 2 1 0 0 2 2 4 16 32 15 35 34 46 22 16 42 24 36 37 27 42 22 31 24 38 41 24 13 39 23 27 18 7 14 49 59 67 61 54 41 35 32 26 31 27 27 48 50 62 51 18 9 35 37 74 76 34 14 37 49 32 18 29 54 25 17 15 67 74 18 7 29 39 39 65 41 78 42 20
0 1 1 7 8 7 3 1 2 3 16 19 15 6 7 9 1 2 1 1 1 1 4 3 7 9 20 33 39 26 17 21 15 8 42 42 16 19 29 48 35 43 35 27 10 17 50 38 25 15 13 30 67 69 69 68 54 53 47 46 69 72 76 64 50 50 41 24 9 6 30 42 79 56 49 15 30 35 16 3 12 19 20 33 51 74 33 12 6 19 24 22 68 74 87 46
0 0 1 6 22 18 52 5 13 4 6 3 15 17 11 6 6 0 0 1 1 3 2 4 11 6 14 19 16 13 8 29 45 31 48 32 28 38 54 29 49 46 26 32 39 39 50 50 35 24 12 16 33 59 58 68 67 63 43 34 26 40 46 50 61 57 61 51 29 2 8 39 47 55 47 37 22 9 12 11 31 21 9 15 14 54 51 11 4 10 15 20 18 56 54 62
17 8 3 3 2 24 9 3 4 27 7 8 3 5 3 2 6 1 1 1 1 1 3 12 22 4 14 24 20 28 28 61 39 23 28 37 25 27 19 8 16 47 63 42 59 48 40 37 36 36 30 12 8 10 39 38 35 53 56 47 43 38 24 26 28 48 56 55 53 42 27 50 42 60 30 27 21 11 18 11 9 10 6 21 16 48 61 9 3 13 20 14 16 19 55 64
16 21 16 4 2 18 41 26 5 7 7 5 1 4 2 2 3 6 1 2 2 4 4 14 10 12 5 7 8 8 5 10 11 29 24 24 28 30 35 32 20 8 18 62 63 72 62 46 41 20 27 25 14 6 12 18 15 12 22 28 30 41 42 30 14 17 39 48 50 35 40 62 38 64 45 28 23 24 12 6 6 12 5 9 15 11 44 16 3 6 16 18 7 5 49 63
6 6 57 26 8 21 9 39 30 18 22 4 1 9 5 11 8 9 3 4 2 5 9 7 8 9 12 37 23 13 19 34 23 27 32 49 48 51 47 50 51 40 21 13 11 50 58 53 35 23 16 23 14 6 2 2 2 3 2 3 5 14 12 18 19 8 8 16 15 15 36 35 35 29 29 28 36 28 14 16 13 10 4 5 22 29 16 24 5 1 10 15 9 29 72 21
5 6 21 11 9 9 2 1 49 69 67 55 6 15 7 3 2 17 4 6 4 4 6 6 19 8 20 28 17 22 38 42 23 30 39 47 44 52 47 49 52 43 57 47 42 23 11 8 27 29 33 9 7 4 7 12 11 10 10 8 7 2 2 2 3 2 2 1 2 7 12 21 18 14 10 8 8 21 18 13 9 4 12 10 10 17 15 26 14 2 2 11 32 66 31 62
11 9 15 53 30 9 10 6 5 70 10 12 16 9 12 12 10 1 4 8 1 1 1 8 12 9 9 9 8 11 10 12 26 34 33 38 56 63 46 57 61 63 58 56 56 41 34 29 17 9 6 4 5 15 19 29 28 27 21 28 8 2 2 8 8 12 5 5 1 1 2 8 6 4 4 4 5 8 12 19 15 4 3 3 4 4 10 17 25 4 2 10 65 29 31 39
15 11 17 29 20 28 38 7 2 3 1 2 4 6 9 44 5 10 9 12 3 1 2 4 3 4 12 11 18 13 12 14 20 29 43 46 46 47 44 64 60 46 41 41 45 32 29 38 28 23 25 25 24 40 38 36 49 48 44 32 11 8 9 19 17 9 12 5 1 2 2 1 0 1 1 1 2 2 1 2 3 2 2 1 1 1 5 11 9 5 2 31 29 12 46 35
33 18 9 4 28 27 68 42 32 28 17 9 3 5 29 14 52 37 16 11 27 13 10 2 1 3 7 7 5 8 7 24 36 19 7 21 51 51 32 28 41 49 37 28 37 28 37 39 43 37 43 27 29 46 57 58 55 57 59 43 20 19 29 27 32 32 30 16 6 4 1 1 0 1 1 3 7 4 2 2 1 1 0 1 1 1 2 4 11 10 3 41 5 4 29 38
30 27 22 33 24 35 25 17 17 57 19 35 7 13 26 47 68 47 20 19 34 7 8 12 7 5 9 2 5 6 24 7 7 10 18 24 48 65 58 59 56 45 54 43 48 39 44 45 47 29 57 50 47 42 58 61 77 74 67 46 19 42 38 52 49 62 46 31 18 7 4 4 5 6 8 14 19 11 5 6 9 9 3 1 2 1 0 1 3 11 7 26 4 3 26 54
33 31 9 7 30 24 62 50 31 29 45 58 34 17 34 75 70 43 20 42 8 26 5 8 5 3 1 13 2 8 7 3 3 23 18 25 33 48 56 56 57 39 41 44 45 48 51 64 53 40 48 64 48 50 66 75 80 69 51 38 36 49 60 61 59 73 59 38 26 10 16 16 17 22 23 23 34 20 17 18 16 13 6 10 8 3 2 0 1 4 3 4 4 2 8 19
28 39 28 9 44 49 60 51 77 56 41 21 11 51 64 58 50 32 27 69 12 45 8 10 9 6 6 13 18 3 5 6 8 21 25 34 40 63 43 60 62 47 24 46 45 44 55 70 62 37 38 66 62 52 66 80 76 61 44 33 35 67 64 65 78 72 54 42 18 14 24 24 25 37 36 49 50 46 28 29 40 25 20 27 15 11 4 1 0 2 2 5 3 1 3 6
30 9 28 13 5 52 35 25 42 64 56 45 9 36 70 49 10 19 52 69 13 64 12 11 33 25 5 17 23 30 9 3 8 8 26 20 14 18 29 26 52 36 47 45 48 31 64 47 69 37 70 60 60 49 74 85 65 58 39 52 52 64 61 74 80 71 58 52 23 37 49 50 29 50 63 58 60 48 39 46 54 45 33 33 10 6 2 1 1 0 1 2 2 0 2 1
24 24 17 28 8 18 58 69 70 49 26 30 13 25 50 62 27 48 82 58 24 64 21 13 11 23 13 31 26 8 25 38 10 10 13 20 6 18 13 32 40 34 36 54 42 42 47 55 35 39 83 37 59 50 82 60 55 60 37 48 48 61 72 80 65 71 56 41 32 49 61 60 36 61 58 71 73 58 49 54 71 51 47 17 6 6 5 5 4 1 0 0 1 1 0 1
40 21 27 21 26 25 35 52 45 57 59 33 60 19 10 6 48 88 80 50 50 40 37 39 43 20 10 25 31 30 26 7 9 5 10 3 5 11 14 44 21 38 42 44 26 34 37 45 54 59 33 28 58 75 49 62 48 36 41 41 39 57 82 69 69 53 37 39 54 68 66 66 55 65 48 53 66 43 55 60 73 35 16 13 15 16 22 9 5 1 1 0 0 0 0 0
36 34 27 24 57 35 60 79 46 43 40 55 65 66 10 4 19 26 23 11 32 58 46 24 17 24 19 23 20 15 6 1 6 11 1 5 9 11 22 21 19 15 43 13 17 15 22 49 15 17 23 32 46 62 48 41 22 31 53 53 42 77 71 71 62 64 45 42 53 70 66 54 56 66 52 27 76 58 61 76 42 38 28 29 50 47 23 8 6 4 1 1 1 0 0 0
