sesion_6_simulaciones/modelos_agentes/ejemplos_netlogo/scenarios/echam4_a2/rob_2048.asc
NCOLS 322 
NROWS 307 
XLLCORNER 451900 
YLLCORNER 4086900 
CELLSIZE 100 
NODATA_value -9999 
[rows 219 to 291 of 307, columns 192 to 287 of 322]
13 12 4 3 2 2 2 2 1 1 0 0 0 0 0 0 0 0 0 0 0 0 1 1 0 0 0 0 1 1 1 2 8 22 53 55 39 55 47 36 48 52 52 52 43 35 24 59 47 29 31 27 27 33 6 51 38 17 18 35 52 58 48 82 79 82 81 50 30 25 59 61 77 35 4 2 1 0 0 0 0 0 0 0 0 0 0 0 1 1 1 2 2 3 6 5
21 8 8 13 9 4 3 2 1 0 0 0 0 0 0 0 0 0 0 1 1 0 0 1 1 1 0 1 1 2 2 2 8 18 39 31 52 41 42 37 50 46 39 57 39 26 28 23 31 17 39 28 16 19 30 13 10 22 14 48 66 60 55 82 89 81 81 90 77 51 37 37 46 25 16 4 2 0 0 0 0 0 0 0 0 0 0 1 1 1 2 2 4 4 4 11
5 2 1 7 4 2 2 1 0 0 0 0 0 0 0 0 0 0 0 1 1 2 2 2 2 1 1 2 2 2 3 3 5 17 24 23 21 34 41 36 59 51 53 65 45 41 40 32 39 17 50 23 11 8 29 37 5 11 39 36 45 32 20 59 84 68 72 83 91 76 24 8 4 6 7 1 0 0 0 0 0 0 0 0 0 0 0 0 0 1 2 1 2 3 5 8
3 3 2 1 4 2 1 1 0 0 0 0 0 0 0 0 0 0 0 0 1 2 8 5 3 4 3 3 8 9 4 5 19 18 19 14 23 41 38 41 43 35 39 58 36 45 47 27 35 48 37 33 12 11 15 14 13 36 58 57 39 34 44 28 62 80 71 64 78 81 45 25 8 2 1 0 0 0 0 0 0 0 0 0 0 0 0 0 0 1 2 2 3 3 5 3
13 12 7 5 2 1 1 1 0 0 0 0 0 0 0 0 0 0 0 1 1 4 8 13 6 9 8 7 12 14 9 11 21 23 24 15 26 22 31 33 38 31 40 58 43 29 45 29 38 32 27 15 17 14 7 9 12 26 26 28 23 36 44 32 39 64 57 52 69 74 47 16 7 2 0 0 0 0 0 0 0 0 0 0 0 0 0 0 0 1 1 2 3 4 5 7
15 10 9 6 3 2 2 1 0 0 0 0 0 0 0 0 0 1 0 1 1 5 11 24 19 13 12 19 17 30 30 18 20 22 26 18 28 14 29 30 23 30 36 56 64 29 42 37 20 16 21 19 24 7 4 12 15 33 17 36 37 41 46 45 20 26 7 4 10 49 58 18 5 1 1 0 0 0 0 0 0 0 0 0 0 0 0 1 1 1 1 3 3 4 6 14
7 6 4 3 1 1 1 1 0 0 0 0 0 0 0 0 1 1 1 1 2 3 7 18 26 27 21 23 22 35 65 43 28 28 16 19 24 21 41 24 20 21 32 37 53 49 18 29 10 9 9 6 15 13 2 10 14 13 24 44 51 46 57 48 22 26 16 20 7 7 25 10 3 2 1 1 1 0 0 0 0 0 0 0 0 0 0 1 1 1 1 4 4 4 6 10
8 5 3 1 0 1 1 0 0 0 0 0 0 0 0 1 1 2 2 3 2 4 10 13 28 55 34 32 33 24 43 57 29 39 30 33 39 38 25 26 15 21 21 22 26 34 23 44 30 9 30 23 10 7 3 7 34 32 36 45 62 53 48 32 25 24 30 38 17 10 8 2 3 2 2 2 1 0 0 0 0 0 0 0 0 0 1 0 0 1 1 1 4 6 6 10
5 8 4 4 2 1 1 0 0 0 0 0 0 0 1 1 1 1 3 7 8 11 14 17 29 56 67 41 57 34 43 57 41 28 48 49 38 33 33 29 8 14 13 21 31 34 43 54 61 21 18 17 12 5 7 10 21 20 38 53 55 39 35 26 52 42 48 38 19 12 4 3 4 5 4 3 2 1 1 0 0 1 1 0 0 0 0 0 0 1 1 1 2 2 6 10
8 4 2 2 1 0 0 0 0 0 0 0 0 0 1 1 0 1 5 8 17 28 45 31 34 49 77 38 58 37 41 57 23 25 46 47 50 45 35 31 20 21 18 15 33 37 35 52 44 42 28 18 13 8 24 39 35 42 54 67 47 28 31 47 75 66 40 27 18 9 9 7 9 7 9 4 3 2 0 0 0 1 1 1 1 1 0 1 1 1 2 2 2 3 4 10
8 4 2 1 1 1 0 0 0 0 0 0 0 0 0 0 0 1 2 5 8 22 45 63 55 50 67 65 73 43 63 36 22 22 33 52 52 52 28 29 30 32 21 19 24 37 39 37 30 26 34 32 15 18 24 22 41 27 40 14 27 51 54 78 71 50 37 24 27 26 20 15 14 16 5 4 2 1 1 0 0 1 2 1 1 1 1 1 1 1 1 2 6 5 8 11
3 2 2 0 0 0 0 0 0 0 0 0 0 0 0 1 2 1 2 4 13 21 41 43 64 63 72 76 68 40 54 27 22 49 35 48 51 38 33 42 40 43 20 21 43 41 50 39 44 20 19 17 13 4 11 8 70 41 20 34 46 47 55 47 31 26 28 29 21 25 35 33 20 6 2 1 1 1 0 0 0 0 2 1 1 1 3 5 1 1 1 3 3 4 7 12
1 1 1 0 1 0 0 0 0 0 0 0 0 1 1 3 2 2 4 10 12 23 41 54 51 58 64 62 64 62 70 38 28 40 50 39 48 42 36 36 39 26 31 20 22 27 42 46 40 29 12 13 9 10 19 21 7 76 76 49 30 16 34 31 41 34 25 17 10 31 59 35 12 5 2 1 0 0 0 0 0 1 1 1 2 1 2 3 5 1 1 3 4 6 6 11
1 0 0 0 1 0 0 0 0 0 0 0 0 1 2 2 1 3 7 9 11 33 52 63 49 54 65 57 75 82 52 43 42 57 35 51 49 46 42 40 38 33 50 16 31 30 39 34 22 10 26 12 16 18 27 49 33 27 37 43 22 42 27 29 26 31 28 11 19 35 36 15 10 6 2 1 0 0 0 1 0 1 0 3 3 1 1 1 9 2 2 4 5 6 5 7
1 1 0 0 0 0 0 0 0 0 0 0 0 0 1 1 3 5 10 25 17 20 61 52 69 56 61 65 25 79 55 50 41 57 47 36 41 50 43 42 41 33 59 18 18 57 38 32 30 17 33 13 14 35 45 17 44 44 24 12 24 13 22 28 26 27 17 47 36 14 23 10 6 4 2 0 0 0 0 0 1 1 1 1 2 2 1 3 4 5 4 2 3 11 8 7
1 1 1 0 0 0 0 0 0 0 0 0 0 0 1 1 2 4 11 24 39 47 71 57 70 69 71 63 69 62 80 46 39 48 42 20 27 46 50 55 40 18 38 45 11 27 29 53 28 27 31 21 14 28 21 21 11 13 18 34 28 31 28 42 19 21 34 17 12 18 14 8 5 1 0 0 0 0 1 0 1 1 1 2 4 6 1 2 5 6 18 8 2 5 15 11
0 1 0 0 0 0 0 0 0 0 0 0 0 0 1 1 1 4 11 21 40 34 51 17 36 59 57 25 24 46 74 36 45 77 41 39 46 53 32 12 23 10 38 44 12 34 48 29 10 20 31 25 15 23 18 9 33 36 49 32 16 24 51 61 43 35 52 47 38 24 12 7 2 1 0 0 1 1 2 1 1 1 1 2 5 4 9 3 7 4 2 12 4 4 6 11
1 0 1 0 0 0 0 0 0 0 0 0 0 0 0 0 1 2 8 16 23 17 17 45 40 42 29 33 46 46 62 60 63 64 58 52 48 42 42 21 30 28 31 47 10 21 37 30 15 12 14 23 20 20 7 21 38 15 21 28 31 53 62 64 65 59 38 25 32 18 32 10 3 1 0 0 0 1 1 1 1 1 2 1 2 5 5 11 9 9 6 15 7 1 5 5
1 0 0 0 0 0 0 0 0 0 0 0 0 0 0 0 1 2 3 4 8 37 39 34 44 53 47 35 41 51 47 47 61 61 41 46 41 44 48 18 45 36 27 47 9 14 33 24 34 30 11 10 29 23 14 22 25 19 47 33 60 44 45 70 80 49 39 16 35 12 7 5 1 1 1 1 1 2 2 2 3 2 2 2 3 2 5 14 24 30 6 5 10 5 8 16
0 0 0 0 0 0 0 0 0 0 0 0 0 0 0 0 0 1 2 5 10 17 28 24 21 35 49 35 46 33 43 49 50 70 50 58 40 55 34 38 21 31 17 35 10 8 18 18 19 28 28 11 14 4 16 8 8 30 35 30 40 31 57 64 65 69 37 12 7 6 4 1 0 1 2 2 1 1 4 4 8 3 3 3 3 3 2 2 3 8 22 19 13 9 9 15
0 0 0 0 0 0 0 0 0 0 0 0 1 1 0 1 2 1 1 4 10 18 17 27 34 48 36 30 37 36 21 25 46 37 32 60 26 48 34 30 30 31 62 38 14 16 28 41 16 10 12 11 4 19 5 10 22 53 49 72 70 53 37 44 39 26 25 23 11 5 1 0 1 3 2 5 1 2 5 9 6 10 5 4 5 4 6 4 4 6 14 12 10 36 11 21
0 0 0 0 0 0 0 0 0 0 0 1 1 1 1 1 2 2 3 2 6 4 9 13 17 30 25 20 26 28 37 36 22 19 12 58 32 59 25 37 27 24 64 44 29 18 49 29 29 20 10 29 11 28 19 33 36 16 34 39 44 38 23 32 45 31 34 12 12 5 3 0 1 2 3 5 7 2 3 6 8 14 8 11 6 3 4 8 2 1 2 3 4 16 24 13
0 0 0 0 0 0 0 0 0 0 1 1 1 1 3 1 2 5 4 8 16 20 31 38 43 39 39 54 56 40 47 61 57 36 48 41 61 50 26 30 23 17 14 44 23 10 19 24 26 16 21 34 49 58 85 74 74 64 66 42 44 43 48 57 44 29 20 12 9 4 1 0 2 3 6 6 8 6 7 12 8 16 10 16 8 4 5 9 12 3 6 8 5 3 4 8
0 0 0 0 0 0 0 0 0 0 1 1 1 2 3 2 1 2 8 16 29 27 38 52 63 70 68 59 77 63 45 43 37 25 15 16 33 35 40 27 29 10 12 36 13 11 11 23 11 21 4 3 6 8 25 42 83 83 61 58 46 42 22 50 35 22 17 11 2 1 0 1 3 4 3 5 7 12 9 15 9 5 22 21 10 5 6 13 11 5 7 12 9 20 24 33
0 0 0 0 0 0 1 1 1 1 0 0 1 2 2 5 1 1 3 7 19 39 20 45 44 60 66 52 11 29 46 32 21 20 25 35 38 20 43 14 25 11 5 23 16 19 6 6 5 13 11 8 9 9 10 9 27 58 73 77 82 43 36 26 20 17 16 13 8 2 1 2 6 6 5 7 22 17 16 17 19 7 8 33 17 7 6 10 9 7 12 6 15 21 31 40
0 0 0 0 0 1 1 1 1 1 0 1 1 2 2 4 2 1 3 5 11 16 14 32 28 27 26 17 14 16 27 23 22 29 25 16 26 40 33 6 16 21 5 11 12 5 3 17 12 12 25 16 22 29 29 34 38 54 46 36 49 78 59 42 35 30 27 12 5 2 1 6 7 12 13 8 16 24 19 13 13 12 5 18 27 15 15 6 16 9 16 18 11 24 24 19
0 0 0 1 1 1 1 1 1 1 1 1 1 1 3 2 5 1 1 1 4 4 10 13 18 33 30 36 42 28 40 21 22 36 29 22 22 15 8 8 16 20 56 24 8 10 3 11 12 9 26 34 18 37 54 30 26 24 28 20 20 37 56 52 40 24 22 11 3 1 3 7 8 12 15 17 11 31 22 34 16 27 18 16 47 22 29 11 18 17 20 32 20 22 19 28
0 0 1 1 1 1 1 1 2 2 1 1 1 3 5 4 4 1 2 3 3 3 9 13 21 28 35 32 34 51 46 47 40 58 18 15 17 23 21 18 42 36 11 11 36 13 6 9 8 41 50 13 33 30 25 28 44 40 48 31 26 23 23 25 26 19 10 8 3 2 4 9 9 16 14 14 13 20 30 39 28 18 28 17 50 16 18 24 13 33 20 22 22 15 18 18
0 1 1 1 2 1 1 2 3 3 1 1 2 2 8 18 2 2 2 7 8 11 8 11 16 18 30 21 26 38 40 33 27 28 29 30 23 32 30 19 10 8 5 3 7 16 18 9 41 56 11 7 11 38 36 32 30 39 27 25 30 23 21 14 12 9 8 4 3 3 7 10 11 12 14 13 18 22 34 29 27 25 27 42 54 17 23 26 16 35 25 12 31 12 7 16
1 1 1 2 2 1 2 3 6 5 1 1 1 4 6 7 2 3 2 5 11 12 11 7 8 8 20 26 27 35 27 24 29 28 26 25 24 19 17 20 12 8 5 4 6 3 5 27 9 28 10 12 12 11 22 75 47 51 40 36 27 23 17 13 10 8 7 3 3 4 7 10 7 13 11 21 27 18 23 46 36 42 42 43 55 35 39 17 41 34 10 19 25 11 14 19
1 1 2 5 2 1 2 3 5 11 2 1 3 3 7 13 7 4 4 11 16 24 14 18 18 7 12 17 21 19 28 18 25 26 26 15 13 7 10 12 23 22 19 14 13 18 16 5 3 7 14 31 35 30 36 20 35 37 50 47 36 22 17 16 12 9 7 3 1 8 9 11 16 15 27 22 22 30 22 17 32 32 32 47 25 80 44 16 30 30 7 20 16 30 18 24
2 4 2 6 4 2 2 4 6 9 2 1 4 5 10 11 13 1 8 15 17 32 19 21 22 29 18 16 11 13 15 26 42 31 12 25 11 25 14 14 17 22 11 8 7 10 5 5 11 24 29 26 37 33 45 14 12 13 14 28 24 25 21 20 17 15 11 4 2 9 9 9 17 21 27 10 19 16 32 15 21 21 35 23 46 71 28 20 45 17 10 21 18 29 32 30
2 3 6 6 5 5 3 4 8 18 2 4 5 9 10 17 3 2 10 15 24 36 40 24 47 30 32 31 19 21 13 47 55 32 36 21 18 24 15 12 22 8 13 5 9 9 7 7 8 24 25 18 36 42 36 14 26 35 34 40 36 32 32 34 26 23 14 5 2 11 11 11 27 16 23 35 35 25 13 28 17 26 30 39 33 57 46 38 40 19 17 28 15 17 7 38
1 2 7 7 7 6 4 5 11 12 3 7 9 22 25 9 2 2 11 16 18 41 39 45 30 31 51 38 35 33 34 42 55 47 36 39 37 20 39 21 10 16 5 3 3 7 6 7 8 13 17 25 31 26 40 37 39 47 46 50 53 53 39 28 16 11 11 3 5 13 18 15 28 30 22 24 35 24 27 9 37 11 17 38 40 57 63 73 36 21 30 25 30 32 21 47
3 3 9 11 17 9 5 6 15 14 4 4 13 28 17 4 2 6 11 16 28 33 37 42 44 36 47 41 55 53 53 38 20 25 34 34 32 14 28 24 22 14 7 6 14 7 5 15 6 5 8 15 33 50 37 35 55 55 54 36 56 34 16 22 21 14 6 4 3 11 26 17 26 31 36 29 37 24 30 25 18 40 20 8 12 35 56 69 34 44 35 29 26 46 20 20
3 5 5 9 26 14 6 9 12 18 4 4 14 27 10 4 3 7 17 16 19 25 30 37 59 33 40 39 33 52 55 40 41 30 29 17 24 25 30 20 18 10 8 12 21 10 9 12 3 3 6 24 38 25 54 60 29 37 26 28 22 20 31 32 15 13 11 3 5 7 32 20 22 23 28 39 30 30 14 27 15 44 27 20 11 10 29 45 52 70 40 36 28 40 14 18
4 10 8 7 12 26 9 13 25 7 5 6 10 35 16 5 3 11 16 18 28 43 41 55 53 46 28 33 51 45 25 54 70 53 24 23 17 20 28 18 9 16 14 10 11 4 7 5 15 11 18 23 28 43 55 40 53 31 37 39 32 28 25 19 17 17 8 4 4 11 11 37 21 21 26 27 46 43 28 48 18 17 29 25 20 17 17 34 52 56 39 39 33 37 20 30
5 7 18 15 7 19 6 16 44 8 8 16 21 27 9 7 1 5 21 24 41 31 39 57 57 51 46 18 14 17 24 22 26 11 12 22 33 20 19 31 20 14 8 7 4 2 4 5 18 19 22 28 38 43 62 58 57 44 37 45 35 39 38 22 22 18 8 6 6 21 22 24 43 20 24 27 51 42 31 24 35 19 15 39 33 19 24 24 43 47 57 37 32 23 34 18
6 9 21 29 12 32 8 17 47 19 10 24 28 16 6 2 2 4 9 25 44 47 38 39 47 62 44 19 24 19 23 22 29 21 15 8 18 25 31 27 14 12 5 8 8 4 7 3 1 3 21 21 18 34 35 28 27 52 50 44 47 25 25 23 17 18 15 4 9 22 27 22 27 11 31 31 33 48 58 48 46 26 19 17 36 21 17 31 47 79 69 35 23 21 34 16
7 9 12 34 15 28 15 14 21 28 13 32 25 5 2 3 6 9 16 32 31 37 48 28 39 47 61 27 19 20 30 28 27 26 20 27 17 21 12 6 7 12 7 7 9 6 5 1 6 11 14 30 67 51 34 61 55 73 50 36 44 42 40 36 33 17 15 9 12 26 23 36 48 20 21 45 35 52 42 37 55 20 30 30 55 23 14 19 16 36 57 31 32 15 49 33
7 8 7 19 43 21 32 14 40 18 40 18 6 3 7 8 13 9 37 45 24 34 39 40 20 33 54 61 30 31 18 28 23 12 10 11 17 11 8 7 8 4 3 1 5 3 4 2 8 8 8 25 23 41 52 53 35 58 34 27 31 36 36 32 17 14 11 19 22 27 30 39 9 29 37 46 42 29 46 31 67 26 30 21 30 46 30 33 41 35 47 26 48 18 29 46
19 11 9 12 19 37 39 20 57 26 25 6 3 7 10 17 15 11 14 13 28 31 37 56 50 31 30 15 34 48 17 29 14 12 19 21 23 13 12 9 6 6 11 6 2 1 1 2 7 13 18 21 37 26 39 37 36 34 23 9 23 30 28 24 15 11 12 22 23 27 30 45 15 15 8 13 38 52 69 23 57 43 30 32 20 16 54 27 38 41 33 50 17 20 32 45
13 20 15 11 11 24 52 27 24 10 6 2 6 11 21 30 28 11 15 17 29 35 29 11 18 14 18 36 10 17 35 50 30 34 10 22 8 11 12 3 3 4 3 2 2 10 3 3 6 12 20 12 16 24 27 33 25 42 31 33 45 32 32 19 25 24 14 25 24 28 26 42 14 29 16 22 22 17 40 32 27 52 31 36 21 41 45 12 35 51 54 42 15 21 19 23
14 24 17 24 31 42 43 24 24 6 8 6 11 23 24 29 37 22 25 27 32 34 26 19 17 22 19 12 15 29 14 20 22 53 20 37 8 7 8 8 6 4 5 5 2 2 4 3 6 15 30 13 16 22 36 18 38 59 65 56 46 33 35 31 27 24 26 38 26 29 29 36 19 32 28 24 35 31 35 53 18 53 30 52 18 17 41 9 18 24 52 33 12 22 23 47
17 30 23 30 39 50 40 10 6 3 12 11 19 26 27 37 24 49 39 26 33 32 27 34 34 28 27 15 19 39 13 12 6 7 8 23 30 21 15 27 16 12 7 6 5 3 1 4 17 13 20 7 11 24 26 32 48 72 36 41 50 31 35 29 27 25 34 44 28 29 31 32 30 32 42 25 35 33 32 31 46 75 41 48 34 11 47 24 10 14 33 42 21 24 19 7
19 38 39 35 65 45 10 7 10 13 24 21 17 32 30 44 17 30 61 20 36 27 17 23 33 35 15 22 26 29 50 15 11 5 7 4 6 4 7 24 26 9 13 7 6 5 3 4 10 10 10 9 16 21 40 43 42 44 41 29 48 39 27 10 32 17 19 53 31 30 44 32 45 29 41 34 32 37 31 25 29 15 58 56 46 15 22 18 9 9 17 45 19 30 35 27
22 32 60 52 61 12 13 11 13 24 28 28 38 50 17 36 18 30 35 55 21 41 15 13 19 35 35 30 25 18 10 21 10 11 8 6 6 6 5 7 10 5 4 6 2 1 2 6 6 7 9 8 10 18 35 51 24 47 67 56 27 23 16 8 43 27 30 48 38 29 47 32 59 41 39 44 29 29 43 27 20 15 43 37 45 18 9 43 11 13 21 41 39 35 22 26
16 36 64 73 42 7 14 23 26 28 45 53 27 35 20 21 40 18 33 31 22 30 21 19 21 28 24 41 26 29 31 20 27 16 12 10 6 6 5 8 8 3 3 3 4 3 4 12 5 8 8 7 13 25 44 43 69 46 37 52 30 18 6 17 24 48 30 33 40 28 37 31 51 44 28 43 42 26 29 42 35 11 20 50 57 21 6 27 18 12 23 16 56 38 18 62
18 42 68 46 8 10 28 27 20 50 36 65 20 39 23 18 26 63 18 34 46 30 41 16 17 31 37 26 25 41 24 21 42 9 13 10 8 10 3 8 6 3 7 8 6 4 10 6 8 12 15 19 21 20 27 41 49 39 41 35 32 17 8 25 20 33 29 30 43 28 30 36 31 51 26 28 55 26 28 31 45 14 24 28 45 21 9 18 25 17 13 11 13 30 26 19
19 51 49 27 12 20 31 32 22 38 21 60 24 40 47 18 43 63 13 41 58 18 51 16 15 34 38 39 14 12 45 9 9 23 33 17 4 8 4 7 3 2 3 3 4 4 5 8 14 17 12 11 9 15 17 24 34 39 28 48 33 20 18 26 35 39 19 25 38 39 25 22 16 38 25 26 35 33 26 22 10 10 32 20 43 20 12 7 20 32 6 15 34 29 36 6
20 47 43 32 16 20 39 53 18 26 24 48 20 33 59 25 38 61 22 22 34 33 37 20 15 18 18 30 31 28 11 15 7 6 2 26 18 5 4 4 3 4 6 5 5 5 4 6 10 20 14 20 15 22 18 24 13 25 30 18 15 29 25 27 26 34 37 28 32 37 15 26 16 26 30 25 33 14 11 28 13 13 12 16 47 50 14 7 16 28 4 9 29 38 38 18
44 43 53 21 18 27 30 39 19 30 27 32 36 22 53 20 17 50 23 16 16 15 58 33 14 12 15 15 18 20 38 20 5 13 2 4 21 5 3 4 2 9 9 8 4 6 1 4 9 19 23 13 13 8 11 24 36 54 33 15 8 23 26 26 26 26 52 18 31 40 14 23 24 27 43 4 22 28 12 11 22 10 10 11 19 42 10 7 10 28 7 8 10 41 65 48
75 43 16 17 27 27 29 35 19 54 33 16 39 18 61 18 16 34 26 13 17 29 46 22 10 16 12 27 27 25 18 20 13 17 2 5 5 15 2 3 5 9 4 6 5 5 3 1 5 14 21 29 21 13 20 26 35 52 44 17 9 38 25 17 24 24 38 23 16 41 23 12 14 42 34 13 11 12 32 8 18 32 14 14 55 33 5 18 2 41 18 6 5 4 12 18
16 8 18 15 24 29 42 41 32 43 27 17 67 14 18 45 21 49 29 10 13 21 23 50 17 21 10 22 27 24 16 9 13 28 5 6 4 29 3 3 3 4 3 3 2 6 5 6 7 23 23 15 37 16 16 13 14 39 41 9 13 23 28 15 27 23 22 36 15 44 30 17 19 16 34 12 11 18 16 15 6 4 33 12 20 37 11 30 6 21 47 9 20 13 7 6
34 17 40 30 25 30 50 27 55 36 13 20 46 21 21 48 12 19 50 8 24 18 13 37 9 20 18 14 17 19 25 22 4 12 6 7 4 4 13 3 1 4 4 8 5 2 2 8 15 17 33 28 7 15 17 2 16 21 16 6 19 46 34 13 11 37 13 29 12 19 61 11 25 25 15 18 15 14 27 18 18 9 11 20 6 34 43 31 9 14 70 8 11 8 16 6
57 31 18 33 34 36 29 27 50 24 22 22 16 19 19 28 15 13 46 15 22 15 7 15 24 19 18 10 12 11 14 14 17 5 7 18 4 4 7 10 3 8 4 6 6 5 4 3 14 6 4 3 4 13 13 35 25 12 18 14 10 34 19 14 14 23 37 11 32 10 36 10 19 35 6 10 34 8 12 19 26 12 8 3 6 5 32 45 12 9 38 15 11 8 14 11
81 39 25 23 25 30 13 27 41 10 28 22 19 21 14 33 15 15 29 10 10 25 9 4 2 8 8 4 20 29 13 13 20 2 4 1 9 3 4 32 3 3 3 6 5 3 8 5 38 11 8 5 6 7 27 42 20 5 6 24 10 9 27 13 24 14 48 9 48 7 20 21 13 18 8 27 14 11 8 9 14 19 15 7 6 6 4 7 31 40 28 20 12 7 19 11
58 20 12 28 16 17 16 17 40 10 18 14 15 39 14 37 15 37 14 8 7 20 13 6 6 8 9 9 12 14 27 27 5 4 2 2 2 8 2 32 2 2 2 4 4 3 8 3 2 7 10 13 3 18 31 29 17 10 4 30 16 12 6 26 23 22 37 9 39 14 8 14 23 37 12 8 14 5 12 2 4 13 6 8 5 4 6 3 4 8 40 16 7 9 19 12
70 22 51 22 22 15 16 15 14 10 21 19 9 43 42 10 24 20 23 18 15 8 14 10 14 18 10 15 7 7 9 8 6 4 2 3 2 2 5 12 3 1 2 2 2 3 3 12 2 3 5 7 12 43 36 24 17 14 4 9 22 10 16 13 18 37 21 26 6 25 39 6 32 49 14 3 10 4 6 3 11 8 12 11 3 2 3 5 4 3 8 18 13 4 19 4
57 37 14 15 15 18 25 16 17 9 13 11 17 28 25 8 9 11 10 3 12 9 12 17 23 17 13 18 16 4 5 7 22 10 2 2 8 2 1 4 7 1 3 2 3 9 7 4 2 3 4 6 19 27 29 16 4 12 11 6 22 9 13 15 6 15 10 13 7 11 38 8 21 24 1 4 5 11 8 5 1 14 1 4 8 1 1 2 5 5 9 2 22 5 10 3
10 38 10 18 17 14 18 11 43 11 12 12 12 4 24 11 12 5 18 8 6 11 13 13 15 7 14 22 18 2 5 6 8 10 9 5 3 6 1 1 11 1 2 1 1 12 18 4 3 3 5 14 21 22 30 10 7 14 10 11 26 11 5 5 12 9 8 22 6 10 29 14 40 11 2 6 2 1 4 10 2 5 4 5 11 2 4 2 3 3 3 6 11 10 15 2
19 56 11 12 7 15 19 18 9 18 11 10 13 5 13 7 11 6 40 11 4 7 9 34 7 6 10 17 17 3 5 5 12 5 10 5 2 2 5 1 9 1 1 1 2 4 3 5 1 9 8 16 22 28 13 4 8 14 10 13 29 15 23 8 7 15 6 21 5 8 6 11 29 2 2 1 2 2 6 4 3 1 0 6 6 7 6 4 2 2 1 1 2 16 6 1
18 54 27 3 8 8 27 16 8 21 13 6 4 7 5 11 3 17 6 3 5 10 14 8 18 7 6 6 7 6 3 10 9 7 6 6 4 4 5 2 13 1 2 2 1 2 6 17 10 3 12 29 33 25 3 8 13 18 11 15 8 24 9 24 13 6 5 11 4 8 10 21 11 10 6 6 1 5 9 3 7 2 0 3 4 11 8 3 2 1 2 2 1 4 8 7
6 25 31 3 13 6 13 24 6 17 10 4 1 8 4 15 4 12 8 11 3 4 11 12 11 5 4 6 7 13 1 4 6 13 7 2 4 7 2 4 9 3 1 4 2 1 1 13 18 13 26 33 28 5 10 16 18 15 11 17 19 15 5 13 20 2 4 3 8 3 8 12 7 14 6 5 3 9 6 1 13 15 3 4 1 1 4 4 2 3 1 2 2 10 2 7
8 16 27 6 7 2 6 5 7 8 8 3 1 5 6 36 7 5 6 2 6 10 10 13 6 2 2 3 7 5 4 6 12 5 2 1 3 6 6 2 5 3 2 4 3 2 6 33 28 48 53 44 3 5 8 8 12 14 11 13 23 5 15 10 9 22 40 4 3 1 2 19 3 13 11 7 6 12 9 6 9 26 4 6 2 1 4 5 12 10 4 1 17 3 3 12
7 9 31 10 11 4 3 6 2 11 10 6 3 3 2 8 7 4 6 3 5 7 4 4 5 2 13 2 5 9 4 4 11 10 3 2 6 2 2 3 1 2 1 4 14 31 55 31 32 36 14 2 5 8 12 9 10 10 9 5 7 3 10 7 2 18 4 0 0 3 5 5 14 4 13 8 8 10 19 8 10 16 3 10 3 3 3 3 3 5 5 9 2 8 12 23
8 3 2 31 4 2 1 1 1 6 16 4 4 2 3 10 2 3 9 2 3 5 4 3 1 4 2 2 1 8 3 4 5 4 3 4 3 3 1 2 1 1 1 28 24 26 61 69 30 7 2 5 5 8 8 7 10 11 8 2 0 1 10 14 20 24 2 2 1 8 13 6 7 2 15 5 14 5 10 4 5 14 5 10 5 6 1 1 2 1 1 2 6 2 13 17
7 7 3 34 1 3 5 2 6 1 8 3 3 5 4 16 3 5 8 5 1 3 4 10 1 3 1 8 1 1 3 4 7 5 1 3 10 4 1 1 4 34 47 49 62 20 38 69 44 1 3 6 6 5 1 6 6 6 6 0 0 6 25 24 25 7 3 9 9 4 15 13 2 4 6 7 19 12 25 34 35 17 5 6 10 6 6 0 2 2 3 2 3 5 16 11
5 4 2 33 3 1 2 2 11 1 2 7 2 2 2 10 2 4 8 3 2 2 2 9 1 2 1 3 5 5 2 4 5 4 3 7 3 2 2 10 27 49 67 54 68 72 63 41 1 2 8 5 5 7 2 4 10 11 4 2 1 9 20 13 7 5 8 7 8 7 11 25 33 5 3 5 7 10 14 7 3 9 11 22 14 11 2 1 6 1 6 4 3 8 25 6
4 3 1 8 6 10 2 2 9 2 2 6 0 2 1 2 3 3 5 3 1 0 0 5 1 2 6 3 8 3 2 4 2 6 2 5 2 1 4 15 12 5 41 65 70 52 2 2 5 3 3 2 5 5 3 1 2 32 4 8 4 6 4 13 11 5 10 9 6 19 20 18 2 5 5 12 11 10 8 7 8 8 12 8 10 2 6 3 2 1 3 6 2 4 18 5
3 3 2 2 10 3 2 1 4 1 1 3 2 0 0 1 2 0 5 2 2 0 1 1 2 4 5 3 4 2 5 4 4 2 3 3 2 1 5 10 4 21 13 8 5 2 7 10 6 6 3 3 2 0 2 5 2 8 8 5 4 5 2 5 2 3 4 11 24 31 6 2 5 7 7 7 20 9 26 9 12 12 11 8 12 1 3 2 4 1 6 4 3 3 4 2
3 2 2 1 11 1 1 2 6 2 1 1 5 1 1 1 1 1 3 3 1 1 1 3 5 2 2 4 1 2 2 3 3 4 2 2 3 2 12 12 48 41 11 2 7 7 2 3 4 1 2 0 2 1 3 5 2 15 5 2 3 3 6 4 1 4 7 24 16 1 3 0 2 8 20 19 9 10 5 9 9 7 9 14 3 4 4 5 2 1 10 4 3 4 2 0
1 1 3 6 1 1 2 1 2 1 1 0 3 1 1 1 1 1 1 4 1 1 0 1 3 3 3 2 1 2 1 2 2 4 1 2 4 3 9 6 7 17 3 6 8 4 4 5 10 4 1 0 0 1 4 7 1 6 3 3 3 3 6 2 1 2 10 13 1 0 1 4 2 2 4 17 14 19 3 5 8 7 9 5 6 3 4 4 6 1 3 4 1 1 1 1
