sesion_6_simulaciones/modelos_agentes/ejemplos_netlogo/scenarios/echam4_a2/rob_2061.asc
NCOLS 322 
NROWS 307 
XLLCORNER 451900 
YLLCORNER 4086900 
CELLSIZE 100 
NODATA_value -9999 
[rows 0 to 73 of 307, columns 192 to 287 of 322]
27 27 14 7 25 50 24 10 11 15 20 8 6 5 10 7 5 6 10 10 11 12 8 10 18 29 17 32 34 62 29 10 11 2 2 3 6 6 4 16 19 9 9 31 37 38 27 37 46 49 29 28 32 37 31 38 30 71 26 23 3 3 5 13 17 8 15 15 8 17 7 4 5 9 17 7 6 15 36 9 5 7 8 12 11 9 20 15 13 13 4 8 13 41 8 2
29 15 19 16 27 46 11 19 34 21 15 12 21 19 12 12 18 4 10 15 19 11 7 8 10 36 13 18 13 23 61 35 7 4 3 2 3 6 11 8 17 5 3 12 17 21 32 27 40 71 82 57 32 29 29 33 50 56 53 7 9 4 17 12 15 11 15 11 18 6 2 10 4 10 28 9 35 20 12 18 11 16 21 14 10 5 14 18 18 15 7 12 10 15 7 4
10 29 15 15 44 30 21 10 6 18 19 21 34 40 22 38 26 24 37 39 39 21 16 10 5 9 7 3 3 8 11 38 30 8 9 4 3 2 6 2 2 3 17 32 29 41 38 39 49 55 60 45 52 34 47 66 26 29 31 12 12 13 16 8 6 21 7 8 8 11 5 7 6 10 45 11 51 29 13 24 13 11 18 20 11 3 8 10 19 12 9 25 10 26 5 1
18 16 44 54 33 19 18 19 19 42 21 36 54 41 36 55 43 25 39 57 48 45 39 23 19 12 2 4 4 2 5 10 4 7 6 5 7 2 2 2 8 15 9 9 18 47 40 39 15 23 17 17 21 49 37 47 38 15 19 23 26 8 8 16 7 25 17 15 39 9 15 13 4 4 25 10 17 17 21 24 16 14 19 26 13 4 7 19 27 9 17 14 14 29 4 1
13 11 25 6 40 46 37 36 45 35 42 25 35 35 41 58 43 51 57 65 63 45 38 40 26 36 21 32 23 6 3 1 5 3 4 7 2 1 2 3 6 8 13 18 14 22 18 26 46 56 56 42 33 28 64 63 21 21 6 7 23 18 9 15 11 25 14 10 6 4 3 3 6 3 12 12 10 24 47 55 41 11 11 27 26 18 2 14 16 29 20 13 20 35 9 1
15 11 27 21 12 17 48 17 42 37 33 39 16 40 51 55 64 58 26 31 48 34 26 40 38 38 23 37 29 12 11 6 2 2 1 1 1 2 1 1 4 9 15 27 46 60 60 62 51 31 33 32 48 56 82 52 25 23 6 33 44 34 23 18 13 30 8 11 17 14 21 15 13 10 8 12 22 20 26 18 27 47 33 23 29 20 5 11 16 19 8 13 17 18 10 2
11 6 8 24 14 12 50 15 11 26 32 70 41 22 47 64 56 60 32 14 23 44 52 62 38 37 42 32 33 29 23 16 16 13 8 2 4 5 3 1 3 9 18 27 56 37 38 45 58 45 48 82 43 63 74 38 23 31 16 29 38 33 28 30 30 22 26 28 26 7 15 15 14 22 20 10 4 13 29 32 23 46 27 13 9 28 10 8 11 10 10 19 29 34 7 6
8 6 7 11 28 23 38 53 14 7 17 26 59 19 8 28 19 34 38 22 18 34 19 33 35 31 37 27 39 36 34 32 29 29 25 12 17 8 4 2 5 19 31 40 49 50 43 69 83 78 75 43 66 62 67 39 19 7 13 17 19 11 10 6 6 20 15 13 33 14 13 10 15 20 22 14 4 21 36 18 45 63 41 14 8 32 20 10 11 23 20 26 45 23 11 7
16 13 14 8 17 15 31 59 60 27 14 15 31 49 29 21 14 41 49 34 28 46 15 29 56 40 36 39 41 52 49 46 48 44 30 25 13 6 2 4 10 16 31 36 62 59 45 52 70 77 58 42 79 61 59 24 10 38 54 34 39 27 41 22 20 47 19 18 7 8 12 12 14 17 14 8 5 11 14 28 43 56 36 24 10 14 15 9 8 29 23 33 20 33 12 21
11 14 16 11 10 6 25 26 62 45 39 24 24 35 42 21 21 17 50 48 46 55 22 25 43 44 34 32 25 38 10 26 44 44 34 16 9 6 3 4 4 10 23 34 52 29 28 72 50 40 33 86 67 65 40 20 29 50 45 57 39 76 61 21 40 14 24 26 23 8 9 17 18 10 8 5 5 10 36 15 9 39 41 37 22 9 20 6 10 13 15 40 26 30 18 48
15 15 18 20 11 6 4 5 11 33 22 17 15 45 30 23 32 8 20 45 34 58 63 24 30 28 53 34 13 31 42 14 5 6 11 28 15 8 4 5 8 11 29 51 20 46 53 59 22 30 72 78 52 59 26 17 26 37 29 47 72 76 28 18 17 20 22 24 35 23 37 22 23 20 12 9 4 4 11 21 21 53 70 37 44 18 11 17 5 17 39 15 25 17 18 67
33 21 12 16 18 17 12 8 7 8 9 11 20 22 20 17 15 29 21 25 48 56 50 32 7 20 49 40 17 17 40 42 9 4 4 6 21 9 1 4 23 32 35 17 9 11 37 14 25 61 84 73 51 37 15 41 34 26 33 77 62 49 10 15 20 19 39 26 24 33 26 24 29 35 31 23 9 6 19 18 23 74 44 61 40 33 16 9 7 27 25 14 36 11 40 72
45 29 27 43 37 36 35 21 37 25 24 18 10 10 11 12 14 44 38 20 16 34 31 27 7 18 32 26 21 9 8 22 9 2 1 2 9 14 2 5 19 22 19 31 31 29 57 14 39 75 70 42 11 34 56 59 56 61 81 73 12 16 16 10 11 9 14 14 30 18 9 18 37 43 44 26 11 2 18 27 59 57 21 39 52 36 24 6 8 28 23 18 42 13 39 49
67 61 51 59 54 48 37 36 34 39 41 47 24 22 15 14 11 8 8 8 14 13 8 14 12 21 22 23 9 5 7 14 14 10 1 1 4 11 7 10 9 18 15 8 9 42 24 18 54 42 28 9 22 42 45 47 66 66 51 9 34 43 31 21 22 10 8 8 22 18 33 49 35 25 27 29 15 4 11 23 56 23 18 41 70 39 31 16 6 12 13 18 26 15 35 29
20 63 63 68 58 56 33 43 24 27 46 39 34 38 40 37 33 18 6 7 6 4 4 10 13 14 10 7 3 2 7 9 10 7 2 1 6 12 13 8 7 9 14 8 5 11 11 17 21 19 6 13 24 30 42 49 48 12 31 38 46 35 47 72 70 58 44 20 23 34 47 30 43 38 21 16 10 5 13 26 33 17 10 60 72 71 45 49 27 7 11 18 15 17 45 39
38 59 70 43 57 77 55 29 48 38 30 45 44 54 58 46 41 20 15 16 11 6 3 3 10 7 3 2 1 2 2 9 12 14 9 4 5 7 8 10 7 8 7 5 2 4 18 23 13 9 22 17 19 27 32 37 14 43 39 38 49 66 74 58 57 65 24 17 38 9 36 67 37 29 34 39 40 24 11 28 30 17 6 15 44 70 24 17 24 27 6 24 12 17 49 45
72 25 75 52 51 71 80 81 46 22 36 36 57 54 53 45 51 42 34 31 29 25 13 5 4 5 10 11 7 5 1 1 2 5 9 6 6 7 6 11 6 6 5 4 3 2 4 4 13 34 24 46 39 27 19 39 45 43 42 38 63 56 73 58 58 34 18 41 25 31 25 11 49 19 44 54 58 41 31 11 46 27 20 5 17 48 60 21 9 12 5 7 15 26 19 22
47 16 64 40 63 69 72 46 78 79 56 61 62 30 32 34 49 51 41 38 34 31 26 12 10 11 22 19 14 10 2 1 1 1 3 5 5 5 5 5 6 5 3 2 1 4 12 27 31 29 35 57 51 51 26 38 36 60 57 55 76 63 56 43 23 26 35 44 33 21 12 12 41 42 51 55 55 59 44 17 11 25 25 19 6 24 39 28 22 4 11 1 15 21 10 10
43 41 48 51 39 65 71 45 52 81 53 74 84 63 46 38 54 69 69 58 54 36 19 14 23 14 28 25 36 13 12 11 12 7 4 2 4 2 4 4 2 2 1 2 8 15 29 31 29 34 50 57 50 37 52 52 52 49 39 49 67 36 17 9 22 23 21 68 41 15 18 10 42 46 11 28 66 51 59 49 14 10 43 27 17 7 24 30 28 14 3 3 20 10 2 2
50 22 32 49 37 50 78 44 33 68 73 83 84 74 76 68 29 45 48 64 46 38 35 30 31 30 30 38 36 34 22 19 16 15 11 5 3 2 2 2 1 0 4 8 25 25 30 42 25 45 56 44 59 54 56 52 16 11 28 48 75 36 12 31 43 35 54 54 34 28 19 7 12 48 36 10 27 38 52 54 49 17 15 31 23 8 5 17 32 23 3 1 12 2 12 20
72 40 40 43 15 38 68 46 60 47 69 57 75 47 59 65 28 22 44 65 47 60 40 24 54 45 32 24 30 24 19 11 14 11 16 10 7 3 1 0 1 2 9 22 29 34 20 18 45 66 46 50 64 70 77 67 40 29 39 52 55 18 17 41 42 32 35 12 32 40 24 6 8 22 51 26 11 17 71 42 41 20 8 19 22 6 9 23 15 16 2 2 2 4 22 42
56 20 50 48 20 16 42 72 23 46 79 73 77 56 53 31 33 10 23 69 65 48 37 34 23 24 10 9 14 13 16 14 9 8 17 13 7 5 3 1 2 7 13 18 14 28 25 41 43 41 32 43 49 77 79 79 73 60 46 45 28 13 27 37 50 46 36 19 22 36 15 8 8 17 48 30 13 15 28 52 42 33 14 9 26 9 14 19 12 5 5 16 6 13 38 49
72 26 65 68 39 26 30 52 23 23 77 65 52 33 17 38 35 28 10 24 30 49 70 68 40 14 29 17 6 10 9 7 5 6 10 16 11 4 2 1 1 9 20 23 10 14 7 19 12 16 14 34 52 38 57 76 55 38 23 70 31 12 28 32 31 40 62 31 32 12 8 9 20 38 62 31 15 22 34 66 41 22 13 5 12 18 14 19 7 4 13 46 24 24 23 40
65 57 49 70 20 31 36 52 46 20 23 20 25 50 24 18 43 39 20 30 31 32 58 47 44 17 23 27 16 4 6 5 5 5 6 7 11 4 2 0 2 4 3 9 8 5 9 12 23 22 16 32 25 35 35 24 16 33 61 45 13 23 32 26 39 63 33 27 34 18 8 13 21 42 45 23 26 20 38 59 46 50 26 8 6 10 13 19 4 6 16 14 34 44 24 29
34 28 43 42 29 12 43 59 32 13 26 17 17 34 42 24 30 35 30 13 14 20 27 23 19 13 16 29 24 10 5 4 3 3 3 4 3 7 2 0 1 4 9 10 15 22 28 28 23 28 39 21 14 8 10 18 32 37 70 36 12 39 26 21 48 72 33 42 41 21 14 15 26 54 38 23 37 24 33 50 44 44 43 26 8 4 14 8 4 25 28 26 26 25 59 25
17 22 13 35 17 8 46 54 30 13 10 17 16 12 32 30 18 14 20 19 9 10 16 17 15 12 8 20 36 8 6 3 1 1 1 1 4 3 5 1 2 4 4 6 14 16 26 13 14 30 29 44 34 49 33 34 36 56 60 9 18 29 19 14 43 56 37 35 33 25 12 13 31 60 26 40 40 20 16 30 31 42 30 14 16 4 4 9 21 42 44 43 48 30 19 48
11 12 7 9 6 21 37 32 19 9 4 9 9 5 5 17 20 20 17 18 8 7 8 11 4 6 7 7 9 14 11 3 1 1 1 1 2 1 4 2 1 1 2 5 8 11 9 12 24 23 41 40 35 44 53 67 69 80 40 10 22 25 16 26 68 53 18 34 39 24 16 10 26 59 27 25 28 31 8 17 31 42 18 14 5 4 8 25 45 43 44 37 42 53 63 31
6 5 3 2 2 3 5 6 6 3 2 2 2 1 2 4 6 5 10 13 7 5 5 4 2 2 9 6 7 7 10 7 6 3 1 1 2 1 3 1 1 1 2 3 4 6 16 16 14 43 31 35 40 44 56 80 69 57 12 26 32 20 38 55 82 35 46 25 23 26 25 16 38 60 37 24 27 35 9 16 29 39 26 30 14 2 9 21 24 17 16 13 12 18 33 38
2 3 4 4 2 1 1 1 2 1 1 1 1 1 1 1 1 1 2 3 4 3 3 1 2 2 8 6 5 4 4 3 2 2 3 1 1 1 2 1 1 3 10 11 13 15 27 49 17 33 26 26 32 30 70 63 38 10 26 35 31 26 50 77 42 23 42 23 24 29 23 13 25 54 70 42 33 23 11 13 28 44 37 23 11 2 8 11 7 20 22 29 29 24 22 37
5 10 9 15 9 3 2 2 3 8 7 8 8 9 15 8 8 7 2 0 1 1 1 1 1 4 4 3 3 2 2 1 3 2 1 1 1 0 1 1 4 11 13 14 18 28 34 24 46 32 27 24 36 38 72 31 17 24 37 37 29 28 50 77 34 21 22 36 22 11 10 14 43 58 31 56 42 25 10 7 38 33 41 21 9 2 9 21 34 45 25 39 45 38 30 12
11 18 17 22 15 5 5 17 10 18 18 22 21 22 22 22 19 14 12 6 4 2 2 1 0 0 1 1 3 1 1 1 2 2 1 1 0 0 1 2 10 12 15 26 32 42 42 34 41 63 60 56 38 52 34 18 7 38 32 36 18 29 57 66 37 16 24 34 28 21 6 15 56 27 22 65 55 34 15 7 22 19 34 20 5 6 19 21 23 34 30 27 15 16 18 35
24 25 22 23 14 10 11 25 24 23 22 27 40 30 36 35 25 20 17 16 10 15 12 5 4 3 1 0 1 0 0 0 0 1 1 0 0 1 2 10 12 14 17 22 34 42 49 66 53 54 37 74 56 36 39 34 14 34 40 51 45 35 64 26 12 35 43 22 37 18 6 15 26 29 18 66 39 34 14 10 24 21 21 16 4 12 37 45 47 32 25 12 22 22 21 33
45 43 29 41 28 15 15 21 20 26 45 44 43 49 45 29 28 24 21 21 19 21 18 12 10 9 4 3 2 2 3 4 2 0 1 0 0 1 2 10 12 15 16 24 40 44 58 61 49 48 36 24 46 42 50 12 30 38 30 43 32 41 46 52 49 30 22 18 49 37 15 10 30 23 38 70 36 30 24 10 12 20 17 7 12 25 38 61 61 54 51 29 33 42 41 68
47 48 50 35 31 29 18 31 42 47 53 48 51 39 46 38 31 33 27 39 33 31 20 16 13 21 10 8 4 4 14 4 2 1 0 0 0 1 2 6 6 9 15 19 30 51 32 14 63 57 42 27 45 50 10 10 24 28 29 44 53 57 61 32 23 22 33 27 23 31 23 14 33 27 36 50 44 46 25 10 9 14 8 8 20 26 26 28 19 18 19 33 42 44 76 78
49 50 56 55 51 23 22 35 48 57 56 52 53 50 48 49 37 56 46 43 23 15 16 17 18 16 12 10 10 13 4 3 1 1 1 1 1 1 2 6 7 13 25 17 13 22 19 31 31 40 39 13 31 8 15 9 14 20 21 38 57 65 40 58 38 21 22 21 21 34 38 14 17 25 38 42 46 26 20 9 5 8 8 13 31 15 17 25 43 45 41 35 24 70 53 64
61 74 62 31 48 26 39 40 65 56 52 53 52 69 70 53 55 52 36 50 29 25 12 34 30 14 14 15 29 7 3 2 2 2 3 1 2 2 3 4 12 16 24 9 15 20 20 34 29 28 18 13 19 7 14 7 18 36 41 52 41 32 47 61 26 14 12 14 28 27 24 15 11 23 24 49 46 34 20 9 4 5 14 30 44 46 38 32 38 30 25 53 59 71 52 32
70 80 48 48 63 37 31 64 61 70 41 58 69 60 75 61 39 27 54 45 36 31 11 41 14 12 19 27 8 4 5 8 6 6 4 4 4 3 1 2 7 11 6 7 9 23 46 44 34 22 18 10 12 12 19 26 37 27 20 24 28 37 41 61 33 18 19 17 14 12 15 18 9 20 35 31 27 37 22 9 4 17 37 27 39 59 56 58 52 51 28 46 46 49 54 27
56 73 42 44 63 39 39 70 62 67 31 54 73 59 74 46 42 45 58 60 46 22 23 15 17 29 47 7 5 10 9 8 8 7 6 4 4 4 1 1 1 2 3 6 17 39 39 26 43 17 12 7 20 19 24 18 13 8 25 27 22 45 45 39 20 57 60 48 34 33 19 18 9 16 20 17 23 25 10 3 8 29 50 63 57 63 69 62 50 49 48 55 25 12 49 37
65 40 42 39 58 32 38 65 78 61 25 60 74 67 66 69 45 60 77 62 44 22 41 22 39 41 9 9 17 14 9 9 16 9 12 6 6 6 6 3 4 3 3 10 39 24 37 11 14 25 9 11 25 24 25 21 15 26 58 59 48 44 73 42 53 40 51 54 31 22 20 18 10 7 12 19 13 19 5 2 11 24 27 47 47 27 45 19 14 18 11 71 56 33 28 16
84 66 48 35 48 28 49 62 84 49 31 46 65 69 72 46 41 84 59 20 26 53 48 38 45 22 18 21 29 28 16 18 17 15 7 11 7 13 8 7 4 2 1 2 15 12 14 5 4 4 3 11 18 32 26 44 47 47 34 45 61 58 39 58 51 50 24 43 63 32 16 11 8 3 8 11 7 12 6 6 16 30 31 33 28 15 21 30 42 61 73 88 68 34 25 12
73 74 40 46 50 27 40 61 73 47 26 47 80 79 46 63 48 53 24 19 34 67 74 56 43 43 28 26 34 23 19 40 24 8 8 16 11 18 16 8 6 4 3 2 1 2 1 1 4 12 21 23 37 40 40 51 40 34 56 72 77 75 56 62 16 77 64 23 23 61 54 40 25 11 2 8 8 4 4 6 16 16 17 30 21 24 53 56 48 43 55 77 48 35 27 13
70 52 31 48 41 38 27 57 67 39 28 45 77 70 56 51 31 22 8 31 54 65 54 29 24 13 12 46 42 26 35 33 19 9 12 19 21 21 19 5 6 4 6 5 4 2 1 2 6 9 18 19 29 31 28 31 40 56 45 83 76 49 42 78 59 37 73 40 21 15 29 32 37 34 15 7 4 4 3 5 17 19 15 18 28 42 54 54 51 63 51 64 58 46 26 11
65 46 22 49 36 36 29 33 44 21 19 39 52 28 31 33 13 21 17 37 63 34 31 35 21 22 16 55 47 30 56 34 14 19 17 26 26 40 28 14 11 4 10 8 6 3 1 1 6 8 8 14 31 28 42 52 32 60 60 82 34 14 46 79 48 50 34 67 35 10 13 19 33 26 26 22 7 3 1 4 12 17 18 16 20 37 69 46 37 76 49 48 54 24 13 12
33 26 18 37 23 20 28 21 44 42 32 36 31 26 42 44 35 46 26 38 55 37 35 35 27 23 23 56 53 36 56 34 28 26 24 37 35 33 14 16 25 16 11 5 3 1 0 0 3 8 8 19 33 30 30 40 24 43 71 46 32 19 67 78 64 23 17 24 44 23 13 11 14 10 26 11 7 3 2 3 8 16 21 17 45 61 76 50 45 74 46 22 29 40 13 6
24 7 24 29 23 40 43 73 66 85 82 77 29 51 57 56 59 29 30 53 48 33 33 22 26 37 25 52 54 57 44 38 35 36 37 49 60 37 22 19 45 28 5 3 2 1 0 1 5 8 21 23 25 31 18 22 41 64 77 35 25 28 44 76 70 51 20 7 38 41 22 11 10 11 34 10 4 3 2 7 11 21 24 30 33 29 31 27 42 39 50 40 38 33 8 2
15 12 17 28 69 72 80 82 60 66 74 78 80 69 37 39 31 25 32 31 19 31 29 35 48 40 40 71 58 75 45 45 41 50 54 69 71 38 37 33 40 18 9 5 4 5 3 0 2 10 9 17 15 12 14 28 44 60 54 44 25 24 27 82 47 46 42 5 30 47 35 10 8 9 10 20 7 2 2 8 10 20 35 42 38 28 29 20 28 26 33 24 18 8 3 6
23 31 12 19 32 41 70 35 38 37 58 64 54 70 39 33 37 53 43 28 28 35 33 46 68 52 42 69 66 59 42 57 45 57 53 68 54 44 54 25 13 11 18 15 12 11 5 2 1 3 12 10 11 18 20 8 31 28 38 70 34 32 43 58 40 12 39 16 21 26 23 21 10 5 4 45 6 1 3 6 14 21 17 42 27 23 26 19 17 10 9 7 6 6 10 23
45 62 30 22 46 42 50 50 38 57 62 52 65 78 80 61 71 58 40 34 46 45 49 47 60 47 43 69 68 42 53 54 55 58 69 73 59 47 19 10 10 19 18 17 23 14 13 3 1 1 3 10 13 18 21 13 28 30 23 34 32 32 36 53 57 12 26 26 16 36 25 11 13 8 7 9 5 1 3 5 12 15 30 42 23 26 19 16 22 6 5 3 5 11 21 27
33 58 73 41 16 25 44 49 70 48 41 41 76 51 58 91 86 34 53 51 54 50 54 46 52 46 51 73 61 53 54 52 59 73 75 50 24 21 30 28 34 30 26 19 29 26 16 5 1 0 1 15 11 8 21 16 33 25 19 21 27 17 18 30 65 11 10 20 14 13 17 9 8 7 6 5 3 2 1 5 8 12 45 27 10 9 9 12 11 1 2 9 10 15 24 22
69 69 73 76 37 12 22 65 66 60 17 21 43 54 79 84 68 86 87 65 48 71 64 32 53 43 64 58 57 53 57 49 66 78 82 48 45 37 53 49 63 60 40 41 47 21 9 3 0 0 1 1 2 5 20 16 31 28 17 15 15 7 3 12 41 20 12 12 11 9 10 15 9 8 4 3 2 2 2 5 9 12 15 12 7 6 4 5 2 6 9 10 23 29 21 23
48 34 48 82 35 34 26 28 33 42 32 10 36 81 87 83 66 57 81 64 71 77 66 44 62 61 76 71 67 75 58 58 62 60 60 42 45 54 56 60 28 28 57 73 22 12 9 3 1 1 1 1 1 1 7 21 26 37 14 16 13 6 4 26 44 17 18 10 9 10 12 12 6 4 4 4 3 2 2 5 6 13 11 5 4 3 3 9 10 19 22 26 27 29 16 18
27 49 45 81 82 27 34 23 29 28 35 19 46 55 58 63 76 85 65 28 63 28 74 83 92 86 81 61 78 62 73 53 50 31 74 67 71 63 39 36 15 3 57 46 33 22 17 8 4 6 7 4 1 0 1 3 5 12 6 11 8 5 6 15 26 27 14 9 10 2 3 4 6 3 2 2 3 1 2 3 7 6 7 5 2 4 11 13 21 18 21 40 33 25 22 19
18 32 39 46 77 75 45 23 24 27 26 26 44 67 76 79 43 79 78 40 68 63 38 56 73 54 70 46 72 34 23 51 37 36 58 88 75 56 37 77 43 42 49 47 49 26 14 10 14 17 9 4 1 0 1 0 1 2 2 9 7 4 9 17 17 26 16 9 6 5 5 5 4 3 2 1 2 1 1 1 2 2 4 3 2 6 8 13 18 20 24 22 58 31 20 12
9 18 29 8 42 85 44 30 17 16 25 32 27 41 51 65 67 79 60 61 69 52 20 57 72 52 53 49 53 73 58 65 58 38 46 81 88 91 89 85 73 60 60 67 57 32 28 21 37 10 6 7 6 5 3 3 1 1 1 2 2 4 5 16 16 18 15 9 6 4 3 2 2 1 1 1 1 1 0 1 1 1 1 1 1 1 3 9 17 10 14 29 30 27 15 28
18 13 24 54 43 64 84 44 45 20 13 18 22 27 59 48 70 83 22 33 75 72 36 21 82 84 61 45 60 70 38 38 46 36 33 62 81 81 77 52 65 65 41 51 55 52 60 57 28 6 13 18 15 14 13 19 16 4 1 1 1 1 2 3 7 22 10 7 3 5 3 1 2 2 1 1 1 0 0 1 0 1 3 4 6 4 5 6 14 17 17 19 26 27 39 40
30 11 9 41 62 69 87 72 40 37 26 22 20 28 27 20 54 41 31 68 89 48 29 19 28 74 45 54 48 68 66 49 54 52 46 81 71 49 41 33 41 21 19 71 47 69 78 71 41 30 34 25 22 15 10 4 5 3 2 2 1 1 2 3 2 7 9 7 5 4 2 1 1 1 1 1 1 0 0 0 1 2 2 4 8 14 15 17 22 23 20 27 29 28 25 42
46 36 28 18 23 28 44 71 44 53 33 21 18 23 38 18 44 28 56 48 82 47 32 30 18 36 36 48 23 64 68 41 41 43 53 69 67 33 23 35 32 23 24 38 56 46 40 23 27 28 20 20 17 18 18 4 3 5 2 1 1 1 2 2 2 3 6 6 4 2 1 1 1 1 1 1 0 0 0 1 1 2 5 7 3 3 10 39 15 28 34 36 41 34 40 48
26 28 50 23 22 51 51 73 76 59 50 22 17 15 18 24 31 35 33 50 77 83 62 39 15 15 31 10 23 60 70 46 36 41 33 35 39 29 21 27 25 23 22 23 59 39 40 23 15 10 11 4 5 4 10 6 2 5 2 1 1 1 1 1 1 2 4 3 2 1 1 1 1 1 1 0 0 0 1 1 1 2 2 2 2 7 21 30 36 39 40 36 40 49 42 53
45 40 19 15 19 32 46 59 75 55 40 31 15 9 13 23 12 18 40 78 69 73 64 57 36 12 39 36 12 19 53 36 41 35 16 19 23 45 19 17 23 15 11 17 38 39 46 28 18 11 9 5 2 2 5 5 2 4 3 1 1 1 1 1 1 2 2 2 2 1 1 0 1 1 0 0 0 1 1 1 1 1 1 4 7 12 16 34 19 20 15 18 31 45 44 27
58 57 27 15 5 32 29 45 63 67 33 30 17 15 17 19 11 37 63 78 47 49 60 32 27 24 14 27 35 7 30 43 24 25 14 24 21 15 16 16 25 17 7 9 15 34 46 34 28 18 14 6 4 2 1 3 2 3 5 2 1 1 1 0 0 1 1 2 1 1 0 0 0 0 0 0 0 1 0 1 0 1 2 4 10 10 16 17 18 13 11 24 31 31 27 29
62 56 37 31 11 12 28 39 73 31 35 20 13 12 12 14 12 30 67 47 9 32 80 34 24 28 13 16 17 30 24 22 16 15 18 11 10 5 6 14 22 10 6 6 7 18 44 28 34 18 10 6 4 2 1 1 1 1 2 2 1 0 0 0 0 1 0 1 1 1 1 0 0 0 0 0 0 0 1 1 1 2 5 7 6 8 23 20 15 18 24 19 25 33 34 21
58 56 39 22 21 14 28 31 69 35 13 30 22 11 10 9 8 38 44 25 49 60 71 55 31 19 22 33 12 38 26 19 19 11 19 8 11 9 3 8 5 4 6 17 25 31 39 33 48 42 25 14 5 3 1 1 1 1 1 2 1 0 0 0 0 0 0 0 1 1 1 0 0 0 0 1 0 1 1 1 1 2 3 2 5 8 10 17 25 26 30 27 31 17 32 35
52 42 32 23 21 20 13 21 37 59 28 14 21 10 9 8 10 27 24 30 26 46 68 54 33 41 16 20 22 41 18 12 16 14 8 5 10 8 7 6 2 3 6 33 18 16 36 22 38 37 39 17 8 5 1 1 0 1 1 1 1 0 0 0 0 0 0 1 1 0 0 0 0 0 0 0 0 1 1 1 1 2 4 3 4 4 10 15 14 18 22 43 30 37 55 37
45 47 29 21 22 19 17 21 24 38 41 12 10 9 9 9 10 10 15 23 29 44 75 48 39 23 32 15 19 31 14 5 8 7 10 4 5 6 4 2 2 4 17 33 7 17 21 12 29 28 23 24 15 10 7 4 1 0 0 1 1 1 0 0 0 0 0 0 0 0 0 0 0 0 0 1 0 1 1 1 2 3 3 2 2 4 5 5 11 22 17 28 25 13 25 30
83 63 49 18 12 18 14 16 18 30 41 22 15 11 10 8 7 9 11 9 30 34 61 44 22 17 19 19 15 10 21 7 6 6 5 7 5 5 2 3 10 12 16 5 6 14 9 11 17 24 27 24 34 18 11 6 4 1 0 0 0 0 0 0 0 0 0 0 0 0 0 0 0 0 0 0 0 0 0 1 1 1 2 2 1 2 3 4 7 11 20 36 23 22 25 8
49 78 63 42 19 10 9 13 16 21 53 27 17 8 5 5 5 3 7 9 19 27 50 50 21 14 11 11 14 13 12 18 8 4 4 7 4 2 1 4 8 22 10 5 8 10 7 7 17 21 12 13 16 19 17 8 5 3 1 0 0 0 0 0 0 0 0 0 0 0 0 0 0 0 0 1 0 1 1 1 1 1 1 1 2 3 4 4 6 14 18 21 18 19 19 30
24 82 35 71 47 32 8 9 10 20 38 19 12 6 4 3 2 2 7 10 21 37 29 46 34 21 14 9 8 10 9 14 9 7 3 5 2 1 2 2 11 11 11 3 5 9 3 5 16 22 9 8 11 11 33 15 9 4 3 1 0 0 0 0 0 0 0 0 0 0 0 0 0 0 1 1 0 1 1 1 1 1 1 1 3 4 3 3 9 11 13 8 12 23 23 24
43 46 30 64 40 41 21 5 6 8 20 19 7 6 4 2 2 2 7 15 7 8 42 47 49 34 24 19 6 4 4 6 5 4 2 2 1 1 1 2 10 4 4 3 3 12 3 5 20 21 12 4 2 1 17 11 9 4 2 1 1 0 0 0 0 0 0 0 0 0 0 0 0 0 1 1 1 1 2 2 3 5 3 4 5 4 3 3 6 7 9 15 25 30 32 31
48 41 35 29 33 18 41 11 3 3 8 12 7 4 3 1 1 4 5 6 14 37 54 52 58 36 23 11 8 4 7 7 5 4 3 2 1 1 3 5 4 3 2 2 4 14 8 8 27 23 21 5 1 0 3 3 5 5 2 1 0 0 0 0 0 0 0 0 0 0 0 0 0 0 0 0 1 2 5 3 5 5 8 6 6 6 3 5 11 7 7 10 13 9 16 19
41 34 36 25 28 10 16 23 3 2 7 8 10 3 1 1 1 2 7 13 28 32 49 38 43 47 17 11 8 6 5 4 3 3 2 1 1 1 1 6 3 2 1 1 2 4 5 4 17 24 13 5 6 1 1 3 1 2 2 1 1 0 0 0 0 0 0 0 0 0 0 0 0 0 0 1 1 3 2 8 9 8 7 11 9 8 9 20 13 4 6 4 7 20 21 26
32 39 41 25 12 9 8 9 5 2 4 6 8 2 1 0 1 3 10 29 17 11 34 28 26 36 20 9 8 6 4 3 2 2 1 1 1 1 5 5 2 1 1 1 1 5 2 5 19 7 9 5 3 2 2 2 2 2 1 1 1 0 0 0 0 0 0 0 0 0 0 0 0 1 1 2 2 4 5 6 13 19 20 21 24 18 21 21 14 10 9 12 8 10 23 24
16 14 19 21 9 9 5 4 5 3 1 3 3 2 1 0 2 5 9 10 12 10 22 42 13 14 11 15 5 4 3 2 2 2 2 0 1 2 7 2 1 0 1 1 2 3 4 24 34 3 2 8 3 2 1 1 2 2 1 1 0 0 0 0 0 0 0 0 0 0 0 0 0 0 1 1 2 1 1 4 7 9 11 15 28 23 31 29 22 21 13 13 24 20 16 18
7 7 6 7 7 5 4 3 4 3 1 1 1 2 0 0 1 2 4 5 8 7 5 11 10 8 6 7 3 3 2 2 1 1 1 0 1 3 1 1 1 0 0 1 2 3 7 6 23 5 1 4 4 1 2 2 2 1 1 1 0 0 0 0 0 0 0 0 0 0 0 0 0 0 0 1 1 1 1 2 3 5 8 8 26 26 37 44 31 42 38 35 30 28 22 45
7 8 8 6 4 3 2 1 1 1 1 0 0 1 0 0 1 2 1 3 5 3 3 5 5 5 4 3 4 2 2 1 1 1 1 1 1 1 2 1 1 0 1 3 3 6 2 2 3 4 3 2 3 3 2 1 1 1 0 0 0 0 0 0 0 0 0 0 0 0 0 0 0 0 0 0 1 2 2 2 3 5 3 8 14 21 18 22 55 52 29 52 46 43 29 37
