sesion_6_simulaciones/modelos_agentes/ejemplos_netlogo/scenarios/echam4_a2/rob_2013.asc
NCOLS 322 
NROWS 307 
XLLCORNER 451900 
YLLCORNER 4086900 
CELLSIZE 100 
NODATA_value -9999 
[rows 148 to 221 of 307, columns 0 to 95 of 322]
0 25 22 17 29 45 39 26 10 5 7 62 61 63 56 63 77 62 48 66 34 47 18 8 0 2 1 3 1 1 5 1 2 5 2 7 3 7 5 5 25 25 22 16 25 12 29 27 17 29 16 18 28 12 20 36 31 16 11 28 41 43 34 25 37 53 57 37 44 74 67 63 37 46 66 74 21 16 16 29 28 21 9 11 36 26 7 4 18 13 10 12 24 23 10 23
11 25 29 40 45 55 42 53 51 14 17 37 52 74 72 73 83 52 65 61 63 52 18 27 7 2 1 1 1 2 14 10 1 4 1 2 3 6 5 8 14 10 5 12 26 66 36 27 12 14 10 26 27 24 7 7 8 5 31 26 25 60 38 28 40 63 61 60 61 68 42 21 15 47 34 25 54 11 11 32 28 15 19 12 5 28 10 6 4 7 3 16 8 23 12 4
6 4 11 42 33 60 54 17 32 42 21 25 79 81 79 51 83 69 72 76 61 29 22 14 20 10 2 5 3 4 2 14 5 12 15 13 4 11 14 12 8 7 13 43 57 37 23 18 14 12 14 17 17 16 28 21 27 29 32 33 47 61 35 33 63 63 72 73 54 15 56 34 31 39 57 20 22 6 2 8 16 16 11 19 7 7 21 12 5 6 3 2 4 6 10 3
2 5 9 7 9 8 8 11 16 13 31 13 35 67 65 55 78 74 71 25 12 14 30 33 43 27 12 4 4 1 3 6 42 30 36 46 56 12 6 14 30 31 57 50 17 17 8 17 11 8 20 18 19 17 20 16 37 41 43 44 65 59 56 41 61 74 66 50 75 42 20 54 57 24 25 8 20 35 15 6 7 13 12 7 9 5 6 21 13 6 4 2 1 4 6 6
27 8 6 6 9 8 13 19 21 25 14 37 17 11 8 9 11 11 18 26 21 55 57 49 66 29 53 16 17 18 10 11 31 3 1 1 10 57 7 6 27 17 28 32 27 40 40 49 24 12 20 21 27 22 7 21 28 62 39 62 60 66 74 88 86 74 69 42 41 84 41 34 31 34 16 5 8 8 26 16 7 8 14 10 6 7 4 6 15 4 3 2 1 1 3 2
31 28 21 13 16 10 12 24 4 12 37 26 21 29 19 18 12 29 43 57 83 64 81 55 52 31 25 26 17 45 28 3 2 5 5 1 5 7 29 7 3 61 14 17 24 16 7 15 32 19 32 39 36 24 10 15 25 49 72 61 80 69 80 79 79 76 69 24 33 69 72 51 30 17 24 12 9 7 11 9 12 8 6 10 6 5 4 3 20 9 2 1 2 1 2 3
63 36 59 40 34 32 46 11 15 11 15 20 23 51 47 18 8 23 57 62 74 86 71 84 63 57 63 57 29 34 63 49 19 3 8 9 18 15 14 29 5 42 21 16 32 5 10 15 10 31 39 50 59 45 44 23 31 49 65 69 53 41 75 77 74 66 63 48 30 45 77 23 25 14 10 7 11 4 12 23 7 11 8 4 4 3 3 2 4 3 6 2 1 1 0 1
67 57 69 46 55 43 35 44 14 10 21 14 55 38 16 38 27 19 17 57 71 62 60 68 49 52 62 58 31 11 30 69 72 50 37 15 18 22 22 30 14 37 68 30 32 18 9 8 10 17 15 18 35 11 16 44 34 60 46 27 26 26 31 53 54 22 30 17 44 55 49 44 20 14 16 6 6 8 8 14 11 5 7 5 2 2 2 2 2 2 3 4 2 1 1 0
38 59 57 75 78 52 29 74 22 11 19 21 20 22 42 45 30 44 31 18 21 54 63 22 39 65 43 72 44 11 11 12 46 71 57 35 25 21 18 27 24 38 71 24 32 32 24 31 34 36 35 39 27 26 33 27 43 72 57 54 56 51 24 14 8 23 18 23 16 29 29 43 47 19 8 5 6 7 8 10 11 16 3 4 2 2 1 1 1 2 1 0 3 1 0 0
64 79 66 84 69 30 63 80 33 33 41 17 47 68 52 32 53 39 33 22 26 24 17 52 41 19 31 62 72 34 26 17 13 63 55 54 59 53 48 59 50 30 68 73 39 30 39 44 41 41 53 63 33 50 56 29 25 47 58 45 40 26 14 23 21 7 3 13 28 30 32 38 16 17 7 6 8 7 11 6 7 5 7 2 2 1 0 0 1 1 1 1 1 2 0 0
44 81 41 80 43 68 72 72 21 47 52 31 22 16 34 37 42 67 60 71 30 20 27 22 28 28 43 81 41 79 33 45 37 57 25 50 52 79 56 45 53 28 49 71 78 40 34 31 57 42 41 32 27 51 56 30 45 75 74 75 39 48 51 39 33 14 12 15 19 19 17 24 16 8 13 3 6 9 8 7 4 3 3 3 1 0 0 0 0 1 1 1 1 1 1 1
16 71 54 68 65 73 70 28 39 63 60 45 39 24 22 14 18 30 30 67 43 15 24 24 64 68 64 70 34 73 75 27 28 36 60 69 58 81 88 55 49 19 27 65 75 67 60 42 56 21 16 24 57 55 46 40 44 33 28 29 24 40 56 47 44 27 24 21 13 14 16 14 9 12 3 5 4 5 3 2 2 2 1 2 2 1 1 1 1 0 0 0 1 1 0 0
17 16 12 53 68 68 27 31 72 44 62 74 59 44 27 33 39 36 43 23 32 51 44 18 53 56 66 74 72 41 83 80 37 18 33 76 74 62 58 64 69 22 29 67 82 85 53 46 50 46 36 27 76 43 83 86 85 73 82 72 51 28 34 30 28 24 23 22 16 9 9 12 8 9 4 7 3 2 3 3 1 1 1 2 1 1 1 1 0 1 1 0 0 0 0 0
18 60 37 28 19 44 36 76 78 52 50 66 38 53 20 39 32 33 42 28 34 36 37 17 62 72 64 85 78 60 73 84 78 46 38 12 30 59 44 24 34 24 16 81 83 81 67 69 59 68 88 92 80 53 45 79 74 41 43 63 58 35 45 32 28 18 15 22 14 6 7 5 6 6 4 4 3 3 2 1 1 1 0 1 1 0 1 0 0 0 0 0 0 0 0 0
48 53 37 56 45 21 50 81 73 77 15 50 66 64 75 41 57 30 25 23 25 13 40 60 82 61 84 89 74 74 52 66 80 53 50 28 59 76 83 81 63 52 35 48 82 69 61 88 61 65 83 82 89 61 43 83 88 61 45 32 70 66 24 50 30 24 12 12 10 6 8 6 4 3 3 3 2 2 1 1 0 0 0 0 1 0 0 0 0 0 0 0 0 0 0 0
39 37 63 40 32 13 45 64 49 80 32 42 72 58 72 55 30 48 38 54 57 57 18 51 64 73 82 83 61 82 66 80 68 69 68 74 68 76 81 73 18 60 67 37 17 48 60 82 65 56 76 72 75 80 43 56 74 90 65 45 52 32 30 26 29 33 27 19 10 5 8 3 2 2 1 1 1 1 0 0 0 0 0 0 0 0 0 0 0 0 0 0 0 0 0 0
29 23 13 31 44 41 16 78 32 30 31 48 57 16 43 59 36 43 36 65 64 40 36 17 47 82 74 82 65 84 68 68 58 46 62 66 79 71 72 80 74 56 26 23 11 15 56 75 57 27 40 69 76 81 77 81 83 78 85 44 29 33 28 31 26 21 28 10 6 8 4 2 2 2 0 0 0 0 1 1 1 0 0 0 0 1 1 1 1 0 1 2 1 2 1 1
18 32 48 39 23 17 17 34 42 40 62 55 64 64 31 50 42 58 24 19 35 68 45 25 12 26 30 65 62 37 16 17 14 29 27 22 62 39 45 61 65 56 49 22 8 15 60 63 52 41 32 25 51 79 77 70 57 55 75 72 28 18 22 23 22 18 9 10 5 2 2 2 2 1 1 0 0 0 0 0 0 1 1 1 2 4 3 3 2 1 1 3 3 5 4 1
34 23 19 17 30 23 26 18 21 20 38 67 64 70 22 21 29 61 63 44 33 28 46 14 29 39 32 30 20 28 42 32 42 39 58 28 24 22 19 22 17 36 28 15 15 22 48 53 61 40 37 33 9 42 40 48 46 59 35 50 42 18 35 30 22 12 10 4 4 2 2 2 1 0 1 1 0 0 0 1 4 4 3 5 7 8 7 11 6 8 19 19 7 12 5 3
22 23 29 53 43 45 38 31 36 37 47 12 17 23 34 46 33 18 62 65 54 29 25 9 28 60 59 47 35 38 57 62 33 62 31 25 26 33 35 32 21 13 21 23 37 38 57 55 62 50 34 17 19 16 22 46 20 12 10 31 17 18 16 9 12 6 3 4 4 1 1 1 1 1 1 1 1 0 3 4 10 11 11 15 17 32 27 16 14 17 4 2 2 2 3 9
30 34 51 32 28 37 37 26 44 63 19 28 49 46 29 48 11 17 21 25 36 21 18 17 34 32 51 45 65 29 57 48 41 45 30 27 37 60 30 59 37 20 14 14 16 26 37 47 42 44 27 42 36 24 28 27 24 16 19 21 35 26 13 3 5 4 4 1 2 1 1 5 5 2 2 4 1 2 8 20 36 27 29 49 37 33 30 18 22 17 6 1 1 1 1 5
48 66 62 66 33 28 33 30 47 54 32 34 49 48 45 26 31 27 40 39 26 31 34 20 35 31 31 53 28 37 50 49 51 39 28 30 26 52 27 60 43 34 28 10 7 5 22 22 62 64 38 29 59 30 14 32 36 41 34 22 24 10 5 3 3 2 1 1 3 2 6 11 14 4 7 8 3 10 27 35 54 71 32 56 32 26 17 17 15 10 5 3 1 0 0 1
17 15 11 14 20 20 48 47 61 38 42 21 38 54 24 11 19 20 26 22 13 10 9 20 29 27 25 31 42 47 42 40 25 33 23 10 35 28 47 61 40 40 55 29 31 15 10 22 21 52 33 41 31 13 14 24 24 17 11 5 5 3 1 1 1 0 3 7 14 10 18 27 25 14 23 13 6 17 43 49 77 52 32 22 12 2 2 8 3 3 2 1 1 0 0 1
24 35 26 43 39 45 32 47 41 36 16 20 31 41 50 43 45 21 17 16 20 6 10 28 59 49 31 28 44 26 20 37 67 38 22 12 33 20 59 24 55 36 46 41 25 14 20 21 12 28 36 27 11 16 13 11 26 9 5 3 2 6 6 8 3 6 12 24 25 25 25 38 23 23 26 20 17 33 53 66 61 38 16 11 6 3 2 2 4 1 1 1 0 0 0 0
19 18 19 42 60 22 26 34 30 38 31 24 48 31 61 45 33 54 42 30 57 26 30 23 50 62 37 58 22 28 40 26 54 52 27 19 25 34 39 20 28 28 41 45 19 31 21 13 14 18 18 22 17 16 13 10 5 2 2 10 9 19 17 18 11 13 28 35 52 54 36 51 49 44 33 39 48 57 60 56 45 49 23 9 4 4 2 1 5 2 1 0 0 0 0 1
24 15 29 46 28 29 27 43 48 38 48 55 49 38 29 28 63 61 38 41 42 31 51 29 35 55 67 45 25 24 18 19 18 18 32 41 12 16 47 43 41 48 38 26 36 26 25 23 14 18 20 21 30 18 9 6 7 10 16 29 28 26 38 26 20 35 42 45 62 48 53 64 74 40 44 54 63 69 74 47 16 11 11 11 6 3 1 1 1 1 0 0 0 0 0 0
19 28 38 35 17 57 42 35 59 67 75 69 62 67 41 20 24 41 39 47 15 36 62 33 41 33 56 69 45 60 42 35 27 29 48 58 24 36 47 58 50 14 16 27 21 25 14 11 19 24 23 37 23 14 17 10 16 18 37 37 33 33 44 34 31 43 53 40 69 64 53 77 63 48 57 76 63 64 25 72 40 33 10 5 5 4 2 2 1 0 0 0 0 0 0 0
20 24 34 26 18 17 24 34 29 38 54 71 50 53 64 24 35 31 25 23 25 59 63 45 27 35 20 43 30 36 29 29 43 40 57 50 28 45 58 56 45 24 11 10 19 19 22 35 21 21 36 23 17 34 17 16 25 43 44 56 48 45 47 38 38 68 70 58 75 73 72 72 84 83 54 59 63 63 23 16 29 37 17 10 3 2 2 2 1 0 0 0 0 0 0 0
20 21 48 21 34 14 21 17 32 41 19 23 20 20 29 43 41 36 63 31 46 62 43 57 19 56 30 58 26 22 35 40 41 37 47 39 39 34 50 53 43 21 8 17 21 21 28 27 27 27 27 39 26 21 20 33 45 45 44 50 48 38 58 52 56 74 72 70 66 83 76 69 63 73 28 25 15 40 44 21 9 19 9 4 3 2 2 1 0 1 0 0 0 0 0 0
25 49 41 67 11 61 49 8 36 28 42 27 56 32 44 37 43 33 32 34 24 50 28 42 34 27 35 35 19 42 43 35 37 40 40 29 36 27 37 54 38 33 33 40 48 23 32 23 42 50 47 58 41 25 40 44 47 58 42 48 66 52 66 70 62 73 56 75 39 56 81 79 75 58 72 55 35 13 8 15 9 5 10 7 5 3 3 4 1 0 0 0 0 0 0 0
65 42 18 30 52 29 15 36 38 45 28 47 27 25 56 33 34 8 31 40 36 14 29 39 29 21 30 11 20 13 17 33 32 62 22 25 23 36 37 16 24 39 16 24 21 31 16 31 47 61 54 52 44 43 40 59 51 61 59 51 59 68 62 67 66 74 55 51 75 38 72 75 53 68 74 79 59 52 47 24 16 9 3 1 3 4 2 2 1 0 0 0 0 0 0 0
43 75 38 43 13 24 20 36 31 35 57 21 29 51 55 62 63 23 27 53 33 22 10 19 39 14 20 18 16 10 13 36 40 37 17 23 23 22 53 35 24 36 19 58 32 29 35 27 53 61 46 44 45 43 42 47 68 61 58 74 73 82 69 57 66 31 46 39 42 49 35 62 40 48 66 70 72 82 60 41 38 41 32 15 2 2 2 2 1 0 0 0 0 0 0 0
19 27 19 18 38 46 27 25 36 43 46 27 43 26 16 19 14 21 26 38 55 20 31 18 25 16 16 8 12 20 23 34 23 22 23 16 24 42 51 37 23 20 36 62 19 48 35 39 49 69 39 44 44 42 43 49 65 72 60 70 82 56 43 71 71 63 48 26 18 6 13 14 22 24 46 57 50 57 63 35 56 37 22 5 3 3 3 1 2 1 0 0 0 0 0 0
18 21 35 27 27 40 40 25 13 38 7 12 27 26 60 27 47 21 24 24 39 25 18 23 19 22 28 14 11 14 24 17 20 32 7 8 16 51 30 25 16 30 33 49 42 35 40 47 57 51 35 52 41 43 55 42 67 79 81 60 69 73 32 17 15 23 29 46 36 24 11 7 4 10 19 37 28 49 67 25 34 55 19 10 6 2 2 2 1 1 0 0 0 0 0 0
14 51 30 16 17 25 23 20 10 11 14 19 17 38 37 25 33 38 35 33 23 47 17 37 19 22 40 9 10 19 9 14 32 18 21 34 34 56 11 10 21 41 38 50 43 33 36 40 48 34 56 66 54 59 59 55 66 66 66 45 47 60 32 31 56 69 74 57 52 35 28 33 8 3 5 22 17 38 58 38 21 18 15 8 4 3 3 2 1 1 1 1 0 0 0 0
16 28 24 24 20 23 23 15 7 3 8 16 29 13 22 29 25 38 19 11 8 11 17 10 8 31 23 11 19 14 9 9 24 13 5 13 24 29 22 22 29 34 55 60 29 34 46 41 53 52 70 79 62 80 74 85 72 65 72 44 33 14 63 56 23 50 69 57 61 60 56 30 12 10 4 3 4 10 35 13 10 3 2 6 1 3 1 1 1 1 1 0 0 0 0 0
33 5 10 23 5 15 7 2 4 2 3 2 4 10 27 12 9 12 23 11 10 5 7 9 4 10 8 12 18 9 2 4 4 10 13 8 27 20 12 22 35 53 75 84 74 72 59 61 56 33 77 51 84 75 66 72 44 52 70 77 31 27 23 76 36 30 48 64 51 44 64 59 60 26 14 4 2 1 1 1 2 1 1 3 3 1 1 0 0 1 0 0 0 0 0 0
2 3 9 5 6 5 3 1 1 5 15 1 3 4 5 15 12 10 14 9 8 7 9 11 2 3 7 9 6 3 1 2 3 22 45 44 56 67 76 77 75 85 65 85 77 83 77 29 61 70 41 38 62 63 68 70 46 72 75 60 56 39 18 48 73 29 10 27 54 70 53 47 22 17 20 14 4 1 2 0 2 1 1 1 2 2 0 0 0 0 0 0 0 0 0 0
2 3 5 2 2 1 7 26 44 9 16 15 27 3 2 9 7 4 6 4 4 2 3 2 4 2 13 17 18 3 1 4 5 4 10 45 61 70 72 74 68 79 67 67 80 82 81 48 36 42 82 61 29 56 25 36 35 72 84 68 52 45 30 26 80 39 36 15 30 45 70 15 7 12 14 19 12 9 5 3 1 1 0 1 1 2 1 0 0 0 0 0 0 0 0 0
5 7 7 10 11 23 33 18 24 27 30 12 18 11 7 4 3 2 3 2 1 2 16 14 32 31 10 5 16 4 1 18 13 7 12 14 23 66 69 76 62 47 48 48 68 82 88 87 41 41 60 66 46 27 49 19 49 58 77 73 24 36 28 15 77 54 23 19 16 59 62 72 31 20 12 7 4 3 2 2 3 2 1 0 0 0 1 1 0 0 0 0 0 0 0 0
17 19 11 42 31 34 44 52 56 51 28 25 31 14 11 3 2 3 1 3 2 2 1 3 5 11 26 20 6 7 7 6 11 21 4 13 33 52 60 70 65 39 27 39 53 79 86 82 88 84 36 47 42 38 22 17 32 54 70 74 26 27 33 26 47 83 53 29 13 7 9 25 11 12 7 15 9 3 2 1 1 1 1 1 0 0 0 0 0 0 0 0 0 0 0 0
18 33 36 44 55 47 61 45 69 59 38 59 48 22 53 32 27 13 4 1 1 1 1 1 2 4 8 30 4 4 8 5 23 17 27 23 18 17 8 6 55 60 24 42 34 42 64 67 83 88 81 52 51 63 37 42 26 59 73 62 64 22 39 29 17 73 84 56 33 10 5 6 23 14 7 6 7 7 3 2 1 1 1 1 1 0 0 0 0 0 0 0 0 0 0 0
3 6 13 52 65 55 80 78 79 77 66 67 42 61 73 64 37 17 31 10 5 3 3 4 4 14 29 9 8 8 7 19 37 21 26 35 30 25 20 18 16 28 26 27 19 38 70 46 67 80 88 58 46 43 52 46 9 46 63 62 60 38 24 23 10 56 74 72 38 29 4 2 14 27 8 2 2 1 3 1 1 1 1 0 1 0 0 0 0 0 0 0 0 0 0 0
10 13 20 63 69 74 72 62 57 81 86 67 77 79 78 66 44 44 40 32 15 3 9 14 28 62 53 11 4 9 11 18 14 24 16 27 29 35 40 24 16 16 16 13 28 35 52 46 16 62 78 84 41 32 38 19 14 11 33 42 75 67 13 14 26 36 38 61 16 25 16 2 3 12 8 5 2 2 3 2 1 1 0 0 0 0 0 0 0 0 0 0 0 0 0 0
6 9 9 8 8 12 33 41 43 17 41 79 88 84 80 51 49 71 51 35 45 9 12 6 6 8 47 61 16 5 13 16 19 36 30 21 33 32 45 27 35 46 37 28 20 11 50 52 41 27 54 72 55 25 11 10 24 9 14 34 36 30 19 13 13 23 13 60 12 16 10 10 1 4 5 8 4 3 3 2 1 1 0 0 0 0 0 0 0 0 0 0 0 0 0 0
3 6 12 33 33 39 71 37 36 28 34 19 63 83 87 69 66 72 43 46 29 48 22 35 27 10 6 10 17 9 4 16 25 47 18 21 15 24 41 37 31 31 24 25 38 33 30 11 30 57 31 39 10 12 6 17 14 19 13 15 29 36 25 16 6 6 7 35 37 8 3 6 5 1 3 2 4 2 1 1 1 1 1 0 0 0 0 0 0 0 0 0 0 0 0 0
3 10 6 6 16 12 19 27 24 35 19 7 18 41 66 78 77 37 13 16 17 52 36 51 33 26 18 7 7 15 9 56 43 21 59 34 33 36 40 27 34 50 56 43 49 32 36 20 19 15 56 35 26 16 10 8 14 16 10 12 22 38 22 10 9 6 10 22 42 17 5 2 8 4 2 1 1 2 1 1 0 0 0 0 0 0 0 0 0 0 0 0 0 0 0 0
10 2 6 15 26 30 17 19 23 32 39 27 49 23 22 30 42 27 20 30 56 18 25 42 67 67 14 16 10 53 26 29 61 49 69 30 73 38 30 29 33 35 33 42 35 36 34 23 20 18 16 24 16 16 18 13 10 13 6 3 6 9 17 13 14 8 6 9 13 16 7 7 8 3 3 1 1 1 1 1 1 0 0 0 0 0 0 0 0 0 0 0 0 0 0 0
33 11 27 13 15 27 22 33 43 43 28 30 13 37 47 32 37 29 20 33 15 44 41 28 13 31 35 46 46 10 17 46 42 17 33 32 17 56 26 33 35 43 22 28 17 18 17 24 26 22 12 6 24 25 15 20 12 8 8 7 3 6 17 6 6 6 4 6 7 15 3 4 3 2 2 1 1 0 1 1 0 0 0 0 0 0 0 0 0 0 0 0 0 0 0 0
48 38 6 7 28 11 41 64 27 23 39 32 31 57 20 36 22 21 17 14 23 36 32 33 28 16 22 27 14 23 10 46 27 40 41 56 14 25 46 19 25 41 33 42 37 14 19 21 15 20 8 13 3 9 7 25 7 9 6 10 6 5 2 2 1 0 0 1 2 2 1 0 2 1 1 2 1 1 1 0 0 0 0 0 0 0 0 0 0 0 0 0 0 0 0 0
50 41 68 21 18 40 9 9 43 50 19 44 22 47 20 41 39 29 26 39 48 52 35 18 32 33 24 30 53 55 42 11 10 17 40 30 27 8 47 40 38 29 14 18 32 29 18 10 17 18 11 3 22 11 7 20 12 3 6 3 2 4 2 2 1 0 0 0 1 3 2 1 1 2 1 2 1 1 2 1 0 0 0 0 0 0 0 0 0 0 0 0 0 0 0 0
30 48 62 48 11 8 41 20 5 15 34 25 12 19 36 29 20 14 22 29 40 41 71 51 38 35 32 29 59 69 45 29 12 27 45 39 55 26 8 50 28 39 36 29 16 14 18 22 16 15 6 2 4 2 2 7 4 4 3 1 2 3 2 2 1 1 0 0 0 1 1 1 2 2 2 2 3 1 0 0 0 0 0 0 0 0 0 0 0 0 0 0 0 0 0 0
49 48 75 57 65 29 10 58 19 25 57 22 38 29 17 41 19 20 21 19 16 31 54 49 39 42 38 34 47 69 75 51 26 21 60 55 58 38 16 27 68 27 24 54 32 32 21 24 22 8 4 1 1 2 1 2 4 3 1 1 1 1 1 2 1 1 0 0 0 0 0 1 1 0 0 1 1 1 1 0 0 0 0 0 0 0 0 0 0 0 0 0 0 0 0 0
57 47 43 65 39 48 51 18 65 37 51 66 50 58 40 22 24 21 29 52 25 42 66 59 40 40 41 29 19 24 66 57 40 29 25 62 43 31 25 15 21 52 15 14 16 17 19 24 32 14 17 5 3 2 1 1 1 1 1 4 1 0 1 1 0 0 0 0 0 0 0 0 0 0 0 0 0 0 0 0 0 0 0 0 0 0 0 0 0 0 0 0 0 0 0 0
25 66 58 69 56 63 69 58 35 27 18 13 25 18 20 49 38 25 44 16 60 27 69 77 41 43 45 28 16 7 15 41 59 39 15 41 52 22 47 37 26 14 39 40 20 18 28 16 20 8 20 6 2 1 1 1 1 1 0 1 1 1 0 0 0 0 0 0 0 0 0 0 0 0 0 0 0 0 0 0 0 0 0 0 0 0 0 0 0 0 0 0 0 0 0 0
18 21 9 32 35 9 13 9 35 28 49 49 48 53 22 24 50 48 42 41 31 24 60 82 63 56 50 49 28 9 8 9 49 33 37 33 53 19 46 50 35 15 12 35 25 30 20 15 16 5 1 2 3 2 2 1 0 0 0 0 0 0 0 0 0 0 0 0 0 0 0 0 0 0 0 0 0 0 0 0 0 0 0 0 0 0 0 0 0 0 0 0 0 0 0 0
19 33 27 13 15 30 22 21 23 49 28 48 36 20 30 46 25 19 28 45 26 73 45 65 73 55 61 53 51 23 10 11 8 22 35 38 44 21 46 27 34 33 22 17 28 17 17 25 16 10 6 2 3 1 1 1 0 0 0 0 0 0 0 0 0 0 0 0 0 0 0 0 0 0 0 0 0 0 0 0 0 0 0 0 0 0 0 0 0 0 0 0 0 0 0 0
38 29 35 22 33 52 33 26 39 43 22 33 32 14 30 53 36 40 25 27 62 47 34 29 75 50 22 17 17 11 13 5 13 6 11 17 76 53 28 41 26 14 22 23 13 22 11 11 24 17 11 4 2 1 1 1 0 0 0 0 0 0 0 0 0 0 0 0 0 0 0 0 0 0 0 0 0 0 0 0 0 0 0 0 0 0 0 0 0 0 0 0 0 0 0 0
25 18 21 19 7 22 23 25 17 12 38 33 32 12 24 36 26 35 43 71 47 31 41 59 76 67 32 24 23 26 22 22 8 12 13 8 5 7 21 22 17 29 11 20 15 23 22 10 23 10 11 8 4 2 1 0 0 0 0 0 1 2 2 1 0 0 0 0 0 0 0 0 0 0 0 0 0 0 0 0 0 0 0 0 0 0 0 0 0 0 0 0 0 0 0 0
15 10 18 9 21 15 18 14 8 7 13 16 18 30 26 28 23 40 35 26 29 29 16 9 17 17 14 21 43 43 24 48 34 12 8 6 7 7 5 18 14 27 19 9 24 14 19 13 10 4 6 4 2 2 0 0 0 0 1 2 2 2 1 1 1 0 0 0 0 0 0 0 0 0 0 0 0 0 0 0 0 0 0 0 0 0 0 0 0 0 0 0 0 0 0 0
19 10 15 3 10 9 20 29 56 51 43 6 12 27 23 12 22 37 54 39 45 19 28 22 15 20 48 27 30 41 53 37 22 22 23 4 3 4 6 9 8 14 18 21 18 16 9 6 12 5 3 2 1 1 1 1 1 2 3 2 4 3 3 2 1 1 1 1 1 1 1 0 0 0 0 0 0 0 0 0 0 0 0 0 0 0 0 0 0 0 0 0 0 0 0 0
5 6 3 4 20 20 9 29 68 70 55 58 35 15 26 36 30 43 43 21 14 19 40 30 26 28 42 19 9 27 24 15 7 13 21 11 5 4 10 5 4 6 6 6 9 9 9 4 7 4 2 1 1 2 3 3 2 4 5 5 3 5 5 3 6 2 2 2 2 2 0 0 0 0 0 0 0 0 0 0 0 0 0 0 0 0 0 0 0 0 0 0 0 0 0 0
3 7 17 17 26 21 39 33 10 27 60 57 57 65 68 56 80 49 39 42 14 9 35 23 25 36 21 19 12 10 24 24 23 17 22 11 8 16 19 6 3 14 7 9 5 3 7 3 2 2 1 2 4 7 7 8 5 4 4 6 4 7 8 10 8 5 3 2 2 1 1 1 1 1 0 0 0 0 0 0 0 0 0 0 0 0 0 0 0 0 0 0 0 0 0 0
12 3 2 9 40 45 52 78 70 38 46 76 67 51 76 58 82 82 79 57 29 46 9 11 11 10 31 34 35 46 14 50 46 23 8 11 4 13 13 7 17 8 7 5 7 4 4 4 2 2 5 5 12 22 20 11 15 7 8 8 6 13 13 12 8 6 4 3 3 3 2 0 0 0 0 0 0 0 0 0 0 0 0 0 0 0 0 0 0 0 0 0 0 0 0 0
16 18 39 10 8 30 51 70 73 39 31 79 44 39 75 54 51 29 45 59 19 30 23 19 13 19 25 33 32 51 24 14 13 30 18 17 6 25 11 10 14 18 14 12 13 18 15 9 3 11 18 18 22 36 35 32 10 6 25 13 10 15 15 9 13 11 2 8 6 3 2 1 1 0 0 0 1 0 0 0 0 0 0 0 0 0 0 0 0 0 0 0 0 0 0 0
45 18 30 59 36 18 18 28 29 69 25 70 49 47 69 35 15 24 37 24 19 9 24 15 21 34 33 16 11 33 22 14 6 5 7 6 20 22 10 7 36 35 18 38 28 12 12 6 5 15 33 33 34 64 27 23 17 8 37 15 13 16 24 28 15 9 8 9 3 1 1 1 1 1 0 0 1 0 0 0 0 0 0 0 0 0 0 0 0 0 0 0 0 0 0 0
67 62 31 55 67 78 69 38 16 17 47 75 66 27 69 33 34 25 36 26 13 10 32 14 31 26 28 24 20 15 9 11 11 18 21 14 28 6 11 19 36 36 44 44 22 10 5 9 21 17 31 52 66 34 22 28 27 15 53 21 43 14 29 14 13 29 13 5 8 3 1 2 3 3 1 0 0 1 0 0 0 0 0 0 0 0 0 0 0 0 0 0 0 0 0 0
63 75 74 66 67 83 70 86 59 12 38 67 12 25 49 47 36 15 49 9 10 9 18 11 45 29 16 12 12 3 3 12 20 13 31 11 36 9 26 25 54 54 61 24 20 11 11 25 38 36 33 59 58 35 40 55 43 25 62 55 28 34 27 33 46 26 17 10 5 2 2 11 3 0 1 1 0 0 0 0 0 0 0 0 0 0 0 0 0 0 0 0 0 0 0 0
56 80 79 85 77 72 82 81 70 41 35 34 42 15 49 39 29 20 13 9 9 10 27 15 22 19 17 34 24 23 26 26 16 8 10 23 53 24 30 40 67 65 44 25 13 22 26 54 65 48 40 63 50 35 49 69 32 51 55 49 56 21 32 64 57 26 18 8 8 9 5 4 2 2 1 0 0 0 0 0 0 0 0 0 0 0 0 0 0 0 0 0 0 0 0 1
13 70 82 69 78 35 61 71 71 68 59 66 46 13 51 73 45 18 22 15 7 16 25 15 12 16 27 8 12 13 5 10 8 23 51 34 54 25 26 42 66 43 19 9 21 45 43 46 75 57 62 64 34 57 71 62 29 53 41 64 52 60 63 52 33 20 20 8 3 1 1 1 0 0 0 0 0 0 0 0 0 0 0 0 0 0 0 0 0 0 0 0 0 0 0 1
28 26 51 23 12 13 19 16 21 10 14 28 58 18 11 50 59 44 34 29 14 12 9 11 28 8 16 17 42 38 7 18 23 26 64 67 75 42 28 54 47 21 12 27 54 56 49 51 77 57 66 77 67 58 76 63 62 37 59 65 41 62 44 15 6 5 3 5 9 6 5 3 4 1 0 0 0 0 0 0 0 0 0 0 0 0 0 0 0 0 0 0 0 0 1 1
30 28 12 17 27 53 56 21 25 5 11 13 8 4 16 8 11 19 9 7 6 26 14 16 7 29 25 32 18 28 25 44 39 40 65 76 59 50 43 59 29 27 26 47 61 59 68 46 66 76 69 82 86 70 63 80 81 60 79 73 71 78 49 56 31 21 19 12 5 1 2 1 1 1 1 1 0 0 0 0 0 0 0 0 0 0 0 0 0 0 0 0 0 0 0 2
49 51 38 34 53 60 63 49 20 17 27 19 22 16 15 21 17 6 6 9 12 33 14 15 28 33 16 60 52 40 51 58 52 55 65 42 28 43 25 56 43 34 33 49 64 71 75 66 71 79 69 80 76 75 29 40 74 81 78 62 21 13 28 22 44 20 12 16 4 1 1 1 1 0 0 0 0 0 0 0 0 0 0 0 0 0 0 0 0 0 0 0 0 0 1 1
33 9 39 47 57 50 53 32 9 19 19 25 50 39 18 18 8 13 11 12 3 7 48 31 21 6 12 32 45 36 37 46 64 40 67 28 41 30 11 53 42 40 51 65 65 78 79 64 81 87 65 45 46 35 20 19 51 61 45 26 31 21 17 23 15 11 9 3 7 3 2 1 1 1 0 0 0 0 0 0 0 0 0 0 0 0 0 0 1 0 0 0 0 1 1 1
