sesion_6_simulaciones/modelos_agentes/ejemplos_netlogo/scenarios/echam4_a2/rob_2063.asc
NCOLS 322 
NROWS 307 
XLLCORNER 451900 
YLLCORNER 4086900 
CELLSIZE 100 
NODATA_value -9999 
[rows 0 to 73 of 307, columns 96 to 191 of 322]
2 0 0 0 1 0 0 0 0 0 0 0 1 3 4 1 2 1 2 0 2 1 1 3 1 0 1 1 1 1 0 0 1 1 0 0 1 1 1 1 0 5 21 32 42 35 36 36 60 32 23 26 11 5 8 11 8 2 4 3 4 1 1 1 4 8 10 1 1 8 15 7 7 9 9 7 9 13 7 47 36 21 35 38 48 34 36 40 47 60 36 24 17 6 13 27
0 0 0 0 0 0 0 0 0 0 0 0 2 4 2 2 0 1 0 1 1 0 0 0 1 0 1 0 0 3 1 0 0 1 0 1 1 1 1 2 4 7 9 7 63 73 64 53 80 50 51 33 6 8 25 3 1 2 1 1 0 1 1 1 2 1 1 8 8 7 4 14 24 11 22 29 39 15 17 23 23 20 34 42 48 34 34 44 47 37 43 31 39 17 24 27
0 0 0 0 0 0 0 0 0 0 0 0 1 1 0 0 1 1 2 2 3 0 0 0 1 0 1 0 1 1 2 2 0 1 3 2 2 3 5 6 10 19 13 17 5 2 6 23 78 56 55 54 11 33 21 14 8 4 2 3 1 11 27 17 35 9 6 13 4 6 5 7 12 14 21 39 54 56 30 19 22 21 34 35 47 36 41 53 31 31 40 28 37 36 23 25
0 0 0 0 0 0 0 0 0 0 0 0 0 1 1 1 1 2 2 2 1 0 1 1 0 0 0 0 1 0 1 1 1 2 3 2 6 7 19 31 45 51 29 7 3 5 2 3 14 5 11 8 4 10 23 3 19 1 1 4 4 14 43 39 47 47 38 7 14 12 10 15 9 12 22 25 34 13 11 18 29 30 43 43 46 33 32 39 27 26 40 37 25 34 17 41
0 0 0 0 0 0 0 0 0 0 0 0 0 0 1 1 1 5 2 1 1 1 1 1 1 1 0 0 0 2 3 2 1 3 5 7 12 21 46 62 67 57 38 14 7 3 5 10 6 4 8 7 1 23 3 7 11 5 1 2 19 34 27 48 25 9 43 17 25 30 14 13 9 8 22 16 20 18 22 26 28 25 67 43 29 34 32 45 29 35 36 50 19 34 44 44
0 0 0 0 0 0 0 0 0 1 0 0 0 0 0 0 1 1 2 2 0 1 2 1 2 1 1 0 0 0 1 3 3 1 9 18 27 49 66 49 63 64 55 24 7 13 6 9 10 8 10 23 3 6 5 12 4 4 3 5 24 27 6 3 4 13 19 4 7 9 3 11 47 30 17 10 14 15 13 27 20 28 33 32 40 29 28 47 42 29 39 29 35 45 56 22
0 0 0 0 0 0 0 0 0 1 1 0 0 0 0 1 0 1 2 2 3 1 1 1 1 1 1 1 0 0 1 3 4 4 10 46 56 58 61 62 64 62 28 13 15 33 16 25 17 16 12 24 13 10 14 7 3 6 10 3 2 3 3 5 2 4 18 34 19 18 4 18 7 3 32 19 18 24 10 22 19 14 18 15 31 32 26 41 38 18 39 32 33 31 18 17
0 0 0 0 0 0 0 0 0 0 3 3 4 1 0 0 0 1 1 1 2 9 1 4 4 1 1 0 1 1 1 1 5 18 14 45 42 60 63 54 50 16 21 18 43 30 22 46 26 23 11 15 26 27 14 12 10 33 43 42 17 5 1 1 6 3 12 8 23 11 11 6 3 7 4 18 32 57 41 12 21 27 15 23 51 29 30 39 47 50 24 20 7 13 14 12
0 0 0 0 0 0 0 0 0 0 0 3 4 11 2 3 0 0 0 1 2 1 1 2 1 0 1 1 0 1 3 3 10 37 49 18 13 19 16 16 29 15 12 24 56 40 19 27 32 19 15 11 63 23 16 26 17 27 5 13 44 23 9 1 7 5 4 4 1 4 17 13 4 5 18 6 10 15 19 44 45 68 32 38 15 10 22 62 24 42 24 60 41 23 14 21
0 0 0 0 0 0 0 0 0 0 0 0 0 0 0 0 0 0 0 0 1 0 1 1 1 1 1 1 1 2 3 17 18 16 34 26 27 26 14 15 8 7 14 29 61 32 12 12 21 25 21 11 19 76 55 50 6 13 5 29 16 23 4 6 1 3 2 2 5 9 9 11 14 11 19 32 9 15 49 58 23 52 36 24 11 15 10 25 26 39 17 39 73 58 18 13
0 0 0 0 0 0 0 0 0 0 0 0 0 0 0 0 1 0 1 0 0 0 1 1 1 0 0 1 2 5 13 21 59 39 20 21 26 43 40 26 16 7 6 9 35 11 13 17 24 17 27 11 22 27 74 53 15 9 12 24 10 11 5 2 4 5 6 2 10 22 19 22 15 9 25 37 22 9 12 46 25 27 39 50 18 19 14 18 54 40 37 34 67 76 48 21
0 0 0 0 0 0 0 0 0 0 0 0 0 1 1 0 0 1 2 1 3 1 0 1 1 1 0 1 2 23 30 29 32 30 23 17 23 47 37 29 16 8 10 18 21 9 12 32 16 19 42 15 24 41 20 38 18 14 21 18 6 6 15 10 5 3 12 12 25 54 57 62 10 21 36 39 26 14 12 49 23 4 29 57 19 26 23 21 44 26 23 27 52 59 59 46
0 0 0 0 0 0 0 0 0 0 0 0 0 0 0 1 1 0 2 2 5 5 1 0 0 1 0 1 5 15 39 23 25 22 25 44 43 15 22 40 16 6 8 30 23 10 19 20 24 33 48 37 35 56 33 28 28 23 33 8 7 9 15 12 6 5 4 13 28 16 42 33 25 16 16 44 14 13 5 13 30 4 38 68 21 25 38 21 16 49 31 13 21 35 59 69
0 0 0 0 0 0 0 0 0 0 0 0 0 0 0 0 2 1 4 1 1 1 3 1 1 0 1 8 12 12 19 21 17 8 10 11 11 8 7 13 16 3 2 2 9 8 16 17 46 60 67 63 43 48 29 43 40 29 24 25 7 5 17 17 13 12 6 7 9 5 2 2 18 22 18 21 14 24 13 8 3 6 20 54 57 24 32 35 21 20 42 20 34 53 79 60
0 0 0 0 0 0 0 0 0 0 0 0 0 0 0 0 0 0 4 2 1 3 4 1 1 1 2 3 13 18 9 6 6 8 14 12 12 10 5 2 12 2 8 5 2 3 17 32 38 69 69 65 50 59 40 61 55 40 37 41 6 22 30 27 14 9 4 6 4 2 2 17 41 30 32 40 31 23 11 12 21 6 21 52 64 26 12 16 20 17 12 12 29 45 51 48
0 0 0 0 0 0 0 0 0 0 0 0 0 0 0 0 0 1 0 0 1 1 0 7 2 2 1 3 4 3 4 12 15 18 12 18 35 37 18 4 4 4 2 6 3 4 3 23 35 40 51 40 41 40 51 34 44 34 45 37 6 19 5 26 41 22 6 7 10 2 6 33 38 39 13 8 15 24 32 27 21 18 19 48 71 85 53 36 19 15 16 9 32 68 56 37
0 0 0 0 0 0 0 0 0 0 0 0 0 0 0 0 0 1 0 1 1 0 0 1 6 2 4 6 22 18 10 6 8 14 14 29 43 49 36 3 8 8 3 5 15 16 18 4 19 31 21 21 15 17 31 47 47 47 51 45 12 24 16 18 27 8 5 6 5 5 6 32 23 33 8 7 13 12 42 26 25 26 30 39 72 86 84 30 21 20 19 14 35 61 64 62
0 0 0 0 0 0 0 0 0 0 0 0 0 0 0 0 0 0 1 1 0 0 1 1 2 3 1 3 4 3 9 9 13 8 29 54 34 43 35 17 26 28 20 21 34 33 38 22 7 3 4 5 4 2 10 56 80 88 59 22 45 23 21 13 25 14 7 14 4 4 34 36 34 29 9 23 40 20 31 31 20 19 14 9 59 66 64 61 40 24 25 18 23 44 49 24
0 0 0 0 0 0 0 0 0 0 0 0 0 0 0 0 0 0 0 0 0 1 1 1 4 6 3 3 3 7 10 15 9 22 28 35 13 17 20 44 33 41 48 57 52 35 44 40 21 15 11 12 15 2 3 15 80 84 58 32 28 34 15 11 18 5 6 8 2 26 49 49 39 52 15 16 37 38 40 71 39 26 15 10 21 48 55 52 56 34 29 29 15 31 71 22
0 0 0 0 0 0 0 0 0 0 0 0 0 0 0 0 0 0 0 0 0 1 1 0 2 2 2 3 5 5 7 25 17 16 18 11 22 25 22 31 57 61 53 30 36 20 35 44 25 21 20 6 11 5 11 8 28 41 52 51 34 18 14 28 23 3 7 27 50 38 61 77 29 73 29 9 33 65 39 67 57 46 36 16 18 55 74 59 66 46 40 26 11 21 61 50
0 0 0 0 0 0 0 0 0 0 0 0 0 0 0 0 0 0 0 0 0 0 0 0 1 2 2 1 1 4 3 3 8 13 25 12 13 25 15 49 29 29 53 41 25 24 28 41 39 19 29 23 8 14 22 16 22 48 61 52 15 15 51 42 20 4 24 26 38 47 37 40 22 29 54 38 24 21 27 68 29 27 50 36 30 15 61 41 68 35 44 25 17 18 26 49
0 0 0 0 0 0 0 0 0 0 0 0 0 0 0 0 0 0 0 1 0 0 0 0 3 2 4 3 2 4 3 7 9 37 30 19 54 18 33 13 31 21 18 19 38 41 69 55 54 22 25 21 20 22 32 26 26 42 63 60 58 15 22 23 12 15 42 8 28 46 57 31 42 18 51 61 34 21 30 79 85 47 22 63 49 17 13 25 66 52 45 44 20 19 19 48
0 0 0 0 0 0 0 0 0 0 0 0 0 0 0 0 0 0 0 0 1 1 1 1 4 1 2 6 3 2 12 31 36 7 3 57 40 14 15 17 27 43 28 20 19 47 39 16 23 18 37 22 23 25 25 28 17 27 49 33 27 22 12 11 13 33 44 5 23 17 41 55 49 17 17 45 44 56 28 60 86 63 57 28 49 25 9 23 65 71 24 55 35 19 24 40
0 0 0 0 0 0 0 0 1 0 0 0 0 1 1 0 0 0 0 2 1 2 2 2 4 4 2 9 12 6 5 5 2 2 2 8 20 23 9 21 23 40 38 41 36 13 10 7 4 4 16 13 8 11 20 11 13 14 15 28 34 24 14 19 45 34 21 10 19 22 21 46 38 35 29 64 65 45 41 24 65 68 49 68 31 21 16 17 17 50 19 34 30 15 13 19
0 0 0 0 0 0 0 0 1 0 0 0 1 1 1 1 5 1 1 1 3 5 12 5 4 5 15 9 25 12 5 3 8 8 5 1 3 27 22 7 15 35 50 58 42 36 29 23 17 16 8 6 4 2 3 3 3 5 22 32 44 24 30 32 18 40 19 24 34 27 19 34 52 57 17 58 65 45 48 33 52 67 38 20 52 33 17 17 13 23 23 22 33 16 8 9
1 0 0 0 0 0 0 0 0 1 1 1 2 2 3 2 4 6 1 2 11 35 42 58 41 37 36 20 35 23 51 55 52 24 8 7 9 7 5 13 29 23 30 40 51 54 53 40 36 33 18 16 17 16 15 14 15 13 38 45 39 30 22 22 18 39 32 45 16 43 20 16 47 36 19 44 45 24 30 28 30 40 66 20 21 14 19 8 7 15 11 19 9 8 6 6
1 0 1 1 1 0 0 0 1 2 1 1 1 6 9 6 7 32 16 36 47 52 58 65 54 64 59 53 59 66 43 13 28 37 27 10 14 11 5 5 19 26 32 50 44 47 54 43 43 39 33 31 32 31 18 28 19 20 33 27 32 21 12 13 11 42 27 44 39 44 12 19 28 35 25 43 40 53 19 27 28 13 36 24 13 27 10 9 2 7 12 9 10 7 7 6
1 1 1 1 1 1 1 1 2 3 3 8 6 9 19 48 41 31 46 13 20 24 41 59 61 53 82 71 71 71 13 9 8 9 20 18 25 13 19 13 16 36 43 38 48 46 38 62 53 41 35 36 34 33 31 33 32 10 20 19 21 13 13 22 38 60 55 30 36 18 25 13 27 30 30 19 18 32 37 20 31 18 28 23 7 23 12 8 2 4 10 10 8 10 5 2
1 3 1 1 2 2 2 2 4 9 19 32 54 58 71 71 53 60 62 42 17 8 28 48 33 30 21 47 52 47 25 5 4 3 4 7 14 13 16 20 8 19 28 31 17 17 11 30 41 36 49 48 35 33 32 47 35 12 13 12 8 18 32 41 49 41 23 25 17 33 29 38 22 20 23 19 18 20 33 22 19 17 15 11 13 11 11 8 6 2 6 3 4 6 2 2
2 4 1 1 6 5 5 10 19 40 65 58 73 76 68 86 58 62 81 27 58 19 11 28 17 11 17 18 16 17 41 19 11 2 4 2 8 6 7 18 16 18 37 15 20 19 12 27 22 14 13 13 11 22 22 11 35 21 15 11 14 20 37 40 44 35 17 36 48 28 35 24 21 17 14 9 11 11 16 16 15 13 6 10 6 3 4 2 3 2 1 0 1 1 1 1
1 6 5 4 8 14 25 40 39 70 65 82 67 80 72 74 41 54 78 61 23 25 12 7 7 6 3 2 9 10 13 56 18 5 6 4 19 46 46 32 29 18 16 9 12 15 16 6 5 8 9 20 30 31 17 18 34 21 31 10 17 24 38 27 41 20 14 26 44 41 27 20 10 17 13 7 4 2 4 7 8 5 3 3 2 3 2 2 1 1 1 1 7 4 4 6
6 11 20 20 39 64 53 63 70 72 65 86 64 71 48 65 42 66 62 67 14 33 32 11 8 2 2 1 3 5 5 9 12 5 6 10 5 12 12 15 11 11 13 21 23 15 17 9 15 16 40 54 46 30 51 11 40 35 9 4 4 16 13 30 24 27 15 10 13 19 16 16 8 3 3 4 6 4 10 13 8 11 7 11 12 12 10 9 8 12 4 4 19 11 7 14
25 36 45 62 60 59 65 71 76 64 87 57 29 49 41 44 52 54 54 63 25 14 21 10 9 5 2 3 8 9 9 16 10 3 12 9 12 13 22 14 27 17 28 29 36 35 27 25 21 25 35 61 62 61 61 29 43 35 19 24 14 3 4 5 7 6 11 7 6 6 7 6 6 11 19 17 28 18 27 16 17 25 14 23 17 39 23 11 18 17 8 9 18 14 10 21
51 72 72 57 71 70 80 62 64 45 70 13 23 18 28 42 44 32 29 51 27 10 4 4 6 8 8 6 9 4 31 29 24 15 20 22 20 18 20 22 23 26 28 28 44 31 43 29 17 50 42 43 52 40 32 27 60 33 28 47 36 25 24 25 25 25 40 28 22 19 21 21 32 33 32 20 34 31 33 33 31 30 28 29 44 33 25 21 21 13 19 12 24 14 30 30
7 11 43 42 60 54 71 61 26 5 2 3 10 7 7 9 11 22 36 51 25 6 8 14 7 6 24 16 24 17 27 24 23 20 19 38 28 13 29 26 25 36 35 36 28 28 39 29 25 36 46 39 50 57 39 44 32 26 35 39 33 38 38 42 43 38 51 44 37 21 35 35 33 34 47 34 34 49 34 47 46 34 38 37 61 33 29 28 27 25 23 19 34 36 35 47
9 6 4 5 4 4 15 15 15 5 4 7 12 12 5 3 2 5 25 25 12 7 27 6 18 27 32 22 32 19 18 15 29 26 12 22 22 13 20 28 22 39 23 22 23 28 44 30 21 25 43 37 22 65 37 56 27 30 38 31 48 35 32 33 36 26 55 38 25 36 35 34 47 34 46 34 35 50 49 51 39 35 49 44 48 37 32 33 29 29 29 27 57 45 34 35
17 32 25 9 9 8 2 5 8 3 7 11 9 5 2 4 1 10 8 13 19 34 35 14 28 21 27 24 17 7 2 9 17 17 11 19 10 13 19 28 33 18 22 19 19 40 31 19 31 35 40 52 25 66 57 22 49 44 41 24 36 32 48 45 35 43 37 38 36 25 35 51 49 35 49 47 37 54 37 47 38 50 54 65 50 34 20 43 34 36 44 47 52 25 53 35
22 16 15 11 6 5 6 5 12 15 17 19 14 4 5 12 13 18 19 29 54 46 49 29 21 14 15 19 19 16 7 7 15 11 22 9 8 13 12 22 8 7 21 26 21 51 24 30 41 27 49 21 46 45 20 33 57 42 22 36 26 40 44 33 23 40 39 37 23 37 58 60 54 35 47 53 50 57 38 36 43 53 55 50 39 26 25 47 41 28 55 56 53 27 18 58
8 16 23 17 18 9 20 14 19 22 24 37 28 20 17 25 14 27 34 37 47 31 13 21 31 16 7 11 18 16 11 6 9 12 5 15 8 23 15 10 13 8 23 15 17 60 33 31 26 21 26 46 37 22 21 19 37 52 24 37 36 51 40 22 45 44 49 37 21 37 52 71 57 40 47 54 57 44 36 29 44 71 65 58 53 26 48 70 50 25 46 68 66 35 19 57
19 33 13 15 8 17 24 15 14 26 27 30 25 25 29 26 27 32 37 31 37 24 18 22 15 9 9 18 11 14 8 11 5 4 11 12 15 10 13 9 10 5 23 5 5 28 24 31 15 22 22 10 39 6 4 4 13 36 16 41 48 38 34 56 44 44 29 13 25 52 59 75 62 44 47 67 74 46 46 30 51 77 49 39 39 33 54 70 51 33 27 76 81 56 32 49
7 15 9 22 15 22 17 16 15 15 28 32 21 21 46 19 24 30 24 23 32 23 10 19 12 12 15 11 12 15 5 10 5 5 3 10 3 6 5 11 9 9 13 7 21 16 35 20 7 14 18 12 14 7 7 5 7 12 9 39 50 43 46 61 20 41 15 16 23 56 69 70 65 47 52 68 79 37 49 25 62 84 55 29 27 36 56 71 53 36 31 64 75 65 24 47
4 8 26 14 8 11 13 8 7 10 26 18 14 26 16 15 10 21 25 13 11 15 15 14 8 8 6 6 6 25 4 9 4 5 4 8 7 6 4 6 4 9 8 7 14 7 13 5 6 4 6 18 11 8 5 6 21 7 9 26 25 32 68 28 41 36 23 28 35 45 63 63 66 32 40 67 48 30 54 25 46 70 57 47 27 33 58 69 51 42 33 46 68 42 32 47
2 2 7 2 2 2 5 4 3 5 6 8 7 13 11 10 12 11 15 12 8 4 8 9 8 7 9 5 4 5 6 10 3 2 3 8 3 2 2 5 3 7 5 5 7 5 11 2 2 2 2 8 1 3 5 5 11 4 10 16 13 35 14 26 58 24 24 35 44 41 44 66 44 23 40 60 46 33 52 34 41 63 37 31 34 24 30 71 66 38 24 43 65 39 23 47
0 1 0 1 1 1 2 3 1 4 4 7 9 5 5 10 7 7 8 9 4 3 3 7 6 3 7 2 3 5 3 4 1 1 3 2 1 3 2 5 7 2 2 6 4 1 1 7 1 1 1 2 1 1 2 6 6 12 10 5 5 5 15 45 15 21 41 21 27 25 23 46 17 14 23 46 24 30 40 16 45 49 24 28 33 39 14 29 68 31 23 36 60 43 32 28
0 0 0 0 1 0 1 1 1 2 2 4 4 3 4 5 4 3 4 5 5 2 5 3 4 3 3 3 1 2 3 5 0 1 1 4 1 1 1 1 7 2 1 1 1 1 1 0 1 2 1 4 2 1 2 3 11 7 5 16 10 5 19 9 21 35 11 13 12 19 7 36 6 8 11 28 12 39 36 14 23 25 15 34 39 41 20 25 58 35 18 31 37 19 27 19
0 0 0 0 0 0 1 1 1 1 2 4 2 1 2 3 3 7 3 1 1 1 7 1 1 3 2 1 0 1 1 1 0 0 1 0 0 0 1 0 4 1 1 1 1 2 1 4 11 13 11 4 9 5 2 5 7 4 5 6 4 5 10 4 20 6 8 7 8 15 4 13 5 14 4 10 7 22 13 9 28 10 11 15 32 12 20 11 32 19 21 15 41 42 44 34
0 0 0 0 0 1 0 0 0 1 1 2 1 2 1 3 1 3 2 1 1 2 2 2 1 2 1 1 0 0 0 0 1 1 0 0 1 1 1 1 1 2 3 4 1 17 3 27 7 9 4 4 15 15 31 9 9 1 3 6 4 6 1 2 6 3 3 5 8 9 11 8 9 6 4 18 4 16 4 4 25 5 21 21 37 13 18 15 19 33 22 41 47 51 64 81
0 0 0 0 0 0 1 0 0 0 0 0 0 1 1 1 1 2 2 2 1 1 1 2 0 0 1 0 1 1 0 0 0 0 4 4 2 3 8 13 5 6 7 17 6 4 14 21 4 17 7 5 9 21 17 9 14 15 10 21 11 28 21 4 7 9 11 11 6 14 22 12 13 37 38 37 46 68 47 23 29 44 47 38 10 68 64 52 38 12 28 17 28 66 38 57
0 0 0 0 0 1 0 0 0 0 0 0 0 1 1 1 1 2 1 1 1 1 1 1 1 0 0 0 0 0 0 0 0 0 0 3 5 1 1 8 9 10 4 26 33 5 6 11 24 13 20 3 5 26 29 8 41 25 40 33 7 23 10 10 7 14 10 30 37 2 4 25 32 6 19 51 16 40 21 61 15 44 66 45 22 68 52 48 72 68 52 21 40 54 35 23
0 0 0 0 0 0 0 0 0 0 0 0 1 0 0 1 0 1 0 0 1 0 1 1 1 0 0 0 0 1 0 0 0 0 0 1 1 0 1 3 8 2 19 34 14 4 10 5 15 13 24 6 7 22 20 38 22 11 26 41 12 2 6 25 19 29 26 19 32 25 4 30 51 11 25 61 8 6 17 70 59 30 24 46 48 69 53 71 81 72 35 62 23 19 52 67
0 0 0 0 0 0 0 0 0 0 0 0 0 0 0 0 0 0 0 0 0 0 0 0 0 0 0 0 0 0 0 0 0 0 0 0 0 5 2 7 3 12 7 8 35 17 7 4 14 18 17 25 8 38 37 69 18 38 67 60 40 3 17 19 21 63 51 56 28 52 15 11 47 16 36 62 22 21 11 46 35 45 8 9 18 63 67 65 79 59 22 66 39 30 48 55
0 0 0 0 0 0 0 0 0 0 0 0 0 0 0 0 0 0 0 0 0 0 0 0 0 0 0 0 0 0 0 0 0 0 0 1 1 1 7 23 8 24 8 25 20 33 13 16 28 34 65 71 25 50 76 84 42 68 79 59 42 16 41 49 25 22 19 14 41 72 20 14 37 14 42 51 78 22 39 79 54 67 57 19 16 37 60 59 49 39 61 86 42 28 16 17
0 0 0 0 0 0 0 0 0 0 0 0 0 0 0 0 0 0 0 0 0 0 0 0 0 0 0 0 0 0 1 0 0 1 2 3 2 3 23 11 16 10 6 44 40 16 10 9 20 39 61 53 52 29 60 87 45 48 68 59 69 58 59 72 18 27 31 22 44 65 53 31 6 21 60 75 73 64 26 84 26 61 75 40 24 22 50 36 41 20 76 86 65 41 45 18
0 0 0 0 0 0 0 0 0 0 0 0 0 0 0 0 0 0 0 0 0 0 0 0 0 0 0 1 3 0 0 0 3 2 2 3 1 6 14 13 31 12 35 13 69 15 20 17 10 23 62 45 27 12 13 42 61 70 76 73 86 66 71 69 59 34 44 30 51 51 77 49 23 22 49 71 77 75 49 66 64 58 67 78 42 26 17 17 15 30 73 54 77 47 44 27
0 0 0 0 0 0 0 0 0 0 0 0 0 0 0 0 0 0 0 0 0 0 0 0 0 0 0 0 1 0 0 2 1 1 6 3 2 2 1 5 5 4 1 1 10 15 53 35 13 6 25 9 15 7 6 10 13 45 54 46 57 67 63 59 82 37 37 29 10 68 89 37 23 19 61 52 54 58 29 44 44 20 69 81 66 40 10 12 15 21 15 38 79 45 30 38
0 0 0 0 0 0 0 0 0 0 0 0 0 0 0 0 0 0 0 0 0 0 0 0 0 1 0 0 0 0 1 1 3 6 5 4 4 8 3 1 3 10 4 2 4 8 15 25 28 8 11 8 18 9 10 21 16 9 16 35 33 13 28 63 86 63 30 37 47 74 88 49 17 9 20 31 56 43 52 59 48 13 51 71 81 31 20 11 34 39 23 40 89 62 55 59
0 0 0 0 0 0 0 0 0 0 0 0 0 0 0 0 0 0 0 0 0 0 0 0 1 3 1 0 0 1 1 1 3 5 2 1 7 11 4 3 4 15 8 5 9 8 11 10 11 5 12 30 35 33 26 24 15 12 10 8 2 1 8 75 74 70 45 23 27 67 79 76 61 21 12 34 47 36 38 28 52 39 22 76 77 62 27 18 40 30 54 83 84 83 67 63
0 0 0 0 0 0 0 0 0 0 0 1 0 0 0 0 0 0 0 0 0 0 0 0 0 1 1 2 2 3 1 1 6 3 5 8 6 14 8 10 8 15 16 9 4 19 11 16 12 4 12 48 58 61 58 46 31 28 25 25 24 20 23 43 45 59 50 21 8 45 40 78 78 32 15 44 51 40 24 45 68 34 22 24 77 80 32 18 51 59 54 75 52 79 49 32
0 0 0 0 0 0 0 0 0 0 0 1 1 0 0 0 0 0 0 0 0 0 0 0 0 0 1 2 3 1 1 1 1 1 10 12 4 6 12 27 15 19 15 12 3 7 33 24 16 12 10 31 73 77 69 70 58 56 45 45 76 79 81 71 57 54 42 26 12 7 33 50 83 63 56 18 40 47 27 6 20 34 36 53 71 76 51 31 18 39 40 33 79 78 87 60
0 0 0 0 1 1 3 0 0 0 0 0 1 1 0 0 0 0 0 0 0 0 0 0 0 0 1 1 1 1 1 2 7 5 12 9 9 18 38 17 31 27 12 19 23 22 33 35 25 19 11 19 48 72 69 78 80 76 53 42 33 47 58 66 77 74 74 62 36 3 11 52 60 65 54 50 33 16 23 22 53 47 24 32 31 72 71 30 15 25 32 36 30 71 60 75
0 0 0 0 0 1 0 0 0 1 0 0 0 0 0 0 0 0 0 0 0 0 0 0 1 0 1 2 1 3 3 12 7 5 7 14 9 12 9 4 9 50 52 28 51 34 27 29 29 31 30 15 13 17 59 59 55 76 77 67 61 54 39 46 54 73 76 76 72 63 42 66 54 76 44 44 33 24 34 26 23 28 18 49 35 74 78 27 13 38 46 31 32 33 61 77
1 1 1 0 0 1 2 1 0 0 0 0 0 0 0 0 0 0 0 0 0 0 0 1 0 1 0 0 0 1 0 1 2 5 6 7 9 11 16 16 10 4 16 60 61 74 63 44 36 19 28 32 26 16 26 42 36 31 51 56 59 70 72 59 35 39 70 77 77 62 64 81 61 83 70 51 46 48 29 17 19 38 18 31 44 30 67 41 13 25 44 42 19 13 53 78
0 0 4 1 0 1 0 3 1 1 1 0 0 0 0 0 0 0 0 0 0 0 0 0 0 0 0 2 1 1 1 4 2 3 6 14 16 21 20 24 30 24 12 9 8 60 68 62 39 27 20 33 28 17 6 6 7 9 8 10 20 41 35 50 53 30 31 47 47 41 67 66 66 63 62 64 69 62 39 44 41 36 18 20 57 63 46 53 20 8 33 40 23 42 80 39
0 0 1 0 0 0 0 0 4 7 6 3 0 0 0 0 0 0 0 0 0 0 0 0 1 0 1 1 1 1 2 4 2 2 5 8 9 16 16 20 24 23 39 36 36 26 11 8 35 36 45 16 16 10 16 24 23 24 23 21 23 9 7 10 12 10 8 7 9 28 40 56 51 46 38 32 32 58 51 43 33 20 46 40 42 55 46 62 42 13 9 32 49 80 50 71
0 0 1 7 2 0 0 0 0 10 0 0 1 0 0 0 0 0 0 0 0 0 0 0 0 0 0 0 0 0 0 1 1 2 3 4 11 17 12 19 26 34 34 37 42 32 29 28 20 11 12 8 12 28 30 41 40 42 42 53 24 8 7 24 25 37 21 24 7 5 14 34 29 19 19 20 25 34 42 57 52 23 18 22 23 26 42 53 61 21 10 26 85 60 51 62
1 1 1 3 1 2 2 0 0 0 0 0 0 0 0 3 0 0 0 0 0 0 0 0 0 0 0 0 1 0 0 0 1 1 4 5 6 9 9 23 27 21 19 22 28 23 21 31 26 24 31 33 36 46 42 39 54 58 59 55 30 25 27 41 38 29 37 20 8 9 11 3 3 3 5 4 11 11 5 10 19 13 13 8 10 10 29 43 38 23 10 58 67 42 67 63
2 1 1 0 3 2 13 4 2 2 1 0 0 0 1 1 4 2 0 0 2 1 1 0 0 0 0 0 0 0 0 1 1 1 0 1 7 9 5 5 13 23 16 12 21 17 25 29 36 28 39 24 26 39 50 53 55 57 68 59 39 37 46 44 53 56 58 48 25 24 8 4 2 5 6 14 33 22 14 13 9 7 4 5 5 7 12 21 43 42 17 71 28 19 55 70
3 3 3 7 3 4 2 1 1 7 1 3 0 1 1 2 10 3 1 1 2 0 0 0 0 0 0 0 0 0 1 0 0 0 1 1 4 12 12 23 18 16 26 19 28 23 27 29 34 18 48 35 32 28 45 48 70 70 70 55 28 48 43 58 58 74 66 61 50 29 21 22 22 28 30 44 53 40 25 26 38 42 22 11 14 8 3 6 16 46 29 61 19 20 59 84
4 4 1 1 6 3 14 7 3 2 6 10 3 1 2 11 14 2 1 3 0 4 0 0 0 0 0 1 0 0 0 0 0 1 1 1 2 4 9 11 17 11 14 17 20 23 28 42 34 27 35 42 28 31 47 57 69 60 48 40 39 46 57 57 58 78 72 61 53 30 43 43 45 50 48 48 62 46 44 46 45 44 28 41 39 20 17 4 7 22 21 24 22 13 35 59
4 6 5 2 18 11 16 10 28 12 7 2 1 11 10 6 6 2 2 10 1 3 0 0 0 0 0 0 1 0 0 0 0 1 1 2 2 8 4 11 16 14 6 19 17 19 23 42 28 13 16 37 34 26 38 61 62 46 34 23 28 55 53 55 74 72 63 58 34 29 43 44 46 60 51 64 63 66 48 50 61 53 52 64 52 45 25 6 4 15 13 25 16 6 18 36
5 1 6 2 1 27 7 4 9 22 12 8 1 6 27 6 1 2 5 10 1 5 0 0 1 1 0 1 1 3 0 0 0 0 1 1 1 1 2 2 9 6 11 11 14 6 27 13 24 8 34 22 22 16 37 63 39 35 23 30 32 45 41 60 72 66 60 58 33 49 59 60 42 57 66 64 66 56 48 59 67 62 57 67 38 28 12 9 5 3 5 14 14 4 13 9
4 5 3 7 2 4 24 36 35 15 5 6 2 3 12 18 3 5 23 10 2 9 1 0 0 1 0 1 1 0 1 4 0 0 0 1 0 1 1 2 4 3 4 8 7 5 5 9 4 6 41 7 14 10 39 19 19 30 16 21 21 31 47 63 48 62 53 36 33 47 58 58 37 60 57 65 70 56 48 57 72 61 66 44 26 31 27 30 22 7 1 1 6 5 4 6
9 5 8 5 7 7 12 21 15 31 28 9 27 3 1 1 11 47 36 7 7 2 2 2 3 1 0 1 2 2 1 0 1 0 0 0 0 0 1 3 1 3 3 4 2 2 2 3 5 9 3 3 10 17 7 16 15 10 12 13 12 21 58 43 50 39 28 32 47 57 54 55 49 60 36 49 55 34 46 54 75 45 31 33 43 51 64 42 29 12 7 2 1 3 3 2
11 10 9 8 31 14 46 68 29 16 15 31 29 30 1 0 3 3 3 1 4 5 3 1 1 1 1 1 1 1 0 0 0 1 0 0 0 0 1 1 1 1 3 0 1 0 1 3 1 1 1 2 4 8 6 8 4 6 13 15 12 35 32 38 37 47 29 25 36 53 47 35 39 56 33 21 61 37 44 71 43 45 41 46 75 80 61 39 35 25 11 8 6 1 2 2
