sesion_6_simulaciones/modelos_agentes/ejemplos_netlogo/scenarios/echam4_a2/rob_2023.asc
NCOLS 322 
NROWS 307 
XLLCORNER 451900 
YLLCORNER 4086900 
CELLSIZE 100 
NODATA_value -9999 
[rows 225 to 299 of 307, columns 192 to 287 of 322]
0 0 0 0 0 0 0 0 0 0 0 0 0 0 0 0 0 0 0 0 0 0 0 1 1 1 1 1 1 3 10 5 3 2 1 2 3 3 9 5 6 8 16 24 43 40 22 32 16 18 19 18 28 40 12 33 36 30 40 55 53 36 35 15 3 3 1 2 0 1 3 1 0 0 0 0 0 0 0 0 0 0 0 0 0 0 0 0 0 0 0 0 0 0 0 1
0 0 0 0 0 0 0 0 0 0 0 0 0 0 0 0 0 0 0 0 0 0 0 1 2 6 2 2 2 2 6 11 4 6 5 5 8 9 6 7 4 7 9 12 16 26 25 43 44 17 48 51 35 27 17 29 67 57 55 53 57 36 23 8 4 3 4 4 1 1 1 0 0 0 0 0 0 0 0 0 0 0 0 0 0 0 0 0 0 0 0 0 0 0 0 1
0 0 0 0 0 0 0 0 0 0 0 0 0 0 0 0 0 0 0 0 0 1 1 1 2 7 12 4 9 4 7 14 8 5 11 14 11 10 11 10 2 4 5 11 18 29 44 55 74 41 40 45 44 24 34 39 52 42 51 50 45 29 13 7 13 8 8 5 1 1 0 0 0 0 0 0 0 0 0 0 0 0 0 0 0 0 0 0 0 0 0 0 0 0 0 1
0 0 0 0 0 0 0 0 0 0 0 0 0 0 0 0 0 0 0 0 1 2 3 2 3 7 22 5 11 6 9 15 4 4 12 14 20 18 14 14 8 9 8 7 19 27 35 56 59 62 59 54 52 36 56 63 62 49 56 65 40 17 14 19 37 20 6 3 2 1 0 0 0 0 1 0 0 0 0 0 0 0 0 0 0 0 0 0 0 0 0 0 0 0 0 1
0 0 0 0 0 0 0 0 0 0 0 0 0 0 0 0 0 0 0 0 0 1 4 9 8 7 20 21 26 10 23 8 4 4 9 19 24 23 12 15 15 18 11 11 13 31 34 45 46 46 70 68 56 43 48 45 59 39 37 18 26 42 35 52 32 13 6 2 2 2 1 1 1 1 0 0 0 0 0 0 0 0 0 0 0 0 0 0 0 0 0 0 0 0 0 1
0 0 0 0 0 0 0 0 0 0 0 0 0 0 0 0 0 0 0 0 1 1 3 4 13 16 29 37 31 11 20 6 5 16 12 19 29 20 17 26 21 28 12 14 25 34 49 48 64 43 50 55 54 21 29 19 75 44 28 37 43 35 31 19 7 4 4 3 2 2 3 2 1 0 0 0 0 0 0 0 0 0 0 0 0 0 0 0 0 0 0 0 0 0 0 1
0 0 0 0 0 0 0 0 0 0 0 0 0 0 0 0 0 0 0 0 1 1 3 7 8 14 23 28 32 29 36 13 10 15 24 19 30 26 22 24 28 18 25 14 15 20 41 57 58 50 35 41 41 38 49 43 15 78 79 50 26 11 17 11 12 7 3 1 1 3 10 3 1 0 0 0 0 0 0 0 0 0 0 0 0 0 0 0 0 0 0 0 0 0 0 1
0 0 0 0 0 0 0 0 0 0 0 0 0 0 0 0 0 0 0 0 1 2 6 11 9 14 26 29 55 61 32 24 24 32 19 35 36 33 32 30 31 27 37 13 29 23 40 44 39 23 40 42 56 53 53 56 45 31 34 39 19 28 13 9 7 5 4 1 2 4 3 1 1 0 0 0 0 0 0 0 0 0 0 0 0 0 0 0 1 0 0 0 0 0 0 0
0 0 0 0 0 0 0 0 0 0 0 0 0 0 0 0 0 0 0 1 1 1 9 9 21 18 28 40 14 63 41 38 31 45 29 28 35 46 38 37 37 30 55 17 18 54 41 44 42 40 60 46 52 54 58 31 48 45 27 11 16 7 10 8 7 5 2 8 5 1 2 1 0 0 0 0 0 0 0 0 0 0 0 0 0 0 0 0 0 0 0 0 0 1 0 0
0 0 0 0 0 0 0 0 0 0 0 0 0 0 0 0 0 0 1 2 3 5 16 13 28 34 46 45 58 51 77 35 33 47 31 16 23 44 48 56 40 18 38 47 12 22 39 61 43 52 67 59 47 43 38 32 18 19 21 31 22 20 13 18 4 4 6 2 1 1 1 1 0 0 0 0 0 0 0 0 0 0 0 0 0 0 0 0 0 0 1 0 0 0 1 1
0 0 0 0 0 0 0 0 0 0 0 0 0 0 0 0 0 0 1 1 3 3 7 2 8 23 28 14 17 45 72 42 49 77 35 40 46 55 34 12 20 12 39 51 15 37 60 45 23 44 61 68 46 47 31 19 49 50 38 24 13 16 34 33 13 8 13 9 5 2 1 0 0 0 0 0 0 0 0 0 0 0 0 0 0 0 1 0 0 0 0 1 0 0 0 1
0 0 0 0 0 0 0 0 0 0 0 0 0 0 0 0 0 0 0 1 2 1 2 7 8 12 11 19 26 45 64 66 73 74 59 53 52 49 46 25 34 32 42 54 15 28 50 50 35 32 44 58 50 33 18 42 53 23 27 30 27 47 52 41 36 23 7 3 4 2 3 1 0 0 0 0 0 0 0 0 0 0 0 0 0 0 0 1 1 0 0 1 0 0 0 0
0 0 0 0 0 0 0 0 0 0 0 0 0 0 0 0 0 0 0 0 1 3 5 4 7 15 19 15 24 44 52 55 67 75 53 58 56 56 55 25 54 49 39 59 14 20 44 43 58 64 43 45 66 46 36 44 38 32 58 37 62 38 31 53 54 14 7 2 5 1 0 0 0 0 0 0 0 0 0 0 0 0 0 0 0 0 0 1 2 2 0 0 1 0 0 1
0 0 0 0 0 0 0 0 0 0 0 0 0 0 0 0 0 0 0 0 1 1 2 2 2 7 18 14 28 25 41 52 60 70 67 74 59 69 50 51 33 47 29 44 16 14 27 30 42 60 72 51 35 18 41 20 16 47 46 34 36 22 34 29 25 35 6 1 0 0 0 0 0 0 0 0 0 0 0 0 0 0 0 0 0 0 0 0 0 1 1 2 1 1 1 1
0 0 0 0 0 0 0 0 0 0 0 0 0 0 0 0 0 0 0 0 1 2 1 3 5 11 10 10 18 25 19 25 45 51 49 64 48 71 58 53 51 52 79 54 27 29 42 64 45 33 46 47 17 49 18 26 43 67 50 67 60 31 13 11 8 3 4 3 1 0 0 0 0 0 0 0 0 0 0 1 0 1 0 0 0 0 0 0 0 0 1 1 1 4 1 2
0 0 0 0 0 0 0 0 0 0 0 0 0 0 0 0 0 0 0 0 0 0 0 1 2 4 5 6 8 14 33 39 30 30 25 74 61 82 52 66 54 49 83 63 47 34 63 59 61 63 45 73 45 69 52 63 57 25 30 31 27 16 6 8 9 4 4 1 1 0 0 0 0 0 0 0 0 0 0 0 0 1 0 1 0 0 0 0 0 0 0 0 0 1 3 1
0 0 0 0 0 0 0 0 0 0 0 0 0 0 0 0 0 0 0 0 1 1 2 3 5 6 11 24 37 32 38 50 51 48 59 58 80 72 58 64 56 46 40 73 47 25 41 48 67 61 65 66 66 73 89 82 80 69 68 36 26 19 19 19 9 4 2 1 1 0 0 0 0 0 0 0 0 0 0 1 0 1 1 1 0 0 0 0 1 0 0 0 0 0 0 1
0 0 0 0 0 0 0 0 0 0 0 0 0 0 0 0 0 0 1 1 2 2 4 7 14 24 29 26 44 36 32 37 40 30 25 30 55 62 60 58 58 35 42 66 40 32 27 47 43 63 24 17 19 22 41 53 83 82 62 49 26 16 6 12 5 2 1 1 0 0 0 0 0 0 0 0 0 1 0 1 0 0 1 1 1 0 0 1 1 0 0 1 1 1 2 4
0 0 0 0 0 0 0 0 0 0 0 0 0 0 0 0 0 0 0 0 1 3 1 5 8 19 25 17 3 9 23 25 21 23 37 49 57 42 70 40 47 46 22 61 51 52 24 27 21 56 44 32 29 22 20 17 34 57 62 61 64 15 8 4 2 2 1 1 1 0 0 0 0 0 0 0 1 1 1 1 1 0 1 3 1 0 0 1 1 0 1 0 1 2 3 6
0 0 0 0 0 0 0 0 0 0 0 0 0 0 0 0 0 0 0 0 1 1 1 4 3 4 5 4 4 5 12 17 20 32 33 26 44 62 59 16 41 47 25 53 52 21 13 50 56 55 69 48 52 47 45 43 39 42 31 19 23 46 20 8 5 3 2 1 0 0 0 0 0 1 1 0 1 2 1 1 1 1 0 2 3 1 1 0 1 1 1 1 1 2 2 2
0 0 0 0 0 0 0 0 0 0 0 0 0 0 0 0 0 0 0 0 0 0 1 1 2 4 6 10 14 10 16 14 18 38 36 34 34 27 14 21 39 56 78 54 42 43 19 33 47 52 56 71 42 51 61 35 24 17 14 8 6 10 15 11 5 2 2 1 0 0 0 0 0 1 1 1 1 2 1 3 1 2 1 1 8 2 3 1 2 2 2 3 2 2 2 4
0 0 0 0 0 0 0 0 0 0 0 0 0 0 0 0 0 0 0 0 0 0 1 1 2 3 5 7 10 25 22 33 34 56 22 21 29 39 38 40 67 66 39 42 66 46 40 46 43 71 65 36 50 46 32 30 40 26 29 11 7 4 3 3 3 2 1 1 0 0 0 0 0 1 1 1 1 2 2 4 3 1 3 2 10 1 2 2 1 4 2 2 2 2 2 2
0 0 0 0 0 0 0 0 0 0 0 0 0 0 0 1 0 0 0 0 0 0 0 1 1 1 4 3 6 15 20 19 20 24 31 37 37 50 51 39 27 25 20 17 33 47 61 50 70 81 34 19 24 41 42 37 22 25 13 9 6 4 2 1 1 1 1 0 0 0 0 1 1 1 1 1 1 2 3 3 3 2 3 6 12 2 3 3 2 4 3 1 4 1 1 2
0 0 0 0 0 0 0 0 0 0 0 0 0 0 0 0 0 0 0 0 1 1 1 0 1 1 2 3 6 11 10 11 20 24 28 32 35 34 34 29 29 23 20 19 29 21 27 63 31 49 29 22 23 19 27 66 40 37 20 11 5 4 2 1 1 1 0 0 0 0 0 0 0 1 1 1 2 1 2 6 4 6 7 7 13 5 6 2 7 5 1 2 4 1 2 3
0 0 0 0 0 0 0 0 0 1 0 0 0 0 0 1 0 0 0 0 1 2 1 1 1 0 1 2 3 3 6 7 13 22 26 18 20 13 17 26 45 46 55 54 48 71 57 31 18 27 37 55 51 38 35 18 25 23 22 16 8 3 2 1 1 1 0 0 0 0 0 1 1 1 2 2 2 3 2 2 4 5 6 10 4 39 8 2 5 5 1 3 2 6 3 4
0 0 0 0 0 0 0 0 0 0 0 0 0 0 0 1 1 0 0 1 1 3 1 2 2 3 2 1 1 3 4 8 22 25 11 30 18 34 25 30 38 44 38 37 37 55 39 39 52 61 61 47 46 39 38 11 8 6 5 7 5 4 2 2 1 1 1 0 0 0 0 1 1 2 2 1 2 1 4 2 3 3 7 4 12 34 4 3 11 2 2 3 3 4 7 7
0 0 0 0 0 0 0 0 0 1 0 0 0 0 0 1 0 0 0 1 2 3 5 3 7 5 6 7 4 5 3 21 31 27 37 27 28 42 31 27 40 26 37 27 40 49 51 52 45 60 57 40 45 39 33 12 20 17 15 13 9 6 5 4 2 2 1 0 0 1 1 1 2 1 2 4 4 3 2 4 3 5 6 11 9 21 12 11 9 3 3 6 3 3 1 9
0 0 0 0 0 0 0 0 0 1 0 0 0 1 2 1 0 0 1 1 1 4 5 8 5 6 15 12 9 11 12 22 44 48 41 50 54 37 62 45 28 41 21 16 21 38 41 49 45 41 46 41 45 34 36 35 34 33 25 23 19 14 7 3 2 1 1 0 0 1 1 1 2 3 2 3 5 4 4 1 7 2 3 10 17 25 29 37 9 5 7 5 8 8 5 14
0 0 0 1 1 0 0 0 1 1 0 0 1 2 1 0 0 0 1 1 2 4 5 8 10 8 16 15 23 30 31 29 15 27 44 47 49 29 47 52 51 40 30 30 53 47 40 62 32 21 20 34 52 63 39 40 54 41 29 13 19 7 2 3 2 1 0 0 0 1 2 1 2 4 5 4 6 4 6 4 3 9 4 2 2 10 26 34 11 14 9 9 7 14 5 5
0 0 0 0 2 1 0 0 1 1 0 0 1 2 1 0 0 0 1 1 1 2 4 8 16 10 14 15 13 30 41 37 37 34 40 29 35 41 50 44 46 35 31 46 66 62 55 51 21 15 22 53 61 36 60 57 25 23 12 10 6 4 5 4 1 1 1 0 0 0 3 2 2 2 4 7 5 6 3 6 3 14 7 6 3 3 9 21 31 37 15 11 10 10 4 6
0 0 0 0 1 2 0 1 1 0 0 0 1 3 1 0 0 1 1 1 3 5 6 14 18 18 10 12 27 29 19 46 76 65 39 41 31 39 55 45 30 47 51 38 49 38 52 37 60 44 50 55 55 62 63 45 45 23 20 16 9 6 4 2 2 1 0 0 0 1 1 4 3 2 3 5 11 11 7 15 5 4 8 8 6 6 6 14 32 31 18 16 13 14 7 12
0 0 1 1 0 1 0 1 4 0 0 1 2 3 0 0 0 0 1 2 5 4 6 17 23 25 21 7 6 9 18 21 28 16 21 36 56 42 42 60 55 45 39 37 32 27 38 49 67 66 63 60 61 65 74 64 46 32 19 16 12 10 8 3 2 1 1 0 0 2 2 2 6 3 3 5 13 13 8 6 11 6 5 12 15 8 10 11 22 33 38 19 15 10 18 8
0 0 1 2 1 2 0 1 6 1 0 2 3 1 0 0 0 0 1 2 7 7 7 11 18 27 18 10 11 12 17 21 30 30 25 17 32 44 61 59 47 45 27 42 49 37 50 31 11 20 62 53 42 56 49 32 26 39 29 19 16 6 5 3 2 2 1 0 1 2 3 2 4 1 6 7 8 18 28 17 18 10 7 7 14 10 9 14 28 65 53 21 12 10 18 8
0 0 1 2 1 3 1 1 2 2 1 3 2 0 0 0 0 0 1 3 4 7 13 7 13 25 38 15 13 15 27 29 31 36 32 41 35 42 33 17 25 45 35 40 55 46 45 20 51 57 57 68 75 67 46 61 54 59 29 15 14 11 8 6 4 2 1 1 1 3 3 5 9 3 4 14 11 22 16 15 25 9 13 15 28 12 7 11 8 25 40 18 18 9 29 22
0 0 0 1 4 2 3 1 4 2 4 1 0 0 0 0 1 1 4 7 3 7 9 14 5 17 28 50 28 29 19 32 27 21 19 22 29 24 22 22 25 16 14 11 30 24 38 33 60 52 41 59 49 61 65 58 32 39 19 10 11 9 7 5 2 1 1 2 2 3 5 7 1 5 12 15 17 13 22 11 37 12 15 12 14 30 22 25 32 24 29 18 36 12 19 39
1 1 0 1 2 4 4 2 10 4 2 0 0 0 1 1 1 1 1 1 3 6 10 29 27 15 22 12 35 53 21 38 23 21 32 35 43 31 31 27 22 24 43 35 22 13 17 25 50 58 52 57 58 46 53 41 29 16 9 3 8 9 6 4 2 1 1 3 3 4 5 11 3 3 1 3 14 32 42 14 32 27 19 19 12 10 38 21 36 34 29 38 14 15 29 42
1 1 1 1 1 2 10 3 3 1 0 0 0 1 2 3 3 1 2 2 5 6 9 3 5 7 10 20 11 17 42 68 48 45 21 42 18 27 32 9 14 20 16 14 20 49 35 38 47 51 52 38 35 44 39 36 19 25 15 16 18 8 6 3 4 4 2 4 4 5 6 11 3 7 4 6 6 6 18 22 19 38 26 25 15 36 37 13 35 52 47 37 15 20 19 25
1 2 1 2 4 6 7 3 3 0 1 0 1 2 3 4 5 3 4 5 6 8 8 7 6 10 11 8 11 22 17 26 34 52 41 65 23 19 20 25 25 19 24 32 20 20 37 39 49 58 66 38 36 41 51 25 40 46 49 33 23 11 9 8 6 5 6 10 6 6 7 9 5 10 9 7 16 14 20 38 17 43 30 44 17 15 33 9 17 26 48 28 14 26 26 50
1 3 2 3 5 9 7 1 1 0 1 1 2 3 4 6 4 9 9 5 8 10 8 13 17 13 16 12 16 40 20 8 9 13 17 42 52 40 41 64 52 49 35 34 38 28 14 39 66 53 54 25 26 42 41 43 52 58 26 26 27 11 10 8 7 7 7 14 8 8 10 11 11 11 19 10 18 19 20 24 46 70 41 51 34 12 33 21 8 16 29 36 25 33 26 10
2 4 6 6 18 12 1 1 1 1 3 3 2 6 5 9 3 7 21 4 12 9 5 9 15 23 11 18 24 30 53 23 19 12 13 10 14 11 23 49 62 42 45 44 48 41 33 41 56 41 33 29 37 41 59 55 46 29 31 16 28 18 9 3 11 4 6 22 12 11 18 13 23 14 22 18 19 25 23 19 16 13 55 61 46 19 21 22 11 9 20 40 30 39 46 29
3 4 16 12 18 2 1 2 2 3 5 4 8 11 4 8 4 8 11 20 7 16 6 5 8 21 23 29 29 21 14 38 16 24 19 15 15 17 17 23 32 22 20 33 19 13 20 47 39 37 33 27 20 39 57 63 28 50 56 37 12 9 5 3 18 11 11 18 17 14 23 17 42 26 25 31 21 21 35 26 22 15 38 43 48 24 12 51 15 15 27 39 54 52 35 39
2 7 20 38 8 1 2 4 4 5 10 15 7 10 5 6 14 6 12 10 10 11 10 9 11 18 20 35 30 35 42 33 48 26 29 23 18 16 14 24 26 16 16 19 24 22 36 64 42 39 33 25 36 53 67 56 78 49 30 34 17 6 2 7 10 25 14 17 22 14 19 21 38 32 19 32 35 24 27 44 33 11 23 53 60 29 10 27 25 20 33 26 66 56 29 61
3 10 26 11 1 2 6 6 4 14 10 25 5 12 8 6 7 27 8 12 27 14 23 9 10 24 31 29 28 50 32 38 55 22 31 26 21 27 8 24 21 13 29 36 36 36 61 56 56 54 54 55 50 45 48 58 58 39 37 22 16 6 4 12 10 19 17 18 25 17 19 21 24 42 22 22 44 27 30 32 46 19 25 31 50 30 15 25 39 31 20 21 22 52 42 33
5 19 16 6 2 4 9 10 7 12 6 23 9 13 20 8 20 31 6 21 35 12 32 12 10 25 38 42 22 16 47 20 22 43 58 40 12 23 12 20 12 10 12 16 24 33 42 55 65 63 49 37 28 36 33 37 43 43 27 35 19 11 9 16 20 25 12 18 24 28 19 19 12 33 26 26 34 36 33 30 15 16 43 25 50 31 22 14 21 47 13 28 53 51 35 12
7 16 16 9 5 6 15 25 8 10 9 21 10 15 32 12 24 33 14 13 20 28 24 14 12 16 17 28 35 45 22 32 17 15 5 41 43 17 13 15 11 17 26 25 29 37 38 55 61 68 57 57 42 42 35 35 21 31 28 12 12 19 17 18 18 23 28 23 28 32 14 24 15 23 31 27 34 18 15 36 21 20 18 25 51 62 25 15 27 38 9 16 45 51 55 35
19 19 23 8 6 12 15 20 9 16 14 15 23 12 33 14 14 29 17 12 14 14 58 31 14 13 15 17 27 33 53 36 14 32 7 11 40 17 10 15 9 27 39 39 24 35 18 38 62 73 72 45 38 23 21 37 46 58 29 12 6 20 20 19 22 23 35 16 32 38 15 24 27 28 38 6 23 38 20 18 37 21 20 22 29 40 22 16 19 42 16 13 16 38 65 51
51 18 7 8 14 16 17 20 12 39 23 13 30 14 38 15 14 23 22 12 15 28 43 25 13 20 15 32 36 40 38 41 34 39 6 16 18 35 8 11 22 34 21 31 32 41 35 20 51 71 67 66 46 33 41 45 50 56 43 16 7 26 23 16 24 26 31 21 18 37 28 16 18 40 41 18 16 17 39 13 26 51 25 23 60 44 14 33 5 41 33 14 11 8 22 29
9 5 11 9 14 18 32 26 27 33 22 16 59 18 21 44 19 42 31 12 15 25 24 53 25 27 14 30 40 43 34 25 37 56 17 20 15 44 12 13 15 17 16 20 18 35 39 47 51 72 58 49 52 39 29 27 21 37 33 7 14 21 28 15 26 27 23 37 20 39 34 25 28 21 32 20 20 26 25 26 13 9 42 23 31 50 26 46 14 26 64 21 39 25 16 11
27 14 28 20 18 20 43 26 50 36 15 26 45 30 31 50 18 19 52 11 28 26 17 45 16 29 29 23 27 33 47 49 13 29 21 22 13 14 43 15 6 20 21 37 35 22 21 44 65 54 68 59 23 32 28 5 21 24 16 8 16 41 34 16 14 36 20 33 19 24 65 18 36 38 23 25 26 24 41 28 37 19 18 40 15 45 61 53 23 33 75 23 26 20 37 16
62 31 16 29 29 35 33 31 57 32 28 32 26 33 32 38 21 18 47 21 30 24 11 22 37 32 28 20 24 24 32 35 43 17 21 49 18 15 24 34 12 31 24 35 39 38 41 22 60 28 16 14 14 26 29 51 31 16 19 18 14 29 23 18 18 31 42 15 40 14 43 19 34 39 13 20 33 16 25 35 37 28 20 8 16 13 35 70 33 26 45 31 30 23 36 26
81 38 24 31 31 42 18 34 39 18 35 32 35 38 29 47 28 25 39 17 17 41 17 8 5 12 14 9 32 55 31 37 47 9 18 5 32 16 21 67 15 18 18 29 42 32 57 34 80 43 35 22 23 19 47 43 24 8 10 33 14 10 29 21 34 22 50 15 49 14 23 34 24 36 17 38 23 25 19 19 35 42 29 17 17 18 11 19 43 63 48 44 35 22 46 28
64 32 21 42 27 28 27 30 47 19 34 29 32 53 30 53 29 46 27 16 15 32 26 13 13 16 18 20 24 29 50 42 20 16 9 10 9 30 15 58 9 10 11 28 30 28 53 40 25 41 45 36 10 42 51 41 24 16 7 35 22 19 10 36 35 37 48 19 45 27 20 23 43 53 24 19 31 14 27 8 10 33 19 25 17 14 18 10 10 27 59 44 23 31 53 33
75 37 58 35 36 29 30 30 29 22 37 39 22 60 57 22 41 37 41 28 31 17 29 21 29 34 23 34 18 18 25 26 27 18 8 15 9 14 27 41 22 7 16 13 23 28 33 60 24 25 32 26 34 60 54 37 26 22 8 14 34 19 29 23 32 55 32 40 13 37 56 14 46 70 31 7 25 12 16 9 28 23 33 31 10 7 10 17 17 13 31 56 44 17 52 18
74 53 29 32 32 36 46 32 37 22 31 28 38 40 50 19 19 18 24 7 29 20 28 34 41 36 32 40 37 10 13 21 49 36 12 9 38 12 9 32 44 8 23 14 22 40 46 45 24 26 21 28 52 50 44 24 8 23 21 11 31 18 28 31 14 23 23 27 19 25 54 21 36 41 3 10 13 26 22 15 4 27 5 12 21 2 4 7 19 20 30 12 53 26 44 17
22 50 23 36 36 32 41 28 68 28 31 33 31 13 41 29 30 14 40 20 17 29 31 34 36 21 36 44 39 6 13 17 29 32 35 23 18 37 11 10 45 7 18 14 10 48 66 45 38 29 33 52 52 42 43 18 14 28 19 21 34 23 12 12 28 23 16 40 18 24 54 37 52 24 5 16 7 3 10 25 7 14 12 15 28 8 14 10 14 12 14 29 41 46 53 10
36 56 28 31 20 36 44 43 27 44 33 30 35 16 27 22 31 19 66 24 13 21 26 60 22 20 31 44 38 10 16 15 33 25 41 29 16 21 39 13 51 12 15 10 13 35 24 48 20 56 40 52 48 47 24 10 20 29 21 29 45 33 46 20 19 27 16 46 16 22 20 30 39 6 6 4 7 6 14 13 11 4 2 19 20 24 22 17 10 10 8 6 13 48 35 10
36 69 53 10 24 28 56 43 27 52 35 23 15 22 18 32 11 39 19 10 15 24 36 24 44 25 20 24 21 17 11 26 29 29 29 28 29 35 44 22 55 11 18 17 16 20 35 69 41 25 48 59 55 40 7 19 30 40 27 33 22 48 25 50 33 16 14 20 11 21 30 49 24 23 16 16 2 14 22 10 18 6 2 11 13 35 32 13 11 8 11 8 4 18 32 33
19 28 52 11 34 20 42 53 23 49 33 18 5 27 15 42 17 34 25 32 13 15 34 39 33 20 15 21 25 32 5 12 18 37 33 18 28 52 29 48 62 31 18 38 24 22 18 59 63 53 59 59 43 13 17 36 42 37 29 40 43 35 15 32 45 6 14 11 22 10 23 30 21 33 16 14 9 25 19 4 31 38 10 15 5 6 16 18 11 17 3 11 13 39 15 29
26 43 49 21 25 10 19 23 32 30 30 13 4 18 24 67 25 17 22 7 21 33 34 43 25 12 10 11 26 19 12 19 32 22 11 7 26 50 56 30 52 39 31 51 43 33 33 84 58 72 74 53 9 16 21 22 32 36 30 35 51 17 40 29 23 48 66 13 10 5 7 41 13 30 28 21 17 33 27 20 27 61 15 21 9 5 12 21 49 43 22 11 43 22 22 47
23 29 58 36 39 17 16 27 12 42 37 25 12 15 12 34 27 14 22 14 22 28 21 20 22 11 36 9 19 31 15 14 33 39 18 14 40 26 28 45 11 33 13 39 57 84 91 68 56 52 32 7 15 22 32 27 33 32 27 19 22 12 29 22 6 34 14 2 1 12 16 18 42 15 40 26 28 30 43 23 35 42 14 33 13 13 12 13 17 29 36 50 20 47 56 63
28 15 9 56 19 14 6 7 6 29 55 19 19 11 18 37 10 13 34 11 15 22 20 17 8 18 8 8 3 28 12 16 20 23 19 27 26 30 11 22 17 24 14 76 70 67 85 87 58 20 8 16 17 25 27 25 33 35 27 7 2 4 28 39 42 44 7 5 4 26 41 25 27 9 47 20 41 19 32 13 20 34 23 35 22 26 6 5 11 10 9 17 43 22 51 34
30 32 15 63 5 17 24 8 29 3 37 17 16 25 25 48 15 24 34 22 8 18 20 43 7 17 5 34 5 6 13 19 32 27 11 21 58 42 20 25 41 81 86 84 87 55 69 82 61 3 13 21 22 21 5 21 24 22 22 2 1 21 57 60 44 17 11 27 28 16 39 42 11 14 23 26 44 34 49 49 54 38 18 29 38 29 25 1 9 15 19 15 24 44 49 37
28 22 12 64 17 7 9 11 45 4 12 38 17 17 18 48 13 24 43 20 12 15 17 44 9 11 8 17 22 21 11 19 24 24 25 40 36 35 36 51 72 87 88 76 84 82 68 63 4 10 28 20 23 26 7 17 37 39 15 7 5 30 54 42 22 17 26 27 28 25 33 45 56 18 14 23 24 25 28 15 9 21 28 57 52 37 10 6 23 6 27 30 27 47 65 32
26 21 11 29 39 48 15 13 44 13 13 41 3 14 10 15 24 23 33 19 7 3 2 32 8 16 32 20 37 12 12 20 15 38 21 42 30 16 38 64 50 25 62 72 76 66 6 8 17 12 16 12 23 24 14 7 8 69 16 28 15 25 18 46 35 18 39 37 28 57 40 38 7 14 17 32 33 24 20 17 24 25 36 28 40 12 24 13 13 4 11 29 21 44 70 37
23 22 12 18 57 27 18 9 30 8 9 29 15 5 3 7 18 6 36 15 15 2 8 8 18 26 34 19 23 11 27 23 27 18 29 38 32 16 38 59 27 51 29 18 13 6 23 31 24 23 14 14 12 1 10 24 13 33 34 22 18 24 11 28 14 17 20 47 43 51 19 8 16 24 26 28 51 26 36 25 35 38 41 39 45 10 18 14 23 3 32 31 25 33 40 23
22 22 20 9 50 7 13 16 44 19 7 14 37 10 7 11 11 8 30 28 8 8 9 25 42 23 21 31 10 17 19 23 27 37 30 23 41 24 57 53 78 67 28 8 20 21 6 11 15 6 8 1 10 4 14 25 12 56 28 10 18 19 35 26 6 24 29 59 44 3 10 1 9 27 55 54 34 31 16 28 33 31 42 56 26 30 27 26 12 5 27 26 30 38 31 8
12 12 25 47 16 8 19 13 26 11 8 6 30 13 9 9 8 13 11 39 11 6 2 12 34 38 36 23 10 19 9 23 22 42 18 34 47 31 54 39 32 32 9 21 25 13 11 16 27 17 7 1 2 3 19 32 7 33 24 19 19 20 30 10 7 13 39 41 6 2 4 16 8 9 17 46 47 46 13 22 31 36 46 33 44 34 33 29 34 7 18 29 21 15 17 21
43 11 21 62 64 7 17 11 35 10 15 5 21 11 16 2 18 8 19 10 9 5 4 18 25 51 38 13 14 13 5 12 32 11 34 25 30 20 61 33 31 31 11 20 6 18 4 2 9 19 15 3 1 7 2 10 27 13 29 2 5 38 21 5 14 39 44 42 6 0 3 17 12 15 18 34 44 22 13 17 30 44 43 61 34 43 51 23 17 7 24 29 29 19 13 16
25 9 1 10 23 12 11 13 23 11 7 3 4 18 10 1 9 10 20 5 6 4 4 28 28 29 42 6 18 18 8 6 7 26 34 30 36 74 48 80 70 42 9 4 4 19 13 8 5 15 9 10 2 4 10 6 38 32 4 1 1 27 21 17 40 47 41 32 2 9 9 24 48 6 17 34 28 21 13 15 37 27 30 16 31 64 35 32 11 15 13 20 12 7 20 5
13 19 5 20 8 30 16 8 1 8 11 5 2 6 3 4 13 8 46 1 4 8 10 30 15 15 14 5 15 10 16 8 13 15 23 42 56 56 80 55 34 51 19 5 6 11 1 2 1 8 12 10 6 2 10 16 9 45 13 9 12 46 19 7 28 36 24 32 8 14 19 22 27 6 10 20 17 44 22 17 4 4 3 14 16 30 16 17 18 11 11 6 3 7 4 8
12 27 32 18 3 9 6 24 4 7 9 8 10 6 13 8 9 11 12 3 3 5 20 13 23 13 19 7 16 5 11 9 10 21 24 63 71 75 85 56 17 5 16 13 6 2 12 31 6 18 25 4 10 18 15 25 7 22 6 26 9 48 10 21 33 27 30 39 10 11 18 24 18 5 2 4 21 24 62 27 7 7 19 25 10 16 13 17 10 6 2 12 3 4 9 11
25 24 16 36 11 15 3 19 7 16 18 4 2 5 13 4 16 21 5 4 4 7 28 12 8 11 17 6 7 6 8 13 11 29 32 55 72 23 7 50 59 17 8 17 6 14 31 38 14 14 23 7 6 10 14 9 24 17 29 15 15 52 19 20 52 20 21 30 17 13 18 23 50 19 11 29 28 27 58 19 13 9 12 7 11 5 7 5 5 8 2 7 9 15 20 23
13 8 7 38 6 9 3 2 10 8 5 6 6 8 11 7 22 8 4 23 5 9 28 18 4 6 3 7 15 13 8 21 14 13 59 58 56 5 22 20 8 8 3 2 19 18 31 47 16 11 16 9 12 9 7 6 2 5 50 30 18 41 16 11 41 42 29 5 16 23 15 26 60 13 12 33 9 26 44 26 11 19 7 9 9 4 3 14 14 10 6 10 10 13 12 1
27 6 4 7 55 3 2 1 5 1 3 5 5 4 17 7 13 24 8 25 17 15 16 25 8 3 8 25 12 17 10 21 12 39 47 31 26 7 39 33 1 3 2 1 10 9 31 30 22 15 30 25 12 20 7 10 2 2 7 38 32 38 21 10 24 30 4 17 24 29 6 41 33 18 8 11 8 6 6 18 4 3 10 3 6 4 3 13 15 9 7 27 20 4 17 6
18 15 6 2 24 1 2 1 2 6 3 4 6 3 3 9 8 5 15 14 7 19 22 12 17 4 23 72 64 77 69 50 7 65 70 60 37 9 53 12 5 8 5 11 13 15 22 27 14 24 22 46 14 41 20 18 28 14 16 9 22 23 28 4 31 16 17 13 21 20 10 5 20 44 4 3 6 16 3 4 11 7 4 2 2 2 6 2 3 16 7 36 34 26 1 8
