sesion_6_simulaciones/modelos_agentes/ejemplos_netlogo/scenarios/echam4_a2/rob_2093.asc
NCOLS 322 
NROWS 307 
XLLCORNER 451900 
YLLCORNER 4086900 
CELLSIZE 100 
NODATA_value -9999 
[rows 144 to 215 of 307, columns 96 to 191 of 322]
24 23 16 32 43 59 46 36 52 43 38 29 58 51 59 63 45 28 32 57 45 20 26 29 28 20 13 6 3 3 2 1 3 4 4 9 8 13 29 20 4 10 6 9 11 7 6 3 1 0 0 0 1 1 1 1 0 1 1 0 0 2 9 12 37 58 77 63 39 33 46 39 27 6 1 1 6 20 29 34 71 69 60 17 27 41 41 63 72 63 77 70 66 77 84 31
36 43 36 32 40 42 30 18 50 29 27 23 27 42 58 35 41 55 57 65 61 24 6 17 41 25 21 18 11 3 4 1 3 7 11 15 6 4 2 1 2 5 3 2 3 10 4 3 2 1 0 0 1 1 1 0 1 1 0 0 0 5 6 10 17 64 84 78 37 55 30 22 9 1 0 1 6 18 29 45 41 14 14 34 42 43 45 81 82 94 73 44 52 63 78 43
36 28 57 41 49 65 60 48 35 29 41 53 26 21 41 70 71 54 22 24 36 17 5 6 22 30 22 21 19 13 4 3 1 3 6 4 5 10 4 1 5 10 11 3 3 4 7 4 3 2 0 0 0 0 1 1 1 0 0 0 1 4 7 10 22 52 78 87 71 56 32 9 3 0 0 2 7 14 31 9 7 19 39 46 43 41 68 69 83 89 88 56 30 22 68 65
49 17 59 64 39 24 56 62 66 61 36 25 70 28 36 59 39 46 39 32 38 20 28 19 25 38 26 20 20 14 11 6 3 1 1 1 2 2 5 5 6 4 3 5 3 2 3 4 3 1 1 0 0 1 1 1 0 0 0 1 2 6 5 12 12 31 47 78 72 52 30 10 3 1 0 1 2 3 2 10 21 40 40 40 55 64 71 73 71 70 90 68 41 21 27 41
32 35 34 69 38 23 33 46 59 36 26 20 43 17 6 49 21 42 44 49 36 36 46 50 54 25 24 30 32 23 14 10 6 2 0 1 1 3 2 7 9 5 3 2 6 8 3 1 2 2 2 1 0 0 0 0 0 0 0 1 1 3 5 6 8 21 38 56 69 41 22 7 2 1 0 0 1 4 8 25 36 38 54 55 77 82 87 82 58 67 83 83 47 35 15 19
32 64 42 38 36 10 9 7 15 39 12 42 20 6 8 26 48 34 52 27 22 21 33 55 54 47 20 20 24 20 24 13 8 5 1 0 1 7 4 3 4 5 7 2 2 6 4 1 1 1 1 1 1 0 0 0 0 0 0 1 1 3 4 5 11 13 21 29 47 31 15 9 3 1 0 0 4 11 22 28 51 52 56 79 85 81 92 81 67 41 53 75 77 40 23 8
27 55 33 14 21 26 18 14 3 14 11 23 30 32 11 26 55 48 42 45 43 33 54 36 43 41 29 22 23 11 23 28 12 6 2 0 0 2 4 3 2 3 2 4 1 1 1 2 3 1 1 1 0 0 0 0 0 0 0 1 1 1 2 4 9 12 10 20 25 35 16 8 3 0 0 1 5 14 30 42 48 63 82 88 81 50 82 82 72 49 46 68 83 59 27 8
18 7 18 7 17 19 25 15 4 5 19 12 27 49 44 24 24 42 52 56 45 57 49 59 45 40 17 14 13 16 17 33 17 10 6 1 0 0 3 1 2 2 2 2 3 3 1 0 0 1 1 1 0 0 0 0 0 0 0 1 1 2 5 6 8 12 9 20 25 28 10 4 1 0 0 2 5 17 20 43 64 79 81 71 73 56 80 85 73 33 35 68 80 80 61 24
31 9 31 15 7 13 25 22 10 6 34 52 35 34 45 33 42 44 52 40 45 44 34 47 48 35 17 10 9 9 16 19 23 15 5 3 2 1 1 1 1 1 1 1 2 2 2 2 1 1 1 1 0 0 0 0 0 0 0 1 1 2 5 8 8 8 8 18 12 11 4 1 0 0 1 3 9 22 28 48 84 80 77 67 75 70 84 88 64 36 22 44 61 76 62 38
17 15 19 22 10 8 8 11 6 6 9 22 33 24 16 15 39 74 38 65 10 35 33 40 41 15 16 22 6 16 31 20 22 11 7 12 9 7 3 1 1 1 2 1 1 2 3 2 1 1 1 0 0 0 0 0 0 0 0 1 1 2 3 4 6 5 7 14 20 5 1 0 0 0 1 3 15 22 21 57 46 57 59 68 50 60 84 76 49 56 21 20 46 61 66 36
16 19 6 17 7 13 3 7 11 21 20 30 41 38 19 2 25 34 30 50 35 54 60 38 32 28 34 30 18 40 24 38 27 26 18 22 14 13 9 4 2 1 0 1 1 1 1 1 1 0 1 1 0 0 0 0 0 0 0 1 1 2 2 4 5 5 9 18 9 7 1 0 0 0 3 4 9 22 37 56 37 56 62 53 35 35 72 72 62 61 36 8 28 29 49 48
9 18 14 23 26 21 21 14 44 47 29 10 21 44 48 40 13 24 51 20 63 37 51 43 54 39 49 34 33 49 53 40 39 27 38 23 32 20 17 13 7 5 2 1 0 1 1 1 0 0 0 0 0 0 0 0 0 0 0 1 2 2 2 2 3 5 5 10 7 3 1 0 0 1 2 5 14 34 58 38 35 45 22 13 11 29 67 76 61 38 21 5 10 23 34 32
15 9 18 29 29 30 27 31 27 14 15 3 4 7 8 54 15 31 47 63 27 68 52 40 48 58 48 34 34 60 58 15 11 33 33 41 30 27 18 20 14 9 4 3 2 1 1 0 0 0 0 0 0 0 0 0 0 0 0 1 2 1 2 4 2 1 3 5 4 2 0 0 1 2 2 5 20 31 36 33 28 12 3 2 9 42 68 62 31 13 13 2 4 10 10 8
9 9 9 13 11 12 19 20 13 10 3 3 15 21 16 4 10 24 17 86 42 64 74 52 71 68 69 45 50 53 36 33 42 39 39 32 25 18 23 26 30 26 5 2 3 1 2 1 1 1 0 0 0 0 0 0 0 0 0 0 0 1 1 2 1 0 1 2 1 1 0 0 1 2 3 9 13 25 44 17 14 2 1 2 8 6 8 4 2 1 2 1 0 1 1 2
26 11 5 7 14 14 24 10 17 12 6 5 13 23 12 17 25 30 12 55 13 31 65 90 84 73 46 43 31 45 62 45 35 26 17 4 7 23 19 28 29 17 19 15 3 1 2 3 3 3 1 0 0 0 0 0 0 0 0 0 0 0 0 1 0 0 1 1 1 0 0 0 1 1 1 3 8 7 19 10 7 1 2 3 1 3 2 1 0 1 6 2 0 0 0 1
23 21 25 7 7 14 14 29 22 12 6 8 12 20 17 38 40 30 18 24 19 7 59 82 76 70 57 75 56 16 26 44 21 12 6 11 11 12 25 8 12 36 40 9 1 0 1 0 3 2 1 0 0 0 0 0 0 0 0 0 0 0 0 0 0 0 0 0 0 0 0 1 1 1 1 4 10 9 8 2 1 0 1 1 6 11 9 9 13 16 14 5 1 0 0 0
15 19 17 16 12 6 8 17 16 9 6 9 17 11 28 21 33 13 18 22 10 11 38 36 22 54 49 35 29 6 13 54 37 6 12 13 20 15 21 12 4 7 18 10 4 1 0 0 2 1 1 0 0 0 0 0 0 0 0 0 0 0 0 0 0 0 0 0 0 0 0 0 1 1 1 1 1 0 1 1 1 0 1 1 5 8 10 4 9 12 4 2 1 0 0 0
15 8 7 12 11 7 14 7 15 16 9 3 10 21 30 34 19 10 25 22 4 16 21 36 35 11 21 10 16 19 5 41 11 3 7 14 11 36 21 22 14 8 16 12 5 2 0 0 1 1 1 1 0 0 0 0 0 0 0 0 0 0 0 0 0 0 0 0 0 0 0 0 1 1 2 2 1 1 1 1 0 0 0 1 2 3 1 1 1 2 1 0 0 0 0 0
8 6 2 4 5 12 6 10 11 13 6 2 13 35 23 27 17 12 18 9 19 20 14 31 31 33 13 8 11 23 25 8 27 11 2 5 2 15 21 23 17 8 10 6 3 1 0 0 0 2 1 1 0 0 0 0 0 0 0 0 0 0 0 0 0 0 0 0 0 0 0 0 0 1 3 3 4 3 2 3 2 0 0 2 1 1 1 1 0 0 0 0 0 0 0 0
18 8 3 5 3 2 2 3 6 4 5 4 11 10 3 2 8 8 9 16 26 6 27 16 18 12 35 6 7 15 12 6 10 17 15 9 5 10 6 3 3 17 5 5 2 1 0 0 2 2 1 1 0 0 0 0 0 0 0 0 0 0 0 0 0 0 0 0 0 0 0 0 0 0 1 1 1 2 1 1 1 0 0 0 0 0 0 0 0 0 0 0 0 0 0 0
25 19 12 11 8 8 13 15 11 3 1 3 5 3 1 6 9 10 17 9 23 7 34 25 26 30 18 8 2 2 8 11 6 7 18 15 6 4 6 1 1 3 3 1 1 2 1 0 0 1 0 0 0 0 0 0 0 0 0 0 0 0 0 0 0 0 0 0 0 0 0 0 0 0 0 0 0 0 0 0 0 0 0 0 0 0 0 0 0 0 0 0 0 0 0 0
38 20 19 32 32 27 28 30 14 10 9 3 1 1 4 12 17 18 19 12 22 7 13 15 24 32 8 7 11 1 2 4 12 4 6 8 4 1 1 3 3 4 5 3 2 2 1 0 0 1 1 0 0 0 0 0 0 0 0 0 0 0 0 0 0 0 0 0 0 0 0 0 0 0 0 0 0 0 0 0 0 0 0 0 0 0 0 0 0 0 0 0 0 0 0 0
39 33 30 46 50 45 29 29 27 23 23 17 7 2 4 5 9 15 14 16 19 7 33 13 17 10 9 5 9 11 2 2 10 5 2 2 3 3 1 1 2 4 2 1 1 2 1 0 0 0 0 0 0 0 0 0 0 0 0 0 0 0 0 0 0 0 0 0 1 0 0 1 0 0 0 0 0 0 0 0 0 0 0 0 0 0 0 0 0 0 0 0 0 0 0 0
59 39 31 10 21 49 43 55 40 42 23 22 15 4 2 5 9 9 13 9 15 6 12 18 11 11 8 5 12 18 11 5 15 11 5 3 4 2 4 1 1 6 2 0 1 1 1 0 0 1 0 0 0 0 0 0 0 0 0 0 0 0 0 0 0 0 0 0 1 1 1 0 0 0 0 0 0 0 0 0 0 0 0 0 0 1 1 0 0 0 0 0 0 0 0 0
26 50 27 30 29 18 19 15 14 21 28 18 11 5 2 7 10 9 11 15 5 6 11 18 6 12 4 4 28 29 8 9 8 17 10 7 7 6 12 8 1 1 4 0 1 1 0 0 0 0 1 0 0 0 0 0 0 0 0 0 0 0 0 0 0 0 1 1 1 0 0 0 0 0 0 0 0 0 0 0 0 0 1 0 1 1 0 0 0 0 0 0 0 0 0 0
12 40 51 30 34 23 12 9 8 8 27 10 6 5 3 1 7 7 10 8 3 8 8 4 2 3 3 1 2 7 5 9 4 11 10 11 2 4 5 11 5 2 0 1 1 0 1 0 1 1 1 0 0 0 0 0 0 0 0 0 0 0 0 1 0 0 1 1 1 0 1 0 0 0 0 0 0 0 0 0 1 1 1 1 2 1 1 0 0 0 0 0 0 0 0 0
19 35 33 27 42 44 25 19 12 4 5 6 9 4 2 1 5 8 7 13 4 6 5 5 2 2 4 2 1 3 15 16 8 6 10 10 3 1 3 8 15 9 1 1 1 0 0 0 0 0 0 1 0 0 0 0 0 0 0 0 0 0 1 1 1 1 1 1 2 1 2 0 0 0 0 0 0 0 1 1 1 1 2 3 3 1 1 0 0 0 0 0 0 0 0 0
7 15 22 39 38 37 45 39 25 10 6 3 3 4 2 1 6 6 13 12 6 13 5 4 3 1 3 6 2 3 16 36 36 11 5 1 1 1 1 3 5 6 3 2 1 1 0 0 0 0 0 0 0 0 0 0 0 0 0 1 2 2 3 5 2 1 1 1 1 2 2 1 0 0 0 0 0 0 0 1 2 1 1 4 3 1 0 0 0 0 0 0 0 0 0 0
6 10 12 29 40 36 40 38 33 23 16 7 4 1 1 1 2 7 14 25 22 14 4 4 3 1 2 5 3 1 7 7 9 9 4 2 1 0 0 1 1 2 2 3 1 1 0 0 0 0 0 0 0 0 0 0 0 0 1 2 5 12 15 15 4 1 2 3 3 1 2 1 0 0 0 0 0 0 0 1 2 1 3 4 2 1 0 0 0 0 0 0 0 0 0 0
24 4 31 23 41 29 22 15 12 5 7 5 4 1 1 2 2 8 6 18 18 17 12 3 1 1 4 12 6 5 4 2 3 7 5 1 0 0 0 0 0 0 1 2 1 1 0 0 0 0 0 0 0 0 0 0 0 0 1 4 13 19 17 24 9 8 14 3 1 3 2 1 0 0 2 1 1 0 0 0 1 2 2 2 1 1 0 0 0 0 0 0 0 0 0 0
13 8 19 10 23 35 34 25 32 13 9 9 5 3 1 1 2 3 2 7 5 3 6 6 1 0 3 3 5 2 2 3 5 1 1 1 1 1 0 0 0 0 0 1 1 1 0 0 0 0 0 0 0 0 0 0 0 0 0 1 5 12 14 12 15 24 31 3 1 4 1 1 0 0 1 2 2 1 0 0 1 3 5 2 1 1 1 0 0 0 0 0 1 1 1 0
13 13 21 14 17 33 37 36 32 30 29 30 13 3 1 1 1 3 1 1 7 4 1 1 1 1 5 6 6 5 2 3 2 2 1 1 0 0 0 0 0 0 0 0 0 0 0 0 0 0 0 0 0 0 0 0 0 0 0 1 3 8 3 8 16 28 29 7 8 3 1 1 0 0 1 3 2 2 1 0 1 1 1 5 4 1 1 0 0 0 0 0 2 1 1 1
15 15 17 12 18 28 43 44 40 44 40 13 6 2 1 1 1 1 2 1 1 1 1 1 0 0 3 8 6 4 4 4 3 1 1 0 0 0 0 0 0 0 0 0 0 0 0 0 0 0 0 0 0 0 0 0 0 0 0 1 2 7 6 8 11 32 14 24 19 3 2 2 1 1 2 6 4 6 4 1 2 1 1 8 6 2 1 0 0 1 1 0 1 3 1 2
8 16 23 11 11 31 35 46 41 38 31 23 15 6 4 1 0 0 1 2 1 1 1 1 0 1 2 2 2 2 2 2 1 0 0 0 0 0 0 0 0 0 0 0 0 0 0 0 0 0 1 0 0 1 1 0 0 0 0 0 1 3 5 11 12 21 26 44 16 10 7 4 2 1 2 3 6 4 6 1 2 3 4 13 3 1 0 0 0 1 2 1 1 2 3 2
8 12 17 13 2 22 26 31 22 33 40 38 18 11 7 5 2 0 1 2 2 2 1 1 0 0 1 1 1 0 0 0 0 0 0 0 0 0 0 0 0 0 0 0 0 0 0 0 1 2 3 1 1 1 0 0 1 1 0 0 1 1 5 11 13 12 21 26 19 19 17 13 9 8 6 2 6 19 10 3 1 3 12 8 3 1 0 0 0 0 1 3 4 5 1 5
8 7 19 19 11 18 7 16 38 33 17 12 13 7 5 3 2 1 1 0 0 1 0 0 0 0 0 0 0 0 0 0 0 0 0 0 0 0 0 0 1 0 0 0 0 0 1 1 3 3 5 3 3 1 1 1 1 1 0 0 1 1 2 2 6 8 15 25 27 32 30 37 20 23 10 7 7 18 4 2 2 5 7 2 2 0 0 0 0 0 0 1 4 5 2 9
4 13 22 25 24 16 9 26 41 37 25 24 13 10 4 2 1 0 0 0 0 0 0 0 0 0 0 0 0 0 0 0 0 0 0 0 0 0 0 1 1 1 1 0 0 0 2 4 6 5 5 6 3 1 1 2 1 0 0 0 1 1 2 2 2 11 25 12 17 13 30 55 48 34 17 14 11 3 3 2 3 4 5 4 3 2 1 1 1 0 1 1 3 7 9 18
3 11 15 19 9 11 7 11 21 18 13 10 4 5 6 3 1 0 0 0 0 0 0 0 0 0 0 0 0 0 0 0 0 0 0 0 0 0 1 2 3 2 1 0 0 0 1 4 7 10 7 7 4 2 1 2 1 1 0 0 0 1 2 2 4 10 12 9 8 17 16 26 7 39 47 37 24 7 6 3 9 5 12 9 9 5 2 1 1 1 1 2 2 3 14 32
2 5 15 21 14 11 9 9 9 19 18 13 9 2 2 1 1 0 0 0 0 0 0 0 0 0 0 0 0 0 0 0 0 0 0 0 0 1 1 2 6 7 5 2 2 1 2 4 11 23 8 5 6 2 2 3 1 1 1 0 0 1 4 4 4 9 7 11 10 9 10 20 21 20 51 62 17 10 4 3 20 20 11 39 16 10 6 2 2 2 2 3 5 6 16 31
3 2 6 11 7 7 10 8 8 15 10 11 6 4 1 1 1 0 0 0 0 0 0 0 0 0 0 0 0 0 0 0 0 0 0 0 1 2 5 9 15 14 10 14 4 1 3 7 20 26 6 6 7 4 5 3 2 2 2 1 0 0 0 2 4 5 5 13 12 7 8 11 8 37 30 42 24 12 3 2 14 30 31 64 45 33 9 4 3 3 3 4 7 16 21 32
6 1 8 11 9 8 9 4 5 11 5 8 5 3 1 0 0 0 0 0 0 0 0 1 1 1 1 0 0 0 0 0 0 0 0 0 0 2 4 9 15 7 6 20 7 1 4 12 31 21 7 10 8 5 8 5 3 6 3 2 2 1 0 0 0 0 0 4 5 10 10 19 22 21 28 38 19 8 3 2 12 14 22 39 43 23 14 6 8 4 5 6 9 16 25 28
5 1 1 5 2 6 11 5 5 7 4 3 4 1 1 0 0 0 0 0 0 0 1 1 1 1 1 0 0 0 0 0 0 1 1 1 1 1 4 3 3 2 2 19 13 3 3 17 27 33 22 26 10 11 10 16 10 11 4 5 3 2 1 0 0 0 1 1 3 10 17 34 29 21 36 28 22 17 4 1 8 18 18 25 36 26 14 7 11 7 12 8 9 22 33 47
5 3 3 5 2 2 2 1 5 9 10 5 3 1 1 0 0 0 0 0 0 0 0 1 1 1 0 0 0 0 0 0 1 2 5 5 3 1 2 7 8 4 5 17 11 4 4 18 22 46 45 26 24 19 26 16 23 19 7 7 5 4 2 1 1 1 1 1 2 9 23 19 17 46 35 35 34 22 8 2 2 7 21 32 37 38 23 9 15 9 17 17 12 22 27 53
6 5 4 3 2 2 2 3 6 6 9 5 4 1 1 0 0 0 0 0 0 0 2 4 3 1 1 0 0 0 0 0 2 3 9 10 4 1 4 11 28 13 17 28 8 4 4 9 24 49 66 37 32 25 39 27 35 32 20 14 12 7 3 2 1 2 2 2 1 7 12 17 23 29 20 34 29 29 19 3 1 6 19 27 66 46 30 17 22 21 22 24 15 21 33 67
6 2 2 1 2 1 1 1 2 1 2 2 2 1 1 0 0 0 0 0 1 1 3 2 1 1 1 0 0 0 0 1 2 5 12 15 5 2 5 17 23 29 22 32 28 13 5 9 29 36 72 52 26 32 45 33 32 29 26 21 23 12 10 4 2 3 3 2 1 2 6 19 23 31 32 43 35 36 12 7 2 6 19 25 50 65 45 25 29 29 30 30 29 21 36 66
6 4 2 1 1 1 0 1 1 3 2 3 2 1 1 0 0 0 0 1 0 1 2 3 2 1 1 0 0 0 0 1 4 15 14 22 4 3 8 24 43 33 36 56 38 24 13 11 24 45 43 64 33 36 49 53 45 38 31 39 20 22 8 5 4 4 6 5 4 2 5 17 20 16 26 28 43 45 32 11 4 10 18 16 25 38 66 35 37 35 33 34 36 25 38 65
3 2 2 1 1 0 0 1 2 4 9 4 1 1 0 0 0 0 0 1 0 2 1 3 2 1 0 0 0 0 1 3 6 13 29 35 8 6 8 23 19 44 59 70 39 29 19 21 27 52 38 67 48 45 57 59 69 67 52 38 32 28 10 8 6 9 9 9 5 2 4 14 25 24 20 27 53 54 39 17 6 7 13 16 30 39 66 58 40 40 37 40 42 28 37 62
5 2 2 1 0 1 1 1 1 2 2 1 0 0 0 0 0 0 0 1 1 4 7 9 2 1 0 0 0 1 2 5 12 21 29 42 20 16 10 26 27 39 51 75 46 29 13 29 34 39 61 59 66 48 59 66 77 68 70 40 31 20 14 10 15 13 12 12 7 3 3 9 22 25 18 11 43 51 47 23 7 4 6 22 33 42 39 64 44 44 45 47 51 28 62 44
4 2 1 0 0 0 1 1 1 1 0 0 0 0 0 0 0 1 2 4 2 3 10 6 2 1 1 0 0 0 2 4 13 11 13 41 66 27 16 16 43 39 47 66 51 20 19 36 57 42 45 74 52 44 59 78 78 76 60 28 30 20 29 15 19 20 18 18 8 4 2 3 8 18 12 20 33 72 52 42 19 11 6 22 30 43 36 43 59 38 59 22 23 48 42 16
4 1 1 0 0 0 0 0 0 0 0 0 0 1 0 0 2 4 5 10 8 9 4 3 1 0 0 0 0 0 2 3 6 7 13 24 46 46 41 21 18 61 63 76 37 34 34 31 47 53 27 46 71 42 69 78 77 63 44 30 31 33 30 28 27 26 33 12 9 9 5 5 7 15 15 25 33 57 63 49 19 10 13 16 31 31 12 20 40 57 58 20 53 39 14 19
2 1 0 0 0 0 0 0 0 0 0 0 0 0 1 2 4 9 13 18 9 6 4 2 1 0 0 0 0 1 2 2 6 5 16 18 26 21 45 62 28 35 53 78 36 31 33 30 31 18 40 44 58 35 70 49 50 41 39 44 34 33 33 29 44 44 27 16 13 13 12 7 9 8 20 27 32 49 61 33 18 30 16 22 42 33 33 22 28 70 63 47 67 23 23 31
2 1 0 0 0 0 0 0 0 0 0 1 0 1 5 6 9 22 11 7 5 4 3 1 0 0 0 0 0 1 1 1 2 3 8 11 13 24 33 49 55 28 30 72 37 36 30 29 25 28 41 39 68 45 59 36 39 43 52 44 35 37 36 46 47 44 29 18 24 15 18 17 10 9 7 16 36 42 77 51 41 42 34 18 24 26 28 48 25 28 59 59 51 31 31 63
0 1 0 0 0 0 0 0 0 1 2 2 1 2 9 25 34 8 4 3 3 4 2 0 0 0 0 0 0 1 1 2 2 6 18 29 29 38 44 37 60 51 26 28 46 32 47 29 24 16 35 29 44 61 37 45 48 39 55 36 45 39 47 48 49 33 27 31 27 13 24 37 15 12 13 17 26 48 66 71 68 70 25 18 23 29 36 28 48 22 46 54 31 32 59 65
0 0 0 0 0 0 1 1 1 4 4 2 6 9 14 25 14 4 4 2 4 3 0 0 0 0 0 0 0 1 2 4 5 8 20 39 49 57 44 55 66 62 48 40 60 36 45 37 34 22 23 34 29 62 40 44 62 73 54 45 61 57 53 39 36 36 31 17 17 7 17 24 44 24 26 16 21 16 37 57 74 43 21 16 22 33 33 30 55 48 23 60 51 60 62 59
0 0 0 0 0 0 0 0 1 9 7 3 10 14 14 15 18 13 2 1 2 1 0 0 0 0 0 0 1 1 2 3 7 21 25 28 44 43 37 34 26 27 53 53 63 60 50 54 33 23 19 34 42 53 41 65 60 59 57 48 43 39 37 48 37 37 36 26 13 5 18 37 45 48 32 29 18 18 39 28 54 26 25 22 22 39 44 47 49 58 15 69 68 44 45 68
0 0 0 1 0 0 0 1 2 4 27 13 16 29 16 14 4 8 3 4 1 0 0 0 0 0 0 0 1 1 1 1 3 9 15 21 28 33 20 23 26 22 22 26 36 34 41 49 49 23 11 19 36 45 49 56 53 57 52 33 39 39 35 47 39 37 38 34 19 7 16 32 40 53 69 48 35 19 32 50 73 32 23 17 31 31 46 47 47 55 23 55 49 44 50 34
0 0 1 1 1 2 2 8 9 13 33 32 18 14 13 10 8 6 5 3 1 1 0 0 0 0 0 0 1 3 2 2 1 3 9 11 9 8 8 19 22 21 29 27 26 30 20 24 40 32 8 20 23 41 24 29 23 40 33 47 38 22 33 55 31 50 42 41 22 14 13 28 41 43 43 69 46 28 28 47 61 36 14 28 28 28 36 45 45 54 65 23 10 45 34 38
0 0 0 2 1 3 10 16 28 33 35 17 15 13 7 5 6 6 2 2 1 0 0 0 0 0 0 0 1 3 6 4 3 3 4 2 3 8 15 17 20 32 30 25 23 18 28 33 27 41 12 13 18 24 23 18 31 41 48 41 39 26 49 48 15 53 51 40 21 13 21 17 17 30 39 33 43 66 32 43 31 17 22 24 24 23 38 36 40 50 24 13 13 44 33 33
0 0 0 1 6 13 16 30 29 32 12 10 15 8 12 5 4 3 2 1 1 0 0 0 0 0 0 0 2 4 7 19 7 5 7 16 8 12 11 16 16 21 21 20 22 28 39 43 23 25 31 11 10 22 22 12 33 45 36 21 32 30 48 29 23 53 55 46 19 20 21 7 6 22 28 18 23 34 51 57 48 27 38 37 18 17 24 45 35 37 8 12 27 42 36 49
2 2 1 2 7 15 26 27 40 23 19 10 7 7 6 6 4 2 1 1 0 0 0 0 0 0 0 1 3 4 11 15 21 16 4 5 12 26 41 32 24 24 25 16 22 23 19 18 30 22 21 16 10 28 14 10 53 38 17 31 30 28 64 25 43 34 31 21 10 17 12 18 14 19 19 20 31 31 44 33 34 40 35 36 20 17 12 34 42 37 14 29 36 20 59 33
2 6 4 4 5 9 14 29 25 14 11 9 7 8 6 3 1 1 0 0 0 0 0 0 0 0 0 1 2 3 9 10 11 11 19 22 13 9 13 58 58 54 60 41 34 25 23 21 30 30 21 25 21 9 12 10 39 18 13 26 28 49 34 55 43 25 38 30 14 20 20 23 23 10 8 6 12 22 25 40 46 31 50 35 31 10 12 18 38 26 14 33 16 42 27 28
3 9 3 9 15 35 22 18 25 15 13 7 5 3 3 2 2 1 0 0 0 0 0 0 0 0 0 1 2 4 4 6 9 20 25 21 14 8 20 20 28 57 55 56 51 34 29 22 21 16 27 36 9 17 9 24 11 21 14 24 50 48 54 38 37 23 47 27 23 32 20 33 32 12 21 27 24 11 19 39 50 46 33 46 17 15 8 15 27 11 28 7 25 29 37 43
4 5 2 2 2 4 18 34 23 16 8 5 4 3 1 0 1 0 0 0 0 0 0 0 0 0 0 0 1 2 4 4 7 6 8 3 24 23 26 19 17 30 58 49 41 48 37 29 16 12 10 6 9 13 4 15 10 10 13 28 59 53 27 36 20 30 42 44 23 33 20 31 30 23 30 25 29 22 14 7 16 12 12 16 24 11 6 8 30 6 14 10 38 25 44 54
4 4 5 1 8 15 15 31 31 21 13 5 4 2 2 1 0 0 0 0 0 0 0 0 0 0 0 0 0 1 2 3 6 7 11 34 24 17 45 33 35 41 32 40 36 23 13 29 51 10 9 9 18 11 6 8 3 10 21 42 30 26 22 25 10 26 28 38 35 33 19 29 29 25 41 29 38 27 9 13 27 25 12 18 16 8 10 4 12 5 28 21 24 31 38 38
0 1 1 7 25 31 28 36 18 9 7 5 3 2 1 1 0 0 0 0 0 0 0 0 0 0 0 0 0 0 2 5 9 15 19 34 39 40 32 48 59 31 28 17 27 29 36 37 10 25 16 11 11 11 8 7 3 22 12 8 9 12 29 25 27 26 21 26 32 34 20 18 28 30 39 26 29 31 8 11 16 14 12 12 14 11 13 5 1 9 10 13 22 31 22 20
1 1 2 8 31 35 37 17 10 5 10 3 3 1 1 0 0 0 0 0 0 0 0 0 0 0 0 0 0 1 4 8 15 18 18 27 25 18 33 53 53 49 30 30 32 26 29 21 26 17 10 28 11 4 3 6 6 8 6 7 8 12 21 30 26 16 27 32 32 29 20 17 25 23 15 22 30 37 21 8 9 7 10 5 3 4 6 3 2 7 17 18 21 32 28 39
14 12 11 20 32 36 42 19 9 5 4 2 1 1 0 0 0 0 0 0 0 0 0 0 1 1 0 0 0 1 1 5 15 23 18 23 27 47 38 37 38 51 72 51 29 26 23 23 18 16 26 8 12 15 5 4 3 2 3 4 8 18 31 29 16 22 26 34 20 15 16 24 23 16 8 20 40 47 33 15 8 10 8 9 10 4 6 6 6 31 9 6 14 30 39 35
6 43 44 32 40 39 26 21 19 10 6 3 1 1 0 0 0 0 0 0 0 0 0 0 0 2 1 1 1 1 1 2 8 18 15 22 27 41 39 40 49 42 38 42 60 46 23 23 19 17 9 10 14 3 2 4 3 4 7 13 11 12 27 26 26 33 13 26 22 23 15 16 23 15 7 14 23 28 37 30 12 12 7 5 8 7 4 6 10 17 36 9 11 13 19 28
5 23 65 50 36 25 15 16 21 9 9 5 1 1 0 0 0 0 0 0 0 0 0 0 1 1 3 2 3 2 1 1 3 11 14 21 19 20 20 20 12 25 45 49 56 61 23 30 37 22 14 12 20 16 3 2 3 5 11 12 9 16 26 24 32 27 20 19 24 27 17 8 26 31 9 12 24 19 10 24 28 17 5 5 5 5 3 3 3 4 13 17 9 6 9 14
15 35 41 36 43 37 16 13 6 5 4 3 1 1 0 0 0 0 0 1 0 0 1 0 1 1 2 5 5 5 4 4 3 5 18 15 11 11 14 24 33 40 35 37 35 20 25 36 50 35 33 54 9 8 7 3 4 5 8 5 6 13 19 30 23 15 21 19 20 31 8 8 20 36 13 7 9 12 9 14 13 20 6 3 4 4 4 5 10 19 9 7 24 13 13 9
26 37 32 39 35 26 18 10 5 5 3 1 1 0 0 0 0 0 0 2 2 1 1 1 0 1 1 3 6 11 11 8 6 3 3 10 16 11 27 31 25 25 32 38 41 48 27 38 43 32 33 18 10 5 4 4 2 4 3 3 5 12 7 11 12 13 20 24 23 17 7 14 15 33 17 10 5 7 6 9 6 6 12 3 3 7 8 29 13 12 6 6 8 18 28 18
33 47 50 31 19 10 9 8 6 4 2 0 0 0 0 0 0 0 1 3 4 3 3 2 1 1 1 1 2 4 6 13 13 5 4 5 10 12 16 23 26 27 38 31 62 48 32 46 11 13 12 13 8 7 4 1 1 1 3 3 3 10 6 8 9 22 21 13 11 13 6 11 25 19 23 7 7 7 4 6 8 7 4 6 1 9 3 4 26 18 19 7 8 7 12 18
