sesion_6_simulaciones/modelos_agentes/ejemplos_netlogo/scenarios/echam4_a2/rob_2079.asc
NCOLS 322 
NROWS 307 
XLLCORNER 451900 
YLLCORNER 4086900 
CELLSIZE 100 
NODATA_value -9999 
[rows 148 to 221 of 307, columns 96 to 191 of 322]
53 51 52 77 45 28 32 42 55 37 27 25 51 24 10 56 29 49 43 43 26 22 27 28 28 7 6 7 6 3 2 1 1 0 0 0 0 0 0 1 1 1 0 0 1 1 0 0 0 0 0 0 0 0 0 0 0 0 0 0 0 0 1 1 1 3 7 14 21 7 3 1 0 0 0 0 0 1 1 5 11 16 33 45 71 77 82 73 41 42 63 66 18 8 2 2
48 73 49 45 41 12 9 6 12 32 12 46 25 7 11 35 60 42 54 24 15 12 21 34 27 17 5 4 4 3 4 1 1 1 0 0 0 1 0 0 0 0 1 0 0 1 0 0 0 0 0 0 0 0 0 0 0 0 0 0 0 0 0 1 1 2 3 5 10 5 2 1 0 0 0 0 1 2 4 7 19 28 36 67 75 70 87 67 41 14 24 45 47 10 3 1
37 59 34 17 25 29 18 11 2 10 9 23 31 37 13 33 62 57 49 46 37 26 41 21 20 14 8 5 4 2 4 3 1 1 0 0 0 0 0 0 0 0 0 0 0 0 0 0 0 0 0 0 0 0 0 0 0 0 0 0 0 0 0 1 1 1 1 3 4 5 2 1 0 0 0 0 1 2 6 14 19 34 63 71 61 27 64 61 39 14 16 33 52 20 4 1
25 8 19 8 18 19 22 12 3 4 15 11 26 49 45 25 28 49 61 61 45 51 42 42 20 13 4 3 3 3 3 5 2 1 1 0 0 0 0 0 0 0 0 0 0 0 0 0 0 0 0 0 0 0 0 0 0 0 0 0 0 0 1 1 1 2 1 3 4 3 1 0 0 0 0 0 1 3 4 14 30 47 50 40 42 25 54 60 38 7 9 28 43 37 17 3
35 9 30 13 7 11 20 16 7 4 23 40 26 26 37 28 42 48 57 47 48 41 27 30 24 12 4 2 2 2 3 3 3 2 1 0 0 0 0 0 0 0 0 0 0 0 0 0 0 0 0 0 0 0 0 0 0 0 0 0 0 0 1 1 1 1 1 2 1 1 0 0 0 0 0 1 1 4 6 15 47 45 40 29 34 33 55 60 23 6 3 10 16 29 17 5
17 13 15 18 9 6 5 7 4 4 5 11 19 15 10 9 31 73 41 67 11 35 29 27 19 5 4 5 1 4 7 4 4 1 1 1 1 1 0 0 0 0 0 0 0 0 0 0 0 0 0 0 0 0 0 0 0 0 0 0 0 0 0 1 1 1 1 2 2 0 0 0 0 0 0 1 2 4 4 17 12 16 18 23 12 20 45 34 13 14 3 3 9 14 17 5
13 13 4 12 5 8 2 4 6 12 9 12 19 22 11 1 17 26 29 51 38 58 58 28 15 11 12 10 5 13 7 11 7 5 3 3 2 2 1 0 0 0 0 0 0 0 0 0 0 0 0 0 0 0 0 0 0 0 0 0 0 0 0 0 1 1 1 2 1 1 0 0 0 0 0 1 1 4 8 13 8 13 14 10 5 7 25 26 17 13 5 1 4 4 9 9
6 12 9 16 17 12 13 7 24 24 11 3 6 18 26 23 8 16 43 20 63 39 51 38 37 24 26 15 15 25 26 14 12 7 9 5 6 3 2 1 1 1 0 0 0 0 0 0 0 0 0 0 0 0 0 0 0 0 0 0 0 0 0 0 0 1 1 1 1 0 0 0 0 0 0 1 2 6 14 6 5 8 3 1 2 6 21 26 15 6 2 1 1 3 5 4
9 5 10 16 16 15 13 16 10 5 4 1 1 2 3 32 7 18 34 53 22 63 50 36 41 45 34 21 19 41 30 5 3 10 11 13 7 5 3 3 2 1 0 0 0 0 0 0 0 0 0 0 0 0 0 0 0 0 0 0 0 0 0 0 0 0 0 1 0 0 0 0 0 0 0 1 3 5 5 5 4 1 0 0 1 8 18 14 4 1 1 0 0 1 1 1
4 4 4 6 4 5 9 8 4 3 1 1 5 9 6 2 4 13 9 73 29 52 65 49 68 62 59 35 37 37 17 13 17 14 12 9 6 3 4 4 4 3 1 0 0 0 0 0 0 0 0 0 0 0 0 0 0 0 0 0 0 0 0 0 0 0 0 0 0 0 0 0 0 0 0 1 2 3 7 2 2 0 0 0 1 1 1 0 0 0 0 0 0 0 0 0
15 5 2 3 5 5 10 3 5 3 1 1 4 9 4 6 12 14 5 36 7 17 51 85 78 62 34 30 16 22 37 20 12 6 4 1 1 4 3 5 4 2 2 2 0 0 0 0 0 0 0 0 0 0 0 0 0 0 0 0 0 0 0 0 0 0 0 0 0 0 0 0 0 0 0 0 1 1 3 1 1 0 0 0 0 0 0 0 0 0 1 0 0 0 0 0
12 10 11 2 2 5 4 9 6 3 1 2 3 6 5 13 14 9 6 10 8 3 38 67 58 52 35 50 26 5 10 17 6 2 1 2 2 3 5 1 2 6 6 1 0 0 0 0 0 0 0 0 0 0 0 0 0 0 0 0 0 0 0 0 0 0 0 0 0 0 0 0 0 0 0 0 1 1 1 0 0 0 0 0 1 1 1 1 2 2 1 1 0 0 0 0
5 7 6 6 4 1 2 4 4 2 1 2 4 3 8 5 10 3 6 9 4 4 19 19 9 27 22 13 10 2 4 20 9 1 2 2 4 3 4 2 0 1 2 1 0 0 0 0 0 0 0 0 0 0 0 0 0 0 0 0 0 0 0 0 0 0 0 0 0 0 0 0 0 0 0 0 0 0 0 0 0 0 0 0 1 1 1 0 1 1 0 0 0 0 0 0
5 2 2 3 3 2 3 1 3 3 1 0 2 4 5 7 4 2 8 7 1 6 8 17 15 3 6 3 5 5 1 12 2 0 1 2 2 7 4 3 2 1 2 1 0 0 0 0 0 0 0 0 0 0 0 0 0 0 0 0 0 0 0 0 0 0 0 0 0 0 0 0 0 0 0 0 0 0 0 0 0 0 0 0 0 0 0 0 0 0 0 0 0 0 0 0
2 2 1 1 1 3 1 2 2 2 1 0 2 6 3 4 3 2 5 2 6 7 5 13 12 13 3 2 2 6 6 2 6 2 0 1 0 2 3 3 2 1 1 1 0 0 0 0 0 0 0 0 0 0 0 0 0 0 0 0 0 0 0 0 0 0 0 0 0 0 0 0 0 0 0 0 0 0 0 0 0 0 0 0 0 0 0 0 0 0 0 0 0 0 0 0
6 2 1 1 1 0 0 0 1 1 1 0 1 1 0 0 1 2 2 4 7 2 10 5 5 3 9 1 1 3 2 1 1 3 2 1 1 1 1 0 0 2 1 0 0 0 0 0 0 0 0 0 0 0 0 0 0 0 0 0 0 0 0 0 0 0 0 0 0 0 0 0 0 0 0 0 0 0 0 0 0 0 0 0 0 0 0 0 0 0 0 0 0 0 0 0
11 7 4 3 2 2 3 3 2 0 0 0 0 0 0 1 2 2 4 2 6 2 11 6 7 6 4 2 0 0 1 2 1 1 2 2 1 0 1 0 0 0 0 0 0 0 0 0 0 0 0 0 0 0 0 0 0 0 0 0 0 0 0 0 0 0 0 0 0 0 0 0 0 0 0 0 0 0 0 0 0 0 0 0 0 0 0 0 0 0 0 0 0 0 0 0
23 10 10 15 14 10 8 8 3 1 1 0 0 0 0 2 3 4 4 3 5 1 3 3 5 6 1 1 2 0 0 1 2 1 1 1 0 0 0 0 0 0 1 0 0 0 0 0 0 0 0 0 0 0 0 0 0 0 0 0 0 0 0 0 0 0 0 0 0 0 0 0 0 0 0 0 0 0 0 0 0 0 0 0 0 0 0 0 0 0 0 0 0 0 0 0
31 24 21 31 29 24 11 9 6 4 4 3 1 0 0 1 2 3 3 4 4 1 9 2 3 1 1 1 2 2 0 0 1 1 0 0 0 0 0 0 0 0 0 0 0 0 0 0 0 0 0 0 0 0 0 0 0 0 0 0 0 0 0 0 0 0 0 0 0 0 0 0 0 0 0 0 0 0 0 0 0 0 0 0 0 0 0 0 0 0 0 0 0 0 0 0
57 32 23 5 13 30 22 27 15 12 5 3 2 0 0 1 1 1 2 2 3 1 2 2 1 1 1 1 1 3 2 1 2 1 1 0 0 0 0 0 0 1 0 0 0 0 0 0 0 0 0 0 0 0 0 0 0 0 0 0 0 0 0 0 0 0 0 0 0 0 0 0 0 0 0 0 0 0 0 0 0 0 0 0 0 0 0 0 0 0 0 0 0 0 0 0
27 48 21 22 16 7 6 4 3 5 6 3 2 0 0 1 1 1 2 2 1 1 1 2 1 1 0 0 4 4 1 1 1 2 1 1 1 1 1 1 0 0 0 0 0 0 0 0 0 0 0 0 0 0 0 0 0 0 0 0 0 0 0 0 0 0 0 0 0 0 0 0 0 0 0 0 0 0 0 0 0 0 0 0 0 0 0 0 0 0 0 0 0 0 0 0
11 38 49 24 20 10 3 2 2 1 5 1 1 1 0 0 1 1 2 1 0 1 1 0 0 0 0 0 0 1 1 1 0 1 1 1 0 0 1 1 1 0 0 0 0 0 0 0 0 0 0 0 0 0 0 0 0 0 0 0 0 0 0 0 0 0 0 0 0 0 0 0 0 0 0 0 0 0 0 0 0 0 0 0 0 0 0 0 0 0 0 0 0 0 0 0
14 28 27 23 29 24 8 5 3 1 1 1 1 0 0 0 1 1 1 2 1 1 1 0 0 0 1 0 0 0 2 2 1 1 1 1 0 0 0 1 2 1 0 0 0 0 0 0 0 0 0 0 0 0 0 0 0 0 0 0 0 0 0 0 0 0 0 0 0 0 0 0 0 0 0 0 0 0 0 0 0 0 0 0 0 0 0 0 0 0 0 0 0 0 0 0
4 8 16 32 27 20 20 13 6 2 1 0 0 0 0 0 1 1 2 2 1 2 1 0 0 0 0 1 0 0 2 5 4 1 0 0 0 0 0 0 1 1 0 0 0 0 0 0 0 0 0 0 0 0 0 0 0 0 0 0 0 0 0 1 0 0 0 0 0 0 0 0 0 0 0 0 0 0 0 0 0 0 0 1 0 0 0 0 0 0 0 0 0 0 0 0
3 5 7 20 29 23 19 13 8 4 3 1 0 0 0 0 0 1 2 3 3 2 0 0 0 0 0 1 0 0 1 1 1 1 0 0 0 0 0 0 0 0 0 0 0 0 0 0 0 0 0 0 0 0 0 0 0 0 0 0 1 2 2 2 0 0 0 0 0 0 0 0 0 0 0 0 0 0 0 0 0 0 0 1 0 0 0 0 0 0 0 0 0 0 0 0
13 2 17 12 26 15 8 4 2 1 1 1 0 0 0 0 0 1 1 2 2 2 1 0 0 0 1 1 1 0 0 0 0 1 1 0 0 0 0 0 0 0 0 0 0 0 0 0 0 0 0 0 0 0 0 0 0 0 0 1 2 3 2 3 1 1 2 0 0 0 0 0 0 0 0 0 0 0 0 0 0 0 0 0 0 0 0 0 0 0 0 0 0 0 0 0
6 4 9 5 12 20 14 7 7 2 1 1 0 0 0 0 0 0 0 1 1 0 1 1 0 0 0 0 1 0 0 0 0 0 0 0 0 0 0 0 0 0 0 0 0 0 0 0 0 0 0 0 0 0 0 0 0 0 0 0 1 2 1 1 2 3 4 0 0 0 0 0 0 0 0 0 0 0 0 0 0 0 1 0 0 0 0 0 0 0 0 0 0 0 0 0
5 5 9 6 8 17 16 13 10 6 6 4 1 0 0 0 0 0 0 0 1 0 0 0 0 0 1 1 1 1 0 0 0 0 0 0 0 0 0 0 0 0 0 0 0 0 0 0 0 0 0 0 0 0 0 0 0 0 0 0 0 1 0 1 2 4 4 1 1 0 0 0 0 0 0 0 0 0 0 0 0 0 0 1 0 0 0 0 0 0 0 0 0 0 0 0
5 5 7 4 6 12 22 21 13 14 9 1 1 0 0 0 0 0 0 0 0 0 0 0 0 0 0 1 1 0 0 0 0 0 0 0 0 0 0 0 0 0 0 0 0 0 0 0 0 0 0 0 0 0 0 0 0 0 0 0 0 1 1 1 2 5 2 3 2 0 0 0 0 0 0 1 0 1 0 0 0 0 0 1 1 0 0 0 0 0 0 0 0 0 0 0
2 5 8 3 3 11 14 21 17 11 6 3 2 1 0 0 0 0 0 0 0 0 0 0 0 0 0 0 0 0 0 0 0 0 0 0 0 0 0 0 0 0 0 0 0 0 0 0 0 0 0 0 0 0 0 0 0 0 0 0 0 0 0 1 2 3 4 7 2 1 1 0 0 0 0 0 1 0 1 0 0 0 0 1 0 0 0 0 0 0 0 0 0 0 0 0
2 3 6 3 1 6 8 11 7 9 9 7 2 1 1 0 0 0 0 0 0 0 0 0 0 0 0 0 0 0 0 0 0 0 0 0 0 0 0 0 0 0 0 0 0 0 0 0 0 0 0 0 0 0 0 0 0 0 0 0 0 0 1 1 2 2 3 4 3 3 2 1 1 1 1 0 1 2 1 0 0 0 1 1 0 0 0 0 0 0 0 0 0 0 0 0
2 2 6 5 3 5 1 4 12 8 3 1 1 1 0 0 0 0 0 0 0 0 0 0 0 0 0 0 0 0 0 0 0 0 0 0 0 0 0 0 0 0 0 0 0 0 0 0 0 0 1 0 0 0 0 0 0 0 0 0 0 0 0 0 1 1 2 4 5 7 6 6 3 3 1 1 1 2 0 0 0 0 1 0 0 0 0 0 0 0 0 0 0 1 0 1
1 3 5 7 6 3 2 6 12 8 4 3 1 1 0 0 0 0 0 0 0 0 0 0 0 0 0 0 0 0 0 0 0 0 0 0 0 0 0 0 0 0 0 0 0 0 0 1 1 0 1 1 0 0 0 0 0 0 0 0 0 0 0 0 0 1 4 2 3 2 6 16 10 5 2 1 1 0 0 0 0 0 0 0 0 0 0 0 0 0 0 0 0 1 1 2
0 2 3 4 2 2 1 2 4 3 2 1 0 0 1 0 0 0 0 0 0 0 0 0 0 0 0 0 0 0 0 0 0 0 0 0 0 0 0 0 0 0 0 0 0 0 0 0 1 1 1 1 0 0 0 0 0 0 0 0 0 0 0 0 0 1 1 1 1 3 3 6 1 10 11 6 3 1 0 0 1 0 1 1 1 0 0 0 0 0 0 0 0 0 1 4
0 1 2 4 2 2 1 1 1 3 2 1 1 0 0 0 0 0 0 0 0 0 0 0 0 0 0 0 0 0 0 0 0 0 0 0 0 0 0 0 1 1 0 0 0 0 0 0 1 3 1 0 0 0 0 0 0 0 0 0 0 0 0 0 0 1 1 1 1 1 2 4 5 5 15 16 2 1 0 0 3 2 2 7 2 1 0 0 0 0 0 0 1 1 2 4
0 0 1 2 1 1 2 1 1 2 1 1 1 0 0 0 0 0 0 0 0 0 0 0 0 0 0 0 0 0 0 0 0 0 0 0 0 0 1 1 2 2 1 1 0 0 0 1 3 3 1 1 1 0 0 0 0 0 0 0 0 0 0 0 0 1 1 1 2 1 1 2 2 11 8 9 3 1 0 0 2 5 7 21 8 4 1 0 0 0 0 0 1 2 3 5
1 0 1 2 1 1 1 1 1 2 1 1 1 0 0 0 0 0 0 0 0 0 0 0 0 0 0 0 0 0 0 0 0 0 0 0 0 0 0 1 2 1 1 2 1 0 0 1 4 2 1 1 1 1 1 0 0 1 0 0 0 0 0 0 0 0 0 0 0 1 2 3 6 5 7 8 3 1 0 0 2 2 4 10 8 3 1 1 1 0 0 1 1 2 4 5
1 0 0 0 0 1 1 1 1 1 0 0 0 0 0 0 0 0 0 0 0 0 0 0 0 0 0 0 0 0 0 0 0 0 0 0 0 0 1 0 0 0 0 2 1 0 0 3 5 5 3 3 1 1 1 2 1 1 0 0 0 0 0 0 0 0 0 0 0 1 2 8 8 5 11 6 3 1 0 0 1 3 4 6 7 3 2 1 1 1 1 1 1 3 7 11
1 0 0 1 0 0 0 0 1 1 1 0 0 0 0 0 0 0 0 0 0 0 0 0 0 0 0 0 0 0 0 0 0 0 1 1 0 0 0 1 1 0 1 2 1 0 0 3 4 13 9 4 4 2 4 2 3 2 1 1 0 0 0 0 0 0 0 0 0 1 4 4 4 18 12 8 5 2 1 0 0 1 4 10 8 7 3 1 2 1 2 2 2 4 5 17
1 1 0 0 0 0 0 0 1 1 1 0 0 0 0 0 0 0 0 0 0 0 0 1 0 0 0 0 0 0 0 0 0 0 1 1 0 0 0 1 4 2 2 4 1 0 1 1 5 17 28 9 7 5 8 4 8 5 2 1 1 1 0 0 0 0 0 0 0 1 2 3 6 9 6 10 5 4 2 0 0 1 4 8 29 12 5 3 4 4 4 5 3 4 8 27
1 0 0 0 0 0 0 0 0 0 0 0 0 0 0 0 0 0 0 0 0 0 0 0 0 0 0 0 0 0 0 0 0 1 1 2 0 0 1 2 5 6 4 8 4 2 1 1 7 12 43 18 7 9 14 8 7 6 4 2 3 1 1 0 0 0 0 0 0 0 1 3 6 10 11 15 8 5 1 1 0 1 4 7 22 32 12 5 7 7 7 7 8 5 11 31
1 0 0 0 0 0 0 0 0 0 0 0 0 0 0 0 0 0 0 0 0 0 0 0 0 0 0 0 0 0 0 0 1 2 2 3 0 0 1 5 12 10 12 21 9 4 2 2 6 19 21 33 11 13 21 23 15 9 7 8 2 2 1 0 0 0 1 0 0 0 1 3 4 4 8 9 15 11 5 1 0 1 3 3 7 16 32 11 12 12 11 11 12 7 14 32
0 0 0 0 0 0 0 0 0 0 1 0 0 0 0 0 0 0 0 0 0 0 0 0 0 0 0 0 0 0 0 0 1 2 5 5 1 1 1 4 4 16 31 39 11 7 4 6 8 27 21 45 28 24 33 35 41 31 18 9 5 4 1 1 1 1 1 1 0 0 0 2 5 6 6 9 24 18 8 2 1 1 2 4 10 17 44 33 17 18 17 18 21 12 17 32
1 0 0 0 0 0 0 0 0 0 0 0 0 0 0 0 0 0 0 0 0 1 1 1 0 0 0 0 0 0 0 1 1 3 5 10 3 2 2 6 8 16 29 49 16 8 3 10 16 21 49 49 55 36 46 52 55 40 34 12 7 3 2 1 2 2 1 1 1 0 0 1 4 6 5 3 18 19 14 3 1 0 1 5 12 21 23 48 24 24 27 28 31 16 42 20
0 0 0 0 0 0 0 0 0 0 0 0 0 0 0 0 0 0 0 1 0 0 1 1 0 0 0 0 0 0 0 0 2 1 2 12 24 7 4 4 18 18 29 46 25 7 7 18 41 32 40 75 52 43 58 71 64 52 29 8 8 4 6 2 3 3 2 2 1 0 0 0 1 3 3 6 15 44 20 10 3 1 1 4 11 21 21 30 45 25 47 13 16 36 23 5
0 0 0 0 0 0 0 0 0 0 0 0 0 0 0 0 0 0 1 1 1 1 0 0 0 0 0 0 0 0 0 0 1 1 2 5 16 19 15 6 7 39 50 65 22 20 20 20 37 47 28 52 77 51 75 78 70 41 19 11 11 10 8 7 6 4 5 2 1 1 0 0 1 2 3 8 13 35 35 16 3 2 2 3 11 14 6 12 33 52 53 17 46 27 6 7
0 0 0 0 0 0 0 0 0 0 0 0 0 0 0 0 0 1 2 2 1 1 0 0 0 0 0 0 0 0 0 0 1 1 2 3 6 6 22 37 12 20 43 73 27 26 24 26 28 18 46 56 67 50 79 52 41 24 21 21 14 13 12 9 13 13 5 2 2 2 2 1 1 1 4 9 13 32 38 13 5 9 3 5 16 18 21 15 22 69 63 48 64 15 13 16
0 0 0 0 0 0 0 0 0 0 0 0 0 0 1 1 1 3 1 1 0 0 0 0 0 0 0 0 0 0 0 0 0 0 1 2 3 7 15 33 41 20 26 73 35 38 32 31 28 32 48 54 80 64 70 40 34 32 37 25 18 18 15 20 19 16 8 4 5 3 3 3 2 1 1 4 16 27 65 34 25 21 9 4 9 14 17 42 23 30 67 67 51 26 23 50
0 0 0 0 0 0 0 0 0 0 0 0 0 0 1 4 5 1 0 0 0 0 0 0 0 0 0 0 0 0 0 0 0 1 3 5 7 13 22 25 55 46 26 33 53 40 57 35 32 23 49 46 61 78 53 54 51 35 44 22 29 20 24 22 21 11 9 10 7 3 7 13 3 3 3 5 9 29 55 63 57 52 7 5 9 15 26 23 47 26 54 64 39 37 57 58
0 0 0 0 0 0 0 0 0 1 0 0 1 1 2 5 2 0 0 0 0 0 0 0 0 0 0 0 0 0 0 0 1 1 3 11 17 27 24 39 57 58 50 47 71 50 62 50 48 36 38 57 51 78 61 60 70 74 49 36 45 40 31 19 17 14 12 5 5 2 5 8 18 10 10 5 8 7 25 53 71 25 5 5 10 18 24 27 59 56 30 73 63 68 66 55
0 0 0 0 0 0 0 0 0 1 1 0 1 2 2 2 2 1 0 0 0 0 0 0 0 0 0 0 0 0 0 0 1 3 4 6 15 18 18 19 17 21 50 55 72 74 68 71 53 40 36 56 68 75 62 77 69 61 53 44 29 26 24 30 19 17 15 9 3 1 6 15 22 28 19 15 9 10 32 29 54 15 9 10 12 28 36 46 56 69 24 81 79 55 52 68
0 0 0 0 0 0 0 0 0 1 4 2 2 4 2 2 0 1 0 0 0 0 0 0 0 0 0 0 0 0 0 0 0 1 2 4 7 9 6 8 14 14 19 27 43 46 61 68 69 43 24 41 63 70 71 70 61 61 54 30 32 30 24 35 26 23 20 15 6 2 6 15 23 37 62 44 31 17 34 59 76 27 15 11 24 27 44 53 59 70 43 73 63 57 60 38
0 0 0 0 0 0 0 1 1 2 6 6 3 2 2 1 1 1 0 0 0 0 0 0 0 0 0 0 0 0 0 0 0 0 1 1 2 2 2 7 11 12 23 26 32 39 32 41 63 54 18 44 51 69 44 42 32 51 37 45 36 20 29 46 21 36 26 20 8 5 5 12 24 33 38 71 54 35 42 62 68 39 18 33 30 32 43 58 59 74 84 39 17 62 46 45
0 0 0 0 0 0 1 3 5 7 7 3 2 1 1 1 1 1 0 0 0 0 0 0 0 0 0 0 0 0 1 0 0 0 0 0 0 1 3 5 9 18 22 22 25 24 40 52 49 68 31 41 48 55 46 31 48 57 57 44 44 27 52 45 13 48 38 22 8 5 10 8 9 21 35 35 54 79 48 60 43 28 37 42 36 34 53 52 62 72 44 26 25 63 48 42
0 0 0 0 1 2 2 5 7 6 2 1 2 1 1 0 0 0 0 0 0 0 0 0 0 0 0 0 0 1 1 2 1 1 1 3 1 3 3 5 6 10 14 18 24 37 52 61 38 47 62 28 33 55 42 19 58 66 51 32 46 41 57 32 24 52 46 31 8 10 11 3 3 13 25 18 28 48 68 76 71 48 63 57 34 33 40 66 63 63 19 24 49 64 52 61
0 0 0 0 1 2 5 6 10 4 3 1 1 1 1 1 0 0 0 0 0 0 0 0 0 0 0 0 0 0 1 2 3 2 1 1 2 7 15 11 9 13 16 12 23 29 30 31 51 43 50 40 38 69 31 24 79 59 30 51 49 43 75 32 50 36 25 12 5 9 7 10 7 12 14 18 34 41 58 55 58 67 63 60 41 34 27 59 71 66 36 54 61 39 74 47
0 1 0 0 1 1 2 7 5 2 1 1 1 1 1 0 0 0 0 0 0 0 0 0 0 0 0 0 0 0 1 1 1 2 3 3 2 2 3 28 32 34 48 36 36 33 35 39 50 53 48 59 57 38 37 31 68 38 28 51 51 69 47 68 49 30 33 20 8 13 13 14 15 6 5 5 12 25 36 56 66 59 78 65 56 24 33 40 68 59 37 64 35 67 46 40
0 1 0 1 2 6 4 4 5 2 1 1 0 0 0 0 0 0 0 0 0 0 0 0 0 0 0 0 0 0 0 1 1 3 4 4 3 2 6 7 14 41 46 52 54 45 45 40 38 35 52 62 30 56 38 71 22 52 31 52 74 67 68 51 46 30 46 22 17 25 15 26 24 9 17 24 27 15 26 52 63 68 59 78 45 41 23 42 60 33 69 22 53 58 58 59
0 1 0 0 0 1 3 10 4 2 1 1 0 0 0 0 0 0 0 0 0 0 0 0 0 0 0 0 0 0 0 0 1 1 1 1 6 6 9 7 7 20 49 46 47 56 54 47 34 28 24 20 28 37 24 59 41 30 39 59 81 72 42 54 32 44 49 44 21 28 17 28 28 22 32 29 40 34 23 14 30 21 30 45 57 39 21 34 69 22 41 31 71 49 66 72
0 0 1 0 1 2 3 7 5 3 1 0 0 0 0 0 0 0 0 0 0 0 0 0 0 0 0 0 0 0 0 0 1 1 2 9 6 5 19 15 22 31 28 41 42 31 23 50 72 24 23 30 46 37 32 45 12 39 59 76 56 49 39 43 20 44 40 43 37 34 20 32 30 27 49 42 56 45 19 27 49 47 31 50 52 36 38 21 40 23 65 58 57 59 63 58
0 0 0 1 4 7 7 8 2 1 1 1 0 0 0 0 0 0 0 0 0 0 0 0 0 0 0 0 0 0 0 0 1 2 4 10 14 17 15 30 46 27 26 19 33 41 54 59 24 55 37 34 36 44 42 42 18 72 44 24 23 28 53 45 48 46 35 36 42 41 25 22 36 38 50 41 46 51 20 26 36 30 34 39 49 51 54 22 13 40 38 38 53 61 45 35
0 0 0 2 8 9 10 3 1 0 1 0 0 0 0 0 0 0 0 0 0 0 0 0 0 0 0 0 0 0 1 1 2 3 3 7 7 6 16 35 43 46 34 37 42 40 48 40 51 40 30 58 39 24 25 41 46 40 26 26 21 33 47 57 49 33 47 50 46 41 29 26 35 34 22 34 49 59 42 19 23 19 25 19 14 22 34 23 16 41 54 53 53 59 52 60
2 2 2 5 9 10 10 3 1 1 0 0 0 0 0 0 0 0 0 0 0 0 0 0 0 0 0 0 0 0 0 1 2 4 4 6 8 20 20 23 29 51 76 63 45 45 43 46 41 40 59 26 45 57 40 37 23 15 12 16 28 46 61 57 34 43 48 55 35 27 28 37 36 26 13 35 60 71 58 36 23 27 28 30 43 21 37 40 38 68 34 20 37 57 62 57
1 10 13 10 13 10 5 3 2 1 1 0 0 0 0 0 0 0 0 0 0 0 0 0 0 0 0 0 0 0 0 0 1 3 3 5 8 18 20 25 38 37 41 53 75 67 46 47 44 44 33 38 55 19 24 36 29 23 34 49 39 39 61 54 52 58 31 47 39 43 27 28 40 29 13 25 41 53 65 59 36 36 24 24 39 46 39 50 47 52 66 25 28 30 39 48
1 5 30 21 9 5 2 2 2 1 1 1 0 0 0 0 0 0 0 0 0 0 0 0 0 0 0 0 0 0 0 0 0 1 3 5 5 7 7 10 7 20 46 53 68 74 41 56 67 53 45 45 68 66 23 21 24 32 52 42 36 53 66 56 62 57 41 41 48 50 31 17 48 54 22 25 47 41 27 57 64 51 24 28 32 40 28 25 20 19 32 37 20 15 18 24
3 10 16 12 11 7 2 1 1 0 0 0 0 0 0 0 0 0 0 0 0 0 0 0 0 0 0 1 0 1 0 0 0 1 3 3 3 3 5 11 21 31 34 42 46 35 43 57 78 54 69 83 32 41 34 28 35 43 49 28 33 52 61 69 54 39 48 44 43 57 19 21 45 60 32 18 24 31 27 39 44 58 33 21 34 35 39 39 44 48 24 19 45 28 24 15
6 13 11 11 7 4 2 1 0 1 0 0 0 0 0 0 0 0 0 0 0 0 0 0 0 0 0 0 1 1 1 1 1 0 0 2 3 3 10 13 14 17 28 42 51 66 45 62 65 56 57 46 35 23 23 27 23 38 29 23 31 57 34 39 38 40 50 54 52 39 17 33 39 67 42 28 15 22 18 30 26 26 52 25 30 50 48 78 47 33 14 18 20 34 46 27
11 20 19 7 3 1 1 1 1 0 0 0 0 0 0 0 0 0 0 0 1 0 0 0 0 0 0 0 0 0 1 2 2 0 0 1 2 3 5 9 12 17 28 29 67 59 48 64 25 33 30 33 30 29 20 9 10 21 26 23 29 68 40 35 39 60 53 37 32 35 17 33 55 49 57 27 26 26 16 24 34 40 32 42 15 49 20 22 60 46 39 19 19 13 20 27
24 19 13 4 1 1 0 0 0 0 0 0 0 0 0 0 0 0 0 0 0 1 0 0 0 0 0 0 0 0 0 1 2 4 2 1 0 2 4 6 9 9 21 37 52 47 63 55 39 19 20 29 35 32 38 25 16 36 27 21 42 16 30 29 50 53 42 35 50 30 18 11 42 59 62 30 26 23 17 23 25 36 29 29 43 10 33 39 22 33 42 30 29 19 10 10
37 21 5 4 2 1 1 1 0 0 0 0 0 0 0 0 0 0 0 1 0 1 2 1 1 1 0 0 0 0 0 0 1 5 6 0 0 1 3 6 9 14 16 17 18 41 48 35 33 23 29 33 31 37 50 49 36 51 39 11 8 27 16 48 51 49 39 47 30 24 16 19 30 31 58 31 24 20 20 22 11 17 8 20 35 41 59 71 42 24 27 26 14 17 17 17
22 12 6 2 2 2 1 1 0 0 0 0 0 0 0 0 0 0 0 0 1 1 3 3 2 1 1 0 0 1 1 1 1 2 7 1 0 0 2 4 9 11 13 15 24 47 38 22 25 37 37 32 58 46 56 54 30 21 12 9 24 11 22 31 37 32 44 45 30 32 15 11 18 23 24 49 26 24 16 27 16 15 24 3 12 35 13 5 9 21 25 29 30 21 18 14
20 11 6 3 1 0 0 0 0 0 0 0 0 0 0 0 0 0 0 0 0 0 0 1 3 2 2 1 1 1 1 1 2 3 9 1 0 0 2 3 8 9 13 15 18 21 18 31 33 33 51 31 46 39 32 47 28 34 21 18 29 24 13 15 28 32 32 15 49 34 17 7 12 28 26 15 48 9 26 10 21 20 11 45 81 20 26 23 24 36 47 44 44 24 18 19
20 10 3 3 2 1 0 0 0 0 0 0 0 0 0 0 0 0 0 0 0 0 1 1 1 9 3 2 2 1 2 2 3 7 5 1 0 0 1 2 3 7 7 13 15 19 28 33 30 41 31 34 36 38 41 44 53 36 25 15 18 27 6 21 34 21 20 37 28 32 17 11 12 10 21 14 13 18 12 9 20 7 16 12 42 63 33 55 58 52 67 60 61 48 58 57
26 12 6 3 3 1 0 0 0 0 0 0 0 0 0 0 0 0 0 0 0 1 1 2 2 5 16 5 3 2 3 5 4 13 3 2 0 0 0 2 2 4 5 7 11 17 26 30 29 28 30 33 49 56 46 30 34 30 22 32 40 48 20 22 11 20 31 32 22 24 17 11 9 14 15 19 10 4 12 9 4 6 24 13 4 36 82 53 58 69 53 55 44 44 24 18
