sesion_6_simulaciones/modelos_agentes/ejemplos_netlogo/scenarios/echam4_a2/rob_2093.asc
NCOLS 322 
NROWS 307 
XLLCORNER 451900 
YLLCORNER 4086900 
CELLSIZE 100 
NODATA_value -9999 
[rows 144 to 215 of 307, columns 192 to 287 of 322]
11 67 82 78 90 85 58 29 41 42 47 31 30 19 10 3 2 6 17 10 3 3 4 1 0 0 0 0 0 0 0 0 0 0 1 1 0 0 0 0 2 1 0 1 4 10 6 12 23 33 34 38 48 41 50 60 61 45 53 65 63 56 55 38 45 48 51 42 64 37 50 69 42 48 66 55 38 33 26 73 63 21 18 17 11 22 9 3 3 2 3 2 1 0 0 0
25 70 84 89 91 90 91 77 62 56 53 35 26 15 8 1 0 2 6 8 1 1 1 0 0 0 0 0 0 0 0 0 0 0 0 0 0 1 1 1 2 1 1 2 6 24 32 32 34 62 58 53 45 57 64 35 21 28 38 58 57 46 65 46 49 44 52 41 72 29 56 63 54 25 42 41 39 27 30 76 52 18 20 42 38 18 6 4 1 1 1 1 1 0 0 0
48 72 84 79 90 90 82 83 80 70 61 39 28 7 2 1 1 0 0 1 1 0 0 0 0 0 0 0 0 1 0 0 0 0 0 0 0 1 1 2 3 1 3 4 10 28 48 59 55 43 58 66 69 76 71 37 16 7 37 53 53 69 63 52 51 64 58 52 73 47 39 65 24 32 44 25 55 33 46 34 68 61 40 25 16 9 5 2 1 1 1 1 1 0 0 0
43 68 77 77 87 83 90 90 89 91 83 64 24 12 8 7 2 1 0 0 0 0 0 0 0 0 0 0 0 0 0 0 0 0 0 0 0 0 1 2 1 1 4 14 22 21 32 31 34 48 63 61 65 65 49 24 23 9 20 24 41 59 72 72 79 81 69 56 66 62 46 73 27 57 30 42 45 38 58 29 16 37 35 23 14 6 4 2 1 1 0 0 0 0 0 0
30 53 42 62 76 77 82 83 88 72 89 81 47 31 16 5 3 1 0 0 0 0 0 0 0 0 0 0 0 0 0 0 0 0 0 0 0 0 0 1 1 1 4 7 10 17 20 33 23 49 39 32 28 35 34 26 14 14 33 33 75 68 45 69 64 65 68 41 38 77 48 65 51 27 30 79 44 59 71 68 62 61 36 15 13 4 2 2 1 1 0 0 0 0 0 0
5 18 38 71 60 71 75 85 84 88 78 52 48 34 14 3 1 0 0 0 0 0 0 0 0 0 0 1 1 0 0 0 0 0 0 0 1 1 0 1 3 1 3 10 9 16 13 24 29 30 30 18 17 23 12 4 8 21 26 55 40 52 80 80 48 64 80 77 51 61 73 69 70 33 36 69 44 64 57 50 64 44 35 20 11 6 2 1 1 1 0 0 0 0 0 0
6 3 22 48 53 60 77 77 77 87 62 49 39 15 7 3 1 0 0 0 0 0 0 0 0 0 0 0 1 1 1 0 0 0 0 0 0 1 1 2 2 10 23 16 28 21 5 5 16 18 18 10 6 7 2 3 14 21 30 41 32 42 75 67 54 68 46 47 73 85 77 60 52 39 33 60 53 30 25 31 17 17 16 7 9 7 2 1 2 1 0 0 0 0 0 0
8 2 4 10 10 40 47 39 65 80 57 57 56 20 5 1 0 0 0 0 0 0 0 0 0 0 0 0 0 0 0 0 1 0 0 1 1 2 2 3 4 11 9 7 9 6 5 2 1 12 8 7 3 3 1 7 18 26 30 24 36 60 53 67 72 60 34 51 51 36 53 67 50 37 68 51 46 28 36 39 14 7 13 8 5 5 2 1 2 1 0 0 0 0 0 0
24 5 1 1 7 9 12 27 69 70 84 66 56 29 4 1 0 0 0 0 0 0 0 0 0 0 0 0 0 0 0 0 1 1 0 0 0 1 3 9 5 5 6 6 3 2 1 1 1 3 3 3 2 1 2 6 12 14 22 34 50 43 36 30 62 36 42 44 32 34 31 53 51 49 47 54 39 43 44 29 35 29 47 22 14 8 4 4 2 1 1 1 0 0 0 0
16 5 1 1 4 1 2 21 51 30 78 76 60 25 5 0 0 0 0 0 0 0 0 0 0 0 0 0 0 0 0 0 1 1 0 3 1 1 2 5 9 3 3 9 8 2 0 0 1 1 2 2 1 0 1 2 8 12 11 29 60 40 35 23 26 39 36 25 46 44 46 35 37 46 33 30 42 60 66 67 67 47 34 41 22 12 7 3 2 2 1 0 0 0 0 0
14 3 0 0 0 0 2 18 10 12 58 55 31 13 1 0 0 0 0 0 0 0 0 0 0 0 0 0 0 0 0 0 1 2 1 2 5 6 7 4 3 1 0 1 0 0 0 0 0 1 0 0 0 0 1 3 5 8 12 16 16 20 21 21 16 30 43 28 15 26 34 27 31 45 41 42 22 23 46 51 60 43 34 23 16 10 5 6 3 2 1 1 0 0 0 0
6 0 0 0 0 0 3 4 8 14 34 33 14 2 1 0 0 0 0 0 0 0 0 0 0 0 0 0 0 0 0 1 0 1 1 2 6 4 4 4 3 2 0 0 1 0 0 0 0 0 0 0 0 1 2 4 8 9 19 12 8 6 12 14 16 13 16 15 29 31 32 40 36 51 24 32 46 26 27 16 13 15 8 7 10 7 7 9 3 1 1 0 0 0 0 0
2 1 0 0 0 1 1 1 2 5 7 6 3 0 0 0 0 0 0 0 0 0 0 0 0 0 0 0 0 0 0 0 0 0 1 2 3 4 3 3 2 1 1 1 0 0 0 0 0 0 0 0 1 2 2 3 5 6 9 4 3 4 22 43 38 24 34 54 56 47 54 36 63 57 48 66 58 43 42 40 47 26 13 9 4 10 12 4 3 1 1 1 0 0 0 0
1 1 0 0 0 1 1 0 0 0 0 1 0 0 1 0 0 0 0 0 0 0 0 0 0 0 0 0 0 0 0 0 0 0 0 0 0 1 1 1 1 0 0 0 0 0 0 0 0 0 1 1 1 1 1 2 2 3 1 2 3 13 25 47 38 48 30 51 54 57 32 21 29 28 63 39 27 34 61 69 52 35 29 15 16 18 7 3 2 3 1 1 1 0 0 0
1 0 0 0 0 0 0 0 0 0 0 0 1 1 1 0 0 0 0 0 0 0 0 0 0 0 0 0 0 0 0 0 0 0 0 0 0 0 0 0 0 0 0 0 0 1 0 1 1 1 1 1 1 1 1 3 2 2 1 6 11 25 26 25 32 45 48 48 40 38 70 39 33 37 51 36 67 63 66 69 61 51 31 16 8 8 6 4 4 2 2 1 0 0 0 0
0 0 0 0 0 0 0 0 0 0 1 1 1 0 0 0 0 0 0 0 0 0 0 0 0 0 0 0 0 0 0 0 0 0 0 0 0 0 0 0 0 0 0 0 1 1 1 1 1 1 2 1 2 2 2 3 3 3 5 12 20 28 22 36 44 54 33 59 48 53 40 21 46 51 68 63 45 28 28 31 21 22 11 4 5 5 4 5 3 2 3 2 1 1 0 0
0 0 0 0 0 0 0 0 1 1 1 1 1 0 0 0 0 0 0 0 0 0 0 0 0 0 0 0 0 0 0 0 0 0 0 0 0 0 0 0 0 0 0 0 1 1 1 1 2 3 2 2 2 5 4 4 4 1 9 28 40 30 36 55 49 33 36 30 24 32 37 23 20 20 50 47 54 58 30 29 28 13 4 12 5 7 6 2 6 5 4 3 1 1 0 0
0 0 0 0 0 0 1 0 0 1 1 0 0 0 0 0 0 0 0 0 0 0 0 0 0 0 0 0 0 0 0 0 0 0 1 0 0 0 1 0 1 1 1 1 1 2 2 1 2 5 8 6 5 6 5 5 7 6 12 26 45 44 41 31 45 38 44 73 66 36 54 45 27 32 54 59 39 45 50 42 42 20 22 8 11 16 9 3 7 8 12 3 3 1 0 0
0 0 0 0 0 1 1 1 1 1 1 0 0 0 0 0 0 0 0 0 0 0 0 0 0 0 0 0 0 0 0 0 0 0 0 0 0 1 1 1 1 1 2 2 1 2 3 2 2 2 4 11 8 10 11 7 12 9 21 33 33 39 46 38 28 35 39 49 49 42 52 53 26 37 62 62 39 41 47 43 34 21 18 10 15 22 11 9 15 17 5 1 1 0 0 0
0 0 0 0 0 0 0 0 0 0 0 0 0 0 0 0 0 0 0 0 0 0 0 0 0 0 0 0 0 0 0 0 0 0 1 0 0 1 2 4 4 2 1 3 3 4 6 6 3 3 2 3 14 14 15 9 21 14 12 33 41 45 52 59 47 18 14 24 24 46 36 30 24 22 48 58 36 58 57 41 27 15 24 23 32 20 21 27 23 20 6 2 1 0 0 0
0 0 0 0 0 0 0 0 0 0 0 0 0 0 0 0 0 0 0 0 0 0 0 0 0 0 0 0 0 0 0 0 0 0 0 0 1 2 2 4 5 3 1 3 3 14 9 9 6 5 2 2 5 10 18 24 28 29 24 32 33 35 33 45 50 55 36 27 22 26 29 26 19 21 34 54 33 41 43 28 34 17 38 27 44 41 46 48 26 7 3 1 1 0 0 0
0 0 0 0 0 0 0 0 0 0 0 0 0 0 0 0 0 0 0 0 0 0 0 0 0 0 0 0 0 0 0 0 0 0 0 0 0 2 6 6 6 4 1 2 7 6 11 9 13 7 4 3 3 3 6 9 33 68 32 31 38 32 33 36 41 55 53 39 26 39 29 22 36 47 48 51 43 41 45 37 33 35 51 34 55 35 15 8 10 3 2 0 0 0 0 1
0 0 0 0 0 0 0 0 0 0 0 0 0 0 0 0 0 0 0 0 0 0 0 0 0 0 0 0 0 0 0 0 0 0 0 0 0 2 3 5 1 1 12 2 3 14 14 16 9 17 9 6 5 8 11 17 26 26 32 50 63 47 32 35 39 58 64 49 34 36 30 27 43 37 50 47 31 37 42 48 37 41 43 66 60 42 18 8 10 7 5 2 1 0 0 1
0 0 0 0 0 0 0 0 0 0 0 0 0 0 0 0 0 0 0 0 0 0 0 0 0 0 0 0 0 0 0 0 0 0 0 0 1 1 2 2 1 5 8 18 8 5 10 22 19 23 21 16 8 7 10 19 26 32 18 27 30 30 40 68 41 35 34 43 30 41 21 16 12 23 38 61 45 46 39 43 50 73 47 61 75 60 20 12 16 11 3 1 0 0 1 1
0 0 0 0 0 0 0 0 0 0 0 0 0 0 0 0 0 0 0 0 0 0 0 0 0 0 0 0 0 0 0 0 0 0 0 0 0 1 1 1 1 4 16 6 3 6 17 3 11 35 50 34 24 18 11 25 13 10 10 24 40 24 43 24 54 35 17 15 19 13 42 51 36 36 27 46 20 23 31 52 76 53 71 55 37 33 22 5 7 8 3 1 0 0 1 1
0 0 0 1 1 0 0 0 0 0 0 0 0 0 0 0 0 0 0 0 0 0 0 0 0 0 0 0 0 0 0 0 0 0 0 0 1 1 1 2 4 3 3 9 9 6 17 20 8 12 21 35 38 23 20 14 18 25 18 25 24 39 45 51 46 67 34 21 27 22 33 39 30 50 24 54 18 45 61 65 70 75 67 63 57 37 30 8 5 4 2 1 0 0 1 1
0 0 1 1 1 0 0 0 0 0 0 0 0 0 0 0 0 0 0 0 0 0 0 0 0 0 0 0 0 0 1 0 0 1 1 1 1 2 2 2 7 10 6 9 18 18 9 20 44 15 26 24 51 30 32 14 16 20 44 25 27 28 39 32 37 42 57 40 18 23 36 55 25 25 44 41 50 50 49 70 75 73 55 31 28 29 18 9 4 3 1 0 0 1 1 1
0 1 1 1 1 0 0 0 0 0 0 0 0 0 0 0 0 0 0 0 0 0 0 0 0 0 0 0 0 0 2 4 1 2 1 1 1 2 2 3 5 12 17 19 12 36 33 13 30 35 28 34 42 37 31 22 24 31 31 29 30 27 24 22 25 27 35 54 31 22 25 45 15 14 18 32 41 65 66 71 45 42 42 38 35 13 8 3 4 3 1 0 1 1 1 1
1 1 1 1 1 0 0 0 0 0 0 0 0 0 0 0 0 0 0 0 0 0 0 0 0 1 0 0 0 0 2 5 3 1 2 0 1 5 4 4 7 19 12 16 38 36 24 36 26 60 62 34 23 75 40 35 34 30 29 43 32 33 26 27 23 44 49 39 44 54 31 10 25 15 28 39 22 51 65 74 52 36 42 29 27 24 29 20 8 6 3 0 1 2 1 0
0 1 2 1 0 0 0 0 0 0 0 0 0 0 0 0 0 0 0 0 0 0 0 0 0 0 0 0 0 0 0 1 7 2 3 1 1 5 7 5 8 15 21 17 42 34 62 40 52 54 60 52 42 59 41 32 32 34 32 45 30 22 26 35 34 41 35 45 32 12 38 27 19 23 18 19 18 29 33 62 76 55 53 58 58 49 33 26 18 10 2 0 1 2 3 1
0 1 1 1 0 0 0 0 0 0 0 0 0 0 0 0 0 0 0 0 0 0 0 0 0 0 0 0 0 0 0 1 3 4 7 1 1 2 10 11 8 17 20 19 40 44 61 58 62 49 71 68 67 65 57 52 54 39 27 54 43 30 17 26 36 51 43 49 52 53 30 28 18 31 14 28 21 31 38 23 22 57 56 55 43 35 24 25 22 4 2 0 2 3 9 2
0 0 1 1 1 1 0 0 0 0 0 0 0 0 0 0 0 0 0 0 0 0 0 0 0 0 0 0 0 0 0 1 3 8 8 3 1 1 3 12 21 20 16 38 54 44 46 32 53 68 67 70 70 64 66 54 52 52 38 56 34 29 18 20 32 20 36 36 41 41 30 18 9 16 16 21 22 29 38 47 41 43 56 46 40 36 59 22 7 9 2 0 1 4 8 4
1 1 2 2 1 0 0 0 0 0 0 0 0 0 0 0 0 0 0 0 0 0 0 0 0 0 0 0 0 1 2 5 6 7 10 5 4 3 4 2 9 20 36 21 60 70 46 51 55 58 70 70 71 61 48 66 47 48 52 55 36 43 19 30 35 48 28 32 27 27 18 22 29 12 27 14 29 40 51 59 47 54 54 31 38 35 32 20 12 7 2 0 1 4 11 14
1 3 4 4 1 1 0 0 0 0 0 0 0 0 0 0 0 0 0 0 0 0 0 0 0 0 0 0 0 1 3 5 10 16 17 12 7 8 9 8 11 4 10 23 44 47 62 65 55 56 66 68 67 60 70 72 48 44 49 52 50 42 23 37 35 32 18 19 19 18 16 17 23 18 12 18 42 53 44 53 62 55 51 35 23 29 28 18 10 5 2 1 2 5 9 25
2 8 6 3 2 1 0 0 0 0 0 0 0 0 0 0 0 0 0 0 0 0 0 0 0 0 0 0 0 1 3 5 8 11 6 13 15 18 19 33 58 16 11 14 19 21 28 78 74 71 41 63 61 67 71 34 30 52 47 46 51 48 37 34 50 38 21 14 19 13 13 11 9 27 33 27 32 59 56 46 50 60 65 39 22 23 16 10 7 2 1 1 2 8 12 27
3 10 9 4 2 1 1 0 0 0 0 0 0 0 0 0 0 0 0 0 0 0 0 0 0 0 0 0 0 0 1 2 4 17 18 6 8 7 6 14 27 52 33 18 25 47 35 62 54 67 69 51 59 58 50 54 41 19 55 52 44 42 28 25 38 32 22 12 18 19 13 13 12 22 38 26 39 54 51 44 53 66 59 46 37 21 15 6 3 1 1 1 4 6 13 26
5 19 12 6 3 1 1 0 0 0 0 0 0 0 0 0 0 0 0 0 0 0 0 0 0 0 0 0 0 0 1 1 1 18 11 3 4 4 3 7 14 20 47 64 67 49 56 31 30 26 26 37 60 52 38 49 31 34 26 45 39 33 22 23 43 17 11 10 10 17 17 19 23 33 28 25 29 43 38 32 42 49 51 46 26 19 15 14 5 3 1 0 1 4 11 16
8 32 19 5 3 1 0 0 0 0 0 0 0 0 0 0 0 0 0 0 0 0 0 0 0 0 0 0 0 0 1 2 1 1 1 0 1 1 3 10 10 18 18 54 56 47 25 16 36 26 30 36 58 44 41 57 58 51 51 39 30 33 28 29 17 8 16 17 7 12 11 12 20 12 17 14 20 27 20 30 45 47 31 33 24 21 19 21 15 6 2 0 1 4 11 13
17 21 10 5 3 2 1 0 0 0 0 0 0 0 0 0 0 0 0 0 0 0 0 0 0 0 0 0 0 1 1 2 1 0 1 2 2 5 5 8 6 16 19 12 26 31 21 43 49 32 27 58 26 46 66 32 63 43 24 23 59 42 31 18 5 7 14 18 11 18 13 5 14 7 15 16 21 25 39 40 43 42 42 50 44 29 25 25 17 4 1 0 1 3 6 8
41 9 6 7 4 2 1 1 1 0 0 0 0 0 0 0 0 0 0 0 0 0 0 0 0 0 0 0 0 0 1 2 1 0 1 4 2 2 6 11 15 11 10 19 18 13 41 46 47 35 40 36 39 47 32 35 34 28 19 17 9 22 24 15 16 7 26 26 15 12 11 12 21 21 28 36 38 40 51 47 52 63 58 66 55 25 23 20 17 4 2 0 0 2 6 9
34 21 10 10 5 4 3 1 1 0 0 0 0 0 0 0 0 0 0 0 0 0 0 0 0 0 0 0 0 0 0 1 1 1 2 4 3 5 8 10 4 7 14 16 18 13 28 34 34 49 41 34 48 37 35 44 38 53 49 27 15 21 27 17 23 8 14 22 15 4 5 23 10 24 42 43 47 43 52 62 67 63 43 43 45 29 23 18 9 4 1 0 0 1 6 10
31 34 38 15 10 7 3 1 1 0 0 0 0 0 0 0 0 0 0 0 0 0 0 0 0 0 0 0 0 0 0 0 0 1 2 5 2 2 10 5 3 5 14 13 11 11 24 44 65 68 59 62 52 68 40 59 53 25 31 35 25 21 37 69 70 24 18 12 8 4 3 3 3 9 10 15 19 28 46 53 46 45 45 51 51 37 24 17 8 4 2 0 0 1 3 7
56 56 38 21 13 5 3 1 1 0 0 0 0 0 0 0 0 0 0 0 0 0 0 0 0 0 0 0 0 0 0 0 0 1 2 2 1 2 1 2 3 3 11 7 11 27 21 15 55 47 51 48 38 48 66 65 26 25 29 38 38 28 21 27 12 34 14 19 3 2 5 10 13 15 17 24 26 18 13 27 47 33 39 67 49 37 25 13 12 6 3 1 0 2 2 6
48 51 32 17 10 6 4 2 2 1 0 0 0 0 0 0 0 0 0 0 0 0 0 0 0 0 0 0 0 0 0 0 0 0 1 1 1 1 5 3 5 4 6 8 25 25 19 14 34 28 31 11 13 12 14 13 21 41 30 27 40 40 22 17 8 12 9 3 5 3 2 6 23 25 11 14 35 47 59 59 58 50 21 41 56 35 30 28 16 5 1 1 1 4 4 6
48 50 22 14 12 10 12 5 2 1 1 0 1 1 0 0 0 0 0 0 0 0 0 0 0 0 0 0 0 0 0 0 0 0 0 0 1 2 2 4 5 7 13 17 21 31 20 13 10 13 8 11 14 17 16 19 25 19 36 22 25 16 16 8 5 3 7 4 3 3 4 4 5 15 8 11 35 60 55 59 51 36 35 47 44 25 17 19 18 14 4 0 1 3 6 13
44 33 28 21 15 21 19 9 1 1 1 1 1 1 1 1 0 0 0 0 0 0 0 0 0 0 0 0 0 0 0 0 0 0 0 0 0 2 5 2 3 7 11 14 20 15 12 9 14 13 20 30 32 34 36 41 25 32 13 12 17 32 24 13 17 12 7 3 4 2 6 13 5 12 14 25 43 45 38 35 33 35 30 29 26 17 8 10 13 13 5 1 2 5 12 26
41 29 32 24 42 29 12 4 1 3 2 2 2 1 1 1 0 0 1 0 0 0 0 0 0 0 0 0 0 1 1 0 0 0 0 1 1 1 1 2 3 4 9 11 9 17 20 20 20 18 13 39 55 48 47 51 47 31 39 16 23 29 41 26 11 12 7 4 2 3 11 27 9 14 14 24 58 54 50 52 42 44 33 26 42 17 20 28 21 9 2 1 2 7 15 26
28 24 35 45 32 23 17 4 5 5 5 4 1 2 1 1 1 1 1 0 0 0 0 0 0 0 1 1 0 0 1 1 1 1 0 1 1 1 1 2 5 5 5 7 10 15 29 39 43 30 42 53 42 48 49 46 45 41 43 40 29 30 20 19 15 11 5 3 1 1 3 6 6 8 22 41 35 35 37 27 46 52 37 16 6 8 22 18 11 4 1 2 4 8 12 21
18 34 49 53 35 20 15 19 22 16 10 6 4 2 1 1 1 0 0 0 0 0 0 0 0 0 0 1 1 1 1 2 2 2 0 1 1 3 5 7 7 10 6 8 8 16 20 32 49 58 73 62 38 37 52 62 37 41 54 43 32 18 18 18 6 3 3 2 1 3 6 8 6 12 21 20 30 22 29 34 45 21 12 17 31 22 18 15 13 3 1 3 6 9 10 12
25 44 38 49 47 26 26 39 37 28 15 7 4 3 2 1 1 0 0 0 0 0 0 0 1 1 0 1 2 2 1 2 2 4 1 1 2 4 11 13 14 16 17 11 8 17 10 15 25 22 50 64 70 54 39 54 35 44 56 45 39 11 8 5 3 2 2 2 1 3 4 11 14 15 7 10 16 9 14 25 27 33 47 31 54 26 16 22 6 1 2 6 8 15 14 17
42 47 49 51 46 41 47 44 44 31 18 6 3 3 3 2 0 0 0 0 0 0 0 0 1 1 2 2 5 5 3 3 3 6 4 4 4 4 9 24 33 38 29 19 22 14 17 23 23 25 30 37 41 64 55 42 58 49 28 31 37 29 13 4 2 1 1 2 1 3 8 11 14 9 11 22 23 39 50 49 54 70 64 44 33 24 23 13 3 1 2 6 15 21 24 30
67 50 41 27 54 51 45 40 31 24 13 6 6 5 3 2 1 1 0 0 0 0 0 1 1 1 3 6 6 5 4 4 8 5 9 5 9 6 10 23 42 35 50 33 24 26 31 34 41 36 42 50 50 38 38 37 45 46 40 36 13 15 7 14 7 1 1 1 3 7 10 18 32 28 11 22 42 65 64 66 70 54 28 13 31 23 8 3 1 1 1 3 10 25 31 36
69 59 39 22 36 42 28 25 11 7 8 7 9 7 3 0 0 1 1 1 0 0 0 0 1 1 2 4 4 1 8 11 11 6 11 7 15 17 9 17 28 39 45 52 38 30 43 39 41 49 37 50 49 38 33 36 20 20 35 25 20 15 4 5 2 1 0 2 5 5 9 11 16 23 22 50 35 37 62 62 59 37 46 41 25 21 13 3 2 3 3 6 6 18 33 57
55 51 29 13 22 22 15 15 12 12 12 17 11 5 1 1 1 1 1 1 0 0 0 1 1 0 1 2 4 4 2 11 13 8 11 17 13 31 35 24 30 43 46 54 51 30 46 53 56 49 37 64 50 40 34 31 30 7 7 8 3 3 6 4 1 2 2 9 2 2 4 6 11 24 44 52 50 28 50 39 42 43 40 33 29 19 12 1 2 6 7 7 9 16 20 37
45 33 18 14 12 9 17 22 19 19 26 12 5 3 1 1 3 1 1 0 0 0 0 1 2 2 3 3 5 9 8 5 2 22 30 26 27 31 22 39 52 42 57 56 55 30 35 49 48 52 52 52 40 39 36 18 14 14 17 15 9 8 4 2 1 0 1 1 1 1 7 21 29 36 28 41 49 52 52 45 51 42 44 37 29 19 6 1 3 9 16 13 11 16 20 29
50 39 42 39 41 31 41 39 46 32 21 16 7 4 2 3 2 1 1 0 0 0 0 1 1 3 6 6 6 13 14 10 5 22 37 37 42 35 26 28 27 26 17 17 30 44 56 48 47 39 41 44 38 39 31 37 23 6 31 27 10 6 3 2 2 0 1 2 3 5 11 16 25 42 36 26 48 42 52 39 44 58 49 34 27 8 2 2 5 12 19 18 21 23 30 33
54 48 66 69 49 15 7 24 36 27 22 20 15 10 8 3 2 1 1 0 0 0 1 1 2 4 5 11 13 13 18 23 10 17 35 44 48 38 42 22 26 30 29 19 19 19 45 57 53 48 27 25 35 35 32 28 23 35 19 10 10 11 9 6 1 0 1 3 4 6 10 7 14 19 22 30 41 55 57 62 63 54 52 31 21 7 5 2 13 13 21 13 22 42 45 56
60 64 46 29 15 10 42 41 29 11 19 32 31 20 7 4 4 2 1 1 0 0 0 1 4 5 6 8 13 24 29 30 18 20 23 43 53 55 53 28 51 30 42 31 19 20 20 26 57 64 34 20 32 42 28 23 26 13 23 20 9 6 8 5 1 1 1 1 5 18 20 22 25 33 22 41 48 50 40 53 48 48 68 49 19 10 4 2 11 15 17 22 20 29 41 55
49 35 39 22 22 33 48 32 22 17 24 25 23 13 4 10 6 3 2 1 0 0 1 1 2 5 7 10 25 36 34 40 23 9 13 31 26 39 46 49 63 59 39 46 42 18 19 52 50 50 34 20 23 21 36 20 16 16 8 7 6 8 7 2 1 1 2 3 5 5 16 33 39 57 49 36 66 53 44 47 61 58 33 62 24 8 1 5 11 14 24 26 31 26 31 32
19 34 53 28 28 54 37 38 47 38 25 16 8 7 10 9 6 5 2 1 0 0 0 1 2 3 10 20 29 27 49 45 27 19 20 21 23 32 18 54 60 65 57 34 55 28 24 52 44 19 48 18 22 19 16 39 23 15 30 15 4 3 3 3 1 1 1 2 6 22 28 45 55 36 66 49 39 39 64 44 58 64 38 19 25 8 1 4 10 14 27 23 44 61 54 35
24 31 48 59 60 56 55 50 29 20 12 6 5 9 16 8 5 3 3 2 1 0 1 1 1 4 6 11 19 20 27 25 40 48 34 24 25 28 26 37 39 56 53 63 47 37 29 48 33 21 37 37 10 18 17 7 5 4 11 9 8 2 2 1 1 2 2 7 10 33 48 44 36 54 38 62 50 58 60 61 67 36 15 6 8 2 2 10 15 15 22 18 48 62 53 50
49 50 61 53 59 49 31 35 22 17 9 11 26 17 8 4 4 5 4 2 1 0 1 1 4 8 12 9 19 24 45 41 50 57 53 42 26 26 43 29 44 32 36 69 60 47 34 46 16 15 24 13 11 11 11 15 6 4 4 3 2 5 4 2 1 1 3 10 9 8 6 12 26 22 40 42 58 65 58 61 57 39 17 9 2 1 5 11 13 20 19 20 32 43 47 53
50 46 45 57 52 22 15 21 24 22 19 31 30 13 9 7 5 2 2 2 1 0 1 2 6 11 18 21 24 17 39 51 57 58 56 65 28 18 31 43 40 38 42 49 61 42 29 41 42 36 17 27 52 12 12 14 8 4 3 4 1 1 1 1 2 1 1 4 19 24 17 19 23 7 8 18 34 43 61 55 40 38 24 4 1 3 11 11 10 12 16 27 39 22 34 32
43 32 32 39 34 32 29 17 25 35 28 19 7 9 8 7 6 3 2 1 2 1 1 2 9 16 25 31 33 40 39 49 68 60 47 68 41 29 30 28 42 37 46 46 53 35 21 32 43 52 23 21 34 24 8 10 9 7 3 3 3 2 1 1 2 0 2 9 12 25 30 38 30 29 28 25 16 30 43 61 52 18 5 3 1 3 7 14 17 18 22 24 27 30 49 55
22 26 39 29 34 33 28 48 20 9 6 7 20 24 12 7 6 4 1 1 1 1 2 4 9 11 25 37 51 46 67 65 64 65 66 42 57 41 30 35 50 43 44 45 24 36 53 30 18 9 21 17 7 17 15 6 8 5 2 1 1 3 1 1 1 2 3 4 10 19 30 33 24 49 55 59 53 47 38 36 38 16 7 1 2 5 5 5 13 18 23 23 29 27 33 36
36 25 45 35 34 67 50 25 21 16 21 29 32 15 5 3 2 2 1 1 1 2 6 4 9 15 29 41 42 52 62 73 78 72 66 69 55 66 50 34 49 54 37 20 27 43 50 41 17 18 16 20 18 8 8 6 5 3 3 1 1 1 1 0 0 1 2 4 8 15 51 71 59 60 77 79 86 71 55 29 22 9 2 0 2 2 7 9 13 18 23 25 35 39 37 42
34 38 27 27 33 22 34 40 44 48 40 19 14 9 5 2 1 0 0 0 1 3 4 6 15 20 23 30 39 38 41 63 66 80 73 56 54 65 57 28 30 56 32 29 17 32 42 39 49 26 15 12 19 24 10 2 5 6 4 1 1 0 0 0 1 1 7 17 40 16 23 65 78 59 38 60 75 76 55 30 15 8 2 1 3 4 7 9 13 21 27 29 32 38 38 39
20 32 34 26 18 11 7 34 28 22 30 14 7 5 4 3 1 0 0 0 0 3 8 22 26 31 40 29 29 22 33 47 48 61 77 36 27 64 55 24 23 40 43 23 20 28 25 36 36 29 4 4 11 12 4 3 4 3 2 4 1 0 0 0 0 2 1 2 9 61 41 32 54 71 45 41 53 75 56 24 11 4 0 1 1 4 5 8 11 16 27 25 34 32 48 53
26 30 26 27 35 38 21 32 28 25 14 11 10 9 4 3 2 0 0 0 0 2 4 12 30 37 37 37 43 46 34 37 36 34 44 61 29 28 59 46 20 18 36 22 14 20 19 29 35 26 13 3 15 8 5 3 2 0 1 1 0 0 0 0 1 1 2 9 16 33 54 38 38 26 26 22 9 48 52 20 8 2 0 1 2 5 7 10 13 19 19 15 28 34 26 36
16 17 16 26 21 27 16 37 25 24 15 10 8 7 6 3 2 0 0 0 0 1 3 8 21 24 27 27 29 21 54 35 35 20 31 39 61 25 12 38 30 14 30 20 9 14 14 21 14 14 18 4 3 4 2 3 1 1 1 0 0 0 0 1 1 2 5 7 11 49 60 39 32 51 45 38 15 12 33 21 4 1 1 3 4 7 8 11 12 23 20 40 45 47 45 40
21 24 36 53 29 30 18 31 25 18 13 7 5 4 3 2 2 1 0 1 1 0 4 8 12 19 17 44 39 29 56 70 76 60 57 64 47 31 17 10 10 20 19 11 6 7 12 16 14 6 13 3 3 2 2 3 2 0 0 1 0 0 0 1 9 6 15 19 23 36 21 34 48 57 54 44 30 9 9 8 5 1 1 3 5 11 9 7 15 15 23 25 36 43 52 58
32 37 36 35 31 35 26 24 19 14 8 7 8 5 4 3 1 1 1 1 0 1 3 7 11 14 13 13 25 53 51 57 59 59 26 18 26 39 27 20 7 4 19 9 4 6 6 3 10 4 2 4 1 2 1 1 2 0 1 0 0 0 1 1 8 9 8 15 15 16 37 46 60 55 62 51 15 14 8 2 0 1 2 4 8 3 6 4 10 14 19 13 20 22 33 41
