sesion_6_simulaciones/modelos_agentes/ejemplos_netlogo/scenarios/echam4_a2/rob_2019.asc
NCOLS 322 
NROWS 307 
XLLCORNER 451900 
YLLCORNER 4086900 
CELLSIZE 100 
NODATA_value -9999 
[rows 225 to 299 of 307, columns 96 to 191 of 322]
0 0 0 0 0 0 0 0 0 0 0 0 0 0 0 0 0 0 0 0 0 0 0 0 0 0 0 0 1 2 1 0 0 0 0 0 0 0 0 0 0 0 0 0 0 0 0 1 1 2 3 5 12 15 9 10 14 18 21 21 46 64 42 48 59 86 77 58 64 62 73 62 42 32 49 61 51 50 60 64 50 31 14 27 57 57 29 22 15 10 28 25 16 10 5 2
0 0 0 0 0 0 0 0 0 0 0 0 0 0 0 0 0 0 0 0 0 0 0 0 0 0 1 0 1 1 0 0 0 0 0 0 0 0 0 0 0 0 0 0 0 0 0 1 1 2 4 7 9 9 11 14 25 25 22 28 17 30 55 48 56 87 67 73 40 75 61 63 46 33 56 69 63 44 58 81 45 44 58 39 33 15 17 23 17 16 7 9 10 6 2 2
0 0 0 0 0 0 0 0 0 0 0 0 0 0 0 0 0 0 0 0 0 0 0 0 0 0 1 1 1 1 0 0 0 0 0 0 0 0 0 0 0 0 0 0 0 0 0 1 1 1 2 3 3 5 7 14 33 33 29 19 23 40 41 53 75 60 52 65 80 66 58 65 63 21 26 50 53 65 75 38 73 60 77 51 67 30 39 22 12 6 6 9 5 3 1 1
0 0 0 0 0 0 0 0 0 0 0 0 0 0 0 0 0 0 0 0 0 0 0 1 0 0 1 2 1 0 0 0 0 0 0 0 0 0 0 0 0 0 0 0 0 0 0 1 1 1 3 3 5 6 7 15 25 49 27 28 21 45 60 73 58 51 55 54 39 57 70 45 32 19 27 44 66 60 81 59 31 25 39 54 33 35 27 18 9 9 5 3 2 2 2 2
0 0 0 0 0 0 0 0 0 0 0 0 0 0 0 0 0 0 0 0 0 0 0 1 0 0 1 4 1 1 1 1 0 0 0 0 0 0 0 0 0 0 0 0 0 0 0 0 1 1 2 2 4 3 11 16 13 13 12 27 18 18 26 41 29 18 34 48 39 54 29 48 44 30 47 30 30 68 43 52 42 28 23 26 13 15 19 20 8 7 2 1 1 1 1 1
0 0 0 0 0 0 0 0 0 0 0 0 0 0 0 0 0 0 0 0 0 0 0 0 1 0 0 2 4 4 1 1 0 0 0 0 0 0 0 0 0 0 0 0 0 0 0 0 0 1 1 1 2 4 8 5 6 8 10 11 16 16 20 27 34 50 57 66 53 55 67 69 49 25 42 59 32 61 53 58 57 48 34 50 24 8 9 6 4 5 2 1 1 1 1 1
0 0 0 0 0 0 0 0 0 0 0 0 0 0 0 0 0 0 0 0 0 1 0 1 1 1 0 1 4 3 1 0 0 0 0 0 0 0 0 0 0 0 0 0 0 0 0 0 1 1 1 1 2 2 2 3 2 3 3 4 5 6 7 26 39 43 28 51 54 52 53 51 45 30 33 55 52 45 49 69 57 52 47 40 25 17 7 5 3 3 2 1 1 0 1 0
0 0 0 0 0 0 0 0 0 0 0 0 0 0 0 0 0 0 0 0 0 0 0 1 2 1 1 1 3 3 2 1 0 0 0 0 0 0 0 0 0 0 0 1 0 0 0 1 1 2 3 3 2 1 2 2 2 4 8 11 8 16 15 14 13 16 26 30 32 49 66 74 72 34 48 41 71 52 59 45 43 50 45 34 25 35 19 8 4 2 1 1 1 0 0 0
0 0 0 0 0 0 0 0 0 0 0 0 0 0 0 0 0 0 0 0 0 1 0 1 1 2 2 3 4 4 2 1 0 0 0 0 0 0 0 0 0 0 0 0 1 1 1 0 1 2 4 8 5 2 4 5 12 14 18 34 31 30 27 21 31 52 36 34 31 44 65 66 69 66 52 65 77 44 61 40 61 59 44 50 31 19 18 14 12 3 1 1 0 0 0 0
0 0 0 0 0 0 0 0 0 0 0 0 0 0 0 0 0 0 0 0 1 1 0 0 1 1 5 4 2 2 1 1 0 0 0 0 0 0 0 0 0 0 0 1 1 1 1 3 1 2 3 4 5 9 7 13 17 20 41 40 30 33 45 36 27 23 39 50 30 42 25 27 30 28 62 27 40 75 51 37 17 30 65 55 29 22 27 10 8 2 2 1 0 0 0 0
0 0 0 0 0 0 0 0 0 0 0 0 0 0 0 0 0 0 0 0 1 1 1 0 1 1 2 6 2 1 0 0 0 0 0 0 0 0 0 0 0 0 0 0 1 1 1 2 3 3 4 5 8 22 10 14 22 28 30 44 47 62 58 57 45 30 42 46 63 48 52 45 52 46 83 43 27 30 33 31 18 7 55 59 36 32 32 24 7 5 3 2 1 1 0 0
0 0 0 0 0 0 0 0 0 0 0 0 0 0 0 0 0 0 0 0 0 1 2 1 0 2 2 7 2 1 0 0 0 0 0 0 0 0 0 0 0 0 0 1 1 2 4 3 4 9 8 14 14 16 18 17 22 28 55 51 57 58 53 68 69 47 37 43 49 44 75 56 47 52 55 63 51 61 58 43 38 22 13 41 32 33 38 20 6 3 1 1 1 0 0 0
1 0 0 0 0 0 0 0 0 0 0 0 0 0 0 0 0 0 0 0 1 1 1 2 0 1 2 4 2 1 1 0 0 0 0 0 0 0 0 0 0 1 1 1 2 3 8 7 5 4 16 29 43 25 22 10 23 26 54 46 72 63 57 53 52 51 33 49 39 74 41 44 50 57 45 32 38 41 42 35 27 21 19 15 23 13 5 11 7 2 1 1 0 0 0 0
0 0 0 0 0 0 0 0 0 0 0 0 0 0 0 0 0 0 0 0 1 1 1 3 1 1 3 7 3 2 1 0 0 0 0 0 0 0 0 0 1 1 1 3 3 5 8 10 12 9 11 24 30 31 26 13 24 33 25 51 72 68 30 75 35 55 54 46 41 62 48 30 41 68 66 51 56 58 56 52 59 28 22 15 9 5 7 5 2 3 1 0 0 0 0 0
0 0 0 0 0 0 0 0 0 0 0 0 0 0 1 0 0 0 0 1 1 0 2 6 3 3 6 5 3 3 1 0 0 0 0 0 0 0 0 0 1 1 1 2 3 6 9 13 15 20 16 28 44 46 35 16 27 39 50 46 59 65 27 57 61 58 69 40 53 49 37 51 63 58 46 37 35 43 45 23 39 42 35 14 13 5 4 3 2 1 1 1 1 0 0 0
0 0 0 0 0 0 0 0 0 0 0 0 0 1 1 0 0 0 0 2 2 0 2 6 5 2 1 15 8 2 1 1 0 0 0 0 0 0 0 1 1 2 1 3 5 6 12 16 21 32 23 37 51 37 47 17 28 38 43 59 53 55 57 58 66 68 62 61 54 41 53 61 62 57 48 39 34 46 41 31 28 24 43 35 13 14 8 2 1 1 0 0 0 0 0 0
0 0 0 0 0 0 0 0 0 0 0 0 0 1 1 1 0 0 1 1 2 1 2 5 10 2 3 21 6 3 2 1 0 0 0 0 0 0 1 1 1 2 2 4 5 6 21 22 28 35 38 34 32 45 74 37 19 42 61 49 38 36 36 62 65 64 62 74 59 41 47 53 66 62 64 56 56 73 58 48 37 29 26 20 18 17 6 3 2 1 0 0 0 0 0 0
0 0 0 0 0 0 0 0 0 0 0 0 0 1 1 2 0 0 2 1 2 3 3 8 16 18 15 21 9 5 2 1 0 0 0 0 0 1 1 1 1 2 4 4 3 6 16 30 37 35 43 50 50 52 80 58 47 16 37 73 57 54 41 42 37 69 74 74 48 47 39 70 64 49 49 44 52 74 56 37 48 20 14 9 9 7 8 5 1 1 1 0 0 0 0 0
0 0 0 0 0 0 0 0 0 0 1 1 1 1 1 3 1 0 1 2 2 3 5 10 24 36 15 19 5 3 3 1 0 0 0 0 0 1 1 1 2 2 4 5 6 14 20 22 39 47 51 53 64 79 82 78 38 22 49 64 73 56 48 52 54 49 41 47 46 46 67 64 38 62 36 41 31 53 43 37 29 29 38 14 6 3 2 1 1 1 1 0 0 0 0 0
0 0 0 0 0 0 0 0 1 1 1 1 2 1 2 4 1 1 1 4 6 6 5 13 24 21 8 4 2 2 1 0 0 0 0 0 1 1 2 1 2 4 2 12 7 12 22 20 29 58 60 40 66 74 75 80 64 35 27 29 45 66 62 54 51 38 18 13 31 42 77 57 49 55 89 77 62 54 49 47 50 41 20 22 13 9 4 3 2 1 1 0 0 0 0 0
0 0 0 0 0 0 0 0 0 1 1 1 3 1 3 4 2 4 1 3 12 10 19 13 34 15 5 3 1 1 1 0 0 0 0 0 0 1 1 2 3 3 3 5 20 12 16 27 46 67 65 55 53 48 62 82 76 42 33 36 51 45 52 48 36 47 36 25 56 61 38 56 69 74 64 82 59 71 56 60 56 33 18 6 6 4 4 3 1 1 0 0 0 0 0 0
0 0 0 0 0 0 0 0 1 1 1 2 4 2 4 7 2 5 7 3 6 13 10 43 19 18 3 2 2 1 0 0 0 0 0 0 0 0 1 0 1 2 6 17 12 16 30 38 37 53 70 75 51 51 42 49 76 64 49 27 36 27 26 19 19 9 28 55 46 54 41 25 35 62 32 62 80 77 65 58 56 29 13 8 5 2 1 1 1 1 0 0 0 0 0 0
0 0 0 0 1 0 0 1 1 1 2 2 4 6 4 10 4 4 11 11 12 23 13 32 32 8 2 1 0 0 0 0 0 0 1 0 1 1 0 1 1 2 5 12 31 21 18 29 39 59 62 68 68 65 50 41 49 69 55 32 36 33 38 36 44 24 20 45 50 53 51 49 49 38 33 28 52 58 64 34 17 14 10 7 3 2 1 1 0 0 0 0 0 0 0 0
0 0 0 0 1 0 0 1 1 1 2 3 4 7 8 22 6 5 16 19 19 33 61 28 11 10 4 1 1 0 1 1 1 0 0 1 0 1 1 2 2 4 6 11 19 40 29 30 44 55 67 60 70 70 61 44 32 57 54 44 25 30 34 39 45 37 27 54 45 41 49 47 75 58 49 34 25 13 33 33 20 7 4 3 3 2 0 0 0 0 0 0 0 0 0 0
0 0 0 1 1 1 0 1 1 1 5 4 4 5 24 25 9 11 14 24 26 45 61 12 18 10 3 2 2 2 2 3 1 1 0 1 1 1 2 1 3 7 13 17 16 34 28 59 49 65 61 83 63 47 47 41 59 26 23 75 35 26 57 51 37 32 46 68 43 35 38 58 81 64 48 38 32 27 16 19 16 8 4 3 2 1 0 0 0 0 0 0 0 0 0 0
0 0 0 1 1 1 0 2 2 2 6 4 11 11 14 24 35 22 27 21 39 39 73 49 17 6 6 5 4 5 5 4 1 0 0 0 1 2 1 3 5 7 17 31 43 34 56 24 13 29 63 37 57 53 63 45 21 14 18 29 46 16 40 36 21 34 65 34 39 36 24 28 19 34 43 32 30 28 16 12 9 4 5 3 3 2 1 1 0 0 0 0 0 0 0 0
0 0 0 1 1 2 1 2 3 3 3 6 6 18 23 12 12 46 33 34 33 57 64 31 16 12 10 10 10 18 5 2 1 1 1 0 1 1 5 4 6 9 15 39 28 53 48 45 36 52 58 17 64 74 68 36 49 39 35 19 61 14 28 29 18 24 33 57 51 25 45 67 57 60 53 41 31 30 24 20 12 9 7 5 3 3 3 1 0 0 0 0 0 0 0 0
0 0 0 1 2 2 1 1 2 5 7 11 6 6 14 39 16 11 54 60 35 57 68 37 34 13 26 38 18 5 3 2 1 1 0 0 0 0 2 4 6 17 26 21 17 33 38 60 65 64 51 48 64 77 79 79 62 31 29 28 53 24 26 32 16 21 45 27 19 20 42 48 49 51 56 53 33 26 15 14 6 3 4 9 6 4 1 1 0 0 0 0 0 1 1 0
0 1 1 1 2 2 2 2 3 2 4 13 5 5 14 31 38 35 9 26 43 64 48 35 26 43 19 8 7 4 3 3 2 1 1 0 1 1 2 3 3 9 14 12 21 31 41 42 65 64 65 60 77 78 70 66 39 58 21 28 31 45 13 24 32 25 13 42 50 49 37 52 63 56 50 51 27 19 11 16 17 11 17 8 6 2 2 1 0 0 0 1 1 1 1 0
0 1 1 1 2 3 3 6 5 4 3 8 23 7 22 22 31 51 38 16 30 65 25 45 64 19 14 12 9 8 4 2 1 1 1 1 1 2 3 3 5 11 12 9 22 38 22 22 48 52 33 28 44 44 52 30 49 37 61 16 30 39 27 20 55 66 39 65 69 44 63 62 70 70 67 61 41 24 25 21 23 14 18 7 5 3 1 0 0 1 1 1 1 2 0 0
1 1 1 1 1 7 8 7 6 6 13 9 15 37 18 24 38 17 62 35 33 33 73 53 36 33 27 23 16 10 4 1 1 1 2 1 1 2 5 8 9 14 23 24 26 22 32 42 33 33 35 32 33 37 37 45 40 40 43 53 13 8 26 53 57 33 46 53 67 53 67 56 56 68 67 47 33 38 27 24 26 21 10 9 5 1 0 0 1 1 1 1 2 2 1 0
1 2 2 1 2 5 6 11 17 8 14 20 23 28 47 27 44 26 22 52 29 34 68 65 51 34 24 24 17 6 5 3 2 1 1 0 1 1 4 10 14 19 13 27 27 35 32 37 46 50 44 34 37 39 46 45 30 29 33 43 28 17 30 17 21 45 46 53 35 44 60 54 60 48 51 67 34 28 14 11 11 10 15 8 3 1 1 1 1 1 1 1 5 1 1 1
1 1 2 2 3 3 6 8 11 17 28 24 27 30 56 57 29 23 32 29 62 67 72 57 54 52 37 31 20 11 6 4 2 1 3 1 1 2 4 10 16 32 27 36 39 43 42 60 43 47 48 40 28 38 33 52 50 26 10 13 19 20 23 22 22 11 7 6 14 54 37 44 56 52 47 35 22 8 7 18 26 20 5 8 8 3 1 2 1 2 2 1 6 2 1 1
1 3 4 4 5 3 5 11 16 17 35 40 42 36 50 58 43 45 36 41 37 68 67 61 39 45 34 29 14 15 10 5 4 3 4 0 2 4 6 8 5 27 38 43 41 52 57 49 46 62 67 63 29 38 47 43 27 31 16 7 10 15 31 17 20 23 34 40 31 33 32 33 34 28 41 16 17 17 11 38 26 10 13 10 7 7 3 4 3 2 2 1 4 2 2 1
2 3 9 5 7 8 7 14 22 23 28 46 42 41 64 47 55 65 51 41 42 60 52 46 40 42 36 29 22 10 10 7 8 5 1 0 2 6 11 16 13 28 45 39 44 52 45 37 52 75 69 65 62 43 48 39 32 32 19 20 21 15 24 20 38 46 66 58 41 45 40 43 34 21 18 24 36 40 22 36 28 22 15 10 6 6 7 5 2 2 2 1 2 4 1 1
2 2 7 13 9 9 9 20 25 29 31 34 51 60 64 61 52 70 53 38 47 81 56 68 45 44 45 39 26 14 17 12 7 4 2 1 1 5 16 29 27 38 34 58 47 51 48 39 50 43 40 39 53 53 28 23 25 24 20 28 31 16 21 31 46 53 52 44 50 28 41 26 16 20 21 52 38 46 47 12 25 19 21 17 8 7 14 7 3 3 2 2 3 2 1 2
3 2 6 16 17 12 17 23 27 33 41 33 48 62 65 55 54 43 56 40 48 64 64 72 55 44 36 29 31 18 24 12 7 4 4 2 2 6 15 22 48 56 57 44 60 38 40 54 44 36 35 41 44 41 69 43 20 23 24 27 22 23 24 21 25 24 40 51 31 20 20 30 30 44 38 59 51 51 31 37 25 13 27 16 11 13 12 6 7 3 2 2 7 2 1 3
5 14 12 16 22 16 12 29 31 34 48 37 19 26 69 74 71 54 49 67 47 79 79 48 55 56 27 30 21 25 20 15 10 3 4 2 3 12 15 24 24 46 47 61 57 58 38 57 64 38 51 57 55 53 54 30 32 18 28 14 12 20 31 31 34 30 50 17 25 10 29 46 61 35 47 62 36 37 48 33 7 13 27 25 26 16 8 4 7 5 2 3 7 5 4 3
6 9 22 27 28 19 17 31 35 35 38 49 41 41 50 71 67 35 46 71 46 79 65 65 57 34 16 35 24 30 32 19 15 7 4 3 4 14 17 31 51 41 33 61 40 49 54 43 60 57 70 65 62 53 49 30 32 16 17 27 13 17 34 36 16 44 23 21 50 42 61 48 44 58 48 28 43 59 26 10 9 30 43 28 22 21 8 6 4 4 6 4 4 11 5 5
13 19 24 32 33 24 34 35 38 38 26 42 44 55 55 62 66 69 75 78 75 74 62 62 49 52 41 39 43 24 34 30 16 10 11 3 5 15 34 35 44 47 49 55 56 49 56 30 51 53 62 57 54 43 49 38 49 30 23 16 15 28 8 26 20 29 28 43 42 38 33 49 69 74 52 40 65 46 39 27 24 27 10 12 24 22 9 8 5 9 9 5 4 26 9 11
17 21 21 27 8 22 46 30 43 50 40 39 52 58 51 64 53 76 73 80 71 66 74 54 47 55 63 61 30 40 29 30 24 11 9 3 5 19 25 38 42 37 61 59 59 48 35 69 49 77 50 57 42 59 46 63 35 39 31 11 10 25 41 43 11 23 34 54 54 34 30 61 80 72 46 67 57 33 38 72 56 18 23 31 19 12 12 5 6 10 10 7 10 33 22 17
18 13 7 5 5 10 45 31 19 27 39 29 34 53 74 72 44 45 74 66 73 70 74 71 32 51 69 42 34 34 24 40 33 23 8 1 4 14 21 42 40 41 52 66 72 67 41 31 14 17 58 66 35 51 50 63 51 36 21 14 15 32 26 42 32 30 35 30 53 40 45 71 78 47 55 70 57 13 52 46 30 43 53 35 20 15 11 4 13 12 14 9 20 59 28 13
21 24 18 20 18 14 27 48 17 20 21 44 37 46 70 64 74 48 60 76 69 80 79 77 57 35 55 57 46 28 50 32 31 19 9 3 3 8 22 48 22 43 64 69 68 52 51 49 46 43 36 44 66 43 24 25 25 18 22 6 12 17 9 17 28 21 31 16 25 32 66 56 59 70 48 43 27 26 42 35 36 53 45 24 14 5 4 4 10 15 15 13 28 40 30 9
34 25 31 30 21 24 23 27 35 33 30 61 43 48 45 54 73 77 71 85 83 74 76 58 30 44 51 45 41 45 49 37 17 16 17 7 6 4 15 29 10 25 36 39 44 42 44 36 70 65 50 47 41 31 35 24 17 43 6 3 2 12 16 15 38 40 21 13 49 56 28 43 27 47 41 31 14 58 44 61 38 32 19 16 14 7 5 11 12 18 18 24 27 46 11 9
21 24 31 28 35 22 20 38 58 59 27 26 56 57 31 34 30 51 79 79 52 45 48 51 56 20 50 52 34 61 40 34 28 18 20 8 12 4 10 28 41 20 30 42 28 38 19 11 25 37 27 66 62 51 30 5 3 3 8 5 5 12 8 26 34 41 19 50 48 31 36 35 42 41 20 30 54 62 67 37 33 31 31 31 16 9 7 14 21 24 23 17 41 48 36 12
24 43 33 36 38 39 28 44 60 49 48 33 24 46 59 36 58 49 37 70 50 61 64 63 51 41 53 36 36 61 46 42 24 11 18 9 11 8 3 14 26 53 48 35 31 44 44 23 34 46 55 59 40 44 41 27 19 14 9 3 4 6 16 19 23 21 38 56 60 55 36 36 25 16 49 53 45 57 52 34 26 30 31 19 14 12 8 20 26 17 28 23 14 27 47 20
31 33 34 29 38 57 30 44 49 58 50 43 56 41 26 59 60 47 47 72 73 32 30 45 41 63 55 68 40 39 52 35 21 35 15 8 11 16 6 17 31 53 64 28 34 58 43 20 38 44 27 45 33 42 41 21 22 19 11 11 8 7 2 18 22 31 44 19 20 18 30 18 46 56 36 40 36 33 31 25 16 23 25 25 21 10 11 16 33 20 32 24 27 23 39 27
31 31 51 38 47 56 24 39 54 62 57 50 53 56 68 53 72 83 65 68 65 40 49 52 58 76 68 74 45 45 43 39 43 17 13 8 8 27 11 11 24 41 35 41 48 56 15 10 64 82 38 45 44 24 20 16 30 17 8 3 6 5 7 14 16 13 12 22 37 42 45 48 26 33 26 15 20 38 29 24 33 47 24 21 22 12 20 22 38 23 28 9 4 12 32 54
31 38 53 53 46 42 25 39 58 65 61 50 41 40 60 75 54 49 70 69 46 33 50 42 70 64 79 60 55 67 60 49 25 20 8 3 3 32 12 12 13 29 29 31 43 45 3 22 37 43 59 50 38 13 10 7 6 6 7 4 2 9 3 3 4 4 9 26 54 69 67 62 34 23 18 25 62 48 33 34 45 34 30 37 10 15 25 32 19 15 7 6 17 22 26 42
40 24 29 55 46 56 46 20 54 57 65 53 56 42 54 45 71 48 42 53 35 55 53 53 51 72 60 71 70 77 56 53 35 27 18 2 14 31 10 13 22 12 24 32 34 31 9 24 23 28 39 31 46 41 35 13 9 10 12 10 4 16 3 2 2 10 29 59 35 42 49 25 16 22 38 50 53 37 28 60 48 39 41 15 15 31 49 18 6 6 10 24 20 54 43 47
35 12 33 50 61 54 56 36 25 47 61 42 52 51 61 65 57 55 55 56 26 60 85 61 56 60 42 51 55 58 56 52 28 15 17 8 18 14 20 16 27 26 25 32 43 37 26 20 18 23 24 41 26 35 27 15 9 10 11 18 7 9 7 3 8 33 17 33 35 25 46 40 30 51 46 52 53 48 47 60 45 28 17 11 33 40 11 5 7 14 18 37 46 49 56 48
33 17 20 15 45 55 65 43 10 28 52 40 52 44 74 68 57 27 42 55 37 67 68 56 54 28 59 64 62 55 56 38 37 30 16 13 14 12 17 13 5 23 21 36 36 42 51 64 51 46 36 56 41 21 13 6 14 7 9 16 15 4 2 8 28 32 12 25 19 23 31 55 60 71 40 33 61 59 45 37 24 31 9 25 28 12 3 13 17 28 33 38 44 60 63 53
47 33 40 12 46 64 62 41 14 10 12 42 57 39 43 59 41 56 57 65 56 33 58 65 47 41 64 68 58 49 38 31 39 31 26 26 28 8 23 16 8 10 18 26 35 27 23 21 22 20 17 35 16 11 16 37 30 14 9 4 3 1 7 18 14 16 12 14 31 15 30 58 61 58 46 47 64 61 53 42 26 14 24 25 13 4 11 28 28 30 38 36 47 48 54 54
59 29 44 15 20 54 42 23 17 16 18 22 34 68 57 54 51 47 46 63 52 61 73 54 52 66 44 57 60 51 35 41 29 19 32 30 20 17 16 26 17 11 15 19 26 24 40 29 25 37 48 36 18 16 4 22 23 16 12 13 11 12 3 12 16 8 8 16 17 25 36 50 58 57 45 42 40 41 59 23 13 14 23 7 8 26 30 32 33 35 37 33 27 24 37 57
48 30 43 22 16 53 44 50 38 37 25 27 41 54 64 70 74 66 53 51 46 48 56 64 73 63 71 72 57 39 39 40 23 20 53 33 20 22 16 7 9 14 14 28 28 30 39 28 42 32 39 22 38 21 7 13 48 22 8 10 14 2 3 3 6 16 7 15 25 24 27 46 59 55 51 24 36 56 44 39 35 16 6 13 16 21 21 44 46 34 43 37 35 24 33 15
39 33 48 36 27 33 25 52 31 30 35 28 42 39 35 50 54 57 57 59 68 40 48 79 71 72 59 47 52 46 44 41 38 24 43 34 31 20 32 12 26 29 10 16 32 44 47 37 42 48 30 18 37 14 14 23 30 15 13 10 8 3 4 4 18 15 34 36 13 13 40 35 26 39 36 28 49 63 70 39 20 10 5 14 9 43 36 35 41 46 65 61 35 32 36 17
54 35 49 36 24 21 15 39 50 38 39 40 37 39 34 52 45 49 31 39 59 37 64 73 74 52 59 60 52 44 40 41 35 43 47 35 46 60 22 16 19 19 23 17 41 28 37 40 34 32 46 39 22 17 27 27 44 14 14 9 7 4 3 3 6 10 44 38 17 21 29 28 46 48 26 67 62 45 39 35 15 4 10 25 23 30 47 30 44 57 54 60 31 27 33 17
57 38 65 40 20 23 38 26 62 35 54 52 34 25 34 30 30 44 40 40 21 65 54 50 51 46 61 51 39 44 44 23 37 45 30 57 32 60 37 18 34 17 34 23 34 48 39 39 29 41 41 26 20 31 26 28 20 18 10 17 9 7 3 2 5 18 31 27 27 36 23 18 35 37 68 57 32 30 32 36 19 12 15 31 53 37 41 54 55 48 50 39 33 26 30 15
54 38 67 42 19 17 65 43 44 37 40 53 33 40 36 35 37 47 44 37 18 30 16 20 35 36 67 66 60 42 28 24 38 58 45 25 44 40 35 20 32 9 30 12 22 38 53 42 33 46 31 45 21 22 37 35 33 16 17 23 6 1 1 4 4 5 11 31 46 30 26 38 56 69 53 28 25 59 37 24 19 15 32 23 50 53 35 50 49 47 43 28 49 30 25 12
63 37 57 27 19 27 40 43 35 66 60 43 46 34 36 37 51 46 46 46 15 25 28 55 60 60 54 52 50 37 23 25 56 44 44 39 61 33 26 22 32 10 28 21 25 33 59 45 32 44 48 44 23 12 32 32 23 9 11 9 13 3 3 5 5 5 8 26 20 24 27 45 43 33 35 28 28 45 28 9 10 21 44 45 47 50 21 39 63 61 39 27 49 17 23 19
65 41 57 28 20 28 28 66 41 64 74 67 40 28 26 39 66 53 19 35 11 32 30 45 29 34 30 49 27 22 39 28 72 55 53 49 51 26 18 44 22 18 18 52 52 39 44 42 55 45 39 37 36 27 28 19 29 20 12 5 4 2 5 6 6 7 6 10 32 25 26 20 31 26 43 36 41 45 36 13 10 38 47 51 50 48 20 35 51 52 24 25 24 29 32 29
77 65 25 43 23 23 46 66 50 41 65 60 67 22 48 69 50 52 39 29 23 18 27 21 23 27 55 33 42 38 37 47 15 32 16 36 29 20 13 43 20 15 4 21 72 45 35 51 52 42 42 36 32 21 44 44 39 27 12 7 5 3 6 3 4 9 7 13 32 13 28 31 35 27 40 49 29 44 33 21 19 46 37 33 42 31 40 39 31 37 51 28 24 44 34 26
63 33 29 40 25 21 63 62 65 36 24 47 73 19 35 33 31 46 31 35 11 9 30 44 46 37 29 47 46 27 59 27 40 27 45 37 25 31 17 32 15 29 12 14 48 62 44 46 55 53 46 44 30 35 24 20 29 13 14 12 4 2 5 3 5 8 7 14 22 27 48 54 54 40 44 59 12 54 31 29 30 28 37 22 30 25 43 56 38 27 45 31 26 32 40 34
60 38 19 47 37 33 49 14 41 61 20 31 64 49 19 36 35 36 19 21 25 40 61 35 36 32 43 59 39 38 35 47 57 71 51 37 57 26 33 38 18 18 19 22 35 44 35 72 49 44 37 44 49 35 13 18 27 23 14 10 9 4 3 2 3 4 7 9 13 24 33 34 47 58 39 18 32 54 43 21 19 25 49 21 35 41 47 32 47 33 21 39 42 34 24 29
63 20 34 47 31 31 41 11 12 14 37 63 37 56 27 34 21 22 13 27 26 21 21 36 29 30 31 42 45 52 31 40 56 38 26 54 27 20 43 25 35 38 29 28 33 44 36 38 55 29 24 20 39 46 20 16 17 12 9 11 6 3 3 1 2 4 9 12 17 30 25 39 41 22 31 29 41 30 17 11 15 41 40 44 29 36 41 33 29 37 39 26 20 40 15 16
69 21 33 52 30 49 46 26 11 13 31 55 72 68 32 25 34 34 34 10 12 14 33 45 22 17 40 65 39 32 25 54 25 38 62 16 22 31 40 23 40 35 27 48 50 59 52 32 38 40 24 24 42 46 35 27 14 6 4 3 3 6 3 1 1 5 10 17 16 33 34 53 40 25 9 31 48 15 19 18 23 35 43 40 26 35 31 30 15 43 28 50 26 14 8 6
53 26 33 59 22 46 60 42 21 20 13 36 32 51 62 21 27 25 19 27 26 19 17 17 7 20 54 56 54 18 57 16 20 55 41 23 35 40 52 34 11 48 44 47 64 57 49 22 34 58 50 20 13 23 33 36 11 11 5 3 1 5 6 4 3 25 43 21 10 15 42 47 34 20 11 40 37 27 22 19 22 33 35 40 36 25 13 34 23 40 32 14 35 12 13 21
50 27 29 54 20 45 51 19 18 23 31 29 21 24 35 36 13 19 22 8 10 7 11 7 12 24 78 38 41 21 57 39 16 61 33 21 37 60 47 31 20 45 50 59 33 56 42 40 25 24 33 43 19 12 18 33 15 9 3 4 2 3 5 4 18 25 27 39 41 44 48 49 36 9 16 40 26 14 15 20 26 22 41 17 25 22 15 18 26 18 32 12 12 31 24 17
72 38 59 37 15 59 31 18 25 19 44 20 40 26 20 24 12 5 9 8 26 41 14 6 10 20 48 31 16 49 33 26 48 44 41 19 33 62 64 35 22 39 40 62 60 52 31 38 37 18 17 18 30 21 11 4 11 4 7 3 5 6 5 26 47 56 68 61 62 75 54 50 30 6 43 55 17 14 17 25 22 27 39 21 38 37 9 16 23 17 17 8 11 9 11 20
73 57 12 16 15 42 18 22 35 37 33 35 35 36 13 19 9 4 13 13 21 17 5 13 9 32 31 18 44 15 30 56 47 28 28 41 49 71 62 30 28 46 41 49 46 33 47 51 33 35 28 14 26 24 15 6 5 5 4 3 6 5 13 18 17 13 50 60 66 74 73 48 9 30 45 58 25 4 12 45 22 45 22 32 23 47 8 24 29 16 21 8 31 8 17 6
68 20 15 22 23 27 7 20 27 39 19 45 56 27 16 10 11 2 8 4 17 16 4 9 10 48 8 40 47 14 60 54 24 19 46 41 22 72 58 17 27 36 34 43 53 44 38 39 27 19 27 13 9 23 12 6 3 2 4 4 8 11 21 26 31 24 47 69 75 62 59 10 20 37 55 63 44 12 27 31 25 25 26 32 33 39 6 11 26 20 28 14 14 8 7 10
55 27 28 23 29 15 13 28 31 29 37 29 49 29 7 8 11 2 9 11 9 17 6 7 15 50 6 53 24 22 67 26 30 21 52 21 38 64 28 18 27 28 39 26 31 37 52 33 44 13 11 27 18 9 10 6 4 1 1 6 12 24 32 34 43 59 66 52 42 39 8 26 32 42 53 58 40 26 34 24 33 31 18 34 41 11 8 16 13 19 18 12 13 2 9 9
38 38 26 28 50 13 21 25 23 48 28 32 25 15 5 3 5 2 8 10 11 10 3 4 10 33 11 15 7 47 29 36 13 29 46 22 67 9 15 22 42 25 38 17 25 19 26 24 20 24 21 7 7 6 7 6 4 2 4 4 11 14 30 37 49 67 73 67 40 10 37 48 44 43 60 34 18 19 19 22 31 19 25 16 30 22 8 11 11 9 13 14 10 8 4 15
21 26 17 39 46 25 18 22 20 30 43 33 18 14 9 3 2 4 7 7 3 5 5 4 5 21 22 4 9 19 13 24 13 28 66 33 10 14 18 17 34 17 19 28 22 23 38 16 28 14 27 8 4 3 9 4 2 2 10 17 24 16 18 30 37 63 56 12 14 21 38 52 64 57 50 16 9 15 18 30 28 23 8 20 10 27 6 8 4 2 7 20 7 18 7 10
18 12 22 58 13 14 18 17 13 18 16 13 24 9 6 5 2 6 1 1 7 2 4 3 1 7 11 4 3 25 18 13 11 52 10 12 9 22 26 11 32 13 14 22 24 35 21 19 9 18 6 9 6 3 2 2 1 3 10 24 19 26 20 30 43 30 12 12 22 40 21 48 59 63 18 10 12 14 33 36 27 36 6 13 16 32 5 8 9 7 9 14 9 7 8 5
