sesion_6_simulaciones/modelos_agentes/ejemplos_netlogo/scenarios/echam4_a2/rob_2021.asc
NCOLS 322 
NROWS 307 
XLLCORNER 451900 
YLLCORNER 4086900 
CELLSIZE 100 
NODATA_value -9999 
[rows 225 to 299 of 307, columns 96 to 191 of 322]
0 0 0 0 0 0 0 0 0 0 0 0 0 0 0 0 0 0 0 0 0 0 0 0 0 0 0 0 0 1 1 0 0 0 0 0 0 0 0 0 0 0 0 0 0 0 0 0 1 2 2 4 11 13 7 8 12 16 20 20 44 62 43 46 60 86 76 59 66 64 75 64 42 30 51 63 55 53 59 63 48 32 15 27 52 52 24 19 13 7 27 23 14 9 3 2
0 0 0 0 0 0 0 0 0 0 0 0 0 0 0 0 0 0 0 0 0 0 0 0 0 0 1 0 1 1 0 0 0 0 0 0 0 0 0 0 0 0 0 0 0 0 0 1 1 1 3 6 6 8 10 12 22 22 20 27 16 30 54 48 55 86 66 72 43 77 63 65 49 33 59 71 66 47 57 81 44 45 58 37 30 14 14 20 14 13 6 6 7 4 1 2
0 0 0 0 0 0 0 0 0 0 0 0 0 0 0 0 0 0 0 0 0 0 0 0 0 0 1 1 1 1 0 0 0 0 0 0 0 0 0 0 0 0 0 0 0 0 0 1 1 1 2 2 2 4 6 12 29 30 27 17 22 38 41 53 73 60 52 64 80 67 61 66 66 23 28 53 57 67 74 37 74 58 75 46 64 28 35 19 10 4 4 6 3 2 1 0
0 0 0 0 0 0 0 0 0 0 0 0 0 0 0 0 0 0 0 0 0 0 0 1 0 0 1 2 1 0 0 0 0 0 0 0 0 0 0 0 0 0 0 0 0 0 0 1 1 1 2 3 4 5 6 13 22 47 24 26 19 43 58 72 58 51 53 52 37 56 70 45 32 21 29 46 68 60 82 57 30 24 35 51 30 32 21 15 8 6 4 2 1 2 1 2
0 0 0 0 0 0 0 0 0 0 0 0 0 0 0 0 0 0 0 0 0 0 0 1 0 0 1 4 1 1 1 0 0 0 0 0 0 0 0 0 0 0 0 0 0 0 0 0 1 1 2 2 3 3 10 14 11 11 10 24 16 16 25 39 28 17 34 48 41 56 31 47 47 34 50 32 29 69 44 54 42 26 20 23 11 13 15 15 6 6 2 1 1 1 1 1
0 0 0 0 0 0 0 0 0 0 0 0 0 0 0 0 0 0 0 0 0 0 0 0 1 0 0 2 4 4 1 0 0 0 0 0 0 0 0 0 0 0 0 0 0 0 0 0 0 1 1 1 2 3 6 4 5 6 8 10 14 14 17 25 33 49 57 67 52 54 67 69 50 29 45 64 34 64 55 60 58 47 30 43 21 7 8 4 3 3 1 1 0 1 1 0
0 0 0 0 0 0 0 0 0 0 0 0 0 0 0 0 0 0 0 0 0 0 0 0 1 1 0 1 4 3 1 0 0 0 0 0 0 0 0 0 0 0 0 0 0 0 0 0 1 1 1 1 2 2 1 2 2 2 3 4 4 5 6 23 37 39 28 50 54 53 56 52 44 33 37 57 51 43 49 68 57 49 44 37 22 13 5 4 2 2 2 1 0 0 1 0
0 0 0 0 0 0 0 0 0 0 0 0 0 0 0 0 0 0 0 0 0 0 0 0 2 1 1 1 3 3 1 1 0 0 0 0 0 0 0 0 0 0 0 1 0 0 0 1 1 2 3 2 1 1 1 2 2 3 6 10 7 15 14 12 11 14 25 31 31 50 68 75 71 39 51 42 72 51 58 47 43 49 42 32 22 31 15 5 3 1 1 1 1 0 0 0
0 0 0 0 0 0 0 0 0 0 0 0 0 0 0 0 0 0 0 0 0 1 0 1 1 2 2 2 5 3 2 1 0 0 0 0 0 0 0 0 0 0 0 0 1 1 1 0 1 2 4 6 4 2 3 4 10 11 15 30 28 28 23 20 28 50 36 33 33 42 64 65 68 68 58 68 76 45 59 40 64 56 40 47 25 15 13 10 11 2 1 0 0 0 0 0
0 0 0 0 0 0 0 0 0 0 0 0 0 0 0 0 0 0 0 0 0 1 0 0 1 1 5 4 2 2 1 0 0 0 0 0 0 0 0 0 0 0 0 1 1 1 1 2 1 1 2 3 4 6 6 10 14 17 37 37 28 32 44 36 26 23 38 51 31 44 27 30 32 30 62 30 39 74 51 35 17 28 61 49 24 19 23 7 7 2 2 1 0 0 0 0
0 0 0 0 0 0 0 0 0 0 0 0 0 0 0 0 0 0 0 0 1 1 1 0 0 1 2 7 2 1 0 0 0 0 0 0 0 0 0 0 0 0 0 0 1 1 1 2 3 2 3 4 7 16 8 11 19 25 27 43 43 60 58 57 47 32 41 47 66 51 55 46 55 46 83 46 30 31 33 31 18 7 49 54 32 28 25 21 6 4 3 1 1 1 0 0
0 0 0 0 0 0 0 0 0 0 0 0 0 0 0 0 0 0 0 0 0 1 2 1 0 2 2 7 2 1 0 0 0 0 0 0 0 0 0 0 0 0 0 1 1 1 3 3 4 8 5 10 12 13 15 14 20 25 48 49 54 58 54 68 71 50 39 46 51 48 76 60 51 56 56 65 53 61 60 43 37 21 11 35 27 29 34 15 4 2 1 1 1 0 0 0
1 0 0 0 0 0 0 0 0 0 0 0 0 0 0 0 0 0 0 0 1 1 1 2 0 1 2 4 2 1 1 0 0 0 0 0 0 0 0 0 0 1 1 1 2 2 6 5 4 3 13 26 38 21 19 9 21 23 49 45 72 64 59 55 54 55 36 54 43 76 45 45 53 60 46 36 41 42 42 35 27 20 16 11 20 10 4 11 5 2 1 0 0 0 0 0
0 0 0 0 0 0 0 0 0 0 0 0 0 0 0 0 0 0 0 0 1 1 1 3 1 2 3 7 4 2 1 0 0 0 0 0 0 0 0 0 0 1 1 3 3 4 7 7 9 7 9 18 26 27 23 12 22 31 23 49 72 69 32 76 37 59 58 51 45 65 53 31 43 70 69 55 58 59 58 53 58 24 17 11 8 4 5 4 2 2 1 0 0 0 0 0
0 0 0 0 0 0 0 0 0 0 0 0 0 0 1 0 0 0 0 1 1 0 2 5 2 3 6 5 3 3 1 0 0 0 0 0 0 0 0 0 1 1 1 2 3 5 8 10 12 17 13 21 39 43 31 15 26 33 49 45 59 66 28 60 65 63 72 45 57 51 43 55 66 60 50 40 38 43 45 21 36 39 31 12 11 4 2 2 1 0 0 0 0 0 0 0
0 0 0 0 0 0 0 0 0 0 0 0 0 1 1 0 0 0 0 2 2 0 2 5 4 1 1 16 8 2 1 1 0 0 0 0 0 0 0 1 1 2 1 2 5 5 10 13 18 28 17 33 44 33 44 14 27 37 42 60 54 57 60 60 69 72 67 66 59 47 59 65 67 61 51 43 37 45 41 31 26 20 38 28 11 11 5 2 1 0 0 0 0 0 0 0
0 0 0 0 0 0 0 0 0 0 0 0 0 0 1 1 0 0 1 1 2 1 2 6 9 2 3 20 5 3 2 1 0 0 0 0 0 0 1 1 1 2 2 3 4 5 17 18 24 31 33 30 26 42 71 36 19 41 60 50 39 37 39 64 69 69 68 78 63 48 51 56 71 66 68 59 59 73 58 45 33 24 20 15 13 12 5 3 1 1 0 0 0 0 0 0
0 0 0 0 0 0 0 0 0 0 0 0 0 1 1 1 0 0 2 1 2 2 3 7 14 17 13 21 9 4 2 1 0 0 0 0 0 0 1 1 1 2 3 3 3 5 14 25 32 31 36 46 47 50 80 58 45 13 35 73 59 57 45 46 40 72 79 79 57 55 44 75 69 53 53 46 54 73 52 35 42 16 10 7 8 5 6 3 1 1 1 0 0 0 0 0
0 0 0 0 0 0 0 0 0 0 1 1 1 1 1 3 1 0 1 2 2 4 4 10 24 34 14 18 4 3 2 1 0 0 0 0 0 1 1 1 2 2 4 4 5 12 17 18 35 43 44 50 61 77 81 78 37 23 49 65 75 59 52 57 59 55 46 54 54 52 69 69 42 64 40 44 33 54 42 34 24 23 33 12 5 3 1 1 1 1 0 0 0 0 0 0
0 0 0 0 0 0 0 0 0 1 1 1 2 1 2 3 1 1 1 4 5 5 5 12 22 21 7 3 2 2 1 1 0 0 0 0 1 1 1 1 1 4 1 9 6 10 18 17 26 50 55 38 64 73 75 79 63 37 29 29 44 69 67 60 57 44 23 16 39 47 78 61 52 56 88 76 63 54 47 43 45 34 17 19 9 6 3 2 1 1 0 0 0 0 0 0
0 0 0 0 0 0 0 0 0 1 1 1 3 1 2 3 2 3 1 3 10 8 17 11 34 14 4 3 1 1 1 0 0 0 0 0 0 1 1 2 3 2 2 4 17 10 13 23 41 60 60 53 53 45 62 82 75 45 36 36 54 49 56 55 42 54 43 31 61 64 42 58 69 73 65 83 57 71 53 57 50 29 13 4 5 3 3 2 1 1 0 0 0 0 0 0
0 0 0 0 0 0 0 0 1 1 1 2 5 2 4 6 2 4 7 3 5 12 10 41 17 16 3 2 1 0 0 0 0 0 0 0 0 0 1 0 1 2 5 14 9 13 26 35 33 50 69 73 50 52 42 52 77 65 54 29 38 29 29 23 23 13 33 60 51 56 44 28 38 63 33 63 78 74 62 55 48 23 9 6 4 1 1 1 1 1 0 0 0 0 0 0
0 0 0 0 0 0 0 1 1 1 1 3 4 5 3 8 3 3 11 9 10 22 11 30 31 7 2 1 0 0 0 0 0 0 0 0 0 1 0 1 1 2 4 10 26 18 15 27 36 57 62 69 69 66 53 40 52 69 59 37 40 38 43 42 51 30 26 46 56 56 54 52 50 39 33 29 51 54 58 30 15 10 7 5 2 1 1 1 0 0 0 0 0 0 0 0
0 0 0 0 1 0 0 1 1 1 2 3 4 6 8 20 5 6 13 16 16 29 57 26 10 9 4 1 1 0 1 1 1 0 0 0 0 1 1 1 2 3 5 9 14 35 25 27 41 53 68 62 70 73 65 48 34 59 60 49 29 35 40 44 52 47 35 55 51 46 53 50 74 59 49 33 23 12 29 27 17 5 3 2 2 1 0 0 0 0 0 0 0 0 0 0
0 0 0 1 1 1 0 1 1 2 5 4 4 5 21 23 9 10 12 20 23 40 60 10 16 9 3 2 2 2 2 3 1 1 0 1 1 1 2 1 2 5 10 14 13 28 23 56 48 65 57 83 66 51 50 43 62 30 26 78 40 32 61 58 46 39 47 68 47 37 42 57 81 63 48 38 29 23 14 15 12 7 3 2 2 1 0 0 0 0 0 0 0 0 0 0
0 0 0 1 1 1 0 2 2 2 6 4 10 9 14 23 30 19 24 18 35 35 70 45 15 5 5 5 3 5 4 3 1 0 0 0 1 2 1 2 4 5 14 24 38 30 53 21 12 28 61 39 57 56 66 50 25 18 22 34 52 21 46 44 27 39 69 35 43 40 26 31 21 35 44 32 29 26 14 9 6 3 4 2 2 2 1 1 0 0 0 0 0 0 0 0
0 0 0 1 1 2 1 2 3 3 3 5 5 18 22 10 10 42 29 30 30 53 61 28 14 10 10 8 10 17 4 2 1 1 1 0 1 1 3 4 5 8 13 31 24 49 45 44 34 52 58 19 64 75 72 41 54 45 40 24 65 18 35 38 23 27 39 58 55 28 49 69 59 61 54 42 30 25 19 15 8 7 5 3 2 2 2 0 0 0 0 0 0 0 0 0
0 0 0 1 1 2 1 1 2 4 7 9 5 5 12 34 14 10 51 56 32 53 65 34 30 11 25 33 16 5 2 2 1 1 0 0 0 0 1 3 4 15 22 18 14 27 36 59 65 63 52 51 66 78 82 82 69 36 36 35 57 32 32 40 23 24 51 30 22 24 46 51 52 52 56 52 29 23 12 11 4 3 3 7 4 3 1 0 0 0 0 0 0 1 0 0
0 1 1 1 2 1 2 2 2 2 4 11 4 4 12 27 34 32 8 25 40 61 44 32 23 38 17 7 6 3 3 3 2 1 1 0 1 1 2 2 2 8 12 10 18 28 35 42 65 64 66 62 78 80 73 71 45 65 26 36 39 55 18 34 38 28 17 47 56 54 40 57 66 58 49 47 22 16 10 12 15 7 12 6 4 2 1 0 0 0 0 0 1 1 1 0
0 1 1 1 2 3 3 5 5 4 3 7 19 6 19 19 28 47 35 14 27 62 23 42 60 16 12 10 8 7 4 1 1 1 1 1 1 2 3 3 4 9 10 8 19 32 20 21 43 51 34 29 44 46 54 34 55 44 68 23 37 50 30 26 61 69 49 68 73 50 66 66 71 71 66 58 36 20 20 18 17 12 13 5 4 2 1 0 0 0 0 0 1 1 0 0
1 1 1 1 1 6 9 6 5 5 12 7 12 32 16 21 35 15 59 32 32 35 72 50 33 30 24 19 13 9 3 1 1 1 2 1 1 2 4 6 7 11 20 20 22 19 29 40 33 32 37 34 33 40 39 49 46 46 51 62 20 13 33 57 62 40 53 60 70 57 70 59 58 69 65 45 30 32 22 21 21 15 8 6 3 1 0 0 0 0 1 1 1 1 0 0
1 2 1 1 2 4 5 11 14 6 11 17 20 24 43 24 43 24 19 50 27 33 66 62 47 30 21 21 15 5 4 3 1 1 1 0 1 1 3 8 12 16 11 24 22 32 31 36 45 49 46 38 39 42 50 49 34 34 39 49 36 23 35 22 26 47 47 58 40 48 64 58 61 48 51 65 32 22 11 10 8 7 11 6 3 1 1 0 1 1 1 1 4 1 1 0
1 1 2 2 2 3 6 6 9 14 24 20 23 29 52 56 26 22 30 27 60 65 71 54 50 48 33 27 17 9 4 3 2 1 2 1 1 2 4 8 12 25 23 32 36 41 40 59 43 48 50 43 31 41 36 57 56 31 13 17 26 24 32 28 26 15 9 8 17 58 40 46 58 53 45 31 19 7 6 14 20 15 4 6 5 3 1 1 1 1 1 1 4 1 1 1
1 3 3 4 5 3 4 9 13 16 30 35 38 32 46 55 43 43 35 39 37 67 65 58 36 41 30 25 12 13 8 4 3 2 3 0 2 3 5 5 4 21 34 40 39 50 56 47 47 63 69 65 33 43 50 47 31 37 22 11 14 18 34 22 27 31 41 46 35 37 35 35 35 28 37 15 14 14 9 35 24 7 9 7 5 6 2 3 2 1 1 1 3 1 1 1
1 2 8 4 6 6 6 12 18 22 24 41 41 37 63 44 53 64 51 41 42 59 51 44 38 38 32 25 19 9 7 6 6 4 1 0 2 5 9 13 10 22 40 33 41 49 45 36 53 77 72 68 68 47 52 44 37 39 25 28 31 21 30 28 48 55 71 64 45 48 42 42 35 20 18 23 32 35 19 31 23 19 11 7 4 4 5 3 1 1 1 0 2 3 0 1
2 2 7 11 8 9 8 17 24 25 27 31 48 57 62 59 51 71 53 39 46 80 54 66 42 40 41 35 22 11 14 10 6 3 1 1 1 4 14 25 23 34 31 52 46 50 49 39 49 45 43 43 58 55 31 27 31 30 28 36 41 23 28 40 53 60 54 48 52 31 43 27 16 20 22 51 36 44 44 10 20 15 18 14 7 5 10 5 2 2 1 1 2 2 1 1
2 3 5 16 17 10 14 20 23 29 37 30 45 59 63 55 54 45 57 41 48 62 63 71 53 41 32 26 27 15 22 10 6 3 3 2 2 5 12 19 43 52 54 41 58 37 41 55 46 38 37 44 50 47 71 50 26 26 30 35 30 30 32 29 32 29 40 55 36 23 22 32 33 45 39 59 51 47 27 32 22 11 21 13 8 9 8 4 4 2 1 1 6 2 1 2
4 12 10 13 21 13 12 25 27 31 44 34 17 25 67 73 71 55 50 68 47 78 78 47 53 53 24 27 19 22 17 12 8 2 3 2 3 10 12 21 21 42 44 58 56 58 38 59 67 42 55 61 60 57 60 35 37 24 36 22 20 24 37 41 41 34 51 20 28 12 34 50 62 37 48 62 33 37 44 31 6 10 22 19 19 11 6 3 4 3 2 2 5 3 2 2
6 8 19 23 24 16 16 30 31 32 35 46 40 40 48 72 67 37 47 72 47 78 64 65 55 30 14 32 21 26 27 16 13 5 4 2 3 12 14 27 44 37 31 58 41 46 55 46 62 61 72 69 65 60 56 37 38 21 21 35 18 21 40 45 21 45 27 26 55 49 64 50 47 61 51 29 41 58 22 9 8 25 37 22 17 16 6 4 3 3 4 3 2 8 3 3
10 17 21 28 29 20 30 31 34 38 24 42 42 53 54 63 67 70 76 78 76 74 63 62 48 48 39 36 39 21 30 26 14 8 9 2 4 13 30 32 41 43 47 55 57 50 54 33 55 57 65 60 57 50 56 46 58 39 33 24 21 33 12 33 25 32 34 52 48 43 37 53 72 75 54 41 65 41 34 24 23 23 8 10 19 16 6 5 4 6 6 4 2 19 6 8
14 18 18 24 7 19 42 27 42 47 38 40 51 56 50 63 53 77 75 80 70 66 74 55 46 54 59 59 27 34 25 26 20 9 7 3 3 16 21 35 39 35 60 56 57 49 37 70 53 79 55 62 48 65 54 70 47 47 41 16 14 29 49 49 16 29 43 61 60 40 36 66 83 75 49 69 58 33 36 67 52 15 19 25 15 9 8 3 5 7 7 5 7 26 17 12
16 13 7 4 4 8 44 28 17 25 38 28 33 51 73 72 46 46 75 67 72 71 74 72 33 49 67 38 32 30 21 35 29 19 7 1 3 12 17 38 37 37 50 64 72 70 44 34 16 20 61 70 42 56 58 68 61 45 30 20 23 37 36 48 39 39 44 38 60 46 52 74 81 52 59 72 57 13 51 44 28 39 48 29 16 12 8 3 10 10 11 7 15 53 22 10
18 21 16 17 16 12 25 45 16 19 20 43 35 44 69 64 74 50 61 77 68 80 80 76 56 35 54 53 44 26 46 28 28 16 6 2 3 6 20 44 20 41 63 69 69 54 54 53 50 47 39 48 70 50 31 34 33 25 27 10 17 23 15 22 37 27 38 21 32 39 71 62 64 73 52 44 27 26 43 35 34 49 40 21 11 4 3 3 8 11 11 9 22 36 24 7
33 22 27 27 18 23 23 25 33 31 30 60 42 47 45 54 74 79 72 86 83 75 76 56 31 44 50 45 40 41 45 33 15 13 14 6 5 3 13 26 9 24 35 38 44 44 47 40 72 68 56 52 46 37 43 31 24 47 9 5 3 17 19 23 50 51 29 18 59 60 35 48 32 51 43 29 16 58 45 57 37 29 16 13 13 5 4 9 9 14 14 19 23 41 9 8
21 21 27 26 33 22 18 36 56 58 27 25 55 58 32 35 31 51 80 79 54 45 48 52 57 21 49 49 33 60 37 30 25 15 17 7 10 4 8 25 36 19 29 42 29 40 21 12 28 39 30 70 66 60 38 8 5 5 12 9 7 16 11 38 44 54 25 60 55 38 43 41 46 45 22 33 55 62 64 36 33 28 26 25 13 7 5 11 17 20 19 16 33 43 30 10
21 40 30 33 36 38 26 42 59 49 50 33 24 47 61 37 60 50 38 70 52 63 62 64 52 41 53 36 35 60 44 38 21 10 15 7 10 6 3 13 23 52 48 36 32 45 48 27 37 50 59 63 47 50 50 35 27 20 14 6 7 8 24 30 34 29 49 65 67 62 43 40 28 19 54 55 49 57 52 32 23 27 27 15 12 11 7 16 22 14 25 18 10 23 41 18
30 30 31 27 35 55 29 43 49 57 50 43 56 42 27 60 62 50 46 72 72 32 32 47 42 64 56 68 38 37 47 30 19 32 13 7 10 14 6 15 28 51 64 29 34 60 46 22 42 47 32 50 39 52 48 31 29 27 19 16 14 12 5 29 33 41 52 24 25 23 34 22 51 58 40 43 37 33 30 23 15 21 22 21 18 8 9 13 28 18 29 21 22 19 35 25
28 28 49 36 44 53 23 39 54 62 58 50 52 58 69 55 73 83 67 67 64 43 52 55 61 78 69 73 46 44 41 37 36 15 11 7 7 24 10 9 21 36 33 42 50 58 17 11 65 84 43 50 49 32 27 21 36 23 13 6 9 9 11 21 23 20 18 30 43 49 50 52 31 36 29 16 23 39 29 23 33 44 22 19 21 10 17 20 34 21 26 8 3 11 27 49
31 35 51 51 45 42 24 39 59 65 62 52 42 41 60 76 54 50 72 70 46 37 54 46 72 66 80 60 55 67 58 46 20 17 7 2 3 27 10 11 11 25 27 30 44 47 4 24 39 46 63 56 43 18 14 10 9 8 11 7 4 13 5 5 7 6 12 34 62 76 72 67 38 27 21 29 64 48 34 34 47 32 27 33 8 13 22 28 15 13 5 6 15 21 23 38
38 22 28 54 45 55 45 20 54 57 66 54 58 44 56 46 74 51 41 55 38 58 57 57 54 73 62 72 70 76 55 51 32 24 16 2 12 26 9 11 18 11 22 32 35 33 10 26 25 31 42 35 52 49 45 21 13 16 17 14 6 20 4 4 5 16 38 67 45 50 54 29 19 26 43 53 55 38 30 61 48 37 39 14 14 27 47 15 4 5 9 22 19 51 42 44
35 11 31 50 60 54 56 37 25 48 64 43 55 54 63 66 61 59 55 57 30 64 86 63 58 62 46 52 56 57 55 49 25 13 15 7 14 13 19 13 25 23 25 31 43 39 29 22 20 26 26 44 32 43 35 20 13 14 17 27 13 13 10 6 12 44 28 43 47 33 51 43 37 56 52 56 55 49 49 61 43 28 15 10 30 34 9 4 6 13 16 36 42 49 57 50
33 16 20 14 44 56 66 44 11 27 53 42 56 48 75 70 61 31 43 56 42 70 70 60 57 31 62 65 62 55 53 36 35 26 14 12 13 9 16 11 5 20 20 34 35 43 54 67 56 49 41 59 48 27 18 9 20 11 15 24 21 7 3 12 34 43 20 35 27 31 37 60 66 75 45 37 63 60 47 37 24 29 9 23 26 10 3 12 15 26 31 36 44 58 64 56
46 32 39 12 45 64 63 41 15 10 13 43 61 42 44 62 45 59 61 65 58 37 63 68 52 45 67 69 58 49 37 30 37 29 25 25 24 8 22 16 7 8 17 24 32 28 25 24 25 24 20 39 20 15 20 43 38 21 14 6 5 2 10 25 22 27 20 22 40 21 37 65 67 63 53 52 66 63 54 42 26 13 20 21 10 4 10 27 27 29 37 36 47 48 55 56
58 29 44 15 19 54 43 25 18 17 19 23 35 71 60 55 54 51 50 65 57 66 75 58 56 69 46 59 61 51 35 40 29 19 31 29 17 16 14 25 17 10 15 18 25 25 41 33 28 43 52 40 22 21 6 29 29 23 17 20 15 17 5 17 24 12 13 25 27 34 46 60 63 64 51 46 43 44 58 22 12 13 20 6 7 23 28 30 33 35 37 35 28 27 38 60
48 30 43 22 15 54 45 51 39 39 27 29 43 56 67 72 76 70 58 52 53 55 62 69 76 67 73 73 57 39 39 38 24 20 52 31 18 22 16 7 8 14 13 29 28 31 38 31 46 36 42 26 42 26 9 18 55 29 14 17 18 4 5 5 10 25 11 22 35 33 36 54 66 58 57 28 40 59 45 35 34 14 6 12 16 20 20 43 47 36 44 41 39 28 39 17
38 34 49 37 27 33 26 55 33 33 38 30 45 41 38 52 57 61 62 63 71 46 55 81 74 75 60 48 53 47 44 40 38 23 42 32 31 19 31 10 26 27 10 16 32 45 48 39 44 52 33 22 43 17 18 31 36 22 18 15 12 4 7 7 27 24 48 47 20 19 50 40 32 44 39 32 53 64 67 37 18 9 4 13 8 41 36 36 44 48 67 65 39 37 41 19
54 36 50 38 24 22 16 40 51 41 42 44 41 42 37 55 49 52 32 43 64 44 70 77 76 55 61 61 54 45 42 42 37 42 48 35 47 60 21 17 19 19 22 17 40 29 38 39 37 35 51 45 27 21 34 33 54 20 20 16 11 6 5 5 11 16 59 50 25 30 38 35 52 51 29 71 64 43 38 32 14 4 10 25 22 30 48 32 48 59 58 64 37 33 39 22
57 39 66 41 21 24 40 27 65 38 57 56 38 27 37 34 33 47 42 45 26 70 58 54 54 50 62 54 41 46 45 25 38 43 31 57 33 61 35 18 33 17 34 23 31 50 41 40 33 44 47 31 25 40 33 35 26 27 15 23 14 11 5 3 8 31 46 39 38 49 31 25 41 42 70 61 33 28 33 34 17 11 14 30 54 39 41 57 58 53 55 45 40 32 37 20
55 40 68 44 21 18 67 45 47 40 43 57 37 44 41 40 40 50 47 41 21 34 20 24 40 41 69 69 63 45 30 27 41 60 46 24 46 41 34 21 31 10 31 12 21 39 56 43 38 51 36 51 25 28 44 42 43 21 23 30 10 2 2 7 7 10 19 45 58 41 35 48 62 73 56 31 27 58 35 24 18 14 33 24 51 56 39 54 54 54 50 35 51 37 31 16
64 40 58 28 21 29 41 46 37 69 62 46 51 39 42 42 55 48 52 51 21 30 35 61 64 64 57 56 53 41 26 27 58 46 44 40 63 34 26 22 32 10 27 22 26 33 60 50 36 48 54 49 29 16 38 42 32 14 15 12 21 6 5 9 9 8 14 36 30 34 37 52 48 37 39 31 28 44 25 10 10 21 45 47 48 53 25 43 67 66 45 34 54 21 31 26
66 43 60 29 22 30 29 69 44 68 76 71 46 32 31 42 71 58 22 41 14 37 36 49 32 37 34 53 31 26 42 30 72 58 55 50 52 28 19 46 23 18 19 53 53 41 47 46 59 51 44 42 43 35 35 26 40 30 20 8 8 3 7 11 10 11 10 17 44 35 34 26 37 31 47 40 40 44 34 13 10 38 49 55 54 52 24 40 58 60 31 32 31 38 41 37
78 65 28 45 25 24 49 68 54 44 69 65 70 26 54 72 53 57 45 37 27 23 33 25 27 33 58 38 47 43 41 49 17 34 17 38 30 22 14 43 21 16 4 20 72 48 39 56 58 48 48 43 39 28 54 56 49 38 18 13 7 5 10 5 6 14 12 22 41 20 37 38 39 31 43 49 31 44 33 23 20 46 40 37 47 37 46 46 36 45 60 37 31 54 44 35
64 36 33 42 28 23 66 66 69 40 27 51 75 22 41 39 36 50 37 37 15 13 37 52 52 42 32 52 51 29 62 29 43 29 48 39 26 33 19 34 16 30 13 12 47 64 49 51 61 60 53 51 37 43 33 27 39 20 22 19 7 3 7 5 9 12 13 22 34 37 57 62 59 43 44 57 12 55 34 33 32 30 40 25 35 30 49 63 46 34 53 39 35 40 51 44
60 41 22 51 40 35 50 15 44 66 25 34 67 54 25 44 42 42 21 23 32 48 66 41 42 38 49 62 43 38 38 51 59 73 54 40 58 28 33 38 19 18 19 20 34 47 38 76 55 51 45 52 58 46 18 27 38 31 21 17 13 6 5 4 6 8 13 13 20 32 41 40 51 61 40 19 33 56 46 24 21 28 53 25 41 48 54 40 56 42 28 49 52 44 31 40
63 23 38 52 35 33 44 13 13 16 41 69 43 61 33 42 28 29 18 35 32 25 27 43 36 36 37 48 50 57 36 44 59 41 28 56 29 21 40 27 37 39 29 29 32 47 39 43 63 35 30 27 48 57 30 23 27 20 14 17 9 5 5 2 4 8 16 19 25 38 31 43 44 25 30 31 44 32 19 12 16 45 45 51 36 44 48 40 37 44 49 35 29 50 22 23
70 25 37 55 35 52 50 29 13 14 32 60 76 74 40 31 45 39 40 14 15 20 41 50 28 22 47 69 44 37 30 57 28 41 64 19 24 34 42 25 43 37 28 48 50 64 57 36 42 48 30 31 49 54 48 37 23 10 7 4 4 8 5 3 2 9 16 24 21 42 41 57 44 26 11 34 51 18 22 21 27 39 49 47 33 43 39 38 21 53 37 59 35 20 13 10
55 31 38 61 25 49 63 46 25 24 14 35 37 57 69 28 35 34 25 37 33 25 21 21 10 27 61 60 58 23 60 20 23 59 43 26 38 43 55 36 13 51 46 48 66 60 55 26 40 64 59 27 19 30 44 49 18 18 10 5 2 8 10 6 6 36 53 30 15 20 47 48 36 21 13 44 40 30 25 23 27 39 41 48 42 32 18 42 30 48 42 20 46 18 19 31
52 32 35 58 23 49 54 24 22 26 36 30 23 26 38 45 18 25 25 10 14 11 16 11 17 31 81 45 46 26 62 44 19 64 36 25 41 60 50 33 23 48 55 62 38 59 49 47 32 31 43 54 27 20 27 43 26 16 6 6 3 5 7 8 26 37 37 50 48 51 52 53 39 11 19 44 30 18 19 24 31 28 47 23 32 29 20 24 34 24 42 18 18 42 34 26
73 44 63 42 19 62 36 22 31 24 48 25 43 29 26 30 17 6 14 12 32 50 21 9 13 23 54 35 20 53 40 31 51 47 45 23 38 62 65 37 26 43 44 65 65 56 38 45 46 25 24 26 39 31 17 6 20 7 11 4 7 8 8 31 53 62 72 63 68 78 57 52 32 8 45 58 21 18 21 32 28 33 46 28 46 45 13 22 32 24 25 13 17 13 18 30
75 59 14 20 18 44 22 27 39 42 38 43 40 42 17 24 13 7 17 20 27 23 8 18 13 35 38 22 52 20 36 60 50 32 33 46 51 72 64 34 32 52 46 55 53 41 52 62 43 44 39 21 38 37 24 11 8 9 8 4 7 9 17 26 25 18 56 65 69 75 72 48 11 33 49 62 30 5 15 52 29 53 29 41 30 56 12 31 39 23 29 12 41 13 26 11
71 25 19 28 29 30 9 24 33 45 25 53 63 32 19 13 14 2 11 6 22 21 6 13 15 55 13 46 54 20 65 57 29 24 50 47 26 74 61 21 33 43 39 49 60 52 46 49 37 28 38 19 15 31 20 11 5 4 7 5 12 16 28 37 41 30 51 71 74 61 61 12 24 42 58 66 47 15 33 38 32 33 35 42 41 48 9 17 35 29 38 20 21 13 12 17
60 32 34 29 34 20 17 34 38 35 46 38 57 36 11 10 14 3 12 15 13 23 9 9 21 56 9 60 31 29 68 34 37 26 59 27 45 67 34 22 32 35 46 33 37 45 61 42 54 21 18 37 27 17 18 13 7 2 2 8 16 29 39 46 51 64 66 55 45 42 10 31 38 49 58 63 45 31 42 31 42 40 25 43 51 16 12 23 19 28 27 19 21 3 15 16
46 44 32 35 56 18 27 31 30 57 36 41 32 23 7 4 6 3 11 14 14 14 5 6 17 42 16 23 11 55 39 44 18 37 55 28 70 12 20 28 49 31 45 23 30 26 36 33 28 37 31 12 10 11 12 12 7 2 5 7 16 21 37 46 55 69 72 65 41 12 42 55 51 50 66 40 23 25 26 29 40 27 32 23 40 30 13 16 17 14 20 24 17 14 6 24
28 33 23 46 54 32 24 28 25 38 51 43 25 21 15 6 3 6 9 9 4 7 8 7 7 27 30 7 11 26 20 32 18 37 70 39 14 19 25 23 42 23 25 37 30 30 48 25 40 23 40 15 7 5 16 7 5 3 11 23 27 25 26 37 39 64 54 15 18 27 43 58 70 64 54 19 12 20 25 39 37 32 13 28 15 38 10 12 7 3 12 32 13 28 13 18
23 18 29 62 17 20 22 23 17 24 22 18 33 14 9 7 3 8 2 3 9 3 7 4 2 10 16 6 5 30 25 20 15 59 14 18 13 28 34 16 42 17 18 27 33 45 31 29 15 28 12 15 9 5 4 3 3 4 14 30 28 35 28 36 47 31 15 16 28 47 28 56 67 69 22 13 17 19 43 45 36 48 9 20 23 44 9 13 15 12 15 24 16 13 15 11
