sesion_6_simulaciones/modelos_agentes/ejemplos_netlogo/scenarios/echam4_a2/rob_2062.asc
NCOLS 322 
NROWS 307 
XLLCORNER 451900 
YLLCORNER 4086900 
CELLSIZE 100 
NODATA_value -9999 
[rows 146 to 218 of 307, columns 192 to 287 of 322]
22 47 70 65 84 85 77 79 74 60 42 17 8 1 0 0 0 0 0 0 0 0 0 0 0 0 0 0 0 0 0 0 0 0 0 0 0 0 0 1 1 0 1 1 3 9 18 28 27 20 29 36 39 46 38 15 5 2 20 38 45 65 57 50 52 62 55 50 74 46 39 63 20 29 39 21 48 27 39 23 45 33 14 7 3 1 1 0 0 0 0 0 0 0 0 0
16 37 52 54 75 70 84 84 83 83 67 32 5 3 2 1 1 0 0 0 0 0 0 0 0 0 0 0 0 0 0 0 0 0 0 0 0 0 0 1 0 0 1 3 6 6 12 11 13 19 30 25 31 31 19 7 8 3 8 13 32 56 72 73 81 84 71 58 68 64 50 74 28 56 28 40 42 35 53 20 7 16 11 6 3 1 1 0 0 0 0 0 0 0 0 0
7 20 15 34 49 54 64 67 79 51 72 51 16 8 3 1 1 0 0 0 0 0 0 0 0 0 0 0 0 0 0 0 0 0 0 0 0 0 0 0 0 0 1 2 2 5 5 11 6 17 12 9 7 10 10 6 3 5 15 19 63 60 43 70 66 67 71 47 45 82 55 71 57 27 31 81 46 58 65 55 39 31 11 4 3 1 0 0 0 0 0 0 0 0 0 0
1 4 14 39 28 40 47 66 68 72 51 21 16 8 2 0 0 0 0 0 0 0 0 0 0 0 0 0 0 0 0 0 0 0 0 0 0 0 0 0 1 0 1 2 2 4 2 6 9 8 8 4 4 5 3 1 2 8 11 34 26 38 74 76 46 66 81 79 58 69 80 77 76 38 40 72 45 60 45 29 34 16 11 5 2 1 0 0 0 0 0 0 0 0 0 0
1 1 5 14 20 26 46 50 52 69 33 21 11 3 1 1 0 0 0 0 0 0 0 0 0 0 0 0 0 0 0 0 0 0 0 0 0 0 0 1 1 3 7 3 7 5 1 1 4 4 4 2 1 1 0 1 4 7 12 19 17 29 63 58 48 65 46 50 77 86 81 68 61 47 39 65 56 27 15 13 6 5 4 1 2 1 0 0 0 0 0 0 0 0 0 0
2 0 1 2 2 14 17 14 37 55 25 23 21 4 1 0 0 0 0 0 0 0 0 0 0 0 0 0 0 0 0 0 0 0 0 0 0 0 1 1 1 3 2 1 1 1 1 0 0 2 2 1 0 1 0 2 5 9 12 10 19 39 34 51 61 51 32 51 54 39 59 73 59 47 75 57 47 24 24 17 4 2 3 2 1 1 0 0 0 0 0 0 0 0 0 0
5 1 0 0 2 2 3 9 40 35 59 29 20 6 1 0 0 0 0 0 0 0 0 0 0 0 0 0 0 0 0 0 0 0 0 0 0 0 1 2 1 1 1 1 1 0 0 0 0 1 1 1 1 0 0 1 3 4 7 14 25 23 19 17 44 25 36 41 33 38 35 60 60 59 56 60 41 40 33 14 15 11 17 5 3 2 1 1 0 0 0 0 0 0 0 0
3 1 0 0 1 0 1 6 18 9 45 38 21 5 1 0 0 0 0 0 0 0 0 0 0 0 0 0 0 0 0 0 0 0 0 1 0 0 0 1 2 0 1 2 2 1 0 0 0 0 1 0 0 0 0 0 2 3 3 10 29 16 14 11 14 26 28 20 43 45 49 40 45 55 41 36 43 56 58 50 42 19 11 12 5 2 1 1 1 0 0 0 0 0 0 0
2 1 0 0 0 0 1 4 2 3 19 20 8 3 0 0 0 0 0 0 0 0 0 0 0 0 0 0 0 0 0 0 0 1 0 1 1 1 1 1 1 0 0 0 0 0 0 0 0 0 0 0 0 0 0 1 1 2 3 5 4 6 8 9 8 17 30 21 13 24 34 30 39 55 47 45 23 19 29 29 34 15 10 6 3 2 1 1 1 0 0 0 0 0 0 0
1 0 0 0 0 0 1 1 2 3 8 10 3 0 0 0 0 0 0 0 0 0 0 0 0 0 0 0 0 0 0 0 0 0 0 1 2 1 1 1 1 0 0 0 0 0 0 0 0 0 0 0 0 0 1 1 2 2 5 3 2 1 4 5 7 6 9 11 26 30 33 45 45 60 30 36 46 20 14 7 5 5 2 1 2 1 1 2 1 0 0 0 0 0 0 0
0 0 0 0 0 0 0 0 0 1 1 2 1 0 0 0 0 0 0 0 0 0 0 0 0 0 0 0 0 0 0 0 0 0 0 1 1 1 0 1 0 0 0 0 0 0 0 0 0 0 0 0 0 0 1 1 1 1 2 1 1 1 8 24 21 14 23 45 55 49 58 42 69 66 58 71 59 35 27 22 24 8 3 2 1 2 2 1 1 0 0 0 0 0 0 0
0 0 0 0 0 0 0 0 0 0 0 0 0 0 0 0 0 0 0 0 0 0 0 0 0 0 0 0 0 0 0 0 0 0 0 0 0 0 0 0 0 0 0 0 0 0 0 0 0 0 0 0 0 0 0 0 0 0 0 0 1 4 10 25 22 34 21 45 53 59 37 26 36 36 71 45 27 29 49 52 26 13 8 3 4 5 1 1 0 1 0 0 0 0 0 0
0 0 0 0 0 0 0 0 0 0 0 0 0 0 0 0 0 0 0 0 0 0 0 0 0 0 0 0 0 0 0 0 0 0 0 0 0 0 0 0 0 0 0 0 0 0 0 0 0 0 0 0 0 0 0 0 0 0 0 1 3 9 11 11 19 30 35 40 36 40 75 46 43 46 60 44 69 60 50 52 33 23 9 4 2 2 1 1 1 1 0 0 0 0 0 0
0 0 0 0 0 0 0 0 0 0 0 0 0 0 0 0 0 0 0 0 0 0 0 0 0 0 0 0 0 0 0 0 0 0 0 0 0 0 0 0 0 0 0 0 0 0 0 0 0 0 0 0 0 1 0 1 1 1 1 3 6 11 8 19 30 41 24 53 45 55 44 28 57 60 76 70 47 24 17 14 7 7 3 1 1 1 1 1 1 0 1 0 0 0 0 0
0 0 0 0 0 0 0 0 0 0 0 0 0 0 0 0 0 0 0 0 0 0 0 0 0 0 0 0 0 0 0 0 0 0 0 0 0 0 0 0 0 0 0 0 0 0 0 0 0 1 0 0 0 1 1 1 1 0 2 9 16 11 18 36 35 24 28 25 22 34 42 30 28 29 61 57 58 57 20 14 11 3 1 3 1 1 1 0 1 1 1 1 0 0 0 0
0 0 0 0 0 0 0 0 0 0 0 0 0 0 0 0 0 0 0 0 0 0 0 0 0 0 0 0 0 0 0 0 0 0 0 0 0 0 0 0 0 0 0 0 0 0 0 0 0 1 2 1 1 1 1 1 1 1 3 8 22 21 23 16 30 28 37 70 66 41 59 54 37 43 65 70 44 43 36 21 18 6 7 2 3 4 2 1 1 2 2 1 1 0 0 0
0 0 0 0 0 0 0 0 0 0 0 0 0 0 0 0 0 0 0 0 0 0 0 0 0 0 0 0 0 0 0 0 0 0 0 0 0 0 0 0 0 0 1 0 0 1 1 0 0 0 1 2 2 2 2 1 2 2 6 11 14 19 26 24 17 25 32 46 49 45 57 62 35 50 74 72 45 40 35 22 14 7 6 3 4 6 3 2 4 4 1 0 0 0 0 0
0 0 0 0 0 0 0 0 0 0 0 0 0 0 0 0 0 0 0 0 0 0 0 0 0 0 0 0 0 0 0 0 0 0 0 0 0 0 0 1 1 0 0 1 1 1 1 1 1 1 0 1 3 3 4 3 7 4 3 14 20 25 33 44 33 13 11 20 25 50 42 39 33 35 59 70 45 62 48 22 10 6 9 9 12 6 6 6 6 4 1 0 0 0 0 0
0 0 0 0 0 0 0 0 0 0 0 0 0 0 0 0 0 0 0 0 0 0 0 0 0 0 0 0 0 0 0 0 0 0 0 0 0 1 1 1 1 1 0 1 1 3 2 2 1 1 0 0 1 2 5 7 10 11 9 14 18 21 20 32 38 48 32 25 21 31 35 35 27 32 46 69 44 47 37 14 16 7 19 12 22 18 19 16 6 1 1 0 0 0 0 0
0 0 0 0 0 0 0 0 0 0 0 0 0 0 0 0 0 0 0 0 0 0 0 0 0 0 0 0 0 0 0 0 0 0 0 0 0 0 1 2 1 1 0 0 2 1 2 2 3 2 1 1 1 1 1 3 13 41 17 17 22 19 24 26 35 51 52 39 28 44 36 31 47 62 61 66 57 48 44 25 20 21 33 18 30 15 5 2 2 1 0 0 0 0 0 0
0 0 0 0 0 0 0 0 0 0 0 0 0 0 0 0 0 0 0 0 0 0 0 0 0 0 0 0 0 0 0 0 0 0 0 0 0 1 1 1 0 0 3 0 1 4 3 4 2 4 2 1 1 2 3 5 10 13 17 32 50 36 24 26 34 55 65 51 39 42 37 37 55 48 65 63 43 44 44 41 26 32 29 49 37 17 5 2 2 1 1 0 0 0 0 0
0 0 0 0 0 0 0 0 0 0 0 0 0 0 0 0 0 0 0 0 0 0 0 0 0 0 0 0 0 0 0 0 0 0 0 0 0 0 1 0 0 1 2 4 2 1 2 6 5 8 7 5 2 2 3 6 10 15 9 14 18 21 33 63 37 35 37 49 35 48 28 23 19 31 53 73 54 53 42 40 46 67 36 45 53 30 5 3 4 2 1 0 0 0 0 0
0 0 0 0 0 0 0 0 0 0 0 0 0 0 0 0 0 0 0 0 0 0 0 0 0 0 0 0 0 0 0 0 0 0 0 0 0 0 0 0 0 1 4 1 1 1 5 1 3 13 26 16 9 6 4 11 5 4 4 14 26 16 35 21 53 37 20 17 24 16 50 63 51 52 40 62 29 32 38 57 76 50 64 39 17 12 6 1 1 1 1 0 0 0 0 0
0 0 0 0 0 0 0 0 0 0 0 0 0 0 0 0 0 0 0 0 0 0 0 0 0 0 0 0 0 0 0 0 0 0 0 0 0 0 0 0 1 1 1 2 2 1 5 6 2 4 8 16 17 10 8 5 8 12 9 14 16 29 38 50 47 71 40 26 34 30 42 52 46 63 40 74 24 58 72 71 73 75 60 46 34 15 9 2 1 1 0 0 0 0 0 0
0 0 0 0 0 0 0 0 0 0 0 0 0 0 0 0 0 0 0 0 0 0 0 0 0 0 0 0 0 0 0 0 0 0 0 0 0 0 0 1 2 2 1 2 5 5 3 7 22 5 12 13 30 16 16 6 7 10 28 14 18 22 34 29 37 47 64 48 25 32 45 67 38 41 66 65 70 65 61 77 79 72 44 15 11 10 5 2 1 1 0 0 0 0 0 0
0 0 0 0 0 0 0 0 0 0 0 0 0 0 0 0 0 0 0 0 0 0 0 0 0 0 0 0 0 0 1 1 0 0 0 0 0 0 1 1 1 3 4 5 3 13 14 4 14 19 15 21 29 23 18 12 13 19 20 19 21 21 20 20 24 31 41 63 41 31 33 59 27 31 40 54 63 79 76 77 50 40 30 21 15 4 2 1 1 1 0 0 0 0 0 0
0 0 0 0 0 0 0 0 0 0 0 0 0 0 0 0 0 0 0 0 0 0 0 0 0 0 0 0 0 0 1 1 1 0 0 0 0 1 1 1 2 5 3 4 16 17 11 17 12 42 43 23 16 64 28 26 26 21 20 32 24 28 22 26 23 47 54 49 58 67 43 18 44 31 56 63 46 69 74 78 55 34 30 15 11 9 9 5 1 1 1 0 0 0 0 0
0 0 0 0 0 0 0 0 0 0 0 0 0 0 0 0 0 0 0 0 0 0 0 0 0 0 0 0 0 0 0 0 2 0 1 0 0 1 2 1 2 4 6 5 20 15 39 22 35 41 47 41 37 54 34 27 27 27 25 39 25 18 23 33 35 44 40 55 44 19 55 43 40 46 40 37 33 42 39 65 76 54 44 40 34 22 11 7 4 2 0 0 0 0 1 0
0 0 0 0 0 0 0 0 0 0 0 0 0 0 0 0 0 0 0 0 0 0 0 0 0 0 0 0 0 0 0 0 1 1 2 0 0 0 2 3 2 5 6 6 20 25 41 43 49 36 63 63 67 65 57 52 53 37 23 53 41 28 16 27 38 56 50 59 64 69 45 50 38 58 38 51 38 44 42 25 24 52 45 38 23 14 7 8 5 1 0 0 1 1 2 0
0 0 0 0 0 0 0 0 0 0 0 0 0 0 0 0 0 0 0 0 0 0 0 0 0 0 0 0 0 0 0 0 1 2 2 1 0 0 1 3 7 7 5 18 33 28 29 20 40 60 63 70 72 67 72 59 58 57 45 60 36 31 20 21 35 23 43 47 54 58 50 36 23 41 47 44 39 43 46 50 43 36 43 29 21 18 30 6 2 2 0 0 0 1 2 1
0 0 0 0 0 0 0 0 0 0 0 0 0 0 0 0 0 0 0 0 0 0 0 0 0 0 0 0 0 0 1 1 2 2 2 1 1 1 1 1 2 6 14 8 41 56 32 39 48 55 68 73 76 69 58 74 60 59 64 63 43 51 23 35 41 57 36 43 39 44 35 44 59 31 59 35 47 54 61 64 49 49 38 18 21 15 11 5 2 1 0 0 0 1 3 3
0 1 1 1 0 0 0 0 0 0 0 0 0 0 0 0 0 0 0 0 0 0 0 0 0 0 0 0 0 0 1 1 2 4 4 3 1 2 2 2 3 1 4 11 28 32 51 56 51 55 67 71 74 69 79 81 62 59 63 65 62 54 30 48 46 43 27 27 28 31 32 40 54 47 33 41 61 68 55 59 64 49 36 21 11 11 9 5 2 1 0 0 1 1 2 8
0 1 1 1 0 0 0 0 0 0 0 0 0 0 0 0 0 0 0 0 0 0 0 0 0 0 0 0 0 0 1 1 2 3 1 3 4 5 5 13 28 5 3 5 9 13 22 73 72 73 45 69 69 77 81 49 55 70 65 63 69 64 49 49 66 54 34 24 29 24 26 25 24 58 63 48 52 70 66 54 54 55 52 24 9 8 4 2 2 0 0 0 1 2 3 9
1 2 2 1 0 0 0 0 0 0 0 0 0 0 0 0 0 0 0 0 0 0 0 0 0 0 0 0 0 0 0 1 1 4 3 1 2 2 1 4 11 27 15 9 14 33 29 60 55 71 75 61 70 70 65 67 59 34 72 73 64 60 44 40 56 49 36 24 27 33 27 33 34 54 65 45 59 64 61 52 57 63 47 28 18 7 4 1 1 0 0 0 1 2 4 9
1 4 2 1 1 0 0 0 0 0 0 0 0 0 0 0 0 0 0 0 0 0 0 0 0 0 0 0 0 0 0 0 0 5 2 1 1 1 1 2 4 8 26 45 53 38 44 24 26 28 31 44 69 63 54 66 49 55 46 69 62 56 41 41 65 30 22 20 20 32 34 42 54 63 45 42 44 57 46 39 44 43 40 28 10 6 4 3 1 1 0 0 0 1 3 5
2 7 4 1 1 0 0 0 0 0 0 0 0 0 0 0 0 0 0 0 0 0 0 0 0 0 0 0 0 0 0 1 0 0 0 0 0 0 1 3 3 6 8 35 36 30 15 11 32 27 34 42 68 54 55 69 74 72 75 61 55 61 56 54 34 18 31 32 14 23 25 30 50 29 26 25 31 38 27 33 43 40 21 17 11 7 5 5 3 1 0 0 0 1 3 4
4 4 2 1 0 0 0 0 0 0 0 0 0 0 0 0 0 0 0 0 0 0 0 0 0 0 0 0 0 0 0 1 0 0 0 0 0 1 1 2 2 5 7 5 13 17 12 32 45 31 29 62 32 56 74 43 75 58 46 39 79 69 60 37 12 17 30 36 24 38 31 19 46 19 33 28 33 35 48 44 43 35 32 30 21 11 9 6 4 1 0 0 0 1 2 2
12 1 1 1 1 0 0 0 0 0 0 0 0 0 0 0 0 0 0 0 0 0 0 0 0 0 0 0 0 0 0 1 0 0 0 1 0 0 1 3 5 3 4 8 8 7 26 35 40 33 39 39 47 55 42 49 49 42 31 30 19 44 55 33 42 17 53 53 48 32 36 41 51 55 52 54 54 54 61 52 50 56 46 49 29 9 7 5 4 1 0 0 0 1 1 2
10 4 2 2 1 1 1 0 0 0 0 0 0 0 0 0 0 0 0 0 0 0 0 0 0 0 0 0 0 0 0 0 0 0 0 1 1 1 2 2 1 2 4 6 7 6 14 23 27 43 39 35 49 42 41 52 49 61 61 42 30 37 50 36 55 26 41 53 43 16 25 65 29 58 66 62 64 57 62 68 66 57 32 27 22 10 7 4 2 1 0 0 0 0 2 3
10 9 9 3 2 1 1 0 0 0 0 0 0 0 0 0 0 0 0 0 0 0 0 0 0 0 0 0 0 0 0 0 0 0 0 1 0 1 2 1 1 1 4 4 3 4 14 28 53 58 51 60 50 68 42 62 59 32 42 48 41 37 61 88 89 63 43 39 29 16 16 11 11 26 23 27 29 39 56 58 47 40 33 33 30 16 7 4 2 1 0 0 0 0 1 2
27 22 9 4 2 1 1 0 0 0 0 0 0 0 0 0 0 0 0 0 0 0 0 0 0 0 0 0 0 0 0 0 0 0 0 1 0 0 0 0 1 1 3 2 4 12 10 7 38 32 42 39 32 43 64 65 29 29 38 50 51 45 39 47 27 66 37 50 11 7 25 36 38 36 37 42 40 26 18 31 46 27 31 51 29 15 8 3 3 1 1 0 0 0 0 2
23 17 8 3 2 1 1 0 0 0 0 0 0 0 0 0 0 0 0 0 0 0 0 0 0 0 0 0 0 0 0 0 0 0 0 0 0 0 1 1 1 1 2 3 9 11 9 7 21 17 21 8 9 9 12 13 23 44 38 37 53 55 36 35 21 30 27 7 22 15 8 23 57 56 27 29 51 58 68 66 58 43 16 26 33 16 10 7 3 1 0 0 0 1 1 2
24 21 5 3 2 2 2 1 0 0 0 0 0 0 0 0 0 0 0 0 0 0 0 0 0 0 0 0 0 0 0 0 0 0 0 0 0 0 1 1 1 2 4 6 7 14 10 6 5 7 4 7 10 13 14 17 27 22 43 30 36 25 27 16 12 9 22 12 14 16 18 14 15 36 19 22 51 71 65 64 50 31 26 34 25 9 6 6 5 3 1 0 0 1 2 4
23 13 8 5 4 5 3 2 0 0 0 0 0 0 0 0 0 0 0 0 0 0 0 0 0 0 0 0 0 0 0 0 0 0 0 0 0 0 1 0 1 2 3 4 7 6 5 4 7 7 12 21 26 29 34 42 28 40 18 17 24 45 38 28 36 31 25 12 18 13 30 38 15 30 32 43 60 55 47 38 32 30 20 16 12 6 2 3 3 3 1 0 0 1 3 9
22 12 13 7 13 7 2 1 0 0 0 1 0 0 0 0 0 0 0 0 0 0 0 0 0 0 0 0 0 0 0 0 0 0 0 0 0 0 0 1 1 1 2 3 3 6 8 10 11 9 8 30 48 46 47 55 53 40 50 23 33 41 60 48 32 38 26 17 11 20 47 54 22 31 27 40 71 65 57 56 41 37 20 13 22 6 7 10 5 2 0 0 1 2 5 9
14 12 15 19 10 7 3 1 1 1 1 1 0 0 0 0 0 0 0 0 0 0 0 0 0 0 0 0 0 0 0 0 0 0 0 0 0 0 0 0 1 1 1 2 3 6 15 22 29 19 32 44 40 47 52 53 53 52 55 54 43 48 39 44 43 36 25 18 9 8 15 20 15 20 39 54 48 44 43 29 41 39 22 7 2 3 8 5 3 1 0 0 1 2 3 7
9 18 27 28 14 6 4 5 4 3 2 1 1 1 0 0 0 0 0 0 0 0 0 0 0 0 0 0 0 0 0 1 0 0 0 0 0 1 1 2 2 2 1 2 3 7 9 19 35 47 66 59 38 41 58 70 48 56 66 62 47 33 35 42 23 12 13 9 5 17 29 20 14 23 33 32 38 29 32 33 36 12 6 8 15 9 6 4 3 1 0 1 1 2 3 4
15 26 24 30 24 9 9 12 10 6 3 2 1 1 0 0 0 0 0 0 0 0 0 0 0 0 0 0 1 0 0 0 1 1 0 0 0 1 2 3 3 5 5 3 3 6 4 7 16 15 43 61 72 61 49 66 48 57 70 63 62 24 22 16 11 10 11 14 4 20 24 32 26 23 13 15 20 10 17 24 22 22 30 18 32 11 5 6 1 0 1 1 2 4 4 6
32 35 32 36 26 22 23 16 16 7 3 1 1 1 1 0 0 0 0 0 0 0 0 0 0 0 0 0 1 1 1 1 1 1 1 1 1 1 2 6 13 16 12 8 10 7 9 14 16 19 24 36 45 72 66 56 71 65 44 54 60 56 36 17 8 4 6 12 6 18 32 32 28 16 20 33 32 48 55 49 49 61 49 26 15 9 6 3 1 0 0 1 4 6 9 12
56 39 31 18 35 29 21 15 9 5 2 1 1 1 1 0 0 0 0 0 0 0 0 0 0 0 1 1 1 1 1 1 2 1 2 1 2 1 2 8 20 18 31 20 12 15 19 24 34 32 40 51 55 48 50 52 62 63 62 56 32 38 27 44 28 7 4 6 17 34 38 46 50 44 20 35 54 74 70 67 67 44 17 6 14 7 2 1 0 0 0 1 3 9 13 15
63 49 28 13 21 22 12 8 3 1 1 1 1 1 1 0 0 0 0 0 0 0 0 0 0 0 0 1 1 0 2 2 2 1 2 2 4 5 2 6 13 20 27 37 24 19 32 30 35 48 39 55 57 48 47 51 34 36 55 45 46 41 15 20 11 8 2 22 26 24 32 29 31 40 38 65 48 47 69 65 56 28 33 22 11 6 3 1 0 1 1 1 2 6 14 33
53 43 20 8 11 10 6 5 3 3 2 4 2 1 0 0 0 0 0 0 0 0 0 0 0 0 0 1 1 1 0 2 3 2 3 4 4 12 16 11 15 26 31 39 40 23 37 49 55 52 42 71 62 52 47 45 47 13 16 19 9 15 21 17 4 10 19 38 11 10 15 16 26 44 64 67 64 37 57 41 40 36 27 18 11 5 3 0 0 1 2 2 3 6 8 21
42 28 11 9 6 4 7 8 5 5 7 3 1 0 0 0 1 0 0 0 0 0 0 0 0 0 1 1 1 2 2 1 1 6 10 8 11 14 9 20 33 29 46 46 48 24 32 48 49 58 59 64 55 55 51 31 25 28 34 32 26 26 18 12 8 1 10 4 5 8 25 51 55 57 48 57 64 63 58 46 48 34 30 20 10 5 1 0 1 2 5 4 3 6 8 14
52 35 33 25 24 15 22 17 18 11 5 4 1 1 0 1 0 0 0 0 0 0 0 0 0 1 1 1 1 3 4 2 1 6 14 14 19 19 12 15 16 16 12 11 24 38 54 51 52 46 51 57 53 54 45 55 39 14 54 51 27 22 15 9 8 3 7 10 20 20 37 44 52 67 57 44 62 52 59 42 43 51 34 15 9 2 0 0 1 4 6 6 8 9 14 17
60 48 61 57 29 6 2 10 16 10 6 5 3 2 1 1 0 0 0 0 0 0 0 0 1 1 1 2 3 3 4 6 3 5 16 21 26 20 25 12 16 19 19 13 14 16 43 62 60 58 37 37 50 50 49 44 41 57 38 27 29 35 33 27 6 2 9 14 19 27 38 23 37 41 42 47 54 66 65 65 62 46 33 12 5 2 1 0 4 4 6 4 8 20 25 38
67 68 41 19 7 4 22 22 11 3 6 11 7 4 1 1 1 0 0 0 0 0 0 0 1 1 1 2 3 7 9 12 6 8 9 24 34 36 36 17 40 22 34 26 17 19 20 30 64 73 49 30 48 58 44 47 42 35 49 43 26 26 34 22 4 6 5 4 27 52 58 53 52 54 41 57 61 61 47 56 44 35 43 22 5 2 1 1 4 5 6 8 7 14 23 38
59 38 32 14 12 21 31 17 9 6 7 7 6 2 1 2 1 0 0 0 0 0 0 0 0 1 1 2 8 12 12 17 8 4 5 14 14 25 31 36 52 54 35 44 42 18 22 57 60 62 49 32 38 35 56 38 29 36 21 22 20 35 27 16 7 6 9 16 20 16 43 63 59 73 64 49 76 61 48 46 55 37 12 32 8 2 0 1 3 4 9 11 14 12 17 20
27 40 49 22 20 38 24 20 24 18 9 4 2 1 2 2 1 1 0 0 0 0 0 0 0 1 2 5 10 9 25 22 11 9 10 10 13 19 12 42 53 59 54 36 57 31 30 61 56 30 64 30 39 31 33 64 45 34 60 41 17 16 17 13 6 7 9 12 24 52 54 63 70 52 76 59 48 45 65 40 46 35 13 5 6 2 0 1 3 5 12 10 24 40 36 22
34 40 50 55 50 45 38 30 15 8 4 1 1 2 3 2 1 0 0 0 0 0 0 0 0 1 2 3 6 6 12 10 20 27 21 15 14 19 19 28 31 53 53 66 52 46 38 60 44 33 59 54 18 30 33 16 13 13 33 27 30 7 8 7 5 13 15 33 30 59 66 58 48 62 47 68 55 61 58 52 49 13 4 1 2 0 0 3 5 5 9 7 28 43 37 37
63 61 65 51 50 37 21 20 9 6 3 3 8 4 2 1 1 1 1 0 0 0 0 0 1 2 3 3 6 8 23 24 30 38 35 31 17 19 34 23 38 30 37 73 68 59 48 59 26 26 40 29 21 22 25 36 15 13 13 12 10 21 17 11 10 5 19 34 23 18 12 22 35 29 49 48 61 64 52 49 34 16 4 2 0 0 1 3 4 8 7 8 16 26 32 40
64 57 50 58 45 15 9 12 12 9 8 12 10 3 2 1 1 0 0 0 0 0 0 0 2 3 4 7 9 7 21 35 40 42 41 53 20 13 27 39 39 39 47 56 70 56 43 54 59 53 30 45 71 25 30 33 21 13 12 17 4 4 8 8 22 4 8 18 44 44 31 30 30 10 10 21 35 39 51 37 18 13 6 1 0 1 3 3 3 4 6 11 21 11 21 22
58 43 37 39 29 24 19 11 14 19 13 6 2 2 2 2 1 0 0 0 0 0 0 0 2 4 8 12 15 21 21 35 59 49 36 59 35 26 29 29 45 40 54 56 64 49 33 46 63 68 41 41 61 46 22 29 27 26 13 14 16 10 5 5 14 3 13 40 39 48 51 54 40 38 34 27 14 25 31 39 24 5 1 1 0 1 2 4 6 7 9 11 14 17 33 42
34 36 47 32 32 27 22 34 11 4 2 2 6 7 3 1 1 1 0 0 0 0 0 1 2 3 8 17 30 29 49 55 60 63 60 40 54 41 32 39 57 52 55 58 35 58 70 46 33 15 37 31 17 50 36 22 28 21 10 5 7 13 5 4 5 13 17 22 38 45 55 53 35 56 60 59 49 38 23 18 14 5 1 0 1 1 1 1 4 7 8 10 15 14 20 25
54 39 54 40 36 63 43 16 12 7 8 10 12 3 1 1 0 0 0 0 0 0 1 1 2 4 12 21 24 36 49 66 78 73 67 69 57 71 56 41 59 68 51 31 41 61 65 58 34 33 31 40 39 24 25 21 20 15 13 8 3 9 7 1 2 4 10 19 28 44 72 79 67 62 74 75 80 59 32 12 6 2 0 0 0 1 2 3 4 7 9 11 19 23 23 30
51 49 35 31 33 18 28 30 27 27 20 7 4 2 1 0 0 0 0 0 0 1 1 1 4 7 8 15 21 25 29 57 67 83 78 58 61 74 68 40 45 70 49 44 30 51 62 57 71 46 31 28 42 56 31 10 23 24 18 7 4 3 2 1 5 5 41 54 75 43 40 71 80 58 32 46 59 60 29 10 3 2 0 0 1 1 2 2 4 8 12 14 17 23 25 28
32 44 43 29 17 8 5 24 15 10 12 5 2 1 1 1 0 0 0 0 0 1 2 5 9 12 21 15 15 12 23 39 48 67 83 44 38 75 70 39 35 59 62 40 37 45 44 56 60 52 12 12 31 32 15 13 19 14 12 17 4 3 3 3 4 14 7 8 24 80 51 38 56 67 35 22 30 55 29 7 2 1 0 0 0 1 1 2 3 6 12 12 17 19 34 41
39 38 31 27 32 33 14 20 14 10 5 4 3 2 1 1 0 0 0 0 0 1 1 3 11 16 17 21 29 31 25 29 34 39 54 71 44 41 73 66 35 34 57 40 32 39 39 51 61 55 33 11 44 28 20 14 8 3 3 5 3 1 1 5 7 8 11 34 38 55 67 46 41 22 17 9 3 22 24 5 2 0 0 0 0 1 2 3 4 7 8 7 16 19 16 25
23 21 17 25 20 23 12 22 11 9 5 3 2 1 1 0 0 0 0 0 0 0 1 2 6 10 11 13 18 14 46 30 34 26 41 52 78 37 23 62 51 33 61 41 22 32 33 46 33 40 44 15 13 15 11 21 5 5 3 2 1 3 3 8 5 11 23 26 29 66 67 44 36 48 33 19 5 3 9 6 1 0 0 1 1 2 2 3 4 9 8 21 26 31 31 30
30 30 40 55 27 24 12 17 11 7 4 2 1 1 1 0 0 0 0 0 0 0 1 2 3 8 7 25 25 19 49 68 78 69 66 74 63 52 39 26 26 47 44 32 20 20 35 41 39 22 42 14 13 12 11 15 9 3 3 7 2 2 3 9 45 28 43 44 42 47 26 43 52 55 43 23 10 2 2 2 1 0 0 1 1 3 2 2 5 5 11 12 20 28 38 47
41 45 38 35 29 29 18 13 9 5 3 2 2 1 1 0 0 0 0 0 0 0 1 2 4 5 5 5 14 41 44 55 63 66 31 27 40 61 57 55 19 14 49 34 18 26 21 13 39 17 10 19 4 10 5 4 9 2 3 4 2 1 7 12 37 31 22 27 27 27 51 56 67 56 50 29 5 3 2 0 0 0 0 1 2 1 2 1 3 5 8 5 10 12 21 32
12 18 23 24 21 22 23 18 15 6 4 4 3 2 1 1 0 0 0 1 0 1 1 1 2 3 3 12 18 20 38 23 19 24 39 54 57 32 46 64 61 37 33 23 30 14 15 11 6 7 9 4 9 5 10 2 2 3 1 1 1 1 2 7 6 7 16 36 38 55 64 61 43 40 17 32 15 7 2 0 0 0 1 1 1 2 2 3 5 11 7 18 19 9 25 40
10 6 14 15 11 11 19 20 11 13 10 7 4 1 1 0 0 0 1 1 1 1 2 2 1 1 3 6 7 10 21 27 22 45 51 52 39 38 33 58 33 23 15 17 22 21 25 9 6 19 6 8 3 6 10 3 1 1 2 1 2 2 13 12 17 18 31 42 51 55 64 49 48 39 16 7 10 4 2 0 0 1 0 0 1 1 5 4 8 3 5 12 12 14 14 19
18 17 17 16 7 3 5 17 15 12 6 4 3 2 1 0 0 0 1 2 2 2 3 3 2 1 2 2 2 7 13 28 29 58 60 55 48 33 32 21 27 17 14 9 10 12 24 7 6 7 2 3 5 9 6 4 3 3 1 2 9 5 19 38 21 25 37 41 51 69 67 70 57 39 24 13 3 1 0 0 0 0 1 1 1 2 3 7 5 7 14 14 18 25 25 27
