sesion_6_simulaciones/modelos_agentes/ejemplos_netlogo/scenarios/echam4_a2/rob_2052.asc
NCOLS 322 
NROWS 307 
XLLCORNER 451900 
YLLCORNER 4086900 
CELLSIZE 100 
NODATA_value -9999 
[rows 146 to 218 of 307, columns 192 to 287 of 322]
4 13 29 28 58 66 54 54 45 25 12 4 1 0 0 0 0 0 0 0 0 0 0 0 0 0 0 0 0 0 0 0 0 0 0 0 0 0 0 0 0 0 0 0 0 1 3 5 4 3 5 7 9 11 8 2 1 0 3 8 15 32 23 17 20 29 22 18 39 18 12 28 5 7 12 5 15 7 15 5 12 8 2 1 0 0 0 0 0 0 0 0 0 0 0 0
2 9 15 16 37 37 56 62 53 55 31 8 1 0 0 0 0 0 0 0 0 0 0 0 0 0 0 0 0 0 0 0 0 0 0 0 0 0 0 0 0 0 0 0 1 1 2 1 2 3 5 4 6 6 3 1 1 0 1 3 8 22 39 48 60 63 44 25 40 38 23 43 10 22 8 14 13 13 21 5 1 2 2 1 0 0 0 0 0 0 0 0 0 0 0 0
1 3 3 7 13 20 28 31 44 19 34 14 2 1 0 0 0 0 0 0 0 0 0 0 0 0 0 0 0 0 0 0 0 0 0 0 0 0 0 0 0 0 0 0 0 1 1 2 1 3 2 1 1 1 1 1 0 1 2 3 23 23 14 37 35 45 53 29 26 66 36 49 29 10 12 57 20 30 30 21 10 6 2 0 0 0 0 0 0 0 0 0 0 0 0 0
0 1 2 7 6 10 14 30 28 35 13 4 3 1 0 0 0 0 0 0 0 0 0 0 0 0 0 0 0 0 0 0 0 0 0 0 0 0 0 0 0 0 0 0 0 1 0 1 1 1 1 1 1 1 0 0 0 1 2 6 4 9 36 42 18 36 61 62 42 57 71 67 57 18 19 52 24 29 15 7 7 3 1 1 0 0 0 0 0 0 0 0 0 0 0 0
0 0 1 2 3 4 10 15 15 26 6 3 2 0 0 0 0 0 0 0 0 0 0 0 0 0 0 0 0 0 0 0 0 0 0 0 0 0 0 0 0 0 1 0 1 1 0 0 1 1 1 0 0 0 0 0 1 1 1 3 3 5 22 20 17 32 19 25 59 73 68 62 49 31 24 45 31 7 4 3 1 1 0 0 0 0 0 0 0 0 0 0 0 0 0 0
0 0 0 0 0 2 3 2 9 18 5 5 4 0 0 0 0 0 0 0 0 0 0 0 0 0 0 0 0 0 0 0 0 0 0 0 0 0 0 0 0 0 0 0 0 0 0 0 0 0 0 0 0 0 0 0 1 1 2 1 2 8 7 15 22 18 10 24 27 21 37 60 51 39 67 38 22 7 5 3 0 0 0 0 0 0 0 0 0 0 0 0 0 0 0 0
1 0 0 0 0 0 0 1 7 7 16 6 3 1 0 0 0 0 0 0 0 0 0 0 0 0 0 0 0 0 0 0 0 0 0 0 0 0 0 0 0 0 0 0 0 0 0 0 0 0 0 0 0 0 0 0 0 1 1 2 4 4 2 3 10 5 9 14 12 17 19 43 49 54 47 39 19 15 9 2 2 1 2 1 0 0 0 0 0 0 0 0 0 0 0 0
0 0 0 0 0 0 0 1 2 1 10 8 4 1 0 0 0 0 0 0 0 0 0 0 0 0 0 0 0 0 0 0 0 0 0 0 0 0 0 0 0 0 0 0 0 0 0 0 0 0 0 0 0 0 0 0 0 0 0 1 5 2 2 2 2 5 6 5 15 18 25 25 33 49 30 19 19 22 19 14 9 3 1 2 1 0 0 0 0 0 0 0 0 0 0 0
0 0 0 0 0 0 0 0 0 0 3 3 1 0 0 0 0 0 0 0 0 0 0 0 0 0 0 0 0 0 0 0 0 0 0 0 0 0 0 0 0 0 0 0 0 0 0 0 0 0 0 0 0 0 0 0 0 0 0 1 1 1 1 1 1 3 7 4 3 7 13 17 28 45 32 23 7 5 7 6 7 2 1 1 0 0 0 0 0 0 0 0 0 0 0 0
0 0 0 0 0 0 0 0 0 0 1 1 0 0 0 0 0 0 0 0 0 0 0 0 0 0 0 0 0 0 0 0 0 0 0 0 0 0 0 0 0 0 0 0 0 0 0 0 0 0 0 0 0 0 0 0 0 0 1 0 0 0 0 1 1 1 1 2 6 10 14 27 35 51 19 18 19 5 2 1 1 0 0 0 0 0 0 0 0 0 0 0 0 0 0 0
0 0 0 0 0 0 0 0 0 0 0 0 0 0 0 0 0 0 0 0 0 0 0 0 0 0 0 0 0 0 0 0 0 0 0 0 0 0 0 0 0 0 0 0 0 0 0 0 0 0 0 0 0 0 0 0 0 0 0 0 0 0 1 4 3 2 4 13 22 22 35 26 58 59 50 52 27 10 6 4 4 1 0 0 0 0 0 0 0 0 0 0 0 0 0 0
0 0 0 0 0 0 0 0 0 0 0 0 0 0 0 0 0 0 0 0 0 0 0 0 0 0 0 0 0 0 0 0 0 0 0 0 0 0 0 0 0 0 0 0 0 0 0 0 0 0 0 0 0 0 0 0 0 0 0 0 0 0 1 4 4 6 4 14 21 34 19 15 23 29 64 28 9 7 15 14 4 2 1 0 0 1 0 0 0 0 0 0 0 0 0 0
0 0 0 0 0 0 0 0 0 0 0 0 0 0 0 0 0 0 0 0 0 0 0 0 0 0 0 0 0 0 0 0 0 0 0 0 0 0 0 0 0 0 0 0 0 0 0 0 0 0 0 0 0 0 0 0 0 0 0 0 0 1 1 2 3 6 8 11 12 18 59 32 30 39 52 33 44 27 18 13 6 3 1 0 0 0 0 0 0 0 0 0 0 0 0 0
0 0 0 0 0 0 0 0 0 0 0 0 0 0 0 0 0 0 0 0 0 0 0 0 0 0 0 0 0 0 0 0 0 0 0 0 0 0 0 0 0 0 0 0 0 0 0 0 0 0 0 0 0 0 0 0 0 0 0 0 1 1 1 3 5 9 5 18 17 29 28 17 46 52 71 60 23 7 3 2 1 1 0 0 0 0 0 0 0 0 0 0 0 0 0 0
0 0 0 0 0 0 0 0 0 0 0 0 0 0 0 0 0 0 0 0 0 0 0 0 0 0 0 0 0 0 0 0 0 0 0 0 0 0 0 0 0 0 0 0 0 0 0 0 0 0 0 0 0 0 0 0 0 0 0 1 2 1 2 6 7 5 7 6 6 15 25 20 22 22 58 50 37 28 4 2 2 0 0 0 0 0 0 0 0 0 0 0 0 0 0 0
0 0 0 0 0 0 0 0 0 0 0 0 0 0 0 0 0 0 0 0 0 0 0 0 0 0 0 0 0 0 0 0 0 0 0 0 0 0 0 0 0 0 0 0 0 0 0 0 0 0 0 0 0 0 0 0 0 0 0 1 3 3 3 2 6 6 9 35 34 19 40 43 32 40 61 67 28 16 9 4 3 1 1 0 0 0 0 0 0 0 0 0 0 0 0 0
0 0 0 0 0 0 0 0 0 0 0 0 0 0 0 0 0 0 0 0 0 0 0 0 0 0 0 0 0 0 0 0 0 0 0 0 0 0 0 0 0 0 0 0 0 0 0 0 0 0 0 0 0 0 0 0 0 0 1 2 2 3 4 3 3 5 8 17 20 23 37 50 28 45 71 70 30 17 9 4 2 1 1 0 1 1 0 0 1 1 0 0 0 0 0 0
0 0 0 0 0 0 0 0 0 0 0 0 0 0 0 0 0 0 0 0 0 0 0 0 0 0 0 0 0 0 0 0 0 0 0 0 0 0 0 0 0 0 0 0 0 0 0 0 0 0 0 0 0 0 0 0 1 0 0 2 3 4 6 10 7 2 2 5 8 25 27 28 29 28 57 71 35 37 18 4 1 1 1 1 1 1 1 1 1 1 0 0 0 0 0 0
0 0 0 0 0 0 0 0 0 0 0 0 0 0 0 0 0 0 0 0 0 0 0 0 0 0 0 0 0 0 0 0 0 0 0 0 0 0 0 0 0 0 0 0 0 0 0 0 0 0 0 0 0 0 1 1 1 1 1 2 2 3 3 5 9 15 9 6 7 13 21 27 24 28 43 69 38 27 12 3 2 1 3 1 3 2 2 2 1 0 0 0 0 0 0 0
0 0 0 0 0 0 0 0 0 0 0 0 0 0 0 0 0 0 0 0 0 0 0 0 0 0 0 0 0 0 0 0 0 0 0 0 0 0 0 0 0 0 0 0 0 0 0 0 0 0 0 0 0 0 0 0 2 8 2 2 3 3 4 5 8 17 21 15 11 23 25 22 43 60 59 69 53 34 17 5 3 3 5 2 5 2 1 0 0 0 0 0 0 0 0 0
0 0 0 0 0 0 0 0 0 0 0 0 0 0 0 0 0 0 0 0 0 0 0 0 0 0 0 0 0 0 0 0 0 0 0 0 0 0 0 0 0 0 0 0 0 1 0 0 0 0 0 0 0 0 0 1 1 1 2 6 11 7 5 6 9 22 36 24 19 23 26 29 47 46 64 67 41 33 21 12 6 6 6 10 6 2 1 0 0 0 0 0 0 0 0 0
0 0 0 0 0 0 0 0 0 0 0 0 0 0 0 0 0 0 0 0 0 0 0 0 0 0 0 0 0 0 0 0 0 0 0 0 0 0 0 0 0 0 0 1 0 0 0 1 1 1 1 1 0 0 0 1 1 2 1 2 3 4 7 26 12 12 14 23 15 32 20 17 14 28 51 74 45 38 22 16 17 28 9 11 13 4 1 0 0 0 0 0 0 0 0 0
0 0 0 0 0 0 0 0 0 0 0 0 0 0 0 0 0 0 0 0 0 0 0 0 0 0 0 0 0 0 0 0 0 0 0 0 0 0 0 0 0 0 0 0 0 0 1 0 0 2 4 2 1 1 0 1 1 0 1 2 5 3 8 5 23 15 8 7 11 9 39 56 45 49 45 60 24 23 22 33 46 18 26 9 3 2 1 0 0 0 0 0 0 0 0 0
0 0 0 0 0 0 0 0 0 0 0 0 0 0 0 0 0 0 0 0 0 0 0 0 0 0 0 0 0 0 0 0 0 0 0 0 0 0 0 0 0 0 0 0 0 0 1 1 0 0 1 2 2 1 1 0 1 2 1 2 2 6 10 18 20 46 19 13 20 19 33 48 41 67 46 72 27 53 62 54 45 44 21 13 6 2 1 0 0 0 0 0 0 0 0 0
0 0 0 0 0 0 0 0 0 0 0 0 0 0 0 0 0 0 0 0 0 0 0 0 0 0 0 0 0 0 0 0 0 0 0 0 0 0 0 0 0 0 0 0 1 1 0 1 2 1 1 2 5 2 2 1 1 1 4 2 3 4 8 8 14 20 42 32 15 20 34 68 42 45 73 68 71 65 56 65 59 41 13 3 2 1 1 0 0 0 0 0 0 0 0 0
0 0 0 0 0 0 0 0 0 0 0 0 0 0 0 0 0 0 0 0 0 0 0 0 0 0 0 0 0 0 0 0 0 0 0 0 0 0 0 0 0 0 1 1 0 1 2 0 1 2 2 3 4 4 3 1 2 3 3 3 4 4 5 5 8 13 23 48 30 24 27 64 33 31 44 66 70 80 73 67 27 14 7 3 2 0 0 0 0 0 0 0 0 0 0 0
0 0 0 0 0 0 0 0 0 0 0 0 0 0 0 0 0 0 0 0 0 0 0 0 0 0 0 0 0 0 0 0 0 0 0 0 0 0 0 0 0 1 0 1 2 2 1 2 1 8 9 3 2 22 6 5 5 4 4 7 5 6 6 7 8 20 34 37 50 67 48 24 55 37 69 71 45 64 66 65 29 12 7 2 2 1 1 1 0 0 0 0 0 0 0 0
0 0 0 0 0 0 0 0 0 0 0 0 0 0 0 0 0 0 0 0 0 0 0 0 0 0 0 0 0 0 0 0 0 0 0 0 0 0 0 0 0 1 1 1 3 2 6 3 6 9 12 10 10 19 9 7 7 6 6 10 6 4 6 11 13 18 23 43 41 21 57 56 51 58 57 48 39 40 25 44 50 21 13 8 6 3 1 1 1 0 0 0 0 0 0 0
0 0 0 0 0 0 0 0 0 0 0 0 0 0 0 0 0 0 0 0 0 0 0 0 0 0 0 0 0 0 0 0 0 0 0 0 0 0 0 0 0 1 1 1 3 3 7 8 12 8 23 26 30 35 26 21 19 12 6 20 15 9 5 9 15 30 31 49 64 72 55 58 52 75 51 62 46 39 28 11 7 20 12 8 4 2 1 1 1 0 0 0 0 0 0 0
0 0 0 0 0 0 0 0 0 0 0 0 0 0 0 0 0 0 0 0 0 0 0 0 0 0 0 0 0 0 0 0 0 0 0 0 0 0 0 0 1 1 1 2 5 4 5 3 9 21 27 36 44 42 49 36 35 34 20 33 14 12 7 7 15 9 27 38 55 63 60 49 35 60 61 56 46 39 33 28 18 10 11 5 3 2 4 1 0 0 0 0 0 0 0 0
0 0 0 0 0 0 0 0 0 0 0 0 0 0 0 0 0 0 0 0 0 0 0 0 0 0 0 0 0 0 0 0 0 0 0 0 0 0 0 0 0 1 2 1 6 14 6 9 14 19 36 44 52 51 39 61 47 46 46 45 25 29 10 17 22 37 24 34 39 50 45 56 73 51 65 46 55 53 52 40 22 15 9 3 3 2 1 1 0 0 0 0 0 0 0 0
0 0 0 0 0 0 0 0 0 0 0 0 0 0 0 0 0 0 0 0 0 0 0 0 0 0 0 0 0 0 0 0 0 1 1 0 0 0 0 0 0 0 0 1 5 6 14 19 18 21 36 47 55 56 67 77 61 60 60 58 52 35 18 33 36 37 23 23 27 36 41 52 63 64 48 52 67 66 44 39 37 15 8 4 1 2 1 1 0 0 0 0 0 0 0 1
0 0 0 0 0 0 0 0 0 0 0 0 0 0 0 0 0 0 0 0 0 0 0 0 0 0 0 0 0 0 0 0 0 0 0 0 0 1 1 2 4 1 0 1 1 2 5 36 39 42 22 47 55 70 78 49 47 75 71 67 66 60 42 41 65 55 34 23 29 28 36 39 40 73 73 59 58 69 56 38 27 21 13 4 1 1 1 0 0 0 0 0 0 0 0 1
0 0 0 0 0 0 0 0 0 0 0 0 0 0 0 0 0 0 0 0 0 0 0 0 0 0 0 0 0 0 0 0 0 1 0 0 0 0 0 0 1 4 2 1 2 7 7 23 26 47 58 43 57 66 66 71 66 43 80 80 71 66 49 48 63 55 39 23 32 40 37 48 50 60 71 55 62 64 48 34 30 26 12 5 3 1 1 0 0 0 0 0 0 0 1 1
0 0 0 0 0 0 0 0 0 0 0 0 0 0 0 0 0 0 0 0 0 0 0 0 0 0 0 0 0 0 0 0 0 1 0 0 0 0 0 0 0 1 4 9 13 9 12 5 7 11 15 29 58 62 56 71 58 65 59 80 74 69 55 53 73 39 27 24 22 37 45 60 71 74 54 48 47 51 34 23 20 14 9 4 1 1 0 0 0 0 0 0 0 0 0 1
0 1 1 0 0 0 0 0 0 0 0 0 0 0 0 0 0 0 0 0 0 0 0 0 0 0 0 0 0 0 0 0 0 0 0 0 0 0 0 0 0 1 1 6 6 5 2 2 10 9 14 25 52 47 55 72 77 74 78 72 71 76 70 67 46 25 43 41 19 29 32 46 64 40 35 29 30 29 17 16 18 12 4 3 1 1 1 1 0 0 0 0 0 0 0 0
0 0 0 0 0 0 0 0 0 0 0 0 0 0 0 0 0 0 0 0 0 0 0 0 0 0 0 0 0 0 0 0 0 0 0 0 0 0 0 0 0 1 1 1 2 2 2 7 15 11 11 36 19 42 69 44 77 63 48 50 82 78 74 49 20 28 44 51 37 46 47 36 62 31 41 32 31 30 34 24 15 9 6 5 3 1 1 1 1 0 0 0 0 0 0 0
2 0 0 0 0 0 0 0 0 0 0 0 0 0 0 0 0 0 0 0 0 0 0 0 0 0 0 0 0 0 0 0 0 0 0 0 0 0 0 0 0 0 0 1 1 1 4 8 12 11 16 17 23 38 29 41 43 40 34 37 26 54 63 49 52 29 68 70 60 50 61 69 74 71 60 59 55 48 46 29 20 21 12 10 5 1 1 1 0 0 0 0 0 0 0 0
1 0 0 0 0 0 0 0 0 0 0 0 0 0 0 0 0 0 0 0 0 0 0 0 0 0 0 0 0 0 0 0 0 0 0 0 0 0 0 0 0 0 0 1 1 1 2 4 7 14 14 12 24 23 24 37 37 54 57 45 38 51 65 57 75 47 62 76 72 42 53 77 52 70 74 68 65 53 49 44 36 23 7 5 3 1 1 1 0 0 0 0 0 0 0 0
1 1 1 0 0 0 0 0 0 0 0 0 0 0 0 0 0 0 0 0 0 0 0 0 0 0 0 0 0 0 0 0 0 0 0 0 0 0 0 0 0 0 0 0 0 0 2 5 15 19 18 23 20 39 21 38 38 22 36 48 45 47 71 91 93 76 70 69 62 45 48 28 22 40 33 32 29 33 42 37 20 13 8 6 5 2 1 1 0 0 0 0 0 0 0 0
4 3 1 1 0 0 0 0 0 0 0 0 0 0 0 0 0 0 0 0 0 0 0 0 0 0 0 0 0 0 0 0 0 0 0 0 0 0 0 0 0 0 0 0 0 1 1 1 7 6 10 11 8 14 29 31 13 16 31 48 55 52 51 63 43 77 59 68 30 22 56 64 58 53 49 49 40 21 10 15 18 8 8 13 4 2 1 0 0 0 0 0 0 0 0 0
3 2 1 0 0 0 0 0 0 0 0 0 0 0 0 0 0 0 0 0 0 0 0 0 0 0 0 0 0 0 0 0 0 0 0 0 0 0 0 0 0 0 0 0 1 1 1 1 3 3 4 1 2 2 3 4 7 24 27 33 51 56 44 45 34 45 42 18 48 44 26 46 73 68 38 36 51 51 57 43 28 13 3 5 6 2 1 1 0 0 0 0 0 0 0 0
3 2 1 0 0 0 0 0 0 0 0 0 0 0 0 0 0 0 0 0 0 0 0 0 0 0 0 0 0 0 0 0 0 0 0 0 0 0 0 0 0 0 0 1 1 2 1 1 1 1 1 1 2 3 4 5 10 9 26 21 32 25 31 22 18 16 36 30 43 48 42 28 29 52 28 29 55 68 51 41 21 9 6 7 4 1 1 1 1 0 0 0 0 0 0 0
3 1 1 1 0 1 0 0 0 0 0 0 0 0 0 0 0 0 0 0 0 0 0 0 0 0 0 0 0 0 0 0 0 0 0 0 0 0 0 0 0 0 0 0 1 1 0 0 1 1 2 4 6 8 11 18 13 23 10 10 19 46 46 34 50 48 48 33 53 41 56 58 27 44 43 51 60 49 33 19 11 8 4 3 2 1 0 0 0 0 0 0 0 0 0 1
3 1 1 1 2 1 0 0 0 0 0 0 0 0 0 0 0 0 0 0 0 0 0 0 0 0 0 0 0 0 0 0 0 0 0 0 0 0 0 0 0 0 0 0 0 1 1 1 1 1 1 6 16 18 19 28 32 25 37 17 28 43 69 65 50 64 59 56 45 50 62 72 35 45 37 42 71 56 42 33 16 11 4 2 3 1 1 1 1 0 0 0 0 0 1 1
2 1 2 2 1 1 0 0 0 0 0 0 0 0 0 0 0 0 0 0 0 0 0 0 0 0 0 0 0 0 0 0 0 0 0 0 0 0 0 0 0 0 0 0 0 1 2 3 5 3 7 12 14 20 24 30 36 40 48 50 38 50 50 63 67 70 63 61 38 26 31 31 25 28 45 58 45 33 24 11 13 11 4 1 0 0 1 1 0 0 0 0 0 0 0 1
1 2 4 4 1 1 0 0 1 0 0 0 0 0 0 0 0 0 0 0 0 0 0 0 0 0 0 0 0 0 0 0 0 0 0 0 0 0 0 0 0 0 0 0 0 1 1 2 7 12 26 25 14 18 37 53 36 45 65 64 55 40 46 60 50 39 47 42 26 48 51 32 22 30 38 31 32 18 15 12 9 2 1 1 2 1 1 1 0 0 0 0 0 0 0 0
2 4 4 5 3 1 1 1 1 1 0 0 0 0 0 0 0 0 0 0 0 0 0 0 0 0 0 0 0 0 0 0 0 0 0 0 0 0 0 0 0 1 1 0 0 1 0 1 2 3 12 29 44 38 33 56 42 56 73 71 73 38 30 30 31 35 40 50 22 54 45 45 31 27 15 13 12 6 7 7 5 4 5 3 5 1 1 1 0 0 0 0 0 1 1 1
6 7 6 7 4 3 2 2 2 1 0 0 0 0 0 0 0 0 0 0 0 0 0 0 0 0 0 0 0 0 0 0 0 0 0 0 0 0 0 1 1 2 1 1 1 1 1 2 3 4 6 12 23 57 56 51 71 68 51 64 75 75 61 40 27 16 28 49 29 53 58 46 28 20 21 31 25 34 32 21 17 19 12 5 2 1 1 0 0 0 0 0 1 1 1 1
17 9 5 3 6 4 3 2 1 1 0 0 0 0 0 0 0 0 0 0 0 0 0 0 0 0 0 0 0 0 0 0 0 0 0 0 0 0 0 1 2 2 5 3 2 2 3 4 8 9 14 23 34 36 43 49 64 71 70 70 48 61 51 75 69 34 26 35 55 67 62 61 57 52 24 34 48 62 50 39 32 12 3 1 2 1 0 0 0 0 0 0 0 1 2 2
25 14 5 2 3 3 1 1 0 0 0 0 0 0 0 0 0 0 0 0 0 0 0 0 0 0 0 0 0 0 0 0 0 0 0 0 0 1 0 1 1 2 4 7 4 3 7 7 10 19 17 30 39 40 45 51 36 43 65 61 63 62 35 48 42 41 19 52 61 52 51 43 41 49 43 66 45 37 51 39 25 7 7 4 2 1 0 0 0 0 0 0 0 1 2 5
17 12 4 1 1 1 1 0 0 0 0 0 0 0 0 0 0 0 0 0 0 0 0 0 0 0 0 0 0 0 0 0 0 0 0 0 0 1 2 1 2 4 5 8 9 5 10 17 23 25 20 51 50 47 49 49 53 19 21 28 18 25 45 51 25 50 53 72 33 25 27 28 37 55 71 71 61 28 37 20 14 10 5 3 2 1 0 0 0 0 0 0 0 1 1 3
14 6 2 1 1 0 1 1 1 0 1 0 0 0 0 0 0 0 0 0 0 0 0 0 0 0 0 0 0 0 0 0 0 1 1 1 1 1 1 2 5 5 11 12 14 5 9 19 22 33 41 50 47 52 54 37 33 39 45 44 41 49 44 40 43 10 34 17 17 19 45 68 69 69 58 64 64 55 39 22 19 9 5 3 1 1 0 0 0 0 1 0 0 1 1 2
23 11 8 4 4 2 3 2 2 1 1 0 0 0 0 0 0 0 0 0 0 0 0 0 0 0 0 0 0 0 0 0 0 1 2 2 2 2 1 2 2 2 2 2 5 11 23 25 28 27 35 47 49 53 51 63 51 22 66 69 48 45 41 38 46 22 35 42 54 48 63 65 70 79 69 51 62 46 42 21 17 17 7 2 1 0 0 0 0 0 1 1 1 1 2 2
33 19 24 14 5 1 0 1 1 1 1 0 0 0 0 0 0 0 0 0 0 0 0 0 0 0 0 0 0 0 0 1 0 0 2 2 3 2 4 2 2 3 4 2 3 4 16 36 39 42 27 31 46 51 55 56 55 71 54 44 51 64 68 68 38 18 39 53 59 60 65 44 56 57 52 54 57 60 51 43 31 15 7 2 1 0 0 0 0 1 1 0 1 3 4 7
44 35 12 3 1 0 3 3 1 0 1 1 1 0 0 0 0 0 0 0 0 0 0 0 0 0 0 0 0 1 1 1 1 1 1 3 5 6 6 3 9 5 9 6 4 5 6 14 44 64 42 29 47 62 55 53 57 48 66 66 50 51 68 65 29 36 23 16 54 74 74 70 66 66 49 61 61 54 31 29 17 10 12 3 1 0 0 0 1 1 1 1 1 2 3 7
38 15 9 2 2 3 4 2 1 1 1 1 1 0 0 0 0 0 0 0 0 0 0 0 0 0 0 0 1 1 2 2 1 0 0 2 2 4 5 8 15 18 11 16 19 6 8 35 47 59 46 31 40 40 67 51 45 55 38 41 44 64 64 53 44 36 44 48 43 32 60 71 67 79 68 50 70 49 28 19 22 11 2 7 1 0 0 0 0 0 1 1 2 2 2 3
14 18 18 5 4 7 4 3 3 2 1 0 0 0 0 0 0 0 0 0 0 0 0 0 0 0 0 1 1 1 3 3 1 1 1 1 2 3 2 10 16 24 22 14 31 15 15 42 49 28 65 34 44 41 43 75 63 55 79 68 41 42 51 57 40 42 36 30 41 63 64 70 70 54 71 54 37 29 38 13 15 9 2 1 1 0 0 0 0 1 1 1 3 7 6 4
21 20 22 21 14 11 8 5 2 1 0 0 0 0 0 0 0 0 0 0 0 0 0 0 0 0 0 0 1 1 1 1 2 4 3 2 2 3 4 6 8 20 24 39 30 28 23 47 41 35 58 61 25 42 46 26 25 26 53 54 62 29 36 42 34 54 47 55 42 59 70 62 47 59 42 58 39 38 26 18 14 2 1 0 0 0 0 0 1 1 1 1 4 8 7 8
49 42 37 20 16 8 3 3 1 1 0 0 1 0 0 0 0 0 0 0 0 0 0 0 0 0 0 0 1 1 3 3 4 6 6 6 3 4 8 5 11 9 15 51 52 46 34 55 25 29 47 32 31 35 41 51 30 28 29 30 30 58 60 53 46 27 49 55 34 27 16 22 30 22 36 30 38 34 19 15 7 2 1 0 0 0 0 0 0 1 1 1 2 4 6 9
51 37 25 26 14 3 1 2 1 1 1 1 1 0 0 0 0 0 0 0 0 0 0 0 0 0 0 1 1 1 3 6 8 8 10 17 4 2 7 13 14 14 24 35 56 45 33 50 61 59 41 58 82 44 50 54 43 30 29 39 16 20 36 39 58 21 27 38 62 58 39 30 25 6 5 9 14 13 17 8 3 2 1 0 0 0 0 0 0 0 1 1 3 1 3 4
44 25 17 15 7 5 3 2 2 2 1 1 0 0 0 0 0 0 0 0 0 0 0 0 0 1 1 1 2 3 3 7 19 14 9 24 10 7 9 10 20 21 32 39 56 42 29 43 65 76 55 56 73 67 43 54 55 53 34 39 48 41 32 30 58 17 44 69 60 62 61 58 37 29 19 11 4 6 7 8 4 1 0 0 0 0 0 1 1 1 1 1 2 2 6 10
25 21 25 12 9 6 5 6 1 0 0 0 1 1 0 0 0 0 0 0 0 0 0 0 0 0 1 2 4 4 12 16 23 28 28 14 23 16 13 17 35 34 41 49 31 50 69 50 40 23 52 50 28 62 63 47 58 52 34 20 27 50 36 32 37 57 57 54 61 63 65 51 31 46 39 32 20 10 4 3 2 1 0 0 0 0 0 0 0 1 1 1 2 2 3 5
45 27 33 18 13 27 12 2 2 1 1 1 1 0 0 0 0 0 0 0 0 0 0 0 0 0 1 2 3 6 11 26 48 44 39 38 28 46 33 24 45 60 46 27 40 61 70 68 43 48 46 60 59 41 49 51 52 45 46 32 18 38 43 16 15 28 40 53 57 62 71 80 58 41 46 43 49 20 6 2 1 0 0 0 0 0 0 0 1 1 1 1 2 4 4 6
43 35 17 12 10 4 7 6 5 4 2 1 0 0 0 0 0 0 0 0 0 0 0 0 0 1 1 2 3 4 5 21 35 66 59 31 39 59 57 32 38 70 51 46 33 56 70 69 80 63 51 49 64 76 61 31 55 65 60 32 22 17 18 14 38 26 64 72 82 56 37 62 67 30 10 13 21 19 5 2 0 0 0 0 0 0 0 0 1 1 1 2 2 4 4 6
24 29 23 11 5 2 1 5 2 1 1 0 0 0 0 0 0 0 0 0 0 0 0 1 1 1 2 2 2 2 4 10 21 49 74 27 25 72 71 41 41 65 71 47 46 58 59 71 75 69 25 26 52 61 39 38 51 49 50 65 28 22 22 28 29 49 25 20 41 84 53 28 32 36 9 4 6 17 5 1 0 0 0 0 0 0 0 0 0 1 1 1 3 3 7 10
26 21 13 9 10 9 3 3 2 1 0 0 0 0 0 0 0 0 0 0 0 0 0 0 1 2 2 3 4 7 5 7 12 23 46 72 39 42 79 74 48 50 72 58 47 56 58 70 79 75 57 27 71 58 51 42 32 14 17 30 21 12 9 35 35 30 32 53 53 63 62 30 21 7 3 1 0 4 4 1 0 0 0 0 0 0 0 0 0 1 1 1 2 3 3 5
13 9 6 8 5 6 2 3 1 1 0 0 0 0 0 0 0 0 0 0 0 0 0 0 1 1 1 2 2 2 13 9 13 12 32 56 82 47 31 73 68 53 77 62 40 53 55 70 59 66 72 40 38 44 36 55 26 25 18 15 14 27 26 47 29 42 50 44 39 64 56 32 18 19 9 4 1 0 2 1 0 0 0 0 0 0 0 0 0 1 1 3 5 6 6 6
17 14 18 25 8 7 2 2 1 1 0 0 0 0 0 0 0 0 0 0 0 0 0 0 0 1 1 3 4 4 15 35 56 53 61 75 72 67 57 42 44 69 69 55 40 43 61 68 68 48 72 41 42 42 41 53 42 19 23 41 25 23 28 43 78 61 66 59 47 47 23 31 31 28 14 4 2 0 0 0 0 0 0 0 0 0 0 0 1 1 1 1 3 5 9 13
28 22 16 12 8 7 3 2 1 0 0 0 0 0 0 0 0 0 0 0 0 0 0 0 0 1 1 1 2 9 13 23 34 46 24 26 47 73 72 73 40 37 77 59 41 52 48 35 70 48 32 51 20 41 26 24 47 18 25 27 22 18 42 40 63 56 41 42 33 30 49 47 51 28 20 6 1 0 0 0 0 0 0 0 0 0 0 0 0 1 1 1 1 2 4 8
5 7 8 7 5 5 4 3 2 1 0 0 0 0 0 0 0 0 0 0 0 0 0 0 0 0 0 1 2 3 9 6 6 11 28 52 62 44 63 81 81 68 68 56 64 41 42 34 22 25 36 17 39 27 44 15 17 25 14 16 10 16 19 27 21 19 33 51 50 61 66 55 26 15 3 8 3 1 0 0 0 0 0 0 0 0 0 0 1 1 1 2 3 1 5 11
4 2 4 3 2 2 3 3 1 1 1 1 0 0 0 0 0 0 0 0 0 0 0 0 0 0 0 1 1 1 4 8 7 24 37 46 44 51 49 75 57 44 42 53 65 61 60 32 27 56 28 34 19 34 51 24 11 11 22 10 22 23 53 48 51 45 59 64 65 65 67 42 33 15 3 1 1 1 0 0 0 0 0 0 0 0 1 0 1 0 1 1 2 2 2 4
7 6 5 3 1 1 1 2 2 1 1 0 0 0 0 0 0 0 0 0 0 0 0 0 0 0 0 0 0 1 2 7 10 34 47 48 52 44 48 36 46 38 37 31 40 52 72 37 31 31 16 16 30 40 43 29 29 27 12 19 55 31 50 75 58 57 60 60 61 76 70 66 40 15 5 2 0 0 0 0 0 0 0 0 0 0 0 1 1 1 2 2 3 4 4 6
