sesion_6_simulaciones/modelos_agentes/ejemplos_netlogo/scenarios/echam4_a2/rob_2070.asc
NCOLS 322 
NROWS 307 
XLLCORNER 451900 
YLLCORNER 4086900 
CELLSIZE 100 
NODATA_value -9999 
[rows 222 to 295 of 307, columns 0 to 95 of 322]
1 2 5 10 13 7 19 18 3 9 10 11 25 8 8 4 4 2 2 3 8 12 18 20 12 12 8 21 30 14 7 25 36 10 23 18 11 13 23 44 16 15 26 25 22 56 28 47 54 80 80 47 35 38 36 21 36 50 34 45 52 36 29 56 41 50 29 39 26 22 19 14 5 3 2 2 1 1 0 0 0 0 0 0 0 1 3 9 9 5 3 4 8 14 29 15
4 4 3 2 4 8 12 25 15 6 6 15 17 8 4 4 4 9 11 10 13 20 11 43 21 20 16 15 22 24 13 16 9 11 28 7 8 11 15 36 35 16 12 24 8 7 17 10 14 55 66 52 51 37 30 33 21 25 43 49 43 61 34 40 55 33 30 34 36 18 8 7 4 2 1 1 1 1 0 0 0 0 0 1 1 2 3 5 17 15 6 10 16 19 3 3
5 9 18 40 15 15 18 23 13 18 22 35 14 8 8 11 9 22 7 9 45 8 13 14 15 12 8 26 20 14 12 12 8 18 13 8 10 15 12 27 15 15 13 54 57 42 35 41 36 20 27 43 32 29 23 23 24 35 37 40 45 50 34 66 65 42 32 22 19 11 7 5 3 2 1 0 0 0 0 0 0 0 0 2 2 5 4 11 31 26 11 18 25 16 4 3
5 18 25 22 44 54 17 15 10 26 36 19 13 7 9 10 3 1 1 18 8 12 29 13 8 16 10 12 11 6 8 7 16 4 4 13 6 13 8 14 12 19 30 19 29 50 40 66 62 39 23 29 20 30 17 19 24 42 34 33 46 28 25 21 30 23 16 14 9 6 5 3 2 2 1 0 0 0 0 0 0 0 1 2 3 9 14 18 47 42 38 36 14 9 5 4
1 4 6 5 22 61 39 3 15 23 35 9 17 15 2 2 1 1 10 36 6 14 19 24 12 12 7 2 7 4 7 15 10 5 10 9 10 14 7 10 29 49 39 21 35 43 51 27 66 75 30 26 12 18 19 30 27 25 27 21 18 13 20 10 9 15 19 11 5 3 2 2 2 1 0 0 0 0 0 0 0 1 2 3 3 11 30 42 48 57 34 18 13 6 4 3
7 5 8 16 18 22 6 9 11 12 23 25 33 6 1 1 7 12 24 39 11 9 11 38 19 5 10 3 4 7 2 6 15 5 3 3 9 13 40 47 18 17 15 57 29 37 62 42 40 17 33 37 36 32 32 35 39 27 25 21 18 10 12 8 9 11 9 3 2 3 2 1 0 0 0 0 0 0 0 1 1 1 3 5 4 11 36 66 51 7 6 4 4 5 3 2
5 5 6 20 16 17 16 13 7 20 23 15 13 4 8 24 24 23 23 32 7 10 8 21 2 2 7 2 5 7 2 2 8 4 2 5 4 4 34 51 30 20 43 35 81 52 26 39 35 32 24 49 46 44 49 44 27 30 14 10 9 3 1 2 6 5 4 3 2 1 1 1 0 0 0 0 0 0 1 1 2 4 5 7 14 20 26 65 31 12 9 6 5 5 3 4
1 3 13 9 9 13 17 15 12 14 10 26 19 18 16 26 18 8 24 14 5 5 4 3 1 8 2 1 4 3 1 3 2 3 12 22 11 12 7 18 24 14 13 13 42 76 51 34 32 34 29 31 32 47 56 57 32 24 8 6 2 2 3 10 10 5 1 1 1 1 0 0 0 0 0 0 1 1 1 2 6 5 11 10 30 41 41 41 21 12 16 21 8 5 3 2
5 4 8 10 16 17 26 9 16 12 6 16 10 27 13 18 14 8 8 26 1 2 2 1 3 1 2 2 1 3 1 2 1 3 3 9 9 32 11 5 24 36 38 34 50 22 33 24 19 25 21 21 36 38 35 37 42 29 23 8 11 7 4 5 7 3 1 1 0 0 0 0 0 0 0 1 2 2 3 5 11 9 21 16 16 55 74 39 25 30 36 23 7 4 3 1
1 5 9 13 7 7 8 20 6 9 7 5 10 9 6 13 10 5 3 4 2 1 1 2 1 1 1 1 1 1 1 1 8 5 3 2 18 10 16 15 6 16 61 69 78 46 21 14 30 36 37 17 26 37 32 35 29 10 14 20 10 6 3 4 2 3 2 1 0 0 0 0 0 0 1 1 2 6 10 17 25 23 27 15 12 30 62 29 21 47 37 14 7 5 3 2
1 1 5 10 8 7 4 13 5 5 5 4 3 5 3 5 18 3 1 2 1 1 0 1 1 1 0 0 1 1 1 1 3 10 5 9 5 9 19 6 14 14 14 31 32 24 28 16 32 24 40 25 24 24 23 41 23 13 5 4 6 3 1 1 1 3 1 1 1 1 0 0 0 1 1 2 4 12 18 33 43 53 34 22 15 21 35 37 45 33 16 7 3 3 4 3
0 0 3 2 3 9 5 3 7 4 8 4 3 5 4 2 3 1 1 1 1 0 0 0 0 1 0 0 1 1 0 1 1 1 2 5 3 5 8 4 11 23 52 27 30 16 21 8 13 16 24 20 22 28 33 21 15 6 2 1 4 8 3 4 4 3 2 2 1 0 0 1 1 2 2 3 6 21 26 45 67 58 45 45 23 28 63 66 50 27 19 9 8 9 7 2
1 0 0 1 2 4 11 11 21 2 3 5 1 4 1 1 4 0 1 1 1 1 0 0 1 0 0 1 2 5 4 0 2 2 5 8 10 16 12 18 28 35 43 51 52 55 60 31 30 48 36 23 21 17 15 15 7 3 2 5 4 12 12 6 2 1 1 0 0 0 0 2 3 3 5 3 10 24 35 52 49 70 55 61 44 72 51 53 34 40 31 29 18 11 5 3
0 0 1 1 2 2 2 5 3 4 4 2 0 0 0 0 2 0 0 0 0 0 0 0 0 0 0 0 1 1 11 23 12 13 23 15 18 13 14 26 40 36 39 63 38 26 29 8 19 39 52 41 22 14 14 13 13 11 23 12 7 8 4 5 2 0 0 0 0 0 2 3 8 4 10 6 8 16 38 55 76 63 66 60 72 53 55 54 27 28 52 41 28 11 8 11
0 0 0 0 0 1 2 2 2 1 1 2 0 1 0 1 0 0 0 0 0 0 0 0 0 0 2 1 2 1 2 10 43 22 40 69 70 43 46 50 15 60 65 56 73 59 63 39 34 42 39 34 38 17 17 34 26 19 12 6 6 11 8 2 0 0 1 0 0 0 1 2 12 17 14 8 12 9 24 27 71 79 75 41 37 80 49 56 54 57 34 36 30 21 13 12
0 0 0 0 0 1 0 2 4 1 0 0 0 0 0 0 0 3 0 1 3 1 0 0 0 0 0 0 1 1 2 2 4 40 33 68 75 72 67 53 53 24 71 73 75 56 72 46 36 39 25 22 12 16 6 6 10 13 10 6 4 3 1 0 0 1 1 0 0 1 2 4 8 18 21 12 15 20 24 26 57 75 67 31 66 64 53 72 74 51 52 44 37 23 32 22
0 0 0 1 1 0 0 2 1 1 0 0 0 0 0 0 0 0 1 1 1 5 2 0 0 0 0 1 1 2 2 4 8 8 6 46 77 42 78 42 50 53 45 70 63 60 44 25 58 51 39 34 37 31 21 11 9 7 5 4 3 1 1 0 1 0 1 0 0 1 2 7 11 28 46 26 19 25 43 49 63 75 47 44 62 28 16 33 45 25 24 39 29 30 17 8
0 0 0 0 0 0 0 0 0 0 0 0 0 0 0 0 0 0 0 0 0 0 7 2 0 0 0 1 1 2 3 2 7 13 10 13 42 66 57 59 58 50 55 55 56 69 63 41 20 46 43 40 36 37 33 13 8 4 4 3 2 1 1 2 0 0 0 0 1 2 5 5 15 21 40 50 27 24 30 65 64 83 37 42 71 32 36 31 24 17 16 25 22 16 5 2
0 0 0 0 0 0 0 0 0 0 0 0 0 0 0 0 0 0 0 1 0 0 0 2 2 0 1 4 3 3 7 6 11 22 21 18 24 54 44 56 23 32 23 36 38 41 14 48 33 29 38 27 25 30 29 24 19 12 8 11 4 3 2 1 0 0 0 1 2 5 8 13 15 20 23 55 65 39 60 48 75 69 58 76 33 38 44 41 49 49 30 31 25 14 5 2
0 0 0 0 0 0 0 0 0 0 0 0 0 0 0 0 0 0 0 0 0 0 0 6 1 1 1 1 0 1 3 5 13 19 23 30 18 16 23 16 31 20 10 12 21 33 30 39 23 20 31 24 23 17 16 16 12 8 6 4 2 1 1 0 0 0 1 2 6 6 9 14 22 18 27 28 79 35 38 65 73 53 59 69 62 55 44 71 67 26 27 19 11 5 2 2
0 0 0 0 0 0 0 0 0 0 0 0 0 0 0 0 0 0 1 1 0 0 0 0 1 0 1 3 1 4 8 7 8 18 19 32 34 21 15 9 9 16 22 22 35 35 27 16 21 29 23 21 16 17 15 12 10 4 3 2 1 1 0 0 0 1 2 5 6 9 19 9 6 26 61 50 74 49 50 63 71 66 51 60 47 32 35 61 50 42 18 13 8 4 3 1
0 0 0 0 0 0 0 0 0 0 0 0 0 1 2 0 0 0 0 0 0 1 0 3 5 2 2 2 2 3 7 10 15 23 21 35 36 57 41 17 19 13 15 15 20 17 22 14 10 18 15 20 20 17 9 8 5 3 3 2 1 1 0 0 1 2 7 7 9 13 19 19 11 30 53 38 64 75 51 60 64 68 68 66 47 60 44 48 48 39 27 18 7 6 2 2
0 0 0 0 0 0 0 0 0 0 0 0 0 0 0 3 0 0 0 0 1 0 1 1 0 2 4 13 20 9 6 14 18 30 32 31 37 48 61 56 29 21 23 30 32 21 13 17 25 19 29 27 13 9 12 7 9 6 3 2 1 1 1 1 1 4 8 16 24 28 24 25 18 32 70 42 20 61 84 60 69 69 65 57 47 38 13 35 47 36 19 9 8 6 8 6
0 0 0 0 0 0 0 0 0 0 0 0 0 0 0 0 0 0 0 0 0 1 1 1 2 2 1 2 5 21 26 22 29 43 40 29 45 61 68 59 35 32 30 40 42 46 27 44 29 15 7 8 11 12 3 5 4 4 1 2 1 1 1 2 4 7 10 24 34 40 35 43 32 41 62 69 26 49 65 59 57 39 31 20 28 43 23 27 30 21 18 12 11 11 9 6
0 0 0 0 0 0 0 0 0 0 0 0 0 0 0 0 0 0 0 0 1 0 0 1 1 4 2 1 1 23 16 45 64 39 45 47 35 48 62 64 63 64 50 34 49 61 36 38 30 17 17 17 8 12 6 4 5 5 5 3 1 0 2 3 6 7 12 31 34 52 44 58 32 33 55 70 54 32 65 39 30 19 33 26 27 14 13 21 37 33 18 16 17 16 11 4
0 0 0 0 0 0 0 0 0 0 0 0 0 0 0 0 0 1 0 0 0 0 1 1 1 3 3 2 2 2 3 3 37 34 41 38 27 49 45 35 31 25 22 24 33 56 34 31 26 24 17 11 7 4 3 6 8 5 3 3 1 0 1 2 5 13 25 32 31 43 71 53 57 30 32 63 50 73 44 28 34 25 24 27 37 19 28 32 27 14 17 26 29 17 10 3
0 0 0 0 0 0 0 0 0 0 0 0 0 0 0 0 0 0 0 0 0 0 0 0 1 1 2 2 6 9 5 14 16 12 6 16 25 34 23 31 17 20 12 19 22 25 25 35 17 15 14 12 13 10 3 5 6 8 4 2 0 0 0 3 5 12 10 12 17 21 42 70 77 33 21 46 30 66 27 40 24 25 17 30 35 36 32 16 28 25 28 37 18 12 6 3
0 0 0 0 0 0 0 0 0 0 0 0 0 0 0 0 1 0 0 0 0 0 0 1 1 2 6 7 4 3 4 6 17 21 17 14 34 38 38 35 39 33 51 43 28 28 31 35 30 19 8 12 9 6 9 8 7 4 2 1 0 0 1 2 6 11 18 37 27 16 28 37 56 63 38 32 61 48 37 35 17 34 36 26 16 33 41 34 45 51 28 25 12 6 4 6
0 0 0 0 0 0 0 0 0 0 0 0 0 0 0 0 1 0 1 0 0 0 0 1 8 23 11 3 9 19 23 11 26 24 24 23 36 52 43 40 52 42 34 34 33 33 48 52 33 24 26 20 25 24 14 5 3 3 2 1 0 1 1 3 10 17 31 46 47 27 19 22 43 59 63 35 69 46 45 49 46 28 38 49 43 42 55 46 39 47 45 20 18 11 4 5
0 0 0 0 0 0 0 0 0 0 0 0 0 0 0 0 1 0 0 0 0 1 1 2 8 29 21 7 3 9 14 14 10 14 23 18 22 31 29 56 68 42 48 49 60 57 51 55 40 30 36 39 25 15 13 10 8 3 2 1 1 2 2 8 13 26 49 48 31 32 29 38 40 30 20 70 70 46 38 37 29 36 57 51 55 64 61 69 53 46 26 15 12 12 8 5
0 0 0 0 0 0 0 0 0 0 1 0 0 0 0 0 0 0 0 0 1 1 2 17 7 4 12 11 8 16 29 24 13 8 14 13 26 35 46 46 39 39 72 66 72 65 48 34 27 23 11 20 23 12 9 8 4 3 3 1 0 2 2 10 20 34 47 47 44 52 47 41 65 61 49 48 63 57 28 35 42 53 54 38 52 56 55 42 55 27 16 13 21 11 9 6
0 0 0 0 0 0 0 0 1 1 2 1 0 0 1 1 0 0 0 0 0 0 1 7 2 3 11 25 30 53 71 20 39 23 13 9 18 63 46 50 66 17 26 13 19 40 26 40 25 26 21 23 22 17 8 4 4 3 3 1 1 3 4 10 29 54 46 45 33 70 80 35 65 75 73 59 41 45 39 26 37 36 45 64 56 52 38 36 41 34 31 32 24 20 8 3
0 0 0 0 0 0 0 0 0 0 0 0 0 0 0 0 0 0 0 0 0 0 2 5 1 1 1 12 20 13 37 68 30 45 46 41 43 44 35 40 53 56 44 53 53 37 41 53 39 37 34 17 12 12 10 7 7 6 4 2 2 6 16 22 35 46 48 45 37 33 60 76 43 63 71 69 54 33 53 42 55 60 45 37 52 51 40 30 35 53 45 37 17 9 9 3
0 0 0 0 0 0 0 0 0 0 0 0 0 0 0 0 1 0 0 1 1 1 2 9 2 0 3 2 6 15 5 20 41 33 61 56 35 12 15 13 31 39 36 46 60 65 50 31 47 40 25 34 28 14 9 15 6 6 5 1 3 10 26 40 55 63 44 38 66 57 38 31 66 70 57 66 48 45 68 67 28 27 32 42 43 35 50 40 45 28 26 13 8 7 4 3
0 0 0 0 0 0 0 0 0 0 0 0 0 0 0 0 0 0 0 0 0 2 2 8 5 2 3 5 9 9 10 4 3 10 12 12 12 13 15 10 9 18 17 24 49 50 37 55 53 48 41 33 27 22 21 17 13 6 5 1 7 14 26 49 63 61 46 57 56 75 53 50 28 27 45 45 65 59 37 46 39 54 52 62 54 47 60 55 31 18 16 14 8 3 4 4
0 0 0 0 0 0 0 0 0 0 0 0 0 0 0 1 0 0 0 0 1 2 4 7 3 0 3 8 6 15 18 6 22 31 38 30 32 28 30 16 14 16 48 58 61 42 50 48 53 52 48 37 32 27 22 18 14 7 3 1 3 12 42 57 54 68 51 60 57 48 82 58 43 29 18 63 38 61 49 51 55 71 72 65 56 66 54 45 25 19 17 13 6 5 7 9
0 0 0 0 0 0 0 0 0 0 0 0 2 2 1 5 1 0 0 0 1 2 5 5 3 6 1 8 9 18 9 31 25 18 24 29 23 26 13 23 50 61 38 41 34 48 44 43 54 46 52 47 36 28 25 21 10 8 3 3 3 6 25 56 80 69 49 62 55 46 37 53 59 17 11 29 58 74 69 61 61 61 66 72 66 49 53 38 53 28 15 11 4 9 5 23
0 0 0 0 0 0 0 0 0 0 0 0 2 2 4 0 0 0 0 0 1 1 4 7 9 3 5 5 5 7 11 47 18 19 24 30 32 21 33 36 62 56 54 52 57 58 58 52 65 57 56 43 40 31 26 13 10 8 7 3 5 7 23 45 70 59 69 73 59 73 64 61 56 24 24 43 55 55 62 55 53 55 54 61 52 47 47 53 56 44 19 15 11 15 13 30
0 0 0 0 0 0 0 0 0 0 0 0 0 7 0 0 0 0 0 1 1 1 3 1 2 2 11 2 7 6 20 12 24 35 28 30 31 35 46 42 37 51 59 65 63 67 60 70 65 44 38 35 31 36 32 17 12 9 7 3 6 10 24 42 59 54 47 63 76 61 73 58 63 26 44 55 54 62 43 43 49 53 42 38 40 42 42 41 36 40 32 26 11 23 31 29
0 0 0 0 0 0 0 0 0 0 0 0 0 1 0 0 0 0 1 0 1 2 3 1 1 4 2 4 8 23 28 29 26 30 24 27 42 43 50 46 54 65 69 55 51 67 70 68 53 50 43 40 35 25 24 27 21 11 5 3 6 16 29 43 48 54 45 47 69 80 69 60 51 75 64 35 28 34 47 48 45 50 53 49 39 49 32 48 36 28 32 26 13 26 30 26
0 0 0 0 0 0 0 0 0 0 0 0 0 0 0 0 0 0 0 1 1 1 1 4 4 1 2 9 28 6 7 7 23 22 29 40 42 42 44 44 49 64 51 57 71 65 69 72 51 54 47 42 34 22 21 27 14 12 10 4 4 10 39 50 60 52 48 42 40 40 49 50 48 60 11 31 36 36 32 35 40 39 37 57 50 52 46 45 34 32 32 16 17 34 28 38
0 0 0 0 0 0 0 0 0 0 0 0 0 0 0 0 0 0 0 1 2 1 7 8 2 2 4 8 4 7 9 12 21 16 28 35 41 43 35 67 49 42 48 64 34 55 71 73 70 64 33 33 31 35 33 20 17 19 11 4 2 8 18 45 53 53 79 56 55 51 41 23 39 54 31 43 48 35 35 36 46 43 50 52 51 25 27 23 30 47 31 12 26 45 45 46
0 0 0 0 0 0 0 0 0 0 0 0 0 0 0 0 0 0 0 1 1 4 3 1 2 7 3 4 4 7 10 12 10 17 21 39 25 26 53 43 37 58 69 39 60 61 63 68 58 42 37 46 47 43 37 34 30 24 12 6 3 7 27 37 45 66 75 84 49 59 44 24 25 62 64 27 40 48 54 35 37 41 54 49 36 17 41 37 31 23 14 6 32 46 46 46
0 0 0 0 0 0 0 0 0 0 0 0 0 0 0 0 0 0 0 1 1 1 0 1 5 1 1 3 4 6 16 12 10 24 25 28 28 43 52 57 36 33 44 55 53 60 48 54 53 51 49 59 58 33 36 34 33 19 17 8 5 15 23 40 55 58 70 74 65 63 44 46 48 62 37 29 30 35 41 48 35 69 57 34 43 52 43 33 19 10 7 20 39 48 45 49
0 0 0 0 0 0 0 0 0 0 0 0 0 0 0 0 0 0 1 0 0 0 0 1 1 1 2 5 8 8 8 6 9 12 25 16 52 46 52 31 20 23 35 52 63 59 58 61 64 64 60 58 44 31 26 24 22 20 19 16 8 21 33 49 63 62 53 45 64 74 62 22 33 56 26 32 58 59 56 63 58 45 46 46 50 53 28 30 17 14 16 34 40 43 34 47
0 0 0 0 0 0 0 0 0 0 0 0 0 0 0 0 0 0 0 2 1 1 0 1 1 3 4 11 4 3 6 7 18 15 34 14 8 7 8 22 26 45 59 66 68 64 59 63 50 66 51 46 53 34 38 25 21 22 19 18 13 31 45 47 63 58 50 26 46 62 59 34 44 49 28 17 35 65 63 63 65 37 47 50 47 49 28 23 35 18 34 38 23 49 47 47
0 0 0 0 0 0 0 0 0 0 0 0 0 0 0 0 0 1 0 0 0 1 1 1 2 2 2 4 3 4 17 10 8 37 7 5 20 25 31 31 51 60 54 63 68 72 68 65 53 55 54 52 53 49 44 40 34 23 23 12 25 37 59 75 66 59 45 46 52 49 58 30 35 42 55 35 39 43 60 66 54 59 45 51 51 43 32 12 17 32 32 21 31 38 63 47
0 0 0 0 0 0 0 0 0 0 0 0 0 0 0 0 0 0 0 1 0 1 0 1 2 3 2 3 4 5 5 7 9 7 2 9 12 20 32 73 51 48 60 64 66 71 59 57 52 45 51 52 53 39 46 33 39 37 24 25 30 55 47 63 60 53 46 55 53 41 62 52 30 42 53 35 45 49 48 49 58 50 40 41 46 33 19 7 15 41 23 33 43 41 61 42
0 0 0 0 0 0 0 0 0 0 0 0 0 0 0 0 0 0 0 1 2 1 0 0 3 1 3 3 3 2 9 27 13 1 4 15 10 32 45 46 46 61 62 49 54 57 60 61 48 54 52 53 53 52 49 46 43 42 30 29 32 38 43 45 59 71 54 71 67 50 34 33 43 36 53 56 41 41 34 39 47 43 39 46 44 31 15 9 33 36 38 56 58 43 52 38
0 0 0 0 0 0 0 0 0 0 0 0 0 0 0 1 0 0 0 1 1 0 1 1 0 2 2 1 8 3 13 9 2 3 15 4 15 13 25 56 61 47 37 73 68 47 57 61 59 57 54 54 53 52 51 51 47 31 32 36 36 57 37 38 33 53 73 72 63 57 60 55 28 39 32 34 22 30 46 52 40 47 38 50 47 15 11 33 27 38 53 56 49 31 45 44
0 0 0 0 0 0 0 0 0 0 0 0 0 0 0 0 0 0 0 0 0 0 1 0 0 1 1 1 8 7 7 1 2 5 8 34 11 17 38 45 50 43 58 31 43 40 57 70 57 57 57 56 55 52 53 52 36 24 39 51 41 56 47 47 43 50 55 80 48 37 21 37 26 17 19 34 46 38 34 38 39 33 52 46 22 14 24 33 39 34 39 47 57 45 45 43
0 0 0 0 0 0 0 0 0 0 0 0 0 0 0 1 0 0 0 0 1 0 0 0 1 1 1 4 8 3 2 1 2 3 14 20 22 16 24 28 37 50 37 30 37 71 60 56 55 70 59 55 57 54 54 51 34 26 48 52 67 68 51 48 36 51 59 57 68 34 21 16 24 31 29 51 38 41 37 44 34 42 30 22 16 26 38 45 36 53 48 35 36 41 35 28
0 0 0 0 0 0 0 0 0 0 0 0 0 0 0 0 0 0 0 0 0 0 0 0 2 0 1 5 3 2 2 2 5 6 18 13 16 18 18 12 16 38 56 46 56 49 55 59 69 57 60 69 38 53 52 38 23 46 56 56 77 67 48 57 42 35 43 61 50 13 36 16 19 30 37 40 40 45 47 39 34 43 22 29 23 38 44 45 37 38 46 32 31 40 45 35
0 0 0 0 0 0 0 0 0 0 0 0 0 0 0 0 0 0 0 0 0 0 0 0 1 0 1 2 1 1 2 1 6 10 15 19 8 13 12 18 28 37 44 64 46 48 50 72 55 55 71 60 59 57 40 38 25 44 65 63 63 69 50 57 57 46 41 32 49 9 17 34 39 28 32 36 51 43 54 54 40 38 17 15 23 41 49 50 55 49 43 42 31 33 51 40
0 0 0 0 0 0 0 0 0 0 0 0 0 0 0 0 0 0 0 0 0 0 0 0 0 1 1 0 0 1 4 3 8 15 2 2 11 8 14 15 18 32 44 55 56 45 68 46 67 72 53 55 60 57 43 38 24 43 65 64 57 61 39 42 56 28 46 22 29 9 9 35 15 33 36 41 43 53 72 50 49 19 15 22 37 42 45 49 35 25 33 51 24 25 41 61
0 0 0 0 0 0 0 0 0 0 0 0 0 0 0 0 0 0 0 0 0 0 0 0 0 1 0 0 1 0 3 0 4 3 1 4 4 5 8 20 28 34 43 51 46 36 55 63 62 58 63 54 56 56 55 37 37 43 65 75 66 59 46 33 56 46 18 14 35 7 18 17 20 31 34 39 55 29 34 42 20 14 20 38 37 46 53 47 27 31 40 22 14 17 27 55
0 0 0 0 0 0 0 0 0 0 0 0 0 0 0 0 0 0 0 0 0 0 0 0 0 0 0 2 2 1 4 3 11 4 1 1 4 5 7 8 11 34 23 32 51 25 23 23 41 47 59 56 53 56 41 26 42 54 64 61 77 61 36 32 34 38 21 5 18 2 3 9 17 32 41 53 53 55 47 49 25 15 23 36 37 61 62 51 37 30 35 35 28 15 25 40
0 0 0 0 0 0 0 0 0 0 0 0 0 0 0 0 0 0 0 0 0 0 0 0 0 0 0 0 0 1 3 1 1 1 1 4 2 4 4 6 23 22 18 40 18 25 30 42 45 61 52 58 57 41 37 24 39 53 67 59 61 37 34 43 34 15 17 9 13 4 6 8 10 9 34 51 49 48 32 33 14 23 35 37 39 61 52 21 31 43 25 42 18 20 26 44
0 0 0 0 0 0 0 0 0 0 0 0 0 0 0 0 0 0 0 0 0 0 0 0 0 0 0 0 0 1 1 0 0 2 3 3 5 4 6 14 11 21 31 17 24 26 44 41 55 45 47 51 56 39 19 36 43 71 62 56 51 46 27 49 28 13 11 15 6 3 14 20 28 41 49 48 41 22 21 11 17 34 34 36 37 62 60 17 17 38 25 43 20 21 27 58
0 0 0 0 0 0 0 0 0 0 0 0 0 0 0 0 0 0 0 0 0 0 0 0 0 1 0 0 0 2 0 0 1 2 6 2 3 5 13 4 20 18 13 22 22 38 42 56 58 49 62 48 37 40 26 44 42 65 68 41 44 39 20 13 17 17 8 7 7 14 22 14 23 30 27 42 33 24 10 29 22 35 40 50 42 58 61 26 24 28 13 45 20 23 25 38
0 0 0 1 1 0 0 0 0 0 0 0 0 0 0 0 0 0 0 0 0 0 0 0 0 0 0 0 0 1 0 1 6 2 1 1 3 4 5 17 28 22 31 14 26 46 54 41 41 63 54 40 36 38 26 51 62 49 51 49 28 28 29 8 25 18 7 5 10 16 11 16 34 30 41 23 33 30 19 35 37 31 35 48 32 37 41 37 41 23 23 50 20 22 18 31
0 0 0 0 1 2 0 0 0 0 0 0 0 0 0 0 0 0 0 0 0 0 0 0 0 1 0 0 0 1 1 6 1 1 2 3 1 1 6 11 12 8 38 25 32 48 24 36 55 48 40 37 34 32 36 46 54 58 40 38 19 17 18 13 10 13 5 2 5 18 13 27 31 43 37 35 40 39 29 32 34 41 40 42 33 24 36 32 30 28 27 45 21 15 25 28
0 0 0 0 0 0 0 0 0 0 0 0 0 0 0 0 0 0 0 0 0 0 0 0 0 1 0 0 1 2 3 10 1 2 3 0 1 1 2 7 7 12 28 32 29 35 36 36 41 42 35 36 30 31 42 35 50 55 43 17 25 8 11 11 6 3 1 1 1 6 16 39 44 32 31 30 29 10 20 28 29 44 37 39 24 38 52 52 33 28 21 28 34 8 23 30
0 0 0 0 0 0 0 0 0 0 0 0 0 0 0 0 0 0 0 0 0 0 0 0 1 0 0 0 0 0 0 0 1 1 1 2 1 0 8 3 5 6 19 14 33 22 27 20 39 45 28 30 23 24 35 45 47 48 33 22 13 18 7 6 1 1 3 7 5 9 14 30 31 23 22 23 9 18 30 27 30 42 42 27 31 32 39 43 32 26 19 27 32 10 13 35
0 0 0 0 0 0 0 0 0 0 0 0 0 0 0 0 0 0 0 0 0 0 1 0 1 0 0 0 0 0 0 2 1 1 2 2 3 1 5 4 1 6 21 19 23 23 25 37 32 33 32 24 24 45 43 28 48 25 20 7 12 7 2 3 2 2 3 9 7 5 21 32 45 45 42 14 15 18 28 36 44 28 35 24 34 43 42 36 25 26 19 16 30 24 8 17
0 0 0 0 0 0 0 0 0 0 0 0 0 0 0 0 0 0 0 0 1 0 0 0 1 0 0 0 0 0 1 1 1 3 1 2 2 1 14 5 2 11 3 17 15 14 28 14 26 25 22 24 19 44 42 26 27 15 15 14 4 4 4 3 2 1 2 3 4 5 17 27 42 60 31 12 17 25 23 45 42 32 29 33 18 35 41 36 27 30 8 18 20 16 11 8
0 0 0 0 0 0 0 0 0 0 0 0 0 0 0 0 0 0 0 0 0 1 0 1 0 0 0 0 0 0 1 0 1 1 2 4 1 2 11 6 3 14 3 17 10 9 14 11 20 21 27 16 15 30 31 56 9 8 6 4 5 1 2 1 1 1 3 3 5 6 20 29 22 47 22 12 28 31 24 27 39 29 26 23 26 32 31 44 31 17 10 17 22 8 10 6
0 0 0 0 0 0 0 0 0 0 0 0 0 0 0 0 0 0 0 0 0 0 0 0 0 0 0 0 0 0 1 1 1 1 1 2 1 1 3 9 3 6 5 10 3 12 8 15 20 11 19 15 19 15 25 25 15 8 4 1 2 1 1 2 1 1 3 3 7 9 15 27 28 22 15 25 25 22 23 18 21 30 34 27 18 27 32 26 35 10 6 29 11 15 8 4
0 0 0 0 0 0 0 0 0 0 0 0 0 0 0 0 0 0 0 0 0 0 0 0 0 0 0 0 0 0 0 1 1 1 1 1 1 1 0 5 10 8 4 3 3 4 5 11 10 4 14 11 10 9 12 20 15 6 2 1 1 0 0 0 0 1 2 6 9 17 32 23 21 10 28 22 25 36 31 22 14 22 21 24 21 39 12 30 14 7 6 23 10 19 5 4
0 0 0 0 0 0 0 0 0 0 0 0 0 0 0 0 0 0 0 0 0 0 0 0 1 0 0 0 0 0 0 0 0 1 1 0 1 1 1 3 11 10 2 2 2 4 11 4 9 3 5 9 8 16 10 6 7 4 3 1 1 0 1 0 1 2 3 4 12 11 21 30 5 11 16 18 27 23 18 10 15 6 18 22 19 10 23 13 14 9 5 13 7 12 9 3
0 0 0 0 0 0 0 0 0 0 0 0 0 0 0 0 0 0 0 0 0 0 0 0 0 0 0 0 0 0 0 0 0 0 0 0 1 0 0 3 3 7 3 2 1 17 6 3 3 6 10 9 5 9 14 4 11 1 2 1 1 1 1 0 1 1 2 4 14 26 18 8 9 16 14 17 11 13 10 3 8 8 13 12 12 14 13 9 2 8 2 7 15 5 2 4
0 0 0 0 0 0 0 0 0 0 0 0 0 0 0 0 0 0 0 0 0 0 0 0 0 1 0 0 0 0 0 0 0 1 0 0 1 0 0 1 4 3 4 3 2 23 4 5 3 4 7 5 7 13 19 4 7 1 1 1 1 0 0 1 1 2 3 6 27 11 6 8 15 12 11 14 16 17 12 8 9 11 16 15 12 10 7 14 1 4 3 3 14 2 1 2
0 0 0 0 0 0 0 0 0 0 0 0 0 0 0 0 0 0 0 0 0 0 0 0 0 0 0 0 0 0 0 0 0 1 1 1 1 1 0 1 4 4 3 3 3 3 4 7 5 2 2 6 10 8 6 4 2 1 0 1 0 0 0 0 1 3 5 10 7 10 12 11 10 12 18 6 7 15 9 6 9 7 6 17 7 4 2 4 3 3 7 2 6 2 2 2
0 0 0 0 0 0 0 0 0 0 0 0 0 0 0 0 0 0 0 0 0 0 0 0 0 0 0 1 0 0 0 0 1 2 1 1 0 1 1 1 2 1 2 4 1 3 3 7 4 3 5 7 5 3 3 1 1 1 0 0 0 0 0 0 1 2 2 8 17 9 10 8 8 16 10 4 5 14 11 7 5 6 5 4 6 5 1 1 3 7 2 2 1 1 2 4
