sesion_6_simulaciones/modelos_agentes/ejemplos_netlogo/scenarios/echam4_a2/rob_2074.asc
NCOLS 322 
NROWS 307 
XLLCORNER 451900 
YLLCORNER 4086900 
CELLSIZE 100 
NODATA_value -9999 
[rows 148 to 221 of 307, columns 96 to 191 of 322]
47 45 49 76 44 28 33 45 58 39 29 24 48 22 9 56 27 47 46 47 30 27 34 36 34 11 10 12 11 6 4 2 1 0 0 0 0 1 0 2 2 1 1 0 1 1 0 0 0 0 0 0 0 0 0 0 0 0 0 0 0 1 1 1 2 6 11 25 35 13 4 1 0 0 0 0 0 1 3 11 20 24 45 53 76 81 86 79 51 55 74 76 28 15 4 5
45 71 48 45 40 12 9 7 13 35 13 46 25 7 11 34 58 40 56 27 18 16 25 42 36 25 8 7 8 6 7 3 2 1 0 0 0 2 1 1 1 1 1 0 0 1 1 0 0 0 0 0 0 0 0 0 0 0 0 0 0 1 1 1 2 3 5 9 16 8 3 2 0 0 0 0 1 3 9 12 32 41 48 75 82 77 91 76 54 22 36 59 61 17 7 2
36 58 33 17 25 29 19 13 3 13 10 25 33 38 14 31 62 54 49 47 41 30 47 26 27 21 13 8 8 3 7 7 2 1 0 0 0 0 1 1 0 0 1 1 0 0 0 0 0 0 0 0 0 0 0 0 0 0 0 0 0 0 0 1 2 3 2 5 6 8 3 1 1 0 0 0 1 4 12 22 31 48 74 81 72 38 75 73 54 24 26 47 66 32 8 2
23 8 19 8 19 21 25 14 4 5 17 12 29 51 47 27 28 49 61 61 48 56 45 49 28 20 7 5 5 6 5 10 4 2 1 0 0 0 0 0 0 0 0 0 0 0 0 0 0 0 0 0 0 0 0 0 0 0 0 0 0 0 1 1 1 2 2 5 6 6 2 1 0 0 0 1 2 6 8 23 44 62 65 55 57 37 67 73 53 13 16 43 58 54 28 6
33 9 33 15 7 12 23 19 8 5 28 45 31 30 42 32 45 48 56 45 49 43 31 37 33 18 7 4 3 3 6 5 6 3 1 0 0 0 0 0 0 0 0 0 0 0 0 0 0 0 0 0 0 0 0 0 0 0 0 0 0 0 1 2 2 2 2 4 2 2 1 0 0 0 0 1 3 8 12 26 64 58 57 44 49 45 69 74 37 14 7 19 28 45 29 11
18 15 17 20 9 6 6 9 5 4 7 16 24 19 13 12 36 75 42 70 12 37 32 33 27 7 7 8 2 6 14 7 8 2 2 3 2 1 0 0 0 0 0 0 0 0 1 0 0 0 0 0 0 0 0 0 0 0 0 0 0 1 0 1 1 1 2 3 4 1 0 0 0 0 0 1 4 8 8 29 21 27 29 36 21 33 62 50 22 25 5 5 17 25 32 10
15 16 5 15 6 10 2 5 8 15 12 15 26 28 15 2 20 31 31 53 39 59 61 32 20 17 18 16 9 22 12 17 12 9 5 6 4 3 2 1 0 0 0 0 0 0 0 0 0 0 0 0 0 0 0 0 0 0 0 0 0 1 1 1 1 1 2 4 2 1 0 0 0 0 1 1 2 8 14 24 14 23 24 19 10 13 40 41 30 23 9 1 8 7 15 15
7 13 10 17 20 15 14 9 31 29 16 4 10 26 32 30 9 20 48 22 64 40 53 43 47 30 34 21 21 34 36 24 19 12 18 9 13 6 4 2 1 1 0 0 0 0 0 0 0 0 0 0 0 0 0 0 0 0 0 0 0 0 0 1 1 1 1 2 1 1 0 0 0 0 1 1 4 11 26 11 10 12 5 3 3 11 35 41 25 11 4 1 3 5 9 7
11 6 12 19 19 19 16 19 15 7 7 1 2 4 4 40 9 22 41 59 24 68 53 39 46 51 40 26 25 49 40 7 5 18 17 21 11 10 6 5 3 2 1 1 0 0 0 0 0 0 0 0 0 0 0 0 0 0 0 0 1 0 0 1 0 0 1 1 1 0 0 0 0 1 1 1 5 9 10 8 7 2 1 0 2 14 29 23 8 3 2 0 1 2 2 2
6 5 5 8 6 7 11 11 6 4 1 1 8 11 9 2 6 16 13 79 36 59 71 54 71 66 64 40 43 44 23 18 27 22 21 14 10 6 7 8 9 6 1 0 0 0 0 0 0 0 0 0 0 0 0 0 0 0 0 0 0 0 0 0 0 0 0 1 0 0 0 0 0 0 1 2 3 6 12 4 3 0 0 0 2 1 2 1 0 0 0 0 0 0 0 0
17 6 3 3 8 8 13 5 8 5 2 2 6 13 6 9 16 20 7 45 9 22 57 88 82 66 39 35 21 31 47 30 18 12 7 1 2 8 6 9 8 4 4 3 0 0 0 1 1 1 0 0 0 0 0 0 0 0 0 0 0 0 0 0 0 0 0 0 0 0 0 0 0 0 0 1 2 1 4 2 1 0 0 1 0 1 0 0 0 0 1 0 0 0 0 0
14 13 15 4 3 7 6 14 10 4 2 3 5 10 7 20 21 14 9 14 12 4 47 75 67 61 44 61 35 8 15 27 9 4 2 4 4 5 8 2 3 12 11 2 0 0 0 0 0 0 0 0 0 0 0 0 0 0 0 0 0 0 0 0 0 0 0 0 0 0 0 0 0 0 0 1 2 2 2 0 0 0 0 0 2 3 2 2 3 3 2 1 0 0 0 0
8 10 9 8 6 2 3 7 6 3 2 3 6 5 13 9 15 6 9 13 5 6 25 25 13 36 31 19 15 3 6 32 15 2 4 4 8 6 8 4 1 2 4 2 1 0 0 0 0 0 0 0 0 0 0 0 0 0 0 0 0 0 0 0 0 0 0 0 0 0 0 0 0 0 0 0 0 0 0 0 0 0 0 0 1 2 2 1 2 2 1 0 0 0 0 0
6 3 3 5 5 3 6 2 5 5 2 1 3 7 10 13 6 4 13 10 2 9 12 23 21 5 10 4 7 9 2 22 3 1 2 4 3 13 7 7 4 2 3 2 1 0 0 0 0 0 0 0 0 0 0 0 0 0 0 0 0 0 0 0 0 0 0 0 0 0 0 0 0 0 0 0 0 0 0 0 0 0 0 0 1 1 0 0 0 0 0 0 0 0 0 0
3 2 1 1 2 4 2 3 3 4 2 1 4 11 5 8 6 4 8 4 10 10 8 18 17 18 5 3 4 10 12 3 10 3 0 1 1 4 6 6 4 2 2 1 0 0 0 0 0 0 0 0 0 0 0 0 0 0 0 0 0 0 0 0 0 0 0 0 0 0 0 0 0 0 1 1 1 1 0 1 0 0 0 0 0 0 0 0 0 0 0 0 0 0 0 0
8 3 1 2 1 1 1 1 1 1 1 1 2 2 1 0 2 3 4 6 12 3 15 8 8 5 15 2 2 5 4 2 3 5 5 2 1 2 1 1 1 4 1 1 0 0 0 0 0 0 0 0 0 0 0 0 0 0 0 0 0 0 0 0 0 0 0 0 0 0 0 0 0 0 0 0 0 0 0 0 0 0 0 0 0 0 0 0 0 0 0 0 0 0 0 0
14 9 5 5 3 3 6 5 3 1 0 1 1 1 0 2 3 4 7 3 10 3 17 12 11 13 6 3 1 1 2 4 2 2 5 4 1 1 1 0 0 1 0 0 0 0 0 0 0 0 0 0 0 0 0 0 0 0 0 0 0 0 0 0 0 0 0 0 0 0 0 0 0 0 0 0 0 0 0 0 0 0 0 0 0 0 0 0 0 0 0 0 0 0 0 0
29 12 12 20 18 13 13 13 5 3 2 1 0 0 1 3 6 7 7 5 9 3 5 5 9 10 3 2 4 0 0 1 3 1 1 2 1 0 0 1 1 1 1 1 0 0 0 0 0 0 0 0 0 0 0 0 0 0 0 0 0 0 0 0 0 0 0 0 0 0 0 0 0 0 0 0 0 0 0 0 0 0 0 0 0 0 0 0 0 0 0 0 0 0 0 0
36 26 24 38 35 29 16 14 11 8 7 4 1 0 1 1 3 6 5 6 7 2 15 4 5 3 2 1 3 3 1 1 3 1 0 0 1 0 0 0 0 1 0 0 0 0 0 0 0 0 0 0 0 0 0 0 0 0 0 0 0 0 0 0 0 0 0 0 0 0 0 0 0 0 0 0 0 0 0 0 0 0 0 0 0 0 0 0 0 0 0 0 0 0 0 0
60 35 24 7 14 35 27 37 23 20 9 6 4 1 0 1 3 3 4 3 5 2 3 4 3 3 2 1 3 5 3 1 5 2 1 1 1 0 1 0 0 1 0 0 0 0 0 0 0 0 0 0 0 0 0 0 0 0 0 0 0 0 0 0 0 0 0 0 0 0 0 0 0 0 0 0 0 0 0 0 0 0 0 0 0 0 0 0 0 0 0 0 0 0 0 0
27 51 25 26 19 10 10 6 6 8 10 5 2 1 0 2 3 3 4 4 1 2 3 4 1 3 1 1 7 8 2 2 2 4 2 1 1 1 3 1 0 0 1 0 0 0 0 0 0 0 0 0 0 0 0 0 0 0 0 0 0 0 0 0 0 0 0 0 0 0 0 0 0 0 0 0 0 0 0 0 0 0 0 0 0 0 0 0 0 0 0 0 0 0 0 0
12 39 50 27 23 12 5 3 3 3 9 2 1 1 0 0 2 2 3 2 1 2 2 1 0 1 1 0 0 2 1 2 1 2 2 2 0 1 1 2 1 0 0 0 0 0 0 0 0 0 0 0 0 0 0 0 0 0 0 0 0 0 0 0 0 0 0 0 0 0 0 0 0 0 0 0 0 0 0 0 0 0 0 0 1 0 0 0 0 0 0 0 0 0 0 0
15 31 31 25 34 31 11 8 4 1 1 1 2 1 0 0 1 2 2 3 1 1 1 1 0 0 1 1 0 1 4 4 1 1 2 2 1 0 1 1 3 2 0 0 0 0 0 0 0 0 0 0 0 0 0 0 0 0 0 0 0 0 0 0 0 0 0 0 0 0 1 0 0 0 0 0 0 0 0 0 0 0 0 1 1 0 0 0 0 0 0 0 0 0 0 0
5 11 17 34 32 26 28 20 10 3 1 1 1 1 0 0 1 2 4 3 1 3 1 1 1 0 1 1 0 0 3 9 9 2 1 0 0 0 0 1 1 1 1 0 0 0 0 0 0 0 0 0 0 0 0 0 0 0 0 0 1 1 1 1 0 0 0 0 0 0 0 0 0 0 0 0 0 0 0 0 1 0 0 1 1 0 0 0 0 0 0 0 0 0 0 0
4 6 9 24 34 26 25 20 14 7 4 1 1 0 0 0 0 2 4 6 5 3 1 1 0 0 0 1 1 0 1 1 1 1 1 0 0 0 0 0 0 0 1 0 0 0 0 0 0 0 0 0 0 0 0 0 0 0 0 1 1 3 3 3 1 0 0 1 1 0 0 0 0 0 0 0 0 0 0 0 0 0 1 1 0 0 0 0 0 0 0 0 0 0 0 0
15 2 20 16 32 20 12 6 3 1 2 1 1 0 0 0 0 2 1 4 3 3 2 0 0 0 1 2 1 1 1 0 1 1 1 0 0 0 0 0 0 0 0 0 0 0 0 0 0 0 0 0 0 0 0 0 0 0 0 1 4 5 5 6 2 2 3 1 0 1 0 0 0 0 0 0 0 0 0 0 0 1 0 0 0 0 0 0 0 0 0 0 0 0 0 0
7 5 12 6 16 23 19 11 13 4 2 2 1 0 0 0 0 1 0 1 1 0 1 1 0 0 1 0 1 0 0 1 1 0 0 0 0 0 0 0 0 0 0 0 0 0 0 0 0 0 0 0 0 0 0 0 0 0 0 0 1 3 3 3 4 6 8 1 0 1 0 0 0 0 0 0 0 0 0 0 0 1 1 0 0 0 0 0 0 0 0 0 0 0 0 0
7 7 11 8 10 22 22 19 14 11 10 8 2 1 0 0 0 0 0 0 1 1 0 0 0 0 1 1 1 1 0 0 0 0 0 0 0 0 0 0 0 0 0 0 0 0 0 0 0 0 0 0 0 0 0 0 0 0 0 0 1 2 1 2 5 8 8 1 2 0 0 0 0 0 0 1 1 0 0 0 0 0 0 1 1 0 0 0 0 0 0 0 1 0 0 0
7 7 9 6 9 16 27 26 20 23 13 3 1 0 0 0 0 0 0 0 0 0 0 0 0 0 1 1 1 1 1 1 1 0 0 0 0 0 0 0 0 0 0 0 0 0 0 0 0 0 0 0 0 0 0 0 0 0 0 0 0 1 1 2 4 11 4 6 4 1 0 0 0 0 1 1 1 2 1 0 0 0 0 2 1 0 0 0 0 0 0 0 0 1 0 0
3 7 11 5 5 16 20 27 22 18 11 6 3 1 1 0 0 0 0 0 0 0 0 0 0 0 0 0 0 0 0 0 0 0 0 0 0 0 0 0 0 0 0 0 0 0 0 0 0 0 0 0 0 0 0 0 0 0 0 0 0 1 1 3 4 7 8 14 4 2 1 1 0 0 0 1 1 1 1 0 0 1 1 3 1 0 0 0 0 0 0 0 0 0 1 1
3 5 8 6 1 10 12 14 11 15 16 12 3 2 1 1 0 0 0 0 1 0 0 0 0 0 0 0 0 0 0 0 0 0 0 0 0 0 0 0 0 0 0 0 0 0 0 0 0 0 1 0 0 0 0 0 0 0 0 0 0 0 1 3 4 4 7 9 6 6 5 3 2 2 1 0 2 4 2 1 0 1 3 2 0 0 0 0 0 0 0 1 1 1 0 1
3 3 8 8 5 7 3 6 17 13 5 2 3 1 1 1 0 0 0 0 0 0 0 0 0 0 0 0 0 0 0 0 0 0 0 0 0 0 0 0 0 0 0 0 0 0 0 0 1 1 1 0 1 0 0 0 0 0 0 0 0 0 0 0 1 2 5 9 12 15 12 12 6 6 2 2 1 5 1 0 0 1 2 0 0 0 0 0 0 0 0 0 1 1 0 2
1 4 9 11 9 6 3 11 19 15 8 6 3 2 1 0 0 0 0 0 0 0 0 0 0 0 0 0 0 0 0 0 0 0 0 0 0 0 0 0 0 0 0 0 0 0 0 1 1 1 1 1 0 0 0 0 0 0 0 0 0 0 0 0 1 3 9 3 6 5 13 30 20 13 5 4 3 1 0 0 1 1 1 1 1 0 0 0 0 0 0 0 1 2 2 5
1 3 5 7 3 4 2 3 7 6 3 2 1 1 1 0 0 0 0 0 0 0 0 0 0 0 0 0 0 0 0 0 0 0 0 0 0 0 0 0 1 0 0 0 0 0 0 1 1 2 1 1 1 0 0 0 0 0 0 0 0 0 0 0 1 2 3 2 2 6 7 12 3 19 22 13 6 2 1 1 3 1 3 2 2 1 0 0 0 0 0 0 1 1 4 9
0 1 4 8 5 3 2 3 2 5 4 2 2 0 0 0 0 0 0 0 0 0 0 0 0 0 0 0 0 0 0 0 0 0 0 0 0 0 0 0 1 1 1 0 0 0 0 1 2 5 2 1 1 0 0 1 0 0 0 0 0 0 1 1 1 2 2 3 3 3 4 9 9 9 27 31 5 2 1 1 7 6 3 14 4 2 1 1 0 0 1 1 1 1 5 10
1 0 1 3 2 2 3 2 2 4 2 2 1 1 0 0 0 0 0 0 0 0 0 0 0 0 0 0 0 0 0 0 0 0 0 0 0 0 1 2 3 3 2 3 1 0 1 2 6 6 1 1 1 1 1 1 0 0 0 0 0 0 0 1 1 1 1 3 3 2 3 4 4 20 14 18 8 3 1 1 4 11 14 37 16 8 2 1 1 1 1 1 2 5 8 13
1 0 2 2 2 2 2 1 1 3 1 1 1 0 0 0 0 0 0 0 0 0 0 0 0 0 0 0 0 0 0 0 0 0 0 0 0 1 1 2 3 2 1 4 1 0 1 3 9 5 2 2 1 1 1 1 1 1 0 0 0 0 0 0 0 0 0 1 1 3 4 7 11 11 14 18 6 2 1 0 4 5 10 21 19 7 3 1 2 1 1 1 3 5 10 12
1 0 0 1 1 1 2 1 1 2 1 1 1 0 0 0 0 0 0 0 0 0 0 0 0 0 0 0 0 0 0 0 0 0 0 0 0 0 1 1 1 0 0 5 2 1 1 5 9 12 6 7 2 2 2 4 2 2 1 1 1 0 0 0 0 0 0 0 1 3 6 15 15 10 19 11 8 4 1 0 2 7 9 12 14 8 4 2 3 2 4 2 3 8 15 22
1 1 0 1 0 0 0 0 1 2 2 1 0 0 0 0 0 0 0 0 0 0 0 0 0 0 0 0 0 0 0 0 0 0 1 1 0 0 1 2 2 1 2 5 2 1 1 6 9 21 18 9 7 5 8 4 7 5 1 2 1 1 0 0 0 0 0 0 1 3 11 7 8 29 20 18 13 5 2 0 0 2 9 17 18 14 7 3 4 3 5 5 4 9 13 30
1 1 1 1 0 0 0 1 1 1 2 1 1 0 0 0 0 0 0 0 0 0 0 1 0 0 0 0 0 0 0 0 0 1 2 2 1 0 1 3 8 4 5 8 2 1 1 2 10 29 40 18 14 10 17 9 16 11 6 3 3 1 1 0 0 0 0 0 0 2 4 7 12 17 11 18 11 9 4 1 0 2 9 16 45 22 13 6 8 8 9 9 7 10 18 45
1 0 0 0 0 0 0 0 0 0 0 0 0 0 0 0 0 0 0 0 0 0 1 0 0 0 0 0 0 0 0 0 1 1 3 3 1 0 1 5 9 11 8 15 9 3 1 3 13 21 57 30 13 16 25 16 15 12 9 7 7 2 2 1 0 0 1 1 0 1 2 8 11 18 18 25 15 14 3 1 0 2 8 13 35 46 22 11 13 14 16 15 14 11 19 49
1 1 0 0 0 0 0 0 0 1 0 1 0 0 0 0 0 0 0 0 0 0 0 1 0 0 0 0 0 0 0 0 1 4 4 5 1 1 2 9 22 18 21 34 16 8 5 4 12 30 31 46 18 21 31 35 25 17 14 16 6 5 2 1 1 1 1 1 1 0 1 7 9 9 14 16 25 21 10 3 1 3 8 8 15 27 49 20 21 22 20 21 21 14 25 48
1 0 0 0 0 0 0 0 0 1 2 1 0 0 0 0 0 0 0 0 0 0 0 0 0 0 0 0 0 0 0 1 1 3 9 10 2 2 2 8 7 24 41 54 19 12 8 11 15 39 28 54 37 33 44 46 54 46 30 17 11 8 3 2 1 2 2 2 1 0 1 5 12 12 11 15 35 31 15 4 1 2 5 8 20 28 57 47 26 27 27 29 29 20 26 47
1 0 0 0 0 0 0 0 0 0 0 0 0 0 0 0 0 0 0 0 0 1 1 1 0 0 0 0 0 0 0 1 3 7 11 17 7 5 4 12 15 25 36 62 26 14 6 16 23 30 57 55 62 43 54 61 65 53 49 21 14 7 4 3 5 4 3 3 2 1 1 3 9 13 9 6 30 33 24 7 2 1 2 11 20 30 31 60 35 34 35 39 44 23 54 29
1 0 0 0 0 0 0 0 0 0 0 0 0 0 0 0 0 0 0 1 0 1 2 1 0 0 0 0 0 0 0 1 3 3 5 20 41 14 7 7 25 24 36 54 34 11 11 26 50 38 45 76 55 47 62 77 72 64 42 13 15 9 12 5 7 7 6 5 2 1 0 1 3 8 5 11 22 60 32 19 7 3 2 10 18 32 30 37 54 33 54 18 21 44 33 9
1 0 0 0 0 0 0 0 0 0 0 0 0 0 0 0 0 1 1 2 2 2 1 0 0 0 0 0 0 0 0 1 2 2 4 10 24 30 24 10 10 47 58 72 27 27 26 26 45 51 31 52 76 51 75 80 75 51 28 18 18 18 15 13 12 11 13 4 3 2 1 1 2 6 7 14 22 49 47 27 8 4 5 7 19 22 10 17 40 55 58 20 54 34 11 12
0 0 0 0 0 0 0 0 0 0 0 0 0 0 0 0 1 2 4 4 2 1 1 0 0 0 0 0 0 0 0 0 1 1 4 7 13 11 32 49 18 28 50 78 30 31 29 30 31 20 49 54 63 47 77 54 48 32 29 30 21 20 19 15 23 23 12 6 4 4 4 2 2 3 8 15 22 41 49 21 10 16 6 11 28 24 26 20 29 72 67 51 69 21 19 23
0 0 0 0 0 0 0 0 0 0 0 0 0 0 1 1 2 6 3 1 1 1 1 0 0 0 0 0 0 0 0 0 0 1 2 4 5 12 22 41 49 23 30 76 36 41 33 32 29 32 47 51 77 58 68 41 39 39 44 33 25 25 23 30 30 26 14 8 10 6 7 7 4 3 3 8 25 38 74 45 35 30 18 10 16 19 24 47 27 32 65 66 54 29 29 57
0 0 0 0 0 0 0 0 0 0 0 0 0 1 2 8 11 1 1 0 0 1 0 0 0 0 0 0 0 0 0 0 1 1 5 12 14 23 32 32 60 51 29 33 54 39 57 35 30 22 46 41 58 75 49 54 53 40 51 28 37 27 35 34 34 18 15 16 13 6 12 21 7 5 7 9 16 41 64 70 66 64 13 10 15 23 31 28 50 27 51 62 39 37 62 65
0 0 0 0 0 0 0 0 0 1 1 0 1 2 3 8 4 1 1 0 1 1 0 0 0 0 0 0 0 0 1 1 1 2 7 18 30 40 33 48 62 64 52 46 68 46 58 47 44 31 33 51 45 71 55 57 68 75 54 42 55 49 40 29 24 23 19 9 8 3 8 13 30 16 16 9 12 11 33 58 75 35 11 9 15 27 31 32 61 55 28 69 60 67 68 61
0 0 0 0 0 0 0 0 0 2 1 1 3 4 4 4 4 2 0 0 0 0 0 0 0 0 0 0 0 0 0 1 2 6 8 13 26 26 24 26 22 25 53 56 71 71 63 65 49 33 29 48 61 68 55 74 67 63 57 49 36 33 30 40 28 27 25 15 6 2 9 25 34 38 25 23 14 15 38 32 56 23 13 16 17 34 43 51 56 65 20 77 75 54 53 70
0 0 0 0 0 0 0 0 0 1 7 4 5 10 4 3 1 1 0 1 0 0 0 0 0 0 0 0 0 0 0 0 1 3 4 7 14 16 11 13 19 17 22 29 43 43 58 62 61 35 18 32 55 62 65 69 59 62 57 34 39 36 31 44 33 29 29 22 11 3 9 22 30 47 67 48 35 19 35 59 77 33 20 15 30 32 49 53 56 63 38 68 59 52 59 40
0 0 0 0 0 0 0 2 3 4 11 11 6 4 3 2 2 1 1 0 0 0 0 0 0 0 0 0 0 1 0 0 0 1 3 3 4 3 4 12 14 15 28 28 32 37 29 35 55 44 13 36 43 61 39 40 29 50 38 48 39 23 33 54 25 45 35 30 13 7 7 20 34 40 44 72 53 34 42 58 67 39 18 35 31 34 43 55 53 68 79 32 14 56 44 45
0 0 0 0 0 1 2 5 9 12 13 6 4 3 1 1 1 1 0 0 0 0 0 0 0 0 0 0 0 1 1 1 1 1 1 1 1 3 7 9 12 24 27 25 26 23 37 44 39 60 22 32 39 44 39 26 42 53 57 44 46 30 57 49 15 53 47 32 12 8 14 11 12 26 39 37 52 78 43 57 36 23 32 38 33 31 51 45 54 65 34 20 20 56 44 40
0 0 0 0 1 3 4 10 12 11 3 2 3 2 2 1 1 0 0 0 0 0 0 0 0 0 0 0 0 1 2 5 2 1 2 5 3 5 5 8 10 14 18 21 25 35 50 55 30 38 52 19 24 45 37 13 49 61 48 29 42 39 56 33 27 56 52 38 13 14 14 5 4 19 29 19 28 45 62 70 64 39 54 48 28 27 34 56 54 55 13 16 40 56 47 59
0 0 0 1 1 4 9 10 17 7 5 2 1 1 1 1 1 0 0 0 0 0 0 0 0 0 0 0 1 1 3 4 6 4 1 2 5 13 23 17 14 18 21 15 25 28 27 27 44 33 40 29 26 60 28 16 72 52 23 45 43 39 75 31 49 37 31 16 6 12 9 15 11 16 17 21 35 38 52 46 49 56 51 50 30 26 20 49 61 55 26 41 49 30 69 44
0 2 1 1 1 2 5 12 10 4 3 2 1 1 1 0 0 0 0 0 0 0 0 0 0 0 0 0 1 1 2 3 3 4 7 8 5 3 6 40 43 43 56 41 38 32 31 34 42 44 38 46 46 28 26 22 63 31 21 41 43 65 43 68 50 31 37 24 12 18 18 19 18 8 7 6 14 26 34 52 59 48 69 52 45 17 23 30 56 48 25 53 25 57 39 36
1 2 1 2 4 11 7 6 9 4 3 1 1 1 0 0 0 0 0 0 0 0 0 0 0 0 0 0 0 1 1 1 3 6 8 9 5 3 10 12 19 50 51 56 56 42 41 34 31 28 44 52 21 43 25 58 14 42 22 41 67 61 63 50 46 29 51 26 22 29 18 31 30 12 21 27 27 16 25 50 60 63 48 67 33 29 14 31 48 21 60 14 42 47 48 54
1 1 0 0 0 1 6 16 7 4 2 1 1 0 0 0 0 0 0 0 0 0 0 0 0 0 0 0 0 0 1 1 2 2 2 1 11 12 15 12 11 24 55 50 48 54 49 40 27 21 17 13 19 25 14 44 31 20 27 48 75 66 35 52 29 41 48 46 25 32 21 33 30 26 32 31 37 29 20 11 25 15 23 31 41 27 13 24 54 13 27 21 59 38 57 66
1 1 1 0 2 4 6 12 10 5 3 1 1 0 0 0 0 0 0 0 0 0 0 0 0 0 0 0 0 0 0 1 1 2 4 15 11 8 28 22 26 37 32 43 42 29 20 44 64 17 16 21 33 24 19 29 7 26 46 68 48 42 32 39 16 38 36 43 39 35 22 36 33 30 48 39 50 37 15 23 41 36 20 38 34 21 24 13 24 13 49 45 47 46 54 50
0 0 0 2 7 12 13 13 5 2 1 1 1 0 0 0 0 0 0 0 0 0 0 0 0 0 0 0 0 0 0 1 3 5 8 18 23 26 22 39 53 31 29 20 33 39 48 51 17 47 27 24 25 29 25 24 10 58 30 17 16 20 43 37 40 39 30 34 41 40 24 22 37 41 48 36 39 42 16 19 29 21 23 28 33 31 35 13 9 24 25 25 39 48 36 29
0 0 0 3 13 16 17 5 2 1 2 1 0 0 0 0 0 0 0 0 0 0 0 0 0 0 0 0 0 0 1 2 5 7 6 13 12 9 21 46 49 51 35 38 40 35 41 32 40 29 22 45 26 14 14 23 29 28 17 17 14 23 36 49 39 27 41 43 40 38 27 23 31 34 19 30 44 50 33 13 17 13 17 11 8 13 17 12 8 24 37 39 39 46 41 53
3 3 3 9 14 17 17 5 2 1 1 0 0 0 0 0 0 0 0 0 0 0 0 0 0 0 0 0 0 0 0 1 4 9 8 11 13 30 27 30 35 53 76 60 40 38 35 36 30 29 47 17 31 39 23 20 12 9 7 10 19 32 49 45 25 34 39 48 29 23 25 33 32 23 12 30 52 61 46 25 14 18 20 20 27 11 20 21 21 52 21 12 25 44 53 51
1 18 22 16 21 17 9 6 5 2 1 0 0 0 0 0 0 0 0 0 0 0 0 0 0 0 0 0 0 0 0 0 2 7 6 11 14 25 28 33 43 42 43 51 70 60 36 36 33 32 22 25 38 10 13 18 15 13 21 34 27 26 49 41 41 48 24 39 32 36 22 22 32 25 10 20 34 42 52 46 23 23 15 13 24 26 19 34 34 41 53 17 19 21 31 40
1 9 43 28 16 9 4 4 5 2 1 1 0 0 0 0 0 0 0 0 0 0 0 0 0 0 1 0 1 0 0 0 1 3 5 10 10 10 11 15 9 24 49 53 66 71 32 45 55 39 32 30 55 49 11 9 11 18 34 27 23 37 54 43 49 46 31 31 37 39 25 12 40 46 17 20 36 31 18 44 48 36 13 15 17 20 12 13 11 12 21 26 13 10 14 20
5 17 24 19 19 13 5 3 1 1 1 0 0 0 0 0 0 0 0 0 0 0 0 0 0 0 1 1 1 1 1 1 1 1 5 7 5 5 8 16 27 37 37 43 43 29 34 47 74 42 62 76 20 27 19 13 17 23 30 15 20 34 45 58 42 28 36 33 32 47 13 15 36 49 23 12 16 22 18 28 30 41 19 11 16 17 19 21 29 37 16 12 33 20 19 13
11 20 17 18 13 7 4 2 1 1 1 0 0 0 0 0 0 0 0 0 0 0 0 0 0 0 0 1 1 2 3 2 2 1 1 3 6 5 16 19 20 22 32 44 49 65 37 53 57 47 44 33 23 14 12 15 11 17 14 12 17 37 20 26 26 26 36 41 41 28 11 24 27 54 30 18 9 14 11 20 16 14 32 12 14 28 30 67 32 22 9 12 14 27 40 23
18 30 28 10 5 2 2 1 1 1 0 0 0 0 0 0 0 0 0 1 1 1 1 0 0 0 0 0 0 1 1 3 3 1 1 2 4 5 9 15 17 22 34 31 67 57 43 57 19 25 22 24 21 18 11 4 4 9 12 11 14 46 24 22 25 45 39 25 22 24 11 23 42 34 41 18 16 16 10 15 21 25 15 20 5 27 10 13 45 34 29 13 14 10 16 24
35 29 22 6 2 1 0 0 1 0 0 0 0 0 0 0 0 0 0 1 1 2 1 1 1 0 0 0 0 0 1 2 5 8 5 2 1 4 8 10 14 12 27 42 55 48 60 50 32 14 14 20 26 21 25 14 7 16 11 9 21 7 15 16 32 37 28 22 36 20 11 7 30 44 43 17 15 13 9 12 14 21 12 12 21 4 18 24 14 22 31 23 22 15 8 9
48 31 9 7 4 3 1 1 1 0 0 0 0 0 0 0 0 0 0 1 0 3 4 2 1 1 1 0 0 1 1 1 3 10 13 1 0 1 5 11 15 19 21 21 21 42 46 32 29 18 21 23 21 26 34 32 20 28 19 4 3 12 6 26 32 30 25 31 20 14 10 11 20 18 36 16 14 11 11 10 5 7 3 6 14 22 50 60 30 16 20 19 11 14 15 17
31 19 8 4 3 3 2 1 0 0 0 0 0 0 0 0 0 0 0 1 1 2 6 7 4 3 1 1 1 1 2 2 3 4 15 2 0 1 4 8 14 16 18 20 28 50 39 21 22 31 29 23 48 33 44 38 16 9 5 3 10 4 8 15 20 15 26 29 18 21 9 6 10 13 12 27 13 13 7 12 5 5 8 1 4 21 7 3 5 14 18 23 25 19 18 14
29 18 9 5 2 1 1 1 1 0 0 0 0 0 0 0 0 0 0 0 0 1 1 2 7 3 3 2 1 1 2 3 4 6 18 2 0 1 3 6 14 15 18 20 23 24 19 30 31 28 43 23 36 28 22 32 16 17 9 7 12 8 5 5 13 14 16 7 32 22 10 4 7 16 14 6 24 3 10 3 7 6 3 22 62 10 15 14 15 25 35 34 36 21 17 19
29 16 6 6 5 2 1 1 1 0 0 0 0 0 0 0 0 0 1 0 1 1 2 2 3 16 5 4 4 3 4 4 6 12 10 3 1 0 2 4 6 12 11 19 20 23 31 34 28 37 26 27 28 28 30 31 37 21 12 5 7 11 2 8 16 9 8 18 15 19 9 6 6 5 11 6 4 6 4 3 6 2 5 4 22 40 17 37 43 39 56 51 52 42 58 55
36 20 11 5 5 2 0 1 1 0 0 0 0 0 0 0 0 0 1 0 1 1 2 4 5 9 28 9 6 5 5 10 8 24 7 3 1 0 1 4 4 8 8 11 16 25 32 32 27 26 26 27 40 46 34 20 22 17 10 13 16 25 7 8 3 7 14 15 10 14 9 6 5 7 8 8 4 1 4 2 1 2 9 5 1 21 70 34 41 57 42 45 36 38 22 18
