sesion_6_simulaciones/modelos_agentes/ejemplos_netlogo/scenarios/echam4_a2/rob_2011.asc
NCOLS 322 
NROWS 307 
XLLCORNER 451900 
YLLCORNER 4086900 
CELLSIZE 100 
NODATA_value -9999 
[rows 222 to 295 of 307, columns 96 to 191 of 322]
0 0 0 0 0 0 0 0 0 0 0 0 0 0 0 0 0 0 0 0 0 0 0 0 0 0 0 0 0 0 0 0 0 0 0 0 0 0 0 0 0 0 0 0 0 0 1 3 3 6 8 9 15 20 23 34 45 62 77 76 79 85 63 79 59 71 56 51 57 48 35 35 24 27 42 46 54 32 34 26 61 48 42 35 32 16 33 46 51 28 16 14 6 3 3 1
0 0 0 0 0 0 0 0 0 0 0 0 0 0 0 0 0 0 0 0 0 0 0 0 0 0 0 0 1 0 0 0 1 0 0 0 0 0 0 0 0 0 0 0 0 0 1 1 2 3 6 5 9 16 30 56 61 45 33 45 49 52 48 56 83 41 41 42 64 54 42 57 25 30 50 46 47 28 45 58 47 79 54 44 34 28 18 16 32 60 38 26 17 6 3 2
0 0 0 0 0 0 0 0 0 0 0 0 0 0 0 0 0 0 0 0 0 0 0 0 0 0 0 0 1 0 0 0 0 0 0 0 0 0 0 0 0 0 0 0 0 0 0 1 2 3 4 7 15 11 27 46 26 26 32 35 15 44 45 42 41 62 27 63 62 54 67 58 19 27 33 45 38 39 53 62 46 33 59 58 35 31 31 13 9 29 59 34 21 10 7 4
0 0 0 0 0 0 0 0 0 0 0 0 0 0 0 0 0 0 0 0 0 0 0 0 0 0 0 0 0 2 1 0 0 0 0 0 0 0 0 0 0 0 0 0 0 0 0 1 1 2 3 5 12 15 9 10 14 18 21 20 46 64 41 48 59 87 77 58 64 61 73 61 40 32 47 60 50 49 60 64 50 31 14 27 57 56 29 22 15 10 28 26 16 10 5 2
0 0 0 0 0 0 0 0 0 0 0 0 0 0 0 0 0 0 0 0 0 0 0 0 0 0 1 0 1 1 0 0 0 0 0 0 0 0 0 0 0 0 0 0 0 0 0 1 1 2 4 7 7 9 12 14 26 25 22 28 17 30 55 48 56 87 67 73 39 74 60 63 45 32 55 67 62 43 58 81 46 43 57 38 33 15 17 23 17 16 7 9 10 6 2 2
0 0 0 0 0 0 0 0 0 0 0 0 0 0 0 0 0 0 0 0 0 0 0 0 0 0 1 1 1 1 0 0 0 0 0 0 0 0 0 0 0 0 0 0 0 0 0 1 1 1 2 3 3 5 7 14 33 33 30 18 23 39 41 53 75 59 53 66 80 66 57 64 63 20 25 48 52 65 75 38 73 60 77 51 66 30 39 22 12 7 6 9 5 3 2 1
0 0 0 0 0 0 0 0 0 0 0 0 0 0 0 0 0 0 0 0 0 0 0 1 0 0 1 2 1 0 0 0 0 0 0 0 0 0 0 0 0 0 0 0 0 0 0 1 1 1 3 3 5 6 7 15 25 49 27 28 21 44 60 74 57 50 55 54 39 57 70 45 32 18 26 44 65 60 81 60 31 24 39 55 34 36 24 18 9 9 5 3 2 2 2 2
0 0 0 0 0 0 0 0 0 0 0 0 0 0 0 0 0 0 0 0 0 0 0 1 0 0 1 4 1 1 1 1 0 0 0 0 0 0 0 0 0 0 0 0 0 0 0 0 1 1 2 2 4 3 11 17 13 13 12 27 18 18 26 41 28 17 33 47 37 53 28 48 44 28 46 29 30 67 42 51 41 28 23 26 14 15 20 21 8 7 2 1 1 1 1 1
0 0 0 0 0 0 0 0 0 0 0 0 0 0 0 0 0 0 0 0 0 0 0 0 1 0 0 2 3 4 1 0 0 0 0 0 0 0 0 0 0 0 0 0 0 0 0 0 0 1 1 1 2 4 8 5 6 8 10 11 16 16 20 27 34 50 56 66 53 55 67 69 48 24 41 59 31 60 52 57 56 48 34 50 24 8 9 6 4 5 2 1 1 1 1 1
0 0 0 0 0 0 0 0 0 0 0 0 0 0 0 0 0 0 0 0 0 1 0 1 1 1 0 1 4 3 1 0 0 0 0 0 0 0 0 0 0 0 0 0 0 0 0 0 1 1 1 1 2 2 2 2 2 3 3 4 5 6 7 26 39 43 28 50 53 52 52 51 45 28 32 55 52 45 48 69 56 52 47 40 25 15 7 5 3 3 2 1 1 0 1 0
0 0 0 0 0 0 0 0 0 0 0 0 0 0 0 0 0 0 0 0 0 0 0 1 2 1 1 1 3 3 1 1 0 0 0 0 0 0 0 0 0 0 0 1 0 0 0 1 1 2 3 3 2 1 2 2 2 3 8 11 8 16 15 13 12 16 25 30 32 49 66 73 72 33 47 41 71 53 59 45 42 50 45 34 25 35 19 8 4 2 1 1 1 0 0 0
0 0 0 0 0 0 0 0 0 0 0 0 0 0 0 0 0 0 0 0 0 1 0 1 1 2 2 2 4 3 2 1 0 0 0 0 0 0 0 0 0 0 0 0 1 1 1 0 1 2 4 8 5 2 4 5 12 13 18 34 30 30 27 21 30 51 35 33 30 44 65 67 69 66 52 65 77 44 61 40 61 59 42 50 28 19 19 14 12 3 1 1 0 0 0 0
0 0 0 0 0 0 0 0 0 0 0 0 0 0 0 0 0 0 0 0 1 1 0 0 1 1 5 4 2 1 1 1 0 0 0 0 0 0 0 0 0 0 0 1 1 1 1 3 1 2 3 4 5 8 8 13 17 21 41 39 29 32 44 36 27 22 38 49 29 41 25 26 29 27 62 26 40 75 50 37 17 29 65 55 29 22 27 10 8 2 2 1 0 0 0 0
0 0 0 0 0 0 0 0 0 0 0 0 0 0 0 0 0 0 0 0 1 1 1 0 0 1 2 6 2 1 0 0 0 0 0 0 0 0 0 0 0 0 0 0 1 1 1 2 3 3 4 5 8 20 10 15 22 27 30 44 44 61 58 57 45 29 42 45 62 46 51 44 52 46 82 41 26 29 32 30 17 7 55 59 37 32 33 25 7 5 3 2 1 1 0 0
0 0 0 0 0 0 0 0 0 0 0 0 0 0 0 0 0 0 0 0 0 1 2 1 0 1 2 7 2 1 0 0 0 0 0 0 0 0 0 0 0 0 0 1 1 2 4 3 4 9 7 12 14 16 18 17 22 28 55 50 57 57 52 67 68 47 36 43 47 42 75 55 46 52 55 62 50 61 57 43 37 22 13 41 33 32 37 20 6 3 1 1 1 0 0 0
1 0 0 0 0 0 0 0 0 0 0 0 0 0 0 0 0 0 0 0 1 1 1 2 0 1 2 4 2 1 1 0 0 0 0 0 0 0 0 0 0 1 1 1 2 3 7 7 5 4 16 29 43 25 23 10 23 26 51 45 72 62 55 52 52 50 32 47 38 73 39 43 49 55 45 30 38 40 41 34 27 21 19 15 24 14 5 10 7 2 1 1 0 0 0 0
0 0 0 0 0 0 0 0 0 0 0 0 0 0 0 0 0 0 0 0 1 1 1 3 1 1 3 6 3 2 1 0 0 0 0 0 0 0 0 0 1 1 1 2 3 5 8 9 12 9 11 21 31 31 26 13 23 33 25 51 71 68 29 74 34 53 52 45 39 62 46 29 40 67 66 49 54 57 56 51 59 27 22 14 9 5 7 5 2 2 1 0 0 0 0 0
0 0 0 0 0 0 0 0 0 0 0 0 0 0 0 0 0 0 0 1 1 0 2 6 3 3 6 5 3 3 1 0 0 0 0 0 0 0 0 0 1 1 1 2 3 7 9 13 15 21 16 26 44 46 35 16 27 36 49 46 59 64 27 56 60 57 67 38 52 48 35 51 63 58 45 36 35 42 45 22 39 42 35 14 13 5 3 3 2 1 1 1 1 0 0 0
0 0 0 0 0 0 0 0 0 0 0 0 0 1 1 0 0 0 0 2 2 0 2 5 5 2 1 15 8 2 1 1 0 0 0 0 0 0 0 1 1 2 1 3 5 6 12 17 22 33 20 38 49 37 47 15 28 37 43 59 53 54 57 56 65 67 61 60 53 39 52 59 64 57 47 38 34 46 41 30 28 24 43 35 14 14 8 2 1 1 0 0 0 0 0 0
0 0 0 0 0 0 0 0 0 0 0 0 0 0 1 1 0 0 1 1 2 1 2 5 10 2 3 18 5 3 2 1 0 0 0 0 0 0 1 1 1 2 2 4 4 6 21 23 29 35 38 34 29 45 74 37 19 42 59 48 38 35 35 61 65 63 61 72 59 39 47 52 65 60 63 55 55 73 58 46 34 29 26 20 18 17 6 3 2 1 0 0 0 0 0 0
0 0 0 0 0 0 0 0 0 0 0 0 0 1 1 1 0 0 2 1 2 3 3 8 16 18 13 18 8 5 2 1 0 0 0 0 0 0 1 1 1 2 4 4 3 6 17 30 37 35 40 50 50 52 80 57 46 15 37 72 56 53 40 41 36 69 72 73 47 46 38 70 63 48 47 44 51 74 56 38 48 20 14 9 10 6 8 5 1 1 1 0 0 0 0 0
0 0 0 0 0 0 0 0 0 0 1 1 1 1 1 3 1 0 1 1 2 3 5 10 24 36 14 18 5 3 2 1 0 0 0 0 0 1 1 1 2 2 4 4 6 14 20 22 39 47 48 52 64 79 82 78 36 21 48 63 71 54 47 49 53 47 39 45 45 45 69 62 37 62 36 40 31 53 42 37 26 27 38 14 6 3 2 1 1 1 1 0 0 0 0 0
0 0 0 0 0 0 0 0 0 1 1 1 2 1 2 4 1 1 1 4 5 6 5 13 24 21 8 4 2 2 1 0 0 0 0 0 1 1 1 1 2 4 2 12 8 12 22 20 29 55 57 39 66 74 75 80 64 34 27 28 45 66 61 53 48 35 17 11 30 42 77 56 49 54 89 77 61 54 48 47 50 42 21 23 13 9 4 3 2 1 0 0 0 0 0 0
0 0 0 0 0 0 0 0 0 1 1 1 2 1 3 4 1 4 1 3 10 10 19 13 30 15 5 3 1 1 1 0 0 0 0 0 0 1 1 2 3 3 3 5 21 12 16 27 46 65 63 55 53 48 62 82 77 40 32 35 50 45 50 47 35 46 33 23 58 61 36 56 69 73 65 82 59 71 54 60 57 33 18 6 6 4 4 3 1 1 0 0 0 0 0 0
0 0 0 0 0 0 0 0 1 0 1 2 4 2 4 6 2 5 6 3 6 13 10 43 20 18 3 2 1 0 0 0 0 0 0 0 0 0 1 0 1 3 6 18 12 14 31 36 37 53 70 74 48 50 41 49 76 64 48 26 35 27 25 18 18 9 26 54 45 54 40 25 34 62 30 62 81 76 65 59 53 27 13 9 5 2 1 1 1 1 0 0 0 0 0 0
0 0 0 0 0 0 0 1 1 1 2 2 4 6 3 10 3 4 12 11 12 23 12 33 32 7 2 1 0 0 0 0 0 0 0 0 1 0 0 1 1 2 5 12 31 21 18 29 36 59 62 67 67 64 49 42 49 68 55 31 35 31 37 33 42 23 19 46 48 52 49 49 49 36 31 28 52 57 64 35 17 14 9 7 3 2 1 1 0 0 0 0 0 0 0 0
0 0 0 0 1 0 0 1 0 1 2 3 4 7 8 22 6 5 16 19 17 33 62 28 11 8 4 1 1 0 1 1 1 0 0 1 0 1 1 1 2 4 5 11 17 40 29 30 42 55 67 60 69 70 59 42 31 57 53 42 24 28 33 38 43 38 28 54 44 40 48 47 75 58 49 34 23 13 33 31 20 7 4 3 3 1 0 0 0 0 0 0 0 0 0 0
0 0 0 1 1 1 0 1 1 1 5 4 4 5 24 24 9 11 13 22 24 42 61 12 18 10 3 2 2 2 2 2 1 1 0 1 0 1 2 1 3 7 12 17 16 32 26 58 49 65 60 83 62 45 46 40 57 25 22 74 34 25 56 49 35 31 46 68 43 34 37 58 81 62 48 37 32 27 16 20 17 9 4 3 2 1 0 0 0 0 0 0 0 0 0 0
0 0 0 1 1 1 0 1 2 2 5 4 11 11 15 24 35 22 28 21 37 37 73 49 17 6 5 6 4 4 5 3 1 0 0 0 1 2 1 3 4 6 17 29 40 34 53 22 13 28 63 36 56 52 62 44 20 14 17 29 45 15 39 35 20 33 65 34 37 35 23 27 18 34 43 32 30 28 16 12 9 4 5 4 3 2 1 1 0 0 0 0 0 0 0 0
0 0 0 1 1 1 0 2 3 3 3 6 5 18 23 13 12 47 33 34 31 57 62 29 16 12 10 10 10 16 5 2 1 1 1 0 1 1 4 4 6 9 13 36 28 53 48 45 34 52 58 17 64 74 67 35 47 36 34 18 60 12 29 29 17 23 32 59 50 23 44 67 56 59 53 41 31 30 24 20 12 9 7 5 3 3 3 0 0 0 0 0 0 0 0 0
0 0 0 1 2 2 1 1 2 5 7 11 6 6 15 36 14 11 55 57 35 55 66 35 32 12 27 38 15 5 2 2 1 1 0 0 0 0 2 3 5 18 26 21 17 31 38 60 64 64 51 47 63 77 78 77 62 30 28 27 52 23 25 30 16 23 45 26 18 19 41 48 49 50 54 53 33 25 14 13 5 3 4 9 6 4 1 0 0 0 0 0 0 1 1 0
0 1 1 1 2 2 2 2 3 2 4 13 5 5 14 28 39 33 9 26 41 63 48 34 24 43 19 8 7 3 3 3 2 1 1 0 1 1 2 3 2 9 14 12 21 29 39 42 64 63 64 58 77 77 69 65 39 57 19 27 30 45 13 25 32 25 12 41 47 48 36 51 62 55 49 49 27 19 11 14 18 11 17 8 5 2 2 1 0 0 0 0 1 1 1 0
0 1 1 1 2 3 3 6 5 4 3 7 23 7 20 23 32 51 38 16 30 66 25 43 64 19 14 12 9 8 5 2 1 1 1 1 1 2 3 3 5 11 12 9 22 36 22 22 47 52 32 28 43 43 52 29 48 36 58 16 29 37 26 20 55 65 40 64 68 43 63 61 69 69 67 61 39 24 24 21 23 15 18 7 5 4 1 0 0 1 1 1 1 2 0 0
1 1 1 1 1 6 8 7 5 6 14 9 15 37 18 24 36 16 60 33 34 33 73 53 34 31 28 20 16 11 3 1 1 1 2 1 1 2 5 8 9 14 23 24 26 20 30 41 33 32 35 32 32 37 35 44 40 39 42 52 13 9 25 52 56 32 47 52 66 52 67 54 56 67 67 47 33 38 27 24 24 21 10 9 4 1 0 0 1 1 1 1 2 2 1 0
1 2 2 1 2 5 5 12 15 8 14 20 21 28 47 25 44 26 20 52 27 33 68 65 51 34 25 22 17 5 4 3 2 1 1 0 1 1 4 10 15 19 13 27 24 36 32 35 43 49 42 33 35 38 45 44 29 28 31 43 25 15 29 16 20 45 47 52 34 43 58 54 60 47 51 67 34 28 12 11 11 10 15 7 3 1 1 1 1 1 1 1 4 1 1 1
1 1 2 2 2 3 6 8 9 17 26 24 27 31 54 57 26 23 31 29 60 67 72 57 54 52 38 28 20 9 5 3 2 1 2 1 1 2 4 10 15 29 27 36 39 43 41 59 41 45 46 39 27 36 33 52 49 25 10 13 20 19 25 21 23 11 7 6 14 53 36 43 55 51 47 34 22 8 7 18 23 20 5 8 8 3 1 2 1 2 2 2 5 1 1 1
1 2 4 4 5 3 4 11 16 17 35 37 42 34 50 59 43 45 36 39 37 67 66 61 37 45 34 27 14 16 10 5 4 3 3 0 2 4 6 7 5 25 36 43 41 51 57 47 45 62 67 62 28 37 46 42 26 29 16 7 9 15 30 18 18 22 33 39 30 32 31 32 34 28 41 15 16 15 10 38 26 9 13 10 7 7 2 3 3 2 2 1 3 2 2 1
1 2 9 4 6 7 7 15 19 23 28 43 42 41 64 47 53 63 51 41 42 60 52 46 40 40 36 29 22 10 8 7 8 5 1 0 2 7 11 14 13 26 45 37 43 52 44 35 51 75 69 63 61 42 47 37 31 31 17 19 20 16 23 19 36 44 64 57 39 44 39 43 33 20 17 24 34 40 20 36 28 22 15 9 6 6 7 5 2 2 2 1 2 3 0 1
2 2 7 11 8 9 8 18 25 29 28 32 51 58 64 61 51 70 53 37 47 81 56 68 43 44 46 40 26 14 17 13 8 3 2 1 1 4 16 29 28 35 34 55 46 51 48 38 48 42 39 38 52 53 28 23 24 23 20 27 30 15 20 30 45 55 51 43 49 27 40 26 15 19 21 52 37 45 47 12 24 19 21 17 8 7 14 7 3 3 2 2 4 2 1 2
3 2 6 17 17 13 17 24 27 31 38 31 48 62 65 54 54 43 55 39 48 64 64 71 53 44 34 29 28 18 24 10 6 4 3 2 2 6 13 22 48 56 54 42 60 36 39 53 43 35 34 40 43 39 69 41 19 22 22 26 21 23 27 20 26 25 41 51 30 19 19 29 30 43 37 59 51 51 31 34 25 13 24 16 10 13 13 5 7 3 2 2 7 2 1 2
5 14 12 14 23 14 12 27 31 31 45 35 17 26 69 74 70 53 49 66 47 79 79 48 54 56 25 27 21 26 18 15 9 3 3 2 3 11 15 22 24 46 46 61 55 57 36 57 63 37 50 56 54 52 53 29 31 19 27 13 12 20 29 30 33 29 50 17 24 10 28 45 61 34 45 61 35 36 46 33 7 12 25 25 26 16 8 4 7 5 2 3 7 5 4 3
6 9 23 25 25 19 17 31 32 35 37 46 39 41 50 71 67 35 44 70 46 79 64 64 57 34 16 32 22 27 32 17 15 7 5 3 4 14 17 31 48 41 32 60 40 49 53 42 59 56 69 64 61 51 47 29 31 15 16 25 12 16 34 35 15 43 22 20 48 41 60 47 43 57 47 28 42 59 24 10 8 27 40 28 22 21 8 5 5 4 7 4 3 12 5 5
13 17 22 32 30 24 32 35 38 38 23 41 42 54 54 62 65 68 75 78 74 74 62 62 49 50 41 39 43 24 32 31 16 9 11 3 4 15 35 36 44 45 49 55 55 47 56 29 50 52 61 56 53 42 47 37 49 28 24 17 15 27 7 25 20 29 27 42 41 36 33 48 69 73 51 38 65 44 36 24 24 27 10 12 24 22 9 7 5 9 8 5 4 26 8 11
15 21 19 25 8 20 46 30 43 47 39 38 52 58 50 63 52 75 73 80 72 65 73 53 47 53 63 58 28 37 26 30 24 11 9 4 4 19 25 38 42 37 61 58 59 47 33 69 47 76 50 56 41 58 45 62 35 37 30 10 9 24 40 42 11 22 34 52 53 33 29 60 80 72 45 66 56 33 35 72 56 18 20 31 17 12 12 5 6 10 10 7 10 31 22 15
17 13 7 5 5 10 45 31 19 25 39 29 32 52 73 72 43 44 74 65 73 69 74 71 32 51 67 40 34 34 24 40 30 23 7 1 3 13 20 42 37 39 51 64 71 66 39 30 14 17 57 64 34 50 49 62 49 34 20 13 14 32 28 41 31 28 35 29 52 38 43 70 77 46 54 69 56 12 52 46 29 40 52 34 20 14 11 4 12 12 13 9 18 56 28 13
22 22 18 20 18 14 25 48 15 20 19 43 35 44 69 63 74 47 59 76 70 80 79 76 57 34 53 54 46 28 50 32 29 17 8 3 3 7 22 48 22 43 64 68 67 51 50 48 45 42 36 43 66 41 23 25 24 17 21 7 13 17 9 17 27 20 29 16 23 31 64 55 58 69 47 42 26 26 42 34 36 50 42 24 14 4 4 4 9 15 15 11 26 40 28 8
35 25 31 30 19 24 22 27 32 33 29 61 41 48 44 53 72 77 71 85 83 74 76 58 30 43 51 45 38 43 49 35 17 16 17 7 5 4 16 29 9 23 35 37 43 41 43 35 70 64 50 45 40 31 34 22 16 43 6 3 2 13 16 16 38 40 21 12 48 55 27 42 26 46 40 31 14 56 43 58 37 30 17 16 14 7 5 10 12 18 18 24 27 43 11 9
21 24 31 28 33 22 20 35 55 59 27 26 55 56 31 33 29 50 78 79 52 45 48 50 56 20 50 52 33 61 40 32 28 18 18 8 12 4 9 26 39 20 30 40 27 37 18 11 24 37 26 65 62 50 29 5 3 3 7 5 5 11 9 27 32 40 18 49 46 30 35 34 40 40 19 29 53 61 67 37 33 29 28 31 14 8 7 14 21 21 23 16 41 48 36 12
24 43 33 36 36 37 28 44 60 47 48 33 24 45 58 36 58 48 37 71 49 61 64 62 50 39 52 36 35 61 44 40 24 11 18 9 11 7 3 14 26 53 48 34 30 42 43 22 33 45 54 58 39 43 41 26 18 13 8 3 5 7 18 18 24 20 38 54 59 55 35 35 24 15 49 52 44 56 51 33 25 28 31 19 14 12 8 20 26 17 26 23 14 27 44 20
31 33 31 27 35 55 30 44 47 56 49 43 56 40 25 58 59 46 48 72 73 32 29 44 40 62 55 67 38 37 50 33 21 33 15 8 11 16 6 17 31 53 63 28 33 57 41 19 36 44 26 45 32 42 40 22 21 18 11 11 9 8 3 17 23 30 44 18 19 18 29 18 45 56 35 39 35 32 30 23 16 23 23 23 20 10 10 16 33 20 32 24 25 24 38 26
29 31 49 35 45 54 23 39 52 60 57 48 52 56 68 52 72 83 65 68 65 40 48 52 57 76 68 73 45 44 43 39 40 17 11 7 8 27 11 11 23 40 34 41 48 55 15 10 63 82 37 44 43 23 19 18 30 17 9 3 6 6 7 13 15 13 13 22 37 41 45 47 26 32 25 15 19 37 28 24 32 44 24 19 22 11 20 22 38 22 28 8 3 12 32 54
31 38 53 51 44 42 23 37 56 63 61 48 41 40 59 74 54 48 70 69 46 32 50 41 69 64 79 59 54 67 60 46 23 20 7 3 3 30 11 12 13 27 29 31 42 44 3 22 36 42 58 48 37 12 10 6 6 6 7 5 2 8 3 2 4 4 8 25 53 69 66 61 34 22 18 24 61 47 32 32 45 31 28 37 9 13 25 32 20 15 6 6 16 22 24 42
38 24 27 53 44 56 44 20 52 56 64 52 55 41 54 45 71 47 42 53 35 54 52 52 50 71 60 71 69 76 56 51 35 25 16 2 14 29 10 12 20 12 24 32 33 30 8 23 22 27 38 31 45 41 36 14 9 11 12 9 4 16 3 2 2 11 28 58 34 42 47 25 16 21 36 49 52 36 28 58 48 38 39 15 15 28 49 18 6 5 10 22 19 54 42 47
35 11 32 50 59 54 54 36 24 47 61 40 52 51 60 65 57 54 56 56 26 60 85 60 55 59 42 50 54 57 56 52 28 15 15 8 16 14 20 14 27 24 24 32 42 36 25 19 17 22 23 40 26 34 26 14 9 9 11 19 8 9 6 3 7 35 16 32 35 24 45 40 29 50 46 51 52 48 47 59 43 27 17 11 32 40 11 4 6 14 17 37 45 49 56 47
33 17 19 14 45 55 65 43 9 27 51 39 52 43 74 67 56 27 43 55 36 66 68 55 53 27 58 64 62 55 54 37 37 28 15 13 14 11 17 12 5 21 20 36 34 41 50 63 50 45 35 56 40 20 13 6 14 7 9 18 14 4 2 7 28 34 13 26 18 22 31 55 59 71 39 32 60 58 44 35 22 31 8 25 28 10 3 13 17 27 32 35 42 58 62 52
45 31 38 12 46 63 61 40 14 9 12 42 56 39 42 59 41 55 57 65 57 33 56 64 46 41 64 67 57 48 37 31 39 29 26 26 26 8 21 16 8 9 18 24 34 26 23 21 22 20 17 34 15 11 15 38 31 14 10 4 4 1 7 20 14 16 13 14 32 14 30 57 60 57 46 46 64 61 52 40 24 14 22 23 13 4 11 28 28 27 37 35 47 48 52 54
59 27 42 14 19 53 41 23 16 15 18 22 33 67 56 53 50 47 46 64 51 61 72 53 51 66 43 57 60 51 34 39 29 19 32 29 18 17 14 25 17 10 15 18 24 24 40 29 24 36 47 35 17 16 5 22 22 15 11 14 11 12 3 11 18 8 8 17 18 24 34 50 57 58 45 41 39 40 59 23 13 14 21 7 8 26 30 31 33 35 37 32 26 23 36 56
47 28 42 22 15 52 43 48 36 36 24 27 40 53 63 69 73 66 54 51 45 47 56 63 72 62 71 71 57 37 39 38 23 19 53 32 18 21 16 7 8 14 14 28 27 29 38 28 40 31 38 21 37 20 7 12 48 23 8 11 14 3 3 3 6 17 7 15 25 23 26 45 58 54 50 23 36 55 44 39 34 16 6 11 15 20 21 44 45 34 42 36 34 23 32 14
37 31 46 34 26 33 24 52 30 30 35 28 41 38 34 50 53 58 57 61 68 39 48 78 70 71 58 47 51 45 43 39 38 23 42 32 31 19 32 10 25 27 10 16 30 43 47 36 41 48 29 17 36 13 13 23 30 15 12 11 8 3 4 4 20 17 35 35 12 12 39 35 25 38 36 27 49 63 70 37 20 10 5 13 9 42 36 33 40 46 64 60 34 31 36 16
54 33 49 36 23 21 15 39 49 37 38 40 37 38 33 52 45 48 30 38 59 37 64 73 73 52 58 59 51 44 39 40 34 42 46 34 44 60 21 15 18 19 21 17 40 27 37 39 33 32 45 38 21 16 26 25 44 14 14 9 7 4 3 3 7 10 47 39 17 20 28 28 46 47 25 67 62 45 39 34 13 4 10 25 23 30 46 29 43 56 53 59 31 27 32 16
56 38 64 39 19 22 37 25 61 34 53 51 33 24 33 29 30 44 39 39 20 65 54 49 51 45 61 51 38 44 43 23 36 46 29 56 30 60 35 17 32 16 33 22 33 47 39 39 28 41 41 25 19 31 26 26 19 18 10 17 8 7 3 2 5 20 34 26 25 35 22 18 35 36 67 56 31 30 32 35 18 12 15 31 52 36 39 53 54 46 49 39 32 25 29 15
53 37 67 42 19 16 64 43 42 37 39 52 32 40 35 34 36 47 46 37 18 32 15 19 35 35 67 66 59 42 27 23 38 57 44 24 43 40 33 20 30 9 30 11 22 38 52 41 32 45 31 44 21 21 37 33 34 15 16 22 6 1 1 4 3 6 11 34 48 29 25 39 56 68 53 27 25 59 37 23 18 14 32 22 49 52 35 48 47 46 41 27 49 29 23 11
63 37 56 26 18 26 39 42 34 66 59 42 44 33 35 36 50 45 49 49 16 25 28 55 60 60 54 52 49 37 23 25 56 43 44 38 60 32 24 22 32 9 27 21 25 32 59 44 31 44 47 43 23 11 32 34 23 9 12 9 12 3 2 5 6 5 9 25 21 25 28 44 42 32 34 27 28 45 27 9 9 21 43 43 47 49 21 38 62 59 38 26 48 16 22 18
65 40 57 27 20 27 27 65 40 63 74 66 38 27 25 39 66 53 20 38 11 31 31 44 29 33 30 48 27 22 38 27 72 54 53 49 50 25 17 44 22 16 18 50 52 38 43 41 54 46 38 36 35 26 28 20 31 21 12 5 4 2 5 7 5 7 7 11 30 25 26 20 31 25 42 36 41 44 36 13 9 37 46 50 48 47 20 33 50 51 24 25 23 28 31 29
77 65 25 42 22 22 46 64 48 40 64 59 66 22 47 69 49 52 38 32 23 17 27 20 23 27 55 32 41 37 36 47 14 30 16 36 28 20 12 41 19 15 4 20 71 44 35 51 52 41 40 35 31 20 44 46 40 28 11 8 4 3 7 3 4 8 7 13 32 12 28 30 35 27 40 48 28 43 33 20 18 45 36 32 42 31 38 38 29 37 49 27 22 42 33 25
63 33 29 39 24 21 63 61 65 35 24 46 72 18 33 31 31 48 34 35 11 9 30 43 45 37 28 46 46 26 58 27 40 26 44 36 25 30 17 32 14 28 12 13 48 61 43 44 54 53 45 42 29 34 24 19 28 14 13 13 5 2 5 3 5 7 8 13 21 28 46 54 53 40 44 59 11 53 31 28 28 27 37 22 29 24 42 54 38 27 44 31 26 31 39 32
60 37 18 47 36 32 48 14 41 61 20 31 63 47 19 35 35 35 21 24 25 39 61 34 35 32 42 58 38 37 34 46 56 71 50 36 56 25 32 37 17 17 18 21 35 43 34 71 48 44 36 43 48 37 13 19 29 22 14 10 9 4 3 2 4 5 7 9 13 24 34 35 48 58 39 17 31 53 43 20 18 25 47 21 34 41 47 32 45 33 20 37 42 32 22 28
63 19 33 46 31 30 40 11 12 14 36 64 35 55 27 33 22 23 13 30 26 21 22 35 28 29 30 42 46 52 31 40 56 38 25 53 27 19 42 25 34 37 27 28 33 43 35 38 56 28 23 20 40 46 22 17 16 12 9 12 6 3 3 1 2 4 11 13 17 30 26 39 40 22 31 28 41 29 17 10 14 41 39 43 28 36 40 31 27 35 37 25 20 39 14 15
68 20 31 51 29 49 46 25 10 13 31 55 72 68 32 24 35 34 38 10 13 16 34 45 21 17 39 65 38 31 24 54 24 37 61 16 21 29 40 21 39 34 26 47 49 59 51 31 37 40 23 24 41 44 37 25 14 5 4 2 3 6 3 2 1 5 10 18 16 34 34 53 40 24 8 30 48 15 18 18 23 34 43 38 25 35 30 30 15 41 27 50 27 13 8 7
53 26 34 58 22 46 59 41 20 20 13 36 33 53 63 21 27 27 19 30 25 18 16 16 7 21 54 55 54 18 57 16 20 54 40 22 34 39 51 33 11 48 43 47 64 56 48 21 33 58 49 19 13 24 33 35 11 12 5 3 1 5 6 4 3 25 46 21 10 16 43 47 34 19 11 39 36 26 21 18 22 32 34 39 35 24 13 33 23 39 32 13 34 11 12 20
49 26 29 53 20 44 51 18 17 22 29 29 20 25 35 38 14 22 22 8 11 8 11 8 12 23 78 38 41 21 56 38 15 61 33 20 37 60 46 30 19 44 50 58 33 55 41 39 24 24 33 43 19 14 17 32 17 11 4 4 2 3 5 5 20 27 30 38 40 44 48 49 35 9 16 40 26 14 14 20 25 22 41 17 23 21 14 17 25 17 32 12 11 30 24 16
72 37 58 37 15 58 30 17 25 19 43 19 39 25 22 27 13 6 10 9 25 40 14 6 9 19 49 31 15 49 32 26 48 44 40 18 32 62 63 35 22 38 39 61 60 52 30 37 37 18 17 18 29 22 10 4 13 4 7 3 5 6 6 29 48 59 68 61 63 76 54 49 29 6 42 54 16 14 16 25 22 26 39 21 38 36 9 16 23 16 17 8 11 9 11 20
73 58 11 16 14 42 17 21 34 36 32 35 35 35 13 21 10 4 15 15 22 17 5 12 9 31 32 17 43 14 28 55 46 27 28 39 49 71 61 30 28 46 40 49 46 33 47 52 33 34 29 14 26 26 17 6 5 6 5 3 6 6 13 20 18 13 50 61 66 74 73 48 9 29 45 59 25 3 12 43 22 44 22 32 23 47 8 24 28 15 21 7 31 8 17 7
68 20 15 22 22 27 6 19 28 39 20 45 54 29 16 11 13 2 8 4 17 17 4 9 10 49 9 40 47 14 59 53 24 19 45 40 22 72 58 16 26 36 33 42 52 43 37 39 27 20 27 12 10 22 11 7 3 2 4 4 8 12 24 25 33 25 47 69 75 62 59 9 20 37 54 62 43 12 26 31 24 25 25 31 32 38 6 11 26 20 27 14 13 8 7 11
