sesion_6_simulaciones/modelos_agentes/ejemplos_netlogo/scenarios/echam4_a2/rob_2073.asc
NCOLS 322 
NROWS 307 
XLLCORNER 451900 
YLLCORNER 4086900 
CELLSIZE 100 
NODATA_value -9999 
[rows 146 to 218 of 307, columns 0 to 95 of 322]
0 0 0 0 0 0 0 0 0 0 0 0 0 0 0 0 0 0 0 0 0 0 0 0 0 0 0 0 0 0 0 0 0 0 0 0 0 0 0 0 0 0 0 1 0 1 1 1 1 1 1 2 3 1 1 1 1 4 5 6 5 12 9 8 4 11 16 12 27 21 14 28 11 17 19 36 48 49 59 59 19 45 68 40 24 32 51 28 57 70 56 53 47 52 54 80
0 0 0 0 0 0 0 0 0 0 0 0 0 1 0 0 1 0 0 0 0 0 0 0 0 0 0 0 0 0 0 0 0 0 0 0 0 0 0 0 0 0 0 1 0 0 1 0 1 1 1 1 1 6 13 3 3 3 3 5 8 8 12 6 13 12 18 7 20 20 7 15 22 22 37 23 38 42 59 49 10 20 30 55 20 5 10 25 73 68 71 76 38 45 30 73
0 0 0 0 0 0 0 0 0 0 0 1 0 0 0 1 1 1 1 1 0 0 0 0 0 0 0 0 0 0 0 0 0 0 0 0 0 0 0 0 0 0 0 0 0 0 0 0 0 1 1 1 4 1 3 4 4 2 1 7 8 10 8 6 10 13 17 5 6 12 19 13 7 11 29 49 11 9 10 16 15 15 6 13 45 32 12 7 32 34 28 30 58 56 29 59
0 0 0 0 0 0 0 0 0 0 0 0 1 1 1 4 4 1 1 1 1 1 0 0 0 0 0 0 0 0 0 0 0 0 0 0 0 0 0 0 0 0 0 0 0 2 1 1 0 0 0 1 2 2 1 1 1 0 4 3 2 12 7 4 6 12 9 7 7 19 6 3 3 21 13 24 41 6 9 23 22 10 16 15 7 53 19 12 10 22 10 50 31 65 43 26
0 0 0 0 0 0 0 0 0 0 0 0 4 4 4 2 5 3 2 4 1 0 0 0 0 0 0 0 0 0 0 0 0 0 0 0 0 0 0 0 0 0 0 0 1 1 0 0 0 0 0 1 1 1 4 3 3 3 3 3 5 8 3 3 8 6 8 18 7 1 15 7 8 24 55 11 19 4 1 5 11 14 12 24 11 18 42 28 14 21 16 13 31 28 41 20
0 0 0 0 0 0 0 0 0 0 0 0 1 3 5 4 18 14 8 0 0 0 0 0 0 0 0 0 0 0 0 0 0 0 0 0 0 0 0 0 0 0 1 0 0 0 0 0 0 0 1 1 1 1 2 1 3 3 3 3 7 4 4 2 6 24 9 8 38 6 3 23 25 14 28 6 11 24 10 4 6 12 17 10 17 9 17 57 39 25 26 16 13 35 47 42
0 0 0 0 0 0 0 0 0 0 0 0 0 0 0 0 0 0 0 0 0 0 0 0 1 0 0 0 0 0 0 0 0 0 0 0 0 0 0 0 0 0 0 0 0 1 1 2 1 0 1 1 1 2 0 2 2 6 2 4 5 6 12 36 29 15 14 7 13 50 10 9 10 17 11 3 5 6 35 14 7 10 23 20 13 19 17 22 51 23 21 22 9 12 27 30
0 0 0 0 0 0 0 0 0 0 0 0 0 0 0 0 0 1 1 1 2 1 3 1 0 0 0 0 0 0 0 0 0 0 0 0 0 0 0 0 0 1 0 0 0 0 0 0 1 1 1 2 2 2 1 2 2 3 5 4 20 13 23 30 27 45 28 4 16 27 39 21 15 8 16 11 7 6 22 9 16 13 13 26 21 19 17 18 64 45 17 17 23 12 38 43
0 0 0 0 0 0 0 0 0 0 0 0 0 1 1 0 0 1 2 2 4 9 2 4 1 0 1 1 0 0 1 0 0 0 0 0 0 0 0 0 0 1 0 0 0 0 0 0 0 2 2 5 10 8 8 4 3 2 11 8 6 6 29 38 40 26 44 18 18 30 50 9 20 9 7 7 16 4 14 30 12 22 24 14 15 15 21 16 31 27 47 21 15 13 12 22
1 1 1 0 1 0 0 0 0 0 0 0 0 0 0 1 1 1 0 3 6 5 2 3 2 0 1 0 0 0 0 3 1 0 0 0 0 0 0 0 0 1 1 0 0 0 0 0 0 1 1 2 6 1 2 9 2 5 3 2 2 4 6 24 17 5 8 5 21 34 37 28 14 14 23 6 7 10 12 24 24 16 24 22 17 19 19 21 21 23 29 45 29 19 16 13
0 1 0 1 2 1 0 1 0 0 0 0 0 0 0 1 0 1 1 0 1 5 5 1 1 1 0 1 0 0 0 0 1 2 1 0 0 0 0 0 0 1 2 0 0 0 0 0 1 1 1 3 2 3 3 2 3 6 4 5 9 11 4 3 2 10 10 8 6 12 14 36 40 19 9 6 8 11 15 24 29 51 15 22 17 18 18 10 16 26 24 9 46 21 9 14
3 7 2 4 2 0 1 3 0 0 0 0 0 1 1 0 1 1 1 0 1 1 1 4 1 0 0 2 2 0 0 0 0 2 3 1 1 0 0 1 1 0 2 1 0 0 0 0 0 1 1 3 1 2 4 2 1 2 3 4 5 5 2 6 7 2 1 5 19 21 23 45 17 23 11 10 15 15 28 22 29 25 34 17 17 18 10 8 12 12 21 15 22 31 14 7
2 9 1 11 1 3 2 4 0 0 0 0 0 0 1 1 1 4 5 6 1 0 1 1 0 0 0 3 0 4 0 1 1 3 1 1 1 4 1 1 1 0 3 2 2 0 0 0 0 0 1 0 0 1 2 1 1 9 8 19 4 9 14 12 12 5 5 9 13 17 17 30 21 15 26 7 16 28 30 37 22 19 26 25 12 10 7 2 5 13 15 22 21 21 27 21
0 7 3 5 6 7 5 0 1 1 1 0 0 0 0 0 0 2 3 9 3 0 1 2 4 2 1 2 0 4 3 1 1 2 6 5 3 5 10 1 1 0 1 2 2 1 1 0 1 0 0 0 1 1 1 1 1 1 1 3 2 6 18 17 17 12 14 16 11 19 18 19 15 25 8 14 15 25 15 14 17 16 13 19 28 22 13 23 15 10 9 13 23 25 16 12
1 1 0 7 9 6 1 1 3 1 2 3 1 1 0 0 1 1 2 1 3 7 6 1 3 3 3 3 4 1 19 8 2 1 6 28 14 5 3 8 5 0 2 4 4 5 0 0 0 0 0 0 3 1 13 6 8 4 27 15 9 5 8 10 12 11 15 20 18 11 13 21 21 27 15 23 13 16 17 24 14 16 15 26 15 14 19 22 12 17 21 11 11 15 8 4
0 3 2 2 1 4 2 7 6 2 2 2 0 1 0 1 0 1 2 2 3 4 4 1 7 7 5 12 8 5 16 27 14 6 5 1 3 6 3 1 1 1 0 16 10 5 2 2 1 5 7 12 6 2 3 8 5 3 4 11 15 11 14 11 12 11 11 26 21 10 13 16 23 25 18 21 21 24 15 16 13 16 7 13 14 9 17 13 10 10 12 11 5 7 7 11
1 1 1 3 3 1 9 24 9 12 0 2 5 3 7 1 3 1 1 1 2 1 7 21 33 9 18 25 12 13 6 10 26 10 9 3 10 14 22 54 36 4 2 2 15 6 2 21 2 2 9 7 11 3 2 15 22 6 6 5 26 31 7 23 15 16 12 18 16 14 21 20 22 21 21 25 21 19 17 8 7 9 11 11 15 9 12 9 8 8 7 6 3 1 2 3
0 1 3 2 2 1 6 25 9 17 2 3 11 7 19 4 1 2 1 3 5 8 2 18 29 27 35 35 12 35 20 42 46 49 41 35 22 30 36 24 2 9 10 2 1 13 4 5 3 3 8 8 9 11 4 5 23 47 16 14 22 10 12 12 18 29 31 27 18 13 29 18 15 16 16 9 18 11 5 4 5 9 9 7 8 4 5 3 4 6 3 9 13 14 13 15
1 0 0 1 2 3 1 32 3 3 2 4 5 1 5 6 2 2 2 11 12 4 7 5 35 54 44 45 18 64 42 52 60 45 58 47 63 56 50 54 40 12 2 2 1 1 8 4 2 1 2 15 19 19 23 34 43 48 57 16 10 14 15 19 19 27 35 17 15 29 16 14 16 16 7 5 4 4 11 12 16 8 6 4 7 15 19 19 34 11 22 37 20 35 36 27
0 0 1 1 1 1 2 7 9 6 12 11 14 14 4 14 3 6 1 1 7 32 10 8 3 15 23 37 41 13 3 5 4 10 10 23 60 51 51 69 55 27 8 2 0 1 5 4 2 2 2 2 9 29 36 26 16 19 57 40 13 9 15 16 25 25 14 26 17 8 11 15 17 11 10 7 5 4 5 4 10 18 14 24 33 39 39 42 26 25 27 43 39 55 60 38
0 0 0 0 2 1 3 4 4 3 7 21 23 34 2 1 3 10 10 4 6 5 16 4 7 10 6 9 4 6 11 7 13 11 29 18 11 9 9 8 7 10 5 2 1 1 3 3 6 3 4 5 1 13 10 19 26 27 17 26 28 14 38 38 31 19 20 13 15 14 14 17 8 4 10 11 5 3 5 13 39 39 26 39 43 46 36 52 40 41 68 73 51 67 52 45
0 0 0 1 2 3 4 3 4 3 7 1 2 3 4 4 2 3 17 18 17 8 14 3 8 13 10 9 5 7 11 17 7 21 9 7 7 10 11 11 5 4 4 2 4 3 11 7 7 6 3 2 3 5 5 18 6 5 5 21 11 20 23 14 25 13 10 15 16 8 8 5 8 7 12 12 19 4 36 32 41 38 37 40 38 58 57 46 43 57 34 17 30 28 36 62
0 0 1 0 1 1 2 2 3 7 2 2 6 5 2 5 1 1 2 6 7 8 5 6 9 4 6 4 14 3 9 6 5 8 7 6 10 20 6 16 7 4 3 1 1 3 4 11 5 7 3 8 10 6 11 9 10 11 13 26 39 36 23 7 14 13 12 6 9 5 5 29 30 20 19 33 16 25 40 50 57 39 37 65 61 63 64 56 66 65 43 18 11 11 23 53
1 3 2 5 1 1 1 1 2 3 2 2 3 3 2 1 2 2 9 10 5 6 12 6 7 4 2 4 3 3 5 4 5 6 4 6 4 10 3 13 9 5 3 1 1 0 2 4 39 21 8 7 29 10 5 15 25 47 38 32 48 25 20 11 15 10 4 4 12 11 24 34 45 20 29 40 26 44 53 46 55 72 43 81 71 65 59 60 64 57 50 44 16 12 11 17
0 0 0 0 0 0 2 1 2 1 2 1 1 5 1 0 2 3 4 4 2 2 2 5 7 4 2 2 2 3 3 6 2 4 4 2 6 3 5 10 4 4 8 3 3 1 1 5 10 15 9 16 12 6 9 16 20 18 17 11 11 8 5 3 4 1 11 21 31 21 36 45 47 31 45 35 23 40 48 42 73 59 48 49 41 9 12 49 27 39 33 23 23 10 7 30
0 1 0 1 1 1 0 1 1 2 1 1 1 1 2 2 4 2 2 3 4 1 2 6 11 5 3 1 2 1 2 7 22 6 4 4 7 3 13 2 4 2 3 3 2 1 2 3 2 5 9 9 4 8 9 9 38 12 8 8 5 15 16 26 12 19 26 39 31 26 27 42 26 29 41 41 25 29 43 54 62 43 36 38 28 16 18 21 38 22 22 23 14 10 5 8
0 0 0 1 1 0 0 0 0 1 1 1 2 2 9 3 2 5 5 4 13 4 6 7 7 5 1 3 1 3 4 4 20 22 12 7 6 12 7 2 1 1 2 3 1 3 2 1 2 3 4 7 7 8 11 12 7 3 4 17 15 28 27 27 20 19 30 32 45 38 22 36 36 43 29 54 35 32 35 47 41 65 40 33 21 29 29 16 56 36 18 12 3 11 13 16
0 0 0 0 0 0 0 1 1 1 1 1 1 1 1 2 19 14 4 6 7 5 7 2 3 3 4 2 1 2 2 3 7 5 7 12 2 3 8 3 2 2 2 1 3 2 3 3 2 3 5 6 13 11 7 7 10 15 20 35 24 22 33 24 18 28 29 24 36 20 27 34 49 20 26 28 32 38 63 37 20 17 24 37 35 29 23 19 18 23 13 9 10 6 10 12
0 0 0 0 0 1 1 0 2 5 6 4 5 7 2 2 4 15 7 11 1 4 6 2 2 1 2 3 2 5 3 3 2 3 6 12 4 6 5 4 3 1 1 1 1 2 1 1 3 4 5 12 11 8 12 9 12 14 29 23 19 19 27 18 16 19 24 13 30 21 13 32 21 15 18 37 31 41 12 67 41 49 27 23 36 32 28 37 17 12 7 8 6 2 7 4
0 0 0 0 0 0 0 1 2 3 4 9 9 7 11 2 5 4 2 3 3 5 4 1 1 1 0 1 1 1 1 1 2 2 5 4 2 4 5 3 2 1 0 0 1 2 2 6 3 4 9 7 5 16 9 9 14 28 23 25 19 17 20 13 15 25 23 12 19 15 17 18 37 31 36 37 55 41 13 15 47 54 44 45 25 21 29 39 24 14 11 4 4 8 10 5
0 0 1 0 0 0 0 0 1 1 0 1 1 1 1 3 3 3 10 2 3 4 1 1 0 1 0 1 1 0 1 1 1 1 2 2 2 2 2 2 1 1 0 1 1 2 3 4 4 5 6 12 8 7 7 14 20 17 15 16 14 9 17 16 14 21 13 17 23 63 32 27 28 44 7 9 8 44 39 25 17 43 30 26 25 22 29 17 11 24 16 9 7 6 4 4
0 0 0 2 0 2 2 0 0 0 1 0 1 1 2 1 2 1 1 1 1 2 0 1 0 0 0 0 0 1 1 1 1 1 1 1 1 1 1 1 1 1 1 2 4 1 4 2 6 10 9 18 12 6 11 13 13 16 8 10 20 12 16 17 8 14 14 36 10 22 60 56 52 42 49 28 19 9 7 21 22 16 45 37 37 33 33 52 30 13 12 11 12 7 5 1
1 0 0 1 1 0 0 1 0 0 0 1 0 0 1 1 1 0 1 1 1 0 0 0 0 0 0 0 0 0 0 0 0 1 0 0 0 1 0 0 1 1 1 1 1 3 1 3 5 8 8 9 8 8 8 16 10 12 11 9 9 11 7 8 15 16 10 15 58 11 57 64 33 69 62 63 42 36 36 28 32 31 15 10 27 39 29 39 22 18 12 8 11 6 3 2
1 6 1 2 0 0 0 0 0 0 1 0 0 1 2 4 6 1 1 1 0 0 0 0 0 0 0 0 0 0 0 0 0 0 0 0 0 0 1 1 0 1 1 4 2 2 2 2 4 5 3 4 4 5 5 6 11 9 7 13 8 11 5 6 12 3 11 18 14 27 18 56 24 45 75 74 67 79 56 41 45 65 70 54 25 22 30 33 25 14 13 8 5 5 2 1
0 0 0 0 1 0 0 0 0 0 0 0 2 0 0 1 1 1 1 0 1 0 0 0 0 0 0 0 0 0 0 0 0 0 0 0 0 0 1 1 0 0 1 2 1 2 2 2 2 4 1 2 2 3 3 4 5 7 4 5 8 3 7 30 39 30 15 19 7 2 9 11 24 21 61 67 60 68 71 54 74 61 62 34 29 37 36 30 38 21 13 12 5 4 3 1
0 0 0 0 0 0 0 0 0 0 0 0 0 0 2 1 2 0 0 0 0 0 0 0 0 0 0 0 0 0 0 0 0 0 0 0 0 0 0 0 0 0 0 1 1 1 1 1 1 1 1 1 1 1 2 1 3 4 5 8 6 16 4 1 1 3 5 15 14 12 6 7 4 14 26 55 47 71 83 43 68 86 62 51 45 33 31 32 30 18 14 17 9 6 2 1
0 0 0 0 0 0 0 0 0 0 0 0 0 0 0 0 0 0 0 0 0 0 0 0 0 0 0 0 0 0 0 0 0 0 0 0 0 0 0 0 0 0 0 0 0 0 0 0 1 0 1 1 1 2 2 1 4 2 2 2 3 28 2 3 7 15 22 19 23 19 16 30 11 4 11 47 47 74 86 78 62 63 63 51 40 44 44 36 32 27 23 22 16 7 4 1
0 0 0 0 0 0 0 0 0 0 0 0 0 0 0 0 0 0 0 0 0 0 0 0 0 0 0 0 0 0 0 0 0 0 0 0 0 0 0 0 0 0 0 0 0 0 0 0 0 1 2 7 4 8 9 16 8 4 5 3 2 1 32 6 2 26 35 16 19 26 33 26 14 15 8 12 17 47 80 59 45 28 23 49 21 42 23 25 27 33 28 21 19 9 6 3
0 0 0 0 0 0 0 0 0 0 0 0 0 0 0 0 0 0 0 0 0 0 0 0 0 0 0 0 0 0 0 0 0 0 0 0 0 0 0 0 0 1 2 6 1 2 1 1 1 0 10 2 12 11 6 10 5 3 6 12 3 2 4 50 6 12 16 42 18 16 39 54 65 37 31 18 10 7 9 10 14 15 14 37 39 18 18 12 13 32 19 20 13 11 5 2
0 0 0 0 0 0 0 0 0 0 0 0 0 0 0 0 0 0 0 0 0 0 0 0 0 0 0 0 0 0 0 0 0 0 0 0 0 1 2 2 2 4 1 6 2 3 6 0 1 4 1 2 12 8 13 16 7 17 19 9 8 6 3 29 33 8 3 22 49 57 43 43 25 28 40 43 23 11 17 7 18 20 18 13 36 36 15 18 12 12 14 7 8 6 6 3
0 0 0 0 0 0 0 0 0 0 0 0 0 0 0 0 0 0 0 0 0 0 0 0 0 0 0 0 0 0 0 0 0 0 0 0 1 2 1 1 1 6 2 2 5 4 4 1 1 1 15 7 3 10 3 8 6 20 29 17 29 11 7 17 64 13 15 7 37 49 74 18 8 19 26 56 44 40 36 28 18 15 10 14 18 36 24 11 11 5 9 10 5 3 3 2
0 0 0 0 0 0 0 0 0 0 0 0 0 0 0 0 0 0 0 0 0 0 0 0 0 0 0 0 0 0 0 0 0 0 0 0 0 1 2 2 1 2 1 1 5 8 14 13 1 2 6 10 6 5 16 3 18 18 43 32 5 10 7 4 68 32 10 11 18 73 80 84 38 31 26 25 19 22 18 22 38 36 23 10 12 12 29 23 14 16 4 15 9 4 2 1
0 0 0 0 0 0 0 1 0 0 0 0 0 0 0 0 0 0 0 0 0 0 0 0 0 0 0 0 0 0 0 0 0 0 0 0 0 1 3 8 2 1 1 1 3 14 23 36 26 25 3 7 7 9 10 3 14 33 31 35 9 20 19 14 50 81 37 22 15 8 14 50 17 22 18 48 40 22 20 16 17 21 31 26 14 6 12 19 17 12 5 11 6 4 5 2
0 0 0 0 1 1 1 0 1 1 0 1 0 0 0 0 0 0 0 0 0 0 0 0 0 0 0 0 0 0 0 0 0 0 0 0 0 0 0 0 4 4 1 3 2 3 10 16 27 38 26 12 16 25 13 34 22 39 55 30 36 9 21 21 24 76 84 55 37 17 13 14 51 30 26 29 43 53 30 28 15 18 21 29 28 10 4 20 13 18 8 6 4 6 3 2
0 0 0 0 1 0 3 9 5 5 2 1 0 1 1 1 0 0 0 0 0 0 0 0 0 0 0 0 0 0 0 0 0 0 0 0 0 0 0 0 0 2 2 2 1 4 18 7 38 39 61 19 20 22 41 38 4 41 53 49 41 30 27 18 15 68 83 74 45 49 11 6 39 61 36 13 22 18 37 16 23 21 21 18 28 15 7 8 16 14 10 8 3 3 2 2
0 0 0 1 1 4 12 12 12 35 21 2 3 2 2 1 0 1 0 0 0 0 0 0 0 1 0 0 0 0 0 0 0 0 0 0 0 0 1 1 1 1 1 1 5 7 14 10 3 35 49 59 23 15 26 10 8 9 30 41 78 64 12 19 47 58 62 76 29 48 38 10 14 51 38 32 24 26 37 37 25 25 13 11 14 19 12 5 4 10 8 6 6 4 2 1
0 0 0 0 0 0 1 1 2 1 6 25 22 6 4 1 1 2 0 0 0 0 0 0 0 0 0 1 0 0 0 0 0 0 0 0 0 0 1 1 1 3 3 3 3 2 36 40 21 15 28 53 43 17 7 6 21 6 11 43 34 31 26 25 32 50 31 84 32 49 34 45 8 28 34 48 41 40 44 38 37 28 11 9 7 17 15 6 3 5 4 3 4 2 1 1
0 0 0 0 0 0 4 1 1 1 2 4 21 28 17 6 3 2 0 1 0 0 0 0 0 0 0 0 0 0 0 0 0 0 0 0 0 0 1 1 1 2 2 3 7 9 9 4 24 44 16 27 6 8 5 15 12 21 17 22 48 51 39 37 17 29 27 72 76 34 18 36 35 14 26 30 44 29 28 19 27 24 22 20 7 12 6 8 9 4 3 2 2 2 2 1
0 0 0 0 0 0 1 1 1 1 1 0 1 8 28 28 18 1 0 0 0 0 0 0 0 0 0 0 0 0 0 1 1 0 1 0 0 1 1 1 2 4 10 7 12 7 12 7 9 11 59 25 22 16 11 8 19 26 23 26 54 73 52 38 39 36 52 73 86 68 35 20 51 41 27 10 12 36 33 30 16 16 20 20 14 3 4 8 7 6 1 4 1 1 1 1
0 0 0 0 0 0 0 0 0 1 1 1 3 1 1 1 1 0 0 0 1 0 0 0 2 2 0 0 0 2 0 0 2 1 3 1 6 1 1 1 2 3 3 8 7 12 12 9 12 20 20 29 16 16 23 18 16 30 16 9 21 38 62 60 69 59 53 62 71 75 57 61 64 36 43 23 13 30 31 19 27 9 13 10 7 8 6 5 4 4 1 1 1 1 0 1
0 0 0 0 0 0 0 0 0 1 1 1 0 1 3 1 1 1 0 1 0 0 0 0 0 0 0 1 1 0 1 2 1 1 1 1 0 4 1 2 3 5 3 5 5 6 6 12 18 29 17 9 53 37 31 39 27 24 26 32 21 44 73 53 60 61 50 57 63 80 43 54 42 29 31 23 14 12 21 32 21 18 10 9 4 5 6 5 3 2 2 1 1 1 1 0
0 1 0 0 0 0 1 2 0 0 1 1 1 2 1 1 0 0 0 0 0 0 0 0 0 0 0 1 0 1 0 4 1 3 1 3 0 2 3 1 2 6 5 11 13 5 8 12 12 32 16 35 8 21 27 58 26 36 34 51 42 41 25 30 28 15 14 31 43 43 33 15 47 31 25 41 33 23 31 18 11 18 15 10 5 2 5 3 2 1 1 1 1 1 0 0
0 0 3 0 0 1 0 0 1 1 0 1 0 2 1 1 1 0 0 0 1 1 0 0 0 1 1 1 4 4 2 0 1 1 2 1 1 0 14 3 4 4 2 4 16 11 8 6 17 32 33 12 60 43 38 63 49 25 42 29 28 42 31 31 17 13 11 7 35 54 49 25 22 38 34 40 35 29 51 29 11 12 8 5 8 3 2 2 1 1 1 1 0 0 0 0
0 0 1 0 0 0 0 0 0 0 0 0 0 0 1 0 0 0 0 0 1 1 1 1 1 1 2 2 13 14 3 2 1 2 3 2 4 2 0 17 3 6 7 8 5 5 8 16 17 31 27 12 27 16 11 45 37 36 33 22 26 42 32 34 34 20 15 13 14 32 42 31 46 45 47 52 56 40 20 21 18 7 5 4 4 2 1 1 1 1 0 0 0 0 0 0
1 0 2 0 1 0 0 2 0 1 2 0 1 1 0 2 0 0 0 0 0 1 1 1 1 2 3 4 10 42 23 11 2 2 20 5 6 3 1 6 19 4 5 23 12 13 11 19 25 23 24 10 9 15 16 21 45 39 27 18 18 23 33 46 24 29 15 13 11 7 10 25 27 14 19 25 30 44 23 16 12 8 6 5 3 2 3 1 1 0 0 0 0 0 0 0
1 1 0 1 0 0 1 0 4 1 4 11 2 2 1 0 0 0 0 2 0 1 4 1 1 2 5 5 3 4 27 13 7 4 4 11 4 3 2 2 3 13 6 4 5 7 10 18 45 33 52 27 19 19 20 19 27 27 26 55 27 15 19 19 14 15 14 7 6 7 5 7 7 5 8 20 20 12 20 13 10 6 6 3 3 1 1 1 0 0 0 0 0 0 0 0
0 2 1 2 1 1 5 2 1 1 0 0 1 0 1 2 1 0 1 0 3 1 5 5 1 3 6 5 3 1 2 14 22 7 2 7 8 3 8 6 5 3 11 13 7 8 19 16 37 28 64 34 19 20 21 21 25 24 17 36 39 23 10 9 5 7 12 11 6 2 5 4 2 2 4 6 9 7 11 6 7 3 6 3 1 1 0 0 0 0 0 0 0 0 0 0
0 0 0 1 1 0 0 0 1 1 2 1 2 2 1 2 2 1 1 1 1 1 6 19 4 4 7 11 6 2 2 2 23 9 10 7 15 3 11 14 8 4 3 14 10 15 14 17 32 23 10 14 27 28 31 34 16 15 6 7 19 9 8 6 8 5 10 7 7 2 2 3 2 2 2 2 2 4 8 5 4 2 1 1 1 0 0 0 0 0 0 0 0 0 0 0
0 0 0 0 0 0 0 0 0 1 0 0 0 0 1 2 1 0 1 2 1 14 5 15 10 6 12 11 15 5 2 3 3 13 11 13 20 5 13 8 9 11 8 7 19 11 14 31 34 35 33 19 27 18 21 25 17 11 5 5 6 5 4 3 2 3 2 2 3 3 1 0 1 2 1 1 1 1 2 2 1 1 1 1 0 0 0 0 0 0 0 0 0 0 0 0
0 0 0 0 0 0 0 0 0 0 0 0 0 0 1 1 0 1 0 1 8 5 3 3 40 7 2 2 3 2 3 1 4 2 4 7 74 44 10 14 11 5 8 10 7 15 12 18 44 48 52 32 27 19 22 22 7 5 3 11 21 20 11 12 10 8 8 4 1 1 0 0 1 1 1 1 0 1 1 1 1 1 0 0 0 0 0 0 0 0 0 0 0 0 0 0
0 0 0 0 0 0 0 0 0 0 0 0 0 0 0 1 0 1 1 9 4 4 26 11 27 15 4 3 4 6 5 6 2 3 4 3 2 3 12 10 6 13 5 10 10 19 22 20 44 33 46 48 41 32 21 10 7 8 12 18 30 38 43 36 10 15 9 8 6 5 4 1 1 0 1 1 1 0 0 0 0 0 0 0 0 0 0 0 0 0 0 0 0 0 0 1
0 0 0 0 0 0 0 0 0 0 0 0 0 0 0 0 0 1 1 1 2 4 2 1 2 2 1 3 8 11 5 15 12 5 4 3 3 3 3 9 7 19 11 5 18 14 36 24 26 19 29 32 29 30 14 18 14 16 32 36 44 38 32 35 25 13 19 19 18 17 12 9 2 1 3 5 2 1 1 0 0 0 0 0 0 0 0 0 0 0 0 0 0 0 1 0
0 0 0 0 0 0 0 0 1 0 0 0 0 0 0 0 0 1 4 2 5 2 3 2 1 2 7 5 7 8 15 11 7 8 12 2 1 2 4 6 4 9 16 16 18 18 14 12 36 23 22 25 19 13 20 29 20 39 42 32 47 41 43 35 31 28 26 36 40 32 26 12 2 3 8 5 3 3 1 1 2 1 0 0 0 0 0 0 0 0 0 0 0 0 0 0
0 0 0 0 0 0 0 1 2 2 1 1 0 0 0 0 0 1 2 1 1 1 3 3 2 3 5 3 2 5 6 4 2 4 11 6 3 2 4 3 2 4 5 6 13 13 17 16 26 25 17 11 20 23 36 36 36 45 46 45 33 47 48 37 58 33 41 41 44 45 17 9 5 7 12 7 8 3 1 4 1 1 0 0 0 0 0 0 0 0 0 0 0 0 0 0
0 0 0 0 0 0 0 0 0 0 1 2 1 2 2 2 5 1 1 3 1 1 3 2 2 4 3 3 2 6 6 6 7 6 10 5 3 11 9 3 2 11 6 10 9 7 19 13 16 15 13 21 31 38 37 46 37 34 34 40 32 47 52 60 61 54 44 40 43 38 29 25 41 22 10 12 6 3 4 2 1 0 0 0 0 0 0 0 0 0 0 0 0 0 0 0
0 0 0 0 0 0 1 6 4 2 2 8 4 4 7 4 14 14 10 6 2 6 0 1 1 1 5 7 7 12 4 27 35 9 3 5 2 7 6 4 16 6 7 6 12 8 13 14 16 18 27 27 43 52 51 41 56 38 46 43 35 53 53 56 52 53 46 44 47 48 45 18 13 5 2 7 15 6 2 5 2 1 0 0 0 0 0 0 0 0 0 0 0 0 0 0
0 0 0 0 0 1 3 4 9 1 1 10 1 1 4 2 2 1 3 8 2 3 1 1 1 3 4 9 11 21 8 5 6 24 8 7 2 12 5 5 8 14 12 13 17 30 35 36 13 43 45 36 37 49 60 60 33 23 63 48 39 44 48 38 55 65 24 60 61 44 43 31 23 10 4 14 28 13 3 4 2 2 1 0 0 0 0 0 0 0 0 0 0 0 0 0
0 0 0 1 0 0 0 0 1 4 0 5 2 2 4 1 0 1 3 2 1 1 2 1 2 5 7 3 3 13 8 6 4 3 5 4 9 12 5 5 19 23 12 36 33 20 25 17 16 40 55 39 40 69 38 36 35 22 67 37 31 39 54 58 50 48 45 58 40 30 34 26 26 38 20 18 24 14 8 5 4 3 1 1 0 0 0 0 0 0 0 0 0 0 0 1
2 3 0 1 1 2 3 1 0 1 3 22 9 1 10 1 2 2 4 2 1 1 6 2 5 4 6 6 6 5 4 5 6 9 12 7 16 2 5 10 18 19 32 38 27 14 9 17 32 24 39 54 68 29 20 33 33 22 63 33 60 29 53 33 35 70 55 39 61 39 30 36 60 61 25 6 12 21 10 5 4 3 1 1 0 0 0 0 0 0 0 0 2 1 2 7
1 2 3 2 2 15 4 17 9 0 3 13 0 1 13 5 2 1 12 1 1 1 2 2 9 6 3 3 4 1 1 4 13 7 19 4 22 3 13 10 28 30 43 21 20 17 18 32 31 26 24 46 48 22 32 42 38 29 60 59 36 50 43 53 71 55 57 52 44 27 32 74 55 15 26 28 19 17 10 7 5 3 1 0 0 0 0 0 0 0 0 1 1 0 5 9
4 5 7 22 12 17 16 33 13 4 3 3 4 1 11 3 2 2 1 1 1 2 5 2 4 4 4 10 8 8 9 11 6 3 5 9 31 10 11 15 33 38 30 20 10 23 21 47 44 22 20 31 23 15 23 48 20 51 44 48 55 22 36 71 73 52 49 37 48 57 49 55 40 36 36 15 12 11 9 6 3 2 1 0 0 0 0 0 0 0 1 1 1 1 7 37
0 10 16 6 24 2 11 26 29 31 23 20 9 1 15 21 7 2 3 2 1 3 4 3 2 4 9 2 3 4 1 3 3 10 28 11 20 6 6 14 31 22 20 7 17 31 20 28 40 21 22 27 8 18 38 35 13 42 23 67 43 48 66 66 53 47 58 41 29 15 19 16 12 8 8 5 2 3 4 2 1 1 1 1 0 0 0 0 0 0 0 1 4 5 11 26
1 1 4 1 0 1 2 2 4 1 2 6 22 2 1 11 31 13 7 5 2 2 1 2 7 1 4 4 14 13 2 6 7 9 37 24 34 9 7 15 16 9 7 19 28 23 17 19 29 12 20 26 18 36 55 24 34 13 34 42 26 53 53 18 10 15 13 27 50 48 50 46 56 32 12 4 4 3 4 4 3 2 1 0 0 0 1 1 1 0 0 1 3 14 29 30
