sesion_6_simulaciones/modelos_agentes/ejemplos_netlogo/scenarios/echam4_a2/rob_2018.asc
NCOLS 322 
NROWS 307 
XLLCORNER 451900 
YLLCORNER 4086900 
CELLSIZE 100 
NODATA_value -9999 
[rows 75 to 149 of 307, columns 0 to 95 of 322]
0 0 0 0 0 0 0 0 0 1 0 0 0 0 1 0 0 0 0 0 0 0 0 0 0 0 1 1 1 1 1 1 2 7 22 30 16 15 40 28 7 12 13 7 3 1 3 4 3 4 6 6 5 3 5 6 3 3 2 3 3 7 26 29 11 13 24 20 16 7 11 21 19 14 23 69 36 17 14 45 49 50 53 40 19 51 49 22 20 15 19 32 33 24 18 57
0 0 0 0 0 0 0 0 0 0 0 0 0 0 0 0 0 0 0 0 0 0 0 0 1 1 1 0 0 0 0 1 0 2 8 24 23 36 25 14 16 41 15 7 7 4 3 3 2 5 10 3 6 4 5 2 10 4 2 1 4 23 15 27 27 26 36 33 41 24 20 8 8 7 19 65 72 34 20 13 39 51 37 18 18 64 60 57 46 15 9 8 36 43 32 46
1 0 0 0 0 0 0 0 0 0 0 0 0 0 0 0 0 0 0 0 0 0 0 1 0 1 0 0 0 0 0 1 1 2 12 8 12 14 7 8 44 13 15 12 18 20 7 1 4 7 7 5 6 5 9 4 4 5 2 5 11 19 17 34 22 31 38 41 42 44 41 39 36 25 12 21 47 42 32 11 34 62 24 15 46 68 26 59 51 36 18 36 51 49 40 31
1 0 0 0 0 0 0 0 0 0 0 0 0 0 0 0 0 0 0 0 0 0 2 0 0 1 1 1 1 1 3 3 4 6 10 9 5 9 13 27 20 34 12 17 20 43 18 14 19 11 11 5 6 5 3 2 5 5 11 15 13 9 13 8 22 34 37 53 49 42 42 54 37 34 16 6 7 20 25 17 27 31 25 30 60 31 24 15 16 39 31 36 27 36 39 35
0 0 0 0 0 0 0 0 0 0 0 0 0 0 0 0 0 0 0 0 0 0 0 0 0 0 1 0 0 2 2 5 25 41 56 47 26 9 22 27 27 46 29 8 10 13 35 38 51 52 40 23 14 12 8 4 4 7 15 15 6 7 9 8 9 16 14 8 17 42 48 41 39 41 28 22 13 23 10 8 19 29 27 40 56 27 38 27 15 28 33 47 65 51 42 42
0 0 0 0 0 0 0 0 0 0 0 0 0 0 0 0 0 0 0 0 0 0 1 1 0 1 0 0 1 4 3 3 4 22 55 70 27 11 15 37 30 22 42 27 10 9 16 36 63 70 82 82 73 32 25 15 13 15 11 15 12 9 7 3 18 19 13 20 21 38 50 37 43 45 39 23 21 10 7 1 10 27 26 39 35 37 20 18 17 23 53 53 59 33 35 53
0 0 1 0 0 0 0 0 0 0 0 0 0 0 0 0 0 0 0 1 0 0 2 19 3 1 0 0 1 6 4 4 2 4 8 41 31 14 10 24 40 61 30 49 41 19 13 5 4 11 33 44 59 71 58 33 17 9 12 11 7 16 8 31 7 4 10 8 12 24 23 53 44 47 47 29 9 1 5 3 8 17 15 42 25 33 48 47 26 17 12 8 26 17 20 29
0 0 1 1 1 0 0 0 0 0 0 0 0 0 0 0 0 1 1 19 20 23 39 13 35 12 4 1 0 0 2 9 9 16 18 8 6 5 4 17 20 16 23 45 28 24 27 18 6 2 1 3 9 37 35 64 40 23 10 41 53 30 22 10 37 21 8 14 5 5 23 40 55 41 27 26 17 11 11 22 9 6 23 52 21 39 45 45 42 42 22 9 7 17 36 48
0 0 0 0 1 1 0 0 0 0 0 0 0 0 2 1 2 15 20 35 4 14 5 2 4 4 5 0 5 7 3 7 6 4 10 12 6 5 16 23 43 45 18 12 8 9 10 8 2 5 6 2 10 8 10 22 39 31 56 55 22 11 12 18 33 11 11 16 20 17 62 54 55 38 32 35 38 42 26 14 20 15 41 47 28 58 62 82 59 58 55 39 8 6 6 6
0 0 1 2 0 0 0 0 0 0 0 0 0 0 1 2 3 10 2 6 6 3 2 2 1 3 3 6 18 18 26 3 5 13 26 15 6 17 22 23 37 49 44 31 3 2 4 6 5 3 2 15 43 29 26 21 14 35 66 28 19 18 10 11 24 19 25 18 42 49 39 40 41 38 38 37 41 34 41 13 16 13 20 19 28 64 25 49 53 71 40 42 36 15 8 5
0 0 0 0 1 1 2 0 0 0 0 0 1 0 2 2 3 3 1 2 2 8 1 0 1 1 6 1 1 1 3 2 7 22 13 17 6 46 30 32 49 44 54 44 23 27 34 26 29 34 26 34 47 41 30 20 28 26 22 24 25 39 35 23 17 9 8 42 38 26 32 28 56 33 29 58 45 35 34 21 16 10 9 23 5 37 28 57 54 68 75 75 49 25 11 7
0 0 1 2 1 0 0 1 0 0 0 0 0 1 1 0 1 1 1 0 3 1 0 2 6 4 3 1 2 2 4 5 10 13 11 16 11 28 26 49 57 32 52 36 24 33 41 28 24 36 40 21 30 35 31 32 41 21 26 36 50 38 20 17 19 18 17 10 15 23 13 30 15 10 53 42 30 30 53 34 34 16 8 13 26 31 25 24 54 48 35 38 54 16 11 6
0 1 1 1 1 2 0 2 0 0 0 0 0 1 1 0 0 1 2 3 1 5 4 13 16 14 15 32 20 6 2 2 6 3 7 4 15 24 29 45 40 21 11 19 19 30 45 8 21 32 28 34 36 50 37 28 31 17 28 33 46 21 21 14 24 25 41 51 50 32 36 23 25 17 15 13 37 46 20 29 27 18 14 9 12 11 17 26 33 40 7 19 26 27 9 5
0 1 2 1 2 1 0 0 0 0 0 0 0 0 3 0 1 2 4 2 5 3 4 6 43 35 35 38 17 35 33 28 14 3 2 8 7 23 18 32 20 12 30 19 38 45 51 16 29 51 26 24 38 61 40 15 26 17 29 42 26 5 3 13 34 14 8 21 52 26 35 31 20 23 30 19 20 27 22 17 10 14 23 18 9 8 6 4 10 10 4 16 7 23 14 8
0 1 1 1 1 0 1 1 0 0 0 0 0 0 0 2 1 8 2 2 8 2 4 24 30 51 50 48 33 35 37 45 15 33 20 14 5 4 9 5 7 18 21 22 30 33 38 13 17 43 20 40 17 56 55 14 27 14 52 26 19 21 23 37 33 10 6 4 62 33 36 23 20 17 17 40 41 54 46 45 56 33 15 9 23 23 17 13 4 2 5 12 13 4 9 6
0 1 2 1 0 1 2 0 0 0 0 0 0 0 1 7 9 1 4 6 2 1 20 41 58 12 52 55 30 47 46 50 35 52 31 46 37 18 5 1 6 11 12 7 24 42 18 22 25 25 20 43 28 57 6 39 49 26 35 11 8 34 44 28 18 16 9 6 19 76 69 41 24 54 49 45 68 57 25 30 47 38 50 42 34 30 22 18 11 4 2 9 8 3 1 1
1 1 2 0 0 0 0 0 0 0 0 0 0 9 4 2 7 17 6 6 11 6 2 31 49 28 13 63 69 35 19 65 40 62 56 75 47 21 24 5 14 22 20 3 5 10 14 10 14 22 61 66 75 52 66 36 11 35 8 5 8 33 23 9 6 8 35 31 14 12 46 33 71 89 72 54 31 26 67 35 8 32 48 37 22 23 21 16 11 3 2 2 1 1 1 4
1 0 1 0 0 0 0 0 0 0 0 0 1 1 1 18 17 17 16 5 5 7 2 33 10 42 41 42 82 54 13 14 12 25 31 57 39 50 64 42 25 10 33 51 46 48 44 24 36 73 85 65 34 40 72 80 51 16 23 23 16 35 17 14 16 17 13 12 28 14 16 19 13 19 14 56 34 30 18 33 43 15 17 46 24 21 17 11 10 10 3 1 3 6 2 4
1 1 0 0 0 0 0 0 0 0 0 0 1 3 2 1 17 29 52 29 3 37 10 7 4 17 10 3 36 41 71 27 8 8 40 15 32 64 37 28 43 19 31 59 70 60 46 62 74 74 85 76 46 80 76 87 58 72 55 45 36 39 9 12 11 14 6 19 16 8 9 4 13 12 11 24 21 26 18 17 25 43 20 20 21 18 7 9 3 2 4 7 8 1 1 1
2 0 0 0 1 1 0 0 0 0 0 0 3 9 4 5 3 32 12 23 14 17 12 14 5 30 11 9 4 42 78 54 16 14 14 39 20 41 78 31 67 15 39 76 76 69 60 84 80 92 86 70 65 91 84 87 73 79 73 40 37 38 9 13 9 16 32 56 33 22 13 35 39 31 22 12 16 29 31 20 10 10 26 23 15 6 7 2 2 9 11 7 10 9 4 2
3 0 1 0 0 0 0 0 0 0 0 0 4 4 8 4 7 8 11 15 19 29 6 13 10 21 23 7 5 16 54 69 43 32 11 23 5 20 72 29 57 23 42 69 66 65 84 85 81 88 85 58 71 71 74 70 68 83 32 22 59 25 21 17 24 18 29 47 40 26 64 25 11 19 21 30 64 59 52 36 24 14 12 14 7 3 8 7 8 11 22 15 6 3 4 3
2 1 0 0 0 0 0 0 0 0 0 3 5 5 2 5 11 4 4 6 8 12 6 14 30 13 35 22 16 5 41 71 13 14 21 25 7 51 67 65 73 74 46 52 68 74 92 86 70 84 69 28 55 20 34 63 79 72 43 78 74 64 42 17 19 24 36 35 31 58 24 35 42 18 24 54 42 27 50 53 46 15 6 4 3 5 10 23 22 24 21 22 8 7 6 11
5 3 0 0 0 0 0 1 0 1 2 4 31 9 4 6 6 8 14 10 3 2 9 35 47 49 29 40 24 11 40 64 17 13 44 42 16 45 26 62 80 91 60 60 59 65 89 84 40 61 25 36 23 10 4 9 54 74 77 79 61 79 26 21 60 69 35 14 33 28 36 56 25 57 60 19 41 64 47 58 41 36 26 9 13 17 30 32 41 25 39 28 19 19 15 21
6 11 2 0 0 0 1 0 0 1 1 1 17 39 8 16 7 17 23 24 29 15 18 29 34 46 40 58 42 36 21 44 23 26 32 17 23 52 28 35 50 84 74 72 59 60 86 92 79 64 38 22 6 7 2 6 10 7 82 74 70 31 20 57 36 52 43 28 26 19 56 42 63 43 33 21 22 16 42 47 60 56 35 21 25 42 40 34 51 20 63 25 25 23 16 16
0 27 16 2 0 0 1 0 0 1 2 6 5 7 32 36 6 13 32 28 29 20 28 54 59 68 66 57 54 57 11 35 55 40 32 25 25 34 19 8 20 77 30 35 31 35 80 83 69 40 30 37 30 28 14 18 6 23 15 16 20 26 52 57 46 28 29 21 30 37 35 48 36 29 17 12 17 39 46 60 60 59 37 37 30 41 52 25 51 39 67 38 33 14 22 29
0 1 20 6 2 0 1 0 1 1 2 6 9 6 25 7 49 14 10 13 21 14 6 9 18 38 44 26 53 55 30 60 77 61 33 60 33 38 33 12 50 69 66 40 41 38 15 32 53 13 29 43 38 34 50 32 19 44 29 45 37 23 50 53 36 23 30 18 43 23 11 15 47 42 36 31 42 52 52 57 52 59 50 44 44 38 49 40 69 67 16 39 42 37 36 22
0 0 1 3 5 1 1 0 2 1 2 4 6 2 3 15 16 52 19 20 10 27 24 26 43 50 47 29 13 14 16 57 59 45 63 68 76 71 26 23 62 48 82 67 59 45 39 12 6 14 41 45 39 38 27 50 55 41 37 38 52 49 62 53 31 21 20 33 46 15 8 21 22 33 37 56 49 54 54 56 52 47 42 55 55 40 40 43 56 10 25 40 28 9 6 14
0 0 1 3 6 1 3 0 0 0 0 6 8 10 14 12 10 11 17 22 31 45 37 42 50 67 49 53 40 17 11 7 41 65 69 43 86 73 49 71 76 35 75 53 84 75 36 16 10 7 26 43 40 38 52 34 61 53 52 40 62 64 78 75 41 19 14 15 33 13 11 15 9 11 11 48 42 43 47 49 48 40 44 56 30 58 48 66 27 21 41 38 35 21 17 28
0 0 0 6 9 1 3 1 0 0 2 6 18 13 7 7 8 16 15 17 35 38 65 53 56 46 68 56 29 31 27 23 12 37 61 25 35 28 76 58 55 21 79 51 28 13 30 21 25 14 21 43 57 52 47 34 27 39 11 19 44 35 57 56 8 19 24 13 26 30 40 34 15 27 32 14 44 44 47 46 35 59 29 13 32 67 38 56 26 12 20 24 24 22 31 36
0 0 0 5 5 7 2 0 0 0 2 2 5 5 27 25 15 10 8 11 12 25 63 65 34 29 34 42 48 46 35 37 24 11 10 29 16 30 78 31 25 35 62 29 28 21 42 30 27 22 12 29 39 47 38 30 30 27 16 28 29 21 22 15 20 19 21 18 23 38 41 15 35 40 32 29 52 47 46 37 70 28 27 38 38 54 41 31 31 5 7 23 24 38 39 55
0 0 0 4 7 6 2 1 1 4 3 5 4 5 8 8 28 29 44 44 28 31 29 20 11 5 19 36 45 32 46 53 22 13 4 8 23 58 45 42 12 63 75 44 44 44 40 45 47 13 18 28 28 30 24 32 30 14 24 12 21 11 21 43 40 16 25 27 36 34 36 34 21 50 28 31 43 35 40 61 34 28 40 27 47 21 43 48 49 24 16 21 36 38 24 54
0 0 0 5 9 6 3 2 3 1 3 2 7 18 15 34 28 38 44 33 31 47 27 19 22 21 7 15 25 16 18 15 11 22 24 27 45 36 52 32 35 44 62 64 57 46 22 24 27 11 9 32 43 54 56 42 30 18 34 52 51 35 28 34 17 10 46 46 29 26 21 78 68 47 39 25 24 27 32 53 24 36 35 15 35 30 45 55 38 54 36 43 34 51 43 50
1 0 0 0 20 17 7 1 1 1 3 12 14 58 37 65 39 21 34 49 50 46 51 29 20 20 18 10 15 16 9 11 20 31 36 40 18 23 31 33 28 11 19 45 48 28 8 12 12 13 22 25 25 26 24 26 33 15 56 56 40 44 17 16 22 16 40 82 77 59 49 41 72 80 52 36 34 38 53 34 9 44 16 27 32 51 23 25 29 41 58 48 72 47 24 27
1 0 0 0 5 9 6 2 1 3 2 9 8 17 52 46 55 62 48 52 43 31 47 24 13 11 6 5 4 5 13 16 27 30 17 34 33 32 26 19 8 17 36 12 47 40 33 29 21 9 10 12 13 41 37 37 33 12 17 25 31 28 45 31 40 43 26 65 74 69 23 45 53 36 72 67 33 37 39 34 45 54 24 74 54 45 41 51 41 46 61 65 36 31 26 14
0 0 0 0 0 20 26 3 3 2 5 6 6 10 8 9 5 11 32 45 45 41 51 55 30 18 22 16 8 5 9 4 7 14 14 26 29 20 27 11 7 26 17 20 46 33 34 27 25 14 11 12 15 35 53 11 20 21 40 40 32 54 49 58 67 42 46 31 64 46 58 31 32 38 38 61 54 60 50 56 33 47 51 69 57 64 55 31 40 82 54 30 48 35 39 34
0 0 0 0 0 3 9 1 2 1 3 6 18 16 33 27 13 7 17 42 51 69 72 70 61 24 15 6 3 5 6 2 2 3 8 9 15 18 13 14 18 24 10 32 9 6 14 17 19 16 17 25 16 33 29 29 26 42 50 21 46 44 29 34 86 53 46 26 12 60 74 42 52 25 58 72 59 79 64 57 50 47 29 58 79 60 67 60 58 71 69 45 58 60 60 38
1 0 0 1 0 0 10 4 2 2 1 13 9 16 36 23 18 41 21 50 78 60 39 47 51 28 20 18 7 1 5 7 11 5 2 6 18 17 4 11 28 33 32 33 12 8 14 31 31 33 19 39 32 37 29 26 27 19 19 50 39 20 20 30 30 62 40 34 16 31 53 83 75 32 14 55 33 70 27 17 48 77 17 45 19 53 57 78 83 71 82 59 59 64 62 59
1 2 1 0 0 1 7 24 2 4 6 9 7 7 8 22 53 46 35 19 18 50 61 46 44 35 43 49 25 10 10 20 15 14 14 5 5 9 8 13 13 25 25 26 21 17 32 38 25 21 24 18 34 30 28 37 48 58 41 22 45 27 19 52 24 49 54 32 19 16 49 68 69 57 34 43 13 63 42 24 6 43 42 42 41 69 39 45 24 18 58 43 49 81 64 77
0 0 2 1 0 1 7 1 1 2 4 11 22 9 15 35 42 42 37 31 22 8 46 72 56 50 43 47 48 20 19 26 14 16 26 29 9 4 4 10 20 19 13 38 23 24 18 48 48 28 38 16 30 58 76 71 47 33 30 31 34 68 46 17 52 23 50 44 28 9 50 57 52 68 30 43 16 60 74 29 17 56 22 41 34 12 48 37 15 28 77 49 29 63 81 81
2 0 0 2 0 1 9 1 1 1 1 7 17 11 7 19 29 41 40 51 43 34 15 33 40 39 14 16 34 19 16 16 10 9 12 18 11 7 5 13 12 7 8 8 30 32 21 30 22 14 13 41 29 22 21 17 22 17 32 44 32 48 58 28 27 51 12 58 43 13 31 62 44 64 36 36 20 63 33 32 10 72 42 32 46 34 20 35 27 38 63 78 36 37 70 73
4 2 0 0 1 1 6 2 2 1 1 1 9 8 8 15 17 21 48 64 61 38 25 11 9 5 14 8 2 4 14 2 4 9 15 10 12 15 11 8 20 19 25 21 31 32 22 22 16 19 36 46 44 58 35 51 51 44 30 51 24 31 42 44 24 70 42 47 68 27 15 33 64 36 64 31 23 60 48 67 55 60 82 46 42 38 18 46 33 19 41 82 50 25 25 66
12 1 1 0 3 2 7 5 2 3 0 1 1 8 18 13 31 27 40 45 47 34 20 27 14 14 13 6 1 2 7 6 5 7 6 9 15 13 7 11 26 23 21 20 13 23 29 25 21 52 40 62 48 44 44 65 64 53 52 55 43 47 29 42 24 61 53 29 66 50 11 33 51 34 74 36 42 36 47 39 65 43 78 59 24 40 37 62 28 18 20 57 50 24 41 34
6 3 1 1 2 1 3 1 2 2 2 0 6 8 8 12 23 27 34 38 36 37 30 24 37 25 24 12 4 2 2 1 1 7 7 4 14 11 4 4 16 17 13 11 21 15 14 15 10 35 57 59 59 44 29 41 70 41 61 60 60 62 32 15 19 19 37 24 42 54 29 23 21 67 51 45 65 38 48 70 60 36 48 74 36 37 21 20 19 25 23 62 47 49 30 11
17 9 5 2 1 2 1 1 2 1 2 5 3 16 12 11 47 42 64 61 46 68 47 47 22 24 25 23 17 2 1 2 12 9 24 22 15 23 19 13 15 14 14 12 11 11 12 19 16 15 15 23 19 36 50 66 73 37 88 77 31 67 48 51 49 22 13 8 23 38 21 34 20 45 13 44 80 65 40 54 65 60 49 81 27 32 27 17 18 8 27 46 46 21 14 16
7 11 12 4 2 3 2 0 3 0 3 2 2 13 18 20 11 29 23 12 22 11 16 26 42 50 28 27 36 9 3 19 17 19 8 6 13 10 8 30 27 8 18 27 24 21 36 39 23 40 43 22 34 57 50 64 51 68 67 70 37 61 71 48 60 70 62 35 13 37 39 54 47 30 33 49 70 74 53 46 47 55 41 75 70 44 10 12 13 23 38 47 60 27 13 7
1 3 7 7 13 2 4 2 1 1 3 3 1 9 33 39 32 18 37 26 18 31 26 39 62 37 40 42 42 34 14 62 26 9 13 8 28 30 30 37 56 28 39 40 39 42 25 39 34 39 42 30 19 44 25 31 68 74 59 61 67 74 80 71 28 62 56 52 31 16 22 42 12 29 36 47 66 49 65 60 38 26 34 76 67 39 39 10 16 31 25 51 45 42 31 20
9 1 1 3 2 4 3 2 2 6 8 5 5 10 9 8 10 23 12 51 30 36 39 43 41 40 55 43 44 33 33 64 22 25 22 16 23 29 32 50 57 31 38 47 39 43 15 22 47 30 32 38 18 11 11 11 46 57 66 73 70 66 69 83 57 38 50 40 25 11 4 9 18 17 31 48 56 73 50 28 18 17 71 59 63 34 22 22 12 17 28 49 18 11 13 37
32 11 4 2 6 2 3 2 4 10 4 5 13 6 31 7 4 12 18 41 55 52 17 26 33 47 49 26 57 50 60 41 37 40 14 9 15 32 65 60 25 26 28 58 60 43 23 22 19 53 37 31 41 29 15 8 18 17 17 41 37 38 58 74 69 42 17 6 7 10 7 7 10 14 24 24 56 45 33 16 5 12 62 45 60 48 25 21 7 24 36 59 54 42 17 8
8 15 10 3 9 5 1 0 2 3 1 14 7 10 40 6 14 11 35 54 33 23 7 35 19 9 38 21 57 65 55 53 55 26 13 25 39 39 64 45 29 48 31 34 55 28 27 33 16 40 32 22 35 18 29 19 16 25 25 9 16 31 36 46 48 22 16 24 18 28 14 9 10 15 15 8 32 22 23 10 8 3 17 11 25 54 22 26 7 32 52 42 31 27 32 11
9 2 2 6 5 10 2 1 2 3 1 8 8 18 7 34 23 28 22 21 25 8 32 28 24 14 30 24 51 38 40 36 43 17 32 43 48 38 52 42 37 48 38 35 54 30 34 33 25 59 42 32 46 43 37 29 45 43 51 31 20 22 8 14 7 8 22 35 35 34 27 14 11 7 7 8 12 13 10 8 8 4 5 5 14 22 7 19 6 23 47 45 23 12 59 41
7 9 10 3 3 2 2 3 2 2 2 1 10 19 5 47 42 18 28 18 31 14 16 28 25 29 60 41 49 30 40 44 17 36 40 58 46 41 68 29 44 57 33 44 50 64 28 47 27 57 45 47 43 59 32 43 42 55 43 47 44 47 22 17 18 12 34 25 26 16 7 5 25 12 7 4 4 11 6 4 3 2 3 8 11 10 8 12 6 49 56 60 58 17 5 10
3 8 7 8 4 6 5 3 1 3 6 4 30 39 26 5 33 27 21 34 36 19 28 52 38 35 61 30 23 13 20 27 33 65 42 39 46 19 51 31 43 39 48 43 33 39 39 50 59 61 59 58 48 54 50 61 64 45 53 43 60 33 20 40 11 20 21 27 12 9 14 31 25 19 17 17 4 2 6 4 4 5 3 9 4 4 18 4 12 44 40 45 69 29 27 6
15 6 5 8 4 1 2 5 2 2 2 5 3 18 20 6 9 25 16 28 20 19 27 51 43 66 43 31 20 18 31 57 28 37 61 46 32 41 52 21 44 39 23 30 30 50 22 36 34 13 33 19 41 56 65 67 74 60 35 53 40 43 36 25 54 18 23 23 25 52 35 22 11 9 12 14 13 15 14 12 14 12 4 4 4 9 21 9 18 29 12 30 72 43 46 21
15 18 14 14 6 2 1 4 5 7 6 3 2 13 9 11 23 15 18 21 25 27 23 20 27 19 25 32 29 39 36 51 23 34 58 36 30 31 25 35 39 40 31 42 55 45 23 47 64 38 54 44 63 71 59 43 50 63 59 43 51 49 63 46 58 43 40 38 51 13 8 10 10 4 2 3 11 8 13 15 13 10 7 2 2 9 22 6 8 4 8 34 80 30 50 33
2 3 5 13 20 21 9 3 10 23 21 10 7 3 2 19 14 11 38 44 64 60 57 36 60 25 21 34 44 33 40 27 23 39 57 45 34 26 23 32 37 72 47 29 46 47 55 25 56 68 77 61 71 82 67 44 57 46 35 37 36 39 66 44 44 52 44 51 17 15 17 21 35 18 14 9 3 10 16 22 13 3 2 3 1 7 14 7 6 6 9 64 60 20 33 69
4 2 3 9 13 14 26 25 12 8 13 4 2 3 2 6 16 23 32 30 51 77 68 40 39 58 68 61 54 29 70 45 40 37 42 40 25 25 47 39 52 16 40 67 33 55 60 46 34 70 70 77 39 66 58 57 46 63 54 53 51 56 23 51 60 62 61 23 26 25 35 50 31 30 38 16 6 14 21 19 4 2 1 4 2 6 2 2 7 8 22 64 30 46 21 63
16 14 6 5 13 5 7 15 7 11 5 4 4 3 11 5 17 17 37 46 23 59 62 77 81 82 72 76 65 40 55 46 33 40 51 64 54 72 76 63 61 65 49 77 41 48 75 71 30 25 15 67 66 35 62 43 29 78 67 60 36 48 54 59 62 62 45 48 44 52 38 20 27 20 17 12 21 13 6 7 2 1 1 2 1 3 2 3 3 3 9 43 16 27 6 19
12 21 15 8 10 6 2 4 2 1 2 2 2 3 7 5 2 9 46 69 36 12 54 82 65 81 66 81 81 85 78 81 79 80 57 71 24 66 80 56 66 82 50 70 78 43 70 42 77 53 29 77 59 52 56 51 80 79 44 68 39 22 43 46 43 51 38 26 22 26 22 23 14 19 18 25 23 11 2 1 2 1 1 1 1 1 1 3 3 11 20 35 9 10 9 7
8 12 39 5 33 37 14 15 8 7 6 9 11 15 13 6 12 12 11 50 36 11 10 30 30 24 56 67 73 76 74 69 76 73 53 66 72 61 63 75 48 79 76 40 64 55 73 44 66 80 45 49 51 29 22 70 61 59 44 60 59 30 36 34 56 46 46 49 48 45 45 25 30 19 30 26 9 4 2 1 0 0 0 1 1 0 1 2 2 5 15 18 2 4 4 6
18 11 7 37 44 51 33 40 30 22 7 18 26 25 10 11 22 14 31 10 5 5 19 10 13 25 50 45 51 64 67 71 47 56 53 70 69 67 69 69 59 66 62 56 59 60 67 73 25 58 46 19 61 13 32 66 48 19 53 24 31 71 23 25 41 42 51 51 50 38 32 28 33 53 40 19 7 2 0 0 0 0 0 0 0 0 1 1 1 3 7 4 3 1 5 7
5 16 28 28 38 44 19 20 43 12 25 10 19 29 10 23 23 16 31 45 31 25 17 18 16 21 8 11 15 17 16 15 25 32 17 14 18 16 15 17 14 18 16 25 27 19 21 64 47 31 65 17 35 29 33 41 13 13 25 28 61 56 34 28 39 47 49 35 27 49 59 50 42 32 21 13 4 1 0 0 0 0 0 0 0 0 0 0 1 1 2 2 2 1 2 2
24 35 46 39 25 14 20 20 38 8 30 19 15 28 18 26 25 20 28 11 15 40 30 19 35 27 16 19 29 35 25 24 51 46 36 38 24 28 30 33 32 35 45 36 44 29 40 17 16 14 27 23 24 24 25 15 24 40 42 46 54 36 24 33 45 41 45 51 60 57 56 30 13 8 3 2 0 1 1 0 0 0 0 0 0 0 0 0 0 0 1 1 1 1 0 1
52 64 55 25 18 9 14 22 13 20 9 11 6 26 7 15 15 10 10 43 30 10 17 14 25 16 8 33 24 21 35 35 16 13 12 27 22 20 28 20 28 44 44 27 22 33 23 37 23 18 8 6 3 3 6 12 28 33 38 43 17 18 24 41 41 32 26 20 31 38 36 26 11 5 1 1 2 2 3 2 1 1 0 0 0 0 0 0 0 0 0 0 0 1 1 0
15 19 16 39 25 14 12 4 4 10 8 17 11 22 10 17 27 7 6 6 34 37 28 27 17 17 13 17 31 39 23 9 18 13 14 18 21 29 30 33 25 23 27 15 13 10 11 12 20 25 27 31 11 6 9 10 16 22 23 13 14 26 26 49 35 20 23 18 14 12 6 8 8 2 1 3 4 3 1 0 0 0 0 1 1 2 1 1 0 0 0 0 0 0 0 0
24 22 31 11 4 4 8 2 17 2 8 6 4 6 14 5 8 20 20 15 18 51 42 28 28 12 15 31 42 11 11 17 12 24 20 11 12 18 18 18 15 15 26 25 31 23 22 27 35 22 21 20 15 11 17 16 17 18 22 23 5 24 25 31 50 41 37 37 16 9 4 3 1 2 3 6 12 4 1 1 1 1 1 3 2 2 2 2 2 1 1 0 0 0 0 0
41 35 23 16 12 4 5 6 7 2 10 9 4 3 5 5 13 20 20 5 21 39 45 39 35 9 35 49 22 7 13 10 19 13 17 15 17 21 19 22 10 23 28 28 18 23 28 23 21 14 16 8 27 22 36 30 20 17 12 9 14 20 24 17 58 59 25 35 22 14 6 4 2 4 9 12 4 1 2 2 2 4 2 4 5 5 6 3 3 2 2 2 1 1 0 1
19 14 19 11 4 15 38 48 28 13 20 9 1 0 3 2 2 5 5 13 32 34 13 27 29 33 42 60 31 15 20 18 19 36 23 29 25 29 14 16 27 36 29 32 31 40 32 13 27 12 22 25 31 24 40 22 43 11 17 8 24 43 18 46 68 41 34 16 11 8 4 2 2 5 10 8 2 4 4 6 9 7 9 14 12 9 8 5 8 8 3 7 2 1 1 1
12 15 5 5 22 56 45 32 48 57 13 23 10 2 1 5 7 9 9 24 38 27 24 53 30 48 40 11 13 9 16 28 18 28 55 29 29 34 36 39 31 32 29 27 28 22 34 23 20 24 33 31 32 29 39 30 44 29 15 7 12 31 41 50 39 42 17 13 10 4 3 3 5 2 12 4 8 8 16 18 25 16 18 27 23 11 19 16 14 8 7 6 4 3 4 4
4 7 7 11 14 41 51 53 71 58 38 29 43 25 9 5 6 3 21 20 7 9 23 44 23 10 16 19 33 40 28 21 46 22 45 45 44 56 36 38 19 39 16 13 16 22 23 40 35 31 28 51 19 31 44 39 17 14 16 12 4 17 15 17 24 35 22 26 10 2 7 7 10 8 44 15 17 18 31 28 38 26 28 43 22 19 33 42 27 20 11 9 7 11 9 4
7 3 7 18 3 7 6 5 54 55 49 63 61 26 33 23 9 5 11 5 15 10 19 18 22 32 36 35 32 42 36 28 32 40 37 48 34 39 39 52 59 27 31 29 11 14 19 18 30 40 42 39 28 14 42 11 21 33 14 13 5 7 9 7 5 4 10 4 2 8 27 13 19 17 55 23 39 41 60 62 78 65 74 72 62 44 46 44 65 55 22 16 14 13 29 10
3 7 5 4 2 7 12 17 8 22 17 54 48 25 40 42 36 28 31 12 6 15 5 14 26 44 41 20 15 23 17 23 26 29 35 32 31 35 34 51 54 68 40 18 55 39 41 19 31 25 14 31 15 31 27 23 22 15 20 14 8 23 28 16 9 4 4 7 14 15 26 36 27 42 55 58 59 47 57 74 55 52 70 65 59 52 47 45 54 45 31 24 36 41 43 24
9 5 6 19 20 13 47 25 26 5 48 61 31 60 52 53 62 46 30 21 16 12 10 8 30 21 14 15 14 7 10 8 9 15 33 34 17 28 44 55 46 50 53 48 6 40 39 39 39 25 21 35 38 26 12 11 17 30 18 13 9 36 20 11 5 11 10 16 39 41 34 68 55 71 54 65 65 54 63 55 23 43 56 35 16 15 30 12 32 46 30 29 25 25 27 51
35 36 47 31 63 17 8 11 35 21 39 61 44 84 67 59 85 61 39 34 31 34 12 9 11 8 18 13 15 10 15 7 18 34 13 14 32 27 28 20 24 42 53 69 52 33 49 33 39 34 30 19 15 42 55 30 31 23 15 17 26 23 25 11 12 21 37 24 36 55 45 53 59 54 71 35 45 34 51 40 10 14 19 30 12 2 3 7 32 27 30 36 10 13 7 28
2 40 49 37 50 67 61 48 19 11 13 67 71 75 67 73 83 71 58 76 55 66 39 20 2 9 3 12 6 3 16 5 8 17 8 20 9 18 12 13 45 43 36 27 38 20 41 37 24 39 21 19 24 13 18 33 27 13 9 21 37 36 27 17 28 48 49 34 42 74 61 61 33 39 56 61 11 8 8 16 15 10 4 5 19 11 3 1 7 6 4 5 12 13 4 11
19 36 53 63 63 74 63 67 67 22 26 43 58 81 78 72 84 54 71 69 71 64 36 42 23 7 5 3 3 8 34 29 5 15 6 8 9 17 14 21 32 21 11 22 39 74 47 36 19 20 13 29 29 24 6 6 7 5 28 25 25 57 36 27 37 60 60 61 60 63 39 19 11 34 22 16 35 5 5 17 14 8 9 5 2 18 4 2 1 2 1 6 3 12 5 2
