sesion_6_simulaciones/modelos_agentes/ejemplos_netlogo/scenarios/echam4_a2/rob_2047.asc
NCOLS 322 
NROWS 307 
XLLCORNER 451900 
YLLCORNER 4086900 
CELLSIZE 100 
NODATA_value -9999 
[rows 73 to 145 of 307, columns 0 to 95 of 322]
0 0 0 0 0 0 0 0 0 0 0 0 0 0 0 0 0 0 0 0 0 0 0 0 0 0 0 0 0 0 0 0 0 0 0 0 1 1 0 0 0 0 0 0 0 0 0 0 0 0 0 0 0 0 0 0 0 0 0 1 2 1 0 1 2 6 9 6 9 4 1 2 7 3 3 14 29 43 18 39 29 20 3 6 7 21 12 4 3 4 1 4 3 19 5 15
0 0 0 0 0 0 0 0 0 0 0 0 0 0 0 0 0 0 0 0 0 0 0 0 0 0 0 0 0 0 0 0 0 0 0 0 1 1 1 1 0 1 0 0 0 0 0 0 0 0 0 0 0 0 0 0 0 0 0 0 0 1 1 2 1 1 1 1 2 3 7 4 3 2 10 32 12 14 32 53 45 7 10 14 22 4 2 2 6 3 4 4 3 3 6 5
0 0 0 0 0 0 0 0 0 0 0 0 0 0 0 0 0 0 0 0 0 0 0 0 0 0 0 0 0 0 0 0 0 0 0 1 0 0 2 2 0 1 1 0 0 0 0 0 0 0 0 0 0 0 0 0 0 0 0 0 0 0 2 4 1 1 3 2 2 1 2 5 5 4 7 45 14 6 5 44 36 16 12 8 3 9 10 4 5 5 6 12 9 5 4 27
0 0 0 0 0 0 0 0 0 0 0 0 0 0 0 0 0 0 0 0 0 0 0 0 0 0 0 0 0 0 0 0 0 0 0 0 0 1 1 1 1 3 1 0 1 0 0 0 0 0 1 0 0 0 0 0 1 0 0 0 0 1 1 2 2 2 4 3 6 4 4 2 2 2 7 51 64 15 9 10 25 21 9 3 3 26 26 20 16 4 3 2 17 19 11 17
0 0 0 0 0 0 0 0 0 0 0 0 0 0 0 0 0 0 0 0 0 0 0 0 0 0 0 0 0 0 0 0 0 0 0 0 0 0 0 0 2 1 1 1 1 2 1 0 0 0 0 0 0 0 0 0 0 0 0 0 1 1 1 2 1 2 3 3 5 7 9 10 10 8 5 10 43 27 16 4 30 39 6 3 19 40 6 43 26 11 5 14 24 24 25 12
0 0 0 0 0 0 0 0 0 0 0 0 0 0 0 0 0 0 0 0 0 0 0 0 0 0 0 0 0 0 0 0 0 0 0 0 0 0 0 1 1 2 1 1 2 7 2 1 2 1 1 0 0 0 0 0 0 0 1 1 1 0 0 0 1 2 2 5 5 6 7 15 11 13 6 2 3 11 11 6 13 11 7 6 23 8 6 4 5 19 11 17 14 18 22 29
0 0 0 0 0 0 0 0 0 0 0 0 0 0 0 0 0 0 0 0 0 0 0 0 0 0 0 0 0 0 0 0 0 1 1 1 1 0 1 1 1 4 3 1 1 2 6 7 15 12 6 2 1 1 1 0 0 0 1 1 0 0 0 0 0 1 0 0 1 5 8 8 11 15 10 8 5 10 3 2 11 11 7 12 22 8 19 10 5 14 20 46 57 56 37 43
0 0 0 0 0 0 0 0 0 0 0 0 0 0 0 0 0 0 0 0 0 0 0 0 0 0 0 0 0 0 0 0 0 0 3 4 1 0 1 2 2 2 5 3 1 1 3 9 41 43 50 58 30 5 2 1 1 1 0 1 0 0 0 0 1 1 0 1 1 3 7 6 11 15 14 8 7 3 2 0 4 9 10 12 23 14 6 9 10 15 60 61 59 32 33 62
0 0 0 0 0 0 0 0 0 0 0 0 0 0 0 0 0 0 0 0 0 0 0 0 0 0 0 0 0 0 0 0 0 0 0 2 1 1 1 2 5 18 4 10 8 3 2 1 1 3 8 15 27 37 15 4 1 1 1 0 0 1 0 1 0 0 0 0 1 2 2 10 10 14 18 11 3 0 1 1 2 5 6 16 8 17 21 25 16 14 10 7 26 19 27 45
0 0 0 0 0 0 0 0 0 0 0 0 0 0 0 0 0 0 0 0 0 0 1 0 1 0 0 0 0 0 0 0 0 0 0 0 0 0 0 1 2 2 4 12 6 4 6 4 1 0 0 1 2 9 8 20 5 2 1 4 6 2 1 0 1 1 0 1 0 0 2 4 12 9 7 9 5 3 4 7 3 2 9 28 10 33 29 26 24 31 21 11 10 27 66 79
0 0 0 0 0 0 0 0 0 0 0 0 0 0 0 0 0 0 1 0 0 0 0 0 0 0 0 0 0 0 0 0 0 0 0 0 0 0 1 1 4 9 3 2 2 2 2 2 0 1 1 0 4 1 2 4 7 4 13 8 2 1 0 1 1 0 0 1 1 1 7 6 9 7 6 8 11 16 9 4 7 6 29 35 22 52 43 72 52 46 51 47 14 12 18 20
0 0 0 0 0 0 0 0 0 0 0 0 0 0 0 0 0 0 0 0 0 0 0 0 0 0 0 0 0 0 0 0 0 0 1 0 0 1 1 1 2 6 10 8 1 0 1 1 1 1 0 4 13 5 4 3 2 8 28 3 2 1 0 0 1 0 1 1 3 5 5 6 5 5 6 7 10 9 18 4 7 6 11 9 20 55 27 38 56 70 45 48 51 34 27 23
0 0 0 0 0 0 0 0 0 0 0 0 0 0 0 0 0 0 0 0 0 0 0 0 0 0 0 0 0 0 0 0 0 0 0 0 0 2 1 1 3 3 9 11 5 6 8 6 8 8 5 6 8 5 3 2 4 10 4 3 2 2 1 1 0 0 0 2 3 2 6 4 19 4 3 13 9 9 11 9 7 5 6 16 4 40 31 61 61 77 85 85 66 47 35 34
0 0 0 0 0 0 0 0 0 0 0 0 0 0 0 0 0 0 0 0 0 0 0 0 0 0 0 0 0 0 0 0 0 0 0 0 0 0 0 2 3 1 5 5 3 4 5 4 3 5 5 2 3 3 3 3 7 3 3 4 5 2 0 0 0 0 0 0 1 1 1 4 2 1 14 9 6 11 36 14 18 9 4 13 25 48 40 29 70 66 57 62 73 38 38 38
0 0 0 0 0 0 0 0 0 0 0 0 0 0 0 0 0 0 0 0 0 0 0 0 0 0 0 0 0 0 0 0 0 0 0 0 0 0 0 1 3 1 1 1 1 2 4 0 1 2 2 2 2 4 3 2 3 1 3 2 3 1 1 0 1 1 2 4 3 2 3 2 2 2 2 2 21 31 6 13 14 9 10 7 12 17 35 52 61 69 16 44 58 60 38 37
0 0 0 0 0 0 0 0 0 0 0 0 0 0 0 0 0 0 0 0 0 0 0 0 1 0 0 0 0 1 0 0 0 0 0 0 0 0 0 1 0 0 1 1 1 2 3 1 1 3 1 1 1 3 2 1 2 1 2 2 1 0 0 0 1 0 0 1 4 1 2 2 2 3 5 4 5 8 7 6 4 7 17 17 11 14 13 11 30 28 19 46 25 64 54 47
0 0 0 0 0 0 0 0 0 0 0 0 0 0 0 0 0 0 0 0 0 0 0 0 0 1 2 1 0 1 0 1 0 0 0 0 0 0 0 0 0 0 0 0 1 1 1 0 0 1 0 1 0 2 3 0 1 0 4 1 1 0 1 1 1 0 0 0 8 2 2 2 2 2 3 7 8 23 26 21 32 22 12 8 26 35 31 30 14 12 26 44 48 23 47 41
0 0 0 0 0 0 0 0 0 0 0 0 0 0 0 0 0 0 0 0 0 0 0 1 4 0 3 3 0 1 1 1 0 1 0 1 1 0 0 0 0 0 0 0 0 1 0 0 0 0 0 1 1 2 0 1 2 1 1 0 0 1 1 1 0 0 0 0 2 24 14 5 2 9 9 15 44 42 8 16 43 32 38 36 33 37 38 40 33 18 10 40 38 22 16 7
0 0 0 0 0 0 0 0 0 0 0 0 0 0 0 0 0 0 0 0 0 0 0 1 2 0 0 7 4 1 0 2 1 2 2 3 1 0 0 0 0 0 0 0 0 0 0 0 0 0 4 5 8 5 7 1 0 1 0 0 0 1 0 0 0 0 3 2 1 1 5 7 37 70 37 19 10 9 50 19 4 25 40 35 31 35 43 45 40 20 14 16 10 6 10 30
0 0 0 0 0 0 0 0 0 0 0 0 0 0 0 0 0 0 0 0 0 0 0 1 0 1 2 5 12 3 0 0 0 0 1 1 1 1 2 1 0 0 1 1 1 1 2 0 1 7 13 7 1 1 5 11 2 0 0 0 0 1 0 0 0 1 1 1 2 1 2 2 2 3 2 42 11 13 8 19 36 11 17 46 36 41 48 46 49 49 30 9 17 36 20 32
0 0 0 0 0 0 0 0 0 0 0 0 0 0 0 0 0 0 1 0 0 1 0 0 0 0 0 0 2 2 4 1 0 0 1 0 1 3 1 0 2 0 1 2 5 2 2 5 5 7 21 22 4 12 8 14 4 7 3 2 1 1 0 0 0 1 0 1 1 1 1 0 2 2 2 7 6 11 9 12 23 48 24 29 41 44 33 42 29 17 31 38 43 11 10 15
0 0 0 0 0 0 0 0 0 0 0 0 0 0 0 0 0 1 0 0 0 0 0 0 0 1 0 0 0 3 13 2 0 0 0 1 0 1 4 0 5 0 1 6 5 4 6 12 13 46 36 39 21 55 40 27 15 15 12 1 2 1 0 0 0 0 1 4 2 2 1 4 6 6 4 3 4 12 20 15 10 11 40 39 38 25 39 21 19 43 44 34 42 42 31 19
0 0 0 0 0 0 0 0 0 0 0 0 0 0 0 0 0 0 0 0 0 1 0 0 0 1 1 0 0 1 6 7 2 1 0 1 0 0 3 0 4 0 1 5 7 10 28 33 39 62 46 13 39 30 24 18 13 22 1 1 3 1 0 0 0 0 1 2 2 1 13 3 1 3 4 8 29 34 37 29 22 17 21 31 21 13 31 30 29 35 51 44 25 20 29 26
0 0 0 0 0 0 0 0 0 0 0 0 0 0 0 0 0 0 0 0 0 0 0 0 1 0 2 1 1 0 4 14 1 1 1 1 0 2 14 5 11 5 2 5 15 34 57 52 28 69 32 5 15 3 8 30 35 22 3 9 7 6 1 0 0 0 1 1 1 6 1 3 6 2 4 14 13 9 26 38 43 24 12 14 10 16 34 49 44 42 40 48 25 27 27 41
0 0 0 0 0 0 0 0 0 0 0 0 0 0 0 0 0 0 0 0 0 0 0 2 3 4 2 3 2 1 7 18 1 1 3 2 0 2 1 7 13 29 8 10 34 46 70 63 27 46 6 9 4 1 1 1 39 45 32 19 5 11 1 0 3 5 1 0 1 1 2 6 2 10 13 3 11 28 21 39 32 38 42 17 30 30 44 41 50 32 49 51 37 43 38 52
0 0 0 0 0 0 0 0 0 0 0 0 0 1 0 0 0 0 1 1 1 1 1 2 3 5 4 9 6 7 3 10 2 2 2 1 1 3 1 3 5 21 15 29 43 48 76 86 77 49 16 5 1 1 0 1 1 1 55 21 22 2 0 3 1 2 2 0 0 0 2 2 9 7 6 4 6 3 14 21 41 51 33 22 26 43 34 30 51 25 71 30 36 37 30 35
0 0 0 0 0 0 0 0 0 0 0 0 0 0 1 1 0 0 1 1 2 1 3 9 12 14 16 12 13 18 2 9 11 5 3 2 1 2 1 0 1 18 3 9 12 18 78 82 75 27 15 14 7 6 2 3 1 3 2 2 2 1 3 4 4 1 1 0 0 1 1 2 2 4 2 2 3 9 13 26 33 41 27 25 21 29 37 16 39 33 72 42 41 22 33 45
0 0 0 0 0 0 0 0 0 0 0 0 0 0 1 0 2 0 0 1 1 1 1 1 2 6 9 5 17 21 9 32 43 18 4 9 3 3 2 1 9 17 12 7 15 22 9 35 49 10 17 19 11 8 10 4 2 7 3 5 2 1 2 3 2 1 1 0 1 0 0 0 3 4 4 4 7 11 12 17 20 32 24 23 23 19 28 24 54 57 18 34 42 41 46 32
0 0 0 0 0 0 0 0 0 0 0 0 0 0 0 0 0 4 1 1 1 3 3 5 9 12 11 6 3 4 5 47 32 13 24 28 35 19 2 2 10 13 53 25 26 28 27 9 5 12 30 22 13 8 4 7 7 4 3 2 3 2 5 4 2 1 1 1 1 0 0 1 1 2 3 7 7 10 11 15 16 15 12 23 25 15 17 23 43 5 18 31 26 10 7 19
0 0 0 0 0 0 0 0 0 0 0 0 0 0 0 0 0 0 1 2 3 7 7 11 19 36 21 18 12 6 3 2 40 45 39 10 57 26 12 23 34 7 41 25 77 61 25 10 11 6 18 23 14 9 9 3 6 4 4 2 4 4 12 14 4 1 0 0 1 0 0 0 0 0 0 4 4 6 9 9 12 10 13 20 9 24 20 46 18 11 24 26 29 18 17 29
0 0 0 0 0 0 0 0 0 0 0 0 0 0 0 0 0 1 1 1 5 7 26 23 28 24 47 26 9 10 8 7 4 31 33 7 9 6 41 19 15 4 53 21 12 5 18 12 19 13 20 28 28 16 8 3 2 2 0 1 2 2 7 8 0 1 1 0 1 1 1 1 0 1 2 1 3 4 6 6 5 17 6 2 10 30 14 45 11 5 9 13 16 15 24 29
0 0 0 0 0 0 0 0 0 0 0 0 0 0 1 1 1 1 1 1 2 6 35 45 16 14 19 20 27 23 15 21 9 3 3 11 4 7 54 6 5 11 27 10 11 8 20 15 16 12 6 19 20 17 6 3 2 2 1 1 1 1 1 1 1 1 1 0 0 1 1 0 1 2 1 1 4 4 5 4 18 4 4 8 10 17 16 13 16 3 3 11 14 26 31 44
0 0 0 0 0 0 0 0 0 0 0 0 0 0 0 0 1 2 4 7 5 13 11 9 5 2 10 20 27 21 38 37 9 5 1 2 7 31 15 14 2 36 54 15 15 16 15 22 27 6 9 14 10 10 3 3 2 1 1 0 0 0 1 2 2 1 1 1 1 1 1 1 0 2 1 1 2 2 3 8 5 3 5 3 9 4 10 19 33 12 8 11 17 19 15 38
0 0 0 0 0 0 0 0 0 0 0 0 0 0 0 1 1 2 4 4 6 23 11 7 10 11 4 11 19 15 16 9 6 12 9 10 22 13 25 11 14 18 36 35 23 19 7 11 14 4 4 17 21 20 14 5 2 1 3 7 3 1 1 1 1 0 5 4 1 1 1 10 4 2 1 1 1 1 2 4 2 3 4 1 5 5 10 19 11 25 15 22 18 27 25 35
0 0 0 0 0 0 0 0 0 0 0 0 0 2 1 5 2 1 3 8 12 14 24 13 10 12 12 8 22 19 10 8 11 16 19 19 6 8 12 14 13 4 7 17 24 14 2 5 5 6 8 10 8 7 5 3 3 1 10 10 4 4 0 1 2 1 8 46 21 8 3 2 9 17 3 1 1 1 3 2 0 5 1 3 3 8 3 4 6 10 20 16 42 29 13 20
0 0 0 0 0 0 0 0 0 0 0 0 0 0 2 2 4 6 5 9 9 7 21 10 6 7 6 3 3 5 12 10 17 18 10 19 17 15 12 10 3 8 15 5 24 14 11 11 10 5 4 4 4 16 8 6 4 1 2 2 1 1 3 1 3 5 4 29 49 24 2 3 3 2 11 4 1 1 1 1 3 5 2 15 5 5 5 9 7 11 18 33 14 15 18 8
0 0 0 0 0 0 0 0 0 0 0 0 0 0 0 0 0 1 2 6 9 10 18 28 16 11 15 12 6 4 7 2 5 9 9 16 17 11 18 5 3 11 6 8 26 13 12 9 12 7 6 5 5 12 16 1 2 2 3 2 2 8 6 8 10 5 11 9 43 17 13 3 2 2 3 6 3 4 3 5 1 2 3 6 5 6 9 3 5 31 13 6 20 15 20 19
0 0 0 0 0 0 0 0 0 0 0 0 0 0 1 1 1 0 1 5 8 22 33 44 42 14 9 4 2 4 4 1 1 2 5 5 10 13 8 11 9 12 3 19 3 2 5 7 9 9 16 14 6 12 6 5 3 4 5 1 5 6 3 3 41 10 12 8 3 47 35 6 6 3 10 15 18 31 16 11 5 4 2 7 20 11 26 16 17 21 14 9 18 24 31 17
0 0 0 0 0 0 0 0 0 0 0 0 0 0 1 1 1 3 2 14 43 21 10 18 30 15 11 11 5 1 4 4 7 3 1 4 15 14 3 8 19 19 15 14 5 3 6 14 22 24 10 38 22 22 12 4 4 2 1 6 3 2 2 3 3 15 9 10 5 17 31 49 27 4 1 12 9 23 2 1 8 26 1 4 1 9 10 51 37 31 55 22 19 20 23 26
0 0 0 0 0 0 0 0 0 0 0 0 0 0 0 0 2 3 4 3 3 30 30 16 20 14 23 34 18 6 5 12 8 8 9 4 4 11 9 10 11 16 13 13 10 11 26 22 17 21 21 16 18 12 10 13 16 18 5 1 5 2 2 19 4 12 20 10 7 9 33 33 35 14 5 6 1 12 5 3 1 11 4 4 6 30 6 12 4 3 28 11 15 56 20 38
0 0 0 0 0 0 0 0 0 0 0 0 0 0 0 1 1 2 4 5 4 2 22 52 34 31 25 26 29 10 10 15 7 8 17 23 9 4 5 11 15 11 6 38 14 17 21 51 49 31 43 17 21 48 61 56 14 9 4 2 4 19 8 2 21 6 24 16 12 3 32 28 19 30 5 8 2 16 24 4 3 23 3 5 9 2 13 8 3 9 55 16 10 43 62 56
0 0 0 0 0 0 0 0 0 0 0 0 0 0 0 0 1 2 4 9 10 10 5 16 19 19 6 8 27 11 7 7 5 4 7 13 11 8 7 12 9 4 4 4 21 25 22 44 31 17 14 34 15 12 9 5 8 3 4 4 4 13 17 6 8 20 2 34 21 7 27 44 37 30 10 7 3 23 5 5 1 45 9 5 11 10 5 10 9 24 51 63 13 13 62 57
0 0 0 0 0 0 0 0 0 0 0 0 0 0 0 0 0 1 4 14 20 12 8 4 3 2 7 4 1 2 8 1 2 5 9 7 9 14 10 8 17 13 15 13 18 25 23 20 14 14 25 27 26 31 12 18 14 6 3 6 3 7 14 15 13 43 16 32 51 16 15 22 45 23 33 8 5 23 12 29 21 45 62 17 12 14 5 19 11 7 32 74 22 10 11 61
0 0 0 0 0 0 0 0 0 0 0 0 0 0 0 0 1 1 3 7 15 10 6 10 5 6 6 3 1 1 3 2 2 3 4 6 12 13 9 20 31 20 19 15 8 14 16 15 18 38 24 40 25 23 17 21 16 12 7 12 8 16 9 23 8 42 34 15 54 34 5 25 34 24 52 14 29 14 16 13 33 15 67 35 8 16 16 46 13 7 8 47 30 15 30 28
0 0 0 0 0 0 0 0 0 0 0 0 0 0 0 0 0 1 2 4 8 9 9 8 15 11 14 10 2 1 1 1 1 3 4 2 11 14 6 7 26 18 10 7 16 10 17 11 11 38 50 42 49 29 9 16 43 13 22 20 22 31 13 5 9 8 25 14 27 51 20 16 19 58 42 30 45 15 29 61 43 17 44 62 16 21 9 9 10 14 19 57 28 43 26 8
0 0 0 0 0 0 0 0 0 0 0 0 0 0 0 0 1 1 10 13 9 24 15 21 7 9 13 12 9 1 1 1 6 4 14 14 11 19 21 18 19 13 12 9 11 8 7 15 12 9 8 18 9 15 39 30 48 13 65 46 13 42 15 23 28 11 7 5 21 39 19 40 20 40 10 31 72 48 30 49 63 56 46 74 19 17 30 12 15 6 25 36 39 17 11 13
0 0 0 0 0 0 0 0 0 0 0 0 0 0 0 0 0 1 1 1 3 2 3 7 14 22 13 12 19 4 1 11 8 11 5 4 10 10 11 34 23 8 13 22 18 18 22 25 10 26 28 9 32 47 40 52 35 38 31 44 11 29 38 18 36 51 53 33 16 55 56 71 65 34 30 37 57 63 48 53 60 63 44 73 68 37 7 7 10 21 28 41 52 24 11 8
0 0 0 0 0 0 0 0 0 0 0 0 0 0 1 1 1 1 2 3 2 5 4 8 22 11 14 16 20 19 7 49 14 5 10 5 19 19 22 30 49 24 28 30 19 30 17 21 12 17 23 16 7 34 16 28 59 60 39 42 48 64 65 52 17 58 53 61 55 37 53 66 21 37 35 38 57 48 72 74 63 44 42 79 70 32 41 8 11 40 20 46 36 37 32 20
0 0 0 0 0 0 0 0 0 0 0 0 0 0 0 0 0 1 0 5 3 5 6 7 9 9 19 14 16 11 13 47 11 13 12 10 16 14 15 29 41 19 19 27 15 25 8 9 19 10 10 20 7 6 6 7 32 56 62 66 54 45 61 78 40 36 65 66 58 38 16 31 41 28 34 54 64 80 60 43 43 33 82 71 73 30 23 23 16 23 26 49 13 9 11 43
1 0 0 0 0 0 0 0 0 0 0 0 0 0 1 0 0 0 1 2 5 7 2 3 5 9 12 5 18 15 29 15 17 26 13 6 6 14 37 35 18 11 24 32 30 21 7 6 5 18 10 10 16 14 7 4 11 18 12 40 27 24 58 77 67 50 27 13 16 27 21 23 21 24 28 27 63 52 47 33 13 33 84 70 72 61 27 32 8 28 35 60 59 45 22 10
0 0 0 0 0 0 0 0 0 0 0 0 0 0 2 0 0 0 1 3 3 2 1 4 2 1 7 3 15 20 24 26 33 17 8 17 19 17 35 25 12 26 12 12 24 7 6 9 3 13 7 5 12 6 14 8 8 13 15 5 24 25 32 43 47 22 19 33 26 39 24 15 18 23 25 12 37 33 38 23 20 14 48 33 49 72 32 44 13 40 56 47 35 38 36 15
0 0 0 0 0 0 0 0 0 0 0 0 0 0 0 1 0 1 0 1 2 1 3 2 2 1 4 3 12 10 13 15 29 12 20 19 24 11 22 17 11 16 10 11 11 5 6 6 4 20 9 7 15 17 12 9 20 19 31 19 12 17 6 13 5 5 15 28 32 35 33 20 15 9 10 10 19 20 24 21 25 20 24 19 32 41 16 32 11 33 58 54 31 16 76 60
0 0 0 0 0 0 0 0 0 0 0 0 0 0 0 2 1 0 1 0 2 1 1 2 2 2 10 8 13 9 20 30 10 16 16 28 13 10 26 7 10 14 5 8 7 14 4 8 3 10 7 8 9 18 8 12 13 22 16 22 23 31 13 12 13 8 25 20 25 18 11 8 28 14 9 5 8 20 15 13 14 13 15 28 33 29 23 31 15 69 72 69 68 27 9 21
0 0 0 0 0 0 0 0 0 0 0 0 1 1 1 0 1 0 0 1 2 1 1 3 2 2 9 5 4 4 6 10 15 35 16 9 10 3 11 5 8 6 7 6 3 4 4 5 7 8 7 8 6 10 10 18 21 13 20 15 31 17 10 24 7 14 19 35 13 10 17 38 27 22 24 25 8 6 16 13 14 21 14 37 23 16 46 17 30 70 68 63 79 42 48 15
0 0 0 0 0 0 0 0 0 0 0 0 0 0 0 0 0 1 0 0 0 0 1 2 1 4 4 7 3 3 7 24 10 12 16 9 6 5 9 3 5 4 2 2 2 5 1 3 3 1 4 2 5 11 14 18 29 20 10 18 14 20 18 13 47 13 21 25 28 50 41 25 16 15 23 27 25 30 33 34 45 50 23 24 20 34 57 36 52 64 36 54 83 63 66 48
0 0 0 0 0 0 0 0 0 0 0 0 0 0 0 0 1 0 0 0 0 0 0 0 1 0 1 4 3 9 5 13 5 7 12 6 4 4 2 4 2 3 2 7 11 4 2 8 23 8 13 9 18 31 32 9 14 15 15 12 16 17 32 26 32 26 23 24 50 10 8 11 14 7 5 8 30 25 40 49 55 51 43 19 18 40 66 34 38 20 28 61 90 54 73 63
0 0 0 0 1 1 0 0 0 1 1 0 0 0 0 1 0 0 1 1 5 2 3 1 3 1 1 2 4 3 4 2 2 5 9 5 3 2 1 2 6 25 5 3 7 6 11 5 28 39 63 27 42 63 41 19 33 16 6 7 7 10 27 15 18 26 25 34 13 11 15 22 40 26 27 21 10 34 53 70 65 26 19 26 15 45 62 43 36 31 34 83 86 54 62 89
0 0 0 0 0 1 1 1 0 0 0 0 0 0 0 0 0 0 1 1 4 8 6 1 2 3 7 4 5 2 10 3 3 2 3 2 1 1 4 4 10 1 9 25 7 15 18 15 17 66 65 70 24 52 49 48 27 41 21 14 13 16 5 17 26 33 35 12 15 15 28 45 33 43 57 37 24 55 70 74 40 25 18 35 24 46 27 23 41 43 63 89 71 84 65 91
0 0 0 0 1 0 0 1 0 0 0 0 0 0 0 0 1 0 2 2 1 11 7 12 16 25 16 12 8 2 5 3 2 3 5 16 9 18 26 21 25 32 19 43 12 28 43 50 10 10 11 62 63 31 52 24 21 61 36 31 11 12 16 26 27 33 22 27 28 40 34 19 32 33 38 36 63 59 49 47 27 20 18 24 21 34 25 26 29 29 46 81 60 79 40 71
0 1 1 0 1 0 0 0 0 0 0 0 0 0 0 0 0 0 3 9 3 1 9 38 15 29 25 31 28 39 19 32 32 47 13 30 3 26 47 21 41 63 21 53 52 28 56 24 72 35 18 77 58 55 54 51 74 78 29 40 18 13 13 13 15 21 18 14 13 18 21 26 19 34 40 63 73 64 24 13 29 16 13 20 11 20 22 34 36 56 70 82 54 58 54 49
0 1 5 0 2 2 0 1 0 0 0 0 0 0 0 0 0 0 0 5 3 1 1 4 4 3 16 42 26 29 35 29 55 32 24 33 50 42 48 55 24 67 67 34 50 43 64 29 66 80 53 56 57 48 32 75 57 61 46 51 37 11 11 11 28 20 22 31 35 35 43 30 44 39 66 70 54 34 30 12 4 9 11 15 17 9 18 30 34 46 72 72 31 38 44 44
1 1 0 2 2 2 1 1 1 1 0 1 1 1 0 0 1 0 1 1 0 0 2 1 2 5 15 12 19 29 37 49 13 40 16 59 49 49 54 61 47 62 52 57 65 59 65 71 17 67 49 30 75 22 46 73 54 20 62 20 25 43 10 9 19 20 40 36 37 34 34 41 57 82 80 71 55 34 8 12 10 6 3 3 10 6 17 18 25 36 57 47 36 23 48 60
0 1 1 1 1 1 0 0 1 0 1 0 0 1 0 0 0 0 2 3 2 2 2 2 2 4 1 2 3 5 3 3 7 9 3 3 6 5 5 9 11 13 8 14 16 15 18 67 53 47 77 30 61 60 61 61 23 14 23 24 53 49 21 14 30 30 37 27 29 57 73 75 79 78 72 65 47 15 6 6 5 5 4 2 7 4 9 7 12 17 29 31 27 17 27 34
1 1 1 1 0 0 0 0 1 0 1 0 0 0 0 0 0 0 1 0 1 3 3 2 5 3 2 3 5 7 4 4 12 9 8 11 6 7 11 16 15 17 30 16 21 13 24 11 15 19 51 51 60 67 61 32 33 40 33 45 49 25 20 24 27 27 40 56 69 70 77 64 47 48 31 28 9 11 10 11 10 7 4 5 2 2 2 2 4 5 13 13 19 11 10 14
5 7 3 0 0 0 0 0 0 0 0 0 0 0 0 0 0 0 0 2 1 0 1 1 2 2 1 5 3 2 5 4 2 2 2 5 4 4 8 5 8 17 17 11 10 16 12 23 21 22 14 18 18 22 31 31 41 35 31 42 13 16 16 26 32 23 24 22 45 70 74 69 50 40 19 18 27 24 37 33 21 11 3 6 7 8 8 5 4 2 1 3 6 16 14 11
1 1 0 1 0 0 0 0 0 0 0 0 0 0 0 0 0 0 0 0 2 2 2 2 1 2 1 3 4 4 3 1 3 2 3 4 4 6 7 10 7 7 9 6 4 5 6 7 15 24 35 52 40 35 33 27 30 28 28 11 9 17 15 34 26 15 24 24 29 36 30 44 49 25 17 29 38 33 12 9 5 6 7 14 27 26 25 13 12 9 4 3 2 2 4 4
1 1 1 0 0 0 0 0 0 0 0 0 0 0 0 0 0 0 0 0 0 2 3 2 2 1 2 3 4 1 1 2 2 5 6 3 5 5 4 6 6 8 24 12 12 10 10 15 23 21 34 36 29 29 29 22 26 19 17 17 3 18 17 23 40 42 38 48 37 32 19 20 11 20 28 40 58 40 19 12 13 19 19 35 28 27 29 31 32 16 21 11 8 6 3 2
1 1 0 0 0 0 0 0 0 0 0 0 0 0 0 0 0 0 0 0 0 1 2 2 3 1 4 6 2 1 3 1 4 3 6 8 5 9 10 9 3 8 12 12 10 23 24 20 15 13 22 12 39 27 49 35 21 19 13 10 11 14 18 14 56 65 32 51 46 41 30 31 16 30 44 53 30 13 21 26 24 35 24 40 47 41 51 38 37 35 29 29 23 18 8 13
1 0 0 0 0 0 1 2 1 0 1 0 0 0 0 0 0 0 0 0 1 1 0 1 2 2 12 13 4 2 3 3 4 10 5 8 7 10 4 4 12 10 7 11 12 22 20 10 27 13 23 30 28 19 33 19 33 9 17 7 24 37 16 46 74 49 49 31 29 33 24 14 20 32 42 38 19 28 28 35 44 40 45 60 58 52 50 40 54 56 39 57 36 23 21 22
0 0 0 0 1 3 1 1 2 4 0 1 0 0 0 0 0 0 0 0 1 0 1 2 2 8 5 1 1 1 2 4 2 3 11 4 4 7 8 11 7 7 6 6 10 10 19 18 16 20 25 22 28 18 22 17 37 21 10 5 11 33 51 65 58 59 36 35 34 18 16 20 28 14 43 20 34 33 50 50 59 45 53 62 63 49 62 59 59 44 47 51 40 37 44 45
0 0 0 0 0 3 2 2 4 2 1 1 3 0 0 0 0 0 0 0 0 0 0 2 1 0 1 1 3 3 2 1 4 1 3 4 4 12 6 7 3 7 3 3 4 11 12 20 23 15 13 30 8 20 25 23 13 9 21 13 4 19 20 27 41 63 53 66 45 14 31 25 37 30 74 39 31 34 43 47 60 44 51 66 47 47 61 74 65 62 47 49 47 60 57 43
0 0 0 1 0 0 0 0 3 3 4 3 2 0 1 0 0 0 0 0 0 0 0 0 0 1 1 2 2 1 1 1 1 1 1 2 1 2 3 6 12 4 8 7 2 4 7 7 13 17 20 17 18 4 30 4 11 27 13 14 7 7 15 14 12 14 37 27 16 34 61 33 39 31 68 34 39 42 56 64 79 67 81 79 73 67 68 69 83 81 56 50 50 52 77 57
0 0 0 0 0 0 0 0 0 1 0 2 1 1 1 1 1 1 1 0 0 0 0 0 0 1 1 0 0 0 0 0 0 1 1 1 1 1 1 4 7 15 6 3 14 11 15 5 11 8 7 13 5 14 14 21 23 15 16 13 9 25 38 28 22 15 17 34 41 36 47 50 29 42 62 52 60 52 66 81 70 59 83 81 80 79 78 77 80 75 62 56 72 75 76 63
