sesion_6_simulaciones/modelos_agentes/ejemplos_netlogo/scenarios/echam4_a2/rob_2026.asc
NCOLS 322 
NROWS 307 
XLLCORNER 451900 
YLLCORNER 4086900 
CELLSIZE 100 
NODATA_value -9999 
[rows 148 to 221 of 307, columns 0 to 95 of 322]
0 17 17 14 23 37 33 22 8 5 7 59 54 58 52 56 71 57 41 55 28 39 12 6 0 1 1 2 1 0 4 1 1 3 2 5 2 6 4 4 22 22 20 16 26 12 29 27 17 30 17 18 28 12 21 37 32 17 11 30 43 44 37 26 39 55 57 38 45 74 67 64 38 47 67 76 22 18 17 33 30 23 10 13 41 29 7 5 22 15 12 16 29 25 13 28
7 18 24 32 36 48 35 49 47 12 16 35 49 72 71 70 81 46 58 55 54 41 12 21 6 1 1 1 1 2 11 8 1 3 1 2 2 5 4 7 12 9 5 12 24 66 36 27 12 14 10 27 28 25 7 8 8 5 32 27 26 61 40 30 41 64 61 61 61 68 43 22 16 49 37 26 56 12 12 36 30 17 22 13 6 31 12 7 5 8 3 18 9 28 16 5
4 2 9 34 27 56 49 15 30 40 21 24 78 79 78 50 82 67 67 73 56 26 17 9 15 7 1 4 3 3 2 11 4 8 11 10 3 9 11 10 6 6 12 41 56 36 23 18 14 13 14 17 18 17 30 21 29 30 33 34 48 61 36 33 63 63 71 73 54 16 57 36 33 41 59 23 25 8 3 8 19 19 12 21 9 9 23 13 5 7 4 2 6 7 11 4
1 3 8 5 7 6 7 10 14 12 30 13 34 67 65 55 77 74 70 25 10 12 25 24 36 21 9 3 3 1 2 4 37 25 30 39 50 9 5 11 25 28 54 48 17 17 9 18 11 9 21 18 20 17 20 17 38 41 43 45 65 59 56 41 60 74 66 51 75 42 21 55 58 26 27 10 21 38 16 7 9 14 15 8 11 5 8 23 14 6 6 3 2 6 9 7
19 6 4 4 8 7 10 16 18 23 13 35 18 11 8 9 12 11 18 25 17 50 51 39 59 21 45 13 12 13 8 10 27 3 1 1 8 47 6 4 23 15 26 32 27 40 40 49 24 12 20 21 27 23 7 22 29 62 39 62 60 66 74 88 86 74 70 43 41 84 42 35 32 36 19 5 10 9 28 19 9 9 17 12 6 9 6 6 17 5 4 3 1 1 3 3
25 20 16 10 12 8 9 20 3 9 32 25 20 29 18 19 12 29 41 54 81 62 79 50 47 26 19 21 14 40 24 3 1 4 4 1 4 5 24 6 2 55 13 17 23 16 7 15 32 19 32 39 36 25 10 15 25 49 72 61 80 69 80 79 79 77 70 26 33 70 73 54 33 20 26 15 11 8 14 10 15 9 8 12 7 6 4 5 22 11 2 2 2 1 4 4
55 28 49 34 26 28 36 9 11 8 13 19 22 49 46 19 8 23 56 61 73 85 70 82 60 53 53 49 25 31 59 45 17 3 7 7 16 13 12 25 4 36 19 16 32 5 10 15 10 31 39 51 60 46 45 23 31 49 65 69 53 42 76 78 75 68 64 50 31 47 78 26 29 17 11 8 14 4 13 26 8 12 11 5 4 3 3 3 5 3 7 2 1 1 1 1
64 49 61 41 50 39 30 38 10 8 17 12 52 35 16 38 27 19 17 58 71 62 59 68 46 48 57 48 27 10 28 67 69 45 34 13 16 20 21 27 13 33 63 28 31 19 9 9 10 18 16 19 35 12 17 44 34 59 46 27 26 27 32 54 55 23 34 19 47 58 51 46 23 15 17 6 7 9 9 18 14 7 8 6 3 3 3 2 2 2 3 5 2 1 1 0
37 56 52 71 75 48 26 67 19 8 17 18 17 20 41 45 30 45 31 18 21 54 63 22 39 63 39 67 39 10 10 11 45 69 56 34 23 20 17 24 23 35 69 21 31 31 23 30 34 37 35 40 27 26 34 27 44 72 58 55 56 51 26 15 9 24 20 25 19 31 33 48 49 21 10 5 7 8 10 13 14 19 4 5 3 2 2 1 1 2 2 0 4 1 0 0
63 77 64 82 66 27 60 78 31 29 34 14 43 67 52 32 52 39 32 23 26 25 18 52 42 18 28 58 68 31 24 16 12 63 54 52 58 50 47 56 50 29 65 68 34 28 36 41 40 42 52 63 34 50 56 30 25 46 58 45 40 26 15 24 23 7 3 15 32 34 35 41 18 19 9 7 10 8 12 8 9 6 8 3 2 2 1 1 1 1 1 1 1 2 1 0
45 80 40 79 43 66 71 71 19 43 48 26 19 16 34 36 42 68 60 71 29 21 27 22 27 25 40 78 39 77 32 45 37 57 25 49 50 78 55 43 52 28 49 68 74 35 33 29 56 40 40 32 28 50 56 30 44 75 74 75 39 50 54 42 35 16 13 18 22 22 21 26 19 10 15 3 7 10 9 10 5 3 4 4 1 1 0 0 0 1 1 1 1 1 1 1
16 71 54 69 64 72 69 27 37 61 56 41 36 22 21 14 18 30 30 67 43 15 24 24 64 67 62 67 33 72 74 27 28 37 60 69 58 81 88 54 49 20 27 63 72 64 55 40 54 20 15 23 55 53 45 39 43 33 28 30 25 42 58 49 46 30 26 23 16 17 18 15 10 13 4 5 5 7 4 2 3 2 1 2 3 2 1 2 1 0 0 0 1 1 0 0
18 17 12 53 68 68 27 31 70 44 61 73 57 42 27 33 39 37 44 24 32 51 44 18 53 55 65 73 71 41 82 79 37 18 33 75 74 62 59 64 69 22 29 66 81 84 51 42 45 45 33 25 75 42 82 85 84 74 82 73 52 30 37 33 32 26 25 24 18 10 10 15 11 11 5 8 3 3 3 4 2 1 1 3 1 1 1 1 1 1 1 0 0 0 0 0
18 60 38 29 20 45 36 75 78 52 50 65 37 52 19 38 32 32 42 29 34 36 37 18 62 72 63 85 78 59 73 84 78 46 38 12 30 60 44 24 35 24 17 80 83 80 65 66 58 67 87 92 79 53 45 78 74 41 44 64 60 37 48 36 30 20 16 26 18 7 8 7 8 7 5 5 4 4 2 2 1 1 0 1 1 0 1 1 0 0 0 0 0 0 0 0
47 52 38 57 46 22 50 81 73 77 15 50 66 65 75 41 57 29 25 24 26 13 41 61 83 61 84 89 74 74 52 67 80 54 51 28 59 76 83 82 64 52 35 50 82 69 60 87 60 64 83 82 89 62 43 83 88 62 46 33 71 68 27 53 32 26 14 15 12 8 9 6 6 4 4 4 3 2 2 1 1 1 1 1 1 0 0 0 0 0 0 0 0 0 0 0
38 37 63 40 33 13 46 64 49 80 33 42 72 58 71 55 30 49 39 54 57 58 19 52 65 73 82 83 61 82 66 81 68 70 69 75 68 77 82 74 18 61 67 37 18 47 60 81 65 56 76 72 75 80 44 56 74 90 66 46 55 35 33 30 33 38 32 21 11 5 9 5 3 2 2 1 2 1 0 0 0 0 0 0 0 0 0 0 0 0 0 0 0 0 0 0
28 23 14 31 44 41 17 78 33 31 32 48 57 16 44 59 36 43 36 66 64 40 38 18 49 82 75 83 66 84 69 69 61 50 64 68 81 73 73 81 75 57 26 24 11 15 55 75 57 27 40 69 77 82 77 82 84 79 85 46 32 37 30 35 28 25 31 11 7 11 4 3 2 2 1 0 0 0 1 1 1 0 0 0 0 1 1 1 2 0 1 2 1 2 2 1
17 32 48 39 23 18 18 37 45 41 63 55 64 64 32 50 43 58 24 19 37 69 47 27 14 29 31 68 64 40 18 19 16 32 30 25 66 44 50 65 66 58 50 22 8 15 59 63 52 41 32 26 51 80 77 71 59 58 76 73 32 20 26 25 26 22 10 12 6 2 2 3 2 1 1 1 0 0 0 0 1 1 1 1 3 4 5 4 2 1 2 5 4 7 5 2
31 22 19 17 31 24 28 20 22 21 39 68 65 71 23 21 29 61 63 44 34 29 48 16 32 41 34 32 21 30 44 34 45 41 61 32 28 24 23 24 19 38 29 16 16 22 49 54 61 40 38 34 9 44 41 49 49 61 39 54 44 21 40 36 27 13 11 6 5 3 3 2 1 0 1 1 0 0 0 1 5 5 3 6 8 10 9 15 9 9 22 22 8 14 6 4
20 22 29 54 44 46 38 33 38 38 48 13 18 25 35 47 34 18 63 65 56 31 28 10 30 61 60 49 36 40 58 64 35 63 33 27 29 36 38 34 24 14 22 24 37 39 57 55 62 50 35 18 20 16 24 49 21 14 12 36 18 22 19 11 15 7 4 6 4 2 1 1 1 1 1 1 1 0 4 6 12 12 14 19 21 35 30 17 16 19 5 2 3 3 4 10
28 34 49 32 28 37 39 26 44 63 20 28 49 47 30 49 12 18 22 26 38 23 20 18 36 33 52 46 66 30 58 48 42 46 31 29 38 61 32 60 40 21 14 14 17 26 37 48 43 44 28 43 38 25 31 29 27 18 21 23 41 31 15 4 5 5 4 1 2 1 1 7 6 3 3 4 2 3 9 25 39 32 33 55 40 36 33 22 25 23 7 2 1 1 2 6
48 65 62 66 33 28 33 31 47 55 33 35 50 48 45 26 32 27 41 41 28 33 37 22 36 32 31 54 29 38 50 49 51 40 30 32 28 53 29 61 44 35 30 11 7 6 23 23 63 64 39 31 62 32 16 36 40 46 37 24 26 13 6 4 4 3 1 1 3 3 7 12 18 5 8 10 5 11 30 38 59 74 34 59 35 29 20 22 17 12 7 4 1 1 1 1
17 15 11 13 20 21 47 48 61 38 43 21 38 54 24 11 19 21 27 24 14 12 10 21 31 27 26 32 43 48 42 40 26 34 24 11 36 29 47 61 41 41 55 30 32 16 10 23 22 52 35 44 33 15 15 27 26 19 12 7 5 4 2 1 1 0 3 9 15 11 22 30 28 17 25 15 8 20 45 51 79 55 35 24 14 2 2 10 3 5 3 1 1 0 0 2
24 36 26 44 38 45 32 47 41 36 16 20 31 42 50 44 46 22 18 17 22 7 11 29 60 50 32 28 44 27 21 38 68 39 23 12 35 21 59 24 56 37 48 43 27 15 20 22 12 29 38 30 12 19 16 12 30 10 6 4 2 7 7 11 4 7 13 26 30 28 30 44 28 25 31 22 19 35 56 68 65 41 20 12 7 3 2 3 4 2 1 1 1 0 0 0
19 18 19 40 59 21 25 33 30 38 32 24 48 32 61 45 34 54 44 31 59 28 33 24 51 63 37 58 22 29 40 27 56 54 29 21 26 35 40 20 28 28 42 46 20 32 21 13 14 19 19 25 20 18 16 13 6 2 2 11 10 21 21 20 13 15 30 38 55 57 41 53 54 49 35 42 51 58 61 58 48 52 25 11 5 5 3 1 6 2 1 0 0 0 0 1
24 15 27 43 26 28 24 41 47 38 48 56 50 38 30 28 63 62 39 42 43 33 51 29 35 56 67 45 25 25 18 20 19 19 33 43 13 17 48 44 42 48 38 27 37 27 26 24 15 19 21 23 32 22 10 7 8 12 18 35 30 28 41 30 22 38 44 47 64 50 55 65 75 43 46 55 65 70 76 49 17 12 12 13 7 3 2 1 1 1 0 0 0 0 0 0
18 27 36 31 16 55 41 35 59 67 75 69 62 67 42 21 25 43 39 47 15 37 63 34 42 33 55 69 44 60 42 35 29 29 48 59 26 37 48 58 51 14 16 27 21 26 14 12 21 26 25 39 25 17 21 12 17 22 40 39 37 37 49 38 32 45 56 41 70 65 54 78 65 51 58 77 64 65 26 74 46 36 11 6 6 4 2 2 1 0 0 0 0 0 0 0
18 22 30 24 16 16 24 34 29 38 54 71 50 53 64 24 37 33 25 23 26 60 63 45 27 34 20 43 30 37 29 30 44 42 58 51 29 46 58 56 45 24 11 10 19 20 24 37 22 22 39 25 19 36 21 17 27 45 48 57 51 49 51 39 41 69 71 59 75 73 72 72 84 83 55 60 64 64 24 17 31 40 19 12 4 2 2 2 1 0 0 0 0 0 0 0
18 19 44 19 31 13 21 17 32 40 19 23 20 21 30 44 42 37 64 32 46 62 43 57 20 55 29 57 26 23 35 40 40 37 46 40 40 34 51 53 43 21 8 17 21 21 29 28 28 29 29 41 28 22 21 36 47 48 47 52 50 40 59 53 57 74 73 70 66 84 76 70 64 73 29 26 16 41 47 23 10 21 10 5 3 2 2 1 0 1 0 0 0 0 0 0
20 43 40 65 11 60 49 8 35 27 42 27 56 32 44 38 44 33 33 35 24 49 28 43 34 27 35 34 19 41 42 36 38 41 41 29 35 27 38 55 39 33 34 40 48 23 33 24 42 52 48 59 43 28 42 46 49 60 43 49 67 53 68 70 62 73 56 75 39 57 81 79 76 59 73 56 37 14 9 16 10 6 12 8 6 4 3 4 1 0 0 0 0 0 0 0
58 39 18 29 51 29 16 36 36 44 27 46 27 26 57 33 35 9 32 40 37 15 29 37 29 19 29 11 20 13 16 33 32 61 22 25 24 37 37 17 25 40 17 24 21 32 16 32 48 62 55 53 46 44 42 61 52 62 60 52 60 68 62 67 66 74 55 52 75 40 73 75 56 69 74 79 61 54 49 28 18 11 3 2 4 5 2 2 1 1 0 0 0 0 0 0
41 74 37 42 13 24 19 35 27 31 53 21 28 50 55 62 63 24 27 52 32 23 10 19 36 13 20 17 16 10 12 34 39 35 17 23 22 23 54 36 24 36 18 59 32 29 37 27 54 61 47 44 45 45 43 48 68 62 59 74 73 82 69 58 66 32 47 40 43 51 37 64 42 51 70 72 73 83 62 43 40 44 35 17 3 2 2 2 1 0 0 0 0 0 0 0
18 26 19 18 38 45 26 24 33 37 41 25 41 26 17 19 15 21 26 37 54 19 30 17 24 15 14 7 11 17 21 32 22 20 23 16 23 42 51 37 23 20 37 63 20 48 35 39 50 70 40 43 44 44 43 50 65 73 60 71 81 56 43 71 71 64 50 26 20 7 14 16 24 26 49 60 52 59 65 37 59 40 24 6 4 4 3 2 2 1 0 0 0 0 0 0
16 20 35 27 26 38 35 22 9 32 6 11 25 26 59 28 47 21 24 23 37 23 18 23 18 19 25 13 10 11 23 15 18 31 7 7 16 48 28 26 16 30 32 48 41 35 41 46 58 50 36 52 41 42 56 42 67 79 81 60 69 73 32 18 16 24 30 47 39 28 12 8 4 11 21 40 30 52 69 27 37 58 22 11 7 2 2 2 1 1 0 0 0 0 0 0
13 47 29 16 16 23 19 16 8 9 12 16 16 37 35 25 33 37 34 31 22 44 16 34 18 20 35 8 8 16 9 12 27 17 20 31 33 53 10 9 21 40 38 50 43 31 37 40 48 34 56 66 53 59 58 55 65 65 66 46 47 60 33 31 56 70 75 58 55 37 30 35 9 3 6 24 19 41 62 42 24 20 17 10 5 4 3 2 1 1 1 1 0 0 0 0
13 23 23 22 20 20 16 12 5 2 6 13 24 12 19 28 24 35 16 9 7 9 14 9 7 27 18 10 17 12 8 9 20 11 5 12 20 28 21 21 27 31 52 55 28 32 43 39 52 49 69 78 61 80 73 85 72 65 72 45 33 15 63 56 23 50 70 57 62 61 58 32 13 11 4 4 5 12 38 15 11 4 3 7 2 3 1 1 1 1 1 1 0 0 0 0
27 4 8 20 4 12 5 1 2 1 2 2 3 8 23 11 8 10 20 9 8 4 6 7 4 8 7 10 16 7 2 3 4 9 11 7 24 19 11 20 30 50 71 83 73 70 57 58 55 33 76 50 84 75 66 72 44 52 70 77 31 28 23 76 36 30 49 65 52 45 65 61 63 28 16 4 2 1 1 1 2 2 1 3 3 1 1 0 0 1 0 1 0 0 0 0
1 2 7 4 5 4 3 1 1 3 12 1 2 3 4 12 10 8 12 7 7 6 7 9 2 2 5 7 5 2 1 1 3 17 38 37 53 61 71 73 73 83 64 84 76 83 76 29 60 69 42 39 62 63 68 71 47 72 75 60 56 40 18 48 73 30 10 29 56 70 55 50 23 19 25 16 5 2 2 1 2 2 1 1 3 2 0 1 0 0 0 0 0 0 0 0
1 3 4 2 1 1 5 20 36 7 12 11 24 2 2 8 5 3 4 3 3 2 2 1 3 2 10 13 15 2 1 4 5 3 8 43 56 66 68 71 65 78 66 66 79 82 81 48 37 41 82 61 30 57 26 37 35 72 84 68 52 46 32 27 80 40 37 17 32 47 72 16 8 14 16 22 14 10 6 3 1 1 0 1 1 2 1 0 0 0 0 0 0 0 0 0
3 6 5 8 8 18 27 14 19 22 24 10 13 8 5 3 2 2 2 2 1 2 12 10 26 26 9 4 12 3 1 15 11 7 10 13 21 65 66 75 61 47 48 48 68 82 88 87 41 42 60 66 47 27 50 19 51 58 77 74 26 37 29 16 77 55 25 21 17 61 65 74 33 22 14 8 5 3 2 2 4 3 1 0 0 0 1 1 0 0 0 0 0 0 0 0
13 15 9 35 24 28 37 44 50 44 23 20 25 11 8 3 1 2 1 2 2 1 1 2 4 8 21 19 5 6 6 5 10 20 4 11 32 51 59 69 65 40 27 38 54 80 86 82 88 84 37 48 43 39 23 17 32 55 71 74 27 28 34 27 49 84 55 31 15 8 11 27 13 13 7 17 11 3 2 1 1 1 2 1 0 0 0 1 0 0 0 0 0 0 0 0
12 27 29 36 48 39 54 40 64 54 33 53 42 17 45 26 25 10 3 1 1 1 1 1 2 3 7 26 4 3 7 4 20 14 23 22 18 17 9 6 55 60 25 42 34 42 65 67 83 87 81 52 52 64 39 45 27 61 74 65 67 25 41 31 20 75 85 58 36 11 6 7 27 15 8 6 9 9 3 2 1 1 1 1 1 0 0 1 0 0 0 0 0 0 0 0
3 5 11 46 58 49 76 75 77 75 62 62 36 55 67 57 31 15 25 8 5 3 3 3 4 12 27 8 6 8 6 17 34 19 26 35 30 26 19 18 16 29 26 28 19 39 70 47 67 80 88 58 48 45 54 48 10 48 65 63 62 40 27 25 11 59 76 74 40 31 5 2 16 29 9 2 2 2 3 1 1 1 1 1 1 0 0 0 0 0 0 0 0 0 0 0
7 11 17 58 65 71 71 61 56 82 85 64 73 75 74 61 38 37 33 25 13 2 7 13 27 59 52 10 4 8 11 17 14 21 15 26 29 34 41 25 16 17 16 13 29 36 53 48 17 63 79 85 43 34 41 21 16 12 36 44 77 69 15 16 28 39 41 64 18 27 18 3 4 13 9 5 2 2 3 2 1 1 0 0 0 0 0 0 0 0 0 0 0 0 0 0
5 7 8 8 8 12 33 42 43 17 41 79 88 82 78 48 44 68 46 32 41 7 10 6 6 8 44 59 15 5 12 16 17 34 30 22 32 32 46 28 36 47 38 29 21 12 52 54 42 29 56 75 56 29 13 11 26 10 17 39 38 32 21 15 17 25 14 63 14 18 11 12 1 5 6 9 5 3 4 2 2 1 0 0 0 0 0 0 0 0 0 0 0 0 0 0
2 5 10 29 30 37 70 36 36 28 34 19 62 82 86 68 63 69 39 42 23 44 19 30 24 10 6 10 17 9 4 15 25 46 17 21 15 25 42 38 32 32 25 26 39 34 32 12 33 60 35 43 11 13 7 19 15 21 15 16 34 38 28 18 6 7 7 38 40 9 3 8 6 2 3 2 4 2 1 1 1 1 1 1 0 0 0 0 0 0 0 0 0 0 0 0
3 8 5 5 15 11 20 27 25 34 19 7 18 41 66 78 77 35 12 15 15 46 31 46 31 26 17 7 7 16 9 54 43 20 59 34 34 36 41 28 34 51 56 45 51 33 38 21 22 16 58 38 30 17 11 9 17 17 11 13 24 41 24 12 11 7 12 26 46 20 6 3 9 5 2 1 1 2 2 1 1 0 1 1 0 0 0 0 0 0 0 0 0 0 0 0
8 1 5 12 23 29 17 19 23 32 40 27 49 24 23 30 42 26 18 28 53 17 22 40 65 67 14 17 9 52 27 28 61 49 69 30 72 39 31 29 34 36 34 44 35 37 36 24 21 19 17 26 18 18 20 14 11 15 7 3 6 10 19 15 16 10 7 11 15 19 8 8 9 3 4 1 1 2 1 1 1 0 0 0 0 0 0 0 0 0 0 0 0 0 0 0
26 8 21 11 13 25 21 32 43 42 28 30 14 37 48 32 36 27 18 31 13 42 38 28 13 31 36 46 47 10 17 46 42 17 33 32 17 56 27 34 35 44 22 29 18 20 18 25 28 26 13 7 27 31 17 23 13 11 9 8 4 8 19 7 7 7 5 7 8 17 3 5 3 2 2 1 1 0 1 1 1 0 0 0 0 0 0 0 0 0 0 0 0 0 0 0
41 31 5 5 24 11 36 59 25 23 38 33 31 56 20 36 22 20 16 12 22 32 31 33 28 17 23 27 15 24 10 47 28 40 42 56 15 25 47 19 25 42 34 43 39 15 21 24 16 24 9 15 4 10 9 30 8 11 7 14 7 6 3 2 2 1 1 2 3 3 2 1 3 2 1 3 2 1 1 1 0 0 0 0 0 0 0 0 0 0 0 0 0 0 0 0
44 34 61 17 15 35 9 8 41 48 19 44 21 48 20 41 37 27 23 35 43 49 34 18 32 32 25 30 53 55 42 12 10 16 40 30 28 8 47 41 39 30 14 20 33 31 20 11 18 20 14 4 24 12 9 26 14 4 8 3 3 5 2 2 1 0 0 0 2 3 3 1 1 2 2 2 2 1 2 1 0 0 0 0 0 0 0 0 0 0 0 0 0 0 0 0
27 42 55 41 9 7 37 18 5 15 33 24 12 20 35 28 19 13 20 28 38 39 68 51 38 36 33 30 60 70 45 29 13 27 45 39 55 27 9 50 28 40 37 31 17 15 19 23 17 18 6 2 5 3 2 9 5 4 4 2 2 4 2 2 2 1 0 0 0 1 2 1 2 2 2 3 3 2 1 1 0 0 0 0 0 0 0 0 0 0 0 0 0 0 0 0
45 45 71 51 59 26 10 55 19 25 56 21 38 29 18 40 18 18 19 18 15 30 53 47 39 43 38 34 48 69 76 51 27 21 60 55 58 38 17 27 69 28 25 56 34 33 24 26 23 9 5 2 1 2 2 2 4 3 2 1 1 1 2 3 1 1 0 0 0 0 0 1 1 0 1 1 1 2 1 0 0 0 0 0 0 0 0 0 0 0 0 0 0 0 0 0
55 45 40 62 37 45 48 18 64 37 51 65 50 57 40 22 23 19 28 51 24 41 64 59 41 41 41 30 21 24 67 58 40 30 26 62 44 32 25 16 21 53 16 16 18 19 20 26 36 15 20 6 3 2 2 1 2 1 1 5 1 1 1 1 0 0 0 0 0 0 0 0 0 0 0 1 1 0 1 0 0 0 0 0 0 0 0 0 0 0 0 0 0 0 0 0
25 65 57 67 53 62 67 57 35 27 18 13 25 19 21 49 37 25 42 15 59 27 68 76 41 44 46 28 17 7 15 42 60 41 16 41 53 23 48 37 27 15 40 43 21 20 30 18 24 10 23 7 2 2 1 1 1 1 1 2 2 1 0 0 0 0 0 0 0 0 0 0 0 0 0 0 0 0 0 0 0 0 0 0 0 0 0 0 0 0 0 0 0 0 0 0
18 21 9 32 35 9 14 10 35 29 49 48 47 53 22 24 49 46 41 41 31 24 60 82 63 56 51 50 30 10 9 10 51 35 37 34 54 20 48 51 36 16 12 37 26 33 21 16 18 6 2 2 4 3 2 2 1 0 0 0 0 0 0 0 0 0 0 0 0 0 0 0 0 0 0 0 0 0 0 0 0 0 0 0 0 0 0 0 0 0 0 0 0 0 0 0
19 32 25 13 15 30 22 20 24 49 28 47 35 20 30 45 26 18 27 44 26 73 45 65 73 55 62 54 54 25 11 13 8 24 37 39 45 22 47 28 35 34 23 19 30 20 18 27 18 11 7 2 3 1 1 1 1 0 0 0 0 0 0 0 0 0 0 0 0 0 0 0 0 0 0 0 0 0 0 0 0 0 0 0 0 0 0 0 0 0 0 0 0 0 0 0
37 26 32 20 30 48 32 24 37 40 21 29 29 14 30 52 36 39 25 27 62 47 35 29 75 50 23 18 17 12 14 6 14 6 12 18 77 56 29 42 27 15 24 25 15 26 12 12 27 20 13 5 2 1 1 1 0 0 0 0 1 1 0 0 0 0 0 0 0 0 0 0 0 0 0 0 0 0 0 0 0 0 0 0 0 0 0 0 0 0 0 0 0 0 0 0
23 18 18 16 7 19 19 24 16 12 35 31 29 11 23 33 24 35 43 71 48 32 42 60 76 67 33 25 25 27 24 23 9 13 14 9 6 8 22 24 18 32 12 22 16 25 24 12 26 13 13 10 5 2 1 0 0 0 0 1 1 2 2 1 0 0 0 0 0 0 0 0 0 0 0 0 0 0 0 0 0 0 0 0 0 0 0 0 0 0 0 0 0 0 0 0
13 8 14 7 17 14 17 11 7 6 10 15 16 28 24 26 22 39 35 27 29 30 16 9 17 18 14 21 44 45 27 50 36 13 9 7 8 8 6 19 15 29 21 9 26 15 21 14 11 5 6 5 3 2 1 1 0 1 1 2 3 2 2 2 1 0 1 1 0 0 0 0 0 0 0 0 0 0 0 0 0 0 0 0 0 0 0 0 0 0 0 0 0 0 0 0
16 9 14 3 7 7 16 24 49 44 40 6 11 23 20 12 21 37 54 40 45 20 29 23 16 20 49 27 31 42 55 40 23 23 26 5 3 4 7 10 9 15 21 23 21 17 10 7 14 6 4 3 1 1 1 2 1 3 4 2 5 3 3 2 2 1 1 2 2 1 1 0 0 0 0 0 0 0 0 0 0 0 0 0 0 0 0 0 0 0 0 0 0 0 0 0
4 5 3 3 15 16 8 26 63 67 49 55 30 13 22 35 29 42 43 22 15 19 41 31 28 29 43 20 10 29 25 17 8 14 23 14 6 5 10 6 4 7 6 7 10 10 10 5 7 5 2 1 1 2 4 3 4 5 5 6 3 6 6 4 7 2 2 2 2 2 0 0 0 0 0 0 0 0 0 0 0 0 0 0 0 0 0 0 0 0 0 0 0 0 0 0
3 6 15 15 21 17 34 28 10 25 56 51 52 60 67 54 78 49 40 42 14 9 36 24 26 37 21 19 13 10 25 26 26 18 25 12 8 18 21 6 4 17 7 10 6 3 8 3 3 2 1 2 5 8 8 9 6 5 5 7 5 9 9 12 10 6 3 2 2 2 1 1 1 1 0 0 0 0 0 0 0 0 0 0 0 0 0 0 0 0 0 0 0 0 0 0
9 2 2 8 34 39 50 74 66 36 44 73 63 48 73 56 82 81 79 57 30 46 9 11 11 10 31 35 36 47 15 51 48 24 8 12 4 14 14 8 18 9 8 6 7 4 5 4 3 3 6 5 14 24 22 13 17 8 9 9 7 15 15 14 9 7 4 3 4 3 2 0 0 0 0 0 0 0 0 0 0 0 0 0 0 0 0 0 0 0 0 0 0 0 0 0
13 14 32 8 6 27 49 68 71 38 30 77 42 38 74 53 52 29 46 59 19 31 24 19 14 19 26 34 32 53 25 15 14 31 20 18 7 27 13 11 17 22 16 14 14 20 16 10 3 12 20 19 24 38 38 35 12 7 28 14 11 17 17 10 15 13 2 9 8 3 2 1 1 0 0 0 1 0 0 0 0 0 0 0 0 0 0 0 0 0 0 0 0 0 0 0
38 15 25 52 34 17 17 28 29 69 26 70 48 46 69 35 16 24 37 25 19 9 25 15 21 35 35 17 12 34 24 15 7 5 8 7 23 25 11 7 38 37 19 41 30 14 13 6 5 17 35 35 36 66 30 25 19 9 40 17 15 18 27 27 17 11 8 9 3 2 2 1 1 1 1 0 1 0 0 0 0 0 0 0 0 0 0 0 0 0 0 0 0 0 0 0
64 59 27 52 63 76 66 37 16 17 47 75 66 27 68 33 34 26 37 27 13 10 32 14 31 27 29 26 21 16 10 12 13 19 24 15 29 6 12 21 38 38 48 47 24 11 6 10 23 19 33 54 68 37 24 30 29 15 56 23 46 16 32 14 14 32 15 6 10 3 2 2 4 4 1 0 0 1 0 0 0 0 0 0 0 0 0 0 0 0 0 0 0 0 0 0
59 71 70 62 65 82 70 85 58 13 38 67 13 26 49 47 36 15 49 10 10 9 18 11 46 31 17 14 13 4 3 13 21 14 33 12 40 9 29 28 55 58 63 26 21 13 13 27 40 38 35 60 59 37 42 58 46 27 64 58 28 34 30 36 50 25 17 11 6 2 2 12 4 0 1 1 0 0 0 0 0 0 0 0 0 0 0 0 0 0 0 0 0 0 0 0
54 78 77 84 76 72 82 81 70 41 35 34 42 16 49 39 30 20 14 9 9 10 28 15 22 20 17 36 27 25 28 28 17 8 11 24 55 25 31 41 68 67 47 26 14 23 27 55 66 49 41 64 51 36 51 71 34 52 58 51 58 23 35 66 60 29 20 8 9 11 5 5 3 2 1 0 0 0 0 0 0 0 0 0 0 0 0 0 0 0 0 0 0 0 0 1
13 69 82 69 77 35 61 71 71 69 59 66 47 14 52 73 45 19 23 16 8 17 26 16 13 17 28 8 13 14 5 12 9 24 54 35 55 27 27 43 67 45 21 11 23 47 45 48 76 58 62 64 35 58 71 63 31 54 43 66 54 62 65 51 36 20 22 9 4 1 1 1 0 0 0 0 0 0 0 0 0 0 0 0 0 0 0 0 0 0 0 0 0 0 0 1
28 26 51 24 12 13 20 17 22 11 15 29 59 19 11 51 59 44 34 30 16 12 9 11 29 9 18 18 45 39 8 21 24 28 65 67 76 42 28 55 49 22 13 28 56 57 51 51 77 58 66 77 67 58 76 64 62 38 60 66 42 63 46 15 6 6 3 5 9 7 5 3 4 1 0 0 0 0 0 0 0 0 0 0 0 0 0 0 0 0 0 0 0 0 1 1
30 28 13 18 28 54 56 22 27 5 12 13 8 4 17 9 12 20 10 8 6 28 14 17 8 30 27 33 19 30 27 46 40 42 67 77 60 51 45 60 31 28 27 48 62 59 69 46 67 76 69 82 86 71 64 80 81 61 79 74 72 79 51 58 31 23 19 12 6 1 2 2 1 1 1 1 0 0 0 0 0 0 0 0 0 0 0 0 0 0 0 0 0 0 1 2
49 50 38 35 53 61 63 51 22 17 29 20 24 17 16 22 17 7 6 9 12 34 15 16 29 34 17 61 54 41 53 59 53 56 65 43 29 44 26 57 44 36 34 50 64 71 75 66 71 79 69 80 77 76 31 42 75 82 79 64 21 15 31 24 48 22 12 18 4 2 1 1 2 1 0 0 0 0 0 0 0 0 0 0 0 0 0 0 0 0 0 0 0 0 1 1
32 10 40 48 57 50 53 33 10 20 20 26 51 41 19 19 8 14 12 13 4 7 49 32 22 7 12 32 46 37 38 47 64 41 67 29 42 31 11 54 43 41 52 65 65 78 79 64 81 87 66 46 47 37 21 21 52 63 47 28 33 23 19 26 15 11 10 3 7 3 3 1 1 1 0 0 0 0 0 0 0 0 0 0 0 0 0 0 1 0 0 0 0 1 1 1
