sesion_6_simulaciones/modelos_agentes/ejemplos_netlogo/scenarios/echam4_a2/rob_2082.asc
NCOLS 322 
NROWS 307 
XLLCORNER 451900 
YLLCORNER 4086900 
CELLSIZE 100 
NODATA_value -9999 
[rows 0 to 72 of 307, columns 192 to 287 of 322]
10 8 5 4 12 25 11 5 6 8 12 5 4 3 6 5 4 4 7 8 9 11 8 10 18 32 20 38 40 68 34 14 15 4 3 5 10 10 7 23 27 13 13 38 40 36 23 30 37 38 19 18 19 18 11 10 6 33 7 5 1 1 1 3 2 1 2 2 1 3 1 1 1 1 4 1 1 2 6 2 1 1 2 4 5 3 8 4 4 4 1 2 3 10 2 0
11 5 8 7 9 21 5 9 18 12 9 7 12 12 8 8 13 3 7 12 16 11 7 8 11 41 18 23 17 29 68 43 11 7 4 3 6 9 18 13 25 9 5 16 20 22 31 23 32 61 69 38 16 13 9 8 21 19 23 2 2 1 3 2 2 1 2 2 3 1 0 2 1 2 9 2 8 5 3 3 2 4 6 4 4 2 6 7 6 5 2 3 2 3 2 1
4 9 4 5 11 13 8 4 3 9 11 12 21 26 14 26 18 18 29 32 35 19 16 11 7 11 10 4 5 12 16 50 40 12 14 7 6 5 12 4 3 5 23 38 32 43 35 34 41 50 46 31 28 13 18 31 8 9 12 3 3 3 3 1 1 4 1 1 1 2 1 2 2 3 18 3 16 9 3 6 3 2 5 7 5 2 4 4 8 4 2 10 3 7 2 0
5 6 16 16 8 6 6 7 8 21 10 22 34 27 22 40 31 17 28 48 40 41 38 25 22 16 3 6 6 3 8 16 7 12 10 10 12 5 5 4 12 22 12 12 20 49 37 35 11 19 11 10 11 22 13 18 16 5 8 9 9 2 2 3 1 4 2 3 8 2 3 3 1 1 9 4 6 4 6 6 3 3 5 10 6 2 3 8 12 3 7 5 4 7 1 0
3 2 7 2 14 19 16 11 22 19 22 15 21 18 24 43 30 37 45 54 55 39 35 39 28 39 24 37 31 9 5 2 8 6 7 12 4 2 4 6 10 11 17 23 18 22 17 21 37 44 40 23 14 10 33 37 9 8 3 2 8 5 2 2 2 4 2 2 2 1 1 1 2 1 4 4 3 8 19 22 13 3 3 12 11 8 1 7 7 12 10 4 7 11 2 0
5 4 9 8 4 7 26 8 26 22 16 26 9 28 40 44 54 50 19 23 43 28 23 37 37 40 23 41 35 16 17 10 4 4 2 1 1 3 2 3 7 14 20 34 48 60 56 54 41 20 19 16 24 34 61 31 12 9 3 14 19 11 5 4 2 5 1 2 4 3 6 4 4 3 3 5 9 9 13 7 9 18 13 10 13 9 3 5 7 8 3 5 7 6 3 1
3 2 3 9 6 5 29 8 6 15 22 59 33 16 39 55 48 52 26 10 18 39 48 57 34 34 41 34 38 36 30 24 25 23 15 4 7 10 5 1 6 13 25 32 58 34 35 37 49 31 33 68 26 46 56 23 12 16 6 13 13 9 5 5 7 4 4 4 6 2 4 5 4 8 9 5 2 6 14 14 7 20 11 6 3 17 5 4 5 5 4 8 13 20 3 2
2 2 3 4 15 12 28 37 8 4 10 17 49 15 6 22 14 27 31 18 14 30 18 31 32 28 35 27 41 39 38 39 38 40 37 20 27 14 7 4 8 27 37 44 48 47 43 67 80 70 66 34 52 45 54 27 12 4 6 7 7 3 1 2 1 3 2 3 8 3 3 3 5 9 12 7 2 10 20 7 19 35 21 7 3 15 11 5 5 12 11 10 26 10 5 3
6 5 6 4 10 9 20 45 48 18 9 10 24 42 23 17 11 36 45 30 25 43 14 27 55 39 33 38 41 53 51 51 56 52 39 36 21 11 4 7 17 23 38 41 63 59 47 54 68 74 54 32 74 52 47 18 5 23 32 15 13 6 11 4 4 12 3 4 2 2 4 4 6 8 7 4 2 5 7 12 20 32 17 11 5 7 8 5 4 19 12 17 12 17 5 8
3 5 8 5 6 3 18 17 52 38 29 19 19 29 38 19 20 16 49 46 44 54 23 27 46 47 36 36 29 44 13 35 58 57 46 24 16 13 7 8 8 16 30 39 60 31 27 72 50 36 27 85 63 58 31 12 19 29 23 24 10 40 26 6 9 2 4 5 6 2 3 6 7 5 4 3 2 4 22 8 4 19 21 20 12 6 13 4 6 7 8 27 15 23 9 30
5 6 8 11 6 3 2 3 8 26 16 13 11 38 28 20 31 8 20 48 37 62 67 29 37 33 61 42 18 40 52 20 9 9 18 39 24 15 9 9 14 18 39 63 29 55 59 64 22 28 71 77 48 53 21 11 18 21 12 17 39 49 15 4 3 4 5 4 8 6 11 7 9 10 6 5 2 2 6 11 11 28 48 22 28 11 7 11 3 11 26 9 15 10 10 52
12 9 5 9 10 10 7 5 4 5 7 8 16 19 19 17 16 31 25 30 58 64 58 42 10 27 59 50 26 26 55 57 16 7 8 12 33 17 2 7 34 43 48 26 14 15 47 19 27 62 85 74 51 34 11 32 23 13 13 51 38 27 2 5 6 4 8 6 5 7 6 7 11 17 16 13 5 3 10 11 11 58 29 46 26 22 11 6 4 20 18 8 25 7 27 65
20 12 12 25 22 24 23 13 26 17 17 14 9 8 10 13 17 52 48 27 24 47 45 41 12 27 44 39 34 17 15 35 16 5 2 4 16 24 3 9 32 36 35 52 49 42 70 19 43 79 74 47 11 32 49 49 41 42 67 57 8 6 5 3 2 2 4 2 5 4 2 5 14 23 25 14 6 1 10 16 44 46 14 27 40 23 18 5 5 21 16 11 32 8 28 41
47 32 24 29 29 31 23 23 24 28 30 39 20 19 14 15 14 11 13 14 25 24 15 25 22 33 37 39 18 10 13 24 24 18 3 2 8 19 13 18 18 34 30 18 19 63 40 28 62 51 34 12 23 39 41 40 56 54 37 5 15 20 11 5 4 2 1 1 4 4 6 14 11 11 13 18 10 2 6 15 44 17 10 32 59 29 23 11 4 8 9 13 20 9 26 22
12 44 41 44 34 34 18 28 15 18 35 31 29 33 38 39 38 24 10 13 11 10 9 22 26 27 22 16 6 3 14 17 18 14 4 3 13 24 26 17 17 20 30 19 12 26 22 27 32 27 8 16 27 29 38 41 37 7 19 19 19 12 14 32 35 19 12 5 4 7 11 9 15 16 11 10 6 3 7 17 25 11 7 50 63 62 35 39 20 5 8 14 12 12 36 30
25 45 54 27 38 61 36 18 34 26 21 36 35 46 54 45 46 26 22 25 20 12 8 7 23 17 7 5 3 4 4 17 24 27 17 8 11 17 19 25 18 20 20 15 6 10 35 41 24 14 28 21 20 27 28 31 9 31 25 17 20 37 47 28 20 29 7 3 12 2 11 37 14 13 17 22 26 16 6 19 22 11 4 10 34 64 19 12 18 21 5 20 9 13 43 38
61 14 67 41 39 59 71 71 34 14 25 27 46 46 47 42 53 48 42 43 42 41 26 14 9 11 23 23 14 10 3 3 5 11 19 15 16 18 17 28 18 17 14 13 10 7 9 9 23 43 28 47 40 25 17 32 35 29 24 17 36 33 52 35 32 12 5 10 6 8 9 3 17 7 18 30 41 27 20 7 38 19 13 3 11 42 53 17 7 9 4 5 11 22 16 18
40 11 55 34 56 61 66 41 72 73 43 50 54 23 27 29 47 51 45 43 43 45 43 24 21 24 38 31 24 19 4 2 2 2 7 12 15 15 16 19 19 17 11 7 3 13 26 44 45 37 39 57 50 46 21 31 25 46 37 28 55 49 39 28 11 9 11 13 8 6 4 4 16 19 27 29 33 40 32 12 8 17 18 13 5 18 33 23 18 3 9 1 12 19 9 9
35 34 40 45 33 60 66 39 45 78 47 69 81 57 43 33 51 68 69 60 60 46 30 25 36 25 40 38 50 22 23 21 23 14 10 7 11 8 16 15 8 6 3 6 22 33 49 47 40 41 51 56 47 32 44 44 43 36 24 30 48 26 12 5 12 8 6 31 17 4 7 3 19 22 4 13 49 35 42 36 10 7 36 20 13 5 20 25 24 11 2 2 17 8 2 2
46 18 28 45 38 48 76 39 28 64 71 81 83 73 75 66 29 46 49 64 49 44 43 39 40 39 39 48 48 47 36 32 30 29 25 15 9 8 6 6 3 2 13 21 49 44 46 55 33 51 57 40 53 46 47 43 11 7 15 31 61 27 7 18 22 13 22 24 11 9 8 2 5 24 19 5 14 23 38 41 39 12 11 26 19 7 4 14 28 20 2 1 10 2 8 16
73 37 37 42 15 37 68 45 60 47 68 57 75 49 61 66 31 23 46 67 48 62 44 28 59 51 40 34 43 41 34 22 29 27 34 26 20 10 6 1 2 7 27 45 48 52 31 27 53 69 46 47 58 61 67 55 27 17 23 34 42 13 9 24 18 11 12 4 13 18 13 3 3 8 33 14 5 9 56 30 32 16 6 15 18 5 6 21 13 13 1 2 2 3 16 34
56 20 51 50 21 16 43 74 27 50 82 77 82 61 57 34 37 12 27 75 71 53 41 40 30 32 14 16 25 25 34 33 23 21 35 31 21 18 11 3 7 20 32 39 28 43 38 52 49 42 32 40 43 70 70 67 58 41 28 26 19 8 16 17 23 16 12 7 9 19 8 3 3 7 31 18 7 8 17 41 33 28 12 7 20 7 11 17 10 4 4 12 5 10 31 40
76 29 70 74 46 30 32 57 28 31 84 74 61 40 23 46 40 35 14 31 41 60 78 78 52 22 41 29 15 23 23 19 14 17 25 39 30 13 6 2 4 25 42 44 22 27 14 29 16 17 13 32 46 30 46 68 46 26 12 58 22 6 14 15 10 13 30 12 15 6 4 4 10 19 48 19 9 14 25 56 34 18 11 4 9 16 11 17 7 3 10 40 17 17 17 32
73 65 58 78 29 41 45 60 57 31 34 29 36 64 34 25 53 49 29 42 46 48 74 64 60 29 37 43 34 13 16 15 15 15 18 22 30 14 7 1 8 11 11 22 16 10 17 19 29 24 15 29 22 28 28 19 10 21 45 33 8 13 16 10 14 32 17 11 18 11 4 7 11 27 30 14 17 16 30 51 38 44 22 6 5 8 11 17 3 5 14 11 25 36 17 20
48 41 57 57 44 21 55 70 49 24 43 30 32 55 60 38 45 52 46 24 27 36 46 39 37 27 34 49 46 25 15 12 11 11 12 15 11 21 8 1 4 11 24 27 32 39 42 37 28 31 38 19 12 6 6 12 22 23 58 27 6 22 13 8 19 42 14 24 23 11 7 8 15 43 24 14 28 19 27 45 36 39 37 24 7 4 12 7 3 21 22 20 20 18 49 15
29 39 26 57 32 16 62 72 51 27 23 35 34 26 55 53 33 26 37 39 21 22 34 38 35 29 19 42 63 23 18 12 5 3 5 4 12 10 15 4 7 13 13 18 32 33 43 20 18 33 30 41 29 41 25 24 24 44 51 7 11 16 10 6 19 31 15 18 19 16 7 7 21 49 17 28 33 17 14 25 26 37 27 13 15 4 3 8 18 34 35 32 37 20 12 30
22 27 17 21 15 41 61 54 37 21 12 24 24 14 14 37 42 41 36 38 21 19 22 29 14 18 19 19 25 35 30 10 5 3 3 5 9 6 12 6 4 5 7 14 22 25 17 20 31 27 40 36 30 37 44 55 61 75 35 6 12 14 7 11 43 32 8 21 25 15 10 6 17 48 19 17 21 27 7 14 27 38 17 13 5 4 7 22 39 33 37 28 31 37 44 17
16 15 8 5 6 8 12 16 14 10 7 6 6 4 6 11 17 14 25 33 20 17 16 14 7 8 25 19 20 22 30 22 21 10 4 5 7 5 12 4 5 3 7 9 12 16 30 25 19 46 31 32 34 34 46 76 64 52 7 18 19 10 18 29 67 18 29 14 15 18 18 10 29 51 27 17 21 32 9 14 26 34 24 29 14 2 8 20 21 14 12 9 8 11 25 23
7 9 11 10 5 2 3 3 4 2 3 2 2 2 2 2 3 3 5 10 14 11 10 6 7 9 25 20 17 14 15 14 9 8 13 7 4 5 6 5 4 10 29 31 31 32 44 61 23 38 25 24 27 22 66 60 33 7 19 24 20 14 29 59 28 12 26 15 17 22 16 9 18 48 64 34 27 23 13 12 26 41 34 22 11 2 8 10 6 16 16 20 19 15 11 20
12 22 19 30 18 8 6 5 6 18 18 20 21 22 33 21 19 18 6 2 4 3 3 4 2 12 13 10 13 9 7 4 11 9 7 7 3 1 3 5 13 30 33 32 37 47 49 32 54 35 27 21 30 32 70 28 15 20 27 26 18 16 29 62 20 12 13 26 16 9 7 10 36 55 25 52 37 24 11 7 37 32 40 21 10 2 9 19 30 38 19 28 31 24 17 6
21 34 32 37 29 11 11 32 22 33 33 40 37 38 38 40 37 35 32 19 11 8 8 4 1 1 3 6 11 6 5 5 7 9 7 5 1 1 4 10 30 31 34 49 53 59 55 43 46 63 58 51 33 50 31 16 6 32 25 28 11 17 36 50 25 9 15 25 21 17 4 10 52 22 16 62 51 33 17 7 23 19 35 20 5 6 18 19 18 27 21 17 10 9 9 19
35 36 36 38 27 21 22 40 37 36 35 39 55 41 51 52 43 37 34 36 23 37 31 15 13 10 6 2 2 2 2 2 2 7 5 2 2 4 10 32 33 33 37 40 53 57 60 71 55 53 38 75 55 33 38 34 12 29 33 41 35 22 46 17 7 25 33 15 31 14 5 12 26 23 15 64 36 35 17 12 25 23 22 16 4 11 34 40 38 25 17 7 13 13 11 17
53 51 38 53 41 25 25 32 31 36 56 54 53 58 56 40 42 37 37 37 37 43 41 30 26 27 15 11 7 8 11 18 7 3 3 2 2 4 11 29 31 35 34 42 56 55 65 65 51 52 41 24 45 42 54 12 27 33 25 34 23 29 30 39 41 23 15 13 41 30 13 9 28 20 33 69 33 31 27 13 15 24 21 8 13 24 35 55 54 42 39 19 21 26 23 53
51 52 56 43 40 40 26 41 53 55 60 52 55 44 52 43 41 42 38 53 50 53 40 34 30 48 29 25 14 14 39 18 11 4 1 1 1 4 9 19 17 23 31 34 44 62 40 18 69 63 48 32 50 56 12 10 24 25 23 36 41 43 47 23 17 15 25 20 18 25 21 12 31 25 34 51 45 49 30 14 13 20 11 9 22 26 25 24 15 13 12 20 28 27 66 69
47 49 57 58 56 30 27 41 52 60 57 51 53 51 50 51 39 62 56 55 35 29 31 36 36 37 32 28 28 33 16 13 6 6 5 5 3 2 7 19 20 30 46 35 25 31 25 38 39 50 49 18 37 9 16 10 13 18 17 31 46 55 29 47 30 15 16 17 17 31 36 14 17 25 38 43 48 30 26 15 8 13 12 16 33 15 16 21 35 34 28 21 14 61 43 59
56 70 59 29 49 29 41 40 65 54 49 49 49 66 68 52 56 54 42 60 41 40 24 50 52 32 31 33 55 22 11 11 10 9 13 7 7 8 12 15 31 39 50 21 29 31 28 45 41 38 28 19 25 9 17 8 18 34 38 49 33 24 35 50 20 10 9 11 25 25 24 15 12 25 26 53 52 38 28 15 7 8 19 34 46 43 34 26 30 21 16 40 49 63 43 27
64 75 42 44 59 37 29 62 57 66 36 52 59 53 71 58 36 28 56 49 46 42 17 56 27 24 36 51 21 13 17 24 21 20 17 15 15 12 4 7 24 33 20 18 19 37 66 63 52 37 32 18 16 15 22 29 36 26 18 20 22 28 29 51 27 13 15 14 13 12 15 20 12 24 41 39 35 48 32 16 7 25 43 30 38 54 49 48 41 37 18 35 39 42 47 22
47 64 33 36 57 36 34 65 53 60 25 45 64 48 67 40 38 41 56 62 53 30 32 24 27 42 65 18 14 28 27 26 27 24 19 17 13 14 6 5 4 6 11 17 34 60 64 49 67 32 25 14 30 24 28 18 14 7 23 24 17 36 33 31 14 47 52 44 32 32 21 22 12 22 27 23 32 38 19 6 13 38 56 63 55 60 64 52 41 37 38 47 19 8 42 33
56 28 33 28 49 27 30 56 69 53 18 51 66 54 56 60 37 54 73 61 47 25 48 28 48 56 17 20 33 33 26 24 42 28 35 20 19 21 22 13 13 12 11 25 64 48 65 29 35 51 21 22 38 30 27 22 15 24 54 52 38 34 64 34 44 34 45 52 30 23 23 23 14 11 18 29 20 31 9 3 18 32 31 47 47 25 40 15 11 12 8 64 50 29 23 14
73 48 34 23 35 21 38 52 77 38 21 36 52 53 58 34 30 79 55 20 25 52 49 40 52 32 32 36 50 51 35 41 40 38 20 33 23 36 26 24 15 7 2 8 39 35 40 18 13 12 9 22 28 37 29 44 45 44 30 38 55 54 32 53 44 46 20 44 66 35 20 15 13 6 13 19 14 22 13 12 26 39 36 37 28 15 18 24 34 54 67 85 65 31 24 11
54 54 27 28 34 17 26 44 53 31 16 32 65 61 29 47 39 48 22 16 30 63 70 58 49 52 40 38 51 40 35 64 46 22 21 37 27 41 37 22 19 13 8 8 3 6 4 4 14 28 42 40 49 47 42 50 38 30 51 69 74 72 52 59 14 76 64 24 27 66 62 48 33 18 5 16 17 9 8 12 27 24 22 34 23 24 49 52 48 37 49 74 45 34 27 13
39 28 18 28 24 19 13 33 40 21 12 26 55 42 37 37 25 19 7 26 48 60 51 29 28 18 17 58 54 39 52 54 39 21 29 39 41 42 42 13 17 13 16 15 15 6 3 8 18 23 36 35 43 40 31 31 39 54 42 84 76 47 40 79 57 35 74 42 25 20 38 41 48 47 27 15 10 9 7 12 31 28 20 22 33 44 52 57 47 61 51 62 57 48 29 14
28 18 7 18 13 11 10 11 16 6 6 14 23 11 18 23 12 17 13 30 56 30 28 34 23 27 20 61 56 40 69 51 25 35 35 46 49 61 49 30 27 12 24 22 16 8 3 4 18 20 19 27 45 37 48 56 32 60 62 83 35 13 45 79 48 52 38 73 42 14 20 28 45 40 41 39 16 8 4 9 23 26 25 20 24 39 70 51 35 76 50 48 55 26 17 16
7 5 4 9 7 4 7 4 14 14 8 7 10 11 23 30 24 35 18 28 48 32 31 33 27 24 25 59 55 40 65 44 41 41 38 54 52 53 28 34 46 35 27 17 9 4 2 1 10 21 21 35 47 40 38 46 27 45 73 49 34 19 67 80 65 26 21 31 56 33 21 19 24 20 46 25 19 9 5 9 17 25 30 22 51 66 80 54 48 78 49 24 32 48 19 10
5 1 5 6 5 8 9 29 28 57 56 44 9 19 28 35 41 21 18 41 40 26 28 19 23 33 22 51 53 57 48 44 40 44 44 57 70 53 39 34 64 52 15 8 8 3 2 3 16 21 41 40 41 43 26 28 47 69 81 41 27 31 46 79 74 57 28 10 49 53 38 21 20 22 56 24 13 9 5 18 23 33 33 39 43 34 38 33 48 45 60 49 49 44 13 2
2 2 4 7 21 32 44 52 35 33 43 50 51 34 14 21 21 15 20 23 14 23 24 28 43 33 34 66 52 70 42 43 41 51 55 71 75 47 50 46 59 36 24 15 12 16 12 2 8 26 22 32 29 22 22 38 55 70 61 54 31 30 33 86 59 57 54 9 42 64 55 21 19 22 26 43 21 6 6 21 22 34 49 54 50 36 38 27 36 37 45 36 28 13 4 8
6 6 3 3 8 15 38 15 16 14 33 41 37 43 18 13 19 30 34 18 18 24 22 35 57 43 33 60 58 52 35 51 41 53 51 67 54 49 62 37 24 23 37 35 28 28 18 7 4 11 30 25 24 34 31 15 43 41 51 80 47 43 54 68 56 19 54 29 36 44 42 41 26 15 12 74 20 4 9 18 31 37 29 61 43 38 38 30 28 17 18 14 11 11 15 29
10 21 8 4 14 15 16 28 18 34 47 34 46 62 58 31 40 34 22 17 26 27 32 32 45 37 31 58 57 32 44 44 46 50 63 69 58 51 27 17 17 34 35 35 47 35 31 10 4 3 10 24 28 39 38 25 42 48 35 50 50 52 56 68 73 23 42 44 31 59 48 28 34 23 23 27 19 3 9 17 28 33 49 65 43 46 36 29 40 14 10 7 9 17 29 32
7 17 38 13 6 10 27 25 52 28 28 29 67 39 37 77 66 14 21 24 25 25 32 30 35 32 35 62 47 39 43 41 48 66 68 45 23 23 37 35 45 44 41 33 49 50 37 15 4 1 3 39 29 23 42 31 50 43 36 40 49 37 39 53 81 23 21 37 30 31 39 26 24 22 19 19 13 9 6 15 23 29 71 53 25 21 22 24 22 3 5 16 17 23 31 27
37 35 42 50 15 5 8 45 47 49 11 16 34 41 65 71 47 71 66 32 23 40 36 16 31 26 47 42 41 38 43 34 51 69 74 42 40 35 52 50 65 69 53 56 67 42 24 9 2 1 2 5 8 15 44 35 55 51 36 35 33 19 8 25 62 39 28 28 27 26 28 39 28 25 16 14 10 8 6 17 26 33 40 33 19 18 10 12 5 13 16 19 34 38 27 26
26 13 22 66 18 16 16 18 22 30 23 6 28 75 82 75 48 36 68 44 55 56 42 22 36 36 59 53 48 59 42 43 47 48 50 34 39 49 52 59 29 31 64 81 40 28 25 10 2 3 5 4 3 6 22 48 52 66 34 38 35 20 12 52 68 37 39 27 26 29 35 37 22 15 19 16 13 8 10 20 21 37 33 16 14 8 11 20 20 32 35 37 36 36 20 21
12 25 24 67 67 15 22 14 19 20 25 14 38 48 48 51 69 77 49 17 45 17 61 71 85 78 70 43 64 50 64 44 39 26 69 60 62 58 34 34 15 4 60 56 53 41 38 23 11 18 19 12 5 1 4 13 16 34 19 31 26 16 18 38 52 55 37 27 31 9 12 17 25 13 8 9 13 7 8 14 24 25 25 17 8 13 28 29 38 31 32 51 42 29 25 20
9 15 23 29 67 60 31 16 17 20 20 20 37 63 73 75 36 74 70 26 55 48 28 43 64 43 61 36 63 25 15 41 30 30 52 86 70 52 32 74 41 42 51 53 64 44 27 24 33 37 28 14 3 1 2 2 2 10 7 27 25 15 28 45 40 56 42 28 21 19 19 20 17 13 10 5 11 7 3 7 10 12 17 12 8 20 23 30 35 33 35 29 63 34 22 13
5 11 19 4 31 79 34 23 13 13 20 28 24 38 47 63 64 76 52 54 61 41 14 49 64 41 41 38 44 68 52 57 54 32 41 79 87 91 89 86 74 60 60 69 65 47 44 39 60 27 19 19 17 16 12 11 5 4 3 8 9 13 17 43 44 47 42 32 22 19 14 11 11 8 8 4 4 4 2 4 6 7 3 5 5 7 11 26 37 18 22 37 35 29 15 28
12 7 19 46 36 56 78 36 37 17 12 15 19 25 56 45 69 82 20 28 70 66 29 16 79 81 53 38 55 65 33 33 43 33 30 60 80 83 80 55 69 69 45 52 58 60 73 73 51 15 29 39 36 33 33 47 43 15 6 7 5 6 12 15 27 52 33 28 15 21 14 7 9 8 7 4 4 3 2 3 2 6 11 15 21 13 16 16 29 31 26 26 30 27 39 37
21 7 6 34 56 63 84 66 33 32 24 22 20 28 27 18 55 40 28 63 87 42 23 15 23 68 40 48 44 66 63 46 54 51 47 83 74 53 45 35 44 25 23 75 50 72 83 80 56 46 56 47 46 35 28 12 17 14 9 8 6 7 11 13 9 26 33 28 23 19 9 4 5 5 5 5 4 2 1 2 4 8 9 15 25 37 37 35 42 36 29 35 32 28 23 41
37 26 21 15 19 23 36 68 37 49 33 22 19 25 42 19 47 28 54 45 82 42 28 26 16 32 34 47 23 63 68 41 41 46 60 77 74 39 27 41 38 30 30 45 61 49 48 34 41 46 43 45 43 44 46 15 11 19 9 7 6 6 10 9 7 16 26 27 20 9 7 3 4 5 5 4 1 1 1 4 6 10 19 24 11 9 26 61 28 43 42 43 45 34 37 43
18 22 44 20 19 47 46 71 74 58 52 24 21 18 22 28 36 39 34 48 75 83 60 37 14 14 32 11 27 64 74 50 41 48 44 46 50 38 29 36 34 32 32 33 68 45 48 34 25 24 28 13 19 16 32 23 7 17 10 6 4 5 5 6 7 12 17 13 13 7 6 4 4 4 3 2 1 1 3 4 7 8 7 9 8 21 46 49 52 54 52 45 45 51 42 51
35 35 16 13 16 31 44 56 74 54 43 36 18 12 17 31 15 22 41 79 71 75 64 57 35 12 41 40 15 22 58 43 51 46 25 28 37 62 31 27 34 23 19 30 51 47 55 40 32 25 24 20 7 11 19 20 9 17 15 6 4 4 4 5 5 9 11 8 10 5 5 2 3 3 2 1 1 2 3 5 3 5 7 15 23 32 34 53 33 33 24 23 35 46 43 25
51 52 24 12 5 31 28 44 64 69 36 37 24 22 26 29 17 45 67 81 51 52 62 34 27 26 16 30 41 9 38 56 35 39 25 40 38 28 30 29 42 33 14 17 26 44 55 46 47 36 35 21 15 7 6 14 11 13 20 9 6 3 3 2 2 5 7 7 5 4 2 2 1 1 0 0 1 2 2 2 2 6 8 15 27 29 39 36 33 24 19 33 37 34 28 26
55 52 33 29 10 11 28 40 77 36 41 27 20 20 20 24 19 40 75 55 11 35 82 36 27 31 15 21 22 38 34 34 27 29 33 23 21 13 14 28 44 24 14 13 14 27 53 39 52 36 26 21 15 10 3 5 8 7 10 8 3 2 2 2 2 3 2 3 4 3 3 2 1 0 0 1 2 2 4 5 4 10 20 25 20 27 50 43 31 31 37 29 33 38 35 19
52 52 36 21 22 16 31 35 74 41 19 41 32 19 18 18 15 56 56 34 57 63 74 60 35 22 27 43 18 50 39 35 36 24 40 21 26 22 8 22 15 12 15 29 40 45 52 43 63 62 51 37 18 13 3 3 4 7 7 9 6 2 1 1 1 2 2 2 3 3 3 1 0 0 1 2 2 3 4 5 5 9 11 11 20 27 30 40 45 46 45 36 38 22 34 33
46 38 31 23 23 25 16 26 46 70 41 24 35 20 19 17 22 47 39 46 37 52 72 59 40 51 23 31 35 58 33 26 32 32 19 14 24 21 18 17 7 9 15 54 37 29 52 33 51 56 63 43 28 20 7 3 2 4 6 5 5 2 1 1 1 1 2 3 3 2 1 0 0 0 1 2 2 3 4 4 6 9 17 14 16 14 31 38 34 35 35 54 38 44 56 36
42 44 28 22 27 25 24 29 34 50 55 24 19 20 21 22 22 25 32 40 42 55 79 55 49 33 46 28 32 51 33 13 20 21 26 13 16 20 12 9 5 12 36 59 17 33 39 23 45 44 44 51 41 34 26 16 4 2 3 3 2 2 1 1 1 1 2 1 1 1 0 0 0 1 1 3 2 4 7 4 10 13 13 9 9 15 21 15 28 42 30 38 32 17 29 32
83 63 49 20 17 26 21 26 31 45 56 38 31 25 27 20 19 25 25 20 47 46 70 55 33 27 32 36 31 23 41 17 18 20 17 23 16 17 7 9 25 30 40 17 19 29 21 24 30 41 52 50 63 47 37 26 18 4 2 1 2 2 2 1 1 1 0 1 1 0 0 0 1 1 2 2 2 1 2 2 5 6 8 7 4 8 11 14 20 25 37 52 32 28 30 9
53 81 68 47 27 17 17 25 32 38 72 48 36 23 17 16 18 10 18 21 35 40 58 63 35 26 22 24 31 32 30 40 25 14 12 24 17 9 4 13 22 50 30 18 23 25 21 17 32 42 29 33 40 48 42 30 21 16 6 1 1 2 1 1 0 0 0 0 0 0 0 0 1 1 1 2 2 3 4 3 5 5 4 5 8 11 13 13 18 33 35 39 29 27 24 31
28 85 41 78 59 47 18 20 24 43 61 40 31 19 16 11 6 8 19 22 36 53 39 58 51 36 30 22 21 29 27 38 29 23 11 18 8 4 9 8 30 32 32 13 14 23 8 13 33 45 26 28 34 33 63 44 33 19 14 3 2 1 1 1 0 0 0 0 0 0 0 0 1 1 2 3 2 4 6 7 4 3 4 7 13 14 11 11 26 27 28 18 22 32 28 26
49 54 38 76 57 60 40 13 18 22 45 42 21 20 13 7 7 8 19 34 16 15 57 61 64 55 45 42 17 13 15 20 18 15 7 8 4 3 5 9 30 15 13 11 9 30 9 13 41 44 33 14 9 7 49 36 33 19 10 6 3 1 1 1 0 0 0 0 0 0 0 0 0 1 3 3 5 6 9 11 13 20 13 17 17 16 11 10 18 20 21 29 40 41 38 34
58 51 47 44 53 36 67 29 11 11 24 30 22 14 9 5 5 13 16 17 30 58 70 70 76 58 46 30 25 16 24 26 19 15 12 10 6 4 11 20 16 12 10 9 15 36 21 22 52 49 51 19 6 3 12 12 21 21 8 5 3 1 1 0 0 0 0 0 0 0 0 0 0 1 1 2 6 8 19 13 19 22 29 21 20 19 12 16 27 19 18 22 24 15 21 21
58 49 55 46 51 24 38 50 10 8 22 26 33 13 6 3 5 7 18 31 55 59 70 63 67 72 41 30 27 22 20 17 15 12 8 4 3 4 6 21 14 8 7 6 6 13 15 12 37 53 37 21 23 6 6 12 7 9 8 7 3 1 1 0 0 0 0 0 0 0 1 1 2 2 2 3 5 11 11 26 31 28 22 32 26 24 27 42 31 11 14 10 16 32 28 30
53 61 65 49 29 25 24 26 18 7 16 21 27 10 4 1 5 12 29 56 42 27 60 56 54 65 48 30 27 22 16 12 11 9 6 3 2 4 16 21 10 6 5 3 5 17 5 14 46 22 30 19 14 9 8 9 11 8 7 5 3 2 1 0 0 0 0 0 0 0 0 1 1 3 3 6 8 16 22 23 37 47 49 49 52 42 45 40 29 22 20 25 16 18 32 28
35 31 42 46 26 28 17 16 17 11 6 12 13 9 3 1 7 16 27 30 35 31 53 73 35 39 35 43 20 16 13 11 8 10 9 3 2 10 24 8 4 2 2 3 7 12 13 51 65 13 7 28 12 8 6 6 11 8 6 3 2 2 1 1 0 0 0 0 0 0 0 1 1 2 3 4 7 6 7 15 24 28 32 39 56 47 54 50 40 38 24 25 39 31 24 23
18 19 19 23 23 18 16 14 14 11 4 5 6 8 2 2 5 9 14 17 28 24 20 32 29 28 23 26 14 12 9 8 6 5 4 2 6 13 7 5 5 2 1 3 7 11 26 21 50 18 6 16 18 7 8 12 8 7 4 3 2 1 1 0 0 0 0 0 0 0 0 1 1 1 2 3 5 6 5 6 12 19 25 25 52 48 60 64 47 57 49 48 42 40 30 50
