sesion_6_simulaciones/modelos_agentes/ejemplos_netlogo/scenarios/echam4_a2/rob_2100.asc
NCOLS 322 
NROWS 307 
XLLCORNER 451900 
YLLCORNER 4086900 
CELLSIZE 100 
NODATA_value -9999 
[rows 144 to 215 of 307, columns 192 to 287 of 322]
11 66 81 77 89 84 55 27 39 41 47 31 32 25 13 4 2 8 23 14 3 4 4 1 0 0 0 0 0 0 0 0 0 0 1 1 0 0 0 0 2 1 0 2 6 14 9 16 29 35 38 41 50 42 51 61 62 46 53 63 62 56 56 39 45 47 49 40 62 35 48 67 40 47 65 55 37 32 26 72 64 23 21 21 14 27 12 5 5 4 5 2 1 0 0 0
26 70 84 89 90 89 90 75 60 55 52 37 28 18 10 2 0 2 8 11 2 1 1 0 0 0 0 0 0 0 0 0 0 0 0 0 1 1 1 1 3 1 1 4 7 32 40 38 39 65 59 55 46 57 66 38 22 29 39 57 55 45 64 45 47 42 49 38 69 26 53 60 51 23 40 39 37 27 29 75 53 19 22 47 45 23 10 6 2 2 2 1 1 0 0 0
51 72 84 80 90 90 81 82 78 68 60 40 33 8 3 1 1 0 0 1 1 0 0 0 0 0 0 0 0 1 0 0 0 0 1 0 0 1 2 3 4 1 3 5 14 36 54 62 60 46 62 69 72 77 74 41 17 8 40 53 51 67 59 48 48 59 54 49 71 43 35 62 21 30 42 23 53 31 44 33 69 64 44 33 20 12 7 3 2 1 1 1 1 0 0 0
48 73 79 77 88 83 90 90 88 90 84 65 26 16 12 8 3 1 0 0 0 0 0 0 0 0 0 0 0 0 0 0 0 0 0 0 0 1 1 3 1 1 6 20 26 24 38 36 39 53 68 63 70 71 55 29 26 10 20 25 39 56 70 69 76 78 64 51 61 56 42 69 24 53 27 39 40 35 55 29 17 39 39 28 20 8 6 2 1 1 1 0 0 0 0 0
34 57 49 67 77 79 83 84 88 72 89 83 50 37 22 7 4 1 0 0 0 0 0 0 0 0 0 0 0 0 0 0 0 0 0 0 0 0 0 1 2 1 5 9 13 22 23 40 28 56 43 38 34 42 37 29 16 17 34 34 75 67 43 66 60 61 64 35 32 72 41 61 46 23 26 76 40 56 69 67 63 63 41 21 20 5 2 3 2 1 1 0 0 0 0 0
6 24 46 75 66 75 78 86 85 88 79 54 51 41 17 4 2 1 0 0 0 0 0 0 0 0 0 1 1 0 0 0 0 0 1 1 1 1 1 2 4 2 4 12 13 21 15 28 37 37 37 24 23 27 15 5 10 25 29 56 40 50 78 78 44 61 78 75 46 56 68 64 65 27 31 64 41 62 55 50 67 48 40 25 15 9 3 3 2 1 1 0 0 0 0 0
8 4 26 54 62 68 80 80 79 88 64 52 45 18 9 5 1 0 0 0 0 0 0 0 0 0 0 0 1 1 1 0 0 0 1 1 0 1 1 4 4 13 31 19 36 29 7 8 23 24 24 14 9 10 3 4 16 23 33 44 33 40 74 65 51 64 42 41 70 82 74 53 45 34 27 56 49 28 24 33 19 19 20 9 12 11 3 1 3 1 1 1 0 0 0 0
11 3 5 13 13 49 56 44 71 83 60 60 61 23 7 2 0 0 0 0 0 0 0 0 0 0 0 0 0 0 0 0 1 0 0 1 2 2 2 4 5 16 11 10 11 9 7 3 2 15 11 10 3 4 2 8 23 29 34 27 36 61 53 67 71 58 31 47 46 31 48 62 44 32 61 45 42 25 34 42 15 9 16 11 7 8 3 1 3 2 1 1 0 0 0 0
29 7 1 1 9 13 15 32 73 74 86 70 64 33 5 1 0 0 0 0 0 0 0 0 0 0 0 0 0 0 0 0 1 1 0 0 1 1 4 13 6 7 8 9 4 3 2 2 2 4 5 4 4 1 2 8 14 18 26 35 53 46 37 31 63 35 40 40 28 29 26 48 46 42 41 49 35 39 42 29 38 33 52 27 19 11 8 7 3 2 1 1 1 0 0 0
19 6 1 1 5 2 3 25 57 38 81 79 65 34 6 0 0 0 0 0 0 0 0 0 0 0 0 0 0 0 0 0 1 1 1 4 2 2 2 6 12 4 4 11 12 4 0 1 2 2 3 2 1 0 1 3 9 15 12 31 62 41 37 25 28 39 35 22 42 39 41 30 31 40 27 26 38 57 64 66 68 50 39 48 29 17 11 4 4 3 2 1 0 0 0 0
17 4 0 0 1 0 2 22 15 18 63 64 37 19 2 0 0 0 0 0 0 0 0 0 0 0 0 0 0 0 0 0 1 3 1 4 8 9 10 5 5 2 0 1 0 1 0 0 1 1 0 1 0 0 2 4 6 9 16 19 19 21 24 24 17 30 43 26 14 24 31 24 26 38 35 38 20 21 45 53 62 47 39 28 20 14 8 9 5 3 1 1 0 0 0 0
8 1 0 0 0 0 3 5 9 17 40 43 17 3 2 0 0 0 0 0 0 0 0 0 0 0 0 0 0 0 0 1 0 1 2 3 9 5 5 5 5 2 0 0 1 1 0 0 0 0 1 0 0 1 4 6 10 12 24 15 9 6 13 16 17 13 15 14 27 28 28 35 32 45 20 28 41 24 26 16 14 18 9 9 13 10 10 13 5 2 1 0 0 0 0 0
2 1 0 0 0 1 1 1 2 7 9 9 3 1 0 0 0 0 0 0 0 0 0 0 0 0 0 0 0 0 0 0 0 0 1 3 5 5 3 3 3 2 1 1 1 0 0 0 0 0 0 0 1 2 4 5 7 9 13 5 5 5 26 47 39 24 33 51 54 42 49 31 58 52 42 61 54 40 41 41 49 29 16 12 6 14 17 6 4 2 1 1 0 0 0 0
2 1 0 0 0 1 1 0 0 0 0 1 0 0 1 1 0 0 0 0 0 0 0 0 0 0 0 0 0 0 0 0 0 0 0 0 0 1 1 1 1 1 0 0 0 0 0 0 0 1 1 1 1 1 2 2 3 3 2 3 4 16 29 47 39 48 29 50 50 52 27 18 25 24 56 34 24 31 59 69 52 39 33 19 21 24 11 4 2 4 2 1 1 0 0 0
1 1 1 0 0 0 0 0 0 0 1 0 1 1 1 0 0 0 0 0 0 0 0 0 0 0 0 0 0 0 0 0 0 0 0 0 0 0 0 0 0 0 0 0 0 1 1 1 1 1 2 2 1 1 2 3 3 2 2 8 14 30 30 27 32 45 47 45 37 34 65 33 27 32 44 30 62 61 65 69 63 55 36 20 11 12 8 7 6 4 3 1 1 0 0 0
0 0 0 0 0 0 0 0 1 0 1 1 2 0 0 0 0 0 0 0 0 0 0 0 0 0 0 0 0 0 0 0 0 0 0 0 0 0 0 0 0 0 0 0 1 1 1 1 2 2 2 2 2 3 2 5 5 3 7 14 25 33 25 39 45 51 31 57 44 49 34 18 39 44 62 57 42 26 28 30 24 26 14 5 7 6 6 7 5 4 4 3 2 1 1 0
0 0 0 0 0 0 0 0 1 1 1 1 1 0 0 0 0 0 0 0 0 0 0 0 0 0 0 0 0 0 0 0 0 0 0 0 0 0 0 0 0 0 0 1 1 1 2 2 2 4 3 3 3 7 5 6 6 2 11 34 45 32 39 57 49 32 34 28 21 29 33 18 16 17 43 41 49 54 29 30 31 15 5 15 6 9 9 3 9 8 6 4 2 1 0 0
0 0 0 0 0 0 1 0 1 2 2 1 0 0 0 0 0 0 0 0 0 0 0 0 0 0 0 0 0 0 0 0 0 0 1 0 0 0 1 0 1 1 1 1 1 2 3 2 3 6 12 7 8 9 6 7 9 8 16 29 50 45 43 31 44 37 41 70 62 31 48 39 22 27 46 51 35 42 48 43 45 23 26 10 15 21 13 4 10 11 17 4 4 1 0 0
0 0 0 0 0 1 1 1 2 1 1 0 0 0 0 0 0 0 0 0 0 0 0 0 0 0 0 0 0 0 0 0 0 0 1 0 0 1 1 2 2 1 3 2 2 4 5 3 3 2 6 16 11 11 12 9 14 10 24 35 35 40 46 39 27 34 37 45 44 36 48 48 21 31 55 54 35 38 44 44 36 24 21 12 18 27 14 12 21 21 8 2 1 1 0 0
0 0 0 0 0 0 0 0 0 0 0 0 0 0 0 0 0 0 0 0 0 0 0 0 0 0 0 0 0 0 0 0 0 0 1 0 0 1 2 6 4 3 2 4 5 6 8 7 4 4 3 5 17 16 17 12 25 15 13 38 42 48 53 57 46 17 12 21 22 40 31 26 19 17 40 51 31 54 55 41 28 17 24 26 37 24 25 33 29 27 9 3 1 0 0 0
0 0 0 0 0 0 0 0 0 0 0 0 0 0 0 0 0 0 0 0 0 0 0 0 0 0 0 0 0 0 0 0 0 0 0 0 1 3 3 4 7 3 2 4 4 17 11 12 8 7 3 2 7 14 20 26 30 30 25 32 36 37 34 42 48 53 34 24 19 23 24 22 15 17 28 44 26 36 40 28 35 18 40 29 45 45 52 55 32 10 5 1 1 0 0 0
0 0 0 0 0 0 0 0 0 0 0 0 0 0 0 0 0 0 0 0 0 0 0 0 0 0 0 0 0 0 0 0 0 0 0 0 0 2 7 10 8 7 2 3 10 7 15 13 15 10 4 5 4 4 6 11 35 69 34 32 37 32 33 33 39 53 50 35 22 35 24 19 29 41 40 42 36 35 42 36 33 36 50 34 56 38 19 10 13 4 3 1 0 0 0 1
0 0 0 0 0 0 0 0 0 0 0 0 0 0 0 0 0 0 0 0 0 0 0 0 0 0 0 0 0 0 0 0 0 0 0 0 1 2 4 6 2 1 15 3 5 19 16 18 12 19 12 7 6 10 12 19 27 29 34 49 63 45 31 32 36 54 60 42 30 32 26 22 37 30 44 38 25 32 38 45 34 40 42 66 62 46 21 11 13 10 7 3 1 1 0 1
0 0 0 0 0 0 0 0 0 0 0 0 0 0 0 0 0 0 0 0 0 0 0 0 0 0 0 0 1 0 0 0 0 0 0 0 1 2 3 3 1 6 10 21 11 6 11 24 20 28 23 18 10 8 11 20 26 32 19 28 30 28 37 65 37 31 30 38 26 35 17 12 9 18 30 54 39 39 35 40 47 71 46 61 75 64 24 14 21 15 4 1 1 0 1 1
0 0 0 0 0 0 0 0 0 0 0 0 0 0 0 0 0 0 0 0 0 0 0 0 0 0 0 0 0 0 0 0 0 0 0 0 0 1 1 1 1 6 19 7 4 7 22 3 13 37 55 37 25 19 12 28 13 12 10 24 39 22 39 22 49 31 15 12 15 10 35 45 30 29 20 37 16 19 26 48 72 51 69 55 37 36 26 6 8 11 5 1 0 0 1 2
0 0 0 1 1 0 0 0 0 0 0 0 0 0 0 0 0 0 0 0 0 0 0 0 0 0 0 0 0 0 0 0 0 0 0 0 1 1 1 2 5 4 3 13 11 7 21 24 9 14 24 36 40 23 22 14 18 25 18 24 24 37 43 49 42 63 29 17 23 18 28 33 24 42 17 47 15 37 56 60 65 72 64 63 59 39 35 11 7 6 3 1 0 1 2 2
0 0 1 1 1 0 0 0 0 0 0 0 0 0 0 0 0 0 0 0 0 0 0 0 0 0 0 0 0 0 1 0 1 1 1 1 1 2 3 3 9 13 8 10 22 22 11 22 46 16 27 26 50 30 34 15 16 20 45 24 25 26 36 29 32 38 51 34 15 20 31 49 18 20 35 31 41 42 42 65 72 70 53 32 31 33 22 10 6 5 2 1 0 1 2 1
1 1 2 2 1 0 0 0 0 0 0 0 0 0 0 0 0 0 0 0 0 0 0 0 0 0 0 0 0 0 3 5 2 2 1 1 2 2 3 4 7 14 19 20 13 38 38 13 30 37 30 35 43 36 32 22 23 30 29 28 29 25 23 20 22 24 31 48 24 18 21 37 11 10 12 22 34 57 58 64 39 38 41 37 35 15 10 5 6 4 2 0 1 2 1 1
1 1 1 2 1 0 0 0 0 0 0 0 0 0 0 0 0 0 0 0 0 0 0 0 1 1 1 0 0 0 2 6 4 2 3 1 2 6 6 5 9 21 14 18 43 37 27 37 26 62 60 34 22 73 38 33 33 29 28 39 31 31 22 24 20 40 43 34 38 46 25 8 18 10 21 29 17 42 59 69 48 33 40 30 28 27 34 26 11 9 4 1 2 3 2 1
0 1 3 1 0 0 0 0 0 0 0 0 0 0 0 0 0 0 0 0 0 0 0 0 0 0 0 0 0 0 0 2 8 2 3 1 1 6 10 6 9 17 23 18 44 35 62 39 51 54 57 49 39 56 39 28 29 32 29 41 27 19 23 31 30 35 30 39 26 9 30 20 13 15 12 13 12 23 28 59 74 51 51 57 60 53 35 29 21 14 4 1 2 3 5 2
0 1 2 1 0 0 0 0 0 0 0 0 0 0 0 0 0 0 0 0 0 0 0 0 0 0 0 0 0 0 0 2 4 5 8 1 1 2 12 13 11 21 24 20 44 47 60 56 62 46 69 64 63 60 52 47 50 35 24 50 38 25 15 23 31 47 37 43 43 46 22 20 12 22 9 20 16 25 34 20 20 54 54 53 42 36 28 30 27 5 2 0 3 4 13 2
1 1 2 1 1 1 0 0 0 0 0 0 0 0 0 0 0 0 0 0 0 0 0 0 0 0 0 0 0 0 0 1 4 10 10 4 2 2 3 14 23 21 17 39 55 44 45 31 50 65 65 66 65 57 61 49 46 47 33 49 30 24 15 17 27 16 30 31 34 33 22 12 5 10 12 16 15 24 34 43 37 39 54 46 40 39 63 27 10 11 3 1 1 4 11 5
2 1 3 3 1 0 0 0 0 0 0 0 0 0 0 0 0 0 0 0 0 0 0 0 0 0 0 0 0 1 2 6 8 9 13 6 5 3 5 3 10 22 38 21 60 71 44 48 54 55 66 65 67 56 42 61 41 40 46 49 31 38 16 25 30 43 23 28 21 21 13 15 19 7 20 10 22 33 45 54 43 51 52 31 39 36 37 24 15 9 3 1 2 6 15 19
2 4 5 5 2 1 0 0 0 0 0 0 0 0 0 0 0 0 0 0 0 0 0 0 0 0 0 0 1 1 3 7 12 19 19 15 8 9 11 9 12 5 11 26 43 46 60 62 52 51 61 63 62 54 63 67 40 37 41 46 44 37 19 30 29 26 14 14 15 14 11 13 16 12 8 12 32 46 38 47 58 52 51 35 24 32 33 20 14 7 2 1 3 8 13 32
3 10 7 4 2 1 1 0 0 0 0 0 0 0 0 0 0 0 0 0 0 0 0 0 0 0 0 0 0 1 3 6 10 14 7 15 17 20 21 36 59 17 12 14 19 20 26 74 69 66 36 57 55 62 65 26 24 45 38 39 44 40 31 28 44 32 17 11 15 10 9 7 6 20 23 18 25 51 48 41 46 57 63 40 23 24 20 13 10 2 1 1 3 12 14 34
3 12 11 6 3 1 1 0 0 0 0 0 0 0 0 0 0 0 0 0 0 0 0 0 0 0 0 0 0 0 1 3 5 20 21 7 10 8 7 15 31 53 36 18 24 44 32 59 50 63 64 45 53 51 43 45 34 14 46 44 36 35 22 20 31 26 16 9 14 13 9 9 7 15 28 19 31 46 44 38 49 63 56 45 38 24 17 8 4 1 1 1 6 9 18 32
6 22 15 8 3 1 1 0 0 0 0 0 0 0 0 0 0 0 0 0 0 0 0 0 0 0 0 0 0 0 1 1 2 22 14 4 5 5 4 8 15 21 47 63 66 49 54 29 28 23 22 32 54 45 32 41 25 27 19 37 31 25 17 17 35 13 9 8 8 12 12 13 17 23 20 20 23 37 31 28 38 45 49 45 28 20 16 18 7 4 1 0 2 6 15 20
9 32 22 7 4 1 1 0 0 0 0 0 0 0 0 0 0 0 0 0 0 0 0 0 0 0 0 0 0 0 1 3 1 1 1 1 1 1 4 12 11 19 19 57 56 47 25 15 34 23 26 30 53 38 35 50 50 42 43 29 21 23 21 22 13 6 12 13 5 9 8 8 13 8 12 11 15 22 17 26 40 44 29 34 26 22 22 23 17 7 2 0 1 6 15 15
18 23 12 6 4 2 1 0 0 0 0 0 0 0 0 0 0 0 0 0 0 0 0 0 0 0 0 0 0 1 2 3 1 0 1 3 2 6 6 9 6 17 20 13 26 31 20 41 46 28 22 53 22 40 59 26 57 35 19 17 49 33 24 11 3 5 10 14 8 14 9 3 10 4 12 12 16 20 33 35 40 40 41 51 44 31 30 28 22 6 2 0 1 5 8 10
44 10 7 9 5 3 1 1 1 0 0 0 0 0 0 0 0 0 0 0 0 0 0 0 0 0 0 0 0 0 1 3 1 1 2 5 3 2 6 12 16 12 11 20 18 15 40 44 44 32 36 32 34 41 27 30 28 23 15 12 6 16 16 11 11 5 19 19 11 9 8 8 13 15 20 28 31 34 45 42 49 61 56 67 55 28 24 24 20 6 3 0 1 3 8 10
35 20 10 13 6 4 3 1 1 0 0 0 0 0 0 0 0 0 0 0 0 0 0 0 0 0 0 0 0 0 1 1 1 1 3 5 3 6 8 11 5 8 15 17 19 13 28 33 31 46 37 30 44 32 30 39 33 47 43 22 12 14 19 12 17 5 9 16 9 2 3 16 6 18 34 36 40 37 47 58 62 60 41 43 47 32 25 23 10 6 2 0 0 2 8 13
30 36 37 18 12 9 4 1 1 0 0 0 0 0 0 0 0 0 0 0 0 0 0 0 0 0 0 0 0 0 0 1 0 1 2 6 2 3 11 5 4 6 13 13 12 11 24 43 64 66 56 58 47 65 36 53 48 21 26 29 18 15 30 60 61 17 12 8 5 2 2 2 2 6 8 10 14 23 40 48 42 42 42 50 53 41 26 19 10 6 2 1 0 1 4 10
53 58 41 25 16 5 4 2 1 0 0 0 0 0 0 0 0 0 0 0 0 0 0 0 0 0 0 0 0 0 0 0 0 1 2 3 1 2 1 3 3 3 12 7 12 28 21 14 54 45 49 44 35 45 64 61 23 22 25 32 32 22 16 19 8 26 9 14 2 1 3 6 8 10 12 19 21 15 11 23 43 31 38 65 51 40 29 14 16 8 4 1 1 2 3 8
49 49 34 20 12 7 5 3 2 1 0 0 0 0 0 0 0 0 0 0 0 0 0 0 0 0 0 0 0 0 0 0 0 0 1 1 1 2 6 4 6 4 7 9 27 26 19 14 35 26 29 10 12 11 12 11 19 36 26 23 34 33 17 13 6 9 6 2 3 2 1 4 17 17 8 11 29 39 53 55 54 47 20 40 56 38 31 33 19 7 2 1 1 5 5 7
47 51 23 15 13 11 14 7 2 1 1 1 1 1 0 0 0 0 0 0 0 0 0 0 0 0 0 0 0 0 0 0 0 0 0 0 1 2 3 5 6 7 14 18 22 32 20 13 10 13 7 10 13 15 14 16 22 16 32 17 21 13 13 6 3 2 5 2 2 2 3 3 3 11 6 8 28 51 49 55 48 34 33 46 46 28 20 23 23 19 5 1 2 5 9 18
43 34 26 22 16 24 22 9 1 1 1 1 1 1 1 1 0 0 0 0 0 0 0 0 0 0 0 0 0 0 0 0 0 0 0 0 0 2 5 3 4 8 12 15 22 15 12 9 13 12 19 28 30 31 32 36 21 28 11 9 13 27 19 10 12 8 5 2 2 1 4 8 3 9 10 18 37 39 33 31 29 32 28 28 26 18 8 11 15 16 6 1 3 6 16 33
39 30 33 23 41 31 12 5 2 3 2 3 2 1 1 1 0 0 1 0 0 0 0 0 0 0 0 0 0 1 1 0 1 0 0 1 1 1 2 3 3 5 10 10 9 17 20 20 20 15 13 37 52 44 42 46 40 25 33 13 19 24 33 17 7 9 5 2 1 2 7 18 7 10 10 18 52 48 45 47 39 41 31 26 45 19 23 30 24 10 3 1 3 8 20 32
27 24 32 46 30 25 16 5 6 6 6 5 2 2 1 1 1 1 1 0 0 0 0 0 0 0 1 1 1 1 1 1 2 1 0 1 1 2 1 3 6 6 5 7 11 16 30 36 42 28 40 50 38 42 44 41 39 35 37 33 24 25 15 14 11 7 4 2 1 1 2 5 4 6 18 33 29 30 32 23 44 50 36 17 6 9 23 21 15 5 1 3 7 10 14 25
17 31 48 53 36 19 16 20 25 16 12 8 5 3 2 1 1 1 0 0 0 0 0 0 0 1 0 1 1 1 1 3 3 2 1 1 2 4 6 8 9 10 6 9 9 17 20 32 47 56 70 58 34 33 46 55 32 35 47 36 26 14 13 13 4 2 2 1 0 2 4 5 5 9 16 16 25 19 25 31 43 20 12 17 31 23 21 17 15 4 2 4 8 11 13 15
23 41 37 47 44 26 27 41 36 28 18 9 6 3 2 1 1 0 0 0 0 0 0 1 1 1 0 1 3 2 1 3 3 5 2 2 2 5 13 15 16 18 18 11 9 17 10 15 24 20 46 59 66 48 34 48 29 37 49 37 32 8 5 3 2 1 1 2 0 2 3 8 10 11 6 7 14 7 12 23 26 31 46 31 56 27 19 25 7 1 3 8 10 20 15 19
39 45 44 49 43 41 48 45 46 34 21 7 4 4 3 2 1 1 0 0 0 0 0 1 1 1 2 3 5 5 3 3 4 7 4 4 5 4 11 27 32 37 30 19 20 14 17 22 22 23 26 33 36 58 48 35 51 42 23 25 29 22 8 3 1 0 1 1 0 2 5 8 11 6 8 18 19 34 45 44 52 68 64 45 33 28 29 15 4 1 2 8 18 24 29 35
63 47 37 24 53 50 43 42 32 27 15 8 7 5 4 2 1 1 1 0 0 0 0 1 1 1 4 6 7 7 4 5 9 6 11 5 11 6 10 25 43 36 50 33 23 25 29 32 39 33 38 45 45 33 32 31 38 39 33 28 9 10 5 10 5 1 0 1 2 5 7 13 24 23 8 18 36 60 59 62 67 52 27 14 33 25 10 4 1 2 2 4 12 28 33 38
64 55 35 19 34 40 26 26 12 8 8 8 10 8 3 0 0 2 1 1 0 0 0 0 1 1 2 5 5 1 9 13 11 8 13 9 17 19 8 18 28 39 45 51 37 28 40 35 36 44 33 45 43 32 28 29 15 16 28 19 14 10 3 3 2 1 0 1 3 3 6 8 11 17 17 42 29 31 57 57 56 35 45 40 28 23 15 4 2 4 4 7 8 20 38 61
50 47 27 12 19 21 15 16 12 11 14 19 13 6 1 1 1 1 1 1 0 0 0 1 2 1 1 3 5 5 3 13 15 10 13 16 14 32 36 24 30 40 43 52 49 28 41 50 52 44 33 58 44 34 28 25 24 5 5 6 2 2 4 3 1 1 1 6 1 1 2 4 8 18 36 45 43 24 45 35 39 42 40 34 31 23 14 1 2 7 9 8 11 20 21 41
41 30 15 13 11 8 15 21 20 20 28 14 6 3 1 2 3 1 1 1 0 0 0 1 2 2 3 4 6 9 8 5 3 22 33 28 28 32 23 39 49 40 55 53 52 27 32 45 43 47 47 46 36 33 30 14 11 11 13 11 7 6 3 2 1 0 1 0 1 1 4 16 22 28 21 33 43 46 47 40 47 40 43 38 32 22 7 1 4 10 18 16 13 18 21 29
44 34 36 36 37 29 40 36 43 34 20 18 9 5 2 4 3 2 1 0 0 0 1 1 1 3 7 8 7 15 16 11 6 21 36 38 40 36 26 26 25 25 16 15 28 40 51 43 41 34 35 38 32 33 25 30 18 5 25 21 7 4 2 1 1 0 1 1 2 3 7 10 19 34 28 20 41 36 47 35 41 56 49 36 32 9 3 2 7 14 24 22 23 25 32 36
48 42 61 65 47 13 6 22 36 28 21 19 17 11 9 4 3 1 1 0 0 0 1 1 3 5 6 13 15 15 20 25 11 16 36 45 46 38 39 21 24 28 27 17 17 17 41 52 47 42 22 20 29 29 26 22 17 28 14 7 7 7 6 4 1 0 1 2 3 4 7 5 10 14 17 24 34 50 52 58 60 53 52 32 23 8 8 3 15 15 23 16 24 43 49 56
54 60 42 27 14 9 39 41 27 10 20 34 31 20 7 5 4 2 1 1 0 0 0 1 4 6 8 8 14 26 32 32 19 22 23 43 53 51 52 27 49 26 38 28 16 17 17 22 52 58 28 16 26 35 22 18 20 10 17 15 6 4 5 3 0 0 0 0 3 12 14 16 19 24 17 33 42 44 35 50 45 48 69 51 21 11 4 3 15 16 20 23 22 31 45 55
41 30 35 20 19 32 44 32 20 16 22 24 25 13 5 11 6 3 2 1 0 0 1 1 2 5 9 10 28 34 36 39 23 10 12 31 26 39 44 45 61 57 34 41 37 15 16 47 44 44 28 16 18 16 30 15 12 12 6 5 4 5 5 2 1 0 1 2 3 3 12 25 32 49 42 30 60 47 40 45 59 58 35 65 27 11 2 6 13 15 26 27 32 27 32 32
15 29 46 25 25 50 35 35 43 38 25 17 8 7 9 9 6 6 3 1 0 0 0 1 2 4 10 20 32 26 47 43 27 19 20 21 22 29 17 50 58 60 53 30 50 24 21 46 38 15 41 15 18 15 13 31 17 11 24 11 3 2 2 2 1 1 1 1 4 16 22 37 48 30 62 44 35 34 60 42 58 65 41 22 28 9 2 5 13 16 29 24 46 62 54 36
20 26 43 54 56 53 50 46 29 20 13 6 6 9 15 9 6 3 3 2 1 0 1 2 2 4 7 11 19 19 28 25 40 48 34 23 23 26 25 34 35 53 49 59 41 32 24 42 28 17 31 31 7 14 13 5 4 4 9 6 5 1 1 1 0 1 2 5 7 27 40 38 32 48 33 57 45 54 57 59 67 38 18 7 10 2 2 14 17 18 26 19 49 63 52 49
42 44 55 48 53 44 29 34 19 15 9 10 27 16 10 4 4 6 5 2 1 0 1 2 4 9 14 11 18 23 46 41 47 54 49 40 23 25 40 26 39 28 32 64 54 41 29 40 12 11 19 10 8 8 8 11 4 3 2 2 2 3 3 1 1 1 2 7 6 7 4 10 21 18 36 37 54 62 56 60 58 41 19 12 2 2 6 12 15 22 20 21 35 46 49 52
41 40 39 50 47 20 13 20 23 20 19 32 32 14 10 6 6 2 2 2 1 0 1 2 8 13 17 20 25 18 37 51 53 57 54 61 25 16 28 39 36 33 37 44 54 36 24 35 36 30 14 21 46 9 9 10 6 3 2 3 1 1 1 1 1 0 1 3 14 19 14 15 19 6 6 15 32 40 60 55 41 41 28 6 1 4 13 13 11 13 19 29 40 24 36 31
36 27 27 32 30 28 26 15 24 32 29 18 7 9 9 7 7 3 2 1 2 1 1 2 11 16 27 30 34 40 36 46 66 57 43 64 37 26 26 25 37 31 41 40 47 29 17 26 36 45 18 16 27 18 6 8 6 5 2 2 2 1 1 0 1 0 1 6 9 18 24 32 25 25 24 22 14 28 42 61 54 23 7 4 1 3 8 19 19 19 25 25 28 33 50 55
17 21 33 25 29 29 26 44 18 8 6 6 18 26 14 7 7 4 1 1 1 1 2 4 9 13 24 38 52 46 64 61 61 61 63 38 51 36 26 30 44 37 38 39 20 30 46 25 14 6 16 13 5 13 11 5 5 4 1 1 1 2 1 0 0 1 2 3 7 13 23 28 20 44 52 56 50 45 38 37 42 18 8 1 3 6 6 7 14 20 24 23 29 29 34 36
30 21 37 29 30 63 46 22 20 14 19 27 30 14 6 3 2 2 1 1 1 2 7 4 9 16 31 39 42 51 59 70 75 67 61 65 51 60 44 28 43 49 31 16 22 37 43 35 14 14 12 16 13 6 6 4 3 2 2 1 0 1 1 0 0 1 1 3 5 11 44 66 55 57 75 78 85 70 55 30 24 13 3 1 2 3 8 10 15 19 25 26 36 39 38 43
28 30 22 22 28 19 29 38 40 44 40 20 13 10 4 2 1 0 0 0 1 3 5 7 14 19 22 28 36 37 39 60 61 76 69 51 50 59 51 24 26 49 28 24 13 28 36 32 42 20 12 9 15 19 8 2 4 4 3 1 0 0 0 0 1 0 5 12 32 12 19 61 76 57 36 59 75 77 56 32 17 10 2 1 4 5 8 11 17 23 29 33 35 38 37 38
16 27 29 22 15 9 6 30 25 22 28 14 7 5 4 3 1 0 0 0 0 3 8 21 29 33 41 29 26 19 31 44 45 58 73 31 23 58 49 20 18 33 37 18 16 23 21 29 30 22 3 3 8 9 3 2 3 2 2 2 0 0 0 0 0 1 1 1 6 54 36 29 51 70 44 41 54 77 58 27 13 5 1 1 1 4 6 9 14 18 29 26 34 34 48 51
21 25 22 22 30 33 18 29 26 24 14 12 11 8 4 3 2 0 0 0 1 3 4 13 32 35 34 35 42 42 32 33 32 29 39 55 25 23 52 39 16 15 30 18 11 16 15 23 29 21 10 2 13 6 4 2 1 0 0 1 0 0 0 0 1 1 1 6 11 27 49 33 35 24 26 22 9 50 55 22 10 3 0 1 2 6 9 12 14 20 20 18 31 34 26 35
13 14 13 22 18 23 15 34 23 22 15 11 9 7 6 3 2 0 0 1 0 1 3 8 20 25 25 25 26 20 51 31 31 18 27 33 54 21 9 31 23 11 25 16 7 11 11 16 10 11 14 3 3 2 2 2 1 0 0 0 0 0 0 1 0 1 3 6 9 43 55 35 29 48 44 38 16 13 37 24 5 1 1 4 5 8 10 14 13 25 21 41 48 47 44 39
17 20 30 47 25 26 16 30 23 18 12 7 5 3 3 3 2 1 1 1 1 0 4 8 11 20 16 41 39 27 53 65 71 54 52 58 39 27 14 8 9 15 14 8 5 5 10 12 10 4 10 2 2 2 1 2 1 0 0 1 0 0 0 1 6 4 10 14 20 30 18 30 43 54 53 44 32 10 11 10 5 1 1 4 7 14 10 9 19 16 27 26 40 44 53 57
27 31 30 30 27 32 24 22 18 13 9 7 7 5 4 2 1 1 1 2 0 1 3 8 11 15 13 12 23 50 48 52 54 55 22 15 21 33 20 17 5 3 13 6 3 5 4 2 9 3 2 3 1 1 1 0 1 0 0 0 0 0 1 1 6 7 6 11 11 13 32 41 56 52 61 51 16 16 10 3 0 1 2 5 9 4 7 4 11 15 21 15 21 22 33 41
