sesion_6_simulaciones/modelos_agentes/ejemplos_netlogo/scenarios/echam4_a2/rob_2073.asc
NCOLS 322 
NROWS 307 
XLLCORNER 451900 
YLLCORNER 4086900 
CELLSIZE 100 
NODATA_value -9999 
[rows 0 to 72 of 307, columns 192 to 287 of 322]
10 11 6 3 11 27 11 4 5 8 11 4 3 2 6 4 3 3 7 7 8 10 7 9 18 28 16 35 39 64 31 11 13 3 2 4 8 8 6 19 25 11 12 37 37 35 21 28 34 35 18 17 17 19 12 14 10 41 7 6 1 1 1 3 3 1 3 3 2 4 2 1 1 2 5 2 1 3 10 2 1 2 3 5 5 4 9 6 4 4 1 2 3 15 2 1
9 5 7 6 11 23 4 8 17 11 8 6 11 11 7 6 11 3 7 10 15 10 6 7 10 39 15 20 14 28 66 39 9 6 3 2 5 7 16 11 24 7 4 14 18 19 29 22 30 59 71 37 15 12 10 14 18 27 26 2 2 1 4 3 3 2 3 2 5 1 0 3 1 3 9 2 12 5 3 4 3 5 8 6 4 2 6 7 6 5 2 4 2 4 2 1
2 9 4 5 18 11 8 4 3 9 9 11 20 24 12 25 16 15 25 30 32 17 14 10 6 10 8 3 4 10 14 44 36 10 11 6 5 4 10 4 2 4 21 36 30 40 32 29 45 41 47 26 30 13 19 40 9 13 13 4 4 3 4 2 1 4 1 2 2 3 1 2 2 3 20 3 28 11 4 7 3 3 6 9 5 1 4 4 7 4 3 9 3 10 2 0
4 5 15 32 13 6 6 7 8 21 10 18 33 23 20 37 28 15 27 44 38 39 34 23 19 13 2 5 5 2 7 14 6 10 8 8 10 4 4 3 11 20 11 11 20 46 35 30 10 14 10 8 9 24 16 24 17 6 8 10 10 2 2 3 1 7 3 3 15 2 5 4 1 1 10 4 7 7 8 8 5 4 7 12 7 2 3 9 13 4 7 6 5 12 1 0
4 3 8 2 19 22 16 19 25 16 24 11 19 23 27 42 28 35 44 52 51 36 31 36 24 36 21 34 28 8 4 1 7 5 5 10 3 1 3 5 9 10 16 21 16 20 15 21 34 42 38 24 15 10 46 40 9 10 3 3 9 6 2 3 2 7 3 2 2 1 1 1 2 1 5 5 4 11 24 28 16 4 4 13 12 9 1 7 7 16 9 5 8 16 3 0
5 4 11 8 4 7 26 7 24 21 21 25 10 26 36 41 56 46 16 27 36 26 20 32 32 36 22 36 31 14 14 9 4 3 2 1 1 3 1 2 6 12 17 31 46 56 52 52 37 18 19 15 35 35 72 31 12 11 2 16 18 10 5 4 3 7 2 3 4 4 7 5 5 4 3 5 11 11 12 6 10 21 15 10 15 10 2 5 8 9 3 6 7 7 4 1
4 2 3 10 5 5 31 7 5 15 18 61 30 13 36 55 43 52 21 8 19 34 41 54 30 32 38 29 35 32 27 20 21 20 12 4 6 9 4 1 5 12 22 30 55 33 29 39 47 32 42 73 26 44 60 22 12 18 8 15 16 10 7 7 7 4 7 8 8 2 5 6 6 10 10 5 2 6 14 15 9 22 12 6 4 15 5 4 5 5 5 9 13 14 2 2
3 2 3 4 14 12 21 36 7 4 9 15 54 12 5 18 12 25 28 15 11 28 14 34 28 26 33 24 38 36 35 35 34 36 34 17 23 12 6 3 7 25 35 41 46 43 47 67 79 71 66 26 57 49 55 26 10 3 6 7 6 3 2 1 1 4 4 4 12 4 4 4 6 10 11 7 2 10 19 8 24 44 25 7 3 22 11 5 6 14 10 15 25 10 4 3
6 6 6 4 9 7 19 44 46 17 8 9 21 42 21 14 10 36 43 27 21 40 12 24 54 38 32 38 40 49 50 48 51 48 34 32 19 9 3 6 15 21 35 40 65 57 39 56 66 71 47 38 72 50 47 15 6 23 32 14 14 7 14 5 4 15 4 5 2 2 4 4 6 9 7 4 2 5 7 16 27 35 19 13 5 8 8 4 4 17 15 21 10 20 6 11
4 6 7 5 5 3 15 14 52 30 27 16 16 29 34 15 16 14 49 44 43 52 20 24 47 43 37 32 27 43 12 32 54 55 44 21 13 10 5 7 7 14 27 38 58 31 26 68 44 34 27 84 61 54 28 13 19 30 21 25 15 51 35 6 13 4 5 7 7 3 3 7 8 5 4 3 2 5 21 7 4 21 23 22 13 5 12 3 6 8 9 27 16 16 10 31
5 6 8 10 5 3 2 3 6 22 14 11 9 38 25 18 29 7 18 47 34 59 65 26 34 31 61 39 15 38 50 18 7 8 15 37 21 13 7 7 12 16 37 60 24 53 57 61 21 27 72 76 47 51 18 12 15 19 11 22 48 55 11 5 4 5 5 5 10 7 15 8 11 9 6 5 2 2 6 12 10 36 61 22 29 11 6 11 3 11 27 9 16 10 11 59
13 9 5 8 9 9 6 4 4 4 6 7 14 17 17 15 14 30 22 26 55 61 55 38 9 24 56 46 24 23 51 54 13 6 7 10 29 14 1 6 31 39 43 22 12 14 46 15 26 62 84 75 49 30 11 29 21 12 16 62 41 26 4 5 6 5 10 6 6 9 9 10 13 19 16 14 5 3 11 10 14 64 28 49 26 22 10 5 4 19 15 9 25 7 29 62
20 12 12 24 20 22 20 12 23 16 16 13 8 7 9 11 15 51 45 24 20 44 41 38 10 25 38 34 30 14 14 32 13 4 2 3 14 20 3 8 28 32 31 47 44 40 67 17 41 78 72 44 11 30 46 47 41 43 67 61 5 6 6 3 3 2 3 3 8 4 3 6 16 24 26 15 7 1 10 17 49 41 11 27 39 24 17 4 5 19 14 11 30 8 32 38
46 36 26 36 32 28 21 21 20 25 28 37 18 17 13 14 12 9 11 12 22 20 12 21 19 29 32 35 15 8 12 23 21 15 2 2 7 16 11 16 15 29 26 16 17 59 35 25 59 46 31 10 22 37 36 36 51 56 34 4 15 17 10 5 6 2 1 2 5 4 10 20 16 11 15 18 9 2 6 14 42 13 10 30 61 27 22 10 4 8 8 14 17 10 29 22
9 43 42 53 39 35 17 26 14 16 32 29 26 30 35 37 34 21 9 10 9 9 7 18 22 23 18 13 5 3 12 15 16 12 3 2 11 21 22 14 13 16 25 15 9 21 19 25 29 24 7 15 24 28 34 38 35 6 18 20 19 12 21 46 37 28 16 5 6 9 19 10 18 21 11 9 6 3 8 17 22 10 6 51 64 62 33 37 19 5 8 14 10 13 37 30
24 43 58 26 43 67 37 15 32 24 18 33 33 43 51 43 42 22 19 22 17 10 6 6 19 14 6 4 2 3 3 14 20 23 15 6 9 13 15 21 14 16 16 12 5 8 31 35 20 13 26 19 18 28 26 28 9 31 24 20 22 43 50 30 28 37 8 5 11 2 14 39 14 14 18 24 27 16 7 20 21 11 3 9 35 63 17 12 17 21 5 20 8 13 41 39
61 19 67 39 42 58 73 76 33 13 24 24 47 43 44 40 50 44 38 39 37 38 22 12 8 9 20 19 12 8 2 2 4 9 15 12 14 14 14 23 14 13 11 11 7 5 8 8 22 40 25 45 36 24 14 30 33 30 27 18 42 38 55 36 32 15 5 16 7 14 10 4 26 7 21 33 41 27 20 7 35 18 13 3 11 39 54 15 6 9 4 5 13 20 15 20
32 10 56 29 57 60 69 32 74 70 47 50 50 21 24 27 43 50 41 40 39 41 38 20 18 20 34 27 21 15 3 2 2 2 5 10 11 12 12 14 15 13 8 6 2 11 24 40 41 34 37 55 47 45 22 28 25 45 40 35 62 51 41 25 11 12 12 17 10 8 4 4 20 19 28 36 35 42 31 11 7 18 17 14 4 18 30 22 17 3 8 1 12 18 8 8
35 29 42 41 31 58 65 34 44 75 44 67 81 57 38 32 48 63 68 57 57 42 26 22 32 22 37 33 46 19 20 18 20 12 9 6 9 6 12 11 6 5 2 4 18 29 45 44 36 40 50 52 44 30 43 43 41 37 31 37 55 25 9 5 10 9 8 37 16 5 8 4 21 27 5 15 46 31 45 39 9 6 34 20 12 4 19 25 22 11 2 2 17 8 2 2
41 15 26 42 29 45 75 40 26 64 71 79 82 71 74 63 25 42 45 62 46 41 40 35 37 35 36 45 44 45 33 28 26 25 21 12 7 6 4 5 2 2 11 20 44 39 42 51 31 49 54 38 50 44 45 39 10 6 19 34 63 29 7 16 22 15 31 28 13 12 9 3 5 27 19 5 15 23 37 41 39 12 11 25 18 6 3 14 26 18 2 1 9 1 9 15
74 34 36 38 13 38 69 41 59 45 68 54 76 43 58 64 29 20 43 67 45 59 42 27 57 48 37 30 39 36 29 18 25 23 29 21 15 7 4 1 2 6 23 41 45 50 28 25 49 66 42 43 54 59 69 53 26 16 22 40 50 10 9 23 22 12 14 5 14 20 13 3 3 11 31 14 6 9 64 30 32 16 5 15 17 4 7 19 12 12 1 1 2 3 19 32
57 17 47 47 19 15 41 72 23 49 80 76 81 61 54 32 34 10 25 74 70 51 39 38 27 30 13 13 22 22 29 28 18 17 31 26 16 15 8 3 5 17 28 34 27 40 35 50 46 41 30 38 39 69 69 68 57 42 29 32 18 7 15 19 25 22 15 8 11 20 8 4 4 10 31 18 7 9 21 40 34 26 11 7 22 6 12 15 9 4 3 12 4 9 29 39
75 25 68 73 43 29 32 53 26 28 82 70 59 36 19 42 37 32 12 27 38 58 75 75 49 20 39 26 13 19 19 15 11 13 22 33 24 10 4 2 4 21 37 40 18 23 12 27 14 16 13 29 44 28 48 70 39 23 15 59 19 6 15 15 12 17 35 15 18 6 4 5 10 24 45 18 10 16 25 60 33 17 10 4 10 14 12 15 6 3 10 38 17 17 16 30
69 61 53 76 25 39 44 58 54 28 30 26 32 61 30 22 50 46 26 38 42 45 71 60 55 26 35 39 28 10 13 12 11 11 14 17 24 11 5 1 6 9 8 19 14 9 16 17 25 22 15 29 19 26 25 16 10 20 50 37 7 13 17 11 17 38 15 13 20 9 4 7 11 26 30 14 18 13 31 50 37 43 21 6 5 7 11 15 3 5 12 10 28 32 16 19
45 37 54 53 39 20 53 66 44 20 38 26 29 51 55 34 40 48 41 21 22 32 41 35 32 23 30 46 41 20 12 9 8 8 9 13 8 18 6 1 3 9 20 24 28 37 39 35 27 29 38 17 10 5 7 12 20 24 61 28 6 25 13 9 25 48 16 24 25 12 7 8 17 39 24 15 29 17 26 43 36 37 36 22 7 3 11 6 3 19 21 18 17 18 44 14
25 34 22 51 29 14 60 68 46 22 20 30 28 21 49 50 29 22 34 33 17 18 29 32 29 24 17 38 58 19 14 9 4 2 3 3 10 7 13 3 5 11 11 15 28 29 40 19 17 31 27 37 28 38 23 22 27 49 52 5 10 17 9 6 22 36 24 19 20 15 7 7 22 48 16 29 31 16 12 26 27 36 26 12 13 4 3 7 17 33 32 31 33 19 11 33
19 22 14 17 12 36 56 50 31 17 9 21 19 11 12 33 37 35 30 32 17 15 19 23 10 14 16 16 19 29 24 7 4 2 2 4 7 5 10 5 3 4 6 12 18 21 15 18 28 25 40 34 27 34 41 55 67 77 29 5 12 12 7 13 49 30 11 21 27 14 9 7 18 47 17 17 21 26 7 15 26 37 15 11 5 3 7 21 38 37 35 26 29 38 46 16
13 12 6 4 5 6 9 13 11 7 5 5 5 3 5 9 13 11 20 27 15 14 12 10 6 6 20 16 15 17 24 17 16 8 2 3 5 3 10 3 4 2 5 7 10 13 27 23 18 44 28 30 32 35 48 74 64 47 8 16 20 10 21 35 74 19 33 16 14 17 16 11 29 50 27 17 21 31 8 14 25 33 22 27 13 2 8 19 20 13 11 8 7 10 18 22
5 7 9 9 4 1 2 3 3 2 2 1 1 2 2 2 2 2 4 8 11 8 8 4 5 7 19 15 13 10 11 11 7 6 9 5 3 3 5 3 3 9 24 27 27 28 41 57 21 40 26 22 26 23 67 60 32 7 18 24 19 14 29 60 25 12 31 16 17 21 15 8 19 43 62 32 27 23 10 12 25 40 33 21 10 1 7 9 6 16 15 19 19 14 12 23
10 19 16 26 16 6 5 4 5 15 14 15 18 19 28 18 16 15 4 1 3 2 2 3 2 10 10 7 9 6 5 3 9 7 5 5 2 1 3 4 11 26 29 28 32 43 45 29 50 33 24 20 28 32 68 27 14 18 27 25 16 16 30 64 22 13 14 25 16 8 6 11 39 48 23 48 36 25 10 7 35 30 40 20 9 2 8 18 29 37 17 27 32 24 17 6
18 29 27 33 25 9 9 28 19 30 30 38 33 34 34 37 32 30 27 15 9 6 6 3 1 1 2 4 8 4 4 4 5 6 5 3 1 1 3 9 26 27 30 44 49 55 52 41 45 60 56 50 33 47 31 15 5 31 24 26 11 16 43 54 23 9 15 24 21 17 4 12 50 20 19 59 50 33 15 7 21 17 34 19 4 5 17 17 19 28 21 18 9 9 10 19
32 33 33 35 22 17 19 36 33 33 32 36 51 38 46 48 38 33 30 32 20 32 27 12 10 8 4 1 2 1 1 1 1 5 4 1 1 3 8 30 29 29 34 36 49 54 56 70 51 53 35 75 57 31 37 31 12 28 30 41 31 23 52 16 7 26 34 15 28 14 4 12 20 24 15 60 35 33 16 10 25 21 21 17 4 11 35 38 37 23 15 7 12 12 11 21
50 47 35 48 36 21 22 28 28 34 53 51 51 55 51 37 38 34 34 33 33 37 34 26 22 23 11 8 5 6 9 13 5 2 2 1 1 3 9 25 27 31 30 39 52 52 62 64 49 52 35 23 45 43 52 10 28 31 23 35 22 27 35 40 38 21 15 12 41 30 12 8 25 19 32 65 33 30 26 11 14 22 19 8 12 23 34 55 52 44 38 18 19 26 28 59
48 48 54 38 37 35 24 37 49 53 57 49 53 42 50 41 38 39 35 50 46 48 34 30 26 41 25 21 12 12 34 13 8 3 1 0 0 3 8 16 15 20 28 33 41 59 36 16 66 58 45 31 48 55 10 9 23 25 22 34 42 44 48 23 16 14 24 19 17 25 20 11 31 25 33 45 42 48 29 13 11 19 10 9 21 25 22 21 13 12 12 22 27 30 66 72
44 45 54 54 53 26 24 38 49 58 55 49 50 47 47 48 37 61 52 53 32 24 27 32 32 30 25 24 24 29 12 10 4 4 3 4 2 2 6 17 17 28 42 32 23 29 23 38 37 46 46 17 34 8 15 9 13 17 17 30 50 55 29 49 30 14 15 15 16 29 36 13 17 23 37 41 46 28 24 13 7 12 11 15 32 14 14 20 33 34 28 24 16 57 43 53
55 70 57 27 49 26 39 39 64 51 47 47 45 63 67 49 54 52 40 55 37 35 21 46 47 26 27 29 51 17 8 9 7 6 11 5 5 6 9 14 27 34 44 18 27 29 27 41 37 35 26 18 23 8 15 7 17 32 35 44 34 22 38 52 19 10 9 11 25 24 23 14 11 23 26 51 50 37 27 13 6 8 18 33 45 42 32 25 29 19 16 44 51 64 44 25
59 74 38 40 59 33 29 57 53 64 33 50 63 53 69 55 35 26 55 46 43 39 15 53 23 21 33 47 17 10 13 20 18 16 13 12 12 10 3 6 18 29 15 16 17 35 63 60 48 34 28 17 15 13 20 26 34 23 18 20 20 27 32 52 23 12 15 14 12 11 15 20 10 22 39 36 32 45 29 13 6 23 41 28 37 54 46 48 41 40 18 38 39 41 46 21
44 62 30 32 56 32 33 60 50 58 23 44 62 48 65 37 35 38 53 59 51 28 31 20 24 40 62 14 12 22 23 22 23 20 16 12 11 11 4 3 3 5 9 16 31 57 61 43 65 27 22 12 28 22 25 16 12 7 21 22 16 35 33 28 13 47 52 42 30 30 20 21 10 20 25 21 29 35 16 5 12 36 54 61 56 61 63 54 39 40 38 47 20 11 43 30
50 25 28 27 46 22 28 56 67 51 19 49 61 55 54 58 33 51 73 60 43 23 43 27 46 53 14 17 29 29 22 21 34 22 30 17 15 18 18 10 11 10 9 22 59 43 60 24 29 47 17 19 36 27 26 21 14 23 53 50 39 38 70 36 45 35 47 51 28 22 22 21 13 9 16 26 18 27 7 3 18 30 29 46 43 24 42 15 10 12 8 67 49 27 23 12
75 50 35 21 36 18 41 51 75 38 21 34 49 53 58 33 31 79 52 18 23 51 47 40 48 29 29 31 44 45 28 37 35 33 17 26 18 29 20 18 11 5 2 6 32 29 34 13 10 9 7 20 26 36 27 42 44 42 28 37 58 48 31 56 47 45 20 39 67 32 19 14 11 5 12 17 12 19 10 11 24 36 34 34 28 14 19 23 34 54 67 86 63 31 23 11
55 56 24 31 33 16 27 43 55 32 16 30 60 61 30 50 38 46 19 15 29 62 70 57 45 49 36 35 46 35 31 58 41 18 18 32 23 35 32 18 14 9 7 7 2 4 3 4 11 25 38 38 47 44 41 48 35 29 50 72 75 71 50 57 13 75 63 23 23 64 61 45 31 16 4 13 14 8 6 11 25 23 20 33 23 24 49 55 40 36 49 71 43 33 25 13
47 27 15 28 22 20 12 32 41 20 13 26 55 51 39 39 24 16 5 26 46 60 49 27 26 16 16 54 50 36 47 50 32 18 25 34 37 38 35 11 13 10 13 12 13 5 2 7 15 20 33 31 41 38 30 29 39 56 41 84 75 45 40 80 55 36 73 40 24 17 33 39 46 43 23 13 8 8 5 10 30 25 18 21 31 43 53 51 49 63 47 62 55 47 28 12
32 19 8 22 14 15 10 12 18 6 6 17 24 14 20 26 8 15 11 30 55 27 26 32 22 24 19 57 54 37 67 48 22 32 29 42 45 57 45 26 22 10 21 17 13 7 2 4 15 17 17 24 43 34 50 54 31 58 64 83 30 12 44 78 46 51 38 73 40 13 18 25 43 36 37 34 13 6 3 8 21 25 23 19 23 38 70 46 36 76 49 49 55 25 16 13
12 7 5 12 6 5 7 5 13 12 9 12 11 11 23 30 24 34 18 28 44 28 29 31 25 22 23 55 53 39 62 42 38 38 35 50 48 49 24 28 41 31 22 13 8 3 1 1 8 18 18 31 44 38 36 44 25 44 71 46 31 19 66 79 63 25 20 28 55 30 19 17 22 17 42 21 15 7 4 7 15 23 28 22 51 66 79 52 48 76 47 23 31 47 17 8
5 1 5 7 5 11 14 42 33 66 56 54 10 24 34 35 43 17 20 42 36 24 27 18 23 31 21 47 50 57 45 42 37 41 42 54 68 49 35 31 61 48 11 7 7 2 1 2 14 18 37 37 38 40 24 26 45 70 80 37 27 30 46 79 72 55 26 9 49 50 34 17 17 19 53 20 10 7 4 15 20 31 31 38 43 33 36 31 46 44 59 46 47 41 12 2
3 2 3 6 38 37 52 57 31 39 50 59 60 44 17 22 16 13 20 20 12 22 21 27 40 33 31 63 50 73 40 42 39 49 54 69 73 44 47 43 57 32 19 11 9 12 10 1 6 23 19 29 25 19 20 37 54 67 60 52 28 28 32 86 58 53 51 8 39 60 50 18 16 18 21 37 16 4 5 18 19 31 47 52 45 34 35 25 35 34 43 32 25 11 4 8
5 8 3 4 11 14 43 14 17 18 39 48 28 49 18 16 18 33 27 16 17 22 23 32 58 40 32 57 56 49 33 48 40 51 49 65 53 46 61 34 21 19 31 31 24 24 15 6 3 8 27 20 20 31 29 13 41 38 49 78 45 40 52 67 53 16 51 26 32 39 37 36 23 13 9 68 16 3 7 15 27 34 26 59 40 35 36 27 25 15 17 12 10 10 14 28
14 35 8 7 22 20 28 27 19 41 44 38 52 65 62 33 44 32 20 18 27 28 34 31 45 33 31 56 55 30 41 43 44 48 61 68 58 51 25 15 16 30 30 30 40 29 27 8 3 2 9 21 25 36 34 22 40 44 33 47 46 49 53 66 72 20 38 39 27 54 42 24 30 18 19 21 14 2 7 14 24 29 47 60 38 40 31 26 35 11 9 6 8 15 28 30
11 31 50 18 6 12 23 29 52 37 28 30 69 34 38 81 73 13 23 26 30 28 34 27 34 29 37 60 45 37 40 40 49 64 68 45 22 21 34 33 42 41 38 30 45 44 32 11 3 1 2 35 24 19 38 28 46 38 32 36 44 32 34 50 80 20 17 33 25 26 33 20 19 17 14 16 10 6 5 12 20 26 66 46 22 18 17 21 20 2 4 14 16 21 29 26
44 45 52 53 18 5 13 50 54 46 10 13 34 42 67 74 55 69 71 37 22 45 41 16 31 26 45 40 40 37 41 35 52 68 75 40 38 32 50 48 64 68 50 53 63 36 19 7 1 1 2 4 6 12 39 32 50 46 31 31 28 15 7 22 59 35 23 22 22 22 23 32 22 19 12 10 8 6 5 14 22 27 35 29 16 14 8 10 4 11 14 17 31 36 25 24
24 16 29 72 16 19 14 17 21 28 22 7 27 76 82 75 54 39 67 51 48 61 47 23 36 39 58 55 52 62 42 43 50 52 49 31 37 47 50 56 27 29 61 80 36 24 20 8 2 2 3 3 3 4 19 41 48 62 28 31 28 17 9 48 63 32 33 22 21 23 28 29 17 11 15 11 9 5 7 17 17 31 28 13 10 6 9 17 18 29 32 34 33 35 18 19
14 33 28 74 71 14 22 14 19 18 26 13 38 44 47 55 67 79 49 17 45 15 62 76 89 76 69 48 69 53 64 39 37 21 72 58 62 54 33 32 14 4 58 54 50 36 32 20 9 16 16 10 4 1 3 10 12 27 16 25 21 12 15 34 45 48 33 23 24 7 9 14 18 9 6 6 9 5 5 10 19 21 19 14 7 12 26 25 35 28 30 48 39 27 24 19
10 24 23 34 73 61 33 15 16 19 19 19 37 63 72 75 34 76 71 29 56 52 27 45 61 42 56 33 64 23 16 43 27 26 50 85 72 50 32 74 40 41 49 51 61 41 24 20 29 33 24 11 2 1 2 1 2 8 6 23 21 11 24 40 35 49 34 22 18 14 14 14 12 9 7 4 7 5 2 4 8 9 12 10 6 16 20 26 32 30 32 27 61 33 20 12
5 11 20 4 28 82 31 21 12 12 20 26 23 35 46 56 63 74 53 55 64 42 14 50 64 39 40 39 45 64 47 59 49 31 40 77 86 91 89 85 74 60 58 68 62 45 40 34 56 24 14 16 14 13 10 8 4 3 2 6 7 11 14 37 39 39 34 25 16 14 10 8 7 6 5 3 3 3 1 3 4 5 2 4 4 5 9 22 33 16 21 35 33 30 15 28
10 7 15 46 32 60 77 35 36 16 10 14 19 24 56 43 68 80 17 27 72 62 26 14 78 78 50 36 52 63 30 32 40 32 30 59 80 83 76 51 69 69 44 49 55 58 70 70 46 13 25 35 32 29 28 39 35 11 4 5 4 4 8 12 23 46 26 24 11 15 10 5 7 5 5 3 2 2 1 2 2 5 9 12 17 11 13 15 27 28 24 25 28 27 38 39
21 7 6 31 56 65 83 67 32 30 23 19 19 27 25 17 50 37 27 64 88 41 23 15 22 68 38 49 44 62 61 45 51 50 48 83 72 50 41 34 45 23 22 75 48 70 82 78 53 43 54 42 41 29 25 9 14 10 7 5 4 5 8 9 6 19 28 21 16 13 6 3 3 3 3 3 2 1 1 2 3 7 7 12 21 35 32 33 38 34 27 34 31 27 23 37
33 25 21 13 18 22 34 70 35 48 32 21 18 24 40 19 44 28 54 42 83 42 26 25 14 32 36 45 21 62 68 38 41 45 58 77 73 37 25 39 36 26 28 44 60 48 46 31 37 42 36 39 36 37 39 12 9 14 6 4 4 4 6 6 5 11 19 22 14 6 5 2 2 3 3 3 1 1 1 4 5 7 15 20 8 7 22 58 25 40 41 41 42 31 36 42
19 20 43 17 17 45 44 71 71 55 49 22 20 16 20 26 33 39 32 48 75 83 59 35 13 14 30 10 27 63 73 48 38 48 41 43 48 36 26 34 31 29 28 31 67 43 46 31 23 21 23 10 14 12 27 17 5 14 7 4 3 3 4 5 5 8 12 10 8 4 4 2 2 2 2 1 1 1 3 3 5 6 6 7 7 18 43 47 50 53 48 42 44 53 41 46
35 32 16 13 17 28 40 55 72 52 39 33 17 11 15 27 14 21 41 79 71 75 62 53 34 11 40 37 14 21 58 42 49 42 22 26 35 59 28 25 31 23 16 27 50 46 53 38 29 22 19 16 5 8 14 15 7 14 11 4 2 2 3 3 3 6 7 5 6 3 3 1 2 2 1 0 1 2 3 3 2 4 5 12 19 29 32 51 30 29 22 22 33 44 41 24
49 51 22 12 4 30 26 43 64 67 34 35 23 20 24 26 15 44 66 80 49 52 61 31 26 25 15 28 39 8 35 52 32 36 22 36 33 24 26 27 37 29 12 14 25 43 54 43 43 32 29 16 11 5 5 10 8 10 17 6 4 2 2 1 2 4 4 5 4 2 1 1 1 0 0 0 1 2 2 2 1 5 6 14 25 24 34 32 30 21 18 31 36 32 26 26
54 49 32 28 9 11 28 38 77 31 40 25 18 18 18 22 18 37 73 51 11 35 81 34 25 29 14 20 20 35 32 31 25 27 30 20 18 11 12 25 38 20 12 11 13 26 52 36 49 31 21 16 11 7 2 4 5 5 8 6 2 1 1 1 1 2 1 2 2 2 2 1 0 0 0 1 1 2 3 4 3 8 18 23 17 23 45 40 27 28 34 28 30 36 35 18
52 50 36 20 20 14 29 35 73 39 17 38 29 18 16 15 14 54 54 32 55 61 74 59 33 21 26 41 16 48 36 31 32 20 34 19 22 19 7 19 12 11 13 28 38 43 49 41 60 58 47 31 13 9 2 2 3 5 5 6 3 1 1 1 1 1 1 2 2 2 1 1 0 0 1 2 1 2 3 3 4 6 9 10 16 22 25 35 42 43 42 35 37 20 34 31
45 36 31 22 22 24 15 24 44 69 38 21 32 18 17 14 18 42 36 42 35 50 72 57 38 47 22 28 31 54 30 22 27 27 16 12 21 17 16 13 6 7 14 52 33 27 49 31 49 54 59 36 24 15 5 2 2 2 3 3 3 1 1 1 1 1 1 2 2 1 1 0 0 0 1 1 1 2 3 3 5 7 13 11 13 11 26 33 32 31 32 52 36 43 56 35
40 43 27 21 25 23 21 27 31 49 52 21 16 17 17 18 20 21 29 37 40 54 79 54 47 31 43 25 29 46 29 11 16 18 22 11 12 15 10 7 4 10 32 53 15 32 36 21 43 41 40 45 36 26 19 11 3 1 2 2 2 2 1 1 1 1 1 1 1 0 0 0 0 1 1 2 1 2 5 3 8 10 10 7 7 12 17 13 24 38 28 36 30 17 28 30
83 63 47 19 16 23 20 24 28 43 54 34 27 21 22 17 16 21 22 17 45 43 69 53 30 25 29 32 26 19 37 15 14 17 13 18 13 14 5 7 23 26 36 13 16 26 17 21 28 38 48 44 57 42 32 22 12 3 1 0 1 1 1 0 0 0 0 1 0 0 0 0 0 1 1 1 1 1 2 2 4 4 6 5 3 6 9 11 16 23 34 49 31 26 28 8
52 81 68 45 25 15 14 22 29 35 69 43 31 19 14 12 14 9 16 18 33 39 57 62 32 24 19 21 26 27 24 35 22 10 10 20 14 6 3 11 19 45 26 15 19 22 17 15 29 38 25 27 34 43 37 23 15 10 4 1 1 1 1 0 0 0 0 0 0 0 0 0 0 1 1 2 1 2 4 2 3 4 3 4 6 9 11 10 16 29 31 36 26 25 22 31
24 85 38 77 58 44 16 18 20 40 58 34 25 15 12 9 5 7 16 20 35 50 38 56 47 33 27 18 17 23 23 31 23 18 8 15 6 3 7 7 26 26 27 10 11 22 7 11 30 41 20 20 27 26 58 36 24 13 9 2 1 1 1 0 0 0 0 0 0 0 0 0 1 1 2 2 2 3 4 5 3 2 3 5 11 11 9 9 22 23 25 16 20 31 27 25
46 51 36 75 55 57 36 11 16 18 41 36 17 15 10 5 6 7 16 30 14 13 56 58 63 51 40 36 15 10 11 17 15 13 6 5 3 3 4 7 24 11 11 9 7 26 8 11 39 39 28 10 7 6 41 28 25 13 6 4 2 0 0 0 0 0 0 0 0 0 0 0 0 1 2 2 3 4 7 8 10 16 10 15 15 13 9 8 15 16 18 27 38 39 37 32
54 49 45 40 49 31 64 24 8 9 19 26 17 10 8 4 4 11 14 15 29 56 68 67 73 54 41 24 22 12 18 20 14 11 10 7 4 3 9 16 13 9 7 6 11 33 18 20 47 43 43 14 5 2 9 9 15 14 5 3 2 1 0 0 0 0 0 0 0 0 0 0 0 1 1 1 4 6 15 10 15 20 24 19 16 16 10 13 25 16 15 19 21 14 20 20
57 45 53 41 47 20 33 44 8 6 17 23 28 9 4 3 4 5 17 27 49 53 67 60 63 68 35 24 21 18 15 13 10 10 5 3 2 3 4 15 10 6 5 5 5 11 13 11 34 46 30 16 17 4 5 9 5 7 5 5 2 1 0 0 0 0 0 0 0 0 0 1 1 1 1 2 4 9 8 23 25 23 20 27 22 22 22 39 27 9 12 9 14 29 27 28
50 59 61 46 24 20 20 21 14 5 11 16 20 8 3 1 4 9 27 52 36 24 56 50 47 59 41 23 21 16 13 9 7 7 5 2 2 3 12 16 7 4 4 2 4 16 4 12 42 17 26 14 10 7 5 6 7 5 4 3 2 1 0 0 0 0 0 0 0 0 0 1 1 2 2 5 7 14 17 18 34 44 43 43 46 37 40 38 26 19 17 22 14 16 30 27
32 27 36 39 21 22 13 12 14 8 4 8 11 7 2 1 6 13 23 24 28 24 45 67 29 34 30 35 16 11 9 8 6 7 6 2 2 8 19 5 3 2 2 2 6 10 11 47 58 10 6 21 10 6 4 4 7 5 4 2 1 1 1 0 0 0 0 0 0 0 0 1 1 1 2 3 6 5 5 13 22 23 28 37 51 42 50 46 36 36 22 22 35 29 22 22
14 15 15 18 18 14 12 10 11 8 3 3 4 6 1 1 4 7 11 14 21 18 17 27 24 21 19 22 10 8 7 6 4 3 3 1 5 10 5 3 3 1 1 2 5 10 19 17 45 13 4 13 14 6 5 8 5 4 2 2 1 1 1 0 0 0 0 0 0 0 0 0 1 1 1 2 3 4 3 5 11 16 21 21 47 44 57 60 44 54 47 46 39 39 30 48
