sesion_6_simulaciones/modelos_agentes/ejemplos_netlogo/scenarios/echam4_a2/rob_2017.asc
NCOLS 322 
NROWS 307 
XLLCORNER 451900 
YLLCORNER 4086900 
CELLSIZE 100 
NODATA_value -9999 
[rows 73 to 145 of 307, columns 96 to 191 of 322]
27 25 21 18 50 28 58 78 43 34 32 51 56 59 6 2 11 15 14 5 18 30 20 8 6 8 6 8 7 5 2 0 2 4 0 1 3 3 7 6 6 4 20 4 5 5 6 25 5 7 10 14 22 40 30 30 15 20 40 40 32 69 63 64 57 61 41 38 50 67 62 50 53 67 48 28 75 54 59 77 46 45 38 41 65 66 37 16 12 7 3 2 1 0 1 0
23 57 35 19 19 21 21 50 21 21 15 60 31 73 65 47 11 6 8 12 51 43 23 13 13 4 4 1 5 8 3 3 3 8 3 1 2 2 7 2 2 2 4 1 2 6 7 1 2 5 4 16 35 23 22 9 16 22 41 24 21 72 59 46 53 58 36 50 59 62 52 63 48 65 36 37 55 63 46 41 22 46 62 51 32 15 17 19 10 12 9 8 7 3 0 0
28 33 27 20 14 19 26 42 23 36 42 30 15 25 32 54 33 39 52 65 88 50 47 35 9 16 3 3 6 2 4 37 10 10 13 8 3 2 2 1 2 10 14 7 18 11 9 23 34 4 6 3 7 24 6 9 20 34 25 14 33 37 65 48 53 37 33 43 57 65 39 75 40 49 42 28 56 31 22 50 52 45 21 21 31 29 24 19 27 23 28 27 12 9 3 1
41 25 21 23 15 29 14 45 20 44 50 17 24 46 37 28 39 65 43 67 72 77 67 62 17 10 7 2 5 7 23 31 20 11 13 14 13 3 7 9 3 2 4 2 4 19 5 14 13 14 3 2 6 5 6 9 16 33 16 22 21 12 45 45 47 27 48 34 70 52 28 59 49 43 47 45 27 16 69 44 33 32 50 37 53 56 51 60 59 40 41 34 19 12 6 4
42 15 33 29 20 17 22 32 27 32 68 30 34 28 32 44 66 41 65 59 79 82 58 40 49 6 5 8 15 13 26 8 21 9 23 4 27 13 8 14 3 2 1 1 4 7 24 27 15 33 26 15 9 2 3 4 17 7 8 6 15 8 38 31 32 20 42 38 48 20 17 21 46 20 44 23 23 30 57 33 46 42 39 57 73 69 75 56 53 62 37 35 19 15 9 7
42 23 31 31 39 20 24 30 13 52 71 60 38 25 46 41 49 62 78 49 47 60 67 76 31 22 26 36 52 25 23 12 16 18 3 8 9 15 15 17 11 2 1 3 6 10 29 23 10 52 38 25 30 16 16 4 5 4 7 5 9 8 4 15 9 16 16 27 20 10 12 12 39 26 14 6 31 38 31 33 55 74 81 73 76 77 52 59 64 40 41 25 18 18 16 24
57 58 21 52 59 33 12 33 13 32 32 63 47 34 37 8 46 82 50 53 55 36 63 72 36 26 64 68 61 58 65 24 5 5 7 23 25 6 8 14 21 3 3 7 8 10 21 61 54 50 44 40 48 15 38 29 25 5 3 1 8 14 4 5 6 12 9 17 5 4 18 25 24 19 54 46 19 14 42 63 66 70 68 67 58 70 69 78 58 37 35 23 19 29 46 25
80 85 64 60 22 19 14 13 12 40 20 12 48 58 14 37 73 46 33 29 46 20 12 52 59 64 69 62 69 52 75 63 22 20 26 39 18 14 3 9 29 13 4 7 17 35 17 19 57 35 49 69 52 37 48 23 29 42 31 26 28 6 26 9 4 2 11 18 20 27 19 2 3 5 11 45 48 61 34 63 64 49 72 58 54 56 71 75 59 50 46 31 62 59 20 18
64 58 72 18 14 16 23 19 15 23 24 5 14 25 31 42 22 56 55 41 34 44 10 19 60 75 69 41 34 56 39 27 54 47 44 37 50 39 12 10 37 28 5 8 26 19 11 8 25 14 60 70 43 78 59 29 56 28 20 20 43 12 22 28 21 10 22 25 47 16 28 8 6 7 14 8 18 61 59 60 39 56 72 64 45 56 77 66 59 53 53 58 71 54 23 43
76 74 64 31 29 33 38 26 15 19 32 4 16 30 37 22 22 71 48 33 44 72 41 39 63 92 60 16 38 38 27 30 9 16 74 41 20 20 16 29 49 38 15 9 18 16 14 21 21 47 48 78 78 82 59 58 60 36 54 33 43 29 30 22 20 25 10 15 39 18 42 57 40 28 16 20 19 11 49 74 82 45 63 57 41 76 61 43 56 69 58 75 52 45 34 65
30 49 70 67 12 13 35 33 47 25 25 8 26 56 37 12 22 81 32 50 41 42 29 67 43 52 31 44 53 40 30 32 17 48 83 62 45 16 13 40 23 9 22 8 13 9 12 17 20 27 24 70 67 81 65 61 73 43 63 56 43 50 24 25 27 17 41 17 35 50 65 62 42 24 29 13 14 25 15 65 59 58 29 59 73 36 46 49 61 52 60 49 33 43 44 82
17 24 36 46 55 14 26 16 14 41 35 16 26 48 40 24 36 77 46 45 26 19 72 73 64 54 26 61 57 42 20 11 58 88 85 80 73 29 40 41 34 6 19 12 17 26 23 16 23 8 5 31 76 86 58 67 57 58 78 69 51 32 20 14 46 22 61 39 31 52 67 63 26 18 28 23 29 28 23 31 66 79 72 47 26 59 69 71 60 72 30 47 46 66 46 77
13 19 36 22 44 46 33 33 17 29 51 13 28 55 37 49 39 52 57 68 65 20 44 51 81 69 65 69 65 69 43 79 88 78 74 87 79 38 34 51 26 11 19 15 17 27 26 17 23 16 22 34 77 81 57 45 53 83 77 76 47 20 37 44 64 46 76 66 53 31 72 52 56 45 38 28 26 35 27 24 40 74 61 76 68 37 66 29 67 36 33 57 45 77 49 62
11 6 4 4 15 32 14 7 13 22 30 16 39 62 45 17 37 30 52 67 74 65 31 37 40 45 74 86 59 61 79 85 86 71 77 75 63 75 51 58 34 59 38 44 22 31 43 46 31 31 21 38 67 89 68 50 79 68 81 72 48 36 35 45 76 55 69 65 55 36 60 49 38 12 34 21 10 27 30 19 10 59 74 65 49 83 60 57 59 58 56 67 73 76 78 44
8 4 0 1 12 12 3 6 10 19 11 26 59 50 17 10 20 28 53 57 70 88 56 30 26 38 77 77 84 43 84 71 67 68 88 82 62 77 50 62 50 86 39 65 46 33 33 23 26 25 22 19 44 82 68 77 67 79 89 65 41 44 54 67 70 56 64 61 49 15 20 28 51 45 51 29 13 23 30 37 47 12 62 68 64 76 82 86 91 72 85 86 74 44 78 32
12 10 3 2 11 7 4 9 14 11 16 26 39 44 16 6 42 42 36 42 50 64 77 74 56 38 60 71 83 77 75 86 83 54 55 44 47 75 31 42 88 76 55 37 28 39 27 37 44 50 51 25 33 60 61 69 66 81 82 67 59 72 69 71 76 36 61 65 49 22 20 45 60 50 32 60 22 18 29 35 43 29 19 59 65 85 77 49 51 65 66 82 74 45 58 69
14 6 5 2 5 3 2 18 9 9 7 15 56 33 11 6 40 23 36 49 51 62 73 71 72 45 51 27 47 75 64 70 75 66 65 62 48 38 53 87 52 68 34 21 32 58 42 45 54 58 46 43 28 33 30 54 68 73 82 62 50 62 61 83 79 51 61 74 30 11 13 38 33 42 77 61 29 30 13 41 33 48 48 18 57 79 77 73 73 66 47 45 62 41 26 48
7 6 3 2 1 1 1 10 11 4 17 34 54 50 12 5 22 6 22 61 60 65 30 42 67 55 55 42 69 91 84 80 56 69 53 35 41 33 66 42 41 38 20 53 78 58 47 49 39 33 31 31 26 25 10 16 50 67 82 51 68 64 82 89 87 50 77 61 49 27 16 28 51 67 86 38 28 58 20 36 36 43 55 40 17 63 67 50 32 46 42 41 31 45 45 42
16 11 7 3 2 1 1 2 7 9 13 41 26 19 26 10 26 6 3 17 22 54 36 33 33 21 41 59 80 89 70 77 79 75 68 41 23 36 77 22 52 55 68 76 77 55 70 31 23 32 61 58 66 63 58 26 11 8 39 51 54 64 81 88 87 62 90 66 64 52 27 31 50 85 68 27 57 50 27 23 43 52 53 45 36 11 30 52 43 44 27 40 63 70 57 56
8 6 3 2 2 1 1 0 3 11 17 20 21 8 8 4 26 9 4 24 21 27 18 28 36 33 28 55 31 60 65 64 65 57 20 32 44 47 51 27 67 67 83 69 61 45 78 68 70 53 57 53 54 38 44 16 8 8 11 37 64 84 77 86 79 53 79 74 40 30 37 56 48 68 41 49 74 59 50 60 50 55 42 41 46 31 9 18 22 30 48 58 66 68 63 52
4 3 3 3 2 2 1 1 1 3 10 16 17 12 6 4 27 7 3 12 9 12 14 22 15 37 35 45 30 11 26 32 26 21 44 49 65 80 53 51 31 68 92 61 39 76 69 60 75 56 58 46 32 39 39 45 24 12 13 58 80 76 83 88 85 82 77 84 68 27 47 37 40 20 29 70 62 28 50 30 38 41 38 38 46 33 41 18 7 32 51 69 77 70 64 38
7 3 7 10 5 4 4 4 2 3 6 11 9 6 6 3 12 4 2 5 10 8 7 8 12 25 25 28 31 21 9 8 13 35 41 72 81 56 61 69 49 83 88 60 73 68 64 41 84 60 71 56 67 72 71 56 37 14 17 30 73 66 84 85 80 73 79 84 74 46 32 46 50 45 48 54 65 81 37 47 28 24 46 39 26 43 58 52 20 20 26 24 37 43 46 38
21 18 11 19 16 11 11 10 5 1 3 4 4 5 3 4 3 2 2 4 4 5 3 4 9 13 17 20 20 34 6 8 14 33 79 83 63 44 70 76 64 74 80 66 59 67 62 56 83 66 56 71 59 67 68 55 37 18 12 16 20 63 77 81 72 65 81 75 51 19 31 59 30 51 73 64 73 48 22 58 33 34 42 41 68 49 32 38 47 46 40 17 10 10 16 20
31 16 25 24 26 18 25 14 6 5 1 1 1 2 4 2 3 2 1 2 4 5 2 2 3 3 19 14 13 6 9 4 20 70 66 68 30 59 84 69 52 55 64 28 35 84 54 76 81 77 56 71 81 54 30 33 36 37 30 18 22 37 58 68 67 66 49 56 29 26 45 46 40 58 68 76 60 43 51 58 49 26 44 72 69 66 48 43 48 51 60 53 33 12 6 13
31 33 40 24 36 28 18 16 13 11 11 4 2 1 1 1 2 2 1 1 2 1 1 2 1 3 12 19 9 7 12 3 32 57 42 26 36 76 87 74 39 45 43 33 78 67 50 53 87 85 47 54 54 71 54 34 10 18 22 31 26 35 27 36 24 45 52 48 22 42 55 54 46 45 66 60 53 61 29 17 53 46 54 66 71 56 52 45 35 42 55 48 40 20 15 4
46 32 42 46 40 24 22 25 14 15 10 8 6 3 1 1 1 1 1 1 2 1 1 1 1 2 3 12 2 4 10 3 16 33 16 25 33 55 53 59 45 50 29 69 74 30 55 88 85 77 78 36 22 29 23 29 12 14 28 39 25 39 27 17 16 31 25 22 20 49 47 63 36 59 65 58 74 40 44 29 55 29 30 36 46 66 65 48 37 30 50 42 45 37 31 12
32 24 47 49 20 28 12 13 26 19 12 10 8 6 4 1 1 0 0 0 0 0 1 1 0 1 1 1 1 15 5 2 3 5 8 33 40 51 82 62 56 40 54 55 51 46 50 88 83 74 92 70 44 56 52 29 14 9 5 14 41 27 22 12 15 29 20 17 26 37 55 60 54 28 35 35 47 42 38 45 11 55 38 49 54 62 58 60 67 48 47 49 51 58 32 22
19 35 71 46 42 22 43 21 34 27 15 13 9 3 2 2 2 2 1 1 1 1 1 1 1 0 0 1 3 13 1 3 4 3 13 36 43 13 40 36 47 39 39 54 40 46 66 87 82 81 84 85 45 30 24 20 17 23 15 3 5 13 13 12 13 19 15 16 18 36 48 63 55 58 19 32 49 41 21 25 45 30 22 54 59 57 61 68 58 71 60 68 66 60 43 32
25 42 63 40 35 33 20 22 36 24 21 17 10 8 4 6 3 4 4 4 2 4 1 1 3 1 0 0 1 5 1 3 4 5 11 16 15 19 14 7 34 48 28 23 33 71 82 83 76 66 78 78 60 45 48 55 46 30 23 7 2 10 8 6 11 9 9 12 26 35 34 44 40 37 47 44 34 53 81 80 68 70 47 50 47 48 55 63 74 63 77 72 63 62 58 52
27 58 25 31 38 29 27 16 31 28 11 8 17 7 6 4 4 6 5 5 5 5 4 3 2 2 1 0 1 2 1 2 4 5 8 9 11 18 18 7 14 50 34 14 41 53 84 75 38 33 43 67 82 74 55 49 41 27 13 5 2 11 6 3 5 7 10 20 28 37 35 40 45 60 72 73 65 82 80 77 68 50 36 23 27 50 71 64 63 68 75 76 74 76 67 58
56 22 31 27 21 33 32 21 10 13 16 19 17 13 6 8 7 7 8 12 12 7 9 5 7 3 2 0 0 2 1 1 2 4 9 11 16 14 14 5 8 19 28 10 32 34 64 39 21 24 49 57 80 74 66 48 43 28 13 9 2 4 3 2 9 6 13 30 29 35 38 37 66 72 86 71 78 69 74 53 24 17 21 40 15 44 60 58 75 84 75 60 44 39 31 26
20 25 42 63 54 38 14 8 10 26 23 19 10 18 15 14 12 19 15 16 16 15 10 11 8 4 2 1 0 0 0 1 1 4 6 19 28 17 18 6 5 6 9 3 10 20 14 22 26 41 44 66 85 75 67 64 54 40 33 14 4 3 3 2 7 11 16 14 13 26 48 50 57 62 64 68 70 59 41 33 36 26 47 50 77 52 37 63 82 71 57 59 58 53 46 43
43 56 46 16 14 21 24 11 20 32 30 25 22 21 18 27 16 23 21 26 11 23 19 14 8 4 1 1 0 0 0 0 0 1 5 9 10 14 19 9 10 8 8 2 7 15 23 55 71 71 86 68 85 81 75 56 57 34 21 11 4 4 3 1 1 3 6 17 29 27 43 66 41 48 46 62 64 25 15 28 26 33 65 57 76 54 72 60 65 58 59 61 55 61 62 55
47 29 36 35 32 19 26 14 35 35 32 33 49 29 38 33 30 41 33 21 23 23 28 10 10 5 3 1 1 0 0 0 0 1 2 4 12 22 22 6 4 6 6 4 8 19 48 32 62 63 60 54 90 83 75 49 31 20 13 4 3 1 1 0 0 2 10 28 37 29 37 59 50 36 31 42 27 31 52 50 32 62 64 59 70 78 62 56 57 55 46 55 59 66 59 74
26 23 15 13 13 11 6 22 42 37 38 56 40 47 45 46 52 24 19 42 31 35 28 11 6 4 4 3 2 1 0 0 0 1 2 2 1 8 13 6 4 5 5 6 14 18 9 23 42 78 47 63 81 65 68 53 35 18 6 4 3 2 0 1 0 1 7 14 41 28 31 14 26 38 30 44 47 48 44 40 40 68 61 57 64 62 36 61 35 43 55 66 66 47 75 76
15 22 32 37 31 18 15 26 41 59 55 52 40 49 69 65 42 26 29 52 35 21 18 13 7 5 5 5 2 2 1 1 0 0 2 2 1 1 1 1 1 3 3 5 12 9 14 28 67 26 23 50 84 66 48 28 19 15 14 8 2 1 0 0 0 1 5 8 15 24 23 19 39 30 38 47 60 72 69 68 63 85 61 43 41 50 63 80 74 48 51 56 48 57 63 57
27 47 33 56 26 25 27 45 45 60 58 26 28 53 52 41 33 33 47 68 29 21 20 15 10 8 5 3 2 1 1 1 1 0 0 1 2 1 1 1 1 2 3 3 4 10 18 11 52 17 36 65 82 50 27 24 17 7 5 7 3 2 0 1 0 0 2 2 10 12 23 32 47 44 69 71 82 53 37 25 78 78 78 53 19 53 74 88 83 74 78 48 70 54 49 80
43 45 66 56 31 49 47 50 68 62 47 34 39 60 43 60 24 38 68 36 26 20 24 21 18 13 6 4 2 2 2 2 1 1 0 0 1 0 1 1 1 1 2 2 3 7 12 11 7 14 39 73 78 44 32 23 10 8 7 4 3 1 1 1 0 1 3 8 14 21 31 38 52 63 72 65 33 35 27 70 76 79 81 83 41 57 83 84 72 65 60 68 49 55 37 56
60 65 40 30 39 49 48 70 37 52 24 47 52 80 63 46 27 62 21 17 40 22 15 10 12 10 9 7 6 4 4 3 2 2 1 1 0 1 1 1 1 1 1 2 4 12 4 12 2 5 27 57 86 76 33 22 13 4 6 3 3 1 1 0 0 1 5 12 29 33 34 44 53 49 43 50 44 59 71 78 73 78 67 81 72 62 66 37 22 19 45 80 69 49 32 37
69 52 38 29 39 54 65 16 61 27 32 53 70 74 52 29 59 50 31 14 14 22 7 8 14 12 20 8 13 11 6 6 3 2 2 1 1 0 0 1 1 1 1 2 3 5 1 6 1 10 17 11 52 61 30 15 6 4 3 1 3 3 1 1 0 3 6 10 14 20 25 31 37 43 64 69 68 68 71 62 70 60 47 72 66 46 37 47 62 65 79 39 56 52 31 29
35 53 41 34 49 69 72 26 56 51 67 51 79 50 36 48 60 27 30 26 54 33 16 12 19 31 22 26 20 23 9 3 1 4 2 2 2 1 0 0 0 1 1 2 3 1 3 5 1 7 8 39 46 24 22 17 14 7 3 2 3 2 2 1 0 0 3 9 13 14 18 24 38 36 35 35 37 37 83 46 67 72 53 50 41 28 63 68 67 80 75 58 46 59 59 58
85 36 56 55 67 44 51 61 60 49 58 58 50 43 43 73 33 44 37 65 55 32 39 28 16 39 44 40 50 27 17 4 2 2 1 1 1 2 1 0 0 1 2 1 1 2 11 3 1 6 35 42 56 16 14 19 9 6 4 2 3 1 1 0 0 0 1 3 6 9 4 12 12 15 32 46 46 47 73 64 53 67 85 43 33 50 50 60 78 70 63 72 56 58 46 58
79 93 88 90 85 58 16 10 58 34 66 75 84 76 60 68 65 75 56 69 53 52 50 43 40 50 65 68 31 31 18 9 9 4 3 3 1 2 2 1 0 0 1 1 1 1 1 1 0 6 17 51 43 10 14 15 12 6 3 3 2 1 1 0 0 0 4 6 7 16 23 33 51 47 29 30 47 78 72 75 76 57 58 71 40 45 64 64 54 37 73 85 54 45 58 66
62 87 73 81 76 61 75 35 55 45 21 39 81 86 89 62 47 54 66 66 61 56 66 50 63 63 74 55 52 44 32 18 12 11 9 3 2 3 2 1 1 0 0 1 2 1 1 0 1 3 12 7 23 7 19 8 12 8 4 2 2 2 1 0 0 2 4 9 13 27 47 39 26 43 65 45 60 77 77 89 77 63 56 51 14 26 30 48 69 81 87 63 83 54 52 61
46 85 62 77 76 64 87 63 41 73 52 42 70 78 73 64 73 52 79 88 88 70 59 44 79 66 68 55 40 29 33 22 20 19 14 7 4 3 1 2 1 0 0 1 1 1 1 0 0 1 3 5 25 12 28 20 8 11 4 3 1 1 0 0 1 2 6 5 13 24 49 61 66 55 72 76 79 77 69 85 82 51 34 28 16 25 49 68 61 90 62 70 80 83 57 56
51 79 67 63 80 55 63 25 46 76 58 33 12 57 68 65 73 58 54 81 86 50 73 39 70 56 70 53 44 20 28 42 37 31 24 7 3 2 3 2 1 0 0 0 2 1 1 0 0 0 2 10 25 4 6 3 9 11 10 3 1 0 0 0 1 2 7 5 13 23 36 53 46 33 33 47 83 59 80 80 88 84 25 17 16 33 62 41 72 84 71 80 67 61 43 64
15 40 26 52 73 58 58 15 47 80 44 25 17 32 68 64 68 63 31 36 64 46 41 61 29 26 76 44 25 14 7 11 19 14 14 11 5 6 5 2 1 0 0 0 0 1 1 1 0 1 3 11 8 17 7 3 3 2 1 1 1 0 0 0 1 2 3 4 7 13 22 19 27 43 46 62 88 89 73 63 78 83 63 17 8 25 26 51 80 68 62 29 22 30 41 61
15 43 68 51 60 41 69 46 58 81 66 35 32 29 65 80 50 10 12 24 35 20 27 66 36 16 59 47 53 17 2 13 27 20 8 18 12 8 2 1 0 0 0 0 0 1 1 1 0 3 4 9 3 5 4 4 1 1 2 1 1 0 0 0 1 1 1 2 3 10 21 25 44 45 56 80 88 87 82 47 54 67 59 27 8 18 39 63 59 30 30 60 59 58 62 75
24 14 14 19 28 42 73 28 63 64 83 52 29 23 27 21 15 12 12 30 23 21 15 57 20 41 48 34 53 65 25 13 14 10 12 14 10 6 3 2 1 0 0 0 0 0 1 1 0 1 5 8 1 2 3 7 2 1 1 1 0 0 0 0 1 2 15 9 15 33 46 66 73 56 70 92 89 88 81 60 16 32 49 42 10 20 37 60 44 46 86 65 46 53 41 76
27 33 14 15 26 42 66 55 35 54 76 50 19 9 28 29 12 29 11 12 19 18 14 58 18 12 42 31 39 53 29 21 27 8 4 4 2 2 1 2 2 1 0 0 0 0 0 0 0 1 4 4 0 2 1 1 3 3 1 0 0 0 0 1 1 2 5 16 39 51 78 54 32 49 80 92 87 77 75 76 60 17 46 42 11 19 40 37 29 71 69 50 63 79 21 11
28 36 26 16 22 15 60 65 54 23 77 42 13 4 22 20 27 31 22 12 16 20 4 20 47 5 14 17 42 67 25 5 11 7 10 11 6 5 2 2 1 1 1 0 0 0 0 0 0 1 5 4 1 1 1 1 2 1 1 0 0 0 0 0 0 3 7 21 36 35 19 25 48 56 75 77 84 74 65 46 61 23 15 19 18 34 25 21 61 85 46 59 67 75 67 23
39 26 25 10 10 13 41 70 30 27 61 53 28 4 18 19 37 30 23 16 16 27 12 12 65 10 16 16 36 35 41 25 24 25 15 10 8 6 4 1 1 0 1 0 0 0 0 0 1 2 7 4 1 1 1 0 0 1 1 0 0 0 0 0 2 5 20 26 19 14 31 40 55 86 75 65 80 48 30 24 52 28 14 4 6 25 25 46 82 56 45 56 78 64 65 31
68 15 26 12 9 13 25 32 9 8 68 42 6 3 15 17 35 26 34 25 27 20 19 13 27 13 6 15 24 21 32 39 19 12 9 4 5 5 4 3 1 1 0 0 0 0 0 0 0 2 4 2 1 1 0 0 0 0 0 0 0 0 0 0 1 7 9 6 7 14 39 49 78 84 82 60 40 57 20 21 49 17 5 2 10 32 47 59 67 26 56 83 74 69 78 41
16 25 11 10 8 6 9 15 11 15 49 20 9 3 9 14 30 9 23 15 14 18 16 11 18 25 11 5 2 14 14 30 13 7 8 5 2 2 2 2 1 0 0 0 0 0 0 0 1 2 3 1 1 1 0 0 0 0 0 0 0 0 0 1 2 4 2 2 10 29 40 49 81 86 68 54 34 43 45 11 16 12 4 4 13 20 40 64 38 41 76 68 65 66 60 52
15 10 22 20 7 7 3 4 3 5 14 6 18 7 4 10 26 9 6 18 7 4 2 18 20 33 4 3 1 4 19 32 27 11 5 2 3 1 1 0 1 1 0 0 0 0 0 0 0 1 2 1 0 0 0 0 0 0 0 0 0 0 0 0 3 1 1 3 15 31 46 74 73 72 63 54 33 23 40 15 7 9 3 4 12 18 47 53 39 30 35 52 47 40 57 63
27 15 10 22 23 14 10 3 2 7 6 4 13 15 4 8 15 15 5 5 4 5 4 37 16 18 9 1 1 1 4 7 23 18 8 4 2 1 1 0 2 1 0 0 0 0 0 0 1 1 1 1 1 0 0 0 0 0 0 0 0 0 0 1 1 0 1 7 20 52 59 78 75 57 32 15 11 11 14 16 10 3 2 3 9 15 32 29 20 15 33 28 20 35 53 66
29 16 8 11 14 22 8 3 1 6 7 3 3 6 3 4 8 12 3 3 2 1 2 5 2 4 14 1 2 1 1 5 20 21 7 4 3 8 5 3 1 0 0 0 0 0 0 0 0 0 0 1 1 0 0 0 1 0 0 0 0 0 0 0 0 0 1 4 21 73 69 64 78 67 32 14 4 1 4 9 6 2 1 2 6 12 23 12 8 26 37 44 72 59 72 65
61 28 14 4 9 14 22 2 4 7 9 4 1 3 3 1 4 10 3 2 2 1 1 2 0 1 6 4 1 2 1 1 7 34 16 5 2 1 1 1 1 0 0 0 0 0 0 0 0 0 0 0 1 1 0 0 0 0 0 0 0 0 0 0 1 3 5 18 42 46 77 80 60 71 56 24 12 4 1 1 4 2 1 0 1 5 5 3 9 25 33 70 72 62 57 62
42 72 22 10 3 4 4 3 4 6 4 3 5 1 2 1 1 10 3 2 1 1 0 1 1 0 3 4 1 2 1 0 3 10 26 10 4 4 5 2 1 0 0 0 0 0 0 0 0 0 0 1 1 0 0 0 0 0 0 0 0 0 0 0 1 5 9 7 19 40 66 59 47 43 63 28 11 3 1 1 1 0 0 0 1 1 2 4 15 27 60 65 41 54 64 63
8 52 62 31 11 4 1 7 2 2 2 2 6 2 1 1 1 10 4 2 1 0 0 1 2 0 1 2 1 2 1 0 3 2 3 18 5 1 2 2 1 0 0 0 0 0 0 0 0 0 0 0 0 0 0 0 0 0 0 0 0 0 0 0 1 1 1 7 49 53 53 49 35 35 32 24 11 4 3 1 0 0 0 1 3 8 7 5 12 31 35 25 29 51 68 61
4 25 31 46 16 7 3 6 5 1 4 2 3 2 4 2 1 2 6 1 1 0 0 1 1 1 1 1 0 2 2 0 2 2 2 1 13 6 4 2 1 0 0 0 0 0 0 0 0 0 0 0 0 0 0 0 0 0 0 0 0 0 0 0 1 2 4 10 37 62 53 66 47 11 11 15 8 7 4 2 0 0 0 1 3 6 19 28 11 10 10 24 42 54 77 55
10 14 12 26 9 5 4 4 4 3 2 2 2 3 2 2 2 1 3 2 1 0 0 1 2 1 1 1 0 1 2 1 0 1 1 4 4 1 6 2 1 0 0 0 0 0 0 0 0 0 0 0 0 0 0 0 0 0 0 0 0 0 0 0 1 2 3 16 35 46 77 62 59 28 8 4 6 4 3 2 0 0 0 2 4 7 21 44 41 32 36 26 45 54 80 67
6 11 3 11 10 10 5 4 3 3 1 1 1 1 2 2 1 1 1 1 1 0 0 0 0 1 1 1 1 0 0 0 0 1 2 5 4 1 8 1 1 1 0 0 0 0 0 0 0 0 0 0 0 0 1 0 0 0 0 0 0 0 0 0 1 1 3 10 32 25 62 56 42 29 32 8 5 4 1 0 0 0 0 1 6 14 23 38 55 51 50 49 43 68 91 78
7 5 5 3 5 2 3 2 9 6 2 1 1 1 1 1 1 1 1 1 1 1 0 0 0 1 0 1 1 0 0 0 1 1 7 11 4 2 1 2 1 1 0 0 0 0 0 0 0 0 0 0 0 0 0 0 0 0 0 0 0 0 0 0 1 2 5 21 37 48 54 59 45 24 15 13 5 3 1 0 0 0 1 0 2 10 16 29 41 30 52 57 75 91 90 76
3 5 3 2 2 1 1 1 1 1 1 1 0 1 0 0 0 1 1 1 1 0 0 0 0 1 0 0 0 0 0 0 1 2 3 5 8 18 14 6 1 1 0 0 0 0 0 0 0 0 0 0 0 0 0 0 0 0 0 0 0 0 0 0 1 3 16 31 41 55 57 52 48 29 7 4 4 1 1 0 0 1 4 3 2 1 4 8 16 35 41 69 68 89 88 69
1 2 1 1 1 1 0 0 0 0 0 0 1 0 0 0 0 0 0 0 0 0 0 0 0 0 0 0 0 0 0 0 0 1 1 1 1 1 1 0 1 0 0 0 0 0 0 0 0 0 0 0 0 0 0 0 0 0 0 0 0 0 0 0 1 2 5 11 32 50 30 58 30 16 4 2 2 1 0 0 0 1 3 7 17 10 15 16 29 54 60 65 79 79 67 54
0 0 0 0 0 0 0 0 0 0 0 0 0 0 0 0 0 0 0 0 0 0 0 0 0 0 1 0 0 0 0 0 0 0 0 0 0 0 0 0 0 0 0 0 0 0 0 0 0 0 0 0 0 0 0 0 0 0 0 0 0 0 0 0 1 3 3 10 18 15 25 31 24 10 3 1 1 0 0 0 0 0 2 4 8 23 39 38 56 77 71 55 69 54 55 42
1 0 0 0 0 0 0 1 0 0 1 2 1 2 1 0 0 0 0 0 0 0 0 0 0 0 0 0 0 0 0 0 0 0 0 0 0 0 0 0 1 0 0 0 0 0 0 0 0 0 0 0 0 0 0 0 0 0 0 0 0 0 0 0 1 2 4 15 13 15 21 12 10 3 1 1 0 0 0 0 0 2 3 6 8 26 70 65 28 37 75 85 53 21 21 33
4 2 0 1 1 1 1 3 1 2 4 6 7 5 3 1 1 0 0 0 0 0 0 0 0 0 0 0 0 0 0 0 0 0 0 0 0 0 0 0 0 0 0 0 0 0 0 0 0 0 0 0 0 0 0 0 0 0 0 0 0 0 0 0 1 3 4 3 6 8 8 6 6 1 1 0 0 0 0 1 1 3 5 10 32 40 31 10 21 59 88 82 75 19 9 12
8 2 2 5 5 6 6 6 7 10 8 6 7 12 5 3 2 1 1 0 0 0 0 0 0 0 0 0 0 0 0 0 0 0 0 0 0 0 0 0 0 0 0 0 0 0 0 0 0 0 0 0 0 0 0 0 0 0 0 0 0 0 0 0 1 4 6 3 2 1 3 3 1 1 0 0 0 0 0 1 3 4 12 27 29 8 4 11 32 79 84 67 43 37 4 2
11 7 4 11 11 23 12 15 26 15 22 14 22 12 8 5 7 3 1 1 1 0 0 0 0 0 0 0 0 0 0 0 0 0 0 0 0 0 0 0 0 0 0 0 0 0 0 0 0 0 0 0 0 0 0 0 0 0 0 0 0 0 0 0 1 3 6 5 1 3 1 1 1 0 0 0 0 0 1 1 3 10 8 6 2 2 8 23 45 65 64 54 22 38 8 1
23 17 10 27 45 64 46 36 55 43 37 25 51 36 27 16 5 2 2 4 1 0 1 1 0 0 0 0 0 0 0 0 0 0 0 0 0 0 0 0 0 0 0 0 0 0 0 0 0 0 0 0 0 0 0 0 0 0 0 0 0 0 0 0 1 2 8 5 1 1 1 0 0 0 0 0 0 0 1 1 4 4 2 1 2 9 16 47 62 47 46 26 13 17 20 1
62 63 49 36 39 38 24 13 41 21 23 21 23 34 33 9 8 7 6 6 3 0 0 0 1 0 0 0 0 0 0 0 0 0 0 0 0 0 0 0 0 0 0 0 0 0 0 0 0 0 0 0 0 0 0 0 0 0 0 0 0 0 0 0 0 3 9 8 1 2 0 0 0 0 0 0 0 0 0 1 1 0 0 2 5 11 21 65 68 84 33 6 4 5 9 2
