sesion_6_simulaciones/modelos_agentes/ejemplos_netlogo/scenarios/echam4_a2/rob_2062.asc
NCOLS 322 
NROWS 307 
XLLCORNER 451900 
YLLCORNER 4086900 
CELLSIZE 100 
NODATA_value -9999 
[rows 219 to 291 of 307, columns 0 to 95 of 322]
1 1 1 1 3 9 15 4 8 1 3 3 1 1 3 1 3 4 2 2 1 8 3 5 2 10 7 12 6 11 11 31 15 18 31 33 20 16 15 24 12 13 20 32 33 23 28 12 21 25 26 63 72 50 62 74 80 59 77 78 79 87 65 77 61 55 55 53 41 17 28 27 19 19 22 17 10 7 2 2 1 0 0 0 0 1 1 3 2 2 2 1 1 5 14 37
2 2 2 2 5 10 18 13 4 3 6 3 4 3 3 4 3 1 1 2 2 10 3 3 9 9 4 25 18 13 22 33 18 19 35 8 5 10 5 22 18 14 18 23 23 22 23 13 18 35 37 57 60 61 18 35 75 85 84 63 23 20 44 43 82 59 53 67 36 22 22 24 33 18 6 6 3 3 2 2 1 0 0 0 0 2 3 6 7 4 4 3 2 6 19 20
1 0 2 2 4 5 12 9 2 4 4 5 11 8 3 4 2 2 2 2 1 2 15 8 5 1 5 10 11 8 9 15 21 8 17 4 8 7 2 22 14 18 21 20 13 18 33 22 50 62 34 23 25 21 15 19 58 67 63 36 59 45 41 53 47 46 48 32 55 42 42 23 22 21 13 11 6 4 1 1 0 0 0 0 1 3 6 14 23 12 10 6 5 19 27 27
0 1 1 3 5 2 8 8 1 4 4 5 13 4 4 2 2 1 1 1 4 6 9 9 6 6 4 10 13 7 3 12 16 3 10 7 4 6 11 24 7 7 10 8 7 30 12 29 37 70 70 34 26 29 28 16 32 42 28 41 50 35 30 57 43 56 40 51 43 40 36 32 15 11 8 5 3 3 1 1 0 0 0 1 1 4 10 26 26 16 10 12 22 34 54 35
1 1 1 1 1 3 4 11 8 3 3 6 8 4 2 2 2 4 6 5 6 8 5 21 9 9 7 6 11 11 5 6 3 3 10 2 3 4 6 15 15 5 4 8 2 2 8 5 8 42 54 42 42 28 24 26 17 22 39 48 43 63 37 46 62 44 45 49 56 34 20 19 13 8 4 2 2 2 1 1 0 0 0 2 3 6 11 17 36 37 18 25 35 39 10 11
1 2 5 20 5 5 7 11 6 9 11 18 7 4 4 5 4 11 3 4 24 3 5 5 6 4 3 11 7 5 5 4 3 6 4 3 3 4 4 9 4 4 4 25 27 19 16 25 23 14 18 33 24 22 18 19 20 32 35 40 48 56 41 76 76 59 48 40 36 25 17 16 9 6 5 2 1 0 0 0 0 0 1 5 7 17 10 29 53 51 25 37 46 36 11 10
1 6 11 8 25 33 7 7 4 12 17 8 7 3 4 4 1 1 0 8 3 5 11 4 3 6 3 4 3 2 2 2 5 1 1 3 2 4 2 4 3 6 10 6 10 26 23 51 48 29 17 22 15 24 13 16 21 40 35 36 55 39 36 31 43 40 31 31 20 16 15 8 7 6 3 1 1 0 0 0 0 1 5 7 9 27 34 38 68 64 56 57 30 22 13 13
0 1 2 2 12 40 23 2 7 10 16 4 8 7 1 1 0 0 4 18 3 5 6 9 4 4 2 1 2 1 2 4 3 1 3 2 2 4 2 2 9 21 14 8 17 25 35 17 58 67 22 19 9 14 16 27 27 27 33 28 24 21 30 19 18 30 40 26 15 8 6 5 8 3 1 1 1 0 0 1 1 3 7 9 10 30 54 63 65 74 55 32 27 16 12 9
2 1 3 7 8 13 3 4 5 5 8 10 16 3 1 0 3 6 10 18 4 3 4 15 5 1 3 1 1 2 0 1 4 1 1 1 2 4 14 19 5 5 5 35 15 22 48 32 32 12 27 30 29 27 28 33 40 31 33 31 30 17 23 16 17 24 22 9 6 9 6 2 2 2 1 0 0 0 1 2 3 4 11 16 13 27 59 80 65 15 15 9 11 14 9 8
1 1 2 7 7 9 7 5 3 7 9 6 6 2 3 13 10 9 9 12 2 3 2 7 0 0 2 0 1 2 0 0 2 1 0 1 1 1 13 24 11 7 22 23 71 40 17 31 26 24 18 42 39 39 46 45 29 37 22 17 16 6 2 4 12 12 12 8 7 5 3 2 2 1 1 0 1 2 3 5 6 11 14 19 32 41 44 76 48 23 20 16 13 16 9 13
0 1 4 3 4 5 7 6 5 5 3 12 9 8 7 11 6 2 7 4 1 1 1 1 0 2 0 0 1 1 0 1 0 1 3 6 3 3 2 6 9 5 6 7 35 68 39 25 24 27 23 25 27 42 55 59 38 33 13 13 5 5 7 20 21 13 4 4 5 3 1 1 0 0 0 1 4 5 5 8 18 15 29 26 54 60 58 55 33 24 29 42 21 15 10 9
1 1 2 3 6 6 10 3 5 4 2 6 3 11 4 6 5 2 2 10 0 0 0 0 1 0 0 0 0 1 0 0 0 1 1 2 2 11 3 2 12 18 25 21 37 15 24 17 14 20 16 18 31 36 37 42 50 39 37 15 19 16 9 12 18 10 3 3 1 1 1 1 1 1 1 2 5 6 9 14 30 22 41 34 32 70 82 53 39 48 58 45 20 13 10 4
0 1 3 4 2 2 2 7 2 2 2 1 3 3 2 4 3 1 1 1 0 0 0 1 0 0 0 0 0 0 0 0 2 1 1 1 5 3 6 5 3 7 47 56 72 36 15 10 24 29 33 16 25 37 33 40 39 16 25 36 18 13 7 11 6 10 5 2 1 1 1 2 1 1 2 5 8 20 27 37 47 42 46 27 22 42 70 41 33 65 59 31 20 15 11 6
0 0 1 3 2 2 1 4 2 1 1 1 1 1 1 1 5 1 0 1 0 0 0 0 0 0 0 0 0 0 0 0 1 3 1 2 1 3 7 2 7 8 8 22 23 17 24 12 25 19 38 24 24 26 28 50 33 23 9 8 12 7 3 5 2 9 5 4 2 3 2 1 1 3 5 8 12 28 40 53 62 69 50 33 26 28 43 47 58 50 31 18 10 10 14 12
0 0 1 1 1 2 1 1 2 1 2 1 1 1 1 0 1 0 0 0 0 0 0 0 0 0 0 0 0 0 0 0 0 0 0 1 1 2 3 2 5 12 37 19 22 12 16 6 10 14 22 20 23 33 42 29 26 13 5 1 9 18 7 12 12 8 7 7 4 1 1 2 3 7 6 10 17 45 45 66 79 69 57 56 30 34 68 72 61 41 35 22 21 26 21 8
0 0 0 0 0 1 3 4 7 1 1 1 0 1 0 0 1 0 0 0 0 0 0 0 0 0 0 0 1 1 1 0 0 0 1 2 3 5 4 7 13 19 28 38 41 47 58 28 25 45 34 24 24 23 22 24 13 7 5 11 9 24 26 15 8 5 2 1 2 1 2 8 8 10 16 10 23 47 54 67 62 76 62 65 48 77 54 59 42 54 51 51 39 29 17 12
0 0 0 0 0 1 0 1 1 1 1 0 0 0 0 0 0 0 0 0 0 0 0 0 0 0 0 0 0 0 3 8 3 4 7 3 6 4 5 12 23 19 24 49 28 20 25 6 16 37 51 43 26 18 19 21 23 20 41 25 14 17 11 13 6 2 1 0 1 0 7 9 23 14 24 15 19 33 59 69 81 67 69 63 71 52 55 58 35 39 69 61 51 27 21 30
0 0 0 0 0 0 0 1 1 0 0 0 0 0 0 0 0 0 0 0 0 0 0 0 0 0 0 0 0 0 1 3 19 8 17 42 44 18 18 30 7 43 49 41 64 51 57 32 30 40 40 37 44 22 24 45 44 31 24 14 16 27 20 7 1 1 2 2 0 1 3 9 28 38 31 19 24 20 40 39 75 80 76 41 37 78 48 59 61 67 49 55 50 42 32 32
0 0 0 0 0 0 0 0 1 0 0 0 0 0 0 0 0 1 0 0 1 0 0 0 0 0 0 0 0 0 0 1 1 16 13 44 52 53 43 31 36 14 61 64 66 48 73 40 32 38 27 25 16 21 10 11 18 23 20 15 11 9 3 1 1 3 3 1 1 2 7 14 22 39 41 23 27 35 38 38 58 75 69 30 63 62 53 72 77 60 64 60 58 44 58 48
0 0 0 0 0 0 0 0 0 0 0 0 0 0 0 0 0 0 0 0 0 2 0 0 0 0 0 0 0 0 0 1 2 3 2 27 58 22 67 29 37 43 33 65 55 54 40 22 62 50 41 39 45 42 30 20 19 15 13 12 10 2 2 1 3 2 2 1 1 3 7 20 28 48 67 44 33 40 54 55 62 73 44 40 58 25 15 35 54 34 35 55 47 52 37 22
0 0 0 0 0 0 0 0 0 0 0 0 0 0 0 0 0 0 0 0 0 0 2 0 0 0 0 0 0 1 1 1 2 4 4 6 24 53 41 48 48 41 45 52 50 66 60 39 19 47 46 47 43 49 45 25 18 8 10 9 4 4 3 7 2 1 1 1 2 7 13 12 31 37 59 65 39 35 41 67 62 80 32 37 67 28 35 33 28 24 24 39 41 34 14 7
0 0 0 0 0 0 0 0 0 0 0 0 0 0 0 0 0 0 0 0 0 0 0 1 0 0 0 1 1 1 2 2 3 8 9 9 17 43 35 51 16 23 17 29 33 38 12 46 34 31 43 33 33 42 42 42 34 24 19 25 13 10 8 3 1 0 1 2 7 15 22 27 30 37 36 68 73 48 65 46 71 65 51 72 28 35 42 42 52 58 41 47 45 32 16 7
0 0 0 0 0 0 0 0 0 0 0 0 0 0 0 0 0 0 0 0 0 0 0 1 0 0 0 0 0 0 1 1 4 7 11 18 12 10 18 11 24 14 8 9 17 30 28 40 24 24 36 32 31 27 27 28 24 18 14 13 6 3 3 1 1 1 2 6 18 17 22 30 41 33 42 40 83 40 38 62 66 44 51 63 57 51 42 71 72 35 41 35 27 13 8 6
0 0 0 0 0 0 0 0 0 0 0 0 0 0 0 0 0 0 0 0 0 0 0 0 0 0 0 1 0 1 2 2 2 7 9 19 24 14 11 7 7 12 17 19 31 33 28 17 23 35 31 28 23 29 25 26 22 10 8 6 5 2 1 0 2 3 8 15 17 23 39 21 12 43 73 57 74 47 47 57 63 57 45 53 43 29 33 61 56 54 31 27 21 12 9 3
0 0 0 0 0 0 0 0 0 0 0 0 0 0 0 0 0 0 0 0 0 0 0 1 1 1 0 1 0 1 2 3 5 9 10 20 23 46 33 12 14 9 12 13 19 16 23 16 12 23 22 30 32 27 18 16 12 8 8 6 4 2 1 2 2 6 18 16 21 29 35 36 24 43 62 45 62 71 46 51 54 61 62 61 42 57 42 50 56 53 41 36 19 17 8 8
0 0 0 0 0 0 0 0 0 0 0 0 0 0 0 1 0 0 0 0 0 0 0 0 0 1 1 3 7 2 2 4 6 11 14 16 23 37 50 47 23 17 19 27 30 21 14 19 33 25 37 39 21 17 25 17 23 15 7 5 2 2 2 3 2 13 20 33 45 48 39 42 29 44 74 44 22 56 78 50 67 61 60 52 43 39 13 38 57 51 34 20 19 17 23 21
0 0 0 0 0 0 0 0 0 0 0 0 0 0 0 0 0 0 0 0 0 0 0 0 0 1 0 1 1 6 9 7 9 17 20 15 28 46 57 50 29 27 25 37 39 46 28 48 33 21 11 13 19 22 8 12 10 9 3 5 5 3 2 5 10 20 25 46 55 56 51 56 42 48 63 68 27 41 54 51 50 31 28 17 26 42 24 31 41 35 31 26 26 26 23 19
0 0 0 0 0 0 0 0 0 0 0 0 0 0 0 0 0 0 0 0 0 0 0 0 0 1 0 0 0 9 5 21 36 16 24 27 19 34 51 55 62 57 45 31 47 63 37 42 37 24 24 27 15 24 15 9 12 13 13 10 5 2 5 9 17 19 26 50 52 67 57 66 40 40 55 69 47 22 55 32 24 15 28 23 28 14 15 26 49 50 33 30 35 35 27 11
0 0 0 0 0 0 0 0 0 0 0 0 0 0 0 0 0 0 0 0 0 0 0 0 0 1 1 0 1 0 1 1 18 16 25 22 15 36 34 28 25 21 18 23 32 57 36 36 32 34 26 21 14 9 7 13 19 15 10 8 3 1 4 6 15 31 47 49 45 58 79 58 61 36 31 61 43 63 36 21 27 21 20 23 35 20 32 41 39 23 30 45 50 36 25 9
0 0 0 0 0 0 0 0 0 0 0 0 0 0 0 0 0 0 0 0 0 0 0 0 0 0 1 1 2 2 1 5 6 5 3 8 15 25 17 25 12 16 10 18 22 26 27 41 25 23 22 22 25 23 7 11 14 19 13 5 1 0 1 10 13 26 24 22 29 31 53 72 78 33 21 43 23 55 19 31 19 20 14 27 34 38 41 21 39 38 45 56 35 27 16 10
0 0 0 0 0 0 0 0 0 0 0 0 0 0 0 0 0 0 0 0 0 0 0 0 0 1 1 2 1 1 1 2 6 10 8 8 24 29 29 28 33 28 47 40 27 30 34 40 37 28 13 21 18 15 20 17 16 9 6 3 1 1 3 6 16 26 35 53 39 25 38 41 57 61 35 28 49 37 27 29 12 28 33 23 16 36 47 42 57 62 43 42 25 16 12 17
0 0 0 0 0 0 0 0 0 0 0 0 0 0 0 0 0 0 0 0 0 0 0 0 2 8 4 1 2 6 8 4 11 11 12 13 25 39 33 32 44 36 30 32 33 34 50 59 41 33 37 32 40 41 27 12 9 10 6 3 1 5 4 9 23 32 49 61 58 37 26 28 44 57 58 30 57 34 34 38 40 23 33 46 42 43 58 53 49 60 61 35 35 25 13 14
0 0 0 0 0 0 0 0 0 0 0 0 0 0 0 0 0 0 0 0 0 0 0 1 2 13 7 2 1 3 4 5 4 7 12 10 14 21 21 45 61 34 42 46 59 57 52 59 48 43 48 55 42 29 27 21 20 9 7 3 2 6 7 19 31 45 67 59 40 39 36 42 41 26 16 64 58 34 28 28 22 29 50 46 52 63 63 73 63 59 39 28 25 27 20 14
0 0 0 0 0 0 0 0 0 0 0 0 0 0 0 0 0 0 0 0 0 0 0 6 2 1 3 3 2 4 10 10 6 4 8 7 17 24 34 35 32 32 66 60 70 65 49 39 37 34 19 33 41 25 20 18 10 8 7 3 2 7 7 24 41 52 62 58 53 58 50 42 63 56 45 36 48 47 20 27 34 46 48 33 50 55 57 47 64 38 27 24 38 25 21 18
0 0 0 0 0 0 0 0 0 0 1 0 0 0 1 0 0 0 0 0 0 0 0 2 0 1 3 8 11 31 49 7 20 11 7 5 10 51 33 38 60 13 22 11 17 40 27 45 31 36 33 38 37 34 16 11 11 10 8 3 2 10 12 24 50 69 59 54 41 73 80 32 60 70 63 48 29 34 29 19 29 29 38 59 53 51 40 39 48 45 44 49 42 39 19 8
0 0 0 0 0 0 0 0 0 0 0 0 0 0 0 0 0 0 0 0 0 0 0 1 0 0 0 3 8 5 21 48 14 26 30 25 31 33 26 30 44 48 38 49 50 36 42 59 49 49 46 29 25 23 21 17 16 16 12 5 6 15 37 44 55 59 58 54 42 37 58 72 36 54 61 56 41 23 44 33 47 53 39 33 51 50 42 35 41 64 59 54 33 20 21 7
0 0 0 0 0 0 0 0 0 0 0 0 0 0 0 0 0 0 0 0 0 0 0 2 1 0 1 1 2 6 2 12 22 18 50 43 25 8 11 9 23 34 31 41 56 64 51 35 54 50 37 49 44 27 21 30 17 14 14 5 10 25 46 59 71 71 52 44 67 57 36 27 58 59 45 48 34 32 58 58 22 21 28 38 40 35 52 45 52 37 39 25 16 16 9 8
0 0 0 0 0 0 0 0 0 0 0 0 0 0 0 0 0 0 0 0 0 0 1 3 1 1 1 2 3 3 4 1 1 5 7 7 8 9 10 7 6 15 14 20 45 48 39 58 58 56 52 48 45 40 37 34 28 16 12 4 16 29 46 68 72 66 52 60 58 73 47 46 22 19 31 27 52 45 27 38 31 47 45 57 52 46 62 59 38 26 26 27 17 7 9 10
0 0 0 0 0 0 0 0 0 0 0 0 0 0 0 0 0 0 0 0 0 0 1 2 1 0 1 3 2 6 8 3 10 17 25 20 22 20 23 11 11 12 42 53 58 41 51 50 56 59 58 50 47 46 39 34 29 18 9 3 8 27 61 71 62 74 54 59 57 45 79 49 32 20 12 49 24 45 37 41 46 63 66 61 52 64 56 48 32 28 28 25 14 11 15 18
0 0 0 0 0 0 0 0 0 0 0 0 1 1 0 1 0 0 0 0 0 0 1 1 1 2 0 2 3 7 3 14 13 10 14 19 15 19 9 17 40 53 30 35 31 45 44 44 58 51 61 59 51 44 41 38 23 18 10 7 7 16 40 69 84 70 48 61 53 42 32 45 46 10 6 20 36 58 56 49 50 53 60 68 62 46 55 42 60 39 26 21 9 18 11 38
0 0 0 0 0 0 0 0 0 0 0 0 0 0 1 0 0 0 0 0 0 0 1 2 3 1 2 2 2 2 4 23 8 9 14 20 21 14 25 27 53 47 46 45 52 55 57 53 67 61 63 55 54 47 45 27 21 17 18 8 11 17 41 57 74 59 68 71 55 68 58 51 43 14 15 28 33 37 49 43 42 46 45 55 48 46 47 56 62 57 31 28 21 27 23 44
0 0 0 0 0 0 0 0 0 0 0 0 0 2 0 0 0 0 0 0 0 0 1 0 0 0 3 1 2 2 7 5 11 19 15 19 21 24 36 31 30 42 51 58 57 64 58 70 67 48 45 45 44 51 51 33 27 21 17 7 13 21 39 52 62 52 45 59 72 54 66 45 48 16 24 38 35 49 32 32 39 44 36 32 36 39 43 44 41 49 46 42 20 37 45 39
0 0 0 0 0 0 0 0 0 0 0 0 0 0 0 0 0 0 0 0 0 1 1 0 0 1 1 1 2 7 11 13 13 16 13 16 29 31 37 36 45 55 62 46 45 63 67 68 55 54 52 52 46 40 38 44 41 23 11 8 14 30 46 51 51 53 43 43 65 74 59 44 34 55 48 18 16 21 36 36 35 41 45 43 34 46 32 51 42 35 43 38 21 37 38 33
0 0 0 0 0 0 0 0 0 0 0 0 0 0 0 0 0 0 0 0 0 0 0 1 1 0 1 2 9 2 2 3 10 11 16 24 28 29 31 31 36 53 41 49 65 60 66 71 52 58 53 51 45 32 36 42 26 24 22 10 11 21 56 59 63 51 44 38 35 32 37 36 28 37 4 16 21 24 22 25 33 31 30 51 46 48 45 46 39 38 42 24 25 42 35 44
0 0 0 0 0 0 0 0 0 0 0 0 0 0 0 0 0 0 0 0 0 0 2 2 0 1 1 2 1 2 3 5 10 7 14 19 24 27 23 55 34 31 38 58 28 49 68 71 71 68 38 42 40 49 50 37 30 34 22 10 4 17 31 53 54 51 76 51 48 42 30 13 25 31 14 24 31 24 25 27 36 35 44 46 48 23 28 24 32 52 41 17 34 49 50 48
0 0 0 0 0 0 0 0 0 0 0 0 0 0 0 0 0 0 0 0 0 1 1 0 0 2 1 1 1 2 3 5 4 8 10 22 14 15 35 28 25 45 60 30 53 55 57 66 57 44 41 54 55 54 52 52 46 40 26 15 8 16 40 44 48 64 72 79 41 48 31 14 13 38 40 13 27 34 44 25 30 32 46 45 33 16 40 39 34 27 19 8 38 49 46 45
0 0 0 0 0 0 0 0 0 0 0 0 0 0 0 0 0 0 0 0 0 0 0 0 1 0 0 1 1 2 5 4 4 11 11 13 13 24 32 41 23 22 36 46 45 53 42 51 51 54 53 65 64 43 47 47 48 32 30 17 11 30 35 48 56 56 66 67 55 50 29 29 26 36 19 14 18 23 30 36 26 61 51 29 39 50 43 35 23 13 11 25 42 49 44 46
0 0 0 0 0 0 0 0 0 0 0 0 0 0 0 0 0 0 0 0 0 0 0 0 0 0 1 1 2 2 3 2 3 4 9 6 23 24 31 18 12 15 25 42 54 52 52 57 62 65 63 63 52 42 38 36 35 34 32 29 18 34 45 56 63 58 49 37 52 61 42 11 16 28 11 16 41 43 42 51 48 36 41 41 45 51 28 33 21 18 19 37 41 43 33 43
0 0 0 0 0 0 0 0 0 0 0 0 0 0 0 0 0 0 0 0 0 0 0 0 0 1 1 3 1 1 2 2 7 5 13 5 3 3 3 11 16 31 48 55 60 57 53 59 48 67 53 50 60 42 48 34 32 33 33 32 22 46 53 51 60 53 43 20 35 44 39 16 23 23 13 7 18 48 49 49 54 29 39 45 43 48 28 25 40 21 36 38 22 46 43 42
0 0 0 0 0 0 0 0 0 0 0 0 0 0 0 0 0 0 0 0 0 0 0 0 1 0 1 1 1 1 5 3 2 14 2 1 8 11 16 17 35 45 41 53 60 66 63 61 51 54 55 55 57 56 53 50 45 36 34 20 38 49 61 74 61 53 37 37 40 32 36 13 17 18 29 19 21 27 44 53 43 52 37 45 47 42 33 13 19 34 31 20 28 33 56 39
0 0 0 0 0 0 0 0 0 0 0 0 0 0 0 0 0 0 0 0 0 0 0 0 0 1 0 1 1 1 1 2 3 2 1 3 4 7 15 55 34 32 46 53 58 65 53 52 49 42 51 55 56 44 53 41 49 49 33 35 41 63 50 60 56 46 37 45 38 24 37 26 11 17 28 18 26 29 32 36 47 43 33 36 42 32 20 8 16 43 22 30 40 35 53 33
0 0 0 0 0 0 0 0 0 0 0 0 0 0 0 0 0 0 0 0 0 0 0 0 1 0 1 1 1 1 2 8 4 0 1 4 3 12 22 26 29 43 49 38 44 48 54 56 45 51 50 53 55 56 55 54 53 50 38 38 39 42 45 42 54 64 45 62 51 30 15 13 20 13 26 31 23 26 22 28 40 35 33 43 45 34 17 9 33 34 34 52 52 35 44 30
0 0 0 0 0 0 0 0 0 0 0 0 0 0 0 0 0 0 0 0 0 0 0 0 0 0 0 0 2 1 4 3 0 1 4 1 5 4 10 33 39 30 23 63 59 39 48 55 55 53 51 54 54 54 54 55 53 37 37 39 41 59 35 36 28 44 63 58 43 34 31 24 9 16 13 17 10 17 31 40 32 40 34 49 49 16 11 32 26 35 48 48 42 24 35 35
0 0 0 0 0 0 0 0 0 0 0 0 0 0 0 0 0 0 0 0 0 0 0 0 0 0 0 0 2 2 2 0 1 1 2 10 3 6 14 23 29 25 43 21 32 31 48 64 51 52 54 54 54 52 54 55 39 28 42 52 42 56 42 44 37 41 43 69 26 15 7 15 8 5 7 16 26 24 24 28 31 32 51 48 23 15 24 34 36 29 33 39 47 34 36 33
0 0 0 0 0 0 0 0 0 0 0 0 0 0 0 0 0 0 0 0 0 0 0 0 0 0 0 1 2 1 0 0 0 1 4 6 7 5 8 11 15 28 23 18 26 62 50 48 48 64 55 51 54 53 54 52 37 27 48 50 65 64 45 40 27 43 46 36 44 13 7 4 8 12 12 27 20 26 25 37 29 38 29 23 16 25 36 43 30 45 39 26 28 30 25 21
0 0 0 0 0 0 0 0 0 0 0 0 0 0 0 0 0 0 0 0 0 0 0 0 0 0 0 1 1 0 0 0 1 1 5 3 5 6 6 4 6 19 39 30 41 38 45 50 61 49 55 65 36 51 51 38 22 45 53 52 74 60 40 47 32 28 29 34 24 4 11 5 6 10 15 20 22 30 35 32 29 41 20 28 21 35 41 39 30 31 35 23 22 30 33 24
0 0 0 0 0 0 0 0 0 0 0 0 0 0 0 0 0 0 0 0 0 0 0 0 0 0 0 1 0 0 0 0 2 2 5 6 2 4 4 6 11 18 27 46 30 35 38 64 45 47 66 53 55 54 37 37 23 42 61 58 57 62 40 42 43 35 24 13 20 3 5 10 13 9 13 17 31 30 44 47 35 36 15 13 20 36 44 41 47 39 32 32 22 23 38 28
0 0 0 0 0 0 0 0 0 0 0 0 0 0 0 0 0 0 0 0 0 0 0 0 0 0 0 0 0 0 1 1 2 4 1 0 3 2 4 5 6 13 25 35 39 32 56 35 58 66 45 48 54 53 40 36 22 41 62 55 47 48 24 27 37 14 21 9 9 3 2 11 4 11 13 21 27 44 68 45 46 18 13 18 31 37 38 40 26 17 23 40 17 16 28 49
0 0 0 0 0 0 0 0 0 0 0 0 0 0 0 0 0 0 0 0 0 0 0 0 0 0 0 0 0 0 1 0 1 1 0 1 1 1 2 7 11 16 23 30 28 22 39 51 51 48 56 46 50 51 51 32 32 39 60 68 51 40 28 18 34 23 6 5 11 2 5 5 6 11 14 23 47 22 29 39 17 12 17 32 30 39 46 38 19 22 28 14 8 11 18 40
0 0 0 0 0 0 0 0 0 0 0 0 0 0 0 0 0 0 0 0 0 0 0 0 0 0 0 1 0 0 1 1 4 1 0 0 1 1 2 2 4 14 10 16 32 14 14 14 30 37 50 48 45 51 35 21 36 49 58 50 64 40 17 15 15 14 7 1 5 0 1 2 6 12 21 35 39 45 41 42 21 12 19 30 29 52 52 41 28 21 25 25 19 9 16 26
0 0 0 0 0 0 0 0 0 0 0 0 0 0 0 0 0 0 0 0 0 0 0 0 0 0 0 0 0 0 1 0 0 0 0 1 1 1 1 2 7 8 6 19 8 14 17 28 33 48 42 50 49 35 29 19 32 46 62 46 41 18 15 21 11 5 6 2 3 1 1 2 3 4 22 42 44 41 27 28 10 17 28 29 30 52 41 14 20 31 16 30 11 12 16 30
0 0 0 0 0 0 0 0 0 0 0 0 0 0 0 0 0 0 0 0 0 0 0 0 0 0 0 0 0 0 0 0 0 0 1 1 1 1 2 4 3 7 12 7 12 13 27 27 42 34 36 42 47 31 15 27 35 64 51 38 29 22 9 22 9 3 3 5 1 1 4 6 11 21 31 36 31 17 17 9 13 26 25 28 28 51 47 11 11 27 15 30 13 12 16 41
0 0 0 0 0 0 0 0 0 0 0 0 0 0 0 0 0 0 0 0 0 0 0 0 0 0 0 0 0 0 0 0 0 0 1 1 1 1 3 1 7 6 5 9 10 20 26 39 44 36 49 38 29 32 20 39 33 56 52 20 22 16 6 3 5 4 3 2 2 4 6 4 8 14 16 32 25 20 7 24 16 28 33 39 30 45 47 16 15 16 7 31 12 13 14 23
0 0 0 0 0 0 0 0 0 0 0 0 0 0 0 0 0 0 0 0 0 0 0 0 0 0 0 0 0 0 0 0 1 1 0 0 1 1 1 6 10 7 13 5 11 24 34 25 26 47 42 31 27 30 19 41 49 32 31 24 8 9 8 2 6 5 2 1 2 4 3 5 13 14 28 16 25 24 13 27 27 22 26 35 21 22 27 23 26 13 13 35 11 11 9 17
0 0 0 0 0 0 0 0 0 0 0 0 0 0 0 0 0 0 0 0 0 0 0 0 0 0 0 0 0 0 0 2 0 0 0 1 0 0 2 3 4 3 15 10 14 26 11 19 35 32 27 26 23 22 28 33 37 39 19 14 6 4 4 3 2 3 1 0 1 5 4 9 12 24 23 24 30 30 22 22 24 28 28 29 19 13 21 18 17 15 14 27 11 8 13 13
0 0 0 0 0 0 0 0 0 0 0 0 0 0 0 0 0 0 0 0 0 0 0 0 0 0 0 0 0 0 1 3 0 0 1 0 0 0 1 2 2 3 11 13 11 16 17 18 23 24 23 23 20 19 31 19 31 26 18 5 8 2 3 2 1 1 0 0 0 1 4 16 23 17 17 19 21 6 14 18 19 31 23 23 12 24 33 32 20 15 10 14 19 4 12 14
0 0 0 0 0 0 0 0 0 0 0 0 0 0 0 0 0 0 0 0 0 0 0 0 0 0 0 0 0 0 0 0 0 0 0 0 0 0 2 1 1 1 6 4 12 9 11 9 20 26 16 18 14 13 19 23 25 22 12 6 3 5 2 1 0 0 1 1 1 2 4 12 16 13 13 16 6 11 20 17 19 27 25 14 15 16 22 25 16 13 9 12 15 4 5 15
0 0 0 0 0 0 0 0 0 0 0 0 0 0 0 0 0 0 0 0 0 0 0 0 0 0 0 0 0 0 0 0 0 0 0 0 1 0 1 1 0 2 6 6 8 9 9 15 15 16 17 13 13 26 23 12 25 7 6 2 3 2 0 1 0 0 1 2 2 1 6 13 22 26 28 10 9 10 16 23 28 15 19 11 16 22 20 17 11 11 8 6 12 9 3 6
0 0 0 0 0 0 0 0 0 0 0 0 0 0 0 0 0 0 0 0 0 0 0 0 0 0 0 0 0 0 0 0 0 1 0 0 1 0 4 1 0 3 1 5 5 5 11 5 11 11 9 11 8 24 19 9 10 4 4 4 1 1 1 0 0 0 0 1 1 1 5 10 19 39 22 7 9 14 12 29 25 15 13 15 7 14 18 15 10 12 3 7 7 5 4 3
0 0 0 0 0 0 0 0 0 0 0 0 0 0 0 0 0 0 0 0 0 0 0 0 0 0 0 0 0 0 0 0 0 0 0 1 0 1 3 2 1 5 1 5 3 2 4 3 6 8 11 6 6 12 11 24 2 2 2 1 1 0 0 0 0 0 1 1 1 2 6 11 9 31 15 7 16 18 12 14 20 12 10 8 9 12 11 18 10 5 3 5 7 2 3 2
0 0 0 0 0 0 0 0 0 0 0 0 0 0 0 0 0 0 0 0 0 0 0 0 0 0 0 0 0 0 0 0 0 0 0 0 0 0 1 2 1 1 1 3 1 3 2 5 7 4 7 5 7 5 8 8 4 2 1 0 0 0 0 0 0 0 1 1 2 2 4 10 14 14 7 13 14 11 11 8 9 13 12 9 6 8 10 7 11 3 2 9 3 4 3 1
0 0 0 0 0 0 0 0 0 0 0 0 0 0 0 0 0 0 0 0 0 0 0 0 0 0 0 0 0 0 0 0 0 0 0 0 0 0 0 1 3 2 1 1 1 1 1 3 3 1 4 3 3 3 3 6 4 1 0 0 0 0 0 0 0 0 0 1 2 5 12 9 13 4 14 10 11 17 12 8 5 7 7 7 6 12 3 8 3 2 1 6 2 5 1 1
0 0 0 0 0 0 0 0 0 0 0 0 0 0 0 0 0 0 0 0 0 0 0 0 0 0 0 0 0 0 0 0 0 0 0 0 0 0 0 1 3 3 1 0 1 1 3 1 2 1 1 3 2 4 2 1 2 1 1 0 0 0 0 0 0 0 1 1 3 3 8 18 2 4 6 6 10 7 6 3 4 2 6 6 5 2 6 3 3 2 1 3 2 3 3 1
