sesion_6_simulaciones/modelos_agentes/ejemplos_netlogo/scenarios/echam4_a2/rob_2039.asc
NCOLS 322 
NROWS 307 
XLLCORNER 451900 
YLLCORNER 4086900 
CELLSIZE 100 
NODATA_value -9999 
[rows 148 to 221 of 307, columns 0 to 95 of 322]
0 22 22 17 29 44 39 26 8 5 7 62 59 63 56 61 77 62 48 63 34 47 15 7 0 2 1 3 1 1 5 1 2 4 2 7 2 7 5 6 25 25 22 16 25 12 29 26 16 29 16 17 28 12 20 36 31 16 10 28 41 42 33 23 37 53 56 37 44 74 67 63 37 45 65 74 19 16 14 29 26 20 8 11 36 24 6 4 18 12 9 12 24 20 10 23
9 23 28 37 45 54 42 53 50 14 16 37 52 74 72 72 83 52 63 61 63 52 18 27 7 2 1 1 1 2 14 10 1 4 1 2 3 7 5 8 14 10 5 13 26 66 36 27 12 14 10 26 27 24 7 7 8 5 31 26 25 60 38 28 40 63 61 60 61 68 42 21 15 47 34 23 51 10 10 32 25 14 19 11 5 26 10 5 4 7 3 14 7 23 12 4
6 3 10 42 31 60 52 15 32 42 21 25 79 80 79 51 83 69 72 76 59 29 21 12 19 10 2 5 3 4 2 14 5 12 16 13 4 11 14 12 7 7 13 43 57 36 23 17 14 12 14 17 17 16 28 20 27 29 32 33 47 61 34 33 63 63 72 73 53 15 56 34 31 38 55 20 22 6 2 7 16 16 10 17 7 7 19 10 4 5 3 2 4 5 8 3
2 5 9 7 9 7 8 10 16 13 31 13 34 67 65 55 78 74 71 25 11 14 30 33 43 27 11 4 4 1 3 6 42 30 36 45 60 12 6 14 29 31 57 50 17 17 8 17 11 8 20 17 19 17 20 16 37 40 42 44 65 59 56 41 61 74 66 50 75 42 20 53 55 24 23 8 18 33 13 5 7 12 12 7 9 4 6 19 11 5 4 2 1 4 6 5
27 7 5 5 9 8 12 19 20 25 14 36 17 11 8 9 11 11 18 26 21 55 57 48 66 29 53 16 17 18 10 11 31 3 1 1 10 57 8 5 27 17 27 33 27 40 40 49 24 12 20 21 26 21 7 21 28 62 39 62 60 66 74 88 86 73 69 42 40 84 41 33 29 32 16 4 8 7 24 16 7 8 14 10 6 7 4 5 13 3 3 2 1 1 2 2
31 24 20 13 16 10 12 24 4 11 36 26 21 28 19 18 12 29 43 57 83 64 81 55 52 31 25 26 17 45 28 3 2 5 5 1 5 6 28 7 3 61 14 17 24 16 7 14 32 19 30 38 34 24 10 15 25 49 72 61 80 69 80 79 78 76 68 24 32 69 72 51 30 17 22 12 9 6 11 8 12 7 6 9 6 4 3 3 17 9 1 1 1 1 2 3
61 36 56 40 34 32 43 11 15 10 15 20 23 49 47 18 8 23 56 62 74 86 71 84 63 57 63 56 29 33 63 49 19 3 8 9 18 15 15 29 5 42 21 16 32 5 10 15 10 31 39 50 59 44 44 22 31 49 65 69 53 41 75 77 73 66 62 48 29 45 76 23 25 14 9 6 11 4 11 21 7 9 8 3 3 2 3 2 4 2 6 1 1 0 0 1
67 54 69 46 55 42 34 44 12 9 21 13 54 37 16 37 27 19 17 57 71 62 60 68 49 52 62 58 31 10 31 69 72 50 36 16 19 22 22 30 14 37 68 30 32 18 8 8 10 17 15 18 34 11 16 43 34 60 46 27 25 26 30 51 52 21 30 17 44 55 47 41 20 12 14 5 6 7 7 14 11 5 6 5 2 2 2 2 2 2 2 4 1 1 1 0
38 59 57 75 78 51 29 74 22 11 19 21 20 22 42 45 30 44 31 18 21 54 63 22 39 65 43 72 44 11 10 12 46 71 57 35 24 21 18 27 24 38 73 24 32 32 24 31 34 36 35 39 26 26 33 27 44 72 58 54 56 50 24 13 8 22 18 23 16 27 29 43 44 17 8 4 6 6 8 10 11 14 3 4 2 1 1 1 1 2 1 0 3 1 0 0
64 79 66 84 68 29 63 80 33 33 38 17 47 68 52 32 53 38 33 22 25 24 17 52 41 19 31 62 72 34 25 16 12 63 55 54 59 53 48 57 51 30 68 73 39 32 39 44 41 42 53 63 33 50 56 29 25 47 58 45 40 25 14 22 20 6 3 13 28 30 30 36 15 15 7 6 8 6 9 6 7 5 6 2 2 1 0 0 0 1 1 1 1 1 0 0
44 81 41 80 43 67 72 72 21 46 52 30 21 16 34 37 42 67 60 71 30 20 26 22 28 27 43 80 41 79 33 45 36 57 25 50 51 79 56 45 53 28 50 71 78 40 36 31 57 40 41 32 27 51 55 29 45 75 74 75 39 48 51 39 31 13 11 15 19 19 17 22 16 8 12 3 5 9 6 7 4 2 3 3 1 0 0 0 0 1 0 1 1 1 1 1
16 71 54 68 65 73 70 27 39 63 59 44 39 23 22 14 18 29 30 67 43 15 23 24 64 68 63 70 34 73 75 27 28 36 60 69 58 81 88 54 49 19 27 65 75 67 60 45 58 21 16 24 57 55 46 40 44 33 28 29 24 40 55 45 42 27 22 19 13 14 14 12 8 10 3 4 4 5 3 2 2 2 1 1 2 1 1 1 1 0 0 0 1 1 0 0
17 16 12 53 68 68 27 31 72 44 62 74 59 44 27 33 38 36 43 23 32 51 44 18 53 56 66 74 72 41 83 79 37 18 33 76 74 62 58 65 69 22 29 67 83 85 54 46 50 48 35 28 76 42 83 86 85 73 82 72 51 28 34 30 28 22 23 20 14 8 8 12 8 9 3 6 2 2 2 3 1 1 1 2 1 1 1 1 0 0 1 0 0 0 0 0
17 60 37 28 19 44 36 76 78 52 50 66 38 53 20 39 32 32 42 28 33 35 37 17 62 72 64 85 78 60 73 84 78 45 38 12 30 59 44 24 34 24 16 81 83 81 67 69 61 69 88 92 80 53 45 79 74 41 43 63 58 35 45 32 26 17 14 22 14 6 6 5 6 6 4 3 3 3 2 1 1 1 0 1 1 0 1 0 0 0 0 0 0 0 0 0
47 52 37 56 45 22 50 81 73 77 15 50 66 64 75 41 57 30 24 23 25 12 40 60 82 61 84 89 74 74 52 66 80 53 50 28 58 76 83 81 63 52 35 48 82 69 61 88 61 65 83 83 89 61 43 83 88 61 45 32 69 66 24 50 28 22 11 12 10 6 7 5 4 3 3 3 2 1 1 0 0 0 0 0 0 0 0 0 0 0 0 0 0 0 0 0
38 37 62 40 32 12 45 64 49 80 32 42 72 58 72 55 30 48 38 54 56 57 18 51 64 73 82 83 61 82 65 80 68 69 68 74 67 76 81 73 18 60 67 37 17 48 60 82 65 56 76 72 75 80 43 56 74 90 65 45 52 32 30 26 29 33 27 17 9 4 7 3 2 2 1 1 1 1 0 0 0 0 0 0 0 0 0 0 0 0 0 0 0 0 0 0
29 23 13 30 44 40 16 78 32 30 31 48 57 16 43 59 35 43 36 65 64 39 36 17 47 82 74 82 65 84 68 67 58 47 62 66 79 71 72 80 74 55 26 23 11 15 56 75 57 27 40 69 76 81 77 81 83 78 85 44 29 33 26 31 24 21 26 8 5 8 3 2 2 1 0 0 0 0 1 1 1 0 0 0 0 0 1 1 1 0 1 1 1 1 1 1
17 32 48 38 23 17 17 35 42 40 63 55 64 64 31 50 42 58 24 19 35 68 45 25 12 26 30 66 62 37 15 17 14 29 27 22 62 40 46 61 65 56 49 22 8 15 60 63 52 41 32 25 51 79 77 70 57 55 75 71 28 17 22 21 22 18 7 10 5 2 2 2 2 1 1 0 0 0 0 0 0 1 1 1 2 3 3 3 1 1 1 4 3 5 4 1
33 22 19 17 30 23 26 18 21 20 38 67 65 70 22 20 29 61 63 43 33 27 45 14 29 39 32 30 20 27 42 32 42 39 58 29 24 20 19 22 17 36 28 15 15 22 48 53 61 39 37 33 9 42 39 47 46 58 35 50 39 18 35 30 22 10 8 4 4 2 2 2 1 0 1 1 0 0 0 1 4 4 2 5 7 8 6 11 6 6 17 16 7 12 4 3
21 22 29 53 43 45 37 30 37 36 46 12 17 23 34 46 32 18 62 65 54 29 25 9 28 60 59 47 34 38 57 62 33 62 31 24 26 33 34 32 21 13 21 23 37 38 57 55 62 49 34 16 19 15 22 46 18 12 10 31 15 18 16 9 12 6 3 4 3 1 1 1 1 1 1 1 1 0 3 4 9 10 11 15 17 29 27 14 12 15 4 2 2 2 3 7
29 34 50 31 28 36 37 25 43 63 19 27 48 46 29 48 11 17 21 25 36 21 18 17 34 32 51 45 65 29 57 47 41 45 29 27 35 60 30 59 37 19 13 14 16 25 36 47 42 44 27 42 36 23 28 27 24 16 18 20 35 26 12 3 5 4 3 1 1 1 1 5 4 2 2 3 1 2 7 20 33 27 28 49 37 30 28 18 20 17 5 1 1 0 1 4
48 66 61 66 33 28 33 30 46 54 32 34 49 48 44 26 31 27 40 39 26 31 34 20 34 31 31 53 28 37 50 48 50 38 28 30 26 52 27 60 43 34 28 10 7 5 22 22 62 63 38 29 59 28 14 32 36 41 34 20 21 10 5 3 3 2 1 1 2 2 6 11 14 4 6 7 3 9 25 35 54 71 29 53 32 23 17 17 13 9 5 3 1 0 0 1
17 15 10 13 20 20 47 47 61 37 42 20 38 54 24 11 19 21 26 22 13 10 9 20 29 26 25 31 42 47 42 40 25 33 23 10 35 28 47 61 40 39 55 29 31 15 10 22 21 51 33 41 31 13 13 24 22 16 11 5 5 3 1 1 1 0 2 7 12 9 18 25 22 14 20 12 6 17 43 46 77 50 30 22 11 1 2 8 2 3 2 1 1 0 0 1
24 35 26 43 38 45 32 47 41 36 16 20 31 41 49 43 45 21 17 16 20 6 10 28 59 49 31 28 44 26 20 37 67 37 22 12 33 20 59 24 55 36 46 41 25 14 19 20 12 28 35 27 10 16 13 10 26 8 4 3 2 5 6 8 3 5 10 22 25 25 25 38 23 21 26 20 16 31 53 65 61 38 16 9 6 2 2 2 3 1 1 1 0 0 0 0
19 18 18 41 60 21 25 34 30 37 31 24 48 31 61 44 33 53 42 30 57 26 30 23 50 62 37 58 22 28 39 26 54 52 28 19 25 34 39 19 28 28 41 45 19 30 21 13 13 17 18 22 17 15 13 10 5 2 2 9 8 17 17 16 10 13 25 33 50 52 36 48 49 44 30 39 48 57 60 54 43 49 20 9 4 3 2 1 4 2 1 0 0 0 0 0
24 15 27 45 27 29 26 42 48 38 48 55 49 38 29 28 63 61 38 41 42 31 51 28 35 55 67 45 25 24 18 19 18 18 32 41 12 15 47 43 41 47 38 26 36 26 25 23 14 18 18 21 28 18 8 5 6 10 14 30 25 26 38 26 20 33 39 45 60 46 51 62 74 38 42 52 63 68 74 47 14 9 9 10 6 3 1 1 1 1 0 0 0 0 0 0
19 28 37 33 17 57 42 35 59 67 75 69 62 67 41 20 24 41 38 47 14 36 62 33 41 33 55 69 44 59 41 33 27 28 48 57 24 35 47 58 50 14 16 27 20 25 14 11 19 24 22 36 23 14 17 9 16 18 35 37 33 33 44 34 29 43 53 39 69 64 53 77 62 48 56 76 62 64 24 70 40 33 10 5 4 3 2 2 0 0 0 0 0 0 0 0
19 23 33 26 17 16 24 34 29 38 54 71 50 52 64 23 35 31 24 23 25 59 63 44 27 35 20 44 30 36 29 29 43 40 57 49 28 45 58 55 45 24 11 10 19 19 22 35 20 21 36 23 17 31 17 16 25 41 44 54 47 45 47 36 38 67 69 57 74 73 72 72 84 82 54 58 63 63 21 15 29 34 17 10 3 1 1 2 1 0 0 0 0 0 0 0
20 21 48 20 33 13 21 17 32 40 19 23 20 20 29 43 41 36 63 31 45 62 43 56 19 55 29 58 26 22 35 38 41 36 45 39 39 34 50 53 42 21 8 17 21 21 28 27 27 27 27 38 26 19 18 31 45 45 44 49 47 38 57 52 56 73 72 70 66 83 75 69 63 72 28 24 14 38 44 19 8 19 8 4 2 1 2 0 0 1 0 0 0 0 0 0
23 47 41 67 11 61 49 8 35 27 42 27 56 32 44 37 43 33 32 34 23 49 28 42 34 27 35 34 19 42 43 35 37 40 40 29 34 27 37 54 38 33 33 40 47 23 32 23 41 50 47 56 41 25 40 42 46 58 41 47 66 52 66 69 62 73 56 75 39 56 81 78 74 58 72 54 34 12 8 15 7 4 9 6 4 3 2 3 1 0 0 0 0 0 0 0
63 41 18 30 52 29 15 36 37 45 28 47 27 25 56 32 34 8 31 40 36 14 29 39 29 20 30 11 20 13 17 32 32 62 21 24 23 36 36 16 24 39 16 24 21 31 15 31 47 61 53 50 44 42 40 59 51 61 59 51 59 68 62 67 66 74 54 50 74 38 72 73 53 67 74 78 58 50 44 24 16 8 3 1 3 3 2 2 1 0 0 0 0 0 0 0
43 75 38 43 12 23 19 35 29 35 57 21 29 51 55 62 62 23 27 53 32 22 9 19 38 14 21 18 16 10 13 36 39 37 16 23 23 22 53 35 23 36 18 58 32 28 35 26 53 61 46 43 44 43 41 47 67 61 58 74 73 82 68 57 66 31 46 38 42 47 33 59 37 46 66 70 72 81 58 41 35 38 29 13 2 1 2 2 1 0 0 0 0 0 0 0
19 26 18 18 38 46 27 25 34 42 46 27 43 26 16 18 14 21 26 38 55 19 30 18 25 16 16 8 12 19 23 34 23 22 23 16 23 42 51 37 23 19 37 62 19 48 35 39 49 69 39 44 44 42 43 49 65 72 60 70 82 56 43 71 71 63 48 26 18 6 13 13 20 24 44 57 47 54 60 35 53 34 19 5 3 3 2 1 1 0 0 0 0 0 0 0
17 21 35 26 27 40 38 25 11 38 7 11 25 26 59 27 46 21 23 24 39 25 18 23 19 22 28 14 11 13 25 16 19 32 7 8 16 51 30 26 16 30 33 48 41 35 40 46 57 51 35 53 41 43 55 42 66 78 81 61 69 73 32 17 15 22 28 46 36 24 11 7 3 9 17 34 25 49 64 22 31 51 19 8 5 2 1 1 1 0 0 0 0 0 0 0
14 50 30 16 16 25 22 19 10 11 14 18 17 38 36 25 33 36 35 33 22 47 16 36 18 22 40 9 10 19 10 14 31 18 21 34 36 56 11 9 21 41 38 50 43 31 36 40 48 34 57 66 55 60 59 56 66 66 66 45 47 60 32 30 55 69 73 56 52 35 26 30 8 3 5 20 15 35 54 38 19 15 13 7 4 3 2 1 1 1 1 0 0 0 0 0
15 26 24 23 20 21 20 15 6 3 8 16 28 13 22 29 25 38 19 11 8 11 17 10 8 31 23 11 19 14 9 9 24 13 5 13 24 31 22 22 29 34 57 58 29 34 46 41 53 51 71 79 62 80 74 85 72 65 72 44 33 14 63 55 23 50 69 56 60 58 54 28 12 9 3 3 4 10 31 13 8 3 2 5 1 2 1 1 1 1 1 0 0 0 0 0
32 4 10 23 5 14 7 2 3 1 3 2 4 10 26 12 8 12 23 11 9 5 7 9 4 10 8 12 17 9 2 4 4 11 13 7 28 20 12 24 35 56 75 86 74 72 61 59 55 33 77 51 83 75 66 72 44 52 70 77 31 26 23 75 35 29 47 64 51 44 62 59 57 24 13 3 1 1 1 1 1 1 1 2 2 1 1 0 0 1 0 0 0 0 0 0
1 3 8 5 6 5 3 1 1 5 15 1 3 4 5 15 11 9 14 9 9 7 9 11 2 3 6 8 6 3 1 2 3 20 45 44 59 67 76 77 77 85 64 85 77 84 77 29 61 70 41 38 62 63 67 70 46 72 75 60 56 39 17 48 72 28 10 27 54 68 53 45 20 15 20 12 4 1 2 0 1 1 1 1 2 2 0 0 0 0 0 0 0 0 0 0
2 3 5 2 2 1 7 26 40 9 14 14 27 3 2 9 6 4 5 4 4 2 3 2 4 2 13 16 18 3 1 5 5 4 9 45 60 70 72 74 67 79 67 67 80 82 81 48 36 42 82 61 29 56 25 36 34 72 84 68 51 45 30 25 80 39 36 15 30 45 68 15 7 12 12 19 11 8 5 2 1 1 0 0 1 1 1 0 0 0 0 0 0 0 0 0
4 7 7 10 10 23 33 18 22 27 29 12 17 11 6 4 3 2 2 2 1 2 16 13 32 31 11 5 16 4 1 18 13 8 11 13 23 66 68 76 62 47 47 48 68 82 88 87 41 41 60 65 46 26 49 19 49 57 77 73 24 35 27 15 77 53 23 18 14 56 59 70 28 18 11 6 4 2 1 2 3 2 1 0 0 0 1 0 0 0 0 0 0 0 0 0
17 19 11 42 30 34 40 52 56 51 27 25 30 14 11 3 2 3 1 3 2 2 1 3 5 10 25 20 6 7 7 6 11 22 4 13 34 53 59 70 65 39 26 39 53 79 86 82 88 84 36 47 42 37 22 17 31 54 69 74 26 26 31 24 46 83 53 29 12 6 9 25 10 12 7 15 8 3 2 1 1 1 1 1 0 0 0 0 0 0 0 0 0 0 0 0
16 33 36 43 55 47 61 42 69 59 35 59 48 22 49 32 27 13 4 1 1 1 1 1 2 4 8 30 4 4 8 5 23 16 25 23 19 17 8 6 55 60 24 41 33 42 64 67 83 87 81 52 50 63 37 42 25 59 73 62 64 22 39 29 17 72 83 53 33 9 4 6 23 12 6 5 6 7 2 1 1 1 1 1 1 0 0 0 0 0 0 0 0 0 0 0
3 6 12 52 65 51 80 78 79 77 66 66 42 61 73 64 37 17 31 10 6 3 3 4 5 14 29 9 7 9 6 19 37 21 28 37 30 25 20 17 15 28 26 27 19 38 69 46 67 79 88 58 46 43 50 46 9 46 63 60 60 38 24 23 10 54 72 70 38 26 4 2 14 27 8 1 2 1 3 1 1 1 1 0 1 0 0 0 0 0 0 0 0 0 0 0
10 13 19 63 67 74 72 62 57 81 86 67 77 78 78 66 43 44 40 31 15 3 9 14 30 62 53 10 4 9 11 18 15 24 16 27 29 35 40 24 16 16 16 12 28 35 51 46 16 61 78 84 41 30 38 17 14 10 33 40 73 65 13 13 26 33 36 61 16 23 14 2 3 12 8 4 2 2 2 2 1 1 0 0 0 0 0 0 0 0 0 0 0 0 0 0
5 8 9 7 8 12 32 41 42 16 41 79 88 84 80 51 49 71 51 35 45 9 12 6 6 9 46 61 16 5 12 16 18 36 30 21 32 32 45 27 35 46 37 28 20 11 50 52 39 27 54 72 55 25 11 10 24 8 14 34 33 30 17 12 13 20 11 60 12 16 10 10 1 4 4 6 4 3 2 2 1 1 0 0 0 0 0 0 0 0 0 0 0 0 0 0
3 6 12 33 33 39 71 36 35 27 34 19 62 83 87 69 66 72 43 46 29 48 22 34 26 11 6 10 17 9 4 16 25 47 18 21 15 24 41 37 31 31 24 25 38 33 29 11 30 57 31 39 10 12 6 16 12 19 13 13 29 36 23 14 6 6 6 32 37 7 3 5 5 1 2 2 3 1 1 1 1 1 0 0 0 0 0 0 0 0 0 0 0 0 0 0
3 10 5 6 16 11 19 26 24 34 18 7 18 41 66 78 77 36 13 17 19 52 36 50 33 26 18 7 7 15 9 56 44 21 60 34 33 35 40 27 33 50 55 43 48 32 36 20 19 15 53 33 26 14 10 8 14 16 9 12 20 34 22 10 8 5 9 22 42 17 4 2 6 4 2 0 0 2 1 1 0 0 0 0 0 0 0 0 0 0 0 0 0 0 0 0
9 2 6 14 26 29 17 19 23 31 38 27 49 23 22 30 42 27 20 33 56 20 25 42 67 67 14 16 9 52 26 29 61 49 69 30 73 38 30 29 33 34 32 42 35 35 34 21 18 18 16 24 15 15 17 13 9 13 5 2 6 9 15 12 14 7 6 9 13 14 7 7 8 2 3 1 0 1 1 0 1 0 0 0 0 0 0 0 0 0 0 0 0 0 0 0
29 10 24 12 14 27 22 33 43 43 28 30 13 37 47 31 37 29 20 33 15 47 41 28 13 31 35 46 46 10 17 46 41 17 33 32 17 56 26 33 34 43 21 28 17 18 17 24 24 22 10 6 22 26 15 20 10 8 7 6 3 5 14 5 5 5 3 5 7 12 2 3 2 1 1 1 0 0 1 1 0 0 0 0 0 0 0 0 0 0 0 0 0 0 0 0
48 38 6 6 28 11 41 64 27 23 38 32 31 56 20 36 22 21 16 14 23 36 32 33 28 16 22 26 14 23 10 46 27 40 41 56 14 25 46 19 25 41 32 41 37 13 19 21 14 20 7 12 3 8 7 25 6 9 6 10 5 4 2 2 1 0 0 1 2 2 1 0 2 1 1 2 1 1 1 0 0 0 0 0 0 0 0 0 0 0 0 0 0 0 0 0
50 41 68 19 18 38 9 9 43 50 19 44 21 47 20 41 39 28 25 39 47 52 35 18 32 32 24 30 53 55 41 11 10 16 40 30 27 8 47 40 37 29 14 18 32 28 18 10 15 18 11 3 19 11 7 20 10 3 5 2 2 4 2 1 1 0 0 0 1 2 2 1 1 1 1 1 1 1 2 1 0 0 0 0 0 0 0 0 0 0 0 0 0 0 0 0
30 48 62 48 11 8 41 18 5 15 33 24 12 19 35 29 20 13 22 29 40 41 71 51 37 35 32 29 59 69 44 29 12 27 45 38 54 26 8 50 28 39 36 29 15 14 18 20 14 15 5 2 4 2 1 7 4 4 3 1 1 3 2 1 1 0 0 0 0 1 1 1 1 1 2 2 2 1 0 0 0 0 0 0 0 0 0 0 0 0 0 0 0 0 0 0
49 47 75 57 65 29 9 58 19 25 57 21 38 29 17 41 19 20 21 19 16 31 54 48 39 42 37 34 47 69 75 51 26 21 60 55 57 38 16 27 68 27 24 53 31 30 21 24 20 7 4 1 1 2 1 2 4 2 1 1 1 1 1 2 1 1 0 0 0 0 0 0 1 0 0 0 1 1 0 0 0 0 0 0 0 0 0 0 0 0 0 0 0 0 0 0
57 47 42 65 39 48 51 18 65 37 51 66 50 57 40 22 24 21 30 52 25 42 66 60 40 40 41 29 19 23 66 57 39 29 25 62 43 31 24 15 21 52 15 14 16 17 18 24 32 12 17 4 2 2 1 1 1 1 1 3 1 0 0 0 0 0 0 0 0 0 0 0 0 0 0 0 0 0 0 0 0 0 0 0 0 0 0 0 0 0 0 0 0 0 0 0
24 66 58 69 56 63 69 57 35 26 17 13 24 18 20 49 38 25 44 15 60 27 69 77 41 43 45 27 16 7 14 41 59 39 15 41 52 22 47 35 25 14 39 40 20 17 28 15 20 8 17 5 2 1 1 1 1 1 0 1 1 1 0 0 0 0 0 0 0 0 0 0 0 0 0 0 0 0 0 0 0 0 0 0 0 0 0 0 0 0 0 0 0 0 0 0
18 20 9 32 35 9 13 9 35 28 49 49 48 53 22 24 50 47 42 41 31 24 60 82 63 55 50 48 27 9 8 9 49 33 37 33 53 19 46 49 35 15 12 34 23 30 20 15 16 5 1 1 3 2 2 1 0 0 0 0 0 0 0 0 0 0 0 0 0 0 0 0 0 0 0 0 0 0 0 0 0 0 0 0 0 0 0 0 0 0 0 0 0 0 0 0
18 33 26 13 14 30 22 20 23 49 28 48 36 20 30 46 25 18 28 45 26 73 45 66 73 55 61 53 51 23 10 11 7 22 35 38 44 21 46 26 33 32 22 17 27 17 16 23 14 8 5 2 2 1 1 1 0 0 0 0 0 0 0 0 0 0 0 0 0 0 0 0 0 0 0 0 0 0 0 0 0 0 0 0 0 0 0 0 0 0 0 0 0 0 0 0
38 29 35 20 32 51 33 26 39 42 22 31 32 14 30 53 35 39 25 26 62 47 34 29 75 50 22 17 16 10 12 5 12 5 11 17 74 54 28 41 26 14 22 23 13 22 11 10 22 15 11 4 2 1 1 1 0 0 0 0 0 0 0 0 0 0 0 0 0 0 0 0 0 0 0 0 0 0 0 0 0 0 0 0 0 0 0 0 0 0 0 0 0 0 0 0
25 18 20 19 7 22 23 25 17 12 38 33 32 12 24 36 26 35 43 71 47 31 41 59 76 67 32 24 23 25 22 21 8 12 13 8 5 7 21 22 17 29 10 20 15 23 22 9 21 10 11 8 4 2 1 0 0 0 0 0 1 2 1 1 0 0 0 0 0 0 0 0 0 0 0 0 0 0 0 0 0 0 0 0 0 0 0 0 0 0 0 0 0 0 0 0
14 10 18 9 21 15 18 14 8 7 12 16 18 30 26 28 22 39 35 26 29 29 15 9 17 17 13 20 42 43 24 46 33 12 8 6 7 7 5 17 14 27 19 8 22 14 17 13 9 4 5 4 2 1 0 0 0 0 1 2 2 2 1 1 1 0 0 0 0 0 0 0 0 0 0 0 0 0 0 0 0 0 0 0 0 0 0 0 0 0 0 0 0 0 0 0
19 9 15 3 9 8 20 29 55 51 43 6 12 27 23 12 22 37 54 39 45 19 28 22 15 19 48 27 30 41 53 37 22 22 22 4 2 4 6 9 8 12 18 19 18 16 8 6 12 4 3 2 1 1 1 1 1 2 2 2 3 3 2 2 1 1 1 1 1 1 1 0 0 0 0 0 0 0 0 0 0 0 0 0 0 0 0 0 0 0 0 0 0 0 0 0
4 5 3 4 20 20 8 29 68 70 55 58 35 15 26 36 30 43 43 21 14 19 39 30 26 28 42 19 9 27 24 15 7 12 21 11 5 4 9 5 4 6 5 6 8 9 8 4 7 4 1 1 1 1 3 3 2 4 5 5 2 4 4 3 5 1 2 2 2 2 0 0 0 0 0 0 0 0 0 0 0 0 0 0 0 0 0 0 0 0 0 0 0 0 0 0
3 7 17 17 26 19 39 33 10 27 60 57 57 65 68 56 80 49 39 42 14 9 35 23 25 36 20 18 12 10 23 24 23 17 22 11 8 16 18 5 3 14 7 9 5 3 7 3 2 2 1 2 3 6 6 8 5 4 4 5 3 7 8 10 7 4 3 2 2 1 1 1 1 0 0 0 0 0 0 0 0 0 0 0 0 0 0 0 0 0 0 0 0 0 0 0
12 2 2 9 39 44 52 78 70 38 46 76 67 51 76 58 82 82 79 57 29 46 9 11 11 10 30 34 35 45 14 50 45 21 7 10 4 12 12 6 17 8 6 5 6 3 4 3 2 2 4 5 11 20 20 11 15 7 8 8 5 11 11 12 8 5 4 3 3 3 1 0 0 0 0 0 0 0 0 0 0 0 0 0 0 0 0 0 0 0 0 0 0 0 0 0
16 18 39 10 7 30 51 70 73 39 32 79 44 39 75 53 51 28 45 59 19 30 23 18 13 19 25 33 32 51 24 14 13 30 18 17 6 25 11 10 14 18 14 12 13 16 15 9 2 10 18 18 22 33 35 29 11 6 22 13 10 13 14 9 11 11 2 7 5 2 2 1 0 0 0 0 1 0 0 0 0 0 0 0 0 0 0 0 0 0 0 0 0 0 0 0
45 18 28 59 35 17 17 28 29 69 25 70 49 47 69 35 15 24 37 24 18 9 24 15 21 34 33 16 11 33 22 14 6 5 7 6 20 22 10 7 34 35 16 35 28 12 10 5 5 15 33 30 31 64 27 21 17 8 37 13 12 16 24 25 15 9 6 8 3 1 1 1 1 1 0 0 0 0 0 0 0 0 0 0 0 0 0 0 0 0 0 0 0 0 0 0
67 62 31 55 66 78 69 38 15 17 47 76 66 27 69 32 33 25 36 26 12 10 32 14 30 26 28 24 20 15 9 11 11 16 21 13 28 6 10 19 36 34 44 44 22 9 5 8 19 15 29 52 64 32 22 28 27 14 49 19 39 13 29 13 11 29 13 4 7 2 1 1 3 3 1 0 0 0 0 0 0 0 0 0 0 0 0 0 0 0 0 0 0 0 0 0
63 73 74 65 67 83 70 86 59 12 38 67 12 25 49 46 35 15 49 9 10 9 18 10 45 29 16 12 12 3 3 12 20 13 31 10 36 8 26 25 52 54 61 23 20 11 10 25 38 34 31 58 56 35 40 55 41 23 62 52 26 32 25 30 43 23 14 10 4 2 2 10 3 0 0 1 0 0 0 0 0 0 0 0 0 0 0 0 0 0 0 0 0 0 0 0
56 80 79 85 77 72 82 82 70 41 35 34 42 15 49 39 29 20 13 8 8 10 27 15 21 19 16 34 24 23 25 26 15 8 10 23 52 23 30 40 67 64 44 23 13 22 24 52 65 46 39 63 48 33 49 69 30 51 55 49 53 21 30 61 54 26 16 7 8 9 4 4 2 1 1 0 0 0 0 0 0 0 0 0 0 0 0 0 0 0 0 0 0 0 0 1
13 70 82 69 78 34 61 71 71 68 59 66 46 13 51 73 45 18 22 15 7 16 25 15 12 16 26 8 12 13 5 10 8 22 51 34 54 24 26 41 66 43 19 9 20 45 41 45 75 56 62 64 34 57 70 62 29 53 39 64 52 57 61 49 33 18 18 6 3 1 1 1 0 0 0 0 0 0 0 0 0 0 0 0 0 0 0 0 0 0 0 0 0 0 0 1
28 26 51 23 11 13 19 16 21 10 14 28 58 18 10 50 59 44 34 29 14 12 9 11 28 8 16 17 42 37 7 18 22 26 64 66 75 40 27 54 46 20 11 27 53 54 49 50 77 57 65 77 67 58 76 62 61 37 59 63 39 60 42 14 5 5 3 4 8 5 4 3 3 1 0 0 0 0 0 0 0 0 0 0 0 0 0 0 0 0 0 0 0 0 1 1
30 27 12 17 27 53 55 21 25 5 11 13 8 4 16 8 11 19 9 7 6 26 13 16 7 29 25 32 18 28 25 44 39 40 65 76 59 50 43 59 29 25 25 45 60 58 68 45 66 76 69 82 86 70 63 80 80 60 78 73 69 76 49 53 29 21 17 11 4 1 1 1 1 1 1 0 0 0 0 0 0 0 0 0 0 0 0 0 0 0 0 0 0 0 0 1
49 50 37 34 53 60 63 49 20 17 27 18 22 16 15 21 17 6 6 9 12 33 14 15 28 33 16 60 52 39 51 58 51 54 65 42 28 43 24 56 43 33 33 49 64 71 75 66 71 79 69 79 76 75 29 40 73 79 78 59 19 13 28 22 44 17 10 16 3 1 1 1 1 0 0 0 0 0 0 0 0 0 0 0 0 0 0 0 0 0 0 0 0 0 1 1
33 9 39 46 57 49 53 32 9 19 19 25 50 39 18 18 8 13 11 12 3 7 48 31 21 6 12 32 45 36 36 46 64 40 67 28 41 30 11 53 42 39 51 65 65 78 79 64 81 87 65 44 45 33 20 18 51 61 45 26 31 19 17 23 13 10 7 3 6 3 2 1 1 1 0 0 0 0 0 0 0 0 0 0 0 0 0 0 1 0 0 0 0 1 1 1
