sesion_6_simulaciones/modelos_agentes/ejemplos_netlogo/scenarios/echam4_a2/rob_2029.asc
NCOLS 322 
NROWS 307 
XLLCORNER 451900 
YLLCORNER 4086900 
CELLSIZE 100 
NODATA_value -9999 
[rows 222 to 295 of 307, columns 192 to 287 of 322]
1 1 0 0 1 1 0 0 0 0 0 0 0 0 0 0 0 0 0 0 0 1 3 2 1 1 1 1 2 3 1 2 7 7 9 7 13 29 31 36 42 37 41 61 42 53 56 38 48 61 56 51 22 21 29 31 28 54 67 65 46 37 45 27 55 76 64 54 69 75 29 13 3 1 0 0 0 0 0 0 0 0 0 0 0 0 0 0 0 0 1 1 1 1 2 1
4 4 2 1 1 0 0 0 0 0 0 0 0 0 0 0 0 0 0 0 0 1 3 5 2 2 3 2 4 5 3 4 9 11 12 8 16 13 23 28 36 33 42 61 50 37 53 38 49 44 42 29 32 25 16 20 27 41 35 35 28 39 44 26 29 54 42 35 53 65 28 9 3 1 0 0 0 0 0 0 0 0 0 0 0 0 0 0 0 0 1 1 1 1 2 2
5 3 3 1 1 1 1 0 0 0 0 0 0 0 0 0 0 0 0 0 0 2 4 7 7 4 4 6 6 13 15 8 11 11 14 10 17 9 21 25 21 31 38 58 66 35 48 47 27 24 32 33 44 17 8 27 27 47 25 44 42 44 45 38 11 13 3 2 5 36 38 9 2 0 0 0 0 0 0 0 0 0 0 0 0 0 0 0 0 0 1 1 1 2 2 6
2 2 1 1 0 0 0 0 0 0 0 0 0 0 0 0 0 0 0 0 1 1 2 6 10 11 8 10 10 17 46 26 16 16 9 12 16 14 32 19 18 21 34 40 57 52 24 34 14 15 15 11 25 26 6 22 25 23 34 53 57 48 53 40 13 16 9 10 3 3 15 4 1 1 0 0 0 0 0 0 0 0 0 0 0 0 0 0 0 0 1 1 2 1 3 4
2 1 1 0 0 0 0 0 0 0 0 0 0 0 0 0 0 0 1 1 1 1 3 4 12 32 16 16 17 12 28 43 19 27 21 23 30 30 20 22 14 19 21 23 28 37 29 48 40 13 42 38 22 15 9 17 55 48 49 53 64 50 45 26 17 16 19 24 8 4 3 1 1 1 1 1 0 0 0 0 0 0 0 0 0 0 0 0 0 0 0 0 1 2 2 4
2 2 1 1 1 0 0 0 0 0 0 0 0 0 0 0 0 0 1 2 2 4 5 6 13 35 46 25 40 22 31 45 30 20 37 41 32 29 30 26 7 13 13 22 32 38 49 59 70 32 31 33 28 12 19 23 39 34 48 55 54 37 32 23 42 30 33 24 9 6 1 1 1 2 2 1 1 1 0 0 0 0 0 0 0 0 0 0 0 0 0 1 1 1 3 4
2 1 1 0 0 0 0 0 0 0 0 0 0 0 0 0 0 1 2 3 6 11 21 14 17 32 63 26 46 26 32 46 16 18 38 40 46 42 33 32 20 21 18 16 34 40 40 58 55 56 47 35 31 19 44 56 52 50 60 70 51 30 31 43 70 55 28 15 9 4 3 3 3 2 4 2 1 1 0 0 0 0 0 0 0 0 0 0 0 0 1 1 1 1 1 4
3 1 1 0 0 0 0 0 0 0 0 0 0 0 0 0 0 0 1 2 3 8 23 41 37 36 56 56 64 35 56 28 17 16 28 48 50 49 28 31 31 35 22 21 25 42 43 45 41 40 56 54 33 33 38 36 54 35 43 19 32 55 55 77 65 41 25 13 14 12 9 6 5 7 2 1 1 1 0 0 0 0 1 0 0 0 0 1 0 0 1 1 2 2 3 5
1 1 0 0 0 0 0 0 0 0 0 0 0 0 0 0 1 0 1 1 4 8 20 25 47 50 64 70 63 36 48 22 18 43 32 44 52 39 36 44 41 46 22 24 43 44 55 47 58 34 37 35 30 11 21 14 75 46 26 40 51 50 53 42 24 19 19 16 11 12 17 14 8 2 1 1 0 0 0 0 0 0 1 0 0 0 1 2 0 0 0 1 1 1 3 4
0 0 0 0 0 0 0 0 0 0 0 0 0 0 0 1 1 1 1 3 4 9 21 35 36 46 56 58 61 59 66 34 26 37 49 39 50 45 38 39 43 30 36 23 25 29 47 55 53 42 25 27 21 23 36 33 11 76 80 55 34 18 34 29 35 26 15 9 5 16 40 18 5 2 1 0 0 0 0 0 0 0 0 0 1 0 1 1 2 0 1 1 2 2 2 4
0 0 0 0 0 0 0 0 0 0 0 0 0 0 1 1 0 1 2 3 4 15 31 46 35 44 59 55 76 81 54 44 44 56 37 54 53 50 48 45 44 39 53 20 38 33 44 43 33 16 38 27 36 35 42 57 42 33 41 48 26 45 27 26 22 21 19 6 10 20 18 7 4 3 1 0 0 0 0 0 0 0 0 1 1 0 0 1 3 1 1 1 2 2 2 2
0 0 0 0 0 0 0 0 0 0 0 0 0 0 0 0 1 2 3 9 6 9 41 37 58 49 57 66 27 80 58 54 45 61 48 41 47 57 50 48 48 39 65 23 23 62 44 41 39 30 49 29 32 49 57 24 50 49 30 14 26 14 23 24 22 19 11 34 23 7 11 4 3 2 1 0 0 0 0 0 0 0 0 1 1 1 0 1 2 2 2 1 1 4 3 3
0 0 0 0 0 0 0 0 0 0 0 0 0 0 0 0 1 1 4 10 19 26 58 44 62 65 71 65 72 65 83 50 44 56 46 24 32 53 57 63 48 24 45 53 14 30 38 60 38 42 53 39 30 39 31 29 16 18 23 40 32 33 28 41 16 16 22 11 6 9 6 4 2 0 0 0 0 0 0 0 0 0 0 1 2 2 1 1 2 2 8 3 1 2 6 5
0 0 0 0 0 0 0 0 0 0 0 0 0 0 0 0 0 1 4 8 20 18 33 10 28 52 50 26 27 52 77 45 53 81 45 47 54 61 39 16 28 14 45 52 16 41 58 39 16 34 50 48 31 38 26 14 43 46 49 35 19 26 53 60 37 27 39 33 23 11 6 2 1 0 0 0 0 0 1 0 0 0 1 1 2 2 4 1 2 1 1 4 2 2 2 5
0 0 0 0 0 0 0 0 0 0 0 0 0 0 0 0 1 1 3 6 11 8 10 31 29 35 27 35 44 52 68 66 70 72 63 59 56 52 50 28 38 36 39 56 15 27 46 42 25 23 29 43 35 29 13 33 48 21 27 34 36 58 65 63 61 52 27 14 18 10 16 5 1 0 0 0 0 1 1 0 1 1 1 1 1 2 2 5 3 3 2 7 3 1 2 2
0 0 0 0 0 0 0 0 0 0 0 0 0 0 0 0 0 1 1 1 3 19 24 19 30 44 44 34 42 55 55 55 67 70 49 56 53 54 57 25 55 45 37 56 13 19 42 36 49 50 26 25 49 37 24 35 33 26 55 40 65 48 47 67 75 38 25 8 20 6 3 2 0 0 0 0 0 1 1 1 1 1 1 1 1 1 2 6 11 15 3 2 4 2 3 7
0 0 0 0 0 0 0 0 0 0 0 0 0 0 0 0 0 0 1 2 4 7 14 12 13 26 45 33 47 37 49 56 58 74 61 69 52 65 45 48 29 42 25 43 14 12 25 25 32 47 52 29 26 10 28 14 12 41 44 36 44 33 55 56 54 62 24 6 2 3 1 0 0 0 1 1 0 0 2 2 3 1 1 1 1 1 1 1 1 4 10 9 6 4 4 8
0 0 0 0 0 0 0 0 0 0 0 0 0 0 0 0 1 0 0 2 5 9 7 14 23 37 32 27 37 39 25 31 51 46 44 61 38 61 47 43 42 42 74 49 21 24 38 56 31 22 26 26 8 36 11 18 35 63 54 73 71 52 33 35 27 15 15 13 4 2 1 0 0 1 1 2 1 1 2 4 3 3 2 1 1 1 2 2 2 3 7 6 5 21 6 11
0 0 0 0 0 0 0 0 0 0 0 0 0 0 0 0 1 1 1 1 2 1 4 7 9 19 18 18 22 28 43 43 30 26 20 70 49 73 39 53 41 36 76 57 41 27 59 47 48 42 24 54 25 52 36 50 50 22 36 42 44 36 20 26 32 18 20 5 5 2 1 0 1 1 1 2 2 1 1 2 3 5 3 4 2 1 2 3 1 0 1 1 2 8 15 7
0 0 0 0 0 0 0 0 0 0 0 0 0 0 1 0 1 2 1 3 6 8 15 21 28 27 32 51 57 45 44 60 59 45 57 53 73 65 43 48 39 30 26 63 36 16 30 39 48 37 42 55 62 70 89 81 80 70 71 46 43 41 42 49 30 17 11 6 3 1 0 0 1 1 2 2 2 2 2 5 3 7 4 7 3 2 2 4 5 1 2 3 2 1 2 4
0 0 0 0 0 0 0 0 0 0 0 0 0 1 1 1 0 0 3 6 14 12 23 36 49 60 61 51 73 57 48 48 44 31 21 24 46 50 55 45 47 20 25 54 26 20 20 38 24 40 11 8 11 15 35 50 85 85 66 61 45 37 17 39 23 13 9 5 1 0 0 0 1 1 1 2 3 5 4 7 4 2 10 9 4 2 2 6 5 2 3 6 4 10 13 21
0 0 0 0 0 0 0 0 0 0 0 0 1 1 1 2 0 0 1 2 7 20 9 28 28 46 59 45 10 26 45 36 26 25 35 45 49 32 60 27 40 26 10 44 32 35 13 14 12 31 27 19 17 15 16 13 34 62 74 74 78 39 29 17 13 9 7 6 3 1 0 1 2 2 2 2 8 7 7 8 8 3 4 18 8 3 3 4 4 3 6 3 8 12 16 26
0 0 0 0 0 0 0 0 0 0 0 0 0 1 1 1 1 0 1 2 4 7 6 16 16 18 19 14 12 14 26 26 26 37 33 22 37 54 47 11 30 36 12 28 29 10 6 35 30 27 48 32 39 40 38 41 43 55 48 37 48 73 49 32 21 16 13 5 2 1 0 2 3 5 5 3 7 12 8 6 6 6 2 9 14 7 8 3 8 4 8 10 6 14 15 11
0 0 0 0 0 0 0 0 0 0 0 0 0 1 1 1 2 0 0 0 1 1 5 6 10 20 22 29 37 26 37 24 26 43 37 31 30 22 11 14 28 40 67 41 20 23 9 21 27 26 45 56 31 47 61 36 30 26 28 19 18 30 45 40 27 12 10 5 1 0 1 3 3 5 6 7 5 16 11 17 8 14 9 8 30 13 17 5 9 10 11 18 12 13 12 19
0 0 0 0 0 0 0 1 0 0 0 0 0 1 2 1 1 1 0 1 1 1 4 5 10 19 24 24 29 50 45 51 46 65 24 20 24 32 31 30 57 55 23 26 53 28 18 22 21 58 62 23 45 40 31 33 48 41 49 29 23 15 14 16 16 10 5 4 1 1 1 3 4 7 6 5 6 10 17 24 15 10 16 9 34 9 11 12 8 21 12 13 14 9 11 11
0 0 0 0 0 0 0 1 1 1 0 0 1 1 2 9 0 1 0 3 3 4 3 4 8 10 19 14 22 34 40 34 31 32 36 38 32 43 42 30 18 15 11 8 15 31 37 23 55 68 22 12 17 43 42 39 32 41 28 23 23 15 13 8 7 5 4 2 1 1 3 4 4 5 6 6 9 12 21 17 16 14 16 30 38 10 15 17 10 23 16 7 18 7 5 11
0 0 0 1 1 0 1 1 2 2 0 0 0 1 2 3 1 1 1 2 4 5 5 3 4 4 11 17 20 32 25 24 32 33 32 33 33 28 26 26 20 14 11 9 15 9 12 44 19 41 18 18 18 15 27 76 51 52 39 29 19 17 11 8 5 4 3 1 1 1 3 4 3 6 5 11 14 10 14 31 24 30 31 31 41 25 28 11 30 22 7 12 15 7 9 13
0 0 1 2 1 0 0 1 2 3 1 0 1 1 2 5 2 1 1 4 7 12 6 9 9 3 6 11 15 14 22 18 26 30 32 19 19 11 15 19 35 36 37 31 31 43 34 13 7 15 25 44 45 36 41 24 37 39 47 42 29 15 11 8 5 4 3 1 1 3 4 5 8 7 14 12 12 19 13 10 18 20 23 34 17 71 32 11 22 19 5 14 10 22 13 17
1 1 1 2 1 1 1 1 2 3 0 0 1 1 3 4 4 0 3 6 8 19 9 13 12 19 12 9 7 10 12 23 42 35 15 32 16 33 20 22 28 36 24 20 18 28 14 14 27 43 47 38 45 39 48 16 14 14 13 23 17 17 14 10 8 7 5 2 1 4 4 4 9 10 15 6 11 9 19 9 14 13 26 16 35 62 20 15 32 12 7 15 13 20 24 23
1 1 2 2 2 1 1 1 3 6 1 1 2 3 4 7 1 1 4 6 13 20 27 15 32 20 22 25 14 16 11 45 54 37 43 29 24 33 23 19 34 16 25 13 20 24 21 20 20 42 42 31 43 45 41 17 30 35 33 36 30 22 20 20 13 12 6 2 1 4 5 5 15 8 13 23 23 15 8 18 11 19 22 33 28 50 37 31 29 14 12 22 11 12 6 28
0 1 2 3 2 2 1 2 3 5 1 2 3 9 12 4 1 1 4 7 9 25 25 34 22 24 41 32 28 29 32 42 58 54 44 49 49 30 53 32 18 27 10 8 8 19 16 21 22 25 32 36 40 33 44 43 43 49 46 48 45 44 26 18 9 5 5 1 2 6 9 8 16 19 13 16 25 16 18 6 26 8 12 28 32 51 57 65 29 16 24 20 24 25 16 37
1 1 3 4 6 3 2 2 6 6 1 2 5 12 6 1 1 2 4 7 16 21 26 32 35 27 42 36 51 53 53 43 23 32 44 43 43 22 38 37 38 27 16 15 31 19 15 33 14 11 14 24 44 59 43 44 61 56 53 33 46 25 10 12 12 7 3 2 1 5 14 9 15 19 24 20 25 16 22 18 13 31 15 6 9 30 51 64 31 37 30 24 23 40 16 17
1 2 2 3 10 6 2 3 5 7 1 1 5 14 4 1 1 2 7 8 10 14 20 29 48 29 37 35 31 52 58 46 47 38 38 24 31 34 41 32 30 21 17 25 43 31 23 27 9 7 12 38 52 32 61 64 34 38 25 26 19 15 23 21 8 7 5 1 2 3 19 11 13 14 18 29 21 23 10 21 11 37 23 16 9 8 25 40 52 66 37 32 24 32 13 17
1 3 3 2 4 11 3 5 11 3 2 2 4 18 7 2 1 4 7 9 17 27 29 45 47 43 24 30 51 48 28 58 77 63 34 33 25 29 41 30 17 29 30 21 26 15 19 13 34 24 33 39 42 54 62 46 57 35 38 37 27 22 18 12 10 8 4 2 2 6 6 24 13 14 18 19 37 35 22 40 14 13 25 23 18 15 16 30 51 55 38 37 31 33 19 28
2 2 7 6 3 8 3 6 23 3 3 7 11 13 3 3 0 2 9 12 26 21 26 49 50 48 44 18 14 18 28 28 32 15 18 30 45 30 31 47 38 27 19 17 12 8 12 17 40 41 43 45 52 55 70 64 59 46 37 41 30 31 29 14 13 10 4 3 3 12 13 15 30 14 17 20 42 35 26 19 31 16 13 32 31 18 22 24 40 49 58 36 31 22 34 18
2 3 9 13 5 15 3 7 27 10 4 11 15 7 3 1 1 1 4 13 31 33 28 33 43 57 40 20 25 21 27 28 35 28 22 13 26 36 47 43 27 24 12 18 21 11 20 9 3 8 43 36 30 46 44 33 32 55 50 42 40 19 18 15 11 11 8 2 5 13 17 14 16 7 23 25 27 44 54 41 43 23 18 16 33 22 18 30 45 78 70 36 24 21 35 16
3 3 5 17 7 13 8 7 10 16 7 19 13 2 1 1 2 3 8 18 22 28 37 22 35 47 62 27 22 24 36 34 34 34 28 36 26 32 20 11 14 25 16 17 27 17 15 5 19 27 32 50 74 61 42 65 60 74 50 34 39 35 31 26 22 10 8 5 7 16 15 26 34 15 15 38 31 47 38 35 52 19 30 30 52 24 15 21 17 33 57 33 33 16 48 35
3 3 3 10 25 11 18 7 24 10 23 9 2 1 3 3 6 4 19 29 17 27 31 37 16 33 52 65 35 37 23 35 30 18 16 17 24 17 13 13 15 8 6 4 13 8 11 7 23 22 21 42 37 53 62 59 39 58 35 25 27 30 27 23 11 9 6 12 14 18 21 29 7 22 34 40 38 28 44 28 62 26 30 22 29 47 34 37 45 36 44 28 51 20 30 50
8 5 4 5 10 23 23 11 40 16 13 2 2 4 5 8 8 5 7 8 17 21 32 54 48 32 35 17 41 57 23 37 20 18 26 30 33 21 20 17 12 13 24 16 7 4 4 6 18 30 34 38 50 37 48 43 38 32 21 8 20 24 21 17 10 7 8 15 15 19 21 35 11 11 6 10 34 52 67 25 54 44 33 34 21 18 56 30 44 44 36 52 20 22 37 51
6 11 7 5 6 13 37 16 15 5 3 1 3 5 13 17 17 6 8 11 21 25 24 10 16 14 20 36 13 21 43 62 40 42 15 33 12 19 21 5 7 9 8 6 6 24 9 9 17 28 36 23 25 35 35 38 27 43 31 32 42 27 25 13 18 17 10 17 19 20 20 34 11 23 13 19 20 15 38 35 29 54 35 40 23 45 48 16 40 57 56 47 19 25 23 28
8 13 10 13 21 28 29 13 12 3 4 3 5 13 15 20 23 15 16 18 24 26 22 18 15 23 21 14 17 32 18 26 31 57 31 50 14 11 13 14 13 10 11 13 6 6 12 10 18 33 49 24 25 32 45 23 45 61 67 55 44 29 29 25 20 19 20 30 20 23 23 30 15 27 26 21 33 31 37 54 22 56 36 56 22 21 43 11 21 29 55 35 15 28 29 53
9 17 13 18 26 35 25 5 3 2 6 6 13 16 17 24 17 36 32 20 25 26 25 32 35 27 29 18 22 45 19 13 8 10 13 34 42 32 25 47 33 26 16 14 15 8 4 14 37 29 37 14 18 33 35 40 55 72 38 42 48 29 30 23 22 20 27 37 23 23 26 29 27 30 39 23 35 35 34 34 52 77 47 55 39 14 47 28 11 17 35 44 27 32 25 10
12 24 27 25 54 33 6 4 6 8 14 13 11 22 21 31 12 24 51 15 31 25 14 22 31 38 17 26 31 34 56 22 17 8 10 7 9 7 13 38 45 22 27 20 18 13 9 12 28 22 20 17 25 31 51 52 48 45 45 31 47 37 23 9 27 15 16 48 28 27 41 31 43 30 42 35 34 41 34 28 28 17 61 62 51 20 25 24 11 11 21 47 26 38 43 32
15 21 47 39 46 8 8 7 8 17 19 18 27 40 13 23 14 24 31 50 19 37 15 13 19 35 36 36 33 23 14 30 15 17 13 10 10 10 10 13 20 11 9 15 6 4 5 16 17 17 19 16 16 28 46 60 29 54 69 57 26 21 14 7 41 27 27 42 35 27 46 32 61 42 41 47 31 34 47 32 26 18 45 43 50 24 12 51 15 17 27 43 47 45 29 33
10 26 54 64 30 4 9 18 20 19 35 44 21 28 17 16 37 17 29 27 22 28 21 20 21 30 27 46 32 37 41 28 38 22 20 15 11 9 9 14 15 7 7 8 9 7 11 28 15 19 16 13 22 38 57 51 76 52 40 53 30 17 6 16 22 46 29 32 40 29 36 33 54 47 31 46 45 31 34 49 39 13 24 55 62 27 8 30 24 18 30 21 64 48 25 65
13 34 58 33 5 7 23 22 15 42 31 56 17 35 19 17 23 56 17 31 46 30 41 18 18 36 42 33 32 50 31 30 52 14 20 17 13 16 5 14 11 6 15 18 15 12 27 18 23 27 30 35 33 31 38 50 56 44 47 36 32 16 8 25 20 34 31 33 44 30 32 36 34 54 30 32 57 32 34 37 50 19 27 32 50 27 13 23 33 25 17 16 17 41 34 26
16 46 39 20 9 16 27 28 18 34 18 53 21 36 45 17 43 58 14 41 57 21 52 19 18 37 45 47 20 16 50 14 15 33 46 27 7 13 6 12 6 4 6 7 9 11 15 20 33 37 26 22 16 24 25 32 41 45 33 50 33 20 19 28 36 41 21 27 39 43 29 27 18 42 31 30 40 40 34 28 13 14 40 24 49 26 18 10 23 42 10 22 44 41 39 9
19 40 38 26 14 17 36 51 17 23 23 46 20 32 58 26 41 57 25 24 35 37 38 23 19 22 23 35 37 37 16 22 11 10 3 35 29 9 7 8 6 8 12 11 13 13 12 18 26 42 31 35 26 33 25 30 18 31 34 19 19 31 27 29 28 36 40 32 36 42 18 32 20 30 35 31 39 18 15 35 17 18 16 21 52 57 19 10 22 34 7 12 37 46 48 25
41 39 48 20 17 27 30 39 20 31 27 32 38 23 52 23 21 50 26 19 21 19 66 40 18 16 19 19 24 27 47 30 9 21 4 7 32 9 5 7 4 17 20 19 10 16 4 11 25 42 46 26 24 14 16 31 43 60 37 17 9 28 30 30 31 32 52 22 36 45 18 27 30 32 48 6 27 35 17 16 30 15 14 16 25 43 15 11 15 37 11 10 13 42 67 53
73 39 16 17 28 28 31 36 22 56 37 20 45 23 59 22 20 35 30 17 21 34 51 28 14 21 17 34 35 34 26 30 21 26 3 9 10 25 4 5 11 19 9 14 13 15 10 5 14 35 42 48 33 21 31 36 44 58 49 21 10 40 30 21 30 30 42 28 20 46 29 16 18 46 41 17 15 16 39 11 23 42 19 19 60 40 8 25 3 44 25 9 7 6 16 24
18 10 20 17 27 30 48 42 37 46 32 22 70 20 24 52 26 53 36 15 17 28 28 57 24 28 14 30 36 34 24 15 23 42 9 11 8 39 6 6 7 8 7 8 6 15 12 15 17 45 40 30 47 27 23 20 18 42 43 11 17 27 33 19 32 30 27 43 20 47 36 23 25 21 38 17 17 24 21 21 9 6 39 17 26 45 16 39 8 25 56 13 28 18 11 8
39 21 43 34 29 33 56 32 60 44 17 27 51 28 30 54 17 23 57 12 31 26 18 47 15 28 25 21 23 26 36 33 7 20 11 12 7 7 24 7 2 10 9 17 14 7 6 19 33 32 53 45 14 23 23 4 20 26 19 9 22 50 39 17 14 42 19 36 16 24 67 15 32 33 21 23 21 19 34 23 27 13 15 29 10 41 54 42 14 21 75 13 17 12 25 9
67 38 22 38 39 43 38 34 58 33 29 31 24 27 27 36 21 18 52 22 29 22 10 21 33 26 25 15 18 17 22 23 29 8 12 31 9 7 14 20 6 17 11 14 15 13 13 7 30 14 8 7 8 19 20 43 30 16 22 19 14 36 24 19 19 30 43 14 39 13 42 14 27 40 9 14 36 11 18 26 33 18 12 5 9 8 36 59 19 15 44 22 17 13 23 16
84 45 31 31 33 40 18 36 46 16 35 30 27 30 22 42 22 21 37 14 15 36 13 6 4 11 12 7 27 41 20 23 33 5 9 2 17 7 9 51 6 8 8 13 14 10 22 11 59 23 18 11 13 12 37 45 24 7 9 32 14 11 31 18 31 19 52 12 52 10 24 29 18 26 11 34 19 16 11 14 22 27 21 11 10 10 7 12 39 53 40 31 21 12 29 17
65 28 19 39 23 25 23 25 47 15 27 21 24 48 21 47 22 44 22 12 11 27 20 9 9 12 14 13 18 21 40 36 10 8 4 4 4 17 5 48 3 4 4 11 11 7 21 10 7 17 23 24 5 29 42 36 23 14 6 36 21 17 8 34 30 29 44 14 45 19 13 18 32 45 17 11 20 8 17 4 6 20 10 14 8 7 10 5 7 16 51 27 12 16 34 20
75 30 58 30 31 23 23 24 21 16 29 28 14 54 52 15 33 29 32 25 22 12 21 16 21 26 15 23 11 11 14 15 13 9 3 7 4 5 12 25 9 2 6 4 7 8 9 27 6 8 14 14 22 54 46 31 22 20 6 13 29 14 23 18 24 46 28 33 8 32 48 9 40 60 20 4 15 6 9 5 17 13 19 19 5 3 5 8 8 6 17 32 25 7 32 8
68 48 22 23 23 27 36 23 27 14 20 18 27 36 37 12 13 15 16 4 19 13 18 25 32 25 20 28 25 6 8 12 36 21 5 4 18 4 3 11 18 3 8 4 8 17 14 11 6 7 9 14 34 40 37 21 6 18 17 9 28 13 19 22 9 19 15 18 11 16 47 13 29 34 2 6 8 16 12 8 2 21 2 7 13 1 2 3 10 10 17 5 38 11 21 6
15 47 16 26 25 22 28 18 56 17 19 20 19 7 34 18 19 8 27 12 10 18 20 21 24 12 23 33 27 3 8 11 16 20 19 11 7 15 4 3 24 2 5 4 4 23 28 13 9 9 14 30 37 32 37 14 10 20 14 16 33 16 7 8 18 14 12 31 11 15 42 23 48 17 3 9 4 1 6 15 3 8 7 8 18 4 7 4 6 5 6 13 21 22 30 4
28 59 17 20 12 24 30 29 16 28 20 17 22 8 20 13 18 11 54 17 7 12 15 48 13 11 18 29 26 5 9 9 21 12 22 12 6 6 13 4 23 3 4 3 4 11 6 15 4 21 17 31 35 39 18 6 13 19 14 19 37 22 32 12 11 21 10 31 9 13 11 18 37 3 3 2 4 3 9 7 6 2 1 10 11 12 11 7 4 4 3 3 5 30 15 3
27 64 40 5 13 16 40 27 15 35 22 12 8 13 10 19 5 27 11 5 8 16 23 14 30 13 10 12 12 10 6 17 16 14 13 13 10 12 14 5 28 3 5 4 4 5 12 35 18 8 26 45 45 34 4 11 20 26 16 22 13 34 14 36 20 9 8 16 6 14 18 32 17 15 9 9 1 8 14 5 11 3 1 5 7 19 17 5 4 3 4 3 2 9 16 14
11 30 44 6 22 11 25 38 11 31 18 9 3 14 7 26 8 21 15 19 6 8 20 22 19 10 7 11 14 20 2 6 10 22 16 7 10 19 7 14 23 8 4 10 6 5 4 24 36 28 43 47 37 9 13 23 27 23 17 26 29 23 8 20 30 3 7 6 13 5 13 20 12 22 9 8 5 14 11 2 20 24 5 8 3 3 8 8 4 7 1 4 5 20 5 14
15 29 40 11 13 5 11 11 16 16 16 6 2 10 12 53 13 9 12 3 11 18 18 25 12 5 5 5 14 10 6 11 20 11 4 2 8 17 17 6 14 9 7 14 11 7 11 54 41 62 65 52 5 9 12 13 18 21 18 21 36 9 24 16 15 34 53 7 5 2 3 29 6 21 17 12 10 19 15 11 15 41 7 10 4 2 8 10 23 20 8 4 28 7 7 24
12 16 48 21 21 9 7 14 5 23 19 13 6 7 5 17 14 7 12 7 11 14 9 9 10 5 24 4 9 17 8 8 20 20 7 5 15 6 7 11 2 7 2 9 26 50 71 46 44 45 22 4 9 12 19 14 18 18 15 9 12 6 18 11 3 26 7 1 1 6 8 9 24 7 23 14 15 16 29 13 19 26 6 18 6 6 5 6 6 12 13 20 6 19 25 39
15 7 4 47 9 6 2 3 3 14 32 8 8 5 7 21 4 6 18 5 7 10 8 7 3 8 3 3 1 15 6 8 10 10 7 10 8 7 2 6 3 4 3 46 40 42 75 79 45 12 4 8 9 13 15 13 17 19 14 3 1 2 17 23 31 34 3 3 2 14 23 12 13 4 27 9 23 10 18 7 10 24 10 19 10 12 3 2 4 3 2 5 14 6 25 24
15 16 6 52 2 8 11 3 13 1 18 6 6 11 10 30 7 11 17 10 3 8 9 23 3 7 2 17 2 2 6 9 16 11 4 8 25 11 4 5 11 54 61 63 74 37 56 78 54 1 6 11 11 10 2 10 11 11 12 1 1 11 40 40 34 11 6 15 15 8 25 24 5 7 11 13 31 21 36 42 45 27 9 13 19 12 12 0 4 6 7 4 7 15 27 22
12 10 5 53 7 3 4 4 23 2 5 17 7 6 6 23 5 9 20 8 5 6 6 21 3 4 3 7 10 10 5 9 10 9 9 17 10 8 8 21 44 70 80 68 78 77 68 53 2 5 14 10 11 13 3 8 20 20 7 3 2 16 33 24 12 8 14 13 14 13 20 35 45 10 7 11 13 17 20 10 5 14 18 37 29 20 4 3 11 2 13 10 7 17 40 13
10 8 4 17 16 25 6 5 21 5 4 18 1 4 3 5 8 8 13 7 2 1 1 13 3 6 14 8 18 5 5 8 6 16 7 13 8 3 11 29 26 11 54 72 75 62 3 4 9 5 7 5 10 11 6 3 4 50 7 15 7 11 8 26 20 9 21 17 12 36 30 26 4 9 9 20 21 16 13 10 14 13 20 15 20 4 11 5 5 1 6 13 5 12 34 12
8 8 4 6 28 9 6 3 12 3 3 10 5 1 1 2 5 1 13 5 5 1 3 3 5 9 13 7 9 4 12 10 10 5 8 10 8 2 12 24 11 35 22 12 7 3 12 18 11 11 6 6 5 1 4 11 5 16 17 10 8 10 4 11 5 6 8 24 34 42 11 4 8 12 13 15 33 15 33 14 20 21 20 18 23 3 7 5 10 1 13 10 7 7 10 4
8 7 6 2 25 2 4 5 17 6 2 4 13 3 2 3 2 2 8 8 2 2 3 8 13 6 6 10 3 5 6 7 9 11 7 5 10 5 22 24 66 57 18 4 12 12 3 6 7 2 3 0 4 1 6 11 5 32 11 3 7 7 14 10 2 9 14 39 29 1 5 1 4 14 34 33 18 18 8 16 17 16 18 28 7 10 9 10 4 2 17 9 7 10 6 1
4 4 8 18 4 2 5 3 8 3 2 1 10 4 2 2 2 3 3 12 3 2 1 3 10 10 10 7 2 5 2 6 5 12 3 7 12 7 20 15 15 24 4 12 13 6 6 9 17 8 3 1 1 1 9 14 3 14 9 7 6 7 13 3 2 4 20 24 2 1 2 7 4 4 8 29 27 31 6 10 15 17 18 11 13 10 10 9 13 3 7 9 4 3 3 3
16 3 6 23 27 2 4 3 10 3 3 1 5 2 4 0 4 2 4 2 2 1 1 5 6 14 9 2 3 3 1 3 8 2 7 4 5 5 17 9 18 25 6 10 3 13 2 1 5 11 7 1 1 3 1 4 11 5 11 1 1 15 8 2 5 15 21 26 3 0 1 8 5 6 8 16 24 11 6 7 12 18 16 28 8 12 17 6 5 2 7 7 5 2 2 3
8 2 0 2 5 2 2 3 5 2 1 1 1 4 2 0 2 2 5 1 1 1 1 7 6 6 10 1 4 4 2 1 1 6 8 7 8 42 17 63 54 26 4 2 2 10 7 4 3 8 4 5 1 2 4 2 18 13 1 0 0 10 7 6 17 21 22 20 1 4 4 11 26 2 7 15 12 9 5 6 15 9 10 4 7 25 8 8 2 3 2 3 2 1 4 1
3 4 1 5 2 7 3 1 0 2 2 1 0 1 1 1 3 1 13 0 1 2 2 7 3 2 2 1 2 2 3 1 3 3 4 10 20 28 56 37 16 44 9 2 3 6 1 1 1 4 6 5 2 1 4 6 3 21 3 2 3 17 7 2 8 16 9 17 3 6 8 9 12 2 4 7 5 17 7 5 1 1 1 4 3 6 3 3 3 1 1 1 0 1 0 1
3 6 7 4 0 1 1 4 1 1 1 1 2 1 2 2 2 2 2 0 1 1 4 2 4 2 2 1 3 1 2 2 2 3 5 26 42 61 76 35 8 2 9 9 3 1 6 18 3 10 13 2 5 8 5 10 2 7 1 7 2 19 3 7 11 8 10 19 4 4 7 9 7 2 1 1 8 8 26 8 2 2 4 6 1 2 2 2 1 1 0 2 0 0 1 2
