sesion_6_simulaciones/modelos_agentes/ejemplos_netlogo/scenarios/echam4_a2/rob_2080.asc
NCOLS 322 
NROWS 307 
XLLCORNER 451900 
YLLCORNER 4086900 
CELLSIZE 100 
NODATA_value -9999 
[rows 72 to 143 of 307, columns 96 to 191 of 322]
0 0 0 0 0 0 1 1 1 1 1 0 1 0 0 0 0 2 1 0 0 0 0 0 0 0 0 0 0 0 0 0 0 0 0 0 0 0 0 0 0 0 0 0 0 0 0 0 0 0 0 0 0 0 0 0 0 0 0 0 0 1 4 3 5 5 4 6 9 12 10 12 10 13 4 8 8 4 8 10 32 20 17 20 33 45 68 60 56 37 29 12 7 15 14 12
0 0 0 0 2 1 5 11 2 1 1 2 1 1 0 0 0 0 0 0 0 0 0 0 0 0 0 0 0 0 0 0 0 0 0 0 0 0 0 0 0 0 0 0 0 0 0 0 0 0 0 0 0 0 0 0 0 0 0 0 0 1 1 2 2 5 3 2 3 6 5 3 4 7 3 1 6 2 4 16 10 17 19 25 61 73 62 50 53 50 32 30 25 8 12 10
0 2 1 1 1 1 1 3 1 1 0 3 1 6 3 1 0 0 0 0 1 0 0 0 0 0 0 0 0 0 0 0 0 0 0 0 0 0 0 0 0 0 0 0 0 0 0 0 0 0 0 0 0 0 0 0 0 0 0 0 0 1 1 1 1 2 1 1 2 3 2 3 1 3 1 1 2 3 3 4 2 11 34 41 31 21 29 42 34 43 42 47 52 41 13 6
1 1 1 1 1 1 1 5 2 2 2 1 0 1 1 1 0 0 1 1 3 0 0 0 0 0 0 0 0 0 0 0 0 0 0 0 0 0 0 0 0 0 0 0 0 0 0 0 0 0 0 0 0 0 0 0 0 0 0 0 0 0 1 0 1 1 0 1 1 1 1 3 0 1 0 0 2 1 0 2 9 12 6 8 16 19 20 22 39 40 58 68 59 57 37 24
1 1 1 1 1 2 1 6 2 5 4 1 1 3 2 1 1 2 0 1 1 1 1 1 0 0 0 0 0 0 0 0 0 0 0 0 0 0 0 0 0 0 0 0 0 0 0 0 0 0 0 0 0 0 0 0 0 0 0 0 0 0 0 0 0 0 0 0 1 1 0 1 0 0 0 0 0 0 2 1 2 4 10 8 19 27 30 48 57 47 58 65 61 58 52 44
2 1 2 2 1 1 2 4 3 5 10 2 3 1 1 2 3 1 2 1 3 3 1 0 0 0 0 0 0 0 0 0 0 0 0 0 0 0 0 0 0 0 0 0 0 0 0 0 0 0 0 0 0 0 0 0 0 0 0 0 0 0 0 0 0 0 0 0 0 0 0 0 0 0 0 0 0 0 1 1 2 3 3 10 26 31 46 36 42 63 45 57 50 52 45 46
2 1 2 3 5 2 3 4 1 16 25 15 3 1 4 2 2 3 5 1 1 2 2 3 0 0 0 0 0 0 0 0 0 0 0 0 0 0 0 0 0 0 0 0 0 0 0 0 0 1 0 0 0 0 0 0 0 0 0 0 0 0 0 0 0 0 0 0 0 0 0 0 0 0 0 0 0 0 0 0 2 5 13 13 22 43 23 33 46 33 44 35 32 46 42 67
7 8 2 9 16 6 2 6 2 5 13 19 8 3 3 0 4 11 2 2 2 1 4 3 0 0 1 1 1 1 1 0 0 0 0 0 0 0 0 0 0 0 0 0 0 0 0 1 0 0 1 0 0 0 0 0 0 0 0 0 0 0 0 0 0 0 0 0 0 0 0 0 0 0 0 0 0 0 0 1 2 4 8 9 9 24 32 52 40 25 29 23 22 38 66 55
32 51 21 21 3 3 2 2 2 8 3 2 13 13 1 4 11 2 1 1 2 0 0 2 2 1 1 1 1 1 1 1 0 0 0 0 0 0 0 0 1 0 0 0 0 0 0 0 0 0 1 2 0 0 0 0 0 0 0 0 0 0 0 0 0 0 0 0 0 0 0 0 0 0 0 0 0 3 0 1 2 1 6 5 7 9 26 42 32 28 28 27 57 59 27 30
26 19 37 4 3 3 6 4 4 4 6 1 4 4 4 5 1 7 4 2 2 2 0 0 3 4 2 1 0 1 0 0 1 1 1 0 0 0 0 0 0 0 0 0 0 0 0 0 0 0 1 2 0 2 0 0 1 0 0 0 0 0 0 0 0 0 0 0 0 0 0 0 0 0 0 0 0 2 2 1 0 1 3 5 3 5 19 19 19 20 23 36 53 45 22 44
67 65 37 14 10 16 16 8 7 5 11 1 3 6 8 3 2 19 4 2 6 10 2 2 4 25 2 0 1 0 0 0 0 0 1 0 0 0 0 0 0 0 0 0 0 0 0 0 0 1 1 5 2 2 1 1 1 0 1 0 0 0 0 0 0 0 0 0 0 0 0 0 1 0 0 0 0 0 1 5 7 0 2 2 1 9 8 5 9 18 17 41 20 25 21 50
15 30 73 60 6 7 18 17 37 9 12 2 8 20 8 2 3 37 3 6 4 4 2 11 2 3 1 1 1 1 0 0 0 1 2 1 1 0 0 0 0 0 0 0 0 0 0 0 0 0 0 4 3 4 2 1 2 1 2 1 0 0 0 0 0 0 0 0 0 1 1 1 0 0 0 0 0 0 0 6 4 1 0 1 4 1 2 3 6 6 12 14 7 14 15 60
11 18 29 61 49 10 19 16 8 31 20 7 11 33 13 6 13 30 8 6 3 2 17 19 9 5 1 4 2 1 0 0 1 5 4 2 1 0 0 0 0 0 0 0 0 0 0 0 0 0 0 1 6 7 2 3 1 1 6 2 1 0 0 0 2 0 1 0 0 1 1 1 0 0 0 0 0 0 0 1 8 4 3 1 0 2 4 6 5 12 3 8 10 27 9 28
16 33 48 41 53 49 51 42 19 22 35 5 13 45 30 24 16 20 15 19 21 2 10 10 33 15 11 15 5 4 1 5 7 3 3 12 4 0 0 0 0 0 0 0 0 0 0 0 0 0 1 1 9 10 3 1 2 9 9 3 1 0 0 0 1 0 2 1 1 0 3 1 1 1 1 0 0 0 0 0 2 9 2 8 8 0 2 1 4 1 2 4 3 11 8 20
17 17 8 7 28 45 31 20 16 20 22 9 26 57 29 7 18 11 18 33 37 24 5 6 7 7 26 33 6 11 19 13 14 5 6 4 4 3 1 1 0 1 0 0 0 0 0 1 1 1 1 2 13 35 7 4 8 9 18 5 1 1 0 0 4 1 6 2 1 1 1 1 0 0 0 0 0 0 1 0 0 5 7 3 2 5 3 3 2 4 3 4 11 10 21 6
13 7 1 3 23 26 7 14 13 19 10 17 46 39 14 6 10 17 35 28 40 72 19 6 5 8 50 35 36 4 21 10 8 26 23 14 4 6 1 2 1 4 1 1 1 0 0 0 0 1 1 3 3 38 12 24 13 19 38 6 1 2 1 3 3 1 4 2 1 0 0 0 1 1 1 0 0 0 0 0 1 0 6 6 5 6 7 13 25 5 17 20 13 7 50 5
18 17 6 4 24 22 16 19 20 12 17 21 33 46 17 5 55 49 22 23 26 35 59 51 22 10 25 44 52 54 20 38 22 5 5 3 3 11 1 3 11 3 1 0 0 0 0 0 1 2 4 2 5 12 19 35 34 42 40 12 5 6 8 5 5 0 2 2 1 0 0 2 3 1 0 2 0 0 0 0 1 1 1 5 18 27 7 2 3 7 9 26 16 10 18 42
18 10 12 5 18 12 9 44 19 14 10 14 63 30 13 8 42 25 46 51 38 46 67 62 53 17 32 8 16 50 21 24 26 17 12 12 6 3 3 16 2 2 0 0 0 1 0 0 1 3 3 5 5 8 5 33 43 44 52 15 7 8 4 12 12 2 5 4 1 0 0 2 1 0 3 2 0 0 0 0 1 1 3 1 11 23 16 13 17 9 5 5 14 9 5 16
9 14 7 7 6 5 6 40 29 9 28 40 64 64 15 9 26 9 45 76 70 63 26 43 64 38 35 29 53 76 69 54 22 28 14 7 7 3 7 1 1 1 0 1 3 1 1 1 1 1 2 3 3 5 2 3 36 53 64 20 28 16 29 22 29 2 14 3 3 1 0 1 2 2 5 0 0 3 0 0 0 1 2 4 2 14 14 5 3 6 5 6 5 11 16 16
22 22 16 10 10 6 6 16 31 24 23 51 37 27 43 18 46 13 7 29 33 72 37 36 30 16 31 53 80 88 53 62 72 62 52 13 6 4 23 1 4 2 5 4 4 1 2 0 0 1 3 6 13 16 24 7 3 2 15 34 20 32 22 30 39 9 40 8 7 5 2 1 2 7 2 0 1 0 1 0 0 1 1 2 5 1 4 11 7 8 4 8 23 37 31 32
14 13 8 7 11 9 5 2 19 36 34 37 31 14 17 10 50 27 14 54 40 48 39 42 52 41 25 69 34 60 69 60 68 60 8 10 10 12 5 2 14 8 13 7 3 1 6 3 2 1 3 3 7 8 17 5 2 2 3 19 40 62 37 44 25 7 34 18 5 3 6 6 2 3 1 1 2 1 2 1 1 1 1 2 6 3 1 3 5 6 23 27 44 42 48 43
9 7 9 10 9 9 9 6 8 15 25 37 36 29 15 11 54 23 10 39 25 36 38 52 38 57 50 61 38 11 31 38 24 16 23 15 39 37 8 7 4 14 42 6 3 11 6 2 4 1 2 3 3 7 11 17 9 4 4 45 70 53 69 62 44 45 47 45 18 3 14 5 2 1 1 2 1 0 1 0 0 1 1 2 4 3 7 3 1 9 26 64 67 58 59 33
10 5 17 26 18 18 16 18 13 14 23 30 29 21 21 12 38 19 8 25 37 35 34 35 41 53 48 46 49 36 16 12 19 29 24 47 60 16 29 23 12 35 43 10 20 7 8 2 8 1 4 3 10 24 37 32 15 5 7 14 68 53 72 71 58 47 54 60 47 13 9 6 4 2 1 1 1 5 1 1 0 0 1 2 1 3 9 13 4 7 16 14 36 43 51 40
24 25 18 29 30 25 28 28 24 6 17 19 17 21 16 20 18 15 13 25 26 29 17 25 42 47 46 41 40 64 18 25 24 37 75 78 44 17 48 55 27 40 43 25 14 20 8 4 9 3 3 9 12 33 51 42 22 9 5 7 11 59 77 74 66 42 67 49 21 5 10 12 2 3 6 2 3 1 0 3 0 0 1 1 6 3 3 5 12 18 22 14 9 11 21 28
23 12 24 22 31 25 38 27 18 22 3 8 7 13 22 17 25 19 12 13 28 35 22 22 21 26 58 45 43 20 31 19 39 82 73 70 19 31 80 37 21 28 26 8 12 34 11 18 12 8 4 14 36 22 18 25 35 35 27 16 17 29 59 59 71 55 34 34 12 12 15 8 4 5 5 5 3 2 1 1 1 0 1 3 4 7 5 6 9 17 34 40 30 18 11 27
14 18 24 18 27 30 25 26 25 27 32 19 13 6 7 10 22 21 11 11 21 11 14 19 17 27 58 67 41 29 41 12 64 80 60 26 29 66 76 54 16 34 21 13 51 39 12 9 25 23 5 13 27 50 42 31 11 21 31 38 29 34 25 41 22 39 42 30 17 24 22 12 6 3 6 4 2 6 0 0 1 0 1 2 4 5 5 6 5 11 27 30 33 22 26 12
20 13 24 27 30 20 23 37 22 30 24 29 29 20 14 7 10 20 10 15 22 19 13 19 14 28 31 67 21 22 46 17 57 74 36 33 33 54 41 41 30 33 18 53 58 15 19 52 40 21 20 7 5 13 13 28 16 29 57 64 40 53 31 19 21 30 23 19 18 34 20 22 5 10 9 5 7 1 1 0 1 0 0 0 1 5 7 5 5 5 22 20 32 36 43 28
10 8 22 26 13 22 11 16 33 30 25 30 28 33 27 14 8 6 5 3 5 7 13 17 8 14 16 18 16 60 35 14 23 31 29 51 53 65 89 68 49 36 50 54 51 32 27 66 53 27 55 20 15 30 41 31 25 26 20 45 70 51 32 19 21 35 25 19 27 31 29 30 14 4 3 2 3 1 1 1 0 1 0 1 1 2 4 6 14 11 14 21 32 54 42 39
4 9 36 19 23 12 38 17 34 36 25 35 31 16 18 21 23 21 19 20 21 20 12 13 13 4 9 12 30 64 15 27 30 21 43 61 65 24 52 47 53 36 36 49 44 32 46 72 59 53 54 44 11 13 18 18 26 43 46 13 18 32 30 32 27 30 24 25 21 27 27 33 16 12 2 2 3 1 0 0 1 0 0 1 1 2 3 7 7 19 17 34 43 48 45 49
5 10 24 14 15 16 13 15 34 26 30 32 27 30 21 30 20 30 31 30 22 37 21 19 32 25 4 10 19 50 20 33 40 33 42 41 34 36 29 14 51 57 40 29 43 72 76 74 57 52 57 43 19 15 27 42 50 43 47 25 9 31 27 21 32 21 19 23 28 27 20 21 11 8 6 3 1 1 3 3 2 4 1 1 1 1 2 3 8 9 29 31 38 45 53 62
4 19 5 8 14 12 14 9 24 31 16 14 36 25 24 20 22 27 29 31 31 32 33 31 25 35 19 3 15 35 15 29 40 43 42 35 32 40 40 18 31 75 57 25 61 64 86 74 22 15 23 34 45 38 31 38 44 38 31 21 12 42 25 17 22 23 24 32 32 30 21 20 16 19 15 13 4 7 5 4 2 1 1 0 0 1 2 3 4 8 17 28 40 60 60 65
10 3 6 6 6 12 18 22 7 12 19 27 29 31 18 28 25 29 28 41 40 31 46 34 49 35 36 13 7 31 20 24 37 43 52 44 48 43 42 16 25 43 59 28 55 53 70 35 15 17 28 25 45 46 42 36 44 40 30 34 15 24 22 15 41 28 35 50 35 32 26 18 37 31 39 13 11 4 5 1 0 0 0 0 0 0 1 1 4 13 14 15 17 22 23 31
2 3 7 22 26 16 5 4 6 22 24 25 13 26 28 31 28 39 37 39 40 42 38 47 49 39 28 27 7 9 9 17 15 44 46 71 75 53 56 29 23 22 32 10 31 35 22 22 21 26 24 38 58 49 53 59 60 58 66 49 26 22 27 17 44 48 49 32 20 26 41 29 28 26 21 23 10 4 1 1 1 0 1 1 2 1 0 1 5 4 5 11 21 30 35 39
4 9 9 3 3 6 9 5 10 21 23 23 19 22 22 34 25 34 37 46 25 50 51 49 45 39 23 22 10 7 5 8 14 31 47 59 53 60 65 47 48 39 35 12 26 31 35 63 70 61 79 47 66 70 72 60 69 56 52 45 26 33 33 15 15 27 31 41 44 32 37 52 22 18 12 15 11 1 0 1 0 1 3 1 3 2 6 1 2 2 5 10 15 28 41 42
6 4 6 8 8 5 9 5 16 16 16 19 35 23 32 31 32 50 45 32 40 46 59 34 48 43 41 18 19 14 4 3 4 20 36 46 68 79 77 46 30 40 36 24 29 41 67 45 71 66 58 40 81 76 73 55 46 44 42 26 25 16 14 6 5 23 43 60 60 38 39 59 40 14 7 8 2 2 2 1 1 2 2 3 5 7 2 3 2 2 2 6 12 23 23 51
2 3 2 3 3 3 1 6 18 12 14 28 18 25 30 33 45 24 24 49 40 53 56 37 33 31 41 39 36 32 17 15 6 17 38 31 26 61 74 59 44 42 40 37 52 46 23 39 57 86 54 59 73 61 71 66 54 43 27 24 22 18 3 13 6 17 42 50 71 45 40 13 21 19 8 11 6 3 1 1 1 3 2 4 5 3 1 3 0 1 2 6 9 7 22 32
1 2 5 8 7 4 4 7 12 20 18 18 14 21 44 50 29 19 21 54 42 31 37 44 34 34 44 47 36 34 29 28 17 10 40 43 21 24 22 17 22 34 34 38 50 36 36 52 85 40 32 49 83 69 58 44 39 40 48 42 20 18 4 7 4 17 37 41 48 46 36 21 27 13 12 10 8 7 3 2 3 8 3 2 4 4 5 7 5 1 1 2 2 9 17 20
2 5 4 16 4 5 6 12 10 15 17 5 6 21 23 20 17 19 32 61 30 29 34 44 40 44 37 40 33 23 16 24 33 18 11 32 35 22 18 16 18 33 32 28 28 43 50 31 82 39 53 68 82 55 37 44 40 27 26 36 25 26 3 11 7 8 22 17 35 30 37 34 35 22 38 27 39 4 2 0 7 7 9 5 1 8 11 26 10 5 7 2 9 8 8 45
2 3 10 11 4 9 7 8 15 12 10 7 9 19 13 32 10 17 56 32 24 26 36 44 50 51 42 38 25 34 32 29 33 31 13 8 28 14 16 14 16 28 28 26 27 40 46 42 27 42 64 81 81 53 49 47 34 32 34 28 26 12 14 11 8 10 27 40 46 44 44 40 42 46 45 25 4 2 1 5 5 14 19 29 7 19 27 18 13 6 3 3 2 10 11 18
3 6 3 2 4 5 5 15 4 8 3 8 11 41 22 15 9 34 11 12 37 25 23 23 32 33 37 42 47 37 46 47 34 33 22 23 5 26 21 16 14 16 17 28 39 57 30 51 18 24 57 75 91 85 54 46 41 24 36 26 24 15 21 7 5 17 39 53 65 58 47 48 47 36 22 12 5 5 5 7 13 17 18 42 29 31 14 2 1 0 2 9 6 8 10 14
3 2 2 2 2 3 7 1 8 2 2 6 15 26 19 5 24 21 19 9 11 25 12 14 28 31 49 37 51 56 49 53 36 35 32 27 24 9 11 16 18 16 17 33 32 47 13 40 13 42 51 24 70 77 53 37 24 23 24 12 28 35 18 11 6 40 52 49 45 45 42 40 42 36 47 38 14 9 6 4 10 11 12 43 35 18 9 5 5 4 9 1 6 7 7 13
0 2 2 1 2 4 5 1 3 2 5 3 14 7 4 11 19 8 12 12 45 31 19 16 27 52 39 55 57 69 53 35 13 46 35 34 39 24 10 4 12 21 19 32 35 12 29 44 13 41 30 64 68 48 49 46 47 38 23 17 30 30 26 19 5 9 37 49 48 38 39 46 58 38 21 11 5 3 12 3 12 27 23 29 17 14 27 19 8 9 5 2 3 8 19 32
16 1 1 1 2 1 2 5 3 2 8 5 3 3 4 24 6 11 10 36 34 21 34 26 16 43 47 54 75 66 68 36 21 26 22 22 30 35 38 6 6 21 33 29 14 25 68 32 15 43 78 74 80 38 37 50 37 35 33 24 31 20 20 11 7 7 16 28 34 33 12 25 20 14 18 12 5 3 9 9 12 35 72 28 17 33 29 16 21 9 3 7 3 8 9 23
12 21 13 18 11 4 0 0 6 2 15 32 37 16 6 11 11 18 11 22 17 22 30 26 29 39 55 75 50 62 58 46 53 40 36 43 20 34 42 22 3 17 23 27 13 13 18 17 8 48 64 85 76 30 42 45 49 35 25 34 30 21 23 6 8 8 44 45 39 48 46 41 47 29 14 7 5 11 10 18 33 31 51 67 33 40 51 29 10 3 7 9 2 2 7 15
6 21 14 14 8 7 9 2 11 4 2 7 36 36 49 10 6 14 20 19 16 15 25 23 34 42 58 47 57 63 64 58 51 54 60 39 35 43 37 30 20 5 12 19 29 18 16 9 13 41 65 38 57 25 55 37 50 49 35 25 31 32 18 6 5 28 41 49 50 59 64 44 22 22 29 8 7 13 18 47 43 43 52 48 10 24 19 17 21 26 27 4 9 2 2 5
6 28 7 23 14 7 29 8 7 17 10 8 32 49 28 16 25 15 49 70 65 50 21 12 40 34 49 45 43 44 53 50 52 59 61 55 48 38 29 34 37 16 11 15 25 15 24 8 14 19 33 30 67 49 72 70 47 60 38 44 17 18 14 8 18 33 46 37 50 55 65 62 58 36 34 24 25 19 25 54 62 38 37 35 26 25 38 41 19 57 9 14 12 11 2 3
13 21 13 16 39 9 18 3 12 21 24 7 2 33 35 22 39 23 33 62 70 25 63 12 46 47 48 39 45 25 38 60 64 69 71 51 33 34 44 37 20 16 11 7 35 19 27 9 8 7 26 46 72 30 42 26 57 69 67 43 17 12 8 5 21 31 48 38 50 54 57 61 42 18 9 9 27 14 48 63 80 76 26 25 30 41 60 23 40 54 23 23 8 4 3 3
2 7 3 16 34 14 19 2 17 51 10 6 5 14 44 36 42 49 12 34 46 37 36 45 11 21 68 33 23 17 11 16 36 37 48 60 46 55 58 37 26 15 5 2 14 23 22 20 3 21 29 56 50 66 46 31 39 35 28 18 27 15 11 6 15 28 35 31 39 43 42 25 21 22 13 17 50 64 51 54 74 83 67 28 20 35 26 34 63 32 17 3 1 1 1 3
2 18 33 17 35 9 32 20 29 65 27 16 18 28 54 68 28 4 4 10 18 9 29 66 21 10 60 40 50 20 2 19 49 46 30 61 60 57 38 26 14 10 3 2 3 27 34 16 12 38 37 51 32 44 38 41 15 14 33 34 24 14 4 12 23 20 21 22 23 34 32 24 29 16 20 47 65 72 72 45 59 71 66 40 13 26 37 50 37 12 6 10 10 4 7 11
4 3 3 5 8 15 41 7 38 46 74 35 25 21 16 10 8 6 6 16 13 14 13 62 22 48 45 45 65 70 30 21 34 27 38 55 52 49 45 42 25 8 3 3 3 11 28 23 9 22 41 55 12 29 36 61 36 17 24 31 12 11 4 10 17 32 69 49 47 54 51 62 50 22 37 80 79 82 77 62 22 47 68 66 26 30 37 54 31 21 61 14 5 4 6 22
5 11 4 6 9 27 44 33 19 36 74 47 18 8 24 19 7 22 6 8 13 13 16 70 18 23 54 37 48 61 37 32 47 25 18 24 16 28 26 33 37 32 8 3 3 7 7 12 12 21 40 41 10 32 24 25 45 47 25 11 8 8 3 14 18 34 41 57 69 70 86 55 17 21 60 87 84 77 80 82 75 37 75 75 30 34 48 36 21 55 38 16 11 13 3 1
7 12 12 6 10 7 43 54 51 21 80 40 15 6 20 19 24 25 15 9 14 19 5 38 59 6 21 29 55 77 33 9 25 22 38 46 42 44 35 32 29 21 25 8 2 2 2 4 8 20 49 44 15 24 32 24 39 29 20 15 9 5 7 13 10 39 45 63 72 65 32 22 25 33 64 75 85 81 78 68 81 55 51 62 49 57 37 24 52 82 28 22 17 14 9 2
12 9 16 6 6 8 34 74 38 37 69 60 47 7 22 22 43 26 22 18 20 36 15 20 84 26 47 41 65 63 61 42 42 54 49 46 52 51 49 24 17 10 20 13 6 1 5 11 20 42 62 51 20 32 28 9 13 27 28 19 7 3 3 14 30 51 78 76 61 36 39 29 34 78 71 69 87 68 57 53 82 70 60 29 25 51 41 53 83 52 33 28 40 12 9 3
50 6 18 8 8 15 28 40 10 13 81 54 7 5 24 34 46 41 52 40 49 41 40 31 57 34 22 56 66 55 65 63 40 34 35 25 41 46 52 45 25 18 12 5 6 2 4 7 13 31 51 43 23 18 11 11 9 8 7 8 9 8 3 10 30 65 69 56 35 30 41 36 67 80 83 73 62 79 50 59 85 65 38 22 45 67 69 73 78 29 50 69 39 21 19 5
7 21 7 8 9 7 14 30 23 32 58 27 14 5 25 21 51 21 55 37 48 59 50 37 42 60 39 27 15 53 47 61 32 26 39 37 27 24 40 39 21 12 12 6 3 2 4 8 30 44 49 17 19 20 14 8 12 6 5 3 1 1 9 18 36 57 40 19 30 45 39 39 75 85 76 72 64 75 81 50 67 65 40 33 58 57 70 84 59 53 77 54 42 25 11 9
7 6 15 16 8 9 5 10 8 14 24 12 38 16 12 26 57 27 25 55 34 25 13 61 59 72 21 20 10 28 66 74 62 38 30 22 30 22 24 14 18 17 8 6 4 2 2 8 18 27 33 24 9 14 9 11 18 7 4 2 2 1 12 17 47 29 12 27 46 44 44 69 71 78 76 79 72 68 83 64 53 64 42 41 61 63 81 82 66 48 41 51 31 12 11 15
16 12 8 26 28 17 17 7 5 25 14 13 42 45 15 26 44 46 22 31 29 37 31 86 67 66 45 8 12 10 34 41 64 56 39 32 27 22 17 14 43 24 13 9 2 3 1 6 27 28 27 22 29 14 14 17 16 11 3 2 1 1 6 25 23 9 19 44 49 61 58 76 78 70 56 45 49 56 69 72 67 43 36 46 60 63 78 74 54 28 37 22 9 10 12 25
18 15 11 20 22 35 19 8 3 22 20 11 14 26 17 23 36 43 25 27 24 17 22 43 20 35 62 14 17 16 10 38 66 62 37 28 35 64 63 48 31 15 5 5 7 3 1 1 7 19 15 23 25 14 15 15 22 10 3 2 1 1 1 9 4 14 22 29 45 80 70 66 84 80 59 46 29 18 44 64 59 38 22 35 56 68 78 57 30 44 42 34 51 24 26 25
63 27 19 8 17 31 52 6 11 22 27 19 7 19 17 11 30 50 22 21 22 20 10 31 7 15 48 38 11 24 9 15 46 81 60 37 26 22 23 21 20 18 17 6 2 6 6 1 2 18 15 17 20 27 11 6 12 8 4 2 1 0 0 4 19 46 46 63 71 58 80 84 75 85 81 66 54 40 21 26 53 44 19 10 28 47 53 21 30 42 40 68 57 31 19 28
59 84 31 21 7 14 13 12 16 23 21 13 28 11 16 7 10 53 31 24 19 16 9 22 23 3 33 41 15 23 16 7 30 60 77 54 36 40 52 44 24 17 12 6 3 1 4 1 1 4 18 25 21 8 19 8 4 3 3 1 1 0 1 6 22 54 65 43 40 54 74 70 69 73 89 73 56 33 22 15 21 19 2 15 30 18 23 29 45 48 71 67 30 27 28 37
21 75 82 58 27 16 6 26 13 10 12 13 33 19 13 12 10 55 39 33 16 7 6 17 31 4 24 27 21 29 18 11 35 26 33 70 37 17 33 38 28 10 8 8 3 1 1 2 0 1 10 16 18 12 11 8 7 3 1 1 0 0 4 11 21 17 16 42 74 69 65 63 60 70 76 74 58 40 43 26 9 4 4 14 36 52 44 28 42 62 55 31 22 27 34 36
13 61 63 81 48 27 14 28 29 9 23 15 21 20 30 22 13 26 53 19 15 12 4 12 25 11 18 24 8 35 36 10 37 34 31 16 70 48 49 36 25 11 12 5 2 2 1 1 1 1 4 9 6 6 17 6 6 4 2 1 0 0 2 11 20 33 45 47 69 77 67 80 73 41 51 66 57 55 51 39 15 3 5 15 36 41 58 64 35 27 19 28 28 28 50 36
33 50 42 72 41 25 25 24 29 24 20 19 21 33 28 26 23 23 40 32 16 13 7 22 32 25 20 22 10 18 46 23 10 21 25 44 49 18 62 38 19 10 9 10 2 2 1 1 1 1 0 2 5 10 20 9 5 4 1 1 0 0 2 10 19 31 38 61 68 71 88 80 83 69 45 37 54 50 46 40 10 3 13 35 39 45 58 69 60 44 42 21 30 28 59 56
33 50 24 57 59 60 41 32 28 25 18 14 17 21 24 31 20 22 16 31 23 13 9 14 10 27 23 23 15 8 16 11 8 22 33 47 48 26 70 25 31 27 13 11 5 2 1 0 1 1 1 0 2 5 25 10 4 3 2 1 1 0 1 9 19 29 40 45 67 51 82 80 73 74 82 61 59 49 28 11 6 3 10 30 54 61 65 66 68 56 43 31 24 45 84 77
47 42 44 32 45 29 36 32 65 53 29 12 20 19 17 31 19 18 21 21 21 21 9 5 15 24 10 25 21 11 9 5 17 19 69 72 45 38 22 35 32 27 13 9 7 3 1 0 1 1 0 0 1 3 17 5 4 2 1 1 0 0 1 4 18 31 39 65 74 78 80 85 80 72 70 75 56 47 21 7 2 17 25 10 27 55 59 63 61 35 41 39 60 85 88 81
29 51 39 32 27 21 24 19 23 26 17 17 13 13 12 14 13 16 17 24 23 17 11 2 5 30 6 15 11 17 8 4 24 48 53 67 73 87 84 71 29 20 9 6 4 2 1 0 0 1 0 0 0 2 4 6 8 2 1 1 0 0 2 6 20 47 71 80 80 86 86 85 88 84 59 55 57 30 22 2 6 30 49 38 29 18 28 28 27 34 31 56 62 89 91 81
22 40 23 30 13 14 11 4 11 9 8 11 15 7 5 10 11 11 13 15 18 14 11 4 8 13 7 16 16 8 12 7 5 21 30 28 32 32 36 7 24 15 17 5 4 3 1 0 0 1 1 0 0 1 0 1 3 3 1 1 0 0 5 16 38 31 45 57 79 88 75 91 81 79 58 43 41 32 21 2 7 21 45 53 69 48 47 33 39 49 49 61 80 85 82 77
5 8 14 8 7 7 6 5 12 14 5 5 4 5 7 6 5 4 5 9 11 10 15 5 8 15 22 6 15 11 7 6 4 3 2 2 5 11 19 15 16 5 6 2 2 2 1 1 0 0 0 0 1 1 0 0 1 1 1 0 0 0 4 18 27 44 36 56 70 65 77 84 84 72 45 32 22 8 4 2 6 12 32 39 44 58 66 55 65 77 66 55 78 74 81 76
25 8 3 4 7 8 11 21 13 12 26 26 23 39 17 15 6 3 3 3 5 7 6 6 7 9 16 10 14 15 9 5 2 1 3 9 4 2 6 13 22 19 13 11 5 2 1 1 0 0 0 0 0 1 1 0 1 1 1 0 0 1 5 7 18 32 39 71 66 69 82 72 75 45 35 20 5 3 1 9 14 34 42 48 45 62 87 83 41 39 74 87 72 52 62 79
45 33 13 26 23 25 23 35 22 27 39 43 52 50 45 31 22 12 10 6 6 2 4 3 4 15 14 9 5 17 6 4 1 2 9 4 2 4 3 9 17 11 5 3 4 2 1 1 0 0 0 0 0 0 1 1 1 0 0 0 0 2 1 5 19 46 45 40 55 66 66 63 68 35 26 13 3 1 8 23 38 47 49 57 77 81 72 29 35 64 90 88 91 55 48 63
50 28 23 41 38 39 39 40 42 44 38 37 42 64 51 41 34 30 23 11 12 11 2 2 1 4 9 9 12 5 4 2 1 4 7 8 6 4 2 2 7 8 7 2 2 4 2 1 0 0 0 0 0 0 2 0 0 0 0 0 0 0 3 9 30 49 58 40 28 28 50 54 36 26 7 4 1 6 17 30 51 49 68 83 81 53 23 28 46 84 90 83 78 79 33 23
40 39 28 48 40 47 32 34 48 35 50 41 55 46 43 45 62 48 18 32 28 13 10 10 7 4 2 3 3 2 1 1 1 3 5 7 7 8 9 5 5 13 11 8 1 2 2 1 0 0 0 0 0 0 0 0 0 0 0 0 0 1 5 8 27 46 59 52 21 46 34 30 20 7 2 0 2 9 21 27 51 73 65 58 33 18 29 43 59 78 82 83 68 86 52 23
