sesion_6_simulaciones/modelos_agentes/ejemplos_netlogo/scenarios/echam4_a2/rob_2069.asc
NCOLS 322 
NROWS 307 
XLLCORNER 451900 
YLLCORNER 4086900 
CELLSIZE 100 
NODATA_value -9999 
[rows 222 to 295 of 307, columns 192 to 287 of 322]
6 6 4 2 11 7 4 2 1 0 0 0 0 0 0 0 0 0 1 1 2 6 19 14 9 10 7 8 17 19 9 13 33 30 27 19 29 45 38 38 38 29 32 52 27 32 32 15 17 25 18 14 5 4 6 5 4 15 41 40 28 26 38 25 65 83 75 72 82 86 59 39 15 4 2 0 0 0 0 0 1 0 0 0 0 1 1 0 1 2 5 6 9 10 11 9
22 22 16 11 5 3 3 2 1 1 0 0 0 0 0 0 0 0 0 1 3 10 19 32 15 19 21 16 26 29 17 20 33 34 36 21 33 26 31 31 33 25 33 51 34 20 32 17 22 16 11 5 6 4 3 3 4 10 14 17 15 29 39 31 45 71 68 63 78 80 61 31 14 5 1 1 1 1 0 0 1 0 0 0 1 1 1 1 1 3 4 5 10 11 14 16
25 18 19 13 9 5 4 2 1 0 0 0 0 0 0 1 1 2 1 2 4 15 24 43 34 25 25 31 31 44 42 27 30 32 36 23 35 14 29 27 20 25 30 51 58 21 31 25 12 7 10 7 9 2 1 4 5 15 8 24 26 35 42 45 26 35 11 7 18 66 75 32 10 2 2 1 1 1 1 0 1 1 0 0 1 1 1 2 2 2 4 9 9 12 14 31
15 11 11 7 5 3 2 2 1 1 0 0 0 0 0 1 2 3 3 3 6 9 17 36 42 45 32 34 32 47 73 54 35 37 20 23 26 23 41 22 16 17 26 31 45 43 12 19 5 5 4 2 7 4 1 3 5 5 12 29 41 40 57 47 27 34 23 28 11 11 43 21 6 5 3 3 3 1 1 0 1 1 1 0 0 1 1 2 3 2 4 10 11 11 17 23
15 11 9 4 1 2 2 1 1 0 0 0 0 0 1 2 2 5 7 8 6 11 24 27 43 68 49 43 44 34 50 62 32 43 32 36 39 36 23 23 13 17 16 17 20 27 15 34 17 4 15 9 4 2 1 2 14 15 20 30 53 51 46 32 28 30 38 50 26 18 16 5 8 6 8 6 2 1 1 0 1 1 1 0 1 1 2 1 1 2 3 3 10 14 13 21
10 17 12 9 6 4 2 1 1 0 0 0 0 0 2 2 3 3 8 17 18 24 26 28 41 67 78 50 64 40 47 59 43 29 47 48 35 30 29 25 7 12 11 17 25 26 33 44 41 10 8 7 4 1 2 3 8 9 23 42 50 41 33 24 52 45 53 50 32 24 8 7 9 12 11 9 6 4 2 1 1 1 2 1 1 1 1 1 1 1 2 4 6 7 15 22
18 10 6 4 3 1 1 1 0 0 0 0 0 0 2 2 2 5 14 22 33 51 61 45 49 57 80 44 64 40 41 59 24 25 44 45 46 39 29 26 16 17 14 11 27 31 26 38 27 23 12 6 4 2 10 21 14 26 42 58 40 23 26 42 74 67 46 33 29 18 17 16 20 16 23 13 9 5 1 0 1 3 3 1 2 2 1 3 1 3 4 6 7 8 9 21
18 11 5 3 2 2 1 0 0 0 0 0 0 1 1 1 1 4 6 12 18 41 60 75 62 54 69 66 73 42 61 35 22 21 30 49 45 48 23 24 23 26 16 14 20 30 31 24 17 13 15 13 4 7 9 9 22 14 32 9 19 43 46 75 70 52 41 30 38 39 36 30 27 35 14 9 7 4 1 0 0 3 6 3 2 3 3 4 1 2 4 6 13 14 18 24
6 6 5 1 1 1 1 0 0 0 0 0 0 1 1 2 6 3 6 12 26 35 55 54 70 65 72 75 65 37 52 26 21 46 30 43 44 30 26 34 34 33 14 15 38 32 38 26 26 8 7 5 4 1 4 3 52 27 11 25 37 41 51 47 31 29 33 35 28 36 51 50 36 15 5 4 2 2 0 0 1 1 6 3 3 3 8 12 3 2 3 7 9 9 17 23
2 1 3 2 2 1 1 0 0 0 0 0 0 1 3 7 5 6 11 21 24 36 58 66 58 60 64 60 58 58 67 33 24 34 44 33 41 33 28 27 31 19 23 14 16 22 32 32 23 13 5 5 2 3 8 9 3 69 65 39 23 12 28 27 41 37 29 22 15 43 75 55 26 12 6 2 1 0 0 0 0 2 3 3 6 4 7 8 13 3 4 9 11 15 12 21
2 1 0 1 2 1 0 0 0 0 0 0 1 2 6 6 5 8 18 19 21 48 64 68 54 55 62 51 70 78 46 35 34 51 29 43 40 37 34 30 29 25 42 11 23 24 28 21 11 4 13 4 5 6 11 30 19 18 30 34 16 36 21 26 24 34 34 14 26 45 50 28 21 16 6 1 0 0 1 2 1 1 2 11 8 2 2 4 19 4 5 10 12 14 11 14
2 2 1 1 1 1 0 0 0 0 0 0 0 1 3 4 9 15 21 42 29 30 69 59 71 54 57 59 18 75 47 40 33 48 40 28 32 40 32 31 30 24 48 12 13 48 27 20 15 8 13 4 5 17 25 7 32 33 17 8 19 10 19 26 26 28 19 53 46 21 36 21 14 10 5 1 1 1 1 1 2 3 2 4 5 7 4 9 11 13 11 6 7 24 15 15
4 3 2 1 1 0 0 0 0 0 0 0 0 1 2 2 7 10 26 40 54 62 77 59 69 66 66 56 60 55 74 39 31 38 33 13 19 35 38 44 30 13 29 34 7 22 20 38 14 11 13 7 5 13 9 12 6 8 12 26 21 24 24 39 18 22 39 21 16 28 25 18 12 3 1 1 1 1 2 2 2 2 4 5 12 16 5 6 12 13 36 16 6 10 29 22
1 2 1 1 0 0 0 0 0 0 0 0 0 0 1 2 4 11 23 35 57 48 59 19 37 57 59 19 18 36 66 26 32 69 32 29 36 42 23 7 17 7 29 31 8 24 32 16 4 8 14 9 6 10 9 4 19 24 43 26 11 18 45 58 41 34 55 55 50 36 24 14 5 2 1 1 4 2 5 2 3 4 5 5 13 11 22 7 14 9 4 22 10 9 12 19
2 1 1 1 0 0 0 0 0 0 0 0 0 0 0 1 4 6 17 30 38 25 24 49 41 40 25 26 43 36 52 47 47 49 48 42 36 31 30 15 21 19 20 35 6 13 22 16 6 5 5 10 7 9 3 10 24 9 14 20 24 44 54 58 62 60 44 35 47 34 49 23 8 3 1 0 1 5 5 3 5 5 7 4 6 13 10 25 20 19 11 27 15 3 9 10
3 1 1 0 0 0 0 0 0 0 0 1 1 1 0 0 3 6 8 9 16 50 51 42 47 52 42 31 35 41 36 35 47 42 26 32 27 31 36 11 33 24 17 33 5 8 21 12 16 12 4 3 10 10 6 11 13 11 32 23 48 37 39 72 81 51 46 25 52 26 17 14 3 2 3 2 3 6 6 7 10 5 7 6 6 6 10 29 44 50 11 11 18 9 14 25
1 1 1 0 0 0 0 0 0 0 1 1 1 1 1 1 1 2 5 12 19 28 40 32 24 36 47 29 39 25 34 38 35 58 31 40 25 38 22 26 12 19 10 24 6 5 10 8 8 12 10 4 6 1 6 4 4 17 23 21 32 25 53 65 68 76 49 21 13 15 10 3 1 4 6 6 3 4 12 11 17 9 8 8 10 9 5 5 6 17 37 34 22 14 16 25
1 1 0 0 0 0 0 0 0 0 1 2 2 2 1 2 4 3 3 11 18 35 27 38 41 49 35 26 31 29 14 18 37 23 18 51 14 29 19 17 17 17 44 25 8 9 17 23 6 4 4 3 1 8 2 4 11 34 37 66 66 50 36 46 47 31 39 39 20 12 4 1 2 8 5 12 4 5 11 19 14 20 12 10 10 9 15 10 9 12 25 20 19 53 19 31
1 0 0 0 0 0 0 0 0 1 1 2 2 3 3 2 6 6 7 7 14 8 16 21 21 35 24 17 25 23 29 26 15 11 6 38 17 36 12 19 13 11 41 25 17 10 32 13 12 7 3 11 3 11 7 14 19 8 26 34 40 35 21 33 48 38 46 22 25 11 6 1 4 6 7 14 16 6 8 14 19 27 16 24 14 6 9 17 5 2 6 6 7 28 31 23
1 0 0 0 0 0 1 1 1 1 1 2 3 4 8 4 6 13 9 21 31 32 44 48 49 42 39 48 48 32 48 57 49 23 33 25 38 27 12 13 9 7 6 23 12 4 9 10 8 6 7 16 27 34 72 56 60 49 56 35 39 40 46 58 47 39 34 24 18 9 2 1 5 7 14 14 16 13 14 24 18 32 20 28 16 9 9 17 24 7 12 13 8 6 7 12
1 0 0 0 1 1 1 1 1 1 2 3 2 6 8 5 2 4 21 31 49 40 53 62 67 69 67 60 77 65 37 34 28 17 8 8 17 16 21 11 13 3 4 16 5 4 4 9 3 7 1 1 2 3 13 27 76 76 50 52 42 39 21 54 42 30 30 21 6 3 1 2 6 10 7 11 15 25 18 26 18 11 37 33 21 10 11 25 21 11 13 20 17 29 36 44
1 0 0 1 1 1 2 2 2 2 1 1 5 7 6 12 3 3 6 14 32 53 29 53 54 67 67 50 10 25 41 24 14 13 16 22 22 9 22 5 11 4 1 9 5 8 2 2 2 4 4 3 3 4 5 5 17 49 70 77 82 41 37 28 25 25 25 25 17 4 2 6 13 13 13 15 37 28 29 30 30 12 16 47 30 12 12 17 17 13 22 12 24 29 41 49
0 0 1 1 1 2 2 3 2 2 1 2 3 6 5 10 6 2 7 12 21 28 21 46 34 30 26 16 12 14 23 18 16 21 17 9 15 24 16 2 7 8 2 4 4 2 1 6 4 3 9 5 10 14 15 22 29 49 39 32 46 77 60 46 41 39 40 23 14 4 4 13 17 25 23 18 32 40 29 23 21 21 9 31 44 23 23 10 27 14 27 26 18 32 32 25
1 1 1 2 3 3 3 3 4 3 2 3 3 5 9 5 16 2 3 3 8 7 19 20 27 37 32 35 37 24 36 15 16 25 20 14 13 8 3 3 6 8 36 9 2 3 1 3 4 3 11 15 8 21 40 21 19 19 24 17 19 37 59 56 49 32 34 22 8 2 7 17 17 23 28 28 20 47 35 46 26 37 25 26 63 30 41 18 30 26 27 42 29 29 24 35
0 1 2 2 4 4 3 5 4 4 3 3 4 8 14 10 10 4 4 8 6 6 18 19 28 35 38 32 30 47 41 39 31 48 12 9 10 13 11 8 19 17 3 4 16 5 2 2 2 19 31 6 17 16 15 20 35 33 42 28 25 25 26 30 34 27 19 18 7 5 8 19 19 29 25 22 23 33 43 51 38 25 40 26 64 23 26 32 20 44 28 29 30 22 24 24
1 2 4 3 4 2 3 6 9 8 3 2 5 4 18 39 4 5 4 16 16 18 14 17 25 23 34 21 26 33 33 25 20 19 20 20 14 19 16 9 4 3 2 1 2 6 5 2 21 41 4 3 5 28 25 23 24 33 23 23 33 24 26 18 19 17 16 9 6 8 16 20 19 22 22 24 29 35 47 40 37 33 37 50 65 23 28 34 21 46 31 15 38 16 9 19
3 3 4 7 6 4 5 7 14 13 4 2 3 9 15 17 6 7 5 13 21 20 20 12 15 11 25 28 28 34 22 19 21 21 18 17 16 11 9 11 5 3 2 1 2 1 2 13 3 13 3 5 6 6 15 71 39 42 35 35 28 26 22 19 16 15 13 7 6 7 15 19 14 22 21 34 42 28 31 55 43 49 48 49 61 41 47 22 46 41 13 23 35 13 18 23
4 5 5 13 6 4 4 9 11 24 6 3 7 9 15 26 14 10 8 20 26 39 21 28 25 10 17 21 23 20 27 15 21 19 18 10 8 4 6 6 11 10 7 5 4 6 6 1 1 2 5 15 19 20 29 15 27 31 47 46 37 26 22 21 18 16 12 6 3 13 18 20 27 23 38 33 30 42 28 24 41 43 37 53 28 84 49 19 33 40 9 23 20 34 20 27
6 11 6 16 9 5 6 12 15 22 4 4 8 10 19 22 25 3 17 24 28 46 26 30 28 38 22 19 12 12 13 24 37 23 7 18 6 16 7 7 8 10 4 3 2 3 1 1 4 8 12 12 24 23 38 10 8 10 12 27 24 29 26 27 24 23 18 9 4 15 16 17 26 31 39 17 29 22 43 18 27 25 38 23 51 75 31 21 53 20 11 23 20 33 35 32
5 7 13 14 12 11 6 9 20 33 5 9 11 19 18 33 6 5 19 24 38 46 51 31 52 32 34 32 19 19 13 42 51 24 26 14 11 14 9 6 11 3 5 2 3 3 2 2 2 9 9 8 23 34 27 9 20 31 30 37 36 34 36 42 34 34 23 10 4 18 20 17 38 26 32 46 42 31 17 33 21 31 34 39 31 56 49 38 44 21 19 29 16 19 9 45
3 4 15 17 16 14 9 11 20 26 7 13 20 39 42 19 5 5 19 24 28 51 46 51 33 33 52 36 32 29 31 35 47 37 26 27 25 12 23 10 4 6 2 1 1 2 2 2 2 4 6 12 19 18 32 28 30 39 40 45 51 56 42 35 25 18 20 6 8 21 28 23 40 42 30 32 42 31 32 11 44 13 19 42 46 57 64 75 38 21 31 25 31 33 22 50
7 8 19 24 29 18 11 14 27 28 7 9 23 45 29 7 4 11 19 23 40 43 44 46 47 35 46 38 50 45 46 29 15 18 24 22 20 8 14 12 10 6 2 2 4 2 1 4 2 2 3 6 19 36 26 25 45 49 51 34 56 37 19 27 31 23 11 7 7 18 39 24 35 42 46 35 46 29 36 26 20 42 20 8 12 36 56 68 31 45 34 28 26 45 18 19
6 10 12 19 43 27 12 16 23 30 7 7 24 44 17 8 5 14 26 26 26 31 38 41 63 32 37 35 28 46 46 30 32 21 19 10 15 14 18 9 7 4 3 4 7 3 3 3 1 1 2 11 20 16 40 52 23 31 22 24 21 21 35 38 22 21 19 6 9 11 42 29 29 29 36 43 36 32 16 29 16 45 26 19 11 10 29 46 47 68 37 33 26 42 12 17
8 20 14 14 21 42 16 21 38 12 9 10 18 51 25 9 5 19 25 26 40 50 45 58 52 44 24 29 46 37 19 45 59 40 15 14 10 10 15 8 3 5 5 3 3 1 2 1 4 3 6 9 14 27 40 30 46 24 32 35 31 30 29 24 26 24 12 7 8 16 18 47 28 25 31 33 48 43 29 49 18 17 28 22 17 15 16 32 48 51 33 36 29 35 17 26
10 14 30 24 12 30 11 26 58 14 13 25 34 41 14 14 2 10 31 32 50 38 43 58 54 46 40 15 11 13 17 16 19 6 7 12 20 10 9 14 8 4 3 2 1 1 1 1 5 6 8 11 20 26 45 46 51 36 32 44 34 41 43 27 28 28 13 11 11 29 30 30 49 23 27 30 54 42 30 25 32 17 12 39 28 16 21 21 41 40 50 33 27 19 29 14
13 16 33 41 21 46 12 25 62 29 14 36 42 25 12 3 3 7 15 34 51 52 39 40 43 61 38 15 20 14 17 16 21 13 9 5 10 14 14 11 5 4 2 2 2 1 2 1 0 1 8 8 8 19 22 20 20 44 44 39 45 26 29 29 24 25 23 6 14 29 33 30 36 13 34 32 33 46 56 47 44 22 16 15 31 17 14 27 43 76 64 29 18 16 29 13
14 16 19 47 22 43 23 23 31 40 20 45 38 10 4 7 10 16 26 41 38 41 47 25 36 40 55 21 14 14 22 20 19 16 12 17 10 11 5 2 2 4 2 2 3 2 1 0 2 3 4 12 47 33 20 52 46 68 45 32 42 42 43 41 39 24 22 12 18 33 28 41 54 22 22 46 33 50 39 34 53 17 25 25 52 18 10 14 13 36 52 26 25 10 44 26
12 14 12 30 54 28 41 20 49 23 49 25 10 4 12 12 19 13 48 53 29 36 38 38 18 27 51 52 22 23 12 19 16 8 6 6 9 5 3 3 3 1 1 0 1 1 1 1 3 3 3 10 10 25 37 42 28 55 27 23 29 35 38 36 23 19 15 26 27 32 36 44 12 30 37 44 39 26 41 29 66 22 24 16 25 38 23 25 32 31 46 20 40 13 22 37
28 17 13 19 29 44 47 27 63 37 32 8 6 11 15 24 24 16 19 18 33 35 36 51 42 26 22 10 25 37 11 20 9 7 12 13 12 6 5 4 2 2 4 2 1 0 0 0 2 4 7 9 18 14 26 28 30 31 21 7 20 29 32 28 18 14 15 27 29 31 35 49 16 15 8 14 37 47 67 18 55 37 23 26 15 13 47 20 29 35 25 45 12 15 24 35
20 30 21 16 16 29 57 31 32 13 9 3 9 16 30 37 35 14 19 21 33 36 27 9 17 11 14 31 6 12 25 36 19 21 5 13 4 5 5 1 1 1 1 1 1 3 1 1 2 3 8 5 6 13 17 24 20 36 27 29 41 32 33 20 28 29 17 30 29 32 28 44 15 27 15 20 21 15 38 24 21 45 23 30 15 31 37 8 27 41 47 35 10 14 13 16
22 32 25 31 40 47 48 30 32 9 12 10 15 29 30 36 43 26 29 29 33 34 23 16 14 18 15 9 11 23 9 14 14 42 11 21 4 3 3 3 2 1 1 2 1 1 1 1 2 4 11 5 6 11 23 11 29 52 57 51 42 30 33 33 29 26 29 40 29 29 30 37 19 31 27 22 32 26 30 48 13 46 22 43 12 12 34 6 13 18 45 26 8 15 16 37
24 37 31 36 43 55 47 12 7 4 15 14 26 31 32 43 27 52 42 28 31 30 25 30 27 23 20 10 13 30 8 10 4 4 4 12 15 10 6 12 6 4 2 2 1 1 0 1 4 4 8 3 5 13 16 21 38 69 27 34 45 28 34 29 26 26 35 45 26 29 30 30 27 29 38 22 30 28 27 25 36 69 32 37 25 7 43 18 8 10 27 35 14 16 12 4
23 44 44 39 69 55 12 9 13 16 29 24 22 34 32 46 18 30 60 18 33 24 14 19 29 28 10 15 17 20 40 9 7 3 3 2 3 2 3 10 9 3 4 2 2 1 1 1 3 3 3 3 7 11 25 30 33 39 33 24 41 35 25 9 30 16 18 51 29 27 40 28 40 25 35 29 26 29 24 19 27 12 50 45 36 10 16 12 6 7 11 38 12 21 24 20
26 36 64 55 67 13 14 12 15 28 30 30 40 54 17 44 17 27 32 54 18 38 12 10 16 28 29 20 17 12 6 14 6 7 4 3 3 3 2 3 4 2 1 2 1 0 0 2 2 2 3 3 4 9 19 37 16 36 60 50 23 20 14 7 39 24 26 47 34 24 41 27 52 33 32 36 22 23 34 19 14 11 36 26 35 12 6 32 7 8 14 33 26 23 13 17
17 37 65 78 44 8 14 26 30 29 46 54 25 34 20 19 38 15 29 28 18 28 17 15 16 22 16 33 17 21 21 12 16 9 7 5 3 2 2 3 3 1 1 1 1 1 1 4 1 2 2 2 5 12 26 27 56 35 30 46 25 16 5 14 21 43 25 26 35 21 33 24 43 36 21 35 33 19 20 32 27 8 13 40 47 14 4 20 11 8 15 9 41 24 11 52
18 44 69 51 8 10 29 27 21 49 35 65 19 38 19 16 24 61 14 31 40 24 33 12 12 22 27 18 18 29 16 13 28 5 7 5 4 4 1 3 2 1 2 2 2 1 3 2 3 4 5 7 8 9 14 24 36 30 33 28 27 15 7 19 16 26 23 24 38 21 24 31 23 42 19 21 47 18 20 22 35 9 17 19 33 14 6 12 16 10 8 6 7 17 14 11
19 48 53 27 12 19 28 30 18 35 18 58 20 40 43 15 38 61 9 36 53 13 45 11 11 26 28 27 9 7 34 5 5 12 17 9 2 4 2 3 1 1 1 1 1 1 1 2 4 5 4 4 3 6 8 15 24 27 21 41 26 14 14 21 29 33 14 19 32 31 18 16 12 29 18 18 25 24 18 14 6 6 21 12 31 12 7 4 15 21 3 8 19 17 26 3
18 46 41 30 14 18 34 49 15 21 21 45 16 29 55 21 31 58 16 16 28 25 31 13 10 13 13 23 21 18 6 8 3 3 1 14 8 2 1 2 1 1 2 1 2 1 1 2 3 6 5 7 5 10 8 14 8 16 23 15 11 22 19 20 19 28 29 20 23 27 11 19 11 19 22 17 24 9 7 19 8 8 8 10 36 35 8 4 9 16 2 5 16 23 22 9
40 38 50 17 15 22 24 33 15 23 22 27 28 16 47 15 12 45 17 12 11 10 48 24 9 8 10 10 11 12 24 12 2 6 1 2 10 2 1 2 1 3 3 3 1 2 0 1 2 6 8 5 5 3 5 14 24 42 26 11 5 17 19 19 19 19 48 13 23 30 9 16 16 20 35 3 16 19 8 7 14 6 6 6 11 32 5 4 6 17 4 4 5 31 55 33
72 41 12 13 21 21 22 26 14 43 25 11 31 13 57 12 11 27 19 9 11 22 38 15 7 11 8 19 19 16 9 10 6 8 1 2 2 6 1 1 2 3 1 2 1 2 1 0 1 4 6 11 10 5 10 15 23 42 34 12 6 32 17 12 17 17 31 17 10 33 16 8 9 33 24 8 7 8 22 4 11 21 8 8 40 20 3 10 1 31 11 3 2 2 7 10
12 6 14 11 18 21 33 33 24 35 19 11 61 9 12 34 15 41 20 7 9 14 16 39 11 14 6 15 18 14 8 4 6 15 2 3 1 16 1 1 1 1 1 1 1 2 1 2 2 7 9 6 21 7 8 7 8 31 35 7 9 17 20 10 19 16 15 27 10 38 21 11 13 10 27 8 7 12 10 9 4 2 21 6 11 22 6 18 3 13 29 4 11 7 4 3
26 11 32 23 18 21 39 19 46 26 8 14 37 14 14 37 8 14 39 5 16 12 9 27 6 13 11 9 10 11 13 10 2 5 2 3 1 1 5 1 0 2 1 2 2 1 0 2 5 6 14 11 3 6 10 1 10 15 11 4 14 39 25 9 7 30 9 21 8 12 51 7 16 16 10 11 9 9 17 11 11 5 6 11 3 19 26 17 4 7 55 4 5 3 8 3
46 23 12 23 25 27 21 19 39 16 14 15 10 12 12 19 10 8 35 10 15 10 4 10 16 12 11 6 7 5 7 6 8 2 2 6 1 1 2 4 1 3 1 2 2 1 1 1 5 2 1 1 2 6 7 22 17 8 12 10 6 29 13 9 9 16 28 7 23 6 25 6 12 26 4 6 26 4 7 11 16 6 4 1 3 2 20 23 5 4 23 7 5 3 7 5
74 31 17 15 17 21 8 19 33 6 18 14 12 13 9 21 9 9 19 6 6 16 5 2 1 5 5 2 11 16 6 6 8 1 1 0 3 1 1 12 1 1 1 2 2 1 2 2 18 3 3 2 3 3 15 31 13 3 4 17 6 6 20 8 16 9 39 5 39 4 14 13 8 11 4 17 8 6 4 4 7 9 7 3 3 3 2 3 16 21 14 8 5 3 8 5
45 13 8 19 10 10 9 11 29 6 11 8 9 26 8 24 8 26 9 5 4 13 8 4 4 5 5 5 7 7 14 14 2 2 1 1 1 3 1 14 0 0 0 1 1 1 3 1 1 2 3 5 1 8 17 19 11 6 2 22 11 8 3 17 15 13 25 5 28 8 5 8 13 22 6 4 7 2 5 1 2 6 3 4 2 2 2 1 1 3 20 6 2 3 8 4
57 13 39 13 14 9 9 9 9 6 12 11 5 28 27 5 14 11 14 11 9 5 8 6 8 11 6 8 3 3 4 3 2 2 1 1 1 1 1 4 1 0 1 0 1 1 1 4 1 1 1 2 4 24 20 14 10 9 2 6 14 6 10 8 10 24 13 16 3 16 24 3 20 31 7 1 5 2 3 1 5 3 5 5 1 1 1 2 1 1 3 6 4 1 6 1
40 24 8 9 9 10 16 9 10 5 7 6 9 16 13 4 4 6 6 1 7 4 7 10 13 9 7 9 8 2 2 2 10 4 1 1 2 1 0 1 2 0 1 0 1 3 2 1 1 1 1 2 6 12 17 9 2 7 7 4 14 5 8 9 3 9 5 6 4 5 22 4 11 14 1 2 2 5 4 2 0 6 1 2 3 0 0 1 2 2 3 1 9 1 3 1
5 25 5 10 9 8 10 6 27 5 6 6 6 2 12 5 5 2 10 4 3 6 7 7 7 4 7 11 8 1 2 3 3 4 3 2 1 2 0 0 3 0 0 0 0 4 8 1 1 1 1 5 8 10 17 6 4 8 6 7 18 6 3 3 7 4 4 12 3 5 15 7 24 6 1 3 1 0 2 4 1 2 2 2 5 1 2 1 1 1 1 2 3 3 5 0
10 46 5 6 4 7 10 9 4 8 5 4 6 2 6 3 5 2 23 5 2 3 5 19 3 3 4 8 8 1 2 2 5 2 3 2 1 1 1 0 2 0 0 0 0 1 1 1 0 2 2 6 9 15 7 2 4 8 5 7 17 8 13 4 4 8 3 10 2 3 3 4 17 1 1 1 1 1 3 2 1 0 0 2 2 2 2 1 1 1 0 0 1 6 2 0
9 34 14 1 3 4 12 7 4 10 5 2 2 3 2 4 1 8 3 1 2 5 7 3 9 3 2 3 3 3 1 4 4 2 2 2 1 1 1 0 4 0 0 0 0 0 3 6 3 1 4 13 17 15 1 4 7 10 5 8 4 13 4 13 7 3 2 6 1 3 4 8 5 5 3 3 0 2 4 1 3 1 0 1 1 4 3 1 1 0 1 0 0 1 2 2
3 16 16 1 6 2 5 10 2 6 4 2 0 3 1 6 2 5 3 4 2 2 5 5 4 2 1 2 3 6 1 2 2 4 2 1 1 2 1 1 3 1 0 1 1 0 0 4 7 4 11 16 15 3 5 8 9 8 5 8 9 7 2 6 10 1 2 1 3 1 3 4 3 7 2 2 1 4 3 1 6 7 1 2 0 0 1 1 1 1 0 1 1 3 1 2
4 7 13 3 3 1 2 2 3 3 3 1 0 2 2 16 2 2 3 1 2 4 3 4 2 1 1 1 3 2 1 3 5 2 1 0 1 2 1 0 1 1 1 1 1 1 2 19 12 24 29 30 2 3 4 4 5 6 5 6 10 2 7 4 4 11 20 2 1 0 1 8 1 6 5 3 2 5 4 3 3 12 2 2 1 0 2 1 3 3 1 0 6 1 1 4
3 3 14 4 5 1 1 2 1 4 3 2 1 1 1 3 2 1 2 1 2 2 1 1 2 1 5 1 2 4 2 2 4 3 1 1 2 1 1 1 0 1 0 1 6 16 35 12 14 18 6 1 2 3 5 4 4 4 3 2 2 1 4 3 1 8 2 0 0 1 2 2 5 1 5 3 3 4 8 3 4 6 1 4 1 1 1 1 1 1 2 2 1 2 3 8
3 1 1 15 1 1 0 0 0 2 6 1 1 1 1 4 1 1 3 1 1 1 1 1 0 1 1 0 0 3 1 2 2 1 1 1 1 1 0 1 0 0 0 14 9 9 36 43 13 3 1 2 2 3 3 3 4 4 3 1 0 0 3 5 9 11 1 1 0 3 5 2 2 1 6 2 5 2 4 1 2 6 2 3 2 2 0 0 1 0 0 0 1 1 4 7
2 3 1 14 0 1 2 0 2 0 2 1 1 1 1 5 1 2 3 1 0 1 1 4 0 1 0 3 0 0 1 2 3 1 0 1 3 1 0 0 1 17 24 25 37 7 18 46 23 0 1 2 2 2 0 2 2 2 2 0 0 2 9 9 11 3 1 4 3 2 5 4 1 1 2 2 7 5 11 18 18 7 1 2 3 2 2 0 1 1 1 0 1 2 8 4
2 1 1 15 1 0 0 1 4 0 1 2 1 1 1 3 1 1 3 1 1 1 1 3 0 1 0 1 2 2 1 1 1 1 1 2 1 1 1 4 13 28 45 31 43 55 48 21 0 1 3 2 2 3 1 1 3 4 1 1 0 3 7 4 2 2 3 2 3 2 4 11 16 2 1 2 2 4 7 3 1 4 4 7 5 3 1 0 2 0 2 1 1 2 9 2
1 1 0 3 2 4 1 1 3 1 1 2 0 0 0 0 1 1 1 1 0 0 0 2 0 1 2 1 3 1 1 1 1 2 1 1 1 0 1 5 3 1 22 50 56 33 1 1 2 1 1 1 2 2 1 0 1 12 1 3 1 2 1 4 4 2 4 3 2 7 8 8 1 2 1 4 4 4 4 3 4 3 4 2 3 1 2 1 1 0 1 2 0 1 5 1
1 1 0 1 3 1 1 0 1 0 0 1 0 0 0 0 1 0 1 0 0 0 0 0 1 1 1 1 1 1 2 1 1 1 1 1 1 0 2 3 1 7 5 3 2 1 3 4 2 2 1 1 1 0 1 2 1 2 3 2 1 1 0 1 1 1 1 4 10 14 2 1 2 3 2 2 7 3 15 4 5 5 3 2 3 0 1 1 1 0 2 1 1 1 1 0
1 1 1 0 3 0 0 0 2 1 0 0 1 0 0 0 0 0 1 1 0 0 0 1 1 1 0 1 0 1 1 1 1 1 1 0 1 0 4 4 27 21 4 1 3 3 1 1 1 0 0 0 1 0 1 2 1 5 2 0 1 1 2 1 0 1 2 8 6 0 1 0 1 3 7 6 3 4 2 3 3 3 3 4 1 1 1 1 1 0 4 1 1 1 1 0
0 0 1 2 0 0 0 0 1 0 0 0 1 0 0 0 0 0 0 1 0 0 0 0 1 1 1 1 0 1 0 1 0 1 0 1 1 1 3 2 2 7 1 3 3 1 1 2 4 2 0 0 0 0 1 2 0 2 1 1 1 1 2 0 0 0 3 4 0 0 0 1 1 1 1 6 5 7 1 2 2 2 2 1 1 1 1 1 2 0 1 1 0 0 0 0
2 0 0 2 3 0 0 0 1 0 0 0 0 0 0 0 0 0 0 0 0 0 0 0 1 1 1 0 0 0 0 0 1 0 1 0 0 1 2 1 3 7 1 2 1 4 1 0 1 2 1 0 0 0 0 1 1 1 1 0 0 2 1 0 1 2 3 5 0 0 0 1 1 1 1 2 4 2 1 1 2 3 2 4 1 1 2 1 1 0 1 1 0 0 0 0
1 0 0 0 0 0 0 0 0 0 0 0 0 0 0 0 0 0 0 0 0 0 0 1 0 0 1 0 0 0 0 0 0 0 1 1 1 9 2 19 17 5 1 0 0 2 2 1 1 2 1 1 0 0 1 0 2 1 0 0 0 1 1 1 2 3 3 4 0 1 1 2 5 0 1 2 1 1 1 1 2 1 1 0 1 3 1 1 0 0 0 0 0 0 0 0
0 0 0 0 0 1 0 0 0 0 0 0 0 0 0 0 0 0 1 0 0 0 0 1 0 0 0 0 0 0 0 0 0 0 0 1 2 5 14 7 3 16 2 0 1 1 0 0 0 1 1 1 0 0 1 1 0 3 0 0 0 2 1 0 1 3 1 3 1 1 1 1 2 0 0 1 1 2 1 1 0 0 0 0 0 1 0 0 0 0 0 0 0 0 0 0
0 1 1 0 0 0 0 0 0 0 0 0 0 0 0 0 0 0 0 0 0 0 0 0 0 0 0 0 0 0 0 0 0 0 1 7 12 24 42 6 1 0 2 2 1 0 1 5 1 2 3 0 1 1 1 1 0 1 0 1 0 2 0 1 1 1 1 3 1 1 1 1 1 0 0 0 1 1 3 1 0 0 0 1 0 0 0 0 0 0 0 0 0 0 0 0
