sesion_6_simulaciones/modelos_agentes/ejemplos_netlogo/scenarios/echam4_a2/rob_2050.asc
NCOLS 322 
NROWS 307 
XLLCORNER 451900 
YLLCORNER 4086900 
CELLSIZE 100 
NODATA_value -9999 
[rows 148 to 221 of 307, columns 0 to 95 of 322]
0 10 8 7 13 21 18 11 3 2 4 50 40 43 38 45 62 44 31 47 17 26 6 3 0 1 0 1 0 0 2 0 1 2 1 2 1 2 2 2 12 14 13 10 17 8 21 20 12 22 12 15 27 10 19 32 29 15 9 29 40 43 34 25 38 52 56 35 42 71 67 60 36 45 66 77 24 20 19 35 32 26 11 15 47 34 10 6 25 20 16 20 33 30 17 33
4 11 12 16 25 30 19 34 30 7 10 28 39 60 61 66 76 42 50 45 46 35 7 14 2 1 0 0 0 1 5 3 0 1 0 1 1 2 2 4 7 5 3 7 16 56 27 20 9 10 8 20 23 21 6 6 7 4 29 23 21 57 36 26 37 61 57 57 58 68 40 20 15 50 37 30 59 13 14 39 33 19 25 16 8 36 15 9 6 11 4 23 13 31 19 7
2 1 4 26 15 41 33 7 19 32 13 20 73 74 73 45 77 64 63 68 48 15 10 6 7 4 0 2 1 1 1 5 2 4 6 4 1 4 5 5 3 3 7 31 46 28 17 13 10 9 10 13 14 13 26 19 25 26 29 30 45 56 30 27 60 59 68 73 52 13 56 35 32 44 64 25 29 9 3 9 21 21 15 25 10 12 30 18 7 9 6 4 8 10 15 4
1 2 3 2 4 3 4 5 8 7 20 8 25 62 61 52 78 74 68 16 6 6 16 14 27 13 4 1 1 0 1 2 23 15 17 26 35 4 2 5 15 19 44 36 11 12 5 13 8 6 15 14 15 13 16 14 32 35 36 40 61 52 49 34 58 75 63 49 76 40 19 56 58 29 32 12 23 40 18 8 10 17 19 10 14 7 10 28 19 9 7 3 2 7 10 10
11 2 2 2 3 3 4 8 9 13 8 26 13 7 5 6 8 7 14 17 11 36 35 29 47 12 32 7 7 7 4 4 16 1 0 0 4 34 3 2 14 8 16 21 18 30 31 40 17 8 15 16 21 18 6 18 24 57 33 56 58 63 73 88 85 71 65 40 42 85 41 34 32 38 21 6 11 10 34 22 10 11 19 14 8 12 8 9 23 7 5 4 1 2 5 4
13 10 8 5 6 3 4 11 1 5 21 16 14 20 13 13 9 22 33 47 73 49 72 41 35 16 13 11 9 26 13 1 1 2 2 0 2 3 15 3 1 46 7 10 16 11 5 10 25 15 25 32 30 22 8 14 23 43 68 57 78 67 79 78 78 78 69 24 36 69 73 54 35 21 28 17 12 9 17 12 18 11 10 15 9 8 6 6 30 14 3 2 3 1 4 5
37 18 33 21 16 14 21 4 6 4 7 11 13 37 37 13 5 19 50 54 69 83 61 77 51 35 45 40 17 20 52 29 10 1 3 4 8 6 6 15 2 30 11 9 24 3 7 11 7 28 34 46 56 42 41 22 29 46 66 65 48 39 75 78 75 67 67 50 34 50 78 26 32 19 12 9 17 5 16 31 11 15 12 6 6 4 5 4 8 5 9 3 1 1 1 1
52 38 52 27 38 24 19 26 5 4 9 6 35 25 10 27 20 15 13 52 68 59 53 63 44 37 47 39 19 5 20 63 56 33 23 8 9 11 12 16 7 27 56 18 23 13 6 6 7 14 13 16 33 9 14 43 31 58 43 24 23 25 30 54 53 21 32 19 48 60 55 49 24 18 22 8 9 11 11 20 16 9 12 9 5 4 3 4 3 3 5 6 3 2 1 1
25 47 38 61 67 41 18 58 11 5 8 9 10 12 29 32 21 33 23 14 18 50 59 19 31 54 26 58 31 6 6 8 34 62 45 22 15 12 10 15 15 32 60 13 21 22 17 23 27 30 28 34 23 23 28 25 41 70 54 50 53 49 24 15 8 25 22 25 19 31 33 50 54 25 12 6 8 10 13 17 17 25 5 7 3 3 2 1 2 3 3 1 5 1 0 1
58 75 57 77 61 20 49 72 20 18 22 8 31 55 43 22 44 31 29 16 19 19 14 49 32 13 20 51 61 20 16 12 8 55 51 43 47 37 34 44 37 21 61 60 22 17 25 30 30 31 42 58 28 43 49 26 20 43 53 41 37 25 14 23 22 7 3 15 34 37 38 47 21 23 11 9 12 10 16 11 13 9 11 4 3 2 1 1 1 1 2 1 2 2 1 0
40 78 33 78 34 63 63 67 14 31 35 17 13 10 28 30 34 62 56 67 23 15 21 20 22 20 29 73 28 72 24 37 29 52 21 43 43 74 43 33 43 21 47 62 67 25 21 18 41 29 29 24 19 41 48 24 40 73 71 74 35 46 52 40 35 15 13 19 25 26 24 31 23 12 19 5 9 14 12 12 7 5 6 5 1 1 1 0 0 1 1 1 1 1 1 1
12 69 49 64 62 70 66 21 31 53 47 30 24 16 15 10 14 27 28 64 38 11 18 22 60 60 55 63 24 68 69 22 23 31 59 66 53 76 85 48 40 14 24 59 65 52 45 27 41 13 10 16 50 47 36 31 39 30 24 26 21 37 56 48 45 31 28 26 19 21 21 19 13 17 5 7 7 9 5 4 4 3 2 3 4 2 1 2 1 1 0 1 1 1 1 0
13 12 9 50 65 65 22 27 64 36 55 66 48 35 18 23 30 29 37 20 30 49 43 15 49 53 61 67 68 34 82 77 34 14 35 77 73 58 52 63 65 16 28 63 77 80 38 32 35 33 24 20 70 35 81 82 81 68 82 70 49 28 35 32 32 27 27 27 21 12 12 18 14 14 6 10 5 5 4 5 2 2 2 3 2 1 2 2 1 1 1 0 0 1 0 0
12 53 32 24 16 40 33 72 74 47 46 60 27 46 14 30 23 25 37 25 31 34 34 15 60 69 62 83 76 58 74 85 76 44 36 11 29 57 41 21 30 20 12 80 81 76 60 62 49 63 84 90 77 49 43 76 68 37 40 59 57 37 47 35 30 22 19 31 21 9 10 10 11 10 6 7 5 5 3 3 2 2 1 1 1 1 1 1 0 0 1 0 0 0 0 0
35 41 29 49 39 18 51 81 70 75 13 45 62 58 72 35 54 24 20 19 21 11 39 62 82 59 83 88 73 73 49 63 79 51 49 26 56 74 81 82 64 47 29 40 81 67 55 86 56 59 80 79 85 55 35 81 87 58 42 30 69 68 26 54 33 28 16 16 15 11 12 9 7 5 5 5 4 3 2 1 1 1 1 1 1 0 1 0 0 0 0 0 0 0 0 0
27 28 57 32 27 10 43 66 49 78 28 40 71 56 72 51 27 43 32 48 51 54 17 52 67 73 82 84 60 82 66 81 71 73 71 75 68 77 81 73 17 57 64 31 13 49 57 77 59 52 73 69 72 76 40 50 74 90 63 46 55 34 34 31 34 42 37 26 14 7 13 6 4 3 3 1 2 1 1 0 0 1 1 0 0 0 0 0 0 0 0 0 0 0 0 0
23 17 9 25 37 36 14 78 28 27 29 46 54 12 41 56 32 38 31 64 63 36 35 18 52 83 76 83 64 86 71 72 65 57 68 71 82 75 76 82 76 54 22 20 8 12 57 69 49 22 35 68 75 79 75 81 83 79 86 46 31 37 31 37 31 30 36 14 9 14 6 4 3 3 1 1 0 0 1 1 1 1 0 0 0 1 1 1 2 0 1 3 1 2 2 1
10 22 41 32 19 14 15 35 42 39 62 55 64 63 29 51 38 56 20 16 35 70 44 27 13 31 35 69 68 39 16 19 15 32 30 29 71 51 55 67 70 59 47 19 7 12 56 57 45 36 27 23 48 78 77 70 56 56 78 73 33 21 28 28 31 26 12 16 9 3 3 4 3 2 1 1 0 0 0 0 1 2 1 2 4 5 6 6 2 2 3 6 5 8 7 2
22 15 15 14 25 19 23 19 21 19 38 67 66 72 19 18 27 60 61 40 32 27 47 16 30 39 31 31 20 27 43 32 44 40 61 34 29 26 23 25 20 37 27 13 13 18 43 48 57 35 34 31 8 43 39 49 51 61 40 55 47 22 43 41 32 16 14 8 7 5 3 3 1 1 1 1 0 0 0 1 6 8 5 9 11 14 12 18 11 12 29 28 12 19 8 4
12 14 20 43 35 38 34 28 32 32 44 10 16 21 32 41 28 18 62 64 55 30 31 11 30 58 56 46 32 36 55 61 33 62 32 26 27 35 37 34 23 14 21 20 34 34 56 53 57 47 31 16 18 17 23 49 21 15 12 36 20 26 23 13 19 10 5 8 6 2 2 1 1 1 2 2 2 0 5 7 16 17 17 22 24 39 37 23 21 25 7 3 4 4 4 12
18 24 42 23 23 31 30 21 38 59 17 23 45 42 25 45 9 14 19 27 35 24 20 19 35 30 48 41 63 25 55 44 37 43 30 27 38 60 29 58 36 19 14 12 14 23 33 48 40 41 26 40 37 24 31 29 28 20 23 28 46 37 19 6 7 7 6 2 3 1 1 10 9 4 4 6 2 4 13 29 46 35 37 59 48 40 37 23 31 27 9 2 1 1 2 8
38 59 56 62 28 24 27 23 41 48 28 30 45 43 39 22 26 24 40 40 26 31 36 22 34 30 27 48 26 32 46 43 46 37 27 30 25 49 25 58 42 32 24 9 6 4 20 22 65 63 37 30 62 32 16 37 43 52 42 29 33 17 8 5 6 4 1 2 5 4 10 17 21 7 11 14 6 15 37 45 62 78 38 64 40 37 26 26 21 17 9 6 1 1 1 1
12 11 7 10 15 14 42 37 55 30 35 18 33 51 20 9 17 21 25 22 13 10 9 21 30 25 22 29 36 41 38 38 23 30 22 10 34 25 42 57 34 37 51 25 27 13 8 22 24 51 34 44 34 15 17 30 30 23 15 9 7 5 2 1 1 0 4 11 20 15 25 37 34 20 31 20 10 24 52 56 81 59 39 31 17 3 3 12 4 5 3 2 2 0 0 2
16 26 19 35 29 38 24 36 36 32 12 16 27 34 42 36 41 18 16 16 20 6 10 28 56 45 28 25 39 22 18 36 67 36 22 13 33 20 57 21 50 31 39 35 22 12 17 20 12 27 36 29 12 20 17 14 36 13 7 5 3 9 9 15 5 10 17 32 32 32 34 46 32 30 34 28 24 40 59 70 68 47 23 14 10 4 4 3 6 2 1 1 1 0 0 0
12 13 14 31 48 14 17 23 21 29 25 18 42 28 59 40 30 48 38 27 55 25 31 25 48 57 30 53 19 26 37 25 55 54 31 21 25 36 38 18 23 23 34 39 16 26 18 11 12 17 18 25 20 19 18 15 8 3 3 14 13 26 26 25 16 18 35 43 59 59 41 56 54 52 37 48 53 60 63 62 51 59 28 15 6 7 4 2 9 3 1 0 0 0 0 1
15 10 18 30 16 17 16 31 39 29 38 46 40 30 24 24 63 60 35 39 40 30 47 24 32 50 61 40 20 21 15 19 20 19 32 42 12 16 45 40 35 42 31 21 32 22 22 20 13 18 19 22 32 23 11 8 10 15 21 40 34 32 45 32 25 42 47 48 65 50 56 65 76 44 48 56 64 70 78 53 21 15 14 15 10 5 3 1 1 1 1 0 0 0 0 0
11 20 25 19 9 47 35 26 52 64 70 64 58 65 36 19 23 44 38 47 12 32 58 28 35 29 48 62 38 54 36 29 23 25 43 55 22 35 43 52 45 11 12 22 17 21 11 10 18 23 23 38 26 18 22 13 19 24 44 41 39 39 51 39 34 45 56 41 69 63 51 77 63 48 57 76 65 67 27 78 48 43 15 8 9 5 3 3 1 1 0 0 0 0 0 0
11 14 19 15 10 10 17 28 26 37 50 68 50 50 62 21 33 30 21 20 23 52 58 37 20 26 15 36 23 29 23 24 37 34 51 43 24 40 52 50 38 19 8 8 15 16 20 34 19 20 36 25 19 37 22 19 29 48 49 57 50 48 50 39 41 67 69 56 72 70 69 69 83 81 57 62 68 66 26 19 38 47 25 16 5 3 3 3 1 1 0 0 0 0 0 0
10 10 34 11 26 8 15 13 27 34 14 17 15 15 25 37 35 32 60 26 40 57 36 47 13 47 22 47 21 17 26 31 31 28 37 30 31 30 44 46 36 17 6 13 16 17 24 25 25 25 27 40 27 22 21 36 47 47 46 50 48 36 56 52 55 72 69 69 67 84 76 70 64 74 28 26 17 45 51 28 13 27 12 7 4 3 3 1 0 1 1 0 0 0 0 0
11 32 26 57 7 53 44 6 27 20 35 20 47 27 37 31 36 26 25 29 18 42 20 32 23 19 23 26 13 31 33 27 28 31 32 21 27 20 29 45 31 25 25 32 41 18 29 20 37 48 44 57 41 26 40 44 47 57 39 45 64 51 64 67 58 72 56 76 39 57 82 80 77 62 75 57 39 15 10 20 13 8 16 12 9 6 4 5 2 0 0 0 0 0 0 0
50 28 11 24 45 22 12 26 27 31 19 36 20 19 48 26 27 6 24 33 29 11 22 27 19 13 18 7 13 8 11 22 21 50 15 17 18 27 27 11 19 31 13 19 16 27 13 28 42 55 50 48 42 40 38 58 48 57 55 48 56 64 56 61 66 73 53 51 78 39 76 78 57 72 77 81 63 57 51 31 23 13 4 2 5 7 3 3 1 1 0 0 0 0 0 0
33 71 29 39 9 17 13 25 18 18 41 13 20 43 49 56 59 20 21 44 24 16 7 12 28 9 12 10 10 6 8 23 27 26 11 16 16 15 41 28 18 30 15 52 26 25 29 23 48 54 40 37 39 39 37 43 64 57 52 71 69 78 62 54 65 28 45 42 43 51 37 68 44 56 70 75 77 85 67 49 44 49 44 20 4 3 3 3 1 1 0 0 0 0 0 0
12 22 14 14 29 34 18 15 19 25 32 17 37 18 12 15 11 18 21 30 44 13 22 14 16 9 9 4 7 11 13 20 14 13 14 11 16 29 37 28 17 14 29 54 15 40 29 34 42 62 32 36 37 37 36 43 58 67 52 66 79 51 43 73 73 65 48 29 20 7 16 18 28 30 55 66 59 65 68 44 63 45 32 9 5 6 4 2 2 1 0 0 0 0 0 0
11 13 28 20 19 28 22 13 5 22 3 6 15 18 51 23 41 16 17 18 29 15 11 15 12 12 16 7 5 6 14 9 11 19 4 5 10 35 19 18 11 21 22 37 32 26 32 37 48 40 27 42 31 33 47 35 60 73 75 61 65 73 31 15 13 20 27 46 38 27 13 10 5 14 24 47 37 59 72 31 44 61 29 14 9 4 3 3 2 1 0 0 0 0 0 0
7 35 19 10 11 15 12 8 4 5 7 10 9 24 25 17 25 25 24 24 15 29 8 22 11 11 20 4 4 9 5 7 16 10 13 20 23 39 6 6 14 29 26 38 32 22 26 28 35 24 44 58 46 53 53 49 62 59 59 40 42 60 28 28 52 66 72 56 54 39 32 40 11 4 8 28 24 50 63 46 28 26 20 12 7 5 5 2 2 1 1 1 0 0 0 0
7 14 13 13 13 12 10 5 2 1 3 8 15 6 12 18 16 22 9 5 4 4 8 4 4 16 10 4 8 6 4 4 11 6 3 7 13 17 12 13 18 19 37 40 17 21 30 27 40 39 61 76 58 77 71 84 70 61 68 41 29 12 64 52 20 53 71 56 60 60 58 36 16 13 5 6 6 16 41 20 14 6 4 8 2 4 1 1 1 2 1 1 0 0 0 0
14 2 4 11 2 7 3 1 1 1 1 1 2 3 13 6 4 6 10 4 4 2 3 3 2 4 3 5 7 3 1 1 2 5 5 3 14 9 6 13 21 43 66 80 64 63 48 44 44 26 76 43 81 73 59 67 42 48 65 74 27 24 22 77 34 31 48 67 52 45 65 65 66 32 19 6 2 1 2 2 2 2 2 4 4 1 1 0 0 1 1 1 0 0 0 0
1 1 3 2 2 2 1 0 0 2 6 0 1 2 2 6 5 4 5 3 3 3 4 4 1 1 2 3 2 1 0 1 1 9 29 29 40 50 62 66 67 79 54 81 70 77 74 20 51 66 35 33 61 59 65 68 45 71 74 57 52 36 17 51 73 28 10 32 59 73 59 53 26 24 28 19 7 3 3 1 2 2 2 1 3 3 1 1 0 0 0 0 0 0 0 0
0 1 2 1 1 0 3 15 25 4 7 6 15 1 1 3 3 1 2 2 2 1 1 1 1 1 6 8 8 1 0 2 2 2 4 26 43 59 57 60 58 76 56 58 76 77 77 39 30 34 80 57 27 53 23 36 33 70 83 66 54 45 30 29 82 40 37 18 36 52 76 20 9 17 18 28 17 13 9 4 2 1 1 1 1 2 1 0 0 0 0 0 0 0 0 0
2 3 2 3 4 11 18 8 11 13 14 6 7 5 2 1 1 1 1 1 0 1 7 5 15 14 4 2 7 1 1 8 5 3 5 7 12 55 61 67 52 43 38 38 65 79 86 86 35 37 56 62 42 26 49 17 50 57 78 73 24 36 28 15 79 57 26 22 20 67 68 79 37 27 18 9 6 4 3 3 5 3 2 1 1 0 1 1 0 0 0 0 0 0 0 0
8 7 4 26 15 19 24 37 35 34 14 13 15 6 4 1 1 1 0 1 1 1 0 1 2 4 12 10 2 3 3 3 5 11 2 7 22 45 54 69 57 33 22 32 47 77 85 83 88 83 33 43 40 38 24 16 34 57 70 74 27 31 37 29 50 84 58 35 18 10 12 33 14 17 10 23 13 4 3 2 2 1 2 1 0 0 0 1 0 0 0 0 0 0 0 0
9 16 21 24 35 32 45 26 53 45 23 41 31 11 32 17 14 6 2 0 0 0 0 0 1 2 4 16 2 2 4 2 11 8 14 15 12 12 6 4 52 53 20 37 28 35 61 65 82 87 79 50 50 63 38 48 31 63 76 63 66 24 43 34 22 76 87 63 41 13 7 9 31 18 10 8 12 12 4 3 1 1 1 1 1 0 0 1 0 1 0 0 0 0 0 0
1 2 5 31 49 36 71 72 74 71 56 52 28 44 58 42 21 8 14 4 2 1 1 2 2 7 15 5 4 5 3 10 22 11 15 24 21 18 14 13 12 25 23 24 16 34 68 43 69 80 89 57 48 46 58 53 11 53 68 67 64 45 30 28 14 65 76 76 46 39 7 3 21 37 13 3 3 2 5 1 2 1 1 1 1 0 0 0 0 0 0 0 0 0 0 0
4 6 10 49 55 68 71 63 58 78 84 60 69 65 67 53 28 31 25 17 6 1 4 6 17 47 36 6 2 5 6 10 8 13 8 18 20 24 31 19 12 13 13 11 28 34 51 45 15 65 79 85 45 35 43 22 17 13 40 48 80 73 17 19 34 43 44 70 23 34 21 4 4 18 13 7 4 3 4 3 1 1 0 0 0 1 0 0 0 0 0 0 0 0 0 0
2 4 4 4 5 7 24 34 36 14 41 75 87 79 74 42 37 58 34 21 28 4 5 3 3 5 34 48 10 3 7 11 11 23 18 15 23 23 37 22 30 40 33 25 19 11 56 58 44 31 56 76 60 30 14 12 30 11 17 43 40 37 26 19 20 32 17 65 18 23 15 16 2 7 8 11 7 5 4 3 2 1 0 0 0 0 0 0 0 0 0 0 0 0 0 0
1 2 5 17 21 28 66 29 30 22 27 20 62 82 86 66 60 60 28 35 16 28 11 22 16 6 4 7 11 6 2 10 18 35 11 13 10 19 33 30 26 27 21 22 36 32 31 12 36 63 36 46 12 15 8 22 18 25 18 19 39 46 31 23 9 10 10 42 48 11 5 9 9 2 4 3 7 2 2 1 1 1 1 1 0 0 0 0 0 0 0 0 0 0 0 0
1 4 2 3 9 7 16 21 17 30 17 5 15 41 65 78 76 29 8 8 9 36 21 35 20 16 11 5 4 10 6 47 35 14 51 25 26 28 33 22 28 44 53 40 47 31 38 21 23 18 64 41 32 21 14 10 19 22 15 17 31 49 31 16 15 9 16 30 49 26 9 4 12 6 3 1 1 3 2 1 1 1 1 1 0 0 0 0 0 0 0 0 0 0 0 0
4 1 2 6 14 17 11 12 16 24 31 22 43 18 17 25 38 21 12 20 41 11 15 30 60 58 8 12 6 46 21 21 54 43 63 25 69 33 24 24 28 30 29 41 33 36 36 25 23 23 21 31 21 21 25 17 14 19 9 4 9 14 24 18 20 11 9 14 20 24 10 11 12 4 5 2 1 2 2 1 1 0 0 0 0 0 0 0 0 0 0 0 0 0 0 0
18 4 15 5 6 14 13 21 28 36 23 26 10 31 42 25 33 26 14 24 7 30 28 19 8 23 27 38 36 7 15 39 35 15 26 26 13 53 21 29 30 39 19 27 18 20 18 26 31 29 16 8 31 34 22 28 17 13 11 10 6 10 23 11 9 9 5 7 11 18 4 6 4 2 2 2 1 1 1 1 1 1 0 0 0 0 0 0 0 0 0 0 0 0 0 0
31 26 2 3 14 5 30 54 16 15 30 26 24 49 17 33 15 14 9 7 13 22 21 23 20 12 17 20 10 18 7 44 22 38 35 52 11 23 42 15 21 38 31 41 39 15 22 25 19 27 11 19 5 13 10 35 10 14 10 17 10 9 3 3 2 1 1 2 4 4 2 1 4 2 1 3 2 1 1 1 0 0 0 0 0 0 0 0 0 0 0 0 0 0 0 0
33 26 55 11 10 28 5 5 36 39 13 35 15 43 17 34 29 18 15 27 36 44 24 12 24 26 18 24 50 51 36 9 9 15 36 25 23 6 49 36 34 27 13 18 34 31 20 12 21 25 16 5 31 17 10 30 17 6 9 5 4 6 3 2 1 1 0 0 2 4 4 1 1 2 2 2 2 1 3 1 0 0 0 0 0 0 0 0 0 0 0 0 0 0 0 0
17 33 47 29 5 4 29 11 3 10 25 17 8 14 30 21 13 8 14 18 31 30 59 40 31 29 27 25 58 68 40 25 11 25 40 33 49 22 7 52 25 36 35 30 17 15 20 27 21 21 9 4 7 3 3 11 7 6 5 2 3 5 3 2 2 1 1 0 0 1 2 1 2 2 3 4 3 2 1 1 0 0 0 0 0 0 0 0 0 0 0 0 0 0 0 0
40 32 64 41 49 17 5 52 13 20 51 15 33 26 13 39 13 12 13 12 11 25 44 38 32 38 34 31 46 71 73 49 23 18 61 50 52 33 15 27 66 25 23 55 34 34 24 29 28 12 6 3 2 3 3 3 6 4 2 1 1 2 2 3 1 1 0 0 0 0 0 1 1 0 1 1 1 2 1 0 0 0 0 0 0 0 0 0 0 0 0 0 0 0 0 0
46 36 29 53 26 33 41 13 61 33 49 65 44 51 34 18 18 16 22 45 18 38 61 52 34 36 38 28 19 23 66 55 37 27 25 59 39 28 22 14 20 50 16 15 17 19 22 29 41 20 26 8 4 3 2 2 2 2 2 5 2 1 1 1 0 0 0 0 0 0 0 0 0 0 0 1 1 0 1 0 0 0 0 0 0 0 0 0 0 0 0 0 0 0 0 0
18 59 50 59 45 54 65 52 30 23 13 9 19 13 17 45 30 19 37 10 56 23 66 72 36 39 41 26 16 7 14 42 60 38 14 38 49 21 44 33 25 14 39 41 21 20 33 21 28 13 29 9 4 3 2 1 2 1 1 2 2 1 0 0 0 0 0 0 0 0 0 0 0 0 0 0 0 0 0 0 0 0 0 0 0 0 0 0 0 0 0 0 0 0 0 0
14 16 6 27 30 6 10 6 30 22 43 43 43 47 20 23 45 40 37 34 26 20 58 82 59 50 46 47 27 9 8 9 52 34 37 32 53 18 46 49 34 15 12 37 27 33 24 20 23 8 2 3 5 4 3 2 1 0 0 0 1 0 0 0 0 0 0 0 0 0 0 0 0 0 0 0 0 0 0 0 0 0 0 0 0 0 0 0 0 0 0 0 0 0 0 0
12 23 17 8 9 21 15 14 15 38 22 35 27 15 24 42 19 15 25 43 24 71 42 66 71 51 59 50 51 23 10 12 8 26 36 39 46 21 46 28 33 34 24 19 33 21 21 33 23 15 10 4 5 2 2 1 1 0 0 0 0 0 0 0 0 0 0 0 0 0 0 0 0 0 0 0 0 0 0 0 0 0 0 0 0 0 0 0 0 0 0 0 0 0 0 0
28 19 21 12 21 37 20 14 27 28 13 22 24 11 25 42 26 30 18 21 60 43 32 28 74 47 19 16 16 11 13 6 14 6 12 18 79 59 29 42 28 15 24 26 15 27 15 16 30 26 18 7 4 2 1 1 0 0 0 0 1 1 0 0 0 0 0 0 0 0 0 0 0 0 0 0 0 0 0 0 0 0 0 0 0 0 0 0 0 0 0 0 0 0 0 0
13 9 10 9 4 12 12 14 8 6 23 19 23 7 16 29 19 28 37 69 43 30 39 57 76 65 29 22 22 25 22 22 9 12 14 9 6 8 25 25 18 32 13 23 18 29 28 15 32 15 18 14 6 3 1 0 0 0 0 1 1 3 2 2 0 0 0 0 0 0 0 0 0 0 0 0 0 0 0 0 0 0 0 0 0 0 0 0 0 0 0 0 0 0 0 0
6 4 9 4 9 7 8 6 3 3 5 9 14 19 15 18 15 30 31 22 26 28 14 8 16 15 12 18 41 42 24 47 35 13 10 7 9 8 7 20 16 32 23 11 29 18 26 18 15 7 9 7 4 3 1 1 1 1 2 3 4 3 2 2 1 0 1 1 1 0 0 0 0 0 0 0 0 0 0 0 0 0 0 0 0 0 0 0 0 0 0 0 0 0 0 0
9 4 7 1 4 3 9 16 38 34 32 3 6 15 14 7 14 31 51 35 42 16 25 19 13 17 45 26 30 39 52 38 23 23 27 5 3 4 7 11 10 16 24 25 23 20 13 9 18 8 5 3 2 1 1 2 1 3 5 4 6 5 4 3 2 1 1 2 2 1 1 0 0 0 0 0 0 0 0 0 0 0 0 0 0 0 0 0 0 0 0 0 0 0 0 0
2 2 1 1 10 11 3 21 55 59 42 41 21 8 15 24 21 37 38 19 12 16 34 27 23 25 39 18 9 27 23 16 7 14 24 14 6 5 11 6 4 8 7 8 12 13 13 7 10 6 3 1 2 3 5 5 4 6 8 8 4 7 8 5 8 2 3 3 2 2 0 0 0 0 0 0 0 0 0 0 0 0 0 0 0 0 0 0 0 0 0 0 0 0 0 0
1 3 8 9 13 10 24 21 5 20 49 46 43 54 57 48 74 41 33 39 11 8 32 19 23 33 19 17 11 12 24 25 25 18 26 12 9 19 22 7 4 18 9 12 8 4 11 5 4 3 2 3 6 12 12 12 8 7 8 8 6 12 13 16 12 7 4 3 3 2 1 1 2 1 0 0 0 0 0 0 0 0 0 0 0 0 0 0 0 0 0 0 0 0 0 0
5 1 1 4 26 28 38 72 62 35 42 70 61 45 72 54 81 80 76 53 25 44 7 9 9 8 29 33 34 45 15 53 51 25 9 12 5 15 15 8 22 11 9 7 10 5 7 5 4 3 7 8 19 31 29 17 23 11 13 13 8 18 18 19 13 9 6 5 5 4 2 1 0 0 0 0 0 0 0 0 0 0 0 0 0 0 0 0 0 0 0 0 0 0 0 0
8 9 25 5 4 25 45 64 71 33 28 76 39 35 71 47 45 23 41 56 16 28 20 16 11 18 24 33 33 53 25 16 15 35 20 19 7 28 13 12 17 24 18 16 18 25 21 14 4 17 26 25 29 45 46 39 16 10 32 20 15 20 21 14 18 19 3 11 9 4 2 1 1 0 0 0 1 0 0 0 0 0 0 0 0 0 0 0 0 0 0 0 0 0 0 0
29 9 17 44 21 10 12 22 24 65 20 67 43 43 64 30 12 20 34 21 15 8 22 13 19 32 32 16 11 34 24 16 8 6 9 8 22 25 12 8 39 40 21 45 36 17 15 8 7 22 42 41 42 71 36 28 24 12 49 20 17 23 34 35 23 15 11 13 5 2 2 1 1 1 1 1 1 0 0 0 0 0 0 0 0 0 0 0 0 0 0 0 0 0 0 0
54 50 18 44 52 69 62 34 12 14 44 76 64 21 68 27 29 21 34 22 11 9 31 14 29 25 28 24 20 16 10 13 14 20 25 16 31 7 12 22 39 40 49 51 29 14 7 13 27 21 37 59 72 39 27 36 34 19 59 26 50 19 39 19 17 41 19 7 11 4 2 2 5 4 1 0 0 1 0 0 0 0 0 0 0 0 0 0 0 0 0 0 0 0 0 0
50 64 66 55 59 81 66 84 59 10 34 66 10 23 50 45 31 13 48 8 9 8 17 10 43 29 16 13 13 4 3 13 23 15 35 12 42 10 29 27 56 57 65 28 25 16 16 32 44 40 38 64 61 39 46 60 48 32 68 61 34 41 33 40 54 33 22 16 8 3 3 15 4 0 1 1 0 0 0 0 0 0 0 0 0 0 0 0 0 0 0 0 0 0 0 0
52 75 75 80 75 72 80 82 68 38 31 31 39 13 50 36 26 18 12 8 7 10 26 14 21 18 16 35 26 24 27 28 18 9 12 25 56 26 31 41 67 67 48 30 16 28 29 60 68 49 42 64 51 37 51 72 35 58 61 57 61 27 38 70 64 35 24 11 13 12 7 6 3 2 1 0 0 0 0 0 0 0 0 0 0 0 0 0 0 0 0 0 0 0 0 1
10 69 81 66 78 31 59 72 71 69 60 65 45 11 52 72 44 16 20 14 7 16 24 15 12 16 28 8 12 13 5 12 9 25 55 35 54 25 26 42 66 46 24 12 26 50 45 50 75 56 61 64 33 56 71 64 31 58 43 70 58 63 69 57 42 23 25 10 4 2 1 1 0 0 0 0 0 0 0 0 0 0 0 0 0 0 0 0 0 0 0 0 0 0 0 1
23 23 48 19 9 11 17 15 20 9 13 28 59 16 10 49 61 44 33 27 14 12 8 10 28 8 17 17 44 38 8 20 24 27 66 66 74 39 27 53 47 23 15 31 56 56 49 51 75 55 65 76 65 60 78 62 63 38 61 66 44 66 50 19 7 8 4 7 12 8 7 4 5 1 0 0 0 0 0 0 0 0 0 0 0 0 0 0 0 0 0 0 0 0 1 1
23 22 9 14 23 49 52 20 25 5 11 12 7 3 14 7 11 18 9 7 5 26 13 16 7 28 24 32 18 28 26 48 39 40 65 74 57 48 42 58 29 28 29 49 60 57 66 43 64 74 68 83 87 71 65 82 82 64 81 77 75 81 58 61 36 29 24 17 7 2 2 2 1 1 1 1 0 0 0 0 0 0 0 0 0 0 0 0 0 0 0 0 0 0 1 2
39 42 30 30 47 56 60 46 18 15 26 17 20 14 14 19 15 5 5 8 11 32 13 14 27 31 15 58 51 38 51 59 50 53 66 39 25 40 23 54 42 34 35 49 62 68 73 62 69 78 69 80 78 77 32 45 77 83 82 66 25 18 37 27 54 26 16 21 5 2 1 1 2 1 0 0 0 0 0 0 0 0 0 0 0 0 0 0 0 0 0 0 0 0 1 1
26 6 32 38 49 43 51 31 8 17 17 23 46 35 16 17 7 12 10 11 3 7 46 30 19 6 12 32 42 34 34 45 61 37 64 24 37 28 10 52 40 40 50 63 62 77 79 64 82 87 65 45 46 36 23 22 58 66 54 33 39 27 24 32 20 15 12 5 9 4 3 1 1 1 0 0 0 0 0 0 0 0 0 0 0 0 0 1 1 0 0 0 0 1 1 1
