sesion_6_simulaciones/modelos_agentes/ejemplos_netlogo/scenarios/cgcm2_a2/rob_2091.asc
NCOLS 322 
NROWS 307 
XLLCORNER 451900 
YLLCORNER 4086900 
CELLSIZE 100 
NODATA_value -9999 
[rows 222 to 295 of 307, columns 96 to 191 of 322]
12 6 5 3 1 2 0 0 0 0 0 0 0 0 0 0 0 0 0 0 0 1 1 1 1 3 11 19 8 4 5 10 13 16 3 2 0 0 0 1 2 3 4 11 12 17 24 41 44 42 41 38 38 40 35 30 30 36 51 52 50 47 16 28 4 11 10 11 16 13 8 10 6 8 13 10 9 2 2 1 6 5 7 6 10 5 20 31 47 24 22 31 21 18 28 20
9 3 2 2 1 1 0 0 0 0 0 0 0 0 0 0 0 1 0 1 1 1 1 2 2 3 3 8 29 10 8 17 24 7 2 1 1 0 1 2 2 3 6 9 12 15 21 29 38 34 38 25 29 32 36 53 61 29 12 15 14 15 11 8 21 3 5 5 17 13 9 17 6 6 13 8 8 2 8 6 15 47 12 12 11 15 9 10 45 66 43 47 48 32 30 29
4 2 1 1 0 0 1 0 0 0 0 0 0 0 0 0 0 1 1 1 2 1 2 2 6 5 3 6 22 16 15 19 9 5 2 1 0 0 1 1 2 3 6 8 10 13 16 22 33 37 33 33 47 25 39 70 22 18 14 13 3 12 12 5 5 8 2 8 10 8 16 14 3 4 5 7 4 3 3 7 6 4 29 19 13 17 21 11 11 45 81 63 59 42 49 44
4 2 1 0 0 0 0 0 0 0 0 0 0 0 0 0 0 1 3 2 8 3 3 3 9 13 5 14 19 41 28 9 4 3 2 0 0 0 0 1 2 3 5 8 8 13 17 17 29 30 29 31 48 36 16 12 16 13 10 7 22 37 9 15 10 39 16 5 8 8 15 13 8 8 7 9 4 3 6 15 13 5 2 7 46 36 21 21 19 19 69 65 58 55 40 34
5 1 1 0 0 0 0 0 0 0 0 0 0 0 0 0 0 1 2 8 15 6 7 4 8 19 23 13 27 31 10 6 2 1 1 0 0 0 0 1 2 3 4 4 6 15 18 26 26 25 37 44 39 28 25 21 29 20 12 32 7 10 23 34 16 53 16 12 1 7 7 11 7 6 7 8 6 2 6 20 10 8 18 14 15 8 12 26 29 40 24 38 52 39 26 29
3 1 0 0 0 0 0 0 0 0 0 0 0 0 0 0 0 1 1 2 4 15 8 11 9 12 34 37 28 20 6 4 4 4 3 1 0 0 1 1 2 3 7 9 12 17 19 20 25 25 30 25 19 26 21 23 37 25 34 9 11 16 14 18 38 14 24 17 28 4 3 7 10 2 2 3 3 5 11 5 52 29 50 30 49 22 41 33 29 20 22 43 36 29 21 13
4 1 1 0 0 0 0 0 0 0 0 0 0 0 0 1 1 2 1 4 5 5 18 31 10 15 28 42 27 9 13 9 6 4 4 1 0 0 1 1 1 4 5 6 7 13 15 18 30 27 35 29 31 30 21 31 37 67 27 18 12 24 34 65 21 14 18 13 7 6 7 4 5 1 2 3 4 4 34 19 8 7 21 45 29 35 30 41 23 34 33 28 22 28 27 34
3 1 1 1 0 0 0 0 0 0 0 0 0 0 0 1 2 5 7 5 6 5 5 24 13 18 22 59 35 21 30 21 8 6 4 1 0 1 2 2 2 3 6 9 8 9 8 12 24 28 25 25 27 20 39 37 21 20 12 22 13 10 12 20 9 4 7 9 3 4 1 5 3 2 4 1 2 5 4 7 9 10 16 22 17 17 31 43 25 32 23 14 21 17 19 22
1 1 1 0 0 0 0 0 0 0 0 0 0 0 0 1 2 4 8 13 21 18 5 10 37 11 14 40 54 60 31 20 13 6 2 1 1 1 2 3 7 6 4 8 11 12 12 13 15 16 15 15 19 21 31 15 17 14 14 13 15 12 17 17 15 19 16 16 10 7 7 5 3 1 2 2 1 3 5 9 15 18 17 42 25 13 26 16 18 33 17 12 11 19 20 17
3 2 1 0 1 0 0 0 0 0 0 0 0 0 0 0 2 3 8 13 20 22 19 18 19 24 15 22 57 51 32 19 11 6 3 1 1 2 2 7 9 12 16 9 11 15 13 14 17 17 19 21 21 18 11 11 8 7 6 6 5 5 5 19 22 20 7 13 10 6 3 2 3 1 1 2 6 5 6 24 17 23 27 31 27 23 15 17 18 23 25 18 13 12 19 11
2 1 1 1 1 1 0 0 0 0 0 0 0 0 0 1 2 5 10 20 20 17 9 20 43 29 17 19 43 47 39 30 9 6 3 2 1 3 4 5 9 13 17 27 16 16 11 23 33 38 43 31 15 12 9 12 8 8 15 14 9 12 10 6 6 7 8 6 8 6 6 6 9 1 1 1 5 7 11 6 9 21 30 21 26 48 39 25 25 20 15 12 19 12 13 8
4 3 1 1 2 1 0 0 0 0 0 1 1 1 0 0 2 4 8 15 19 30 8 20 19 35 32 37 53 52 45 30 13 5 4 2 2 4 7 5 7 14 16 18 25 36 26 12 24 37 45 50 30 15 17 20 28 25 27 33 23 19 15 9 14 22 10 9 4 12 15 15 11 8 6 11 15 4 24 9 54 33 21 40 29 25 37 40 58 27 16 13 14 9 5 6
10 3 2 3 1 0 0 0 0 0 1 1 1 1 1 0 1 5 8 12 20 22 15 9 19 22 54 45 34 33 27 20 8 3 1 2 2 5 8 7 10 17 18 22 22 26 26 46 24 29 36 32 27 33 25 33 28 32 42 27 15 16 20 12 7 5 11 11 4 4 2 1 1 1 5 1 5 25 13 13 4 13 39 45 24 27 52 32 49 25 34 19 10 13 9 10
12 7 6 2 1 0 0 0 0 1 1 2 3 2 1 1 2 4 5 16 26 26 29 11 15 26 30 56 30 19 15 10 4 1 1 2 5 6 11 12 16 18 19 22 27 32 31 35 42 32 36 31 36 50 26 25 31 26 27 27 23 30 27 24 13 6 12 9 10 5 5 3 2 2 7 2 1 4 6 7 5 2 42 63 38 40 53 65 44 42 40 35 27 35 15 5
10 11 6 1 1 1 0 0 0 1 3 3 5 4 2 1 1 3 4 12 14 25 48 22 12 29 28 57 36 25 9 4 4 3 2 6 7 6 12 14 16 19 19 28 35 34 51 38 45 55 41 49 40 40 32 24 23 25 46 29 38 22 16 24 19 9 6 6 5 3 11 2 1 4 3 4 4 15 15 12 13 9 6 32 48 62 75 56 37 32 21 24 26 11 8 11
31 17 4 2 1 1 0 1 1 1 2 6 8 10 4 2 5 7 4 7 24 29 24 39 9 19 27 42 34 29 22 16 9 3 3 6 7 6 16 15 16 21 21 34 44 44 60 50 37 26 57 75 72 36 37 13 20 23 33 21 38 22 15 12 10 7 3 5 3 7 1 2 1 1 2 1 3 6 9 10 10 9 14 15 36 27 17 55 41 30 28 15 10 12 12 10
16 6 3 2 1 0 0 1 3 2 2 5 14 15 10 7 3 8 8 11 20 22 32 45 23 26 35 51 47 37 34 16 11 4 3 7 14 9 11 17 21 23 27 49 46 52 57 55 52 39 37 53 55 53 28 12 18 22 13 28 33 27 4 26 4 7 5 3 2 4 1 1 1 2 3 2 5 11 44 17 31 14 18 18 18 14 29 32 28 36 17 11 12 10 8 7
6 3 1 0 0 0 1 1 3 5 4 4 11 20 24 9 4 11 18 28 26 12 39 59 38 35 46 47 40 50 37 16 12 5 2 8 12 10 9 14 24 23 33 40 46 54 56 56 54 51 39 50 59 45 35 11 16 27 23 19 20 19 4 8 7 5 7 2 3 2 1 1 2 2 1 1 3 7 13 7 17 29 37 18 26 21 20 29 23 12 13 18 18 16 14 6
4 2 1 0 0 1 2 3 4 8 8 7 13 23 27 16 6 12 15 48 37 13 33 52 47 21 16 72 66 39 33 22 11 4 2 11 16 16 11 26 28 39 33 41 52 43 57 57 55 62 40 51 51 34 33 8 14 17 21 21 15 11 8 7 7 6 4 3 2 1 1 1 2 2 2 2 3 11 10 10 16 14 43 42 31 42 43 27 15 12 10 8 13 13 9 6
3 2 1 1 0 1 4 3 6 13 23 15 11 20 34 33 12 8 18 32 39 24 32 47 60 23 27 72 50 49 46 28 16 3 3 14 15 10 28 20 33 42 36 45 44 44 65 56 56 53 49 41 26 31 60 18 8 19 27 14 9 5 3 8 5 4 3 4 2 1 1 1 2 2 3 4 6 25 21 24 19 20 29 31 39 53 40 37 28 23 14 16 16 7 7 3
2 3 2 1 0 2 3 6 7 10 19 17 14 24 39 38 15 9 38 31 31 39 36 51 66 68 53 69 63 57 42 24 8 4 5 14 17 19 21 36 24 38 50 40 32 41 55 59 57 47 49 49 38 35 52 26 25 8 15 30 12 9 4 3 2 4 3 2 1 1 1 2 1 1 2 4 7 40 37 33 38 15 18 23 27 35 46 45 24 19 20 14 14 10 10 5
5 3 2 1 1 3 5 8 9 13 24 33 27 30 31 49 20 11 30 32 34 43 42 52 71 77 56 72 45 41 44 21 6 5 6 7 12 38 22 23 38 33 45 40 40 57 56 43 53 51 45 41 52 61 56 43 11 5 16 17 16 6 3 3 2 1 1 1 0 0 4 1 1 4 2 4 4 14 15 28 18 28 46 34 24 22 18 21 25 23 16 13 12 10 7 3
11 4 1 2 2 3 7 12 20 25 29 26 42 24 39 53 23 28 18 47 50 45 36 53 61 60 44 36 28 31 21 18 4 3 5 7 19 30 34 21 28 46 19 58 40 44 55 40 37 62 48 26 48 50 42 43 31 6 5 5 9 6 3 2 1 1 0 0 0 1 5 2 2 4 46 25 14 19 18 28 37 53 37 46 40 45 34 33 32 20 16 8 6 6 2 1
5 1 1 4 5 4 8 17 13 30 34 34 50 22 42 50 30 40 20 36 57 49 63 42 70 56 36 33 24 23 23 8 4 4 11 9 11 19 32 32 43 29 28 33 59 39 32 44 50 64 51 38 25 28 25 42 44 5 5 6 5 2 2 1 1 1 0 0 1 2 1 3 11 19 38 33 29 33 26 43 57 43 33 17 31 28 36 34 22 23 17 7 5 3 2 1
3 1 2 7 7 9 13 19 22 20 35 39 56 38 45 55 28 39 49 28 31 48 41 76 51 60 31 29 29 14 6 6 7 7 14 17 17 10 15 9 18 29 40 62 36 44 50 44 38 39 45 46 18 16 10 8 18 13 6 3 3 1 1 0 0 0 0 1 1 2 1 1 3 13 4 19 68 66 60 57 65 42 28 32 33 18 18 20 29 23 5 5 5 5 5 2
2 1 4 14 21 11 17 20 28 31 36 43 48 55 37 57 28 29 48 38 35 56 28 58 67 37 25 22 7 7 11 15 15 8 18 17 16 15 13 27 22 26 37 52 62 38 30 48 29 43 32 30 24 18 9 11 4 10 5 2 2 1 1 1 1 0 0 1 1 1 2 3 6 5 6 7 25 36 51 40 22 24 26 31 25 23 24 18 12 9 6 3 2 3 6 3
4 1 6 20 21 14 16 23 19 30 41 45 47 54 53 73 31 30 43 45 43 53 74 51 34 42 39 26 16 13 21 20 18 9 8 16 14 20 27 26 28 32 36 44 42 53 31 25 33 33 30 20 28 18 10 4 2 4 2 2 1 1 1 1 1 0 0 1 1 1 2 4 28 16 17 14 10 6 25 39 38 16 20 17 26 24 12 6 4 2 2 3 4 7 8 7
5 2 7 22 22 23 15 28 21 33 58 46 42 46 72 70 31 30 30 43 42 56 76 23 46 44 30 25 31 31 39 42 23 18 10 19 15 23 36 19 29 44 53 47 34 41 30 43 26 31 43 49 15 7 6 4 5 1 0 3 1 1 1 1 0 0 1 4 1 1 2 23 38 22 17 13 14 18 15 22 31 22 17 21 27 24 12 9 8 3 3 4 7 8 9 9
6 4 8 25 26 24 16 38 36 37 59 44 62 53 52 58 60 39 52 34 47 38 76 63 42 30 31 37 31 45 51 49 25 14 11 7 22 33 19 35 41 41 58 60 60 38 46 12 7 9 38 6 14 8 7 3 1 0 0 0 1 0 1 0 0 0 2 1 1 1 1 2 2 8 15 11 14 19 15 16 22 13 20 22 30 36 25 32 14 9 3 8 9 9 15 11
6 5 9 28 29 40 18 39 45 43 36 45 36 62 59 31 29 61 38 37 29 52 60 38 35 32 35 38 49 74 47 29 16 16 21 8 14 17 45 40 42 47 51 64 35 50 33 25 14 23 21 2 20 17 7 2 2 1 1 0 2 0 0 0 0 0 0 5 1 1 2 12 10 18 19 17 16 22 24 35 28 26 26 26 28 37 44 16 13 5 5 10 11 11 17 5
4 15 16 28 35 43 23 23 31 49 53 51 29 26 46 63 26 20 67 53 24 51 63 39 48 24 53 75 62 40 28 29 27 18 12 5 12 9 26 35 39 65 59 39 22 38 26 35 33 34 14 8 13 17 8 7 2 1 0 0 1 0 0 0 0 0 1 0 0 1 2 5 8 12 21 27 17 19 15 26 14 11 16 41 41 43 26 16 5 7 12 12 13 21 22 6
8 20 28 32 35 32 38 31 31 23 37 53 22 19 42 49 49 38 12 29 28 47 31 33 26 55 43 32 39 28 33 40 32 12 16 8 17 21 29 27 19 41 38 22 28 28 30 19 31 28 21 13 21 12 5 3 1 1 0 0 0 0 0 0 0 0 0 1 1 2 2 5 12 14 16 27 18 17 14 23 35 27 43 38 37 27 31 18 8 12 13 14 26 22 20 11
13 22 29 29 35 48 40 52 42 33 22 32 62 21 43 34 35 53 29 14 23 51 13 32 69 31 31 41 47 47 40 25 13 16 20 14 18 26 32 25 31 42 29 17 35 35 13 11 34 22 7 4 7 4 4 1 1 0 1 0 0 0 0 0 1 1 0 2 2 1 6 7 18 24 33 37 27 18 24 29 38 33 45 31 35 34 19 12 9 14 15 16 25 36 12 9
18 26 32 17 23 62 61 48 40 37 52 32 35 54 28 30 35 14 50 22 23 35 62 42 33 41 51 53 55 53 35 19 13 15 29 13 15 26 41 44 39 44 44 33 35 15 17 20 10 11 7 5 5 3 2 2 1 0 0 1 0 0 0 1 1 0 1 1 2 2 8 6 11 25 40 27 24 33 26 30 36 38 30 40 35 23 8 9 16 14 25 25 35 33 15 10
25 36 32 23 29 49 47 57 60 33 43 50 39 40 51 27 38 17 15 32 14 14 50 48 45 43 41 50 54 35 35 32 24 10 20 7 12 17 31 49 46 46 25 33 25 31 17 15 15 18 9 4 4 3 3 1 1 0 0 0 0 0 0 0 0 1 2 1 1 2 5 7 15 13 21 47 22 28 13 14 17 20 37 35 29 22 15 12 17 17 26 19 53 24 19 14
23 27 38 29 32 34 43 41 46 50 59 45 37 42 63 49 17 12 17 15 36 37 44 37 47 54 53 53 51 45 35 33 27 13 27 9 10 21 32 46 44 53 48 38 32 27 23 28 12 11 9 5 3 3 2 2 1 0 0 0 0 0 0 0 0 0 0 0 0 4 3 5 13 16 23 16 15 8 6 19 33 32 15 30 41 35 14 21 18 26 22 21 52 23 19 16
24 41 45 42 42 31 31 46 48 47 58 54 47 39 49 49 28 25 17 19 15 37 42 40 27 42 44 48 35 48 44 35 28 25 34 5 23 29 34 30 21 47 51 40 29 31 32 20 13 21 16 13 2 2 3 1 0 0 0 0 0 0 0 0 0 0 1 1 1 2 3 5 7 9 23 7 9 11 8 36 32 15 26 29 36 48 25 33 31 20 20 13 38 24 21 17
26 35 62 42 45 40 35 46 50 44 40 50 43 42 56 29 31 35 21 16 15 28 28 25 25 40 47 43 44 36 33 35 45 38 14 4 22 37 44 42 33 44 52 35 28 33 18 12 17 28 15 9 6 3 2 1 0 0 0 0 0 0 0 0 0 1 2 2 1 3 5 12 8 7 5 8 19 28 15 30 30 32 25 26 27 29 39 36 21 23 19 7 29 35 7 10
30 22 49 56 41 40 33 47 50 41 34 34 44 53 47 40 29 38 20 11 17 49 28 46 29 34 45 53 42 33 44 48 42 27 18 11 15 31 54 62 51 47 30 41 24 27 17 12 16 8 5 4 4 5 1 0 0 0 0 0 0 0 0 0 0 1 2 2 4 2 5 4 3 5 6 22 21 29 39 9 22 26 33 38 31 25 51 41 23 26 15 17 34 24 11 16
28 25 35 58 56 39 45 48 42 40 39 29 37 49 44 30 23 14 20 10 16 43 29 48 31 33 40 33 39 32 62 41 32 24 26 19 24 32 38 49 65 59 46 33 38 12 11 19 10 5 4 4 3 2 7 1 0 0 0 0 0 0 0 0 0 0 4 3 2 1 2 4 5 10 9 24 26 32 20 27 28 14 34 31 26 35 41 28 37 20 13 15 47 21 14 21
34 56 41 43 51 40 34 47 44 32 41 28 15 23 48 48 33 16 13 23 13 47 51 22 32 44 27 28 28 44 38 41 40 16 22 14 23 42 38 37 36 41 32 48 25 24 9 17 17 5 7 7 3 3 2 0 0 0 0 0 0 0 0 0 0 0 3 1 2 1 2 6 18 6 11 25 16 16 30 26 8 12 30 35 43 40 35 21 35 26 15 19 37 31 22 20
31 39 51 53 50 34 36 41 34 29 29 32 23 27 29 38 27 7 10 20 9 37 29 31 35 30 15 29 26 33 48 43 51 27 20 18 22 44 34 42 52 35 18 39 13 26 16 9 12 9 13 6 4 2 1 0 0 0 0 0 0 0 1 0 0 1 0 1 3 3 8 7 7 14 11 8 15 35 18 9 6 23 41 32 38 43 27 22 19 21 29 20 21 38 24 20
41 51 44 48 46 35 40 36 36 28 15 27 26 35 28 27 23 22 28 29 17 26 19 25 25 39 27 29 47 23 43 51 45 33 36 12 19 38 56 38 39 31 31 24 19 12 24 4 8 6 7 4 2 1 1 0 1 0 0 0 0 0 0 0 0 1 1 1 2 2 3 6 16 27 12 10 30 30 24 14 15 23 9 14 33 49 25 23 18 29 28 19 15 58 24 33
40 44 37 35 12 26 47 27 34 33 21 21 31 35 21 27 17 29 20 28 18 16 29 18 20 30 54 43 22 33 32 44 47 30 30 12 19 41 32 36 32 21 35 33 30 11 5 23 5 13 4 3 1 2 1 1 0 0 0 0 0 0 0 0 0 0 1 2 3 1 1 7 22 17 8 21 19 12 14 58 38 13 17 34 23 21 28 13 17 25 26 21 30 61 42 38
38 28 16 8 6 13 44 24 15 19 20 13 15 33 44 32 9 8 21 11 15 16 26 28 8 31 48 25 22 39 21 49 54 46 23 5 15 30 33 38 26 23 27 31 31 18 6 4 1 1 5 4 1 1 1 1 0 0 0 0 0 0 0 1 0 0 0 0 2 1 2 9 16 6 10 21 22 3 22 21 14 26 42 34 24 23 22 8 25 25 30 20 42 82 47 25
37 39 24 22 24 19 20 36 9 12 8 20 16 22 36 22 32 7 9 15 18 22 30 46 26 12 28 33 28 18 43 38 40 38 23 9 8 19 43 42 13 25 39 30 22 11 8 6 5 3 2 2 3 1 0 0 0 0 0 0 0 0 0 0 0 0 0 0 0 1 4 4 6 12 8 10 6 7 15 12 16 33 36 24 21 12 8 7 16 23 26 23 40 67 43 13
48 31 34 29 17 20 15 17 20 19 13 35 17 19 13 14 21 20 13 19 20 15 31 27 7 13 24 19 20 27 47 44 21 24 33 18 13 13 21 27 5 12 14 12 12 7 6 4 15 7 3 1 1 0 0 0 0 1 0 0 0 0 0 0 0 0 0 0 1 2 1 2 1 5 5 11 3 20 16 35 17 18 13 16 18 14 8 16 17 27 24 33 39 66 13 10
27 27 33 24 27 16 12 22 38 34 10 11 23 19 7 6 4 8 13 13 4 6 10 13 20 5 21 39 14 39 31 31 30 22 36 14 24 7 25 35 27 9 12 12 5 6 2 1 2 3 1 3 2 1 0 0 0 0 0 0 0 0 0 0 0 0 0 1 1 1 1 1 3 4 2 5 15 23 42 14 14 17 21 30 17 10 8 18 25 26 23 17 50 65 39 9
27 41 28 28 25 24 17 23 36 21 21 11 7 14 15 6 11 5 3 8 3 7 22 19 14 11 21 12 13 37 29 38 25 11 28 13 16 12 8 26 17 29 18 9 6 8 6 2 3 4 4 2 1 1 0 0 0 0 0 0 0 0 0 0 0 0 0 1 1 2 1 1 1 1 7 10 8 18 23 13 11 15 21 21 13 13 9 21 26 16 23 25 15 37 37 11
29 28 24 18 26 34 15 21 21 26 19 15 20 10 5 14 8 4 6 7 12 3 3 8 8 19 18 33 13 19 33 25 19 35 18 10 13 22 8 26 29 27 28 7 8 14 6 2 4 4 1 2 1 1 0 0 0 0 0 0 0 0 0 0 0 0 0 0 0 0 1 1 3 9 4 6 6 7 9 9 6 10 14 19 16 13 9 17 27 14 23 16 21 23 21 12
23 22 38 22 34 41 10 16 24 26 22 16 24 15 20 9 15 20 5 7 13 2 5 8 11 27 24 45 17 19 23 26 38 17 14 9 9 31 10 12 23 33 13 12 13 11 2 1 12 19 2 2 1 0 0 0 0 0 0 0 0 0 0 0 0 0 0 0 1 1 2 3 1 3 3 2 3 9 7 7 12 24 12 12 17 7 14 14 25 12 14 4 2 6 31 44
23 29 34 32 26 20 9 16 24 27 22 14 9 9 18 17 8 3 5 4 4 2 4 4 12 15 34 20 22 36 37 31 22 22 8 3 3 30 10 9 14 16 13 12 10 8 0 2 4 3 4 2 1 0 0 0 0 0 0 0 0 0 0 0 0 0 0 0 1 2 3 4 2 2 2 3 15 15 8 9 17 15 15 24 5 8 16 19 24 10 5 3 9 10 8 24
26 13 14 32 23 27 18 7 21 20 25 14 15 7 11 7 9 2 3 2 1 3 4 5 5 14 10 20 30 53 28 37 27 29 19 2 17 25 9 10 15 7 13 10 8 5 1 3 2 2 2 1 1 1 0 0 0 0 0 0 0 0 0 0 0 0 0 1 0 1 1 1 1 1 3 7 10 8 6 21 19 15 21 7 6 17 33 14 5 3 5 12 7 30 16 23
22 5 16 26 32 23 24 11 8 13 17 8 10 9 11 11 4 2 5 2 1 3 17 6 6 7 5 10 16 24 31 34 23 13 16 8 17 10 13 10 20 14 10 13 12 6 3 2 1 2 1 1 0 0 0 0 0 0 0 0 0 0 0 0 0 0 0 0 0 0 1 2 1 4 4 6 10 13 11 21 17 9 7 4 16 33 7 3 3 7 8 16 24 18 19 11
18 8 8 6 20 21 29 13 2 8 14 7 9 5 19 8 3 1 2 2 1 3 6 4 4 2 8 16 20 20 29 21 25 18 10 9 10 9 9 6 2 12 9 19 10 9 10 11 6 4 2 3 1 0 0 0 0 0 0 0 0 0 0 0 0 0 0 0 0 0 0 2 3 8 3 3 12 19 11 9 6 13 3 11 17 6 2 6 8 12 14 13 16 23 19 11
24 13 17 5 19 27 22 11 3 2 2 10 11 6 5 6 2 2 2 3 3 1 3 5 3 3 10 17 20 15 15 13 23 16 13 15 18 4 12 8 3 6 7 9 16 6 3 2 2 1 1 1 0 0 0 0 0 0 0 0 0 0 0 0 0 0 0 0 0 0 0 2 3 4 3 5 18 17 15 11 7 5 14 15 8 2 5 12 11 10 14 11 16 17 13 12
31 10 18 4 8 19 12 5 3 3 3 3 5 12 6 4 2 2 1 2 1 2 5 3 3 7 4 13 17 18 11 19 13 7 16 14 11 9 7 12 7 4 6 6 8 5 9 3 2 3 3 1 0 0 0 0 0 0 0 0 0 0 0 0 0 0 0 0 0 0 0 1 2 4 4 4 6 7 22 7 5 5 10 4 4 13 12 12 11 11 10 7 5 4 7 11
20 9 18 7 6 18 11 12 8 7 4 4 6 8 7 7 5 2 1 1 1 1 2 3 5 5 10 21 19 10 13 16 8 6 29 15 9 9 7 3 3 5 6 9 7 7 11 3 4 2 3 1 1 0 0 0 1 0 0 0 0 0 0 0 0 0 0 0 0 0 0 1 2 4 4 2 5 13 12 22 16 8 3 5 5 7 7 15 14 8 13 7 6 3 4 1
15 9 16 11 8 9 5 12 5 4 5 3 5 4 2 4 2 1 1 1 2 1 1 5 4 6 7 9 13 11 13 13 14 8 22 12 12 7 16 4 10 10 4 5 8 11 13 6 6 4 2 1 1 0 0 0 0 0 0 0 0 0 0 0 0 0 0 0 0 0 0 1 1 2 3 2 7 19 51 15 8 4 1 5 4 19 12 8 10 11 22 14 5 4 4 1
21 9 14 9 6 5 3 9 12 6 5 5 3 3 2 3 1 1 1 0 1 0 1 3 4 3 7 12 10 11 9 12 8 16 17 12 17 30 8 5 6 6 7 5 15 6 8 9 3 2 3 1 0 0 0 0 1 0 0 0 0 0 0 0 0 0 0 0 0 0 0 0 1 3 1 9 12 17 12 17 5 1 4 8 8 9 13 6 9 15 11 12 3 2 3 1
18 9 22 11 4 4 7 4 14 4 8 6 2 1 2 1 1 1 1 0 0 1 1 1 2 2 8 7 5 9 11 4 8 21 7 26 9 27 15 5 12 5 11 7 16 12 9 7 2 4 2 1 0 1 0 0 0 0 0 0 0 0 0 0 0 0 0 0 0 0 0 0 1 1 7 7 4 16 9 15 7 4 5 10 18 9 11 13 13 8 8 4 3 2 2 1
14 8 22 10 3 2 18 7 6 4 4 5 2 3 2 1 1 1 1 0 0 0 0 0 1 1 8 11 11 7 4 4 7 17 12 8 13 12 12 5 11 2 9 3 9 11 11 8 3 4 1 2 0 0 1 0 0 0 0 0 0 0 0 0 0 0 0 0 0 0 0 1 2 4 5 2 3 25 15 7 7 4 9 5 15 14 7 9 8 6 5 2 8 2 1 1
21 5 15 5 2 4 7 7 4 11 8 3 3 2 1 1 1 1 1 1 0 0 0 1 2 3 4 5 7 5 3 3 13 8 15 9 21 8 6 6 11 3 9 5 5 8 17 5 3 3 2 2 0 0 0 0 0 0 0 0 0 0 0 0 0 0 0 0 0 0 0 1 1 1 2 3 4 15 13 2 2 6 13 12 12 10 3 6 12 8 3 2 4 1 1 1
18 6 12 4 2 4 4 14 5 9 13 6 2 1 1 1 2 1 0 0 0 0 0 1 1 1 1 4 2 2 4 3 25 11 14 14 14 6 4 13 6 4 5 16 19 7 6 4 6 3 1 1 1 0 0 0 0 0 0 0 0 0 0 0 0 0 0 0 0 0 0 0 1 1 3 3 10 13 14 3 2 11 12 12 9 8 2 3 6 5 1 1 1 1 1 1
27 20 3 7 3 3 7 11 5 4 6 4 5 1 2 4 1 1 0 0 0 0 0 0 0 1 4 2 3 3 3 9 1 5 2 7 6 4 2 13 4 4 1 7 27 7 4 6 4 2 1 1 1 0 1 0 0 0 0 0 0 0 0 0 0 0 0 0 0 0 0 0 1 1 3 8 4 12 10 4 4 14 7 5 6 3 4 3 2 2 3 1 1 2 1 1
13 3 3 5 2 2 11 8 8 2 1 2 5 0 1 1 0 1 0 1 0 0 0 1 1 1 1 3 3 2 8 3 6 4 9 7 5 6 3 8 3 7 3 7 16 12 4 4 4 3 1 1 0 0 0 0 0 0 0 0 0 0 0 0 0 0 0 0 0 0 1 1 2 3 8 26 1 14 6 5 5 5 7 3 3 2 5 6 3 1 2 1 1 1 1 1
14 4 1 5 4 3 7 1 3 5 1 1 3 1 0 0 0 0 0 0 0 0 1 0 1 1 1 4 2 4 3 5 10 20 9 6 17 4 8 12 3 4 5 9 10 6 3 7 2 2 1 1 1 0 0 0 0 0 0 0 0 0 0 0 0 0 0 0 0 0 0 1 2 7 7 2 5 12 9 3 3 4 8 2 4 5 5 2 3 2 1 1 1 1 0 0
13 1 2 4 2 2 3 1 1 1 1 3 1 1 0 0 0 0 0 0 0 0 0 0 0 1 1 1 2 3 2 4 8 5 3 13 4 3 18 4 7 9 7 7 9 5 3 2 2 1 0 0 1 1 0 0 0 0 0 0 0 0 0 0 0 0 0 0 0 0 0 1 3 2 8 4 6 5 3 1 2 7 5 5 2 3 3 2 1 2 1 1 0 1 0 0
13 1 2 5 2 4 3 1 1 1 2 2 3 1 0 0 0 0 0 0 0 0 0 1 0 0 1 3 1 2 1 6 2 4 14 2 3 4 7 3 7 7 5 15 12 7 3 1 1 1 0 0 1 1 0 0 0 0 0 0 0 0 0 0 0 0 0 0 0 0 1 3 3 3 1 3 7 2 3 2 3 4 5 3 2 2 1 1 0 2 1 2 0 0 0 0
4 1 2 5 1 3 5 3 1 1 1 2 1 1 1 0 0 0 0 0 0 0 0 0 0 0 1 2 3 1 6 1 1 6 6 2 5 7 10 6 1 9 8 11 13 5 2 1 1 2 1 0 0 0 0 0 0 0 0 0 0 0 0 0 0 0 1 0 0 0 1 4 4 2 1 4 4 3 2 2 2 3 3 3 2 1 1 1 1 1 1 0 1 0 0 0
3 1 1 3 1 2 3 1 1 1 1 1 0 1 1 0 0 0 0 0 0 0 0 0 0 0 3 1 1 1 3 2 1 9 3 2 4 19 7 4 2 8 8 9 2 3 1 1 0 0 0 1 0 0 0 0 0 0 0 0 0 0 0 0 0 0 0 0 1 1 2 4 3 1 1 4 3 1 1 2 2 2 4 1 1 1 0 0 1 0 1 0 0 0 0 0
7 1 3 1 0 3 1 0 1 1 1 0 1 0 0 0 0 0 0 0 0 0 0 0 0 0 1 1 0 2 1 1 3 4 4 1 3 14 13 5 2 4 4 7 5 2 1 1 1 0 0 0 0 0 0 0 0 0 0 0 0 0 0 1 1 1 2 3 2 6 3 5 4 0 5 7 1 1 1 2 1 2 3 1 2 1 0 0 1 0 0 0 0 0 0 0
5 3 0 0 0 2 0 1 1 1 1 1 0 0 0 0 0 0 0 0 0 0 0 0 0 0 0 0 1 0 1 2 3 1 1 3 6 15 9 3 2 5 3 3 2 1 1 1 0 0 0 0 0 0 0 0 0 0 0 0 0 0 0 0 0 0 1 2 5 10 18 11 1 3 4 7 2 0 1 4 1 3 1 1 1 2 0 1 1 0 0 0 0 0 0 0
3 0 0 0 0 1 0 0 1 1 0 1 1 0 0 0 0 0 0 0 0 0 0 0 0 1 0 1 1 0 2 3 1 1 2 2 1 10 6 1 1 2 2 2 2 1 1 0 0 0 0 0 0 0 0 0 0 0 0 0 0 0 0 0 0 0 1 20 22 17 12 1 2 3 5 7 5 1 2 2 1 1 1 1 1 1 0 0 0 0 0 0 0 0 0 0
