sesion_6_simulaciones/modelos_agentes/ejemplos_netlogo/scenarios/cgcm2_a2/rob_2084.asc
NCOLS 322 
NROWS 307 
XLLCORNER 451900 
YLLCORNER 4086900 
CELLSIZE 100 
NODATA_value -9999 
[rows 0 to 73 of 307, columns 96 to 191 of 322]
1 0 0 0 0 0 0 0 0 0 0 0 0 1 1 0 1 0 1 0 1 0 0 1 0 0 0 0 0 0 0 0 0 0 0 0 0 0 0 0 0 2 9 14 19 18 16 17 40 14 9 10 4 1 3 4 3 1 1 1 1 0 0 0 1 3 4 0 0 4 7 3 4 6 5 4 6 8 5 36 28 15 28 32 42 29 32 35 40 52 29 17 12 4 9 21
0 0 0 0 0 0 0 0 0 0 0 0 1 1 1 1 0 0 0 0 0 0 0 0 0 0 0 0 0 1 0 0 0 0 0 0 0 0 0 1 1 3 4 3 43 58 43 30 63 30 27 13 2 3 10 1 0 1 0 0 0 0 0 0 0 0 1 3 3 3 2 6 12 6 13 19 27 10 11 16 17 14 26 35 41 27 27 37 38 28 35 23 31 12 17 20
0 0 0 0 0 0 0 0 0 0 0 0 0 0 0 0 0 1 1 1 1 0 0 0 0 0 0 0 0 0 1 1 0 0 1 1 1 1 1 2 4 8 6 9 3 1 3 12 61 36 31 33 5 17 7 5 3 2 1 1 0 4 12 7 16 3 2 5 1 2 2 3 5 7 11 24 38 43 21 13 15 15 25 26 40 27 33 43 24 23 30 20 28 25 15 16
0 0 0 0 0 0 0 0 0 0 0 0 0 0 0 0 0 1 1 1 0 0 0 0 0 0 0 0 0 0 0 0 0 1 1 1 2 2 7 15 24 31 16 3 2 3 1 2 7 2 5 4 2 4 9 1 8 0 0 1 1 5 19 19 26 22 18 2 5 4 4 6 4 5 11 13 23 9 7 12 19 20 31 33 37 24 24 29 19 19 30 28 18 23 10 29
0 0 0 0 0 0 0 0 0 0 0 0 0 0 0 0 0 2 1 0 0 0 0 1 0 0 0 0 0 1 1 1 0 1 2 2 5 9 26 41 46 38 24 8 4 1 3 5 3 2 4 3 1 12 1 3 5 2 0 1 8 18 13 27 12 4 24 8 11 13 5 4 3 3 10 7 11 11 13 16 16 15 54 31 20 24 23 33 21 27 25 36 11 21 32 32
0 0 0 0 0 0 0 0 0 0 0 0 0 0 0 0 0 0 1 1 0 0 1 0 0 0 0 0 0 0 0 1 1 0 3 8 13 27 48 33 49 50 41 15 4 7 3 4 5 4 5 12 1 2 2 5 2 1 1 2 10 13 3 1 2 6 10 1 3 4 1 4 26 15 8 4 7 7 7 15 11 16 20 20 27 19 18 33 29 19 27 18 22 33 43 15
0 0 0 0 0 0 0 0 0 0 0 0 0 0 0 0 0 0 1 1 1 0 0 0 0 0 0 0 0 0 0 1 1 1 4 24 37 40 44 49 52 50 19 8 9 22 9 15 9 8 6 15 6 4 6 3 1 2 4 1 1 1 1 2 1 2 8 20 9 8 2 7 3 1 18 8 8 10 4 11 10 7 9 7 17 19 15 26 22 9 22 18 20 20 11 11
0 0 0 0 0 0 0 0 0 0 1 1 1 0 0 0 0 0 0 0 1 3 1 1 1 0 0 0 0 0 0 0 2 8 6 28 27 44 51 42 39 10 14 12 32 21 15 34 16 13 6 8 14 14 6 5 4 17 22 24 8 3 0 0 3 1 6 4 12 5 5 3 1 3 2 8 17 35 24 5 10 15 7 12 31 16 16 23 31 37 13 11 4 8 9 8
0 0 0 0 0 0 0 0 0 0 0 1 1 4 1 1 0 0 0 0 1 0 0 1 0 0 0 0 0 0 1 1 4 20 31 10 7 12 10 11 20 10 8 17 47 30 13 18 22 12 9 7 49 11 8 13 8 13 2 6 25 12 4 0 4 2 2 2 1 2 8 6 2 2 9 2 5 7 9 26 28 49 17 22 7 5 12 45 14 29 14 44 28 14 9 14
0 0 0 0 0 0 0 0 0 0 0 0 0 0 0 0 0 0 0 0 0 0 0 0 0 0 0 0 0 1 1 6 8 9 21 16 17 17 9 10 5 5 10 21 51 23 8 8 14 17 13 6 11 67 39 31 3 7 2 15 8 12 2 3 1 2 1 1 3 4 4 6 7 6 9 17 4 9 36 44 13 36 22 13 5 8 5 15 16 26 11 30 65 45 12 8
0 0 0 0 0 0 0 0 0 0 0 0 0 0 0 0 0 0 0 0 0 0 0 0 0 0 0 0 1 2 5 8 38 23 12 13 17 32 30 18 11 4 5 6 26 8 9 12 16 11 18 7 14 17 64 38 8 4 6 13 5 6 3 1 2 3 3 1 5 13 11 12 8 5 13 21 12 5 7 34 17 20 27 35 10 12 8 11 41 29 27 27 60 67 37 14
0 0 0 0 0 0 0 0 0 0 0 0 0 0 0 0 0 0 0 0 1 0 0 0 0 0 0 0 1 10 15 14 19 19 14 11 15 38 27 21 11 5 8 13 15 6 8 24 11 13 30 10 16 30 13 28 10 8 12 10 3 3 7 5 3 2 7 7 17 43 44 50 6 13 24 24 15 9 8 36 15 2 20 45 11 16 15 15 34 19 16 19 45 49 50 35
0 0 0 0 0 0 0 0 0 0 0 0 0 0 0 0 0 0 1 0 2 2 0 0 0 0 0 0 2 6 22 13 15 14 17 35 34 10 15 30 12 5 6 24 18 7 15 14 18 25 38 28 26 45 24 20 19 14 20 5 4 5 8 6 3 3 2 8 19 11 33 23 18 9 9 31 8 8 3 8 20 2 27 58 13 16 29 16 11 44 23 9 17 28 54 62
0 0 0 0 0 0 0 0 0 0 0 0 0 0 0 0 1 0 1 0 0 0 1 0 0 0 0 3 5 5 10 13 10 5 6 7 7 5 5 9 11 2 2 2 7 6 12 12 38 51 59 55 34 40 22 34 29 20 15 17 4 3 10 10 8 8 3 4 6 3 1 1 13 14 9 11 8 14 8 5 2 4 14 43 47 17 24 28 16 16 35 15 29 46 77 55
0 0 0 0 0 0 0 0 0 0 0 0 0 0 0 0 0 0 1 1 0 1 1 0 0 0 1 1 5 8 5 3 3 5 9 8 8 7 3 1 9 2 6 4 1 2 14 25 32 63 65 59 43 53 33 54 46 29 25 30 3 15 22 17 8 6 2 4 2 1 1 11 30 18 22 27 18 14 6 7 14 4 15 42 59 19 9 12 15 12 9 9 25 39 44 42
0 0 0 0 0 0 0 0 0 0 0 0 0 0 0 0 0 0 0 0 0 0 0 2 1 1 0 1 1 1 2 7 8 11 8 12 25 27 13 3 3 3 1 5 2 3 2 22 30 35 46 34 35 35 45 29 36 24 34 27 4 13 3 17 29 15 4 5 6 1 4 26 27 26 7 5 9 15 20 18 14 13 13 42 65 83 45 28 14 12 12 7 29 66 52 31
0 0 0 0 0 0 0 0 0 0 0 0 0 0 0 0 0 0 0 0 0 0 0 0 2 1 1 2 9 9 5 3 5 8 9 19 32 37 29 2 6 5 2 4 11 12 14 3 17 28 18 18 12 15 29 42 41 37 41 35 8 16 10 11 18 5 3 4 3 3 4 23 15 21 5 4 7 7 34 17 18 19 23 34 68 83 81 23 17 16 16 12 33 60 59 59
0 0 0 0 0 0 0 0 0 0 0 0 0 0 0 0 0 0 0 0 0 0 0 0 1 1 0 1 1 1 4 4 7 4 17 40 23 32 28 12 18 21 15 15 27 26 32 19 6 2 3 5 3 1 10 52 77 86 50 16 37 16 14 8 16 9 4 10 3 3 24 26 22 19 5 17 28 13 25 22 15 14 10 6 55 61 61 54 34 21 22 16 21 43 49 21
0 0 0 0 0 0 0 0 0 0 0 0 0 0 0 0 0 0 0 0 0 0 0 0 1 2 1 1 1 2 4 6 4 11 16 22 7 11 13 33 24 32 39 47 43 27 36 34 17 13 10 11 13 2 3 15 77 81 52 24 21 26 10 8 12 3 4 5 1 19 37 38 28 46 9 11 26 28 33 65 31 20 11 8 18 42 52 48 55 31 26 29 14 32 71 21
0 0 0 0 0 0 0 0 0 0 0 0 0 0 0 0 0 0 0 0 0 0 0 0 1 1 1 1 1 2 2 10 8 7 9 5 13 15 14 22 46 49 42 21 29 15 29 38 22 19 18 5 10 5 9 6 25 35 47 43 27 13 10 19 16 2 4 19 38 27 53 71 20 68 20 6 24 59 31 64 55 39 30 14 16 55 74 58 67 45 39 26 12 22 63 50
0 0 0 0 0 0 0 0 0 0 0 0 0 0 0 0 0 0 0 0 0 0 0 0 0 1 1 0 0 1 1 1 3 5 11 6 7 15 8 36 20 22 44 35 20 20 25 40 38 17 28 22 7 13 21 15 20 47 58 45 12 11 43 34 14 3 19 17 28 35 28 30 15 21 45 30 18 16 23 66 24 23 47 32 28 14 64 42 70 34 44 27 19 19 30 50
0 0 0 0 0 0 0 0 0 0 0 0 0 0 0 0 0 0 0 0 0 0 0 0 1 0 1 1 1 1 1 3 4 19 15 10 37 10 22 8 23 15 14 15 34 39 70 57 56 23 25 21 19 20 33 27 26 44 63 57 54 11 17 17 8 10 33 5 21 36 49 23 35 13 44 54 27 16 27 77 83 43 18 60 48 18 14 27 68 56 50 46 24 22 25 54
0 0 0 0 0 0 0 0 0 0 0 0 0 0 0 0 0 0 0 0 0 0 0 0 1 0 1 2 1 1 4 16 19 3 2 41 24 8 9 10 19 34 23 17 17 48 43 20 26 21 39 25 26 27 28 29 18 29 52 31 25 18 9 8 9 27 35 3 16 12 33 48 44 14 14 39 39 51 23 60 85 59 58 27 48 26 10 25 71 76 28 60 40 24 31 51
0 0 0 0 0 0 0 0 0 0 0 0 0 0 0 0 0 0 0 1 0 1 1 1 1 1 1 3 4 2 2 2 1 1 1 4 11 13 5 13 15 30 31 36 34 14 11 8 6 5 19 14 10 14 25 13 15 16 19 28 31 20 10 13 40 26 15 6 14 17 15 40 32 29 26 61 62 39 38 22 62 67 48 70 32 23 18 20 20 58 24 42 39 20 18 26
0 0 0 0 0 0 0 0 0 0 0 0 0 0 0 0 1 0 0 0 1 1 4 2 1 2 5 4 11 5 2 2 3 4 2 0 2 18 13 4 10 26 40 50 38 34 28 23 19 19 9 8 5 2 3 4 4 6 27 32 40 19 24 26 14 33 14 18 29 22 14 30 47 51 14 56 66 42 45 33 51 70 39 21 57 37 22 21 18 29 31 33 45 22 12 13
0 0 0 0 0 0 0 0 0 0 0 0 0 1 1 1 1 2 1 1 4 15 20 34 23 18 20 9 18 11 33 41 34 14 4 3 5 3 3 8 19 15 22 31 43 49 49 38 34 33 18 19 19 18 18 18 18 15 40 44 34 25 18 17 14 34 26 36 12 38 17 13 42 32 17 42 45 23 29 28 29 45 72 23 27 18 24 11 11 21 16 26 13 13 9 11
0 0 0 0 0 0 0 0 0 0 0 0 0 2 3 2 2 14 6 15 27 30 37 47 35 48 39 37 40 49 30 8 17 25 15 5 8 6 3 3 12 17 23 39 35 39 48 38 39 38 30 30 34 34 18 30 19 22 34 25 28 18 9 10 9 35 22 37 34 41 10 16 24 32 24 42 40 54 19 28 31 15 39 28 18 36 15 13 4 10 17 13 15 11 11 10
0 0 0 0 0 0 0 0 0 1 1 2 2 3 6 24 18 14 23 6 11 13 26 42 47 39 80 59 58 58 8 5 5 6 13 11 15 8 12 8 10 25 31 29 43 41 33 54 46 36 31 33 32 31 30 32 32 9 19 17 18 11 11 18 31 56 52 26 31 15 24 12 26 30 29 20 19 35 39 22 34 21 33 31 11 32 16 11 4 7 17 16 12 16 9 5
0 1 0 0 1 0 0 1 1 3 6 13 28 30 47 50 31 37 39 22 9 4 18 34 23 20 14 35 40 36 16 3 3 2 2 4 9 8 11 13 5 13 21 23 12 13 8 25 38 32 42 42 31 30 29 43 33 12 13 11 7 16 27 36 45 37 18 22 14 31 27 37 21 21 25 20 21 23 38 26 23 21 20 15 17 15 17 13 9 4 10 6 6 11 4 4
1 1 0 0 2 1 1 3 7 17 39 34 55 59 51 77 41 42 68 15 44 12 6 18 11 7 11 13 11 11 31 12 7 1 2 1 4 4 5 13 11 14 27 11 14 15 9 26 19 11 11 11 9 19 20 10 33 20 13 10 12 17 32 35 41 32 15 35 47 27 34 24 20 19 16 11 15 13 21 22 21 20 8 14 10 5 6 4 6 3 2 1 1 2 2 3
0 2 2 1 2 4 10 18 20 50 43 68 54 68 61 60 26 38 65 44 14 16 7 4 4 4 2 2 6 6 8 48 11 3 4 2 13 37 39 26 21 14 11 7 10 13 13 5 4 7 8 17 25 25 15 16 29 18 27 9 15 21 36 23 38 19 13 27 44 43 27 21 11 20 15 9 5 2 6 9 13 8 5 4 3 4 3 3 2 2 2 2 13 7 7 10
2 4 7 7 17 38 27 40 51 54 50 78 50 60 36 52 30 56 50 53 9 21 21 7 5 1 1 1 2 3 3 6 8 3 4 6 3 8 8 10 7 8 9 16 17 11 13 7 12 14 36 47 38 23 45 9 36 30 8 3 4 13 11 28 23 26 16 10 15 21 17 17 9 4 3 4 7 5 14 17 12 16 10 16 19 19 16 13 13 19 6 7 29 17 11 23
10 16 22 39 35 35 42 58 64 53 82 44 19 37 29 34 40 42 43 51 16 8 13 7 6 3 1 2 5 6 5 10 6 2 7 6 8 8 14 9 18 11 19 21 28 28 22 21 17 20 29 55 54 52 53 22 40 30 15 20 12 3 4 5 7 6 11 7 7 8 8 7 7 13 21 21 33 20 33 20 23 31 19 30 22 47 30 16 25 23 14 15 25 22 16 30
31 54 54 38 53 53 68 48 53 34 63 8 15 11 19 31 33 23 20 39 20 7 3 2 4 5 5 4 6 2 22 18 14 9 12 14 13 11 13 13 14 18 19 20 33 23 34 23 14 44 34 35 41 29 24 20 54 26 21 39 31 21 21 22 22 22 38 28 22 21 21 23 34 34 33 20 35 33 35 34 35 35 32 32 51 39 33 26 29 17 27 19 32 20 39 37
4 6 29 31 47 39 59 48 17 3 2 2 6 5 4 6 7 16 27 41 17 4 5 8 4 4 15 10 15 11 18 15 14 11 10 24 18 7 18 16 16 24 23 26 19 19 29 21 18 28 36 30 39 42 28 32 23 19 25 31 25 30 30 35 37 32 46 40 35 21 34 34 31 33 46 33 33 47 34 46 47 35 41 40 65 39 34 33 34 31 31 24 40 42 42 53
5 3 2 3 2 2 9 9 10 3 2 5 7 8 4 2 2 4 20 17 8 5 19 4 12 18 20 13 19 12 10 8 16 15 5 11 12 7 11 16 12 25 15 13 15 19 33 22 14 18 32 27 14 48 25 43 18 20 28 22 37 26 24 26 29 20 50 34 22 33 32 31 44 31 43 32 33 47 46 49 37 34 47 45 49 39 35 37 34 34 34 31 61 47 36 37
8 19 15 5 6 5 1 3 5 2 4 7 6 4 1 2 1 7 6 9 14 23 25 8 17 13 15 14 9 3 1 4 8 8 5 8 4 6 10 14 19 10 13 11 11 26 21 13 22 26 29 38 15 49 40 13 34 31 28 16 27 23 36 35 26 35 30 31 31 22 30 46 42 30 43 41 33 50 32 43 35 46 49 64 51 36 21 47 35 38 45 47 51 24 53 35
10 8 8 6 4 3 3 3 7 9 11 12 9 3 3 8 9 12 14 20 44 32 34 19 11 8 7 10 10 8 4 3 6 4 9 4 3 5 6 12 4 4 12 15 12 35 14 18 27 19 32 12 23 24 10 17 41 29 13 25 16 30 33 23 17 30 31 30 18 31 53 53 47 29 40 47 43 49 31 31 37 47 49 48 38 25 25 47 39 27 53 53 50 25 17 54
3 8 12 9 10 5 13 8 11 14 15 26 19 13 11 18 9 19 23 27 35 20 7 11 16 7 3 5 9 7 5 2 4 4 2 6 3 9 6 4 6 4 13 8 9 42 19 18 15 12 13 23 16 10 9 9 19 34 13 24 25 39 28 15 33 33 38 29 18 30 44 63 49 30 38 46 49 36 29 23 37 64 60 54 51 24 45 69 46 21 44 64 63 32 17 54
7 16 6 8 5 9 13 7 6 14 15 19 16 16 19 18 19 22 27 21 23 14 8 10 7 4 4 9 4 7 3 4 2 1 4 4 6 3 5 3 4 2 11 3 2 12 11 15 7 11 9 4 19 2 2 2 6 20 8 23 33 24 21 44 32 34 22 9 19 43 51 64 51 35 36 60 65 37 37 24 43 71 40 33 34 30 48 66 45 30 24 74 77 49 27 44
2 6 4 13 7 10 7 7 6 6 13 18 12 13 31 12 16 19 14 13 17 10 4 9 4 5 6 5 5 5 2 3 2 2 1 4 1 2 2 4 3 4 6 3 9 6 15 8 2 6 7 4 5 2 3 2 2 5 4 20 30 27 32 48 13 32 10 12 16 45 58 58 53 37 38 58 71 28 39 18 58 79 46 22 20 31 49 65 44 29 26 59 71 61 19 41
1 3 10 7 3 4 4 3 3 4 11 8 6 13 8 8 5 10 13 6 5 6 6 5 3 3 2 2 2 11 1 3 1 1 1 2 2 2 1 2 1 3 3 2 5 2 4 2 2 1 2 6 4 3 2 2 8 2 3 11 11 16 50 18 28 25 16 21 25 36 47 46 51 21 27 51 35 21 42 17 39 60 47 37 20 25 49 59 40 35 27 38 61 33 25 40
0 0 2 1 1 0 1 1 1 2 2 3 3 5 5 4 5 5 7 5 4 1 3 3 3 2 3 1 1 1 2 3 1 1 1 2 1 1 1 1 1 2 1 2 2 2 4 1 1 1 1 2 0 1 2 1 3 1 3 6 5 17 6 15 40 14 15 27 30 29 27 46 25 13 24 37 28 20 35 23 26 46 25 20 23 16 22 60 55 27 17 33 54 28 14 38
0 0 0 0 0 0 1 1 0 1 1 2 3 2 2 3 3 3 3 4 1 1 1 2 2 1 2 1 1 1 1 1 0 0 1 1 0 1 1 2 2 1 1 2 1 0 0 2 0 0 0 1 0 0 1 2 2 4 3 2 2 2 7 22 7 11 25 12 16 11 11 25 8 6 11 25 12 16 25 8 27 29 13 15 20 25 8 19 55 20 14 23 46 26 19 16
0 0 0 0 0 0 0 0 0 1 1 1 1 1 1 1 1 1 1 2 2 1 2 1 1 1 1 1 0 0 1 1 0 0 0 1 0 0 0 0 2 0 0 0 0 0 0 0 0 0 0 1 1 0 1 1 4 2 2 5 3 1 7 3 8 16 4 6 5 7 2 16 2 3 4 12 5 20 18 6 11 12 7 15 20 26 11 15 38 19 10 18 19 9 13 8
0 0 0 0 0 0 0 0 0 0 0 1 1 0 1 1 1 2 1 0 0 0 2 0 0 1 0 0 0 0 0 0 0 0 0 0 0 0 0 0 1 0 0 0 0 1 0 1 3 5 4 1 3 1 1 2 2 1 1 2 1 2 3 1 7 2 3 2 3 5 1 4 2 4 1 3 2 8 5 3 12 3 4 5 15 5 8 5 18 8 10 6 22 19 21 15
0 0 0 0 0 0 0 0 0 0 0 0 0 1 0 1 0 1 1 0 0 0 1 1 0 0 0 0 0 0 0 0 0 0 0 0 0 0 0 0 0 1 1 1 0 6 1 10 2 3 1 1 6 5 13 3 3 0 1 2 1 2 0 1 2 1 1 1 3 3 4 2 3 2 1 6 1 5 1 1 9 2 7 9 19 5 6 5 9 15 9 19 28 26 46 65
0 0 0 0 0 0 0 0 0 0 0 0 0 0 0 0 0 1 1 1 0 0 0 1 0 0 0 0 0 0 0 0 0 0 1 1 1 1 3 4 1 2 2 5 2 1 5 6 1 6 2 2 3 7 5 3 6 5 3 7 4 13 8 1 2 3 3 3 2 5 9 4 5 16 18 19 24 43 25 11 14 23 23 16 4 49 42 34 18 5 15 7 14 47 22 44
0 0 0 0 0 0 0 0 0 0 0 0 0 0 0 0 0 0 0 0 0 0 0 0 0 0 0 0 0 0 0 0 0 0 0 1 2 0 0 3 3 4 1 9 14 1 2 3 8 4 8 1 2 11 12 2 18 8 18 13 2 8 4 3 2 4 3 14 22 1 1 9 13 2 7 26 6 19 8 44 6 24 45 24 9 48 28 29 53 48 38 9 27 37 22 13
0 0 0 0 0 0 0 0 0 0 0 0 0 0 0 0 0 0 0 0 0 0 0 0 0 0 0 0 0 0 0 0 0 0 0 0 0 0 0 1 3 1 7 12 5 1 4 2 5 4 9 2 3 9 7 17 8 4 10 16 5 1 2 9 6 10 11 7 14 10 1 15 25 4 10 40 3 2 7 48 35 14 10 30 30 56 35 55 67 61 21 46 14 11 39 59
0 0 0 0 0 0 0 0 0 0 0 0 0 0 0 0 0 0 0 0 0 0 0 0 0 0 0 0 0 0 0 0 0 0 0 0 0 1 0 2 1 4 2 2 16 5 2 1 5 8 6 10 3 18 18 47 6 17 40 35 17 1 6 6 8 38 28 32 12 28 5 4 27 6 16 36 9 9 5 26 17 25 3 5 10 52 53 53 70 44 14 55 27 21 40 45
0 0 0 0 0 0 0 0 0 0 0 0 0 0 0 0 0 0 0 0 0 0 0 0 0 0 0 0 0 0 0 0 0 0 0 0 0 0 2 8 2 9 3 9 7 13 4 6 12 20 40 51 11 31 58 69 21 42 57 36 19 6 19 24 10 9 8 6 25 54 8 6 21 7 23 29 61 11 24 67 39 51 41 10 10 27 49 51 37 29 50 79 31 22 12 12
0 0 0 0 0 0 0 0 0 0 0 0 0 0 0 0 0 0 0 0 0 0 0 0 0 0 0 0 0 0 0 0 0 0 0 1 0 1 10 3 6 4 2 24 17 6 4 4 10 22 43 32 32 16 40 79 28 26 50 38 51 36 36 49 7 12 17 12 25 45 31 18 3 12 39 67 57 50 15 77 16 51 66 26 17 17 39 25 31 15 70 83 55 31 37 14
0 0 0 0 0 0 0 0 0 0 0 0 0 0 0 0 0 0 0 0 0 0 0 0 0 0 0 0 1 0 0 0 1 1 1 1 0 2 5 4 12 5 17 6 45 6 8 8 5 12 47 27 15 6 6 26 46 54 61 57 76 51 55 51 36 18 29 19 41 33 63 31 14 14 32 62 67 65 36 57 55 49 60 71 33 20 12 12 11 22 67 47 71 38 38 22
0 0 0 0 0 0 0 0 0 0 0 0 0 0 0 0 0 0 0 0 0 0 0 0 0 0 0 0 0 0 0 1 0 0 2 1 1 0 0 2 2 1 1 1 4 6 33 20 7 3 15 5 8 4 3 6 7 30 38 31 41 54 50 44 72 22 22 18 6 58 86 24 15 13 48 41 44 46 19 33 34 15 64 78 59 33 7 9 12 15 11 31 77 36 24 33
0 0 0 0 0 0 0 0 0 0 0 0 0 0 0 0 0 0 0 0 0 0 0 0 0 0 0 0 0 0 0 0 1 2 1 1 1 2 1 1 1 3 2 1 2 3 8 15 18 4 7 5 10 5 6 12 9 5 9 23 22 8 20 51 78 48 19 28 37 67 84 36 10 6 12 21 46 33 43 51 38 9 45 67 78 25 16 9 28 34 19 33 87 54 48 55
0 0 0 0 0 0 0 0 0 0 0 0 0 0 0 0 0 0 0 0 0 0 0 0 0 1 0 0 0 0 0 0 1 1 1 0 2 4 1 1 1 6 3 2 4 4 5 5 6 3 7 19 23 21 16 14 10 7 6 5 1 1 5 67 63 58 34 16 20 58 73 71 50 14 7 25 38 27 30 24 45 33 16 74 76 57 23 16 36 25 50 82 83 82 62 59
0 0 0 0 0 0 0 0 0 0 0 0 0 0 0 0 0 0 0 0 0 0 0 0 0 0 0 0 1 1 0 0 2 1 2 3 2 5 3 5 3 7 7 4 2 10 5 9 7 2 8 38 48 49 47 34 21 19 17 18 16 13 16 32 36 49 40 16 5 40 32 74 73 24 11 37 41 33 19 41 63 28 17 21 74 80 29 16 49 56 51 71 48 78 43 28
0 0 0 0 0 0 0 0 0 0 0 0 0 0 0 0 0 0 0 0 0 0 0 0 0 0 0 0 1 0 0 0 0 0 3 4 1 3 6 14 7 9 7 5 2 3 20 15 10 8 7 23 67 75 59 62 51 47 35 35 72 74 77 66 49 46 35 20 9 5 26 45 82 57 50 14 32 41 22 4 17 30 31 51 69 78 48 30 17 36 35 28 78 78 87 55
0 0 0 0 0 0 1 0 0 0 0 0 0 0 0 0 0 0 0 0 0 0 0 0 0 0 0 0 0 0 0 1 2 1 4 3 4 8 24 9 18 15 6 10 12 13 20 23 16 13 8 13 44 67 64 73 78 72 46 34 27 38 50 62 74 71 70 56 30 2 8 50 57 59 46 44 27 12 19 19 49 45 22 29 29 72 69 29 15 23 30 33 27 69 60 72
0 0 0 0 0 0 0 0 0 0 0 0 0 0 0 0 0 0 0 0 0 0 0 0 0 0 0 0 0 1 1 4 2 2 3 6 4 6 4 2 5 41 39 18 38 22 16 19 20 22 21 11 9 13 55 54 50 75 75 63 55 48 34 41 51 72 75 74 70 60 37 62 47 73 38 38 27 21 29 23 21 27 17 49 33 72 80 27 14 39 44 29 29 33 62 77
0 0 0 0 0 0 0 0 0 0 0 0 0 0 0 0 0 0 0 0 0 0 0 0 0 0 0 0 0 0 0 0 0 2 2 3 4 5 9 9 6 2 11 49 51 68 55 34 26 14 20 24 22 14 22 38 34 28 51 55 58 68 71 57 32 36 71 78 77 61 62 79 58 83 68 48 43 45 26 15 18 39 17 33 43 29 70 41 13 29 45 42 18 12 55 78
0 0 1 0 0 0 0 1 0 0 0 0 0 0 0 0 0 0 0 0 0 0 0 0 0 0 0 1 0 0 0 1 1 1 2 5 6 10 9 13 17 15 7 6 5 55 62 56 32 21 14 26 24 15 5 5 6 8 7 9 21 41 34 52 56 31 33 50 48 43 67 66 66 63 64 66 71 62 38 43 41 38 19 21 59 68 47 57 22 9 39 43 22 43 81 39
0 0 0 0 0 0 0 0 1 2 2 1 0 0 0 0 0 0 0 0 0 0 0 0 0 0 0 0 0 0 1 1 0 1 1 3 3 6 6 9 11 12 24 24 26 20 7 5 27 28 37 12 14 9 14 21 19 20 20 18 21 9 7 10 13 10 9 7 10 31 43 58 53 49 40 35 33 62 54 45 36 25 52 46 46 61 50 65 45 15 12 36 53 82 52 72
0 0 0 2 0 0 0 0 0 3 0 0 0 0 0 0 0 0 0 0 0 0 0 0 0 0 0 0 0 0 0 0 0 1 1 1 3 6 4 8 11 18 19 23 29 22 20 20 14 8 9 6 10 23 24 33 33 36 36 49 23 8 7 22 23 37 21 23 7 6 16 41 33 22 22 24 29 42 49 64 58 27 23 27 29 33 49 61 65 25 13 31 88 65 55 66
0 0 0 1 0 0 1 0 0 0 0 0 0 0 0 1 0 0 0 0 0 0 0 0 0 0 0 0 0 0 0 0 0 0 1 1 2 3 3 8 11 9 9 12 17 14 13 21 18 17 24 26 29 38 33 29 45 49 52 51 29 24 25 38 35 27 35 21 9 12 12 4 3 4 6 5 14 14 6 13 25 17 18 12 14 15 40 51 46 29 14 66 73 47 72 69
1 0 0 0 1 1 4 1 0 0 0 0 0 0 0 0 1 0 0 0 0 0 0 0 0 0 0 0 0 0 0 0 0 0 0 0 2 3 2 2 5 10 8 6 12 10 16 19 25 19 29 16 18 28 37 42 45 47 61 52 34 33 40 37 49 52 56 47 27 26 9 5 3 7 8 15 38 26 17 15 13 10 6 9 8 12 18 30 53 52 23 76 35 24 61 77
1 1 1 2 1 1 1 0 0 2 0 1 0 0 0 1 3 1 0 0 1 0 0 0 0 0 0 0 0 0 0 0 0 0 0 0 1 3 4 8 7 6 12 10 16 13 16 18 22 11 36 23 21 18 31 34 58 59 62 47 23 39 35 49 50 68 62 59 50 31 23 24 23 30 32 45 53 42 27 27 43 50 30 16 21 13 5 11 26 60 42 71 27 29 69 89
1 1 0 0 2 1 4 2 1 1 2 3 1 0 1 3 4 1 0 1 0 1 0 0 0 0 0 0 0 0 0 0 0 0 0 0 0 1 3 3 6 4 6 8 10 12 15 24 20 16 21 26 16 18 30 38 54 48 37 30 31 36 46 46 48 71 66 56 50 28 42 42 43 48 44 46 60 43 43 44 45 46 31 48 49 29 26 8 13 35 31 36 32 20 49 69
1 2 2 1 7 3 5 3 10 3 2 1 0 3 3 2 2 1 0 3 0 1 0 0 0 0 0 0 0 0 0 0 0 0 0 0 1 2 1 3 6 5 2 8 7 8 10 20 13 6 7 18 17 13 19 39 46 31 23 14 18 41 39 41 64 63 55 51 29 26 38 39 41 58 44 57 57 62 42 46 57 51 52 66 58 55 37 12 7 27 23 37 26 11 31 52
1 0 2 1 0 12 2 1 3 8 4 2 0 2 10 2 0 0 1 3 0 1 0 0 0 0 0 0 0 1 0 0 0 0 0 0 0 0 1 1 2 2 4 4 5 2 10 5 8 3 13 8 9 6 15 37 20 20 13 17 17 27 24 43 59 55 52 49 27 43 51 52 37 49 57 57 59 48 40 54 61 57 54 68 43 35 19 17 10 5 10 22 25 7 23 18
1 2 1 2 1 2 10 16 15 5 2 2 0 1 4 6 1 1 7 3 1 3 0 0 0 0 0 0 0 0 0 1 0 0 0 0 0 0 0 1 1 1 1 2 2 1 1 3 1 2 18 2 5 3 15 7 7 14 7 10 10 16 26 43 31 49 42 27 25 37 48 48 28 50 47 52 60 46 39 49 65 56 64 43 29 38 36 45 37 13 3 3 13 10 9 11
3 2 3 2 3 3 5 9 6 14 12 3 11 1 0 0 3 22 14 2 2 1 0 1 1 0 0 0 1 0 0 0 0 0 0 0 0 0 0 1 0 1 1 1 1 1 1 1 1 3 1 1 3 5 2 5 5 3 4 5 4 9 33 23 33 26 18 22 34 43 40 41 37 47 23 38 38 22 33 42 68 40 29 31 43 53 70 55 44 22 14 4 2 6 6 5
4 4 3 3 16 6 30 49 16 7 6 15 12 12 0 0 1 1 1 0 1 1 1 0 0 0 0 0 0 0 0 0 0 0 0 0 0 0 0 0 0 0 1 0 0 0 0 1 0 0 0 0 1 2 2 2 1 2 5 5 4 14 13 19 19 28 16 14 22 35 28 20 23 41 18 12 39 20 26 58 34 39 37 41 74 81 67 50 48 39 20 16 12 3 4 4
