sesion_6_simulaciones/modelos_agentes/ejemplos_netlogo/scenarios/cgcm2_a2/rob_2032.asc
NCOLS 322 
NROWS 307 
XLLCORNER 451900 
YLLCORNER 4086900 
CELLSIZE 100 
NODATA_value -9999 
[rows 0 to 74 of 307, columns 96 to 191 of 322]
69 23 5 6 43 23 20 15 15 15 31 28 32 51 47 16 28 19 18 7 22 19 15 41 18 12 20 21 28 18 7 6 12 20 13 12 12 24 33 15 9 33 68 72 81 67 84 83 88 82 83 88 71 42 59 53 62 29 44 47 51 31 28 16 52 56 55 13 11 40 49 28 23 27 23 13 14 16 9 43 23 11 14 14 15 8 9 12 16 32 18 14 13 5 10 23
9 15 13 8 15 36 20 16 13 25 22 32 60 56 33 26 8 7 4 9 16 3 6 7 18 12 19 11 14 43 21 8 8 13 6 13 17 23 33 39 42 51 46 40 82 83 84 82 92 72 88 80 47 44 77 33 17 23 16 27 11 36 26 16 30 16 20 49 48 42 28 53 63 37 49 52 52 17 20 21 15 12 22 21 22 13 14 20 25 25 33 26 35 18 25 26
1 5 5 24 14 21 21 11 14 18 13 22 30 27 7 6 12 21 23 26 36 5 9 9 13 14 20 10 23 23 35 30 4 14 37 36 38 46 51 55 60 68 51 56 20 12 24 50 91 82 81 80 42 73 74 71 47 21 22 31 25 59 77 76 76 58 47 69 37 47 42 43 52 49 54 67 71 60 35 25 22 20 31 30 30 21 23 39 25 28 38 30 36 43 32 33
1 1 1 3 3 4 4 28 13 6 6 11 14 21 22 24 22 36 39 33 14 3 16 18 4 9 14 18 16 7 18 18 15 25 39 31 58 58 73 80 83 81 68 30 16 20 9 15 50 24 32 35 19 42 67 30 63 11 12 25 41 58 82 82 80 84 78 56 64 56 60 67 51 50 62 54 50 23 19 27 38 36 50 46 41 29 26 39 26 23 43 48 30 41 33 43
4 5 3 1 1 1 4 23 39 11 27 18 10 14 37 26 22 63 29 14 16 11 13 27 26 16 14 17 12 36 40 27 9 24 50 55 64 74 83 86 85 75 64 38 23 12 15 37 26 19 24 32 10 45 24 46 60 41 10 16 60 75 63 78 71 47 75 46 55 74 72 59 52 42 65 47 47 38 38 41 51 46 75 53 37 37 36 50 33 33 49 63 33 56 51 56
10 3 2 3 1 2 3 6 32 52 18 30 9 25 30 15 45 32 36 23 7 8 21 19 24 14 17 19 9 12 18 36 32 14 56 71 75 82 84 74 75 72 66 44 19 25 22 26 33 27 36 51 13 24 30 53 34 35 25 23 59 69 29 17 26 40 43 25 25 49 21 59 78 59 58 41 44 42 42 59 50 58 61 55 62 47 46 64 60 39 56 39 56 46 68 30
2 4 12 6 4 5 9 4 14 42 42 18 14 18 21 47 23 40 51 35 34 18 9 10 18 21 31 27 15 8 15 45 47 31 47 78 83 81 71 70 66 60 30 17 23 51 27 41 41 41 34 30 32 40 55 44 22 39 43 19 13 16 15 22 13 18 50 65 44 47 25 48 40 21 56 66 65 64 45 63 50 42 52 45 65 67 54 68 68 43 69 59 54 43 29 23
1 2 3 3 2 6 5 2 6 26 74 70 63 42 34 18 20 37 27 28 45 63 21 33 48 34 29 12 24 20 21 24 44 66 47 62 69 70 64 59 46 19 21 16 40 35 29 51 44 44 28 28 49 60 47 48 39 58 64 64 48 23 5 5 22 14 40 22 44 26 45 34 17 36 22 51 57 84 64 37 59 68 53 56 78 55 55 58 61 58 49 36 17 23 22 16
1 1 3 5 3 6 5 3 6 6 26 63 77 77 53 66 24 21 19 50 46 22 24 35 31 15 26 25 19 26 39 34 53 73 80 51 30 36 20 16 23 13 10 19 44 35 18 32 36 32 31 21 71 49 44 58 46 57 25 48 68 54 30 4 16 20 13 11 6 17 48 43 21 21 40 23 34 38 48 69 61 83 53 61 46 31 36 76 54 50 42 73 49 32 23 27
2 1 1 1 5 12 6 2 3 8 17 3 7 7 6 5 28 21 26 30 30 21 33 23 46 37 29 24 30 34 36 67 59 48 63 53 46 41 16 13 6 5 7 17 43 25 10 12 20 32 32 24 31 77 68 71 22 37 19 61 51 50 15 19 5 12 9 5 15 30 30 35 40 30 36 53 24 18 58 64 41 64 50 47 31 37 27 36 36 52 28 35 72 64 25 16
4 1 3 6 11 5 9 10 13 3 6 3 16 11 7 9 23 8 41 21 32 23 29 30 49 21 15 23 36 52 66 64 81 68 45 40 32 45 41 19 9 3 2 5 20 7 6 12 23 19 32 18 32 43 74 58 35 26 37 58 30 30 17 6 11 14 17 7 25 33 37 42 26 17 42 57 40 18 16 48 34 22 44 59 35 39 25 28 62 47 39 28 61 78 49 26
3 3 7 7 7 13 10 24 23 16 4 8 17 26 21 19 22 40 42 27 64 42 22 31 30 27 16 20 27 77 75 65 62 52 39 27 24 32 30 18 7 3 3 7 8 5 5 20 12 17 40 19 29 45 28 37 30 33 45 41 19 18 36 25 12 9 25 21 25 52 66 65 17 27 43 53 37 19 19 54 33 8 30 59 30 38 30 22 40 26 18 25 41 53 55 48
1 4 4 8 12 11 12 9 11 18 18 11 4 6 10 28 40 22 49 41 66 67 28 22 19 24 15 27 41 58 76 53 46 36 32 30 31 11 12 25 6 2 3 8 7 3 7 9 13 25 40 29 28 50 33 27 36 37 47 18 16 19 28 25 13 10 8 21 33 21 35 38 26 25 30 52 29 24 10 17 30 7 37 67 29 32 37 20 12 30 20 9 12 27 54 63
2 2 1 2 3 3 2 2 10 15 23 15 15 15 16 10 31 17 62 30 19 18 49 34 32 19 27 55 59 46 49 46 31 14 11 9 7 4 4 5 6 1 1 1 2 2 4 6 23 39 48 39 27 28 16 31 43 38 36 31 13 13 31 34 23 19 10 9 11 8 3 3 14 27 30 42 30 40 25 14 6 9 17 51 54 23 26 26 14 10 20 10 17 36 71 44
1 0 1 2 2 1 0 3 5 6 14 12 18 21 19 14 10 11 50 33 17 45 57 32 37 32 36 29 49 51 26 16 12 15 16 10 8 6 2 1 5 1 3 1 0 1 3 9 12 34 33 29 21 26 14 38 44 40 44 44 8 20 28 32 22 13 6 7 4 3 3 15 42 42 34 41 43 38 20 18 26 8 21 46 58 21 9 10 11 8 5 4 12 26 33 30
21 1 3 2 3 8 4 3 2 2 2 2 2 4 6 9 16 21 9 5 14 21 12 45 37 50 26 28 21 17 17 33 37 32 19 21 31 24 9 2 2 1 1 1 1 1 1 4 9 11 16 12 11 11 19 14 25 28 43 39 7 18 7 30 45 24 9 9 9 2 6 24 39 47 26 17 30 36 43 34 21 17 17 31 59 80 38 23 9 6 5 3 11 46 31 20
1 2 6 5 6 5 13 7 3 4 8 9 4 2 6 17 18 24 14 21 21 7 12 19 56 45 45 55 72 51 39 22 24 32 30 39 47 37 15 1 3 3 1 1 4 4 3 1 3 5 3 3 2 3 5 17 25 35 39 41 11 28 19 25 37 11 7 8 5 4 7 30 27 39 16 12 23 22 38 28 23 16 18 17 50 73 72 17 8 7 5 3 9 27 32 32
1 5 7 35 25 8 4 6 2 2 5 2 3 3 4 7 18 15 23 25 13 11 14 13 35 46 19 34 31 23 39 34 43 28 58 70 46 42 16 9 13 13 8 8 13 11 11 4 1 0 0 1 0 0 1 18 50 71 41 17 30 23 19 14 22 20 9 14 4 4 35 35 44 33 14 20 42 27 26 30 13 9 6 3 29 37 36 34 16 7 5 3 3 11 17 6
4 7 11 6 2 18 3 3 1 2 3 2 1 1 1 2 5 11 12 7 14 15 14 13 51 70 42 39 30 49 54 57 38 59 64 61 25 20 19 30 21 24 31 38 29 13 17 10 4 2 1 1 2 0 0 2 38 53 28 17 17 25 14 11 17 6 8 8 2 22 55 50 39 49 15 15 41 34 28 62 28 14 6 3 6 17 23 21 27 10 6 4 2 6 29 4
15 9 2 2 0 7 20 3 2 2 7 8 6 4 5 13 4 4 7 9 18 22 27 14 37 45 39 49 54 52 54 70 64 56 53 27 40 38 27 34 51 53 36 14 15 6 10 11 5 3 3 1 1 1 2 1 5 10 19 25 14 9 8 24 22 3 8 27 54 37 55 70 29 66 23 11 28 45 28 57 42 28 14 4 3 17 32 19 33 13 8 3 1 2 16 11
12 5 2 4 1 8 11 14 6 11 12 9 8 3 4 3 2 8 9 10 10 12 10 6 26 43 38 19 20 44 34 31 48 57 64 41 35 44 27 58 24 20 26 13 7 5 5 8 5 2 4 3 1 2 3 2 3 8 19 20 5 6 34 28 18 4 16 25 36 50 36 41 19 23 42 27 13 10 12 54 15 10 23 10 5 2 16 7 29 7 9 3 2 1 3 8
15 3 3 3 14 10 15 25 20 24 30 18 11 6 9 4 6 5 3 21 13 14 14 13 43 28 48 42 23 30 32 43 45 59 67 57 69 41 54 21 25 11 5 4 8 8 19 9 7 2 3 2 2 2 3 2 3 6 17 19 24 5 9 12 8 11 29 7 23 41 43 26 26 10 30 38 18 8 11 58 67 20 6 23 10 2 1 3 20 13 9 6 2 1 2 6
9 3 1 5 20 14 4 11 10 8 3 8 21 10 4 4 4 5 4 15 35 26 28 19 42 17 26 51 29 19 50 59 62 31 17 69 65 34 32 27 28 26 8 3 2 6 4 1 1 1 3 2 2 2 2 2 1 2 7 5 6 6 5 5 7 22 32 4 19 12 28 34 25 6 5 22 20 24 8 29 61 27 25 5 9 2 1 2 16 22 2 9 3 1 2 4
14 4 1 5 22 20 9 19 39 12 28 14 13 53 38 21 16 13 11 41 29 41 34 22 39 33 22 51 53 33 28 26 12 9 10 26 35 44 20 33 26 27 17 11 5 1 1 0 0 0 1 1 0 1 1 1 1 1 1 4 7 7 5 8 24 22 15 6 12 11 11 21 16 13 8 31 29 15 10 5 24 28 10 20 4 2 1 1 1 7 1 3 3 1 1 1
17 13 2 7 28 21 15 8 47 23 9 23 34 41 45 43 57 20 24 20 41 45 65 42 30 31 50 40 65 43 22 14 30 29 19 3 10 29 31 13 21 32 34 28 10 5 3 2 1 1 0 0 0 0 0 0 0 0 2 5 11 7 11 14 8 24 9 13 15 12 7 11 19 21 3 20 28 10 10 5 11 24 5 2 9 3 1 1 1 1 2 2 3 1 0 0
38 27 11 16 34 12 24 7 21 30 27 26 43 53 59 38 57 63 26 26 56 79 79 83 76 67 66 50 67 52 66 61 71 44 21 20 21 15 11 19 40 23 24 25 24 16 11 5 4 3 1 1 1 1 1 1 1 1 4 9 10 8 6 8 6 18 16 22 6 16 5 3 14 8 3 10 10 4 4 4 3 7 18 1 2 1 1 0 0 1 1 1 0 0 0 0
27 21 37 37 39 11 19 14 34 46 39 28 28 63 74 59 58 79 66 76 78 80 86 82 72 78 74 67 74 80 46 24 39 45 42 23 30 23 9 6 26 30 30 41 26 20 16 10 8 5 3 3 3 3 1 2 1 1 4 4 7 5 3 4 3 20 9 18 13 13 3 4 5 6 3 6 6 10 2 3 3 1 3 2 1 2 1 0 0 0 1 0 0 0 0 0
16 34 34 29 43 40 44 33 39 56 53 65 57 66 75 87 83 70 78 46 50 61 66 79 70 67 79 72 75 76 21 12 11 11 24 31 42 22 27 17 15 36 36 26 22 18 12 31 19 9 6 6 5 4 4 4 3 1 2 2 3 2 3 7 14 27 19 8 10 4 5 2 4 4 3 2 2 4 4 2 3 1 2 2 0 2 1 0 0 0 1 0 0 0 0 0
19 44 34 27 45 40 41 38 48 65 76 83 87 88 91 88 82 76 84 69 40 21 50 64 41 37 29 51 54 48 36 8 7 5 7 12 22 17 19 23 8 15 16 15 8 6 3 8 11 9 15 13 7 6 5 9 4 1 1 1 1 3 9 13 16 11 5 5 3 7 5 6 2 2 2 1 1 1 3 2 1 1 1 1 1 0 1 0 0 0 0 0 0 0 0 0
23 43 25 31 60 56 51 66 77 85 87 88 82 85 82 87 76 75 89 42 68 32 18 33 21 11 12 12 16 19 34 24 18 4 6 3 10 7 6 17 13 9 19 5 7 5 2 5 4 2 2 2 2 4 3 2 6 3 2 1 2 4 10 11 11 7 2 6 10 5 5 3 2 1 1 1 1 1 1 1 1 1 0 0 0 0 0 0 0 0 0 0 0 0 0 0
16 55 48 48 61 75 80 85 79 87 81 87 69 84 74 81 60 62 82 70 31 39 18 8 7 5 2 2 7 8 13 46 22 8 8 5 14 27 25 13 13 7 6 3 2 3 3 1 1 1 1 4 7 7 3 3 8 4 6 2 3 5 8 5 8 3 1 3 6 5 3 2 1 1 1 0 0 0 0 0 0 0 0 0 0 0 0 0 0 0 0 0 0 0 0 0
39 58 73 74 85 89 88 87 79 80 74 86 70 68 46 68 54 62 66 71 19 39 37 14 8 2 2 1 2 3 4 9 15 8 8 10 5 10 10 10 7 6 6 9 7 3 3 1 2 3 9 23 21 10 17 3 10 8 1 1 1 2 2 5 3 3 1 1 1 2 1 1 1 0 0 0 0 0 1 1 0 1 0 1 1 1 1 0 0 1 0 0 1 0 0 1
65 78 81 83 84 82 87 77 75 62 81 58 35 44 40 37 43 46 51 58 24 13 16 11 9 5 2 3 7 8 9 17 15 6 18 15 19 18 26 15 26 15 21 18 18 14 8 6 5 6 11 34 44 39 29 10 14 9 4 5 2 0 1 1 1 1 1 0 0 0 0 0 0 1 1 1 2 1 2 1 1 2 1 2 1 3 1 1 1 1 0 0 1 1 0 1
79 80 82 70 81 79 83 67 62 40 48 10 19 13 15 24 25 18 21 40 20 7 3 3 5 7 8 6 10 4 26 39 39 27 39 40 35 26 31 30 28 28 26 23 32 19 19 8 4 20 22 27 46 32 21 16 33 16 11 18 10 5 5 4 3 3 6 3 2 2 2 2 3 3 3 2 4 3 3 3 3 3 2 2 5 3 2 1 1 1 1 1 1 1 3 2
28 37 49 40 62 59 69 65 29 6 3 3 8 4 4 4 5 7 19 30 19 5 6 11 6 7 29 21 33 23 33 40 43 42 43 61 48 26 49 43 37 49 43 39 26 22 23 14 12 16 28 31 46 63 43 41 28 20 24 22 16 16 13 15 12 9 13 8 5 3 5 5 4 5 9 5 5 8 5 7 7 4 5 5 12 3 2 2 2 2 2 1 3 3 4 6
33 21 13 11 6 7 21 23 21 7 4 4 7 6 2 1 1 2 7 12 7 4 26 8 19 29 43 39 55 41 41 38 58 47 38 57 53 33 49 53 43 57 37 32 30 32 44 29 16 19 35 40 23 73 56 62 32 35 40 27 32 21 17 16 16 8 18 8 4 6 6 7 12 6 10 6 6 13 11 10 6 5 9 8 7 4 3 3 3 3 3 3 10 6 4 4
58 65 50 21 18 12 3 7 10 4 7 7 5 2 1 1 0 4 3 6 12 29 39 21 44 43 52 52 43 20 7 20 47 47 43 52 41 45 54 62 63 39 42 37 35 53 41 25 33 26 48 59 43 75 72 40 67 57 48 30 36 27 35 31 17 17 13 11 9 5 10 15 15 10 16 13 10 18 9 12 9 14 15 23 10 4 2 7 4 4 6 8 9 4 10 6
67 50 43 25 12 9 9 9 18 17 16 15 8 2 2 5 5 7 11 20 45 55 53 31 49 39 40 52 52 45 30 22 48 45 49 46 41 48 46 58 29 22 51 53 42 75 48 46 52 25 62 42 77 81 56 63 74 60 35 49 33 43 36 23 13 22 18 14 7 14 24 30 25 13 20 22 23 24 12 10 13 19 19 13 7 3 3 10 7 4 12 14 13 4 2 17
46 54 52 39 36 20 31 29 39 40 38 39 21 13 10 16 10 13 26 36 54 41 23 46 61 45 27 40 56 55 43 28 41 52 34 63 47 73 57 43 46 31 58 41 32 76 59 60 44 33 51 78 76 65 60 55 66 73 42 55 53 56 40 19 38 31 31 16 7 18 30 56 37 23 28 32 35 21 15 10 21 43 34 23 15 5 12 30 13 4 12 29 28 8 4 20
72 70 42 41 25 36 50 45 45 60 50 48 37 31 30 23 25 36 37 46 58 47 50 63 54 39 41 56 46 57 31 48 33 27 57 68 65 55 58 42 43 26 59 24 19 57 65 64 42 47 62 51 76 30 25 21 45 65 37 66 74 56 46 63 44 39 19 8 11 38 45 73 55 33 40 52 64 30 29 14 31 59 29 15 11 9 23 39 21 9 7 50 60 24 11 21
52 60 41 54 38 50 59 63 61 59 69 56 47 42 58 25 29 47 48 50 63 65 45 68 53 54 58 54 48 67 38 59 40 35 41 70 40 53 40 57 45 46 50 33 51 47 77 64 36 48 67 66 64 46 38 28 37 47 36 77 80 68 65 61 24 36 11 9 16 47 64 71 67 46 56 65 74 28 39 16 51 75 40 15 11 16 35 53 31 15 11 44 62 39 9 26
49 56 66 50 38 47 66 57 53 55 73 59 50 61 46 42 29 53 64 48 46 58 66 67 54 53 45 40 37 83 48 64 44 46 54 74 64 51 39 50 38 56 46 36 50 50 63 40 48 37 50 85 71 60 43 45 68 42 47 75 67 69 83 44 49 38 20 20 36 38 72 73 74 43 54 72 58 32 56 26 39 68 50 36 21 22 49 66 41 24 16 34 61 31 21 35
38 40 51 36 31 28 59 52 42 52 52 51 46 59 51 46 47 45 58 54 47 33 43 65 65 57 62 42 34 46 66 79 48 41 59 78 55 34 39 52 40 58 46 39 46 58 44 47 43 45 44 73 39 47 53 50 67 37 60 66 58 72 43 54 73 35 29 28 54 42 65 84 63 36 59 77 65 42 68 36 46 69 45 44 41 29 28 68 67 34 20 41 64 41 30 43
20 42 27 28 32 32 54 59 34 58 52 59 58 48 43 57 45 42 49 56 37 32 27 61 67 54 67 31 37 60 62 72 35 44 66 57 47 53 45 61 63 36 45 61 61 49 36 73 48 43 37 60 30 43 48 68 69 76 67 42 37 28 46 78 41 48 55 30 42 57 51 75 39 38 62 76 51 48 63 32 61 66 49 52 51 52 24 30 73 39 33 39 67 62 52 43
16 18 23 25 42 19 31 29 40 49 45 60 49 45 47 48 41 36 32 40 48 30 56 51 65 62 57 51 17 43 70 79 20 38 53 75 44 25 39 42 64 44 46 34 39 51 53 21 48 55 51 62 60 45 61 62 82 73 58 75 61 39 64 49 62 67 40 40 47 66 46 69 37 42 55 75 48 63 66 34 49 53 42 70 69 62 39 29 73 59 37 50 58 47 56 44
7 12 22 29 35 14 35 31 38 47 50 64 46 30 33 43 47 53 35 17 20 17 64 15 42 60 58 47 24 41 48 56 15 21 66 27 21 17 58 23 58 40 50 41 43 41 40 76 79 90 84 74 71 69 56 71 77 62 62 68 56 57 62 35 66 44 50 52 58 76 46 61 47 62 35 53 44 64 51 44 60 45 45 62 74 44 57 37 48 48 57 45 71 77 78 64
11 8 28 10 14 44 11 17 31 41 53 52 32 46 19 48 17 44 35 18 11 26 40 24 40 55 56 64 22 23 18 42 44 41 28 25 37 41 50 42 50 41 49 70 50 78 62 86 68 77 60 61 63 83 84 77 74 44 45 77 56 53 31 44 72 56 56 59 64 78 79 71 72 65 50 77 47 76 44 43 78 39 72 63 69 48 64 49 40 66 66 71 68 76 78 87
3 9 4 4 8 19 45 14 28 21 14 23 13 31 21 33 24 40 34 38 25 37 37 52 21 28 43 37 50 51 25 17 32 28 71 78 68 61 79 91 80 79 73 91 74 60 86 86 52 71 63 53 61 80 79 65 72 76 66 84 68 79 73 66 58 62 71 61 53 51 67 76 62 80 86 82 82 91 85 66 69 76 76 75 45 86 85 75 67 37 53 48 58 76 60 61
3 5 8 13 33 51 21 13 5 2 3 7 12 33 31 31 27 44 27 27 34 36 35 59 46 33 20 19 24 24 18 30 33 10 21 68 78 36 42 82 81 80 69 83 90 59 64 70 71 70 76 36 45 78 82 51 86 82 93 89 61 71 63 75 68 79 65 76 84 30 42 75 73 50 75 80 64 80 64 89 56 68 80 71 51 81 76 62 86 79 70 35 47 62 43 33
2 2 8 2 3 7 3 4 1 10 13 13 39 29 16 32 15 37 19 20 33 26 40 53 42 35 14 19 37 43 30 8 18 16 13 30 41 24 21 66 71 47 74 89 81 39 53 46 55 59 71 38 44 65 64 74 69 67 79 86 60 28 42 75 79 81 75 70 64 74 31 62 82 47 70 82 38 31 34 85 78 53 50 53 68 74 72 76 87 77 45 74 29 23 56 61
3 5 3 1 6 12 13 4 2 9 14 23 15 25 15 28 22 26 16 17 15 31 38 28 39 41 6 13 18 31 25 14 26 12 14 11 20 54 32 69 45 59 52 55 85 67 45 32 49 43 60 61 37 71 72 88 52 77 91 90 77 25 54 67 71 82 72 78 53 79 47 39 71 46 67 83 55 39 31 75 69 71 20 18 31 63 75 66 78 61 25 80 43 26 36 49
3 5 1 4 2 4 10 9 7 8 16 29 21 11 27 39 24 23 11 14 27 29 19 19 25 21 4 12 12 30 27 19 16 14 17 23 19 23 57 86 56 65 50 68 74 77 45 40 62 48 82 83 54 65 85 91 61 86 90 83 81 46 76 81 68 60 49 41 58 87 51 29 51 30 69 72 86 46 47 81 58 72 64 25 22 36 56 52 51 34 61 91 43 22 11 10
2 3 1 2 14 3 3 15 4 5 18 17 13 14 20 36 39 21 16 25 12 17 12 11 18 31 13 17 37 47 55 39 32 37 45 44 31 38 62 68 66 28 30 68 77 57 34 30 43 51 73 68 70 50 76 89 67 74 81 77 82 74 75 87 48 50 63 34 60 76 71 44 17 31 79 79 78 68 41 83 42 59 77 43 20 15 42 35 37 16 74 90 68 36 30 8
23 1 1 2 2 2 2 6 7 12 23 18 5 10 15 25 24 10 11 13 19 14 10 8 10 20 25 56 74 31 37 28 58 54 45 41 21 37 49 51 77 41 54 37 83 44 47 39 22 40 63 67 50 29 33 67 64 74 82 79 89 74 76 78 77 54 56 42 52 58 83 56 26 23 62 70 78 77 50 63 57 51 65 79 36 16 9 11 11 22 63 53 82 40 29 12
3 5 8 4 4 1 5 3 1 4 14 13 3 4 24 15 7 13 10 16 22 16 11 21 5 10 9 16 50 30 24 62 45 41 65 49 28 16 8 34 36 25 10 9 42 34 66 59 20 15 34 18 30 17 14 22 21 56 58 61 68 67 61 62 86 49 49 39 11 71 94 41 25 20 60 50 47 57 31 40 42 13 59 81 60 27 5 6 8 15 9 33 85 38 19 17
1 4 12 17 30 2 3 2 3 3 10 1 1 2 12 5 4 10 11 7 19 16 12 20 39 66 32 24 31 30 39 38 63 60 50 44 36 41 22 12 16 41 21 11 18 24 32 41 36 14 15 12 27 17 19 36 25 15 24 40 41 18 23 61 89 69 34 31 39 70 89 49 18 11 22 32 49 34 43 47 35 8 33 63 77 18 8 4 18 22 13 33 90 57 42 39
3 9 4 20 24 32 13 5 22 6 13 2 2 2 4 4 5 5 7 20 6 43 21 24 50 66 61 20 20 49 46 31 51 59 31 17 46 41 18 18 21 53 34 20 28 23 23 16 15 8 12 33 43 38 32 30 22 16 13 9 3 1 9 69 72 70 42 17 19 56 72 73 56 19 11 26 39 24 23 14 32 20 11 60 72 46 11 6 17 15 37 78 81 84 54 40
11 23 32 14 15 25 45 4 4 5 9 29 8 4 7 3 2 8 3 2 2 8 8 16 42 60 43 58 53 65 40 27 48 33 46 44 33 49 24 35 29 41 46 26 14 39 23 23 14 5 9 38 49 57 51 44 32 26 22 17 23 20 20 38 38 51 39 11 5 26 27 70 73 24 9 26 34 20 10 19 40 15 9 9 60 71 13 5 21 29 30 53 35 78 36 14
1 2 4 23 26 26 16 3 10 12 43 39 37 20 27 26 3 7 5 3 6 4 14 12 22 25 43 60 50 44 32 34 23 13 48 48 21 20 29 46 36 45 37 27 10 17 46 34 21 9 8 19 55 64 57 55 41 40 35 32 58 63 67 51 37 35 26 15 5 3 18 35 78 47 36 9 18 21 9 2 6 11 11 26 42 66 23 7 4 12 15 13 64 72 85 37
1 2 7 25 49 42 73 20 37 17 26 12 38 33 33 15 14 2 2 2 6 13 7 14 28 17 30 39 30 24 15 40 54 39 55 38 30 38 50 25 45 43 25 29 35 36 46 45 27 16 7 9 23 44 41 52 57 53 29 21 16 26 31 35 51 47 50 36 18 1 4 35 41 42 32 24 11 5 6 6 18 13 5 8 9 47 39 8 3 5 9 12 10 47 50 54
44 24 11 11 7 51 33 11 16 56 25 28 11 16 13 8 18 5 4 3 2 5 9 28 41 11 27 36 32 38 37 69 47 29 32 39 27 27 19 8 14 44 55 36 51 42 35 28 27 26 19 7 4 5 24 24 22 42 47 34 27 23 14 16 18 36 42 46 43 33 18 40 27 49 18 16 11 6 9 6 5 5 3 13 9 36 52 6 2 9 13 9 10 15 49 59
33 44 35 15 9 43 66 47 20 27 26 19 5 14 9 7 9 15 3 10 11 16 11 30 21 23 10 15 15 14 9 13 15 36 30 29 31 33 35 31 19 7 13 52 51 65 52 35 30 13 17 14 7 3 5 10 8 6 15 19 21 28 32 20 7 8 30 37 40 23 29 49 26 56 31 15 14 15 6 3 4 7 2 6 10 5 33 9 1 4 11 12 4 4 40 54
17 16 74 50 21 43 22 55 55 44 46 14 5 24 16 29 25 20 7 11 6 17 26 20 19 18 24 57 38 25 33 45 35 40 41 58 56 56 51 53 51 37 18 9 8 39 47 41 24 14 9 13 8 3 1 1 1 1 1 1 3 8 6 11 12 5 5 9 9 10 25 24 24 19 21 20 27 19 8 10 8 5 2 2 12 20 10 17 3 1 6 10 6 21 63 16
13 14 39 27 23 23 5 3 67 83 82 76 18 33 22 12 9 39 10 18 12 12 16 15 44 19 46 58 35 43 57 57 38 46 53 60 55 59 54 54 55 42 53 39 31 14 7 4 16 15 18 5 4 2 3 5 5 5 4 4 3 1 1 1 1 1 1 1 1 4 8 13 10 8 6 5 5 13 12 8 5 2 7 6 6 10 8 18 9 1 1 7 22 54 24 47
25 19 28 65 48 22 23 15 13 80 25 26 35 24 28 28 29 4 15 24 3 5 4 21 33 23 31 29 25 29 25 26 44 52 50 51 66 72 55 64 66 66 57 53 50 31 22 19 10 4 3 2 2 8 9 17 16 15 11 15 4 1 1 4 4 6 2 2 1 0 1 5 3 2 2 2 2 5 7 12 9 2 1 2 2 2 6 10 14 2 1 6 53 20 21 27
29 21 28 38 35 47 60 17 5 7 4 6 9 16 21 62 15 30 26 29 10 6 9 15 11 12 34 33 47 33 26 33 40 50 62 62 58 60 54 70 64 48 42 40 42 26 22 29 18 14 15 13 14 26 25 23 34 30 28 17 6 4 5 9 8 5 6 2 1 1 1 0 0 0 0 0 1 1 0 1 2 1 1 1 1 1 3 6 5 3 1 17 19 7 27 22
48 30 18 7 36 40 77 64 49 47 33 20 8 12 48 32 71 66 39 30 47 24 22 8 4 11 25 28 18 23 24 50 63 35 15 35 64 64 43 35 47 52 39 29 35 23 31 30 31 27 29 19 20 36 46 44 42 40 44 27 10 11 16 14 19 18 16 9 3 2 1 0 0 0 1 1 4 2 1 1 1 0 0 0 0 0 1 2 6 6 2 22 3 2 15 24
45 38 32 38 35 51 38 30 32 66 34 48 15 27 45 69 82 71 45 35 54 15 23 34 27 22 24 9 18 21 56 20 22 23 40 44 64 75 68 60 62 50 57 46 46 37 42 40 41 24 49 43 42 37 51 55 70 63 54 30 10 27 24 34 33 42 27 17 10 3 2 2 2 3 4 8 11 6 3 3 5 5 2 1 1 0 0 0 1 6 3 12 2 2 13 36
47 44 15 12 36 33 68 63 45 46 55 66 50 25 51 85 79 62 40 60 20 48 17 29 21 11 4 26 9 30 20 10 10 54 40 48 54 66 69 65 64 47 46 49 48 50 51 63 51 35 43 63 47 47 64 73 77 60 39 25 24 38 48 47 46 60 42 23 13 5 8 8 9 13 13 14 22 11 10 10 9 7 3 5 4 2 1 0 0 2 2 2 2 1 4 10
41 50 39 14 44 58 68 62 81 63 50 31 20 54 75 70 61 48 44 84 25 69 27 35 29 22 21 37 32 11 15 21 23 49 52 61 65 76 59 69 70 55 31 49 50 46 58 71 65 40 39 69 65 55 68 80 72 54 36 26 28 60 57 58 71 59 38 26 9 7 13 13 14 28 23 33 32 32 17 18 26 16 12 17 9 6 2 0 0 1 1 2 1 0 1 3
41 14 37 19 9 51 46 37 51 69 66 57 16 41 71 64 18 25 66 80 23 81 36 31 62 55 17 40 37 47 17 10 25 28 54 42 31 35 47 41 63 46 54 52 54 39 64 50 74 46 73 67 65 54 78 85 65 58 36 50 51 63 59 71 76 62 44 37 13 24 33 34 18 34 50 46 48 34 26 32 40 28 22 24 6 3 1 1 0 0 0 1 1 0 1 1
36 34 23 35 13 24 64 72 72 56 33 35 17 35 54 66 35 59 87 64 35 76 45 34 30 48 34 57 56 22 45 55 28 30 31 40 18 35 27 50 55 49 49 66 49 54 60 63 44 44 86 46 67 57 85 66 60 63 40 51 50 62 74 80 62 65 45 28 22 37 47 47 25 51 49 65 66 47 37 44 59 40 39 11 4 3 2 2 1 0 0 0 0 0 0 0
51 27 34 28 34 30 40 59 53 57 61 38 60 25 15 9 53 89 80 60 61 67 58 66 66 44 25 50 46 46 50 20 17 13 25 10 16 29 31 67 39 54 64 60 37 53 58 64 71 70 47 39 68 83 60 68 53 42 48 46 45 62 82 70 66 47 30 31 46 61 59 58 47 58 42 50 61 37 47 53 69 28 12 8 9 10 13 5 2 1 0 0 0 0 0 0
43 40 31 29 58 38 54 75 43 47 44 53 69 68 14 6 28 36 29 18 37 74 67 46 37 48 36 41 36 33 17 4 14 24 5 19 28 31 49 44 37 34 65 31 33 36 47 70 32 29 40 50 64 76 60 47 28 38 61 60 47 80 75 73 63 62 43 39 51 68 65 51 53 63 50 24 73 57 58 73 37 30 19 17 37 34 14 5 3 2 1 0 0 0 0 0
39 66 46 29 26 30 26 51 24 28 24 68 43 70 66 57 26 12 21 31 70 78 65 51 46 26 25 7 23 45 23 19 38 37 24 18 21 25 45 20 20 23 43 18 24 34 33 13 19 41 30 62 79 64 49 29 40 50 64 46 37 85 77 63 64 65 42 57 68 69 57 70 55 65 46 46 55 63 44 34 17 32 46 33 14 5 4 5 3 3 2 2 1 1 0 0
