sesion_6_simulaciones/modelos_agentes/ejemplos_netlogo/scenarios/cgcm2_a2/rob_2100.asc
NCOLS 322 
NROWS 307 
XLLCORNER 451900 
YLLCORNER 4086900 
CELLSIZE 100 
NODATA_value -9999 
[rows 144 to 215 of 307, columns 0 to 95 of 322]
0 0 0 0 0 0 0 0 0 0 0 0 0 0 0 0 0 0 0 0 0 0 0 0 0 0 0 0 0 0 0 0 0 0 0 0 0 0 0 0 0 0 0 0 0 0 0 0 0 0 0 0 0 0 1 0 0 1 1 1 0 0 1 1 1 2 8 8 4 8 17 5 6 3 13 3 3 3 4 7 13 8 18 18 15 19 17 20 31 34 16 14 15 18 41 27
0 0 0 0 0 0 0 0 0 0 0 0 0 0 0 0 0 0 0 0 0 0 0 0 0 0 0 0 0 0 0 0 0 0 0 0 0 0 0 0 0 0 0 0 0 0 0 0 0 0 0 0 0 0 0 1 1 1 1 1 0 2 4 3 3 2 3 9 8 5 7 6 2 3 6 3 4 4 8 20 13 7 35 33 35 32 32 33 33 32 15 19 31 32 33 21
0 0 0 0 0 0 0 0 0 0 0 0 0 0 0 0 0 0 0 0 0 0 0 0 0 0 0 0 0 0 0 0 0 0 0 0 0 0 0 0 0 0 0 0 0 0 0 0 0 0 0 0 0 0 0 0 0 1 1 2 1 3 3 2 1 4 6 4 9 5 3 6 2 3 4 9 16 18 25 30 5 18 39 17 9 14 26 12 33 47 32 29 23 27 32 64
0 0 0 0 0 0 0 0 0 0 0 0 0 0 0 0 0 0 0 0 0 0 0 0 0 0 0 0 0 0 0 0 0 0 0 0 0 0 0 0 0 0 0 0 0 0 0 0 0 0 0 0 0 1 2 1 0 0 1 1 2 2 4 2 4 3 5 2 5 4 1 3 4 4 9 6 13 16 30 20 3 7 12 31 8 2 4 11 55 49 54 59 21 27 15 54
0 0 0 0 0 0 0 0 0 0 0 0 0 0 0 0 0 0 0 0 0 0 0 0 0 0 0 0 0 0 0 0 0 0 0 0 0 0 0 0 0 0 0 0 0 0 0 0 0 0 0 0 1 0 0 1 1 0 0 2 2 2 2 2 2 3 4 1 1 2 3 2 1 2 8 17 4 3 3 5 5 5 2 5 24 15 5 3 17 18 15 15 38 40 16 41
0 0 0 0 0 0 0 0 0 0 0 0 0 0 0 1 1 0 0 0 0 0 0 0 0 0 0 0 0 0 0 0 0 0 0 0 0 0 0 0 0 0 0 0 0 0 0 0 0 0 0 0 0 0 0 0 0 0 1 0 0 2 1 1 1 2 1 1 1 3 1 0 1 5 3 9 17 2 3 9 9 4 6 6 3 36 9 5 4 11 5 32 16 50 26 16
0 0 0 0 0 0 0 0 0 0 0 0 1 1 1 0 1 1 0 1 0 0 0 0 0 0 0 0 0 0 0 0 0 0 0 0 0 0 0 0 0 0 0 0 0 0 0 0 0 0 0 0 0 0 1 1 1 1 1 1 1 1 1 0 2 1 1 3 1 0 3 1 2 8 28 4 7 1 0 2 4 5 5 11 5 8 24 13 6 10 8 7 20 16 25 11
0 0 0 0 0 0 0 0 0 0 0 0 0 1 1 1 3 3 1 0 0 0 0 0 0 0 0 0 0 0 0 0 0 0 0 0 0 0 0 0 0 0 0 0 0 0 0 0 0 0 0 0 0 0 0 0 1 0 0 1 1 1 1 0 1 4 1 1 9 1 1 6 7 5 11 2 4 10 4 2 2 5 7 4 7 4 8 43 22 13 15 9 8 22 33 28
0 0 0 0 0 0 0 0 0 0 0 0 0 0 0 0 0 0 0 0 0 0 0 0 0 0 0 0 0 0 0 0 0 0 0 0 0 0 0 0 0 0 0 0 0 0 0 0 0 0 0 0 0 0 0 0 0 1 0 1 1 1 2 8 6 3 3 1 2 15 2 2 3 6 4 1 2 2 16 6 3 4 11 10 6 9 8 12 34 13 12 14 5 7 18 22
0 0 0 0 0 0 0 0 0 0 0 0 0 0 0 0 0 0 0 0 0 0 0 0 0 0 0 0 0 0 0 0 0 0 0 0 0 0 0 0 0 0 0 0 0 0 0 0 0 0 0 0 0 0 0 0 0 0 1 1 3 2 4 6 5 13 7 1 4 6 11 6 5 3 6 4 3 2 11 3 7 6 6 13 10 9 9 10 48 30 9 11 16 8 32 34
0 0 0 0 0 0 0 0 0 0 0 0 0 0 0 0 0 0 0 0 1 1 0 1 0 0 0 0 0 0 0 0 0 0 0 0 0 0 0 0 0 0 0 0 0 0 0 0 0 0 0 1 2 1 2 1 0 0 2 1 1 1 6 10 11 8 15 4 5 9 19 3 7 3 2 3 7 2 5 15 5 10 11 7 7 7 11 8 19 17 36 15 10 10 10 21
0 0 0 0 0 0 0 0 0 0 0 0 0 0 0 0 0 0 0 0 1 1 0 0 0 0 0 0 0 0 0 0 0 0 0 0 0 0 0 0 0 0 0 0 0 0 0 0 0 0 0 0 1 0 0 2 0 1 0 0 0 1 1 6 4 1 2 1 7 11 14 10 5 5 10 2 3 4 5 11 12 8 13 11 9 11 11 13 13 15 20 41 22 14 13 12
0 0 0 0 0 0 0 0 0 0 0 0 0 0 0 0 0 0 0 0 0 1 1 0 0 0 0 0 0 0 0 0 0 0 0 0 0 0 0 0 0 0 0 0 0 0 0 0 0 0 0 0 0 0 0 0 0 1 0 1 2 2 1 1 0 3 3 2 2 4 5 15 19 8 4 3 3 5 7 12 15 33 7 12 10 10 11 6 11 18 17 6 41 17 9 13
0 1 0 1 0 0 0 1 0 0 0 0 0 0 0 0 0 0 0 0 0 0 0 1 0 0 0 0 0 0 0 0 0 0 0 0 0 0 0 0 0 0 0 0 0 0 0 0 0 0 0 1 0 0 1 0 0 0 0 1 1 1 0 1 2 1 0 2 6 8 9 23 7 11 5 4 7 6 14 11 15 14 19 9 10 11 7 6 8 9 16 12 17 34 15 8
0 2 0 2 0 1 0 1 0 0 0 0 0 0 0 0 0 1 1 1 0 0 0 0 0 0 0 0 0 1 0 0 0 0 0 0 0 1 0 0 0 0 1 0 0 0 0 0 0 0 0 0 0 0 0 0 0 1 1 3 1 2 3 3 4 1 1 3 5 7 7 13 10 6 13 3 7 14 16 21 11 10 15 15 7 7 4 2 3 10 12 19 20 20 27 24
0 1 1 1 1 1 1 0 0 0 0 0 0 0 0 0 0 0 1 2 0 0 0 0 0 0 0 0 0 0 0 0 0 0 1 1 0 1 2 0 0 0 0 0 0 0 0 0 0 0 0 0 0 0 0 0 0 0 0 0 0 1 4 5 5 4 5 6 5 8 8 8 7 12 3 7 7 13 7 7 9 9 7 11 19 14 9 18 12 8 8 12 22 27 18 15
0 0 0 1 2 1 0 0 0 0 0 0 0 0 0 0 0 0 0 0 0 1 1 0 0 0 0 0 1 0 3 1 0 0 1 5 3 1 0 1 1 0 0 1 1 1 0 0 0 0 0 0 0 0 2 1 1 1 5 2 2 1 2 3 3 4 5 8 8 5 6 10 9 14 7 11 6 8 9 14 8 9 10 17 9 9 14 17 11 14 19 12 13 18 10 6
0 0 0 0 0 1 0 1 1 0 0 0 0 0 0 0 0 0 0 0 1 1 1 0 1 1 1 2 1 1 3 6 3 1 1 0 1 1 0 0 0 0 0 2 1 1 0 0 0 1 1 2 1 0 0 1 1 0 1 2 3 3 4 3 4 4 4 11 9 4 6 7 11 14 9 11 11 14 8 10 8 10 4 8 10 7 14 11 9 9 11 13 6 10 9 16
0 0 0 0 0 0 2 5 1 2 0 0 1 0 1 0 0 0 0 0 0 0 1 4 8 2 3 5 2 2 1 2 6 2 2 0 2 3 4 17 10 1 0 0 3 1 0 4 0 0 1 1 2 0 0 3 4 1 1 1 6 10 2 8 5 6 5 8 7 6 10 10 12 11 12 14 13 13 11 5 4 6 7 8 12 8 11 9 8 8 8 7 5 2 3 4
0 0 0 0 0 0 1 6 2 3 0 0 2 1 3 0 0 0 0 0 1 2 1 5 7 5 7 8 2 7 4 12 14 17 13 10 5 7 8 5 0 2 2 0 0 2 0 1 0 0 1 1 1 2 1 1 4 11 3 3 6 3 4 4 7 12 14 13 8 6 15 9 8 9 9 6 12 6 3 3 3 7 8 5 6 3 5 2 4 7 4 10 15 18 17 22
0 0 0 0 0 1 0 8 1 0 0 1 1 0 1 1 0 0 0 2 2 1 1 1 12 20 13 12 4 27 14 21 32 20 30 17 27 24 18 21 11 2 0 0 0 0 1 1 0 0 0 2 3 3 4 8 11 13 20 4 3 4 5 7 8 12 17 8 7 16 8 7 9 9 4 3 2 3 7 8 11 6 5 3 6 13 16 17 32 11 25 34 18 34 39 32
0 0 0 0 0 0 0 2 2 1 2 2 2 3 1 3 0 1 0 0 1 7 2 2 1 4 7 11 14 4 1 1 1 3 3 9 34 27 28 45 24 7 1 0 0 0 1 0 0 0 0 0 2 7 10 6 3 5 23 14 4 3 5 7 12 12 6 12 8 4 5 8 10 6 6 5 3 3 3 3 6 13 11 18 26 30 28 32 20 22 21 33 29 46 56 39
0 0 0 0 0 0 1 1 1 1 1 4 6 8 0 0 1 2 2 1 1 1 4 1 2 2 1 2 1 2 3 1 4 3 9 6 4 3 3 3 2 2 1 0 0 0 0 0 1 0 1 1 0 3 2 5 8 9 6 10 10 5 18 20 15 8 9 6 7 7 8 10 4 2 6 7 3 2 3 9 28 25 16 26 29 32 22 34 25 25 53 61 38 55 41 40
0 0 0 0 0 0 1 1 1 1 1 0 0 0 1 1 0 0 4 3 4 2 4 1 2 3 2 2 1 1 2 4 1 5 2 2 2 3 3 3 1 1 1 0 1 1 2 1 1 1 1 0 1 1 1 6 2 2 1 8 4 8 10 6 12 6 5 7 8 4 4 3 4 4 7 8 13 3 27 19 25 22 22 22 20 37 36 27 25 39 22 11 20 20 31 51
0 0 0 0 0 0 0 0 0 1 0 0 1 1 0 1 0 0 0 1 2 2 1 2 2 1 1 1 2 0 2 1 1 2 1 1 2 5 1 4 2 1 1 0 0 0 1 2 1 1 1 2 2 1 3 3 3 4 4 12 19 19 10 3 7 6 5 3 4 2 3 17 17 11 11 21 10 17 25 32 34 20 18 42 41 44 48 43 51 50 31 11 7 8 19 44
0 0 0 1 0 0 0 0 0 1 0 0 1 0 0 0 0 0 2 2 1 2 3 2 1 1 0 1 0 0 1 1 1 1 1 1 1 2 1 2 2 1 1 0 0 0 0 1 10 4 1 2 9 3 2 5 9 26 19 16 30 12 11 5 7 5 2 2 6 6 13 19 27 11 15 25 15 28 32 25 30 48 22 68 57 47 41 42 52 43 37 34 12 10 10 14
0 0 0 0 0 0 0 0 0 0 0 0 0 1 0 0 0 1 1 1 0 0 0 1 1 1 0 0 0 0 1 1 0 1 1 0 1 0 1 2 1 1 1 0 0 0 0 1 2 3 2 4 4 2 3 6 8 8 7 5 5 3 2 1 2 1 5 11 15 10 18 25 26 16 25 19 12 23 24 19 44 35 28 31 24 5 6 34 18 29 27 20 21 9 7 30
0 0 0 0 0 0 0 0 0 0 0 0 0 0 0 0 1 0 0 1 1 0 0 1 2 1 0 0 0 0 0 1 5 1 1 1 1 1 2 0 1 0 0 0 0 0 0 1 1 1 2 2 1 3 3 3 19 5 4 3 2 7 7 12 5 9 13 21 14 11 12 22 12 13 22 22 11 12 18 25 33 22 19 24 16 8 10 13 28 17 19 22 15 10 6 9
0 0 0 0 0 0 0 0 0 0 0 0 0 0 1 0 0 1 1 1 3 1 2 2 1 1 0 1 0 0 1 1 5 6 3 2 1 2 1 0 0 0 0 0 0 0 0 0 0 1 1 2 2 3 4 5 3 1 2 8 6 13 13 13 9 9 14 15 21 16 8 14 16 21 13 31 13 10 11 20 19 42 21 18 11 18 21 11 48 33 19 12 3 13 14 18
0 0 0 0 0 0 0 0 0 0 0 0 0 0 0 0 3 3 1 1 1 1 1 0 0 0 0 0 0 0 0 1 2 1 2 3 1 1 1 1 0 0 0 0 0 0 0 1 0 1 1 2 4 4 3 3 4 7 9 17 10 9 15 11 7 12 11 9 12 6 8 11 20 7 9 9 9 10 30 15 8 7 12 21 21 19 16 15 15 23 14 10 12 8 13 16
0 0 0 0 0 0 0 0 0 1 1 1 1 1 0 0 1 3 1 2 0 1 1 0 0 0 0 0 0 1 1 1 0 0 1 2 1 1 1 1 0 0 0 0 0 0 0 0 1 1 1 3 4 3 5 3 5 5 12 8 7 7 10 7 5 6 7 3 8 5 3 8 5 4 4 9 8 13 4 41 21 28 14 12 22 22 21 34 17 13 8 11 8 3 9 6
0 0 0 0 0 0 0 0 0 0 1 1 2 1 2 0 1 1 0 0 0 1 1 0 0 0 0 0 0 0 0 0 0 0 1 1 0 1 1 0 0 0 0 0 0 0 0 1 1 1 2 2 2 6 3 3 5 11 8 7 6 5 6 3 4 6 5 2 3 2 3 3 8 6 9 10 23 16 4 6 26 31 26 29 16 14 22 37 25 16 14 5 6 14 14 8
0 0 0 0 0 0 0 0 0 0 0 0 0 0 0 0 1 0 2 0 1 1 0 0 0 0 0 0 0 0 0 0 0 0 0 0 0 0 0 0 0 0 0 0 0 0 0 1 1 1 1 3 3 2 2 4 6 5 4 4 3 2 4 4 3 4 2 3 4 25 6 5 6 12 1 2 2 22 17 10 8 24 16 15 16 14 24 16 11 29 22 12 12 10 7 7
0 0 0 0 0 0 0 0 0 0 0 0 0 0 0 0 0 0 0 0 0 0 0 0 0 0 0 0 0 0 0 0 0 0 0 0 0 0 0 0 0 0 0 0 1 0 1 0 1 2 2 4 3 2 3 3 3 4 2 2 5 2 3 3 1 2 2 8 2 5 22 19 18 14 16 8 6 3 2 9 10 8 29 21 24 23 26 49 30 14 17 16 18 11 9 3
0 0 0 0 0 0 0 0 0 0 0 0 0 0 0 0 0 0 0 0 0 0 0 0 0 0 0 0 0 0 0 0 0 0 0 0 0 0 0 0 0 0 0 0 0 0 0 1 1 1 1 2 2 2 2 3 2 2 2 2 1 2 1 1 2 3 2 3 22 3 25 30 11 42 28 27 14 13 16 13 16 17 7 5 17 27 22 34 22 21 16 12 17 11 5 4
0 1 0 0 0 0 0 0 0 0 0 0 0 0 0 1 1 0 0 0 0 0 0 0 0 0 0 0 0 0 0 0 0 0 0 0 0 0 0 0 0 0 0 1 0 0 0 0 1 1 1 1 1 1 1 1 2 1 1 2 1 2 1 1 2 1 2 4 4 9 6 30 9 20 55 49 36 53 29 19 24 43 52 37 15 14 22 28 26 17 19 12 10 9 4 3
0 0 0 0 0 0 0 0 0 0 0 0 0 0 0 0 0 0 0 0 0 0 0 0 0 0 0 0 0 0 0 0 0 0 0 0 0 0 0 0 0 0 0 0 0 0 0 0 0 1 0 0 0 0 0 1 1 1 0 1 1 0 1 6 10 6 3 5 2 1 3 4 10 9 37 42 35 45 47 33 57 39 43 21 20 26 28 25 39 26 18 19 11 8 6 2
0 0 0 0 0 0 0 0 0 0 0 0 0 0 0 0 0 0 0 0 0 0 0 0 0 0 0 0 0 0 0 0 0 0 0 0 0 0 0 0 0 0 0 0 0 0 0 0 0 0 0 0 0 0 0 0 0 1 1 1 1 3 1 0 0 0 1 4 4 4 2 2 2 6 12 34 26 52 69 25 51 77 43 35 31 24 26 30 31 24 20 26 19 12 7 3
0 0 0 0 0 0 0 0 0 0 0 0 0 0 0 0 0 0 0 0 0 0 0 0 0 0 0 0 0 0 0 0 0 0 0 0 0 0 0 0 0 0 0 0 0 0 0 0 0 0 0 0 0 0 0 0 1 0 0 0 0 7 0 0 1 3 4 5 7 6 6 12 5 2 5 28 30 57 79 69 45 48 50 37 27 36 42 34 32 34 30 35 27 14 11 4
0 0 0 0 0 0 0 0 0 0 0 0 0 0 0 0 0 0 0 0 0 0 0 0 0 0 0 0 0 0 0 0 0 0 0 0 0 0 0 0 0 0 0 0 0 0 0 0 0 0 0 1 0 1 1 2 1 1 1 0 0 0 7 1 0 6 9 3 5 7 13 11 6 6 4 5 8 32 70 45 30 16 15 41 15 40 21 24 29 37 39 34 31 19 16 9
0 0 0 0 0 0 0 0 0 0 0 0 0 0 0 0 0 0 0 0 0 0 0 0 0 0 0 0 0 0 0 0 0 0 0 0 0 0 0 0 0 0 0 1 0 0 0 0 0 0 1 0 2 2 1 1 1 0 1 2 0 0 1 14 1 2 3 13 4 4 14 27 40 18 16 10 5 3 5 5 8 9 9 32 31 16 18 13 15 39 26 33 26 24 13 7
0 0 0 0 0 0 0 0 0 0 0 0 0 0 0 0 0 0 0 0 0 0 0 0 0 0 0 0 0 0 0 0 0 0 0 0 0 0 0 0 0 1 0 1 0 0 1 0 0 1 0 0 2 1 2 3 1 3 3 1 1 1 1 7 8 2 1 7 22 26 17 20 11 14 21 25 13 6 9 5 11 13 13 11 30 33 15 21 16 18 21 14 18 15 18 9
0 0 0 0 0 0 0 0 0 0 0 0 0 0 0 0 0 0 0 0 0 0 0 0 0 0 0 0 0 0 0 0 0 0 0 0 0 0 0 0 0 1 0 0 1 1 1 0 0 0 2 1 0 2 0 1 1 3 5 3 7 2 2 4 26 3 4 2 18 23 48 7 3 8 12 37 28 24 23 18 12 11 7 12 16 39 25 15 15 8 14 17 12 9 10 7
0 0 0 0 0 0 0 0 0 0 0 0 0 0 0 0 0 0 0 0 0 0 0 0 0 0 0 0 0 0 0 0 0 0 0 0 0 0 0 0 0 0 0 0 1 1 2 2 0 0 1 2 1 1 4 1 4 3 11 7 1 2 2 1 33 8 3 4 7 52 67 67 19 14 13 13 10 13 12 14 28 30 19 9 13 14 36 29 20 24 9 25 20 10 6 4
0 0 0 0 0 0 0 0 0 0 0 0 0 0 0 0 0 0 0 0 0 0 0 0 0 0 0 0 0 0 0 0 0 0 0 0 0 0 0 1 0 0 0 0 0 2 4 8 5 4 0 1 1 2 2 1 3 9 8 9 2 6 6 4 26 56 13 8 6 3 6 32 7 11 8 30 24 13 13 11 14 17 30 26 16 8 16 25 24 22 11 23 14 10 16 8
0 0 0 0 0 0 0 0 0 0 0 0 0 0 0 0 0 0 0 0 0 0 0 0 0 0 0 0 0 0 0 0 0 0 0 0 0 0 0 0 1 1 0 0 0 0 2 3 5 8 5 2 3 6 3 13 8 14 22 9 12 3 7 8 11 53 61 31 17 8 6 6 33 15 14 17 29 40 22 21 12 17 20 30 31 13 6 29 20 32 18 13 12 18 10 7
0 0 0 0 0 0 0 2 1 1 0 0 0 0 0 0 0 0 0 0 0 0 0 0 0 0 0 0 0 0 0 0 0 0 0 0 0 0 0 0 0 0 0 0 0 1 3 1 9 9 21 4 5 6 16 16 1 17 24 21 16 12 11 7 7 46 72 49 23 29 5 3 23 41 21 7 15 12 27 12 20 20 22 22 36 21 13 13 26 25 23 18 8 8 8 6
0 0 0 0 0 1 2 2 2 11 4 0 1 0 0 0 0 0 0 0 0 0 0 0 0 0 0 0 0 0 0 0 0 0 0 0 0 0 0 0 0 0 0 0 1 1 3 2 1 10 16 22 7 5 10 4 3 3 12 19 54 40 5 8 27 37 45 56 14 29 21 4 7 34 23 20 16 19 29 31 24 27 16 15 19 27 20 9 9 20 20 16 15 14 7 5
0 0 0 0 0 0 0 0 0 0 1 8 4 1 1 0 0 0 0 0 0 0 0 0 0 0 0 0 0 0 0 0 0 0 0 0 0 0 0 0 0 0 0 0 1 0 12 15 6 4 9 23 19 7 2 2 8 2 4 23 15 14 11 12 17 30 16 76 18 31 19 28 4 16 21 35 32 31 40 37 39 32 15 17 11 29 25 12 8 12 11 10 15 8 6 4
0 0 0 0 0 0 1 0 0 0 0 1 5 6 3 1 1 0 0 0 0 0 0 0 0 0 0 0 0 0 0 0 0 0 0 0 0 0 0 0 0 0 0 0 1 2 2 1 9 19 5 10 2 3 2 6 5 9 7 10 28 30 21 20 8 17 15 58 62 20 10 23 23 8 16 23 37 25 27 21 30 28 32 31 12 21 14 16 22 12 10 5 7 10 8 4
0 0 0 0 0 0 0 0 0 0 0 0 0 1 9 6 3 0 0 0 0 0 0 0 0 0 0 0 0 0 0 0 0 0 0 0 0 0 0 0 0 1 2 1 3 2 3 2 3 4 34 10 8 6 4 3 8 12 12 13 35 56 32 22 24 23 39 63 82 54 23 12 39 31 21 8 10 33 33 31 21 24 30 31 25 7 10 19 18 18 5 12 3 3 4 4
0 0 0 0 0 0 0 0 0 0 0 0 0 0 0 0 0 0 0 0 0 0 0 0 0 0 0 0 0 0 0 0 0 0 0 0 1 0 0 0 0 0 1 2 2 3 3 3 4 8 9 13 7 6 11 8 7 15 7 4 11 23 50 47 61 50 42 55 62 68 49 55 57 28 36 18 11 28 35 22 34 13 22 17 15 18 14 12 12 14 6 6 4 3 2 3
0 0 0 0 0 0 0 0 0 0 0 0 0 0 0 0 0 0 0 0 0 0 0 0 0 0 0 0 0 0 0 0 0 0 0 0 0 1 0 0 0 1 0 1 1 2 2 4 6 14 8 4 38 19 16 21 13 12 14 18 11 33 66 43 58 59 50 56 57 78 38 55 38 24 28 21 14 12 26 42 31 28 18 19 8 12 16 15 8 7 10 4 3 3 3 1
0 0 0 0 0 0 0 0 0 0 0 0 0 0 0 0 0 0 0 0 0 0 0 0 0 0 0 0 0 0 0 1 0 0 0 0 0 0 0 0 0 1 1 2 3 1 3 4 4 15 7 19 3 10 16 37 14 20 21 33 30 29 17 25 24 15 15 35 44 43 35 17 49 32 24 41 34 25 37 25 19 28 28 22 11 8 13 9 9 5 3 3 3 2 2 1
0 0 0 0 0 0 0 0 0 0 0 0 0 0 0 0 0 0 0 0 0 0 0 0 0 0 0 0 1 1 0 0 0 0 0 0 0 0 3 0 1 1 0 1 4 3 2 2 7 16 19 6 44 27 26 45 33 15 29 21 19 31 24 29 16 14 13 11 40 60 56 28 26 43 37 45 40 35 60 40 19 22 20 13 19 9 7 6 6 4 3 3 3 2 1 1
0 0 0 0 0 0 0 0 0 0 0 0 0 0 0 0 0 0 0 0 0 0 0 0 0 0 0 0 2 2 0 0 0 0 0 0 1 0 0 3 0 1 1 2 1 1 3 6 7 16 17 6 16 9 6 31 26 26 24 16 20 36 28 32 34 23 19 17 20 45 53 44 59 59 60 65 65 51 32 34 32 15 13 12 11 9 4 5 4 3 3 2 2 1 1 0
0 0 0 0 0 0 0 0 0 0 0 0 0 0 0 0 0 0 0 0 0 0 0 0 0 0 1 1 2 11 4 2 0 0 4 1 1 0 0 1 4 1 1 7 3 4 4 7 12 11 15 5 5 9 10 13 36 36 21 16 17 23 33 49 29 34 20 21 18 11 16 38 40 24 33 37 48 60 40 31 24 19 18 14 11 7 10 6 3 2 2 1 1 1 1 0
0 0 0 0 0 0 0 0 1 0 1 2 0 0 0 0 0 0 0 0 0 0 1 0 0 0 1 1 1 1 6 2 1 1 1 2 1 0 0 0 1 3 1 1 1 2 3 7 25 18 34 16 11 12 14 13 25 25 29 58 29 18 22 24 17 20 19 13 10 13 10 14 15 10 19 36 35 26 39 26 22 16 18 12 14 6 4 3 2 1 2 1 1 1 0 0
0 0 0 0 0 0 1 0 0 0 0 0 0 0 0 0 0 0 0 0 0 0 1 1 0 0 1 1 1 0 1 3 5 1 0 1 1 1 1 1 1 1 3 3 2 2 7 6 20 16 49 22 11 14 16 19 26 28 22 46 45 29 13 13 8 10 19 18 10 4 11 10 5 6 9 15 19 17 29 19 22 10 19 10 6 6 2 1 1 1 1 1 1 0 0 0
0 0 0 0 0 0 0 0 0 0 0 0 0 0 0 0 0 0 0 0 0 0 1 3 1 1 1 2 1 0 0 0 7 2 2 1 3 1 2 3 2 1 1 4 3 5 5 7 17 13 5 8 18 20 27 33 18 18 9 12 28 14 13 10 14 10 18 13 14 5 5 9 5 6 5 5 7 14 22 15 16 6 4 5 3 2 2 1 1 1 0 0 0 0 0 1
0 0 0 0 0 0 0 0 0 0 0 0 0 0 0 0 0 0 0 0 0 2 1 2 2 1 2 2 3 1 1 1 1 4 3 3 5 1 3 2 2 3 2 2 6 4 6 15 18 21 20 12 19 14 19 27 21 15 8 8 10 8 7 5 4 6 4 4 7 7 3 1 4 5 4 3 5 5 8 8 5 3 3 2 1 1 1 1 0 0 0 0 0 0 0 1
0 0 0 0 0 0 0 0 0 0 0 0 0 0 0 0 0 0 0 0 1 1 1 1 12 1 0 0 1 1 1 0 1 0 1 2 47 18 3 4 3 1 2 3 2 5 5 8 26 31 36 20 19 15 21 24 11 7 5 17 27 26 16 20 18 14 16 11 3 3 2 1 3 4 2 2 1 2 3 4 3 3 1 1 1 0 1 0 0 0 0 0 0 1 1 1
0 0 0 0 0 0 0 0 0 0 0 0 0 0 0 0 0 0 0 1 1 1 9 2 5 3 1 1 1 1 1 2 1 1 1 1 1 1 4 3 2 4 2 3 3 8 10 10 26 18 30 33 31 27 22 13 10 11 16 23 34 42 47 45 15 23 16 16 12 12 10 4 4 1 3 5 2 1 2 1 1 2 2 1 1 1 0 0 0 0 0 0 0 1 1 6
0 0 0 0 0 0 0 0 0 0 0 0 0 0 0 0 0 0 0 0 0 1 0 0 0 0 0 0 2 3 1 4 3 1 1 1 1 1 1 3 2 7 4 2 7 6 20 12 14 10 18 21 22 27 15 20 17 19 34 36 41 38 35 42 33 18 27 30 29 29 25 23 7 4 11 18 6 3 3 2 1 1 2 1 1 0 0 0 0 0 0 0 2 1 2 2
0 0 0 0 0 0 0 0 0 0 0 0 0 0 0 0 0 0 1 0 1 0 1 0 0 0 1 1 1 2 4 3 2 2 4 1 0 1 1 2 1 3 6 6 8 8 6 6 20 13 13 17 15 11 17 29 19 39 36 26 40 36 37 33 32 30 31 45 53 45 46 25 6 8 20 14 9 11 4 6 8 3 2 1 1 1 0 0 0 0 0 1 0 0 1 0
0 0 0 0 0 0 0 0 0 0 0 0 0 0 0 0 0 0 0 0 0 0 1 0 0 0 1 0 0 1 1 1 0 1 3 2 1 1 1 1 1 2 2 2 6 6 8 9 14 15 11 8 15 16 27 27 27 36 35 34 24 39 38 30 53 31 39 42 50 59 27 20 11 16 26 17 22 9 6 13 3 3 2 1 1 1 0 0 0 0 0 1 1 2 1 1
0 0 0 0 0 0 0 0 0 0 0 0 0 0 0 0 1 0 0 1 0 0 1 0 0 1 0 0 0 2 1 2 2 2 3 2 1 4 3 1 1 4 2 4 4 3 9 7 9 9 8 15 21 25 23 34 25 23 23 28 21 32 40 48 50 47 41 40 45 43 37 38 56 41 20 30 16 12 15 7 6 2 1 1 0 0 0 0 0 0 0 0 0 1 1 2
0 0 0 0 0 0 0 1 1 0 0 1 1 1 1 0 2 2 2 1 0 1 0 0 0 0 1 1 1 3 1 8 13 3 1 2 0 2 2 1 6 2 3 3 6 4 6 7 10 12 16 16 27 32 31 23 41 24 33 29 21 37 38 41 39 41 39 39 44 50 54 27 21 10 5 17 34 21 6 17 10 3 1 1 0 0 0 0 0 0 0 0 1 0 0 2
0 0 0 0 0 0 0 0 1 0 0 2 0 0 1 0 0 0 0 1 0 0 0 0 0 0 1 2 3 6 2 2 2 9 3 2 1 4 2 2 3 6 5 6 7 14 19 22 7 29 27 19 20 27 39 40 19 13 45 31 24 27 29 23 39 54 18 51 56 43 47 40 33 19 8 29 54 32 9 16 9 8 4 1 1 0 0 0 0 0 0 0 1 0 1 1
0 0 0 0 0 0 0 0 0 1 0 1 0 0 0 0 0 0 0 0 0 0 0 0 0 1 1 1 1 3 2 2 1 1 2 1 3 4 2 2 7 9 4 18 16 9 12 8 8 24 36 20 21 46 20 18 19 11 46 21 17 21 33 39 33 33 31 48 34 27 35 33 37 53 33 35 43 32 23 20 15 11 4 3 2 0 0 0 0 1 1 1 2 3 2 6
0 0 0 0 0 0 0 0 0 0 0 4 1 0 1 0 0 0 1 0 0 0 1 0 1 1 1 2 2 1 1 2 2 3 4 2 5 1 2 3 6 7 13 17 13 6 4 8 17 11 20 29 43 13 8 16 16 10 39 16 38 14 33 18 18 52 38 26 53 34 29 39 67 72 39 14 26 45 25 19 14 11 7 3 1 1 0 0 0 1 0 2 10 5 6 21
0 0 0 0 0 2 1 3 1 0 0 2 0 0 3 1 0 0 2 0 0 0 0 0 2 1 1 1 1 0 0 2 4 2 6 1 7 1 4 3 9 10 19 9 9 8 8 15 13 10 9 19 20 8 13 18 18 14 35 36 19 29 23 33 52 36 42 37 33 21 28 73 58 22 38 46 34 34 28 22 16 13 6 2 0 1 0 0 0 1 2 5 3 2 21 27
