sesion_6_simulaciones/modelos_agentes/ejemplos_netlogo/scenarios/cgcm2_a2/rob_2081.asc
NCOLS 322 
NROWS 307 
XLLCORNER 451900 
YLLCORNER 4086900 
CELLSIZE 100 
NODATA_value -9999 
[rows 148 to 221 of 307, columns 0 to 95 of 322]
0 0 0 0 1 1 1 0 0 0 0 7 3 3 3 3 9 4 3 5 1 2 0 0 0 0 0 0 0 0 0 0 0 0 0 0 0 0 0 0 1 1 1 1 2 1 2 3 2 5 2 4 13 3 8 13 12 6 3 17 20 23 17 13 21 30 37 15 18 40 47 33 18 27 51 68 20 16 17 27 26 24 10 20 56 43 17 10 42 39 33 37 62 58 35 62
0 1 0 1 1 2 1 2 2 0 1 2 4 7 9 19 22 6 5 6 6 5 0 1 0 0 0 0 0 0 0 0 0 0 0 0 0 0 0 0 0 0 0 0 1 9 4 3 1 2 2 6 7 7 2 2 3 1 12 8 7 31 17 10 17 35 27 26 28 48 19 8 8 39 26 34 56 11 15 36 33 17 25 22 11 58 25 17 13 26 13 52 33 66 47 25
0 0 0 2 1 3 2 0 1 3 1 2 23 19 21 8 24 18 14 18 5 1 0 0 0 0 0 0 0 0 0 0 0 0 0 0 0 0 0 0 0 0 0 2 6 3 2 2 2 2 2 3 4 4 10 8 9 10 10 11 19 26 11 9 29 23 31 51 26 4 36 19 18 39 66 19 29 7 3 8 19 22 18 34 17 23 49 35 18 24 17 13 29 29 41 20
0 0 0 0 0 0 0 0 0 0 2 1 3 16 21 20 50 45 28 1 0 0 1 1 2 1 0 0 0 0 0 0 1 1 1 1 2 0 0 0 1 1 4 3 1 1 1 2 1 1 3 3 4 4 5 4 11 11 12 13 25 17 16 9 24 55 29 25 67 20 8 42 44 24 37 10 20 38 17 8 10 20 25 15 23 13 22 59 43 27 26 15 11 32 42 37
0 0 0 0 0 0 0 0 0 1 0 3 2 1 1 1 1 1 1 1 1 3 2 2 6 1 3 0 0 0 0 0 1 0 0 0 0 2 0 0 1 0 1 2 2 4 5 8 3 2 4 4 6 5 2 6 7 22 9 17 23 26 39 73 64 42 36 19 29 76 24 19 20 29 18 5 10 10 44 23 12 15 32 27 17 25 19 25 52 23 21 20 8 9 22 22
0 0 0 0 0 0 0 1 0 0 1 1 1 2 2 2 1 3 4 7 14 5 15 4 2 1 1 0 0 1 1 0 0 0 0 0 0 0 1 0 0 5 0 1 2 1 1 1 5 3 6 9 9 7 2 5 8 13 26 19 52 39 56 61 55 68 52 11 29 51 61 38 26 15 26 17 12 10 28 14 24 19 18 31 24 21 19 20 65 45 14 14 17 8 27 30
2 1 2 1 1 1 1 0 0 0 0 1 1 4 6 2 1 3 11 11 23 35 10 21 6 2 6 4 1 1 7 2 0 0 0 0 0 0 0 1 0 3 0 1 2 0 1 2 1 8 11 19 27 21 20 10 12 13 39 28 19 18 56 64 62 48 61 34 30 47 69 17 31 16 12 12 23 7 21 41 17 28 28 17 17 15 21 15 29 24 41 16 10 8 7 14
6 4 6 2 4 1 1 2 0 0 0 0 2 2 1 3 3 3 2 15 26 20 11 16 10 3 6 3 1 0 1 15 6 2 1 0 0 1 1 1 0 3 7 1 2 1 1 1 1 3 3 6 15 3 5 26 10 23 14 8 8 11 14 42 32 10 16 10 36 52 51 43 23 21 31 10 12 16 17 33 31 20 29 24 17 18 17 17 17 18 23 32 19 11 8 6
2 7 2 8 13 5 1 6 0 0 0 0 0 1 2 3 2 4 3 2 4 19 21 3 4 8 2 6 2 0 0 1 3 10 5 1 1 1 0 1 1 6 10 1 1 2 1 2 3 4 6 11 8 9 9 9 14 28 16 19 27 27 11 8 4 18 18 16 12 22 24 50 55 29 15 10 13 17 21 31 35 53 16 23 16 14 13 7 12 19 17 6 30 12 4 6
15 29 10 20 11 2 6 19 1 1 1 0 2 6 6 2 6 4 5 2 3 4 3 17 4 1 1 11 9 1 1 1 1 10 13 6 5 3 3 4 4 2 13 8 1 1 1 2 2 3 7 18 6 11 17 8 4 12 15 17 16 13 6 12 13 4 2 9 30 33 36 56 25 32 17 15 21 19 34 26 31 27 34 16 15 13 7 5 8 8 14 10 13 17 7 3
10 35 5 39 4 16 12 19 1 2 3 1 1 1 3 5 5 19 21 25 4 3 4 5 3 2 2 17 2 20 2 6 4 14 3 7 6 23 5 3 5 3 15 10 11 1 1 1 3 2 3 3 2 7 10 4 9 33 31 50 14 23 30 24 23 9 9 15 23 27 26 39 31 21 33 9 19 32 32 38 23 17 25 22 8 7 5 1 3 8 9 14 12 11 13 10
2 30 15 22 24 28 24 3 4 8 4 2 2 1 2 1 2 8 11 32 12 2 4 7 18 11 7 12 2 18 17 3 5 9 27 23 14 26 43 8 7 2 4 12 10 5 3 2 4 1 1 2 8 8 4 4 6 6 6 10 8 16 34 30 30 22 24 26 19 27 27 27 21 32 10 17 17 27 16 13 17 14 11 16 22 17 9 15 10 6 5 7 11 12 7 4
3 2 2 23 33 28 4 5 14 6 11 15 6 4 1 3 4 5 10 6 12 24 22 4 15 14 14 16 23 5 50 33 10 3 19 59 46 23 12 31 24 3 8 21 24 27 3 2 2 2 2 2 19 5 43 32 36 22 63 42 25 12 17 19 21 20 24 30 28 17 20 29 27 32 18 26 14 17 16 22 11 13 12 21 11 9 12 14 8 9 11 6 5 7 3 1
2 13 8 7 4 15 9 29 27 11 12 13 3 6 1 4 2 3 10 8 12 13 13 5 29 28 23 42 34 25 45 65 47 22 16 3 14 24 13 5 7 4 2 51 37 26 11 14 5 19 31 44 31 12 15 31 22 12 16 32 35 25 29 21 22 19 19 36 29 15 18 20 26 29 20 23 20 23 14 13 10 11 5 8 9 6 10 7 6 5 5 5 2 3 2 4
3 5 4 12 11 5 30 58 35 40 2 9 21 16 29 7 17 3 4 5 6 3 20 45 67 32 53 65 40 41 21 34 60 28 26 10 29 43 56 78 59 16 7 10 50 29 12 56 11 13 35 31 40 14 8 50 60 23 19 14 48 51 15 38 26 26 19 26 24 19 25 23 24 21 20 22 19 15 13 6 5 6 7 7 9 5 6 5 4 4 3 3 1 1 1 1
3 4 16 7 7 3 21 52 30 51 7 12 37 26 49 16 7 10 6 13 18 27 7 36 53 56 67 68 36 67 48 70 66 67 63 62 49 60 66 50 7 29 32 9 3 33 17 27 14 15 32 31 35 39 17 19 54 77 38 29 40 19 23 22 29 42 43 37 25 16 33 20 15 14 13 7 14 8 3 3 4 6 5 4 4 2 3 1 2 3 1 4 6 6 5 6
3 2 1 5 10 11 4 62 10 10 9 17 22 3 18 23 9 8 8 36 36 14 17 11 51 76 68 72 42 81 63 69 69 56 70 65 78 72 68 74 64 31 8 5 2 3 30 21 11 4 10 41 47 49 53 63 71 70 78 32 19 25 25 31 31 37 46 23 20 33 17 14 15 13 5 3 3 3 7 8 11 5 4 2 4 8 12 12 19 5 11 21 11 21 20 13
1 2 7 6 5 4 5 18 23 19 37 33 39 39 12 35 12 25 5 5 19 57 23 17 6 27 35 58 60 25 7 10 8 20 19 32 72 58 60 75 68 48 23 6 2 3 20 18 11 10 8 8 24 58 63 51 34 38 73 59 24 16 25 27 36 35 19 31 21 9 12 14 15 10 8 5 3 3 3 3 6 12 9 17 22 31 31 31 18 15 17 34 31 44 42 20
1 1 2 3 7 5 9 9 10 9 20 47 51 59 7 5 12 33 33 15 16 12 31 9 16 21 14 19 9 12 24 16 27 25 48 28 21 17 16 15 14 22 13 5 4 5 12 13 23 10 13 14 3 29 22 36 41 45 30 42 42 22 50 50 42 26 26 17 18 15 14 15 6 4 8 8 3 2 3 8 33 32 21 36 41 45 36 52 39 39 66 68 44 59 40 31
1 1 2 7 7 11 13 10 12 11 20 3 6 7 13 15 9 8 43 43 38 18 24 6 19 33 28 23 14 16 30 39 18 42 20 14 15 21 22 22 11 8 10 7 15 12 32 26 24 22 11 6 8 10 11 33 13 10 9 33 18 30 31 20 32 18 13 19 17 9 8 5 7 5 10 10 14 3 29 29 42 40 41 45 45 64 62 49 46 57 29 14 23 21 25 53
1 2 5 2 4 7 9 6 11 25 6 7 18 17 8 19 2 4 6 16 18 15 10 12 19 13 19 15 37 9 29 18 15 21 15 14 22 41 14 37 17 8 7 5 4 9 13 31 19 20 11 20 21 12 21 18 18 18 20 36 51 48 30 10 18 17 16 7 10 5 5 30 29 17 17 27 13 20 39 56 65 49 48 73 68 67 67 55 65 64 37 13 7 8 15 42
5 15 13 21 5 5 6 5 10 15 9 9 14 14 10 5 7 8 24 24 12 14 24 13 16 14 8 17 10 10 19 14 18 16 11 14 10 25 9 32 22 14 9 3 2 1 7 11 61 44 20 17 46 19 10 26 37 59 51 42 55 30 23 14 17 12 4 5 14 13 27 40 49 22 30 40 25 43 58 57 68 81 52 83 71 67 59 61 59 52 40 32 10 6 6 11
1 1 1 1 2 2 8 5 12 6 9 5 7 19 5 2 5 11 11 10 5 4 4 12 16 11 7 8 10 12 14 18 8 13 10 4 17 10 17 30 13 14 23 9 9 4 3 12 19 32 20 31 22 10 15 27 30 27 24 16 15 10 6 3 4 1 12 26 37 27 43 54 53 38 51 40 27 46 59 56 81 68 57 55 44 10 12 45 23 32 23 13 13 5 3 18
1 3 3 5 3 6 3 4 7 7 2 4 6 6 10 10 16 6 6 7 9 2 5 15 30 18 9 6 10 6 6 18 48 16 10 8 17 8 34 6 17 8 12 11 6 3 6 8 6 13 20 17 7 15 16 15 47 19 12 10 6 19 21 30 15 24 32 48 41 38 39 55 38 38 51 48 33 42 57 68 71 55 42 40 29 16 16 18 31 15 13 12 7 5 2 4
1 2 2 3 6 1 1 2 2 4 4 3 10 8 30 12 9 18 14 11 31 10 14 16 23 22 7 17 4 10 14 12 39 41 23 13 13 25 19 6 5 5 9 11 4 9 6 4 4 7 9 14 13 15 18 18 12 5 6 24 21 37 37 36 27 28 42 46 59 54 35 50 52 56 41 61 50 49 54 61 55 72 48 36 22 26 23 11 44 23 10 6 1 5 5 8
1 1 1 2 1 1 1 3 5 3 5 8 7 6 6 7 44 39 14 16 20 15 21 8 11 15 17 10 5 6 5 9 14 11 17 27 5 8 22 14 8 11 8 5 10 7 8 8 5 7 10 12 23 19 13 11 15 22 28 47 36 34 47 36 28 41 42 39 53 34 44 53 65 33 41 45 51 58 75 52 27 23 30 40 34 25 16 12 10 12 7 4 4 3 4 5
1 2 2 1 1 6 4 3 11 21 25 21 19 30 10 7 10 31 19 30 4 12 22 7 9 6 9 15 9 19 13 10 7 8 18 30 9 16 16 18 12 2 3 6 5 7 4 3 7 11 11 22 20 15 21 14 20 22 43 35 31 31 41 31 27 33 41 27 51 41 29 56 40 30 37 61 52 58 21 78 55 59 33 25 32 28 21 22 9 6 3 3 2 1 2 1
1 1 1 1 1 1 2 4 7 12 17 33 29 24 34 6 14 13 7 7 9 18 19 7 3 4 2 5 3 6 5 6 10 9 17 16 7 16 18 14 8 4 2 2 4 5 6 14 7 8 18 14 11 28 15 15 24 42 39 40 34 30 33 23 27 47 46 31 47 39 40 42 64 59 54 54 67 58 21 23 54 62 49 44 23 16 19 23 12 7 4 1 1 3 3 1
0 0 3 1 3 1 1 2 4 7 2 3 3 3 6 11 12 11 32 8 13 17 7 7 1 6 2 7 3 2 4 5 5 5 8 7 8 9 9 10 7 4 1 3 5 5 8 10 10 10 13 24 16 14 13 24 34 31 29 29 27 19 34 32 32 49 37 45 50 82 61 52 50 66 16 17 13 53 52 33 22 48 33 25 21 16 21 8 5 12 7 3 3 2 1 1
1 2 2 9 0 10 8 1 3 2 5 3 8 6 8 6 9 5 6 6 3 8 2 3 2 1 2 3 1 4 4 3 3 4 5 3 5 3 4 7 5 5 6 9 14 5 12 7 16 23 21 34 24 13 22 25 26 34 18 23 41 27 37 41 27 44 38 62 24 42 78 73 70 59 68 46 31 15 11 28 26 19 44 36 33 26 25 37 16 5 5 4 4 2 1 0
7 2 1 3 7 3 2 3 2 3 1 3 2 2 8 4 4 1 4 6 5 2 2 3 1 1 1 0 1 1 1 2 2 8 2 2 2 3 3 1 3 6 2 4 4 9 4 10 17 25 21 24 20 20 18 32 24 29 26 23 28 32 24 26 41 46 30 33 74 22 72 76 49 76 75 77 57 50 51 40 40 34 16 10 24 32 20 24 11 8 4 2 3 2 1 0
3 25 3 8 1 2 1 2 1 1 4 1 2 5 11 17 23 4 3 7 3 2 1 1 2 1 1 1 1 0 0 2 2 2 1 1 2 1 5 4 2 6 3 16 7 8 9 7 17 20 13 12 14 15 15 17 32 25 20 37 29 40 23 22 38 11 27 33 26 42 30 68 38 57 79 80 77 86 68 52 57 71 73 54 20 17 20 20 12 6 4 2 2 1 0 0
1 3 2 2 3 3 1 1 1 1 3 1 7 2 2 3 3 4 3 3 5 1 2 1 1 0 0 0 0 0 1 1 1 1 1 1 1 2 4 3 2 2 5 13 2 11 7 8 8 17 6 8 10 11 11 13 21 25 16 23 34 15 21 58 65 54 30 28 13 5 15 17 33 32 67 74 68 74 77 61 79 67 62 32 25 28 26 18 23 10 4 4 2 1 1 0
1 1 3 2 2 2 1 1 0 1 0 0 1 1 10 5 10 2 2 2 3 1 1 1 1 1 1 0 0 0 1 0 1 1 0 0 1 3 1 1 1 2 2 5 5 4 5 5 7 6 3 7 4 5 9 7 17 22 24 30 26 46 12 4 4 8 12 27 25 20 11 11 6 20 35 63 54 76 86 51 70 86 61 47 39 24 21 21 17 8 6 5 3 1 1 0
0 3 1 1 1 1 1 0 0 0 0 0 0 1 2 2 2 2 2 2 1 2 0 1 1 1 1 0 0 0 0 0 1 0 1 1 1 3 0 0 1 2 2 3 2 2 2 2 3 2 5 8 7 10 10 9 19 13 14 10 13 51 9 11 23 36 46 35 37 30 27 41 17 6 15 53 50 75 86 77 62 61 59 46 31 31 30 23 17 14 9 9 5 2 1 0
0 1 1 1 1 1 0 0 0 0 0 0 1 0 1 1 1 1 0 0 0 0 0 0 0 1 0 0 0 0 0 0 0 0 0 0 1 1 1 1 1 1 2 3 1 1 2 2 3 4 9 32 16 36 35 48 31 18 22 12 8 3 57 23 8 45 59 34 39 43 50 38 22 21 11 14 19 46 79 57 44 24 19 40 14 28 14 14 15 16 13 8 6 3 2 1
1 0 0 0 0 0 0 0 0 0 0 0 0 0 1 0 0 0 0 0 0 0 0 0 0 0 0 0 0 0 0 0 0 0 0 0 0 0 0 1 1 4 15 26 7 8 5 4 4 2 36 8 41 39 23 30 17 16 24 39 9 8 11 71 17 23 30 60 35 30 57 65 74 46 38 19 10 6 9 8 13 13 11 27 28 11 10 6 5 14 6 7 4 3 1 0
0 0 0 0 0 0 0 0 0 0 0 0 0 0 0 0 0 0 0 0 0 0 0 0 0 0 0 0 0 0 0 0 0 0 2 2 2 5 8 11 11 21 6 27 12 16 23 1 7 21 6 7 36 26 36 42 22 45 51 27 24 15 7 47 60 17 6 31 61 70 56 55 35 36 48 46 24 10 15 5 15 14 13 8 24 22 7 8 5 5 5 2 2 1 2 1
0 0 0 0 0 0 0 1 2 0 0 0 1 0 0 0 0 0 0 0 0 0 0 0 0 0 0 0 0 0 0 0 0 0 0 1 3 10 5 7 8 29 9 11 28 20 24 5 4 6 47 25 9 27 8 21 17 45 60 42 48 27 15 27 79 25 26 13 45 58 80 25 12 26 33 58 46 40 33 23 13 10 5 7 10 21 11 5 4 2 3 3 1 1 1 0
0 0 0 0 0 1 1 0 1 1 1 0 0 0 0 0 0 0 0 0 0 0 0 0 0 0 0 0 0 0 0 0 0 0 0 0 1 7 13 11 8 10 7 6 25 32 47 48 6 9 23 32 17 13 34 7 35 38 68 57 13 22 16 8 79 49 19 19 25 78 82 87 49 39 32 27 20 20 15 17 29 26 13 5 6 6 15 10 5 5 1 4 2 1 0 0
0 0 0 2 1 1 2 4 3 2 1 1 1 0 0 0 0 0 0 0 0 0 0 0 0 0 0 0 0 0 0 0 0 0 0 0 1 6 13 33 12 6 4 7 13 45 59 67 62 59 11 19 18 22 18 7 26 50 54 57 18 30 31 23 58 87 53 33 21 13 19 55 24 28 23 51 40 19 15 11 11 13 19 15 6 2 5 8 7 4 1 3 2 1 1 0
1 1 1 1 3 3 4 1 4 4 2 3 2 1 3 1 1 0 0 0 0 0 0 0 0 0 0 1 0 0 0 0 0 0 1 1 1 1 1 0 19 17 4 11 8 11 29 41 63 72 56 28 32 44 23 47 32 56 70 48 54 16 33 32 30 82 89 67 48 23 16 17 57 36 29 29 40 45 24 19 9 11 12 16 13 4 1 8 5 6 2 1 1 1 1 0
0 0 0 2 5 3 14 30 21 21 9 5 2 3 8 3 1 0 1 0 0 0 0 0 0 0 1 0 0 0 0 0 1 0 1 1 2 2 2 2 2 7 7 7 5 13 44 19 61 67 81 38 35 35 54 51 8 53 66 63 56 43 36 28 21 74 84 81 56 57 14 7 43 65 36 11 18 14 26 10 13 11 10 8 13 6 3 3 5 4 3 2 1 1 1 0
0 0 0 8 8 18 35 36 34 61 52 11 15 11 10 6 2 5 2 1 0 0 0 0 1 3 2 0 0 0 0 1 0 1 0 1 1 2 4 3 2 3 4 3 14 17 32 24 6 55 70 77 36 27 39 18 14 14 41 52 83 75 20 26 54 64 66 81 37 55 44 11 15 49 37 29 19 20 27 23 13 13 6 4 5 7 4 1 1 2 2 2 1 1 0 0
0 0 0 0 0 0 3 6 9 4 20 47 55 26 18 5 4 9 2 1 2 0 0 0 0 0 3 5 1 0 0 1 0 1 1 1 2 2 5 3 7 13 12 9 8 5 51 55 36 25 43 68 57 28 12 11 31 11 17 53 46 43 34 32 38 55 36 84 37 50 36 44 8 28 31 44 34 28 31 24 22 13 4 3 2 6 4 2 1 1 1 1 1 0 0 0
0 0 0 1 1 2 19 5 6 5 6 13 46 59 49 23 15 11 2 6 1 1 0 1 1 0 0 0 1 0 0 1 1 3 1 1 1 2 5 5 6 9 6 8 16 18 18 7 35 58 28 39 10 14 8 22 20 30 24 30 56 61 48 43 21 29 28 73 77 34 18 34 33 11 21 20 34 19 17 10 15 10 9 8 2 3 2 2 2 1 1 0 0 1 1 0
0 0 0 0 0 1 3 3 2 7 4 1 4 23 52 58 47 3 0 0 1 3 1 2 1 1 1 0 0 1 0 7 4 1 7 2 3 4 6 4 7 16 27 18 24 16 24 13 17 18 68 38 32 23 17 14 26 35 29 32 57 75 56 42 40 34 48 68 81 64 32 18 45 33 20 7 8 24 20 15 8 7 8 7 4 1 1 2 2 1 0 1 0 0 0 0
0 0 0 0 1 1 1 1 1 3 6 4 14 4 4 6 7 2 1 2 4 0 1 2 11 9 1 1 1 8 2 2 10 7 15 4 24 6 5 5 7 10 11 21 16 22 23 16 20 29 29 38 24 24 32 26 23 35 20 11 25 38 59 56 61 50 44 52 62 68 45 50 51 27 31 14 8 18 17 8 13 3 5 3 2 2 2 1 1 1 0 0 0 0 0 0
2 0 2 0 0 1 1 1 2 6 4 6 2 6 12 5 7 4 1 3 0 2 2 1 1 2 3 6 5 1 3 7 7 3 3 4 2 19 5 8 10 15 7 11 10 11 12 21 28 38 23 13 55 47 37 46 32 29 30 33 20 39 65 44 45 46 34 40 50 68 30 36 29 19 20 14 8 6 11 15 8 7 3 2 1 1 1 1 1 0 1 0 0 0 0 0
3 3 0 0 1 0 3 9 1 1 3 4 3 9 3 6 1 1 0 0 1 1 1 2 2 1 2 3 1 3 1 16 5 12 6 15 2 7 13 4 7 16 13 24 24 9 14 21 19 40 21 39 10 26 29 62 29 38 34 50 38 35 20 21 18 8 7 17 27 28 19 8 27 18 14 26 20 12 14 8 4 6 5 3 1 1 1 1 1 0 0 0 0 0 0 0
2 2 12 1 0 4 0 0 6 5 1 4 1 9 3 4 3 1 1 2 4 6 2 1 3 4 3 5 18 18 10 2 2 4 8 5 4 1 34 11 12 11 5 8 26 20 15 11 24 40 38 14 61 44 37 64 49 23 39 23 23 34 23 20 9 7 5 3 18 33 28 12 11 18 18 23 18 12 24 10 4 4 2 1 2 1 1 0 0 0 0 0 0 0 0 0
1 3 6 2 0 0 2 1 0 1 2 1 1 2 5 2 1 0 1 1 3 3 8 5 4 6 7 8 34 41 12 7 4 9 12 8 16 6 2 37 8 16 16 17 10 9 15 25 25 37 27 12 27 15 11 42 31 28 27 15 18 31 22 22 21 10 7 5 6 14 21 14 23 21 24 27 32 19 7 8 6 2 1 1 1 1 0 0 0 0 0 0 0 0 0 0
6 2 11 3 5 1 0 11 1 3 9 1 6 4 2 9 1 1 1 1 1 3 4 4 5 10 12 13 25 64 50 28 8 6 45 19 19 11 5 15 42 11 11 39 21 23 19 29 35 26 24 10 9 14 13 17 34 27 18 11 11 13 18 29 12 13 7 5 4 2 3 9 9 4 7 10 12 19 8 5 3 2 2 1 1 0 1 0 0 0 0 0 0 0 0 0
6 4 2 6 2 3 4 1 17 7 15 33 9 11 6 2 1 2 2 9 2 7 17 8 6 10 15 12 8 10 50 31 18 11 12 31 14 10 7 5 9 27 11 7 10 13 17 29 54 39 56 27 17 17 15 13 18 14 13 36 15 7 9 9 5 6 6 3 2 2 2 2 2 1 2 6 5 3 6 4 3 1 1 1 1 0 0 0 0 0 0 0 0 0 0 0
2 11 6 9 6 8 20 11 5 5 2 1 3 2 4 10 4 2 6 1 13 3 22 21 7 11 18 12 7 3 6 28 43 18 6 18 23 9 22 15 12 6 23 25 13 14 30 24 45 32 63 32 16 16 15 13 14 12 7 16 18 11 4 3 2 2 5 4 1 1 1 1 1 1 1 2 2 2 3 2 2 1 2 1 0 0 0 0 0 0 0 0 0 0 0 0
2 2 0 4 5 0 1 1 5 3 8 7 8 9 5 7 10 6 6 4 3 3 23 51 18 17 20 25 12 4 4 4 40 19 22 16 33 8 25 30 18 8 6 26 18 25 22 24 39 24 9 13 23 22 21 19 8 6 2 2 6 3 3 2 3 2 3 2 2 1 0 1 1 1 0 0 0 1 2 1 1 0 0 0 0 0 0 0 0 0 0 0 0 0 0 0
1 2 1 1 1 2 1 1 1 4 2 3 2 1 4 10 2 2 4 11 6 42 17 41 37 20 32 26 30 11 4 7 5 21 22 26 36 10 27 17 18 21 16 13 28 18 22 40 40 38 32 16 22 13 13 14 8 5 2 2 2 2 1 1 1 1 0 1 1 1 0 0 0 0 0 0 0 0 0 0 0 0 0 0 0 0 0 0 0 0 0 0 0 0 0 0
2 2 1 1 1 3 1 1 2 2 1 2 2 1 3 4 2 3 2 3 27 17 12 12 65 21 6 6 7 5 6 3 7 3 8 12 81 57 20 28 20 9 16 18 11 24 17 23 51 52 51 29 21 12 13 11 3 2 1 4 9 9 5 5 4 3 2 1 0 0 0 0 0 0 0 0 0 0 0 0 0 0 0 0 0 0 0 0 0 0 0 0 0 0 0 0
1 0 0 0 0 1 1 1 0 0 1 1 2 1 1 3 1 3 7 32 15 13 39 31 56 38 11 8 9 12 11 11 4 6 8 5 4 5 20 17 11 24 9 18 16 28 32 25 51 37 47 46 33 22 12 4 3 3 5 8 16 22 25 18 4 5 3 2 2 1 1 0 0 0 0 0 0 0 0 0 0 0 0 0 0 0 0 0 0 0 0 0 0 0 0 0
0 0 0 0 0 0 0 0 0 0 0 0 1 1 1 1 1 3 6 5 8 12 5 2 7 5 4 7 19 23 11 28 22 9 8 5 6 6 5 15 12 29 19 10 28 21 42 30 30 20 29 27 22 19 8 9 7 8 18 22 29 24 19 18 12 5 8 7 7 6 3 2 1 0 1 1 0 0 0 0 0 0 0 0 0 0 0 0 0 0 0 0 0 0 0 0
0 0 0 0 0 0 0 1 3 3 3 0 0 1 1 0 1 3 16 9 18 5 10 6 4 6 21 13 16 19 30 21 13 15 19 3 2 3 7 9 7 14 24 24 27 26 20 17 40 24 20 20 13 8 12 18 11 24 30 23 35 29 30 22 18 15 13 19 19 13 9 3 1 1 2 1 1 1 0 0 1 0 0 0 0 0 0 0 0 0 0 0 0 0 0 0
0 0 0 0 0 1 0 2 7 10 5 4 1 0 1 1 2 6 9 5 3 5 11 9 7 8 16 7 4 11 12 8 4 8 18 11 5 4 7 5 4 7 8 10 18 19 22 18 28 24 14 8 15 17 29 26 27 35 38 36 25 38 39 28 45 22 26 25 25 23 6 3 1 2 3 2 2 1 0 1 0 0 0 0 0 0 0 0 0 0 0 0 0 0 0 0
0 0 0 0 0 0 1 1 0 2 7 10 4 9 9 9 21 6 6 14 3 2 11 5 8 13 7 7 4 11 12 13 13 11 18 9 6 17 15 5 3 18 10 16 13 8 24 14 16 14 11 16 27 37 35 42 32 30 30 36 28 42 45 53 52 42 30 26 27 21 14 10 17 7 3 3 1 1 1 0 0 0 0 0 0 0 0 0 0 0 0 0 0 0 0 0
0 0 0 0 2 1 3 20 16 8 9 26 16 13 26 13 44 44 36 21 7 19 2 2 3 3 14 17 16 25 8 42 48 17 6 9 3 12 11 7 24 11 11 10 17 11 16 15 15 16 27 27 44 56 54 43 55 36 43 40 33 52 52 53 46 44 35 31 32 31 24 7 4 1 1 2 4 2 0 1 1 0 0 0 0 0 0 0 0 0 0 0 0 0 0 0
0 0 2 0 0 3 11 17 27 5 5 35 7 7 19 9 11 4 12 25 5 10 5 5 3 8 11 19 22 38 15 10 11 35 15 13 5 21 9 9 13 23 20 20 24 38 40 37 14 43 49 42 45 58 66 65 36 25 65 48 40 47 49 38 53 58 18 47 48 28 25 15 9 3 1 4 9 3 1 1 1 1 0 0 0 0 0 0 0 0 0 0 0 0 0 0
2 0 1 5 1 1 1 2 4 19 3 22 8 11 17 6 2 4 12 6 4 3 8 4 7 14 16 8 6 23 15 11 7 6 8 7 15 20 9 8 30 35 19 48 44 27 31 20 19 44 61 49 50 78 48 44 43 26 71 42 37 44 59 61 51 45 39 49 29 19 20 13 11 16 7 6 8 4 2 1 1 1 0 0 0 0 0 0 0 0 0 0 0 0 0 0
8 10 1 7 4 11 13 6 2 3 14 52 29 4 33 5 8 6 13 7 4 3 17 7 13 11 14 13 11 9 7 9 11 15 20 13 26 4 9 17 29 30 45 51 36 20 13 22 41 32 48 63 75 41 29 43 43 29 72 42 68 35 59 38 39 71 54 34 52 27 18 21 39 36 9 2 4 6 3 1 1 1 0 0 0 0 0 0 0 0 0 0 1 0 0 2
5 9 15 7 9 43 17 46 29 2 11 39 2 6 32 16 9 4 27 3 3 3 7 5 21 15 8 7 8 3 2 8 21 11 29 7 34 6 23 18 44 44 58 31 29 23 24 41 43 37 35 59 60 33 45 56 50 38 71 69 46 58 51 61 75 59 55 48 37 20 22 61 35 6 10 10 6 5 3 2 1 1 0 0 0 0 0 0 0 0 0 0 0 0 1 2
15 24 24 43 38 44 48 65 40 13 10 11 14 3 29 13 9 6 4 3 2 5 13 5 10 8 8 20 15 15 16 19 12 6 9 16 46 18 20 27 51 54 43 30 16 32 31 59 60 36 33 49 37 26 37 62 31 61 58 59 66 31 47 78 79 58 52 35 44 50 37 38 22 16 15 5 4 3 2 1 1 0 0 0 0 0 0 0 0 0 0 0 0 0 2 13
1 29 47 23 56 8 32 53 56 55 44 46 25 3 34 49 22 5 8 5 3 8 11 7 5 9 17 4 6 7 3 6 5 17 44 22 35 13 13 26 51 35 27 11 25 44 33 42 62 38 41 47 18 36 59 52 21 55 35 74 56 61 74 70 59 48 58 38 24 11 12 8 5 3 2 1 1 1 1 1 0 0 0 0 0 0 0 0 0 0 0 0 1 1 3 9
3 5 14 4 2 3 5 5 9 3 5 15 43 6 4 27 52 29 18 12 5 6 3 5 16 3 8 9 26 23 4 11 14 18 56 45 54 20 14 31 30 16 12 28 44 39 30 36 55 28 45 54 42 54 73 44 53 24 50 58 39 65 60 25 13 18 14 26 43 40 37 29 34 14 4 1 1 1 1 1 1 0 0 0 0 0 0 0 0 0 0 0 1 4 9 12
3 4 1 2 5 17 26 7 12 2 5 4 2 1 5 2 5 7 3 2 2 12 5 8 3 15 11 18 8 15 15 39 22 25 45 48 31 26 23 36 16 18 24 40 43 35 41 21 36 44 44 76 82 60 68 80 84 64 80 81 81 88 68 78 61 54 53 48 34 12 19 15 10 10 9 8 4 2 1 1 0 0 0 0 0 0 0 1 1 1 1 0 0 2 6 18
4 7 5 6 11 19 30 23 7 5 11 6 7 5 4 7 5 2 2 3 4 15 5 6 13 14 6 36 27 18 31 44 26 30 50 16 9 17 9 33 25 19 24 32 37 38 43 26 35 54 53 69 69 69 23 41 78 87 86 69 28 22 48 45 81 57 47 61 27 15 12 13 19 8 3 2 1 1 1 1 0 0 0 0 0 1 1 2 2 1 1 1 1 2 7 9
3 1 4 6 10 11 23 15 3 6 6 8 19 13 5 6 3 4 4 4 1 3 24 13 7 2 7 17 20 14 14 23 34 15 32 7 14 12 3 33 20 24 32 35 26 41 57 42 67 77 46 30 32 27 19 22 62 70 66 39 60 47 43 54 46 42 41 24 42 28 29 13 12 9 5 4 2 1 0 0 0 0 0 0 0 1 2 5 9 4 4 2 2 8 12 13
