sesion_6_simulaciones/modelos_agentes/ejemplos_netlogo/scenarios/cgcm2_a2/rob_2091.asc
NCOLS 322 
NROWS 307 
XLLCORNER 451900 
YLLCORNER 4086900 
CELLSIZE 100 
NODATA_value -9999 
[rows 0 to 73 of 307, columns 192 to 287 of 322]
24 23 12 5 21 46 21 8 9 13 17 7 5 4 8 6 4 5 9 9 9 10 7 9 17 27 16 31 34 60 26 9 9 2 2 3 5 5 4 14 17 8 8 29 35 36 25 34 42 46 26 25 27 34 27 36 28 71 23 19 2 3 4 12 15 7 15 14 7 15 6 3 4 8 15 6 5 13 32 8 4 6 6 10 9 7 17 13 10 11 3 7 11 38 6 2
24 12 14 13 23 42 9 15 29 17 12 9 17 16 10 10 16 4 8 13 17 10 6 7 8 34 12 16 11 21 59 33 6 4 2 2 3 5 11 8 16 5 3 11 15 19 30 25 38 68 80 53 27 25 25 32 44 53 51 6 7 4 15 12 14 11 13 10 17 5 2 9 3 8 25 7 31 17 11 15 10 14 17 11 8 4 12 15 15 12 6 10 8 14 5 4
8 24 12 12 39 26 17 8 5 14 15 18 30 34 19 34 23 20 32 35 35 18 14 9 5 8 6 2 3 7 10 36 27 7 8 4 3 2 6 2 1 3 15 29 26 40 35 35 48 52 57 41 48 29 43 65 23 27 27 10 11 10 14 7 6 19 6 7 7 9 4 6 5 8 40 8 48 25 11 22 10 9 15 17 9 2 7 8 16 10 7 21 8 24 4 1
14 14 38 52 31 16 15 15 16 36 17 31 49 36 31 50 38 21 34 53 44 41 35 22 16 11 2 3 4 2 4 9 4 6 5 5 6 2 2 2 7 13 8 8 16 45 37 36 13 21 15 14 19 46 35 44 33 13 15 19 22 7 7 13 5 26 14 13 38 7 13 11 3 3 21 9 15 15 18 22 14 13 17 22 11 3 6 16 23 8 15 12 11 27 3 1
11 9 21 4 37 42 33 33 42 30 38 21 31 32 37 53 38 47 53 60 59 40 34 37 23 33 18 29 22 5 3 1 4 3 3 6 2 1 2 3 6 7 11 16 14 19 17 24 43 52 52 38 29 24 64 60 18 18 5 6 19 16 8 12 10 25 13 8 5 3 3 3 4 3 10 10 8 21 43 52 38 10 9 23 22 16 2 12 13 27 16 11 17 33 7 1
12 9 23 17 9 13 43 14 37 32 31 35 14 35 48 51 63 55 23 30 43 30 24 36 34 36 20 33 26 10 10 5 2 2 1 1 1 2 1 1 4 8 13 26 43 57 57 59 46 27 29 28 48 53 82 49 21 20 5 28 40 30 21 16 12 28 7 10 15 12 17 13 10 8 7 10 18 17 22 15 24 45 30 19 26 17 4 8 14 16 6 11 14 15 8 2
9 4 6 19 11 9 47 12 9 22 27 68 38 19 44 61 51 58 28 12 21 41 48 59 35 35 39 28 32 26 20 15 14 13 7 2 3 5 2 1 3 8 16 26 55 34 35 43 55 42 49 81 40 60 72 34 19 28 14 26 35 30 26 27 29 20 25 25 23 6 12 13 12 19 17 9 3 11 25 28 21 42 24 10 7 24 9 6 9 8 8 15 25 29 6 5
6 5 5 8 23 19 34 48 12 6 14 22 58 17 7 25 16 31 35 19 15 32 17 34 32 28 34 25 36 33 30 29 28 28 25 11 15 7 3 2 4 17 28 36 46 47 44 69 82 76 74 38 65 59 65 36 16 6 11 14 17 10 9 5 5 18 14 11 29 12 11 8 13 17 19 12 3 17 31 16 43 62 38 12 6 30 17 8 9 21 17 23 40 19 8 6
12 11 11 7 15 13 27 56 56 23 12 13 28 47 26 17 13 39 46 31 25 43 14 26 54 38 33 37 39 48 46 43 45 40 27 23 12 5 2 3 9 14 28 35 61 57 41 53 69 76 55 42 78 58 56 21 9 34 49 30 34 24 39 20 18 46 18 16 6 6 10 9 13 14 11 6 4 9 12 25 40 53 32 21 9 12 13 7 7 25 21 30 16 31 10 19
9 12 13 8 8 5 22 22 59 41 34 21 20 32 38 18 19 16 49 45 43 52 20 22 42 42 34 31 24 39 10 26 44 43 32 15 8 6 3 4 4 10 21 32 50 28 26 69 46 37 31 86 66 62 36 18 26 46 41 53 36 75 59 18 38 14 23 22 20 6 8 14 16 9 7 5 4 8 32 13 8 36 38 33 19 8 17 5 8 11 13 36 23 25 16 44
11 12 15 17 8 5 3 4 9 30 19 15 12 42 27 20 29 7 18 44 32 57 61 22 28 26 54 34 12 30 42 13 5 5 10 26 13 7 4 4 7 11 28 50 18 44 53 58 21 29 72 77 50 57 23 16 23 32 25 45 70 75 23 16 14 19 21 20 32 20 32 19 19 17 10 8 4 3 9 18 18 51 70 34 40 15 9 15 4 15 35 13 22 15 17 66
28 18 9 13 14 13 10 6 5 6 8 9 17 19 19 16 13 27 19 22 47 53 47 30 6 19 49 38 17 16 39 43 8 3 4 6 19 8 1 3 21 29 32 15 8 9 38 12 23 61 84 73 50 33 14 37 30 22 30 77 59 44 8 12 17 17 34 25 21 28 24 21 25 31 26 20 8 5 16 15 21 72 40 59 37 30 14 7 6 25 22 12 34 10 37 71
40 24 22 38 30 31 29 17 31 22 21 16 9 8 10 10 13 44 38 18 15 32 29 28 7 17 29 24 19 8 8 22 8 2 1 2 8 12 2 4 19 22 19 31 29 27 56 13 36 75 68 41 10 32 53 55 53 59 80 72 9 13 13 8 9 7 12 11 29 16 8 15 33 38 40 23 10 2 15 24 58 52 17 36 49 32 21 5 7 25 20 16 38 11 38 45
64 57 46 54 47 41 32 31 30 33 37 43 21 19 13 13 10 8 8 8 14 12 7 14 12 19 21 22 8 5 6 14 13 9 1 1 4 9 7 9 8 17 14 8 9 40 22 18 52 39 25 9 21 39 43 44 63 64 48 8 30 38 27 17 18 8 6 7 20 15 28 45 32 21 24 26 13 4 9 20 53 20 15 38 68 36 28 14 5 10 11 17 23 13 33 27
17 60 59 66 55 51 27 37 21 23 41 36 31 34 37 36 29 17 5 7 5 4 4 11 12 13 10 7 3 1 6 9 10 7 2 1 6 12 13 7 7 8 13 7 4 11 10 15 21 17 5 12 22 29 40 46 45 10 28 33 40 29 46 72 69 58 43 19 19 29 44 25 39 34 18 14 9 4 11 24 30 14 9 58 70 69 42 45 24 6 10 16 13 16 43 36
34 55 69 39 55 76 50 24 43 33 26 40 39 50 56 43 40 17 14 14 10 6 3 3 9 7 3 2 1 2 2 8 12 14 8 3 5 7 7 10 6 8 7 5 2 3 17 23 13 9 21 17 17 27 29 34 12 40 36 34 45 64 72 53 53 61 20 17 35 7 33 65 32 26 30 35 36 21 9 25 28 15 5 13 41 69 22 15 22 24 6 22 10 16 46 43
69 24 74 49 49 68 79 80 42 19 32 31 54 51 50 43 48 41 31 30 26 25 12 6 4 4 11 11 7 4 1 1 2 4 8 6 6 6 6 12 6 5 4 4 3 2 3 4 13 32 22 42 37 25 17 36 42 40 39 34 63 54 71 53 52 31 15 41 23 30 22 9 47 16 38 49 54 37 27 9 43 24 17 5 15 46 58 19 7 11 5 6 14 23 17 20
42 14 62 36 62 67 72 43 78 77 54 58 59 27 29 30 45 47 39 34 30 30 26 12 9 11 22 17 13 10 2 1 1 1 2 5 6 5 5 6 5 5 3 2 1 5 12 25 31 27 34 55 49 48 24 35 33 57 53 52 75 61 53 37 20 23 31 41 28 19 10 10 39 37 47 52 51 55 41 15 10 22 22 17 5 22 36 26 20 3 10 1 13 19 9 9
40 37 47 47 36 63 69 41 49 80 51 72 83 61 43 36 52 67 68 54 51 33 19 14 22 14 27 24 35 12 12 11 11 6 4 3 4 3 4 4 2 1 1 2 7 14 30 31 28 33 47 54 47 34 50 50 49 46 38 50 67 34 14 8 19 21 19 65 37 13 15 8 38 44 10 25 62 45 56 46 13 8 40 24 15 6 22 28 26 12 2 2 18 8 2 2
47 19 30 46 33 48 77 43 31 66 72 82 83 72 75 65 27 43 46 61 42 36 32 27 31 29 29 37 35 32 22 17 16 15 10 6 3 2 2 1 1 0 4 8 26 23 27 42 24 43 53 41 55 50 52 48 14 9 26 47 73 35 10 27 39 33 52 50 28 25 17 5 10 45 32 8 24 34 49 51 47 15 14 28 21 7 4 16 30 21 2 1 10 2 10 18
73 37 39 40 13 37 68 43 58 45 68 56 75 44 58 63 27 19 41 65 44 57 37 23 51 43 31 24 28 24 19 11 13 12 17 10 6 3 1 0 1 2 9 23 27 34 18 18 44 63 44 47 61 66 75 64 36 25 35 51 56 15 14 36 38 29 31 11 28 36 21 5 7 20 46 22 9 14 70 38 38 19 7 17 20 5 8 21 14 14 1 2 2 3 20 39
55 18 49 47 19 15 40 70 22 45 78 73 77 55 50 29 32 9 22 69 64 47 36 33 21 24 10 9 14 12 16 14 8 8 16 14 8 6 3 1 2 7 12 19 15 28 25 41 41 38 29 41 45 75 76 77 70 56 43 44 26 11 24 33 46 44 33 16 19 32 13 6 7 16 44 27 11 13 27 49 39 31 13 8 24 8 13 18 10 4 4 14 5 11 34 46
72 23 65 69 37 25 29 51 23 23 77 62 50 30 16 37 32 27 10 23 29 50 68 68 38 13 27 16 7 11 9 7 5 6 9 17 12 4 1 1 1 9 21 24 10 14 7 19 12 14 12 32 49 34 55 75 50 34 22 68 27 10 24 28 26 37 58 28 28 10 7 8 17 36 58 27 14 20 31 65 39 20 12 4 11 16 12 17 7 3 12 43 20 21 20 37
64 54 46 70 20 31 37 52 44 20 22 17 22 51 24 17 41 39 19 27 31 32 58 48 41 15 22 27 16 5 5 5 5 4 5 8 10 4 2 0 2 4 4 9 7 5 10 12 22 20 14 30 23 33 31 22 14 29 59 44 11 20 29 22 35 60 29 24 31 15 6 11 19 39 41 20 23 18 36 56 43 48 24 6 5 9 12 17 3 6 14 12 32 40 21 25
34 28 43 42 29 12 44 57 32 12 26 17 17 35 43 24 30 35 30 12 13 18 28 21 20 14 17 28 24 9 5 3 3 3 4 4 3 7 2 0 1 3 9 11 15 23 28 27 23 27 37 20 12 7 9 16 28 34 69 34 10 36 23 18 45 69 29 37 36 18 11 12 24 51 33 20 35 21 30 48 41 42 40 24 7 3 12 7 3 22 25 22 23 23 54 21
15 22 13 36 18 8 45 55 30 12 10 17 16 12 33 32 18 14 20 20 9 9 15 18 14 13 8 21 38 8 6 3 1 1 1 1 3 3 4 1 2 4 4 6 15 16 26 12 13 28 28 40 32 45 29 30 34 56 58 8 15 26 16 12 40 53 35 30 29 21 11 11 29 57 23 37 37 18 15 28 30 40 28 13 14 4 3 8 19 38 39 39 43 26 16 44
11 13 7 8 6 22 38 30 17 9 4 9 9 5 5 17 21 19 17 18 8 7 8 11 4 6 7 8 10 15 12 3 1 1 1 1 2 1 3 2 1 1 2 4 8 12 8 12 22 22 38 38 32 41 49 64 69 80 37 8 18 20 13 24 66 48 17 30 35 20 13 9 24 56 24 22 26 29 7 15 29 40 17 12 4 4 7 23 42 41 41 33 38 48 58 26
6 5 3 2 2 3 5 6 5 3 2 2 2 1 2 4 5 5 9 13 7 6 5 4 2 3 9 6 6 7 9 7 6 3 1 1 2 1 3 1 1 1 2 3 5 7 16 15 14 40 29 33 37 41 54 79 68 54 10 23 28 17 35 52 82 31 43 22 20 23 21 15 36 58 34 22 25 33 8 14 27 36 24 28 12 2 8 20 22 15 14 11 11 15 28 33
2 3 4 4 2 1 1 1 2 1 1 1 0 1 1 1 1 1 2 3 5 3 3 1 2 3 7 6 5 4 4 4 2 2 3 2 1 1 1 1 1 3 11 12 12 16 28 49 17 34 25 24 30 28 70 63 36 9 24 32 28 22 45 74 37 20 39 21 22 26 20 11 23 51 68 38 31 22 10 12 26 42 35 21 10 1 7 10 7 18 19 24 24 20 18 33
5 10 9 15 9 3 3 2 2 7 7 8 8 10 16 8 7 6 2 0 1 1 1 1 1 4 4 3 4 2 2 1 3 2 1 1 1 0 1 1 3 11 12 14 18 28 34 22 45 31 25 22 33 36 71 29 15 22 34 33 25 25 45 75 31 19 19 33 20 10 8 13 42 55 29 54 40 24 9 6 36 31 40 20 8 2 8 19 32 42 22 33 41 34 25 10
11 17 17 20 15 5 5 17 10 18 18 23 21 23 22 22 19 15 13 6 3 2 2 1 0 0 1 1 3 1 1 1 2 2 1 1 0 0 1 3 11 13 16 27 33 42 39 32 40 61 58 53 37 51 33 16 6 35 30 33 16 25 56 64 33 13 21 31 25 19 5 14 54 25 21 63 53 33 14 6 20 17 33 18 4 5 18 19 21 32 26 24 13 13 15 29
23 24 21 24 14 10 11 23 23 23 22 26 39 27 35 35 26 19 17 17 10 15 11 4 4 3 2 0 0 0 0 0 0 1 1 0 0 1 3 11 13 14 18 22 35 42 48 66 51 53 35 74 57 34 38 32 13 32 37 48 40 32 63 23 11 33 40 20 34 17 5 14 24 27 17 64 37 33 14 9 21 20 19 14 3 11 35 42 43 29 21 10 18 18 18 30
44 41 28 39 27 14 14 20 20 24 45 43 42 48 44 28 27 23 21 21 19 22 18 11 10 9 4 3 2 2 3 5 2 0 1 0 0 1 2 10 11 16 17 25 40 43 57 60 48 49 34 23 45 42 50 10 28 35 28 41 29 37 45 49 47 27 20 15 46 34 14 9 27 21 36 68 34 28 22 9 11 19 16 6 11 22 36 58 58 51 47 26 28 37 38 67
45 46 49 33 29 28 18 30 41 46 51 46 49 36 44 36 30 31 27 38 33 32 20 15 14 22 10 8 4 4 15 5 2 1 0 0 0 1 2 6 5 9 16 19 31 51 31 14 62 56 41 27 45 50 10 9 23 27 26 41 50 54 59 30 20 19 30 24 20 29 22 12 32 26 34 47 42 45 24 10 8 14 8 7 19 24 24 25 17 16 16 29 38 40 74 76
46 47 54 53 50 22 20 33 46 55 54 49 49 48 46 46 35 55 44 42 23 15 16 18 19 16 13 10 10 13 5 3 1 1 1 1 1 1 2 6 6 13 26 18 14 22 19 32 31 39 39 13 30 7 14 8 13 18 19 36 55 63 38 57 36 18 19 19 19 32 36 13 16 23 37 41 44 25 19 9 4 8 8 12 30 14 15 23 40 41 36 32 22 67 50 61
58 72 59 28 47 24 37 38 64 53 49 51 49 66 68 50 53 49 35 49 28 25 12 31 31 14 15 15 28 7 3 3 2 2 3 1 2 2 3 5 12 17 25 9 15 20 20 34 29 27 18 13 18 6 14 7 17 34 39 50 39 29 46 59 23 12 11 13 27 25 22 14 10 21 23 48 46 33 20 9 4 5 13 28 42 43 35 30 35 26 23 52 57 70 50 30
66 78 44 44 60 35 29 61 58 68 37 54 67 57 73 58 36 25 52 41 35 30 10 41 14 12 20 28 8 4 5 8 7 6 4 4 4 3 1 2 7 11 7 7 9 24 47 45 35 23 18 11 11 11 18 25 35 25 19 22 25 34 39 59 30 16 18 16 13 12 14 17 9 19 34 30 26 36 22 8 4 17 35 26 37 56 52 55 48 47 25 44 44 46 52 24
52 70 38 39 60 36 37 66 58 64 28 51 69 55 71 42 39 42 55 58 45 21 23 15 17 29 48 8 5 11 10 9 8 7 6 4 4 4 1 1 1 2 4 7 18 40 40 25 44 17 13 7 21 18 23 16 12 7 23 25 20 43 42 36 17 54 58 46 32 31 18 17 8 15 19 16 22 25 10 3 8 29 49 61 55 62 66 59 47 46 44 53 24 12 47 34
60 35 36 35 54 28 34 63 75 58 23 57 70 64 62 65 41 57 76 61 42 21 39 22 38 41 9 9 17 14 10 10 17 10 12 7 6 6 6 4 4 4 4 10 39 25 38 12 14 27 9 11 26 23 24 20 14 24 55 56 45 43 73 41 51 39 50 52 29 21 20 17 9 7 12 19 12 19 4 2 11 23 26 45 44 25 43 17 13 16 10 70 54 31 25 14
82 62 43 30 45 24 47 59 82 46 27 43 60 65 68 42 38 82 56 19 23 51 46 37 44 22 18 21 29 29 16 19 17 15 7 12 8 14 9 8 4 2 1 2 16 13 14 5 4 4 3 11 18 31 25 41 45 44 31 43 61 55 36 58 51 49 22 40 64 31 15 11 8 3 7 11 7 12 6 6 16 29 30 32 27 15 20 28 39 59 72 87 66 32 24 11
69 70 34 41 44 23 36 56 69 43 22 42 76 74 42 60 45 51 22 17 32 65 72 56 41 42 27 26 34 23 19 40 24 8 9 17 11 19 17 8 6 4 3 2 1 2 1 1 5 12 22 26 37 39 38 49 38 32 54 73 76 74 54 61 15 77 64 23 22 60 56 39 24 11 2 8 8 4 3 6 16 16 16 28 20 24 51 56 45 41 53 75 46 33 25 12
67 45 25 42 35 32 22 51 63 33 22 40 74 67 52 48 29 20 7 29 51 63 52 27 23 12 12 45 41 26 35 36 19 9 14 20 21 22 19 5 6 5 6 5 5 2 1 3 6 10 18 19 30 31 27 29 39 57 44 84 75 47 42 79 57 36 72 39 20 14 28 32 37 33 15 7 4 4 3 5 18 19 14 17 28 41 53 53 50 63 50 62 56 45 25 11
58 38 17 43 29 30 23 28 38 16 15 34 47 24 27 31 11 18 15 35 60 31 28 32 20 21 16 53 46 29 58 34 14 19 17 26 29 41 28 14 11 4 10 8 6 3 1 1 6 8 9 14 33 29 43 51 30 59 62 82 32 13 46 79 47 49 35 68 35 9 13 18 33 28 26 22 7 3 1 4 12 18 18 15 20 36 69 46 36 76 47 47 53 23 13 11
30 20 14 31 18 16 22 17 34 34 25 31 26 21 36 39 31 41 23 34 52 34 32 32 25 21 21 54 51 35 57 34 29 28 24 37 35 33 14 17 26 16 11 6 3 1 0 0 3 8 8 19 34 31 31 39 24 43 71 45 30 19 66 78 63 22 17 23 47 23 12 11 14 11 28 12 8 3 2 3 8 16 21 17 45 61 76 48 44 73 44 20 27 40 13 6
18 5 19 23 18 33 38 70 61 84 79 76 25 45 51 50 54 24 26 50 44 30 30 20 24 34 22 50 51 55 43 38 33 37 35 47 59 37 24 20 46 29 5 3 2 1 0 1 6 9 22 24 26 31 18 21 40 65 78 34 24 27 44 77 70 50 21 7 39 41 23 11 10 11 36 11 5 3 2 7 12 21 23 31 36 29 32 27 41 38 52 39 38 33 8 2
11 9 13 20 67 69 77 79 53 61 69 76 79 66 32 35 25 20 28 27 16 27 26 32 44 36 36 68 56 74 42 42 38 48 52 68 70 37 39 33 43 19 10 5 4 5 4 0 2 11 10 18 16 12 14 28 45 60 54 46 24 23 27 83 50 46 42 5 30 48 35 10 8 9 11 21 7 2 2 10 10 20 35 42 36 27 28 19 27 26 33 23 18 8 3 6
17 26 9 14 26 33 66 28 31 32 54 62 48 68 36 29 31 48 38 24 24 31 29 42 65 48 38 65 62 55 39 54 44 54 51 66 52 42 54 25 13 11 18 17 12 12 7 2 1 3 13 11 12 20 20 9 32 29 39 70 36 32 43 59 44 12 40 16 21 28 23 21 12 6 4 46 7 1 3 7 15 21 17 44 29 25 26 19 17 9 10 7 6 7 10 22
38 60 25 18 40 37 45 43 33 53 56 48 64 77 79 58 66 52 34 29 39 39 44 42 55 42 39 64 64 38 48 49 51 54 66 71 58 48 19 10 10 21 18 17 24 15 13 3 1 1 4 10 14 21 21 15 29 33 23 35 33 33 38 55 61 14 26 26 16 37 26 13 16 8 9 9 6 1 3 6 12 16 31 43 23 26 19 17 25 6 5 3 5 10 21 25
26 54 72 37 12 21 37 44 65 46 37 37 75 47 54 90 86 29 45 44 47 44 48 40 46 40 46 69 56 47 49 48 55 70 72 48 22 19 31 27 34 32 26 19 30 26 17 5 1 0 1 17 11 9 22 17 34 26 20 23 28 18 19 34 69 12 10 21 14 14 18 10 8 7 6 6 4 3 2 5 9 13 46 28 12 9 10 12 11 1 2 9 10 16 23 22
64 65 70 73 31 9 20 61 63 56 13 18 40 51 77 82 68 84 85 60 42 65 58 26 46 37 59 53 52 47 52 44 62 75 79 45 42 35 50 47 61 61 40 41 47 21 9 3 1 0 1 1 3 5 21 17 32 29 18 18 15 7 3 12 43 21 13 12 12 11 11 16 9 8 4 4 3 2 2 5 10 14 18 14 8 7 4 5 2 6 8 11 23 30 22 22
41 29 44 83 29 29 22 23 29 37 28 9 33 80 86 81 64 53 78 63 66 75 63 38 56 55 72 67 63 71 54 53 59 59 57 38 42 51 53 57 26 27 55 73 24 13 10 4 1 1 1 1 1 2 8 22 27 42 14 16 14 8 4 30 48 18 18 11 10 10 13 13 6 4 6 4 3 2 3 6 7 14 13 6 4 3 4 9 11 18 22 25 26 30 15 17
22 44 41 81 81 23 29 19 25 24 31 17 43 52 55 61 74 84 61 25 60 24 72 82 92 84 78 58 76 60 70 48 45 27 74 65 68 59 36 34 14 3 55 46 37 22 18 10 4 7 7 4 1 0 1 4 5 12 7 11 10 5 6 18 27 29 17 11 10 3 4 5 8 3 2 2 3 2 2 4 7 8 8 5 2 5 13 15 22 19 23 39 34 23 20 17
15 30 33 43 78 73 42 20 21 24 23 23 41 66 75 78 40 79 77 38 66 61 34 53 70 51 66 42 70 30 20 48 32 32 56 87 74 54 35 75 41 40 47 46 50 29 14 11 16 17 11 5 1 0 1 1 1 3 2 10 9 4 10 20 18 27 17 9 7 5 5 5 4 3 2 1 2 1 1 1 2 3 4 3 2 7 10 14 21 20 25 21 56 30 19 12
7 15 26 6 38 85 40 27 15 14 23 30 25 39 49 62 66 78 58 60 70 49 18 55 70 48 49 45 50 70 55 63 54 35 43 80 87 91 89 85 73 60 59 66 56 34 28 21 38 12 8 7 6 5 4 4 2 1 1 2 2 4 5 16 19 19 16 10 6 5 3 2 2 2 1 1 1 1 0 1 1 2 1 1 1 2 3 10 20 10 15 29 29 27 14 26
15 10 20 52 39 64 82 41 41 18 11 15 20 26 58 46 70 82 20 31 75 69 32 19 81 83 57 41 57 67 35 35 44 34 31 61 80 81 76 51 65 66 42 49 54 53 62 57 30 7 14 20 17 15 14 22 17 4 1 2 1 2 3 4 9 22 12 9 4 6 3 1 2 1 1 1 1 1 0 1 0 2 3 5 6 4 5 6 16 19 18 19 26 26 38 38
26 9 8 37 60 68 86 71 37 34 25 20 19 27 26 18 51 39 30 67 89 46 27 18 26 72 43 52 46 66 64 47 52 51 46 81 70 47 39 31 40 21 19 72 47 68 79 73 42 31 38 26 23 17 12 4 6 4 2 2 1 1 2 3 2 8 11 7 5 4 2 1 1 1 1 1 1 0 0 0 1 2 2 4 8 17 18 18 23 23 20 28 27 27 23 40
42 31 25 16 21 26 40 72 41 51 32 20 16 22 37 17 42 28 55 46 83 46 30 28 16 34 36 46 22 62 68 40 39 42 55 72 69 33 21 33 31 23 23 38 56 46 42 25 27 28 23 23 18 19 22 5 3 6 2 1 1 1 2 2 2 4 6 7 4 2 1 1 1 1 1 1 0 0 0 1 1 2 5 7 3 3 12 40 15 30 33 36 40 32 39 45
23 24 47 20 20 48 48 73 74 58 49 21 17 14 18 24 30 35 32 50 76 84 61 38 14 14 30 10 24 60 71 46 34 41 34 35 40 29 21 28 24 22 22 24 61 39 41 23 15 12 12 4 6 5 12 8 2 5 2 1 1 1 1 1 1 3 4 3 3 1 1 1 1 1 1 0 0 0 1 1 1 2 2 3 2 8 24 31 37 42 39 37 39 49 42 50
41 37 17 14 18 30 43 58 74 53 38 30 14 9 13 24 12 18 40 79 70 74 64 56 34 11 39 36 13 18 52 37 41 34 16 19 25 48 21 18 23 15 11 19 40 40 48 30 20 12 10 7 2 3 6 6 2 5 3 1 1 1 1 1 1 2 2 1 2 1 1 0 0 1 0 0 0 0 1 1 1 1 2 5 8 13 16 35 21 21 16 18 29 42 42 26
55 55 26 13 4 31 28 45 64 67 32 29 17 15 18 20 12 37 64 78 47 51 61 31 25 23 13 26 34 6 31 43 24 26 14 25 24 15 17 17 25 19 7 10 17 36 48 34 31 19 16 8 4 2 2 3 2 3 5 2 1 0 0 0 0 1 1 1 1 1 0 0 0 0 0 0 0 0 1 0 0 2 2 5 10 11 19 20 20 14 12 25 30 29 26 26
60 54 35 30 10 11 27 37 74 30 35 20 14 13 12 15 12 30 68 48 10 33 81 34 23 27 12 17 17 30 26 22 17 17 19 12 10 6 7 14 25 12 7 7 9 20 45 30 35 18 11 8 4 2 1 1 2 1 2 2 1 0 0 0 0 1 0 1 1 1 1 0 0 0 0 0 0 0 1 1 1 3 6 8 6 9 24 23 17 19 26 20 25 31 34 19
56 54 37 20 20 13 27 31 70 36 13 31 21 12 10 10 8 42 44 27 50 60 72 57 30 18 22 33 12 38 27 20 22 11 20 10 12 10 3 9 6 5 7 18 26 34 42 34 52 43 28 14 5 3 1 1 1 1 1 2 1 0 0 0 0 0 0 0 1 1 1 0 0 0 0 0 0 1 1 1 1 2 3 3 6 10 12 20 26 29 32 26 31 17 32 32
50 39 32 22 20 21 12 20 38 62 30 15 22 12 10 8 12 30 25 33 29 46 70 54 34 42 17 22 24 41 19 14 16 15 8 6 11 9 7 6 2 3 7 35 21 18 39 23 39 41 40 18 10 6 2 1 0 1 1 1 1 0 0 0 0 0 0 1 1 0 0 0 0 0 0 0 0 1 1 1 1 2 4 3 4 5 13 16 17 21 23 44 31 38 52 36
43 46 27 19 22 20 18 21 25 39 41 14 11 10 9 10 10 12 18 26 30 47 76 49 41 24 35 17 19 34 16 6 9 9 11 5 6 7 4 3 2 5 19 34 7 20 22 14 32 29 25 28 18 12 8 4 1 0 0 1 0 0 0 0 0 0 0 0 0 0 0 0 0 0 0 1 0 1 1 1 2 3 4 2 3 4 7 6 13 22 19 27 24 14 25 29
84 64 48 18 13 18 14 17 20 33 43 23 17 11 12 8 8 11 12 10 31 37 64 47 23 19 19 22 17 11 22 7 6 8 7 9 6 6 2 3 11 13 19 7 7 14 9 13 19 25 31 28 38 22 14 8 4 1 0 0 0 0 0 0 0 0 0 0 0 0 0 0 0 0 0 0 0 0 0 0 1 1 2 2 1 2 3 4 8 12 23 38 23 22 25 7
51 80 65 42 20 10 9 15 19 24 56 28 18 9 6 6 7 4 8 10 20 30 51 54 23 16 12 13 15 14 14 19 10 5 4 9 5 2 1 4 10 25 12 6 10 11 8 7 19 25 13 14 17 22 18 10 5 3 1 0 0 0 0 0 0 0 0 0 0 0 0 0 0 0 0 0 0 1 1 1 1 1 1 1 2 3 4 5 7 17 20 23 19 20 19 28
24 83 35 73 50 35 10 10 12 24 40 22 14 6 5 4 2 3 7 10 22 38 31 50 38 23 16 10 9 13 11 17 10 7 3 6 2 1 2 3 13 13 12 4 5 11 3 5 19 25 10 10 11 12 33 18 10 4 3 1 0 0 0 0 0 0 0 0 0 0 0 0 0 0 0 1 1 1 1 2 1 1 1 2 4 4 4 4 11 13 15 9 13 24 23 23
42 47 31 67 44 43 24 5 8 9 24 22 8 7 4 2 2 3 8 17 8 8 46 48 51 38 27 22 7 5 5 7 6 5 2 2 1 1 2 3 11 5 4 3 3 14 3 6 23 24 13 4 3 2 18 12 11 5 2 1 0 0 0 0 0 0 0 0 0 0 0 0 0 0 1 1 1 1 2 3 3 6 4 5 5 5 4 3 7 9 9 17 27 29 32 30
49 43 37 32 37 19 46 12 4 4 10 12 7 4 3 1 1 5 6 8 17 41 55 56 60 40 26 13 10 5 8 8 5 4 3 2 1 1 3 6 5 3 3 2 5 16 9 10 30 27 25 6 1 1 3 3 5 5 1 1 0 0 0 0 0 0 0 0 0 0 0 0 0 0 0 0 1 2 5 3 6 7 10 7 7 6 4 6 12 8 8 12 14 10 17 18
45 37 40 28 32 11 17 26 3 2 8 10 13 3 2 1 1 2 7 15 32 36 50 42 48 52 20 11 10 7 6 5 4 3 2 1 1 1 2 7 3 2 2 1 2 5 5 5 20 27 13 7 7 1 1 3 2 2 1 1 1 0 0 0 0 0 0 0 0 0 0 0 0 0 0 1 1 3 3 7 10 10 9 13 10 10 10 21 15 5 7 5 9 22 22 26
34 43 45 29 14 11 9 10 6 2 5 7 9 3 1 0 1 3 12 31 20 11 39 30 30 41 21 11 10 6 4 3 3 2 1 1 1 1 4 6 2 1 1 1 1 6 2 6 22 8 11 5 4 2 2 2 2 2 1 1 1 0 0 0 0 0 0 0 0 0 0 0 0 1 1 1 2 5 6 7 13 20 24 24 28 21 24 24 16 11 10 14 9 11 24 24
19 16 22 24 11 11 5 5 5 3 2 3 4 2 1 0 2 6 11 12 14 12 26 47 13 16 14 17 6 4 3 3 2 2 2 1 1 3 8 2 1 1 1 1 2 3 5 27 38 4 2 9 3 2 1 1 2 1 1 1 0 0 0 0 0 0 0 0 0 0 0 0 0 0 1 1 2 1 2 4 8 11 14 18 33 27 35 32 25 23 14 14 25 21 16 19
7 8 8 9 8 6 5 4 4 3 1 1 1 2 0 0 2 3 5 6 10 8 7 12 10 10 7 8 4 3 2 2 1 1 1 0 2 3 2 1 1 0 0 1 2 4 9 7 23 6 2 4 4 2 2 2 2 1 1 1 0 0 0 0 0 0 0 0 0 0 0 0 0 0 0 1 1 1 1 2 4 7 10 10 30 30 42 48 34 45 39 37 31 30 23 45
9 9 9 7 5 4 3 1 1 1 1 0 1 1 0 0 1 2 2 3 6 3 3 5 6 6 5 4 5 2 2 2 1 0 0 1 1 2 2 2 1 0 2 3 4 7 2 2 3 4 3 3 2 3 2 1 1 1 0 1 0 0 0 0 0 0 0 0 0 0 0 0 0 0 0 0 1 2 2 2 3 6 4 9 15 24 21 26 59 56 30 52 47 44 29 36
