sesion_6_simulaciones/modelos_agentes/ejemplos_netlogo/scenarios/cgcm2_a2/rob_2086.asc
NCOLS 322 
NROWS 307 
XLLCORNER 451900 
YLLCORNER 4086900 
CELLSIZE 100 
NODATA_value -9999 
[rows 219 to 291 of 307, columns 192 to 287 of 322]
28 33 19 18 18 19 20 24 12 11 8 7 4 1 1 0 0 2 3 9 9 7 12 12 7 4 6 9 12 12 13 18 34 40 59 49 24 33 22 12 15 12 9 7 3 2 1 4 2 1 1 1 1 1 0 2 1 0 0 1 3 6 8 28 28 36 46 20 11 13 53 73 90 73 34 25 13 6 2 1 1 1 2 5 4 6 11 9 16 17 23 38 29 35 48 38
40 25 28 50 47 33 27 26 16 9 7 6 3 1 1 0 1 3 6 15 22 8 12 18 20 12 8 20 18 20 24 16 34 37 46 26 40 22 19 13 16 17 6 9 3 1 1 1 1 1 2 1 0 1 1 0 0 0 0 2 8 14 17 58 62 52 61 84 64 41 45 67 82 73 71 44 30 5 1 1 1 1 3 4 9 9 9 16 20 19 26 29 42 36 37 56
16 9 5 35 26 19 23 11 6 4 5 4 2 1 1 0 1 4 11 12 26 36 25 24 22 15 18 20 21 21 21 25 22 34 29 21 15 19 19 13 22 13 13 14 4 3 2 1 1 0 2 1 0 0 1 1 0 0 1 1 4 5 4 34 68 57 66 81 91 73 36 26 25 46 55 8 4 1 1 2 3 2 4 5 5 6 4 8 11 18 33 23 28 28 43 45
9 12 9 5 30 23 18 12 7 4 1 3 1 1 1 1 3 5 6 9 15 29 57 44 31 32 23 23 39 42 22 27 50 34 25 13 18 26 19 17 14 8 8 15 4 4 3 1 1 1 1 1 0 0 0 0 0 1 3 4 3 4 10 9 50 81 75 68 80 85 60 54 41 22 19 5 4 2 2 3 7 4 4 5 5 7 6 4 11 16 27 31 35 34 36 24
31 38 33 29 17 13 15 14 7 5 3 1 0 0 1 3 5 5 4 12 21 43 53 61 36 41 41 31 42 43 27 29 38 35 31 13 20 16 15 13 12 8 10 17 5 2 3 1 2 1 1 0 0 0 0 0 0 0 1 1 2 5 13 15 41 75 72 64 80 84 64 50 43 27 9 6 8 5 5 5 7 4 4 5 8 12 12 8 9 19 22 24 35 37 37 39
35 31 38 33 26 22 21 12 10 5 3 1 1 1 1 6 8 15 9 14 24 50 56 69 55 41 37 42 38 53 44 26 27 26 27 14 23 7 14 11 7 8 9 18 18 3 4 2 1 0 1 0 0 0 0 0 0 1 1 2 3 8 15 29 22 33 9 7 17 74 83 59 36 12 12 11 11 7 6 5 8 6 2 5 5 11 13 16 18 15 22 36 34 35 39 56
22 21 24 21 18 14 12 11 10 6 2 2 0 0 1 10 17 21 19 19 24 30 42 56 58 53 40 39 33 48 65 42 25 26 12 13 13 12 20 8 5 5 8 9 13 11 2 2 0 0 0 0 0 0 0 0 0 0 1 2 5 10 33 28 20 24 16 24 11 23 67 49 29 28 19 23 21 11 7 3 7 8 9 3 5 6 8 15 20 17 21 38 38 34 40 46
24 25 23 13 7 9 11 10 5 2 2 1 0 1 6 15 15 26 32 33 23 32 46 42 54 71 48 41 40 27 36 44 18 24 17 18 18 16 9 8 4 5 5 4 5 6 2 4 1 0 1 0 0 0 0 0 1 1 1 3 11 20 21 18 15 17 26 42 28 28 38 17 26 26 32 29 17 12 10 4 12 12 9 2 7 8 15 6 10 13 18 16 34 41 33 41
20 36 29 29 23 19 13 9 7 3 1 0 0 2 15 14 22 17 34 47 44 48 45 39 46 63 75 39 51 27 27 36 23 13 25 24 14 12 11 9 2 3 3 4 7 5 5 6 4 1 0 0 0 0 0 0 0 0 1 6 16 27 14 10 32 27 37 41 32 38 24 19 28 36 37 35 30 24 15 5 10 14 16 6 11 6 7 8 9 10 13 19 20 21 37 44
32 24 22 17 15 8 6 5 3 2 1 0 1 5 16 12 11 24 44 52 60 70 72 49 47 45 70 26 44 21 21 35 11 11 21 21 20 15 10 9 5 5 4 3 8 7 4 5 2 1 1 0 0 0 0 1 1 2 5 12 9 6 8 18 50 47 32 26 30 27 32 31 44 41 55 42 37 31 7 2 7 23 19 12 20 13 8 17 11 16 24 25 25 23 22 41
38 29 20 14 11 11 6 5 3 1 0 0 2 10 9 10 8 19 24 37 38 58 67 72 49 37 48 43 51 20 36 17 9 8 13 22 19 21 7 7 8 8 4 4 5 6 5 2 1 1 1 1 0 0 0 0 1 1 4 1 3 12 16 47 47 31 25 22 36 45 46 46 50 60 39 31 31 22 12 1 2 22 34 21 15 18 22 23 10 13 19 24 40 36 36 41
18 21 20 6 5 6 8 4 3 1 0 1 4 9 10 13 29 13 21 31 47 49 59 48 58 45 49 54 36 16 25 10 8 21 11 18 16 10 8 11 12 10 4 4 12 7 6 2 2 0 0 0 0 0 0 0 7 3 1 3 7 10 23 25 15 16 19 24 23 36 59 65 59 33 17 18 16 12 2 0 5 7 32 18 17 18 38 49 17 13 16 29 29 24 36 41
8 7 14 8 10 10 7 4 2 1 0 1 5 13 20 34 24 22 34 46 40 46 57 57 40 38 39 32 29 29 39 14 8 12 18 11 14 11 8 8 9 5 6 3 4 4 5 3 2 1 0 0 0 0 0 0 0 24 14 7 4 3 9 10 20 20 17 14 11 40 77 66 44 32 22 12 9 4 2 3 4 11 21 17 31 18 27 32 42 15 18 29 29 34 27 37
10 4 2 7 11 8 5 2 2 1 0 3 9 16 31 28 18 27 40 40 34 57 61 55 35 32 35 23 36 50 17 12 12 21 9 15 13 11 10 8 8 6 13 2 5 5 4 2 1 0 1 0 0 0 1 3 1 2 4 7 3 11 7 10 10 19 20 9 22 38 54 39 43 43 23 10 4 4 5 12 8 11 9 41 37 13 10 15 55 16 16 28 30 29 22 26
8 8 6 6 11 9 4 2 1 1 0 1 4 9 18 19 33 41 47 64 41 33 61 41 49 29 29 27 5 42 15 13 9 16 13 7 8 11 8 8 8 6 14 2 2 11 4 2 1 0 1 0 0 1 2 0 3 5 2 1 4 2 5 11 11 14 10 39 35 19 44 34 36 34 25 7 5 9 8 7 15 18 12 20 25 25 15 27 36 32 29 18 20 42 28 25
16 13 15 7 8 3 1 1 0 1 1 2 2 6 13 13 25 31 47 59 59 62 65 39 46 37 34 23 23 17 31 11 7 9 9 3 4 9 9 11 7 2 6 7 1 4 2 4 1 1 1 0 0 1 1 1 1 1 2 5 5 7 7 15 8 10 30 13 12 29 36 36 35 15 4 5 8 7 14 10 14 15 20 24 38 44 15 19 34 34 57 34 14 20 45 32
4 12 9 6 2 2 2 0 0 1 2 2 2 3 12 13 17 32 48 50 60 43 47 10 18 35 43 5 4 7 18 4 5 22 7 6 8 10 4 1 3 1 5 5 1 4 4 1 0 0 1 0 0 0 1 0 1 2 11 6 2 4 15 29 20 18 40 44 45 39 36 34 20 13 4 7 17 11 27 10 15 17 21 21 38 31 48 19 32 20 8 37 17 16 20 26
9 7 11 6 2 1 0 0 1 2 3 4 5 4 4 7 20 22 38 47 46 23 17 32 24 19 9 8 18 7 10 7 7 7 9 8 7 6 5 2 4 3 3 6 1 1 2 1 0 0 0 0 0 0 0 1 2 1 2 3 5 11 18 27 35 40 31 31 48 48 73 52 28 15 5 1 5 20 20 12 19 19 26 15 20 32 31 45 37 31 19 45 23 5 15 13
14 7 7 4 2 1 1 2 3 2 4 6 7 7 4 4 19 24 24 24 28 52 43 33 31 29 18 11 11 10 7 5 6 5 3 4 4 4 6 2 5 3 2 4 1 1 2 1 1 1 0 0 0 0 0 1 1 1 4 3 10 8 12 59 71 34 37 29 69 42 36 38 12 12 12 11 12 23 25 23 32 22 21 23 24 15 28 49 60 63 18 16 31 14 20 31
8 7 5 1 1 1 2 2 3 3 8 12 9 9 7 5 7 11 16 27 35 35 39 24 13 18 22 10 13 6 7 7 4 11 3 5 3 5 2 3 1 2 1 3 1 0 1 0 0 1 0 0 0 0 0 0 0 1 2 2 6 6 23 48 55 76 43 26 21 31 27 9 4 13 21 22 12 14 31 30 43 25 23 23 26 24 14 10 12 25 45 43 28 18 18 25
7 5 2 1 1 2 2 2 2 5 7 13 15 17 9 11 22 17 14 36 47 55 33 36 28 29 15 9 11 7 3 3 6 2 1 12 1 2 1 1 1 1 5 2 1 1 1 1 0 0 0 0 0 0 0 0 1 3 5 20 25 21 17 28 37 21 45 53 34 27 13 3 8 24 16 34 13 15 30 42 33 42 27 25 24 22 30 18 16 22 38 36 23 57 18 30
5 4 3 1 1 2 2 3 4 7 11 14 17 17 16 11 27 22 24 19 29 15 20 19 13 23 11 6 12 7 6 5 2 1 0 3 1 3 1 1 1 1 3 2 1 1 2 1 1 0 0 0 0 0 0 1 1 1 4 7 14 14 9 15 32 28 45 29 40 29 21 3 15 18 18 31 34 15 19 28 33 46 28 40 29 14 20 28 8 4 10 9 9 33 46 26
5 3 2 1 2 4 5 5 6 10 12 15 18 21 34 20 27 38 25 42 48 41 47 41 35 24 18 21 18 8 26 19 10 2 3 2 3 2 1 1 0 0 0 1 1 0 0 1 0 0 0 1 2 3 15 6 8 6 11 8 14 17 24 35 32 32 38 35 38 25 8 3 15 20 32 28 32 25 27 40 29 49 32 43 29 16 19 27 36 11 19 19 10 7 7 10
9 4 3 3 5 6 6 10 7 7 14 18 12 27 33 23 12 15 48 55 62 47 49 51 48 46 43 43 59 49 11 8 4 2 1 1 1 1 1 1 1 0 0 1 0 0 0 0 0 0 0 0 0 0 1 2 21 24 10 15 16 18 9 37 29 27 33 34 15 11 4 6 19 24 15 24 27 39 29 38 25 16 44 42 32 16 19 34 28 15 19 24 18 28 33 37
7 4 4 7 7 7 13 13 12 13 8 10 26 25 23 42 10 11 20 26 45 56 27 42 51 60 44 25 3 9 16 6 2 2 2 2 2 1 1 0 1 0 0 0 0 0 0 0 0 0 0 0 0 0 0 0 2 10 32 57 68 20 19 15 16 24 29 37 35 13 7 16 32 28 24 29 55 40 39 37 36 16 24 53 37 16 17 22 22 15 23 13 23 26 37 42
2 2 7 8 9 14 14 16 15 15 8 12 17 24 18 31 20 8 18 26 34 41 20 44 23 16 11 6 4 5 7 4 3 3 2 1 1 2 1 0 0 0 0 0 0 0 0 0 0 0 0 0 0 1 1 2 4 14 12 10 20 56 40 29 30 33 45 36 31 13 10 30 31 40 38 27 46 47 36 28 24 22 9 37 51 23 26 12 30 16 27 25 15 28 24 17
4 5 9 10 16 17 18 18 17 16 10 14 16 20 28 16 42 6 8 9 16 11 21 17 21 23 15 15 15 8 15 4 3 5 3 2 1 1 0 0 0 0 5 0 0 0 0 0 0 0 1 1 0 1 4 2 3 5 7 6 7 18 43 39 36 28 39 34 21 7 17 32 28 34 37 37 25 51 37 47 24 35 24 25 63 26 37 17 31 22 22 34 21 22 16 21
2 7 11 12 18 19 17 20 20 20 13 15 17 27 36 27 26 11 9 20 11 11 23 20 22 21 21 15 12 20 16 12 8 13 2 1 1 1 1 0 1 1 0 0 1 0 0 0 0 1 3 0 1 1 1 3 8 10 15 10 10 14 14 19 26 26 22 30 21 12 19 31 28 39 30 28 25 34 41 48 33 21 34 22 65 16 19 26 15 33 20 22 20 14 14 16
6 11 21 14 19 11 13 22 31 30 13 9 20 16 42 70 10 11 9 30 26 26 17 17 22 15 20 9 10 13 11 7 5 4 4 3 1 2 1 1 0 0 0 0 0 0 0 0 2 6 0 0 0 3 3 3 5 10 7 8 18 12 17 13 15 16 20 17 13 16 28 32 27 27 28 26 29 33 42 33 28 25 30 36 61 15 18 21 12 35 21 9 29 9 5 10
12 13 16 22 22 14 22 25 39 37 15 8 12 25 37 37 13 16 11 22 30 25 22 12 16 7 16 15 13 14 7 6 6 5 3 2 2 1 1 1 0 0 0 0 0 0 0 1 0 1 0 0 0 1 2 31 9 15 13 17 15 14 13 13 13 16 17 12 10 12 22 25 17 27 23 35 45 25 26 47 31 36 33 34 51 26 31 12 30 31 7 13 31 7 10 12
14 15 16 38 23 14 15 29 38 54 20 11 20 23 38 47 26 20 19 30 33 46 22 23 21 7 13 10 11 9 13 5 6 4 3 1 1 0 0 0 1 1 0 0 0 0 0 0 0 0 0 1 1 2 5 3 8 9 22 23 19 14 14 16 16 18 16 9 5 19 24 25 30 27 40 30 28 33 21 16 34 35 21 37 17 77 35 10 17 31 4 13 12 18 10 13
18 29 16 43 26 15 17 29 34 43 11 10 21 23 35 38 43 6 30 31 30 42 22 21 21 26 12 11 5 4 5 9 13 5 1 3 1 2 1 0 0 1 0 0 0 0 0 0 0 0 1 1 2 3 9 2 2 3 4 12 10 16 17 24 22 24 23 13 5 20 19 19 29 30 40 13 24 16 36 11 17 16 21 11 35 68 17 10 45 11 5 12 9 22 18 15
15 17 29 31 29 27 17 22 37 57 12 20 23 33 27 50 11 9 29 28 36 40 39 19 36 17 18 14 7 7 5 17 22 5 5 2 1 2 1 0 1 0 0 0 0 0 0 0 0 0 0 0 2 6 6 2 5 11 11 16 17 18 22 31 29 35 27 14 5 21 21 19 39 25 29 35 30 20 10 23 11 17 19 18 14 36 30 18 28 10 9 14 6 8 4 34
7 11 33 34 29 29 18 23 35 41 12 22 31 47 49 28 8 8 26 26 25 43 31 32 17 16 28 16 13 11 11 12 16 9 4 4 3 1 2 1 0 0 0 0 0 0 0 0 0 0 0 1 1 2 7 6 8 13 15 20 27 33 27 26 22 17 23 7 10 23 27 23 36 33 22 20 28 18 19 5 31 5 9 29 38 36 43 62 19 9 14 11 13 16 9 31
15 17 36 41 45 32 20 24 38 41 11 14 33 51 34 12 8 19 26 23 34 31 28 26 25 17 21 16 23 18 17 8 3 3 4 3 2 1 1 1 1 0 0 0 0 0 0 0 0 0 0 0 1 4 4 4 12 18 23 15 37 21 10 17 26 22 12 9 10 19 38 21 31 33 32 23 34 16 20 13 9 23 8 3 5 18 36 46 13 24 16 12 10 22 7 7
14 21 23 29 65 39 18 24 31 39 10 11 32 51 22 12 9 22 30 23 20 21 25 21 44 13 15 14 10 18 15 8 8 4 3 1 1 1 1 1 0 0 0 0 0 0 0 0 0 0 0 1 1 1 6 13 4 10 7 10 8 10 20 27 17 19 20 7 13 10 38 22 22 20 24 26 21 17 7 13 7 23 10 7 4 4 14 28 19 43 15 14 10 25 4 6
17 34 24 19 32 56 21 27 44 15 11 15 21 57 30 13 7 27 27 24 31 36 27 36 26 19 9 10 19 13 5 14 17 7 2 1 1 1 1 0 0 0 0 0 0 0 0 0 0 0 0 0 1 2 6 5 12 6 11 14 13 14 16 15 20 21 13 9 8 15 15 35 18 15 19 18 26 22 13 25 7 6 12 8 6 5 5 14 21 22 12 15 11 15 5 9
18 22 39 31 15 37 11 34 61 14 14 26 34 48 17 18 3 14 32 27 38 24 26 34 28 20 16 5 3 4 4 3 3 1 1 1 2 1 1 1 0 0 0 0 0 0 0 0 0 0 0 1 1 2 6 8 17 11 11 22 14 20 26 17 22 24 11 9 11 24 23 22 35 13 15 15 34 20 13 12 13 6 4 22 10 5 7 6 18 13 21 12 10 6 10 4
19 24 40 45 21 53 12 26 59 26 13 37 40 29 15 5 4 11 16 27 36 34 20 18 18 36 15 4 6 4 4 3 4 2 1 0 1 1 1 1 0 0 0 0 0 0 0 0 0 0 0 0 0 1 2 3 4 14 17 15 21 12 15 18 15 19 19 4 12 23 23 19 31 6 18 15 16 21 28 26 20 8 5 5 12 5 4 9 17 47 30 9 6 5 10 4
19 21 23 48 20 45 20 21 30 35 16 38 37 11 5 8 13 21 27 32 22 22 24 10 15 15 24 6 4 3 5 4 3 2 1 2 1 1 0 0 0 0 0 0 0 0 0 0 0 0 0 1 5 3 2 11 11 34 18 12 20 22 24 26 27 17 17 9 13 25 17 27 42 10 10 23 15 25 17 13 27 6 8 9 27 5 3 4 4 18 22 7 7 3 16 8
14 15 13 29 48 23 33 14 39 15 41 21 12 4 13 12 18 13 46 40 15 17 17 16 7 9 24 19 5 5 3 4 2 1 1 1 1 0 0 0 0 0 0 0 0 0 0 0 0 0 0 0 0 2 4 7 5 24 9 9 12 17 21 20 13 13 10 17 18 21 21 27 6 16 17 22 17 9 16 11 45 7 8 5 9 13 7 7 9 9 21 5 14 3 6 11
29 18 13 20 25 31 36 17 50 42 24 7 5 11 14 20 22 13 13 12 21 21 17 23 16 9 6 2 5 8 2 3 1 1 1 1 1 0 0 0 0 0 0 0 0 0 0 0 0 0 0 0 1 1 3 4 7 12 8 2 7 12 16 15 10 8 8 16 17 18 20 30 7 6 3 6 17 20 40 5 30 13 7 8 4 3 17 5 7 8 5 15 3 4 6 9
19 26 18 13 12 20 41 19 22 9 7 2 7 13 21 27 25 9 12 11 18 19 10 3 6 3 4 10 1 2 4 5 2 3 0 1 0 0 0 0 0 0 0 0 0 0 0 0 0 0 0 0 0 1 2 3 4 12 9 10 18 14 17 10 14 15 8 16 15 17 13 24 6 12 6 8 8 5 16 7 5 14 6 9 4 8 10 2 6 8 12 8 2 3 2 3
18 25 18 23 27 31 34 22 26 6 8 7 10 20 19 22 30 13 16 14 16 16 9 5 4 5 4 2 2 5 1 2 1 6 1 2 0 0 0 0 0 0 0 0 0 0 0 0 0 0 1 0 0 1 2 1 5 18 24 22 17 12 16 15 14 12 13 20 13 14 13 18 7 13 10 8 12 9 11 17 3 13 5 12 3 2 8 1 2 2 9 6 1 2 3 8
18 25 21 23 27 40 36 6 4 2 9 8 15 18 18 27 14 32 21 13 13 12 9 11 9 8 5 2 3 6 1 2 0 0 0 1 1 1 0 1 0 0 0 0 0 0 0 0 0 0 0 0 0 1 2 3 6 37 8 11 19 11 15 12 10 11 17 22 11 12 12 12 11 11 15 8 11 9 8 6 8 27 6 8 5 1 14 4 1 1 5 8 2 3 2 1
13 30 26 21 51 53 5 4 7 8 17 13 13 17 16 27 8 13 34 7 13 8 4 6 10 8 2 4 3 4 8 1 1 0 0 0 0 0 0 0 0 0 0 0 0 0 0 0 0 0 0 0 0 1 3 4 5 13 10 7 16 13 10 3 12 6 6 25 11 10 17 10 16 8 13 10 8 10 7 4 8 2 12 9 7 1 3 2 1 1 1 7 1 3 3 3
14 20 43 36 60 6 7 6 7 16 16 16 22 33 7 38 6 11 13 29 6 16 4 3 5 9 8 5 3 2 1 2 1 1 0 0 0 0 0 0 0 0 0 0 0 0 0 0 0 0 0 0 0 1 2 5 2 8 24 20 8 6 5 2 17 9 9 24 13 8 16 9 22 12 11 12 6 6 9 4 3 2 7 4 6 2 1 5 1 1 2 4 3 3 1 2
8 18 41 75 26 3 6 11 15 14 24 31 10 15 7 7 16 5 11 10 5 10 5 4 5 6 4 8 3 4 3 1 2 1 1 0 0 0 0 0 0 0 0 0 0 0 0 0 0 0 0 0 0 1 2 3 11 7 8 18 8 5 2 5 7 19 9 9 12 7 12 7 15 12 6 11 9 5 5 8 6 1 2 6 7 2 0 3 1 1 2 1 5 2 1 9
8 22 53 39 3 4 13 12 8 25 15 42 7 16 6 5 9 37 4 12 15 8 11 3 3 6 7 4 3 5 2 1 3 0 1 0 0 0 0 0 0 0 0 0 0 0 0 0 0 0 0 0 0 0 1 2 5 6 8 8 9 5 2 6 5 8 7 7 14 6 7 10 6 13 5 5 16 4 4 5 7 1 2 2 4 2 1 1 2 1 1 0 0 1 1 1
7 22 39 12 5 8 11 11 6 14 6 33 7 19 18 4 15 35 3 13 23 3 17 3 3 7 6 5 1 1 5 0 0 1 1 1 0 0 0 0 0 0 0 0 0 0 0 0 0 0 0 0 0 0 1 1 3 5 4 13 8 4 4 6 9 11 4 5 11 9 5 4 3 7 4 4 6 5 3 2 1 1 3 1 3 1 1 0 1 2 0 1 1 1 3 0
6 24 18 12 5 6 13 22 4 7 7 20 5 10 27 6 10 33 5 4 8 6 9 4 2 3 2 5 3 2 1 1 0 0 0 1 0 0 0 0 0 0 0 0 0 0 0 0 0 0 0 0 0 1 1 1 1 2 5 4 3 6 5 6 5 8 9 5 6 7 2 4 2 4 5 3 5 1 1 3 1 1 1 1 4 3 1 0 1 2 0 0 1 2 1 1
16 15 25 6 5 7 8 11 4 7 7 9 9 5 18 4 3 18 4 3 3 2 14 6 2 2 2 2 1 1 2 1 0 0 0 0 1 0 0 0 0 0 0 0 0 0 0 0 0 0 0 0 0 0 0 1 3 9 6 2 1 4 5 5 5 5 18 3 5 7 2 3 3 4 9 0 3 3 1 1 2 1 1 1 1 4 0 0 0 1 0 0 0 4 12 4
43 20 3 4 7 6 7 8 4 15 7 3 9 3 28 3 2 7 4 2 3 5 9 3 1 2 1 3 3 2 1 1 0 1 0 0 0 0 0 0 0 0 0 0 0 0 0 0 0 0 0 0 0 0 1 1 2 7 8 3 1 9 4 3 4 4 8 4 2 8 3 1 2 7 4 1 1 1 3 1 1 2 1 1 5 2 0 1 0 3 1 0 0 0 0 1
3 1 4 3 5 6 11 11 6 10 5 2 23 2 2 8 3 11 4 1 2 3 3 9 2 3 1 2 2 1 1 0 0 1 0 0 0 1 0 0 0 0 0 0 0 0 0 0 0 0 0 0 1 0 0 1 1 5 9 1 2 4 4 2 4 3 3 6 2 9 4 2 2 2 5 1 1 2 1 1 0 0 2 0 1 2 0 1 0 1 3 0 1 0 0 0
7 3 10 7 5 6 12 4 14 6 2 3 8 2 2 8 1 2 9 1 3 2 1 5 1 2 2 1 1 1 1 1 0 0 0 0 0 0 0 0 0 0 0 0 0 0 0 0 0 0 1 1 0 0 1 0 1 2 2 1 3 10 5 2 1 6 1 4 1 2 11 1 2 2 1 1 1 1 2 1 1 0 0 1 0 1 2 1 0 0 7 0 0 0 0 0
13 5 3 6 6 6 4 4 8 3 3 2 1 2 2 3 1 1 7 2 2 2 1 1 2 2 1 1 1 0 0 0 0 0 0 0 0 0 0 0 0 0 0 0 0 0 0 0 0 0 0 0 0 0 0 2 2 1 2 2 1 6 2 2 2 2 4 1 4 1 3 1 1 4 0 1 3 0 1 1 1 0 0 0 0 0 2 1 0 0 2 0 0 0 0 0
28 7 3 3 3 4 1 3 7 1 3 2 1 1 1 3 1 1 3 1 1 2 1 0 0 1 1 0 1 1 0 0 0 0 0 0 0 0 0 1 0 0 0 0 0 0 0 0 1 0 0 0 0 0 1 4 2 0 0 3 1 1 3 1 2 1 7 1 6 0 2 1 1 1 0 2 1 0 0 0 0 0 0 0 0 0 0 0 1 1 1 0 0 0 0 0
8 2 1 3 1 1 1 1 4 1 1 1 1 3 1 3 1 3 1 1 1 2 1 0 0 1 1 0 1 1 1 1 0 0 0 0 0 0 0 1 0 0 0 0 0 0 0 0 0 0 0 0 0 0 1 2 1 1 0 3 2 1 0 2 2 1 3 1 3 1 0 1 1 2 0 0 1 0 0 0 0 0 0 0 0 0 0 0 0 0 1 0 0 0 0 0
11 1 7 2 2 1 1 1 1 1 1 1 0 3 2 0 1 1 1 1 1 0 1 1 1 1 0 1 0 0 0 0 0 0 0 0 0 0 0 0 0 0 0 0 0 0 0 0 0 0 0 0 0 2 2 1 1 1 0 1 2 1 1 1 1 2 1 1 0 1 2 0 2 3 0 0 0 0 0 0 0 0 0 0 0 0 0 0 0 0 0 0 0 0 0 0
4 2 1 1 1 1 2 1 1 0 1 0 1 1 1 0 0 0 0 0 1 0 1 1 1 1 0 1 1 0 0 0 0 0 0 0 0 0 0 0 0 0 0 0 0 0 0 0 0 0 0 0 0 1 1 1 0 1 1 0 2 1 1 1 0 1 0 0 0 0 2 0 1 1 0 0 0 0 0 0 0 0 0 0 0 0 0 0 0 0 0 0 0 0 0 0
0 2 0 1 1 1 1 0 2 0 0 0 0 0 1 0 0 0 1 0 0 0 1 1 1 0 0 1 1 0 0 0 0 0 0 0 0 0 0 0 0 0 0 0 0 0 1 0 0 0 0 0 0 1 1 1 0 1 1 1 2 1 0 0 1 0 0 1 0 0 1 0 2 0 0 0 0 0 0 0 0 0 0 0 0 0 0 0 0 0 0 0 0 0 0 0
1 7 0 0 0 0 1 1 0 1 0 0 0 0 0 0 0 0 2 0 0 0 0 1 0 0 0 0 0 0 0 0 0 0 0 0 0 0 0 0 0 0 0 0 0 0 0 0 0 0 0 0 0 1 0 0 0 1 0 1 1 1 1 0 0 1 0 1 0 0 0 0 1 0 0 0 0 0 0 0 0 0 0 0 0 0 0 0 0 0 0 0 0 0 0 0
1 3 1 0 0 0 1 0 0 1 0 0 0 0 0 0 0 0 0 0 0 0 0 0 0 0 0 0 0 0 0 0 0 0 0 0 0 0 0 0 0 0 0 0 0 0 0 0 0 0 0 1 1 1 0 0 0 1 0 1 0 1 0 1 0 0 0 0 0 0 0 0 0 0 0 0 0 0 0 0 0 0 0 0 0 0 0 0 0 0 0 0 0 0 0 0
0 1 1 0 0 0 0 1 0 0 0 0 0 0 0 0 0 0 0 0 0 0 0 0 0 0 0 0 0 0 0 0 0 0 0 0 0 0 0 0 0 0 0 0 0 0 0 0 0 0 0 1 1 0 0 1 1 1 0 0 1 0 0 0 1 0 0 0 0 0 0 0 0 0 0 0 0 0 0 0 0 0 0 0 0 0 0 0 0 0 0 0 0 0 0 0
0 0 1 0 0 0 0 0 0 0 0 0 0 0 0 1 0 0 0 0 0 0 0 0 0 0 0 0 0 0 0 0 0 0 0 0 0 0 0 0 0 0 0 0 0 0 0 3 1 1 2 2 0 0 0 0 0 0 0 0 1 0 0 0 0 1 1 0 0 0 0 0 0 0 0 0 0 0 0 0 0 1 0 0 0 0 0 0 0 0 0 0 0 0 0 0
0 0 1 0 0 0 0 0 0 0 0 0 0 0 0 0 0 0 0 0 0 0 0 0 0 0 0 0 0 0 0 0 0 0 0 0 0 0 0 0 0 0 0 0 0 2 5 1 1 1 0 0 0 0 0 0 0 0 0 0 0 0 0 0 0 0 0 0 0 0 0 0 0 0 0 0 0 0 0 0 0 0 0 0 0 0 0 0 0 0 0 0 0 0 0 0
0 0 0 1 0 0 0 0 0 0 0 0 0 0 0 0 0 0 0 0 0 0 0 0 0 0 0 0 0 0 0 0 0 0 0 0 0 0 0 0 0 0 0 1 0 0 4 5 1 0 0 0 0 0 0 0 0 0 0 0 0 0 0 0 0 1 0 0 0 0 0 0 0 0 0 0 0 0 0 0 0 0 0 0 0 0 0 0 0 0 0 0 0 0 0 1
0 0 0 1 0 0 0 0 0 0 0 0 0 0 0 0 0 0 0 0 0 0 0 0 0 0 0 0 0 0 0 0 0 0 0 0 0 0 0 0 0 1 2 2 4 0 1 4 1 0 0 0 0 0 0 0 0 0 0 0 0 0 0 0 1 0 0 0 0 0 0 0 0 0 0 0 0 0 1 1 1 0 0 0 0 0 0 0 0 0 0 0 0 0 1 0
0 0 0 1 0 0 0 0 0 0 0 0 0 0 0 0 0 0 0 0 0 0 0 0 0 0 0 0 0 0 0 0 0 0 0 0 0 0 0 0 1 6 4 3 4 10 7 1 0 0 0 0 0 0 0 0 0 0 0 0 0 0 0 0 0 0 0 0 0 0 0 1 1 0 0 0 0 0 0 0 0 0 0 0 0 0 0 0 0 0 0 0 0 0 0 0
0 0 0 0 0 0 0 0 0 0 0 0 0 0 0 0 0 0 0 0 0 0 0 0 0 0 0 0 0 0 0 0 0 0 0 0 0 0 0 0 0 0 1 7 9 3 0 0 0 0 0 0 0 0 0 0 0 1 0 0 0 0 0 0 0 0 0 0 0 0 0 0 0 0 0 0 0 0 0 0 0 0 0 0 0 0 0 0 0 0 0 0 0 0 0 0
0 0 0 0 0 0 0 0 0 0 0 0 0 0 0 0 0 0 0 0 0 0 0 0 0 0 0 0 0 0 0 0 0 0 0 0 0 0 0 0 0 0 0 0 0 0 0 0 0 0 0 0 0 0 0 0 0 0 0 0 0 0 0 0 0 0 0 0 1 1 0 0 0 0 0 0 0 0 1 0 0 0 0 0 0 0 0 0 0 0 0 0 0 0 0 0
0 0 0 0 0 0 0 0 0 0 0 0 0 0 0 0 0 0 0 0 0 0 0 0 0 0 0 0 0 0 0 0 0 0 0 0 0 0 0 0 5 1 0 0 0 0 0 0 0 0 0 0 0 0 0 0 0 0 0 0 0 0 0 0 0 0 0 0 0 0 0 0 0 0 0 0 0 0 0 0 0 0 0 0 0 0 0 0 0 0 0 0 0 0 0 0
0 0 0 0 0 0 0 0 0 0 0 0 0 0 0 0 0 0 0 0 0 0 0 0 0 0 0 0 0 0 0 0 0 0 0 0 0 0 0 0 0 0 0 0 0 0 0 0 0 0 0 0 0 0 0 0 0 0 0 0 0 0 0 0 0 0 0 0 0 0 0 0 0 0 0 0 0 0 0 0 0 0 0 0 0 0 0 0 0 0 0 0 0 0 0 0
