sesion_6_simulaciones/modelos_agentes/ejemplos_netlogo/scenarios/cgcm2_a2/rob_2073.asc
NCOLS 322 
NROWS 307 
XLLCORNER 451900 
YLLCORNER 4086900 
CELLSIZE 100 
NODATA_value -9999 
[rows 222 to 295 of 307, columns 192 to 287 of 322]
5 5 3 2 11 6 4 2 1 0 0 0 0 0 0 0 0 0 1 1 2 5 19 14 8 10 7 7 17 17 8 11 33 28 27 19 28 44 39 39 39 30 32 53 27 33 33 15 20 26 19 16 5 5 6 5 5 17 42 42 29 28 39 26 65 82 75 71 82 85 58 39 15 4 2 0 0 0 0 0 1 0 0 0 0 1 1 0 1 2 5 6 9 9 11 9
22 22 16 11 5 3 2 2 1 1 0 0 0 0 0 0 0 0 0 1 3 9 19 29 13 17 18 14 24 26 17 18 33 34 34 20 31 26 31 32 34 27 34 52 35 21 33 18 23 17 13 6 7 5 3 3 4 12 15 18 16 30 40 31 45 70 67 63 78 80 60 31 14 4 1 1 1 1 0 0 1 0 0 0 1 1 1 1 1 3 4 4 8 11 12 16
26 18 19 11 8 5 4 2 1 0 0 0 0 0 0 1 1 1 1 2 4 13 24 40 34 22 22 29 29 45 43 27 29 30 35 21 34 14 30 28 20 25 30 52 59 23 32 26 13 8 10 8 10 3 1 4 6 16 9 25 28 35 43 46 26 36 11 7 17 66 73 32 10 2 1 1 1 1 1 0 1 1 0 0 0 1 1 2 2 2 4 9 9 10 14 31
14 12 10 7 4 2 2 1 1 0 0 0 0 0 0 1 2 3 3 3 5 9 17 33 43 42 33 35 32 48 73 53 36 36 20 23 27 23 41 22 17 17 27 31 46 43 12 21 5 5 4 2 7 5 1 4 5 6 12 29 41 41 57 48 28 35 23 28 11 11 43 20 6 5 3 3 3 1 1 0 1 1 1 0 0 1 1 2 3 2 3 10 11 11 17 20
13 10 8 4 1 1 2 1 1 0 0 0 0 0 1 1 2 4 6 8 5 10 22 24 44 68 47 43 44 33 50 62 33 42 33 35 40 37 24 23 14 18 17 18 21 28 16 35 18 4 16 10 4 2 1 3 15 16 21 31 54 51 46 33 28 30 38 50 27 18 16 5 8 6 6 5 2 1 1 0 1 1 1 0 1 1 2 1 1 2 3 3 10 14 12 21
10 15 10 8 5 4 2 1 1 0 0 0 0 0 2 2 3 2 8 17 18 24 24 28 41 67 76 50 64 40 47 59 43 29 48 48 36 30 30 26 7 12 11 17 26 27 34 45 45 11 9 7 5 1 2 3 8 9 24 44 51 41 33 24 53 45 54 48 30 24 8 7 9 12 9 7 6 4 2 1 1 1 2 1 1 1 1 1 1 1 2 4 6 7 13 22
16 9 5 4 3 1 1 0 0 0 0 0 0 0 2 2 1 4 12 19 33 48 61 45 47 57 80 44 62 40 41 59 24 25 44 46 46 40 30 27 17 17 14 11 28 31 28 40 27 23 12 7 4 3 11 21 15 28 43 59 40 24 27 43 74 67 46 34 30 18 17 14 19 16 20 11 8 5 1 0 1 3 3 1 2 1 1 2 1 2 4 6 7 8 8 21
18 10 5 3 2 2 1 0 0 0 0 0 0 1 1 1 1 4 6 12 18 38 60 74 63 54 68 66 74 43 62 36 23 21 31 48 47 49 24 25 24 26 16 14 20 31 32 25 17 13 15 14 5 8 9 10 23 16 33 10 19 44 48 75 70 52 41 30 38 39 33 30 26 31 13 9 6 4 1 0 0 3 5 3 2 3 3 3 1 2 4 5 13 14 18 24
5 6 4 1 1 1 1 0 0 0 0 0 0 1 1 2 6 3 6 10 26 35 55 54 70 65 72 75 65 38 52 26 22 46 30 44 45 31 28 34 35 34 15 16 38 33 40 27 27 9 8 5 4 1 4 3 56 28 12 26 38 42 52 47 32 30 32 35 29 36 51 50 36 13 4 4 2 2 0 0 1 1 6 3 3 3 8 12 3 2 3 7 9 9 17 23
2 1 2 1 2 1 1 0 0 0 0 0 0 1 3 6 5 6 11 21 24 36 55 64 57 60 64 59 60 59 68 34 25 35 44 33 41 34 29 28 31 20 23 14 16 22 34 33 23 14 5 5 3 3 8 9 3 69 67 39 24 13 29 28 40 37 29 22 15 43 75 52 26 12 5 2 1 0 0 0 0 2 3 3 6 3 7 8 13 3 4 9 9 15 12 21
2 1 0 1 1 1 0 0 0 0 0 0 1 2 5 6 4 7 16 19 21 48 64 69 53 55 63 51 70 79 46 35 35 51 29 43 40 37 34 32 29 26 43 12 24 24 30 24 11 4 14 4 6 7 11 31 19 18 31 34 17 37 22 26 25 34 34 14 27 45 50 26 21 16 5 1 0 0 1 2 1 1 1 9 8 2 2 3 19 4 5 10 12 13 10 14
1 1 1 1 1 1 0 0 0 0 0 0 0 1 2 4 8 13 21 42 29 31 69 58 70 55 57 59 19 76 48 41 33 49 40 28 33 42 34 32 31 25 48 12 13 49 28 21 16 8 14 5 5 20 28 8 32 34 17 8 20 11 19 26 26 29 20 54 46 21 36 19 13 10 5 1 1 1 1 1 2 3 2 4 5 7 3 9 11 13 11 6 7 22 15 15
4 3 2 1 1 0 0 0 0 0 0 0 0 1 2 2 5 10 23 40 54 60 76 59 69 66 66 56 62 55 75 40 31 38 34 14 20 35 40 45 30 13 29 34 7 22 20 38 15 11 14 8 5 15 11 12 6 8 12 27 21 25 24 39 19 22 39 21 16 28 25 18 12 3 1 1 1 1 2 2 2 2 4 5 10 14 5 6 12 13 36 16 6 10 29 22
1 2 1 1 0 0 0 0 0 0 0 0 0 0 1 2 4 10 22 35 55 46 58 19 36 58 59 20 18 36 67 26 34 69 33 29 36 42 23 8 18 7 29 33 8 25 34 17 4 9 14 9 6 11 9 5 20 25 43 27 12 19 45 58 41 35 56 55 49 36 22 14 5 2 1 1 3 2 5 2 3 4 5 5 13 11 21 7 14 9 4 22 10 9 12 19
1 1 1 1 0 0 0 0 0 0 0 0 0 0 0 1 4 6 17 30 36 25 23 49 42 41 26 27 43 36 52 49 49 50 48 42 36 31 32 15 21 20 21 35 6 14 23 16 6 5 5 10 7 10 3 10 24 9 14 21 25 45 55 59 62 60 44 34 45 34 49 23 8 3 1 0 1 5 5 2 4 5 7 4 6 11 9 25 20 19 11 27 15 3 9 9
3 1 1 0 0 0 0 0 0 0 0 0 1 1 0 0 3 6 8 9 16 50 49 42 48 53 43 31 35 42 36 35 47 44 28 33 29 32 36 12 33 25 18 35 5 8 21 12 16 13 4 3 11 10 6 11 13 11 34 23 50 37 39 72 81 51 46 25 52 26 17 12 3 2 2 2 3 6 6 6 10 5 6 6 6 5 10 27 44 50 11 11 18 9 14 25
1 1 1 0 0 0 0 0 0 0 1 1 1 1 1 1 1 2 4 12 19 28 40 31 25 36 47 30 40 26 34 38 36 60 31 42 26 40 23 26 13 19 10 25 6 5 10 9 8 12 11 4 6 1 7 4 4 17 23 21 32 26 53 65 68 76 47 21 13 15 10 2 1 4 6 6 3 4 12 10 17 9 8 8 10 9 5 5 6 15 37 34 22 15 16 25
1 1 0 0 0 0 0 0 0 0 1 1 2 2 1 2 4 3 3 10 18 32 28 38 41 50 35 27 32 29 15 18 37 24 18 54 15 29 19 17 17 18 44 25 8 9 17 23 7 4 4 4 1 8 2 4 12 36 37 66 66 50 36 46 47 32 39 39 20 11 4 1 2 8 5 12 4 5 11 19 14 20 11 10 10 9 15 10 9 12 25 20 19 54 19 31
1 0 0 0 0 0 0 0 0 1 1 2 2 3 3 2 5 6 7 6 14 8 16 19 22 35 25 17 25 24 29 26 15 11 6 40 17 39 13 19 14 12 41 25 17 10 32 13 13 7 3 11 3 11 7 14 19 9 27 34 40 36 22 33 48 38 46 22 25 11 6 1 4 6 7 14 16 6 8 13 19 27 16 24 14 6 9 15 5 2 6 6 7 28 31 23
1 0 0 0 0 0 0 1 1 1 1 2 2 4 8 4 6 13 9 18 31 32 45 48 49 42 38 49 48 32 48 57 51 24 33 25 39 28 12 14 9 7 6 23 12 5 9 10 8 6 8 16 27 35 72 57 61 52 56 35 40 40 46 58 47 39 32 22 18 9 2 1 5 7 14 14 16 13 14 25 18 32 20 28 16 8 9 17 24 7 12 13 8 6 8 12
1 0 0 0 1 1 1 1 1 1 2 3 2 6 8 5 2 4 19 31 46 40 50 63 68 70 67 60 77 65 37 35 28 17 8 8 17 16 22 12 13 3 4 17 5 4 4 10 3 7 1 1 2 3 13 27 76 77 52 52 42 40 21 54 42 31 28 21 6 3 1 2 6 10 7 11 15 25 18 26 18 10 35 33 21 10 11 25 21 10 13 20 17 29 36 45
1 0 0 1 1 1 2 2 2 2 1 1 4 6 6 12 3 3 6 14 32 53 29 53 54 67 67 50 10 25 41 25 15 14 16 23 23 9 23 6 11 4 1 9 6 8 2 2 2 4 4 3 3 4 5 5 18 49 70 77 82 41 37 28 25 25 25 23 17 4 2 6 13 13 13 15 37 28 30 30 30 12 15 47 30 12 12 17 17 13 20 12 24 29 41 49
0 0 1 1 1 2 2 2 2 2 1 2 3 6 5 9 6 2 6 12 21 28 21 44 35 30 27 16 12 14 23 18 16 21 18 9 15 24 16 2 7 9 2 4 4 2 1 6 4 3 9 5 10 14 16 22 29 49 40 32 47 77 60 47 42 39 40 23 14 4 4 13 17 25 23 18 32 40 29 23 21 21 9 31 44 23 24 10 28 15 27 26 18 33 33 25
1 1 1 2 3 3 3 3 3 3 2 3 3 5 9 5 15 2 3 3 8 7 17 20 27 38 32 35 38 24 37 15 16 26 20 14 13 8 4 3 6 8 39 11 2 3 1 3 4 3 12 15 8 21 40 21 19 19 24 18 19 37 59 57 49 33 34 22 8 2 7 17 17 23 25 28 20 47 35 46 26 37 25 26 63 30 42 18 30 26 27 42 28 29 25 35
0 1 2 2 4 4 3 4 4 4 2 3 4 7 12 10 10 4 4 8 6 6 16 19 28 35 38 33 31 47 41 39 31 48 12 9 11 14 11 8 20 17 4 4 16 5 2 2 2 19 31 6 17 17 16 20 36 34 42 28 25 25 26 30 34 28 19 18 7 5 8 19 19 29 25 22 23 33 43 51 38 25 40 26 64 23 26 32 20 44 28 29 30 22 24 25
1 2 4 3 4 2 3 6 9 8 3 2 5 4 18 39 4 5 4 14 16 18 13 17 23 23 34 21 26 34 33 26 21 20 21 21 14 20 17 9 4 3 2 1 2 6 6 2 21 41 4 3 5 28 25 23 25 34 23 23 33 24 26 19 19 17 16 9 6 8 16 21 19 22 22 24 29 35 47 40 37 33 37 51 65 23 28 34 21 46 31 15 38 16 9 19
3 3 4 6 6 3 5 7 14 13 4 2 3 9 15 17 6 7 5 13 19 20 20 12 14 11 25 29 28 34 23 19 21 21 18 17 16 11 10 11 5 3 2 1 2 1 2 13 3 14 4 6 6 6 15 72 39 44 35 35 28 26 22 19 16 15 13 7 6 7 15 19 14 22 21 34 42 28 32 55 43 49 48 49 61 41 47 22 46 43 13 23 35 14 18 23
4 4 5 13 6 4 4 9 11 24 6 3 7 9 15 26 14 8 8 20 26 39 21 26 25 10 17 21 23 20 28 15 21 20 18 10 8 4 6 6 11 10 7 5 4 6 6 1 1 2 5 15 20 20 29 15 28 31 47 46 37 26 22 21 18 16 12 6 3 13 18 20 27 23 38 33 30 42 28 24 41 43 37 53 28 84 50 19 33 40 9 23 20 34 20 27
6 11 5 16 9 5 6 11 15 19 4 4 8 10 19 22 25 3 17 24 28 43 26 29 29 38 22 19 12 13 13 24 37 23 8 18 6 17 8 8 8 10 4 3 2 3 1 1 4 8 12 13 24 23 38 10 8 10 12 27 24 29 26 28 24 23 18 9 4 15 16 17 26 31 39 17 29 22 43 19 28 26 38 23 51 75 31 21 53 20 11 23 20 33 35 32
5 6 13 14 12 11 6 9 18 33 5 9 11 19 18 33 6 5 19 24 38 46 51 31 52 32 35 32 19 19 13 42 51 24 27 14 11 15 9 6 11 3 5 2 3 3 2 2 2 10 9 8 23 34 28 9 20 31 30 38 36 34 36 42 34 34 23 10 4 18 20 18 38 26 32 46 42 31 18 33 21 32 34 39 31 57 49 38 44 21 19 29 16 19 9 45
3 4 15 17 16 14 9 11 20 23 6 13 18 36 42 19 5 5 19 24 28 51 46 50 33 34 52 36 33 29 31 36 47 37 26 27 25 12 23 11 4 6 2 1 1 2 2 2 2 4 6 12 19 18 33 28 30 39 40 45 51 56 43 35 25 18 20 6 8 21 28 23 40 42 30 32 43 31 32 11 44 13 19 42 46 57 64 75 38 21 31 25 31 33 22 50
7 7 19 24 29 18 11 14 27 29 7 9 23 42 27 7 4 11 19 23 40 44 44 46 47 36 46 38 50 47 46 29 15 18 24 22 20 8 15 12 10 6 2 2 4 2 1 4 2 2 3 6 19 36 26 25 45 49 51 34 56 37 19 27 31 23 11 7 7 18 39 24 35 42 46 35 46 29 36 27 20 43 20 8 12 36 56 68 31 45 35 29 26 45 18 19
6 10 13 17 43 27 12 16 23 30 7 7 24 44 17 8 5 14 26 26 26 31 37 41 63 32 37 35 28 46 46 30 32 21 19 10 15 15 18 9 7 4 3 4 7 3 3 3 1 1 2 11 20 16 40 52 23 32 22 25 21 22 35 39 23 21 19 6 9 11 42 29 31 30 36 43 36 32 16 29 16 45 26 20 11 10 29 46 47 69 37 33 26 42 12 17
8 20 14 12 21 42 16 21 38 12 9 10 18 51 25 9 5 19 25 26 40 50 45 59 52 44 25 29 46 37 19 45 59 40 15 14 10 11 15 8 3 5 5 3 3 1 2 1 4 3 6 9 14 27 40 30 46 24 32 36 31 30 29 24 26 24 12 7 8 16 18 47 28 25 31 33 48 43 29 49 19 17 28 23 18 15 16 32 48 51 34 36 30 35 17 26
10 14 30 24 12 30 11 26 58 12 13 25 34 41 14 14 2 10 31 32 50 38 43 58 54 46 42 15 11 13 17 16 19 6 7 12 20 10 9 14 8 4 3 2 1 1 1 1 5 6 8 11 19 26 47 46 51 36 32 44 34 41 43 28 28 28 13 11 11 29 30 30 49 23 27 31 54 42 30 25 33 17 13 40 29 16 21 21 41 40 50 33 27 20 29 14
12 16 33 41 19 46 12 25 60 29 14 36 42 25 12 3 3 7 15 34 51 52 39 40 43 61 38 15 20 14 17 16 21 13 9 5 10 13 14 11 5 4 2 2 2 1 2 1 0 1 8 8 8 19 22 20 20 44 44 39 45 26 29 30 24 25 23 6 14 29 33 30 37 13 34 32 33 46 56 48 44 23 16 15 32 17 14 27 43 76 64 29 18 16 29 13
14 16 19 47 22 41 22 21 31 40 20 45 38 10 4 7 10 16 26 41 38 40 47 26 36 40 55 21 14 14 22 20 19 16 12 17 10 11 5 2 3 4 2 2 3 2 1 0 2 3 4 12 47 33 21 52 46 68 45 32 43 43 43 41 39 24 22 12 18 33 28 41 55 22 22 46 34 50 40 34 53 17 25 25 53 18 10 14 13 36 53 26 25 11 44 27
12 14 12 30 54 28 41 20 49 23 49 25 10 4 12 12 19 13 48 53 29 36 38 38 18 27 51 52 22 23 12 19 16 8 6 6 9 5 3 3 3 1 1 0 1 1 1 1 3 3 3 10 10 25 37 42 28 55 27 23 29 35 38 37 23 20 15 26 27 32 36 44 12 30 37 44 39 26 41 29 66 22 25 16 26 38 23 25 32 31 46 20 40 13 23 37
28 17 13 19 29 44 47 26 63 37 32 8 6 11 15 24 24 16 19 18 33 35 37 51 42 26 22 10 25 37 11 20 9 7 12 13 12 6 5 4 2 2 4 2 1 0 0 0 2 4 7 9 18 13 26 28 30 31 21 7 21 29 32 28 18 15 15 27 29 31 35 49 17 15 8 14 37 47 67 18 55 37 23 26 15 13 47 21 29 35 25 45 12 15 24 35
20 30 21 16 16 30 57 32 32 13 9 3 9 16 30 37 35 14 19 21 33 36 27 9 17 11 14 31 6 12 25 36 19 21 5 13 4 5 5 1 1 1 1 1 1 3 1 1 2 3 8 5 6 13 17 24 20 36 27 29 41 32 33 21 29 29 17 30 29 32 28 44 15 28 15 21 21 15 38 24 21 45 23 30 15 31 37 8 27 41 47 35 10 15 13 16
22 32 25 31 40 47 48 30 32 9 12 10 15 29 30 36 43 26 29 29 33 34 24 16 14 18 15 9 11 23 9 14 14 42 11 21 4 3 3 3 2 1 1 2 1 1 1 1 2 4 11 4 6 11 23 11 29 52 57 51 42 30 33 33 29 26 29 40 29 29 30 37 19 31 27 22 32 26 30 48 13 46 22 43 13 12 34 6 13 18 45 26 8 15 16 37
24 37 29 36 43 55 47 12 7 4 15 14 26 31 32 43 27 52 42 28 31 30 25 30 27 23 20 10 13 30 8 10 4 4 4 12 15 10 6 12 6 4 2 2 1 1 0 1 4 4 8 3 5 13 16 21 37 69 27 34 45 28 34 29 26 26 35 45 26 29 30 30 27 29 38 22 30 28 27 25 36 69 32 37 25 7 43 18 8 9 27 35 14 16 12 4
23 44 44 39 69 55 12 9 13 16 29 24 22 34 32 46 18 30 60 18 33 24 14 19 29 28 10 15 17 20 40 9 7 3 3 2 3 1 3 10 9 3 4 2 2 1 1 1 3 3 3 3 7 11 25 30 33 39 33 24 41 35 25 9 30 16 18 51 29 27 41 28 40 25 35 29 26 29 24 19 27 12 50 45 36 10 16 12 6 7 11 38 12 21 24 20
26 36 64 55 67 13 14 12 15 27 30 30 40 54 17 44 17 27 32 54 18 38 12 10 16 28 29 20 17 12 6 13 6 6 4 3 3 3 2 3 4 2 1 2 1 0 0 2 2 2 3 3 4 9 19 37 16 36 60 48 23 20 14 7 39 24 25 47 34 24 41 27 52 33 32 36 22 23 33 19 14 11 36 26 35 12 6 31 7 8 14 33 26 23 13 16
17 37 65 78 44 8 14 26 30 29 46 54 25 34 20 19 38 15 29 28 18 28 17 15 16 22 16 33 17 21 21 12 16 9 7 5 3 2 2 3 3 1 1 1 1 1 1 3 1 2 2 2 5 12 26 27 56 35 30 46 24 16 5 14 21 43 25 26 35 21 33 24 43 36 21 35 33 19 20 32 27 8 13 39 47 14 3 20 11 8 15 9 41 24 11 52
18 43 69 51 8 10 29 27 21 49 35 65 19 38 19 16 24 61 14 31 40 24 33 12 12 22 27 18 18 29 15 12 28 5 6 5 4 4 1 3 2 1 2 2 2 1 3 2 3 4 5 7 8 9 14 24 36 30 33 28 26 15 7 19 16 27 23 24 36 20 24 30 23 42 19 21 47 18 20 22 34 9 17 19 33 14 6 11 16 10 8 6 7 16 14 11
19 48 53 27 12 19 28 30 18 35 18 58 20 40 43 15 38 61 10 36 53 12 45 11 11 26 28 27 9 7 34 5 5 12 17 8 2 3 2 3 1 1 1 1 1 1 1 2 3 5 4 4 3 6 8 14 23 27 21 39 26 14 14 21 28 33 14 18 32 31 18 16 12 29 18 18 25 24 18 14 6 6 21 12 29 12 7 4 14 21 3 8 19 15 26 3
17 46 41 30 14 18 34 49 15 21 21 45 15 29 56 21 31 58 16 16 27 25 30 13 10 13 13 23 21 17 6 8 3 3 1 14 8 2 1 2 1 1 2 1 2 1 1 2 3 6 5 7 5 10 8 14 8 16 22 15 11 21 19 20 19 28 29 20 23 27 10 19 11 19 21 17 24 8 7 19 7 8 7 10 34 35 8 4 9 16 2 5 16 23 22 9
39 38 50 17 15 22 24 33 15 23 22 27 28 16 45 15 11 45 17 12 11 10 48 24 9 8 10 10 11 12 23 12 2 6 1 2 10 2 1 2 1 3 3 2 1 2 0 1 2 6 8 4 5 3 5 14 24 42 25 11 5 17 19 18 19 19 48 13 23 30 9 15 16 20 35 3 16 18 8 7 13 6 6 6 11 32 5 4 6 17 4 4 5 31 55 33
72 41 12 13 20 21 21 26 13 43 25 11 31 13 57 12 11 27 19 8 11 22 38 15 7 11 8 19 19 16 9 10 6 8 1 2 2 5 1 1 2 3 1 2 1 1 1 0 1 4 6 11 8 5 10 15 22 41 34 12 6 32 17 12 17 17 31 17 10 33 16 8 9 33 23 8 7 8 22 4 11 20 8 8 40 19 3 10 1 30 10 3 2 2 6 9
12 6 14 11 18 21 33 33 23 35 18 11 61 9 12 34 15 39 19 7 9 14 16 39 11 14 6 14 18 14 8 4 6 13 2 3 1 14 1 1 1 1 1 1 1 2 1 2 2 7 8 6 21 7 8 7 8 31 35 7 8 16 20 10 19 16 15 27 10 38 21 11 13 10 27 8 7 12 10 9 3 2 21 6 9 22 5 16 3 13 29 4 11 6 4 3
26 11 32 23 18 21 39 18 44 26 8 14 37 14 14 37 8 14 39 5 16 12 9 27 6 13 11 9 10 11 13 10 2 5 2 3 1 1 4 1 0 1 1 2 1 1 0 2 5 6 13 11 2 6 9 1 9 15 11 4 14 38 25 8 7 29 9 21 7 12 50 7 16 16 10 11 9 9 16 10 11 5 6 10 3 19 24 16 4 6 55 4 5 3 8 3
46 23 12 23 25 27 21 18 37 16 14 15 10 12 12 18 9 8 35 10 14 10 4 10 16 12 11 6 7 5 7 6 7 2 2 6 1 1 2 4 1 2 1 2 2 1 1 1 4 1 1 1 1 5 6 22 16 7 12 10 6 28 12 9 9 16 28 6 23 6 25 5 12 26 4 5 26 4 7 10 16 6 4 1 2 2 20 23 5 4 23 7 5 3 6 5
74 31 17 15 16 21 8 19 33 6 18 14 12 12 8 20 9 9 19 6 6 16 5 2 1 5 5 2 11 16 6 5 8 1 1 0 3 1 1 11 1 1 1 2 2 1 2 2 16 3 2 2 3 3 15 31 13 3 4 16 6 6 19 8 15 9 39 5 37 4 14 13 7 11 4 17 8 6 4 4 7 9 7 3 3 3 2 3 16 18 12 7 5 3 8 5
45 12 8 19 10 10 9 11 29 6 11 8 9 25 8 24 8 26 9 5 4 13 8 4 4 5 5 5 7 7 14 13 2 2 1 1 1 3 1 14 0 0 0 1 1 1 2 1 1 2 3 4 1 8 17 17 11 6 2 22 11 7 3 17 15 13 24 5 27 8 5 8 13 22 6 4 7 2 5 1 2 6 3 3 2 2 2 1 1 3 19 5 2 3 7 4
57 13 39 13 14 9 9 9 9 6 12 10 5 28 27 5 13 11 13 11 9 4 8 6 8 11 6 8 3 3 4 3 2 2 0 1 0 1 1 4 1 0 1 0 1 1 1 3 0 1 1 2 4 24 20 14 10 9 2 6 13 6 10 8 10 23 13 16 3 15 24 3 20 30 7 1 5 2 3 1 4 3 5 4 1 1 1 2 1 1 3 6 4 1 6 1
40 24 8 9 8 10 14 9 10 4 7 6 9 16 13 4 4 6 5 1 6 4 6 9 13 9 6 9 8 2 2 2 9 3 1 1 2 1 0 1 2 0 1 0 1 3 2 1 0 1 1 2 6 12 16 9 2 7 7 4 14 5 7 9 3 8 5 6 3 5 21 4 10 13 1 2 2 5 4 2 0 6 1 1 3 0 0 1 2 2 3 1 8 1 3 1
5 23 5 9 9 7 10 6 27 5 6 6 5 2 12 5 5 2 10 4 3 6 7 7 7 3 6 11 8 1 2 2 3 4 3 1 1 2 0 0 3 0 0 0 0 4 8 1 1 1 1 4 8 9 16 5 4 8 5 7 18 6 3 3 6 4 4 12 3 4 14 6 24 5 1 3 1 0 2 4 1 2 1 2 4 1 1 1 1 1 1 2 3 3 4 0
10 46 5 6 3 7 9 8 4 8 5 4 6 2 5 3 4 2 23 5 2 3 4 17 3 2 4 8 8 1 2 2 4 2 3 1 1 1 1 0 2 0 0 0 0 1 1 1 0 2 2 5 8 14 7 2 4 7 5 7 16 8 12 4 3 8 3 10 2 3 3 4 16 1 1 0 1 1 3 2 1 0 0 2 2 2 2 1 1 1 0 0 1 5 2 0
9 32 14 1 3 4 12 7 4 10 5 2 2 3 2 4 1 7 2 1 2 5 6 3 8 3 2 2 3 3 1 4 3 2 2 1 1 1 1 0 4 0 0 0 0 0 3 5 3 1 3 10 16 15 1 4 6 9 5 8 4 13 4 12 6 3 2 5 1 3 4 8 4 4 2 3 0 2 4 1 3 1 0 1 1 4 3 1 1 0 0 0 0 1 2 2
3 15 16 1 6 2 5 9 2 6 3 2 0 3 1 6 2 4 3 4 1 2 4 5 4 2 1 2 3 6 1 2 2 4 2 1 1 2 1 1 2 1 0 1 0 0 0 4 6 3 9 14 15 3 5 7 8 7 5 7 9 6 2 6 9 1 2 1 3 1 3 4 2 6 2 2 1 4 3 0 5 6 1 2 0 0 1 1 0 1 0 1 1 3 1 2
4 7 11 2 3 1 2 2 2 3 3 1 0 2 2 15 2 2 2 1 2 4 3 4 2 1 1 1 3 2 1 2 4 2 1 0 1 1 1 0 1 1 0 1 1 1 2 17 12 24 28 28 1 3 3 3 5 6 5 5 10 2 7 4 4 10 20 1 1 0 1 8 1 5 4 3 2 5 3 2 3 10 1 2 1 0 1 1 3 2 1 0 5 1 1 4
3 3 13 4 4 1 1 2 1 4 3 2 1 1 1 3 2 1 2 1 2 2 1 1 1 1 4 1 2 4 2 1 4 3 1 1 2 1 0 1 0 0 0 1 6 16 32 12 13 18 6 1 2 3 5 3 4 4 3 2 2 1 4 2 1 7 1 0 0 1 2 1 4 1 5 3 3 3 8 3 4 5 1 3 1 1 1 1 1 1 1 2 1 2 3 8
3 1 1 14 1 1 0 0 0 2 6 1 1 1 1 3 1 1 3 1 1 1 1 1 0 1 1 0 0 3 1 1 2 1 1 1 1 1 0 1 0 0 0 12 9 9 36 43 11 2 1 2 2 3 3 2 4 4 3 1 0 0 3 5 8 11 1 1 0 3 4 2 2 1 5 1 5 2 3 1 2 5 1 3 1 2 0 0 1 0 0 0 1 1 3 7
2 2 1 14 0 1 2 0 2 0 2 1 1 1 1 5 1 2 2 1 0 1 1 3 0 1 0 3 0 0 1 1 2 1 0 1 2 1 0 0 1 15 24 25 37 6 15 46 23 0 1 2 2 2 0 2 2 2 2 0 0 2 9 8 9 3 1 3 3 1 4 4 1 1 2 2 6 4 10 18 17 6 1 2 3 2 2 0 1 1 1 0 1 1 7 3
2 1 1 15 1 0 0 0 3 0 1 2 1 1 1 3 0 1 2 1 1 1 1 3 0 1 0 1 1 2 1 1 1 1 1 2 1 1 1 3 13 25 40 31 43 55 45 20 0 1 3 2 2 2 1 1 3 4 1 1 0 3 7 4 2 2 2 2 2 2 3 11 13 2 1 2 2 4 6 3 1 4 4 7 4 3 1 0 2 0 2 1 1 2 9 2
1 1 0 3 2 3 1 1 3 1 1 2 0 0 0 0 1 1 1 1 0 0 0 1 0 1 2 1 2 1 1 1 1 2 1 1 1 0 1 5 3 1 20 46 52 33 1 1 2 1 1 1 2 2 1 0 0 12 1 3 1 2 1 4 4 1 3 3 2 6 8 8 1 2 1 4 3 3 3 3 3 3 4 2 3 1 1 1 1 0 1 2 0 1 5 1
1 1 0 1 3 1 1 0 1 0 0 1 0 0 0 0 0 0 1 0 0 0 0 0 1 1 1 1 1 0 1 1 1 1 1 1 1 0 1 3 1 7 5 3 2 1 3 4 2 2 1 1 1 0 0 1 1 2 2 1 1 1 0 1 1 1 1 3 10 14 2 1 2 2 2 2 7 3 13 3 4 4 3 2 3 0 1 1 1 0 2 1 1 1 1 0
1 1 0 0 3 0 0 0 2 1 0 0 1 0 0 0 0 0 1 1 0 0 0 1 1 1 0 1 0 1 1 1 1 1 1 0 1 0 4 4 24 18 4 1 3 3 1 1 1 0 0 0 1 0 1 1 1 4 1 0 1 1 2 1 0 1 2 8 6 0 1 0 1 2 6 5 3 4 2 3 3 2 3 4 1 1 1 1 1 0 3 1 1 1 1 0
0 0 1 2 0 0 0 0 1 0 0 0 1 0 0 0 0 0 0 1 0 0 0 0 1 1 1 1 0 0 0 0 0 1 0 0 1 1 2 2 2 6 1 2 3 1 1 2 4 1 0 0 0 0 1 2 0 2 1 1 1 1 2 0 0 0 3 4 0 0 0 1 1 1 1 6 4 6 1 2 2 2 2 1 1 1 1 1 2 0 1 1 0 0 0 0
1 0 0 2 3 0 0 0 1 0 0 0 0 0 0 0 0 0 0 0 0 0 0 0 0 1 1 0 0 0 0 0 1 0 0 0 0 1 2 1 2 7 1 2 1 3 1 0 1 2 1 0 0 0 0 0 1 1 1 0 0 2 1 0 0 2 3 4 0 0 0 1 1 1 1 2 3 1 1 1 1 2 2 3 1 1 2 1 0 0 1 1 0 0 0 0
1 0 0 0 0 0 0 0 0 0 0 0 0 0 0 0 0 0 0 0 0 0 0 1 0 0 1 0 0 0 0 0 0 0 1 1 1 9 2 19 17 5 1 0 0 2 2 1 1 2 1 1 0 0 1 0 2 1 0 0 0 1 1 1 2 3 3 3 0 1 1 2 4 0 1 2 1 1 1 1 2 1 1 0 0 3 1 1 0 0 0 0 0 0 0 0
0 0 0 0 0 0 0 0 0 0 0 0 0 0 0 0 0 0 1 0 0 0 0 1 0 0 0 0 0 0 0 0 0 0 0 1 2 5 14 7 2 14 2 0 1 1 0 0 0 1 1 1 0 0 1 1 0 3 0 0 0 2 1 0 1 2 1 3 1 1 1 1 2 0 0 1 0 2 1 1 0 0 0 0 0 1 0 0 0 0 0 0 0 0 0 0
0 0 1 0 0 0 0 0 0 0 0 0 0 0 0 0 0 0 0 0 0 0 0 0 0 0 0 0 0 0 0 0 0 0 0 6 11 24 42 5 1 0 1 2 1 0 1 5 1 2 2 0 1 1 1 1 0 1 0 1 0 2 0 1 1 1 1 3 1 1 1 1 1 0 0 0 1 1 3 1 0 0 0 0 0 0 0 0 0 0 0 0 0 0 0 0
