sesion_6_simulaciones/modelos_agentes/ejemplos_netlogo/scenarios/cgcm2_a2/rob_2090.asc
NCOLS 322 
NROWS 307 
XLLCORNER 451900 
YLLCORNER 4086900 
CELLSIZE 100 
NODATA_value -9999 
[rows 222 to 295 of 307, columns 192 to 287 of 322]
9 9 6 3 19 13 9 5 2 1 0 1 0 0 0 0 1 1 2 3 4 13 36 27 16 19 14 14 28 31 15 18 44 35 30 18 26 38 30 30 27 19 21 37 14 17 14 5 7 8 5 5 1 1 2 1 1 5 19 19 13 16 26 19 61 84 78 73 84 87 63 51 27 8 6 1 1 0 0 1 1 1 1 1 1 2 1 1 3 5 12 14 19 18 21 16
28 32 24 20 10 7 7 6 2 2 1 0 0 0 0 1 1 1 1 4 9 23 35 46 25 30 29 22 33 36 24 27 39 38 37 19 29 24 25 23 23 16 22 39 19 10 16 7 8 6 3 2 2 1 1 1 1 3 5 7 8 18 29 26 47 75 73 67 81 84 66 44 26 10 3 2 2 1 1 1 2 1 1 1 2 3 3 3 3 7 10 11 18 21 23 26
33 26 29 23 17 12 10 4 3 1 1 0 0 0 0 1 2 5 2 5 9 28 40 58 47 35 31 40 36 52 47 30 33 32 35 20 32 11 23 20 13 16 20 39 43 11 16 11 5 2 3 2 3 1 0 1 2 5 3 10 15 23 32 41 27 38 12 8 19 73 81 48 20 4 4 4 3 2 2 1 2 2 1 1 1 3 4 5 6 6 11 19 18 20 25 45
21 17 17 13 10 7 5 4 3 2 1 1 0 0 0 3 6 8 8 8 13 17 29 46 53 51 40 41 36 52 73 52 34 34 18 20 22 19 33 15 10 10 17 20 30 29 6 10 2 2 1 1 2 1 0 1 1 2 4 12 22 28 51 42 27 33 22 30 13 18 59 35 14 13 7 9 7 3 2 1 2 2 3 1 1 1 2 4 7 6 8 21 22 20 28 33
21 18 15 7 3 4 4 3 2 1 0 0 0 0 2 5 6 12 14 18 13 18 34 37 52 73 52 47 47 34 47 56 27 36 26 29 30 27 16 16 9 11 10 10 12 16 8 19 7 1 5 3 1 1 0 1 4 5 7 13 37 42 38 28 23 26 36 51 31 25 27 9 16 13 15 12 6 4 3 1 4 4 3 0 2 2 4 2 3 5 7 7 20 25 22 31
16 26 21 18 13 9 5 3 2 1 0 0 0 1 5 5 9 7 18 31 30 37 37 36 48 69 79 49 62 36 40 51 35 22 38 38 25 21 19 17 4 7 6 10 17 15 18 25 18 3 2 2 1 0 1 1 2 3 9 26 39 40 25 18 46 40 49 49 35 34 15 13 16 23 19 17 14 10 4 2 3 4 4 2 3 2 2 2 3 4 6 10 11 12 26 34
24 17 13 9 7 3 2 2 1 1 0 0 0 1 5 4 4 10 27 34 48 62 70 51 52 56 79 38 58 33 33 50 18 19 34 34 34 27 19 17 10 10 8 7 18 20 15 21 10 8 4 2 1 1 3 7 4 12 22 39 26 15 17 32 66 61 43 34 33 25 26 22 31 28 36 23 18 12 2 1 2 8 7 4 7 4 3 6 4 6 10 12 14 15 14 33
28 18 11 7 5 4 2 1 1 0 0 0 0 3 3 4 3 9 13 23 28 51 68 76 60 50 62 59 66 32 50 28 16 15 22 37 33 36 14 15 15 16 10 9 12 18 19 11 6 4 4 4 1 2 3 3 8 5 18 4 11 29 33 66 63 45 36 29 41 46 42 41 39 47 24 18 13 9 4 0 0 9 14 8 5 7 9 9 4 5 8 12 24 24 28 35
11 12 10 3 2 2 3 1 1 0 0 0 1 3 3 5 14 6 12 19 38 44 61 56 68 59 65 69 53 27 40 18 15 35 21 31 30 19 17 22 24 21 8 9 27 20 23 11 10 2 2 1 1 0 1 1 32 13 5 12 23 28 43 41 25 25 28 33 29 40 59 61 50 22 9 8 6 4 1 0 1 2 13 8 7 7 19 25 7 6 7 15 17 16 27 34
4 3 7 3 4 4 2 1 1 0 0 0 1 4 8 16 12 12 21 34 34 45 61 65 53 53 56 49 46 46 57 24 16 23 32 22 28 21 18 17 19 11 14 8 9 13 18 14 8 4 1 1 1 1 2 3 1 54 46 22 13 7 20 20 32 31 26 20 14 46 79 62 37 20 11 5 3 1 1 1 1 4 9 7 15 7 15 17 26 7 8 18 17 25 20 31
5 2 1 3 4 3 1 1 0 0 0 0 3 5 12 14 9 15 28 30 30 57 67 66 48 46 52 39 58 70 32 23 22 38 18 29 26 24 21 19 18 15 29 6 13 15 15 9 4 1 4 1 1 2 4 13 8 8 17 21 9 25 14 18 18 29 29 13 28 46 56 35 33 29 11 4 1 1 1 4 3 4 4 20 18 5 4 8 35 8 9 18 20 21 16 21
4 4 3 2 4 3 1 1 0 0 0 0 1 3 6 9 19 24 34 56 38 36 69 53 64 44 46 46 12 65 33 26 21 33 27 17 20 26 20 20 19 14 32 7 7 33 15 8 5 2 5 1 1 8 11 3 16 18 9 4 12 6 12 19 19 23 17 51 45 23 44 28 23 20 12 3 2 3 2 3 5 7 5 9 12 14 7 15 21 23 19 11 13 32 23 22
9 6 6 2 2 1 0 0 0 0 0 0 0 2 5 5 14 19 36 53 61 65 75 52 60 55 54 43 45 41 59 26 19 24 22 8 11 22 24 28 18 7 17 20 3 12 9 18 5 3 4 2 1 5 3 5 2 4 6 15 13 15 16 28 14 17 38 19 16 32 34 29 22 7 2 2 4 2 6 4 6 6 9 12 21 26 9 11 22 23 49 25 10 15 38 30
2 6 3 2 1 0 1 0 0 0 0 0 1 1 4 5 8 20 36 46 62 49 56 16 29 49 55 12 11 22 49 14 18 51 19 17 22 27 13 4 10 3 16 18 4 13 17 6 1 3 4 3 2 3 3 2 8 11 31 17 7 11 32 47 32 29 52 54 51 42 31 24 10 5 2 3 7 4 12 4 6 8 11 11 22 20 35 12 23 14 6 31 14 13 17 25
4 3 4 2 0 0 0 0 0 1 1 1 1 1 1 3 9 13 28 41 46 28 24 45 36 32 17 17 35 22 32 26 25 29 29 25 21 17 17 8 11 10 10 19 3 6 9 6 2 1 1 3 2 3 1 3 9 4 7 11 14 31 41 48 53 54 41 36 51 45 64 38 16 6 2 1 2 10 9 5 9 10 13 8 12 20 18 37 29 27 16 38 22 4 13 12
6 3 2 1 1 0 0 0 1 1 1 2 2 2 1 1 8 13 15 16 24 55 52 41 43 43 31 21 24 27 21 18 25 21 12 16 13 17 20 6 18 12 8 18 2 3 9 4 5 4 1 1 3 3 2 3 5 4 17 12 32 24 27 71 79 47 46 30 64 34 27 23 6 5 5 5 5 13 13 12 18 11 12 12 13 9 18 39 55 60 16 15 27 13 19 31
3 2 2 0 0 0 0 1 1 1 2 4 3 3 3 2 3 5 9 19 29 35 44 31 21 29 36 20 26 15 21 22 18 39 12 20 12 19 10 13 5 8 4 12 2 2 4 3 2 4 3 1 2 0 2 1 1 7 10 10 19 17 42 61 65 78 49 27 18 24 18 5 2 7 11 12 7 8 19 18 29 16 14 14 17 15 9 7 10 22 45 42 28 19 20 27
2 2 1 0 0 0 0 1 1 1 2 4 6 6 3 4 10 8 6 20 31 46 34 41 37 42 26 18 21 18 8 10 21 10 7 37 6 13 8 7 7 7 21 11 3 4 6 8 2 1 1 1 0 2 1 1 4 16 21 50 54 41 29 40 46 30 46 50 30 18 6 2 4 15 9 21 8 9 20 30 23 31 18 17 17 14 21 14 13 18 34 30 24 60 21 34
2 1 1 0 0 0 1 1 1 2 3 5 7 7 7 5 13 12 14 11 22 13 20 22 19 32 18 11 20 16 17 14 7 4 2 16 5 16 4 6 4 4 18 9 7 4 13 4 4 2 1 3 1 3 2 4 6 3 15 22 30 26 16 25 44 37 50 29 33 20 12 2 9 10 12 20 25 10 12 20 25 38 23 32 20 10 15 23 7 3 8 8 9 33 39 28
2 1 1 0 1 1 1 2 2 3 4 6 7 9 18 9 13 24 16 29 42 40 50 49 47 36 30 36 34 20 43 46 34 10 16 10 15 9 3 4 3 2 2 8 4 2 3 3 3 1 2 5 11 13 48 28 35 29 36 22 31 31 38 50 43 39 39 31 29 16 5 2 9 13 22 20 24 18 21 34 23 44 26 37 24 12 14 23 31 10 17 18 11 7 8 13
3 1 1 1 2 2 2 3 2 2 5 7 5 13 18 11 6 9 32 44 57 48 54 60 62 62 59 56 73 62 25 22 15 8 4 3 7 5 7 3 4 1 1 5 2 1 1 3 1 2 0 0 1 1 4 11 56 61 33 38 33 32 16 49 39 32 34 29 10 7 2 4 12 16 10 17 22 34 24 35 22 14 43 41 29 14 16 32 26 14 18 25 21 32 38 45
2 1 1 2 2 2 5 5 4 5 3 4 12 13 12 25 5 6 12 21 42 58 32 52 56 67 60 39 6 18 31 15 8 6 7 10 8 3 7 1 3 1 0 2 1 2 1 0 0 1 1 1 1 1 2 2 9 31 59 74 80 33 30 24 23 28 31 32 27 8 4 9 22 20 18 23 49 37 38 36 36 16 21 54 36 15 17 22 22 17 24 15 27 31 43 50
1 1 2 3 3 5 5 7 6 6 3 4 7 13 10 19 12 5 12 19 30 38 24 49 32 25 19 11 8 9 15 10 9 11 8 4 6 9 5 1 2 2 0 1 1 0 0 2 1 1 2 1 3 5 6 10 16 36 28 22 35 71 54 42 40 41 47 30 23 8 6 21 23 32 32 24 42 46 36 29 25 25 10 38 52 27 28 13 31 18 29 29 19 35 32 24
1 2 3 4 7 7 8 8 8 7 4 6 8 11 17 9 28 3 5 5 13 10 21 22 27 33 24 26 27 16 27 9 9 15 10 6 6 3 1 1 2 2 21 3 1 1 0 1 1 1 3 4 2 8 21 10 11 12 16 12 13 29 55 53 47 34 40 29 15 4 12 23 25 31 33 35 26 53 39 51 27 41 28 29 67 32 43 21 34 27 29 42 28 29 23 32
1 3 5 6 9 9 8 10 10 10 6 7 9 15 23 18 17 7 6 13 9 9 22 23 29 30 32 24 21 34 30 26 19 32 6 4 4 5 4 3 7 5 1 1 5 1 0 1 1 7 14 2 6 6 7 11 23 24 30 20 18 21 22 27 34 30 22 25 13 8 13 25 26 37 30 28 27 38 46 54 39 26 41 27 68 22 26 33 21 43 29 29 28 20 22 23
3 5 10 7 10 5 7 12 18 17 7 4 11 9 30 54 7 8 6 22 22 24 16 20 26 21 29 16 19 23 22 15 11 12 11 11 6 8 6 3 1 1 0 0 1 2 2 1 10 23 1 1 2 13 12 12 15 23 15 16 27 21 24 18 19 19 19 15 10 12 22 28 26 26 28 28 32 37 48 40 38 32 38 47 66 22 26 30 18 45 29 14 38 14 8 17
6 6 8 12 12 8 12 14 25 24 8 4 7 16 25 28 9 12 8 19 26 26 24 13 17 11 23 24 22 24 14 12 13 12 10 8 7 5 4 4 2 1 1 0 1 0 0 4 1 4 1 2 2 3 7 61 26 31 26 28 23 22 20 18 16 17 16 9 9 10 21 25 18 28 26 39 48 29 33 56 43 47 46 46 60 38 42 18 44 40 11 20 37 11 16 18
8 8 9 25 13 8 8 17 23 39 11 6 12 16 26 38 20 14 14 27 33 45 25 28 27 10 17 17 18 15 21 10 13 11 10 5 4 2 2 2 4 3 2 1 1 1 2 0 0 1 1 5 8 9 16 8 18 22 37 37 30 22 21 21 19 19 16 8 4 19 24 24 30 29 43 36 34 43 28 23 42 44 32 50 25 83 46 16 28 40 7 21 18 28 17 22
11 19 10 29 16 10 11 19 25 31 7 7 14 16 28 31 35 5 23 31 31 47 28 28 27 36 18 17 9 8 9 16 27 14 4 9 3 8 3 3 3 3 1 1 1 1 0 0 1 3 4 4 11 11 25 5 5 6 8 20 18 25 24 29 27 27 23 12 5 20 20 20 31 35 44 17 29 22 44 17 25 24 32 18 47 75 28 17 53 17 9 19 15 31 29 25
10 11 21 22 20 18 11 15 27 46 9 14 18 28 24 42 8 7 26 29 41 48 49 28 48 26 27 24 13 13 9 31 40 14 14 7 5 6 3 2 4 1 1 0 1 1 0 0 1 3 3 2 10 20 17 5 12 22 21 28 28 29 32 41 36 39 28 13 5 22 22 21 43 29 35 44 41 28 16 32 18 27 30 30 24 50 42 29 40 17 15 24 11 14 7 43
5 7 24 26 24 21 14 17 29 33 10 18 26 45 47 24 7 7 25 28 29 52 42 44 27 26 43 27 23 20 21 24 33 22 14 15 11 5 10 4 1 2 0 0 0 1 0 1 1 1 2 4 8 8 21 17 18 27 28 35 43 49 38 35 28 19 23 7 11 25 30 27 42 40 29 29 40 28 29 8 42 10 16 39 46 51 57 72 31 16 24 18 23 26 17 44
11 12 28 33 39 26 16 20 35 37 10 13 30 51 34 10 6 16 25 27 40 41 39 38 38 28 34 28 38 32 33 18 9 10 13 11 9 3 6 4 3 2 1 0 1 1 0 1 0 0 1 2 7 17 15 14 29 36 41 27 50 32 16 25 32 25 12 9 10 22 43 25 37 42 43 32 45 25 31 21 16 36 14 6 9 30 51 62 23 38 27 20 19 37 13 14
10 16 18 24 57 35 16 22 30 38 9 10 31 52 23 11 7 19 32 27 27 30 35 32 57 23 27 24 18 33 31 18 19 11 10 5 6 6 7 3 2 1 1 1 2 1 1 1 0 0 1 3 8 6 24 35 13 22 14 18 16 17 31 37 23 22 22 8 13 12 45 29 29 28 33 38 32 27 12 22 13 36 19 14 7 7 23 42 35 61 28 24 18 37 8 12
13 28 20 17 29 52 20 27 45 14 11 14 21 58 31 12 7 26 29 29 39 48 39 50 41 32 16 19 33 25 11 30 40 23 7 6 4 4 5 3 1 2 1 1 1 0 0 0 1 1 2 3 4 11 22 16 32 14 22 26 23 24 24 22 26 26 15 9 10 18 19 45 27 24 28 28 40 35 22 39 13 12 22 16 12 10 11 26 39 40 24 26 20 26 12 18
15 19 38 30 16 37 12 33 64 15 15 28 37 49 18 17 3 13 36 34 48 34 37 49 43 34 29 9 7 8 10 9 10 3 3 5 8 3 3 4 2 1 1 1 0 0 0 0 2 2 2 3 7 10 26 27 37 24 22 35 25 33 38 25 29 29 14 11 12 30 30 29 46 21 23 24 48 33 22 20 23 11 8 33 19 11 13 14 34 28 38 23 19 13 20 9
17 22 40 47 22 54 14 29 64 32 16 41 44 31 15 5 4 10 18 35 48 46 32 30 31 53 27 9 13 8 10 9 12 6 4 2 4 5 4 4 1 1 0 1 1 0 0 0 0 0 2 2 2 7 9 10 12 31 31 28 36 20 24 26 22 25 24 6 14 30 32 28 38 11 28 25 26 36 44 40 33 15 10 10 23 11 8 20 34 70 51 20 12 11 20 8
18 20 24 52 25 47 23 25 34 40 20 45 42 12 5 8 13 21 30 41 33 34 38 19 26 28 42 13 8 8 13 11 10 8 6 7 3 4 2 1 1 1 0 1 1 0 0 0 0 1 1 4 25 14 9 34 31 58 33 22 33 35 37 37 37 24 21 12 17 33 26 38 53 17 17 36 25 39 30 25 43 11 16 17 44 11 6 9 9 33 42 17 16 6 34 17
15 17 14 34 55 29 42 20 48 21 50 27 13 5 14 14 21 16 52 51 23 28 29 27 13 18 42 37 13 13 7 11 8 4 3 2 4 2 1 1 1 0 0 0 0 0 0 0 1 1 1 3 3 10 20 24 16 44 17 17 21 28 32 31 21 18 14 25 25 30 31 39 10 26 29 35 29 18 29 22 61 15 16 10 18 27 15 17 22 22 40 13 28 8 15 24
32 20 16 22 31 41 46 24 61 43 32 9 6 12 17 25 27 17 18 17 30 31 28 38 29 17 13 6 14 22 6 11 4 3 5 6 5 2 2 1 1 1 1 1 0 0 0 0 0 1 2 2 7 5 12 15 19 25 15 4 14 21 26 23 15 12 13 24 25 27 30 43 12 11 6 11 29 35 59 12 48 26 15 17 9 8 35 13 18 23 15 34 7 9 15 23
22 31 23 17 16 28 53 28 30 13 10 3 9 17 29 36 33 13 18 18 27 30 19 6 11 7 8 22 3 7 13 19 9 11 2 5 1 2 2 0 0 0 0 0 0 1 0 0 0 1 2 1 2 4 7 13 13 27 18 19 30 25 28 16 23 25 13 25 24 26 21 38 11 21 11 15 15 10 30 15 13 33 15 20 9 21 25 5 17 26 34 23 6 8 7 9
22 32 24 30 36 43 45 29 33 8 11 10 14 28 28 31 40 21 24 23 26 27 16 10 8 11 9 5 6 15 4 6 6 24 4 8 1 1 1 1 1 0 0 0 0 0 0 0 0 1 3 2 2 4 11 5 17 40 43 38 31 22 26 26 23 20 22 31 22 23 22 30 13 22 20 15 21 18 22 37 8 32 13 29 7 7 22 3 8 10 30 17 4 8 9 23
24 35 29 33 38 52 46 10 6 3 14 12 23 27 27 39 23 46 33 21 22 21 17 21 17 16 12 6 8 17 4 6 2 2 2 5 6 3 2 3 2 1 1 0 0 0 0 0 1 1 2 1 2 5 7 11 22 62 18 22 33 21 26 21 18 19 28 35 19 21 21 22 19 21 27 16 21 18 18 15 22 57 20 24 15 4 35 11 4 5 17 24 8 9 7 2
20 41 38 32 64 57 9 7 11 13 26 20 19 28 26 40 14 22 50 12 23 16 9 12 20 17 6 9 10 11 24 4 3 1 1 1 1 1 1 3 3 1 1 1 0 0 0 0 1 1 1 1 2 4 13 15 19 30 22 15 30 24 18 6 21 11 12 40 20 19 29 19 29 17 25 20 17 20 16 11 20 6 34 27 24 5 9 7 3 4 6 26 6 11 13 11
21 30 57 49 67 11 11 10 12 23 25 25 34 47 12 45 12 19 23 44 12 28 7 6 10 19 19 12 10 6 3 6 3 3 2 1 1 1 1 1 1 0 0 0 0 0 0 0 0 1 1 1 1 3 9 20 8 22 46 36 15 13 10 5 29 17 17 40 24 16 30 18 39 23 22 25 14 14 22 12 8 6 22 14 19 6 3 19 4 4 7 18 13 12 6 8
12 29 57 79 38 6 10 19 24 23 38 46 18 25 13 13 27 10 20 19 11 19 10 9 10 14 10 21 10 11 11 5 7 4 3 2 1 1 1 1 1 0 0 0 0 0 0 1 0 1 1 1 2 5 11 13 37 21 19 35 16 10 3 9 13 32 17 18 25 14 22 15 31 25 13 22 21 12 12 21 16 4 7 24 28 7 2 11 6 4 7 4 23 12 5 34
13 35 65 48 6 7 22 20 15 39 25 57 13 28 12 10 17 53 9 22 27 16 21 7 7 13 18 10 10 15 8 6 13 2 3 2 1 1 0 1 1 0 1 1 0 0 1 0 1 1 1 2 2 3 5 11 19 18 21 19 18 9 4 13 10 18 14 15 26 13 15 21 15 28 12 13 35 10 12 13 21 5 9 10 18 7 3 5 8 5 4 3 3 7 6 5
13 36 49 21 8 13 19 21 12 25 12 49 13 31 31 9 27 52 5 25 41 8 33 6 6 16 17 17 4 4 19 2 2 4 6 3 1 1 0 1 0 0 0 0 0 0 0 1 1 2 1 1 1 2 3 6 12 16 12 28 17 9 8 13 19 22 9 11 23 20 11 10 7 19 11 10 16 15 10 8 3 3 11 6 15 5 4 2 8 10 1 3 8 7 15 1
11 37 31 22 9 12 23 37 9 14 14 34 9 19 44 13 20 50 10 9 19 15 21 8 6 7 7 14 11 8 3 3 1 1 0 5 3 1 1 1 0 0 0 0 0 0 0 0 1 2 1 2 2 4 3 6 4 9 13 9 6 13 12 13 11 18 19 12 14 18 6 11 6 12 13 10 14 5 4 11 4 4 3 5 19 18 3 2 4 7 1 2 7 10 9 3
27 28 40 11 9 14 15 22 9 14 14 18 18 10 34 9 7 35 10 7 6 6 32 14 5 4 5 5 5 5 10 4 1 2 0 1 3 1 0 0 0 1 1 1 0 0 0 0 1 2 2 1 2 1 2 6 12 26 16 6 3 10 11 11 12 12 38 7 13 19 5 9 10 12 23 1 9 10 4 3 7 3 3 3 5 18 2 1 2 7 2 2 2 18 39 18
63 33 7 8 12 13 13 16 8 29 16 6 19 7 48 7 6 18 11 5 7 12 23 8 4 6 4 10 9 7 4 4 2 3 0 1 1 2 0 0 1 1 0 1 0 0 0 0 0 1 2 3 3 2 4 6 11 26 22 7 3 22 11 7 10 10 21 10 6 21 9 4 5 22 13 4 4 4 12 2 5 10 3 3 23 9 1 4 0 17 4 1 1 1 3 4
7 3 8 6 11 13 21 21 13 23 11 6 46 5 6 21 8 27 12 4 5 8 9 24 6 8 3 8 8 6 3 1 2 5 1 1 0 5 0 0 0 0 0 0 0 0 0 0 1 2 3 2 7 2 3 3 3 19 25 4 5 10 11 6 12 9 8 17 6 26 12 6 6 5 16 4 4 6 4 4 2 1 11 3 4 9 2 7 1 5 14 2 4 3 1 1
16 6 21 14 11 12 26 11 31 15 4 7 22 7 7 23 4 8 24 3 9 6 4 15 3 7 6 4 5 4 5 4 1 2 1 1 0 0 1 0 0 0 0 1 0 0 0 1 1 2 4 3 1 2 4 1 4 8 6 2 8 26 14 5 4 19 5 12 4 6 33 3 9 9 5 5 4 4 8 4 5 2 2 4 1 8 10 7 1 2 32 1 2 1 3 1
30 13 7 14 15 16 12 10 22 9 7 8 5 6 6 10 5 4 22 5 7 5 2 5 8 6 5 3 3 2 2 2 2 1 1 2 0 0 1 1 0 1 0 0 0 0 0 0 1 0 0 0 0 2 2 9 8 4 6 5 4 18 7 5 5 8 15 3 12 3 14 3 6 13 2 2 15 2 3 5 7 3 2 0 1 1 9 9 2 1 10 2 2 1 2 2
58 18 9 8 9 11 4 10 20 3 9 7 5 6 4 11 4 4 10 3 3 8 3 1 1 2 2 1 5 7 2 2 2 0 0 0 1 0 0 4 0 0 0 0 0 0 1 0 6 1 1 1 1 1 5 16 6 1 2 9 3 3 11 4 8 4 23 2 23 2 7 6 3 5 2 8 3 2 1 2 2 3 3 1 1 1 1 1 6 7 4 3 2 1 3 2
26 6 3 10 5 5 5 5 15 3 5 3 4 12 3 11 4 13 4 2 2 6 4 2 2 2 2 2 3 3 5 5 1 0 0 0 0 1 0 5 0 0 0 0 0 0 1 0 0 1 1 1 0 3 6 8 5 3 1 12 5 4 2 9 7 6 13 3 15 3 2 3 6 10 3 2 3 1 2 0 1 2 1 1 1 1 1 0 0 1 7 2 1 1 2 2
36 6 22 6 6 4 4 4 4 3 5 5 2 12 11 2 6 5 6 5 4 2 4 3 4 5 2 3 1 1 1 1 1 0 0 0 0 0 0 1 0 0 0 0 0 0 0 1 0 0 0 1 1 10 8 6 5 5 1 3 7 3 5 4 5 11 6 8 1 7 11 1 8 13 3 0 2 1 1 0 2 1 2 2 0 0 0 0 0 0 1 2 1 0 2 0
19 10 3 4 3 4 7 4 4 2 3 2 3 7 5 1 2 2 2 1 3 2 3 4 6 4 2 4 3 1 1 1 3 1 0 0 1 0 0 0 1 0 0 0 0 1 0 0 0 0 0 1 2 4 7 4 1 3 3 2 7 2 3 4 1 3 2 3 1 2 9 1 4 5 0 1 1 2 1 1 0 2 0 0 1 0 0 0 1 0 1 0 3 0 1 0
2 10 2 4 4 3 4 2 11 2 2 2 2 1 4 2 2 1 3 1 1 2 3 3 3 1 2 4 3 0 1 1 1 1 1 0 0 1 0 0 1 0 0 0 0 1 3 0 0 0 0 1 3 3 7 2 2 4 3 3 9 3 1 1 3 2 2 4 1 1 5 2 9 2 0 1 0 0 1 1 0 1 0 1 1 0 0 0 0 0 0 0 1 1 1 0
4 27 2 2 1 3 3 3 1 3 2 1 2 1 2 1 2 1 9 2 1 1 2 7 1 1 1 2 3 1 1 1 1 1 1 0 0 0 0 0 1 0 0 0 0 0 0 0 0 1 0 1 3 5 3 1 2 3 2 3 8 3 5 2 1 3 1 4 1 1 1 1 7 0 0 0 0 0 1 1 0 0 0 1 1 1 1 0 0 0 0 0 0 2 1 0
3 13 5 0 1 1 4 2 1 3 2 1 0 1 1 1 0 2 1 0 1 1 2 1 3 1 1 1 1 1 1 1 1 1 0 0 0 0 0 0 1 0 0 0 0 0 1 2 1 0 1 4 6 6 0 1 3 4 2 3 2 5 2 5 2 1 1 2 0 1 1 2 2 1 1 1 0 1 2 0 1 0 0 0 0 1 1 0 0 0 0 0 0 0 1 0
1 7 5 0 2 1 2 3 1 2 1 0 0 1 0 2 1 1 1 2 0 1 2 2 1 1 0 1 1 2 0 1 1 1 1 0 0 0 0 0 1 0 0 0 0 0 0 1 2 1 3 5 6 1 2 3 3 3 2 3 3 2 1 2 3 0 1 1 1 0 1 1 1 2 1 1 1 1 1 0 2 2 0 0 0 0 0 0 0 0 0 0 0 1 0 1
1 2 4 1 1 0 1 0 1 1 1 0 0 1 1 5 1 0 1 0 1 1 1 1 1 0 0 0 1 1 1 1 1 1 0 0 0 0 0 0 0 0 0 0 0 0 1 10 5 10 10 13 1 1 1 1 2 2 2 2 4 1 2 1 1 4 8 0 0 0 0 2 0 2 1 1 1 2 1 1 1 4 0 1 0 0 0 0 1 1 0 0 2 0 0 1
1 1 4 1 1 0 0 1 0 1 1 1 0 0 0 1 1 0 1 0 1 1 0 0 0 0 1 0 0 1 1 1 1 1 0 0 0 0 0 0 0 0 0 0 2 9 18 4 4 6 2 0 1 1 2 1 1 1 1 1 1 0 1 1 0 2 1 0 0 0 1 0 2 0 2 1 1 1 3 1 1 2 0 1 0 0 0 0 0 0 0 1 0 1 1 2
1 0 0 4 0 0 0 0 0 1 2 0 0 0 0 1 0 0 1 0 0 0 0 0 0 0 0 0 0 1 0 0 0 0 0 0 0 0 0 0 0 0 0 5 3 3 19 21 4 1 0 1 1 1 1 1 1 1 1 0 0 0 1 2 3 4 0 0 0 1 1 1 1 0 2 0 1 1 1 0 1 2 0 1 0 1 0 0 0 0 0 0 0 0 1 3
1 1 0 5 0 0 0 0 1 0 1 0 0 0 0 2 0 0 1 0 0 0 0 1 0 0 0 1 0 0 0 0 1 0 0 0 1 0 0 0 0 6 12 12 17 2 5 22 8 0 0 1 1 1 0 1 1 1 1 0 0 1 3 3 3 1 1 1 1 0 1 1 0 0 0 1 2 1 3 7 7 2 0 1 1 1 1 0 0 0 0 0 0 0 3 1
0 0 0 5 0 0 0 0 1 0 0 1 0 0 0 1 0 0 1 0 0 0 0 1 0 0 0 0 0 0 0 0 0 0 0 1 0 0 0 1 5 16 19 16 20 36 27 7 0 0 1 1 1 1 0 0 1 1 0 0 0 1 2 1 1 1 1 1 1 1 1 4 5 1 0 0 1 1 2 1 0 1 1 2 1 1 0 0 0 0 1 0 0 1 3 0
0 0 0 1 1 1 0 0 1 0 0 0 0 0 0 0 0 0 0 0 0 0 0 0 0 0 0 0 1 0 0 0 0 1 0 0 0 0 0 1 1 0 8 28 34 16 0 0 0 0 0 0 1 1 0 0 0 4 0 1 0 1 0 1 1 0 1 1 1 2 2 3 0 1 0 1 1 1 1 1 1 1 1 1 1 0 0 0 0 0 0 1 0 0 2 0
0 0 0 0 1 0 0 0 0 0 0 0 0 0 0 0 0 0 0 0 0 0 0 0 0 0 0 0 0 0 0 0 0 0 0 0 0 0 0 1 0 2 2 1 1 0 1 1 1 1 0 0 0 0 0 0 0 1 1 1 0 0 0 0 0 0 0 1 3 5 1 0 1 1 1 1 2 1 6 1 2 1 1 1 1 0 0 0 0 0 0 0 0 0 0 0
0 0 0 0 1 0 0 0 0 0 0 0 0 0 0 0 0 0 0 0 0 0 0 0 0 0 0 0 0 0 0 0 0 0 0 0 0 0 1 1 13 7 2 0 1 1 0 0 0 0 0 0 0 0 0 0 0 1 0 0 0 0 1 0 0 0 1 2 2 0 0 0 0 1 2 2 1 1 1 1 1 1 1 1 0 0 0 0 0 0 1 0 0 0 0 0
0 0 0 0 0 0 0 0 0 0 0 0 0 0 0 0 0 0 0 0 0 0 0 0 0 0 0 0 0 0 0 0 0 0 0 0 0 0 1 0 1 2 0 1 1 0 0 1 1 0 0 0 0 0 0 1 0 1 0 0 0 0 1 0 0 0 1 1 0 0 0 0 0 0 0 2 1 2 0 1 1 1 1 0 0 0 0 0 0 0 0 0 0 0 0 0
0 0 0 1 1 0 0 0 0 0 0 0 0 0 0 0 0 0 0 0 0 0 0 0 0 0 0 0 0 0 0 0 0 0 0 0 0 0 0 0 1 2 0 1 0 1 0 0 0 1 0 0 0 0 0 0 0 0 0 0 0 1 0 0 0 0 1 1 0 0 0 0 0 0 0 1 1 0 0 0 0 1 0 1 0 0 1 0 0 0 0 0 0 0 0 0
0 0 0 0 0 0 0 0 0 0 0 0 0 0 0 0 0 0 0 0 0 0 0 0 0 0 0 0 0 0 0 0 0 0 0 0 0 3 1 8 6 2 0 0 0 1 1 0 0 1 0 0 0 0 0 0 1 0 0 0 0 0 0 0 1 1 1 1 0 0 0 1 1 0 0 1 0 0 0 0 0 0 0 0 0 1 0 0 0 0 0 0 0 0 0 0
0 0 0 0 0 0 0 0 0 0 0 0 0 0 0 0 0 0 0 0 0 0 0 0 0 0 0 0 0 0 0 0 0 0 0 0 1 2 5 2 1 5 1 0 0 0 0 0 0 0 0 0 0 0 0 0 0 1 0 0 0 1 0 0 0 1 0 1 0 0 0 0 1 0 0 0 0 1 0 0 0 0 0 0 0 0 0 0 0 0 0 0 0 0 0 0
0 0 0 0 0 0 0 0 0 0 0 0 0 0 0 0 0 0 0 0 0 0 0 0 0 0 0 0 0 0 0 0 0 0 0 3 5 11 23 2 0 0 0 1 0 0 0 2 0 1 1 0 0 0 0 0 0 0 0 0 0 1 0 0 0 0 0 1 0 0 0 0 0 0 0 0 0 0 1 0 0 0 0 0 0 0 0 0 0 0 0 0 0 0 0 0
