sesion_6_simulaciones/modelos_agentes/ejemplos_netlogo/scenarios/cgcm2_a2/rob_2056.asc
NCOLS 322 
NROWS 307 
XLLCORNER 451900 
YLLCORNER 4086900 
CELLSIZE 100 
NODATA_value -9999 
[rows 219 to 291 of 307, columns 96 to 191 of 322]
6 3 1 1 0 0 0 0 0 0 0 0 0 0 0 0 0 0 0 0 0 0 0 0 1 0 0 0 0 0 0 0 0 1 2 0 0 0 0 1 2 3 4 6 8 10 9 21 26 29 51 35 51 47 43 58 40 51 38 41 56 53 32 31 52 53 51 27 61 47 26 12 19 39 39 30 67 20 49 25 43 48 31 64 89 28 40 35 35 45 54 46 44 21 15 13
6 2 1 1 1 0 0 0 0 0 0 0 0 0 0 0 0 0 0 0 0 0 0 0 0 2 1 0 0 0 0 0 1 2 1 0 0 0 0 1 1 2 2 5 6 9 17 23 22 35 29 35 40 45 51 56 66 54 45 33 45 55 19 49 59 43 38 54 43 48 27 19 20 17 32 26 28 42 32 28 49 24 39 26 57 74 50 69 65 63 72 62 61 43 49 46
8 3 1 1 1 0 0 0 0 0 0 0 0 0 0 0 0 0 0 0 0 0 0 0 1 1 4 1 1 1 1 1 1 4 1 0 0 0 0 0 1 1 1 2 5 8 15 20 20 23 27 32 52 61 55 41 47 46 40 55 64 72 47 52 31 44 57 54 38 40 29 20 17 23 26 36 24 12 30 29 14 18 45 26 8 50 87 65 70 75 57 57 45 42 18 14
3 1 1 1 0 1 0 0 0 0 0 0 0 0 0 0 0 0 0 0 0 0 0 0 0 1 2 5 2 1 1 2 3 4 1 0 0 0 0 0 0 1 1 3 4 7 12 27 31 36 39 40 46 50 48 48 50 59 74 74 75 79 48 64 25 44 35 34 40 32 23 25 17 20 32 31 33 12 12 7 30 25 25 21 25 14 36 50 62 40 34 40 26 19 23 14
2 1 0 0 0 0 0 0 0 0 0 0 0 0 0 0 0 0 0 0 0 0 0 0 0 1 1 2 8 3 2 4 7 1 0 0 0 0 0 0 0 1 1 2 4 6 9 16 25 28 35 28 34 43 53 70 73 49 27 35 37 38 33 34 61 18 22 21 46 36 27 43 16 18 35 26 30 10 27 28 37 74 37 31 26 30 19 21 54 76 59 56 54 33 25 20
1 0 0 0 0 0 0 0 0 0 0 0 0 0 0 0 0 0 0 0 0 0 0 1 2 1 1 2 7 5 4 6 2 1 0 0 0 0 0 0 0 1 1 2 3 5 7 10 18 25 28 32 52 34 52 71 38 33 31 29 10 33 34 23 24 35 9 34 36 29 46 39 10 14 18 26 19 14 18 32 25 17 54 45 29 33 38 22 18 55 84 68 63 41 44 35
1 0 0 0 0 0 0 0 0 0 0 0 0 0 0 0 0 0 1 1 2 1 1 1 2 4 1 3 6 18 9 3 1 1 1 0 0 0 0 0 0 1 1 2 2 4 6 8 17 19 25 29 47 43 25 22 28 26 22 17 42 60 27 38 38 74 53 26 35 35 48 40 24 23 25 35 21 20 28 43 39 18 7 18 62 58 37 36 31 27 69 67 58 51 32 25
1 0 0 0 0 0 0 0 0 0 0 0 0 0 0 0 0 0 1 2 4 2 2 1 2 6 8 4 9 12 3 1 0 0 0 0 0 0 0 0 0 0 1 1 2 5 7 13 14 17 30 41 38 34 34 33 44 36 25 41 16 25 49 51 42 81 48 44 9 38 30 38 25 20 29 38 28 14 27 59 33 27 44 31 31 17 23 41 40 47 29 40 47 34 18 21
1 0 0 0 0 0 0 0 0 0 0 0 0 0 0 0 0 0 0 1 1 3 2 3 2 4 13 17 11 6 2 1 1 1 1 0 0 0 0 0 0 1 1 2 3 6 8 9 14 16 21 22 18 26 28 33 53 45 45 20 23 34 32 42 68 42 48 51 62 25 19 33 37 7 10 19 19 30 45 22 72 54 73 51 69 39 57 47 37 24 25 43 31 24 14 8
1 0 0 0 0 0 0 0 0 0 0 0 0 0 0 0 0 1 0 1 1 1 5 11 3 5 10 20 11 3 4 2 2 1 1 0 0 0 0 0 0 1 1 1 2 4 5 8 15 18 26 25 30 31 28 40 49 73 42 35 24 45 58 78 47 37 45 41 25 28 36 19 19 7 10 17 25 23 65 50 23 18 39 62 45 51 45 48 31 36 31 23 17 22 19 22
1 0 0 0 0 0 0 0 0 0 0 0 0 0 0 0 1 2 2 1 1 1 1 8 4 6 8 34 16 8 9 6 2 1 1 0 0 0 0 1 0 1 1 2 2 3 3 5 13 15 19 21 25 21 43 46 31 30 23 38 26 22 26 40 22 13 22 31 15 21 5 22 16 9 19 9 10 28 20 30 28 23 28 38 27 29 42 51 30 34 19 12 15 11 12 12
0 0 0 0 0 0 0 0 0 0 0 0 0 0 0 0 1 1 2 3 5 5 1 3 15 3 5 18 29 31 12 5 3 1 0 0 0 0 1 1 2 1 1 2 3 4 5 6 6 9 10 12 17 23 34 20 23 22 24 23 27 24 29 31 31 42 42 47 35 32 31 25 17 6 12 15 6 20 23 33 41 39 32 61 40 20 32 21 19 28 14 9 7 11 11 7
1 1 0 0 0 0 0 0 0 0 0 0 0 0 0 0 0 1 2 4 6 7 5 7 8 10 6 9 34 27 12 6 3 1 1 0 0 0 1 1 2 3 4 3 4 5 6 7 9 10 12 14 15 17 11 13 11 11 10 11 11 10 10 34 40 39 20 36 34 26 18 15 16 7 7 15 23 21 26 56 42 46 47 50 42 36 22 22 18 21 20 13 8 7 9 5
1 0 0 0 0 0 0 0 0 0 0 0 0 0 0 0 1 1 3 5 5 4 2 7 23 13 8 10 26 26 17 11 2 1 1 0 0 1 1 1 2 3 5 10 6 7 5 10 17 22 32 26 14 11 10 14 11 12 23 25 17 25 21 15 13 16 20 19 24 27 31 32 34 5 10 8 28 28 40 24 28 43 49 40 42 62 49 29 24 15 11 8 9 6 5 3
1 1 0 0 0 0 0 0 0 0 0 0 0 0 0 0 1 1 2 4 5 9 2 7 8 18 18 23 34 31 19 11 4 1 1 0 0 1 2 1 2 3 5 7 11 18 12 5 14 25 35 43 30 16 19 23 37 35 40 51 40 37 32 21 29 44 26 24 15 34 46 45 38 32 19 36 48 21 52 27 64 56 41 60 45 38 47 44 54 21 11 7 7 4 2 2
2 1 1 1 0 0 0 0 0 0 0 0 0 0 0 0 0 1 2 3 6 8 5 3 9 12 39 31 18 15 10 7 2 1 0 0 0 1 2 2 3 5 6 8 10 13 14 31 15 20 27 29 29 37 31 41 40 46 60 47 33 33 41 29 19 14 28 32 15 20 11 8 6 4 22 5 23 60 36 31 11 27 62 63 40 42 61 36 44 20 24 11 4 5 3 4
3 2 2 1 0 0 0 0 0 0 0 0 1 0 0 0 0 1 1 4 8 9 11 4 6 14 18 37 14 8 5 2 1 0 0 1 1 2 2 3 4 6 7 8 13 16 19 22 31 25 31 31 39 57 35 36 44 42 44 48 44 54 51 48 31 17 31 29 36 21 23 16 13 10 35 11 8 15 20 19 12 6 60 73 53 55 63 67 41 37 29 20 15 18 6 2
3 3 1 0 0 0 0 0 0 0 1 1 1 1 0 0 0 1 1 3 4 9 23 10 5 15 17 41 20 9 2 1 1 0 0 1 2 2 4 5 5 7 8 11 17 21 38 27 36 51 39 51 47 47 44 38 39 42 65 51 59 46 38 53 48 27 20 22 24 15 46 14 8 18 18 24 23 44 38 31 31 21 14 52 58 64 74 59 36 24 13 14 13 4 3 4
8 4 1 1 0 0 0 0 0 0 0 2 2 3 1 0 1 1 1 2 7 12 11 19 4 10 16 28 19 13 8 5 3 1 1 1 2 2 5 4 5 9 9 18 27 29 49 45 34 25 56 75 78 50 48 23 36 39 57 42 64 48 39 34 32 26 14 21 14 39 10 11 7 9 15 7 16 22 27 25 23 21 26 26 49 36 22 45 38 22 18 8 5 5 4 3
4 1 1 0 0 0 0 0 1 0 0 1 3 3 3 1 1 2 2 3 7 10 17 25 13 13 25 35 26 18 14 5 3 1 1 2 4 3 4 6 8 10 12 26 31 43 50 49 49 42 44 59 64 62 44 23 34 41 27 49 61 55 15 59 15 27 24 17 13 25 9 7 6 17 20 16 26 36 58 38 54 29 31 29 27 19 32 29 21 24 10 6 5 4 3 2
2 1 0 0 0 0 0 0 1 1 1 1 3 6 6 2 1 3 6 9 12 6 22 43 26 23 32 36 22 28 17 5 4 1 1 2 4 3 3 6 11 11 16 23 34 46 52 52 56 56 49 60 71 64 52 22 32 46 45 39 46 48 14 31 29 24 31 12 17 14 5 9 16 14 10 11 13 26 34 18 35 48 53 30 36 25 20 23 16 8 7 8 8 6 5 2
1 0 0 0 0 0 0 1 1 2 2 2 3 7 9 5 2 4 5 24 20 6 18 37 36 15 11 63 49 22 15 8 3 1 0 3 6 6 4 11 13 20 20 29 39 36 55 59 61 70 52 64 68 51 54 19 30 35 40 46 38 34 32 31 33 29 22 19 13 6 8 9 13 14 12 11 14 33 28 25 30 28 60 57 39 47 39 20 9 7 5 4 5 4 3 1
1 0 0 0 0 0 1 1 1 3 6 4 3 7 14 12 4 3 7 16 23 14 20 36 52 19 21 63 31 31 25 11 5 1 1 4 5 4 11 8 18 27 22 32 34 37 66 62 63 65 65 56 45 51 77 36 19 38 52 35 26 19 16 34 26 21 18 24 13 5 6 7 13 14 22 23 28 59 46 44 37 36 44 43 47 54 37 29 20 13 7 7 6 2 2 1
0 1 1 0 0 0 1 2 2 3 6 5 4 10 19 17 6 4 18 17 19 28 24 44 62 63 52 59 48 39 23 8 2 1 2 5 6 7 9 19 13 27 38 33 25 35 58 66 68 62 65 67 60 56 75 50 46 17 32 60 36 30 17 14 10 25 21 18 5 4 5 15 13 10 13 20 29 68 56 46 56 28 28 29 34 34 41 37 15 11 9 7 6 3 3 1
1 1 1 0 0 1 1 2 2 3 7 13 10 15 16 28 9 5 14 18 22 31 33 48 64 77 50 66 32 24 22 8 2 1 2 2 5 20 10 13 26 20 36 33 36 56 58 54 67 68 64 63 72 79 78 70 27 13 37 45 49 25 16 17 14 10 5 5 5 4 21 12 6 23 11 18 16 37 34 43 34 43 62 41 27 22 14 14 15 13 8 6 5 3 2 1
2 1 0 1 0 1 1 3 6 9 10 11 22 10 24 35 14 15 9 34 40 37 33 49 64 55 40 28 19 18 9 6 1 1 2 3 7 16 21 13 18 35 15 55 40 48 61 50 53 75 68 46 70 72 68 72 57 18 15 18 30 31 21 13 9 5 1 1 2 5 28 12 14 23 79 63 42 43 39 48 56 63 48 56 44 45 28 25 19 11 8 3 2 2 1 0
1 0 0 1 1 1 2 4 4 10 14 17 29 12 28 36 17 29 14 25 51 48 63 43 68 52 31 24 13 12 9 2 1 1 4 3 4 9 19 22 33 22 24 31 63 43 43 56 66 78 70 59 47 48 52 73 71 20 16 21 24 15 13 8 4 6 3 1 9 15 5 20 42 54 62 68 54 61 49 63 70 57 42 22 32 24 29 24 13 10 7 2 2 1 0 0
1 0 0 1 2 2 3 5 8 7 16 22 40 25 35 43 22 33 41 23 31 50 38 78 55 57 24 19 16 6 2 2 2 3 6 7 8 5 7 6 11 23 36 62 43 48 60 60 56 60 69 70 39 37 28 28 55 43 23 11 14 9 5 2 2 1 2 6 7 15 8 6 13 41 16 46 81 79 72 70 75 54 36 34 32 14 13 12 16 10 2 2 2 1 1 0
1 0 1 3 6 3 5 7 10 15 17 23 33 45 27 52 24 26 49 41 41 61 37 65 68 35 16 11 3 3 5 6 5 3 8 8 7 8 6 17 16 21 32 51 69 48 41 56 48 64 57 56 51 44 28 33 22 39 23 11 12 8 7 5 5 2 1 8 5 10 12 17 27 20 20 20 47 58 69 53 34 35 32 30 20 15 14 9 6 4 2 1 1 1 2 1
1 0 1 5 7 5 6 8 7 13 21 31 33 43 45 67 32 30 49 54 49 64 82 57 38 40 29 16 10 7 11 10 8 4 3 8 7 10 16 16 21 28 34 46 49 66 47 42 52 55 56 45 58 47 34 18 12 21 14 11 6 6 5 5 6 3 2 11 6 8 15 18 63 42 39 31 22 13 41 53 47 23 21 17 21 15 6 2 2 1 1 1 1 2 2 2
1 1 2 6 8 9 6 13 10 18 40 34 33 37 71 69 36 38 39 53 52 68 80 31 50 41 20 19 23 21 24 26 12 9 4 10 8 13 26 14 21 41 52 53 43 57 45 65 48 56 62 76 41 22 23 19 24 5 3 24 6 4 11 6 3 2 7 21 7 9 12 49 71 50 38 29 30 33 27 35 40 29 19 20 21 15 6 4 3 1 1 1 3 3 3 3
1 1 2 9 9 10 7 18 21 23 42 35 56 51 54 64 68 50 60 45 61 55 84 73 48 30 30 35 27 35 37 33 14 8 5 3 12 21 12 25 34 38 59 67 70 54 66 26 15 22 61 19 39 28 32 16 5 2 3 4 6 2 5 3 1 2 13 7 6 8 7 11 8 22 33 26 30 34 27 26 28 17 24 21 22 23 15 17 6 3 1 3 4 4 6 5
2 1 2 10 13 19 7 22 30 29 27 40 32 62 64 39 36 72 54 53 46 68 73 50 43 39 40 41 47 66 36 17 8 10 10 4 8 11 35 31 38 46 52 71 50 68 54 46 31 45 46 8 50 52 32 10 13 8 5 2 12 1 3 2 1 2 3 21 10 5 15 42 33 44 41 34 31 37 38 45 36 32 29 25 23 27 29 8 6 2 2 5 5 5 8 2
1 4 5 12 17 25 11 12 21 37 45 50 31 29 49 71 37 28 76 70 42 66 76 53 60 33 61 78 59 35 22 20 16 11 7 3 7 6 16 28 34 63 65 49 34 52 46 58 58 57 37 26 40 53 40 34 15 4 3 2 7 2 2 2 1 3 6 4 3 4 13 23 27 33 44 49 34 35 26 36 19 15 18 42 36 33 16 8 2 3 6 6 6 11 11 3
2 7 11 14 20 17 23 21 21 16 29 53 23 21 46 60 64 54 19 40 47 67 51 48 41 68 50 34 36 24 25 29 22 8 10 5 9 14 22 24 17 42 45 32 41 45 49 39 56 54 49 37 57 47 28 18 6 9 2 2 2 3 1 1 2 3 1 5 10 12 12 24 39 39 37 48 32 30 24 34 45 34 49 37 33 19 20 10 4 6 7 7 13 12 11 5
5 9 14 13 21 34 29 42 35 27 21 34 65 27 51 46 52 68 48 24 37 69 26 51 79 42 40 44 44 42 33 17 8 11 13 8 11 17 26 21 29 45 36 26 46 52 26 23 52 45 20 15 26 19 21 5 7 3 7 1 2 2 2 1 9 12 3 12 19 10 29 31 48 54 58 59 45 33 40 42 49 43 50 32 31 27 11 6 5 8 8 9 16 22 7 5
7 13 16 8 12 44 51 39 35 34 50 36 44 65 41 44 53 26 69 39 39 41 77 60 48 55 59 58 56 50 28 13 9 10 22 9 11 19 35 40 39 48 53 48 48 29 34 40 25 26 21 17 18 15 12 11 6 4 3 4 1 0 1 6 6 2 5 7 17 14 34 27 34 54 63 48 40 51 42 45 51 49 37 39 29 16 5 6 9 9 15 17 21 21 8 6
10 20 17 12 19 34 37 54 58 36 48 56 50 54 67 42 56 32 28 53 27 29 69 67 63 56 52 57 55 32 30 25 18 8 15 5 9 14 27 48 51 53 36 48 41 49 34 31 34 40 26 16 16 15 14 10 4 3 2 3 1 1 2 1 1 8 11 11 6 13 26 28 41 34 42 68 41 42 24 24 27 29 44 35 25 14 9 8 12 12 18 13 39 16 12 9
10 15 24 19 22 24 38 38 45 55 65 56 51 56 75 68 33 26 33 30 59 62 68 57 64 69 65 62 57 44 33 28 21 10 21 6 8 16 28 43 50 64 58 55 51 47 43 53 28 30 28 19 13 15 11 14 8 2 1 1 1 1 1 1 2 1 1 1 2 21 15 21 37 37 44 33 28 15 12 32 47 45 20 34 38 27 11 14 13 20 16 15 41 16 13 11
13 25 33 32 35 26 29 47 51 53 68 66 64 55 65 67 48 46 34 38 33 62 65 62 45 59 58 58 43 52 43 33 23 21 28 4 18 27 31 32 23 57 64 59 48 54 56 41 30 47 46 40 10 12 17 10 3 3 1 0 0 1 2 1 1 2 5 6 7 10 13 17 21 21 40 15 19 23 17 53 48 23 36 34 34 42 21 27 24 16 16 10 29 18 15 12
15 24 53 33 39 38 35 49 56 55 54 66 61 59 73 50 53 59 43 35 33 53 50 46 44 56 59 56 54 40 37 34 42 35 10 3 18 37 44 48 41 56 67 52 49 55 38 28 39 58 45 35 31 15 15 7 4 3 1 1 1 1 2 1 3 5 12 14 10 17 19 31 21 16 13 19 37 48 29 49 46 45 35 32 28 29 38 32 16 20 16 6 21 29 5 8
20 15 42 53 40 42 36 54 59 55 50 51 64 71 67 62 51 63 43 28 38 75 51 68 48 53 62 66 55 42 49 50 40 24 14 9 11 29 57 68 61 60 48 62 45 48 37 30 38 25 19 17 21 24 7 4 2 2 1 1 1 1 1 2 4 7 10 11 19 10 20 14 9 13 15 44 40 51 58 19 38 38 47 47 35 28 52 37 20 24 12 14 26 19 8 13
22 20 34 59 58 43 51 57 54 55 57 46 58 69 66 53 46 33 44 27 37 64 55 70 53 52 54 48 54 43 64 43 32 23 24 15 20 33 45 57 75 74 65 51 60 28 28 40 28 18 16 17 15 12 33 7 2 2 1 1 1 1 2 1 2 2 15 17 9 6 8 13 14 27 24 48 47 54 37 45 42 24 49 41 34 41 44 29 35 18 11 14 42 18 12 18
31 55 45 48 59 46 41 57 57 50 60 47 26 37 69 71 60 40 35 51 34 75 75 42 54 63 41 45 41 55 47 48 41 17 21 15 22 45 46 50 49 59 52 65 48 48 24 39 42 17 25 27 20 18 12 3 3 1 2 1 0 1 2 2 3 4 18 4 8 3 11 23 43 18 29 51 32 34 51 45 15 23 45 49 55 46 37 22 34 25 14 19 34 30 21 19
32 39 58 60 59 46 45 56 51 47 48 54 43 46 50 64 55 22 29 52 30 69 55 56 57 45 26 46 40 49 60 50 53 31 22 18 23 47 45 56 68 53 36 60 29 46 36 26 36 31 44 29 25 12 8 3 3 1 1 1 0 1 5 3 1 8 4 4 16 15 30 25 22 36 29 19 32 58 32 17 13 41 59 48 49 52 31 26 21 22 30 20 20 41 26 22
46 54 54 61 59 49 55 52 53 48 30 46 46 56 51 53 51 52 62 64 52 60 46 52 45 57 47 49 62 38 56 62 48 38 40 15 22 46 66 55 59 50 52 47 41 32 49 14 26 25 31 24 17 8 7 4 5 2 1 1 1 1 0 2 1 5 4 10 12 11 12 24 43 57 30 24 54 47 42 28 30 39 17 24 47 56 31 29 22 33 33 23 18 63 29 38
48 52 47 49 19 38 64 44 54 54 41 40 52 57 43 53 39 61 54 65 55 47 60 40 40 51 71 64 38 51 47 56 57 37 35 16 21 50 46 55 51 41 59 55 54 30 17 54 20 47 22 19 9 13 6 8 3 3 2 0 0 2 3 4 1 2 4 11 17 8 8 27 57 47 25 47 41 26 30 75 59 25 33 50 36 30 35 18 24 32 33 25 37 67 51 46
47 38 23 13 12 21 62 42 27 34 39 28 31 53 68 61 28 26 57 41 52 49 59 58 21 51 68 43 40 52 36 63 63 55 29 6 17 38 44 57 46 42 49 56 60 46 20 13 5 5 27 23 6 9 5 9 4 2 1 0 1 2 1 5 3 3 4 4 12 8 14 39 49 22 30 49 45 8 43 41 29 45 62 52 38 34 30 12 35 35 38 27 50 84 58 35
48 51 37 36 36 29 36 57 20 24 19 40 33 42 62 50 64 25 35 51 53 61 66 71 50 26 50 55 49 34 61 53 54 46 28 13 12 24 48 61 27 44 62 57 49 30 27 25 20 17 12 12 18 5 2 1 1 1 1 0 1 1 0 1 2 2 3 2 3 5 22 19 27 40 25 28 17 18 34 27 33 54 55 39 31 16 12 11 25 34 36 33 53 70 55 22
62 46 51 46 30 36 29 31 38 36 28 59 35 41 33 38 54 56 46 59 60 53 63 52 19 31 45 40 38 46 63 57 34 36 44 23 18 15 32 41 12 24 30 30 31 22 21 15 46 31 17 11 6 3 2 1 1 4 0 0 0 1 1 1 3 4 2 1 8 13 5 14 8 20 20 26 8 42 35 57 34 34 24 27 30 20 14 25 28 39 36 47 52 71 22 18
41 41 48 41 45 29 24 41 59 57 23 24 46 43 20 21 16 30 52 49 20 25 32 33 43 13 42 56 29 61 48 47 46 35 45 22 34 12 28 45 45 20 26 30 16 21 8 4 9 16 7 21 14 6 2 0 0 0 0 0 0 1 0 1 2 3 1 6 7 4 7 9 14 18 7 15 37 47 63 29 29 32 38 46 28 17 15 29 38 40 38 30 62 71 54 18
41 59 46 45 44 43 31 44 59 42 41 26 19 33 40 22 36 26 15 35 18 33 52 48 36 27 43 27 29 59 49 54 40 21 38 22 27 20 12 32 31 50 40 24 18 24 21 9 14 17 21 14 5 5 3 1 1 1 0 0 0 0 1 1 1 1 3 7 10 11 8 9 8 5 25 31 25 41 43 28 24 31 37 33 24 23 17 35 41 29 39 39 24 45 55 21
46 46 43 35 45 57 30 41 42 49 39 34 44 28 15 41 33 20 25 33 44 16 13 26 24 46 42 58 31 37 53 42 32 52 30 18 24 33 15 36 42 49 54 20 22 37 20 7 15 19 7 10 4 4 3 1 1 1 0 0 0 0 0 1 1 1 3 1 2 2 6 4 15 32 15 19 19 20 22 21 14 22 27 34 30 22 17 27 45 28 41 30 36 35 39 26
40 40 59 41 53 59 22 33 45 50 46 37 46 39 52 31 49 60 26 34 42 15 24 29 34 60 52 69 35 39 43 45 55 29 23 16 16 46 19 20 35 47 29 29 34 33 7 5 41 57 9 10 7 2 1 1 3 1 0 0 0 0 0 0 1 1 1 1 4 7 10 15 7 13 11 8 9 25 18 17 27 44 26 24 32 16 26 27 44 24 29 10 4 14 42 60
40 47 56 54 46 39 22 34 46 52 47 34 26 27 44 52 32 19 27 26 20 10 21 18 43 42 65 46 44 61 58 51 35 34 15 6 7 47 20 19 23 31 28 26 28 24 1 10 18 17 20 11 6 1 1 0 0 0 0 0 0 0 0 0 0 0 0 1 7 15 19 21 12 8 6 11 39 36 20 22 36 30 30 42 11 17 30 35 33 19 10 7 18 22 19 41
45 26 29 53 43 51 38 16 44 43 50 36 36 23 35 26 36 14 15 14 8 20 20 24 22 45 36 52 58 74 51 56 44 42 31 4 27 41 17 19 28 15 25 24 21 16 4 10 9 10 12 6 7 4 3 1 1 0 0 0 0 1 0 0 0 0 2 7 3 5 10 5 4 6 14 23 32 21 15 43 39 31 39 16 15 33 53 25 9 7 12 25 17 51 33 41
40 12 33 47 54 46 46 26 19 32 42 25 30 27 37 40 22 15 22 16 4 19 60 29 28 29 20 32 39 48 52 55 38 23 28 14 28 19 26 20 35 27 22 28 31 21 11 8 6 8 6 10 3 3 2 1 0 0 0 1 0 0 0 0 0 2 1 2 3 2 7 13 8 19 18 24 31 33 28 44 35 21 16 10 31 49 13 6 8 15 18 33 43 37 41 27
35 17 18 14 41 45 54 32 6 20 35 22 30 21 56 36 18 5 10 13 6 20 32 21 21 9 31 44 47 43 51 38 42 34 21 18 20 17 20 14 5 24 19 35 25 26 29 37 24 18 9 18 6 2 1 0 1 0 0 1 1 0 0 0 2 2 0 1 1 2 3 14 18 34 14 13 36 43 28 24 15 27 7 23 31 12 4 13 17 26 29 29 34 47 44 30
44 28 36 11 40 53 47 29 8 6 6 28 32 20 22 29 10 14 12 20 16 6 16 27 17 15 35 47 45 35 32 28 42 33 28 30 34 10 24 18 8 12 15 22 32 16 11 8 8 6 4 8 2 1 1 4 2 1 0 0 0 0 0 1 0 1 1 1 2 1 3 12 18 19 17 21 46 41 35 27 17 11 25 27 16 4 11 26 24 23 30 24 34 38 35 33
54 23 37 11 18 41 28 14 9 8 10 13 19 39 26 25 13 11 7 15 8 14 29 16 18 32 19 39 43 39 27 38 26 18 32 29 22 19 16 24 16 10 14 14 19 14 26 12 9 13 16 8 2 2 0 2 2 1 0 0 1 1 0 0 1 0 0 1 1 2 4 8 15 19 17 18 20 22 47 17 12 12 21 9 10 26 26 25 24 24 24 19 13 11 21 35
40 22 36 17 13 41 28 32 22 21 12 14 21 30 29 31 33 17 7 9 6 7 12 18 29 25 42 53 44 25 30 33 19 15 51 30 19 20 16 7 8 11 14 22 18 19 29 13 17 11 14 4 8 2 1 1 6 1 0 0 1 0 0 0 0 1 0 1 1 2 2 6 14 19 20 8 18 36 30 38 31 16 7 11 13 16 16 33 31 21 30 19 17 10 14 5
31 23 35 27 20 24 14 33 15 15 17 14 21 16 12 20 14 11 9 9 15 5 7 30 25 31 31 30 34 30 31 31 31 19 40 27 26 17 31 11 22 23 9 12 21 29 34 19 23 20 9 3 7 2 1 2 3 1 1 0 0 0 0 0 1 1 2 2 1 1 4 5 4 10 14 10 26 47 70 30 17 10 3 11 9 37 27 20 25 27 47 37 15 12 15 5
44 22 34 23 15 14 8 25 32 20 18 18 15 16 11 20 10 8 5 4 8 3 9 17 26 18 29 38 31 31 25 29 22 34 36 26 36 53 19 12 14 14 16 12 32 16 23 27 13 13 14 9 3 2 3 2 4 1 1 0 0 0 0 0 0 0 3 3 1 1 2 3 9 18 8 36 39 38 29 33 12 3 8 19 18 22 30 16 24 37 30 35 11 9 12 5
42 24 47 27 11 13 21 14 38 16 28 24 12 7 10 7 5 7 7 4 1 9 9 7 12 12 34 26 19 26 29 12 22 41 18 48 21 50 32 13 27 12 24 16 31 31 25 23 10 17 13 5 3 5 3 3 1 1 0 1 0 0 0 0 0 1 1 1 1 3 2 2 6 8 34 28 16 30 23 30 16 10 11 23 39 23 26 32 35 24 25 16 12 8 10 4
35 22 50 27 9 8 45 24 23 16 17 23 10 14 10 8 7 10 8 3 1 3 1 2 6 7 35 39 34 21 14 11 21 40 31 18 31 28 27 13 25 7 20 7 19 27 30 25 12 17 8 11 3 2 5 3 2 1 1 1 0 0 0 0 0 0 0 2 3 2 2 4 11 25 23 11 12 49 30 17 16 11 22 14 34 33 18 26 24 21 18 9 29 10 7 3
50 19 38 16 8 13 23 22 17 38 32 17 15 9 9 7 10 7 5 5 1 2 2 7 14 18 22 24 25 17 9 12 35 24 33 23 44 20 16 16 25 7 20 14 15 22 42 21 13 17 14 10 3 1 3 2 1 0 1 0 1 0 0 0 0 0 0 1 1 1 2 6 7 8 11 11 15 35 25 6 6 14 30 28 31 27 9 19 35 29 14 8 19 4 6 4
48 21 36 14 9 14 15 43 19 34 45 30 11 6 5 10 14 7 1 3 0 2 3 7 5 8 8 19 10 8 17 12 57 31 36 34 34 15 10 30 14 10 12 35 40 22 21 17 24 15 9 7 5 3 3 1 2 1 1 0 0 0 0 0 0 0 0 0 2 1 2 2 5 6 16 15 29 32 30 7 5 26 30 29 26 24 8 13 21 21 7 7 6 7 8 6
61 49 11 24 10 11 25 36 22 17 29 20 29 4 11 23 10 7 2 2 2 1 3 2 3 4 21 10 16 15 15 29 6 15 8 20 17 11 6 30 12 9 2 16 56 23 15 23 21 12 9 7 4 2 4 4 3 1 0 0 0 0 0 0 0 0 0 0 2 1 2 4 8 7 16 30 14 29 23 10 10 33 19 15 19 12 16 15 10 12 17 7 5 10 6 4
44 14 12 20 10 9 38 32 33 12 8 14 31 3 5 4 3 6 2 4 1 0 2 5 8 7 7 16 16 10 31 12 22 12 25 21 14 17 9 20 8 17 9 14 38 37 18 17 19 16 10 8 4 4 2 1 2 1 1 0 0 0 0 0 0 0 0 1 1 2 5 9 15 14 28 51 5 36 16 15 15 14 19 10 12 9 18 23 12 7 13 7 5 5 7 5
42 15 6 21 15 15 26 5 15 24 4 8 21 7 2 4 3 3 2 2 1 3 10 3 5 5 9 23 12 19 14 21 33 49 28 19 40 13 21 28 10 10 12 19 26 23 14 32 14 10 6 7 6 3 1 1 1 1 1 0 0 0 0 0 0 0 0 0 1 1 4 5 15 30 24 8 17 34 25 9 8 12 25 8 14 17 19 10 15 8 4 9 9 5 3 3
41 6 12 19 10 11 16 3 4 4 9 18 5 8 2 3 1 1 1 2 1 1 1 4 4 4 5 9 13 17 10 16 29 18 11 35 13 8 37 13 19 23 19 18 25 20 14 11 15 5 3 2 4 4 1 1 1 0 0 0 0 0 0 0 0 0 0 0 1 3 2 8 13 8 21 14 21 15 8 4 6 21 17 19 10 12 14 9 7 9 9 4 3 6 1 1
44 6 10 21 9 22 17 8 3 5 10 14 17 12 2 2 2 3 2 0 1 1 3 6 2 2 6 20 9 9 7 26 8 15 40 6 11 14 22 10 20 20 14 36 33 29 18 8 9 6 3 2 5 4 2 1 1 0 0 0 0 0 0 0 0 0 0 1 1 3 4 16 13 12 3 13 26 6 8 7 10 15 19 14 8 10 8 7 3 10 5 10 3 1 1 1
22 7 9 26 6 15 24 15 6 5 4 12 4 6 6 1 1 1 1 2 1 1 1 1 0 2 9 12 17 4 26 4 6 24 21 9 17 21 30 18 5 27 24 31 41 25 14 4 6 12 7 2 1 1 2 2 0 0 0 0 0 0 0 0 0 1 3 1 1 1 7 21 16 9 4 18 17 11 9 7 8 13 13 14 12 6 3 8 4 8 5 2 4 1 1 2
