sesion_6_simulaciones/modelos_agentes/ejemplos_netlogo/scenarios/cgcm2_a2/rob_2094.asc
NCOLS 322 
NROWS 307 
XLLCORNER 451900 
YLLCORNER 4086900 
CELLSIZE 100 
NODATA_value -9999 
[rows 219 to 291 of 307, columns 0 to 95 of 322]
0 0 0 0 0 2 4 1 2 0 1 1 0 0 1 0 1 1 0 0 0 2 1 1 0 3 2 4 2 3 4 13 5 5 10 9 5 5 4 8 4 5 8 13 11 6 8 3 5 5 6 31 41 20 40 49 63 35 54 61 65 80 48 67 51 42 42 43 34 16 31 32 26 30 34 33 24 16 7 6 4 2 1 0 0 1 4 8 5 5 5 3 4 14 30 52
0 0 0 0 1 2 5 3 1 1 2 1 1 1 1 1 1 0 0 0 1 3 1 1 2 2 1 8 5 4 7 12 5 5 10 2 1 2 1 7 6 5 6 7 6 5 6 2 4 9 12 24 31 36 7 17 55 74 73 41 11 10 27 27 76 45 44 60 32 22 26 28 45 27 12 12 7 9 6 5 2 2 1 0 1 5 10 17 17 9 11 10 5 13 33 30
0 0 0 0 1 1 2 2 0 1 1 1 3 2 1 1 0 1 1 1 0 0 4 2 1 0 1 2 3 2 2 4 5 2 4 1 2 2 0 6 4 5 6 4 2 4 10 6 16 27 12 8 9 8 7 8 38 46 46 20 46 30 27 36 33 33 38 26 54 42 48 32 33 32 25 21 14 10 3 2 2 1 0 1 3 9 15 29 38 23 23 12 11 32 42 36
0 0 0 1 1 0 1 2 0 1 1 1 3 1 1 1 1 0 0 0 1 1 2 2 1 1 1 2 3 1 1 2 4 1 2 1 1 1 3 6 1 1 2 1 1 7 2 8 13 37 42 14 11 13 13 7 19 24 15 26 33 22 20 44 30 46 34 48 46 43 41 41 24 18 15 13 8 8 2 2 1 1 1 2 4 12 24 43 43 29 20 21 36 44 64 47
0 0 0 0 0 0 1 3 2 1 1 1 2 1 0 0 1 1 1 1 1 2 1 5 2 2 2 1 2 2 1 1 1 1 2 0 1 1 1 3 3 1 1 1 0 0 2 1 2 17 27 20 22 14 12 13 8 11 23 33 28 51 27 36 54 37 43 50 59 44 26 27 20 15 10 6 5 6 2 2 1 1 2 7 10 14 24 32 52 52 26 37 46 48 16 18
0 0 1 4 1 1 1 3 2 2 2 4 2 1 1 1 1 3 1 1 6 1 1 1 1 1 1 2 2 1 1 1 0 1 1 0 1 1 1 2 1 1 1 5 7 4 4 7 7 5 7 16 12 11 9 9 10 19 22 27 37 47 34 75 77 58 52 44 45 32 27 28 18 14 13 5 4 1 1 1 0 1 5 14 19 30 21 42 65 62 34 45 52 47 18 17
0 1 3 1 7 11 2 2 1 2 4 2 1 1 1 1 0 0 0 2 1 1 2 1 0 1 1 1 1 0 0 0 1 0 0 1 0 1 0 1 1 1 2 1 2 6 6 23 22 12 7 10 7 12 6 8 12 26 24 26 50 32 31 30 43 43 34 38 30 24 24 16 13 13 6 4 3 1 1 1 1 4 14 16 21 45 50 47 72 66 62 61 39 33 21 25
0 0 0 0 3 12 6 0 1 2 4 1 2 2 0 0 0 0 1 5 0 1 1 2 1 1 0 0 0 0 0 1 0 0 0 0 0 1 0 0 2 4 3 1 4 7 11 6 35 42 10 9 4 7 8 16 17 18 24 22 20 18 29 19 21 36 51 36 24 15 12 11 17 7 5 3 2 1 1 2 2 7 19 18 20 46 66 66 66 75 62 40 37 25 20 17
0 0 0 1 2 3 1 1 1 1 2 2 4 1 0 0 1 1 2 4 1 0 1 4 1 0 0 0 0 0 0 0 1 0 0 0 0 1 3 4 1 1 1 10 3 7 22 13 16 5 14 15 15 14 16 20 28 23 27 27 29 18 24 19 22 33 32 17 11 18 11 6 5 4 4 1 1 2 3 6 9 11 24 26 21 40 64 80 66 15 19 12 16 22 16 15
0 0 0 1 2 2 2 1 1 2 2 1 1 0 1 3 2 2 2 2 0 1 0 1 0 0 0 0 0 0 0 0 0 0 0 0 0 0 2 6 2 1 5 7 43 17 6 14 12 12 8 24 23 22 30 32 21 32 21 18 18 7 3 5 17 19 21 14 13 10 9 6 4 4 2 1 2 5 10 11 15 24 24 29 47 53 48 77 48 26 26 22 21 26 18 24
0 0 1 1 1 1 1 1 1 1 1 2 2 2 2 2 1 0 2 1 0 0 0 0 0 0 0 0 0 0 0 0 0 0 0 1 1 1 0 1 2 1 1 2 17 41 18 11 11 14 12 14 15 26 40 48 32 29 12 14 6 6 9 26 30 24 7 7 11 7 3 2 2 1 1 3 11 11 13 16 33 27 43 37 63 65 58 54 31 26 35 53 31 26 18 18
0 0 0 1 1 1 2 0 1 1 0 1 1 2 1 1 1 0 0 2 0 0 0 0 0 0 0 0 0 0 0 0 0 0 0 0 0 2 1 0 2 5 8 6 15 6 11 8 6 10 9 9 18 22 26 31 44 35 35 17 23 18 12 18 25 18 6 8 4 3 2 1 2 2 3 6 13 15 17 26 44 29 49 40 36 69 80 51 36 50 64 53 31 21 19 9
0 0 1 1 0 0 0 1 0 0 0 0 0 0 0 1 1 0 0 0 0 0 0 0 0 0 0 0 0 0 0 0 0 0 0 0 1 1 1 1 1 2 18 27 49 16 6 4 11 16 19 8 14 24 23 32 38 16 24 36 22 16 11 19 11 18 11 5 4 3 3 5 3 5 6 12 17 33 40 48 54 49 48 31 26 41 66 37 31 66 63 38 28 27 23 16
0 0 0 0 0 0 0 1 0 0 0 0 0 0 0 0 1 0 0 0 0 0 0 0 0 0 0 0 0 0 0 0 0 0 0 0 0 0 1 0 1 2 2 9 10 8 13 5 13 10 25 14 14 17 21 45 32 27 11 11 15 11 4 9 3 16 10 10 6 6 5 2 4 6 11 17 24 43 51 63 63 68 48 32 26 27 37 40 53 51 35 26 17 17 28 27
0 0 0 0 0 0 0 0 0 0 0 0 0 0 0 0 0 0 0 0 0 0 0 0 0 0 0 0 0 0 0 0 0 0 0 0 0 0 1 0 1 3 15 8 10 5 8 3 5 8 12 11 15 26 38 27 27 14 7 2 11 26 11 21 20 17 15 15 10 2 2 6 8 14 14 18 27 59 56 70 76 64 50 49 25 28 59 63 53 40 39 32 29 37 33 17
0 0 0 0 0 0 1 1 1 0 0 0 0 0 0 0 0 0 0 0 0 0 0 0 0 0 0 0 0 0 0 0 0 0 0 0 1 1 1 1 3 6 9 16 18 26 46 17 13 28 22 15 17 17 18 23 15 8 7 15 12 31 38 25 15 10 4 3 5 2 4 16 17 18 26 19 38 56 62 69 58 72 54 56 37 72 39 48 35 51 54 57 51 42 31 25
0 0 0 0 0 0 0 0 0 0 0 0 0 0 0 0 0 0 0 0 0 0 0 0 0 0 0 0 0 0 0 2 1 1 2 1 1 1 1 3 6 5 7 20 11 9 14 3 8 24 38 32 18 14 17 20 24 23 46 29 20 25 19 25 13 4 2 1 2 1 17 21 36 24 37 23 29 41 62 67 77 57 57 50 57 37 41 46 29 33 69 65 60 35 31 45
0 0 0 0 0 0 0 0 0 0 0 0 0 0 0 0 0 0 0 0 0 0 0 0 0 0 0 0 0 0 0 0 4 1 4 15 14 4 4 10 2 17 20 16 39 28 38 18 17 26 29 26 35 17 21 42 50 34 27 18 22 40 37 16 3 2 6 5 1 2 8 19 45 49 41 26 32 23 41 42 68 71 65 27 27 64 34 45 52 60 47 58 54 53 44 46
0 0 0 0 0 0 0 0 0 0 0 0 0 0 0 0 0 0 0 0 0 0 0 0 0 0 0 0 0 0 0 0 0 3 2 16 20 22 13 10 11 4 31 36 42 27 65 25 18 26 19 19 13 17 8 10 19 27 27 21 20 15 6 3 2 6 9 4 2 7 16 25 37 51 48 29 33 37 37 36 48 65 60 19 50 47 40 59 69 50 59 59 61 52 68 63
0 0 0 0 0 0 0 0 0 0 0 0 0 0 0 0 0 0 0 0 0 0 0 0 0 0 0 0 0 0 0 0 0 0 0 8 23 6 37 10 14 19 14 45 32 34 27 12 55 36 31 29 37 36 28 19 21 20 18 19 17 6 6 3 7 4 5 3 3 8 14 33 41 59 72 47 33 39 48 49 49 61 28 26 43 15 8 26 50 29 31 53 47 58 50 35
0 0 0 0 0 0 0 0 0 0 0 0 0 0 0 0 0 0 0 0 0 0 1 0 0 0 0 0 0 0 0 0 0 1 1 1 6 23 17 22 23 19 24 38 32 52 42 26 11 33 34 38 35 43 44 25 21 12 17 13 10 8 7 14 4 2 3 3 7 15 26 22 44 46 60 62 35 31 41 57 47 68 18 20 51 16 24 22 21 19 20 38 47 45 20 12
0 0 0 0 0 0 0 0 0 0 0 0 0 0 0 0 0 0 0 0 0 0 0 0 0 0 0 0 0 0 0 0 1 2 2 3 6 18 16 35 7 11 8 15 18 23 6 30 23 22 33 27 28 38 42 44 41 36 29 39 25 18 15 7 4 1 2 7 16 25 36 39 38 41 38 65 67 40 58 31 53 48 31 53 15 20 28 30 42 50 37 47 51 42 26 13
0 0 0 0 0 0 0 0 0 0 0 0 0 0 0 0 0 0 0 0 0 0 0 0 0 0 0 0 0 0 0 0 1 1 2 5 4 4 8 4 11 7 3 4 8 17 17 28 16 18 30 26 28 26 28 32 31 26 23 21 11 8 8 3 2 2 7 14 31 26 31 40 49 36 42 38 76 32 28 46 45 24 27 42 38 33 27 58 63 31 39 40 39 21 13 12
0 0 0 0 0 0 0 0 0 0 0 0 0 0 0 0 0 0 0 0 0 0 0 0 0 0 0 0 0 0 0 0 0 1 2 5 9 5 4 3 3 5 8 10 19 20 19 11 16 27 26 25 21 28 28 30 31 16 14 13 10 5 2 1 4 8 15 27 27 33 48 27 16 43 71 49 64 31 32 36 38 32 26 33 28 17 21 47 48 50 31 31 30 19 18 8
0 0 0 0 0 0 0 0 0 0 0 0 0 0 0 0 0 0 0 0 0 0 0 0 0 0 0 0 0 0 0 1 1 2 2 6 8 21 16 5 7 4 5 7 12 9 14 11 8 18 18 26 29 28 20 22 18 13 14 12 10 6 2 4 5 15 34 28 32 38 42 42 29 43 55 41 50 56 29 27 29 37 40 42 26 40 28 39 49 51 43 43 27 24 14 16
0 0 0 0 0 0 0 0 0 0 0 0 0 0 0 0 0 0 0 0 0 0 0 0 0 0 0 1 2 0 0 1 1 2 4 4 7 15 26 26 11 8 10 16 18 13 9 13 31 22 33 36 22 19 29 22 31 25 14 12 6 5 5 9 6 26 33 46 53 52 44 45 30 41 66 32 18 37 54 25 51 37 40 35 27 30 8 29 51 52 37 23 26 26 36 33
0 0 0 0 0 0 0 0 0 0 0 0 0 0 0 0 0 0 0 0 0 0 0 0 0 0 0 0 0 1 2 1 2 4 4 3 8 19 31 28 15 14 14 22 25 33 18 37 27 17 9 13 21 27 10 16 16 17 7 10 11 7 5 13 21 31 37 54 62 57 50 54 38 42 51 56 20 22 28 28 28 15 16 9 15 28 16 24 37 36 34 33 35 34 36 33
0 0 0 0 0 0 0 0 0 0 0 0 0 0 0 0 0 0 0 0 0 0 0 0 0 0 0 0 0 2 1 4 9 4 5 8 5 12 26 33 50 39 27 18 33 53 26 32 33 21 22 28 19 33 19 14 19 24 24 20 10 3 12 21 31 31 36 59 53 66 52 59 32 35 44 58 27 8 29 14 12 7 16 13 20 8 9 20 45 50 34 36 44 43 37 20
0 0 0 0 0 0 0 0 0 0 0 0 0 0 0 0 0 0 0 0 0 0 0 0 0 0 0 0 0 0 0 0 4 4 7 6 4 15 16 15 13 11 10 15 19 44 26 29 28 29 25 22 18 12 10 20 29 24 18 17 6 3 9 13 24 44 56 55 46 55 75 49 51 32 22 47 22 35 16 9 13 11 10 13 22 13 26 37 34 22 30 47 58 44 39 19
0 0 0 0 0 0 0 0 0 0 0 0 0 0 0 0 0 0 0 0 0 0 0 0 0 0 0 0 0 0 0 1 1 1 1 2 5 9 7 12 6 8 5 10 13 17 19 33 21 22 21 24 31 28 10 17 22 31 25 11 3 1 3 20 23 39 31 26 28 30 49 63 69 22 15 28 10 31 7 15 9 10 7 15 22 30 40 16 35 35 47 57 39 34 26 17
0 0 0 0 0 0 0 0 0 0 0 0 0 0 0 0 0 0 0 0 0 0 0 0 0 0 0 0 0 0 0 0 1 2 2 2 9 12 14 14 18 15 30 26 16 21 25 33 32 26 14 24 23 20 28 25 25 17 13 7 1 3 7 13 28 38 42 57 39 23 33 33 45 48 23 16 22 15 10 14 5 15 21 13 9 25 36 33 53 59 42 45 29 22 19 29
0 0 0 0 0 0 0 0 0 0 0 0 0 0 0 0 0 0 0 0 0 0 0 0 0 2 1 0 0 1 1 1 2 3 3 4 8 19 16 15 26 20 17 20 21 23 39 51 36 30 36 35 46 48 37 19 15 18 12 7 2 10 9 17 37 43 56 61 54 31 21 23 34 44 39 15 30 13 14 19 22 12 18 30 27 31 45 44 41 56 59 36 41 36 20 23
0 0 0 0 0 0 0 0 0 0 0 0 0 0 0 0 0 0 0 0 0 0 0 0 0 3 1 0 0 0 1 1 1 1 3 3 5 8 8 24 40 19 27 31 43 43 39 49 44 40 47 58 45 36 36 32 30 17 15 7 4 14 16 31 44 56 69 57 33 32 29 32 30 15 8 42 32 14 12 13 10 15 31 29 36 48 49 64 55 54 36 30 30 34 27 20
0 0 0 0 0 0 0 0 0 0 0 0 0 0 0 0 0 0 0 0 0 0 0 1 0 0 1 0 0 1 2 2 1 1 2 2 5 9 15 17 16 17 46 43 56 51 37 31 33 35 18 35 44 32 28 27 18 16 16 6 4 15 14 35 51 59 59 52 45 47 38 30 50 36 30 16 22 24 7 12 17 26 30 19 33 40 43 36 56 34 25 25 42 34 26 25
0 0 0 0 0 0 0 0 0 0 0 0 0 0 0 0 0 0 0 0 0 0 0 0 0 0 1 1 2 10 23 1 4 3 2 1 3 25 14 19 41 6 12 6 9 27 19 37 25 35 32 38 42 40 24 17 20 19 17 7 5 18 21 37 57 71 55 46 34 65 69 21 43 50 39 23 10 14 12 8 14 14 22 42 37 36 27 28 38 38 41 50 47 44 26 11
0 0 0 0 0 0 0 0 0 0 0 0 0 0 0 0 0 0 0 0 0 0 0 0 0 0 0 1 1 1 7 19 3 6 9 8 11 13 10 13 24 31 22 31 33 23 31 51 45 48 45 29 28 29 29 24 27 26 22 10 11 29 52 56 58 59 51 48 32 30 45 55 19 30 32 26 18 8 24 15 26 32 23 19 36 35 29 25 32 59 55 54 38 25 26 11
0 0 0 0 0 0 0 0 0 0 0 0 0 0 0 0 0 0 0 0 0 0 0 0 0 0 0 0 0 1 0 3 6 5 25 17 10 3 5 3 11 19 17 24 39 49 39 27 47 45 35 50 48 34 27 42 25 25 24 10 18 36 58 67 71 67 42 34 55 43 23 16 35 32 21 20 12 12 32 33 10 10 16 22 26 22 39 34 42 32 37 26 17 20 13 12
0 0 0 0 0 0 0 0 0 0 0 0 0 0 0 0 0 0 0 0 0 0 0 0 0 0 0 0 1 1 1 0 0 1 2 2 3 3 4 3 3 7 7 10 28 33 30 46 50 51 49 48 47 47 47 45 40 27 23 7 29 42 51 71 70 58 43 48 45 61 31 30 9 7 10 7 22 20 10 18 15 27 26 39 37 31 48 47 29 23 25 30 21 9 11 12
0 0 0 0 0 0 0 0 0 0 0 0 0 0 0 0 0 0 0 0 0 0 0 0 0 0 0 1 0 1 2 1 3 5 8 7 8 8 10 5 5 6 24 34 43 26 37 38 46 53 54 49 51 49 47 46 41 28 16 6 13 37 66 70 57 69 41 45 41 32 65 27 14 7 4 23 7 19 15 18 24 40 47 43 35 48 43 37 26 24 26 27 17 12 18 19
0 0 0 0 0 0 0 0 0 0 0 0 0 0 0 0 0 0 0 0 0 0 0 0 0 0 0 0 1 2 1 4 3 2 4 7 5 7 4 7 22 33 17 19 19 30 31 31 46 43 56 57 53 49 47 48 30 29 16 13 12 24 45 66 80 59 35 45 37 28 17 23 21 3 2 7 11 28 26 24 27 32 41 50 46 30 41 30 53 36 27 23 10 20 12 38
0 0 0 0 0 0 0 0 0 0 0 0 0 0 0 0 0 0 0 0 0 0 0 0 0 0 0 0 0 0 1 6 2 2 4 7 8 5 11 12 30 28 27 27 34 38 42 39 57 52 56 54 54 49 48 34 30 26 29 14 19 25 45 54 67 45 54 56 39 50 36 24 16 4 4 9 9 14 22 19 22 25 27 36 31 31 33 44 54 53 29 30 23 28 23 40
0 0 0 0 0 0 0 0 0 0 0 0 0 0 0 0 0 0 0 0 0 0 0 0 0 0 1 0 0 0 1 1 3 6 5 6 7 10 16 15 15 22 31 37 38 46 42 58 55 40 39 43 42 52 55 40 33 28 24 12 20 32 45 47 53 40 31 43 54 32 41 19 20 4 6 15 12 21 12 13 20 24 19 18 22 24 29 32 31 43 42 40 19 35 41 33
0 0 0 0 0 0 0 0 0 0 0 0 0 0 0 0 0 0 0 0 0 0 0 0 0 0 0 0 0 1 2 3 3 4 4 5 10 11 17 16 22 31 39 28 27 45 51 54 43 45 44 48 44 38 40 50 48 32 17 12 21 40 48 47 41 39 29 27 47 52 30 17 11 20 20 4 4 6 14 16 16 21 26 27 20 29 20 37 33 27 37 35 19 32 30 25
0 0 0 0 0 0 0 0 0 0 0 0 0 0 0 0 0 0 0 0 0 0 0 0 0 0 0 0 2 0 0 1 2 3 4 8 9 11 12 12 16 29 22 30 47 40 50 58 39 49 45 46 42 32 36 47 32 31 31 14 15 28 59 54 53 37 31 23 19 15 16 13 9 13 1 4 7 8 8 11 17 15 16 32 28 32 30 33 31 29 35 19 19 35 25 33
0 0 0 0 0 0 0 0 0 0 0 0 0 0 0 0 0 0 0 0 0 0 0 0 0 0 0 0 0 0 1 1 2 2 4 6 8 9 7 25 14 14 19 40 14 31 51 58 60 57 32 36 37 46 49 41 35 41 30 14 7 24 33 49 44 37 63 33 28 21 11 4 7 9 4 6 9 9 10 11 17 18 25 28 32 13 18 16 23 41 33 14 28 36 36 33
0 0 0 0 0 0 0 0 0 0 0 0 0 0 0 0 0 0 0 0 0 0 0 0 0 0 0 0 0 0 1 1 1 2 2 6 4 4 13 9 8 20 35 14 32 36 40 51 44 34 32 45 50 52 50 54 51 46 33 19 11 24 43 40 38 51 55 63 19 23 11 4 3 14 11 3 8 13 20 11 14 15 28 29 20 9 27 26 24 19 14 6 29 35 32 29
0 0 0 0 0 0 0 0 0 0 0 0 0 0 0 0 0 0 0 0 0 0 0 0 0 0 0 0 0 0 1 1 1 2 2 3 3 6 9 14 7 9 17 25 25 34 26 36 38 43 42 57 58 38 46 48 51 36 37 21 16 36 36 46 45 42 49 43 28 22 10 8 6 11 5 4 5 8 11 15 11 38 32 16 25 35 29 26 17 9 9 20 32 35 29 29
0 0 0 0 0 0 0 0 0 0 0 0 0 0 0 0 0 0 0 0 0 0 0 0 0 0 0 0 0 0 0 0 1 1 2 1 6 6 10 6 4 5 11 23 33 33 35 41 49 54 51 54 45 37 34 34 34 35 37 35 23 37 45 50 50 44 34 17 26 28 15 2 5 7 2 4 13 17 18 25 24 17 24 24 28 36 18 24 14 12 13 26 28 27 19 26
0 0 0 0 0 0 0 0 0 0 0 0 0 0 0 0 0 0 0 0 0 0 0 0 0 0 0 1 0 0 0 0 2 1 2 1 1 1 1 3 5 12 23 32 39 38 36 43 35 54 41 40 53 37 45 31 30 34 33 34 24 47 46 43 45 35 27 8 14 17 12 4 6 5 3 2 5 17 21 22 30 14 23 26 27 33 18 17 29 14 25 25 12 29 26 25
0 0 0 0 0 0 0 0 0 0 0 0 0 0 0 0 0 0 0 0 0 0 0 0 0 0 0 0 0 0 1 1 0 3 0 0 1 2 4 4 13 20 17 27 35 47 45 45 36 40 42 43 47 49 48 45 43 34 34 19 35 46 53 62 45 33 19 16 16 10 10 3 6 5 7 4 5 8 17 26 20 30 19 27 32 29 23 8 12 24 19 11 16 18 36 22
0 0 0 0 0 0 0 0 0 0 0 0 0 0 0 0 0 0 0 0 0 0 0 0 0 0 0 0 0 0 0 0 0 0 0 0 1 1 3 21 12 12 21 27 34 43 35 35 35 28 37 43 46 37 46 38 44 45 30 32 37 56 43 46 37 28 19 21 15 6 10 6 2 4 7 4 7 9 11 15 23 23 18 21 29 22 13 5 10 30 13 17 24 19 33 17
0 0 0 0 0 0 0 0 0 0 0 0 0 0 0 0 0 0 0 0 0 0 0 0 0 0 0 0 0 0 0 1 1 0 0 1 1 2 5 6 9 18 22 17 22 27 35 39 30 36 36 40 43 45 47 45 46 45 33 31 31 35 37 31 36 41 22 34 20 8 3 3 6 3 7 8 6 8 7 10 21 19 18 30 35 26 11 5 22 20 20 34 32 19 25 14
0 0 0 0 0 0 0 0 0 0 0 0 0 0 0 0 0 0 0 0 0 0 0 0 0 0 0 0 0 0 1 0 0 0 1 0 1 1 2 8 13 10 8 34 34 19 29 37 37 36 36 38 40 43 43 45 46 30 28 29 30 50 23 25 16 23 38 29 14 9 7 5 2 3 2 4 3 5 11 17 14 23 21 39 38 10 6 20 15 20 30 29 23 11 18 17
0 0 0 0 0 0 0 0 0 0 0 0 0 0 0 0 0 0 0 0 0 0 0 0 0 0 0 0 0 0 0 0 0 0 0 2 1 1 3 5 7 7 17 8 14 14 28 44 32 35 37 39 41 39 42 44 31 21 30 40 29 44 28 29 22 20 19 37 7 4 1 3 2 1 1 4 8 8 8 11 15 23 41 39 14 9 14 23 21 15 18 21 26 17 18 16
0 0 0 0 0 0 0 0 0 0 0 0 0 0 0 0 0 0 0 0 0 0 0 0 0 0 0 0 0 0 0 0 0 0 1 1 1 1 2 2 4 8 7 6 10 36 29 27 29 45 37 36 39 39 41 40 26 19 36 35 49 50 28 21 13 22 18 11 15 3 1 1 1 2 2 7 6 8 10 18 15 24 20 14 9 15 22 27 16 27 21 13 14 15 11 9
0 0 0 0 0 0 0 0 0 0 0 0 0 0 0 0 0 0 0 0 0 0 0 0 0 0 0 0 0 0 0 0 0 0 1 1 1 1 1 1 1 5 13 11 17 15 21 27 40 31 38 47 22 37 37 27 13 32 37 36 63 40 20 23 13 12 12 10 5 1 2 1 1 2 3 5 6 11 16 16 16 28 13 17 11 21 27 23 15 15 18 10 10 14 15 10
0 0 0 0 0 0 0 0 0 0 0 0 0 0 0 0 0 0 0 0 0 0 0 0 0 0 0 0 0 0 0 0 0 0 1 1 0 1 1 1 2 4 7 18 11 13 16 39 24 26 46 36 39 38 25 24 15 31 43 41 40 38 17 18 18 15 8 3 4 0 1 2 3 2 2 4 9 10 21 27 22 23 9 7 11 22 28 24 27 20 16 14 9 9 19 12
0 0 0 0 0 0 0 0 0 0 0 0 0 0 0 0 0 0 0 0 0 0 0 0 0 0 0 0 0 0 0 0 0 1 0 0 0 0 1 1 1 3 7 11 15 11 28 16 33 44 26 30 37 35 27 22 12 29 47 34 25 22 9 8 11 3 5 2 2 0 0 2 1 2 3 6 9 22 53 29 31 11 7 9 17 23 21 21 12 7 10 18 6 6 12 24
0 0 0 0 0 0 0 0 0 0 0 0 0 0 0 0 0 0 0 0 0 0 0 0 0 0 0 0 0 0 0 0 0 0 0 0 0 0 0 1 2 3 6 9 9 7 15 24 25 27 36 27 31 34 33 18 18 26 41 46 25 14 8 5 11 5 1 1 2 0 1 1 1 2 3 7 29 8 16 27 9 6 9 18 15 23 28 18 8 9 12 5 3 4 7 18
0 0 0 0 0 0 0 0 0 0 0 0 0 0 0 0 0 0 0 0 0 0 0 0 0 0 0 0 0 0 0 0 1 0 0 0 0 0 0 0 1 3 2 4 10 4 4 5 12 17 28 26 27 34 21 12 21 31 38 22 31 13 4 3 3 3 1 0 1 0 0 0 1 3 5 13 16 21 22 26 11 6 9 15 15 31 29 20 12 8 10 9 7 3 5 9
0 0 0 0 0 0 0 0 0 0 0 0 0 0 0 0 0 0 0 0 0 0 0 0 0 0 0 0 0 0 0 0 0 0 0 0 0 0 0 0 2 2 1 5 2 4 5 11 14 24 20 29 29 20 15 9 17 27 43 19 15 4 3 5 2 1 2 0 1 0 0 0 1 1 8 22 29 21 13 16 5 8 14 14 15 29 19 5 8 12 6 12 4 4 5 10
0 0 0 0 0 0 0 0 0 0 0 0 0 0 0 0 0 0 0 0 0 0 0 0 0 0 0 0 0 0 0 0 0 0 0 0 0 0 0 1 1 2 3 1 3 4 9 10 17 13 16 22 27 16 7 14 19 40 27 14 7 5 2 5 2 1 1 1 0 0 1 1 2 5 9 13 14 7 9 4 6 12 11 13 12 27 22 3 3 10 5 11 4 4 5 14
0 0 0 0 0 0 0 0 0 0 0 0 0 0 0 0 0 0 0 0 0 0 0 0 0 0 0 0 0 0 0 0 0 0 0 0 0 0 1 0 1 1 1 2 2 5 8 15 18 15 25 18 13 16 10 21 15 32 23 5 5 3 1 1 1 1 1 0 0 1 1 1 2 3 4 14 10 10 3 12 7 13 15 18 13 20 22 5 5 5 2 11 4 4 4 7
0 0 0 0 0 0 0 0 0 0 0 0 0 0 0 0 0 0 0 0 0 0 0 0 0 0 0 0 0 0 0 0 0 0 0 0 0 0 0 1 2 2 3 1 2 6 11 7 8 21 19 13 11 14 8 19 23 12 9 5 1 2 1 0 1 1 1 0 0 1 0 1 3 3 10 5 11 11 6 12 12 9 10 14 7 8 9 8 9 4 4 12 3 3 3 4
0 0 0 0 0 0 0 0 0 0 0 0 0 0 0 0 0 0 0 0 0 0 0 0 0 0 0 0 0 0 0 0 0 0 0 0 0 0 0 1 1 0 4 2 3 6 3 5 12 10 9 10 9 9 12 12 14 14 4 3 1 1 1 1 0 1 0 0 0 1 1 2 3 7 7 8 12 14 9 9 10 11 11 10 7 4 6 5 5 5 4 9 3 2 3 3
0 0 0 0 0 0 0 0 0 0 0 0 0 0 0 0 0 0 0 0 0 0 0 0 0 0 0 0 0 0 0 1 0 0 0 0 0 0 0 0 0 1 2 3 3 3 4 5 6 7 7 8 6 7 11 6 10 7 4 1 1 0 0 0 0 0 0 0 0 0 1 4 7 4 5 6 8 2 5 6 6 12 8 7 4 7 10 11 5 4 3 4 5 1 3 3
0 0 0 0 0 0 0 0 0 0 0 0 0 0 0 0 0 0 0 0 0 0 0 0 0 0 0 0 0 0 0 0 0 0 0 0 0 0 0 0 0 0 1 1 3 2 2 2 5 7 5 6 4 4 6 7 6 5 2 1 1 1 0 0 0 0 0 0 0 0 1 3 4 3 4 5 2 4 7 6 6 10 8 4 4 4 5 6 4 3 2 3 4 1 1 4
0 0 0 0 0 0 0 0 0 0 0 0 0 0 0 0 0 0 0 0 0 0 0 0 0 0 0 0 0 0 0 0 0 0 0 0 0 0 0 0 0 0 1 1 1 2 2 4 3 4 4 3 3 7 5 2 6 1 1 0 0 0 0 0 0 0 0 0 0 0 1 3 6 7 11 4 3 3 6 7 9 4 5 3 4 5 5 4 2 3 2 1 2 2 1 1
0 0 0 0 0 0 0 0 0 0 0 0 0 0 0 0 0 0 0 0 0 0 0 0 0 0 0 0 0 0 0 0 0 0 0 0 0 0 1 0 0 1 0 1 1 1 2 1 2 2 2 3 2 6 4 2 2 1 1 1 0 0 0 0 0 0 0 0 0 0 1 2 5 13 8 2 3 4 4 9 7 3 3 4 1 4 4 4 2 2 1 1 1 1 1 0
0 0 0 0 0 0 0 0 0 0 0 0 0 0 0 0 0 0 0 0 0 0 0 0 0 0 0 0 0 0 0 0 0 0 0 0 0 0 1 0 0 1 0 1 0 0 1 1 1 2 2 1 1 3 2 5 0 0 0 0 0 0 0 0 0 0 0 0 0 0 1 2 2 13 5 2 5 5 4 4 5 3 2 2 2 3 2 3 2 1 1 1 1 0 1 0
0 0 0 0 0 0 0 0 0 0 0 0 0 0 0 0 0 0 0 0 0 0 0 0 0 0 0 0 0 0 0 0 0 0 0 0 0 0 0 0 0 0 0 1 0 1 0 1 1 1 1 1 1 1 1 1 1 0 0 0 0 0 0 0 0 0 0 0 0 0 1 2 3 4 2 4 3 3 3 2 2 3 3 2 1 1 2 1 2 1 0 2 1 1 0 0
0 0 0 0 0 0 0 0 0 0 0 0 0 0 0 0 0 0 0 0 0 0 0 0 0 0 0 0 0 0 0 0 0 0 0 0 0 0 0 0 0 0 0 0 0 0 0 1 0 0 1 1 1 0 1 1 1 0 0 0 0 0 0 0 0 0 0 0 0 1 3 2 4 1 3 2 2 4 3 2 1 2 1 1 1 2 1 2 1 0 0 1 0 1 0 0
0 0 0 0 0 0 0 0 0 0 0 0 0 0 0 0 0 0 0 0 0 0 0 0 0 0 0 0 0 0 0 0 0 0 0 0 0 0 0 0 0 0 0 0 0 0 1 0 0 0 0 0 0 1 0 0 0 0 0 0 0 0 0 0 0 0 0 0 0 1 1 5 0 1 1 2 2 2 1 1 1 0 1 1 1 0 1 0 1 0 0 1 0 1 0 0
