sesion_6_simulaciones/modelos_agentes/ejemplos_netlogo/scenarios/cgcm2_a2/rob_2034.asc
NCOLS 322 
NROWS 307 
XLLCORNER 451900 
YLLCORNER 4086900 
CELLSIZE 100 
NODATA_value -9999 
[rows 0 to 72 of 307, columns 192 to 287 of 322]
43 40 22 13 35 60 34 17 16 20 23 9 7 5 7 5 3 3 5 4 4 3 2 3 5 8 4 9 10 26 7 2 2 0 0 0 1 1 1 3 4 1 1 8 12 13 12 22 37 44 29 32 39 47 46 58 45 82 49 41 8 11 18 44 55 40 56 51 26 38 21 12 16 21 39 22 19 37 57 27 15 17 16 19 18 13 32 28 26 28 10 23 34 62 20 6
51 30 36 34 41 60 21 31 44 27 18 13 22 18 10 9 12 3 5 6 7 4 2 2 2 9 3 3 2 5 22 8 1 1 0 0 0 1 2 1 3 1 0 2 3 5 13 13 30 70 81 63 44 45 46 45 70 68 68 20 24 14 46 40 51 47 54 39 44 19 6 24 12 20 51 25 53 39 33 35 27 33 35 21 16 8 21 30 31 28 17 28 25 31 16 13
30 56 37 35 61 51 37 18 11 26 28 28 41 42 23 35 21 17 24 23 18 7 4 2 1 1 1 0 1 1 2 9 6 1 1 1 0 0 1 0 0 0 3 7 7 15 16 23 31 51 58 52 62 52 67 75 42 37 47 25 24 30 40 29 33 60 29 26 20 26 14 16 14 20 62 24 61 50 26 42 29 25 32 32 17 6 14 17 31 23 16 44 24 41 14 3
41 41 65 55 45 36 34 34 34 56 32 50 63 50 43 57 40 20 30 43 28 22 15 6 4 2 0 1 1 0 1 1 1 1 1 1 1 0 0 0 1 2 1 2 4 17 16 23 9 19 16 20 32 61 50 56 53 21 29 36 39 21 23 43 30 57 44 38 53 20 30 25 9 9 43 24 31 26 34 41 30 29 31 35 19 6 11 27 41 17 29 26 24 38 10 2
30 24 45 15 52 59 53 39 54 50 48 36 40 34 42 61 45 49 53 54 48 23 16 15 7 10 4 7 5 1 0 0 1 0 0 1 0 0 0 0 1 1 2 3 3 6 7 12 35 55 60 51 48 42 65 69 32 27 9 12 36 35 27 42 42 56 36 26 16 11 9 8 12 7 22 22 18 32 57 64 54 21 20 42 37 27 4 23 25 35 32 19 34 48 17 3
32 26 44 37 25 32 55 28 53 44 32 40 16 39 50 51 53 51 20 17 35 18 13 19 15 13 6 10 7 2 2 1 0 0 0 0 0 0 0 0 1 1 2 6 14 32 40 48 48 32 38 41 46 64 81 59 37 29 9 47 65 64 57 57 44 65 26 34 40 32 41 29 24 17 13 19 27 25 36 29 41 63 46 34 38 27 9 17 23 27 13 19 30 30 19 5
24 13 15 35 25 20 53 21 16 29 37 62 38 19 37 48 44 44 26 9 11 28 35 37 18 15 15 9 9 7 5 3 3 2 1 0 1 1 0 0 0 1 4 6 24 14 22 31 51 40 44 79 44 69 74 43 30 32 17 36 51 59 57 59 68 60 51 45 45 18 29 28 20 31 27 13 6 19 39 43 32 57 37 19 11 37 12 11 13 13 14 27 44 53 14 13
17 13 13 18 38 30 46 55 18 8 17 26 44 14 6 19 12 20 26 12 10 18 9 15 17 13 14 9 13 9 8 8 6 6 5 2 2 1 0 0 1 3 6 12 18 26 29 52 73 69 70 47 60 58 66 37 23 9 18 24 33 30 29 24 24 54 33 26 47 27 25 20 25 29 30 20 6 28 47 25 51 64 44 20 11 28 22 10 12 24 26 28 54 35 19 14
32 24 22 13 22 19 32 58 57 26 12 12 22 32 17 11 7 20 25 18 15 21 6 11 25 17 13 14 13 19 16 15 14 10 6 5 2 1 0 0 1 3 7 10 29 27 20 37 47 61 48 32 72 55 52 21 11 45 65 52 63 52 60 45 52 76 46 35 16 17 24 21 23 23 19 12 8 14 18 32 46 58 45 29 13 14 14 9 8 30 23 33 29 39 19 27
23 24 25 14 12 7 26 27 52 42 31 16 14 18 22 9 9 7 22 19 17 23 8 7 14 16 12 10 6 13 2 6 12 11 7 3 1 1 0 0 1 2 5 8 19 8 9 41 23 19 19 76 50 55 32 15 28 56 62 74 55 83 70 42 61 34 57 47 43 19 20 29 27 15 11 7 6 11 39 21 13 44 48 44 23 11 20 6 9 11 14 39 27 38 22 51
29 26 27 25 13 7 4 5 10 25 15 11 8 22 13 8 10 2 5 15 11 24 26 5 6 6 24 9 2 7 13 2 1 1 1 5 2 1 0 1 1 2 6 15 4 13 20 24 6 12 55 56 29 41 17 11 27 45 42 57 78 80 48 30 33 49 58 58 64 46 57 37 33 27 16 11 5 5 13 26 28 51 67 42 45 16 9 13 4 13 36 16 23 18 18 59
52 35 18 21 21 19 13 8 6 6 6 5 9 9 7 6 4 8 5 5 14 17 14 7 1 4 16 9 3 3 10 12 1 0 0 1 3 1 0 0 4 6 6 3 1 2 11 3 7 33 62 44 22 17 8 33 36 33 41 77 64 58 15 27 40 44 67 63 54 61 45 37 42 42 37 26 9 6 20 24 23 71 48 56 40 30 12 6 5 19 21 12 31 11 34 67
59 44 40 54 46 42 37 20 34 19 16 9 4 3 3 3 3 13 10 3 3 6 6 6 1 3 6 4 3 1 1 5 1 0 0 0 1 2 0 1 3 4 3 6 5 6 17 2 12 44 32 13 3 15 39 54 54 62 83 70 20 27 30 21 22 23 38 38 62 41 22 34 53 56 50 26 10 3 18 27 54 61 25 35 50 32 17 4 5 19 16 11 33 10 28 38
69 65 62 65 62 57 44 40 36 35 30 29 11 8 5 3 2 1 1 1 2 2 1 2 2 3 4 3 1 1 1 3 2 1 0 0 1 1 1 1 1 2 2 1 1 8 4 3 16 12 7 2 6 18 30 39 66 61 52 13 48 64 57 45 46 25 22 22 56 46 59 69 48 34 28 29 13 5 10 22 52 24 17 36 64 36 23 10 3 6 7 10 17 10 23 19
27 65 68 67 59 63 42 49 24 25 38 25 19 19 17 12 7 3 1 1 1 1 0 1 2 2 1 1 0 0 1 1 1 1 0 0 1 2 2 1 1 1 2 1 0 1 1 3 4 3 1 3 7 11 25 38 41 12 36 50 63 58 58 79 83 71 64 46 48 59 64 52 59 44 24 17 9 5 10 22 30 14 9 48 63 63 37 38 15 3 5 8 8 9 28 24
40 57 66 49 54 74 59 34 52 39 26 33 30 34 34 17 13 4 2 2 1 1 0 0 1 1 0 0 0 0 0 1 2 2 1 0 1 1 1 1 1 1 1 1 0 0 2 4 2 1 5 4 5 9 15 23 11 40 44 47 59 71 81 71 66 75 42 33 67 20 50 78 54 41 45 43 40 19 7 22 24 13 5 11 30 57 17 10 13 12 2 10 5 8 27 22
67 18 68 48 43 67 74 75 43 23 35 31 43 39 30 21 19 12 7 6 4 4 1 1 0 0 1 1 1 1 0 0 0 1 1 1 1 1 1 1 1 1 0 0 0 0 0 0 2 7 6 14 14 9 8 27 40 41 45 46 67 57 77 67 69 44 32 60 46 37 39 22 56 34 59 64 62 40 26 7 38 20 14 3 11 31 42 11 4 5 2 3 6 11 8 8
44 14 52 31 49 57 63 41 68 75 45 53 55 19 18 15 21 18 13 9 8 6 4 2 1 2 4 3 2 1 0 0 0 0 0 1 1 1 1 1 1 1 0 0 0 1 2 4 6 6 10 25 24 26 11 26 30 60 58 57 75 60 56 50 33 31 49 62 49 32 19 20 49 55 62 59 64 61 40 12 8 17 18 11 3 11 25 16 10 2 5 0 5 8 4 4
28 32 33 34 22 48 56 32 35 70 39 61 72 42 29 19 29 44 38 21 16 7 3 2 4 2 5 4 7 2 2 2 2 1 0 0 0 0 0 1 0 0 0 0 1 2 5 6 6 8 17 30 24 19 33 39 46 44 33 47 65 32 18 12 31 34 30 79 64 24 25 16 52 50 16 33 70 59 58 39 10 6 29 14 8 3 11 14 14 5 1 1 7 3 1 1
32 13 18 26 18 27 61 24 18 43 52 66 66 48 51 40 11 19 21 29 14 10 7 6 7 6 6 9 8 7 4 3 2 2 1 1 0 0 0 0 0 0 0 1 4 4 5 10 5 13 24 20 36 36 41 46 15 12 26 45 72 29 14 39 53 46 60 67 49 39 24 10 20 53 44 16 34 44 53 48 37 8 7 16 12 3 2 8 16 10 1 1 5 1 4 9
54 19 20 19 5 14 43 20 29 19 40 29 46 20 27 32 8 6 15 33 19 24 11 5 17 13 7 5 5 4 3 1 2 2 2 1 1 0 0 0 0 0 1 3 4 6 3 3 12 27 19 26 46 58 69 64 44 34 47 48 50 19 20 54 53 47 47 21 46 48 32 9 12 24 59 31 13 19 64 37 28 10 3 8 10 2 4 11 7 7 1 1 1 2 8 25
27 6 24 21 6 4 15 38 7 15 47 37 44 20 17 9 10 2 6 32 28 17 11 9 5 5 2 1 2 2 2 2 1 1 2 2 1 1 0 0 0 1 1 3 2 5 5 10 12 13 12 20 33 69 76 79 77 66 51 43 28 14 35 44 63 56 48 28 24 44 19 9 12 17 53 34 14 15 23 45 28 19 7 4 10 4 5 8 4 2 2 7 3 6 23 33
39 7 32 39 10 7 9 21 6 5 40 21 16 7 4 10 8 7 2 5 6 16 28 28 9 2 6 3 1 1 1 1 1 1 1 3 2 0 0 0 0 1 3 4 1 2 1 3 3 4 4 15 32 28 48 68 55 42 22 67 33 16 36 45 44 51 72 42 36 16 10 10 25 40 67 32 14 17 28 55 28 11 6 2 4 7 4 7 3 1 5 27 13 13 14 28
23 17 13 32 4 8 12 17 12 4 4 3 4 16 5 3 10 10 3 5 6 7 18 12 9 2 4 6 2 1 1 1 1 0 1 1 1 1 0 0 0 0 0 1 1 1 2 2 5 5 4 13 13 22 25 21 15 34 56 36 13 26 41 37 54 71 49 38 37 24 10 14 25 44 47 23 20 15 24 46 34 32 11 3 2 3 4 7 1 2 7 7 19 36 19 24
8 5 11 10 6 2 13 18 7 2 5 3 3 7 10 4 6 8 6 2 2 3 5 3 3 2 3 6 4 1 1 0 0 0 0 1 0 1 0 0 0 0 1 1 2 4 6 6 5 8 14 9 7 4 5 13 33 36 64 28 12 40 34 31 57 77 44 51 45 24 16 15 25 57 38 21 25 14 17 30 29 28 22 11 2 1 5 3 1 11 14 15 18 17 58 27
2 3 2 7 2 1 12 16 6 2 1 3 2 2 6 7 3 2 3 3 1 1 2 3 2 2 1 3 8 1 1 0 0 0 0 0 0 0 1 0 0 0 0 1 2 3 5 2 3 7 10 24 18 36 27 30 31 49 51 9 20 34 28 21 46 61 37 40 34 27 13 13 27 58 24 31 25 9 7 13 15 24 13 4 5 1 1 3 9 25 29 33 43 29 21 52
1 2 1 1 1 4 7 7 2 1 1 1 1 1 1 2 4 3 2 3 1 1 1 1 0 1 1 1 1 2 2 0 0 0 0 0 0 0 0 0 0 0 0 1 1 2 1 2 5 6 14 20 21 33 47 62 64 72 35 10 24 31 22 30 70 62 19 36 38 23 14 8 20 54 24 19 16 14 3 6 15 22 7 4 1 1 2 9 24 23 29 30 39 52 67 41
1 1 0 0 0 0 1 1 1 0 0 0 0 0 0 0 1 1 1 2 1 1 1 0 0 0 1 1 1 1 1 1 1 0 0 0 0 0 0 0 0 0 0 0 1 1 3 3 3 12 11 16 23 31 44 72 55 43 8 27 36 26 47 57 80 43 47 23 21 22 19 11 30 53 31 17 14 14 3 5 13 20 11 11 4 1 2 8 10 8 9 9 11 17 39 44
0 0 0 0 0 0 0 0 0 0 0 0 0 0 0 0 0 0 0 0 1 0 0 0 0 0 1 1 1 0 0 0 0 0 0 0 0 0 0 0 0 0 1 1 2 2 6 14 4 12 8 11 17 18 57 45 23 6 22 34 35 32 55 78 50 28 38 19 18 19 16 9 17 45 59 31 17 8 3 4 10 21 16 7 3 0 2 3 3 9 11 21 26 25 26 41
1 1 1 2 1 0 0 0 0 1 1 1 1 1 2 1 1 1 0 0 0 0 0 0 0 0 0 0 0 0 0 0 0 0 0 0 0 0 0 0 0 1 2 2 2 5 7 5 14 10 9 10 21 22 55 14 8 14 28 36 33 34 55 77 34 24 22 32 14 6 6 8 28 47 21 42 23 8 3 2 15 12 16 7 2 0 2 8 15 26 16 32 44 41 36 17
1 2 2 3 2 1 0 2 1 2 2 3 3 4 4 3 3 2 2 1 0 0 0 0 0 0 0 0 0 0 0 0 0 0 0 0 0 0 0 0 1 2 2 4 6 9 9 7 12 31 33 32 21 31 17 7 3 21 24 32 18 33 53 63 40 16 21 28 19 11 3 7 38 16 12 48 32 13 4 2 6 6 11 6 1 2 6 8 10 18 20 21 15 16 22 43
4 4 4 4 2 1 1 4 4 4 4 5 8 5 7 7 4 3 2 2 1 2 1 0 0 0 0 0 0 0 0 0 0 0 0 0 0 0 0 1 2 2 3 4 6 10 14 28 22 25 14 48 33 17 18 13 6 17 29 43 44 36 61 27 12 31 34 15 27 9 3 7 15 15 8 44 18 12 3 2 5 6 6 3 1 3 14 24 30 22 19 10 21 24 25 34
11 10 6 9 5 2 2 4 3 4 12 11 11 14 12 6 5 4 3 3 3 3 3 1 1 1 0 0 0 0 0 1 0 0 0 0 0 0 0 1 1 2 2 5 9 11 20 25 20 20 13 8 20 19 21 3 10 19 19 31 29 43 42 47 43 24 15 12 32 21 6 4 13 10 20 48 15 9 5 2 2 4 4 1 3 7 16 40 46 43 46 29 35 46 38 62
16 16 16 9 7 6 3 7 11 13 17 16 18 11 14 10 7 6 5 8 6 5 3 2 2 3 1 1 0 1 2 1 0 0 0 0 0 0 0 1 1 1 2 3 7 16 8 3 27 23 13 7 17 19 3 3 8 12 16 34 45 52 56 29 17 17 23 18 12 15 9 4 12 10 15 25 19 17 6 1 1 3 1 1 5 8 10 13 10 13 16 29 44 45 72 69
22 22 24 20 15 5 4 9 16 23 24 21 21 21 18 18 10 19 12 10 4 2 2 2 3 2 2 1 1 2 1 0 0 0 0 0 0 0 0 1 1 2 5 4 2 5 4 10 8 10 10 3 8 2 4 2 4 8 10 26 45 56 36 52 29 15 14 12 10 15 15 4 5 8 14 16 17 7 4 2 1 1 1 2 9 4 6 12 30 38 39 33 22 68 43 55
37 51 33 11 18 7 12 14 33 29 26 29 29 45 42 25 24 20 10 13 6 4 2 5 5 2 2 2 5 1 0 0 0 0 0 0 0 0 0 1 2 3 5 1 2 4 5 8 6 6 3 3 4 1 3 2 5 16 22 36 29 27 42 54 19 9 6 7 11 11 7 4 3 6 6 17 15 8 4 1 1 1 2 7 15 19 18 19 27 25 23 47 49 61 37 19
58 68 34 29 35 15 11 38 38 51 23 38 45 40 57 35 17 9 20 12 8 6 2 9 2 2 3 5 1 0 1 1 1 1 1 0 0 0 0 0 1 2 1 1 1 6 14 12 8 5 3 2 2 2 5 8 14 11 8 12 19 31 35 53 26 12 10 7 5 4 4 4 2 4 9 7 6 9 4 1 1 3 9 7 15 35 38 42 44 45 27 37 32 35 39 14
47 66 33 32 45 19 19 55 50 55 19 40 62 46 61 29 24 22 30 27 14 4 5 3 3 6 12 1 1 1 1 1 1 1 1 0 0 0 0 0 0 0 0 1 3 11 9 4 11 3 2 1 4 4 6 4 4 2 11 15 15 38 42 34 16 46 44 27 14 12 5 4 2 3 4 3 4 5 2 0 1 6 16 30 27 36 49 45 41 38 41 46 15 5 27 19
65 40 40 34 47 22 25 56 74 52 15 51 71 62 62 58 33 43 56 29 15 6 11 5 10 10 1 1 2 2 1 1 2 1 1 1 1 1 1 0 0 0 0 2 11 4 9 1 2 5 1 2 5 5 7 6 5 10 34 44 38 34 67 33 43 25 31 30 12 6 5 4 1 1 2 3 2 3 1 0 2 5 7 19 19 10 21 9 9 12 8 60 40 17 12 6
83 67 44 35 42 24 38 58 83 42 25 43 69 70 71 41 34 75 36 7 9 23 19 13 14 5 3 3 5 5 2 3 2 2 1 1 1 2 1 1 0 0 0 0 3 2 2 1 0 0 0 2 3 9 7 17 21 25 19 33 50 51 30 47 37 34 10 20 36 10 3 2 1 1 1 2 1 2 1 1 3 6 8 10 9 5 8 15 28 47 63 79 48 16 9 4
77 76 46 49 53 32 40 65 77 49 30 50 85 84 50 60 39 37 12 9 16 45 48 25 13 12 6 5 7 4 3 7 4 1 1 2 1 2 2 1 1 0 0 0 0 0 0 0 1 2 4 4 9 12 14 23 19 16 37 62 61 59 39 47 9 59 40 8 6 25 23 11 5 2 0 1 1 0 0 1 3 3 3 7 5 8 26 34 29 26 36 60 25 13 8 3
75 65 46 59 54 51 38 66 76 51 39 52 84 74 57 45 22 12 4 17 39 46 28 10 6 3 2 12 10 5 7 7 3 1 1 3 3 3 3 1 1 1 1 1 1 0 0 0 1 1 3 3 7 8 8 11 17 35 28 73 53 24 23 71 36 16 45 16 5 3 7 8 10 7 2 1 0 0 0 1 3 3 3 4 7 15 28 27 24 39 25 35 29 17 7 3
76 65 40 62 57 55 51 51 61 41 36 51 65 33 33 25 11 14 11 23 49 20 15 13 6 5 3 20 14 7 16 7 2 3 2 4 5 8 5 2 1 1 1 1 1 0 0 0 1 1 1 2 7 7 17 21 11 33 46 60 14 5 24 60 22 20 12 37 10 2 2 3 7 5 5 4 1 0 0 0 2 3 4 3 5 12 39 18 14 47 20 18 22 6 3 2
48 47 43 63 56 44 60 49 73 75 63 53 47 38 50 48 34 39 21 29 44 25 17 14 8 7 7 24 20 10 18 8 5 4 4 7 7 6 2 2 4 2 1 1 0 0 0 0 0 1 1 3 8 8 8 12 8 19 43 18 10 6 38 60 33 6 4 6 19 5 2 2 2 1 6 2 1 0 0 0 1 3 4 3 15 26 41 17 15 38 16 5 8 11 2 1
60 31 63 71 63 70 68 84 79 89 90 83 46 67 66 63 60 29 25 46 40 22 18 9 10 16 9 26 25 23 15 10 9 9 9 14 20 8 4 3 10 5 1 0 0 0 0 0 1 1 3 4 6 6 3 5 12 37 50 11 7 8 17 54 38 17 4 1 11 10 4 1 1 1 8 1 1 0 0 1 2 3 4 7 10 7 9 6 12 11 17 10 9 8 1 0
52 47 53 64 78 83 87 89 76 75 79 80 83 74 47 45 38 31 33 30 17 22 18 21 31 21 23 52 39 51 21 19 15 20 22 35 33 10 9 7 11 3 1 1 0 1 0 0 0 2 1 3 2 2 3 6 15 22 19 15 6 6 7 59 19 13 11 1 6 12 6 1 1 1 2 3 1 0 0 1 1 3 7 11 9 6 6 4 6 5 7 4 3 1 0 1
62 59 38 42 57 65 80 56 52 48 61 64 66 73 50 43 48 61 50 33 30 35 30 42 59 41 32 59 56 43 25 35 25 32 29 40 22 14 19 5 2 2 3 2 2 1 1 0 0 0 2 2 2 4 3 2 9 7 10 29 9 7 12 25 13 2 9 3 4 4 4 3 2 1 0 10 1 0 0 1 2 3 3 12 6 5 5 3 3 1 1 1 1 1 2 5
71 73 51 30 56 52 54 66 48 59 68 51 63 78 82 67 79 70 51 42 54 52 53 49 59 46 39 66 64 35 43 41 41 41 49 50 29 18 4 2 1 3 3 2 3 2 2 0 0 0 0 1 2 4 4 2 6 8 4 7 6 8 10 20 24 2 5 4 2 7 4 2 2 1 1 1 1 0 0 1 1 2 6 9 4 4 3 2 4 1 1 0 1 2 4 6
53 66 79 48 28 33 57 57 76 42 39 38 71 54 62 91 88 49 67 66 65 61 63 55 58 50 50 74 62 50 50 48 50 66 63 28 8 5 8 6 8 7 5 3 5 4 2 1 0 0 0 3 2 1 4 3 7 5 3 4 5 3 3 8 31 2 1 3 2 2 2 1 1 1 1 1 0 0 0 1 1 2 10 4 1 1 1 2 2 0 0 1 1 2 5 6
77 74 76 79 46 18 21 66 63 58 15 19 35 50 77 84 67 88 89 70 62 78 73 43 63 53 70 62 60 55 58 49 63 76 75 33 25 17 24 19 27 23 9 9 11 3 1 0 0 0 0 0 0 1 4 3 6 5 3 3 2 1 0 2 12 3 2 1 1 1 1 2 1 1 0 0 0 0 0 1 1 2 2 2 1 1 0 1 0 1 1 2 4 6 5 6
61 46 51 85 46 38 32 32 33 40 28 7 28 74 84 82 62 56 83 63 78 79 67 50 72 68 80 75 69 76 58 58 57 52 55 33 31 35 31 29 9 8 20 31 4 2 1 0 0 0 0 0 0 0 1 4 5 9 2 2 2 1 0 5 13 3 3 1 1 1 2 2 1 0 1 0 0 0 0 1 1 2 2 1 0 0 0 1 1 3 4 5 5 6 3 4
33 50 49 80 81 30 36 22 23 22 26 13 32 44 51 55 72 82 67 30 63 33 71 81 91 87 82 58 73 56 68 53 47 28 65 58 59 42 20 15 4 1 22 13 9 3 2 1 0 1 1 0 0 0 0 0 1 2 1 1 1 1 1 3 4 5 3 1 1 0 0 1 1 0 0 0 0 0 0 0 1 1 1 1 0 1 2 2 3 3 4 9 9 6 5 5
22 27 43 45 79 74 41 19 19 17 15 15 26 46 61 68 35 74 73 35 65 59 35 51 72 52 71 47 66 29 18 40 29 26 43 80 60 38 20 54 18 16 19 15 14 5 2 2 2 2 1 0 0 0 0 0 0 0 0 1 1 0 1 3 3 5 2 1 1 1 1 1 0 0 0 0 0 0 0 0 0 0 1 0 0 1 1 2 3 3 4 4 21 10 5 3
10 18 29 8 42 84 43 22 10 9 14 16 14 23 30 49 51 69 48 53 66 46 16 46 65 48 47 38 42 63 47 47 43 21 27 65 74 81 76 66 49 31 30 33 20 8 5 3 7 2 1 1 1 1 0 0 0 0 0 0 0 0 1 2 3 3 2 1 1 1 0 0 0 0 0 0 0 0 0 0 0 0 0 0 0 0 0 1 3 2 3 6 8 8 4 9
19 11 22 45 40 56 80 37 32 9 5 7 8 11 33 25 48 68 14 24 73 66 27 15 73 78 51 33 46 56 24 20 28 17 14 38 56 56 48 23 36 32 18 22 23 19 22 16 5 1 2 3 2 2 2 3 2 0 0 0 0 0 0 0 1 4 2 1 0 1 0 0 0 0 0 0 0 0 0 0 0 0 0 1 1 0 1 1 2 3 3 4 6 8 14 15
27 10 7 30 48 57 81 62 27 19 10 8 6 10 9 7 28 19 16 55 86 37 19 10 16 57 29 33 25 47 41 23 26 25 20 54 36 17 14 10 13 6 5 43 20 34 44 32 10 7 9 5 4 2 2 1 1 0 0 0 0 0 0 0 0 1 1 1 1 1 0 0 0 0 0 0 0 0 0 0 0 0 0 0 1 2 2 2 3 4 4 7 8 9 8 22
46 30 19 12 13 18 32 61 30 31 12 6 5 7 12 5 17 11 31 30 81 34 19 16 9 17 16 23 10 35 40 16 14 14 19 36 32 10 5 9 8 6 6 11 24 18 14 6 6 6 3 3 3 3 4 1 0 1 0 0 0 0 0 0 0 0 1 1 1 0 0 0 0 0 0 0 0 0 0 0 0 0 1 1 0 0 1 8 2 6 8 10 13 12 19 26
21 19 33 12 10 31 33 59 60 33 21 6 4 3 5 7 8 12 13 31 63 77 42 20 5 5 12 3 7 26 36 18 10 12 8 8 11 7 5 6 5 5 4 6 26 14 14 5 3 2 2 0 1 1 2 1 0 1 0 0 0 0 0 0 0 0 0 0 0 0 0 0 0 0 0 0 0 0 0 0 0 0 0 0 0 1 4 5 7 10 10 10 12 19 18 32
36 27 9 6 7 16 25 37 55 27 14 8 3 2 2 6 3 5 17 61 50 64 44 33 13 4 16 13 3 5 18 11 11 8 3 3 5 13 4 3 4 3 2 4 12 14 17 7 4 2 1 1 0 0 1 1 0 1 0 0 0 0 0 0 0 0 0 0 0 0 0 0 0 0 0 0 0 0 0 0 0 0 0 1 1 2 2 6 3 3 3 3 8 16 17 12
50 41 14 6 2 13 12 22 41 37 10 7 4 3 4 4 2 12 32 50 19 33 40 13 9 7 4 7 10 1 8 11 5 5 2 4 3 2 3 3 4 3 1 1 4 12 19 9 7 3 3 1 1 0 0 0 0 0 1 0 0 0 0 0 0 0 0 0 0 0 0 0 0 0 0 0 0 0 0 0 0 0 0 1 1 1 2 3 3 2 2 5 7 9 10 11
51 38 18 14 3 4 9 14 55 10 10 4 3 2 2 2 2 7 31 15 3 16 67 12 7 8 3 4 4 8 5 4 3 3 3 2 1 1 1 2 4 2 1 1 2 5 15 7 8 3 2 1 0 0 0 0 0 0 0 0 0 0 0 0 0 0 0 0 0 0 0 0 0 0 0 0 0 0 0 0 0 0 1 1 1 1 4 3 3 3 4 4 5 9 10 7
44 35 19 8 6 4 8 9 36 12 3 7 4 2 1 1 1 11 12 7 19 30 54 28 9 4 5 8 2 10 6 4 4 2 3 1 2 1 0 1 1 1 1 4 7 8 11 9 15 10 5 2 1 0 0 0 0 0 0 0 0 0 0 0 0 0 0 0 0 0 0 0 0 0 0 0 0 0 0 0 0 0 0 0 1 1 2 3 4 5 5 5 7 4 10 14
37 21 13 8 6 5 3 5 11 32 7 3 4 2 1 1 2 6 5 8 7 17 50 24 10 12 4 4 5 10 3 2 2 2 1 1 1 1 1 1 0 0 1 10 4 4 9 5 11 11 9 3 1 1 0 0 0 0 0 0 0 0 0 0 0 0 0 0 0 0 0 0 0 0 0 0 0 0 0 0 0 0 0 0 0 1 1 2 3 3 4 10 8 11 21 14
30 25 10 6 5 4 3 4 6 14 11 2 2 2 1 1 1 2 3 5 7 20 54 20 13 5 8 3 3 6 3 1 1 1 1 1 1 1 1 0 0 1 4 7 1 4 5 3 8 7 5 4 3 1 1 0 0 0 0 0 0 0 0 0 0 0 0 0 0 0 0 0 0 0 0 0 0 0 0 0 0 0 0 0 0 0 1 1 1 3 3 5 5 3 7 10
73 45 23 4 3 3 2 3 4 8 13 4 3 2 1 1 1 2 2 1 8 10 37 19 5 4 4 4 3 2 4 1 1 1 1 1 1 1 0 0 2 2 3 1 1 3 1 2 4 5 8 7 8 3 2 1 1 0 0 0 0 0 0 0 0 0 0 0 0 0 0 0 0 0 0 0 0 0 0 0 0 0 0 0 0 0 0 0 1 2 4 8 4 5 7 2
25 64 43 15 5 2 1 2 4 4 21 5 3 1 1 1 1 0 1 1 4 8 20 23 5 3 2 2 2 2 2 3 1 1 0 1 1 0 0 1 2 5 2 1 1 2 2 1 4 5 2 2 3 4 3 1 1 0 0 0 0 0 0 0 0 0 0 0 0 0 0 0 0 0 0 0 0 0 0 0 0 0 0 0 0 0 0 0 1 2 3 4 3 4 5 8
8 59 12 43 21 9 1 1 1 5 11 3 2 1 1 0 0 0 1 2 5 10 9 19 10 4 3 1 1 2 1 2 1 1 0 1 0 0 0 0 2 2 2 0 1 2 0 1 4 5 2 1 2 2 6 3 1 0 0 0 0 0 0 0 0 0 0 0 0 0 0 0 0 0 0 0 0 0 0 0 0 0 0 0 0 0 0 0 1 2 2 1 2 4 6 6
14 17 9 33 13 14 5 1 1 1 5 4 1 1 0 0 0 0 1 3 1 1 16 16 18 8 4 4 1 1 1 1 1 1 0 0 0 0 0 0 2 1 0 0 0 2 0 1 6 4 2 0 0 0 3 2 1 0 0 0 0 0 0 0 0 0 0 0 0 0 0 0 0 0 0 0 0 0 0 0 0 1 0 1 1 1 0 0 1 1 1 2 5 6 9 10
15 13 10 6 9 3 14 2 0 1 2 2 1 0 0 0 0 1 1 1 3 13 19 19 22 10 4 2 1 1 1 1 1 1 0 0 0 0 0 1 1 0 0 0 1 3 1 2 8 5 4 1 0 0 0 0 1 1 0 0 0 0 0 0 0 0 0 0 0 0 0 0 0 0 0 0 0 0 1 0 1 1 1 1 1 1 0 1 1 1 1 1 2 1 3 5
14 8 11 6 7 2 3 5 0 0 1 1 2 0 0 0 0 0 1 3 7 9 14 11 11 14 3 2 1 1 1 1 0 0 0 0 0 0 0 1 0 0 0 0 0 1 1 1 3 5 2 1 1 0 0 0 0 0 0 0 0 0 0 0 0 0 0 0 0 0 0 0 0 0 0 0 0 0 0 1 1 1 1 1 1 1 1 3 2 1 1 1 1 4 5 7
9 11 13 5 2 1 1 2 1 0 1 1 1 0 0 0 0 0 2 6 3 2 7 6 5 7 4 2 1 1 1 0 0 0 0 0 0 0 1 1 0 0 0 0 0 1 0 1 4 1 2 1 0 0 0 0 0 0 0 0 0 0 0 0 0 0 0 0 0 0 0 0 0 0 0 0 0 1 1 1 2 3 3 3 4 3 3 3 2 1 1 2 1 1 5 5
3 2 4 4 2 1 1 1 1 0 0 0 0 0 0 0 0 1 2 2 2 2 5 11 2 3 2 3 1 1 0 0 0 0 0 0 0 0 1 0 0 0 0 0 0 0 1 5 9 1 0 1 0 0 0 0 0 0 0 0 0 0 0 0 0 0 0 0 0 0 0 0 0 0 0 0 0 0 0 1 1 1 1 3 6 3 6 6 4 4 2 2 4 3 3 4
1 1 1 1 1 1 1 1 1 0 0 0 0 0 0 0 0 0 0 1 1 1 1 2 1 1 1 1 0 0 0 0 0 0 0 0 0 0 0 0 0 0 0 0 0 0 1 1 4 1 0 1 1 0 0 0 0 0 0 0 0 0 0 0 0 0 0 0 0 0 0 0 0 0 0 0 0 0 0 0 0 1 1 1 5 4 10 11 7 9 8 8 6 6 5 15
