sesion_6_simulaciones/modelos_agentes/ejemplos_netlogo/scenarios/cgcm2_a2/rob_2061.asc
NCOLS 322 
NROWS 307 
XLLCORNER 451900 
YLLCORNER 4086900 
CELLSIZE 100 
NODATA_value -9999 
[rows 73 to 145 of 307, columns 96 to 191 of 322]
26 22 19 16 48 26 58 77 42 31 29 49 54 55 5 2 9 13 11 4 14 25 15 6 4 6 4 7 5 3 1 0 2 2 0 1 2 2 5 4 4 4 14 3 3 3 4 18 3 4 7 11 16 32 23 25 12 18 35 36 29 64 59 61 55 59 40 37 48 66 60 48 51 66 46 27 74 53 58 77 47 46 40 43 69 69 44 20 16 10 4 3 2 0 1 1
21 54 34 17 17 20 20 48 19 20 14 59 29 72 63 44 10 5 6 9 44 35 17 9 10 3 3 1 3 5 2 2 2 5 2 1 1 1 4 1 1 1 3 1 1 4 5 1 1 3 2 11 26 17 17 7 12 17 35 21 18 68 55 41 49 56 33 47 57 60 50 61 45 63 33 35 53 61 46 40 21 46 63 54 37 18 21 21 12 15 12 10 8 4 1 0
26 30 25 19 13 17 24 41 23 35 41 28 13 23 29 51 30 34 47 59 85 41 40 28 7 12 3 2 4 1 3 29 7 7 9 5 2 1 1 1 2 7 10 4 13 7 6 16 27 3 4 2 4 17 4 6 15 27 20 11 26 30 59 42 48 33 31 39 54 61 36 73 36 45 38 23 52 29 20 49 52 46 22 23 33 31 26 23 33 29 35 34 15 10 4 2
38 23 21 22 14 27 14 44 20 43 48 16 23 45 36 25 36 62 40 63 67 72 60 55 13 7 5 2 3 5 16 23 16 7 9 10 10 2 5 7 2 2 3 1 3 14 3 9 9 12 2 2 4 3 5 6 11 25 12 17 16 9 36 36 40 24 44 29 67 47 24 53 42 38 40 38 23 14 66 42 32 32 50 37 54 57 54 63 64 46 47 40 24 16 8 6
39 13 33 28 20 16 22 32 27 32 67 29 34 26 30 43 64 38 62 56 76 80 52 33 43 4 4 5 10 9 18 5 15 6 17 3 21 9 6 11 2 1 1 1 3 5 17 21 11 26 19 11 7 1 2 3 12 5 6 4 11 5 30 24 26 16 35 30 39 15 14 18 37 15 35 18 18 25 53 31 44 41 38 56 73 70 76 59 58 66 40 42 23 20 12 10
40 22 29 30 38 19 25 29 12 53 71 61 37 24 45 39 48 61 77 46 43 58 64 73 28 18 21 28 43 19 16 8 13 14 2 5 7 11 11 12 9 1 1 2 4 8 23 19 7 44 33 19 22 11 11 3 3 3 5 4 6 6 3 10 7 12 12 20 14 7 10 8 34 19 9 4 24 31 26 29 52 72 80 72 76 78 53 61 66 44 47 27 20 20 21 30
56 57 21 52 59 33 13 34 13 32 34 63 47 33 35 7 46 81 49 50 53 34 62 69 32 22 58 63 54 50 58 19 3 4 4 17 20 4 7 10 16 2 2 5 6 7 18 53 45 42 40 32 39 11 29 22 19 4 2 1 5 10 3 3 4 9 6 12 3 3 14 22 19 16 46 38 15 10 35 60 62 68 67 66 57 70 70 79 61 41 38 27 23 35 53 30
80 85 64 61 22 19 14 13 13 41 20 12 49 58 14 37 72 45 31 27 45 18 11 50 56 60 65 58 64 45 68 56 16 15 19 30 13 12 2 6 24 9 3 5 12 27 13 15 49 28 43 66 44 30 38 17 22 34 28 22 21 4 19 6 3 2 8 13 15 23 14 1 2 3 9 38 43 55 28 56 62 46 71 57 53 56 71 76 61 53 49 34 66 61 25 22
65 59 73 20 15 16 24 19 16 23 25 5 14 25 30 41 20 55 53 40 33 41 9 18 58 74 65 37 31 52 33 22 48 41 37 28 41 30 9 7 29 22 3 5 20 16 9 6 20 11 56 65 36 72 50 22 51 21 16 14 34 8 19 21 16 7 16 19 38 11 22 6 5 5 10 6 14 56 53 53 35 51 70 63 43 55 77 65 59 54 54 60 73 56 26 47
78 77 66 33 32 38 41 28 17 21 33 5 17 31 38 22 22 71 47 31 43 71 39 38 62 91 57 14 36 34 23 25 7 13 68 32 15 15 13 22 40 30 13 7 14 12 12 17 18 43 44 75 74 78 52 51 52 33 46 26 35 22 23 17 17 19 7 11 34 16 37 48 36 21 12 15 15 10 45 70 78 39 59 54 39 75 60 42 55 69 58 76 53 48 37 68
33 53 73 70 14 14 38 38 51 27 27 9 28 57 37 12 22 82 31 48 40 41 28 67 41 50 29 42 50 37 26 28 15 42 79 55 39 12 10 33 17 7 16 5 10 7 9 15 18 25 21 68 64 79 61 56 70 40 57 48 39 43 19 20 22 13 33 13 29 44 57 57 34 18 23 9 10 21 13 62 55 52 25 56 70 34 44 46 59 50 59 49 33 44 44 83
20 28 41 52 60 17 31 20 16 45 39 18 28 49 41 25 38 77 46 44 25 19 71 73 63 52 25 60 55 39 18 10 54 86 82 76 69 24 34 33 26 4 14 8 12 20 19 14 21 7 5 30 74 85 55 64 54 52 76 66 45 26 15 10 37 17 53 32 26 47 63 56 21 13 22 19 24 23 20 30 64 77 68 42 23 55 67 69 59 71 29 47 46 66 46 77
15 26 42 27 50 55 42 39 20 35 55 14 30 57 40 51 41 53 58 68 65 19 45 51 81 68 64 69 64 68 40 77 87 75 72 86 76 33 29 46 20 8 16 11 12 21 21 15 21 14 21 31 76 80 56 42 51 82 74 73 42 17 31 36 57 39 71 61 49 28 69 47 50 39 31 21 20 30 24 22 39 74 57 74 64 33 62 27 65 34 32 56 44 76 49 63
14 9 6 6 19 38 17 9 16 26 34 18 42 65 48 19 39 32 53 68 75 65 31 37 39 44 74 86 57 61 79 84 85 69 76 73 62 72 46 54 28 51 30 39 17 24 36 41 29 30 20 36 67 89 67 50 77 68 79 71 44 33 30 38 72 49 64 60 51 33 57 45 33 11 27 16 7 22 27 17 9 58 73 63 49 81 58 56 56 57 54 65 72 75 77 44
10 5 1 2 16 17 4 8 13 22 13 30 62 54 22 12 22 31 57 59 71 89 57 31 26 38 78 77 84 42 84 70 66 67 87 81 61 75 48 59 45 83 34 58 40 26 27 20 23 23 22 19 42 83 67 78 68 79 89 64 39 42 49 65 66 52 63 57 46 14 18 26 46 38 43 23 9 17 24 34 45 11 62 67 63 74 81 85 91 70 84 86 73 44 78 32
15 14 4 2 14 9 6 12 17 13 20 32 43 49 19 7 45 47 39 45 53 66 78 76 57 39 61 72 84 77 75 86 82 52 54 42 46 74 30 40 87 73 49 31 23 32 22 32 41 48 50 25 33 60 61 70 66 81 82 67 58 71 67 68 73 32 58 62 45 20 18 44 57 44 25 53 17 13 24 30 40 27 17 58 65 85 75 47 49 64 65 82 73 45 59 70
17 8 6 2 7 5 3 22 12 11 10 18 60 38 13 7 46 27 41 54 55 65 76 74 75 47 54 28 48 76 65 70 74 65 64 62 47 37 51 86 50 65 29 18 27 51 35 39 50 56 45 43 28 33 29 55 69 73 82 62 50 62 59 82 78 49 59 72 28 10 12 36 30 37 73 55 23 23 10 34 30 46 47 18 57 79 76 72 73 64 46 44 61 41 27 48
9 8 4 3 2 2 2 14 14 5 21 39 60 56 15 6 26 8 27 66 67 69 37 47 71 59 58 46 71 91 85 80 57 70 53 35 40 32 66 40 40 35 17 49 75 52 39 43 37 31 30 30 26 25 10 16 52 68 83 52 68 65 81 88 87 48 77 59 48 25 14 27 48 63 84 32 22 51 17 29 31 39 53 39 17 63 66 48 31 45 41 40 31 45 46 43
20 15 9 4 3 1 1 3 10 12 16 47 33 23 32 12 32 8 4 21 27 60 42 39 38 24 45 63 83 90 72 79 81 77 70 42 24 36 77 22 51 53 67 73 75 51 64 26 19 29 59 57 65 62 59 26 11 8 41 53 55 64 81 88 87 61 90 65 62 50 26 30 49 84 64 25 49 42 22 17 36 48 50 43 35 11 30 52 42 43 27 40 63 71 59 58
11 8 3 3 2 2 1 0 4 14 22 25 25 10 10 5 32 12 6 32 27 33 23 33 43 39 34 59 36 65 69 68 69 59 21 33 44 48 50 26 67 67 82 68 59 42 74 64 66 50 55 51 53 38 46 17 8 9 11 39 65 85 78 87 79 52 80 74 39 29 37 56 46 66 38 43 69 52 43 53 43 50 39 40 45 30 9 18 22 29 49 60 67 70 66 56
5 5 4 4 3 2 2 1 1 4 12 20 21 17 8 5 33 9 4 16 12 15 18 27 19 43 41 50 36 14 31 37 30 24 47 49 66 80 53 50 31 68 92 60 38 75 68 56 72 52 56 44 31 39 39 46 26 12 14 61 81 77 83 89 85 82 77 84 67 26 48 37 38 18 27 66 55 22 43 24 35 37 36 36 45 32 40 18 7 33 53 71 79 73 68 43
9 4 9 13 7 6 5 5 3 4 8 14 12 8 8 4 16 6 2 7 15 10 9 11 16 31 31 34 37 25 11 11 16 39 44 74 82 57 62 69 49 83 88 59 73 67 62 37 82 57 68 55 67 72 72 58 38 16 19 32 75 68 86 86 81 74 79 85 75 46 33 46 49 43 45 50 60 78 31 40 25 21 44 37 24 41 57 52 20 21 29 27 39 48 52 44
25 22 14 23 20 16 15 13 6 2 4 6 6 7 5 6 4 3 3 6 6 7 4 5 12 16 22 25 25 38 8 11 17 36 81 85 66 45 71 77 65 75 81 67 59 67 62 54 81 64 55 70 59 68 69 57 40 20 13 18 22 65 79 82 74 67 82 76 51 20 32 59 29 49 72 61 69 42 17 49 27 28 39 38 67 48 31 37 47 47 43 19 12 12 19 24
35 19 30 28 31 22 30 17 9 7 1 2 1 3 5 3 4 3 2 2 6 6 3 3 4 5 24 18 17 8 11 5 24 73 70 71 32 61 85 70 53 56 65 29 35 84 54 75 80 76 55 71 81 56 31 36 40 41 34 21 25 41 63 71 70 69 51 58 31 27 46 45 39 57 67 74 58 39 43 50 41 21 39 70 67 65 47 42 48 52 62 57 37 14 7 14
34 37 44 28 40 33 24 20 16 15 14 5 3 1 1 1 4 3 1 1 3 1 2 2 2 4 16 25 12 9 15 3 36 62 48 31 40 78 88 76 41 47 45 35 79 68 51 52 86 83 47 55 55 72 58 37 12 22 26 36 31 40 32 41 28 49 56 51 24 44 56 53 46 43 65 59 51 58 24 13 45 38 47 62 69 55 51 45 34 43 56 50 45 22 19 6
49 34 47 50 45 28 27 33 17 19 13 10 9 4 2 1 1 2 1 2 2 2 1 1 1 3 4 16 4 5 14 5 21 39 20 29 38 60 57 62 48 52 31 71 76 31 55 87 84 77 78 37 22 31 26 33 15 18 32 43 30 45 32 21 20 35 29 26 22 51 48 64 35 59 64 57 73 37 39 23 48 23 24 31 43 64 63 46 37 30 52 44 49 42 36 15
35 25 51 52 23 32 14 18 31 23 15 14 11 10 5 2 1 0 0 0 0 0 1 1 0 1 1 2 2 18 7 3 5 7 11 38 45 56 85 66 60 44 58 58 54 46 51 88 83 75 91 71 45 58 55 33 17 12 6 16 46 32 27 15 18 34 24 20 30 41 57 62 54 27 34 34 46 39 33 41 8 47 34 45 50 60 56 59 67 47 47 50 54 63 38 27
19 36 72 48 45 25 48 25 39 36 19 17 12 4 4 3 3 2 2 2 2 2 1 1 1 0 1 1 4 17 2 4 5 4 17 43 49 17 46 42 53 44 44 59 44 49 66 87 82 82 84 85 45 31 27 23 21 25 19 5 7 16 16 15 17 24 19 20 21 40 50 64 55 57 18 32 48 37 18 20 39 23 18 47 54 54 59 67 57 70 59 69 68 64 46 38
26 43 64 42 38 37 23 27 41 29 26 21 14 11 5 8 4 6 5 5 3 5 2 2 4 2 0 1 1 7 2 4 6 6 14 20 19 23 17 9 40 54 33 27 37 71 83 84 77 67 79 78 61 46 50 58 51 36 28 10 2 13 10 8 14 12 11 15 30 39 36 46 40 37 47 42 32 48 78 76 63 65 40 42 42 44 51 61 73 62 77 72 65 65 62 58
27 58 25 31 40 32 30 18 35 33 14 10 21 10 8 6 6 8 7 8 8 7 6 5 3 3 1 0 1 3 1 2 5 7 11 12 15 22 22 9 18 56 40 17 46 55 85 78 40 34 45 67 82 74 57 53 44 32 16 7 3 14 8 4 6 9 12 24 32 41 37 42 46 60 71 73 62 80 78 73 63 45 30 20 22 43 67 61 61 67 75 76 75 78 70 63
56 22 31 28 22 34 35 25 13 15 20 23 21 17 7 12 9 9 11 16 15 9 13 7 10 5 3 1 0 2 1 1 3 6 12 14 21 19 18 6 11 24 34 13 38 39 69 44 24 26 51 58 81 75 68 50 48 33 16 12 3 6 4 3 12 8 16 36 34 39 41 39 68 72 86 70 77 67 73 49 20 13 16 33 11 36 55 54 73 83 74 60 45 41 33 30
18 24 41 64 57 40 15 9 12 31 30 24 13 22 19 18 16 24 20 20 21 19 13 15 11 6 3 2 0 0 0 1 1 5 8 27 34 21 22 8 7 8 11 3 13 24 17 26 30 43 45 67 85 76 69 67 59 46 37 18 5 4 4 2 9 13 19 16 16 30 51 53 58 62 64 68 70 57 38 31 31 20 41 43 71 45 30 57 79 69 56 58 58 55 50 48
42 54 46 16 15 22 27 12 22 35 35 29 28 27 24 32 20 28 26 32 14 29 24 19 11 5 2 1 0 0 0 0 1 2 6 12 13 18 24 12 14 10 11 3 9 19 27 60 74 73 87 69 86 82 77 60 62 39 25 15 5 6 5 2 1 4 8 21 33 31 45 68 43 49 46 62 64 23 14 25 22 28 60 52 72 49 70 54 62 55 58 60 55 62 65 59
46 27 36 35 33 21 29 16 38 39 36 37 53 33 43 38 35 51 42 26 28 29 35 13 14 7 4 1 1 1 0 0 0 1 3 5 16 26 28 8 5 8 9 6 11 24 52 37 66 64 63 55 90 85 78 53 36 25 16 6 4 2 1 0 0 3 12 33 42 34 41 63 53 38 31 41 26 30 49 46 28 56 60 57 68 76 57 48 54 52 44 54 59 66 60 75
25 22 15 14 13 11 7 23 44 38 40 58 43 50 49 50 56 29 23 48 36 42 38 15 8 5 6 4 2 2 1 1 0 1 3 2 2 10 19 8 5 7 7 9 18 22 12 28 46 80 50 64 82 67 72 59 42 23 8 6 4 2 0 1 0 2 9 18 46 33 37 16 28 40 30 44 47 47 41 36 35 63 57 55 63 60 32 56 29 39 52 64 64 46 75 76
14 21 32 37 32 18 17 27 42 59 56 54 42 52 71 69 47 30 33 58 44 26 22 19 9 6 7 7 3 2 2 2 1 0 3 3 1 2 2 1 2 4 4 7 15 12 17 33 71 31 26 51 85 69 54 33 24 19 18 11 3 2 0 1 0 2 7 10 19 29 27 22 42 32 39 47 60 70 66 64 59 83 58 41 41 49 60 77 70 43 45 53 46 57 63 58
25 46 32 57 26 25 28 46 45 59 58 26 29 55 54 44 36 36 51 72 34 26 24 20 13 12 7 5 3 2 1 1 2 1 0 2 2 1 1 1 1 3 3 4 5 13 23 14 58 21 40 67 84 55 32 27 21 10 7 8 4 3 0 1 1 1 3 3 11 15 28 37 50 46 70 71 82 52 35 21 75 76 77 53 18 53 73 87 81 70 74 44 69 54 48 80
41 43 64 55 30 48 45 49 67 61 46 34 40 61 44 62 26 40 71 41 30 25 30 26 24 17 9 6 3 3 2 2 2 2 0 0 1 1 1 1 1 2 2 3 4 9 15 14 9 18 44 76 79 49 35 28 13 11 9 5 4 1 1 1 1 1 4 10 18 26 36 43 56 66 73 66 33 34 25 67 74 78 81 83 42 57 83 84 71 63 56 65 47 56 38 56
55 62 37 28 38 47 47 69 36 51 23 46 51 80 63 46 28 64 25 21 45 26 19 13 15 13 12 10 9 5 5 5 3 2 1 1 0 1 1 1 1 1 1 3 6 15 5 14 3 7 30 61 87 77 39 26 16 6 8 5 4 1 2 0 0 1 6 15 34 39 40 49 57 52 45 50 44 58 70 76 72 78 68 82 72 63 66 35 21 17 41 79 68 50 33 38
67 50 36 26 37 51 64 15 60 25 30 50 69 74 53 29 60 52 35 16 17 26 9 10 18 18 25 11 17 15 10 8 4 3 2 1 1 0 0 1 1 1 1 3 3 7 2 8 2 12 21 12 56 66 35 19 7 5 4 2 4 4 1 1 0 4 9 12 17 24 30 35 42 46 66 69 68 68 71 60 69 61 47 73 67 47 38 47 61 63 77 37 55 52 31 30
31 50 38 32 45 67 70 24 54 47 65 48 78 48 35 48 60 27 32 28 59 37 19 15 25 37 27 33 26 30 13 5 1 6 3 2 2 1 0 0 0 1 1 3 3 1 4 7 1 9 9 44 52 29 27 21 18 9 4 2 4 3 2 1 0 0 4 9 16 17 22 27 42 39 37 36 37 37 82 44 67 73 54 51 43 30 64 68 66 78 72 55 44 58 60 59
84 32 51 51 63 41 49 59 57 47 59 57 48 41 41 73 33 44 37 67 60 36 44 32 20 44 50 47 57 33 22 6 2 2 2 1 2 2 2 0 0 1 2 2 1 2 14 3 1 8 40 47 60 20 18 24 12 8 6 3 4 2 1 1 0 0 1 4 8 11 5 15 15 16 33 47 45 46 71 64 54 68 85 45 35 52 51 61 78 69 60 69 54 58 46 59
78 93 87 90 84 56 14 9 57 32 66 75 84 76 59 66 64 74 55 68 54 53 52 47 44 54 69 73 38 38 23 12 12 6 4 4 1 2 3 1 0 1 1 2 1 1 1 1 1 7 21 56 49 13 18 19 16 7 4 4 3 2 1 0 0 0 5 8 10 20 27 38 55 49 30 31 46 77 72 75 77 58 59 73 44 48 65 65 54 37 71 83 50 43 57 65
61 87 73 80 75 60 74 33 56 44 20 39 81 86 89 60 45 55 66 66 61 56 66 52 65 65 77 60 58 51 40 24 16 15 14 5 3 4 2 1 1 0 0 1 2 1 1 1 1 4 15 9 26 9 23 11 15 11 5 2 3 2 1 0 0 2 6 11 16 33 53 44 29 44 66 45 60 76 77 89 78 65 59 55 16 29 31 49 70 81 87 61 81 50 50 59
46 85 60 77 75 62 87 61 41 73 51 41 71 79 74 63 72 52 79 88 89 72 60 44 79 68 72 59 45 35 40 28 26 24 19 10 6 4 2 2 2 1 0 1 2 1 2 0 1 1 4 7 30 15 32 25 10 14 5 5 1 1 1 0 1 3 8 7 16 29 54 64 68 56 73 77 79 77 69 85 83 53 37 33 18 28 51 69 62 90 61 69 79 81 54 54
51 78 65 62 80 54 63 25 46 75 59 33 12 59 69 65 75 58 56 83 87 52 75 40 72 58 72 57 49 24 33 49 44 38 30 10 4 3 4 2 1 1 0 0 2 1 2 0 0 0 3 12 29 6 8 4 12 14 12 4 1 1 0 0 1 3 9 7 16 28 41 57 50 35 34 47 83 59 80 80 88 86 27 21 18 36 64 43 73 84 72 80 66 59 41 61
15 39 25 52 74 58 58 14 49 81 44 26 18 35 70 65 69 66 33 40 67 49 44 63 31 29 78 50 29 17 9 14 23 18 18 17 7 8 8 2 1 1 0 0 1 1 1 1 0 2 3 14 10 21 9 4 4 3 2 1 2 1 0 0 1 2 4 5 9 16 26 22 29 44 47 62 88 89 73 64 79 83 66 19 10 28 28 52 81 69 62 29 21 28 39 59
15 44 70 52 62 41 71 48 59 82 67 38 35 32 68 82 52 12 13 25 38 23 31 69 39 20 63 51 58 20 2 16 33 28 11 23 15 10 4 1 1 0 0 0 0 1 2 1 1 4 5 11 4 6 5 5 1 1 2 2 1 1 0 1 1 1 2 3 4 12 25 28 47 46 57 80 88 87 82 50 58 70 63 31 10 21 43 65 61 31 30 60 58 57 61 74
24 15 14 20 28 43 74 29 65 66 85 55 35 29 30 24 16 13 13 32 27 25 18 61 24 46 53 39 56 70 30 16 17 13 15 19 13 9 4 3 1 0 0 0 0 0 1 1 0 2 6 10 1 3 4 9 3 1 1 1 0 0 0 0 1 3 19 12 18 37 49 67 74 57 70 93 89 88 81 61 18 37 54 47 12 23 41 63 47 47 86 65 46 52 41 76
27 34 15 16 28 47 68 58 39 57 77 56 24 11 32 32 14 33 13 15 22 21 18 61 21 16 48 36 45 59 35 25 33 11 6 6 2 3 2 2 2 2 0 0 0 0 0 0 0 2 5 6 1 3 1 1 3 4 1 0 0 0 0 1 1 3 6 19 43 55 80 56 34 50 80 93 87 78 77 78 63 21 51 48 13 22 45 41 31 71 70 50 63 79 21 10
28 38 28 17 24 17 63 69 59 27 78 47 18 6 25 24 32 35 25 15 19 24 5 26 53 6 17 21 49 72 30 7 15 9 14 15 8 7 3 2 2 1 1 0 0 0 0 0 0 1 6 5 1 2 2 1 2 1 1 1 0 0 0 1 1 4 8 25 37 39 22 27 49 57 75 78 84 76 68 51 66 28 18 23 21 38 29 24 64 85 48 60 67 75 67 23
40 29 29 12 11 15 46 75 38 32 64 60 36 6 22 23 42 35 29 20 20 35 15 17 72 14 20 22 43 44 47 33 29 31 20 15 11 8 5 1 1 0 1 0 0 0 0 0 1 3 10 5 1 2 1 0 1 1 1 1 0 0 0 1 2 6 25 30 22 16 34 42 56 86 76 66 82 52 35 29 57 33 18 5 7 29 29 51 84 60 46 57 78 64 64 31
71 17 30 14 12 17 32 38 12 10 72 48 7 4 20 20 41 31 43 30 33 28 26 19 31 19 9 19 29 26 38 45 24 15 12 5 7 6 6 3 1 1 0 0 0 0 0 0 1 2 5 3 1 1 0 0 0 0 0 0 0 0 0 0 2 10 12 8 7 15 40 51 78 84 83 63 44 62 21 25 54 21 7 3 13 37 52 64 71 30 57 84 75 69 78 41
18 30 13 12 9 8 12 19 14 19 55 26 11 4 13 17 36 12 31 22 18 25 23 14 23 30 14 8 4 17 18 36 16 9 11 7 3 2 3 3 1 0 0 0 0 0 0 0 1 4 4 1 1 1 1 0 0 0 0 0 0 0 0 1 2 6 3 2 12 32 42 50 81 86 70 55 40 48 50 14 20 16 5 5 16 24 45 69 44 45 77 70 66 67 61 52
17 12 25 24 9 9 4 6 5 6 18 9 22 9 6 14 34 12 8 23 10 6 3 25 25 38 5 4 2 5 24 37 33 14 7 4 4 2 1 1 1 1 0 0 0 0 0 0 1 1 2 1 0 1 0 0 1 0 0 0 0 0 0 1 4 2 1 4 18 34 48 75 73 74 65 57 38 28 46 19 9 12 4 5 16 22 52 58 45 35 39 53 48 41 57 63
31 17 12 28 30 17 13 4 3 10 7 6 19 22 6 11 19 20 6 7 6 7 5 48 20 25 11 1 2 1 6 9 27 24 11 6 3 2 1 1 2 1 0 0 0 0 0 0 1 1 1 1 2 1 1 1 1 0 0 0 0 0 0 1 1 0 1 9 23 55 60 79 77 59 35 17 14 14 18 19 12 4 3 5 11 19 37 34 24 18 37 30 21 36 54 67
33 21 10 15 17 29 12 4 1 8 9 4 4 8 4 6 11 15 6 4 3 2 2 6 2 5 17 2 2 2 1 6 24 26 9 5 5 10 7 4 2 1 0 0 0 0 0 0 0 1 1 1 1 1 1 1 1 0 0 0 0 0 0 0 0 1 2 5 23 75 70 65 79 70 36 17 6 2 5 11 7 3 1 3 7 15 28 15 10 30 41 46 73 60 73 66
65 34 17 5 11 20 27 3 5 11 12 6 2 4 4 2 6 15 4 3 2 2 1 4 1 1 8 6 1 3 1 1 9 39 20 7 3 2 2 1 1 1 1 0 0 0 0 0 0 1 1 1 1 1 0 0 0 0 0 0 0 0 0 0 1 4 7 22 46 49 78 81 63 74 60 28 15 5 2 2 5 3 1 0 2 6 7 4 11 29 37 71 74 63 58 63
48 77 29 13 3 6 5 5 6 8 7 4 8 2 3 1 1 12 5 2 1 1 1 2 2 0 4 5 1 2 1 0 4 13 31 13 5 5 6 3 1 1 0 0 0 0 0 0 0 0 1 1 1 0 1 0 0 0 0 0 0 0 0 0 1 7 12 9 21 43 68 62 51 48 68 33 14 4 2 1 1 1 0 1 2 1 2 5 18 31 64 68 43 56 64 63
11 62 68 40 15 6 2 10 4 3 3 3 9 3 2 2 1 12 5 3 1 0 0 1 3 0 2 3 2 3 1 1 3 3 4 22 6 2 3 2 1 0 0 0 0 0 0 0 0 0 0 1 1 0 0 0 0 0 0 0 0 0 0 0 1 1 1 8 54 57 56 51 39 39 37 29 14 5 5 2 0 0 0 1 3 10 9 6 14 35 40 28 31 51 69 62
7 30 38 55 23 9 5 9 9 2 5 3 4 4 5 3 1 3 9 1 1 1 0 1 2 1 1 2 0 3 3 1 3 3 3 2 17 8 5 2 1 0 0 0 0 0 0 0 0 0 0 0 0 0 1 0 0 0 0 0 0 0 0 0 1 2 6 11 40 65 56 69 51 13 13 18 10 9 6 3 1 0 0 1 4 7 22 33 14 13 12 26 44 55 77 56
14 20 16 32 13 7 6 6 7 5 3 3 3 5 4 3 2 2 4 3 1 1 0 1 3 2 1 1 0 1 3 1 0 1 2 6 7 2 8 2 1 0 0 0 0 0 0 0 0 0 0 0 0 0 1 0 0 0 0 0 0 0 0 0 1 2 4 19 39 50 79 66 63 32 10 5 8 5 4 2 0 0 1 3 5 9 24 49 47 37 41 28 46 55 80 68
8 15 5 16 16 13 8 5 5 4 2 1 2 2 2 3 2 2 1 3 1 1 0 1 0 2 1 1 1 0 1 0 0 1 3 6 5 2 11 1 2 1 0 0 0 0 0 0 0 0 0 0 0 0 1 0 0 0 0 0 0 0 0 0 1 2 5 12 35 28 66 59 45 33 37 10 7 5 2 0 0 0 0 2 8 17 27 42 59 52 54 51 44 69 91 78
10 7 7 5 7 3 5 4 12 8 4 1 2 1 1 2 1 1 1 1 1 1 0 0 1 1 0 1 1 0 0 0 1 1 12 14 5 3 1 2 2 1 0 0 0 0 0 0 0 0 0 0 0 0 1 0 0 0 0 0 0 0 0 0 1 2 6 25 41 52 57 63 50 29 19 17 6 4 1 0 0 1 1 1 3 13 19 33 46 34 54 58 75 91 90 77
4 8 4 3 2 2 2 1 2 2 1 1 1 1 1 1 1 1 1 1 1 1 0 0 0 2 0 1 0 1 0 0 1 3 4 9 11 24 18 10 1 1 0 0 0 0 0 0 0 0 0 0 0 0 0 0 0 0 0 0 0 0 0 0 1 4 20 36 46 60 60 56 54 35 10 5 6 1 1 0 0 2 5 4 3 2 5 10 18 38 43 70 68 89 89 71
2 3 1 2 1 1 1 0 1 1 0 1 1 0 0 0 0 0 0 1 1 0 0 0 0 1 0 1 1 0 0 0 0 1 1 1 2 2 2 0 1 1 1 0 0 0 0 0 0 0 0 0 0 0 0 0 0 0 0 0 0 0 0 1 2 2 7 14 37 56 35 64 35 20 6 3 3 2 1 0 0 1 4 9 21 13 18 19 33 57 62 66 79 81 70 59
0 0 1 0 0 0 0 0 1 1 0 0 0 0 0 0 0 0 0 0 0 0 0 0 0 1 1 0 0 0 0 0 0 0 0 0 0 0 1 1 1 0 0 0 0 0 0 0 0 0 0 0 0 0 0 0 0 0 0 0 0 0 0 1 2 4 4 12 22 19 30 37 30 13 4 2 1 0 0 0 0 0 2 5 10 27 44 42 59 79 72 56 70 57 59 46
2 0 0 0 0 0 1 1 1 1 2 2 2 3 1 1 0 0 0 0 0 0 0 0 0 0 1 0 0 0 0 0 0 0 0 0 0 0 0 0 1 1 0 0 0 0 0 0 0 0 0 0 0 0 0 0 0 0 0 0 0 0 0 0 1 3 5 19 16 19 27 16 14 4 2 1 0 0 0 0 1 2 4 7 12 30 73 68 30 38 76 85 56 24 25 38
6 2 1 2 2 2 2 5 2 3 7 8 11 6 4 2 1 0 0 0 0 0 0 0 0 0 0 0 0 1 0 0 0 0 0 0 0 0 0 0 1 0 0 0 0 0 0 0 0 0 0 0 0 0 0 0 0 0 0 0 0 0 0 0 1 5 6 4 8 11 11 9 9 2 1 0 0 0 0 1 2 4 6 13 36 45 35 12 24 60 88 83 78 22 12 15
12 4 2 6 7 8 8 9 11 13 11 10 12 17 7 4 2 1 1 0 0 0 0 0 0 0 0 0 0 0 0 0 0 0 0 0 0 0 0 0 0 0 0 0 0 0 0 0 0 0 0 0 0 0 0 0 0 0 0 0 0 0 0 0 2 5 9 4 2 2 5 5 2 1 0 0 0 0 1 2 4 5 15 33 34 12 5 13 36 80 85 70 48 42 5 2
17 11 5 17 17 29 18 21 32 22 30 20 31 16 11 7 11 4 1 2 1 0 0 0 0 0 0 0 0 0 0 0 0 0 0 0 0 0 0 0 0 0 0 0 0 0 0 0 0 0 0 0 0 0 0 0 0 0 0 0 0 0 0 0 1 4 8 6 1 4 2 2 1 0 0 0 0 0 1 1 5 13 10 8 3 2 10 27 48 67 67 59 26 43 10 2
30 22 15 35 52 72 55 42 62 53 47 34 58 43 34 25 8 3 3 5 2 1 1 1 1 0 0 0 0 0 0 0 0 0 0 0 0 0 0 0 0 0 0 0 0 0 0 0 0 0 0 0 0 0 0 0 0 0 0 0 0 0 0 0 1 3 11 6 2 1 1 1 0 0 0 0 0 0 1 1 5 5 3 1 3 11 19 50 64 49 51 30 16 21 25 2
66 69 54 43 47 45 29 18 47 29 28 25 29 44 43 14 11 12 9 9 4 1 0 0 1 0 0 0 0 0 0 0 0 0 0 0 0 0 0 0 0 0 0 0 0 0 0 0 0 0 0 0 0 0 0 0 0 0 0 0 0 0 0 0 0 4 12 10 2 2 1 0 0 0 0 0 0 0 1 1 1 0 0 2 6 13 23 68 70 86 38 8 5 6 12 2
