sesion_6_simulaciones/modelos_agentes/ejemplos_netlogo/scenarios/cgcm2_a2/rob_2030.asc
NCOLS 322 
NROWS 307 
XLLCORNER 451900 
YLLCORNER 4086900 
CELLSIZE 100 
NODATA_value -9999 
[rows 225 to 299 of 307, columns 0 to 95 of 322]
55 61 49 67 63 68 37 24 18 55 54 40 23 19 22 29 10 5 4 42 22 35 65 53 39 49 41 50 43 30 44 43 60 20 22 50 43 68 47 72 67 74 78 62 62 75 58 62 62 33 14 13 7 10 4 4 4 6 3 3 4 2 1 1 1 1 1 1 0 0 0 0 0 0 0 0 0 0 0 0 0 0 0 0 0 0 1 1 3 3 2 2 1 0 0 0
19 32 35 24 30 75 48 11 38 43 56 27 41 35 8 5 4 2 14 47 17 48 64 65 48 46 33 17 40 30 46 71 59 33 40 49 74 82 62 69 79 82 81 52 62 64 61 27 49 63 17 10 3 5 4 6 3 2 2 1 1 1 1 0 0 1 1 0 0 0 0 0 0 0 0 0 0 0 0 0 0 0 0 0 0 0 2 3 4 6 2 1 0 0 0 0
45 31 34 30 35 28 16 19 17 29 49 56 55 14 3 3 20 30 50 65 35 41 62 76 67 41 53 26 34 51 25 52 80 41 30 40 60 56 84 90 64 56 40 68 45 46 62 37 21 8 14 16 12 9 7 6 5 2 1 1 1 0 0 0 0 0 0 0 0 0 0 0 0 0 0 0 0 0 0 0 0 0 0 0 0 1 2 9 5 0 0 0 0 0 0 0
52 39 33 51 34 31 38 36 26 48 40 38 28 12 21 43 52 59 62 76 39 51 62 71 27 27 57 20 43 60 26 24 43 59 43 68 52 36 68 81 73 46 61 36 78 48 29 24 20 15 10 20 16 11 11 6 2 2 1 0 0 0 0 0 0 0 0 0 0 0 0 0 0 0 0 0 0 0 0 0 0 0 0 0 1 1 2 11 2 1 0 0 0 0 0 0
20 33 53 32 28 26 48 47 43 44 41 55 34 40 39 60 55 38 67 70 43 47 48 50 28 63 27 9 44 53 28 32 43 55 76 84 68 47 31 47 57 36 26 16 30 68 43 23 18 14 9 8 8 10 11 7 2 1 0 0 0 0 0 0 0 0 0 0 0 0 0 0 0 0 0 0 0 0 0 0 0 0 0 0 2 2 4 5 1 1 1 1 0 0 0 0
63 48 37 43 47 39 57 45 52 43 32 46 34 57 41 60 61 54 50 71 27 43 49 40 49 16 31 35 37 54 22 44 35 45 45 68 57 71 43 17 34 56 39 42 50 19 21 14 9 8 5 4 8 6 4 3 3 2 1 0 0 0 0 0 0 0 0 0 0 0 0 0 0 0 0 0 0 0 0 0 0 0 1 1 1 7 19 4 2 2 2 1 0 0 0 0
41 58 50 60 38 38 48 76 28 51 32 29 43 51 39 62 61 48 45 61 44 46 44 58 34 29 33 34 30 35 20 35 70 57 40 27 68 41 46 37 17 25 62 67 66 32 12 6 12 13 9 3 4 5 3 3 2 0 1 1 0 0 0 0 0 0 0 0 0 0 0 0 0 0 0 0 0 0 0 1 1 1 1 1 1 3 15 2 1 3 2 1 0 0 0 0
38 33 55 52 39 46 45 58 34 36 36 38 36 54 40 45 65 26 33 45 28 44 13 39 29 38 25 19 34 23 32 47 47 72 49 45 32 34 41 18 28 18 16 23 22 13 10 6 11 6 8 4 3 2 2 4 1 1 0 0 0 0 0 0 0 0 0 0 0 0 0 0 0 0 0 0 0 0 1 2 3 5 2 1 1 2 4 3 4 2 1 0 0 0 0 0
28 26 56 38 33 65 62 46 50 38 52 55 38 63 48 39 47 26 33 37 47 19 14 10 28 32 14 23 37 25 27 30 25 23 15 28 17 19 19 12 24 34 52 23 18 7 6 3 3 3 4 2 2 2 3 1 1 0 0 0 0 0 0 0 0 0 0 0 0 0 0 0 0 0 0 0 0 1 1 4 9 6 4 4 1 2 12 11 5 2 1 0 0 0 0 0
37 20 17 38 30 54 62 55 61 31 46 63 24 38 28 44 68 25 34 39 44 37 9 13 36 20 10 42 53 57 60 22 42 32 49 47 45 45 34 42 54 53 52 52 44 34 28 8 8 12 5 2 2 1 1 1 0 0 0 0 0 0 0 0 0 0 0 0 0 0 0 0 0 0 0 0 0 1 2 4 5 12 7 9 6 24 8 7 3 3 2 1 1 0 0 0
9 14 34 28 32 40 42 46 23 46 61 51 17 21 18 21 59 17 18 22 8 25 17 27 17 19 15 31 56 37 77 79 72 58 76 59 62 44 46 39 47 61 54 69 32 13 8 2 4 7 10 5 1 1 1 1 1 0 1 0 0 0 0 0 0 0 0 0 0 0 0 0 0 0 0 0 0 1 3 7 17 10 14 13 25 12 12 8 2 2 6 2 1 0 0 0
6 23 10 12 18 35 41 29 22 29 34 50 16 34 14 33 20 12 14 9 10 7 13 10 26 22 46 49 57 35 44 64 84 62 72 89 87 74 74 58 28 60 67 58 64 42 30 12 8 8 5 3 3 1 1 2 2 1 0 0 0 0 0 0 0 0 0 0 0 0 0 0 0 1 1 0 0 0 1 2 16 29 24 7 9 39 11 10 7 7 3 2 1 1 1 1
4 11 5 15 19 36 23 40 34 39 21 10 18 4 16 21 8 66 9 23 61 50 33 19 15 9 15 26 25 35 35 32 35 76 61 81 85 79 81 72 64 32 68 67 65 35 41 14 8 7 2 2 1 1 0 0 0 1 0 0 0 0 0 0 0 0 0 0 0 0 0 0 0 1 1 0 1 1 1 3 12 32 23 6 28 24 14 22 18 6 5 3 2 1 2 1
4 5 15 19 39 15 26 36 31 33 21 14 10 5 11 8 4 2 38 38 40 55 56 30 19 9 26 26 23 34 28 38 36 32 24 52 86 61 75 41 53 46 44 51 47 32 12 5 18 9 5 3 3 2 1 1 0 0 0 0 0 0 0 0 0 0 0 0 0 0 0 0 0 1 3 1 1 1 4 9 21 37 13 13 26 7 2 5 7 2 2 3 2 2 1 0
2 4 8 2 12 17 20 20 20 13 17 10 7 3 4 8 6 7 7 24 21 9 59 51 20 5 26 44 34 39 34 23 34 42 23 25 57 64 62 53 50 38 42 28 26 30 22 8 2 7 5 4 3 2 2 1 0 0 0 0 0 0 0 0 0 0 0 0 0 0 0 0 1 1 3 4 2 1 3 19 26 55 15 17 38 8 6 4 2 1 1 2 2 1 0 0
0 1 2 7 3 7 10 9 21 20 11 5 4 3 4 4 9 15 22 36 12 10 11 46 51 14 35 57 54 49 55 41 44 52 40 26 18 50 32 33 16 19 10 16 13 10 2 9 4 3 3 2 1 2 2 1 1 1 0 0 0 0 0 0 0 0 0 0 0 0 0 0 1 1 1 6 10 4 15 14 45 44 36 52 12 11 9 6 7 5 2 2 1 1 0 0
0 1 2 2 2 4 6 10 7 15 6 3 7 6 6 4 11 27 33 17 7 6 11 57 36 34 38 29 14 26 34 35 43 41 39 39 18 14 12 10 17 9 4 4 6 7 5 6 2 1 2 1 1 1 1 1 0 0 0 0 0 0 0 0 0 0 0 0 0 0 0 1 1 1 2 2 24 4 8 32 52 34 43 44 32 19 10 21 14 3 2 1 1 0 0 0
0 0 0 1 2 2 2 4 7 6 8 4 3 2 10 11 8 17 30 30 15 10 7 16 19 22 26 52 19 51 57 39 33 40 36 45 36 16 8 4 4 6 7 6 8 6 4 1 2 2 1 1 1 1 1 0 0 0 0 0 0 0 0 0 0 0 0 0 0 0 1 0 0 2 8 7 26 12 18 43 57 54 33 35 19 8 7 16 9 4 1 1 0 0 0 0
0 0 0 0 2 1 1 8 3 2 2 4 25 29 49 36 17 6 6 11 18 16 10 26 45 44 41 40 40 42 54 52 49 48 42 49 42 51 27 9 9 5 4 3 3 2 2 1 1 1 1 1 1 1 0 0 0 0 0 0 0 0 0 0 0 0 0 0 0 1 1 1 1 2 6 8 24 43 29 51 55 55 48 35 18 22 10 11 8 3 2 1 0 0 0 0
0 0 0 0 1 1 1 3 1 0 1 6 2 3 15 48 20 8 7 6 18 12 17 22 11 20 45 64 59 63 55 59 60 64 60 50 48 48 51 39 12 7 6 6 5 3 1 1 3 1 2 2 1 0 1 0 0 0 0 0 0 0 0 0 0 0 0 1 1 2 1 1 1 3 16 7 5 38 77 51 64 54 41 27 16 9 2 6 6 3 1 0 0 0 0 0
0 0 0 0 0 1 2 1 1 9 17 17 8 8 12 6 6 3 11 15 14 37 21 22 43 29 12 29 34 65 68 66 75 79 65 48 61 66 62 40 15 13 9 11 9 7 3 6 2 1 0 0 0 0 0 0 0 0 0 0 0 0 0 0 0 0 0 1 2 3 2 4 2 5 15 23 9 36 58 47 39 24 13 6 6 8 3 3 3 1 1 1 1 0 0 0
0 0 0 0 0 1 0 0 2 4 0 1 6 21 15 9 9 15 7 22 39 22 22 39 27 44 26 9 9 48 37 71 85 70 68 66 49 51 55 48 34 31 18 8 12 13 4 4 2 1 1 1 0 1 0 0 0 0 0 0 0 0 0 0 0 0 0 2 2 5 4 7 3 5 17 35 33 28 58 28 16 9 12 7 5 2 1 2 4 3 1 1 1 1 0 0
0 0 0 0 1 0 0 1 0 3 1 2 5 7 4 4 15 35 13 30 19 28 34 35 29 43 40 24 20 15 20 14 52 60 49 45 34 47 36 17 13 7 6 4 5 10 4 3 2 2 1 1 0 0 0 0 0 0 0 0 0 0 0 0 0 1 1 2 2 4 13 7 9 5 8 33 36 67 32 18 22 11 9 8 8 3 3 3 2 1 1 1 2 1 0 0
0 0 0 1 0 0 3 0 1 2 4 22 7 4 2 15 14 30 32 13 10 19 15 25 27 26 38 34 51 50 28 39 41 28 14 24 27 29 15 15 6 5 2 3 3 3 2 3 1 1 1 1 1 0 0 0 0 0 0 0 0 0 0 0 0 1 0 1 1 1 5 19 27 5 5 25 22 58 21 28 13 10 5 8 8 6 5 1 2 1 2 2 1 0 0 0
0 0 0 0 0 2 0 0 0 1 8 20 6 3 13 18 42 19 31 14 14 19 20 30 36 39 67 57 28 23 18 19 41 45 31 22 33 33 23 16 15 10 16 10 4 3 3 3 2 1 0 0 0 0 0 0 0 0 0 0 0 0 0 0 0 0 1 2 2 1 2 5 15 21 11 18 54 42 32 19 8 14 11 6 2 5 6 3 5 4 2 1 0 0 0 0
0 0 2 0 1 2 0 0 1 2 4 2 6 7 12 20 36 13 24 14 21 20 23 28 72 73 69 43 60 65 55 35 52 50 40 35 39 47 30 23 26 16 9 7 6 4 6 7 2 1 1 1 1 1 1 0 0 0 0 0 0 0 0 0 0 1 2 3 3 2 1 3 10 27 36 24 64 42 39 37 25 12 14 14 9 7 10 6 3 5 4 1 1 1 0 0
0 0 0 0 1 0 0 1 2 6 8 9 11 8 16 23 43 29 10 25 19 31 33 42 56 73 78 60 34 44 46 40 27 27 35 26 24 30 26 42 42 18 18 14 17 11 8 7 4 2 2 2 1 1 1 0 0 0 0 0 0 0 0 0 1 1 5 5 2 3 3 5 8 8 9 59 64 41 30 27 16 17 27 18 16 17 14 13 7 4 1 1 1 1 0 0
0 1 0 1 0 0 1 1 9 25 43 12 4 10 21 13 15 12 8 15 21 28 37 61 53 32 58 58 47 62 65 50 25 16 17 18 29 36 41 36 21 21 40 30 30 16 7 3 2 2 1 1 1 1 0 0 0 0 0 0 0 0 0 0 1 3 4 5 4 7 7 7 24 31 30 41 61 47 24 26 25 32 24 11 14 15 12 6 8 2 1 1 1 1 0 0
0 1 0 1 0 1 7 17 33 24 54 48 11 8 29 17 15 2 6 8 8 9 15 43 15 24 41 64 65 69 84 48 62 41 22 13 24 62 44 43 42 7 8 3 4 7 3 4 2 2 1 1 1 1 0 0 0 0 0 0 0 0 0 0 2 6 4 4 3 19 36 8 33 55 66 54 39 37 30 18 22 18 18 26 16 13 6 4 4 3 2 2 1 1 0 0
0 0 0 2 0 1 1 3 4 14 6 4 13 12 23 23 23 11 12 11 11 10 25 31 7 6 9 40 42 33 43 77 54 66 58 51 44 39 33 32 38 29 18 18 14 6 6 9 4 3 2 1 1 0 0 0 0 0 0 0 0 0 1 1 2 5 5 5 4 5 21 45 24 51 66 66 49 30 39 28 38 36 18 11 15 11 6 4 4 7 4 3 1 0 0 0
1 0 2 1 0 1 3 6 12 12 9 19 16 12 23 22 31 12 6 22 26 18 24 46 15 3 16 9 22 31 13 20 59 49 56 54 29 9 8 8 18 17 13 16 22 19 8 3 5 4 2 2 2 1 0 1 0 0 0 0 0 0 1 3 6 10 5 4 16 14 10 12 50 65 51 68 47 46 63 56 15 12 11 13 10 7 10 5 6 2 2 1 0 0 0 0
0 0 2 0 1 1 2 2 5 6 10 16 8 12 15 12 20 2 6 9 7 38 33 50 33 14 16 22 31 22 24 10 8 16 17 14 12 11 10 6 4 6 5 6 14 11 5 8 6 4 3 2 2 1 1 1 1 0 0 0 0 1 1 5 9 10 6 11 14 34 23 24 19 23 45 52 65 57 35 33 27 34 26 27 17 11 14 9 3 1 1 1 0 0 0 0
0 1 0 0 0 0 1 1 3 5 6 10 11 11 14 29 20 5 7 6 15 40 46 41 18 3 18 36 26 38 39 15 42 46 45 36 31 24 22 8 6 6 22 26 23 10 10 7 7 7 4 2 2 2 1 1 1 0 0 0 0 1 4 6 7 16 8 14 17 15 61 41 35 29 17 60 44 62 48 43 42 54 42 30 18 23 12 6 2 1 1 1 0 0 0 0
2 0 0 0 0 0 1 1 3 4 5 9 31 38 39 50 35 11 5 5 31 40 45 33 18 37 9 35 35 44 28 46 45 28 30 30 23 21 8 15 30 36 15 15 9 12 8 6 8 6 6 4 2 2 1 1 0 0 0 0 0 0 2 8 25 20 10 19 17 15 17 39 57 17 13 25 70 78 72 57 49 43 38 39 26 13 12 5 7 2 1 1 0 0 0 1
0 0 0 0 0 0 0 1 1 7 13 12 31 49 46 16 8 4 2 18 30 32 41 49 49 20 26 29 25 23 31 69 32 30 34 34 32 17 23 25 47 35 29 25 21 19 15 10 14 8 8 4 3 2 1 1 0 0 0 0 0 0 2 5 17 15 26 32 24 45 48 56 58 29 31 45 66 59 60 49 44 36 31 30 18 13 11 10 10 5 1 1 0 1 1 2
0 0 0 0 0 0 1 1 2 12 15 24 24 79 26 14 19 12 7 22 24 26 28 15 15 12 46 14 31 24 49 34 46 54 39 37 35 34 41 33 23 37 34 38 30 29 18 20 13 5 4 3 2 3 2 1 1 0 0 0 0 1 2 5 13 14 14 28 51 39 64 58 62 33 58 56 63 60 41 38 38 34 21 14 12 10 9 7 4 4 3 2 1 1 3 2
0 0 0 0 0 1 1 1 3 10 17 19 6 27 11 3 14 16 27 19 21 35 31 15 12 29 18 27 41 62 64 54 50 49 38 39 50 46 48 42 44 56 50 29 23 33 28 22 10 7 5 4 2 2 1 2 1 0 0 0 0 1 2 6 10 14 13 18 42 70 67 64 57 82 66 47 35 38 44 41 35 32 29 21 11 15 6 9 4 3 3 2 1 2 3 2
0 0 0 0 0 1 0 0 7 5 14 10 4 2 1 3 14 15 11 19 21 16 16 35 32 14 17 45 63 28 23 23 45 41 47 53 53 49 46 45 49 54 36 33 41 31 31 26 9 8 6 4 3 1 1 2 1 1 0 0 0 1 4 9 14 15 14 15 19 27 44 51 58 67 19 43 39 37 30 30 24 22 18 27 18 16 10 9 5 3 3 1 1 3 3 4
0 0 0 1 1 0 0 1 5 9 15 10 10 17 13 6 2 5 5 24 31 18 59 55 19 24 32 45 28 29 29 34 39 34 47 53 55 52 43 67 53 38 34 41 16 25 35 30 21 14 3 3 2 3 2 1 1 1 1 0 0 0 1 7 12 15 46 29 35 39 40 27 41 61 49 54 53 36 35 31 32 24 27 23 17 5 5 3 4 6 3 1 2 7 7 8
0 0 0 1 0 0 0 3 8 20 19 4 6 14 15 14 6 2 7 28 23 57 39 19 23 46 31 28 28 31 37 34 25 36 42 62 43 41 58 52 43 60 61 25 38 33 27 26 15 6 4 5 5 4 3 2 2 1 1 0 0 0 3 5 10 25 47 69 39 51 44 30 34 69 76 41 44 51 48 29 24 26 32 21 10 4 8 6 4 2 1 0 4 8 9 10
0 0 2 1 1 1 6 8 16 29 3 4 6 2 1 4 8 3 13 26 23 24 9 19 39 13 11 24 29 32 50 38 28 36 49 54 51 65 69 62 43 35 33 41 33 32 19 18 12 9 7 9 8 3 3 3 2 1 1 0 0 1 2 7 13 22 43 63 60 62 49 52 58 71 46 42 37 35 41 44 28 54 31 13 13 15 9 5 2 1 1 2 5 9 10 13
0 1 0 0 4 0 1 6 12 7 1 3 7 7 8 10 19 12 28 13 10 8 5 20 17 21 26 36 46 38 33 25 29 34 59 43 76 71 69 38 27 24 29 40 43 34 26 23 20 14 12 10 5 2 2 1 1 1 1 1 0 1 3 9 21 27 28 35 60 76 70 35 41 72 44 49 66 61 55 61 50 33 23 21 19 16 5 4 2 1 1 5 8 11 8 15
1 0 0 0 0 0 1 3 5 3 1 4 6 12 14 15 8 14 23 31 27 21 3 19 25 39 40 43 29 19 29 30 34 40 74 41 25 17 17 32 34 48 58 57 51 39 27 24 13 18 8 6 8 3 3 2 1 1 1 1 1 3 6 10 26 28 27 19 40 67 70 49 56 70 46 30 50 71 68 64 57 25 26 24 17 14 5 3 4 2 5 7 4 15 16 19
0 0 0 0 0 0 1 1 8 13 1 6 7 3 6 4 7 33 20 13 16 20 19 16 40 30 32 35 23 27 42 40 29 75 29 22 50 53 51 48 60 64 56 57 55 50 35 26 16 14 12 9 8 6 4 3 3 1 1 1 2 5 12 35 36 34 28 38 49 58 73 47 46 61 74 54 55 53 66 65 46 43 25 24 18 11 5 1 2 5 7 4 8 11 30 21
0 0 0 0 1 0 1 5 3 6 14 8 3 2 4 7 9 12 19 26 15 22 11 18 36 36 28 31 35 32 36 42 50 36 12 38 43 50 59 83 59 56 63 62 58 49 31 22 15 11 12 10 9 4 5 3 3 3 2 2 3 10 11 27 34 32 32 46 55 50 79 74 54 71 68 56 60 60 55 48 50 32 21 16 15 7 3 1 2 9 4 8 13 16 35 21
0 0 0 0 0 0 0 0 1 7 4 1 2 4 6 4 19 7 8 32 53 22 7 12 49 33 43 35 27 26 57 83 52 11 23 53 42 71 75 67 63 71 66 44 45 40 34 28 15 15 12 11 10 9 6 5 5 4 2 3 3 5 10 15 36 57 45 66 71 62 57 59 56 66 75 74 56 49 38 35 34 26 18 18 13 6 2 1 6 9 11 22 30 24 28 22
0 0 0 1 1 0 3 6 4 3 3 6 3 4 2 26 12 14 16 32 21 9 21 32 7 38 34 22 54 47 68 46 15 24 59 30 55 47 58 78 79 58 45 72 58 33 35 32 25 21 17 13 11 10 8 7 6 3 3 4 5 13 8 12 15 40 66 72 72 73 81 82 57 70 57 49 34 39 49 50 29 28 16 18 11 2 1 6 6 11 20 30 27 18 29 31
0 0 0 1 0 0 1 1 0 2 4 5 2 1 1 24 8 3 4 6 7 13 32 13 8 22 16 21 63 58 47 12 19 33 54 73 50 58 72 74 71 59 61 29 40 32 39 45 30 24 21 18 14 12 10 9 4 2 6 11 8 17 17 19 22 40 50 79 64 64 46 70 55 39 39 49 58 43 36 33 27 16 22 13 3 2 5 7 13 13 17 24 40 32 35 32
0 0 1 0 0 0 1 0 1 2 3 1 2 4 8 30 8 9 7 6 31 11 19 4 21 33 21 46 72 41 23 17 24 30 71 72 69 60 62 63 60 64 49 36 39 65 46 39 32 42 25 20 18 15 12 9 5 3 10 14 28 36 26 32 28 41 60 65 75 62 54 45 52 60 52 66 50 47 37 34 19 19 8 4 2 5 10 14 14 26 27 20 21 32 30 25
0 0 0 0 0 0 0 1 1 1 1 7 1 6 20 10 7 3 19 23 16 20 9 18 52 19 25 58 48 34 32 27 49 58 74 60 63 62 54 39 39 58 66 56 62 50 50 46 52 33 29 35 11 15 12 6 3 11 18 20 45 46 35 51 38 27 40 76 77 39 76 54 51 61 61 58 52 49 43 25 16 16 5 6 5 11 14 20 18 22 32 23 24 35 40 31
0 1 0 0 0 1 1 2 1 1 1 3 2 15 1 4 10 10 16 28 11 9 14 19 31 24 30 56 29 21 36 30 61 61 56 57 46 55 48 52 59 60 60 74 55 53 49 62 42 39 47 28 24 18 9 9 4 11 33 33 39 59 47 61 60 40 45 56 84 40 41 77 75 58 55 54 61 46 48 39 20 12 4 4 6 13 20 28 35 36 37 37 27 33 50 42
0 0 0 0 0 2 6 0 0 1 4 1 10 3 5 8 7 3 2 15 7 16 23 25 26 40 37 9 22 32 43 51 60 62 24 19 55 45 54 46 49 58 64 72 70 53 70 42 61 57 34 31 27 23 13 10 6 13 36 48 46 64 47 51 69 46 65 41 73 48 51 72 50 65 62 54 48 46 63 30 21 5 3 6 14 16 25 33 26 19 26 50 23 27 44 61
0 0 0 0 0 1 0 2 1 3 1 2 6 2 2 4 2 3 1 3 4 12 24 23 22 37 18 15 30 25 35 16 41 27 16 37 26 31 39 60 64 65 69 71 60 42 61 67 58 45 42 33 29 26 22 12 13 16 42 65 68 67 61 50 66 65 33 41 84 49 68 63 58 58 51 41 54 23 19 18 6 3 6 16 18 24 33 38 21 25 38 23 15 18 30 61
0 0 0 1 1 1 1 1 1 2 1 3 3 5 5 13 9 1 2 1 2 15 14 8 20 26 18 41 42 43 62 51 41 25 15 16 33 32 36 33 40 64 50 56 64 34 27 27 43 41 49 39 34 27 16 9 19 30 45 58 82 75 55 56 61 64 63 29 70 19 27 40 48 55 54 54 53 46 31 24 8 5 9 18 20 43 51 41 30 31 38 40 33 19 29 49
0 0 3 2 2 2 2 1 1 1 2 4 11 5 8 8 15 5 8 5 18 24 13 22 33 22 21 4 5 21 47 15 19 10 18 25 16 24 24 27 60 53 42 56 35 39 39 50 48 59 45 43 39 20 19 11 21 33 51 62 73 56 58 65 71 46 44 53 67 35 37 31 29 20 35 44 38 36 18 13 6 10 19 21 26 51 45 21 34 45 29 45 24 27 33 56
1 1 0 1 1 1 0 1 1 2 2 7 14 15 10 17 13 3 9 18 24 11 11 26 22 16 4 11 11 26 23 11 8 27 31 27 35 29 32 47 39 49 65 40 43 43 58 53 61 47 45 43 41 22 9 23 28 61 56 64 66 71 60 72 74 56 38 65 54 36 45 59 54 57 57 48 35 13 9 4 7 21 21 24 32 58 58 21 24 46 32 51 30 30 36 70
0 0 2 1 2 3 1 4 1 1 7 5 11 11 1 3 1 2 7 25 20 11 20 8 25 32 6 9 13 35 13 9 14 30 50 26 27 34 43 21 57 52 38 52 45 59 59 69 66 54 62 43 29 27 16 28 36 56 74 60 64 74 58 49 71 73 40 50 60 62 64 47 46 46 34 37 27 14 5 14 14 25 30 47 40 58 63 35 34 38 21 55 33 35 38 54
3 7 5 15 17 9 5 7 6 4 8 4 4 4 11 3 2 5 14 16 16 11 16 5 10 9 6 12 14 28 11 16 56 35 20 18 25 31 32 47 70 57 62 40 52 70 71 57 55 71 57 36 32 29 18 44 62 56 61 75 66 74 79 55 83 82 46 56 57 60 46 44 58 44 40 23 24 19 12 27 30 30 37 51 41 47 56 49 53 35 35 60 34 37 33 49
9 15 20 6 13 33 12 5 2 4 0 1 3 4 5 3 2 18 28 13 7 14 8 8 19 29 6 6 11 22 25 53 19 10 22 24 13 10 40 43 52 33 69 58 63 74 45 55 69 61 45 40 35 33 31 52 64 64 65 76 65 71 77 73 70 77 57 27 45 70 49 53 53 53 40 40 37 31 21 31 34 47 43 52 41 37 51 50 47 43 40 59 36 29 40 46
2 5 9 2 1 6 12 12 0 0 1 2 5 8 6 5 8 9 4 8 4 6 20 5 27 35 10 8 25 31 40 48 23 25 28 6 7 11 22 43 38 50 64 66 65 60 61 59 61 58 46 42 37 37 41 47 61 77 65 65 83 63 73 78 65 47 23 18 13 36 47 59 54 48 39 35 26 12 21 32 36 50 47 55 40 55 67 67 53 49 39 47 54 18 43 51
3 2 1 4 2 0 0 0 0 2 4 0 1 3 7 5 6 14 2 6 2 6 5 8 26 15 4 6 10 19 11 14 27 20 16 19 12 5 52 22 34 23 59 48 70 55 57 44 62 60 41 41 38 38 44 66 63 77 77 76 74 74 67 71 29 27 46 59 43 47 45 45 47 32 28 22 10 21 36 35 38 54 58 39 53 54 65 67 54 51 39 48 55 25 29 61
2 1 7 1 1 1 0 2 1 1 2 1 1 5 1 2 6 2 5 6 4 19 22 17 28 11 4 5 7 7 7 30 27 18 27 20 28 8 41 31 7 28 60 56 65 57 58 68 61 55 49 42 41 62 62 59 65 66 76 59 73 75 55 49 47 40 50 65 50 36 60 57 66 59 42 12 21 24 36 51 58 45 59 44 57 70 67 64 52 52 42 42 58 50 25 43
0 3 1 3 3 1 0 3 1 2 2 0 1 2 1 3 5 15 3 8 27 10 18 21 37 21 5 8 6 19 25 16 19 44 18 27 28 15 69 40 14 38 22 60 55 47 63 43 57 52 44 46 41 60 74 63 63 61 73 80 61 67 65 45 46 32 37 37 39 31 55 59 63 69 29 19 24 38 36 58 59 57 56 59 43 67 70 69 58 60 27 48 47 43 37 28
1 2 0 0 0 1 2 4 1 1 2 0 3 2 2 6 2 10 2 5 9 29 15 28 14 4 1 1 2 16 24 9 14 23 31 45 20 24 46 51 30 38 21 62 49 40 47 38 55 51 57 42 42 54 61 86 53 60 58 52 69 45 46 41 28 30 44 38 43 37 57 57 34 46 20 19 40 42 40 44 59 57 57 55 58 70 68 78 65 50 37 54 56 30 37 25
1 1 1 1 1 3 1 1 0 1 1 1 1 1 5 5 3 4 4 2 2 2 3 4 3 3 3 1 8 6 19 22 30 22 29 33 17 16 19 67 40 46 40 52 20 52 40 54 58 40 54 42 45 40 64 67 73 62 55 35 54 34 26 43 31 31 44 36 52 43 48 46 34 21 26 41 43 44 44 40 47 60 70 61 57 72 75 74 72 45 34 66 47 48 37 21
1 2 1 1 1 1 1 0 0 2 0 1 1 0 4 3 2 3 8 4 4 5 7 9 9 18 9 4 2 3 9 19 26 25 28 24 23 18 10 43 72 62 39 25 23 32 34 52 40 21 50 40 42 37 50 75 60 68 47 23 31 9 11 13 17 19 33 51 52 54 56 37 21 22 47 45 50 64 59 48 42 56 57 66 70 83 60 80 59 43 38 70 50 61 27 23
0 0 1 1 6 1 0 0 1 0 1 1 1 1 3 1 2 3 1 1 2 4 3 17 27 2 5 2 3 1 2 6 7 25 17 8 26 16 17 27 77 63 30 18 24 34 57 26 40 19 32 46 39 58 59 55 48 47 57 25 28 17 22 10 29 46 44 44 45 35 40 34 15 27 41 43 62 55 51 37 43 27 58 68 68 57 75 73 70 53 37 63 48 56 47 20
0 0 1 0 2 1 1 0 1 0 2 1 0 3 3 3 5 1 3 1 9 7 11 6 6 6 14 7 3 2 9 11 4 11 10 10 29 3 3 26 44 56 37 26 18 68 43 25 20 34 49 48 34 53 72 53 70 32 49 44 25 26 25 14 27 24 27 32 47 46 22 21 27 41 39 43 39 44 36 14 35 39 54 58 65 69 78 73 36 58 29 58 70 34 18 30
0 0 1 0 1 1 1 0 1 1 1 1 3 2 3 3 1 1 3 1 1 2 2 6 10 32 6 3 4 3 15 11 12 16 12 14 16 6 12 18 37 42 47 36 30 76 36 38 25 32 44 37 43 69 76 56 67 37 33 32 23 9 9 41 37 36 39 32 49 24 23 26 42 39 37 40 51 56 44 34 40 54 58 71 71 70 67 80 37 53 39 38 67 18 16 24
0 0 0 0 0 0 1 4 0 1 3 6 1 1 1 3 2 1 2 4 2 2 8 15 21 5 4 9 2 3 6 18 17 28 22 26 22 17 16 24 36 52 42 42 24 39 36 51 36 18 20 44 57 59 66 59 54 37 23 30 20 7 16 22 36 47 43 33 35 37 41 39 37 42 53 25 32 56 43 33 47 49 48 69 61 61 44 58 56 48 71 36 51 25 23 27
0 0 0 1 0 1 1 1 1 4 5 3 1 0 1 1 0 1 1 1 2 3 25 13 7 12 17 29 14 14 4 21 22 40 20 35 17 34 32 24 21 25 40 53 14 42 46 53 38 31 38 54 48 44 54 34 35 40 21 15 6 17 17 18 22 33 27 50 58 42 42 38 36 54 41 21 26 57 54 37 39 48 45 44 67 66 27 38 55 71 50 45 29 21 31 45
0 0 0 0 0 1 0 1 2 0 1 2 1 0 2 0 1 0 1 1 3 8 4 22 17 6 4 11 14 27 13 13 20 15 17 49 9 16 20 13 19 46 64 28 18 19 59 39 53 29 37 51 49 32 36 53 37 28 13 10 10 11 25 20 25 34 44 46 60 43 38 34 50 48 59 40 26 42 57 56 47 33 39 29 28 63 49 10 51 40 60 37 37 28 17 29
0 0 0 0 0 0 0 1 1 1 2 1 1 0 2 1 1 1 1 2 3 7 4 7 10 8 9 12 32 15 28 22 20 13 26 25 9 6 24 15 23 33 28 28 26 43 55 42 30 22 29 41 33 29 37 23 23 18 7 8 10 18 14 15 19 33 45 49 69 39 38 37 43 45 45 32 30 41 45 62 47 39 38 18 15 28 45 41 14 48 36 41 33 23 13 14
0 0 0 0 0 0 0 1 0 0 0 1 1 0 2 0 0 0 1 1 3 2 3 9 5 9 5 13 16 16 11 23 7 20 17 14 9 13 16 13 16 38 18 33 24 36 39 18 15 14 14 21 47 37 15 18 11 9 4 2 8 5 8 8 23 24 44 55 39 31 33 32 47 43 24 27 42 45 28 62 47 46 35 14 17 22 17 17 25 25 20 15 12 15 9 60
0 0 0 0 0 0 0 0 0 0 1 0 0 1 3 0 0 1 3 1 1 2 2 4 5 7 3 8 3 5 2 6 6 10 17 6 9 15 10 7 5 33 25 34 23 63 15 16 13 33 15 32 34 43 38 17 10 7 5 5 12 3 5 17 22 43 57 38 33 33 30 27 40 61 37 26 19 34 24 37 45 42 46 13 13 10 16 5 8 20 19 11 10 15 6 34
