sesion_6_simulaciones/modelos_agentes/ejemplos_netlogo/scenarios/cgcm2_a2/rob_2087.asc
NCOLS 322 
NROWS 307 
XLLCORNER 451900 
YLLCORNER 4086900 
CELLSIZE 100 
NODATA_value -9999 
[rows 219 to 291 of 307, columns 192 to 287 of 322]
30 34 19 16 17 16 16 19 10 8 6 4 3 1 1 0 0 1 2 6 5 4 9 10 5 3 4 8 10 9 11 17 33 42 64 55 29 39 27 16 21 18 15 11 7 4 2 7 5 2 3 2 2 2 0 4 2 0 1 2 5 12 14 43 43 52 58 27 15 16 58 75 91 72 29 18 10 3 1 0 0 1 1 3 2 3 7 7 10 13 17 30 23 32 42 34
41 26 27 50 42 30 22 20 13 6 4 3 2 1 0 0 0 2 4 9 17 6 8 13 16 10 6 15 14 17 20 13 33 39 50 30 46 29 25 17 22 23 10 14 6 3 2 1 2 1 3 2 1 1 1 1 0 1 0 4 14 24 26 67 75 62 69 88 70 47 48 66 81 69 66 33 20 3 0 0 1 1 1 2 5 5 6 10 14 13 19 22 35 30 32 54
17 8 5 34 25 17 18 8 4 3 3 3 1 1 0 0 1 3 7 7 21 28 21 20 17 13 15 16 19 19 18 22 22 36 32 25 18 23 23 17 30 19 20 22 8 6 4 2 2 1 3 1 0 0 1 2 0 0 2 3 7 9 7 42 75 64 71 84 92 77 38 27 23 39 48 6 2 1 1 1 1 1 2 3 3 4 3 6 7 13 26 20 22 23 38 43
10 11 9 5 28 21 15 10 5 3 1 2 1 1 1 1 2 3 4 5 10 25 52 40 26 29 19 20 35 38 20 25 49 37 28 16 21 31 23 22 19 12 13 23 7 7 7 2 2 3 2 2 0 0 0 0 0 2 7 7 6 8 16 14 56 83 77 71 82 86 63 55 38 16 14 3 2 1 1 2 4 2 3 3 3 4 4 3 7 11 23 25 31 29 31 23
31 38 32 26 16 11 12 12 5 3 2 1 0 0 0 2 3 3 3 9 15 35 50 58 32 37 38 29 41 42 27 30 40 39 35 16 24 20 19 17 16 11 15 25 10 5 7 3 3 2 1 0 1 0 0 0 0 1 2 3 3 9 18 21 44 76 73 67 81 85 67 49 38 20 6 3 5 4 3 3 4 2 3 3 5 8 7 6 6 15 19 19 29 32 36 36
36 32 38 29 24 18 16 10 8 3 2 0 0 0 1 4 5 10 6 12 18 43 50 66 53 40 37 43 40 56 47 30 31 30 31 17 27 8 18 14 9 11 13 27 28 5 8 5 2 1 1 1 1 0 0 0 1 2 1 4 6 12 23 35 25 36 11 8 19 75 83 58 32 9 8 9 7 4 4 3 6 4 2 3 3 7 9 11 13 11 19 30 29 33 35 55
23 21 24 18 15 11 9 8 7 4 2 1 0 0 1 6 12 15 14 14 19 25 40 54 59 55 43 42 36 52 69 47 29 30 15 16 17 15 25 11 7 7 11 13 19 16 3 4 1 1 0 0 1 0 0 0 0 1 1 4 10 17 42 34 23 28 19 27 13 23 65 47 23 23 14 19 16 7 5 2 4 6 7 2 3 4 5 10 15 12 16 33 34 30 38 45
24 23 22 12 5 6 9 8 3 1 1 1 0 1 4 10 10 20 25 30 19 27 45 41 56 74 52 44 45 31 42 50 22 29 21 23 24 20 12 11 6 7 7 7 8 10 4 8 3 0 2 1 0 0 0 0 1 1 2 5 19 29 29 22 18 21 30 47 31 28 35 15 22 21 26 22 12 9 6 3 9 9 7 1 5 5 10 4 7 11 14 13 30 36 30 39
20 32 27 25 19 15 9 6 5 2 0 0 0 1 10 11 18 13 27 44 42 47 43 41 48 67 77 44 57 32 33 42 28 17 32 29 19 15 14 12 3 5 4 6 10 9 9 11 8 1 1 1 0 0 0 0 1 1 3 12 25 33 19 13 38 33 43 46 35 37 22 17 24 34 31 29 25 20 10 4 7 10 11 4 7 5 5 5 6 8 11 17 18 18 35 42
31 22 19 14 12 6 4 3 2 2 0 0 1 4 13 10 8 19 37 47 56 70 72 53 51 50 74 31 50 26 25 41 14 14 26 26 26 20 14 12 7 7 5 4 11 12 7 10 4 3 1 1 0 0 1 2 2 4 9 23 15 10 12 24 57 53 37 30 33 27 32 29 41 39 50 36 31 23 5 2 5 17 15 9 14 9 6 12 8 12 18 21 21 22 21 40
35 27 16 11 8 8 4 3 2 1 0 0 1 6 6 7 6 14 21 35 35 59 69 76 56 42 54 50 58 24 42 21 11 11 16 28 24 27 10 10 10 11 6 5 8 10 10 5 2 1 1 1 0 1 1 1 3 2 8 2 5 18 24 56 54 37 29 26 39 47 48 46 48 57 34 28 24 16 8 1 1 18 26 16 10 14 17 17 8 10 15 20 35 33 36 41
15 19 16 4 4 4 6 3 2 0 0 1 3 6 8 11 25 10 18 29 47 51 62 53 63 52 56 61 45 21 31 13 10 27 15 24 22 14 11 15 17 15 5 6 18 11 12 4 4 1 1 0 0 0 0 0 14 5 2 6 13 18 31 33 20 20 23 29 27 39 61 66 58 31 14 14 12 8 1 0 3 5 25 15 13 14 31 40 13 10 12 25 25 22 34 40
6 5 11 6 9 8 5 2 1 0 0 1 3 9 17 26 19 18 31 42 41 48 61 62 46 44 47 39 37 38 47 17 11 17 23 15 19 14 12 12 13 7 9 5 5 7 9 5 3 1 0 0 0 0 1 1 0 36 24 11 8 4 14 14 25 25 21 17 13 44 79 67 44 28 18 9 6 3 1 2 3 8 16 13 25 14 24 27 39 12 14 27 25 33 26 38
9 3 1 6 8 6 3 2 1 1 0 1 7 12 24 22 16 24 38 37 34 60 66 60 41 38 43 29 46 59 23 16 16 27 13 20 18 16 14 13 11 9 18 3 7 8 7 3 1 0 1 0 0 1 1 5 3 4 9 12 6 17 9 13 13 25 24 11 26 44 57 40 41 40 18 7 3 3 3 10 6 8 7 34 30 10 8 13 49 13 14 27 28 27 21 26
6 6 5 4 8 6 2 1 1 0 0 1 3 6 13 17 28 36 45 64 43 37 65 47 56 35 37 35 7 51 23 18 13 22 18 11 12 17 13 12 12 8 20 4 4 19 6 3 2 1 1 0 0 3 4 1 6 8 4 2 7 4 8 14 14 18 13 45 40 22 46 34 32 31 22 5 4 6 5 6 11 14 9 16 20 23 12 23 32 31 26 16 19 41 29 26
13 10 11 5 5 2 1 0 0 0 1 1 1 4 9 9 21 26 46 58 62 66 70 45 53 45 43 30 31 26 41 17 11 14 13 5 6 13 15 17 10 4 10 12 2 6 4 8 2 1 1 1 1 2 1 2 1 2 3 9 7 10 10 21 10 13 34 15 14 32 37 34 33 13 4 3 7 5 12 8 11 11 16 20 32 38 14 16 30 32 57 33 13 20 45 33
3 11 6 4 2 1 1 0 0 1 1 1 2 2 8 9 14 29 44 50 63 47 52 12 22 42 49 7 6 12 29 7 10 34 11 9 13 16 7 2 5 2 9 10 2 6 7 2 0 1 1 1 1 1 1 1 3 5 19 9 4 7 21 37 25 23 46 49 49 43 36 32 17 9 3 5 13 8 22 9 12 13 18 18 33 27 46 17 30 19 8 37 17 17 21 29
7 6 7 4 1 1 0 0 1 1 2 3 3 2 3 6 17 18 35 46 47 26 21 38 29 24 13 12 26 12 18 13 13 13 16 13 11 9 10 4 6 5 5 10 1 3 4 2 1 0 0 1 1 1 0 1 3 2 3 6 8 18 27 35 43 47 36 34 51 48 72 47 23 12 4 1 4 18 16 9 15 16 22 12 19 29 27 45 36 32 20 44 25 5 16 14
11 6 5 3 2 0 1 1 2 2 2 4 4 5 3 3 14 21 22 23 28 55 48 37 38 36 23 15 15 16 11 9 12 10 5 8 7 8 10 3 9 6 3 8 1 2 3 1 2 1 0 0 1 1 1 1 2 2 7 5 17 15 18 65 75 41 41 31 69 41 36 34 11 9 9 9 9 21 21 19 27 18 18 19 20 14 25 47 61 65 18 17 31 15 22 34
6 5 3 1 0 1 1 1 2 2 5 7 6 6 5 4 5 9 15 25 35 37 43 27 16 23 28 14 18 9 12 12 8 18 5 9 5 10 4 6 2 4 2 5 1 1 1 1 1 1 1 0 1 0 1 0 0 2 4 5 10 10 31 55 60 77 47 28 21 29 24 8 4 11 18 19 11 12 28 26 39 21 21 20 23 22 13 10 12 26 47 45 30 20 21 28
5 3 1 1 1 1 1 1 1 3 5 9 11 12 7 7 17 13 11 31 43 54 35 40 32 36 20 13 15 11 5 5 11 4 3 20 2 5 3 2 3 3 8 5 1 2 2 3 1 0 0 0 0 1 0 0 1 6 9 32 37 31 23 34 42 26 46 53 36 24 11 3 6 22 14 30 12 14 28 40 31 40 25 23 23 20 28 18 16 22 39 36 25 61 20 34
4 3 2 0 0 1 1 2 2 5 7 11 12 12 14 8 23 20 20 16 27 15 21 21 17 27 14 8 15 10 10 8 3 2 1 5 2 6 1 2 2 1 7 4 3 1 4 1 1 1 0 1 0 1 1 2 2 1 7 12 21 20 11 20 37 33 49 30 40 27 18 3 12 15 17 28 34 15 17 27 32 46 29 39 27 14 19 28 9 4 10 9 10 35 45 29
4 2 1 1 1 3 3 3 4 8 8 12 13 15 27 17 24 33 22 39 47 42 51 46 41 29 22 28 24 12 35 29 19 5 7 4 6 4 1 1 1 1 0 3 1 1 1 1 1 0 1 2 4 6 27 14 15 12 18 13 21 24 30 43 37 36 41 36 37 23 8 3 13 18 30 27 32 24 26 39 29 50 32 44 29 17 18 28 37 12 20 20 11 8 8 12
6 3 2 2 4 4 5 8 5 5 9 14 10 24 30 20 9 14 44 54 62 49 53 58 55 53 50 50 66 56 16 13 8 4 1 1 2 2 3 1 1 0 0 2 1 0 0 1 0 1 0 0 0 0 1 5 36 38 18 23 24 24 12 44 35 30 35 35 13 10 4 5 17 22 14 23 29 38 30 39 26 17 46 44 33 17 20 35 30 16 20 27 21 33 37 42
6 3 2 5 5 5 9 9 10 9 5 7 20 22 19 35 8 9 17 25 46 59 30 48 54 64 51 31 4 12 22 9 4 3 4 4 3 1 2 1 1 0 0 1 1 1 0 0 0 0 0 0 0 0 1 1 4 18 43 66 75 25 24 19 20 27 31 37 34 12 6 14 29 27 23 29 56 42 42 39 38 17 25 56 39 17 18 24 25 18 25 15 27 29 41 46
1 2 5 6 6 10 11 12 11 11 6 9 14 19 15 26 17 7 17 24 34 41 23 48 27 21 14 8 6 6 11 6 5 6 4 2 2 4 2 0 1 1 0 0 0 0 0 0 0 0 1 0 1 2 2 4 8 22 18 15 27 63 47 34 34 38 48 36 29 12 9 29 31 40 39 27 46 49 38 30 27 25 10 40 53 27 28 13 33 18 30 28 18 32 28 21
3 4 7 7 13 13 13 15 14 14 8 11 13 16 24 13 37 6 8 8 16 12 23 21 24 29 19 20 21 11 21 6 5 8 5 3 2 1 0 0 1 1 9 1 0 0 0 0 0 0 1 2 1 3 8 5 6 7 11 8 10 23 49 46 41 32 41 34 19 6 15 31 28 35 39 38 28 54 40 51 27 40 28 28 66 30 41 21 34 25 27 40 25 26 20 27
2 6 8 10 14 15 15 16 16 16 10 11 14 22 33 24 23 10 8 18 11 10 24 22 26 27 26 19 16 25 21 17 12 20 3 2 2 2 2 1 2 2 0 0 2 0 0 0 0 3 6 0 2 2 3 5 13 15 22 14 14 17 18 24 32 29 24 30 19 12 18 31 29 40 33 30 28 38 46 54 37 25 40 25 68 19 22 30 19 39 25 26 25 18 19 19
4 9 16 11 15 9 12 18 29 27 10 7 16 13 40 67 10 10 8 28 27 26 19 20 25 19 25 12 14 18 16 11 8 7 6 5 3 3 3 1 0 0 0 0 0 1 0 0 4 10 0 0 1 6 5 6 9 15 11 11 22 16 21 15 18 19 21 17 13 15 27 32 29 29 30 28 32 36 47 37 34 30 36 41 64 18 23 25 15 41 25 12 33 12 6 13
9 10 13 20 18 12 17 20 34 32 12 6 11 21 33 34 12 15 10 22 31 27 24 13 17 9 19 20 16 18 10 8 9 7 6 4 3 2 1 1 1 0 0 0 0 0 0 1 0 1 0 1 1 1 3 44 16 21 18 22 18 17 16 16 15 17 18 12 11 13 23 27 18 29 26 38 49 28 30 52 38 41 40 40 57 33 38 15 37 37 9 17 34 9 12 15
12 14 13 33 21 12 14 24 35 49 16 10 19 21 34 47 25 19 17 30 34 48 24 27 25 8 16 13 14 11 17 6 9 7 5 2 2 1 1 1 1 1 1 0 0 1 1 0 0 0 1 2 3 4 9 5 11 15 28 29 24 18 17 19 18 19 18 10 5 21 26 27 32 29 45 35 32 39 25 20 38 40 26 44 22 81 40 12 23 36 6 16 14 23 13 17
15 25 15 40 22 14 15 27 31 42 10 10 19 21 33 36 41 6 29 32 32 46 27 26 24 31 15 14 7 6 6 12 19 8 2 5 1 3 1 1 1 1 0 0 0 0 0 0 0 1 1 1 4 5 15 3 3 4 5 15 14 20 20 27 26 27 25 14 6 22 22 21 31 35 43 16 28 20 41 14 20 20 26 13 41 72 22 13 50 13 7 15 12 26 22 20
13 16 27 28 26 26 15 20 36 54 11 19 22 32 27 49 11 9 29 30 39 44 45 23 41 22 22 18 10 9 6 22 30 8 8 3 2 3 1 1 1 0 0 0 0 0 0 0 0 1 1 1 4 10 9 3 8 15 15 21 21 23 27 36 33 39 29 14 6 24 24 22 43 27 33 42 37 24 12 27 14 21 25 24 19 43 37 23 33 13 11 18 9 11 5 38
7 10 30 31 29 26 17 21 33 42 13 21 32 50 52 29 8 9 28 28 28 47 36 38 22 20 34 20 18 14 15 17 22 14 7 7 5 2 4 1 0 1 0 0 0 0 0 0 0 0 1 2 3 4 12 10 12 19 20 26 34 41 32 32 26 19 25 8 11 26 31 26 41 39 26 25 34 23 23 6 37 7 12 34 42 45 51 67 24 11 18 14 18 20 13 38
14 17 35 39 46 30 19 23 38 42 11 14 36 54 38 12 8 19 27 25 38 37 34 33 31 21 26 20 29 24 25 12 5 5 6 5 4 1 2 1 1 1 0 0 0 0 0 0 0 0 0 1 3 8 7 8 17 27 32 20 43 25 13 21 29 24 14 10 10 21 41 25 35 38 39 27 39 19 26 16 12 29 11 4 7 24 43 54 17 30 20 15 14 29 9 10
14 20 22 30 63 39 20 24 32 40 11 12 35 53 24 12 9 22 32 27 24 26 30 26 50 16 19 18 14 24 22 12 12 7 5 2 3 2 2 1 1 0 0 0 1 0 0 0 0 0 0 1 3 2 11 22 8 15 10 13 11 13 26 32 20 23 22 8 14 12 42 27 26 25 29 31 26 21 9 17 9 28 14 10 5 5 18 35 27 52 21 19 13 31 6 8
17 32 23 21 32 56 22 28 46 15 13 15 23 60 33 14 8 28 31 27 35 42 32 43 33 24 12 14 24 18 7 19 26 12 3 3 2 2 2 1 0 1 0 0 0 0 0 0 0 0 1 1 1 4 10 8 20 10 16 19 18 18 19 19 23 24 15 10 10 17 17 40 22 19 23 24 32 29 16 31 9 9 16 11 8 7 8 20 29 31 17 19 14 19 8 13
19 23 40 32 16 40 12 36 64 16 16 29 38 51 19 20 3 15 35 30 43 28 31 40 36 26 22 6 4 5 7 5 6 2 1 2 3 1 1 2 1 0 0 0 0 0 0 0 0 1 1 1 2 4 12 15 24 17 15 27 18 25 31 21 25 27 13 11 12 28 27 26 42 17 19 19 40 26 17 15 18 8 6 27 13 7 10 10 26 19 28 17 13 9 14 6
20 26 41 47 24 55 13 28 63 29 16 42 45 31 16 5 5 11 18 31 42 39 24 24 23 44 21 6 9 5 6 5 6 3 2 1 2 2 2 1 1 0 0 0 0 0 0 0 0 0 1 1 1 3 4 5 7 21 24 20 28 15 19 22 19 23 22 5 14 28 28 24 35 9 23 20 20 28 36 31 26 11 7 7 16 7 6 14 26 58 41 14 8 7 13 5
19 21 25 51 23 48 23 24 34 39 19 44 41 13 5 8 14 22 29 36 27 28 31 13 20 20 33 9 5 5 8 7 6 4 3 3 1 1 1 0 0 0 0 0 0 0 0 0 0 0 0 1 10 6 4 19 19 45 24 16 25 27 30 32 32 22 20 12 16 30 22 33 49 14 14 28 19 32 22 18 35 8 12 12 35 7 4 6 6 25 29 12 11 4 24 11
15 17 14 32 53 27 38 17 45 18 46 24 13 5 15 13 20 15 49 46 18 22 23 20 10 13 32 26 8 8 4 6 4 2 1 1 1 1 0 0 0 0 0 0 0 0 0 0 0 0 0 1 1 3 9 13 10 33 12 12 16 21 26 26 17 16 12 21 21 25 27 32 7 20 22 27 22 13 21 16 53 10 11 7 12 18 10 11 13 14 30 8 19 5 9 16
31 20 15 22 28 36 41 21 55 43 29 9 6 13 16 23 25 15 15 15 25 25 22 29 22 12 8 3 8 13 3 5 2 2 2 2 2 1 1 0 0 0 0 0 0 0 0 0 0 0 1 1 2 2 5 7 11 17 11 3 10 16 21 19 13 10 10 20 20 22 24 36 9 9 4 8 22 26 50 8 39 18 10 12 6 5 24 7 11 14 9 23 4 6 9 14
22 29 22 16 14 25 47 24 26 11 8 3 8 15 26 31 29 10 15 14 22 23 13 4 8 4 5 15 2 4 6 10 4 5 1 2 1 1 1 0 0 0 0 0 0 0 0 0 0 0 1 1 1 2 3 6 7 18 12 14 23 19 21 13 19 19 11 20 20 21 17 30 8 15 8 11 11 7 23 10 8 22 9 13 6 13 16 3 9 14 20 13 3 5 4 5
21 29 22 26 33 37 40 25 30 7 10 9 12 24 23 26 35 17 19 19 21 21 11 7 6 8 6 3 3 8 2 3 3 12 2 3 1 0 0 0 0 0 0 0 0 0 0 0 0 0 1 0 1 2 5 2 8 27 34 30 23 17 20 20 18 15 17 24 17 17 17 23 10 17 14 11 15 13 14 26 5 22 8 19 4 4 14 2 4 5 16 10 2 4 5 14
20 31 26 27 32 45 41 8 5 3 11 10 19 22 22 32 18 38 26 16 17 15 13 15 13 11 8 3 4 10 2 3 1 1 1 2 2 1 1 1 1 0 0 0 0 0 0 0 0 0 1 0 1 2 3 5 11 49 12 15 25 15 20 16 14 14 22 29 14 15 17 16 14 15 20 11 14 13 12 10 14 40 11 14 9 2 23 6 3 2 9 13 4 5 3 1
16 36 31 27 57 56 7 6 8 10 22 16 16 22 20 34 10 16 43 9 17 11 6 9 15 11 4 5 6 7 13 2 1 1 1 0 0 0 0 1 1 0 0 0 0 0 0 0 0 0 0 0 1 2 5 7 10 20 15 10 21 18 13 4 16 8 9 32 14 14 21 14 21 12 17 14 12 13 10 7 14 4 20 16 13 3 5 4 2 2 2 14 3 5 6 5
18 25 50 41 63 8 9 7 9 19 19 21 27 39 8 42 8 14 16 35 8 21 5 4 7 13 12 8 6 3 1 3 1 1 1 0 0 0 0 0 0 0 0 0 0 0 0 0 0 0 0 0 0 1 3 9 4 13 34 26 10 9 7 3 21 12 12 32 17 11 22 13 29 16 15 17 9 9 14 7 5 3 13 7 11 3 1 10 2 2 3 9 5 5 2 3
10 24 48 77 31 4 8 14 18 18 30 37 13 19 9 10 21 7 14 14 7 13 7 6 6 9 6 14 5 6 5 3 3 2 1 1 0 0 0 0 0 0 0 0 0 0 0 0 0 0 0 0 0 1 4 6 20 12 12 25 11 7 2 6 10 24 12 12 18 10 16 10 22 17 9 16 14 7 7 12 10 2 3 11 15 3 1 6 3 2 3 1 10 5 2 17
10 29 59 43 4 5 16 15 11 31 20 49 9 20 9 8 13 46 6 17 20 11 16 5 5 9 11 6 5 9 4 3 6 1 1 1 0 1 0 0 0 0 0 0 0 0 0 0 0 0 0 1 1 1 2 5 9 10 12 12 12 7 3 9 7 12 10 10 19 9 10 14 9 20 7 9 24 7 7 8 12 2 5 4 8 3 1 3 4 2 2 1 1 3 2 2
9 27 44 15 6 10 14 15 9 19 8 40 9 24 23 6 19 44 4 18 31 5 24 4 4 10 11 9 2 2 10 1 1 2 3 1 0 0 0 0 0 0 0 0 0 0 0 0 0 0 0 0 0 1 1 2 5 9 7 19 11 6 6 9 13 16 6 7 15 14 7 6 4 12 6 7 9 8 6 4 2 2 5 2 6 2 2 1 3 5 1 1 3 2 6 0
8 30 23 16 6 8 18 28 6 10 10 26 6 13 34 9 14 41 6 6 12 9 14 5 4 4 4 8 6 4 1 1 1 0 0 2 1 0 0 0 0 0 0 0 0 0 0 0 0 1 0 1 1 1 1 2 2 4 8 6 4 9 8 9 8 12 12 8 9 11 4 7 4 7 8 6 8 3 2 5 2 2 2 2 8 7 2 1 2 3 0 1 3 4 3 1
21 22 32 8 6 9 10 15 6 10 10 12 12 6 25 5 4 26 6 4 4 3 22 9 3 3 3 3 3 2 4 2 0 1 0 0 1 0 0 0 0 0 0 0 0 0 0 0 0 1 1 0 1 0 1 2 6 15 9 4 2 7 8 7 8 7 27 5 8 12 3 5 6 7 14 1 5 5 2 2 3 1 1 1 2 9 1 1 1 3 1 1 1 8 20 7
53 25 5 5 9 9 9 12 5 21 10 4 12 5 37 4 4 12 7 3 4 7 14 5 2 3 2 6 5 3 1 1 1 1 0 0 0 1 0 0 0 0 0 0 0 0 0 0 0 0 1 1 1 1 1 3 5 13 12 4 2 14 6 4 6 6 13 6 3 13 5 2 3 12 7 2 2 2 6 1 2 4 2 1 9 4 0 2 0 7 2 1 0 0 1 1
5 2 5 4 7 9 14 15 9 15 7 4 32 3 4 14 5 16 7 2 3 5 5 14 3 4 2 4 4 3 1 1 1 2 0 0 0 2 0 0 0 0 0 0 0 0 0 0 0 1 1 1 3 1 1 1 1 10 16 2 3 6 7 4 7 5 5 10 3 15 7 3 4 3 9 2 2 3 2 2 1 0 4 1 1 3 1 3 0 2 5 1 2 1 1 0
11 4 14 9 7 9 17 7 20 10 3 4 13 4 4 13 2 4 16 2 5 4 2 8 2 4 3 2 2 2 2 1 0 1 0 0 0 0 0 0 0 0 0 0 0 0 0 0 0 1 2 1 0 1 1 0 2 4 3 1 5 17 9 3 2 11 2 6 2 3 19 2 4 4 2 3 2 2 3 2 2 1 1 2 0 3 4 2 1 1 15 1 1 0 1 0
19 8 4 9 9 10 7 6 14 5 4 4 3 3 3 5 2 2 12 3 4 3 1 2 4 3 2 1 1 1 1 1 1 0 0 1 0 0 0 0 0 0 0 0 0 0 0 0 1 0 0 0 0 1 1 4 4 2 4 3 2 11 4 3 3 4 8 2 6 2 6 1 3 7 1 1 8 1 1 2 3 1 1 0 0 0 4 3 1 0 4 1 1 0 1 1
43 11 5 5 5 6 2 5 11 2 5 3 2 3 2 5 2 2 5 1 2 4 1 1 0 1 1 0 2 3 1 1 1 0 0 0 0 0 0 1 0 0 0 0 0 0 0 0 2 0 0 0 0 0 2 8 3 1 1 5 2 2 6 2 5 2 13 1 12 1 3 3 1 2 1 3 1 1 1 1 1 1 1 0 0 0 0 0 2 2 1 1 1 0 1 1
15 3 2 5 2 3 2 2 8 1 2 2 2 5 1 5 2 6 2 1 1 3 2 1 1 1 1 1 1 1 2 2 0 0 0 0 0 0 0 2 0 0 0 0 0 0 0 0 0 0 0 1 0 1 3 4 3 1 1 6 3 2 1 4 4 3 6 1 6 2 1 1 2 4 1 1 1 0 1 0 0 1 0 0 0 0 0 0 0 0 3 1 0 0 1 0
19 3 11 3 3 2 2 2 2 1 2 2 1 5 5 1 2 2 3 2 2 1 2 1 2 2 1 1 1 0 0 0 0 0 0 0 0 0 0 0 0 0 0 0 0 0 0 0 0 0 0 0 0 3 3 3 2 2 1 1 4 1 2 2 2 5 2 3 1 2 5 0 3 6 1 0 1 0 0 0 1 0 1 1 0 0 0 0 0 0 0 1 0 0 1 0
8 4 2 2 2 2 3 2 2 1 1 1 1 2 2 1 1 1 1 0 1 1 1 2 2 2 1 1 1 0 0 0 1 0 0 0 0 0 0 0 0 0 0 0 0 0 0 0 0 0 0 0 1 1 2 2 0 2 2 1 3 1 1 2 1 1 1 1 1 1 3 1 1 2 0 0 0 1 0 0 0 1 0 0 0 0 0 0 0 0 0 0 1 0 0 0
1 4 1 2 1 1 2 1 5 1 1 1 1 0 2 1 1 0 2 1 1 1 1 1 1 0 1 1 1 0 0 0 0 0 0 0 0 0 0 0 0 0 0 0 0 0 2 0 0 0 0 0 1 1 3 1 1 2 1 1 4 1 1 1 1 1 1 2 0 1 2 1 4 1 0 0 0 0 0 1 0 0 0 0 0 0 0 0 0 0 0 0 0 0 0 0
2 15 1 1 1 1 1 1 1 1 1 1 1 0 1 0 1 0 4 1 0 0 1 3 0 0 1 1 1 0 0 0 1 0 0 0 0 0 0 0 0 0 0 0 0 0 0 0 0 0 0 0 1 2 1 0 1 1 1 1 3 1 2 1 1 1 0 1 0 0 0 0 3 0 0 0 0 0 0 0 0 0 0 0 0 0 0 0 0 0 0 0 0 1 0 0
1 5 2 0 0 0 1 1 0 1 1 0 0 0 0 0 0 1 0 0 0 1 1 0 1 0 0 0 0 0 0 0 0 0 0 0 0 0 0 0 0 0 0 0 0 0 0 1 0 0 0 1 2 2 0 1 1 1 1 1 1 2 1 2 1 0 0 1 0 0 0 1 0 1 0 0 0 0 1 0 0 0 0 0 0 0 0 0 0 0 0 0 0 0 0 0
0 3 2 0 1 0 1 1 0 1 0 0 0 0 0 1 0 1 0 1 0 0 1 1 0 0 0 0 0 1 0 0 0 0 0 0 0 0 0 0 0 0 0 0 0 0 0 0 1 0 1 2 2 0 1 1 1 1 1 1 1 1 0 1 1 0 0 0 0 0 0 0 0 1 0 0 0 1 0 0 1 1 0 0 0 0 0 0 0 0 0 0 0 0 0 0
0 1 1 0 0 0 0 0 0 0 0 0 0 0 0 2 0 0 0 0 0 0 0 0 0 0 0 0 0 0 0 0 1 0 0 0 0 0 0 0 0 0 0 0 0 0 0 5 2 3 4 6 0 0 1 0 1 1 1 1 1 0 1 0 0 1 3 0 0 0 0 1 0 1 1 0 0 1 0 0 0 1 0 0 0 0 0 0 0 0 0 0 1 0 0 0
0 0 2 0 0 0 0 0 0 0 0 0 0 0 0 0 0 0 0 0 0 0 0 0 0 0 1 0 0 0 0 0 0 0 0 0 0 0 0 0 0 0 0 0 1 4 9 1 2 2 1 0 0 0 1 0 1 1 0 0 0 0 0 0 0 1 0 0 0 0 0 0 0 0 1 0 0 0 1 0 0 1 0 0 0 0 0 0 0 0 0 0 0 0 0 1
0 0 0 2 0 0 0 0 0 0 1 0 0 0 0 0 0 0 0 0 0 0 0 0 0 0 0 0 0 0 0 0 0 0 0 0 0 0 0 0 0 0 0 2 1 1 7 9 1 0 0 0 0 0 0 0 0 0 0 0 0 0 0 1 1 1 0 0 0 0 1 0 0 0 0 0 0 0 0 0 0 1 0 0 0 0 0 0 0 0 0 0 0 0 0 1
0 0 0 2 0 0 0 0 0 0 0 0 0 0 0 0 0 0 0 0 0 0 0 0 0 0 0 0 0 0 0 0 0 0 0 0 0 0 0 0 0 3 5 4 8 1 2 9 3 0 0 0 0 0 0 0 0 0 0 0 0 0 1 1 1 0 0 0 0 0 1 0 0 0 0 0 1 0 1 3 3 1 0 0 0 0 0 0 0 0 0 0 0 0 1 0
0 0 0 2 0 0 0 0 0 0 0 0 0 0 0 0 0 0 0 0 0 0 0 0 0 0 0 0 0 0 0 0 0 0 0 0 0 0 0 1 2 9 9 6 9 17 13 3 0 0 0 0 0 0 0 0 0 0 0 0 0 0 1 0 0 0 0 0 0 0 0 1 2 0 0 0 0 0 1 0 0 0 0 1 0 0 0 0 0 0 0 0 0 0 1 0
0 0 0 0 0 0 0 0 0 0 0 0 0 0 0 0 0 0 0 0 0 0 0 0 0 0 0 0 0 0 0 0 0 0 0 0 0 0 0 0 0 0 3 14 17 6 0 0 0 0 0 0 0 0 0 0 0 1 0 0 0 0 0 0 0 0 0 0 0 1 1 1 0 0 0 0 0 0 0 0 0 0 0 0 0 0 0 0 0 0 0 0 0 0 0 0
0 0 0 0 0 0 0 0 0 0 0 0 0 0 0 0 0 0 0 0 0 0 0 0 0 0 0 0 0 0 0 0 0 0 0 0 0 0 0 0 0 1 1 0 0 0 0 0 0 0 0 0 0 0 0 0 0 0 0 0 0 0 0 0 0 0 0 0 1 2 0 0 0 0 0 0 1 0 2 0 1 1 0 0 0 0 0 0 0 0 0 0 0 0 0 0
0 0 0 0 0 0 0 0 0 0 0 0 0 0 0 0 0 0 0 0 0 0 0 0 0 0 0 0 0 0 0 0 0 0 0 0 0 0 0 0 7 3 0 0 0 0 0 0 0 0 0 0 0 0 0 0 0 1 0 0 0 0 0 0 0 0 0 1 1 0 0 0 0 0 1 1 0 0 0 0 0 0 0 0 0 0 0 0 0 0 0 0 0 0 0 0
0 0 0 0 0 0 0 0 0 0 0 0 0 0 0 0 0 0 0 0 0 0 0 0 0 0 0 0 0 0 0 0 0 0 0 0 0 0 0 0 0 1 0 0 0 0 0 0 0 0 0 0 0 0 0 0 0 0 0 0 0 0 0 0 0 0 0 0 0 0 0 0 0 0 0 1 0 1 0 0 0 0 0 0 0 0 0 0 0 0 0 0 0 0 0 0
