sesion_6_simulaciones/modelos_agentes/ejemplos_netlogo/scenarios/cgcm2_a2/rob_2032.asc
NCOLS 322 
NROWS 307 
XLLCORNER 451900 
YLLCORNER 4086900 
CELLSIZE 100 
NODATA_value -9999 
[rows 225 to 299 of 307, columns 96 to 191 of 322]
0 0 0 0 0 0 0 0 0 0 0 0 0 0 0 0 0 0 0 0 0 0 0 0 0 0 0 0 0 1 1 0 0 0 0 0 0 0 0 0 0 0 0 0 0 0 0 0 1 2 2 4 10 13 7 8 12 16 20 20 44 62 43 46 60 86 76 59 66 64 75 64 43 30 51 63 55 53 59 63 48 32 15 27 54 55 26 19 13 8 26 23 14 9 4 2
0 0 0 0 0 0 0 0 0 0 0 0 0 0 0 0 0 0 0 0 0 0 0 0 0 0 1 0 1 1 0 0 0 0 0 0 0 0 0 0 0 0 0 0 0 0 0 1 1 1 3 6 6 8 10 12 22 22 20 27 16 30 54 48 55 87 66 72 43 76 63 65 49 33 59 71 66 47 57 81 44 45 58 38 32 14 15 20 14 13 6 7 7 4 1 1
0 0 0 0 0 0 0 0 0 0 0 0 0 0 0 0 0 0 0 0 0 0 0 0 0 0 1 1 1 0 0 0 0 0 0 0 0 0 0 0 0 0 0 0 0 0 0 1 1 1 2 2 2 4 6 12 29 30 27 17 22 38 41 53 73 60 52 64 80 67 61 66 66 23 28 53 57 67 75 37 74 58 75 48 64 28 35 19 10 5 4 7 4 2 1 0
0 0 0 0 0 0 0 0 0 0 0 0 0 0 0 0 0 0 0 0 0 0 0 1 0 0 1 2 1 0 0 0 0 0 0 0 0 0 0 0 0 0 0 0 0 0 0 1 1 1 2 3 4 5 6 13 22 47 24 26 19 43 58 72 58 51 54 52 37 56 69 45 32 21 28 46 68 60 82 58 30 24 36 51 30 32 21 15 8 6 4 2 1 2 1 2
0 0 0 0 0 0 0 0 0 0 0 0 0 0 0 0 0 0 0 0 0 0 0 1 0 0 1 4 1 1 1 0 0 0 0 0 0 0 0 0 0 0 0 0 0 0 0 0 1 1 2 2 3 3 10 14 11 11 10 24 16 16 25 39 28 17 34 48 40 56 31 47 47 34 50 32 29 69 44 53 42 27 20 23 11 13 15 17 6 6 2 1 1 1 1 1
0 0 0 0 0 0 0 0 0 0 0 0 0 0 0 0 0 0 0 0 0 0 0 0 1 0 0 2 3 4 1 0 0 0 0 0 0 0 0 0 0 0 0 0 0 0 0 0 0 1 1 1 2 3 6 4 5 7 8 10 14 15 18 25 33 49 57 67 52 54 67 69 50 29 45 63 34 63 54 60 58 47 32 46 21 7 8 4 3 4 1 1 1 1 1 1
0 0 0 0 0 0 0 0 0 0 0 0 0 0 0 0 0 0 0 0 0 0 0 0 1 1 0 1 4 3 1 0 0 0 0 0 0 0 0 0 0 0 0 0 0 0 0 0 1 1 1 1 2 2 1 2 2 2 3 4 4 5 6 23 37 39 28 50 54 53 56 52 44 33 36 57 52 44 49 68 57 51 45 37 22 13 5 4 2 2 2 1 0 0 1 0
0 0 0 0 0 0 0 0 0 0 0 0 0 0 0 0 0 0 0 0 0 0 0 0 2 1 1 1 3 3 1 1 0 0 0 0 0 0 0 0 0 0 0 1 0 0 0 1 1 2 3 2 1 1 1 2 2 3 6 10 7 15 14 13 12 15 25 31 31 50 68 75 71 39 51 42 72 51 59 47 44 49 42 32 22 31 16 6 3 1 1 1 1 0 0 0
0 0 0 0 0 0 0 0 0 0 0 0 0 0 0 0 0 0 0 0 0 1 0 1 1 2 2 2 4 3 2 1 0 0 0 0 0 0 0 0 0 0 0 0 1 1 1 0 1 2 4 6 4 2 3 4 10 11 15 30 28 28 25 20 29 51 36 33 32 42 64 65 68 68 58 67 76 45 59 40 63 56 40 47 25 15 15 10 10 2 1 0 0 0 0 0
0 0 0 0 0 0 0 0 0 0 0 0 0 0 0 0 0 0 0 0 0 1 0 0 1 1 5 4 2 1 1 0 0 0 0 0 0 0 0 0 0 0 0 1 1 1 1 2 1 1 2 3 4 6 6 10 14 18 37 37 28 32 44 36 26 23 39 51 31 44 27 30 32 30 63 30 39 74 51 36 17 28 63 49 24 19 23 7 7 2 2 1 0 0 0 0
0 0 0 0 0 0 0 0 0 0 0 0 0 0 0 0 0 0 0 0 1 1 1 0 0 1 2 6 2 1 0 0 0 0 0 0 0 0 0 0 0 0 0 0 1 1 1 1 3 2 3 4 7 16 8 12 19 25 27 43 43 62 58 57 47 32 42 47 66 51 54 46 55 46 84 45 30 31 33 32 18 7 52 56 32 28 28 21 6 4 3 2 1 1 0 0
0 0 0 0 0 0 0 0 0 0 0 0 0 0 0 0 0 0 0 0 0 1 2 1 0 2 2 7 2 1 0 0 0 0 0 0 0 0 0 0 0 0 0 1 1 1 3 2 4 8 5 10 12 13 15 14 20 25 51 49 54 58 54 69 71 50 39 46 51 48 76 60 51 54 56 65 53 61 59 44 37 21 12 38 29 29 37 15 5 3 1 1 1 0 0 0
1 0 0 0 0 0 0 0 0 0 0 0 0 0 0 0 0 0 0 0 1 1 1 2 0 1 2 4 2 1 1 0 0 0 0 0 0 0 0 0 0 1 1 1 2 2 6 5 4 3 13 26 38 21 19 9 21 23 49 45 72 64 58 54 54 55 35 53 43 76 44 45 53 60 46 35 40 42 42 35 27 20 17 13 20 11 4 10 5 2 1 0 0 0 0 0
0 0 0 0 0 0 0 0 0 0 0 0 0 0 0 0 0 0 0 0 1 1 1 3 1 1 3 5 3 2 1 0 0 0 0 0 0 0 0 0 0 1 1 2 3 4 7 7 10 7 9 18 26 27 23 12 22 31 23 49 72 69 31 76 37 59 57 51 44 65 52 30 43 70 69 54 58 59 59 52 58 26 19 12 8 4 6 4 2 2 1 0 0 0 0 0
0 0 0 0 0 0 0 0 0 0 0 0 0 0 0 0 0 0 0 1 1 0 2 5 2 3 6 5 3 3 1 0 0 0 0 0 0 0 0 0 1 1 1 2 3 5 8 10 12 17 13 22 39 43 31 15 26 36 49 45 59 66 28 60 65 63 72 44 57 51 42 55 65 60 49 40 38 44 45 22 36 39 32 12 11 4 2 2 1 0 0 1 0 0 0 0
0 0 0 0 0 0 0 0 0 0 0 0 0 1 1 0 0 0 0 2 2 0 2 4 4 1 1 14 8 2 1 1 0 0 0 0 0 0 0 1 1 2 1 2 5 5 10 14 18 28 17 33 44 34 44 14 27 37 42 60 54 57 60 59 68 72 66 65 58 46 59 64 67 60 51 43 37 45 42 31 26 21 39 31 11 11 6 2 1 0 0 0 0 0 0 0
0 0 0 0 0 0 0 0 0 0 0 0 0 0 1 1 0 0 0 1 2 1 2 5 9 2 3 18 5 3 2 1 0 0 0 0 0 0 1 1 1 2 2 3 4 5 17 19 24 31 34 30 29 42 71 36 19 41 60 50 39 37 38 64 69 69 68 78 63 47 51 56 70 66 67 59 59 73 58 45 33 27 22 17 13 14 5 3 2 1 0 0 0 0 0 0
0 0 0 0 0 0 0 0 0 0 0 0 0 1 1 1 0 0 2 1 2 2 3 7 14 17 11 18 9 4 2 1 0 0 0 0 0 0 1 1 1 2 3 3 2 5 14 25 32 31 39 46 48 50 80 58 45 14 36 73 59 57 45 45 40 72 78 79 56 55 42 74 68 53 53 46 54 73 52 35 45 16 12 8 8 5 7 4 1 1 1 0 0 0 0 0
0 0 0 0 0 0 0 0 0 0 1 1 1 1 1 3 1 0 1 2 2 3 4 10 24 33 14 18 4 3 2 1 0 0 0 0 0 1 1 1 2 2 4 4 5 12 17 18 35 43 47 50 61 77 81 78 37 23 49 65 74 59 52 56 58 54 45 53 54 52 70 68 41 64 39 43 33 54 42 34 24 24 34 12 5 3 1 1 1 1 0 0 0 0 0 0
0 0 0 0 0 0 0 0 0 1 1 1 2 1 2 3 1 1 1 4 5 5 5 12 22 21 7 3 2 2 1 0 0 0 0 0 1 1 1 1 1 4 1 9 6 10 18 17 26 53 55 38 64 73 75 79 63 37 29 29 44 69 66 59 56 43 22 16 37 45 78 60 52 56 88 77 63 54 48 45 47 37 18 19 11 8 3 2 2 1 0 0 0 0 0 0
0 0 0 0 0 0 0 0 0 1 1 1 2 1 2 3 2 3 1 3 10 8 17 11 34 14 4 3 1 1 1 0 0 0 0 0 0 1 1 2 3 2 2 4 17 10 13 23 41 60 60 53 53 45 62 82 75 45 35 36 53 49 55 54 41 54 42 30 61 63 42 58 69 73 65 83 57 71 53 57 53 29 13 5 5 3 3 2 1 1 0 0 0 0 0 0
0 0 0 0 0 0 0 0 1 1 1 2 4 2 4 5 2 4 6 3 5 11 10 41 17 16 3 2 1 0 0 0 0 0 0 0 0 0 1 0 1 2 5 14 9 13 26 35 33 50 69 75 50 51 42 52 77 65 53 28 38 29 28 23 22 12 32 60 49 55 44 27 38 63 33 63 79 74 62 55 49 23 11 7 4 1 1 1 1 1 0 0 0 0 0 0
0 0 0 0 0 0 0 0 1 1 1 2 4 5 3 8 3 3 9 9 10 20 11 30 31 6 2 1 0 0 0 0 0 0 0 0 0 0 0 1 1 2 4 10 26 18 15 27 36 57 62 69 69 67 53 40 52 69 59 37 40 37 43 41 50 29 25 46 55 56 54 52 50 39 33 29 51 54 58 31 15 12 7 5 2 1 1 1 0 0 0 0 0 0 0 0
0 0 0 0 1 0 0 1 1 1 2 3 4 6 8 20 5 5 13 16 16 29 57 26 10 7 4 1 1 0 1 1 1 0 0 0 0 1 1 1 2 3 5 9 14 35 25 28 41 53 67 62 70 73 64 47 34 59 59 48 29 34 39 44 50 47 33 55 50 45 52 50 74 59 49 33 23 13 30 27 17 5 3 2 2 1 0 0 0 0 0 0 0 0 0 0
0 0 0 1 1 1 0 1 1 1 5 4 4 5 21 23 7 9 10 20 20 40 60 10 16 9 3 2 2 2 2 2 1 1 0 1 1 1 2 1 2 5 11 14 13 30 23 56 48 65 57 83 66 50 50 43 61 30 26 78 40 31 61 57 43 38 47 68 46 37 42 57 81 63 48 38 31 25 14 17 14 7 3 2 2 1 0 0 0 0 0 0 0 0 0 0
0 0 0 1 1 1 0 1 2 2 6 4 10 9 12 20 30 19 24 18 35 35 70 45 15 5 4 5 3 5 4 3 1 0 0 0 1 2 1 2 4 6 14 24 38 30 53 23 12 28 61 39 57 56 66 49 24 17 21 33 51 21 46 44 26 39 67 35 43 40 26 30 20 35 44 32 29 26 14 10 7 3 4 3 2 2 1 1 0 0 0 0 0 0 0 0
0 0 0 1 1 2 1 2 3 3 3 5 4 15 19 10 10 42 29 30 30 53 61 28 14 10 8 8 8 17 4 2 1 1 1 0 1 1 3 4 5 8 13 31 24 49 45 44 36 52 58 18 64 75 71 40 53 44 40 24 64 17 34 35 23 27 37 58 55 27 49 69 59 60 54 41 30 27 21 17 10 7 5 4 2 3 2 0 0 0 0 0 0 0 0 0
0 0 0 1 1 2 1 1 2 4 7 9 5 5 12 34 14 9 51 56 32 53 65 34 30 11 23 33 16 5 2 2 1 1 0 0 0 0 1 3 5 15 22 18 14 27 36 59 65 63 52 50 66 78 82 81 68 35 36 35 57 31 32 39 23 24 49 30 21 23 45 51 52 52 55 52 32 23 13 11 4 3 3 7 5 3 1 0 0 0 0 0 0 1 1 0
0 1 1 1 2 1 2 2 2 2 4 11 4 4 12 27 34 32 8 23 38 61 44 30 21 38 17 7 6 3 3 3 2 1 1 0 1 1 2 2 2 8 12 10 18 28 38 42 65 64 66 62 78 79 73 71 45 65 26 35 38 54 17 34 38 26 17 47 55 53 40 56 65 57 51 48 24 17 10 12 15 9 14 7 4 2 2 1 0 0 0 0 1 1 1 0
0 1 1 1 2 3 3 5 4 4 3 7 19 6 19 19 28 47 35 14 27 62 23 42 60 16 12 10 8 7 4 1 1 1 1 1 1 2 3 3 4 9 10 8 19 34 20 21 43 51 34 29 44 46 54 34 54 43 67 21 36 49 30 25 58 69 48 68 73 50 65 65 71 70 67 60 36 22 22 18 20 12 15 6 4 3 1 0 0 0 1 1 1 2 0 0
1 1 1 1 1 5 7 6 5 5 12 7 12 32 16 21 35 15 57 32 30 34 70 50 33 30 24 19 13 9 3 1 1 1 2 1 1 2 4 6 7 11 20 20 22 19 31 40 33 32 36 34 33 40 39 48 45 45 50 62 19 12 33 57 62 39 51 60 69 56 69 59 58 69 65 45 30 34 25 21 21 18 8 7 3 1 0 0 1 1 1 1 2 1 1 0
1 2 1 1 2 4 5 10 14 6 11 17 20 24 43 22 40 24 20 50 27 31 66 62 47 30 21 21 15 5 4 3 1 1 1 0 1 1 3 8 12 16 11 24 22 32 31 36 45 49 45 37 39 42 50 49 34 33 39 49 35 22 34 21 25 47 47 57 40 48 63 58 62 49 51 65 32 25 12 10 9 9 13 6 3 1 1 0 1 1 1 1 4 1 1 1
1 1 2 2 2 3 5 6 8 14 22 20 23 27 52 53 24 22 30 27 60 65 70 54 50 48 33 27 17 9 4 3 2 1 2 1 1 2 4 8 14 25 24 32 36 41 40 59 44 48 49 43 30 40 36 57 56 31 13 17 23 24 29 27 25 14 9 8 17 57 40 46 58 53 45 33 20 7 6 16 20 17 4 6 6 3 1 1 1 1 1 1 4 1 1 1
1 2 3 3 4 3 4 9 13 14 30 35 38 32 46 55 40 43 35 39 36 67 65 58 36 41 30 25 12 13 8 4 3 2 3 0 2 3 5 5 4 21 34 40 39 50 56 48 48 63 69 64 33 42 50 47 31 36 22 10 12 18 34 20 25 30 40 45 35 36 35 34 35 28 39 15 16 14 9 35 24 7 11 8 6 6 2 3 2 1 1 1 3 2 1 1
1 2 8 4 6 5 6 12 18 20 24 41 38 37 61 44 51 63 51 41 42 58 50 44 38 38 32 25 19 9 7 6 6 4 1 0 2 5 9 13 10 25 40 33 41 49 45 37 53 77 71 67 67 47 51 43 36 37 24 26 27 21 27 25 46 52 70 63 44 47 41 43 35 20 18 24 32 38 19 34 26 20 13 9 5 5 5 4 1 2 1 0 2 3 0 1
2 1 6 9 8 7 8 15 21 25 27 31 48 57 62 59 49 70 53 39 46 80 54 66 40 40 42 35 22 11 14 10 6 3 1 1 1 4 14 25 23 34 31 55 46 50 48 39 50 45 43 42 58 55 31 26 30 29 27 35 39 22 27 37 53 58 54 47 52 30 42 27 16 19 22 52 36 44 44 11 23 17 18 15 7 6 12 6 2 2 1 1 3 2 1 1
2 2 5 14 14 10 14 20 23 29 37 30 45 59 63 53 54 43 56 41 48 62 63 71 51 41 32 26 27 15 22 10 6 3 3 2 2 5 12 19 43 52 54 41 58 38 41 55 45 38 37 44 49 46 71 49 24 26 29 34 29 30 32 26 30 27 40 54 35 22 22 32 33 46 39 60 51 50 29 32 22 12 21 13 8 11 10 4 5 2 1 2 6 2 1 2
4 12 10 13 19 13 10 23 27 31 44 34 15 23 67 73 71 55 50 68 47 78 78 47 52 53 22 27 19 22 17 12 8 2 3 2 3 10 12 21 21 42 44 58 57 58 39 59 67 41 55 61 59 57 59 34 36 24 34 19 17 24 36 38 41 32 51 20 27 12 34 49 62 37 48 62 34 37 47 31 6 10 24 22 22 13 6 3 5 4 2 2 5 4 3 3
5 8 19 23 24 16 14 27 31 32 35 46 37 38 48 71 67 37 47 72 47 78 64 65 55 30 14 32 21 26 27 16 13 5 4 2 3 12 15 27 47 37 31 58 41 46 56 46 62 61 72 69 65 59 56 36 37 20 20 34 18 21 36 42 19 45 27 25 54 48 64 50 47 60 50 29 43 58 22 9 9 25 37 25 19 18 7 4 4 3 5 3 2 9 4 4
10 17 21 28 29 20 28 31 34 36 24 40 40 53 53 62 67 70 76 78 76 74 63 62 48 48 39 36 39 21 30 26 14 8 9 2 4 13 30 32 41 43 47 55 57 50 55 33 55 56 65 60 57 50 56 46 57 37 29 21 21 33 10 31 24 31 33 51 47 42 37 53 72 74 54 42 66 41 34 24 23 25 9 10 21 18 8 5 4 8 6 4 3 22 6 9
12 18 16 21 7 17 42 27 40 47 38 37 51 56 49 63 53 77 74 80 71 66 74 55 46 54 59 59 27 34 25 26 20 9 7 3 3 16 22 35 39 36 60 58 57 49 37 70 52 79 54 61 47 64 54 69 44 46 39 16 14 29 46 48 15 28 41 59 59 39 35 65 82 75 49 69 57 33 36 70 55 17 19 28 15 10 10 4 5 8 9 5 8 26 19 12
16 11 6 4 4 8 41 28 17 25 38 28 33 51 73 72 45 46 75 67 72 71 74 72 33 49 67 38 32 30 21 35 29 19 7 1 3 12 19 38 37 37 50 66 72 70 44 33 16 19 61 70 41 55 57 68 59 44 30 20 19 37 35 46 37 36 42 37 58 45 51 73 80 52 58 71 57 14 52 46 30 38 51 32 18 13 9 3 10 11 11 8 15 53 25 11
18 21 16 17 16 12 22 45 16 19 19 43 35 45 69 64 74 50 61 77 68 80 80 75 56 35 54 53 44 26 46 29 28 16 6 2 3 6 20 45 20 41 63 70 69 55 54 53 49 46 39 48 69 50 29 31 32 24 27 9 17 20 13 21 35 26 37 21 31 38 70 61 63 73 52 44 26 27 43 35 36 49 42 21 12 4 3 3 8 13 13 10 22 38 24 7
30 22 27 27 17 21 21 25 33 31 28 60 41 47 45 54 74 78 72 86 83 75 76 56 31 44 50 45 40 44 45 33 15 13 14 6 5 3 13 26 10 24 35 39 44 45 47 40 72 68 55 51 46 35 42 30 23 47 9 5 3 16 19 22 47 48 27 17 57 59 34 47 31 50 43 30 16 59 45 59 37 29 16 14 13 6 5 9 11 16 16 21 24 41 10 9
18 21 27 26 33 20 18 36 56 58 27 25 55 58 32 35 30 51 80 79 54 45 48 52 57 20 49 49 33 60 37 30 25 15 17 7 10 4 8 25 39 19 29 42 29 40 21 12 27 39 30 70 66 59 37 8 5 4 11 7 7 15 10 34 42 51 23 58 53 37 42 40 46 44 22 33 55 63 65 37 33 28 27 28 15 7 6 12 19 20 21 16 36 46 33 12
21 40 30 33 36 35 26 42 59 49 48 33 24 46 60 37 60 50 38 71 52 63 62 64 52 40 53 36 35 60 44 38 21 10 15 8 10 6 3 13 23 52 48 36 33 46 48 26 36 49 58 63 46 49 47 34 26 19 14 6 7 8 21 26 33 28 46 63 66 61 42 40 28 18 53 55 48 58 52 34 25 27 30 17 13 11 8 18 24 16 25 21 12 24 41 20
28 30 31 27 35 55 29 43 49 55 50 43 56 42 27 60 62 50 47 72 72 32 31 47 42 64 56 68 38 37 50 32 19 32 13 7 10 14 6 15 28 51 64 29 35 59 47 22 42 46 31 49 39 50 47 28 28 26 16 16 12 10 4 25 29 40 52 23 24 22 33 21 50 58 39 43 38 34 31 24 16 22 22 23 19 9 9 14 31 19 31 23 23 21 37 26
26 28 49 33 44 53 23 39 54 62 58 50 52 58 69 54 73 83 67 67 64 43 51 55 61 78 69 73 46 44 41 37 37 15 11 7 7 24 10 9 22 36 34 42 50 58 16 11 65 83 42 49 48 30 26 20 34 22 13 5 9 9 11 18 22 19 17 29 43 48 49 51 31 36 28 16 22 39 29 24 33 44 23 19 21 11 19 21 37 22 28 8 3 12 29 51
28 35 51 51 42 42 24 39 59 65 62 52 42 41 60 76 54 50 72 70 46 37 53 45 72 66 80 60 55 67 58 46 22 17 7 2 3 29 10 11 11 27 28 30 44 47 4 23 39 45 62 56 42 17 13 9 8 8 9 7 4 13 5 4 6 5 12 33 60 75 71 66 38 26 21 28 64 48 34 35 46 31 29 35 9 13 24 30 17 14 6 6 15 22 24 40
35 22 28 54 43 55 45 20 54 57 66 54 58 44 55 46 74 51 41 55 38 57 56 56 54 73 62 72 70 76 55 51 32 24 16 2 12 26 9 12 18 11 22 32 35 33 10 26 25 30 41 34 51 47 42 19 12 14 16 13 6 20 4 4 4 16 37 64 42 48 53 28 19 25 42 53 55 39 31 62 49 39 38 15 15 27 47 16 5 5 10 24 19 53 43 45
33 11 31 50 58 54 56 36 25 48 64 43 55 54 63 66 60 59 55 57 30 64 86 63 58 62 46 52 56 57 55 49 25 13 15 7 16 13 19 14 25 25 25 31 43 39 28 22 20 26 26 43 31 42 32 19 12 14 17 23 12 13 9 5 12 40 24 41 46 32 50 42 35 55 51 56 55 49 50 62 43 27 16 11 32 37 10 4 6 14 17 38 45 50 58 50
31 16 20 14 44 56 66 44 11 27 53 42 56 47 75 70 61 31 43 56 42 70 70 60 57 30 62 65 62 55 54 36 35 26 15 12 13 10 16 12 5 22 20 34 35 43 53 67 56 49 40 59 46 26 17 8 19 11 13 21 20 5 3 11 34 39 17 32 26 28 35 59 65 75 44 36 63 60 47 37 23 31 8 24 26 10 3 13 16 27 33 38 43 59 65 55
46 32 39 12 45 64 63 41 15 10 13 43 61 41 44 62 45 59 61 65 58 36 63 68 52 45 66 69 58 49 37 30 37 29 25 25 24 8 22 16 7 8 17 26 32 27 25 23 25 24 19 39 20 14 19 43 36 18 12 5 5 2 10 22 21 24 19 20 38 19 36 63 66 62 52 52 66 64 55 41 25 14 21 21 12 4 11 29 29 30 38 37 48 49 54 57
58 29 44 15 19 54 43 25 18 17 19 23 35 70 60 55 54 51 50 65 57 66 75 58 56 69 46 59 61 51 35 40 29 19 31 29 17 16 14 25 17 11 15 19 26 25 41 32 28 42 51 40 21 20 6 27 29 20 16 17 15 15 5 16 21 12 12 23 25 31 44 58 62 63 50 45 42 43 59 23 13 13 22 6 8 25 30 32 35 36 38 35 29 26 38 59
48 30 41 22 15 54 45 51 39 39 27 29 43 56 67 72 76 70 58 52 52 55 61 69 76 66 73 72 57 39 39 40 24 20 52 33 19 22 16 7 9 14 13 29 28 31 39 30 45 35 42 25 41 25 9 18 54 27 12 16 17 3 4 5 9 22 10 21 32 31 35 52 64 58 56 27 39 58 45 37 34 15 6 11 16 20 21 45 48 36 44 40 38 27 37 17
38 34 49 37 27 33 26 55 33 32 38 30 45 41 38 52 56 61 62 63 71 45 55 81 74 74 60 48 54 47 44 42 38 23 42 34 31 20 31 11 25 29 10 16 33 46 48 39 44 51 33 21 41 17 17 30 34 20 17 13 10 4 6 7 26 21 44 43 18 17 47 38 30 43 39 30 53 64 68 38 19 10 5 14 9 42 37 35 44 49 67 64 39 37 41 19
54 36 50 38 24 22 16 40 51 40 42 44 41 42 37 55 49 52 32 43 64 43 70 76 76 55 60 61 54 45 41 42 36 42 47 35 47 60 21 17 19 19 23 17 40 29 38 40 37 35 50 44 26 20 33 32 51 19 19 14 10 5 4 5 11 14 57 49 24 26 36 34 51 50 29 70 64 44 39 34 15 4 10 26 23 31 49 32 48 59 57 63 36 32 38 20
57 39 66 41 21 24 40 27 65 37 57 55 38 27 37 34 33 47 42 44 26 69 58 54 54 49 62 54 41 46 45 25 38 44 32 57 32 61 35 19 35 17 34 23 31 50 41 40 32 43 46 30 24 38 32 35 26 24 15 22 12 9 5 3 7 27 41 35 34 44 29 23 39 41 70 60 33 28 33 35 18 12 15 31 54 39 41 57 57 52 54 44 38 30 35 19
55 40 68 43 21 18 67 45 47 40 43 57 37 44 41 39 40 50 46 41 21 34 20 24 39 41 69 69 62 45 30 27 40 59 45 24 45 41 35 21 33 10 31 12 21 39 55 43 37 50 35 50 25 27 43 41 40 21 23 29 8 2 2 6 6 8 16 44 54 38 32 46 61 72 55 30 26 58 37 24 18 14 34 23 52 56 39 53 53 52 48 33 50 35 29 14
64 40 57 28 21 29 41 45 37 69 62 46 50 39 41 42 54 48 52 51 19 30 35 60 64 63 56 56 53 40 26 27 58 46 44 42 63 34 27 22 32 10 28 22 27 34 60 49 35 48 53 48 28 16 37 41 31 13 15 12 18 5 4 8 8 7 12 32 29 33 36 50 48 36 39 30 29 45 27 10 10 22 45 46 49 53 25 43 67 65 44 31 53 20 28 23
66 43 59 29 22 30 29 69 44 68 76 71 45 31 31 42 70 58 22 41 14 36 35 48 32 37 34 52 31 26 42 30 72 57 55 50 53 28 19 45 23 19 19 54 53 41 47 45 58 50 43 41 42 33 34 24 37 26 17 8 6 3 7 10 9 11 9 16 40 31 32 24 36 29 46 39 41 45 36 14 10 39 49 54 53 51 24 39 56 58 30 30 29 35 38 36
78 65 28 45 25 24 49 68 54 44 69 65 70 26 53 72 53 57 45 34 27 22 32 25 27 33 58 37 46 42 40 49 16 34 17 38 30 22 14 44 21 16 4 20 73 49 38 56 57 47 47 41 38 27 52 55 46 37 17 11 6 4 8 4 6 13 11 21 40 17 35 35 38 30 42 49 31 44 33 22 20 46 39 36 47 36 44 44 35 44 57 34 29 51 41 32
64 36 33 42 28 23 66 66 69 40 27 51 75 22 41 39 36 50 37 37 15 12 37 51 52 42 31 52 51 29 62 29 42 29 48 39 27 33 19 34 15 29 13 13 47 64 48 50 60 59 52 50 36 42 31 26 36 19 19 18 7 3 7 4 8 11 11 19 29 36 54 60 57 42 44 57 12 55 34 32 32 30 40 25 34 29 48 61 45 33 51 38 33 38 47 41
60 41 22 51 40 35 50 15 44 66 24 34 67 54 25 44 42 42 21 23 32 47 66 40 41 38 48 62 43 38 38 51 59 73 53 40 58 28 34 39 19 18 20 21 34 47 37 75 54 50 43 50 56 43 17 24 34 30 20 16 13 5 5 3 5 8 10 12 17 29 40 40 51 61 40 19 33 55 46 23 20 28 52 24 39 47 53 38 53 39 26 46 50 41 29 36
63 23 38 52 35 33 43 13 13 16 40 69 42 61 33 41 28 27 18 32 32 25 26 42 36 36 36 48 50 57 36 43 60 42 28 55 29 21 40 27 37 39 29 29 32 46 38 43 62 34 29 25 47 54 29 21 23 17 13 15 9 5 4 2 3 7 14 18 22 35 28 43 44 24 31 31 44 31 19 12 16 45 44 49 34 43 47 38 34 42 46 32 26 48 19 20
70 24 37 55 35 52 50 29 13 14 32 59 76 73 40 31 43 39 40 14 15 20 41 50 27 22 46 69 43 36 29 56 28 41 64 19 23 34 43 25 42 37 28 48 50 63 56 35 41 47 30 30 48 53 47 34 20 8 6 4 4 7 4 2 2 7 13 23 21 40 39 56 43 26 10 33 51 17 21 20 27 39 48 45 30 42 37 37 20 49 34 56 33 18 11 9
55 31 38 61 25 49 63 46 25 24 14 35 37 57 68 27 35 34 24 37 32 25 20 21 9 26 61 60 58 22 60 20 23 58 43 25 37 42 55 37 13 52 46 49 66 59 54 25 39 63 57 26 17 28 42 45 15 15 8 4 2 6 8 6 5 32 52 27 14 19 46 48 35 21 13 43 39 30 25 22 26 37 40 45 40 30 17 40 29 46 40 18 42 16 17 27
52 32 35 57 23 49 54 24 21 26 35 30 23 25 38 44 17 25 25 10 14 11 16 11 16 29 81 45 46 26 61 43 19 63 36 24 41 60 50 33 23 48 55 62 37 58 47 46 30 31 40 53 25 18 24 42 25 15 5 5 2 5 7 7 23 36 34 46 46 50 51 52 38 10 19 43 29 17 18 24 31 26 45 22 30 27 18 23 32 22 41 16 16 39 30 22
73 44 63 42 19 62 35 21 31 24 48 24 43 29 26 30 16 6 14 12 32 49 19 9 13 23 53 35 19 53 39 31 51 47 44 22 37 63 65 37 26 42 44 65 65 56 37 44 44 24 22 25 38 27 16 6 19 7 11 4 6 7 7 28 50 59 72 62 67 78 56 51 31 7 45 57 20 17 20 31 27 32 45 26 43 43 12 20 30 22 23 11 15 12 15 28
75 60 14 20 18 44 22 27 39 42 37 43 40 41 17 24 13 7 17 17 26 23 7 18 12 35 37 22 51 19 35 60 50 32 32 45 51 72 64 33 32 51 45 54 53 39 51 59 42 43 36 20 35 33 23 9 7 9 7 4 7 7 15 23 24 18 54 63 68 75 73 48 11 32 48 61 29 5 15 50 28 51 28 38 29 55 11 30 36 20 27 10 38 11 24 10
71 25 19 28 29 30 9 24 33 45 25 53 62 32 19 13 14 2 11 6 22 20 5 13 13 54 11 46 53 18 64 56 29 24 50 46 26 74 60 20 32 42 38 48 59 50 45 48 34 27 37 18 14 30 17 9 4 3 6 5 11 16 28 32 38 30 50 70 75 61 61 12 24 42 58 65 46 15 32 35 30 32 32 39 38 46 8 15 33 25 35 19 18 11 10 14
60 32 34 29 34 19 17 34 37 34 44 36 56 36 11 10 14 3 12 15 12 23 9 9 20 56 8 60 31 29 68 32 37 25 59 26 43 67 33 21 31 34 45 32 36 43 59 40 52 18 16 36 25 14 15 10 7 1 1 7 14 26 38 42 49 62 66 55 44 41 9 30 36 47 57 62 44 30 39 29 39 37 23 40 48 15 10 21 16 24 24 16 19 3 12 13
45 44 32 34 56 18 27 30 30 57 36 39 32 23 7 4 6 3 10 13 14 14 5 6 16 42 15 21 10 54 38 44 17 36 53 27 70 12 20 27 48 30 44 23 29 24 33 30 27 36 30 12 10 9 10 12 6 2 5 6 14 20 34 43 53 69 72 65 41 12 42 54 49 49 65 38 22 23 23 26 37 24 31 21 36 27 11 14 14 12 18 20 15 11 5 20
28 33 23 46 54 31 23 27 25 38 50 43 25 21 14 5 3 6 9 9 4 7 7 7 7 27 29 6 11 26 18 31 17 35 70 39 13 18 24 22 40 22 23 35 29 29 45 22 36 20 35 14 6 4 13 6 4 2 11 20 27 21 23 35 39 64 55 14 17 25 43 57 69 63 53 18 11 18 24 36 34 29 12 25 13 34 9 11 6 3 10 27 10 24 11 14
23 18 29 62 17 20 22 23 17 24 21 18 33 13 9 7 3 7 2 2 9 3 7 4 2 9 16 6 5 30 25 18 15 58 13 17 12 27 32 16 40 16 18 26 31 42 28 26 13 24 10 14 9 5 3 3 2 4 12 27 24 32 26 34 45 31 15 15 26 45 26 53 66 68 21 12 16 18 40 42 33 44 8 17 21 41 7 12 13 10 13 22 13 10 12 9
