sesion_6_simulaciones/modelos_agentes/ejemplos_netlogo/scenarios/cgcm2_a2/rob_2031.asc
NCOLS 322 
NROWS 307 
XLLCORNER 451900 
YLLCORNER 4086900 
CELLSIZE 100 
NODATA_value -9999 
[rows 148 to 221 of 307, columns 0 to 95 of 322]
0 17 17 13 23 33 32 21 7 4 6 59 54 58 52 56 71 53 38 56 28 35 11 5 0 1 1 2 1 0 3 1 1 3 2 4 2 5 4 4 21 22 20 15 25 12 29 27 17 29 16 18 29 13 21 37 32 17 11 30 42 45 37 27 39 55 58 38 45 74 67 64 38 47 68 76 24 18 18 33 31 23 10 13 41 29 8 5 22 17 13 16 29 28 13 28
7 18 24 30 35 47 33 49 45 12 15 35 49 70 70 70 80 47 58 55 54 41 12 21 5 1 1 0 1 1 10 6 1 2 1 1 2 5 4 7 12 8 5 11 23 65 35 27 12 14 10 26 28 25 7 7 8 5 32 27 26 61 40 30 41 64 61 61 61 68 43 22 16 49 37 27 57 13 13 36 32 18 22 15 6 33 12 8 5 9 3 20 11 28 16 5
4 2 8 34 27 55 48 14 28 40 20 24 77 79 78 50 82 67 68 73 56 23 17 9 13 7 1 4 2 3 2 10 4 8 11 10 3 8 10 10 5 6 11 40 54 35 23 18 14 12 14 17 18 17 30 22 29 30 33 34 48 61 35 33 63 63 71 73 54 16 57 36 33 42 61 23 25 8 3 9 19 19 13 23 9 9 26 15 6 8 4 3 6 8 11 4
1 3 7 5 7 6 7 9 14 11 29 13 33 67 65 55 78 74 70 24 10 11 24 24 36 21 8 3 3 1 2 4 36 25 28 36 49 8 4 10 25 27 54 48 16 17 8 17 11 8 20 18 20 17 21 17 38 41 43 44 65 58 56 41 60 74 66 51 75 42 22 56 59 26 29 10 23 40 17 7 9 14 16 8 11 6 8 26 14 6 6 3 2 6 9 7
19 5 4 4 7 6 9 16 17 22 13 34 17 10 8 9 11 11 18 25 17 46 51 39 59 21 41 13 12 13 7 8 24 3 1 1 7 47 5 4 20 14 24 31 25 39 40 49 24 12 20 21 27 22 7 22 28 62 39 62 60 66 74 88 86 74 69 43 42 84 42 37 33 38 19 6 10 10 30 19 9 9 17 12 7 9 6 6 20 6 4 3 1 1 4 3
25 19 14 9 12 7 8 20 3 9 32 24 20 28 18 18 12 28 41 54 80 59 77 50 47 25 17 20 14 36 23 2 1 4 4 1 3 5 24 6 2 55 12 16 23 16 7 14 32 19 32 39 36 25 10 15 25 49 72 61 80 69 80 79 79 77 70 26 34 70 74 54 33 20 28 15 11 9 14 10 15 10 8 12 7 6 5 5 25 11 2 2 2 1 4 4
54 28 49 30 26 27 36 7 11 8 13 18 21 47 46 18 8 23 56 60 72 85 69 81 60 49 53 49 25 30 59 42 16 3 6 7 15 11 12 25 4 33 18 15 31 5 10 15 10 31 39 51 60 46 45 23 31 49 65 69 53 42 76 78 75 68 65 50 32 47 79 26 29 17 12 9 14 5 15 28 9 13 11 5 5 4 4 3 5 4 8 2 1 1 1 1
63 49 61 37 46 39 30 38 10 7 17 10 48 34 15 36 27 19 17 57 71 62 59 68 46 46 54 48 27 9 28 67 68 45 33 13 16 19 19 26 12 31 63 27 31 18 9 8 10 17 16 19 36 11 17 44 34 59 46 27 26 27 32 55 56 24 33 19 47 59 52 47 23 17 19 7 7 10 10 18 14 7 10 7 3 3 3 3 3 2 3 5 2 1 1 1
36 54 51 69 73 48 24 67 19 8 16 18 16 19 40 44 29 44 30 18 21 54 63 22 38 63 36 67 39 10 9 11 44 69 54 32 22 19 16 24 22 35 66 19 29 31 23 30 33 36 35 40 28 27 33 27 43 72 57 54 56 52 26 15 9 26 20 25 19 32 33 48 52 23 10 6 7 9 10 13 14 21 4 6 3 2 2 1 2 3 2 1 5 1 0 1
63 77 64 82 66 27 58 77 31 29 34 14 43 66 51 31 52 38 32 22 25 24 17 51 41 18 28 55 68 29 22 16 11 62 54 51 57 49 46 56 48 29 65 66 32 26 36 41 38 40 52 63 33 50 56 29 25 46 58 45 40 27 15 25 24 8 3 15 32 34 37 43 20 21 9 7 10 9 14 8 9 6 9 3 2 2 1 1 1 1 2 1 1 2 1 0
44 80 40 79 42 66 70 71 19 41 45 25 19 15 33 36 42 67 60 71 29 20 26 22 27 25 40 78 37 76 31 44 36 56 25 49 50 77 54 43 51 28 48 66 74 34 29 28 53 40 39 32 26 50 56 30 44 74 74 75 39 50 53 42 36 17 14 18 22 22 21 28 19 10 17 4 8 12 10 10 5 4 5 4 1 1 0 0 0 1 1 1 1 1 1 1
16 71 54 68 64 72 69 27 37 61 56 39 36 22 21 14 18 30 30 67 43 15 23 24 63 66 61 67 31 72 73 27 28 36 60 69 57 80 88 54 49 19 27 63 72 63 55 37 51 20 14 23 55 53 44 39 42 33 28 30 25 41 58 50 48 30 28 25 16 17 19 17 11 15 4 6 6 7 4 3 3 2 2 3 3 2 1 2 1 0 0 0 1 1 1 0
17 16 12 53 68 68 27 30 70 43 60 73 56 42 25 31 38 36 43 23 32 51 44 18 53 55 65 72 71 40 82 79 37 18 33 76 74 61 57 64 69 22 29 66 81 83 48 42 45 42 33 24 75 41 82 85 84 73 82 73 52 30 37 33 31 27 27 26 20 11 11 15 11 12 5 9 4 3 3 4 2 2 1 3 1 1 1 1 1 1 1 0 0 0 0 0
17 59 37 29 20 44 36 75 78 52 50 65 37 52 19 38 31 32 42 29 34 37 37 17 62 72 63 84 78 59 73 84 78 46 38 12 30 59 44 24 34 24 16 80 82 80 63 66 56 65 86 91 79 53 44 78 74 41 43 64 60 37 47 36 31 21 18 26 18 7 9 7 8 8 5 5 4 4 2 2 1 1 0 1 1 0 1 1 0 0 0 0 0 0 0 0
46 50 37 56 45 22 50 81 72 77 14 49 66 64 75 41 57 29 25 23 26 13 41 61 83 61 84 89 74 74 52 66 80 54 51 28 59 76 83 82 64 52 35 48 82 69 60 87 59 64 83 82 88 61 43 83 88 61 46 34 71 68 27 53 34 28 15 15 12 8 9 7 6 4 4 4 3 2 2 1 1 1 1 1 1 0 1 0 0 0 0 0 0 0 0 0
37 36 62 40 32 13 46 65 49 80 32 42 72 58 71 55 30 48 38 54 57 58 19 52 66 73 82 83 61 82 66 81 69 71 69 75 69 77 82 74 18 60 67 37 17 47 59 81 64 55 76 72 75 80 44 56 74 90 66 46 55 35 33 29 33 38 32 24 13 6 11 5 3 2 2 1 2 1 0 0 0 1 0 0 0 0 0 0 0 0 0 0 0 0 0 0
27 22 13 30 44 41 17 78 34 30 31 48 57 16 44 59 35 43 36 66 64 40 38 18 49 83 75 83 66 85 69 70 62 52 65 69 81 73 74 81 75 57 26 23 11 15 56 74 56 27 40 69 76 81 77 82 84 79 86 47 33 37 31 37 31 25 34 12 8 11 5 3 2 2 1 0 0 0 1 1 1 0 0 0 0 1 1 1 2 0 1 2 1 2 2 1
16 31 47 38 23 17 18 37 45 41 63 55 64 64 32 50 43 57 24 19 37 69 46 27 14 29 32 68 66 41 17 19 17 34 30 25 66 46 50 65 67 59 50 23 8 15 59 63 52 41 32 26 52 80 77 71 59 57 76 74 32 21 28 27 26 22 11 12 6 3 3 3 2 1 1 1 0 0 0 0 1 1 1 2 3 4 5 5 2 2 2 5 4 7 6 2
30 21 19 17 30 23 27 19 22 21 39 68 65 71 22 21 29 61 63 44 34 29 48 16 32 41 34 32 21 29 44 34 45 41 62 32 27 25 22 25 20 38 30 15 16 22 48 53 61 40 37 34 9 44 42 50 49 62 40 54 46 21 40 36 27 15 12 6 6 3 3 3 1 0 1 1 0 0 0 1 5 6 4 7 9 11 10 15 9 10 25 25 10 16 7 4
19 21 29 53 43 45 38 32 38 37 48 12 18 24 35 46 33 18 63 65 56 31 29 10 30 61 59 49 36 40 58 64 35 64 33 27 29 36 38 34 25 14 22 23 37 39 57 55 62 50 34 18 20 17 24 49 22 15 12 36 20 24 19 12 15 7 4 6 5 2 1 1 1 1 1 1 2 0 4 6 14 14 14 19 21 35 33 20 18 22 6 2 4 3 4 10
27 33 49 31 28 36 38 26 43 63 20 28 49 46 30 48 12 18 22 26 37 24 20 18 35 33 52 46 65 30 57 48 42 46 31 30 39 62 32 60 39 21 14 14 16 26 37 48 42 44 28 43 39 26 30 29 27 19 23 25 41 31 16 4 6 6 5 2 2 1 1 7 6 3 3 5 2 3 9 25 42 32 33 55 43 36 36 22 28 23 8 2 1 1 2 6
46 65 61 65 33 28 33 30 46 54 32 35 50 47 44 26 31 27 41 41 28 33 37 22 35 32 31 53 28 37 50 48 51 39 30 33 28 53 28 61 44 35 29 11 7 6 23 23 63 64 39 31 61 33 16 36 40 46 40 26 29 13 7 4 4 3 1 1 4 3 7 14 18 6 9 10 5 11 30 41 59 75 34 62 38 32 22 22 19 14 8 5 1 1 1 1
16 15 10 13 20 20 47 47 60 37 42 20 37 54 24 11 19 21 27 24 14 11 10 21 31 27 26 31 42 47 42 40 26 34 24 11 35 29 48 61 40 40 56 30 32 15 10 23 22 53 35 45 34 16 16 27 28 21 14 7 6 4 2 1 1 0 3 9 17 13 22 33 30 17 28 17 8 21 48 53 79 55 35 27 14 2 3 10 3 4 3 1 1 0 0 2
23 35 25 43 36 45 30 46 40 35 16 20 31 41 49 43 45 22 18 17 22 7 11 29 60 49 31 28 44 26 20 38 68 39 23 12 35 21 59 24 55 36 47 42 26 14 20 22 13 29 39 29 13 19 16 13 31 11 6 4 3 8 8 11 4 8 15 29 30 30 30 44 28 28 31 24 21 37 57 68 65 43 20 12 8 4 3 3 5 2 1 1 1 0 0 0
18 17 19 38 58 20 24 32 29 36 31 23 47 31 61 44 33 53 44 31 59 27 33 24 51 62 37 58 22 28 41 27 56 55 29 21 26 35 40 20 28 28 41 45 20 31 21 13 14 20 20 25 19 19 16 13 6 3 3 12 11 23 21 23 14 16 33 41 55 59 41 56 54 49 35 44 52 60 62 59 48 55 25 12 5 6 3 1 8 3 1 0 0 0 0 1
23 14 26 42 25 26 23 40 47 37 47 54 49 38 29 28 64 62 39 42 43 33 51 30 35 55 66 45 25 25 18 20 20 19 33 43 13 17 48 43 41 47 38 26 37 27 26 24 15 19 21 23 33 22 11 8 9 12 20 35 33 30 43 30 24 38 46 49 65 51 56 66 76 44 48 56 65 70 76 51 19 13 13 14 8 4 2 1 1 1 1 0 0 0 0 0
17 26 35 30 15 54 41 34 58 67 74 68 62 67 41 21 25 43 39 47 15 37 62 33 41 33 55 68 44 59 41 35 28 29 48 59 26 37 47 58 50 14 16 27 21 26 14 12 20 27 25 40 26 17 22 13 19 21 42 41 37 37 49 38 34 46 56 42 70 66 54 78 65 51 59 77 65 66 26 76 46 39 13 7 7 4 2 3 1 0 0 0 0 0 0 0
17 20 29 23 15 15 23 34 29 38 54 71 50 53 64 25 36 32 25 24 26 59 63 45 26 34 19 42 30 36 29 29 43 41 57 51 28 45 58 55 45 24 11 10 19 20 23 37 22 23 39 25 19 38 20 19 29 48 48 59 52 49 50 41 41 69 71 58 75 73 72 72 84 83 55 61 66 65 25 17 34 43 22 13 4 2 2 3 1 1 0 0 0 0 0 0
17 18 44 17 31 12 21 17 32 40 19 23 20 20 29 43 42 36 63 32 45 62 42 55 19 54 27 56 25 22 35 38 40 37 46 39 39 34 50 52 42 21 8 17 21 21 29 28 28 28 28 42 29 23 22 37 48 48 47 53 51 40 60 54 58 74 73 70 67 84 76 70 64 73 29 27 17 41 49 25 11 23 12 6 4 2 3 1 0 1 1 0 0 0 0 0
19 42 37 64 10 59 49 8 34 26 41 27 55 31 44 37 43 33 32 34 24 49 27 41 32 26 32 32 18 41 42 35 36 39 40 29 34 27 37 53 38 33 33 40 48 23 33 23 43 51 48 59 44 28 42 46 49 60 44 50 67 53 67 70 62 73 56 75 40 57 81 79 76 60 73 56 38 14 9 18 11 6 13 10 7 4 3 5 1 0 0 0 0 0 0 0
58 37 17 28 50 29 15 35 36 43 27 45 26 25 56 33 34 8 31 40 36 14 28 37 27 18 26 10 18 12 16 32 30 61 21 24 23 35 37 16 24 39 16 24 21 31 15 32 48 61 55 53 46 44 42 61 52 62 60 52 59 68 62 67 66 74 55 52 76 41 74 76 56 70 76 80 62 56 49 28 20 11 4 2 4 6 3 3 1 1 0 0 0 0 0 0
39 73 37 42 12 23 18 33 26 29 50 19 28 49 54 62 62 23 26 52 30 22 9 17 34 12 18 16 15 9 12 34 36 35 15 22 22 22 51 35 22 35 18 58 32 29 36 27 53 61 46 44 45 44 43 47 68 61 58 74 73 82 69 57 66 32 47 41 45 51 37 65 44 53 70 73 74 83 64 46 43 44 39 17 3 3 3 2 1 1 0 0 0 0 0 0
17 25 18 18 37 44 25 23 29 36 41 23 40 24 16 18 14 20 26 36 52 18 28 17 23 14 14 6 10 16 20 31 21 19 21 15 22 40 49 36 22 19 36 61 19 48 35 39 48 69 39 43 44 43 43 49 65 72 60 70 81 56 43 71 71 64 50 27 21 7 15 17 26 28 51 62 55 61 65 40 59 40 27 7 5 4 4 2 3 1 0 0 0 0 0 0
16 19 34 26 26 37 34 21 9 32 6 9 22 25 58 27 47 20 24 22 36 21 16 21 18 18 24 11 9 10 20 13 16 28 6 7 14 48 27 24 16 29 32 48 39 35 40 45 56 50 34 52 41 42 55 42 67 78 81 60 68 73 32 17 15 23 30 48 39 28 13 9 4 13 21 43 33 55 72 27 40 58 24 13 7 3 3 2 2 1 0 0 0 0 0 0
11 46 28 15 15 21 18 14 8 8 11 15 15 36 33 24 32 34 32 30 20 40 15 32 16 19 32 7 8 16 7 11 27 16 19 29 30 52 9 9 19 37 35 47 41 29 34 38 46 32 54 64 52 58 58 54 65 65 65 45 47 60 32 31 56 70 74 58 55 39 32 38 10 3 7 24 21 45 61 45 24 23 20 11 5 5 4 2 2 1 1 1 0 0 0 0
12 22 21 21 19 18 16 10 4 2 6 12 23 11 18 26 23 34 14 9 6 8 14 8 6 26 18 8 15 11 7 7 19 10 4 11 20 25 18 20 25 28 49 55 25 30 40 37 50 48 68 77 61 80 73 85 72 64 72 44 33 15 63 56 23 51 70 58 63 62 58 34 15 11 4 5 5 13 42 17 11 5 3 7 2 4 1 1 1 1 1 1 0 0 0 0
23 3 8 19 4 11 5 1 2 1 2 1 3 7 22 10 7 10 18 9 8 4 5 6 3 6 6 8 13 7 2 3 3 7 9 6 22 16 10 18 27 47 69 81 70 68 55 56 54 31 76 50 84 75 66 72 44 52 70 77 31 27 23 76 36 31 50 65 53 46 66 63 63 31 18 5 2 1 2 1 2 2 1 4 4 1 1 1 0 1 1 1 0 0 0 0
1 2 6 3 4 3 2 1 1 3 11 1 2 3 4 10 9 6 9 7 6 6 7 7 2 2 5 6 4 2 0 1 2 17 38 37 49 60 71 73 71 83 63 84 74 81 75 28 58 69 41 38 62 63 68 70 47 72 75 60 56 40 18 49 73 30 11 29 56 71 57 50 24 21 25 18 6 2 3 1 2 2 2 1 3 2 1 1 0 0 0 0 0 0 0 0
1 2 3 1 1 1 4 20 33 7 11 11 21 2 2 6 5 3 3 3 3 1 2 1 2 2 9 11 13 2 1 3 4 3 7 39 55 66 65 71 65 77 65 66 78 81 80 46 36 41 82 61 30 57 26 37 35 72 84 68 52 47 32 27 80 41 38 17 34 49 73 18 8 15 16 24 16 10 8 3 2 1 1 1 1 2 1 0 0 0 0 0 0 0 0 0
3 5 4 6 7 16 27 14 17 19 21 8 12 8 4 2 2 2 2 2 1 1 12 8 23 22 8 4 12 3 1 14 10 5 9 12 20 62 66 74 59 46 47 47 67 81 87 87 40 41 60 65 47 27 50 20 51 59 78 74 26 38 29 17 78 55 26 22 17 64 67 76 33 25 15 8 6 4 2 3 4 3 1 0 1 0 1 1 0 0 0 0 0 0 0 0
11 14 7 35 21 27 33 44 46 44 22 17 24 9 7 2 1 2 1 2 1 1 1 2 4 8 21 16 5 5 5 5 9 17 4 11 30 50 58 68 65 39 26 38 53 79 86 82 88 84 36 48 43 39 23 18 33 56 71 75 27 29 35 29 49 84 56 33 16 9 11 30 14 15 8 19 11 4 2 1 1 1 2 1 1 0 0 1 1 0 0 0 0 0 0 0
12 24 29 35 44 39 54 36 64 54 30 52 37 15 41 26 21 9 3 1 1 1 1 1 2 3 6 25 3 3 7 4 17 14 21 21 17 16 8 6 54 60 24 41 33 42 64 67 83 88 81 53 52 65 39 45 28 62 75 65 67 25 42 33 20 76 86 60 38 12 6 7 28 17 8 6 10 10 3 2 1 1 1 1 1 0 0 1 0 1 0 0 0 0 0 0
2 4 9 42 58 45 76 75 77 75 62 61 35 54 67 53 30 13 22 7 4 2 2 3 3 10 24 7 6 7 5 16 32 16 23 32 28 25 19 17 15 29 26 27 19 38 70 47 68 80 88 59 49 46 56 50 11 50 66 65 63 43 27 27 12 61 77 76 43 35 6 2 18 33 10 2 3 2 4 1 1 1 1 1 1 0 0 0 0 0 0 0 0 0 0 0
7 9 15 56 62 71 71 62 57 81 84 64 73 72 72 58 38 37 30 22 12 2 6 12 24 55 48 9 4 8 10 15 12 21 14 24 27 34 39 23 16 16 16 13 29 36 53 48 17 64 79 85 45 36 43 22 17 12 38 44 78 71 16 17 30 39 41 67 20 30 20 3 4 15 10 5 3 3 3 3 1 1 0 0 0 1 0 0 0 0 0 0 0 0 0 0
4 7 6 7 7 11 31 41 42 16 41 79 87 82 78 48 44 66 42 28 37 6 8 5 5 7 44 59 14 5 11 15 15 33 27 20 30 31 44 27 35 46 37 29 21 13 53 54 43 29 56 75 58 29 13 12 29 11 17 39 41 35 23 17 17 27 16 65 16 20 13 13 2 6 7 9 6 4 4 3 2 1 0 0 0 0 0 0 0 0 0 0 0 0 0 0
2 4 9 28 29 36 69 35 35 28 34 19 62 82 86 68 63 67 39 40 20 40 16 30 23 9 5 9 16 8 3 14 23 44 16 20 15 24 41 37 31 31 24 25 40 35 33 12 33 60 35 43 12 14 7 21 17 23 16 17 35 42 28 20 7 8 9 41 43 9 4 9 7 2 3 3 5 2 2 1 1 1 1 1 0 0 0 0 0 0 0 0 0 0 0 0
2 7 4 4 14 10 19 26 24 34 18 7 18 41 66 77 76 35 11 13 13 46 28 42 30 24 16 6 6 14 9 54 41 20 57 32 32 34 40 27 34 50 56 44 51 34 39 22 21 17 60 40 30 19 13 10 17 19 13 15 27 44 27 14 12 7 14 28 49 23 7 3 10 6 3 1 1 2 2 1 1 1 1 1 0 0 0 0 0 0 0 0 0 0 0 0
7 1 4 10 22 26 16 18 22 31 39 26 49 23 22 30 41 26 17 25 49 15 21 37 63 65 13 15 9 52 26 28 60 48 67 29 72 38 30 29 33 35 33 44 36 38 37 25 23 21 19 28 20 19 22 16 12 17 8 4 7 12 22 18 18 12 8 13 18 21 9 10 11 4 5 2 1 2 2 1 1 0 0 0 0 0 0 0 0 0 0 0 0 0 0 0
23 7 19 9 11 21 20 30 40 41 27 30 13 36 47 31 35 26 18 28 11 39 37 26 12 29 34 45 45 10 17 45 41 16 32 31 17 56 26 33 34 43 22 29 19 20 19 26 30 26 14 7 29 31 19 25 15 11 11 10 5 9 22 9 9 8 6 7 9 20 4 6 4 2 2 2 1 1 1 1 1 1 0 0 0 0 0 0 0 0 0 0 0 0 0 0
40 31 4 4 23 9 36 59 23 22 38 32 30 55 20 36 21 18 14 10 19 31 29 31 26 16 22 26 14 23 10 46 27 40 41 56 14 25 46 19 25 41 34 43 39 16 21 24 17 24 10 16 4 11 9 30 10 11 8 14 9 7 3 3 2 1 1 2 3 3 2 1 3 2 1 3 2 1 1 1 0 1 0 0 0 0 0 0 0 0 0 0 0 0 0 0
43 34 61 15 13 32 8 7 41 46 17 42 20 47 19 40 37 24 22 34 43 46 32 17 30 32 24 30 53 55 42 11 10 16 40 29 27 8 47 40 38 30 14 20 34 32 20 12 19 22 14 4 27 14 9 26 16 5 9 4 3 6 3 2 1 1 0 0 2 4 3 1 1 2 2 3 2 1 3 1 0 0 0 0 0 0 0 0 0 0 0 0 0 0 0 0
26 41 55 37 9 7 36 16 5 15 32 23 12 19 35 28 18 11 19 26 37 37 67 49 37 35 32 29 60 69 45 29 12 27 45 38 54 26 8 50 29 40 38 32 17 15 20 25 19 18 7 3 6 3 2 9 6 5 4 2 2 5 3 2 2 1 1 0 0 1 2 1 3 3 3 3 3 2 1 1 1 0 0 0 0 0 0 0 0 0 0 0 0 0 0 0
45 41 71 47 59 25 9 56 18 24 56 21 37 29 17 40 17 17 18 17 14 29 50 46 38 42 38 34 48 70 75 51 26 22 60 55 57 38 17 28 69 28 25 56 35 34 24 28 25 10 5 2 2 2 2 2 5 4 2 1 1 1 2 3 1 1 1 0 0 0 0 1 1 0 1 1 1 2 1 0 0 0 0 0 0 0 0 0 0 0 0 0 0 0 0 0
53 44 37 61 35 42 46 17 64 36 51 65 49 57 39 21 22 19 26 49 24 40 64 57 40 40 41 30 21 25 67 57 40 30 26 62 44 31 25 15 21 53 16 16 18 20 21 28 37 17 22 7 4 2 2 1 2 1 2 5 1 1 1 1 0 1 0 0 0 0 0 0 0 0 0 1 1 0 1 0 0 0 0 0 0 0 0 0 0 0 0 0 0 0 0 0
23 64 55 67 53 61 67 56 35 26 17 12 24 18 20 48 37 24 42 14 58 26 67 76 41 43 45 28 17 8 16 43 61 40 16 42 52 23 48 37 27 15 41 42 22 21 32 19 24 10 25 8 3 2 2 1 1 1 1 2 2 1 0 0 0 0 0 0 0 0 0 0 0 0 0 0 0 0 0 0 0 0 0 0 0 0 0 0 0 0 0 0 0 0 0 0
18 20 8 31 34 8 13 9 35 28 49 47 45 52 22 24 49 46 40 39 30 24 60 81 63 55 50 49 29 9 9 10 51 35 38 35 55 20 48 51 36 16 13 38 27 33 23 18 20 7 2 2 4 3 3 2 1 1 0 0 1 0 0 0 0 0 0 0 0 0 0 0 0 0 0 0 0 0 0 0 0 0 0 0 0 0 0 0 0 0 0 0 0 0 0 0
18 31 23 12 13 29 21 19 22 47 26 45 33 19 29 45 24 18 27 44 26 73 45 65 73 55 62 53 53 25 11 13 9 25 37 40 46 22 48 29 35 35 24 19 31 20 20 29 20 13 8 3 4 2 1 1 1 0 0 0 0 0 0 0 0 0 0 0 0 0 0 0 0 0 0 0 0 0 0 0 0 0 0 0 0 0 0 0 0 0 0 0 0 0 0 0
34 24 31 18 29 47 29 23 34 38 19 26 29 14 28 49 34 38 23 26 62 47 34 29 75 50 22 18 18 12 14 6 15 7 12 18 78 56 30 43 28 15 25 26 15 26 13 14 27 22 15 6 3 1 1 1 0 0 0 0 1 1 0 0 0 0 0 0 0 0 0 0 0 0 0 0 0 0 0 0 0 0 0 0 0 0 0 0 0 0 0 0 0 0 0 0
21 15 17 14 6 18 19 21 14 10 32 28 28 10 23 31 22 34 42 71 47 32 41 60 76 67 32 25 25 27 24 24 9 13 15 9 6 8 24 25 19 33 13 23 18 27 26 13 28 13 15 11 6 2 1 0 0 0 0 1 1 2 3 2 0 0 0 0 0 0 0 0 0 0 0 0 0 0 0 0 0 0 0 0 0 0 0 0 0 0 0 0 0 0 0 0
11 8 14 7 15 12 14 9 6 5 8 13 15 25 21 23 20 37 34 26 29 30 16 9 17 18 14 21 44 45 26 51 37 14 9 7 9 8 7 20 16 30 22 10 28 17 23 16 13 6 8 6 3 2 1 1 0 1 2 2 3 3 2 2 1 0 1 1 1 1 0 0 0 0 0 0 0 0 0 0 0 0 0 0 0 0 0 0 0 0 0 0 0 0 0 0
13 7 12 2 7 6 15 23 48 44 36 5 10 23 20 11 19 36 54 39 45 20 28 22 15 20 48 28 31 42 55 39 24 24 25 5 3 4 7 11 10 16 22 24 21 19 12 7 16 6 4 3 2 1 1 2 1 3 4 3 5 4 4 2 2 1 1 2 2 1 1 0 0 0 0 0 0 0 0 0 0 0 0 0 0 0 0 0 0 0 0 0 0 0 0 0
3 4 3 2 15 16 6 24 60 65 46 51 29 12 22 32 28 42 43 21 15 19 40 30 27 29 43 20 10 29 25 16 8 15 24 14 6 5 11 6 4 7 7 7 11 11 11 6 9 6 2 1 2 3 4 4 4 6 6 7 4 7 6 4 8 2 3 3 3 2 1 0 0 0 0 0 0 0 0 0 0 0 0 0 0 0 0 0 0 0 0 0 0 0 0 0
2 5 13 13 18 15 33 26 8 23 53 48 48 60 64 52 78 48 39 42 14 9 35 23 25 37 21 19 12 11 25 27 26 19 25 12 9 18 22 7 4 17 8 11 7 3 9 4 3 2 2 3 5 10 10 10 7 6 6 8 5 10 11 14 12 7 4 3 3 2 1 1 2 1 0 0 0 0 0 0 0 0 0 0 0 0 0 0 0 0 0 0 0 0 0 0
7 2 1 7 31 35 47 73 66 36 42 73 62 46 72 56 82 81 78 57 29 46 9 11 11 10 31 35 37 48 15 52 49 25 9 13 5 15 15 8 20 10 9 7 8 5 6 4 3 3 7 6 16 27 25 14 19 9 11 11 8 17 17 16 10 9 5 4 4 4 3 1 0 0 0 0 0 0 0 0 0 0 0 0 0 0 0 0 0 0 0 0 0 0 0 0
12 14 29 7 6 26 48 68 71 38 30 76 41 38 73 52 51 28 45 59 19 30 23 18 13 19 26 35 33 54 26 16 15 33 20 19 7 28 13 12 17 23 17 15 16 23 18 12 4 14 23 22 26 41 41 38 14 8 31 17 13 19 20 12 17 16 3 9 9 3 3 1 1 0 0 0 1 0 0 0 0 0 0 0 0 0 0 0 0 0 0 0 0 0 0 0
38 14 22 48 30 15 15 27 29 69 25 69 47 46 68 34 15 24 37 24 19 9 24 15 21 35 34 18 12 35 24 16 7 6 8 7 23 25 12 8 40 39 21 43 33 15 15 7 6 19 38 38 38 69 33 28 21 10 44 17 17 20 30 30 20 13 9 11 4 2 2 1 1 2 1 1 1 0 0 0 0 0 0 0 0 0 0 0 0 0 0 0 0 0 0 0
61 56 24 50 59 74 64 37 15 17 47 75 65 26 68 32 33 25 36 26 13 10 32 14 31 27 30 26 22 17 10 13 14 21 25 16 31 7 12 21 40 40 48 49 27 12 6 12 26 21 36 56 69 39 26 33 31 17 56 26 49 18 35 16 16 36 18 7 11 3 2 2 5 4 1 0 0 1 0 0 0 0 0 0 0 0 0 0 0 0 0 0 0 0 0 0
56 69 71 60 64 81 69 85 59 12 37 67 12 25 49 46 35 15 49 10 10 9 18 11 45 31 17 14 13 4 3 14 22 15 34 13 41 10 29 28 56 58 65 28 23 14 14 29 42 38 37 62 60 39 45 60 46 29 67 60 31 37 33 39 53 28 19 13 7 3 3 13 5 1 1 1 1 0 0 0 0 0 0 0 0 0 0 0 0 0 0 0 0 0 0 0
54 78 76 83 76 72 82 81 70 41 35 34 42 15 49 39 29 20 14 9 9 11 28 15 23 20 18 36 27 25 29 29 18 9 12 25 56 26 32 42 69 68 47 28 15 25 29 57 67 50 42 65 52 37 52 72 36 55 60 54 61 26 37 69 63 31 23 9 11 12 6 6 3 2 2 0 0 0 0 0 0 0 0 0 0 0 0 0 0 0 0 0 0 0 0 1
13 69 81 68 78 34 61 72 71 69 59 66 47 13 52 73 45 19 23 16 8 17 26 16 13 17 29 9 13 14 5 12 9 25 54 36 56 27 27 44 68 46 22 11 24 48 46 48 76 59 63 65 35 58 72 64 32 55 44 68 56 64 67 54 38 22 25 10 5 2 1 1 0 0 0 0 0 0 0 0 0 0 0 0 0 0 0 0 0 0 0 0 0 0 0 1
27 25 51 23 11 13 19 17 22 11 15 29 59 18 11 51 60 44 34 30 16 13 9 11 29 9 18 18 46 40 8 20 25 28 65 68 76 43 29 56 49 23 14 30 57 57 51 52 77 58 66 77 67 59 76 64 63 39 61 67 42 65 48 17 6 7 4 6 10 8 6 4 4 1 0 0 0 0 0 0 0 0 0 0 0 0 0 0 0 0 0 0 0 0 1 1
29 27 12 17 27 53 55 22 27 5 12 13 8 4 16 9 12 20 10 8 6 27 14 17 8 30 26 33 19 30 28 47 41 41 67 76 60 51 44 60 31 29 29 49 62 59 69 46 67 76 69 82 87 71 64 81 82 62 80 75 74 79 54 61 34 26 21 14 7 2 2 2 1 1 1 1 0 0 0 0 0 0 0 0 0 0 0 0 0 0 0 0 0 0 1 3
47 49 37 34 52 60 63 50 21 17 29 19 23 17 16 22 17 6 6 9 12 34 14 16 29 34 17 61 53 41 53 59 53 56 66 43 28 44 25 57 44 36 34 50 64 71 75 66 71 79 69 80 77 76 32 43 76 82 80 66 23 16 33 26 51 25 14 21 4 2 1 1 2 1 0 0 0 0 0 0 0 0 0 0 0 0 0 0 0 0 0 0 0 0 1 1
31 9 38 45 56 49 53 33 10 20 19 26 50 40 19 19 8 14 12 13 3 7 49 32 22 7 12 33 46 37 38 47 64 40 67 28 41 30 11 54 43 41 52 65 64 78 79 64 81 87 66 47 48 38 22 22 55 65 50 31 36 26 21 28 17 13 11 4 8 4 4 1 1 1 1 0 0 0 0 0 0 0 0 0 0 0 0 1 1 0 0 0 0 1 2 2
