sesion_6_simulaciones/modelos_agentes/ejemplos_netlogo/scenarios/cgcm2_a2/rob_2027.asc
NCOLS 322 
NROWS 307 
XLLCORNER 451900 
YLLCORNER 4086900 
CELLSIZE 100 
NODATA_value -9999 
[rows 222 to 295 of 307, columns 192 to 287 of 322]
1 1 0 0 1 1 0 0 0 0 0 0 0 0 0 0 0 0 0 0 0 1 3 2 1 1 1 1 2 2 1 2 6 7 8 6 13 29 29 37 43 38 42 61 43 55 57 39 50 62 58 54 24 23 31 33 31 55 67 66 47 38 46 26 53 75 64 52 70 74 29 12 3 1 0 0 0 0 0 0 0 0 0 0 0 0 0 0 0 0 1 1 1 1 1 1
4 4 2 1 1 0 0 0 0 0 0 0 0 0 0 0 0 0 0 0 0 1 3 5 2 2 3 2 4 5 3 3 9 10 11 8 15 13 21 27 36 32 41 61 50 38 54 39 50 46 45 31 35 28 17 21 28 44 36 36 28 39 44 25 28 56 44 33 54 63 28 8 3 1 0 0 0 0 0 0 0 0 0 0 0 0 0 0 0 0 1 1 1 1 2 2
5 3 3 1 1 1 1 0 0 0 0 0 0 0 0 0 0 0 0 0 0 2 3 7 6 4 4 6 6 13 14 8 9 11 14 9 17 8 21 25 20 30 38 57 66 35 49 48 28 25 33 33 47 18 9 29 30 49 25 45 43 44 44 36 10 12 3 2 5 34 39 8 2 0 0 0 0 0 0 0 0 0 0 0 0 0 0 0 0 0 1 1 1 1 2 5
2 1 1 1 0 0 0 0 0 0 0 0 0 0 0 0 0 0 0 0 1 1 2 6 10 11 8 10 8 17 42 26 16 15 8 10 14 14 32 19 18 21 33 40 58 53 25 35 15 16 15 12 26 29 7 22 28 24 35 54 58 48 52 39 13 14 8 9 3 4 14 4 1 1 0 0 0 0 0 0 0 0 0 0 0 0 0 0 0 0 1 2 1 1 2 4
2 1 1 0 0 0 0 0 0 0 0 0 0 0 0 0 0 1 1 1 1 1 3 4 12 31 16 16 17 12 28 43 19 27 19 23 30 31 20 23 14 20 21 23 28 37 29 49 41 14 43 41 23 18 9 18 57 50 51 54 64 49 43 24 16 14 17 21 8 4 3 1 1 1 1 1 0 0 0 0 0 0 0 0 0 0 0 0 0 0 0 0 1 2 2 3
2 2 1 1 1 0 0 0 0 0 0 0 0 0 0 0 0 0 1 2 2 4 4 6 13 32 45 25 40 21 31 46 31 20 37 42 32 30 29 27 8 13 13 23 33 39 50 59 72 34 32 35 30 14 20 25 41 35 49 55 53 37 32 21 39 28 33 22 9 5 2 1 1 1 1 1 1 0 0 0 0 0 0 0 0 0 0 0 0 0 0 1 1 1 2 4
2 1 1 0 0 0 0 0 0 0 0 0 0 0 0 0 0 1 1 3 6 11 18 12 17 28 62 26 43 26 32 46 16 19 38 41 47 42 33 31 20 21 19 16 35 41 41 59 56 57 48 39 32 21 46 56 54 50 60 71 51 29 31 44 68 55 25 13 8 3 3 2 3 2 3 2 1 1 0 0 0 0 0 0 0 0 0 0 0 0 1 1 1 1 1 4
3 1 1 0 0 0 0 0 0 0 0 0 0 0 0 0 0 0 1 2 3 8 23 40 37 33 56 56 64 35 56 28 17 17 28 47 50 50 29 30 32 34 23 22 26 43 44 45 42 41 58 55 37 34 40 37 55 37 43 20 34 56 56 77 65 39 25 13 13 11 8 5 5 6 2 1 1 0 0 0 0 0 1 0 0 0 1 1 0 0 0 1 2 2 3 4
1 1 0 0 0 0 0 0 0 0 0 0 0 0 0 0 1 0 1 1 4 8 20 24 46 47 64 69 63 34 49 22 18 44 30 45 52 39 35 46 40 47 23 25 44 45 56 48 59 35 39 39 34 11 22 15 76 47 27 41 51 50 53 40 23 17 17 16 10 12 17 14 8 2 1 1 0 0 0 0 0 0 1 0 0 0 1 2 0 0 0 1 1 1 2 4
0 0 0 0 0 0 0 0 0 0 0 0 0 0 0 1 1 1 1 3 4 9 21 34 36 46 56 58 61 59 65 34 25 37 50 40 52 45 40 40 44 31 37 24 26 30 47 56 54 44 26 29 24 24 38 36 12 76 81 56 35 19 34 28 33 24 15 9 4 16 36 16 4 2 1 0 0 0 0 0 0 0 0 0 1 0 1 1 2 0 1 1 1 2 2 3
0 0 0 0 0 0 0 0 0 0 0 0 0 0 1 1 0 1 2 3 4 15 31 45 35 44 59 56 76 81 54 45 44 57 38 55 54 51 48 46 44 40 54 21 39 34 45 44 34 18 38 28 36 38 45 57 43 33 42 48 27 45 28 26 20 21 17 5 10 19 18 6 4 2 1 0 0 0 0 0 0 0 0 1 1 0 0 0 4 1 1 1 2 2 2 2
0 0 0 0 0 0 0 0 0 0 0 0 0 0 0 0 1 2 3 9 6 8 41 37 58 49 58 66 27 80 58 54 47 62 49 42 48 58 50 48 48 41 66 24 24 62 45 42 40 32 51 30 33 49 57 26 51 50 32 15 26 15 22 24 21 19 11 30 20 7 10 4 2 1 1 0 0 0 0 0 0 0 0 1 1 1 0 1 2 2 1 1 1 4 3 2
0 0 0 0 0 0 0 0 0 0 0 0 0 0 0 0 1 1 4 10 19 26 54 44 62 65 71 66 72 65 84 50 45 57 46 25 33 55 58 64 50 25 46 54 15 30 39 61 39 43 55 43 31 40 33 30 17 19 24 40 32 33 28 39 16 16 21 9 6 8 6 3 2 0 0 0 0 0 0 0 0 0 1 1 1 2 0 1 2 2 7 3 1 2 5 4
0 0 0 0 0 0 0 0 0 0 0 0 0 0 0 0 0 1 4 8 20 18 33 10 28 52 49 26 28 53 77 46 54 82 46 49 55 63 41 16 29 15 46 54 17 41 58 41 17 36 51 50 32 39 27 15 45 48 49 35 20 27 54 60 37 27 39 32 21 11 5 2 1 0 0 0 0 0 1 0 0 0 1 1 2 1 3 1 2 1 1 4 1 1 2 4
0 0 0 0 0 0 0 0 0 0 0 0 0 0 0 0 1 1 3 6 11 8 9 31 29 35 27 35 42 53 69 67 72 73 64 60 58 53 52 30 40 36 42 57 16 28 47 44 28 25 31 43 38 30 13 35 49 23 28 35 36 58 65 63 61 50 26 13 16 8 17 4 1 0 0 0 0 1 1 0 0 0 1 0 1 2 2 4 3 3 2 6 2 0 2 2
0 0 0 0 0 0 0 0 0 0 0 0 0 0 0 0 0 1 1 1 3 19 22 19 29 44 44 34 42 56 57 56 68 71 51 57 54 56 59 26 56 48 38 58 14 20 43 37 50 52 27 26 50 38 26 36 34 28 57 40 66 48 47 66 74 38 24 8 21 5 3 2 0 0 0 0 0 1 1 1 1 1 1 1 1 1 2 5 11 13 2 2 4 2 3 6
0 0 0 0 0 0 0 0 0 0 0 0 0 0 0 0 0 0 1 2 4 7 14 12 13 26 45 34 48 38 50 57 59 74 63 70 55 67 47 50 30 43 25 45 15 13 26 27 34 49 54 30 27 11 31 16 13 42 45 37 45 34 55 55 54 63 22 6 2 3 2 0 0 0 1 1 0 0 1 1 3 1 1 1 1 1 1 1 1 3 9 8 5 3 3 6
0 0 0 0 0 0 0 0 0 0 0 0 0 0 0 0 1 0 1 2 5 8 7 14 23 37 32 28 37 40 26 31 52 48 44 61 39 63 49 45 43 44 75 50 23 25 39 58 33 23 29 29 10 38 12 19 37 64 54 73 71 51 31 34 27 15 14 13 4 2 0 0 0 1 1 2 1 1 2 3 2 3 1 1 1 1 2 1 1 2 6 6 5 20 5 10
0 0 0 0 0 0 0 0 0 0 0 0 0 0 0 0 1 1 1 1 2 1 4 6 9 18 18 18 20 28 43 45 31 28 20 71 50 76 42 54 43 39 77 58 43 28 60 49 50 44 25 56 27 53 38 53 51 23 36 41 44 36 19 26 31 18 18 5 4 2 1 0 1 1 1 2 2 1 1 2 3 5 3 4 2 1 1 3 1 0 1 1 1 7 15 6
0 0 0 0 0 0 0 0 0 0 0 0 0 0 1 0 1 2 1 3 6 8 15 21 27 27 32 51 58 45 44 60 59 46 58 53 75 66 46 51 42 33 27 64 39 18 32 40 49 38 46 56 62 70 88 81 80 70 71 46 43 41 42 46 30 15 9 5 4 1 0 0 1 1 2 2 2 2 2 5 3 6 3 6 3 1 1 3 4 1 2 3 2 1 2 3
0 0 0 0 0 0 0 0 0 0 0 0 0 1 1 1 0 1 3 6 14 12 23 35 49 60 61 50 71 57 49 48 46 32 22 25 48 53 56 47 48 22 27 56 28 21 21 39 26 41 12 9 13 16 36 51 85 85 67 61 44 37 17 36 21 11 7 4 1 0 0 0 1 1 1 2 3 5 3 6 3 2 9 8 4 2 2 5 4 2 3 5 4 9 11 18
0 0 0 0 0 0 0 0 0 0 0 0 1 1 1 2 0 0 1 2 7 19 9 28 28 45 59 45 10 26 45 36 27 27 37 46 51 34 62 29 40 28 12 47 34 38 15 15 12 32 28 20 19 16 17 14 35 63 74 73 78 38 29 17 11 8 7 5 3 1 0 1 2 2 2 2 8 6 7 6 8 3 3 15 7 2 3 4 3 3 5 3 7 10 16 23
0 0 0 0 0 0 0 0 0 0 0 0 0 1 1 1 1 0 1 2 4 7 6 16 16 17 20 14 12 14 27 27 27 38 34 24 38 55 50 11 32 37 13 31 32 12 7 36 32 29 51 33 41 41 40 42 44 55 48 36 46 73 48 32 21 16 13 4 2 1 0 2 2 4 5 3 7 10 8 6 5 5 2 9 14 6 6 3 7 4 7 8 6 12 13 10
0 0 0 0 0 0 0 0 0 0 0 0 0 1 1 1 2 0 0 0 1 1 5 6 10 20 22 29 38 27 37 25 26 44 38 33 31 23 12 15 29 42 68 43 22 25 10 22 28 27 45 58 32 48 61 37 30 26 28 19 18 30 42 37 26 12 10 5 1 0 1 2 3 5 5 6 5 16 10 17 7 13 8 8 30 11 15 5 9 9 10 18 10 12 11 17
0 0 0 0 0 0 0 1 1 0 0 0 0 1 2 1 1 1 0 1 1 1 4 5 10 18 24 24 30 51 44 51 48 66 26 21 26 34 33 31 59 57 25 27 53 29 19 23 22 58 62 26 45 41 32 33 49 42 48 28 21 15 14 15 14 9 4 3 1 1 1 3 4 7 5 5 6 10 14 21 14 9 16 9 31 8 11 12 7 19 12 12 12 9 11 11
0 0 0 0 0 0 0 1 1 1 0 0 1 1 2 9 1 1 0 2 3 4 3 4 7 10 19 15 22 34 40 35 32 34 37 38 34 45 44 31 20 16 12 9 17 31 40 24 54 69 24 14 18 43 43 40 33 41 27 23 23 15 11 7 6 5 3 2 1 1 2 4 4 4 5 6 8 10 18 15 16 14 15 27 35 10 13 16 9 20 14 6 17 7 4 10
0 0 0 1 1 0 1 1 2 2 0 0 0 1 2 3 1 1 1 2 4 5 5 3 4 4 11 16 20 32 25 25 34 33 34 34 34 29 27 27 22 15 12 10 17 9 14 46 20 43 20 19 19 17 29 76 51 53 39 29 19 15 11 7 5 4 2 1 1 1 3 4 3 5 5 11 14 8 12 28 22 27 28 28 37 22 25 9 27 20 6 11 14 6 9 12
0 1 1 2 1 0 0 1 2 4 1 0 1 1 2 5 2 1 1 4 6 11 6 8 9 3 6 11 15 14 21 17 26 31 32 21 20 12 15 20 37 37 39 34 31 44 35 14 8 16 26 46 47 38 41 25 37 38 47 40 27 14 10 8 5 4 3 1 1 3 4 5 6 6 12 12 10 19 12 10 18 20 23 34 15 70 29 10 20 19 5 12 9 22 12 16
1 1 1 2 1 1 1 2 2 3 0 0 1 1 3 4 4 0 3 6 8 18 9 13 12 19 12 9 7 10 12 24 42 36 15 34 17 34 21 23 29 37 25 21 19 29 15 17 31 45 49 40 45 40 48 17 14 14 13 22 17 17 12 10 8 6 4 2 1 3 4 4 7 10 13 5 11 8 17 8 14 12 24 16 35 59 18 13 30 10 7 13 12 18 22 23
1 1 2 2 2 1 1 1 3 6 1 1 2 3 3 8 1 1 4 6 13 20 26 15 32 20 23 25 15 16 11 46 54 38 44 29 26 36 25 21 35 17 26 15 23 26 23 23 22 46 43 32 44 46 41 17 31 35 32 36 28 22 20 19 13 11 6 2 1 4 5 5 12 8 11 20 21 15 8 16 12 19 21 31 26 48 34 32 29 13 12 20 10 11 5 25
0 1 2 2 2 2 1 2 3 5 1 2 4 10 12 4 1 1 4 7 9 24 25 34 22 25 42 32 29 30 32 43 59 55 46 50 50 31 54 34 19 29 12 9 10 20 18 23 23 28 33 37 41 34 44 45 44 50 47 49 45 44 26 16 8 5 4 1 2 6 9 7 16 18 12 16 22 16 19 6 25 8 12 27 32 49 56 64 29 16 23 18 24 25 17 35
1 1 3 4 6 3 2 2 5 6 1 2 5 14 8 1 1 2 4 7 16 21 26 32 36 28 43 36 51 54 54 44 24 32 45 45 44 24 40 40 39 29 17 16 33 21 17 35 15 12 15 26 46 60 43 44 62 57 51 33 45 25 10 12 11 7 3 1 1 5 14 8 13 19 24 18 25 16 22 17 12 31 14 6 8 28 49 62 29 37 28 25 22 38 16 16
1 2 2 3 10 6 2 3 5 7 1 1 6 13 4 1 1 2 7 8 9 13 20 30 48 29 37 36 32 53 59 47 48 38 40 26 33 36 43 34 33 22 18 27 44 32 27 29 10 8 13 41 53 34 61 64 34 39 26 24 18 13 21 19 8 6 5 1 2 3 17 11 12 12 18 27 21 21 11 20 10 37 22 17 10 8 24 39 52 65 35 30 25 30 12 16
1 3 2 3 4 11 3 5 11 3 2 2 4 18 6 2 1 4 7 9 17 27 29 45 47 44 25 31 52 47 29 59 78 65 35 35 27 31 44 32 19 31 33 24 28 15 22 15 35 25 35 41 45 56 62 48 57 36 37 35 27 22 16 11 9 8 3 2 2 5 6 21 13 12 16 19 35 33 22 41 15 14 24 22 17 16 16 30 51 54 37 36 30 33 19 28
2 2 7 6 3 7 3 6 23 3 3 7 10 14 3 3 0 2 9 12 26 21 26 49 51 49 43 19 15 19 29 29 33 16 18 31 48 32 32 48 39 28 22 19 13 9 13 18 41 42 46 47 53 58 71 65 59 47 37 41 31 32 29 12 11 10 4 3 3 11 13 13 27 12 15 18 39 35 25 19 30 16 13 30 32 19 23 24 38 49 58 37 32 22 35 18
3 3 9 13 6 15 3 7 29 10 4 13 15 7 3 1 1 1 4 13 31 33 28 34 44 57 41 20 25 23 28 29 37 30 23 14 27 37 48 46 31 27 14 20 23 13 22 10 4 9 44 37 31 49 46 34 33 54 50 41 40 19 18 15 10 9 8 2 4 11 15 14 15 7 21 23 25 42 55 41 41 24 17 17 32 22 18 30 45 78 70 37 24 21 35 17
3 3 4 16 7 15 8 7 10 16 7 19 13 2 1 1 2 3 8 18 22 28 38 23 35 47 62 28 23 24 37 35 35 35 30 38 28 34 23 12 15 28 18 18 29 18 16 6 22 29 34 53 74 63 43 66 61 74 50 35 39 34 29 23 20 10 8 4 7 14 14 23 31 14 14 38 30 48 38 34 51 20 29 31 52 24 15 21 16 32 57 33 33 16 49 36
3 3 3 10 25 10 18 7 24 11 23 9 2 1 3 3 6 4 19 29 17 28 31 37 16 33 52 66 37 39 24 38 30 19 16 17 25 19 14 14 17 9 7 5 13 8 14 8 28 26 23 46 39 55 63 60 40 57 35 25 28 30 27 21 11 9 6 12 12 16 21 27 6 20 32 38 38 28 44 27 62 25 30 23 29 47 35 38 45 36 43 29 52 21 30 51
8 6 4 5 10 23 23 12 40 16 13 2 1 4 5 8 8 5 7 8 16 22 32 56 49 32 35 18 43 58 24 40 22 19 28 31 35 22 21 18 13 14 26 17 9 4 4 6 19 33 38 42 51 39 50 44 38 32 21 8 21 25 21 17 8 6 7 13 15 17 21 35 11 10 5 10 34 53 66 25 54 45 33 34 22 18 56 31 45 44 37 52 21 23 39 52
7 11 7 6 6 13 40 16 14 5 3 1 3 6 13 17 17 6 8 11 21 25 24 10 17 15 20 36 14 22 43 63 43 43 16 34 13 20 22 5 8 10 8 6 7 25 11 10 19 30 38 26 26 37 37 39 28 43 30 33 40 27 23 13 18 17 10 17 17 20 20 34 11 22 13 18 18 15 37 36 30 54 37 40 24 46 49 16 41 58 56 47 20 26 24 29
8 13 10 13 21 28 28 13 14 3 4 3 5 13 16 20 23 15 16 18 24 28 23 19 16 24 22 15 18 32 18 27 32 57 32 54 15 13 14 16 14 10 12 16 8 6 13 11 22 35 51 25 27 34 47 24 45 62 67 56 45 28 27 25 21 19 20 30 20 21 23 29 16 28 25 20 34 31 36 55 23 56 36 56 23 22 44 12 22 30 55 36 16 29 30 55
10 17 14 18 26 35 27 5 3 2 7 7 13 16 18 27 18 36 32 21 25 27 25 32 36 27 29 18 23 46 20 13 9 11 13 35 44 33 28 49 34 29 19 16 16 9 4 14 38 32 40 16 19 36 37 42 55 71 39 43 49 28 29 23 23 21 25 38 23 24 27 28 28 29 40 22 36 35 34 34 53 78 48 56 40 14 46 29 12 18 35 44 28 34 27 11
12 24 27 26 54 33 6 4 6 8 16 14 11 22 21 34 12 25 52 16 31 25 15 23 32 39 17 28 32 35 57 22 17 9 10 7 10 7 15 40 46 24 28 21 19 15 9 13 30 23 21 19 27 33 53 54 49 44 46 30 48 38 24 9 28 14 16 48 28 27 40 30 45 30 42 35 34 41 35 28 28 18 62 64 52 21 26 25 13 11 22 47 28 40 45 33
15 21 50 41 46 9 8 8 9 17 19 20 30 39 14 23 14 25 31 50 20 37 15 14 20 36 36 37 34 24 14 33 15 19 14 10 10 11 11 14 21 12 10 16 8 4 6 17 18 19 19 18 16 29 48 61 30 55 69 57 26 22 13 8 40 26 26 42 36 29 45 33 62 44 43 48 32 33 48 34 26 18 46 44 51 25 13 52 16 18 28 44 50 48 31 35
11 26 54 65 30 4 10 18 20 22 36 45 24 31 18 18 38 17 31 28 23 29 22 20 22 31 28 47 33 38 42 29 40 23 21 16 11 10 10 15 17 8 7 8 10 8 13 29 16 20 18 14 24 41 59 52 77 53 41 53 31 16 6 17 23 48 30 34 41 28 37 34 55 48 31 47 47 32 35 51 40 14 25 56 63 29 9 31 25 19 32 23 65 51 26 65
13 34 58 32 5 7 23 22 16 42 31 56 18 35 20 17 23 56 19 31 47 30 41 19 19 37 43 35 33 51 32 31 52 15 22 18 14 17 5 15 12 7 16 20 17 14 29 20 25 30 33 36 36 34 40 52 57 45 48 37 32 16 9 25 21 35 31 33 43 30 33 37 36 55 32 33 57 33 35 39 52 20 28 32 51 29 14 25 35 27 18 17 19 44 36 28
16 47 39 21 9 16 28 29 20 34 19 53 23 36 46 17 43 59 14 42 57 22 53 19 19 38 46 48 21 16 50 15 15 34 47 28 8 15 7 13 7 5 6 8 10 13 16 24 34 40 29 24 18 25 26 34 42 47 33 51 34 21 18 29 36 41 22 29 40 42 29 27 19 43 33 32 42 41 34 31 15 15 43 25 50 28 19 11 23 43 11 23 47 43 39 10
19 41 40 28 14 18 36 52 18 24 24 46 20 34 58 27 42 58 25 25 35 39 39 24 20 22 23 35 38 39 17 24 12 10 3 37 31 10 7 9 7 9 14 13 14 15 13 19 27 44 34 38 28 35 27 32 19 33 35 20 19 31 29 31 29 37 42 33 38 43 20 32 20 31 37 32 41 20 16 36 19 19 17 23 53 59 21 12 23 36 8 13 39 48 50 28
42 39 50 20 18 28 32 40 20 33 28 33 39 24 54 24 21 50 27 21 21 19 66 41 19 17 21 19 26 29 49 31 9 23 4 7 33 10 5 8 4 19 21 21 10 16 5 13 27 45 50 28 26 15 16 33 44 61 38 18 10 30 30 30 32 33 52 23 38 47 19 29 31 33 48 6 28 37 18 16 32 17 16 18 26 43 16 12 16 38 12 11 14 42 66 53
74 39 16 19 29 30 32 37 22 57 38 21 46 23 58 23 21 36 31 17 22 36 52 30 16 22 18 36 36 37 29 31 23 29 4 9 11 25 4 6 12 20 10 15 13 15 10 5 18 37 43 50 36 22 33 38 46 59 50 22 11 40 31 22 31 31 42 29 21 46 31 17 19 47 43 19 16 17 40 12 24 45 21 20 61 41 9 27 3 44 27 10 8 7 18 25
19 10 22 18 28 32 49 43 38 48 33 23 71 21 25 53 27 53 37 15 18 29 29 58 26 29 15 31 38 36 25 16 24 45 10 13 8 40 6 6 7 9 7 9 8 17 14 16 20 45 42 31 48 29 24 22 19 43 44 11 18 28 34 19 34 31 28 44 22 48 38 24 27 22 38 19 17 26 23 23 10 7 40 18 27 46 18 41 9 26 58 15 31 20 12 9
41 22 45 34 31 34 57 33 61 45 18 28 52 30 31 55 19 23 58 12 32 27 19 48 15 30 26 22 24 28 37 35 7 22 12 13 8 8 26 8 3 11 10 19 14 8 6 19 34 34 53 46 14 24 25 4 21 27 20 9 22 50 41 18 15 43 20 36 18 25 68 17 35 35 22 25 23 21 36 25 28 14 16 30 11 43 55 44 16 24 76 15 18 13 27 11
68 40 23 39 40 44 39 35 60 35 30 32 25 28 29 37 21 19 52 23 30 23 11 22 34 28 26 16 19 17 24 24 31 10 13 32 10 8 15 22 6 18 12 16 18 15 15 7 30 14 9 7 8 20 21 46 31 16 22 20 15 37 26 20 20 32 45 15 40 14 43 15 28 41 10 16 37 13 20 28 35 20 13 5 10 9 36 61 22 17 45 24 20 15 25 18
84 46 32 33 34 42 19 37 46 17 36 31 30 31 23 43 23 22 39 15 16 37 14 7 4 12 13 7 28 44 22 24 36 5 10 2 19 8 10 52 7 9 8 15 16 11 24 13 59 25 20 12 14 13 39 46 25 8 9 33 15 12 32 19 33 20 53 14 53 11 24 30 19 28 13 35 20 18 13 14 24 30 23 12 11 11 8 13 41 55 41 34 22 13 32 19
65 29 20 40 25 26 24 26 48 16 29 22 25 49 22 48 23 45 23 13 12 29 21 11 10 13 14 14 19 22 42 38 12 9 5 5 4 18 6 48 4 4 5 12 12 8 21 10 7 19 25 26 6 31 43 38 23 15 6 38 23 18 9 35 32 31 46 14 45 21 14 20 34 48 18 13 22 8 19 4 7 22 11 16 10 8 11 6 7 17 53 29 14 17 36 22
76 32 59 31 32 24 24 25 22 17 30 29 15 56 53 16 34 30 34 26 25 13 22 17 22 27 16 24 12 12 16 16 15 10 4 7 4 6 13 26 9 2 6 5 8 9 10 28 7 8 15 15 23 55 48 32 24 21 7 13 31 16 25 20 26 49 29 35 9 33 50 10 42 63 23 5 17 7 11 6 19 15 22 21 5 4 6 9 9 7 18 37 27 9 36 9
68 49 23 24 24 28 37 24 28 15 21 19 29 37 39 13 14 16 17 4 20 14 19 26 33 28 22 29 26 7 8 13 37 22 6 4 20 5 3 12 20 3 8 5 9 19 17 13 7 9 10 14 36 41 39 22 6 19 18 10 29 14 21 24 10 20 16 20 13 18 49 13 31 35 2 7 9 18 14 9 2 22 3 8 14 1 2 4 11 11 19 6 39 13 24 8
16 48 16 27 26 23 30 19 57 18 20 21 21 7 35 19 20 8 28 13 10 20 21 22 25 13 24 35 28 4 9 11 17 21 21 12 8 17 4 3 25 2 6 4 4 23 31 14 12 10 16 31 38 34 39 15 11 21 15 18 33 17 8 9 20 15 13 32 11 17 44 25 49 18 3 11 4 1 7 17 4 9 7 9 20 5 8 5 7 6 7 14 24 24 32 4
28 58 18 21 13 25 31 30 17 30 21 18 23 9 21 13 19 11 55 18 7 13 16 49 13 12 20 30 27 6 10 9 22 13 24 13 6 7 15 4 24 3 4 3 5 13 7 15 5 26 18 34 37 40 20 7 13 21 16 21 39 24 35 13 13 22 11 33 10 14 12 20 37 3 4 2 5 3 10 8 7 2 1 12 13 14 12 9 5 5 4 3 6 32 16 4
27 64 41 6 14 17 42 28 16 37 23 13 8 13 10 20 6 28 11 5 9 17 25 14 31 14 11 13 13 11 6 18 18 16 14 15 11 13 15 5 29 3 5 5 4 6 12 35 18 9 28 47 47 35 4 13 22 29 17 24 14 37 15 37 23 10 9 16 7 15 20 33 18 16 10 10 1 9 15 6 12 4 1 6 8 22 18 6 5 3 5 4 2 10 18 17
11 30 45 6 23 11 27 39 12 32 19 10 3 15 8 27 10 22 15 20 7 8 21 25 20 11 8 11 14 21 2 7 12 24 16 7 11 22 8 15 25 8 5 12 6 5 4 28 37 30 45 49 38 9 14 25 30 25 19 28 32 25 9 23 33 4 8 7 14 5 15 21 13 24 10 9 6 16 12 2 22 25 6 9 3 3 9 9 5 8 1 5 6 23 6 16
15 30 41 12 14 5 11 11 17 17 17 7 2 11 12 54 13 10 13 4 11 19 19 26 13 6 5 6 15 10 7 11 22 12 5 2 9 18 19 6 15 10 8 14 11 8 12 55 44 64 66 52 6 10 13 14 20 24 20 23 38 10 27 18 16 36 56 7 5 3 4 32 7 22 18 14 10 21 17 12 17 44 8 12 5 2 8 11 27 23 9 4 31 9 9 28
13 17 48 21 23 9 8 14 5 25 20 13 6 7 5 18 15 8 13 7 11 15 10 10 11 5 25 4 10 18 8 8 21 22 8 6 16 7 7 12 2 7 2 9 26 51 71 47 47 46 23 4 9 13 21 16 19 19 15 11 13 7 19 13 3 27 8 1 1 6 9 10 27 8 25 14 16 19 32 15 21 28 7 20 7 6 6 7 7 13 15 24 7 23 29 43
16 7 4 46 9 6 3 3 3 15 33 9 9 5 8 22 4 6 19 5 8 11 9 7 4 9 4 4 1 16 6 9 10 11 8 10 9 7 2 6 3 5 3 45 40 46 75 78 46 13 4 9 10 15 16 14 19 20 16 3 1 2 19 26 33 36 4 3 2 16 25 13 15 4 30 11 27 11 20 8 11 25 12 20 11 14 3 2 5 4 3 6 17 7 28 25
15 17 7 52 2 8 12 4 14 1 19 7 7 12 11 32 7 12 18 11 4 8 9 24 3 7 2 18 2 3 6 9 17 12 4 8 27 11 4 5 11 53 65 66 74 38 56 78 54 2 7 12 11 11 3 11 13 12 13 1 1 12 42 43 36 12 6 17 17 9 26 26 6 8 12 15 33 23 39 44 47 28 10 15 22 15 15 1 5 6 8 5 9 16 27 23
13 10 5 51 7 3 4 4 25 2 5 18 6 6 7 24 5 10 21 8 5 6 7 22 4 4 4 7 11 11 5 9 11 9 9 19 10 9 8 21 43 71 81 67 78 78 68 55 2 5 15 11 12 14 3 9 21 22 8 3 3 17 36 27 13 9 15 15 16 14 21 38 46 11 8 13 15 18 22 11 6 15 20 41 31 23 4 3 12 3 14 13 8 20 44 16
11 9 4 17 17 25 6 5 22 5 5 17 1 5 3 5 8 8 13 7 2 1 1 14 3 7 14 8 19 6 6 9 6 17 7 14 8 3 12 29 26 12 55 71 75 62 3 4 9 6 7 6 12 13 7 3 4 53 8 16 8 13 9 28 22 10 23 20 14 37 32 29 4 10 10 23 22 17 14 12 15 15 22 17 22 5 12 6 6 2 6 15 6 13 38 15
9 8 4 6 27 10 7 3 12 3 3 10 5 2 1 2 6 1 15 5 5 1 3 3 6 9 14 8 10 5 13 10 12 6 9 11 8 3 12 25 12 37 22 13 8 3 14 19 12 12 7 6 5 1 5 12 6 17 19 12 9 11 4 13 6 8 9 27 34 44 13 4 9 14 15 17 37 17 33 15 23 24 24 19 25 4 9 6 12 1 16 11 8 9 11 5
7 7 6 2 26 2 4 4 18 7 2 4 14 3 2 3 3 2 9 9 3 3 3 9 14 6 6 11 4 6 7 8 9 12 8 5 10 5 25 24 66 58 19 4 12 13 3 6 8 3 4 0 5 2 6 12 5 33 13 4 8 8 16 10 2 10 16 41 31 1 5 1 5 15 37 35 19 20 9 18 19 16 22 32 9 11 11 11 5 2 19 11 9 12 7 1
4 3 8 19 4 2 5 4 7 3 2 2 10 3 2 2 2 3 3 13 3 2 1 4 11 10 11 7 3 6 3 7 6 12 4 8 13 8 21 16 16 25 5 12 14 7 7 10 19 9 3 1 1 1 9 17 3 15 9 8 8 7 15 4 3 5 21 27 3 1 2 8 4 4 9 32 29 32 7 12 17 18 22 14 16 11 12 11 16 3 8 10 5 3 4 4
16 3 6 24 28 2 4 3 10 2 4 1 5 3 4 0 4 2 4 2 2 1 1 5 6 15 10 2 3 3 1 3 8 2 8 4 6 5 18 10 18 26 6 12 3 13 2 1 5 12 7 1 1 3 1 4 13 5 11 1 2 18 9 2 5 17 22 27 3 0 1 9 6 7 9 18 26 11 6 8 14 20 18 29 10 15 21 8 6 2 9 9 6 3 2 3
8 2 0 2 5 2 2 3 5 2 1 1 1 4 2 0 2 2 5 1 1 1 1 8 6 6 9 1 4 4 2 1 1 6 8 7 8 42 17 63 55 27 5 2 2 11 8 4 3 9 5 5 1 2 4 3 20 14 1 0 0 11 8 7 20 25 23 21 1 4 5 13 29 3 8 18 14 9 6 6 17 9 11 5 8 30 9 11 3 4 3 4 2 1 4 1
3 5 1 4 1 7 3 2 0 2 2 1 1 1 1 1 3 1 14 0 1 2 2 7 3 3 2 1 3 2 3 2 3 3 5 11 20 28 56 39 17 44 10 3 3 6 1 1 1 4 7 5 3 1 4 7 4 24 4 3 4 21 7 2 10 18 11 19 4 7 9 10 15 3 4 8 6 19 8 6 1 1 1 4 3 8 3 4 4 2 2 1 0 1 1 1
3 7 7 3 0 1 1 4 1 1 1 1 2 1 2 2 2 2 2 1 1 1 5 2 4 2 3 1 3 1 2 2 2 4 6 26 42 61 76 36 9 2 9 9 3 1 7 20 3 11 14 2 5 9 7 11 2 7 2 7 2 20 3 8 12 9 12 22 4 5 8 11 8 2 1 1 9 9 29 10 2 2 5 6 2 3 2 3 2 1 0 2 0 0 2 2
