sesion_6_simulaciones/modelos_agentes/ejemplos_netlogo/scenarios/cgcm2_a2/rob_2077.asc
NCOLS 322 
NROWS 307 
XLLCORNER 451900 
YLLCORNER 4086900 
CELLSIZE 100 
NODATA_value -9999 
[rows 74 to 147 of 307, columns 0 to 95 of 322]
0 0 0 0 0 0 0 0 0 0 0 0 0 0 0 0 0 0 0 0 0 0 0 0 0 0 0 0 0 0 0 0 0 0 0 1 3 3 2 2 1 2 1 0 0 0 0 1 1 1 0 1 0 0 1 0 0 1 1 1 1 3 2 3 1 1 1 2 3 5 11 6 4 2 14 43 16 19 38 61 59 14 22 28 42 9 5 4 9 5 7 7 5 5 10 8
0 0 0 0 0 0 0 0 0 0 0 0 0 0 0 0 0 0 0 0 0 0 0 0 0 0 0 0 0 0 0 0 0 0 1 2 1 1 6 5 1 2 2 1 0 0 0 1 0 1 1 1 1 0 1 1 0 0 0 0 0 1 5 6 2 3 6 4 4 2 3 7 7 5 9 55 19 8 6 48 44 28 24 17 6 20 20 7 9 7 8 17 14 8 6 37
0 0 0 0 0 0 0 0 0 0 0 0 0 0 0 0 0 0 0 0 0 0 0 0 0 0 0 0 0 0 0 0 0 0 0 1 1 3 3 2 2 7 2 1 1 1 0 0 0 1 1 0 1 0 1 0 2 1 0 0 1 3 2 5 6 5 8 7 11 7 6 2 2 2 8 57 70 19 10 11 32 30 16 6 6 42 39 30 24 5 5 3 23 25 16 23
0 0 0 0 0 0 0 0 0 0 0 0 0 0 0 0 0 0 0 0 0 0 0 0 0 0 0 0 0 0 0 0 0 0 0 0 1 1 1 1 7 2 2 2 3 4 1 0 1 1 1 1 1 1 1 0 1 1 0 1 1 2 2 5 3 5 7 8 10 14 14 14 14 10 6 12 46 31 19 5 35 51 10 5 32 54 9 54 33 16 7 19 29 29 30 16
0 0 0 0 0 0 0 0 0 0 0 0 0 0 0 0 0 0 0 0 0 0 0 0 0 0 0 0 0 0 0 0 0 0 0 0 0 1 1 3 2 5 2 3 4 13 4 3 4 2 2 1 1 1 0 0 1 1 1 2 1 1 1 1 2 4 5 11 12 11 13 22 15 16 8 2 4 13 14 7 15 16 11 11 34 13 10 6 6 24 14 21 16 21 26 33
0 0 0 0 0 0 0 0 0 0 0 0 0 0 0 0 0 0 0 0 0 0 0 0 0 0 0 0 0 0 0 0 1 2 4 3 2 1 2 3 3 9 5 1 2 3 10 11 24 21 12 5 3 2 1 1 1 1 2 2 1 1 1 1 1 2 1 1 3 10 14 13 15 17 12 10 6 12 4 3 14 15 11 19 34 13 25 14 6 18 24 49 62 58 40 46
0 0 0 0 0 0 0 0 0 0 0 0 0 0 0 0 0 0 0 0 0 0 0 0 0 0 0 0 0 0 0 0 0 1 7 12 2 1 2 6 5 4 10 6 2 2 4 13 48 56 63 71 45 9 5 2 2 2 1 2 1 1 1 0 2 2 1 3 3 8 14 11 16 20 17 10 8 4 2 0 5 13 14 20 32 22 9 11 12 17 62 62 61 35 36 63
0 0 0 0 0 0 0 0 0 0 0 0 0 0 0 0 0 0 0 0 0 0 0 1 0 0 0 0 0 0 0 0 0 0 0 5 4 2 1 4 11 31 8 17 12 5 4 1 1 3 11 20 36 52 26 8 3 1 1 1 1 2 1 3 1 0 1 1 2 4 4 18 16 19 23 13 3 0 2 1 3 6 8 22 11 24 28 31 18 16 11 8 28 21 28 46
0 0 0 0 0 0 0 0 0 0 0 0 0 0 0 0 0 0 0 1 1 1 2 1 3 1 0 0 0 0 0 0 0 1 1 1 1 1 0 3 4 4 6 17 9 6 8 5 2 0 0 1 2 12 12 33 11 4 1 10 14 5 2 1 4 2 1 2 1 1 4 10 22 15 10 11 7 4 5 9 3 3 12 34 13 39 36 34 28 36 23 12 10 26 64 77
0 0 0 0 0 0 0 0 0 0 0 0 0 0 0 0 0 1 2 2 0 0 0 0 0 0 0 0 0 0 0 0 0 0 1 1 1 1 2 3 10 15 5 3 2 2 3 2 0 1 2 1 5 2 3 6 14 9 25 18 4 2 1 2 3 1 1 2 3 3 19 15 17 12 10 12 16 20 12 5 9 8 33 40 25 56 48 77 57 51 55 48 13 12 16 17
0 0 0 0 0 0 0 0 0 0 0 0 0 0 0 0 0 0 0 0 0 0 0 0 0 0 0 0 1 1 1 0 0 0 2 1 1 2 2 3 6 12 15 11 1 0 1 1 1 1 1 5 18 8 7 5 3 14 44 7 4 3 1 1 2 2 3 2 6 13 11 13 12 10 11 11 15 14 23 5 9 7 13 10 23 59 29 41 59 72 47 51 51 32 24 19
0 0 0 0 0 0 0 0 0 0 0 0 0 0 0 0 0 0 0 0 0 0 0 0 0 0 0 0 0 0 0 0 0 1 1 1 0 4 2 3 7 8 17 17 7 8 11 8 11 12 8 11 14 10 6 4 8 16 5 7 5 7 4 2 1 1 1 6 6 5 12 8 31 9 7 23 15 14 15 11 9 6 7 18 4 42 32 64 63 78 85 85 66 45 30 26
0 0 0 0 0 0 0 0 0 0 0 0 0 0 0 0 0 0 0 0 0 0 0 0 0 0 0 0 0 0 0 0 0 0 0 1 0 2 2 4 7 4 12 9 6 7 11 7 5 8 10 4 6 8 6 7 15 5 7 8 11 5 1 1 1 1 1 1 2 4 2 8 3 3 23 15 11 16 43 18 21 10 5 14 27 48 40 30 70 66 56 61 73 36 32 28
0 0 0 0 0 0 0 0 0 0 0 0 0 0 0 0 0 0 0 0 0 0 0 1 1 0 1 1 1 0 0 0 0 0 0 0 0 1 1 3 8 3 1 3 3 4 9 1 3 5 4 5 6 10 7 5 6 3 6 5 8 2 2 1 2 2 7 11 8 5 7 5 5 4 4 4 28 38 8 16 17 11 11 8 13 18 33 50 59 68 15 41 55 57 31 26
0 0 0 0 0 0 0 0 0 0 0 0 0 0 0 0 0 0 0 0 0 0 0 0 2 2 2 2 0 3 1 1 0 0 0 0 0 1 1 1 1 1 3 2 4 6 9 2 3 6 2 2 4 9 6 2 4 2 4 6 2 0 0 1 3 1 1 4 10 3 7 6 4 5 10 6 7 11 9 8 5 8 19 18 12 14 13 9 27 25 16 42 21 57 46 35
0 0 0 0 0 0 0 0 0 0 0 0 0 0 0 0 0 0 0 0 0 0 0 1 1 4 4 3 1 2 2 2 0 1 1 0 0 0 0 0 0 1 1 1 2 3 4 1 1 3 1 2 1 5 9 1 3 2 11 3 1 1 1 3 3 1 1 0 21 5 6 4 5 4 5 13 14 32 33 27 37 24 13 9 27 35 30 28 12 9 21 38 41 17 37 31
0 0 0 0 0 0 0 0 0 0 0 0 0 0 0 0 0 0 0 0 0 0 1 2 11 0 8 9 1 3 2 2 1 3 1 2 2 1 0 0 0 0 0 0 1 3 1 1 1 1 1 3 3 8 0 3 6 2 4 1 1 2 4 2 1 1 1 1 5 45 33 12 5 19 18 27 59 53 11 19 47 35 42 39 35 38 37 38 28 14 7 33 29 15 9 4
0 0 0 0 0 0 0 0 0 0 0 0 0 0 0 0 0 0 0 0 0 0 0 2 6 1 1 20 10 2 1 6 2 5 4 10 3 1 1 0 1 1 1 0 0 0 1 0 1 1 13 16 23 15 20 2 0 3 1 0 0 2 1 1 0 1 7 6 2 2 11 13 57 82 54 30 15 12 56 23 5 27 43 37 32 35 41 41 33 14 10 11 6 4 6 21
0 0 0 0 0 0 0 0 0 0 0 0 0 0 0 1 1 1 1 0 0 0 0 2 1 3 4 13 31 7 1 1 0 1 1 4 2 4 7 2 1 0 2 3 3 3 5 1 4 21 32 20 3 4 13 29 7 1 1 1 1 2 1 1 1 2 2 2 5 3 3 4 3 5 4 53 15 16 9 22 39 12 18 48 36 40 43 38 39 36 20 6 12 25 14 20
0 0 0 0 0 0 0 0 0 0 0 0 0 0 0 0 1 1 4 1 0 3 1 0 0 1 1 0 5 4 11 2 0 0 3 1 2 10 2 1 7 1 2 6 16 7 4 14 14 22 46 42 11 29 20 36 12 18 8 7 2 4 0 1 1 2 1 3 2 2 2 1 3 3 3 10 8 14 11 14 25 50 25 29 39 40 27 29 18 10 21 28 34 7 6 8
0 0 0 0 0 0 0 0 0 0 0 0 0 0 0 0 0 2 1 1 1 1 1 1 0 3 1 1 0 8 31 7 1 1 1 3 1 3 14 2 14 1 2 16 14 13 18 32 34 72 61 58 41 76 66 51 37 36 31 3 5 3 0 1 1 1 4 12 5 5 2 9 12 10 7 4 6 15 22 17 10 12 41 39 36 21 28 13 12 33 36 27 35 34 20 11
0 0 0 0 0 0 0 0 0 0 0 0 0 0 0 0 0 0 1 1 1 3 0 1 1 2 2 1 1 2 15 18 6 3 1 2 0 1 11 2 13 1 3 13 17 23 51 60 64 79 67 22 58 45 44 34 31 46 3 2 9 3 1 1 2 1 2 5 7 4 27 6 2 5 6 12 38 40 41 32 23 18 20 29 19 11 25 24 23 30 47 39 21 15 20 18
0 0 0 0 0 0 0 0 0 0 0 0 0 0 0 0 1 0 0 0 1 1 1 1 3 1 4 3 2 1 9 29 2 2 2 2 0 6 31 15 26 15 6 11 29 55 79 71 41 79 44 7 24 5 13 47 58 40 9 25 21 17 3 1 1 1 2 2 2 14 4 8 12 4 6 23 18 12 30 42 45 24 12 12 8 14 30 46 42 40 39 44 21 23 22 33
0 0 0 0 0 0 0 0 0 0 0 0 1 0 0 0 0 0 1 1 0 0 1 5 8 9 4 7 4 2 13 32 2 2 6 6 1 5 3 18 29 57 21 24 47 60 85 77 35 55 9 13 6 3 1 2 53 61 57 42 13 28 2 1 8 13 2 1 2 3 5 15 5 22 24 5 17 37 26 43 35 40 42 17 28 30 44 42 51 33 50 49 36 40 34 46
0 0 0 0 0 0 0 0 0 0 0 0 1 2 0 1 0 1 2 2 4 2 3 5 6 10 8 19 11 11 6 18 4 4 5 2 3 9 4 9 14 43 34 49 53 58 84 91 80 54 19 8 2 2 1 1 2 2 68 39 45 5 2 9 4 6 5 1 1 1 8 6 22 14 11 7 9 5 19 26 45 54 35 23 27 45 37 32 53 26 72 30 36 38 29 34
0 1 0 0 0 0 0 0 0 0 0 0 0 0 2 3 0 1 3 3 4 3 6 18 21 26 27 21 21 25 3 14 22 10 6 4 3 5 2 1 4 39 6 16 15 21 79 83 76 30 17 19 11 9 4 6 1 6 3 3 4 3 8 10 11 3 2 1 2 2 3 7 6 8 4 3 4 15 19 34 39 46 29 28 23 32 40 18 42 35 73 43 42 22 33 44
0 0 1 0 0 0 0 0 0 0 0 0 0 0 2 0 5 1 1 2 3 2 1 2 4 10 13 7 23 26 11 42 59 29 8 19 6 7 6 2 20 34 25 13 21 25 10 36 51 11 20 25 17 12 17 9 4 14 7 12 5 2 6 9 6 3 3 1 4 1 1 1 9 11 9 8 12 19 20 26 26 38 28 27 27 22 32 27 58 62 19 37 44 42 47 31
0 0 0 0 0 0 0 0 0 0 0 0 0 0 0 1 1 9 2 3 1 6 5 7 15 18 16 9 4 5 6 52 42 21 38 42 56 34 5 5 23 27 71 39 35 32 30 9 5 13 32 28 19 14 7 14 16 9 8 5 7 6 16 9 6 4 2 3 4 1 1 2 3 5 6 16 13 19 20 23 23 22 17 29 31 19 21 27 48 5 20 34 27 11 7 19
0 0 0 0 0 0 0 0 0 0 0 0 0 0 1 1 1 1 2 3 6 12 11 15 23 44 26 24 16 7 4 2 44 53 49 16 69 40 22 42 52 14 58 35 81 66 26 11 11 6 20 27 20 14 18 7 16 11 10 6 11 14 29 33 10 3 1 1 2 1 1 1 1 1 1 10 9 11 15 15 21 16 20 27 12 32 25 53 21 13 27 29 31 19 18 31
0 0 0 0 0 0 0 0 0 0 0 0 1 1 0 0 1 2 3 3 9 12 35 29 32 27 52 31 11 12 10 8 4 36 40 9 13 9 57 29 23 7 69 28 14 5 20 13 20 14 22 32 35 25 16 7 4 6 1 3 6 4 15 16 1 3 2 1 2 2 3 3 1 3 4 2 9 10 13 13 10 28 9 4 15 42 21 52 14 6 12 15 18 17 27 31
0 0 0 0 0 0 0 0 0 0 0 0 0 0 2 2 2 1 1 2 3 8 42 49 17 15 21 22 30 26 17 24 11 4 3 14 5 11 63 10 8 17 40 13 13 9 22 16 17 14 7 22 25 27 12 7 5 5 2 2 2 2 3 2 3 3 2 1 1 3 4 1 3 4 4 3 10 10 10 10 33 7 8 13 18 28 23 17 19 3 4 13 16 29 34 48
0 0 0 0 0 0 0 0 0 0 0 0 0 0 0 1 3 4 9 13 8 17 12 10 5 2 11 22 29 22 40 39 10 5 1 3 9 37 20 18 3 46 65 22 19 20 18 25 29 7 10 15 13 14 6 7 5 2 3 1 2 1 2 6 7 3 3 3 4 4 4 2 1 7 3 3 6 5 8 19 11 7 11 7 16 6 17 26 38 14 9 13 20 24 18 42
0 0 0 0 0 0 0 0 0 0 0 0 0 1 1 2 3 5 10 8 10 29 12 8 11 11 4 12 20 16 16 10 6 13 10 12 25 16 31 13 16 21 43 45 31 24 9 12 16 5 5 19 26 29 24 11 5 3 6 16 10 3 2 4 2 1 14 9 4 3 2 28 11 5 4 2 2 3 5 12 4 8 8 3 10 9 17 27 16 32 19 27 21 33 30 38
0 0 0 0 1 1 0 0 0 0 0 0 1 5 2 14 5 2 6 15 19 19 28 14 11 12 12 8 22 19 11 9 12 18 21 21 7 9 14 16 15 5 9 21 31 17 3 6 6 7 10 13 10 11 8 6 7 2 23 22 11 11 2 2 4 3 17 69 41 19 10 5 25 39 7 3 3 4 8 5 1 12 3 8 7 16 6 8 10 16 30 22 51 34 16 23
0 0 0 0 0 0 0 0 0 0 0 0 0 1 6 6 10 15 10 16 13 10 24 11 7 8 6 3 3 5 12 11 18 19 10 21 19 16 13 11 4 9 18 5 30 18 13 12 12 5 5 5 5 22 14 12 8 2 5 4 4 3 10 3 9 12 9 43 67 45 4 8 9 5 26 12 3 4 4 4 8 13 4 32 13 10 11 18 13 20 30 44 19 19 21 10
0 0 0 0 0 1 1 0 0 0 0 0 0 0 1 1 0 2 5 12 14 14 23 32 17 12 15 12 6 4 8 2 5 9 10 17 18 12 20 6 3 14 7 10 31 16 16 12 13 7 6 6 7 17 26 3 5 4 7 6 4 19 17 18 25 11 20 14 55 30 26 7 6 6 7 17 10 13 9 13 4 8 9 17 12 17 21 8 12 52 23 11 27 19 23 22
0 0 0 0 0 0 0 0 0 0 0 0 1 1 3 3 1 1 3 10 15 33 42 49 43 15 10 4 2 4 4 1 1 2 5 5 11 13 8 12 10 13 4 23 3 2 6 8 10 9 17 16 7 16 10 9 6 10 14 3 12 13 8 7 65 22 22 11 5 58 56 14 16 6 21 35 34 58 35 27 15 12 5 19 43 27 49 35 33 42 30 17 29 33 39 23
0 0 0 0 0 0 0 0 0 0 0 0 0 1 2 2 2 7 4 23 59 30 14 22 33 16 12 12 5 1 4 5 7 3 1 5 16 14 3 8 21 21 18 17 6 3 8 16 26 27 11 40 26 30 17 8 9 3 4 17 8 5 5 8 7 29 15 15 7 22 44 68 48 9 3 24 18 45 6 3 18 50 2 9 3 18 20 70 57 50 75 39 34 33 35 35
0 0 0 0 0 0 0 1 0 0 0 0 0 0 0 1 6 8 8 4 5 38 39 20 23 16 25 34 19 7 6 13 9 8 10 4 4 11 10 10 11 17 15 15 12 12 28 24 18 22 23 17 22 16 14 22 26 31 11 4 12 5 4 33 7 21 33 14 8 11 41 47 52 27 10 14 4 28 12 5 1 23 10 11 14 48 12 21 8 5 47 21 28 73 36 54
0 0 0 0 0 0 0 0 0 0 0 0 1 0 1 2 3 5 8 9 6 2 27 59 38 34 27 27 31 11 10 16 7 9 17 24 9 4 5 11 16 12 7 40 17 18 21 52 51 32 44 18 23 53 70 64 22 16 9 6 9 40 18 5 33 9 35 24 15 3 39 38 29 46 10 16 4 30 42 9 5 42 6 12 17 3 22 14 5 15 70 29 16 57 76 73
0 0 0 0 0 0 0 0 0 0 0 0 1 0 0 1 2 5 9 17 14 13 6 19 21 21 7 9 29 11 8 8 6 5 8 14 11 8 7 12 9 5 5 4 23 27 24 44 32 17 15 35 17 15 11 7 12 5 10 12 9 25 29 10 13 29 4 43 25 8 31 51 46 40 16 14 6 41 10 10 2 63 19 11 19 16 7 15 13 30 63 76 21 19 70 70
0 0 0 0 0 0 0 0 0 0 0 0 0 0 0 1 1 2 9 24 29 15 9 4 3 2 7 4 1 2 8 1 2 5 9 7 10 15 10 8 18 14 17 15 21 26 24 21 14 14 28 29 30 39 16 27 23 13 7 13 7 13 23 22 18 53 22 39 56 18 17 24 52 29 45 13 9 37 21 42 31 57 77 26 20 22 8 27 15 9 40 82 31 13 14 67
0 0 0 0 0 0 0 0 0 0 0 0 0 0 1 1 2 2 7 14 21 13 7 10 6 6 7 3 1 1 3 3 2 4 4 6 12 13 9 20 32 21 20 16 9 16 18 16 19 41 28 46 31 32 27 35 31 26 18 26 17 28 14 30 11 49 38 17 59 37 6 28 39 29 60 20 39 22 24 20 44 20 78 47 13 22 21 53 16 9 11 56 38 18 34 31
0 0 0 0 0 0 0 0 0 0 0 0 0 0 0 0 1 2 5 9 13 13 12 9 16 12 15 11 2 1 1 1 1 4 4 3 12 14 6 6 25 18 10 7 17 11 18 12 11 40 52 46 54 33 15 26 58 25 38 35 37 48 17 7 10 9 27 16 30 53 22 18 21 62 47 36 56 21 37 67 49 22 51 72 22 26 11 11 12 17 22 64 34 47 29 9
1 0 0 0 0 0 0 0 0 0 0 0 0 1 0 0 4 4 22 24 15 33 20 25 8 10 14 13 9 1 1 1 7 5 15 15 11 20 20 18 19 14 13 9 12 9 8 16 13 10 9 19 11 20 49 41 62 21 80 63 19 57 25 31 33 12 8 6 23 40 20 41 22 43 11 37 78 55 35 52 66 60 52 80 23 20 33 13 17 6 28 44 44 19 12 15
0 1 1 0 0 0 0 0 0 0 0 0 0 1 1 1 1 3 3 2 6 3 4 9 17 25 14 13 21 4 1 12 9 11 6 4 11 11 11 35 24 9 14 24 19 19 23 27 11 30 32 11 34 53 45 59 44 51 43 57 16 41 54 28 44 57 55 35 16 54 56 71 65 36 32 42 63 68 52 55 61 64 47 77 72 41 8 8 11 23 32 48 56 26 13 8
0 0 0 0 1 0 0 0 0 0 0 0 0 0 2 3 2 1 6 5 4 8 6 12 29 14 17 18 22 21 8 52 15 5 10 5 20 20 23 32 51 26 30 33 22 33 20 26 15 22 26 19 8 38 17 31 65 66 45 50 54 71 74 62 21 63 55 62 54 34 50 64 20 38 37 42 61 51 73 75 62 44 43 81 72 35 43 9 13 41 23 52 40 40 34 21
1 0 0 0 0 0 0 0 0 0 0 0 0 0 0 0 1 2 1 11 6 8 11 12 13 13 25 17 19 13 16 51 12 15 13 11 17 15 17 32 45 21 21 32 18 30 9 11 24 13 13 23 8 6 6 8 35 58 65 70 60 50 67 83 47 39 65 64 54 33 13 28 39 28 35 55 66 81 61 43 40 32 82 72 74 32 25 24 17 24 29 53 15 10 12 44
3 1 0 0 0 0 0 0 0 0 0 0 1 0 2 0 0 1 1 5 11 14 3 6 8 14 17 7 24 21 36 18 19 28 13 7 7 17 42 40 20 12 27 40 38 25 9 8 7 25 14 13 20 16 7 4 13 19 13 42 29 28 60 79 70 51 27 12 15 24 19 20 19 24 29 29 64 54 47 31 12 30 83 69 73 62 29 32 9 30 38 64 62 47 23 11
1 1 1 0 0 0 0 0 0 0 0 1 0 0 5 0 1 1 3 7 6 4 1 8 4 2 11 5 23 30 32 33 37 18 8 19 22 20 43 30 14 31 14 18 33 10 8 12 5 19 10 7 15 7 15 10 9 15 18 6 25 28 34 45 48 23 20 32 26 39 23 15 17 23 25 12 37 33 38 22 19 12 42 29 47 71 33 44 13 42 59 50 37 39 38 16
1 0 0 0 0 1 0 0 0 0 0 0 0 1 0 2 1 1 1 2 5 1 6 5 5 3 8 6 19 15 19 19 32 13 22 24 29 15 29 22 15 23 14 17 21 8 9 9 7 33 15 11 20 21 15 12 23 22 33 20 13 18 7 15 5 5 17 30 33 37 34 20 14 9 11 10 19 20 22 20 21 15 19 16 31 40 16 32 11 34 58 55 32 17 76 59
0 1 1 0 0 0 0 0 0 0 0 0 0 1 0 6 3 1 2 1 4 2 2 4 4 5 21 15 20 13 24 33 11 18 19 34 19 16 39 10 16 23 9 16 14 25 6 15 6 20 13 15 16 27 12 16 17 27 21 25 26 35 15 14 15 9 27 21 27 19 10 8 29 15 10 5 8 20 14 12 12 9 12 25 30 27 21 29 15 69 72 71 69 27 9 20
0 0 0 0 0 0 0 0 0 0 0 0 2 2 1 0 2 1 1 2 4 2 3 8 6 5 18 10 7 5 7 11 18 43 21 14 15 5 20 8 14 12 15 12 7 9 9 13 16 16 16 16 13 17 17 28 29 18 25 20 37 19 11 27 8 16 20 35 14 11 18 38 27 23 25 26 7 6 14 11 12 17 11 31 18 14 43 15 28 68 66 62 79 43 47 14
1 0 0 0 0 0 0 0 0 0 0 0 0 1 1 0 0 1 1 1 1 1 1 5 3 11 11 12 5 5 9 31 13 18 26 16 11 11 17 5 11 8 4 5 5 12 3 7 8 2 9 4 11 21 28 32 44 31 14 24 19 24 20 14 51 14 22 26 29 52 42 26 16 15 22 26 25 29 31 30 40 42 17 18 16 30 50 31 46 60 32 53 83 63 66 46
1 1 1 1 0 0 0 0 0 0 0 0 0 1 1 1 1 1 1 1 1 1 1 1 2 1 4 7 7 15 9 19 7 12 22 13 7 11 5 10 7 6 4 15 22 9 4 18 38 16 26 19 34 49 49 17 24 29 26 18 24 24 38 32 37 30 26 26 52 11 8 11 14 7 5 7 28 22 36 43 45 38 31 13 13 30 58 26 31 16 25 59 90 53 71 61
0 0 0 1 2 2 1 0 1 2 1 1 1 0 0 2 1 1 2 4 12 6 8 3 7 2 2 5 9 7 9 5 5 9 19 12 6 5 3 5 13 43 13 7 13 13 22 9 39 52 74 38 53 72 55 30 48 29 11 13 12 15 38 21 22 31 28 38 14 12 16 23 42 25 25 20 9 30 46 62 52 16 11 16 9 33 50 31 28 25 30 81 84 50 57 88
0 0 0 1 1 1 3 2 1 1 1 0 0 0 0 0 1 2 3 2 9 19 13 4 4 8 18 10 12 4 21 8 7 6 7 6 3 4 10 9 21 3 18 43 13 26 31 25 22 71 71 78 29 59 56 56 35 56 34 24 21 25 8 24 34 40 40 13 17 17 30 47 33 43 56 35 21 46 61 62 26 15 10 20 14 30 16 14 29 33 56 86 65 79 56 89
1 1 1 0 2 0 1 1 1 1 0 0 0 0 1 0 1 1 5 6 3 25 16 30 36 45 36 27 18 6 12 8 5 9 12 30 20 33 45 35 40 48 30 57 20 39 59 63 14 13 12 68 66 34 55 30 27 70 47 44 19 21 26 34 37 39 28 31 32 42 36 20 34 32 36 32 56 46 32 32 16 11 10 13 11 19 13 15 18 19 34 73 49 69 28 59
1 2 2 1 1 1 0 0 0 0 0 0 0 0 1 0 0 1 6 22 6 2 19 57 31 48 42 51 49 61 36 54 53 66 24 48 6 41 65 32 55 75 29 62 61 34 65 30 78 41 20 79 60 57 56 55 78 81 35 53 27 19 20 20 20 29 22 16 14 20 21 27 20 34 39 58 63 50 14 6 15 8 6 11 5 10 11 19 21 41 55 72 37 41 40 35
1 1 10 1 4 4 1 1 1 1 1 1 1 1 1 0 1 1 1 11 6 2 2 7 8 5 28 58 41 48 52 46 69 47 36 48 65 53 59 65 31 74 73 38 55 48 71 34 70 83 55 57 59 48 33 76 59 62 50 57 46 16 17 16 38 25 28 35 38 38 45 31 44 38 62 61 39 21 16 6 2 3 4 6 7 4 8 16 17 27 54 57 17 22 27 27
2 1 1 4 4 6 3 4 3 2 1 1 2 2 1 1 1 1 4 1 1 1 4 2 3 8 23 18 27 40 49 60 19 50 23 69 58 56 61 66 51 65 55 59 67 62 68 73 20 68 51 31 75 22 46 74 54 21 63 23 31 52 12 12 24 24 44 40 40 36 35 41 56 80 75 59 37 18 4 5 4 2 1 1 4 2 8 7 11 18 38 27 19 11 27 39
1 2 3 2 2 4 1 1 4 1 2 1 1 2 0 1 1 1 4 6 5 5 3 4 4 5 2 3 4 6 4 4 9 14 5 4 8 7 6 11 12 14 9 17 18 16 19 69 55 47 77 31 59 57 59 61 23 15 26 28 58 52 26 17 35 34 41 29 30 59 73 73 75 71 61 48 28 7 2 2 2 2 2 1 2 1 4 2 4 7 14 14 14 7 13 17
3 3 4 2 1 0 1 1 2 0 2 1 1 1 1 1 1 1 2 1 2 6 6 4 9 6 4 5 7 11 7 6 18 15 12 16 8 10 13 20 17 19 33 18 24 15 26 11 16 19 50 48 56 63 56 31 34 43 37 50 52 27 22 29 30 29 42 58 70 70 76 60 40 36 20 16 4 5 5 5 4 3 1 2 1 1 1 1 1 2 5 5 7 5 4 5
11 15 7 1 1 0 0 1 0 1 0 0 0 1 0 1 1 0 1 4 3 1 2 2 4 3 2 8 5 4 8 9 3 3 3 8 6 6 11 7 10 20 21 13 12 18 14 26 22 22 13 17 14 15 25 29 41 37 34 43 15 17 19 31 34 25 26 23 44 68 70 63 41 29 10 9 15 14 23 18 10 5 1 2 3 3 3 2 1 0 0 1 2 6 5 4
2 2 1 5 1 1 0 0 0 0 0 1 0 1 0 1 1 0 0 0 5 5 4 4 3 3 3 5 8 10 5 2 6 3 4 6 6 9 9 13 10 10 11 7 5 6 6 7 17 25 35 51 34 27 27 25 29 28 30 12 11 19 18 39 29 17 25 24 27 32 24 34 37 16 9 19 25 22 6 4 2 3 3 6 12 13 13 5 5 3 1 1 1 1 1 1
2 2 2 0 0 0 0 0 0 0 0 0 0 0 1 0 0 1 1 1 1 6 6 4 5 2 3 6 10 2 2 4 3 7 8 4 7 6 6 8 8 9 27 14 14 11 12 17 25 21 34 35 27 27 28 22 26 20 18 19 4 21 19 25 42 43 39 48 34 28 15 14 6 12 18 29 46 25 10 6 6 9 9 19 16 16 15 18 16 7 9 4 3 2 1 1
4 2 1 0 0 0 0 0 0 0 0 0 0 0 0 0 0 1 1 0 1 3 5 5 6 1 9 13 4 1 5 2 5 4 8 10 6 11 12 12 3 11 14 16 12 24 26 22 17 13 22 12 39 28 49 35 22 20 14 10 13 16 20 15 59 66 33 51 43 36 24 23 11 21 36 42 21 7 12 15 15 24 15 26 31 28 35 23 23 19 16 14 10 7 3 5
2 0 1 0 0 1 3 4 2 0 3 0 0 0 0 0 0 0 0 1 2 2 1 3 4 7 23 23 8 4 6 5 6 15 7 11 8 12 5 6 16 14 9 14 14 25 22 10 28 13 23 30 29 19 34 20 35 10 18 7 26 40 17 48 75 50 49 29 26 27 18 9 13 24 34 31 13 20 20 26 34 31 35 49 46 38 37 28 39 41 23 37 18 12 9 9
1 1 0 0 2 8 3 2 6 10 0 2 0 0 0 0 0 0 0 1 2 1 1 4 4 19 10 2 2 2 3 7 4 6 20 7 8 10 12 16 11 11 9 9 12 13 21 20 17 21 26 24 30 20 24 20 39 22 10 5 12 35 53 65 58 58 34 31 30 15 12 14 23 10 38 16 28 27 43 46 54 41 47 57 56 40 54 50 48 34 35 35 25 21 27 27
0 0 0 0 1 8 6 7 11 6 2 2 7 1 0 0 0 0 1 1 0 0 1 5 1 1 2 2 6 8 4 2 9 2 8 8 9 21 11 11 5 13 5 4 6 14 13 22 24 18 14 33 9 22 29 25 14 10 22 13 4 20 20 26 39 61 49 61 38 10 26 21 32 26 71 36 31 34 43 46 58 43 49 64 44 43 58 71 60 55 36 38 33 47 42 26
0 0 0 2 0 0 0 0 6 9 10 8 6 1 2 1 0 0 0 0 1 0 1 1 1 3 4 4 6 4 3 2 2 4 3 6 4 5 6 13 23 7 12 10 3 5 8 8 15 19 23 19 22 5 34 5 13 29 14 15 7 7 15 14 11 12 31 21 11 28 57 31 37 31 69 35 41 44 58 66 80 68 81 80 74 66 68 68 82 79 52 45 43 44 69 44
0 0 0 0 0 0 0 1 0 2 1 5 4 2 2 2 2 2 1 0 0 1 0 1 1 3 3 1 1 1 1 1 1 2 3 2 3 3 4 9 14 28 11 5 22 15 19 7 14 9 9 16 6 17 17 23 25 16 17 14 9 25 38 27 20 13 13 27 36 34 46 50 30 43 63 55 62 55 67 82 71 61 83 80 80 77 75 74 78 72 59 52 68 72 73 58
0 0 0 1 1 0 6 1 1 0 7 12 3 11 4 6 13 7 5 1 0 0 0 0 1 1 0 0 0 0 0 0 0 1 2 2 1 2 4 8 7 12 16 19 1 14 14 16 16 9 9 23 28 14 6 6 10 24 21 20 14 39 29 22 11 25 28 30 55 51 43 69 49 65 59 73 77 71 78 69 41 66 77 62 41 44 65 38 68 78 64 65 60 62 60 77
2 4 8 2 9 1 0 0 3 2 11 15 11 41 14 16 30 15 3 5 1 1 0 0 0 0 1 0 0 0 0 0 1 2 0 1 2 2 2 2 3 6 12 27 16 8 16 9 15 13 12 10 8 37 55 23 20 18 16 20 30 28 35 18 28 33 47 27 49 59 40 57 64 60 76 51 64 60 76 66 23 35 47 60 34 9 13 28 70 66 68 73 38 43 31 67
