sesion_6_simulaciones/modelos_agentes/ejemplos_netlogo/scenarios/cgcm2_a2/rob_2047.asc
NCOLS 322 
NROWS 307 
XLLCORNER 451900 
YLLCORNER 4086900 
CELLSIZE 100 
NODATA_value -9999 
[rows 74 to 147 of 307, columns 0 to 95 of 322]
0 1 1 0 0 0 0 0 0 0 0 0 1 0 2 1 0 0 0 0 0 0 0 0 0 0 0 1 1 0 2 1 4 6 5 11 20 17 14 12 4 10 5 1 1 1 3 4 3 6 2 5 3 2 6 2 3 5 4 5 4 14 11 14 6 4 4 9 13 19 30 19 12 6 31 64 37 38 49 68 75 37 54 63 64 29 16 13 21 16 16 21 15 16 25 21
0 0 0 0 0 0 0 0 0 1 0 0 0 0 0 0 0 0 0 0 0 0 0 0 0 0 0 1 0 0 0 0 1 5 17 24 12 11 34 25 6 10 12 6 2 1 2 4 3 3 5 5 4 2 4 4 2 2 2 2 3 6 22 26 9 11 22 16 14 6 10 20 18 13 22 69 36 17 14 48 50 49 51 39 18 49 47 21 19 15 19 31 32 23 17 57
0 0 0 0 0 0 0 0 0 0 0 0 0 0 0 0 0 0 0 0 0 0 0 0 1 1 0 0 0 0 0 0 0 1 5 18 17 30 22 12 13 35 13 6 6 3 3 2 2 4 8 3 5 3 4 2 9 4 2 1 3 20 12 24 24 23 31 30 37 21 18 8 7 7 19 67 74 34 20 14 41 50 36 17 17 64 60 55 45 14 9 8 35 43 32 44
0 0 0 0 0 0 0 0 0 0 0 0 0 0 0 0 0 0 0 0 0 0 0 0 0 0 0 0 0 0 0 0 1 1 7 6 9 11 5 6 39 11 12 10 15 17 6 1 3 6 5 4 5 4 7 3 3 4 2 4 9 15 14 29 18 26 34 36 38 40 38 36 34 25 12 23 49 43 33 12 37 62 23 14 46 68 25 60 50 35 17 36 51 49 41 31
1 0 0 0 0 0 0 0 0 0 0 0 0 0 0 0 0 0 0 0 0 0 1 0 0 0 0 1 0 1 2 1 2 4 6 6 4 7 10 21 16 29 10 15 18 40 16 12 16 9 9 4 5 4 2 1 4 4 10 12 10 7 11 6 18 29 32 47 43 37 38 51 35 33 17 6 7 21 25 18 27 30 24 28 59 30 23 15 15 39 30 37 28 37 40 39
0 0 0 0 0 0 0 0 0 0 0 0 0 0 0 0 0 0 0 0 0 0 0 0 0 0 0 0 0 1 1 3 16 32 43 38 22 7 18 22 22 41 26 6 8 11 33 35 49 50 37 21 12 10 7 4 3 6 12 13 5 6 7 6 6 13 11 7 15 38 44 38 37 39 28 22 13 24 10 8 20 29 26 38 55 26 38 28 15 30 35 51 69 56 46 46
0 0 0 0 0 0 0 0 0 0 0 0 0 0 0 0 0 0 0 0 0 0 0 1 0 0 0 0 0 2 1 2 3 16 50 62 22 9 12 32 26 19 38 24 8 8 15 34 63 70 82 82 71 30 22 13 10 13 9 12 10 7 6 2 14 15 10 16 18 34 46 34 40 43 39 22 21 10 7 1 10 26 25 38 37 36 19 18 18 25 59 59 65 38 40 60
0 0 0 0 0 0 0 0 0 0 0 0 0 0 0 0 0 0 0 0 0 0 2 12 2 1 0 0 1 4 3 3 1 3 6 36 25 11 8 21 37 60 28 45 37 17 12 4 4 10 31 42 58 70 56 30 15 8 10 9 5 12 6 25 5 3 8 7 10 21 20 48 41 44 45 28 9 1 4 3 8 15 15 41 24 34 48 47 27 19 13 9 31 21 25 37
0 0 0 1 1 0 0 0 0 0 0 0 0 0 0 0 0 0 1 12 13 15 27 9 27 9 2 0 0 0 1 6 6 12 13 7 5 4 3 15 18 15 21 42 27 21 25 16 6 1 1 3 8 34 33 62 37 20 9 39 49 26 18 8 31 17 6 12 4 4 20 36 52 38 26 26 16 11 11 22 9 7 23 52 22 41 46 46 44 46 27 12 10 23 45 57
0 0 0 0 1 0 0 0 0 0 0 0 0 0 1 1 1 11 13 25 2 9 3 1 2 3 2 0 3 4 2 4 4 3 7 10 5 5 13 19 39 43 16 11 7 8 9 7 2 4 5 2 10 7 9 20 37 29 54 51 19 9 9 15 28 8 8 14 16 15 57 50 50 35 29 33 36 42 26 13 20 15 43 50 30 61 62 84 61 61 60 44 11 8 9 9
0 0 0 1 0 0 0 0 0 0 0 0 0 0 0 1 2 7 2 3 4 2 1 1 1 2 2 3 11 11 18 2 3 9 19 12 5 14 17 19 32 45 41 30 3 1 3 5 4 3 2 15 41 27 23 18 12 34 65 25 17 15 8 9 18 14 20 15 37 46 37 38 38 34 34 33 38 32 40 12 16 13 21 20 31 66 29 52 57 74 44 49 45 21 12 8
0 0 0 0 1 1 1 0 0 0 0 0 1 0 1 1 2 2 1 1 1 5 1 0 1 1 4 1 1 1 1 1 5 15 10 14 5 38 23 27 42 39 50 42 22 25 32 24 28 32 24 32 43 37 26 17 26 26 20 22 22 34 29 17 12 6 6 37 34 22 30 25 55 30 26 55 40 33 33 21 17 10 11 25 6 43 33 63 60 74 78 78 57 30 14 9
0 0 1 1 0 0 0 1 0 0 0 0 0 0 0 0 1 1 1 0 2 1 0 1 3 2 2 0 1 1 2 3 7 7 7 11 8 19 19 41 49 26 47 32 22 29 38 25 21 32 36 18 26 32 27 28 39 18 23 33 45 30 15 12 13 14 13 7 12 20 11 27 13 10 51 39 28 29 54 35 34 16 9 15 29 34 32 30 59 55 44 44 62 21 14 9
0 0 0 1 1 1 0 1 0 0 0 0 0 1 0 0 0 1 1 1 0 3 2 9 10 9 10 21 12 4 1 1 4 2 4 3 10 17 20 33 37 18 9 16 16 25 39 7 18 28 23 29 31 44 33 24 27 14 25 28 41 16 18 11 18 20 36 46 44 26 32 19 22 16 13 12 38 48 19 29 28 19 16 11 14 15 23 34 43 50 9 24 34 36 12 8
0 1 1 1 1 1 0 0 0 0 0 0 0 0 2 0 1 1 2 1 3 2 3 4 32 23 23 27 10 24 23 17 9 2 1 5 5 15 12 24 15 9 25 14 32 39 44 14 24 44 20 19 31 53 34 12 22 14 24 36 21 3 3 10 28 10 6 19 48 20 31 27 18 20 28 17 19 26 21 17 10 15 26 21 12 10 8 5 13 14 6 22 10 30 21 12
0 0 1 1 0 0 0 1 0 0 0 0 0 0 0 1 1 4 1 1 6 1 3 14 21 39 38 36 21 26 25 33 9 24 13 9 3 3 5 3 4 11 16 16 23 28 30 10 12 33 14 31 12 45 48 11 22 11 47 21 15 16 18 30 27 7 5 3 60 28 30 20 18 15 16 37 38 53 46 45 56 35 17 11 28 30 23 18 6 3 8 17 19 6 13 10
0 1 1 0 0 0 1 0 0 0 0 0 0 0 0 4 5 0 2 4 1 0 15 33 52 8 46 45 21 33 35 36 23 41 19 32 27 11 3 1 3 7 8 5 17 34 12 15 17 18 15 35 23 46 4 31 41 21 28 8 6 25 35 22 14 12 7 5 18 75 66 38 21 51 47 45 69 58 24 31 50 41 53 47 37 35 29 24 14 6 3 12 10 4 2 1
0 1 1 0 0 0 0 0 0 0 0 0 0 6 3 1 4 10 3 3 7 4 1 22 40 21 10 56 62 27 13 55 30 51 47 64 33 15 16 3 10 13 14 2 3 6 9 7 10 14 51 57 69 47 57 26 8 27 6 4 5 27 17 7 4 6 32 29 12 10 40 32 71 89 72 52 30 25 68 36 9 34 52 41 28 29 26 20 14 5 4 3 2 1 2 6
0 0 0 0 0 0 0 0 0 0 0 0 0 0 1 11 12 11 10 3 3 4 2 26 8 34 34 41 78 48 9 9 9 18 24 47 29 37 50 32 16 6 25 37 37 34 36 15 25 64 81 59 28 34 65 73 40 11 16 16 11 25 12 10 12 14 11 10 25 12 14 17 12 17 13 57 33 30 19 35 47 17 21 52 31 26 24 16 15 13 5 1 4 8 4 5
1 1 0 0 0 0 0 0 0 0 0 0 1 1 1 1 12 21 44 20 2 30 8 5 3 13 8 3 30 35 63 21 6 5 30 11 24 57 25 19 34 13 23 50 60 49 37 52 67 67 82 75 43 76 72 82 52 66 48 36 26 30 6 9 8 11 5 16 13 7 8 4 11 11 10 23 20 26 19 19 30 49 25 26 28 23 10 13 5 3 6 9 13 2 2 2
1 0 0 0 1 0 0 0 0 0 0 0 2 6 3 3 2 25 9 18 11 13 9 10 4 24 9 7 3 38 75 48 12 10 11 33 16 32 69 24 57 10 28 69 69 61 56 78 75 89 85 71 65 91 83 85 69 74 68 31 31 31 6 9 6 13 26 50 28 20 11 32 36 28 20 11 15 29 33 23 12 11 31 30 20 9 9 3 4 12 16 11 16 13 6 3
2 0 0 0 0 0 0 0 0 0 0 0 2 3 5 2 5 5 8 11 14 24 4 10 8 17 19 6 4 14 51 64 37 27 9 18 4 15 62 22 48 16 35 63 62 62 81 83 79 88 85 54 72 70 72 68 65 81 27 17 49 21 15 13 17 13 24 39 35 22 62 22 10 17 19 29 62 59 54 39 29 18 16 19 10 5 12 11 10 16 31 19 9 5 7 5
1 1 0 0 0 0 0 0 0 0 0 2 3 3 1 4 8 3 3 5 6 9 5 12 26 10 30 19 14 4 38 69 11 12 16 19 5 45 63 58 69 67 40 48 66 74 90 86 69 84 68 25 53 18 32 64 79 71 39 73 68 59 31 10 11 16 25 25 24 54 20 32 38 16 22 52 40 27 50 55 51 20 8 6 4 8 15 31 30 29 28 27 11 11 9 16
3 2 0 0 0 0 0 1 0 0 1 2 21 5 3 4 4 6 11 8 2 2 8 30 43 44 24 36 20 10 38 63 14 11 39 36 13 38 22 58 77 89 57 58 60 64 89 84 41 62 24 35 21 9 4 8 55 74 76 77 57 75 20 16 50 63 24 9 23 22 29 52 22 54 57 17 39 63 46 59 43 41 34 13 19 23 35 39 48 32 47 36 25 26 21 29
3 6 1 0 0 0 1 0 0 0 0 1 10 27 5 12 5 12 18 20 25 12 16 25 29 41 37 54 38 34 19 42 21 23 28 14 19 48 24 32 46 82 72 72 60 61 86 92 80 66 38 21 6 7 2 5 9 7 82 72 69 28 15 47 30 44 36 18 17 14 47 36 60 41 31 20 21 15 41 46 61 61 40 25 30 48 43 39 55 25 70 28 32 31 19 23
0 19 10 1 0 0 1 0 0 0 1 4 4 5 24 27 5 10 27 23 25 17 25 50 56 65 63 54 51 55 10 34 53 37 28 22 22 29 16 7 17 74 27 34 31 35 79 82 71 43 31 36 28 26 12 17 6 20 13 14 18 21 43 49 41 24 22 14 20 27 27 41 32 27 15 11 15 37 43 59 60 61 39 41 32 44 54 27 55 43 71 44 40 19 27 35
0 1 14 4 1 0 1 0 0 1 1 4 6 4 19 5 44 11 8 11 18 13 5 8 15 35 42 23 51 53 29 60 77 59 31 57 30 34 29 10 49 68 63 38 40 39 16 37 56 15 30 43 37 32 47 30 16 41 25 41 31 19 41 46 32 19 23 13 33 16 7 11 42 38 31 27 37 48 48 54 50 58 50 45 45 38 50 41 70 70 20 44 48 43 43 28
0 0 0 1 3 0 1 0 1 0 1 2 5 1 2 11 13 48 16 16 8 24 21 24 40 47 44 26 12 14 16 59 59 44 62 67 76 69 23 20 59 47 82 66 58 46 42 14 7 16 44 45 38 36 25 47 50 37 33 33 46 40 55 48 27 19 16 25 38 10 6 16 18 28 31 52 44 51 50 52 48 45 40 54 55 39 40 43 59 10 28 44 33 12 7 18
0 0 1 2 3 1 2 0 0 0 0 4 5 7 11 10 8 9 15 19 27 42 35 39 48 67 49 51 39 17 10 7 42 66 68 40 85 71 48 70 75 34 75 53 83 77 39 18 13 8 27 44 39 36 49 30 55 46 46 34 55 58 74 72 37 17 12 10 26 9 8 11 7 9 9 42 36 39 44 45 46 37 43 54 28 57 47 67 29 22 43 41 39 25 21 33
0 0 0 3 6 1 2 0 0 0 1 4 12 10 5 5 6 13 13 15 32 35 64 53 56 47 69 55 27 30 26 22 11 40 61 23 33 26 75 57 52 20 79 50 28 13 32 22 28 16 25 44 56 51 44 30 23 33 9 17 37 30 53 53 7 16 19 9 18 21 33 27 12 23 27 11 39 39 42 42 32 56 27 12 30 65 37 59 27 12 22 25 27 24 35 40
0 0 0 3 3 4 1 0 0 0 1 1 4 4 22 21 12 8 7 10 11 23 63 66 35 30 36 43 50 48 36 38 24 11 10 28 15 29 78 29 24 34 61 29 28 21 42 30 29 22 13 31 39 46 36 26 26 24 14 23 23 16 18 12 16 17 17 13 17 31 34 11 27 31 27 25 47 43 40 34 67 25 24 35 36 53 40 31 32 6 7 24 26 40 43 58
0 0 0 3 5 4 1 1 0 3 2 3 3 3 6 6 23 24 39 42 25 30 28 21 12 6 20 39 47 35 50 55 23 13 4 8 23 58 43 41 11 63 76 43 43 42 40 46 49 14 19 29 28 30 22 29 27 12 19 9 16 8 16 36 35 14 20 23 30 28 29 25 14 42 21 25 37 28 35 57 32 26 35 24 43 20 40 47 51 24 17 22 36 39 26 56
0 0 0 3 5 3 2 1 2 1 2 1 4 12 11 26 23 32 40 30 29 47 27 19 22 22 8 16 28 18 20 17 12 23 24 27 45 36 52 31 34 43 62 64 56 45 22 25 29 11 10 33 43 53 54 39 27 16 31 50 45 28 21 28 15 8 42 42 24 22 17 74 59 38 31 20 19 21 27 47 20 31 31 13 32 28 43 53 36 53 36 44 35 51 44 52
0 0 0 0 15 10 4 1 1 0 1 7 10 47 27 59 36 17 30 45 47 45 51 29 21 22 19 12 18 21 11 13 21 33 37 41 18 22 32 33 29 11 19 44 48 29 8 13 12 14 21 26 24 25 22 23 30 13 54 55 37 40 13 13 19 14 39 82 76 55 43 36 68 77 44 28 27 31 45 30 7 41 14 25 28 47 20 23 27 38 56 46 71 47 25 29
0 0 0 0 3 6 4 1 1 2 1 6 5 13 44 40 50 58 44 48 40 28 47 25 14 13 7 5 4 6 15 18 30 31 17 36 35 33 27 20 9 18 36 12 47 39 32 29 22 10 10 12 13 41 35 34 29 10 16 21 26 23 40 27 36 39 24 65 72 68 21 40 45 30 69 59 26 30 32 27 39 49 21 71 48 41 37 47 36 44 59 64 36 32 28 15
0 0 0 0 0 13 18 2 1 1 3 3 4 7 7 7 4 9 28 42 41 39 50 55 31 20 25 19 10 6 11 4 8 15 16 28 30 22 29 12 7 27 17 20 47 32 33 27 26 14 12 13 15 33 51 10 18 19 36 34 29 52 46 56 64 38 44 30 64 46 56 29 28 33 34 56 48 54 44 51 27 41 44 62 52 59 52 28 37 80 51 28 47 35 40 35
0 0 0 0 0 2 6 1 1 1 2 3 12 11 25 22 11 6 15 38 47 66 71 70 62 27 17 7 4 6 6 2 2 3 9 9 17 20 15 16 18 24 10 34 9 5 14 17 20 17 20 26 16 32 27 27 23 38 47 19 42 41 27 31 85 50 45 25 12 61 74 40 49 23 56 70 59 78 63 55 47 44 25 54 77 58 67 59 58 69 66 43 56 58 60 38
1 0 0 0 0 0 6 2 1 1 1 9 5 11 29 17 14 37 18 49 77 59 37 46 52 28 22 20 8 1 6 8 13 6 3 8 21 20 5 12 30 35 33 32 12 8 15 32 32 35 20 43 34 38 29 24 25 17 17 47 34 18 18 28 27 60 38 33 16 32 54 83 74 30 13 53 33 70 24 14 45 76 15 39 16 51 53 79 81 70 82 59 58 62 60 58
0 1 0 0 0 1 4 16 1 2 4 5 4 5 5 16 45 40 32 17 17 50 61 44 44 34 45 51 28 12 10 21 17 15 15 6 6 11 11 15 16 26 26 26 21 18 35 38 26 24 28 20 34 30 27 36 47 57 38 19 42 25 17 52 23 47 53 31 19 16 50 67 69 55 32 40 12 61 38 22 5 43 37 38 38 69 35 43 22 17 55 41 48 79 63 76
0 0 1 1 0 1 5 0 1 1 2 7 16 6 9 27 33 36 34 29 21 7 45 73 57 50 45 47 50 22 21 28 15 16 29 33 11 5 5 13 23 21 14 42 25 25 21 52 53 32 44 19 32 60 77 72 45 32 29 27 32 67 43 15 52 22 50 43 29 9 51 57 51 67 28 41 14 58 73 27 16 56 20 37 34 11 45 34 14 27 78 48 28 64 82 81
1 0 0 1 0 0 6 1 0 1 1 5 10 8 4 14 23 35 37 47 40 33 15 34 40 40 15 16 36 21 17 17 12 9 13 21 14 9 7 15 13 8 9 9 31 34 24 36 26 16 15 45 30 23 22 17 22 16 31 40 31 47 56 26 26 50 11 59 43 14 34 63 45 63 35 34 19 63 31 29 9 73 41 30 44 32 19 34 26 39 64 78 35 36 70 74
3 1 0 0 1 0 4 1 1 0 1 0 6 4 4 12 12 16 43 61 59 37 25 11 9 5 15 9 3 4 14 2 4 10 17 11 13 18 14 10 22 21 27 22 32 36 26 26 19 22 38 47 45 58 34 49 49 40 28 47 23 30 41 42 25 70 41 49 69 29 17 34 65 37 64 29 22 59 45 66 53 58 83 46 40 38 17 45 32 19 44 82 49 25 25 67
8 1 1 0 2 1 4 3 1 2 0 1 1 5 11 9 26 21 36 42 45 33 20 27 14 15 15 6 1 2 7 6 5 7 7 11 18 16 8 15 30 27 25 22 14 25 30 26 24 55 42 62 48 45 44 63 62 51 49 53 42 46 28 42 24 62 53 30 68 52 11 36 53 36 74 35 43 36 46 38 64 41 78 60 24 39 37 64 28 18 20 58 51 26 43 37
4 2 1 0 1 0 2 1 2 1 1 0 3 5 5 9 17 21 29 35 34 35 29 24 37 26 26 14 4 2 3 2 2 7 8 5 16 14 6 6 20 20 15 12 24 16 17 16 13 38 60 60 62 45 28 41 70 41 60 59 59 62 32 15 19 19 39 26 44 58 32 25 24 69 54 46 66 37 49 72 61 36 50 75 36 38 21 21 20 27 25 62 48 52 34 13
13 6 3 1 0 1 1 0 1 0 1 3 2 10 7 8 37 35 61 59 44 66 46 47 22 24 26 25 18 2 1 2 13 10 25 24 17 25 23 17 19 18 17 13 13 12 14 22 19 16 16 26 19 35 52 64 74 36 88 77 31 68 46 50 50 23 14 9 27 43 25 39 23 50 15 46 81 67 42 58 68 63 51 83 29 33 30 18 20 9 30 48 48 24 16 19
5 8 9 3 2 2 1 0 2 0 2 1 1 10 13 13 8 23 20 10 20 9 15 24 40 50 29 28 38 9 3 21 18 21 9 7 16 12 11 36 30 10 20 30 27 24 37 40 24 42 45 22 37 60 52 66 53 68 66 71 36 61 71 47 60 71 64 40 17 45 48 61 53 36 36 51 72 75 56 52 53 59 45 77 72 47 11 13 15 26 40 49 62 31 16 9
1 2 5 5 9 1 3 1 1 0 2 2 0 7 26 32 26 15 33 23 16 28 23 36 60 35 39 41 42 36 15 64 27 10 15 9 31 32 34 41 60 32 42 42 39 45 27 40 32 39 43 30 19 46 26 34 70 75 60 62 68 76 81 72 29 65 60 57 39 22 29 51 16 35 40 50 69 53 69 67 46 31 36 78 70 42 44 12 18 35 27 54 48 46 36 24
7 1 1 2 2 2 2 1 1 4 5 3 3 6 5 5 7 17 10 46 26 32 36 39 38 37 53 41 43 31 33 65 23 27 24 18 26 31 32 52 59 33 39 48 39 44 16 22 47 30 30 39 18 11 12 12 49 61 69 75 71 66 71 84 58 41 54 47 32 15 7 13 23 22 36 53 61 76 57 33 25 20 74 64 68 38 26 26 15 21 31 52 21 12 15 44
27 8 3 1 4 2 2 1 2 7 3 3 8 3 21 5 3 9 14 34 49 49 15 23 29 42 45 24 54 48 59 40 38 43 15 11 16 32 65 60 27 27 30 58 59 44 22 21 18 51 34 29 40 30 15 8 19 20 19 45 40 40 61 76 72 46 20 9 10 14 10 10 14 18 29 29 63 52 41 22 7 15 69 53 67 55 29 26 8 28 39 62 58 47 21 11
6 12 8 3 6 3 1 0 1 2 1 9 4 7 34 4 9 8 26 48 30 20 6 31 17 7 35 18 54 62 54 53 55 28 15 28 39 39 64 46 29 48 31 34 54 27 24 31 15 39 28 20 34 18 30 20 18 27 28 10 19 35 39 51 52 26 20 30 23 35 19 13 14 19 20 11 38 28 29 14 11 4 23 14 32 63 28 33 10 38 57 45 36 32 38 14
7 2 1 4 3 7 1 0 1 2 1 6 5 11 5 27 14 21 16 16 23 6 27 25 21 12 28 22 47 36 39 36 45 19 34 43 48 37 51 42 36 46 35 34 50 27 31 30 21 57 39 29 44 42 35 28 45 42 52 33 22 25 9 17 8 9 25 39 40 39 33 17 14 9 9 10 16 17 15 12 12 6 7 8 20 29 10 25 9 27 52 49 27 16 66 45
5 6 7 3 2 2 2 2 2 1 1 1 6 12 3 39 34 12 20 14 27 12 13 24 22 25 57 40 47 29 40 46 18 36 39 58 44 39 66 27 40 53 29 41 46 61 24 44 24 53 40 44 41 57 30 40 40 52 42 47 45 49 23 19 21 13 36 27 31 18 10 6 30 15 9 5 6 15 9 6 5 3 4 11 16 14 11 16 9 55 62 65 63 21 7 14
2 6 5 6 3 4 3 2 1 2 4 3 23 29 20 3 26 20 14 27 30 15 23 46 34 29 57 28 21 13 19 27 33 65 42 36 42 17 48 28 41 37 44 40 28 34 36 45 54 56 53 54 43 50 46 57 61 43 52 41 60 35 22 41 13 23 23 33 15 11 18 37 30 23 22 22 5 4 8 6 6 8 4 13 7 6 24 6 17 53 48 50 72 35 35 8
11 4 4 6 3 1 1 3 2 1 2 3 2 13 15 4 6 19 11 19 14 13 19 43 34 60 39 30 18 16 27 56 28 36 59 42 30 38 49 20 40 36 20 25 26 46 18 31 31 12 31 17 38 54 63 64 72 58 33 50 39 42 36 26 57 20 27 28 30 55 41 27 14 13 16 19 18 21 19 17 20 18 6 6 6 12 27 14 24 38 17 37 76 51 52 28
12 14 11 10 5 2 1 3 4 5 4 2 1 10 7 9 17 10 13 13 18 19 15 13 19 15 22 29 25 37 32 48 21 32 56 34 26 29 22 33 34 35 27 40 53 40 20 45 63 37 53 43 61 70 59 41 49 61 55 41 48 47 63 46 58 44 41 40 56 15 9 12 13 6 3 5 16 12 19 22 19 14 10 4 4 12 28 10 12 7 11 40 83 38 55 41
2 2 4 10 15 17 6 2 7 20 16 7 6 2 1 15 10 7 28 34 56 50 51 28 53 18 17 29 38 28 36 22 20 36 54 41 30 23 19 26 36 70 44 27 42 44 52 24 56 68 78 60 71 82 67 44 58 46 33 34 33 37 64 42 43 52 45 53 20 17 20 26 41 23 19 12 5 15 22 31 20 5 3 4 2 11 20 10 10 9 13 69 67 27 39 74
3 2 2 7 11 11 21 19 9 6 10 3 1 2 2 4 12 17 25 23 45 72 62 32 32 50 62 56 49 24 67 40 36 32 37 34 21 22 41 36 50 13 38 67 31 54 59 45 35 72 71 78 40 68 60 59 47 63 53 51 49 53 21 48 58 62 62 24 28 27 38 55 37 37 47 22 9 20 29 27 7 3 2 6 3 9 4 4 10 11 28 70 38 54 30 70
12 11 5 4 11 4 6 12 5 9 4 3 3 2 9 3 14 13 32 39 19 57 58 73 78 80 70 72 62 35 50 40 29 36 47 62 51 70 75 62 61 65 48 76 40 49 75 71 29 26 16 68 69 39 65 43 31 79 67 60 35 46 52 58 61 61 45 48 45 55 42 24 33 26 24 17 28 18 9 10 3 2 2 3 2 5 3 4 4 5 12 51 21 36 9 26
9 17 12 7 9 5 2 3 1 1 1 2 2 2 5 4 1 6 40 65 30 10 51 82 63 79 66 80 80 85 75 80 79 80 55 71 22 66 80 55 66 83 49 71 78 44 71 43 77 54 30 79 63 57 60 53 81 81 46 68 40 23 42 44 41 50 38 27 23 29 26 28 18 25 24 33 31 17 3 1 3 1 1 2 1 2 2 4 5 15 27 45 12 14 13 11
6 11 36 4 28 31 11 12 6 6 4 7 8 12 10 4 9 9 9 46 32 9 9 27 27 21 55 67 72 75 73 68 76 72 53 66 73 62 64 76 48 80 78 43 66 57 74 46 68 82 49 54 57 35 27 74 65 63 46 63 60 30 34 33 56 46 46 51 50 48 50 30 37 26 39 33 13 5 3 1 0 1 1 1 1 1 2 3 4 8 22 26 4 6 7 9
15 9 6 31 35 44 27 33 25 19 5 14 20 19 8 8 16 11 25 8 4 4 17 8 11 24 48 43 50 63 67 72 45 57 51 72 70 68 70 71 62 69 65 60 63 64 70 75 27 61 52 25 67 18 39 72 55 23 57 26 32 71 23 24 40 42 53 53 52 43 37 35 41 61 48 26 10 4 1 1 1 0 0 0 1 0 2 1 2 5 10 6 4 2 8 11
4 13 23 21 28 35 13 14 34 9 20 8 15 21 7 16 16 12 27 38 27 22 15 15 14 19 7 11 14 16 14 14 24 30 15 12 17 16 15 18 16 19 17 27 29 21 24 69 53 37 70 23 43 34 40 50 17 16 29 30 64 58 36 28 41 49 51 38 32 55 66 56 52 41 28 18 7 1 0 0 0 0 0 0 0 0 1 0 1 1 3 4 3 1 3 4
20 29 38 28 16 8 13 12 30 6 21 13 10 18 11 19 16 14 22 9 12 34 27 16 32 24 14 17 26 32 22 22 48 41 33 37 22 26 29 33 33 36 47 35 43 30 42 18 19 17 33 30 32 33 34 20 30 45 44 49 58 39 26 35 46 43 49 57 67 65 65 40 18 12 5 4 1 1 1 1 1 1 0 0 0 0 0 0 0 0 1 1 1 1 1 1
47 59 48 17 11 6 9 13 8 13 5 7 3 17 4 9 9 7 7 35 24 8 14 12 21 14 7 30 21 18 30 31 14 12 11 25 20 18 27 19 26 43 42 26 23 33 24 39 27 23 11 9 5 4 9 17 35 38 41 42 19 21 26 42 44 35 30 25 39 50 46 35 17 9 2 2 3 3 5 4 2 1 0 0 0 1 0 0 0 0 0 0 0 1 1 1
13 17 13 31 19 9 8 2 2 6 5 10 6 14 6 10 18 5 4 4 28 31 24 22 14 15 11 16 29 36 21 7 17 11 13 17 19 27 28 31 24 23 26 15 12 11 12 13 22 29 33 40 14 10 13 15 21 27 27 15 16 28 27 51 38 23 28 23 20 18 9 12 12 4 2 5 7 6 1 1 0 0 0 1 2 3 2 1 1 1 0 0 0 0 0 0
20 17 23 7 2 2 5 1 10 1 5 3 2 3 8 3 5 13 13 11 13 42 34 24 23 10 13 27 38 9 10 15 10 22 19 11 12 17 17 18 16 15 29 26 31 23 23 29 37 26 27 26 21 16 23 21 22 21 24 25 6 26 27 34 53 46 43 45 22 14 6 4 2 3 5 9 17 7 2 1 1 2 2 5 3 3 4 4 3 1 2 1 0 0 0 0
34 25 14 10 7 2 2 3 5 1 6 5 2 2 3 3 8 12 13 3 14 31 37 31 30 7 33 46 19 6 12 9 17 13 17 15 16 21 20 22 10 23 27 28 19 26 31 26 23 17 21 10 34 27 44 36 25 21 15 11 16 22 26 19 63 66 31 44 30 20 10 8 3 6 14 17 6 2 3 4 4 6 4 7 8 7 10 6 5 4 3 3 2 1 1 1
15 9 12 6 2 9 26 36 19 7 14 6 1 0 2 1 1 3 3 8 23 25 10 20 24 30 42 58 27 14 19 17 18 35 21 27 23 28 13 15 27 34 27 31 31 41 34 15 31 15 26 31 35 27 44 27 47 13 20 10 28 47 21 52 74 48 42 22 15 12 6 3 4 8 16 13 4 6 6 8 13 12 13 21 18 16 13 9 13 13 6 10 4 2 2 2
9 10 3 3 15 44 33 21 36 50 7 17 6 1 1 2 5 5 6 16 26 18 17 43 24 47 37 9 11 7 14 25 16 25 53 26 25 32 33 38 28 30 27 24 28 23 36 26 23 28 36 34 36 32 41 32 47 31 16 8 14 36 47 58 47 50 23 19 15 6 5 6 9 4 18 7 12 12 23 26 34 23 27 36 32 20 28 27 22 12 11 10 6 4 6 6
3 4 4 7 9 33 40 46 64 47 29 20 33 16 5 3 3 2 12 12 4 5 15 35 17 8 13 16 29 34 24 17 41 18 39 40 38 53 33 35 16 35 15 12 15 22 24 41 37 32 29 53 20 32 45 41 19 16 20 15 5 21 20 22 31 45 30 34 15 3 11 10 15 14 55 21 23 24 38 36 48 33 37 53 30 27 42 52 37 29 16 13 12 18 14 6
4 2 4 12 2 4 3 3 47 47 41 52 49 17 22 16 5 2 6 3 9 6 12 12 16 25 29 28 28 31 26 20 24 32 28 41 28 33 32 46 57 24 29 28 10 14 19 19 30 39 41 39 30 13 44 11 22 36 17 17 7 9 13 10 7 6 15 7 3 11 35 20 25 25 63 29 45 47 64 67 81 71 79 78 69 51 54 52 73 64 30 23 21 19 39 15
2 4 3 2 1 4 7 11 6 18 12 43 39 17 28 29 25 19 19 7 3 9 3 8 17 33 30 13 9 15 11 14 17 21 26 24 23 28 26 44 50 64 35 15 51 37 39 18 30 24 15 31 15 31 28 26 25 17 23 17 10 28 35 21 13 7 6 10 20 22 37 44 32 48 62 62 64 52 62 78 64 59 75 70 66 61 59 54 63 53 43 30 47 51 52 34
6 3 4 12 12 8 37 17 19 3 41 56 24 50 40 42 51 36 22 13 9 7 5 5 19 13 8 8 8 4 5 4 6 9 23 23 12 20 36 48 38 44 49 46 5 38 36 38 38 24 21 36 39 26 12 11 18 33 22 17 11 42 26 16 8 16 14 22 48 48 40 72 58 73 58 69 71 60 68 60 32 52 61 44 25 24 41 17 44 55 38 38 38 37 34 58
24 26 36 21 52 10 5 8 28 18 37 56 38 81 61 55 80 53 30 26 20 22 7 5 6 4 10 7 8 5 9 4 10 21 7 9 23 20 22 15 18 36 46 65 47 29 45 30 36 32 28 19 15 45 60 32 33 25 19 21 31 28 31 14 16 28 44 29 42 60 48 56 63 59 75 42 54 42 59 48 15 20 29 39 17 4 4 10 40 36 38 44 14 17 12 39
