sesion_6_simulaciones/modelos_agentes/ejemplos_netlogo/scenarios/cgcm2_a2/rob_2078.asc
NCOLS 322 
NROWS 307 
XLLCORNER 451900 
YLLCORNER 4086900 
CELLSIZE 100 
NODATA_value -9999 
[rows 0 to 73 of 307, columns 96 to 191 of 322]
0 0 0 0 0 0 0 0 0 0 0 0 0 1 1 0 1 0 0 0 0 0 0 1 0 0 0 0 0 0 0 0 0 0 0 0 0 0 0 0 0 1 7 12 17 13 13 13 32 10 7 9 3 1 2 3 2 0 1 1 1 0 0 0 1 2 3 0 0 3 6 3 3 5 5 4 5 8 5 34 27 15 26 31 41 28 31 34 40 50 27 16 11 4 8 18
0 0 0 0 0 0 0 0 0 0 0 0 1 1 0 0 0 0 0 0 0 0 0 0 0 0 0 0 0 1 0 0 0 0 0 0 0 0 0 1 1 2 3 3 40 51 35 25 56 24 22 11 2 2 8 1 0 0 0 0 0 0 0 0 0 0 0 2 2 2 1 5 10 4 11 17 24 9 10 15 16 14 26 33 40 27 26 36 37 27 33 21 29 11 16 18
0 0 0 0 0 0 0 0 0 0 0 0 0 0 0 0 0 0 0 1 1 0 0 0 0 0 0 0 0 0 1 0 0 0 1 0 1 1 1 2 3 6 5 7 2 1 2 9 55 29 28 26 4 12 6 4 2 1 1 1 0 3 9 5 13 2 2 3 1 2 1 2 4 6 8 21 35 41 20 12 14 14 24 26 38 26 31 41 22 22 29 18 26 23 14 14
0 0 0 0 0 0 0 0 0 0 0 0 0 0 0 0 0 1 1 1 0 0 0 0 0 0 0 0 0 0 0 0 0 1 1 0 2 2 6 11 19 25 14 3 1 2 1 1 5 2 4 3 1 3 7 1 6 0 0 1 1 4 16 14 19 19 14 2 4 3 3 4 3 4 8 12 19 7 6 11 18 19 29 31 35 23 22 27 18 17 27 25 16 20 8 25
0 0 0 0 0 0 0 0 0 0 0 0 0 0 0 0 0 1 0 0 0 0 0 0 0 0 0 0 0 0 1 1 0 1 1 2 3 7 21 36 42 34 20 7 3 1 2 4 2 1 3 3 1 9 1 2 3 1 0 0 6 13 10 21 9 3 18 6 9 10 4 4 2 2 8 6 10 9 11 14 15 14 50 29 18 22 21 31 20 25 22 33 10 18 27 27
0 0 0 0 0 0 0 0 0 0 0 0 0 0 0 0 0 0 0 0 0 0 0 0 0 0 0 0 0 0 0 1 1 0 3 6 9 24 41 28 45 47 39 14 4 6 3 4 4 3 4 10 1 2 1 3 1 1 1 1 9 10 2 1 1 4 7 1 2 3 1 3 19 11 6 3 5 6 6 12 9 14 17 17 24 17 16 29 26 17 23 15 19 29 38 13
0 0 0 0 0 0 0 0 0 0 0 0 0 0 0 0 0 0 1 0 1 0 0 0 0 0 0 0 0 0 0 1 1 1 3 22 31 35 42 47 51 47 18 7 9 19 9 13 9 8 6 12 5 4 4 2 1 2 3 1 1 1 1 2 1 1 7 16 7 6 1 6 2 1 13 6 5 9 3 9 8 6 7 6 14 16 13 21 18 7 20 15 17 18 10 10
0 0 0 0 0 0 0 0 0 0 1 1 1 0 0 0 0 0 0 0 1 2 0 1 1 0 0 0 0 0 0 0 1 6 5 26 23 41 49 41 37 9 13 12 29 19 14 32 15 12 6 7 12 11 5 4 3 14 20 19 6 2 0 0 3 1 5 3 10 4 4 2 1 2 1 6 12 29 18 4 8 11 5 9 26 12 12 18 25 31 10 10 3 7 8 7
0 0 0 0 0 0 0 0 0 0 0 1 1 3 1 1 0 0 0 0 0 0 0 0 0 0 0 0 0 0 1 1 3 15 26 9 7 12 10 10 20 9 8 17 44 28 12 17 21 11 8 5 45 10 6 10 7 12 2 4 21 10 3 0 3 2 1 2 1 2 6 5 1 2 7 2 4 5 7 21 23 42 13 17 5 4 10 39 11 25 12 40 23 12 8 13
0 0 0 0 0 0 0 0 0 0 0 0 0 0 0 0 0 0 0 0 0 0 0 0 0 0 0 0 0 0 1 5 6 7 18 14 15 17 9 10 5 5 9 21 51 23 7 8 14 16 12 6 10 62 34 27 2 5 2 12 6 9 2 2 1 1 1 1 2 4 3 5 6 4 8 13 3 7 30 38 11 31 17 10 4 6 4 13 13 23 9 27 60 40 10 8
0 0 0 0 0 0 0 0 0 0 0 0 0 0 0 0 0 0 0 0 0 0 0 0 0 0 0 0 0 1 4 7 34 22 11 12 17 29 29 17 11 4 5 6 26 7 9 12 16 11 16 6 13 15 61 36 7 4 5 10 4 4 2 1 2 2 3 1 4 11 9 10 7 4 10 17 10 4 6 29 14 19 22 30 8 10 7 9 38 27 25 25 57 63 33 13
0 0 0 0 0 0 0 0 0 0 0 0 0 0 0 0 0 0 0 0 1 0 0 0 0 0 0 0 0 7 11 12 17 16 13 10 14 38 27 20 11 5 8 13 15 6 8 24 10 12 29 9 15 28 11 26 9 7 11 8 3 2 7 5 2 2 6 6 15 39 39 46 5 11 20 19 12 7 6 33 13 2 17 40 9 14 13 13 33 18 15 18 42 46 46 32
0 0 0 0 0 0 0 0 0 0 0 0 0 0 0 0 0 0 0 0 1 1 0 0 0 0 0 0 1 5 17 10 14 13 16 33 32 10 15 30 12 5 5 23 17 7 14 14 16 23 36 26 24 44 23 19 17 12 19 4 3 4 7 5 3 2 2 7 18 10 31 21 16 8 7 25 6 7 2 7 19 2 25 53 11 14 26 14 11 43 22 8 15 26 51 59
0 0 0 0 0 0 0 0 0 0 0 0 0 0 0 0 0 0 1 0 0 0 1 0 0 0 0 2 4 4 9 11 9 5 6 7 7 5 5 9 11 2 2 2 7 6 12 12 38 50 57 54 34 40 21 33 27 18 13 15 4 2 8 8 6 7 3 4 5 3 1 1 12 13 8 9 6 12 6 4 2 3 13 39 44 15 24 26 15 15 34 14 28 44 75 53
0 0 0 0 0 0 0 0 0 0 0 0 0 0 0 0 0 0 1 0 0 1 1 0 0 0 0 1 4 7 4 3 3 5 8 7 7 6 3 1 8 2 6 4 1 2 14 25 31 62 64 59 43 53 33 52 43 28 23 29 3 13 19 15 7 5 2 4 2 1 1 10 27 15 19 25 16 11 5 6 13 4 14 40 55 18 8 11 14 12 8 9 25 38 43 40
0 0 0 0 0 0 0 0 0 0 0 0 0 0 0 0 0 0 0 0 0 0 0 2 0 1 0 1 1 1 2 6 8 10 7 11 24 26 13 3 3 3 1 5 2 3 2 21 30 35 46 33 35 34 45 28 36 24 33 26 3 12 3 15 27 13 4 4 6 1 4 24 24 23 6 4 7 13 17 16 13 12 13 40 63 81 43 27 13 11 11 6 29 66 51 29
0 0 0 0 0 0 0 0 0 0 0 0 0 0 0 0 0 0 0 0 0 0 0 0 1 1 1 1 8 7 4 3 4 7 8 18 30 37 27 2 6 5 2 4 11 12 14 3 16 29 18 19 12 15 28 41 39 35 40 33 7 15 9 10 16 4 3 4 3 3 4 21 13 18 4 3 6 6 32 16 16 18 22 33 67 82 80 21 16 16 15 11 32 59 59 59
0 0 0 0 0 0 0 0 0 0 0 0 0 0 0 0 0 0 0 0 0 0 0 0 0 1 0 1 1 1 3 3 5 4 15 38 21 31 27 12 18 21 14 15 25 25 31 18 6 2 3 5 3 1 10 52 77 86 48 15 37 15 13 8 15 8 4 9 2 2 23 24 20 16 5 15 26 11 22 20 13 13 10 6 54 60 60 53 33 20 21 16 20 43 48 20
0 0 0 0 0 0 0 0 0 0 0 0 0 0 0 0 0 0 0 0 0 0 0 0 1 2 1 1 1 2 3 5 3 9 15 20 7 10 12 33 23 31 37 47 43 27 36 33 17 13 10 11 13 2 3 15 77 81 51 23 20 24 9 7 11 3 4 5 1 17 34 34 27 43 9 10 24 26 31 64 29 20 11 7 17 41 52 47 55 30 26 29 14 32 71 20
0 0 0 0 0 0 0 0 0 0 0 0 0 0 0 0 0 0 0 0 0 0 0 0 1 0 0 1 1 1 2 9 6 6 7 5 12 14 13 20 44 49 42 21 28 15 28 38 21 18 19 5 10 5 10 6 25 35 47 42 26 12 9 18 15 2 4 18 37 25 50 69 19 65 19 5 23 57 30 62 53 37 29 13 16 55 74 59 67 44 39 26 12 23 64 50
0 0 0 0 0 0 0 0 0 0 0 0 0 0 0 0 0 0 0 0 0 0 0 0 0 1 1 0 0 1 1 1 3 4 9 5 6 14 8 35 19 21 43 34 20 19 24 40 38 18 29 22 7 13 21 15 20 47 57 45 12 11 41 32 12 3 18 17 25 32 25 29 14 20 43 28 18 15 22 64 24 22 46 31 28 14 64 42 70 35 45 27 20 19 31 51
0 0 0 0 0 0 0 0 0 0 0 0 0 0 0 0 0 0 0 0 0 0 0 0 1 0 1 1 0 1 1 2 3 15 12 7 31 9 19 8 22 15 14 15 34 39 71 58 58 24 26 22 20 21 34 26 26 45 63 57 54 11 17 16 8 9 32 5 20 34 48 22 33 12 42 54 26 15 27 76 83 43 18 60 48 18 14 28 69 56 52 47 25 23 27 56
0 0 0 0 0 0 0 0 0 0 0 0 0 0 0 0 0 0 0 0 0 0 0 0 1 0 1 2 1 1 3 13 16 3 1 34 23 7 8 10 18 34 23 17 17 49 45 21 28 22 41 26 26 28 28 31 19 31 53 32 24 17 9 8 8 25 34 3 15 11 31 46 44 13 14 38 38 50 23 60 84 59 58 27 49 27 10 26 72 77 30 61 43 26 33 54
0 0 0 0 0 0 0 0 0 0 0 0 0 0 0 0 0 0 0 1 0 1 1 0 1 1 1 3 4 2 1 2 1 1 1 3 9 11 5 11 15 29 29 36 34 14 12 8 6 5 20 16 10 14 25 14 17 18 20 28 30 19 10 13 38 25 14 6 14 16 14 39 32 28 25 60 61 38 37 22 62 67 48 70 32 24 19 22 22 60 25 44 41 22 20 29
0 0 0 0 0 0 0 0 0 0 0 0 0 0 0 0 1 0 0 0 1 1 3 1 1 1 5 3 8 4 2 1 3 3 2 0 1 16 12 4 9 24 39 50 37 34 30 25 20 19 10 8 5 3 4 4 4 7 27 32 39 19 23 25 13 32 13 17 28 21 14 29 46 51 13 57 66 42 45 32 51 70 39 22 58 38 23 24 20 32 34 36 49 26 15 15
0 0 0 0 0 0 0 0 0 0 0 0 0 0 1 0 1 1 0 0 3 12 15 27 19 17 16 7 15 9 30 36 30 11 4 3 4 3 3 7 17 14 22 31 43 47 50 39 36 35 19 20 20 20 19 19 19 16 41 43 34 25 18 16 13 33 25 36 11 37 16 13 42 31 16 41 45 23 29 28 31 46 73 23 29 20 26 12 13 23 18 29 15 15 10 13
0 0 0 0 0 0 0 0 0 0 0 0 0 1 2 2 2 10 4 12 21 26 32 42 31 43 37 33 38 45 27 7 16 22 14 5 7 6 2 3 11 16 21 37 34 37 47 37 40 38 31 31 34 35 20 31 21 23 35 25 27 17 9 10 9 34 22 35 33 40 10 16 25 31 24 42 41 54 19 29 32 16 41 30 19 38 17 16 4 12 19 15 18 13 14 13
0 0 0 0 0 0 0 0 0 1 1 2 1 2 5 19 16 11 20 4 9 11 23 38 43 35 79 55 55 53 7 5 4 5 12 10 14 7 11 7 10 24 31 28 42 40 32 53 45 36 31 34 32 32 30 33 32 9 20 18 18 11 11 18 31 56 52 26 30 15 24 12 26 30 30 21 19 37 40 23 36 23 35 32 11 35 19 13 4 8 20 19 14 19 11 6
0 1 0 0 0 0 0 0 1 2 6 11 22 25 40 44 29 34 31 18 8 4 15 31 21 18 14 33 39 35 15 2 2 1 2 4 8 7 10 12 5 12 20 23 12 13 8 25 37 31 43 41 30 29 28 44 34 12 13 11 7 16 26 35 44 36 19 22 15 31 27 37 21 21 26 21 21 24 40 28 25 23 22 17 20 18 19 15 11 5 12 7 8 13 5 5
0 1 0 0 1 1 1 2 6 15 35 28 47 55 45 74 38 40 61 13 40 11 6 18 11 7 11 12 10 10 29 11 6 1 2 1 4 3 4 12 10 13 27 10 14 15 9 26 19 12 11 10 9 19 20 10 32 20 14 10 12 16 32 34 40 32 15 34 47 27 34 25 21 19 17 12 16 15 22 24 23 22 9 16 11 6 7 4 7 4 3 1 1 2 2 4
0 1 1 1 2 4 8 14 16 43 40 66 52 67 57 58 24 35 62 41 13 14 7 4 4 4 2 1 6 6 8 47 11 3 3 2 12 36 38 26 21 13 11 6 10 12 13 5 4 7 8 16 24 25 14 15 29 17 26 9 14 20 36 23 38 19 14 27 46 43 28 21 11 21 16 9 5 2 7 11 16 10 6 5 4 5 4 4 2 2 2 2 16 8 9 12
1 3 6 6 15 34 25 34 48 52 47 77 49 58 35 51 30 54 46 50 8 21 21 7 5 1 1 1 2 3 3 5 7 3 3 6 3 7 7 10 7 7 9 15 17 11 14 7 12 14 35 46 38 23 44 9 35 30 8 3 4 13 11 28 23 27 16 10 16 22 17 18 10 4 4 5 8 6 15 20 13 18 12 18 22 22 18 16 16 22 7 9 33 20 13 27
7 12 18 34 32 32 39 54 63 51 82 43 19 36 29 33 39 41 42 49 16 8 13 6 6 3 1 2 5 5 5 10 6 2 6 5 7 7 14 9 18 11 19 20 27 27 21 20 16 20 28 53 52 52 53 22 39 30 15 20 12 3 4 5 7 6 12 8 7 8 9 8 7 13 22 22 34 22 34 21 24 34 21 33 24 50 33 19 29 27 16 17 29 26 19 34
26 48 51 36 51 49 66 44 51 33 63 8 15 11 19 31 33 23 19 38 18 6 3 2 4 5 5 4 6 2 21 17 14 9 11 12 12 10 12 13 14 17 19 18 32 22 34 22 13 43 32 34 40 28 23 19 53 24 21 37 30 20 20 22 23 23 38 28 23 21 22 23 33 35 33 21 36 35 36 36 36 37 34 35 53 42 36 29 32 20 31 22 36 23 43 40
3 6 27 29 46 38 58 45 16 3 1 2 6 5 4 6 7 16 27 41 17 4 5 8 4 4 15 9 15 10 17 14 12 9 9 21 16 7 16 14 14 23 23 24 18 19 29 21 17 28 36 28 36 40 25 31 22 18 24 29 24 30 30 35 36 32 46 41 35 21 34 34 31 33 46 33 33 48 34 47 48 36 42 40 66 40 37 35 35 33 34 27 43 44 44 54
4 3 2 3 2 2 9 9 9 3 2 5 7 8 4 2 1 4 20 17 8 5 18 4 11 17 19 12 19 10 9 7 15 12 5 9 10 6 9 14 12 24 13 13 14 18 31 20 14 17 31 25 13 44 21 40 17 18 26 21 37 25 23 24 27 20 49 33 22 33 32 31 43 30 43 31 32 47 46 49 37 34 47 46 50 41 36 39 35 35 36 33 61 48 37 38
7 17 14 5 5 5 1 3 5 2 4 7 6 4 1 2 1 7 5 8 13 23 25 8 16 11 14 12 8 3 1 4 7 6 4 7 4 5 8 12 17 8 11 11 10 26 19 11 20 24 26 34 12 43 34 10 31 29 27 15 25 22 36 34 26 34 29 30 30 22 30 45 42 30 43 40 32 49 33 42 34 45 49 64 52 37 22 48 36 39 46 47 52 25 53 36
8 7 8 6 3 3 3 3 7 9 11 12 9 3 3 8 9 12 13 20 41 31 32 17 10 7 6 9 9 7 3 3 6 4 7 3 3 4 5 10 4 3 10 13 11 31 12 16 26 17 29 9 21 18 8 14 36 25 12 23 16 27 32 22 16 30 30 29 18 30 51 52 45 28 39 45 42 48 30 30 37 46 50 47 38 25 25 47 39 27 53 52 49 25 17 54
3 6 12 9 10 5 12 7 10 13 14 25 19 13 11 18 9 19 23 26 32 18 6 9 14 7 3 4 7 6 4 2 3 4 1 5 2 7 5 3 5 3 10 7 8 36 16 15 13 10 12 17 12 7 8 7 18 29 13 22 22 36 27 14 31 33 38 28 17 28 43 61 48 29 37 44 48 35 28 23 36 64 59 53 50 24 44 68 45 21 44 63 63 31 17 53
6 14 6 7 5 9 11 6 6 12 14 19 15 15 19 17 18 21 25 19 21 11 7 8 5 3 3 7 3 5 3 3 1 1 3 3 4 3 4 2 3 2 9 2 2 11 9 13 6 9 7 3 14 2 1 1 4 17 7 22 29 23 21 41 30 32 20 9 18 41 49 62 48 33 34 58 64 36 36 23 42 70 39 32 33 29 47 65 44 29 23 73 76 48 26 43
2 5 4 10 7 9 6 5 5 5 12 16 10 11 30 11 15 17 12 11 14 9 3 7 3 3 5 3 3 5 1 3 1 1 1 2 1 2 1 3 2 3 5 2 7 4 11 7 2 4 5 3 4 2 2 1 2 4 3 15 25 23 28 44 12 30 10 11 14 43 55 55 49 34 35 54 69 26 37 16 56 78 44 21 19 30 47 64 43 28 25 58 69 59 18 40
1 2 9 5 2 3 4 2 2 3 8 7 6 12 8 7 4 10 10 5 4 5 5 4 2 2 2 2 1 8 1 2 1 1 1 2 1 1 1 1 1 2 2 2 4 2 3 1 2 1 1 4 3 2 1 2 6 2 2 9 8 13 44 15 26 23 15 20 23 34 44 40 45 18 23 46 31 19 39 16 36 57 44 35 18 24 46 56 38 34 26 36 57 31 23 37
0 0 2 1 0 0 1 1 1 1 1 2 2 4 4 3 4 4 5 4 3 1 2 2 2 1 2 1 1 1 1 3 1 0 1 2 1 0 1 1 1 2 1 1 1 1 3 0 0 0 0 2 0 1 1 1 2 1 2 5 4 13 5 12 37 13 13 25 27 25 22 38 20 10 19 31 23 18 31 20 23 40 21 18 21 14 19 56 51 25 16 30 49 25 13 35
0 0 0 0 0 0 0 1 0 1 1 2 2 1 1 3 2 2 2 3 1 1 1 1 1 1 1 0 1 1 1 1 0 0 0 0 0 1 0 1 2 0 1 1 1 0 0 1 0 0 0 0 0 0 0 1 1 2 2 1 1 1 5 17 5 9 21 9 12 8 8 19 6 5 8 19 9 12 20 7 21 23 10 12 17 22 7 15 49 18 12 20 39 22 16 13
0 0 0 0 0 0 0 0 0 0 0 1 1 1 1 1 1 1 1 1 1 0 1 1 1 1 1 1 0 0 1 1 0 0 0 1 0 0 0 0 1 0 0 0 0 0 0 0 0 0 0 1 0 0 0 1 3 2 1 4 2 1 5 2 5 12 3 4 3 5 2 13 2 2 3 9 3 16 13 5 8 9 5 12 15 21 9 12 32 15 8 14 15 7 10 6
0 0 0 0 0 0 0 0 0 0 0 1 0 0 0 1 1 2 1 0 0 0 1 0 0 0 0 0 0 0 0 0 0 0 0 0 0 0 0 0 1 0 0 0 0 0 0 1 2 3 3 1 2 1 0 1 2 1 1 1 1 1 3 1 5 2 2 2 2 4 1 3 1 3 1 2 1 6 4 2 9 2 2 3 11 4 6 3 14 6 7 5 17 14 15 11
0 0 0 0 0 0 0 0 0 0 0 0 0 0 0 1 0 1 1 0 0 0 0 0 0 0 0 0 0 0 0 0 0 0 0 0 0 0 0 0 0 0 1 1 0 4 1 7 1 2 1 1 4 4 10 2 2 0 1 1 1 1 0 0 1 1 1 1 2 2 2 2 2 1 1 4 1 4 1 1 6 1 5 6 14 4 4 4 7 11 6 14 22 20 37 58
0 0 0 0 0 0 0 0 0 0 0 0 0 0 0 0 0 0 0 0 0 0 0 0 0 0 0 0 0 0 0 0 0 0 1 1 0 1 2 3 1 1 2 4 1 1 3 6 1 5 2 1 2 6 4 2 4 4 3 5 2 10 6 1 1 2 2 2 1 4 6 3 3 11 13 14 18 34 18 8 10 17 17 12 3 41 34 27 13 3 11 5 11 40 17 39
0 0 0 0 0 0 0 0 0 0 0 0 0 0 0 0 0 0 0 0 0 0 0 0 0 0 0 0 0 0 0 0 0 0 0 1 1 0 0 2 2 2 1 6 10 1 1 2 6 3 5 1 1 8 9 2 13 6 13 9 2 6 2 2 2 3 2 10 17 0 1 7 9 1 5 20 4 15 6 36 4 19 36 19 7 40 22 23 45 40 31 7 22 31 18 11
0 0 0 0 0 0 0 0 0 0 0 0 0 0 0 0 0 0 0 0 0 0 0 0 0 0 0 0 0 0 0 0 0 0 0 0 0 0 0 1 2 0 5 9 3 1 2 1 4 3 6 1 2 7 5 12 6 3 7 12 3 1 2 7 5 8 8 5 10 7 1 11 20 3 8 32 2 2 5 39 29 11 8 24 24 49 29 48 60 54 17 39 11 10 35 55
0 0 0 0 0 0 0 0 0 0 0 0 0 0 0 0 0 0 0 0 0 0 0 0 0 0 0 0 0 0 0 0 0 0 0 0 0 1 0 1 1 2 1 2 11 4 2 1 4 6 4 8 2 13 14 39 5 12 31 27 12 1 4 5 6 30 23 28 9 21 4 3 21 5 13 29 7 6 3 20 13 21 3 4 8 47 47 48 65 39 11 49 21 19 38 42
0 0 0 0 0 0 0 0 0 0 0 0 0 0 0 0 0 0 0 0 0 0 0 0 0 0 0 0 0 0 0 0 0 0 0 0 0 0 1 6 2 6 2 7 5 9 3 4 10 16 32 43 8 27 50 61 16 34 48 28 14 4 16 18 7 7 6 4 19 45 6 4 17 5 18 23 54 9 20 61 34 44 35 8 9 24 45 47 33 25 45 75 26 20 11 11
0 0 0 0 0 0 0 0 0 0 0 0 0 0 0 0 0 0 0 0 0 0 0 0 0 0 0 0 0 0 0 0 0 0 0 0 0 1 7 3 4 3 1 19 14 4 3 3 8 19 36 27 27 13 34 75 22 22 42 31 44 29 30 41 5 10 13 9 20 37 25 14 2 10 35 63 50 44 12 73 14 46 61 22 15 15 37 23 28 13 66 80 50 28 35 13
0 0 0 0 0 0 0 0 0 0 0 0 0 0 0 0 0 0 0 0 0 0 0 0 0 0 0 0 1 0 0 0 0 0 0 1 0 2 3 4 9 4 14 4 39 4 6 6 4 11 43 24 12 5 6 23 40 49 55 51 72 44 48 43 34 14 24 16 37 28 57 26 12 11 27 58 63 60 32 53 53 45 56 67 30 19 11 11 10 21 64 43 67 35 36 21
0 0 0 0 0 0 0 0 0 0 0 0 0 0 0 0 0 0 0 0 0 0 0 0 0 0 0 0 0 0 0 0 0 0 1 1 0 0 0 1 2 1 0 0 4 6 28 18 6 3 13 4 6 3 2 5 6 27 35 28 37 50 45 38 67 18 19 16 5 53 83 20 13 11 44 37 41 42 17 30 31 14 62 76 56 31 7 8 11 14 11 29 73 32 22 31
0 0 0 0 0 0 0 0 0 0 0 0 0 0 0 0 0 0 0 0 0 0 0 0 0 0 0 0 0 0 0 0 1 1 1 1 1 2 1 0 1 2 1 1 1 3 7 13 16 4 6 4 9 4 5 11 8 4 8 21 19 7 19 47 74 44 17 25 34 63 81 33 9 5 11 19 43 30 40 49 36 9 43 65 76 24 15 8 27 32 18 31 86 50 46 54
0 0 0 0 0 0 0 0 0 0 0 0 0 0 0 0 0 0 0 0 0 0 0 0 0 0 0 0 0 0 0 0 0 1 0 0 2 3 1 1 1 5 2 1 3 3 4 5 5 3 6 17 20 18 14 12 8 7 6 4 1 1 5 64 59 54 31 15 19 55 70 68 45 13 7 23 36 26 28 22 43 31 15 73 75 56 22 15 35 24 49 81 82 81 60 58
0 0 0 0 0 0 0 0 0 0 0 0 0 0 0 0 0 0 0 0 0 0 0 0 0 0 0 0 0 1 0 0 1 0 1 2 2 4 2 3 2 5 5 4 2 8 5 8 7 2 7 37 46 47 44 33 20 18 16 16 15 13 14 30 33 47 38 15 5 38 30 72 70 23 10 36 39 32 18 40 62 27 16 20 73 79 28 16 48 55 49 70 46 76 41 28
0 0 0 0 0 0 0 0 0 0 0 0 0 0 0 0 0 0 0 0 0 0 0 0 0 0 0 0 1 0 0 0 0 0 2 3 1 2 5 11 6 7 6 4 1 3 17 13 9 7 6 23 66 74 57 60 50 45 33 33 71 73 76 64 47 44 33 18 8 5 25 43 81 55 49 13 31 40 21 4 16 29 30 51 69 78 47 30 17 35 34 27 78 77 87 54
0 0 0 0 0 0 1 0 0 0 0 0 0 0 0 0 0 0 0 0 0 0 0 0 0 0 0 0 0 0 0 1 1 1 4 2 3 7 21 8 16 14 5 8 10 11 18 21 14 12 7 13 43 66 63 72 78 72 46 33 26 37 49 61 73 70 70 55 29 2 8 48 55 58 44 42 26 12 19 18 48 44 22 28 29 71 68 29 16 23 29 33 26 67 59 71
0 0 0 0 0 0 0 0 0 0 0 0 0 0 0 0 0 0 0 0 0 0 0 0 0 0 0 0 0 1 1 3 2 1 2 5 4 5 4 2 4 38 36 16 36 19 15 17 19 21 21 11 9 13 54 54 50 74 75 63 55 48 33 41 50 71 74 74 69 59 36 61 46 72 37 37 26 21 28 23 20 27 17 48 32 72 80 26 14 39 44 28 28 33 61 76
0 0 0 0 0 0 0 0 0 0 0 0 0 0 0 0 0 0 0 0 0 0 0 0 0 0 0 0 0 0 0 0 0 1 1 2 3 5 7 8 5 2 10 48 49 66 52 32 24 13 19 24 21 14 22 37 33 28 51 55 58 67 71 58 31 36 71 77 77 61 61 79 57 83 68 48 42 44 26 15 18 39 17 33 44 29 70 41 14 30 45 42 17 12 55 77
0 0 1 0 0 0 0 1 0 0 0 0 0 0 0 0 0 0 0 0 0 0 0 0 0 0 0 0 0 0 0 1 0 1 1 4 5 8 8 11 15 13 7 5 5 53 61 54 31 20 14 26 23 15 5 5 6 7 7 9 21 41 35 52 56 31 33 51 48 43 67 66 65 62 64 66 71 61 38 43 42 38 19 22 60 68 47 57 22 9 40 43 22 43 81 38
0 0 0 0 0 0 0 0 1 1 1 1 0 0 0 0 0 0 0 0 0 0 0 0 0 0 0 0 0 0 0 1 0 1 1 2 2 4 6 7 9 10 22 22 24 19 7 5 27 28 36 12 14 9 13 20 19 20 20 19 21 9 7 10 13 10 9 7 10 31 43 59 53 49 40 35 34 62 55 45 37 26 54 47 48 62 51 66 46 16 13 37 53 82 52 73
0 0 0 1 0 0 0 0 0 2 0 0 0 0 0 0 0 0 0 0 0 0 0 0 0 0 0 0 0 0 0 0 0 0 1 1 2 5 3 6 9 14 17 20 27 20 19 19 14 8 8 6 9 23 24 32 32 34 35 49 23 7 7 22 23 37 21 24 7 6 16 42 34 23 23 25 31 44 50 65 59 28 24 29 31 35 51 62 66 26 14 31 88 66 55 67
0 0 0 1 0 0 0 0 0 0 0 0 0 0 0 1 0 0 0 0 0 0 0 0 0 0 0 0 0 0 0 0 0 0 1 1 1 2 2 6 8 8 8 10 15 14 12 21 18 16 22 25 28 36 31 28 43 49 50 50 29 24 25 37 34 27 35 21 9 13 13 4 3 4 7 5 15 15 7 14 26 18 19 13 16 17 43 54 48 30 15 67 74 49 73 70
0 0 0 0 1 0 3 1 0 0 0 0 0 0 0 0 1 0 0 0 0 0 0 0 0 0 0 0 0 0 0 0 0 0 0 0 1 2 1 1 3 8 7 5 10 9 15 17 23 19 27 16 17 26 36 39 43 45 59 51 33 32 39 36 48 51 55 48 27 27 9 5 3 7 8 16 39 27 19 16 14 11 7 10 9 14 21 33 56 54 25 78 37 25 62 78
1 1 1 1 1 1 0 0 0 2 0 1 0 0 0 1 2 1 0 0 0 0 0 0 0 0 0 0 0 0 0 0 0 0 0 0 1 2 2 6 5 5 10 8 14 12 14 15 20 10 32 20 18 17 28 31 56 57 61 45 23 37 34 48 50 68 61 59 51 32 24 25 24 31 32 46 53 42 28 28 44 52 33 18 24 15 6 13 29 64 45 73 30 31 72 90
1 1 0 0 1 1 4 2 1 0 1 2 1 0 0 2 3 1 0 1 0 1 0 0 0 0 0 0 0 0 0 0 0 0 0 0 0 1 2 3 4 3 4 6 8 10 12 21 17 14 18 22 13 16 26 33 49 46 35 29 30 34 43 44 46 70 65 56 50 28 41 42 44 47 44 45 59 43 42 44 45 47 32 49 51 32 29 9 15 40 37 40 38 24 53 72
1 1 1 0 5 3 4 2 8 2 1 0 0 2 2 1 1 0 0 2 0 1 0 0 0 0 0 0 0 0 0 0 0 0 0 0 0 1 1 3 4 4 2 6 5 7 8 15 10 5 6 15 14 11 15 33 41 28 21 13 16 37 35 37 62 61 54 49 28 25 37 38 40 57 43 56 56 62 42 45 56 50 52 67 59 58 40 14 9 32 27 42 30 13 35 56
1 0 1 1 0 9 2 1 2 5 3 2 0 1 7 1 0 0 1 2 0 1 0 0 0 0 0 0 0 1 0 0 0 0 0 0 0 0 0 0 2 1 3 2 3 1 8 3 6 2 10 6 7 4 11 34 16 16 11 14 14 23 20 37 55 51 49 48 26 41 50 51 36 48 55 55 57 46 38 52 60 56 54 69 43 37 22 20 12 7 12 27 29 9 28 21
1 1 1 2 0 1 8 12 13 4 1 1 0 1 3 4 1 1 5 2 0 2 0 0 0 0 0 0 0 0 0 1 0 0 0 0 0 0 0 0 1 1 1 2 1 1 1 2 1 1 13 2 3 2 11 5 5 11 5 7 8 12 20 37 27 45 39 26 24 35 45 47 27 47 43 47 56 43 37 47 63 55 63 43 30 40 39 49 42 16 4 4 16 13 11 14
2 1 2 2 2 3 4 7 5 11 10 2 9 1 0 0 2 16 10 1 2 0 0 0 0 0 0 0 0 0 0 0 0 0 0 0 0 0 0 0 0 1 1 1 0 0 0 1 1 2 1 0 2 3 1 3 4 2 3 3 3 7 26 18 28 23 16 20 31 39 36 38 34 42 20 34 33 19 29 37 65 39 28 31 44 54 72 58 49 26 17 6 3 8 8 6
3 3 3 3 14 5 26 47 14 6 5 11 10 10 0 0 1 1 1 0 1 1 1 0 0 0 0 0 0 0 0 0 0 0 0 0 0 0 0 0 0 0 0 0 0 0 0 1 0 0 0 0 1 2 1 2 1 1 4 4 3 10 10 15 15 24 14 12 18 29 24 17 19 35 15 10 32 16 21 52 30 37 36 40 73 81 68 52 51 43 24 19 14 3 5 5
