sesion_6_simulaciones/modelos_agentes/ejemplos_netlogo/scenarios/cgcm2_a2/rob_2061.asc
NCOLS 322 
NROWS 307 
XLLCORNER 451900 
YLLCORNER 4086900 
CELLSIZE 100 
NODATA_value -9999 
[rows 219 to 291 of 307, columns 192 to 287 of 322]
13 12 5 3 2 2 2 1 1 0 0 0 0 0 0 0 0 0 0 0 0 0 1 1 0 0 0 0 1 1 1 2 9 19 53 55 39 55 46 36 48 52 52 52 42 34 24 59 47 28 31 26 27 32 6 51 38 16 17 34 52 58 47 82 79 82 81 50 30 25 59 61 77 35 4 2 1 0 0 0 0 0 0 0 0 0 0 0 1 1 1 3 2 4 6 5
19 8 7 13 7 4 2 2 1 0 0 0 0 0 0 0 0 0 0 1 1 0 0 1 1 1 0 1 1 2 2 1 8 18 39 31 52 40 42 37 49 46 38 57 39 25 27 22 31 17 39 26 15 19 30 12 10 22 13 48 66 60 54 82 89 81 81 90 77 51 37 37 49 25 18 5 2 0 0 0 0 0 0 0 0 0 0 1 1 1 1 2 4 4 5 13
5 2 1 7 3 2 2 0 0 0 0 0 0 0 0 0 0 0 0 0 1 2 2 2 1 1 1 2 2 2 2 3 5 17 22 23 19 34 41 36 58 51 52 64 45 40 39 31 39 17 50 22 11 8 29 37 5 11 37 35 45 32 20 59 84 69 72 84 91 76 24 9 4 7 9 1 0 0 0 0 0 0 0 0 0 0 0 0 0 1 2 1 2 3 6 9
3 3 1 1 4 2 1 1 0 0 0 0 0 0 0 0 0 0 0 0 1 2 8 5 3 4 3 3 6 7 3 5 16 18 17 14 23 41 38 41 43 35 39 58 36 44 46 26 34 45 37 32 11 11 14 14 13 35 58 56 39 34 44 28 63 80 71 65 78 81 46 25 8 2 1 0 0 0 0 0 0 0 0 0 0 0 0 0 0 1 2 2 4 3 5 4
11 12 7 4 2 1 1 1 0 0 0 0 0 0 0 0 0 0 0 1 1 3 8 13 5 7 9 7 12 14 9 10 21 23 24 15 26 22 31 33 38 31 39 58 43 29 44 29 37 31 26 15 17 12 7 8 12 26 26 27 22 36 44 32 39 64 57 52 69 74 47 18 7 2 0 0 0 0 0 0 0 0 0 0 0 0 0 0 0 1 2 2 3 4 5 7
13 10 9 5 3 2 1 1 0 0 0 0 0 0 0 0 0 1 0 1 1 5 9 21 19 12 12 17 17 30 30 18 20 22 26 16 28 13 29 29 22 30 36 56 64 29 42 37 20 15 20 19 23 7 4 12 15 32 16 36 36 41 46 45 20 26 8 5 12 52 59 18 4 1 1 1 0 0 0 0 0 0 0 0 0 0 1 1 1 1 2 3 3 5 6 16
7 5 4 2 1 1 1 0 0 0 0 0 0 0 0 0 1 1 1 1 2 3 7 18 26 27 21 23 22 35 65 43 28 28 16 19 24 21 40 23 19 21 32 37 53 49 17 28 9 9 9 5 15 13 2 10 13 13 23 43 51 46 58 48 23 28 17 20 7 7 28 10 3 2 1 1 1 0 0 0 0 0 0 0 0 0 0 1 1 1 2 4 5 4 8 11
7 4 3 1 0 0 1 0 0 0 0 0 0 0 0 1 1 1 2 3 2 4 10 13 29 55 34 32 33 24 43 57 29 39 30 32 39 38 25 25 15 21 21 22 25 33 22 43 29 8 29 22 10 6 3 7 33 32 36 44 61 53 48 32 25 25 32 41 17 10 8 2 3 2 2 2 1 1 0 0 1 1 0 0 0 0 1 0 0 1 1 1 4 6 6 10
5 7 4 3 2 1 1 0 0 0 0 0 0 0 1 1 1 1 3 7 8 11 12 17 29 54 67 41 57 34 43 57 41 27 47 49 37 33 33 29 8 14 13 21 30 33 43 54 61 21 18 17 12 4 7 9 20 20 38 53 55 39 35 26 52 42 48 38 19 13 4 3 4 5 4 3 2 1 1 0 0 1 1 0 0 0 0 0 0 1 1 2 2 3 7 11
8 4 2 1 1 0 0 0 0 0 0 0 0 0 1 1 0 1 4 8 17 28 41 28 34 47 77 38 58 36 41 57 23 25 45 47 49 44 34 31 20 20 17 14 33 37 35 51 43 41 27 18 12 7 24 38 32 42 54 67 47 28 31 46 75 65 41 27 20 10 9 8 9 7 11 5 3 2 0 0 0 1 1 1 1 1 0 1 1 1 2 2 3 4 4 11
7 4 2 1 1 1 0 0 0 0 0 0 0 0 0 0 0 1 2 5 8 22 45 63 54 47 67 65 72 42 63 36 22 21 33 51 51 52 28 29 30 33 20 18 24 37 39 36 29 26 34 31 14 18 21 21 40 26 40 14 26 51 54 78 71 51 37 24 27 26 22 17 14 16 6 4 2 1 1 0 0 1 2 1 1 1 1 2 1 1 2 2 6 6 9 13
2 2 1 0 0 0 0 0 0 0 0 0 0 0 0 1 2 1 2 4 13 21 41 43 64 61 72 75 67 39 54 27 22 48 35 47 51 37 33 41 39 42 19 21 42 40 49 38 44 20 19 15 13 4 10 7 70 40 19 33 46 47 55 48 31 27 27 28 21 25 35 33 20 7 2 1 1 1 0 0 0 0 2 1 1 1 3 5 1 1 1 3 4 4 8 12
1 1 1 0 1 0 0 0 0 0 0 0 0 1 1 2 2 2 4 10 12 23 41 54 51 58 64 62 63 62 70 37 28 39 49 38 47 41 36 35 38 26 30 19 21 26 42 46 38 27 12 13 8 9 19 19 6 75 76 48 30 16 34 31 40 36 25 17 11 32 62 35 14 6 2 1 0 0 0 0 0 1 1 1 2 1 3 3 6 1 1 4 5 7 6 11
1 0 0 0 0 0 0 0 0 0 0 0 0 1 2 2 1 3 7 9 10 33 52 62 49 54 64 56 75 81 51 43 41 56 34 51 47 45 41 39 37 33 50 16 31 29 38 34 21 9 26 11 15 15 24 47 31 26 37 42 22 42 26 28 26 31 30 10 20 35 36 17 11 7 2 1 0 0 0 1 0 1 1 4 3 1 1 2 9 2 2 4 5 7 6 7
1 0 0 0 0 0 0 0 0 0 0 0 0 0 1 1 3 5 10 25 17 20 61 52 68 56 60 64 24 79 54 49 40 57 46 35 41 51 42 40 40 33 57 17 17 56 37 32 28 17 29 12 13 35 45 15 43 43 23 11 23 13 22 28 27 27 17 48 38 14 23 10 7 4 2 0 0 0 0 0 1 1 1 1 2 3 2 4 5 6 5 3 3 13 8 8
1 1 1 0 0 0 0 0 0 0 0 0 0 0 1 1 2 4 11 24 36 47 71 56 69 68 71 63 68 61 80 46 38 47 41 19 26 46 49 55 39 18 37 43 10 27 28 51 26 24 31 21 14 28 20 21 11 13 17 33 27 30 28 42 19 21 34 18 12 18 14 9 5 1 0 0 1 0 1 1 1 1 1 2 5 7 2 2 5 6 21 8 3 5 17 13
0 1 0 0 0 0 0 0 0 0 0 0 0 0 1 1 1 4 11 21 40 34 50 17 36 59 58 24 24 45 74 35 44 76 40 38 45 52 30 11 23 10 37 43 11 33 47 28 9 19 30 24 15 23 17 9 32 35 48 32 16 23 50 61 42 35 52 49 40 24 14 7 2 1 0 0 1 1 2 1 1 1 2 2 6 5 10 3 7 4 2 12 5 5 6 11
1 0 0 0 0 0 0 0 0 0 0 0 0 0 0 0 1 2 8 17 23 17 17 45 40 41 28 33 46 45 61 60 61 62 57 51 46 40 41 20 28 27 29 46 10 21 35 29 14 12 13 23 18 18 6 20 37 15 20 28 31 53 61 63 64 60 39 27 35 21 32 12 3 1 0 0 0 2 2 1 2 2 3 2 3 6 5 13 10 10 6 17 8 2 6 6
1 0 0 0 0 0 0 0 0 0 0 0 0 0 0 0 1 2 3 4 8 37 39 34 43 53 46 35 40 50 46 47 59 59 40 45 40 42 46 18 44 35 26 47 8 13 32 23 31 29 10 9 25 22 13 21 23 18 45 32 59 44 44 71 80 49 39 16 36 14 8 6 1 1 1 1 1 2 2 3 4 3 3 2 3 2 5 16 28 33 7 6 11 5 8 17
0 0 0 0 0 0 0 0 0 0 0 0 0 0 0 0 0 1 2 5 10 17 28 24 21 35 49 34 46 32 42 48 48 70 47 57 38 53 34 36 20 29 16 35 9 8 17 17 19 28 27 11 14 4 14 8 8 29 34 29 39 30 56 64 65 71 40 13 7 7 4 1 0 2 3 2 1 2 5 5 8 4 4 3 4 4 2 2 3 9 24 21 15 10 10 17
0 0 0 0 0 0 0 0 0 0 0 0 1 1 0 1 2 1 1 4 10 18 17 27 36 48 36 30 37 35 20 24 45 35 31 61 24 45 32 29 28 29 61 37 13 15 27 40 15 10 11 10 3 19 5 9 21 51 47 72 70 53 37 44 41 26 27 25 11 5 1 0 1 3 2 5 2 2 5 9 7 10 6 5 5 5 7 5 5 6 16 12 12 39 13 21
0 0 0 0 0 0 0 0 0 0 0 1 1 1 1 1 2 2 3 2 6 4 9 13 17 30 24 19 26 28 36 34 21 18 12 58 31 57 25 34 26 23 61 42 28 17 48 28 28 19 9 28 9 27 18 29 35 15 33 39 44 38 23 33 45 31 35 13 14 5 3 0 2 3 3 7 8 3 4 7 10 14 8 13 7 3 5 9 2 1 3 3 4 18 23 15
0 0 0 0 0 0 0 0 0 0 1 1 1 1 3 1 2 5 4 8 18 20 31 37 42 38 39 53 55 39 47 61 57 35 46 39 59 48 24 29 20 15 13 43 22 9 18 23 22 15 20 33 46 55 84 72 74 63 65 42 43 43 48 57 43 31 22 14 9 4 1 0 2 4 7 7 8 7 7 13 9 19 11 16 10 5 5 10 14 3 7 9 6 3 5 8
0 0 0 0 0 0 0 0 0 0 1 1 1 2 3 2 1 2 8 17 30 27 38 54 63 69 68 59 77 64 44 42 36 24 14 15 30 32 39 26 28 8 11 35 12 10 10 22 9 18 3 3 5 8 24 41 83 83 59 58 46 41 21 51 36 22 19 11 3 1 0 1 3 4 3 6 8 14 10 18 10 6 24 21 12 6 7 15 13 6 9 14 10 20 26 36
0 0 0 0 0 0 1 1 1 1 0 0 1 2 2 5 1 1 3 7 19 39 20 45 44 61 67 51 11 28 45 31 20 19 24 34 36 19 42 13 24 10 4 22 15 18 6 5 5 11 11 8 8 8 9 9 25 57 73 77 82 43 37 26 20 19 16 14 8 2 1 2 7 6 6 7 22 17 18 19 19 8 9 36 19 7 7 10 10 8 14 7 16 23 31 42
0 0 0 0 0 1 1 1 1 1 0 1 1 2 2 4 2 1 3 5 11 17 14 32 28 27 26 17 14 15 27 23 21 28 24 14 24 39 30 5 15 19 4 10 11 4 3 16 11 9 24 14 21 26 26 32 37 54 45 36 49 78 59 43 35 30 28 13 6 2 2 6 8 13 13 10 19 27 19 14 15 14 5 20 30 15 15 6 18 10 18 20 12 26 25 20
0 0 0 1 1 1 1 1 1 1 1 1 1 2 3 2 7 1 1 1 4 4 10 13 20 32 30 35 41 27 40 20 21 34 28 21 21 14 7 8 14 19 53 22 6 9 3 9 12 8 26 33 16 35 53 29 25 23 27 19 21 37 57 54 42 24 22 13 4 1 3 8 9 14 17 17 12 34 24 34 18 27 19 18 50 24 32 12 20 19 21 32 22 24 21 30
0 0 1 1 1 1 1 1 2 2 1 1 1 3 5 4 4 2 2 4 3 3 9 13 20 30 34 32 33 51 45 46 39 57 17 14 17 21 20 17 37 35 9 11 32 12 6 7 7 37 49 13 31 28 24 27 43 39 47 31 27 23 22 25 28 19 12 10 4 2 4 10 10 18 16 14 14 22 32 42 28 20 30 18 53 17 20 24 15 35 22 24 24 17 19 20
0 1 1 1 2 1 1 2 3 3 1 1 2 2 8 21 2 2 2 7 8 11 9 11 16 18 30 20 26 37 39 32 26 27 28 29 22 29 29 17 9 7 4 3 5 14 15 8 37 57 11 6 10 37 35 31 29 38 27 25 31 22 22 15 13 11 9 5 3 4 9 11 11 14 15 15 19 24 37 31 29 25 29 44 56 18 24 28 17 38 26 13 31 13 8 17
1 1 1 2 2 1 2 3 6 5 1 1 1 4 7 8 3 3 2 6 11 12 13 7 8 8 20 26 27 36 26 23 27 27 25 24 23 18 16 19 11 6 5 3 6 3 5 27 8 27 8 11 11 10 22 75 46 49 39 35 27 24 19 14 11 9 7 4 3 4 8 11 8 15 13 23 30 20 25 48 38 44 44 45 57 37 41 18 43 36 11 20 27 11 15 20
1 1 2 5 2 1 2 4 5 11 2 1 3 4 7 13 7 4 4 11 16 26 14 18 18 7 12 18 22 19 28 18 25 25 25 14 13 7 9 11 21 21 18 12 12 17 15 4 2 6 12 28 31 29 35 20 33 37 50 48 37 23 19 15 12 10 7 3 2 8 10 12 17 15 29 24 24 33 23 18 32 35 33 49 26 81 44 17 31 33 8 21 17 31 19 25
2 4 2 7 4 2 2 4 7 9 2 2 4 5 10 11 13 1 9 15 18 35 18 23 22 31 19 15 11 13 14 26 41 29 11 24 10 24 13 13 16 22 10 8 6 9 4 5 10 20 27 23 35 31 44 13 11 13 14 28 23 26 23 20 16 15 12 5 2 9 10 11 19 21 30 11 21 16 34 16 23 22 36 22 48 72 29 20 47 18 10 22 18 30 32 31
2 3 6 6 5 5 3 4 8 18 2 4 6 10 10 19 3 2 10 15 27 36 42 25 46 29 32 32 19 20 14 47 55 31 34 20 16 23 15 11 21 7 12 5 8 8 6 6 6 20 22 17 34 40 34 13 26 34 34 39 37 31 31 34 25 23 14 6 2 11 12 12 29 17 25 37 37 24 14 29 18 28 31 40 33 57 47 38 41 20 18 29 15 17 8 40
1 2 7 8 7 7 4 5 11 12 3 7 9 22 28 10 2 2 11 16 19 41 39 47 29 32 51 38 33 32 34 40 54 46 34 37 36 19 37 19 9 14 4 3 3 6 6 6 7 10 15 24 29 24 39 36 37 46 46 50 52 54 38 28 18 12 13 3 5 13 19 17 30 32 23 26 37 26 28 10 39 12 17 39 42 57 64 73 37 21 31 25 31 32 22 48
3 3 9 13 17 9 5 7 15 17 4 5 13 28 17 4 2 6 11 16 30 35 38 41 45 35 48 40 54 51 52 37 19 24 33 31 30 14 24 22 21 13 6 5 12 6 5 12 5 4 7 12 31 48 34 34 53 55 54 36 55 35 16 21 23 16 7 4 4 12 28 18 28 33 38 29 40 25 32 25 19 40 20 8 12 36 56 69 34 45 35 29 28 47 20 20
3 5 6 9 26 16 6 9 14 18 4 4 14 30 10 4 3 7 17 18 19 24 32 39 60 34 40 38 32 52 53 38 40 29 27 16 23 22 29 18 15 9 7 10 18 10 7 10 3 3 5 21 35 24 51 59 28 36 26 27 23 20 33 34 16 14 12 4 6 7 34 21 24 24 29 40 31 31 15 28 16 44 28 20 12 10 30 46 51 70 40 36 27 41 13 19
4 10 8 7 12 27 9 13 25 7 5 6 11 36 16 5 3 11 16 18 31 42 41 56 53 47 26 32 51 44 24 53 68 51 23 22 16 18 26 17 8 13 14 8 9 4 5 4 12 9 15 21 25 41 52 38 52 30 36 38 32 29 26 20 19 17 9 5 5 12 13 38 22 22 28 28 47 44 28 48 18 17 30 25 20 17 17 34 52 55 38 39 33 36 20 29
5 7 18 15 7 19 7 16 44 7 8 16 23 27 9 8 1 5 21 24 41 33 38 58 56 50 44 18 14 17 23 21 25 10 11 20 32 17 18 28 19 11 7 6 4 2 3 4 15 16 19 25 34 41 59 56 56 43 36 46 35 39 40 23 23 20 8 7 7 23 23 25 45 21 25 28 52 42 31 24 34 18 15 39 32 19 24 23 42 46 56 37 31 22 34 18
6 9 21 29 12 32 8 17 47 20 9 25 31 16 7 2 2 4 9 25 46 46 37 40 46 63 42 19 24 19 22 22 27 20 14 8 17 23 28 25 11 10 4 6 7 3 6 2 1 2 20 17 16 33 33 26 26 50 49 43 46 25 26 25 19 19 16 4 9 24 28 24 29 11 33 32 33 49 58 48 46 25 19 17 35 21 16 31 46 79 68 34 23 20 34 16
8 9 12 34 15 28 15 16 22 30 14 35 27 6 2 4 6 9 17 32 33 38 46 26 38 46 61 26 18 19 29 26 25 24 19 25 17 20 11 5 6 10 6 5 8 5 4 1 6 9 12 27 64 48 31 60 54 72 49 35 44 43 41 38 35 18 16 9 13 28 25 38 50 21 21 45 36 52 42 37 54 20 29 30 55 21 13 18 16 36 57 30 30 14 48 32
7 8 7 21 43 21 32 14 40 17 40 18 6 3 7 8 12 10 37 45 25 35 38 41 19 32 54 60 27 30 17 25 22 11 9 10 15 10 6 6 7 3 2 1 4 2 3 2 7 7 8 22 21 38 50 50 33 58 32 26 31 36 36 34 19 15 11 21 23 28 31 40 10 30 38 46 41 29 45 31 67 26 29 21 29 44 30 32 40 35 47 24 47 17 27 44
18 11 9 12 21 36 39 20 57 27 24 5 3 7 10 16 17 11 14 15 28 31 37 56 48 31 29 14 33 46 15 26 13 11 18 20 21 11 10 8 5 5 9 5 2 1 1 1 5 10 15 19 33 24 36 35 34 34 23 8 22 29 29 25 15 12 13 23 24 28 31 46 15 15 8 14 39 52 69 23 57 42 29 31 19 16 53 26 37 40 31 50 16 19 31 44
13 21 14 11 11 23 52 27 26 10 6 2 6 11 23 29 28 10 15 18 30 34 28 11 18 14 18 35 9 17 32 48 27 31 9 20 7 10 10 2 3 3 3 2 2 8 2 2 5 10 16 11 13 22 26 31 24 41 30 32 44 32 33 19 26 25 15 26 25 29 26 43 15 29 16 22 22 16 40 30 25 51 30 36 20 39 43 12 34 48 52 42 14 19 18 21
16 24 18 23 33 41 43 24 24 7 8 7 10 23 25 31 36 23 25 26 32 33 25 19 16 21 18 11 14 28 13 19 21 52 19 35 7 6 6 7 6 4 4 5 2 1 3 2 6 12 25 11 13 21 34 16 36 58 63 56 46 32 35 32 28 25 27 38 27 30 29 36 19 32 29 24 34 31 35 52 17 52 28 50 17 15 39 8 16 23 51 31 10 20 22 45
17 29 22 30 38 50 40 9 5 3 11 10 21 26 27 36 26 48 40 27 31 31 28 34 33 27 25 14 17 37 12 12 5 7 7 22 26 20 14 26 15 10 5 4 4 2 1 4 13 10 18 7 9 21 24 31 46 72 34 39 50 31 35 28 26 25 34 44 28 29 31 33 30 32 41 25 35 33 31 29 43 74 40 46 32 9 46 23 10 13 32 41 20 23 18 7
19 37 39 36 67 48 10 7 10 12 23 20 18 31 29 43 17 30 60 18 35 25 16 22 32 33 13 20 23 27 48 14 10 5 6 4 5 3 7 21 23 9 10 6 5 4 2 3 9 8 9 8 14 19 38 40 41 43 40 28 47 38 27 10 31 17 19 52 31 30 43 31 44 30 41 33 31 36 30 23 29 15 57 53 43 13 20 17 8 9 15 44 17 29 32 26
23 31 60 51 62 12 12 11 13 25 27 27 37 51 17 37 18 29 35 55 20 41 14 13 18 33 33 27 24 17 9 20 10 10 8 5 5 5 5 6 8 4 3 5 2 1 1 5 5 6 7 7 9 16 32 49 22 44 65 55 26 22 16 8 42 28 29 48 37 28 45 31 58 40 37 42 27 28 41 25 18 14 41 35 42 16 8 40 10 12 19 39 35 33 19 23
15 35 64 74 41 7 13 23 28 27 44 53 26 35 21 20 41 18 32 30 21 30 20 18 20 28 22 40 23 27 29 18 25 14 11 8 6 5 5 7 7 3 2 2 3 2 3 9 4 6 6 5 11 23 42 39 66 43 36 51 29 17 6 16 23 48 30 32 40 27 36 29 49 42 26 41 39 25 27 41 33 10 19 48 55 20 5 26 16 12 22 14 55 34 16 60
18 43 68 46 7 9 29 28 20 50 36 64 20 40 21 18 26 62 17 34 44 29 39 15 15 29 35 24 24 39 22 19 40 8 11 9 7 8 2 7 5 2 6 7 5 3 9 5 7 9 12 16 18 17 25 37 46 37 40 34 31 17 8 24 19 31 28 28 42 26 28 35 29 48 25 27 54 23 25 30 42 12 22 26 42 20 8 16 23 16 12 10 11 28 22 17
20 51 50 26 12 20 30 32 20 38 20 59 23 41 46 17 43 62 12 41 57 17 51 15 14 32 36 36 12 10 43 8 8 21 29 15 3 6 3 6 2 2 2 2 3 3 4 6 11 15 10 9 8 13 14 23 31 36 26 46 31 18 17 25 34 38 18 23 36 37 23 20 15 36 23 24 33 31 24 20 9 9 29 18 40 17 11 6 19 29 6 14 30 27 34 5
20 46 42 31 16 19 38 53 17 25 24 48 18 33 59 25 38 60 20 20 33 30 36 18 15 17 17 29 29 25 10 13 6 5 1 25 16 5 3 4 3 3 5 4 4 4 3 5 7 16 11 16 12 20 16 21 12 23 28 17 15 27 24 26 24 33 36 26 29 35 14 24 14 24 28 22 31 12 10 26 11 11 11 15 45 46 12 6 14 25 4 8 26 35 33 15
43 41 52 20 17 26 29 37 18 28 26 31 35 20 51 19 15 49 22 15 16 14 57 31 13 11 14 14 17 19 35 19 5 11 2 3 19 4 2 3 2 8 7 6 3 5 1 3 7 16 19 11 12 7 9 21 33 52 32 14 7 23 24 24 24 24 51 17 29 38 13 21 21 26 42 4 21 25 11 10 20 9 9 9 17 39 8 6 9 26 6 7 9 38 64 46
74 43 15 16 25 25 27 32 18 51 32 15 38 17 60 16 15 33 24 12 15 27 44 20 10 14 11 24 25 23 16 17 11 15 2 4 5 12 2 2 5 8 3 5 4 4 2 1 4 11 17 24 18 10 18 23 33 50 42 16 8 37 23 15 22 22 37 21 14 39 21 11 12 41 31 11 10 11 30 7 16 30 12 12 53 30 5 16 2 39 16 5 4 4 10 16
16 8 18 14 23 27 40 39 30 42 25 15 66 14 16 43 20 47 26 10 12 20 21 47 15 19 9 20 24 22 14 8 12 26 4 5 3 26 2 2 3 3 2 3 2 5 3 4 5 19 19 12 33 15 14 12 12 37 40 8 12 21 25 13 25 21 20 34 14 43 27 15 17 14 33 11 10 17 14 13 5 4 30 10 17 33 9 27 5 19 43 8 18 11 6 5
33 16 39 28 24 27 48 24 53 34 12 18 44 19 20 45 11 18 48 8 22 17 12 36 9 18 16 13 15 16 22 19 3 11 5 6 3 3 10 3 1 4 3 6 4 2 1 7 12 14 28 24 6 12 15 2 14 20 15 6 17 44 31 12 10 35 12 27 11 17 59 10 23 22 14 16 14 13 24 16 16 8 9 17 5 30 39 27 8 12 67 7 9 6 15 5
56 30 16 30 31 35 28 25 47 22 19 21 15 17 17 25 14 12 44 14 20 13 6 15 22 17 16 9 11 10 12 12 15 4 5 15 4 3 6 8 2 7 4 5 4 4 4 2 11 4 3 2 3 11 11 31 23 10 16 13 9 33 18 13 13 21 35 9 29 9 33 9 17 33 5 9 32 7 11 17 24 11 7 2 5 4 28 40 10 7 34 12 9 6 12 9
80 38 24 21 23 29 12 26 40 10 26 20 17 19 13 30 14 13 26 9 9 24 8 3 2 7 7 4 18 26 11 11 18 2 3 1 7 3 3 27 2 3 2 4 4 3 6 4 33 8 6 4 5 6 24 39 18 4 5 22 9 8 25 11 22 12 46 8 46 6 19 19 11 16 7 24 12 10 6 8 12 15 13 6 5 5 3 6 27 36 24 16 10 5 15 9
55 18 11 25 15 16 14 15 37 9 17 12 14 36 12 33 13 35 13 7 6 18 12 5 5 7 8 8 10 12 24 25 4 3 2 2 1 7 2 29 1 1 1 3 3 2 7 2 2 5 8 11 2 15 28 26 15 9 3 28 15 11 5 24 20 19 34 8 36 12 7 12 20 32 10 6 12 4 10 2 3 10 5 7 4 3 5 2 3 7 34 12 5 6 16 10
68 19 48 20 21 13 14 14 13 9 18 17 8 41 40 9 22 18 20 16 14 7 12 9 12 16 9 14 6 6 7 7 6 4 1 2 1 2 4 10 3 1 2 1 2 2 2 9 2 2 4 5 10 40 31 21 15 13 4 8 20 9 14 12 16 34 19 23 5 23 35 5 29 45 12 2 9 3 5 3 9 7 10 9 2 1 2 3 3 3 6 14 10 3 14 3
54 36 13 13 14 16 23 14 16 7 11 10 15 26 23 6 7 9 9 2 11 8 10 15 21 16 11 16 14 3 4 6 19 8 2 1 7 1 1 3 5 1 2 1 2 6 4 3 1 2 3 5 15 24 26 13 3 11 10 6 20 8 11 13 5 13 8 11 6 9 33 6 18 22 1 3 4 9 6 4 1 11 1 3 6 0 1 1 4 4 7 2 18 4 7 2
8 36 9 16 15 12 17 10 39 9 10 10 10 3 21 10 10 4 16 7 5 10 11 12 13 6 12 20 15 2 4 5 7 8 7 4 2 5 1 1 8 0 1 1 1 9 14 3 2 2 4 11 18 18 27 9 6 12 8 10 24 9 4 5 11 7 7 19 5 8 25 12 35 10 1 5 2 1 3 8 2 4 3 4 9 2 3 2 2 2 2 4 7 8 12 1
17 55 9 10 6 14 17 16 8 15 10 8 12 4 11 6 9 5 36 9 3 6 8 30 6 5 9 15 14 3 5 4 10 4 8 4 2 2 4 1 7 1 1 1 1 3 2 4 1 6 5 13 18 25 11 3 7 12 9 11 25 12 20 7 6 13 5 18 4 6 5 8 27 1 2 1 2 2 5 3 3 1 0 5 5 5 4 3 1 1 1 1 2 13 5 1
16 50 25 3 7 7 23 14 7 18 11 5 3 6 4 9 2 14 5 2 4 8 12 6 16 6 5 5 6 5 3 9 8 6 4 5 3 3 4 1 11 1 1 1 1 1 6 14 7 2 10 24 29 23 2 6 11 15 9 13 7 21 8 21 11 5 4 9 3 7 9 16 9 8 4 5 0 4 7 2 6 1 0 3 3 8 6 2 2 1 1 1 1 3 5 5
5 23 27 3 11 5 12 20 5 14 8 4 1 6 3 13 4 10 7 9 3 3 10 11 9 4 3 5 6 11 1 3 5 9 5 2 3 5 2 3 7 2 1 3 1 1 1 9 15 10 22 29 25 5 8 13 16 13 9 15 16 13 4 11 17 2 3 3 6 2 6 10 5 12 4 4 3 7 5 1 11 12 2 3 1 1 3 3 1 2 0 1 2 7 1 5
7 15 23 5 6 2 5 5 6 7 7 3 1 4 5 31 5 4 5 1 5 8 8 11 5 2 2 2 6 4 3 5 10 4 1 1 2 4 4 1 3 2 2 3 3 2 4 30 24 41 46 41 3 5 6 6 9 11 9 11 20 4 12 8 8 19 34 3 2 1 1 15 2 11 8 6 4 9 7 5 7 22 3 4 2 1 3 3 8 7 2 1 13 2 2 8
6 7 28 9 9 3 3 5 2 9 8 5 2 3 2 7 6 3 5 3 4 6 3 3 4 2 11 2 4 8 4 3 9 8 2 2 4 1 2 2 0 1 0 2 12 29 51 24 25 31 12 2 4 6 10 7 9 9 7 4 6 3 8 5 1 15 3 0 0 2 3 4 10 3 11 6 6 7 15 6 8 12 2 8 2 2 2 2 2 4 4 6 2 6 8 17
7 3 2 29 3 2 1 1 1 5 13 3 3 2 2 8 2 2 7 2 3 4 3 2 1 3 1 1 0 6 2 3 4 3 2 3 2 2 0 2 1 1 1 25 18 22 57 61 25 5 2 4 4 6 7 6 7 8 6 1 0 1 8 11 17 20 2 1 1 6 10 4 5 1 12 3 10 4 8 3 4 12 4 7 3 4 1 1 1 1 1 1 4 1 9 13
6 6 2 30 1 3 4 1 5 0 6 2 2 4 3 13 2 4 6 4 1 3 3 8 1 2 1 7 1 1 2 3 6 4 1 2 7 2 1 1 3 30 39 41 55 17 32 63 37 1 3 4 4 4 1 4 5 5 5 0 0 5 20 20 20 6 3 7 7 3 11 10 2 3 4 5 14 10 20 29 30 13 3 4 7 4 5 0 2 2 2 1 2 4 15 9
4 3 2 32 2 1 1 1 9 1 2 6 2 2 2 7 1 3 7 3 1 2 2 7 1 1 1 2 4 4 2 3 3 3 2 5 2 2 2 8 23 44 63 50 61 68 60 35 1 2 5 4 4 5 1 3 8 8 3 1 1 7 14 9 5 4 6 5 5 5 8 20 27 4 3 4 4 8 12 6 3 7 8 16 11 7 1 1 4 1 5 3 2 5 18 4
3 2 1 7 5 9 2 2 7 1 1 6 0 1 1 1 2 2 4 2 1 0 0 4 1 2 4 2 6 2 2 3 2 5 2 3 2 1 4 11 9 4 36 63 68 49 1 2 4 2 2 2 4 4 2 1 1 25 3 7 3 4 3 10 8 3 8 6 4 15 16 14 2 4 3 9 9 7 7 5 7 6 9 6 6 1 4 2 2 0 2 4 1 3 12 3
2 2 1 2 9 3 2 1 3 1 1 3 1 0 0 0 1 0 4 1 1 0 1 1 1 3 4 2 3 1 4 3 3 1 2 2 2 1 4 8 3 15 11 7 4 1 6 8 4 4 2 2 2 0 1 4 2 5 6 4 3 3 1 4 2 2 3 9 19 25 5 2 4 5 5 6 15 7 22 7 9 9 8 6 8 1 2 1 3 0 4 3 2 2 3 1
2 2 2 1 8 1 1 1 5 2 1 1 4 1 0 1 1 1 2 2 1 1 1 2 3 1 2 3 1 2 2 2 2 3 2 1 2 1 10 9 43 35 8 2 6 6 1 2 3 1 1 0 2 0 2 4 2 12 4 1 2 2 4 3 1 3 5 18 13 0 2 0 2 5 15 13 7 8 3 7 7 6 6 9 2 3 3 3 1 1 7 2 2 3 2 0
1 1 2 5 1 1 1 1 2 1 0 0 2 1 1 1 0 1 1 3 1 0 0 1 3 2 3 2 1 1 1 2 1 3 1 2 3 2 7 5 5 13 2 5 6 3 3 4 8 3 1 0 0 0 3 5 1 4 2 2 2 2 4 1 1 1 7 10 1 0 1 3 1 1 3 13 11 14 2 4 5 5 6 3 3 3 3 3 4 1 2 2 1 1 1 1
