sesion_6_simulaciones/modelos_agentes/ejemplos_netlogo/scenarios/cgcm2_a2/rob_2087.asc
NCOLS 322 
NROWS 307 
XLLCORNER 451900 
YLLCORNER 4086900 
CELLSIZE 100 
NODATA_value -9999 
[rows 219 to 291 of 307, columns 96 to 191 of 322]
31 20 12 6 2 1 1 1 1 0 0 0 0 0 0 0 0 0 0 0 0 1 1 2 8 4 4 2 2 2 2 4 5 6 18 2 0 1 4 7 14 14 20 21 24 24 20 29 30 27 42 22 34 26 19 30 15 16 7 6 10 8 4 5 12 14 15 7 30 21 9 4 6 14 12 5 21 3 10 3 6 6 3 21 58 9 14 13 14 23 34 33 35 20 17 18
31 19 7 7 7 3 1 1 1 0 0 0 0 0 0 0 0 0 1 1 1 1 2 3 4 18 6 4 4 4 4 5 7 14 12 4 1 1 2 5 7 13 11 20 19 22 32 33 27 35 25 26 27 26 28 27 34 19 10 5 6 9 2 7 13 8 7 17 14 18 9 6 6 4 9 5 4 6 3 2 6 2 5 4 21 39 15 36 42 37 54 50 51 41 57 54
39 23 12 6 6 2 1 1 1 0 0 0 0 0 0 0 0 1 1 1 1 1 3 4 5 10 32 11 7 6 6 12 9 27 9 4 1 0 1 4 5 9 9 11 17 24 31 31 26 25 24 25 37 45 33 18 20 15 9 12 15 22 6 7 3 6 11 14 9 12 8 6 5 6 7 7 3 1 3 2 1 2 8 5 1 18 69 33 39 55 41 43 34 37 21 18
20 11 11 6 4 4 1 1 1 0 0 0 0 0 0 0 0 1 1 1 1 2 3 3 1 7 19 30 14 8 10 17 21 27 6 4 1 0 1 3 4 6 7 16 18 22 29 45 45 42 38 34 32 33 30 24 22 24 36 36 33 32 8 14 2 5 4 6 8 8 5 6 4 5 8 6 4 1 1 0 3 2 3 4 6 3 14 23 39 19 18 26 18 16 28 20
17 7 4 4 2 2 1 1 0 0 0 0 0 0 0 0 1 1 1 4 1 2 3 4 5 6 6 13 42 17 13 27 40 13 4 3 1 0 1 4 4 5 10 14 17 20 27 34 41 34 35 23 26 26 30 46 53 21 7 9 9 8 5 4 10 1 2 2 9 7 5 11 3 4 8 4 4 1 3 3 9 28 6 7 6 10 6 8 39 59 37 40 44 29 30 29
8 4 2 2 1 1 2 0 0 0 0 0 0 0 0 0 0 1 2 3 4 3 4 5 12 9 5 12 32 24 22 32 16 10 3 2 1 0 2 2 3 5 11 13 15 18 21 27 38 37 33 29 42 20 33 68 16 14 10 8 2 7 7 3 2 4 1 4 5 4 10 9 2 2 3 3 2 1 1 3 2 2 17 12 9 12 16 8 8 40 78 57 56 38 49 44
9 4 2 1 1 0 0 0 0 0 0 0 0 0 0 0 0 2 6 5 16 7 6 8 17 22 8 21 27 51 39 16 7 6 4 1 0 0 1 2 3 7 10 14 13 18 22 21 32 31 29 29 44 32 13 10 13 10 7 5 15 23 5 7 4 20 7 2 3 4 7 7 5 4 4 5 2 2 2 7 7 3 1 4 37 27 16 17 15 15 66 61 56 53 40 35
12 4 2 1 0 0 0 0 0 0 0 0 0 0 0 0 0 1 5 16 31 12 14 9 14 29 33 18 35 42 15 10 4 3 2 1 0 0 1 3 3 5 8 7 10 21 24 33 30 27 37 42 36 24 20 16 22 15 9 26 5 6 15 23 7 33 7 5 1 3 3 5 3 3 3 4 2 1 2 9 5 4 11 9 10 6 9 21 23 36 21 33 50 38 26 32
6 3 1 0 0 0 0 0 0 0 0 0 0 0 1 1 1 2 3 5 8 25 13 19 14 21 45 47 37 30 10 8 9 8 7 2 1 1 1 2 4 6 12 14 18 24 25 26 29 27 31 23 17 23 18 18 31 20 28 6 7 10 8 10 24 8 13 9 14 2 1 3 4 1 1 1 1 2 5 2 36 18 34 21 40 17 34 28 24 17 20 41 34 29 22 15
8 4 2 1 1 1 0 0 0 0 0 0 0 0 0 2 3 5 4 8 11 10 29 43 16 22 38 51 36 13 20 15 11 8 7 3 1 1 3 2 2 8 9 11 11 19 20 24 35 29 36 29 28 25 18 26 32 63 21 14 8 18 25 54 13 7 10 7 3 3 3 2 2 1 1 1 2 2 18 11 4 4 14 36 23 28 25 35 20 31 31 27 21 30 28 38
7 3 1 1 1 1 1 0 0 0 0 0 0 0 1 1 5 12 16 10 11 9 9 37 20 24 29 68 43 28 41 32 14 11 9 2 1 1 4 5 3 6 9 15 12 14 11 16 28 31 26 26 25 18 34 32 17 15 10 16 10 7 8 14 6 3 3 4 1 2 0 2 1 1 2 1 1 2 2 4 5 6 11 17 13 13 26 38 21 29 22 15 22 17 20 25
3 4 1 1 0 1 1 0 0 0 0 0 0 0 0 1 4 8 16 23 34 32 10 15 46 15 18 47 62 69 41 31 21 11 4 1 2 2 5 6 13 10 6 12 17 17 17 17 18 19 17 15 18 18 27 12 15 11 11 10 11 9 13 12 10 12 10 8 4 4 3 2 1 0 1 1 0 1 2 4 9 11 11 35 20 10 21 13 16 31 16 13 12 22 22 21
7 4 3 1 1 1 1 1 0 0 0 0 0 1 0 1 4 6 15 26 31 35 27 26 25 33 19 27 62 59 46 28 18 11 7 2 2 4 5 13 15 19 24 15 16 20 18 19 21 20 21 20 20 17 9 9 6 6 5 4 4 3 3 15 16 14 4 7 4 2 1 1 1 0 0 1 2 2 2 12 9 16 18 24 22 19 13 15 17 22 26 20 16 15 25 14
5 3 3 2 2 2 1 0 0 0 0 1 1 1 1 1 5 10 19 31 30 25 13 27 53 34 21 24 47 58 53 42 14 11 6 3 3 6 7 9 16 21 25 37 23 22 15 28 39 42 44 31 14 11 8 10 7 7 12 11 7 9 7 5 4 5 5 3 4 3 3 2 4 0 1 1 2 4 5 3 6 14 23 16 20 42 34 22 22 20 15 14 22 17 16 12
9 7 3 3 4 2 1 0 0 0 1 2 2 2 1 1 5 9 15 25 28 40 12 27 24 40 36 41 57 61 54 41 21 8 7 4 3 7 13 9 10 21 23 24 33 44 30 14 28 41 48 50 28 13 14 16 24 19 22 26 18 14 12 6 10 15 6 4 2 6 7 7 5 4 3 6 8 2 12 5 46 23 16 32 24 21 30 34 57 28 17 14 19 11 7 8
20 6 6 6 3 1 0 0 0 1 2 3 3 3 1 1 4 10 17 19 30 31 21 14 26 26 58 48 39 40 36 29 13 5 3 3 4 8 13 11 16 25 26 30 29 33 32 52 27 32 36 30 25 29 22 27 22 27 36 21 11 12 14 9 5 3 7 6 2 2 1 1 0 0 2 0 2 14 6 8 3 8 31 37 19 22 47 28 47 24 37 23 12 17 13 15
25 15 13 5 2 1 1 0 0 1 2 4 7 4 1 1 3 7 9 25 37 35 37 17 20 29 33 59 34 25 22 15 7 2 1 4 9 10 15 19 23 26 26 26 34 39 37 38 46 33 36 29 33 44 23 21 25 21 21 21 16 23 19 16 8 4 7 5 5 2 2 1 1 1 3 1 1 2 3 4 3 1 33 57 32 34 48 61 43 41 43 39 34 41 21 7
20 21 12 2 2 1 1 0 1 1 6 7 11 8 5 3 4 6 8 19 22 34 57 28 15 33 31 59 41 33 14 7 6 5 4 11 11 10 19 21 24 27 27 33 39 40 55 38 47 55 37 45 35 36 27 20 18 20 39 22 28 14 10 16 11 5 3 3 3 1 5 1 0 2 1 2 2 8 8 8 9 6 5 26 43 59 73 53 35 32 22 27 33 14 12 17
46 29 10 5 2 2 1 1 2 1 4 12 18 19 8 4 9 12 8 11 33 40 30 46 12 21 29 45 39 37 31 23 16 6 5 10 10 9 23 22 23 28 28 42 50 46 61 51 36 25 54 72 66 31 30 10 16 18 27 15 28 13 9 7 5 3 2 2 1 4 1 1 0 1 1 0 1 3 5 6 7 7 10 12 31 23 15 55 40 31 30 19 14 17 16 13
27 12 7 4 2 1 1 2 8 4 5 9 25 25 18 12 6 14 12 17 27 31 39 51 26 29 36 53 52 46 43 24 18 6 6 11 19 14 17 24 28 30 35 53 51 55 56 53 50 36 34 48 49 46 23 9 14 17 10 20 22 16 2 14 2 3 2 1 1 2 0 0 0 1 1 1 3 5 34 10 22 11 14 15 14 12 26 32 28 38 19 15 15 14 12 10
12 6 3 1 0 1 2 2 7 10 7 7 18 33 35 16 7 17 26 37 33 16 45 63 42 37 47 47 43 58 47 23 19 8 4 13 18 15 13 20 31 29 40 46 49 55 55 54 51 47 35 45 53 37 29 8 12 21 17 13 13 12 2 4 3 2 3 1 1 1 0 1 1 1 1 1 1 4 8 5 12 23 31 14 22 18 19 29 24 13 16 21 22 22 21 11
7 4 2 1 0 2 3 7 10 17 17 12 21 33 37 26 9 18 21 57 44 18 39 55 48 21 16 72 69 46 41 31 17 7 4 16 23 23 16 34 35 47 39 45 53 41 56 54 51 57 34 45 44 27 27 6 11 12 15 14 9 6 5 3 3 3 2 1 1 0 0 1 1 1 1 1 1 6 7 7 12 11 36 36 27 38 41 27 15 14 12 10 17 16 15 9
6 4 2 1 1 2 8 7 11 22 34 23 17 28 47 43 17 12 28 42 47 28 36 48 60 23 27 72 54 55 54 37 24 4 5 21 21 14 37 25 39 47 40 46 44 42 63 52 51 47 43 33 21 24 51 13 6 14 19 8 5 3 2 4 2 2 1 1 1 0 0 0 1 1 1 2 3 14 13 17 14 16 24 26 34 50 39 37 31 26 18 19 20 10 12 5
4 6 4 2 1 3 7 12 13 19 31 27 20 32 50 47 22 13 47 37 35 42 38 51 65 66 50 69 65 62 50 33 12 6 9 20 23 26 27 43 27 43 52 41 32 38 52 54 51 41 42 42 31 26 41 18 18 6 10 20 6 4 2 1 1 2 1 1 0 0 0 1 1 1 1 2 3 24 25 25 30 12 14 20 23 33 44 45 25 23 23 19 18 15 15 8
10 7 6 2 2 6 9 17 16 21 34 46 36 38 41 57 25 15 37 36 36 43 43 50 70 75 55 71 47 46 51 29 10 7 9 9 17 47 28 29 43 35 46 38 39 53 50 37 45 44 37 34 44 50 43 31 7 3 9 9 8 3 2 1 1 1 0 0 0 0 2 1 0 2 1 2 2 8 10 21 14 23 40 30 21 20 17 22 26 25 19 18 17 14 12 5
19 9 4 5 3 6 12 20 30 35 38 33 52 29 45 58 27 32 20 48 50 45 33 49 57 59 43 35 30 36 27 23 6 4 8 10 26 38 40 25 31 48 19 57 36 39 51 34 30 56 40 21 38 38 30 30 19 4 3 3 4 3 1 1 0 0 0 0 0 0 2 1 1 2 30 14 7 12 12 21 30 47 32 41 37 42 34 33 34 25 21 10 8 8 4 2
11 3 2 7 10 7 16 25 23 39 42 41 56 28 45 54 32 41 20 36 56 46 60 38 67 55 34 34 26 27 29 12 5 6 16 12 14 25 38 36 45 29 27 31 55 34 27 38 43 58 41 31 18 20 16 26 27 3 2 3 2 1 1 1 0 0 0 0 0 1 0 1 5 10 26 19 19 21 18 34 50 37 27 15 28 26 37 37 25 27 22 9 8 5 2 1
5 1 5 12 12 15 20 27 30 26 42 48 62 44 47 55 27 39 47 27 28 43 40 73 45 57 31 31 34 19 9 8 10 11 19 23 21 12 19 11 21 29 38 59 31 39 44 38 32 30 35 36 11 10 6 4 10 6 3 1 1 1 0 0 0 0 0 0 0 1 1 0 1 6 2 12 56 55 51 49 60 36 23 28 30 18 19 21 34 30 6 8 7 8 8 2
5 3 8 22 31 17 25 30 36 39 42 51 51 57 37 56 26 27 44 35 29 51 24 54 62 34 27 25 9 9 15 20 18 11 24 22 20 18 14 31 24 27 35 49 57 31 24 42 22 35 24 21 17 11 5 6 2 4 2 1 1 1 0 0 0 0 0 1 0 1 1 1 3 3 4 5 18 28 43 34 18 20 22 28 24 23 26 23 16 11 9 5 3 4 10 5
7 3 12 30 33 20 24 30 26 37 47 49 49 55 53 71 29 28 38 40 37 46 68 46 29 40 39 30 19 16 26 24 24 13 11 20 17 22 31 30 28 32 35 40 37 45 25 20 27 25 21 14 18 10 5 2 1 2 1 1 0 0 0 0 0 0 0 1 0 0 1 1 17 10 10 10 7 4 20 33 33 13 17 16 27 26 14 7 5 3 3 5 7 9 11 11
11 5 12 32 33 33 21 36 26 41 64 48 42 46 70 68 26 27 26 36 35 49 72 19 40 41 31 25 32 33 43 48 27 23 12 24 17 25 39 21 30 42 51 43 28 35 24 36 20 22 31 34 9 3 3 2 2 0 0 2 0 0 1 0 0 0 1 2 0 0 1 13 24 13 11 9 10 14 12 18 26 19 15 19 26 28 15 12 11 5 4 5 11 11 12 13
10 8 13 35 35 35 21 45 42 43 62 44 61 51 50 54 55 34 47 27 39 32 70 56 37 27 30 36 29 44 54 54 29 18 15 9 23 34 20 34 41 40 56 54 52 32 39 9 5 6 26 3 7 4 4 1 0 0 0 0 0 0 0 0 0 0 1 0 0 1 1 1 1 4 10 8 10 14 12 13 19 11 18 20 31 40 27 37 17 12 4 11 13 13 21 14
11 9 14 38 38 48 23 46 48 46 38 44 33 59 55 26 23 55 31 31 24 43 51 32 31 27 31 35 46 74 49 31 20 20 23 10 16 19 47 40 42 45 48 59 30 43 27 19 10 16 12 1 10 8 4 1 1 0 0 0 1 0 0 0 0 0 0 2 1 0 1 6 5 11 13 12 12 17 19 30 24 23 23 24 28 39 47 19 18 6 6 13 14 14 20 6
7 22 23 35 42 52 28 26 34 50 53 49 27 23 40 57 22 16 61 45 19 40 53 32 41 20 47 72 58 39 29 32 30 20 15 6 14 10 26 36 38 63 54 34 18 32 21 27 25 23 8 4 6 8 4 3 1 0 0 0 0 0 0 0 0 0 0 0 0 0 1 3 4 7 14 20 13 15 12 23 11 9 15 38 41 45 29 20 6 8 15 15 16 25 26 7
13 30 36 39 42 37 42 34 32 23 37 51 19 16 37 43 43 32 9 22 22 37 23 27 21 48 38 29 36 28 33 42 35 14 19 10 19 23 30 27 18 38 34 18 24 23 24 14 23 19 13 7 11 6 2 1 0 0 0 0 0 0 0 0 0 0 0 0 1 1 1 3 7 9 11 20 13 13 12 19 30 23 39 36 35 28 36 21 10 14 15 17 29 27 23 15
21 31 36 35 39 51 43 54 43 31 21 29 58 17 36 29 28 44 23 11 16 40 9 25 62 25 26 36 44 45 39 27 14 18 22 16 20 25 33 23 28 39 25 14 30 28 10 8 26 15 4 2 3 2 2 0 0 0 0 0 0 0 0 0 1 1 0 1 1 1 3 3 9 15 23 29 21 14 19 24 32 28 40 29 35 36 21 15 10 18 18 20 28 43 14 12
24 32 38 21 26 64 62 46 38 34 49 28 30 48 23 25 29 10 42 17 17 28 52 33 25 35 45 48 51 51 33 19 15 16 30 14 16 26 39 42 36 39 37 28 30 11 13 15 7 7 4 2 2 1 1 1 0 0 0 0 0 0 0 0 0 0 0 0 1 1 3 3 5 16 31 21 19 27 21 24 31 33 26 37 34 24 10 10 17 17 27 27 37 36 19 11
32 44 37 26 32 50 47 57 56 29 38 44 32 34 44 22 31 12 11 24 9 9 37 38 38 37 35 44 51 32 35 33 25 11 21 7 12 18 30 47 42 40 21 28 20 26 13 10 10 12 5 2 2 2 1 1 0 0 0 0 0 0 0 0 0 1 1 1 0 1 2 3 8 8 15 38 17 23 11 11 15 17 34 32 28 24 17 13 19 19 28 21 56 27 22 16
27 33 41 32 34 33 44 39 43 44 53 39 32 34 55 41 13 9 12 10 25 25 32 26 38 47 47 47 46 41 34 34 28 13 27 9 11 19 31 42 40 48 42 32 26 21 17 21 7 7 5 3 1 1 1 1 0 0 0 0 0 0 0 0 0 0 0 0 0 2 1 3 7 10 16 12 11 6 5 15 27 29 12 26 39 35 15 22 18 28 23 22 53 24 21 19
29 45 47 42 41 30 29 42 43 43 52 47 41 33 40 41 20 19 11 13 10 26 30 31 21 35 37 43 29 44 42 34 26 25 34 5 21 29 31 26 18 42 44 33 23 25 25 14 8 14 9 7 1 1 1 1 0 0 0 0 0 0 0 0 0 0 0 0 0 1 1 2 4 5 16 5 7 9 7 30 27 12 22 25 34 47 24 33 33 20 20 14 39 25 21 17
29 38 62 41 44 38 31 42 44 37 33 42 36 34 48 22 24 26 14 11 9 17 19 17 18 33 40 37 39 33 30 32 42 37 15 4 22 36 41 38 29 38 46 29 22 26 13 8 10 18 8 5 3 1 1 0 0 0 0 0 0 0 0 0 0 0 1 1 1 2 3 6 5 4 4 6 15 22 12 25 25 26 21 22 24 27 38 37 21 24 21 8 30 37 7 11
32 25 48 54 39 37 30 43 44 34 29 28 37 46 37 30 21 27 13 7 10 34 19 34 22 27 39 47 37 28 39 45 39 26 17 11 16 29 51 57 46 39 24 34 18 19 12 9 10 4 3 2 2 2 1 0 0 0 0 0 0 0 0 0 0 0 1 1 2 1 3 2 2 3 4 16 16 23 32 7 18 22 28 33 28 22 48 40 23 25 15 17 34 25 10 17
28 25 33 55 53 35 41 43 36 34 32 23 31 41 35 21 16 9 13 6 9 29 19 36 24 26 34 26 33 27 57 37 28 23 24 19 23 29 34 44 57 52 37 26 30 8 8 13 6 3 2 2 1 1 3 0 0 0 0 0 0 0 0 0 0 0 2 1 1 1 1 2 3 6 6 17 20 26 16 22 23 11 30 26 24 32 39 26 38 19 12 15 46 21 14 20
33 53 38 39 46 35 30 39 38 26 34 22 11 17 38 35 22 10 7 14 7 30 36 13 24 36 22 23 22 38 33 37 36 15 19 13 22 39 34 31 31 34 24 39 17 16 6 10 10 2 3 3 2 1 1 0 0 0 0 0 0 0 0 0 0 0 1 0 1 0 1 3 10 4 8 18 12 13 24 21 7 10 25 31 39 36 31 20 33 24 14 18 35 30 21 19
28 37 46 47 44 29 32 35 28 23 23 26 18 21 20 25 17 4 6 11 4 21 18 21 26 24 12 22 21 28 42 37 47 25 18 17 21 40 29 36 45 28 14 31 9 19 10 5 6 5 6 3 2 1 0 0 0 0 0 0 0 0 0 0 0 1 0 0 1 1 4 4 4 9 7 5 11 29 14 7 5 19 35 27 32 39 24 21 17 19 28 18 19 35 21 19
37 46 38 42 40 30 34 28 29 21 11 20 20 25 20 18 14 13 16 16 8 14 11 16 16 31 22 23 40 19 35 46 40 30 33 11 17 33 51 32 33 24 24 18 13 8 15 2 4 3 4 2 1 0 0 0 0 0 0 0 0 0 0 0 0 0 0 1 1 1 1 3 9 18 7 6 21 23 19 11 12 19 7 11 28 46 21 22 16 27 25 17 13 54 20 29
35 38 32 29 9 20 41 21 27 24 16 15 23 26 14 17 9 17 10 15 10 8 17 10 12 21 46 34 17 27 27 39 41 27 26 10 17 36 27 30 26 17 27 24 20 6 3 12 2 6 2 1 1 1 0 0 0 0 0 0 0 0 0 0 0 0 0 1 1 1 1 3 13 10 5 14 13 8 11 50 31 10 15 29 19 17 24 11 16 22 23 18 28 56 37 34
32 23 13 6 5 10 37 19 11 14 15 9 10 23 32 20 5 4 10 5 7 7 14 18 5 22 37 18 17 32 17 42 49 41 20 4 13 26 28 32 21 17 20 22 21 10 3 2 0 0 2 2 0 1 0 1 0 0 0 0 0 0 0 0 0 0 0 0 1 1 1 4 8 3 6 14 15 2 16 16 11 20 35 29 21 19 19 6 21 22 25 17 37 81 43 23
31 32 19 18 19 15 16 29 7 9 6 14 11 15 25 13 19 3 4 7 9 10 18 29 17 7 20 25 22 14 35 32 34 33 19 7 7 16 38 35 10 20 30 21 14 6 4 4 2 2 1 1 1 0 0 0 0 0 0 0 0 0 0 0 0 0 0 0 0 0 2 2 3 7 4 5 4 5 12 9 12 27 30 20 17 10 6 6 14 19 22 20 36 63 39 11
40 26 29 23 13 16 11 12 15 14 9 26 11 13 8 7 11 10 6 8 9 8 16 16 4 9 16 14 15 21 40 38 17 20 28 15 11 11 17 22 4 9 10 8 8 4 3 2 7 3 1 1 0 0 0 0 0 0 0 0 0 0 0 0 0 0 0 0 0 1 0 1 1 2 3 7 2 14 12 28 13 14 10 12 15 11 7 14 15 22 20 28 35 62 10 8
22 21 26 20 21 11 9 17 29 26 7 7 15 12 4 3 2 3 6 6 1 3 5 7 13 3 15 30 9 30 23 26 25 18 31 11 20 6 21 30 20 7 8 8 3 3 1 1 1 1 0 2 1 0 0 0 0 0 0 0 0 0 0 0 0 0 0 0 0 0 1 1 1 2 1 2 10 16 32 10 11 13 17 25 13 8 6 14 20 21 20 13 44 61 33 7
21 35 22 21 19 18 12 18 28 15 14 7 5 8 9 3 5 2 1 3 1 3 11 11 8 7 14 8 9 29 22 32 20 9 24 10 13 10 7 22 13 22 13 6 4 4 3 1 1 2 2 1 0 0 0 0 0 0 0 0 0 0 0 0 0 0 0 0 1 1 0 1 1 1 3 6 5 12 16 9 9 12 17 17 11 10 7 17 21 14 18 20 12 33 32 8
23 23 19 14 21 27 10 15 15 19 13 10 12 6 2 7 4 2 2 3 5 2 1 4 4 12 12 24 9 13 24 20 15 29 14 8 11 18 6 22 23 20 20 5 4 8 3 1 2 2 0 1 0 0 0 0 0 0 0 0 0 0 0 0 0 0 0 0 0 0 0 0 1 4 2 3 4 4 6 7 4 8 10 16 13 11 7 13 23 11 18 13 17 18 17 9
19 17 31 17 26 31 7 11 16 18 15 10 16 9 11 4 7 9 2 3 6 1 2 4 6 16 14 33 11 14 18 20 31 14 11 7 7 24 8 10 18 25 9 8 8 6 1 1 6 10 1 1 0 0 0 0 0 0 0 0 0 0 0 0 0 0 0 0 0 0 1 1 1 1 1 1 2 6 5 5 9 20 10 10 14 6 11 11 20 9 12 3 1 5 25 37
17 23 27 25 20 15 6 10 16 18 15 9 5 5 9 8 3 1 2 2 2 1 2 2 7 7 19 12 14 27 27 24 16 18 6 2 2 25 8 7 11 12 10 8 6 4 0 1 2 1 2 1 0 0 0 0 0 0 0 0 0 0 0 0 0 0 0 0 0 1 1 2 1 1 1 2 9 11 5 6 13 11 11 20 4 6 12 14 20 8 4 2 7 8 7 19
20 10 10 24 17 20 13 4 14 12 15 8 8 3 5 3 3 1 1 1 0 1 2 2 2 7 5 12 19 41 21 28 22 23 15 2 13 20 7 7 12 5 9 7 5 3 1 1 1 1 1 0 0 0 0 0 0 0 0 0 0 0 0 0 0 0 0 0 0 0 1 0 0 1 2 3 7 5 4 16 14 12 16 5 5 13 28 11 4 3 4 10 6 23 11 17
17 4 12 18 23 16 16 7 5 8 10 5 5 4 5 5 2 1 2 1 0 1 9 3 3 3 2 5 9 16 22 27 18 10 13 6 12 7 10 8 15 10 7 9 7 3 2 1 1 1 0 1 0 0 0 0 0 0 0 0 0 0 0 0 0 0 0 0 0 0 0 1 1 2 2 3 6 8 7 15 13 7 6 3 12 27 5 2 3 5 6 13 18 14 13 7
14 5 5 4 14 15 19 8 1 4 8 4 4 3 9 4 1 0 1 1 0 1 3 2 2 1 4 8 11 13 21 15 18 14 8 6 7 7 7 5 2 9 6 13 7 6 5 6 3 2 1 1 0 0 0 0 0 0 0 0 0 0 0 0 0 0 0 0 0 0 0 1 2 4 2 2 7 12 7 7 4 9 2 9 12 4 1 5 6 9 11 10 12 16 13 6
16 9 13 3 13 18 14 7 1 1 1 5 5 3 2 2 1 1 1 2 1 0 1 2 1 1 4 9 11 9 10 9 18 12 10 11 14 3 9 6 3 4 5 6 11 3 2 1 1 1 0 0 0 0 0 0 0 0 0 0 0 0 0 0 0 0 0 0 0 0 0 1 1 2 2 3 9 10 10 8 5 4 10 11 6 1 4 10 9 7 11 8 12 11 8 7
22 7 13 3 5 12 7 3 2 2 2 2 2 6 3 2 1 1 0 1 0 1 2 1 1 3 2 6 10 11 7 14 9 5 12 11 8 7 5 9 5 3 4 4 5 3 5 2 1 1 1 1 0 0 0 0 0 0 0 0 0 0 0 0 0 0 0 0 0 0 0 1 1 2 2 2 3 4 14 4 4 4 8 3 3 10 10 9 8 8 7 5 3 2 4 7
13 6 12 4 4 11 6 7 5 4 2 2 3 4 3 3 2 1 0 1 0 0 1 1 2 2 5 11 12 6 8 11 5 4 21 11 6 6 5 2 2 3 4 7 5 4 6 2 2 1 1 0 0 0 0 0 0 0 0 0 0 0 0 0 0 0 0 0 0 0 0 0 1 2 2 1 2 7 7 16 11 6 2 4 4 5 5 12 10 6 9 5 3 2 2 1
9 6 10 7 5 5 3 7 3 2 2 2 2 1 1 2 1 1 0 0 1 0 0 2 2 3 3 5 7 6 8 8 10 6 15 9 9 5 12 3 7 7 3 3 5 7 7 3 3 2 1 0 0 0 0 0 0 0 0 0 0 0 0 0 0 0 0 0 0 0 0 0 0 1 1 1 4 10 40 10 6 3 1 3 3 15 8 6 7 8 14 9 3 2 2 1
13 5 8 5 3 3 1 5 7 3 3 2 2 2 1 1 1 0 0 0 0 0 0 1 2 1 3 6 5 7 6 8 6 10 12 8 11 23 6 4 4 4 5 3 10 3 5 5 1 1 1 1 0 0 0 0 0 0 0 0 0 0 0 0 0 0 0 0 0 0 0 0 1 2 1 5 6 11 9 13 4 1 3 6 6 6 9 4 6 11 7 7 2 1 2 1
11 5 13 6 2 3 4 2 7 2 4 3 1 1 1 0 0 0 0 0 0 0 0 0 1 1 4 3 3 5 7 2 5 14 4 18 6 20 11 4 9 3 8 5 11 8 5 4 1 2 1 0 0 0 0 0 0 0 0 0 0 0 0 0 0 0 0 0 0 0 0 0 0 1 4 3 2 11 6 11 5 3 3 8 13 6 7 8 9 5 5 2 2 1 1 0
7 4 12 6 2 1 10 4 3 2 2 2 1 1 1 1 0 1 0 0 0 0 0 0 0 0 3 5 5 3 2 2 4 10 8 5 8 8 8 3 8 2 6 2 6 7 6 4 1 2 1 1 0 0 0 0 0 0 0 0 0 0 0 0 0 0 0 0 0 0 0 0 1 2 2 1 2 15 10 5 5 3 7 4 10 9 4 5 5 4 3 1 4 1 1 0
12 3 8 3 1 2 4 4 2 5 4 1 1 1 1 0 1 0 0 0 0 0 0 0 1 1 2 2 3 2 1 2 7 4 9 5 14 5 4 4 8 2 6 4 4 5 9 3 1 1 1 1 0 0 0 0 0 0 0 0 0 0 0 0 0 0 0 0 0 0 0 0 0 1 1 1 2 10 9 1 2 4 10 7 8 6 2 3 7 4 2 1 2 0 1 0
9 3 6 2 1 2 2 7 2 4 6 3 1 0 0 1 1 0 0 0 0 0 0 0 0 1 1 2 1 1 2 2 15 6 8 9 9 3 2 8 4 3 3 11 12 4 3 2 3 1 1 0 0 0 0 0 0 0 0 0 0 0 0 0 0 0 0 0 0 0 0 0 0 0 2 2 6 8 10 2 1 8 8 7 6 5 1 2 3 3 1 1 1 1 1 1
14 9 1 4 1 1 3 5 2 2 3 2 2 0 1 1 1 0 0 0 0 0 0 0 0 0 2 1 2 1 2 4 1 2 1 4 4 2 1 8 3 2 1 4 18 4 2 3 2 1 1 0 0 0 0 0 0 0 0 0 0 0 0 0 0 0 0 0 0 0 0 0 1 1 2 4 2 7 7 3 2 10 5 3 4 2 2 2 1 1 2 1 0 1 0 0
6 1 1 3 1 1 5 4 3 1 1 1 2 0 0 0 0 0 0 0 0 0 0 0 0 0 0 1 2 1 4 1 3 2 5 4 3 4 2 5 2 4 2 5 10 6 2 2 2 1 1 0 0 0 0 0 0 0 0 0 0 0 0 0 0 0 0 0 0 0 0 1 1 1 4 14 1 9 4 4 4 3 4 2 2 1 3 3 1 1 1 1 0 0 0 0
6 2 1 2 2 2 3 0 1 2 0 1 1 0 0 0 0 0 0 0 0 0 1 0 0 0 1 2 1 2 1 2 5 11 5 3 10 2 5 8 2 2 3 6 6 3 1 3 1 1 0 0 0 0 0 0 0 0 0 0 0 0 0 0 0 0 0 0 0 0 0 0 1 4 4 1 3 7 6 2 2 3 5 1 2 3 2 1 2 1 0 1 1 0 0 0
6 1 1 2 1 1 1 0 0 0 1 1 0 0 0 0 0 0 0 0 0 0 0 0 0 0 0 1 1 2 1 2 4 2 2 7 2 2 12 3 4 6 5 4 5 2 1 1 1 0 0 0 0 0 0 0 0 0 0 0 0 0 0 0 0 0 0 0 0 0 0 1 1 1 4 2 3 2 2 1 1 4 3 3 1 2 2 1 1 1 1 0 0 0 0 0
5 0 1 2 1 2 1 1 0 0 1 1 1 1 0 0 0 0 0 0 0 0 0 0 0 0 0 1 1 1 1 3 1 2 7 1 2 2 4 2 4 4 3 9 6 3 2 1 1 0 0 0 0 0 0 0 0 0 0 0 0 0 0 0 0 0 0 0 0 0 0 1 1 2 0 2 4 1 1 1 2 3 3 2 1 1 1 1 0 1 0 1 0 0 0 0
2 0 1 2 0 1 2 1 0 0 0 1 0 0 0 0 0 0 0 0 0 0 0 0 0 0 0 1 1 0 3 0 1 3 3 1 3 3 5 3 1 5 5 6 7 2 1 0 0 1 0 0 0 0 0 0 0 0 0 0 0 0 0 0 0 0 0 0 0 0 0 2 2 1 0 2 2 2 1 1 1 2 2 2 1 1 0 1 0 1 0 0 0 0 0 0
