sesion_6_simulaciones/modelos_agentes/ejemplos_netlogo/scenarios/cgcm2_a2/rob_2037.asc
NCOLS 322 
NROWS 307 
XLLCORNER 451900 
YLLCORNER 4086900 
CELLSIZE 100 
NODATA_value -9999 
[rows 225 to 299 of 307, columns 0 to 95 of 322]
58 60 49 68 66 72 36 23 17 56 51 40 23 19 23 30 11 5 4 42 22 35 66 56 43 49 43 52 45 32 48 47 62 21 25 51 46 71 49 74 68 75 79 64 62 75 57 60 58 30 12 11 6 8 3 3 3 5 3 3 4 2 1 1 1 1 1 0 0 0 0 0 0 0 0 0 0 0 0 0 0 0 0 0 0 0 0 1 3 2 2 2 1 0 0 0
22 36 37 26 31 73 47 11 38 41 54 27 42 36 9 6 4 3 13 45 17 49 66 64 48 47 35 19 42 34 51 75 63 36 40 48 75 84 64 71 79 81 82 52 62 63 60 26 46 58 15 8 3 4 3 5 3 2 2 1 1 0 1 0 0 1 1 0 0 0 0 0 0 0 0 0 0 0 0 0 0 0 0 0 0 0 1 2 4 6 2 1 0 0 0 0
44 32 35 28 33 26 16 20 16 28 48 55 54 13 4 3 20 30 51 63 37 43 65 76 66 46 56 30 37 54 29 56 83 44 30 41 58 55 84 89 66 57 41 66 45 43 59 35 20 6 12 13 10 7 6 5 4 2 1 1 1 0 0 0 0 0 0 0 0 0 0 0 0 0 0 0 0 0 0 0 0 0 0 0 0 0 2 9 4 0 0 0 0 0 0 0
55 41 36 52 33 30 38 39 27 48 39 37 28 13 22 41 54 60 63 76 42 53 65 70 30 31 61 23 45 64 31 27 42 63 46 70 54 38 66 80 75 46 59 35 79 45 26 21 19 13 8 17 14 11 10 6 2 2 1 0 0 0 0 0 0 0 0 0 0 0 0 0 0 0 0 0 0 0 0 0 0 0 0 0 0 1 2 10 2 1 0 0 0 0 0 0
22 37 54 33 30 25 49 48 45 44 43 55 33 41 39 61 58 40 66 72 48 51 50 53 33 66 31 11 46 58 32 31 47 57 75 84 69 47 32 46 58 36 25 15 30 64 42 20 15 12 8 8 7 10 10 8 2 1 0 0 0 0 0 0 0 0 0 0 0 0 0 0 0 0 0 0 0 0 0 0 0 0 0 0 1 2 4 4 1 0 1 1 0 0 0 0
65 52 38 45 49 39 56 47 53 43 33 47 35 56 42 63 63 57 50 72 31 47 55 48 53 19 34 41 43 60 27 46 38 47 49 71 59 70 45 18 32 55 38 40 47 18 18 12 7 7 4 4 7 6 4 3 3 2 1 0 0 0 0 0 0 0 0 0 0 0 0 0 0 0 0 0 0 0 0 0 0 0 1 1 1 5 19 4 1 2 2 1 0 0 0 0
47 60 51 63 43 40 51 77 27 55 33 32 45 54 42 64 63 51 48 64 46 53 50 63 38 33 39 41 37 39 21 35 69 59 43 30 70 43 47 38 17 23 59 64 64 31 10 5 11 11 8 2 4 5 3 3 2 0 1 1 0 0 0 0 0 0 0 0 0 0 0 0 0 0 0 0 0 0 0 1 1 1 1 1 0 3 12 2 1 3 2 0 0 0 0 0
43 35 60 53 39 48 47 56 36 38 38 40 41 58 45 48 64 26 36 46 30 54 17 44 32 46 32 25 42 25 33 52 49 73 53 47 34 36 40 18 28 17 14 20 19 11 9 5 9 5 8 3 3 2 2 3 1 1 0 0 0 0 0 0 0 0 0 0 0 0 0 0 0 0 0 0 0 0 1 2 3 4 2 1 1 2 4 3 3 2 1 0 0 0 0 0
34 33 60 44 35 66 65 49 50 41 52 58 40 65 50 43 50 30 33 41 52 23 17 13 33 41 20 30 47 26 34 31 27 26 16 30 19 20 20 13 23 33 48 21 16 6 5 2 3 2 3 2 2 2 3 1 1 0 0 0 0 0 0 0 0 0 0 0 0 0 0 0 0 0 0 0 0 1 1 3 8 6 3 4 1 2 12 11 4 2 1 0 0 0 0 0
43 23 21 43 32 55 60 53 60 34 48 63 28 38 31 50 71 32 39 44 50 38 12 13 43 27 14 47 56 56 61 25 45 35 51 50 48 46 36 42 54 53 50 51 40 31 32 8 6 11 5 2 1 1 1 1 0 0 0 0 0 0 0 0 0 0 0 0 0 0 0 0 0 0 0 0 0 1 2 4 5 12 7 9 6 24 8 7 2 3 2 1 1 0 0 0
14 19 38 28 32 39 45 48 23 47 62 56 22 24 23 27 63 23 21 30 12 32 22 35 25 24 20 37 59 40 77 80 72 58 75 59 64 47 48 37 45 61 53 66 28 11 7 2 4 7 9 4 2 1 1 1 0 0 1 0 0 0 0 0 0 0 0 0 0 0 0 0 0 0 0 0 0 1 2 5 14 9 12 12 22 11 11 7 2 2 4 2 1 0 0 0
9 28 14 16 24 36 44 31 23 29 38 49 17 34 18 38 27 17 17 11 13 9 16 14 34 23 49 57 62 40 48 64 85 61 71 90 88 73 74 57 28 58 65 54 63 38 27 10 7 7 5 3 3 1 1 2 2 1 0 0 0 0 0 0 0 0 0 0 0 0 0 0 0 1 1 0 0 0 1 2 16 25 24 7 9 33 10 9 6 6 2 2 1 1 0 0
5 14 8 22 24 40 26 45 33 43 24 13 21 6 19 24 9 65 11 24 59 55 38 23 19 13 17 31 31 39 40 36 36 75 60 82 85 80 80 72 61 30 65 64 61 32 42 13 7 6 2 2 1 1 0 0 0 0 0 0 0 0 0 0 0 0 0 0 0 0 0 0 0 1 1 0 1 1 1 2 13 32 24 5 24 23 13 18 17 5 4 3 2 1 2 1
6 7 19 20 41 20 31 38 32 37 21 20 11 6 13 11 6 2 39 44 45 60 60 37 23 11 29 31 29 38 31 41 36 33 25 52 85 60 76 40 49 42 40 50 43 29 11 4 17 8 4 3 3 2 1 1 0 0 0 0 0 0 0 0 0 0 0 0 0 0 0 0 0 1 3 1 1 1 3 8 21 37 11 11 26 5 2 4 6 2 2 3 1 2 1 0
4 6 10 3 15 23 28 26 26 14 20 11 8 4 6 12 8 10 10 29 27 12 61 55 24 7 31 48 39 42 38 26 35 43 22 25 55 62 59 48 46 34 38 28 24 32 20 7 2 6 4 4 2 3 2 1 0 0 0 0 0 0 0 0 0 0 0 0 0 0 0 0 0 1 3 4 1 1 3 19 25 53 11 15 36 6 6 4 2 1 1 1 1 1 0 0
0 2 2 10 5 10 13 14 27 25 11 6 6 4 6 6 13 17 28 42 17 14 14 47 53 19 40 56 57 52 59 44 46 52 39 26 17 47 29 37 14 16 9 14 11 9 2 8 4 3 3 2 1 2 1 1 1 0 0 0 0 0 0 0 0 0 0 0 0 0 0 0 1 1 1 6 10 3 12 14 42 40 33 49 9 9 8 6 5 5 2 2 1 1 0 0
0 1 4 3 3 5 9 14 11 19 9 3 9 7 8 6 14 33 39 22 10 8 14 57 37 40 44 33 17 29 38 38 44 40 38 37 16 12 12 9 14 7 3 3 5 6 4 5 2 1 2 2 1 1 1 1 0 0 0 0 0 0 0 0 0 0 0 0 0 0 0 1 1 1 1 2 23 3 8 31 48 31 39 40 26 17 9 20 13 2 2 1 0 0 0 0
0 0 0 1 4 2 4 6 10 9 11 5 3 4 12 15 11 20 35 38 20 12 10 19 19 25 29 55 23 53 59 41 36 40 35 43 32 14 7 4 3 6 7 6 7 7 4 1 2 2 1 1 1 1 1 1 0 0 0 0 0 0 0 0 0 0 0 0 0 0 1 0 0 2 8 7 22 10 17 40 53 50 31 32 15 6 6 15 7 4 1 1 0 0 0 0
0 1 0 1 3 2 1 12 4 3 3 5 25 27 48 43 23 9 9 14 21 18 12 26 45 47 45 43 44 45 56 55 50 48 42 48 40 47 23 7 7 4 4 3 3 2 2 1 1 1 1 1 1 1 0 0 0 0 0 0 0 0 0 0 0 0 0 0 0 1 1 1 1 2 6 7 23 38 28 47 52 50 42 32 15 18 9 9 7 3 2 1 0 0 0 0
0 0 0 0 1 2 2 4 2 1 1 8 3 5 19 47 26 11 9 8 20 16 22 25 13 20 47 63 61 63 58 61 62 66 61 50 48 44 47 34 11 6 5 5 4 2 1 1 2 1 2 2 1 0 1 0 0 0 0 0 0 0 0 0 0 0 0 1 1 1 1 1 1 3 15 6 5 37 75 48 63 50 36 24 14 8 2 5 6 3 1 0 0 0 0 0
0 0 0 0 0 1 3 1 1 11 19 21 10 11 16 9 9 4 14 19 18 43 26 27 48 31 12 31 33 64 67 65 76 80 65 47 60 64 58 36 13 11 7 9 7 8 2 5 2 1 0 0 0 0 0 0 0 0 0 0 0 0 0 0 0 0 0 1 2 2 2 3 2 5 14 23 9 36 56 45 36 19 11 4 5 8 3 3 3 1 1 0 0 0 0 0
0 0 0 0 0 1 1 0 3 4 1 2 8 26 21 12 13 18 10 28 46 28 28 46 33 47 30 11 10 48 35 69 84 70 67 64 48 48 52 43 35 28 15 7 11 13 4 4 2 1 1 1 0 0 0 0 0 0 0 0 0 0 0 0 0 0 0 1 2 4 4 7 2 5 16 36 31 24 55 25 14 7 10 6 5 2 1 2 3 2 1 1 1 1 0 0
0 0 0 0 2 0 0 1 1 5 2 3 7 9 5 7 19 42 19 37 26 36 40 41 35 46 46 28 22 16 23 14 50 59 46 42 32 43 32 16 11 6 5 4 5 10 3 2 2 1 1 1 0 0 0 0 0 0 0 0 0 0 0 0 0 0 1 1 2 3 13 7 9 4 7 33 34 66 31 16 17 10 7 7 7 2 3 3 2 1 1 1 2 1 0 0
0 0 0 2 0 0 5 0 1 3 5 21 10 6 3 19 19 39 42 20 15 23 19 33 28 29 43 38 56 53 30 39 42 28 14 23 25 26 13 13 5 5 2 3 3 3 2 3 1 1 1 1 1 0 0 0 0 0 0 0 0 0 0 0 0 0 0 1 1 1 5 18 26 5 4 26 22 59 19 24 11 9 5 7 7 6 5 1 2 1 1 2 1 0 0 0
0 0 0 1 0 2 0 0 1 2 10 22 9 4 18 24 44 21 41 21 18 25 24 33 40 41 70 60 29 25 19 20 42 46 30 22 30 32 20 14 13 9 15 9 4 3 3 3 2 1 0 0 0 0 0 0 0 0 0 0 0 0 0 0 0 0 1 2 1 1 2 5 15 20 10 19 53 39 29 18 7 12 11 5 2 5 4 3 5 4 2 1 0 0 0 0
0 0 3 0 1 3 0 1 1 3 7 3 8 9 15 25 41 16 26 18 28 26 28 30 74 74 69 46 63 66 55 37 54 50 39 33 36 43 28 20 24 14 8 6 5 4 6 7 3 1 1 1 1 1 1 0 0 0 0 0 0 0 0 0 0 1 2 3 3 2 1 2 10 24 34 22 64 39 35 33 23 10 11 12 8 6 8 5 3 4 3 1 1 0 0 0
0 1 0 0 2 0 1 1 3 8 11 14 14 9 15 26 46 37 13 28 23 33 38 45 57 72 77 63 37 46 47 41 27 26 33 25 22 27 23 38 38 15 16 12 15 10 7 7 4 2 2 2 1 1 1 0 0 0 0 0 0 0 0 0 1 1 4 4 2 2 2 5 7 7 7 58 64 37 27 24 14 15 23 15 14 15 11 13 6 4 1 1 1 0 0 0
0 2 0 2 0 0 1 2 11 29 49 16 5 12 22 16 19 16 11 19 23 32 40 60 57 34 58 58 47 64 65 50 24 16 16 17 28 33 37 32 18 18 36 27 27 17 6 3 2 2 1 1 1 0 0 0 0 0 0 0 0 0 0 0 1 2 4 4 4 7 7 6 23 27 30 40 58 45 19 23 20 26 21 9 12 11 9 5 6 2 1 1 1 1 0 0
0 1 0 2 0 1 8 21 32 23 55 50 14 8 32 18 17 3 8 11 11 12 17 44 17 27 41 64 64 71 86 48 62 41 22 12 22 59 41 39 39 6 7 2 3 6 3 4 2 2 1 1 1 1 0 0 0 0 0 0 0 0 0 0 2 6 4 4 3 19 34 7 30 52 62 55 37 33 27 15 19 15 16 23 14 10 5 4 4 3 2 2 1 1 0 0
1 0 0 3 1 2 1 5 6 17 8 5 14 13 25 26 31 15 15 13 15 12 28 32 9 7 10 40 40 33 45 77 53 66 57 49 41 36 29 29 34 26 15 18 12 5 6 8 4 3 2 1 1 0 0 0 0 0 0 0 0 0 1 1 2 5 5 5 4 5 20 42 19 47 64 65 46 27 36 25 34 32 16 9 12 9 5 3 3 6 4 2 1 0 0 0
2 0 3 1 0 1 4 9 17 16 13 23 20 12 24 26 37 15 8 26 31 21 27 47 18 3 18 10 23 30 13 21 57 49 56 51 25 8 7 7 16 15 11 15 19 17 8 3 4 3 1 2 2 1 0 1 0 0 0 0 0 0 1 2 5 9 4 4 15 13 9 12 46 62 50 66 43 43 59 52 13 10 9 11 9 6 7 5 5 2 2 1 0 0 0 0
1 0 2 0 1 2 2 3 6 8 13 20 10 13 19 15 25 3 8 11 9 43 36 52 37 15 17 25 33 22 25 10 8 15 16 13 11 9 8 5 3 5 4 5 12 11 6 8 6 4 3 2 2 1 1 1 1 0 0 0 0 1 1 5 9 8 5 10 12 33 20 23 16 20 41 49 63 54 31 30 21 27 22 24 13 9 12 8 3 1 1 1 0 0 0 0
0 1 0 1 0 0 1 2 5 7 9 15 16 10 18 32 23 6 9 8 17 46 50 43 19 4 20 39 27 39 40 15 42 46 44 34 30 21 19 8 5 5 19 22 21 9 9 7 7 6 5 3 2 1 1 1 0 0 0 0 0 1 3 6 7 15 8 13 15 14 58 37 32 25 14 62 40 59 45 37 38 47 38 26 16 18 10 5 2 1 1 1 0 0 0 0
2 0 0 0 0 0 2 1 4 6 5 12 32 42 44 50 39 14 6 6 36 45 47 35 21 41 11 39 37 44 29 44 44 27 28 27 22 18 8 13 26 32 13 12 8 11 7 6 8 5 6 4 2 2 1 1 0 0 0 0 0 0 2 7 25 19 9 17 15 13 15 36 54 15 12 25 68 75 68 53 45 39 35 33 23 11 11 4 6 2 1 0 0 0 0 1
0 0 0 0 1 1 0 1 1 7 14 16 34 49 47 20 10 6 3 22 35 36 43 52 51 22 27 31 27 25 33 68 32 31 34 33 30 15 20 24 43 31 25 21 20 17 14 9 13 8 7 4 3 2 1 1 0 0 0 0 0 0 2 5 17 14 24 30 21 42 41 51 53 27 28 42 64 56 57 43 40 32 27 26 15 10 8 8 8 4 1 1 0 1 1 2
0 0 0 0 0 0 1 2 3 11 21 28 29 81 35 19 24 16 9 26 28 29 30 18 16 14 47 16 33 26 49 35 47 53 38 34 33 31 37 30 20 33 33 34 26 26 16 18 12 5 4 3 2 3 2 1 0 0 0 0 0 0 2 5 12 13 13 26 47 36 61 55 59 31 57 58 60 58 37 35 34 30 18 12 10 9 8 5 4 4 2 1 0 1 2 2
0 0 0 0 0 1 1 1 3 12 20 25 9 28 15 4 19 21 30 23 24 38 34 18 14 31 20 30 44 63 66 54 51 50 37 38 48 45 45 38 40 54 48 25 20 29 25 20 9 7 5 3 2 1 1 1 1 0 0 0 0 1 2 6 9 13 12 16 40 65 62 62 54 81 67 46 33 33 38 37 31 29 25 18 10 11 5 8 4 2 2 2 1 2 2 2
0 0 1 1 0 1 0 1 8 6 17 12 6 3 2 4 19 19 14 24 23 18 19 38 35 16 20 48 63 30 24 25 46 41 48 52 52 49 45 42 45 50 32 32 37 30 27 24 10 8 6 3 2 1 1 2 1 1 0 0 0 0 4 7 14 12 13 13 17 24 40 48 56 66 18 40 37 34 27 27 21 19 14 23 15 14 9 7 4 3 2 1 1 3 2 4
0 1 1 1 1 0 0 1 6 12 21 15 15 22 17 9 3 7 6 29 35 22 61 58 22 28 34 47 30 30 30 35 38 35 47 53 54 50 41 65 51 35 32 38 13 21 32 28 19 13 3 3 2 2 2 1 1 1 0 0 0 0 1 7 12 14 43 26 31 35 36 25 40 60 47 52 49 32 31 28 28 21 24 20 15 4 4 3 3 5 3 1 2 5 6 6
0 0 1 1 0 0 0 4 11 25 25 6 8 18 21 19 8 3 9 33 28 60 42 21 27 48 34 31 31 32 39 35 25 37 43 63 44 41 56 49 41 57 57 24 34 29 27 24 13 6 4 5 5 3 3 2 2 1 1 0 0 0 2 5 8 24 44 66 35 47 41 28 32 69 75 40 41 46 44 26 21 22 28 17 9 3 7 5 4 2 1 0 3 6 6 7
0 0 3 1 1 2 6 11 21 31 4 6 8 3 2 6 11 4 15 28 26 29 11 23 41 15 13 27 32 35 53 39 30 34 50 55 50 64 68 61 41 32 30 37 29 28 17 16 12 9 6 9 8 2 3 2 2 1 1 0 0 1 2 6 13 20 40 59 56 59 46 49 55 71 43 41 35 32 38 40 25 49 28 10 11 12 8 4 2 1 0 1 5 8 8 11
1 1 0 0 3 0 1 7 12 8 1 5 10 11 12 13 25 16 33 15 13 10 7 22 20 25 30 39 50 41 36 27 31 36 60 44 76 71 67 36 25 22 26 36 39 30 23 20 18 15 11 9 5 2 2 1 1 1 1 1 0 1 3 9 18 25 27 30 57 74 67 34 42 71 43 47 64 57 52 55 46 27 21 16 16 14 4 4 1 1 1 4 6 8 6 12
1 0 0 0 0 0 1 4 7 4 1 6 10 17 19 19 11 15 30 32 31 25 4 23 30 44 45 43 32 21 32 32 32 40 75 41 26 17 17 31 32 47 55 53 46 34 24 22 11 16 8 6 7 3 3 2 1 1 1 1 1 3 6 9 24 25 25 16 37 64 69 47 56 69 45 29 48 69 65 61 51 20 23 21 15 12 4 3 4 1 4 6 3 11 12 14
0 0 0 0 0 1 1 2 12 19 2 8 10 4 9 6 9 38 24 16 20 24 22 19 46 35 36 39 26 30 41 42 31 76 30 24 52 54 51 48 57 62 54 54 51 46 35 23 14 12 11 8 7 5 4 3 2 1 1 1 2 4 12 33 33 31 25 34 46 55 71 45 49 59 73 52 53 51 63 60 42 39 22 20 16 10 5 1 2 4 5 3 6 9 26 18
0 0 0 0 1 0 1 7 5 8 18 12 4 4 6 10 13 16 23 33 20 26 14 23 42 41 33 36 39 34 40 45 52 38 14 40 46 51 60 82 56 53 60 59 54 47 27 20 13 9 11 9 8 4 5 3 3 3 1 2 3 10 11 26 31 28 29 43 50 48 79 73 52 71 66 55 59 58 52 43 46 28 18 14 14 6 2 1 1 7 3 7 11 14 28 18
0 0 0 0 1 0 1 0 1 7 6 2 4 7 8 5 23 10 10 38 58 27 10 16 56 39 47 40 30 30 60 84 53 12 25 56 44 72 75 66 62 69 64 40 44 36 30 25 13 13 11 10 9 8 6 5 5 4 2 3 3 5 10 15 33 53 41 63 69 60 56 59 58 65 74 74 55 46 36 32 30 23 16 17 13 6 2 1 5 6 8 16 23 18 25 19
0 1 0 1 2 0 4 6 6 4 5 9 5 5 3 29 16 19 22 36 24 11 26 39 10 44 38 26 55 52 69 46 18 27 61 33 57 49 59 78 79 57 43 69 54 29 31 28 22 18 15 12 10 9 8 7 6 3 3 4 5 12 7 11 14 37 62 69 70 71 81 82 56 70 57 47 32 36 46 44 26 23 15 18 11 2 1 5 5 9 17 26 23 14 26 25
0 0 0 1 0 1 2 1 0 2 5 7 3 1 1 29 12 4 5 8 10 17 39 17 10 28 19 26 65 59 47 14 21 35 58 73 53 61 73 75 71 58 59 26 37 29 35 41 26 20 18 16 12 11 9 8 4 2 6 10 7 16 13 17 20 36 47 78 62 64 45 69 53 39 39 48 56 41 33 30 23 16 20 11 3 1 3 6 9 9 12 21 36 29 29 29
0 0 1 1 0 0 2 0 2 3 4 2 3 5 10 32 11 12 9 8 36 14 24 5 27 40 25 49 74 44 27 19 28 33 74 74 72 63 65 65 60 62 47 34 36 62 42 35 28 37 22 17 16 13 10 8 5 3 9 12 25 30 22 28 23 39 57 63 75 61 54 43 51 60 51 64 48 45 35 29 16 16 7 3 2 3 8 11 10 22 24 16 18 29 25 21
0 1 1 0 1 1 1 1 2 1 2 9 2 8 25 14 10 5 24 29 21 25 12 23 59 24 30 59 51 37 37 31 53 62 75 63 65 65 56 41 41 58 64 56 60 46 46 41 48 29 26 31 9 13 11 6 3 9 16 17 43 42 29 47 34 25 41 75 76 39 76 54 51 61 60 56 50 45 38 23 15 15 4 4 4 8 12 17 14 19 28 19 21 30 37 29
0 1 1 0 1 1 2 3 1 1 2 4 3 16 2 6 13 13 22 32 16 13 18 22 39 32 35 62 32 25 41 35 64 62 56 57 49 59 51 54 60 60 59 73 53 50 46 58 38 34 42 25 21 16 8 7 3 10 29 29 36 55 43 58 58 38 44 55 84 41 41 78 75 58 55 53 59 42 43 36 16 11 3 3 5 11 18 24 29 33 31 34 23 29 48 38
1 1 0 0 1 3 8 1 0 1 6 1 13 5 8 11 10 4 3 19 10 20 30 32 35 48 40 13 29 37 43 54 59 62 27 22 59 49 57 48 51 59 63 72 69 51 67 39 57 53 30 27 24 20 11 9 5 12 36 44 42 61 45 48 67 45 63 42 72 48 52 71 51 64 61 52 45 47 64 29 20 4 3 5 10 12 20 30 23 16 24 45 20 24 42 58
0 0 0 1 1 1 1 3 2 4 1 3 7 3 4 5 3 4 2 4 7 15 30 30 28 45 25 20 38 31 35 18 43 28 18 41 29 34 42 63 65 66 70 71 59 40 58 64 55 41 38 29 25 22 19 10 11 13 39 63 65 65 60 49 64 63 32 42 84 51 68 64 59 57 49 41 57 21 17 16 5 3 5 12 14 20 29 32 17 22 36 21 14 17 28 60
0 0 0 2 2 2 2 1 1 3 1 4 4 6 7 18 13 2 3 2 3 20 18 11 24 32 23 43 45 49 66 55 43 25 17 19 36 36 39 36 42 65 51 57 63 33 25 25 40 37 45 35 30 24 13 8 16 27 42 54 80 74 54 55 61 63 64 28 70 20 29 41 48 53 52 53 50 42 26 21 7 4 8 14 17 36 46 37 27 27 36 36 30 18 26 48
0 0 4 3 4 3 3 1 2 1 3 6 11 6 11 12 20 7 11 6 22 29 18 30 36 27 25 6 7 25 50 17 21 12 20 25 18 26 26 29 62 55 43 55 35 38 38 49 47 56 41 38 35 18 15 10 18 29 51 59 71 55 58 63 72 46 48 53 68 37 38 31 29 19 35 47 40 31 16 12 4 8 15 17 21 44 42 19 32 43 28 40 22 26 30 53
1 1 0 1 1 1 1 1 1 3 4 9 18 21 14 21 15 4 13 23 31 16 16 28 26 20 5 16 14 29 28 14 11 31 35 31 37 33 36 50 41 50 66 41 43 43 57 52 59 44 42 39 37 19 8 18 23 57 53 62 64 71 61 70 75 58 37 66 56 38 44 59 53 55 54 45 32 11 8 3 6 17 18 21 27 55 55 19 23 43 31 47 28 28 34 68
0 1 2 2 3 5 2 5 2 2 9 7 15 14 2 4 2 3 10 31 26 14 24 10 30 38 9 12 17 38 16 12 17 34 53 30 31 37 43 24 59 54 40 53 46 59 58 68 65 52 59 39 26 24 13 25 32 53 72 59 63 75 59 50 73 75 41 51 63 63 64 47 45 44 31 35 23 11 4 12 12 20 24 41 37 55 61 34 34 36 20 54 32 34 38 52
4 8 7 17 16 10 6 8 7 6 11 5 7 5 15 4 4 8 18 20 20 15 19 7 14 13 8 15 19 32 14 19 59 40 24 21 29 35 36 47 71 59 62 42 53 71 71 56 54 69 54 33 28 26 15 40 59 54 59 76 67 75 80 58 84 84 48 59 57 60 47 44 57 42 38 20 21 16 10 24 27 26 35 49 40 46 54 47 50 35 33 56 34 38 32 48
12 16 20 8 14 35 15 6 2 6 0 1 4 7 6 4 3 23 32 16 8 18 11 11 25 35 8 8 14 27 29 54 23 13 26 27 15 11 44 44 56 36 69 60 65 74 45 55 68 60 42 37 32 31 28 49 63 61 65 77 66 73 79 75 73 78 60 30 47 71 49 52 52 51 37 36 34 25 18 29 32 46 40 51 40 37 50 50 46 43 40 57 37 29 39 47
3 7 13 2 1 9 14 15 1 0 1 3 7 11 10 6 11 12 6 11 5 6 21 7 34 41 15 11 30 32 41 47 27 29 30 6 8 13 25 48 42 53 65 67 67 61 62 59 60 57 44 40 33 36 38 46 59 76 64 67 84 66 76 80 68 52 25 20 14 37 47 57 52 48 37 33 22 10 20 29 33 47 46 55 41 55 67 67 54 50 40 48 54 19 44 52
4 3 2 5 4 0 0 1 1 3 4 1 1 4 11 7 9 16 3 7 2 8 7 11 31 18 6 8 14 23 13 18 32 23 19 21 15 6 56 24 37 23 61 51 72 57 59 45 62 58 40 40 37 38 42 66 61 76 77 77 77 74 72 76 34 30 50 62 45 49 45 43 45 30 26 19 10 20 33 34 37 53 58 38 54 55 67 68 54 53 40 48 56 26 30 62
2 2 9 2 2 2 0 3 1 1 2 2 1 6 1 3 9 3 6 8 5 22 22 21 34 16 7 7 10 10 9 34 32 22 32 23 33 10 46 34 9 29 62 57 67 59 60 70 61 55 49 43 42 62 61 60 63 67 77 63 75 79 61 52 52 45 53 68 53 38 60 55 66 58 39 10 20 22 36 50 57 45 59 45 58 70 68 65 54 54 43 45 60 52 27 46
0 4 2 4 4 1 1 4 1 3 4 0 2 3 1 4 7 18 4 10 32 13 21 27 41 25 7 10 8 24 29 20 24 49 22 31 33 19 71 45 17 37 24 62 58 50 65 46 59 54 44 46 42 59 75 66 64 61 74 82 67 73 70 48 52 37 42 40 42 33 56 59 62 67 27 18 24 38 35 56 58 58 58 60 45 69 71 71 61 61 30 51 49 46 40 30
2 3 1 0 0 2 2 5 1 1 3 1 3 2 4 9 4 10 3 7 14 33 18 34 18 5 2 2 3 21 28 12 18 28 37 51 23 27 45 56 33 37 24 64 53 44 50 41 57 52 59 44 44 54 61 86 56 64 61 57 73 54 52 50 33 36 49 41 45 38 58 56 32 46 18 19 40 39 40 44 59 59 59 58 60 72 71 79 67 54 41 58 59 33 40 28
1 2 2 1 1 4 1 2 0 1 1 1 1 1 6 8 4 6 5 2 3 4 4 6 4 4 5 2 10 8 23 28 37 27 34 37 21 20 19 70 45 49 43 55 23 55 44 58 60 43 56 44 46 41 66 67 75 64 59 40 60 38 31 47 36 35 48 39 54 44 48 45 33 20 27 41 43 45 45 42 49 62 72 63 60 75 77 77 73 50 39 68 53 50 42 24
1 2 2 1 1 2 2 0 0 3 1 1 1 1 4 4 3 3 11 6 5 6 10 11 12 23 12 5 2 4 12 25 32 31 34 30 28 23 12 44 75 66 42 29 26 36 37 56 42 24 54 43 44 40 52 77 60 71 52 27 35 12 14 16 23 23 38 54 54 53 54 35 21 22 47 46 50 65 61 49 45 58 60 69 74 84 65 81 62 49 43 72 55 63 32 26
0 0 2 1 7 1 0 0 1 1 2 1 1 2 3 2 2 4 2 1 2 5 5 23 33 4 7 3 5 2 3 9 10 31 22 10 30 21 20 27 80 65 35 22 27 39 60 29 43 22 35 50 42 61 62 59 48 49 65 31 31 24 26 14 35 50 47 46 45 35 39 34 16 28 43 45 64 57 55 41 45 30 61 71 72 62 76 77 73 56 42 68 54 60 52 24
0 0 1 0 3 2 1 1 1 0 3 1 0 3 3 4 7 1 4 2 11 10 13 9 8 9 18 9 3 2 12 14 6 14 13 12 36 5 4 26 48 58 41 29 22 69 48 28 23 39 52 53 39 56 74 57 72 35 55 51 30 32 33 19 32 28 30 33 45 44 22 21 28 43 41 45 41 49 38 16 38 44 58 62 70 72 82 77 41 61 35 64 74 38 23 35
0 0 1 0 2 2 2 0 1 1 1 2 4 3 3 3 1 2 4 2 2 3 3 9 14 35 8 5 6 4 20 13 17 22 16 17 19 8 16 20 37 47 51 41 34 77 41 42 28 36 50 41 47 72 77 62 70 42 40 40 28 11 13 49 43 40 41 32 48 23 25 28 44 42 41 42 55 59 49 38 44 59 60 75 74 75 72 83 45 60 47 45 70 24 20 30
0 0 0 1 1 0 2 5 0 2 4 8 2 2 2 4 2 2 3 6 3 4 12 21 27 7 6 12 2 4 9 24 23 35 28 29 27 21 20 29 36 55 45 48 24 44 40 55 41 22 24 50 60 62 69 64 60 43 30 36 25 9 21 31 45 52 44 32 38 39 45 43 41 45 56 28 36 60 49 37 51 55 54 70 66 68 53 64 64 56 76 44 54 30 30 34
0 0 0 2 0 2 2 1 1 5 6 4 1 1 1 2 0 1 2 2 3 5 31 16 11 16 22 32 18 18 6 28 27 46 24 39 23 40 39 29 22 30 42 58 18 46 51 56 43 36 42 57 52 47 60 42 40 47 26 18 9 22 23 24 26 38 29 53 61 46 45 42 40 57 44 25 30 62 60 42 45 54 51 49 73 73 35 45 62 77 59 54 36 27 37 51
0 0 1 0 0 2 1 1 3 0 2 3 1 1 2 1 1 0 2 1 5 12 7 25 22 9 6 16 18 34 17 18 28 20 22 53 12 20 26 17 24 50 67 32 22 22 64 46 58 33 41 55 55 35 41 58 43 34 18 15 13 16 33 26 31 39 47 51 63 47 41 39 54 53 61 45 29 48 63 60 53 39 46 32 36 71 58 16 57 48 70 46 47 36 23 34
0 0 0 0 0 0 1 1 2 1 3 1 1 0 2 1 1 1 1 2 5 9 5 9 12 10 12 16 40 21 33 27 26 17 31 32 11 8 32 20 28 34 32 33 32 44 59 49 36 27 34 47 39 32 43 28 28 23 10 10 14 25 19 21 22 38 49 55 72 44 41 42 49 51 50 38 36 46 51 67 52 47 45 24 17 32 55 51 18 58 45 50 42 30 19 20
0 0 0 0 0 0 0 1 1 0 1 1 2 0 2 0 1 0 2 2 3 4 4 12 7 13 7 18 22 20 16 31 10 26 21 19 13 17 22 19 22 42 23 41 30 39 45 24 18 19 18 27 52 45 20 26 15 12 6 2 11 8 12 11 31 29 51 58 43 37 37 37 53 49 30 33 48 51 34 68 53 54 43 18 19 25 24 24 32 35 28 23 18 23 12 64
0 0 0 0 0 0 0 0 0 0 1 0 0 1 3 1 0 1 4 1 2 3 3 5 7 10 4 12 5 8 4 9 9 16 22 9 13 20 14 11 8 37 31 41 30 67 19 20 17 38 19 40 43 50 50 23 14 8 7 6 14 6 7 27 27 50 62 44 39 39 35 33 47 66 43 32 24 41 30 44 53 51 56 18 18 12 21 8 11 30 27 16 16 22 10 45
