sesion_6_simulaciones/modelos_agentes/ejemplos_netlogo/scenarios/cgcm2_a2/rob_2072.asc
NCOLS 322 
NROWS 307 
XLLCORNER 451900 
YLLCORNER 4086900 
CELLSIZE 100 
NODATA_value -9999 
[rows 148 to 221 of 307, columns 0 to 95 of 322]
0 4 2 2 5 7 7 4 1 1 1 33 20 22 19 22 38 23 18 26 7 12 2 1 0 0 0 0 0 0 1 0 0 0 0 1 0 1 1 1 4 5 5 4 9 4 11 11 7 14 7 10 23 6 14 24 22 11 7 26 34 37 29 22 33 45 52 27 34 63 63 53 30 40 64 76 26 21 21 36 33 29 13 20 56 43 14 9 35 31 25 28 49 44 25 49
1 5 4 6 9 13 7 16 13 3 4 14 23 34 40 54 59 26 28 29 26 19 2 7 1 0 0 0 0 0 2 1 0 0 0 0 0 1 1 1 2 2 1 3 7 38 15 12 5 6 5 14 16 15 4 4 5 3 22 17 16 48 29 19 29 55 49 49 51 65 33 15 13 49 36 35 62 14 17 42 38 21 29 22 11 49 23 14 10 18 8 38 23 48 31 14
0 0 1 12 6 21 15 3 7 18 6 11 58 59 61 31 65 50 45 55 28 6 3 2 2 1 0 1 0 0 0 2 0 1 2 1 0 1 2 2 1 1 2 14 28 16 9 7 6 5 6 8 9 9 19 14 19 19 22 23 37 46 23 19 51 49 59 70 45 9 51 30 28 46 69 26 33 9 3 11 24 26 19 33 14 19 42 27 12 16 10 7 16 18 27 9
0 0 1 1 1 1 1 2 3 3 9 4 15 49 52 43 74 70 61 8 2 2 7 4 11 6 1 0 0 0 0 1 7 6 6 11 14 1 1 2 4 8 22 18 5 7 3 7 4 3 10 8 10 9 11 9 23 25 27 30 52 40 37 23 51 73 53 42 76 34 15 53 55 30 39 13 25 44 21 9 12 21 25 14 20 11 17 43 31 17 14 7 5 16 21 20
3 1 1 1 1 1 1 3 3 5 3 13 7 4 3 3 5 4 7 8 4 18 15 12 29 4 17 3 2 2 1 2 6 0 0 0 1 13 1 1 5 3 6 10 9 17 18 25 10 5 9 10 14 13 3 13 17 45 23 43 51 54 67 87 82 63 58 32 40 83 36 29 29 39 23 6 12 12 43 26 13 16 27 22 13 19 14 16 38 13 10 9 3 4 10 9
4 4 2 1 2 1 1 4 0 2 8 7 7 11 7 7 5 13 19 28 51 26 55 21 14 7 6 4 3 12 5 0 0 1 1 0 1 1 5 1 0 25 3 5 8 5 2 6 15 9 16 22 21 16 5 11 17 33 56 45 74 60 74 75 73 76 66 19 36 64 71 50 35 21 31 20 15 11 25 15 24 16 15 24 16 14 11 11 47 26 7 6 7 3 11 12
17 6 15 7 5 5 8 1 2 1 2 5 6 20 23 7 3 12 37 39 56 74 43 61 28 17 25 20 6 8 32 12 3 0 1 1 3 2 2 5 1 15 4 4 12 2 3 6 4 21 25 36 47 35 33 17 24 35 62 56 38 32 71 75 73 62 68 47 36 52 77 25 35 20 14 12 23 7 21 39 15 23 20 11 10 9 10 8 15 11 19 7 4 3 2 4
31 22 29 10 19 10 8 12 2 1 3 2 17 12 5 16 12 10 8 41 59 50 37 47 31 20 26 18 9 2 8 46 33 14 9 2 3 4 4 6 2 16 34 8 11 7 3 4 4 9 8 12 26 7 10 39 24 49 34 18 17 20 25 52 48 18 27 16 47 60 57 50 28 22 29 10 12 15 16 28 24 15 20 15 9 9 8 8 7 7 10 12 7 4 2 2
12 28 17 38 46 24 8 34 4 1 3 3 3 5 13 17 11 19 12 8 12 41 49 12 17 37 12 34 14 2 2 3 20 41 28 9 5 4 4 5 6 20 39 6 9 9 8 11 15 18 18 25 16 17 20 19 34 60 43 40 45 41 18 13 7 25 23 24 18 31 33 54 59 31 16 9 11 15 18 25 26 39 10 13 8 7 6 3 5 8 6 2 11 4 1 2
46 66 41 61 43 9 27 54 8 8 8 3 13 31 27 11 26 18 20 10 11 12 9 41 19 6 9 35 40 9 8 5 4 37 41 27 27 18 16 22 19 10 43 37 9 6 10 13 14 17 26 45 18 30 37 20 12 33 41 33 29 21 10 19 20 6 3 15 36 40 42 56 27 31 16 14 17 16 26 19 22 17 21 8 6 6 2 2 3 3 5 3 4 5 2 1
29 70 21 72 20 50 47 55 6 14 18 6 5 5 16 18 21 49 45 56 14 9 13 16 13 10 15 54 14 58 13 24 17 41 13 28 26 60 24 17 25 11 38 43 44 9 7 6 19 13 16 13 10 25 33 15 28 65 62 69 27 37 46 37 33 14 13 20 27 30 29 39 30 19 28 7 14 23 21 23 13 9 12 11 3 2 1 0 1 2 3 4 4 3 4 3
7 59 38 52 54 61 55 12 20 35 25 13 11 8 8 6 9 20 23 55 30 6 12 18 49 44 35 45 12 54 55 13 15 22 52 56 41 62 77 31 25 8 15 42 42 27 21 11 23 5 5 8 32 30 19 17 26 22 16 20 15 30 50 44 42 30 30 30 22 27 27 25 18 26 8 12 11 16 10 7 8 6 5 7 10 7 3 6 3 2 2 2 3 3 2 1
8 7 5 43 58 56 14 18 50 22 38 51 28 19 8 12 18 18 26 13 25 43 39 11 40 42 47 52 56 22 78 69 26 9 33 75 69 48 38 57 53 10 22 51 62 65 19 14 16 16 10 11 54 22 75 70 71 53 79 63 40 22 29 28 31 27 30 33 27 16 17 26 21 23 11 18 9 9 9 11 5 5 5 9 4 4 5 4 2 3 3 1 1 2 1 0
7 39 22 16 10 31 24 63 64 35 34 43 14 29 6 18 12 15 26 18 24 27 27 11 53 60 53 76 66 50 70 82 70 39 30 8 25 49 33 15 20 12 7 75 72 63 43 43 28 49 73 82 66 37 35 66 53 29 32 50 50 34 42 32 30 23 22 38 29 13 15 15 19 17 12 12 12 13 6 6 4 5 2 3 3 2 3 2 2 1 1 1 0 1 1 1
18 24 17 35 28 12 48 79 62 70 8 33 53 45 63 23 42 15 13 12 15 7 33 59 80 53 78 85 67 67 42 56 75 45 42 20 49 67 76 83 66 36 20 27 75 58 39 81 41 43 70 69 75 39 23 75 82 47 35 24 63 64 23 51 34 31 20 24 21 16 19 15 15 11 11 11 9 7 6 2 2 2 2 2 3 1 2 1 1 1 1 0 0 0 0 0
15 15 44 21 18 7 37 66 45 72 20 33 65 49 70 40 20 30 21 35 39 45 13 48 64 71 81 82 55 80 63 79 72 74 70 73 64 73 78 68 13 48 55 22 9 49 45 63 44 40 64 60 62 65 33 39 70 88 55 42 52 29 32 30 37 47 44 35 21 12 22 12 8 7 6 3 6 3 1 1 1 2 2 1 1 0 1 0 0 1 0 1 1 1 1 1
13 9 5 16 26 27 9 75 20 21 22 38 45 8 35 47 24 27 21 58 57 28 29 16 55 82 76 81 59 86 70 74 69 60 72 72 83 76 75 81 73 48 16 13 5 8 52 55 34 13 24 62 69 71 70 78 81 78 85 44 28 35 32 38 35 37 45 20 14 24 11 8 8 6 2 1 1 1 3 3 4 2 1 1 1 2 4 4 6 1 3 7 3 6 6 3
5 11 27 20 13 9 11 29 36 32 57 52 60 59 23 48 28 48 13 11 31 68 38 25 11 32 38 68 67 36 13 17 13 29 28 34 74 58 62 73 73 57 38 14 5 8 46 44 33 26 19 17 39 73 74 65 49 52 78 71 33 22 31 31 37 34 17 25 15 5 6 8 7 4 3 2 1 1 1 1 2 5 3 5 9 14 13 14 7 5 6 14 12 19 17 6
9 7 9 8 17 12 17 16 17 16 32 64 64 70 14 12 22 54 56 31 27 22 44 14 25 33 24 28 15 22 37 26 39 36 59 35 29 25 23 24 19 33 22 10 9 12 32 36 47 25 27 25 5 40 34 47 50 57 39 53 49 26 52 50 40 23 21 13 12 9 8 7 3 1 3 3 1 1 1 3 16 16 10 18 22 26 23 32 21 23 47 47 23 36 19 10
5 6 10 27 23 27 26 20 23 23 36 7 12 15 25 31 20 15 58 60 51 27 31 10 27 50 47 38 25 28 47 55 28 57 29 23 24 32 33 31 19 12 17 15 27 26 51 46 46 39 22 12 14 15 19 45 19 15 13 40 23 31 31 18 28 15 9 13 11 5 4 2 3 2 4 4 5 1 12 16 28 28 28 37 38 57 52 37 34 41 15 6 10 9 9 29
7 12 25 13 14 20 20 14 27 49 12 16 36 33 18 37 6 10 14 24 29 22 17 18 31 24 38 32 56 18 48 34 29 36 25 23 33 55 23 52 29 15 12 9 9 17 26 44 33 34 20 33 32 20 30 26 26 22 26 36 53 46 27 8 12 11 10 4 5 3 3 18 17 9 9 14 6 9 23 46 59 48 46 71 61 58 56 40 48 44 19 6 2 3 5 17
21 43 41 52 18 17 18 14 29 35 20 22 34 33 28 14 18 18 36 35 20 25 34 20 28 25 20 37 21 22 37 32 36 30 20 24 19 40 18 51 35 25 17 7 4 3 15 18 67 59 31 26 59 30 15 36 45 60 52 39 46 26 15 10 11 7 3 3 8 8 18 29 37 13 20 25 14 27 51 55 70 82 50 76 57 54 42 43 36 32 20 14 3 2 2 4
6 6 4 6 8 8 29 22 39 19 24 13 22 43 14 5 12 18 20 17 9 7 7 19 26 21 15 21 25 30 29 33 17 23 17 8 29 19 32 49 25 27 41 18 19 8 6 19 24 46 30 41 32 15 19 32 34 28 23 13 11 8 4 2 3 1 8 20 30 22 38 48 46 32 43 31 19 39 59 60 84 68 53 45 31 6 6 27 11 13 9 4 4 1 1 6
7 15 11 22 16 24 13 21 24 23 7 10 19 22 28 25 32 13 12 12 15 4 8 24 47 35 21 18 27 15 13 31 63 29 17 12 27 16 52 15 37 20 27 25 14 8 12 15 10 22 31 26 11 20 19 17 46 17 11 8 5 15 16 23 10 16 26 43 42 39 40 56 39 38 48 40 31 45 63 73 73 55 34 28 18 9 8 8 14 5 4 3 2 1 1 1
5 7 7 15 30 6 8 10 10 17 14 10 29 21 52 30 22 37 28 20 47 19 24 23 40 45 20 41 13 21 28 21 52 52 30 19 21 34 32 13 15 15 23 28 10 18 12 7 9 13 15 22 19 20 21 19 11 5 5 20 18 34 34 33 23 25 42 49 63 61 44 58 59 59 44 58 56 59 62 65 58 70 43 25 13 14 10 4 21 8 3 1 0 1 1 2
7 5 8 13 6 6 6 15 25 16 21 28 25 18 15 17 59 56 28 31 33 25 38 17 24 37 46 29 13 14 11 15 19 17 27 38 9 14 37 29 24 30 20 13 22 15 16 14 9 13 17 20 32 25 14 11 14 20 28 48 39 38 52 39 31 46 50 49 64 46 54 63 75 44 49 55 63 69 79 57 27 21 24 28 19 11 6 4 3 4 2 1 1 1 1 1
5 9 11 7 3 27 21 14 36 53 58 51 47 57 25 14 18 41 32 43 8 25 46 18 23 20 32 45 25 42 25 20 15 17 33 47 16 29 34 40 33 7 7 14 11 15 7 6 13 18 18 33 27 19 25 16 24 27 48 43 39 39 50 39 35 44 53 37 65 56 44 71 56 43 51 73 62 66 28 81 57 54 24 16 18 14 8 7 3 2 1 1 0 0 0 0
4 5 7 5 4 4 9 17 20 31 39 60 46 43 55 14 26 24 15 15 17 39 46 23 11 15 8 22 13 17 14 15 24 23 36 32 16 31 39 37 25 12 5 5 10 11 13 26 14 15 30 22 17 36 21 21 31 50 48 53 46 44 47 34 38 61 62 47 66 61 60 61 78 75 59 62 71 66 28 25 50 58 38 28 12 7 7 7 3 2 1 0 0 1 1 0
4 4 19 4 14 3 7 7 15 23 8 10 9 9 16 27 25 24 53 18 29 43 23 29 7 28 10 28 12 8 16 19 19 17 24 19 20 21 29 31 23 11 3 8 11 12 17 18 18 19 22 35 25 21 20 33 46 43 41 43 40 31 49 46 48 66 60 63 64 85 74 67 62 74 25 24 17 54 56 34 19 39 23 14 10 7 8 2 1 3 2 1 1 0 0 0
4 14 11 36 3 37 31 3 14 9 21 10 30 17 25 19 24 17 16 18 11 27 10 15 11 8 10 13 6 16 18 13 14 16 18 12 16 12 17 28 19 15 16 21 30 12 22 14 28 38 35 49 36 21 35 37 39 49 31 36 57 43 55 59 48 66 53 74 35 54 82 80 76 64 75 56 39 18 12 27 21 13 28 22 18 12 11 14 4 1 1 1 1 0 0 0
29 12 4 13 29 12 6 14 13 14 8 17 10 10 31 15 15 3 14 20 16 6 11 13 8 5 7 2 6 3 5 10 10 30 8 9 10 14 14 6 10 19 7 12 10 19 8 20 32 43 38 39 33 32 30 49 39 47 43 38 46 55 44 50 61 67 46 46 79 34 77 80 58 76 79 82 64 58 56 40 33 24 9 5 12 15 8 8 3 2 1 0 1 0 0 0
16 58 15 28 5 9 6 11 7 6 20 6 9 26 35 43 48 13 12 28 13 8 3 5 13 4 4 4 3 2 3 10 11 12 5 8 7 7 21 15 10 19 9 39 18 19 19 16 36 41 28 26 28 28 27 32 53 45 39 61 57 69 49 45 59 22 40 41 38 52 38 72 46 60 77 80 79 87 71 55 56 65 60 38 9 7 8 7 3 1 1 0 0 0 0 0
5 12 7 8 15 15 7 5 6 8 14 7 25 9 7 9 7 12 12 15 25 6 11 8 7 3 3 1 3 4 4 7 5 5 6 4 7 13 19 13 8 8 17 37 8 27 19 22 26 47 19 23 25 26 25 30 44 51 38 51 67 38 38 71 73 64 44 32 19 7 18 20 35 35 65 73 67 73 77 58 75 61 48 18 12 13 11 6 7 2 1 1 0 0 0 0
4 6 14 11 9 11 9 4 2 8 1 2 6 7 34 16 29 9 9 10 14 5 4 6 5 4 5 2 1 2 4 3 4 7 1 2 4 15 8 7 5 9 10 20 18 14 18 22 27 23 13 25 17 20 29 21 44 57 60 55 55 68 25 10 9 15 20 40 36 28 14 12 7 20 34 59 49 71 83 45 61 78 48 29 21 10 8 7 5 2 1 1 1 0 0 0
2 15 8 4 5 6 4 3 1 2 2 3 3 10 11 8 12 11 10 11 6 11 3 8 4 4 6 1 1 3 1 2 5 3 4 7 8 16 2 2 6 11 10 15 13 10 11 12 16 10 23 34 28 36 35 33 49 41 43 28 31 61 21 21 42 57 63 50 50 39 34 45 17 6 13 44 38 65 78 62 47 43 39 27 15 13 11 8 5 3 2 2 1 0 0 0
2 4 5 5 5 4 3 1 1 0 1 2 5 2 4 7 6 8 3 1 1 1 2 1 1 5 3 1 2 2 1 1 3 2 1 2 4 5 4 5 6 7 15 16 6 7 11 9 17 19 40 66 44 68 63 77 60 46 54 29 20 7 66 42 15 53 69 49 54 56 59 41 21 19 9 9 12 29 63 39 28 13 9 19 5 10 4 4 4 4 3 2 1 1 0 0
4 1 1 3 1 2 1 0 0 0 0 0 0 1 4 2 1 2 3 1 1 1 1 1 0 1 1 1 2 1 0 0 0 1 1 1 4 3 2 4 8 21 46 66 34 36 25 21 20 12 66 28 73 64 46 56 35 38 52 65 20 17 18 78 28 30 42 67 47 42 66 69 74 44 31 12 6 3 4 4 6 6 5 11 12 3 3 2 1 3 1 1 1 1 0 0
0 0 1 0 1 0 0 0 0 0 2 0 0 0 0 2 1 1 1 1 1 1 1 1 0 0 1 1 1 0 0 0 0 3 13 13 16 26 36 43 42 59 28 66 45 54 57 8 29 53 22 21 56 47 55 61 38 65 70 48 42 27 13 53 71 26 9 35 64 75 61 59 35 33 42 34 14 5 7 2 7 6 5 3 9 8 2 2 1 1 1 0 0 0 0 0
0 0 0 0 0 0 1 6 11 1 2 2 6 0 0 1 1 0 0 0 0 0 0 0 0 0 2 2 2 0 0 0 0 0 1 9 18 38 28 34 35 63 36 39 63 58 61 22 15 21 74 47 19 44 15 31 28 64 78 60 55 39 25 31 83 36 36 18 44 59 81 25 13 25 28 44 32 26 18 11 5 4 2 3 3 6 3 1 1 0 1 1 0 0 0 0
0 1 1 1 1 4 7 2 4 4 5 2 2 1 1 0 0 0 0 0 0 0 2 1 4 4 1 1 2 0 0 2 1 1 2 2 4 31 43 42 32 31 23 23 54 67 79 78 22 26 46 53 32 21 45 13 47 52 77 70 21 32 24 13 81 56 25 24 26 76 77 85 48 36 26 18 13 10 7 8 13 10 5 2 2 1 4 2 1 1 0 1 1 0 0 0
3 2 1 11 5 7 10 19 14 14 4 4 5 2 1 0 0 0 0 0 0 0 0 0 1 1 4 3 1 1 1 1 1 3 1 2 8 29 40 61 39 20 13 21 34 70 80 82 83 79 25 34 32 33 24 13 33 58 66 70 25 34 37 30 57 87 59 38 22 13 19 47 22 24 18 39 26 9 6 5 4 4 6 5 2 1 1 2 1 1 0 1 0 0 0 0
3 5 7 8 17 16 23 9 27 23 9 18 12 4 14 6 4 1 0 0 0 0 0 0 0 0 1 5 1 0 1 1 3 2 5 5 5 5 3 2 43 40 12 27 19 24 51 59 78 85 74 43 45 58 34 52 35 64 76 61 64 23 43 38 30 82 90 69 49 20 12 14 48 29 19 17 24 25 10 7 3 3 3 5 3 1 0 2 1 1 0 0 0 0 0 0
0 1 1 13 25 16 50 60 59 55 35 27 12 21 33 19 7 3 5 1 1 0 0 0 1 2 5 1 1 1 1 3 6 3 5 9 9 8 7 7 7 16 15 16 11 24 61 33 69 77 87 52 46 45 60 56 11 58 71 68 65 49 38 32 20 73 80 82 57 51 11 5 33 53 25 6 8 6 11 3 5 3 3 2 3 1 1 1 1 1 1 0 0 0 0 0
1 2 3 30 33 53 63 58 54 75 77 42 50 42 40 30 12 18 11 5 2 0 1 2 5 19 15 2 1 2 2 3 2 4 3 7 7 11 17 10 7 8 8 6 23 28 46 37 11 63 78 84 45 35 47 22 19 16 45 55 84 77 21 25 49 59 60 80 34 48 35 7 9 32 23 16 8 8 12 8 4 4 1 1 1 2 1 0 0 1 0 0 0 0 0 0
1 1 1 1 1 3 13 20 25 10 37 66 81 64 57 25 19 35 13 8 12 1 2 1 1 1 16 25 4 1 3 4 4 8 7 5 11 11 20 11 18 28 23 18 14 9 57 60 43 31 54 76 63 34 15 13 35 13 21 53 49 44 33 28 32 45 29 77 31 37 25 28 4 16 18 25 16 13 12 8 7 4 1 1 0 1 1 0 0 0 0 0 0 0 0 0
0 1 1 5 8 12 50 17 19 14 18 20 62 79 80 54 44 39 11 21 5 10 3 8 6 2 1 2 4 2 1 3 6 15 4 5 5 9 19 17 15 18 13 15 28 28 28 11 39 65 36 47 14 17 10 25 21 32 25 28 53 58 44 34 15 20 18 62 67 22 11 20 18 5 10 8 16 7 5 3 4 3 2 2 0 1 0 0 1 0 0 0 0 0 0 0
0 1 1 1 3 3 10 13 9 20 12 3 11 38 65 76 72 16 3 2 3 15 7 16 7 6 5 2 2 4 2 28 19 6 32 11 12 16 20 13 19 32 44 30 38 26 35 20 23 21 70 43 37 25 19 15 26 32 23 27 46 65 48 30 26 20 30 47 66 44 17 9 25 15 8 2 3 9 6 5 2 2 2 1 1 0 0 0 0 0 0 0 0 0 0 0
1 0 1 2 5 7 4 5 7 13 19 12 32 11 11 17 25 11 4 8 21 3 5 11 41 35 4 5 3 31 10 11 36 27 46 15 57 20 14 14 18 21 20 33 27 33 33 23 25 30 29 40 26 26 31 23 20 31 15 7 17 25 39 36 36 27 23 30 40 43 24 25 28 12 13 5 2 6 5 2 3 1 1 1 0 0 0 0 0 0 0 0 0 0 0 0
8 1 7 1 2 4 4 8 12 23 14 18 5 19 31 16 22 15 5 13 2 10 11 7 3 11 14 22 20 4 10 25 22 10 14 16 7 43 12 21 22 30 14 20 15 17 17 27 33 39 22 12 44 45 33 42 26 22 21 21 11 20 40 23 20 20 13 17 24 40 12 13 11 7 7 5 2 2 3 4 2 1 1 0 0 0 0 0 0 0 0 0 0 0 0 0
14 13 1 1 5 2 15 34 6 6 16 14 12 33 11 21 7 6 3 2 4 8 8 10 9 6 8 11 5 10 4 34 12 30 23 39 6 17 31 9 15 28 22 35 34 14 21 26 22 38 17 30 8 20 20 52 20 26 21 33 21 19 9 8 6 2 2 5 9 9 6 2 10 6 4 9 6 3 4 2 1 1 1 1 0 0 0 0 0 0 0 0 0 0 0 0
13 11 37 4 3 16 1 2 23 22 4 19 7 29 11 17 14 6 5 12 18 24 10 5 11 15 11 15 39 39 25 5 6 10 24 15 13 4 48 26 25 19 10 14 34 28 21 14 26 37 29 10 47 31 22 50 33 12 22 10 11 17 10 7 3 2 1 1 5 10 8 3 3 6 5 7 5 3 8 3 1 1 0 0 0 0 0 0 0 0 0 0 0 0 0 0
5 15 26 12 2 1 12 4 1 4 12 8 3 7 18 10 5 3 5 7 16 15 35 22 18 19 17 17 52 61 29 17 8 20 30 22 37 15 4 50 18 29 28 25 15 14 21 29 26 33 16 7 16 8 6 25 16 13 13 6 7 13 8 8 6 3 2 1 1 3 5 3 6 6 7 8 9 5 2 2 1 0 0 0 0 0 0 0 0 0 0 0 0 0 0 0
23 11 42 17 26 6 2 36 5 12 35 7 21 16 7 27 6 4 5 5 5 14 21 21 19 26 25 24 38 72 68 44 16 13 58 38 39 24 10 24 59 19 19 52 30 31 25 34 35 20 14 6 5 7 6 8 15 10 7 4 4 4 6 9 3 4 2 1 1 0 1 2 2 1 1 2 3 5 2 1 1 0 0 0 0 0 0 0 0 0 0 0 0 0 0 0
27 18 13 31 11 15 22 5 49 23 39 59 30 36 21 9 8 8 9 30 9 24 46 30 21 24 29 22 14 18 62 48 31 20 21 51 28 21 15 10 15 42 15 12 15 19 22 33 52 31 43 16 9 8 6 5 6 5 4 13 4 2 2 2 1 1 1 1 0 0 0 0 0 0 0 1 1 1 2 1 1 0 0 0 0 0 0 0 0 0 0 0 0 0 0 0
8 40 27 36 26 33 51 37 18 15 7 5 10 7 11 31 17 9 22 4 40 14 55 57 22 28 32 21 12 5 11 38 55 29 11 31 38 16 37 26 20 11 34 35 20 19 36 25 40 23 46 18 9 7 6 4 4 3 2 5 6 3 1 1 0 1 1 1 0 0 0 0 0 0 0 0 1 0 1 0 1 0 0 0 0 0 0 0 0 0 0 0 0 0 0 0
8 8 2 16 18 2 5 3 18 11 28 27 30 31 14 17 31 25 24 19 14 10 49 76 46 38 37 39 21 6 6 7 49 28 33 27 46 15 38 42 28 13 10 35 25 34 27 26 35 15 5 6 12 10 8 7 2 1 1 1 2 1 1 0 1 0 1 0 0 0 0 0 0 0 0 0 0 0 1 0 0 0 0 0 0 0 0 0 0 0 0 0 0 0 0 0
6 10 7 3 3 9 6 6 6 17 10 15 12 6 13 30 10 8 16 32 17 65 34 61 63 40 51 41 44 18 8 11 8 26 32 36 45 17 40 25 29 31 23 18 34 23 25 40 33 26 19 9 11 5 4 4 2 1 0 0 0 0 0 0 0 0 0 0 0 0 0 0 0 0 0 0 0 0 0 0 0 0 0 0 0 0 0 0 0 0 0 0 0 0 0 0
11 9 7 4 8 16 8 5 10 11 5 8 12 5 14 19 12 16 9 12 52 34 24 24 74 38 13 12 12 8 11 5 12 5 12 18 83 62 28 38 27 14 23 25 16 30 19 22 45 39 35 16 10 5 4 3 1 0 0 1 2 2 1 1 1 1 0 0 0 0 0 0 0 0 0 0 0 0 0 0 0 0 0 0 0 0 0 0 0 0 0 0 0 0 0 0
4 3 3 2 1 4 3 5 2 1 8 6 11 3 6 14 8 14 23 60 32 23 40 48 72 58 21 16 16 20 17 18 7 11 13 8 6 8 26 24 17 31 12 24 20 33 35 22 44 27 33 29 16 8 4 1 1 1 1 2 4 8 7 4 1 1 1 0 0 0 0 0 0 0 0 0 0 0 0 0 0 0 0 0 0 0 0 0 0 0 0 0 0 0 0 0
2 1 3 1 3 2 2 2 1 1 1 2 7 6 5 6 5 15 21 14 18 21 10 5 12 11 8 12 31 36 18 41 32 13 10 7 8 8 7 20 16 34 24 12 32 23 37 28 23 13 17 16 10 7 2 3 2 2 5 7 11 10 6 6 3 1 2 2 1 1 1 1 0 0 0 0 0 0 0 0 0 0 0 0 0 0 0 0 0 0 0 0 0 0 0 0
2 1 2 0 1 1 3 5 17 15 13 1 2 5 5 2 5 15 40 23 34 10 19 12 9 13 36 21 25 30 45 31 20 22 26 5 3 4 8 12 10 18 27 28 29 27 18 14 32 15 11 9 5 3 4 7 3 8 12 9 16 12 12 9 5 4 4 5 6 3 2 1 0 0 0 0 0 0 0 0 0 0 0 0 0 0 0 0 0 0 0 0 0 0 0 0
0 1 0 0 3 4 1 10 30 38 21 19 7 2 5 8 8 23 27 13 7 11 24 18 15 17 28 14 7 20 19 13 6 12 25 14 6 5 11 7 5 9 9 11 17 19 19 12 20 14 6 3 6 7 13 13 12 16 20 20 11 18 19 14 20 8 9 8 7 7 1 1 0 0 1 0 1 0 0 0 0 0 0 0 0 0 0 0 0 0 0 0 0 0 0 0
0 1 2 3 3 3 9 7 2 11 30 30 20 34 34 30 57 22 20 30 7 5 23 13 17 25 14 13 8 13 19 20 21 17 25 13 9 21 21 7 4 21 11 17 12 7 19 9 9 6 5 8 14 22 22 27 17 15 16 19 14 24 28 34 28 20 13 10 10 6 3 3 4 2 1 1 0 0 0 0 0 0 0 0 0 0 0 0 0 0 0 0 0 0 0 0
1 0 0 1 11 9 18 53 45 25 27 57 45 34 59 39 73 72 67 42 16 35 4 6 6 6 24 27 27 38 12 52 53 23 8 12 4 16 15 9 26 13 12 11 14 9 12 10 8 8 16 17 31 45 45 31 39 23 28 27 19 35 35 37 29 23 15 14 12 12 7 2 1 0 0 0 1 0 0 0 0 0 0 0 0 0 0 0 0 0 0 0 0 0 0 0
2 3 10 1 1 13 32 48 61 19 19 66 24 24 54 32 30 14 30 47 12 21 12 11 7 14 19 29 30 49 22 15 15 39 20 18 7 28 13 12 18 26 23 22 24 34 34 27 8 29 42 35 42 55 59 56 28 18 51 36 29 36 37 27 36 39 7 26 24 12 7 4 2 1 0 1 3 1 0 0 0 0 0 0 0 0 0 0 0 0 0 0 0 0 0 0
13 3 5 22 7 3 4 11 14 49 11 53 27 32 48 18 7 12 25 14 10 5 16 8 14 25 26 13 9 32 22 16 9 7 10 9 22 26 12 10 39 42 23 51 44 25 25 14 14 37 57 49 50 78 47 40 37 19 65 33 29 37 51 52 37 31 24 29 12 6 6 4 3 4 1 2 2 1 1 0 0 0 0 0 0 0 0 0 0 0 0 0 0 0 0 0
32 33 6 26 23 43 41 22 7 8 34 73 55 13 60 17 21 14 26 15 8 7 27 12 23 19 22 21 18 15 10 13 14 20 26 16 33 6 12 22 38 38 52 56 36 19 12 20 38 30 47 65 76 45 32 45 43 28 70 38 63 29 54 31 29 60 36 18 28 12 6 6 15 10 2 0 1 2 1 0 0 0 0 0 0 0 0 0 0 0 0 0 0 0 0 0
23 38 46 31 35 73 48 76 52 5 24 61 6 16 49 36 22 9 41 5 6 6 14 8 34 24 13 10 12 4 3 12 25 15 36 11 41 9 30 25 54 56 66 34 31 23 22 42 49 43 40 65 65 41 50 63 54 39 74 70 45 55 46 55 69 50 41 32 19 8 9 35 12 1 2 3 1 1 1 1 0 0 0 0 0 0 0 0 0 0 0 0 0 0 0 1
40 59 58 68 68 68 74 80 62 28 23 24 30 8 46 29 20 12 8 5 5 8 22 10 17 14 13 29 22 22 24 27 17 8 12 23 54 24 29 37 64 64 50 34 19 34 34 62 68 46 41 60 48 34 47 71 38 64 64 62 68 33 47 78 76 49 40 23 28 28 18 15 8 5 4 1 1 1 1 0 0 0 0 0 0 0 0 0 0 0 0 0 0 0 1 3
4 59 74 53 75 21 52 68 68 66 56 61 39 7 48 67 37 11 14 10 5 13 19 12 9 14 25 7 10 11 4 10 8 24 53 31 48 20 21 37 62 44 29 14 28 51 43 49 72 51 55 59 27 50 69 61 30 60 44 75 62 67 75 68 54 38 44 23 11 4 4 3 1 1 1 0 0 0 0 0 0 0 0 0 0 0 0 0 0 0 0 0 0 0 1 2
13 16 36 11 6 7 12 10 16 6 10 24 56 12 7 43 61 41 28 20 10 9 6 9 24 6 13 14 37 34 7 17 20 26 64 59 69 32 22 45 42 22 15 33 54 52 44 47 71 45 60 71 59 62 78 57 61 34 59 67 45 69 60 25 12 13 9 15 26 20 18 11 12 3 1 0 0 0 0 0 0 0 0 0 0 0 0 0 0 0 0 0 0 1 2 3
12 12 5 8 15 36 44 14 20 3 9 8 4 2 9 5 9 13 6 4 4 20 9 13 5 24 18 27 14 23 23 47 33 36 59 65 47 39 36 50 25 25 29 48 56 50 58 35 57 66 63 82 87 69 69 83 84 67 83 82 81 87 68 74 52 44 42 33 17 5 7 5 3 2 2 2 1 1 0 0 0 0 0 0 0 0 0 0 0 0 0 0 0 0 1 6
19 25 18 19 33 42 51 37 13 11 19 11 13 10 9 13 11 4 3 5 8 25 8 10 21 24 10 52 43 31 44 55 42 44 63 29 18 31 16 47 37 29 33 44 55 60 65 51 60 73 65 77 76 76 31 47 81 87 86 72 30 23 47 40 69 44 31 41 13 6 4 4 5 2 1 1 0 0 0 0 0 0 0 0 0 0 0 1 1 0 0 0 0 1 2 3
13 3 16 21 32 30 43 25 5 12 11 16 34 25 11 12 5 8 7 7 2 5 37 24 13 4 11 28 33 26 24 37 52 28 54 16 28 21 7 47 32 34 45 56 52 67 75 59 79 85 60 42 44 35 24 26 64 72 65 41 55 41 38 47 36 30 26 13 21 11 10 3 3 2 1 1 1 0 0 0 0 0 0 0 0 0 1 1 2 1 1 0 0 2 4 4
