sesion_6_simulaciones/modelos_agentes/ejemplos_netlogo/scenarios/cgcm2_a2/rob_2056.asc
NCOLS 322 
NROWS 307 
XLLCORNER 451900 
YLLCORNER 4086900 
CELLSIZE 100 
NODATA_value -9999 
[rows 219 to 291 of 307, columns 192 to 287 of 322]
20 19 8 5 4 4 3 4 1 1 1 1 0 0 0 0 0 0 0 1 1 1 1 1 1 0 1 1 2 2 2 5 15 32 63 62 43 57 47 36 46 47 48 45 37 27 17 49 38 21 24 20 20 23 4 37 24 9 9 22 40 51 44 79 76 81 81 49 29 26 63 69 83 48 8 4 2 0 0 0 0 0 0 0 0 0 1 1 1 2 2 6 4 8 13 10
28 13 12 23 17 8 5 3 2 1 0 0 0 0 0 0 0 0 0 1 2 1 1 2 2 1 1 3 3 4 5 3 14 28 49 37 57 43 43 36 47 45 34 51 32 19 20 15 20 11 28 19 11 13 20 7 5 11 8 36 59 57 53 82 89 80 81 90 78 54 44 47 61 36 29 9 3 0 0 0 0 0 0 0 1 1 1 1 2 2 3 4 8 7 10 22
9 4 2 13 8 4 4 1 1 0 0 0 0 0 0 0 0 0 1 1 3 5 3 4 3 2 3 4 5 5 6 7 9 25 32 29 24 37 42 36 56 48 49 60 39 34 30 22 28 10 35 15 7 5 19 23 2 5 23 25 39 29 19 59 84 70 74 85 91 79 31 15 8 13 16 1 0 0 0 0 0 0 0 0 0 1 0 1 1 2 4 3 4 5 12 17
5 5 3 1 9 5 3 1 1 0 0 0 0 0 0 0 0 0 0 1 1 4 15 11 6 8 6 6 15 17 7 10 30 26 26 19 28 45 40 41 42 33 35 56 31 38 38 19 25 32 23 21 7 6 8 7 7 22 47 47 33 31 41 27 65 82 74 70 81 85 55 36 13 3 2 0 0 0 0 0 0 0 0 0 0 1 0 0 1 2 4 5 7 7 9 7
20 20 14 10 4 2 2 2 1 0 0 0 0 0 0 0 0 0 0 1 3 7 16 25 13 14 16 12 21 24 15 19 31 33 33 20 32 26 32 33 37 29 37 55 39 25 38 22 28 22 17 8 9 7 4 4 6 16 18 21 19 33 42 32 44 69 65 61 76 79 58 27 12 4 1 0 1 0 0 0 1 0 0 0 1 1 1 1 1 2 3 4 7 9 10 13
24 17 17 10 6 4 3 1 1 0 0 0 0 0 0 0 1 1 1 2 3 11 21 35 31 20 20 27 27 42 41 26 28 29 34 23 34 15 31 30 22 28 33 54 61 24 36 31 15 10 13 11 13 4 2 6 8 21 11 28 32 38 44 46 25 34 11 7 17 63 70 28 8 1 1 1 1 1 0 0 1 0 0 0 0 1 1 1 2 2 4 7 7 10 12 27
12 10 8 6 3 2 1 1 1 0 0 0 0 0 0 1 2 2 2 2 4 7 14 29 40 39 31 33 31 46 73 52 35 35 20 23 28 24 43 24 19 20 30 34 50 46 15 24 7 6 5 3 9 6 1 5 7 8 16 34 45 43 58 49 27 34 22 27 10 10 40 18 5 4 2 3 2 1 1 0 1 1 1 0 0 0 1 1 2 2 3 8 9 9 14 20
12 8 7 3 1 1 1 1 0 0 0 0 0 0 0 1 1 3 5 7 4 8 19 22 41 67 45 42 43 32 50 63 34 43 34 37 42 40 26 25 15 20 19 20 23 30 19 38 22 5 20 13 5 3 1 4 20 19 25 35 57 52 47 34 28 30 38 49 25 16 14 4 7 5 5 5 2 1 1 0 1 1 1 0 1 1 1 1 1 2 2 3 8 12 11 18
9 13 9 6 4 3 1 1 1 0 0 0 0 0 1 1 3 2 7 14 15 21 21 26 40 66 75 50 64 41 48 60 44 30 50 50 38 33 33 29 8 14 12 20 28 30 37 49 49 14 11 9 6 2 3 4 11 12 27 47 53 40 35 26 54 46 54 47 28 21 7 6 7 10 7 7 5 3 1 0 1 1 1 0 1 1 1 1 1 1 2 4 5 6 13 19
14 7 4 3 2 1 1 0 0 0 0 0 0 0 2 1 1 3 9 16 30 44 59 43 45 57 81 44 63 41 43 60 25 27 47 48 49 44 33 30 19 19 16 13 31 34 30 44 33 29 16 10 6 4 14 25 19 32 46 63 43 25 30 46 76 68 47 33 28 16 15 14 17 14 17 9 6 4 1 0 1 2 2 1 2 1 1 2 1 2 3 5 6 7 8 19
15 8 4 2 1 1 1 0 0 0 0 0 0 1 1 1 1 3 5 10 16 35 58 72 62 55 69 67 75 45 64 38 24 23 34 51 50 51 27 28 28 29 18 17 22 33 35 30 21 16 19 18 7 10 12 13 27 18 35 11 23 47 50 77 72 54 41 30 37 37 30 28 24 28 12 7 5 3 1 0 0 3 4 2 2 2 3 3 1 2 3 4 11 12 16 22
4 5 3 1 1 1 1 0 0 0 0 0 0 1 1 1 5 2 5 8 23 32 53 53 70 66 73 76 68 40 54 28 23 49 33 47 49 34 30 38 38 38 17 18 40 37 44 31 32 12 10 7 6 2 6 4 60 32 15 28 41 44 54 48 32 30 32 35 28 35 48 47 32 11 4 3 2 1 0 0 0 1 5 3 2 2 7 10 2 2 2 6 8 7 15 20
1 1 2 1 1 1 1 0 0 0 0 0 0 1 2 4 4 4 9 18 21 34 53 63 57 61 66 62 62 61 70 37 27 38 48 36 45 38 32 32 35 23 27 17 19 24 37 37 28 17 6 7 3 5 10 12 4 71 71 43 26 14 32 30 42 38 29 21 14 41 73 49 23 10 4 2 1 0 0 0 0 1 3 2 5 3 6 7 11 3 3 7 8 13 11 19
2 1 0 1 1 1 0 0 0 0 0 0 1 1 4 5 3 5 14 16 19 46 63 69 54 57 65 55 73 81 50 39 39 54 32 47 44 41 38 36 33 29 46 14 26 27 34 27 14 5 17 6 8 8 14 36 23 22 33 38 19 39 24 28 27 34 34 14 26 44 48 26 18 14 4 1 0 0 0 1 1 1 1 9 6 2 1 3 16 3 4 9 10 11 9 12
1 1 1 1 1 1 0 0 0 0 0 0 0 1 2 3 6 11 18 39 26 29 68 58 71 57 60 63 22 78 51 45 37 52 43 31 37 46 38 36 36 28 53 15 15 53 32 24 20 10 18 6 7 23 33 10 37 38 20 10 21 12 21 28 28 29 20 54 45 20 33 17 11 8 4 1 1 1 1 1 2 2 2 3 4 6 3 7 10 11 9 5 6 21 13 13
3 2 2 1 1 0 0 0 0 0 0 0 0 1 1 2 4 9 20 37 52 58 76 60 71 68 69 60 65 59 78 44 34 43 38 17 23 40 44 49 34 16 33 39 9 24 23 43 18 15 17 11 7 18 13 15 8 10 15 30 24 28 26 41 20 23 39 21 15 26 22 16 10 3 1 1 1 1 2 1 2 2 3 4 9 13 4 5 10 11 33 14 5 9 26 21
1 2 1 1 0 0 0 0 0 0 0 0 0 0 1 2 3 9 19 32 52 44 58 20 38 59 59 22 21 41 70 30 39 73 37 33 40 47 26 9 20 8 33 38 9 28 40 21 6 12 18 13 8 13 11 6 25 29 45 29 14 21 48 60 43 36 56 55 49 34 20 12 4 2 1 1 2 1 4 1 2 3 4 4 11 9 19 6 12 8 3 20 9 8 11 18
1 1 1 0 0 0 0 0 0 0 0 0 0 0 0 1 3 5 14 27 33 24 23 50 43 42 28 30 45 41 56 54 54 56 52 46 41 35 36 17 24 23 25 40 8 17 28 21 8 7 7 12 9 13 4 13 29 11 17 23 28 48 57 62 64 61 44 32 43 31 45 20 7 2 1 0 1 4 4 2 3 4 6 3 5 11 8 23 17 17 10 24 14 3 8 9
2 1 1 0 0 0 0 0 0 0 0 0 0 1 0 0 2 5 6 7 14 48 48 41 48 54 46 33 38 46 41 39 52 50 33 38 34 36 41 14 38 29 21 39 7 10 26 15 20 17 5 4 14 13 8 14 17 14 39 27 53 40 42 72 81 52 46 23 48 23 15 12 2 2 2 2 2 5 5 5 9 4 6 5 5 4 9 24 40 47 10 10 16 8 13 24
1 1 0 0 0 0 0 0 0 0 1 1 1 1 1 1 1 2 3 10 17 26 38 30 25 37 49 33 42 29 38 43 42 64 37 48 31 46 27 31 16 23 12 28 7 6 13 12 11 16 14 5 8 2 8 5 5 22 28 24 36 28 55 65 68 75 46 19 11 13 8 2 1 3 5 5 3 3 10 9 15 8 6 6 8 8 4 4 5 15 35 31 21 13 15 24
1 0 0 0 0 0 0 0 0 0 1 1 2 2 1 1 3 3 2 8 16 28 25 36 42 51 37 28 35 32 17 21 41 28 23 56 18 36 24 22 21 21 51 30 10 11 21 28 9 5 5 5 1 10 3 6 14 42 41 68 68 52 37 46 46 31 36 36 18 10 3 1 2 7 4 10 4 4 10 17 12 18 11 9 9 7 13 9 8 10 22 18 18 51 18 29
0 0 0 0 0 0 0 0 0 1 1 1 2 2 2 2 4 5 6 5 12 7 15 18 22 35 26 19 26 26 33 30 18 14 8 45 21 46 16 24 17 15 48 31 22 12 37 17 17 10 4 14 5 15 10 18 24 11 30 36 42 37 23 34 49 38 45 20 22 10 5 1 4 5 6 12 14 5 7 11 17 24 14 21 12 5 8 15 4 2 5 5 7 26 30 21
0 0 0 0 0 0 0 0 0 1 1 2 2 3 6 3 5 11 8 16 29 30 43 47 49 43 40 52 52 35 47 59 54 28 40 30 46 35 15 17 12 9 8 30 15 6 11 14 12 8 11 20 32 40 76 62 65 56 60 39 41 42 48 59 48 38 29 20 15 7 2 1 4 6 12 12 14 12 12 22 16 29 18 25 14 8 8 15 22 6 11 12 8 5 7 12
1 0 0 0 0 1 1 1 1 1 1 2 1 4 7 4 2 3 16 28 43 38 49 62 68 72 68 61 78 65 41 39 32 21 10 11 21 21 26 16 17 4 6 22 7 6 6 12 5 9 2 2 3 5 17 32 78 79 55 55 44 41 22 54 42 30 27 18 5 3 1 1 5 8 6 10 14 22 17 24 16 10 35 31 19 9 10 23 20 10 12 18 16 27 35 44
1 0 0 1 1 1 1 1 1 1 1 1 3 4 5 10 2 2 5 12 30 51 28 53 52 66 68 52 11 28 44 28 17 15 20 27 27 12 29 7 14 5 2 12 8 10 3 3 2 6 5 4 5 5 6 7 21 53 72 77 82 43 38 29 25 24 24 20 14 4 2 5 11 11 11 13 34 26 27 28 28 11 14 44 28 11 11 15 16 12 21 11 23 28 40 48
0 0 1 1 1 2 2 2 2 2 1 1 2 5 4 8 5 2 5 10 19 26 20 43 34 31 27 18 14 15 25 20 18 25 20 11 18 29 21 3 9 11 2 5 6 2 1 8 5 4 13 7 13 18 19 26 32 51 43 34 48 78 61 47 41 38 38 21 12 4 3 11 15 22 21 16 29 38 28 21 20 20 8 29 41 22 22 10 26 14 25 25 17 32 32 25
0 1 1 1 2 2 2 3 2 2 1 2 3 4 7 4 13 2 2 2 7 7 16 19 26 38 33 37 41 27 38 18 19 30 23 17 16 10 4 5 8 11 43 14 3 4 2 4 6 4 15 20 10 25 45 24 22 21 26 19 21 38 60 57 49 31 32 20 7 2 6 15 15 22 26 26 18 45 34 44 25 36 26 25 61 29 41 17 28 25 26 41 28 28 26 35
0 1 1 2 3 3 3 3 4 4 2 2 3 6 10 9 8 3 3 7 5 5 15 18 27 34 39 34 34 50 44 43 35 53 15 11 13 16 14 11 24 22 5 5 19 6 3 3 3 23 36 7 21 22 19 23 39 36 45 30 27 25 26 30 33 26 18 16 6 4 7 17 17 27 24 21 21 31 42 49 37 25 39 25 62 22 26 31 20 44 28 30 30 22 24 24
1 2 3 2 3 2 2 5 7 7 2 1 4 4 15 31 3 4 3 12 14 17 12 16 23 23 35 22 27 37 37 29 24 24 25 24 18 23 21 11 5 4 2 1 2 7 9 3 24 44 6 4 7 32 29 27 26 36 25 25 33 25 26 18 18 16 14 8 6 7 15 19 18 21 21 22 28 33 46 39 37 33 37 51 64 23 28 33 21 45 30 15 38 16 9 20
2 2 3 5 4 3 4 6 12 11 3 2 3 7 13 15 5 7 4 11 18 19 19 11 13 11 25 29 29 36 25 22 25 24 21 20 19 14 12 14 7 4 3 2 3 1 2 15 4 17 5 7 8 8 18 73 43 46 38 36 29 26 23 19 15 14 12 6 6 6 14 17 13 20 19 32 41 27 31 54 43 49 49 49 61 41 47 21 47 43 13 23 34 14 18 23
3 3 4 11 5 3 3 7 9 21 5 2 5 8 13 23 12 7 7 18 25 37 20 25 25 9 16 21 24 21 29 17 23 22 21 12 10 5 7 8 14 13 10 6 6 8 8 2 1 3 7 19 23 24 32 17 30 34 49 48 38 26 22 20 17 15 11 6 3 12 17 18 25 22 37 32 29 41 28 24 40 42 38 54 28 84 49 20 35 39 10 24 20 36 21 28
5 8 5 13 8 4 5 9 11 16 3 3 7 9 17 19 22 3 15 23 27 42 26 28 29 38 23 19 13 13 15 26 40 26 9 21 8 20 10 10 11 14 5 4 3 4 2 2 5 11 17 16 28 26 41 11 10 12 13 28 25 30 26 27 23 22 17 8 3 14 15 16 25 30 37 16 28 21 42 20 28 25 38 24 51 75 32 22 52 20 12 24 21 34 36 33
5 5 11 12 11 9 5 7 15 30 5 8 10 17 17 27 5 4 17 22 36 45 51 31 53 34 36 33 21 21 14 46 53 28 29 17 13 18 11 8 14 4 6 2 4 4 3 3 3 12 12 11 27 36 31 11 23 33 33 39 38 35 37 41 33 32 21 9 4 17 19 16 36 25 31 46 42 30 18 33 22 32 35 41 33 57 50 39 44 22 20 30 16 19 9 44
2 4 14 15 12 12 8 10 18 20 6 12 16 34 40 15 4 4 18 23 27 50 46 51 34 36 54 39 34 32 33 38 51 41 30 32 29 15 28 13 6 8 2 2 1 3 3 3 3 6 8 16 23 20 36 32 34 43 44 49 53 57 43 35 24 17 19 5 8 20 27 22 39 41 30 32 44 31 33 11 44 13 20 42 45 58 65 75 39 22 33 26 32 35 24 50
6 6 17 22 27 16 10 13 25 26 6 9 21 40 25 6 3 10 17 22 39 43 45 46 49 38 48 41 53 49 49 33 17 21 28 26 24 10 17 15 14 8 3 3 6 3 2 6 2 2 4 8 24 41 30 29 48 52 53 36 57 38 20 27 30 22 10 6 6 17 38 23 34 41 46 35 46 29 36 28 21 43 21 9 12 37 57 69 33 46 36 30 27 47 20 21
6 9 11 15 39 25 11 15 22 28 6 7 22 41 16 7 5 12 25 25 25 31 37 42 63 35 40 38 31 50 50 34 36 25 23 12 18 17 22 12 9 5 4 5 10 5 4 5 1 1 3 14 26 19 45 55 26 34 24 27 23 22 36 38 22 20 18 6 9 11 41 28 29 30 36 44 36 33 17 30 17 46 28 21 12 10 30 46 49 70 40 35 28 43 13 18
7 18 13 11 20 39 15 20 36 11 8 9 17 48 24 9 5 17 23 25 39 50 46 59 54 47 26 32 50 41 22 49 64 46 18 17 12 13 18 11 5 7 7 4 4 2 3 2 6 4 8 12 18 33 45 33 49 27 35 37 33 31 29 24 25 23 12 7 7 15 17 46 28 26 31 33 49 45 30 50 20 18 30 25 19 16 17 33 50 53 37 38 32 36 19 28
9 13 28 23 11 28 10 24 56 12 12 23 32 38 13 11 2 9 29 32 49 39 43 60 57 50 44 17 13 15 20 18 22 8 9 15 25 13 12 19 11 6 4 3 2 1 1 2 8 8 11 15 23 31 51 51 54 40 35 46 35 42 44 28 28 27 12 10 11 28 30 29 49 24 27 31 55 45 31 26 34 18 14 40 31 17 22 22 42 43 54 36 30 21 31 16
11 15 31 40 19 44 12 24 58 28 14 34 38 24 11 3 3 6 14 33 51 52 41 41 46 63 41 18 23 17 19 19 24 16 11 6 13 17 18 15 7 6 2 3 3 1 3 1 0 1 11 10 10 24 27 22 23 47 47 42 47 27 30 30 24 24 22 5 14 29 33 30 36 13 35 33 34 49 59 49 45 25 18 16 34 20 15 29 45 78 66 31 21 18 32 15
13 15 18 45 21 39 21 20 29 37 18 42 37 9 3 6 10 15 25 40 38 41 49 27 38 44 59 24 16 17 25 22 22 20 15 21 12 14 7 3 3 6 3 2 4 2 2 1 3 4 6 16 53 38 25 56 50 70 47 34 44 44 43 42 39 24 21 12 18 33 28 42 55 23 23 47 36 52 42 36 54 19 27 28 54 19 11 17 15 37 55 28 27 12 47 29
12 13 11 29 53 28 41 19 48 23 49 24 9 4 11 11 18 13 47 53 28 37 40 41 20 30 53 57 24 26 15 23 18 9 7 8 11 6 4 3 4 2 1 1 2 1 2 1 4 4 4 14 13 30 43 45 31 56 30 26 32 38 40 37 23 20 15 27 27 32 36 44 12 31 40 47 41 29 43 30 67 24 27 19 28 41 27 29 36 33 47 22 44 14 25 40
27 16 13 18 28 44 47 26 63 35 32 8 5 11 14 23 24 16 19 18 33 35 39 54 46 29 26 12 29 41 13 22 11 9 14 16 16 8 7 5 3 3 5 3 1 0 1 1 2 5 9 12 23 17 30 30 32 33 23 8 22 31 33 29 18 14 15 27 29 31 36 50 17 16 8 15 39 50 69 21 56 40 26 28 17 14 50 23 33 37 28 47 14 16 28 40
19 29 20 16 16 30 58 31 32 13 9 3 8 15 29 37 36 14 19 22 33 38 29 11 18 13 16 34 8 14 28 41 22 26 7 16 5 7 6 1 2 2 1 1 1 4 1 1 2 5 10 7 8 16 21 27 22 39 28 32 43 34 34 22 30 30 17 30 29 33 29 46 16 29 17 22 22 16 39 27 23 48 27 33 18 35 39 10 30 44 49 38 12 17 15 18
22 32 23 31 40 48 48 29 31 9 12 10 14 29 30 37 44 27 30 30 34 36 25 18 15 20 17 10 13 26 11 16 17 46 14 26 5 4 4 4 3 2 2 2 1 1 1 1 3 6 14 6 8 15 28 13 32 55 61 54 45 33 35 35 31 27 30 41 30 31 31 38 20 32 29 23 34 29 33 50 15 49 24 46 14 13 36 6 14 20 47 28 9 17 18 40
23 37 29 36 44 55 47 12 7 4 15 14 26 32 32 43 29 54 44 30 33 32 28 33 31 25 23 12 15 32 10 11 4 5 6 16 19 13 8 16 8 6 3 2 2 1 0 2 6 6 11 4 6 16 19 25 41 71 31 36 49 31 36 30 27 27 36 47 29 30 32 32 30 31 40 25 33 30 30 27 39 72 36 42 28 8 45 20 8 11 29 37 17 19 15 5
24 45 45 39 70 53 12 9 13 16 29 25 22 36 34 48 20 32 62 20 36 25 16 22 32 30 12 18 20 23 43 12 8 4 4 3 3 2 4 12 13 4 5 3 2 2 1 1 4 4 4 5 9 13 31 35 37 41 37 26 45 38 27 10 32 17 20 53 31 30 42 30 43 28 39 32 29 33 27 21 28 13 54 48 39 11 18 15 6 7 13 41 14 23 27 22
27 37 65 55 67 14 15 13 16 28 32 31 42 55 18 43 19 30 35 56 20 41 14 12 18 31 31 24 20 15 7 17 8 8 6 4 4 3 3 4 5 2 2 2 1 0 1 2 2 3 4 4 5 11 24 43 18 39 63 52 25 21 16 8 42 27 28 49 36 26 45 30 55 37 35 39 24 25 37 23 16 12 38 30 38 13 7 35 8 10 16 35 30 27 15 19
17 39 66 77 45 8 15 27 31 31 48 55 28 36 22 21 41 18 32 30 20 29 19 17 19 25 19 37 20 23 25 14 20 11 9 6 4 3 3 4 4 2 1 1 1 1 1 5 2 3 3 3 6 15 32 32 60 38 33 49 27 17 6 16 22 47 29 30 38 24 35 26 46 39 23 37 35 22 23 36 29 9 16 42 50 16 4 22 14 9 18 11 47 27 13 55
20 44 70 50 8 11 31 29 22 52 37 66 21 40 21 18 26 63 16 33 43 27 36 14 14 26 31 21 21 33 18 15 33 6 9 6 5 6 1 4 3 1 3 3 2 2 4 3 3 5 7 10 11 11 18 30 39 33 37 31 29 16 8 22 18 29 25 27 40 24 27 33 26 45 22 23 51 20 22 26 38 10 19 22 37 16 7 13 19 13 9 7 8 20 17 13
21 51 52 28 13 20 30 33 21 38 20 60 23 42 45 16 42 62 11 39 56 15 48 13 13 28 32 32 11 8 38 6 6 15 21 10 2 5 2 4 2 1 1 1 1 1 2 3 5 7 5 5 4 8 10 18 26 32 23 43 29 17 15 23 31 35 16 21 35 34 20 18 13 32 21 20 29 27 20 17 7 7 24 15 33 14 8 5 16 24 4 10 23 20 29 4
19 47 43 33 16 20 37 53 17 24 24 47 17 32 58 23 35 60 18 18 30 28 33 16 13 14 14 26 25 20 7 10 4 4 1 18 11 3 2 2 1 2 2 2 2 2 1 2 4 8 6 10 7 13 11 17 9 19 25 16 13 24 22 24 21 30 32 22 26 31 12 21 12 21 24 19 28 10 8 22 9 9 9 11 38 39 10 5 11 20 3 6 19 26 26 11
42 41 52 20 17 24 27 35 17 26 24 30 32 18 49 16 13 48 20 14 13 12 52 28 11 9 12 12 14 15 28 14 3 8 1 2 12 2 1 2 1 4 4 4 1 2 1 2 3 8 11 6 7 4 6 17 27 47 28 12 6 20 21 21 22 22 50 14 25 34 11 18 18 23 39 3 19 21 9 8 16 7 7 8 13 35 6 5 7 21 5 5 7 34 58 37
74 42 14 15 23 23 24 30 16 48 29 13 35 15 59 14 13 30 21 10 13 25 41 18 8 12 9 22 21 19 12 12 8 11 1 3 3 7 1 1 3 4 2 3 2 2 1 0 2 6 8 14 11 7 13 18 27 45 38 14 7 35 20 13 20 19 34 19 12 36 18 9 10 37 27 9 8 9 25 5 13 24 10 10 44 23 3 12 1 33 12 4 3 3 7 11
14 7 16 13 21 24 38 36 26 39 21 14 64 11 14 39 17 43 23 8 10 17 18 42 14 16 7 17 21 17 10 5 8 19 3 3 2 17 1 1 1 2 1 1 1 2 2 2 3 10 10 7 25 10 10 9 9 33 38 7 10 19 22 11 23 18 17 30 12 41 23 12 14 12 30 9 8 14 12 11 4 3 24 8 12 25 7 21 3 15 34 5 13 8 5 4
30 14 36 26 21 24 44 21 49 30 10 15 40 16 16 41 10 16 44 6 18 14 10 31 7 16 13 10 12 13 16 12 2 7 3 3 2 2 6 2 1 2 2 3 2 1 1 3 6 8 16 14 3 8 12 2 11 18 13 5 15 41 27 10 8 32 10 25 9 14 54 8 19 18 11 13 11 10 20 12 12 6 7 12 3 23 28 19 5 8 60 5 6 5 11 3
51 26 14 27 27 31 24 21 42 19 16 18 12 15 14 21 11 10 39 12 16 12 5 12 18 14 13 7 8 7 9 8 10 2 3 8 2 2 3 5 1 3 2 3 2 2 2 1 7 2 2 1 2 7 8 25 19 9 14 11 7 30 15 11 11 18 30 8 26 7 28 7 14 29 4 7 28 5 9 12 19 7 5 2 3 3 22 27 6 5 27 9 6 4 8 6
77 35 20 18 19 24 10 22 36 8 22 16 14 15 10 24 11 11 23 7 7 20 6 3 2 6 6 3 14 20 8 7 11 1 2 0 4 1 2 15 1 1 1 2 2 1 3 2 19 5 3 2 3 4 18 34 15 3 4 19 8 7 22 9 18 10 42 6 41 5 16 16 9 13 5 20 9 7 5 6 8 11 9 4 3 3 2 3 19 23 15 11 6 3 10 6
50 15 9 22 12 13 12 13 32 7 13 10 11 29 9 28 10 29 11 6 5 15 9 4 4 5 6 6 8 8 18 17 2 2 1 1 1 4 1 17 1 1 1 2 1 1 3 1 1 2 4 6 1 10 21 21 13 7 3 24 12 9 4 20 17 15 29 6 30 10 6 9 15 27 7 5 9 3 7 2 2 7 3 4 3 2 3 1 2 3 24 7 3 4 9 6
62 15 42 16 17 11 11 11 10 7 14 13 6 34 32 6 17 13 16 13 11 5 10 8 10 13 7 10 4 4 5 4 3 2 1 1 1 1 2 5 1 0 1 1 1 1 1 4 1 1 2 3 6 28 25 17 12 11 3 7 16 7 12 9 12 28 15 18 4 17 28 4 23 36 8 2 6 2 4 2 6 4 6 6 1 1 1 2 2 1 3 8 6 1 8 2
46 29 10 10 11 13 18 11 13 6 8 8 12 20 17 5 6 7 7 2 8 6 8 11 17 11 8 11 10 2 2 3 12 5 1 1 3 1 0 2 3 0 1 1 1 4 2 1 1 1 1 2 9 15 19 11 3 9 9 4 16 6 9 10 4 10 6 8 4 7 26 5 13 15 1 2 3 6 4 3 1 8 1 2 4 0 0 1 2 2 4 1 10 2 4 1
6 29 6 12 11 9 13 8 31 6 7 7 7 2 14 7 7 3 12 5 4 7 8 8 9 4 9 14 10 1 3 3 4 5 4 2 1 2 0 0 4 0 1 1 0 5 9 1 1 1 2 6 10 12 20 6 4 10 7 8 21 7 3 4 8 5 5 14 4 6 17 8 27 7 1 3 1 0 2 5 1 3 2 2 5 1 2 1 1 1 1 2 4 4 6 1
12 49 6 7 4 10 12 12 5 10 7 5 8 3 7 4 6 3 28 7 2 4 6 23 4 4 6 10 9 2 3 2 6 3 5 2 1 1 2 0 4 0 0 0 1 1 1 2 0 3 3 6 11 17 8 2 5 9 6 9 20 10 15 5 4 10 4 13 3 4 3 6 20 1 1 1 1 1 3 2 2 1 0 3 3 3 3 2 1 1 1 0 1 7 2 1
12 38 17 2 4 5 15 9 5 13 6 3 2 4 3 6 2 10 3 2 3 6 8 4 10 4 3 3 4 3 2 6 5 3 2 2 1 2 2 1 5 0 1 1 1 1 3 7 4 1 5 16 21 18 2 5 8 11 7 9 5 15 5 15 8 3 3 6 2 4 5 11 5 6 3 3 0 3 5 2 4 1 0 1 2 5 3 1 1 1 1 1 0 1 3 2
4 19 21 2 8 3 7 12 3 8 5 2 1 4 2 9 2 6 4 6 2 2 6 6 5 3 2 3 4 7 1 2 3 5 3 1 1 3 1 2 3 1 0 1 1 1 0 5 7 6 12 18 18 3 6 10 11 9 6 10 11 8 3 7 12 1 2 2 4 1 4 5 3 8 3 3 2 5 3 1 6 8 1 2 1 1 2 1 1 1 0 1 1 4 1 3
5 9 16 3 4 1 3 2 4 4 5 1 0 2 3 20 3 2 3 1 3 5 5 6 3 1 1 1 3 3 2 3 6 2 1 0 1 2 2 1 1 1 1 1 1 1 2 21 14 29 34 32 2 3 5 4 6 8 6 7 13 3 8 5 5 12 24 2 1 1 1 10 1 6 6 4 3 6 5 3 4 13 2 3 1 1 2 2 4 4 1 1 8 1 1 5
4 4 18 5 6 2 2 3 1 5 4 3 1 2 1 4 3 2 3 2 3 3 2 2 2 1 6 1 2 5 2 2 5 4 1 1 2 1 1 1 0 1 0 1 7 18 35 15 17 22 8 1 3 4 7 5 6 5 4 3 3 2 5 3 1 10 2 0 0 2 2 2 6 2 6 4 4 5 10 4 5 7 1 4 1 1 1 1 1 2 2 3 1 3 4 10
4 2 1 18 2 1 0 1 0 2 8 2 2 1 1 4 1 1 4 1 1 2 2 1 1 2 1 1 0 4 1 2 2 2 1 1 1 1 0 1 0 0 0 16 11 12 40 49 15 3 1 2 3 4 4 3 5 5 4 1 0 0 4 7 10 14 1 1 0 4 6 2 3 1 6 2 6 2 4 2 2 6 2 4 2 3 0 0 1 0 0 1 2 1 5 9
3 3 1 18 0 2 2 1 3 0 3 1 1 2 2 7 1 2 3 2 1 1 1 4 0 1 0 4 0 1 1 2 3 2 1 1 3 1 0 0 1 20 28 29 42 9 22 52 28 0 2 3 2 3 1 3 3 3 3 0 0 3 12 11 13 3 2 5 4 2 7 6 1 1 2 3 9 5 13 22 22 8 2 2 4 2 3 0 1 1 1 1 1 2 8 5
2 2 1 19 1 0 1 1 5 0 1 3 1 1 1 4 1 2 3 1 1 1 1 3 0 1 1 1 2 2 1 2 2 1 1 2 1 1 1 4 15 29 50 35 49 58 49 25 0 1 4 2 2 3 1 2 4 5 2 1 1 4 9 5 3 2 3 3 3 3 4 13 19 2 1 2 3 5 7 4 2 5 5 9 5 4 1 1 2 0 2 1 1 3 11 2
2 1 1 4 3 5 1 1 4 1 1 3 0 1 0 1 1 1 2 1 0 0 0 2 0 1 2 1 3 1 1 1 1 2 1 2 1 0 2 6 4 2 24 54 59 38 1 1 2 1 1 1 2 2 1 1 1 15 2 4 2 2 1 6 5 2 4 4 2 8 10 9 1 2 2 5 5 5 5 4 4 4 5 3 4 1 2 1 1 0 1 2 1 1 7 2
1 1 1 1 4 1 1 0 2 0 0 1 1 0 0 0 1 0 2 1 1 0 0 0 1 1 2 1 1 1 2 1 2 1 1 1 1 0 2 4 1 10 7 4 2 1 4 5 3 2 1 1 1 0 1 2 1 3 3 2 1 2 1 2 1 1 1 4 12 17 3 1 2 3 3 3 9 4 16 5 6 5 4 3 4 1 1 1 2 0 2 1 1 1 1 0
1 1 1 0 5 0 0 1 3 1 0 0 2 0 0 0 0 0 1 1 0 0 0 1 2 1 1 1 0 1 1 1 1 1 1 1 1 1 5 5 28 25 6 1 3 4 1 1 2 0 1 0 1 0 1 2 1 6 2 1 1 1 2 2 0 1 2 10 7 0 1 0 1 3 9 7 4 5 2 4 4 3 3 5 1 1 1 2 1 0 5 1 1 1 1 0
0 0 1 2 1 0 1 0 1 0 0 0 1 0 0 0 0 0 0 1 0 0 0 0 1 1 1 1 0 1 0 1 1 1 0 1 2 1 3 2 3 8 1 3 4 2 2 3 5 2 1 0 0 0 1 3 0 2 1 1 1 1 2 1 0 1 4 5 0 0 0 2 1 1 2 7 5 9 1 2 3 3 3 2 2 1 1 1 2 0 1 1 0 0 0 0
