sesion_6_simulaciones/modelos_agentes/ejemplos_netlogo/scenarios/cgcm2_a2/rob_2049.asc
NCOLS 322 
NROWS 307 
XLLCORNER 451900 
YLLCORNER 4086900 
CELLSIZE 100 
NODATA_value -9999 
[rows 219 to 291 of 307, columns 96 to 191 of 322]
3 1 1 0 0 0 0 0 0 0 0 0 0 0 0 0 0 0 0 0 0 0 0 0 0 0 0 0 0 0 0 0 0 0 1 0 0 0 0 0 1 1 2 2 3 4 4 12 14 20 38 27 46 47 45 60 44 57 45 54 69 67 42 43 63 63 61 35 65 52 29 14 22 43 44 38 72 30 62 38 57 66 49 70 90 31 46 40 38 44 48 39 32 12 8 7
3 1 0 0 0 0 0 0 0 0 0 0 0 0 0 0 0 0 0 0 0 0 0 0 0 1 0 0 0 0 0 0 0 1 1 0 0 0 0 0 0 1 1 2 2 3 7 11 11 22 19 27 32 41 52 59 70 60 53 45 61 68 31 63 70 56 49 61 51 55 32 24 25 20 38 33 38 57 48 47 69 41 52 36 61 77 59 74 67 65 69 53 50 29 30 28
3 1 1 0 0 0 0 0 0 0 0 0 0 0 0 0 0 0 0 0 0 0 0 0 0 0 2 1 0 0 0 1 0 2 0 0 0 0 0 0 0 0 1 1 2 3 6 9 11 12 16 24 43 54 54 44 51 52 48 65 74 78 63 70 46 60 69 64 47 49 36 26 22 28 30 45 34 21 44 50 26 30 55 34 12 55 87 71 74 74 52 50 34 30 10 7
1 1 1 0 0 0 0 0 0 0 0 0 0 0 0 0 0 0 0 0 0 0 0 0 0 0 1 2 1 0 0 1 1 2 0 0 0 0 0 0 0 0 0 1 1 3 5 12 18 23 27 30 36 45 46 49 54 64 78 77 79 83 59 76 44 62 48 45 50 43 32 32 23 26 40 41 46 23 23 17 50 40 36 29 31 17 39 54 63 41 32 33 19 11 12 7
1 0 0 0 0 0 0 0 0 0 0 0 0 0 0 0 0 0 0 0 0 0 0 0 0 0 0 1 4 1 1 2 3 1 0 0 0 0 0 0 0 0 1 1 1 2 4 7 12 16 23 18 27 38 50 70 74 52 33 43 46 47 43 49 77 31 34 32 57 47 37 53 22 26 45 37 41 19 40 47 44 79 48 41 33 34 23 23 51 75 58 48 43 21 13 10
0 0 0 0 0 0 0 0 0 0 0 0 0 0 0 0 0 0 0 0 0 0 0 0 1 0 0 1 3 2 2 3 1 0 0 0 0 0 0 0 0 0 1 1 1 1 3 4 8 14 17 22 43 27 48 64 40 36 36 35 14 41 42 33 34 53 19 52 53 42 59 51 16 21 26 37 30 27 37 51 38 27 59 54 36 37 40 22 17 51 80 59 50 28 27 18
0 0 0 0 0 0 0 0 0 0 0 0 0 0 0 0 0 0 0 0 1 0 0 0 1 1 0 1 3 7 4 1 0 0 0 0 0 0 0 0 0 0 0 1 1 2 2 3 7 10 13 19 35 36 21 20 27 28 26 22 48 65 36 46 51 84 70 46 53 52 63 53 34 29 38 50 36 35 48 59 48 26 11 25 64 62 39 36 29 23 57 55 42 34 17 12
1 0 0 0 0 0 0 0 0 0 0 0 0 0 0 0 0 0 0 1 2 1 1 0 1 2 3 1 4 6 1 1 0 0 0 0 0 0 0 0 0 0 0 0 1 2 2 5 6 8 16 28 27 26 30 29 44 37 29 40 20 30 55 52 52 87 62 64 22 60 49 53 36 28 44 55 49 29 47 75 43 37 54 39 36 20 25 40 35 38 21 28 30 20 9 9
0 0 0 0 0 0 0 0 0 0 0 0 0 0 0 0 0 0 0 0 0 2 1 1 1 1 5 7 4 3 1 0 0 0 0 0 0 0 0 0 0 0 1 1 1 2 2 4 5 8 11 12 11 18 21 30 52 47 44 24 27 41 39 50 73 53 55 62 76 48 40 53 52 13 18 34 35 50 64 32 74 60 77 55 72 41 56 42 30 17 17 29 20 13 7 3
0 0 0 0 0 0 0 0 0 0 0 0 0 0 0 0 0 0 0 0 0 1 2 4 1 2 4 8 5 1 1 1 1 0 0 0 0 0 0 0 0 0 0 1 1 1 2 3 7 8 15 16 19 23 20 34 46 69 43 38 27 50 63 79 55 46 53 50 36 47 55 34 28 12 18 32 49 42 77 59 29 23 43 64 47 52 43 40 24 24 19 12 9 11 9 9
0 0 0 0 0 0 0 0 0 0 0 0 0 0 0 0 0 1 1 0 1 0 1 4 2 2 3 18 7 3 4 3 1 1 0 0 0 0 0 0 0 0 1 1 1 1 1 2 5 7 9 11 15 13 32 38 28 27 22 40 27 25 31 45 28 16 29 42 28 38 15 38 30 18 34 20 21 52 34 43 36 28 30 38 26 28 37 44 22 23 10 6 7 5 5 5
0 0 0 0 0 0 0 0 0 0 0 0 0 0 0 0 0 0 1 1 2 2 1 1 6 1 2 9 15 15 4 2 1 1 0 0 0 0 0 0 1 0 0 1 1 1 2 2 3 3 4 6 10 14 24 14 18 18 21 23 27 27 31 35 37 49 51 60 48 47 53 50 34 13 27 37 16 41 40 48 51 47 38 63 40 18 25 15 12 15 8 4 3 5 4 2
0 0 0 0 0 0 0 0 0 0 0 0 0 0 0 0 0 0 1 2 2 3 2 2 3 4 3 4 19 11 5 2 1 1 0 0 0 0 0 1 1 1 2 1 1 2 2 3 3 4 6 8 8 10 7 9 8 8 9 10 10 10 11 36 45 45 26 46 46 42 35 31 32 17 18 32 40 36 40 66 52 53 52 52 41 31 17 16 11 12 10 6 3 2 3 2
0 0 0 0 0 0 0 0 0 0 0 0 0 0 0 0 0 0 1 2 2 2 1 3 11 6 3 4 12 13 8 4 1 1 0 0 0 0 0 0 1 1 2 4 2 2 2 4 8 11 16 14 8 7 6 9 8 10 19 23 17 26 23 18 16 19 25 26 30 41 53 56 57 15 27 20 53 45 53 36 36 50 53 44 41 58 41 22 14 8 5 3 3 2 2 1
0 0 0 0 0 0 0 0 0 0 0 0 0 0 0 0 0 0 1 2 2 4 1 3 3 9 8 12 19 16 9 4 1 0 0 0 0 0 1 0 1 1 2 2 3 7 5 2 6 13 18 29 19 10 13 16 30 31 36 51 43 40 35 25 35 52 33 31 23 42 60 61 59 49 33 51 68 35 61 36 63 61 47 62 45 34 40 34 36 11 5 3 2 1 1 1
1 0 0 0 0 0 0 0 0 0 0 0 0 0 0 0 0 1 1 1 3 3 2 1 4 5 20 16 9 7 4 2 1 0 0 0 0 0 1 1 1 2 2 3 3 4 6 14 7 11 15 18 20 28 24 32 35 43 59 51 37 38 48 36 26 20 36 42 23 32 18 16 17 12 44 13 34 71 46 37 15 32 68 64 41 40 53 25 27 10 11 4 1 2 1 1
2 1 1 0 0 0 0 0 0 0 0 0 0 0 0 0 0 0 0 2 3 4 4 2 3 6 8 23 7 3 2 1 0 0 0 0 0 0 1 1 2 2 3 3 5 7 9 11 18 13 18 19 27 48 27 31 41 44 45 53 51 63 58 56 40 24 38 39 51 34 40 32 31 25 63 25 17 23 27 26 17 8 63 72 53 52 56 55 26 22 14 8 5 6 2 1
1 1 1 0 0 0 0 0 0 0 0 0 1 0 0 0 0 0 0 1 2 4 11 4 2 7 9 23 9 4 1 0 0 0 0 1 1 1 1 1 2 2 3 4 7 10 19 15 22 34 28 40 36 38 38 34 38 43 67 56 62 55 49 63 60 37 28 34 37 28 64 34 21 31 38 47 37 55 50 39 38 25 17 55 54 55 64 45 22 14 6 6 5 1 1 1
4 2 1 0 0 0 0 0 0 0 0 1 1 1 0 0 0 1 0 1 3 5 5 9 2 4 8 16 10 5 3 2 1 0 0 1 1 0 2 2 2 3 3 7 13 15 32 27 20 15 44 64 71 46 44 21 37 40 62 49 71 58 49 45 44 38 23 34 26 60 24 25 21 28 30 17 27 33 36 32 29 25 28 26 45 31 15 28 23 11 8 3 2 2 1 1
2 1 0 0 0 0 0 0 0 0 0 0 1 1 1 1 0 1 1 1 2 4 6 13 6 7 13 21 14 8 5 2 1 0 0 1 1 1 1 2 3 3 4 12 17 24 32 35 37 29 34 51 57 58 43 23 36 45 32 55 69 64 23 69 24 41 38 30 27 46 24 15 17 40 45 32 41 50 57 48 61 34 32 27 22 13 22 17 11 11 4 2 2 1 1 1
1 0 0 0 0 0 0 0 0 0 0 0 1 2 3 1 0 1 2 4 5 2 11 23 14 11 19 22 11 12 6 2 1 0 0 1 1 1 1 2 4 5 7 11 19 31 34 39 42 47 41 54 67 65 54 24 36 49 52 46 56 59 21 46 47 42 52 24 36 30 16 26 34 34 26 22 24 36 42 22 41 51 53 28 30 17 12 12 8 3 3 3 3 2 1 1
0 0 0 0 0 0 0 0 0 1 1 1 1 2 3 2 1 1 2 10 8 3 9 22 22 7 5 47 28 9 6 3 1 0 0 1 2 2 1 4 5 9 8 13 24 23 42 45 50 61 46 61 68 52 58 22 35 42 47 55 49 46 45 46 53 49 41 38 31 18 25 29 34 31 30 25 26 42 36 31 34 31 60 54 32 36 24 10 4 3 2 1 2 1 1 0
0 0 0 0 0 0 0 0 1 1 2 1 1 2 6 5 2 1 3 7 11 6 10 22 33 11 12 48 17 14 10 4 2 0 0 2 2 1 5 3 8 13 11 18 21 25 52 51 56 60 61 54 46 55 80 43 23 45 61 44 34 28 25 51 47 44 39 49 34 16 20 23 33 35 43 39 45 69 56 50 41 38 42 37 38 40 23 15 9 5 3 2 2 1 1 0
0 0 0 0 0 0 0 1 1 1 2 2 2 3 8 7 2 1 8 7 8 14 12 26 45 49 39 45 31 20 9 3 1 0 0 1 2 3 4 9 6 13 23 18 15 23 47 58 63 58 64 69 62 60 81 58 52 20 38 68 48 43 29 27 23 50 47 45 18 16 14 41 32 26 30 34 42 74 59 47 58 29 26 24 26 22 26 21 7 4 3 2 2 1 1 0
1 0 0 0 0 0 0 1 1 1 3 6 4 6 7 12 4 2 6 9 11 18 18 32 51 67 37 48 19 12 11 3 1 0 1 1 2 7 4 6 12 10 22 21 24 41 48 46 62 67 66 65 74 82 83 77 34 19 46 56 63 42 31 32 32 24 16 17 15 14 43 31 18 45 24 30 24 47 42 46 36 43 59 34 19 13 8 6 6 5 3 2 1 1 1 0
1 0 0 0 0 0 1 1 2 3 4 4 10 4 12 16 6 7 4 20 25 23 20 36 53 42 25 15 10 9 4 2 0 0 1 1 3 7 8 6 8 18 8 38 26 35 50 43 49 75 71 50 73 76 75 78 64 27 22 24 40 52 41 32 23 14 5 3 7 15 55 30 32 41 87 73 54 51 48 52 60 60 42 47 32 31 16 12 8 4 3 1 1 1 0 0
1 0 0 0 0 0 1 2 2 4 6 6 14 6 13 21 9 17 7 14 37 33 52 33 59 38 18 13 6 5 4 1 0 0 1 1 2 3 8 11 17 13 14 19 50 33 35 50 65 79 73 63 55 53 60 80 77 30 24 29 38 31 30 24 14 18 10 6 26 36 16 38 61 68 66 77 60 69 56 67 69 54 36 15 21 14 16 12 5 4 2 1 0 0 0 0
0 0 0 1 1 1 1 2 3 3 7 10 22 13 18 28 13 19 27 14 22 39 25 70 47 44 15 10 8 3 1 1 1 1 2 2 3 2 3 3 5 12 22 47 32 39 55 59 55 63 74 76 48 46 37 39 69 57 36 19 25 18 12 7 6 2 7 20 18 31 22 14 24 55 23 56 83 81 73 71 73 49 29 23 20 7 6 5 5 4 0 1 0 0 0 0
0 0 0 1 2 1 2 3 4 6 8 12 16 29 15 35 15 17 37 31 32 53 31 58 59 25 9 5 1 1 2 2 2 1 3 3 3 3 3 8 8 11 21 36 60 43 37 51 51 68 65 65 61 56 39 40 35 59 41 20 23 18 20 14 17 6 5 20 18 28 29 35 41 29 27 27 53 63 71 52 33 29 24 20 10 7 6 3 2 1 1 0 0 0 1 0
0 0 1 2 3 2 2 3 3 6 10 15 19 25 28 53 21 20 40 44 42 58 80 51 29 28 16 7 4 3 4 4 3 2 1 3 3 5 7 8 10 16 23 33 42 63 46 44 55 61 65 55 66 60 48 32 22 41 32 24 13 15 14 16 16 11 6 25 19 21 33 35 73 53 47 36 27 16 44 50 42 18 14 10 10 7 2 1 1 0 0 0 0 1 1 1
1 0 1 3 3 4 2 5 3 8 21 17 20 23 57 54 28 31 33 48 49 66 77 27 41 29 11 10 11 10 12 13 4 3 2 3 3 6 12 6 12 25 39 42 37 55 44 69 54 64 65 81 54 35 35 30 42 13 10 49 17 11 30 20 11 8 19 43 22 21 25 58 79 59 47 38 35 35 27 33 34 23 12 12 11 6 2 1 1 0 0 0 1 1 1 1
1 0 1 4 4 4 2 8 9 12 25 22 38 35 43 55 62 45 53 41 59 55 84 70 41 21 21 21 15 22 19 16 6 3 2 1 6 11 6 14 22 26 45 60 67 53 68 30 17 29 65 28 49 40 48 30 11 6 8 12 18 5 15 10 5 9 34 15 18 20 15 19 14 30 42 34 36 38 27 23 21 12 16 12 11 10 6 6 2 1 0 1 1 1 2 1
1 1 1 4 6 8 3 10 16 16 15 25 21 51 55 31 29 69 53 54 47 69 74 49 37 30 32 29 35 49 20 8 4 4 5 1 3 5 22 19 23 31 40 66 47 68 58 52 38 53 55 13 60 66 52 20 29 18 16 6 32 4 10 7 3 6 11 40 28 13 29 59 47 55 51 43 37 40 39 39 29 24 19 15 13 14 13 3 2 1 1 1 1 2 3 1
0 2 2 4 7 12 5 5 11 20 27 35 20 21 40 66 33 26 74 71 45 67 76 54 57 30 55 71 46 20 12 11 8 5 3 1 3 2 8 17 22 47 54 43 32 51 49 64 65 65 47 37 55 70 63 59 38 12 11 9 23 6 6 7 3 8 17 11 8 10 26 36 40 44 53 56 38 37 26 30 14 11 12 29 22 17 7 3 1 1 2 2 2 4 3 1
1 3 5 6 9 8 12 11 12 9 16 42 17 15 35 55 62 54 18 40 50 70 54 49 41 65 44 23 25 15 15 15 11 4 4 2 4 7 13 13 11 29 35 27 39 46 52 45 64 62 59 50 70 67 53 41 18 27 6 8 7 13 2 5 8 9 3 17 26 29 24 39 52 49 47 54 36 30 23 30 38 25 38 25 20 9 9 3 1 2 2 3 5 4 4 2
2 4 5 6 10 16 16 27 22 17 13 25 52 21 46 43 50 68 50 25 39 71 30 54 79 39 35 33 29 29 19 9 4 6 6 4 5 10 15 14 18 32 30 22 42 53 29 27 54 51 28 22 36 33 40 14 22 11 23 4 7 8 7 3 23 29 11 33 42 24 49 49 62 64 66 65 49 34 38 39 42 34 39 21 18 14 5 2 2 3 3 3 7 9 2 2
3 5 7 4 6 27 35 25 24 23 38 28 38 61 38 42 54 27 71 43 42 40 79 64 50 54 53 50 42 34 17 7 5 5 11 4 6 11 21 28 28 37 47 44 45 30 39 46 32 33 29 25 26 28 24 26 18 13 11 16 3 1 5 18 20 9 18 23 42 33 55 42 48 63 69 53 44 51 41 43 45 40 27 26 17 7 2 2 4 4 6 7 9 8 3 2
4 10 8 6 8 20 23 41 45 25 39 46 46 52 66 42 58 35 30 58 32 35 72 71 64 54 47 50 44 22 19 15 9 4 7 3 5 7 16 33 39 44 30 47 40 50 39 39 42 48 36 24 26 28 30 25 13 9 8 12 5 2 7 3 5 22 27 27 17 28 44 42 53 43 51 73 44 42 23 21 23 22 34 24 14 6 4 3 5 5 7 6 20 6 4 4
5 7 13 8 12 14 26 27 33 43 57 50 48 54 74 70 36 30 38 34 64 67 73 62 66 69 61 57 47 32 22 17 12 6 12 4 4 10 18 31 41 56 52 54 54 53 48 60 38 40 39 30 20 26 22 32 24 8 2 3 4 4 5 5 8 4 2 2 6 39 26 32 48 47 49 39 30 15 12 30 43 38 15 24 24 14 5 7 6 10 8 7 23 8 6 5
6 13 17 19 22 16 19 36 40 44 63 63 62 54 66 69 52 51 40 43 39 68 69 66 48 60 55 54 35 43 31 20 15 12 17 2 11 16 21 22 17 49 61 59 53 59 61 48 41 57 58 53 19 23 31 23 10 9 4 1 2 3 8 5 5 7 14 19 17 21 23 26 29 27 45 19 22 25 18 53 46 20 28 25 21 23 11 15 12 8 7 5 15 9 7 5
8 13 33 21 26 27 23 39 48 50 49 65 61 58 75 54 59 66 51 42 42 59 55 51 48 57 57 52 47 29 28 24 28 21 6 2 10 24 33 39 32 49 65 52 53 59 46 35 48 69 58 51 47 29 31 19 11 11 4 4 4 3 6 4 11 16 33 34 23 32 31 40 30 21 18 25 42 51 31 50 44 42 30 25 18 18 22 19 8 9 8 3 9 16 2 3
11 8 28 39 29 31 28 45 53 51 49 51 65 72 71 67 56 70 51 35 45 80 57 72 52 56 62 62 49 33 41 36 26 15 7 4 6 19 43 58 53 59 49 65 52 56 46 37 46 35 29 28 37 40 17 10 8 6 5 6 5 2 3 7 13 22 27 27 36 19 32 21 13 18 21 52 44 55 61 19 37 34 41 39 25 19 37 23 11 12 7 7 13 10 4 6
11 11 21 48 48 34 41 51 50 53 58 48 60 71 70 59 54 41 53 35 45 67 62 74 59 55 53 47 51 38 53 33 23 14 16 9 11 22 37 48 71 73 68 54 65 36 36 51 37 26 25 30 27 24 55 20 6 7 5 5 4 4 6 4 6 8 29 36 20 12 14 22 23 37 33 57 55 59 40 48 41 23 45 35 26 31 32 18 22 10 6 8 23 8 5 10
18 40 33 39 52 38 34 53 53 50 62 49 28 38 73 75 68 49 44 61 43 79 79 48 59 65 41 45 39 49 42 37 31 11 14 9 13 34 36 45 45 61 56 69 56 56 32 51 55 26 38 44 36 35 31 12 11 5 7 3 2 5 6 8 10 12 36 9 16 6 19 35 55 27 40 59 39 41 56 47 14 22 43 44 47 36 25 14 21 15 8 11 21 17 12 11
23 28 51 54 53 39 40 54 51 49 50 58 49 50 55 70 64 30 38 63 40 76 62 63 61 46 26 49 40 48 55 43 40 21 15 11 14 37 38 53 68 54 40 65 38 51 48 35 48 46 60 49 44 29 23 10 10 3 4 5 2 3 14 10 4 22 10 10 32 27 48 38 34 49 41 26 41 64 34 17 14 42 59 45 42 43 21 17 14 13 20 13 11 30 16 14
35 45 48 58 56 45 54 52 53 51 34 51 51 60 57 60 60 62 70 73 66 70 56 59 52 60 51 51 61 38 55 56 40 29 31 10 15 37 60 54 59 55 57 55 51 41 55 22 39 38 48 40 34 21 22 13 18 8 5 3 2 6 1 7 6 15 12 23 26 23 22 37 59 68 42 34 64 51 46 33 34 40 17 23 42 45 23 20 15 24 24 15 11 51 20 27
40 45 43 47 18 38 64 44 57 58 46 46 58 62 50 61 48 70 65 75 66 59 69 49 47 58 73 68 41 53 46 52 49 29 25 11 14 42 44 55 54 45 65 61 59 41 25 64 34 64 36 38 20 34 19 27 10 9 7 2 1 7 12 13 3 7 14 29 35 19 17 45 71 62 35 60 52 34 38 78 64 27 34 48 33 25 27 13 16 24 25 17 26 58 43 34
41 33 20 12 11 20 63 44 29 36 45 33 37 58 73 69 37 36 68 57 66 62 69 67 29 56 72 48 44 51 37 61 58 47 23 5 13 33 39 57 49 47 55 64 68 58 30 21 8 10 45 45 15 27 19 28 14 7 3 2 3 8 5 16 11 10 13 11 30 21 27 58 66 36 44 62 55 11 52 49 35 50 64 50 35 29 24 9 28 26 31 21 41 77 50 28
43 46 35 35 34 27 38 60 23 27 24 47 39 48 68 59 71 37 50 68 65 74 75 76 57 33 57 60 54 37 63 51 52 41 21 9 9 20 43 62 30 50 67 65 61 43 38 36 32 29 24 26 42 16 6 6 5 3 4 1 3 4 2 5 8 6 10 5 10 15 45 38 46 57 38 37 24 24 43 35 40 60 57 38 27 12 9 9 21 29 30 25 48 62 49 18
59 44 49 46 32 37 33 35 42 40 34 65 43 47 41 48 66 69 63 76 76 67 72 57 26 40 52 47 45 51 63 56 32 32 37 19 15 11 30 42 14 29 37 36 39 33 31 25 61 50 32 25 19 12 9 5 3 14 1 0 0 3 4 3 11 13 6 4 22 33 13 28 16 34 31 31 12 53 44 63 42 39 27 27 26 16 12 22 24 34 33 42 46 64 21 17
40 40 48 42 47 32 26 46 64 63 29 28 54 52 27 28 23 42 69 67 38 37 43 45 53 18 50 59 35 67 50 49 45 33 41 19 28 10 22 43 48 23 32 38 22 29 12 7 16 28 15 44 36 21 7 1 1 0 1 1 1 2 2 5 7 12 5 21 23 13 19 21 27 29 13 23 48 58 69 38 36 38 41 46 27 15 13 26 36 39 37 28 59 66 53 19
40 60 47 48 48 47 35 50 64 50 49 32 24 42 51 30 49 38 26 55 34 49 62 57 45 36 51 34 36 65 54 56 39 20 35 19 24 16 10 28 34 57 47 31 25 34 32 15 22 32 38 36 16 16 13 6 3 2 1 0 1 1 3 3 4 4 10 22 30 31 19 21 15 10 39 43 37 52 52 35 29 36 41 32 24 22 16 33 41 28 41 37 23 42 57 27
48 47 45 38 48 63 35 47 50 57 48 42 53 35 21 52 48 35 38 57 62 25 22 36 33 56 51 66 38 42 57 44 33 52 28 16 22 31 13 33 44 56 62 26 29 50 31 12 25 33 15 26 13 15 13 5 4 3 2 1 1 1 0 3 4 6 13 5 7 7 16 9 30 47 25 29 28 28 29 26 18 27 31 35 31 19 17 27 46 30 44 33 37 35 45 31
43 42 62 45 56 63 26 40 53 59 54 46 52 49 62 44 64 77 48 53 57 27 38 42 46 70 62 74 44 46 48 49 55 29 23 15 16 44 19 20 36 49 35 38 43 45 10 7 55 75 22 26 19 8 5 5 10 3 1 0 1 1 1 2 2 2 2 6 15 21 26 32 16 24 18 12 15 33 26 23 34 51 30 27 32 17 29 31 48 29 34 12 5 16 42 62
43 50 61 59 51 45 27 40 55 61 57 43 35 35 54 65 45 36 52 47 36 20 36 29 58 55 74 55 52 68 63 56 35 34 15 6 6 47 20 20 23 34 32 31 37 34 2 16 28 30 42 28 18 4 2 2 1 1 1 1 0 1 0 0 1 1 1 7 23 40 45 43 24 14 11 17 53 45 29 30 45 35 35 46 13 19 33 39 32 21 10 9 22 27 26 46
49 30 34 59 49 58 45 20 52 53 60 46 47 32 47 37 57 29 27 30 21 37 35 38 36 61 50 63 67 78 58 60 46 42 31 4 26 43 18 20 30 17 28 31 29 24 6 16 15 19 25 16 20 16 11 3 2 2 2 1 1 3 0 0 0 2 7 25 11 15 28 14 10 13 26 37 43 30 23 55 48 40 45 20 18 38 57 27 9 8 14 29 22 58 42 48
45 14 38 53 61 53 55 34 24 42 53 34 42 41 51 55 39 33 41 34 11 38 76 47 44 46 30 43 49 56 58 59 40 24 27 15 28 21 30 22 37 31 27 33 39 29 19 13 11 15 14 23 10 12 8 3 2 2 2 3 1 1 1 0 1 7 3 8 11 8 22 28 17 35 33 39 44 43 40 56 44 28 20 13 37 50 15 7 9 19 22 40 50 47 52 39
39 20 22 17 47 53 62 40 8 26 44 31 41 31 68 54 38 13 22 31 16 44 54 38 38 17 47 56 57 51 57 43 46 37 23 20 22 18 23 17 7 27 24 40 32 35 41 51 37 33 21 38 18 6 4 1 2 1 2 3 2 1 0 1 7 7 2 6 4 6 12 35 39 57 26 24 50 54 38 32 21 34 9 28 35 14 4 17 21 32 36 37 43 57 57 43
50 34 42 14 47 61 57 37 11 8 9 37 45 30 34 46 22 34 29 39 33 15 36 47 31 27 52 60 54 44 39 34 46 37 33 34 36 12 28 21 10 13 19 27 36 22 17 14 14 12 10 20 6 4 5 13 8 3 2 1 1 0 1 4 2 3 2 3 9 4 10 32 39 40 32 35 58 52 47 37 23 15 28 30 18 6 14 33 31 30 38 33 44 46 47 46
61 29 45 14 21 50 37 19 13 12 14 18 27 54 42 41 30 25 21 36 24 35 54 33 33 50 32 50 54 48 34 43 33 22 37 36 25 22 19 31 21 13 18 18 25 21 35 19 17 24 32 20 7 6 1 7 6 3 2 2 2 2 1 2 3 1 1 4 4 7 13 25 35 40 32 31 30 32 56 22 15 15 26 10 11 31 33 32 33 33 33 27 21 18 31 49
48 28 43 22 16 50 37 42 31 29 18 21 31 43 48 54 55 40 23 24 17 21 30 40 54 45 60 65 54 33 38 40 24 20 57 36 23 25 20 9 10 15 17 29 25 26 35 21 29 21 26 11 22 7 2 4 18 6 2 2 2 0 0 0 1 3 1 3 6 7 9 21 35 38 35 16 28 48 40 42 36 19 8 14 17 22 21 42 42 30 39 28 26 17 23 10
38 29 44 33 25 31 20 43 23 23 25 20 31 28 23 37 31 27 24 23 35 14 20 56 50 55 48 41 45 40 40 38 38 24 46 34 32 21 37 13 28 30 12 16 29 38 42 28 34 34 18 9 19 5 4 7 10 3 3 2 2 0 1 1 4 3 8 9 3 3 14 17 12 22 27 19 40 59 73 38 22 12 5 15 11 45 36 29 35 39 59 51 25 21 26 11
52 29 44 31 21 18 12 33 42 29 28 29 25 27 21 38 23 23 12 12 24 10 29 43 52 36 46 51 43 39 34 38 30 41 45 35 44 61 23 16 19 19 23 17 39 22 32 36 23 23 30 22 9 7 9 9 15 3 2 2 1 1 0 0 1 2 11 10 4 5 9 9 26 36 16 56 54 44 37 38 16 5 11 26 24 29 41 24 35 49 44 50 20 18 22 10
51 32 57 35 16 19 29 20 50 24 41 37 21 14 20 17 15 19 16 12 4 27 23 20 29 27 51 40 28 36 37 18 31 47 25 56 29 59 39 17 34 16 33 22 36 41 33 33 19 30 26 13 8 14 9 8 5 4 2 3 1 1 0 0 1 3 7 6 6 11 7 6 17 21 56 46 25 33 30 37 21 13 15 31 49 32 36 45 47 36 38 27 22 16 19 9
45 30 61 36 14 12 56 34 33 26 28 38 19 26 20 18 18 23 21 11 4 9 4 6 17 20 53 55 49 31 21 17 31 50 40 23 40 37 34 19 31 9 27 10 23 35 43 35 21 31 19 25 10 8 15 12 9 3 3 5 1 0 0 1 1 1 2 8 13 8 7 16 31 51 41 20 20 57 37 23 20 15 30 20 45 46 27 39 37 34 30 18 43 19 14 6
59 28 49 22 13 19 32 32 26 53 47 29 27 18 19 18 27 21 17 14 3 6 7 23 33 39 40 39 39 26 15 18 48 34 41 32 55 29 22 21 31 9 27 19 21 29 53 33 21 32 28 24 9 4 12 10 5 2 2 2 2 1 0 1 1 1 1 6 5 5 8 19 22 20 23 19 23 43 29 8 9 20 40 39 42 39 15 29 52 47 26 16 35 9 13 10
59 31 48 21 14 21 22 56 30 50 63 50 22 14 12 23 37 21 5 9 2 8 8 19 13 18 17 34 18 14 27 20 67 44 46 44 44 21 14 40 20 15 17 45 49 32 33 30 40 31 22 19 15 10 10 5 7 4 2 1 1 0 1 1 1 1 1 2 7 6 8 7 15 14 32 26 38 41 37 11 8 35 41 41 38 37 14 24 37 37 15 15 14 17 18 17
71 60 18 34 16 17 36 51 35 28 48 39 51 10 25 47 24 19 9 8 5 4 9 7 9 12 40 20 28 26 26 40 10 23 12 29 24 16 10 39 16 14 4 20 67 34 24 36 38 25 22 17 13 7 16 15 11 5 2 1 1 1 1 0 0 1 1 2 8 3 9 12 20 16 30 43 22 39 31 16 15 42 29 24 31 21 27 27 19 24 34 16 12 25 19 13
56 23 20 30 16 15 52 48 51 22 16 29 53 7 15 12 10 16 7 11 2 2 8 17 21 18 16 31 30 18 47 19 32 19 36 30 20 24 13 29 12 25 12 16 46 52 31 30 37 35 24 21 12 12 6 5 7 2 2 2 1 0 1 0 1 1 1 3 5 8 19 30 35 29 40 58 9 48 25 23 23 22 29 16 20 16 31 41 25 16 28 18 14 15 19 16
54 26 11 33 24 24 39 9 28 42 10 17 42 21 6 11 11 9 5 6 5 9 27 11 13 14 24 43 24 31 23 34 47 63 40 28 51 19 28 35 14 14 17 22 32 34 25 54 30 24 17 20 20 12 3 4 6 4 2 2 1 1 1 0 0 1 1 2 3 6 12 17 34 48 35 13 26 46 36 15 13 20 37 14 24 29 33 20 30 19 11 22 24 17 9 12
55 11 21 31 19 20 28 6 7 8 21 40 14 22 7 9 4 5 2 7 5 4 5 11 10 12 13 22 28 33 19 28 44 28 17 46 21 14 42 19 27 33 25 25 31 33 26 23 34 13 10 7 15 15 5 3 3 2 2 2 1 1 0 0 0 1 2 3 4 10 10 23 29 16 29 22 33 23 13 7 10 31 29 31 19 23 27 20 16 22 21 12 9 19 6 6
59 11 18 36 18 37 31 15 5 9 20 31 39 34 9 5 8 9 9 2 3 3 9 18 7 6 15 43 21 18 15 42 15 26 53 10 16 21 31 16 31 28 20 44 44 47 35 19 22 18 9 8 16 15 9 6 2 1 1 0 1 2 0 0 0 1 2 4 4 12 15 36 28 19 5 22 40 10 14 12 16 25 31 26 16 23 18 18 8 25 14 30 12 5 3 2
38 14 19 44 12 31 42 27 12 11 8 25 13 21 19 3 5 5 3 6 5 4 4 4 2 6 23 31 36 9 45 8 12 41 32 15 25 31 42 26 8 37 35 42 57 42 30 10 16 33 22 6 3 6 8 8 2 2 1 0 0 1 1 1 1 5 15 5 3 5 21 37 27 15 7 30 28 19 15 12 15 22 24 27 25 15 7 20 12 22 16 5 16 4 5 8
