sesion_6_simulaciones/modelos_agentes/ejemplos_netlogo/scenarios/cgcm2_a2/rob_2068.asc
NCOLS 322 
NROWS 307 
XLLCORNER 451900 
YLLCORNER 4086900 
CELLSIZE 100 
NODATA_value -9999 
[rows 74 to 147 of 307, columns 0 to 95 of 322]
0 0 0 0 0 0 0 0 0 0 0 0 0 0 0 0 0 0 0 0 0 0 0 0 0 0 0 0 0 0 0 0 0 0 0 1 1 2 2 1 1 1 1 0 0 0 0 0 0 1 0 0 0 0 0 0 0 0 0 0 0 2 2 2 1 1 1 1 2 3 8 4 3 2 11 36 13 15 34 57 50 9 14 19 29 6 3 3 7 4 5 5 3 4 8 6
0 0 0 0 0 0 0 0 0 0 0 0 0 0 0 0 0 0 0 0 0 0 0 0 0 0 0 0 0 0 0 0 0 0 1 1 1 1 4 3 1 1 1 1 0 0 0 0 0 0 0 0 0 0 0 0 0 0 0 0 0 1 3 5 2 2 4 3 2 1 2 5 6 4 7 48 15 6 5 45 39 21 17 11 4 13 13 5 6 5 6 14 11 6 4 31
0 0 0 0 0 0 0 0 0 0 0 0 0 0 0 0 0 0 0 0 0 0 0 0 0 0 0 0 0 0 0 0 0 0 0 1 1 2 2 1 1 4 1 1 1 0 0 0 0 0 1 0 0 0 0 0 1 0 0 0 0 2 1 3 4 3 5 5 8 4 5 2 2 2 7 52 67 16 8 10 28 24 11 4 4 33 32 23 18 4 4 2 18 21 13 18
0 0 0 0 0 0 0 0 0 0 0 0 0 0 0 0 0 0 0 0 0 0 0 0 0 0 0 0 0 0 0 0 0 0 0 0 0 1 0 0 4 1 1 1 2 2 1 0 0 1 1 0 0 0 1 0 0 0 0 0 1 1 1 3 2 3 4 5 7 10 10 11 11 8 5 10 43 27 16 4 32 45 7 3 25 46 7 48 27 13 5 15 25 24 26 12
0 0 0 0 0 0 0 0 0 0 0 0 0 0 0 0 0 0 0 0 0 0 0 0 0 0 0 0 0 0 0 0 0 0 0 0 0 0 1 1 1 3 1 2 3 9 2 2 3 1 1 0 1 0 0 0 0 0 1 1 1 0 1 0 1 2 3 6 7 7 9 17 12 13 6 2 3 11 11 6 13 12 8 8 27 10 7 5 5 20 11 18 14 18 23 29
0 0 0 0 0 0 0 0 0 0 0 0 0 0 0 0 0 0 0 0 0 0 0 0 0 0 0 0 0 0 0 0 1 1 2 2 1 0 1 2 2 5 3 1 1 2 7 9 19 15 8 3 2 1 1 0 0 1 1 1 0 0 0 0 0 1 1 1 2 7 10 10 12 15 10 8 5 10 3 2 12 12 8 13 27 9 21 11 5 15 21 46 58 56 37 43
0 0 0 0 0 0 0 0 0 0 0 0 0 0 0 0 0 0 0 0 0 0 0 0 0 0 0 0 0 0 0 0 0 1 4 7 1 1 1 4 3 2 7 4 1 1 3 10 42 49 55 65 37 6 3 2 1 1 1 1 1 0 0 0 1 1 1 1 2 5 10 8 12 16 14 8 7 3 2 0 4 10 11 16 28 17 7 9 10 14 60 60 58 32 32 61
0 0 0 0 0 0 0 0 0 0 0 0 0 0 0 0 0 0 0 0 0 0 0 1 0 0 0 0 0 0 0 0 0 0 0 3 2 1 1 3 7 24 5 12 9 4 3 1 1 3 9 16 30 44 20 5 2 1 1 1 0 1 0 2 0 0 1 0 1 2 3 12 12 15 19 11 3 0 1 1 2 5 7 18 8 19 23 26 16 14 9 7 26 19 27 45
0 0 0 0 0 0 0 0 0 0 0 0 0 0 0 0 0 0 0 0 0 1 1 0 2 0 0 0 0 0 0 0 0 0 1 0 0 0 0 2 3 3 5 14 7 5 6 4 1 0 0 1 2 10 9 24 7 2 1 6 8 3 1 0 2 1 0 1 0 0 3 6 16 11 8 9 5 3 4 8 3 3 10 29 10 35 31 28 24 32 20 11 10 25 64 78
0 0 0 0 0 0 0 0 0 0 0 0 0 0 0 0 0 0 1 1 0 0 0 0 0 0 0 0 0 0 0 0 0 0 0 1 0 0 1 2 6 12 4 3 2 2 2 2 0 1 1 0 4 2 2 5 10 5 18 12 2 1 1 1 2 1 1 1 2 1 12 9 12 9 8 9 13 17 10 4 7 6 29 36 23 53 43 72 53 46 50 46 13 12 17 18
0 0 0 0 0 0 0 0 0 0 0 0 0 0 0 0 0 0 0 0 0 0 0 0 0 0 0 0 0 0 1 0 0 0 1 1 0 1 1 1 4 7 12 9 1 0 1 1 1 1 0 4 14 6 5 4 2 10 35 5 2 1 1 0 1 1 1 1 4 7 7 8 7 7 8 8 11 11 18 4 7 5 11 8 20 55 27 37 57 70 45 48 50 33 25 20
0 0 0 0 0 0 0 0 0 0 0 0 0 0 0 0 0 0 0 0 0 0 0 0 0 0 0 0 0 0 0 0 0 0 0 1 0 2 1 2 4 5 12 14 6 6 9 6 8 9 6 8 10 7 4 2 5 12 4 5 3 4 2 1 0 0 0 3 3 3 8 5 23 6 5 17 11 10 12 9 7 5 6 16 4 39 30 60 61 77 85 85 65 46 33 31
0 0 0 0 0 0 0 0 0 0 0 0 0 0 0 0 0 0 0 0 0 0 0 0 0 0 0 0 0 0 0 0 0 0 0 0 0 1 1 2 4 2 8 6 4 5 6 5 3 6 6 3 4 4 4 4 9 4 4 5 6 2 1 1 1 1 1 0 1 2 1 5 2 2 17 11 8 12 38 15 17 8 4 13 24 48 39 28 70 65 55 62 72 36 35 32
0 0 0 0 0 0 0 0 0 0 0 0 0 0 0 0 0 0 0 0 0 0 0 0 0 0 0 1 0 0 0 0 0 0 0 0 0 0 1 1 4 1 1 2 1 3 6 1 2 3 2 3 3 5 4 3 4 2 3 3 5 1 1 1 1 1 3 6 4 3 4 3 3 3 2 3 23 33 6 13 14 9 10 7 11 17 33 51 60 68 15 43 57 58 35 31
0 0 0 0 0 0 0 0 0 0 0 0 0 0 0 0 0 0 0 0 0 0 0 0 1 1 1 1 0 2 1 0 0 0 0 0 0 0 0 1 1 0 1 1 2 3 5 1 2 3 1 1 2 5 3 1 2 1 3 3 1 0 0 0 2 1 0 2 6 2 4 3 3 3 7 4 5 9 7 7 4 7 17 16 10 13 12 9 28 25 18 45 23 61 49 41
0 0 0 0 0 0 0 0 0 0 0 0 0 0 0 0 0 0 0 0 0 0 0 0 1 2 2 1 1 1 1 1 0 1 0 0 0 0 0 0 0 0 0 1 1 1 2 1 1 2 0 1 0 2 4 1 2 1 6 1 1 1 1 1 2 0 0 0 13 2 3 2 3 3 3 9 10 25 28 22 32 21 11 8 25 34 30 28 13 10 23 41 44 20 41 36
0 0 0 0 0 0 0 0 0 0 0 0 0 0 0 0 0 0 0 0 0 0 1 1 6 0 4 5 1 1 1 1 1 2 1 1 1 0 0 0 0 0 0 0 1 1 0 1 1 1 1 2 2 4 0 1 3 1 2 0 0 1 2 1 1 1 0 0 3 32 20 8 3 12 12 20 52 48 9 16 44 32 38 35 32 36 37 38 30 16 8 37 34 18 13 5
0 0 0 0 0 0 0 0 0 0 0 0 0 0 0 0 0 0 0 0 0 0 0 1 3 1 0 12 6 1 0 3 1 2 2 5 1 1 1 0 0 0 0 0 0 0 0 0 0 1 6 10 12 10 13 1 0 1 0 0 0 1 1 0 0 0 4 4 1 1 6 9 45 74 43 22 12 9 51 19 4 24 39 34 30 34 41 43 37 17 11 13 8 5 8 25
0 0 0 0 0 0 0 0 0 0 0 0 0 0 0 0 0 0 0 0 0 0 0 1 0 2 2 8 20 4 0 0 0 1 1 2 1 2 4 1 0 0 1 2 2 2 2 1 2 13 19 10 2 2 7 16 4 0 1 1 0 1 0 0 1 1 1 1 3 2 2 3 2 3 3 48 12 13 8 18 36 11 16 45 35 40 44 42 44 45 24 7 15 31 17 27
0 0 0 0 0 0 0 0 0 0 0 0 0 0 0 0 0 1 2 1 0 2 0 0 0 1 0 0 2 2 6 1 0 0 1 0 1 6 1 1 4 0 1 3 9 4 2 7 8 13 32 29 6 17 11 20 6 11 4 4 1 2 0 0 0 1 0 1 1 1 1 1 2 2 2 8 6 11 9 12 22 47 23 28 39 42 30 36 23 14 27 34 39 9 7 11
0 0 0 0 0 0 0 0 0 0 0 0 0 0 0 0 0 1 0 1 0 1 0 0 0 1 0 0 0 4 20 3 1 0 0 2 1 2 8 1 8 0 1 10 8 7 11 20 19 62 44 48 27 65 51 36 22 22 18 1 2 2 0 0 0 1 2 6 3 3 1 6 8 7 5 3 4 12 18 14 9 11 39 38 36 22 35 16 16 39 39 31 38 38 26 14
0 0 0 0 0 0 0 0 0 0 0 0 0 0 0 0 0 0 0 1 1 1 0 1 0 1 1 0 0 1 9 10 3 2 0 1 0 1 6 1 8 1 2 8 10 14 38 44 53 70 56 16 47 36 31 24 18 32 2 1 4 2 1 0 1 0 1 2 3 2 18 4 2 3 4 9 31 35 36 28 21 17 19 29 19 11 27 27 26 32 48 41 24 18 25 21
0 0 0 0 0 0 0 0 0 0 0 0 0 0 0 0 0 0 0 0 0 1 0 1 2 1 2 2 1 0 6 19 1 1 1 1 0 3 21 9 16 8 3 7 19 44 71 61 32 75 35 5 18 3 10 38 43 28 5 14 11 10 2 0 0 1 1 1 1 8 2 4 8 3 4 17 14 10 26 37 42 23 11 13 9 14 31 46 42 40 37 46 23 24 25 37
0 0 0 0 0 0 0 0 0 0 0 0 1 0 0 0 0 0 0 0 0 0 1 3 5 5 2 4 3 1 9 23 1 1 4 3 1 3 2 10 19 42 13 16 40 54 77 71 30 50 6 10 5 2 1 1 47 52 45 30 7 17 1 1 4 7 1 0 1 1 3 8 3 13 17 4 12 31 22 38 31 37 40 16 28 29 43 39 49 31 48 49 35 41 35 48
0 0 0 0 0 0 0 0 0 0 0 0 0 1 0 0 0 1 1 1 2 1 2 3 4 6 6 12 7 9 4 12 3 3 3 1 1 5 2 5 7 29 22 38 48 53 80 89 79 49 16 6 1 1 0 1 2 1 63 27 30 3 1 5 2 3 3 1 1 1 4 3 12 9 7 5 7 4 16 22 40 50 31 20 25 42 33 29 50 24 70 29 34 35 28 33
0 1 0 0 0 0 0 0 0 0 0 0 0 0 1 1 0 0 2 2 2 2 4 12 15 19 20 16 15 19 2 10 15 6 4 2 2 2 1 1 2 27 4 11 12 18 79 83 75 26 14 15 8 6 2 4 1 4 2 2 2 2 4 5 5 2 1 0 1 1 1 4 3 5 3 2 3 11 14 28 34 41 26 24 19 28 36 15 38 32 71 40 39 21 33 43
0 0 0 0 0 0 0 0 0 0 0 0 0 0 1 0 3 1 1 1 2 2 1 1 3 7 10 5 19 22 9 35 52 22 5 13 4 4 3 1 13 23 16 9 16 21 8 34 48 10 18 21 13 8 12 6 3 9 5 6 3 1 3 5 4 2 1 1 2 1 0 1 5 7 5 5 8 13 14 20 21 32 24 22 23 18 27 22 53 57 17 33 40 39 45 30
0 0 0 0 0 0 0 0 0 0 0 0 0 0 0 1 1 5 1 2 1 4 4 5 11 15 13 7 3 4 4 47 35 16 29 33 46 23 3 3 13 19 63 29 30 29 27 8 5 11 30 24 15 10 4 9 9 6 5 3 4 3 8 5 3 2 1 1 2 0 0 1 1 3 4 9 9 12 15 17 17 17 13 24 26 16 17 23 43 5 17 30 25 10 6 18
0 0 0 0 0 0 0 0 0 0 0 0 0 0 0 1 0 1 1 2 4 9 8 12 19 38 21 19 13 6 3 2 41 47 41 13 61 29 15 31 41 9 49 29 80 61 23 9 10 5 17 24 16 11 12 4 9 6 6 3 5 7 19 19 6 2 1 0 1 0 0 1 0 1 1 6 5 7 10 10 16 11 15 22 9 27 20 47 17 10 23 25 28 17 16 28
0 0 0 0 0 0 0 0 0 0 0 0 0 0 0 0 0 1 2 2 6 8 30 24 28 23 46 26 9 11 8 7 3 33 34 7 10 7 49 21 17 5 60 22 12 4 17 12 18 13 20 29 29 19 10 4 2 3 1 2 3 2 9 10 1 1 1 0 1 1 2 2 1 2 2 1 4 6 8 8 7 20 7 3 11 34 17 47 11 5 9 13 15 15 23 28
0 0 0 0 0 0 0 0 0 0 0 0 0 0 1 1 1 1 1 1 2 6 36 43 15 14 18 19 26 23 14 22 9 3 3 11 4 9 56 7 6 14 30 10 11 8 19 13 15 12 6 19 21 20 8 4 2 3 1 1 1 1 2 1 1 2 1 1 1 2 2 0 2 2 2 2 6 6 6 6 24 5 5 9 12 21 18 14 16 3 3 11 14 25 30 44
0 0 0 0 0 0 0 0 0 0 0 0 0 0 0 0 2 2 5 9 6 13 10 9 5 2 9 20 25 20 37 36 8 4 1 2 8 31 15 14 3 38 59 17 15 16 16 21 25 5 8 13 10 10 4 4 3 1 2 0 1 0 1 3 3 2 1 2 2 2 2 1 1 3 1 2 4 3 4 11 7 4 7 5 11 4 13 20 34 12 8 11 17 19 15 37
0 0 0 0 0 0 0 0 0 0 0 0 0 0 0 1 1 3 6 5 7 24 10 7 9 10 4 10 17 14 15 8 5 11 9 10 22 14 26 11 13 18 36 38 26 20 7 11 13 4 4 16 21 22 17 7 3 2 4 9 5 2 1 2 1 1 8 5 2 1 1 15 6 3 2 1 1 2 2 6 2 4 5 2 6 6 12 21 12 26 16 22 18 27 26 34
0 0 0 0 0 0 0 0 0 0 0 0 0 3 1 7 3 1 4 10 14 16 25 12 9 11 11 7 21 17 9 7 11 16 18 17 6 8 12 14 13 4 8 17 26 15 2 5 5 6 8 10 8 8 6 4 4 1 13 14 5 5 1 1 2 2 11 55 28 11 6 3 13 23 4 2 2 2 4 3 1 7 2 5 5 10 4 5 7 11 24 17 44 29 13 20
0 0 0 0 0 0 0 0 0 0 0 0 0 0 3 3 6 8 6 12 11 8 20 9 6 6 5 3 3 5 12 10 15 16 9 18 16 14 12 10 3 8 15 4 25 15 11 10 10 4 4 4 4 18 10 8 5 1 3 3 2 2 6 2 4 7 5 34 58 33 3 4 5 3 16 6 1 2 2 2 4 8 3 19 8 6 7 11 9 13 21 35 15 15 18 8
0 0 0 0 0 0 1 0 0 0 0 0 0 0 0 0 0 1 3 8 10 11 20 27 15 10 13 11 6 3 6 2 4 8 9 14 16 10 17 5 3 11 5 8 27 13 13 10 12 6 5 5 5 13 19 2 3 2 4 4 3 11 9 12 15 7 14 11 50 21 17 4 3 4 4 9 5 6 4 6 2 4 4 10 7 9 12 4 8 38 15 8 22 16 20 19
0 0 0 0 0 0 0 0 0 0 0 0 0 0 1 1 1 0 2 6 10 24 35 45 39 13 8 4 2 3 3 1 1 2 5 5 9 11 8 10 8 11 3 20 3 2 5 6 8 8 16 13 6 12 7 6 3 6 8 2 7 8 4 4 50 14 16 9 4 52 46 8 9 3 13 21 24 42 22 18 8 6 2 10 27 16 34 23 23 28 21 11 21 26 33 18
0 0 0 0 0 0 0 0 0 0 0 0 0 0 1 1 1 4 3 18 50 24 11 19 28 13 10 11 4 1 3 4 6 3 1 4 14 13 3 7 18 18 15 14 5 3 6 14 23 24 9 38 24 25 14 5 6 2 2 9 4 2 3 4 5 21 10 11 6 19 36 56 36 6 2 16 12 33 3 2 11 34 1 5 2 12 13 59 44 38 65 29 24 24 27 28
0 0 0 0 0 0 0 0 0 0 0 0 0 0 0 1 3 5 5 3 4 32 32 17 19 13 22 31 17 6 5 11 7 8 9 3 4 9 9 9 10 15 13 13 10 10 25 20 15 20 21 15 19 13 11 16 19 22 6 2 7 3 2 24 4 15 25 11 7 9 36 37 43 18 6 9 2 17 6 3 1 15 6 6 8 36 7 14 5 3 39 14 19 65 27 43
0 0 0 0 0 0 0 0 0 0 0 0 1 0 0 1 2 3 5 6 5 2 23 53 34 30 23 25 29 9 9 13 6 7 16 21 9 4 4 10 14 10 6 38 14 16 20 49 48 29 42 16 20 48 66 58 18 11 5 4 5 26 11 3 25 6 29 19 12 3 34 31 21 35 6 10 3 20 29 6 3 30 4 7 12 2 15 10 3 11 62 22 12 49 69 63
0 0 0 0 0 0 0 0 0 0 0 0 0 0 0 0 1 2 5 11 11 11 5 16 18 18 6 8 25 10 6 7 5 4 6 12 10 8 6 11 8 4 4 4 20 24 22 42 30 15 13 32 14 12 9 5 9 3 6 6 6 16 21 7 10 23 3 36 20 7 28 45 41 32 11 9 4 29 7 6 2 53 12 7 13 12 5 11 10 25 58 70 15 14 67 62
0 0 0 0 0 0 0 0 0 0 0 0 0 0 0 0 0 1 6 16 22 13 8 4 3 2 6 4 1 2 7 1 2 4 8 6 8 13 10 7 16 12 14 13 18 23 22 18 12 12 24 26 25 33 13 21 18 7 5 8 4 9 16 17 14 46 18 34 52 15 15 21 47 24 36 9 6 27 15 33 24 52 71 19 14 16 6 21 12 7 35 79 25 10 11 64
0 0 0 0 0 0 0 0 0 0 0 0 0 0 0 0 1 1 4 9 16 10 6 9 5 5 6 2 1 1 3 2 2 3 3 5 10 12 8 19 29 19 18 14 7 14 16 14 17 36 24 40 26 27 21 25 20 17 10 17 10 19 10 25 8 43 33 14 55 33 5 25 34 25 54 16 34 17 19 15 36 15 72 39 9 17 17 47 13 7 9 51 32 15 30 28
0 0 0 0 0 0 0 0 0 0 0 0 0 0 0 0 1 1 3 6 9 10 9 8 14 10 13 9 2 1 1 1 1 3 4 2 10 13 5 6 24 16 9 6 15 9 17 10 11 37 48 41 50 29 11 20 50 19 28 25 27 37 13 5 8 8 23 13 27 49 19 16 19 58 42 32 49 17 31 62 43 18 47 67 18 22 9 9 10 15 19 61 29 44 26 8
0 0 0 0 0 0 0 0 0 0 0 0 0 0 0 0 2 2 14 16 11 26 16 21 7 8 12 11 8 1 0 1 5 4 13 13 10 18 19 17 18 12 11 8 11 8 7 15 11 8 7 18 9 16 43 34 53 16 73 53 15 49 18 25 29 11 7 5 20 39 18 39 20 40 9 33 75 49 31 48 64 56 49 77 20 17 31 11 15 5 25 39 40 16 10 13
0 0 0 0 0 0 0 0 0 0 0 0 0 0 0 0 0 1 2 1 4 2 3 7 14 22 12 11 18 4 1 11 8 10 5 3 9 9 10 32 21 8 12 22 17 17 20 23 9 26 27 9 31 48 41 55 38 42 34 49 12 33 43 21 38 51 51 32 15 53 55 70 65 33 29 38 58 63 49 53 60 62 45 75 69 38 6 7 10 21 29 44 53 24 11 8
0 0 0 0 0 0 0 0 0 0 0 0 0 0 1 2 1 1 3 3 2 6 5 9 23 11 13 15 19 19 6 49 13 4 9 4 18 17 21 29 48 23 26 29 18 30 17 22 12 18 22 16 7 34 15 28 61 61 40 43 48 67 68 56 17 59 52 60 54 35 52 64 19 36 34 38 58 48 72 74 63 43 42 80 70 32 40 8 11 40 20 48 36 36 31 18
0 0 0 0 0 0 0 0 0 0 0 0 0 0 0 0 0 1 1 6 4 6 7 8 10 10 21 13 15 11 14 46 10 12 11 9 15 14 14 28 41 18 18 28 15 26 7 9 19 11 10 19 7 5 5 7 32 56 62 66 55 45 63 80 42 36 65 65 56 36 14 29 40 27 33 53 65 80 59 42 41 33 82 71 73 29 22 22 15 23 27 51 13 9 11 42
2 0 0 0 0 0 0 0 0 0 0 0 0 0 1 0 0 0 1 3 6 9 2 4 6 11 13 5 19 17 30 15 17 26 12 6 6 14 36 35 18 11 24 33 31 22 7 6 6 19 11 10 17 13 6 3 11 18 12 40 25 24 58 77 68 50 26 12 15 24 19 22 19 23 27 27 62 51 46 31 12 32 83 70 72 61 27 31 7 28 35 61 60 44 21 10
0 1 0 0 0 0 0 0 0 0 0 0 0 0 3 0 0 0 1 4 3 3 1 5 3 1 8 3 17 24 26 27 32 16 7 17 18 18 36 26 11 26 12 13 25 7 6 9 4 15 8 5 13 6 13 8 7 13 15 5 24 25 31 42 45 21 18 31 24 37 22 14 17 21 24 11 34 32 37 22 19 13 45 32 48 71 31 43 13 39 56 48 34 38 36 15
0 0 0 0 0 0 0 0 0 0 0 0 0 0 0 1 0 1 1 1 3 1 4 3 3 2 5 4 14 11 14 15 27 11 19 20 25 12 23 17 11 18 11 13 14 5 7 6 5 24 10 8 15 17 12 10 19 18 29 17 11 16 6 13 4 4 15 27 29 34 32 19 13 8 10 9 18 19 22 20 22 18 22 17 31 40 16 31 10 33 57 54 31 15 76 60
0 0 0 0 0 0 0 0 0 0 0 0 0 0 0 3 1 0 1 1 2 1 1 2 2 3 13 10 14 10 21 29 9 15 15 29 14 12 29 7 12 16 6 10 10 17 4 10 4 13 8 10 11 20 8 13 14 22 17 22 22 31 12 12 13 8 23 19 24 17 10 8 27 14 9 5 8 19 14 12 12 11 13 26 31 28 22 29 15 68 72 69 67 26 8 20
0 0 0 0 0 0 0 0 0 0 0 0 1 1 1 0 1 1 0 1 2 1 2 4 3 3 11 6 5 4 6 9 15 36 17 10 12 3 13 5 10 8 9 7 4 5 5 7 10 10 10 10 8 12 12 20 23 15 21 16 32 17 9 23 7 13 17 33 12 10 17 36 25 21 23 24 7 6 14 12 12 18 13 34 20 15 44 16 28 69 67 63 79 42 47 14
0 0 0 0 0 0 0 0 0 0 0 0 0 1 1 0 0 1 0 1 1 0 1 2 2 6 6 8 4 3 7 26 10 13 19 11 7 6 12 4 7 5 2 3 2 7 2 4 4 1 5 2 6 14 17 23 33 24 11 19 15 20 17 12 47 12 19 24 27 48 40 24 14 15 21 26 24 28 31 31 42 47 20 22 18 32 54 34 49 62 35 53 83 62 66 46
1 1 0 0 0 0 0 0 0 0 0 0 0 1 0 0 1 0 0 0 1 1 1 0 1 1 2 5 4 10 6 14 5 8 14 8 5 6 3 5 3 3 2 10 15 6 2 11 28 10 17 11 23 36 39 11 17 19 18 14 18 18 34 27 32 26 23 23 48 9 7 10 13 7 4 7 28 23 38 46 51 47 38 16 15 36 62 31 35 18 26 61 90 53 72 62
0 0 0 1 1 1 0 0 0 1 1 0 0 0 0 1 0 0 1 2 7 3 5 1 4 1 1 3 5 4 5 3 3 6 12 7 3 3 2 3 8 31 7 4 8 8 14 7 32 43 68 30 45 66 47 23 39 20 8 9 8 11 30 16 18 27 24 33 12 11 14 21 39 24 25 20 9 32 50 66 60 21 15 22 13 40 56 39 32 29 32 83 85 52 61 89
0 0 0 0 1 1 1 1 1 0 1 0 0 0 0 0 0 1 1 1 5 11 8 2 2 4 10 5 7 2 13 4 4 3 4 3 2 2 6 5 13 2 12 30 8 19 22 18 18 68 68 74 25 55 51 52 29 48 25 17 15 18 5 18 28 34 34 11 15 15 26 44 31 41 56 35 22 52 66 69 34 19 14 29 20 40 22 19 37 39 60 88 68 82 62 90
1 1 0 0 1 0 0 1 0 1 0 0 0 0 0 0 1 1 3 3 1 14 9 16 21 32 21 16 11 3 7 4 3 4 6 20 12 22 32 25 30 38 22 49 15 33 48 56 11 10 11 64 63 31 52 25 23 65 39 34 13 14 18 29 30 33 23 27 28 38 32 18 31 31 37 34 61 55 42 40 23 15 13 19 16 28 20 21 24 25 42 79 57 76 35 67
1 1 1 1 1 0 0 0 0 0 0 0 0 0 0 0 0 0 4 12 3 1 12 46 20 35 31 38 37 48 24 40 42 56 16 37 3 31 54 25 46 67 23 56 54 28 60 25 75 36 18 77 57 54 54 53 76 79 30 44 22 16 15 15 15 23 18 13 12 18 19 25 18 33 39 60 70 58 19 9 23 13 9 15 8 15 16 28 30 50 65 79 48 52 48 43
0 1 6 0 2 2 1 1 0 0 0 0 1 1 1 0 0 1 1 7 4 1 1 4 5 4 20 50 31 34 41 35 62 36 29 38 56 46 53 58 25 70 69 34 50 43 67 29 68 81 54 56 56 48 32 75 56 60 48 52 40 12 13 11 31 21 23 31 34 34 41 28 42 38 64 67 49 30 23 9 3 6 7 11 12 7 13 23 27 38 66 66 25 31 37 38
1 1 0 2 2 3 1 2 2 1 0 1 1 1 0 0 1 1 2 1 0 0 2 1 2 6 17 13 20 32 40 53 15 43 18 63 52 50 55 62 46 62 52 56 65 60 65 72 17 67 48 29 75 21 45 72 53 19 62 20 28 45 9 10 19 20 40 35 35 33 32 40 56 81 79 67 48 26 5 8 7 4 2 2 7 4 12 13 19 28 48 39 29 18 40 52
0 1 2 1 1 2 0 0 2 0 1 0 1 1 0 1 1 1 2 4 3 3 2 3 2 4 1 3 3 5 3 3 7 10 4 3 6 5 5 9 11 12 8 14 15 14 16 67 52 46 76 29 60 58 60 60 22 14 23 25 54 48 22 14 31 29 37 25 27 57 71 74 77 75 68 59 39 11 4 4 4 3 3 2 5 2 6 4 8 12 22 24 21 12 22 27
2 2 2 1 0 0 0 0 1 0 1 0 0 1 0 1 1 1 1 0 1 4 3 2 6 4 2 3 5 8 5 4 14 10 9 11 6 8 11 16 14 17 29 15 20 13 22 10 14 17 50 49 58 65 59 30 33 40 33 47 48 23 20 26 26 27 38 55 68 69 76 62 43 43 28 22 6 8 7 8 7 5 3 3 2 1 1 1 3 3 9 9 14 8 8 10
6 9 4 1 0 0 0 0 0 0 0 0 0 0 0 0 0 0 0 2 2 1 1 1 3 2 1 6 3 3 5 5 2 2 2 6 5 4 8 5 8 16 17 11 10 15 12 22 20 20 12 17 16 19 29 30 39 34 30 43 13 16 17 27 30 22 23 21 43 69 72 66 46 34 15 14 21 19 30 26 16 8 2 4 5 5 6 3 2 1 1 2 4 11 10 7
1 1 1 2 1 0 0 0 0 0 0 0 0 1 0 0 1 0 0 0 2 3 2 2 2 2 2 4 5 6 4 1 4 2 3 5 4 6 7 10 7 8 9 5 4 5 5 6 14 22 33 51 37 31 29 25 29 26 28 11 9 16 15 34 25 15 23 22 27 33 28 40 43 20 13 24 32 27 9 7 3 4 5 10 20 19 18 9 9 6 3 2 1 1 3 3
1 1 1 0 0 0 0 0 0 0 0 0 0 0 0 0 0 0 0 0 1 3 3 2 3 1 2 4 6 1 1 3 2 5 6 3 5 5 5 6 6 7 24 11 12 9 10 14 22 19 33 35 27 26 28 21 25 18 16 17 3 18 16 22 38 40 36 46 35 30 17 17 8 17 24 35 54 34 15 9 9 14 14 27 22 21 23 24 25 12 15 8 5 4 2 1
2 1 0 0 0 0 0 0 0 0 0 0 0 0 0 0 0 0 1 0 1 2 3 3 3 1 6 9 3 1 3 2 4 3 6 8 5 8 10 10 2 8 11 13 10 22 23 20 14 12 21 11 37 26 48 33 20 18 12 9 11 14 18 13 55 64 31 50 44 38 27 27 14 26 40 49 27 10 16 21 20 29 19 34 40 34 44 32 32 28 22 22 17 12 5 10
1 0 0 0 0 0 2 2 1 0 2 0 0 0 0 0 0 0 0 0 1 1 0 1 2 4 16 16 5 2 4 3 4 11 5 8 7 9 4 4 12 11 7 11 11 21 19 9 25 12 21 28 26 17 31 18 32 9 16 6 24 36 15 44 73 48 47 29 26 30 22 12 17 29 38 34 16 24 25 32 40 36 41 55 53 46 44 35 48 48 32 49 28 19 15 16
0 0 0 0 1 4 2 1 3 5 0 1 0 0 0 0 0 0 0 0 1 1 1 2 2 12 6 1 1 1 2 5 2 4 14 5 5 7 9 12 7 8 6 6 10 10 17 18 16 18 24 21 27 17 21 17 35 20 9 5 11 32 51 64 57 57 34 32 32 17 14 17 25 12 41 18 31 30 46 47 56 42 50 59 60 45 59 55 54 40 41 44 32 30 39 37
0 0 0 0 0 4 3 3 6 3 1 1 4 1 0 0 0 0 0 0 0 0 0 3 1 1 1 1 3 4 2 1 5 1 4 5 6 13 7 8 3 9 3 3 4 11 11 19 21 15 12 28 8 19 24 21 12 8 20 12 3 18 19 25 38 61 50 63 41 12 29 23 35 27 72 36 30 33 41 45 57 41 49 63 44 45 59 73 63 59 42 46 41 55 51 36
0 0 0 1 0 0 0 0 4 4 5 4 3 1 1 0 0 0 0 0 0 0 0 0 1 1 2 2 3 2 1 1 1 2 2 3 2 3 3 8 15 5 8 7 2 4 7 7 13 16 19 15 19 4 30 4 11 26 12 14 7 7 14 13 11 13 34 24 14 31 59 31 38 29 67 33 38 41 55 64 78 65 80 79 73 66 67 68 82 80 54 47 46 49 74 52
0 0 0 0 0 0 0 0 0 1 0 3 2 1 1 1 1 1 1 0 0 0 0 0 1 1 2 0 0 0 0 0 1 1 1 1 1 2 2 5 8 18 7 3 16 12 15 5 11 7 7 13 5 14 14 21 23 15 15 12 8 23 36 26 20 13 15 31 38 34 46 48 27 40 60 51 60 52 66 81 70 58 83 81 80 78 77 76 79 74 60 55 70 74 75 61
0 0 0 0 0 0 3 1 1 0 3 7 1 6 2 3 7 4 3 0 0 0 0 0 1 0 0 0 0 0 0 0 0 0 1 1 0 1 2 5 4 6 10 13 1 10 10 13 13 7 8 19 24 11 5 5 9 21 19 19 14 36 28 22 11 26 30 30 54 48 41 66 44 61 57 71 76 70 78 70 40 66 79 62 43 48 68 42 71 80 68 68 63 65 65 80
1 2 5 1 5 0 0 0 2 1 7 8 5 28 8 10 18 9 2 2 1 1 0 0 0 0 0 0 0 0 0 0 0 1 0 0 1 1 1 1 1 4 6 16 11 5 11 7 11 10 9 8 6 34 52 20 17 15 15 18 27 26 34 17 28 32 45 24 47 56 36 54 61 58 73 49 63 61 76 67 23 37 49 63 36 10 16 33 76 72 74 79 45 50 38 74
