sesion_6_simulaciones/modelos_agentes/ejemplos_netlogo/scenarios/cgcm2_a2/rob_2040.asc
NCOLS 322 
NROWS 307 
XLLCORNER 451900 
YLLCORNER 4086900 
CELLSIZE 100 
NODATA_value -9999 
[rows 225 to 299 of 307, columns 192 to 287 of 322]
1 1 0 0 0 0 0 0 0 0 0 0 0 0 0 0 0 0 0 0 0 0 1 2 3 3 2 3 3 5 20 11 5 6 3 4 6 5 18 11 10 13 25 32 52 47 25 35 17 18 19 17 29 38 11 31 35 30 39 56 57 42 43 25 5 6 3 3 1 1 6 1 0 0 0 0 0 0 0 0 0 0 0 0 0 0 0 0 0 0 0 0 1 0 1 1
1 0 0 0 0 0 0 0 0 0 0 0 0 0 0 0 0 0 0 0 0 0 1 1 3 11 6 5 5 4 11 23 7 13 9 11 15 16 11 14 8 12 14 17 23 32 29 47 45 17 48 49 33 26 15 27 66 56 55 55 61 43 31 13 7 6 7 9 2 1 1 0 0 0 0 0 0 0 0 0 0 0 0 0 0 0 0 0 0 0 0 0 0 1 1 1
0 1 0 0 0 0 0 0 0 0 0 0 0 0 0 0 0 0 0 1 1 1 1 2 4 15 25 9 17 8 15 24 14 9 19 23 20 17 18 16 4 8 8 16 26 36 49 58 75 40 39 44 42 22 32 36 51 41 51 52 49 36 19 12 22 14 14 9 3 2 0 0 0 1 0 0 0 0 0 0 0 0 0 0 0 0 0 0 0 0 0 0 0 0 1 1
1 0 0 0 0 0 0 0 0 0 0 0 0 0 0 0 0 0 1 1 2 4 7 4 6 13 36 12 23 12 16 27 7 8 21 23 31 29 23 21 13 15 12 11 27 36 40 59 60 62 58 52 48 33 55 63 61 50 58 68 47 23 23 28 51 31 12 5 3 1 1 1 1 1 1 1 0 0 0 0 0 0 0 0 0 0 0 0 0 0 0 0 0 0 0 1
1 0 0 0 0 0 0 0 0 0 0 0 0 0 0 0 0 0 0 1 1 3 8 19 15 16 36 33 40 20 35 14 8 9 17 32 35 33 21 22 24 26 16 16 19 39 41 48 46 46 69 66 52 41 47 44 59 39 41 20 32 50 48 64 45 22 10 5 4 4 3 2 2 2 1 0 0 0 0 0 0 0 0 0 0 0 0 0 0 0 0 0 1 1 1 1
0 0 0 0 0 0 0 0 0 0 0 0 0 0 0 0 0 0 0 1 1 2 6 9 22 27 42 50 47 21 31 12 10 26 19 31 40 31 27 35 30 38 17 19 34 41 55 50 64 42 48 52 49 19 27 18 75 45 30 41 49 44 42 27 13 8 8 7 4 4 6 6 3 1 0 0 0 0 0 0 0 0 0 0 0 0 0 1 0 0 0 0 0 0 1 1
0 0 0 0 0 0 0 0 0 0 0 0 0 0 0 0 0 0 0 1 1 3 8 16 18 27 38 42 45 42 49 20 16 26 35 28 43 35 32 32 37 27 32 20 21 26 46 59 58 49 34 39 37 35 47 42 15 77 81 55 32 15 25 18 19 12 6 4 2 7 17 7 2 1 0 0 0 0 0 0 0 0 0 0 0 0 0 0 1 0 0 0 1 1 1 1
0 0 0 0 0 0 0 0 0 0 0 0 0 0 0 0 0 0 1 1 1 5 11 21 18 23 42 41 69 74 43 34 33 44 27 45 45 43 41 39 39 37 46 18 36 30 45 46 39 22 41 40 53 50 52 57 46 34 40 45 24 37 19 16 11 10 8 2 4 7 7 2 2 1 0 0 0 0 0 0 0 0 0 0 0 0 0 0 1 0 0 0 1 1 1 1
0 0 0 0 0 0 0 0 0 0 0 0 0 0 0 0 0 1 1 4 2 2 18 19 37 29 40 55 22 73 51 48 41 55 41 36 44 55 46 45 44 37 64 23 23 60 46 45 43 38 59 43 47 53 59 31 51 50 31 14 21 11 15 13 11 9 5 15 9 2 4 2 1 1 0 0 0 0 0 0 0 0 0 0 0 0 0 0 1 1 0 0 0 1 1 1
0 0 0 0 0 0 0 0 0 0 0 0 0 0 0 0 0 0 1 3 6 11 32 22 41 47 59 58 67 60 82 43 40 54 42 22 31 52 57 62 47 23 44 53 15 27 41 62 43 51 65 56 44 43 37 33 19 21 24 38 29 27 20 27 8 7 11 4 2 3 2 1 1 0 0 0 0 0 0 0 0 0 0 0 1 1 0 0 1 1 2 1 0 1 2 1
0 0 0 0 0 0 0 0 0 0 0 0 0 0 0 0 0 1 1 3 8 7 16 5 15 33 36 19 24 51 76 48 55 80 43 48 53 61 40 16 26 14 45 56 17 42 62 45 22 43 59 65 44 46 31 19 50 51 43 30 17 22 44 45 21 14 23 15 10 5 2 1 0 0 0 0 0 0 0 0 0 0 0 0 1 0 1 0 1 0 0 1 0 0 1 1
0 0 0 0 0 0 0 0 0 0 0 0 0 0 0 0 0 0 1 2 4 3 3 14 14 21 17 27 34 51 68 68 74 76 63 59 58 54 54 29 40 36 45 58 17 30 52 50 34 31 43 56 48 33 18 41 53 25 30 34 33 55 60 52 47 33 12 6 7 4 7 2 0 0 0 0 0 0 0 0 0 0 0 0 0 1 1 1 1 1 1 2 1 0 1 1
0 0 0 0 0 0 0 0 0 0 0 0 0 0 0 0 0 0 0 1 1 7 9 8 15 25 28 23 35 51 56 58 69 75 54 61 59 59 60 28 58 52 43 61 16 22 46 42 57 62 39 41 63 45 35 43 38 33 60 41 66 44 40 61 63 23 13 3 10 2 1 1 0 0 0 0 0 0 0 0 0 0 0 0 0 0 1 2 4 5 1 1 1 1 1 2
0 0 0 0 0 0 0 0 0 0 0 0 0 0 0 0 0 0 0 1 1 2 4 5 5 14 28 22 38 34 47 56 62 72 67 74 61 70 52 53 36 49 30 46 18 15 28 30 40 58 68 46 34 16 40 19 16 47 48 37 42 28 44 39 38 47 11 2 1 1 0 0 0 0 0 0 0 0 0 0 1 0 0 0 0 0 0 0 0 1 3 3 2 1 1 2
0 0 0 0 0 0 0 0 0 0 0 0 0 0 0 0 0 0 0 1 2 4 3 6 9 18 17 16 28 33 24 30 50 52 50 63 47 70 58 53 51 51 79 55 27 30 43 63 43 31 42 43 15 47 17 25 42 67 53 70 66 40 19 18 14 6 7 5 2 1 0 0 0 0 0 1 0 0 1 1 1 1 1 0 0 0 1 0 0 1 2 3 2 8 2 4
0 0 0 0 0 0 0 0 0 0 0 0 0 0 0 0 0 0 0 0 1 0 1 2 3 9 9 11 12 22 41 44 33 31 25 74 60 81 50 64 52 48 82 63 47 34 64 57 59 59 41 70 42 67 50 62 57 26 34 37 35 24 11 13 16 8 7 2 2 1 0 0 0 0 0 1 1 0 0 1 1 2 1 1 1 0 0 1 0 0 0 0 0 3 6 3
0 0 0 0 0 0 0 0 0 0 0 0 0 0 0 0 0 1 0 1 2 3 4 8 12 12 18 35 48 40 44 55 56 50 60 58 79 71 56 61 53 43 38 72 46 24 40 47 65 55 61 65 66 73 89 82 80 70 71 42 34 27 28 29 15 7 4 2 1 0 0 0 0 0 1 1 1 1 1 1 1 2 1 2 1 0 1 1 1 0 1 1 1 0 1 1
0 0 0 0 0 0 0 0 0 0 0 0 0 0 0 0 0 0 1 2 4 4 7 14 28 41 41 35 56 45 41 45 45 33 26 31 54 61 60 56 56 32 39 64 37 30 26 46 40 59 21 15 18 21 41 54 84 84 66 56 34 25 9 20 10 5 3 2 0 0 0 0 0 0 0 1 1 1 1 2 1 1 3 3 1 1 1 2 1 1 1 2 1 3 4 7
0 0 0 0 0 0 0 0 0 0 0 0 0 0 0 1 0 0 0 1 3 6 3 12 16 31 38 30 6 17 34 32 25 27 40 50 56 41 68 37 46 42 19 58 47 50 22 24 19 51 41 30 27 21 20 17 37 62 68 68 71 24 14 8 5 3 3 2 1 0 0 0 1 1 1 1 3 2 2 2 3 1 1 6 2 1 1 1 1 1 2 1 2 4 6 11
0 0 0 0 0 0 0 0 0 0 0 0 0 0 0 0 0 0 0 1 1 2 2 7 6 8 9 6 7 9 17 23 25 38 36 28 44 62 57 16 40 45 22 47 47 19 12 48 50 49 66 46 51 47 45 45 43 49 42 27 33 59 30 15 9 6 5 2 1 0 0 1 1 1 1 1 2 3 2 2 2 2 1 4 6 2 2 1 2 1 2 3 2 4 5 4
0 0 0 0 0 0 0 0 0 0 0 0 0 0 0 0 1 0 0 0 0 0 1 2 3 9 11 17 23 17 26 19 23 43 39 37 35 28 14 20 37 53 75 52 38 38 17 31 42 46 54 68 40 51 63 38 29 22 21 12 10 17 24 20 11 5 4 2 1 0 0 1 1 1 2 2 1 5 3 6 2 5 3 3 15 4 5 2 3 3 3 7 4 4 4 7
0 0 0 0 0 0 0 0 0 0 0 0 0 0 1 0 0 0 0 0 0 0 1 2 4 7 12 13 17 36 32 45 44 65 26 24 31 39 37 39 66 65 37 38 64 42 36 41 37 69 65 34 50 46 34 33 46 34 39 18 12 7 6 6 6 3 1 1 0 0 0 1 1 2 2 2 2 3 5 8 5 3 6 3 17 3 4 5 2 7 4 5 5 4 5 5
0 0 0 0 0 0 0 0 0 0 0 0 0 0 1 3 0 0 0 1 1 1 1 1 3 3 7 7 11 22 28 26 26 30 38 40 39 51 51 39 26 23 19 15 29 44 57 45 67 78 32 18 23 43 45 41 29 33 19 14 12 7 5 3 2 2 1 1 0 0 1 1 1 1 2 2 2 3 7 5 6 5 6 12 20 4 5 6 3 8 6 2 7 3 2 4
0 0 0 0 0 0 0 0 0 0 0 0 0 0 1 1 0 0 0 1 1 1 1 1 1 1 4 7 10 18 15 18 28 30 33 35 37 35 34 30 27 22 18 16 26 18 24 59 29 49 27 21 23 19 30 71 47 46 29 17 10 7 4 2 1 1 1 0 0 0 1 1 1 2 2 3 5 3 4 12 9 12 13 13 21 10 11 4 13 9 2 5 7 2 4 5
0 0 0 0 0 0 0 0 1 1 0 0 0 0 1 2 1 0 0 1 2 3 2 3 3 1 2 4 7 6 10 11 19 28 31 22 22 14 18 26 43 45 52 50 45 65 50 27 15 25 36 53 52 40 40 24 32 31 34 25 14 7 4 3 2 1 1 0 0 1 1 1 2 2 4 3 4 7 4 4 7 8 10 18 7 53 14 4 9 9 2 5 4 11 5 7
0 0 0 1 0 0 0 0 1 1 0 0 0 0 1 1 2 0 1 1 2 6 3 4 5 7 4 4 3 5 7 13 31 31 14 34 19 37 26 30 36 44 36 33 33 48 33 33 47 59 59 46 47 42 43 16 12 10 8 12 9 7 5 4 3 2 1 1 0 1 1 1 2 3 5 2 3 3 7 3 6 5 12 8 20 46 8 7 18 5 3 6 6 8 11 12
0 0 1 1 0 0 0 0 1 2 0 0 1 1 1 2 0 0 1 2 4 6 10 5 16 10 11 12 8 9 5 31 41 36 43 31 29 42 31 26 40 25 35 24 36 43 43 45 39 57 55 39 46 44 39 16 27 26 22 21 15 11 9 8 5 4 2 1 0 1 1 1 4 3 4 8 9 6 3 7 5 9 10 18 15 31 19 18 15 6 6 10 5 5 2 14
0 0 1 1 1 1 0 0 1 1 0 1 1 3 3 1 0 0 1 2 3 10 10 15 10 11 25 20 17 19 19 31 53 54 46 53 55 38 62 43 27 38 19 14 18 33 34 42 41 39 45 41 45 36 41 43 41 42 35 34 29 23 12 7 3 2 1 0 1 2 3 2 5 6 4 6 10 7 8 2 12 4 5 16 23 35 40 49 16 9 12 10 13 14 9 21
0 0 1 1 2 1 0 1 1 2 0 0 2 4 2 0 0 1 1 2 5 8 10 15 18 15 26 23 37 41 44 40 20 32 48 49 51 30 47 49 50 38 28 26 49 40 34 56 27 19 20 33 51 64 43 45 60 50 39 20 29 13 5 5 4 2 1 0 0 2 5 3 5 8 10 8 11 7 10 8 6 15 7 3 4 16 36 46 18 22 16 15 12 23 9 9
0 0 0 1 3 1 1 1 1 2 0 0 2 4 1 0 0 1 2 2 3 5 8 14 26 16 23 24 22 41 53 44 44 39 44 30 36 41 49 42 43 32 28 41 63 54 47 45 18 14 20 50 61 37 63 62 31 31 18 15 10 6 10 8 3 2 2 0 1 1 6 4 4 5 8 13 10 11 5 10 5 20 12 10 5 4 14 29 42 50 23 19 16 17 7 9
0 1 1 1 1 3 1 2 4 1 1 1 1 6 2 1 0 1 2 3 6 12 14 24 29 27 15 21 38 38 25 54 80 68 41 43 32 38 53 42 27 45 47 35 45 31 44 31 55 41 47 52 53 62 65 49 53 30 28 24 15 10 7 4 4 3 1 1 1 2 2 9 5 5 7 9 20 18 12 25 8 7 14 14 10 10 10 20 41 42 27 25 20 21 12 19
0 1 2 2 1 2 1 2 7 1 1 2 3 5 1 1 0 1 3 4 11 8 13 29 35 36 31 12 10 13 24 27 33 17 23 37 55 41 40 59 52 42 34 32 27 22 30 38 61 61 60 58 60 64 75 66 53 41 27 25 19 18 15 5 4 3 1 1 1 4 4 5 13 5 7 9 22 21 14 10 18 10 8 17 22 13 15 17 29 42 49 27 22 15 26 12
1 1 3 4 2 5 1 3 11 3 1 4 5 2 1 0 0 0 1 5 13 16 15 18 31 38 29 14 17 17 23 28 37 34 26 17 32 43 59 56 43 41 24 37 41 30 41 24 9 17 58 50 40 55 50 35 31 48 40 28 26 10 8 7 4 3 3 1 1 4 6 5 7 3 10 12 14 27 40 26 27 16 11 11 22 15 13 21 36 71 63 29 18 15 26 12
1 1 1 5 2 5 2 2 4 5 2 7 4 1 0 0 1 1 2 7 9 12 22 13 21 37 52 21 18 20 34 34 36 40 35 43 34 41 30 16 23 42 31 34 49 37 36 15 42 50 52 66 76 67 47 64 59 68 40 23 23 19 15 11 9 4 3 1 2 6 6 11 16 7 7 24 18 33 25 23 36 13 20 22 38 18 11 16 12 29 49 26 26 13 38 29
1 1 1 3 10 4 6 3 10 4 9 3 1 0 1 1 2 1 7 13 7 13 18 22 9 24 41 61 35 37 24 39 31 23 20 23 30 24 21 20 23 14 13 9 26 19 29 24 51 45 36 57 48 61 66 61 37 48 27 15 17 16 13 10 5 3 2 5 5 7 10 13 3 10 19 24 26 19 32 17 48 17 22 17 21 40 30 33 40 30 36 25 46 17 26 47
3 1 1 2 3 10 10 4 21 9 5 1 0 1 1 3 2 2 3 3 7 10 17 40 38 22 31 16 43 58 25 42 25 23 34 36 42 29 30 25 20 22 40 31 18 10 12 18 40 53 49 54 57 45 54 45 35 22 13 5 13 14 11 8 3 3 3 5 6 7 10 19 5 5 3 5 21 43 54 18 42 36 26 27 17 15 48 27 43 40 35 46 19 20 36 49
2 3 2 2 2 5 18 7 5 2 1 0 1 2 4 7 7 2 3 4 9 13 15 6 9 10 15 29 14 21 46 69 49 47 21 42 18 26 30 8 12 17 14 12 16 43 27 28 38 46 50 35 34 43 40 39 24 33 22 24 27 14 12 6 8 8 4 8 8 10 10 19 6 12 7 10 11 9 26 30 25 47 33 33 20 41 44 15 39 57 53 44 19 24 23 29
2 5 3 4 7 13 14 6 5 1 1 1 2 5 6 8 10 6 7 9 11 14 13 11 10 17 16 12 15 28 19 29 36 56 40 63 22 17 19 23 22 17 22 27 16 16 30 28 42 54 63 35 35 40 52 26 45 57 59 44 33 17 15 14 11 9 11 17 11 11 13 16 9 17 15 12 24 22 28 45 21 51 36 52 22 20 40 12 20 29 53 33 17 30 31 55
3 6 5 8 12 18 12 2 1 1 2 2 4 7 8 11 7 19 16 11 14 16 16 20 27 19 24 16 21 45 22 11 10 14 17 42 51 39 38 61 49 45 31 29 32 22 11 30 59 49 51 23 25 41 42 46 56 65 34 35 37 18 17 13 12 12 13 23 14 14 15 17 18 18 28 14 26 27 27 30 52 75 46 56 39 15 40 26 10 18 32 41 29 36 29 12
5 11 13 11 31 19 3 2 2 3 6 6 4 11 10 16 6 13 34 9 19 15 9 14 22 33 15 26 32 35 57 25 21 12 13 10 13 11 21 48 59 38 41 39 39 33 24 30 49 37 31 26 35 40 59 57 49 37 40 23 38 27 15 5 18 8 10 33 18 18 27 20 33 21 31 26 26 34 28 25 21 16 60 65 51 23 25 26 13 11 23 44 32 41 49 33
6 10 27 21 30 3 3 3 4 7 9 8 14 20 7 14 8 15 18 31 12 25 10 9 12 28 30 36 34 25 16 39 17 24 19 14 14 16 16 21 30 20 18 29 16 10 16 36 33 32 30 25 20 37 56 65 31 55 64 48 19 14 8 5 27 17 17 27 25 20 33 24 53 35 34 40 26 28 43 32 26 17 43 46 51 27 14 54 18 18 30 42 55 53 37 40
5 14 35 50 16 2 5 8 10 10 20 25 13 17 9 10 23 10 19 18 17 19 15 13 17 25 25 43 35 40 45 34 48 27 28 22 16 15 13 22 24 15 13 15 20 17 29 55 33 34 29 22 33 51 66 57 79 54 37 44 24 10 4 11 14 36 21 25 31 21 27 28 48 42 26 41 43 29 32 50 39 13 26 56 63 31 10 31 28 22 35 27 67 57 30 64
6 17 40 19 2 3 11 11 7 26 17 37 10 22 12 9 12 39 12 19 37 21 32 15 15 31 40 35 32 53 35 39 56 21 30 25 20 24 8 22 19 11 26 32 32 29 52 45 49 48 50 52 47 43 48 58 60 44 44 30 23 10 6 18 15 25 24 26 34 24 27 29 31 50 29 29 51 32 35 38 51 22 28 33 52 32 16 27 40 32 21 22 22 51 42 33
8 33 26 10 5 8 16 18 11 20 11 37 14 20 33 12 30 43 9 30 46 19 42 16 15 32 44 49 24 17 50 20 21 42 56 38 11 21 11 19 11 8 11 14 20 28 33 45 57 59 45 35 26 35 32 38 45 47 32 44 27 16 13 21 27 33 17 25 32 36 25 25 16 40 31 31 40 41 36 33 17 16 46 27 52 32 24 14 23 48 14 29 52 50 37 12
11 25 25 16 8 10 25 39 12 16 16 31 15 23 44 18 32 44 20 19 29 35 32 21 18 21 23 33 39 46 22 32 16 14 5 41 41 15 12 13 10 15 23 22 26 31 30 45 54 63 51 53 39 41 34 35 22 35 33 16 16 25 24 25 24 29 37 30 35 40 18 31 19 29 37 33 40 21 17 39 23 22 20 26 53 63 26 16 27 40 10 16 45 51 54 34
30 28 33 12 11 19 22 29 15 23 20 25 31 18 44 20 19 40 23 17 19 18 64 38 18 17 20 20 29 34 54 36 13 30 7 11 39 16 9 13 8 26 35 35 20 30 14 29 52 67 67 42 36 21 20 38 48 62 35 16 9 27 26 26 29 30 43 21 37 45 19 27 32 32 45 7 27 40 21 19 37 21 20 23 30 41 21 16 19 43 15 14 17 40 65 52
63 26 11 13 20 23 26 30 17 51 31 19 41 19 48 22 20 30 28 16 20 33 49 30 16 24 19 36 39 42 36 40 31 37 6 14 16 33 7 10 20 30 17 27 27 34 25 14 39 64 62 64 44 31 40 44 51 60 49 20 10 34 30 21 30 31 38 27 22 44 31 18 21 45 46 21 18 19 42 14 27 51 25 23 61 44 13 33 5 43 33 14 11 9 22 28
14 8 16 14 22 25 41 34 35 41 31 21 66 21 25 51 24 49 38 16 19 30 28 58 29 31 16 33 42 43 32 23 34 54 16 19 13 44 10 11 12 15 13 16 15 31 31 38 40 65 55 45 52 37 29 27 22 41 39 9 18 26 33 19 32 32 27 43 23 44 39 27 30 24 37 22 21 28 27 28 13 9 43 23 31 51 24 46 13 27 64 20 38 25 16 11
35 20 37 27 25 30 52 32 58 43 18 31 51 34 35 55 21 23 58 13 35 29 21 49 18 34 31 26 28 34 45 46 11 28 19 20 12 13 38 13 5 18 18 33 29 17 16 35 56 50 65 57 21 30 29 5 23 27 19 10 21 46 40 19 16 41 22 37 21 27 68 20 39 40 25 28 27 25 42 29 36 19 18 38 15 45 60 52 22 31 76 22 25 19 36 15
67 37 21 36 38 41 39 38 61 38 32 35 29 35 34 42 24 20 52 24 34 27 13 25 39 34 30 21 24 23 31 32 41 15 19 45 16 13 22 32 11 27 21 30 33 31 34 17 51 24 14 12 13 25 27 51 32 17 23 21 16 34 27 22 21 35 46 17 42 15 46 20 34 42 13 21 35 16 25 35 37 27 19 7 15 12 35 69 31 24 45 30 28 20 34 25
84 44 31 35 37 45 22 38 44 20 38 35 36 38 30 49 29 26 42 19 19 43 18 8 6 14 15 9 33 54 29 34 45 8 16 4 29 14 18 64 12 15 15 25 34 26 47 26 75 39 32 19 21 18 46 46 26 9 11 36 17 12 32 22 37 24 52 17 53 15 25 35 25 35 17 39 24 24 18 18 32 40 28 16 16 17 10 18 44 62 47 42 31 19 43 25
67 36 24 46 30 31 29 32 50 20 35 28 31 54 30 55 31 48 28 18 15 33 26 14 14 17 19 19 24 28 50 42 18 14 8 8 8 28 12 56 8 8 9 23 25 21 42 30 19 35 40 35 9 40 50 42 26 18 8 39 25 21 11 38 37 38 50 19 47 27 19 24 43 53 24 18 30 12 25 7 9 31 17 23 15 12 17 9 10 25 58 40 20 27 49 31
77 38 62 36 37 30 30 31 30 23 38 39 21 60 57 21 40 38 41 30 31 17 29 22 29 34 22 32 17 16 23 24 24 16 6 13 8 11 23 38 19 5 13 10 19 22 24 50 17 20 28 24 32 59 54 37 28 24 8 15 36 20 31 24 32 55 33 41 13 37 56 14 46 69 30 7 24 11 15 8 26 21 30 29 9 6 9 14 15 12 28 52 41 15 49 15
74 54 29 32 31 36 47 32 36 21 29 28 37 41 48 19 19 19 23 7 27 19 27 33 41 36 30 38 35 9 12 19 47 33 11 8 34 10 7 27 38 6 18 11 18 34 35 33 18 21 18 25 49 48 44 25 8 24 22 12 32 18 27 31 14 23 23 26 18 24 54 19 36 40 3 10 12 24 20 14 3 27 5 11 20 2 3 6 17 18 28 10 51 23 38 14
21 51 22 35 36 31 39 27 66 26 29 31 29 11 41 27 28 13 39 19 16 28 29 31 33 19 35 43 37 6 12 15 26 31 32 21 15 32 9 8 40 5 13 11 8 42 54 33 29 23 29 48 50 41 44 18 14 28 20 22 36 22 12 12 28 21 16 39 17 23 53 34 52 23 4 15 7 2 9 24 6 13 11 14 26 7 12 8 11 11 12 26 37 41 49 9
36 57 27 29 19 34 41 40 24 40 31 26 32 14 26 20 28 17 65 23 11 19 24 58 20 18 29 41 35 9 14 13 31 23 38 24 13 16 31 10 44 9 11 8 11 28 17 35 13 48 35 49 46 46 24 10 19 29 21 28 46 31 44 19 18 27 15 44 15 21 18 27 40 5 6 3 7 5 14 11 10 4 2 17 19 21 19 15 8 8 7 5 12 44 30 8
35 68 51 9 21 25 53 39 24 49 34 20 14 20 16 28 10 37 17 8 13 22 33 21 42 22 18 20 20 16 10 24 27 26 24 25 23 29 36 16 48 8 14 13 12 14 25 58 34 21 44 57 54 39 6 18 30 38 25 32 20 47 22 47 31 15 13 20 10 20 28 45 23 21 14 15 1 13 21 9 17 5 1 10 12 33 29 11 10 6 9 7 3 16 29 29
17 29 51 10 33 17 38 50 21 46 29 15 5 25 13 39 15 31 23 29 11 13 31 36 31 17 13 18 22 29 4 11 17 35 29 15 23 44 22 37 51 24 13 29 18 14 12 49 56 48 57 58 43 12 17 34 40 35 27 38 41 33 13 30 43 6 12 10 21 9 21 29 19 31 15 13 9 23 17 4 30 35 9 13 5 5 14 16 9 15 3 9 11 36 12 26
24 40 48 20 22 8 17 19 27 26 28 11 3 17 21 64 21 15 20 6 18 29 30 39 22 10 9 9 23 16 11 17 30 20 10 5 21 41 44 20 38 27 22 37 30 22 24 77 55 72 73 54 8 14 19 20 29 34 28 32 48 15 38 27 22 46 64 11 8 4 6 39 11 28 26 20 16 30 24 18 25 56 14 18 8 4 11 18 43 39 18 9 40 18 18 43
20 25 56 32 34 15 13 24 10 37 33 21 10 14 10 29 23 12 20 13 19 24 17 17 19 9 34 7 16 28 13 13 31 35 16 12 33 19 19 32 7 21 8 27 45 75 85 64 55 52 30 6 14 19 30 24 29 29 23 16 20 11 27 20 6 33 13 1 1 11 14 16 39 13 37 23 24 27 41 21 32 39 12 30 12 11 10 12 14 25 30 44 16 41 50 59
25 13 8 55 16 11 5 5 5 25 50 16 17 9 14 33 8 11 31 9 14 19 16 14 7 15 7 6 3 24 10 14 17 21 16 22 21 22 7 15 9 14 9 66 62 62 83 86 56 19 7 15 15 23 25 22 29 30 25 6 1 4 27 37 41 43 6 5 4 23 36 22 24 8 44 17 38 18 30 12 17 32 20 32 19 23 5 4 9 8 7 14 35 17 44 32
26 28 12 61 4 15 20 7 24 3 32 13 13 22 20 45 13 21 30 19 7 15 16 38 6 14 4 30 4 5 11 16 29 23 8 17 50 30 12 15 28 72 80 80 83 52 67 82 60 3 11 19 18 18 5 18 21 20 20 2 1 19 54 56 43 16 10 25 25 14 36 39 9 13 20 24 42 32 47 48 54 36 17 26 35 26 23 1 8 12 16 12 18 34 41 34
23 20 9 63 14 6 8 9 40 4 10 33 14 14 14 41 10 20 36 16 10 12 13 38 7 9 7 14 20 19 9 16 20 19 19 35 26 24 24 38 62 84 86 74 84 81 69 62 4 8 24 18 20 23 6 14 34 34 13 6 5 26 51 40 20 15 23 23 25 22 30 44 55 17 12 21 22 24 27 14 8 20 26 53 47 34 8 6 21 5 24 24 21 39 61 27
21 17 9 27 33 42 12 10 39 10 10 34 3 11 8 13 19 18 27 15 6 2 2 27 6 14 28 17 33 11 10 17 12 32 16 34 22 10 26 51 43 22 61 72 76 66 6 7 16 11 13 10 21 21 12 5 7 66 14 24 13 21 16 43 33 16 36 33 25 52 39 36 6 13 16 30 31 23 19 16 21 23 34 26 36 10 21 11 10 3 10 26 15 33 62 30
18 18 10 14 50 21 14 7 26 6 7 22 11 4 2 5 14 4 30 12 12 2 7 7 15 22 28 16 19 9 24 20 23 13 22 28 22 10 26 47 23 49 28 18 12 5 21 28 20 21 12 12 10 1 9 21 10 29 31 20 15 21 8 24 12 15 17 43 42 51 18 7 14 22 23 25 49 24 36 23 32 35 36 34 41 8 16 12 20 3 28 24 20 22 28 15
18 17 15 7 43 5 10 12 36 15 5 10 31 7 5 8 8 6 24 21 7 6 6 20 33 17 16 24 8 14 15 18 21 28 21 15 28 15 44 46 75 66 26 7 19 20 5 10 13 5 7 1 9 3 12 22 10 51 23 9 15 15 30 21 5 20 26 56 41 2 9 1 8 25 51 50 31 29 14 26 30 28 38 51 21 23 23 22 10 4 25 22 23 26 19 5
9 9 19 38 11 6 13 9 19 8 6 4 24 10 7 7 6 10 8 30 8 4 2 9 27 27 27 18 7 14 7 18 16 31 11 23 34 20 41 32 29 31 8 19 21 11 10 15 26 15 6 1 1 2 16 28 6 28 19 16 16 16 27 8 6 10 34 38 5 1 3 14 7 8 16 43 43 44 11 20 28 32 41 27 35 27 27 24 29 6 15 23 14 9 10 13
35 8 15 51 53 5 12 8 27 7 11 3 15 7 11 1 13 5 13 7 7 4 3 13 17 38 28 8 10 9 4 9 22 7 23 15 19 12 47 25 28 31 10 18 5 17 4 2 8 17 12 2 1 6 2 8 24 11 24 2 4 33 18 4 12 33 38 39 5 0 2 15 11 12 16 30 39 19 11 15 26 38 37 53 26 33 44 18 14 6 20 22 19 12 8 9
20 6 0 6 15 8 7 9 15 7 5 2 2 13 6 1 6 7 14 4 4 3 3 21 19 19 29 4 12 12 5 4 5 18 23 19 23 63 38 76 67 40 8 4 3 16 12 7 5 14 8 9 1 4 8 5 34 28 3 1 1 22 17 13 35 42 36 29 2 7 8 21 43 5 14 30 25 18 11 12 31 22 24 11 21 52 24 25 8 10 8 12 8 4 12 3
9 13 3 14 5 21 10 5 1 6 7 3 2 4 2 2 8 5 36 0 2 6 7 21 9 9 8 3 9 6 10 5 8 10 14 28 42 46 76 52 29 51 16 4 5 10 1 2 1 7 10 9 5 2 8 13 8 41 10 7 10 40 15 5 22 32 21 29 7 12 17 19 24 5 8 17 14 38 18 13 3 3 3 11 10 22 10 12 11 7 6 4 2 4 2 4
8 19 22 12 2 5 4 15 2 4 5 5 6 4 8 5 6 7 7 2 2 3 14 8 14 7 11 3 10 3 6 6 6 13 15 47 61 73 83 51 14 4 15 12 6 2 11 28 5 17 22 4 9 16 13 21 5 17 5 19 6 40 8 17 26 21 25 34 8 9 15 20 16 4 2 3 17 20 54 22 6 5 14 18 7 10 8 11 6 3 1 7 2 2 6 7
17 16 9 24 5 9 2 10 4 9 10 2 1 3 7 2 9 13 3 2 3 5 18 7 4 6 10 3 3 3 4 8 7 19 21 43 67 21 6 48 58 14 7 15 5 12 29 35 12 12 21 6 5 8 12 7 20 13 21 10 10 43 15 15 42 14 16 27 14 11 15 19 46 15 9 25 21 20 48 14 9 6 8 4 7 3 4 3 2 4 1 4 4 8 12 16
8 5 4 25 3 4 1 1 5 4 3 3 3 4 6 4 14 4 3 15 3 6 17 10 2 3 1 3 8 6 4 12 8 8 44 51 54 4 20 20 7 7 3 2 17 16 27 42 14 10 14 8 10 8 6 5 2 4 42 21 11 27 10 6 29 33 24 4 12 18 11 19 51 10 9 25 6 16 30 18 7 11 5 5 5 2 2 7 7 5 3 6 5 7 7 1
17 3 2 3 39 2 1 0 2 1 2 3 2 2 10 4 6 13 5 15 11 10 10 14 4 2 4 14 6 9 5 13 7 27 35 26 21 5 38 32 1 3 2 0 10 8 28 27 19 13 26 22 10 18 6 9 2 1 6 30 23 25 12 6 17 23 3 12 17 21 4 33 24 13 5 7 5 4 3 11 3 2 5 1 3 2 2 8 7 5 4 15 13 2 11 4
11 9 3 1 15 1 1 0 1 3 1 2 3 1 2 5 4 3 8 8 4 12 12 7 9 2 14 59 54 66 55 36 4 51 59 52 32 7 52 10 4 8 4 9 12 13 19 22 12 20 19 41 12 37 16 14 22 11 12 6 15 15 17 2 19 10 12 9 12 13 6 3 13 29 2 2 3 9 2 2 6 4 2 1 1 1 3 1 1 9 3 26 22 19 1 5
