sesion_6_simulaciones/modelos_agentes/ejemplos_netlogo/scenarios/cgcm2_a2/rob_2100.asc
NCOLS 322 
NROWS 307 
XLLCORNER 451900 
YLLCORNER 4086900 
CELLSIZE 100 
NODATA_value -9999 
[rows 0 to 71 of 307, columns 96 to 191 of 322]
0 0 0 0 0 0 0 0 0 0 0 0 0 0 0 0 0 0 0 0 0 0 0 0 0 0 0 0 0 0 0 0 0 0 0 0 0 0 0 0 0 0 0 1 1 1 1 1 2 0 0 0 0 0 0 0 0 0 0 0 0 0 0 0 0 0 0 0 0 0 0 0 0 0 0 0 1 1 1 7 5 3 7 9 14 8 10 11 12 16 6 3 2 1 1 2
0 0 0 0 0 0 0 0 0 0 0 0 0 0 0 0 0 0 0 0 0 0 0 0 0 0 0 0 0 0 0 0 0 0 0 0 0 0 0 0 0 0 0 0 3 5 3 1 6 1 1 0 0 0 0 0 0 0 0 0 0 0 0 0 0 0 0 0 0 0 0 0 1 0 1 1 3 1 1 2 3 3 5 9 12 7 7 10 10 6 7 4 5 1 2 2
0 0 0 0 0 0 0 0 0 0 0 0 0 0 0 0 0 0 0 0 0 0 0 0 0 0 0 0 0 0 0 0 0 0 0 0 0 0 0 0 0 0 0 0 0 0 0 0 5 2 2 2 0 1 0 0 0 0 0 0 0 0 0 0 1 0 0 0 0 0 0 0 0 0 1 1 4 6 3 1 2 2 4 4 10 6 8 10 4 4 5 3 4 3 1 1
0 0 0 0 0 0 0 0 0 0 0 0 0 0 0 0 0 0 0 0 0 0 0 0 0 0 0 0 0 0 0 0 0 0 0 0 0 0 0 0 1 1 1 0 0 0 0 0 0 0 0 0 0 0 0 0 0 0 0 0 0 0 1 1 1 1 1 0 0 0 0 0 0 0 0 1 1 1 1 1 2 2 4 5 6 4 4 4 3 2 4 3 2 2 1 2
0 0 0 0 0 0 0 0 0 0 0 0 0 0 0 0 0 0 0 0 0 0 0 0 0 0 0 0 0 0 0 0 0 0 0 0 0 0 1 2 3 3 1 0 0 0 0 0 0 0 0 0 0 0 0 0 0 0 0 0 0 1 0 1 0 0 1 0 0 0 0 0 0 0 0 0 1 1 1 1 1 1 7 4 2 3 3 5 3 3 3 3 1 1 2 3
0 0 0 0 0 0 0 0 0 0 0 0 0 0 0 0 0 0 0 0 0 0 0 0 0 0 0 0 0 0 0 0 0 0 0 0 0 1 3 2 5 6 5 1 0 0 0 0 0 0 0 1 0 0 0 0 0 0 0 0 0 1 0 0 0 0 0 0 0 0 0 0 1 1 0 0 0 0 0 1 1 1 1 1 2 2 1 3 2 1 2 1 1 2 4 1
0 0 0 0 0 0 0 0 0 0 0 0 0 0 0 0 0 0 0 0 0 0 0 0 0 0 0 0 0 0 0 0 0 0 0 1 2 3 4 6 8 9 2 1 1 2 1 1 1 0 0 1 0 0 0 0 0 0 0 0 0 0 0 0 0 0 0 1 0 0 0 0 0 0 1 0 0 0 0 0 0 0 0 0 1 1 1 1 1 0 1 1 1 1 1 1
0 0 0 0 0 0 0 0 0 0 0 0 0 0 0 0 0 0 0 0 0 0 0 0 0 0 0 0 0 0 0 0 0 0 0 2 2 5 8 7 6 1 2 1 4 2 1 4 1 1 0 0 1 1 0 0 0 1 1 1 0 0 0 0 0 0 0 0 1 0 0 0 0 0 0 0 1 2 1 0 0 1 0 1 1 1 1 1 2 3 1 1 0 0 1 1
0 0 0 0 0 0 0 0 0 0 0 0 0 0 0 0 0 0 0 0 0 0 0 0 0 0 0 0 0 0 0 0 0 1 2 1 1 1 1 1 3 2 1 3 9 5 2 2 2 1 1 0 4 1 0 1 0 1 0 0 1 0 0 0 0 0 0 0 0 0 0 0 0 0 0 0 0 0 0 1 2 3 1 1 0 0 1 3 1 2 1 4 2 1 1 1
0 0 0 0 0 0 0 0 0 0 0 0 0 0 0 0 0 0 0 0 0 0 0 0 0 0 0 0 0 0 0 0 0 0 1 1 1 2 1 2 1 1 2 4 12 4 1 1 2 2 1 0 1 11 3 2 0 0 0 1 0 1 0 0 0 0 0 0 0 0 0 0 0 0 0 1 0 1 2 3 1 3 1 1 0 0 0 1 1 2 1 3 10 4 1 1
0 0 0 0 0 0 0 0 0 0 0 0 0 0 0 0 0 0 0 0 0 0 0 0 0 0 0 0 0 0 0 0 2 1 1 1 2 4 5 3 2 1 1 1 5 1 2 2 2 1 2 1 1 1 10 3 0 0 0 1 0 0 0 0 0 0 0 0 0 1 1 1 0 0 1 1 1 0 0 3 1 2 2 2 0 1 0 1 5 4 3 4 11 10 4 1
0 0 0 0 0 0 0 0 0 0 0 0 0 0 0 0 0 0 0 0 0 0 0 0 0 0 0 0 0 0 1 1 1 1 1 1 2 8 5 4 2 1 2 3 3 1 2 5 2 2 4 1 2 4 1 3 1 0 1 1 0 0 0 0 0 0 0 0 1 5 4 6 0 1 1 1 1 1 1 3 1 0 1 5 1 1 1 2 5 2 2 2 8 7 6 4
0 0 0 0 0 0 0 0 0 0 0 0 0 0 0 0 0 0 0 0 0 0 0 0 0 0 0 0 0 0 1 1 1 1 2 6 7 2 3 7 2 1 1 6 4 1 3 3 3 4 7 4 4 9 4 2 1 1 1 0 0 0 0 0 0 0 0 1 2 1 4 3 1 0 0 2 0 1 0 1 2 0 2 8 1 1 3 2 1 12 4 1 3 4 12 13
0 0 0 0 0 0 0 0 0 0 0 0 0 0 0 0 0 0 0 0 0 0 0 0 0 0 0 0 0 0 0 1 1 1 1 1 1 1 1 2 2 0 0 0 2 1 3 3 10 14 18 17 7 9 4 6 3 2 1 1 0 0 0 1 0 1 0 0 1 0 0 0 1 1 0 0 0 1 1 0 0 0 1 5 5 2 3 5 3 3 8 3 6 10 32 14
0 0 0 0 0 0 0 0 0 0 0 0 0 0 0 0 0 0 0 0 0 0 0 0 0 0 0 0 0 0 0 0 0 0 1 1 1 1 1 0 2 0 1 1 0 0 4 6 9 26 29 25 13 19 9 15 9 3 2 3 0 1 2 1 1 0 0 0 0 0 0 1 3 1 1 2 1 1 0 1 1 0 2 6 11 2 1 2 3 2 2 2 6 10 10 10
0 0 0 0 0 0 0 0 0 0 0 0 0 0 0 0 0 0 0 0 0 0 0 0 0 0 0 0 0 0 0 0 1 1 1 2 5 6 3 0 1 1 0 1 0 1 0 7 9 11 16 10 11 11 15 7 7 3 5 3 0 1 0 1 2 1 0 0 1 0 0 3 2 2 0 0 0 1 1 2 2 2 2 9 18 38 9 5 3 2 3 1 9 35 17 7
0 0 0 0 0 0 0 0 0 0 0 0 0 0 0 0 0 0 0 0 0 0 0 0 0 0 0 0 0 0 0 0 0 1 1 2 5 7 7 0 1 1 1 1 2 3 4 1 5 9 5 6 3 4 10 14 10 7 7 5 1 2 1 1 1 0 0 0 0 0 0 2 1 2 0 0 0 0 4 2 2 3 4 9 27 42 42 4 3 4 4 3 12 33 23 29
0 0 0 0 0 0 0 0 0 0 0 0 0 0 0 0 0 0 0 0 0 0 0 0 0 0 0 0 0 0 0 0 0 0 1 4 2 4 6 2 4 5 3 3 6 7 9 5 2 1 1 1 1 0 3 22 45 53 12 2 7 2 2 1 2 1 0 1 0 0 3 2 1 1 0 1 3 1 3 2 2 2 2 1 20 24 26 17 9 5 6 5 6 20 26 6
0 0 0 0 0 0 0 0 0 0 0 0 0 0 0 0 0 0 0 0 0 0 0 0 0 0 0 0 0 0 0 0 0 0 1 2 1 1 2 7 5 7 9 13 12 6 10 10 4 3 3 3 4 0 1 6 46 48 17 4 4 4 1 1 1 0 0 0 0 2 3 3 3 7 1 1 3 3 5 18 5 4 2 2 4 13 22 17 29 10 9 11 5 15 46 8
0 0 0 0 0 0 0 0 0 0 0 0 0 0 0 0 0 0 0 0 0 0 0 0 0 0 0 0 0 0 0 0 0 0 0 0 1 1 1 3 8 10 10 4 7 3 8 12 6 5 6 1 3 1 3 2 7 11 16 12 6 2 1 2 2 0 0 2 5 3 8 18 2 19 2 1 3 17 5 20 18 9 8 3 4 31 51 32 47 21 18 11 4 10 42 27
0 0 0 0 0 0 0 0 0 0 0 0 0 0 0 0 0 0 0 0 0 0 0 0 0 0 0 0 0 0 0 0 0 0 1 0 0 1 1 4 3 4 12 10 5 5 8 18 15 5 11 7 2 4 7 4 7 21 26 14 3 2 9 6 2 0 3 2 3 4 3 4 2 3 8 5 3 3 5 26 5 5 19 10 10 4 42 20 53 13 23 12 8 8 18 29
0 0 0 0 0 0 0 0 0 0 0 0 0 0 0 0 0 0 0 0 0 0 0 0 0 0 0 0 0 0 0 0 0 1 1 0 3 1 2 1 3 3 3 4 12 16 50 34 32 8 10 8 7 8 14 10 10 24 36 25 22 2 3 3 1 1 5 1 3 5 10 3 6 2 11 16 5 3 8 44 53 15 5 30 23 7 5 15 51 38 39 27 13 12 18 39
0 0 0 0 0 0 0 0 0 0 0 0 0 0 0 0 0 0 0 0 0 0 0 0 0 0 0 0 0 0 0 1 1 0 0 3 2 1 1 1 2 7 5 5 5 25 23 9 14 9 21 11 11 12 12 13 8 13 32 12 8 4 2 1 1 4 6 0 2 2 6 12 13 3 3 11 11 18 6 37 59 28 38 11 24 12 4 13 62 65 18 44 28 16 24 43
0 0 0 0 0 0 0 0 0 0 0 0 0 0 0 0 0 0 0 0 0 0 0 0 0 0 0 0 0 0 0 0 0 0 0 0 1 1 0 1 2 6 7 11 12 5 4 4 2 2 10 7 4 6 13 7 8 8 10 12 10 5 2 3 10 4 2 1 2 3 3 11 9 8 8 26 28 12 13 7 32 41 25 50 14 11 8 11 12 45 16 33 30 15 15 22
0 0 0 0 0 0 0 0 0 0 0 0 0 0 0 0 0 0 0 0 0 0 0 0 0 0 0 0 0 0 0 0 0 0 0 0 0 1 1 0 1 4 9 16 13 13 11 10 9 9 4 4 2 1 2 2 2 3 16 13 14 5 6 6 2 6 2 3 7 5 3 9 16 19 3 29 44 17 19 13 25 53 19 10 41 22 13 15 14 23 29 31 40 21 12 13
0 0 0 0 0 0 0 0 0 0 0 0 0 0 0 0 0 0 0 0 0 1 1 2 1 1 1 0 1 0 2 3 2 1 0 0 0 0 0 1 2 2 3 6 12 18 20 15 14 14 7 8 9 9 9 8 9 8 22 18 11 7 4 4 3 9 5 9 2 11 4 3 14 10 5 16 21 8 11 11 12 31 60 11 23 11 17 9 9 18 12 23 12 13 10 14
0 0 0 0 0 0 0 0 0 0 0 0 0 0 0 0 0 0 0 1 1 2 2 3 2 4 3 2 3 4 2 1 1 2 1 0 0 0 0 0 1 2 3 8 8 11 17 13 14 15 11 12 15 15 8 14 9 9 15 9 9 5 2 2 2 8 5 10 10 15 2 4 7 11 9 18 18 29 7 12 15 7 22 17 15 26 11 12 3 11 15 12 16 13 16 16
0 0 0 0 0 0 0 0 0 0 0 0 0 0 0 1 1 0 1 0 0 1 2 3 5 4 35 9 8 7 1 0 0 1 1 1 1 1 1 1 1 3 5 5 12 12 9 19 16 11 10 11 12 11 11 13 12 3 7 5 5 3 2 4 8 24 23 7 9 4 9 4 9 12 13 8 8 22 21 10 19 11 22 22 7 31 14 10 4 7 19 20 15 22 14 9
0 0 0 0 0 0 0 0 0 0 0 0 1 1 3 3 2 2 2 1 0 0 1 3 3 2 2 5 6 5 1 0 0 0 0 0 1 1 1 2 1 2 4 5 2 3 2 7 14 10 14 14 10 9 9 17 12 4 4 3 2 5 7 11 15 12 5 7 4 11 10 15 8 8 13 9 10 12 26 16 14 14 14 11 14 13 15 15 10 5 13 7 10 17 8 9
0 0 0 0 0 0 0 0 0 1 2 2 4 6 4 15 3 3 7 1 4 1 1 2 1 1 2 2 1 1 4 1 1 0 0 0 0 0 1 2 2 2 6 2 3 4 2 9 5 3 3 3 2 6 6 3 11 6 4 3 3 5 11 11 15 11 4 13 22 9 14 10 8 8 7 5 8 8 13 17 16 15 6 13 9 5 6 4 7 4 4 1 2 3 4 6
0 0 0 0 0 0 0 1 1 3 3 9 6 12 9 9 2 3 8 4 1 1 1 1 1 1 0 0 1 1 1 8 1 0 0 0 2 8 9 5 4 3 2 1 3 3 3 1 1 2 2 5 7 7 4 4 9 5 8 2 4 6 14 7 14 6 5 10 20 21 11 9 4 9 7 4 3 1 4 8 15 10 5 4 3 4 3 4 2 3 3 3 16 10 11 16
0 0 0 0 1 2 1 2 4 5 5 22 8 12 5 10 4 10 6 7 1 3 3 1 1 0 0 0 0 0 0 1 1 0 0 1 0 1 1 1 1 1 2 3 4 3 4 2 3 4 12 15 10 6 15 2 12 9 2 1 1 4 3 9 8 10 6 4 7 10 7 8 4 1 1 2 4 3 8 14 9 14 8 14 17 17 15 13 13 21 7 10 33 22 14 28
0 1 1 2 2 2 3 6 10 7 31 8 3 7 5 6 8 8 7 8 2 1 2 1 1 0 0 0 1 1 1 1 1 0 1 1 1 1 2 1 3 2 3 4 6 7 6 5 4 5 8 17 14 15 17 6 14 9 4 6 3 1 1 1 2 2 4 3 3 3 4 3 3 5 10 10 17 11 19 11 14 21 12 20 18 39 24 13 23 23 14 17 26 23 18 30
2 5 4 3 5 5 11 6 9 6 20 1 2 2 4 7 8 4 3 6 3 1 0 0 1 1 1 1 1 0 3 2 1 1 1 1 1 1 1 1 2 2 3 3 7 5 9 6 3 13 8 7 7 5 4 3 17 6 5 11 9 6 6 7 7 8 15 11 9 8 9 9 14 15 14 8 16 16 17 17 18 19 19 19 39 27 23 19 22 14 23 18 28 18 34 28
0 0 2 4 7 5 9 7 2 0 0 0 1 1 1 1 1 3 5 9 3 1 1 1 1 1 2 1 2 1 2 1 1 1 1 2 1 1 1 1 1 3 3 4 3 3 5 4 4 6 7 5 5 5 3 4 4 3 4 7 6 8 8 10 12 10 17 17 13 7 14 13 11 12 19 13 13 21 13 22 23 16 21 20 46 23 22 22 22 21 22 18 28 28 27 34
0 0 0 0 0 0 1 1 1 0 0 1 1 2 1 0 0 1 5 4 1 1 3 1 2 2 2 1 1 1 1 1 1 1 0 0 1 0 1 1 1 2 1 1 2 2 5 3 2 3 5 3 1 4 2 5 2 2 4 3 8 5 5 5 7 5 19 11 7 12 11 10 16 10 16 11 11 19 19 22 16 13 21 25 27 21 18 24 18 19 19 17 39 26 17 19
0 1 1 0 1 1 0 0 1 0 1 1 1 1 0 0 0 1 1 2 2 3 3 1 1 1 1 1 1 0 0 0 0 0 0 0 0 0 0 1 1 1 1 1 1 3 2 1 3 3 3 3 1 4 3 1 3 3 3 2 4 3 7 8 6 9 8 9 9 7 8 16 14 9 15 14 10 19 11 16 12 17 21 35 28 17 9 27 16 20 23 25 25 10 26 16
0 0 1 1 0 0 0 0 1 1 2 2 2 1 1 2 2 2 3 3 8 4 3 1 1 0 0 1 1 0 0 0 0 0 0 0 0 0 0 1 0 0 1 1 1 3 1 1 3 2 2 1 1 1 0 1 3 2 1 3 2 4 5 4 3 6 8 8 4 8 18 17 14 7 11 15 12 16 9 9 12 16 20 21 15 9 10 22 16 11 26 23 22 9 6 24
0 0 1 1 1 1 1 1 1 1 1 4 4 2 2 3 2 4 4 4 4 2 0 1 1 0 0 0 0 0 0 0 0 0 0 0 0 0 0 0 0 0 1 0 0 3 1 1 1 1 1 1 1 0 0 0 1 3 1 2 2 5 4 2 6 7 9 7 4 7 11 18 13 6 9 12 13 9 7 6 10 26 24 23 21 7 18 41 18 6 19 30 31 11 5 24
0 1 0 1 0 1 1 0 0 1 1 2 2 2 3 3 3 3 3 2 2 1 0 0 0 0 0 0 0 0 0 0 0 0 0 0 0 0 0 0 0 0 0 0 0 0 0 1 0 0 0 0 1 0 0 0 0 1 0 2 2 2 2 6 5 6 4 2 4 9 11 13 9 6 6 15 18 8 8 5 10 28 10 9 11 9 16 28 15 9 7 38 37 17 7 15
0 0 0 1 0 0 0 0 0 0 1 1 1 1 3 1 2 2 1 1 1 1 0 0 0 0 0 0 0 0 0 0 0 0 0 0 0 0 0 0 0 0 0 0 0 0 0 0 0 0 0 0 0 0 0 0 0 0 0 1 2 2 3 6 1 5 1 2 2 8 10 8 7 5 5 9 19 4 7 3 17 29 10 4 4 8 12 20 11 7 6 17 24 22 4 10
0 0 0 0 0 0 0 0 0 0 0 0 0 1 0 0 0 1 1 0 0 0 0 0 0 0 0 0 0 0 0 0 0 0 0 0 0 0 0 0 0 0 0 0 0 0 0 0 0 0 0 0 0 0 0 0 0 0 0 0 0 1 4 1 3 3 2 3 3 5 4 3 4 2 2 5 3 2 6 2 5 9 7 7 3 4 8 10 6 7 5 6 11 5 4 6
0 0 0 0 0 0 0 0 0 0 0 0 0 0 0 0 0 0 0 0 0 0 0 0 0 0 0 0 0 0 0 0 0 0 0 0 0 0 0 0 0 0 0 0 0 0 0 0 0 0 0 0 0 0 0 0 0 0 0 0 0 1 0 1 4 1 1 3 2 2 1 3 1 1 1 2 2 1 3 2 2 4 2 2 2 1 2 8 7 4 2 3 6 3 1 4
0 0 0 0 0 0 0 0 0 0 0 0 0 0 0 0 0 0 0 0 0 0 0 0 0 0 0 0 0 0 0 0 0 0 0 0 0 0 0 0 0 0 0 0 0 0 0 0 0 0 0 0 0 0 0 0 0 0 0 0 0 0 0 1 0 0 2 1 1 0 0 1 0 0 0 1 0 1 1 0 1 2 1 1 1 2 1 1 6 2 1 1 3 1 1 1
0 0 0 0 0 0 0 0 0 0 0 0 0 0 0 0 0 0 0 0 0 0 0 0 0 0 0 0 0 0 0 0 0 0 0 0 0 0 0 0 0 0 0 0 0 0 0 0 0 0 0 0 0 0 0 0 0 0 0 0 0 0 0 0 0 1 0 0 0 0 0 1 0 0 0 0 0 1 1 0 0 0 0 1 1 1 1 1 2 1 0 1 1 0 1 0
0 0 0 0 0 0 0 0 0 0 0 0 0 0 0 0 0 0 0 0 0 0 0 0 0 0 0 0 0 0 0 0 0 0 0 0 0 0 0 0 0 0 0 0 0 0 0 0 0 0 0 0 0 0 0 0 0 0 0 0 0 0 0 0 0 0 0 0 0 0 0 0 0 0 0 0 0 0 0 0 0 0 0 0 1 0 0 0 1 0 0 0 1 1 1 1
0 0 0 0 0 0 0 0 0 0 0 0 0 0 0 0 0 0 0 0 0 0 0 0 0 0 0 0 0 0 0 0 0 0 0 0 0 0 0 0 0 0 0 0 0 0 0 0 0 0 0 0 0 0 0 0 0 0 0 0 0 0 0 0 0 0 0 0 0 0 0 0 0 0 0 0 0 0 0 0 0 0 0 0 1 0 0 0 0 1 0 1 1 1 3 6
0 0 0 0 0 0 0 0 0 0 0 0 0 0 0 0 0 0 0 0 0 0 0 0 0 0 0 0 0 0 0 0 0 0 0 0 0 0 0 0 0 0 0 0 0 0 0 0 0 0 0 0 0 0 0 0 0 0 0 0 0 1 0 0 0 0 0 0 0 0 0 0 0 1 1 1 1 2 1 0 0 1 1 1 0 3 2 2 1 0 1 0 1 3 1 4
0 0 0 0 0 0 0 0 0 0 0 0 0 0 0 0 0 0 0 0 0 0 0 0 0 0 0 0 0 0 0 0 0 0 0 0 0 0 0 0 0 0 0 0 0 0 0 0 0 0 0 0 0 0 0 0 1 0 1 0 0 0 0 0 0 0 0 0 2 0 0 0 0 0 0 1 0 1 0 5 0 1 3 1 0 3 1 2 4 3 3 0 2 2 1 1
0 0 0 0 0 0 0 0 0 0 0 0 0 0 0 0 0 0 0 0 0 0 0 0 0 0 0 0 0 0 0 0 0 0 0 0 0 0 0 0 0 0 0 0 0 0 0 0 0 0 0 0 0 0 0 1 0 0 0 1 0 0 0 0 0 0 0 0 1 0 0 1 1 0 0 2 0 0 0 3 2 1 0 2 2 6 2 5 7 7 1 4 1 1 4 10
0 0 0 0 0 0 0 0 0 0 0 0 0 0 0 0 0 0 0 0 0 0 0 0 0 0 0 0 0 0 0 0 0 0 0 0 0 0 0 0 0 0 0 0 0 0 0 0 0 0 0 0 0 1 1 3 0 1 2 1 1 0 0 0 0 2 1 1 0 1 0 0 1 0 1 2 0 0 0 1 1 1 0 0 1 5 5 6 12 4 1 9 2 2 6 7
0 0 0 0 0 0 0 0 0 0 0 0 0 0 0 0 0 0 0 0 0 0 0 0 0 0 0 0 0 0 0 0 0 0 0 0 0 0 0 0 0 0 0 0 0 0 0 0 0 1 2 3 0 2 4 7 1 2 4 2 1 0 1 1 0 0 0 0 1 5 0 0 1 0 1 1 5 0 1 8 3 4 3 1 1 2 6 7 4 3 5 20 2 2 1 2
0 0 0 0 0 0 0 0 0 0 0 0 0 0 0 0 0 0 0 0 0 0 0 0 0 0 0 0 0 0 0 0 0 0 0 0 0 0 0 0 0 0 0 1 1 0 0 0 0 1 3 2 2 1 3 14 1 1 3 2 4 2 2 3 0 0 1 0 1 3 1 1 0 1 2 12 5 4 1 17 1 6 10 2 1 2 6 3 4 1 16 30 7 3 7 2
0 0 0 0 0 0 0 0 0 0 0 0 0 0 0 0 0 0 0 0 0 0 0 0 0 0 0 0 0 0 0 0 0 0 0 0 0 0 0 0 0 0 1 0 3 0 0 0 0 1 4 2 1 0 0 2 4 5 6 5 12 4 5 4 2 1 2 1 5 2 7 2 1 1 2 9 10 9 3 8 9 7 12 14 4 3 2 2 1 3 17 7 17 4 7 5
0 0 0 0 0 0 0 0 0 0 0 0 0 0 0 0 0 0 0 0 0 0 0 0 0 0 0 0 0 0 0 0 0 0 0 0 0 0 0 0 0 0 0 0 0 0 2 1 0 0 1 0 0 0 0 0 0 2 3 3 4 7 5 4 10 1 1 1 0 8 39 1 1 1 5 4 6 6 2 4 4 2 17 28 11 5 1 1 2 2 1 4 27 4 3 8
0 0 0 0 0 0 0 0 0 0 0 0 0 0 0 0 0 0 0 0 0 0 0 0 0 0 0 0 0 0 0 0 0 0 0 0 0 0 0 0 0 0 0 0 0 0 0 1 1 0 0 0 1 0 0 1 1 0 1 2 2 1 2 6 15 5 1 3 5 13 31 3 1 0 1 2 7 4 7 10 6 1 10 22 30 4 3 2 5 7 3 4 44 9 9 17
0 0 0 0 0 0 0 0 0 0 0 0 0 0 0 0 0 0 0 0 0 0 0 0 0 0 0 0 0 0 0 0 0 0 0 0 0 0 0 0 0 0 0 0 0 0 0 0 0 0 1 2 2 1 1 1 1 1 1 0 0 0 0 14 10 8 4 2 2 11 18 17 6 1 1 3 6 4 5 4 10 7 3 37 37 16 5 4 10 5 16 46 44 41 16 21
0 0 0 0 0 0 0 0 0 0 0 0 0 0 0 0 0 0 0 0 0 0 0 0 0 0 0 0 0 0 0 0 0 0 0 0 0 0 0 0 0 0 0 0 0 0 0 1 1 0 1 6 8 7 7 4 2 2 2 2 2 1 2 4 5 8 6 2 1 9 5 25 20 3 2 8 8 8 4 14 25 6 4 5 35 48 8 5 22 24 18 30 13 38 9 7
0 0 0 0 0 0 0 0 0 0 0 0 0 0 0 0 0 0 0 0 0 0 0 0 0 0 0 0 0 0 0 0 0 0 0 0 0 0 0 1 0 0 0 0 0 0 1 1 1 1 1 4 22 34 14 16 11 9 6 6 27 28 32 22 12 10 6 3 1 1 4 10 46 15 13 2 8 11 5 1 4 9 9 23 39 61 19 12 6 13 11 7 50 44 64 19
0 0 0 0 0 0 0 0 0 0 0 0 0 0 0 0 0 0 0 0 0 0 0 0 0 0 0 0 0 0 0 0 0 0 0 0 0 0 1 1 1 1 0 0 1 1 1 2 1 1 1 2 14 28 24 31 45 34 13 7 6 9 15 25 38 35 33 18 6 0 1 17 20 19 11 12 7 3 5 5 18 19 8 9 10 47 40 13 6 8 10 11 8 32 29 35
0 0 0 0 0 0 0 0 0 0 0 0 0 0 0 0 0 0 0 0 0 0 0 0 0 0 0 0 0 0 0 0 0 0 0 0 0 0 0 0 0 5 3 1 4 2 1 2 2 3 4 2 2 3 21 21 19 45 48 29 22 17 9 15 22 45 44 46 37 27 11 25 13 38 11 11 7 6 9 7 6 11 6 23 11 43 64 11 6 20 22 11 10 15 34 49
0 0 0 0 0 0 0 0 0 0 0 0 0 0 0 0 0 0 0 0 0 0 0 0 0 0 0 0 0 0 0 0 0 0 0 0 0 0 0 1 0 0 1 8 8 17 10 5 4 2 4 5 5 4 6 13 12 10 30 29 31 38 47 30 12 14 50 56 56 33 30 50 25 62 37 19 17 18 9 5 6 18 6 17 22 11 56 22 7 19 25 21 6 4 35 53
0 0 0 0 0 0 0 0 0 0 0 0 0 0 0 0 0 0 0 0 0 0 0 0 0 0 0 0 0 0 0 0 0 0 0 0 0 0 0 1 1 1 1 1 1 15 18 16 6 4 3 6 7 4 1 1 2 2 2 2 9 18 14 30 36 14 16 31 26 24 41 38 38 36 44 46 53 35 16 21 22 20 7 9 39 53 25 40 11 4 26 25 9 24 62 18
0 0 0 0 0 0 0 0 0 0 0 0 0 0 0 0 0 0 0 0 0 0 0 0 0 0 0 0 0 0 0 0 0 0 0 0 0 0 0 0 0 1 2 2 3 3 1 1 6 6 10 3 4 2 4 6 5 6 6 6 7 3 2 3 5 4 3 2 4 16 23 37 32 28 20 19 17 42 35 26 20 15 37 31 32 45 35 48 29 7 9 23 41 74 35 65
0 0 0 0 0 0 0 0 0 0 0 0 0 0 0 0 0 0 0 0 0 0 0 0 0 0 0 0 0 0 0 0 0 0 0 0 0 0 0 0 0 1 1 2 3 2 3 3 3 2 2 1 2 6 6 8 9 10 12 19 8 2 2 7 8 15 8 9 3 2 7 29 19 10 10 14 18 32 37 51 41 17 13 16 17 22 35 48 51 15 8 22 81 50 43 56
0 0 0 0 0 0 0 0 0 0 0 0 0 0 0 0 0 0 0 0 0 0 0 0 0 0 0 0 0 0 0 0 0 0 0 0 0 0 0 0 0 0 0 1 1 1 1 3 3 3 5 6 7 8 7 6 11 15 17 20 10 8 9 14 12 10 14 8 4 8 6 2 1 2 3 2 7 8 4 9 16 11 12 9 10 12 34 44 34 21 10 63 61 33 68 63
0 0 0 0 0 0 0 0 0 0 0 0 0 0 0 0 0 0 0 0 0 0 0 0 0 0 0 0 0 0 0 0 0 0 0 0 0 0 0 0 0 0 0 0 1 1 2 2 3 3 4 2 2 4 6 6 8 10 20 18 10 10 12 11 18 21 26 23 12 14 4 2 1 4 4 7 22 13 10 9 10 7 4 7 8 12 21 30 50 42 16 80 24 17 62 73
0 0 0 0 0 0 0 0 0 0 0 0 0 0 0 0 0 0 0 0 0 0 0 0 0 0 0 0 0 0 0 0 0 0 0 0 0 0 0 0 0 0 1 0 1 1 1 1 2 1 4 2 2 2 3 3 10 11 17 13 5 9 8 13 15 30 28 30 26 14 10 12 11 15 15 22 29 20 13 13 26 34 22 12 18 13 6 13 27 60 40 76 27 25 73 88
0 0 0 0 0 0 0 0 0 0 0 0 0 0 0 0 0 0 0 0 0 0 0 0 0 0 0 0 0 0 0 0 0 0 0 0 0 0 0 0 0 0 0 0 0 1 1 1 1 1 1 2 1 1 2 3 6 6 6 6 6 5 8 8 9 26 28 23 22 10 18 18 20 21 18 19 29 17 19 19 21 24 17 32 37 25 28 9 16 38 38 37 38 26 51 69
0 0 0 0 0 0 0 0 0 0 0 0 0 0 0 0 0 0 0 0 0 0 0 0 0 0 0 0 0 0 0 0 0 0 0 0 0 0 0 0 0 0 0 0 0 0 0 1 0 0 0 1 1 1 1 2 3 3 2 1 2 4 4 4 13 15 16 18 8 7 12 13 14 28 14 21 20 28 14 18 24 23 27 45 41 47 36 15 10 37 38 52 40 20 38 57
0 0 0 0 0 0 0 0 0 0 0 0 0 0 0 0 0 0 0 0 0 0 0 0 0 0 0 0 0 0 0 0 0 0 0 0 0 0 0 0 0 0 0 0 0 0 0 0 0 0 0 0 0 0 1 2 1 1 1 1 1 2 1 3 8 9 11 13 6 12 15 15 10 13 14 14 16 12 9 18 22 22 24 48 26 27 18 20 16 11 20 44 38 14 36 26
0 0 0 0 0 0 0 1 1 0 0 0 0 0 0 0 0 0 0 0 0 0 0 0 0 0 0 0 0 0 0 0 0 0 0 0 0 0 0 0 0 0 0 0 0 0 0 0 0 0 1 0 0 0 0 0 0 1 0 0 0 1 1 3 2 6 7 4 4 6 9 10 4 8 6 6 10 8 6 10 17 17 31 21 17 26 28 46 48 25 7 8 26 19 17 22
