sesion_6_simulaciones/modelos_agentes/ejemplos_netlogo/scenarios/cgcm2_a2/rob_2037.asc
NCOLS 322 
NROWS 307 
XLLCORNER 451900 
YLLCORNER 4086900 
CELLSIZE 100 
NODATA_value -9999 
[rows 0 to 74 of 307, columns 96 to 191 of 322]
66 21 5 5 43 20 20 15 15 15 31 28 32 51 47 16 29 19 18 7 22 19 15 41 18 12 20 21 28 18 7 6 12 20 13 12 12 24 34 16 10 33 68 72 81 67 84 83 88 82 83 88 71 42 59 53 63 29 45 47 51 31 29 17 53 57 56 13 11 41 50 29 23 27 22 12 14 16 8 40 22 10 14 12 14 7 8 10 16 32 17 13 11 4 9 22
8 15 13 8 14 36 20 16 12 25 21 31 59 56 32 26 8 7 5 9 16 3 6 7 18 12 19 11 14 43 21 9 8 13 7 13 18 24 34 39 43 52 46 41 82 83 84 82 92 72 88 80 47 44 77 33 17 23 16 28 11 36 26 16 30 16 20 50 48 42 28 54 64 37 49 52 50 17 20 21 15 12 20 19 22 12 12 18 25 23 32 26 32 18 24 25
1 5 4 24 13 21 19 10 12 18 12 22 30 27 7 6 13 21 23 26 36 5 9 8 14 14 21 10 22 23 35 30 4 14 38 36 39 47 52 55 60 68 52 56 20 12 25 50 91 82 81 80 42 73 74 71 47 20 22 31 26 59 77 76 76 58 47 70 37 48 42 44 52 50 53 67 70 60 35 25 22 20 31 27 27 19 20 36 22 25 38 28 33 43 30 32
1 1 1 3 3 4 4 28 13 6 6 11 14 21 22 24 23 36 39 33 14 3 16 18 4 9 14 17 16 7 18 19 15 26 39 32 59 58 73 80 83 81 68 30 16 20 9 15 50 24 32 35 19 42 67 31 63 11 12 25 41 58 82 82 80 83 78 57 64 56 60 67 52 51 61 54 50 23 17 27 36 36 50 46 40 29 25 36 23 23 43 45 29 39 32 42
4 5 3 1 1 1 4 23 39 11 27 18 11 14 37 26 22 63 29 14 17 11 13 28 26 17 15 17 13 35 41 27 9 24 51 55 64 74 83 86 85 75 64 39 23 12 15 38 25 20 24 32 10 45 24 46 60 41 10 16 59 74 63 78 71 48 75 46 55 74 72 60 53 42 66 48 46 38 37 40 51 46 75 51 35 36 36 48 33 33 47 63 32 54 50 54
9 3 2 3 1 2 3 6 30 52 18 30 9 25 29 15 44 32 36 23 7 8 21 19 24 14 17 20 9 12 18 36 32 14 56 72 75 82 84 74 75 71 66 44 19 24 22 26 32 27 36 51 13 24 30 53 34 36 25 23 59 68 30 17 26 40 43 25 24 50 22 60 77 58 58 41 45 42 42 58 51 57 61 54 61 46 46 62 60 39 55 38 56 46 66 28
1 4 11 5 4 5 9 4 14 41 42 17 14 18 20 46 23 40 51 35 34 18 9 10 19 21 31 27 15 8 15 46 47 32 47 78 83 81 70 69 66 60 30 17 23 51 27 41 41 42 34 30 32 40 55 44 22 39 43 19 13 17 15 22 13 18 50 65 44 47 25 47 40 21 56 66 66 64 45 63 50 42 52 45 64 66 55 68 67 42 69 59 54 41 27 21
1 2 3 3 2 6 5 2 6 25 74 70 63 42 32 18 19 36 27 28 46 63 21 33 48 34 29 13 25 21 21 24 45 66 47 62 70 69 63 59 46 19 21 16 40 35 29 50 42 44 28 28 49 60 47 49 39 58 63 64 48 22 5 5 22 15 40 21 44 26 45 34 17 36 22 50 57 84 64 37 59 69 53 56 78 54 54 57 61 57 48 35 17 23 21 15
1 1 3 5 3 6 5 3 6 6 25 63 76 77 52 66 24 21 19 49 46 22 25 35 31 15 26 25 19 26 39 34 53 73 80 51 30 36 20 16 23 13 10 19 44 35 18 30 36 32 31 21 71 49 44 58 46 57 25 48 67 54 30 4 15 20 13 11 6 17 48 43 21 21 39 24 34 38 48 69 61 83 52 60 45 31 36 75 53 49 40 72 49 31 22 26
2 1 1 1 5 12 6 2 3 8 17 3 7 7 6 5 28 21 26 30 31 22 34 23 48 37 30 24 30 35 37 67 59 48 63 53 46 41 16 13 5 5 6 16 42 25 10 11 20 32 32 24 31 77 68 71 22 37 19 61 51 50 15 19 5 12 9 5 14 29 31 35 40 30 36 52 23 18 57 64 40 63 49 46 31 37 27 34 35 50 26 35 72 63 23 16
3 1 3 6 10 5 9 10 13 2 6 3 16 11 7 9 23 8 41 21 32 23 31 30 49 20 15 23 36 52 66 64 81 68 45 40 32 45 41 18 9 3 2 5 20 7 6 12 23 19 30 18 32 43 74 58 35 27 37 58 30 30 17 6 11 14 16 7 25 32 36 42 26 16 42 57 40 18 16 48 32 22 44 58 35 38 25 28 60 44 39 27 60 76 49 25
3 2 7 6 7 13 10 24 22 16 4 8 17 26 21 19 22 40 42 27 64 43 21 32 30 27 17 20 27 77 75 65 62 52 39 27 24 32 30 18 7 3 3 6 8 5 5 20 11 17 40 19 29 43 27 37 30 33 44 41 19 18 36 24 12 9 25 20 25 52 64 63 17 26 42 52 36 18 17 52 32 8 29 59 29 37 28 21 38 26 18 23 39 53 56 46
1 4 3 8 12 10 11 9 11 18 18 11 4 6 10 28 39 23 49 41 66 67 28 22 19 24 15 27 42 59 76 53 46 36 32 30 31 10 12 25 6 2 2 8 7 3 7 9 12 25 40 29 28 50 33 27 36 35 47 18 15 19 27 24 13 10 8 20 31 19 35 38 25 24 30 52 29 22 9 16 30 7 37 66 28 30 35 18 11 28 20 8 11 26 54 62
2 2 1 2 3 2 2 2 10 14 23 15 15 15 17 10 31 17 62 30 19 18 49 34 32 19 27 56 60 46 49 46 31 14 11 9 7 4 4 5 6 1 1 1 2 2 3 6 23 38 44 39 25 28 16 31 41 37 36 31 13 12 30 33 22 18 9 9 10 7 3 3 14 27 30 41 30 39 25 13 6 9 16 51 54 21 26 23 13 10 18 9 16 36 72 45
1 0 1 2 2 1 0 3 4 5 14 12 18 20 19 14 10 11 50 33 17 45 57 32 37 33 36 29 49 52 26 16 12 15 16 10 8 6 2 1 5 1 3 1 0 1 3 9 12 34 33 29 19 26 14 38 43 40 44 44 7 20 28 31 22 13 6 7 4 2 3 14 42 41 35 41 43 36 19 17 24 8 21 44 57 20 8 9 10 7 5 4 11 24 33 29
21 1 3 1 3 8 4 3 2 2 2 2 2 4 6 9 16 21 9 5 14 21 12 45 37 50 27 28 21 17 17 33 37 32 19 21 31 24 9 2 2 1 1 1 1 1 1 4 9 11 16 12 11 10 17 14 25 27 43 37 7 18 7 30 45 22 9 9 8 2 6 24 39 47 25 17 29 35 43 34 21 15 17 29 57 79 38 21 8 6 4 2 10 44 29 18
1 2 6 5 6 5 12 7 3 3 8 9 3 2 6 17 18 24 14 21 21 7 12 19 56 45 45 55 72 51 39 22 24 33 30 39 46 36 15 1 3 2 1 1 4 4 3 1 3 5 3 3 2 2 6 17 25 33 37 38 11 28 19 24 36 11 7 8 4 4 7 30 26 38 15 12 23 21 38 26 21 16 16 17 50 73 70 17 8 6 5 3 9 28 29 30
1 5 7 32 25 8 4 6 2 2 5 2 3 3 4 7 18 16 23 25 13 11 14 13 35 45 19 34 31 23 39 34 43 28 58 70 46 42 16 9 13 13 8 7 13 11 11 4 1 0 0 1 0 0 1 18 50 71 40 17 30 23 19 13 22 18 8 14 4 4 32 35 44 32 14 20 42 26 25 29 12 8 5 3 29 34 37 34 16 6 5 3 3 10 16 5
4 6 11 6 2 16 3 3 1 2 3 2 1 1 1 2 5 11 12 7 14 15 14 13 50 70 42 40 31 49 55 57 39 60 64 61 25 20 19 30 21 24 30 38 29 13 15 10 4 2 1 1 2 0 0 2 38 53 28 17 17 24 12 10 17 6 8 8 2 22 53 49 39 49 15 14 39 33 27 62 28 12 5 2 5 16 22 19 27 9 5 4 2 5 26 4
15 8 2 2 0 7 20 3 2 2 7 8 6 4 4 13 4 4 7 9 18 22 27 14 37 46 39 49 56 52 54 70 64 56 53 27 40 38 27 34 51 52 36 14 15 6 10 11 5 3 3 1 1 1 2 1 5 9 17 23 14 8 8 22 22 3 7 26 52 37 55 69 29 64 23 10 28 45 27 56 41 26 13 4 3 15 33 19 30 12 7 3 1 2 14 10
11 5 2 4 1 8 10 14 6 11 12 9 8 3 4 3 2 8 9 10 10 12 10 6 26 43 38 20 20 45 34 31 48 57 64 42 35 44 27 58 24 20 26 13 7 5 5 7 5 2 4 3 1 2 3 2 3 9 19 17 5 5 31 28 18 4 16 25 34 48 35 38 19 21 40 24 13 10 11 55 14 9 21 9 5 2 14 7 30 6 9 3 1 1 3 7
15 3 3 3 13 10 15 25 20 24 30 18 11 6 9 4 6 4 3 21 13 14 14 13 44 28 48 42 23 30 32 43 45 59 67 57 69 41 52 20 25 10 5 4 8 8 19 9 7 2 2 2 2 2 3 2 3 6 16 19 21 5 9 12 8 11 29 7 21 41 43 26 24 10 28 38 16 8 10 56 68 20 5 20 10 2 1 3 20 11 8 6 2 1 2 6
9 3 1 5 20 13 4 11 10 7 3 8 21 10 4 4 4 5 4 15 35 26 28 18 43 17 27 51 29 19 50 59 62 31 17 69 65 34 32 27 28 26 8 3 2 6 4 1 1 1 3 2 2 2 2 2 1 2 7 5 5 6 4 5 7 20 30 3 19 11 26 34 23 6 5 20 18 22 8 27 62 27 22 4 8 2 1 2 13 19 2 9 3 1 1 4
14 4 1 5 22 19 9 18 38 12 28 14 13 53 38 21 16 13 10 41 29 41 34 23 39 33 22 51 53 33 28 26 12 9 10 26 35 44 20 33 26 27 15 11 5 1 1 0 0 0 1 1 0 1 1 1 1 1 1 3 7 6 4 8 25 21 15 6 12 11 11 21 14 11 7 31 29 13 10 4 22 26 11 21 4 2 1 1 1 6 1 3 2 1 1 1
17 12 2 6 25 20 15 8 47 23 9 23 34 41 45 43 57 20 24 20 41 45 65 42 30 31 50 40 65 43 22 14 30 29 19 3 9 29 31 13 21 32 33 25 10 5 3 2 1 1 0 0 0 0 0 0 0 0 2 5 11 6 11 13 8 22 9 12 14 10 6 10 19 19 3 20 26 10 10 5 10 24 6 2 9 3 1 1 1 2 2 2 2 1 0 0
38 27 11 15 34 12 24 7 21 30 27 26 43 53 59 39 57 63 26 26 56 79 79 83 76 67 66 50 67 52 66 61 71 44 21 20 21 15 11 19 40 23 24 23 24 16 10 5 3 3 1 1 1 1 1 1 1 1 4 9 8 8 6 7 6 18 16 22 6 14 4 3 14 8 3 9 9 3 4 3 3 7 16 2 2 1 1 0 0 1 1 1 0 0 0 0
27 21 36 37 38 11 19 14 34 46 39 28 27 63 74 59 58 79 66 76 79 80 86 82 72 78 74 67 74 80 45 24 39 45 42 23 30 23 9 6 26 30 30 39 26 20 16 10 8 5 3 3 3 3 1 2 1 1 4 4 7 5 3 4 3 20 9 16 11 13 2 3 5 6 3 7 5 10 2 3 3 1 3 2 1 2 0 0 0 0 1 0 0 0 0 0
16 34 33 29 42 39 44 32 39 56 53 65 57 66 75 87 83 70 78 46 51 61 67 79 70 67 79 72 75 76 21 12 11 11 23 31 42 22 27 17 15 36 36 26 23 18 12 28 19 9 6 6 5 4 3 3 3 1 2 2 3 2 3 7 14 24 20 7 10 3 5 2 4 4 3 2 1 3 4 1 2 1 2 2 0 2 1 0 0 0 0 0 0 0 0 0
19 43 33 27 45 40 40 38 48 65 76 83 87 88 91 88 82 76 84 69 40 21 50 64 41 37 29 51 54 48 36 8 7 5 7 12 22 17 19 23 8 14 16 15 8 6 3 8 11 9 13 13 7 6 5 8 4 1 1 1 1 3 9 13 16 9 4 5 3 6 5 6 2 2 2 2 1 1 3 2 1 1 1 0 1 1 0 0 0 0 0 0 0 0 0 0
23 43 25 31 60 56 51 66 77 85 87 88 82 85 82 88 77 75 89 42 68 32 18 33 21 11 12 12 16 19 34 24 18 4 6 3 10 7 6 17 13 8 18 5 7 5 2 5 4 2 2 2 2 3 3 1 6 3 2 1 2 4 10 11 11 6 2 6 10 4 5 2 2 1 1 1 1 1 1 1 1 1 0 0 0 0 0 0 0 0 0 0 0 0 0 0
16 55 48 48 60 75 80 85 79 87 81 88 69 84 75 81 60 64 82 70 31 39 18 8 7 5 2 2 7 8 13 46 22 8 8 5 14 27 25 13 13 7 6 3 2 3 3 1 1 1 1 4 7 7 3 3 8 4 6 2 3 5 9 5 7 3 1 3 6 6 3 2 1 1 1 0 0 0 0 0 0 0 0 0 0 0 0 0 0 0 0 0 0 0 0 0
39 58 73 74 85 89 88 87 79 81 74 86 72 68 49 68 54 62 66 71 19 39 37 14 8 2 2 1 2 3 4 9 15 8 8 10 5 10 10 10 7 6 5 9 7 3 3 1 2 3 9 21 21 10 17 2 10 8 1 1 1 2 2 5 3 3 1 1 1 2 1 1 1 0 0 0 0 0 0 1 0 1 0 1 1 1 0 0 0 0 0 0 1 0 0 1
65 78 81 84 84 82 87 78 76 62 81 58 35 44 40 39 43 46 51 60 24 13 16 11 9 5 2 3 7 8 9 17 15 6 18 15 19 18 26 15 26 15 19 18 16 14 8 6 5 6 11 34 43 39 29 10 15 9 3 5 2 0 1 1 1 0 1 1 0 0 0 0 0 1 1 1 2 1 2 1 1 1 1 1 1 3 1 0 1 1 0 0 1 1 0 1
79 80 82 71 81 79 83 67 62 42 51 10 19 13 17 24 25 18 21 40 20 7 3 3 5 7 8 6 10 4 25 37 39 27 39 40 35 27 31 28 28 28 26 23 32 19 19 8 4 20 22 27 46 32 21 16 31 14 11 18 8 5 5 4 3 3 5 3 2 2 2 2 3 3 3 2 3 3 3 3 3 2 2 2 5 3 1 1 1 1 1 1 1 1 2 2
28 38 49 40 62 59 69 65 29 6 3 4 8 4 4 4 5 8 19 30 19 5 6 11 6 7 29 21 33 23 33 40 43 42 43 61 48 26 49 41 37 47 43 39 26 22 23 14 10 16 27 28 46 61 43 41 28 19 24 22 15 16 13 13 11 9 13 7 5 2 5 5 4 5 8 5 5 8 4 6 6 4 4 4 10 3 2 2 2 2 1 1 2 3 3 5
34 21 13 11 6 7 21 25 21 7 4 4 7 6 2 1 1 2 7 12 7 4 26 8 19 29 43 39 55 41 41 38 58 46 38 57 53 33 49 52 43 55 37 32 30 32 44 29 16 17 35 40 22 73 54 62 31 32 40 27 32 19 17 16 14 8 18 8 4 6 6 6 10 6 10 6 6 11 9 8 5 5 8 7 7 4 2 3 2 2 2 2 9 6 4 4
58 66 51 22 18 12 3 7 10 4 7 7 5 2 1 1 0 4 3 6 12 29 39 21 44 43 53 52 43 20 7 20 47 47 43 52 41 45 54 62 62 39 43 37 35 53 40 25 33 26 48 57 42 74 72 40 67 56 48 29 35 25 35 30 17 15 12 11 9 5 8 14 14 8 14 13 9 16 8 12 8 12 13 20 9 4 2 6 4 4 6 8 9 3 9 5
67 50 43 25 14 10 9 9 18 17 17 15 8 2 2 5 6 7 11 20 45 55 53 31 49 39 41 53 52 45 30 22 48 45 49 46 41 48 47 58 29 22 51 53 42 75 48 46 52 25 62 42 77 81 56 63 73 60 35 46 31 41 33 23 13 20 17 12 6 12 24 30 23 12 18 22 21 22 11 10 13 19 19 13 6 3 3 9 6 3 11 15 12 4 3 15
46 55 53 38 36 20 31 28 39 40 38 39 21 13 10 16 10 13 26 36 54 41 23 46 61 45 27 40 56 55 43 28 40 52 34 63 47 73 57 42 46 31 58 41 32 76 59 59 44 31 51 78 76 65 60 55 66 73 42 55 53 53 40 19 37 31 29 16 7 18 27 53 37 21 26 32 32 21 15 9 19 43 32 21 13 4 11 30 12 4 12 29 28 7 3 20
72 70 43 41 25 36 50 46 44 61 51 48 37 31 30 23 25 36 37 46 58 47 50 63 54 39 41 56 47 57 31 48 33 27 57 68 66 55 59 42 43 27 59 24 19 57 65 64 42 47 62 51 76 30 25 20 45 65 37 66 74 56 46 61 43 36 19 7 11 35 45 71 54 33 37 52 61 30 29 12 31 57 26 15 11 8 20 40 19 8 7 48 57 24 9 19
51 60 42 55 40 50 60 63 61 59 69 56 47 42 58 25 29 47 48 50 63 65 45 68 53 54 58 54 48 67 38 59 40 35 42 71 40 54 40 57 45 46 50 33 50 47 77 64 36 48 67 66 64 47 38 28 37 48 35 78 80 68 65 61 22 33 10 8 16 44 61 70 67 46 54 64 74 28 36 15 49 74 39 14 10 14 35 53 28 14 10 42 60 37 9 24
49 56 66 50 38 47 66 56 53 55 73 60 50 61 46 42 29 53 64 48 46 58 66 67 54 53 45 40 37 83 48 64 44 46 54 74 64 52 39 50 38 56 46 36 50 50 63 41 49 37 50 85 72 61 43 45 68 41 47 75 67 69 83 44 49 37 20 20 35 38 71 73 73 43 52 71 58 32 54 26 39 67 48 34 19 22 46 65 38 22 15 32 60 28 19 33
38 40 51 36 30 28 58 52 40 52 51 51 46 59 51 46 48 45 58 54 47 33 43 65 65 57 62 42 34 46 67 79 49 41 59 78 56 34 39 52 40 58 46 40 46 58 44 47 43 45 45 73 40 47 54 51 68 38 60 66 58 72 43 53 72 34 28 28 53 41 64 84 62 35 59 76 64 40 67 35 46 69 43 43 39 27 26 67 65 32 19 41 65 39 28 42
18 42 27 28 31 32 53 59 34 58 52 59 58 48 43 57 45 42 49 56 37 32 27 61 67 54 67 32 37 60 63 72 35 44 67 57 47 54 45 61 63 36 45 61 61 49 37 74 49 44 39 60 30 44 49 68 69 77 67 42 37 28 46 77 40 49 53 29 41 57 51 74 38 38 62 76 50 47 63 32 61 65 49 52 51 51 22 29 73 37 31 38 67 61 51 42
16 18 23 25 41 19 31 29 38 49 45 60 49 43 47 48 41 36 32 40 48 30 56 51 65 62 57 51 17 43 70 79 20 38 53 75 44 26 39 44 64 44 47 36 39 51 54 21 49 55 51 61 60 45 62 62 82 73 59 76 62 40 64 49 62 67 40 40 48 67 46 69 37 42 55 75 48 63 66 34 48 53 42 70 69 62 38 29 73 58 36 49 57 47 55 44
7 12 22 26 35 13 35 31 38 46 50 64 45 30 33 43 47 53 35 17 20 17 64 15 43 60 58 47 24 41 48 56 15 21 66 29 21 17 58 23 58 40 53 44 43 41 41 76 79 90 84 74 70 69 57 71 77 63 63 69 57 57 62 35 66 44 50 52 58 76 46 61 47 62 35 54 44 64 52 44 60 45 45 62 74 44 56 37 48 47 57 45 70 76 77 63
11 8 24 10 14 43 10 17 31 40 52 52 32 46 19 48 17 44 35 18 11 26 40 24 40 55 56 64 22 23 18 43 44 41 28 25 37 41 53 42 51 41 49 72 50 79 63 86 68 77 60 61 63 83 85 78 74 45 45 77 56 54 31 44 72 57 56 60 64 78 80 71 73 65 51 78 47 77 45 43 78 39 72 63 69 48 65 49 40 65 66 71 68 76 78 87
3 9 4 4 8 19 43 13 28 21 14 22 13 31 21 33 24 40 34 38 25 37 37 52 21 28 43 37 50 51 25 17 32 28 71 78 68 61 79 91 81 79 73 91 74 60 86 86 52 71 63 53 61 80 79 65 73 75 66 85 68 80 73 66 58 63 72 61 54 52 68 76 62 81 86 82 82 91 85 66 69 77 76 75 45 86 85 75 66 37 53 48 58 75 59 61
3 5 7 13 30 51 20 13 5 1 3 7 12 33 30 31 27 44 27 27 34 36 35 59 46 33 20 19 24 24 20 31 33 10 22 68 80 36 42 83 81 80 69 83 90 59 65 70 71 70 77 36 45 78 82 51 86 83 93 89 61 71 63 76 69 79 65 76 84 31 42 75 73 50 76 80 64 80 64 89 56 68 80 71 51 81 76 62 86 79 71 35 47 61 42 31
2 2 7 2 3 7 3 4 1 10 13 13 37 29 16 32 15 37 19 20 32 26 42 53 42 35 15 20 37 43 30 8 18 16 13 30 42 24 21 66 71 47 73 89 82 39 53 46 55 59 71 38 44 65 64 74 69 67 79 86 60 29 42 74 79 81 74 70 64 74 31 62 82 47 70 82 38 31 34 84 78 53 50 52 68 74 71 75 87 78 45 74 28 23 54 59
3 5 2 1 5 11 13 4 1 9 13 23 14 23 15 28 22 26 16 17 15 31 40 28 39 41 6 13 18 31 25 14 26 12 15 11 20 54 33 69 45 60 52 55 85 67 45 33 49 43 60 61 38 71 72 88 52 77 91 90 76 25 54 67 71 82 72 78 53 79 47 39 70 46 66 83 55 39 30 75 69 71 19 17 30 63 75 65 78 60 25 80 42 25 36 47
3 4 1 4 2 4 10 9 7 8 16 29 21 11 27 39 22 23 11 14 27 31 19 19 25 21 4 12 12 30 27 19 16 14 17 23 19 23 57 86 56 65 50 68 74 77 45 40 62 48 82 83 53 65 85 90 60 85 90 83 81 45 76 81 68 60 49 41 58 87 50 29 50 30 69 71 86 46 47 81 58 71 64 24 21 36 55 51 51 33 61 91 43 22 10 9
2 3 1 2 13 3 3 15 3 5 18 17 12 14 20 36 39 21 16 25 12 17 12 11 18 31 13 20 37 47 55 39 32 38 45 44 31 39 62 68 66 28 31 68 77 57 34 30 42 50 73 67 69 50 75 89 66 74 81 77 82 73 75 87 48 50 63 34 59 76 71 44 17 30 79 79 78 68 41 83 42 58 78 42 19 15 40 33 35 15 74 90 68 36 29 7
23 1 1 2 2 2 2 6 7 10 23 18 5 10 15 25 24 10 11 13 19 14 10 8 10 20 25 56 74 31 37 29 58 54 46 41 21 37 49 51 77 41 54 37 83 44 47 39 22 40 63 66 49 29 32 67 63 74 81 78 89 74 76 78 76 54 56 42 52 57 83 55 25 22 61 70 78 77 49 61 55 49 65 79 34 15 9 10 10 21 63 53 83 39 28 11
3 5 8 4 4 1 5 3 1 4 13 13 3 4 24 15 7 13 10 16 22 16 11 21 6 10 9 16 50 30 24 63 45 41 65 49 28 16 8 34 36 25 10 9 43 34 66 59 20 15 32 18 30 17 14 22 20 54 58 61 68 67 60 61 86 48 49 39 11 71 94 40 25 20 58 48 47 57 29 38 39 13 59 80 60 25 5 5 7 13 9 32 85 37 17 16
1 4 12 17 26 2 3 2 2 3 10 1 1 2 12 4 4 10 11 7 19 16 12 20 39 66 33 24 31 30 39 38 63 60 50 44 37 41 23 12 16 41 21 11 18 24 32 41 36 13 15 12 27 16 19 35 24 14 23 39 39 18 23 60 89 68 34 31 39 70 89 49 18 10 21 30 47 32 41 45 35 8 31 61 78 18 8 4 17 22 14 31 90 56 42 37
2 8 3 20 21 31 11 5 19 6 13 2 2 2 4 4 5 5 7 20 6 43 23 24 50 66 61 20 20 49 47 32 51 59 31 17 46 41 18 18 21 53 34 20 28 23 23 15 15 7 11 33 41 37 30 30 21 16 13 8 3 1 9 68 71 69 40 16 19 56 71 73 55 18 10 24 36 22 23 14 30 18 11 58 70 44 10 5 17 13 35 77 80 84 52 38
10 23 32 14 15 25 45 3 4 4 9 29 8 4 7 3 2 8 3 2 2 8 8 16 42 60 43 58 53 65 41 27 48 33 46 44 33 49 24 35 28 41 46 26 14 39 22 23 14 5 9 38 49 57 49 42 32 26 22 17 23 20 19 38 38 48 36 11 5 27 25 70 72 24 9 24 32 18 9 19 40 13 8 9 58 70 12 4 20 29 28 51 35 77 34 13
1 2 4 22 26 23 16 3 10 12 43 39 37 20 27 26 3 7 5 3 6 4 14 12 22 27 43 60 50 44 32 34 23 13 48 48 21 20 29 46 36 45 37 27 10 17 46 32 19 9 8 19 55 62 54 53 41 40 32 31 58 62 65 52 37 35 26 14 5 3 18 34 78 45 34 8 17 19 9 1 5 10 10 24 43 63 24 7 3 11 14 12 61 70 84 35
1 2 6 25 49 42 73 20 37 16 25 12 38 33 33 15 14 2 2 2 6 13 7 14 28 17 32 40 30 24 15 40 55 39 55 38 30 38 50 25 45 43 25 29 35 36 46 45 27 16 7 8 21 41 41 52 57 53 29 19 14 24 31 35 48 47 51 36 18 1 4 33 39 39 29 22 11 4 5 5 18 12 5 7 8 44 40 7 2 5 8 13 11 45 47 52
44 23 11 10 7 51 31 11 15 56 25 28 11 16 13 8 18 5 4 3 3 5 9 28 41 11 27 36 32 38 37 69 47 30 33 39 27 27 19 7 13 44 55 36 51 40 34 28 26 23 18 6 4 5 24 24 19 40 44 34 27 23 14 16 19 36 43 46 40 33 17 38 25 47 16 15 10 6 8 6 4 5 3 12 8 33 49 5 2 9 14 8 9 13 47 59
32 42 35 14 8 43 66 47 19 25 26 19 5 13 9 7 9 15 3 10 11 16 11 30 21 23 10 15 15 14 9 13 15 36 30 29 31 33 35 30 19 7 13 49 51 65 52 33 30 11 17 13 7 3 5 10 7 6 15 17 19 29 33 18 7 8 27 38 37 24 26 49 24 53 29 15 13 13 6 3 3 6 2 5 10 5 30 9 1 4 10 12 4 4 37 54
16 16 74 50 21 42 22 55 55 44 46 14 5 24 16 29 28 20 7 11 6 17 26 20 19 18 24 57 38 25 33 46 35 40 41 58 56 55 51 52 51 36 17 8 8 39 48 41 22 13 9 12 7 3 1 1 1 1 1 1 3 7 5 11 12 4 4 9 9 9 23 22 21 19 19 20 24 17 7 9 7 5 2 2 12 17 9 15 3 1 5 9 5 22 63 15
13 14 39 25 23 22 5 3 67 83 82 76 18 32 22 12 8 39 10 18 14 12 16 15 44 19 46 58 35 43 59 57 38 46 53 60 55 60 54 54 55 42 53 39 31 13 6 4 14 15 18 5 3 2 3 5 5 5 4 3 3 1 1 1 1 1 1 1 1 3 6 11 10 8 6 4 4 12 10 7 4 2 6 5 5 9 8 16 8 1 1 6 22 50 21 44
24 19 27 65 48 22 23 15 13 80 25 26 35 24 27 28 29 4 15 24 3 5 4 21 33 23 31 29 25 29 25 27 44 53 50 51 67 72 55 64 66 66 57 52 48 30 22 17 9 4 3 2 2 7 9 15 14 13 11 13 4 1 1 3 3 6 2 2 1 0 1 4 3 2 2 2 2 4 6 12 8 2 1 1 2 2 5 10 14 2 1 5 49 18 19 24
29 21 28 38 34 47 60 17 5 7 4 6 9 16 21 62 15 30 26 29 10 6 9 15 11 12 35 33 47 33 26 33 42 50 63 62 58 60 55 70 64 48 41 40 42 24 20 27 18 14 13 13 14 24 25 23 31 30 25 17 6 3 4 9 8 5 6 2 1 1 1 0 0 0 0 0 1 1 0 1 2 1 1 1 1 1 2 5 4 3 1 17 16 6 27 19
48 30 18 7 36 40 76 64 49 47 33 20 8 12 48 32 71 66 39 30 51 24 22 8 4 11 28 28 18 26 24 52 63 35 15 35 64 64 43 35 47 52 39 28 35 23 31 30 30 27 29 17 20 34 44 44 39 40 41 25 10 10 16 14 17 18 16 9 3 2 1 0 0 0 0 1 4 2 1 1 1 0 0 0 0 0 1 2 5 5 1 18 2 2 13 24
45 38 31 38 35 51 38 30 32 66 34 48 15 27 45 69 82 71 45 38 54 15 23 34 27 22 24 9 18 21 56 21 22 24 40 45 64 76 68 60 62 50 57 46 46 37 40 39 41 24 47 43 41 35 51 55 70 63 51 28 10 25 24 34 30 42 28 18 8 3 2 2 2 3 4 7 9 5 3 3 4 4 2 1 1 0 0 0 1 5 3 10 1 1 10 32
46 44 15 12 36 33 68 63 45 46 55 66 50 25 51 85 79 62 40 60 20 52 20 29 21 11 4 26 9 30 20 10 10 54 40 50 54 66 69 65 64 46 46 49 47 49 50 62 49 35 42 63 46 47 64 72 76 60 37 25 24 35 48 47 43 57 39 21 13 5 8 9 9 11 12 12 19 10 9 9 8 6 3 5 4 1 1 0 0 2 1 2 2 1 3 8
41 49 39 14 44 58 67 62 81 63 50 31 20 54 75 70 62 48 44 84 25 69 27 35 29 25 23 37 32 11 15 21 23 49 52 62 66 76 59 69 70 55 31 49 50 46 58 71 66 40 39 69 65 55 68 80 72 54 34 26 26 60 57 57 71 59 36 24 8 7 12 12 13 26 21 33 32 30 15 16 23 15 12 16 8 5 2 0 0 1 1 2 1 0 1 3
40 14 37 19 9 51 46 37 51 69 66 56 16 41 71 64 18 25 66 80 23 81 36 31 65 55 17 40 37 51 17 10 25 28 57 42 31 36 48 41 63 46 54 52 54 39 64 49 74 46 73 67 66 54 78 85 65 58 36 50 50 62 58 71 74 59 42 34 13 22 33 31 17 34 47 46 48 32 23 33 41 28 21 25 5 3 1 1 0 0 0 1 1 0 1 0
36 34 23 35 13 24 64 72 72 56 33 35 17 35 54 66 35 59 87 64 35 76 45 34 30 48 34 57 56 24 49 59 28 30 31 40 18 35 27 50 56 49 49 66 50 54 60 63 44 44 86 46 67 57 85 66 61 63 40 51 50 62 73 80 61 63 42 28 20 35 47 44 23 51 47 63 64 44 35 42 59 40 37 11 3 3 2 2 1 0 0 0 0 0 0 0
51 27 34 28 34 30 40 59 53 57 61 38 60 25 15 9 53 89 80 60 61 67 58 66 66 44 25 50 46 46 50 20 17 15 28 11 16 30 31 67 40 55 64 62 37 54 59 65 72 70 48 40 69 83 60 69 52 42 48 46 45 62 82 69 66 46 28 31 44 59 58 56 45 58 40 50 60 35 47 52 68 27 12 7 8 9 11 5 2 1 0 0 0 0 0 0
43 40 31 29 58 38 54 75 43 47 44 53 69 68 14 6 27 36 29 19 37 74 67 46 37 48 36 41 36 36 19 4 14 24 5 19 31 33 49 45 37 34 67 33 34 40 47 72 34 30 42 51 64 76 61 47 28 38 61 60 47 80 75 73 63 62 41 37 50 68 64 51 52 62 49 24 73 56 57 73 36 28 18 17 35 31 13 4 3 2 1 0 0 0 0 0
39 66 46 29 26 30 26 51 24 28 24 68 43 70 66 57 26 12 21 31 70 78 65 51 46 26 25 7 24 45 23 19 39 37 24 18 21 25 49 22 20 26 44 18 24 34 33 14 21 42 31 64 79 65 50 29 40 51 65 46 37 85 77 63 64 64 41 56 68 69 57 69 55 65 46 46 55 62 45 34 16 32 43 31 13 4 5 4 2 3 2 2 1 0 0 0
