sesion_6_simulaciones/modelos_agentes/ejemplos_netlogo/scenarios/cgcm2_a2/rob_2085.asc
NCOLS 322 
NROWS 307 
XLLCORNER 451900 
YLLCORNER 4086900 
CELLSIZE 100 
NODATA_value -9999 
[rows 0 to 73 of 307, columns 192 to 287 of 322]
39 36 21 11 33 59 32 15 15 20 24 10 7 6 10 7 5 5 8 8 7 7 5 6 10 16 9 17 18 41 15 5 5 1 1 1 3 3 2 7 8 3 4 15 22 26 20 33 46 51 33 34 39 46 42 54 44 82 43 36 6 7 12 32 42 26 42 38 20 31 15 8 11 16 32 15 14 29 53 20 11 13 13 17 16 12 29 24 21 22 7 17 26 58 16 4
45 24 29 27 38 57 18 27 42 27 19 15 24 22 13 12 17 4 8 11 14 7 4 4 5 17 6 8 6 9 36 18 3 2 1 1 1 2 4 3 6 2 1 5 7 12 22 21 39 75 83 64 41 40 42 45 65 67 66 14 18 10 36 30 39 34 42 28 37 13 4 19 8 17 44 17 49 33 25 31 21 28 31 19 15 7 20 26 26 24 13 23 19 26 13 9
22 46 27 27 57 44 31 16 10 25 26 28 42 44 25 40 27 23 33 33 29 13 9 4 2 3 3 1 1 3 4 19 12 3 3 2 1 1 2 1 1 1 6 15 15 27 28 33 41 58 63 52 61 47 63 75 38 36 42 21 20 24 32 22 22 48 20 19 16 21 10 13 11 16 58 18 60 44 21 38 23 20 27 29 16 5 13 15 28 19 14 37 18 38 10 2
31 31 59 58 43 30 28 28 29 53 29 47 63 50 44 60 46 25 39 54 41 35 26 13 8 5 1 2 1 1 2 4 1 3 2 2 2 1 1 1 3 5 3 3 8 32 30 33 14 25 18 20 29 60 49 56 50 20 27 32 35 15 18 35 20 50 37 31 53 17 25 21 7 6 37 18 27 24 31 37 27 24 28 33 18 5 11 25 38 15 26 22 21 37 7 2
23 19 38 11 50 56 49 41 54 46 48 33 41 38 46 64 49 55 59 63 59 35 27 27 14 19 9 15 11 2 1 0 1 1 1 2 1 0 1 1 2 3 5 7 7 12 12 20 45 60 62 50 44 38 67 70 29 27 9 11 32 29 20 33 30 51 30 20 12 8 6 6 9 6 19 19 15 31 55 64 53 18 18 38 35 25 3 21 23 36 29 17 30 46 14 2
25 20 38 31 19 26 55 25 51 44 36 43 18 43 54 58 63 60 27 25 45 29 20 31 28 25 13 21 15 5 5 2 1 1 0 0 0 0 0 0 1 3 6 13 28 48 54 61 54 35 39 39 48 64 83 59 34 28 9 43 60 55 46 44 33 56 20 25 33 25 34 25 20 15 12 17 27 25 34 25 38 60 43 31 37 26 8 15 22 26 12 18 26 26 16 4
19 10 12 32 21 17 55 20 15 31 38 70 44 24 47 61 54 57 33 13 18 39 46 54 29 26 27 19 18 15 11 7 6 5 3 1 1 2 1 0 1 3 8 13 39 27 34 41 59 46 46 82 47 70 77 44 29 35 19 36 49 53 51 53 58 49 46 42 40 14 23 24 19 29 26 13 5 18 37 41 31 55 35 18 11 36 13 11 14 13 14 26 40 47 12 10
13 10 10 16 36 29 45 57 18 9 20 29 54 19 8 26 17 30 35 20 15 28 16 22 27 24 25 17 25 21 18 16 14 13 11 5 6 3 1 1 1 8 15 23 34 40 34 61 80 77 76 48 65 64 70 42 24 10 17 22 29 24 24 17 18 44 29 23 45 23 21 16 22 28 29 19 6 27 45 24 52 67 46 19 11 34 24 12 14 27 26 30 53 31 17 12
25 21 20 12 22 19 34 63 63 30 15 15 30 44 25 18 11 32 41 28 23 34 10 20 42 29 24 25 24 34 31 28 27 23 14 11 4 2 1 1 3 6 15 20 44 43 35 44 60 74 58 37 79 62 59 26 12 45 64 46 56 46 57 39 42 72 39 30 13 13 20 17 21 23 19 11 7 14 19 34 48 60 44 30 13 16 17 10 10 33 26 37 27 40 17 27
18 21 22 14 13 8 30 29 61 47 38 24 22 28 34 16 15 12 35 35 29 40 14 15 25 27 20 18 13 21 4 12 22 20 15 6 3 2 1 1 1 3 10 17 31 15 16 58 37 32 28 83 62 64 39 20 32 56 58 70 53 83 70 36 57 30 48 42 37 15 16 26 25 14 11 8 6 12 41 20 12 45 48 44 26 12 23 7 11 14 17 43 30 38 23 54
23 22 24 25 13 8 5 6 12 32 21 15 13 34 22 15 19 5 10 28 20 40 42 11 13 14 33 17 6 15 22 5 2 2 4 10 6 2 1 1 3 4 13 25 9 25 33 39 12 21 63 70 43 54 25 16 30 44 39 57 79 81 42 27 28 41 49 48 56 38 51 32 31 26 16 12 5 5 14 27 27 55 69 43 49 19 12 18 5 17 41 18 27 20 21 66
46 30 17 21 22 20 14 9 7 8 9 9 15 15 14 11 8 15 11 11 26 31 26 13 3 9 27 21 7 7 19 21 3 1 1 2 7 3 0 1 9 14 16 7 4 4 18 7 13 46 74 57 36 28 12 41 39 32 41 78 66 56 14 23 34 36 61 53 46 53 40 34 39 42 37 28 10 7 22 24 26 75 50 62 44 36 16 9 7 26 26 15 37 13 41 73
56 40 37 53 45 44 39 23 39 26 22 14 7 6 6 6 6 23 19 8 6 13 12 11 3 7 13 11 7 3 3 9 3 1 0 1 3 5 1 1 7 8 7 12 12 11 29 6 22 58 52 24 6 25 52 60 59 65 84 73 17 24 25 17 19 18 30 31 54 33 17 29 49 53 51 29 12 3 20 31 60 63 26 41 56 37 23 6 8 26 22 16 42 14 37 48
71 67 60 65 61 56 44 41 39 40 40 41 18 14 9 7 5 3 3 3 5 4 2 5 4 7 8 8 3 1 2 5 5 3 0 0 1 3 2 3 3 6 5 2 2 16 9 7 29 23 13 4 12 30 41 47 70 67 55 12 44 57 49 37 38 20 17 18 46 36 52 64 45 32 30 32 16 5 12 25 58 26 20 42 70 41 30 14 5 10 11 15 25 14 32 27
26 67 69 71 62 63 41 49 28 29 46 35 29 30 28 23 17 8 2 2 2 1 1 3 4 4 3 2 1 0 2 3 3 2 1 0 2 4 4 2 2 3 4 2 1 3 3 6 9 7 2 6 14 19 36 49 48 13 37 48 58 51 59 80 82 72 63 40 42 53 62 47 55 44 24 19 11 6 13 27 35 18 12 58 71 70 46 47 22 5 8 14 13 15 39 34
42 61 71 49 59 78 61 34 55 42 32 44 40 46 49 30 24 8 6 5 4 2 1 1 3 2 1 1 0 1 1 2 4 5 2 1 1 2 2 3 2 2 2 1 0 1 5 8 5 3 10 8 9 15 25 33 14 46 46 46 58 73 81 68 66 74 38 31 59 16 47 77 50 39 43 45 44 24 10 28 30 17 6 15 40 67 23 15 20 21 4 18 10 13 42 36
73 24 73 55 51 72 78 79 48 25 40 37 56 50 44 34 33 24 17 14 12 9 3 2 1 1 3 3 2 1 0 0 1 2 2 2 2 2 2 3 2 1 1 1 1 0 1 1 5 15 12 27 26 16 14 36 47 46 47 45 69 60 78 66 66 43 28 58 41 39 35 18 57 29 55 62 64 44 31 11 46 27 20 5 15 44 54 18 6 9 4 5 10 20 13 15
49 17 61 40 59 67 67 48 75 80 53 61 63 27 27 25 37 34 24 18 16 13 10 4 3 4 8 6 4 3 1 0 0 0 1 1 1 1 1 1 2 1 1 0 0 1 3 9 13 13 20 41 39 39 20 36 38 64 61 60 77 65 60 50 30 32 47 61 46 30 17 18 50 52 60 60 63 64 46 16 11 24 24 17 5 19 35 24 18 3 8 1 10 15 7 7
38 40 43 46 33 60 67 42 46 79 50 71 81 56 41 30 44 59 55 40 34 17 7 5 9 5 11 10 16 4 4 4 4 2 1 1 1 1 1 1 1 0 0 0 2 5 11 13 12 16 31 46 41 31 46 50 53 51 38 49 67 38 20 12 29 31 30 78 59 21 24 14 51 52 15 33 71 58 63 48 13 9 40 23 13 5 19 25 23 10 2 2 13 6 2 1
44 19 28 42 29 41 71 35 28 58 64 77 77 64 65 59 20 32 36 49 26 21 16 14 15 14 14 19 17 13 8 7 6 5 3 1 1 1 0 0 0 0 1 2 8 9 12 20 11 26 42 35 51 49 54 53 18 13 30 48 76 35 15 38 51 46 62 65 45 37 24 9 18 54 43 14 34 44 56 56 47 14 12 26 19 6 4 13 26 17 2 1 8 1 8 15
61 31 31 31 10 24 55 33 43 34 54 44 61 34 44 49 16 11 29 46 32 41 23 11 31 25 15 10 11 9 7 3 4 3 5 3 2 1 0 0 0 0 2 7 9 13 7 7 24 47 33 39 59 68 76 69 46 34 46 51 52 21 21 51 51 45 46 19 42 47 31 9 11 26 58 32 14 20 69 43 38 16 6 14 17 5 6 18 12 12 1 1 2 3 15 36
38 12 38 33 12 9 26 54 13 26 63 54 60 33 31 17 19 5 12 48 42 29 20 18 10 10 4 3 5 4 5 4 2 2 5 4 2 1 1 0 0 2 3 6 5 11 10 19 22 23 21 32 44 76 80 81 78 66 52 47 31 15 34 44 61 57 46 26 25 44 19 10 11 20 54 35 15 17 29 52 39 28 11 7 19 7 9 14 8 3 3 11 4 10 33 44
53 15 46 49 19 12 16 35 11 10 56 42 27 17 8 20 19 14 4 11 13 26 48 44 19 5 11 6 2 3 3 2 1 1 2 5 3 1 0 0 0 3 6 8 3 5 2 8 5 8 7 25 45 37 56 75 59 43 25 71 35 16 35 42 41 51 70 40 37 16 10 11 25 43 68 34 17 22 34 63 38 17 10 4 8 13 9 13 5 2 9 39 20 20 20 39
43 31 26 47 8 14 19 31 22 8 9 7 9 26 10 7 20 19 7 11 13 13 31 23 18 6 9 11 5 1 1 1 1 1 1 2 3 1 0 0 1 1 1 3 2 1 3 5 11 12 8 22 21 31 34 25 18 36 61 43 15 27 40 34 51 71 45 36 39 24 10 16 26 47 50 25 26 20 33 57 43 45 19 5 4 6 8 12 2 4 12 11 29 43 24 30
15 12 20 20 12 4 22 34 13 4 10 6 6 13 19 9 12 15 12 4 5 6 10 7 6 4 5 11 8 2 1 1 1 1 1 1 1 2 1 0 0 1 2 3 5 8 11 12 10 15 25 15 11 7 8 18 37 40 69 35 14 43 33 28 57 78 41 50 47 25 17 17 29 59 41 25 34 20 27 44 40 40 35 19 5 2 9 5 2 18 21 23 25 23 63 29
5 8 4 14 6 3 20 28 11 4 3 6 5 3 12 12 6 5 7 6 3 2 4 5 5 4 2 7 15 2 1 1 0 0 0 0 1 1 1 0 0 1 1 2 4 5 10 4 6 14 19 36 28 46 33 36 37 54 58 10 21 35 25 19 48 62 41 41 37 29 14 15 32 63 28 39 35 16 12 23 24 36 22 8 10 2 2 6 15 35 39 41 50 33 23 54
3 4 2 3 2 7 14 11 5 2 1 2 2 1 1 5 7 6 5 6 2 2 2 3 1 2 2 2 3 4 3 1 0 0 0 0 0 0 1 0 0 0 0 1 2 3 3 4 11 12 25 32 31 42 54 68 65 78 41 11 26 31 21 31 72 61 21 39 42 26 17 10 26 60 29 24 24 24 5 11 25 35 13 8 3 2 5 17 36 35 41 36 45 56 68 39
2 1 1 0 1 1 1 2 1 1 1 0 0 0 0 1 1 1 3 4 2 1 1 1 0 1 2 2 1 2 2 2 1 1 0 0 0 0 1 0 0 0 0 1 1 2 5 6 6 25 20 27 34 41 53 79 64 55 11 29 37 25 46 60 82 42 50 27 26 27 25 15 37 60 38 24 22 24 6 10 22 31 19 20 7 1 5 14 18 13 14 13 13 20 40 44
1 1 1 1 0 0 0 0 0 0 0 0 0 0 0 0 0 0 0 1 1 1 1 0 0 1 2 2 1 1 1 1 1 0 1 0 0 0 0 0 0 1 3 3 4 5 10 26 8 18 16 19 27 26 64 55 33 9 27 38 36 31 56 80 49 28 44 24 23 26 22 12 23 54 69 40 27 14 6 7 20 34 27 15 6 1 4 6 5 15 19 29 30 28 26 42
1 3 3 5 3 1 1 0 1 2 2 2 2 3 5 2 2 1 0 0 0 0 0 0 0 1 1 1 1 1 0 0 1 0 0 0 0 0 0 0 1 3 3 4 5 10 14 11 27 19 17 17 31 33 67 23 14 21 37 40 34 34 56 79 38 25 24 38 20 9 8 12 38 57 29 54 35 15 5 4 26 22 28 13 5 1 5 14 25 38 23 40 49 43 37 16
3 6 6 7 5 1 1 5 3 6 6 8 8 8 8 7 6 4 3 1 1 1 1 0 0 0 0 0 1 0 0 0 0 0 0 0 0 0 0 1 3 3 4 9 12 18 20 16 23 48 49 47 31 44 26 13 5 33 32 38 20 34 57 68 42 18 25 35 26 17 5 11 49 24 18 61 46 22 8 4 13 11 21 11 2 3 12 14 17 28 27 26 17 18 22 42
10 10 8 9 5 3 3 8 9 9 8 11 18 11 16 14 9 6 5 5 3 4 3 1 1 1 0 0 0 0 0 0 0 0 0 0 0 0 1 3 3 4 5 7 14 19 26 46 37 40 24 60 44 28 28 23 10 28 38 51 48 39 64 29 14 37 42 21 35 15 4 12 22 24 14 60 29 22 7 5 13 11 11 8 2 6 25 36 41 29 25 13 24 26 26 37
22 21 14 20 12 5 5 8 8 10 23 22 22 27 23 13 11 9 7 7 6 7 5 3 3 2 1 1 0 0 1 1 0 0 0 0 0 0 1 3 3 5 5 9 18 22 36 40 33 31 23 15 32 29 33 6 20 31 27 40 34 45 47 53 50 30 21 17 44 31 11 8 23 17 31 62 26 17 12 4 5 10 8 4 6 15 27 54 58 53 52 32 37 48 43 67
29 30 29 18 14 13 7 15 22 25 32 30 32 22 27 20 15 15 12 17 14 12 6 4 4 6 2 2 1 1 4 1 1 0 0 0 0 0 1 1 2 3 5 7 13 28 16 7 43 39 23 14 28 30 5 6 15 21 24 43 53 58 61 34 23 22 31 25 20 24 16 9 22 18 26 39 31 29 12 4 3 6 3 3 10 15 18 22 17 18 19 34 46 48 77 76
36 37 40 35 32 11 9 19 30 39 40 35 36 35 32 32 22 33 24 20 9 5 5 6 6 5 3 3 3 4 1 1 0 0 0 0 0 0 1 1 2 4 9 7 5 9 9 15 15 20 20 5 16 4 8 5 7 13 16 35 53 64 41 58 37 20 20 18 16 26 26 8 9 15 24 29 29 13 9 3 2 3 3 6 18 8 11 20 40 45 44 37 26 72 52 63
52 66 50 20 32 14 23 25 51 44 40 43 43 60 59 40 40 34 20 28 13 10 4 12 11 4 4 4 9 2 1 1 1 0 1 0 0 0 1 1 3 6 9 3 5 8 9 16 13 12 7 5 8 3 7 4 10 27 33 48 38 33 47 61 25 13 10 11 20 19 14 8 5 13 12 30 27 18 8 3 1 2 6 15 30 33 30 28 36 30 27 53 57 69 48 28
68 77 45 41 51 26 20 54 53 65 34 51 60 54 70 51 29 17 35 24 17 14 4 18 5 4 6 10 2 1 1 2 2 1 1 1 1 1 0 1 2 3 2 2 3 9 23 21 15 9 6 4 5 5 10 15 25 19 14 19 26 37 41 59 32 17 16 13 9 8 9 9 4 9 18 15 13 18 9 3 1 7 19 15 26 50 51 55 52 52 30 44 42 46 50 22
56 73 41 41 58 31 31 66 59 65 27 51 71 57 71 41 35 35 46 44 26 10 10 6 6 12 22 2 1 3 2 2 2 2 1 1 1 1 0 0 0 0 1 2 6 18 19 9 19 6 4 2 8 9 12 10 8 5 18 23 21 46 47 40 20 55 56 40 24 21 10 8 4 7 9 7 10 10 3 1 3 13 30 47 42 51 63 57 49 47 48 55 23 9 40 29
68 44 45 40 56 30 34 64 79 61 22 59 76 68 68 67 42 56 70 46 27 12 22 10 20 19 3 3 5 4 2 3 5 2 3 2 1 1 1 1 1 1 1 3 20 8 17 3 4 9 3 4 10 11 13 12 9 17 48 55 47 41 70 40 51 34 42 44 21 12 10 8 4 3 5 8 5 7 1 1 4 10 14 32 35 18 34 15 13 17 11 68 51 26 20 11
86 70 50 38 49 29 48 64 86 49 31 48 70 72 74 47 41 82 50 13 17 38 32 22 26 9 7 7 11 10 5 5 5 4 2 3 2 3 2 2 1 0 0 1 5 4 4 1 1 1 1 4 7 16 14 30 35 38 28 43 56 58 38 52 45 45 17 32 47 19 7 4 3 1 3 4 2 4 2 2 6 13 16 19 17 10 15 25 38 58 71 85 62 26 18 8
77 77 46 51 54 32 44 66 77 51 31 52 84 83 52 65 47 49 20 15 26 60 64 38 25 22 12 10 14 8 6 15 8 2 2 5 3 5 5 2 2 1 1 1 0 0 0 0 1 3 7 8 17 22 24 38 31 26 49 66 70 69 50 56 14 70 55 14 13 41 34 21 10 4 1 3 2 1 1 2 6 6 7 15 11 15 43 45 43 38 48 72 39 23 16 7
76 62 41 57 51 48 35 65 75 48 36 52 83 75 60 52 30 19 7 26 49 59 43 18 12 5 5 24 20 11 14 14 6 3 3 6 6 7 6 1 1 1 1 1 1 0 0 1 2 3 6 6 12 15 15 20 27 45 37 77 66 37 33 74 49 26 59 26 10 6 14 15 18 15 5 2 1 1 1 1 6 7 6 8 17 27 41 42 37 50 39 51 45 29 13 6
75 60 34 59 50 50 43 47 58 33 30 49 63 33 35 32 14 20 15 33 60 30 24 23 11 11 7 35 26 14 30 14 5 6 5 9 10 16 10 4 3 1 3 2 1 1 0 0 2 2 2 5 13 15 24 35 19 47 51 73 24 9 35 71 36 33 19 49 18 4 5 8 14 12 10 8 2 1 0 1 4 7 8 7 10 22 53 31 24 65 33 31 37 13 6 5
48 41 35 57 44 37 50 40 66 66 53 50 43 35 49 49 38 47 26 37 53 34 27 25 16 13 13 40 35 20 33 16 11 10 9 16 15 13 4 5 9 5 3 1 1 0 0 0 1 2 2 6 15 14 16 22 15 30 58 30 19 11 53 68 48 12 8 12 26 10 5 4 5 4 10 4 2 1 0 1 3 6 9 8 25 40 59 31 27 56 28 11 15 21 5 2
48 20 52 59 50 63 64 84 78 90 89 84 43 64 65 62 63 32 31 54 48 30 27 16 18 27 17 41 40 39 28 20 18 19 19 27 35 16 8 7 20 10 1 1 1 0 0 0 1 2 7 8 10 13 8 10 22 47 62 20 13 15 28 63 54 30 8 3 19 19 8 3 3 3 14 3 1 1 0 2 4 8 10 15 17 14 17 13 23 20 30 20 18 15 3 1
38 34 40 53 79 82 87 88 72 74 79 82 84 74 46 45 38 31 36 34 20 30 26 30 43 32 34 65 51 64 34 32 27 35 38 54 51 20 19 14 19 6 3 1 1 1 1 0 1 3 3 6 5 4 6 12 24 37 32 26 12 11 13 68 28 25 20 2 13 23 14 3 2 3 3 6 2 0 0 2 3 7 15 20 18 13 13 8 12 11 14 10 7 3 1 2
48 53 28 35 50 57 78 49 47 46 63 67 63 75 50 41 45 60 50 33 32 38 35 47 67 50 41 67 65 55 36 49 38 47 44 57 37 26 32 10 5 4 6 4 3 3 1 1 0 1 4 3 4 7 7 3 15 12 18 45 17 14 22 37 22 4 18 6 8 9 8 7 3 2 1 18 2 0 1 2 4 7 6 20 12 10 10 7 6 3 3 2 2 3 4 10
65 72 46 30 55 50 56 61 46 61 68 55 66 79 83 68 78 67 48 41 53 52 55 52 62 50 45 70 69 41 52 51 52 53 62 65 44 28 8 4 3 6 6 5 7 4 3 1 0 0 1 3 4 7 7 5 12 14 9 15 13 13 17 30 35 4 10 9 5 14 9 4 4 2 2 2 1 0 1 2 3 5 12 17 8 9 7 5 8 2 2 1 1 4 10 13
48 67 79 50 24 31 53 56 75 49 44 43 76 56 63 92 88 46 63 62 63 59 61 53 58 51 54 76 64 55 56 54 59 73 73 41 15 11 16 13 16 12 10 7 11 8 5 1 0 0 0 5 3 2 7 6 14 10 7 8 10 6 6 14 43 4 3 7 4 4 5 2 2 2 1 2 1 0 0 1 2 4 18 9 3 3 3 4 3 0 1 3 4 6 11 12
76 75 77 81 44 16 24 69 68 63 18 22 42 55 80 85 68 89 90 71 59 77 71 40 60 51 70 63 62 57 61 53 67 80 81 44 37 26 39 33 43 39 18 18 21 7 2 1 0 0 0 0 1 1 7 5 12 10 5 5 4 2 1 4 19 7 4 3 3 3 3 4 2 2 1 1 1 0 0 1 2 3 5 4 2 2 1 1 1 2 3 4 9 13 11 12
57 43 53 83 43 38 31 33 36 43 33 10 36 79 87 85 65 60 84 65 77 81 69 50 70 67 80 76 71 78 61 61 63 59 62 41 42 46 46 45 17 16 35 49 9 4 3 1 0 0 0 0 0 0 2 7 9 14 4 5 4 2 1 10 19 6 5 3 3 3 3 3 2 1 1 1 1 0 1 2 2 4 3 1 1 1 1 2 3 6 8 11 12 13 7 9
32 53 50 81 81 30 38 25 29 27 33 18 41 53 58 63 77 84 69 32 66 33 75 82 92 88 83 63 78 62 73 57 52 32 71 66 68 56 32 25 8 2 38 24 14 7 5 2 1 2 2 1 0 0 0 1 1 3 2 3 2 1 2 5 9 10 5 3 3 1 1 1 2 1 0 0 1 0 0 1 2 2 2 1 1 1 4 4 7 7 8 19 18 12 11 10
22 32 43 49 76 77 46 23 24 24 23 23 38 59 71 76 43 77 77 40 69 64 40 56 76 57 73 50 72 34 23 50 36 34 54 86 69 50 30 68 31 28 32 27 25 11 4 3 5 5 3 1 0 0 0 0 0 1 1 2 2 1 3 6 5 9 5 2 2 1 1 1 1 1 0 0 1 0 0 0 1 1 1 1 0 2 2 4 6 7 10 9 37 19 11 6
11 20 32 9 46 84 46 29 15 13 20 25 22 33 43 60 62 77 57 59 68 52 21 54 72 54 54 47 51 71 56 59 54 31 40 77 84 87 83 77 60 45 45 50 34 15 11 7 14 3 2 2 2 1 1 1 0 0 0 0 1 1 1 5 5 5 4 3 1 1 1 1 1 0 0 0 0 0 0 0 0 0 0 0 0 0 1 3 5 3 6 13 16 15 8 17
21 13 25 52 46 61 84 44 42 16 9 12 15 18 46 38 61 78 20 31 72 72 35 20 80 84 60 43 57 67 34 31 38 28 24 53 71 69 65 36 47 45 25 36 38 33 34 29 11 2 4 6 5 4 4 6 4 1 0 0 0 0 1 1 2 7 3 2 1 1 1 0 1 0 0 0 0 0 0 0 0 0 1 1 1 1 1 2 4 7 7 8 13 15 25 27
31 12 9 39 58 65 86 70 37 30 18 14 12 18 17 13 43 31 24 63 87 46 27 16 24 69 41 45 38 61 56 37 41 37 32 68 54 31 25 19 23 11 9 54 32 52 59 51 19 12 16 9 8 5 3 1 2 1 1 0 0 0 1 1 1 2 3 2 1 1 1 0 0 0 0 0 0 0 0 0 0 1 0 1 2 4 4 5 7 9 8 14 15 16 15 34
50 36 26 17 20 25 41 66 40 44 21 12 10 12 22 9 29 17 44 41 80 43 28 25 14 27 25 36 16 50 56 28 25 26 32 50 45 17 11 18 16 10 11 20 36 30 22 11 11 11 7 6 5 6 6 1 1 1 0 0 0 0 0 0 0 1 2 2 1 0 0 0 0 0 0 0 0 0 0 0 0 1 1 2 1 1 3 15 5 12 16 19 24 22 31 39
26 26 45 18 17 43 46 66 71 48 34 12 9 7 8 12 17 20 22 40 71 79 54 32 10 10 20 5 12 41 52 28 20 21 17 16 21 14 9 12 11 10 10 11 38 22 21 10 5 4 3 1 1 1 3 2 0 1 1 0 0 0 0 0 0 1 1 1 1 0 0 0 0 0 0 0 0 0 0 0 0 0 0 1 1 2 8 11 15 19 20 21 22 30 31 46
44 37 15 10 12 24 37 51 68 42 26 17 7 4 5 11 6 9 26 69 56 67 54 45 23 7 25 22 6 10 32 20 20 16 6 8 9 21 7 7 10 6 4 6 19 22 28 13 7 4 2 2 1 1 1 2 1 1 1 0 0 0 0 0 0 0 1 0 1 0 0 0 0 0 0 0 0 0 0 0 0 0 0 1 2 4 5 13 7 7 7 7 16 29 30 20
58 51 21 10 3 21 21 32 51 51 19 15 7 6 8 8 4 19 46 63 31 37 49 23 17 14 7 15 18 3 14 22 10 10 5 9 8 5 5 6 9 6 2 3 6 17 26 16 11 6 4 2 1 0 0 1 1 1 2 1 0 0 0 0 0 0 0 0 0 0 0 0 0 0 0 0 0 0 0 0 0 0 0 1 2 3 5 6 6 5 5 10 15 17 18 19
60 51 29 22 6 7 17 25 61 18 19 9 6 5 4 6 4 14 47 28 5 22 72 21 14 16 6 7 7 14 10 9 6 6 6 3 3 2 2 4 7 3 2 2 3 8 24 12 15 6 3 2 1 1 0 0 0 0 1 0 0 0 0 0 0 0 0 0 0 0 0 0 0 0 0 0 0 0 0 0 0 1 2 2 1 2 7 7 6 6 9 9 11 17 20 13
55 48 28 14 12 7 16 17 50 21 5 13 9 4 3 3 3 19 22 13 29 43 61 40 17 9 10 15 5 18 11 7 7 3 6 3 3 3 1 3 1 1 2 7 11 14 19 16 25 18 10 4 1 1 0 0 0 0 0 0 0 0 0 0 0 0 0 0 0 0 0 0 0 0 0 0 0 0 0 0 0 0 1 1 1 2 3 6 9 11 12 12 14 9 19 24
46 33 21 14 11 10 6 10 21 42 14 6 9 3 3 2 3 10 9 13 12 28 57 36 17 21 6 8 9 18 6 4 5 5 2 2 3 2 2 2 1 1 2 16 7 6 16 9 19 19 16 5 3 1 0 0 0 0 0 0 0 0 0 0 0 0 0 0 0 0 0 0 0 0 0 0 0 0 0 0 0 1 1 1 1 1 3 4 5 6 8 21 14 21 36 24
41 37 19 11 11 8 7 9 10 20 20 5 3 3 3 2 3 3 6 9 13 25 62 30 20 11 14 6 7 12 5 2 2 2 3 1 1 2 1 1 0 1 7 12 2 7 8 4 14 12 9 8 5 3 2 1 0 0 0 0 0 0 0 0 0 0 0 0 0 0 0 0 0 0 0 0 0 0 0 0 1 1 1 1 1 1 2 1 3 7 6 12 11 6 13 19
78 54 34 9 6 7 5 6 7 14 20 8 5 3 3 2 2 3 3 3 13 16 45 24 10 6 7 7 5 3 7 2 2 2 1 2 1 1 0 1 3 4 6 2 2 5 3 4 6 10 13 10 12 6 4 2 1 0 0 0 0 0 0 0 0 0 0 0 0 0 0 0 0 0 0 0 0 0 0 0 0 0 0 0 0 0 1 1 2 3 8 17 10 10 14 4
35 70 50 25 9 4 3 4 6 8 32 10 5 2 2 1 1 1 2 3 7 13 30 32 8 6 3 4 4 4 3 5 3 1 1 2 1 1 0 1 2 9 3 2 3 4 3 2 6 9 4 4 5 8 5 2 1 1 0 0 0 0 0 0 0 0 0 0 0 0 0 0 0 0 0 0 0 0 0 0 0 0 0 0 0 1 1 1 2 4 6 8 7 9 10 16
15 69 21 54 27 14 3 3 3 8 17 6 4 2 1 1 0 1 2 3 8 17 14 25 15 8 5 3 2 3 3 4 2 2 1 1 0 0 1 1 4 3 3 1 1 3 1 2 6 10 3 3 3 3 13 6 3 1 1 0 0 0 0 0 0 0 0 0 0 0 0 0 0 0 0 0 0 0 0 0 0 0 0 0 1 1 1 1 2 3 4 3 5 9 12 13
26 29 15 44 21 21 8 2 2 2 8 6 2 2 1 0 0 1 2 5 2 3 23 25 26 14 8 6 2 1 1 2 1 1 0 0 0 0 0 1 3 1 1 1 1 5 1 1 10 8 4 1 1 0 5 3 3 1 1 0 0 0 0 0 0 0 0 0 0 0 0 0 0 0 0 0 0 0 1 1 1 1 1 1 1 1 1 1 1 2 3 5 10 13 17 18
27 20 18 12 14 6 23 3 1 1 2 4 2 1 1 0 0 1 1 2 6 21 29 27 33 15 8 3 3 1 2 2 1 1 1 1 0 0 1 2 1 1 1 1 1 5 2 3 13 9 7 1 0 0 1 1 1 1 0 0 0 0 0 0 0 0 0 0 0 0 0 0 0 0 0 0 0 1 1 1 1 2 3 2 1 1 1 1 3 2 2 3 4 3 7 10
20 15 18 10 11 3 5 8 1 1 2 3 4 1 0 0 0 0 2 4 10 13 23 18 19 21 6 3 2 2 1 1 1 1 0 0 0 0 0 2 1 0 0 0 0 1 1 2 6 10 4 2 2 0 0 1 0 1 0 0 0 0 0 0 0 0 0 0 0 0 0 0 0 0 0 0 0 1 1 2 3 2 2 3 2 2 2 6 4 1 2 1 3 8 10 13
14 19 21 10 3 3 2 3 1 0 1 2 2 1 0 0 0 1 4 11 5 3 13 11 9 14 7 3 2 2 1 1 1 1 0 0 0 0 1 2 1 0 0 0 0 2 0 2 9 2 3 1 1 1 0 1 1 1 0 0 0 0 0 0 0 0 0 0 0 0 0 0 0 0 0 0 1 1 2 2 4 5 7 7 8 6 6 7 4 3 2 4 2 3 11 11
6 4 6 6 3 3 1 1 2 1 0 1 1 1 0 0 0 1 3 3 3 3 7 17 4 5 4 4 2 1 1 1 1 1 0 0 0 1 2 0 0 0 0 0 1 1 1 9 16 1 1 2 1 1 0 0 1 0 0 0 0 0 0 0 0 0 0 0 0 0 0 0 0 0 0 0 1 0 0 1 2 2 3 5 11 7 12 12 8 8 5 5 9 7 7 8
2 2 2 2 2 1 1 1 1 1 0 0 0 1 0 0 0 1 1 1 2 2 2 3 3 2 2 2 1 1 1 0 0 0 0 0 0 1 0 0 0 0 0 0 1 1 2 2 8 2 0 1 1 0 0 1 0 0 0 0 0 0 0 0 0 0 0 0 0 0 0 0 0 0 0 0 0 0 0 0 1 1 2 2 10 9 17 22 14 20 17 17 14 13 10 26
3 2 2 1 1 1 1 0 0 0 0 0 0 0 0 0 0 1 0 1 1 1 1 1 2 2 1 1 1 1 0 0 0 0 0 0 0 0 0 0 0 0 0 1 1 2 1 0 1 1 1 1 1 1 1 0 0 0 0 0 0 0 0 0 0 0 0 0 0 0 0 0 0 0 0 0 0 1 0 1 1 1 1 2 4 6 6 8 31 30 13 32 27 25 15 23
