sesion_6_simulaciones/modelos_agentes/ejemplos_netlogo/scenarios/cgcm2_a2/rob_2067.asc
NCOLS 322 
NROWS 307 
XLLCORNER 451900 
YLLCORNER 4086900 
CELLSIZE 100 
NODATA_value -9999 
[rows 146 to 218 of 307, columns 0 to 95 of 322]
0 0 0 1 0 0 4 1 1 0 4 8 2 8 3 4 8 5 3 1 0 0 0 0 1 0 0 0 0 0 0 0 0 0 1 1 1 1 3 6 5 8 12 16 1 12 12 15 15 9 9 21 27 13 6 6 10 23 21 20 15 39 30 23 12 27 31 32 57 51 43 68 47 64 58 72 77 71 78 70 41 67 79 63 44 49 68 42 72 80 67 68 65 66 65 80
1 2 6 1 5 0 0 0 2 1 8 10 7 30 9 11 21 10 2 3 1 1 0 0 0 0 0 0 0 0 0 0 0 1 0 0 1 1 1 1 2 4 7 20 13 7 14 8 13 11 10 9 7 36 54 22 20 17 16 19 30 28 36 19 29 34 48 26 48 58 38 55 63 59 75 51 64 62 77 68 25 38 50 63 37 10 16 33 76 71 73 79 44 50 38 74
0 3 2 2 4 6 5 3 1 1 1 27 16 18 16 18 32 20 14 20 5 9 1 1 0 0 0 0 0 0 0 0 0 0 0 1 0 1 0 1 3 4 4 3 7 3 10 10 6 13 7 10 23 7 15 24 23 11 7 26 34 37 29 23 34 46 52 27 34 63 63 52 31 40 64 76 27 23 22 37 35 31 14 22 59 45 16 11 42 35 29 34 56 49 31 56
1 4 3 4 8 10 5 13 10 2 4 12 19 31 36 47 57 21 23 23 20 14 2 5 1 0 0 0 0 0 1 1 0 0 0 0 0 1 0 1 2 1 1 2 6 33 14 12 5 6 4 14 16 15 4 4 5 3 22 17 15 49 29 19 30 54 49 48 50 64 33 15 13 49 36 36 63 15 18 44 40 23 31 24 12 52 25 16 12 23 10 43 27 56 39 17
0 0 1 9 5 17 12 2 6 15 6 10 56 55 57 29 61 44 39 48 22 4 2 1 2 1 0 0 0 0 0 1 0 1 1 1 0 1 1 1 1 1 2 12 25 13 9 7 5 5 6 8 9 9 20 15 19 20 22 23 36 47 23 20 50 48 58 68 44 9 51 30 28 46 70 27 34 10 4 12 26 28 21 36 18 22 46 31 15 19 13 9 19 22 32 13
0 0 1 1 1 1 1 1 2 2 9 4 13 46 50 43 72 68 56 6 2 2 5 3 9 5 1 0 0 0 0 0 6 4 5 8 11 1 0 1 3 6 18 15 4 6 3 7 4 3 9 8 10 9 11 9 23 24 27 30 50 39 36 23 48 72 52 42 76 34 15 53 56 31 40 14 26 46 22 10 14 23 28 16 23 13 20 47 36 20 19 10 7 21 28 24
2 1 0 0 1 1 1 2 3 4 3 12 7 4 3 3 5 4 7 7 3 14 12 9 23 3 13 2 2 2 1 1 5 0 0 0 1 10 1 0 4 2 4 8 8 15 17 25 10 5 9 9 14 13 4 13 17 44 23 42 46 51 65 85 81 64 57 33 40 83 36 31 30 40 24 7 13 13 45 28 15 18 33 27 17 23 16 19 43 16 14 13 4 5 13 12
3 3 2 1 1 1 1 3 0 1 6 6 6 10 7 7 5 12 17 24 49 24 48 17 11 5 5 3 2 9 4 0 0 0 0 0 0 1 3 1 0 20 2 4 7 5 2 5 15 8 15 21 21 16 5 11 17 32 55 43 73 60 73 75 73 77 66 19 36 65 72 51 36 22 32 22 16 13 27 17 27 18 18 28 20 17 14 15 53 33 9 8 9 4 14 16
14 4 12 7 4 4 6 1 1 1 2 4 5 17 22 7 3 11 34 34 54 70 38 57 23 13 19 15 5 6 26 10 2 0 1 1 2 2 1 4 0 12 3 3 10 1 3 5 4 20 25 35 47 35 34 18 23 33 59 55 37 31 71 75 73 63 68 47 36 52 78 26 37 22 16 13 25 8 23 43 18 26 26 13 13 11 14 10 19 15 26 9 5 4 3 6
26 17 23 9 17 8 6 10 1 1 3 2 13 10 4 14 11 9 8 39 56 47 37 45 27 16 24 14 7 2 7 40 29 11 7 2 2 3 3 4 2 12 28 7 10 6 3 3 4 9 8 12 26 7 10 39 23 46 32 18 16 20 25 53 48 18 27 17 48 60 58 52 30 25 32 12 13 17 18 33 30 18 23 19 11 12 11 10 10 10 13 17 10 5 4 3
10 26 14 35 43 20 7 27 3 1 2 3 3 4 11 15 10 18 12 7 12 40 47 11 15 32 10 27 11 2 2 3 16 36 24 7 4 3 3 4 5 16 31 5 7 7 6 10 13 17 17 24 16 17 20 18 32 56 41 39 44 42 18 13 7 26 24 24 19 32 35 57 61 34 18 11 14 17 21 29 32 45 12 16 11 8 7 4 7 11 10 3 15 5 2 2
42 60 36 56 38 8 25 51 7 6 6 2 11 27 24 10 23 17 18 9 11 12 9 39 18 5 7 28 33 7 6 4 3 34 37 24 22 16 13 18 15 9 36 31 7 5 8 11 11 14 23 43 17 30 36 19 12 29 40 32 30 22 11 20 21 7 3 15 38 42 44 58 30 34 18 16 21 19 30 22 26 20 25 10 9 7 4 3 4 4 7 5 6 7 3 1
28 67 19 68 18 45 42 50 5 13 15 5 4 4 14 17 20 48 44 55 13 9 12 15 11 8 12 47 11 52 11 23 16 38 12 25 22 57 21 15 21 10 33 36 37 7 6 5 15 10 14 11 10 23 30 14 26 60 60 68 27 38 46 37 34 15 14 22 29 32 31 42 33 21 32 9 17 29 25 29 16 12 17 14 5 4 2 1 1 4 4 6 5 4 5 4
7 59 37 51 51 58 52 10 17 31 22 11 9 6 7 5 8 20 23 55 30 6 11 17 46 39 30 39 11 48 49 12 15 22 49 53 39 59 74 28 23 7 13 36 36 22 17 8 16 4 4 7 27 26 16 15 23 20 16 20 15 30 50 45 43 31 31 32 24 29 30 28 21 29 9 15 14 21 12 9 11 9 6 9 13 9 5 8 5 3 2 3 4 4 2 2
8 7 5 43 58 55 14 17 45 22 36 45 24 16 7 11 16 17 26 13 24 42 38 11 38 37 42 48 51 20 75 65 26 9 32 74 67 47 36 54 51 9 20 47 56 59 14 10 12 13 8 8 48 18 70 65 67 50 78 62 41 22 29 29 32 29 32 35 32 19 21 29 25 29 15 21 11 12 11 14 7 7 7 12 6 5 6 7 3 4 4 2 2 2 1 0
7 38 22 17 11 32 24 60 60 33 32 39 13 26 6 16 11 13 26 19 24 26 27 11 51 58 50 73 63 47 68 81 69 38 30 8 25 48 32 15 20 11 7 73 69 58 37 37 24 43 67 78 61 34 32 62 50 28 31 51 50 35 42 33 31 25 23 41 32 15 18 18 22 23 15 17 15 16 9 8 6 6 2 4 5 3 4 4 2 2 2 2 1 1 1 1
16 22 16 35 28 13 47 77 61 68 7 29 50 43 60 21 40 14 12 13 14 7 34 59 79 52 77 83 66 65 41 56 75 45 42 20 49 66 76 83 65 34 20 28 74 54 35 77 36 38 66 66 72 37 22 73 81 46 35 24 63 65 23 52 35 33 23 27 24 19 22 19 18 15 13 14 12 9 8 3 3 3 4 3 4 2 2 2 1 1 1 1 0 0 0 0
12 14 43 21 19 7 37 65 45 72 20 31 63 48 68 39 20 28 20 35 38 46 13 49 64 71 80 81 55 80 62 79 72 74 71 73 64 73 78 68 13 49 56 21 9 47 41 60 40 38 61 58 61 64 32 39 70 87 56 42 52 30 33 31 38 49 47 38 26 14 26 15 10 9 8 4 7 4 2 2 2 3 2 2 2 1 1 0 1 1 0 1 2 2 2 2
13 9 5 16 26 27 10 75 20 21 22 37 44 8 35 46 23 26 21 57 56 27 30 17 55 83 76 81 59 86 71 74 70 61 73 72 83 77 75 81 73 48 16 13 5 8 49 52 33 13 23 62 68 71 70 77 81 78 85 44 29 35 34 40 38 40 49 23 18 28 13 10 10 8 3 2 1 1 4 4 6 2 2 1 2 3 5 5 9 2 4 9 5 9 8 5
4 10 25 20 13 9 11 30 37 33 56 51 59 58 24 48 28 47 13 12 31 68 38 26 11 33 38 68 68 37 14 17 13 30 29 35 76 59 63 74 73 57 39 13 4 8 44 43 32 25 19 17 41 73 74 66 51 53 78 71 34 23 32 34 40 38 20 29 17 7 9 10 9 6 5 3 2 2 2 1 3 6 4 8 11 18 19 17 10 7 9 20 18 27 22 9
7 7 9 8 17 13 18 16 17 16 33 63 63 70 14 12 23 54 55 30 27 22 44 14 26 34 25 29 16 22 38 27 40 36 59 36 30 26 24 24 20 33 22 10 10 12 30 34 46 25 27 26 5 40 34 47 50 58 41 54 50 28 54 53 44 26 25 15 14 11 10 9 4 2 4 4 2 1 2 4 20 21 15 25 29 33 27 41 28 28 54 53 31 46 23 16
4 5 9 26 23 27 27 21 24 23 37 7 12 16 26 32 19 15 58 60 52 27 32 10 28 51 47 39 26 29 48 56 29 58 30 24 25 32 33 31 19 13 17 15 27 25 49 45 45 38 23 11 15 16 20 47 21 16 14 41 24 34 34 22 32 17 11 16 13 6 5 3 5 3 6 6 8 1 17 20 33 33 35 41 42 61 59 42 39 47 20 9 13 11 14 35
6 10 22 11 14 19 21 15 26 49 13 16 36 34 18 37 6 10 13 24 30 23 18 19 31 24 38 31 57 19 47 34 29 37 25 24 33 56 23 53 29 15 12 9 10 18 26 44 33 34 20 33 32 21 30 27 27 23 28 39 56 50 30 10 16 15 13 5 7 3 3 22 21 11 11 17 7 11 28 51 64 51 50 73 66 62 60 44 53 53 24 7 4 4 7 25
20 43 37 50 18 16 18 14 29 35 19 22 34 33 27 14 18 17 37 36 21 25 35 21 28 25 20 37 21 23 36 31 35 29 20 24 19 41 18 51 35 25 18 7 4 3 14 18 67 59 32 26 60 31 16 38 46 62 55 42 50 29 18 12 13 9 3 4 10 9 22 34 42 16 24 30 17 32 55 59 71 84 52 80 63 59 50 51 42 38 25 20 5 3 2 5
5 6 4 5 8 7 27 20 37 17 24 12 22 42 14 6 12 18 20 18 9 7 7 19 26 20 15 20 25 30 29 33 17 24 17 7 29 19 32 50 26 28 42 18 19 8 6 19 24 46 30 42 33 16 20 34 37 31 25 15 14 10 5 3 4 1 9 23 36 25 42 53 51 36 51 35 22 42 63 61 85 70 56 52 36 7 8 32 14 18 12 7 6 2 1 8
6 14 10 21 15 22 12 19 22 22 7 10 18 21 27 25 32 13 13 13 16 5 8 25 49 36 21 18 25 15 13 31 63 29 18 12 28 16 52 15 37 21 28 26 14 8 12 15 10 22 31 27 12 21 21 19 49 20 12 10 6 18 19 27 12 21 30 47 46 43 43 59 42 42 51 46 34 47 64 73 74 58 39 32 24 11 11 11 18 7 6 6 3 2 1 2
5 7 7 15 27 5 6 10 9 15 14 10 28 21 51 28 21 37 29 21 48 19 25 23 41 45 20 40 12 21 28 21 53 53 30 20 21 34 32 13 15 14 22 27 10 19 12 8 9 13 15 23 20 21 23 21 13 6 6 23 22 38 38 37 28 29 45 51 65 62 45 60 60 62 47 61 57 60 63 66 59 73 47 31 16 17 13 6 26 11 4 2 1 2 2 3
6 4 8 11 5 6 5 15 22 14 19 26 23 18 15 17 58 56 28 31 34 26 39 17 24 36 42 28 13 15 11 16 19 17 27 39 9 14 38 30 22 29 20 13 22 16 16 15 9 14 17 20 33 26 16 13 16 23 31 50 42 40 54 42 34 49 51 50 65 47 55 64 75 45 50 56 63 69 80 58 29 24 28 33 25 16 8 6 5 5 2 2 1 1 2 2
4 8 9 6 3 26 19 13 34 50 57 48 45 55 26 15 19 41 32 43 8 25 46 18 23 19 29 43 23 41 25 20 16 17 33 47 16 29 34 38 32 7 7 15 11 15 7 7 14 19 20 35 28 20 27 18 26 29 50 46 41 40 53 42 36 45 53 38 65 57 44 71 57 44 51 73 62 67 29 82 59 60 30 19 22 17 11 10 4 2 1 1 1 0 1 0
4 5 5 4 3 4 8 16 20 29 38 59 46 44 55 15 26 24 15 15 18 40 46 22 11 13 7 20 13 18 14 15 25 22 37 31 16 32 38 35 23 12 5 5 10 11 13 26 14 15 30 22 18 38 23 22 33 51 49 55 47 45 47 36 38 62 62 48 65 61 59 60 78 75 59 62 71 67 29 26 54 64 45 36 15 9 10 12 5 2 2 1 1 1 1 1
3 3 15 4 12 3 7 7 15 22 7 10 9 9 16 27 26 24 53 19 29 43 21 26 6 25 8 25 11 8 15 18 18 16 22 19 20 20 28 29 22 10 4 8 11 12 17 19 19 19 22 37 26 22 21 35 46 44 42 45 42 31 49 47 48 66 59 63 63 85 73 66 61 74 25 24 18 55 58 36 22 46 27 18 12 9 10 3 2 4 2 1 1 1 0 0
3 10 9 34 3 35 28 3 13 8 19 10 28 17 25 19 24 17 16 18 10 26 9 15 10 7 8 11 5 14 17 12 12 15 16 11 15 11 16 25 17 15 16 22 30 12 23 14 30 39 35 51 36 22 35 39 41 51 31 36 57 43 55 59 47 64 52 74 35 54 82 80 77 64 75 56 40 19 14 31 24 16 33 26 22 16 14 19 7 2 2 1 1 1 0 0
24 9 4 12 25 11 6 13 11 12 7 15 9 9 29 14 15 3 13 19 16 6 10 11 7 4 6 2 5 3 4 8 9 26 7 8 9 12 12 5 9 19 7 11 10 19 8 20 32 45 39 39 33 32 30 50 39 46 45 38 47 54 43 48 60 66 45 47 79 34 77 80 59 77 79 82 65 60 58 43 39 28 12 7 15 22 12 12 5 3 1 1 1 1 0 0
15 55 13 25 4 8 6 10 5 5 19 5 8 22 35 41 46 13 11 25 11 7 3 4 10 3 3 3 3 2 2 8 10 11 4 6 6 6 19 14 9 18 9 37 17 18 20 16 35 40 27 26 28 28 27 33 53 46 40 61 55 67 47 43 58 22 40 41 39 53 39 73 48 62 78 81 80 88 72 58 59 69 66 44 14 10 12 11 5 2 2 1 0 0 0 0
4 10 7 8 14 13 6 4 5 6 11 6 23 8 7 9 7 12 11 13 22 5 10 6 6 3 2 1 2 3 3 6 4 4 5 3 5 11 16 12 7 7 16 35 8 26 19 21 25 44 18 22 24 25 24 30 42 51 37 50 64 36 37 70 73 64 44 33 20 8 19 22 37 38 67 75 70 74 78 60 77 65 56 24 16 18 14 9 10 3 2 1 0 0 0 0
3 6 12 10 8 9 7 3 1 6 1 2 4 6 30 15 29 8 8 8 12 5 3 5 4 3 4 2 1 1 4 2 3 5 1 1 3 12 7 7 4 8 9 17 16 14 17 18 24 20 12 22 16 18 28 20 41 53 56 51 52 66 24 10 9 15 20 41 37 29 16 14 7 22 37 63 52 75 84 49 65 81 54 35 26 14 11 10 7 3 2 2 1 1 0 0
2 13 7 4 4 5 3 2 1 1 1 2 2 8 10 8 10 8 10 9 5 9 2 6 3 3 6 1 1 2 1 2 4 2 4 5 6 13 2 2 5 9 8 13 11 8 9 11 14 9 19 29 24 32 31 29 44 37 37 26 29 60 20 21 41 56 64 51 51 41 35 47 19 7 15 49 43 70 80 69 52 49 45 32 21 19 15 10 8 5 4 3 2 1 0 0
1 3 4 4 4 3 2 1 1 0 1 2 3 2 3 5 5 6 2 1 1 1 2 1 1 4 2 1 2 1 1 1 2 1 1 1 3 4 3 4 5 5 12 13 4 5 9 7 13 16 34 61 41 65 60 74 57 44 50 29 20 7 65 42 15 53 69 49 54 57 60 43 25 22 11 11 14 36 68 45 33 18 12 23 8 13 6 6 6 7 4 3 2 1 1 0
4 0 1 3 1 1 0 0 0 0 0 0 0 1 3 1 1 1 2 1 1 0 1 1 0 1 1 1 1 1 0 0 0 1 1 1 3 2 1 3 6 16 39 58 29 30 20 16 17 10 63 25 71 64 45 55 33 36 50 64 19 17 18 78 28 30 43 67 47 42 66 71 76 47 35 14 7 4 5 6 8 7 6 14 15 5 4 2 2 6 2 2 1 1 0 0
0 0 1 0 0 0 0 0 0 0 1 0 0 0 0 1 1 1 1 1 1 1 1 1 0 0 0 1 0 0 0 0 0 2 9 10 13 20 30 36 36 53 24 61 39 49 51 7 26 48 19 20 54 46 56 60 37 64 68 47 42 28 13 53 71 26 9 36 64 75 63 61 38 36 46 39 17 7 10 3 8 9 7 4 12 12 3 3 2 2 2 1 1 0 1 0
0 0 0 0 0 0 1 4 8 1 2 1 5 0 0 1 1 0 0 0 0 0 0 0 0 0 1 2 2 0 0 0 0 0 1 7 14 31 23 28 30 58 32 34 58 54 56 19 14 19 72 46 19 44 16 31 28 63 77 59 55 39 26 31 83 36 36 19 45 61 81 28 14 28 32 52 37 31 23 14 8 5 3 4 4 8 5 2 1 1 1 1 0 0 0 0
0 1 1 1 1 4 5 2 3 4 4 1 2 1 0 0 0 0 0 0 0 0 2 1 3 3 1 0 1 0 0 2 1 1 1 2 3 27 36 36 29 27 21 20 51 64 75 75 21 24 44 52 31 21 46 13 46 52 76 70 21 33 25 13 81 56 26 25 28 78 78 86 51 40 30 22 15 12 9 10 16 14 7 2 2 2 5 4 2 2 0 1 1 0 0 0
2 2 1 8 5 5 8 15 13 11 3 4 3 1 1 0 0 0 0 0 0 0 0 0 0 1 3 2 1 1 1 0 1 2 0 2 7 24 36 56 35 19 12 20 32 69 79 80 82 78 24 34 33 33 24 13 33 58 66 70 25 34 38 30 58 87 60 40 24 15 21 52 24 29 21 44 31 13 9 6 5 6 8 6 2 1 2 3 2 2 1 1 1 0 0 0
3 4 6 6 14 12 18 7 22 18 7 15 10 3 11 4 3 1 0 0 0 0 0 0 0 0 1 4 0 0 1 0 2 2 3 4 4 5 2 2 40 38 12 26 18 24 51 59 78 84 74 43 45 58 36 52 35 64 76 61 65 24 44 40 31 82 90 70 52 23 15 17 52 33 23 21 29 33 13 10 4 5 5 6 6 1 0 3 1 2 1 1 0 1 0 0
0 1 1 12 19 13 43 53 53 49 29 21 9 17 27 17 5 2 4 1 0 0 0 0 0 1 4 1 1 1 1 2 5 3 4 8 8 7 6 6 7 16 16 16 11 25 61 33 69 77 87 52 46 46 61 58 12 58 72 69 65 50 39 34 22 75 81 83 59 55 13 6 40 60 29 7 10 8 16 5 7 5 4 3 5 2 1 1 2 1 1 1 0 0 0 0
1 2 3 27 28 46 61 55 52 72 75 36 43 35 37 25 9 13 8 4 1 0 1 1 4 17 12 1 1 1 1 3 2 3 2 5 6 9 15 9 7 8 8 7 23 27 46 38 12 63 78 84 46 36 48 24 20 18 47 56 85 79 24 28 52 62 62 81 37 52 40 8 11 40 30 19 12 11 15 13 6 5 2 1 2 2 1 0 0 1 1 1 0 0 0 0
0 1 1 1 1 3 11 20 25 10 36 63 76 58 51 21 15 28 11 6 9 1 1 1 1 1 12 21 3 1 2 3 3 7 6 4 9 10 18 11 18 28 24 18 15 9 57 60 43 31 56 76 65 35 17 15 37 14 23 55 51 48 36 31 36 50 33 79 34 44 32 36 5 20 22 30 23 17 16 11 9 6 1 1 1 2 2 1 0 0 0 0 0 0 0 0
0 0 1 4 6 10 46 16 18 14 18 19 59 76 77 49 37 33 9 16 5 8 2 6 4 2 1 2 3 2 1 3 5 13 3 5 4 8 17 17 15 19 14 16 28 28 28 11 41 65 37 48 15 19 10 28 23 34 27 30 56 62 48 39 19 23 22 66 71 26 14 25 24 7 13 11 22 9 7 5 6 4 3 2 1 1 1 1 1 0 0 0 0 0 0 0
0 1 0 1 2 2 9 12 9 19 12 3 11 38 63 73 68 13 2 2 3 12 6 12 6 5 4 2 2 4 2 24 16 5 29 10 11 14 18 13 18 32 44 31 40 26 35 20 24 22 71 46 39 27 20 16 29 35 27 31 51 69 53 35 31 24 35 56 71 53 21 11 30 19 11 3 4 11 9 7 3 3 2 2 1 0 0 1 1 1 0 0 0 0 0 0
1 0 0 1 4 6 4 5 6 12 18 13 32 11 11 17 23 9 3 6 16 2 4 10 36 31 3 4 2 28 9 9 32 23 43 13 52 19 14 14 18 21 21 34 27 33 34 25 27 32 31 42 28 28 34 28 23 34 18 9 20 32 45 42 45 32 28 36 46 50 30 31 34 15 19 7 3 8 8 3 4 1 1 1 1 1 1 0 0 0 0 0 0 0 0 0
6 1 5 1 1 4 3 6 10 21 12 17 5 18 30 15 21 14 4 10 2 9 9 6 3 10 12 21 19 3 9 24 20 9 13 15 7 40 12 20 21 29 14 21 16 18 18 28 34 41 25 14 47 49 37 46 30 26 25 25 14 24 49 28 25 26 17 21 33 47 15 17 14 9 9 7 3 2 5 5 3 2 1 1 0 0 1 0 0 0 0 0 0 0 0 0
11 10 0 1 4 1 12 28 5 5 14 13 11 31 10 20 6 5 2 2 3 6 6 8 8 5 8 10 5 9 4 33 12 27 21 37 6 16 30 9 15 29 23 36 36 14 21 28 23 40 20 34 9 24 23 57 23 31 25 39 26 23 11 11 8 3 3 7 12 15 8 3 13 8 6 12 8 4 6 2 2 2 1 1 0 0 0 0 0 0 0 0 0 0 0 0
10 8 29 3 3 12 1 1 19 19 4 16 6 27 10 17 12 6 4 9 15 19 8 4 11 15 11 15 38 38 24 5 6 10 23 15 14 4 46 25 25 20 10 14 35 29 21 15 28 40 33 12 52 36 26 56 38 15 26 13 14 21 13 9 4 3 2 1 7 14 12 5 4 8 7 9 7 5 11 4 1 1 1 0 1 0 0 0 0 0 0 0 0 0 0 0
4 11 20 11 1 1 10 3 1 3 10 7 3 6 17 9 4 2 4 5 13 12 28 19 16 17 17 17 52 61 28 17 8 19 29 21 36 15 4 49 17 29 28 26 15 15 21 31 28 36 20 9 19 10 7 29 22 19 16 8 9 17 11 10 9 4 2 2 2 5 7 6 9 8 9 13 13 7 3 2 2 1 0 0 0 0 0 0 0 0 0 0 0 0 0 0
19 10 35 15 21 5 2 30 4 10 31 6 18 14 6 23 5 4 4 4 4 11 17 17 17 26 24 25 39 72 68 43 16 13 58 37 38 24 10 24 59 20 19 52 32 33 26 35 37 23 17 7 6 9 9 10 19 13 9 5 5 7 8 13 5 6 2 2 1 1 1 3 3 1 3 3 5 7 3 2 1 1 1 0 0 0 0 0 0 0 0 0 0 0 0 0
25 15 12 25 8 13 19 5 44 21 37 55 29 35 19 9 7 6 9 25 7 20 40 29 20 24 29 22 14 19 62 48 30 21 21 50 29 20 15 10 16 42 16 12 16 19 23 35 55 35 49 19 11 10 8 7 8 7 5 17 7 3 3 3 2 2 2 1 1 1 0 1 1 0 1 2 2 1 2 1 1 1 1 0 0 0 0 0 0 0 0 0 0 0 0 0
8 38 25 31 22 28 46 35 17 14 7 4 10 7 10 29 15 8 18 4 35 12 50 52 21 28 33 21 12 6 11 38 56 30 11 31 39 17 36 26 20 11 35 37 21 21 37 27 44 27 52 22 11 9 7 6 6 5 3 7 8 4 1 1 1 1 1 1 1 0 0 0 0 0 0 1 1 1 1 1 1 0 1 0 0 0 0 0 0 0 0 0 0 0 0 0
7 8 2 14 16 2 4 3 17 10 26 26 25 30 14 16 28 22 20 17 12 10 46 73 42 37 36 39 21 7 7 7 50 29 33 27 47 15 39 43 29 14 11 36 26 34 28 27 38 20 6 8 15 12 11 10 3 2 1 1 2 1 1 1 1 1 1 1 1 0 0 0 0 0 0 0 0 0 1 0 0 0 0 0 0 0 0 0 0 0 0 0 0 0 0 0
5 8 6 3 3 7 5 5 5 16 10 13 10 6 13 28 9 8 14 30 16 63 33 59 61 40 52 41 44 19 8 11 8 26 32 36 45 18 40 25 29 31 24 19 35 24 26 42 37 30 23 11 13 7 6 5 3 1 1 0 1 1 0 0 0 0 0 0 0 0 0 0 0 0 0 0 0 0 0 0 0 0 0 0 0 0 0 0 0 0 0 0 0 0 0 0
10 8 6 3 6 13 6 4 10 9 4 7 10 4 12 18 10 13 8 11 51 34 24 23 72 39 14 12 12 8 11 5 12 6 12 18 83 62 28 39 27 14 24 26 16 31 20 24 49 45 40 20 12 7 5 4 1 1 0 1 3 3 1 2 1 1 1 0 0 0 0 0 0 0 0 0 0 0 0 0 0 0 0 0 0 0 0 0 0 0 0 0 0 0 0 0
4 2 2 2 1 3 3 4 2 1 6 5 9 2 5 13 7 12 21 58 32 23 40 49 71 57 22 16 17 21 18 20 7 11 13 9 6 8 27 25 17 32 13 25 21 35 37 25 49 31 38 34 20 11 5 2 1 1 2 3 6 11 10 6 1 2 1 1 0 0 0 0 0 0 0 0 0 0 0 0 0 0 0 0 0 0 0 0 0 0 0 0 0 0 0 0
1 1 2 1 2 2 2 1 1 1 1 2 6 5 4 5 5 12 20 13 18 22 10 5 13 11 9 13 33 36 19 42 32 13 11 8 9 9 7 21 17 35 25 13 34 25 40 31 27 16 21 19 12 9 3 4 2 3 8 11 14 13 9 8 5 2 3 3 2 2 1 1 0 0 0 1 0 0 0 0 0 0 0 0 0 0 0 0 0 0 0 0 0 0 0 0
2 1 1 0 1 1 2 4 13 11 10 1 1 4 4 2 5 13 38 23 34 11 19 13 9 12 37 22 25 31 45 33 21 23 27 5 3 5 9 13 11 19 28 30 31 30 21 16 36 18 13 11 7 4 5 9 5 13 16 13 20 17 16 12 7 6 6 9 8 4 3 1 0 0 1 0 0 0 0 0 0 0 0 0 0 0 0 0 0 0 0 0 0 0 0 0
0 0 0 0 2 3 1 8 27 31 18 15 6 2 4 7 7 20 25 12 7 10 24 19 15 17 29 14 7 21 20 13 6 13 25 15 7 5 11 7 5 10 10 12 19 20 21 14 23 17 8 4 8 10 17 16 16 20 24 25 15 22 24 18 26 10 12 11 10 10 2 1 0 1 1 1 1 0 0 0 0 0 0 0 0 0 0 0 0 0 0 0 0 0 0 0
0 1 2 2 3 2 7 6 1 8 24 24 18 28 29 25 52 20 19 30 7 5 24 13 16 25 14 13 8 13 20 21 22 17 26 14 9 22 22 8 5 23 12 18 14 8 22 11 11 8 7 10 17 26 26 32 21 21 19 24 18 29 33 40 35 25 17 14 14 8 5 4 6 3 1 1 1 0 0 0 0 0 0 0 0 0 0 0 0 0 0 0 0 0 0 0
1 0 0 1 9 8 14 49 38 21 25 50 38 28 53 36 70 70 65 42 16 35 4 6 6 6 24 27 28 38 13 52 54 25 9 13 5 16 16 9 28 14 13 12 16 10 14 12 10 10 19 20 36 51 50 36 47 28 33 32 23 41 40 43 34 28 22 18 18 16 9 3 1 0 0 1 1 1 0 0 0 0 0 0 0 0 0 0 0 0 0 0 0 0 0 0
2 2 9 1 1 12 27 42 56 17 16 61 22 21 48 29 29 14 28 47 11 21 13 10 7 14 19 29 31 50 23 16 16 40 21 20 7 29 14 13 19 29 24 24 27 37 38 31 10 33 46 40 45 58 64 61 33 22 57 41 33 41 42 32 42 45 10 32 29 15 10 6 3 1 0 2 4 1 0 0 0 0 0 0 0 0 0 0 0 0 0 0 0 0 0 0
10 2 4 18 6 3 4 9 13 46 10 49 26 29 44 18 7 12 25 14 10 6 16 8 14 25 26 14 10 33 23 16 9 7 11 9 23 28 13 10 40 44 25 53 48 28 28 17 16 41 59 51 52 80 50 44 41 24 69 38 33 41 55 57 43 36 29 35 17 9 8 5 4 5 3 2 3 2 1 1 1 0 0 0 0 0 0 0 0 0 0 0 0 0 0 0
25 26 5 21 22 40 39 20 6 8 32 70 54 11 57 16 20 14 26 15 7 6 27 12 23 19 23 21 18 15 10 13 15 22 27 17 33 7 13 24 39 40 54 58 39 21 13 22 41 33 50 66 77 47 34 47 47 31 72 41 67 33 58 35 34 65 42 22 34 16 9 9 20 17 3 1 1 3 1 1 0 0 0 0 0 0 0 0 0 0 0 0 0 0 0 1
21 35 39 29 33 68 47 75 50 5 25 59 6 15 46 36 21 9 42 6 6 6 14 8 35 24 13 11 12 4 3 13 26 16 37 12 42 10 31 26 55 56 67 36 34 25 24 44 50 45 42 66 65 43 51 64 56 40 76 72 48 58 50 59 73 55 46 38 24 10 12 42 16 2 3 4 2 2 1 1 1 0 0 0 0 0 0 0 0 0 0 0 0 0 1 1
35 53 56 65 64 65 72 79 61 29 23 23 30 8 45 28 20 12 8 5 5 9 22 10 17 15 13 31 23 23 25 28 17 9 13 23 56 25 30 38 64 66 51 35 20 36 36 64 68 46 42 61 49 35 49 72 39 65 65 64 70 37 50 80 78 56 45 28 33 36 23 20 10 8 6 2 1 1 1 1 0 0 0 0 0 0 0 0 0 0 0 0 0 0 1 5
4 57 71 52 73 22 52 68 68 67 57 61 39 7 48 67 37 11 15 10 5 13 19 12 9 14 25 7 10 12 5 11 9 24 54 31 49 21 21 38 63 45 30 15 30 52 44 50 73 52 55 59 28 50 69 62 30 60 45 76 63 68 77 70 58 41 49 27 13 6 5 4 2 1 1 0 0 0 0 0 0 0 0 0 0 0 0 0 0 0 0 0 0 1 1 4
12 15 35 11 6 7 11 11 16 7 10 24 56 13 8 42 61 41 29 21 10 10 6 9 24 6 14 15 38 35 7 17 21 26 65 59 69 32 22 46 42 22 16 34 54 52 44 48 70 44 59 71 59 61 78 57 62 35 60 67 46 70 61 27 14 17 11 18 31 25 22 15 17 5 1 0 0 0 0 0 0 0 0 0 0 0 0 0 0 0 0 0 0 2 4 5
