sesion_6_simulaciones/modelos_agentes/ejemplos_netlogo/scenarios/cgcm2_a2/rob_2043.asc
NCOLS 322 
NROWS 307 
XLLCORNER 451900 
YLLCORNER 4086900 
CELLSIZE 100 
NODATA_value -9999 
[rows 74 to 147 of 307, columns 96 to 191 of 322]
31 63 43 24 23 27 25 52 24 26 20 66 38 73 68 55 18 9 15 23 67 69 48 30 33 12 12 3 13 25 11 9 15 24 12 6 8 7 22 7 6 8 19 5 8 17 19 4 7 18 14 41 63 46 38 18 28 37 55 36 30 82 71 56 60 63 40 55 65 67 57 68 53 68 42 44 57 65 45 39 21 41 52 38 19 7 8 8 4 5 4 3 2 1 0 0
35 39 33 24 15 21 28 40 24 39 44 34 20 30 40 62 42 49 61 75 92 70 71 54 24 31 10 8 16 5 15 63 31 30 30 25 10 6 9 4 9 30 38 23 47 29 25 51 56 15 19 12 21 50 16 21 39 55 40 24 50 54 75 61 62 45 41 52 66 72 45 81 50 59 52 37 60 33 25 51 49 40 15 14 20 16 11 10 14 11 14 13 5 4 1 0
47 31 26 25 17 30 17 44 21 42 52 19 26 48 40 34 46 71 55 74 81 85 82 76 33 21 15 7 14 20 49 63 49 32 36 35 35 13 19 25 12 11 16 9 14 41 17 37 33 34 12 8 21 17 22 25 39 58 32 37 41 26 66 64 61 40 60 51 82 63 38 70 64 58 66 59 34 21 75 48 33 30 46 32 44 44 37 43 40 22 22 17 9 5 2 2
49 18 36 30 21 18 21 31 25 29 68 32 33 32 36 48 71 45 69 67 84 87 68 57 63 12 11 18 34 33 53 23 44 25 43 12 52 32 17 32 11 6 6 4 15 21 48 49 30 57 50 34 28 6 11 17 42 23 24 17 39 22 62 52 46 28 59 61 68 36 31 41 69 39 66 40 38 43 66 39 49 45 40 56 69 63 65 40 36 42 20 18 8 7 3 3
46 26 33 31 39 17 23 28 11 45 65 56 39 27 46 45 52 65 80 55 55 65 73 80 43 33 42 57 71 48 47 29 38 39 10 22 27 35 29 35 32 7 6 11 21 27 48 50 24 69 65 51 59 39 38 13 15 14 22 17 27 22 14 32 20 28 34 53 42 25 31 30 69 51 33 14 52 56 43 42 61 76 83 75 75 71 42 45 46 23 24 12 7 8 7 11
57 58 20 49 54 29 11 28 11 28 24 57 43 34 38 9 45 83 53 60 59 40 65 76 46 34 76 77 75 73 77 46 13 13 18 49 54 17 24 31 42 10 9 22 23 24 36 76 72 66 61 61 72 34 64 55 48 19 10 5 19 29 13 15 18 29 26 40 15 14 33 43 46 38 73 67 33 29 58 70 73 73 69 69 57 66 61 69 43 23 20 11 10 15 27 12
78 81 58 52 18 15 11 10 10 34 16 9 40 54 15 36 74 50 38 35 50 26 15 56 65 71 77 70 76 65 85 78 38 39 49 65 41 34 8 23 51 31 13 20 35 56 30 29 72 49 60 83 72 59 73 46 50 67 56 54 55 18 52 24 15 7 23 36 38 53 39 6 9 12 23 60 66 76 52 76 71 55 75 61 54 55 67 68 47 37 31 20 47 40 10 9
54 50 62 14 9 11 17 14 11 18 18 4 9 21 29 40 23 55 57 44 37 50 14 23 63 78 75 49 42 62 54 41 65 61 61 61 70 61 24 26 60 51 14 18 44 37 22 14 38 22 66 77 61 87 78 50 77 51 37 43 67 29 45 51 39 25 45 47 68 33 48 21 17 22 31 17 27 68 69 74 51 64 76 67 48 57 76 62 54 44 43 47 58 34 12 26
61 61 49 20 20 21 27 18 8 13 22 3 12 26 32 21 20 68 50 35 41 73 44 41 67 92 66 20 45 49 36 40 16 23 85 66 36 35 25 50 71 62 32 22 32 27 23 29 28 53 55 81 85 89 72 71 74 57 72 54 66 49 50 44 44 46 25 33 60 32 65 78 63 49 35 36 29 19 53 81 87 55 70 64 45 78 61 44 55 67 53 69 41 33 21 50
19 33 55 51 6 7 22 21 29 16 16 5 19 48 32 10 18 78 33 50 43 42 32 66 47 57 36 48 60 48 37 38 23 59 90 75 56 29 22 59 42 24 42 18 23 16 19 24 25 35 31 71 71 86 70 70 82 57 77 71 62 64 38 42 45 32 63 32 50 64 78 79 61 42 50 28 25 34 21 72 70 67 39 65 76 41 49 52 63 53 57 42 28 35 36 76
9 13 18 27 36 7 14 8 7 26 22 9 16 41 31 17 28 73 43 44 25 18 70 71 64 55 29 62 62 48 25 15 62 91 89 86 81 44 53 60 55 15 38 27 31 40 31 21 28 10 7 34 77 88 63 70 62 67 87 78 62 47 32 25 70 41 77 55 43 62 78 75 40 34 47 41 42 39 29 32 70 83 78 58 33 65 74 73 62 71 28 46 43 61 43 74
6 9 18 10 24 27 17 17 8 16 31 7 18 47 26 35 28 41 52 65 60 17 39 48 78 68 63 66 68 73 46 81 90 81 78 87 82 51 42 65 45 22 42 32 33 41 36 23 28 19 23 39 77 81 58 50 54 86 85 82 56 27 48 62 78 61 84 74 61 40 77 62 67 62 61 47 41 45 32 28 41 75 67 79 76 46 71 34 71 39 35 60 46 77 46 60
5 2 2 2 6 16 6 3 6 11 15 9 27 48 27 9 25 20 42 57 67 58 27 33 36 42 71 85 60 59 78 86 87 73 79 79 63 79 60 65 49 73 58 67 41 49 56 54 36 35 24 42 65 89 69 49 79 70 85 74 55 42 43 58 84 64 81 72 62 42 66 55 48 25 54 38 18 40 34 22 12 58 75 68 51 85 62 57 62 58 58 69 72 78 77 43
3 2 0 1 5 5 1 3 4 9 4 14 44 34 9 5 11 16 38 44 58 82 47 25 22 33 71 72 81 42 84 70 69 72 88 83 64 78 54 64 59 91 48 78 59 52 44 30 30 27 23 17 45 80 67 76 65 78 89 66 43 46 61 77 77 61 69 67 54 20 25 33 56 59 69 49 27 40 43 45 51 15 61 69 64 77 85 86 92 75 85 87 74 41 78 30
5 4 1 1 4 2 2 4 6 5 7 14 26 29 8 3 30 27 22 28 36 51 65 63 44 31 50 62 79 78 73 85 82 55 58 47 51 74 33 49 90 80 63 50 39 57 41 48 52 54 53 24 30 59 56 65 68 81 81 65 60 72 73 77 79 45 63 69 54 28 25 44 63 61 48 77 40 32 41 45 48 31 22 60 67 85 79 53 54 67 67 82 74 41 52 63
6 2 2 1 2 1 1 7 4 3 3 8 41 19 5 3 20 11 21 32 31 45 54 56 59 33 38 20 39 70 58 65 71 62 63 61 47 38 53 86 53 75 42 28 42 72 58 56 60 60 47 43 24 27 26 48 63 69 79 59 48 61 61 85 80 54 61 77 34 14 15 38 37 53 85 74 49 50 24 55 39 52 49 19 54 77 76 74 73 67 48 45 60 36 23 40
3 2 1 1 0 0 0 4 4 1 8 19 36 33 5 2 11 2 11 41 40 45 16 25 49 39 40 29 59 87 78 73 48 63 47 30 38 31 65 45 42 43 24 58 83 67 62 62 46 34 32 30 25 21 8 13 41 60 76 45 66 62 85 88 87 53 77 64 52 30 18 30 54 73 90 51 47 78 39 51 46 50 59 39 17 61 65 50 32 46 42 39 29 40 37 33
7 4 2 1 1 0 0 1 2 3 5 23 12 9 12 4 14 2 1 7 11 33 19 18 18 11 25 42 71 83 56 66 71 66 60 34 19 34 75 23 53 57 69 78 80 62 79 41 30 36 64 59 64 60 50 20 7 5 30 43 48 66 80 87 86 60 89 66 64 53 28 32 52 88 74 38 73 69 48 38 56 59 57 46 33 11 28 49 41 42 24 36 57 61 45 43
3 2 1 1 1 0 0 0 1 4 7 9 9 3 3 1 12 4 1 12 9 12 8 13 19 18 15 40 17 41 47 45 49 42 13 24 40 45 51 28 65 66 82 69 64 50 84 76 76 58 60 55 53 33 36 12 5 5 7 27 58 81 75 85 77 52 78 72 39 31 34 55 50 72 44 58 82 71 69 76 60 62 46 43 45 30 9 16 18 26 40 49 56 57 49 38
1 1 1 1 1 0 0 0 0 1 4 7 7 5 2 1 12 2 1 5 3 5 5 10 7 20 19 28 16 5 13 17 14 12 32 42 66 76 51 50 28 66 91 62 38 79 73 65 79 61 60 47 31 36 32 35 17 7 8 45 74 69 83 86 82 78 75 81 65 27 42 35 42 21 33 75 72 41 67 45 50 47 43 40 47 34 39 16 6 26 40 60 66 55 50 22
3 1 3 3 2 1 1 1 1 1 2 4 3 2 2 1 4 1 1 2 3 3 3 3 5 12 12 13 16 10 4 4 6 21 31 65 77 51 56 65 44 81 87 58 71 67 69 46 86 65 73 57 66 68 65 44 26 9 11 19 61 54 78 80 75 66 73 79 68 40 27 45 51 48 53 60 71 86 53 61 40 31 49 42 29 45 58 48 16 14 18 15 23 26 28 21
10 8 5 8 6 4 4 3 2 0 1 1 1 2 1 1 1 1 1 1 1 2 1 1 3 5 7 8 9 21 2 4 7 22 70 76 51 36 64 70 58 70 77 61 55 70 62 58 85 69 57 70 57 62 60 42 26 10 7 9 13 48 70 73 66 55 73 66 41 15 27 56 30 53 74 68 77 57 37 79 49 43 47 46 71 52 32 36 42 38 28 9 5 5 8 9
17 8 13 12 12 8 11 5 2 2 0 0 0 1 1 1 1 1 0 0 1 2 1 1 1 1 8 5 6 2 4 2 11 57 53 54 19 47 81 60 43 46 57 22 34 82 55 80 84 78 55 69 78 47 21 20 22 21 17 10 12 22 41 52 56 52 36 42 20 19 39 43 39 60 70 78 61 53 65 74 69 40 52 76 72 68 49 43 46 45 50 37 19 6 2 6
20 20 25 13 20 14 8 6 5 4 4 1 1 0 0 0 1 1 0 0 1 0 0 1 0 1 5 8 3 3 6 1 19 40 26 14 22 63 80 63 28 36 33 26 73 64 48 55 88 88 46 51 50 63 41 21 5 9 12 18 14 19 15 21 13 28 36 33 14 32 48 50 45 46 69 62 55 67 42 26 69 63 65 73 74 56 54 45 33 37 45 34 27 10 7 2
34 21 27 31 24 12 11 11 6 6 4 3 2 1 0 0 0 1 0 0 1 0 0 0 0 1 1 5 1 1 4 1 8 17 8 13 19 38 36 45 31 36 19 58 65 26 55 90 86 78 78 33 17 22 14 16 6 7 16 26 14 22 14 8 8 17 14 13 12 36 39 59 34 58 66 60 74 41 53 44 72 47 42 44 51 68 67 47 36 27 42 31 30 22 16 5
23 16 33 35 11 15 5 6 12 8 4 4 3 2 1 0 0 0 0 0 0 0 0 0 0 0 0 0 1 7 2 1 1 2 4 18 24 36 71 47 39 25 39 41 42 45 50 89 83 73 93 69 40 47 38 17 7 4 2 8 25 15 10 5 7 15 10 9 15 27 46 54 49 26 35 37 46 45 47 60 21 73 54 59 60 66 60 62 67 45 41 39 40 43 18 11
14 27 61 34 27 13 25 10 18 13 6 5 3 1 1 1 1 1 0 0 1 0 0 0 0 0 0 0 1 6 1 1 1 1 6 19 25 6 22 20 30 23 23 36 28 36 63 84 78 78 86 85 41 23 16 11 8 12 8 1 2 6 6 6 6 9 7 8 10 24 36 54 51 55 19 32 50 47 30 37 64 49 39 66 67 62 65 71 60 70 56 61 54 44 27 17
21 35 55 30 24 20 11 12 20 12 9 7 4 3 1 2 1 1 1 1 1 1 1 0 1 0 0 0 0 2 1 1 1 2 5 7 7 9 6 3 18 29 15 11 21 64 79 78 67 61 78 79 57 38 38 41 29 17 12 3 1 5 3 2 6 4 4 6 15 24 24 34 34 33 46 44 37 59 87 86 78 83 64 65 58 55 59 66 76 63 75 67 55 48 40 33
25 52 19 23 27 19 16 8 17 14 5 3 7 3 2 1 1 2 2 2 2 2 1 1 1 1 0 0 0 1 0 1 1 2 4 4 5 8 8 3 7 33 18 6 27 42 78 67 26 23 37 66 80 68 44 35 27 14 6 2 1 5 2 1 2 3 4 10 16 24 24 31 37 56 70 72 66 84 82 81 75 61 51 39 39 60 76 68 65 70 75 73 68 66 52 39
54 20 25 20 15 23 20 11 5 6 7 8 7 5 2 3 2 2 3 4 4 2 3 2 3 1 1 0 0 1 0 0 1 2 4 5 8 8 6 2 3 8 14 4 16 21 49 24 12 16 42 54 78 69 58 35 27 15 6 4 1 2 1 1 4 3 6 19 16 21 26 27 59 69 84 69 78 72 76 60 31 27 36 59 28 60 70 64 78 85 76 57 36 27 19 14
20 24 38 56 42 27 8 4 5 14 13 9 4 8 6 5 5 8 6 6 6 5 4 4 3 2 1 0 0 0 0 0 0 1 2 10 14 8 9 3 2 2 4 1 5 10 8 12 16 29 36 63 82 69 59 51 40 24 22 7 2 1 1 1 3 6 8 7 7 15 34 39 48 56 59 65 70 61 44 34 44 39 63 63 86 66 52 72 85 74 58 57 53 42 33 28
45 54 42 13 10 14 15 6 11 18 17 12 11 10 9 13 7 10 9 11 4 9 7 5 3 1 1 0 0 0 0 0 0 1 2 4 4 6 9 4 4 3 4 1 3 7 12 39 57 60 83 65 83 78 68 42 41 20 10 6 2 2 1 0 0 1 3 9 17 15 28 52 33 41 41 59 63 26 16 32 32 47 75 65 82 62 83 71 74 61 59 61 51 53 50 41
47 27 33 29 25 13 18 8 24 25 22 20 33 16 22 17 15 24 16 9 10 10 12 4 4 2 1 0 0 0 0 0 0 0 1 1 5 10 10 2 1 2 2 2 4 9 30 20 46 55 50 49 87 77 63 32 17 10 6 2 1 1 0 0 0 1 5 16 22 17 22 45 40 29 26 39 27 32 55 55 38 73 71 61 72 80 68 73 64 59 48 56 57 63 53 65
26 21 13 10 9 8 4 15 30 27 28 43 28 32 29 29 32 12 9 23 15 17 14 4 2 1 2 1 1 1 0 0 0 0 1 1 1 3 6 2 2 2 2 3 7 8 5 13 28 68 35 57 76 54 55 35 20 9 3 2 1 1 0 0 0 1 3 8 26 16 18 7 17 31 25 40 46 49 47 46 50 76 66 57 64 64 41 72 45 51 60 67 67 46 73 73
15 21 29 31 26 13 12 19 32 51 48 45 30 37 56 48 26 14 16 32 20 10 7 6 2 2 2 2 1 1 0 0 0 0 1 1 0 0 0 0 1 1 1 2 5 4 6 14 52 14 14 43 81 54 34 15 10 7 6 4 1 1 0 0 0 0 2 4 9 13 13 10 27 22 31 44 59 72 71 74 72 88 64 42 40 50 66 84 81 59 60 61 51 56 62 56
29 47 32 51 22 20 22 39 40 56 53 21 22 42 41 28 20 20 31 49 15 10 9 6 4 3 2 1 1 0 0 0 1 0 0 0 1 0 0 0 0 1 1 1 1 4 8 5 35 10 25 56 76 35 16 14 8 3 2 3 1 1 0 0 0 0 1 1 5 6 14 19 34 34 64 68 81 53 38 30 83 80 78 52 21 52 74 91 85 80 84 55 71 53 47 77
49 49 68 55 28 45 45 49 67 60 43 30 33 53 35 48 16 26 52 20 13 9 11 9 7 5 2 1 1 1 1 1 1 0 0 0 0 0 0 0 0 1 1 1 1 3 5 5 3 7 25 62 72 31 20 13 5 3 3 2 1 0 0 0 0 0 1 3 7 12 18 23 38 52 66 61 32 35 29 74 79 79 81 82 39 58 82 84 74 68 67 72 50 53 33 51
66 67 42 32 40 51 51 69 39 51 21 45 49 75 58 37 19 50 14 10 23 11 7 4 4 4 3 3 2 1 1 1 1 1 0 0 0 0 0 0 0 0 0 1 2 5 2 5 1 2 15 44 80 65 22 11 6 2 2 1 1 0 1 0 0 0 2 7 16 19 20 30 38 37 37 46 43 59 75 81 74 77 65 80 69 61 64 37 22 20 54 81 69 47 28 30
75 58 43 31 43 58 67 18 62 28 34 53 69 70 45 25 51 41 20 7 7 12 3 3 6 6 8 4 5 4 3 2 1 1 1 0 0 0 0 0 0 0 0 1 1 2 0 3 1 4 8 6 38 47 16 7 3 2 1 0 1 1 0 0 0 1 3 4 8 12 14 18 26 33 59 69 66 67 74 64 69 59 43 69 60 40 35 45 62 68 84 42 54 51 27 22
42 59 45 38 55 74 75 30 62 56 70 55 81 49 34 43 54 20 20 16 36 18 8 5 9 15 10 12 8 10 4 1 0 1 1 1 1 0 0 0 0 0 0 1 1 0 1 2 0 3 4 26 33 15 12 10 7 3 1 1 1 1 1 0 0 0 1 4 6 7 9 14 26 26 28 31 35 38 84 46 66 71 51 43 33 24 60 66 66 81 79 61 45 58 55 50
86 42 61 62 72 50 52 61 62 54 57 59 53 46 43 70 29 37 30 56 43 19 23 14 8 24 25 22 27 12 7 2 1 1 1 0 1 1 1 0 0 0 1 1 0 1 4 1 0 2 19 29 41 8 7 9 4 3 2 1 1 0 0 0 0 0 0 1 3 4 2 6 6 10 25 42 44 47 73 64 52 66 85 35 24 42 48 57 76 69 65 76 58 57 44 52
79 94 89 91 86 58 20 12 56 36 64 73 83 76 62 68 65 74 54 65 46 41 35 28 25 33 50 51 15 16 8 3 3 2 1 1 0 1 1 0 0 0 0 0 0 0 0 0 0 2 8 35 31 5 7 7 5 2 1 2 1 0 0 0 0 0 1 3 4 9 14 21 38 37 24 28 45 78 72 74 75 53 54 62 27 36 63 62 52 37 74 87 58 46 57 64
64 88 72 81 79 61 76 36 53 45 22 35 78 85 87 61 46 50 62 63 58 51 61 39 52 49 61 39 32 24 15 8 5 4 4 1 1 1 1 0 0 0 0 0 1 0 0 0 0 1 5 3 12 3 10 4 5 3 1 1 1 1 0 0 0 1 2 4 7 14 30 26 18 35 60 43 59 76 76 88 76 58 47 36 8 18 25 44 67 81 87 64 85 58 54 60
45 85 64 75 77 66 87 64 38 71 48 38 63 73 70 61 70 47 73 84 85 66 54 38 75 58 56 37 22 14 16 10 8 8 6 3 2 1 1 1 0 0 0 0 0 0 1 0 0 0 1 2 13 7 14 9 3 5 1 2 0 0 0 0 0 1 2 3 7 14 32 47 56 50 68 75 80 76 70 84 82 46 25 18 10 19 44 63 58 89 60 72 81 85 61 59
46 79 66 60 77 54 59 25 42 74 51 27 9 48 60 60 68 49 41 74 80 38 66 31 60 47 58 36 26 9 14 23 18 15 10 3 1 1 1 1 0 0 0 0 1 0 0 0 0 0 1 4 14 2 3 1 4 4 4 1 0 0 0 0 0 1 3 3 7 13 26 41 35 27 30 45 82 58 80 80 87 80 18 9 10 26 57 36 69 83 70 79 66 62 46 67
13 37 24 45 68 55 52 14 43 78 39 20 12 23 58 54 57 50 22 25 50 32 30 50 21 17 65 30 13 6 4 5 8 6 6 5 2 2 2 1 0 0 0 0 0 0 0 0 0 0 1 6 3 7 3 1 1 1 1 0 0 0 0 0 0 1 1 2 3 7 14 13 20 37 43 60 88 89 71 60 72 79 53 10 4 17 21 44 77 64 59 28 22 31 45 64
12 34 61 43 51 35 64 37 50 79 61 26 20 19 52 70 36 7 8 16 23 13 18 58 24 10 45 32 35 9 1 6 14 10 4 8 5 3 1 0 0 0 0 0 0 0 0 0 0 1 2 3 1 2 1 1 0 0 1 1 0 0 0 0 0 0 1 1 2 6 12 17 38 40 53 81 89 87 81 42 42 53 44 16 4 11 29 54 50 26 28 59 62 59 63 76
21 11 10 14 21 33 64 22 52 54 81 38 18 14 17 14 8 7 7 18 15 13 8 46 11 26 30 22 42 45 12 6 6 5 6 7 5 2 2 1 0 0 0 0 0 0 0 0 0 0 2 3 0 1 1 3 1 0 0 0 0 0 0 0 0 1 6 4 8 20 35 61 68 52 71 93 88 87 78 55 9 21 35 30 6 12 25 47 35 42 87 63 46 53 41 76
23 24 10 9 18 30 53 42 25 40 72 37 11 4 16 18 6 19 6 7 11 9 7 48 9 7 27 18 24 35 17 10 12 3 2 2 1 1 1 1 1 0 0 0 0 0 0 0 0 0 1 2 0 1 0 0 1 1 0 0 0 0 0 0 0 1 2 9 28 38 71 45 29 48 80 92 85 72 69 70 47 10 30 26 6 13 27 27 23 70 65 49 62 79 22 10
21 28 16 9 14 9 43 49 37 13 73 26 7 2 11 11 16 17 12 6 8 10 2 13 29 2 6 8 24 51 13 2 5 3 5 4 3 2 1 1 0 0 0 0 0 0 0 0 0 0 2 1 0 0 1 0 1 0 0 0 0 0 0 0 0 1 3 12 21 24 12 19 44 56 75 75 80 66 51 35 48 13 8 11 11 22 17 14 51 84 42 56 65 74 66 22
31 18 16 5 5 6 25 52 18 15 50 38 17 2 10 10 24 17 13 8 8 15 5 6 54 5 10 8 19 23 24 14 11 12 7 4 4 2 2 0 0 0 0 0 0 0 0 0 0 1 3 2 0 1 0 0 0 0 0 0 0 0 0 0 1 2 10 12 9 8 24 35 54 86 72 59 74 38 18 14 35 17 7 2 3 14 17 33 74 44 39 53 77 62 64 30
55 9 16 6 5 7 14 17 4 4 56 24 2 1 8 10 19 13 20 11 13 10 9 7 15 7 2 9 12 11 21 22 10 5 3 1 2 2 2 1 0 0 0 0 0 0 0 0 0 1 2 1 0 0 0 0 0 0 0 0 0 0 0 0 0 3 4 3 3 8 31 44 77 82 77 48 29 42 11 11 30 8 2 1 6 22 32 47 57 18 53 82 72 67 78 39
10 16 6 5 3 3 4 7 4 8 28 10 4 1 5 6 16 4 13 7 7 10 7 6 8 13 4 2 1 7 7 16 6 3 4 2 1 1 1 1 0 0 0 0 0 0 0 0 0 1 1 0 0 0 0 0 0 0 0 0 0 0 0 0 1 2 1 1 5 22 35 45 79 82 58 40 20 27 27 5 9 6 2 2 7 11 25 53 27 30 72 61 61 64 59 50
9 5 12 10 3 3 1 2 1 2 6 3 8 3 2 4 16 4 2 7 3 2 1 10 10 19 1 1 0 2 11 17 17 5 2 1 1 1 0 0 0 0 0 0 0 0 0 0 0 0 1 0 0 0 0 0 0 0 0 0 0 0 0 0 1 0 0 1 8 23 40 71 68 63 53 40 19 13 22 7 3 3 1 2 5 10 32 40 24 19 26 48 41 38 55 61
18 7 5 12 13 6 4 1 1 4 2 2 6 7 2 3 7 6 2 2 2 2 2 22 7 10 4 0 0 0 2 3 14 10 3 2 1 0 0 0 1 0 0 0 0 0 0 0 0 0 0 0 0 0 0 0 0 0 0 0 0 0 0 0 0 0 0 3 11 41 54 75 70 48 23 8 5 5 7 6 4 1 1 1 4 7 19 17 11 9 23 22 16 32 51 66
18 9 3 5 6 12 4 1 0 2 2 1 1 2 1 2 3 5 1 1 1 1 1 2 1 2 7 1 1 1 0 2 10 11 3 1 2 4 2 1 0 0 0 0 0 0 0 0 0 0 0 0 0 0 0 0 0 0 0 0 0 0 0 0 0 0 0 2 12 64 63 60 72 58 22 8 2 1 2 3 2 1 0 1 2 5 10 6 4 16 27 37 68 56 71 64
44 17 6 2 4 7 9 1 1 3 3 1 0 1 1 1 2 5 1 1 1 0 0 1 0 0 2 2 0 1 0 0 3 20 9 3 1 1 0 0 0 0 0 0 0 0 0 0 0 0 0 0 0 0 0 0 0 0 0 0 0 0 0 0 0 1 3 10 30 35 72 72 50 61 43 14 5 2 0 0 1 1 0 0 1 2 2 1 5 15 25 64 68 59 56 62
25 62 12 4 1 2 2 1 1 2 2 1 2 1 1 0 0 5 1 1 0 0 0 1 1 0 1 2 0 1 0 0 1 4 12 5 2 2 2 1 0 0 0 0 0 0 0 0 0 0 0 0 0 0 0 0 0 0 0 0 0 0 0 0 0 2 4 3 11 32 59 47 36 31 45 17 5 1 0 0 0 0 0 0 1 0 1 2 9 19 47 54 35 51 64 65
4 35 44 18 4 2 0 3 1 1 1 1 2 1 1 0 0 4 2 1 0 0 0 0 1 0 1 1 1 1 0 0 1 1 1 7 2 0 1 1 0 0 0 0 0 0 0 0 0 0 0 0 0 0 0 0 0 0 0 0 0 0 0 0 0 0 0 3 34 43 44 40 22 20 19 13 5 2 1 0 0 0 0 0 1 4 3 2 6 21 23 18 24 50 68 60
2 12 15 31 7 3 1 2 2 0 1 1 1 1 1 1 0 1 3 0 0 0 0 0 1 0 0 1 0 1 1 0 1 1 1 0 7 2 2 1 0 0 0 0 0 0 0 0 0 0 0 0 0 0 0 0 0 0 0 0 0 0 0 0 0 1 2 4 25 51 44 54 32 6 5 6 4 3 2 1 0 0 0 0 1 3 9 17 6 6 5 18 35 52 76 54
4 6 4 14 3 2 2 1 2 1 1 1 1 1 1 1 1 1 1 1 0 0 0 0 1 1 0 0 0 0 1 0 0 0 1 2 2 0 3 1 0 0 0 0 0 0 0 0 0 0 0 0 0 0 0 0 0 0 0 0 0 0 0 0 0 1 1 8 21 32 68 52 42 15 4 1 3 2 1 1 0 0 0 1 2 4 12 29 27 21 25 18 39 52 79 65
2 4 1 5 4 5 2 2 1 1 1 0 0 0 1 1 0 0 0 1 0 0 0 0 0 0 0 0 0 0 0 0 0 0 1 2 2 1 4 0 0 0 0 0 0 0 0 0 0 0 0 0 0 0 0 0 0 0 0 0 0 0 0 0 0 1 2 4 21 15 47 43 25 16 17 3 2 1 0 0 0 0 0 1 3 7 14 27 44 42 39 40 39 68 91 76
3 2 2 1 2 1 1 1 4 2 1 0 0 0 0 1 0 0 0 0 0 0 0 0 0 0 0 0 0 0 0 0 0 0 3 4 1 1 0 1 1 0 0 0 0 0 0 0 0 0 0 0 0 0 0 0 0 0 0 0 0 0 0 0 0 1 2 10 24 34 37 42 27 12 5 6 2 1 0 0 0 0 0 0 1 5 9 17 31 21 43 53 74 91 90 71
1 2 1 1 1 0 0 0 1 1 0 0 0 0 0 0 0 0 0 0 0 0 0 0 0 0 0 0 0 0 0 0 0 1 1 2 3 8 6 3 0 0 0 0 0 0 0 0 0 0 0 0 0 0 0 0 0 0 0 0 0 0 0 0 0 1 6 17 24 36 36 36 26 15 3 2 2 0 0 0 0 0 2 1 1 1 2 5 9 26 34 65 66 88 84 59
0 1 0 1 0 0 0 0 0 0 0 0 0 0 0 0 0 0 0 0 0 0 0 0 0 0 0 0 0 0 0 0 0 0 0 0 0 0 0 0 0 0 0 0 0 0 0 0 0 0 0 0 0 0 0 0 0 0 0 0 0 0 0 0 1 1 2 4 18 33 15 34 12 7 2 1 1 0 0 0 0 0 1 3 9 5 8 8 21 46 55 62 75 72 57 39
0 0 0 0 0 0 0 0 0 0 0 0 0 0 0 0 0 0 0 0 0 0 0 0 0 0 0 0 0 0 0 0 0 0 0 0 0 0 0 0 0 0 0 0 0 0 0 0 0 0 0 0 0 0 0 0 0 0 0 0 0 0 0 0 0 1 1 5 9 7 11 15 11 3 1 0 0 0 0 0 0 0 1 2 3 14 26 29 44 72 67 48 61 39 42 28
0 0 0 0 0 0 0 0 0 0 0 1 0 1 0 0 0 0 0 0 0 0 0 0 0 0 0 0 0 0 0 0 0 0 0 0 0 0 0 0 0 0 0 0 0 0 0 0 0 0 0 0 0 0 0 0 0 0 0 0 0 0 0 0 0 1 1 6 5 6 10 5 4 1 0 0 0 0 0 0 0 1 1 3 4 17 58 53 21 31 70 80 43 11 12 20
1 1 0 0 0 1 1 1 0 1 2 2 3 2 1 0 0 0 0 0 0 0 0 0 0 0 0 0 0 0 0 0 0 0 0 0 0 0 0 0 0 0 0 0 0 0 0 0 0 0 0 0 0 0 0 0 0 0 0 0 0 0 0 0 0 1 2 1 3 4 3 2 2 0 0 0 0 0 0 0 1 1 2 5 19 25 19 6 15 52 85 75 64 12 4 5
3 1 1 2 2 2 2 2 3 4 3 3 3 6 2 1 1 0 0 0 0 0 0 0 0 0 0 0 0 0 0 0 0 0 0 0 0 0 0 0 0 0 0 0 0 0 0 0 0 0 0 0 0 0 0 0 0 0 0 0 0 0 0 0 0 1 3 1 1 1 1 1 0 0 0 0 0 0 0 0 1 2 5 14 12 4 2 7 24 72 78 54 26 23 2 1
5 3 1 5 5 10 5 7 12 7 10 6 11 5 3 2 3 1 0 1 0 0 0 0 0 0 0 0 0 0 0 0 0 0 0 0 0 0 0 0 0 0 0 0 0 0 0 0 0 0 0 0 0 0 0 0 0 0 0 0 0 0 0 0 0 1 2 2 0 1 1 0 0 0 0 0 0 0 0 0 1 4 3 2 1 1 5 16 36 56 52 39 10 22 3 1
12 8 5 14 26 46 31 22 38 27 22 14 29 18 14 8 2 1 1 1 1 0 0 0 0 0 0 0 0 0 0 0 0 0 0 0 0 0 0 0 0 0 0 0 0 0 0 0 0 0 0 0 0 0 0 0 0 0 0 0 0 0 0 0 0 1 3 2 1 0 0 0 0 0 0 0 0 0 0 0 1 1 1 0 1 5 10 36 52 32 32 14 5 7 9 1
46 47 31 24 26 21 12 7 23 11 11 11 11 19 18 4 4 3 3 2 1 0 0 0 0 0 0 0 0 0 0 0 0 0 0 0 0 0 0 0 0 0 0 0 0 0 0 0 0 0 0 0 0 0 0 0 0 0 0 0 0 0 0 0 0 1 3 3 0 0 0 0 0 0 0 0 0 0 0 0 0 0 0 1 2 6 13 50 55 74 21 3 2 2 4 1
34 20 40 23 19 22 18 15 9 6 12 20 9 6 13 24 13 4 1 1 0 0 0 0 0 0 0 0 0 0 0 0 0 0 0 0 0 0 0 0 0 0 0 0 0 0 0 0 0 0 0 0 0 0 0 0 0 0 0 0 0 0 0 0 0 0 2 4 1 1 0 0 0 0 0 0 0 0 0 0 0 0 1 2 3 6 26 23 35 43 33 4 1 0 2 1
31 8 30 26 7 2 8 12 13 11 5 4 25 5 8 13 6 3 2 1 1 0 0 0 0 0 0 0 0 0 0 0 0 0 0 0 0 0 0 0 0 0 0 0 0 0 0 0 0 0 0 0 0 0 0 0 0 0 0 0 0 0 0 0 0 0 0 2 1 0 0 0 0 0 0 0 0 0 0 0 0 1 1 2 8 17 23 18 12 10 30 5 1 0 0 0
