sesion_6_simulaciones/modelos_agentes/ejemplos_netlogo/scenarios/cgcm2_a2/rob_2050.asc
NCOLS 322 
NROWS 307 
XLLCORNER 451900 
YLLCORNER 4086900 
CELLSIZE 100 
NODATA_value -9999 
[rows 219 to 291 of 307, columns 192 to 287 of 322]
8 7 3 2 1 1 1 1 0 0 0 0 0 0 0 0 0 0 0 0 0 0 0 0 0 0 0 0 0 0 1 1 6 15 46 48 34 51 45 36 50 55 55 56 46 41 30 65 53 36 37 33 32 39 9 60 48 25 26 45 59 61 49 82 79 83 81 49 30 23 53 55 71 26 3 1 0 0 0 0 0 0 0 0 0 0 0 0 0 1 1 2 1 2 4 3
14 5 5 7 5 2 1 1 1 0 0 0 0 0 0 0 0 0 0 0 1 0 0 0 1 0 0 1 1 1 1 1 5 12 31 25 46 37 40 37 51 47 42 61 44 30 33 28 38 23 48 34 20 26 39 18 14 32 19 55 70 61 55 82 89 80 79 90 75 47 30 30 41 21 13 3 1 0 0 0 0 0 0 0 0 0 0 0 1 1 1 1 2 2 3 8
4 1 1 4 2 1 1 0 0 0 0 0 0 0 0 0 0 0 0 0 1 1 1 1 1 1 1 1 1 1 2 2 3 11 17 18 17 30 39 36 59 53 56 67 49 46 46 38 47 23 60 29 16 12 37 49 8 17 47 40 49 34 21 57 83 66 70 81 91 73 18 6 3 5 6 0 0 0 0 0 0 0 0 0 0 0 0 0 0 1 1 1 1 1 4 5
2 2 1 0 2 1 1 0 0 0 0 0 0 0 0 0 0 0 0 0 0 1 4 3 2 2 2 2 4 5 2 4 12 13 13 11 18 36 36 40 44 37 41 60 40 50 51 33 42 54 48 43 17 16 22 21 19 46 64 62 43 36 46 28 60 78 68 60 74 79 37 18 5 1 1 0 0 0 0 0 0 0 0 0 0 0 0 0 0 0 1 1 2 2 3 2
8 7 4 3 1 1 1 0 0 0 0 0 0 0 0 0 0 0 0 0 1 2 5 8 4 5 6 5 9 9 5 7 15 17 18 12 23 18 28 31 38 33 41 60 47 33 49 34 44 38 35 22 25 19 12 14 19 33 32 31 26 38 45 30 34 62 52 43 61 70 37 13 4 1 0 0 0 0 0 0 0 0 0 0 0 0 0 0 0 1 1 1 2 3 3 4
9 6 5 3 2 1 1 0 0 0 0 0 0 0 0 0 0 0 0 0 1 4 6 15 11 8 9 12 11 21 22 13 16 18 22 14 25 11 26 28 23 31 38 58 65 32 45 43 24 20 26 24 34 11 6 19 21 41 21 41 39 43 46 42 15 19 5 3 8 44 48 13 3 0 0 0 0 0 0 0 0 0 0 0 0 0 0 0 1 0 1 2 2 3 4 10
5 3 2 1 1 1 0 0 0 0 0 0 0 0 0 0 0 1 1 1 1 2 4 13 17 18 14 16 15 26 57 38 22 24 13 16 20 18 39 23 19 21 34 39 56 51 21 32 11 12 12 8 21 19 4 14 19 17 30 49 55 48 56 46 18 22 13 15 4 5 21 6 2 1 1 1 1 0 0 0 0 0 0 0 0 0 0 0 1 1 1 2 3 3 4 7
5 3 2 1 0 0 0 0 0 0 0 0 0 0 0 0 0 1 1 2 1 3 7 9 19 44 28 24 25 20 36 54 24 36 26 31 35 35 24 26 16 21 22 23 27 35 26 47 35 11 36 30 15 10 6 12 46 41 43 50 63 52 48 30 22 21 26 32 12 7 5 1 2 1 1 1 1 0 0 0 0 0 0 0 0 0 0 0 0 0 1 1 2 4 3 6
3 4 3 2 1 1 0 0 0 0 0 0 0 0 0 0 1 1 2 4 4 7 8 11 20 47 60 34 50 28 40 52 36 24 43 46 37 32 32 29 8 15 13 23 33 37 46 57 66 27 25 26 20 8 12 15 31 28 44 55 55 38 35 25 48 37 42 33 15 9 2 2 2 3 2 2 1 1 0 0 0 0 0 0 0 0 0 0 0 0 1 1 1 2 4 7
4 2 1 1 1 0 0 0 0 0 0 0 0 0 0 0 0 1 3 5 10 21 33 22 28 41 71 35 54 34 37 55 20 22 43 45 50 45 34 33 21 22 19 15 34 40 38 55 51 50 37 26 21 11 35 49 43 47 58 69 50 30 32 46 73 61 35 21 14 6 5 4 5 4 6 3 2 1 0 0 0 1 1 0 1 0 0 1 0 1 1 1 2 2 3 7
5 2 1 1 0 0 0 0 0 0 0 0 0 0 0 0 0 1 1 3 5 16 34 56 47 44 65 62 69 41 60 33 20 21 31 52 51 52 30 31 31 35 22 21 26 41 42 41 36 34 46 44 22 23 30 29 48 31 43 17 30 54 55 78 69 47 32 18 20 18 15 11 8 11 4 2 2 1 0 0 0 1 2 1 0 1 1 1 0 0 1 1 3 4 5 8
1 1 1 0 0 0 0 0 0 0 0 0 0 0 0 0 1 1 1 3 8 13 30 34 57 58 69 74 66 39 53 26 22 47 34 47 52 38 35 44 41 44 21 23 44 43 52 43 52 26 28 24 20 7 16 11 73 44 23 37 49 49 55 46 30 24 25 23 16 18 25 23 13 4 1 1 1 0 0 0 0 0 1 1 1 1 2 3 1 0 1 2 2 2 5 8
0 0 1 0 0 0 0 0 0 0 0 0 0 0 1 1 1 1 2 6 7 15 34 48 47 53 63 62 63 61 69 36 28 40 51 40 51 43 39 38 42 29 35 21 24 29 45 51 47 36 19 20 14 14 28 27 9 76 78 53 33 18 35 31 40 32 20 13 8 23 52 28 9 3 1 0 0 0 0 0 0 0 1 1 1 1 1 2 3 1 1 2 3 4 3 7
0 0 0 0 0 0 0 0 0 0 0 0 0 1 1 1 1 2 5 5 7 24 42 55 46 50 62 57 77 82 55 44 43 58 37 54 52 49 45 43 42 37 52 18 35 32 42 39 28 12 32 19 24 25 34 53 38 30 40 46 25 44 27 28 25 27 25 9 14 28 27 11 6 4 1 0 0 0 0 0 0 0 0 2 2 0 0 1 5 1 1 2 3 4 3 4
0 0 0 0 0 0 0 0 0 0 0 0 0 0 1 1 2 4 6 16 11 14 52 48 66 54 60 67 26 80 57 52 44 60 48 39 45 55 46 45 44 37 62 21 20 60 41 37 34 24 40 20 22 41 51 20 48 46 28 13 26 14 23 27 26 24 14 42 31 10 16 7 4 3 1 0 0 0 0 0 0 1 0 1 1 1 1 2 3 3 3 1 2 8 5 5
1 1 0 0 0 0 0 0 0 0 0 0 0 0 0 0 1 2 8 16 29 39 67 52 67 68 72 65 71 64 82 49 42 52 44 22 30 50 54 60 45 22 42 49 12 29 34 57 33 33 43 29 21 34 26 26 14 15 21 37 30 32 29 43 18 19 28 14 9 13 9 6 3 1 0 0 0 0 1 0 0 1 1 1 3 4 1 1 3 4 13 4 2 3 11 8
0 0 0 0 0 0 0 0 0 0 0 0 0 0 0 0 1 2 7 14 33 28 45 14 35 57 55 26 26 50 76 40 49 79 43 44 50 58 36 13 26 12 42 48 14 37 52 34 12 27 41 33 23 31 22 11 38 42 49 34 18 26 53 62 41 32 47 42 32 17 9 4 1 1 0 0 1 0 1 0 1 1 1 1 3 3 6 2 4 2 1 7 3 3 4 7
0 0 0 0 0 0 0 0 0 0 0 0 0 0 0 0 1 1 4 10 17 14 14 39 36 41 29 34 46 50 66 64 67 68 61 55 53 46 46 25 34 31 35 51 13 24 41 36 20 18 21 33 26 24 9 27 42 19 24 31 34 56 64 64 64 57 34 20 26 14 23 8 2 1 0 0 0 1 1 1 1 1 2 1 1 3 3 8 6 6 3 11 5 1 3 4
1 0 0 0 0 0 0 0 0 0 0 0 0 0 0 0 1 1 2 2 5 27 33 27 40 50 46 35 42 53 52 52 64 65 45 51 46 49 53 21 49 40 31 52 11 16 38 30 41 38 16 14 38 30 19 27 28 22 51 37 63 47 46 69 78 45 32 11 27 9 5 4 1 1 1 0 1 1 1 1 2 1 1 1 1 1 3 10 18 23 4 4 6 3 5 12
0 0 0 0 0 0 0 0 0 0 0 0 0 0 0 0 0 0 1 3 6 11 21 20 17 31 48 34 47 35 46 52 53 72 56 63 46 60 40 43 24 35 20 40 11 10 22 21 26 38 40 19 20 7 21 11 10 35 39 33 42 33 57 61 61 66 32 8 4 4 2 1 0 1 1 1 1 1 3 3 4 2 2 2 2 2 1 1 2 6 17 14 9 6 6 12
0 0 0 0 0 0 0 0 0 0 0 0 0 0 0 0 1 1 1 3 8 14 13 22 30 44 35 29 38 38 23 28 49 41 37 61 30 53 39 36 35 36 68 43 18 19 33 50 24 15 18 17 5 28 7 14 28 59 51 73 71 53 36 41 34 21 20 18 7 3 1 0 0 2 1 3 1 1 3 5 4 6 3 3 3 3 4 3 3 4 11 8 8 30 9 15
0 0 0 0 0 0 0 0 0 0 0 0 1 1 1 0 1 1 2 1 4 2 6 10 13 25 22 19 25 28 40 40 26 22 15 64 40 67 32 43 33 30 70 50 36 21 54 39 37 28 16 38 16 40 27 41 43 19 35 41 45 38 22 31 41 25 29 9 9 4 2 0 1 1 2 4 4 1 2 4 6 9 5 8 4 2 3 5 1 1 2 2 3 12 19 10
0 0 0 0 0 0 0 0 0 0 0 1 1 1 2 1 1 3 2 6 11 13 23 29 36 33 38 53 58 42 45 61 59 40 53 47 68 58 35 39 30 23 18 53 30 13 24 31 34 25 29 43 55 64 87 78 77 67 68 44 44 43 46 55 38 24 16 9 5 3 1 0 1 2 4 4 4 4 4 8 6 12 7 10 5 3 3 6 9 2 4 6 4 2 3 6
0 0 0 0 0 0 0 0 0 0 0 1 0 1 2 1 1 1 6 12 23 19 32 46 57 66 66 56 76 61 47 45 41 28 17 19 39 42 48 37 38 14 17 46 19 14 15 31 16 29 6 5 8 11 29 46 84 84 64 60 47 41 20 46 30 18 13 8 2 1 0 0 1 2 2 4 5 8 6 12 7 4 17 14 8 3 4 10 8 4 5 8 7 14 19 28
0 0 0 0 0 0 0 0 0 0 0 0 1 1 1 3 1 1 2 4 12 29 14 40 36 54 65 51 11 28 46 34 23 23 30 39 43 26 52 20 33 18 7 32 23 27 9 9 8 20 18 12 13 12 13 11 30 60 74 76 80 42 34 22 18 14 11 9 5 1 0 1 4 4 4 4 14 11 12 13 13 5 6 26 13 4 4 6 7 5 10 5 12 15 23 32
0 0 0 0 0 0 0 1 0 0 0 0 1 1 1 2 1 0 2 3 7 11 10 27 22 25 23 16 14 15 27 26 25 34 29 19 30 47 40 8 24 28 7 19 20 7 4 25 17 17 34 22 29 34 33 38 40 55 47 37 50 76 55 39 29 23 20 8 4 1 1 3 5 8 9 6 12 18 13 9 10 10 4 14 21 10 10 4 12 7 13 14 9 20 20 16
0 0 0 0 1 1 1 1 1 1 0 1 1 1 2 1 4 0 1 1 2 2 8 9 15 27 28 35 40 28 39 23 24 39 32 27 26 18 9 11 21 31 61 31 12 15 5 15 19 15 33 45 23 42 58 33 28 26 28 20 20 34 53 48 35 18 16 8 2 1 2 5 5 9 11 11 8 25 17 25 13 20 14 13 40 18 24 8 14 14 16 25 17 17 17 25
0 0 0 0 1 1 1 1 1 1 1 1 1 2 3 2 2 1 1 2 2 2 7 9 15 25 32 31 32 52 46 49 44 61 22 17 21 27 26 23 49 46 15 18 43 20 9 13 13 49 58 17 39 35 27 31 46 41 49 30 26 19 19 22 22 15 8 6 2 1 2 6 6 12 10 9 10 16 24 33 21 15 23 13 44 13 15 18 11 29 17 19 19 13 15 16
0 0 1 1 1 0 1 1 2 2 1 0 1 1 5 13 1 1 1 5 6 7 6 7 13 14 25 18 25 38 40 34 29 30 33 33 27 37 36 23 14 10 7 5 10 22 25 14 47 61 16 9 14 41 39 35 31 40 28 25 28 20 18 12 10 7 6 3 2 2 5 7 7 9 10 10 14 18 29 24 23 20 22 38 47 14 20 23 13 30 19 9 24 10 6 13
0 1 1 1 1 1 1 1 3 3 1 0 1 2 4 5 2 2 1 4 8 8 9 5 6 6 15 22 26 35 26 24 32 31 30 28 28 23 21 23 16 10 7 5 9 4 8 34 13 34 13 15 15 13 25 76 50 52 41 34 24 21 15 11 8 6 5 2 2 2 5 7 5 10 9 17 22 15 19 40 32 35 38 36 47 31 35 14 37 30 8 16 21 9 12 17
1 1 1 3 2 1 1 2 3 6 1 1 2 2 4 9 4 3 2 7 11 18 10 15 15 5 10 15 19 18 25 18 26 29 28 17 15 9 13 15 28 29 27 22 20 28 24 8 5 10 18 37 40 33 39 22 36 39 49 46 34 19 15 12 8 6 5 2 1 5 7 8 12 10 22 18 18 26 18 14 25 27 29 42 22 77 37 14 27 26 6 18 14 27 16 21
1 3 1 4 2 1 1 3 4 6 1 1 2 3 6 7 9 1 5 10 13 27 16 18 19 25 15 12 9 12 15 25 42 33 13 29 13 29 17 18 21 28 16 12 10 17 8 8 17 32 38 32 41 36 46 15 13 14 14 27 21 22 19 15 12 10 8 3 1 6 6 7 14 15 22 8 16 12 27 13 19 16 32 19 43 68 25 17 38 15 8 19 16 26 29 27
1 2 3 4 3 3 1 2 6 13 1 3 3 6 6 12 2 1 6 12 20 28 35 20 40 27 30 29 18 19 13 47 55 35 39 24 21 28 19 15 28 11 18 8 13 13 12 11 12 32 32 23 40 44 39 16 28 36 35 39 34 27 26 27 19 17 9 4 2 7 8 9 22 13 19 30 31 20 11 24 15 24 27 38 31 55 43 36 36 18 15 26 13 15 7 34
1 1 4 5 5 4 2 3 6 8 2 5 7 17 20 6 1 1 8 11 14 33 33 41 27 29 49 37 32 31 34 43 57 50 39 43 42 25 45 25 13 21 7 5 5 12 9 11 13 17 23 30 35 29 42 40 41 48 47 50 50 50 33 24 13 8 9 2 3 9 14 12 23 26 18 21 31 21 24 8 33 10 15 34 37 55 62 70 34 19 29 23 28 30 20 44
2 2 5 8 12 6 3 4 10 10 2 3 10 22 13 2 1 4 7 11 24 29 33 38 42 32 46 41 53 54 54 40 22 28 38 38 36 18 32 30 29 20 10 9 21 11 8 22 8 7 10 19 38 54 39 39 58 56 54 36 52 31 14 17 17 11 4 3 2 8 21 14 22 26 31 24 33 21 27 23 17 37 18 7 11 34 54 68 33 42 32 28 25 45 19 20
2 3 4 6 17 10 5 6 9 12 2 3 10 21 8 2 1 4 11 13 14 19 26 35 56 32 40 39 33 53 57 43 44 33 33 20 28 29 35 25 23 14 11 17 29 18 14 18 5 5 8 30 44 29 57 62 31 38 26 28 21 18 28 28 12 10 8 2 4 5 27 16 19 19 24 36 27 28 13 25 13 42 26 19 11 9 28 44 53 68 40 35 27 38 14 18
3 6 4 5 7 18 6 8 18 4 4 3 7 26 11 4 2 7 13 15 24 35 35 52 52 46 28 32 52 47 27 56 73 58 28 27 20 24 34 23 12 21 20 14 17 8 10 8 22 16 24 30 34 48 57 43 55 33 38 39 31 26 23 16 14 12 6 3 3 9 9 32 18 18 23 24 43 40 26 45 17 16 28 25 20 17 17 33 52 56 39 40 33 36 20 30
4 5 12 10 5 14 4 12 34 6 5 11 16 21 6 5 1 4 15 20 37 27 33 55 56 52 47 19 14 18 26 25 29 12 14 26 39 24 24 38 27 19 12 11 7 4 6 9 26 27 30 36 45 49 66 61 58 45 38 44 34 37 35 19 18 15 6 5 5 18 18 20 38 18 21 24 48 40 30 22 34 18 15 37 33 19 24 24 42 49 58 38 32 23 35 18
5 7 14 21 10 23 6 12 40 15 7 20 23 12 4 1 1 2 7 21 39 40 34 38 46 61 43 20 25 21 25 25 32 24 17 10 22 30 37 34 19 17 8 11 13 6 10 5 2 5 31 27 23 40 39 31 30 54 51 44 44 23 22 20 15 15 12 3 7 18 23 19 23 9 29 29 29 47 57 46 46 25 19 18 35 22 18 31 47 79 70 36 24 21 35 17
5 7 8 25 11 22 12 11 15 23 10 27 20 4 1 3 4 6 12 25 28 34 45 26 38 47 62 28 21 22 33 31 30 30 23 31 21 26 16 8 10 17 10 10 16 9 8 2 11 17 20 37 71 56 38 63 58 74 51 36 42 40 37 32 29 14 12 7 10 22 20 32 43 19 19 43 33 51 41 37 54 21 31 31 54 24 14 20 16 35 58 32 33 15 49 34
5 6 5 15 38 16 25 11 32 15 32 13 4 2 5 5 9 7 31 41 22 32 35 40 19 34 54 63 33 34 21 31 26 15 12 13 20 14 10 9 11 5 4 2 7 4 6 4 13 13 12 32 29 47 57 56 37 59 35 26 31 34 33 29 15 12 9 16 18 23 26 36 8 27 36 44 41 29 47 31 66 27 31 22 30 47 32 35 43 36 46 27 50 19 29 48
13 9 6 8 16 30 34 17 50 22 21 4 2 6 8 12 12 8 10 11 22 28 36 56 50 32 32 16 38 52 20 33 17 14 22 25 27 16 14 12 8 9 16 10 4 2 2 3 10 19 25 28 43 31 44 39 37 34 23 9 22 28 26 21 13 10 11 19 20 24 27 41 13 14 7 12 37 53 69 24 57 44 32 34 21 17 55 28 41 43 35 52 19 22 35 49
11 16 12 9 9 18 48 22 20 7 4 1 5 9 18 26 25 9 13 15 26 31 28 11 18 15 19 36 11 19 38 55 34 38 12 26 9 14 15 3 5 6 5 4 4 15 5 5 10 18 26 16 19 29 31 35 26 43 31 34 44 31 29 17 23 21 12 22 22 25 24 39 13 27 15 20 21 17 40 34 28 54 33 38 22 43 47 14 38 54 55 45 17 22 21 25
12 18 14 18 27 35 37 20 20 5 6 5 8 20 21 26 32 19 23 23 29 32 25 19 17 23 20 13 16 31 15 23 26 55 24 43 10 9 10 10 9 6 7 8 3 3 6 5 10 22 37 17 20 27 41 20 40 60 66 56 46 32 33 29 24 22 24 35 24 27 27 33 18 31 28 24 35 32 37 54 20 55 33 54 20 19 42 10 19 27 54 34 13 25 26 51
15 24 20 24 33 44 36 7 5 2 10 9 17 21 25 34 22 43 37 24 29 31 27 34 35 28 27 16 21 42 16 12 7 8 10 28 35 26 19 35 21 18 10 8 7 4 2 8 23 19 27 10 14 28 30 36 51 73 37 42 50 30 34 27 25 24 32 42 26 27 30 32 29 32 42 25 36 35 34 33 50 76 44 51 36 12 47 26 11 15 34 43 23 27 22 8
17 31 33 32 62 40 8 6 8 10 21 18 15 29 25 40 16 28 59 18 34 27 16 23 33 37 16 24 27 31 53 17 13 7 7 5 7 5 10 30 34 15 17 11 10 7 4 6 16 13 14 12 20 25 45 47 45 45 44 31 48 39 26 10 31 17 18 52 30 29 43 32 45 31 43 35 34 39 33 27 29 17 60 59 48 17 23 21 10 10 19 47 21 34 38 30
19 27 57 49 57 11 10 10 12 21 25 25 35 47 16 32 17 27 34 54 22 41 16 13 20 36 36 32 28 20 12 25 12 14 10 7 7 8 7 9 14 7 6 9 3 2 3 9 10 10 12 11 12 21 39 55 26 50 68 57 27 23 16 8 42 27 29 46 37 29 47 33 61 42 41 46 30 32 45 30 23 16 44 39 47 21 10 47 12 15 24 42 43 40 24 29
14 32 60 70 37 6 12 21 24 26 41 50 26 34 20 21 40 18 33 30 23 30 22 20 22 30 25 44 28 33 35 22 31 18 15 11 8 7 7 10 11 5 4 4 5 4 6 17 8 12 10 9 17 31 50 46 71 49 39 53 31 17 7 17 24 49 31 33 41 28 37 33 53 46 29 45 43 29 31 46 37 12 22 53 59 24 7 29 20 15 26 18 60 43 21 63
15 40 64 40 7 8 26 25 18 47 35 61 19 38 21 18 25 61 19 33 47 30 41 18 18 33 39 29 28 44 26 24 46 11 15 12 10 12 3 11 7 4 9 11 9 6 16 10 13 17 21 25 25 24 31 44 51 41 44 36 33 17 9 25 21 34 30 32 43 29 32 36 33 53 28 30 57 29 31 34 47 16 25 30 47 24 11 20 28 20 15 13 15 35 30 21
19 50 45 25 11 19 30 31 21 37 20 57 24 39 47 18 44 62 13 42 58 19 52 17 17 36 41 41 16 13 47 11 11 26 37 20 5 10 5 9 4 3 4 4 5 6 8 12 20 25 18 15 12 18 19 28 37 41 31 49 33 20 19 28 36 41 20 26 39 41 27 25 17 40 28 28 37 37 30 24 11 12 36 22 45 23 14 8 22 37 8 18 38 34 38 7
20 46 43 31 15 20 38 53 18 25 25 48 21 34 60 26 40 60 24 23 35 35 39 21 17 20 20 32 33 30 13 18 8 7 2 30 22 6 5 5 4 5 8 7 8 7 7 10 15 28 20 25 18 27 21 26 16 27 32 19 17 30 26 29 27 35 39 30 33 39 17 29 18 28 32 28 36 15 12 31 14 14 14 19 50 54 16 8 19 30 5 10 32 42 42 21
44 41 52 21 18 28 31 40 19 31 29 33 38 23 54 22 19 50 25 18 18 17 62 36 15 14 17 16 20 23 41 25 6 16 3 5 26 6 3 5 3 12 13 12 6 9 2 6 14 28 31 18 18 10 13 27 39 57 35 16 8 26 28 28 29 29 53 20 33 42 16 25 27 30 45 5 25 30 14 13 25 12 12 13 21 43 12 8 12 32 9 9 11 42 66 51
75 42 16 18 28 28 30 35 20 54 35 18 42 20 60 20 18 35 28 15 18 32 49 25 12 19 14 30 31 29 21 24 16 21 2 6 7 18 3 4 8 13 5 9 7 8 5 2 8 21 28 37 26 16 25 31 39 55 46 19 10 40 27 18 27 27 40 26 17 44 25 13 15 44 36 14 12 13 35 9 20 37 16 16 58 36 6 21 3 43 21 7 6 5 13 20
17 9 20 16 26 30 45 41 34 45 28 19 69 17 20 48 23 50 32 12 15 24 25 53 20 23 11 25 31 28 18 11 17 34 7 8 5 34 4 4 4 5 4 5 4 9 6 9 10 31 30 20 42 21 19 16 15 41 42 10 15 25 29 17 30 27 25 40 18 46 32 20 21 17 36 14 14 21 18 17 7 5 36 14 22 40 13 33 6 23 51 11 24 14 9 7
37 18 42 32 27 31 53 29 58 39 14 23 49 24 24 51 14 21 53 9 27 21 16 41 11 23 21 17 19 22 29 25 5 16 8 9 5 5 16 4 2 6 6 11 7 4 3 12 22 23 42 36 10 17 19 3 17 24 17 8 21 48 36 15 12 40 16 32 13 21 64 13 28 29 18 20 17 16 31 20 22 11 12 24 7 37 48 35 11 18 73 10 13 9 20 7
62 35 19 34 36 39 33 29 53 28 24 26 19 23 23 30 17 15 48 18 24 18 8 18 28 22 20 12 14 13 17 17 22 6 8 22 6 5 10 14 4 11 7 8 8 7 7 4 20 8 5 4 6 15 16 38 27 13 19 16 12 35 21 16 17 26 40 12 35 11 38 11 23 37 8 11 35 9 15 23 30 14 9 3 7 6 34 51 14 11 41 18 14 10 18 13
82 42 27 26 27 34 15 31 43 12 30 25 22 24 17 35 17 17 32 12 11 29 10 5 3 9 10 5 22 34 16 16 26 3 6 1 12 5 6 39 4 5 4 8 8 5 12 6 47 15 12 7 9 9 31 43 21 6 7 28 12 10 29 14 27 15 50 10 49 8 22 25 14 22 9 30 15 13 9 11 18 21 18 8 7 8 5 9 34 46 33 24 15 9 22 13
60 22 14 32 19 19 18 20 44 11 21 16 18 42 17 41 18 41 17 10 9 22 15 7 7 9 10 11 14 16 32 30 7 5 3 3 2 11 3 39 2 2 2 6 6 3 12 5 3 10 15 18 3 23 35 32 19 12 5 33 18 14 7 29 25 24 40 11 42 16 10 15 26 40 13 9 16 6 14 3 5 15 7 10 7 5 7 4 5 11 44 19 9 12 25 14
72 24 55 25 25 18 18 18 17 12 24 23 11 49 46 11 27 24 26 21 18 9 16 12 16 22 12 19 8 8 11 11 9 6 2 4 2 3 7 15 5 1 3 2 4 4 5 16 3 4 8 9 16 49 40 26 18 17 5 11 24 11 19 15 20 40 24 28 6 28 42 7 37 53 16 3 12 5 7 4 13 10 14 15 4 2 3 6 6 4 11 23 18 5 22 6
62 42 17 18 17 21 30 19 21 11 15 14 21 32 30 9 11 12 12 3 14 10 14 20 27 20 15 22 19 5 6 8 27 14 3 2 12 3 2 6 11 2 4 2 4 11 8 6 3 4 6 9 25 33 33 17 5 14 14 7 25 11 15 18 7 16 11 15 9 12 42 10 24 29 1 4 6 13 9 6 1 16 2 5 9 1 1 2 7 7 12 3 28 6 13 4
11 42 12 20 20 16 22 14 49 12 14 15 14 5 28 13 14 6 22 9 8 14 16 16 18 9 18 27 20 2 6 7 11 14 11 7 4 9 2 2 16 1 3 2 2 15 20 7 5 5 8 19 28 26 33 11 8 16 11 13 29 13 6 6 14 11 10 26 8 11 35 17 43 13 2 7 3 1 4 12 2 7 5 6 14 3 5 3 4 4 4 8 14 15 20 2
23 58 13 15 9 18 22 22 11 21 15 12 16 6 16 9 13 7 46 13 5 9 11 39 9 8 13 21 19 4 6 6 15 8 14 7 3 3 7 2 14 2 2 1 2 6 4 8 2 12 10 21 27 33 15 5 10 15 11 15 32 17 26 9 9 17 8 24 7 9 8 13 33 2 3 1 3 2 7 5 4 1 1 8 8 8 7 5 3 2 2 2 3 22 9 2
22 58 32 4 9 11 31 20 10 26 17 8 6 9 7 13 4 20 7 4 6 12 17 10 23 9 7 8 9 7 4 13 12 9 8 8 5 7 7 2 18 1 2 2 2 3 8 24 12 4 17 35 38 29 3 9 15 21 13 17 10 27 11 29 16 7 6 13 4 11 13 24 13 11 7 7 1 6 11 4 8 2 1 4 5 14 11 3 3 2 2 2 1 5 10 10
8 28 36 4 16 7 18 28 8 23 12 6 2 10 5 20 6 15 10 14 4 5 14 16 14 7 5 7 10 15 2 5 7 15 10 4 5 10 4 7 13 4 2 5 3 2 2 15 25 18 33 39 31 7 11 18 21 18 13 20 22 18 6 16 23 2 5 4 9 4 10 15 9 18 7 6 4 11 8 1 15 18 4 5 2 2 5 5 2 4 1 2 3 13 3 9
11 21 32 8 9 3 8 7 10 11 11 4 1 7 7 42 8 6 8 2 8 13 13 16 8 3 3 3 9 7 5 8 14 7 3 1 5 9 9 3 7 4 3 7 6 3 7 41 35 55 57 48 4 7 9 10 13 16 13 16 29 7 18 12 11 27 45 5 3 2 2 22 4 16 13 9 7 14 11 8 10 32 6 7 3 1 6 6 16 12 5 2 20 4 5 18
9 11 39 14 15 5 5 8 3 15 13 8 4 5 3 11 9 5 8 5 7 9 6 6 7 3 16 3 6 13 6 5 14 13 4 3 8 3 3 5 1 3 1 5 19 38 62 35 35 39 17 3 7 9 14 11 13 13 11 7 8 4 13 8 2 20 5 1 0 4 6 6 17 5 17 10 11 11 22 9 14 19 4 13 4 4 3 4 4 7 8 13 4 12 17 30
10 5 3 39 5 4 1 2 1 8 21 5 5 3 4 14 3 4 12 3 5 7 5 4 2 5 2 2 1 10 4 5 7 6 4 6 4 3 1 3 1 2 1 35 28 33 67 72 36 8 3 6 6 10 11 9 12 13 10 2 1 1 12 17 24 28 3 2 1 10 16 8 9 2 19 6 16 7 12 5 6 18 7 12 6 8 2 1 3 2 1 3 8 4 16 20
10 10 4 42 1 5 7 2 8 1 11 4 4 7 6 21 4 7 10 7 2 4 5 15 2 4 1 12 1 2 4 6 10 6 2 4 15 5 2 2 6 42 55 53 66 26 46 72 47 1 4 7 7 7 2 7 8 7 8 1 0 8 31 30 28 8 4 12 11 6 18 16 3 4 7 9 23 15 29 37 40 20 6 9 13 9 9 0 3 3 4 2 4 8 20 15
7 6 2 43 4 2 2 2 15 1 3 11 3 3 3 13 2 6 12 5 3 3 3 13 2 2 2 4 6 6 3 5 6 5 5 10 5 4 4 14 33 58 73 61 71 73 66 45 1 3 10 7 7 9 2 6 14 14 5 2 2 11 23 16 8 6 10 9 10 9 14 28 37 7 5 7 9 12 17 8 4 11 14 27 19 15 2 2 7 1 9 6 4 11 28 8
6 5 2 11 9 14 3 3 13 3 3 9 1 2 2 3 4 4 7 4 1 1 0 8 1 3 8 5 11 3 3 5 3 10 4 7 4 1 7 18 16 7 47 69 73 57 2 3 6 4 4 3 6 7 4 2 2 41 5 10 5 8 5 18 13 6 14 11 8 25 23 21 3 6 7 15 15 11 10 8 10 10 15 11 12 3 7 3 3 1 4 9 3 6 25 7
5 4 2 3 15 5 3 2 6 1 2 5 2 1 0 1 3 1 7 3 3 0 1 1 3 5 7 4 5 3 7 5 6 3 4 5 4 1 7 15 6 25 16 9 6 2 9 13 8 7 4 4 3 0 3 7 3 10 11 7 5 6 2 7 3 4 5 17 27 37 8 3 5 9 9 10 27 12 29 10 15 16 14 11 15 2 5 3 6 1 8 6 4 4 6 2
4 4 3 1 16 1 2 2 9 3 1 2 7 2 1 2 1 1 4 5 1 1 1 4 7 3 3 6 2 3 4 4 5 6 4 2 5 3 16 15 56 48 13 3 9 9 2 4 5 1 2 0 3 1 4 7 3 21 7 2 4 4 9 6 1 5 9 29 21 1 3 0 3 10 24 22 11 13 5 11 13 10 13 19 5 5 6 6 3 1 12 5 4 6 3 1
2 2 4 10 2 1 2 2 4 1 1 1 5 2 1 1 1 1 1 7 1 1 0 2 5 5 5 3 1 3 1 3 3 6 2 3 6 4 12 9 9 19 3 8 9 5 4 6 13 5 2 0 0 1 5 9 2 8 5 4 4 4 9 2 1 2 12 16 2 0 1 5 3 2 5 21 19 22 4 8 10 10 13 6 7 5 6 6 8 2 4 5 2 1 2 2
