sesion_6_simulaciones/modelos_agentes/ejemplos_netlogo/scenarios/cgcm2_a2/rob_2070.asc
NCOLS 322 
NROWS 307 
XLLCORNER 451900 
YLLCORNER 4086900 
CELLSIZE 100 
NODATA_value -9999 
[rows 148 to 221 of 307, columns 0 to 95 of 322]
0 1 0 0 1 1 1 1 0 0 0 9 4 5 4 6 12 6 5 6 1 2 0 0 0 0 0 0 0 0 0 0 0 0 0 0 0 0 0 0 1 1 1 1 2 1 4 4 2 6 3 5 15 4 9 16 15 8 4 20 24 27 20 16 25 34 41 18 22 47 52 38 22 31 55 71 22 19 19 31 29 27 12 21 58 45 18 11 44 41 34 38 62 58 35 63
0 1 1 1 2 2 1 3 3 1 1 4 6 10 12 23 28 9 8 8 8 6 0 2 0 0 0 0 0 0 0 0 0 0 0 0 0 0 0 0 0 0 0 1 2 12 5 4 2 2 2 7 9 9 2 2 3 2 15 10 9 36 20 13 20 41 33 32 34 53 22 9 9 43 29 35 59 12 16 39 37 20 29 24 12 58 27 18 14 27 13 52 33 66 47 25
0 0 0 3 1 5 3 1 2 4 2 3 29 26 29 13 31 23 18 23 8 1 1 0 0 0 0 0 0 0 0 0 0 0 0 0 0 0 0 0 0 0 0 3 8 4 3 3 2 2 3 4 5 5 12 10 11 12 13 14 23 31 14 11 35 29 38 56 31 5 41 22 21 42 68 23 31 8 3 10 22 25 20 36 18 24 50 36 19 25 17 14 28 29 41 19
0 0 0 0 0 0 0 0 1 1 2 1 4 22 28 25 56 51 33 2 0 0 1 1 3 1 0 0 0 0 0 0 1 1 1 2 3 0 0 0 1 1 5 5 1 2 1 3 2 1 5 4 5 5 6 5 14 15 15 17 31 21 20 11 29 60 34 31 70 24 10 46 48 27 39 12 23 41 19 9 12 22 27 16 25 14 23 58 43 27 26 15 11 31 41 36
1 0 0 0 0 0 0 0 1 1 1 4 2 1 1 1 2 1 2 2 1 4 3 2 8 1 4 0 0 0 0 0 1 0 0 0 0 3 0 0 1 0 1 2 2 5 7 11 5 2 5 5 7 7 2 7 9 29 12 22 28 32 46 77 69 48 42 23 32 79 28 22 23 33 21 6 11 12 46 26 14 17 34 29 19 26 20 25 52 23 20 19 7 8 21 21
1 1 0 0 0 0 0 1 0 0 2 2 2 3 2 3 2 5 6 9 19 7 20 5 3 1 1 1 1 2 1 0 0 0 0 0 0 0 1 0 0 6 1 1 2 2 1 2 7 4 7 11 11 9 3 7 10 17 33 25 58 45 61 65 61 71 57 13 32 56 65 42 29 18 29 20 14 12 29 16 26 20 20 32 25 22 19 20 65 44 14 14 16 7 25 28
3 1 3 2 1 1 1 0 0 0 0 1 1 6 8 2 1 4 14 15 29 48 14 27 8 3 7 6 1 2 9 2 1 0 0 0 1 0 0 1 0 4 1 1 3 0 1 2 2 11 14 23 34 24 23 12 14 17 44 36 24 22 61 68 66 53 64 38 32 49 72 20 33 19 14 13 25 8 23 43 19 29 30 18 17 16 20 15 28 23 39 15 9 8 6 12
8 5 9 2 5 2 2 3 0 0 1 0 3 3 1 5 4 4 3 19 34 26 16 23 13 4 8 5 2 0 2 20 9 3 2 1 1 1 1 1 0 4 10 2 3 2 1 1 2 4 4 7 18 4 6 30 12 29 17 10 10 14 17 46 36 12 19 12 40 55 54 47 26 23 33 11 13 18 19 35 32 21 30 24 16 18 17 16 16 17 22 29 18 10 8 6
3 9 4 12 18 7 2 10 1 0 0 1 1 1 3 4 3 6 4 3 5 23 29 4 5 11 2 8 3 0 1 1 5 15 8 2 1 1 1 1 1 7 14 1 2 2 2 3 4 6 8 14 10 11 12 11 18 36 21 22 32 31 13 9 5 21 20 19 14 25 28 53 58 32 17 11 14 18 23 32 37 55 16 23 16 14 13 7 12 18 17 6 27 11 4 6
20 35 14 26 15 2 8 24 2 1 2 1 3 8 8 3 9 6 8 3 5 5 4 21 6 1 2 14 12 2 2 1 1 13 17 8 7 4 4 6 5 2 17 10 2 1 2 3 3 4 10 23 8 14 21 10 5 15 19 20 19 15 7 14 16 5 2 11 33 36 40 58 28 35 18 16 23 22 35 27 32 27 34 15 14 13 7 5 7 8 13 9 11 15 6 3
13 43 7 46 6 21 17 25 1 3 4 1 1 1 5 6 7 27 26 34 6 3 5 8 4 3 3 23 3 25 3 8 6 19 5 9 9 30 7 4 7 4 19 14 15 2 2 1 4 3 4 4 3 9 15 6 12 39 38 56 17 27 35 28 26 11 11 18 25 30 29 42 33 23 35 10 20 33 32 38 22 17 24 21 8 7 4 1 3 8 8 12 11 9 12 9
3 37 19 30 32 37 30 4 6 11 7 3 2 2 2 2 3 11 15 39 16 3 5 9 23 16 11 17 3 23 23 4 7 11 33 29 18 33 51 11 9 2 5 16 14 7 4 2 5 1 1 2 11 10 5 6 9 8 7 12 9 20 40 36 34 25 27 29 21 29 30 30 23 33 11 18 19 27 16 13 17 14 10 15 21 16 8 16 9 5 5 6 10 10 6 4
3 3 2 28 40 36 5 7 19 8 15 20 8 6 2 4 6 8 13 7 15 29 26 6 19 18 18 21 28 7 56 42 13 4 22 64 53 28 16 37 30 4 11 26 31 34 4 3 3 3 2 3 24 7 50 40 44 27 68 48 29 15 20 22 24 23 27 34 30 18 22 31 28 33 18 26 14 16 16 21 12 12 11 20 10 9 12 13 7 8 9 5 5 6 3 1
2 17 10 9 6 19 12 35 34 15 16 18 4 9 2 5 4 5 13 10 15 17 17 6 36 36 31 49 41 30 54 70 53 27 19 5 17 29 17 7 10 5 3 57 44 33 16 18 7 23 38 52 37 16 17 38 28 15 19 37 40 28 33 24 25 21 21 40 32 16 20 21 27 29 20 23 21 23 13 12 9 10 4 8 9 5 9 7 5 4 5 4 2 3 2 3
5 8 6 16 15 7 34 64 42 47 3 13 27 20 36 9 21 6 5 6 9 4 24 50 71 38 59 71 47 47 26 40 65 33 30 12 35 50 62 79 61 20 9 13 57 35 16 61 15 17 42 38 48 19 10 57 67 29 24 17 53 56 17 43 29 29 21 28 25 20 27 24 24 20 20 21 18 16 14 6 5 5 7 6 8 4 6 4 3 3 3 2 1 0 1 1
4 5 21 10 10 3 26 58 34 57 9 16 43 31 54 20 9 13 8 17 24 32 8 40 57 60 71 73 41 71 53 73 68 70 66 66 54 64 70 56 8 34 38 11 4 37 22 34 18 20 39 38 41 46 20 23 59 81 43 33 44 22 26 25 33 45 46 39 27 17 34 20 15 14 12 7 13 8 4 3 3 6 5 4 4 2 2 1 2 2 1 3 5 5 4 5
4 3 2 7 13 15 5 66 12 13 12 21 27 4 22 30 12 11 11 43 41 18 20 13 53 79 71 75 49 83 66 71 70 59 71 67 80 74 71 77 67 37 9 7 3 4 35 27 14 6 13 47 53 56 58 68 74 73 80 35 22 28 28 34 34 39 49 25 21 34 17 14 14 13 5 3 3 3 8 8 11 4 3 2 3 7 11 11 19 5 10 19 10 19 18 11
1 3 11 9 6 5 7 21 27 22 44 39 45 45 15 39 15 31 7 6 23 61 29 19 7 29 36 62 63 29 9 12 9 23 22 33 74 60 62 75 70 51 28 8 2 4 25 23 15 14 10 10 28 63 67 56 39 43 75 64 27 19 28 30 39 37 21 32 21 10 12 14 14 9 8 5 3 3 3 3 6 12 9 15 20 29 30 29 17 13 17 32 29 42 39 18
2 2 3 4 9 7 11 12 12 11 23 53 56 63 8 7 15 38 40 18 19 15 36 10 18 25 17 22 11 15 28 19 31 28 52 32 24 20 19 18 16 25 15 6 5 6 16 17 29 14 16 17 3 32 25 39 45 49 34 47 46 24 53 53 44 29 27 18 18 15 14 14 6 3 8 8 3 2 3 8 31 31 22 35 40 44 36 52 38 38 65 67 44 58 38 29
1 1 3 10 10 15 16 13 15 14 25 4 7 9 16 18 12 10 48 48 43 21 27 8 21 38 34 27 17 19 35 44 21 47 23 17 17 25 26 25 13 9 12 9 18 15 37 32 30 27 14 7 10 12 13 37 15 12 10 36 21 32 34 22 34 19 14 19 18 8 8 5 7 5 9 9 13 2 28 29 42 41 41 46 46 65 64 49 47 57 30 13 22 19 22 51
2 3 7 3 5 9 11 8 15 32 7 9 24 21 10 23 3 5 8 18 21 18 13 14 23 16 24 19 43 11 35 22 19 25 18 17 25 45 16 41 20 10 8 6 6 11 17 35 22 24 13 24 25 14 24 21 21 20 23 38 54 50 33 11 19 18 16 7 10 5 5 30 29 17 17 26 12 19 38 56 66 51 50 74 69 67 67 54 64 64 36 13 6 7 14 40
6 19 18 27 7 8 8 6 13 19 11 12 18 18 14 7 10 10 28 27 14 17 27 16 21 17 11 22 13 13 23 19 23 21 13 17 13 29 11 37 26 17 11 4 2 2 8 13 63 50 23 20 51 23 12 30 41 61 54 44 56 32 23 15 17 12 5 5 14 13 27 40 50 22 30 39 25 42 59 59 70 83 53 83 71 67 58 61 57 51 38 30 9 6 5 10
2 2 1 2 3 3 11 7 17 8 12 7 10 24 6 3 7 13 13 12 6 4 5 14 20 14 8 11 13 15 17 22 10 15 12 5 22 12 20 35 16 17 28 11 11 5 3 14 21 37 23 35 25 12 17 30 34 30 26 17 16 11 7 4 5 2 13 27 39 29 45 56 56 40 54 41 28 47 61 58 83 69 58 57 44 10 12 44 22 30 21 12 12 4 3 16
2 5 4 7 5 8 4 6 10 10 3 5 8 9 13 13 19 7 8 9 11 3 5 18 35 23 12 8 13 8 7 22 53 20 12 10 20 10 39 8 22 11 15 14 8 4 7 10 7 16 23 20 9 17 18 17 50 21 13 11 7 21 22 31 15 25 34 50 44 41 41 58 40 41 53 49 35 44 60 70 73 57 43 40 31 16 17 17 29 14 12 10 6 5 2 4
1 2 2 4 9 2 2 3 3 6 5 4 13 11 35 16 12 23 18 13 36 13 17 19 27 27 9 21 6 12 18 14 43 45 26 15 16 28 23 7 7 7 11 14 6 11 8 5 5 9 11 16 15 17 20 20 13 6 6 25 22 39 39 39 29 30 44 49 62 57 39 54 55 59 44 62 53 53 57 63 57 74 49 37 22 26 21 11 42 21 9 5 1 4 5 7
2 1 2 3 1 2 2 4 7 5 6 10 9 8 7 9 48 44 17 21 23 17 25 10 13 19 22 13 6 8 7 11 15 13 20 30 6 10 26 17 11 15 10 7 13 9 10 9 6 9 12 15 27 21 14 12 17 24 31 49 39 37 51 39 30 45 46 43 57 38 48 57 69 37 44 49 55 62 77 54 28 25 31 40 34 24 15 11 10 11 6 4 3 2 4 4
1 2 2 2 1 9 6 5 14 27 31 26 25 37 13 9 13 35 23 34 5 16 28 9 11 8 13 19 11 25 16 13 9 11 22 35 11 21 21 22 16 3 3 8 6 9 5 4 8 13 13 26 23 17 23 15 23 26 46 39 35 34 45 34 30 37 45 31 57 46 33 62 45 34 42 65 55 61 24 80 58 61 34 25 31 27 19 20 8 6 2 3 2 1 2 1
1 1 1 1 1 1 2 6 9 16 21 40 33 29 39 8 18 16 9 9 11 22 25 10 4 5 2 8 5 8 7 8 13 12 21 19 9 19 23 18 11 5 2 2 6 6 8 18 9 10 22 17 13 31 18 18 27 46 43 45 38 35 38 26 31 52 51 36 53 45 46 48 69 64 56 57 69 62 24 25 55 64 51 44 23 15 18 20 10 6 4 1 1 3 3 1
1 1 5 1 4 1 2 3 7 9 3 4 4 4 8 14 15 14 38 10 17 22 9 10 2 9 3 9 4 3 6 7 7 7 11 9 10 11 13 13 9 5 2 4 6 7 11 12 12 12 15 28 19 16 16 27 38 35 33 34 31 22 39 36 37 55 43 51 55 83 66 57 54 69 19 19 15 54 55 35 24 49 34 25 20 15 19 7 4 10 6 3 2 2 1 1
1 3 3 12 1 14 13 1 4 3 7 3 11 8 10 9 11 7 7 9 4 11 3 4 3 2 2 4 2 5 6 4 5 6 7 4 7 4 6 11 7 7 8 11 18 7 15 9 19 27 25 39 27 15 26 29 30 39 21 26 46 31 42 46 32 50 43 66 27 46 79 76 72 61 71 50 35 16 12 30 27 20 43 35 32 25 24 34 16 5 4 3 3 2 1 0
9 3 1 4 9 4 2 4 3 4 2 5 3 3 12 5 6 1 5 8 6 2 3 4 2 1 2 1 1 1 1 3 2 10 2 3 3 4 5 2 4 9 3 6 5 11 5 13 21 30 26 28 23 23 21 37 28 34 31 27 33 38 28 32 46 52 34 38 76 26 74 78 52 77 76 79 60 54 54 42 41 35 16 10 23 30 20 22 11 6 3 2 3 2 0 0
5 30 4 12 2 3 2 3 2 1 5 1 3 8 15 22 28 6 4 10 4 3 1 1 3 1 1 1 1 1 1 2 3 3 1 2 2 2 7 5 3 8 4 21 9 11 11 9 21 25 16 15 17 19 18 21 38 30 25 44 36 48 29 27 43 14 31 36 30 46 34 70 41 59 79 81 78 87 70 55 59 72 73 54 19 16 19 18 12 5 4 2 1 1 0 0
1 4 2 3 5 4 2 1 1 2 4 2 9 2 3 4 3 5 4 4 7 2 3 2 2 1 1 0 1 1 1 2 1 1 1 1 1 4 5 4 3 3 6 17 3 14 9 10 11 23 8 11 13 14 14 17 26 31 21 29 41 20 25 62 68 57 35 30 15 6 17 19 36 35 68 75 69 75 78 62 79 68 62 31 24 27 24 16 21 8 4 3 1 1 0 0
1 2 4 4 2 3 2 1 0 2 0 0 1 2 13 7 14 3 3 3 4 1 1 1 1 1 1 0 0 0 1 1 1 2 0 0 1 4 2 2 2 3 3 6 6 5 7 7 9 8 4 9 6 7 13 9 22 29 31 35 32 51 15 6 5 9 14 31 29 23 13 12 7 22 37 64 55 77 86 52 71 86 63 46 38 23 20 19 15 7 5 4 2 1 0 0
0 4 2 1 1 1 1 0 0 0 0 1 1 2 3 2 3 3 3 3 1 2 1 2 1 1 1 0 0 1 0 0 1 1 1 1 2 4 0 1 1 3 2 4 3 3 3 3 4 3 7 11 9 12 13 12 24 17 17 13 16 54 11 13 28 42 51 40 42 34 30 44 19 7 16 53 50 75 86 76 62 61 58 45 30 29 28 21 15 12 8 7 4 2 1 0
0 1 1 1 1 1 1 0 0 0 0 0 1 0 1 2 2 2 0 0 0 0 0 0 0 1 1 0 0 0 0 0 1 0 0 0 1 1 1 1 1 1 3 4 1 2 3 2 4 5 12 39 21 44 39 56 38 25 28 15 11 4 60 28 9 48 63 39 44 48 54 41 24 23 12 14 19 47 78 57 44 23 19 37 13 25 12 13 13 14 11 6 5 2 1 1
1 0 0 1 0 0 0 0 0 0 0 0 0 0 1 0 0 0 0 0 0 0 0 0 0 0 0 0 0 0 0 0 0 0 0 0 1 1 0 1 2 6 19 31 10 11 7 5 6 3 42 11 49 46 28 37 21 21 30 46 11 10 13 74 20 25 34 63 39 34 60 69 76 48 39 19 10 7 8 8 12 12 10 25 26 10 9 5 4 11 5 6 3 2 1 0
0 0 0 0 0 0 0 0 0 0 0 0 0 0 0 0 0 0 0 0 0 0 0 0 0 0 0 0 0 0 0 0 0 0 3 3 3 7 11 15 15 27 8 35 16 20 29 2 10 27 8 9 41 31 41 46 26 51 55 33 28 18 9 49 64 20 7 33 63 72 59 58 37 37 49 46 24 10 15 5 14 13 12 8 23 20 7 7 4 4 4 2 2 1 1 1
0 0 0 0 0 0 0 1 3 0 1 0 2 0 0 0 0 0 0 0 0 0 0 0 0 0 0 0 0 0 0 0 0 0 0 2 4 13 7 10 12 32 12 15 34 26 30 7 5 8 54 30 12 32 10 24 20 51 66 47 51 30 18 28 81 29 29 15 46 60 81 27 14 28 34 58 46 40 33 23 12 10 5 8 9 18 10 4 3 1 2 2 1 1 1 0
0 0 0 0 0 1 1 0 1 1 1 0 0 0 0 0 0 0 0 0 0 0 0 0 1 1 0 0 0 0 0 0 0 0 0 0 1 10 17 15 11 13 9 9 31 41 55 52 8 12 29 37 21 15 38 9 39 42 71 62 16 26 18 9 80 52 21 21 27 79 82 87 51 41 34 27 21 19 14 16 27 24 13 5 5 5 13 9 4 4 1 3 2 1 0 0
1 0 0 3 1 2 2 6 4 3 1 1 1 0 0 0 0 0 0 0 0 0 0 0 0 0 1 1 0 0 0 0 0 1 0 0 2 9 18 38 16 9 6 9 17 52 65 71 68 65 14 23 22 26 21 9 29 53 59 61 20 32 33 26 59 87 55 36 23 15 21 55 25 30 24 52 40 20 14 11 10 12 17 13 6 2 4 7 5 3 1 2 1 1 1 0
1 1 2 2 5 4 7 2 7 6 2 4 2 1 4 1 1 0 0 0 0 0 0 0 0 0 0 1 0 0 0 0 1 1 1 1 1 1 1 1 24 21 6 14 10 14 35 46 68 76 62 32 37 48 27 49 33 59 72 53 58 18 37 36 31 82 89 69 51 24 17 18 57 37 29 28 40 44 22 18 8 10 10 14 11 4 1 7 4 5 2 1 1 1 1 0
0 0 0 3 7 4 20 34 26 26 12 7 3 6 11 5 1 1 1 0 0 0 0 0 0 0 1 0 0 0 0 1 1 1 1 2 3 3 2 3 3 9 9 9 6 16 49 23 64 71 84 42 39 39 57 55 9 56 68 65 60 46 38 31 22 75 84 83 58 58 15 8 44 65 37 11 17 13 24 9 13 9 10 7 11 5 2 2 4 3 2 1 1 1 0 0
0 1 1 10 11 26 40 40 39 63 57 17 19 15 14 8 3 6 2 1 0 0 0 0 1 5 3 0 0 0 0 1 0 1 1 2 2 3 5 4 3 4 5 4 16 20 36 28 8 58 73 80 39 30 42 20 16 15 44 54 84 77 22 28 55 65 66 82 38 56 45 11 16 48 37 28 18 19 26 21 13 11 5 4 4 5 3 1 1 2 2 1 1 1 0 0
0 0 0 0 0 1 4 9 12 5 24 49 60 33 23 8 5 11 3 2 3 0 0 0 0 0 4 7 1 0 1 1 1 2 2 1 3 3 7 5 9 16 15 11 9 6 54 57 39 27 47 71 61 31 14 12 34 12 21 55 49 46 36 34 40 55 37 83 39 50 37 43 8 27 31 42 32 29 29 21 19 13 4 2 2 5 4 1 1 1 1 1 1 0 0 0
0 0 0 1 2 3 24 7 9 7 8 14 50 63 56 28 19 14 3 8 1 2 1 2 1 0 0 1 1 1 0 1 2 4 1 1 1 3 7 8 7 11 8 10 20 21 21 8 37 61 31 43 12 16 9 26 22 33 26 31 58 63 50 44 22 30 28 73 77 34 19 34 32 11 20 18 33 18 15 9 13 10 8 6 2 3 1 2 2 1 1 0 0 1 0 0
0 0 0 0 1 1 4 5 3 9 5 1 6 27 57 62 51 5 1 1 1 4 1 4 2 2 1 0 0 1 1 9 5 2 10 3 4 6 8 6 9 19 32 22 30 19 28 15 19 20 70 41 35 25 19 15 29 36 30 34 57 75 58 42 40 34 47 66 81 63 31 17 43 31 19 6 7 22 18 14 6 6 6 6 4 1 1 2 2 1 0 1 0 0 0 0
0 0 0 0 1 2 1 1 2 4 8 5 17 6 5 8 10 3 1 2 6 1 1 3 17 12 1 1 1 11 3 3 14 10 21 5 30 9 7 7 10 12 13 25 19 25 26 19 23 31 31 42 26 26 34 28 24 38 21 11 25 38 57 55 58 48 42 52 62 65 45 47 48 26 29 13 7 16 15 8 11 3 4 3 2 2 1 1 1 1 0 0 0 0 0 0
2 0 2 0 0 1 1 2 3 8 5 8 2 8 15 7 9 5 1 4 0 2 3 2 1 3 4 8 7 1 4 10 9 4 5 6 3 24 6 11 12 19 9 14 11 13 14 23 30 40 25 14 54 50 39 48 33 30 31 32 20 37 62 42 42 43 30 37 47 65 28 32 26 17 18 13 7 5 9 13 7 6 2 2 1 1 1 1 1 0 0 0 0 0 0 0
4 4 0 0 1 0 4 12 1 2 5 5 4 14 5 9 2 1 1 0 1 2 2 2 3 2 3 4 2 4 2 20 6 15 9 20 3 9 17 5 9 20 16 28 28 10 17 23 21 41 22 39 11 27 29 63 29 38 34 49 37 34 19 20 16 7 6 14 24 25 17 7 24 16 13 24 17 10 12 6 3 5 4 2 1 0 1 1 0 0 0 0 0 0 0 0
3 3 15 1 1 5 0 0 8 6 1 6 2 12 4 6 4 1 1 3 5 8 2 1 4 5 5 7 23 22 13 3 3 5 12 7 6 2 37 14 15 13 6 10 29 23 17 12 27 42 38 15 61 44 36 64 48 22 38 22 22 33 22 18 8 6 5 2 16 29 25 11 9 17 16 20 16 10 21 10 3 3 2 1 2 1 0 0 0 0 0 0 0 0 0 0
1 4 8 3 0 0 3 1 0 1 3 2 1 3 7 3 1 1 1 2 4 4 11 6 6 8 9 10 39 47 16 9 5 12 16 11 21 8 2 41 11 20 20 20 11 11 17 27 27 39 27 12 27 15 11 41 30 27 26 14 17 29 20 20 18 9 6 5 5 12 18 11 19 18 20 24 28 16 6 6 5 2 1 1 1 0 0 0 0 0 0 0 0 0 0 0
8 3 15 4 7 1 0 14 1 4 14 2 8 6 2 11 2 1 1 1 1 5 6 6 7 13 15 16 29 67 56 33 10 7 49 23 24 14 6 18 47 13 13 44 25 26 21 31 37 27 24 10 9 14 12 16 32 24 16 10 10 12 16 26 10 13 6 4 3 2 3 7 8 4 5 8 10 16 7 4 3 2 1 1 1 0 1 0 0 0 0 0 0 0 0 0
9 5 3 9 3 4 6 2 24 9 21 38 12 15 8 3 2 2 2 11 2 9 21 11 8 13 19 15 9 12 54 37 21 14 14 36 18 13 9 7 11 31 12 9 12 15 19 31 55 39 56 27 17 16 14 12 16 13 12 32 13 6 8 7 5 5 5 2 2 2 1 2 1 1 2 5 5 3 5 3 2 1 1 1 1 0 0 0 0 0 0 0 0 0 0 0
3 15 9 12 8 11 25 15 7 6 3 2 4 3 5 14 5 3 8 1 17 5 30 28 10 16 22 15 8 4 8 31 48 21 7 21 27 11 26 18 15 8 27 29 16 16 32 26 46 32 62 31 17 15 13 12 12 11 6 15 18 9 3 3 2 2 4 3 1 0 1 1 0 0 1 1 2 1 2 1 1 1 1 1 0 0 0 0 0 0 0 0 0 0 0 0
3 3 1 6 6 1 2 1 8 4 11 10 12 13 7 9 13 9 9 6 5 4 28 57 23 21 24 29 14 4 5 5 43 22 26 19 38 10 29 34 21 10 7 29 20 29 24 26 40 24 9 12 23 21 19 19 7 5 2 2 5 3 2 2 2 1 3 1 2 0 0 1 0 0 0 0 0 1 2 1 1 0 0 0 0 0 0 0 0 0 0 0 0 0 0 0
2 3 2 1 1 2 2 1 2 5 3 4 3 2 5 14 4 3 6 14 8 48 21 46 43 25 38 30 34 13 5 8 6 23 25 30 39 12 31 20 21 24 19 15 31 21 24 42 41 38 31 16 21 12 12 12 7 4 1 1 2 2 1 1 0 1 0 0 1 1 0 0 0 0 0 0 0 0 0 0 0 0 0 0 0 0 0 0 0 0 0 0 0 0 0 0
3 2 2 1 2 4 2 1 3 3 1 2 3 1 5 6 3 4 3 4 33 21 15 15 67 26 8 8 8 6 7 3 9 4 9 14 82 59 22 32 22 11 19 21 13 26 19 24 52 52 51 29 20 11 11 9 2 2 1 4 8 7 4 4 3 2 2 1 0 0 0 0 0 0 0 0 0 0 0 0 0 0 0 0 0 0 0 0 0 0 0 0 0 0 0 0
1 1 1 0 0 1 1 1 0 0 2 1 3 1 2 4 2 5 9 39 19 15 39 36 61 44 14 10 11 15 13 13 5 8 10 6 4 6 23 20 13 27 10 21 18 31 35 27 52 37 47 45 32 20 11 4 2 2 4 7 14 19 22 15 3 4 2 2 1 1 1 0 0 0 0 0 0 0 0 0 0 0 0 0 0 0 0 0 0 0 0 0 0 0 0 0
0 0 1 0 1 0 0 0 0 0 0 1 2 1 1 1 1 4 8 6 10 15 6 3 8 7 5 8 23 27 14 32 25 10 9 6 7 7 6 17 13 31 21 11 31 23 43 32 31 21 29 28 21 18 7 8 6 6 16 19 27 22 17 16 10 4 7 6 6 4 3 2 0 0 1 1 0 0 0 0 0 0 0 0 0 0 0 0 0 0 0 0 0 0 0 0
0 0 0 0 0 0 1 1 4 4 4 0 0 1 1 0 1 5 21 12 22 6 12 8 5 8 26 16 18 22 35 25 16 17 22 4 3 4 7 11 9 16 26 27 29 28 21 18 41 24 20 19 12 7 11 16 10 22 28 21 33 27 28 20 16 13 12 17 16 11 7 3 0 1 2 1 1 1 0 0 0 0 0 0 0 0 0 0 0 0 0 0 0 0 0 0
0 0 0 0 1 1 0 3 11 13 7 5 2 0 1 2 2 8 12 6 4 6 14 11 9 11 19 9 5 14 14 9 4 9 21 12 6 4 9 6 4 8 9 11 19 20 23 18 29 24 13 7 14 16 27 26 26 33 37 37 24 36 37 27 42 20 24 22 22 19 5 2 1 2 3 1 2 1 0 1 0 0 0 0 0 0 0 0 0 0 0 0 0 0 0 0
0 0 1 1 1 1 2 2 0 3 10 12 7 12 12 11 27 8 8 18 4 3 14 7 10 16 9 8 5 12 15 16 16 13 21 11 7 19 18 6 4 20 11 17 14 9 25 14 16 13 11 15 26 36 35 41 31 29 29 35 27 41 46 54 50 40 28 23 24 18 11 8 14 6 2 3 1 1 1 0 0 0 0 0 0 0 0 0 0 0 0 0 0 0 0 0
0 0 0 0 3 2 5 25 20 11 11 30 20 16 31 17 50 51 43 26 9 23 2 3 3 3 17 20 20 29 9 46 50 20 7 10 3 14 13 8 26 12 12 12 18 12 16 16 15 16 26 27 44 57 56 43 55 35 42 42 32 51 51 52 44 42 33 29 30 27 21 6 4 1 0 2 3 1 0 1 1 0 0 0 0 0 0 0 0 0 0 0 0 0 0 0
0 1 3 0 0 5 14 22 35 6 7 40 10 9 25 12 14 6 15 32 6 13 7 6 4 9 13 22 25 42 18 12 13 37 17 15 5 24 11 11 15 25 22 22 26 39 41 38 14 43 50 43 47 60 67 66 37 26 65 50 40 48 50 38 53 56 17 48 46 26 22 13 8 2 1 4 7 3 1 1 1 1 0 0 0 0 0 0 0 0 0 0 0 0 0 0
3 1 1 7 2 1 1 3 5 25 4 28 12 15 22 8 3 6 15 8 6 3 10 5 9 16 19 10 7 26 18 13 8 6 9 8 18 23 10 9 34 39 21 51 46 29 32 20 19 45 61 51 51 79 50 46 44 26 72 43 38 45 59 63 51 44 41 47 27 17 17 11 9 13 5 5 6 3 2 1 1 1 0 0 0 0 0 0 0 0 0 0 0 0 0 0
10 13 1 9 8 15 19 8 3 4 18 57 35 5 39 7 10 8 17 9 4 4 20 8 15 13 16 15 13 11 8 10 12 18 23 14 28 5 10 19 32 34 49 54 38 21 14 24 43 34 49 65 76 44 31 46 45 31 73 43 69 37 61 40 40 71 53 33 49 25 16 18 35 31 8 2 3 5 2 1 1 1 0 0 0 0 0 0 0 0 0 0 1 0 0 2
7 13 19 10 14 49 22 53 34 3 14 44 3 8 36 22 12 5 32 3 4 4 9 6 26 18 9 8 9 3 2 10 23 13 32 9 37 7 25 21 48 50 62 33 32 25 25 43 46 40 38 62 62 37 48 59 53 40 74 72 49 60 53 62 76 61 56 47 35 18 20 57 31 5 8 8 5 4 3 1 1 1 0 0 0 0 0 0 0 0 0 0 0 0 2 2
19 30 33 50 45 50 55 69 46 18 13 13 18 4 33 17 12 7 5 3 3 6 16 6 12 10 9 23 18 18 19 22 13 7 10 18 49 20 23 30 55 59 47 32 18 34 34 61 63 40 36 53 41 29 41 66 34 63 60 62 68 34 49 80 79 59 53 35 43 48 37 35 21 16 12 4 3 2 2 1 1 0 0 0 0 0 0 0 0 0 0 0 0 0 2 11
1 35 53 32 61 11 38 59 60 60 48 50 29 4 39 55 26 6 9 7 3 9 13 8 6 10 20 5 7 9 3 8 6 20 47 25 40 15 15 30 55 39 28 13 27 47 37 45 66 43 46 50 21 40 63 56 24 57 38 75 59 64 76 71 60 47 58 37 22 10 11 8 4 2 2 1 0 1 1 0 0 0 0 0 0 0 0 0 0 0 0 0 1 1 2 8
5 7 19 5 3 4 7 7 11 4 7 17 47 8 5 32 56 33 21 14 7 7 4 6 18 4 10 10 30 27 5 13 16 20 59 50 59 23 16 36 34 18 13 31 48 43 34 40 60 33 50 60 48 57 74 49 56 27 54 62 41 67 61 27 15 18 14 25 42 38 34 26 30 12 3 1 1 1 1 1 1 0 0 0 0 0 0 0 0 0 0 0 1 3 8 10
4 5 2 4 7 23 32 9 15 2 6 5 3 1 6 3 6 8 4 3 2 14 6 10 3 17 13 20 10 18 17 42 26 28 50 54 36 30 27 41 19 21 26 43 48 40 47 26 42 51 50 78 84 63 69 81 84 66 82 82 82 88 69 78 60 54 53 47 33 11 17 15 9 8 7 6 3 2 1 1 0 0 0 0 0 0 0 1 0 0 0 0 0 1 5 15
6 10 8 8 15 24 36 27 9 7 13 7 9 6 6 9 7 2 2 3 5 18 6 7 16 17 7 41 32 22 36 48 31 34 54 19 11 20 11 37 29 22 27 36 43 44 47 32 41 60 57 72 72 72 26 44 79 87 87 70 30 24 50 47 80 57 46 60 25 14 10 11 17 6 2 2 1 1 1 0 0 0 0 0 0 1 1 2 2 1 1 1 0 2 6 7
4 1 6 8 13 14 28 18 3 8 7 10 23 16 6 7 3 5 4 5 1 4 28 16 9 2 8 20 24 17 17 27 39 19 38 9 17 14 4 38 24 28 37 40 32 48 62 47 71 80 51 34 36 30 22 25 64 72 67 42 61 48 44 55 46 42 42 23 39 26 26 11 10 7 4 3 2 1 0 0 0 0 0 0 0 1 2 4 7 3 3 2 1 6 12 11
