sesion_6_simulaciones/modelos_agentes/ejemplos_netlogo/scenarios/cgcm2_a2/rob_2078.asc
NCOLS 322 
NROWS 307 
XLLCORNER 451900 
YLLCORNER 4086900 
CELLSIZE 100 
NODATA_value -9999 
[rows 74 to 147 of 307, columns 96 to 191 of 322]
3 14 7 3 4 5 5 18 5 4 2 16 4 34 17 6 1 0 0 0 4 2 1 0 0 0 0 0 0 0 0 0 0 0 0 0 0 0 0 0 0 0 0 0 0 0 0 0 0 0 0 0 1 1 1 0 1 1 2 1 1 9 6 4 8 15 7 10 15 16 13 16 10 19 5 5 13 18 19 19 9 31 57 56 43 29 37 47 35 45 40 40 41 26 6 3
4 7 6 5 4 5 7 20 8 11 15 6 2 4 4 9 3 3 5 7 23 3 2 1 0 1 0 0 0 0 0 1 0 0 1 0 0 0 0 0 0 0 0 0 0 0 0 1 3 0 0 0 0 1 0 0 1 2 1 1 2 2 7 4 6 4 4 4 7 12 5 18 4 5 4 2 12 6 3 15 33 33 16 18 30 32 32 32 48 49 63 68 54 45 22 12
8 5 5 7 4 9 4 20 7 22 19 4 6 15 10 4 5 12 4 10 9 11 6 6 1 0 0 0 0 0 1 1 1 0 0 0 1 0 0 0 0 0 0 0 0 1 0 0 0 1 0 0 0 0 0 0 0 1 0 1 1 0 2 2 4 2 4 2 9 4 2 6 3 3 3 3 2 1 13 9 12 16 31 23 40 48 48 64 70 59 66 69 59 52 41 30
10 3 11 10 6 5 8 13 11 17 37 10 15 7 7 11 20 6 14 9 20 21 5 2 4 0 0 0 0 0 1 0 1 0 1 0 2 0 0 1 0 0 0 0 0 0 1 1 1 2 1 1 0 0 0 0 0 0 0 0 0 0 1 1 2 1 2 2 3 1 1 1 2 1 2 1 1 1 6 5 12 14 15 33 56 57 68 55 59 74 56 64 52 52 42 39
12 6 10 11 16 8 10 12 5 38 57 43 14 7 20 12 17 17 30 8 6 13 12 18 2 1 1 1 3 1 1 0 0 1 0 0 0 0 1 1 0 0 0 0 0 0 1 1 0 5 2 1 1 0 0 0 0 0 0 0 0 0 0 0 0 1 0 1 1 0 0 0 2 1 0 0 1 2 2 3 10 29 48 44 57 69 42 54 64 48 57 45 40 48 46 67
27 28 9 26 39 15 5 17 5 15 29 45 28 13 13 2 20 45 15 11 14 6 21 18 3 2 6 10 6 4 7 1 0 0 0 1 1 0 0 0 1 0 0 0 0 0 1 4 3 4 5 3 2 0 1 1 1 0 0 0 0 1 0 0 0 0 0 0 0 0 1 2 1 1 4 3 1 0 2 11 12 22 34 35 31 54 57 71 58 40 43 34 32 49 72 60
64 78 46 44 10 8 6 6 6 21 9 6 33 36 5 18 40 15 7 5 12 3 2 12 11 9 11 8 11 4 9 5 1 1 1 2 0 0 0 0 3 0 0 0 0 1 1 1 4 2 5 11 3 2 2 1 2 2 3 1 1 0 1 0 0 0 1 1 1 1 1 0 0 0 0 3 3 14 2 6 11 9 30 23 27 31 55 67 51 46 45 39 69 70 38 37
52 42 63 11 9 8 14 11 9 11 15 3 9 13 14 19 6 29 20 13 9 10 2 3 17 29 15 5 3 9 2 1 4 5 5 1 3 2 0 0 2 1 0 0 1 1 0 0 1 1 9 13 2 15 4 1 5 1 1 1 2 0 1 1 1 0 1 1 3 0 2 0 0 0 0 0 1 12 10 7 3 7 20 24 14 23 54 47 43 42 44 55 71 59 32 56
80 78 59 27 22 31 31 18 14 12 24 2 10 16 24 9 9 53 19 11 24 39 11 13 22 69 15 2 4 3 2 2 0 1 11 2 1 1 1 1 3 2 1 0 1 1 1 1 1 6 7 28 18 16 5 5 6 3 5 1 2 1 1 1 1 1 0 0 2 1 2 3 4 2 0 1 1 1 10 23 30 4 11 11 8 37 32 18 31 47 42 68 41 41 34 66
28 50 81 74 12 13 32 32 54 20 24 6 18 44 22 5 11 69 13 21 15 18 9 40 13 15 7 9 9 4 3 3 1 5 17 5 4 1 1 3 1 0 1 0 0 0 0 1 2 3 2 26 16 23 12 8 12 4 10 6 3 4 1 1 3 1 2 1 2 5 8 6 3 1 1 0 0 2 1 24 18 8 2 9 21 6 14 17 28 23 39 36 20 32 32 79
21 32 45 68 66 18 32 26 16 47 35 15 23 51 29 15 29 59 25 20 10 8 48 55 34 23 6 24 14 7 2 1 10 31 25 17 11 1 3 2 1 0 1 0 1 1 1 1 3 1 1 7 30 38 11 20 11 9 27 12 4 2 1 1 6 1 6 2 2 6 8 5 1 1 2 1 2 2 2 6 31 23 17 5 2 10 21 28 24 43 15 25 29 56 28 61
24 42 60 49 65 64 60 55 28 36 54 11 25 61 43 43 32 41 37 46 49 8 30 31 66 43 40 46 25 24 9 29 39 24 20 47 24 3 3 4 1 0 1 0 1 1 1 1 2 2 5 6 39 43 19 9 15 37 32 18 4 1 3 3 8 4 15 11 7 2 18 6 7 6 5 1 1 2 3 3 11 36 11 33 27 3 13 4 20 8 9 22 16 44 30 50
25 22 13 12 36 57 38 24 25 32 36 17 41 70 46 14 33 23 37 57 63 50 15 18 19 22 59 71 26 38 56 51 53 26 32 24 24 20 5 8 2 6 2 3 1 1 3 4 4 6 4 9 44 74 32 23 37 33 50 27 6 4 3 4 22 6 20 11 7 4 10 7 3 1 2 1 0 1 4 2 1 25 33 19 13 29 15 18 14 21 16 23 42 40 56 22
20 12 1 5 32 34 10 19 21 30 16 29 63 55 24 12 20 29 54 48 63 86 41 17 13 21 73 66 71 19 61 39 32 55 64 51 23 30 10 15 8 24 4 6 5 2 2 2 3 5 6 11 16 72 42 61 44 56 74 27 8 10 7 16 17 10 19 11 8 2 2 3 9 4 5 2 0 1 2 4 9 2 28 30 24 31 36 51 67 26 57 59 45 25 74 16
26 25 9 6 32 27 19 25 29 20 27 34 47 58 26 9 60 59 37 40 45 57 76 71 42 24 48 67 77 74 54 74 61 22 23 14 15 44 7 13 45 21 6 2 3 3 1 2 5 11 19 10 17 35 46 63 60 73 72 42 24 29 31 25 26 4 15 16 10 3 3 12 18 6 2 10 1 1 1 3 6 6 4 24 47 65 34 13 16 31 35 62 45 29 44 65
28 15 16 7 21 15 11 50 26 22 16 23 71 44 20 12 55 36 56 63 54 64 78 75 71 35 50 18 35 73 49 54 58 46 40 38 25 15 18 56 13 11 3 1 3 6 3 4 8 15 17 21 16 22 16 53 66 69 77 43 27 31 19 43 43 11 23 22 5 2 2 10 5 4 19 10 2 2 0 3 4 10 16 6 37 59 51 45 47 33 20 21 39 24 15 34
15 20 10 9 8 7 8 42 35 13 37 52 73 71 23 12 37 14 51 82 78 75 40 56 75 56 53 45 70 89 83 75 47 57 38 22 23 13 33 9 10 4 2 8 20 8 4 5 5 7 10 14 13 15 5 9 53 69 80 42 61 46 60 62 68 13 47 19 15 6 3 6 11 13 28 3 2 12 1 2 3 5 13 16 6 43 43 22 12 21 19 21 16 28 34 31
33 30 22 13 11 6 6 16 32 30 31 63 48 37 52 24 54 18 10 38 44 78 52 50 45 26 47 66 87 92 71 77 83 77 70 29 19 19 60 7 19 14 24 24 23 8 13 2 2 4 19 28 40 43 47 15 7 5 30 52 45 58 59 70 75 35 77 34 31 22 9 8 13 37 14 2 5 4 3 1 3 6 11 15 18 4 14 33 22 24 13 23 48 60 52 50
21 19 11 9 11 8 5 2 20 38 43 46 42 20 23 13 57 32 17 59 50 57 46 53 62 53 39 74 46 72 77 73 77 69 17 25 29 35 23 9 46 34 50 32 17 8 28 15 15 9 16 19 28 24 36 11 5 5 8 35 62 82 68 77 61 27 66 51 19 11 22 27 12 19 8 6 14 8 8 6 5 7 7 12 22 14 4 8 13 17 43 50 63 63 64 59
12 10 12 13 11 10 9 5 7 16 31 44 43 36 20 14 61 28 12 43 31 41 44 57 44 64 60 68 50 18 42 50 36 26 41 37 63 70 32 25 15 45 79 27 14 38 25 13 22 10 14 15 13 22 27 35 19 8 10 62 82 74 82 84 75 75 73 75 46 11 36 19 11 4 4 16 7 2 6 2 3 6 6 10 20 13 22 9 3 22 46 75 79 72 72 47
16 8 23 31 22 20 18 19 13 15 25 36 32 25 25 14 41 21 9 26 40 36 33 36 43 59 56 55 58 45 22 18 27 42 40 70 79 40 55 53 33 70 77 37 54 32 29 10 36 11 23 19 38 57 62 52 30 12 14 25 78 68 85 84 78 70 75 80 70 31 24 24 20 11 9 7 11 27 3 4 2 2 9 10 6 15 32 33 13 16 27 24 47 55 61 53
37 35 27 40 40 33 35 34 24 7 16 21 19 23 17 21 19 15 14 24 25 29 16 24 41 46 51 48 49 62 22 29 30 46 83 86 63 35 69 75 52 67 71 54 41 49 32 18 36 18 16 36 38 59 68 57 36 17 10 15 20 71 83 84 77 62 80 70 40 13 26 38 10 15 31 14 18 6 1 10 2 3 7 7 28 17 13 19 31 37 37 22 15 17 31 37
38 22 37 36 44 35 50 35 23 24 4 8 6 13 21 15 22 18 10 11 26 29 19 19 18 23 58 48 46 23 33 18 44 84 79 78 30 52 87 59 41 49 52 21 30 70 34 49 43 34 20 47 69 46 31 38 46 48 39 24 27 44 69 72 77 69 50 53 24 23 34 27 17 24 26 29 18 9 5 7 4 1 5 18 23 30 20 21 28 38 54 56 43 24 14 32
27 32 41 29 43 44 35 36 33 34 37 21 12 5 6 9 19 17 9 8 17 9 11 14 12 22 53 65 41 29 41 13 62 82 67 38 42 78 87 72 32 50 39 30 74 64 37 29 62 56 23 38 51 69 57 43 16 30 39 47 40 46 38 53 32 52 58 48 26 41 45 36 23 18 29 23 13 23 2 1 5 3 5 10 23 24 22 21 17 28 47 46 47 30 33 15
38 26 41 45 46 33 36 49 32 39 30 33 30 18 12 6 7 15 7 10 16 13 9 12 9 21 23 58 19 21 45 17 54 74 42 42 46 65 56 58 46 49 30 70 74 29 46 79 73 55 55 23 15 26 24 38 22 35 59 65 47 61 42 28 29 42 33 29 26 51 39 50 18 34 36 22 35 7 6 2 8 1 2 3 8 22 29 22 18 17 41 36 47 48 51 32
21 16 40 44 24 35 19 24 47 40 33 35 33 33 25 11 6 4 3 2 3 4 7 10 4 8 11 13 12 49 30 13 22 27 31 58 61 71 91 75 63 49 63 65 61 47 49 85 78 61 80 53 36 51 55 41 30 29 22 40 72 55 42 27 29 46 34 27 36 44 50 54 37 13 14 11 16 7 3 4 1 5 3 5 8 15 20 27 41 29 33 39 49 66 51 46
10 21 60 37 39 23 53 29 50 49 35 40 36 17 17 19 18 15 15 15 15 13 7 8 7 3 6 7 21 54 12 21 27 17 44 66 71 31 62 57 63 49 50 63 54 49 66 86 79 77 79 76 33 26 28 27 34 49 48 15 20 36 35 36 33 39 31 32 28 40 44 55 39 36 7 12 13 5 1 1 7 2 1 5 8 12 18 30 28 47 41 58 62 63 56 56
13 26 47 29 29 30 22 27 49 40 41 42 33 34 22 29 19 26 27 27 19 30 16 13 23 16 2 5 12 37 14 24 32 27 41 45 40 43 35 19 59 66 49 39 51 75 85 85 74 68 77 70 47 35 45 59 60 52 52 27 9 35 29 24 36 27 24 27 38 41 33 39 28 23 24 16 6 9 18 21 13 18 5 5 4 7 11 20 36 32 59 58 58 62 66 70
11 41 13 18 28 24 25 18 39 45 23 21 45 29 27 21 22 27 30 30 31 30 29 26 19 24 11 1 8 21 9 18 28 33 40 36 37 45 45 22 38 78 64 33 66 67 89 82 36 29 42 62 75 64 52 53 54 47 36 22 12 43 26 16 22 25 28 40 41 43 34 35 34 44 47 46 20 33 27 22 12 8 4 1 1 5 13 17 22 33 50 59 65 75 72 73
31 9 16 15 13 23 31 32 14 20 30 38 39 39 22 31 29 31 32 45 44 33 45 32 43 26 25 7 4 17 10 13 22 30 45 42 50 46 45 18 29 49 63 32 62 59 78 48 25 27 48 51 74 71 63 51 56 49 35 35 14 23 21 14 38 29 37 57 45 43 40 33 61 59 74 45 42 22 26 7 2 1 1 3 1 3 8 9 25 45 44 41 36 37 34 40
6 9 20 46 46 30 11 8 12 35 36 36 20 36 37 39 36 46 45 45 46 45 40 46 45 33 18 15 3 4 4 8 7 28 35 66 73 52 54 30 24 24 33 12 33 43 29 32 31 42 42 63 80 71 69 70 69 65 67 49 23 18 23 13 36 44 49 36 26 36 54 47 49 50 49 54 39 18 8 5 4 1 8 4 16 8 2 8 27 24 23 35 44 49 50 52
16 28 25 7 7 13 20 9 20 34 36 35 32 34 33 46 35 44 47 56 31 57 55 51 43 29 14 12 5 3 2 3 6 16 33 47 46 56 62 42 45 36 37 12 27 37 43 71 78 74 88 68 84 83 80 69 75 61 55 45 23 27 25 10 9 21 27 44 50 41 50 67 38 38 32 42 39 6 3 4 3 5 16 9 18 8 21 6 9 14 24 33 38 51 59 57
22 11 17 20 19 12 20 11 30 29 29 34 51 37 49 46 46 64 57 44 50 55 66 37 47 36 29 10 9 6 1 1 1 8 20 31 53 70 68 38 25 35 33 22 31 46 73 54 77 68 68 57 90 86 82 64 53 48 43 24 20 11 10 3 3 17 39 61 64 46 49 69 54 29 19 24 10 10 11 8 3 11 12 13 25 28 13 11 9 9 13 24 36 50 47 70
9 8 6 6 6 6 4 14 35 25 27 48 34 43 47 50 60 36 35 62 52 63 62 41 33 26 31 27 21 17 8 6 2 6 19 17 14 41 57 44 32 34 33 33 51 49 29 47 62 88 61 69 83 72 79 73 61 47 27 22 18 12 2 9 4 11 35 49 72 52 49 19 31 34 20 29 22 15 8 5 5 14 12 19 26 15 5 13 2 4 12 25 33 22 54 61
5 7 15 18 17 10 9 16 27 40 36 36 29 40 64 67 46 33 35 67 55 41 45 46 34 30 36 35 25 20 17 13 7 3 18 22 10 13 13 9 13 23 26 32 47 36 40 58 86 48 38 57 88 76 67 51 46 43 48 38 16 12 3 4 3 10 29 38 49 51 43 28 41 26 28 31 32 31 20 14 15 35 16 13 17 18 19 26 23 7 6 10 12 34 46 46
7 20 13 38 12 12 15 29 26 35 37 13 16 41 41 35 30 32 48 74 44 41 44 48 40 41 31 30 21 14 8 12 16 6 4 13 18 10 9 8 9 21 21 20 25 40 52 34 82 43 57 74 87 64 46 50 45 29 25 32 20 18 2 7 4 5 16 15 35 34 44 44 50 39 61 56 72 19 9 3 29 32 36 20 5 29 38 58 40 21 26 12 34 30 26 72
11 15 33 28 14 24 21 25 40 34 24 17 23 41 28 52 20 32 71 46 37 36 46 50 54 52 38 31 17 24 19 17 18 14 5 2 11 5 6 6 7 15 16 18 21 36 45 40 28 43 67 84 84 61 54 51 35 33 32 25 19 9 8 6 5 5 19 36 46 48 52 50 56 63 67 52 14 9 5 20 24 43 55 66 25 43 61 56 42 22 13 18 14 34 27 41
15 26 12 9 16 18 18 42 13 24 10 23 29 67 43 30 21 56 21 21 52 37 32 29 38 37 37 39 41 29 35 33 20 19 10 10 1 9 8 6 6 7 9 18 29 50 27 44 16 23 53 75 92 87 61 51 42 22 31 22 19 9 13 4 2 10 28 49 65 63 55 58 60 51 41 34 19 23 22 29 39 51 47 73 59 56 44 12 5 3 9 33 29 27 24 29
19 13 10 8 11 16 29 4 31 8 10 22 45 58 40 14 47 39 33 16 19 36 17 20 37 37 54 38 50 51 42 40 24 23 17 12 9 3 4 6 7 7 9 20 23 37 9 32 10 39 51 23 73 81 58 41 25 22 21 9 20 22 10 5 3 22 39 41 44 49 48 48 51 48 64 65 44 33 26 20 34 34 32 68 60 38 27 23 24 20 34 8 24 28 20 24
4 11 9 6 10 20 26 5 14 12 26 14 45 23 15 31 43 17 24 22 61 44 29 24 37 60 47 60 60 68 47 26 8 32 22 21 22 9 3 1 5 9 9 18 21 7 20 33 9 35 28 66 73 52 52 49 48 34 19 13 23 19 14 10 2 5 20 39 44 40 43 49 60 46 35 28 18 15 40 14 37 57 47 46 34 27 53 50 32 37 23 14 15 30 45 51
52 4 9 9 13 6 14 21 18 13 31 23 16 13 15 54 18 27 24 57 53 34 48 39 26 56 60 64 80 68 64 29 16 18 15 14 18 19 17 2 2 7 15 14 7 14 53 20 9 34 71 74 79 42 40 52 36 31 26 17 21 11 11 5 3 3 7 18 29 32 13 29 25 20 31 34 22 15 32 31 36 62 85 43 31 49 49 44 53 32 16 26 15 29 28 45
45 65 50 56 42 18 2 1 27 9 43 65 72 51 27 37 35 48 31 47 37 39 46 42 43 54 70 82 59 67 57 42 46 31 26 28 11 18 22 7 1 5 8 12 6 6 10 10 4 35 56 82 77 32 43 46 46 30 18 26 20 11 10 2 3 3 27 35 36 50 50 50 59 45 26 21 21 42 37 49 65 54 63 76 45 52 66 57 32 13 27 38 10 12 30 41
26 61 46 49 36 26 38 11 36 19 7 24 70 72 78 31 22 39 48 46 41 34 49 41 55 60 74 62 69 70 68 59 49 49 52 27 23 26 19 12 7 1 4 7 16 9 7 4 7 25 51 32 55 26 53 36 47 42 26 15 17 18 8 3 2 14 27 43 48 61 70 54 31 39 55 25 30 45 52 79 70 63 63 59 17 32 32 40 53 62 65 17 38 10 12 25
23 65 28 59 47 28 68 31 24 50 31 22 59 72 58 41 54 34 72 85 84 71 45 29 66 56 67 60 55 53 61 56 55 60 57 47 36 24 15 16 15 6 3 5 11 6 12 3 6 10 19 24 64 44 66 62 40 49 27 28 8 8 6 3 8 20 34 32 47 58 71 71 70 55 63 59 60 54 53 78 80 54 44 43 29 34 53 63 48 82 32 39 43 41 12 13
33 52 38 40 70 30 44 11 34 55 47 20 6 53 59 47 64 45 51 78 84 43 76 27 65 61 66 55 57 35 48 69 70 72 70 45 25 23 26 20 8 6 3 2 17 8 12 3 3 3 15 39 67 25 36 19 45 53 49 25 7 5 3 2 9 18 36 30 47 56 62 68 53 31 25 28 61 39 75 79 88 86 34 32 32 47 70 41 65 79 56 57 33 20 14 17
7 21 10 38 61 37 44 6 39 76 26 15 11 27 64 58 63 65 23 46 63 51 48 62 22 31 79 48 34 26 16 23 43 42 48 54 38 41 39 19 11 5 1 1 5 9 10 9 1 10 20 46 37 55 35 22 26 20 14 8 12 6 4 2 6 14 24 25 34 44 47 31 31 39 35 44 78 85 71 67 82 87 73 32 22 41 34 51 79 58 46 11 5 6 7 16
7 34 57 35 55 23 58 38 51 81 53 30 30 38 68 80 45 9 9 19 32 18 37 75 35 18 69 53 63 30 3 27 57 52 33 59 55 44 22 11 6 3 1 1 1 11 14 6 5 19 26 37 20 31 26 27 8 6 16 16 10 5 1 4 9 10 13 16 20 34 38 33 45 37 44 72 85 86 83 56 66 78 72 46 17 31 47 65 57 25 20 32 29 20 26 40
12 7 7 11 16 29 64 17 58 64 85 51 38 31 28 18 15 11 12 28 23 24 20 70 31 57 58 52 68 78 41 28 39 32 42 54 49 39 30 23 10 3 1 1 1 3 10 8 3 9 27 39 6 15 23 42 19 8 10 12 4 3 1 3 7 18 58 42 47 58 59 72 71 47 64 92 89 89 84 68 27 54 72 69 27 34 47 65 47 42 81 44 18 18 21 55
14 23 9 12 18 43 63 51 32 53 81 60 28 14 35 31 13 34 12 15 22 22 23 74 27 29 63 49 57 69 48 41 55 29 19 23 13 19 16 17 17 13 3 1 1 2 2 3 4 10 24 26 5 18 12 11 24 22 9 4 3 2 1 5 7 17 29 53 70 72 88 63 32 43 79 93 89 82 83 84 77 41 76 75 30 38 56 46 32 72 63 39 35 47 10 3
17 26 23 13 19 14 60 69 64 31 83 52 23 9 30 28 35 37 25 16 22 29 8 43 67 10 29 36 65 83 43 13 31 25 40 45 37 33 21 16 14 8 8 2 1 0 1 1 3 8 30 25 6 11 16 9 17 12 8 4 3 1 2 4 4 23 34 55 71 66 35 30 46 55 77 81 87 82 81 71 83 56 48 56 44 59 44 30 65 87 46 47 45 46 35 8
25 19 26 12 12 14 49 82 49 46 74 69 54 11 31 31 53 38 34 27 29 48 23 27 85 30 48 46 69 68 67 50 50 58 52 45 46 39 34 13 7 4 7 4 1 0 1 3 7 22 40 31 8 14 12 3 4 10 10 5 2 1 1 5 14 31 64 67 56 35 45 43 55 87 79 70 88 70 60 55 81 66 55 22 21 53 46 60 87 63 47 50 70 37 33 13
67 12 29 15 14 23 40 52 16 19 83 63 12 8 32 39 56 49 61 48 57 49 47 37 58 40 24 54 64 58 67 68 46 37 35 21 32 33 34 24 11 6 4 1 2 1 1 2 5 14 31 22 11 8 4 3 3 2 2 2 2 2 1 4 13 43 49 39 28 30 49 51 79 86 87 75 64 81 51 57 81 59 28 14 41 66 72 77 81 37 62 83 68 50 51 20
14 32 12 14 14 12 21 37 29 38 69 38 20 8 29 30 58 26 58 44 49 59 52 39 48 61 42 27 14 48 46 64 36 27 39 31 22 14 25 20 8 4 4 2 1 0 1 2 12 23 25 7 7 7 5 3 3 1 1 1 0 0 3 6 15 33 20 10 28 47 48 52 83 87 79 73 66 74 79 44 58 50 25 23 51 55 71 85 63 58 82 68 62 52 34 30
14 11 25 26 13 15 8 13 11 17 32 17 45 21 15 31 60 31 26 56 33 25 13 58 60 69 20 20 9 26 62 71 64 39 28 19 21 12 13 6 8 6 2 2 1 0 1 2 6 10 15 9 4 5 3 4 5 2 1 1 0 0 3 5 23 11 5 18 44 48 53 78 77 81 76 77 70 64 79 56 39 46 24 23 49 57 78 81 69 53 48 59 47 32 36 44
27 20 14 36 39 25 24 10 7 27 19 16 45 48 18 29 47 49 22 28 26 31 27 82 60 56 43 6 11 9 27 35 62 56 37 26 18 12 8 6 22 8 4 2 1 1 0 1 8 9 11 9 13 5 5 6 5 3 1 1 0 0 1 10 8 3 9 30 47 66 66 83 83 72 57 42 43 47 58 59 45 24 17 23 43 52 71 69 53 31 45 32 18 27 34 52
30 24 16 27 30 45 24 10 3 24 24 13 14 28 17 22 35 43 23 21 20 13 15 35 14 27 52 11 14 13 7 28 61 60 35 23 28 50 45 26 13 5 1 1 2 1 0 0 2 6 5 8 9 5 4 4 8 3 1 0 0 0 0 3 1 5 11 21 44 82 76 72 85 81 61 44 23 10 26 43 37 16 9 17 33 49 65 45 28 47 50 47 70 49 58 54
72 39 27 11 23 38 57 9 14 26 31 21 7 17 17 10 25 47 20 17 15 12 6 21 5 9 38 29 7 17 6 9 35 75 56 33 19 13 13 9 9 7 5 1 1 1 2 0 1 5 5 5 6 9 3 2 3 2 1 0 0 0 0 1 7 24 30 55 70 61 83 86 77 85 81 62 46 25 10 12 30 20 7 3 13 27 32 14 28 46 47 75 73 54 44 55
66 87 41 27 9 18 16 15 18 26 22 14 28 10 14 6 8 47 26 16 13 10 4 15 16 2 23 31 10 16 10 4 20 46 67 47 29 27 35 22 9 5 4 2 1 0 1 0 0 1 5 8 6 3 5 2 1 1 1 0 0 0 0 2 9 32 45 33 39 57 77 73 71 73 87 68 46 21 11 6 8 5 1 5 13 8 12 22 44 51 75 74 43 48 54 59
25 80 85 64 33 19 6 30 14 11 12 14 32 18 12 9 8 42 31 22 10 4 3 9 20 2 14 17 13 18 10 6 21 16 22 56 28 10 20 20 11 3 2 2 1 0 0 0 0 0 2 5 6 4 4 2 2 1 0 0 0 0 1 3 8 7 7 32 70 72 68 65 61 67 72 66 46 25 24 11 2 1 1 5 20 37 35 25 38 60 58 37 32 49 61 59
16 63 68 82 51 29 15 29 29 9 22 13 17 17 25 17 9 20 40 13 9 6 2 6 16 6 10 14 4 20 21 5 19 18 19 10 59 35 32 16 9 4 3 1 1 0 0 0 0 0 1 2 1 2 6 2 1 1 0 0 0 0 1 3 8 14 26 37 67 76 69 81 72 35 42 55 40 36 29 18 4 1 1 5 20 30 54 64 36 30 22 33 43 49 72 54
37 51 43 71 42 24 24 23 28 22 17 16 18 26 22 18 15 16 23 21 8 6 3 11 17 15 10 13 4 8 24 10 4 9 14 29 35 9 44 18 7 3 2 3 0 0 0 0 0 0 0 1 2 3 5 2 1 1 0 0 0 0 1 3 7 15 21 50 66 71 88 81 82 63 34 24 36 27 24 16 3 1 4 17 24 35 56 71 65 51 50 30 45 49 78 69
30 49 22 52 53 50 36 27 24 20 13 9 12 15 16 22 12 14 9 19 13 6 4 6 5 14 12 11 7 3 7 4 3 10 17 28 31 13 51 11 14 10 4 3 1 1 0 0 0 0 0 0 1 2 7 3 1 1 0 0 0 0 0 3 7 12 23 37 64 50 82 79 70 68 73 41 35 26 11 4 2 1 3 13 34 51 60 67 72 60 55 47 41 65 91 80
42 34 36 25 37 20 27 24 54 43 21 7 12 12 10 19 10 10 12 11 11 9 4 2 6 11 4 12 9 4 3 2 6 8 46 50 24 21 11 16 13 9 3 3 1 1 0 0 0 0 0 0 0 1 5 1 1 0 0 0 0 0 0 1 7 14 25 56 70 74 79 83 75 60 53 55 32 23 8 2 0 5 9 4 14 40 52 61 64 42 55 57 76 91 91 83
21 41 26 22 19 14 15 12 15 17 11 11 7 7 7 7 6 7 8 11 10 7 5 1 2 13 3 7 4 7 3 1 8 21 27 41 47 71 63 48 11 7 3 2 1 1 0 0 0 0 0 0 0 1 1 2 2 1 0 0 0 0 1 2 7 24 56 70 75 84 83 81 82 72 37 28 31 11 6 1 1 12 27 22 17 11 23 28 31 43 44 71 71 91 92 81
14 25 14 16 7 8 6 2 6 5 4 6 8 3 3 5 5 5 5 6 8 5 5 1 3 5 3 7 7 2 4 2 1 6 10 10 12 13 16 2 9 4 5 1 1 1 0 0 0 0 0 0 0 0 0 0 1 1 0 0 0 0 1 5 14 15 29 44 70 83 67 86 70 59 31 20 17 12 6 1 2 8 25 38 59 43 46 37 45 60 63 70 82 86 83 78
3 4 8 4 3 4 3 2 5 6 2 3 2 3 3 3 2 2 2 3 4 4 5 2 3 6 9 2 6 4 2 1 1 1 1 1 1 4 7 5 6 2 2 0 1 0 0 0 0 0 0 0 0 0 0 0 0 0 0 0 0 0 1 5 11 21 21 41 59 51 66 73 69 49 22 12 7 3 1 0 2 4 14 26 36 56 68 59 70 82 75 62 78 74 80 75
14 4 2 2 3 3 5 12 6 7 15 16 14 25 9 7 2 1 1 1 2 2 2 2 2 3 5 3 5 4 2 1 1 0 1 3 1 1 2 4 8 6 4 3 1 1 0 0 0 0 0 0 0 0 0 0 0 0 0 0 0 0 2 2 7 16 23 56 50 52 65 52 51 22 13 7 2 1 0 2 4 13 24 34 38 58 86 83 44 46 80 88 73 51 58 73
33 19 7 16 15 16 16 27 16 20 32 35 44 36 30 16 11 5 4 2 2 0 1 1 1 5 5 3 1 5 1 1 0 0 2 1 0 1 1 3 5 3 1 1 1 1 0 0 0 0 0 0 0 0 0 0 0 0 0 0 0 1 0 2 7 24 26 22 35 42 44 39 43 15 9 4 1 0 2 8 15 26 33 44 70 76 67 29 37 68 91 88 91 50 40 46
44 21 16 35 33 34 36 38 39 42 38 35 40 59 40 27 20 16 11 5 4 3 1 0 0 1 3 3 3 1 1 0 0 1 2 2 2 1 1 1 2 2 2 1 0 1 1 0 0 0 0 0 0 0 0 0 0 0 0 0 0 0 1 2 12 26 37 22 13 13 26 28 15 9 2 1 0 2 5 12 27 29 51 71 70 38 18 30 50 85 90 81 76 74 23 12
43 38 25 48 42 53 38 41 56 42 56 45 59 47 40 37 49 31 10 17 12 5 3 3 2 1 0 1 1 0 0 0 0 1 1 2 2 2 2 1 1 3 3 2 0 1 0 0 0 0 0 0 0 0 0 0 0 0 0 0 0 0 2 2 9 23 37 30 8 21 14 12 7 2 1 0 1 2 6 11 28 51 43 36 19 12 27 46 63 78 81 79 60 78 39 11
45 42 31 51 66 80 71 60 73 65 62 49 76 68 69 65 38 20 21 36 19 6 8 9 7 4 2 1 0 0 0 0 0 0 0 1 1 2 5 2 0 1 1 1 1 1 1 0 0 0 0 0 0 0 0 0 0 0 0 0 0 0 1 2 7 21 45 30 12 9 9 6 3 0 0 0 1 3 6 8 30 30 21 5 15 35 44 68 77 65 74 59 48 58 65 12
66 71 65 59 63 63 48 33 68 46 45 41 46 62 70 41 45 49 47 46 30 8 2 5 11 5 4 3 1 0 0 0 0 1 1 2 1 0 0 0 0 1 0 0 0 1 0 0 0 0 0 0 0 0 0 0 0 0 0 0 0 1 1 1 3 24 51 44 11 16 5 2 1 0 0 0 1 3 5 8 8 3 4 15 29 39 48 84 82 93 69 29 27 32 50 16
66 46 77 65 65 76 71 61 48 40 56 67 42 35 55 80 74 50 17 15 15 5 1 2 6 8 4 3 2 1 0 0 0 0 1 0 1 1 0 0 1 1 1 0 0 0 1 0 0 0 0 0 0 0 0 0 0 0 0 0 0 0 1 1 4 12 38 59 28 15 4 1 0 0 0 0 1 2 5 1 1 5 17 30 35 40 70 68 80 86 84 38 11 5 30 25
70 29 74 76 50 30 59 64 70 65 44 34 78 39 47 65 48 44 33 22 20 9 11 6 8 12 5 4 3 2 1 1 0 0 0 0 0 0 1 1 1 0 0 1 0 0 0 0 0 0 0 0 0 0 0 0 0 0 0 0 0 1 1 1 2 5 10 36 28 12 4 1 0 0 0 0 0 0 0 1 5 15 21 29 50 64 71 67 63 58 84 48 17 5 5 8
