sesion_6_simulaciones/modelos_agentes/ejemplos_netlogo/scenarios/cgcm2_a2/rob_2097.asc
NCOLS 322 
NROWS 307 
XLLCORNER 451900 
YLLCORNER 4086900 
CELLSIZE 100 
NODATA_value -9999 
[rows 0 to 73 of 307, columns 192 to 287 of 322]
19 20 10 5 18 41 18 7 7 11 15 6 4 4 8 5 4 4 9 9 10 11 8 10 18 29 17 34 38 64 30 11 12 3 2 3 7 7 5 17 22 10 10 35 38 37 25 33 40 43 24 23 25 30 22 29 21 63 17 15 1 2 3 8 9 4 8 8 5 10 4 2 3 6 11 4 4 9 24 5 3 4 5 8 8 6 15 11 8 9 2 5 8 30 5 1
19 9 12 11 20 36 8 13 26 15 11 8 16 15 9 9 15 3 8 13 18 11 7 8 10 38 14 20 13 25 64 37 8 5 3 2 4 6 13 10 20 6 4 13 18 20 31 25 36 66 78 49 24 22 20 26 36 46 45 5 5 3 10 7 9 6 8 6 12 4 1 7 2 7 19 6 25 12 8 11 7 11 14 10 7 3 10 13 12 10 5 8 6 10 4 3
6 19 9 9 33 22 15 7 4 13 13 16 27 31 17 32 22 19 31 35 35 19 16 10 6 9 8 3 4 9 13 42 32 8 10 5 4 3 8 3 2 4 19 34 29 42 35 35 48 50 55 38 44 24 35 59 18 23 22 8 8 7 10 4 3 12 4 4 5 7 3 4 4 6 34 7 42 20 8 17 8 7 12 14 8 2 6 7 14 8 6 17 7 20 3 1
11 10 31 47 26 12 12 13 13 33 15 28 45 33 29 47 36 20 32 51 44 43 38 24 19 13 2 4 4 2 6 12 5 9 7 7 7 3 3 2 9 17 9 10 19 47 38 36 13 19 14 13 16 40 29 38 28 11 13 16 19 5 5 9 3 17 9 9 30 6 10 9 3 2 18 7 12 12 16 17 10 10 14 19 10 2 5 14 20 7 13 10 9 22 3 1
8 7 17 3 32 37 28 29 36 26 34 18 28 30 35 51 35 44 51 59 59 40 35 39 25 36 21 33 26 7 3 1 5 4 4 7 2 1 2 4 7 8 14 19 16 21 17 24 41 49 49 34 25 20 58 56 16 16 5 5 16 11 5 8 6 17 8 6 4 2 2 2 4 2 8 8 7 18 38 45 31 7 7 20 19 14 1 11 11 24 14 9 14 28 5 1
9 7 20 14 8 11 39 12 33 29 29 33 13 33 45 49 61 53 22 30 42 30 24 37 36 39 22 37 31 12 12 8 3 2 1 1 1 2 1 2 5 10 16 29 46 59 57 58 44 25 27 25 45 49 80 45 19 18 4 25 33 23 14 10 8 19 4 7 11 9 13 10 9 7 6 9 16 15 19 12 20 38 26 17 23 15 4 7 12 14 6 10 12 12 7 1
7 4 5 17 9 7 43 11 8 20 25 67 36 17 43 60 49 57 27 11 21 40 47 59 35 36 41 31 35 32 25 19 19 17 10 3 5 7 3 1 4 10 21 29 57 35 35 43 54 40 48 80 37 56 69 32 17 26 12 23 29 23 18 18 19 11 17 18 17 5 10 10 10 17 16 8 2 10 22 24 17 37 20 10 7 22 8 6 8 7 7 14 21 25 5 4
5 4 4 7 21 17 31 45 11 5 13 20 58 16 7 24 16 30 33 19 15 31 17 35 32 29 35 27 40 36 34 35 32 33 30 14 19 9 4 2 6 21 32 41 48 48 46 69 82 75 72 35 64 57 64 34 15 5 9 12 13 7 6 3 3 12 10 8 24 9 8 7 11 15 17 10 3 15 29 14 38 58 35 11 5 28 15 8 9 19 15 21 37 17 7 5
10 9 10 6 13 11 24 53 54 22 11 12 27 46 25 17 12 39 47 31 26 44 14 27 55 40 34 39 41 51 49 48 49 45 31 29 15 7 2 5 12 18 34 39 64 58 43 55 69 75 53 41 77 56 54 20 8 32 45 25 26 17 31 14 11 35 12 12 4 5 8 8 11 13 10 6 4 8 11 23 38 49 28 19 8 11 12 6 6 23 19 29 15 28 9 17
7 10 12 7 7 4 20 20 58 38 32 20 20 32 38 18 19 16 51 47 45 54 22 25 45 45 36 33 27 42 11 30 50 49 38 19 11 8 4 5 5 12 26 36 56 30 28 71 47 38 30 86 65 61 35 17 24 42 36 45 29 69 53 13 29 9 15 17 16 5 6 12 14 8 6 4 3 7 30 12 7 32 34 30 17 7 16 5 8 10 12 33 22 24 15 41
9 10 13 15 7 4 3 4 8 28 19 14 12 42 28 21 31 8 19 47 35 59 64 24 32 29 58 37 15 34 47 16 6 6 13 31 17 10 5 6 9 14 33 56 23 50 56 60 22 30 73 78 51 56 22 15 21 29 21 38 65 71 19 12 10 13 13 13 24 15 27 15 17 15 9 7 3 3 9 17 16 47 69 31 37 15 9 14 4 14 33 12 21 13 16 65
24 15 8 11 13 12 9 6 5 6 8 9 17 20 19 17 14 30 22 25 52 58 52 34 8 22 54 43 20 20 45 49 11 4 5 7 24 11 1 5 28 34 38 19 10 12 43 14 26 63 85 75 51 34 13 36 28 20 26 74 55 40 7 9 12 12 25 16 14 21 19 17 22 28 24 18 7 4 15 14 19 71 37 58 34 28 14 7 6 24 21 11 32 9 36 69
34 21 19 35 28 29 26 16 29 20 20 16 9 9 10 12 15 49 43 21 18 38 35 33 8 21 34 29 24 10 11 28 10 3 1 2 10 17 2 6 23 27 24 39 36 33 62 15 41 78 71 44 11 32 52 53 51 56 77 70 8 11 11 6 6 5 8 7 20 11 6 12 28 34 37 21 9 2 14 23 56 50 17 34 47 31 20 5 6 24 19 15 36 11 36 44
60 52 40 49 44 37 30 28 28 32 35 42 21 19 14 14 12 9 10 10 18 16 10 18 16 24 27 28 11 6 9 18 17 12 2 1 5 12 9 11 11 23 19 11 12 48 28 22 56 44 29 10 22 40 42 42 61 62 45 7 26 32 21 12 13 6 4 5 13 10 20 37 27 19 22 24 12 3 9 19 51 18 14 37 67 34 26 13 5 10 11 16 22 12 32 26
14 56 55 63 51 47 24 34 19 22 39 35 30 34 38 38 35 20 7 9 7 6 5 14 18 17 14 9 4 2 9 12 13 9 2 2 8 15 17 10 10 12 18 10 6 16 14 21 26 21 7 14 25 30 40 44 43 9 26 29 34 24 39 65 61 46 34 13 13 21 37 19 33 30 16 13 8 4 11 22 28 13 8 57 69 68 40 45 24 6 10 16 13 16 42 35
32 52 67 36 53 74 47 22 40 31 24 39 38 49 56 45 43 21 17 18 14 8 4 4 14 9 4 3 2 2 2 11 16 19 11 4 6 10 10 14 9 11 11 7 3 5 22 29 17 11 25 19 19 28 29 33 12 38 33 30 38 58 67 46 47 54 15 12 26 5 27 58 28 22 27 33 33 20 9 24 26 14 5 12 40 68 21 15 21 24 6 22 10 16 46 43
68 23 73 47 48 66 78 79 40 17 30 30 53 50 50 44 51 45 36 36 33 31 16 8 5 6 14 15 9 6 2 2 3 6 11 9 9 9 9 16 9 8 6 6 5 3 5 5 17 37 25 46 39 26 17 35 39 38 36 30 57 50 67 48 48 26 11 31 17 25 18 7 40 13 35 45 52 34 26 9 42 23 16 4 14 45 58 19 7 11 5 6 14 23 18 21
40 13 61 35 61 65 72 40 77 76 53 56 57 25 29 30 47 51 42 38 37 36 32 16 14 15 28 22 17 13 2 1 1 1 3 7 8 7 8 9 8 8 5 3 1 7 17 32 37 31 37 57 50 48 24 34 32 54 50 47 73 58 51 34 17 19 25 31 22 15 8 8 34 31 42 48 47 53 39 14 9 21 21 16 5 22 35 26 20 3 10 1 14 20 9 10
39 35 46 46 35 63 68 40 49 79 50 71 83 61 43 36 52 67 69 57 57 40 23 18 28 18 33 29 42 16 16 15 15 8 6 4 6 4 7 6 4 2 1 3 11 19 37 38 33 38 50 55 48 34 49 49 47 45 37 47 65 32 13 7 17 17 15 56 30 10 13 7 33 39 8 22 60 43 54 44 12 8 39 24 15 5 23 28 26 13 2 2 19 9 2 2
46 18 30 47 33 48 77 43 31 66 73 82 84 73 76 66 27 45 48 64 45 40 37 31 35 33 33 43 41 39 27 22 21 19 14 8 4 3 3 2 1 1 6 12 34 30 36 48 28 47 55 41 56 51 51 46 13 9 24 44 71 34 9 24 35 27 45 43 23 21 15 5 9 41 28 7 22 32 46 49 45 15 14 29 21 7 4 16 30 22 2 1 11 2 10 18
74 37 39 42 14 39 69 44 60 47 69 57 76 46 60 65 29 21 45 67 47 60 40 26 55 47 35 28 33 30 24 14 18 16 22 14 10 5 2 1 1 4 13 30 35 41 23 22 48 66 46 47 61 65 74 61 33 23 32 49 55 14 13 32 33 23 25 9 24 32 18 4 6 18 42 20 8 13 69 37 37 18 7 17 20 5 8 21 14 15 1 2 2 3 21 38
57 19 50 48 20 16 42 72 23 48 80 75 80 59 53 32 34 10 24 72 68 50 38 37 25 28 12 11 18 16 21 19 12 11 21 19 11 9 5 1 3 11 18 26 20 34 31 46 45 41 32 42 44 74 75 75 67 53 39 41 24 10 21 30 40 36 28 14 17 29 12 6 6 14 41 25 10 12 25 48 39 30 13 8 24 8 13 18 10 4 4 14 5 12 34 45
74 26 68 72 41 28 32 54 25 26 80 67 55 34 19 41 35 31 11 26 34 55 72 73 44 16 33 20 9 14 13 11 7 9 13 23 17 6 2 1 2 14 28 31 14 18 10 23 13 16 13 33 49 33 54 74 49 31 20 66 25 9 22 24 21 31 51 24 26 9 6 7 15 33 55 25 13 19 30 64 38 20 12 5 11 17 13 18 7 3 12 42 21 21 20 36
68 58 51 74 23 36 41 56 50 25 27 22 27 57 28 21 46 44 23 32 37 38 65 55 48 20 28 34 22 7 8 7 7 6 8 11 15 7 3 1 4 6 5 13 10 6 13 15 25 22 15 31 23 32 30 20 13 26 57 42 10 19 26 19 28 53 24 21 28 13 6 10 17 36 39 19 22 17 35 55 42 47 24 7 5 9 12 17 3 6 15 12 32 38 20 24
40 33 49 49 34 16 49 62 38 15 33 21 22 42 50 29 36 42 36 16 17 24 34 27 25 18 23 36 31 13 8 5 4 5 5 7 5 10 4 1 1 5 13 15 20 29 34 32 26 29 39 20 12 7 8 15 26 32 67 33 9 33 20 15 38 64 25 34 34 16 10 12 22 48 32 19 34 21 30 47 41 42 40 25 8 4 13 7 3 23 25 23 22 23 52 19
21 27 18 44 23 11 54 62 37 17 14 23 22 16 41 39 23 18 26 26 13 12 20 24 20 18 11 28 47 12 8 5 2 1 2 1 5 4 7 2 3 6 6 9 20 22 33 15 15 31 29 41 32 44 28 29 33 55 57 7 14 24 13 10 35 48 32 28 26 20 10 10 27 55 22 35 36 18 14 28 30 40 29 13 15 4 3 8 20 38 39 37 40 25 15 41
14 17 10 13 9 28 46 39 23 12 7 13 13 8 7 23 28 25 23 24 11 10 12 16 6 9 10 11 14 20 17 4 2 1 1 2 4 2 5 3 2 2 3 7 11 16 11 15 26 25 40 38 31 39 47 62 69 79 35 7 17 18 12 21 62 43 15 28 34 19 12 9 22 55 22 21 25 29 8 16 29 40 17 12 5 4 7 24 42 41 40 31 36 47 55 23
9 8 4 2 3 4 6 9 7 5 4 3 3 2 3 5 8 7 13 19 10 8 7 6 3 4 13 10 9 11 14 11 10 4 1 2 3 2 5 2 2 1 3 4 7 9 21 19 17 44 30 34 37 40 53 78 67 53 10 21 26 15 31 48 80 28 41 21 19 22 20 14 34 56 32 21 25 34 9 15 27 37 25 30 13 2 9 20 23 16 14 11 10 14 25 31
3 5 6 6 3 1 1 2 2 1 1 1 1 1 1 1 2 1 3 5 7 5 4 2 3 4 11 10 8 6 6 6 4 3 5 3 1 2 3 2 2 4 16 17 18 21 34 54 20 38 26 25 30 27 70 62 35 9 22 30 25 20 41 71 34 18 37 20 21 25 19 10 23 49 67 38 31 24 10 13 27 43 35 22 11 2 8 10 7 19 19 24 24 19 17 30
7 14 12 20 12 4 4 3 3 10 10 11 12 13 21 12 10 9 3 1 2 1 1 2 1 6 6 4 6 4 3 2 4 4 2 2 1 0 1 2 5 17 18 20 24 36 40 26 49 33 26 22 32 35 71 29 16 22 32 32 22 22 42 72 29 17 18 31 20 10 8 13 42 54 28 53 39 25 10 7 38 32 41 21 9 2 9 19 33 42 21 33 39 31 23 9
14 22 22 25 20 6 7 22 14 24 24 29 27 29 28 28 25 21 18 9 5 4 4 1 1 1 1 2 5 2 2 2 3 3 2 2 0 0 1 4 16 18 22 35 41 49 46 37 44 62 59 53 36 51 33 17 6 35 28 32 15 23 53 62 30 13 20 29 24 19 5 13 53 24 21 63 53 34 16 7 22 19 35 20 5 5 19 19 22 31 26 22 12 12 14 28
28 29 27 30 18 13 14 29 28 28 27 32 45 33 42 41 32 27 23 23 15 21 16 7 6 5 3 1 1 1 1 1 1 2 2 1 1 2 4 17 19 20 24 29 42 49 54 69 53 54 36 75 58 34 39 33 13 32 36 47 38 30 60 22 10 31 39 19 33 16 5 14 23 27 17 64 38 35 16 11 24 21 21 17 4 12 37 43 42 28 21 9 16 17 17 28
48 46 33 45 32 18 18 24 24 30 50 48 48 53 49 33 33 29 27 27 25 29 25 16 15 14 7 5 3 3 5 7 3 1 1 1 0 1 4 15 16 22 23 31 47 49 61 63 50 51 36 25 46 44 52 11 29 35 27 40 27 35 42 47 45 25 19 15 46 34 14 9 28 22 35 68 35 30 25 11 12 21 18 7 12 24 37 58 57 49 45 24 26 34 36 65
48 49 53 37 34 33 21 35 46 51 55 49 53 41 49 40 35 36 32 45 40 39 26 21 19 30 15 12 6 7 22 7 4 1 0 0 0 1 4 9 8 13 21 25 37 57 34 15 65 58 44 30 48 54 11 10 24 27 25 40 48 52 57 28 20 18 29 23 21 29 22 13 33 27 35 48 44 48 27 11 10 16 9 8 20 26 25 25 16 15 15 28 35 38 72 75
47 48 56 55 53 25 23 37 49 58 56 50 52 50 48 49 38 59 49 48 28 20 21 23 25 22 18 15 15 19 7 5 2 2 2 1 1 1 3 9 10 18 34 24 18 26 22 36 35 43 44 15 33 8 16 9 14 19 19 35 54 61 37 55 34 17 18 19 19 32 38 14 18 25 38 42 47 27 22 12 6 10 10 14 32 15 16 23 39 40 34 30 20 64 49 59
58 73 60 30 49 27 40 40 65 54 50 51 49 67 69 52 55 52 38 54 34 30 16 38 39 19 20 21 37 11 5 4 4 3 5 3 3 3 5 7 18 24 33 13 20 25 24 39 34 32 22 16 21 8 15 7 18 35 39 49 38 27 44 58 22 12 11 13 27 26 24 15 11 23 26 51 49 35 24 11 5 6 15 32 45 44 36 29 34 24 21 50 56 69 49 29
65 78 44 45 61 36 30 61 58 68 37 55 67 57 73 58 37 27 55 45 40 36 13 48 18 16 26 36 12 6 8 13 11 10 7 7 7 5 2 3 11 16 10 11 13 29 55 53 42 28 23 14 13 13 20 27 37 26 20 22 24 32 37 57 28 15 17 16 14 12 15 20 10 22 38 34 30 42 26 11 5 20 39 28 39 57 52 53 47 46 23 43 44 46 51 25
50 68 36 38 60 36 37 65 56 63 27 50 68 54 70 42 39 42 56 61 49 25 28 18 21 35 56 11 8 15 14 13 13 11 10 7 6 6 2 2 2 3 6 10 24 48 49 32 54 22 17 10 25 21 25 17 13 8 23 25 19 41 40 34 16 53 57 46 33 32 20 20 10 19 23 18 27 30 13 4 9 33 53 62 57 63 66 59 45 45 43 52 23 12 47 34
58 32 34 33 52 27 33 61 73 56 22 55 68 62 61 64 39 57 76 62 44 23 43 25 43 47 12 13 23 20 14 14 24 14 18 10 10 10 10 5 7 6 5 14 48 33 48 15 20 35 13 15 31 26 26 21 15 25 55 55 44 42 73 40 50 38 50 53 30 23 22 20 11 8 14 23 15 23 6 2 14 27 29 47 46 26 44 17 12 15 10 70 54 30 26 14
81 59 41 28 43 22 45 57 81 44 25 41 57 62 66 40 36 82 56 19 25 53 48 40 47 26 23 26 37 37 21 26 24 22 11 17 12 20 13 12 7 3 1 4 22 19 21 8 6 6 5 15 22 35 28 44 46 45 31 42 60 53 35 58 50 48 22 42 66 33 18 12 10 4 10 14 9 14 8 8 21 34 33 34 29 15 20 27 39 58 71 87 67 33 25 12
66 66 31 39 41 20 33 53 66 40 21 39 72 71 39 58 44 50 22 17 32 65 73 58 44 47 32 31 40 29 25 49 32 11 12 23 16 26 23 12 9 6 4 4 1 3 2 2 7 17 29 30 43 43 41 51 38 32 54 73 76 74 54 60 15 77 64 24 24 63 58 43 28 14 3 11 11 6 5 8 20 19 19 32 22 25 52 56 45 40 53 75 46 35 26 14
62 40 22 38 31 28 19 46 57 29 19 36 69 62 49 46 28 19 7 28 51 63 52 28 26 15 14 51 47 31 42 43 25 13 17 26 28 29 26 8 9 7 9 7 7 3 1 4 10 14 24 25 36 35 30 31 40 57 44 84 76 48 42 80 58 37 74 41 23 16 32 36 43 39 19 10 6 5 4 7 23 23 17 20 30 43 54 53 50 64 50 64 58 47 28 12
49 31 13 36 24 24 18 22 31 12 11 28 40 22 25 30 10 17 14 34 59 31 28 34 22 24 18 57 51 34 63 41 18 25 23 34 37 49 36 19 16 7 15 12 9 4 1 2 9 11 11 19 37 33 47 54 32 59 63 83 33 13 46 79 48 51 38 71 38 11 16 22 39 31 32 28 9 5 2 6 16 21 21 17 22 39 71 47 37 77 50 49 56 25 15 12
22 15 9 22 12 11 15 11 25 24 18 24 20 17 32 36 29 39 22 33 50 33 32 33 26 23 23 56 53 38 60 39 35 32 30 44 42 41 19 22 33 22 16 8 4 2 1 1 5 12 12 25 40 35 34 43 26 44 72 47 32 20 67 79 64 24 19 27 50 27 16 14 18 13 35 16 11 5 3 5 11 20 25 19 49 64 78 52 47 75 47 23 30 45 15 7
12 3 12 15 11 24 28 60 52 79 72 69 18 38 47 46 51 22 24 48 42 28 30 20 25 34 23 50 53 58 45 40 37 41 40 52 65 43 30 25 54 37 8 4 4 1 1 1 9 12 28 30 33 36 21 24 44 68 80 37 26 30 46 78 72 53 23 8 45 47 28 14 13 15 44 15 7 5 3 11 16 26 28 36 40 31 34 29 45 43 55 44 43 38 10 2
7 6 8 13 58 60 70 73 46 54 65 72 73 59 27 31 23 18 26 25 15 26 25 31 44 36 36 67 55 75 43 44 40 50 55 70 73 42 44 39 51 25 14 8 6 8 6 1 4 15 14 23 20 16 18 33 51 64 58 50 27 27 31 85 54 51 48 6 35 55 43 14 12 13 15 28 11 3 3 12 14 25 42 48 42 31 33 23 32 31 39 28 22 10 3 7
11 18 6 10 20 26 59 23 27 28 50 58 43 62 29 24 27 44 36 22 22 28 27 39 63 46 38 63 61 55 38 53 44 55 51 67 54 46 59 30 17 15 24 21 17 17 9 4 2 5 19 15 16 26 25 11 38 34 45 75 41 37 49 64 49 14 46 21 27 33 30 28 17 9 6 56 10 2 5 9 20 27 22 51 35 30 31 23 21 12 13 9 7 8 12 26
29 51 18 14 35 31 40 38 29 50 52 45 61 74 74 51 60 46 30 26 37 36 41 39 53 41 37 62 62 36 48 48 50 53 66 71 59 51 23 13 12 24 24 23 31 21 19 5 2 1 6 14 18 28 27 18 35 40 28 41 40 41 46 61 67 16 32 33 21 46 33 18 20 12 13 13 9 1 4 9 17 21 39 51 30 33 25 21 29 9 7 5 6 13 26 29
20 47 65 30 10 18 33 40 61 44 35 35 73 44 50 88 82 23 38 38 43 39 43 36 43 38 44 68 53 45 46 45 54 68 71 48 23 21 33 31 39 37 33 25 38 34 24 7 2 1 1 24 16 13 29 22 41 32 26 30 36 24 26 42 73 16 13 27 19 19 24 14 12 11 9 10 6 4 3 8 12 18 56 36 16 13 13 16 15 2 3 11 13 18 27 25
58 59 66 67 28 8 18 58 60 53 13 16 39 49 74 80 64 80 82 55 35 60 53 23 42 34 55 50 49 44 49 42 60 73 78 45 42 36 52 49 64 65 46 47 55 28 13 4 1 0 1 2 4 8 28 23 41 37 24 24 21 10 4 17 51 27 17 16 16 14 15 22 14 12 7 6 5 3 3 8 14 18 25 20 11 10 6 7 3 9 11 14 27 33 25 24
36 25 40 80 25 27 20 21 27 34 26 8 32 79 85 80 62 50 76 60 61 71 59 34 50 52 69 63 60 70 51 51 57 57 55 37 41 51 53 59 29 30 59 77 30 18 14 5 1 1 2 2 2 2 12 30 36 51 20 23 19 10 6 38 54 24 25 15 14 15 18 19 10 6 8 6 5 3 4 10 10 21 19 8 6 4 6 13 13 24 27 30 31 33 17 19
20 41 37 80 78 20 27 18 24 22 30 16 42 50 53 60 73 83 58 22 56 22 70 81 91 83 76 55 75 58 68 45 43 25 74 63 67 59 36 35 15 4 58 51 44 29 24 14 6 10 10 6 2 1 2 6 8 18 10 17 13 8 9 24 35 37 24 16 16 4 5 8 11 5 3 3 5 3 3 5 11 12 11 8 4 8 19 19 28 22 26 44 36 27 23 19
13 28 30 40 77 70 40 19 20 23 22 22 41 65 75 77 39 79 75 36 64 59 33 52 68 48 63 39 69 29 19 47 32 31 55 87 73 54 35 76 42 42 50 50 56 35 19 16 22 24 16 7 1 1 1 1 1 5 3 14 13 6 15 28 25 36 24 14 11 9 8 8 7 5 3 2 4 2 1 2 4 5 7 5 3 10 13 19 25 25 28 25 60 34 21 12
6 14 24 6 35 85 38 26 14 14 22 30 25 39 49 61 65 77 57 59 68 47 17 54 68 46 47 44 50 69 53 62 53 35 43 80 87 91 89 86 74 61 59 68 60 40 34 27 47 17 10 11 9 8 6 5 2 1 1 3 4 6 8 24 27 27 23 15 9 8 5 4 4 3 2 1 2 1 1 1 2 3 1 2 2 3 5 15 24 13 18 32 32 30 15 28
14 9 18 51 37 63 81 39 40 18 11 16 20 27 58 46 70 82 20 31 75 68 31 17 80 81 56 40 56 67 34 35 43 34 32 61 81 83 77 53 68 68 44 51 56 57 68 64 37 9 19 27 23 21 20 28 24 6 2 3 2 3 4 7 14 32 18 14 6 8 5 2 4 3 3 1 1 1 1 1 1 2 5 8 10 6 8 9 20 23 21 22 27 27 39 40
25 8 7 36 59 68 85 70 36 34 25 21 20 29 27 19 52 39 29 66 89 45 26 17 26 72 42 52 47 66 64 48 53 52 48 83 72 50 42 34 43 24 21 74 49 70 81 77 48 37 46 34 31 21 17 6 9 6 4 3 2 2 4 5 4 13 17 12 9 7 4 1 1 1 2 1 1 0 0 1 1 3 4 7 13 24 23 24 30 29 24 32 30 28 24 40
39 29 24 15 21 25 39 71 40 50 33 21 18 24 40 19 44 29 56 45 83 45 30 27 16 35 37 47 23 63 69 40 41 44 57 75 72 37 25 38 34 26 27 42 59 48 45 29 33 35 27 28 26 26 30 8 5 8 3 2 2 2 4 4 3 6 10 12 7 3 2 1 1 1 2 1 0 0 1 2 2 4 8 12 5 4 15 49 20 36 38 40 42 33 39 45
22 23 46 20 19 49 48 73 74 58 51 23 20 16 20 26 32 38 33 50 76 84 61 38 14 15 31 10 26 62 72 49 38 45 39 40 45 33 25 31 28 26 26 29 65 42 45 28 19 16 16 6 9 8 18 10 3 8 4 2 2 2 2 2 3 4 6 5 4 3 2 1 1 1 1 0 0 0 1 2 2 3 3 4 4 11 33 39 44 48 45 41 43 52 43 51
41 36 17 14 18 30 44 58 74 54 40 33 16 10 14 27 14 20 42 80 71 75 64 56 36 11 41 38 14 20 56 40 46 39 20 23 31 55 25 22 28 19 14 24 45 44 52 34 25 16 15 10 3 5 8 10 4 8 6 2 1 1 1 1 2 3 3 2 4 2 2 1 1 1 0 0 0 1 1 2 1 2 3 7 11 19 23 43 25 24 20 20 32 45 43 26
54 55 25 13 5 31 28 46 65 68 34 33 21 18 22 24 13 41 66 80 49 52 62 32 27 25 15 28 38 8 34 48 28 31 18 31 28 19 22 22 31 25 10 11 22 41 52 40 36 25 22 11 7 3 3 5 4 5 9 4 2 1 1 1 1 2 2 2 2 1 1 1 0 0 0 0 0 1 1 1 1 3 3 8 15 16 24 26 24 18 15 28 34 32 27 27
58 53 35 30 10 12 29 39 76 32 38 23 16 16 15 18 15 34 71 50 11 35 82 35 25 29 14 19 20 34 29 27 22 22 24 15 14 8 9 19 32 16 9 9 11 23 49 33 42 24 16 12 6 4 1 2 3 2 4 3 1 1 1 0 1 1 1 1 1 1 1 0 0 0 0 1 1 1 1 2 2 4 10 14 10 14 33 31 23 23 29 25 28 35 35 20
55 53 38 21 21 15 29 34 72 39 15 34 26 15 13 12 11 49 50 30 53 61 73 59 33 20 24 38 14 44 32 26 28 15 26 13 16 14 4 13 8 7 10 23 32 38 45 38 56 51 37 20 8 5 1 1 2 2 2 3 2 1 0 0 0 0 1 1 1 1 1 0 0 0 0 1 1 1 1 2 2 3 4 5 9 13 18 27 33 36 36 31 34 20 33 33
49 39 32 23 22 23 14 23 42 66 35 19 27 15 13 11 15 37 30 39 33 49 71 57 37 46 20 25 28 48 24 18 21 20 11 8 15 13 11 9 4 5 9 43 25 23 43 28 45 48 49 25 15 10 3 1 1 1 2 2 2 1 0 0 0 0 1 1 1 1 0 0 0 0 1 1 1 1 1 1 3 3 7 6 7 7 17 23 23 25 27 48 35 42 56 36
43 46 28 21 24 22 21 24 29 45 47 18 14 14 13 14 14 17 23 30 35 51 78 52 46 29 40 21 24 39 22 8 13 12 15 7 8 11 6 4 3 7 25 43 10 25 29 17 38 35 32 33 25 16 13 6 2 1 1 1 1 1 0 0 0 0 1 1 0 0 0 0 0 0 0 1 1 1 2 1 4 5 6 4 4 7 10 9 16 29 22 32 28 16 28 31
84 64 49 19 15 21 17 21 25 39 49 28 23 15 17 12 11 15 16 13 38 41 66 51 27 22 24 27 22 15 29 10 9 11 9 12 9 9 3 4 15 18 26 10 11 19 13 17 24 31 38 36 48 30 20 12 7 2 0 0 1 1 0 0 0 0 0 0 0 0 0 0 0 0 1 1 1 0 1 1 2 2 3 3 2 4 5 7 11 17 29 45 27 25 28 8
52 81 67 44 23 13 11 19 24 30 63 35 24 13 9 8 10 6 12 13 26 35 55 58 28 20 15 17 20 19 19 26 15 7 6 13 8 4 2 7 14 34 18 9 12 15 12 10 25 31 18 19 23 31 26 15 8 5 2 0 0 0 0 0 0 0 0 0 0 0 0 0 0 0 1 1 1 1 2 1 2 2 1 2 3 6 6 7 10 21 24 30 24 23 22 30
25 84 38 76 55 41 13 14 15 31 48 26 20 10 8 6 3 4 11 14 28 44 34 54 44 29 21 13 13 18 16 21 15 11 5 9 3 2 4 5 19 18 18 6 7 15 5 7 24 33 15 14 17 18 44 26 14 7 5 1 0 0 0 0 0 0 0 0 0 0 0 0 0 0 1 1 1 2 2 2 1 1 2 3 6 6 5 6 16 18 18 13 17 27 26 25
45 50 35 72 50 50 31 8 11 13 31 29 11 11 6 3 3 4 12 24 11 10 50 54 57 43 32 30 10 7 8 11 9 7 3 3 2 1 2 5 17 7 6 5 4 19 5 8 30 29 18 6 4 3 26 19 14 7 3 2 1 0 0 0 0 0 0 0 0 0 0 0 0 0 1 1 2 3 3 4 6 8 5 8 9 8 6 5 10 11 13 22 33 35 36 33
52 47 42 35 44 25 54 17 5 6 14 17 11 6 4 2 2 7 10 10 22 49 62 63 67 48 31 19 15 7 11 12 8 7 5 4 2 2 5 10 8 6 4 4 7 23 12 14 38 32 31 8 3 1 5 4 8 7 3 2 1 0 0 0 0 0 0 0 0 0 0 0 0 0 0 1 2 3 7 6 8 11 16 12 11 9 6 9 17 11 12 14 17 12 18 20
51 41 47 35 40 15 24 35 5 4 12 15 19 5 3 1 2 4 11 21 41 45 59 51 54 60 27 16 15 11 10 8 7 5 3 2 1 2 3 10 6 3 3 3 3 7 8 7 24 36 20 10 11 2 2 5 3 3 3 2 1 1 0 0 0 0 0 0 0 0 0 0 1 1 1 1 2 5 5 13 16 14 12 17 14 15 15 29 21 7 9 7 11 27 25 28
41 51 54 37 19 14 13 15 9 3 7 11 14 4 2 0 2 5 18 40 28 16 48 39 38 48 29 17 14 10 7 5 5 4 2 1 1 2 7 9 4 3 2 1 2 10 3 8 30 12 16 8 6 3 3 4 4 3 2 2 1 1 0 0 0 0 0 0 0 0 0 0 0 1 1 3 3 7 11 10 21 30 33 34 37 29 32 29 19 15 14 16 11 13 28 26
25 20 29 32 16 16 8 8 8 5 3 5 6 4 1 0 3 9 16 17 21 18 35 57 19 23 20 25 9 7 6 5 3 3 3 1 1 5 12 3 2 1 1 1 3 6 7 37 48 6 3 14 5 3 2 2 4 2 2 1 1 1 0 0 0 0 0 0 0 0 0 0 0 1 1 2 3 2 3 7 13 16 18 26 42 32 43 40 31 30 18 19 29 24 20 21
10 12 11 13 12 8 7 7 7 5 2 2 2 3 1 1 3 5 7 8 15 13 10 17 15 15 11 13 6 4 3 3 2 2 1 1 2 5 3 2 2 1 0 1 3 6 13 10 32 9 3 7 8 3 3 4 3 2 1 1 1 1 0 0 0 0 0 0 0 0 0 0 0 0 1 1 2 3 2 3 6 9 15 15 39 35 50 55 40 49 43 43 36 35 27 48
13 14 14 11 8 6 5 2 2 2 1 0 1 2 1 1 2 3 3 5 9 5 5 9 10 10 8 6 9 4 3 3 2 1 1 1 2 3 3 3 1 0 2 4 7 11 4 3 5 7 5 4 4 4 4 2 2 1 1 1 0 0 0 0 0 0 0 0 0 0 0 0 0 0 0 1 1 4 4 4 5 8 7 12 21 29 25 30 67 63 33 57 49 49 32 39
