sesion_6_simulaciones/modelos_agentes/ejemplos_netlogo/scenarios/cgcm2_a2/rob_2054.asc
NCOLS 322 
NROWS 307 
XLLCORNER 451900 
YLLCORNER 4086900 
CELLSIZE 100 
NODATA_value -9999 
[rows 222 to 295 of 307, columns 192 to 287 of 322]
1 1 1 0 1 1 1 0 0 0 0 0 0 0 0 0 0 0 0 0 0 1 3 2 1 1 1 1 2 3 1 2 7 9 9 7 14 31 31 38 43 37 41 61 42 53 55 37 47 60 54 49 21 20 27 28 27 52 66 65 46 37 46 27 55 77 64 54 71 75 31 13 4 1 0 0 0 0 0 0 0 0 0 0 0 0 0 0 0 0 1 1 1 1 2 1
5 4 2 1 1 0 0 0 0 0 0 0 0 0 0 0 0 0 0 0 0 1 3 5 2 3 3 2 5 6 3 4 9 12 13 9 17 13 23 28 37 32 41 61 49 36 52 37 48 43 41 27 30 24 15 19 26 40 34 34 27 39 44 27 29 57 45 35 56 64 31 9 3 1 0 0 0 0 0 0 0 0 0 0 0 0 0 0 0 0 1 1 1 1 2 3
6 4 3 2 1 1 1 0 0 0 0 0 0 0 0 0 0 0 0 0 1 2 4 9 7 5 5 7 8 15 15 8 11 13 16 10 19 9 23 25 21 30 38 58 66 34 47 46 26 23 31 31 43 15 8 25 27 46 24 43 42 44 45 38 12 13 3 2 5 35 41 9 2 0 0 0 0 0 0 0 0 0 0 0 0 0 0 0 0 0 1 1 1 2 2 6
3 2 2 1 1 0 0 0 0 0 0 0 0 0 0 0 0 0 0 0 1 1 3 7 12 13 8 12 10 20 46 29 18 18 9 12 15 15 34 20 19 20 33 39 57 52 23 34 13 14 14 11 25 25 6 20 25 21 33 52 56 48 53 42 14 16 9 10 3 4 15 5 1 1 0 0 0 0 0 0 0 0 0 0 0 0 0 0 0 0 1 2 2 2 3 4
3 2 1 0 0 0 0 0 0 0 0 0 0 0 0 0 0 1 1 1 1 1 4 5 14 32 19 17 20 14 31 46 20 29 21 25 30 32 21 23 14 20 21 23 28 36 28 48 39 13 40 37 21 15 8 16 53 46 48 52 64 51 45 26 18 16 19 24 9 5 4 1 1 1 1 1 0 0 0 0 0 0 0 0 0 0 0 0 0 0 1 0 2 3 2 4
2 3 2 1 1 0 0 0 0 0 0 0 0 0 0 0 1 0 1 3 3 4 5 7 13 36 50 28 44 24 33 48 33 22 40 43 34 31 29 27 8 13 13 22 33 38 48 59 70 31 29 31 25 11 17 22 37 32 47 55 54 37 33 22 42 30 36 24 10 6 2 1 1 2 1 1 1 1 0 0 0 0 0 0 0 0 0 0 0 0 0 1 1 1 3 5
3 1 1 1 0 0 0 0 0 0 0 0 0 0 0 0 0 1 2 3 6 13 22 15 20 32 66 28 46 28 34 49 18 20 40 42 46 42 34 31 20 21 19 15 35 40 40 58 54 55 44 34 28 17 43 54 51 50 59 70 51 29 32 45 70 57 28 15 9 4 4 3 4 3 4 2 1 1 0 0 0 0 0 0 0 0 0 0 0 0 1 1 1 1 1 5
3 1 1 0 0 0 0 0 0 0 0 0 0 0 0 0 0 0 1 2 3 9 23 45 40 36 59 58 66 37 58 30 18 18 29 48 50 50 29 30 32 34 21 20 26 42 43 43 40 38 54 51 32 31 37 34 53 35 43 18 32 55 56 77 67 41 27 15 16 14 9 7 6 7 2 1 1 1 0 0 0 0 1 0 0 0 1 1 0 0 1 1 2 2 3 5
1 1 1 0 0 0 0 0 0 0 0 0 0 0 0 0 1 0 1 2 5 9 23 28 47 50 66 71 64 35 50 23 19 45 31 45 52 39 35 43 40 45 22 24 43 44 54 46 57 32 35 34 29 11 19 13 75 46 25 39 50 50 54 42 25 19 19 18 12 14 19 17 9 2 1 1 0 0 0 0 0 0 1 0 0 0 1 3 0 0 0 1 2 1 3 5
0 0 0 0 0 0 0 0 0 0 0 0 0 0 0 1 1 1 2 4 5 11 25 38 39 49 59 59 62 58 66 35 26 38 50 40 51 44 39 40 43 30 35 23 25 29 46 54 51 41 23 25 20 21 34 32 11 76 80 55 34 18 34 28 35 26 17 10 5 18 40 19 6 2 1 0 0 0 0 0 0 0 1 0 1 0 1 1 2 0 1 1 2 2 2 5
0 0 0 0 0 0 0 0 0 0 0 0 0 0 1 1 1 1 3 3 4 18 35 49 38 46 60 56 76 82 53 43 44 57 36 53 53 50 47 44 43 39 53 19 37 33 44 42 32 16 36 24 32 34 41 57 41 32 41 47 26 44 27 27 22 23 19 6 11 22 21 7 5 3 1 0 0 0 0 0 0 0 0 1 1 0 0 1 4 1 1 1 2 2 2 3
0 0 0 0 0 0 0 0 0 0 0 0 0 0 0 1 1 2 4 11 7 10 45 40 60 48 57 66 27 80 58 53 45 61 49 40 46 56 48 47 47 39 65 23 23 61 43 40 38 28 48 26 28 48 55 24 50 48 30 14 26 15 22 25 22 20 12 34 23 8 12 4 3 2 1 0 0 0 0 0 0 0 0 1 1 1 0 1 2 2 2 1 1 4 3 3
0 0 0 0 0 0 0 0 0 0 0 0 0 0 0 0 1 1 4 11 19 29 58 44 62 66 70 65 72 65 83 50 43 55 46 24 32 52 56 62 48 23 44 52 14 30 37 60 37 40 50 38 28 39 30 29 16 17 23 39 32 32 28 40 17 17 24 11 7 10 7 4 2 1 0 0 0 0 0 0 0 0 1 1 2 2 1 1 2 3 8 3 1 2 6 6
0 0 0 0 0 0 0 0 0 0 0 0 0 0 0 0 1 2 4 8 23 20 36 12 30 54 51 25 27 52 77 44 52 81 45 47 53 61 39 15 28 14 45 51 16 39 56 38 16 32 48 45 29 36 26 14 42 45 49 35 19 26 53 61 39 29 42 36 24 13 6 3 1 0 0 0 0 0 1 0 0 0 1 1 2 2 3 1 3 2 1 5 2 2 3 5
0 0 0 0 0 0 0 0 0 0 0 0 0 0 0 0 1 1 3 6 11 9 10 34 32 37 27 34 44 51 67 66 70 72 63 58 55 51 49 28 37 34 38 54 14 26 45 41 25 22 27 40 35 29 12 31 46 21 26 33 35 57 64 64 62 53 29 15 19 9 18 5 1 0 0 0 0 1 1 0 1 1 1 1 1 2 2 5 4 4 2 7 4 1 2 2
0 0 0 0 0 0 0 0 0 0 0 0 0 0 0 0 0 1 1 2 4 22 25 20 32 46 43 35 42 55 55 54 67 69 48 54 50 53 56 24 53 44 35 55 12 18 41 34 48 47 23 22 48 35 23 32 32 25 54 39 65 48 47 67 76 41 27 9 22 6 3 2 0 0 0 0 0 1 1 1 1 1 1 1 1 1 2 6 13 15 3 3 4 2 4 8
0 0 0 0 0 0 0 0 0 0 0 0 0 0 0 0 0 0 1 2 4 8 16 14 14 28 44 34 48 36 49 55 57 74 60 67 51 64 44 47 27 39 23 42 14 12 24 25 31 45 49 25 25 9 27 14 12 39 42 35 43 33 56 57 56 63 24 6 3 3 2 0 0 0 1 1 0 1 2 2 3 1 1 1 2 1 1 1 1 4 12 11 6 4 5 8
0 0 0 0 0 0 0 0 0 0 0 0 0 0 0 0 1 0 0 2 5 9 8 16 23 40 31 28 37 39 24 30 51 45 41 62 36 60 46 41 41 40 73 48 21 23 37 55 29 20 25 25 8 34 11 17 33 62 53 74 71 52 33 37 29 17 17 14 5 2 0 0 0 1 1 2 1 1 2 4 3 4 2 2 2 1 2 2 2 3 7 7 6 23 7 11
0 0 0 0 0 0 0 0 0 0 0 0 0 0 0 0 1 1 1 1 2 2 4 7 11 21 20 19 22 28 43 43 29 25 18 69 46 72 37 51 39 35 76 55 39 25 58 45 46 38 22 50 22 49 34 48 48 21 36 41 45 37 20 28 34 20 20 6 5 2 1 0 1 1 1 2 3 1 1 2 3 6 3 4 2 1 2 3 1 0 1 1 2 8 16 8
0 0 0 0 0 0 0 0 0 0 0 0 0 1 1 1 1 2 1 3 6 9 17 24 30 29 34 51 57 44 45 61 59 44 56 51 72 63 41 46 37 29 23 60 35 15 29 37 46 33 40 53 62 68 89 80 80 69 70 46 43 42 44 49 33 17 11 6 4 1 0 0 1 1 2 2 3 2 3 6 3 9 5 7 3 2 2 4 5 1 3 3 2 2 2 5
0 0 0 0 0 0 0 0 0 0 0 0 0 1 1 1 0 1 3 7 14 14 23 36 52 63 63 53 73 57 48 47 44 30 20 22 45 48 53 43 45 19 22 52 24 18 19 36 22 36 9 7 10 14 34 49 85 85 65 61 45 39 18 39 23 13 9 5 1 1 0 0 1 2 1 2 3 6 4 7 4 2 11 10 5 2 2 7 5 2 3 6 5 10 15 23
0 0 0 0 0 0 0 0 0 0 0 0 1 1 1 2 0 0 1 3 9 23 11 31 30 48 59 47 10 27 46 35 25 25 34 44 48 31 58 25 38 24 10 41 29 33 12 12 11 27 24 17 16 14 15 13 33 62 74 74 79 40 31 19 13 9 8 6 3 1 0 1 2 2 2 3 10 8 8 9 9 3 4 18 8 3 3 4 5 4 6 3 9 12 18 26
0 0 0 0 0 0 0 0 0 0 0 0 0 1 1 1 1 0 1 2 4 8 7 19 18 19 21 14 12 15 26 26 26 36 32 21 36 52 46 10 28 34 10 25 26 10 6 31 27 24 45 28 36 38 37 41 42 56 48 36 47 75 51 34 24 18 15 5 3 1 1 2 3 6 6 4 9 12 9 7 6 7 3 10 16 8 8 3 9 5 9 10 7 14 16 11
0 0 0 0 0 0 0 0 0 0 0 0 0 1 1 1 2 0 0 0 2 2 5 7 10 23 23 30 38 27 38 24 26 41 35 30 29 21 11 14 27 38 67 40 19 21 8 19 24 22 42 53 29 46 60 35 29 26 28 19 19 31 45 40 29 14 12 6 2 0 1 3 4 6 7 8 6 19 11 20 10 16 10 10 33 13 17 6 11 11 11 21 12 13 12 19
0 0 0 0 0 1 0 0 1 0 0 0 1 1 2 1 2 1 1 1 1 1 4 6 12 19 26 26 31 49 45 51 46 64 24 19 23 31 30 27 56 54 21 23 50 26 16 19 19 55 61 22 43 39 30 33 48 41 48 28 22 17 16 17 16 10 5 4 1 1 1 4 4 8 6 7 7 12 17 24 17 10 19 10 37 11 12 14 9 24 14 13 16 10 13 13
0 0 1 0 1 0 0 1 1 1 0 0 1 1 3 8 1 1 1 3 3 5 3 5 9 11 21 16 21 35 40 34 31 32 35 37 30 41 40 28 17 14 10 7 14 30 35 20 55 68 20 12 16 43 41 38 32 41 27 23 25 17 13 8 7 5 4 2 1 2 3 5 5 6 7 8 9 14 21 17 18 16 18 32 41 12 15 17 11 25 16 7 20 8 5 11
0 0 0 1 1 0 1 1 2 2 1 0 0 1 3 3 1 1 1 2 5 6 5 4 4 4 12 18 22 33 25 25 32 32 32 31 31 26 25 25 19 13 10 8 14 7 12 44 17 41 18 17 17 15 27 76 50 52 40 31 21 17 12 8 6 5 3 1 1 1 4 5 4 6 6 13 17 11 14 31 24 30 31 31 41 25 28 11 30 23 7 12 17 7 10 15
1 1 1 2 1 1 1 1 2 3 1 0 1 1 3 6 3 1 1 5 8 12 7 10 10 4 7 13 17 14 23 17 26 30 30 19 18 10 14 18 33 33 34 29 27 39 31 11 6 14 22 43 44 36 40 24 37 38 48 42 29 16 11 9 6 5 3 1 1 3 5 6 8 8 15 14 12 21 13 12 20 22 25 37 17 73 32 12 22 21 5 14 11 23 13 19
1 1 1 2 1 1 1 2 2 3 1 1 1 2 4 5 5 1 3 7 8 19 11 13 14 19 12 10 8 10 13 24 41 34 14 32 15 32 19 21 26 34 21 17 16 24 12 14 25 40 45 37 44 38 47 16 13 14 13 23 19 19 14 11 9 8 5 2 1 4 5 4 9 12 15 6 12 9 22 9 15 13 26 17 38 64 20 14 33 12 7 15 14 20 26 25
1 1 2 2 2 2 1 1 3 7 1 2 2 3 4 7 1 1 4 7 15 23 29 17 35 22 24 24 15 17 11 46 55 36 42 27 23 32 22 18 32 14 24 12 20 21 18 18 17 42 39 28 42 45 40 16 29 35 33 37 29 24 22 22 15 13 7 3 1 5 6 6 15 10 13 25 23 16 9 18 13 20 24 33 28 50 39 33 32 14 13 21 12 13 6 30
0 1 3 3 3 2 1 2 4 5 1 3 4 10 12 4 1 1 5 8 10 27 28 34 22 26 43 33 30 30 33 43 58 53 43 47 46 29 50 30 16 26 10 7 8 16 15 19 18 24 29 34 39 32 44 43 43 49 47 49 47 46 28 18 10 6 5 1 2 7 11 8 18 21 15 17 25 18 20 7 28 9 13 30 34 51 59 67 30 17 26 21 25 27 18 40
1 1 4 4 7 4 2 2 7 6 2 2 6 14 8 1 1 2 5 8 17 24 28 32 38 29 44 37 52 54 54 42 23 30 42 42 41 21 37 36 35 25 14 13 28 17 14 32 12 10 13 23 42 58 41 42 60 57 53 34 48 27 12 14 13 9 3 2 2 6 16 9 16 21 27 20 28 18 24 18 15 33 17 6 10 31 52 65 30 39 29 26 23 40 16 18
1 2 2 4 12 6 3 4 5 8 2 2 6 16 5 2 1 3 8 9 11 15 20 29 48 31 38 36 32 53 58 45 46 36 36 23 31 33 40 30 29 18 16 22 40 26 23 24 8 7 11 36 49 31 59 63 33 38 26 25 18 15 23 22 10 8 6 2 2 4 19 13 13 16 20 29 23 23 11 23 11 38 23 18 10 9 26 41 52 66 36 31 25 34 12 16
2 4 3 3 5 13 4 6 13 3 2 2 4 20 8 2 1 5 8 10 20 30 31 48 49 44 25 31 50 47 28 57 76 61 32 31 24 28 40 28 16 27 28 20 23 12 17 13 30 22 30 36 40 53 60 46 56 35 37 36 29 23 18 12 11 9 4 2 2 6 7 27 15 14 18 21 37 34 23 42 15 14 25 23 17 16 16 31 52 55 37 37 32 34 19 28
2 3 8 7 3 9 3 8 26 4 4 8 11 14 4 3 0 2 11 14 29 23 29 51 52 50 44 19 15 18 28 27 31 14 17 29 44 29 28 44 34 25 18 15 11 7 10 13 35 36 40 42 50 54 69 63 59 46 37 42 32 33 31 16 13 12 4 4 4 12 15 15 30 13 17 21 44 37 26 20 32 17 13 34 32 19 23 24 40 49 58 37 32 22 35 18
3 4 10 16 6 17 4 9 30 11 5 13 16 8 3 1 1 2 5 15 31 36 30 33 44 59 42 20 25 22 26 27 35 27 20 12 25 34 43 41 26 23 11 16 18 10 17 8 3 7 39 33 27 45 43 33 32 54 50 41 42 21 19 17 12 11 9 2 5 13 17 16 18 7 23 24 26 43 55 43 42 24 18 17 33 22 18 31 46 79 70 36 24 21 35 17
4 4 5 19 8 15 8 7 12 16 7 19 15 3 1 2 3 4 9 20 24 28 40 24 35 47 62 28 22 23 35 33 32 33 27 35 25 31 19 10 13 24 14 14 23 14 13 4 17 24 28 47 73 60 40 65 60 74 50 36 40 37 31 26 22 11 9 5 8 16 15 26 37 15 15 40 31 48 39 35 52 20 29 31 53 23 14 20 16 33 58 32 32 16 49 35
3 4 3 10 28 12 20 8 27 11 26 10 3 1 3 4 7 4 22 32 17 27 33 38 17 33 53 65 35 37 22 35 28 17 14 15 23 16 13 12 14 7 6 3 11 6 10 7 22 21 19 41 35 52 60 58 38 58 34 26 29 31 29 23 12 10 7 13 14 17 23 29 7 22 33 42 39 29 44 28 64 26 31 23 29 47 34 37 44 36 44 28 51 20 30 50
10 6 4 6 12 25 26 13 44 17 15 3 2 4 5 9 9 6 8 8 19 23 33 54 49 31 34 17 41 56 22 36 19 16 25 28 31 19 18 15 11 11 22 15 7 3 3 4 16 27 33 36 48 35 47 42 38 33 22 8 21 26 23 18 9 8 8 15 17 18 23 37 12 11 6 11 35 53 68 25 55 44 32 33 21 18 56 30 43 43 36 52 20 22 37 51
7 13 8 6 6 15 40 18 17 6 3 1 3 6 14 19 19 7 9 12 21 27 25 10 17 14 20 36 13 21 42 59 39 41 14 30 11 17 18 4 7 8 7 5 5 21 8 7 15 24 34 22 23 33 34 37 27 43 30 33 41 29 24 14 20 18 11 19 19 22 21 36 12 22 14 19 19 16 38 34 29 54 35 39 23 45 47 15 40 55 56 46 18 24 23 27
8 15 10 15 23 31 31 15 14 3 5 4 6 15 15 22 25 16 18 20 24 27 22 19 16 23 20 14 17 31 17 25 29 56 28 49 12 11 12 13 12 8 10 12 6 5 10 8 17 29 45 21 24 31 44 22 43 61 66 56 45 29 28 27 22 20 22 32 22 22 24 30 16 29 26 21 34 31 36 54 22 55 34 55 21 20 43 10 20 28 55 35 14 26 28 53
10 19 14 20 28 38 28 6 3 2 7 7 14 18 19 27 17 39 33 22 27 27 26 31 35 27 28 17 22 44 18 13 8 10 11 32 40 30 24 43 29 25 15 13 12 7 3 11 32 27 35 14 16 32 34 39 53 72 38 42 49 29 30 24 23 22 26 39 24 25 28 29 28 29 40 24 35 34 34 33 51 77 46 54 38 13 47 27 11 16 35 44 26 31 24 9
13 27 29 25 57 33 7 4 7 8 16 14 12 23 22 34 13 24 54 16 32 24 15 23 32 38 17 26 30 33 56 20 15 8 9 6 8 6 13 36 41 20 23 17 15 11 7 10 25 20 18 16 24 29 49 51 48 45 45 30 48 38 25 9 28 16 17 49 29 28 42 30 45 29 41 35 33 40 34 28 28 17 61 61 50 18 24 23 11 11 20 47 25 36 42 31
16 23 50 41 49 8 9 8 9 17 20 20 29 42 13 25 15 25 30 51 20 38 15 13 20 35 36 35 31 22 13 29 14 16 12 9 9 9 9 12 18 10 8 13 6 3 5 14 14 15 16 15 14 26 44 59 28 53 69 56 26 22 14 8 40 26 26 44 36 28 45 33 60 43 41 46 32 32 46 31 24 18 45 42 49 22 12 49 14 16 26 43 46 44 27 32
11 28 56 66 33 5 10 19 21 21 37 44 22 30 18 18 38 17 30 28 23 29 21 20 22 30 26 45 31 36 38 25 35 21 18 13 9 9 8 12 14 7 6 6 8 6 10 27 12 16 14 11 20 37 55 49 74 51 40 53 31 17 6 17 23 48 30 33 41 28 37 33 53 47 30 45 45 31 33 49 39 13 24 54 61 26 8 30 23 17 29 20 63 46 23 64
14 34 61 35 5 7 24 21 16 43 33 58 18 36 20 16 23 58 18 31 47 30 41 18 19 35 41 32 31 48 29 28 50 13 18 15 12 14 4 13 10 5 13 16 13 11 23 17 20 25 28 31 31 29 37 49 54 43 46 37 32 16 9 25 21 34 30 32 43 30 32 37 34 53 30 32 57 30 33 36 50 17 27 31 49 26 12 22 32 23 17 15 17 38 32 25
17 48 41 21 10 16 29 29 19 35 19 55 22 37 46 18 42 59 14 42 57 21 53 18 18 37 43 45 19 15 49 13 13 31 43 24 6 12 6 11 6 4 5 6 8 10 12 20 28 33 24 20 15 22 23 31 40 44 32 50 34 21 18 28 35 40 20 27 39 41 27 25 18 41 30 30 40 38 32 27 13 13 38 23 48 25 16 9 23 39 9 21 42 38 39 8
19 42 39 27 15 17 37 52 18 24 24 46 20 32 59 26 41 58 25 24 35 37 38 22 18 22 22 34 36 35 15 21 10 9 3 34 27 8 6 7 5 7 11 10 12 12 10 15 22 37 28 32 23 31 24 29 17 30 34 19 18 30 28 30 28 36 40 31 35 41 18 30 19 29 35 29 38 17 14 33 16 17 15 21 51 56 19 10 21 33 6 11 36 45 46 24
43 40 50 21 17 27 30 40 20 30 28 33 38 24 53 23 20 50 26 19 20 18 64 39 17 15 19 18 23 26 45 28 8 19 4 6 30 8 4 7 4 16 18 17 8 13 4 11 21 38 43 23 22 12 15 30 41 59 36 17 9 28 29 29 30 31 52 21 36 45 17 27 28 32 47 6 26 34 16 14 28 14 14 15 24 44 13 10 14 34 10 10 13 42 67 53
74 39 16 17 27 29 31 36 22 56 35 19 44 22 59 22 20 35 30 16 20 34 50 27 14 21 16 33 34 33 25 28 19 25 3 8 9 22 3 5 10 16 8 12 11 13 7 3 14 30 37 44 31 20 29 34 43 57 48 21 10 40 29 20 29 29 41 28 19 45 28 15 17 46 40 17 14 15 38 10 22 40 18 18 60 39 8 24 3 44 24 8 7 6 16 23
18 10 20 17 27 30 47 43 37 46 31 21 70 19 22 50 25 52 35 14 17 27 27 56 23 26 13 28 34 32 22 13 21 40 8 10 6 38 5 5 6 7 6 7 6 14 11 15 16 41 37 26 45 26 22 19 17 42 43 10 16 27 32 18 32 28 26 41 20 47 35 21 24 20 37 16 15 23 21 20 9 6 38 16 25 44 15 37 8 24 54 12 27 17 10 8
38 21 43 32 28 33 55 32 60 41 16 26 51 27 28 54 17 23 56 11 30 24 18 45 13 27 23 20 22 25 33 30 6 19 10 11 7 7 21 6 2 9 8 15 11 6 5 16 29 29 49 41 12 21 22 4 19 25 19 8 21 49 39 16 14 41 17 34 16 23 66 15 31 31 19 22 20 19 33 23 24 12 14 27 9 40 52 40 13 20 75 12 16 11 23 9
64 37 21 37 39 41 36 34 56 31 27 29 22 26 26 34 19 17 50 20 27 21 9 20 31 25 23 14 16 15 21 21 27 8 11 27 8 6 13 19 5 15 9 12 14 11 12 6 26 11 7 6 7 18 18 42 29 15 21 18 13 36 23 18 18 29 43 13 37 12 41 13 25 39 9 14 36 11 17 25 32 17 11 4 9 7 36 57 18 14 44 21 16 12 21 16
83 44 30 29 32 38 17 34 45 14 33 29 26 27 20 40 20 19 36 14 13 33 12 5 4 11 11 6 25 39 19 20 31 4 8 2 16 6 8 47 5 7 7 12 13 8 18 11 55 21 16 10 11 11 35 45 23 6 8 30 13 11 31 17 30 18 52 12 51 10 23 27 17 24 11 33 18 15 10 12 20 26 20 10 9 9 6 11 38 51 38 28 18 11 28 15
63 27 17 36 22 23 21 23 46 13 25 19 21 46 20 46 21 43 20 12 10 25 18 9 9 11 12 12 17 19 38 35 9 7 4 4 3 15 5 45 3 3 3 9 9 6 18 7 6 15 20 22 5 27 40 35 21 13 5 35 20 16 8 32 29 28 43 12 43 18 11 18 30 43 16 11 19 7 16 4 5 18 9 13 8 6 9 5 6 14 50 24 11 14 30 18
74 28 58 28 29 21 21 21 20 15 28 26 13 53 50 14 31 27 30 24 21 11 19 15 19 24 14 21 10 10 14 14 13 8 3 6 3 5 10 22 7 2 5 3 6 7 7 23 5 6 12 12 20 52 45 29 21 18 5 12 28 13 22 17 23 45 26 32 8 31 46 8 39 58 19 4 15 6 8 5 16 12 18 17 4 3 4 7 7 6 15 29 23 7 29 7
66 46 20 21 21 25 34 22 24 13 18 17 25 35 34 11 13 14 14 4 17 12 16 22 31 24 18 25 23 5 7 11 33 19 5 3 16 4 3 9 16 2 6 4 7 17 14 10 5 7 8 11 31 37 36 20 5 16 15 8 27 12 17 20 8 18 14 17 11 15 45 11 28 31 2 5 8 15 11 8 2 19 2 6 12 1 1 3 9 9 16 4 35 10 17 6
14 45 14 24 24 20 26 17 54 15 17 19 18 6 31 16 17 7 26 11 9 17 18 19 21 11 22 31 24 3 7 9 14 19 17 10 6 13 3 3 21 2 4 3 3 22 28 11 9 7 12 26 33 31 36 13 9 18 13 15 31 14 7 8 17 12 11 29 9 14 39 21 47 16 2 9 4 1 5 14 3 8 6 7 17 4 6 4 5 5 5 11 20 19 27 3
26 59 16 18 11 22 27 26 14 26 19 15 20 8 19 11 16 9 52 15 6 10 14 44 12 10 17 26 23 5 8 7 19 11 21 10 5 5 11 3 20 3 3 2 3 9 6 12 3 20 16 28 33 36 17 6 11 18 14 18 36 19 30 11 11 20 9 29 8 12 10 16 36 3 3 2 4 3 8 6 5 2 1 9 10 11 9 7 4 4 3 2 5 28 13 3
25 63 37 5 12 14 37 24 13 32 21 10 7 12 9 16 5 24 9 4 7 14 21 13 28 12 9 11 11 9 5 16 15 13 11 12 8 10 12 4 25 2 4 4 3 4 11 31 16 7 24 42 44 32 4 11 19 25 15 21 12 32 13 33 19 8 7 15 5 13 16 29 16 14 8 8 1 8 13 5 10 3 1 5 6 18 14 5 4 3 3 3 1 7 15 14
10 29 42 5 20 9 22 34 11 28 16 8 2 13 6 24 8 19 13 17 6 7 18 21 18 9 6 9 13 18 2 6 10 21 14 5 8 17 6 11 20 7 4 9 5 4 3 24 32 25 40 45 35 8 13 22 25 21 16 24 27 22 7 19 28 3 6 5 12 4 12 18 11 21 8 7 5 13 10 2 19 21 5 7 2 2 7 7 4 6 1 4 4 19 5 12
14 26 37 10 12 4 10 10 14 14 15 5 2 9 10 49 11 8 11 3 9 16 17 21 11 5 4 4 12 9 6 9 18 10 4 2 7 15 14 5 11 7 5 11 8 6 11 49 41 61 63 51 5 8 11 11 17 20 16 20 33 8 22 15 14 32 51 6 4 2 3 27 5 18 15 11 8 18 13 10 14 37 7 9 4 2 7 8 21 17 7 3 25 6 7 23
12 14 45 19 20 7 6 12 4 20 17 11 5 7 4 15 12 6 11 6 10 12 8 8 9 4 21 4 8 16 7 7 18 18 6 5 13 5 5 9 2 5 2 8 24 46 68 43 44 45 20 3 8 11 18 14 16 16 13 8 11 6 16 11 3 24 6 1 1 5 7 8 23 6 21 12 13 14 28 12 18 24 6 17 5 5 5 5 5 10 11 19 5 18 24 37
13 7 4 45 7 5 2 2 2 12 29 7 7 4 6 18 3 5 16 4 6 9 7 6 3 7 3 3 1 13 5 7 8 9 6 8 7 6 2 5 2 4 2 42 40 42 73 79 42 11 3 8 8 12 13 12 15 16 13 3 1 2 16 22 29 33 3 3 2 12 21 10 12 3 25 8 21 9 16 6 8 21 9 16 8 10 2 2 4 3 2 4 12 5 22 24
13 14 5 48 2 7 9 3 11 1 15 5 5 10 8 27 6 10 14 9 3 6 7 19 2 6 2 15 2 2 5 8 14 10 3 6 21 9 3 4 9 50 62 64 72 34 52 76 51 1 5 10 9 9 2 9 10 10 10 1 1 10 36 37 33 10 5 14 14 7 22 22 4 6 9 12 27 20 33 41 44 24 8 12 18 12 12 0 4 5 6 3 6 12 25 19
10 9 4 50 6 2 3 4 21 1 4 15 5 5 5 19 4 8 16 7 4 5 5 18 3 4 3 6 9 9 4 7 9 7 7 15 8 6 6 18 40 67 79 66 76 77 68 51 2 4 13 8 10 11 3 7 17 17 6 3 2 14 30 23 11 8 12 12 13 11 17 33 42 9 6 10 11 15 19 9 5 13 17 34 25 19 3 2 9 2 12 9 6 16 36 11
8 7 4 15 13 21 5 4 18 4 4 15 1 4 3 4 6 6 10 6 2 1 1 11 2 5 12 7 15 4 4 7 5 13 5 12 6 2 9 25 22 10 52 71 75 60 3 4 8 5 6 4 9 10 5 2 3 48 7 13 6 10 7 23 18 8 19 16 11 31 28 25 3 8 8 18 19 14 12 9 12 12 19 15 17 4 10 5 4 1 5 12 4 10 32 10
7 7 3 5 23 7 5 2 10 2 2 8 4 1 1 1 4 1 11 4 4 1 2 2 5 8 11 6 7 4 11 8 9 4 7 8 6 2 10 21 9 34 19 11 7 3 11 15 10 10 5 5 4 0 4 9 4 14 15 9 7 9 3 10 5 6 7 22 32 41 10 3 7 11 12 14 32 14 31 13 18 19 19 15 20 3 6 5 9 1 12 8 6 6 9 3
6 6 5 2 22 2 3 4 14 5 2 3 10 2 1 2 2 2 7 7 2 2 2 7 12 6 5 8 3 5 5 6 7 9 6 4 8 4 21 20 63 54 16 3 10 11 2 5 6 2 3 0 4 1 5 9 4 27 10 3 6 6 12 8 2 7 13 36 26 1 4 1 4 12 30 30 16 16 7 14 16 13 17 26 7 8 9 8 4 1 15 7 7 8 5 1
3 3 6 14 3 2 4 3 6 2 2 1 8 3 2 2 1 3 2 10 2 1 1 3 8 8 8 5 2 5 2 5 4 10 3 5 10 6 18 13 14 23 4 10 11 6 5 8 16 7 2 0 1 1 7 13 2 11 7 6 6 5 12 3 2 4 17 22 2 1 2 7 3 3 7 26 24 27 5 9 13 14 17 9 11 8 9 9 12 2 6 7 3 2 3 3
13 2 4 18 22 1 3 2 8 2 3 1 4 2 3 0 3 1 3 2 2 1 1 4 4 11 7 2 2 2 1 2 6 2 6 3 4 4 16 8 15 23 5 9 3 12 2 1 4 9 6 1 0 2 1 3 10 4 9 1 1 14 7 2 4 13 18 23 2 0 1 7 5 5 7 13 20 9 5 6 11 16 14 23 7 10 17 6 4 2 6 6 4 2 2 2
6 2 0 1 4 2 2 2 4 2 1 0 1 3 2 0 1 2 3 1 1 1 1 6 5 4 7 1 3 3 1 1 1 4 6 5 6 38 16 59 51 24 4 2 2 9 6 4 2 7 4 4 1 2 3 2 16 11 1 0 0 8 6 4 15 20 19 17 1 3 4 10 22 2 6 14 11 7 4 5 13 7 9 3 5 20 7 7 2 3 2 2 2 1 3 0
2 3 1 3 1 6 2 1 0 1 2 1 0 1 0 1 2 1 11 0 1 2 2 5 2 2 1 1 2 1 2 1 2 2 3 8 16 24 51 34 13 41 8 2 3 5 1 1 1 4 5 4 2 1 3 5 3 20 3 2 3 16 5 2 7 15 9 16 3 5 7 8 11 2 3 6 4 15 6 5 1 1 1 3 2 6 2 3 2 1 1 1 0 1 0 1
2 5 6 3 0 1 1 4 0 1 1 1 1 1 2 1 1 1 2 0 0 1 3 2 3 1 2 1 2 1 1 1 1 3 5 24 39 61 74 30 7 2 7 8 3 1 5 17 3 9 11 2 4 7 5 8 2 5 1 5 2 16 2 6 9 6 9 17 3 4 6 8 6 1 1 1 7 7 23 7 2 1 4 5 1 2 2 2 1 1 0 1 0 0 1 1
