sesion_6_simulaciones/modelos_agentes/ejemplos_netlogo/scenarios/cgcm2_a2/rob_2054.asc
NCOLS 322 
NROWS 307 
XLLCORNER 451900 
YLLCORNER 4086900 
CELLSIZE 100 
NODATA_value -9999 
[rows 222 to 295 of 307, columns 96 to 191 of 322]
1 0 0 0 0 0 0 0 0 0 0 0 0 0 0 0 0 0 0 0 0 0 0 0 0 0 1 1 0 0 0 0 1 1 0 0 0 0 0 0 0 0 0 1 1 1 2 6 10 14 18 21 26 36 38 45 53 64 79 78 80 85 62 78 53 67 53 48 54 47 35 36 25 29 42 44 50 27 29 21 57 44 39 32 33 18 38 52 61 37 25 24 12 7 7 3
0 0 0 0 0 0 0 0 0 0 0 0 0 0 0 0 0 0 0 0 0 0 0 0 0 0 0 0 2 0 0 1 2 0 0 0 0 0 0 0 0 0 0 0 1 1 2 3 6 9 15 11 19 29 42 67 71 51 35 46 49 50 46 53 81 36 38 37 60 51 41 56 25 29 48 41 45 24 44 54 47 80 52 43 35 34 22 21 46 71 51 41 31 14 8 6
0 0 0 0 0 0 0 0 0 0 0 0 0 0 0 0 0 0 0 0 0 0 0 0 0 0 0 0 1 1 1 1 0 0 0 0 0 0 0 0 0 0 0 0 0 1 1 2 4 7 10 14 31 20 40 57 36 34 37 37 15 44 44 38 39 59 22 57 57 48 63 54 18 24 30 42 34 33 46 57 43 29 60 57 37 37 39 20 15 43 73 51 41 20 17 10
0 0 0 0 0 0 0 0 0 0 0 0 0 0 0 0 0 0 0 0 0 0 0 0 0 1 0 1 1 3 2 0 0 0 0 0 0 0 0 0 0 0 0 0 0 1 1 2 3 5 7 12 24 27 16 16 22 25 25 23 49 66 39 48 56 86 75 53 60 56 68 58 37 31 42 54 43 43 56 63 51 28 13 27 63 62 37 33 24 17 47 46 30 25 11 8
0 0 0 0 0 0 0 0 0 0 0 0 0 0 0 0 0 0 0 0 1 0 0 0 0 1 1 1 2 2 1 0 0 0 0 0 0 0 0 0 0 0 0 0 0 1 1 2 3 4 9 18 18 18 23 23 39 33 28 37 20 31 56 51 54 88 65 69 30 69 54 58 41 30 49 62 55 36 53 78 45 40 56 40 37 20 23 36 28 31 14 18 22 13 5 6
0 0 0 0 0 0 0 0 0 0 0 0 0 0 0 0 0 0 0 0 0 1 0 1 0 1 2 3 2 1 0 0 0 0 0 0 0 0 0 0 0 0 0 0 1 1 1 2 3 4 6 7 6 12 16 24 46 44 40 23 27 42 41 53 75 56 55 66 79 59 50 59 57 16 21 42 44 59 71 36 74 61 78 55 72 40 51 37 22 13 12 19 12 7 4 2
0 0 0 0 0 0 0 0 0 0 0 0 0 0 0 0 0 0 0 0 0 0 1 2 1 1 2 4 2 0 1 0 0 0 0 0 0 0 0 0 0 0 0 0 0 1 1 1 3 4 8 9 11 15 14 28 38 62 39 36 26 49 63 78 58 49 55 53 39 52 65 40 31 14 22 38 56 52 80 60 31 25 43 62 44 49 38 33 17 17 12 7 5 7 5 5
0 0 0 0 0 0 0 0 0 0 0 0 0 0 0 0 0 0 0 0 0 0 0 2 1 1 2 10 3 1 2 1 0 0 0 0 0 0 0 0 0 0 0 0 0 0 0 1 2 3 5 6 9 9 22 31 21 22 18 36 24 24 31 45 29 17 32 45 32 47 22 45 37 23 40 25 26 60 38 47 39 29 29 36 21 23 31 34 16 15 7 4 4 3 2 2
0 0 0 0 0 0 0 0 0 0 0 0 0 0 0 0 0 0 0 1 1 1 0 1 3 1 1 5 8 8 2 1 1 0 0 0 0 0 0 0 0 0 0 0 1 1 1 1 1 2 2 3 6 9 16 11 13 14 18 19 23 24 28 34 37 51 55 63 51 53 62 61 42 18 34 48 24 52 47 52 54 48 37 59 36 15 17 11 8 10 4 3 2 3 2 1
0 0 0 0 0 0 0 0 0 0 0 0 0 0 0 0 0 0 0 1 1 1 1 1 1 2 1 2 10 6 3 1 1 0 0 0 0 0 0 0 0 0 1 0 1 1 1 1 2 2 3 4 5 6 4 6 5 6 6 7 9 9 11 33 44 46 28 48 50 48 45 42 39 23 24 44 47 41 45 68 55 54 52 51 36 27 14 11 7 8 6 3 2 1 2 1
0 0 0 0 0 0 0 0 0 0 0 0 0 0 0 0 0 0 0 1 1 1 0 1 6 3 1 2 7 7 4 2 0 0 0 0 0 0 0 0 0 1 1 2 1 1 1 2 4 5 9 8 5 4 4 6 5 7 15 18 14 23 20 17 15 19 26 29 32 46 61 67 67 22 36 31 62 51 57 40 40 51 53 41 38 50 34 15 9 4 3 2 2 1 1 0
0 0 0 0 0 0 0 0 0 0 0 0 0 0 0 0 0 0 0 1 1 2 0 1 2 4 4 5 11 9 5 2 1 0 0 0 0 0 0 0 0 1 1 1 2 3 2 1 3 7 10 17 12 6 8 12 21 24 29 45 40 39 33 26 35 53 36 33 27 44 63 65 64 59 41 60 74 40 62 38 62 62 47 60 41 30 31 26 27 7 2 1 1 1 0 0
1 0 0 0 0 0 0 0 0 0 0 0 0 0 0 0 0 0 0 1 1 1 1 1 2 2 11 9 5 3 2 1 0 0 0 0 0 0 0 0 1 1 1 1 2 2 3 7 3 5 8 10 13 19 17 23 27 35 53 48 36 39 48 38 27 22 38 46 26 35 21 21 22 18 53 19 39 74 49 38 17 33 68 63 38 33 43 19 17 6 7 2 1 1 1 1
1 0 0 0 0 0 0 0 0 0 0 0 0 0 0 0 0 0 0 1 2 2 2 1 1 3 5 14 4 2 1 0 0 0 0 0 0 0 0 1 1 1 1 1 2 3 4 5 10 7 10 12 20 37 21 24 34 38 42 53 51 64 60 58 44 27 41 42 56 41 45 38 41 33 75 33 21 26 30 29 18 8 62 69 48 45 48 45 18 13 9 5 3 3 1 0
1 1 0 0 0 0 0 0 0 0 0 0 0 0 0 0 0 0 0 1 1 2 6 2 1 4 4 14 5 2 1 0 0 0 0 0 0 0 1 1 1 1 1 2 3 5 11 8 12 21 18 28 26 28 30 27 32 37 64 56 62 57 52 66 65 42 33 38 43 35 71 43 33 42 46 55 44 58 54 42 39 25 16 51 47 47 53 36 14 8 3 3 3 1 1 1
2 1 0 0 0 0 0 0 0 0 0 0 0 0 0 0 0 0 0 0 1 3 2 4 1 2 5 10 4 2 1 1 0 0 0 0 0 0 1 1 1 1 1 3 7 8 19 16 12 9 31 51 64 38 36 18 32 36 60 50 73 61 53 48 48 44 26 41 32 67 31 34 34 41 38 24 32 36 39 34 29 25 26 22 39 23 11 21 16 7 4 2 1 1 1 0
1 0 0 0 0 0 0 0 0 0 0 0 1 1 0 0 0 0 0 1 1 2 3 6 3 4 7 13 8 4 3 1 1 0 0 0 1 0 1 1 1 2 2 6 9 13 19 23 25 19 25 40 50 50 39 19 34 41 32 55 71 67 26 72 29 47 45 37 32 54 33 23 25 53 56 41 48 53 56 51 61 32 29 23 18 10 14 11 6 6 2 1 1 1 0 0
0 0 0 0 0 0 0 0 0 0 0 0 0 1 1 0 0 0 1 2 2 1 5 13 8 6 12 11 6 6 3 1 1 0 0 0 1 1 1 1 2 2 3 5 10 18 21 27 32 36 32 44 62 60 49 21 33 47 53 48 58 62 24 50 53 48 58 31 43 39 23 38 49 45 34 29 29 39 44 23 42 49 49 24 24 13 8 8 4 2 1 2 1 1 1 0
0 0 0 0 0 0 0 0 0 0 0 0 1 1 2 1 0 1 1 5 4 1 4 12 13 4 3 32 17 4 3 1 1 0 0 1 1 1 1 2 2 4 4 8 13 14 29 35 38 50 36 52 63 48 55 21 35 42 48 58 51 50 51 52 59 58 50 49 42 26 35 43 46 45 37 31 29 44 39 32 33 30 57 48 26 26 16 6 2 1 1 1 1 1 1 0
0 0 0 0 0 0 0 0 0 1 1 1 1 1 3 2 1 0 1 3 6 3 5 13 21 6 7 34 11 7 5 2 1 0 0 1 1 1 2 1 4 7 6 10 12 15 39 42 45 51 52 47 42 53 79 41 24 46 62 48 37 31 30 56 56 52 49 59 45 24 32 33 48 49 53 48 50 71 58 51 41 37 37 31 31 31 16 9 5 3 1 1 1 0 0 0
0 0 0 0 0 0 0 0 0 0 1 1 1 2 4 3 1 1 4 3 4 7 6 16 30 35 27 33 19 11 5 2 0 0 0 1 1 1 2 4 3 6 13 10 8 14 35 47 53 53 57 64 59 59 81 59 52 19 39 71 52 48 34 34 29 59 59 57 30 26 24 54 48 38 38 39 46 75 59 45 56 27 22 17 18 16 18 12 4 3 2 1 1 1 1 0
0 0 0 0 0 0 0 0 0 1 1 3 2 2 3 6 2 1 3 4 6 10 10 20 38 54 27 34 11 7 5 1 0 0 0 0 1 3 2 3 7 5 13 12 15 31 36 36 54 61 61 62 72 82 83 78 37 21 48 60 68 47 38 41 42 36 25 28 27 26 55 47 26 53 29 35 27 51 43 44 35 39 51 27 14 9 4 3 4 2 2 1 1 0 0 0
1 0 0 0 0 0 0 1 1 2 2 2 5 2 6 8 3 4 2 10 15 14 12 24 40 31 16 9 5 5 2 1 0 0 0 0 1 3 5 3 4 10 5 28 19 27 40 36 44 70 68 49 73 77 76 79 65 30 24 27 43 59 51 42 35 22 9 6 15 26 65 42 40 48 89 76 58 53 49 52 58 55 36 37 25 20 10 7 5 2 1 1 0 0 0 0
0 0 0 0 0 0 0 1 1 2 3 3 7 3 7 9 4 9 3 8 24 22 39 23 48 26 11 8 3 2 2 1 0 0 1 0 1 2 4 6 9 7 9 11 37 23 27 41 59 76 71 62 57 53 62 81 78 34 28 33 44 37 41 34 23 29 18 12 37 47 24 48 65 71 66 80 61 71 57 66 67 47 29 11 15 9 10 7 3 2 1 0 0 0 0 0
0 0 0 0 0 0 1 1 1 1 3 5 12 7 10 16 7 11 17 7 14 28 17 60 36 32 8 5 4 1 0 0 0 0 1 1 1 1 1 1 3 8 13 34 22 28 46 52 51 61 75 77 50 49 40 44 73 61 41 22 30 23 18 11 11 5 14 34 29 43 31 19 28 58 27 60 83 80 72 68 69 43 23 17 12 5 4 2 3 2 0 0 0 0 0 0
0 0 0 1 1 1 1 1 2 3 4 6 9 14 9 22 9 9 26 22 23 41 23 48 48 16 5 3 1 0 1 1 1 0 1 2 1 1 1 4 5 6 12 27 52 34 29 43 48 67 65 67 65 61 44 42 42 64 47 24 29 23 27 22 25 12 9 29 28 38 39 41 45 33 30 28 54 62 70 47 28 24 19 14 7 4 3 2 1 1 0 0 0 0 0 0
0 0 0 1 2 1 1 2 1 3 5 7 10 15 17 38 13 13 29 34 32 49 75 42 21 18 9 3 2 1 2 2 2 1 0 2 1 2 3 4 5 9 14 25 32 55 40 40 53 61 67 59 69 65 54 36 27 50 42 32 17 20 22 24 27 18 11 38 30 29 40 41 75 55 49 37 27 16 41 46 33 14 10 7 7 4 1 0 0 0 0 0 0 0 0 0
0 0 0 1 2 2 1 2 2 4 11 9 12 14 43 40 20 22 25 38 40 59 72 21 31 19 7 5 6 5 6 6 2 1 1 2 2 3 6 3 7 16 27 31 28 48 39 66 54 67 65 83 58 39 40 35 50 18 15 63 24 16 41 32 19 14 28 54 31 27 30 59 80 62 48 39 35 34 23 29 28 18 9 7 6 4 1 1 1 0 0 0 0 0 1 1
0 0 0 2 2 2 1 4 4 6 14 12 24 23 31 44 52 36 43 33 53 51 81 64 32 14 13 13 9 13 12 8 3 2 1 1 3 5 3 8 13 17 35 49 58 47 65 29 17 30 66 32 53 46 55 36 15 9 11 18 28 9 25 17 8 15 47 24 27 27 18 23 15 32 43 35 35 35 25 19 16 9 10 8 7 6 3 4 1 1 0 0 1 1 1 1
0 0 0 2 2 4 1 4 7 9 9 15 13 37 43 23 21 62 48 49 43 66 72 44 28 22 22 20 23 35 11 4 2 2 2 1 1 2 12 11 16 23 28 56 40 64 56 51 39 55 57 15 62 71 60 26 37 27 24 10 44 7 15 13 8 12 19 49 37 18 36 63 51 57 53 43 35 37 34 33 21 19 14 11 8 9 8 2 1 0 0 1 1 1 1 0
0 1 1 2 4 6 2 3 5 11 16 23 13 13 29 56 26 21 70 69 43 65 75 49 49 23 45 60 33 12 7 6 4 2 2 1 1 1 4 10 14 36 43 34 26 46 48 64 67 65 50 42 59 74 71 69 48 19 16 14 34 11 12 12 6 12 28 17 12 13 33 42 43 47 55 57 38 35 22 24 11 8 8 19 15 11 4 2 0 1 1 1 1 2 2 0
0 1 2 3 5 4 6 6 6 5 9 29 11 10 25 46 55 48 16 37 49 69 53 45 37 58 35 15 16 9 8 8 6 2 2 1 2 4 7 8 6 19 26 21 32 41 49 46 66 64 63 55 74 72 60 52 25 39 11 14 14 23 5 9 15 14 5 26 35 37 29 44 56 52 49 54 33 26 18 25 32 20 30 18 14 6 5 2 1 1 1 1 3 2 2 1
1 2 2 3 4 8 7 14 13 10 7 17 40 15 36 35 44 63 47 22 37 70 30 53 76 32 27 23 19 18 11 5 2 3 3 2 3 5 9 8 12 24 21 18 35 49 27 26 54 53 30 25 40 38 46 20 34 20 35 7 12 17 12 7 37 46 19 47 55 33 57 54 65 66 67 65 48 31 34 32 35 28 31 15 12 9 3 1 1 2 2 2 4 5 1 1
1 2 3 2 3 15 22 15 15 13 26 19 29 53 31 36 49 24 69 41 41 37 78 62 46 47 43 38 33 22 10 4 2 3 6 2 3 6 14 17 19 29 37 36 38 29 38 46 34 34 32 28 29 32 30 33 26 24 20 26 5 3 10 29 32 15 28 35 54 42 60 47 51 66 69 53 41 48 37 37 39 33 21 19 11 4 1 1 2 2 3 4 5 5 2 1
2 5 4 3 4 11 14 27 32 16 29 34 37 44 60 38 56 32 28 58 32 36 72 70 61 48 41 40 32 14 12 8 6 2 4 1 3 4 9 21 30 36 25 39 36 45 39 39 44 50 40 28 30 33 37 35 19 16 16 23 10 6 14 7 10 33 35 39 23 35 52 47 56 46 52 73 43 38 20 17 18 18 27 17 8 4 2 2 3 3 5 3 13 4 2 2
2 4 5 4 7 8 16 17 22 32 46 41 40 47 69 68 35 28 37 33 65 69 74 62 64 64 55 47 35 22 14 10 7 3 7 2 2 6 10 20 30 48 45 48 49 50 47 61 41 43 43 33 23 31 27 40 33 14 4 5 8 8 9 8 13 6 4 4 9 45 31 37 52 50 50 38 28 13 10 26 37 32 11 16 17 9 3 4 4 6 5 4 15 4 3 3
3 7 9 11 13 10 12 25 29 33 54 55 55 49 62 67 51 50 41 44 40 69 70 66 47 56 50 44 26 32 20 12 9 8 10 1 6 9 13 16 11 42 53 56 49 58 62 50 44 60 62 58 22 29 39 32 15 17 7 3 4 6 16 8 9 11 21 27 22 25 26 29 32 28 45 18 21 23 16 49 40 16 22 19 15 16 7 10 8 5 4 3 9 5 4 3
4 6 20 12 16 17 15 28 37 40 41 59 56 53 74 53 59 67 53 43 44 61 56 51 47 53 50 43 37 22 19 15 20 12 3 1 6 17 22 29 26 43 61 50 52 59 47 37 51 72 64 57 53 34 40 27 19 18 8 8 8 6 11 8 18 26 47 45 30 38 35 42 32 21 18 26 41 48 29 46 39 34 24 19 13 13 15 12 5 6 5 2 6 10 1 2
6 4 17 27 19 21 19 35 43 45 43 46 61 69 70 67 57 72 54 38 47 81 58 72 51 54 57 55 40 27 30 25 16 9 5 2 3 12 31 50 46 52 47 64 51 56 49 39 49 39 34 32 43 47 22 15 15 13 9 12 11 5 7 13 22 34 39 34 42 22 35 23 14 20 22 53 44 52 57 17 34 29 35 32 19 14 28 16 7 9 4 5 9 6 2 4
6 7 13 35 35 24 30 41 41 47 52 43 57 69 70 59 55 44 56 38 48 67 64 74 59 53 48 43 44 30 41 23 15 10 9 5 7 16 27 40 63 68 65 52 64 38 39 53 41 31 30 34 35 30 63 28 10 12 11 11 7 8 11 8 11 13 35 42 24 15 17 25 26 40 36 59 56 57 38 45 35 20 39 29 20 24 24 13 15 7 4 5 18 6 4 7
11 27 23 28 41 28 25 44 45 45 58 46 25 36 73 77 70 52 47 64 46 80 80 50 59 64 37 40 34 42 33 27 21 7 9 5 8 24 27 37 37 56 55 68 58 59 36 54 59 31 43 49 44 43 40 18 18 9 12 5 4 8 12 14 17 19 43 12 19 7 22 39 58 31 43 61 39 41 55 44 12 19 38 37 39 28 19 10 15 11 6 7 15 12 8 8
15 19 41 43 43 31 31 47 46 45 47 56 47 49 55 72 66 33 42 67 43 78 64 65 62 43 23 44 34 42 47 33 28 14 10 6 10 27 29 45 63 51 38 65 40 52 51 39 54 50 64 56 52 39 32 18 17 6 7 10 4 6 21 17 7 30 15 14 39 32 53 42 38 53 44 28 43 64 33 15 13 38 55 39 35 35 16 12 10 9 14 9 8 22 11 10
24 34 39 49 48 39 47 46 51 49 32 50 50 60 58 63 64 66 73 76 71 72 60 61 52 59 49 48 56 33 48 49 29 20 21 7 11 27 51 48 57 54 57 56 54 46 57 25 43 44 54 49 44 28 31 21 29 14 9 6 5 10 3 12 9 20 17 30 32 28 26 41 63 71 46 37 64 51 45 32 32 36 14 20 36 37 17 15 11 18 18 11 8 43 16 21
30 35 34 40 14 32 59 40 54 57 45 46 58 62 52 63 51 73 69 78 70 63 72 52 49 58 72 67 38 50 40 44 42 23 17 8 10 32 37 49 50 44 64 62 61 44 29 67 39 70 42 46 30 44 28 39 16 18 13 4 3 12 21 24 5 12 20 38 42 24 21 51 75 66 39 63 55 35 39 77 62 24 30 43 28 20 21 9 13 18 19 13 21 50 36 29
31 25 15 9 8 16 59 42 27 34 44 34 37 58 75 71 41 40 71 62 70 66 72 70 31 56 72 48 43 48 34 54 49 40 16 3 8 25 33 53 47 46 55 66 71 62 35 25 11 13 51 55 23 36 29 41 26 15 7 4 5 13 11 25 17 16 20 17 39 28 34 64 71 39 47 66 57 12 53 49 34 49 62 46 30 24 19 7 22 23 24 16 34 73 43 23
34 38 29 29 30 22 35 57 21 26 24 48 40 49 70 62 73 42 55 73 69 77 77 77 58 36 57 61 54 35 59 45 45 32 16 7 6 14 34 58 27 49 68 68 64 46 44 41 37 35 29 34 54 24 11 11 10 5 7 2 5 7 3 8 14 10 17 8 15 21 53 45 50 62 41 40 25 26 43 36 40 58 54 34 23 9 7 7 17 23 24 22 41 55 44 15
52 37 43 41 28 34 31 33 41 39 34 65 44 49 43 51 69 73 68 81 81 71 75 59 29 43 54 49 44 51 60 50 28 25 31 13 11 8 24 39 13 29 38 38 42 37 37 29 65 57 41 35 27 18 18 10 6 22 2 1 1 5 8 6 18 21 10 6 31 42 19 33 20 38 35 32 13 56 45 64 43 37 25 23 24 13 9 18 19 28 27 35 43 60 19 14
34 35 42 38 44 30 25 44 63 63 30 29 56 55 29 31 26 47 75 75 46 42 45 48 56 20 51 58 36 66 48 44 41 29 33 14 23 7 17 39 48 23 33 41 25 33 15 9 19 32 20 54 49 31 14 2 1 1 2 1 1 4 3 10 13 22 8 30 32 19 25 25 32 34 15 25 50 60 69 38 37 37 38 41 24 13 11 23 30 33 32 26 54 61 48 17
34 55 43 44 46 46 34 49 64 51 51 35 25 45 56 33 54 44 32 65 43 56 64 60 49 39 54 36 37 65 52 52 34 17 28 16 18 13 7 23 32 57 50 34 28 39 36 17 27 37 45 45 25 25 21 11 6 5 2 1 1 2 6 6 8 7 18 34 42 41 25 26 18 12 43 46 39 54 52 35 29 35 39 28 21 19 13 29 36 25 37 35 20 38 55 25
43 43 42 36 45 62 35 49 51 59 51 44 55 38 24 55 54 40 44 65 69 29 25 40 37 60 54 68 40 42 57 43 29 47 25 13 19 25 10 27 42 56 64 28 32 54 35 15 29 38 19 34 20 23 21 8 8 7 3 3 3 2 1 6 8 11 22 9 10 10 21 12 36 51 29 33 31 30 30 26 18 27 31 33 28 17 16 23 42 27 42 31 35 33 43 30
39 39 59 44 54 62 27 41 55 61 57 49 54 53 65 48 68 80 57 63 63 33 43 46 52 73 66 75 46 47 48 47 53 25 19 12 13 40 16 17 33 48 36 41 46 50 13 8 59 78 28 33 30 13 9 8 17 6 3 1 2 1 2 4 6 4 5 10 22 28 34 38 20 27 20 13 17 35 27 24 35 51 29 27 31 15 27 28 45 27 33 11 5 15 40 62
41 47 60 59 51 47 27 41 58 64 61 47 39 38 57 70 50 42 61 59 42 25 42 35 63 59 77 58 55 69 63 55 33 29 12 4 5 43 18 17 21 34 33 32 40 39 3 18 32 36 49 36 25 6 5 3 2 2 2 1 1 3 1 1 1 1 3 12 34 52 53 51 28 17 14 20 56 47 30 32 46 36 34 44 12 19 31 38 28 20 10 8 21 26 27 46
47 29 33 59 50 59 47 22 54 56 63 50 52 37 51 42 64 38 36 42 27 46 44 45 43 66 55 67 69 79 58 59 43 38 26 3 23 40 15 18 28 16 28 32 31 27 7 20 18 22 31 22 30 24 18 5 4 4 4 3 1 6 1 1 1 3 12 37 18 24 34 18 12 16 29 41 47 32 26 57 49 40 45 18 18 36 57 25 8 7 14 29 22 57 43 49
43 14 38 55 63 56 57 37 25 45 57 38 47 45 56 61 49 43 48 45 16 50 81 54 49 52 36 46 52 58 59 58 38 22 24 12 25 19 26 21 34 31 27 34 41 32 21 16 14 18 17 32 15 19 13 5 3 3 4 6 2 3 2 1 2 13 6 15 17 11 31 33 21 41 37 44 47 45 43 58 45 29 19 13 36 48 15 7 9 17 21 40 49 49 54 43
39 21 23 17 48 56 65 43 9 28 48 36 47 37 71 61 46 19 32 41 25 56 61 46 45 22 52 60 60 54 58 43 44 36 21 19 20 16 21 16 6 27 24 40 35 39 45 56 42 38 26 46 26 11 6 2 6 2 3 6 5 1 0 2 12 13 4 10 7 10 18 44 47 63 31 26 54 56 41 35 22 33 10 28 34 14 4 17 20 31 36 38 44 58 59 46
51 35 43 14 48 63 60 40 13 9 11 40 51 35 38 53 31 44 43 53 46 23 45 56 39 33 58 63 56 48 39 33 45 36 32 33 35 11 27 20 10 13 20 27 37 25 20 17 17 15 12 25 9 6 8 21 14 5 3 1 1 0 2 7 4 6 4 5 15 7 16 42 48 47 37 39 60 56 50 39 24 15 28 29 17 5 13 33 31 30 38 35 46 48 49 50
61 30 46 16 22 53 40 22 15 14 17 20 30 61 49 48 39 36 31 48 37 46 63 42 42 57 37 53 57 50 35 44 32 22 38 35 24 22 19 30 20 13 18 20 26 23 38 24 19 29 38 26 11 9 2 12 10 6 3 4 4 5 1 4 6 3 3 6 7 12 20 35 44 46 36 34 34 35 57 23 15 16 26 9 11 30 33 33 33 35 35 29 23 19 33 51
49 30 45 24 17 52 41 46 34 33 21 24 35 48 56 62 66 52 35 34 29 32 41 51 63 54 65 68 56 36 40 41 25 21 56 37 23 25 20 9 10 15 16 29 27 28 37 24 33 25 31 15 28 11 4 6 31 10 3 3 5 1 1 1 2 6 2 5 11 11 13 30 44 45 41 18 30 51 41 42 37 18 8 14 17 23 22 44 43 32 41 31 28 19 26 11
40 32 47 36 27 33 23 48 26 26 29 24 36 33 28 44 42 42 40 39 51 24 33 69 59 63 54 45 49 43 42 40 40 25 46 35 33 22 36 13 28 30 12 17 31 41 45 31 37 41 22 12 25 7 7 11 16 6 5 4 3 1 1 1 6 5 14 16 5 5 22 24 16 28 30 21 44 60 73 39 22 12 5 15 10 45 37 31 37 42 61 54 28 25 29 12
54 33 47 34 23 21 13 37 46 33 33 34 30 32 27 44 34 35 20 22 38 19 42 57 63 44 52 55 47 42 37 40 33 43 47 36 46 62 24 17 19 20 24 17 41 25 34 38 27 27 36 28 13 10 15 14 24 5 4 3 2 1 1 1 2 3 20 17 7 9 14 15 33 41 19 60 57 45 39 38 16 5 12 26 24 30 43 26 38 52 47 52 24 20 25 12
55 36 62 38 18 21 33 23 56 29 47 44 26 18 26 22 21 30 27 22 7 41 37 33 39 35 56 45 33 40 41 20 34 47 28 58 30 61 39 19 35 17 35 23 36 44 37 36 22 35 33 17 12 20 15 14 9 7 3 6 3 2 1 0 1 6 12 10 11 17 11 10 23 27 61 50 28 32 31 37 20 13 16 31 51 34 38 48 50 39 41 31 24 18 22 11
50 34 64 40 16 14 61 38 37 31 33 44 24 32 27 26 26 34 30 18 8 16 8 10 24 26 60 61 53 36 24 20 34 55 43 25 42 40 35 20 33 10 29 11 24 38 47 38 26 37 24 32 14 12 23 18 16 5 6 8 2 0 0 1 1 2 4 13 22 13 12 22 40 58 46 23 21 58 38 24 21 15 32 21 47 48 31 42 40 37 33 20 45 22 17 8
62 33 53 24 16 23 36 37 29 58 53 36 35 25 27 26 37 31 28 26 6 12 13 36 45 49 47 46 43 31 18 21 51 39 43 36 58 31 24 22 33 10 28 21 24 31 56 37 25 37 35 32 14 6 18 16 9 3 4 3 4 1 1 2 1 1 2 10 7 10 12 27 29 24 27 22 25 45 30 9 10 20 41 41 44 42 17 32 55 50 29 19 39 11 15 12
62 36 53 24 17 23 25 60 34 55 68 57 29 19 17 31 50 35 9 17 4 15 16 31 20 26 23 41 21 16 31 23 70 48 50 46 47 23 17 42 21 16 18 49 51 35 37 34 46 37 28 26 22 15 16 9 13 7 5 2 1 1 2 2 2 2 2 3 13 10 13 11 20 18 35 30 39 42 37 12 9 37 43 45 41 40 16 26 41 41 17 17 16 20 22 20
75 63 21 38 19 19 41 58 41 34 55 49 58 15 35 57 36 33 17 14 11 8 14 11 14 18 48 25 33 30 30 43 12 26 14 32 26 18 11 41 18 15 4 21 69 38 29 42 43 31 29 24 19 11 25 24 18 10 3 2 1 1 2 1 1 2 2 4 12 5 14 18 26 20 34 45 24 41 32 18 17 44 31 26 35 24 30 30 22 29 39 19 15 31 22 16
60 27 24 34 19 18 57 53 57 28 20 37 64 11 21 19 17 28 15 20 4 3 15 26 31 27 22 37 37 22 52 22 35 22 39 33 22 27 15 31 13 27 12 16 47 56 36 36 44 41 32 29 17 19 11 7 12 4 4 4 1 0 2 1 2 2 2 5 8 12 28 37 40 34 42 59 9 50 28 25 25 25 32 17 23 18 34 45 29 19 32 21 16 20 24 20
58 31 14 38 30 28 44 11 34 51 14 24 53 32 10 19 18 18 9 11 9 19 43 18 23 21 31 51 30 34 28 39 51 67 45 31 54 22 31 37 16 16 18 23 34 38 29 62 38 32 24 29 30 19 5 7 12 8 4 3 3 1 1 1 1 1 2 3 4 10 18 23 38 52 36 15 28 49 39 17 15 22 40 16 26 33 38 24 35 23 14 27 29 21 13 16
60 14 26 38 24 25 34 8 9 11 27 49 23 37 14 17 9 9 4 12 10 9 10 21 17 18 20 30 36 42 23 33 50 32 21 50 23 16 43 22 30 35 27 27 32 37 30 29 43 19 15 11 23 25 9 6 6 4 3 4 2 1 1 0 1 1 3 4 6 15 13 30 33 18 30 24 36 25 15 8 11 34 31 35 21 27 31 23 19 26 26 16 12 25 8 8
65 15 24 43 22 43 39 19 7 11 26 43 56 47 15 11 14 16 16 3 5 6 16 28 12 9 25 52 28 24 18 48 19 30 57 12 19 24 35 18 34 31 23 46 46 52 41 24 28 26 14 13 24 24 16 11 5 2 1 1 1 3 1 0 0 2 3 7 7 17 21 42 33 21 6 25 42 11 15 13 19 27 35 29 18 26 21 21 10 30 17 34 16 7 4 3
46 20 25 51 16 38 51 33 15 15 10 30 20 33 36 8 11 9 7 11 11 7 8 8 3 11 37 42 43 12 51 11 15 46 35 18 29 34 46 29 9 42 38 45 60 49 37 14 22 44 32 10 6 10 15 15 3 3 2 1 0 2 2 1 1 10 21 9 4 7 29 42 30 17 8 33 31 21 17 14 17 25 27 30 28 17 9 23 15 27 21 7 20 6 6 10
41 19 20 44 15 36 42 13 12 16 21 23 13 15 20 15 4 7 11 3 4 3 5 3 5 12 63 24 29 13 45 29 11 55 27 15 31 59 40 26 16 38 43 52 26 46 28 26 15 13 17 23 8 5 7 13 5 3 1 1 0 1 1 1 7 9 11 19 23 28 37 42 29 6 13 33 21 10 10 15 19 15 32 12 16 14 9 11 16 10 20 6 6 16 12 8
66 26 47 25 11 48 21 11 17 13 31 12 26 14 8 10 4 2 3 3 9 19 5 2 4 10 31 19 9 38 22 18 40 37 32 13 25 59 59 31 16 31 31 54 51 40 19 24 22 8 7 7 12 8 4 1 4 1 2 1 2 2 2 14 30 35 49 48 45 65 45 44 25 4 37 48 12 10 12 19 16 19 30 14 26 25 5 9 15 10 9 4 5 4 5 10
63 46 7 10 9 33 11 13 25 26 21 21 20 15 5 7 3 1 5 5 8 6 2 5 4 18 17 9 27 8 18 42 38 20 22 31 43 67 55 24 22 38 32 40 33 22 34 34 19 18 13 6 11 9 5 2 2 2 1 1 2 2 5 7 6 5 33 46 56 68 70 46 7 24 39 51 19 2 8 34 16 34 15 22 15 33 4 15 16 8 12 4 17 4 8 3
56 12 8 14 13 18 4 12 17 25 11 26 33 13 7 3 4 1 2 1 6 6 1 3 3 26 3 23 28 7 43 43 16 12 36 30 14 67 51 11 19 26 24 32 38 28 22 22 12 8 12 5 3 8 4 2 1 1 1 2 3 4 9 11 14 12 34 65 73 60 55 7 15 29 46 55 38 8 20 22 17 17 17 21 21 26 3 6 15 10 14 7 6 3 3 4
