sesion_6_simulaciones/modelos_agentes/ejemplos_netlogo/scenarios/cgcm2_a2/rob_2035.asc
NCOLS 322 
NROWS 307 
XLLCORNER 451900 
YLLCORNER 4086900 
CELLSIZE 100 
NODATA_value -9999 
[rows 74 to 147 of 307, columns 96 to 191 of 322]
33 64 45 26 25 29 26 54 25 28 22 67 40 72 68 56 20 10 15 24 64 68 50 31 33 13 13 3 13 25 10 10 15 21 11 6 8 8 21 7 7 8 18 5 9 16 19 4 7 19 14 40 65 47 39 20 30 39 57 38 32 82 72 58 61 64 41 56 66 68 58 69 54 68 43 45 56 65 44 39 22 40 53 41 21 8 8 9 5 6 5 4 3 1 0 0
37 41 36 25 17 22 30 41 25 40 44 35 21 31 42 64 44 50 60 75 92 71 72 53 26 30 11 8 17 5 14 61 29 28 30 23 9 5 8 4 8 29 36 22 44 27 23 53 56 14 17 12 22 50 17 22 40 59 42 26 51 54 75 61 64 46 42 54 67 73 46 81 51 60 54 38 60 32 25 51 49 40 15 15 19 17 13 11 16 13 16 16 6 4 1 0
49 32 29 26 19 31 18 45 23 43 53 21 27 49 40 36 47 71 57 74 82 85 82 76 35 23 17 8 14 20 48 62 47 34 34 32 32 12 17 22 12 10 16 9 14 39 17 36 31 30 11 8 20 17 24 28 39 60 33 38 43 27 65 65 63 42 60 52 81 64 39 70 65 58 67 60 34 22 76 48 32 30 47 32 46 44 36 42 43 25 25 20 11 5 3 2
51 20 37 31 23 20 23 33 27 30 69 33 33 34 37 49 71 45 69 68 85 88 69 59 64 14 12 18 36 36 53 25 45 25 39 11 47 30 15 29 11 7 6 5 15 21 46 47 27 56 46 31 25 6 11 16 42 23 27 18 39 21 60 51 47 28 59 63 68 39 33 42 71 39 65 40 39 43 67 39 50 45 41 57 70 62 67 42 38 42 20 21 10 7 4 3
48 27 34 33 40 18 24 30 12 46 65 56 40 28 46 47 53 65 81 56 56 65 73 80 44 33 44 57 70 48 47 30 39 38 10 21 29 33 26 31 29 7 6 11 20 26 46 49 26 66 62 48 56 40 35 14 16 13 24 16 27 21 14 31 20 27 36 51 41 25 33 33 68 53 33 16 51 57 44 43 62 77 84 75 75 71 41 47 48 25 24 12 8 10 8 14
58 60 21 52 56 31 11 31 11 31 23 58 44 35 39 10 44 83 54 62 59 41 65 77 48 35 77 78 75 72 75 47 14 13 17 47 52 17 24 28 37 11 9 22 25 24 35 75 72 66 59 60 70 32 61 52 45 17 9 6 19 25 12 14 18 28 28 38 16 14 32 42 43 37 71 65 30 30 58 70 74 74 69 70 58 66 62 71 42 24 20 13 11 17 30 14
78 81 59 54 20 17 12 11 10 37 18 10 41 55 16 35 75 51 39 37 51 28 16 57 66 72 78 70 77 65 86 79 39 38 48 66 40 33 8 21 48 29 13 22 35 57 32 29 72 50 58 81 70 59 73 44 50 68 52 51 53 18 49 25 16 6 23 32 34 50 36 6 9 13 23 58 67 77 50 76 72 55 76 62 55 56 66 69 49 39 33 22 47 40 11 9
55 52 63 15 10 12 19 14 12 18 20 4 10 22 30 42 24 54 58 46 39 51 14 24 63 78 76 50 43 62 56 43 65 59 60 60 69 62 23 24 60 48 14 18 44 38 24 14 40 23 65 76 60 87 78 51 74 49 33 45 64 28 42 51 39 23 42 45 65 31 44 19 18 21 31 17 27 67 68 74 52 64 77 67 49 58 77 61 53 45 43 49 60 36 13 28
63 64 50 21 20 23 29 20 9 15 24 3 13 27 33 22 21 68 51 36 41 73 45 41 68 92 67 20 46 51 37 43 17 23 83 67 37 36 24 47 71 63 30 22 33 29 25 30 29 54 55 80 84 88 71 70 72 54 69 51 67 51 48 45 40 46 26 33 60 32 65 76 59 46 33 35 29 20 52 80 87 56 71 65 46 78 62 45 55 68 53 69 43 32 23 53
20 35 60 51 7 7 22 22 31 17 15 5 20 48 33 11 19 78 33 52 45 43 32 66 49 59 37 49 62 50 39 38 23 59 90 75 54 30 22 59 43 23 39 18 24 17 20 26 25 38 32 70 70 86 69 69 81 55 74 71 62 63 39 39 45 29 64 31 51 62 76 78 61 38 47 28 25 35 22 74 71 67 39 65 77 42 50 53 64 53 57 43 29 36 35 77
10 14 20 32 38 7 15 9 7 27 24 9 17 43 32 18 27 75 44 46 26 18 71 71 65 56 29 62 63 49 26 16 61 91 88 86 81 46 54 61 54 15 37 26 31 40 32 21 29 11 8 34 76 87 63 69 61 67 86 77 62 49 33 23 69 39 75 55 44 62 78 75 39 31 43 41 42 40 30 31 71 82 77 58 33 66 75 74 63 71 28 47 44 61 42 74
6 10 18 12 27 29 20 19 9 17 33 8 19 50 29 35 29 43 52 65 60 19 38 48 78 68 63 66 69 73 47 81 90 81 78 87 82 53 42 65 47 21 40 32 35 41 37 24 29 20 23 40 76 80 58 51 54 85 85 82 57 28 47 61 76 59 83 73 61 41 76 61 66 61 60 48 42 45 32 29 40 75 66 78 77 47 72 35 71 40 35 60 46 77 46 61
5 3 2 2 7 17 7 4 6 12 16 10 28 52 29 10 24 21 44 57 68 59 27 35 38 44 71 85 60 58 77 86 86 73 79 79 62 80 60 64 49 71 56 65 39 51 56 55 37 35 24 44 65 88 69 48 79 70 86 73 56 42 43 56 84 63 81 72 63 43 67 56 47 23 50 35 17 39 34 22 13 58 74 67 51 85 61 57 62 57 58 70 72 78 77 43
3 1 0 1 6 5 1 3 5 10 5 15 46 36 9 5 12 17 40 46 58 82 49 26 23 33 72 73 81 42 84 70 69 73 87 83 64 78 54 63 59 90 46 77 57 53 45 30 30 28 24 17 46 80 67 75 65 78 90 66 43 45 59 76 76 60 69 67 55 21 26 34 56 56 66 44 28 41 44 46 52 15 60 69 63 76 85 86 92 76 85 87 74 41 79 30
5 4 1 1 5 3 2 4 7 4 8 15 26 32 9 3 35 28 21 27 36 50 67 65 46 31 52 63 78 80 73 85 82 56 58 48 51 74 33 50 90 78 62 50 37 57 40 48 53 54 53 24 30 59 55 66 70 82 82 65 59 72 74 78 79 46 62 69 55 29 26 44 62 60 48 76 40 30 41 45 48 31 22 60 68 84 79 54 55 67 67 81 74 41 53 64
7 2 2 1 2 1 1 9 4 4 4 8 46 19 6 3 22 12 23 32 33 47 57 56 59 35 39 20 40 71 59 66 71 62 64 61 46 37 52 86 52 75 43 28 40 70 57 57 60 60 47 42 24 27 26 48 64 70 80 58 47 60 61 85 80 53 61 77 35 15 16 37 36 52 85 73 46 48 23 55 39 52 49 19 54 77 76 74 72 67 49 46 61 37 22 40
3 3 1 1 1 0 0 5 4 2 9 21 36 34 5 3 10 3 13 45 43 45 18 27 51 38 39 31 61 86 79 73 49 64 47 30 37 31 65 46 42 44 24 57 82 65 62 62 46 34 32 30 25 20 9 13 42 61 76 44 67 63 86 88 87 53 77 64 53 30 19 30 54 73 90 49 45 79 39 49 45 51 59 39 17 60 65 51 33 47 42 39 30 40 37 34
7 5 2 1 1 0 0 1 3 4 6 25 14 8 14 4 14 3 1 8 12 37 19 19 19 12 26 45 74 84 58 65 74 68 62 35 19 33 75 23 53 57 68 78 80 60 79 40 30 36 64 58 65 60 50 20 7 6 31 43 48 68 80 87 86 59 89 66 64 53 29 31 51 87 74 37 71 69 46 36 56 59 57 46 33 11 29 49 41 41 25 37 57 62 46 42
3 2 1 1 1 0 0 0 1 5 8 11 9 3 3 2 15 4 2 14 11 14 10 15 22 20 16 45 19 44 51 48 53 46 13 25 39 46 51 28 64 65 81 68 64 48 84 75 76 59 59 55 53 33 37 12 5 5 7 28 58 82 74 85 77 52 78 72 39 31 34 54 50 73 43 58 81 69 69 76 58 62 46 43 45 31 9 17 19 25 40 50 57 56 51 38
2 1 1 1 1 0 0 0 0 1 4 8 8 5 2 1 12 3 1 6 4 6 6 11 8 21 22 28 18 5 15 19 15 12 34 42 67 76 51 51 28 65 91 61 37 79 74 64 79 61 60 47 30 36 33 36 18 8 9 47 74 70 85 86 82 79 76 81 65 27 42 35 42 22 33 74 72 40 64 44 51 46 43 40 47 34 39 17 6 26 42 61 66 54 49 24
3 1 2 4 2 2 1 1 1 1 2 5 3 3 2 1 5 2 1 2 4 4 3 4 5 12 14 15 16 12 4 3 7 23 31 67 77 51 57 65 43 81 86 58 72 66 70 47 86 65 73 57 65 68 66 46 26 9 11 19 61 54 80 81 75 67 74 80 68 41 27 44 51 48 53 60 70 86 53 61 40 32 49 42 29 45 58 48 16 14 17 14 24 28 28 21
11 7 5 9 7 5 4 4 2 0 1 2 1 2 1 2 1 1 1 2 2 2 1 2 4 6 9 8 10 22 3 4 8 25 70 78 53 35 65 70 57 70 76 61 55 71 62 58 85 69 56 70 56 63 60 42 25 11 7 9 12 49 71 73 68 54 74 65 41 15 26 56 30 53 74 69 77 56 37 78 46 42 47 46 71 53 32 36 42 37 28 9 5 5 8 9
19 9 14 13 14 9 12 5 2 2 0 0 0 1 1 1 2 1 0 1 1 2 1 1 1 2 9 7 7 3 5 2 12 63 54 58 18 49 83 59 43 46 57 23 35 82 55 81 84 78 54 69 78 48 21 20 22 24 18 10 13 23 44 54 60 51 36 44 21 20 40 43 39 60 70 78 61 54 63 71 69 40 51 77 73 68 50 43 46 44 51 39 20 6 3 6
22 22 25 13 20 15 9 7 6 5 4 2 1 0 0 0 1 1 0 0 1 0 0 1 1 1 5 10 4 3 6 1 20 41 27 15 22 63 79 62 30 39 34 27 73 65 48 57 89 89 46 51 51 63 43 21 6 10 12 18 16 19 14 23 13 30 35 34 14 32 49 49 45 46 69 62 55 68 42 25 66 62 65 73 74 56 54 45 33 38 46 34 27 10 7 2
36 21 29 31 23 13 12 13 6 7 4 3 2 1 1 0 0 1 0 0 1 1 0 1 0 1 1 7 1 2 5 1 8 21 8 13 20 38 38 44 33 36 20 61 67 27 57 90 87 79 79 33 18 21 15 18 6 8 19 30 16 25 13 8 9 18 13 13 12 39 40 58 34 58 65 60 74 40 52 44 69 47 42 44 51 68 67 48 36 26 41 30 30 22 16 6
26 16 36 34 12 15 6 6 13 9 4 4 3 3 2 0 0 0 0 0 0 0 0 0 0 0 0 1 1 7 2 1 1 3 5 21 24 37 74 48 39 28 40 44 46 47 51 90 84 73 94 69 40 48 41 19 7 5 2 8 30 15 10 6 8 15 10 8 17 29 45 54 49 26 35 37 45 45 46 59 20 72 54 60 60 67 60 63 68 45 40 40 39 43 20 11
15 30 61 34 29 14 24 12 19 14 6 5 4 1 1 1 1 1 1 1 1 0 0 0 0 0 0 0 1 6 1 1 2 1 8 22 29 7 22 20 30 23 23 35 32 38 64 85 79 79 86 86 41 24 16 11 10 12 8 2 2 7 6 7 7 9 7 9 11 26 36 55 50 55 18 31 50 47 29 37 65 49 40 65 67 63 65 71 60 70 55 62 56 44 27 20
22 37 58 32 25 22 11 13 21 13 10 7 5 3 2 2 1 2 2 2 1 2 1 1 1 1 0 0 1 3 1 1 2 2 5 8 8 10 6 3 21 30 17 11 22 68 81 80 67 63 79 80 57 38 38 40 32 17 12 4 1 5 4 3 6 5 4 8 15 24 23 35 34 33 46 43 37 58 87 86 76 83 61 64 59 55 60 66 76 64 75 67 54 50 43 33
26 51 21 23 29 19 18 9 18 15 5 3 7 3 2 2 2 2 2 2 2 2 2 1 1 1 0 0 0 1 0 1 1 3 5 5 6 8 8 3 7 35 20 7 28 43 81 68 25 23 37 67 81 69 46 37 27 16 7 3 1 5 2 1 2 3 5 12 18 24 25 31 38 55 70 72 66 84 82 80 74 60 48 39 40 60 77 68 65 70 75 74 68 67 51 43
56 20 28 22 15 22 21 11 5 7 8 9 7 6 2 3 3 3 3 5 5 3 4 2 3 1 1 0 0 1 0 0 1 2 5 6 8 8 8 2 4 9 15 4 17 24 49 24 12 16 42 55 79 70 58 35 28 17 7 5 1 2 2 1 4 3 7 20 18 23 26 28 58 68 84 69 77 72 76 60 31 27 36 59 28 61 70 64 78 85 76 57 37 29 19 16
20 26 41 57 44 28 8 5 6 15 13 10 4 9 7 6 5 8 7 7 6 6 4 4 4 2 1 1 0 0 0 0 0 2 3 11 17 8 9 3 2 2 4 1 5 10 8 13 17 31 38 65 83 70 61 53 41 26 23 8 2 1 1 1 3 6 10 8 8 16 34 39 48 55 60 65 69 61 44 34 43 37 61 62 86 65 51 73 86 74 58 57 52 44 33 28
46 56 44 14 11 16 17 7 12 20 17 12 12 11 9 14 7 10 10 13 4 11 8 7 4 2 1 0 0 0 0 0 0 1 2 4 5 8 9 4 4 3 4 1 4 8 14 43 58 62 83 66 83 79 69 43 45 21 12 6 2 2 1 0 1 2 4 11 18 16 28 54 32 41 40 59 62 26 16 31 31 47 75 64 81 61 83 71 74 60 59 60 51 54 52 40
48 28 34 29 26 15 19 9 25 24 21 22 32 17 24 19 16 24 18 11 11 11 14 4 5 2 2 0 0 0 0 0 0 0 1 2 6 12 11 3 1 3 3 2 4 10 31 20 50 58 53 51 88 78 66 32 17 11 6 2 2 1 0 0 0 1 5 16 26 17 23 46 41 29 26 38 26 31 55 55 38 71 70 61 71 80 66 72 64 59 47 56 58 62 52 65
28 23 14 11 9 8 4 16 32 29 28 43 30 32 31 28 32 12 10 25 14 19 14 5 3 2 2 1 1 1 0 0 0 0 1 1 1 4 6 3 2 2 2 3 8 10 5 13 32 69 36 61 78 55 56 39 20 9 3 2 1 1 0 0 0 1 4 9 27 19 20 7 19 30 25 40 45 49 47 46 48 74 65 56 63 64 40 73 45 51 60 67 67 46 73 72
16 23 30 34 26 13 12 21 34 53 48 46 32 40 55 50 26 15 15 35 20 9 9 6 3 2 2 2 1 1 1 1 0 0 1 1 0 0 1 0 1 1 2 2 5 5 7 17 57 15 15 45 83 55 35 16 11 7 7 4 1 1 0 0 0 1 2 4 9 13 14 11 29 22 32 43 58 72 71 73 71 88 63 42 39 49 66 84 81 59 60 61 51 56 62 57
30 50 33 51 24 21 24 39 41 56 55 22 23 44 40 27 20 20 30 48 16 11 10 7 4 3 2 2 1 1 0 0 1 0 0 0 1 0 0 0 0 1 1 1 2 5 9 5 37 10 27 58 77 38 17 14 10 3 2 3 1 1 0 0 0 0 1 1 5 7 14 21 34 33 63 67 81 53 37 30 82 79 78 51 21 53 75 91 85 79 84 56 71 52 46 77
51 51 69 57 29 48 46 50 69 62 44 30 35 56 37 50 17 27 54 22 14 10 11 9 9 6 3 2 1 1 1 1 1 0 0 0 0 0 0 0 0 1 1 1 2 4 5 6 3 7 30 64 74 32 21 13 5 4 3 2 1 0 0 0 0 0 1 4 9 12 20 26 40 54 66 60 31 34 28 74 78 79 81 82 39 59 82 83 75 68 67 71 50 53 33 51
68 68 44 34 40 52 52 69 40 53 23 47 49 76 60 39 20 52 14 10 22 10 7 5 5 4 3 3 3 1 2 2 1 1 0 0 0 0 0 0 0 0 0 1 2 5 2 6 1 3 17 45 82 67 22 12 7 2 3 1 1 0 1 0 0 0 2 7 19 22 23 30 38 39 37 46 42 58 74 81 75 76 65 80 68 61 64 37 21 20 54 81 69 47 28 30
76 60 45 32 44 60 68 19 62 29 35 55 70 70 44 27 52 41 20 8 8 12 3 3 7 6 8 4 5 5 3 3 1 1 1 0 0 0 0 0 0 0 0 1 1 3 1 3 1 5 10 7 43 48 19 7 3 2 1 1 1 1 0 0 0 1 3 5 8 13 14 18 27 33 60 71 66 67 74 63 68 58 43 70 60 40 35 45 61 68 85 41 54 50 26 22
44 61 46 40 56 75 76 31 63 57 71 57 81 50 37 43 55 21 21 16 38 17 8 6 9 18 10 14 10 12 4 1 0 2 1 1 1 0 0 0 0 0 0 1 1 0 1 2 1 3 4 27 34 16 14 10 8 4 1 1 1 1 1 0 0 0 1 4 8 7 10 17 30 28 28 31 34 38 83 45 65 71 51 43 34 25 60 66 65 80 78 61 44 58 55 49
86 43 62 63 73 52 52 61 63 55 56 59 54 48 45 71 31 39 30 55 42 21 22 16 9 23 27 24 31 14 10 2 1 1 1 1 1 1 1 0 0 0 1 1 0 1 6 1 0 2 19 31 45 10 7 10 4 3 2 1 1 1 0 0 0 0 0 1 3 5 2 7 8 10 26 41 43 47 73 64 53 67 86 35 23 41 50 57 76 69 65 77 57 56 44 51
79 93 89 91 86 58 21 13 56 37 63 74 83 75 63 68 65 75 55 65 48 43 37 28 25 35 50 51 18 17 8 4 4 2 1 2 0 1 1 0 0 0 0 1 0 0 0 0 0 3 8 36 32 5 8 7 7 3 1 2 1 0 0 0 0 0 2 3 4 9 14 21 39 36 24 27 44 77 71 74 75 55 55 64 27 39 64 62 51 36 74 86 58 45 56 64
65 87 72 80 79 61 76 36 53 45 22 35 78 85 87 62 47 49 62 62 58 53 61 41 51 51 60 38 32 24 16 9 6 5 4 1 1 1 1 0 0 0 0 0 1 0 0 0 0 1 5 3 13 4 12 4 5 4 2 1 1 1 0 0 0 1 2 5 7 15 34 27 18 35 60 42 58 76 76 88 76 59 50 37 8 19 26 44 67 81 87 64 85 57 54 60
45 85 65 75 77 67 87 64 38 71 49 39 63 74 69 62 70 46 72 84 85 66 53 37 75 57 55 39 25 16 16 11 10 9 6 4 2 1 1 1 0 0 0 0 0 0 1 0 0 0 1 3 16 7 15 12 4 5 2 2 0 0 0 0 0 1 3 3 7 16 34 48 57 50 69 74 80 76 71 85 83 47 26 19 11 20 46 63 58 90 60 73 81 84 60 59
47 80 68 61 76 54 59 25 42 74 51 29 10 48 61 60 67 48 43 74 80 40 68 31 61 50 57 38 29 9 15 25 21 18 13 4 1 1 1 1 0 0 0 0 1 0 0 0 0 0 1 5 15 2 3 1 4 5 4 1 0 0 0 0 0 1 3 3 7 13 27 43 38 27 30 44 82 58 81 81 88 81 20 10 11 27 58 37 69 83 70 79 66 61 46 66
13 37 26 45 67 55 52 15 43 79 39 21 12 23 58 55 58 52 22 26 52 32 33 49 20 18 67 29 13 6 3 5 9 7 7 6 2 3 2 1 0 0 0 0 0 0 0 0 0 0 1 6 4 8 3 1 1 1 1 0 0 0 0 0 0 1 1 2 4 8 15 13 21 37 43 60 88 90 72 61 74 79 55 11 6 18 22 44 77 63 58 28 21 30 44 63
13 35 61 45 50 37 63 36 50 80 60 26 22 21 52 69 35 6 8 16 24 13 20 59 23 10 49 32 38 9 1 6 15 10 4 8 6 4 1 0 0 0 0 0 0 0 0 0 0 1 2 4 1 2 2 2 0 0 1 1 0 0 0 0 0 0 1 1 2 6 13 19 39 41 53 82 89 88 82 43 43 54 45 17 4 12 30 55 51 26 28 58 63 58 63 76
21 11 11 14 23 35 66 22 51 55 81 38 18 14 17 13 9 7 7 18 14 12 8 48 11 29 33 26 44 45 14 6 7 5 6 8 5 3 2 1 0 0 0 0 0 0 0 0 0 0 2 4 0 1 1 3 1 0 0 0 0 0 0 0 0 1 7 5 9 23 39 63 69 52 72 93 89 87 80 56 9 22 40 31 7 13 25 48 37 42 87 62 46 52 42 77
23 24 10 10 19 30 52 41 25 39 74 37 10 5 16 17 7 18 6 7 11 9 8 49 10 7 27 18 24 35 17 11 12 4 2 2 1 1 1 1 1 0 0 0 0 0 0 0 0 0 1 2 0 1 1 0 1 1 0 0 0 0 0 0 0 1 2 10 29 40 72 50 30 49 81 92 86 75 70 71 52 11 34 27 6 14 28 27 23 72 65 50 62 78 22 10
22 28 16 10 15 9 46 48 39 13 74 29 7 2 12 12 16 19 11 7 8 11 2 14 30 2 6 8 24 51 13 2 5 3 5 5 3 2 1 1 1 0 0 0 0 0 0 0 0 0 2 2 0 1 1 0 1 0 0 0 0 0 0 0 0 1 3 12 22 25 12 20 46 58 76 76 81 67 57 37 50 13 9 11 11 23 17 14 52 84 43 56 65 73 66 21
33 19 16 6 5 7 27 56 18 17 52 38 18 2 10 10 24 16 12 8 7 15 5 6 56 5 10 9 22 24 28 14 11 12 8 5 4 3 2 0 0 0 0 0 0 0 0 0 0 1 3 2 0 1 0 0 0 0 0 0 0 0 0 0 1 2 10 12 9 8 25 36 56 87 75 59 75 39 21 15 40 18 8 2 3 15 17 34 75 45 40 54 78 62 63 29
57 10 16 7 4 6 13 19 5 4 60 24 3 1 8 11 22 15 20 13 15 10 9 7 19 7 2 9 15 12 22 26 10 5 4 1 2 2 2 1 0 0 0 0 0 0 0 0 0 1 2 1 0 0 0 0 0 0 0 0 0 0 0 0 1 3 4 3 3 8 33 45 78 82 80 52 31 43 11 12 31 9 2 1 6 23 33 48 59 18 54 83 72 67 77 39
10 16 6 5 4 3 4 8 5 9 31 10 4 1 5 7 18 4 14 7 8 10 8 6 9 16 5 2 1 9 9 19 7 4 4 3 1 1 1 1 0 0 0 0 0 0 0 0 0 1 1 0 0 0 0 0 0 0 0 0 0 0 0 0 1 2 1 1 5 23 36 47 80 83 59 42 21 29 28 6 9 6 2 2 7 11 26 54 28 31 73 62 62 64 58 50
10 6 11 10 4 3 1 2 1 3 7 3 9 3 2 5 17 4 3 9 3 2 1 11 12 20 1 1 0 2 12 21 17 5 2 1 1 1 0 0 0 0 0 0 0 0 0 0 0 0 1 0 0 0 0 0 0 0 0 0 0 0 0 0 1 0 0 1 10 24 41 72 69 65 54 41 22 14 23 7 4 4 1 2 5 10 33 41 25 19 27 49 42 38 54 61
17 8 5 12 12 6 5 1 1 4 2 2 7 8 2 4 8 8 2 2 2 2 2 24 9 10 5 0 1 0 2 4 14 11 4 2 1 1 0 0 1 0 0 0 0 0 0 0 0 0 0 0 0 0 0 0 0 0 0 0 0 0 0 0 0 0 0 3 11 45 56 76 72 49 24 8 5 5 7 7 4 1 1 1 4 7 19 18 12 9 24 23 16 32 51 67
19 9 4 5 7 11 4 1 0 3 3 1 1 2 1 2 4 5 2 1 1 1 1 2 1 2 8 1 1 1 0 2 10 11 4 2 2 4 3 1 0 0 0 0 0 0 0 0 0 0 0 0 0 0 0 0 0 0 0 0 0 0 0 0 0 0 0 2 14 69 65 62 74 59 23 9 2 1 2 3 2 1 0 1 2 5 12 6 4 17 28 38 68 56 71 64
48 16 6 2 4 7 11 1 2 3 3 2 0 1 1 1 2 5 1 1 1 0 0 1 0 0 3 2 0 1 0 0 3 20 9 3 1 1 0 0 0 0 0 0 0 0 0 0 0 0 0 0 0 0 0 0 0 0 0 0 0 0 0 0 0 1 3 10 31 36 73 74 52 62 44 15 6 2 0 0 1 1 0 0 1 1 2 1 5 16 26 66 69 59 57 63
26 64 12 4 1 2 2 1 1 2 2 1 2 1 1 0 0 5 2 1 0 0 0 1 1 0 1 2 0 1 0 0 1 4 14 6 2 2 2 1 0 0 0 0 0 0 0 0 0 0 0 0 0 0 0 0 0 0 0 0 0 0 0 0 0 2 4 4 11 33 60 49 37 32 51 18 5 1 0 0 0 0 0 0 1 0 1 2 10 19 50 55 36 52 65 66
4 36 50 18 4 2 0 3 1 1 1 1 3 1 1 0 0 4 2 1 0 0 0 0 1 0 1 1 1 1 0 0 1 1 1 9 2 0 1 1 0 0 0 0 0 0 0 0 0 0 0 0 0 0 0 0 0 0 0 0 0 0 0 0 0 0 0 4 35 45 46 41 24 21 20 14 6 2 2 0 0 0 0 0 1 4 4 2 6 22 24 19 25 52 69 60
2 15 17 32 7 3 1 3 2 1 1 1 1 1 1 1 0 1 3 0 0 0 0 0 1 0 0 1 0 1 1 0 1 1 1 1 7 2 2 1 0 0 0 0 0 0 0 0 0 0 0 0 0 0 0 0 0 0 0 0 0 0 0 0 0 1 2 4 26 52 46 55 36 6 6 8 4 3 2 1 0 0 0 0 1 3 10 19 6 6 6 19 36 52 77 54
4 6 5 15 4 2 2 2 2 1 1 1 1 2 1 1 1 1 2 1 0 0 0 0 1 1 0 0 0 0 1 0 0 0 1 2 2 1 3 1 0 0 0 0 0 0 0 0 0 0 0 0 0 0 0 0 0 0 0 0 0 0 0 0 0 1 1 9 22 33 70 53 43 15 4 2 3 2 1 1 0 0 0 1 2 4 13 30 28 22 26 18 40 53 80 66
3 5 1 5 5 5 2 2 1 1 1 0 0 1 1 1 0 0 0 1 0 0 0 0 0 1 0 0 0 0 0 0 0 0 1 2 2 1 4 0 0 0 0 0 0 0 0 0 0 0 0 0 0 0 0 0 0 0 0 0 0 0 0 0 0 1 2 5 21 15 53 45 26 17 17 4 2 1 0 0 0 0 0 1 3 7 14 28 45 44 40 40 39 69 92 77
3 2 2 1 2 1 1 1 5 3 1 0 1 0 0 1 0 0 0 0 0 0 0 0 0 0 0 0 0 0 0 0 0 0 3 5 2 1 0 1 1 0 0 0 0 0 0 0 0 0 0 0 0 0 0 0 0 0 0 0 0 0 0 0 0 1 2 10 25 35 38 43 27 12 5 6 2 1 0 0 0 0 0 0 1 5 9 18 30 22 44 53 76 91 90 72
1 2 1 1 1 0 1 0 1 1 0 0 0 0 0 0 0 0 0 0 0 0 0 0 0 1 0 0 0 0 0 0 0 1 1 2 3 8 6 3 0 0 0 0 0 0 0 0 0 0 0 0 0 0 0 0 0 0 0 0 0 0 0 0 0 1 6 17 24 37 37 36 27 15 2 1 2 0 0 0 0 0 2 1 1 1 2 5 10 27 35 66 67 88 85 61
1 1 0 1 0 0 0 0 0 0 0 0 0 0 0 0 0 0 0 0 0 0 0 0 0 0 0 0 0 0 0 0 0 0 0 0 0 0 0 0 0 0 0 0 0 0 0 0 0 0 0 0 0 0 0 0 0 0 0 0 0 0 0 0 1 1 2 5 18 34 15 34 12 7 2 1 1 0 0 0 0 0 1 3 9 6 9 9 22 47 57 63 76 73 59 40
0 0 0 0 0 0 0 0 0 0 0 0 0 0 0 0 0 0 0 0 0 0 0 0 0 0 0 0 0 0 0 0 0 0 0 0 0 0 0 0 0 0 0 0 0 0 0 0 0 0 0 0 0 0 0 0 0 0 0 0 0 0 0 0 0 1 1 5 10 8 11 15 11 3 1 0 0 0 0 0 0 0 1 2 4 13 28 30 47 72 68 49 62 40 43 30
0 0 0 0 0 0 0 0 0 0 1 1 1 1 0 0 0 0 0 0 0 0 0 0 0 0 0 0 0 0 0 0 0 0 0 0 0 0 0 0 0 0 0 0 0 0 0 0 0 0 0 0 0 0 0 0 0 0 0 0 0 0 0 0 0 1 1 6 5 6 10 4 4 1 0 0 0 0 0 0 0 1 1 3 4 17 55 54 20 32 72 81 41 12 13 21
2 1 0 1 1 1 1 1 1 1 2 2 3 2 1 1 0 0 0 0 0 0 0 0 0 0 0 0 0 0 0 0 0 0 0 0 0 0 0 0 0 0 0 0 0 0 0 0 0 0 0 0 0 0 0 0 0 0 0 0 0 0 0 0 0 1 2 1 3 4 3 2 2 0 0 0 0 0 0 0 1 1 2 5 19 23 20 6 16 54 85 76 66 12 4 5
4 1 1 2 2 3 3 3 3 4 4 3 3 6 2 1 1 1 0 0 0 0 0 0 0 0 0 0 0 0 0 0 0 0 0 0 0 0 0 0 0 0 0 0 0 0 0 0 0 0 0 0 0 0 0 0 0 0 0 0 0 0 0 0 0 1 3 1 1 1 1 1 0 0 0 0 0 0 0 0 1 2 5 14 12 4 2 7 23 74 79 55 28 24 2 1
5 3 2 6 5 9 5 7 13 7 10 7 11 6 3 2 3 1 0 1 0 0 0 0 0 0 0 0 0 0 0 0 0 0 0 0 0 0 0 0 0 0 0 0 0 0 0 0 0 0 0 0 0 0 0 0 0 0 0 0 0 0 0 0 0 1 2 2 0 1 0 0 0 0 0 0 0 0 0 0 1 4 3 2 1 1 4 17 37 57 53 39 11 23 3 1
11 8 5 14 29 46 31 22 37 26 21 13 33 20 15 8 2 1 1 2 1 0 0 0 0 0 0 0 0 0 0 0 0 0 0 0 0 0 0 0 0 0 0 0 0 0 0 0 0 0 0 0 0 0 0 0 0 0 0 0 0 0 0 0 0 1 3 2 0 0 0 0 0 0 0 0 0 0 0 0 1 1 1 0 1 5 11 38 54 33 33 12 5 7 9 1
46 47 34 26 27 24 12 7 24 11 12 11 13 19 18 4 4 3 3 3 1 0 0 0 0 0 0 0 0 0 0 0 0 0 0 0 0 0 0 0 0 0 0 0 0 0 0 0 0 0 0 0 0 0 0 0 0 0 0 0 0 0 0 0 0 1 3 3 0 0 0 0 0 0 0 0 0 0 0 0 0 0 0 1 2 6 14 52 56 74 22 3 1 2 4 1
34 22 43 23 20 27 22 15 9 7 13 21 9 6 14 26 15 4 1 1 1 0 0 0 0 0 0 0 0 0 0 0 0 0 0 0 0 0 0 0 0 0 0 0 0 0 0 0 0 0 0 0 0 0 0 0 0 0 0 0 0 0 0 0 0 0 2 4 1 0 0 0 0 0 0 0 0 0 0 0 0 0 1 2 4 7 27 24 36 44 34 4 1 0 2 1
34 8 30 26 7 3 9 13 16 11 6 4 26 6 9 16 6 4 2 1 1 0 0 0 0 0 0 0 0 0 0 0 0 0 0 0 0 0 0 0 0 0 0 0 0 0 0 0 0 0 0 0 0 0 0 0 0 0 0 0 0 0 0 0 0 0 0 2 1 0 0 0 0 0 0 0 0 0 0 0 0 1 1 2 8 18 24 18 12 10 27 6 1 0 0 0
