sesion_6_simulaciones/modelos_agentes/ejemplos_netlogo/scenarios/cgcm2_a2/rob_2089.asc
NCOLS 322 
NROWS 307 
XLLCORNER 451900 
YLLCORNER 4086900 
CELLSIZE 100 
NODATA_value -9999 
[rows 0 to 72 of 307, columns 192 to 287 of 322]
10 11 6 3 11 26 11 4 5 8 11 4 3 2 6 4 3 3 7 7 8 9 7 9 17 28 16 33 39 64 31 11 13 3 2 4 8 8 6 19 24 11 12 37 37 35 21 28 32 34 17 16 17 18 11 14 9 40 7 6 1 1 1 3 3 1 3 3 2 4 2 1 1 2 4 2 1 3 11 2 1 2 3 5 5 4 8 6 4 4 1 2 3 15 2 0
9 5 7 6 11 23 4 8 17 11 8 6 11 11 7 6 11 3 6 10 15 10 6 7 9 39 14 20 14 28 66 39 8 6 3 2 5 7 16 11 24 7 4 14 18 19 28 21 30 57 71 37 15 12 11 13 20 27 25 2 2 1 4 2 3 2 3 2 4 1 0 3 1 3 8 2 12 6 3 4 3 5 8 6 4 2 6 7 6 5 2 3 2 4 2 1
2 9 4 4 18 11 8 4 3 8 9 10 19 25 12 25 16 15 25 29 31 17 14 10 6 10 8 3 4 10 14 44 35 9 11 5 5 4 9 3 2 4 21 36 30 39 32 29 44 41 46 26 29 13 18 38 10 13 12 4 4 3 4 1 1 4 1 2 2 3 1 2 2 3 20 3 27 10 4 7 3 3 6 8 5 1 4 4 7 4 3 9 3 9 2 0
4 4 17 32 13 6 6 7 8 21 10 18 33 23 21 37 28 15 27 44 38 38 34 23 19 13 2 5 5 2 7 14 6 10 8 8 10 4 4 3 11 20 11 11 20 45 34 30 10 14 10 8 8 24 15 23 17 6 8 10 11 2 2 3 1 6 3 3 15 2 5 4 1 1 10 4 6 6 7 7 4 4 7 11 6 2 3 8 12 3 7 6 5 11 1 0
4 3 8 2 19 22 16 19 24 16 24 11 19 23 26 40 27 35 42 52 51 35 31 36 24 36 21 34 28 7 4 1 7 4 5 10 3 1 3 5 9 10 16 20 16 20 15 21 34 40 38 23 14 10 46 40 8 9 3 3 9 5 2 3 2 7 3 2 2 1 1 1 2 1 5 5 4 11 24 27 16 3 4 12 12 8 1 6 7 15 8 5 8 15 3 0
5 4 11 8 4 7 27 7 23 21 21 24 9 26 36 41 56 45 16 27 36 25 20 32 32 36 21 36 31 13 14 8 3 3 2 1 1 3 1 2 6 12 17 30 46 56 51 51 35 17 18 15 35 33 72 31 11 11 2 15 17 10 5 3 3 7 2 2 4 4 6 5 4 4 3 5 11 10 12 6 10 20 14 10 14 9 2 4 8 8 3 5 6 6 3 1
4 2 3 10 5 4 31 7 5 14 18 60 29 13 36 55 41 51 21 8 18 34 41 54 30 32 38 29 35 32 26 20 21 20 12 4 6 8 4 1 5 12 22 29 55 32 29 38 46 32 42 73 27 43 60 22 11 18 8 14 15 10 7 7 7 4 7 8 8 2 5 5 6 10 9 5 2 6 13 14 9 22 11 5 4 15 5 4 5 5 4 8 12 14 2 2
3 2 3 4 13 11 21 35 7 4 9 15 54 12 5 18 12 25 28 15 11 27 14 34 28 26 32 24 37 36 34 35 33 36 34 17 23 12 5 3 7 25 34 41 46 43 47 67 79 71 66 26 57 49 53 26 10 3 6 7 6 3 2 1 1 4 4 4 12 4 4 3 6 9 10 7 2 10 18 8 24 43 25 7 3 21 11 5 6 13 10 14 24 10 4 3
6 5 6 4 9 7 18 44 46 16 8 9 21 41 21 14 10 35 42 26 21 40 12 24 53 37 32 38 40 49 49 48 50 47 34 32 19 9 3 6 15 21 35 39 65 56 38 56 66 71 46 38 72 49 45 15 5 22 31 14 14 7 14 5 4 15 4 5 2 2 4 4 6 8 6 4 2 5 7 15 26 34 18 12 5 8 8 4 4 17 14 20 9 19 5 10
4 6 7 5 5 3 14 14 51 30 27 16 15 28 34 15 16 14 48 44 43 52 19 23 46 43 36 32 26 43 11 32 53 55 44 21 13 10 5 6 7 14 27 37 58 30 26 68 43 34 26 84 60 53 28 13 18 29 20 25 14 50 34 5 13 3 5 6 7 2 3 7 8 5 4 2 2 5 20 7 4 20 22 20 12 5 11 3 5 7 8 25 15 15 9 30
5 6 8 10 5 3 2 3 6 22 14 11 9 38 24 18 29 7 18 47 33 58 65 25 34 30 61 39 15 37 49 17 7 8 15 37 21 13 7 7 12 16 37 60 24 53 56 60 21 27 71 76 46 51 17 12 15 19 11 22 47 55 10 5 4 5 5 4 10 7 14 8 10 9 6 5 2 2 6 11 10 35 60 21 28 10 6 10 3 10 26 8 15 9 11 59
13 9 5 8 9 9 6 4 3 4 6 7 14 16 17 15 13 30 22 26 54 61 55 38 9 23 56 46 23 23 51 54 13 6 6 9 29 14 1 6 31 39 43 22 12 14 46 15 26 62 84 74 48 29 11 28 20 12 15 62 40 26 3 5 6 5 10 6 5 8 8 9 13 19 16 13 5 3 10 9 13 63 27 48 25 21 10 5 4 18 15 8 24 6 29 61
19 12 11 24 19 21 20 11 22 15 15 13 7 7 9 11 15 50 45 24 20 44 40 38 10 25 38 34 30 13 14 33 13 4 2 3 14 20 3 8 27 33 30 47 43 39 67 17 40 78 72 43 10 29 45 45 39 42 66 61 4 6 5 3 3 2 3 2 7 4 2 6 16 22 26 15 7 1 10 16 48 39 11 26 37 23 16 3 4 18 13 11 29 8 30 36
44 36 26 36 31 27 21 20 20 25 28 37 18 17 12 14 12 10 11 12 22 20 12 22 19 29 32 35 15 8 11 22 21 15 2 2 7 16 11 15 15 29 26 16 17 58 35 25 59 45 30 10 22 37 36 35 51 55 34 4 14 17 10 5 5 2 1 2 5 3 8 19 15 11 15 17 9 2 6 14 41 12 9 30 60 26 21 10 4 7 8 13 16 9 28 21
9 43 40 53 39 33 16 24 14 16 32 28 25 30 34 36 34 21 8 11 9 9 7 18 22 23 18 13 5 3 12 15 16 12 3 2 11 20 23 14 14 16 25 15 9 21 19 24 29 24 7 14 23 28 33 37 35 6 18 18 19 11 20 45 36 28 16 5 5 9 18 9 18 20 11 9 6 2 8 16 22 10 6 51 63 61 32 36 18 4 8 13 10 13 36 29
24 42 58 25 43 66 35 15 31 23 18 33 33 43 51 42 42 22 19 21 17 10 6 6 19 14 6 4 2 3 3 14 20 24 15 6 9 13 15 21 14 17 15 12 5 8 31 35 21 13 26 19 18 27 25 27 9 30 23 19 21 43 48 28 27 33 7 4 11 2 13 38 14 13 17 23 25 15 6 19 21 11 3 9 34 63 16 11 16 20 4 19 8 13 39 38
61 18 67 38 41 58 72 75 31 12 23 23 46 43 44 40 49 45 38 39 37 37 22 11 8 9 20 19 12 8 2 2 4 9 15 12 13 14 14 22 14 13 11 11 7 5 8 8 22 40 26 45 36 24 14 29 32 30 26 18 41 37 54 34 31 15 5 15 7 14 9 3 26 7 20 32 39 25 19 6 34 18 12 3 10 39 53 15 5 9 4 5 12 19 14 19
32 10 56 28 56 59 68 32 74 69 47 50 48 20 24 26 42 50 41 39 38 41 39 20 17 20 35 27 21 15 3 2 2 2 5 10 12 12 12 14 15 14 8 6 2 11 24 40 41 34 36 55 46 44 21 28 24 44 37 33 61 50 40 23 10 11 12 15 9 7 4 4 19 17 27 35 34 42 30 11 7 17 16 13 4 18 29 21 17 3 8 1 12 17 8 8
35 28 41 40 31 57 65 33 43 75 44 66 81 57 37 32 48 63 67 56 56 42 27 21 33 22 37 34 46 19 20 18 20 12 8 6 9 7 12 11 7 5 2 4 18 28 46 44 36 39 49 52 43 29 43 42 39 37 30 36 54 24 8 4 10 9 6 34 15 5 7 4 20 26 5 14 45 30 44 38 9 6 33 19 12 4 18 24 21 10 2 2 16 7 2 2
40 15 25 42 28 44 75 40 26 63 70 79 82 70 74 62 24 42 45 62 45 40 39 34 37 35 35 45 44 44 33 27 26 24 21 13 7 6 5 5 2 2 11 20 44 39 42 51 30 49 53 37 49 43 43 38 9 6 18 34 62 28 6 15 21 14 27 24 11 12 8 3 5 27 19 4 14 22 36 40 37 12 11 24 17 6 3 13 25 18 2 1 8 1 9 14
74 33 36 38 12 38 68 41 58 45 68 54 75 42 58 63 28 20 43 67 45 58 41 27 56 48 37 30 38 36 29 18 25 23 30 21 15 8 4 1 2 6 22 43 45 49 28 25 50 65 42 42 53 57 67 51 25 15 21 39 50 9 9 22 19 11 12 4 13 19 11 3 3 11 30 13 5 8 63 29 31 14 5 15 16 4 7 18 11 12 1 1 2 3 18 31
57 17 46 46 19 15 41 71 23 49 80 76 80 61 54 31 33 10 24 74 70 51 38 37 26 30 13 13 22 21 29 28 18 17 31 25 16 15 9 3 6 16 28 34 26 41 36 50 45 40 29 37 38 68 68 66 56 39 27 32 17 6 14 18 24 21 14 7 10 19 7 4 3 9 29 17 7 8 20 39 33 25 10 7 21 6 12 14 9 3 3 11 4 9 27 38
75 25 68 73 42 29 31 52 26 28 82 70 59 36 19 41 36 31 12 27 37 58 75 75 48 20 38 25 13 19 18 15 12 15 22 35 26 10 4 2 4 23 37 39 19 23 12 26 13 16 12 29 43 27 47 69 38 22 14 58 18 6 14 14 11 16 34 14 17 5 4 4 9 23 42 18 9 15 24 59 32 16 9 4 9 14 12 15 6 3 10 35 16 16 15 29
69 60 53 76 26 39 44 57 54 29 31 25 32 61 31 22 49 46 26 37 42 44 71 59 55 25 34 39 29 10 13 12 11 11 13 19 24 10 5 1 7 9 9 19 14 9 16 17 25 21 14 28 19 26 24 15 9 19 47 36 6 12 16 9 14 34 14 12 19 9 4 7 11 25 29 13 17 13 30 48 35 42 20 5 4 7 11 14 3 5 12 9 27 31 15 17
45 36 54 54 39 20 53 66 44 19 39 25 28 51 55 34 42 48 42 21 22 31 40 35 33 22 31 46 41 20 11 9 8 9 9 13 9 17 6 1 3 9 20 24 28 36 40 35 27 29 37 17 10 5 7 12 19 23 61 27 6 23 12 8 24 47 16 22 23 11 7 8 16 36 23 14 28 16 25 42 35 36 35 22 6 3 11 6 3 18 20 17 16 18 42 13
25 34 23 53 28 15 60 68 46 22 20 31 29 22 49 50 29 23 34 33 18 18 29 34 29 24 17 38 60 18 14 10 4 2 4 3 10 7 13 3 5 11 11 15 30 29 39 18 16 30 27 36 27 37 22 21 26 48 52 5 9 16 8 5 22 35 22 18 19 13 6 6 21 47 15 28 30 15 12 25 26 35 25 11 13 3 3 7 16 31 31 30 32 18 10 31
18 23 15 16 13 38 56 50 31 18 10 20 20 12 11 33 39 35 30 34 17 16 19 23 10 15 16 15 21 31 24 7 4 2 2 4 7 5 10 5 4 4 6 12 18 21 15 19 28 24 39 33 26 33 39 54 66 76 28 5 11 11 6 13 45 29 10 20 25 13 9 6 18 45 16 16 21 25 6 14 25 35 15 11 4 3 6 20 37 36 33 24 28 36 44 15
14 12 6 4 5 7 10 14 11 8 6 5 5 3 5 9 13 11 20 29 17 14 12 11 6 7 21 16 15 17 24 17 17 8 3 3 6 4 10 4 4 2 5 7 10 14 28 22 17 43 27 29 31 34 47 73 63 46 8 15 18 9 20 33 72 18 30 15 14 16 15 11 27 49 26 16 21 30 8 13 24 32 22 27 12 2 8 17 19 12 11 8 7 10 17 21
5 7 9 8 4 1 2 3 4 2 2 1 1 2 2 2 3 2 4 8 12 9 8 5 6 7 19 15 14 11 11 11 7 6 9 5 3 3 5 4 3 9 26 27 27 28 42 58 21 40 25 22 25 23 67 59 31 7 17 23 18 12 28 57 24 12 30 15 16 20 14 8 18 42 62 30 26 22 9 11 25 39 32 20 10 1 7 8 6 15 14 18 17 13 11 21
11 18 15 27 15 7 5 4 5 15 15 16 18 20 30 18 16 15 4 1 3 2 2 3 2 11 11 8 10 7 5 4 9 7 5 5 2 1 3 4 11 26 29 27 34 45 44 29 49 32 24 19 27 31 67 26 12 18 26 23 16 15 28 63 21 12 13 24 16 8 6 10 37 47 23 46 35 24 10 6 35 29 39 19 8 2 8 17 29 34 17 24 29 23 16 5
19 29 28 32 25 9 9 30 19 29 29 37 32 36 36 36 32 30 27 15 9 6 7 3 1 1 2 5 8 4 4 4 6 6 5 3 1 1 3 9 28 29 30 46 48 55 51 40 44 59 55 49 33 46 30 14 5 30 23 25 11 15 42 53 22 8 15 23 20 16 4 11 49 19 18 58 48 31 15 6 20 17 33 18 4 5 16 17 18 27 20 17 8 9 9 17
31 33 32 36 24 18 19 36 34 34 32 35 51 38 47 48 39 33 29 31 20 32 27 12 11 8 5 2 2 1 1 1 1 5 4 1 1 3 9 30 31 31 34 35 50 55 57 69 50 52 34 75 56 31 37 30 11 28 29 38 29 21 51 15 7 24 32 15 27 13 4 12 19 22 15 59 34 32 16 10 24 21 19 16 4 10 33 36 36 22 15 6 12 12 11 19
50 47 35 49 36 22 22 29 28 33 53 51 51 55 52 37 38 33 33 34 33 36 34 26 22 23 12 8 6 6 10 15 5 2 2 2 1 3 9 27 27 31 29 39 53 52 62 63 48 51 33 23 44 42 52 10 27 30 22 34 21 25 33 39 37 20 14 11 40 28 11 8 24 18 31 64 32 29 25 11 13 22 19 7 12 22 32 52 50 41 37 17 18 24 27 57
47 48 53 38 36 36 24 37 48 53 56 50 52 41 50 41 38 38 35 50 47 48 33 30 26 41 25 21 12 13 34 13 9 3 1 0 0 3 8 17 15 21 29 32 41 60 35 16 65 57 45 31 48 54 10 9 22 24 21 33 41 43 47 21 15 14 23 18 16 24 19 11 31 24 32 44 41 46 27 12 11 18 10 8 20 24 21 20 13 11 11 21 26 27 64 71
44 44 53 53 53 26 24 37 49 57 54 48 49 46 46 47 36 60 52 52 31 25 28 31 32 32 27 24 24 31 14 11 5 5 4 4 2 2 7 18 17 28 44 33 22 28 22 38 37 45 46 17 33 8 14 9 13 16 16 29 50 54 29 48 28 13 14 15 16 28 34 13 17 23 37 39 45 27 24 14 7 12 11 14 31 14 14 19 30 31 26 22 14 55 41 51
54 69 56 27 48 26 39 38 63 49 46 46 43 62 66 49 53 51 39 55 36 36 21 45 48 28 27 29 50 18 9 9 8 7 11 6 6 7 9 14 29 34 44 19 26 29 27 41 38 34 25 18 22 8 15 7 17 30 34 43 33 21 37 50 18 9 8 10 24 23 22 14 11 22 26 51 50 36 27 13 6 8 17 32 43 41 31 23 28 18 15 43 50 63 43 23
59 73 37 39 58 32 28 56 52 62 32 49 62 51 68 53 34 25 54 45 43 39 16 54 24 22 34 47 19 10 13 20 20 16 14 13 12 10 4 6 20 29 17 16 17 36 63 60 49 33 28 17 14 13 20 25 34 22 18 18 19 25 30 51 22 11 14 13 12 11 14 19 10 22 38 35 32 45 30 13 6 23 40 27 37 52 45 45 38 37 16 37 38 38 45 20
44 61 29 30 55 31 32 59 48 57 22 43 61 47 64 36 34 37 52 59 50 27 31 20 24 40 62 15 12 24 22 22 23 20 16 14 12 12 4 4 3 5 9 16 32 57 60 43 65 28 22 13 28 22 25 16 12 7 20 21 16 34 31 27 12 46 51 41 30 30 20 20 10 19 25 20 30 34 17 5 12 36 54 60 54 60 61 52 37 38 35 45 18 11 42 29
48 24 27 25 44 21 27 54 66 50 18 48 59 54 53 57 32 50 72 60 43 22 43 27 46 52 14 17 29 29 22 22 36 24 30 19 15 18 18 10 12 10 10 23 62 45 60 24 31 47 18 20 36 27 25 20 13 22 51 49 38 36 69 35 44 35 47 49 27 21 22 21 12 9 16 27 17 28 8 3 17 29 29 44 42 22 40 13 9 11 7 65 47 25 22 12
73 49 34 20 35 17 40 49 74 37 20 33 46 52 57 32 30 78 51 17 22 50 46 40 47 29 28 32 45 47 30 36 35 33 17 28 20 31 22 20 12 6 2 7 33 31 34 15 11 10 8 20 26 35 26 40 42 40 26 36 57 46 29 55 47 44 20 37 66 32 18 13 11 5 12 17 12 19 11 10 24 37 33 33 27 13 18 22 32 53 66 85 61 29 21 10
54 55 23 29 31 15 26 40 52 30 14 28 58 59 29 48 37 45 19 14 28 60 70 57 45 50 35 36 47 36 32 59 41 18 19 34 25 38 34 18 16 10 8 6 2 5 3 4 12 24 40 37 47 44 40 47 34 28 49 71 74 71 49 57 12 74 62 23 23 63 61 45 30 16 4 14 13 8 6 11 25 22 20 32 21 24 47 54 38 35 48 69 42 32 24 13
43 24 14 25 19 18 11 31 37 18 12 24 50 47 36 38 23 15 5 24 45 59 48 26 26 16 16 54 50 36 48 50 34 19 25 34 38 39 37 11 14 11 14 12 13 5 2 7 17 21 33 31 41 37 29 29 38 56 41 84 74 45 39 79 54 35 72 39 23 17 33 38 46 44 24 13 8 8 6 10 30 26 18 21 29 41 52 50 47 62 46 61 54 46 28 11
31 18 7 19 12 13 8 12 16 6 6 14 23 13 18 24 8 13 11 29 54 25 25 31 21 24 19 56 52 36 66 48 23 33 31 43 45 59 47 25 23 10 22 19 13 7 3 4 16 18 16 25 42 34 50 53 30 56 64 83 30 11 44 78 45 50 38 73 39 12 19 25 43 36 37 34 13 6 3 8 22 24 22 18 23 37 69 45 35 75 47 48 55 24 16 13
11 6 4 10 6 4 6 4 12 10 7 11 10 10 21 27 22 31 17 27 43 27 28 30 24 21 22 54 52 38 62 41 38 37 35 51 48 50 24 30 43 31 23 13 7 3 1 1 9 19 18 33 45 37 35 44 24 42 71 45 30 19 65 79 63 23 20 27 55 30 19 17 23 17 43 22 16 8 4 8 16 22 28 21 50 65 78 51 48 75 46 22 30 46 17 8
4 1 4 6 4 9 12 36 29 62 51 50 9 20 31 33 40 16 19 41 34 23 25 17 22 30 21 46 49 57 44 40 37 41 42 54 68 49 35 32 62 47 12 7 7 3 1 2 14 19 38 38 38 40 23 26 45 70 80 36 26 29 45 78 71 54 25 9 49 50 35 18 18 20 54 21 11 7 4 16 21 31 30 37 43 32 36 31 46 44 58 46 47 41 12 2
2 2 3 5 36 36 47 56 27 35 49 55 56 43 15 20 15 12 19 19 11 20 20 26 37 31 30 62 49 72 39 40 37 48 52 68 73 44 46 43 56 32 21 12 10 14 10 1 7 25 20 29 26 20 20 37 54 66 59 51 28 27 32 86 57 53 52 8 39 60 51 18 17 18 23 39 18 5 5 19 20 32 47 52 44 33 36 24 35 34 44 32 24 11 4 8
4 7 2 4 9 13 38 12 15 16 36 45 26 44 14 14 16 32 25 15 16 21 21 31 56 38 31 55 53 48 32 47 38 50 46 64 52 45 60 35 22 19 32 30 24 24 15 7 4 9 28 22 21 31 29 13 41 38 49 78 43 40 52 66 53 17 51 26 33 40 38 37 22 13 10 70 17 4 7 15 28 33 26 60 39 35 36 26 25 16 16 12 9 10 13 27
12 30 7 7 20 18 27 23 17 38 41 35 49 62 58 32 39 29 19 16 26 25 30 30 43 32 29 53 53 29 40 40 42 47 60 67 57 50 25 14 15 30 31 31 42 30 27 8 3 2 10 22 25 35 35 22 41 44 32 46 46 50 53 67 71 20 37 40 28 55 43 24 30 20 19 22 16 3 8 14 24 31 47 61 39 42 32 26 36 12 9 6 8 15 26 29
9 27 45 17 5 10 20 27 47 36 27 28 66 32 35 80 69 11 22 22 27 25 30 26 32 27 34 59 43 36 37 37 46 61 65 44 21 20 33 33 41 41 39 31 47 45 32 12 3 1 2 35 25 20 40 29 46 39 33 36 45 33 35 50 79 21 18 34 26 27 35 22 20 18 16 16 11 7 5 14 20 27 68 48 21 19 18 22 20 3 4 14 16 22 28 24
40 41 48 52 16 4 13 48 52 44 9 12 32 40 66 70 54 66 68 36 19 41 37 14 28 22 42 38 38 34 39 32 50 66 73 38 37 31 48 47 63 67 51 53 63 37 21 7 1 1 2 4 7 14 42 33 51 48 33 30 29 16 7 24 61 36 24 23 23 22 22 34 22 21 13 12 8 6 6 15 24 29 34 29 17 15 9 10 4 12 14 17 31 36 25 24
23 14 26 69 14 18 13 15 20 27 20 6 26 75 80 72 54 38 63 48 44 57 43 22 35 36 55 52 48 59 41 40 48 51 46 30 35 46 48 55 27 29 60 79 35 25 21 8 2 2 4 3 3 5 19 44 50 62 30 33 30 16 10 47 65 33 35 23 22 25 30 32 18 11 15 13 10 6 8 17 19 34 28 14 11 7 9 18 18 29 32 35 34 35 17 19
13 30 25 72 70 14 20 13 18 17 23 12 36 43 45 52 65 79 45 14 44 14 60 74 88 74 65 45 68 51 61 36 34 20 71 56 60 53 31 32 14 3 57 54 50 37 34 20 10 15 17 11 4 1 3 11 14 30 17 27 22 13 16 34 47 51 33 23 26 7 10 14 21 10 7 7 10 5 6 11 22 21 21 15 7 12 26 27 36 28 30 48 38 27 23 18
9 23 22 31 73 58 31 15 16 19 17 18 36 62 72 73 32 75 70 28 52 49 25 44 59 40 53 32 63 22 15 40 25 24 49 85 70 49 31 73 39 40 48 51 62 40 25 21 29 35 24 12 2 1 2 2 2 8 6 25 21 12 26 40 38 52 37 24 18 16 16 16 14 10 8 4 8 5 3 5 8 10 14 11 7 18 22 28 33 31 32 28 60 31 20 11
4 10 17 4 26 81 30 20 11 11 19 25 21 34 44 54 62 72 52 54 62 40 13 48 61 38 38 38 44 63 45 59 47 31 38 76 85 90 89 85 73 59 57 67 62 44 40 35 57 23 16 18 16 14 10 9 5 3 2 6 8 12 16 40 39 42 37 27 18 15 11 9 9 6 6 3 3 3 2 3 4 6 3 4 5 5 10 24 35 17 20 34 32 29 14 26
9 7 14 44 29 58 76 33 33 15 9 14 17 23 55 41 67 80 16 26 71 61 25 13 77 77 48 33 49 62 28 30 38 30 28 58 79 82 75 50 69 69 43 49 55 57 70 70 48 13 27 35 31 31 30 41 38 12 5 6 4 5 9 12 23 49 29 24 12 17 11 6 8 6 5 3 3 2 1 3 2 6 10 13 19 12 15 16 29 28 24 25 27 26 36 37
19 6 5 30 54 64 82 65 31 29 23 18 18 27 24 17 47 36 26 63 87 38 22 14 22 67 36 48 43 61 61 44 49 48 46 83 72 49 41 32 44 23 22 75 47 70 82 78 53 44 53 44 43 31 25 10 16 11 8 6 5 6 9 11 7 22 28 23 19 16 7 3 4 4 4 3 3 1 1 2 4 7 8 14 23 34 34 34 40 34 27 32 30 26 22 35
31 24 20 12 17 21 33 68 34 47 31 20 17 23 39 19 42 28 54 41 82 40 26 23 13 32 34 44 20 61 67 37 39 44 58 76 73 36 25 39 35 26 28 43 59 48 46 31 38 43 38 41 38 40 41 13 10 15 7 5 5 4 8 7 6 13 21 23 16 7 5 2 3 3 4 3 1 1 1 4 5 7 17 22 10 8 24 60 26 39 40 40 41 30 35 39
17 19 41 16 16 44 42 71 71 55 49 22 20 16 20 25 32 38 31 47 74 82 57 34 13 13 30 9 27 63 72 48 38 47 41 43 47 36 26 34 31 28 28 31 68 43 45 31 23 21 25 11 16 13 27 20 6 16 7 5 3 4 4 5 5 10 14 11 10 5 5 3 3 3 2 1 1 1 3 3 6 7 7 8 8 20 46 48 51 53 48 41 43 52 40 44
34 31 15 12 16 26 39 53 70 51 39 32 16 10 15 27 14 20 40 79 71 75 61 52 34 10 39 37 14 20 57 40 48 42 22 26 35 59 28 26 32 23 17 28 50 45 53 37 29 23 21 17 6 9 16 16 7 14 12 4 3 3 3 4 4 7 8 6 7 4 4 2 2 2 1 1 1 2 3 4 3 4 6 13 21 32 33 52 31 29 22 22 32 43 39 22
47 50 21 12 4 28 24 43 63 67 34 35 23 20 24 26 15 44 66 80 48 51 60 29 25 24 14 27 39 8 35 52 32 37 22 37 35 25 27 28 38 30 12 15 25 43 54 43 44 33 31 18 13 6 6 11 9 12 17 7 5 2 2 2 2 5 5 6 5 3 2 1 1 1 0 0 1 2 2 2 1 6 7 16 27 27 36 33 31 21 18 30 35 31 25 24
52 47 31 27 9 10 27 37 77 31 39 25 18 18 18 22 18 37 73 50 11 34 81 33 24 28 13 19 20 35 31 31 26 28 31 20 19 12 12 26 40 21 12 11 13 25 52 36 49 32 23 18 12 8 3 4 6 6 9 7 2 2 1 1 1 3 2 2 3 2 2 1 0 0 0 1 1 2 3 5 4 9 18 26 18 25 47 42 28 28 34 28 29 35 34 17
50 49 34 19 20 14 28 34 72 39 17 38 29 18 16 15 14 55 54 32 55 60 73 58 33 20 25 41 16 48 36 32 33 21 36 20 23 21 7 19 13 11 14 29 39 43 49 41 60 59 47 33 15 11 3 2 4 5 6 7 4 2 1 1 1 1 1 2 2 2 2 1 0 0 1 2 2 3 3 4 5 8 10 11 18 24 27 37 44 43 43 34 36 19 32 29
43 35 31 22 21 24 15 24 43 69 38 21 32 18 17 15 19 43 36 43 35 50 72 57 38 47 21 28 31 54 31 23 28 28 17 12 22 18 17 15 6 7 15 53 34 28 49 31 49 53 60 38 26 17 6 3 2 3 4 4 4 1 1 1 1 1 1 2 2 1 1 0 0 0 1 1 2 2 4 4 6 8 15 13 15 13 29 35 34 32 32 52 35 42 54 34
38 43 26 20 25 23 21 27 31 50 52 21 17 18 18 19 21 22 30 37 40 54 79 54 47 31 43 25 30 47 30 12 17 19 23 11 13 16 11 8 5 11 35 55 16 33 37 21 42 41 41 47 39 29 22 13 3 1 2 2 2 2 1 1 1 1 1 1 1 1 0 0 0 1 1 2 2 3 6 4 10 11 12 8 8 14 19 14 26 39 28 36 30 17 28 29
83 62 46 19 15 24 20 24 28 44 54 35 28 23 23 18 17 23 23 18 46 43 70 53 30 25 30 32 27 20 39 16 15 18 14 19 15 16 6 8 25 28 38 15 17 28 18 22 29 38 50 46 59 45 35 25 14 3 1 1 1 1 1 0 0 0 0 1 0 0 0 0 1 1 2 2 1 1 2 2 5 5 7 6 4 7 10 12 18 24 35 49 30 26 28 8
52 81 68 44 25 15 14 23 30 36 70 44 33 20 16 13 15 10 17 19 34 40 57 62 32 24 19 22 28 28 26 37 23 11 11 22 15 7 3 12 21 48 28 16 21 23 19 16 30 40 26 29 36 46 41 26 17 12 5 1 1 1 1 1 0 0 0 0 0 0 0 0 0 1 1 2 1 2 4 3 4 4 4 5 7 10 12 11 18 30 33 36 27 25 22 29
24 85 37 77 59 45 16 19 21 41 59 36 27 16 13 10 6 7 18 21 36 51 38 57 48 33 28 19 18 25 25 33 25 20 9 17 7 3 8 8 29 28 30 11 13 24 8 12 32 43 22 22 30 29 62 39 28 15 10 2 1 1 1 0 0 0 0 0 0 0 0 0 1 1 2 3 2 4 5 6 4 3 4 6 13 13 10 10 24 24 26 17 20 31 26 24
45 50 36 75 55 58 37 12 16 19 43 39 18 17 11 6 6 8 17 32 15 14 57 59 63 52 42 38 16 11 12 19 17 14 6 6 3 3 5 8 27 13 12 10 9 29 9 12 41 41 30 12 8 7 44 31 28 15 7 4 2 0 1 0 0 0 0 0 0 0 0 0 0 1 2 3 4 5 8 9 14 18 12 17 17 15 11 10 16 18 19 28 38 38 36 30
54 49 45 40 50 32 66 25 9 10 21 28 19 11 9 5 5 12 15 16 31 58 68 68 74 55 43 26 24 13 20 22 16 12 11 8 5 3 10 18 15 10 8 7 13 36 20 22 49 45 46 16 5 2 10 10 17 17 6 4 2 1 0 0 0 0 0 0 0 0 0 0 0 1 1 2 5 9 17 12 18 23 30 22 18 17 11 14 27 17 16 20 21 15 19 19
57 46 53 42 48 21 35 46 9 7 19 25 31 11 5 3 4 6 19 29 51 55 68 61 65 69 37 26 23 20 17 14 13 11 6 3 3 3 5 18 12 7 6 6 6 12 14 12 36 51 33 18 19 5 5 11 5 8 6 6 2 1 0 0 0 0 0 0 0 0 1 1 2 2 2 3 5 11 10 26 32 26 22 29 24 24 24 41 29 11 13 9 15 29 26 27
51 60 63 47 25 22 22 23 15 6 13 18 22 9 3 1 4 11 30 54 38 26 59 52 50 62 44 26 23 19 14 11 9 8 6 3 2 4 14 18 8 5 4 3 5 18 5 14 44 19 28 16 12 8 6 7 9 6 6 3 2 1 0 0 0 0 0 0 0 0 0 1 1 2 2 6 8 16 20 21 38 47 47 49 52 42 42 39 27 20 18 23 15 17 30 26
33 28 38 41 22 24 14 13 16 9 5 10 12 8 3 1 7 17 25 26 31 29 48 69 31 37 33 38 18 13 11 9 8 8 7 2 2 9 22 6 4 2 2 3 7 11 13 50 64 11 6 24 11 8 5 5 8 6 4 2 2 1 1 0 0 0 0 0 0 0 0 1 1 2 2 4 8 6 6 16 25 26 30 39 56 43 54 49 37 37 24 24 36 29 22 22
15 16 16 19 20 15 14 12 13 9 4 4 5 7 2 2 5 8 13 16 24 22 19 30 27 23 21 25 11 10 8 7 5 4 4 1 6 12 6 4 4 2 1 3 7 11 22 19 48 16 6 15 16 7 7 9 6 5 3 2 1 1 1 0 0 0 0 0 0 0 0 0 1 1 2 3 4 5 4 6 13 17 26 23 51 46 60 62 45 54 47 47 40 39 29 47
