sesion_6_simulaciones/modelos_agentes/ejemplos_netlogo/scenarios/cgcm2_a2/rob_2041.asc
NCOLS 322 
NROWS 307 
XLLCORNER 451900 
YLLCORNER 4086900 
CELLSIZE 100 
NODATA_value -9999 
[rows 0 to 73 of 307, columns 96 to 191 of 322]
33 3 1 1 19 4 5 4 4 4 10 10 14 30 28 8 16 10 10 3 12 10 7 26 8 5 9 9 14 9 3 3 7 12 6 5 7 12 17 8 5 28 64 69 79 68 81 80 85 78 77 82 60 32 48 47 49 17 33 28 35 18 14 8 36 45 47 8 7 33 43 24 21 25 23 16 19 23 14 58 41 24 32 32 36 22 25 29 37 56 36 27 23 9 17 32
1 2 2 2 3 9 4 4 3 6 6 11 31 40 17 13 4 4 2 5 9 2 3 3 9 5 9 5 6 27 11 4 4 7 3 7 9 12 19 24 30 39 36 30 83 85 85 82 93 73 86 76 37 38 72 23 9 15 9 15 5 20 15 8 17 9 12 41 39 33 19 45 58 33 47 53 58 25 28 32 28 24 39 41 45 30 29 41 46 43 51 40 50 27 35 35
0 1 1 6 4 5 4 2 3 4 3 7 13 14 3 3 7 11 12 14 22 2 4 4 7 6 10 4 10 11 19 16 2 8 25 22 23 30 35 40 49 59 42 49 17 8 21 48 91 82 81 80 38 72 68 63 40 18 15 22 15 52 73 67 74 48 40 59 26 36 29 33 42 43 49 66 74 69 45 33 33 31 45 45 48 39 40 59 40 41 53 41 48 52 38 39
0 0 0 1 1 1 1 6 2 1 1 3 5 9 10 12 12 19 22 17 7 2 9 9 2 5 6 7 8 3 9 11 10 18 26 19 44 43 64 75 79 79 63 25 12 17 7 12 42 18 30 30 16 37 63 21 60 6 9 20 31 53 80 79 80 82 76 42 57 50 49 58 40 42 55 52 54 27 23 33 46 45 59 58 56 44 41 53 38 35 55 56 38 48 34 51
1 1 1 0 0 0 1 6 12 2 8 5 3 5 17 12 10 43 16 7 9 6 7 16 13 8 7 7 5 20 25 18 4 18 39 41 52 66 81 85 85 77 64 37 21 10 14 32 20 15 23 26 7 47 18 36 51 30 6 12 55 71 60 77 64 38 75 45 56 71 59 51 40 34 59 42 45 38 41 45 52 48 80 61 46 48 47 60 44 46 55 68 36 57 57 61
1 1 0 1 0 0 1 2 9 20 4 9 3 8 10 5 20 15 19 13 3 4 12 11 14 7 10 9 4 5 9 22 19 9 44 63 68 79 84 74 79 77 72 47 19 27 19 25 28 23 30 49 10 21 23 46 26 25 19 20 56 62 22 13 19 38 44 19 22 40 15 48 78 60 52 34 39 38 37 55 47 56 60 56 64 50 49 67 64 45 60 44 58 52 72 36
0 1 2 1 1 1 2 1 4 15 14 4 3 5 6 18 8 17 28 19 20 10 5 6 11 11 17 11 6 3 7 28 31 23 39 76 82 81 75 76 76 72 41 23 28 56 31 45 40 39 31 36 31 34 47 35 16 30 39 16 10 13 11 18 9 14 46 63 43 44 20 45 30 16 58 59 57 59 36 56 46 38 45 40 61 63 53 67 66 40 67 58 56 48 33 29
0 0 0 1 0 1 1 1 2 9 44 42 38 16 10 4 5 14 11 12 26 48 11 25 32 16 16 5 11 9 11 13 33 58 41 66 69 76 74 69 62 27 32 26 53 45 37 61 47 46 27 31 49 57 41 41 34 60 66 67 44 19 4 4 19 11 35 21 45 26 38 26 13 29 17 48 58 83 67 35 54 63 45 53 78 55 55 60 65 63 48 38 17 26 26 21
0 0 0 1 1 1 1 1 2 2 8 39 51 64 31 42 7 6 6 23 25 10 12 19 16 7 12 11 8 13 27 22 43 69 79 46 31 40 28 25 38 22 18 32 61 51 28 42 47 37 32 24 76 48 41 56 43 55 21 42 69 51 26 3 17 17 11 11 5 15 43 38 16 18 41 21 30 36 45 70 65 84 55 62 40 28 39 78 52 57 44 76 55 37 28 35
0 0 0 0 1 3 2 1 1 3 6 1 2 2 2 2 10 5 8 9 12 8 15 9 23 16 12 10 15 20 25 59 52 44 62 54 49 47 25 22 11 10 15 32 63 41 18 19 31 41 38 26 35 82 72 72 19 34 16 59 45 49 13 17 4 10 8 5 14 26 26 32 37 28 38 55 23 23 63 68 43 68 54 47 28 35 26 40 41 57 31 45 75 71 31 22
1 0 1 1 2 1 2 3 4 1 2 1 6 3 2 3 10 2 15 6 10 7 11 13 24 7 6 12 22 36 56 57 81 67 45 43 41 59 55 33 19 8 6 11 38 14 14 23 35 27 41 23 39 48 81 66 35 24 33 54 27 28 16 6 11 14 16 7 25 37 38 43 28 19 45 60 42 19 20 54 40 27 51 64 36 40 28 32 69 56 50 40 67 83 59 33
0 0 1 1 1 3 2 6 7 7 2 3 6 11 10 7 8 19 23 12 40 19 6 13 13 14 7 10 16 70 70 61 60 54 44 34 35 51 49 34 17 8 8 18 20 11 11 37 22 27 53 26 39 56 35 48 34 33 44 40 18 17 35 25 12 9 27 24 34 62 72 72 20 32 47 57 41 23 23 61 38 10 36 62 33 42 36 30 54 37 29 37 54 64 64 58
0 0 1 1 2 2 2 2 3 6 7 4 1 2 4 13 20 9 28 22 49 50 11 8 6 10 6 15 30 50 72 51 48 42 41 48 50 21 27 44 16 6 7 21 18 8 17 21 26 40 57 45 44 66 47 39 44 41 52 20 17 20 30 26 14 11 10 25 42 28 49 48 35 28 32 55 30 26 11 21 40 9 47 71 34 38 48 30 21 42 35 17 22 39 56 70
0 0 0 0 0 0 0 0 2 3 6 5 5 5 6 4 20 8 44 15 10 9 32 18 14 8 14 46 48 39 45 47 35 18 18 17 15 10 9 13 15 3 2 2 7 6 11 15 45 61 68 62 47 49 32 47 54 45 42 39 15 13 33 35 26 23 12 13 16 10 5 5 21 33 33 42 30 43 27 17 8 12 24 61 62 32 39 41 25 22 39 21 30 52 75 55
0 0 0 0 0 0 0 0 1 1 3 3 5 6 7 5 4 5 35 18 13 31 38 16 19 16 20 20 43 47 25 16 14 19 24 17 16 12 6 2 12 2 7 4 1 2 10 23 29 60 57 52 43 51 31 59 61 52 53 55 11 28 37 38 26 17 8 11 7 4 4 23 52 46 38 46 48 40 22 22 34 12 31 59 63 31 15 18 22 18 13 10 24 39 50 44
5 0 0 0 1 1 1 0 0 0 0 0 0 1 2 3 7 12 5 2 7 10 5 38 23 30 15 19 16 11 14 31 37 36 25 30 47 42 20 4 4 4 2 4 2 3 2 10 24 28 38 31 28 28 42 29 43 42 57 51 10 26 9 37 53 32 12 13 15 3 10 35 48 53 28 18 31 40 48 42 30 26 28 45 68 82 55 39 20 14 13 7 21 56 47 36
0 0 1 1 1 1 2 1 0 1 2 2 1 1 2 6 7 11 6 10 9 3 5 12 43 28 33 40 64 46 32 19 23 33 33 48 59 56 33 4 8 7 3 4 11 13 11 2 9 15 11 10 8 9 14 35 43 53 55 55 17 37 26 31 44 15 10 12 8 8 11 41 33 46 18 14 26 24 42 37 34 30 34 32 65 83 79 33 19 15 13 9 20 42 56 48
0 1 1 7 7 1 1 1 0 0 1 0 1 1 1 2 6 6 9 11 6 5 7 9 24 30 10 23 21 15 31 29 37 25 57 75 54 57 34 19 27 28 19 19 30 27 29 13 4 1 2 3 2 1 4 37 69 85 62 29 47 34 29 20 32 25 12 22 7 7 45 43 50 40 17 27 51 32 32 40 23 20 14 8 49 58 52 56 33 17 14 8 11 23 30 14
1 1 2 1 0 3 0 0 0 0 1 0 0 0 0 1 1 4 4 2 5 7 7 8 36 53 27 25 19 34 43 48 31 54 59 61 28 28 30 50 38 44 52 60 52 31 38 27 12 8 5 4 7 1 2 5 65 77 49 33 32 40 21 17 26 9 11 13 4 33 63 58 49 50 22 23 51 47 41 67 43 27 13 8 15 37 39 39 40 20 15 12 6 12 46 10
2 2 0 0 0 1 5 1 0 0 2 2 2 1 1 5 1 1 2 3 7 10 12 6 26 26 21 30 36 34 37 64 53 47 47 27 43 44 37 47 67 69 57 30 33 17 27 29 15 11 9 2 4 2 5 4 16 27 39 47 31 19 16 36 32 6 12 37 64 48 63 77 40 70 35 16 42 62 44 62 50 47 30 11 10 29 52 35 49 25 19 9 3 6 29 24
2 1 0 1 0 2 2 3 1 2 2 2 2 1 1 1 1 3 3 4 3 5 4 3 13 25 20 10 10 29 21 20 35 45 58 36 32 47 31 66 37 36 49 32 19 14 15 19 16 8 11 10 3 6 9 7 9 22 41 41 13 13 53 46 28 7 23 36 48 60 47 53 30 36 58 42 26 22 24 61 25 22 36 23 14 6 30 17 47 18 20 8 5 5 8 19
3 1 1 1 3 2 3 6 6 6 10 4 3 1 2 1 2 1 1 9 5 6 7 6 26 16 30 26 14 22 21 32 37 61 63 50 72 40 57 26 40 23 14 13 21 20 37 23 20 7 9 7 7 7 12 9 10 15 36 41 43 13 20 25 16 19 44 12 36 56 58 40 43 20 48 57 34 19 19 69 78 36 14 43 24 5 4 8 37 23 21 16 6 4 5 16
2 1 0 1 5 3 1 3 2 2 1 2 5 3 1 1 1 2 1 6 17 13 15 9 27 9 18 36 19 13 41 59 61 25 13 73 65 34 34 33 40 47 22 11 7 17 12 4 5 4 10 6 6 7 7 8 4 8 17 15 15 17 12 12 14 34 49 7 31 21 45 54 40 13 12 36 36 46 21 43 76 47 39 12 23 7 2 6 34 39 7 21 9 4 5 11
4 1 0 1 5 5 2 5 14 3 10 4 4 22 13 7 6 6 4 26 15 24 20 13 27 23 14 40 44 26 21 20 9 7 9 23 37 45 21 39 36 46 36 29 16 4 2 1 1 1 3 3 2 2 5 2 3 3 4 9 20 17 12 19 39 37 27 12 23 22 23 38 29 28 17 51 50 34 25 12 43 46 23 38 11 6 4 4 4 16 4 10 7 3 2 3
5 3 0 1 8 6 4 2 19 7 3 9 13 17 20 22 40 9 13 11 27 31 53 30 21 23 44 33 59 36 18 12 25 25 16 2 9 37 37 16 28 47 54 53 27 16 11 7 4 4 1 1 1 0 0 1 1 1 5 13 27 18 25 30 17 39 20 26 28 23 17 22 39 42 10 36 44 24 26 15 27 42 14 6 20 9 4 3 3 5 6 6 7 3 1 1
18 9 3 4 11 3 8 2 7 12 11 10 22 30 38 21 40 46 15 16 47 74 76 83 74 66 65 46 65 50 70 69 73 46 21 19 22 16 13 25 48 34 40 44 48 39 31 18 14 10 5 4 4 4 3 3 3 3 12 23 24 21 16 19 15 31 32 42 15 34 13 10 33 23 10 24 21 10 13 10 10 15 36 5 7 3 4 1 1 3 2 3 1 1 1 1
15 9 14 15 16 3 6 5 14 23 19 14 14 48 59 43 45 76 59 73 77 78 84 83 74 80 77 71 77 82 55 27 45 54 46 24 31 25 11 8 33 40 44 59 47 42 39 27 24 18 13 12 11 10 5 9 5 6 12 12 19 13 8 10 9 39 21 36 28 28 8 11 15 19 10 20 17 24 6 9 8 3 10 6 3 6 2 1 0 1 2 1 2 1 1 1
10 18 15 11 19 19 22 15 21 36 34 52 44 53 67 85 79 68 77 40 47 55 67 80 76 72 80 80 81 82 25 16 16 16 32 35 46 26 34 24 23 49 53 44 40 37 28 54 42 25 19 19 16 14 13 12 12 3 7 8 10 7 8 16 30 46 36 19 26 12 11 6 12 11 11 6 6 10 12 6 8 4 6 5 1 5 2 1 0 1 2 2 1 1 1 0
13 31 17 12 25 20 23 22 31 54 67 78 86 87 90 89 80 78 84 68 40 21 52 69 51 47 38 63 66 60 43 10 9 7 9 15 27 23 27 33 13 26 30 31 18 16 9 19 24 24 36 34 21 18 17 27 15 4 5 5 4 9 22 29 35 26 14 13 10 17 13 18 8 6 6 5 4 5 9 5 4 3 3 2 2 2 2 1 1 0 1 0 0 1 0 0
16 32 14 17 44 40 36 53 70 81 87 86 84 87 84 90 78 78 90 46 74 36 22 43 30 18 22 24 26 28 49 32 23 5 8 5 14 11 11 27 23 19 37 14 18 14 7 12 13 8 7 7 6 11 11 4 18 9 6 5 7 11 24 27 26 17 8 16 24 12 15 9 7 4 4 2 2 2 3 3 3 2 1 2 1 0 1 0 0 0 0 0 0 0 0 0
9 40 37 35 48 64 74 82 76 88 82 90 75 88 81 85 64 69 86 75 38 44 24 13 12 10 4 4 14 15 21 60 30 10 11 8 25 47 43 27 28 17 16 8 6 9 9 3 2 3 4 11 20 20 10 9 22 13 18 5 10 13 20 14 22 8 5 9 18 16 10 6 3 4 3 1 1 0 1 1 1 1 0 0 0 0 0 0 0 0 0 0 1 1 1 1
31 50 67 66 82 88 85 86 82 84 79 91 78 79 61 77 63 74 75 78 26 49 48 20 13 3 4 1 5 7 7 15 21 11 12 16 9 18 17 19 14 13 13 21 18 10 11 5 8 8 24 46 42 25 39 8 24 22 5 2 2 8 6 15 9 11 4 3 3 5 4 4 2 1 1 1 1 1 2 2 1 2 1 2 2 2 1 1 1 2 0 1 3 2 1 3
61 74 78 84 83 81 86 82 82 73 88 71 46 61 55 55 61 63 66 72 35 21 28 18 15 9 4 5 13 14 15 26 20 7 24 19 25 25 36 24 39 25 35 34 35 31 21 17 14 18 27 55 63 61 53 25 29 24 11 14 7 2 2 2 2 2 3 2 1 1 2 1 1 3 5 4 7 4 6 3 3 5 2 4 3 10 4 2 3 3 1 2 3 2 2 4
78 83 84 74 84 82 87 75 74 58 70 19 32 24 31 44 46 35 36 58 34 14 7 5 9 13 14 11 17 7 40 47 44 31 42 44 40 33 38 37 38 40 39 37 51 36 39 21 11 42 43 45 62 48 37 31 53 33 26 39 25 15 14 13 11 11 18 10 7 6 6 7 12 11 11 6 12 10 10 10 8 8 7 7 15 8 6 4 4 2 3 2 5 3 7 7
24 34 58 52 72 69 79 75 41 9 5 6 15 9 8 10 11 20 37 51 33 10 12 20 11 11 39 28 42 31 42 45 46 41 42 63 51 29 52 46 44 56 54 52 40 37 42 29 24 34 47 46 59 70 54 55 43 34 41 41 33 34 31 34 31 24 33 23 17 9 15 15 14 15 26 15 15 23 13 20 18 11 13 12 27 10 7 6 6 5 5 4 8 10 11 15
29 19 13 13 8 9 28 30 29 11 7 9 15 14 6 3 2 4 17 26 15 9 39 12 29 40 51 43 57 42 41 36 56 48 34 51 49 32 47 53 44 61 43 39 39 43 58 43 28 33 52 52 31 78 59 70 41 44 53 41 52 39 34 33 32 20 40 23 13 19 19 19 28 18 27 18 18 30 29 27 17 16 25 19 19 12 9 9 9 8 7 7 23 16 12 11
49 63 52 24 21 17 5 11 16 6 12 14 11 6 2 4 1 9 8 13 24 44 51 27 49 44 53 50 41 19 7 20 43 43 35 48 32 39 48 58 61 39 45 39 39 60 49 33 45 41 57 66 45 78 74 42 70 63 57 39 49 41 54 50 35 37 30 28 25 14 23 36 36 23 34 34 26 37 23 31 23 34 35 40 24 12 6 15 12 12 17 20 26 9 27 14
58 43 40 27 15 12 13 12 24 26 28 26 16 5 5 13 14 16 23 35 63 63 62 40 47 37 38 47 47 41 25 20 41 36 48 35 30 40 38 53 25 21 48 52 42 75 48 50 59 35 66 43 75 77 50 61 76 63 40 56 41 55 52 39 25 41 37 30 17 29 47 54 46 29 42 44 44 48 28 26 30 41 39 29 21 10 9 22 19 11 31 34 32 12 7 39
33 45 51 39 39 23 38 31 41 43 45 52 36 25 20 30 19 28 43 51 63 48 26 45 59 41 23 34 48 45 35 22 33 42 24 53 35 63 48 34 39 26 53 37 33 78 59 58 46 36 50 76 73 59 53 49 64 74 44 59 58 65 53 30 54 50 52 35 16 37 50 74 58 42 47 54 55 41 33 22 41 66 54 42 32 13 30 50 32 13 26 53 50 20 11 38
60 65 36 38 24 37 50 40 39 57 52 52 45 41 43 37 38 48 50 52 61 48 45 56 44 30 32 49 37 47 26 38 24 19 48 54 57 41 47 32 35 20 53 19 17 56 60 61 38 46 56 43 75 24 19 15 39 63 36 65 74 60 53 72 57 54 34 15 23 57 62 81 69 51 55 68 77 50 50 26 51 74 50 33 27 22 44 61 39 21 16 68 76 45 26 35
37 49 32 50 37 48 51 52 49 48 63 56 46 44 65 33 39 51 48 49 61 57 36 57 42 42 48 42 41 53 27 45 27 26 28 55 24 38 27 45 35 35 43 25 47 44 74 57 26 43 60 55 56 36 30 20 28 39 30 73 77 68 67 71 32 51 20 18 28 61 74 77 75 59 65 74 83 44 57 28 55 83 59 30 25 30 55 71 51 31 24 60 72 58 20 43
31 44 62 43 30 39 53 41 37 43 65 51 41 57 42 38 27 48 57 39 37 48 55 54 40 39 32 28 27 75 31 49 28 31 36 55 47 37 24 33 24 42 35 27 44 38 54 31 35 24 38 75 59 45 30 32 61 31 36 68 60 65 84 48 57 49 32 33 48 49 76 77 78 49 58 77 64 42 66 36 46 75 64 52 33 37 62 76 56 41 30 47 68 47 36 48
20 21 42 22 18 15 39 33 24 35 36 38 32 46 40 35 38 36 47 43 35 22 35 49 47 40 47 26 23 34 46 63 29 23 37 58 32 18 23 36 24 40 31 29 37 41 40 27 23 24 25 56 20 27 37 34 54 25 47 57 48 68 38 53 75 40 36 38 60 49 66 85 65 39 61 78 66 47 71 44 52 74 51 49 48 37 38 75 75 46 30 51 70 50 36 52
6 15 9 10 13 15 30 36 16 35 32 41 41 30 29 42 31 31 36 43 24 20 19 44 46 32 48 17 23 42 37 47 17 21 37 26 22 32 25 41 48 20 24 45 40 24 15 53 20 18 17 32 11 20 26 50 47 62 52 31 26 21 42 75 37 46 58 34 45 54 50 75 39 36 57 75 50 50 64 32 64 68 48 52 53 56 26 35 78 45 38 46 71 63 53 45
3 4 5 6 15 6 11 11 16 26 22 38 29 26 29 30 27 21 22 29 32 17 39 31 42 37 32 29 7 22 41 53 6 14 18 46 17 10 16 20 48 24 20 13 15 22 23 5 17 26 20 38 30 17 31 34 66 53 39 63 49 28 59 37 57 65 33 36 41 60 36 69 28 34 46 70 41 64 64 32 50 52 39 66 67 63 39 34 75 58 37 52 60 44 53 42
1 2 4 7 10 3 12 10 13 21 23 42 25 14 18 25 28 38 20 9 11 10 47 7 22 33 28 20 9 19 18 17 3 4 28 7 5 4 23 6 36 17 22 14 18 19 17 49 60 75 67 49 53 45 30 47 56 40 42 47 36 40 51 26 60 33 39 39 45 66 32 53 35 53 26 46 34 59 44 34 60 37 39 54 70 38 50 32 51 45 52 41 71 74 75 63
2 1 5 2 3 15 2 4 9 14 24 25 14 24 8 28 8 25 20 9 6 15 21 17 19 26 23 28 6 5 3 12 14 16 8 5 12 14 19 15 18 19 25 41 22 65 36 77 52 59 41 42 51 70 75 58 56 20 28 54 37 40 16 24 50 35 35 42 50 60 64 52 57 47 34 67 32 66 31 31 72 30 66 60 68 44 57 45 42 65 60 71 70 76 80 89
0 1 1 1 1 4 14 3 7 5 4 8 4 12 8 15 10 21 19 21 13 18 17 28 7 9 14 10 15 17 5 3 7 9 42 48 32 34 56 76 54 55 51 78 53 41 72 76 34 63 47 39 51 72 67 52 58 62 51 73 57 65 65 41 44 49 58 50 41 46 63 63 54 78 82 78 79 88 83 63 67 73 75 73 38 86 86 72 67 37 55 45 57 79 60 65
0 1 1 2 8 22 5 3 1 0 1 2 4 12 13 13 11 22 11 11 14 15 13 24 15 10 4 4 5 4 4 7 8 2 6 39 56 13 21 62 62 64 45 76 84 42 45 57 66 59 69 22 32 73 76 41 82 74 88 84 47 67 52 60 52 67 53 72 74 21 31 69 71 36 67 79 56 78 60 84 50 70 81 72 49 83 76 63 87 80 64 38 52 67 48 36
0 0 1 0 0 1 1 1 0 2 3 3 14 10 5 11 5 14 6 8 13 8 14 18 11 9 3 4 10 13 8 1 4 4 3 10 18 8 11 40 55 27 67 84 69 28 46 33 51 51 67 30 36 62 59 73 64 56 74 82 52 19 34 70 70 76 70 63 62 69 24 63 81 40 65 83 33 25 36 86 79 54 48 57 69 73 73 79 88 77 50 69 33 29 63 69
0 1 0 0 1 2 2 1 0 2 3 5 3 6 4 9 7 8 5 5 5 9 12 6 10 9 1 2 4 7 5 3 9 3 5 4 8 38 20 53 29 52 40 44 81 60 36 23 44 44 55 59 31 69 71 89 49 76 90 89 75 19 52 61 64 82 74 80 54 80 44 34 72 42 66 84 52 41 29 74 65 71 19 19 33 69 79 72 79 67 29 74 49 35 50 62
0 1 0 0 0 1 2 2 1 1 3 6 4 2 7 11 6 7 3 4 8 7 4 4 4 3 1 2 2 6 6 4 4 4 6 10 8 13 45 78 44 62 40 64 65 73 41 38 58 51 83 85 51 68 86 92 63 86 91 83 77 43 75 81 63 56 46 38 60 83 49 30 54 30 68 73 87 45 52 84 63 74 68 29 27 46 66 60 60 42 64 88 49 30 18 19
0 0 0 0 2 0 0 3 1 1 3 3 3 3 4 9 10 4 3 5 2 3 2 2 4 5 2 3 10 12 18 10 10 16 23 27 18 26 61 54 58 29 25 70 75 50 31 26 42 55 76 70 71 52 77 91 68 73 83 78 84 76 77 88 45 50 60 37 63 76 73 48 16 34 80 76 82 73 43 85 45 64 76 49 28 24 56 47 49 23 75 88 67 45 44 17
4 0 0 0 0 0 0 1 1 2 4 3 1 2 2 5 5 2 2 2 4 2 1 1 2 5 5 18 40 7 9 7 33 28 28 27 12 29 45 46 72 38 57 35 85 40 45 38 23 42 69 67 50 28 31 67 69 78 85 82 91 78 79 79 78 56 61 47 50 60 83 61 32 28 66 76 83 82 59 70 64 59 65 78 45 27 17 20 18 34 72 52 79 49 41 23
0 1 1 1 0 0 1 0 0 1 2 2 0 0 4 2 1 2 2 3 4 2 2 4 1 2 1 3 15 6 6 31 18 19 47 32 17 10 5 25 27 19 7 6 35 33 70 59 23 16 39 19 31 17 14 23 24 61 66 65 73 75 67 64 88 54 54 45 15 68 93 47 32 27 68 60 59 67 39 51 53 22 65 80 65 40 11 12 14 24 14 37 83 47 30 32
0 0 2 3 6 0 0 0 0 0 1 0 0 0 2 1 1 2 2 1 4 3 2 4 11 27 7 5 7 8 13 14 36 44 36 28 26 32 15 8 14 34 16 8 15 22 33 44 43 16 20 15 31 18 21 38 29 18 29 48 48 23 33 65 91 74 42 43 51 75 88 56 24 15 29 42 63 47 59 62 52 16 48 66 79 30 18 8 30 37 20 39 89 61 54 51
0 1 0 4 4 6 2 1 4 1 3 0 0 0 1 1 1 1 1 3 1 10 4 5 19 33 20 4 5 18 19 14 30 41 19 10 36 36 14 14 16 45 27 17 25 22 23 18 19 10 17 42 49 46 39 37 27 21 18 12 4 2 13 75 80 78 55 27 32 69 80 74 64 28 17 39 55 39 40 26 48 33 23 69 73 57 20 11 31 26 46 81 82 84 64 55
2 4 7 2 2 6 14 1 0 1 1 10 1 1 1 0 0 1 0 0 0 1 1 3 10 25 11 25 26 39 17 13 38 21 33 35 27 42 22 31 24 38 41 24 12 39 23 28 20 8 16 52 62 69 63 56 43 37 33 28 33 29 30 51 52 65 54 21 10 40 40 75 77 36 17 42 52 37 20 33 60 29 19 17 70 75 23 9 34 46 44 69 45 79 44 24
0 0 1 4 6 5 2 0 1 2 10 12 11 3 5 6 1 1 1 0 1 1 2 2 5 6 14 28 32 21 14 18 13 7 41 41 15 18 29 47 35 43 35 27 10 17 50 39 26 16 14 34 71 71 71 71 57 57 50 49 72 75 78 67 55 53 43 27 10 7 32 45 80 60 53 17 34 42 21 4 15 22 26 37 57 76 37 16 9 25 28 25 71 75 88 50
0 0 1 5 15 14 39 4 9 2 5 2 11 13 7 4 4 0 0 0 1 2 1 3 7 4 11 15 12 11 7 25 42 29 46 32 27 38 55 30 49 46 26 32 39 40 51 52 37 26 14 19 37 65 62 71 71 69 49 39 31 44 53 55 66 63 66 55 34 3 9 43 50 60 53 43 25 11 16 14 39 28 11 20 19 60 56 14 6 13 19 25 21 62 57 67
11 5 2 2 1 16 7 2 3 19 5 5 2 3 2 1 4 1 1 0 0 1 2 8 18 3 10 20 18 25 26 57 37 22 27 36 25 27 20 9 17 48 64 43 61 48 41 38 38 38 33 15 10 13 44 45 41 61 61 55 48 43 30 33 35 54 61 62 58 49 32 54 46 64 34 34 24 15 23 15 12 12 7 25 19 54 67 13 4 18 26 17 19 21 57 69
11 16 11 3 2 12 31 19 4 5 5 4 1 3 2 1 2 4 0 2 2 3 2 11 8 10 4 6 7 7 4 10 10 28 23 24 27 30 35 33 21 8 20 64 65 74 64 49 44 22 31 28 19 9 15 25 21 15 28 32 38 50 51 38 19 21 45 56 56 40 48 67 44 69 53 33 28 29 15 8 8 17 7 11 21 14 49 19 4 9 22 23 10 7 54 67
4 4 51 19 5 16 7 33 21 14 14 3 1 6 3 8 5 5 2 3 1 4 7 6 6 7 8 31 19 11 16 31 21 25 30 47 47 51 47 51 52 41 22 14 13 55 63 57 40 27 20 27 17 8 3 3 3 4 4 4 7 20 15 23 25 12 11 19 20 18 41 43 40 38 34 37 42 37 19 20 17 13 6 6 26 37 20 31 6 2 14 20 12 32 74 26
4 5 18 8 7 6 1 1 43 59 59 49 5 10 4 2 2 11 2 4 3 2 4 4 14 5 15 22 12 15 32 38 21 26 34 45 42 50 46 48 51 43 57 49 46 26 13 10 30 32 37 12 8 6 9 15 14 14 12 10 9 3 2 3 4 3 2 2 2 10 15 28 22 19 15 12 10 28 22 19 12 6 16 13 13 24 18 34 17 3 3 13 39 70 38 66
8 7 13 49 25 7 7 4 4 63 7 8 11 7 8 9 7 1 3 5 0 1 1 5 8 6 6 6 6 7 7 10 21 28 29 34 53 61 45 56 60 63 57 57 57 43 36 32 20 10 9 5 7 18 23 34 32 31 28 33 11 3 3 10 10 18 7 8 2 1 4 11 8 5 5 5 6 10 15 26 21 6 4 5 6 7 13 24 30 6 3 13 70 37 35 45
13 10 15 27 18 24 34 6 2 2 1 2 3 4 6 33 3 6 5 8 2 1 1 2 2 3 7 7 13 8 8 10 16 23 38 42 44 45 42 62 59 46 40 41 46 33 31 41 32 27 29 29 30 44 43 41 53 53 49 37 15 11 13 23 21 13 17 7 2 3 2 1 1 1 1 1 3 2 1 2 4 3 3 2 2 2 8 14 14 7 3 40 37 15 52 41
28 16 8 3 26 24 65 37 27 22 13 7 3 4 21 11 41 29 11 8 21 10 8 1 1 2 5 5 3 5 5 16 26 14 5 17 47 49 30 27 40 49 37 28 38 29 40 41 45 39 46 29 32 48 60 60 58 60 63 48 24 22 36 32 40 40 36 22 8 6 2 1 0 1 2 3 11 6 3 3 2 1 1 1 1 1 3 5 14 14 4 48 8 5 35 48
27 25 21 32 21 33 23 15 16 51 16 30 6 11 22 36 61 40 16 14 24 4 5 7 4 4 6 1 3 4 18 4 5 7 14 20 42 62 55 57 55 44 53 42 49 40 45 46 49 31 59 51 49 44 60 63 78 76 70 50 22 47 43 56 53 67 51 37 25 9 6 7 7 9 11 20 26 16 8 8 12 12 6 2 3 1 0 1 4 18 9 32 5 6 36 61
30 29 9 7 28 23 59 48 27 27 42 54 32 13 27 69 64 33 15 31 5 20 3 5 3 2 1 8 1 6 5 2 2 18 12 20 27 43 52 53 56 38 40 43 44 47 50 64 53 41 49 64 48 50 66 75 81 70 54 42 40 52 63 63 62 76 65 47 31 14 22 22 22 27 28 28 40 25 22 22 20 19 9 14 11 4 3 1 1 5 5 7 6 3 13 24
28 36 26 9 43 47 57 49 75 53 39 18 10 48 58 51 45 25 22 62 9 36 5 7 6 4 4 10 11 2 3 4 5 16 17 27 33 55 37 56 60 46 23 46 44 43 54 70 61 36 37 66 62 52 65 80 76 61 45 34 37 68 65 66 80 74 59 49 23 17 31 28 32 42 43 56 55 52 33 34 45 30 27 32 21 16 7 1 1 3 3 7 4 2 5 10
28 8 27 12 5 52 35 25 41 63 54 43 9 33 68 46 8 15 45 59 8 52 9 7 25 17 3 11 15 24 6 2 5 6 20 13 10 15 25 22 49 33 44 43 46 30 63 45 67 36 69 59 58 48 73 84 64 58 39 51 52 64 61 75 81 73 61 56 28 43 55 54 34 54 66 62 64 52 43 50 60 50 38 42 14 7 3 2 1 0 1 3 3 1 3 2
23 23 16 27 8 17 58 69 69 48 25 28 12 22 48 60 25 41 77 51 19 54 14 9 7 15 9 24 20 6 19 30 7 7 8 13 5 13 10 27 34 30 32 51 38 38 43 50 31 36 82 35 57 46 80 59 54 60 37 47 47 60 72 80 65 72 59 44 35 52 63 62 40 64 60 72 74 61 53 57 73 55 51 23 8 9 6 8 5 1 0 0 1 1 1 1
38 20 27 21 25 25 34 52 43 56 58 32 59 18 9 6 46 86 78 46 43 33 27 33 35 15 7 17 22 21 17 4 6 3 7 2 3 9 9 37 17 32 36 39 23 28 31 38 47 55 29 25 53 72 45 60 47 35 40 40 38 56 82 68 69 54 38 42 56 69 66 67 57 66 49 53 67 44 56 61 75 39 20 16 21 21 27 13 8 2 1 0 0 0 1 0
36 33 27 24 56 35 60 79 47 42 39 54 64 65 10 3 17 24 21 10 25 48 38 17 13 17 14 17 15 11 4 1 4 7 1 3 7 8 15 14 13 11 35 8 11 11 14 41 11 13 19 27 38 58 44 39 21 29 51 51 40 76 70 70 62 64 45 42 53 70 66 54 56 66 52 27 76 58 61 76 44 41 32 34 56 56 28 13 9 5 2 2 1 0 0 0
