sesion_6_simulaciones/modelos_agentes/ejemplos_netlogo/scenarios/cgcm2_a2/rob_2048.asc
NCOLS 322 
NROWS 307 
XLLCORNER 451900 
YLLCORNER 4086900 
CELLSIZE 100 
NODATA_value -9999 
[rows 0 to 73 of 307, columns 192 to 287 of 322]
38 34 16 9 26 50 26 11 10 12 13 4 3 2 3 2 1 1 2 1 1 1 1 1 1 3 1 3 4 11 2 1 1 0 0 0 0 0 0 1 1 0 0 3 4 6 4 9 19 26 14 20 26 38 40 54 42 80 48 38 10 14 20 48 59 45 60 56 27 38 23 12 17 20 40 24 21 39 54 29 16 16 15 14 12 9 26 23 24 27 11 25 37 59 21 7
50 28 34 30 34 53 16 24 31 17 10 7 10 8 4 4 4 1 2 2 2 1 1 0 1 3 1 1 1 2 9 3 0 0 0 0 0 0 0 0 1 0 0 1 1 2 4 6 14 53 69 51 34 39 42 42 67 64 63 21 26 15 48 43 54 50 59 43 44 21 7 24 12 18 50 26 50 38 36 33 28 33 31 15 11 5 15 25 27 25 16 28 26 30 16 14
32 57 37 36 55 46 32 13 8 18 18 17 27 23 11 17 9 6 10 9 7 2 1 1 0 0 0 0 0 0 1 3 2 0 0 0 0 0 0 0 0 0 1 2 2 5 6 10 18 32 40 40 54 47 63 71 37 30 41 23 21 32 42 32 38 63 33 28 20 27 14 15 13 19 57 22 53 48 25 39 29 25 28 26 11 4 10 13 26 20 14 41 23 36 14 3
41 42 63 53 39 35 32 29 28 45 23 38 51 37 27 39 23 9 14 20 11 8 4 2 1 1 0 0 0 0 0 0 0 0 0 0 0 0 0 0 0 1 0 1 1 7 7 9 3 9 8 12 25 55 44 50 46 16 23 29 32 21 25 45 35 57 45 39 49 19 28 23 7 8 39 23 28 21 29 37 28 28 27 27 11 4 8 19 33 13 24 22 20 32 10 2
29 21 42 14 44 52 47 32 45 40 36 25 27 23 28 44 28 30 30 32 23 8 6 5 2 3 1 2 1 0 0 0 0 0 0 0 0 0 0 0 0 0 1 1 1 2 2 5 18 36 44 40 41 36 64 62 26 20 6 8 31 33 29 44 46 55 36 27 17 12 9 8 10 6 18 18 15 24 48 58 49 19 18 35 29 19 2 16 19 24 26 13 29 42 14 3
31 24 38 33 22 27 45 22 41 30 21 25 8 22 30 32 38 32 9 9 15 7 4 6 5 4 2 3 2 1 1 0 0 0 0 0 0 0 0 0 0 0 1 2 5 13 18 27 29 19 26 30 46 55 78 48 29 20 6 39 63 65 61 62 45 64 28 36 41 32 40 26 21 14 9 12 18 16 28 24 36 59 38 27 28 17 6 11 15 19 9 12 26 26 16 5
22 11 12 27 20 14 41 13 9 17 23 47 21 9 18 29 22 26 11 4 5 13 14 17 6 5 6 3 3 2 1 1 1 1 0 0 0 0 0 0 0 0 1 2 9 6 9 16 35 27 40 74 33 59 63 30 20 21 10 28 46 58 57 58 69 63 49 42 42 18 27 25 15 23 19 8 3 13 31 36 27 50 29 12 6 25 7 6 8 8 9 20 36 49 11 11
16 10 10 12 28 19 31 40 10 4 9 12 30 6 2 7 4 9 11 5 4 7 3 7 7 5 5 3 4 3 3 2 2 2 1 1 1 0 0 0 0 1 2 4 7 10 16 35 61 53 56 30 51 43 48 21 13 5 12 18 30 31 28 28 26 55 31 24 42 26 23 17 20 21 20 12 4 17 37 19 44 60 33 13 7 17 12 5 6 13 17 18 43 27 16 12
29 20 16 8 12 10 17 38 40 14 5 5 10 17 6 4 2 8 12 6 5 10 2 4 13 7 6 5 6 7 6 5 5 4 2 1 1 0 0 0 0 1 2 3 15 12 8 22 29 41 28 25 59 35 33 11 5 32 57 48 62 52 57 45 55 75 45 33 14 15 21 17 17 16 12 7 4 9 12 23 35 51 36 19 7 7 7 4 4 16 13 21 20 26 12 19
19 19 18 8 7 3 14 13 33 22 13 7 6 8 8 3 3 2 9 8 8 11 2 2 6 6 5 3 2 5 1 2 4 4 3 1 0 0 0 0 0 0 2 3 7 3 4 22 10 9 10 65 33 31 14 7 16 44 57 72 51 81 65 42 58 32 57 45 42 17 18 25 20 9 6 4 3 6 24 14 8 35 38 31 13 5 9 3 4 5 7 24 15 26 13 39
25 20 19 16 7 3 2 2 4 10 6 4 3 9 5 2 4 1 1 6 3 9 11 2 2 2 10 3 1 3 4 1 0 0 0 2 1 0 0 0 0 0 2 6 1 5 8 9 2 5 38 39 13 19 7 5 16 33 37 52 74 76 46 27 31 48 58 60 65 47 54 33 24 18 9 6 2 2 7 16 19 45 65 31 29 8 4 6 2 6 18 7 12 9 9 49
47 28 12 12 11 9 6 3 2 2 2 2 3 3 2 2 1 3 2 1 5 6 6 2 0 1 6 3 1 1 4 4 0 0 0 0 1 0 0 0 1 2 2 1 0 1 4 1 3 20 44 25 9 7 3 16 24 23 34 78 55 47 11 24 40 44 66 64 55 62 43 31 35 31 25 14 4 3 11 14 15 62 32 47 26 16 4 3 2 9 9 5 16 5 19 48
53 36 33 42 31 27 20 9 17 9 6 3 1 1 1 1 1 5 3 1 1 2 2 2 0 1 2 2 1 0 0 1 0 0 0 0 0 1 0 0 1 1 1 2 2 2 7 1 4 22 17 5 1 6 21 34 40 50 76 65 16 21 27 21 20 24 40 39 61 42 22 32 48 46 36 15 4 1 10 16 43 44 15 23 35 18 7 1 2 8 7 5 17 5 14 20
62 59 54 55 49 43 28 23 19 17 14 11 4 3 1 1 1 0 0 0 1 1 0 1 1 1 1 1 0 0 0 1 1 0 0 0 0 0 0 0 0 1 1 0 0 3 1 1 6 4 2 1 2 8 13 20 47 44 38 9 40 62 58 47 47 27 24 21 57 48 60 67 41 26 18 15 6 2 5 12 36 13 9 21 52 19 11 3 1 2 3 4 7 4 11 7
18 54 59 62 49 50 29 34 13 13 19 10 7 6 5 4 3 1 0 0 0 0 0 0 1 1 0 0 0 0 0 0 0 0 0 0 0 0 1 0 0 0 1 0 0 0 0 1 1 1 0 1 2 4 10 20 21 5 24 41 58 58 55 78 81 70 62 45 48 59 60 51 54 34 14 9 4 2 4 12 15 6 4 28 46 47 20 19 5 1 2 3 3 3 14 11
25 41 58 34 41 68 46 22 35 21 13 16 12 15 13 7 4 1 1 1 0 0 0 0 0 0 0 0 0 0 0 0 1 1 0 0 0 0 0 0 0 0 0 0 0 0 1 1 1 1 1 1 1 4 6 10 5 24 32 38 54 67 77 66 61 71 39 31 67 19 45 74 51 34 34 29 22 9 3 11 13 5 2 5 15 41 7 4 5 4 1 4 2 3 12 10
49 10 57 31 31 51 65 68 27 11 18 14 23 17 14 7 7 4 2 2 2 1 0 0 0 0 0 0 0 0 0 0 0 0 0 0 0 0 0 0 0 0 0 0 0 0 0 0 1 3 2 5 4 3 3 11 23 24 32 38 64 50 69 59 62 38 29 57 44 34 34 19 51 31 53 53 47 22 13 3 21 9 6 1 4 16 26 4 1 2 1 1 2 4 3 3
24 6 38 16 32 39 51 23 57 59 30 32 31 8 7 6 8 7 4 3 2 2 1 0 0 0 1 1 1 0 0 0 0 0 0 0 0 0 0 0 0 0 0 0 0 0 1 1 2 2 3 9 10 10 5 12 16 44 47 51 75 49 43 37 25 25 45 59 46 28 15 17 43 48 54 49 53 46 21 5 3 8 8 4 1 5 11 7 4 1 1 0 2 3 1 1
17 16 18 18 10 28 40 15 18 50 23 43 57 26 12 8 13 20 16 8 6 2 1 1 1 1 1 1 2 1 1 0 1 0 0 0 0 0 0 0 0 0 0 0 0 1 1 2 2 3 7 11 10 7 15 21 28 29 26 48 66 21 10 7 23 28 27 76 63 20 20 12 44 43 11 23 60 45 41 20 3 2 12 6 3 1 4 6 6 2 0 0 3 1 0 0
15 5 8 13 6 12 42 12 7 26 36 44 44 27 33 21 4 7 10 13 5 3 3 2 2 2 2 3 2 2 1 1 1 1 0 0 0 0 0 0 0 0 0 0 1 1 2 3 1 5 10 8 15 17 21 24 7 6 17 45 66 20 8 28 44 41 60 62 44 32 18 8 15 45 34 10 22 32 39 30 17 3 3 7 4 1 1 3 7 3 0 0 1 0 1 3
34 7 9 9 2 6 25 10 15 9 24 13 25 7 11 14 3 2 6 18 7 10 4 2 7 4 2 2 2 1 1 0 1 1 1 0 0 0 0 0 0 0 0 1 1 2 1 1 4 11 7 11 24 32 46 45 27 22 34 47 45 10 11 44 45 43 42 18 39 39 22 6 9 18 48 20 7 10 55 22 14 4 1 3 4 1 1 4 2 2 0 0 0 0 3 10
13 2 10 9 2 1 7 21 2 7 25 17 21 9 7 3 3 1 2 14 14 6 4 3 2 2 1 0 1 1 1 1 0 0 1 1 0 0 0 0 0 0 0 1 1 2 1 3 5 5 4 9 14 48 59 65 65 54 40 36 16 8 23 35 57 52 42 22 17 33 12 5 7 13 41 21 7 7 14 29 14 8 2 1 4 1 2 3 1 1 1 2 1 2 9 16
19 3 15 18 4 2 3 8 2 2 18 9 7 3 1 3 3 2 1 1 2 5 12 11 3 1 2 1 0 0 0 0 0 0 0 1 0 0 0 0 0 0 1 1 0 1 0 1 1 1 1 5 16 13 31 55 38 28 16 57 19 9 26 37 38 46 66 35 25 10 5 5 16 31 53 19 7 7 14 40 14 4 2 1 2 2 2 3 1 0 2 10 4 5 5 13
10 7 5 13 1 3 4 7 5 1 1 1 1 5 1 1 4 3 1 2 2 2 7 4 3 1 1 2 1 0 0 0 0 0 0 0 0 0 0 0 0 0 0 0 0 0 0 1 2 2 2 5 5 9 12 9 8 22 47 26 7 16 31 32 50 66 44 30 27 15 6 8 17 33 33 12 10 6 12 27 18 16 4 1 1 1 1 2 0 1 2 2 8 16 9 12
2 2 3 3 2 1 4 8 2 1 1 1 1 2 3 1 2 2 2 1 1 1 1 1 1 1 1 2 1 0 0 0 0 0 0 0 0 0 0 0 0 0 0 0 1 1 2 2 2 3 6 3 2 2 2 6 19 24 55 17 6 27 25 25 51 72 35 40 33 13 8 8 16 42 24 10 12 5 7 15 14 13 10 3 1 0 1 1 0 3 5 6 7 8 39 14
1 1 1 2 1 0 5 5 2 1 0 1 1 0 2 2 1 1 1 1 0 0 1 1 1 0 0 1 2 0 0 0 0 0 0 0 0 0 0 0 0 0 0 0 1 1 2 1 1 3 4 9 8 16 12 16 19 42 36 5 12 22 21 16 43 52 29 29 21 15 6 6 16 42 13 17 12 3 2 5 8 12 5 2 1 0 0 1 3 9 13 14 24 16 12 34
0 0 0 0 0 1 3 2 1 0 0 0 0 0 0 1 1 1 1 1 0 0 0 0 0 0 0 0 0 1 0 0 0 0 0 0 0 0 0 0 0 0 0 0 0 0 0 1 2 2 6 7 8 16 27 46 56 62 19 4 13 22 16 23 65 54 12 23 21 12 6 4 11 37 13 9 6 5 1 2 6 10 2 1 0 0 1 3 8 9 13 15 22 34 53 31
0 0 0 0 0 0 0 0 0 0 0 0 0 0 0 0 0 0 0 0 0 0 0 0 0 0 0 0 0 0 0 0 0 0 0 0 0 0 0 0 0 0 0 0 0 0 1 1 1 5 4 6 11 16 29 57 38 24 3 14 23 18 37 51 77 33 32 13 11 10 8 4 17 38 17 8 6 6 1 2 5 8 4 3 1 0 1 2 3 3 3 4 4 9 26 32
0 0 0 0 0 0 0 0 0 0 0 0 0 0 0 0 0 0 0 0 0 0 0 0 0 0 0 0 0 0 0 0 0 0 0 0 0 0 0 0 0 0 0 0 0 1 2 4 1 4 3 4 7 9 42 29 10 2 11 21 22 22 46 71 38 18 25 10 8 8 7 3 9 28 43 14 7 3 1 1 4 9 6 2 1 0 1 1 1 3 5 10 13 14 16 29
0 0 0 1 0 0 0 0 0 0 0 0 0 0 1 0 0 0 0 0 0 0 0 0 0 0 0 0 0 0 0 0 0 0 0 0 0 0 0 0 0 0 0 0 1 2 2 2 5 3 3 4 9 13 36 6 3 6 15 20 20 22 45 70 23 14 12 17 7 2 2 3 18 25 11 25 10 3 1 1 5 4 7 2 1 0 1 2 6 11 7 16 25 25 24 11
0 1 1 1 1 0 0 1 0 1 1 1 1 1 1 1 1 1 0 0 0 0 0 0 0 0 0 0 0 0 0 0 0 0 0 0 0 0 0 0 0 0 1 1 2 3 3 3 5 12 16 17 10 17 9 3 1 10 11 17 10 23 50 52 26 9 10 14 8 5 1 3 21 7 6 30 16 5 1 1 2 2 4 2 0 0 2 3 3 8 9 9 7 8 12 31
1 1 1 1 1 0 0 1 1 1 1 1 3 2 2 2 1 1 1 1 0 1 0 0 0 0 0 0 0 0 0 0 0 0 0 0 0 0 0 0 0 0 1 1 2 3 5 11 8 12 6 31 18 7 9 5 2 8 13 24 28 24 56 17 6 16 17 6 13 3 1 2 6 6 4 26 7 5 1 1 2 2 1 1 0 1 5 8 12 9 8 5 11 14 15 24
4 3 2 3 1 1 1 1 1 1 4 3 3 5 4 2 1 1 1 1 1 1 1 0 0 0 0 0 0 0 0 0 0 0 0 0 0 0 0 0 0 1 1 1 3 4 8 12 9 10 5 3 9 8 10 1 5 8 7 16 16 30 36 35 27 12 7 5 14 8 2 2 5 3 8 27 7 4 2 1 1 1 1 0 1 2 5 18 23 22 27 15 21 32 28 53
6 5 6 2 2 2 1 2 4 4 7 5 6 4 5 3 2 2 2 2 2 2 1 1 0 1 0 0 0 0 0 0 0 0 0 0 0 0 0 0 0 0 1 1 2 6 3 1 13 8 5 3 8 9 1 1 3 5 7 16 27 40 49 17 9 8 11 7 5 6 3 1 5 4 7 9 8 6 2 0 0 1 0 0 1 2 3 5 4 5 8 17 29 31 59 56
7 8 9 7 6 1 2 3 5 8 10 8 9 7 6 6 4 8 4 4 1 1 1 1 1 1 0 0 0 0 0 0 0 0 0 0 0 0 0 0 0 1 1 1 1 1 1 3 3 4 4 1 3 0 1 1 1 3 4 12 31 43 27 39 15 7 6 4 4 6 6 1 2 3 5 6 7 2 1 0 0 0 0 1 3 1 2 4 14 18 21 18 13 53 27 31
16 26 13 4 7 2 4 5 16 11 11 11 11 20 18 9 10 6 4 5 2 1 1 2 2 1 1 1 1 0 0 0 0 0 0 0 0 0 0 0 0 1 1 0 1 1 2 3 2 2 1 1 1 0 1 0 2 6 10 19 15 15 32 42 8 4 3 2 5 3 3 1 1 2 3 6 6 3 1 0 0 0 1 2 6 8 6 8 13 12 12 35 35 45 22 8
33 43 14 12 18 5 4 16 16 26 8 16 23 19 30 14 6 3 9 5 3 2 0 3 1 0 1 2 0 0 0 0 0 0 0 0 0 0 0 0 0 0 0 0 0 2 5 4 3 1 1 1 1 1 1 3 5 3 3 5 8 17 24 39 13 5 4 3 2 1 1 2 1 2 3 3 2 3 1 0 0 1 3 2 5 15 17 23 25 25 15 26 18 19 19 6
28 44 17 14 22 7 8 30 26 31 8 20 40 24 35 13 9 8 11 10 5 1 2 1 1 2 4 0 0 0 0 0 0 0 0 0 0 0 0 0 0 0 0 0 1 3 3 1 4 1 1 0 1 1 2 2 1 1 4 6 6 24 28 21 8 28 23 11 5 4 2 1 0 1 1 1 1 2 0 0 0 2 6 11 13 18 25 25 20 22 23 31 7 2 13 7
47 23 23 16 24 8 12 36 58 30 7 31 50 42 40 36 14 20 33 14 5 2 3 1 4 4 0 0 1 1 0 0 1 0 0 0 0 0 0 0 0 0 0 0 2 1 2 0 1 1 0 0 2 2 2 2 1 3 18 25 21 26 58 22 30 16 19 17 5 2 1 1 0 0 1 1 1 1 0 0 1 2 2 6 7 4 8 4 3 5 4 46 21 6 5 2
74 53 25 20 24 11 22 41 76 24 11 27 53 56 54 22 17 55 16 2 3 9 6 5 5 1 1 1 2 1 1 1 1 1 0 0 0 1 0 0 0 0 0 0 1 0 1 0 0 0 0 0 1 3 3 6 9 10 8 18 38 30 18 37 26 21 5 7 21 4 1 1 0 0 0 0 0 0 0 0 1 2 2 3 3 2 3 6 13 29 42 64 28 6 3 1
69 67 30 31 34 18 24 53 69 34 17 37 79 77 37 44 23 21 4 3 7 22 26 13 5 4 2 1 2 1 1 2 1 0 0 1 0 1 1 0 0 0 0 0 0 0 0 0 0 0 1 1 3 5 6 9 8 7 21 51 46 39 23 34 4 41 25 3 2 10 9 4 1 0 0 0 0 0 0 0 1 1 1 2 2 3 12 21 13 12 18 34 12 6 3 1
70 58 37 48 44 41 30 60 70 41 30 42 80 68 45 30 11 5 1 7 19 25 13 3 2 1 1 5 3 1 2 2 1 0 0 1 1 1 1 0 0 0 0 0 0 0 0 0 0 0 1 1 2 3 3 4 8 20 15 59 33 12 13 55 19 7 28 7 2 1 2 2 3 3 1 0 0 0 0 0 1 1 1 1 2 6 14 11 12 25 11 19 13 7 2 1
73 63 39 57 55 52 49 48 58 41 35 46 61 25 21 14 4 5 4 11 31 9 5 5 2 1 1 7 5 2 6 2 1 1 1 1 1 2 1 0 0 0 0 0 0 0 0 0 0 0 0 1 3 2 6 9 4 16 27 42 5 2 13 45 11 10 5 20 4 1 1 1 2 2 2 1 0 0 0 0 1 1 1 1 2 5 22 7 5 28 7 8 10 2 1 1
48 47 45 62 60 45 63 50 74 77 65 49 43 32 37 31 19 21 9 14 24 10 7 5 3 2 2 9 7 3 7 2 2 2 1 3 2 2 1 1 1 1 0 0 0 0 0 0 0 0 0 1 2 2 3 4 2 9 27 8 4 2 19 40 15 2 1 2 7 2 1 1 1 0 2 1 0 0 0 0 0 1 1 1 5 13 19 6 7 19 5 2 2 5 1 0
63 37 67 75 67 69 67 83 77 89 88 84 43 62 59 52 42 16 13 30 21 10 7 3 4 5 3 11 10 11 5 4 3 3 3 4 7 3 1 1 4 2 0 0 0 0 0 0 0 0 1 1 2 2 1 2 5 18 28 4 2 3 7 32 19 7 2 0 4 3 1 0 0 0 2 0 0 0 0 0 1 1 1 2 4 2 3 2 4 4 6 3 3 2 0 0
56 52 58 67 79 81 86 87 73 70 74 78 83 78 41 35 25 19 19 16 8 9 8 9 12 9 9 29 17 28 8 6 5 7 8 14 13 4 3 2 3 1 0 0 0 0 0 0 0 0 0 1 1 1 1 2 6 10 7 6 2 2 3 38 7 5 4 0 2 4 2 0 0 0 0 1 0 0 0 0 0 1 3 4 3 2 2 1 2 2 2 1 1 0 0 0
67 58 41 43 57 66 76 54 45 40 52 57 60 75 46 36 38 49 35 20 16 19 15 24 36 22 14 36 31 22 11 16 10 12 11 17 9 5 7 2 1 0 1 1 0 0 0 0 0 0 1 0 1 1 1 0 3 2 3 13 3 2 5 10 5 1 3 1 1 2 1 1 0 0 0 3 0 0 0 0 1 1 1 4 2 1 1 1 1 0 0 0 0 0 1 1
71 76 48 27 49 44 47 61 38 45 54 37 57 77 82 66 75 64 41 32 43 38 36 33 39 26 21 44 40 16 21 19 19 19 26 25 13 7 2 0 0 1 1 1 1 1 0 0 0 0 0 0 1 1 1 1 2 2 1 2 2 2 3 7 8 1 1 1 1 2 1 0 1 0 0 0 0 0 0 0 0 1 2 3 1 1 1 1 1 0 0 0 0 0 1 2
52 63 81 45 24 25 49 44 65 30 23 24 62 42 55 91 90 45 63 61 58 54 52 41 44 34 35 56 41 30 30 26 28 45 39 12 3 2 3 2 2 2 1 1 1 1 1 0 0 0 0 1 0 0 1 1 2 1 1 1 1 1 1 2 11 1 0 1 1 1 1 0 0 0 0 0 0 0 0 0 0 1 3 1 0 0 0 0 0 0 0 0 0 1 2 2
71 69 73 78 38 13 14 51 48 40 7 10 22 39 71 79 68 86 87 66 57 74 67 35 52 41 57 45 44 38 42 30 43 58 57 17 10 6 10 8 10 9 3 3 3 1 0 0 0 0 0 0 0 0 1 1 2 2 1 1 1 0 0 1 4 1 0 1 0 0 0 1 0 0 0 0 0 0 0 0 0 0 1 0 0 0 0 0 0 0 0 0 1 2 1 2
54 38 43 87 39 27 20 19 17 21 14 3 14 64 75 72 58 50 77 61 72 75 63 43 66 59 73 64 55 63 43 41 40 39 35 17 14 15 14 12 3 3 8 12 1 1 0 0 0 0 0 0 0 0 0 1 1 2 1 1 1 0 0 1 4 1 1 0 0 0 0 0 0 0 0 0 0 0 0 0 0 1 0 0 0 0 0 0 0 1 1 1 2 2 1 1
22 39 39 80 82 21 21 11 10 10 11 6 16 27 32 42 60 79 56 20 57 23 63 78 90 80 74 46 64 41 50 35 29 14 53 38 34 21 7 5 1 0 9 5 3 1 1 0 0 0 0 0 0 0 0 0 0 0 0 0 0 0 0 1 1 1 1 0 0 0 0 0 0 0 0 0 0 0 0 0 0 0 0 0 0 0 0 1 1 1 1 3 2 2 2 1
13 18 29 31 77 67 27 9 8 7 6 6 11 31 45 53 20 66 62 27 60 47 21 39 57 37 54 29 51 16 8 24 13 13 24 67 46 19 9 32 8 7 8 5 5 2 1 0 1 1 0 0 0 0 0 0 0 0 0 0 0 0 0 1 1 1 1 0 0 0 0 0 0 0 0 0 0 0 0 0 0 0 0 0 0 0 0 1 1 1 1 2 8 3 2 1
5 9 16 4 29 82 28 11 4 3 5 6 5 9 14 25 37 53 31 41 63 33 8 33 49 31 28 24 27 41 26 28 21 10 12 44 58 69 62 46 33 18 15 15 8 2 1 1 2 0 0 0 0 0 0 0 0 0 0 0 0 0 0 1 1 1 1 0 0 0 0 0 0 0 0 0 0 0 0 0 0 0 0 0 0 0 0 0 1 0 1 2 3 3 1 3
10 5 11 31 24 49 70 21 14 3 2 2 3 4 16 10 33 51 6 16 68 48 14 7 55 59 28 17 26 32 11 9 11 6 6 17 32 37 25 9 17 17 8 11 10 7 8 6 2 0 1 1 1 1 1 1 1 0 0 0 0 0 0 0 0 1 0 0 0 0 0 0 0 0 0 0 0 0 0 0 0 0 0 0 0 0 0 0 1 1 1 1 2 3 5 5
15 4 3 14 30 42 69 47 12 8 4 2 2 3 3 2 11 9 9 44 83 24 10 5 7 33 13 16 13 25 21 11 12 9 8 30 19 7 5 3 5 2 2 22 9 15 20 13 3 2 3 2 1 1 0 0 0 0 0 0 0 0 0 0 0 0 0 0 0 0 0 0 0 0 0 0 0 0 0 0 0 0 0 0 0 1 1 1 1 1 1 2 3 3 3 8
28 15 8 5 6 8 17 48 15 15 5 2 1 2 5 2 6 5 19 17 72 22 9 6 3 7 7 9 3 19 20 6 6 6 8 16 13 3 2 3 2 2 2 5 12 8 5 2 2 2 1 1 1 1 1 0 0 0 0 0 0 0 0 0 0 0 0 0 0 0 0 0 0 0 0 0 0 0 0 0 0 0 0 0 0 0 0 3 1 2 2 3 4 4 6 10
11 8 15 4 4 16 18 43 39 17 9 2 1 1 1 2 3 5 6 20 47 67 27 9 2 2 5 1 3 13 20 7 4 4 3 3 3 2 1 2 2 1 2 2 11 7 5 2 1 1 0 0 0 0 0 0 0 0 0 0 0 0 0 0 0 0 0 0 0 0 0 0 0 0 0 0 0 0 0 0 0 0 0 0 0 0 1 2 2 3 4 3 5 9 7 12
21 12 3 2 3 6 10 19 33 12 5 3 1 1 1 2 1 2 8 41 31 46 27 14 5 1 6 5 1 1 8 4 4 2 1 1 2 4 1 1 1 1 0 1 4 5 7 2 1 1 0 0 0 0 0 0 0 0 0 0 0 0 0 0 0 0 0 0 0 0 0 0 0 0 0 0 0 0 0 0 0 0 0 0 0 0 1 2 1 1 1 1 3 6 6 4
32 22 5 2 1 5 4 10 24 18 3 2 1 1 1 1 1 4 15 31 8 18 27 5 4 3 1 2 3 0 2 4 1 2 1 2 1 1 1 1 2 1 0 0 1 4 7 3 2 1 1 0 0 0 0 0 0 0 0 0 0 0 0 0 0 0 0 0 0 0 0 0 0 0 0 0 0 0 0 0 0 0 0 0 0 0 1 1 1 1 1 1 2 3 3 4
32 19 8 5 1 1 3 6 35 3 3 1 1 1 1 1 1 2 13 6 1 7 48 6 3 3 1 1 1 2 2 1 1 1 1 1 0 0 0 1 1 0 0 0 0 2 7 3 2 1 0 0 0 0 0 0 0 0 0 0 0 0 0 0 0 0 0 0 0 0 0 0 0 0 0 0 0 0 0 0 0 0 0 0 0 0 1 1 1 1 1 1 2 3 4 3
27 17 7 3 2 1 3 3 20 5 1 2 1 1 0 0 0 4 5 2 8 14 34 13 4 1 2 3 1 3 2 1 1 1 1 0 1 0 0 0 0 0 0 1 2 3 5 3 6 3 1 0 0 0 0 0 0 0 0 0 0 0 0 0 0 0 0 0 0 0 0 0 0 0 0 0 0 0 0 0 0 0 0 0 0 0 0 1 1 1 2 1 2 1 4 5
20 9 5 2 2 2 1 1 4 13 2 1 1 1 0 0 0 2 1 3 3 7 29 12 4 4 1 1 1 3 1 1 1 1 0 0 0 0 0 0 0 0 0 3 1 1 3 2 4 3 3 1 0 0 0 0 0 0 0 0 0 0 0 0 0 0 0 0 0 0 0 0 0 0 0 0 0 0 0 0 0 0 0 0 0 0 0 1 1 1 1 4 2 3 8 5
16 12 4 2 2 1 1 1 2 5 4 1 0 0 0 0 0 1 1 2 2 8 34 8 5 2 3 1 1 2 1 0 0 0 0 0 0 0 0 0 0 0 1 2 0 1 2 1 3 3 1 1 1 0 0 0 0 0 0 0 0 0 0 0 0 0 0 0 0 0 0 0 0 0 0 0 0 0 0 0 0 0 0 0 0 0 0 0 0 1 1 2 2 1 2 3
58 29 10 2 1 1 1 1 1 3 4 1 1 0 0 0 0 0 0 0 3 4 18 7 2 1 1 1 1 0 1 0 0 0 0 0 0 0 0 0 0 1 1 0 0 1 0 1 1 2 2 2 2 1 0 0 0 0 0 0 0 0 0 0 0 0 0 0 0 0 0 0 0 0 0 0 0 0 0 0 0 0 0 0 0 0 0 0 0 1 1 2 1 1 2 0
14 44 22 6 2 1 0 1 1 1 7 2 1 0 0 0 0 0 0 0 1 3 8 9 2 1 1 1 1 1 1 1 0 0 0 0 0 0 0 0 0 1 0 0 0 0 0 0 1 1 1 1 1 1 1 0 0 0 0 0 0 0 0 0 0 0 0 0 0 0 0 0 0 0 0 0 0 0 0 0 0 0 0 0 0 0 0 0 0 1 1 1 1 1 1 3
3 39 4 21 8 3 0 0 0 1 3 1 1 0 0 0 0 0 0 0 1 4 3 7 3 1 1 0 0 0 0 1 0 0 0 0 0 0 0 0 0 0 0 0 0 0 0 0 1 1 0 0 0 0 2 1 0 0 0 0 0 0 0 0 0 0 0 0 0 0 0 0 0 0 0 0 0 0 0 0 0 0 0 0 0 0 0 0 0 0 1 0 1 1 2 2
5 6 3 13 4 4 1 0 0 0 1 1 0 0 0 0 0 0 0 1 0 0 6 7 7 3 1 1 0 0 0 0 0 0 0 0 0 0 0 0 0 0 0 0 0 1 0 0 1 1 1 0 0 0 1 0 0 0 0 0 0 0 0 0 0 0 0 0 0 0 0 0 0 0 0 0 0 0 0 0 0 0 0 0 0 0 0 0 0 0 0 1 2 2 3 3
6 4 3 2 3 1 4 0 0 0 0 0 0 0 0 0 0 0 0 0 1 4 6 6 8 3 1 1 0 0 0 0 0 0 0 0 0 0 0 0 0 0 0 0 0 1 0 0 2 1 1 0 0 0 0 0 0 0 0 0 0 0 0 0 0 0 0 0 0 0 0 0 0 0 0 0 0 0 0 0 0 0 0 0 0 0 0 0 0 0 0 0 1 0 1 2
5 3 3 2 2 0 1 1 0 0 0 0 0 0 0 0 0 0 0 1 2 2 5 3 4 4 1 0 0 0 0 0 0 0 0 0 0 0 0 0 0 0 0 0 0 0 0 0 1 1 1 0 0 0 0 0 0 0 0 0 0 0 0 0 0 0 0 0 0 0 0 0 0 0 0 0 0 0 0 0 0 0 0 0 0 0 0 1 1 0 0 0 0 1 1 2
2 3 4 2 1 0 0 0 0 0 0 0 0 0 0 0 0 0 0 1 1 0 2 2 1 2 1 0 0 0 0 0 0 0 0 0 0 0 0 0 0 0 0 0 0 0 0 0 1 0 0 0 0 0 0 0 0 0 0 0 0 0 0 0 0 0 0 0 0 0 0 0 0 0 0 0 0 0 0 0 0 1 1 1 1 1 1 1 1 0 0 1 0 1 1 2
1 1 1 1 0 0 0 0 0 0 0 0 0 0 0 0 0 0 0 0 0 0 1 3 1 1 0 1 0 0 0 0 0 0 0 0 0 0 0 0 0 0 0 0 0 0 0 1 2 0 0 0 0 0 0 0 0 0 0 0 0 0 0 0 0 0 0 0 0 0 0 0 0 0 0 0 0 0 0 0 0 0 0 1 2 1 2 2 1 1 1 1 1 1 1 1
0 0 0 0 0 0 0 0 0 0 0 0 0 0 0 0 0 0 0 0 0 0 0 0 0 0 0 0 0 0 0 0 0 0 0 0 0 0 0 0 0 0 0 0 0 0 0 0 1 0 0 0 0 0 0 0 0 0 0 0 0 0 0 0 0 0 0 0 0 0 0 0 0 0 0 0 0 0 0 0 0 0 0 0 1 2 3 3 2 3 3 2 2 2 2 5
0 0 0 0 0 0 0 0 0 0 0 0 0 0 0 0 0 0 0 0 0 0 0 0 0 0 0 0 0 0 0 0 0 0 0 0 0 0 0 0 0 0 0 0 0 0 0 0 0 0 0 0 0 0 0 0 0 0 0 0 0 0 0 0 0 0 0 0 0 0 0 0 0 0 0 0 0 0 0 0 0 0 0 0 1 1 1 1 7 6 2 6 5 5 2 5
