sesion_6_simulaciones/modelos_agentes/ejemplos_netlogo/scenarios/cgcm2_a2/rob_2068.asc
NCOLS 322 
NROWS 307 
XLLCORNER 451900 
YLLCORNER 4086900 
CELLSIZE 100 
NODATA_value -9999 
[rows 0 to 73 of 307, columns 96 to 191 of 322]
4 0 0 0 3 0 0 0 0 0 1 1 2 6 8 2 4 3 3 1 3 2 2 6 1 1 1 1 2 2 1 1 2 3 1 1 1 2 3 1 1 10 36 45 56 50 55 54 74 50 41 44 22 9 16 19 16 3 9 6 9 3 2 2 9 15 19 2 2 14 22 10 10 13 12 9 12 16 10 52 40 23 36 40 47 33 36 40 48 62 38 27 20 7 15 30
0 0 0 0 0 1 0 0 0 1 1 1 5 9 4 3 1 1 1 1 2 0 1 1 2 1 1 1 1 6 2 1 1 1 1 1 1 2 3 5 7 13 14 12 73 80 75 68 88 62 68 47 12 15 41 6 2 4 2 3 1 3 3 1 3 2 3 16 13 13 7 22 33 16 30 37 45 19 20 27 26 23 38 44 51 35 36 46 50 41 48 35 45 21 28 32
0 0 0 1 0 0 0 0 0 0 0 1 2 3 1 1 2 3 3 4 6 0 1 1 1 1 1 1 2 2 4 4 0 2 5 4 5 7 9 13 18 30 19 26 8 3 9 31 86 69 68 67 19 50 34 27 16 8 4 6 3 21 45 32 50 19 13 26 7 12 9 12 20 22 28 48 61 61 36 23 26 25 39 40 51 39 44 57 36 36 45 33 42 41 28 30
0 0 0 0 0 0 0 0 0 0 0 0 1 1 2 2 2 4 5 4 1 0 2 2 0 1 1 1 1 1 2 2 3 5 6 4 13 13 29 47 59 63 39 11 5 7 2 5 20 7 16 13 6 17 35 5 33 2 2 7 9 25 57 56 63 62 54 13 26 21 20 26 17 18 33 33 41 17 14 22 34 35 48 49 52 38 37 44 31 30 46 45 30 40 21 46
0 0 0 0 0 0 0 1 1 0 1 1 0 1 2 2 2 10 4 2 2 2 2 3 2 1 1 1 1 4 5 5 1 6 11 12 21 34 60 72 75 64 46 19 10 4 7 15 8 6 12 11 2 32 6 14 22 10 2 3 31 48 39 61 37 16 58 25 36 45 25 22 15 15 33 23 27 24 27 32 34 31 72 49 35 39 37 50 35 40 42 56 24 41 51 52
0 0 0 0 0 0 0 0 1 2 0 1 0 1 1 1 3 2 4 3 1 1 3 2 3 1 2 1 1 1 2 5 5 2 16 30 40 60 74 58 70 69 61 30 10 16 8 12 13 11 13 31 4 10 8 21 9 7 6 9 33 38 9 5 7 21 29 6 10 16 5 20 61 43 29 15 21 21 19 36 27 36 41 39 48 37 34 54 49 35 46 35 43 50 63 26
0 0 0 0 0 0 0 0 0 2 1 0 0 0 1 2 1 2 5 4 5 3 1 1 2 2 3 2 1 0 1 6 8 6 17 59 67 67 67 68 70 66 32 16 19 40 20 30 23 21 16 29 18 15 22 13 5 11 17 6 4 5 4 8 3 6 26 45 27 26 7 26 11 5 45 31 28 34 16 32 27 20 25 20 40 42 33 50 47 24 48 40 41 37 22 20
0 0 0 0 0 0 0 0 0 1 7 7 7 2 1 0 1 2 1 2 5 17 3 7 8 3 2 1 2 1 2 3 10 29 21 53 51 66 67 60 55 19 25 21 47 35 28 52 31 28 14 20 33 36 20 18 17 45 53 54 25 9 1 2 9 4 18 11 30 16 18 10 5 12 7 29 43 69 54 19 31 39 23 33 63 40 40 48 56 58 31 26 10 17 18 15
0 0 0 0 0 0 0 0 0 0 1 8 10 24 5 7 1 1 1 3 4 2 2 4 2 1 1 1 1 2 6 6 18 49 61 24 17 24 20 19 33 18 14 28 59 45 22 32 37 23 19 14 69 30 23 36 24 36 8 20 56 32 12 1 10 7 5 6 2 6 24 19 7 8 27 9 15 21 27 54 54 76 42 49 22 15 28 69 32 49 30 67 48 27 19 26
0 0 0 0 0 0 0 0 0 0 1 0 0 0 0 0 1 0 1 1 1 1 2 1 3 2 1 1 3 4 6 27 27 23 42 32 33 32 17 18 10 8 16 32 64 36 14 15 24 30 26 14 23 80 63 58 9 18 7 39 24 31 6 8 2 4 3 2 7 13 12 17 19 16 26 42 12 19 57 64 29 59 44 33 15 21 14 31 31 45 21 42 76 64 22 16
0 0 0 0 0 0 0 0 0 0 0 0 1 0 0 0 1 0 1 1 1 1 1 1 3 1 1 2 4 10 24 31 68 47 26 26 31 48 46 29 18 7 7 10 38 13 15 20 28 20 32 14 27 32 77 59 20 12 17 33 14 15 7 2 5 7 8 3 13 28 25 29 19 13 33 48 29 11 15 51 31 29 44 58 24 26 17 22 60 46 42 38 69 80 53 25
0 0 0 0 0 0 0 1 1 1 0 0 1 1 1 1 1 2 3 1 7 2 1 1 2 2 1 2 4 37 44 38 40 37 28 21 27 50 41 32 18 8 11 19 23 10 13 35 18 22 46 18 29 47 24 43 23 19 28 24 9 8 20 14 6 4 16 15 28 58 63 67 13 26 43 48 31 18 15 54 28 5 33 62 23 32 28 25 49 30 26 31 55 62 63 51
0 0 0 0 0 0 0 0 0 1 1 1 0 0 1 2 3 1 4 3 12 12 1 1 1 1 1 3 9 24 50 30 31 27 30 47 48 18 24 44 18 7 8 30 24 11 21 22 26 37 53 41 39 60 38 32 34 28 39 11 9 11 20 16 8 6 5 16 33 21 46 38 29 20 22 52 19 17 6 15 34 5 42 71 26 29 43 26 18 50 34 15 23 38 61 71
0 0 0 0 0 0 0 0 0 0 1 1 1 1 1 0 4 1 9 3 2 1 6 3 2 1 2 16 20 19 25 28 22 11 13 13 13 9 8 14 17 3 3 2 10 8 16 18 49 63 69 66 47 51 31 46 45 34 29 30 9 7 22 22 16 15 7 9 11 6 3 3 20 26 23 28 19 30 16 10 4 8 22 57 60 28 36 39 24 23 44 22 36 55 80 61
0 0 0 0 0 0 0 0 0 0 0 0 0 1 1 1 1 1 8 4 3 6 7 2 3 2 4 5 20 25 12 7 7 10 17 14 14 12 6 2 13 2 9 5 2 3 16 32 39 70 69 65 51 60 41 63 59 44 42 46 7 25 34 31 18 12 5 8 4 3 3 19 46 36 37 44 38 29 14 15 25 8 25 55 67 29 14 18 23 18 13 13 30 46 53 49
0 0 0 0 0 0 0 0 0 0 0 0 0 0 0 0 1 2 1 0 1 1 1 12 4 5 3 5 6 4 5 15 19 22 15 22 40 41 20 4 5 5 2 6 3 4 3 22 35 41 52 41 40 40 52 36 47 38 50 42 7 22 6 30 46 25 8 9 12 2 8 36 43 45 17 11 20 30 38 32 24 22 23 50 72 85 55 39 21 16 16 10 32 68 57 39
0 0 0 0 0 0 0 0 0 0 0 0 0 0 0 1 1 2 1 2 2 0 1 3 12 5 8 12 33 25 14 8 11 17 18 35 49 52 38 4 9 8 4 6 15 16 17 4 18 29 20 19 14 16 28 48 49 50 54 50 14 28 19 22 32 10 7 8 6 6 8 36 28 38 11 9 17 15 44 30 29 29 33 40 72 87 84 33 23 21 19 14 33 58 65 61
0 0 0 1 1 0 0 0 0 0 0 0 0 0 0 0 1 1 1 1 1 1 1 2 5 7 2 6 7 5 13 13 18 11 35 61 40 49 38 19 28 31 22 22 36 34 39 22 7 3 3 5 3 2 9 54 80 89 62 25 48 27 23 15 28 17 9 17 5 5 38 40 40 33 11 26 45 24 33 35 22 20 15 10 60 66 64 62 41 24 24 16 22 41 46 23
0 0 0 0 0 0 0 0 0 0 0 0 0 0 0 0 0 0 1 0 1 1 1 2 9 14 6 6 5 11 17 23 14 30 36 42 16 21 23 47 37 45 52 61 55 37 45 39 20 14 11 11 14 2 3 13 79 85 59 35 31 38 18 13 21 6 8 9 3 29 55 54 44 54 17 19 42 42 42 72 43 28 16 10 22 48 55 52 54 33 27 27 13 28 68 20
0 0 0 0 0 0 0 0 0 0 0 0 0 0 0 0 0 0 0 0 1 1 2 1 5 4 4 7 8 10 12 36 25 23 25 14 27 30 26 37 62 65 57 32 39 21 35 43 25 20 19 5 10 5 11 7 26 39 51 52 36 19 15 30 27 4 8 31 56 42 64 79 33 74 31 11 37 66 43 68 57 49 37 16 18 52 72 57 63 42 36 22 10 17 56 45
0 0 0 0 0 0 0 0 0 0 0 0 0 0 0 0 0 0 0 0 0 1 1 0 2 5 4 2 2 7 6 6 13 19 32 17 17 31 18 55 33 33 55 42 26 24 27 37 35 16 26 20 7 12 20 15 20 44 60 51 16 16 54 46 23 5 26 29 42 52 42 45 25 32 57 41 26 23 28 68 30 28 49 35 27 13 57 38 64 33 41 22 14 14 20 41
0 0 0 0 0 0 0 1 1 0 1 0 0 0 0 0 0 0 0 1 1 1 1 1 5 3 8 7 4 6 6 12 15 46 41 26 61 23 40 16 35 23 19 19 37 38 62 49 47 19 21 18 18 18 29 23 22 35 59 60 57 16 23 25 14 16 44 9 32 50 59 35 45 20 53 62 36 22 29 79 85 48 22 61 44 15 11 19 61 46 37 37 16 13 14 40
0 0 0 0 0 0 0 0 0 0 0 0 0 0 0 0 0 0 0 1 3 2 3 2 6 2 4 11 5 4 17 42 44 11 5 65 48 18 19 21 32 47 29 19 16 41 33 13 17 14 30 19 19 21 21 21 12 22 41 29 26 23 13 13 14 35 47 5 27 19 44 58 49 18 17 46 44 56 29 57 85 62 54 25 44 21 7 17 55 65 17 48 25 14 16 31
0 0 0 0 0 0 0 0 1 0 1 0 0 3 1 1 1 1 1 5 3 5 5 3 7 7 4 15 17 9 8 8 4 3 3 11 25 29 11 26 27 44 40 41 32 11 8 5 3 3 12 9 6 9 16 8 9 10 12 23 34 24 15 21 46 37 24 11 22 24 23 46 38 36 28 65 64 45 41 22 63 65 45 64 27 17 11 12 12 42 13 25 22 10 8 12
0 0 0 0 1 1 0 0 2 1 0 1 2 2 3 3 9 1 2 2 6 8 19 10 7 8 21 14 34 17 8 5 11 11 7 1 4 31 26 9 19 40 54 59 42 33 24 19 13 13 5 5 3 1 2 2 2 3 17 29 43 24 31 34 19 42 21 26 35 29 20 34 52 56 17 56 61 43 46 31 47 63 34 16 45 27 13 11 9 15 16 16 25 11 6 5
2 1 0 0 1 0 1 0 1 1 1 1 3 5 7 4 9 11 3 4 20 48 54 68 54 47 47 27 44 31 58 61 58 30 11 9 11 8 7 16 35 26 35 43 54 54 49 35 30 27 13 13 13 11 11 11 11 9 30 43 37 31 23 23 19 40 35 47 17 44 20 16 47 35 18 42 42 22 28 25 24 32 59 16 16 10 12 5 5 9 8 12 5 5 4 4
2 1 2 2 2 0 1 1 2 3 3 2 2 12 17 11 13 49 28 49 60 62 66 73 62 70 65 61 66 71 48 16 32 43 32 14 17 14 6 6 23 29 36 54 48 49 54 42 41 36 28 27 28 26 15 22 16 17 30 25 30 20 12 14 11 44 28 45 39 43 12 18 27 33 23 40 35 49 16 24 24 10 30 17 9 21 7 6 1 4 8 5 6 4 4 3
2 3 2 1 2 2 3 2 3 7 7 15 12 17 30 65 55 45 58 20 27 32 49 65 67 59 82 75 75 75 16 11 10 11 24 22 29 16 22 16 18 40 48 41 49 47 39 63 54 40 33 33 30 30 27 28 28 8 16 17 20 12 13 22 38 59 54 29 37 18 23 12 25 27 26 17 14 24 30 16 23 13 21 17 5 16 7 5 1 2 6 7 4 5 3 1
3 6 2 2 4 3 3 4 7 18 30 46 67 69 80 80 63 67 71 50 23 10 34 54 39 35 26 53 57 52 30 6 5 4 5 9 17 16 19 24 10 22 31 33 19 19 12 29 40 37 48 48 34 32 29 44 31 10 11 11 8 17 32 41 49 40 21 25 16 32 27 36 18 17 18 14 15 15 25 15 13 11 10 7 8 7 7 5 4 2 3 2 2 3 1 1
3 8 2 3 11 9 9 18 33 53 74 71 79 81 75 88 65 68 86 33 65 24 14 33 21 13 19 21 20 20 45 23 14 3 5 3 9 8 9 22 19 20 39 16 21 20 12 25 22 14 12 12 10 21 20 10 34 20 13 10 13 19 36 40 43 33 15 34 45 26 31 20 17 14 12 7 8 7 12 10 11 9 3 7 4 2 2 1 2 1 1 0 0 1 1 1
2 11 10 9 14 25 42 55 54 79 71 85 71 84 76 77 48 59 82 66 28 30 15 8 8 7 3 3 11 11 15 60 22 6 7 5 21 49 48 33 30 20 18 10 11 15 16 6 5 7 8 20 30 30 17 17 34 20 30 10 16 22 37 25 38 18 11 23 40 37 24 17 8 14 10 5 3 1 3 4 5 3 2 2 1 1 1 1 1 1 1 1 4 2 2 4
11 20 31 32 54 75 66 73 75 76 70 88 69 74 53 70 49 70 67 70 17 37 36 14 9 2 3 1 4 6 6 11 15 7 8 12 6 14 14 17 13 13 14 23 24 15 17 9 13 16 39 55 48 32 52 11 39 34 9 4 4 15 12 29 22 23 13 8 11 16 13 13 6 2 2 3 4 3 7 9 5 8 4 8 8 8 7 5 5 7 2 3 12 6 4 9
34 49 56 72 70 66 73 76 79 68 88 63 34 53 47 49 56 58 59 67 28 16 24 13 11 7 3 4 9 11 10 19 12 4 15 12 16 16 26 17 31 20 31 33 38 37 28 26 20 25 36 62 64 64 62 31 43 35 18 24 13 3 4 5 6 5 9 6 5 5 5 5 5 9 14 14 23 13 22 11 13 18 10 17 11 28 15 8 13 11 5 6 12 9 7 15
61 77 77 63 75 74 83 67 68 50 72 15 26 20 31 45 47 35 31 55 31 12 5 4 7 10 10 8 12 5 35 33 29 19 25 27 25 22 25 25 27 31 31 32 48 34 44 30 16 52 45 46 57 43 35 30 62 35 30 48 35 24 24 24 23 23 35 25 17 16 17 18 29 29 28 16 28 27 26 26 25 25 23 21 34 24 19 14 15 8 13 8 16 10 23 23
10 15 47 46 65 59 74 66 29 5 3 4 11 8 8 10 11 23 38 53 28 7 9 15 8 8 29 19 29 21 32 28 29 24 23 45 34 16 35 30 30 41 41 42 32 31 41 31 26 38 49 43 54 61 44 48 37 30 37 42 36 40 39 42 42 36 50 40 35 19 31 32 30 31 44 32 32 45 30 41 41 29 33 32 53 27 23 20 20 19 17 13 25 27 29 40
13 8 6 6 4 5 17 19 19 6 4 8 14 14 6 3 3 6 25 27 14 8 31 8 22 32 36 27 37 25 23 19 35 34 16 28 29 18 26 33 26 44 28 25 28 33 50 35 24 28 48 43 25 69 44 61 32 34 43 36 52 37 35 36 38 27 54 38 23 35 34 33 46 33 45 33 34 48 46 47 34 33 45 38 41 32 25 27 23 23 23 22 51 37 30 30
23 40 30 12 11 10 3 7 9 4 9 12 10 6 3 4 1 11 9 14 22 38 41 17 32 26 33 29 22 9 3 11 23 23 15 26 14 19 26 35 39 22 27 23 24 46 36 23 36 38 46 57 32 72 64 28 56 50 45 29 41 36 52 49 37 43 38 37 35 25 35 49 48 35 48 47 37 54 36 47 37 49 51 63 46 30 16 37 30 31 39 43 49 23 49 31
31 20 19 14 8 6 7 7 14 18 20 21 16 5 5 13 15 18 22 31 59 52 53 32 25 18 20 25 24 22 11 10 20 15 30 14 11 18 17 30 11 10 27 32 25 59 30 34 45 30 56 28 57 56 29 41 64 48 27 42 30 46 47 36 25 41 41 38 23 38 59 62 55 37 49 54 52 57 38 36 42 53 54 48 37 22 22 44 36 24 51 54 50 24 16 56
11 22 28 20 22 11 25 17 23 27 28 42 32 22 18 28 16 30 37 43 52 36 16 26 37 21 10 16 25 21 15 8 14 17 8 25 12 33 23 14 18 11 30 19 21 67 41 40 30 26 32 56 48 33 28 27 44 58 28 42 43 57 45 26 49 47 51 40 22 40 54 73 60 42 50 57 59 46 38 29 46 72 65 58 52 25 46 69 48 23 43 67 66 34 18 56
28 42 17 19 11 21 29 19 18 33 32 36 29 28 32 30 31 37 42 37 45 30 24 31 20 12 14 25 16 22 11 15 8 6 19 20 26 15 20 12 15 8 30 8 7 36 35 39 19 28 32 18 52 10 7 6 19 45 21 47 57 45 38 62 48 49 32 15 26 56 62 77 65 48 51 70 76 50 50 31 53 78 52 41 39 33 54 71 51 33 27 77 82 56 33 48
11 21 12 29 18 29 25 24 22 22 35 38 26 26 50 22 29 35 30 29 39 31 14 28 16 17 22 17 18 22 8 16 8 8 7 19 6 12 8 18 13 13 20 10 27 23 49 29 10 21 29 22 23 12 12 7 10 18 14 49 59 50 53 65 24 46 18 18 25 59 71 74 69 52 56 71 81 41 53 27 62 85 59 31 28 38 58 73 54 38 31 66 76 66 25 49
7 14 36 22 12 17 19 13 12 16 36 24 19 32 20 19 12 26 33 18 15 22 24 21 13 13 10 9 9 41 8 17 7 8 8 15 12 10 6 9 7 15 13 10 20 11 21 9 11 7 10 31 22 15 9 10 31 11 13 37 34 41 73 34 46 40 26 31 39 48 69 69 71 38 46 71 54 34 59 28 48 73 60 50 30 36 60 72 53 44 34 48 70 45 35 50
3 3 14 5 4 3 9 8 5 8 10 12 11 18 17 15 16 16 22 17 13 7 13 16 15 12 14 7 6 8 11 18 6 4 6 14 6 3 5 9 6 13 8 8 12 9 17 5 4 5 4 15 3 5 8 9 18 6 16 25 21 44 19 34 63 28 27 37 49 45 54 76 51 28 48 67 53 38 57 38 46 68 42 36 39 28 33 73 70 41 27 47 69 43 27 50
0 1 1 1 2 2 4 6 2 7 7 12 13 9 8 14 11 11 12 16 7 5 5 12 11 6 12 3 5 9 6 8 2 3 5 4 3 6 4 10 13 4 5 11 8 3 2 12 3 2 2 4 1 3 4 12 12 20 17 10 9 7 22 54 20 27 46 24 34 34 34 60 24 20 35 56 32 37 49 19 53 57 30 34 39 45 17 32 72 36 27 40 66 49 39 33
0 0 0 1 2 1 1 1 2 3 4 9 7 6 7 8 7 6 6 9 8 4 11 6 9 7 5 5 1 3 6 10 1 1 2 8 2 1 2 3 13 3 2 1 2 3 3 0 2 3 2 8 4 2 5 5 20 13 10 25 17 8 30 14 30 44 15 19 19 30 11 48 10 12 20 43 18 48 46 19 34 33 22 43 48 49 25 29 65 41 24 40 46 25 34 25
0 0 0 0 1 0 1 1 1 2 3 8 4 3 3 5 6 11 5 2 3 2 13 1 3 5 4 2 1 2 2 2 0 0 3 1 0 0 3 1 7 2 3 1 2 3 2 9 19 25 20 9 16 10 5 10 13 7 8 11 7 9 18 7 31 11 13 13 13 25 8 21 9 22 8 18 11 32 19 14 40 16 16 23 45 18 27 16 41 26 28 22 53 53 55 45
0 0 0 0 0 1 0 0 1 1 2 4 2 4 1 5 1 5 4 2 1 3 4 4 2 3 3 3 1 0 0 1 1 2 1 0 1 2 3 2 2 3 5 9 3 27 7 41 14 16 8 8 23 27 44 18 17 3 6 11 8 11 2 3 10 7 7 9 15 16 19 14 16 11 8 30 7 26 8 9 38 9 33 32 51 21 27 22 29 44 33 52 57 60 71 85
0 0 0 0 0 0 1 0 1 0 0 1 1 2 1 2 2 4 4 4 2 3 2 4 1 1 1 1 1 2 0 0 1 1 8 8 4 6 14 25 10 12 13 29 12 8 24 34 7 27 12 10 17 34 28 19 26 25 17 35 20 39 32 7 13 19 18 18 13 22 33 25 24 51 57 52 59 77 61 35 45 56 58 50 16 77 74 62 49 20 38 26 38 72 46 62
0 0 0 0 1 3 0 0 0 0 0 0 0 1 2 2 1 3 2 2 2 2 1 3 2 1 0 0 0 0 0 1 1 0 1 6 11 1 4 18 16 20 8 39 52 9 10 18 36 21 36 5 8 40 43 14 56 38 57 50 12 35 18 17 13 24 17 43 47 4 9 39 45 10 29 63 26 55 31 69 24 54 73 54 30 75 61 55 79 74 59 27 46 59 40 27
0 0 0 0 0 0 0 0 0 0 0 0 1 1 0 1 1 2 1 1 1 1 1 2 1 1 0 0 1 1 1 0 0 0 0 1 2 1 2 7 15 4 31 49 27 7 17 9 24 21 37 10 14 36 30 51 34 19 39 55 21 4 13 38 30 42 38 29 42 37 7 42 63 18 37 71 13 9 24 78 68 38 30 52 55 73 61 75 85 76 41 67 28 22 56 69
0 0 0 0 0 0 0 0 0 0 0 0 0 1 0 1 1 1 0 1 0 1 1 1 1 1 0 0 0 1 0 0 1 0 0 0 1 9 3 13 6 20 11 13 51 27 13 7 21 27 27 35 13 49 48 78 27 52 78 75 52 6 27 30 31 72 61 67 37 64 22 16 57 23 46 71 30 27 15 55 43 54 10 12 22 67 72 69 80 63 26 70 44 32 50 58
0 0 0 0 0 0 0 0 0 0 0 1 0 0 1 1 1 1 0 0 1 1 0 0 0 0 0 0 0 0 0 0 0 0 1 1 1 2 13 38 13 35 14 37 30 45 19 21 36 42 72 77 32 57 81 88 50 76 84 69 53 23 54 62 36 31 27 19 50 78 28 18 44 18 51 60 83 29 44 82 58 71 63 22 20 41 63 61 53 41 64 88 46 30 18 18
0 0 0 0 0 0 0 0 0 0 0 0 0 0 0 1 1 0 0 0 0 0 0 0 0 0 0 0 1 1 2 1 1 2 3 5 3 6 35 18 27 15 9 54 52 23 16 12 25 45 67 60 59 36 66 89 54 57 75 66 76 65 67 80 26 34 41 27 51 71 62 38 8 26 67 77 77 69 30 85 32 64 77 44 26 24 53 39 44 22 77 87 68 43 47 19
0 0 0 0 0 0 0 0 0 0 0 0 0 0 0 0 0 0 0 0 0 0 0 0 0 0 0 2 6 1 1 1 5 4 5 6 2 10 21 20 42 19 43 19 76 21 26 23 12 28 66 53 34 15 16 50 65 74 80 77 89 71 76 75 67 41 51 36 53 56 81 54 26 25 54 75 80 79 53 69 66 60 68 80 45 27 18 19 17 32 74 56 79 49 46 28
0 0 0 0 0 0 0 0 0 0 0 0 0 0 0 0 0 0 0 0 0 0 0 0 0 0 0 0 1 1 1 4 2 3 11 6 4 3 1 8 9 7 2 2 15 19 59 42 15 8 29 11 18 9 7 14 15 50 58 52 62 70 65 63 86 42 42 34 12 70 90 42 26 23 64 56 56 62 32 46 48 22 70 82 68 42 11 13 16 23 16 40 80 47 31 39
0 0 0 0 0 0 0 0 0 0 0 0 0 0 0 0 0 0 0 0 0 0 0 0 1 3 1 0 1 1 1 1 6 10 9 6 7 12 4 2 5 14 6 3 6 11 20 31 32 10 13 10 21 11 13 25 19 10 19 39 37 15 30 65 88 67 33 40 50 76 89 53 19 11 22 35 59 45 56 62 50 14 52 71 82 32 21 11 35 41 24 41 89 64 57 60
0 0 0 0 0 0 0 0 0 0 0 0 0 0 0 0 0 0 0 0 0 1 0 0 2 5 2 0 0 2 2 2 5 9 4 2 11 16 5 5 6 22 11 7 12 11 13 12 12 6 13 34 40 36 30 27 19 14 13 9 3 1 9 76 76 73 49 25 30 69 80 77 63 23 13 36 51 39 41 30 53 40 24 75 77 63 27 18 41 31 55 83 84 83 68 64
0 0 1 0 0 0 1 0 0 0 0 1 0 0 0 0 0 0 0 0 0 0 0 0 1 3 1 3 3 6 2 2 11 5 9 13 10 20 10 14 10 20 21 12 6 24 14 19 14 5 13 51 61 64 61 50 35 31 28 27 27 23 25 46 49 62 53 22 9 46 42 79 79 34 17 46 53 42 25 45 69 35 23 24 77 79 32 17 50 59 55 76 52 78 50 32
0 0 0 0 0 0 0 0 0 0 1 1 1 0 0 1 0 0 0 0 0 0 0 0 0 1 1 3 6 3 2 3 2 1 16 18 6 9 17 32 19 25 19 15 5 9 37 28 19 13 12 34 74 78 71 72 60 58 48 48 77 79 82 72 58 55 45 28 12 8 35 51 82 64 58 19 41 49 28 6 21 34 36 52 70 76 51 29 17 38 40 34 79 78 87 60
0 0 0 0 1 1 6 0 1 0 0 0 1 2 1 0 0 0 0 0 0 0 0 0 1 0 1 2 1 1 1 4 12 8 19 14 13 23 43 20 36 32 15 22 27 27 39 40 28 22 13 20 49 72 70 78 80 76 55 43 35 48 59 66 77 74 75 63 38 3 11 52 60 66 56 51 34 16 22 21 53 45 23 31 30 70 70 28 13 24 31 37 30 71 59 74
1 0 0 0 0 2 1 0 0 2 0 0 0 0 0 0 0 0 0 0 0 0 0 1 2 0 1 3 3 5 6 20 12 7 10 19 12 15 10 5 10 52 57 33 55 38 30 32 33 34 33 16 13 18 59 59 55 75 76 67 61 54 40 46 53 71 76 75 71 62 42 65 55 76 44 44 33 24 33 26 22 26 16 46 34 72 76 25 11 36 44 30 32 31 60 76
1 1 1 0 0 1 4 2 0 0 0 0 0 0 0 0 0 0 0 0 0 0 0 1 1 1 0 1 1 1 1 2 2 9 9 10 12 15 20 20 12 4 17 62 64 76 65 47 39 22 31 33 27 16 25 41 35 29 48 54 57 69 69 57 33 37 67 76 75 60 64 80 61 82 69 50 45 47 28 16 18 34 16 27 40 28 64 37 10 21 40 40 18 13 52 77
0 0 8 2 0 2 1 6 2 1 1 0 0 0 0 1 0 1 0 0 0 0 1 1 1 1 1 4 3 1 2 6 4 6 9 20 22 29 26 31 35 28 15 10 9 61 69 63 41 29 21 34 27 16 6 6 7 8 8 9 17 38 33 46 49 26 27 42 42 37 65 64 63 61 57 60 64 58 36 41 37 32 16 17 52 58 42 48 17 6 28 37 21 40 79 37
0 0 2 1 1 1 0 0 8 13 12 7 0 1 0 0 0 1 0 0 0 0 0 0 1 0 2 2 1 2 5 7 4 4 7 14 15 23 22 25 30 28 44 40 40 28 12 9 36 38 46 17 16 10 15 24 23 24 22 19 21 8 6 8 11 8 7 6 7 23 35 51 46 42 35 27 27 52 46 38 29 16 39 33 35 47 40 57 37 10 7 27 47 77 47 70
1 1 2 12 4 1 1 0 0 18 1 1 1 1 1 1 1 0 0 0 0 0 0 0 1 1 1 1 1 1 1 1 2 4 5 8 18 26 18 27 34 42 40 42 46 35 33 31 21 12 12 8 12 28 31 42 41 42 41 52 23 7 7 22 23 36 18 21 6 4 12 27 23 16 16 17 20 27 34 52 45 18 15 17 18 22 34 48 55 16 7 22 83 55 47 58
2 1 2 6 2 3 5 1 0 0 0 0 0 0 1 6 0 0 0 1 0 0 0 0 0 0 1 1 1 1 1 1 2 3 7 9 12 14 14 30 35 27 23 26 32 26 24 34 29 26 32 34 37 48 44 41 56 59 59 54 30 23 25 40 37 27 34 17 7 8 8 3 2 3 4 3 9 8 4 7 14 9 9 7 7 8 22 34 31 19 8 55 61 35 64 58
5 2 1 1 5 4 19 7 4 3 2 1 0 0 2 1 8 4 1 1 3 2 1 0 0 0 0 0 0 0 0 2 3 2 1 2 12 15 9 9 17 28 21 15 25 20 29 32 39 32 42 26 29 42 54 56 57 60 69 59 38 36 47 44 53 56 57 44 23 19 6 3 2 4 5 11 28 19 11 10 7 5 3 4 3 5 8 15 34 34 13 66 22 14 51 66
5 5 5 11 5 7 4 2 2 14 2 5 1 1 2 5 17 6 2 2 4 1 0 1 0 0 0 0 0 0 2 0 0 1 2 2 8 20 19 30 27 22 32 24 33 27 31 33 38 21 52 39 36 32 49 53 73 72 72 56 29 49 46 60 59 75 66 59 46 25 19 19 19 25 28 40 48 35 22 22 32 34 18 9 10 6 2 4 11 37 24 54 14 16 55 79
6 7 2 2 9 5 22 13 5 5 10 17 6 2 4 18 23 5 2 6 0 6 0 0 0 0 0 1 0 0 0 0 0 2 1 2 4 8 13 18 25 16 19 21 25 28 33 49 39 30 39 49 33 36 53 62 73 64 51 42 41 49 59 60 61 79 72 60 51 28 42 42 42 47 46 47 60 44 41 43 42 41 25 33 31 15 12 3 5 18 15 17 16 9 27 50
6 11 8 2 25 18 24 15 41 19 10 3 2 18 16 12 9 3 3 17 1 6 0 1 0 0 0 1 2 0 0 0 0 2 2 3 4 12 7 18 25 19 8 25 23 26 31 51 37 18 21 45 40 32 45 66 67 50 38 26 30 59 57 59 77 74 64 58 33 29 43 43 45 59 51 64 64 66 47 50 61 51 50 59 45 36 18 4 2 10 9 18 12 4 14 27
7 2 9 3 1 35 11 7 15 32 19 13 2 11 36 10 1 3 8 16 1 11 1 1 3 2 0 1 3 6 1 0 0 0 2 1 1 2 4 4 15 9 16 17 19 10 38 20 34 12 43 31 30 23 48 71 46 41 27 36 37 51 47 65 76 68 62 60 34 50 61 61 43 58 67 65 67 57 49 59 67 62 56 64 32 21 9 7 3 2 3 9 9 3 9 6
6 7 5 10 2 6 31 46 45 22 8 9 3 5 20 26 5 9 33 17 3 16 1 1 1 1 1 3 2 0 3 6 1 1 1 1 0 1 1 4 6 6 6 14 11 9 10 14 7 11 54 11 23 15 49 28 27 37 21 27 27 39 55 69 54 66 56 40 35 50 61 61 39 62 59 68 72 59 51 59 74 62 65 42 22 24 20 22 17 4 1 1 5 4 3 4
13 7 10 7 10 10 16 27 20 37 36 13 37 5 2 1 17 61 46 11 13 4 3 4 5 2 1 2 4 4 2 0 1 0 1 0 0 1 1 5 2 6 6 7 4 4 4 6 9 16 5 5 17 28 13 25 22 15 17 17 16 30 67 50 57 44 31 35 50 61 58 59 52 63 40 53 59 38 49 57 76 46 31 31 40 46 57 35 21 9 4 1 1 2 2 2
15 13 12 10 37 18 51 73 35 21 20 39 37 40 2 1 4 5 4 1 7 9 5 2 1 2 1 2 2 1 0 0 0 1 0 0 0 1 1 1 1 1 4 1 1 1 1 7 1 2 2 4 6 14 10 13 6 9 20 21 17 47 43 48 44 51 32 30 41 58 52 40 44 62 39 24 67 43 51 74 45 46 42 46 74 77 56 31 26 18 7 6 3 1 1 1
