sesion_6_simulaciones/modelos_agentes/ejemplos_netlogo/scenarios/cgcm2_a2/rob_2066.asc
NCOLS 322 
NROWS 307 
XLLCORNER 451900 
YLLCORNER 4086900 
CELLSIZE 100 
NODATA_value -9999 
[rows 222 to 295 of 307, columns 192 to 287 of 322]
9 10 7 4 20 15 10 5 2 1 0 1 0 0 0 0 1 1 2 2 5 15 40 31 19 22 14 15 29 32 16 21 45 38 31 20 28 42 34 32 31 22 23 41 16 17 17 5 7 10 6 5 2 2 2 1 1 5 19 19 16 17 28 21 62 84 78 73 84 87 64 51 29 9 6 1 1 1 0 1 2 1 1 1 1 2 1 1 3 6 12 16 19 20 24 16
31 36 28 20 12 7 7 7 3 1 1 0 0 0 0 1 1 1 1 5 8 23 36 50 26 31 33 25 38 39 25 29 41 42 40 21 31 26 27 25 26 19 25 41 22 11 17 7 9 6 4 2 2 1 1 1 1 4 5 8 8 19 32 28 47 74 73 68 82 84 68 44 28 11 3 2 2 1 1 1 2 1 1 1 2 3 3 2 3 7 10 12 20 24 25 29
35 30 30 23 18 12 10 5 3 1 1 0 0 0 0 2 2 5 3 6 11 31 41 59 48 36 35 41 41 56 50 32 35 35 38 22 35 12 26 22 15 18 22 42 47 13 19 13 5 3 4 2 3 1 0 1 2 5 3 11 15 24 35 42 28 39 13 9 21 73 82 50 19 5 4 4 3 2 2 1 2 2 1 1 1 3 4 5 7 5 10 21 20 23 28 46
22 18 19 13 10 7 5 4 3 2 1 1 0 0 0 3 6 8 8 8 13 18 32 50 58 55 45 45 39 56 75 56 38 38 20 21 25 21 35 17 12 12 20 22 34 30 6 11 2 2 1 1 2 1 0 1 1 2 4 13 23 30 52 43 28 35 24 32 14 19 58 37 15 15 8 9 8 3 2 1 2 2 2 1 1 2 2 5 8 7 9 23 25 23 29 36
22 19 17 9 3 4 5 4 2 1 0 0 0 0 2 5 5 12 16 21 13 21 38 38 57 75 56 48 50 37 50 60 31 40 29 32 34 31 19 17 10 13 12 12 14 19 9 19 7 2 5 3 1 1 0 1 4 5 8 14 37 43 39 29 25 28 37 52 33 27 29 11 16 14 17 13 6 4 3 1 4 3 3 0 2 2 4 2 3 5 8 8 22 28 24 34
16 28 21 18 13 9 5 3 2 1 0 0 0 0 4 5 10 7 18 35 34 40 38 40 50 71 80 52 65 40 44 55 38 25 43 41 29 23 23 20 5 9 8 12 18 17 21 26 21 4 3 2 1 0 1 1 2 3 8 26 40 40 27 19 48 42 52 51 37 34 17 13 18 26 22 19 14 11 5 1 3 5 5 2 3 2 2 3 3 4 6 10 11 13 26 36
28 17 13 10 7 3 2 2 1 1 0 0 0 2 6 5 4 12 27 38 49 65 71 54 55 58 80 42 60 37 36 54 20 22 37 39 37 32 22 20 12 12 9 8 20 22 17 23 10 8 3 2 1 1 4 7 5 12 22 43 28 17 20 35 69 64 45 35 35 26 28 25 34 31 40 26 20 13 2 1 2 9 7 4 8 5 3 7 4 7 11 14 15 15 16 35
29 21 11 7 5 4 2 1 1 0 0 0 0 3 3 4 3 9 14 26 29 55 69 78 64 52 65 61 70 36 55 30 18 17 25 40 37 40 17 18 17 18 11 10 14 21 20 13 6 4 5 4 1 2 3 3 8 6 18 5 11 33 37 69 65 48 38 31 44 49 46 42 42 50 26 20 15 9 4 0 0 8 16 9 6 8 10 10 4 6 10 13 27 24 29 35
12 14 10 3 2 2 3 1 1 0 0 0 1 3 4 6 16 6 12 22 42 49 65 60 71 62 68 71 58 31 43 21 17 38 24 35 35 22 20 25 26 25 10 11 29 22 25 12 11 3 2 1 1 0 1 1 31 14 5 14 25 31 44 42 28 27 30 36 32 43 61 64 53 25 10 9 7 4 1 0 2 3 15 8 8 8 21 27 8 7 8 17 19 18 27 36
4 3 7 4 5 4 3 1 1 0 0 0 1 4 9 16 12 12 24 37 38 49 64 68 55 55 58 52 51 51 61 27 19 27 34 24 30 25 21 19 21 13 16 9 10 14 20 15 8 5 2 1 1 1 2 3 1 55 47 23 15 8 22 22 35 34 28 22 16 48 80 65 38 22 12 5 3 1 1 1 1 4 10 8 17 8 15 19 25 8 9 18 19 25 22 34
6 2 1 4 4 3 1 1 0 0 0 1 3 6 14 14 10 17 31 31 31 61 70 69 52 50 56 42 62 72 35 26 25 40 21 34 29 27 24 22 20 17 32 7 15 16 17 10 4 1 4 1 2 2 3 14 8 9 19 23 11 28 16 20 20 31 32 14 29 48 59 38 35 29 12 4 1 2 2 4 3 4 4 23 20 6 5 9 37 9 9 19 22 23 18 23
4 4 3 2 4 3 1 1 0 0 0 0 1 3 7 10 20 27 38 60 41 39 72 57 67 48 49 49 13 68 37 30 23 37 29 19 23 30 23 22 21 16 35 7 7 34 15 9 6 3 4 1 1 7 11 3 16 19 10 5 13 7 13 21 21 25 18 53 46 25 46 30 25 20 12 3 2 3 3 3 6 8 6 10 13 16 8 17 23 23 21 12 15 36 25 22
9 6 6 3 2 1 0 0 0 0 0 0 1 2 5 5 14 20 39 54 63 68 76 56 64 58 58 47 50 43 63 29 21 26 24 9 13 25 27 32 21 8 20 22 4 14 9 20 6 4 4 2 2 5 4 5 3 4 7 18 14 17 17 31 15 19 39 20 17 34 36 29 24 8 2 2 4 3 7 4 6 7 10 13 23 29 9 12 24 25 50 28 10 17 41 33
2 6 3 2 1 0 0 0 0 0 0 1 1 1 4 5 9 22 36 47 64 52 60 18 31 52 56 14 13 24 52 15 20 55 22 19 24 29 14 4 11 4 18 20 4 13 17 6 1 3 4 2 2 3 3 2 8 13 33 18 8 13 34 50 35 31 54 55 53 44 34 27 11 6 2 3 8 5 14 4 8 8 11 13 25 20 36 13 25 16 7 34 15 15 19 28
4 3 4 2 1 0 0 0 0 1 1 1 2 1 1 3 10 13 28 42 47 31 26 48 39 35 20 20 38 24 35 30 29 30 30 26 24 19 19 9 12 11 11 20 3 7 11 6 2 1 2 3 2 3 1 3 10 4 7 13 16 33 43 50 56 56 43 37 53 45 66 37 16 7 2 1 2 10 11 6 10 10 15 9 14 23 20 38 32 27 18 41 22 5 15 14
6 3 2 1 1 0 0 0 1 1 1 2 2 2 2 1 8 14 16 18 26 58 54 43 46 47 35 23 26 30 24 21 27 24 13 18 16 17 23 7 20 13 9 19 3 4 9 4 5 4 1 1 3 3 2 3 5 4 18 13 34 26 29 71 80 48 47 32 66 37 28 25 6 6 6 6 6 13 15 13 20 13 13 14 15 10 20 42 58 61 18 16 29 14 21 34
4 2 1 0 0 0 0 1 1 1 2 4 3 3 3 2 3 6 10 20 32 39 47 34 23 32 40 23 30 17 23 23 19 39 14 22 12 21 11 14 6 9 4 13 3 2 4 3 2 3 3 1 2 0 2 1 1 7 10 11 20 18 44 62 66 78 51 28 20 24 18 5 3 8 13 13 8 8 21 20 32 16 16 16 18 17 10 8 11 24 48 45 31 21 21 30
3 2 1 0 0 0 0 0 1 1 2 4 5 6 4 4 10 9 6 21 33 48 37 44 40 46 29 21 24 20 9 10 23 11 7 35 6 14 8 7 8 7 21 11 4 4 7 8 2 1 1 1 0 2 1 1 4 16 21 52 55 42 31 42 47 32 46 50 32 20 7 2 4 15 10 24 8 10 22 34 25 35 20 19 19 17 24 15 14 20 36 32 26 62 22 37
2 1 1 0 0 0 0 1 1 2 3 5 7 7 8 5 15 14 14 12 24 13 21 24 22 34 21 12 22 18 19 17 7 5 2 16 6 17 4 7 5 4 18 11 7 4 13 4 4 2 1 3 1 3 2 4 6 3 16 23 32 29 17 27 46 39 53 29 36 22 14 2 9 12 13 23 29 12 14 23 28 41 26 35 23 11 16 25 7 3 9 9 10 35 39 29
2 1 1 0 1 1 1 2 2 4 5 7 7 9 18 11 15 24 19 33 43 44 52 53 49 38 33 40 37 22 43 46 35 12 17 11 15 11 4 5 3 2 2 9 4 2 3 3 3 1 2 5 12 15 50 32 34 29 36 24 32 33 40 53 45 41 41 34 31 18 6 2 10 14 25 22 27 21 23 35 26 44 29 41 26 14 16 26 34 11 19 20 12 8 9 14
3 2 1 1 2 2 2 4 2 3 6 8 6 15 21 13 6 10 35 49 60 51 57 64 66 65 62 58 74 63 29 23 18 9 4 3 7 6 7 3 4 1 1 5 2 1 1 3 1 2 0 0 1 1 4 13 59 61 35 39 35 34 18 51 41 34 36 32 11 8 3 4 13 18 12 20 25 35 27 38 25 16 46 44 32 16 18 33 29 15 20 27 22 35 40 47
3 2 1 2 3 3 5 6 5 5 3 4 12 15 15 25 6 6 13 22 46 60 34 55 57 68 63 42 7 20 34 17 9 8 8 10 9 3 8 2 3 1 0 3 2 2 1 0 0 1 1 1 1 1 2 2 9 32 60 74 80 35 32 26 25 30 33 35 29 9 4 10 24 23 20 25 52 40 41 39 40 18 23 57 39 17 18 24 23 17 27 16 30 33 46 51
1 1 2 3 3 6 6 7 6 6 3 5 9 13 10 19 14 5 13 21 31 40 27 51 35 28 22 13 10 10 18 12 10 13 9 4 6 9 6 1 2 2 0 1 1 0 0 2 1 1 2 2 3 5 6 11 17 38 30 24 39 72 56 44 42 43 50 33 25 9 7 23 26 35 36 25 43 49 40 30 28 27 12 40 54 29 31 14 33 20 32 31 21 37 34 25
2 2 4 4 8 8 8 9 9 9 5 6 9 11 18 10 28 4 6 6 14 11 24 24 29 37 28 29 31 19 30 11 10 16 11 7 6 3 1 1 2 3 19 3 1 1 0 1 1 1 3 5 2 9 21 11 12 14 17 13 15 31 57 55 49 37 43 32 15 4 13 26 25 32 37 38 28 55 42 54 30 44 31 31 69 35 46 22 37 30 31 45 31 32 25 33
1 4 5 6 9 11 10 11 10 10 6 8 10 16 26 19 18 8 7 14 10 9 24 25 31 34 36 28 25 37 32 28 23 34 7 4 5 6 5 2 7 5 1 1 6 1 0 1 1 8 13 2 6 6 7 12 24 26 32 21 20 23 25 30 36 33 24 27 15 10 15 28 27 39 33 31 29 39 49 57 43 29 44 29 69 24 28 35 22 45 29 31 30 23 24 25
3 6 11 7 10 7 8 12 21 20 7 5 13 9 33 57 8 8 6 25 25 25 19 23 28 24 32 18 21 27 25 18 14 13 12 11 7 8 6 3 1 1 1 0 1 2 2 1 9 21 1 1 2 14 12 13 17 25 17 18 29 22 26 20 21 21 21 15 11 13 24 29 29 29 31 31 35 40 51 43 40 35 41 50 67 24 28 32 20 47 32 16 40 15 9 18
6 7 8 14 14 8 14 14 26 25 8 5 8 16 28 28 10 13 8 20 29 27 26 16 19 11 25 27 25 26 17 14 15 14 12 10 8 5 4 4 2 1 1 0 1 0 0 4 1 4 1 2 2 3 7 62 29 33 28 30 25 24 21 20 18 19 18 11 9 12 22 26 19 31 28 41 50 32 36 59 45 50 48 49 62 40 45 20 45 43 12 22 38 12 17 20
9 10 10 25 15 8 10 20 25 40 13 7 14 17 26 42 24 16 14 31 36 48 28 32 30 10 19 19 20 17 24 11 15 13 11 5 4 2 3 2 4 3 2 1 1 2 2 0 0 1 2 5 8 9 18 9 20 24 39 40 32 24 23 23 21 20 18 9 5 21 25 27 34 31 47 38 36 45 31 26 44 44 34 51 27 84 49 17 30 41 8 22 19 31 18 23
13 20 12 32 17 11 11 22 26 35 8 8 17 19 29 34 39 5 26 32 35 51 32 32 31 38 22 19 10 10 10 18 29 16 5 10 3 9 3 3 3 3 1 1 0 1 0 0 1 2 4 4 11 12 26 6 6 7 8 22 20 27 26 31 29 30 25 14 5 22 22 22 34 38 47 19 32 24 45 19 27 26 35 20 48 75 29 18 54 19 10 21 16 32 31 27
10 13 22 26 21 21 13 16 31 51 9 17 21 29 26 45 10 8 29 33 44 50 53 30 51 30 31 27 15 16 10 33 42 15 17 8 5 7 4 2 4 1 1 0 1 1 0 1 1 3 3 2 11 20 18 6 13 24 23 30 30 31 35 44 38 42 31 14 6 25 25 24 46 32 37 47 44 31 17 33 19 29 32 33 26 52 45 32 42 18 17 25 13 16 7 44
6 8 25 27 25 25 14 18 30 37 12 22 29 49 52 27 8 8 28 32 32 55 46 48 30 29 46 30 26 22 23 27 35 24 15 16 13 5 11 4 1 2 0 0 0 1 0 1 1 1 2 4 8 9 22 18 20 30 31 37 46 52 41 37 28 21 26 8 12 28 33 29 45 44 31 31 42 29 31 9 43 11 17 40 46 53 59 72 33 17 26 20 25 28 18 46
13 14 29 35 44 30 17 21 37 39 11 14 34 54 38 12 6 19 27 29 44 44 43 43 42 30 39 30 42 36 37 20 10 11 14 12 10 3 6 4 3 2 1 0 1 1 0 1 0 0 1 2 7 18 16 15 31 39 43 29 52 34 17 27 34 27 14 11 10 23 45 28 40 44 46 35 46 27 33 23 17 38 16 6 10 31 52 64 24 39 29 23 21 38 14 15
12 17 20 28 58 37 19 25 32 40 11 12 35 53 26 12 8 20 34 30 30 33 38 37 59 26 29 27 22 36 34 20 22 13 10 5 7 6 7 3 2 1 1 1 2 1 1 1 0 0 1 3 9 7 25 36 14 24 16 19 17 18 34 39 25 25 25 9 14 14 48 31 32 30 35 41 34 28 13 24 14 38 21 15 8 8 24 43 38 63 30 27 20 38 9 13
15 32 22 20 31 54 22 31 47 16 14 15 24 60 33 15 7 27 33 32 42 52 43 54 45 36 19 21 36 29 12 33 44 25 8 7 4 4 5 3 1 2 1 1 1 0 0 0 1 1 2 3 4 11 24 18 34 16 24 28 25 25 27 24 27 29 16 11 11 20 20 48 28 25 31 31 43 38 24 42 15 13 23 16 13 11 12 27 40 43 25 28 22 28 12 19
18 23 39 34 17 41 14 36 66 18 17 32 40 51 19 20 3 16 37 37 51 38 40 52 48 38 33 10 7 9 12 10 12 4 4 6 8 4 3 5 2 1 1 1 0 0 0 0 2 2 2 4 7 10 27 29 39 26 24 38 27 35 40 27 31 31 15 13 14 33 31 32 49 22 25 27 49 36 24 21 25 13 9 35 21 11 15 15 35 30 40 24 20 14 21 10
20 25 45 49 26 55 17 31 67 34 19 44 48 33 16 6 5 11 20 38 52 51 34 34 34 56 31 10 15 10 11 10 13 7 4 2 4 5 5 4 1 1 0 1 1 0 0 0 0 0 2 2 3 7 10 10 12 33 34 31 37 22 26 29 24 28 26 7 16 32 34 29 39 12 31 27 28 38 47 42 36 17 12 11 25 12 9 21 36 70 54 21 12 11 21 9
20 24 25 55 27 51 27 28 36 44 23 49 44 13 6 9 14 22 32 43 35 38 42 20 30 30 46 15 9 9 14 12 11 9 6 8 4 4 2 1 1 1 1 0 1 0 0 0 0 1 1 3 24 14 10 37 32 60 36 24 35 37 39 40 40 26 24 14 19 36 28 42 55 19 19 39 28 42 32 27 45 12 18 18 46 12 7 9 9 33 44 18 18 7 35 19
17 18 16 36 59 33 45 22 52 24 52 29 14 6 16 15 23 18 55 54 26 32 33 30 15 21 45 40 14 15 7 12 9 4 3 3 4 2 1 1 1 0 0 0 0 0 0 0 1 1 1 3 3 10 21 25 18 46 19 18 23 30 35 34 22 20 16 26 28 33 34 42 11 28 32 37 31 19 32 23 62 16 17 11 19 29 16 18 22 24 40 14 29 8 16 26
35 23 17 23 32 46 50 27 64 44 36 11 7 15 20 27 28 19 20 19 32 32 31 41 33 19 15 7 16 25 7 11 5 4 6 6 5 2 2 1 1 1 1 0 0 0 0 0 0 1 2 2 7 5 12 15 20 25 17 5 16 23 28 26 17 14 15 26 27 30 31 46 14 13 6 12 30 37 60 12 49 28 16 19 10 8 36 14 19 25 16 35 8 10 16 24
25 34 26 20 19 31 57 31 32 14 10 3 11 20 32 39 37 15 20 20 30 32 21 7 12 7 9 24 4 7 14 22 9 12 3 5 1 2 2 0 0 0 0 0 0 1 0 0 0 1 2 1 2 4 7 13 13 28 20 21 33 27 30 18 25 26 15 27 26 29 24 40 12 23 12 16 17 11 32 17 14 34 15 21 10 22 27 5 18 27 34 24 6 9 8 10
26 36 27 33 41 47 48 31 35 10 13 11 16 32 31 36 44 24 27 27 30 30 18 11 10 13 10 6 7 16 5 7 7 26 5 9 1 1 1 1 1 0 0 0 0 0 0 0 0 1 4 2 2 4 12 6 18 42 46 41 32 24 29 28 25 22 24 34 24 26 24 32 15 24 21 17 24 19 23 38 8 35 14 31 8 7 24 3 8 10 30 18 4 9 9 24
26 38 33 37 42 53 49 12 8 4 16 15 25 31 30 42 27 49 36 25 26 23 20 23 21 17 14 6 8 19 5 6 2 2 2 5 6 4 2 4 2 1 1 0 0 0 0 0 1 1 2 1 2 5 7 11 23 63 20 25 36 22 28 23 20 21 30 38 22 23 24 24 20 22 29 17 22 20 19 17 24 57 21 25 16 4 35 12 5 5 16 25 8 10 7 2
23 45 42 37 67 59 11 8 12 15 29 24 21 32 29 44 16 24 55 14 26 18 10 14 22 19 7 10 11 13 25 5 3 2 2 1 1 1 1 3 3 1 1 1 0 0 0 0 1 1 1 1 2 4 13 15 20 30 23 17 32 26 19 7 23 12 13 43 22 21 32 21 30 18 26 21 18 20 17 12 21 7 34 29 24 5 10 7 3 4 6 26 6 11 13 11
25 34 62 53 68 12 13 11 14 27 29 29 37 50 14 46 13 21 25 47 13 31 8 7 11 21 21 14 10 7 3 7 3 3 2 1 1 1 1 1 1 0 0 0 0 0 0 0 0 1 1 1 1 3 9 19 9 24 48 39 17 14 11 5 32 18 19 41 26 17 32 19 41 24 23 26 15 15 24 13 9 7 23 14 20 6 3 19 4 5 7 19 13 13 6 8
15 33 61 79 41 6 12 21 27 27 41 49 20 28 15 15 31 12 22 21 12 21 11 10 11 16 11 24 10 12 12 6 7 4 3 2 1 1 1 1 1 0 0 0 0 0 0 1 0 1 1 1 2 4 12 14 38 23 21 36 18 11 4 10 15 34 18 20 26 16 25 16 32 26 14 25 23 12 14 21 17 5 8 23 28 7 2 12 6 4 8 4 22 11 5 33
16 39 67 49 6 8 24 22 17 44 29 60 14 30 14 12 20 57 10 25 30 19 25 8 8 16 19 11 11 18 8 6 14 2 3 2 1 2 0 1 1 0 1 1 0 0 1 0 1 1 1 2 3 3 5 11 20 20 23 21 20 10 4 14 11 19 16 16 29 15 16 23 16 31 12 14 36 11 12 14 22 5 10 10 17 7 3 6 8 5 4 2 3 7 6 5
15 39 51 23 9 16 22 23 14 29 13 52 15 34 34 10 31 55 7 28 44 9 37 8 7 18 20 18 5 4 21 2 2 5 7 3 1 1 1 1 0 0 0 0 0 0 0 1 1 1 1 1 1 2 3 6 12 17 14 30 19 10 9 14 21 24 9 12 23 22 12 10 8 20 11 12 17 15 11 9 3 3 11 5 15 5 3 2 7 10 1 4 7 6 14 1
13 41 33 24 11 14 27 41 10 16 15 38 11 21 47 15 23 52 11 11 21 17 22 9 7 8 8 15 13 9 3 3 1 1 0 5 3 1 1 1 0 0 1 0 0 0 0 0 1 2 1 2 2 3 3 6 4 10 14 10 7 15 12 14 13 20 20 13 16 19 7 12 7 12 14 10 15 5 4 11 4 4 4 4 18 17 4 2 4 8 1 2 7 10 8 3
31 32 44 13 10 15 18 24 10 17 16 20 21 11 37 10 7 38 11 7 8 7 35 16 6 5 6 6 6 6 12 5 1 2 0 1 3 1 0 0 0 1 1 1 0 0 0 0 1 2 2 1 2 1 2 6 13 28 17 7 3 11 12 13 13 12 39 8 15 21 6 10 10 12 24 2 9 11 4 3 7 3 3 3 5 17 2 1 2 7 2 2 2 17 37 17
65 36 9 9 15 14 15 19 9 33 18 7 22 9 50 8 7 21 12 5 7 14 26 9 4 6 5 11 10 7 4 4 2 3 0 1 1 2 0 0 1 1 0 0 0 0 0 0 0 1 2 3 3 2 4 6 11 25 24 8 4 23 12 7 11 11 21 10 6 22 10 4 5 23 14 5 4 4 13 2 5 10 4 3 22 9 1 4 0 16 4 1 1 1 3 4
9 4 10 7 13 15 24 25 16 26 13 7 49 6 7 25 10 29 13 4 5 9 9 26 7 8 4 9 9 7 3 2 2 5 1 1 0 5 0 0 0 0 0 0 0 0 0 0 1 2 2 1 7 2 3 3 3 20 26 4 5 10 13 6 12 10 9 17 6 26 13 6 7 6 17 4 4 6 5 4 2 1 10 3 4 9 2 7 1 5 14 2 4 3 1 1
19 8 24 15 13 15 28 12 33 17 5 8 25 8 8 24 5 9 26 3 10 7 5 17 3 7 6 5 5 5 6 4 1 2 1 1 0 0 1 0 0 0 0 1 0 0 0 1 1 2 4 4 1 2 4 1 4 9 7 2 8 27 16 5 4 19 5 12 4 7 36 4 9 9 5 6 5 4 8 5 4 2 2 4 1 7 10 6 1 2 30 1 2 1 3 1
32 15 8 16 17 19 14 11 25 10 8 9 6 7 6 10 5 5 23 6 8 5 2 5 9 6 6 3 3 2 3 2 2 1 1 2 0 0 1 1 0 1 0 0 0 0 0 0 1 0 0 0 0 2 3 9 8 4 7 5 4 19 8 5 5 9 17 4 12 3 14 3 6 14 2 3 15 2 3 4 6 3 2 1 1 1 8 8 2 1 9 2 2 1 2 2
63 20 11 9 10 13 5 12 21 4 11 7 6 7 4 11 5 4 10 3 3 10 3 1 1 2 2 1 6 7 2 2 3 0 0 0 1 0 0 4 0 0 0 0 0 0 1 0 6 1 1 0 1 1 5 18 7 2 2 9 4 3 11 4 9 5 24 3 24 2 7 6 3 5 2 8 3 2 2 2 2 3 3 1 1 1 1 1 6 7 4 3 2 1 3 1
29 7 4 10 6 6 5 6 17 3 6 4 4 13 3 12 4 14 4 2 2 7 4 2 2 2 3 2 3 3 5 5 1 0 0 0 0 1 0 5 0 0 0 0 0 0 1 0 0 1 1 1 0 3 6 8 5 3 1 13 6 4 2 9 7 7 13 3 15 4 2 3 6 9 3 2 3 1 2 0 1 2 1 1 1 0 1 0 0 1 7 2 1 1 2 1
39 6 23 8 8 5 5 5 4 3 6 5 2 14 14 2 6 5 6 5 5 2 4 3 4 5 2 4 1 1 1 1 1 0 0 0 0 0 0 1 0 0 0 0 0 0 0 1 0 0 0 1 1 9 8 6 5 5 1 3 7 3 5 4 5 11 6 7 1 6 11 1 8 13 3 0 2 1 1 0 2 1 2 1 0 0 0 0 0 0 1 2 1 0 2 0
19 12 4 4 4 5 7 4 5 2 3 2 4 7 6 1 2 2 2 1 3 2 3 4 6 4 3 4 3 1 1 1 3 1 0 0 1 0 0 0 1 0 0 0 0 1 0 0 0 0 0 0 2 4 7 4 1 4 4 2 7 2 3 4 1 3 2 3 1 2 9 1 4 5 0 1 1 2 1 1 0 2 0 0 1 0 0 0 0 0 1 0 2 0 1 0
2 11 2 4 4 3 4 2 11 2 2 2 2 1 4 2 2 1 4 2 1 3 3 3 3 1 2 4 3 0 1 1 1 1 1 0 0 0 0 0 1 0 0 0 0 1 3 0 0 0 0 1 2 3 7 2 2 4 3 3 9 3 1 1 3 2 2 4 1 1 5 2 9 2 0 1 0 0 1 1 0 1 0 1 1 0 0 0 0 0 0 0 1 1 1 0
4 27 2 2 1 3 4 3 2 3 2 1 2 1 2 1 2 1 9 2 1 1 2 7 1 1 2 2 3 1 1 1 1 1 1 0 0 0 0 0 1 0 0 0 0 0 0 0 0 1 0 1 3 5 3 1 2 3 2 3 8 3 5 2 1 3 1 4 1 1 1 1 6 0 0 0 0 0 1 1 0 0 0 1 1 1 1 0 0 0 0 0 0 2 0 0
4 15 6 0 1 1 4 2 1 3 2 1 1 1 1 2 0 2 1 0 1 2 2 1 3 1 1 1 1 1 1 1 1 1 0 0 0 0 0 0 1 0 0 0 0 0 1 2 1 0 1 4 6 5 0 1 3 4 2 3 2 5 2 5 2 1 1 2 0 1 1 2 1 1 1 1 0 1 2 0 1 0 0 0 0 1 1 0 0 0 0 0 0 0 1 0
1 7 6 0 2 1 2 3 1 2 1 1 0 1 0 2 1 1 1 2 0 1 2 2 1 1 0 1 1 2 0 1 1 1 1 0 0 1 0 0 1 0 0 0 0 0 0 1 2 1 3 5 6 1 2 3 3 3 2 3 3 2 1 2 3 0 1 1 1 0 1 1 1 2 1 1 0 1 1 0 2 2 0 0 0 0 0 0 0 0 0 0 0 1 0 0
1 2 4 1 1 0 1 1 1 1 1 0 0 1 1 5 1 1 1 0 1 1 1 1 1 0 0 0 1 1 1 1 1 1 0 0 0 0 0 0 0 0 0 0 0 0 1 8 4 9 10 12 1 1 1 1 2 2 2 2 3 1 2 1 1 3 7 0 0 0 0 2 0 2 1 1 1 2 1 1 1 3 0 1 0 0 0 0 1 1 0 0 2 0 0 1
1 1 5 1 1 0 0 1 0 1 1 1 0 0 0 1 1 0 1 0 1 1 0 0 0 0 1 0 0 1 1 1 1 1 0 0 0 0 0 0 0 0 0 0 2 8 16 4 5 7 2 0 1 1 2 1 1 1 1 1 1 0 1 1 0 2 0 0 0 0 1 0 1 0 1 1 1 1 2 1 1 1 0 1 0 0 0 0 0 0 0 1 0 1 1 2
1 0 0 5 0 0 0 0 0 1 2 0 0 0 0 1 0 0 1 0 0 0 0 0 0 0 0 0 0 1 0 0 0 0 0 0 0 0 0 0 0 0 0 5 3 3 17 22 4 1 0 1 1 1 1 1 1 1 1 0 0 0 1 2 3 4 0 0 0 1 1 1 1 0 1 0 1 1 1 0 0 2 0 1 0 0 0 0 0 0 0 0 0 0 1 3
1 1 0 5 0 0 0 0 0 0 1 0 0 0 0 2 0 0 1 0 0 0 0 1 0 0 0 1 0 0 0 0 1 0 0 0 1 0 0 0 0 6 11 11 16 2 5 20 8 0 0 1 1 1 0 1 1 1 1 0 0 1 3 3 3 1 0 1 1 0 1 1 0 0 0 1 2 1 3 6 6 2 0 1 1 1 1 0 0 0 0 0 0 0 3 1
0 0 0 5 0 0 0 0 1 0 0 1 0 0 0 1 0 0 1 0 0 0 0 1 0 0 0 0 0 1 0 0 0 0 0 0 0 0 0 1 4 13 19 14 21 33 25 8 0 0 1 0 1 1 0 0 1 1 0 0 0 1 2 1 1 1 1 1 1 1 1 4 5 1 0 0 1 1 2 1 0 1 1 2 1 1 0 0 0 0 0 0 0 1 3 0
0 0 0 1 0 1 0 0 1 0 0 1 0 0 0 0 0 0 0 0 0 0 0 0 0 0 0 0 1 0 0 0 0 0 0 0 0 0 0 1 1 0 7 26 31 15 0 0 0 0 0 0 0 1 0 0 0 4 0 1 0 1 0 1 1 0 1 1 0 2 2 3 0 1 0 1 1 1 1 1 1 1 1 1 1 0 0 0 0 0 0 0 0 0 2 0
0 0 0 0 1 0 0 0 0 0 0 0 0 0 0 0 0 0 0 0 0 0 0 0 0 0 0 0 0 0 0 0 0 0 0 0 0 0 0 1 0 2 2 1 1 0 1 1 1 0 0 0 0 0 0 0 0 1 1 0 0 0 0 0 0 0 0 1 3 5 1 0 0 1 1 1 2 1 5 1 1 1 1 1 1 0 0 0 0 0 0 0 0 0 0 0
0 0 0 0 1 0 0 0 0 0 0 0 0 0 0 0 0 0 0 0 0 0 0 0 0 0 0 0 0 0 0 0 0 0 0 0 0 0 1 1 11 6 2 0 1 1 0 0 0 0 0 0 0 0 0 0 0 1 0 0 0 0 0 0 0 0 1 2 2 0 0 0 0 1 2 1 1 1 1 1 1 1 1 1 0 0 0 0 0 0 1 0 0 0 0 0
0 0 0 0 0 0 0 0 0 0 0 0 0 0 0 0 0 0 0 0 0 0 0 0 0 0 0 0 0 0 0 0 0 0 0 0 0 0 1 0 1 2 0 1 1 0 0 1 1 0 0 0 0 0 0 1 0 0 0 0 0 0 0 0 0 0 1 1 0 0 0 0 0 0 0 1 1 2 0 1 1 1 1 0 0 0 0 0 0 0 0 0 0 0 0 0
0 0 0 1 1 0 0 0 0 0 0 0 0 0 0 0 0 0 0 0 0 0 0 0 0 0 0 0 0 0 0 0 0 0 0 0 0 0 0 0 1 2 0 1 0 1 0 0 0 1 0 0 0 0 0 0 0 0 0 0 0 0 0 0 0 0 1 1 0 0 0 0 0 0 0 1 1 0 0 0 0 1 0 1 0 0 1 0 0 0 0 0 0 0 0 0
0 0 0 0 0 0 0 0 0 0 0 0 0 0 0 0 0 0 0 0 0 0 0 0 0 0 0 0 0 0 0 0 0 0 0 0 0 3 1 7 6 2 0 0 0 1 1 0 0 1 0 0 0 0 0 0 1 0 0 0 0 0 0 0 1 1 1 1 0 0 0 0 1 0 0 1 0 0 0 0 0 0 0 0 0 1 0 0 0 0 0 0 0 0 0 0
0 0 0 0 0 0 0 0 0 0 0 0 0 0 0 0 0 0 0 0 0 0 0 0 0 0 0 0 0 0 0 0 0 0 0 0 1 2 4 2 1 5 1 0 0 0 0 0 0 0 0 0 0 0 0 0 0 1 0 0 0 1 0 0 0 1 0 1 0 0 0 0 1 0 0 0 0 0 0 0 0 0 0 0 0 0 0 0 0 0 0 0 0 0 0 0
0 0 0 0 0 0 0 0 0 0 0 0 0 0 0 0 0 0 0 0 0 0 0 0 0 0 0 0 0 0 0 0 0 0 0 2 4 10 21 2 0 0 0 1 0 0 0 2 0 1 1 0 0 0 0 0 0 0 0 0 0 1 0 0 0 0 0 1 0 0 0 0 0 0 0 0 0 0 1 0 0 0 0 0 0 0 0 0 0 0 0 0 0 0 0 0
