sesion_6_simulaciones/modelos_agentes/ejemplos_netlogo/scenarios/cgcm2_a2/rob_2048.asc
NCOLS 322 
NROWS 307 
XLLCORNER 451900 
YLLCORNER 4086900 
CELLSIZE 100 
NODATA_value -9999 
[rows 0 to 73 of 307, columns 96 to 191 of 322]
51 8 2 2 31 10 10 7 7 8 18 17 21 39 35 11 20 13 13 4 15 14 10 33 11 7 13 14 19 13 4 3 9 15 9 8 9 17 25 11 7 31 66 71 81 69 83 83 87 82 81 86 66 39 55 51 57 22 40 38 45 25 20 12 44 52 52 10 9 37 47 26 22 27 23 15 17 21 11 51 33 16 23 23 25 14 15 18 27 45 27 21 17 7 14 29
3 6 5 3 7 18 9 7 6 12 12 18 43 48 23 19 5 5 3 7 12 2 4 5 12 8 13 7 9 34 14 6 5 9 4 10 13 17 25 31 36 45 41 35 83 84 85 83 93 73 88 79 42 43 77 28 12 19 13 21 8 28 21 11 23 12 16 46 43 38 24 49 61 35 49 54 57 22 26 28 23 18 30 29 34 21 21 29 37 33 44 35 43 24 31 31
0 2 2 12 7 10 9 4 6 9 6 13 20 19 5 4 9 14 16 18 28 3 6 6 9 9 14 6 15 16 25 21 3 11 32 29 31 39 44 47 55 63 47 52 19 10 23 50 91 83 82 81 41 74 72 68 44 20 18 27 20 57 77 73 76 56 45 66 32 42 36 38 48 47 52 67 73 67 43 31 29 27 40 39 39 31 31 51 32 35 48 38 43 50 36 38
1 1 0 1 1 2 2 13 5 3 3 6 8 13 14 15 16 26 29 24 10 2 12 13 3 7 10 12 11 5 13 13 12 22 33 25 51 50 69 78 81 81 66 28 14 19 8 14 46 21 32 32 17 40 66 26 63 8 11 23 36 57 82 81 81 84 78 49 62 54 56 62 46 46 59 54 54 26 21 32 43 43 57 55 51 38 35 48 34 31 51 54 36 46 34 48
2 2 1 0 0 0 2 11 22 4 15 9 6 8 24 17 15 52 21 10 12 8 10 21 18 12 10 11 8 29 32 22 6 21 45 47 59 70 82 86 86 77 65 38 23 11 15 35 23 17 24 30 8 47 21 41 56 36 8 14 58 74 62 78 67 43 76 46 57 73 66 56 47 38 62 46 46 40 41 44 53 48 79 58 42 45 43 56 41 41 53 67 36 57 55 60
4 1 1 1 1 1 2 3 17 34 8 16 5 15 18 9 31 22 25 16 5 6 16 14 18 9 14 14 6 8 13 29 24 11 49 67 71 81 85 75 78 76 71 47 20 27 21 26 31 26 33 50 12 23 26 49 30 30 22 22 59 66 26 15 22 40 45 21 24 44 18 53 79 61 56 38 42 41 40 58 49 57 62 56 64 50 49 66 63 44 60 43 58 49 71 34
0 2 5 2 2 2 4 2 7 29 26 8 6 9 11 32 13 26 39 25 26 12 6 7 14 15 23 18 9 6 10 35 38 27 43 78 83 82 75 75 73 68 38 22 27 55 30 44 41 41 33 34 32 37 51 39 19 35 42 17 12 15 13 20 11 16 48 65 44 46 22 47 35 18 58 63 61 62 41 60 49 40 50 43 63 65 54 69 67 43 69 59 56 47 31 27
0 1 1 1 1 3 3 1 3 16 60 58 52 27 21 9 10 24 17 19 34 55 14 29 40 24 22 8 17 14 15 19 38 63 44 66 70 74 71 66 57 24 28 22 49 40 35 58 46 46 28 31 50 59 45 45 37 60 66 66 47 21 4 4 21 13 38 21 46 27 42 30 15 33 20 51 59 84 66 37 57 66 49 55 79 56 57 60 64 61 50 38 18 26 25 20
0 0 1 2 1 3 2 1 3 3 15 54 67 73 42 55 13 11 10 36 34 15 17 25 22 10 18 17 12 18 34 27 48 71 80 49 31 39 25 22 32 18 13 27 55 45 25 37 44 36 32 23 75 49 43 57 46 57 23 45 69 53 28 4 17 19 12 12 6 16 46 41 19 20 42 22 32 38 48 71 64 84 55 63 44 30 39 78 54 55 44 76 54 37 27 32
1 0 0 1 2 6 3 1 2 4 10 2 3 4 3 3 18 11 14 16 19 13 22 15 33 25 19 16 22 26 30 63 56 46 63 54 49 46 21 18 9 7 10 25 55 35 14 15 27 39 37 26 35 81 72 73 21 36 18 60 48 50 14 19 5 11 8 5 15 28 29 34 39 30 38 55 24 21 62 66 43 68 53 49 31 37 27 39 40 56 30 41 73 69 29 20
1 1 1 2 5 2 5 5 8 1 3 2 9 6 4 5 17 4 26 12 18 13 18 20 36 12 10 17 28 44 61 61 82 68 46 42 39 54 48 27 14 5 4 7 30 10 10 18 31 25 37 22 38 47 79 64 36 26 36 57 29 30 16 6 11 14 17 7 26 37 38 44 28 18 45 60 43 20 19 52 38 24 49 62 37 40 27 32 68 52 47 34 64 81 56 31
1 1 2 2 3 6 5 12 13 10 2 4 10 17 14 12 13 29 33 18 54 30 12 22 20 20 11 14 21 74 72 63 62 54 43 31 30 41 40 27 12 5 5 11 14 8 8 29 17 23 49 23 36 51 32 45 33 34 45 41 19 18 36 25 12 9 27 23 31 59 70 69 20 30 46 56 41 22 21 59 37 9 33 61 33 41 34 27 48 33 25 33 47 60 61 54
0 1 1 3 5 4 5 4 5 10 11 6 2 3 7 20 30 14 39 31 60 60 18 13 11 15 10 21 35 54 75 52 48 41 38 41 43 16 19 33 11 4 4 14 12 6 12 15 19 32 51 37 38 61 42 35 42 39 51 20 17 20 30 26 14 11 9 23 39 25 44 45 32 28 32 54 31 26 11 20 37 8 44 69 33 37 45 26 18 35 29 14 17 34 54 66
1 1 0 1 1 1 1 1 4 7 12 8 8 8 10 6 26 12 53 21 14 13 42 27 23 13 19 52 55 43 48 48 34 16 15 13 11 7 5 9 10 2 1 1 5 4 6 10 35 52 58 53 37 40 25 41 49 44 40 37 15 13 33 35 25 22 11 11 13 9 4 4 18 31 33 43 31 43 27 16 7 11 21 57 59 28 34 33 19 16 28 14 23 45 73 50
0 0 0 1 1 0 0 1 2 2 6 6 9 11 11 8 6 7 42 24 15 39 48 24 28 24 27 24 46 49 26 16 13 17 21 14 13 9 4 1 8 1 5 3 1 1 6 15 20 48 45 41 30 39 22 51 54 48 51 52 10 25 33 37 25 16 7 9 5 3 4 19 49 46 36 44 48 41 22 21 31 11 28 53 60 27 12 14 17 12 9 7 16 31 43 37
10 0 1 1 1 3 2 1 1 1 1 1 1 2 3 5 10 16 6 3 10 14 8 43 32 40 21 23 19 13 15 33 38 35 23 26 41 34 14 2 3 2 1 2 1 1 1 6 15 18 26 21 18 18 28 21 35 37 52 46 9 23 8 36 51 29 11 11 12 2 9 30 45 52 28 19 32 40 48 40 27 23 24 37 64 80 48 31 13 10 9 5 15 49 39 27
0 1 2 2 2 2 5 3 1 2 3 4 2 1 3 9 11 15 9 14 14 5 8 16 52 38 40 47 68 49 35 20 24 34 32 45 55 48 24 2 5 4 2 3 7 7 6 1 5 9 6 6 4 5 9 25 35 44 48 49 15 34 24 29 42 14 9 10 7 6 9 37 31 44 18 14 25 24 39 33 29 24 25 24 57 79 75 26 13 10 8 5 13 34 42 36
0 2 2 15 13 3 2 2 1 1 2 1 2 1 2 3 10 9 14 16 8 7 9 11 31 40 14 28 25 18 34 31 40 27 58 74 51 52 25 14 18 21 13 13 21 19 19 8 2 1 1 1 1 0 2 26 59 79 53 24 40 30 25 18 29 23 11 19 6 6 41 40 49 38 16 24 49 31 28 37 18 13 10 6 39 45 44 45 24 11 9 5 6 16 21 8
1 3 4 2 1 8 1 1 1 1 1 1 0 0 1 1 3 6 7 4 8 10 10 10 45 62 34 32 23 40 48 52 35 57 63 62 27 26 25 41 31 35 43 52 42 22 25 18 7 5 3 2 4 1 1 3 51 67 39 26 26 34 18 14 23 8 10 11 3 29 60 55 46 48 20 19 47 42 35 64 37 19 9 5 9 25 29 28 32 13 8 7 3 7 34 5
6 4 1 1 0 3 10 1 1 1 3 4 3 2 2 8 2 2 3 5 11 14 18 9 32 35 28 38 44 41 44 67 58 51 51 27 43 43 33 42 62 61 49 23 24 10 18 19 9 7 5 1 2 1 3 2 10 16 26 34 23 13 13 32 29 5 10 33 62 44 59 73 37 67 31 13 37 54 38 58 44 37 20 7 6 21 41 26 41 18 11 5 2 4 20 14
5 2 1 2 1 4 4 6 2 4 5 4 4 2 2 2 1 4 6 6 5 7 6 4 18 33 29 14 14 36 26 24 40 50 62 39 35 47 30 64 32 29 38 22 12 9 9 11 9 4 6 6 2 3 5 4 5 14 29 28 8 9 45 39 24 6 20 32 43 57 44 47 26 31 50 34 20 16 18 57 19 16 28 15 9 3 21 11 38 10 13 5 2 3 4 12
6 1 1 1 7 4 7 12 11 12 18 9 5 3 5 2 3 2 2 14 8 9 10 9 33 21 39 33 18 26 25 37 41 61 65 54 72 42 56 24 34 16 9 8 13 12 26 14 12 4 4 4 4 4 6 5 5 9 23 29 30 9 14 19 12 16 38 10 30 51 52 35 34 15 39 49 27 13 13 62 73 27 9 29 16 3 2 5 28 16 13 10 3 2 3 10
4 2 1 2 10 6 2 5 4 4 1 5 10 5 2 2 2 3 2 9 24 17 20 13 33 12 21 42 23 15 45 60 63 28 15 73 66 35 34 31 36 38 15 6 4 10 7 2 2 2 6 3 3 4 4 4 2 4 11 8 8 11 7 8 11 27 41 5 27 16 36 45 30 9 8 28 25 32 14 33 68 36 29 7 13 4 1 3 21 29 3 14 5 2 2 6
7 2 0 2 10 9 5 10 24 6 17 7 7 35 24 12 9 8 7 33 21 31 25 17 32 27 17 45 48 29 24 23 10 8 10 26 37 46 21 37 33 38 25 19 9 2 1 1 0 0 2 1 1 1 2 1 1 2 2 5 12 10 8 14 31 30 22 10 18 17 17 29 21 20 12 40 39 21 16 6 31 33 15 28 6 3 2 2 2 10 3 6 4 1 1 2
9 6 1 3 15 12 8 4 30 13 5 15 21 26 30 31 51 14 17 15 33 38 59 35 24 27 48 36 62 41 20 13 28 27 18 3 10 35 36 15 26 41 46 38 17 9 5 3 2 2 1 1 0 0 0 0 0 0 3 8 18 11 18 20 12 30 15 19 20 17 10 15 28 30 6 27 36 16 16 9 15 32 9 4 13 5 2 2 1 3 3 3 4 1 1 1
27 16 6 8 20 6 14 4 12 20 17 16 32 41 49 30 49 55 20 20 52 77 78 83 75 67 67 49 67 52 70 67 73 46 22 20 22 17 12 23 46 30 33 34 37 27 18 9 7 5 3 2 2 2 1 1 1 1 6 15 14 14 11 12 11 24 25 33 10 22 7 6 23 15 6 15 14 6 7 6 6 10 24 3 4 2 2 1 1 1 1 2 1 1 0 0
20 14 24 23 25 6 11 8 22 33 27 19 20 56 68 51 52 79 63 75 78 79 85 83 74 80 77 71 77 82 52 26 44 51 46 24 31 25 10 7 31 37 39 51 38 32 27 18 15 10 7 6 6 5 2 4 3 3 7 7 12 8 5 6 5 30 15 26 18 19 4 7 9 11 6 12 9 15 3 5 5 2 6 3 2 3 1 1 0 1 1 1 1 1 1 0
12 25 22 19 28 27 31 22 29 45 43 59 51 60 72 86 81 70 78 43 49 58 68 80 75 71 79 78 79 80 24 15 14 14 29 35 45 25 31 22 21 45 47 35 29 27 20 42 31 16 11 10 9 8 6 6 7 2 3 5 6 4 5 11 21 33 26 11 17 6 7 3 7 6 6 3 3 5 7 3 4 2 3 3 1 3 1 1 0 0 1 1 1 1 0 0
16 38 25 18 34 28 31 29 39 60 72 81 87 88 91 89 81 78 84 70 41 22 52 68 48 44 33 59 61 55 41 10 9 6 9 14 26 21 24 29 11 21 24 23 12 11 5 11 16 16 22 23 13 11 9 15 8 2 3 3 2 5 15 20 24 15 8 8 5 11 8 11 4 3 3 3 2 2 5 3 2 2 1 1 1 1 1 1 0 0 0 0 0 0 0 0
19 38 18 23 53 49 44 61 74 84 88 87 84 87 84 89 78 78 90 46 73 35 21 39 27 16 18 19 22 24 44 30 21 4 7 4 13 10 9 22 18 13 28 9 12 9 4 7 8 5 4 4 3 6 6 2 11 5 3 3 4 7 16 18 17 10 5 10 15 7 8 4 3 2 2 1 1 1 2 2 1 1 0 1 0 0 0 0 0 0 0 0 0 0 0 0
12 47 43 41 55 70 78 84 78 88 83 89 73 87 79 84 64 68 85 74 36 43 22 11 10 7 4 3 11 12 18 54 28 9 10 7 21 38 35 20 21 12 10 5 3 5 5 2 1 2 2 7 13 13 6 5 14 8 11 3 6 8 13 8 13 5 3 5 11 9 5 3 1 2 1 1 0 0 0 1 1 0 0 0 0 0 0 0 0 0 0 0 0 0 0 0
35 54 70 70 84 89 86 87 82 83 78 89 76 76 56 75 60 71 73 76 24 44 44 18 11 3 3 1 3 5 5 13 18 10 10 13 7 14 14 15 10 9 9 13 12 6 7 3 4 5 16 32 32 17 28 4 16 14 3 1 1 5 4 9 5 5 2 1 2 3 2 2 1 0 0 0 0 0 1 1 1 1 1 1 1 1 1 1 1 1 0 0 1 1 0 1
63 76 80 84 84 82 87 81 80 70 85 67 42 55 49 48 54 57 61 67 31 18 23 15 12 8 3 4 10 11 13 23 18 7 22 18 23 21 32 20 34 19 27 27 26 22 14 11 8 10 18 46 56 52 42 17 21 16 6 9 4 1 1 1 1 1 2 1 1 1 1 1 1 1 3 2 4 2 3 1 2 3 1 2 2 5 2 1 2 1 1 1 2 1 1 2
79 83 84 74 84 82 86 73 70 50 60 15 26 19 24 35 36 27 29 52 29 11 5 4 7 11 11 9 14 5 35 43 43 29 41 43 39 31 36 34 35 36 34 31 43 26 30 14 6 31 34 37 57 42 30 24 43 23 18 29 15 8 8 8 7 6 10 6 4 3 3 4 6 6 6 3 6 5 6 5 5 4 4 4 8 4 3 2 2 1 2 1 2 1 4 4
26 35 56 48 69 66 76 72 36 8 4 4 11 7 6 7 8 12 29 42 27 7 9 16 9 9 35 24 39 28 40 44 46 42 43 63 51 29 51 45 42 53 50 47 35 31 34 22 17 25 39 39 55 68 51 50 37 28 34 33 24 25 22 22 21 16 22 13 10 4 9 9 8 8 14 9 9 14 7 12 11 6 7 7 15 5 4 3 3 3 2 2 5 6 5 9
31 21 13 12 7 8 24 27 26 9 5 6 11 10 4 2 1 3 11 18 11 7 34 10 25 37 49 42 58 42 41 38 57 49 36 54 51 33 48 53 45 59 40 36 36 40 53 38 23 25 46 48 28 77 58 68 38 40 49 36 44 29 26 25 23 14 28 15 8 11 12 12 18 11 17 11 11 19 17 17 9 10 16 11 12 6 5 5 4 4 4 4 14 9 6 7
54 64 51 22 20 15 4 10 13 5 10 10 8 4 2 2 1 6 5 9 19 38 47 25 48 44 54 51 42 20 7 21 45 45 39 50 37 42 51 60 62 40 45 40 38 58 45 30 41 35 54 63 45 78 75 42 70 62 55 36 45 34 47 42 27 27 21 19 16 9 15 23 26 15 23 23 16 26 14 20 14 21 21 29 14 7 3 9 6 7 10 12 16 5 17 9
62 46 41 27 14 11 11 10 21 22 21 21 12 4 4 9 9 11 17 28 57 61 60 37 48 38 40 50 50 44 27 22 45 40 50 39 35 45 42 56 28 22 50 54 43 76 49 49 57 32 66 44 77 79 53 63 76 63 39 53 37 50 44 32 19 30 27 21 11 20 36 43 35 20 29 33 33 34 19 17 21 30 28 19 11 6 5 14 10 5 20 23 22 7 4 25
38 49 52 40 39 22 35 31 41 41 43 46 30 19 15 24 14 19 36 45 59 47 26 46 61 43 26 37 52 49 39 25 37 47 28 58 41 68 52 38 42 29 56 39 34 78 60 59 46 36 51 77 75 62 57 52 66 74 44 58 57 62 49 26 48 42 41 26 11 28 39 66 49 34 38 45 45 31 24 15 29 56 43 30 21 7 18 38 21 8 17 40 38 12 6 28
65 68 39 40 25 37 51 43 42 59 52 50 42 37 38 31 33 41 46 51 61 48 48 59 49 34 36 52 42 51 28 42 28 23 53 60 62 47 52 36 39 23 57 22 18 57 63 63 41 47 59 47 77 27 22 18 42 65 38 66 74 59 51 68 53 47 28 11 17 48 56 78 64 44 48 62 71 42 41 19 43 67 39 24 18 13 30 50 29 14 10 56 67 34 16 26
43 55 35 53 38 50 55 57 54 53 66 57 47 44 63 29 36 50 49 50 63 61 40 62 47 47 53 47 44 59 31 51 33 30 34 63 31 45 32 51 39 40 46 28 49 46 76 60 31 46 64 62 60 41 34 24 32 44 33 76 79 69 67 69 28 44 15 13 23 55 71 76 73 55 62 71 81 38 50 22 52 79 52 23 18 22 46 64 40 22 15 52 66 49 14 33
39 49 65 47 33 43 58 47 43 47 69 55 45 59 43 40 29 50 61 43 42 53 60 60 46 45 38 33 31 79 38 57 34 38 44 66 56 44 31 40 29 48 40 31 47 44 59 36 41 30 45 81 67 53 36 38 65 35 41 71 64 67 84 48 55 46 28 28 44 45 75 76 77 49 57 75 63 39 63 33 43 73 58 45 27 31 57 73 51 33 22 41 64 41 30 43
28 29 48 28 23 20 48 40 31 41 43 42 37 50 44 39 43 40 52 48 40 26 39 56 55 48 55 32 27 40 56 73 38 30 49 70 43 24 29 44 31 49 37 34 42 50 44 36 33 34 36 66 29 36 45 42 61 31 53 61 53 71 40 54 75 39 34 35 59 47 67 85 65 39 62 78 67 46 70 41 50 73 49 48 46 34 34 72 72 41 26 48 68 47 34 48
10 26 15 17 21 22 40 46 23 44 40 49 48 36 34 46 36 36 41 49 30 24 22 52 56 42 57 23 30 52 49 60 25 33 53 42 33 44 34 51 56 26 35 54 51 36 25 65 33 29 27 46 18 30 37 60 58 70 59 36 31 24 45 76 39 48 58 33 45 56 52 76 40 38 60 76 51 50 65 33 64 68 50 53 54 55 26 33 77 43 37 43 70 64 53 45
7 9 11 13 26 10 18 16 25 34 31 47 37 33 36 37 32 26 26 34 39 21 47 40 53 49 44 39 10 31 57 68 11 25 32 63 28 16 25 30 58 34 32 23 26 36 38 10 31 41 34 52 45 28 48 48 76 65 49 70 56 34 62 42 60 67 37 38 45 64 41 70 32 38 51 73 44 65 66 34 50 53 41 68 69 64 40 33 76 60 38 53 60 46 55 44
3 5 11 14 19 7 21 18 22 30 34 53 33 20 23 31 36 45 25 12 14 13 55 11 32 46 41 33 14 30 31 32 6 10 46 14 10 8 42 13 49 28 37 27 30 30 28 65 73 85 78 63 64 59 44 61 68 52 53 58 47 50 58 31 65 39 45 45 52 72 40 59 42 59 31 50 39 63 48 40 61 42 42 58 72 41 54 35 51 47 55 43 72 76 77 65
4 3 12 4 6 27 5 8 16 24 37 37 20 33 12 37 11 32 25 12 7 20 30 21 29 39 38 44 11 11 7 24 26 31 16 12 23 26 36 27 33 30 38 61 36 75 52 83 62 70 52 53 58 79 82 72 68 33 38 68 49 50 23 34 63 47 46 52 59 71 74 64 66 58 43 74 40 72 38 37 76 35 71 63 70 48 62 48 42 67 64 72 70 77 80 88
1 3 1 2 3 8 25 7 16 11 7 13 7 19 13 22 15 29 25 28 18 26 26 40 12 16 26 20 28 32 11 7 15 16 59 65 53 49 70 86 70 69 65 86 66 52 80 82 44 69 57 47 57 78 76 62 70 71 61 82 65 73 71 55 54 59 67 59 51 50 67 71 60 81 85 81 81 90 85 66 69 75 77 75 42 86 86 73 68 39 55 48 59 78 61 64
1 2 3 5 17 36 10 6 2 1 2 4 7 20 20 20 16 31 17 17 22 23 22 41 27 19 10 9 11 10 9 15 17 4 11 55 70 22 34 76 76 74 59 82 89 51 55 64 71 65 75 28 40 77 80 49 85 81 92 88 55 71 60 70 62 75 60 76 80 26 37 74 74 43 72 81 61 80 63 87 54 70 81 72 51 83 77 62 87 79 66 37 50 66 47 36
1 0 3 1 1 3 1 2 1 5 6 6 23 17 9 19 8 22 11 13 21 15 27 32 22 18 6 8 20 28 16 3 8 8 6 17 28 14 16 54 65 38 72 87 77 34 51 39 54 55 70 34 40 65 63 75 68 63 78 85 57 23 40 74 76 80 73 67 64 73 28 64 83 44 69 83 36 28 36 85 79 55 50 56 70 72 73 78 88 76 49 70 32 27 61 66
1 1 1 0 2 5 5 2 1 4 6 10 8 12 7 15 12 14 8 9 8 17 23 13 19 20 3 5 9 15 11 6 16 6 8 7 12 47 27 63 37 58 47 50 84 64 40 27 47 45 58 61 34 71 72 89 53 78 91 90 77 22 55 65 68 83 74 80 54 80 46 37 72 45 67 84 54 41 31 75 68 72 20 19 33 67 78 70 78 65 27 77 47 31 44 57
1 2 0 1 1 1 4 4 3 3 6 13 9 5 13 23 12 12 6 7 15 15 8 8 12 8 1 4 6 14 13 10 8 7 11 16 12 18 52 83 50 65 45 67 70 76 43 40 61 50 83 84 53 68 86 91 63 87 91 84 79 45 77 82 66 58 48 40 59 85 51 31 54 31 69 73 87 46 51 83 61 73 66 28 26 43 63 56 58 38 62 89 47 27 15 15
1 1 0 1 5 1 1 6 1 2 7 6 6 6 8 18 20 10 7 11 5 8 5 4 9 13 5 7 20 24 34 20 19 26 33 35 24 32 63 61 63 30 28 70 76 53 33 28 43 55 75 70 72 52 78 90 69 74 83 79 84 76 77 88 48 51 62 37 62 76 73 47 17 34 80 77 81 71 44 84 45 62 76 47 24 20 51 42 44 19 73 89 66 42 38 12
10 0 0 1 1 1 1 2 2 4 9 7 2 4 5 11 10 4 5 5 9 5 3 3 5 11 12 34 58 14 19 15 47 41 37 34 16 33 47 49 75 41 57 36 85 42 47 39 23 43 67 68 51 29 32 68 67 77 84 82 90 77 79 78 78 56 60 46 50 58 82 60 30 26 65 74 82 81 57 67 60 55 64 78 41 21 13 16 15 29 68 52 80 45 35 16
1 2 3 1 1 0 2 1 0 1 5 4 1 1 9 5 3 5 4 6 11 6 4 8 2 4 3 6 28 14 12 47 31 29 57 39 22 13 6 28 31 22 8 8 38 35 70 60 23 16 37 19 32 17 14 23 23 59 64 65 72 72 64 63 87 53 53 44 14 68 94 46 30 25 65 56 55 65 36 46 49 19 62 79 62 35 8 9 10 19 11 34 84 43 24 24
0 1 4 6 14 1 1 1 1 1 3 0 1 1 4 2 1 4 4 2 9 6 5 9 24 46 17 11 15 15 23 25 50 53 43 35 31 36 18 10 15 37 18 9 16 23 33 44 41 16 19 15 30 18 21 38 28 16 27 46 46 22 29 63 91 73 40 39 47 72 88 54 23 14 27 38 58 41 52 55 46 13 40 63 78 24 13 6 23 30 17 35 90 58 49 44
1 3 1 8 9 16 5 2 8 2 6 1 1 1 1 1 2 2 2 8 2 22 9 10 37 50 38 9 10 33 33 22 41 50 24 13 41 39 16 16 18 49 30 18 26 23 23 18 18 9 15 40 47 44 37 36 25 20 16 11 4 2 12 72 77 76 51 23 27 65 76 73 60 24 14 33 47 32 33 20 40 25 17 64 72 51 15 8 24 19 40 79 81 84 58 45
4 9 15 5 6 14 27 1 1 1 3 18 3 1 3 1 1 3 1 1 1 3 3 6 24 41 23 41 41 53 28 19 45 27 39 39 30 46 23 33 26 40 43 26 13 40 23 27 18 7 13 47 57 65 58 52 39 34 29 24 30 26 26 47 48 59 47 16 8 33 34 72 74 31 13 33 44 27 14 25 51 21 14 13 63 73 16 6 25 36 36 60 39 78 39 17
0 1 2 11 13 11 6 1 4 4 22 26 21 8 12 13 1 3 2 1 2 1 5 5 10 13 25 44 42 32 22 26 17 9 45 45 18 20 30 48 36 45 37 28 10 18 50 37 24 13 12 28 64 66 65 64 50 50 43 42 66 69 73 60 47 45 36 21 7 5 26 39 80 52 44 12 25 32 14 3 9 15 18 29 49 72 29 11 5 17 20 18 66 74 87 41
0 1 2 10 27 25 57 9 18 6 11 4 21 22 18 9 7 1 1 1 2 5 3 6 14 8 20 25 20 16 11 33 49 34 50 35 29 39 54 29 49 46 27 32 38 39 50 50 34 22 11 14 28 53 52 63 64 61 40 29 22 35 43 45 56 55 58 46 26 2 7 37 44 52 44 32 18 7 9 8 28 17 7 13 12 51 46 9 4 8 13 18 15 54 54 60
23 12 4 4 3 30 14 4 6 35 11 12 4 7 5 3 9 2 1 1 1 2 4 17 29 6 17 29 25 32 32 64 42 26 30 38 26 28 20 8 16 45 61 41 58 47 39 35 34 33 26 10 6 9 33 34 29 48 52 44 37 33 21 23 25 44 51 53 48 40 23 45 36 55 25 24 17 10 15 9 7 8 4 17 12 42 60 7 3 12 18 11 13 17 53 64
20 28 20 6 4 24 48 32 8 12 11 8 2 6 4 3 4 7 1 4 4 7 5 19 13 15 6 9 10 10 6 12 12 32 26 27 29 32 36 33 21 8 17 59 60 70 59 43 39 17 25 21 12 5 9 16 12 9 20 23 25 38 40 25 11 13 34 46 45 30 37 57 32 60 38 22 19 20 9 5 5 11 4 7 14 8 40 13 2 6 14 16 6 5 47 60
8 8 65 32 10 29 12 46 39 26 30 6 2 13 6 16 12 11 4 6 2 8 14 11 11 11 15 44 27 17 22 38 27 31 35 52 51 53 49 52 52 40 20 12 11 46 56 50 31 20 15 19 11 5 2 2 2 2 2 2 4 11 9 15 17 6 7 13 13 12 30 29 29 27 25 27 32 23 12 13 11 8 3 4 18 28 13 21 4 1 8 14 8 27 70 18
7 8 28 15 13 12 2 1 57 74 73 65 9 19 10 5 4 21 5 9 6 5 8 8 26 10 28 38 23 29 46 48 29 35 44 52 48 55 50 51 53 44 57 46 41 20 10 7 22 24 28 8 5 3 5 9 9 9 8 6 5 2 1 2 2 2 1 1 1 5 10 17 14 12 9 6 6 17 15 11 7 4 10 8 8 13 12 25 11 2 2 9 31 62 28 57
15 11 19 58 36 13 12 8 7 73 14 15 20 13 15 16 14 2 7 13 1 2 1 10 17 12 14 13 12 15 13 16 32 39 39 43 60 66 50 60 63 65 58 56 55 39 31 26 14 7 6 3 4 12 16 24 23 22 18 22 6 2 2 6 6 11 4 4 1 1 2 7 5 3 3 3 4 6 9 18 14 3 2 3 3 4 8 16 21 3 2 9 61 25 27 35
20 14 20 33 26 34 48 9 3 3 2 3 5 8 12 49 7 15 12 15 5 2 3 6 5 6 18 15 26 17 15 18 26 35 51 52 51 52 48 66 62 48 42 42 46 31 27 36 27 22 21 20 22 35 35 33 44 43 38 26 9 6 7 14 13 8 10 3 1 2 1 0 0 0 1 0 1 1 1 1 3 1 1 1 1 1 5 9 7 4 2 29 24 10 41 30
37 21 12 4 32 31 72 50 37 33 21 11 5 6 34 19 57 47 21 16 35 17 14 3 2 4 11 12 7 12 11 33 43 23 9 26 56 56 36 31 44 51 39 29 37 27 37 38 40 35 39 25 28 43 54 55 51 53 54 37 16 15 25 22 26 28 24 14 5 4 1 0 0 1 1 2 6 3 2 1 1 1 0 0 0 1 1 3 9 8 2 33 4 3 23 36
35 30 25 35 27 40 30 21 23 61 24 40 9 17 33 56 74 57 28 25 39 10 12 19 12 8 12 3 7 9 34 9 10 13 25 31 54 70 62 60 58 47 55 44 49 40 44 44 47 29 55 49 47 41 58 61 76 72 63 40 16 37 35 47 43 56 39 25 14 5 4 4 4 6 7 11 15 9 5 4 7 7 3 1 1 1 0 1 2 10 5 20 3 3 23 48
38 36 11 9 32 27 65 56 35 34 49 61 41 19 41 80 74 49 26 50 10 33 8 13 8 4 1 16 3 13 10 4 4 32 23 33 40 54 61 59 60 42 43 46 46 49 51 64 53 40 47 65 49 50 67 75 80 67 48 35 33 46 58 58 55 69 52 32 21 8 14 14 14 18 18 19 28 16 14 14 13 11 5 7 6 2 2 0 1 3 3 3 3 2 6 15
33 42 31 11 45 52 63 56 79 58 45 24 14 53 69 62 55 37 34 76 16 54 12 16 13 10 10 20 23 5 6 10 12 30 31 44 49 67 49 63 65 50 27 48 47 45 56 71 64 38 39 68 64 54 67 81 76 60 42 32 33 66 63 64 77 69 48 38 14 11 22 19 20 33 31 46 44 40 23 24 33 21 18 22 14 8 3 1 0 1 1 4 2 1 3 6
34 10 31 15 7 52 40 29 46 67 60 49 11 38 72 55 12 21 59 74 17 69 18 14 44 32 8 25 26 37 10 4 13 13 36 25 19 24 36 30 56 39 50 47 50 34 65 48 71 40 72 63 62 51 76 85 65 59 39 52 53 65 61 74 79 69 53 47 21 34 46 44 24 46 59 56 57 43 34 41 51 39 28 32 8 4 1 1 0 0 0 1 1 0 1 1
28 27 19 31 9 20 61 71 71 52 29 32 14 28 52 64 30 51 85 60 29 67 26 17 16 32 18 40 36 12 33 45 15 15 16 25 9 22 17 38 45 38 41 58 45 46 52 58 38 41 85 40 62 53 83 62 57 62 39 50 49 62 73 81 65 70 53 38 29 46 58 56 33 59 55 70 71 56 47 51 68 48 43 16 5 5 3 5 3 1 0 0 1 1 0 0
44 23 30 23 29 27 37 55 48 58 60 35 61 21 11 7 50 89 81 55 55 50 43 49 52 28 13 31 35 33 31 9 10 7 15 5 8 16 17 53 27 44 50 51 30 41 45 53 61 64 38 33 63 78 53 65 50 39 44 43 41 60 83 70 69 52 35 38 52 66 64 64 53 64 47 51 65 42 54 58 71 33 15 11 12 13 18 8 4 1 1 0 0 0 0 0
40 36 29 26 58 37 59 78 46 45 42 55 66 67 12 4 21 29 25 13 33 65 53 31 23 32 25 29 25 21 9 2 9 14 2 8 14 16 31 26 23 22 52 18 21 22 27 58 20 21 30 39 52 68 53 44 25 34 56 56 44 78 73 72 63 65 45 41 53 70 67 54 56 65 52 26 76 59 61 75 40 36 24 24 44 44 19 7 4 3 1 1 0 0 0 0
