sesion_6_simulaciones/modelos_agentes/ejemplos_netlogo/scenarios/cgcm2_a2/rob_2094.asc
NCOLS 322 
NROWS 307 
XLLCORNER 451900 
YLLCORNER 4086900 
CELLSIZE 100 
NODATA_value -9999 
[rows 73 to 145 of 307, columns 96 to 191 of 322]
0 0 0 0 2 1 4 9 2 1 1 1 1 1 0 0 0 0 0 0 0 0 0 0 0 0 0 0 0 0 0 0 0 0 0 0 0 0 0 0 0 0 0 0 0 0 0 0 0 0 0 0 0 0 0 0 0 0 0 0 0 1 1 2 2 4 2 2 3 5 4 3 3 7 2 2 5 2 3 14 8 15 17 21 56 70 59 47 51 48 30 29 24 7 11 10
0 2 1 0 1 1 1 3 1 1 0 2 0 5 2 1 0 0 0 0 0 0 0 0 0 0 0 0 0 0 0 0 0 0 0 0 0 0 0 0 0 0 0 0 0 0 0 0 0 0 0 0 0 0 0 0 0 0 0 0 0 1 1 0 1 2 1 1 2 2 2 2 1 3 1 1 2 2 3 3 2 9 30 37 28 18 27 39 32 40 40 44 50 39 12 5
1 1 1 1 1 1 1 4 1 1 2 1 0 0 0 1 0 0 1 1 3 0 0 0 0 0 0 0 0 0 0 0 0 0 0 0 0 0 0 0 0 0 0 0 0 0 0 0 0 0 0 0 0 0 0 0 0 0 0 0 0 0 1 0 1 0 0 0 1 1 0 2 0 1 0 0 2 1 0 2 8 10 5 7 14 17 18 19 35 36 55 65 57 55 35 23
1 1 1 1 1 2 1 5 1 4 3 0 1 2 1 0 1 1 0 1 1 1 1 0 0 0 0 0 0 0 0 0 0 0 0 0 0 0 0 0 0 0 0 0 0 0 0 0 0 0 0 0 0 0 0 0 0 0 0 0 0 0 0 0 0 0 0 0 1 0 0 1 0 0 0 0 0 0 2 1 2 4 9 7 16 24 26 43 54 44 54 62 58 56 50 43
2 0 2 2 1 1 2 3 3 4 9 2 3 1 1 1 3 1 2 1 2 2 1 0 0 0 0 0 0 0 0 0 0 0 0 0 0 0 0 0 0 0 0 0 0 0 0 0 0 0 0 0 0 0 0 0 0 0 0 0 0 0 0 0 0 0 0 0 0 0 0 0 0 0 0 0 0 0 1 1 2 2 3 8 22 27 42 33 38 59 41 55 47 50 41 43
2 1 2 2 4 2 2 3 1 13 22 13 3 1 4 2 2 2 4 1 1 1 1 2 0 0 0 0 0 0 0 0 0 0 0 0 0 0 0 0 0 0 0 0 0 0 0 0 0 1 0 0 0 0 0 0 0 0 0 0 0 0 0 0 0 0 0 0 0 0 0 0 0 0 0 0 0 0 0 0 1 5 11 11 21 38 19 29 42 29 39 32 28 43 39 64
6 7 2 7 13 5 1 5 1 4 11 17 7 3 2 0 3 9 2 1 2 1 3 2 0 0 1 1 1 0 1 0 0 0 0 0 0 0 0 0 0 0 0 0 0 0 0 0 0 0 1 0 0 0 0 0 0 0 0 0 0 0 0 0 0 0 0 0 0 0 0 0 0 0 0 0 0 0 0 1 1 3 7 8 7 21 28 47 35 22 26 20 19 34 63 52
27 46 18 18 3 3 2 2 2 7 3 2 12 11 1 3 9 2 1 1 2 0 0 1 1 1 1 1 1 0 1 0 0 0 0 0 0 0 0 0 0 0 0 0 0 0 0 0 0 0 1 1 0 0 0 0 0 0 0 0 0 0 0 0 0 0 0 0 0 0 0 0 0 0 0 0 0 3 0 1 1 1 5 4 6 9 23 37 27 24 24 24 53 55 24 27
23 16 33 3 3 3 5 3 3 3 5 1 3 4 3 4 1 5 3 2 1 1 0 0 2 3 2 1 0 1 0 0 0 1 0 0 0 0 0 0 0 0 0 0 0 0 0 0 0 0 1 2 0 2 0 0 1 0 0 0 0 0 0 0 0 0 0 0 0 0 0 0 0 0 0 0 0 2 1 1 0 1 3 4 2 4 16 16 16 17 20 33 50 41 19 40
63 62 33 12 8 13 13 7 6 4 9 1 3 5 6 2 2 16 3 2 5 8 2 2 3 21 2 0 0 0 0 0 0 0 1 0 0 0 0 0 0 0 0 0 0 0 0 0 0 1 1 4 2 2 1 0 1 0 1 0 0 0 0 0 0 0 0 0 0 0 0 0 0 0 0 0 0 0 1 4 6 0 1 1 1 7 7 4 8 15 14 37 17 22 18 46
12 26 71 56 5 6 15 15 33 8 11 2 6 17 6 1 3 32 2 5 3 4 1 9 2 2 1 1 1 0 0 0 0 0 2 0 0 0 0 0 0 0 0 0 0 0 0 0 0 0 0 4 2 3 1 1 1 0 1 1 0 0 0 0 0 0 0 0 0 1 1 1 0 0 0 0 0 0 0 6 4 1 0 1 3 1 2 3 5 5 10 12 7 12 13 57
9 16 25 57 45 8 16 14 6 27 17 6 9 30 11 5 11 26 7 5 2 2 15 16 8 4 1 4 2 1 0 0 1 4 3 2 1 0 0 0 0 0 0 0 0 0 0 0 0 0 0 1 5 6 1 3 1 1 5 1 0 0 0 0 1 0 1 0 0 1 1 1 0 0 0 0 0 0 0 1 7 3 2 0 0 1 3 5 4 10 3 7 8 23 8 23
13 28 43 37 49 44 47 38 16 19 30 4 11 42 27 20 13 17 12 16 18 2 8 8 29 12 9 12 4 4 1 4 6 3 2 10 3 0 0 0 0 0 0 0 0 0 0 0 0 0 1 1 7 9 3 1 2 8 9 2 0 0 0 0 1 0 2 1 1 0 2 1 1 1 1 0 0 0 0 0 2 8 1 6 7 0 2 0 3 1 1 4 3 9 7 18
14 15 7 6 25 39 27 18 14 17 19 8 22 54 25 6 15 9 15 28 31 19 4 5 5 6 23 29 5 9 17 11 12 4 5 3 3 2 1 1 0 1 0 0 0 0 0 0 0 1 1 1 11 31 6 4 6 8 17 4 1 0 0 0 3 1 5 1 1 0 1 1 0 0 0 0 0 0 0 0 0 4 6 2 2 4 2 3 2 3 2 3 9 8 18 5
11 6 1 3 20 23 6 13 11 16 8 14 42 34 12 5 9 15 31 24 36 70 16 5 4 7 45 31 31 3 18 8 6 25 19 11 3 5 1 2 1 3 1 1 1 0 0 0 0 1 1 3 3 34 10 21 11 17 35 4 1 1 1 2 2 1 3 1 1 0 0 0 1 0 1 0 0 0 0 0 1 0 5 5 4 5 6 11 20 4 14 17 11 6 47 4
15 14 5 3 21 19 14 15 17 10 14 18 30 42 15 4 53 46 19 19 23 31 55 47 18 8 21 39 47 52 17 33 18 4 4 2 2 10 1 3 9 3 1 0 0 0 0 0 1 1 3 2 4 10 16 32 32 39 37 10 4 5 7 5 4 0 2 2 1 0 0 2 3 1 0 1 0 0 0 0 1 1 0 4 15 22 6 2 2 6 7 22 14 9 16 37
15 8 9 4 15 10 7 40 16 12 9 12 59 27 11 7 36 20 42 47 32 41 63 58 48 15 28 6 13 46 18 20 21 14 10 10 5 2 3 14 2 1 0 0 0 1 0 0 1 2 3 4 4 7 4 29 38 40 47 13 6 6 3 10 11 1 4 3 1 0 0 1 1 0 3 2 0 0 0 0 0 1 2 1 9 19 13 11 13 7 4 4 12 7 4 13
7 12 6 6 5 4 5 37 25 8 25 36 61 61 13 8 22 7 41 73 67 58 23 39 58 34 30 25 49 72 64 47 19 24 12 5 5 2 6 1 1 0 0 1 3 1 0 0 1 1 1 3 3 4 1 3 33 48 58 17 25 14 28 19 25 2 12 3 2 1 0 1 1 2 4 0 0 2 0 0 0 1 2 3 1 12 11 4 2 5 5 5 4 9 14 13
19 18 14 8 8 5 5 14 28 21 20 46 33 23 38 16 43 11 6 25 29 69 33 32 26 13 27 48 78 86 49 56 69 58 49 10 5 4 20 1 3 2 4 3 3 1 2 0 0 0 3 5 10 13 19 5 2 2 12 30 17 29 18 25 33 8 36 7 6 4 1 1 2 6 2 0 0 0 1 0 0 1 1 2 4 1 3 9 5 6 4 7 20 30 27 28
12 10 7 6 9 7 4 2 17 33 30 33 28 12 14 9 44 24 12 51 36 42 35 38 48 37 22 67 30 55 65 56 65 57 7 9 7 10 4 1 12 7 11 5 2 1 5 2 2 1 2 3 6 6 14 4 2 2 3 16 36 57 33 38 21 5 27 15 4 2 5 5 1 2 1 1 2 1 1 1 1 1 1 2 4 3 1 2 3 5 20 24 39 37 44 39
7 6 7 9 8 7 8 5 8 14 21 34 31 26 13 10 50 21 8 35 21 32 34 48 35 52 47 57 34 9 26 33 19 14 20 12 35 33 7 5 3 12 36 4 2 9 5 2 3 1 2 2 2 5 9 14 7 3 4 41 67 48 68 56 39 41 44 39 15 3 12 4 1 0 0 2 1 0 1 0 0 1 1 1 3 2 5 2 1 8 22 61 64 54 54 28
9 4 13 21 15 15 14 16 11 12 21 26 26 18 18 10 33 17 7 22 34 32 32 30 38 50 44 40 46 33 13 10 17 25 21 43 55 13 26 19 9 29 36 9 17 6 7 2 6 1 3 3 8 21 29 27 13 4 6 11 65 49 69 68 53 42 50 54 41 10 7 5 3 1 1 1 1 4 0 0 0 0 1 1 1 2 7 10 4 6 13 11 33 39 47 36
19 20 16 25 26 21 24 24 20 5 15 16 14 18 13 18 16 12 12 22 23 26 15 22 40 44 43 37 36 63 16 23 21 34 71 74 40 13 44 51 22 34 37 21 12 18 7 3 7 2 2 7 9 26 46 38 18 7 4 6 8 55 74 70 62 38 61 44 17 4 9 9 2 2 5 2 2 1 0 3 0 0 1 1 4 3 2 4 10 15 19 12 8 9 19 25
20 10 20 19 27 20 34 23 15 19 3 7 6 11 19 15 24 17 10 12 25 33 20 20 19 24 55 41 40 18 27 18 36 80 70 66 15 26 77 32 17 23 23 7 11 28 9 17 10 6 3 12 30 19 15 22 31 31 22 13 14 25 54 54 67 49 29 30 10 10 12 7 3 4 4 4 3 2 1 1 0 0 1 2 3 5 3 5 7 13 28 35 26 15 9 24
12 14 20 14 23 26 20 22 21 23 28 17 11 5 6 9 20 18 10 9 19 10 13 17 15 24 56 64 37 25 39 10 63 78 57 22 24 61 72 50 13 31 18 12 45 34 11 8 23 21 5 10 24 44 37 27 9 18 27 33 25 29 22 38 18 33 38 26 15 20 18 10 5 3 5 4 2 5 0 0 1 0 0 1 3 4 4 5 4 9 23 26 29 18 23 11
16 11 20 23 26 17 19 31 19 26 21 26 26 17 12 6 9 18 9 14 20 18 12 17 13 26 28 65 19 20 43 15 54 72 33 30 29 49 36 35 25 28 15 48 52 12 17 50 37 19 18 6 4 11 11 24 14 26 55 62 36 48 27 16 18 25 19 16 15 31 16 19 4 8 8 3 6 1 1 0 1 0 0 0 1 3 5 4 4 4 18 16 27 31 38 24
8 6 19 22 11 18 9 13 29 25 21 25 25 29 24 12 7 5 4 3 4 6 13 17 7 13 15 16 15 58 31 12 20 29 27 46 48 61 87 64 45 31 46 49 47 31 24 63 50 24 53 17 12 26 35 28 22 23 18 43 69 47 27 17 18 31 22 15 22 27 24 26 12 2 2 2 2 1 0 0 0 1 0 1 1 2 3 5 12 8 12 18 27 47 38 35
3 7 32 16 19 10 32 14 29 31 22 30 27 14 16 19 20 18 18 18 19 19 11 12 12 4 8 11 28 62 14 24 28 19 40 56 62 21 47 43 48 31 32 43 41 28 42 68 54 47 51 37 9 9 15 15 22 38 42 12 15 28 26 30 23 26 20 21 19 23 22 29 12 10 1 2 2 1 0 0 1 0 0 1 1 1 3 5 5 15 14 29 39 43 41 45
4 9 20 11 12 13 10 13 29 23 25 28 23 26 18 27 18 26 28 28 19 34 19 18 30 23 4 9 18 48 18 31 37 31 38 38 30 31 25 12 46 51 36 26 40 69 73 70 51 48 54 36 16 13 22 38 44 39 44 22 8 27 24 19 28 19 17 20 25 23 16 18 9 7 5 2 1 1 2 3 2 3 1 0 0 1 1 3 7 7 23 26 31 39 48 57
3 15 4 6 12 10 11 8 20 28 13 12 32 21 21 16 19 23 26 27 28 29 30 28 23 32 17 3 14 33 14 28 37 42 39 31 29 36 36 15 27 72 52 21 58 62 84 70 18 12 20 31 40 30 27 33 40 33 28 18 11 39 22 15 19 20 21 29 27 27 18 15 12 15 13 11 3 5 4 3 2 1 0 0 0 0 2 2 3 6 14 24 35 54 56 61
9 2 5 5 5 9 14 20 6 10 16 22 25 28 15 23 22 25 25 37 37 28 42 31 46 33 35 12 7 31 19 23 36 41 50 41 45 39 38 13 22 38 56 25 51 49 67 30 13 14 25 23 40 42 36 32 40 36 27 31 14 22 20 14 39 25 32 46 32 27 22 15 33 23 35 11 8 3 4 1 0 0 0 0 0 0 1 1 4 9 10 12 14 19 18 27
1 2 6 19 22 13 4 3 5 18 20 21 11 21 24 26 25 34 33 34 36 36 34 43 46 37 26 26 6 9 8 16 15 43 46 70 73 50 53 26 20 20 29 9 28 31 19 20 18 22 21 35 50 41 46 53 56 54 64 46 23 20 25 15 42 47 47 29 17 22 36 26 23 19 17 20 8 2 1 1 0 0 1 0 2 1 0 1 4 3 4 9 16 25 29 33
3 7 7 2 2 5 7 3 9 17 19 19 16 18 18 29 21 28 32 42 21 44 48 45 42 36 21 21 10 7 5 7 13 29 45 56 51 58 62 45 44 36 32 10 23 28 30 59 65 55 76 43 61 67 70 57 65 53 50 42 24 31 31 13 14 25 30 38 40 28 32 46 17 14 10 12 9 1 0 0 0 1 3 1 2 1 4 1 1 2 4 8 12 23 35 36
5 2 5 6 6 4 8 4 13 13 13 16 29 20 28 27 28 46 38 28 35 42 55 31 44 40 39 18 18 13 4 3 3 19 35 45 66 78 76 44 28 37 32 21 26 36 64 41 67 63 53 37 77 74 70 50 41 41 40 24 23 14 13 5 4 22 40 57 57 35 34 55 35 12 5 6 2 1 1 1 0 1 2 2 4 5 2 3 1 1 2 4 10 19 18 45
2 2 2 2 2 2 1 5 15 9 11 24 15 21 25 28 38 19 20 43 35 48 50 33 29 29 39 37 34 31 16 14 6 16 37 29 25 61 74 57 42 39 37 34 49 42 20 34 53 84 51 55 70 57 68 63 51 39 24 22 20 17 3 12 6 16 39 47 70 42 35 11 18 14 6 8 4 2 1 1 1 2 2 3 4 2 1 2 0 1 1 4 6 5 17 25
1 2 4 6 6 3 3 5 10 16 14 15 11 18 39 44 25 16 18 49 36 27 32 39 30 30 40 44 35 32 29 27 16 10 40 41 20 23 22 16 21 32 31 36 46 33 33 49 83 36 29 46 81 65 54 39 36 37 44 39 19 18 4 6 4 16 35 38 45 42 31 18 23 10 9 9 6 5 3 2 3 6 2 2 3 3 3 5 4 1 1 1 2 8 15 17
1 4 3 13 4 4 5 9 8 11 13 4 5 18 18 16 14 15 26 54 26 26 31 39 36 41 34 36 30 22 16 22 32 18 12 32 37 22 17 16 17 31 30 25 26 40 45 28 80 35 51 66 80 50 32 41 37 24 24 34 23 26 3 10 7 8 21 16 33 27 32 30 30 18 30 20 35 3 1 0 5 6 7 3 1 7 9 20 9 3 5 2 7 7 5 38
2 3 8 8 3 7 5 6 12 10 7 5 8 16 10 27 8 14 50 27 21 21 31 39 47 47 39 35 23 33 29 28 32 30 14 8 28 13 16 13 15 26 26 25 25 39 43 40 24 39 62 79 80 49 45 43 31 30 31 25 24 12 13 11 8 9 25 38 43 40 41 35 37 40 37 19 2 1 1 3 3 10 16 25 6 14 20 14 12 4 2 3 2 8 8 14
2 5 2 2 3 3 3 11 3 6 2 6 9 32 16 11 8 30 9 10 33 22 20 19 28 30 32 38 43 34 44 44 32 34 21 24 6 26 20 15 13 15 16 28 36 55 28 49 16 21 55 73 90 83 51 42 37 21 33 24 23 14 21 7 5 17 37 51 62 55 42 43 43 31 19 10 4 4 3 4 11 14 13 37 22 25 11 2 1 0 1 7 5 6 7 11
3 2 2 1 2 2 5 1 7 1 2 4 12 22 15 4 19 17 16 7 9 22 9 12 25 27 45 33 46 54 46 53 33 35 30 26 23 9 11 16 19 15 17 31 31 46 12 38 12 39 48 23 68 74 49 33 21 21 22 11 26 33 18 10 6 39 51 47 42 41 37 36 39 32 40 35 11 7 4 3 7 8 8 38 30 15 7 4 4 3 8 1 4 6 6 10
0 1 1 1 1 3 4 1 2 2 4 2 11 5 3 9 16 6 10 9 39 26 16 14 23 47 34 50 53 66 50 32 12 42 32 34 39 23 10 4 13 22 20 30 33 11 27 42 12 38 28 62 66 44 46 43 44 36 21 15 29 28 25 19 4 9 36 48 46 35 35 43 55 34 18 9 3 3 10 2 8 24 19 23 14 12 20 17 6 7 4 2 2 6 15 26
14 0 1 1 2 1 2 3 2 2 6 3 2 2 3 18 5 9 8 30 29 16 30 21 14 37 41 49 71 63 66 33 20 25 21 22 30 36 37 6 6 21 33 28 13 24 68 32 15 40 77 73 78 36 33 46 34 32 30 22 30 19 20 12 7 6 15 27 32 31 11 22 18 12 14 10 4 2 6 6 10 31 70 24 14 27 26 13 16 6 2 5 2 6 7 18
8 17 10 12 7 2 0 0 5 1 11 29 32 12 5 9 9 14 8 18 14 18 24 21 24 33 49 70 44 57 54 43 50 38 35 40 19 32 43 21 3 17 25 29 12 12 17 17 8 45 63 85 73 27 38 41 45 32 24 34 30 19 22 6 7 8 42 42 37 46 42 36 41 24 11 6 4 9 8 14 28 27 46 64 28 36 48 26 7 2 5 7 1 2 6 11
4 17 11 11 7 5 7 1 9 3 1 6 32 30 39 7 5 12 16 15 14 11 20 18 29 36 52 41 53 58 60 53 47 50 57 36 34 41 36 29 22 5 12 19 30 17 15 9 13 42 64 37 55 23 53 35 47 46 33 23 30 33 18 7 5 27 39 48 48 55 61 39 19 18 22 6 6 11 15 41 36 39 47 43 8 20 17 14 18 22 23 3 7 1 1 4
4 22 6 20 12 5 24 7 5 14 8 6 27 41 23 12 18 12 43 65 56 47 18 10 34 28 44 38 37 38 49 44 47 55 58 52 45 36 27 33 36 18 11 15 24 14 25 8 13 20 32 29 65 47 70 69 44 57 36 44 16 17 14 9 19 33 44 35 48 51 61 57 52 32 29 20 22 16 20 47 55 34 33 30 23 22 34 33 16 49 6 10 10 9 2 2
9 17 10 11 33 7 13 2 10 17 18 6 2 28 28 18 33 19 26 56 64 20 56 10 38 41 42 32 39 21 32 54 59 65 68 48 31 33 42 37 19 16 11 8 37 18 26 9 8 6 26 44 71 29 40 25 56 67 66 42 16 12 8 5 20 31 47 36 47 51 54 57 37 14 7 6 20 11 44 57 76 71 24 22 28 37 57 20 32 49 19 17 7 3 3 2
2 5 3 14 28 12 15 1 14 46 8 5 4 11 38 30 36 42 9 31 39 32 31 39 8 17 62 29 19 14 9 13 31 33 44 57 43 52 56 36 25 14 5 2 16 23 22 21 4 20 29 55 49 65 44 30 38 33 26 17 26 16 11 7 16 28 35 30 37 41 39 22 18 17 11 13 41 60 44 48 71 81 63 26 18 31 23 29 56 27 14 2 1 1 1 2
2 13 28 13 31 7 27 15 24 58 22 13 14 25 48 63 23 3 3 8 14 7 25 62 17 8 55 36 44 17 2 15 44 41 26 57 57 55 36 25 14 10 3 2 3 29 34 16 13 38 37 49 32 42 36 40 15 13 32 35 25 16 5 12 22 19 21 21 21 31 28 21 24 13 15 40 61 67 67 42 55 67 62 36 11 23 32 45 32 9 5 7 7 3 5 9
3 2 2 4 6 11 35 5 34 41 71 29 22 17 14 8 6 4 5 13 10 11 10 58 19 44 39 41 63 64 25 18 30 24 34 52 50 46 44 41 24 8 3 4 3 13 29 23 9 23 40 54 12 28 35 61 34 18 24 31 12 11 4 10 17 33 69 46 44 50 48 58 45 19 34 77 75 79 75 59 19 43 65 63 24 27 32 49 27 18 54 12 3 3 5 20
4 8 3 4 7 22 39 28 15 30 71 42 15 7 20 16 6 18 5 6 10 11 13 67 15 19 48 32 43 56 31 27 42 21 15 22 14 26 26 31 35 31 9 3 3 8 7 13 14 22 39 41 9 31 24 24 47 47 25 13 9 9 4 15 17 33 40 55 67 68 85 52 14 17 57 85 81 75 78 81 73 34 73 73 28 31 44 31 17 52 33 13 7 11 2 0
6 10 10 5 8 5 36 48 45 17 78 35 12 5 17 16 20 20 12 8 11 15 4 35 54 5 18 25 50 73 28 8 21 18 34 42 39 42 33 32 30 21 24 8 3 2 2 4 9 19 48 43 15 23 33 23 39 32 22 15 10 6 7 14 11 40 44 61 70 62 29 18 22 30 61 73 84 79 76 65 79 52 48 60 48 54 33 20 45 80 24 17 12 11 7 1
9 7 13 5 5 6 29 69 33 33 66 55 43 6 18 18 37 21 18 15 17 31 12 16 83 23 44 37 61 60 57 37 37 49 45 43 49 48 48 24 16 10 20 13 6 1 6 11 20 43 61 51 19 31 29 9 14 31 32 20 8 3 4 15 32 50 77 76 59 35 35 25 31 74 69 68 85 65 54 50 80 69 58 27 24 49 37 48 80 47 27 22 35 9 6 2
42 5 14 6 6 12 23 34 8 11 79 48 6 4 20 31 41 36 46 34 44 36 35 27 54 30 19 53 63 51 63 59 36 30 31 22 38 45 49 43 24 19 12 5 8 3 4 8 14 31 53 42 24 19 12 11 10 8 9 9 10 9 3 12 30 67 70 56 34 28 38 31 62 76 82 71 59 77 47 57 84 63 37 21 43 64 66 69 76 25 46 66 34 15 14 4
6 17 5 6 7 6 11 26 19 28 52 23 11 4 23 18 46 17 51 32 44 55 46 34 38 57 35 23 13 51 44 57 28 23 35 34 26 22 40 38 20 12 13 6 4 2 5 8 32 46 48 17 19 20 14 9 13 6 6 3 1 1 11 19 36 60 42 19 29 43 36 34 72 84 74 70 61 73 79 47 65 63 38 33 56 55 68 82 56 50 75 47 35 19 8 7
6 4 12 13 6 8 4 8 7 12 20 10 33 13 9 22 53 23 21 51 30 22 11 59 56 70 19 17 9 26 64 71 59 35 27 20 28 21 24 14 20 18 8 7 4 2 2 10 21 27 35 23 10 15 10 12 19 8 4 3 2 1 13 18 51 30 13 27 44 42 39 65 68 75 75 78 71 66 83 63 52 64 43 40 61 61 81 81 62 44 38 47 25 10 9 12
13 9 6 22 23 14 14 6 4 22 12 11 37 41 13 22 40 41 19 27 26 33 29 85 65 65 43 7 11 9 31 38 61 53 35 29 24 20 17 15 45 23 14 9 2 3 2 6 28 28 29 24 31 14 15 19 17 12 4 2 1 1 6 29 26 11 21 43 48 58 54 73 76 68 54 42 47 54 68 72 67 44 38 46 61 63 77 72 52 26 33 19 7 8 9 21
14 12 9 16 19 30 15 6 2 19 17 9 12 23 15 20 33 39 22 25 22 16 21 41 18 34 61 13 15 15 8 36 64 59 34 26 33 64 63 46 30 16 5 6 8 3 1 2 9 22 17 23 25 14 15 15 25 12 4 2 1 1 2 11 5 16 23 28 42 78 65 64 82 79 57 44 28 17 43 65 60 38 22 39 56 67 78 56 28 41 38 29 44 19 22 20
58 23 16 7 14 26 47 5 9 18 23 17 6 16 14 9 27 46 20 20 20 18 9 29 7 13 45 36 9 21 7 14 44 81 58 35 25 21 23 20 21 19 17 6 3 7 7 1 3 18 18 18 20 28 11 7 13 9 5 2 1 0 0 4 22 46 45 62 70 56 78 82 73 85 80 64 53 38 22 28 57 48 22 11 30 50 53 21 28 39 36 64 53 24 15 25
55 82 27 18 5 12 11 10 13 20 17 10 24 9 14 6 9 51 28 22 18 16 8 21 22 3 33 39 14 21 14 7 29 58 76 53 34 37 52 43 25 17 13 7 4 2 5 2 1 4 18 26 21 9 19 10 5 4 3 2 1 0 1 7 24 56 64 41 39 52 71 67 67 71 88 71 55 33 22 17 24 19 3 15 30 17 23 27 43 45 68 63 25 23 22 31
18 71 80 54 23 14 4 22 10 9 10 11 29 16 12 10 9 53 37 31 15 7 6 16 29 3 22 27 21 27 17 10 33 25 31 69 36 16 33 39 28 11 9 9 3 1 1 2 1 2 10 19 22 14 13 10 8 3 1 1 1 0 4 13 23 19 15 40 74 67 61 61 58 69 75 72 57 39 45 28 9 5 5 16 37 50 42 27 40 60 51 27 18 25 29 32
11 58 58 79 43 23 12 24 25 8 20 13 18 17 26 19 11 25 52 18 15 12 3 11 24 10 16 24 7 33 36 10 35 32 30 15 69 48 49 35 24 13 12 6 3 2 1 2 1 1 4 9 7 6 20 7 6 5 2 2 0 0 2 13 23 33 44 46 68 76 65 78 72 40 50 65 55 56 53 43 15 3 5 16 37 40 56 62 32 24 16 25 23 22 42 31
29 45 37 69 37 21 21 21 25 21 18 18 19 30 26 22 22 21 39 30 14 13 7 22 34 25 18 22 9 17 44 22 10 20 25 42 48 18 62 37 19 11 9 12 2 2 1 1 2 1 0 3 7 12 21 9 6 4 2 1 0 0 2 10 21 33 38 60 67 69 87 79 82 67 44 36 55 50 50 41 12 3 15 37 40 44 55 66 56 40 37 17 24 23 55 49
29 45 21 54 55 58 38 29 25 22 16 12 15 20 22 29 19 21 14 30 22 12 8 15 11 26 21 22 16 7 17 11 9 23 32 46 48 24 71 24 32 29 15 13 6 3 1 0 1 2 1 1 3 7 30 11 5 4 2 1 1 0 1 11 22 29 39 44 66 48 81 78 72 74 82 60 59 52 31 12 7 4 11 30 53 60 62 64 65 53 37 26 19 41 83 74
43 38 42 29 43 25 34 29 64 50 27 10 18 18 16 30 17 17 20 20 21 19 9 5 14 22 10 24 20 11 9 5 18 20 71 72 44 39 23 34 31 27 13 11 7 3 1 0 1 1 0 0 1 3 20 6 4 2 1 1 0 0 1 5 20 31 40 65 73 76 79 84 79 72 72 76 59 51 24 7 2 18 25 11 29 56 58 61 58 31 35 34 57 82 87 79
26 48 36 30 25 20 23 18 22 25 16 16 12 12 12 13 13 15 15 22 22 16 11 3 5 29 6 16 11 18 8 4 25 48 57 70 74 88 84 73 28 22 10 8 6 3 1 0 0 1 0 0 1 3 5 7 10 3 1 1 0 0 3 7 21 47 72 80 79 85 85 85 88 84 62 55 61 31 23 3 6 33 51 39 30 17 26 26 24 30 26 52 58 87 90 80
22 37 21 27 11 13 11 4 10 9 8 11 14 6 5 10 10 12 12 14 18 13 12 4 8 13 7 16 17 8 13 7 5 22 33 32 35 34 38 7 26 15 18 6 4 4 1 0 0 1 1 0 0 1 1 1 4 4 1 1 0 0 6 19 39 33 46 57 78 87 75 91 82 79 59 47 46 34 22 3 8 23 46 53 66 45 45 30 35 44 45 56 79 84 81 75
5 8 14 7 7 7 5 4 11 13 5 5 4 5 7 6 5 4 5 9 10 11 14 5 9 16 23 6 16 12 8 6 4 3 3 2 6 12 21 16 17 6 7 2 2 2 1 1 0 0 0 0 1 1 0 0 1 1 1 0 0 0 5 19 31 44 37 56 70 65 77 85 85 75 50 36 26 9 4 2 7 13 32 39 42 56 63 52 62 73 61 51 76 72 80 75
22 8 3 4 6 7 11 21 12 12 24 24 21 38 17 15 6 3 3 3 5 7 6 6 7 10 16 10 15 15 9 6 3 1 4 11 4 2 7 13 25 19 15 13 7 3 1 1 0 0 0 0 0 1 1 0 1 1 1 0 0 1 7 9 20 35 40 71 66 70 82 74 76 50 37 24 7 3 2 9 16 34 41 47 43 60 86 82 39 35 71 86 70 49 59 78
42 31 13 26 22 24 21 33 19 24 36 38 49 47 44 29 23 13 10 6 5 2 4 3 4 17 16 10 5 19 7 4 1 2 10 5 2 5 4 10 17 13 6 4 6 3 2 1 0 0 0 0 0 1 1 1 1 0 1 0 0 2 1 7 22 48 47 40 57 66 69 67 72 40 30 16 4 2 10 27 38 48 49 55 76 80 71 27 33 60 88 87 90 53 46 62
46 26 20 38 34 35 35 37 38 40 34 32 39 61 49 38 34 31 24 12 12 11 2 2 1 4 11 11 14 6 4 2 1 5 8 9 7 4 2 2 8 9 8 2 2 5 2 1 0 0 0 0 0 0 2 0 0 1 0 0 0 0 4 10 34 52 60 42 30 29 54 58 41 27 8 5 1 8 20 33 53 50 68 83 82 52 21 25 43 83 89 83 76 79 32 22
36 35 25 44 35 41 27 29 42 30 45 35 50 42 39 42 60 47 18 33 27 14 9 9 8 4 2 3 4 2 2 1 2 4 6 7 8 10 9 5 5 14 13 10 2 3 2 1 0 0 0 0 1 0 0 0 0 1 0 0 0 1 7 10 28 50 62 54 22 47 38 35 24 8 2 0 2 9 22 30 54 75 67 60 33 17 27 40 57 77 81 82 67 85 52 22
28 28 21 37 49 67 60 47 59 48 45 34 64 57 63 66 44 27 30 53 37 15 20 22 20 13 7 3 2 1 1 1 2 2 2 4 4 8 18 10 2 6 3 5 6 3 2 1 0 0 0 0 0 0 0 0 0 0 0 0 0 2 5 8 25 49 71 56 31 22 28 20 11 1 0 1 4 14 21 26 61 59 47 13 26 41 41 64 75 66 78 69 62 73 81 24
45 51 49 48 52 51 34 23 59 32 31 27 33 47 61 37 44 55 56 61 52 19 4 12 29 16 14 11 5 1 2 0 1 4 6 8 3 2 1 1 1 3 2 1 1 5 1 1 1 0 0 0 0 0 0 0 0 0 0 0 0 3 4 6 12 55 77 71 28 40 18 8 3 0 0 1 3 12 18 28 26 9 11 29 39 44 46 83 83 94 73 41 46 55 72 34
