sesion_6_simulaciones/modelos_agentes/ejemplos_netlogo/scenarios/cgcm2_a2/rob_2055.asc
NCOLS 322 
NROWS 307 
XLLCORNER 451900 
YLLCORNER 4086900 
CELLSIZE 100 
NODATA_value -9999 
[rows 146 to 218 of 307, columns 0 to 95 of 322]
0 0 0 1 1 1 8 2 2 0 10 16 4 14 6 9 16 9 6 1 1 0 0 0 2 1 1 1 1 0 0 0 1 1 3 3 1 3 7 12 10 14 20 25 2 18 16 20 20 12 11 26 32 16 7 7 13 27 23 21 15 42 31 24 12 27 29 32 58 53 45 71 52 68 60 74 78 71 78 68 42 67 77 62 42 45 64 38 68 77 63 65 62 63 60 75
3 6 10 3 12 1 0 1 5 3 14 20 14 47 19 20 37 19 5 6 2 2 1 0 1 0 1 0 1 0 1 0 1 2 1 1 3 2 3 2 4 8 14 33 20 11 21 12 18 16 14 11 9 40 57 26 24 20 18 22 33 31 38 20 28 35 51 29 50 61 43 58 65 62 77 52 65 61 76 67 25 37 48 59 35 9 14 27 69 64 65 73 36 43 32 67
0 6 4 4 8 12 12 7 2 1 2 42 29 32 29 32 50 32 24 34 11 18 3 2 0 0 0 1 0 0 1 0 0 1 0 1 0 1 1 1 7 8 8 6 13 6 16 16 9 19 10 13 25 8 17 29 27 13 8 29 38 40 33 25 37 50 55 31 38 69 65 57 34 43 66 77 26 22 21 37 34 29 12 20 54 40 13 8 34 27 22 27 46 38 23 45
2 8 7 10 15 21 12 25 21 5 7 21 31 46 53 61 68 34 37 37 34 25 4 11 1 0 0 0 0 0 3 2 0 1 0 0 0 1 1 2 4 3 2 5 11 48 21 17 7 8 6 18 20 18 5 5 6 4 26 20 19 54 33 23 35 59 54 54 56 67 37 18 14 51 37 34 62 14 16 42 37 21 29 20 10 44 20 12 9 15 7 32 19 44 29 11
1 1 2 18 10 31 24 5 12 25 10 15 66 68 68 39 73 57 54 62 37 10 6 3 4 2 0 1 1 1 0 3 1 2 3 3 1 2 3 3 2 2 4 22 38 21 13 10 8 7 8 10 11 12 24 18 22 23 26 27 41 53 27 24 56 55 65 72 49 11 54 33 31 46 67 26 32 10 3 11 24 25 18 31 14 16 37 23 10 13 8 6 12 14 22 8
0 1 2 1 2 2 2 3 5 4 15 6 20 56 57 49 77 72 66 12 4 4 11 7 17 9 2 1 1 0 1 1 13 9 10 18 22 3 1 3 8 12 32 27 8 9 4 10 6 5 13 11 13 11 14 12 28 30 32 36 57 47 44 30 55 74 58 46 77 38 18 55 58 31 37 13 25 44 20 9 12 20 23 13 18 9 14 36 27 14 12 6 4 13 18 15
5 1 1 1 2 2 3 5 6 9 5 19 10 5 4 5 7 6 10 13 7 27 24 18 39 6 24 4 4 4 2 3 11 1 0 0 2 21 1 1 8 4 9 15 13 23 25 32 14 6 13 13 18 16 4 16 21 52 29 51 54 59 70 88 84 69 63 38 42 84 39 33 31 40 23 6 12 12 40 25 13 14 27 21 11 17 11 13 31 11 9 8 2 3 7 7
8 6 4 2 3 2 2 8 1 3 13 10 10 16 10 10 7 18 27 37 62 37 65 30 23 11 9 7 5 18 8 1 0 1 1 0 1 1 8 2 1 34 4 7 12 8 4 8 21 11 20 27 26 19 6 13 20 39 64 52 77 64 77 77 76 78 68 22 37 68 73 53 36 22 31 20 15 11 22 14 22 14 13 21 14 11 9 10 40 23 5 5 5 2 8 9
27 10 23 14 9 9 13 2 3 2 5 8 9 28 31 10 4 16 44 47 63 79 53 69 39 26 33 28 11 13 41 20 6 1 2 2 5 4 3 9 1 21 6 6 17 2 5 8 6 25 31 41 52 39 39 20 27 41 64 61 43 36 74 77 75 66 68 49 36 52 79 27 35 21 14 11 21 7 19 37 14 20 19 9 9 7 8 6 12 8 15 5 3 2 1 3
43 30 39 17 27 16 13 19 3 2 5 4 26 18 8 22 17 12 11 48 64 55 47 57 38 28 35 26 14 3 13 55 45 22 14 4 5 7 7 10 4 21 44 12 16 10 4 5 5 11 10 15 30 8 12 42 28 54 39 22 20 23 28 55 52 20 30 18 49 61 57 51 29 21 27 10 11 14 14 28 23 13 16 13 7 8 7 6 5 6 8 10 5 3 2 1
19 37 27 52 60 32 13 45 7 2 5 6 6 8 20 26 15 27 18 10 16 47 55 16 24 47 19 45 21 4 4 5 27 52 38 15 9 7 6 10 10 26 52 10 13 14 11 16 20 24 23 30 20 21 25 22 38 65 49 46 49 47 21 14 8 27 23 26 19 33 35 55 58 29 15 8 11 13 17 23 25 34 8 11 6 5 4 2 3 6 5 1 8 3 1 1
54 71 50 70 53 14 38 63 13 13 13 5 20 44 37 17 36 24 24 14 15 16 12 46 27 8 14 42 50 14 11 8 5 47 47 36 37 27 24 31 27 15 51 48 15 11 15 20 21 24 34 53 23 38 45 24 17 38 49 38 34 24 12 22 22 7 3 16 37 40 42 54 25 29 14 12 17 14 22 16 18 14 17 6 5 4 2 1 2 2 3 2 3 4 1 1
36 75 27 76 28 57 57 62 9 21 27 10 8 7 22 24 28 57 52 62 19 13 17 18 18 14 23 63 21 67 19 32 23 47 17 37 34 69 33 25 33 17 44 52 55 15 14 11 28 19 23 18 15 34 41 20 35 70 68 72 32 43 50 40 35 16 14 21 28 29 28 37 28 17 25 6 12 20 17 21 11 7 10 9 2 2 1 0 1 2 2 3 3 2 2 2
9 65 45 60 59 66 62 16 26 44 35 22 17 11 12 8 12 24 26 60 35 9 15 21 56 53 45 54 19 62 63 18 19 27 56 62 49 70 82 39 34 11 19 50 53 39 31 17 33 8 7 12 41 39 27 23 33 27 21 24 18 34 54 47 45 32 30 29 22 25 26 24 17 23 7 11 10 15 8 6 6 5 4 5 7 5 2 4 2 1 1 1 2 2 1 1
11 10 7 48 62 61 19 24 58 30 49 60 38 27 12 19 24 24 33 17 28 47 42 14 46 47 54 61 63 28 80 74 31 12 34 76 71 55 45 61 61 13 25 58 70 73 29 21 24 24 16 16 63 29 79 77 77 61 81 67 46 26 32 32 33 29 31 32 26 15 16 24 19 20 9 15 7 7 7 9 4 4 4 7 3 2 3 4 2 2 2 1 1 1 1 0
10 48 28 21 13 37 29 69 70 42 40 52 20 38 9 25 18 20 33 23 28 30 31 14 57 65 58 80 72 55 72 84 74 42 34 9 28 54 37 19 26 16 10 78 77 70 52 52 39 59 79 86 72 44 39 72 62 34 37 56 55 37 45 35 32 24 22 36 26 12 14 13 16 14 10 10 9 10 5 4 3 3 1 2 2 1 2 1 1 1 1 1 0 0 0 1
27 32 24 44 35 16 50 81 67 73 10 39 59 54 69 30 48 20 16 16 18 9 36 61 82 57 81 87 71 70 46 61 78 49 47 23 54 71 80 83 65 42 25 35 79 63 48 84 49 51 76 75 81 47 29 78 85 53 39 28 67 67 25 54 35 31 20 22 19 14 17 13 12 8 8 8 7 5 4 2 1 1 2 2 2 1 1 1 1 1 0 0 0 0 0 0
21 22 52 27 24 8 41 67 48 76 25 37 69 54 72 46 25 38 27 42 46 51 15 51 66 72 82 83 59 82 65 81 72 74 72 75 67 75 80 71 15 54 61 26 12 49 53 72 52 47 70 66 68 71 37 46 73 89 61 45 54 32 34 32 37 46 43 32 19 10 18 10 6 5 4 2 4 2 1 1 1 1 1 1 1 0 0 0 0 0 0 1 1 1 1 1
19 13 7 21 32 32 12 77 24 25 26 43 50 11 39 52 29 33 27 61 60 32 33 18 54 83 77 83 62 86 71 74 68 59 71 72 83 77 76 82 75 52 19 16 7 10 55 63 43 18 30 66 72 75 74 80 83 79 86 46 31 38 33 40 35 36 43 18 13 20 9 6 6 5 2 1 1 1 2 2 3 1 1 0 1 2 3 3 4 1 2 5 2 5 4 2
7 17 35 27 16 12 14 33 40 37 60 54 62 62 26 50 34 53 17 14 34 70 42 27 13 33 37 69 68 39 15 18 15 32 31 32 74 55 60 71 72 59 44 17 6 10 51 52 41 32 24 20 45 76 76 69 55 56 79 73 34 23 31 31 36 32 16 22 12 5 5 6 6 3 3 2 1 1 1 1 2 3 2 4 6 10 11 10 5 3 4 12 10 16 12 4
14 11 12 11 22 16 21 18 19 18 36 66 65 71 17 15 25 58 59 36 30 25 47 15 29 38 29 31 19 25 41 30 43 39 61 36 30 27 25 26 20 36 25 12 12 16 38 42 54 30 31 29 6 42 38 49 52 61 41 56 49 26 51 48 38 21 19 11 10 7 6 6 2 1 2 2 1 0 1 2 12 12 8 14 17 23 18 29 19 19 40 39 18 29 14 9
7 10 15 37 30 34 30 24 29 28 41 9 14 19 30 37 24 17 61 63 54 30 32 11 29 56 52 43 30 34 52 60 31 61 32 26 27 34 36 33 21 14 20 18 31 30 54 50 54 43 27 14 17 17 22 49 21 16 14 41 23 30 29 17 25 13 7 11 9 4 3 2 2 2 3 3 4 1 10 12 23 24 26 33 34 52 47 32 29 35 11 4 7 6 7 22
12 18 33 18 19 25 26 18 33 54 15 20 41 39 21 42 8 12 16 26 34 24 19 19 33 28 44 37 61 23 52 39 34 41 28 27 36 59 27 56 34 17 13 11 12 21 31 47 37 38 23 38 35 23 31 29 28 23 26 34 52 43 24 8 11 10 8 4 4 2 2 15 14 7 7 10 4 6 19 41 55 45 46 69 57 52 50 33 41 40 15 4 2 2 4 15
30 53 49 59 24 21 23 20 36 43 24 27 40 40 33 18 23 21 39 39 24 29 37 22 32 28 24 45 24 28 42 38 41 34 24 27 22 46 22 55 39 29 22 8 5 4 17 21 66 62 35 29 61 32 17 38 45 58 51 36 41 23 12 8 9 6 2 2 7 6 15 26 32 11 16 20 11 22 46 52 69 82 47 72 53 47 35 39 30 25 15 10 2 1 1 2
9 9 5 8 11 11 36 30 48 24 31 16 28 47 17 7 15 20 23 20 11 9 9 21 28 23 19 25 32 37 35 36 20 28 21 9 32 23 38 55 31 33 47 22 23 11 7 21 25 49 33 44 35 16 19 33 34 27 21 12 10 7 3 2 2 1 6 17 26 19 35 45 42 28 39 27 16 34 58 59 84 66 50 40 26 5 5 21 8 11 6 3 3 1 1 4
12 22 15 30 23 31 20 29 30 28 10 13 24 29 35 32 38 16 15 15 19 6 9 27 54 42 25 22 33 19 16 34 66 33 20 13 31 18 56 19 45 26 35 31 18 10 15 18 12 26 34 29 13 21 19 16 43 16 10 7 4 13 13 20 8 14 23 40 41 37 39 55 37 36 44 36 29 44 63 73 72 53 32 22 15 7 6 7 10 4 3 2 1 1 0 1
9 10 10 24 41 10 12 16 15 23 20 14 37 26 57 35 26 43 34 25 52 23 29 24 45 53 26 49 16 24 33 24 55 54 31 21 24 36 36 16 19 19 29 34 13 23 16 10 10 15 17 24 21 21 21 18 10 4 4 18 16 32 32 31 21 23 41 48 63 62 45 59 59 59 44 55 57 61 63 65 57 67 39 21 11 11 7 3 15 6 2 1 0 1 1 1
11 7 12 21 10 12 10 24 33 23 30 38 34 25 20 21 61 59 33 36 37 29 44 21 29 45 54 36 18 18 14 18 20 19 30 41 11 15 42 35 30 36 27 17 28 19 19 18 11 16 19 22 34 25 13 11 13 19 26 46 39 36 51 39 29 46 50 51 66 50 56 65 77 45 50 57 65 70 80 57 25 19 21 24 15 9 4 3 2 2 1 1 1 0 1 1
8 14 17 12 6 39 29 21 45 60 67 58 53 62 32 17 22 43 35 46 10 29 53 23 30 25 40 55 32 49 31 25 20 21 38 52 20 32 39 48 40 9 10 19 14 19 9 9 16 22 22 38 29 20 26 16 24 27 48 44 41 40 53 42 36 46 55 40 68 61 48 75 60 47 55 75 64 68 29 80 56 51 23 13 14 10 6 5 2 1 0 0 0 0 0 0
7 9 12 9 6 7 13 23 24 34 45 65 49 47 60 18 30 28 18 18 21 48 54 30 16 20 12 31 19 24 19 20 31 28 45 38 20 37 46 44 31 16 7 6 13 13 17 30 17 18 35 24 19 39 23 20 33 51 51 57 49 48 50 38 40 66 66 53 70 66 66 66 81 79 59 63 70 68 28 24 46 55 33 23 9 5 5 5 2 1 1 0 0 0 1 0
6 6 27 7 20 5 11 11 21 29 11 13 12 13 21 33 32 29 58 23 35 52 30 38 10 37 16 39 16 12 22 25 26 23 30 26 27 27 37 40 29 14 5 11 14 15 21 22 23 23 25 39 28 23 22 37 47 46 44 48 46 36 54 50 53 70 65 67 66 85 75 69 64 75 28 26 18 52 56 33 17 35 20 11 7 5 6 2 1 2 1 0 0 0 0 0
7 21 18 48 5 47 38 4 20 14 29 15 40 23 32 25 32 22 21 24 14 35 15 24 18 13 16 19 9 22 26 20 21 23 24 18 21 17 24 36 25 21 21 28 36 16 27 17 35 44 41 55 40 25 39 42 45 55 35 43 62 48 60 64 54 69 55 75 37 56 83 81 78 64 75 57 40 18 12 25 18 11 23 18 14 9 8 10 3 1 1 1 1 0 0 0
39 18 8 18 37 17 9 21 19 22 13 26 15 14 41 20 21 4 19 28 23 9 17 20 14 8 13 4 9 5 8 16 16 39 11 13 13 20 20 9 14 26 10 16 14 24 10 24 39 51 45 44 38 37 35 55 45 54 51 45 52 60 52 56 64 71 50 50 79 37 77 80 59 75 79 82 65 59 56 39 30 21 8 4 9 12 6 6 2 1 1 0 0 0 0 0
25 65 22 34 7 12 9 18 11 11 33 10 15 34 45 51 54 17 16 37 18 12 5 9 19 6 8 6 6 4 5 16 18 19 8 11 12 10 31 22 13 25 12 46 22 22 25 20 42 50 34 33 33 34 32 38 59 52 47 67 64 75 56 50 63 26 43 42 42 53 40 71 46 60 75 78 79 87 70 54 53 61 55 32 7 5 6 5 2 1 1 0 0 0 0 0
8 17 10 12 22 24 12 9 11 14 21 12 33 14 10 12 9 16 16 22 35 9 17 11 11 6 5 2 4 6 7 13 8 9 10 7 10 21 28 20 13 10 25 46 11 35 25 28 34 55 25 31 32 31 32 37 53 60 47 60 74 46 41 73 73 65 47 32 21 8 18 20 33 34 62 71 65 70 75 54 72 57 42 14 9 9 8 4 5 2 1 1 0 0 0 0
7 10 20 15 14 19 14 8 3 14 2 3 10 12 42 20 36 12 12 14 21 9 7 10 8 7 9 4 3 3 8 5 6 13 2 3 6 25 13 13 8 15 16 28 24 21 25 29 38 32 19 33 25 27 39 28 52 65 70 58 62 71 29 12 11 18 25 45 39 30 14 12 6 18 32 55 45 67 80 41 54 73 42 23 16 7 6 5 3 1 1 1 0 0 0 0
4 24 13 7 8 10 7 5 2 3 3 5 5 16 18 13 18 16 18 18 9 19 5 13 6 7 13 2 2 5 2 4 9 5 8 13 15 26 4 4 9 19 16 26 22 14 17 20 25 16 34 47 38 45 45 41 56 52 52 34 38 61 25 25 47 63 69 54 54 41 34 44 15 5 11 39 33 60 73 56 40 36 32 21 11 9 8 5 3 2 1 1 1 0 0 0
3 7 8 9 8 7 5 3 1 1 1 4 8 4 7 11 10 14 5 3 2 3 4 2 2 9 5 2 4 3 2 2 6 3 1 3 7 10 8 8 11 12 24 26 10 13 19 18 26 28 52 72 52 73 68 82 66 55 61 36 25 9 65 48 19 54 70 54 58 60 61 41 20 18 8 8 10 23 56 32 23 10 7 14 4 7 3 3 3 3 2 1 1 0 0 0
9 1 2 6 1 3 1 0 1 0 0 0 1 2 7 3 2 3 5 2 2 1 1 2 1 2 2 2 4 2 0 1 1 2 3 2 7 5 3 8 13 32 56 73 47 48 36 31 32 19 71 36 78 70 55 64 39 43 61 71 24 20 21 78 31 32 47 68 51 45 67 69 73 41 27 9 5 2 3 3 5 4 3 8 8 2 2 1 1 2 1 1 1 0 0 0
0 1 2 1 1 1 1 0 0 1 3 0 1 1 1 3 2 2 2 2 1 1 2 2 0 1 1 2 1 0 0 0 1 5 19 19 26 36 48 54 57 70 39 74 60 67 67 13 40 60 29 27 59 54 61 65 42 69 73 54 48 33 15 52 72 28 10 35 63 75 62 59 33 30 38 29 11 4 6 1 5 4 3 2 6 5 1 1 1 1 1 0 0 0 0 0
0 1 1 0 0 0 2 9 16 2 4 3 9 1 0 2 1 1 1 1 1 0 0 0 1 0 3 4 4 0 0 1 1 1 2 16 28 48 41 48 46 70 48 50 70 69 70 30 22 29 77 53 23 50 20 34 32 68 81 63 55 43 29 31 83 39 37 19 42 57 79 24 12 22 26 38 27 21 15 9 4 3 1 2 2 4 2 1 1 0 0 0 0 0 0 0
1 2 1 2 2 8 11 4 6 9 9 3 5 3 1 1 1 0 0 0 0 0 4 3 8 8 2 1 4 1 0 4 3 2 3 4 8 43 51 55 43 38 30 31 60 74 83 82 29 31 53 58 38 24 48 16 50 55 78 72 23 35 27 15 80 58 26 24 25 74 73 83 46 34 23 15 10 7 5 6 9 7 3 1 1 1 3 2 1 1 0 1 0 0 0 0
5 4 2 16 10 11 15 26 25 22 8 8 8 3 2 1 0 0 0 0 0 0 0 1 1 2 7 5 1 2 1 1 3 6 1 4 15 37 48 65 50 27 18 27 41 75 83 83 86 82 29 40 37 36 25 16 34 59 69 73 27 33 38 30 55 86 60 38 21 12 17 42 20 22 15 34 22 7 5 3 3 3 4 3 1 0 1 1 1 1 0 0 0 0 0 0
5 9 12 14 27 22 32 15 39 32 15 28 20 6 21 10 7 3 1 0 0 0 0 0 0 1 2 9 1 1 2 1 6 4 8 9 9 8 4 3 49 48 16 32 23 31 57 63 81 86 77 48 49 61 38 52 34 64 77 64 67 26 44 39 28 80 89 68 47 18 11 12 43 26 16 14 19 19 8 5 2 2 2 3 2 1 0 1 1 1 0 0 0 0 0 0
1 1 3 23 35 24 60 65 67 64 45 38 18 31 44 32 12 5 9 2 1 1 1 1 1 3 8 2 2 2 2 5 13 6 9 15 14 13 10 10 10 21 20 20 14 30 65 39 70 79 88 56 49 47 60 56 12 56 71 68 66 49 37 32 18 71 79 81 53 47 9 4 28 47 18 4 6 4 8 2 3 2 2 1 2 1 0 0 1 1 0 0 0 0 0 0
2 4 6 41 44 61 69 61 57 76 81 51 59 57 55 41 18 23 16 9 3 1 2 4 10 32 24 3 1 3 4 6 4 8 5 11 13 18 24 14 10 11 11 9 26 32 49 42 14 65 79 85 47 36 47 24 19 16 44 54 83 77 20 24 45 55 55 78 31 43 31 6 8 26 19 12 6 6 8 6 3 2 1 1 1 1 1 0 0 0 0 0 0 0 0 0
1 2 2 2 3 5 19 28 32 13 40 71 84 72 66 33 27 45 22 13 18 2 3 2 2 3 24 37 6 2 4 7 6 14 12 10 16 16 29 16 25 35 29 21 17 10 57 60 44 32 57 77 63 34 16 14 34 13 22 51 48 43 32 25 29 40 25 71 25 31 21 23 3 13 14 20 12 10 9 5 4 2 1 1 0 1 1 0 0 0 0 0 0 0 0 0
1 1 3 10 13 19 59 24 24 19 24 20 62 80 83 61 51 53 18 26 10 17 6 14 9 4 2 4 7 4 1 6 11 24 7 9 7 14 26 24 21 23 17 19 33 32 30 12 40 65 37 48 14 17 9 25 21 30 22 25 49 54 41 30 12 14 15 55 58 18 8 16 14 4 8 5 11 5 4 2 3 2 1 1 0 0 0 0 0 0 0 0 0 0 0 0
1 2 1 1 5 5 13 17 13 25 15 4 14 40 64 77 74 23 5 5 6 23 13 23 12 11 8 3 3 7 4 38 27 10 43 19 19 22 26 18 24 38 49 36 44 30 37 21 24 21 68 44 37 24 17 13 25 28 20 23 40 59 40 25 22 16 23 40 58 36 13 7 19 11 6 2 2 6 4 3 1 1 1 1 1 0 0 0 0 0 0 0 0 0 0 0
2 0 1 3 8 11 7 8 11 18 26 18 39 15 15 22 32 16 7 14 32 6 9 19 51 47 6 8 4 40 16 16 45 37 56 20 64 27 19 19 23 26 25 38 32 36 36 25 25 29 27 37 25 25 30 22 18 25 13 6 14 20 32 29 28 20 17 21 32 35 18 19 19 9 9 3 2 4 3 2 2 0 1 0 0 0 0 0 0 0 0 0 0 0 0 0
12 2 10 2 3 8 7 13 19 32 19 23 8 26 38 21 29 21 9 17 4 19 18 13 5 17 19 31 29 5 13 33 29 13 20 22 11 49 17 25 26 35 17 24 17 20 19 28 33 37 21 12 38 43 28 38 23 20 18 17 9 15 32 17 15 15 9 13 18 31 8 9 8 5 5 3 2 1 2 3 1 1 0 0 0 0 0 0 0 0 0 0 0 0 0 0
21 17 1 1 8 3 21 43 10 10 23 21 18 43 14 28 11 9 5 4 7 13 13 16 15 9 13 16 8 14 6 40 17 35 29 47 8 20 37 12 19 34 27 39 38 15 23 27 21 35 15 26 7 18 16 47 16 22 17 27 16 15 6 6 4 2 1 3 6 6 4 1 6 4 3 6 4 2 2 1 1 1 1 0 0 0 0 0 0 0 0 0 0 0 0 0
21 16 44 6 6 21 3 3 29 32 8 27 11 37 14 26 22 12 8 18 26 34 16 8 18 21 15 20 46 46 32 7 8 13 31 20 18 5 49 31 30 24 12 17 36 31 22 14 25 32 25 8 40 24 17 44 27 9 17 8 7 13 7 5 2 1 1 0 3 7 6 2 2 4 3 5 3 2 4 2 1 1 0 0 0 0 0 0 0 0 0 0 0 0 0 0
9 22 35 21 3 2 19 7 2 7 18 13 6 10 26 15 9 5 8 11 23 22 46 31 25 24 23 21 56 66 36 22 10 24 37 28 45 19 6 52 22 34 32 29 16 16 22 29 25 29 13 6 13 6 4 19 12 10 9 4 5 9 6 5 4 2 1 1 1 2 4 2 4 4 5 6 6 3 1 1 1 0 0 0 0 0 0 0 0 0 0 0 0 0 0 0
31 21 53 28 36 10 3 44 8 16 44 11 27 21 10 34 9 8 8 8 7 19 33 29 26 33 30 29 43 72 72 48 20 16 60 46 46 30 13 26 64 23 22 55 34 34 26 33 33 17 11 4 4 5 4 5 11 7 5 3 2 3 4 6 2 2 1 1 1 0 0 1 2 1 1 1 2 3 1 1 1 0 0 0 0 0 0 0 0 0 0 0 0 0 0 0
39 27 21 41 17 24 31 9 56 28 45 63 39 46 28 14 12 11 16 37 13 32 54 43 29 31 34 26 17 21 65 53 35 25 23 56 35 25 19 12 18 47 16 15 17 21 23 32 50 27 38 13 7 6 4 4 4 3 3 9 3 1 2 1 1 1 1 0 0 0 0 0 0 0 0 1 1 1 1 1 0 0 0 0 0 0 0 0 0 0 0 0 0 0 0 0
13 52 40 48 36 44 58 47 24 19 10 7 15 11 15 39 24 14 29 7 49 19 61 65 30 34 38 25 15 6 13 41 59 34 13 36 44 19 42 31 23 13 38 40 22 21 36 25 37 20 39 15 6 5 4 3 3 2 1 3 3 2 1 0 0 0 1 1 0 0 0 0 0 0 0 0 0 0 1 0 0 0 0 0 0 0 0 0 0 0 0 0 0 0 0 0
11 12 4 22 24 4 7 5 25 16 37 36 36 41 18 21 39 34 30 27 19 15 55 80 53 46 42 44 24 8 8 9 52 32 36 30 51 17 43 47 33 15 12 37 27 36 27 25 30 12 4 5 9 7 6 4 1 1 0 0 1 0 0 0 0 0 0 0 0 0 0 0 0 0 0 0 0 0 0 0 0 0 0 0 0 0 0 0 0 0 0 0 0 0 0 0
9 15 11 5 6 14 11 10 10 28 16 24 18 11 19 37 14 12 21 39 21 69 40 64 68 47 57 46 48 21 10 13 8 27 35 39 47 20 44 27 33 33 25 20 35 24 24 38 30 21 15 6 8 3 3 3 1 1 0 0 0 0 0 0 0 0 0 0 0 0 0 0 0 0 0 0 0 0 0 0 0 0 0 0 0 0 0 0 0 0 0 0 0 0 0 0
19 14 13 7 13 26 13 9 19 19 8 15 17 7 19 31 19 23 14 17 58 40 29 26 74 44 17 15 15 10 12 5 14 6 12 19 82 62 29 41 29 15 24 28 17 30 18 20 41 34 29 12 6 3 3 2 0 0 0 1 1 1 1 1 1 0 0 0 0 0 0 0 0 0 0 0 0 0 0 0 0 0 0 0 0 0 0 0 0 0 0 0 0 0 0 0
9 5 6 5 2 6 6 8 4 3 13 11 16 5 10 22 13 21 31 66 39 27 39 54 74 62 26 20 20 24 21 22 8 12 14 9 6 9 26 26 18 33 13 25 21 32 33 20 40 23 28 23 12 6 2 1 0 0 1 1 3 4 5 3 1 1 0 0 0 0 0 0 0 0 0 0 0 0 0 0 0 0 0 0 0 0 0 0 0 0 0 0 0 0 0 0
3 2 5 2 6 4 4 3 2 1 3 5 10 11 8 10 10 22 27 18 23 25 13 7 15 14 11 16 37 40 22 46 35 14 11 8 9 9 7 21 17 34 24 12 32 21 33 25 20 11 14 11 7 5 1 2 1 1 4 5 7 6 4 3 2 1 1 1 1 1 1 0 0 0 0 0 0 0 0 0 0 0 0 0 0 0 0 0 0 0 0 0 0 0 0 0
4 2 3 1 2 2 5 9 26 22 22 1 3 8 8 4 9 22 47 30 39 14 22 16 11 16 42 24 28 36 49 36 23 24 28 6 3 5 9 12 11 18 27 29 29 25 17 13 27 12 8 6 3 2 3 4 2 6 9 6 11 8 8 5 4 3 2 3 3 2 1 1 0 0 0 0 0 0 0 0 0 0 0 0 0 0 0 0 0 0 0 0 0 0 0 0
1 1 1 1 6 6 2 14 43 47 31 29 12 4 9 15 14 30 33 16 10 14 30 23 19 21 34 17 8 24 22 15 7 14 25 15 7 5 12 7 5 9 9 11 16 16 17 10 15 11 5 2 4 5 10 8 9 12 15 15 8 13 15 9 15 5 6 5 5 4 1 0 0 0 1 0 0 0 0 0 0 0 0 0 0 0 0 0 0 0 0 0 0 0 0 0
1 1 4 5 7 6 14 13 3 15 39 37 32 43 45 38 66 33 27 36 9 6 29 16 21 30 17 15 10 13 22 24 24 18 27 14 9 21 23 8 4 21 11 15 10 5 15 8 7 5 4 5 10 18 17 19 13 12 12 15 11 19 22 25 22 14 9 6 6 4 2 1 3 1 0 1 0 0 0 0 0 0 0 0 0 0 0 0 0 0 0 0 0 0 0 0
3 0 0 2 17 17 26 63 53 30 36 62 53 39 66 48 78 77 73 49 20 40 5 7 8 7 27 31 32 43 14 54 54 25 9 13 5 16 16 9 26 13 11 10 13 8 9 8 6 6 12 13 26 41 38 27 32 17 20 19 15 29 29 28 20 17 11 9 8 7 5 1 1 0 0 0 1 0 0 0 0 0 0 0 0 0 0 0 0 0 0 0 0 0 0 0
4 5 17 3 2 19 39 56 66 26 24 72 32 30 63 40 38 19 36 53 15 25 17 14 9 16 22 32 32 52 25 16 16 38 22 20 8 30 14 13 19 27 21 21 22 31 28 20 7 24 35 32 37 52 55 52 22 14 46 31 22 31 31 20 30 28 5 20 17 8 5 2 1 0 0 1 2 1 0 0 0 0 0 0 0 0 0 0 0 0 0 0 0 0 0 0
19 5 10 31 13 6 8 16 19 58 15 61 36 38 56 25 9 16 30 18 13 7 19 11 17 30 30 15 11 34 24 16 9 7 10 9 24 28 13 10 41 42 24 50 41 23 22 12 11 30 51 47 48 77 45 37 34 17 58 29 26 31 43 47 32 22 19 23 8 4 4 2 2 3 1 1 1 1 0 0 0 0 0 0 0 0 0 0 0 0 0 0 0 0 0 0
41 40 10 34 38 58 53 29 10 12 40 75 61 17 65 23 26 18 31 19 10 8 30 13 27 23 26 23 20 17 11 14 15 22 27 17 34 7 13 24 40 41 53 55 34 17 10 18 35 28 45 63 75 45 31 43 40 26 68 35 60 27 48 28 26 51 30 14 21 7 4 4 9 8 1 0 1 1 0 0 0 0 0 0 0 0 0 0 0 0 0 0 0 0 0 0
37 53 55 44 49 77 59 82 56 8 31 64 8 20 49 42 28 11 45 7 7 7 16 9 40 27 15 12 13 4 3 14 26 17 37 12 43 10 31 28 57 59 67 34 31 20 20 40 49 44 41 65 65 43 51 63 54 37 74 68 43 52 44 52 66 45 34 23 14 6 6 24 8 1 2 2 1 1 1 0 0 0 0 0 0 0 0 0 0 0 0 0 0 0 0 1
46 67 69 75 72 71 78 82 66 34 28 28 35 10 49 34 24 15 10 7 7 10 25 12 19 17 16 33 25 24 27 29 18 9 13 25 57 26 31 40 67 67 52 33 19 32 34 63 69 49 43 63 51 37 51 73 38 62 65 61 68 32 46 77 73 44 35 19 20 22 13 11 5 4 3 1 1 0 0 0 0 0 0 0 0 0 0 0 0 0 0 0 0 0 0 3
7 65 78 61 77 27 57 71 70 69 59 64 43 9 51 70 41 14 18 12 6 15 22 13 11 16 27 8 11 13 5 12 9 26 56 35 52 24 25 41 66 46 28 14 29 51 46 51 75 55 59 62 31 54 71 64 32 60 46 74 61 67 74 65 50 32 37 18 8 3 3 2 1 0 0 0 0 0 0 0 0 0 0 0 0 0 0 0 0 0 0 0 0 0 1 2
18 20 43 15 8 9 15 13 19 8 12 26 58 15 9 47 62 43 32 25 13 11 7 10 27 7 16 17 42 38 8 19 23 28 66 64 73 38 26 51 46 24 16 34 57 55 48 50 74 51 63 74 63 61 78 61 63 37 62 68 46 69 57 24 11 11 7 12 18 15 11 8 9 2 1 0 0 0 0 0 0 0 0 0 0 0 0 0 0 0 0 0 0 1 2 2
