sesion_6_simulaciones/modelos_agentes/ejemplos_netlogo/scenarios/cgcm2_a2/rob_2096.asc
NCOLS 322 
NROWS 307 
XLLCORNER 451900 
YLLCORNER 4086900 
CELLSIZE 100 
NODATA_value -9999 
[rows 0 to 72 of 307, columns 192 to 287 of 322]
10 10 6 3 11 26 10 4 5 7 10 4 3 2 5 4 3 3 6 7 8 9 6 8 17 27 15 33 38 63 30 11 12 3 2 4 8 8 5 18 24 10 11 36 35 35 21 27 32 34 18 16 16 19 12 14 10 40 8 7 1 1 1 3 3 1 3 3 2 4 1 1 1 3 4 2 1 3 11 2 1 2 3 5 4 4 8 5 4 4 1 2 3 16 2 0
9 5 6 6 11 21 4 8 17 10 7 6 11 10 6 6 11 2 6 10 14 9 6 7 9 38 14 19 13 27 65 39 8 5 3 2 4 7 15 11 22 7 4 13 17 19 28 21 29 57 70 36 15 12 10 13 19 28 25 2 2 1 4 2 3 2 3 2 5 1 0 3 1 3 9 3 12 6 3 5 3 5 7 5 4 2 6 7 6 5 2 4 3 4 2 1
3 8 4 4 19 11 8 4 2 8 9 11 19 24 12 24 15 15 24 29 31 16 13 10 5 9 8 3 4 10 14 42 34 9 10 5 4 3 9 3 2 4 20 35 29 39 31 28 44 40 46 25 29 13 20 38 9 12 12 4 4 3 4 2 1 4 1 2 2 3 1 2 2 3 19 3 26 9 3 8 3 3 6 8 5 1 3 4 7 4 3 8 3 9 1 0
5 4 17 34 13 6 6 7 8 21 9 17 32 22 21 36 27 14 25 42 37 38 33 22 18 13 2 4 5 2 6 13 5 9 8 8 9 3 4 3 10 19 10 10 20 45 34 29 9 14 10 8 8 23 16 23 17 6 8 10 10 2 2 3 1 6 3 4 16 3 4 4 1 1 9 4 6 6 7 8 4 4 7 12 6 1 3 9 12 4 7 5 5 12 1 0
4 3 9 2 19 21 15 18 24 16 24 11 18 22 26 40 27 34 42 51 50 35 30 34 23 34 21 33 26 7 4 1 6 4 5 9 3 1 3 5 9 9 15 20 15 20 14 20 33 40 37 23 14 10 45 39 8 9 3 3 8 5 2 3 2 7 3 2 2 1 1 1 2 1 5 4 4 10 23 29 17 3 4 11 12 8 1 6 7 15 8 5 7 16 3 0
5 4 11 7 4 6 26 7 23 20 20 25 9 25 35 39 55 45 16 26 34 25 19 31 31 35 21 35 30 13 14 8 3 3 2 1 1 2 1 2 6 12 17 30 45 54 51 51 34 17 18 15 36 32 71 32 11 11 2 15 18 10 5 4 2 7 2 2 5 4 6 5 4 4 3 5 10 9 11 6 9 22 15 10 14 9 2 5 8 8 3 6 6 6 3 1
4 2 3 10 5 4 31 7 5 14 17 60 29 12 34 53 41 51 21 8 18 33 39 53 29 31 37 28 33 31 26 20 21 19 12 3 6 8 4 1 5 11 22 29 54 31 28 38 46 31 42 72 26 43 59 21 12 18 8 13 15 9 6 8 7 4 6 8 8 2 5 5 5 9 10 5 1 6 13 14 9 21 12 6 4 14 5 4 5 4 4 8 12 14 2 2
2 2 2 4 13 11 21 35 7 3 9 15 53 11 5 18 11 24 27 15 11 27 13 33 27 25 32 23 37 35 34 34 33 34 32 16 23 12 5 3 6 24 34 41 45 42 47 66 78 70 65 25 57 48 54 26 9 3 6 7 6 3 2 1 1 4 3 3 12 4 4 3 6 9 10 6 2 10 17 8 25 42 24 6 3 21 10 5 5 13 9 14 24 10 4 2
6 5 6 3 9 7 18 43 44 16 7 8 20 40 20 13 9 34 42 26 20 39 11 23 52 37 31 37 39 48 48 47 49 47 34 32 18 9 3 6 14 21 34 38 65 56 38 56 66 71 46 38 71 49 46 14 5 22 29 13 13 7 14 5 4 17 4 5 2 2 4 4 6 8 6 3 2 5 6 14 25 35 18 12 5 7 8 4 4 16 13 19 9 19 5 10
4 5 7 5 4 3 14 13 51 29 26 15 15 28 33 15 15 13 48 43 42 52 19 23 46 42 36 31 26 43 11 31 53 55 43 21 12 10 5 6 7 14 27 37 57 29 26 67 43 33 26 84 59 53 27 13 17 29 20 24 13 48 32 6 13 3 5 7 7 2 3 7 8 5 4 2 2 5 21 7 4 20 21 20 11 4 11 3 5 7 8 25 15 15 9 29
5 6 8 10 5 3 2 2 6 21 13 10 9 37 24 17 28 7 17 46 32 58 64 25 34 30 61 38 15 37 49 17 7 7 15 36 20 12 7 7 12 15 36 60 23 52 56 59 20 27 71 76 46 49 17 12 15 18 11 21 46 54 9 6 4 4 5 5 9 6 13 8 10 9 6 4 2 2 5 10 10 36 62 21 27 10 6 9 3 10 25 8 15 9 11 59
13 9 5 8 9 8 6 4 3 4 6 7 14 16 16 14 13 29 22 25 53 60 55 38 8 23 55 45 23 23 51 52 13 5 6 9 29 14 1 6 31 38 42 22 12 13 45 14 25 61 84 74 48 29 10 28 20 12 15 64 42 26 4 4 5 4 11 6 5 9 8 9 12 18 15 12 5 3 10 8 13 62 26 47 25 20 9 5 4 18 15 8 24 6 28 61
19 12 11 23 19 21 19 11 22 14 15 12 7 7 9 10 14 50 44 23 19 43 40 37 10 25 38 34 29 13 13 32 12 4 1 3 13 19 3 8 27 31 29 45 43 39 67 17 40 78 71 42 10 28 45 45 39 44 68 60 4 6 5 3 3 2 3 3 7 4 2 5 15 22 25 14 7 1 9 16 47 38 11 26 36 23 15 3 4 17 13 11 28 7 31 35
45 37 24 36 32 27 20 21 20 24 27 36 17 17 12 13 12 9 10 11 21 20 12 21 18 29 31 34 14 8 11 22 21 15 2 2 7 15 11 15 14 27 26 15 17 58 35 24 58 45 30 10 21 36 35 34 50 53 34 4 14 16 10 5 5 2 2 1 5 4 9 19 14 11 15 17 8 2 6 13 41 12 9 29 59 26 20 10 4 7 8 13 16 9 27 20
9 43 40 52 38 33 17 24 13 15 30 27 24 29 33 36 34 21 8 10 9 8 6 18 22 23 17 13 5 3 12 15 15 11 3 2 10 19 22 14 13 16 24 15 9 21 19 24 28 24 7 14 23 28 33 35 34 6 17 18 20 11 20 44 36 27 15 4 5 9 18 9 17 20 10 9 6 2 8 17 21 9 5 50 62 61 31 34 18 4 7 12 10 13 36 28
23 42 58 25 42 66 35 15 29 22 18 31 31 41 49 42 41 21 18 21 16 10 6 5 19 14 5 4 2 3 3 14 20 22 15 6 9 13 15 19 13 15 15 11 5 8 31 35 20 12 25 18 17 27 24 27 8 30 22 19 23 41 47 28 30 34 7 4 10 2 14 36 14 12 16 23 24 15 6 18 20 10 3 8 33 63 16 11 16 19 4 18 8 12 39 38
60 18 66 37 40 58 73 75 32 11 22 23 46 41 43 39 48 44 37 37 37 36 22 11 7 9 18 18 12 8 2 2 4 9 15 12 12 14 13 22 14 13 11 10 7 5 8 8 20 40 24 44 35 23 14 28 30 29 25 17 40 38 52 33 31 14 5 15 7 13 9 3 25 6 20 30 38 25 19 6 33 18 11 3 10 38 52 15 5 9 4 4 12 19 14 18
31 9 55 28 56 58 69 31 73 69 47 49 47 20 23 26 42 49 40 39 38 39 37 20 17 19 33 27 21 15 3 2 2 2 5 9 11 11 12 14 14 13 8 5 2 11 24 40 41 34 35 53 45 42 21 27 24 44 39 33 61 49 40 23 10 11 12 16 11 7 4 4 19 18 26 34 32 40 30 10 7 16 16 12 4 18 28 21 16 3 8 1 11 16 7 7
34 27 41 39 30 57 64 33 43 75 43 66 81 57 37 31 47 62 66 56 56 42 26 20 31 22 36 32 45 18 20 18 20 11 8 5 8 6 12 11 6 5 2 4 18 28 44 42 35 39 48 51 42 28 42 41 38 35 30 36 54 24 9 4 9 9 7 36 14 5 7 4 19 25 4 14 43 30 42 37 8 6 32 19 12 4 18 23 21 10 2 2 16 7 2 2
40 14 25 41 28 43 75 39 25 62 69 79 82 70 74 61 24 41 44 61 44 39 39 34 37 34 34 44 44 44 32 27 25 24 20 11 7 6 4 5 2 2 11 18 43 39 41 50 30 48 52 37 49 43 42 36 9 6 17 35 61 28 6 15 21 14 29 25 12 11 8 2 5 26 18 4 14 21 35 40 37 11 11 24 16 6 3 13 25 17 2 1 8 1 8 14
73 33 35 37 12 37 68 40 58 44 67 54 75 42 57 63 28 20 43 67 45 57 40 25 55 47 36 30 38 35 29 18 25 22 28 21 15 7 4 1 2 6 22 40 45 47 27 24 48 64 41 41 53 57 66 51 23 15 21 39 50 9 9 20 20 10 13 4 13 19 11 2 3 11 28 13 5 8 64 29 30 14 5 14 15 4 6 17 11 11 1 1 2 2 18 31
56 17 45 46 19 14 41 71 22 49 80 75 80 60 53 31 32 10 24 73 69 50 38 37 26 29 13 13 21 21 28 26 18 17 31 25 16 15 8 3 5 16 28 34 25 39 34 49 45 40 28 37 36 67 66 66 54 39 26 31 17 6 13 19 23 21 14 7 10 18 7 3 3 9 28 16 6 8 20 39 32 24 10 6 20 6 11 14 8 3 3 11 4 8 26 38
74 25 68 73 42 29 31 51 25 28 82 69 59 35 19 41 35 31 12 27 36 58 74 74 48 20 38 25 13 19 18 15 10 13 21 33 24 10 4 1 4 21 37 39 18 22 11 26 13 16 12 28 42 25 46 68 38 21 14 57 18 6 13 14 11 15 34 13 17 5 4 4 9 22 42 18 9 14 23 58 31 15 9 4 9 14 11 14 5 3 9 35 15 16 14 28
69 60 52 75 25 39 43 57 54 28 29 24 31 61 29 21 49 46 26 37 42 44 71 59 55 25 34 39 27 10 12 12 11 11 13 17 24 10 5 1 6 9 8 19 14 9 16 16 24 21 14 27 18 25 23 14 9 19 48 36 6 12 15 10 15 35 13 11 18 8 3 6 10 24 28 13 17 12 30 47 35 40 19 5 4 7 11 14 3 5 11 9 27 29 14 17
44 35 53 52 39 20 52 66 43 19 38 25 28 51 55 34 40 48 41 21 22 31 40 34 31 22 30 46 41 20 11 9 8 8 9 13 8 17 6 1 3 9 20 24 28 36 39 34 26 28 37 16 9 5 6 11 18 22 60 27 6 24 12 8 23 46 15 22 24 11 7 8 16 36 22 14 28 16 24 41 34 35 34 21 6 3 11 6 2 18 19 17 16 17 40 13
24 34 21 51 28 14 60 68 45 22 19 29 28 20 49 49 29 22 33 33 17 18 29 32 29 24 17 38 58 18 14 9 4 2 3 3 10 7 13 3 5 10 11 15 28 29 39 18 16 30 27 36 26 35 21 21 26 48 51 4 9 16 8 5 21 33 21 18 18 13 6 6 21 45 15 28 29 15 11 24 25 34 24 11 12 3 3 7 16 31 30 28 31 17 10 31
18 22 14 16 12 36 56 50 31 17 10 20 18 11 11 33 36 34 30 32 17 15 19 23 10 14 16 15 19 29 24 7 4 2 2 4 7 5 10 5 3 4 6 12 18 21 14 18 28 24 38 32 26 32 38 54 66 75 27 5 11 11 6 12 48 27 10 19 26 13 8 6 17 46 16 16 20 25 6 14 24 35 14 11 4 3 6 20 35 35 32 23 26 36 42 14
13 11 6 4 5 6 9 14 11 7 5 5 4 3 5 9 13 11 19 27 15 14 12 10 6 6 19 16 15 17 24 17 16 7 3 3 5 3 10 3 4 2 5 7 10 13 27 22 17 43 26 29 30 33 46 73 62 46 7 15 18 9 19 33 73 17 30 14 14 16 14 10 27 48 25 15 20 30 7 13 23 32 21 26 12 2 7 17 18 12 10 7 7 9 17 20
5 7 9 8 4 1 2 2 3 2 2 1 1 2 2 2 3 2 4 8 10 8 8 4 5 7 19 15 13 10 11 11 7 6 9 5 3 3 5 3 3 9 24 27 27 28 41 57 20 39 24 22 24 23 67 59 30 6 16 22 17 12 27 58 22 11 29 14 16 19 14 7 18 40 61 31 26 22 9 11 24 38 31 20 9 1 7 8 6 15 14 18 17 12 10 20
10 18 15 25 15 7 5 4 5 15 15 15 17 18 28 18 16 15 4 1 3 2 2 3 2 10 10 8 9 6 5 3 9 7 5 5 2 1 3 4 11 26 28 27 32 44 44 29 48 31 23 19 26 30 67 26 12 17 25 23 16 14 29 62 20 11 12 23 16 7 6 10 37 45 23 46 34 24 9 6 33 29 38 19 8 2 8 17 28 34 16 24 29 22 15 5
17 29 28 32 25 8 9 28 19 29 29 37 32 34 34 36 32 30 27 15 9 6 6 3 1 1 2 4 8 4 4 4 5 6 5 3 1 1 3 9 26 29 29 46 48 54 51 39 43 58 54 48 32 45 30 14 5 29 22 24 10 15 42 52 21 9 15 22 19 15 4 11 48 19 18 57 48 31 14 6 19 16 33 18 4 5 16 16 18 26 19 17 8 8 9 17
31 31 31 35 22 18 18 35 32 32 32 35 51 38 46 47 37 32 29 31 20 32 27 12 10 8 4 1 2 1 1 1 2 5 4 1 1 3 9 30 29 31 34 35 48 53 57 68 50 51 34 74 56 30 36 29 11 27 29 39 28 21 50 15 7 24 32 14 26 13 4 11 18 22 14 59 33 31 15 10 23 20 19 16 4 10 33 35 35 21 14 6 11 11 10 18
49 46 34 47 36 21 22 27 28 33 52 50 50 54 51 35 36 33 33 33 32 36 34 26 22 23 11 8 5 6 9 14 5 2 2 1 1 3 9 27 27 30 29 38 51 51 62 63 48 51 33 22 44 42 51 10 27 30 21 33 21 24 33 38 36 19 14 11 39 28 11 7 23 18 30 63 31 29 25 11 13 20 18 7 11 22 32 52 49 41 35 17 17 23 26 58
46 48 53 38 36 35 24 35 47 53 56 48 51 40 49 41 37 38 33 48 44 48 33 29 26 40 25 21 12 12 34 13 8 3 1 0 0 3 8 17 15 19 27 32 41 58 34 15 65 56 44 31 47 54 10 9 21 23 20 32 40 42 46 21 15 13 22 17 16 24 19 11 30 24 31 43 40 46 27 12 10 18 10 8 20 23 21 20 12 11 11 20 25 28 64 70
42 44 53 53 52 25 24 37 48 56 54 47 48 46 45 46 36 59 51 51 31 25 26 31 32 30 25 24 24 29 12 10 5 4 4 4 2 2 6 18 17 28 42 32 22 28 22 38 37 45 45 16 33 7 14 8 12 16 16 29 49 53 28 46 28 13 14 14 15 27 34 13 16 22 36 39 44 27 23 13 7 12 11 14 30 13 13 19 30 31 25 22 15 54 40 51
53 68 55 26 47 25 39 37 62 49 44 45 42 61 65 48 52 50 38 54 36 35 20 45 48 28 27 28 50 18 8 9 8 7 11 5 5 7 9 14 27 34 44 18 26 28 27 40 37 34 25 18 22 7 14 7 16 30 33 42 32 21 36 49 17 9 8 10 24 22 21 14 11 22 25 49 50 35 26 13 6 7 17 32 42 40 30 23 27 18 15 42 49 63 42 23
58 72 36 37 57 31 28 56 52 61 31 47 62 52 68 53 33 24 54 44 43 38 15 52 22 20 32 47 18 10 13 20 18 16 13 13 12 10 3 6 18 29 17 16 16 34 63 59 49 33 28 17 14 13 20 25 32 21 17 18 18 26 30 50 21 11 13 13 11 10 14 19 9 22 38 35 30 44 28 13 6 22 39 27 35 50 44 45 37 36 16 36 37 37 44 19
43 60 28 29 53 30 32 59 47 56 21 42 61 45 64 35 33 37 51 57 50 27 30 19 23 39 61 14 12 24 22 22 23 20 16 14 11 11 4 4 3 5 9 16 31 57 60 43 64 27 22 13 27 21 25 15 12 7 19 20 15 33 31 26 12 45 50 40 29 29 19 20 10 19 24 20 29 34 16 5 12 36 53 59 54 59 60 51 37 37 34 44 18 11 41 28
46 23 26 24 44 21 26 53 66 48 17 48 59 54 51 57 31 49 72 59 42 22 42 26 45 52 14 16 29 29 21 21 36 24 30 17 15 17 18 10 11 10 9 23 60 42 60 24 31 47 17 19 35 27 24 20 13 21 51 48 37 36 69 34 43 34 46 48 26 21 21 21 12 9 15 26 17 26 7 3 17 29 28 44 41 22 39 13 9 11 7 65 47 25 21 11
72 47 33 20 33 17 38 49 73 35 20 32 45 52 55 31 29 77 51 17 21 49 45 39 47 28 28 32 45 46 28 36 35 33 16 28 19 31 21 20 12 6 2 6 33 31 34 15 10 10 7 19 26 35 26 40 42 40 26 35 56 44 29 55 46 43 19 37 66 31 18 13 11 5 11 16 12 19 10 10 24 36 33 33 26 13 18 22 32 52 65 85 60 29 21 10
52 53 22 29 30 14 25 41 50 29 14 29 57 58 27 48 37 44 18 14 27 60 70 57 44 48 35 34 47 34 30 59 41 18 18 32 23 37 32 18 16 10 7 6 2 5 3 4 11 24 39 37 46 43 40 46 33 27 48 71 73 70 48 56 12 74 61 22 23 62 60 44 30 16 4 13 13 8 6 10 25 22 19 31 21 23 46 53 37 34 47 69 41 31 23 13
42 24 13 24 19 19 11 29 36 18 11 22 52 46 35 37 23 15 5 24 44 58 48 25 25 16 16 54 49 35 48 49 32 18 25 34 36 37 37 11 14 11 14 12 12 5 2 7 17 21 33 31 41 37 29 28 37 55 40 84 74 44 39 79 54 34 72 39 23 17 33 37 45 43 23 13 8 8 5 10 29 25 17 20 29 41 51 49 46 61 45 60 53 45 27 11
30 17 7 20 12 13 8 11 16 6 5 15 22 13 18 24 7 13 10 29 53 25 24 30 20 23 18 55 52 36 66 47 22 31 30 43 44 56 44 25 23 9 20 17 13 7 3 4 16 18 16 24 42 33 49 53 29 56 63 82 29 11 43 77 44 50 38 72 39 12 18 24 42 35 37 34 12 6 3 8 21 24 21 18 22 37 69 44 34 75 47 48 54 23 15 12
11 6 4 10 5 4 6 4 11 10 8 11 10 9 21 27 22 31 16 27 42 26 27 30 23 21 22 53 51 37 61 41 37 37 35 50 48 49 23 29 43 31 23 13 7 3 1 1 8 19 18 32 45 37 35 43 23 42 70 44 30 18 65 79 62 23 19 27 55 29 19 17 21 16 42 22 16 7 4 7 15 22 28 20 49 64 78 51 47 75 45 22 29 46 17 7
4 1 5 6 4 10 11 36 30 61 50 49 9 20 31 31 41 16 18 39 33 22 25 16 22 29 20 45 48 56 43 40 35 40 41 54 68 49 34 31 62 47 12 7 7 3 1 2 14 19 38 37 38 39 23 25 44 69 80 36 26 29 44 78 71 53 25 8 48 49 34 17 18 18 52 21 11 7 4 16 21 30 29 36 42 31 35 30 45 43 58 45 46 41 11 2
2 2 3 5 36 35 46 54 28 36 48 54 58 43 14 20 14 12 18 18 11 20 19 25 37 31 29 60 48 72 38 40 37 47 52 68 72 43 46 42 56 32 19 12 10 14 10 1 7 23 19 29 25 20 19 37 54 66 58 51 27 27 32 86 57 52 51 8 38 59 50 17 15 18 23 39 16 5 5 19 19 31 47 51 42 32 35 24 33 34 42 32 24 11 4 7
4 7 2 3 8 13 37 12 14 16 35 46 25 44 16 14 15 30 25 14 15 20 21 30 55 37 30 54 53 47 31 46 37 48 45 63 51 44 60 34 21 19 32 30 24 24 15 6 3 9 28 21 21 31 29 13 40 37 48 78 43 39 52 66 53 16 49 26 33 40 37 35 22 12 10 70 17 4 7 15 28 33 26 59 39 34 34 26 25 15 16 12 9 10 13 26
13 30 7 7 19 17 27 23 17 37 41 35 50 64 60 31 41 30 18 15 25 25 30 28 42 30 29 53 52 27 39 40 41 45 59 67 57 49 25 14 15 29 31 31 42 30 27 8 3 2 9 22 25 35 35 22 40 43 31 46 46 48 53 66 71 20 37 38 28 53 41 24 30 20 18 22 16 3 7 14 23 30 47 61 37 39 32 26 36 12 9 6 8 15 26 29
8 27 48 17 5 10 20 26 49 35 26 27 66 30 34 79 72 11 21 22 27 24 31 25 30 27 33 57 42 35 37 36 46 61 65 43 21 20 32 32 41 40 37 29 44 45 32 12 3 1 2 35 25 20 40 29 46 37 32 36 43 33 35 50 79 20 18 33 24 27 34 22 20 18 16 16 11 7 5 13 19 27 67 45 21 17 18 22 19 3 4 13 14 21 27 23
39 42 47 51 16 4 12 47 51 43 9 11 31 39 65 70 54 67 69 35 18 42 36 14 28 23 41 37 37 34 37 31 50 65 73 37 36 30 48 46 63 67 50 52 63 37 20 7 1 1 2 4 7 12 42 31 51 47 32 30 29 16 7 24 61 36 22 23 23 22 22 32 22 19 13 12 8 6 6 15 24 29 34 28 16 15 9 10 4 12 13 16 30 35 24 23
22 14 27 69 13 17 13 14 19 25 19 6 25 74 80 72 53 37 62 47 45 56 42 21 33 34 54 52 49 58 39 41 47 50 46 28 34 44 47 54 26 28 60 79 35 25 21 8 2 2 4 3 3 5 19 44 48 62 30 31 30 16 10 47 65 33 35 23 22 23 28 32 17 11 15 13 10 6 8 17 19 34 28 14 11 7 9 18 18 29 32 34 33 35 17 19
12 29 24 72 70 13 20 13 17 16 23 11 36 42 44 52 65 78 46 15 43 13 59 74 88 73 65 45 67 51 61 36 34 19 71 55 59 52 31 31 13 3 56 54 50 37 33 20 9 15 16 11 4 1 3 11 14 30 16 24 22 13 16 34 47 51 33 23 26 7 10 14 21 10 7 7 10 5 6 11 20 21 21 15 7 12 25 26 35 28 29 47 38 27 22 17
9 23 21 31 72 57 31 14 15 18 17 17 35 62 71 73 31 75 69 28 52 48 25 43 58 39 51 30 62 21 14 39 24 23 48 85 70 48 30 72 39 39 48 50 61 40 23 20 29 32 23 12 2 1 2 2 2 8 6 25 21 12 26 40 38 52 37 22 18 16 16 16 14 10 8 4 8 5 2 5 8 10 14 11 7 18 22 28 33 30 32 27 60 30 19 11
4 10 18 4 26 81 29 20 11 11 18 24 21 33 44 53 61 72 51 53 61 39 13 47 61 36 38 37 43 62 44 58 46 30 38 76 85 90 89 85 73 59 57 66 62 44 39 35 55 23 15 16 14 14 10 9 5 3 2 6 7 11 16 41 39 42 37 27 18 16 11 9 9 6 6 3 3 3 2 3 4 6 3 4 5 5 10 24 35 15 19 33 31 28 13 25
9 7 13 44 29 58 75 32 34 15 9 13 17 23 54 41 67 79 15 25 72 60 24 13 76 77 47 32 48 61 28 30 38 30 27 57 79 82 75 49 69 68 43 48 54 56 70 70 46 13 27 34 31 28 30 41 38 12 5 6 4 5 9 12 23 50 29 24 12 17 11 6 7 7 5 3 3 2 1 3 2 6 10 14 19 12 15 16 29 28 23 24 26 25 36 37
19 6 5 28 55 63 81 65 30 28 22 18 18 26 24 16 47 35 26 62 87 38 21 14 21 66 35 47 42 60 60 43 49 47 46 82 71 49 40 32 43 23 21 75 47 69 81 78 53 44 53 44 43 31 25 9 14 11 8 6 5 6 9 11 8 22 29 24 19 14 7 3 4 4 4 4 3 1 1 2 4 7 8 14 23 34 34 34 39 34 26 31 29 25 22 34
30 23 20 11 16 21 32 68 33 46 31 20 16 22 39 18 42 27 53 40 82 39 25 22 13 31 34 43 19 60 66 36 39 43 57 76 73 35 25 38 34 26 27 43 59 47 45 30 36 41 37 41 38 40 41 13 9 16 7 5 5 5 8 7 5 13 22 23 17 7 5 2 3 3 4 3 1 1 1 4 5 8 17 22 10 8 24 59 26 39 40 39 40 29 34 38
16 18 40 16 16 43 42 70 70 54 48 21 19 15 19 25 32 38 31 47 74 82 57 34 12 13 29 9 26 62 72 47 37 47 40 42 47 35 26 33 30 28 28 31 67 43 45 30 22 20 25 11 14 13 27 20 6 16 7 5 3 4 4 5 5 10 14 11 10 5 5 3 3 2 2 1 1 1 3 3 5 7 7 8 7 20 43 48 51 52 47 40 43 52 39 44
33 30 15 12 16 26 38 53 69 50 38 32 15 10 15 27 13 20 39 79 71 75 60 51 33 10 39 36 13 20 57 40 48 42 21 25 35 59 28 25 30 22 16 27 50 45 52 36 28 22 21 16 6 9 16 17 7 14 12 4 3 3 4 4 4 7 8 6 7 4 3 2 2 2 1 1 1 2 3 4 3 4 6 13 21 32 33 51 30 28 21 21 31 42 39 21
46 49 20 11 4 28 24 42 63 66 33 34 22 19 23 25 15 43 65 80 48 51 60 29 24 24 14 27 37 7 34 51 32 37 22 36 34 24 26 28 37 29 12 15 25 43 53 42 43 33 31 18 13 6 5 12 9 11 17 7 5 2 2 2 2 5 5 6 4 3 2 1 1 1 0 0 1 2 2 2 1 6 7 16 27 27 36 33 31 21 17 30 35 31 24 23
52 46 30 26 8 10 26 36 77 30 39 25 18 17 18 21 17 37 72 50 10 34 81 33 24 27 13 19 19 34 31 30 25 26 29 20 19 11 12 25 40 21 12 11 13 25 51 36 49 32 23 18 12 8 2 4 6 6 8 7 2 2 1 1 1 3 2 2 3 2 2 1 0 0 0 1 1 2 3 4 4 9 18 23 18 25 47 39 28 28 34 26 29 34 33 16
50 48 34 19 19 13 27 34 72 38 17 38 28 17 15 15 14 53 54 31 55 60 73 58 32 20 25 41 16 48 35 32 32 21 36 18 23 19 7 19 13 11 14 28 39 43 49 40 60 59 46 33 15 11 3 2 4 6 6 7 4 2 1 1 1 1 1 2 2 2 2 1 0 0 1 2 2 3 3 4 4 8 10 10 18 24 27 37 43 43 42 34 35 19 32 28
43 34 30 21 21 23 14 24 42 69 37 21 31 18 16 15 19 43 36 43 35 49 72 56 37 47 21 28 31 54 31 23 28 28 16 11 20 18 15 15 6 7 15 53 34 28 49 31 49 53 60 38 24 17 6 3 2 3 4 4 4 1 1 1 1 1 1 2 2 1 1 0 0 0 1 1 2 3 4 4 6 8 16 13 15 13 29 35 32 31 32 51 35 41 54 33
38 42 25 20 25 22 21 27 31 49 52 20 17 17 18 19 19 21 29 37 40 54 79 53 47 30 43 25 29 47 28 11 17 18 23 10 13 16 11 7 5 11 35 55 16 32 36 21 42 41 41 47 36 29 22 14 3 1 2 2 2 2 1 1 1 1 1 1 1 1 0 0 0 1 1 2 2 3 6 4 10 12 12 8 8 14 19 14 26 38 28 35 29 16 27 28
83 62 45 18 15 23 19 23 28 43 53 35 28 22 23 18 17 21 23 18 46 43 70 53 29 25 29 32 27 19 39 16 15 17 14 19 13 14 6 8 25 28 35 15 16 28 18 21 28 38 50 46 59 45 32 25 14 3 1 1 1 1 1 0 0 0 0 1 0 0 0 0 1 1 2 2 1 1 2 2 5 5 7 6 4 7 10 12 18 24 34 48 30 25 27 8
51 81 68 44 24 15 14 22 30 35 70 44 32 20 14 13 15 10 17 19 34 39 56 61 32 23 19 21 27 28 26 37 22 11 11 20 14 7 3 12 21 45 26 15 21 22 18 16 30 39 26 29 36 43 41 26 17 12 5 1 1 1 1 1 0 0 0 0 0 0 0 0 0 1 1 2 1 2 4 3 4 4 4 5 7 10 12 11 17 30 32 36 26 24 22 29
23 85 36 77 59 45 16 18 20 40 59 36 27 16 13 10 6 7 18 21 36 51 38 56 47 33 26 19 18 25 23 33 25 20 9 17 7 3 7 8 29 28 30 11 13 22 8 12 32 41 22 22 30 29 62 39 28 15 10 2 1 1 1 0 0 0 0 0 0 0 0 0 1 1 2 3 2 4 5 6 4 3 4 6 13 13 10 10 24 24 26 16 20 30 26 23
44 49 35 74 54 58 37 11 15 19 41 39 18 17 11 6 6 8 17 32 15 14 56 59 63 52 41 38 14 11 12 19 15 14 6 6 3 3 5 8 27 13 12 10 9 29 9 12 41 41 30 12 8 7 45 31 29 16 7 4 2 0 1 0 0 0 0 0 0 0 0 0 0 1 2 3 4 5 8 9 12 19 12 17 17 15 11 10 16 17 19 27 38 38 36 30
53 49 44 40 50 32 64 25 9 9 21 28 19 11 9 5 4 12 15 16 30 57 68 68 74 55 43 26 22 13 20 22 16 13 11 8 5 4 10 18 13 10 8 7 13 34 20 21 49 45 46 16 5 2 10 10 18 17 6 3 2 1 0 0 0 0 0 0 0 0 0 0 0 1 1 2 5 9 17 12 18 23 30 22 18 17 11 14 27 17 16 20 21 14 19 18
56 45 52 41 48 21 34 47 9 7 19 23 29 11 5 3 4 6 19 29 51 55 68 60 65 69 37 26 23 20 17 14 12 11 6 3 3 3 5 18 12 7 6 6 6 12 14 12 37 49 33 18 20 5 6 11 5 7 6 6 2 1 0 0 0 0 0 0 0 0 0 1 2 2 2 3 5 11 10 26 29 26 22 29 23 24 24 41 28 11 13 9 15 29 26 27
51 59 63 45 25 21 22 23 15 6 13 18 23 8 3 1 4 11 30 54 38 26 59 52 50 62 44 26 24 19 15 11 9 7 6 3 2 4 14 18 8 5 4 3 5 18 5 13 45 19 29 16 12 8 6 7 9 6 5 3 2 1 0 0 0 0 0 0 0 0 0 1 1 2 2 6 8 17 20 21 38 47 46 49 51 41 41 39 27 20 18 22 14 16 30 25
31 28 38 41 22 24 14 13 16 9 5 10 11 7 2 1 7 15 25 26 31 27 48 69 31 37 31 38 16 13 11 9 8 8 7 2 2 9 22 6 3 2 2 3 7 11 13 50 62 11 6 24 12 7 5 5 8 6 4 2 2 1 1 0 0 0 0 0 0 0 0 1 1 2 2 4 8 6 6 16 25 26 30 39 56 43 53 49 37 36 23 23 35 28 22 21
15 16 16 19 20 15 14 12 13 9 4 4 5 7 2 2 5 8 13 16 24 20 17 30 27 23 21 25 11 10 8 7 5 4 4 1 6 12 6 4 4 2 1 3 6 12 22 20 48 16 5 15 16 7 7 9 6 5 3 2 1 1 1 0 0 0 0 0 0 0 0 0 1 1 2 3 4 5 4 6 13 17 26 22 51 45 60 62 44 53 46 47 39 38 28 46
