sesion_6_simulaciones/modelos_agentes/ejemplos_netlogo/scenarios/cgcm2_a2/rob_2047.asc
NCOLS 322 
NROWS 307 
XLLCORNER 451900 
YLLCORNER 4086900 
CELLSIZE 100 
NODATA_value -9999 
[rows 222 to 295 of 307, columns 192 to 287 of 322]
0 0 0 0 1 0 0 0 0 0 0 0 0 0 0 0 0 0 0 0 0 0 1 1 1 1 0 0 1 1 1 1 4 4 5 4 8 21 22 30 36 35 40 59 43 56 58 42 52 65 63 58 28 26 36 38 38 59 68 67 49 37 43 22 48 72 58 45 64 69 23 8 2 0 0 0 0 0 0 0 0 0 0 0 0 0 0 0 0 0 0 1 1 1 1 1
2 2 1 1 0 0 0 0 0 0 0 0 0 0 0 0 0 0 0 0 0 1 1 3 1 1 2 1 2 3 1 2 4 5 7 5 10 8 15 21 30 29 38 59 51 39 55 41 52 48 49 36 41 32 21 27 36 48 38 38 29 38 40 21 24 49 37 26 43 55 21 5 2 0 0 0 0 0 0 0 0 0 0 0 0 0 0 0 0 0 0 0 1 1 1 1
3 1 1 1 1 0 0 0 0 0 0 0 0 0 0 0 0 0 0 0 0 1 2 5 3 2 2 3 4 6 7 4 5 7 9 6 11 6 14 18 16 27 35 54 64 36 50 50 30 28 36 37 53 23 11 35 34 53 28 46 43 42 41 30 7 8 2 1 3 26 30 5 1 0 0 0 0 0 0 0 0 0 0 0 0 0 0 0 0 0 0 1 1 1 1 3
1 1 1 0 0 0 0 0 0 0 0 0 0 0 0 0 0 0 0 0 0 1 1 4 5 6 4 6 5 9 30 18 10 10 5 7 10 8 25 15 14 17 30 37 57 51 25 36 16 17 17 15 28 34 9 27 32 27 38 55 58 46 48 32 8 9 5 5 2 2 9 2 1 0 0 0 0 0 0 0 0 0 0 0 0 0 0 0 0 0 0 1 1 1 1 2
1 1 1 0 0 0 0 0 0 0 0 0 0 0 0 0 0 0 0 1 0 1 2 3 6 18 10 8 11 8 17 33 11 20 14 17 21 22 16 18 11 16 18 21 26 35 30 49 43 16 46 46 29 22 13 23 62 53 53 55 63 47 38 18 12 10 12 14 5 2 2 0 1 0 1 0 0 0 0 0 0 0 0 0 0 0 0 0 0 0 0 0 1 1 1 2
1 1 1 1 0 0 0 0 0 0 0 0 0 0 0 0 0 0 1 1 1 2 2 3 6 22 34 15 26 13 23 37 21 13 27 34 27 22 24 21 6 11 10 20 31 38 50 59 74 38 37 41 38 18 27 31 47 39 51 54 51 37 25 17 31 20 22 15 5 3 1 1 1 1 1 1 0 0 0 0 0 0 0 0 0 0 0 0 0 0 0 0 0 0 1 2
1 1 0 0 0 0 0 0 0 0 0 0 0 0 0 0 0 0 1 2 3 7 11 7 10 20 48 18 33 19 25 37 11 14 31 33 38 37 29 27 17 18 15 14 31 39 41 60 58 60 55 47 42 28 52 61 58 51 60 70 50 27 28 38 61 45 18 8 5 2 2 1 2 1 2 1 1 0 0 0 0 0 0 0 0 0 0 0 0 0 0 0 0 1 1 2
1 1 0 0 0 0 0 0 0 0 0 0 0 0 0 0 0 0 0 1 1 5 12 29 27 24 46 44 55 28 45 22 12 13 23 40 45 42 25 27 29 31 19 19 24 42 43 47 44 44 65 62 45 39 45 42 58 39 43 20 34 54 53 71 55 30 16 8 9 7 4 3 3 3 1 1 1 0 0 0 0 0 0 0 0 0 0 0 0 0 0 0 1 1 1 2
0 0 0 0 0 0 0 0 0 0 0 0 0 0 0 0 0 0 0 1 3 4 12 14 32 37 53 60 56 28 39 17 14 37 25 39 46 36 32 40 36 44 21 22 39 44 56 50 62 40 45 46 43 16 25 17 76 47 29 41 51 48 48 34 18 12 12 11 7 6 9 9 5 1 0 0 0 0 0 0 0 0 0 0 0 0 1 1 0 0 0 1 1 1 1 2
0 0 0 0 0 0 0 0 0 0 0 0 0 0 0 0 0 0 1 2 2 4 13 24 26 37 48 51 56 50 58 29 21 32 45 36 48 43 37 36 41 30 35 22 23 29 47 58 56 47 31 35 31 30 44 39 13 76 81 56 34 17 30 23 26 17 10 6 3 11 25 10 3 1 0 0 0 0 0 0 0 0 0 0 0 0 0 1 1 0 0 1 1 1 1 2
0 0 0 0 0 0 0 0 0 0 0 0 0 0 0 0 0 1 1 1 2 9 21 31 26 32 51 51 74 79 49 40 41 53 33 50 50 47 46 43 42 39 51 21 39 33 46 45 37 20 40 34 47 45 49 58 45 34 41 47 26 42 24 22 16 15 12 3 6 11 10 4 3 1 0 0 0 0 0 0 0 0 0 1 1 0 0 0 2 0 0 1 1 1 1 1
0 0 0 0 0 0 0 0 0 0 0 0 0 0 0 0 1 1 2 6 4 5 27 27 48 38 49 62 26 77 55 52 45 59 46 39 47 58 49 48 47 40 66 24 24 62 46 44 42 36 56 39 41 52 59 29 51 51 32 15 24 13 19 18 16 14 7 22 14 4 7 2 1 1 0 0 0 0 0 0 0 0 0 0 0 0 0 1 1 1 1 0 1 2 1 1
0 0 0 0 0 0 0 0 0 0 0 0 0 0 0 0 0 1 2 5 10 17 43 32 51 56 66 63 71 64 83 48 43 56 45 25 33 54 59 64 50 25 46 54 15 29 40 62 42 48 61 51 40 43 35 32 18 20 25 40 31 31 25 34 11 10 14 6 3 5 4 2 1 0 0 0 0 0 0 0 0 0 0 0 1 1 0 0 1 2 4 2 0 1 3 2
0 0 0 0 0 0 0 0 0 0 0 0 0 0 0 0 0 1 2 4 13 11 23 7 21 42 42 23 26 53 77 47 55 81 46 49 55 63 41 17 28 15 46 56 18 43 61 43 20 41 57 59 40 43 30 18 48 50 47 34 19 25 51 53 31 19 30 22 14 7 3 2 0 0 0 0 0 0 0 0 0 0 0 0 1 1 2 1 1 1 0 2 1 1 1 2
0 0 0 0 0 0 0 0 0 0 0 0 0 0 0 0 0 0 1 3 6 5 6 20 20 28 22 32 38 53 69 68 74 75 64 60 59 54 54 30 40 38 44 58 17 30 50 47 31 28 38 51 44 33 16 38 52 24 30 35 36 57 63 59 55 42 17 9 11 6 11 3 1 0 0 0 0 0 0 0 0 0 0 0 0 1 1 2 2 2 1 4 1 0 1 1
0 0 0 0 0 0 0 0 0 0 0 0 0 0 0 0 0 0 1 1 2 12 14 12 21 33 36 29 40 56 57 58 69 74 53 60 57 58 60 27 58 51 41 60 15 21 45 40 55 58 34 34 59 42 31 40 37 31 59 42 67 47 44 64 69 30 18 5 15 3 1 1 0 0 0 0 0 0 0 0 1 0 0 0 1 0 1 3 6 8 1 1 2 1 2 4
0 0 0 0 0 0 0 0 0 0 0 0 0 0 0 0 0 0 0 1 2 4 7 8 8 20 36 28 44 37 49 57 61 73 65 73 58 70 50 52 34 47 28 46 17 14 27 29 38 54 62 39 31 13 36 18 15 45 47 37 44 32 51 47 46 54 16 3 1 1 1 0 0 0 0 0 0 0 1 1 2 1 1 1 1 1 0 0 1 2 5 5 3 2 2 4
0 0 0 0 0 0 0 0 0 0 0 0 0 0 0 0 0 0 0 1 3 5 4 9 14 26 24 21 34 37 25 31 52 51 48 62 44 67 54 49 48 48 78 54 25 28 41 61 39 28 37 37 13 43 15 22 40 66 54 72 69 46 25 25 19 9 10 8 3 1 0 0 0 1 0 1 0 0 1 2 1 2 1 1 1 1 1 1 1 1 4 4 3 12 3 6
0 0 0 0 0 0 0 0 0 0 0 0 0 0 0 0 0 0 0 0 1 1 2 3 5 13 14 15 16 26 43 45 33 31 23 73 56 78 46 60 48 44 80 61 45 31 62 54 55 52 35 64 36 61 45 58 54 25 36 40 40 30 15 18 23 12 12 3 3 1 0 0 0 0 0 1 1 0 1 1 2 3 2 2 1 0 1 1 0 0 1 1 1 4 10 4
0 0 0 0 0 0 0 0 0 0 0 0 0 0 0 0 0 1 1 2 3 4 8 13 19 18 25 43 53 43 44 58 58 49 59 56 78 70 51 57 48 38 33 69 42 21 37 45 59 48 54 62 65 73 89 82 81 71 72 45 39 34 35 38 22 10 6 3 2 1 0 0 0 1 1 1 1 1 1 2 2 4 2 3 2 1 1 2 2 1 1 2 1 1 1 2
0 0 0 0 0 0 0 0 0 0 0 0 0 0 1 0 0 0 2 3 7 7 13 22 39 52 51 42 64 51 46 48 46 33 25 28 51 58 59 53 53 27 33 61 33 26 24 44 35 53 17 12 16 19 39 53 85 85 67 60 40 32 13 28 14 7 5 3 0 0 0 0 0 1 0 1 1 2 2 3 2 1 5 5 2 1 1 3 2 1 2 3 2 5 7 12
0 0 0 0 0 0 0 0 0 0 0 0 0 0 0 1 0 0 0 1 4 10 6 19 21 38 48 38 8 22 41 35 27 27 39 49 54 38 65 33 44 36 15 53 41 45 18 20 16 44 35 26 24 19 18 16 36 64 72 71 74 30 21 12 8 5 4 3 2 0 0 0 1 1 1 1 5 3 4 4 4 1 2 9 4 1 1 2 2 1 3 1 4 6 10 16
0 0 0 0 0 0 0 0 0 0 0 0 0 0 0 1 0 0 0 1 2 4 4 11 9 12 13 9 9 12 22 25 26 39 36 26 42 60 54 14 36 42 18 39 39 15 9 43 43 41 60 41 47 45 43 44 44 53 46 32 41 67 40 22 15 10 8 3 1 0 0 1 1 2 3 2 4 6 4 3 3 3 1 5 9 4 4 1 4 2 4 5 3 8 8 6
0 0 0 0 0 0 0 0 0 0 0 0 0 0 1 0 1 0 0 0 1 1 2 4 6 14 16 23 29 22 32 22 25 44 39 35 34 26 13 18 34 50 72 49 30 33 14 28 36 37 51 65 37 50 63 38 30 25 26 16 13 23 33 28 17 8 6 2 1 0 0 1 1 2 3 4 3 8 6 10 4 8 5 4 21 7 9 3 6 6 6 12 7 7 7 12
0 0 0 0 0 0 0 0 0 0 0 0 0 0 1 1 1 0 0 1 0 0 2 3 6 11 17 19 23 44 39 50 45 66 26 23 29 37 35 35 63 62 31 34 62 36 28 34 30 66 64 30 49 44 33 34 48 39 45 23 17 11 10 10 9 6 2 2 1 0 1 2 2 3 3 3 3 5 9 13 9 6 10 5 24 5 6 8 4 12 7 7 8 6 7 8
0 0 0 0 0 0 0 0 1 1 0 0 0 0 1 5 0 0 0 1 1 2 2 2 4 5 12 11 15 29 35 31 29 33 38 40 36 48 48 35 23 20 16 12 23 40 50 36 63 75 29 16 21 44 44 41 31 38 24 19 17 11 7 5 3 3 2 1 0 1 1 2 2 3 3 4 4 6 11 9 10 9 10 19 27 7 9 10 6 13 9 4 12 4 3 7
0 0 0 0 0 0 0 0 1 1 0 0 0 1 1 1 0 0 0 1 2 2 2 2 2 2 7 10 15 24 20 22 32 33 34 36 36 33 31 29 25 18 16 14 22 14 19 54 25 47 24 20 21 18 29 74 50 51 35 23 14 11 6 4 3 2 1 1 0 1 1 2 1 3 3 5 7 5 7 19 15 19 20 20 29 16 18 6 20 14 4 7 10 4 6 8
0 0 0 1 0 0 0 1 1 2 0 0 0 1 1 3 1 1 1 2 4 6 3 5 5 2 4 7 10 9 15 14 23 30 33 21 21 13 17 24 41 42 46 42 39 56 44 21 12 21 32 50 49 39 42 24 36 36 40 33 20 9 6 5 3 2 1 1 0 1 2 2 4 4 7 6 6 12 7 7 12 12 15 23 11 62 21 7 14 13 3 8 6 16 8 11
0 1 0 1 1 0 0 1 1 2 0 0 1 1 1 2 3 0 1 3 4 10 6 7 8 11 7 6 5 7 9 18 37 34 15 34 18 36 24 27 33 41 31 27 26 39 25 25 39 53 54 44 47 42 47 17 13 12 11 17 13 11 8 6 5 4 2 1 0 2 2 2 4 6 8 3 6 5 11 5 8 8 18 12 24 52 12 10 23 7 4 9 8 12 16 16
0 0 1 1 1 1 0 1 1 3 0 1 1 2 2 4 0 0 2 3 7 11 16 9 23 15 17 18 11 13 8 38 48 38 44 31 28 39 29 24 38 21 32 20 30 35 32 35 31 53 51 36 46 45 41 17 30 30 28 28 22 16 14 13 8 6 3 1 0 2 2 3 8 5 7 13 14 10 5 11 8 13 16 25 21 40 27 25 20 9 9 15 7 8 3 19
0 0 1 1 1 1 1 1 2 2 1 1 2 5 6 2 0 0 2 4 5 16 15 23 14 17 34 26 23 25 25 37 57 56 46 53 54 35 59 38 23 35 16 12 14 27 27 32 33 34 40 40 43 36 44 44 44 47 42 41 38 32 19 10 5 3 3 1 1 3 5 4 8 10 7 9 15 11 13 4 18 5 8 21 28 43 49 54 22 11 17 14 19 20 13 27
0 0 1 2 3 2 1 1 3 3 1 1 3 7 4 1 0 1 2 3 9 13 16 22 26 22 33 30 45 47 50 43 22 33 47 47 48 26 44 45 45 33 23 22 43 32 25 48 23 16 18 29 49 62 44 46 62 55 46 26 37 17 7 8 6 4 1 1 1 3 9 5 8 11 17 12 17 11 16 12 9 22 11 5 6 22 42 55 24 30 22 18 17 31 12 13
0 1 1 2 5 3 1 2 2 4 1 1 3 7 2 1 0 1 3 4 6 9 12 20 35 22 29 30 27 47 57 47 47 40 43 28 35 39 46 38 38 28 24 36 56 44 38 39 14 11 17 46 58 35 63 64 33 35 23 20 14 10 15 13 5 3 3 1 1 2 11 7 7 8 12 20 15 16 7 15 7 27 17 13 7 6 19 34 46 58 29 25 20 23 9 13
1 2 1 1 2 5 2 3 6 1 1 1 2 10 3 1 0 2 4 5 10 19 21 33 37 35 20 26 45 44 28 57 80 67 39 39 29 35 49 37 24 39 40 29 37 24 33 23 47 34 42 48 49 59 64 49 56 33 34 30 20 15 11 7 6 5 2 1 1 3 4 14 9 8 11 13 27 26 15 33 11 9 19 18 14 12 12 26 46 49 33 31 25 28 15 24
1 1 3 3 1 4 1 4 12 2 2 4 5 8 2 1 0 1 5 8 18 13 17 38 44 43 38 15 13 16 27 29 33 17 21 35 51 37 37 55 47 37 28 26 20 15 21 30 55 55 54 53 58 61 74 66 57 45 33 32 25 25 19 8 7 5 2 2 2 7 7 8 19 8 11 13 30 28 19 14 24 12 10 24 28 15 19 21 34 47 54 33 27 19 31 16
1 2 5 8 3 8 2 4 17 5 2 7 8 4 1 0 0 1 2 8 20 24 22 25 38 48 36 18 21 20 26 29 37 32 26 16 30 41 55 52 37 34 19 30 34 21 31 16 6 13 53 45 37 53 48 35 33 53 46 35 34 15 13 9 7 6 5 1 2 7 10 8 10 5 16 17 19 35 48 34 35 18 15 14 28 19 15 26 41 75 68 32 22 18 31 14
1 2 2 9 4 8 4 4 6 9 4 11 7 1 0 1 1 2 4 12 14 19 30 18 27 43 59 25 21 23 36 35 36 38 32 40 31 37 26 14 20 36 24 27 39 29 26 10 31 41 46 61 76 65 46 66 60 72 46 29 30 26 22 16 14 6 4 3 4 9 9 16 23 10 10 29 24 38 32 29 45 17 25 27 44 22 13 19 15 30 54 30 30 15 45 33
1 2 2 5 16 7 10 4 16 6 14 4 1 1 2 2 3 2 12 20 11 19 25 29 13 30 46 65 37 38 24 38 31 21 19 20 28 21 18 17 20 11 10 7 21 13 22 16 40 36 30 52 44 59 66 62 39 54 32 20 21 22 18 15 6 5 3 7 8 11 13 19 4 15 26 32 30 24 39 22 56 21 27 19 26 44 31 35 44 34 40 28 50 20 28 49
5 3 2 3 6 15 16 7 30 12 8 1 1 2 3 5 4 3 5 4 11 15 23 48 44 27 33 17 43 60 25 41 24 22 31 35 39 26 26 22 16 18 34 25 13 7 8 12 32 43 44 48 55 42 52 45 38 27 18 7 16 20 16 11 6 4 5 9 9 12 16 27 7 7 4 7 28 49 61 22 47 40 30 31 20 17 53 30 45 43 37 50 21 22 38 52
3 6 4 3 3 9 27 10 9 3 2 0 2 3 7 12 11 4 5 7 14 19 20 8 12 13 18 33 15 22 45 67 46 46 19 39 16 23 26 7 10 13 12 9 12 34 18 19 30 39 45 30 31 40 39 40 26 39 27 29 34 20 17 8 12 12 6 12 12 15 13 27 8 17 10 14 14 12 32 33 27 52 34 37 23 44 47 16 41 58 56 46 20 25 24 30
4 8 5 7 12 18 21 9 8 2 3 2 3 8 9 12 16 9 11 13 17 20 17 14 13 19 19 13 17 31 19 29 35 57 37 58 18 15 17 19 19 14 17 21 11 11 21 20 33 47 58 31 31 37 50 26 46 59 64 51 40 23 21 18 15 13 14 21 15 16 18 22 12 20 20 16 28 27 33 51 23 55 36 56 22 21 43 12 21 30 55 35 17 31 31 56
6 10 8 13 19 26 18 3 2 1 4 4 7 11 12 17 11 25 23 14 20 21 19 26 30 24 26 18 22 46 22 12 9 13 16 39 48 36 33 57 43 37 25 23 24 14 7 22 50 42 46 19 22 38 40 44 56 69 38 40 44 23 23 18 16 16 19 31 17 19 20 23 21 24 32 18 32 31 32 33 54 76 48 56 40 15 44 27 11 18 34 43 29 35 28 11
8 17 20 17 41 25 4 2 4 4 10 9 6 16 14 24 8 18 43 12 26 20 12 18 28 37 17 26 32 36 58 25 20 11 12 9 11 9 18 44 55 31 36 31 30 23 16 20 40 32 26 22 31 37 56 56 50 42 44 27 42 31 19 7 21 11 12 42 22 23 34 26 37 25 37 31 31 38 32 27 25 18 62 65 51 22 25 26 14 11 23 46 30 41 48 33
9 15 38 30 38 5 5 5 6 11 14 13 20 28 10 18 11 20 24 40 16 31 12 11 16 33 34 37 35 25 15 36 17 22 17 13 13 14 13 18 26 16 14 23 12 7 10 28 27 26 25 21 18 34 52 63 31 56 68 54 23 18 10 6 34 22 22 35 29 23 40 29 56 40 39 43 30 32 47 32 28 18 45 46 52 26 14 54 17 18 30 43 54 50 34 38
7 18 45 57 22 3 7 12 13 15 28 34 17 23 13 13 30 13 24 23 20 24 19 16 20 28 28 46 35 40 44 32 44 26 25 19 14 12 12 19 21 11 11 13 16 13 20 45 27 28 24 19 29 46 63 55 79 54 40 50 29 13 5 12 18 42 26 30 35 25 33 30 52 44 30 45 47 31 34 51 41 13 26 56 63 30 10 31 27 21 34 25 66 54 28 65
8 24 49 25 4 5 16 15 10 32 23 47 13 27 16 13 17 48 15 25 43 26 38 16 17 35 42 35 33 53 34 36 55 18 26 21 17 21 6 19 16 9 22 27 24 22 43 33 38 41 42 46 41 38 44 55 59 45 47 34 28 13 7 22 18 30 27 30 40 28 31 34 34 52 31 32 55 33 36 39 52 22 28 34 52 31 16 26 38 29 20 19 21 47 40 30
11 38 32 15 6 11 21 21 15 27 15 46 18 27 38 15 37 51 12 36 53 20 48 19 17 36 46 49 23 17 51 17 19 39 53 34 10 18 9 16 9 7 9 11 15 20 25 35 48 52 38 30 22 30 29 36 44 48 34 48 31 18 16 25 32 36 20 26 35 40 29 26 17 43 32 33 41 42 37 32 16 16 45 26 51 31 21 13 24 47 12 26 50 47 38 11
14 33 32 21 10 14 29 44 15 20 18 39 18 28 52 22 38 51 23 22 32 37 37 22 19 22 23 35 39 44 20 28 15 13 4 39 36 13 10 11 9 12 18 17 21 23 21 33 42 55 44 47 35 38 31 34 21 34 35 18 18 30 27 27 27 34 40 33 38 43 18 33 21 30 38 33 41 20 16 38 21 21 19 25 53 62 24 14 26 38 9 15 42 50 53 31
37 34 42 16 13 23 27 34 18 28 25 28 36 21 50 23 20 45 26 19 20 19 66 41 19 17 20 20 28 32 52 34 11 26 6 9 37 13 7 11 6 23 28 29 15 23 9 21 43 60 61 36 31 18 19 36 47 62 37 17 10 29 29 29 30 32 49 23 38 45 20 29 33 33 47 7 28 39 20 18 35 19 19 20 28 42 19 14 18 41 14 13 16 41 66 53
69 32 14 15 24 27 30 34 20 56 35 20 43 22 54 23 20 34 31 17 22 35 51 30 16 24 18 36 38 39 32 36 28 33 5 12 13 30 5 8 16 26 13 22 20 26 19 9 27 53 55 59 41 27 37 42 49 59 49 22 11 38 30 21 31 31 41 28 23 46 32 18 20 47 44 20 17 19 42 13 26 48 23 22 61 43 11 31 4 44 30 12 9 8 20 27
16 9 19 15 25 29 45 39 38 45 32 22 69 22 26 53 26 52 38 15 19 30 29 59 27 32 16 33 40 39 29 20 29 50 12 15 10 43 8 9 10 12 10 13 11 24 22 28 30 57 51 40 51 33 27 24 21 43 41 10 18 27 35 19 33 33 29 44 22 47 39 26 29 23 39 20 20 27 25 25 12 8 43 21 29 49 22 44 11 27 61 17 34 22 14 10
39 21 42 31 29 33 55 34 60 45 19 30 52 32 34 56 20 24 59 13 33 28 20 49 17 32 29 24 27 31 42 40 9 25 15 16 10 10 33 10 4 14 14 27 23 13 10 30 49 44 62 53 19 28 27 5 22 27 20 10 22 49 42 19 17 42 22 37 19 27 69 19 37 38 24 26 25 23 40 27 33 17 17 35 13 44 58 48 18 28 76 18 21 16 31 12
68 39 23 39 40 43 40 37 62 36 32 34 28 32 32 40 24 20 53 24 33 26 12 24 38 32 29 18 22 21 27 29 36 12 16 38 13 10 19 27 8 23 16 23 26 22 24 12 44 19 12 10 11 23 25 49 32 17 23 21 16 36 27 21 22 33 46 16 42 15 46 17 32 42 12 18 37 14 23 31 36 23 16 6 12 10 36 65 26 20 46 27 23 18 29 21
85 45 32 35 36 45 21 38 46 19 38 34 33 36 27 47 26 25 41 17 18 40 17 8 5 13 14 8 31 49 25 30 41 7 13 3 24 11 14 61 10 13 12 21 25 19 35 19 71 33 27 17 17 16 43 46 26 8 11 35 16 12 32 22 35 23 54 15 54 13 25 33 22 32 15 38 22 21 15 17 28 34 26 14 13 14 9 16 43 59 45 38 28 17 37 22
67 33 22 43 28 30 27 29 50 18 32 26 28 52 26 52 27 47 25 16 14 32 24 12 12 15 16 17 22 26 46 40 15 12 6 6 6 24 9 54 5 6 7 19 18 14 34 20 13 27 33 31 7 36 47 40 26 16 7 39 24 20 10 38 35 35 48 17 47 24 17 22 38 51 21 15 26 11 22 6 8 26 14 19 13 10 13 7 9 22 57 36 17 23 44 26
77 36 61 35 36 27 28 29 27 20 35 34 18 58 55 19 38 34 38 28 28 16 26 19 25 32 20 29 14 14 19 20 19 13 5 10 6 9 19 32 14 4 10 7 14 15 18 42 13 15 21 20 29 58 51 36 26 23 8 15 34 17 28 22 30 52 31 38 11 35 54 12 45 66 26 6 20 9 13 7 22 18 26 24 7 5 7 12 12 9 24 46 35 12 43 12
72 52 26 28 28 33 42 29 32 18 26 23 32 39 43 16 17 18 21 6 25 17 24 31 38 32 26 34 31 8 11 16 44 29 8 6 27 7 6 20 30 5 13 7 14 27 25 23 12 14 14 20 43 46 42 24 8 22 20 11 32 17 24 28 12 22 20 23 15 20 52 17 33 38 3 8 11 21 16 11 3 25 4 9 17 1 2 5 14 15 23 8 47 17 32 10
19 49 20 32 31 28 34 23 63 22 25 26 25 9 39 24 24 11 34 16 13 23 26 27 29 16 30 39 33 5 11 14 22 27 26 16 12 24 6 6 34 4 10 8 6 34 42 25 19 16 22 41 45 38 42 16 12 25 17 20 35 20 10 10 24 18 15 36 14 20 49 30 52 21 4 13 5 2 8 20 5 12 9 11 23 6 10 7 9 9 9 20 31 34 42 7
32 58 22 24 16 31 37 36 21 36 26 23 27 12 24 16 24 14 61 21 9 15 20 55 17 15 24 37 32 7 12 12 28 18 32 20 9 12 23 7 35 6 7 5 7 21 11 28 9 37 27 42 42 44 22 8 16 25 18 24 43 27 39 16 15 25 13 38 13 17 15 24 39 4 5 3 6 4 12 10 8 3 1 14 16 17 16 11 7 6 5 4 9 40 24 6
32 67 47 7 18 20 49 35 19 43 29 17 11 17 14 25 8 34 14 7 11 20 29 18 37 18 14 16 16 14 8 22 22 21 20 20 17 20 25 10 39 5 9 8 8 10 18 48 28 15 38 53 51 38 5 15 25 33 21 28 18 41 19 43 26 12 10 18 8 18 24 41 20 19 12 13 1 11 18 7 15 4 1 8 10 27 24 9 8 5 7 5 3 13 24 23
15 30 48 8 28 14 32 46 16 40 25 12 4 20 10 34 12 28 19 25 9 11 26 30 26 14 10 15 19 26 3 9 14 30 23 11 16 32 14 27 41 16 8 21 11 10 8 38 48 41 52 54 41 11 16 29 34 29 22 33 36 29 11 26 38 4 10 8 17 7 18 25 17 29 12 11 7 19 14 3 26 31 7 11 4 4 12 12 7 11 2 7 8 30 9 21
20 36 46 16 19 7 15 15 22 22 23 9 3 14 16 60 18 13 16 5 15 25 25 33 18 8 7 8 19 14 9 14 26 16 7 4 15 29 30 12 29 17 13 28 20 15 18 70 50 69 71 54 7 12 16 17 24 28 23 28 44 13 32 22 19 41 60 9 7 4 5 36 9 26 23 17 13 25 20 15 20 51 11 15 6 3 10 15 36 31 13 7 37 14 13 37
17 22 54 28 30 11 10 19 7 31 27 17 8 11 8 25 19 10 16 10 15 19 13 14 16 7 30 6 14 24 11 10 27 29 12 9 26 12 12 20 4 14 5 18 38 63 81 59 52 50 27 5 12 17 25 20 25 25 20 14 17 9 24 16 4 31 10 1 1 8 12 13 33 11 32 19 21 23 37 18 28 34 9 27 10 9 8 9 10 18 23 34 11 32 40 52
21 10 6 53 13 8 4 4 4 21 44 12 13 7 12 29 6 9 25 7 10 15 13 11 5 12 6 5 2 21 8 11 14 16 12 16 15 14 4 11 6 10 5 59 54 56 80 84 53 16 5 12 12 19 21 18 24 26 20 5 1 3 23 31 37 40 5 4 3 20 32 18 19 6 36 14 32 14 25 10 14 29 16 27 15 18 4 3 7 6 5 9 28 12 38 29
22 23 9 58 3 12 17 5 20 2 25 11 10 17 16 39 10 17 24 15 5 12 13 33 5 11 3 25 3 4 9 13 23 17 6 13 39 22 7 9 18 67 73 74 81 46 64 81 59 2 9 15 15 14 4 15 17 16 17 1 1 16 49 50 40 14 8 20 21 12 33 33 7 10 17 19 39 28 44 46 51 33 13 20 28 20 19 1 7 10 13 8 14 25 37 29
19 15 7 59 11 4 6 6 34 3 7 26 10 10 11 35 8 15 30 13 8 9 11 31 5 7 5 11 15 15 7 13 16 15 15 26 20 15 16 32 57 81 85 72 82 80 69 59 3 7 20 15 16 19 5 12 29 29 11 4 3 23 45 33 17 12 19 20 21 19 27 41 52 14 10 17 18 21 24 13 7 18 24 48 41 29 6 4 17 4 20 19 14 30 53 22
16 13 7 23 25 35 10 7 31 7 8 27 2 8 6 9 13 13 22 11 4 2 1 22 4 10 21 13 26 8 8 13 9 27 11 24 15 6 21 44 35 17 60 73 76 65 4 6 13 8 10 8 16 17 10 4 6 62 11 21 10 17 12 37 28 13 29 27 20 46 36 33 5 12 13 27 28 20 17 14 18 19 28 22 30 7 17 9 8 2 8 21 10 22 51 23
14 13 7 10 41 16 10 5 19 5 5 18 7 3 1 3 10 3 22 8 8 1 5 5 10 15 21 11 15 7 18 14 17 10 16 19 16 6 18 36 17 44 26 15 10 4 17 24 17 16 10 9 7 1 7 17 8 25 24 15 12 16 6 19 9 11 13 35 41 48 15 5 11 17 19 22 43 21 35 20 28 29 30 27 35 6 12 9 16 2 22 19 14 15 21 9
12 12 11 5 37 3 6 8 27 11 3 7 23 6 3 6 5 4 16 16 4 5 5 15 25 12 11 18 6 10 11 13 15 22 15 11 21 11 34 37 72 64 23 5 16 16 4 8 11 4 5 1 7 2 9 16 8 45 18 6 11 12 24 17 4 15 21 51 36 2 7 1 6 21 46 45 26 24 11 21 24 23 29 43 14 18 17 18 8 3 23 16 15 20 12 2
6 6 13 29 8 4 10 6 13 5 4 3 16 6 5 4 3 6 5 21 6 3 1 7 19 20 19 12 5 11 5 11 11 23 8 15 25 14 31 24 23 29 6 16 18 9 8 13 22 12 4 1 1 2 13 23 5 23 15 11 11 12 21 6 4 7 30 33 4 1 3 11 6 6 13 39 37 40 8 15 23 25 32 20 25 18 19 17 23 5 12 15 9 6 7 7
25 5 10 40 44 3 8 5 17 5 7 2 10 5 7 1 8 3 8 4 4 2 2 9 11 26 19 5 6 6 2 6 15 4 14 9 11 9 34 18 24 29 8 15 4 16 3 2 7 14 10 2 1 5 1 7 18 9 19 1 3 25 13 3 8 26 33 34 4 0 2 12 9 10 13 25 34 16 9 11 20 30 27 45 16 23 32 12 9 4 14 14 12 6 5 6
13 4 0 4 11 5 4 5 10 4 3 1 2 8 4 0 4 4 8 2 3 2 2 14 12 13 19 2 7 8 3 3 3 11 17 12 17 53 28 71 64 34 6 3 3 14 10 5 4 12 7 7 1 3 6 4 27 22 2 1 1 17 13 10 28 33 32 27 2 6 7 17 37 4 11 24 20 15 8 9 24 17 19 8 15 43 16 17 5 7 5 8 4 2 7 1
6 9 2 9 3 15 6 3 0 3 5 2 1 3 1 2 6 3 25 0 2 4 5 15 6 5 4 2 6 4 6 3 5 5 9 18 34 37 69 46 24 49 13 3 4 8 1 1 1 5 9 7 4 2 7 10 6 33 7 5 6 30 12 4 16 25 16 25 5 9 13 15 19 4 6 12 10 29 13 9 2 2 2 7 6 14 6 8 7 4 4 2 1 2 1 2
6 14 14 7 1 3 2 9 1 2 3 3 4 2 5 3 3 4 5 1 1 2 9 5 8 4 6 2 5 1 4 3 4 8 10 39 55 69 81 47 12 3 13 11 4 1 8 24 4 13 18 3 8 12 9 16 4 13 3 14 4 32 6 12 21 15 18 29 6 7 11 16 12 3 1 2 14 15 41 15 4 3 9 13 4 6 5 6 3 2 1 3 1 1 3 3
