sesion_6_simulaciones/modelos_agentes/ejemplos_netlogo/scenarios/cgcm2_a2/rob_2028.asc
NCOLS 322 
NROWS 307 
XLLCORNER 451900 
YLLCORNER 4086900 
CELLSIZE 100 
NODATA_value -9999 
[rows 0 to 74 of 307, columns 96 to 191 of 322]
65 19 4 5 41 19 17 13 12 14 30 25 29 48 44 15 27 17 16 6 20 18 14 39 16 11 19 20 26 17 6 5 11 19 13 11 12 23 32 15 9 33 68 72 81 68 84 83 88 82 83 88 70 42 59 53 62 28 44 45 50 31 27 16 51 56 55 13 11 40 49 28 23 27 22 13 14 17 9 43 25 12 14 14 15 9 9 12 17 35 18 15 13 5 10 23
7 13 11 7 12 33 18 14 12 22 19 28 56 55 30 24 7 7 4 9 15 3 6 6 17 11 18 10 13 41 20 8 7 12 6 12 17 22 32 37 42 51 45 39 82 83 84 82 92 72 88 80 46 44 77 32 16 22 15 26 10 35 26 15 29 15 19 49 47 42 27 53 63 37 49 51 52 17 22 23 16 12 22 21 25 13 14 21 28 25 33 26 35 18 26 26
1 4 4 21 12 19 17 9 11 16 11 20 28 25 7 5 12 19 21 24 34 4 8 8 13 12 19 9 21 22 33 28 4 13 37 35 37 46 51 53 59 67 51 55 20 11 24 50 91 83 81 80 42 73 74 71 47 21 21 31 24 59 78 76 76 58 47 69 36 47 40 43 52 49 53 67 71 61 37 25 22 20 31 30 30 21 23 39 25 28 38 30 36 43 32 33
1 1 1 3 3 3 4 26 12 5 5 9 12 19 20 22 21 34 37 30 13 3 15 17 4 9 13 16 15 7 17 17 14 25 38 30 57 56 72 80 82 81 68 30 15 19 9 15 49 24 33 35 19 42 67 30 63 10 12 25 40 58 83 82 80 84 78 55 64 56 60 66 51 50 61 54 50 23 19 27 39 38 50 47 41 29 26 39 26 23 43 48 32 41 33 44
3 5 3 1 1 1 3 20 35 9 23 16 10 13 34 24 20 61 27 13 15 10 12 26 24 16 14 16 12 34 39 26 8 24 50 54 63 73 83 86 86 76 65 39 22 12 15 37 25 19 25 32 10 46 24 45 59 40 10 16 60 75 63 78 70 47 75 46 56 74 70 59 52 41 65 47 47 38 38 41 52 46 75 53 37 39 36 51 36 35 49 63 33 56 52 56
8 3 2 2 1 2 3 5 29 50 17 27 8 22 26 14 41 30 33 22 6 7 20 18 22 13 16 19 9 11 17 34 30 13 55 71 74 82 84 75 75 72 67 44 18 25 22 26 32 27 36 51 13 24 30 52 33 35 25 23 59 68 29 17 25 40 43 25 25 49 21 59 78 59 58 41 44 42 41 58 50 58 61 55 62 48 46 64 60 39 57 39 56 46 68 30
1 4 9 5 4 4 8 3 12 40 41 15 12 17 18 43 22 37 48 33 33 17 8 9 18 20 30 24 14 8 14 44 46 31 46 78 83 82 71 70 67 60 30 17 24 53 28 41 41 41 33 31 32 39 55 43 22 38 43 19 13 16 15 22 12 18 50 65 44 47 24 48 39 21 56 66 65 64 45 62 50 42 51 45 65 66 55 68 68 43 70 59 54 43 29 23
1 2 3 2 1 5 5 2 6 25 71 68 63 41 32 16 18 33 25 25 44 61 19 32 47 32 28 12 23 19 20 23 44 66 46 63 70 71 64 59 49 20 23 16 43 35 29 53 43 44 27 28 49 60 47 48 39 59 64 65 48 22 5 4 21 14 40 22 45 26 45 33 17 35 22 51 57 84 65 37 59 68 52 56 79 55 55 58 62 58 49 36 17 23 22 16
1 1 2 4 3 5 4 3 6 5 23 62 75 77 51 65 22 19 17 46 45 21 23 33 30 14 25 23 17 25 38 32 52 72 81 50 30 35 22 18 23 13 10 19 47 35 19 32 37 34 30 21 72 49 44 58 46 57 25 48 68 54 30 4 16 20 12 11 6 17 48 42 21 21 40 23 34 38 48 70 62 83 53 61 45 31 37 76 54 51 42 73 50 32 23 28
2 1 1 1 5 10 5 2 3 7 16 3 6 7 5 5 27 19 23 27 29 19 31 21 45 35 28 22 28 33 35 66 59 48 63 54 46 41 18 13 6 5 7 17 43 26 10 12 22 33 32 24 31 77 69 71 22 37 19 61 51 50 15 19 5 12 9 5 15 29 30 35 40 30 37 53 24 19 58 64 41 65 50 47 31 37 27 36 36 52 28 37 71 64 25 16
3 1 2 5 9 4 8 9 11 2 5 3 14 9 6 8 23 7 39 20 29 21 28 28 47 19 14 22 35 50 65 64 81 68 44 41 32 48 42 21 9 3 2 5 20 7 6 13 24 19 32 20 34 43 75 59 35 26 36 58 30 30 17 6 11 14 17 7 25 34 37 43 26 17 43 58 41 19 16 48 34 22 45 59 35 39 26 28 62 47 42 28 60 78 49 27
3 2 6 6 6 11 9 21 20 14 4 7 15 24 20 17 20 39 42 26 63 41 19 31 28 26 16 19 26 77 75 64 61 52 39 28 24 32 33 18 9 3 3 8 10 5 5 20 12 17 40 19 29 45 28 38 31 33 45 41 19 18 36 25 12 9 25 21 26 53 66 65 18 27 43 53 38 19 19 54 33 8 30 59 30 38 30 22 41 26 18 25 41 53 55 49
1 3 3 7 10 9 10 8 10 16 17 10 3 5 9 26 38 21 48 39 66 66 26 20 17 22 14 26 41 58 76 52 46 36 32 31 32 11 14 25 6 2 3 9 8 4 7 11 14 25 43 30 30 50 33 28 38 37 48 19 16 19 29 25 13 10 8 21 34 21 35 38 27 25 30 52 30 24 10 18 32 7 39 67 29 32 37 20 12 29 20 9 12 27 54 63
2 2 1 2 3 2 2 2 8 13 20 13 13 14 15 9 30 16 60 28 18 17 49 34 30 18 25 55 58 46 48 46 33 13 12 9 8 5 4 5 7 1 1 1 3 2 4 6 24 39 48 40 28 28 17 31 43 38 38 33 13 12 31 34 23 19 10 9 11 8 3 3 14 27 30 42 30 40 25 14 6 10 17 51 53 23 28 26 14 10 20 10 17 38 71 44
1 0 1 1 2 1 0 2 4 5 12 10 15 18 18 12 9 10 49 31 17 44 56 31 36 32 34 28 48 51 27 15 12 15 16 11 9 6 3 1 5 1 3 1 0 1 3 10 14 34 33 29 21 26 16 38 46 40 44 44 8 20 29 32 22 14 6 7 4 3 3 15 42 42 34 42 44 38 20 18 26 8 21 46 58 21 9 10 11 8 5 4 12 26 33 30
20 1 3 1 3 7 3 2 2 2 2 2 2 4 5 8 14 21 9 4 13 20 11 45 36 49 26 27 20 16 16 34 37 32 19 21 31 24 9 2 2 2 1 1 1 1 1 4 9 11 16 12 11 11 19 14 27 28 46 39 7 18 7 31 45 24 9 9 9 2 6 25 40 48 26 17 30 36 43 36 21 17 17 31 58 80 38 24 9 6 5 3 10 45 31 20
1 2 5 4 5 4 11 6 2 3 7 8 3 2 5 15 16 22 13 20 19 6 11 19 56 44 44 53 71 51 38 21 23 32 30 42 49 40 17 1 3 3 1 1 4 5 4 1 3 5 4 3 3 3 6 16 25 36 40 41 11 28 20 26 38 11 7 8 5 4 7 32 28 40 16 12 23 22 38 28 23 18 18 18 52 72 71 18 9 7 5 3 8 27 32 31
1 4 5 30 24 6 4 5 2 2 4 2 3 2 4 6 16 14 21 24 12 10 13 13 35 44 18 33 29 22 38 34 42 27 59 71 46 45 18 9 13 13 8 8 15 13 11 4 1 0 0 1 1 0 1 17 49 70 44 17 30 25 21 14 24 20 9 14 4 4 35 35 45 34 15 20 42 27 25 30 13 9 6 3 28 37 36 34 16 7 5 3 3 11 17 6
3 6 9 5 2 15 3 2 1 2 2 2 1 1 1 2 5 10 11 6 12 14 14 13 50 69 41 38 29 47 54 57 38 59 63 61 25 20 19 30 23 27 31 39 29 14 17 11 4 2 1 1 2 0 0 2 37 53 28 19 17 25 14 11 18 6 8 9 2 22 55 50 39 49 16 15 41 36 28 63 28 14 6 3 6 17 23 21 26 10 6 5 2 5 28 4
13 7 2 2 0 6 19 3 2 2 6 7 6 4 4 13 4 4 6 8 16 20 25 13 36 44 36 47 53 50 52 70 63 54 52 27 41 40 27 37 55 53 37 16 15 7 11 13 5 3 3 1 1 1 2 1 5 10 19 25 16 9 9 24 22 3 8 27 55 39 54 70 31 64 25 11 28 44 28 56 42 29 14 4 3 17 31 19 32 13 8 3 1 2 16 11
10 4 2 3 1 7 9 13 5 9 11 8 7 3 4 3 2 7 9 9 8 11 9 6 24 41 35 19 18 43 32 29 46 56 64 41 34 44 28 60 24 20 29 15 7 5 5 8 6 2 4 3 1 2 3 2 3 10 21 20 5 6 34 31 18 4 16 25 36 51 36 41 19 23 42 27 14 12 12 53 15 10 22 10 5 2 16 7 29 7 9 3 2 1 3 7
13 3 2 3 12 9 14 22 19 21 28 16 10 6 8 4 5 4 3 20 12 13 14 12 42 27 46 40 22 29 30 42 44 59 66 57 69 41 54 21 28 11 6 4 8 7 18 8 8 2 3 2 2 2 4 2 3 6 17 19 23 5 9 14 8 12 29 7 24 42 43 27 26 11 30 38 18 8 10 57 67 20 6 22 10 2 1 3 22 12 9 6 2 1 2 7
8 3 1 4 18 12 3 9 8 6 3 7 19 9 4 4 4 5 4 14 33 24 26 17 41 15 25 49 28 18 49 60 62 31 17 70 65 34 32 27 28 29 10 3 2 7 4 1 2 1 4 2 2 2 2 2 1 2 8 5 6 7 5 5 7 22 33 4 20 12 28 34 24 6 5 22 19 24 8 28 60 26 24 5 9 2 1 2 15 22 2 8 3 1 2 4
13 3 1 4 19 17 8 16 35 11 25 13 12 50 35 19 15 12 10 39 27 39 32 22 38 32 21 50 53 32 27 25 12 9 10 26 35 44 20 35 26 30 17 11 6 1 1 0 0 0 1 1 0 1 1 1 1 1 1 4 7 7 5 9 26 23 15 6 12 11 11 20 16 13 8 30 28 15 11 4 23 28 10 20 4 2 1 1 1 7 1 3 3 1 1 1
16 11 1 6 24 18 14 7 44 21 8 21 31 38 41 41 56 18 22 19 40 44 64 41 29 30 50 39 65 42 22 14 29 28 18 3 9 30 31 13 23 32 34 28 10 5 3 2 1 1 0 0 0 0 0 0 0 0 2 5 12 7 11 14 8 24 10 13 15 12 7 11 19 21 3 19 28 11 10 6 11 23 6 2 8 4 1 1 1 1 2 2 3 1 0 0
36 25 10 14 32 11 23 6 19 27 25 23 41 50 57 37 56 62 25 25 55 79 79 83 76 67 67 49 67 52 67 63 71 45 22 20 21 15 11 21 40 23 27 25 25 16 11 5 4 3 1 1 1 1 1 1 1 1 4 9 9 8 6 8 7 19 16 24 7 16 5 4 14 8 3 10 10 4 5 4 3 6 18 2 2 1 1 0 0 1 1 1 0 0 0 0
26 20 35 34 36 10 17 13 31 44 36 26 26 62 73 58 57 79 65 76 79 80 86 83 73 78 74 68 74 80 47 24 39 47 42 23 30 24 9 6 28 30 32 42 27 21 16 10 8 5 4 3 3 3 1 2 1 2 5 4 7 5 3 4 3 21 9 18 12 13 3 4 5 6 3 6 6 9 2 3 3 1 3 2 1 2 1 0 0 0 1 0 0 0 0 0
15 33 31 27 39 37 41 31 38 54 51 64 56 65 75 87 83 70 78 45 51 60 67 79 72 68 79 73 75 76 22 12 12 11 25 31 42 23 27 19 15 38 37 27 22 20 12 31 19 10 6 6 5 4 4 4 3 1 2 3 3 2 3 7 15 27 19 8 10 4 5 2 4 4 3 2 2 4 4 2 3 1 2 2 0 2 1 0 0 0 1 1 0 0 0 0
19 43 32 25 42 38 39 37 47 65 76 83 87 88 91 89 81 76 84 69 41 21 51 63 43 37 29 51 55 48 36 8 8 5 7 12 22 17 19 23 8 16 16 15 8 7 3 7 10 9 15 14 7 7 5 9 5 1 1 2 1 3 9 13 18 11 5 5 3 7 5 7 2 2 2 1 1 1 3 2 1 1 1 1 1 0 1 0 0 0 0 0 0 0 0 0
22 42 24 29 59 55 50 65 77 85 87 88 82 86 82 88 77 76 89 43 70 32 18 33 21 11 12 14 18 20 35 25 20 4 6 4 10 7 6 17 13 9 19 5 7 5 3 5 5 2 2 2 2 4 3 1 6 3 2 2 2 4 10 12 10 7 2 7 11 4 5 3 2 2 1 1 1 1 1 1 1 1 0 0 0 0 0 0 0 0 0 0 0 0 0 0
15 53 47 47 60 74 80 85 79 87 81 88 69 85 75 82 60 64 83 70 31 39 18 8 8 6 2 2 7 9 13 46 24 8 8 6 15 29 25 15 15 7 7 3 2 3 3 1 1 1 1 4 9 8 3 3 9 4 7 2 3 5 8 5 8 3 1 3 7 5 3 2 1 1 1 0 0 0 0 0 0 0 0 0 0 0 0 0 0 0 0 0 0 0 0 0
39 58 73 73 85 89 87 87 80 81 74 86 72 69 49 68 54 63 68 72 21 39 37 14 9 2 2 1 3 4 4 10 15 8 8 10 5 10 10 10 7 6 6 9 8 3 3 1 2 3 9 23 21 12 19 3 10 8 2 1 1 2 2 5 3 3 1 1 1 2 1 1 0 0 0 0 0 0 1 1 0 0 0 0 1 1 1 0 0 1 0 0 1 0 0 1
65 78 81 84 84 82 87 78 77 64 81 59 34 45 40 40 46 49 52 61 24 13 18 11 10 5 2 3 7 8 9 19 15 6 18 15 20 18 26 17 26 15 21 18 18 14 8 6 5 7 12 34 44 39 32 10 14 9 4 5 2 0 1 1 1 1 1 0 0 0 0 0 0 1 1 1 2 1 2 1 1 2 1 2 1 3 1 1 1 1 0 0 1 1 0 1
79 81 82 71 81 79 83 68 62 43 51 11 21 15 17 27 25 18 23 41 22 7 4 3 5 8 8 6 11 4 28 39 39 27 40 39 34 28 31 30 28 28 26 23 32 19 19 9 4 20 23 27 47 32 21 18 33 16 11 19 10 5 5 4 3 3 6 3 2 2 2 2 3 4 4 2 3 3 3 3 3 3 2 2 5 2 2 1 1 1 1 1 1 1 3 3
28 37 49 40 63 59 70 65 31 6 3 4 8 4 4 4 5 8 19 33 19 5 6 12 6 7 29 21 33 25 33 41 43 41 43 63 49 27 48 43 39 49 43 39 27 23 24 16 12 17 30 31 48 63 45 41 28 20 27 23 16 16 15 15 13 9 13 8 5 3 5 6 5 5 9 5 5 8 5 6 7 3 5 5 11 3 2 2 2 2 2 1 3 3 4 6
33 20 12 10 6 7 20 24 21 7 4 4 7 7 2 1 1 2 7 12 7 4 26 8 19 30 45 41 55 42 40 37 57 47 38 56 52 32 49 53 43 57 36 31 32 33 47 29 16 19 38 41 24 74 56 63 32 35 41 27 35 22 18 18 16 8 18 8 4 6 6 7 12 7 11 7 7 13 11 10 6 5 9 8 7 4 3 3 2 3 3 3 10 6 4 4
57 65 51 21 19 12 3 7 10 4 7 8 5 2 1 1 0 4 3 7 12 29 39 21 45 42 52 51 42 19 7 20 46 46 42 52 40 45 54 61 63 39 44 37 36 53 41 25 33 28 48 59 43 75 73 41 67 57 48 30 36 27 39 31 18 17 13 11 9 5 10 15 16 10 16 15 10 18 9 12 9 14 15 22 10 4 2 7 4 5 6 9 11 3 10 5
66 49 41 26 13 10 9 9 17 17 17 15 8 2 2 6 6 8 11 20 49 56 54 31 48 39 40 52 52 44 30 22 47 44 50 44 39 48 46 58 29 22 50 53 41 75 48 46 52 25 62 42 77 81 55 63 74 60 37 49 33 43 36 25 13 22 18 14 7 14 27 30 25 14 20 22 24 25 13 10 13 21 19 13 7 3 3 10 6 4 12 14 13 4 2 17
44 53 53 38 36 19 30 28 38 39 38 39 21 13 10 16 10 14 29 39 54 42 23 46 60 44 27 39 55 53 42 28 40 51 33 62 45 72 56 42 46 31 57 40 32 76 59 59 44 33 51 78 76 65 59 55 66 73 42 55 53 56 41 19 40 31 32 17 7 19 30 57 37 23 29 33 35 21 15 10 21 46 34 23 15 5 12 29 13 4 11 28 30 8 4 19
71 69 42 40 24 35 51 45 44 60 51 47 39 31 30 25 25 36 40 46 59 47 50 62 52 38 40 55 45 55 30 46 32 27 56 67 65 54 57 41 43 26 59 23 19 57 65 64 42 47 62 51 77 29 24 20 45 65 38 66 74 56 46 63 44 39 19 8 11 38 45 74 55 34 40 52 64 31 29 14 32 59 29 17 11 9 22 39 21 9 6 50 59 24 11 20
50 59 40 54 39 50 59 62 60 58 69 56 46 42 58 25 29 48 47 49 63 64 45 67 52 52 57 53 47 65 36 57 39 34 41 69 38 52 39 56 44 45 50 32 50 47 77 64 35 48 67 65 63 45 37 27 36 47 35 77 79 68 65 63 24 36 11 9 16 47 64 71 68 47 57 66 76 30 40 17 50 75 40 15 11 16 35 53 31 15 11 44 61 39 9 26
48 55 66 49 36 47 64 55 51 54 72 59 48 61 45 41 29 52 63 46 46 57 65 66 53 52 44 39 36 82 46 63 42 44 52 72 63 50 38 48 36 54 45 35 50 49 63 40 47 35 50 84 71 59 42 44 68 40 45 75 66 69 83 45 49 38 20 22 36 38 72 74 74 45 54 72 59 34 57 26 39 68 51 37 21 22 49 66 41 24 16 34 61 31 21 35
36 38 51 34 29 26 57 50 39 50 50 49 44 57 50 44 47 44 57 53 45 31 42 63 63 55 61 40 32 46 65 78 47 39 57 77 53 32 37 51 38 57 45 39 45 57 44 45 41 43 43 72 38 45 52 49 67 37 59 65 57 72 43 54 73 36 29 29 54 42 65 84 64 37 60 77 65 42 68 36 47 70 45 45 42 29 28 68 67 35 20 41 64 41 30 43
18 40 25 25 30 31 51 56 31 55 49 57 56 45 42 54 43 42 47 55 35 30 26 59 65 51 65 30 35 59 61 71 34 42 65 55 45 52 43 60 62 34 44 60 59 48 35 72 45 41 36 57 28 42 47 67 67 75 65 41 35 27 46 78 41 48 55 30 42 57 51 75 39 38 62 76 51 48 64 32 62 66 49 52 51 52 24 30 74 39 33 39 67 62 52 43
14 17 21 23 39 17 28 26 37 46 41 57 46 42 44 46 40 33 32 39 47 28 54 48 63 60 56 49 15 41 69 77 18 37 50 75 41 24 36 41 64 43 45 33 36 50 53 19 47 53 50 62 59 41 60 60 81 73 57 74 61 39 64 48 62 67 39 40 47 66 45 69 36 42 54 75 48 63 66 34 49 53 42 70 69 63 39 30 74 59 37 51 58 47 56 44
6 11 20 25 32 12 34 29 34 43 47 63 43 27 31 40 45 52 33 16 18 16 62 14 40 58 54 44 22 40 46 52 13 18 65 26 19 15 56 21 58 38 49 41 43 41 38 76 80 90 84 73 71 69 56 71 76 61 62 67 56 57 61 34 66 43 49 51 57 76 45 61 46 62 34 53 43 64 51 43 60 45 45 61 74 44 56 37 48 48 57 45 71 77 78 64
10 6 23 9 13 40 9 15 28 37 49 49 29 44 18 46 15 42 33 17 10 25 38 24 39 54 52 60 20 19 16 38 43 41 25 24 37 37 49 41 50 42 49 70 49 78 61 86 67 76 60 61 62 83 84 77 74 42 44 77 56 53 30 43 71 55 55 59 64 77 79 70 72 64 50 77 46 76 44 42 78 39 72 63 69 48 64 49 40 66 66 72 69 76 78 87
2 8 3 3 7 17 40 12 27 20 12 20 11 28 19 30 22 38 32 36 24 35 36 51 19 25 42 34 48 50 24 14 30 27 69 76 67 59 79 91 79 79 73 91 73 59 85 85 51 71 63 53 61 80 79 65 72 76 67 84 68 78 73 65 58 63 71 61 53 51 67 76 62 81 86 82 82 91 85 67 69 76 76 75 44 86 85 74 67 38 53 48 58 76 60 61
3 5 6 11 29 50 20 12 4 1 3 7 11 30 29 29 25 42 25 24 31 33 33 56 43 30 18 18 23 20 17 27 31 9 19 67 78 34 42 82 81 80 68 84 90 58 63 69 71 69 76 34 45 78 82 51 86 83 93 89 60 72 63 75 68 79 64 76 84 30 41 75 73 49 75 80 63 80 64 89 56 69 80 72 51 81 77 61 86 79 70 35 48 62 44 33
2 1 6 2 3 6 3 4 1 9 11 11 35 25 15 28 14 34 17 19 30 23 39 48 39 33 13 17 36 42 29 7 16 14 12 28 39 22 21 65 71 46 74 89 81 38 53 45 55 58 71 37 43 65 64 74 69 67 80 86 60 28 42 75 79 81 75 70 64 74 31 63 82 46 70 82 38 31 35 85 78 54 50 53 68 73 72 76 87 77 46 73 29 23 56 60
3 4 2 1 5 10 12 4 1 8 12 21 14 22 13 25 20 22 14 15 14 27 36 24 36 39 6 11 17 30 24 13 25 11 13 11 19 53 32 69 44 60 51 54 85 67 44 32 49 43 60 61 37 71 72 89 53 78 91 90 77 24 55 67 71 82 72 78 53 80 47 39 71 46 67 83 55 39 31 75 69 71 20 18 31 63 75 66 78 62 25 79 44 26 38 50
2 4 1 3 1 3 9 8 6 7 14 26 19 10 23 36 20 22 9 13 24 28 16 17 23 19 4 9 11 28 26 18 14 13 17 22 17 22 56 86 56 65 49 68 73 77 45 40 62 48 83 83 54 66 85 91 61 86 90 83 81 46 76 81 68 60 49 41 58 86 51 29 51 30 69 72 86 46 48 81 58 71 64 25 22 37 57 52 52 34 60 91 43 22 11 10
2 3 1 2 11 2 3 14 3 5 16 13 11 13 18 31 36 19 15 22 11 15 11 9 16 28 12 16 33 45 53 36 30 36 43 43 29 38 63 67 66 29 30 69 77 56 34 30 43 52 73 68 70 51 76 89 67 74 82 77 82 74 75 87 48 50 62 34 60 76 71 44 17 31 80 78 79 68 42 83 42 59 77 43 21 15 43 35 37 16 74 90 67 36 30 8
22 1 1 1 2 2 2 5 6 9 18 16 5 9 13 24 22 8 10 12 18 11 9 6 10 20 24 54 71 29 32 25 56 52 44 40 20 36 49 51 77 42 55 37 84 44 47 39 22 42 63 67 50 29 32 67 64 75 82 79 89 75 77 78 77 55 56 42 52 57 83 56 26 23 63 70 79 77 51 63 56 51 64 78 36 16 10 11 11 22 64 53 82 40 29 12
2 4 7 4 3 1 4 2 1 4 12 12 2 3 19 13 6 11 9 14 22 15 11 19 5 9 8 13 48 28 21 62 43 39 64 48 27 15 8 33 35 25 10 9 42 34 67 59 21 15 34 18 31 17 14 22 21 56 58 62 68 67 61 61 86 50 50 39 11 70 94 41 25 21 60 50 47 58 31 40 42 13 58 80 59 27 5 6 8 15 9 33 85 38 19 17
1 3 11 16 25 1 2 2 2 3 8 1 1 1 12 4 4 9 10 6 18 15 11 19 38 66 31 23 27 28 37 36 61 59 49 42 36 40 22 12 16 40 21 10 18 24 32 41 36 14 15 13 28 17 19 36 26 15 24 40 41 18 23 60 89 69 35 31 41 69 89 49 18 11 22 33 49 34 44 47 38 8 33 62 76 18 9 4 18 22 13 32 90 56 43 38
2 7 3 20 19 30 11 4 18 5 12 2 2 2 3 3 4 4 5 19 6 41 19 21 50 63 60 19 19 48 45 30 49 58 30 16 46 41 17 18 20 52 33 20 28 23 23 16 15 8 12 34 43 39 32 32 22 16 14 9 3 1 9 68 72 71 43 17 21 56 72 72 56 19 11 26 39 25 23 14 32 19 11 60 71 45 11 6 17 14 36 78 80 84 53 39
9 21 31 11 14 24 44 3 4 4 9 30 7 3 6 2 2 7 3 2 2 7 7 13 40 56 38 57 52 63 38 25 48 32 45 43 33 49 24 35 28 41 45 26 14 39 23 24 14 5 9 38 49 58 52 45 34 27 22 19 23 20 20 38 39 51 39 11 5 26 27 69 72 26 9 26 35 20 10 20 39 15 9 9 59 71 13 5 21 28 29 53 34 78 35 14
1 2 4 21 24 22 14 2 8 11 42 39 37 19 26 25 3 7 4 3 4 4 13 11 20 23 41 59 50 42 30 33 21 12 48 48 20 20 29 46 36 45 37 28 10 17 46 34 21 10 8 20 55 63 57 56 40 40 35 32 57 63 67 51 37 35 29 16 5 3 19 35 78 47 36 9 18 21 9 2 6 11 11 26 42 66 23 7 4 12 15 13 63 72 85 36
1 2 5 21 47 41 73 18 35 15 21 11 33 30 32 15 14 2 1 2 5 11 6 13 26 15 29 36 28 23 15 39 54 38 54 37 30 38 51 25 45 43 26 30 36 36 46 45 29 16 7 9 22 44 44 51 59 51 29 22 16 26 31 37 50 46 49 35 18 1 4 34 40 41 32 24 12 5 6 6 18 13 5 8 9 46 41 7 3 5 9 12 10 46 49 54
41 22 9 9 7 49 27 10 13 55 24 26 10 15 11 7 15 5 3 2 2 4 8 26 40 11 26 35 31 37 36 69 46 29 32 40 27 27 19 8 14 42 55 36 52 42 36 29 28 26 20 7 4 5 23 23 21 42 46 33 27 22 14 15 18 38 45 45 42 32 18 40 27 49 18 16 11 6 9 6 5 5 3 13 8 35 51 6 2 8 13 9 10 14 49 58
31 40 34 13 7 42 64 47 18 23 22 16 5 12 9 6 8 15 3 8 9 15 11 28 20 22 9 14 14 13 8 13 15 35 29 29 30 33 35 31 18 7 13 52 51 65 52 36 30 13 17 15 7 3 5 10 8 6 15 19 20 28 32 20 7 8 29 36 39 25 28 51 25 55 31 17 14 15 6 3 3 7 2 6 10 5 33 9 1 4 11 12 4 4 40 53
15 15 74 48 19 42 20 53 53 41 44 13 5 23 15 26 23 20 7 11 6 17 23 18 17 17 23 56 36 23 31 44 34 38 40 57 56 55 50 53 51 37 18 9 8 39 47 41 24 14 9 13 8 3 1 1 1 1 1 1 3 8 6 12 12 4 5 9 9 10 25 24 23 18 20 19 26 18 8 10 8 5 2 2 12 19 10 16 2 1 6 10 6 21 63 16
12 13 37 23 22 20 5 2 67 83 82 75 17 32 20 9 8 38 10 16 12 11 16 14 42 18 44 56 33 41 56 56 37 44 52 58 53 59 53 53 54 42 53 39 32 14 7 4 16 16 18 5 4 2 3 5 6 5 5 4 3 1 1 1 1 1 1 1 1 4 7 13 11 8 6 5 5 13 11 8 5 2 7 6 6 10 8 17 8 1 1 7 22 54 23 48
22 18 26 64 45 20 21 13 12 79 23 24 33 22 27 25 25 4 14 23 3 4 4 20 32 22 28 27 23 27 23 25 42 51 48 50 66 71 54 64 66 66 58 53 50 33 25 19 10 4 3 2 2 8 9 17 16 15 11 15 4 1 1 4 4 6 2 2 1 0 1 5 3 2 2 2 2 4 7 11 9 2 1 2 2 2 6 10 14 2 1 6 53 20 21 27
28 20 26 37 33 44 58 15 5 6 3 5 8 15 20 62 15 28 24 28 10 6 8 14 11 12 33 32 42 32 25 30 38 48 60 60 57 58 54 69 64 48 42 40 42 26 22 29 19 15 15 13 14 27 25 23 34 30 28 17 5 4 5 8 7 4 6 2 1 1 1 0 0 0 0 0 1 1 0 1 2 1 1 0 1 1 3 6 5 3 1 17 18 7 28 22
46 29 16 6 36 38 76 61 47 45 31 19 7 11 48 29 71 62 38 29 47 24 19 8 4 9 23 23 16 22 22 49 60 33 14 34 62 62 42 35 47 52 39 29 35 23 31 32 33 27 32 19 20 36 47 45 42 41 44 27 10 11 16 14 19 18 15 8 3 2 1 0 0 0 0 1 4 2 1 1 1 0 0 0 0 0 1 2 6 6 2 22 3 2 15 24
43 37 30 38 33 49 37 28 31 66 33 47 14 25 43 68 81 71 44 35 54 15 22 33 24 21 24 9 17 20 51 19 19 21 37 43 64 75 68 61 61 49 57 45 46 37 42 40 41 24 49 45 42 37 52 55 70 64 54 30 10 28 25 37 33 42 27 17 9 3 2 2 2 3 4 8 11 6 3 3 5 5 2 1 1 0 0 0 1 6 3 12 2 2 13 36
45 42 14 12 36 32 68 62 43 44 55 65 49 25 50 85 79 61 37 60 19 47 17 27 17 10 3 26 9 25 19 10 8 51 37 46 53 64 68 64 63 46 46 48 48 50 51 63 51 36 43 63 47 48 64 74 77 60 40 25 24 38 48 47 46 60 42 23 13 5 8 8 8 13 13 14 21 11 9 10 9 7 3 5 4 2 1 0 0 2 2 2 2 1 4 10
39 48 37 13 45 57 67 61 81 62 49 30 18 55 74 69 61 47 44 82 23 69 26 29 27 20 19 36 33 11 15 20 22 48 50 59 63 75 58 68 69 54 30 49 49 46 58 71 65 40 39 69 64 54 68 80 73 56 37 28 28 61 57 59 71 59 38 26 9 7 13 13 14 28 23 33 32 32 16 18 25 16 11 17 9 6 2 0 0 1 1 2 1 0 1 3
39 13 36 18 9 51 45 35 50 69 66 56 15 40 72 62 17 25 66 80 23 81 34 29 60 53 16 39 38 47 17 9 25 26 52 40 29 33 46 39 62 45 54 51 53 38 65 50 74 45 73 67 65 54 78 85 65 58 36 50 51 63 60 71 76 62 45 37 13 24 33 34 18 34 50 46 48 34 26 32 40 28 22 24 6 3 1 1 0 0 0 1 1 0 1 1
34 32 22 34 12 23 63 72 72 55 32 34 17 35 54 66 35 58 87 64 36 76 43 32 28 47 31 53 55 21 45 55 25 29 30 39 16 33 25 48 55 48 49 66 49 54 60 63 44 44 86 45 66 56 85 65 60 63 40 51 50 62 74 80 62 65 45 28 22 38 47 47 25 51 49 65 66 47 37 44 59 40 38 11 4 3 2 2 1 0 0 0 0 0 0 0
50 26 33 27 32 30 40 58 52 57 61 37 61 25 14 9 52 89 81 60 62 63 57 66 65 41 23 48 46 46 49 19 17 13 24 9 15 27 29 66 38 53 61 59 36 51 57 63 70 69 46 39 68 82 59 68 52 42 47 46 44 62 83 70 67 47 30 31 46 61 60 59 47 59 42 50 61 37 48 53 69 28 11 8 8 10 13 4 2 1 0 0 0 0 0 0
43 40 31 28 58 38 55 76 43 47 43 54 69 68 14 6 26 35 28 17 38 73 66 44 36 46 34 39 36 32 17 4 14 24 5 15 26 29 48 42 36 34 64 29 33 35 46 69 31 29 39 49 63 75 60 47 27 38 60 60 46 80 75 73 63 62 43 39 51 68 65 51 53 63 50 24 74 57 58 73 37 29 19 17 37 34 12 5 3 2 1 0 0 0 0 0
38 66 46 28 26 29 26 51 24 27 24 68 43 70 66 58 25 12 20 31 69 77 63 49 45 24 23 6 22 45 23 19 37 37 24 15 21 23 44 19 20 22 42 17 23 34 34 12 18 40 29 61 78 63 49 28 39 49 64 45 37 85 77 62 64 65 42 57 68 69 58 70 55 66 46 46 55 63 44 34 17 32 45 32 14 5 4 5 3 3 2 2 1 1 0 0
