sesion_6_simulaciones/modelos_agentes/ejemplos_netlogo/scenarios/cgcm2_a2/rob_2026.asc
NCOLS 322 
NROWS 307 
XLLCORNER 451900 
YLLCORNER 4086900 
CELLSIZE 100 
NODATA_value -9999 
[rows 0 to 73 of 307, columns 192 to 287 of 322]
37 32 15 9 26 50 24 11 9 11 11 4 2 2 2 2 1 1 2 1 1 1 1 1 1 3 1 3 4 11 2 0 0 0 0 0 0 0 0 1 1 0 0 3 4 5 4 9 17 23 14 18 24 36 40 53 42 80 48 38 9 13 20 48 59 45 60 56 27 38 23 12 17 20 40 24 20 39 54 30 16 16 14 14 12 8 25 23 23 27 11 25 36 58 21 7
49 27 33 31 34 52 16 22 31 16 9 6 9 7 4 3 4 1 2 2 2 1 0 0 1 3 1 1 1 2 9 3 0 0 0 0 0 0 0 0 1 0 0 1 1 2 4 5 14 50 69 49 34 38 42 41 67 63 62 20 26 16 48 43 54 50 59 43 43 21 7 23 12 18 49 25 49 37 36 33 27 32 30 14 10 4 14 23 26 24 15 28 26 29 16 13
32 56 38 35 55 46 30 13 7 17 18 16 24 23 10 17 8 6 9 8 6 2 1 1 0 0 0 0 0 0 0 3 2 0 0 0 0 0 0 0 0 0 1 2 2 5 5 9 18 30 38 39 52 47 63 70 37 29 41 23 21 32 42 32 38 63 33 28 20 26 14 15 13 18 57 23 53 47 24 38 29 24 28 25 10 4 9 12 24 19 13 40 23 35 13 3
41 42 62 54 38 34 30 29 28 45 23 38 48 34 27 36 20 8 13 20 11 6 4 2 1 1 0 0 0 0 0 0 0 0 0 0 0 0 0 0 0 1 0 0 1 6 6 9 3 8 7 12 24 53 43 49 46 15 22 28 32 20 25 45 35 57 45 38 48 19 27 23 7 8 39 22 27 20 29 36 28 27 26 25 11 3 7 18 31 13 23 22 19 31 9 2
29 21 42 14 43 51 46 31 43 40 35 25 25 21 26 41 25 27 28 29 20 8 5 5 2 3 1 2 1 0 0 0 0 0 0 0 0 0 0 0 0 0 1 1 1 2 2 5 16 33 41 37 40 36 64 60 25 19 6 8 29 33 29 43 46 55 35 26 16 11 8 8 9 6 17 16 14 23 48 57 49 18 17 35 27 17 2 14 17 22 24 13 28 40 14 3
30 24 37 32 22 26 43 20 39 30 19 25 8 22 29 29 35 29 8 8 15 6 4 5 4 4 2 3 2 0 0 0 0 0 0 0 0 0 0 0 0 0 1 2 5 11 16 24 26 17 24 30 45 54 78 46 27 19 6 39 62 65 60 62 45 64 28 36 41 32 39 25 20 13 9 12 17 16 27 24 35 58 38 25 26 17 5 10 14 17 8 12 24 25 16 5
22 10 12 27 19 14 41 13 9 16 21 44 21 8 18 26 22 24 11 3 5 11 14 15 6 5 5 2 3 2 1 1 1 1 0 0 0 0 0 0 0 0 1 2 9 5 8 15 32 25 39 73 33 56 63 27 18 19 10 26 45 57 56 57 68 63 49 42 42 18 27 24 14 22 17 7 3 12 29 34 26 49 28 12 6 22 6 6 7 7 8 18 36 48 11 10
15 10 9 12 26 18 31 37 10 4 8 11 30 5 2 7 4 8 11 4 3 6 3 7 6 4 5 3 3 3 2 2 2 2 1 0 1 0 0 0 0 1 2 3 6 10 14 36 58 51 53 30 52 41 48 21 13 5 11 18 30 30 28 28 26 55 31 24 41 25 23 16 18 20 20 11 3 17 35 17 42 59 31 12 6 15 11 5 6 12 15 18 40 25 15 11
28 18 15 8 12 10 17 36 37 12 5 5 8 15 6 4 2 8 11 6 4 8 2 4 11 6 5 5 5 6 5 4 4 3 2 1 0 0 0 0 0 1 2 4 13 11 7 19 29 38 25 23 56 33 31 9 5 29 55 46 62 51 56 44 55 75 44 32 14 15 20 17 16 14 11 6 4 8 11 21 35 51 34 18 6 6 6 4 3 16 11 19 19 24 12 17
19 18 16 7 6 3 12 13 33 20 13 6 5 8 8 3 3 2 10 7 7 9 2 2 6 6 5 3 2 5 1 2 4 4 2 1 0 0 0 0 0 0 2 3 7 3 3 19 8 7 9 62 30 31 14 7 16 44 56 71 51 81 65 41 58 32 56 44 41 18 18 23 19 9 6 4 3 5 24 13 8 34 37 31 11 5 8 2 3 4 6 21 14 24 12 36
25 19 18 14 6 3 2 2 4 10 5 4 2 9 4 2 4 1 1 6 3 9 11 2 2 2 10 3 1 2 5 1 0 0 0 1 1 0 0 0 0 1 2 5 1 4 8 9 2 5 38 36 14 19 6 5 14 33 35 51 73 75 46 26 31 48 58 60 64 46 53 31 24 17 8 6 2 2 7 14 17 43 64 29 27 7 4 5 1 5 17 7 11 8 9 48
46 26 11 11 11 9 6 3 2 2 2 2 3 3 2 2 1 3 1 1 5 6 5 2 0 1 6 3 1 1 3 4 0 0 0 0 1 0 0 0 1 2 2 1 0 0 4 1 2 17 41 25 10 6 3 16 22 23 32 77 55 47 11 24 40 43 66 64 54 62 42 31 33 29 23 14 4 3 10 13 14 63 32 45 24 14 4 2 2 8 9 5 14 5 19 45
52 36 31 40 31 25 20 9 16 8 6 3 1 1 1 1 1 5 3 1 1 2 2 2 0 1 2 1 1 0 0 1 0 0 0 0 0 1 0 0 1 1 1 2 2 2 6 1 4 22 14 5 1 5 19 34 38 50 76 64 15 21 26 20 20 24 40 39 61 42 22 32 47 45 34 14 4 1 9 14 41 43 13 23 33 16 7 1 2 7 6 4 15 4 15 18
62 59 54 55 49 40 28 23 19 17 13 11 4 2 1 1 1 0 0 0 1 0 0 1 1 1 1 1 0 0 0 1 1 0 0 0 0 0 0 0 0 1 1 0 0 2 1 1 5 3 2 1 2 7 13 20 47 45 36 9 40 60 57 46 47 26 24 20 57 48 60 66 40 24 16 15 5 2 4 11 33 12 8 19 50 17 9 3 1 2 2 4 6 4 10 7
18 54 58 60 49 50 28 32 11 12 17 10 7 6 5 4 2 1 0 0 0 0 0 0 0 1 0 0 0 0 0 0 0 0 0 0 0 0 1 0 0 0 0 0 0 0 0 1 1 1 0 1 2 4 11 18 21 5 22 41 58 57 55 78 81 70 62 45 47 58 60 51 53 32 12 8 4 2 4 11 14 5 3 28 43 45 18 17 5 1 2 3 2 3 13 9
25 41 58 34 42 67 43 21 32 20 11 14 10 13 13 6 3 1 1 1 0 0 0 0 0 0 0 0 0 0 0 0 1 1 0 0 0 0 0 0 0 0 0 0 0 0 1 1 1 0 1 1 1 3 5 10 4 22 29 38 53 67 76 65 60 71 39 31 66 18 44 74 49 32 32 27 20 8 3 11 12 5 2 4 14 39 7 3 5 4 1 3 2 3 10 9
49 10 57 29 29 51 66 67 27 11 16 14 20 17 12 7 6 4 2 2 1 1 0 0 0 0 0 0 0 0 0 0 0 0 0 0 0 0 0 0 0 0 0 0 0 0 0 0 1 2 2 4 5 3 3 11 21 24 32 37 63 49 68 58 61 37 28 57 43 33 33 19 51 30 51 53 44 20 11 3 19 8 5 1 4 14 24 4 1 2 1 1 2 4 2 3
24 6 35 14 30 37 52 21 55 57 30 32 31 7 7 5 7 6 4 3 2 2 1 0 0 0 1 1 1 0 0 0 0 0 0 0 0 0 0 0 0 0 0 0 0 0 0 1 2 2 3 9 8 9 4 10 14 42 47 52 74 49 41 35 24 25 44 59 45 27 14 16 41 48 52 49 51 43 21 4 3 7 7 4 1 4 10 6 3 0 1 0 2 3 1 1
15 14 19 16 9 28 37 15 18 50 21 40 54 24 12 8 13 20 14 7 5 2 1 1 1 1 2 1 2 1 0 0 0 0 0 0 0 0 0 0 0 0 0 0 0 0 1 2 2 3 6 11 9 6 14 19 26 27 26 47 65 19 9 7 22 27 27 76 62 19 19 12 43 42 10 22 58 45 39 18 3 2 12 5 3 1 4 6 5 2 0 0 2 1 0 0
15 5 8 12 6 11 39 12 6 24 33 44 45 27 30 18 4 7 8 12 5 3 2 2 2 2 2 2 2 2 1 1 1 1 0 0 0 0 0 0 0 0 0 0 1 1 1 3 2 4 8 7 15 15 18 24 6 5 16 43 65 20 7 26 43 40 60 62 44 31 16 7 14 43 33 10 21 30 36 27 17 3 2 6 4 1 1 3 6 3 0 0 1 0 1 3
34 6 9 8 1 6 25 8 14 8 21 13 25 7 11 14 3 2 6 16 6 9 3 2 6 4 2 1 2 1 1 0 0 0 1 0 0 0 0 0 0 0 0 1 1 2 1 1 4 10 7 10 21 32 46 42 27 20 32 46 43 10 11 43 44 42 41 17 39 37 22 6 8 17 48 19 7 10 56 20 13 4 1 3 3 1 1 4 2 2 0 0 0 0 3 9
13 2 9 9 2 1 6 19 2 6 25 17 22 8 6 3 3 1 2 14 12 7 4 3 1 2 1 0 1 0 1 1 0 0 1 1 0 0 0 0 0 0 0 1 1 2 1 3 4 4 4 8 14 45 56 64 62 53 38 37 16 7 23 33 55 52 42 21 16 31 11 5 7 12 41 21 7 7 13 27 13 7 2 1 4 1 2 3 1 0 1 2 1 2 8 14
19 2 13 16 3 2 3 7 2 2 16 7 6 2 1 3 3 2 1 2 2 6 11 11 3 1 2 1 0 0 0 0 0 0 0 1 0 0 0 0 0 0 1 1 0 1 0 1 1 1 1 5 15 12 29 53 35 28 16 55 19 8 24 37 38 46 66 34 25 9 5 5 16 29 53 17 6 7 14 41 13 4 2 1 1 2 1 2 1 0 1 10 4 4 5 12
8 6 4 13 1 2 4 6 4 1 1 1 1 5 1 1 3 4 1 2 2 2 6 3 3 1 1 2 1 0 0 0 0 0 0 0 0 0 0 0 0 0 0 0 0 0 0 1 2 2 1 5 5 9 11 9 7 21 48 24 6 15 30 30 49 66 43 29 25 15 5 7 16 31 30 11 9 6 11 25 16 14 4 1 1 1 1 2 0 0 2 2 8 16 7 10
2 1 3 3 1 1 4 6 2 0 1 1 1 2 3 1 2 2 2 1 0 1 1 1 1 1 1 2 1 0 0 0 0 0 0 0 0 0 0 0 0 0 0 0 1 1 2 2 2 3 5 3 2 1 2 5 17 22 53 16 6 27 25 25 51 71 35 40 31 13 8 8 15 41 21 9 12 5 6 14 14 13 8 3 1 0 1 1 0 3 4 5 7 7 35 14
1 1 1 2 1 0 4 5 2 0 0 1 1 0 2 2 1 1 1 1 0 0 1 1 0 0 0 1 2 0 0 0 0 0 0 0 0 0 0 0 0 0 0 0 1 1 1 1 1 2 3 8 7 16 11 14 18 41 37 4 11 22 20 16 42 52 27 27 20 14 5 6 16 42 12 15 10 3 2 5 7 10 4 1 1 0 0 1 3 9 11 14 21 14 10 34
0 0 0 0 0 1 2 2 1 0 0 0 0 0 0 1 1 1 1 1 0 0 0 0 0 0 0 0 0 1 0 0 0 0 0 0 0 0 0 0 0 0 0 0 0 0 0 1 1 2 6 8 8 15 27 44 56 60 17 4 13 21 15 22 65 52 12 21 21 11 6 3 10 37 11 8 7 5 1 2 6 9 2 1 0 0 1 3 8 10 12 13 20 31 50 29
0 0 0 0 0 0 0 0 0 0 0 0 0 0 0 0 0 0 0 0 0 0 0 0 0 0 0 0 0 0 0 0 0 0 0 0 0 0 0 0 0 0 0 0 0 0 1 1 1 4 4 6 10 14 27 55 35 22 3 13 22 16 35 50 77 31 32 12 10 10 7 4 15 36 16 7 5 6 1 1 5 8 4 4 1 0 1 2 3 2 3 3 4 8 24 29
0 0 0 0 0 0 0 0 0 0 0 0 0 0 0 0 0 0 0 0 0 0 0 0 0 0 0 0 0 0 0 0 0 0 0 0 0 0 0 0 0 0 0 0 0 1 2 5 1 4 3 4 7 8 43 29 10 2 10 19 22 21 44 71 37 17 25 9 8 8 6 3 8 26 41 15 7 3 1 1 4 8 6 2 1 0 1 1 1 3 4 8 12 13 14 27
0 0 0 1 0 0 0 0 0 0 0 0 0 0 1 0 0 0 0 0 0 0 0 0 0 0 0 0 0 0 0 0 0 0 0 0 0 0 0 0 0 0 0 1 1 1 2 1 4 3 3 4 8 11 37 6 2 6 13 20 20 22 44 70 21 13 11 17 6 2 2 3 16 25 10 23 10 3 1 0 5 4 6 2 1 0 1 2 5 10 6 14 24 23 22 10
0 1 1 1 1 0 0 1 0 1 1 1 1 1 1 1 1 1 0 0 0 0 0 0 0 0 0 0 0 0 0 0 0 0 0 0 0 0 0 0 0 0 1 1 1 3 3 2 4 12 14 15 10 15 8 3 1 9 11 17 10 21 49 53 24 8 10 13 8 4 1 3 19 6 6 28 15 5 1 0 2 2 3 2 0 0 2 2 3 7 8 9 6 7 12 30
1 1 1 1 1 0 0 1 1 1 1 1 3 2 2 2 1 1 1 1 0 1 0 0 0 0 0 0 0 0 0 0 0 0 0 0 0 0 0 0 0 0 1 1 2 3 4 11 8 11 5 28 19 7 8 5 2 7 13 24 26 24 57 17 6 16 17 6 12 3 1 2 5 6 3 24 7 4 1 1 2 2 2 1 0 1 5 8 10 8 7 4 10 12 15 23
3 3 2 3 1 1 1 1 1 1 3 3 3 5 4 2 2 1 1 1 1 1 1 0 0 0 0 0 0 0 0 0 0 0 0 0 0 0 0 0 0 1 1 1 3 4 7 10 8 9 4 3 8 9 9 1 4 7 7 16 15 28 36 33 25 11 6 4 15 8 2 1 4 4 8 25 6 3 2 1 1 1 1 0 1 2 5 18 23 22 25 14 19 30 26 54
5 5 5 2 2 2 1 2 3 4 6 5 5 3 4 3 2 2 2 2 2 2 1 1 0 1 0 0 0 0 0 0 0 0 0 0 0 0 0 0 0 0 1 1 2 6 3 1 11 8 5 2 7 8 1 1 3 5 6 16 27 38 47 17 8 7 10 6 4 5 3 1 5 4 6 10 7 7 2 0 0 1 0 0 1 3 3 4 3 5 7 15 27 31 57 54
8 8 9 6 5 1 1 3 5 8 9 7 7 7 6 6 3 7 4 3 1 1 1 1 1 1 0 0 0 0 0 0 0 0 0 0 0 0 0 0 0 0 1 1 1 1 1 4 3 3 3 1 3 0 1 1 1 3 4 12 32 41 26 37 15 6 5 4 4 5 6 1 2 2 5 6 6 2 1 0 0 0 0 1 3 1 2 4 12 18 21 18 13 50 25 31
16 26 13 4 7 2 4 5 14 11 9 10 11 20 18 9 8 7 3 4 2 1 0 2 2 1 0 1 1 0 0 0 0 0 0 0 0 0 0 0 0 1 1 0 1 1 1 3 2 2 1 1 1 0 1 1 2 6 9 17 16 14 33 40 8 3 2 2 4 3 2 1 1 2 2 6 5 3 1 0 0 0 1 2 5 7 6 7 11 11 11 33 33 43 20 7
33 43 12 11 15 5 4 16 16 26 8 16 24 19 30 13 5 3 8 4 3 2 0 3 1 0 1 1 0 0 0 0 0 0 0 0 0 0 0 0 0 0 0 0 0 2 4 4 2 1 1 1 1 1 1 2 5 3 3 5 8 17 24 39 12 5 4 2 2 1 1 1 1 1 3 2 2 3 1 0 0 1 3 2 5 15 17 20 22 25 13 25 17 17 20 5
26 43 15 14 22 7 7 30 26 28 7 20 37 24 35 11 9 8 12 10 5 1 2 1 1 2 3 0 0 0 0 0 0 0 0 0 0 0 0 0 0 0 0 0 1 3 3 1 3 1 1 0 1 1 2 1 1 1 3 6 6 22 28 19 7 26 23 12 5 4 2 1 0 1 1 1 1 1 0 0 0 2 5 11 12 18 26 22 20 20 23 29 6 3 12 7
44 22 21 16 24 8 10 36 55 28 6 31 50 42 40 33 14 20 30 12 5 2 3 1 3 3 0 0 1 1 0 0 1 0 0 0 0 0 0 0 0 0 0 0 2 1 2 0 1 1 0 0 2 2 2 2 1 3 16 23 21 25 59 22 28 14 17 15 4 2 2 1 0 0 1 1 1 1 0 0 1 1 2 6 6 3 8 3 3 5 4 44 21 6 4 2
74 50 25 18 22 10 21 41 74 25 11 25 53 53 51 22 17 55 17 2 3 9 6 5 5 1 1 1 1 1 1 1 1 0 0 0 0 0 0 0 0 0 0 0 1 0 0 0 0 0 0 1 1 3 2 6 8 10 8 18 39 27 16 35 24 20 4 8 18 4 1 1 0 0 0 0 0 0 0 0 1 2 2 3 3 1 2 5 13 27 42 65 25 6 3 1
67 65 30 31 34 16 24 53 69 34 17 36 78 76 37 45 22 19 4 2 6 22 27 11 4 4 2 1 2 1 1 2 1 0 0 1 0 1 1 0 0 0 0 0 0 0 0 0 0 0 1 1 3 4 5 9 7 6 19 48 43 40 21 32 3 42 23 3 2 10 8 4 2 1 0 0 0 0 0 0 1 1 1 2 2 2 11 19 12 12 18 35 10 5 3 1
70 58 35 48 43 40 30 58 70 41 29 42 80 67 45 30 10 4 1 7 17 26 13 3 2 1 1 4 3 1 2 2 1 0 0 1 1 1 1 0 0 0 0 0 0 0 0 0 0 0 1 1 2 3 3 4 7 21 16 56 34 11 12 56 20 8 25 7 2 1 2 2 3 2 1 0 0 0 0 0 1 1 1 1 2 5 14 12 10 23 10 17 12 6 2 1
73 62 38 57 55 52 49 48 57 41 34 45 60 24 21 14 4 5 4 11 28 8 5 4 2 1 1 7 4 2 5 2 1 1 1 1 1 2 1 1 0 0 0 0 0 0 0 0 0 0 0 1 2 2 6 8 4 17 24 39 5 1 12 42 10 9 5 18 4 0 1 1 2 1 2 1 0 0 0 0 1 1 1 1 1 5 20 6 6 25 8 7 9 2 1 1
48 47 45 62 60 45 63 50 73 77 65 49 43 30 37 28 17 19 9 14 24 10 6 5 3 2 2 9 7 3 6 2 2 1 1 2 2 2 1 1 1 1 0 0 0 0 0 0 0 0 0 1 2 3 3 4 2 8 24 7 3 2 20 40 15 2 1 2 6 1 1 0 1 0 2 0 0 0 0 0 0 1 1 1 5 11 20 6 6 17 5 2 2 4 1 0
63 37 67 76 67 69 66 83 77 89 88 84 43 62 58 50 42 15 12 28 21 9 7 3 3 5 3 9 9 9 5 3 3 3 3 5 7 2 1 1 3 1 0 0 0 0 0 0 0 0 1 1 2 2 1 1 4 18 28 4 2 3 7 33 19 6 1 0 4 3 1 0 0 0 2 0 0 0 0 0 0 1 1 2 4 2 3 2 4 4 6 3 3 2 0 0
56 52 58 67 79 81 85 86 73 69 73 78 84 78 40 35 25 19 19 15 7 9 7 8 12 8 9 26 15 29 7 6 5 7 8 15 13 3 3 2 3 1 0 0 0 0 0 0 0 0 0 1 1 1 1 2 6 9 8 6 2 2 3 34 7 4 4 0 2 4 2 0 0 0 0 1 0 0 0 0 0 1 2 4 3 2 2 1 2 2 2 1 1 0 0 0
67 57 41 43 57 65 76 53 45 39 50 58 59 75 46 35 38 49 35 20 16 18 14 21 36 20 14 33 31 20 10 14 10 12 11 17 8 4 7 2 1 0 1 1 0 0 0 0 0 0 0 0 0 1 1 0 3 2 3 11 3 2 4 10 5 1 3 1 1 1 1 1 0 0 0 3 0 0 0 0 1 1 1 4 2 1 1 1 1 0 0 0 0 0 0 1
70 77 48 26 49 44 46 60 38 45 53 37 57 77 82 66 75 64 41 30 40 38 36 31 39 26 21 43 40 16 21 19 19 19 24 25 13 6 1 1 0 1 1 1 1 1 0 0 0 0 0 0 1 1 1 1 2 2 1 2 2 2 3 7 8 1 1 1 1 2 1 0 1 0 0 0 0 0 0 0 0 1 2 3 1 1 1 1 1 0 0 0 0 0 1 2
52 63 81 45 24 25 49 44 64 30 23 22 60 42 54 91 90 45 63 60 57 52 51 41 42 33 32 56 41 29 28 26 28 41 39 12 3 2 2 2 2 2 1 1 1 1 1 0 0 0 0 1 0 0 1 1 2 1 1 1 1 1 1 2 11 1 0 1 1 0 1 0 0 0 0 0 0 0 0 0 0 0 3 1 0 0 0 0 0 0 0 0 0 1 1 2
71 69 73 78 37 13 14 51 46 37 7 9 20 37 71 78 68 86 87 66 57 73 65 33 52 40 56 45 41 35 39 30 43 58 54 15 10 6 10 7 10 9 3 3 3 1 0 0 0 0 0 0 0 0 1 1 2 2 1 1 1 0 0 1 3 1 0 0 0 0 0 1 0 0 0 0 0 0 0 0 0 0 1 0 0 0 0 0 0 0 0 0 1 2 1 2
53 38 43 87 39 27 20 18 17 19 12 3 14 62 76 72 57 49 77 62 71 75 62 41 65 58 71 62 54 63 43 41 40 40 35 15 14 15 12 11 3 3 7 12 1 1 0 0 0 0 0 0 0 0 0 1 1 2 1 1 0 0 0 1 4 1 1 0 0 0 0 0 0 0 0 0 0 0 0 0 0 0 0 0 0 0 0 0 0 1 1 1 1 2 1 1
22 37 37 80 82 21 21 11 10 10 11 5 15 24 32 40 60 78 56 20 56 23 64 79 90 80 72 47 64 41 50 32 26 14 54 35 34 19 8 5 1 0 8 5 3 1 1 0 0 0 0 0 0 0 0 0 0 0 0 0 0 0 0 1 1 1 1 0 0 0 0 0 0 0 0 0 0 0 0 0 0 0 0 0 0 0 0 0 1 1 1 3 3 2 1 1
11 18 27 31 77 67 28 9 8 7 6 6 11 28 45 51 20 66 63 27 60 47 21 39 57 34 54 29 52 14 8 22 13 11 24 67 43 19 9 32 7 6 7 5 5 2 1 0 1 1 0 0 0 0 0 0 0 0 0 0 0 0 0 1 1 1 1 0 0 0 0 0 0 0 0 0 0 0 0 0 0 0 0 0 0 0 0 1 1 1 1 1 7 3 1 1
5 9 16 4 27 81 28 10 4 3 4 6 5 8 15 25 34 50 31 42 62 31 8 31 49 28 28 22 25 41 24 28 21 9 12 41 55 66 59 46 30 16 13 14 7 2 2 1 2 0 0 0 0 0 0 0 0 0 0 0 0 0 0 1 1 1 1 0 0 0 0 0 0 0 0 0 0 0 0 0 0 0 0 0 0 0 0 0 1 0 1 2 2 3 1 3
9 5 10 31 24 47 70 20 15 3 2 2 3 3 14 10 30 48 6 14 68 49 13 6 55 59 28 15 24 32 9 8 10 7 6 18 33 34 22 9 18 15 8 9 9 7 8 5 2 0 1 1 1 1 0 1 1 0 0 0 0 0 0 0 0 1 0 0 0 0 0 0 0 0 0 0 0 0 0 0 0 0 0 0 0 0 0 0 1 1 1 1 2 2 5 5
15 4 3 14 31 42 70 48 12 7 4 2 2 3 3 2 11 8 8 41 82 22 9 4 7 34 13 16 12 25 22 10 10 10 9 31 17 6 4 3 5 2 2 22 9 15 20 13 3 2 3 1 1 1 0 0 0 0 0 0 0 0 0 0 0 0 0 0 0 0 0 0 0 0 0 0 0 0 0 0 0 0 0 0 0 1 1 1 1 1 1 2 2 2 3 8
28 15 8 4 5 8 15 49 15 14 5 2 1 2 4 2 7 5 17 16 72 22 9 6 3 8 7 9 3 17 21 5 5 5 7 16 14 3 2 3 2 2 2 4 10 8 5 2 2 2 1 1 1 1 1 0 0 0 0 0 0 0 0 0 0 0 0 0 0 0 0 0 0 0 0 0 0 0 0 0 0 0 0 0 0 0 0 2 1 2 2 3 4 4 6 10
11 8 15 4 4 16 16 44 40 16 8 2 1 1 1 2 3 5 6 18 48 67 24 9 2 2 5 1 3 12 17 7 3 4 3 3 4 2 1 2 2 1 1 2 11 6 5 2 1 1 0 0 0 0 0 0 0 0 0 0 0 0 0 0 0 0 0 0 0 0 0 0 0 0 0 0 0 0 0 0 0 0 0 0 0 0 1 2 2 3 3 3 4 8 7 12
21 12 3 2 3 6 11 20 33 12 5 3 1 0 1 2 1 2 8 41 31 46 27 14 5 1 6 4 1 1 7 4 4 2 1 1 2 4 1 1 1 1 1 1 4 5 7 2 1 1 0 0 0 0 0 0 0 0 0 0 0 0 0 0 0 0 0 0 0 0 0 0 0 0 0 0 0 0 0 0 0 0 0 0 0 0 1 2 1 1 1 1 2 5 5 4
32 20 5 2 1 5 4 10 24 18 3 2 1 1 1 1 1 4 15 28 8 18 24 5 3 2 1 2 3 0 2 4 1 1 1 1 1 1 1 1 1 1 0 0 1 4 7 3 2 1 1 0 0 0 0 0 0 0 0 0 0 0 0 0 0 0 0 0 0 0 0 0 0 0 0 0 0 0 0 0 0 0 0 0 0 0 1 1 1 1 1 1 2 3 3 3
33 19 7 5 1 1 3 5 31 3 4 1 1 1 1 1 1 2 13 5 1 7 48 5 2 3 1 1 1 3 2 1 1 1 1 0 0 0 0 1 1 0 0 0 0 2 6 2 2 1 0 0 0 0 0 0 0 0 0 0 0 0 0 0 0 0 0 0 0 0 0 0 0 0 0 0 0 0 0 0 0 0 0 0 0 0 1 1 1 1 1 1 1 3 3 2
28 17 8 3 2 1 3 3 17 5 1 2 1 1 0 0 0 4 4 2 8 14 34 14 3 1 2 3 1 3 2 1 1 0 1 0 0 0 0 0 0 0 0 1 2 3 4 3 5 3 1 0 0 0 0 0 0 0 0 0 0 0 0 0 0 0 0 0 0 0 0 0 0 0 0 0 0 0 0 0 0 0 0 0 0 0 0 1 1 1 2 2 2 1 3 4
18 9 5 3 2 2 1 1 4 13 2 1 1 1 0 0 0 2 1 2 2 7 29 11 4 4 1 1 1 3 1 1 1 1 0 0 0 0 0 0 0 0 0 3 1 1 3 2 4 4 3 1 0 0 0 0 0 0 0 0 0 0 0 0 0 0 0 0 0 0 0 0 0 0 0 0 0 0 0 0 0 0 0 0 0 0 0 1 1 1 1 3 2 3 7 4
17 12 4 2 2 1 1 1 2 5 4 1 0 0 0 0 0 1 1 1 2 8 30 9 5 2 3 1 1 2 1 0 0 0 0 0 0 0 0 0 0 0 1 2 0 1 1 1 3 2 1 1 1 0 0 0 0 0 0 0 0 0 0 0 0 0 0 0 0 0 0 0 0 0 0 0 0 0 0 0 0 0 0 0 0 0 0 0 0 1 1 2 1 1 2 3
58 29 9 2 1 1 1 1 1 3 4 1 1 0 0 0 0 0 0 0 2 4 16 7 2 1 1 1 1 0 1 0 0 0 0 0 0 0 0 0 0 1 1 0 0 1 0 1 1 2 2 2 2 1 0 0 0 0 0 0 0 0 0 0 0 0 0 0 0 0 0 0 0 0 0 0 0 0 0 0 0 0 0 0 0 0 0 0 0 0 1 3 1 1 2 1
12 44 22 6 2 1 0 1 1 1 6 2 1 0 0 0 0 0 0 0 1 3 8 9 2 1 0 1 1 1 1 1 0 0 0 0 0 0 0 0 0 1 0 0 0 0 0 0 1 1 1 1 1 1 1 0 0 0 0 0 0 0 0 0 0 0 0 0 0 0 0 0 0 0 0 0 0 0 0 0 0 0 0 0 0 0 0 0 0 1 1 1 1 1 1 2
3 35 5 21 8 2 0 0 0 1 3 1 1 0 0 0 0 0 0 0 1 3 3 7 3 1 1 0 0 0 0 0 0 0 0 0 0 0 0 0 0 0 0 0 0 0 0 0 1 1 0 0 0 0 1 1 0 0 0 0 0 0 0 0 0 0 0 0 0 0 0 0 0 0 0 0 0 0 0 0 0 0 0 0 0 0 0 0 0 0 0 0 1 1 2 2
5 6 3 13 4 4 1 0 0 0 1 1 0 0 0 0 0 0 0 1 0 0 5 6 6 2 1 1 0 0 0 0 0 0 0 0 0 0 0 0 0 0 0 0 0 1 0 0 1 1 0 0 0 0 1 0 0 0 0 0 0 0 0 0 0 0 0 0 0 0 0 0 0 0 0 0 0 0 0 0 0 0 0 0 0 0 0 0 0 0 0 1 1 2 3 3
5 5 3 2 3 1 4 0 0 0 0 0 0 0 0 0 0 0 0 0 1 4 6 5 7 3 1 1 0 0 0 0 0 0 0 0 0 0 0 0 0 0 0 0 0 1 0 0 2 1 1 0 0 0 0 0 0 0 0 0 0 0 0 0 0 0 0 0 0 0 0 0 0 0 0 0 0 0 0 0 0 0 0 0 0 0 0 0 0 0 0 0 1 0 1 1
5 2 3 2 2 0 1 1 0 0 0 0 0 0 0 0 0 0 0 1 2 2 4 3 3 4 1 0 0 0 0 0 0 0 0 0 0 0 0 0 0 0 0 0 0 0 0 0 1 1 0 0 0 0 0 0 0 0 0 0 0 0 0 0 0 0 0 0 0 0 0 0 0 0 0 0 0 0 0 0 0 0 0 0 0 0 0 1 1 0 0 0 0 1 1 2
2 3 3 2 1 0 0 0 0 0 0 0 0 0 0 0 0 0 0 1 1 0 2 1 1 2 1 0 0 0 0 0 0 0 0 0 0 0 0 0 0 0 0 0 0 0 0 0 1 0 0 0 0 0 0 0 0 0 0 0 0 0 0 0 0 0 0 0 0 0 0 0 0 0 0 0 0 0 0 0 0 1 1 1 1 1 1 1 0 0 0 0 0 0 2 2
1 1 1 1 0 0 0 0 0 0 0 0 0 0 0 0 0 0 0 0 0 0 1 3 0 1 0 1 0 0 0 0 0 0 0 0 0 0 0 0 0 0 0 0 0 0 0 1 2 0 0 0 0 0 0 0 0 0 0 0 0 0 0 0 0 0 0 0 0 0 0 0 0 0 0 0 0 0 0 0 0 0 0 1 2 1 2 2 1 1 1 1 1 1 1 1
0 0 0 0 0 0 0 0 0 0 0 0 0 0 0 0 0 0 0 0 0 0 0 0 0 0 0 0 0 0 0 0 0 0 0 0 0 0 0 0 0 0 0 0 0 0 0 0 1 0 0 0 0 0 0 0 0 0 0 0 0 0 0 0 0 0 0 0 0 0 0 0 0 0 0 0 0 0 0 0 0 0 0 0 1 2 3 4 2 4 3 2 2 2 1 5
0 0 0 0 0 0 0 0 0 0 0 0 0 0 0 0 0 0 0 0 0 0 0 0 0 0 0 0 0 0 0 0 0 0 0 0 0 0 0 0 0 0 0 0 0 0 0 0 0 0 0 0 0 0 0 0 0 0 0 0 0 0 0 0 0 0 0 0 0 0 0 0 0 0 0 0 0 0 0 0 0 0 0 0 1 1 1 1 6 6 2 6 4 4 3 4
