sesion_6_simulaciones/modelos_agentes/ejemplos_netlogo/scenarios/cgcm2_a2/rob_2088.asc
NCOLS 322 
NROWS 307 
XLLCORNER 451900 
YLLCORNER 4086900 
CELLSIZE 100 
NODATA_value -9999 
[rows 222 to 295 of 307, columns 96 to 191 of 322]
8 4 3 2 1 1 0 0 0 0 0 0 0 0 0 0 0 0 0 0 0 0 1 1 0 2 6 13 5 3 3 7 7 11 2 1 0 0 0 1 1 2 3 7 10 14 21 38 40 42 42 40 43 44 41 37 36 43 61 63 60 62 26 44 8 20 15 18 21 18 12 14 9 10 19 16 15 4 4 2 12 9 11 11 13 7 26 38 54 30 27 35 23 19 28 18
6 2 1 1 0 0 0 0 0 0 0 0 0 0 0 0 0 0 0 1 0 1 1 1 1 2 2 5 20 7 5 11 18 5 1 1 0 0 0 1 1 2 4 6 9 12 17 26 36 35 39 28 33 37 43 60 67 35 15 20 21 21 16 14 36 6 10 9 26 19 14 25 8 9 20 13 13 3 12 12 23 57 19 17 15 20 12 14 49 70 50 51 51 34 29 27
2 1 1 1 0 0 0 0 0 0 0 0 0 0 0 0 0 0 0 1 1 1 1 2 4 3 2 4 17 12 11 15 6 3 1 1 0 0 0 1 1 2 4 5 7 11 13 17 28 33 34 34 51 29 45 72 27 23 18 17 5 18 20 9 9 16 3 14 18 14 26 22 5 7 8 11 7 5 6 12 10 7 39 27 18 21 27 14 14 50 83 66 62 44 48 41
2 1 0 0 0 0 0 0 0 0 0 0 0 0 0 0 0 1 2 1 5 2 2 2 6 10 3 9 15 34 19 7 2 2 1 0 0 0 0 1 1 2 4 5 6 10 12 14 26 27 30 32 50 40 20 16 20 17 13 10 29 45 13 21 17 54 26 10 15 14 25 20 12 12 12 16 9 7 12 25 22 9 3 10 53 43 26 27 23 22 70 67 60 54 39 30
3 1 0 0 0 0 0 0 0 0 0 0 0 0 0 0 0 0 1 5 10 4 4 3 6 14 18 10 22 26 7 4 1 1 1 0 0 0 0 1 1 1 3 3 4 12 15 23 22 24 35 46 40 31 29 25 34 25 16 36 9 14 32 42 23 68 25 19 3 14 11 17 11 10 13 15 11 4 12 31 17 13 27 19 19 11 16 32 33 44 27 39 52 40 24 28
2 1 0 0 0 0 0 0 0 0 0 0 0 0 0 0 0 0 1 1 3 10 4 7 5 9 28 32 23 14 4 3 3 3 2 0 0 0 0 0 1 2 4 5 8 12 16 17 22 23 28 26 19 28 25 26 44 32 39 12 14 21 19 26 51 23 32 29 42 9 6 13 16 3 3 6 6 10 20 9 63 40 59 37 57 28 46 38 32 23 24 45 36 28 20 12
2 1 1 0 0 0 0 0 0 0 0 0 0 0 0 1 1 1 1 2 3 3 14 25 7 12 21 36 22 7 10 6 4 2 2 1 0 0 1 0 1 3 4 4 5 9 11 14 25 23 34 30 32 31 24 36 43 71 32 24 15 31 43 71 30 21 27 23 13 11 14 7 8 2 4 6 8 8 48 31 12 10 27 52 35 41 36 44 27 37 34 27 21 26 25 29
2 1 0 0 0 0 0 0 0 0 0 0 0 0 0 0 1 4 4 3 4 3 4 19 10 13 18 53 30 17 24 16 5 3 3 1 0 0 1 1 1 2 4 6 5 6 7 10 21 23 25 26 28 22 42 42 25 23 16 27 17 13 16 27 13 6 11 15 5 7 2 10 5 3 7 3 4 11 7 13 14 14 20 27 21 21 37 48 28 34 22 13 19 15 16 18
1 1 0 0 0 0 0 0 0 0 0 0 0 0 0 0 1 2 5 9 15 13 4 8 32 9 10 33 50 55 25 15 8 4 1 0 0 0 1 2 5 3 3 6 9 8 10 11 12 13 15 14 20 22 32 17 20 17 18 16 18 16 21 22 20 27 25 26 16 14 13 10 6 2 3 5 2 6 9 15 23 26 21 50 31 15 28 19 20 33 16 11 10 18 16 13
2 1 1 0 0 0 0 0 0 0 0 0 0 0 0 0 1 2 4 9 15 17 15 15 16 20 12 19 50 45 26 14 8 4 2 1 1 1 2 4 6 9 11 7 9 11 11 12 15 15 18 19 20 19 11 12 9 9 8 7 7 6 6 24 29 27 11 20 17 11 6 5 5 2 2 4 9 9 11 37 24 31 33 38 33 29 18 20 20 23 24 18 12 11 15 9
1 1 1 0 0 1 0 0 0 0 0 0 0 0 0 0 2 3 7 14 14 13 6 14 38 23 15 17 39 43 33 24 5 4 2 1 1 2 2 3 7 8 12 22 13 13 9 18 28 32 41 32 16 12 10 14 10 10 19 17 11 15 12 9 8 10 11 9 12 12 13 12 17 1 3 2 9 14 19 11 15 29 37 27 31 55 44 29 25 18 13 11 15 11 10 6
2 2 1 1 1 1 0 0 0 0 0 0 0 0 0 0 1 3 6 11 13 24 5 15 15 30 29 35 48 48 36 24 10 3 2 1 1 3 5 4 4 9 12 14 21 31 21 10 21 35 45 50 33 16 19 22 33 28 32 39 29 24 20 11 18 29 14 13 6 18 26 23 19 15 9 19 26 8 34 15 61 42 28 48 36 31 41 43 58 27 14 11 11 7 3 4
7 2 1 2 1 0 0 0 0 0 0 1 1 1 0 0 1 3 5 8 16 18 11 7 16 20 52 43 29 27 21 15 5 2 1 1 1 3 5 5 8 11 15 16 17 23 23 40 22 28 34 33 30 36 29 36 32 38 49 34 20 20 26 17 11 8 16 16 7 8 4 2 2 1 8 2 10 39 20 19 6 17 49 52 30 33 57 35 48 24 30 18 8 11 7 7
8 5 4 2 0 0 0 0 0 0 1 1 2 1 0 0 1 2 3 10 21 22 24 9 12 23 28 52 25 16 12 6 2 1 0 2 3 4 7 9 10 15 16 16 24 27 29 31 41 32 37 33 40 54 31 30 36 32 33 34 28 38 35 31 18 8 18 14 18 8 9 5 4 3 14 3 3 7 10 10 7 3 50 68 44 47 59 66 45 41 39 31 25 28 11 4
6 7 4 1 0 0 0 0 0 0 2 2 4 2 1 1 1 2 3 8 11 21 40 19 9 27 26 54 33 19 6 3 2 1 1 4 4 4 9 10 11 14 16 22 29 32 49 35 45 56 42 52 43 45 37 30 29 31 54 37 45 29 23 35 28 13 10 11 9 5 20 4 2 8 6 9 8 25 22 18 18 12 9 40 53 65 76 60 38 31 18 20 21 9 6 9
23 11 3 1 1 0 0 0 1 0 1 4 5 7 3 1 3 4 3 4 19 25 21 33 8 17 24 40 31 24 18 12 7 2 2 4 5 4 12 11 12 15 18 28 40 40 58 49 36 29 59 76 75 42 41 16 26 28 41 27 48 29 22 18 17 11 6 8 5 15 3 3 2 3 4 2 6 10 14 14 13 13 18 19 42 32 20 53 43 28 24 13 8 10 9 6
12 4 2 1 0 0 0 1 2 1 1 3 8 9 7 5 2 6 6 8 16 19 29 40 20 22 34 48 41 32 28 13 8 3 2 5 9 7 9 14 17 19 24 42 43 52 57 55 53 41 42 58 59 57 34 15 22 28 18 35 43 36 7 35 6 11 9 6 4 8 2 2 2 5 7 5 9 17 52 24 39 19 23 23 21 16 32 34 26 32 14 9 9 7 6 4
4 2 1 0 0 0 1 1 2 3 2 2 7 14 16 6 2 8 14 23 22 11 35 56 36 33 45 45 37 45 32 12 8 3 2 6 9 8 7 12 21 20 27 35 44 54 57 57 57 55 45 56 66 52 42 14 21 34 30 25 30 29 6 15 13 10 13 4 5 4 1 3 5 5 3 3 5 12 20 10 23 35 44 23 31 24 20 29 20 11 12 14 14 13 11 4
2 1 1 0 0 0 1 2 3 5 6 4 10 18 22 13 4 10 12 42 33 11 30 49 45 20 15 71 63 35 28 18 8 3 1 8 13 13 9 22 23 33 30 39 49 42 59 60 59 66 46 57 58 40 41 11 18 21 27 28 23 17 14 13 13 10 7 6 4 2 2 3 3 4 4 3 5 19 16 14 21 19 50 49 35 45 44 25 13 11 9 6 11 9 6 3
2 1 0 0 0 1 2 2 3 9 15 11 9 16 29 26 10 6 15 28 36 22 30 46 60 24 27 71 46 46 41 23 12 2 2 11 12 8 23 15 29 39 32 41 42 44 68 61 60 59 56 46 33 38 67 24 10 24 35 20 14 8 6 14 9 8 5 8 4 1 2 2 3 4 7 8 12 37 30 31 25 26 35 37 44 56 40 35 28 20 11 12 12 4 5 2
1 2 1 0 0 1 2 4 5 7 14 13 10 20 34 34 13 8 34 28 29 37 34 51 67 68 55 68 60 53 38 18 6 2 4 11 14 15 18 32 20 37 48 38 31 40 59 62 61 54 56 57 46 42 62 33 32 11 21 40 18 14 6 5 3 8 6 6 1 1 1 4 3 3 4 7 12 54 44 38 45 20 22 27 31 36 46 43 20 16 16 11 11 8 6 3
3 2 1 1 1 2 3 6 7 10 19 28 21 26 28 44 16 9 27 27 31 40 41 53 70 79 57 72 43 37 37 18 4 3 4 5 9 34 18 21 36 29 45 39 41 58 58 47 58 58 52 50 59 68 65 54 14 7 23 25 26 10 6 5 5 2 1 1 1 1 7 3 2 7 3 7 7 21 21 34 23 34 53 37 26 23 17 19 22 19 13 10 9 7 5 2
7 3 1 1 1 2 4 9 15 20 24 22 37 19 36 49 21 25 15 45 48 46 36 54 64 61 45 35 27 28 18 13 3 2 4 6 14 27 31 20 26 45 19 60 42 47 59 45 42 69 56 32 55 58 52 55 41 9 7 8 15 13 7 4 2 1 0 0 1 1 11 4 5 8 62 39 22 28 25 36 44 57 42 51 43 47 33 30 28 18 12 6 4 4 1 0
3 1 1 2 4 3 6 12 10 22 26 30 43 20 39 48 26 39 19 33 57 51 65 44 71 57 36 32 21 20 17 6 3 3 8 6 9 17 30 30 42 28 29 35 63 42 37 48 57 71 57 45 32 36 34 54 58 9 7 10 10 5 4 2 1 1 1 0 2 4 2 6 20 30 50 48 40 44 35 52 63 50 36 20 33 29 37 33 18 18 13 5 3 2 1 0
2 0 2 5 5 6 10 15 18 17 31 35 53 36 44 52 27 40 48 28 33 50 42 78 53 61 31 28 26 12 5 5 5 6 12 14 14 8 12 9 17 29 39 64 39 47 55 51 45 46 53 56 23 21 16 13 30 20 9 5 5 3 1 1 0 0 0 2 2 5 2 2 5 21 7 29 74 73 66 63 70 48 32 34 34 17 17 16 24 18 3 4 3 3 3 1
1 1 3 10 16 8 12 16 21 27 32 38 46 55 36 58 28 30 50 40 38 59 33 61 68 38 24 19 6 6 9 13 11 7 15 15 13 13 10 24 22 26 37 54 67 42 34 52 35 51 41 39 33 26 14 18 7 18 9 4 4 2 2 1 1 0 0 3 1 3 4 6 12 9 10 11 33 45 59 46 26 29 29 32 24 21 20 16 9 6 4 3 1 2 4 2
3 1 4 13 17 11 13 17 17 27 37 43 46 54 53 73 33 32 47 50 46 58 78 54 37 44 38 25 15 12 19 17 16 8 6 14 11 16 23 24 25 31 38 46 46 58 36 31 41 40 37 29 38 26 16 8 4 7 4 3 2 2 1 1 1 1 0 3 2 2 4 7 43 24 24 20 13 8 30 45 42 19 21 19 27 21 10 5 3 2 1 2 3 4 6 5
3 2 5 17 18 19 12 25 18 30 56 44 41 45 74 72 34 35 34 47 46 61 78 26 48 45 29 25 30 29 35 39 20 16 8 15 13 20 32 19 28 43 55 52 38 48 35 52 34 38 51 60 23 11 9 7 9 1 1 7 2 1 3 2 1 1 3 9 2 3 4 34 53 33 24 18 19 23 19 27 36 25 18 21 25 21 9 7 6 3 2 3 5 6 6 6
4 3 6 20 22 21 14 31 33 34 57 43 62 54 55 62 65 45 56 38 52 45 80 67 45 32 33 39 30 43 49 47 23 13 10 5 18 29 18 32 41 42 61 64 64 43 53 17 9 13 47 9 21 12 14 6 1 1 1 1 2 0 1 1 0 1 4 2 2 2 3 5 4 12 20 16 19 23 18 20 25 15 22 23 29 31 21 26 11 7 2 6 7 8 12 8
4 3 7 21 25 36 15 35 42 40 35 45 36 64 63 35 32 66 44 43 36 58 65 43 40 36 38 42 51 73 46 25 14 15 17 7 13 14 45 39 44 50 54 69 42 57 39 31 19 31 29 4 29 29 13 3 4 2 2 0 3 0 1 0 0 1 1 9 3 1 5 21 16 27 26 21 20 26 30 40 31 30 28 28 26 36 38 13 10 4 4 8 8 9 13 4
3 10 13 24 31 39 19 19 29 47 53 54 32 29 48 67 30 24 71 60 31 57 68 45 53 27 57 77 62 39 28 28 23 15 12 4 11 9 23 35 40 66 62 43 27 43 33 43 42 42 22 13 19 29 15 12 4 1 1 1 2 0 0 0 0 1 1 1 1 1 5 10 13 18 29 35 23 24 19 31 16 13 18 43 41 40 22 13 4 5 9 9 10 17 17 4
6 16 24 28 31 29 36 29 30 23 37 56 24 21 45 55 56 45 14 33 34 56 37 39 31 60 48 34 39 29 32 39 31 12 15 7 15 19 29 27 20 43 42 26 34 35 37 25 38 36 30 19 32 22 10 6 1 2 0 1 0 1 0 0 1 1 0 1 3 4 4 10 20 22 22 34 23 21 18 28 40 31 47 40 36 26 29 14 6 10 11 11 21 20 16 9
10 19 25 26 32 45 39 51 42 32 24 35 65 24 47 40 41 59 36 18 28 59 17 39 73 35 35 44 47 47 40 24 11 15 19 13 17 23 32 25 32 46 34 20 41 41 16 15 40 29 10 7 11 7 8 1 2 1 2 0 0 0 1 0 3 3 1 4 5 3 12 13 26 35 43 44 32 23 30 33 42 38 48 34 35 34 16 10 7 12 12 14 22 34 10 7
15 23 26 16 21 57 60 48 39 38 55 35 39 59 33 36 41 18 57 27 28 39 69 49 38 48 55 57 57 53 34 18 13 15 28 12 15 25 41 44 41 47 48 40 41 19 21 26 14 16 11 8 8 6 4 3 1 1 1 1 0 0 0 2 2 1 1 2 5 4 14 12 16 35 50 35 29 40 31 36 42 44 33 41 34 21 7 8 14 14 22 22 30 28 14 8
22 33 29 21 27 47 46 59 61 35 46 53 44 47 58 33 44 21 19 40 18 19 57 55 53 49 47 54 56 35 35 31 24 9 18 6 12 18 31 50 50 50 29 40 30 37 23 19 19 26 13 6 6 6 5 3 1 1 1 1 0 0 0 0 0 3 4 3 1 4 11 12 22 20 28 55 29 34 17 17 22 24 41 37 29 21 14 10 15 15 23 16 49 21 16 12
18 25 35 27 30 33 45 44 48 53 62 51 44 47 68 57 22 17 22 20 44 45 54 43 53 60 59 58 54 46 37 33 27 13 27 8 10 20 33 46 49 58 53 45 39 34 29 37 16 16 14 9 5 5 4 4 2 1 0 0 0 0 0 0 1 0 0 0 1 8 6 9 20 23 31 21 19 11 8 24 39 38 17 32 41 33 13 19 16 24 20 19 49 21 17 14
21 37 43 41 41 31 32 48 51 51 63 60 55 46 55 57 34 31 21 25 21 47 51 49 34 49 50 54 38 52 46 36 28 25 34 5 22 30 34 32 23 52 57 47 35 38 41 27 17 29 26 20 4 5 5 3 1 1 0 0 0 0 1 0 0 1 1 2 2 4 5 8 11 13 29 9 11 15 11 42 37 18 31 33 37 48 24 31 29 19 19 12 35 22 19 15
23 34 61 41 44 42 37 50 53 48 45 56 49 48 62 37 39 44 27 21 20 36 36 31 31 45 52 48 49 40 37 37 46 38 14 4 23 40 47 46 38 49 59 42 35 41 23 15 23 38 24 17 12 5 5 2 1 1 0 0 0 0 0 0 1 1 4 4 3 6 8 18 12 10 8 11 25 35 19 37 37 38 30 30 28 30 40 35 20 23 18 7 26 34 6 9
28 22 49 57 42 42 36 51 55 46 40 40 51 61 54 47 37 47 27 15 23 61 37 53 34 41 51 60 49 37 48 49 42 28 18 10 15 32 57 65 56 52 37 50 31 34 23 17 23 13 8 7 8 9 2 1 1 0 0 0 0 0 0 0 1 2 3 3 7 3 9 6 5 7 9 30 27 37 47 12 28 31 39 43 33 27 53 43 23 26 14 16 32 25 10 15
28 25 37 60 58 43 50 52 47 46 45 34 45 57 53 37 31 19 27 14 21 52 39 57 39 41 45 38 46 36 63 43 34 25 27 19 25 33 42 54 69 66 53 40 47 17 16 25 14 8 7 7 5 4 13 2 0 0 0 0 0 0 0 0 0 1 7 6 3 2 3 6 7 15 14 32 33 39 25 33 34 18 40 36 30 38 45 29 38 21 13 15 46 20 14 20
35 58 44 46 55 43 38 51 50 39 49 34 18 27 55 56 43 24 19 31 19 60 61 28 39 52 32 35 33 50 43 45 42 18 22 15 24 45 41 42 42 48 38 54 32 32 13 23 24 8 11 11 7 6 3 1 1 0 0 0 0 0 0 0 1 1 7 1 3 1 4 11 25 9 16 34 22 21 37 33 11 16 35 41 48 42 37 24 35 26 15 20 38 32 22 20
33 42 56 57 55 40 41 48 41 36 35 40 30 33 35 46 35 11 14 30 14 52 38 40 42 37 19 35 31 40 54 47 53 29 22 18 24 47 39 48 59 42 23 46 17 34 21 13 19 15 21 11 8 4 2 1 1 0 0 0 0 0 2 1 0 3 1 1 6 5 14 11 11 21 17 12 20 44 23 11 8 30 49 39 43 47 30 25 21 21 30 21 22 42 25 22
45 54 48 53 51 40 47 42 42 34 20 32 32 42 35 35 33 32 40 41 27 36 26 33 32 45 34 36 53 29 48 56 48 37 39 14 22 42 61 45 47 37 39 30 26 18 33 7 12 11 12 8 5 2 2 1 2 0 0 0 0 0 0 0 0 1 1 3 4 4 4 11 24 37 17 14 37 36 31 18 20 29 12 17 38 54 28 26 21 32 31 21 17 61 27 36
44 49 41 41 14 30 53 32 41 39 28 25 38 43 28 36 23 40 30 40 30 24 38 24 26 36 62 50 27 40 39 49 50 33 32 13 22 44 38 43 38 28 43 41 40 17 8 33 9 24 8 6 2 4 2 2 1 1 0 0 0 0 1 1 0 1 1 3 6 3 3 12 34 28 13 31 26 16 19 65 44 17 23 41 27 24 30 16 20 28 30 22 34 64 47 42
42 32 19 10 8 16 50 31 19 23 26 16 20 40 52 43 13 12 34 20 27 25 38 39 11 39 55 30 27 44 27 55 58 50 27 5 17 35 38 46 33 29 35 40 42 28 10 6 2 2 10 8 2 3 1 3 1 0 0 0 0 1 0 1 1 1 1 1 4 3 4 16 24 10 16 32 30 4 28 28 18 32 50 41 29 27 25 9 29 29 33 24 45 84 52 30
43 44 29 28 29 22 26 43 13 16 11 25 20 28 44 31 45 11 15 25 31 35 43 55 36 15 36 40 35 22 50 45 45 42 26 11 10 22 46 50 17 31 48 39 31 15 13 11 9 6 4 3 6 1 0 0 0 0 0 0 0 0 0 0 1 0 1 0 1 2 8 8 11 20 12 15 9 10 21 17 21 40 44 30 25 13 9 8 20 27 30 28 46 69 49 16
53 38 41 35 21 26 20 21 26 25 17 42 22 25 19 21 31 29 21 29 30 25 41 34 10 19 30 25 25 33 53 49 26 28 37 20 15 15 26 32 7 15 19 18 18 11 10 7 23 13 5 3 2 1 1 0 0 1 0 0 0 0 0 0 1 1 0 0 2 4 2 5 3 9 10 17 4 27 21 44 23 22 17 19 23 17 11 20 21 30 29 38 45 68 17 13
31 32 38 31 33 19 15 27 44 41 13 15 31 26 10 9 7 13 24 22 7 10 15 19 27 7 28 46 18 46 36 37 36 26 41 17 28 9 27 39 33 12 16 17 8 10 3 2 4 6 2 7 4 2 0 0 0 0 0 0 0 0 0 0 0 1 0 2 2 1 2 3 5 7 3 7 22 32 51 18 19 22 27 36 21 13 10 22 31 30 29 21 55 68 44 12
32 49 34 33 32 30 21 30 43 28 26 15 11 19 22 11 17 10 5 14 6 13 32 28 21 15 27 16 18 44 36 44 31 15 33 16 20 16 10 29 22 35 25 14 9 12 10 4 5 7 7 5 1 1 1 0 0 0 0 0 0 0 0 0 0 0 1 2 3 3 2 3 3 2 12 16 13 26 28 17 15 20 27 26 17 16 11 27 32 21 27 31 19 41 44 14
34 34 31 24 33 43 19 26 28 32 25 21 27 14 7 21 14 6 10 12 20 6 6 12 13 28 26 41 19 25 39 32 23 42 23 13 16 26 11 30 33 35 38 11 11 21 9 3 6 8 2 3 1 1 1 0 0 0 0 0 0 0 0 0 0 0 1 0 0 1 2 1 6 15 7 10 10 11 13 12 8 14 18 24 21 16 11 20 34 18 28 20 27 28 26 16
28 28 44 28 40 48 13 21 30 34 29 21 31 22 31 14 24 31 8 14 20 5 9 13 17 36 34 55 22 26 30 32 45 21 17 11 11 36 13 15 27 38 18 17 19 17 3 2 21 32 3 3 2 1 0 0 1 0 0 0 0 0 0 0 0 0 0 0 1 2 3 6 3 6 5 4 4 14 10 10 16 31 16 16 21 10 17 17 32 15 19 6 3 9 36 51
28 34 41 39 32 25 13 20 30 35 30 19 14 14 25 27 13 6 9 8 7 3 8 7 21 22 44 28 29 46 44 37 26 26 10 4 4 36 13 12 18 21 18 17 15 12 1 4 7 6 7 3 2 0 0 0 0 0 0 0 0 0 0 0 0 0 0 0 2 4 7 8 4 3 3 5 24 22 11 12 22 19 19 31 6 11 20 24 28 13 6 4 11 13 12 31
31 17 18 39 29 34 24 9 27 27 32 20 20 11 17 11 14 4 5 4 3 6 7 9 9 24 18 31 40 63 37 44 33 33 23 3 20 30 12 12 19 9 16 15 11 7 2 4 3 4 3 2 2 1 1 0 0 0 0 0 0 0 0 0 0 0 0 2 1 1 3 2 2 3 6 11 17 11 9 28 25 20 27 10 9 22 41 18 6 4 8 16 10 38 21 30
27 7 21 32 39 29 31 15 11 18 24 13 16 13 18 18 7 4 9 5 1 5 30 11 11 13 8 15 22 33 38 42 28 16 21 10 20 13 17 13 25 17 14 18 18 10 5 4 3 3 2 3 1 1 0 0 0 0 0 0 0 0 0 0 0 0 0 0 1 0 2 4 3 8 8 11 16 20 17 29 23 13 10 6 20 39 8 4 5 10 11 21 31 25 26 16
23 10 11 8 27 29 37 18 3 11 19 11 14 9 30 14 5 1 3 4 1 7 13 7 8 3 13 25 30 27 36 26 30 23 13 11 13 11 12 8 3 15 11 24 15 14 14 19 10 7 3 6 2 0 0 0 0 0 0 0 0 0 0 0 0 0 0 0 0 0 1 4 7 15 6 5 19 26 15 14 8 17 4 15 22 8 2 8 11 16 18 17 22 31 28 16
30 17 22 6 25 35 30 16 4 3 3 15 16 9 9 11 3 4 3 7 5 2 5 9 6 5 16 25 27 21 20 18 30 22 17 19 24 6 15 11 5 8 9 13 22 8 5 3 3 2 1 2 1 0 0 1 1 0 0 0 0 0 0 0 0 0 0 0 1 0 1 4 5 7 7 10 27 24 22 16 10 7 18 19 11 2 7 17 15 14 19 14 22 25 21 18
39 13 24 6 11 26 16 6 4 4 5 6 9 19 10 9 4 3 2 4 2 4 9 5 6 12 8 20 25 25 16 25 16 10 21 18 14 11 9 15 10 6 8 8 11 8 14 5 4 5 6 2 1 0 0 1 0 0 0 0 0 0 0 0 0 0 0 0 0 0 1 3 5 7 7 8 9 11 30 10 7 7 14 5 6 17 16 15 15 15 14 11 7 6 12 19
26 12 23 9 8 24 15 18 12 11 6 6 9 13 11 11 10 4 2 3 1 2 3 5 11 8 19 30 27 14 18 21 11 9 36 19 11 12 9 4 4 6 8 13 10 10 17 5 8 4 5 1 2 1 0 0 1 0 0 0 0 0 0 0 0 0 0 0 0 0 1 2 4 6 8 3 7 19 18 29 20 11 4 6 7 10 9 21 19 12 18 10 9 5 7 2
19 12 21 15 10 13 7 17 7 7 8 6 9 6 4 7 4 3 2 2 4 1 2 9 9 12 13 15 18 17 18 18 19 11 27 16 15 10 20 6 13 14 5 6 11 17 19 8 11 8 3 1 2 0 0 1 1 0 0 0 0 0 0 0 0 0 1 1 0 0 1 2 1 3 5 4 13 30 61 20 11 6 2 7 5 25 16 11 15 16 31 22 8 6 7 2
28 12 19 13 8 7 4 13 17 9 8 8 6 6 4 6 3 2 1 1 2 1 2 5 8 5 11 18 16 17 14 17 12 21 22 15 22 37 11 7 8 8 9 7 20 8 12 15 5 5 5 3 1 1 1 1 1 0 0 0 0 0 0 0 0 0 1 1 0 0 1 1 3 7 3 16 21 25 18 23 7 2 5 11 11 12 18 9 14 23 17 19 5 4 5 2
25 13 29 15 5 7 10 6 20 7 13 10 4 2 3 2 2 2 2 1 0 2 2 2 3 4 15 12 8 13 16 6 12 29 10 33 12 34 21 7 16 6 15 10 22 17 13 12 4 7 4 2 1 1 1 1 0 0 0 0 0 0 0 0 0 0 0 0 0 1 0 0 2 3 14 13 7 23 13 19 10 6 6 14 25 13 16 19 20 13 13 7 5 3 4 2
19 11 30 14 4 4 25 11 10 7 7 9 4 5 3 2 2 3 2 1 0 1 0 0 1 2 13 19 16 10 7 5 11 23 18 11 18 16 17 7 14 3 11 4 12 16 16 12 5 6 3 3 1 1 1 1 1 0 0 0 0 0 0 0 0 0 0 0 1 1 0 1 3 9 9 4 5 35 20 10 9 6 13 7 20 20 10 13 13 11 8 4 14 4 3 1
30 9 21 7 4 6 11 10 7 17 14 6 5 3 3 2 3 2 1 1 0 0 1 2 4 5 8 10 11 7 4 5 19 12 20 12 27 12 9 9 14 4 12 8 8 12 24 9 5 6 4 3 1 0 1 1 0 0 0 0 0 0 0 0 0 0 0 0 0 0 0 2 2 3 4 5 7 23 17 3 3 8 18 17 17 14 4 9 19 15 6 3 8 2 2 2
28 10 18 7 4 6 7 23 8 14 20 11 3 2 1 3 4 2 0 1 0 1 1 2 1 2 2 7 4 3 7 5 37 16 20 20 20 8 5 18 8 5 6 21 25 12 10 7 11 6 3 2 1 1 1 0 0 0 0 0 0 0 0 0 0 0 0 0 0 0 1 1 1 2 6 6 17 20 20 4 3 15 18 17 14 13 4 6 11 9 3 3 2 2 3 2
37 28 4 11 4 5 11 17 9 6 11 6 10 1 3 8 2 2 1 1 0 0 1 0 1 1 8 3 6 6 6 13 2 7 4 11 9 5 3 18 6 5 1 10 39 11 6 9 8 4 3 2 1 1 1 1 1 0 0 0 0 0 0 0 0 0 0 0 0 0 1 1 2 2 6 15 7 17 14 6 5 20 10 8 10 6 7 6 4 5 7 2 2 4 2 1
20 6 5 8 4 4 17 14 13 4 3 4 10 1 1 1 1 1 1 1 0 0 1 1 2 2 2 5 6 4 13 5 10 5 13 11 7 8 4 11 4 10 5 9 24 19 7 6 7 5 3 2 1 1 0 0 0 0 0 0 0 0 0 0 0 0 0 0 0 0 2 3 4 5 14 36 2 22 9 8 8 8 10 5 5 4 9 10 5 3 5 2 2 2 2 1
21 6 2 9 6 6 10 2 5 8 1 2 6 2 0 1 1 1 0 1 0 1 2 1 1 1 3 8 4 8 5 9 17 29 14 9 25 6 12 16 5 5 6 12 15 10 5 13 5 3 2 2 2 1 0 0 0 0 0 0 0 0 0 0 0 0 0 0 0 0 1 2 5 14 13 4 8 19 14 5 4 6 13 4 6 8 8 4 6 3 1 3 3 2 1 1
19 2 4 7 3 4 5 1 1 1 3 5 1 2 0 1 0 0 0 0 0 0 0 1 1 1 1 3 4 6 4 6 13 8 5 19 7 4 25 7 10 13 10 10 15 8 6 3 5 1 1 1 1 1 0 0 0 0 0 0 0 0 0 0 0 0 0 0 0 1 1 3 5 3 12 7 10 7 4 2 3 11 9 9 4 5 6 3 2 3 3 1 1 2 0 0
20 2 3 8 3 8 6 3 1 2 3 4 5 3 1 0 0 1 1 0 0 0 1 1 1 0 2 6 3 3 2 11 3 6 20 3 5 6 11 5 11 10 7 21 18 12 7 3 3 2 1 1 1 1 1 0 0 0 0 0 0 0 0 0 0 0 0 0 0 1 1 6 5 5 1 6 13 3 4 4 5 8 9 6 3 5 3 3 1 3 2 4 1 0 0 0
7 2 3 9 2 5 8 5 2 2 1 5 1 2 1 0 0 0 0 0 0 0 0 0 0 0 2 3 5 1 10 1 2 11 9 4 8 10 15 9 2 14 13 18 23 9 5 1 2 4 2 0 0 0 0 1 0 0 0 0 0 0 0 0 0 0 1 0 0 0 2 8 7 4 2 8 8 5 4 3 4 6 6 6 5 2 1 3 1 3 2 1 2 0 0 1
5 2 2 6 1 4 5 1 1 2 2 3 1 1 1 0 0 0 1 0 0 0 0 0 0 0 7 1 2 1 6 4 1 15 5 3 8 28 11 7 4 11 12 15 4 7 3 2 1 1 1 1 0 0 0 0 0 0 0 0 0 0 0 0 0 0 0 1 1 2 4 7 6 1 2 7 4 2 2 3 4 3 7 2 2 2 1 1 2 1 2 0 0 1 1 0
14 2 5 2 1 6 2 1 1 1 2 1 2 1 0 0 0 0 0 0 0 1 0 0 0 0 2 1 0 4 2 2 6 7 6 2 5 22 22 9 3 7 6 13 10 5 1 2 1 0 0 0 0 0 0 0 0 0 0 0 0 0 0 1 3 3 4 7 4 11 7 11 6 1 9 13 2 2 2 3 3 4 5 2 3 3 0 1 1 1 1 0 0 0 0 0
10 5 0 1 0 3 1 1 2 2 1 1 1 1 0 0 0 0 0 0 0 0 0 0 0 1 1 0 2 0 1 4 4 2 3 5 10 23 15 5 4 8 6 7 4 2 3 2 1 1 0 0 0 0 0 0 0 0 0 0 0 0 0 0 0 0 2 5 9 19 31 19 1 6 8 12 3 0 1 6 2 6 2 3 1 4 0 1 1 1 1 0 1 0 0 0
6 1 0 1 1 1 0 1 1 2 0 1 1 0 0 0 0 0 0 0 0 0 0 0 0 1 0 1 1 0 3 4 1 1 4 4 1 19 12 1 3 4 3 4 4 2 1 1 0 0 0 0 0 0 0 0 0 0 0 0 0 0 0 0 1 0 3 31 32 27 20 1 3 5 9 13 10 1 3 3 2 2 2 2 2 2 0 0 1 1 1 0 0 0 0 0
