sesion_6_simulaciones/modelos_agentes/ejemplos_netlogo/scenarios/cgcm2_a2/rob_2080.asc
NCOLS 322 
NROWS 307 
XLLCORNER 451900 
YLLCORNER 4086900 
CELLSIZE 100 
NODATA_value -9999 
[rows 225 to 299 of 307, columns 192 to 287 of 322]
14 12 11 8 5 3 2 2 1 1 0 0 0 0 0 1 3 4 4 4 6 10 19 35 44 42 33 35 32 48 72 51 33 33 18 20 24 21 36 18 14 14 22 25 39 37 9 16 4 3 3 1 5 3 1 2 3 4 8 22 34 36 55 45 27 32 22 28 11 13 45 24 8 7 3 4 3 1 1 0 1 1 1 0 0 1 1 2 3 3 4 12 14 13 19 23
15 12 9 4 1 2 2 2 1 0 0 0 0 0 1 2 2 5 7 10 6 11 24 26 45 69 47 42 43 32 48 59 30 38 29 31 35 32 20 19 11 14 14 14 17 23 12 29 13 3 11 6 2 1 1 2 10 11 14 26 48 48 42 30 26 27 35 50 27 20 19 6 9 7 8 6 3 2 1 0 2 2 1 0 1 1 2 1 1 2 4 4 12 16 14 23
11 16 12 9 7 5 2 1 1 0 0 0 0 0 2 2 4 3 10 20 20 26 25 29 42 67 76 48 62 38 43 54 38 25 43 42 30 25 25 21 5 10 9 13 21 21 28 38 35 8 6 5 3 1 2 2 5 6 18 39 47 42 29 21 49 42 52 47 30 26 10 8 10 14 11 9 7 5 2 1 1 2 2 1 1 1 1 1 1 2 3 5 7 8 16 25
17 11 6 5 4 2 1 1 0 0 0 0 0 1 2 2 2 5 14 22 36 51 62 45 47 56 79 39 59 36 36 53 21 22 39 40 39 34 24 22 13 13 11 9 23 26 22 33 20 17 8 5 3 2 7 15 10 23 36 54 34 20 22 37 70 64 44 33 28 18 19 16 22 19 24 14 10 6 1 0 1 4 3 2 3 2 1 3 2 3 5 7 8 9 9 24
20 11 6 4 2 2 1 1 0 0 0 0 0 1 1 1 1 5 7 15 20 41 61 73 61 50 65 62 70 37 57 31 18 18 26 42 40 43 19 20 19 21 12 11 17 25 26 19 12 9 10 9 3 5 7 6 17 11 28 7 16 37 41 71 67 48 38 29 38 40 35 32 29 35 15 11 7 4 2 0 0 4 7 4 2 3 4 4 2 2 4 7 15 16 20 26
6 7 6 1 1 1 1 0 0 0 0 0 0 1 2 2 7 3 7 12 28 36 55 53 68 62 68 72 60 33 45 22 18 40 25 38 38 25 22 27 29 28 11 12 32 27 33 20 20 6 5 4 3 1 3 2 49 22 9 20 32 36 48 44 29 28 30 34 28 36 52 52 39 15 5 4 3 2 0 0 1 1 7 4 3 4 10 14 4 3 4 9 11 10 19 25
2 2 4 2 2 2 1 0 0 0 0 0 0 2 4 7 7 7 13 24 25 37 55 63 54 56 60 54 53 53 62 29 21 29 37 26 33 28 23 22 24 15 18 11 12 17 28 25 16 10 3 3 2 2 5 7 2 67 60 31 19 10 25 24 37 34 27 21 13 43 74 54 28 13 6 2 1 1 0 0 1 2 4 3 8 4 8 10 16 4 4 11 11 17 14 23
3 1 0 2 2 1 1 0 0 0 0 0 1 2 6 7 5 8 18 21 22 49 64 67 50 51 58 45 64 75 38 29 28 44 23 35 32 30 27 25 23 20 37 9 18 20 24 18 8 3 10 3 3 4 9 27 16 15 25 28 13 31 18 23 21 32 30 13 26 45 52 28 24 19 6 2 1 1 1 2 1 2 2 11 10 3 2 4 22 5 6 12 13 14 11 15
2 2 1 1 2 1 0 0 0 0 0 0 1 1 3 5 10 15 24 45 30 31 68 54 67 50 52 53 15 72 41 34 26 42 33 22 26 34 27 25 25 20 40 9 9 42 22 16 12 5 10 3 3 15 22 6 27 27 14 6 16 8 16 23 23 26 18 52 44 21 38 21 15 12 7 1 1 2 1 1 3 4 2 5 6 8 4 9 14 15 12 7 9 24 17 16
5 3 3 1 1 0 0 0 0 0 0 0 0 1 2 3 7 12 26 43 55 61 75 56 66 60 60 49 55 49 69 34 25 31 28 11 15 28 32 37 23 10 24 27 5 18 14 32 10 8 9 5 3 12 7 9 5 6 10 21 17 20 19 34 16 19 38 19 15 29 27 21 14 4 1 1 2 1 3 2 3 3 5 7 13 16 5 7 14 15 39 18 6 11 29 24
1 3 1 1 0 0 0 0 0 0 0 0 0 0 2 3 4 12 26 37 55 46 57 17 33 54 57 16 14 30 60 20 27 62 27 23 28 34 17 6 14 5 23 26 6 19 26 12 3 6 10 6 4 7 7 3 14 19 39 22 9 15 39 54 38 32 54 54 49 37 24 17 6 3 1 1 4 2 7 2 3 5 6 6 13 13 25 8 16 10 4 23 10 10 13 20
2 1 1 1 0 0 0 0 0 0 0 0 1 0 0 1 5 8 19 32 37 25 22 46 39 37 22 22 40 30 44 40 39 41 40 34 29 24 25 11 16 15 16 28 5 10 17 11 5 3 3 7 6 7 2 7 17 7 10 16 20 38 48 54 58 57 42 34 46 37 54 26 10 3 1 0 1 6 5 3 5 6 8 4 7 13 11 28 22 20 12 29 16 3 10 9
3 1 1 0 0 0 0 0 0 0 0 1 1 1 1 1 3 7 9 10 18 51 48 41 45 49 37 25 29 35 29 27 38 36 21 25 22 24 30 9 26 19 13 28 4 6 16 8 11 8 2 2 8 7 4 7 10 8 26 19 42 33 33 72 81 50 45 27 56 26 19 15 3 3 3 3 3 8 7 7 11 7 7 7 8 6 12 30 46 52 12 11 20 10 15 26
1 1 1 0 0 0 0 0 0 0 1 2 1 1 1 1 1 3 5 13 21 29 40 30 22 32 41 25 33 20 28 31 28 54 24 32 19 31 17 20 9 14 7 20 4 3 8 6 5 8 7 2 4 1 4 3 3 12 17 17 26 22 49 63 67 77 48 22 13 17 11 3 1 4 7 7 4 5 12 11 20 10 9 9 11 10 6 5 7 17 38 36 23 15 16 25
1 1 0 0 0 0 0 0 0 0 1 2 3 3 2 2 5 4 3 12 21 36 29 39 38 46 31 23 27 23 11 14 30 17 13 50 10 23 14 13 12 13 34 18 6 6 13 17 4 2 3 2 1 5 1 3 8 29 32 62 63 47 33 43 46 30 41 43 23 12 4 1 2 9 6 14 5 6 13 21 16 22 12 11 11 10 15 10 9 13 27 23 20 55 19 31
1 1 0 0 0 0 0 0 0 1 2 2 3 3 3 2 7 7 8 7 15 9 16 19 20 33 22 14 23 20 23 20 11 8 4 30 11 29 9 14 9 8 33 20 12 7 24 9 8 4 2 7 2 7 5 11 13 6 23 30 36 32 19 30 47 37 46 23 25 13 7 1 5 6 7 14 18 7 9 14 18 29 17 23 14 7 10 16 5 2 6 6 7 28 32 25
1 0 0 0 0 1 1 1 1 1 2 3 3 5 9 5 7 15 10 21 30 32 45 47 47 38 33 43 41 25 47 53 45 18 27 18 29 20 8 9 6 5 4 16 8 3 6 7 6 3 5 11 24 27 70 48 53 44 48 29 36 37 43 54 45 37 34 24 20 10 3 1 5 8 15 13 17 13 15 26 17 35 20 30 17 9 10 17 23 7 13 14 9 6 7 12
1 1 0 0 1 1 1 1 1 1 2 3 2 7 10 6 3 5 21 34 47 41 50 60 65 66 63 58 75 64 31 29 21 13 6 6 13 11 16 8 9 2 3 11 4 3 3 7 2 5 1 1 1 2 10 22 71 73 44 46 39 36 19 52 40 30 29 22 7 4 1 2 7 11 8 12 16 26 18 27 17 10 36 34 22 10 12 26 20 10 14 20 17 29 36 44
1 1 0 1 1 1 2 2 2 2 1 2 5 7 7 15 3 3 8 15 34 53 28 51 55 67 63 44 8 21 37 20 11 10 13 17 16 6 16 4 8 3 1 6 4 5 1 1 1 3 3 2 2 2 3 4 14 41 66 76 81 37 34 26 24 26 26 25 19 5 3 6 15 14 12 16 39 29 30 31 31 12 16 48 29 12 13 18 18 13 20 12 24 29 41 48
0 0 1 1 2 3 3 3 3 3 2 2 4 7 6 11 7 3 7 13 23 31 21 45 33 28 23 14 10 11 20 14 12 16 13 7 11 17 13 2 4 6 1 2 3 1 1 4 2 2 6 4 6 11 11 17 24 44 34 27 42 74 57 44 40 39 41 23 15 5 4 14 16 24 25 18 34 38 30 24 21 21 8 33 45 23 24 11 28 15 27 26 18 32 31 24
1 1 2 2 3 3 4 4 4 4 2 3 4 5 9 5 16 2 3 3 9 8 17 20 24 35 28 31 33 20 32 12 12 21 15 11 10 6 3 2 4 5 34 7 2 2 1 2 3 2 8 10 5 17 33 16 16 16 20 14 17 34 57 54 47 32 35 22 10 2 8 17 18 25 27 28 20 48 33 46 23 37 25 26 64 29 39 18 30 26 26 41 26 28 23 32
0 1 2 2 4 5 4 5 5 5 3 4 5 9 14 10 11 4 4 8 6 6 17 19 27 32 34 28 26 40 35 31 25 40 10 7 7 10 8 5 15 12 2 2 11 3 1 2 2 17 26 4 13 12 12 17 30 29 37 23 22 23 24 29 33 27 18 18 9 6 9 18 20 30 24 23 23 33 41 51 36 25 40 25 66 20 25 31 20 43 27 28 28 21 23 23
1 2 5 4 5 3 4 7 11 10 4 2 6 5 20 40 4 5 4 15 16 19 13 17 23 22 32 18 21 29 27 20 16 16 16 16 10 14 12 6 3 2 1 1 1 5 4 2 19 37 3 2 3 23 19 19 20 29 19 19 30 22 24 18 17 17 15 10 7 9 16 22 20 21 23 24 27 32 45 37 36 32 37 47 64 21 27 30 18 45 29 14 37 15 8 18
3 3 4 7 7 4 6 8 16 15 5 2 4 10 17 17 6 7 5 13 20 20 20 12 14 10 23 26 24 28 18 15 17 16 14 13 11 8 7 8 4 2 1 1 1 1 1 10 2 10 3 4 4 4 11 68 34 37 31 32 26 24 21 17 14 14 12 7 7 8 16 20 14 22 21 34 43 26 30 54 42 47 46 47 61 39 44 19 44 41 11 21 35 11 16 20
5 5 5 15 8 4 5 10 14 27 7 3 7 9 17 28 15 9 9 20 27 37 21 25 24 9 16 18 20 17 25 12 17 15 14 7 6 3 4 4 8 6 5 3 3 4 4 1 1 1 3 11 15 15 24 12 23 27 42 42 34 24 21 20 17 16 13 6 3 14 19 19 25 24 39 33 30 41 27 22 40 43 34 52 27 84 47 17 30 39 8 21 19 31 19 24
7 11 6 18 10 5 6 12 15 21 4 4 9 11 20 23 26 3 16 25 26 42 25 27 27 34 19 18 10 10 11 20 32 19 6 14 5 13 6 5 5 7 2 2 1 2 1 1 2 6 8 9 19 18 34 7 7 8 9 23 21 26 24 27 24 23 19 9 3 15 16 16 26 31 39 15 28 21 41 17 25 24 35 20 49 75 29 18 53 18 10 21 17 32 31 29
6 7 14 15 13 12 7 10 19 36 6 10 12 20 18 33 6 4 20 24 37 45 48 27 49 28 31 27 15 16 10 36 45 19 21 10 8 11 6 4 7 2 3 1 2 2 1 1 1 6 6 6 17 28 23 7 16 26 25 32 31 31 34 40 33 34 23 9 4 18 18 17 38 25 31 43 41 28 16 32 19 28 32 34 27 54 46 33 42 19 16 26 14 16 8 43
3 5 17 18 15 15 9 12 21 25 7 13 19 37 40 18 5 5 20 24 25 49 42 46 29 29 46 31 28 24 25 30 39 29 20 21 18 9 17 7 3 4 1 1 1 1 1 1 2 3 5 9 14 13 28 23 25 34 34 40 47 52 40 35 25 17 19 6 8 21 28 23 38 38 27 28 40 29 30 9 43 11 17 41 46 55 62 74 34 18 26 21 27 30 20 48
7 8 20 25 30 19 11 13 27 30 7 9 24 43 28 7 4 12 19 23 37 41 40 42 41 31 39 32 44 39 40 23 12 14 18 17 15 5 11 8 7 4 2 1 3 1 1 3 1 1 2 4 14 27 22 21 37 44 47 30 54 34 17 25 30 21 10 7 7 18 39 23 34 41 44 33 45 26 32 23 18 38 17 7 10 33 54 65 27 41 31 24 23 41 15 16
7 11 13 18 46 25 12 16 22 30 7 7 25 43 18 8 5 14 27 24 25 30 35 35 59 26 31 29 23 39 38 23 25 16 14 7 11 10 12 7 5 3 2 2 5 2 2 2 1 1 1 7 15 11 34 46 19 27 19 21 18 19 33 37 22 21 19 6 10 10 41 28 28 27 34 40 33 29 14 25 14 39 23 16 9 8 26 44 42 65 33 30 22 40 10 14
9 20 15 13 22 44 16 21 38 12 9 11 17 52 26 10 5 20 24 25 38 47 41 55 47 37 20 23 39 31 14 37 50 32 11 11 7 7 10 5 2 4 3 2 2 1 1 1 3 2 4 6 9 20 33 23 39 18 27 30 26 26 26 22 24 24 12 7 8 16 17 43 26 24 29 30 43 39 25 43 15 14 25 19 14 12 14 29 44 47 29 31 24 30 14 22
11 14 30 24 12 30 9 27 58 12 12 24 31 42 15 13 2 10 31 31 47 35 39 53 48 39 35 11 8 10 13 12 14 5 5 9 14 7 6 10 5 3 2 1 1 0 1 1 4 5 6 7 14 19 39 37 45 31 26 39 29 36 39 25 27 26 12 9 10 28 28 29 47 21 24 26 50 38 25 22 27 14 10 36 23 13 17 17 39 34 44 28 23 16 25 12
12 17 33 41 19 47 12 25 60 28 14 36 40 26 12 3 3 7 15 33 48 48 34 34 37 57 34 12 16 11 13 12 16 10 7 3 7 9 10 8 3 3 1 1 2 1 1 0 0 1 5 6 5 14 17 15 16 38 38 33 41 23 26 28 22 23 22 5 13 28 32 27 36 11 31 27 29 41 51 44 38 19 13 12 27 14 11 24 39 74 57 24 15 14 24 10
14 16 19 47 21 42 21 21 32 37 18 43 38 9 4 6 10 16 24 39 34 37 43 22 32 33 48 17 11 11 17 15 14 13 9 12 7 7 3 1 2 3 1 1 2 1 1 0 1 2 3 8 42 24 16 45 39 64 39 27 37 38 39 39 37 23 20 11 17 32 26 39 53 19 20 40 29 45 35 29 48 14 20 21 49 14 8 11 11 36 48 22 20 8 39 21
12 13 11 28 53 27 40 18 47 21 48 24 10 4 11 12 18 13 48 51 24 31 32 32 16 22 47 45 16 17 9 15 12 5 4 4 7 4 2 2 2 1 1 0 1 0 1 0 2 2 2 7 7 18 31 34 22 50 22 20 24 31 35 33 20 17 13 24 25 30 32 40 10 28 33 39 34 22 34 25 64 19 19 13 21 32 19 21 27 27 44 17 34 10 18 30
27 17 13 19 29 41 45 24 61 40 30 8 5 11 14 22 24 15 17 17 31 32 32 44 36 21 17 8 19 29 8 15 6 6 8 9 9 5 4 3 1 1 3 1 0 0 0 0 1 2 4 6 14 10 19 21 25 28 18 6 17 25 28 24 16 12 13 24 25 28 32 46 14 13 7 12 33 41 64 15 52 32 19 21 12 10 41 16 23 30 20 40 9 11 20 30
19 28 20 15 15 28 54 30 30 12 9 3 8 15 28 35 33 12 17 18 29 32 22 7 14 8 11 27 5 9 19 28 14 17 4 9 3 4 4 1 1 1 1 0 0 2 0 1 1 2 5 3 4 9 12 19 17 32 22 24 35 28 30 18 25 26 14 26 25 29 24 41 13 24 13 17 18 13 35 19 16 40 19 25 12 26 32 6 22 35 42 30 8 11 10 12
19 30 21 29 36 44 46 29 31 8 11 8 13 27 27 31 40 21 25 26 28 30 19 12 11 14 11 7 8 19 7 10 10 36 8 15 3 2 2 2 1 1 1 1 0 0 1 1 1 3 7 3 5 8 19 9 23 47 50 44 36 25 30 29 26 22 24 34 24 26 25 33 15 26 23 18 26 22 26 43 10 40 17 36 10 9 29 4 10 14 39 21 6 12 12 31
22 34 27 33 40 53 46 10 6 3 13 12 23 28 28 39 24 48 35 24 27 25 20 25 22 19 16 7 10 23 6 8 3 3 3 9 11 7 4 8 4 3 1 1 1 0 0 1 3 3 5 2 3 9 11 17 30 67 23 28 40 24 30 24 21 21 31 41 22 24 25 25 23 25 33 19 25 22 22 20 29 65 26 31 20 5 40 15 6 7 23 31 11 13 10 3
20 41 39 34 67 56 10 7 11 14 26 21 20 30 28 42 15 25 56 15 27 19 11 16 24 22 8 12 14 16 32 7 5 2 3 1 2 1 2 6 7 2 2 1 1 1 0 1 2 2 2 2 4 8 21 23 27 35 27 19 35 28 21 8 24 13 15 45 23 23 34 23 34 21 30 24 21 24 20 14 24 9 44 37 31 7 13 10 4 5 9 34 9 17 18 16
22 32 60 51 67 11 12 10 12 25 26 27 36 49 14 44 14 22 26 48 14 32 9 8 12 23 24 16 13 9 5 10 4 5 3 2 2 2 2 2 3 1 1 1 0 0 0 1 1 1 2 2 3 6 15 30 12 29 53 43 19 16 12 6 34 20 21 44 28 19 36 22 46 28 27 31 17 18 27 16 11 8 30 21 28 9 4 26 5 6 11 27 20 18 10 13
14 32 60 79 41 6 12 21 26 25 41 49 21 29 15 16 31 12 24 23 14 23 13 11 12 18 13 27 13 15 16 9 12 7 5 3 2 2 2 2 2 1 1 1 1 0 1 2 1 1 2 2 3 9 20 21 48 28 25 41 20 13 4 12 16 38 21 22 30 18 27 19 37 31 16 28 26 15 16 26 21 6 11 34 39 11 3 16 9 6 11 7 36 18 8 47
15 38 67 49 6 8 24 23 17 44 29 61 15 32 15 12 21 58 11 26 33 20 28 9 9 18 23 14 14 23 12 9 21 3 5 3 3 3 1 2 1 1 2 2 1 1 2 1 2 2 3 5 5 6 10 19 28 24 27 24 22 12 5 16 13 22 18 19 32 16 19 25 19 34 15 16 42 14 16 18 28 7 13 15 26 10 4 9 12 8 6 4 5 13 11 8
15 41 51 23 10 15 22 24 14 30 14 54 16 35 37 11 32 56 7 30 47 10 39 8 8 20 22 22 6 5 29 4 3 8 12 6 1 2 1 2 1 0 1 1 1 1 1 2 2 4 3 3 2 4 6 11 18 22 16 34 21 12 10 16 23 26 11 14 27 25 15 13 9 24 14 14 21 19 14 11 5 5 17 10 24 9 5 3 12 16 3 6 14 12 22 2
13 41 36 25 11 14 28 42 11 17 17 39 12 23 50 16 24 55 12 12 23 19 26 11 8 9 9 18 17 13 4 6 2 2 1 10 5 1 1 1 1 1 1 1 1 1 1 1 2 4 3 5 4 8 6 10 6 13 18 12 8 17 15 17 15 22 24 15 18 22 8 15 8 16 17 14 19 6 5 15 6 6 5 7 30 28 6 3 7 13 2 3 11 16 16 6
33 33 45 13 11 17 19 26 11 18 18 22 22 13 40 11 9 40 13 9 8 8 39 18 7 6 7 8 8 9 18 8 2 4 1 1 6 1 1 1 1 2 2 2 1 1 0 1 2 4 5 3 4 2 3 10 19 36 21 8 4 13 14 15 15 15 44 10 17 25 7 12 13 16 30 2 13 14 6 5 10 5 4 5 8 28 4 3 4 13 3 3 4 28 53 28
68 37 9 10 15 16 17 21 10 35 20 8 24 9 53 9 8 22 14 6 9 17 31 11 5 8 6 14 14 11 7 7 5 6 1 1 2 4 0 1 1 2 1 1 1 1 1 0 1 3 5 8 6 3 8 11 18 35 28 10 5 27 14 9 13 13 26 13 8 28 12 6 6 29 18 6 5 5 17 3 8 16 6 6 36 15 2 7 1 27 7 2 2 2 4 7
9 4 10 8 14 16 26 26 17 29 15 8 54 7 9 27 11 34 15 5 6 10 12 31 8 11 5 11 13 10 6 3 4 10 1 2 1 11 1 1 1 1 1 1 0 1 1 1 1 5 6 4 15 5 6 5 6 25 31 5 7 13 15 8 16 13 11 21 8 33 16 9 9 8 22 6 5 9 7 7 2 2 17 4 7 15 4 13 2 10 22 3 8 5 3 2
20 8 26 18 14 16 32 14 38 20 6 10 30 10 10 30 6 11 31 4 12 9 6 21 4 10 8 7 8 8 10 7 1 4 1 2 1 1 3 1 0 1 1 2 1 0 0 2 3 4 10 7 2 4 7 1 7 12 9 3 11 33 19 6 5 25 6 17 5 9 43 5 12 13 8 8 7 6 13 7 8 3 4 8 2 15 20 13 3 5 48 3 4 2 6 2
37 17 9 18 19 21 16 14 29 12 10 11 7 9 9 14 7 6 28 7 11 7 3 7 12 8 8 4 5 4 5 4 5 1 2 4 1 1 2 2 1 2 1 1 1 1 1 0 3 1 1 1 1 4 5 16 13 5 9 7 5 24 10 7 7 12 22 5 18 5 19 4 9 20 3 4 22 3 5 8 12 4 3 1 2 2 17 16 3 2 19 5 3 2 5 3
67 24 13 11 12 15 6 14 26 4 14 10 9 9 6 16 6 7 14 4 4 12 4 2 1 4 4 2 8 12 4 4 5 1 1 0 2 1 1 9 1 1 1 1 1 1 1 1 13 2 2 1 2 2 10 25 10 2 3 13 5 4 15 6 12 6 32 4 32 3 11 10 5 8 3 13 6 4 3 3 5 6 5 2 2 2 1 2 12 15 10 6 4 2 5 3
36 9 5 14 8 7 7 8 23 4 8 5 6 19 5 18 6 20 6 3 3 9 6 2 2 3 4 3 5 5 9 10 1 1 0 0 0 2 0 10 0 0 0 1 1 0 2 1 0 1 2 3 1 6 12 14 8 5 2 16 8 6 3 13 11 10 20 4 23 6 3 5 10 17 5 3 5 2 4 1 1 4 2 2 1 1 2 1 1 2 14 4 2 2 5 3
48 9 31 10 10 6 6 7 6 4 8 8 3 21 20 4 10 8 10 8 6 3 6 4 6 8 4 6 2 2 3 2 2 1 0 1 0 0 1 2 1 0 0 0 0 0 1 2 0 1 1 1 3 19 15 10 7 7 2 4 10 4 7 6 7 18 9 11 2 11 19 2 15 23 5 1 4 1 2 1 3 3 4 3 1 0 1 1 1 1 2 4 3 1 4 1
31 17 6 6 6 7 11 6 7 3 5 4 6 12 9 2 3 4 4 1 5 3 5 7 9 6 5 6 6 1 1 2 6 2 0 0 2 0 0 1 1 0 1 0 1 2 1 1 0 0 1 1 5 10 12 7 2 5 5 3 11 4 6 7 2 6 4 5 3 4 17 3 8 10 0 1 2 3 2 2 0 4 0 1 2 0 0 0 1 1 2 0 6 1 2 1
3 18 3 7 6 5 7 4 19 4 4 4 4 1 9 4 4 2 7 3 2 4 5 5 5 2 5 7 6 1 2 2 2 2 2 1 1 1 0 0 2 0 0 0 0 2 7 1 1 0 1 3 6 7 13 4 3 6 4 5 14 4 2 2 5 3 3 9 2 3 11 4 18 4 1 2 1 0 1 3 1 1 1 1 3 1 1 1 1 1 0 1 2 2 3 0
7 40 3 4 2 5 7 6 3 6 3 3 4 1 4 2 3 2 16 4 1 2 3 13 2 2 3 5 5 1 2 1 3 1 2 1 0 0 1 0 2 0 0 0 0 1 0 1 0 1 1 4 6 11 5 1 3 5 4 5 12 6 9 3 2 5 2 7 2 2 2 3 13 1 1 0 1 1 2 1 1 0 0 1 2 2 1 1 0 0 0 0 0 4 1 0
6 25 9 1 2 2 8 5 2 6 4 2 1 2 1 3 1 5 2 1 2 3 5 2 6 2 1 2 2 2 1 3 2 2 1 1 1 1 1 0 3 0 0 0 0 0 3 4 2 1 3 8 12 11 1 3 5 7 4 5 3 9 3 9 5 2 1 4 1 2 3 5 3 3 2 2 0 2 3 1 2 0 0 1 1 2 2 1 0 0 0 0 0 1 1 1
2 13 11 1 4 2 4 7 2 5 3 1 0 2 1 4 1 3 2 3 1 1 3 3 2 1 1 1 2 4 0 1 2 3 1 0 1 1 0 1 2 0 0 1 0 0 0 3 4 3 7 11 10 2 4 5 6 5 3 6 6 5 1 4 6 1 1 1 2 1 2 3 2 5 2 2 1 3 2 0 4 4 1 1 0 0 1 1 0 1 0 0 0 2 0 1
2 5 8 2 2 1 1 1 2 2 2 1 0 1 1 11 2 1 2 0 1 3 2 3 1 1 1 1 2 1 1 2 3 1 0 0 1 1 1 0 1 0 0 1 1 0 1 17 9 17 21 24 1 2 2 2 3 4 3 4 8 2 5 3 3 7 14 1 1 0 0 5 1 4 3 2 2 3 2 2 2 8 1 1 1 0 1 1 2 2 1 0 4 0 0 2
2 2 9 3 3 1 1 1 0 3 2 1 1 1 0 2 2 1 1 1 1 2 1 1 1 0 3 0 1 3 1 1 3 2 1 0 1 0 0 1 0 0 0 1 5 14 31 9 10 13 4 1 2 2 4 2 3 3 2 1 2 1 3 2 0 5 1 0 0 1 1 1 3 1 4 2 2 2 5 2 3 4 1 3 1 1 1 1 0 1 1 2 0 1 2 5
2 1 0 10 1 1 0 0 0 1 4 1 1 0 1 2 0 1 2 1 1 1 1 1 0 1 0 0 0 2 1 1 1 1 1 1 1 0 0 0 0 0 0 11 6 6 34 37 9 2 1 1 1 2 2 2 2 3 2 0 0 0 3 3 6 8 1 0 0 2 3 1 1 0 4 1 3 1 2 1 1 4 1 2 1 1 0 0 0 0 0 0 1 0 3 7
2 2 1 9 0 1 1 0 1 0 2 1 1 1 1 3 1 1 2 1 0 1 1 2 0 1 0 2 0 0 1 1 2 1 0 0 2 1 0 0 1 13 20 20 31 5 12 38 17 0 1 1 1 1 0 1 1 1 2 0 0 1 7 6 7 2 1 3 2 1 3 3 0 1 1 1 4 3 7 14 13 5 1 1 2 1 1 0 0 0 1 0 0 1 7 3
1 1 0 10 1 0 0 0 2 0 0 1 0 0 0 2 0 1 2 1 0 0 0 2 0 0 0 1 1 1 0 1 1 1 1 1 1 0 0 3 10 26 36 29 36 50 42 14 0 1 2 1 1 2 0 1 2 2 1 0 0 2 4 3 1 1 2 2 2 1 2 8 10 1 1 1 1 3 5 2 1 3 3 5 3 2 0 0 1 0 1 1 0 1 7 1
1 1 0 2 1 2 0 0 2 0 0 1 0 0 0 0 0 0 1 0 0 0 0 1 0 0 1 1 2 0 0 1 0 1 0 1 0 0 1 3 3 1 16 44 50 28 0 1 1 1 1 1 1 1 1 0 0 9 1 2 1 1 1 3 2 1 2 2 1 5 6 5 1 1 1 3 3 2 3 2 2 2 3 2 2 0 1 0 0 0 1 1 0 1 3 1
1 0 0 0 2 1 0 0 1 0 0 1 0 0 0 0 0 0 1 0 0 0 0 0 0 1 1 0 1 0 1 1 1 0 1 1 0 0 1 2 1 5 4 2 1 1 2 3 1 1 1 1 0 0 0 1 1 2 2 1 1 1 0 1 0 1 1 3 7 11 2 1 1 2 2 2 5 2 11 2 3 3 2 2 2 0 1 0 1 0 1 1 0 0 1 0
0 0 0 0 2 0 0 0 1 0 0 0 1 0 0 0 0 0 0 1 0 0 0 1 1 0 0 1 0 0 0 0 1 1 0 0 1 0 3 3 22 15 3 1 2 2 0 1 1 0 0 0 0 0 1 1 0 3 1 0 1 1 1 1 0 1 1 5 4 0 1 0 1 2 4 4 2 3 1 2 2 2 2 2 0 1 1 1 0 0 2 1 0 1 0 0
0 0 0 1 0 0 0 0 0 0 0 0 1 0 0 0 0 0 0 1 0 0 0 0 1 1 1 0 0 0 0 0 0 1 0 0 1 0 2 1 1 4 1 2 2 1 1 1 3 1 0 0 0 0 1 1 0 1 1 1 1 0 1 0 0 0 2 3 0 0 0 1 0 0 1 4 3 4 1 1 2 1 2 1 1 1 1 1 1 0 1 1 0 0 0 0
1 0 0 1 2 0 0 0 0 0 0 0 0 0 0 0 0 0 0 0 0 0 0 0 0 1 0 0 0 0 0 0 0 0 0 0 0 0 1 1 2 5 1 1 0 3 0 0 1 2 1 0 0 0 0 0 1 0 1 0 0 1 1 0 0 1 2 3 0 0 0 1 1 1 1 1 2 1 1 1 1 2 1 2 1 1 1 0 0 0 0 0 0 0 0 0
0 0 0 0 0 0 0 0 0 0 0 0 0 0 0 0 0 0 0 0 0 0 0 0 0 0 0 0 0 0 0 0 0 0 0 0 1 7 1 16 12 3 1 0 0 2 1 1 0 1 1 1 0 0 0 0 2 1 0 0 0 1 1 0 1 2 2 3 0 0 0 1 3 0 1 2 1 1 0 0 1 1 1 0 0 2 1 1 0 0 0 0 0 0 0 0
0 0 0 0 0 0 0 0 0 0 0 0 0 0 0 0 0 0 1 0 0 0 0 0 0 0 0 0 0 0 0 0 0 0 0 1 2 4 9 5 2 11 1 0 0 1 0 0 0 1 1 1 0 0 0 1 0 2 0 0 0 1 0 0 1 2 1 2 0 1 1 1 1 0 0 1 0 1 1 0 0 0 0 0 0 0 0 0 0 0 0 0 0 0 0 0
0 0 0 0 0 0 0 0 0 0 0 0 0 0 0 0 0 0 0 0 0 0 0 0 0 0 0 0 0 0 0 0 0 0 0 6 10 19 35 4 1 0 1 1 0 0 1 3 0 2 2 0 1 1 1 1 0 0 0 0 0 1 0 1 1 0 1 2 0 0 1 1 1 0 0 0 1 1 2 1 0 0 0 0 0 0 0 0 0 0 0 0 0 0 0 0
0 0 0 0 0 0 0 0 0 0 0 0 0 0 0 0 0 0 0 0 0 0 0 0 0 0 0 0 0 0 0 0 0 0 2 2 6 1 0 7 11 1 0 1 0 1 2 4 1 1 1 0 0 0 0 0 1 0 0 0 0 1 0 0 1 0 0 1 1 0 1 1 2 1 0 1 1 0 1 0 0 0 0 0 0 0 0 0 0 0 0 0 0 0 0 0
0 0 0 0 0 0 0 0 0 0 0 0 0 0 0 0 0 0 0 0 0 0 0 0 0 0 0 0 0 0 0 0 0 0 5 7 8 0 1 3 1 0 0 0 1 1 2 4 1 1 1 0 1 0 0 0 0 0 2 0 0 1 0 0 1 1 1 0 0 1 0 0 2 0 0 1 0 0 1 0 0 0 0 0 0 0 0 0 0 0 0 0 0 0 0 0
0 0 0 0 1 0 0 0 0 0 0 0 0 0 0 0 0 0 0 0 0 0 0 0 0 0 0 0 0 0 0 0 0 2 2 1 1 0 7 4 0 0 0 0 1 0 2 2 1 1 2 1 0 1 0 0 0 0 0 1 0 0 0 0 0 0 0 0 0 0 0 1 0 0 0 0 0 0 0 0 0 0 0 0 0 0 0 0 0 0 0 0 0 0 0 0
0 0 0 0 1 0 0 0 0 0 0 0 0 0 0 0 0 0 0 0 0 0 0 0 0 0 1 4 4 9 7 2 0 5 4 3 1 0 10 1 0 1 0 1 1 1 1 1 0 1 1 2 0 2 1 0 1 0 0 0 0 0 0 0 0 0 0 0 0 0 0 0 0 0 0 0 0 0 0 0 0 0 0 0 0 0 0 0 0 0 0 1 0 0 0 0
