sesion_6_simulaciones/modelos_agentes/ejemplos_netlogo/scenarios/cgcm2_a2/rob_2093.asc
NCOLS 322 
NROWS 307 
XLLCORNER 451900 
YLLCORNER 4086900 
CELLSIZE 100 
NODATA_value -9999 
[rows 219 to 291 of 307, columns 96 to 191 of 322]
41 26 17 12 5 2 2 2 2 0 0 0 0 0 0 0 0 0 1 1 1 1 2 4 14 7 7 4 3 4 5 6 8 11 28 3 1 2 6 10 19 19 22 23 25 23 18 26 24 21 34 16 26 18 13 20 8 8 3 3 4 3 2 2 5 7 7 3 18 13 6 2 4 8 6 2 11 1 5 1 3 2 1 11 39 5 8 8 9 17 26 25 29 16 14 16
41 25 12 14 12 5 2 1 1 1 0 0 0 0 0 0 0 1 1 1 2 2 3 5 6 30 12 9 7 6 8 8 10 22 17 6 2 1 4 7 9 17 14 22 22 24 30 29 22 28 19 19 20 19 20 18 23 10 5 2 2 4 1 3 6 4 4 10 8 10 5 4 3 2 5 2 2 2 2 1 3 1 2 2 12 24 8 23 30 27 45 42 42 33 54 49
47 33 20 9 12 4 1 1 2 1 0 0 0 0 0 0 1 1 1 1 2 3 6 7 9 17 41 18 11 9 9 16 13 35 13 7 2 1 2 7 7 11 12 14 19 27 30 28 23 20 19 19 29 36 24 12 13 8 5 6 7 11 2 3 1 3 5 7 5 7 5 3 3 4 3 3 1 0 1 1 0 1 4 2 1 10 56 21 29 46 32 34 26 29 17 15
29 18 18 12 6 8 2 1 2 0 0 0 0 0 0 0 1 2 2 2 2 3 5 6 3 11 25 41 19 13 14 25 28 39 9 7 2 1 2 5 5 8 11 20 20 25 29 42 40 35 30 26 24 24 21 17 13 14 23 22 18 15 4 6 1 2 2 2 4 4 3 3 2 2 4 3 2 0 0 0 1 1 2 2 3 2 8 15 29 13 13 19 13 12 24 18
25 13 8 7 3 4 2 1 1 0 0 0 0 0 0 0 1 2 2 7 3 4 5 7 9 9 10 18 48 24 18 33 48 17 7 5 3 1 3 7 7 8 15 17 20 24 27 32 38 29 29 17 19 19 22 34 40 13 4 5 4 4 2 2 4 1 1 1 4 4 3 6 2 2 4 2 2 0 1 1 4 15 3 3 4 6 4 5 30 50 29 33 36 23 25 27
13 7 4 5 2 1 3 1 0 0 0 0 0 0 1 1 1 3 3 6 8 6 7 9 20 13 8 15 40 31 29 38 21 14 6 4 1 0 3 4 5 7 14 16 18 21 24 27 36 33 28 23 34 15 25 62 11 9 5 5 1 3 3 1 1 1 0 2 2 2 4 4 1 1 1 1 1 0 1 1 1 1 9 6 5 7 11 6 6 32 72 49 47 32 43 40
13 8 4 1 2 1 1 0 0 0 0 0 0 0 1 1 0 5 13 10 25 11 10 11 25 31 11 25 33 58 45 22 10 9 8 2 1 0 1 5 6 10 15 17 15 23 24 23 30 27 24 23 37 24 9 7 8 6 4 3 8 14 2 3 2 10 3 1 1 2 3 3 2 2 2 2 1 1 1 3 3 1 1 2 24 19 11 12 11 11 59 54 50 47 34 32
18 7 4 1 1 1 0 0 0 0 0 0 0 0 0 1 1 3 10 28 42 20 20 13 21 38 41 21 38 49 20 15 5 4 4 1 0 1 2 4 5 7 11 10 12 24 28 33 28 24 32 36 28 17 14 11 17 10 5 18 3 3 8 13 4 18 3 2 0 1 1 2 2 1 1 2 1 0 1 4 2 2 6 5 6 4 6 15 17 27 15 27 44 33 22 30
12 6 1 1 1 0 0 0 0 0 0 0 0 1 2 3 2 4 7 9 14 37 17 24 18 25 52 52 42 35 14 10 12 12 12 3 1 2 3 3 6 9 16 18 22 27 29 29 28 25 27 18 13 18 13 12 23 13 19 4 4 6 5 5 12 3 6 4 7 1 1 1 2 0 0 1 1 1 2 1 21 9 21 14 27 11 25 20 18 13 15 35 30 25 19 14
15 7 5 2 1 1 0 0 0 0 0 0 0 1 1 4 6 9 6 14 15 15 38 52 19 27 41 55 42 17 26 21 15 12 12 5 1 2 5 3 4 11 12 13 14 22 22 24 34 26 32 24 22 19 13 19 24 53 15 9 5 11 15 38 7 4 5 3 1 1 1 1 1 0 0 1 1 1 10 5 2 2 9 24 15 21 19 28 15 26 25 24 18 25 25 35
12 7 3 3 2 1 1 0 0 0 0 0 0 0 1 3 8 22 25 14 15 13 13 42 23 27 31 69 48 34 46 42 18 16 14 4 1 3 6 7 6 10 14 19 16 16 13 19 28 29 23 21 20 14 26 24 12 11 6 12 7 5 5 8 3 1 2 2 1 1 0 1 1 0 1 0 0 1 1 2 2 3 7 12 10 9 20 29 17 24 19 12 18 15 19 25
6 7 3 2 1 2 1 1 0 0 0 0 0 0 1 3 8 15 24 35 42 39 12 18 49 16 19 48 62 71 48 37 27 18 6 3 3 3 8 10 20 14 8 17 21 19 20 19 19 18 14 12 14 14 20 9 10 7 8 7 8 6 8 7 6 6 4 4 2 1 1 1 0 0 0 0 0 1 1 2 4 6 7 25 14 7 16 9 12 26 13 10 10 21 22 22
12 8 5 2 3 2 1 1 1 0 0 1 1 1 1 2 7 10 22 34 40 40 31 31 28 33 21 27 61 63 50 36 25 15 11 4 4 8 9 19 23 24 29 17 19 22 19 19 21 20 18 17 17 13 6 6 4 4 3 3 3 2 2 9 9 8 2 3 2 1 0 0 1 0 0 0 1 1 1 6 4 9 12 16 16 14 9 11 13 18 22 17 15 15 26 16
9 6 5 3 3 5 2 1 0 0 1 2 2 2 1 3 11 18 29 42 36 29 16 29 53 34 21 23 45 59 57 50 18 16 8 6 4 9 10 12 22 25 30 44 28 26 17 28 39 39 40 26 11 8 6 8 5 4 9 8 4 6 5 3 2 3 2 2 2 1 1 1 2 0 0 0 1 2 2 1 3 9 15 12 15 32 27 17 18 17 12 13 23 17 18 13
15 15 5 7 9 5 1 0 0 1 2 3 4 4 2 2 10 16 24 31 33 48 14 29 24 38 35 40 54 61 57 46 26 11 12 5 5 11 17 13 15 25 30 27 36 48 33 15 26 40 43 43 22 11 11 13 18 15 15 18 12 10 7 4 6 9 3 2 1 3 3 3 2 2 1 3 3 1 6 2 33 14 9 23 18 15 24 28 51 24 15 14 19 12 8 9
32 12 10 13 5 2 1 1 1 1 4 7 5 6 3 2 6 16 23 27 37 37 23 15 26 25 55 45 37 40 39 34 16 7 4 4 6 13 19 15 22 29 29 32 30 34 34 51 26 28 32 24 19 22 16 21 16 20 26 14 7 7 9 5 3 2 3 3 1 1 0 0 0 0 1 0 1 6 3 4 1 4 21 26 14 17 39 23 41 21 33 23 13 19 14 16
34 26 24 11 3 2 2 1 1 3 5 9 13 8 2 3 7 13 12 32 42 38 40 18 20 29 31 57 33 27 25 19 9 3 2 6 12 14 21 26 28 30 29 30 35 39 35 36 41 29 30 23 26 35 17 15 18 14 15 14 11 14 11 9 4 2 4 2 2 1 1 0 0 0 1 0 0 1 2 2 2 1 23 47 23 27 40 53 36 37 40 38 34 44 21 9
28 33 19 4 4 3 1 1 1 3 13 13 20 13 9 4 6 10 12 26 28 37 59 30 15 31 28 56 40 35 17 10 8 6 5 14 14 14 23 25 27 30 29 37 41 40 52 35 42 48 30 37 28 28 20 14 13 14 28 14 17 8 6 8 5 2 1 1 1 1 2 0 0 1 0 1 1 3 4 4 5 4 3 19 35 53 69 46 30 27 21 27 33 16 13 20
59 38 15 9 4 3 2 3 4 3 7 21 26 29 14 6 16 16 11 14 37 42 33 46 13 20 26 42 39 39 35 30 20 8 7 13 14 11 27 25 26 30 30 43 50 44 57 45 30 20 46 66 58 23 22 7 11 12 18 9 17 7 5 3 2 1 1 1 0 2 0 0 0 0 0 0 1 1 3 3 4 4 7 8 23 18 11 52 33 28 28 19 15 19 19 16
39 20 12 8 4 2 1 4 13 7 8 15 32 32 26 17 10 20 17 21 33 32 39 53 25 28 33 49 51 49 47 30 22 9 8 14 25 17 22 26 30 31 37 55 48 50 50 46 42 28 26 39 40 37 16 6 10 11 6 12 12 8 1 7 1 1 1 1 0 1 0 0 0 0 1 0 1 2 23 6 15 7 10 10 11 8 21 27 25 37 18 14 16 15 14 13
19 11 5 2 1 2 4 4 12 18 12 9 26 40 41 20 9 22 32 41 36 17 46 60 38 34 43 43 41 58 50 29 23 11 5 18 23 19 17 22 35 30 40 44 45 50 49 46 42 38 27 36 43 27 20 5 8 14 10 7 6 5 1 2 1 1 2 0 0 0 0 0 0 0 0 0 0 2 4 3 7 15 23 11 16 14 14 25 21 12 15 21 24 25 25 13
11 6 4 2 1 3 6 10 14 23 22 16 28 42 45 30 12 22 25 61 45 17 39 51 43 17 14 68 67 46 43 35 22 9 5 21 29 26 18 36 36 46 38 42 48 36 48 46 42 48 26 35 34 20 18 4 7 8 9 8 4 3 2 1 1 1 1 1 0 0 0 0 0 0 0 0 1 3 4 4 8 7 28 28 20 30 36 24 13 13 12 10 19 19 19 13
9 7 3 3 2 4 14 11 16 31 41 28 22 35 50 46 21 14 31 42 45 26 35 43 55 19 22 68 53 54 55 40 28 5 7 27 26 16 40 26 39 45 37 41 39 36 54 43 41 37 33 26 15 16 37 8 4 8 11 5 3 1 1 2 1 1 0 1 0 0 0 0 0 0 1 1 1 7 7 10 9 10 17 20 28 41 33 33 29 25 16 19 22 12 16 7
6 10 8 4 2 6 10 20 20 24 36 31 23 37 52 48 23 15 48 37 33 36 35 45 58 60 43 66 61 60 50 36 16 8 11 23 26 28 30 44 27 39 47 36 27 31 43 44 41 31 32 32 22 18 27 11 11 3 6 11 3 2 1 1 0 1 1 0 0 0 0 0 0 0 0 1 2 15 14 17 21 8 11 15 18 27 38 40 23 22 24 19 21 18 19 11
15 13 9 4 4 10 15 22 23 28 41 50 39 41 41 59 25 15 36 32 32 38 37 43 64 68 49 66 43 43 51 32 12 9 11 12 18 48 28 29 40 33 41 32 32 45 43 29 36 34 29 25 33 36 28 18 4 2 5 4 4 1 1 1 0 0 0 0 0 0 1 0 0 1 0 1 1 4 5 14 9 17 30 22 17 16 14 20 25 25 20 18 19 18 14 7
28 15 6 8 6 11 16 28 39 42 44 37 53 29 45 56 25 32 18 45 44 39 27 42 49 54 37 30 27 35 30 28 9 5 9 12 28 39 39 23 28 43 16 49 29 31 42 26 22 45 30 14 28 26 17 15 10 2 1 1 2 1 1 0 0 0 0 0 0 0 1 0 0 1 16 7 3 6 7 13 21 37 25 33 29 37 29 30 32 25 21 11 10 11 5 2
15 5 4 11 14 11 20 33 27 42 45 44 55 26 42 52 29 36 17 31 49 38 52 30 62 48 29 30 24 27 31 15 7 8 17 14 15 26 37 33 41 25 23 25 46 28 20 29 33 46 30 20 11 12 9 13 14 1 1 1 1 0 0 0 0 0 0 0 0 0 0 1 2 4 15 10 10 13 10 24 40 30 21 11 22 22 33 34 23 28 24 11 9 6 3 1
8 2 8 16 18 20 24 34 36 29 43 48 59 40 42 49 23 32 40 23 22 35 34 66 37 49 27 29 34 20 10 10 11 12 20 24 21 12 19 9 19 24 31 51 25 32 35 28 23 22 25 24 7 5 3 2 4 3 1 1 0 0 0 0 0 0 0 0 0 0 0 0 1 3 1 6 39 41 37 39 51 29 18 23 25 15 17 20 35 30 7 8 9 9 10 3
7 4 12 28 37 22 28 33 38 42 42 51 49 52 32 50 21 22 35 26 22 42 18 45 55 27 25 25 9 9 15 21 21 12 26 22 20 18 14 28 21 23 29 43 48 24 17 34 16 24 15 12 9 6 2 3 1 2 1 0 0 0 0 0 0 0 0 0 0 0 0 1 1 1 2 3 10 19 30 26 12 15 17 22 19 20 26 22 16 12 9 7 3 5 12 6
12 5 16 36 38 25 26 32 27 40 47 47 44 51 47 65 22 22 30 31 28 36 58 37 22 34 35 27 18 15 25 24 25 14 11 20 16 22 29 28 25 27 28 32 29 35 18 13 18 16 12 7 10 5 2 1 0 1 0 0 0 0 0 0 0 0 0 0 0 0 0 1 8 5 6 6 4 3 13 26 25 10 14 13 24 24 13 7 6 4 3 5 8 11 14 12
15 6 17 40 37 35 24 39 28 40 63 44 37 41 63 62 19 20 18 28 26 38 63 13 32 34 28 21 28 29 40 48 27 23 13 24 17 25 35 18 25 35 43 34 21 26 17 25 13 13 18 20 4 1 1 1 1 0 0 1 0 0 0 0 0 0 0 1 0 0 0 7 13 7 6 5 7 9 8 13 20 14 11 15 23 26 15 12 12 5 4 6 12 13 14 14
13 10 19 42 38 37 24 45 42 40 58 39 54 42 41 45 45 26 37 20 29 23 59 46 28 22 24 30 24 38 50 52 28 17 14 8 23 32 18 32 35 33 47 46 44 23 29 6 3 3 15 1 3 2 2 1 0 0 0 0 0 0 0 0 0 0 0 0 0 0 0 1 1 2 5 5 7 9 8 10 14 8 14 17 26 38 27 39 18 13 5 12 13 14 21 16
14 11 18 41 41 48 23 47 46 41 33 36 26 50 46 19 17 44 22 21 16 31 38 23 23 20 24 27 38 69 44 29 18 18 23 9 15 17 43 35 35 37 40 50 22 33 18 12 6 9 6 1 5 4 2 0 0 0 0 0 0 0 0 0 0 0 0 1 0 0 1 3 3 6 8 7 7 11 14 24 18 18 19 20 22 35 47 20 18 7 7 14 15 16 22 7
9 25 28 39 44 51 26 24 31 46 48 41 21 17 32 48 15 12 49 33 12 28 39 23 31 14 37 64 51 33 25 29 27 18 14 5 13 9 24 31 33 56 45 26 13 23 14 17 16 13 4 2 3 4 2 1 0 0 0 0 0 0 0 0 0 0 0 0 0 0 0 1 2 4 9 13 9 11 9 17 8 7 11 32 36 41 29 21 7 9 16 16 17 27 28 8
16 33 39 40 40 34 38 30 27 19 32 43 14 11 29 34 33 23 6 14 13 24 14 18 15 37 30 22 29 23 28 38 32 13 17 9 18 20 25 22 14 31 26 13 17 16 16 9 14 11 6 3 5 3 1 0 0 0 0 0 0 0 0 0 0 0 0 0 0 0 0 1 3 5 6 13 9 9 8 14 24 18 32 28 30 25 35 21 10 15 16 18 29 26 24 14
23 32 38 35 38 49 40 48 37 25 16 22 49 12 27 21 20 33 16 7 10 26 5 16 50 18 19 29 37 38 33 23 12 15 19 14 18 22 28 19 23 31 19 10 22 21 6 5 16 8 2 1 1 1 1 0 0 0 0 0 0 0 0 0 0 0 0 0 0 0 1 2 4 8 14 18 14 10 14 18 24 22 33 24 30 32 20 14 10 16 17 19 28 41 14 11
28 34 37 20 25 60 56 40 30 28 41 21 22 36 17 18 20 7 29 10 10 17 35 21 17 26 35 39 43 44 28 17 12 14 27 12 14 22 34 35 29 32 29 20 21 7 8 9 4 4 2 1 1 1 0 0 0 0 0 0 0 0 0 0 0 0 0 0 1 0 1 1 2 9 20 14 13 20 15 19 24 26 21 30 30 23 9 10 16 16 25 26 35 34 18 12
34 43 35 24 29 45 42 49 48 22 29 35 24 26 34 15 21 8 7 14 5 4 22 25 27 28 27 35 42 26 29 28 21 9 17 6 10 14 25 39 34 32 15 21 14 17 8 6 6 7 2 1 1 1 1 0 0 0 0 0 0 0 0 0 0 0 0 0 0 0 1 1 4 4 8 28 12 17 8 8 10 13 26 27 24 21 15 12 17 18 27 19 54 26 20 16
26 31 39 30 30 28 37 31 35 35 43 30 23 25 44 30 8 6 8 6 14 14 18 17 28 36 37 37 37 33 27 28 23 11 23 7 8 15 25 36 32 38 33 23 19 15 11 13 4 4 2 1 1 1 0 0 0 0 0 0 0 0 0 0 0 0 0 0 0 1 1 1 4 5 10 8 8 5 3 11 21 21 9 21 34 31 13 19 17 26 21 21 50 23 19 17
26 42 43 37 35 24 23 34 34 33 42 37 31 24 30 29 13 12 7 7 5 13 17 20 13 25 27 33 21 35 34 28 21 20 28 4 18 23 25 20 14 33 35 24 16 16 15 8 4 7 4 3 0 1 1 0 0 0 0 0 0 0 0 0 0 0 0 0 0 0 1 1 2 3 11 3 4 6 5 23 21 9 17 20 29 43 21 30 29 18 17 13 36 23 20 15
26 36 57 35 36 31 25 34 34 28 24 31 25 25 35 14 14 15 8 6 5 9 11 11 11 24 30 28 30 25 23 26 35 31 13 4 18 29 33 29 21 29 37 20 15 17 8 4 5 9 4 2 1 1 1 0 0 0 0 0 0 0 0 0 0 0 0 0 0 1 1 3 3 3 2 4 10 16 8 19 19 20 16 17 20 22 33 32 19 20 18 6 27 33 7 9
27 21 42 46 30 30 23 34 35 25 21 20 27 34 25 19 12 15 7 3 5 19 10 22 14 18 28 37 28 22 31 37 33 21 15 9 13 23 43 48 36 31 17 24 12 13 7 5 6 2 1 1 1 1 0 0 0 0 0 0 0 0 0 0 0 0 0 0 1 0 1 1 1 2 2 11 11 17 25 5 13 16 21 26 22 18 42 34 20 21 13 14 30 22 9 14
23 21 26 47 43 27 32 33 28 25 23 16 21 29 23 12 9 5 6 3 4 16 10 21 15 18 25 18 25 20 49 30 23 17 19 15 19 23 26 36 49 41 28 18 19 5 5 7 3 1 1 1 1 0 1 0 0 0 0 0 0 0 0 0 0 0 1 1 0 0 0 1 1 4 4 11 13 18 12 16 17 8 23 20 18 26 32 21 32 17 10 12 41 17 11 17
28 45 30 30 37 26 22 30 29 19 25 15 7 10 25 22 12 5 3 6 3 16 21 7 15 24 15 16 15 29 25 29 30 11 15 10 17 31 26 23 23 25 17 26 10 9 3 5 5 1 2 1 1 1 0 0 0 0 0 0 0 0 0 0 0 0 1 0 0 0 1 2 5 2 4 11 8 8 18 16 5 7 19 24 32 29 26 15 28 20 11 16 32 25 17 15
22 28 37 38 35 21 24 26 20 16 16 17 11 12 12 16 9 2 2 5 2 10 8 11 16 16 7 16 15 20 33 30 40 19 13 13 16 32 21 27 37 20 9 20 5 10 5 3 3 2 3 1 1 0 0 0 0 0 0 0 0 0 0 0 0 0 0 0 1 1 2 2 2 5 4 3 7 19 10 5 3 14 27 21 25 31 19 17 14 15 23 14 16 29 17 15
29 37 30 32 31 22 25 20 20 14 7 12 12 16 11 9 7 6 8 7 4 6 5 8 10 21 14 16 30 13 28 36 33 23 25 8 12 25 41 23 23 16 16 10 7 4 8 1 2 2 2 1 1 0 0 0 0 0 0 0 0 0 0 0 0 0 0 0 0 0 0 2 5 10 4 4 14 15 13 7 9 14 5 8 22 39 17 17 13 22 20 14 10 46 16 24
26 29 24 21 6 14 30 14 18 16 10 9 15 16 7 9 4 7 5 6 4 3 8 5 7 13 33 24 11 19 19 29 32 20 20 7 13 28 20 22 18 11 18 15 12 3 1 6 1 3 1 1 0 0 0 0 0 0 0 0 0 0 0 0 0 0 0 0 1 0 0 1 6 5 3 8 8 5 6 39 23 7 11 22 14 13 19 9 12 17 18 14 22 48 30 27
24 17 9 4 3 7 27 13 7 9 9 5 6 14 18 11 2 2 5 2 3 3 7 9 2 13 26 12 11 24 11 32 39 32 15 3 10 19 20 24 14 11 12 12 13 5 2 1 0 0 1 1 0 0 0 0 0 0 0 0 0 0 0 0 0 0 0 0 0 0 0 2 4 2 3 7 9 1 11 11 7 15 27 23 16 14 14 5 16 17 20 13 30 77 35 17
23 24 13 13 13 11 10 20 4 5 3 9 6 8 13 6 9 1 2 3 4 4 8 16 9 4 12 17 14 9 26 23 25 25 14 6 5 12 31 26 7 13 20 12 7 3 2 2 1 1 0 0 0 0 0 0 0 0 0 0 0 0 0 0 0 0 0 0 0 0 1 1 1 3 2 3 2 3 8 6 9 20 23 15 13 7 4 4 11 14 16 16 29 58 32 8
30 18 21 16 8 10 7 8 9 9 5 16 6 7 3 3 5 4 3 4 4 3 8 8 2 4 10 8 9 14 29 28 12 14 21 11 7 8 12 15 3 5 5 4 4 2 2 1 3 2 1 0 0 0 0 0 0 0 0 0 0 0 0 0 0 0 0 0 0 0 0 1 0 1 1 4 1 8 7 19 9 9 7 9 11 8 5 10 11 17 16 22 28 56 8 6
15 15 18 13 14 7 5 11 18 17 4 4 8 6 2 1 1 1 2 2 1 1 2 3 7 1 8 19 6 20 17 18 18 13 24 8 14 4 16 21 14 4 4 4 1 2 0 0 0 1 0 1 0 0 0 0 0 0 0 0 0 0 0 0 0 0 0 0 0 0 0 0 1 1 0 1 5 9 22 6 8 9 12 19 10 6 5 10 16 16 15 10 35 55 25 5
15 25 15 14 13 11 7 11 18 9 8 4 2 4 4 1 2 1 0 1 0 1 5 5 4 4 7 4 5 17 16 23 15 6 17 7 9 7 5 17 8 13 8 3 2 2 2 1 1 1 1 0 0 0 0 0 0 0 0 0 0 0 0 0 0 0 0 0 0 0 0 0 0 0 2 3 3 7 10 6 6 9 12 12 8 7 5 13 17 10 14 16 9 27 24 6
16 16 13 9 13 17 6 9 9 11 7 5 7 3 1 3 2 1 1 1 2 1 1 2 2 6 6 14 5 8 17 14 10 21 10 5 7 13 4 16 16 13 12 3 2 4 1 0 1 1 0 0 0 0 0 0 0 0 0 0 0 0 0 0 0 0 0 0 0 0 0 0 1 2 1 2 2 3 4 4 3 6 7 11 10 8 5 10 18 8 14 9 13 14 12 6
12 12 21 10 17 20 4 6 9 10 8 5 7 4 5 2 3 4 1 1 3 0 1 2 3 8 7 20 6 9 10 13 23 9 7 5 5 18 5 6 12 16 5 4 4 3 0 0 3 5 0 0 0 0 0 0 0 0 0 0 0 0 0 0 0 0 0 0 0 0 0 1 0 1 1 1 1 4 3 3 6 14 7 7 10 4 8 8 15 6 8 2 1 4 20 28
11 15 18 16 12 9 4 6 9 10 8 4 3 2 4 4 2 1 1 1 1 0 1 1 3 3 10 6 8 17 18 16 11 12 4 1 2 18 5 5 8 8 6 4 3 2 0 1 1 1 1 0 0 0 0 0 0 0 0 0 0 0 0 0 0 0 0 0 0 0 1 1 0 0 0 1 5 6 3 4 8 7 8 15 3 5 9 11 16 6 3 2 5 5 4 13
13 6 6 14 10 12 7 2 7 7 7 4 4 2 2 1 2 0 0 0 0 1 1 1 1 3 2 6 10 26 14 20 15 16 10 1 9 13 5 5 8 3 5 4 2 1 0 1 0 0 0 0 0 0 0 0 0 0 0 0 0 0 0 0 0 0 0 0 0 0 0 0 0 0 1 2 3 3 2 10 9 8 11 4 4 9 21 8 3 2 3 7 4 17 8 11
10 2 7 11 14 9 9 4 2 4 5 2 2 2 2 2 1 0 1 0 0 0 4 1 1 1 1 2 5 9 14 18 12 6 9 4 9 5 7 5 11 6 4 5 4 2 1 1 0 0 0 0 0 0 0 0 0 0 0 0 0 0 0 0 0 0 0 0 0 0 0 0 0 1 1 2 3 5 4 9 9 5 4 2 8 20 3 2 2 4 5 9 14 9 8 4
8 3 3 2 8 8 11 4 1 2 4 2 2 1 4 2 0 0 0 0 0 0 1 1 1 0 2 4 6 7 12 9 13 9 5 4 5 4 5 3 1 5 4 8 4 3 2 3 1 1 0 1 0 0 0 0 0 0 0 0 0 0 0 0 0 0 0 0 0 0 0 0 1 2 1 1 4 7 4 4 3 6 1 6 9 3 1 3 4 7 7 7 8 10 8 4
10 5 7 2 7 10 8 3 1 1 0 2 2 1 1 1 0 0 0 1 0 0 0 1 1 1 2 4 5 5 5 5 12 8 7 8 10 2 6 4 2 3 3 4 7 2 1 0 0 0 0 0 0 0 0 0 0 0 0 0 0 0 0 0 0 0 0 0 0 0 0 0 1 1 1 1 5 6 6 5 3 2 7 8 5 1 3 7 6 5 7 5 7 7 5 4
13 3 7 2 3 6 3 1 1 1 1 1 1 2 1 1 0 0 0 0 0 0 1 0 1 1 1 3 5 5 4 8 5 4 8 7 6 4 3 5 3 2 3 2 3 2 3 1 1 1 1 0 0 0 0 0 0 0 0 0 0 0 0 0 0 0 0 0 0 0 0 0 1 1 1 1 2 2 8 3 2 2 5 2 2 7 6 6 5 5 4 3 2 1 2 3
7 3 7 2 2 5 3 4 2 2 1 1 1 2 1 1 1 0 0 0 0 0 0 1 1 1 2 5 6 3 5 6 3 3 14 7 4 4 3 1 1 2 3 4 3 2 3 1 1 1 1 0 0 0 0 0 0 0 0 0 0 0 0 0 0 0 0 0 0 0 0 0 0 1 1 0 1 4 4 9 7 4 1 2 3 4 3 8 7 4 5 3 2 1 1 0
5 3 5 4 2 3 1 3 1 1 1 1 1 1 0 1 0 0 0 0 0 0 0 1 1 1 1 2 3 3 5 5 6 3 9 5 5 3 7 2 5 5 2 2 3 4 4 1 1 1 0 0 0 0 0 0 0 0 0 0 0 0 0 0 0 0 0 0 0 0 0 0 0 0 1 1 2 6 26 7 4 2 1 2 2 10 6 3 4 5 10 5 2 1 1 0
7 2 4 3 2 1 1 2 3 1 1 1 1 1 0 1 0 0 0 0 0 0 0 0 1 1 1 3 2 3 3 4 3 6 7 5 7 14 4 2 2 2 3 2 5 2 2 3 1 1 1 0 0 0 0 0 0 0 0 0 0 0 0 0 0 0 0 0 0 0 0 0 0 1 0 2 4 5 5 9 2 1 2 4 4 4 6 3 4 7 4 4 1 1 1 0
5 2 6 3 1 1 2 1 3 1 2 1 0 0 0 0 0 0 0 0 0 0 0 0 0 0 2 2 1 2 3 1 3 8 2 10 3 12 7 2 5 2 5 3 6 4 3 2 1 1 0 0 0 0 0 0 0 0 0 0 0 0 0 0 0 0 0 0 0 0 0 0 0 0 2 2 1 6 4 7 4 2 2 5 9 4 4 5 5 3 3 1 1 1 1 0
3 2 6 3 1 1 5 2 1 1 1 1 0 0 0 0 0 0 0 0 0 0 0 0 0 0 1 2 2 2 1 1 2 5 4 3 5 5 5 2 5 1 3 1 3 4 3 2 1 1 0 0 0 0 0 0 0 0 0 0 0 0 0 0 0 0 0 0 0 0 0 0 0 1 1 1 1 9 6 3 3 2 5 3 7 6 3 3 3 2 1 1 2 0 0 0
6 1 4 1 1 1 2 1 1 2 2 1 1 0 0 0 0 0 0 0 0 0 0 0 0 0 1 1 1 1 1 1 3 2 4 3 8 3 2 2 4 1 4 2 2 2 5 1 1 1 0 0 0 0 0 0 0 0 0 0 0 0 0 0 0 0 0 0 0 0 0 0 0 0 0 1 1 6 6 1 1 3 6 5 5 3 1 2 4 2 1 0 1 0 0 0
4 1 3 1 1 1 1 3 1 2 3 1 0 0 0 0 0 0 0 0 0 0 0 0 0 0 0 1 0 0 1 1 7 3 4 5 5 2 1 5 2 2 2 6 6 2 2 1 1 1 0 0 0 0 0 0 0 0 0 0 0 0 0 0 0 0 0 0 0 0 0 0 0 0 1 1 3 5 6 1 1 5 5 4 3 3 1 1 2 1 0 0 0 0 0 0
7 5 1 2 1 1 2 2 1 1 1 1 1 0 0 1 0 0 0 0 0 0 0 0 0 0 1 0 1 1 1 2 0 1 1 2 2 1 1 5 2 1 0 2 10 2 1 1 1 0 0 0 0 0 0 0 0 0 0 0 0 0 0 0 0 0 0 0 0 0 0 0 0 0 1 2 1 4 4 2 2 6 3 2 2 1 1 1 1 1 1 0 0 0 0 0
3 1 1 1 0 0 2 2 1 0 0 0 1 0 0 0 0 0 0 0 0 0 0 0 0 0 0 1 1 0 2 1 1 1 2 2 1 2 1 3 1 2 1 3 5 3 1 1 1 1 0 0 0 0 0 0 0 0 0 0 0 0 0 0 0 0 0 0 0 0 0 0 1 1 2 8 0 5 2 2 2 2 2 1 1 1 1 2 1 0 1 0 0 0 0 0
3 1 0 1 1 1 1 0 1 1 0 0 1 0 0 0 0 0 0 0 0 0 0 0 0 0 0 1 0 1 1 1 2 5 3 2 5 1 3 4 1 1 2 3 3 1 1 2 0 0 0 0 0 0 0 0 0 0 0 0 0 0 0 0 0 0 0 0 0 0 0 0 1 2 2 1 2 4 3 1 1 2 3 1 1 1 1 1 1 0 0 0 0 0 0 0
2 0 0 1 0 0 1 0 0 0 0 0 0 0 0 0 0 0 0 0 0 0 0 0 0 0 0 0 0 1 0 1 2 1 1 4 1 1 7 1 2 3 3 2 3 1 1 0 1 0 0 0 0 0 0 0 0 0 0 0 0 0 0 0 0 0 0 0 0 0 0 0 1 0 2 1 2 1 1 1 1 2 2 2 1 1 1 0 0 0 0 0 0 0 0 0
2 0 0 1 0 1 1 0 0 0 0 0 0 0 0 0 0 0 0 0 0 0 0 0 0 0 0 1 0 0 0 1 0 1 3 0 1 1 2 1 2 2 2 5 3 1 1 0 0 0 0 0 0 0 0 0 0 0 0 0 0 0 0 0 0 0 0 0 0 0 0 1 1 1 0 1 2 0 1 1 1 1 2 1 0 1 0 0 0 0 0 0 0 0 0 0
1 0 0 1 0 0 1 1 0 0 0 0 0 0 0 0 0 0 0 0 0 0 0 0 0 0 0 0 0 0 1 0 0 1 1 1 1 2 3 2 0 3 2 3 3 1 0 0 0 0 0 0 0 0 0 0 0 0 0 0 0 0 0 0 0 0 0 0 0 0 0 1 1 1 0 1 1 1 1 1 1 1 1 1 1 0 0 0 0 0 0 0 0 0 0 0
