sesion_6_simulaciones/modelos_agentes/ejemplos_netlogo/scenarios/cgcm2_a2/rob_2042.asc
NCOLS 322 
NROWS 307 
XLLCORNER 451900 
YLLCORNER 4086900 
CELLSIZE 100 
NODATA_value -9999 
[rows 74 to 147 of 307, columns 96 to 191 of 322]
25 58 36 20 19 22 22 50 21 22 16 61 33 73 67 50 13 7 9 15 58 53 29 17 19 6 5 1 6 12 4 5 6 11 4 2 3 3 10 3 2 3 6 2 3 8 10 2 2 8 5 21 41 28 27 11 19 26 44 27 24 75 64 47 55 59 36 51 61 63 53 63 48 66 36 38 57 64 47 41 22 45 60 48 28 12 14 15 7 9 7 6 5 2 0 0
29 34 28 21 14 19 26 41 23 36 43 31 15 26 32 56 35 42 55 69 90 56 55 41 13 22 5 4 8 2 6 45 14 14 17 12 4 2 3 1 4 14 19 10 25 15 13 29 42 6 9 5 9 30 8 11 23 40 29 17 37 42 69 52 56 38 35 46 60 67 41 77 43 52 45 30 59 32 22 50 52 45 19 19 28 26 20 16 23 19 23 22 9 6 2 1
42 26 22 24 16 29 15 44 20 44 50 17 25 47 38 29 40 67 46 70 75 79 72 67 20 12 8 3 7 10 30 43 30 15 18 19 20 5 9 13 4 3 6 3 5 25 7 19 17 21 4 3 8 7 9 12 21 40 20 26 26 16 52 49 51 30 51 39 74 56 31 62 54 48 53 50 30 17 71 45 33 32 49 36 51 53 47 55 54 35 34 27 15 9 4 3
43 15 34 29 20 17 22 32 27 32 68 30 34 28 33 45 68 42 66 61 81 84 61 46 54 7 7 10 19 17 33 11 28 13 29 5 34 17 11 19 4 2 2 2 6 9 30 34 19 41 32 20 14 2 4 7 23 10 11 8 19 11 45 37 36 22 48 46 55 24 21 28 53 24 51 28 27 33 59 35 46 43 39 57 72 68 73 54 49 56 32 29 14 12 6 5
43 23 31 31 39 19 24 29 12 51 70 60 38 25 46 42 50 63 79 49 49 62 69 78 35 25 32 42 58 32 29 16 23 25 5 11 13 20 19 22 17 3 2 4 9 14 35 32 13 59 46 32 39 22 21 6 6 6 9 7 12 12 6 19 12 19 20 34 26 13 16 16 48 33 18 7 37 43 35 34 57 74 82 74 76 76 49 57 60 35 36 20 14 14 13 19
57 58 21 51 58 32 12 31 12 31 30 61 46 33 37 8 46 82 51 54 55 37 64 73 39 28 67 72 66 63 70 30 7 7 9 33 35 8 13 19 27 4 4 10 11 14 27 67 59 55 50 47 55 20 46 37 31 7 4 2 10 18 6 7 8 16 12 22 6 6 23 31 31 24 61 53 24 18 47 65 68 71 69 68 57 69 68 76 54 33 31 19 16 24 40 20
80 84 62 58 20 17 13 12 12 38 19 11 46 57 14 37 73 47 34 30 47 21 13 53 61 66 71 65 72 56 78 68 25 25 32 47 24 20 3 12 37 17 6 9 22 41 20 21 62 39 54 75 60 45 56 30 36 51 39 33 36 8 33 12 6 3 15 23 25 34 24 3 4 7 13 51 55 67 40 67 67 50 73 58 54 56 70 74 56 47 42 28 58 54 17 15
62 56 69 17 12 14 22 17 14 21 23 5 12 24 30 41 22 56 55 42 35 45 11 19 61 76 69 43 37 60 43 31 57 52 50 43 57 45 16 13 45 35 7 10 31 23 13 9 27 16 63 74 49 82 66 35 63 35 26 26 51 15 31 35 27 14 28 32 54 20 35 10 8 9 18 10 21 65 63 66 43 58 73 65 45 56 77 65 58 51 51 56 68 49 19 37
71 71 61 28 26 30 35 24 12 17 29 4 15 29 36 22 22 71 49 33 44 72 41 40 64 92 61 17 40 41 29 32 11 19 79 49 24 23 19 35 57 46 22 12 22 18 16 23 23 49 49 80 81 85 64 63 66 46 61 39 50 35 35 28 26 31 14 19 45 23 50 65 47 35 21 24 21 13 52 77 84 48 64 59 41 77 61 43 56 69 57 74 50 42 32 62
26 44 65 63 10 11 31 29 43 22 22 7 24 54 36 12 21 81 32 50 41 42 30 68 44 53 31 45 55 42 32 34 19 52 86 67 50 19 16 47 28 14 27 10 16 10 13 19 21 29 26 71 70 83 68 65 78 48 69 62 49 55 29 31 33 22 48 21 40 56 70 68 49 29 36 17 17 27 17 68 63 62 32 61 74 37 46 49 61 52 59 48 32 41 42 81
14 20 31 38 50 12 22 13 12 37 31 14 24 46 37 22 34 76 45 44 26 18 71 73 64 54 27 61 58 43 21 12 60 89 86 82 76 33 44 47 41 8 25 15 21 29 25 17 24 8 5 32 77 87 60 69 60 62 81 73 55 36 24 17 53 27 67 44 34 56 71 65 31 22 35 28 34 31 24 32 68 81 75 50 28 61 70 71 60 72 30 47 46 65 45 77
10 15 30 17 37 40 28 28 13 25 46 11 25 52 34 45 36 49 56 67 64 19 43 50 80 69 65 69 65 70 44 79 89 79 76 87 80 42 36 58 32 13 27 19 21 30 29 19 24 16 23 34 77 81 58 46 55 85 80 78 49 23 41 50 70 52 80 70 56 33 74 56 61 52 45 33 30 36 29 25 41 75 63 78 71 40 67 30 68 36 34 58 46 77 49 62
8 5 3 3 12 27 10 5 10 18 25 14 35 59 40 15 33 27 49 65 73 63 30 36 39 44 74 86 59 61 79 85 86 72 78 75 64 76 54 61 39 65 44 51 28 36 46 48 33 32 21 39 67 89 68 51 79 69 82 73 49 38 38 50 80 59 73 68 56 37 62 51 42 16 41 26 12 30 32 19 10 60 75 67 51 84 61 58 59 59 57 68 73 76 78 44
6 3 0 1 9 9 2 5 8 15 9 23 55 46 14 9 17 25 49 53 67 87 54 29 25 37 76 76 83 42 84 71 68 68 88 82 63 77 52 63 54 88 44 70 52 39 36 25 27 25 22 19 44 82 68 77 68 79 89 66 42 46 57 72 74 59 67 63 49 16 21 30 54 51 58 36 17 28 34 40 47 13 63 69 65 76 83 86 92 72 85 87 74 44 78 32
9 7 2 1 8 5 3 7 11 8 12 22 35 39 13 5 37 37 32 38 47 60 74 72 52 36 58 69 83 77 75 86 83 54 56 45 48 75 32 44 89 78 58 42 32 45 31 40 47 51 51 25 33 60 60 69 66 81 82 67 60 73 71 74 78 39 63 66 50 23 21 46 62 55 38 67 28 22 32 38 44 29 19 59 66 85 77 50 51 66 66 82 74 45 58 68
11 5 4 1 4 2 2 14 7 7 6 13 52 29 9 5 32 19 31 44 46 57 69 67 69 42 48 25 45 74 64 69 74 65 64 62 48 38 53 87 53 71 36 23 37 64 48 49 56 59 46 44 27 31 28 52 67 72 81 62 50 62 62 84 79 52 62 74 31 11 13 38 34 46 81 67 36 36 16 45 36 50 48 19 57 79 77 73 73 65 48 45 61 40 25 46
5 5 2 1 1 1 1 8 8 3 14 29 49 44 9 4 18 5 18 55 54 60 25 36 62 51 51 39 67 90 83 78 55 68 52 34 40 33 66 42 42 40 21 56 81 62 53 54 42 33 31 31 26 24 10 15 48 65 81 50 67 64 82 89 87 50 78 61 50 27 16 28 52 70 88 43 34 65 26 41 39 45 56 40 17 63 66 49 31 46 42 40 31 44 44 39
12 9 5 2 2 1 1 2 5 7 10 35 21 15 21 8 22 4 2 13 18 47 31 28 28 17 36 54 78 88 67 75 78 73 66 40 23 36 77 23 53 56 69 77 79 59 74 34 24 33 61 58 66 62 57 24 10 7 37 49 53 64 81 88 87 62 90 66 64 51 28 31 51 86 70 31 63 57 33 27 47 53 54 45 35 11 30 52 42 43 26 40 62 68 56 53
6 5 2 1 1 1 0 0 2 8 14 16 16 6 6 3 21 7 3 19 17 22 15 23 31 28 23 49 27 55 60 59 60 53 18 30 44 47 51 27 67 67 83 70 62 48 81 72 73 54 58 53 54 37 43 16 7 7 9 35 63 84 77 86 79 53 79 74 40 30 37 56 48 70 43 53 78 64 57 67 54 57 43 41 46 31 9 17 22 29 46 56 64 66 60 50
3 3 2 2 1 1 1 0 1 2 7 12 13 9 5 3 21 5 2 9 7 9 11 17 12 31 29 39 26 9 22 27 22 19 41 47 65 79 53 51 31 68 92 62 40 77 71 63 77 58 59 46 32 39 37 42 22 10 11 55 79 75 83 88 84 81 77 83 67 27 46 37 40 20 31 72 65 32 54 36 43 43 39 38 46 33 40 17 6 31 49 67 75 66 62 34
5 2 5 7 4 3 3 3 1 2 4 8 7 5 4 2 9 3 1 3 7 6 5 6 9 20 20 23 26 17 7 7 10 31 39 71 80 55 60 69 48 83 88 60 72 68 65 43 86 62 72 57 67 71 70 53 34 13 15 27 70 63 83 84 79 72 78 83 73 45 31 46 51 45 50 55 68 84 44 51 32 26 47 40 26 43 58 51 19 18 25 22 33 38 41 33
17 14 9 15 12 8 9 7 3 1 2 3 3 4 2 3 2 2 1 3 3 4 2 3 7 9 13 16 16 29 5 6 11 29 77 81 60 43 69 75 63 73 80 65 59 67 63 58 84 68 57 71 59 66 66 52 35 16 10 14 19 59 75 79 70 63 79 73 49 19 30 59 30 51 74 65 75 52 27 65 39 37 44 42 68 50 32 38 46 45 37 15 8 8 14 16
26 13 21 20 21 14 20 10 4 4 0 1 1 1 3 2 2 2 1 1 3 3 2 2 2 2 14 10 10 4 7 3 16 65 62 64 27 56 83 67 50 53 63 27 35 84 54 77 83 78 56 71 81 53 28 29 31 32 25 16 18 32 53 64 64 63 46 53 26 24 44 46 40 58 68 76 61 46 56 64 57 30 47 73 69 66 48 43 48 50 58 49 28 10 5 10
27 29 35 20 31 23 14 12 10 9 8 3 1 1 0 1 2 1 1 1 1 1 1 1 1 2 9 15 6 5 9 2 26 51 37 22 32 73 86 72 36 42 41 32 77 66 50 53 87 85 48 54 54 69 51 30 8 15 18 27 22 30 23 31 21 40 48 44 19 39 54 53 47 45 67 61 54 63 33 19 59 52 56 68 72 56 53 46 34 41 53 45 38 17 12 4
42 28 39 41 35 20 18 20 11 12 7 6 5 2 1 0 1 1 0 1 1 1 1 1 1 1 2 9 2 3 8 2 13 27 13 21 29 50 49 56 42 46 26 66 72 29 55 88 85 78 79 36 21 28 21 25 10 11 23 33 21 33 22 14 13 26 21 20 17 46 45 63 36 59 65 58 74 41 48 34 62 34 34 38 47 66 65 47 37 29 49 39 42 33 26 9
29 21 45 45 17 24 10 10 21 15 9 8 6 5 3 1 0 0 0 0 0 0 0 1 0 0 1 1 1 11 4 1 3 4 7 27 34 46 78 58 52 36 50 51 48 45 50 88 82 74 92 70 43 54 48 25 11 7 4 12 34 22 18 9 12 24 17 14 23 35 53 60 53 27 35 35 48 44 42 51 14 62 44 53 55 63 58 61 67 48 46 46 50 56 28 18
17 32 69 43 37 19 37 17 28 22 12 10 7 2 2 2 1 1 1 1 1 1 0 0 0 0 0 0 2 10 1 2 3 2 10 30 36 11 34 30 42 34 34 49 36 44 65 86 81 81 84 85 45 28 22 17 14 18 13 3 4 10 10 9 10 16 12 13 15 33 45 61 55 57 19 33 50 44 24 27 52 36 26 59 62 58 62 68 58 71 59 67 64 56 39 27
24 40 61 37 32 28 17 18 31 20 17 13 8 6 3 4 2 3 3 3 2 3 1 1 2 1 0 0 1 4 1 2 3 3 9 12 12 15 11 5 28 42 23 19 28 68 81 81 74 64 78 78 60 44 46 52 41 26 18 6 1 8 6 5 10 7 7 10 23 34 32 42 39 36 47 44 35 55 83 83 73 75 54 55 51 50 55 63 74 63 77 71 62 59 53 47
27 56 23 28 35 26 23 13 26 23 9 6 13 5 4 3 3 4 4 4 4 3 3 3 1 2 1 0 0 1 0 1 3 4 6 7 9 14 14 5 12 44 28 11 35 49 82 74 35 30 42 67 82 73 52 45 37 22 10 4 2 9 4 2 4 5 8 16 24 33 32 39 43 59 72 74 66 83 81 79 71 55 42 28 31 53 72 65 63 68 75 75 73 75 63 53
56 21 29 25 19 29 28 18 9 10 13 15 13 10 4 7 5 5 6 9 9 5 7 3 5 2 2 0 0 1 1 1 1 3 7 8 13 13 11 3 6 15 23 7 26 29 58 35 18 22 48 56 80 74 66 45 38 23 10 7 2 3 2 2 7 6 10 25 25 31 36 34 65 72 86 71 78 70 75 55 27 20 26 47 18 50 64 60 75 84 75 60 43 36 28 22
19 24 41 61 53 35 12 7 8 22 21 15 8 14 12 11 9 15 12 12 12 11 7 8 6 3 1 1 0 0 0 0 0 3 4 17 22 13 14 5 4 4 7 2 8 16 13 19 23 38 42 66 84 74 65 61 51 35 30 11 3 2 3 1 5 9 12 11 11 22 44 48 56 61 63 67 71 59 41 33 39 30 54 53 81 58 42 66 83 72 57 59 57 51 44 40
43 55 45 15 13 18 21 9 17 27 26 20 18 19 16 22 12 18 17 21 8 18 15 11 6 3 1 1 0 0 0 0 0 1 3 7 7 10 15 7 8 6 7 2 5 12 19 50 67 68 85 67 85 80 73 52 52 28 16 9 3 3 2 1 1 2 5 14 24 23 39 63 40 47 45 62 64 25 15 29 29 39 69 61 79 56 77 63 68 59 59 61 55 60 60 52
47 28 35 33 30 18 24 12 32 33 30 29 44 25 33 28 25 38 27 17 18 18 23 7 8 4 2 1 0 0 0 0 0 1 2 3 9 16 17 4 3 5 5 3 6 15 42 27 57 60 57 53 89 82 72 43 26 16 10 3 2 1 1 0 0 2 7 23 31 25 32 55 48 35 30 41 27 32 53 52 34 67 68 60 71 79 65 62 60 56 46 55 59 66 58 72
25 22 14 12 11 10 5 19 39 34 35 53 37 42 40 41 46 20 15 36 25 29 25 8 4 3 3 2 1 1 0 0 0 0 2 1 1 5 11 4 3 4 4 5 12 14 8 20 37 74 42 61 80 62 66 48 30 14 5 3 2 1 0 1 0 1 5 12 35 24 27 12 23 37 29 44 47 49 45 42 45 72 63 58 65 63 39 66 37 45 57 66 66 47 75 75
15 21 31 35 30 16 15 24 38 57 53 51 37 46 66 61 37 22 24 46 32 17 14 11 5 3 3 3 2 1 1 1 0 0 1 2 1 1 1 0 1 2 2 3 9 7 11 23 61 22 19 47 83 63 46 23 17 12 11 6 2 1 0 0 0 1 4 7 14 19 19 16 36 28 37 47 60 72 70 71 68 87 63 43 41 51 64 81 76 54 54 57 49 58 63 57
27 47 33 55 25 23 26 44 43 59 57 25 26 50 49 37 29 29 42 63 24 17 16 12 7 6 3 2 2 1 0 1 1 0 0 1 1 1 1 0 1 2 2 2 3 7 14 8 46 15 32 62 80 45 25 20 14 6 4 5 2 2 0 0 0 0 2 2 7 10 21 28 44 42 69 71 82 53 38 28 81 79 79 53 19 53 74 89 84 77 80 51 71 55 49 80
44 46 66 56 30 47 45 49 68 61 46 33 37 58 41 57 21 34 64 31 21 16 20 16 14 10 5 3 1 2 1 1 1 1 0 0 1 0 0 0 0 1 1 2 2 5 9 8 5 11 34 69 76 40 27 19 8 6 5 3 2 1 1 0 0 0 2 6 11 17 26 33 49 61 72 65 33 35 29 71 77 79 82 83 41 57 83 84 73 67 62 71 51 55 37 55
60 64 39 30 39 49 49 70 37 51 23 46 51 79 62 43 25 59 20 15 35 18 12 8 9 8 7 5 4 3 3 2 1 1 1 0 0 1 1 0 0 0 1 1 3 8 3 9 2 4 22 52 84 72 31 17 10 3 4 2 2 1 1 0 0 1 4 11 23 27 30 41 49 46 42 50 44 60 74 80 73 78 67 81 72 62 66 37 22 19 49 81 70 50 32 36
70 53 39 29 40 54 66 16 61 27 32 52 70 73 51 28 58 49 29 12 11 18 6 6 11 11 15 6 9 8 5 4 2 1 1 1 1 0 0 0 0 0 0 2 2 4 1 4 1 7 13 9 46 55 25 12 5 3 2 1 2 2 1 0 0 2 6 7 10 18 21 26 33 40 63 69 68 69 73 64 70 60 46 72 65 45 37 48 63 67 82 41 56 52 30 28
36 54 41 35 49 71 72 27 57 51 68 51 79 49 35 47 58 25 27 23 49 28 14 9 17 25 17 21 16 18 7 2 1 3 2 1 1 1 0 0 0 0 1 1 2 1 2 4 1 5 6 34 43 22 18 15 11 5 2 1 2 2 1 1 0 0 2 6 10 11 15 19 33 33 33 34 37 38 84 46 67 72 53 48 40 28 63 68 67 81 77 60 46 59 59 57
86 37 56 56 68 45 51 61 60 50 59 58 51 43 42 73 32 42 35 64 53 28 34 23 13 33 38 34 43 21 13 3 1 1 1 1 1 1 1 0 0 0 1 1 0 1 8 2 1 4 29 39 50 13 11 15 7 5 3 2 2 1 1 0 0 0 1 2 5 7 3 10 10 13 30 46 46 49 74 65 54 67 85 42 31 48 49 60 78 70 64 74 58 58 46 57
80 94 88 91 85 58 16 10 58 34 66 74 84 77 61 67 65 74 55 68 52 49 46 39 36 45 63 62 26 28 14 6 7 3 2 2 1 1 1 0 0 0 1 1 0 0 1 1 0 4 13 43 41 8 11 11 9 4 2 3 2 1 1 0 0 0 3 4 7 14 20 31 49 45 28 30 47 78 73 75 76 56 57 68 37 42 63 64 54 38 74 86 56 46 58 66
63 87 73 81 77 61 75 35 55 45 21 38 81 86 89 61 46 54 65 65 61 54 64 48 60 59 71 52 46 38 26 16 9 8 7 2 2 2 1 1 0 0 0 0 1 1 1 0 0 3 9 5 18 5 15 7 9 6 3 1 1 1 1 0 0 1 3 7 11 22 41 37 23 41 65 45 61 77 77 89 77 62 54 47 13 24 29 48 69 81 87 64 84 56 53 61
46 85 62 77 76 64 87 63 41 73 51 41 68 77 73 63 72 51 78 87 87 70 58 43 78 65 66 50 34 24 27 18 16 14 11 5 3 2 1 1 1 0 0 0 1 0 1 0 0 1 2 4 20 11 22 15 6 8 3 3 1 0 0 0 1 2 4 4 11 22 43 57 64 54 72 76 79 77 69 85 82 50 31 26 14 24 47 67 61 90 62 71 81 84 58 58
50 79 66 62 80 55 62 25 45 75 57 31 11 56 66 64 73 56 51 80 84 47 71 37 68 53 67 48 39 16 23 36 31 25 18 5 2 2 2 1 0 0 0 0 1 1 1 0 0 0 1 7 19 4 6 2 7 8 7 2 0 0 0 0 1 2 5 4 11 19 31 50 43 32 33 47 83 59 79 80 87 84 22 15 13 31 60 40 72 84 71 80 68 62 44 66
14 39 25 50 72 58 57 14 47 80 43 24 15 31 66 62 65 60 28 33 61 42 38 58 27 24 73 42 21 11 6 9 15 11 11 10 4 4 4 1 1 0 0 0 0 1 1 0 0 1 2 10 6 13 5 2 2 2 1 0 1 0 0 0 0 1 2 3 6 11 18 17 25 42 46 62 88 89 72 62 76 81 59 14 7 23 24 49 79 68 62 29 22 30 43 63
14 41 67 49 59 39 69 44 56 81 65 34 29 26 63 78 46 10 11 22 31 18 24 65 33 15 55 43 48 15 1 10 24 18 6 13 8 6 2 1 0 0 0 0 0 1 1 0 0 2 3 6 2 3 3 3 1 0 1 1 1 0 0 0 1 1 1 2 3 9 18 23 44 44 56 80 88 87 82 46 50 63 54 23 7 15 37 62 57 30 30 60 60 60 64 75
23 13 13 18 25 39 71 27 61 62 83 48 27 22 23 19 13 10 10 26 21 19 13 55 17 36 43 30 49 59 21 10 11 9 9 12 9 5 2 2 1 0 0 0 0 0 1 0 0 1 3 5 0 1 2 5 1 1 1 1 0 0 0 0 0 2 11 7 13 28 42 64 72 55 70 92 88 87 79 57 13 30 44 39 9 17 33 57 42 46 86 65 47 54 41 76
26 31 13 13 23 38 63 52 34 51 75 48 17 7 25 26 10 25 9 11 16 15 12 55 15 10 39 29 34 48 27 17 22 6 3 3 1 2 1 1 1 1 0 0 0 0 0 0 0 1 3 3 0 1 1 1 2 2 1 0 0 0 0 0 0 2 3 14 36 46 74 51 32 49 80 92 86 75 73 73 55 15 39 36 8 17 36 34 28 70 69 50 64 79 22 11
26 35 23 13 19 13 55 61 49 20 75 38 12 4 18 17 25 27 18 10 13 16 3 19 41 4 11 13 36 61 21 4 9 5 9 8 5 3 2 1 1 0 0 0 0 0 0 0 0 1 3 2 0 1 1 1 1 1 0 0 0 0 0 0 0 2 5 16 29 32 16 23 47 56 75 76 82 71 60 43 55 19 13 17 14 29 21 19 59 84 46 59 67 75 67 23
37 24 23 8 8 10 36 66 28 23 57 50 26 4 17 15 32 26 21 13 13 25 9 11 63 9 13 14 30 33 35 23 19 20 13 8 6 4 3 1 0 0 0 0 0 0 0 0 0 2 5 3 1 1 1 0 0 1 1 0 0 0 0 0 1 3 17 20 14 11 29 39 54 86 74 64 79 43 25 20 45 23 12 3 5 20 23 42 80 53 43 56 78 64 65 32
65 14 24 10 8 11 22 27 7 7 64 36 4 2 13 15 30 21 32 20 22 18 17 12 22 12 5 14 19 17 30 33 17 9 6 3 3 3 3 2 1 0 0 0 0 0 0 0 0 1 3 2 1 0 0 0 0 0 0 0 0 0 0 0 1 6 8 5 5 11 36 47 78 83 80 55 37 51 16 17 42 13 4 2 9 30 41 57 65 25 55 82 74 69 79 41
15 24 9 8 6 5 7 12 8 12 43 18 7 2 8 11 25 7 21 14 11 16 14 10 14 20 8 4 2 11 11 24 10 5 7 4 2 1 2 1 0 0 0 0 0 0 0 0 1 2 2 0 0 0 0 0 0 0 0 0 0 0 0 0 1 3 2 1 8 27 39 48 80 84 64 49 29 36 37 8 12 9 2 3 11 16 34 61 36 37 75 66 64 66 61 52
13 9 18 17 6 6 2 3 3 4 11 5 14 5 3 8 24 8 5 14 5 3 2 17 16 27 3 2 1 3 15 26 25 8 4 2 2 1 1 0 0 0 0 0 0 0 0 0 0 1 1 1 0 0 0 0 0 0 0 0 0 0 0 0 2 1 0 2 12 29 44 73 70 68 58 50 27 21 33 11 5 6 2 3 9 15 43 47 33 26 33 51 45 40 57 63
25 12 8 20 21 11 8 2 2 6 4 4 12 13 3 6 11 12 3 4 3 4 3 34 12 16 6 1 1 1 3 5 18 16 6 3 2 1 0 0 1 0 0 0 0 0 0 0 1 1 1 1 1 0 0 0 0 0 0 0 0 0 0 1 0 0 1 5 16 47 56 77 73 54 27 12 8 8 12 11 8 2 1 3 6 11 25 26 16 12 30 26 19 35 54 66
26 15 6 10 11 20 7 2 1 4 5 2 2 4 2 3 6 9 3 2 2 1 1 4 1 3 10 1 1 1 1 4 15 17 6 3 3 7 4 2 1 0 0 0 0 0 0 0 0 0 0 0 1 0 0 0 0 0 0 0 0 0 0 0 0 0 1 3 17 70 67 61 77 65 29 12 3 1 3 6 4 1 1 1 5 10 17 11 6 22 34 42 71 59 72 65
56 26 11 3 7 13 17 2 3 6 7 3 1 2 2 1 3 9 2 1 1 1 0 2 0 1 4 3 1 1 0 1 5 30 12 4 2 1 1 1 0 0 0 0 0 0 0 0 0 0 0 0 0 1 0 0 0 0 0 0 0 0 0 0 0 2 4 16 35 42 76 77 55 69 53 21 9 3 1 1 3 2 0 0 1 3 4 2 7 21 31 68 72 62 58 62
36 70 20 8 2 3 3 3 3 4 4 2 4 1 1 0 1 7 3 1 1 1 0 1 1 0 2 3 1 1 1 0 2 7 20 9 3 2 3 2 0 0 0 0 0 0 0 0 0 0 0 0 0 0 0 0 0 0 0 0 0 0 0 0 1 4 8 6 15 35 64 54 44 40 57 22 8 2 1 0 0 0 0 0 1 1 1 4 13 25 56 62 39 54 64 63
7 49 56 28 9 3 1 5 2 1 2 1 5 2 1 1 1 7 3 2 0 0 0 1 1 0 1 1 1 1 1 0 2 1 2 13 4 1 2 1 1 0 0 0 0 0 0 0 0 0 0 0 0 0 0 0 0 0 0 0 0 0 0 0 1 1 1 6 46 51 51 44 30 28 28 21 8 3 2 1 0 0 0 0 2 6 6 4 9 29 30 23 28 51 68 61
4 20 25 42 13 6 2 5 4 1 3 1 2 2 3 1 1 1 5 1 0 0 0 0 1 0 1 1 0 1 1 0 1 2 1 1 11 4 3 1 1 0 0 0 0 0 0 0 0 0 0 0 0 0 0 0 0 0 0 0 0 0 0 0 1 1 3 7 33 60 51 61 41 10 8 11 7 5 3 1 0 0 0 0 2 4 14 23 9 8 9 22 41 54 77 54
8 12 9 23 7 3 3 3 4 2 1 1 1 2 2 1 1 1 2 1 0 0 0 1 2 1 1 1 0 0 2 1 0 1 1 3 4 1 5 1 0 0 0 0 0 0 0 0 0 0 0 0 0 0 0 0 0 0 0 0 0 0 0 0 0 1 3 12 29 40 75 60 52 22 6 3 4 3 2 1 0 0 0 1 2 6 18 38 36 28 35 24 43 53 79 66
4 8 2 9 9 8 4 2 3 2 1 1 1 1 1 1 1 1 0 1 1 0 0 0 0 1 1 1 0 0 0 0 0 1 1 3 3 1 7 1 1 1 0 0 0 0 0 0 0 0 0 0 0 0 1 0 0 0 0 0 0 0 0 0 0 1 3 7 25 20 56 53 35 25 24 6 5 2 1 0 0 0 0 1 5 12 20 35 52 47 48 48 42 68 91 77
5 4 3 2 3 2 2 2 7 4 2 0 1 1 1 1 1 1 1 1 0 0 0 0 0 1 0 1 0 0 0 0 0 0 6 8 2 2 1 1 1 1 0 0 0 0 0 0 0 0 0 0 0 0 0 0 0 0 0 0 0 0 0 0 0 1 3 16 33 44 47 53 38 18 11 9 3 2 0 0 0 0 1 0 1 7 13 24 36 27 50 56 74 91 90 74
2 4 2 1 1 1 1 1 1 1 1 1 0 0 0 0 0 0 0 1 1 0 0 0 0 1 0 0 0 0 0 0 1 2 2 4 6 15 10 5 1 0 0 0 0 0 0 0 0 0 0 0 0 0 0 0 0 0 0 0 0 0 0 0 1 3 11 27 34 48 49 44 40 22 5 3 3 1 0 0 0 1 2 2 2 1 4 7 13 33 39 68 66 88 87 66
1 2 1 1 0 0 0 0 0 0 0 0 0 0 0 0 0 0 0 0 0 0 0 0 0 0 0 0 0 0 0 0 0 0 1 1 1 1 1 0 1 0 0 0 0 0 0 0 0 0 0 0 0 0 0 0 0 0 0 0 0 0 0 0 1 1 4 8 28 42 24 50 22 13 4 2 1 1 0 0 0 1 3 5 15 9 11 13 28 52 59 64 77 77 64 48
0 0 0 0 0 0 0 0 0 0 0 0 0 0 0 0 0 0 0 0 0 0 0 0 0 0 0 0 0 0 0 0 0 0 0 0 0 0 0 0 0 0 0 0 0 0 0 0 0 0 0 0 0 0 0 0 0 0 0 0 0 0 0 0 1 2 2 7 13 13 19 23 17 7 2 1 0 0 0 0 0 0 1 3 6 18 35 36 52 75 70 52 67 47 51 38
1 0 0 0 0 0 0 1 0 0 1 1 1 1 0 0 0 0 0 0 0 0 0 0 0 0 0 0 0 0 0 0 0 0 0 0 0 0 0 0 1 0 0 0 0 0 0 0 0 0 0 0 0 0 0 0 0 0 0 0 0 0 0 0 0 1 3 11 9 11 18 9 8 2 1 0 0 0 0 0 0 1 2 5 7 24 64 62 24 35 73 83 47 16 19 30
3 1 0 1 1 1 1 2 1 2 3 4 6 3 2 1 1 0 0 0 0 0 0 0 0 0 0 0 0 0 0 0 0 0 0 0 0 0 0 0 0 0 0 0 0 0 0 0 0 0 0 0 0 0 0 0 0 0 0 0 0 0 0 0 0 2 3 3 4 7 6 4 5 1 1 0 0 0 0 0 1 2 4 9 28 32 28 8 20 57 87 80 72 17 7 9
6 2 1 3 3 4 4 5 6 7 6 6 6 10 3 2 1 1 1 0 0 0 0 0 0 0 0 0 0 0 0 0 0 0 0 0 0 0 0 0 0 0 0 0 0 0 0 0 0 0 0 0 0 0 0 0 0 0 0 0 0 0 0 0 1 2 5 2 1 1 2 2 1 1 0 0 0 0 0 1 3 3 9 23 21 7 4 10 28 76 82 64 36 33 4 1
9 6 3 10 10 18 10 13 21 14 19 12 20 11 6 4 5 2 1 1 1 0 0 0 0 0 0 0 0 0 0 0 0 0 0 0 0 0 0 0 0 0 0 0 0 0 0 0 0 0 0 0 0 0 0 0 0 0 0 0 0 0 0 0 1 2 4 3 1 2 1 1 0 0 0 0 0 0 0 1 2 8 6 5 2 2 6 21 43 63 61 51 17 34 6 1
20 13 9 24 39 61 43 33 49 40 34 23 44 30 24 14 4 1 1 3 1 0 0 0 0 0 0 0 0 0 0 0 0 0 0 0 0 0 0 0 0 0 0 0 0 0 0 0 0 0 0 0 0 0 0 0 0 0 0 0 0 0 0 0 1 2 6 3 1 1 1 0 0 0 0 0 0 0 0 1 3 3 2 0 2 8 14 41 59 41 43 20 9 12 17 1
57 61 43 33 36 33 20 12 35 19 19 19 19 31 30 8 6 6 5 4 2 0 0 0 1 0 0 0 0 0 0 0 0 0 0 0 0 0 0 0 0 0 0 0 0 0 0 0 0 0 0 0 0 0 0 0 0 0 0 0 0 0 0 0 0 2 7 6 1 1 0 0 0 0 0 0 0 0 0 1 1 0 0 1 4 10 18 59 65 82 30 4 3 4 7 1
47 31 54 34 25 34 29 20 14 11 19 26 16 11 20 37 22 7 1 1 1 0 0 0 0 0 0 0 0 0 0 0 0 0 0 0 0 0 0 0 0 0 0 0 0 0 0 0 0 0 0 0 0 0 0 0 0 0 0 0 0 0 0 0 0 1 3 8 3 1 0 0 0 0 0 0 0 0 0 0 0 0 2 4 6 10 35 31 46 56 46 6 1 0 3 2
44 13 44 40 12 5 14 20 21 19 8 7 38 10 13 23 10 6 3 2 1 0 1 0 0 1 0 0 0 0 0 0 0 0 0 0 0 0 0 0 0 0 0 0 0 0 0 0 0 0 0 0 0 0 0 0 0 0 0 0 0 0 0 0 0 0 1 4 3 1 0 0 0 0 0 0 0 0 0 0 0 1 2 3 13 24 32 26 19 16 40 10 2 0 0 1
