sesion_6_simulaciones/modelos_agentes/ejemplos_netlogo/scenarios/cgcm2_a2/rob_2034.asc
NCOLS 322 
NROWS 307 
XLLCORNER 451900 
YLLCORNER 4086900 
CELLSIZE 100 
NODATA_value -9999 
[rows 0 to 72 of 307, columns 96 to 191 of 322]
16 1 0 0 10 2 2 1 2 2 5 5 8 21 19 5 10 7 7 2 8 7 4 17 4 3 5 5 8 6 2 2 5 8 4 3 4 6 10 4 3 22 56 64 74 65 75 75 83 72 68 73 48 23 37 40 38 11 24 19 25 11 8 5 24 35 39 5 5 27 38 20 17 22 20 15 17 23 13 59 44 26 36 38 43 29 31 36 46 63 39 30 24 9 17 34
1 1 1 1 1 3 1 1 1 2 3 5 19 27 11 9 2 3 1 3 6 1 2 2 6 3 5 2 3 18 7 3 2 4 2 4 5 7 11 16 20 29 29 24 82 85 83 79 92 72 83 70 28 31 64 16 6 11 6 10 3 12 9 4 10 6 9 33 30 26 15 38 50 28 43 50 56 25 28 33 31 27 42 45 51 36 36 46 52 45 53 41 50 27 35 35
0 0 0 3 1 2 2 1 1 2 1 3 7 9 2 2 5 7 8 9 16 1 3 3 4 4 5 2 6 7 13 11 1 5 16 15 15 21 26 31 39 52 35 41 14 6 16 45 90 79 79 78 33 67 59 52 32 15 10 16 10 42 66 59 68 39 30 50 20 27 22 26 35 36 44 62 71 69 45 31 32 31 46 46 53 42 45 61 41 42 54 41 48 51 36 37
0 0 0 0 0 0 0 2 1 0 1 1 3 5 6 7 7 12 14 11 4 1 6 5 1 3 4 4 4 2 6 7 7 13 18 12 32 31 54 68 76 77 57 19 9 14 5 9 35 14 26 25 13 31 56 15 53 4 6 15 22 45 76 74 77 78 72 31 49 41 40 48 32 34 50 48 51 25 21 31 44 44 58 58 58 44 43 53 38 36 54 54 38 47 31 51
0 0 0 0 0 0 0 2 5 1 3 2 2 2 9 6 6 29 10 5 6 4 5 10 8 4 4 3 3 13 16 12 3 13 27 30 43 57 77 83 84 75 61 31 18 8 12 25 16 12 20 21 5 44 14 28 42 23 4 9 50 67 55 74 58 31 72 40 51 65 50 42 31 28 52 37 41 34 37 42 48 44 79 59 44 48 46 59 44 46 53 66 34 54 57 60
1 0 0 0 0 0 0 1 4 8 2 4 1 4 5 2 12 8 12 8 2 3 9 7 9 4 6 4 2 3 5 15 13 6 35 53 61 76 82 71 77 76 71 43 16 24 16 20 24 19 25 44 8 17 18 38 20 18 15 16 51 56 17 10 14 34 41 14 20 32 11 39 75 57 46 29 34 34 32 51 42 51 56 53 61 48 46 65 61 43 57 42 55 53 71 34
0 0 1 0 0 0 1 0 2 8 6 2 1 2 2 9 3 9 17 11 14 7 3 4 7 6 9 6 3 2 4 17 22 17 33 73 79 78 74 75 75 73 41 22 27 53 29 41 36 34 27 35 28 28 39 26 12 24 33 12 8 10 9 15 7 12 41 60 39 40 15 41 23 11 56 51 48 54 30 50 41 33 39 35 55 58 48 64 62 36 64 54 53 46 31 28
0 0 0 0 0 1 1 0 1 4 25 24 23 7 5 2 2 6 5 7 16 38 8 18 21 9 8 2 6 5 6 9 24 50 35 63 65 74 74 69 63 27 33 26 54 43 36 61 44 41 24 28 46 52 35 34 30 57 64 65 39 16 3 3 16 9 29 18 41 24 32 21 10 23 14 44 55 81 65 31 49 57 38 48 75 52 52 58 64 63 44 36 15 24 25 21
0 0 0 0 0 1 1 0 1 1 4 25 33 49 19 25 3 2 3 12 14 6 7 12 8 3 6 5 4 8 18 15 34 65 75 39 27 36 27 26 39 23 18 34 63 51 29 40 46 34 29 22 75 44 37 51 39 51 17 36 67 47 21 2 15 14 9 10 4 12 38 33 13 15 38 17 26 32 41 67 63 83 52 60 35 24 37 77 47 56 40 75 55 35 26 34
0 0 0 0 0 1 1 0 0 1 3 1 1 1 1 1 5 3 3 4 5 4 8 5 11 9 6 5 8 12 16 50 45 38 58 48 46 45 24 23 13 11 17 36 65 42 18 19 31 40 36 23 33 83 71 70 16 29 14 54 38 44 11 14 3 8 6 4 12 22 21 28 31 25 36 52 20 23 63 68 40 67 52 44 25 32 23 38 39 55 29 46 76 70 29 22
0 0 0 0 1 0 1 1 2 0 1 1 3 1 1 1 5 1 6 3 4 3 5 6 13 4 3 6 14 26 45 50 79 62 40 40 40 58 55 35 22 9 7 12 42 16 17 25 35 27 40 21 37 44 81 65 31 21 29 48 23 25 13 4 9 12 14 6 22 36 35 40 26 17 43 59 39 17 19 55 38 29 50 64 33 36 26 30 68 54 50 41 69 83 59 32
0 0 0 0 0 1 1 3 3 3 1 1 3 5 5 3 3 10 14 6 24 9 3 6 7 8 4 6 11 61 64 55 56 51 40 31 34 54 49 37 20 9 11 20 24 12 14 40 23 27 53 25 38 55 33 48 31 30 41 35 15 14 31 22 10 8 24 22 34 63 71 72 18 31 48 56 39 22 21 61 36 8 37 64 31 40 35 30 55 37 30 37 57 65 65 58
0 0 0 0 1 1 1 1 1 3 3 2 1 1 2 7 12 4 15 12 34 34 5 3 3 5 3 9 22 41 68 44 45 39 40 51 53 22 29 47 19 8 8 28 23 11 21 24 29 41 58 46 46 66 47 39 43 37 50 18 15 18 28 23 12 10 9 23 41 27 50 47 34 27 30 56 27 25 10 21 40 8 48 72 33 37 48 31 22 48 37 18 24 41 58 71
0 0 0 0 0 0 0 0 1 1 3 2 2 2 3 2 12 5 28 9 6 5 19 10 7 4 8 36 40 33 40 42 32 17 17 17 17 11 10 16 19 4 2 2 9 8 14 19 51 65 71 67 50 54 34 50 53 44 40 38 14 11 31 33 24 22 11 13 15 10 4 4 22 32 31 39 27 40 24 16 7 12 25 62 63 32 41 42 27 24 44 23 35 56 77 59
0 0 0 0 0 0 0 0 0 0 1 1 2 3 3 3 2 3 24 11 8 19 26 9 11 8 12 14 37 40 21 13 12 17 23 18 17 14 7 2 15 3 9 5 2 3 14 30 37 68 66 62 49 57 39 64 63 52 51 54 10 29 38 37 24 17 7 10 6 4 4 23 51 44 39 47 47 38 20 21 32 11 31 60 66 32 17 20 24 20 14 13 29 44 55 49
2 0 0 0 0 0 0 0 0 0 0 0 0 0 1 2 4 7 3 1 4 6 3 28 14 19 10 13 12 9 11 27 31 34 23 29 48 45 22 5 5 5 2 6 3 3 3 16 32 37 45 39 35 37 49 34 48 43 57 50 10 27 9 36 53 31 12 12 15 3 10 38 48 52 25 17 28 38 46 40 30 27 28 50 71 83 58 42 22 17 16 9 27 62 53 40
0 0 0 0 0 0 1 0 0 0 1 1 0 0 1 3 4 6 3 6 5 2 3 8 31 18 22 28 56 41 25 14 19 29 29 46 59 58 39 4 10 8 4 6 15 16 15 3 14 22 16 14 11 13 21 44 49 55 58 56 17 36 25 29 42 14 10 11 9 8 11 42 33 45 16 13 23 23 44 36 34 32 36 38 70 86 83 36 23 20 16 12 26 49 62 54
0 0 0 3 3 0 0 0 0 0 0 0 0 0 1 1 3 3 5 5 3 3 4 5 15 20 6 16 16 11 24 24 32 21 51 72 52 57 39 22 30 33 23 23 36 34 37 19 5 2 2 4 3 1 6 45 76 88 65 30 51 34 29 20 32 24 12 22 7 7 45 44 49 40 16 28 51 31 34 41 25 22 16 10 57 63 59 62 40 21 19 12 17 30 36 19
0 0 1 0 0 1 0 0 0 0 0 0 0 0 0 0 1 2 2 1 3 4 4 5 25 37 18 16 12 25 33 39 26 46 53 56 25 27 30 53 42 48 55 65 58 37 44 35 16 11 8 7 10 1 2 8 74 83 57 37 35 42 22 17 26 9 11 13 4 34 62 59 49 52 22 23 50 48 43 70 46 30 17 9 20 44 48 48 47 28 20 18 8 18 57 13
1 1 0 0 0 0 2 0 0 0 1 1 1 0 1 2 1 1 1 1 4 5 7 4 17 15 12 20 24 24 28 57 45 40 41 23 40 41 35 46 68 69 59 35 39 20 32 39 22 17 14 4 7 4 8 6 21 34 46 52 36 21 18 36 33 6 11 37 64 48 65 79 40 73 36 16 42 66 47 64 53 51 35 14 14 40 62 46 54 32 25 13 6 10 41 32
1 0 0 0 0 1 1 1 0 1 1 1 1 0 0 0 0 1 2 2 2 3 2 1 7 15 14 6 7 20 15 14 27 37 51 29 28 44 28 65 38 37 55 40 25 21 22 26 25 12 17 14 5 9 14 11 13 32 53 48 15 16 56 49 28 7 26 36 48 60 47 52 30 37 60 44 28 25 27 64 30 26 41 29 20 9 41 26 53 24 29 13 8 8 11 27
1 0 0 0 1 1 1 2 2 2 5 2 1 1 1 1 1 1 0 4 3 3 4 3 17 9 21 17 10 15 15 25 30 58 58 44 70 36 53 24 42 25 19 18 30 29 46 31 32 12 13 11 11 12 20 15 14 22 46 50 51 15 23 28 17 20 47 12 37 56 61 41 46 22 53 62 37 23 24 75 82 43 19 52 33 9 6 11 47 32 26 23 9 7 7 25
1 0 0 0 2 1 0 1 1 1 0 1 2 1 0 1 1 1 1 3 10 7 9 6 17 6 12 27 13 9 33 55 58 19 10 72 62 30 30 30 40 51 28 15 11 27 21 7 9 8 18 11 11 13 13 13 7 14 27 21 20 22 14 14 16 37 51 7 32 22 47 58 45 17 16 43 42 52 26 48 81 56 44 17 31 13 4 10 41 50 9 31 14 7 8 17
1 0 0 0 2 2 1 2 6 1 4 2 2 10 7 3 3 3 2 16 9 16 13 8 19 17 10 31 34 20 16 16 7 6 7 20 35 42 19 37 35 49 40 38 24 7 4 3 2 2 5 5 3 5 9 4 4 5 6 15 28 22 15 22 45 40 29 13 24 25 25 43 36 34 22 60 58 41 34 16 54 54 34 50 18 10 6 6 6 25 6 14 12 4 4 5
2 1 0 1 3 3 2 1 9 3 1 4 6 8 10 11 28 5 8 7 18 22 43 23 15 18 37 27 53 31 15 9 21 21 13 2 8 37 35 14 27 47 58 58 37 25 16 12 7 7 3 2 1 1 1 1 1 2 9 20 37 22 31 34 20 43 22 28 32 29 20 29 48 52 15 47 50 35 37 23 35 51 23 9 30 15 7 5 4 7 9 9 13 5 2 2
9 4 1 2 5 1 3 1 3 6 5 5 12 16 23 12 27 33 10 10 39 69 72 80 70 61 62 42 60 45 68 68 70 42 18 16 19 14 11 23 46 33 42 47 55 49 40 26 20 17 8 8 7 6 6 6 6 5 18 33 31 28 22 23 19 37 36 48 18 40 17 14 43 29 14 34 30 16 20 17 15 20 44 9 10 5 6 2 2 4 3 6 2 2 1 2
8 4 7 7 8 2 3 2 8 13 11 8 8 33 45 31 34 70 49 67 74 75 80 81 72 79 74 70 75 80 55 24 43 52 43 21 27 22 9 8 32 39 45 60 50 49 49 37 32 28 20 19 19 17 9 13 9 10 19 19 25 17 11 13 11 44 27 43 35 35 10 15 22 27 16 30 24 35 10 15 14 5 17 9 5 11 3 3 1 2 4 2 3 2 2 1
5 10 7 6 9 10 11 8 11 22 23 37 31 42 56 80 75 63 73 34 42 49 63 77 75 70 80 80 80 81 24 16 15 15 31 33 42 24 31 23 23 49 54 46 46 45 36 62 51 35 27 25 22 23 19 19 20 5 11 13 16 10 12 21 37 53 47 25 34 15 16 9 18 18 18 11 9 14 18 9 13 7 11 9 2 9 3 2 1 1 3 3 2 2 1 1
8 20 10 6 13 11 13 13 20 41 57 72 82 83 88 87 77 77 82 64 35 18 49 67 50 47 36 63 66 60 41 9 9 6 8 14 26 22 26 32 13 27 34 36 20 19 11 24 33 32 43 44 29 26 23 35 23 7 7 8 5 13 30 37 44 33 18 20 13 25 20 27 12 11 10 8 8 8 13 8 6 5 5 3 3 3 3 2 2 1 1 1 1 1 1 1
10 21 8 11 30 28 25 43 59 75 85 83 84 86 82 90 76 76 90 44 73 34 21 42 30 19 24 26 27 27 51 31 21 4 8 4 14 11 11 28 23 21 42 17 22 18 10 18 19 11 10 9 8 16 15 7 27 15 10 7 10 17 30 36 36 25 11 25 34 19 21 13 11 8 7 4 4 4 6 5 5 4 1 3 2 1 1 1 1 0 0 0 0 0 0 0
6 28 26 24 35 54 67 76 72 86 80 89 75 87 81 84 60 68 86 74 36 42 23 12 12 10 5 4 14 15 21 62 29 9 11 8 26 51 49 33 33 21 18 10 8 13 12 4 3 5 6 15 27 27 14 14 30 17 26 8 13 18 29 21 30 13 7 15 29 25 16 10 5 8 5 3 1 0 1 2 2 2 1 1 1 1 1 0 0 0 0 0 2 1 1 1
24 41 58 57 75 86 81 84 81 83 78 91 77 79 61 77 61 75 74 77 25 47 47 20 14 3 4 2 5 8 8 15 20 10 11 16 9 18 19 21 15 15 15 24 24 14 15 7 11 12 34 53 48 31 49 10 33 29 7 3 3 12 9 22 15 15 8 5 6 8 7 8 3 1 1 1 2 1 3 4 2 3 2 3 4 4 3 2 2 3 1 1 5 3 2 4
54 69 73 82 81 79 83 81 82 73 89 71 46 62 56 57 63 65 66 72 36 22 29 18 15 9 4 6 13 15 15 26 19 7 22 17 24 23 35 24 39 26 37 37 40 38 27 24 18 22 34 61 66 65 61 31 38 32 15 20 11 2 3 3 3 3 6 3 3 2 3 3 3 5 8 8 13 7 12 6 6 9 5 8 5 15 7 3 6 5 2 2 6 4 3 7
74 83 83 73 82 81 87 74 74 58 73 20 33 26 34 49 51 39 38 60 36 16 7 6 10 13 14 11 17 7 41 44 41 29 38 40 37 31 35 36 37 40 40 39 53 38 46 28 14 50 48 49 63 50 39 34 60 36 31 47 31 20 19 19 17 17 26 16 11 10 10 11 19 19 19 10 18 17 16 15 15 14 13 11 20 13 9 6 7 4 6 4 7 5 12 12
18 27 57 53 72 68 79 74 40 9 5 6 15 11 9 12 13 23 42 56 34 10 13 21 11 11 38 26 40 30 41 41 41 37 36 60 48 26 49 43 42 54 52 51 40 39 46 34 28 39 51 47 60 69 53 55 44 36 43 45 38 41 39 40 38 31 44 31 24 13 21 24 22 23 34 23 24 35 21 29 29 19 21 20 36 15 13 10 10 10 8 6 13 15 16 25
24 15 10 11 7 8 26 28 28 10 7 10 17 17 7 4 3 6 23 29 17 10 40 12 29 40 49 39 53 38 35 31 51 45 28 45 44 28 41 48 40 57 40 37 37 43 59 44 30 33 53 51 31 76 56 69 41 44 53 42 55 41 38 38 38 26 48 32 18 26 28 27 39 27 38 27 27 41 38 36 24 23 34 26 27 20 14 15 13 13 13 12 35 23 19 19
40 57 46 20 19 16 5 10 15 6 12 16 13 7 3 5 1 12 9 16 26 45 51 24 45 40 47 44 35 16 6 18 37 36 28 41 26 33 42 51 55 35 40 36 35 57 47 32 45 43 56 65 42 78 73 38 68 61 56 38 49 42 57 54 40 42 37 34 31 21 31 44 44 31 44 43 33 48 31 41 31 42 43 52 33 20 9 24 19 19 26 30 38 15 36 20
50 35 33 23 13 11 11 11 22 25 27 28 19 6 7 16 16 20 26 38 64 62 62 39 40 31 31 40 40 36 20 16 35 28 44 28 24 33 31 47 20 17 42 46 38 72 43 47 57 36 65 39 71 72 44 57 74 60 38 54 39 54 53 41 27 44 42 37 21 37 56 61 54 36 48 53 51 55 36 32 37 50 49 39 28 15 14 33 26 15 40 46 41 17 11 48
25 38 44 33 34 19 35 28 36 40 42 52 38 28 23 34 21 31 45 52 62 47 24 40 53 34 18 28 42 38 29 16 26 34 18 44 27 54 39 28 31 21 46 32 30 76 55 53 43 34 46 72 68 53 47 44 60 71 41 56 54 65 53 31 56 53 55 41 21 42 54 76 61 45 52 59 60 47 39 28 46 72 62 52 44 19 38 60 40 18 33 63 60 28 14 48
49 60 29 32 20 33 44 33 31 50 47 49 42 40 43 39 40 48 51 50 57 44 39 48 37 24 26 41 29 38 21 31 18 14 39 42 47 32 37 25 27 16 47 14 13 52 53 56 32 42 51 36 69 19 15 12 33 59 32 62 71 57 51 70 57 55 36 17 27 59 64 82 70 53 57 71 79 54 53 31 55 78 54 40 35 28 50 68 48 29 22 73 80 53 31 44
26 40 24 45 31 43 43 42 41 39 55 52 41 40 63 31 38 49 44 44 55 49 28 50 32 34 41 32 33 43 19 34 19 19 19 44 16 27 20 37 28 26 35 20 42 39 68 50 20 37 52 45 46 26 23 16 22 32 26 67 73 64 65 71 31 51 21 20 30 63 75 77 74 59 65 75 84 46 58 30 58 85 62 33 28 36 59 74 56 37 29 65 75 63 25 48
20 33 57 38 23 32 41 30 28 33 58 42 34 50 34 33 22 42 51 32 29 40 45 43 29 30 23 21 21 66 21 38 19 22 24 39 33 25 17 25 17 33 26 21 37 28 44 23 26 17 27 61 48 35 23 24 54 24 29 59 53 59 82 45 56 49 33 35 48 51 75 76 77 47 56 76 63 42 66 36 48 76 65 54 35 40 64 76 57 45 34 49 70 49 38 51
11 11 32 13 11 9 26 21 15 24 25 27 24 35 31 27 30 30 40 33 28 15 27 37 34 28 36 19 16 22 29 49 18 13 24 42 21 11 15 24 17 30 21 20 28 26 32 16 15 15 16 38 12 16 25 23 41 18 36 46 38 63 33 49 73 38 35 40 58 50 64 83 63 37 59 76 64 46 68 44 52 73 50 47 48 36 38 75 75 47 31 52 71 50 35 53
2 6 4 5 7 8 17 23 10 22 22 30 31 22 20 31 23 24 26 33 17 14 13 32 32 21 32 10 16 28 20 28 9 13 20 15 11 20 15 29 35 12 16 31 26 12 8 36 11 8 8 17 5 11 13 34 33 48 40 22 20 16 37 71 32 41 56 32 43 50 47 73 35 32 52 71 45 47 61 29 63 66 44 48 50 54 25 36 77 44 36 46 71 60 50 43
1 2 2 3 7 3 5 5 8 14 12 26 19 16 20 20 18 15 15 21 22 10 28 20 27 21 17 17 4 12 23 33 3 6 8 26 8 5 8 10 34 12 10 6 7 11 11 2 8 13 9 23 15 8 17 18 53 36 28 52 37 20 50 29 51 61 28 32 36 53 26 64 22 27 38 63 34 61 60 29 46 47 35 61 62 61 36 34 74 54 34 50 57 39 49 38
0 1 2 3 4 1 5 4 6 10 12 25 14 9 10 16 18 27 14 6 7 6 34 4 12 18 14 10 4 9 8 7 1 2 12 3 2 1 13 3 22 8 11 6 9 10 9 28 43 56 49 29 37 28 19 28 37 24 29 32 22 26 40 18 53 25 30 30 35 53 21 43 25 44 19 37 26 53 37 28 55 30 32 45 64 32 44 27 50 40 46 36 67 70 72 59
1 0 2 1 1 6 1 2 4 7 12 14 7 14 4 17 4 16 12 6 4 10 12 11 10 12 11 14 2 2 1 5 6 9 3 2 5 7 10 7 8 10 14 27 11 51 23 66 35 42 28 28 40 54 65 44 39 11 17 35 23 27 9 12 33 21 24 27 36 43 48 38 42 32 24 57 21 54 22 23 63 23 57 52 65 37 50 39 39 61 53 67 68 73 79 88
0 0 0 0 0 1 6 1 3 2 2 3 2 6 4 8 5 12 11 13 8 10 9 15 3 4 6 4 6 7 2 1 3 4 24 28 17 19 42 57 34 35 33 62 35 26 56 64 21 51 33 28 38 60 56 41 48 48 36 62 42 55 53 24 31 38 42 37 31 37 53 52 46 71 76 71 73 86 78 54 62 70 72 68 31 84 83 70 64 33 51 40 52 78 57 66
0 0 0 1 3 11 2 1 0 0 0 1 2 6 6 7 5 12 6 6 8 8 6 13 7 4 2 1 2 2 1 3 3 1 2 22 34 6 13 46 46 47 28 64 77 28 30 44 59 47 60 15 24 64 68 32 75 65 80 75 33 58 39 45 36 53 41 63 63 13 23 62 65 26 56 76 47 73 52 79 43 67 80 68 45 82 74 62 86 80 63 36 52 66 47 34
0 0 0 0 0 0 0 0 0 1 1 1 6 4 2 6 2 7 3 4 6 4 7 8 5 3 1 1 4 7 3 1 2 2 1 4 9 4 6 23 38 17 56 76 57 19 36 24 43 42 59 23 28 55 52 68 56 44 64 76 42 12 27 60 59 68 62 53 58 60 18 59 78 33 58 81 27 20 34 84 78 51 44 57 67 74 71 79 88 78 49 69 33 28 63 71
0 0 0 0 0 1 1 0 0 1 1 2 1 2 1 4 3 4 2 2 2 4 5 2 4 4 0 1 2 3 2 1 4 1 2 2 4 26 11 36 18 41 29 33 75 50 28 16 38 39 47 52 25 65 66 87 44 70 88 86 70 14 45 52 56 81 72 77 51 76 38 29 69 37 62 82 47 38 26 70 60 68 17 17 31 70 78 72 81 67 29 72 49 36 53 63
0 0 0 0 0 0 1 1 0 1 1 2 2 1 3 4 3 3 1 1 3 3 1 1 2 1 0 1 1 2 2 2 2 2 3 5 4 8 32 66 33 55 31 57 56 67 35 34 54 50 82 84 47 67 86 91 61 85 90 80 72 38 71 76 56 50 41 32 58 82 44 27 53 27 64 71 87 41 52 84 63 75 68 28 25 46 67 62 60 44 65 88 50 32 20 20
0 0 0 0 1 0 0 1 0 0 1 1 1 1 1 4 4 2 1 2 1 1 1 1 2 2 1 1 4 5 8 4 4 7 12 16 11 17 53 42 50 25 19 67 70 43 26 23 38 54 75 69 69 48 75 91 65 70 82 77 83 74 76 86 40 47 56 35 61 77 72 46 14 33 77 77 81 73 41 86 42 65 77 49 29 26 58 47 50 24 76 87 68 47 47 19
2 0 0 0 0 0 0 0 0 1 1 1 0 1 1 2 2 1 1 1 1 1 1 0 1 2 2 8 22 3 4 3 18 15 16 17 8 22 38 38 65 33 55 30 83 35 41 34 19 39 70 64 46 24 27 63 69 78 84 82 91 77 80 79 76 52 59 45 51 61 83 61 31 29 64 77 83 82 59 72 66 61 66 79 47 29 19 21 20 35 74 54 78 51 46 27
0 0 0 0 0 0 0 0 0 0 1 1 0 0 1 1 0 1 1 1 2 1 1 1 0 1 0 1 6 3 2 15 10 10 32 21 12 7 3 19 20 14 5 5 28 30 68 56 22 14 37 17 28 15 12 21 22 60 65 63 70 74 68 65 88 52 52 43 15 69 92 47 31 27 69 61 60 67 39 52 54 24 68 80 67 43 12 14 16 26 16 39 81 49 32 36
0 0 1 1 3 0 0 0 0 0 0 0 0 0 1 0 0 1 1 0 2 1 1 2 5 12 3 2 3 3 6 6 20 30 25 19 17 26 10 5 11 28 13 6 12 19 29 41 41 15 18 14 29 16 19 36 27 16 27 47 47 22 34 67 91 73 41 44 53 76 88 57 24 15 28 42 64 49 60 65 55 17 52 68 80 33 21 11 35 41 23 41 89 63 57 57
0 0 0 1 1 2 1 0 1 0 1 0 0 0 0 0 0 0 0 1 0 4 1 2 9 18 8 2 2 9 10 7 17 27 12 7 26 31 11 10 12 38 22 13 21 18 21 17 18 9 17 42 48 45 38 36 26 20 17 12 4 2 13 77 80 78 55 28 34 71 81 76 66 28 17 41 56 42 44 30 53 38 26 71 74 61 25 15 38 30 51 81 82 83 67 60
1 1 2 1 1 2 4 0 0 0 0 5 0 0 0 0 0 0 0 0 0 0 0 1 4 12 5 12 15 23 9 7 29 14 24 28 21 35 19 26 20 33 35 21 10 35 21 26 19 7 16 54 63 69 65 56 43 38 34 30 33 29 30 52 54 66 56 23 11 45 44 77 78 38 18 46 56 41 25 40 67 34 23 22 74 77 27 13 42 54 50 73 49 78 48 28
0 0 0 1 2 2 1 0 1 1 4 5 5 1 2 2 0 0 0 0 0 0 1 1 2 3 6 13 19 11 7 10 8 4 33 35 12 16 25 44 31 38 31 23 8 15 48 37 26 17 15 36 75 75 74 74 61 60 53 52 76 78 81 71 59 57 47 30 12 8 36 50 81 63 57 20 41 47 27 6 19 29 32 44 64 77 44 21 12 31 36 32 75 76 87 56
0 0 0 2 6 6 22 1 3 1 2 1 5 7 3 2 1 0 0 0 0 1 0 1 3 2 5 7 6 6 4 15 30 21 38 25 23 34 53 28 47 43 24 30 37 37 48 50 36 27 15 22 45 70 68 77 76 74 54 44 35 49 59 62 72 69 71 61 39 3 11 47 55 64 57 49 32 15 20 18 48 35 17 26 24 64 63 20 8 18 24 32 26 67 56 71
4 2 1 1 0 7 2 1 1 8 2 2 1 1 1 0 2 0 0 0 0 0 1 3 8 1 5 11 10 15 17 45 28 17 22 32 21 24 17 8 16 51 63 41 61 46 40 38 39 40 36 17 13 17 54 55 50 68 69 63 57 52 37 41 45 63 69 69 65 56 38 60 53 71 42 40 31 20 29 21 17 18 11 35 28 64 70 17 6 25 34 23 26 25 58 72
5 7 5 1 1 5 15 8 1 2 2 1 0 1 1 0 1 2 0 1 1 1 1 5 4 5 2 3 4 4 2 6 7 20 18 19 23 25 31 30 19 8 21 66 67 76 67 51 46 24 35 34 25 13 21 34 27 23 36 43 46 60 60 46 26 30 55 64 65 51 56 75 54 75 61 43 38 39 22 11 13 23 11 17 30 20 56 27 6 13 28 31 13 10 53 72
2 2 27 8 2 7 3 19 10 5 6 1 0 2 1 3 2 2 1 1 0 1 3 2 2 3 4 16 10 6 8 20 12 17 22 39 40 44 40 45 48 38 21 14 13 60 67 62 43 30 23 33 24 13 5 5 5 6 6 6 11 27 24 32 35 17 17 28 30 25 53 52 52 50 44 47 52 46 26 29 25 21 10 11 37 46 29 36 10 3 17 27 15 35 76 30
2 2 9 3 3 3 0 0 25 39 37 25 2 4 2 1 1 4 1 2 1 1 2 1 6 2 7 10 6 7 17 23 12 15 24 34 33 42 39 43 46 39 54 48 47 30 15 11 36 38 45 16 13 8 13 21 20 20 18 15 15 5 4 5 7 5 4 3 4 14 23 36 32 29 23 16 17 36 31 25 18 9 24 20 21 31 26 42 24 5 4 18 44 75 40 71
3 3 6 34 14 3 3 2 2 45 3 4 5 3 3 4 3 0 1 2 0 0 0 2 3 3 3 2 2 3 3 4 11 15 17 22 41 49 36 47 54 57 54 54 56 43 38 35 23 13 11 7 10 25 29 41 40 40 37 44 17 5 5 15 16 27 12 13 3 3 7 16 13 9 9 9 11 16 22 36 29 9 8 9 9 12 20 33 40 9 4 16 76 43 41 51
6 4 8 18 10 13 18 2 1 1 0 1 1 2 3 18 1 2 2 3 1 0 1 1 1 1 3 3 5 3 3 4 7 12 23 27 30 34 32 55 54 41 36 38 44 33 30 42 34 30 33 34 36 50 47 45 58 59 58 48 23 16 18 33 30 20 26 11 4 4 4 1 1 1 2 2 5 4 2 4 7 4 4 3 3 4 12 21 18 11 4 49 45 22 60 49
16 9 5 2 17 14 50 22 14 12 6 3 1 2 10 5 23 14 4 3 11 6 4 0 0 1 2 2 1 2 2 8 13 6 2 9 33 36 21 21 33 44 32 24 36 28 38 40 46 40 48 31 33 49 60 62 61 63 69 57 33 31 44 41 48 48 48 33 14 11 3 2 1 2 2 6 16 11 5 5 3 2 1 2 1 2 4 8 21 21 7 60 12 8 45 57
17 15 13 25 14 21 13 8 8 35 8 17 3 5 9 19 42 22 7 7 13 2 2 3 2 1 2 0 1 1 8 2 2 3 7 9 25 48 42 50 47 37 47 38 45 38 43 44 48 30 58 49 47 42 58 61 78 77 74 56 28 51 48 61 60 73 61 49 33 15 11 11 11 15 18 28 35 23 14 13 19 20 10 4 4 3 1 2 6 26 14 44 8 9 47 71
18 21 6 5 22 16 47 33 17 15 29 40 19 7 15 51 48 18 7 17 2 12 1 2 1 1 0 4 0 2 2 1 1 8 5 9 13 27 37 42 47 31 34 37 38 42 47 61 51 39 47 62 45 48 64 73 79 70 55 46 44 54 64 65 64 80 71 55 42 21 32 32 31 37 38 38 51 35 32 32 30 28 14 20 18 7 6 1 2 9 8 9 9 5 17 34
18 26 19 6 39 36 46 37 67 42 29 11 6 38 42 34 30 13 10 43 4 20 2 3 2 2 2 4 6 1 1 2 2 7 7 12 17 35 23 43 49 38 17 41 39 39 47 67 56 30 34 61 57 47 61 78 75 60 45 33 37 67 64 65 80 76 64 56 29 24 38 37 39 50 49 63 62 61 42 43 55 41 38 44 29 21 9 2 1 5 5 12 7 2 8 15
19 5 21 8 4 48 26 17 32 55 42 31 5 25 58 29 4 9 29 41 4 32 4 2 12 7 1 5 8 14 3 1 2 2 9 6 5 7 14 13 36 24 34 35 37 23 56 38 58 28 63 51 51 41 67 82 61 55 36 48 49 61 58 73 81 73 64 61 34 49 61 61 40 59 69 66 67 58 49 56 66 59 48 52 20 12 5 3 1 1 1 6 5 1 5 3
16 17 11 21 5 13 51 64 64 41 19 22 8 14 39 51 15 27 63 37 11 36 6 3 3 7 3 12 9 2 10 18 3 3 3 6 2 6 4 15 20 18 20 35 28 25 29 35 20 26 76 26 46 37 74 49 47 54 33 42 42 55 68 78 63 72 60 45 38 54 65 65 42 65 62 72 75 63 55 60 75 60 58 32 13 13 10 13 9 2 0 0 2 2 1 2
28 16 21 15 20 19 29 45 36 52 54 26 54 12 6 3 37 81 70 32 29 17 14 16 19 6 3 8 12 11 8 2 3 1 3 1 1 4 4 19 8 19 20 24 14 15 15 20 29 40 18 16 41 57 33 48 39 29 33 32 31 49 79 65 66 52 38 42 56 68 66 67 57 67 48 55 66 44 55 62 76 43 26 24 28 31 39 21 11 4 2 1 0 1 1 1
