sesion_6_simulaciones/modelos_agentes/ejemplos_netlogo/scenarios/cgcm2_a2/rob_2090.asc
NCOLS 322 
NROWS 307 
XLLCORNER 451900 
YLLCORNER 4086900 
CELLSIZE 100 
NODATA_value -9999 
[rows 74 to 147 of 307, columns 0 to 95 of 322]
0 0 0 0 0 0 0 0 0 0 0 0 0 0 0 0 0 0 0 0 0 0 0 0 0 0 0 0 0 0 0 0 0 0 0 0 0 0 0 0 0 0 0 0 0 0 0 0 0 0 0 0 0 0 0 0 0 0 0 0 0 0 0 0 0 0 0 0 0 1 2 1 1 0 3 9 3 5 13 26 17 2 2 3 5 1 0 0 1 1 1 1 1 1 2 1
0 0 0 0 0 0 0 0 0 0 0 0 0 0 0 0 0 0 0 0 0 0 0 0 0 0 0 0 0 0 0 0 0 0 0 0 0 0 0 0 0 0 0 0 0 0 0 0 0 0 0 0 0 0 0 0 0 0 0 0 0 0 0 1 0 0 1 0 0 0 0 1 2 1 2 19 4 2 2 25 16 4 3 2 1 2 2 1 1 2 2 4 2 1 1 9
0 0 0 0 0 0 0 0 0 0 0 0 0 0 0 0 0 0 0 0 0 0 0 0 0 0 0 0 0 0 0 0 0 0 0 0 0 0 0 0 0 1 0 0 0 0 0 0 0 0 0 0 0 0 0 0 0 0 0 0 0 0 0 0 1 0 1 1 1 1 1 0 1 1 2 26 39 5 3 4 10 6 2 1 1 7 7 5 4 1 1 1 6 6 3 6
0 0 0 0 0 0 0 0 0 0 0 0 0 0 0 0 0 0 0 0 0 0 0 0 0 0 0 0 0 0 0 0 0 0 0 0 0 0 0 0 0 0 0 0 0 0 0 0 0 0 0 0 0 0 0 0 0 0 0 0 0 0 0 0 0 0 1 1 1 2 2 3 3 3 2 4 24 10 6 2 14 15 1 1 5 14 1 19 9 3 1 5 9 9 10 4
0 0 0 0 0 0 0 0 0 0 0 0 0 0 0 0 0 0 0 0 0 0 0 0 0 0 0 0 0 0 0 0 0 0 0 0 0 0 0 0 0 0 0 0 0 1 0 0 0 0 0 0 0 0 0 0 0 0 0 0 0 0 0 0 0 0 0 1 1 1 2 4 3 5 2 1 1 4 4 2 4 3 2 1 6 2 2 1 1 7 4 6 5 7 9 13
0 0 0 0 0 0 0 0 0 0 0 0 0 0 0 0 0 0 0 0 0 0 0 0 0 0 0 0 0 0 0 0 0 0 0 0 0 0 0 0 0 1 1 0 0 0 1 2 4 3 1 0 0 0 0 0 0 0 0 0 0 0 0 0 0 0 0 0 0 1 2 2 3 5 3 3 2 3 1 1 4 3 2 3 6 2 7 3 2 5 9 27 34 38 19 25
0 0 0 0 0 0 0 0 0 0 0 0 0 0 0 0 0 0 0 0 0 0 0 0 0 0 0 0 0 0 0 0 0 0 0 1 0 0 0 0 0 0 1 1 0 0 1 3 16 16 18 26 8 1 0 0 0 0 0 0 0 0 0 0 0 0 0 0 0 1 1 1 3 5 5 3 2 1 1 0 1 3 3 3 9 4 2 3 4 6 43 42 38 17 17 45
0 0 0 0 0 0 0 0 0 0 0 0 0 0 0 0 0 0 0 0 0 0 0 0 0 0 0 0 0 0 0 0 0 0 0 0 0 0 0 0 1 4 1 2 2 1 1 0 0 1 2 5 8 12 4 1 0 0 0 0 0 0 0 0 0 0 0 0 0 0 0 2 2 4 6 4 1 0 0 0 1 1 2 5 2 5 7 9 6 6 4 3 13 9 15 31
0 0 0 0 0 0 0 0 0 0 0 0 0 0 0 0 0 0 0 0 0 0 0 0 0 0 0 0 0 0 0 0 0 0 0 0 0 0 0 0 0 1 1 3 2 1 2 1 0 0 0 0 1 3 2 5 1 0 0 1 1 0 0 0 0 0 0 0 0 0 0 1 3 2 2 3 2 1 1 2 1 1 3 10 3 15 11 10 10 15 10 5 5 14 56 73
0 0 0 0 0 0 0 0 0 0 0 0 0 0 0 0 0 0 0 0 0 0 0 0 0 0 0 0 0 0 0 0 0 0 0 0 0 0 0 0 1 2 1 1 0 0 1 0 0 0 0 0 1 0 0 1 2 1 3 2 0 0 0 0 0 0 0 0 0 0 1 1 2 1 2 2 3 5 3 1 2 2 11 16 10 29 21 46 30 24 30 29 7 7 11 12
0 0 0 0 0 0 0 0 0 0 0 0 0 0 0 0 0 0 0 0 0 0 0 0 0 0 0 0 0 0 0 0 0 0 0 0 0 0 0 0 0 1 2 2 0 0 0 0 0 0 0 1 3 1 1 1 0 2 7 1 0 0 0 0 0 0 0 0 0 1 1 1 1 1 1 2 2 2 6 1 2 2 4 3 9 32 14 19 37 50 28 30 34 21 17 15
0 0 0 0 0 0 0 0 0 0 0 0 0 0 0 0 0 0 0 0 0 0 0 0 0 0 0 0 0 0 0 0 0 0 0 0 0 0 0 0 0 1 2 3 1 1 2 2 2 2 1 2 2 1 1 0 1 3 1 1 0 0 0 0 0 0 0 0 0 0 1 1 5 1 1 3 2 2 3 3 3 2 2 6 2 23 16 42 43 65 80 78 51 32 26 26
0 0 0 0 0 0 0 0 0 0 0 0 0 0 0 0 0 0 0 0 0 0 0 0 0 0 0 0 0 0 0 0 0 0 0 0 0 0 0 0 0 0 1 1 1 1 1 1 1 1 1 0 1 1 1 1 2 1 1 1 1 0 0 0 0 0 0 0 0 0 0 1 0 0 3 2 1 3 14 5 7 3 2 6 12 40 25 16 58 52 41 56 60 26 28 33
0 0 0 0 0 0 0 0 0 0 0 0 0 0 0 0 0 0 0 0 0 0 0 0 0 0 0 0 0 0 0 0 0 0 0 0 0 0 0 0 1 0 0 0 0 0 1 0 0 0 0 0 0 1 1 0 1 0 1 0 1 0 0 0 0 0 0 1 0 0 1 0 0 0 0 1 7 13 2 5 5 3 4 3 5 8 22 40 49 57 9 39 48 49 30 32
0 0 0 0 0 0 0 0 0 0 0 0 0 0 0 0 0 0 0 0 0 0 0 0 0 0 0 0 0 0 0 0 0 0 0 0 0 0 0 0 0 0 0 0 0 0 1 0 0 0 0 0 0 1 0 0 0 0 0 0 0 0 0 0 0 0 0 0 1 0 0 0 0 1 1 1 1 2 2 2 1 3 8 8 5 7 7 6 19 17 14 38 17 59 45 43
0 0 0 0 0 0 0 0 0 0 0 0 0 0 0 0 0 0 0 0 0 0 0 0 0 0 0 0 0 0 0 0 0 0 0 0 0 0 0 0 0 0 0 0 0 0 0 0 0 0 0 0 0 0 0 0 0 0 1 0 0 0 0 0 0 0 0 0 2 0 0 0 0 0 1 2 2 7 9 7 13 9 5 3 13 20 18 18 8 8 19 36 38 17 41 37
0 0 0 0 0 0 0 0 0 0 0 0 0 0 0 0 0 0 0 0 0 0 0 0 1 0 0 1 0 0 0 0 0 0 0 0 0 0 0 0 0 0 0 0 0 0 0 0 0 0 0 0 0 0 0 0 0 0 0 0 0 0 0 0 0 0 0 0 0 5 3 1 0 2 2 4 17 19 2 6 24 15 19 18 18 22 24 27 22 11 6 36 30 19 14 6
0 0 0 0 0 0 0 0 0 0 0 0 0 0 0 0 0 0 0 0 0 0 0 0 0 0 0 2 1 0 0 0 0 0 0 1 0 0 0 0 0 0 0 0 0 0 0 0 0 0 1 1 2 2 2 0 0 0 0 0 0 0 0 0 0 0 0 0 0 0 1 1 13 34 12 5 3 3 24 7 1 11 21 18 18 20 29 36 31 15 9 12 8 5 8 27
0 0 0 0 0 0 0 0 0 0 0 0 0 0 0 0 0 0 0 0 0 0 0 0 0 0 0 1 2 0 0 0 0 0 0 0 0 0 0 0 0 0 0 0 0 0 0 0 0 2 3 1 0 0 1 3 0 0 0 0 0 0 0 0 0 0 0 0 0 0 0 0 0 1 1 18 3 4 3 7 18 5 8 27 21 28 35 41 46 48 27 7 13 29 17 29
0 0 0 0 0 0 0 0 0 0 0 0 0 0 0 0 0 0 0 0 0 0 0 0 0 0 0 0 0 0 1 0 0 0 0 0 0 1 0 0 1 0 0 0 1 0 0 1 1 2 5 6 1 3 1 3 1 1 1 0 0 0 0 0 0 0 0 0 0 0 0 0 0 0 0 2 2 3 3 5 11 30 12 16 27 32 27 47 25 14 26 32 35 8 8 14
0 0 0 0 0 0 0 0 0 0 0 0 0 0 0 0 0 0 0 0 0 0 0 0 0 0 0 0 0 0 3 0 0 0 0 0 0 0 1 0 1 0 0 1 1 1 2 3 3 24 10 13 5 19 16 6 4 4 3 0 0 0 0 0 0 0 0 1 0 0 0 1 1 1 1 1 1 4 7 6 4 5 25 25 27 17 37 18 15 37 34 27 30 34 26 17
0 0 0 0 0 0 0 0 0 0 0 0 0 0 0 0 0 0 0 0 0 0 0 0 0 0 0 0 0 0 1 1 0 0 0 0 0 0 1 0 1 0 0 1 1 2 10 12 16 28 15 3 14 7 6 4 3 5 0 0 0 0 0 0 0 0 0 0 0 0 3 1 0 1 1 2 10 14 17 13 10 8 11 19 13 8 20 19 20 23 36 33 17 15 23 21
0 0 0 0 0 0 0 0 0 0 0 0 0 0 0 0 0 0 0 0 0 0 0 0 0 0 0 0 0 0 1 3 0 0 0 0 0 0 4 1 2 1 0 1 3 11 30 18 7 38 9 1 4 1 2 9 10 4 1 2 1 1 0 0 0 0 0 0 0 1 0 1 1 0 1 3 3 3 10 18 23 13 6 9 5 9 24 33 29 27 24 34 15 18 19 29
0 0 0 0 0 0 0 0 0 0 0 0 0 0 0 0 0 0 0 0 0 0 0 0 1 1 0 1 0 0 1 4 0 0 0 0 0 0 0 1 3 7 2 2 12 22 43 34 9 21 2 2 1 0 0 0 19 17 10 4 1 2 0 0 0 1 0 0 0 0 0 1 0 2 3 1 3 9 8 17 15 21 26 8 18 18 28 24 30 17 31 36 23 27 24 37
0 0 0 0 0 0 0 0 0 0 0 0 0 0 0 0 0 0 0 0 0 0 0 0 0 1 1 2 1 2 1 2 0 0 0 0 0 1 0 1 1 4 3 8 18 24 47 68 58 24 5 1 0 0 0 0 0 0 42 5 6 0 0 1 0 0 0 0 0 0 0 0 2 1 1 1 1 1 4 7 18 29 17 10 13 23 17 15 31 13 53 16 20 22 17 21
0 0 0 0 0 0 0 0 0 0 0 0 0 0 0 0 0 0 0 0 0 0 1 2 2 3 4 3 3 5 0 2 2 1 0 0 0 0 0 0 0 4 0 2 3 6 70 76 62 12 5 4 2 1 0 1 0 1 0 0 0 0 0 1 1 0 0 0 0 0 0 0 0 1 0 0 1 2 3 8 13 19 12 11 9 13 17 7 20 16 54 23 24 12 19 28
0 0 0 0 0 0 0 0 0 0 0 0 0 0 0 0 0 0 0 0 0 0 0 0 0 1 2 1 5 7 2 10 15 4 1 2 0 1 0 0 2 4 2 1 4 8 3 19 29 4 7 6 3 2 2 1 0 1 1 1 0 0 0 1 0 0 0 0 0 0 0 0 1 1 1 1 1 3 3 5 6 12 9 9 9 7 11 9 28 33 9 18 23 23 28 17
0 0 0 0 0 0 0 0 0 0 0 0 0 0 0 0 0 1 0 0 0 0 1 1 2 3 3 2 1 1 1 23 10 3 6 7 11 4 0 0 2 3 22 5 7 11 12 4 2 5 13 8 4 2 1 1 1 1 1 0 0 0 1 1 0 0 0 0 0 0 0 0 0 0 0 1 1 2 3 4 4 5 4 8 9 5 6 8 21 2 8 15 12 4 3 9
0 0 0 0 0 0 0 0 0 0 0 0 0 0 0 0 0 0 0 0 1 1 2 3 5 13 6 6 3 2 1 1 23 18 12 3 22 7 3 6 9 2 14 7 67 34 11 4 5 2 8 8 4 2 2 1 1 1 1 0 1 1 2 3 1 0 0 0 0 0 0 0 0 0 0 1 1 1 2 2 3 3 4 6 3 8 7 19 7 4 10 12 14 8 8 14
0 0 0 0 0 0 0 0 0 0 0 0 0 0 0 0 0 0 0 0 1 2 8 7 10 8 20 9 3 3 2 2 1 15 12 2 2 1 14 5 3 1 23 6 4 2 7 5 8 6 9 12 8 4 1 1 0 0 0 0 0 0 1 1 0 0 0 0 0 0 0 0 0 0 0 0 1 1 1 1 1 4 1 1 2 9 4 22 4 2 3 5 7 7 11 14
0 0 0 0 0 0 0 0 0 0 0 0 0 0 0 0 0 0 0 0 0 1 12 19 6 5 7 7 10 9 5 8 3 1 1 3 1 2 22 2 1 3 7 3 3 3 7 5 6 5 2 7 7 5 1 1 0 0 0 0 0 0 0 0 0 0 0 0 0 0 0 0 0 0 0 0 1 1 1 1 4 1 1 2 2 4 4 4 6 1 1 4 5 11 15 24
0 0 0 0 0 0 0 0 0 0 0 0 0 0 0 0 0 0 1 1 1 3 3 3 2 1 4 8 11 9 19 17 3 1 0 1 2 11 4 4 1 12 24 4 4 5 5 8 11 2 3 5 3 2 1 1 0 0 0 0 0 0 0 0 0 0 0 0 0 0 0 0 0 0 0 0 0 0 1 2 1 1 1 1 2 1 3 6 14 4 3 4 6 7 6 17
0 0 0 0 0 0 0 0 0 0 0 0 0 0 0 0 0 0 1 1 1 7 4 2 4 4 1 4 8 7 7 4 2 4 3 3 7 4 9 3 4 6 14 11 7 6 2 4 5 2 1 6 6 5 3 1 0 0 0 1 1 0 0 0 0 0 1 1 0 0 0 2 1 0 0 0 0 0 0 1 0 1 1 0 1 1 2 5 3 8 5 8 6 10 10 15
0 0 0 0 0 0 0 0 0 0 0 0 0 0 0 1 0 0 0 2 3 4 9 4 3 5 5 3 12 9 5 3 4 6 7 7 2 3 4 5 5 1 2 4 7 5 1 2 2 2 3 3 2 2 1 1 1 0 2 2 1 1 0 0 0 0 2 17 5 1 1 0 2 4 0 0 0 0 0 0 0 1 0 1 1 1 1 1 1 3 5 5 17 11 5 9
0 0 0 0 0 0 0 0 0 0 0 0 0 0 0 0 1 1 1 2 2 2 7 3 2 3 2 1 1 2 5 4 7 7 4 7 6 5 4 4 1 3 5 1 8 4 3 3 3 2 1 1 1 5 2 1 1 0 0 0 0 0 1 0 1 1 1 8 26 6 0 1 1 0 2 1 0 0 0 0 1 1 0 3 1 1 1 2 2 2 5 9 4 5 8 3
0 0 0 0 0 0 0 0 0 0 0 0 0 0 0 0 0 0 0 1 2 2 6 10 6 4 6 5 2 1 3 1 2 4 4 7 7 4 8 2 1 4 2 2 9 4 4 3 4 2 2 1 1 3 4 0 0 0 1 0 0 2 1 1 2 1 2 2 28 4 3 1 0 0 0 1 1 1 1 1 0 0 1 1 1 1 2 1 1 8 3 2 6 5 7 7
0 0 0 0 0 0 0 0 0 0 0 0 0 0 0 0 0 0 0 1 2 5 10 18 18 5 4 2 1 1 1 0 0 1 2 2 4 5 3 4 3 4 1 7 1 0 2 2 3 3 7 5 2 3 1 1 1 1 1 0 1 1 1 1 12 2 3 2 1 21 11 1 1 0 2 3 5 11 4 3 1 1 0 1 5 2 8 4 4 5 3 2 5 7 11 6
0 0 0 0 0 0 0 0 0 0 0 0 0 0 0 0 0 1 0 3 14 5 2 6 11 6 4 5 2 0 1 2 3 1 1 2 6 6 1 3 8 8 5 4 1 1 2 5 10 10 4 20 9 8 3 1 1 0 0 1 0 0 0 1 1 3 2 3 2 5 11 16 7 1 0 3 2 6 0 0 2 7 0 1 0 2 2 22 11 9 28 5 5 5 6 8
0 0 0 0 0 0 0 0 0 0 0 0 0 0 0 0 0 1 1 1 1 9 9 4 6 5 9 15 8 3 2 5 3 3 4 1 2 5 4 4 4 6 5 4 3 4 12 8 6 10 10 7 7 3 2 3 4 4 1 0 1 0 0 5 1 3 5 3 2 3 12 10 11 3 1 1 0 2 1 0 0 2 1 1 1 8 1 3 1 1 13 3 4 35 5 12
0 0 0 0 0 0 0 0 0 0 0 0 0 0 0 0 0 0 1 1 1 0 6 21 12 12 10 10 13 4 4 6 3 3 7 10 4 2 2 5 6 4 2 20 5 6 10 31 29 16 25 8 8 21 32 27 4 2 1 0 1 5 2 1 6 1 7 4 4 1 12 9 5 9 1 2 0 4 6 1 0 8 1 1 2 0 3 2 1 2 23 4 2 18 30 25
0 0 0 0 0 0 0 0 0 0 0 0 0 0 0 0 0 0 1 2 3 3 1 5 7 7 2 3 12 4 3 3 2 2 3 5 5 4 3 5 4 2 2 1 8 11 11 29 19 8 7 16 5 4 3 1 2 0 1 1 1 3 4 1 2 5 1 12 7 2 13 18 19 8 2 2 1 6 1 1 0 17 2 1 2 3 1 2 2 7 28 38 4 4 43 29
0 0 0 0 0 0 0 0 0 0 0 0 0 0 0 0 0 0 1 3 5 4 2 1 1 1 2 2 0 1 3 0 1 2 4 3 4 6 4 3 8 5 6 5 7 10 11 9 6 5 11 11 9 11 3 5 3 1 1 1 1 2 3 4 4 16 5 13 23 6 7 8 21 8 10 2 1 6 3 7 5 25 31 4 3 4 1 6 3 2 14 55 7 3 3 38
0 0 0 0 0 0 0 0 0 0 0 0 0 0 0 0 0 0 1 1 3 3 2 3 2 2 2 1 0 0 1 1 1 1 1 2 5 6 4 11 16 9 9 6 3 6 7 6 8 18 10 16 8 7 4 5 4 3 1 2 2 4 2 8 2 18 14 5 29 14 2 11 14 9 22 4 12 4 4 4 11 4 43 12 2 5 5 21 4 2 2 24 10 5 13 13
0 0 0 0 0 0 0 0 0 0 0 0 0 0 0 0 0 0 0 1 2 3 3 3 5 4 5 4 1 0 0 0 0 1 2 1 4 6 3 3 14 8 4 2 7 4 9 5 5 21 27 18 24 11 2 5 16 3 5 4 6 10 3 1 3 3 10 5 12 28 8 7 9 33 20 11 18 5 10 33 17 6 24 35 5 8 3 3 4 5 7 35 11 21 12 3
0 0 0 0 0 0 0 0 0 0 0 0 0 0 0 0 0 0 2 3 2 7 4 7 2 3 5 5 3 0 0 0 2 2 5 6 4 9 9 9 9 6 5 3 5 3 3 7 5 3 3 8 3 5 18 8 19 3 31 16 3 16 4 7 11 4 3 2 10 21 9 24 10 21 4 13 48 21 13 26 42 34 27 50 7 6 17 5 7 2 11 16 19 7 4 6
0 0 0 0 0 0 0 0 0 0 0 0 0 0 0 0 0 0 0 0 1 0 1 2 4 8 4 5 8 1 0 4 3 4 2 2 4 4 5 18 10 4 5 10 8 8 8 10 4 11 12 4 15 23 18 26 13 14 10 17 3 8 12 5 12 23 27 17 7 39 41 59 56 19 14 17 31 36 27 36 46 46 27 51 47 18 3 3 4 9 11 21 27 11 5 4
0 0 0 0 0 0 0 0 0 0 0 0 0 0 0 0 0 0 0 0 0 1 1 2 6 3 4 6 7 8 2 26 5 2 4 2 8 8 10 15 27 11 12 13 7 14 7 8 4 6 8 6 2 15 6 13 34 30 15 17 19 38 34 23 6 35 31 44 43 24 45 51 11 22 18 18 33 28 57 63 54 34 30 66 51 15 23 3 5 28 8 24 17 19 17 9
0 0 0 0 0 0 0 0 0 0 0 0 0 0 0 0 0 0 0 1 1 1 1 2 2 3 6 4 5 3 5 23 4 5 4 4 6 5 5 11 20 8 7 11 5 10 3 3 6 3 3 6 2 2 2 2 14 35 39 40 28 19 35 58 18 20 57 58 49 30 9 23 33 18 19 37 50 71 42 28 31 27 77 62 61 15 11 11 8 13 12 29 5 4 5 26
0 0 0 0 0 0 0 0 0 0 0 0 0 0 0 0 0 0 0 0 1 1 0 1 1 2 3 1 4 4 9 4 6 11 5 3 2 5 13 12 7 4 10 11 10 7 2 2 1 5 2 3 5 5 2 1 5 9 5 23 11 10 36 62 45 35 16 7 9 16 12 15 11 14 15 15 44 33 31 20 6 30 79 62 59 47 14 20 4 16 19 42 44 26 12 5
0 0 0 0 0 0 0 0 0 0 0 0 0 0 0 0 0 0 0 1 0 0 0 1 0 0 1 1 4 5 6 8 11 6 3 7 6 6 12 9 4 9 3 3 7 2 1 2 1 4 2 1 4 2 5 3 3 5 6 2 16 12 16 23 25 10 9 18 13 23 12 7 9 12 15 6 19 19 24 13 12 10 39 28 38 58 19 31 8 24 38 33 19 27 21 8
0 0 0 0 0 0 0 0 0 0 0 0 0 0 0 0 0 0 0 0 0 0 1 0 0 0 1 1 2 2 3 5 12 4 8 7 8 3 7 5 3 4 2 3 3 1 1 1 1 5 2 2 4 4 4 3 6 6 12 7 5 7 3 6 2 2 7 13 15 19 18 10 7 4 5 4 10 10 14 13 15 13 20 12 21 27 10 20 5 21 43 39 20 8 67 54
0 0 0 0 0 0 0 0 0 0 0 0 0 0 0 0 0 0 0 0 0 0 0 0 0 0 2 2 3 2 6 12 3 6 5 10 3 2 7 2 2 3 1 2 2 3 1 1 1 2 1 2 2 5 2 3 3 7 5 8 9 14 5 5 5 3 11 9 12 9 5 4 15 7 5 2 4 12 8 8 9 9 11 20 23 22 16 21 10 60 62 55 54 17 5 12
0 0 0 0 0 0 0 0 0 0 0 0 0 0 0 0 0 0 0 0 0 0 0 1 0 0 1 1 1 1 2 3 5 12 4 2 2 1 2 1 2 1 1 1 1 1 1 1 1 1 1 2 1 2 2 4 6 3 6 4 12 6 4 10 3 6 8 19 6 5 8 21 13 11 13 14 4 3 9 7 8 13 10 27 17 11 37 12 19 58 59 58 73 30 34 9
0 0 0 0 0 0 0 0 0 0 0 0 0 0 0 0 0 0 0 0 0 0 0 0 0 1 1 1 1 1 1 7 3 3 3 2 1 1 2 1 1 1 0 0 0 1 0 0 1 0 1 0 1 2 3 4 8 6 2 5 4 6 6 4 26 5 9 13 14 29 24 13 8 8 12 16 15 18 22 22 34 43 16 21 16 28 48 28 41 53 28 45 80 51 58 36
0 0 0 0 0 0 0 0 0 0 0 0 0 0 0 0 0 0 0 0 0 0 0 0 0 0 0 1 1 2 1 3 1 1 2 1 1 1 0 1 0 0 0 1 2 1 0 2 6 2 3 2 4 8 11 2 3 3 4 3 4 5 11 9 13 11 10 10 29 4 3 5 7 3 2 4 20 15 29 38 48 51 38 14 16 37 63 29 31 14 20 55 89 41 67 54
0 0 0 0 0 0 0 0 0 0 0 0 0 0 0 0 0 0 0 0 1 0 1 0 0 0 0 0 1 1 1 1 0 1 2 1 0 0 0 0 1 5 1 1 1 1 2 1 8 13 33 7 13 29 15 5 12 4 1 2 2 2 8 4 5 9 9 14 5 5 6 11 23 13 15 12 6 24 44 66 61 24 18 26 13 42 59 41 31 26 29 82 82 46 60 87
0 0 0 0 0 0 0 0 0 0 0 0 0 0 0 0 0 0 0 0 1 2 1 0 0 1 1 1 1 0 2 1 1 0 0 0 0 0 1 1 2 0 2 7 1 4 4 4 5 41 42 47 9 26 25 25 8 17 5 3 3 4 1 4 8 12 13 4 6 6 12 25 16 27 40 25 16 49 68 71 38 25 17 39 23 49 27 20 42 40 60 87 66 82 62 90
0 0 0 0 0 0 0 0 0 0 0 0 0 0 0 0 0 0 0 0 0 2 1 2 3 6 4 2 1 0 1 0 0 1 1 3 2 3 6 5 7 9 5 13 3 10 14 20 2 3 4 36 37 14 26 8 8 30 12 9 3 3 4 7 9 10 8 10 12 18 16 9 18 19 26 25 57 59 49 56 30 22 19 28 24 43 28 30 29 29 45 82 60 78 37 70
0 0 0 0 0 0 0 0 0 0 0 0 0 0 0 0 0 0 0 2 0 0 2 11 3 7 6 8 6 10 3 9 8 16 3 8 1 7 17 6 15 30 6 24 21 9 26 7 48 13 6 60 36 35 33 32 50 60 11 15 5 4 3 3 3 7 6 4 4 7 9 14 10 22 29 54 71 65 26 13 33 21 16 26 14 23 25 39 40 63 73 85 58 62 55 50
0 0 1 0 0 0 0 0 0 0 0 0 0 0 0 0 0 0 0 1 1 0 0 1 1 1 4 18 7 7 10 8 23 9 6 10 21 16 22 24 7 39 42 15 24 20 36 11 48 65 40 39 38 37 21 60 33 39 30 26 12 3 3 3 9 6 8 13 15 16 23 16 28 27 55 68 56 42 33 15 5 13 16 23 22 13 27 36 41 54 78 78 35 44 48 51
0 0 0 0 0 0 0 0 0 0 0 0 0 0 0 0 0 0 0 0 0 0 0 0 0 1 3 2 4 7 11 18 3 17 4 32 21 21 27 34 22 38 28 36 50 38 41 49 7 55 29 18 64 12 33 56 35 9 47 8 11 16 2 2 6 6 17 16 16 17 18 26 46 78 78 69 56 37 10 14 14 8 5 5 16 9 28 26 36 47 66 55 45 28 56 67
0 0 0 0 0 0 0 0 0 0 0 0 0 0 0 0 0 0 0 0 0 0 0 0 0 1 0 1 1 1 1 1 1 2 1 1 2 2 2 3 4 5 3 6 6 7 7 48 35 33 67 19 49 50 53 45 14 7 11 11 28 24 8 4 13 12 18 11 14 41 58 70 72 74 71 68 50 18 7 8 7 8 6 4 11 6 17 11 20 26 45 43 42 24 39 46
0 0 0 0 0 0 0 0 0 0 0 0 0 0 0 0 0 0 0 0 0 1 0 0 1 1 0 1 1 1 1 1 2 2 2 3 1 2 3 5 5 6 12 5 7 5 10 4 7 10 42 40 52 60 50 21 20 23 16 26 26 10 8 10 10 11 20 37 52 53 65 52 37 44 32 35 10 14 13 13 13 12 6 9 4 3 3 3 7 9 22 23 30 19 17 21
1 1 0 0 0 0 0 0 0 0 0 0 0 0 0 0 0 0 0 0 0 0 0 0 0 0 0 1 0 0 1 1 0 0 0 1 1 1 2 1 2 5 5 3 3 5 5 10 10 10 7 11 14 19 26 21 26 19 14 33 5 7 6 10 13 10 11 11 27 60 66 62 44 37 20 18 28 24 40 37 27 17 5 10 12 14 14 9 7 3 3 5 14 28 25 20
0 0 0 0 0 0 0 0 0 0 0 0 0 0 0 0 0 0 0 0 0 0 0 0 0 0 0 1 1 1 0 0 1 0 1 1 1 1 2 2 2 2 2 1 1 2 2 2 6 11 19 36 32 28 21 17 19 15 16 5 4 7 5 14 11 6 12 12 16 24 23 37 50 25 17 27 34 34 13 12 7 9 10 20 35 33 34 19 19 16 8 7 4 4 8 8
0 0 0 0 0 0 0 0 0 0 0 0 0 0 0 0 0 0 0 0 0 0 0 0 0 0 0 1 1 0 0 0 0 1 1 1 1 1 1 1 2 2 12 4 4 3 4 6 10 9 21 23 16 17 17 11 15 9 7 7 1 7 6 10 18 23 20 29 24 21 13 16 9 18 23 35 54 39 22 14 15 21 23 38 32 31 32 38 39 22 30 18 14 11 6 4
0 0 0 0 0 0 0 0 0 0 0 0 0 0 0 0 0 0 0 0 0 0 0 0 0 0 1 1 0 0 1 0 1 1 2 2 1 2 3 3 1 3 3 4 4 11 11 9 6 6 12 5 22 14 32 18 10 9 6 4 5 5 8 5 34 46 18 34 30 28 21 25 14 25 37 47 27 12 20 25 23 35 23 38 45 42 48 37 38 39 37 38 33 27 14 28
0 0 0 0 0 0 0 0 0 0 0 0 0 0 0 0 0 0 0 0 0 0 0 0 0 0 3 3 1 0 1 1 1 3 1 2 2 3 1 1 4 3 2 3 4 8 8 4 13 6 10 15 13 8 15 8 15 4 7 3 12 18 7 26 59 31 32 18 17 24 19 11 15 27 32 30 15 24 23 31 35 31 38 52 50 45 43 35 50 53 40 62 43 33 30 33
0 0 0 0 0 0 0 0 0 1 0 0 0 0 0 0 0 0 0 0 0 0 0 0 0 2 1 0 0 0 0 1 0 0 2 1 1 2 2 3 2 2 1 1 3 3 7 8 7 8 11 10 13 7 9 7 17 9 4 2 5 18 36 49 44 41 23 22 24 13 11 13 20 9 33 13 24 24 37 38 44 32 42 48 54 39 52 49 49 38 46 50 43 39 52 57
0 0 0 0 0 1 0 0 1 0 0 0 1 0 0 0 0 0 0 0 0 0 0 0 0 0 0 0 0 1 0 0 1 0 1 1 1 2 1 1 1 2 1 1 1 3 4 8 9 6 5 12 3 8 10 8 5 4 11 6 1 9 10 15 25 49 39 59 38 11 22 16 27 20 62 27 18 22 26 32 42 27 34 48 31 32 46 64 53 52 38 45 43 55 54 47
0 0 0 0 0 0 0 0 0 1 1 0 0 0 0 0 0 0 0 0 0 0 0 0 0 0 0 0 0 0 0 0 0 0 0 0 0 0 0 1 3 1 2 2 1 1 2 2 4 5 6 5 7 1 12 1 4 12 6 7 3 3 8 7 6 8 27 22 13 26 50 20 26 17 51 21 21 24 34 45 62 46 66 65 59 58 57 59 73 72 45 41 41 44 70 53
0 0 0 0 0 0 0 0 0 0 0 0 0 0 0 0 0 0 0 0 0 0 0 0 0 0 0 0 0 0 0 0 0 0 0 0 0 0 0 1 1 3 1 1 3 3 4 1 3 2 2 4 2 4 5 9 12 7 7 6 4 12 21 15 12 9 11 27 29 23 33 32 14 22 43 29 40 35 51 71 58 41 78 75 75 71 70 69 72 68 49 49 65 67 68 53
0 0 0 0 0 0 0 0 0 0 0 1 0 1 0 0 1 1 0 0 0 0 0 0 0 0 0 0 0 0 0 0 0 0 0 0 0 0 0 1 1 1 2 3 0 2 2 3 4 2 2 6 9 3 2 2 3 9 10 10 8 21 16 13 6 16 23 19 38 31 25 46 23 36 37 56 65 62 71 67 28 56 75 52 33 41 60 36 65 77 63 62 56 60 62 82
0 0 1 0 1 0 0 0 0 0 1 1 1 6 1 1 3 2 0 0 0 0 0 0 0 0 0 0 0 0 0 0 0 0 0 0 0 0 0 0 0 0 1 3 2 1 2 1 3 2 3 2 2 16 30 8 7 7 7 9 15 15 20 10 20 19 28 13 33 36 17 32 41 39 56 36 50 52 69 59 15 27 40 61 27 7 13 30 77 73 76 80 45 51 37 76
