sesion_6_simulaciones/modelos_agentes/ejemplos_netlogo/scenarios/cgcm2_a2/rob_2098.asc
NCOLS 322 
NROWS 307 
XLLCORNER 451900 
YLLCORNER 4086900 
CELLSIZE 100 
NODATA_value -9999 
[rows 222 to 295 of 307, columns 96 to 191 of 322]
16 8 8 4 2 2 1 0 1 0 0 0 0 0 0 0 0 1 1 1 1 1 2 2 1 5 15 27 11 6 7 13 17 21 4 3 1 0 1 2 3 4 7 13 15 21 26 42 43 40 38 34 33 34 30 25 24 27 42 42 36 35 9 19 2 7 5 7 10 9 6 7 4 5 8 6 5 1 1 1 3 3 4 4 6 3 15 24 40 20 18 26 17 15 28 19
13 5 3 2 1 1 1 0 0 0 0 0 0 0 0 0 0 1 1 2 1 1 2 3 3 4 5 10 36 13 10 22 34 9 3 2 1 0 1 3 3 4 9 11 14 19 23 33 40 34 35 22 25 28 30 46 54 23 8 11 10 9 6 4 13 2 3 3 11 8 6 12 4 4 8 5 4 1 4 4 10 31 6 7 7 11 7 8 39 59 37 40 43 28 28 28
5 3 2 2 1 0 1 0 0 0 0 0 0 0 0 0 0 1 1 2 3 2 3 4 9 7 4 9 27 19 18 27 12 7 2 2 1 0 1 2 2 4 8 10 12 15 20 23 35 35 33 30 42 21 33 68 18 14 11 9 2 8 8 3 3 5 1 4 6 5 11 10 2 3 3 4 2 1 2 3 3 2 19 13 9 12 17 8 8 40 78 57 55 38 47 43
6 3 1 0 0 0 0 0 0 0 0 0 0 0 0 0 0 1 4 3 12 5 4 6 13 17 7 17 24 46 34 14 5 4 3 1 0 0 0 2 3 5 9 11 10 17 19 20 30 29 28 29 44 31 13 10 13 10 8 5 16 28 5 8 6 27 8 3 5 4 8 8 5 5 4 5 3 2 3 9 8 3 1 5 38 28 16 17 15 15 65 61 56 52 37 34
8 3 1 0 0 0 0 0 0 0 0 0 0 0 0 0 0 1 3 11 24 11 11 7 11 24 28 15 30 39 12 8 3 2 1 1 0 0 1 2 2 4 6 6 8 18 22 28 27 25 36 42 36 23 21 17 24 16 9 27 5 7 17 25 9 40 9 6 1 4 3 6 4 3 4 5 3 1 3 11 6 5 13 10 10 6 9 21 23 36 20 33 49 37 25 31
5 2 0 0 0 0 0 0 0 0 0 0 0 0 1 1 1 1 2 4 6 20 10 15 11 17 39 44 32 25 8 6 7 6 5 1 0 1 1 1 3 4 9 11 15 20 23 24 26 26 29 23 17 23 18 19 31 20 29 7 7 12 10 12 28 9 14 11 19 2 2 4 5 1 1 2 2 3 6 3 42 21 38 22 41 18 33 27 24 17 19 40 33 28 21 14
5 3 1 1 0 0 0 0 0 0 0 0 0 0 0 1 2 3 3 6 8 8 26 37 13 18 32 46 34 12 16 12 8 6 5 2 0 1 2 1 2 6 7 8 9 16 17 20 31 27 36 28 29 26 18 26 32 63 22 15 9 19 27 56 15 10 11 8 4 3 4 2 2 1 1 1 2 2 21 12 5 4 16 37 23 28 25 35 20 31 30 26 20 27 27 36
4 2 1 1 1 0 0 0 0 0 0 0 0 0 0 1 3 8 12 7 8 6 7 31 17 21 25 65 39 24 35 29 10 8 7 1 1 1 3 3 3 5 8 12 10 11 10 15 27 29 25 24 25 18 35 32 17 16 10 18 10 8 9 15 6 3 4 5 1 2 0 3 1 1 2 1 1 2 2 4 6 7 12 17 13 13 26 38 21 28 21 13 20 16 19 23
2 2 1 1 0 1 0 0 0 0 0 0 0 0 0 1 3 5 12 18 27 26 7 13 41 12 15 44 57 64 36 25 17 9 3 1 1 1 3 5 12 8 5 11 14 14 16 15 16 17 15 14 18 19 27 13 15 11 11 10 12 9 13 13 10 13 11 10 5 4 3 2 2 1 1 1 0 2 3 5 10 13 12 36 20 10 21 13 16 30 16 12 11 21 21 19
5 3 2 1 1 1 0 0 0 0 0 0 0 0 0 0 2 4 11 21 25 29 22 22 21 29 18 24 59 55 40 23 16 8 5 1 2 4 4 10 14 15 20 12 15 17 15 17 20 19 20 20 20 17 9 9 6 6 5 5 4 4 3 15 17 15 4 8 5 3 1 1 2 1 0 1 3 2 3 16 10 17 19 25 22 19 13 15 17 21 25 19 15 14 23 13
4 2 1 1 1 2 1 0 0 0 0 0 1 1 1 1 4 7 14 25 25 20 11 23 49 31 18 22 44 53 47 36 11 9 4 3 2 5 5 7 14 16 21 34 21 20 13 25 35 39 42 29 15 11 8 10 7 7 12 11 7 10 8 5 4 5 5 3 5 4 4 3 5 0 1 1 2 4 6 4 6 15 23 17 20 42 34 22 21 18 14 14 21 15 15 10
7 5 2 2 3 1 0 0 0 0 1 1 1 1 1 1 3 6 12 20 24 35 10 23 21 37 33 39 55 58 49 35 17 6 6 3 2 5 9 7 9 17 21 21 28 42 29 13 27 40 45 48 27 14 14 17 24 21 23 28 18 15 12 7 10 16 6 5 2 7 8 8 6 5 4 7 9 2 14 5 48 25 16 33 24 21 30 34 56 27 16 13 17 10 6 8
15 4 4 4 2 1 0 0 0 0 1 2 2 2 1 1 2 8 13 17 27 26 17 12 23 23 55 46 36 36 31 24 10 4 2 2 3 7 12 10 15 20 24 25 25 30 31 48 27 30 35 30 25 29 22 28 23 27 36 22 12 12 16 9 5 4 7 7 2 3 1 1 0 0 2 0 3 16 8 9 3 9 32 37 19 22 47 28 45 23 35 22 11 16 12 14
20 11 9 3 1 1 1 0 0 1 2 3 5 3 1 1 2 6 6 20 31 30 33 14 17 27 31 57 32 23 18 12 5 1 1 3 7 8 13 17 19 22 24 24 30 34 35 36 44 31 34 28 33 45 23 21 26 21 22 21 18 23 20 18 9 4 8 5 6 2 3 1 1 1 4 1 1 2 4 5 3 1 34 57 31 34 48 61 42 40 42 37 31 41 19 6
16 15 9 2 1 1 0 0 0 1 4 5 8 6 3 2 3 5 6 15 20 29 52 27 13 31 30 57 38 28 11 6 5 3 3 8 9 9 15 17 19 22 22 31 37 38 53 38 46 53 38 45 36 35 27 20 18 20 39 23 29 16 12 17 12 5 4 4 3 1 6 1 1 3 1 2 2 9 9 8 10 7 5 27 43 59 73 53 34 31 21 26 31 13 11 15
39 23 7 3 2 1 0 1 2 1 3 9 14 14 7 3 7 9 6 9 28 35 29 42 11 20 28 44 38 32 26 19 12 4 4 8 9 7 21 18 19 24 24 38 49 44 59 49 35 24 53 73 67 31 31 10 16 19 27 16 30 16 11 8 6 4 2 2 1 4 1 1 0 1 1 1 2 3 6 7 7 7 11 12 31 23 15 55 39 30 28 18 13 15 14 12
22 9 5 3 1 1 1 1 5 3 3 7 19 20 14 9 5 11 10 14 23 27 35 48 25 27 35 51 49 43 38 22 14 5 5 9 17 11 15 19 24 26 30 52 49 53 55 52 48 35 33 48 49 47 23 9 14 18 10 22 25 18 3 16 2 4 3 2 1 2 1 0 0 1 2 1 3 6 37 11 23 11 14 15 14 12 26 31 27 37 17 13 13 13 11 9
9 4 2 1 0 1 1 1 5 8 5 5 14 28 29 13 5 13 21 32 31 14 44 60 40 35 46 47 41 53 41 19 15 6 3 12 16 14 12 16 30 28 36 42 49 54 54 52 50 46 35 45 53 39 29 8 12 22 18 14 14 13 2 5 4 3 4 1 1 1 0 1 1 1 1 1 1 4 8 5 12 23 31 15 22 18 18 29 22 13 15 19 20 20 19 9
5 3 1 1 0 1 2 5 7 13 13 10 17 28 32 22 8 15 17 52 40 16 38 52 47 20 16 71 67 42 36 26 15 6 3 14 22 21 13 29 31 42 35 43 52 41 55 54 50 57 34 45 44 29 27 6 11 13 15 15 10 6 5 4 4 3 2 2 1 0 0 1 1 1 1 1 1 7 7 7 12 11 36 36 27 38 41 26 14 13 11 10 16 15 13 8
4 2 1 1 1 2 5 5 8 17 28 19 14 24 42 38 16 10 24 38 44 25 35 48 59 24 26 72 52 51 50 32 20 3 4 19 19 12 34 22 37 46 37 45 42 41 62 51 50 47 43 35 22 25 52 14 6 14 20 10 6 3 2 4 3 2 1 2 1 0 0 0 1 1 2 2 4 16 14 17 15 16 24 26 34 49 38 36 30 24 16 17 18 9 11 4
2 4 3 1 1 2 5 9 10 15 26 22 16 28 45 42 19 12 42 33 33 39 36 50 64 67 51 69 63 58 46 28 11 5 7 16 19 22 25 41 25 39 51 40 31 38 51 54 51 41 42 42 33 29 44 20 19 6 11 22 8 5 2 2 1 2 2 1 0 0 0 1 1 1 1 2 4 29 26 26 31 12 14 20 23 32 43 44 25 22 21 18 16 13 15 6
8 5 4 2 2 4 7 13 12 17 29 41 31 33 37 53 22 13 33 32 34 42 41 50 69 74 55 71 45 43 47 25 8 6 7 8 14 41 24 27 39 34 45 38 37 54 51 38 46 45 39 35 45 53 45 32 7 3 11 10 10 3 2 1 1 1 0 0 0 0 2 1 0 2 1 2 2 9 11 21 14 23 40 30 21 20 16 21 25 24 18 16 16 13 11 5
15 6 3 4 2 5 9 16 25 30 33 29 48 26 44 55 25 31 18 47 49 44 33 50 58 59 42 35 28 34 25 22 6 4 6 8 22 36 36 24 28 46 19 56 37 40 52 34 31 56 41 21 41 42 31 32 22 4 3 3 5 4 2 1 1 0 0 0 0 0 2 1 1 2 33 16 8 13 13 22 31 47 32 41 35 42 33 32 32 23 19 10 8 7 3 1
8 2 2 6 7 5 13 21 19 34 38 37 53 26 43 51 30 40 19 35 56 46 61 38 67 54 34 33 25 24 26 11 4 5 13 10 13 22 34 34 43 28 27 30 54 35 27 38 43 58 43 31 19 21 18 31 33 3 3 4 3 1 1 1 0 0 0 0 1 1 0 2 7 12 29 21 21 23 19 35 50 37 27 15 28 26 36 35 23 25 19 8 7 4 2 1
4 1 4 9 9 12 16 23 26 23 38 45 60 41 45 54 27 38 47 26 29 44 40 73 46 57 31 31 32 16 7 8 8 9 16 19 18 11 17 10 20 29 37 59 32 40 44 38 32 33 38 38 13 11 7 5 12 7 3 2 2 1 0 0 0 0 0 0 0 1 1 0 1 7 3 13 59 57 52 50 60 36 23 28 30 17 18 20 32 28 5 7 7 7 7 2
4 2 6 18 26 14 21 26 31 34 38 48 49 55 36 55 26 26 44 34 30 52 25 54 63 34 27 24 8 8 13 18 17 9 21 18 18 17 14 28 23 25 34 50 59 32 25 44 24 36 26 23 18 12 5 7 2 6 3 1 1 1 1 0 0 0 0 1 0 1 1 1 4 3 4 5 19 29 43 34 17 20 22 28 22 22 25 20 15 10 8 5 3 3 8 4
5 2 9 25 28 17 20 26 22 33 44 47 47 54 52 71 28 28 39 41 38 47 69 47 30 41 39 28 17 14 23 23 22 11 9 19 15 21 28 28 27 31 34 40 37 47 25 21 27 26 22 15 20 11 6 3 1 2 1 1 0 0 0 0 0 0 0 1 0 0 1 2 19 11 12 11 7 4 20 34 33 13 17 16 26 25 13 6 5 3 2 4 6 8 10 10
7 3 9 27 29 28 18 32 23 38 61 46 42 46 70 69 27 28 26 38 36 50 73 19 41 41 30 24 31 31 40 46 24 20 11 21 16 24 37 19 29 42 50 42 30 37 25 36 21 24 33 37 10 4 3 2 3 0 0 2 0 0 1 0 0 0 1 2 1 1 1 16 27 14 12 9 10 14 12 18 26 19 14 18 26 27 14 11 10 5 3 4 10 11 12 12
8 6 11 30 30 31 18 41 38 40 60 44 60 50 50 55 56 35 48 28 41 34 72 58 38 28 29 36 29 44 51 51 27 15 14 7 23 34 20 34 40 39 55 56 54 32 40 9 5 6 30 4 8 4 4 2 0 0 0 0 0 0 0 0 0 0 1 0 0 1 1 1 1 5 11 8 11 14 12 13 19 11 17 20 29 38 26 37 15 10 4 9 12 12 18 13
9 7 12 33 33 43 20 42 46 44 37 42 33 59 56 27 25 56 32 31 24 45 53 33 32 28 31 36 47 73 46 29 17 18 22 8 15 17 46 39 42 44 48 59 30 44 27 20 11 17 15 1 12 11 4 1 1 1 0 0 1 0 0 0 0 0 0 2 1 0 1 7 6 12 14 12 12 17 19 30 24 23 23 24 26 38 45 19 16 6 6 11 12 13 19 6
5 18 19 31 38 48 26 24 32 49 53 49 27 22 42 59 22 17 62 46 19 44 57 34 43 20 48 72 59 38 28 30 28 19 14 5 14 9 25 35 38 63 54 34 19 32 21 28 26 26 11 5 7 11 4 3 1 0 0 0 0 0 0 0 0 0 0 0 0 0 1 3 4 8 14 21 13 15 12 22 11 9 14 37 40 44 27 19 6 8 13 13 14 25 24 7
11 25 32 35 39 33 39 33 31 23 37 51 19 16 38 45 44 34 9 24 22 39 25 29 22 49 39 29 36 27 31 40 34 14 17 9 18 21 30 25 18 39 34 19 24 23 25 15 24 21 15 8 14 7 3 2 0 1 0 0 0 0 0 0 0 0 0 0 1 1 1 3 8 10 12 21 14 13 11 19 30 23 39 35 35 27 34 19 9 14 15 17 27 25 21 13
18 27 32 31 36 49 41 51 42 30 21 30 59 18 37 30 29 46 25 11 18 45 9 27 64 26 27 37 44 44 38 26 13 17 20 15 20 25 32 24 29 38 25 14 30 29 10 9 27 16 4 3 4 2 2 0 1 0 0 0 0 0 0 0 1 1 0 1 1 1 3 4 10 17 24 29 21 14 19 24 32 28 40 29 34 35 21 14 10 16 16 18 28 40 12 11
21 29 34 19 24 62 61 46 37 34 49 29 31 48 23 26 29 11 44 17 18 30 53 35 27 37 46 48 51 50 34 19 14 15 28 13 16 25 39 42 37 40 38 28 30 12 13 16 7 8 5 3 3 2 1 1 0 0 0 0 0 0 0 0 0 0 0 0 1 1 4 3 6 17 32 21 19 27 20 24 31 33 26 35 34 23 9 9 16 16 25 25 35 33 18 11
29 41 34 24 30 48 47 57 56 29 39 46 34 36 46 22 31 13 12 26 10 10 40 41 39 37 37 45 50 32 34 32 24 10 19 7 12 17 29 46 42 41 21 29 20 26 13 11 11 13 6 3 2 2 1 1 0 0 0 0 0 0 0 0 0 1 1 1 0 1 3 4 9 8 15 39 18 23 11 11 14 17 33 32 27 23 15 13 17 17 26 20 54 24 19 16
24 31 39 30 33 33 43 39 43 45 54 41 33 36 57 43 14 10 14 12 28 29 36 30 40 47 49 48 46 42 34 33 27 12 26 9 10 19 30 42 40 48 42 32 27 22 18 22 8 8 6 3 2 2 1 1 1 0 0 0 0 0 0 0 0 0 0 0 0 2 2 3 8 11 17 12 12 6 5 15 27 27 12 25 39 33 14 21 18 26 21 22 53 23 19 18
27 42 45 42 41 29 29 42 44 43 54 49 43 34 43 43 22 20 13 15 11 29 33 34 22 36 38 44 30 45 42 34 27 23 34 5 21 28 31 27 18 42 45 33 23 25 26 15 9 15 11 7 1 1 1 1 0 0 0 0 0 0 0 0 0 0 0 0 0 1 2 3 4 6 17 5 7 9 6 30 27 12 22 25 33 46 24 32 32 19 19 13 39 24 21 16
28 37 61 41 42 38 32 43 45 38 34 43 36 36 48 25 26 28 16 12 11 19 22 19 20 34 41 37 39 33 31 32 42 36 15 4 22 36 41 39 30 38 47 29 23 27 14 8 12 20 9 6 4 2 1 1 0 0 0 0 0 0 0 0 0 0 1 1 1 2 3 7 5 5 4 6 15 22 11 25 25 26 21 22 23 27 36 35 21 22 19 7 28 35 7 9
30 24 48 54 38 38 31 43 46 35 29 28 38 48 40 33 23 30 16 8 12 40 21 38 22 29 39 49 38 29 39 44 39 27 17 10 15 29 50 57 47 41 25 34 19 21 13 9 12 5 3 2 3 3 1 0 0 0 0 0 0 0 0 0 0 0 1 1 2 1 3 3 2 3 4 17 16 23 33 7 18 22 28 33 27 22 48 39 22 24 15 17 32 24 10 16
27 25 33 55 52 36 42 42 37 34 34 24 33 44 38 23 18 10 14 7 11 34 23 39 26 29 34 27 34 27 58 37 29 22 25 19 23 29 34 45 59 52 39 28 31 9 9 14 7 3 3 2 1 1 3 1 0 0 0 0 0 0 0 0 0 0 2 1 1 1 1 2 3 7 7 18 20 25 16 22 23 11 29 26 22 32 37 25 36 19 12 15 45 19 13 18
33 53 39 40 48 36 31 41 40 28 36 23 12 18 40 40 26 12 9 15 8 37 42 16 25 38 22 24 23 40 34 38 37 15 19 13 22 39 34 31 32 34 26 40 19 18 6 12 11 3 4 3 2 2 1 0 0 0 0 0 0 0 0 0 0 0 2 0 1 0 1 4 11 4 8 19 12 12 24 21 6 9 25 29 38 36 31 19 32 24 14 18 35 28 20 18
29 36 48 49 46 30 33 37 30 25 25 28 20 21 23 28 20 5 6 14 6 27 20 22 28 26 12 24 21 29 44 38 47 24 18 16 20 41 30 36 47 30 14 31 9 20 10 6 8 6 7 3 2 1 1 0 0 0 0 0 0 0 1 0 0 1 0 0 1 1 4 4 5 9 8 5 11 29 14 7 5 19 35 27 32 37 23 19 17 17 26 18 19 35 20 18
38 47 38 43 42 31 35 30 30 23 12 21 20 28 21 19 17 16 20 19 10 16 12 18 19 32 23 24 42 19 37 46 41 31 32 10 17 33 52 32 33 25 25 18 14 8 16 3 4 4 4 2 1 1 1 0 0 0 0 0 0 0 0 0 0 0 0 1 1 1 1 4 10 19 7 6 22 24 19 11 12 19 7 11 28 45 21 20 16 26 25 16 13 54 20 29
36 39 33 31 9 21 41 22 29 26 18 16 25 29 16 20 11 20 13 17 11 10 18 12 15 23 48 36 17 28 28 39 41 26 26 10 17 36 28 30 26 18 28 26 23 8 3 14 3 9 2 2 1 1 0 1 0 0 0 0 0 0 0 0 0 0 0 1 1 1 1 3 14 11 5 15 14 9 10 50 31 10 14 29 19 17 24 11 15 22 23 18 26 56 37 33
34 24 14 6 5 11 39 21 12 15 17 10 12 26 34 25 6 5 14 7 10 9 18 22 6 25 39 20 17 33 18 43 49 41 21 4 13 26 28 34 21 18 21 24 24 13 4 2 1 1 3 2 0 1 0 1 0 0 0 0 0 0 0 0 0 0 0 0 1 1 1 5 9 3 6 15 16 2 17 16 11 21 35 28 20 19 19 6 21 21 24 17 37 80 41 21
33 34 20 19 20 15 17 31 8 10 6 15 13 17 28 16 24 4 6 10 12 14 20 33 21 8 22 26 23 14 37 32 34 33 19 8 7 16 38 37 10 20 33 22 16 7 5 4 3 2 1 1 1 0 0 0 0 0 0 0 0 0 0 0 0 0 0 0 0 0 2 2 4 8 4 6 4 5 11 9 12 27 30 20 17 9 6 5 13 19 22 19 34 63 38 10
42 27 30 25 14 17 12 13 16 15 10 28 13 14 9 9 15 12 8 10 12 9 19 19 5 10 18 15 15 21 40 38 17 20 28 15 11 11 17 22 4 9 10 8 8 4 4 2 8 4 1 1 0 0 0 0 0 0 0 0 0 0 0 0 0 0 0 0 1 1 0 1 1 3 3 8 2 14 12 28 13 14 10 12 15 11 7 13 14 22 20 27 34 61 10 8
23 22 28 21 22 12 9 17 31 29 7 8 18 14 5 4 2 4 8 7 2 3 6 8 15 3 16 32 10 32 25 26 25 18 31 11 21 6 22 30 22 7 9 9 3 4 1 1 1 2 1 2 1 0 0 0 0 0 0 0 0 0 0 0 0 0 0 0 0 0 1 1 1 2 1 3 10 17 33 9 11 13 17 25 13 8 6 14 20 21 19 13 44 61 31 7
22 36 24 22 21 19 13 19 29 17 15 8 6 9 11 4 7 3 1 4 2 4 15 13 10 8 16 8 10 30 24 32 21 9 24 11 14 11 7 23 14 22 14 6 4 5 4 1 2 2 2 1 0 0 0 0 0 0 0 0 0 0 0 0 0 0 0 0 1 1 1 1 1 1 4 6 6 12 16 9 8 12 17 17 11 10 7 17 21 13 18 20 12 32 30 8
25 24 21 15 22 29 11 16 17 20 15 12 15 7 3 8 5 2 3 4 6 2 2 5 6 14 13 25 11 15 27 21 15 31 14 8 11 18 6 22 23 22 22 5 5 9 3 1 2 2 1 1 0 0 0 0 0 0 0 0 0 0 0 0 0 0 0 0 0 0 0 0 2 5 2 3 4 5 6 7 4 8 11 15 13 11 7 12 22 11 17 12 17 19 17 9
20 19 33 18 27 34 7 12 18 20 17 12 17 11 14 6 10 13 3 5 7 1 3 5 6 19 18 36 12 15 19 21 33 14 11 7 7 26 8 10 18 27 10 9 9 7 1 1 8 12 1 1 0 0 0 0 0 0 0 0 0 0 0 0 0 0 0 0 0 0 1 1 1 2 2 1 2 6 5 5 9 19 10 9 13 5 11 10 20 9 11 3 1 5 25 37
19 25 29 27 20 15 7 11 18 20 18 10 7 6 11 10 4 2 3 2 2 1 3 2 8 8 22 14 16 30 29 25 18 18 6 2 3 25 8 8 12 13 11 9 7 5 0 1 2 2 2 1 0 0 0 0 0 0 0 0 0 0 0 0 0 0 0 0 0 1 2 2 1 1 1 2 9 11 5 6 13 10 11 19 3 6 12 15 20 7 4 2 6 8 6 18
22 10 11 25 19 22 14 5 16 15 17 10 9 5 7 4 5 1 2 1 1 2 2 3 3 9 7 14 22 45 23 30 22 24 15 2 13 20 7 7 12 6 10 7 5 3 1 2 1 1 1 0 0 0 0 0 0 0 0 0 0 0 0 0 0 0 0 0 0 0 1 0 0 1 2 4 6 5 4 15 14 11 16 5 5 14 27 11 4 3 4 9 6 23 11 16
18 4 13 20 25 18 18 8 5 9 12 5 7 5 7 6 2 1 3 1 0 1 11 4 4 4 3 7 10 18 24 29 19 10 14 6 13 8 10 8 15 11 7 10 9 4 2 1 1 1 1 1 0 0 0 0 0 0 0 0 0 0 0 0 0 0 0 0 0 0 0 1 1 2 2 3 6 9 7 16 13 7 5 3 12 27 5 2 3 5 6 12 18 13 13 7
15 6 6 5 16 17 22 10 1 6 9 4 6 3 13 4 2 0 1 1 0 2 4 2 3 1 4 10 15 14 23 16 20 14 8 7 8 7 7 5 2 9 6 14 7 6 6 8 3 2 1 2 0 0 0 0 0 0 0 0 0 0 0 0 0 0 0 0 0 0 0 1 2 4 1 2 7 12 7 7 4 9 2 8 13 4 1 4 6 9 11 10 12 17 12 6
18 10 14 4 15 22 16 8 2 1 1 6 6 4 3 3 1 1 1 2 1 0 1 3 2 2 6 10 12 11 11 10 19 13 10 12 15 4 9 6 3 5 5 7 13 4 2 1 1 1 0 1 0 0 0 0 0 0 0 0 0 0 0 0 0 0 0 0 0 0 0 1 1 2 2 3 11 11 10 8 5 3 10 11 6 1 4 9 8 8 10 7 11 12 9 6
25 7 14 3 6 14 8 3 2 2 2 2 3 7 3 3 1 1 1 1 1 1 3 2 2 4 3 8 11 13 8 15 9 6 13 11 9 7 6 9 6 3 5 4 5 3 6 2 1 1 2 1 0 0 0 0 0 0 0 0 0 0 0 0 0 0 0 0 0 0 0 1 1 2 2 2 3 4 14 4 4 4 8 3 3 10 9 8 8 8 7 5 3 2 4 6
15 7 14 5 4 13 8 8 5 5 2 3 4 4 4 4 3 1 1 1 0 0 1 1 3 3 7 12 13 7 10 12 6 5 23 12 7 7 5 2 2 3 5 7 5 5 7 2 2 1 1 0 1 0 0 0 0 0 0 0 0 0 0 0 0 0 0 0 0 0 0 0 1 2 2 1 3 8 7 16 11 6 2 3 4 5 5 11 10 6 9 4 4 2 2 1
10 7 11 8 6 7 3 9 3 3 3 2 3 2 1 2 1 1 1 1 1 0 0 3 2 3 4 5 8 8 9 10 11 6 16 9 9 6 12 3 7 8 3 3 6 8 9 3 3 3 1 0 1 0 0 0 0 0 0 0 0 0 0 0 0 0 0 0 0 0 0 0 0 1 1 1 4 12 40 11 6 3 1 3 3 14 9 6 7 7 14 9 3 2 2 1
16 6 10 6 4 3 2 6 7 4 3 3 2 2 1 2 1 1 0 0 1 0 1 1 2 1 4 7 7 8 6 9 6 11 12 9 13 23 6 4 4 4 5 3 11 4 5 6 2 1 1 1 0 0 0 0 0 0 0 0 0 0 0 0 0 0 0 0 0 0 0 0 1 2 1 6 7 11 8 13 4 1 3 6 6 6 9 4 6 10 7 7 2 1 2 1
13 6 15 8 3 3 5 3 9 3 5 4 1 1 1 1 0 0 0 0 0 1 1 0 1 1 5 4 3 5 7 3 6 16 5 19 6 21 12 4 9 3 8 5 12 8 6 4 1 2 1 0 0 0 0 0 0 0 0 0 0 0 0 0 0 0 0 0 0 0 0 0 0 1 4 3 2 11 6 11 5 3 3 7 14 6 7 8 8 5 5 2 2 1 1 0
9 5 16 7 2 2 13 5 4 3 3 3 1 2 1 1 1 1 1 0 0 0 0 0 0 1 4 7 6 4 3 2 5 11 9 5 9 9 9 4 8 2 6 2 6 7 7 5 2 2 1 1 0 0 0 0 0 0 0 0 0 0 0 0 0 0 0 0 0 0 0 0 1 3 2 1 2 16 10 5 5 3 7 4 11 9 4 6 5 4 3 1 4 1 1 0
15 4 10 3 2 3 5 4 3 7 5 2 1 1 1 1 1 1 0 0 0 0 0 0 1 2 3 3 4 3 1 2 8 5 9 6 15 6 5 4 8 2 6 4 4 5 10 3 1 2 1 1 0 0 0 0 0 0 0 0 0 0 0 0 0 0 0 0 0 0 0 0 1 1 1 1 2 10 9 1 2 4 9 8 8 6 2 3 7 5 2 1 2 0 0 0
13 4 8 3 2 3 3 9 3 6 8 4 1 1 0 1 1 0 0 0 0 0 0 0 0 1 1 2 1 1 3 2 17 7 9 10 10 4 2 9 4 3 3 11 13 5 4 2 4 2 1 1 0 0 0 0 0 0 0 0 0 0 0 0 0 0 0 0 0 0 0 0 0 0 2 2 6 8 10 2 1 8 9 7 5 5 1 2 3 2 1 1 1 1 1 1
16 11 2 5 2 2 4 6 3 2 3 2 3 0 1 2 1 0 0 0 0 0 0 0 0 0 2 1 2 2 2 5 1 3 1 5 4 3 2 10 3 2 1 5 20 4 2 3 2 1 1 0 0 0 0 0 0 0 0 0 0 0 0 0 0 0 0 0 0 0 0 0 1 1 2 4 2 8 7 3 3 10 5 3 4 2 3 2 1 1 2 1 0 1 0 0
8 2 2 3 2 2 7 5 5 1 1 1 3 0 0 0 0 0 0 0 0 0 0 0 1 1 1 1 2 1 4 2 4 2 6 5 3 4 2 5 2 5 2 5 11 6 2 2 2 2 1 1 0 0 0 0 0 0 0 0 0 0 0 0 0 0 0 0 0 0 0 1 1 1 5 16 1 9 4 4 4 4 4 2 2 1 3 3 1 1 1 1 0 0 0 0
8 2 1 3 2 2 3 1 2 2 0 1 2 1 0 0 0 0 0 0 0 0 1 0 0 0 1 2 1 3 1 3 6 13 6 4 12 3 5 8 2 2 3 6 6 3 2 4 1 1 0 0 0 0 0 0 0 0 0 0 0 0 0 0 0 0 0 0 0 0 0 0 1 4 4 1 3 7 6 2 2 3 5 1 2 3 3 1 1 1 0 1 1 0 0 0
7 1 2 3 1 1 2 0 0 0 1 2 0 1 0 0 0 0 0 0 0 0 0 0 0 0 0 1 1 2 1 2 5 3 2 8 3 2 13 3 5 6 5 5 5 3 2 1 1 0 0 0 0 0 0 0 0 0 0 0 0 0 0 0 0 0 0 0 0 0 0 1 1 1 5 2 4 3 2 1 1 5 3 3 1 2 2 1 1 1 1 0 0 0 0 0
7 1 1 3 1 2 2 1 0 0 1 1 1 1 0 0 0 0 0 0 0 0 0 0 0 0 0 2 1 1 1 3 1 2 8 1 2 3 5 2 5 4 3 10 7 3 2 1 1 0 0 0 0 0 0 0 0 0 0 0 0 0 0 0 0 0 0 0 0 0 0 1 2 1 0 2 4 1 2 1 2 3 3 2 1 1 1 1 0 1 0 1 0 0 0 0
2 1 1 3 1 2 2 1 1 0 0 1 0 0 0 0 0 0 0 0 0 0 0 0 0 0 1 1 1 0 3 0 1 4 3 2 3 4 6 4 1 5 6 7 8 3 1 0 0 1 0 0 0 0 0 0 0 0 0 0 0 0 0 0 0 0 0 0 0 0 1 2 2 1 0 2 2 2 2 1 1 2 2 2 1 1 0 1 0 1 0 0 0 0 0 0
2 1 1 2 0 1 2 0 0 0 1 1 0 0 0 0 0 0 0 0 0 0 0 0 0 0 2 0 1 0 2 1 0 5 2 1 3 12 4 3 2 4 5 5 1 2 1 1 0 0 0 0 0 0 0 0 0 0 0 0 0 0 0 0 0 0 0 0 0 0 1 2 2 0 1 2 1 1 1 1 1 1 2 0 1 0 0 0 0 0 0 0 0 0 0 0
4 1 2 1 0 2 1 0 0 0 1 0 0 0 0 0 0 0 0 0 0 0 0 0 0 0 0 0 0 1 1 0 2 2 2 1 2 8 8 3 1 2 2 4 3 1 0 0 0 0 0 0 0 0 0 0 0 0 0 0 0 0 0 0 1 1 1 2 1 3 2 3 2 0 3 4 1 1 1 1 1 1 1 0 1 1 0 0 0 0 0 0 0 0 0 0
3 2 0 0 0 1 0 0 1 1 0 0 0 0 0 0 0 0 0 0 0 0 0 0 0 0 0 0 0 0 0 1 1 1 1 1 3 8 5 2 1 3 2 2 1 0 1 1 0 0 0 0 0 0 0 0 0 0 0 0 0 0 0 0 0 0 0 1 3 6 11 6 0 2 2 4 1 0 0 2 1 2 0 1 0 1 0 0 0 0 0 0 0 0 0 0
2 0 0 0 0 0 0 0 0 0 0 0 0 0 0 0 0 0 0 0 0 0 0 0 0 0 0 0 0 0 1 1 0 0 1 1 0 6 4 0 1 1 1 1 1 1 0 0 0 0 0 0 0 0 0 0 0 0 0 0 0 0 0 0 0 0 1 12 12 9 7 0 1 2 2 4 3 0 1 1 1 1 0 1 0 0 0 0 0 0 0 0 0 0 0 0
