sesion_6_simulaciones/modelos_agentes/ejemplos_netlogo/scenarios/cgcm2_a2/rob_2059.asc
NCOLS 322 
NROWS 307 
XLLCORNER 451900 
YLLCORNER 4086900 
CELLSIZE 100 
NODATA_value -9999 
[rows 74 to 147 of 307, columns 96 to 191 of 322]
29 62 41 23 22 25 24 52 23 25 20 65 37 73 68 54 17 9 13 21 65 65 45 26 29 11 10 2 11 21 9 8 12 20 9 5 6 6 18 5 5 6 16 4 6 14 19 3 5 17 12 35 60 41 36 17 27 36 52 34 29 80 70 54 59 62 40 54 65 66 56 67 52 68 41 42 57 65 45 40 22 41 54 40 21 8 8 9 5 6 4 3 3 1 0 0
34 37 32 23 15 20 27 41 24 39 44 33 18 29 38 61 40 47 60 74 92 67 69 51 20 29 9 6 14 4 12 59 26 25 30 21 8 4 7 3 7 26 32 18 41 25 22 46 57 13 15 10 18 45 15 18 35 54 38 22 48 52 74 59 62 43 39 52 65 72 45 80 49 58 52 36 61 33 24 51 50 40 16 15 20 17 13 11 16 13 16 13 6 4 1 0
46 29 25 25 17 29 16 44 21 43 51 19 26 48 39 33 45 70 54 73 80 84 80 74 31 19 13 6 11 17 45 59 44 30 32 30 31 10 16 21 10 8 13 7 11 37 14 33 28 31 9 7 17 14 20 23 35 56 29 36 39 23 63 61 60 38 58 49 80 62 37 69 63 56 64 59 34 20 75 48 33 30 47 32 47 45 37 43 43 25 25 19 10 5 3 2
47 17 36 30 21 18 22 32 26 30 68 32 33 32 35 48 70 44 68 65 84 87 67 55 61 11 10 16 30 29 48 19 40 21 39 10 48 28 15 29 10 6 5 3 12 18 43 46 27 57 45 31 24 5 9 13 38 20 22 15 35 19 58 49 45 27 57 60 66 35 30 39 68 35 63 38 37 41 65 38 49 44 40 56 71 63 68 43 39 43 20 18 10 6 4 3
45 26 33 31 39 17 24 29 12 47 67 57 39 27 46 44 52 65 80 54 53 64 72 80 42 31 41 53 69 45 42 26 35 36 9 19 26 31 27 32 27 6 4 9 17 23 46 45 23 67 61 46 54 37 33 12 14 12 20 14 23 20 12 29 18 25 33 49 38 22 29 29 65 51 30 14 48 55 42 40 61 76 83 74 75 71 42 48 49 26 24 12 8 9 7 13
57 58 20 50 56 30 11 29 12 30 25 58 44 34 38 8 46 83 53 59 58 39 65 75 44 32 74 77 74 71 76 43 11 11 15 45 49 14 21 28 38 8 7 18 21 22 34 74 69 64 60 61 68 30 60 51 44 16 9 4 18 26 11 13 16 26 24 35 14 12 33 43 42 36 71 64 31 27 56 70 72 73 70 69 58 67 63 71 44 25 21 13 11 17 30 13
78 82 59 54 19 16 12 10 10 36 17 10 42 55 15 37 74 50 37 34 50 25 14 55 64 70 76 69 76 63 84 76 35 36 46 63 36 31 6 20 47 27 11 17 31 55 28 27 70 48 59 82 69 59 72 42 50 67 53 50 50 15 47 23 14 6 24 33 35 50 35 5 8 12 22 58 66 76 50 75 71 54 75 60 54 55 67 70 50 39 32 21 47 40 11 9
58 52 64 15 11 12 19 15 12 19 20 4 10 22 29 41 22 56 57 44 37 48 13 22 62 78 74 47 41 62 51 38 63 60 59 57 67 57 22 23 57 48 12 16 42 34 20 12 36 20 66 77 58 88 76 49 75 47 34 40 64 25 42 51 40 22 41 44 65 30 45 19 16 18 28 16 27 68 69 74 51 63 76 67 47 58 77 62 54 47 44 48 61 37 13 29
66 64 54 22 22 23 29 20 9 15 24 3 13 27 34 21 21 69 50 35 42 73 43 41 66 92 64 19 44 47 34 39 14 22 84 64 35 32 24 46 68 62 30 19 30 25 22 28 27 52 54 81 84 88 71 70 72 55 69 50 65 47 47 43 40 46 24 29 59 33 65 75 60 46 32 33 28 18 53 80 87 54 69 63 44 78 62 44 55 68 54 70 44 33 24 51
21 36 57 54 7 8 24 23 34 18 17 6 21 50 33 11 19 79 33 50 43 42 31 67 47 56 35 47 59 47 37 37 22 59 89 74 55 27 21 59 42 21 38 16 22 14 18 24 24 34 30 71 71 86 70 69 81 56 75 71 60 62 38 39 45 30 63 30 49 62 77 78 61 39 47 26 23 33 21 72 69 67 38 65 76 40 49 51 63 52 57 44 29 37 36 77
10 14 23 33 39 8 16 9 8 28 25 11 19 42 33 19 30 74 44 44 25 18 71 72 64 55 28 62 61 47 24 14 62 90 88 85 80 41 52 58 52 13 35 24 28 37 30 20 27 10 7 34 77 88 62 70 62 68 86 78 61 45 32 23 66 38 75 54 42 62 77 74 38 31 44 40 42 38 28 32 69 83 78 57 32 65 73 73 62 72 29 47 44 62 43 75
7 10 21 12 27 30 20 19 9 18 37 8 20 48 28 38 30 44 54 66 61 18 40 49 79 68 64 67 68 72 46 81 90 81 78 87 82 49 41 64 44 20 39 31 32 38 35 22 27 18 23 38 77 81 59 49 55 86 84 82 55 26 47 59 77 60 84 74 61 39 77 61 67 60 57 46 40 44 32 28 41 76 67 78 75 45 71 33 70 38 35 59 46 77 47 60
5 3 2 2 8 18 7 3 7 13 17 10 29 51 32 10 27 22 45 60 69 60 28 34 37 43 72 86 60 60 78 86 87 73 79 78 63 79 59 65 48 71 56 64 38 48 54 53 36 35 23 42 66 89 69 49 79 70 84 74 54 41 44 57 83 64 79 72 61 41 66 55 47 23 51 35 16 38 34 21 12 59 75 68 52 85 62 58 62 58 58 69 73 77 77 43
4 2 0 1 6 6 1 3 5 10 5 17 47 36 10 5 13 18 41 47 61 84 49 26 23 33 72 74 82 42 84 71 69 71 88 83 64 78 54 64 58 90 47 76 58 51 43 29 29 27 23 17 45 81 68 76 66 78 89 67 43 46 60 77 77 61 70 66 53 19 24 33 57 57 67 46 27 39 41 45 51 15 62 69 64 77 84 86 92 74 86 87 74 41 78 31
6 5 1 1 5 3 2 4 7 5 8 16 28 31 9 3 32 29 24 31 37 54 68 66 47 31 53 64 79 78 74 85 83 55 57 46 50 75 33 48 90 79 63 48 37 55 38 46 51 53 53 25 31 59 56 66 68 81 81 66 60 73 73 77 80 44 64 69 53 26 25 45 63 61 49 77 41 30 41 44 48 31 21 60 66 85 78 53 54 67 67 82 74 42 54 63
7 3 2 1 2 1 1 9 4 4 4 9 44 21 6 3 23 13 23 35 34 48 58 56 62 36 41 20 41 71 60 67 72 64 64 62 47 38 53 86 53 74 41 27 41 71 56 56 59 60 47 43 25 28 26 48 64 69 80 59 48 61 62 85 80 54 61 76 34 13 15 38 37 52 85 73 46 47 22 53 39 52 50 19 55 78 77 74 73 67 48 45 61 38 23 40
3 3 1 1 1 0 1 5 5 2 9 21 39 36 6 2 12 3 12 44 43 46 18 28 52 39 43 31 61 87 79 75 50 65 48 31 38 32 66 44 42 43 23 58 82 66 63 62 46 34 32 30 25 21 9 13 41 59 77 46 66 63 84 88 87 53 77 63 52 29 18 30 54 73 90 49 44 77 38 49 44 49 58 40 17 61 66 50 32 46 41 38 30 41 37 35
8 5 3 1 1 0 0 1 3 4 6 26 14 9 14 4 15 3 1 9 12 37 22 20 20 12 27 45 72 84 59 66 73 68 61 36 20 34 75 23 54 57 69 78 80 61 78 41 29 36 63 59 65 60 51 20 8 6 32 44 49 66 80 87 87 60 90 66 64 53 28 32 52 88 74 38 71 69 44 36 54 58 57 46 34 11 29 50 41 41 25 38 57 63 47 43
3 3 1 1 1 1 0 0 1 5 9 11 11 4 4 2 14 4 2 13 11 14 10 15 22 20 17 43 19 45 50 49 52 44 14 26 41 46 51 28 66 67 82 69 64 49 83 75 77 58 59 55 53 34 38 12 6 5 7 29 58 82 75 85 78 53 78 73 39 31 35 56 50 72 44 58 81 70 69 76 59 61 45 43 46 30 9 17 19 26 41 51 56 57 52 39
2 2 1 1 1 1 0 0 0 1 4 8 8 6 3 2 14 3 1 6 4 5 6 11 8 22 21 30 18 5 15 19 16 12 35 44 65 77 52 51 29 66 91 62 39 78 73 65 79 61 60 47 31 37 34 37 18 8 9 47 74 70 84 87 82 79 75 81 66 26 43 36 42 21 33 75 70 41 65 46 50 46 42 40 47 34 39 17 6 27 43 60 66 55 50 25
3 1 3 4 2 2 1 1 1 1 3 5 4 3 2 1 4 2 1 2 4 3 3 4 6 13 14 16 18 11 4 4 7 24 33 67 77 52 57 66 45 82 87 59 72 68 67 45 87 65 73 58 66 69 67 47 27 10 12 19 60 54 80 80 75 68 74 81 69 42 28 45 51 48 52 59 71 86 54 62 40 31 49 42 28 45 58 49 16 15 18 15 23 29 29 22
11 9 6 9 8 5 5 4 2 0 1 2 1 2 1 2 1 1 1 2 2 2 1 2 4 6 9 8 10 21 3 4 8 24 69 77 54 38 65 71 60 71 77 62 56 69 62 58 85 69 57 71 57 63 62 43 26 12 8 9 13 48 69 73 67 55 75 67 42 16 27 57 30 53 74 68 78 57 37 77 47 43 47 45 70 52 32 36 43 39 28 9 5 5 8 10
19 9 15 14 15 9 13 6 2 2 0 0 0 1 1 1 1 1 0 1 1 2 1 1 1 2 8 6 6 3 4 2 12 60 52 56 19 50 82 62 44 48 58 24 34 83 54 79 84 79 56 70 79 49 21 21 22 24 19 10 13 24 44 55 58 52 36 45 22 20 41 44 39 60 70 78 62 51 63 72 69 39 51 76 72 68 49 43 47 46 52 40 21 6 3 6
22 23 28 15 23 16 9 8 6 5 5 2 1 0 0 0 1 1 0 0 1 0 0 1 1 1 5 9 4 3 6 1 21 42 26 16 25 66 80 64 31 37 35 28 74 64 48 54 88 87 46 52 51 65 44 21 6 10 12 18 16 20 15 23 13 31 39 35 14 32 50 50 45 46 68 62 56 66 42 26 67 61 64 72 74 57 54 45 33 38 47 35 27 10 7 2
36 23 32 34 27 14 12 13 7 7 4 3 3 1 1 0 0 1 0 0 1 1 0 0 0 1 1 6 1 2 5 1 9 19 8 15 21 41 39 45 34 37 21 61 67 26 55 89 86 78 78 34 18 23 16 18 6 8 18 28 15 25 14 9 9 19 14 13 12 39 41 59 34 58 66 60 75 42 53 45 70 47 41 43 50 68 67 47 36 27 42 32 31 22 16 5
25 17 38 37 12 17 6 7 14 10 5 4 3 3 1 0 0 0 0 0 0 0 0 0 0 0 0 0 1 8 2 1 1 3 5 20 24 35 72 46 40 28 42 43 43 44 49 89 82 73 93 69 40 49 41 19 8 5 2 8 28 14 11 6 8 15 10 9 17 28 46 55 50 27 35 36 47 46 46 60 21 73 54 59 59 66 60 62 67 45 41 41 40 44 20 11
15 29 64 37 30 14 28 12 20 15 7 6 4 1 1 1 1 1 1 1 1 1 0 0 0 0 0 0 1 5 0 1 2 1 7 22 28 7 22 20 33 24 24 36 30 38 62 85 79 79 85 85 42 25 16 11 10 11 8 2 3 7 7 6 7 9 7 9 10 26 37 56 51 55 19 32 50 47 28 37 64 46 38 65 67 62 64 70 60 71 56 62 57 45 27 19
22 37 57 32 26 22 12 13 23 14 11 8 5 3 2 2 1 1 2 2 1 2 1 1 1 1 0 0 0 2 0 1 2 2 5 7 8 10 7 3 21 30 17 11 23 66 79 78 70 62 78 79 58 39 39 41 32 18 11 3 1 5 4 2 6 5 4 7 15 25 24 36 35 34 47 44 37 58 87 86 77 82 62 65 57 54 59 66 76 63 76 68 55 51 43 33
26 53 21 24 29 21 18 9 19 16 6 4 8 3 2 2 2 2 2 2 2 2 2 1 1 1 0 0 0 1 0 1 1 2 4 4 6 9 8 3 7 36 20 7 28 41 79 67 26 24 37 65 81 70 46 38 27 16 7 3 1 5 3 1 2 3 5 12 17 24 26 32 39 56 71 73 67 84 83 81 74 61 49 38 39 59 76 67 65 69 75 74 69 68 52 43
55 20 27 21 16 24 22 13 5 7 8 10 8 6 2 3 3 3 3 5 5 3 4 2 3 1 1 0 0 1 0 0 1 2 4 5 9 7 7 2 4 10 14 4 16 22 49 26 12 18 42 54 79 71 59 35 28 17 7 4 1 2 1 1 4 3 7 18 18 24 27 29 60 69 85 70 78 72 76 59 31 27 34 59 26 60 69 63 77 85 76 58 38 29 19 16
20 24 39 57 45 29 9 5 6 16 13 10 5 9 7 7 6 9 7 7 6 7 4 5 3 2 1 1 0 0 0 0 0 2 3 10 15 7 10 3 2 3 4 1 4 11 8 14 18 31 38 63 83 71 60 53 40 27 21 7 2 1 1 1 3 5 9 7 7 16 36 39 49 57 61 65 70 61 44 35 43 37 61 63 86 66 50 72 85 74 58 58 53 45 34 29
44 54 43 13 11 15 17 7 12 21 19 14 12 11 9 15 8 12 11 13 5 11 9 6 4 2 1 0 0 0 0 0 0 1 2 4 4 7 8 4 5 3 4 1 3 7 13 42 57 62 83 64 83 77 67 44 43 19 11 6 2 2 1 0 1 2 3 10 17 15 29 55 33 42 43 60 63 26 16 31 32 47 75 65 81 62 83 71 73 61 60 61 52 55 53 41
47 27 34 30 27 14 19 9 26 25 22 22 33 18 25 20 17 25 19 11 12 12 14 4 5 2 1 0 0 0 0 0 0 0 1 2 6 11 12 3 1 2 2 2 3 9 30 19 48 56 51 49 88 78 65 32 19 10 6 2 1 0 0 0 0 1 4 15 24 16 25 45 41 30 26 39 27 32 55 55 39 72 71 62 72 81 68 70 65 59 48 56 58 63 55 66
26 22 13 11 10 8 4 16 32 29 30 46 30 35 32 32 36 14 10 26 17 20 15 5 3 2 2 1 1 1 0 0 0 0 1 1 1 3 6 3 2 2 2 2 7 9 5 13 30 69 37 58 77 56 55 38 20 9 3 2 1 1 0 0 0 1 4 8 28 18 20 7 19 31 26 41 46 49 47 46 49 75 66 57 65 65 41 72 45 50 59 67 67 47 74 73
15 21 30 32 27 14 11 21 34 53 50 45 32 40 59 52 29 16 18 36 21 11 9 6 3 2 2 2 1 1 1 0 0 0 1 1 0 1 0 0 0 1 1 2 5 5 7 16 54 14 15 42 81 56 34 17 10 8 6 3 1 1 0 0 0 0 2 4 8 12 13 10 29 24 33 44 60 72 72 73 71 88 64 43 41 50 66 84 81 60 60 60 51 56 62 56
28 48 32 52 23 21 23 40 41 57 54 21 24 45 43 30 23 22 31 53 17 11 10 7 4 3 2 1 1 0 0 0 1 0 0 0 1 0 0 0 0 1 1 1 2 4 8 5 34 9 27 58 75 37 16 13 9 3 2 3 1 1 0 0 0 0 1 1 4 7 14 21 34 34 64 68 81 54 38 31 82 80 79 53 20 52 75 90 85 80 84 55 71 53 47 78
48 48 67 55 29 46 45 48 67 60 44 29 34 55 37 51 17 28 55 23 15 11 13 11 9 6 3 2 1 1 1 1 1 1 0 0 0 0 0 0 0 1 1 1 1 3 5 6 3 7 28 64 71 33 19 14 5 4 3 2 1 0 0 0 0 0 1 4 8 13 19 26 40 55 67 62 32 35 29 74 79 79 81 82 40 57 82 84 73 68 67 72 51 54 33 52
64 67 42 31 40 51 50 70 38 51 22 45 50 77 59 39 21 53 14 10 26 12 8 5 5 4 4 3 3 1 2 1 1 1 0 0 0 0 0 0 0 0 0 1 2 5 2 6 1 3 16 46 81 65 21 11 6 2 3 1 1 0 1 0 0 0 2 6 18 21 22 30 38 39 37 47 43 59 75 81 74 77 66 80 69 60 65 37 22 21 54 82 70 48 29 31
74 57 42 30 42 57 67 17 62 28 34 53 70 71 47 26 53 41 21 9 8 12 4 4 7 6 10 4 6 5 3 3 1 1 1 0 0 0 0 0 0 0 0 1 1 2 1 3 1 4 9 7 40 46 18 7 3 2 1 0 1 1 0 0 0 1 3 5 8 11 16 18 26 33 59 68 67 68 74 64 69 59 44 70 62 41 35 46 62 68 84 42 55 51 28 23
40 58 44 37 53 73 74 30 61 54 69 54 80 49 35 45 55 21 22 18 40 18 8 6 10 17 10 14 10 11 4 1 0 2 1 1 1 0 0 0 0 0 0 1 1 0 1 2 0 3 4 25 32 14 13 9 7 4 1 1 1 1 1 0 0 0 1 3 7 8 9 15 28 26 28 31 35 38 84 46 66 71 51 43 35 24 60 67 66 81 79 62 45 58 56 50
86 41 60 61 71 48 52 62 62 53 57 59 52 45 43 71 30 39 31 56 43 21 26 17 9 24 28 24 31 13 8 2 1 1 1 0 1 1 1 0 0 0 1 1 0 1 5 1 0 3 21 29 43 9 7 11 4 3 2 1 1 1 0 0 0 0 0 1 3 5 2 7 7 10 26 43 45 48 74 64 52 66 85 35 24 42 48 58 77 70 66 77 58 57 44 53
80 94 89 91 86 59 19 12 57 36 65 74 83 76 62 68 65 74 54 66 48 43 38 31 28 36 51 52 18 16 8 4 3 2 1 1 0 1 1 0 0 0 0 0 0 0 0 0 0 2 7 34 30 6 8 6 6 3 1 1 1 0 0 0 0 0 2 2 4 8 13 21 39 37 24 28 46 78 72 74 75 53 53 62 28 37 62 62 53 37 75 87 59 46 57 64
64 88 73 81 78 61 76 36 54 46 21 36 79 86 88 61 46 51 63 64 58 52 61 42 54 52 61 40 35 27 18 8 5 5 4 1 1 1 1 0 0 0 0 0 1 0 0 0 0 1 5 3 12 3 11 4 6 4 2 1 1 1 0 0 0 1 2 4 7 16 32 26 18 36 61 43 60 77 76 88 76 58 48 36 8 18 25 44 68 81 87 65 85 58 54 61
46 85 63 76 77 65 87 63 39 72 49 39 65 75 70 62 71 48 74 85 86 65 54 39 75 58 57 41 25 16 18 11 10 9 5 3 2 1 1 1 1 0 0 0 0 0 0 0 0 0 1 3 15 7 16 11 4 4 1 1 0 0 0 0 0 1 3 3 7 14 35 47 56 51 69 75 79 76 70 84 81 45 24 18 10 18 44 64 58 89 61 71 81 85 61 59
48 79 66 61 78 55 60 25 42 74 53 29 10 51 62 62 68 51 44 75 81 41 67 33 63 48 61 40 29 11 16 26 21 17 12 3 1 1 1 1 0 0 0 0 1 0 1 0 0 0 1 4 14 2 3 1 4 5 4 1 0 0 0 0 0 1 3 3 7 12 25 41 37 27 30 45 82 58 79 79 87 80 19 9 10 25 56 37 69 83 70 79 67 62 45 67
13 38 24 47 69 56 53 14 43 78 40 21 12 24 61 57 59 53 24 27 53 34 32 52 22 18 67 31 13 8 4 6 10 7 7 5 2 2 2 1 0 0 0 0 0 0 0 0 0 0 1 6 4 8 3 1 1 1 1 0 0 0 0 0 0 1 1 2 4 7 14 13 20 37 43 60 87 89 70 59 74 78 52 11 5 16 20 43 76 64 59 29 22 31 45 64
13 36 63 45 53 36 65 40 52 79 61 27 23 20 55 72 39 7 8 16 25 13 19 57 26 10 47 32 39 9 1 7 15 10 4 7 5 4 1 0 0 0 0 0 0 0 0 0 0 1 2 4 1 2 2 2 0 0 1 1 0 0 0 0 0 0 1 1 1 6 12 18 38 41 53 80 88 87 80 41 41 53 46 16 4 11 29 55 52 26 28 59 61 59 63 76
21 11 11 15 22 35 67 22 55 57 80 41 21 14 18 14 9 8 7 20 15 13 8 45 12 28 34 24 43 49 14 7 7 5 6 7 5 3 1 1 0 0 0 0 0 0 0 0 0 0 2 4 0 1 1 3 1 0 0 0 0 0 0 0 0 1 6 5 8 22 37 60 68 52 70 92 88 86 78 53 9 21 37 29 6 12 25 50 37 42 86 63 47 54 41 76
23 26 11 10 19 31 56 45 28 43 73 39 12 5 18 19 7 19 7 7 12 11 8 46 10 7 27 19 26 35 17 11 13 4 2 2 1 1 1 1 1 0 0 0 0 0 0 0 0 0 2 2 0 1 0 0 1 1 0 0 0 0 0 0 0 1 2 9 27 37 70 47 29 47 79 91 85 73 67 69 49 10 32 25 6 12 26 27 23 70 65 49 62 79 22 10
23 28 18 10 15 10 47 53 40 15 72 29 7 2 13 12 17 20 13 7 9 11 2 13 32 2 7 9 27 51 13 3 6 3 5 5 3 2 1 1 0 0 0 0 0 0 0 0 0 0 2 2 0 0 1 0 1 0 0 0 0 0 0 0 0 1 3 11 20 23 11 19 45 55 74 74 79 64 54 34 48 14 8 10 11 21 16 14 51 83 42 57 65 74 67 22
33 19 16 6 6 7 28 56 20 17 51 38 17 2 10 11 24 19 13 9 9 15 6 6 52 5 9 8 21 22 27 14 13 13 7 4 4 3 2 0 0 0 0 0 0 0 0 0 0 1 3 2 0 1 0 0 0 0 0 0 0 0 0 0 1 2 10 12 9 9 23 35 54 85 73 58 73 36 19 15 37 17 7 2 3 14 16 33 73 44 39 53 77 63 64 30
58 10 18 7 5 8 16 19 5 4 57 27 3 1 8 10 22 15 20 13 15 10 9 7 17 7 3 8 14 11 20 25 10 5 4 2 2 2 2 1 0 0 0 0 0 0 0 0 0 1 2 1 0 0 0 0 0 0 0 0 0 0 0 0 1 3 4 3 3 7 31 43 76 81 78 49 29 44 10 11 30 9 2 1 6 21 31 46 56 18 52 81 72 67 78 40
11 18 7 6 4 3 4 8 5 8 32 12 4 1 5 7 18 4 13 7 7 9 7 6 9 15 5 2 1 8 8 18 6 3 4 2 1 1 1 1 0 0 0 0 0 0 0 0 0 1 1 0 0 0 0 0 0 0 0 0 0 0 0 0 1 2 1 1 5 21 34 46 79 83 59 39 22 26 26 6 8 6 2 1 7 10 27 51 26 29 71 61 62 64 59 51
10 6 13 12 4 4 1 2 2 2 7 3 9 3 2 5 15 4 3 9 3 2 1 10 11 18 2 1 1 2 10 19 16 6 2 1 1 0 0 0 0 0 0 0 0 0 0 0 0 0 1 0 0 0 0 0 0 0 0 0 0 0 0 0 1 0 0 2 9 22 39 71 67 62 52 40 20 13 24 6 3 3 1 2 6 9 32 38 23 18 25 47 41 38 55 61
20 8 5 12 14 7 5 1 1 4 3 2 6 7 2 4 7 7 2 2 2 2 2 22 8 10 4 0 1 0 2 3 13 10 4 2 1 0 0 0 1 0 0 0 0 0 0 0 0 0 0 0 0 0 0 0 0 0 0 0 0 0 0 0 0 0 0 3 10 43 53 74 70 46 22 7 5 4 7 7 4 1 1 1 4 6 18 17 10 9 25 22 16 32 52 66
20 10 4 6 7 13 4 1 0 3 3 1 1 2 1 2 4 5 1 1 1 0 1 2 1 2 7 1 1 1 0 2 11 12 3 2 1 4 2 1 0 0 0 0 0 0 0 0 0 0 0 0 0 0 0 0 0 0 0 0 0 0 0 0 0 0 0 2 13 66 62 59 72 57 21 8 2 1 2 3 2 1 0 1 2 5 11 6 5 18 26 37 68 56 71 64
47 19 7 2 4 8 11 1 2 3 4 2 1 1 1 1 2 5 1 1 1 1 0 1 0 0 3 2 0 1 0 0 3 19 8 3 1 1 0 0 0 0 0 0 0 0 0 0 0 0 0 0 0 0 0 0 0 0 0 0 0 0 0 0 0 1 2 10 29 34 71 72 49 60 41 14 6 2 1 0 1 1 0 0 1 2 2 1 5 15 24 65 68 59 56 61
28 63 14 5 1 2 2 1 2 3 2 1 2 1 1 0 0 5 1 1 0 0 0 1 1 0 1 2 0 1 0 0 1 5 14 5 2 2 2 1 0 0 0 0 0 0 0 0 0 0 0 0 0 0 0 0 0 0 0 0 0 0 0 0 0 2 4 3 10 30 57 46 35 30 48 16 5 2 0 0 0 0 0 0 1 0 1 2 9 18 47 53 35 51 63 63
4 38 47 18 5 2 1 3 1 1 1 1 3 1 1 0 0 4 2 1 0 0 0 0 1 0 1 1 0 1 0 0 1 1 1 9 2 0 1 1 0 0 0 0 0 0 0 0 0 0 0 0 0 0 0 0 0 0 0 0 0 0 0 0 0 0 0 3 34 42 43 38 22 22 19 13 5 2 1 0 0 0 0 0 1 4 3 2 6 20 22 18 25 49 68 59
2 13 17 33 8 3 1 3 3 1 2 1 1 1 1 1 0 1 3 0 0 0 0 0 1 0 0 0 0 1 1 0 1 1 1 1 6 2 2 1 0 0 0 0 0 0 0 0 0 0 0 0 0 0 0 0 0 0 0 0 0 0 0 0 0 1 2 4 24 50 43 56 34 6 5 7 4 3 2 1 0 0 0 0 1 3 9 17 6 5 5 17 37 51 76 53
4 7 5 13 4 2 2 2 2 1 1 1 1 1 1 1 1 1 1 1 0 0 0 0 1 0 0 0 0 0 1 0 0 0 1 2 2 1 3 1 0 0 0 0 0 0 0 0 0 0 0 0 0 0 0 0 0 0 0 0 0 0 0 0 0 1 1 8 23 34 68 50 41 16 4 2 3 2 1 1 0 0 0 1 2 4 12 31 26 21 25 18 39 52 78 64
2 5 1 5 5 5 2 1 1 1 1 0 0 1 1 1 0 0 0 1 0 0 0 0 0 0 0 0 0 0 0 0 0 0 1 2 2 1 4 0 1 0 0 0 0 0 0 0 0 0 0 0 0 0 0 0 0 0 0 0 0 0 0 0 0 1 1 4 20 14 50 42 25 16 17 3 2 1 0 0 0 0 0 1 3 7 13 26 43 41 39 41 39 67 91 75
3 2 2 1 2 1 1 1 4 2 1 0 0 0 0 1 0 0 0 0 0 0 0 0 0 0 0 0 0 0 0 0 0 0 3 5 1 1 0 1 0 0 0 0 0 0 0 0 0 0 0 0 0 0 0 0 0 0 0 0 0 0 0 0 0 1 2 11 23 34 36 41 26 12 6 6 2 1 0 0 0 0 0 0 1 4 8 19 30 20 43 52 74 90 89 69
1 2 1 1 1 0 0 0 0 1 0 0 0 0 0 0 0 0 0 0 0 0 0 0 0 0 0 0 0 0 0 0 0 1 1 2 3 8 6 3 0 0 0 0 0 0 0 0 0 0 0 0 0 0 0 0 0 0 0 0 0 0 0 0 0 1 7 16 23 35 36 35 26 15 3 2 2 0 0 0 0 0 2 1 1 1 2 4 9 26 34 65 65 88 84 59
0 1 0 1 0 0 0 0 0 0 0 0 0 0 0 0 0 0 0 0 0 0 0 0 0 0 0 0 0 0 0 0 0 0 0 0 0 0 0 0 0 0 0 0 0 0 0 0 0 0 0 0 0 0 0 0 0 0 0 0 0 0 0 0 1 1 2 4 17 32 17 38 12 7 2 1 1 0 0 0 0 0 1 3 9 5 8 8 21 45 55 61 75 71 56 38
0 0 0 0 0 0 0 0 0 0 0 0 0 0 0 0 0 0 0 0 0 0 0 0 0 0 0 0 0 0 0 0 0 0 0 0 0 0 0 0 0 0 0 0 0 0 0 0 0 0 0 0 0 0 0 0 0 0 0 0 0 0 0 0 0 1 1 4 9 7 13 15 11 3 1 0 0 0 0 0 0 0 1 2 4 14 26 28 46 72 66 46 60 38 41 28
0 0 0 0 0 0 0 0 0 0 1 1 1 1 0 0 0 0 0 0 0 0 0 0 0 0 0 0 0 0 0 0 0 0 0 0 0 0 0 0 0 0 0 0 0 0 0 0 0 0 0 0 0 0 0 0 0 0 0 0 0 0 0 0 0 1 2 6 5 7 10 5 4 1 0 0 0 0 0 0 0 1 1 3 4 16 57 52 20 30 70 79 42 11 12 20
2 1 0 0 0 1 1 1 1 1 2 2 3 2 1 1 0 0 0 0 0 0 0 0 0 0 0 0 0 0 0 0 0 0 0 0 0 0 0 0 0 0 0 0 0 0 0 0 0 0 0 0 0 0 0 0 0 0 0 0 0 0 0 0 0 1 2 1 3 3 3 2 2 0 0 0 0 0 0 0 1 1 2 5 18 24 18 6 14 51 84 74 63 11 4 5
3 1 1 2 2 2 2 3 3 4 3 3 3 5 2 1 1 0 0 0 0 0 0 0 0 0 0 0 0 0 0 0 0 0 0 0 0 0 0 0 0 0 0 0 0 0 0 0 0 0 0 0 0 0 0 0 0 0 0 0 0 0 0 0 0 1 3 1 1 1 1 1 0 0 0 0 0 0 0 0 1 2 5 13 12 4 2 6 23 71 77 54 26 23 2 1
5 3 2 6 6 11 6 7 14 7 12 6 11 5 3 2 3 1 0 1 0 0 0 0 0 0 0 0 0 0 0 0 0 0 0 0 0 0 0 0 0 0 0 0 0 0 0 0 0 0 0 0 0 0 0 0 0 0 0 0 0 0 0 0 0 1 2 2 0 1 1 0 0 0 0 0 0 0 0 0 1 4 3 2 1 1 4 15 35 54 51 38 10 21 3 1
12 8 5 17 30 51 33 22 38 27 25 16 33 20 14 9 2 1 1 2 1 0 0 0 0 0 0 0 0 0 0 0 0 0 0 0 0 0 0 0 0 0 0 0 0 0 0 0 0 0 0 0 0 0 0 0 0 0 0 0 0 0 0 0 0 1 3 2 1 0 0 0 0 0 0 0 0 0 0 0 1 1 1 0 1 4 9 35 51 32 31 14 5 7 9 1
47 51 34 26 25 24 13 8 26 13 13 11 13 22 21 5 3 4 3 3 1 0 0 0 0 0 0 0 0 0 0 0 0 0 0 0 0 0 0 0 0 0 0 0 0 0 0 0 0 0 0 0 0 0 0 0 0 0 0 0 0 0 0 0 0 1 3 3 0 0 0 0 0 0 0 0 0 0 0 0 0 0 0 1 2 6 13 49 55 74 20 2 2 2 4 1
34 23 44 23 18 25 21 14 9 7 11 19 11 6 12 27 15 4 1 1 1 0 0 0 0 0 0 0 0 0 0 0 0 0 0 0 0 0 0 0 0 0 0 0 0 0 0 0 0 0 0 0 0 0 0 0 0 0 0 0 0 0 0 0 0 0 2 4 1 1 0 0 0 0 0 0 0 0 0 0 0 0 1 2 3 6 25 22 33 42 32 4 1 0 2 1
34 9 30 29 7 3 9 12 15 12 5 4 25 6 8 15 5 4 2 1 1 0 0 0 0 0 0 0 0 0 0 0 0 0 0 0 0 0 0 0 0 0 0 0 0 0 0 0 0 0 0 0 0 0 0 0 0 0 0 0 0 0 0 0 0 0 0 2 1 0 0 0 0 0 0 0 0 0 0 0 0 1 1 2 8 17 22 17 11 10 30 5 1 0 0 0
