sesion_6_simulaciones/modelos_agentes/ejemplos_netlogo/scenarios/cgcm2_a2/rob_2026.asc
NCOLS 322 
NROWS 307 
XLLCORNER 451900 
YLLCORNER 4086900 
CELLSIZE 100 
NODATA_value -9999 
[rows 74 to 147 of 307, columns 0 to 95 of 322]
0 1 1 0 0 0 0 0 0 0 0 0 1 0 1 1 0 0 0 0 0 0 0 0 0 0 0 1 1 0 2 1 3 5 5 10 17 15 12 10 4 8 4 1 1 0 2 3 3 5 2 4 3 2 5 2 2 4 4 4 4 13 10 12 5 4 4 8 12 17 29 18 11 6 30 63 35 38 49 68 75 36 52 62 64 28 16 12 20 15 16 20 14 15 24 19
0 0 0 0 0 0 0 0 0 0 0 0 0 0 0 0 0 0 0 0 0 0 0 0 0 0 0 1 0 0 0 0 1 4 14 22 11 10 32 23 5 9 10 5 2 0 2 3 2 3 4 4 3 2 4 4 2 2 2 2 2 5 20 24 9 10 21 16 13 5 9 19 17 12 21 69 35 16 13 49 51 48 50 37 17 48 45 19 18 14 18 31 31 21 15 56
0 0 0 0 0 0 0 0 0 0 0 0 0 0 0 0 0 0 0 0 0 0 0 0 1 1 0 0 0 0 0 0 0 1 5 16 15 27 20 10 11 32 11 5 5 3 2 2 2 4 7 2 4 3 4 2 9 3 1 1 3 18 11 22 22 21 29 27 35 20 18 7 7 6 18 67 74 34 19 14 41 49 35 16 17 63 59 54 43 13 9 8 35 43 31 43
0 0 0 0 0 0 0 0 0 0 0 0 0 0 0 0 0 0 0 0 0 0 0 0 0 0 0 0 0 0 0 0 1 1 6 5 8 9 5 6 36 10 11 9 13 16 5 1 3 5 5 4 4 3 6 3 3 4 2 4 8 14 12 27 16 25 31 34 35 39 35 35 32 23 11 21 50 43 32 11 38 62 22 14 46 68 23 61 50 33 16 34 49 48 41 29
0 0 0 0 0 0 0 0 0 0 0 0 0 0 0 0 0 0 0 0 0 0 1 0 0 0 0 1 0 0 2 1 2 3 6 6 4 6 9 19 14 26 9 13 15 38 14 11 15 8 8 4 4 3 2 1 4 4 8 11 9 6 9 6 17 26 29 44 41 36 35 49 34 33 16 6 7 21 25 16 27 29 23 27 57 29 22 14 15 38 29 35 27 37 39 39
0 0 0 0 0 0 0 0 0 0 0 0 0 0 0 0 0 0 0 0 0 0 0 0 0 0 0 0 0 1 1 3 16 29 44 35 19 6 16 20 20 38 23 6 7 10 30 33 48 48 35 19 11 9 6 3 3 5 11 11 5 5 6 5 6 11 10 6 14 35 41 35 35 37 26 22 12 23 10 7 20 28 25 38 54 25 38 26 14 29 34 52 68 57 46 47
0 0 0 0 0 0 0 0 0 0 0 0 0 0 0 0 0 0 0 0 0 0 0 1 0 0 0 0 0 2 1 2 2 15 48 62 20 8 11 29 24 17 36 22 7 7 14 32 63 70 81 82 70 28 20 11 9 11 8 11 9 7 5 2 12 13 9 15 17 31 43 31 38 42 37 21 20 9 6 1 10 26 25 37 37 36 19 18 18 24 59 59 65 38 40 59
0 0 0 0 0 0 0 0 0 0 0 0 0 0 0 0 0 0 0 0 0 0 1 13 2 1 0 0 1 3 2 2 1 2 5 33 24 10 7 19 35 58 24 43 34 15 11 4 3 9 28 40 57 70 55 28 14 7 9 9 5 11 5 23 5 3 7 6 9 19 18 46 39 42 44 27 8 1 4 3 7 15 15 40 23 34 47 47 26 19 13 9 29 21 25 37
0 0 0 1 1 0 0 0 0 0 0 0 0 0 0 0 0 0 1 11 12 16 25 9 27 8 2 0 0 0 1 5 5 10 12 6 4 4 3 13 16 13 19 40 25 19 23 15 5 1 1 3 8 32 31 61 35 18 8 37 47 24 17 7 30 16 6 11 3 3 18 33 50 36 24 25 15 10 10 20 8 6 23 51 21 42 46 46 43 44 26 12 10 22 45 57
0 0 0 0 1 0 0 0 0 0 0 0 0 0 1 1 1 10 15 24 2 8 3 1 2 3 2 0 3 4 2 4 3 2 7 9 5 4 11 17 36 40 14 10 6 7 8 7 2 4 5 2 10 6 8 18 35 28 54 49 17 9 9 14 27 7 8 12 15 13 56 47 48 32 28 31 35 40 25 13 19 15 43 50 30 60 62 83 62 61 60 44 11 8 9 9
0 0 0 1 0 0 0 0 0 0 0 0 0 0 0 1 2 6 1 3 4 2 1 1 1 2 2 3 11 9 15 1 3 8 18 11 4 12 15 17 29 42 39 28 3 1 3 5 4 2 2 14 39 25 21 17 11 33 65 23 16 14 7 8 19 13 18 13 35 44 36 36 36 31 33 31 36 31 40 11 16 13 20 19 31 66 28 52 58 74 44 49 45 22 13 8
0 0 0 0 1 1 1 0 0 0 0 0 0 0 1 1 2 2 1 1 1 5 1 0 0 1 3 1 1 1 1 1 4 14 9 12 4 35 21 24 39 36 47 39 20 23 30 22 26 30 22 30 40 34 24 16 24 26 18 21 21 33 26 16 11 6 5 36 32 21 29 23 54 28 24 52 39 32 32 20 16 10 11 25 6 43 33 63 61 74 77 78 58 31 14 10
0 0 1 1 0 0 0 1 0 0 0 0 0 0 0 0 0 1 1 0 2 1 0 1 3 2 2 0 1 1 2 2 6 7 7 10 7 19 18 38 45 24 44 29 20 26 35 23 19 30 33 16 24 30 25 25 37 16 22 30 43 29 14 11 12 12 12 7 11 18 10 25 12 9 49 37 26 29 54 33 33 16 8 15 29 34 32 30 60 55 45 43 63 22 14 9
0 0 0 1 1 1 0 1 0 0 0 0 0 0 0 0 0 1 1 1 0 3 2 8 11 8 9 21 11 3 1 1 3 2 4 2 9 15 18 30 36 16 8 14 14 23 37 6 16 25 21 27 29 42 31 22 25 13 22 26 38 15 16 11 16 18 35 45 42 25 30 19 20 14 12 11 38 48 18 29 28 18 16 11 13 15 23 34 43 50 9 23 35 36 12 8
0 1 1 1 1 1 0 0 0 0 0 0 0 0 1 0 1 1 2 1 3 2 3 3 30 21 21 25 9 27 21 15 9 2 1 4 4 14 11 22 14 8 23 13 30 36 41 12 22 41 18 17 28 50 32 11 20 12 22 34 19 3 2 9 27 10 6 18 47 20 29 24 16 19 26 16 18 26 20 16 10 14 25 21 11 10 8 6 13 15 6 22 10 30 21 12
0 0 1 1 0 0 0 0 0 0 0 0 0 0 0 1 1 4 1 1 5 1 2 15 19 37 37 34 22 24 23 31 9 22 12 9 2 2 5 3 4 11 14 15 21 25 27 9 11 30 13 28 11 42 46 10 20 10 46 19 13 15 16 28 25 7 4 3 59 26 28 18 16 14 15 35 36 52 46 45 55 34 16 10 27 30 23 18 6 3 8 17 20 6 13 10
0 1 1 0 0 0 1 0 0 0 0 0 0 0 0 4 5 0 2 3 1 0 14 30 51 7 45 44 19 33 32 33 21 39 18 28 26 10 3 1 3 6 7 4 16 32 10 14 15 17 15 33 22 45 3 28 38 19 26 7 5 25 33 20 12 11 6 5 18 75 65 38 20 49 46 44 69 59 24 30 50 41 53 46 37 35 29 25 14 6 3 12 10 4 2 1
0 1 1 0 0 0 0 0 0 0 0 0 0 6 2 1 4 9 3 3 7 3 1 20 39 18 9 57 61 24 12 52 28 48 44 65 31 15 17 3 10 11 14 2 3 5 8 6 9 13 51 57 68 47 61 24 7 26 5 3 5 25 15 6 4 5 30 28 11 10 39 31 71 89 71 51 29 24 68 36 9 34 51 41 28 28 27 20 15 5 4 3 2 1 2 5
0 0 0 0 0 0 0 0 0 0 0 0 0 0 1 11 11 10 9 3 3 4 1 23 7 30 32 41 78 47 8 9 7 16 21 44 26 36 49 28 15 6 24 35 35 36 35 15 28 64 81 59 26 33 64 73 43 10 14 15 10 23 11 9 11 13 10 9 24 11 14 16 11 16 12 58 32 29 18 34 46 17 21 51 31 26 25 16 15 12 6 1 4 9 4 5
1 1 0 0 0 0 0 0 0 0 0 0 1 1 1 1 10 19 42 18 2 29 7 4 3 11 7 2 28 32 61 18 6 5 28 9 22 56 26 17 38 11 22 48 63 48 36 52 67 66 83 75 42 75 71 82 52 66 47 39 24 29 6 8 7 10 4 14 13 7 7 3 10 10 9 22 19 25 19 19 29 48 23 26 28 23 9 12 5 3 6 9 13 2 2 2
1 0 0 0 0 0 0 0 0 0 0 0 1 5 2 3 2 22 8 16 9 11 8 9 3 22 8 6 3 36 75 45 11 9 9 30 15 29 67 22 60 9 26 67 67 62 56 80 75 89 85 71 65 91 83 85 70 75 68 29 31 29 5 9 6 11 25 49 26 18 10 30 33 26 19 11 14 29 33 23 12 11 32 30 20 9 9 4 4 12 16 10 16 14 6 3
2 0 0 0 0 0 0 0 0 0 0 0 2 2 5 2 4 4 8 10 13 22 4 9 7 15 17 5 4 13 50 62 35 24 8 16 3 14 60 21 52 15 32 61 61 62 81 83 79 88 84 53 72 69 72 68 65 80 25 18 48 21 14 12 15 12 22 36 33 20 60 21 9 15 18 27 61 58 54 39 28 18 16 19 10 5 12 11 10 16 28 20 10 5 7 5
1 1 0 0 0 0 0 0 0 0 0 2 3 3 1 4 7 3 3 4 6 9 4 10 22 9 27 17 12 4 35 68 10 11 15 17 5 43 64 60 69 66 38 46 64 74 91 86 67 84 67 23 51 16 31 64 78 70 38 72 67 59 29 9 11 14 23 23 22 53 18 30 36 14 20 50 39 26 49 54 51 20 8 6 4 8 15 32 30 29 28 28 12 11 9 17
3 1 0 0 0 0 0 1 0 0 1 2 19 5 2 4 4 5 9 7 2 2 7 27 38 41 22 33 19 9 36 62 13 10 36 34 11 35 20 58 76 90 58 57 60 64 89 84 42 63 22 33 19 9 3 7 55 75 77 77 55 75 19 15 49 62 23 8 22 21 29 49 20 52 55 16 38 61 45 58 43 41 34 13 19 23 36 39 48 31 46 37 26 26 21 29
3 6 1 0 0 0 1 0 0 0 0 1 10 28 4 11 4 12 17 18 22 11 14 22 27 38 34 51 35 32 17 41 19 21 25 13 18 46 23 31 45 82 71 71 61 61 86 92 80 65 36 19 5 6 2 4 8 6 81 71 69 27 14 47 28 43 35 19 16 13 44 34 59 40 30 19 21 14 40 46 61 61 40 25 29 48 42 39 55 25 70 28 32 30 19 23
0 18 9 1 0 0 1 0 0 0 1 3 3 5 23 27 4 9 24 21 23 16 23 48 54 61 60 52 49 53 9 33 51 35 26 20 20 26 14 6 17 74 26 33 30 34 79 82 71 42 30 35 27 25 11 16 5 19 12 13 18 21 42 51 40 22 22 13 19 25 25 39 29 25 14 10 14 35 42 57 59 60 38 38 31 44 53 26 53 43 72 44 40 19 27 35
0 1 13 3 1 0 1 0 0 1 1 4 5 4 17 5 41 10 7 10 16 11 5 7 14 31 39 21 49 51 27 59 76 58 29 55 29 32 27 9 48 67 62 36 39 39 16 37 56 15 30 42 35 30 45 28 15 38 24 39 29 18 40 47 31 19 22 12 31 15 7 10 40 37 30 26 36 46 46 53 48 57 48 44 44 38 49 40 70 70 20 43 47 43 43 26
0 0 0 2 3 0 1 0 1 0 1 2 4 1 2 10 12 44 14 15 8 22 19 22 38 45 42 25 11 13 14 59 58 43 62 67 76 68 22 19 57 47 83 65 57 45 40 14 7 15 43 44 37 35 23 44 47 34 31 30 44 39 54 47 26 18 16 23 37 9 5 14 16 26 30 49 43 48 48 51 47 44 38 52 53 38 38 42 59 10 27 43 33 12 7 18
0 0 0 2 3 1 1 0 0 0 0 3 5 6 10 9 7 8 13 17 25 38 33 37 47 65 47 49 36 16 9 7 43 65 67 38 85 70 47 69 75 33 76 52 82 76 38 17 12 8 27 43 38 35 48 28 53 45 44 33 53 57 73 71 36 16 11 9 25 8 7 10 7 9 8 40 35 36 42 42 44 37 41 52 28 56 46 66 29 21 40 41 39 24 20 33
0 0 0 3 5 1 1 0 0 0 1 4 12 8 4 5 6 12 12 13 29 33 62 51 54 45 68 53 26 28 24 21 10 40 60 22 31 25 75 55 50 19 80 49 27 12 31 21 28 15 25 44 55 49 43 28 21 32 8 17 36 28 52 51 6 16 19 8 18 19 30 24 10 21 25 10 36 37 40 39 30 54 25 11 30 65 36 59 26 12 21 25 26 24 35 39
0 0 0 3 3 3 1 0 0 0 1 1 3 3 20 18 11 7 6 8 10 22 62 65 33 29 35 41 48 45 34 37 23 10 9 27 14 27 78 27 22 34 61 28 27 20 40 29 28 21 12 30 39 45 34 26 24 23 13 21 21 16 18 11 15 16 16 12 15 29 32 10 26 30 24 23 44 40 38 32 65 23 23 33 35 51 39 30 31 6 7 22 25 39 42 58
0 0 0 2 4 3 1 0 0 2 1 2 3 3 5 6 21 22 36 38 24 30 27 20 11 5 19 37 45 33 49 55 21 12 4 7 21 57 41 39 10 62 76 42 41 41 37 44 47 13 18 28 27 29 21 27 25 11 19 8 15 8 15 35 33 14 19 22 28 27 27 23 14 41 20 23 34 27 33 54 30 24 34 23 42 18 39 46 50 24 16 21 36 38 25 55
0 0 0 3 5 3 2 1 1 1 1 1 4 11 10 24 21 30 37 28 27 46 25 18 21 21 7 16 27 18 20 16 12 22 23 25 44 34 50 29 33 41 61 63 54 44 20 24 28 11 9 32 42 51 52 37 25 15 30 50 44 28 20 27 13 8 42 41 22 20 16 73 56 36 30 18 18 20 24 45 19 30 30 12 30 26 41 52 35 52 35 43 34 50 44 51
0 0 0 0 13 10 4 0 0 0 1 6 9 45 27 58 33 16 27 43 45 42 49 28 20 21 19 11 18 20 11 12 21 31 36 39 16 22 29 31 28 10 19 42 48 28 7 12 12 13 20 25 23 24 22 22 28 11 53 54 36 39 12 12 18 13 38 82 75 54 42 34 67 77 44 26 26 29 43 28 7 39 13 24 28 45 20 21 25 37 54 45 70 47 25 29
0 0 0 0 3 6 3 1 0 2 1 5 5 11 41 38 48 56 41 45 37 26 45 24 13 12 7 5 4 6 15 16 28 30 17 35 34 31 26 20 8 17 35 11 46 37 30 27 21 10 10 11 12 40 33 33 28 10 15 21 24 22 39 25 35 38 24 64 72 68 19 38 44 29 68 58 24 27 30 25 38 47 19 70 47 38 36 45 35 43 57 63 35 31 28 15
0 0 0 0 0 12 16 2 1 1 3 3 3 6 5 6 3 8 26 39 38 35 47 53 30 19 24 18 9 6 11 4 8 14 15 27 29 20 28 11 6 25 16 19 46 31 32 25 25 14 11 12 15 33 50 9 17 18 34 33 27 51 45 55 63 37 42 29 65 46 55 27 27 31 33 55 47 53 42 50 26 40 43 61 49 58 51 27 35 80 50 27 46 34 39 35
0 0 0 0 0 2 5 1 1 1 1 3 11 10 24 20 10 5 14 36 44 64 69 69 61 24 16 7 3 6 6 2 2 3 9 9 17 19 14 15 18 23 9 33 8 5 13 17 19 16 20 25 16 31 26 25 22 37 45 18 43 40 26 29 85 49 43 24 11 61 74 39 48 22 54 69 60 78 63 55 46 42 24 54 77 57 68 60 58 69 66 41 54 57 59 37
1 0 0 0 0 0 5 2 1 1 0 8 4 10 26 16 12 34 17 48 77 57 35 44 51 27 21 19 8 1 6 8 12 6 2 7 19 19 5 11 30 34 32 31 12 7 14 31 32 35 20 43 34 38 29 23 25 15 16 46 33 18 18 27 26 59 36 31 15 32 54 82 73 29 12 52 33 70 23 13 44 76 13 37 15 49 51 79 81 70 82 59 58 60 59 57
0 1 0 0 0 1 4 14 1 2 3 6 4 4 5 14 42 39 30 15 15 50 60 42 42 32 43 50 27 11 10 20 16 14 14 5 6 11 10 14 15 25 25 26 21 18 35 37 25 24 28 20 33 29 27 36 47 57 36 18 42 23 16 52 22 46 52 30 18 16 50 66 69 54 30 39 11 60 37 20 5 43 36 37 37 69 34 42 21 15 55 41 48 78 62 75
0 0 1 1 0 1 4 0 1 1 2 7 15 5 9 24 30 33 31 26 19 6 44 72 56 50 43 46 48 19 19 27 14 16 28 31 11 5 5 11 22 20 13 43 25 25 21 52 52 32 43 19 31 60 77 72 44 32 28 28 31 67 43 14 52 21 50 43 28 8 51 56 50 66 27 40 14 58 72 26 15 57 20 35 33 10 44 33 13 27 78 47 28 64 82 81
1 0 0 1 0 0 5 0 0 0 1 5 11 6 3 12 21 32 35 45 37 31 14 33 38 38 14 16 36 19 16 16 11 9 13 20 14 9 7 14 13 8 9 8 31 34 24 35 26 16 15 44 29 23 21 16 21 15 30 39 30 47 55 25 26 49 10 58 42 13 35 63 45 62 34 32 18 62 29 28 8 73 40 29 42 32 18 32 26 39 64 78 35 36 69 74
2 1 0 0 1 0 3 1 1 0 0 0 5 4 4 10 11 15 41 59 57 34 22 10 8 5 14 8 2 4 14 2 4 9 16 10 13 17 13 9 22 20 26 21 32 35 26 25 18 21 38 46 44 57 33 48 47 38 27 46 22 29 40 41 25 69 40 49 69 28 18 34 64 37 63 29 21 59 44 65 52 58 83 45 39 37 16 44 31 18 44 82 49 24 24 68
7 1 1 0 2 1 3 3 1 2 0 1 1 4 10 8 23 19 34 40 44 31 19 25 13 14 14 6 1 2 7 6 5 7 6 10 17 15 8 15 30 27 24 22 14 24 29 25 24 54 41 62 48 45 43 62 61 50 48 53 41 46 27 42 23 61 53 29 68 51 11 35 52 36 73 35 44 35 44 37 64 41 79 60 23 39 37 63 28 18 20 59 51 26 43 37
4 2 1 0 1 0 2 1 1 1 1 0 3 4 4 7 15 20 27 32 33 32 28 22 35 24 25 14 4 2 2 1 1 7 7 4 15 13 6 6 20 19 14 11 23 16 17 16 13 39 60 60 62 45 27 41 71 41 61 59 59 62 31 14 19 18 39 25 43 58 32 25 24 69 54 46 66 37 48 73 61 35 50 76 35 37 21 20 20 26 25 62 48 52 34 13
11 5 3 1 0 1 1 0 1 0 1 3 2 9 6 7 37 32 60 57 41 63 44 45 20 22 25 24 17 2 1 2 12 10 24 23 17 25 23 17 18 17 16 13 13 12 13 21 18 16 15 26 18 35 53 64 74 36 88 77 31 69 45 50 49 22 13 9 27 43 24 40 24 50 14 46 81 66 42 58 69 64 52 83 29 32 31 18 20 9 30 48 49 24 16 19
4 7 8 2 1 2 1 0 2 0 2 1 1 9 12 11 7 21 18 9 19 8 13 23 38 48 27 27 36 9 3 20 17 20 9 7 15 12 10 34 29 10 19 30 27 24 36 40 22 41 44 22 37 60 52 66 53 67 65 70 34 60 71 47 59 70 64 40 17 46 48 62 53 36 37 51 72 75 56 52 54 61 46 78 72 47 11 13 15 26 40 50 63 31 15 8
1 2 4 4 8 1 2 1 1 0 1 1 0 6 25 30 24 13 30 21 14 25 21 33 57 33 37 39 40 35 14 64 25 10 15 9 29 31 33 41 59 31 41 41 38 44 27 39 31 37 42 30 18 46 26 34 70 75 59 62 67 76 81 72 29 65 60 58 40 23 29 52 16 35 40 50 69 53 70 67 46 32 37 79 71 42 44 12 18 35 27 55 48 46 36 24
6 1 1 2 1 2 2 1 1 4 5 3 2 6 5 5 6 16 9 43 24 29 34 36 35 35 51 38 41 29 32 65 21 26 23 17 25 29 31 50 58 32 38 47 37 43 16 21 45 28 29 38 17 11 12 11 48 61 69 75 71 66 71 84 58 41 54 47 32 16 7 13 23 22 36 53 61 77 58 33 25 20 74 64 68 38 26 26 15 22 32 53 20 12 16 44
24 7 2 1 4 1 2 1 2 5 2 3 8 3 20 4 2 8 12 31 47 46 14 21 26 40 43 22 51 46 58 38 36 42 15 10 15 30 63 59 27 25 31 57 58 43 21 20 18 50 33 28 39 29 14 8 19 20 18 45 39 39 62 76 73 47 21 9 10 14 10 10 14 18 29 29 63 52 41 23 7 15 69 53 67 56 30 27 8 29 40 62 58 47 21 11
5 11 7 2 5 3 1 0 1 2 1 8 4 6 34 3 9 7 25 45 28 19 5 28 15 7 33 17 52 60 53 52 54 27 14 27 38 38 63 45 28 48 29 33 53 25 23 29 14 38 27 19 33 16 28 19 17 26 27 9 19 35 39 51 53 26 20 30 23 35 19 12 14 19 20 11 38 29 30 14 11 5 23 14 32 63 28 33 10 38 57 45 36 32 38 14
6 1 1 4 3 7 1 0 1 2 1 5 5 10 4 26 13 19 14 16 21 6 25 22 20 11 26 20 46 35 38 35 45 19 33 41 47 35 50 41 34 45 33 33 49 25 28 28 20 57 37 28 42 40 34 27 44 41 51 32 22 24 9 17 8 8 24 39 39 39 33 17 14 9 9 10 16 17 15 12 12 6 7 8 20 30 10 25 9 28 52 49 29 17 66 45
4 6 7 2 2 2 1 2 1 1 1 1 6 11 3 38 32 11 18 13 24 10 12 21 20 23 55 38 45 28 39 45 17 35 38 56 42 37 65 26 38 52 28 40 43 59 22 41 22 51 39 42 39 55 28 38 38 51 41 46 44 48 22 19 20 13 35 27 30 19 10 6 30 15 9 5 6 15 9 6 5 3 4 12 16 14 11 17 9 56 62 66 64 22 7 14
2 5 4 5 3 4 3 2 1 1 4 3 21 27 18 3 25 18 12 25 28 14 21 43 32 27 55 27 20 12 18 25 32 64 40 35 40 15 47 26 39 35 43 38 27 32 34 43 51 54 51 52 41 47 43 56 59 41 50 40 58 33 21 40 12 22 23 33 15 11 18 37 29 23 22 22 5 4 8 6 6 8 4 13 7 6 24 6 17 53 48 49 72 35 35 8
10 4 4 5 3 1 1 3 1 1 1 3 2 12 13 4 6 18 10 19 12 11 18 40 31 57 38 29 16 15 26 54 27 35 57 41 29 35 48 18 39 34 19 24 24 43 16 30 29 10 29 16 36 53 61 64 71 57 31 48 37 42 35 26 57 20 27 28 30 57 41 26 14 13 16 19 18 21 19 17 21 18 6 6 6 12 28 14 25 38 17 37 75 51 52 28
10 12 9 9 4 1 1 2 3 4 4 2 1 9 6 8 16 9 12 12 16 19 15 12 19 14 20 26 23 36 29 46 20 30 54 34 24 28 20 31 31 33 24 40 52 38 18 44 63 36 52 42 60 70 60 40 48 60 55 40 47 45 61 45 57 44 40 39 56 14 9 12 13 6 3 5 16 13 19 22 19 13 10 4 4 12 28 10 12 7 11 40 83 38 55 41
1 2 4 8 14 15 6 2 6 17 14 6 5 2 1 14 9 7 26 34 56 48 49 26 50 18 15 27 36 26 33 20 18 33 53 39 27 22 17 26 36 71 42 25 41 42 51 23 56 68 78 59 70 82 67 44 58 46 32 33 32 36 63 41 42 51 44 52 19 17 19 25 41 23 21 13 5 15 23 31 20 5 3 4 3 11 20 10 10 9 13 67 67 27 38 74
2 1 2 6 10 10 19 17 8 5 9 3 1 2 1 4 10 15 23 22 45 70 60 31 32 48 63 54 48 22 65 37 33 29 35 33 20 21 39 34 49 13 38 66 30 53 58 44 34 72 72 78 40 68 61 60 47 64 53 50 47 52 20 48 57 61 60 23 27 27 38 54 36 37 47 22 10 20 28 27 7 3 3 6 3 9 4 4 10 11 28 69 38 54 30 70
11 10 4 3 10 4 5 11 5 7 3 3 3 2 8 3 13 12 31 37 17 56 57 72 77 80 70 71 61 33 48 39 28 35 45 62 50 69 74 61 60 65 48 76 39 50 75 72 28 25 16 69 69 39 65 43 31 79 66 60 35 45 51 57 59 60 44 48 44 54 42 23 33 27 24 18 28 18 9 10 3 2 2 3 2 6 3 4 4 6 12 50 20 35 9 29
8 15 11 6 7 5 2 2 1 1 1 1 1 2 5 3 1 6 38 64 28 9 50 81 62 78 66 80 79 85 74 80 79 81 54 71 20 65 80 54 67 83 48 71 77 44 71 43 78 54 30 79 64 56 60 54 82 81 45 67 40 23 40 43 40 49 37 26 23 29 26 28 18 25 24 34 31 17 3 1 3 1 1 2 1 2 2 4 5 15 26 44 12 16 13 11
5 9 36 4 25 28 10 10 6 5 4 6 7 10 9 4 8 8 8 44 29 8 8 25 25 19 54 68 71 74 73 68 77 71 53 66 73 62 65 76 47 80 78 43 65 57 74 46 68 82 49 55 58 36 27 74 65 64 47 63 60 29 33 32 55 45 45 50 50 48 50 30 38 26 39 32 13 5 3 1 0 1 1 1 1 1 2 3 4 8 24 24 4 6 8 8
13 8 5 28 34 41 24 30 23 17 5 12 18 17 7 7 15 10 22 7 3 4 15 8 10 22 47 41 49 62 67 72 43 58 49 72 70 68 70 71 61 70 65 60 64 65 70 75 27 61 51 25 68 18 39 72 55 23 58 26 33 70 22 24 40 41 53 53 52 42 37 36 41 61 47 26 10 4 1 1 1 0 0 0 1 0 1 1 2 4 10 7 5 2 7 11
3 12 21 20 25 33 11 12 32 8 18 7 14 19 6 14 14 11 25 35 25 21 14 15 13 17 6 10 13 16 13 13 23 29 14 11 17 15 14 17 15 19 16 26 28 21 23 70 53 38 70 23 44 35 40 50 17 16 29 30 64 59 36 28 41 48 51 38 32 55 67 56 52 41 28 17 7 1 0 0 0 0 0 0 0 0 1 0 1 1 3 3 3 1 3 4
19 27 34 28 14 7 12 11 27 5 21 12 9 18 11 17 16 14 20 8 11 31 24 15 30 22 13 15 24 30 21 20 46 40 31 35 21 24 28 33 31 35 46 34 43 29 41 18 19 16 34 30 32 34 34 21 31 45 44 50 58 38 26 35 46 42 49 58 67 65 65 40 19 12 5 3 1 1 1 1 1 1 0 0 0 0 0 0 0 0 1 1 1 1 1 1
46 59 45 17 11 5 8 13 7 13 5 6 3 15 3 8 8 7 6 33 23 7 12 10 19 13 6 28 19 17 29 28 12 11 10 23 18 17 26 18 24 41 42 25 22 32 23 38 26 22 11 9 5 4 9 18 35 38 41 41 19 21 26 42 44 35 30 24 39 51 49 35 17 9 2 2 3 3 5 4 2 1 0 0 0 0 1 0 0 0 0 0 0 1 1 1
12 15 12 30 18 10 7 2 2 5 4 9 5 14 5 9 16 4 3 4 27 29 21 20 13 13 10 15 27 33 19 7 16 10 12 16 18 25 26 30 23 22 25 14 11 11 12 12 22 29 33 40 14 10 13 15 21 27 28 15 15 27 27 51 39 23 28 23 20 18 10 12 12 4 2 5 7 6 1 1 0 0 0 1 3 2 2 1 1 1 0 0 0 0 0 0
17 15 22 7 2 2 4 1 9 1 4 3 2 3 8 3 5 11 12 10 13 39 32 21 21 9 11 25 36 9 9 14 10 21 19 10 12 16 16 17 15 15 29 25 29 22 22 28 36 26 27 26 21 16 23 20 22 21 24 25 6 26 27 33 52 47 42 45 22 14 6 4 2 3 5 9 18 7 2 1 1 2 2 4 3 3 4 4 3 1 1 1 0 0 0 0
31 24 14 9 6 2 2 3 4 1 5 4 2 2 2 3 7 10 13 3 13 28 34 29 28 7 31 44 17 5 12 8 16 12 16 15 15 21 19 22 9 22 27 27 19 26 31 26 23 17 21 10 34 27 44 36 24 21 15 11 16 21 26 19 63 67 31 44 30 20 10 8 3 8 14 17 6 2 3 4 4 6 4 7 10 7 10 6 5 4 3 2 2 1 1 1
15 8 11 5 2 9 29 38 18 7 16 6 1 0 2 1 1 3 3 8 21 24 9 18 21 29 42 56 26 13 18 16 16 33 20 26 22 27 13 14 26 32 25 30 30 40 33 14 31 14 26 31 35 27 43 26 46 13 20 9 28 47 21 52 74 48 42 22 16 12 6 3 4 8 17 13 4 6 6 9 14 12 14 23 21 16 13 9 15 13 6 10 4 2 2 2
7 10 3 3 17 47 31 22 40 49 6 17 5 1 1 2 5 4 5 15 26 16 16 40 25 47 35 8 9 7 12 24 14 23 51 24 23 30 31 36 26 28 25 23 27 22 35 26 23 27 35 33 36 31 39 31 47 31 16 8 14 36 48 59 47 51 24 19 15 6 5 6 10 4 18 7 13 13 24 26 37 24 28 36 32 20 28 27 22 12 11 11 6 4 6 6
2 4 4 6 8 37 42 44 63 45 27 20 33 16 5 3 3 1 12 12 4 5 13 35 15 7 12 14 26 33 22 15 40 16 36 37 36 51 31 32 16 33 14 11 14 22 23 39 36 30 28 51 19 32 44 40 19 15 20 14 5 21 20 22 31 46 30 34 16 3 11 10 16 14 55 22 24 25 38 36 48 33 37 53 30 29 43 53 38 30 16 14 12 20 16 7
3 1 4 12 1 4 3 3 45 46 41 54 48 16 21 15 4 2 5 3 8 5 11 11 14 24 27 25 27 29 26 19 22 29 27 37 25 31 31 43 55 23 29 26 9 13 18 18 29 38 41 37 30 12 44 10 21 36 16 16 7 8 13 10 7 6 15 7 3 13 38 20 26 25 63 29 44 47 64 67 81 71 79 78 69 52 55 53 73 65 30 23 21 19 40 17
2 3 3 2 1 3 6 10 5 17 11 41 37 18 27 27 24 18 18 7 3 8 3 7 15 30 31 12 8 13 10 13 16 18 24 21 21 26 24 42 47 61 33 14 48 35 39 17 29 22 14 30 14 30 27 26 25 17 23 17 10 28 35 21 13 7 6 10 20 22 37 46 32 48 62 62 65 52 63 78 64 59 74 70 66 61 59 54 64 56 44 30 47 52 53 34
5 3 4 11 12 7 37 17 17 3 40 55 23 50 38 44 55 37 23 12 9 6 5 4 17 12 7 7 7 4 5 4 5 8 23 23 11 19 34 45 35 41 46 44 5 36 35 36 36 22 20 35 39 25 11 11 17 33 22 17 12 41 26 16 8 16 14 24 48 48 40 72 58 73 59 69 72 60 68 58 32 52 63 45 25 24 41 18 45 55 38 39 38 38 34 56
23 29 37 20 51 10 5 7 27 16 37 55 39 81 60 55 79 53 29 26 19 21 6 5 6 3 9 6 7 5 8 3 11 20 6 8 21 18 20 14 17 34 43 64 44 27 42 27 35 30 28 18 15 45 60 32 32 25 19 21 31 28 31 14 17 28 44 29 43 60 48 57 63 59 76 42 54 45 60 51 15 20 29 39 17 4 5 10 39 35 37 43 14 19 12 38
