sesion_6_simulaciones/modelos_agentes/ejemplos_netlogo/scenarios/cgcm2_a2/rob_2028.asc
NCOLS 322 
NROWS 307 
XLLCORNER 451900 
YLLCORNER 4086900 
CELLSIZE 100 
NODATA_value -9999 
[rows 225 to 299 of 307, columns 192 to 287 of 322]
1 1 0 0 0 0 0 0 0 0 0 0 0 0 0 0 0 0 0 0 0 0 1 2 4 4 3 3 3 7 23 11 6 6 4 5 7 6 18 12 11 15 27 34 54 48 26 36 17 18 19 17 28 37 11 30 34 29 39 56 57 43 45 27 6 7 3 4 1 1 7 2 0 0 0 0 0 0 0 0 0 0 0 0 0 0 0 0 0 0 0 1 1 1 1 2
1 0 0 0 0 0 0 0 0 0 0 0 0 0 0 0 0 0 0 0 0 0 1 1 4 13 6 6 6 4 13 23 8 13 10 13 17 18 11 14 9 13 16 19 24 33 30 47 45 17 47 49 32 25 15 26 66 56 54 55 62 44 33 14 8 7 8 10 3 2 1 0 0 0 0 0 0 0 0 0 0 0 0 0 0 0 0 0 0 0 0 0 1 1 1 1
1 1 0 0 0 0 0 0 0 0 0 0 0 0 0 0 0 0 0 1 1 1 2 2 4 17 25 11 20 9 15 27 16 10 21 26 22 19 20 17 4 9 9 18 28 37 50 58 75 40 38 43 41 21 31 35 50 41 51 53 50 36 21 13 25 16 16 11 4 2 1 0 1 1 1 0 0 0 0 0 0 0 0 0 0 0 0 0 0 0 0 0 0 0 1 2
1 0 0 0 0 0 0 0 0 0 0 0 0 0 0 0 0 0 1 1 2 4 8 5 6 15 40 12 26 12 18 28 8 9 23 26 33 32 23 23 14 15 13 12 28 36 41 59 60 62 57 50 47 32 54 62 60 50 58 69 48 24 23 31 54 35 14 6 4 2 1 1 1 1 2 1 1 0 0 0 0 0 0 0 0 0 0 0 0 0 0 0 0 0 1 2
1 0 0 0 0 0 0 0 0 0 0 0 0 0 0 0 0 0 0 1 1 3 9 19 17 18 36 36 44 20 38 15 9 9 17 35 38 36 22 24 24 28 17 17 20 41 42 48 46 46 68 65 51 41 47 44 59 39 41 21 33 52 48 67 49 24 12 5 5 5 3 2 2 3 1 0 0 0 0 0 0 0 0 0 0 0 0 0 0 0 0 0 1 1 1 2
0 0 0 0 0 0 0 0 0 0 0 0 0 0 0 0 0 0 0 1 2 3 7 10 25 30 46 53 47 23 33 12 10 29 21 31 42 30 29 37 32 40 18 21 36 42 56 50 63 42 48 51 48 18 27 18 75 46 30 41 50 44 44 29 14 9 9 8 4 4 7 7 4 1 0 0 0 0 0 0 0 0 0 0 0 0 0 1 0 0 0 0 0 1 1 2
0 0 0 0 0 0 0 0 0 0 0 0 0 0 0 0 0 0 1 1 1 3 8 16 18 27 41 42 48 44 52 22 17 28 38 30 43 37 34 34 39 27 34 21 22 26 46 59 58 49 33 38 36 34 47 41 15 77 81 56 33 16 27 19 21 14 7 4 2 8 20 8 2 1 0 0 0 0 0 0 0 0 0 0 0 0 0 1 1 0 0 0 1 1 1 1
0 0 0 0 0 0 0 0 0 0 0 0 0 0 0 0 0 0 1 1 1 5 13 24 18 26 42 43 69 74 45 36 36 46 30 47 48 45 44 41 41 37 48 19 37 31 46 46 39 22 41 39 51 49 52 57 46 34 40 46 25 39 21 18 13 12 9 2 5 8 8 3 2 1 0 0 0 0 0 0 0 0 0 1 1 0 0 0 2 0 0 1 1 1 1 1
0 0 0 0 0 0 0 0 0 0 0 0 0 0 0 0 0 1 1 4 2 3 20 19 37 32 43 58 22 74 52 50 41 57 41 38 45 56 47 47 46 39 64 23 23 61 46 45 43 38 59 42 47 53 59 31 51 50 31 14 22 12 17 15 13 10 5 17 11 3 5 2 1 1 0 0 0 0 0 0 0 0 0 0 0 0 0 0 1 1 1 0 0 2 1 1
0 0 0 0 0 0 0 0 0 0 0 0 0 0 0 0 0 1 1 4 7 13 35 25 44 50 61 58 68 62 82 45 42 56 43 23 32 53 58 64 49 24 45 54 15 28 42 63 43 51 65 55 43 43 37 33 19 21 24 39 30 29 21 29 8 8 12 5 2 3 3 1 1 0 0 0 0 0 0 0 0 0 0 0 1 1 0 0 1 1 3 1 0 1 2 2
0 0 0 0 0 0 0 0 0 0 0 0 0 0 0 0 0 1 2 3 8 7 18 5 17 36 39 21 25 52 76 48 55 81 43 50 54 62 41 17 28 15 46 56 18 43 62 45 22 43 59 63 43 46 31 19 50 52 44 31 18 23 46 48 23 15 25 17 11 5 2 1 0 0 0 0 0 0 0 0 0 0 0 0 1 1 1 0 1 0 0 2 1 1 1 2
0 0 0 0 0 0 0 0 0 0 0 0 0 0 0 0 0 0 1 2 4 3 4 16 16 21 19 29 35 52 69 68 74 77 64 59 58 55 54 30 41 37 45 58 18 30 51 49 33 31 42 55 47 33 17 40 53 25 30 35 34 56 61 54 50 36 14 7 8 4 9 2 0 0 0 0 0 0 0 0 0 0 0 0 0 1 1 2 1 1 1 3 1 0 1 1
0 0 0 0 0 0 0 0 0 0 0 0 0 0 0 0 0 0 0 1 1 8 11 9 15 27 31 25 35 53 57 58 69 75 54 61 59 60 61 29 58 52 42 61 16 22 46 42 57 61 39 39 63 45 34 42 38 33 60 42 67 45 41 62 66 26 14 4 11 2 1 1 0 0 0 0 0 0 0 0 1 0 0 0 0 0 1 2 5 6 1 1 2 1 1 3
0 0 0 0 0 0 0 0 0 0 0 0 0 0 0 0 0 0 0 1 1 2 5 6 6 14 30 24 40 35 48 57 62 72 67 74 61 71 52 54 35 48 30 47 17 15 29 30 40 58 67 46 33 15 39 19 16 47 48 38 43 30 46 42 40 51 13 2 1 1 1 0 0 0 0 0 0 0 1 1 1 0 0 0 0 0 0 0 0 1 4 4 2 1 1 3
0 0 0 0 0 0 0 0 0 0 0 0 0 0 0 0 0 0 0 1 2 4 3 6 11 21 19 18 29 35 24 31 51 53 49 63 46 70 57 53 51 51 79 55 28 30 43 63 43 31 41 42 15 46 17 25 42 67 53 71 67 42 21 20 15 7 8 6 2 1 0 0 0 0 0 1 0 0 1 1 1 1 1 1 1 0 1 1 1 1 3 3 2 10 2 4
0 0 0 0 0 0 0 0 0 0 0 0 0 0 0 0 0 0 0 0 1 0 1 2 4 9 9 11 14 22 41 45 33 32 25 74 59 81 50 63 52 47 82 63 47 34 63 57 59 58 39 69 41 65 49 61 56 26 34 38 37 26 12 15 18 9 9 2 2 1 0 0 0 0 0 1 1 0 0 1 1 2 1 2 1 0 1 1 0 0 0 0 1 3 8 3
0 0 0 0 0 0 0 0 0 0 0 0 0 0 0 0 0 1 0 1 2 3 5 8 13 14 20 38 50 42 43 56 56 50 60 58 79 71 55 61 53 42 37 71 45 24 39 47 63 53 60 64 66 73 89 82 80 70 72 43 36 29 30 32 17 8 5 2 2 1 0 0 0 0 1 1 1 1 1 2 1 3 1 2 1 0 1 1 2 0 1 1 1 1 1 2
0 0 0 0 0 0 0 0 0 0 0 0 0 0 0 0 0 0 1 2 5 4 9 17 28 41 44 37 59 48 43 45 46 33 26 30 54 61 60 56 56 31 38 64 36 29 26 46 39 57 20 15 18 21 41 54 84 84 67 57 36 27 10 22 11 5 3 2 0 0 0 0 0 1 0 1 1 2 1 2 1 1 4 3 2 1 1 2 2 1 1 2 2 4 5 10
0 0 0 0 0 0 0 0 0 0 0 0 0 0 0 1 0 0 0 1 3 7 3 14 16 31 41 33 6 17 34 33 26 28 40 50 57 40 68 37 46 42 19 57 47 49 22 23 19 49 39 29 26 21 20 17 37 62 69 69 72 26 16 9 6 4 3 2 1 0 0 0 1 1 1 1 3 2 3 3 3 1 1 7 3 1 1 2 1 1 2 1 3 4 8 12
0 0 0 0 0 0 0 0 0 0 0 0 0 0 0 0 0 0 0 1 2 3 2 8 7 9 10 7 7 9 19 24 26 38 36 28 44 62 57 15 40 45 21 47 45 18 11 46 49 47 64 45 50 46 44 45 44 51 43 29 36 61 33 17 11 7 6 2 1 0 0 1 1 2 2 1 3 4 3 2 2 2 1 5 7 3 3 1 3 1 3 3 2 5 7 5
0 0 0 0 0 0 0 0 0 0 0 0 0 0 0 0 1 0 0 0 0 0 2 2 4 9 12 18 25 19 26 21 24 44 40 37 35 27 14 20 37 53 74 52 36 38 16 30 40 44 54 68 40 51 63 39 29 23 23 13 11 19 27 22 12 6 5 2 1 0 0 1 1 2 2 2 2 7 4 7 3 6 3 4 17 5 7 2 4 4 4 8 5 5 5 8
0 0 0 0 0 0 0 0 0 0 0 0 0 0 1 0 0 0 0 0 0 0 1 2 4 8 13 15 19 39 35 47 44 65 27 24 31 39 37 38 66 64 36 38 64 40 33 39 35 68 64 34 50 46 34 34 47 36 41 19 13 8 7 7 7 4 2 1 1 0 0 1 1 2 2 2 2 4 6 9 6 4 7 4 19 4 5 6 3 9 5 5 6 4 5 6
0 0 0 0 0 0 0 0 0 0 0 0 0 0 1 4 0 0 0 1 1 1 1 1 3 4 9 8 12 25 31 28 28 32 38 41 39 51 51 38 25 23 18 14 28 43 55 42 66 77 32 17 23 43 45 41 29 35 21 16 14 8 6 3 2 2 1 1 0 0 1 2 2 2 2 2 3 4 8 6 7 6 7 14 22 5 6 8 4 11 7 3 9 3 2 5
0 0 0 0 0 0 0 0 1 1 0 0 0 0 1 1 0 0 0 1 1 1 2 1 1 1 4 8 11 20 17 18 30 31 33 36 38 35 34 30 27 21 18 16 25 17 22 57 28 48 26 21 23 19 30 72 48 48 31 19 11 8 5 3 2 1 1 0 0 0 1 2 1 2 2 4 6 3 5 14 11 14 15 15 23 12 13 5 15 10 3 5 8 3 5 6
0 0 0 1 0 0 0 0 1 1 0 0 0 0 1 2 1 0 0 1 2 4 2 3 4 1 3 5 7 7 12 12 20 29 32 22 22 14 18 26 43 44 52 49 44 63 48 25 14 24 35 53 51 40 41 24 34 33 37 28 16 8 5 3 2 2 1 0 0 1 1 1 2 2 5 5 4 9 5 5 9 10 13 20 8 56 16 6 11 10 2 6 5 12 6 10
0 0 0 1 0 0 0 1 1 1 0 0 0 0 1 1 2 0 1 2 3 7 4 5 5 8 5 4 3 5 8 15 33 33 15 35 19 37 26 29 36 43 35 33 31 46 31 31 45 58 58 45 47 42 45 17 12 10 9 14 10 8 6 4 3 3 2 1 0 1 1 1 3 4 6 2 5 3 8 4 7 6 14 9 22 48 9 8 19 5 3 7 7 9 14 14
0 0 1 1 1 0 0 0 1 2 0 0 1 1 1 3 0 0 1 2 5 8 11 6 16 11 13 14 9 10 6 34 44 37 44 31 29 42 31 26 40 24 35 23 34 41 40 42 37 56 54 38 46 44 40 16 28 28 24 23 17 12 10 10 6 5 2 1 0 2 2 2 5 3 5 10 10 7 4 8 6 10 12 20 17 34 24 21 17 7 7 12 6 6 3 15
0 0 1 1 1 1 0 1 1 2 0 1 1 3 4 1 0 0 2 3 3 10 11 18 11 13 28 22 17 21 21 33 55 55 47 53 56 38 62 42 26 38 18 14 17 31 32 39 39 37 44 41 45 36 42 45 42 44 38 36 32 26 14 8 4 2 2 0 1 2 4 3 6 9 5 8 12 8 10 3 14 5 6 17 25 37 43 51 18 10 15 11 15 16 10 24
0 0 1 1 2 1 1 1 2 2 0 1 2 5 3 0 0 1 2 2 6 9 12 17 20 17 28 26 37 43 44 41 21 33 48 49 50 30 46 48 49 37 27 26 48 38 31 54 26 18 19 32 51 64 44 46 61 52 42 22 31 15 5 6 5 3 1 1 1 2 6 3 6 9 12 9 13 9 12 10 7 19 10 4 5 20 38 52 20 25 18 16 14 26 10 10
0 0 1 1 4 2 1 1 2 2 0 0 2 5 2 0 0 1 2 3 4 6 9 16 29 18 25 26 22 43 56 46 46 40 44 31 37 41 49 41 42 31 28 41 61 52 45 45 17 13 19 49 60 37 63 63 32 33 20 17 11 7 11 10 4 3 2 1 1 1 7 5 5 6 9 15 11 12 6 12 6 25 14 11 6 5 17 31 44 53 25 21 17 20 8 11
0 1 1 1 1 4 1 2 4 1 1 1 1 8 2 1 0 1 3 4 7 14 17 27 31 30 17 23 40 41 27 56 80 69 41 42 31 38 52 41 27 43 46 33 43 30 41 29 53 39 46 52 52 61 65 49 54 31 30 26 16 12 9 5 4 3 1 1 1 2 3 10 6 6 8 10 22 21 14 27 9 8 15 15 11 11 11 22 43 45 29 27 22 23 13 21
1 1 2 2 1 3 1 3 9 1 1 3 4 6 1 1 0 1 3 5 13 9 13 32 38 38 33 13 11 15 26 28 33 17 22 37 55 40 40 58 51 41 33 31 25 20 27 38 59 60 59 57 60 63 75 67 55 43 29 27 21 20 17 6 5 4 2 1 1 5 5 6 15 6 8 10 27 23 16 11 20 11 9 21 24 14 17 18 31 44 51 29 24 17 28 14
1 1 3 4 2 6 1 3 13 3 2 5 6 3 1 0 0 1 2 6 15 19 17 20 33 41 31 16 18 18 24 28 36 34 27 18 32 43 58 56 42 39 23 36 40 27 38 22 8 16 58 49 40 55 50 35 33 50 42 31 28 12 10 8 5 4 3 1 2 5 7 7 8 3 12 14 15 30 43 29 30 17 12 12 24 17 14 24 38 73 65 31 19 16 28 13
1 1 1 6 2 6 3 3 4 6 2 8 5 1 0 0 1 1 3 8 10 14 25 15 23 40 55 23 19 21 35 35 36 40 34 42 34 41 29 16 22 41 29 33 46 34 33 13 39 48 52 65 76 67 47 65 60 69 42 27 28 21 17 12 10 4 4 2 3 7 7 12 18 8 8 26 20 35 28 25 39 15 22 24 41 19 11 17 13 30 51 27 27 13 41 31
1 1 1 3 12 5 7 3 12 4 10 3 1 0 1 1 2 1 9 15 8 15 20 25 10 26 41 63 36 37 25 39 31 22 20 22 30 23 20 19 23 14 12 9 25 17 28 21 48 43 35 56 47 61 67 62 38 50 29 17 19 19 16 11 5 3 3 6 6 8 11 15 3 11 21 27 28 21 34 19 51 20 26 19 23 41 31 34 42 31 37 26 47 18 27 49
3 2 1 2 4 11 12 5 23 10 6 1 0 1 2 3 3 2 3 3 8 11 19 43 40 24 33 17 43 60 25 42 26 23 34 36 42 29 29 25 19 21 38 30 16 10 11 16 37 50 48 53 57 44 54 45 36 24 15 6 14 16 12 9 4 3 3 7 8 9 12 21 6 6 3 6 23 45 56 21 44 38 28 29 18 15 50 28 44 41 36 47 20 21 37 52
2 4 3 2 2 6 21 7 6 2 1 0 1 2 5 8 8 3 4 5 10 15 16 6 10 11 16 30 15 22 46 70 49 47 21 42 18 26 30 8 12 16 13 11 15 40 24 25 35 45 49 34 33 42 40 40 25 35 24 26 30 18 13 6 10 9 5 9 9 11 12 22 6 13 8 12 12 10 28 31 26 49 34 35 22 44 46 17 41 57 54 45 19 25 24 31
3 6 3 5 9 13 16 7 6 1 2 1 2 6 6 9 12 7 8 10 13 16 14 12 11 17 17 12 16 29 20 29 37 56 40 62 21 17 19 22 22 17 21 26 15 14 27 25 39 52 62 35 34 39 51 27 47 58 61 47 35 19 17 16 12 11 12 19 12 13 14 18 10 19 17 13 26 23 30 49 22 53 36 54 23 21 41 12 21 30 54 34 17 30 32 56
4 7 6 9 12 20 14 2 1 1 3 3 5 8 9 13 8 19 18 12 16 18 17 22 29 21 25 17 22 46 23 11 10 14 17 42 51 39 36 61 48 43 30 28 30 19 10 28 57 47 50 22 24 41 42 46 56 66 35 37 40 20 19 15 15 13 15 26 15 16 18 19 19 20 31 17 28 28 29 32 54 76 47 57 40 15 41 27 11 18 33 42 29 37 29 12
6 12 15 13 34 22 3 2 3 3 7 7 5 13 10 19 6 14 37 10 22 17 10 15 24 35 16 25 31 35 58 26 21 12 14 10 13 10 20 47 58 36 40 37 36 30 21 27 47 36 30 25 34 40 59 57 50 39 42 25 40 29 16 6 19 9 11 36 20 19 32 22 36 22 33 28 28 36 32 27 23 17 61 65 51 22 25 26 13 11 23 45 32 42 49 34
7 10 30 24 33 4 3 4 4 8 10 10 16 22 8 15 9 17 20 34 13 27 10 9 14 30 32 37 35 25 16 38 18 24 18 15 14 16 15 20 29 19 17 27 15 9 14 33 31 31 29 24 20 37 55 64 31 56 66 50 20 16 9 5 30 19 19 30 27 22 36 26 55 37 36 42 29 30 45 33 27 18 44 46 52 27 15 54 18 19 30 42 55 53 36 40
5 14 38 53 18 2 5 9 10 11 23 28 14 18 10 11 25 11 21 20 18 21 17 14 18 26 27 44 36 40 46 34 47 27 28 22 16 14 13 22 23 14 13 14 18 16 26 52 31 33 27 22 33 50 65 57 79 55 38 46 25 11 4 12 17 38 23 27 33 23 29 30 50 43 27 42 44 32 35 51 40 14 26 56 63 31 10 31 28 22 35 26 67 56 29 65
6 19 43 21 3 3 12 12 8 26 19 40 10 22 14 11 14 42 13 21 39 22 35 16 16 33 40 35 33 54 35 38 56 21 29 24 19 24 7 21 19 10 26 31 30 28 49 42 46 47 48 51 46 42 47 57 60 45 47 33 25 11 6 20 16 29 26 27 36 27 28 31 32 52 30 31 54 33 36 39 52 22 29 33 52 32 16 27 40 32 21 21 22 50 41 33
9 33 28 12 5 9 17 18 12 22 13 39 15 22 33 13 32 46 10 32 48 18 44 17 16 34 45 50 24 18 51 19 21 42 56 38 11 20 11 18 11 8 10 13 19 25 31 42 54 57 43 34 25 34 31 38 45 48 33 46 29 17 14 24 29 35 18 26 34 38 27 26 17 41 33 32 41 42 37 34 17 17 46 26 52 32 22 14 24 48 14 28 52 50 38 12
12 27 27 17 9 11 25 39 13 17 16 34 16 25 47 20 35 46 21 20 29 36 34 21 18 22 24 34 40 46 22 31 17 15 5 40 40 15 11 13 10 14 21 21 24 29 28 38 51 61 51 52 37 40 33 35 22 36 34 17 17 27 25 27 25 33 38 31 36 41 19 31 21 30 38 33 41 22 17 39 22 22 20 26 53 62 25 15 27 40 9 16 44 51 54 33
30 30 36 14 11 20 24 31 16 25 22 26 33 19 46 21 20 40 24 18 19 19 66 40 19 18 21 20 29 34 54 36 13 29 7 10 39 15 8 13 7 25 33 34 19 28 12 26 49 65 65 40 35 20 20 37 48 62 36 16 9 28 29 27 30 31 45 22 38 46 20 29 32 34 46 7 28 41 22 19 38 20 20 22 29 42 20 15 18 42 15 13 16 40 66 53
65 28 13 14 22 25 28 32 18 53 33 19 41 21 50 23 21 32 29 17 21 34 50 30 16 25 19 37 39 42 35 39 30 36 6 14 15 32 7 9 19 30 16 26 25 31 22 12 35 61 60 62 43 30 39 43 51 60 50 21 10 37 31 22 31 32 39 29 22 45 33 19 21 46 46 21 18 20 43 14 27 51 25 23 61 44 13 32 5 43 32 14 10 8 21 28
15 8 17 14 22 27 42 36 36 43 30 21 68 22 26 52 25 51 38 16 19 30 29 59 29 32 17 34 42 42 33 23 33 53 15 18 12 44 9 11 12 15 12 15 14 29 29 35 37 63 54 43 52 36 28 27 22 42 40 10 18 27 34 19 33 32 29 44 24 46 39 27 31 24 38 21 21 28 27 27 13 9 43 23 31 50 24 46 13 27 63 20 37 24 15 11
37 20 39 28 27 31 53 33 59 45 19 31 52 34 36 56 21 23 58 14 34 30 21 49 18 33 32 26 28 34 44 44 11 27 18 19 12 12 38 12 5 17 17 31 26 16 14 33 53 48 64 56 21 29 28 5 23 28 20 10 22 49 42 19 17 42 22 37 21 27 69 20 39 39 25 27 27 25 42 29 35 19 18 37 14 45 60 51 20 30 76 21 24 17 34 14
69 39 22 38 39 43 40 37 62 37 33 36 29 34 34 42 24 21 53 25 35 27 13 25 40 34 29 20 24 22 30 31 40 14 18 44 15 12 21 31 10 26 20 28 31 29 31 15 48 23 14 11 13 25 27 51 33 18 23 21 16 35 27 21 22 35 47 17 43 15 46 19 34 42 13 20 36 16 24 34 37 26 18 7 14 12 36 68 29 23 45 29 27 19 33 23
84 45 32 36 36 46 22 39 45 20 39 35 36 39 29 49 29 26 42 19 19 43 18 9 5 14 15 9 32 53 28 32 44 8 15 4 28 14 17 63 11 15 14 25 32 23 43 23 73 38 30 18 20 18 45 46 26 9 11 36 17 13 33 23 37 24 54 16 53 14 25 35 24 34 17 39 24 23 17 18 31 38 28 16 14 16 10 17 43 61 47 40 30 19 42 24
67 35 24 45 30 32 30 31 51 20 34 29 31 54 29 54 30 48 27 17 16 34 26 14 14 17 18 20 24 28 49 41 18 14 8 7 7 27 11 56 7 8 9 22 23 19 38 25 17 33 38 34 8 39 49 42 26 18 8 39 25 21 11 38 37 37 50 18 47 26 18 23 42 52 23 18 28 12 24 6 9 30 16 21 14 12 16 9 9 24 58 39 19 26 47 29
77 38 61 37 38 29 31 31 29 22 38 38 20 60 57 22 41 37 41 30 30 17 29 21 28 35 22 32 16 16 22 23 23 15 6 12 7 11 23 36 17 5 12 9 17 20 21 47 16 18 26 23 31 59 53 37 28 24 8 15 36 19 29 24 32 55 32 40 13 37 56 14 46 69 29 6 23 10 14 8 25 20 29 28 8 6 9 13 14 11 26 50 39 14 46 14
73 53 28 31 31 36 46 31 35 20 29 27 36 41 47 18 19 19 23 7 27 19 27 34 40 35 28 38 34 9 12 18 46 32 10 8 32 10 7 25 35 6 17 10 16 32 32 31 16 19 17 23 48 47 43 25 8 23 21 12 32 18 26 30 13 23 22 26 17 23 53 19 35 40 3 9 12 24 19 13 3 26 4 10 19 2 3 6 16 17 26 9 50 20 35 12
21 51 22 35 35 31 38 26 66 26 29 30 28 11 41 26 27 12 38 18 15 27 29 31 32 18 33 42 36 5 12 15 24 30 31 20 14 29 8 7 39 5 12 9 8 40 50 30 26 20 27 46 48 40 43 18 14 27 19 22 36 22 11 12 27 20 16 38 16 22 52 33 52 22 4 15 6 2 9 23 5 13 10 13 25 7 12 8 11 10 11 24 34 39 46 8
35 57 26 28 18 33 41 40 24 40 30 26 31 14 26 19 28 16 64 23 10 18 23 57 20 17 28 40 35 9 14 13 30 22 36 24 12 15 29 9 42 8 10 7 10 25 15 32 12 45 32 47 45 45 24 9 18 28 21 27 45 30 43 18 17 26 15 42 14 20 17 26 39 5 5 3 6 5 13 11 9 3 1 16 18 19 18 14 8 7 6 5 10 43 28 7
35 68 51 9 20 23 52 39 22 47 32 20 13 20 16 28 9 36 17 8 13 22 32 21 41 21 17 19 19 15 9 24 26 25 24 24 21 26 33 14 45 7 13 12 11 13 23 55 30 18 42 56 53 39 6 18 29 36 24 31 19 45 21 46 30 14 12 19 10 19 27 44 22 21 14 14 1 12 20 9 16 5 1 9 11 31 27 10 9 6 8 6 3 15 26 27
17 29 50 9 31 17 36 50 19 44 27 15 4 23 12 38 14 30 22 28 10 12 29 35 30 16 12 18 22 28 4 10 16 34 28 13 21 40 19 33 47 21 12 26 16 12 10 45 54 46 55 57 42 12 17 33 38 34 26 37 40 32 13 28 40 5 12 9 20 8 20 27 19 31 14 13 8 21 16 3 29 34 9 12 4 5 13 15 8 13 2 8 10 34 11 24
23 40 48 19 22 8 17 18 26 25 27 10 3 16 20 63 20 15 19 6 18 29 30 37 21 9 9 9 22 15 10 16 29 19 9 5 19 37 40 17 34 24 19 33 27 19 22 74 53 71 72 54 8 14 19 19 28 32 27 31 47 14 36 24 21 45 63 11 8 4 6 38 10 28 25 19 15 28 22 17 24 55 13 17 8 4 11 17 40 35 16 8 38 16 17 40
20 25 56 32 34 14 12 22 9 36 32 20 10 13 10 29 23 12 19 12 18 23 16 16 19 9 33 7 16 26 13 12 30 33 14 11 31 17 17 28 6 18 6 24 41 72 83 60 53 51 29 6 14 18 29 23 28 27 22 15 19 10 26 19 5 32 11 1 1 9 13 15 36 12 36 21 23 25 39 21 31 38 11 29 11 10 10 10 12 23 28 38 13 36 44 55
24 13 8 55 16 10 4 5 5 25 48 15 15 9 14 32 8 11 29 9 13 18 15 14 6 15 6 6 2 23 10 13 16 19 15 20 19 20 6 13 8 12 7 62 57 61 82 84 55 18 6 14 14 22 23 21 27 29 22 5 1 3 25 35 40 42 6 4 3 22 35 20 22 7 40 16 36 16 28 11 16 31 18 30 17 22 5 4 8 7 6 12 32 14 41 30
26 26 12 60 4 14 19 7 24 3 30 13 12 21 19 43 12 19 28 19 6 14 16 36 6 13 4 29 4 5 10 16 27 22 8 16 47 27 10 13 24 70 78 78 82 51 66 81 60 3 11 18 17 17 4 17 20 19 19 1 1 18 52 54 42 15 9 24 24 13 35 36 9 11 19 21 41 30 46 47 53 35 15 23 31 24 22 1 7 11 15 10 16 31 39 32
23 18 9 62 13 5 7 8 38 3 9 31 13 13 13 39 9 19 34 15 9 11 12 36 6 8 6 13 19 18 9 15 20 17 18 32 23 21 21 35 59 83 86 73 83 80 69 61 3 8 23 17 19 22 6 14 32 32 12 5 4 25 49 38 19 14 22 22 24 21 29 43 54 16 12 20 21 22 26 14 8 19 25 52 45 32 7 5 19 5 23 22 18 33 56 24
20 17 8 26 31 40 12 9 37 9 10 32 2 10 7 11 18 16 25 14 5 2 1 26 6 12 26 16 31 10 10 15 12 30 14 31 19 9 24 48 41 21 61 72 76 66 5 7 15 9 12 10 19 19 11 5 7 65 13 23 12 20 15 41 31 15 33 31 23 51 38 35 6 13 15 29 30 22 18 15 20 21 32 25 33 9 19 10 9 3 9 23 13 28 56 27
18 17 9 14 49 19 13 6 24 6 6 21 10 3 2 4 13 4 28 11 11 2 6 6 13 20 26 15 18 9 22 18 21 12 19 25 19 9 24 43 21 47 28 17 12 5 20 27 19 19 11 11 9 1 8 19 10 28 29 17 14 19 8 23 10 13 16 41 41 50 17 6 13 21 21 24 47 23 36 22 31 34 34 32 38 7 14 10 18 2 25 22 16 19 25 13
16 16 13 6 41 5 9 11 33 13 4 9 29 7 4 7 7 5 22 19 6 6 6 18 31 16 14 22 7 12 13 16 19 26 18 13 25 13 41 40 75 65 25 6 18 19 5 9 12 4 6 1 8 3 11 20 9 49 21 8 14 14 27 19 4 18 25 54 39 2 8 1 7 23 49 48 28 28 13 24 28 26 34 47 18 21 19 20 9 4 24 19 19 23 17 3
9 8 17 36 10 5 12 9 18 7 5 4 22 9 6 6 5 8 7 27 7 4 2 8 24 24 24 16 6 13 6 16 14 28 10 20 30 17 38 29 26 30 8 18 20 10 9 14 25 14 5 1 1 2 15 26 5 26 18 14 13 15 23 7 5 9 33 36 4 1 3 13 7 7 15 41 42 42 10 18 26 30 37 24 31 23 23 20 26 6 14 20 12 7 8 9
32 7 14 49 50 4 11 7 24 6 10 3 13 6 10 1 11 5 11 6 6 3 2 12 15 34 24 7 8 8 3 7 21 5 20 11 16 11 40 21 27 30 9 17 5 17 4 2 7 17 12 2 1 5 1 8 22 10 22 2 4 30 16 4 11 31 36 37 5 0 2 14 10 11 15 28 37 18 10 14 23 36 31 50 21 28 37 15 11 5 17 17 15 8 6 8
18 5 0 5 14 7 6 8 14 6 4 2 2 11 6 1 5 6 12 3 4 3 2 18 17 17 25 3 10 11 5 4 4 15 20 17 20 59 32 75 66 38 7 4 3 16 11 7 5 13 7 8 1 3 7 5 32 25 2 1 1 20 15 12 31 37 34 28 2 7 8 19 41 4 13 27 22 17 9 11 28 20 21 9 18 48 21 21 7 8 7 10 5 3 10 2
9 11 3 12 5 19 9 4 1 5 6 3 1 3 2 2 7 4 32 0 2 5 6 18 8 8 6 2 8 5 9 5 7 8 12 25 38 43 72 50 27 50 15 4 5 9 1 1 1 6 10 8 4 2 8 12 7 37 8 6 8 36 14 5 19 28 18 27 6 11 15 17 23 5 8 15 12 33 16 12 2 3 2 9 8 17 8 10 9 5 5 3 1 3 2 3
7 18 19 10 2 5 3 14 2 3 5 4 6 3 7 4 5 6 7 1 2 3 12 7 12 6 8 3 8 2 5 5 5 10 13 43 58 70 82 49 13 4 14 12 5 2 10 26 5 15 21 4 9 15 11 20 4 16 4 17 6 37 7 16 24 18 21 32 7 8 14 18 14 4 1 3 16 17 48 18 5 4 11 16 5 7 6 8 4 3 1 5 1 1 4 4
15 14 9 20 4 8 1 9 3 8 8 2 1 2 6 2 8 11 3 2 2 4 15 6 3 5 8 3 3 2 4 6 6 17 18 40 65 20 5 47 57 13 7 15 4 11 27 33 11 11 20 5 4 8 11 6 17 11 19 9 9 39 11 11 38 12 14 23 13 10 14 16 42 14 8 22 19 17 41 11 7 5 7 3 5 2 3 2 2 3 1 3 4 7 10 12
8 4 3 22 2 3 1 1 4 3 2 3 3 4 5 3 12 4 2 13 2 5 15 8 2 2 1 3 6 5 3 10 7 7 40 46 53 4 19 19 6 7 3 1 16 15 25 41 13 9 13 7 9 7 5 4 1 3 40 17 10 24 8 5 25 27 19 3 11 17 9 17 47 8 8 22 5 14 25 12 5 9 3 4 4 2 1 6 6 4 2 4 4 5 5 0
15 3 2 3 35 1 1 0 2 1 1 2 2 2 8 3 5 11 4 13 10 8 7 12 4 1 3 11 5 7 4 11 6 24 32 23 18 5 37 31 1 2 1 0 9 8 27 25 18 12 24 21 10 15 5 8 1 1 5 28 18 21 10 5 13 18 2 10 14 18 4 26 18 9 4 6 4 3 3 8 2 1 4 1 3 2 1 5 6 4 3 12 9 2 8 3
9 7 3 1 14 1 1 0 1 3 1 2 2 1 1 4 4 2 6 6 4 10 10 5 7 2 13 55 47 62 51 32 3 48 56 50 27 7 51 10 4 7 4 9 10 12 18 20 10 18 16 38 10 34 14 13 19 10 11 5 13 11 13 2 16 8 10 6 10 10 5 3 10 25 2 1 3 7 2 1 5 3 2 1 1 1 2 1 1 7 3 20 19 14 1 4
