sesion_6_simulaciones/modelos_agentes/ejemplos_netlogo/scenarios/cgcm2_a2/rob_2062.asc
NCOLS 322 
NROWS 307 
XLLCORNER 451900 
YLLCORNER 4086900 
CELLSIZE 100 
NODATA_value -9999 
[rows 146 to 218 of 307, columns 0 to 95 of 322]
0 0 0 1 1 1 8 2 2 0 9 15 4 14 6 8 14 9 6 1 1 0 0 0 2 1 1 1 1 0 0 0 0 1 2 3 1 2 7 12 10 15 21 24 2 18 17 21 20 12 12 26 32 17 7 8 13 28 24 22 16 43 32 25 13 28 29 34 58 55 46 72 53 69 61 74 78 71 78 68 43 67 77 63 44 47 66 39 70 78 64 65 63 64 62 76
3 5 10 3 12 1 0 1 4 3 13 18 12 48 19 18 38 19 5 5 2 2 1 0 0 0 1 1 1 0 1 0 1 2 1 1 3 2 3 2 3 8 15 32 21 11 20 12 18 16 15 12 10 41 58 26 24 21 19 23 33 32 39 21 29 36 51 30 51 61 43 58 65 62 77 52 66 61 76 67 25 37 50 60 35 10 14 29 69 66 67 73 38 42 34 68
0 5 4 3 8 12 10 6 2 1 2 39 27 30 26 29 50 32 22 31 10 16 4 1 0 0 0 0 0 0 1 0 0 1 0 1 0 1 1 1 7 8 8 6 13 6 16 16 10 19 10 13 26 8 17 30 27 14 9 29 39 42 34 26 37 50 56 32 39 69 66 58 35 44 67 78 27 23 22 37 36 30 13 20 56 42 14 9 35 29 23 27 45 40 23 45
2 7 7 9 15 19 12 22 19 4 7 21 29 47 50 58 68 34 38 34 35 25 4 9 1 0 0 0 0 0 3 2 0 1 0 0 0 1 1 2 4 3 2 5 11 47 21 16 7 8 6 18 21 19 5 6 7 4 27 21 20 54 34 24 35 59 55 55 56 67 38 18 15 51 38 34 63 15 17 43 39 23 29 22 11 46 22 13 10 17 7 34 20 44 29 11
1 1 2 18 9 28 22 4 12 24 10 16 67 67 67 39 72 57 54 60 35 9 5 3 4 2 0 1 1 1 0 3 1 2 3 2 1 2 3 3 2 2 4 20 36 21 13 10 8 8 8 11 12 12 25 18 23 24 26 28 42 53 28 24 57 56 65 72 49 12 55 34 32 47 68 27 33 10 4 12 25 27 19 33 14 16 40 26 12 15 9 6 12 16 22 8
0 1 2 1 2 2 2 3 5 4 15 6 20 56 57 49 76 72 64 12 4 4 10 8 15 8 2 1 1 0 0 1 12 9 9 16 23 2 1 3 7 11 30 27 8 10 5 10 6 5 13 11 13 11 15 12 29 31 34 37 58 49 45 31 55 74 59 47 77 39 18 56 59 31 38 13 27 46 22 10 12 22 25 13 18 11 14 39 29 15 12 6 5 13 18 15
6 1 1 1 2 2 2 4 5 8 5 20 10 6 4 5 7 6 10 12 7 25 22 19 35 7 22 4 4 4 2 3 10 1 0 0 2 22 1 1 8 4 10 16 13 24 24 33 14 7 13 13 18 16 5 17 22 53 29 51 55 60 70 88 84 69 64 38 42 84 40 35 33 41 23 7 12 13 42 26 13 15 27 21 13 17 11 14 34 12 9 8 3 3 8 8
7 6 4 2 3 2 2 7 1 3 13 11 10 16 10 10 7 18 27 38 63 37 62 27 23 10 8 6 5 17 7 1 0 1 1 0 1 1 8 2 1 31 4 7 12 8 4 8 20 12 21 28 27 20 6 13 21 40 65 52 77 65 77 78 76 78 69 23 37 69 74 55 37 22 33 21 15 12 22 15 23 16 13 23 15 13 10 10 43 23 6 5 6 2 8 9
24 10 21 13 9 8 12 2 3 2 4 7 9 30 30 10 4 15 44 48 64 78 52 70 39 24 33 28 11 12 38 19 5 1 2 2 5 4 4 9 1 19 6 6 18 2 5 9 6 26 32 42 53 40 39 21 27 42 64 62 45 36 74 77 75 66 69 50 36 52 80 28 37 22 15 12 23 8 21 40 15 22 19 10 10 8 9 6 13 9 16 5 3 2 2 3
40 27 40 17 27 15 12 17 3 2 5 4 25 19 8 22 16 13 11 48 64 55 47 55 38 26 35 27 12 4 13 55 44 23 15 4 5 7 7 9 4 19 41 12 16 10 5 5 6 12 11 15 31 9 13 42 28 53 40 22 20 24 29 55 53 21 31 19 50 62 58 52 29 23 29 11 11 16 16 28 23 13 18 14 7 7 6 7 6 6 8 10 6 3 2 1
17 37 27 50 57 32 12 45 6 3 4 5 6 8 20 24 15 26 17 11 15 46 55 15 24 45 17 42 19 4 4 5 27 53 37 14 9 7 6 8 9 24 48 9 13 14 12 17 20 24 24 31 21 21 26 23 38 66 49 46 50 48 22 15 8 27 24 27 20 34 36 55 60 31 15 9 11 15 17 23 25 36 9 12 6 6 5 2 4 7 5 2 10 3 1 1
52 69 48 69 50 15 38 63 13 12 14 5 21 41 35 16 34 25 24 13 16 16 12 46 26 9 13 41 47 13 11 8 6 46 46 35 38 26 23 33 29 14 51 44 14 10 15 19 20 24 34 53 24 37 44 24 17 39 48 39 35 25 13 23 24 8 4 16 37 42 44 55 27 31 14 14 17 16 24 18 20 14 19 6 5 5 2 2 2 2 4 2 3 4 1 1
35 74 27 75 27 55 55 60 9 22 24 11 9 7 22 25 28 56 52 62 19 13 17 18 18 15 21 64 20 64 18 32 23 47 17 35 34 68 33 24 33 17 42 49 56 14 13 11 29 19 22 18 15 33 41 20 36 69 68 72 32 43 51 41 37 17 15 23 29 30 30 39 30 17 27 7 14 22 19 20 12 8 11 10 3 2 1 0 1 2 2 3 2 2 2 2
10 65 45 59 59 67 62 17 24 43 34 21 16 12 12 8 12 25 26 61 35 9 16 20 55 52 43 52 18 59 61 17 20 27 55 61 48 70 82 39 34 11 20 50 51 40 29 17 31 7 7 13 39 39 26 23 32 26 21 25 19 35 55 49 47 33 32 31 22 25 28 26 18 25 7 12 11 15 9 6 7 5 4 6 8 5 3 5 2 1 1 1 2 2 1 1
11 10 8 48 63 62 19 23 57 30 47 58 39 27 12 18 24 24 34 17 28 47 42 14 46 46 53 59 61 28 79 73 31 12 34 76 72 54 46 61 61 14 25 56 71 73 27 19 22 23 16 15 63 29 78 78 76 62 81 68 47 27 33 32 34 30 32 34 28 17 17 24 19 22 11 17 8 7 8 10 5 4 4 7 3 3 3 4 2 2 2 1 1 1 1 0
10 48 28 21 14 38 29 68 69 41 41 52 20 36 9 24 17 20 33 23 29 31 32 14 58 65 57 80 71 55 72 83 74 42 34 10 28 54 37 19 26 16 10 78 76 69 49 53 36 56 77 85 71 43 39 72 63 35 38 56 55 37 46 36 33 25 23 37 27 12 15 15 16 16 10 11 9 10 5 4 4 4 1 3 2 1 3 2 1 1 1 1 0 0 0 1
25 34 23 43 35 16 50 80 67 73 11 40 58 53 68 30 49 20 17 16 19 9 37 61 82 57 81 87 71 70 47 62 78 49 47 24 55 71 80 82 64 43 26 36 79 63 49 84 46 52 76 75 82 49 30 79 85 54 40 29 68 67 26 54 37 33 21 23 21 16 18 14 12 9 8 9 7 6 5 2 2 2 2 2 2 1 1 1 1 1 0 0 0 0 0 0
21 22 53 28 24 9 41 66 48 76 25 37 68 53 71 46 24 38 27 42 47 51 16 51 66 73 82 83 58 82 65 81 72 74 72 75 67 76 81 71 15 55 61 27 12 48 52 70 52 48 70 67 68 72 38 47 73 89 61 45 55 33 35 32 38 48 43 34 21 11 20 10 7 6 5 3 5 2 1 1 1 1 1 1 1 0 0 0 0 0 0 1 1 1 1 1
18 14 7 22 33 33 13 77 25 25 27 43 51 11 39 53 29 33 27 62 61 33 33 19 54 83 77 83 63 86 71 74 68 60 72 72 83 77 76 82 75 53 20 17 8 10 55 63 44 18 31 66 73 76 74 80 83 79 86 47 32 38 35 41 37 36 46 20 14 22 10 6 6 5 2 1 1 1 2 3 3 1 1 0 1 2 3 3 4 1 2 5 2 5 4 2
7 17 35 28 17 12 14 33 40 37 60 54 63 62 27 50 34 53 17 15 34 69 43 27 13 33 37 69 68 40 16 19 16 33 32 33 74 56 60 72 72 60 45 17 6 11 52 52 41 33 24 21 46 77 76 69 56 56 79 74 35 24 33 33 36 32 17 24 12 5 6 7 6 3 2 2 1 1 1 1 2 3 2 4 7 10 11 11 5 4 5 11 10 16 14 5
15 11 12 11 22 16 21 19 20 18 36 66 66 72 18 15 26 58 59 37 30 26 48 16 29 38 29 31 19 26 42 31 43 40 62 36 31 27 25 26 21 37 26 13 12 16 39 43 55 31 32 29 7 43 39 50 52 62 43 56 51 27 51 48 41 23 21 12 11 7 6 6 2 1 3 2 1 0 1 2 12 14 9 16 19 22 20 29 18 21 43 42 20 32 16 8
8 9 15 36 31 34 31 25 29 29 42 9 15 19 30 38 25 17 62 63 54 30 32 11 29 56 53 44 30 34 52 60 32 61 32 27 28 35 37 34 23 14 20 19 32 31 54 51 54 44 28 14 18 17 23 50 23 17 14 41 24 32 31 18 25 13 8 11 10 4 3 2 3 2 3 3 4 1 10 12 25 26 26 33 34 54 49 34 32 37 13 5 8 7 8 22
11 17 32 18 20 26 27 18 34 56 16 20 42 40 22 42 8 13 17 26 34 24 20 20 34 28 45 38 61 23 53 40 35 41 29 28 37 59 28 56 35 18 13 11 13 21 31 47 38 39 24 38 36 24 32 29 29 23 27 35 52 44 26 9 12 11 9 4 5 2 2 15 15 7 7 12 4 7 18 41 57 45 46 69 59 52 52 33 43 40 16 5 2 2 4 14
30 53 50 58 24 21 24 21 36 45 25 27 41 39 34 19 24 22 40 39 25 30 38 22 33 29 25 46 25 28 43 39 43 34 25 28 23 46 23 56 40 30 23 8 5 4 18 21 66 62 36 29 62 33 17 40 46 58 51 38 44 23 14 8 9 6 2 3 8 6 15 26 32 12 18 22 11 22 48 54 69 82 47 74 53 50 38 39 32 28 17 12 3 1 1 2
9 9 6 8 12 12 36 31 48 26 30 16 29 47 17 8 15 20 23 21 12 9 9 21 29 24 19 26 31 37 35 36 21 28 21 9 33 23 39 55 32 34 47 23 24 11 7 22 25 50 33 45 35 17 20 33 36 29 21 12 11 7 4 2 2 1 7 17 29 21 35 47 45 29 42 29 16 34 59 61 84 66 50 43 26 5 6 21 8 11 7 3 3 1 1 5
11 21 15 29 23 31 19 29 31 28 10 14 24 30 37 33 39 16 16 15 19 6 10 28 54 41 26 22 34 19 16 35 66 34 21 13 31 19 56 18 46 27 36 31 19 10 15 18 12 26 35 29 13 22 21 18 46 18 10 8 5 14 14 22 8 15 25 42 41 39 39 55 37 38 45 38 31 46 63 73 72 55 32 22 16 8 7 6 12 4 3 3 2 1 0 1
8 10 11 23 39 10 11 16 15 24 20 14 37 26 57 36 27 44 34 26 53 24 30 25 45 53 26 48 16 24 34 24 55 55 32 21 24 36 37 16 20 20 30 35 13 24 16 10 11 16 18 25 22 22 22 20 11 5 5 20 18 34 34 33 23 25 43 50 64 63 45 61 60 59 45 56 57 62 64 65 57 68 39 23 11 12 7 3 17 7 2 1 0 1 1 1
11 7 13 21 10 11 11 23 31 23 30 40 35 25 21 21 62 60 33 36 38 29 44 21 29 46 55 36 17 19 14 18 21 19 31 42 11 16 43 36 31 37 27 18 29 20 20 19 12 17 20 23 35 26 14 12 14 21 28 46 40 38 52 39 31 48 51 52 67 51 57 66 78 47 52 58 65 71 80 57 27 21 23 24 16 9 5 3 2 3 1 1 1 0 1 1
8 14 17 12 6 38 28 21 46 58 66 59 54 62 32 17 22 44 36 46 11 30 54 24 31 26 42 55 33 50 32 26 21 22 40 53 20 33 40 48 41 9 10 19 15 20 10 9 17 23 23 39 29 21 27 17 24 27 49 46 41 42 54 43 38 47 56 41 69 62 49 75 62 48 56 75 65 69 30 81 56 54 23 14 15 10 6 6 2 1 1 1 0 0 0 0
7 9 12 8 6 7 13 23 24 34 46 65 49 48 59 18 31 29 19 18 22 49 54 31 17 20 12 30 18 25 19 21 32 30 46 39 21 37 47 44 32 16 7 7 13 14 17 31 18 19 35 25 19 40 24 22 33 52 52 58 51 49 51 40 41 66 67 54 70 67 67 67 82 80 58 64 71 69 29 24 48 58 36 25 9 6 6 6 3 1 1 0 0 1 1 0
6 6 25 7 20 5 11 11 22 30 11 14 12 14 21 33 33 29 58 24 36 52 30 38 10 37 16 37 17 13 21 25 26 23 32 26 28 27 38 41 30 15 5 11 14 15 21 23 24 24 26 41 29 24 23 38 49 47 45 50 47 37 55 51 53 70 66 67 66 85 75 69 64 75 28 27 19 51 57 34 19 37 20 13 8 6 6 2 1 2 1 1 0 0 0 0
7 20 18 47 5 46 37 4 21 14 27 16 39 24 32 26 31 22 22 25 14 36 15 24 18 13 16 19 9 24 26 21 21 24 26 17 22 16 24 36 25 21 23 28 37 17 28 18 36 45 41 56 41 26 40 44 46 56 37 44 63 49 61 65 55 69 55 75 38 57 83 81 78 64 76 58 41 18 13 27 19 12 25 20 16 10 8 12 3 1 1 1 1 0 0 0
40 19 8 19 36 17 9 20 19 22 12 25 15 15 39 20 22 4 20 27 23 9 16 20 14 8 12 4 9 5 7 16 14 41 11 13 14 21 20 9 15 27 10 16 14 25 11 25 39 52 46 45 39 39 36 56 46 55 52 45 53 61 53 57 65 71 51 50 79 39 77 80 60 75 79 82 65 60 57 39 32 21 7 4 9 13 6 7 2 1 1 0 1 0 0 0
24 65 22 33 7 13 9 18 11 11 30 9 15 33 44 51 55 17 17 35 18 12 5 9 18 5 7 6 6 4 5 14 18 19 8 11 11 11 32 22 14 26 12 47 23 23 26 21 43 50 35 33 35 35 34 39 60 53 48 68 65 76 57 51 63 26 44 43 44 54 40 72 48 61 75 79 80 87 71 55 56 61 58 32 8 6 6 5 3 1 1 0 0 0 0 0
8 17 11 12 23 25 12 9 11 13 22 11 31 13 10 12 9 16 16 21 35 9 17 10 11 5 5 2 4 6 8 11 9 8 9 7 10 19 28 21 13 11 25 47 12 35 26 29 36 56 27 30 32 33 33 38 52 62 48 60 74 46 41 72 73 65 48 32 22 8 19 22 35 36 63 72 66 71 75 53 72 57 45 16 11 11 9 5 5 2 1 1 0 0 0 0
6 9 21 16 14 18 13 8 3 14 2 3 10 13 44 21 36 13 13 14 19 8 7 10 7 6 9 4 3 3 7 5 6 12 2 3 6 23 12 13 7 16 15 28 25 21 26 29 38 31 20 33 26 26 40 29 53 65 70 57 61 71 29 13 12 18 26 46 40 30 16 13 7 20 32 57 47 69 81 41 57 73 42 23 16 7 7 6 3 2 1 1 1 0 0 0
4 24 13 7 8 10 7 5 2 3 4 5 4 15 18 13 19 17 17 17 10 18 5 14 7 7 11 2 2 5 2 3 9 6 7 11 14 24 3 3 9 18 17 25 22 14 18 19 24 16 32 46 36 44 45 40 56 52 52 35 39 61 26 26 48 64 70 56 55 42 36 46 16 6 12 39 35 62 73 58 40 39 31 23 13 11 9 5 4 3 2 2 1 0 0 0
4 8 8 8 8 7 6 3 1 1 1 4 7 3 6 12 10 14 5 2 2 2 4 2 2 8 5 2 4 3 2 2 5 3 1 4 7 9 7 8 10 11 23 24 10 12 18 16 26 29 49 70 51 73 68 81 66 56 62 37 26 10 64 48 19 53 71 55 59 61 61 42 21 18 8 9 11 25 58 32 23 11 8 14 4 8 3 3 3 3 2 2 1 1 0 0
8 1 2 6 1 3 1 0 1 0 0 0 1 2 7 3 2 3 5 2 2 1 1 2 1 2 2 2 4 2 0 1 1 2 3 2 7 5 3 7 12 29 52 70 48 49 33 32 31 19 72 35 78 70 54 64 39 44 61 71 24 21 21 77 32 32 48 68 52 45 68 70 73 43 29 10 5 3 4 3 5 4 3 9 8 2 2 1 1 3 1 1 1 1 0 0
0 1 1 1 1 1 1 0 0 1 3 0 1 1 1 3 3 2 3 2 2 1 2 2 0 0 1 1 1 0 0 0 1 5 17 19 24 37 49 51 54 68 41 73 58 65 65 13 39 60 29 28 59 55 62 66 43 69 73 55 49 34 16 52 73 29 11 35 63 75 63 59 34 32 39 29 13 5 6 2 5 5 4 2 6 6 1 2 1 1 1 0 0 0 0 0
0 1 1 0 0 0 2 9 17 2 4 3 9 1 0 2 1 1 1 1 1 0 0 0 1 0 3 4 4 0 0 1 1 1 2 16 29 48 39 44 44 68 46 48 69 70 69 30 23 29 78 54 24 51 21 34 32 68 82 64 55 44 30 31 82 40 39 20 41 58 80 25 12 24 26 41 30 21 16 8 4 3 1 2 2 5 2 1 1 0 0 0 0 0 0 0
1 2 1 2 2 7 10 4 6 8 8 3 4 2 1 1 0 0 0 0 0 0 3 2 7 7 2 1 3 1 0 4 3 2 3 4 8 44 49 55 43 36 30 31 60 74 83 82 29 32 52 59 38 24 49 17 50 56 78 72 24 36 28 15 80 58 27 25 25 75 74 84 46 36 25 15 11 8 6 6 9 8 3 1 1 1 3 2 1 1 0 1 0 0 0 0
4 4 2 16 9 12 15 26 23 20 7 7 7 3 2 1 0 0 0 0 0 0 0 1 1 2 6 5 1 1 1 1 2 5 1 4 14 36 48 64 50 27 18 28 42 75 83 82 86 82 30 41 38 37 25 16 35 59 69 73 27 34 39 31 55 86 61 40 23 13 18 44 22 24 15 34 21 8 5 3 3 4 4 4 1 0 1 1 1 1 0 1 0 0 0 0
5 10 11 12 24 20 29 16 35 30 15 28 18 6 21 10 8 3 1 0 0 0 0 0 0 1 2 9 1 1 2 1 5 4 7 8 8 9 4 3 48 48 17 33 24 31 58 63 81 86 78 48 50 62 39 52 35 65 77 64 67 26 46 39 28 80 89 69 49 20 11 13 43 28 16 14 21 21 7 5 2 3 2 3 3 1 0 1 1 1 0 0 0 0 0 0
1 1 3 20 35 25 57 65 64 64 45 39 16 28 41 29 11 5 8 2 1 1 1 1 1 3 8 2 2 2 2 5 12 6 9 15 14 13 10 10 10 22 20 21 14 31 66 41 70 79 88 56 49 48 61 57 12 57 72 69 67 49 37 33 19 72 80 82 55 49 11 4 31 50 20 5 7 4 9 3 3 2 2 2 3 1 0 0 1 1 1 0 0 0 0 0
2 4 6 38 44 58 67 61 57 75 80 48 56 54 52 37 16 23 14 8 3 1 2 4 9 30 24 3 1 2 4 6 4 8 5 11 13 18 24 15 10 11 11 9 26 32 50 43 15 65 80 85 47 38 49 25 20 16 46 54 84 78 22 25 45 54 54 78 31 46 33 6 8 29 21 12 7 7 8 7 3 3 1 1 1 1 1 0 0 0 0 0 0 0 0 0
1 2 2 2 3 5 19 29 32 13 40 70 84 72 64 31 24 45 20 13 18 2 3 2 2 3 22 34 6 2 4 6 6 15 13 9 15 17 29 17 26 36 30 22 18 11 58 60 45 33 58 77 64 35 16 15 36 14 22 51 50 45 34 27 29 43 25 73 27 33 23 25 4 13 15 19 13 10 9 6 5 3 1 1 0 1 1 0 0 0 0 0 0 0 0 0
1 1 2 10 12 19 60 23 25 19 24 20 62 80 82 58 48 50 16 26 9 17 5 14 10 4 2 4 7 4 1 6 11 25 7 10 7 14 27 25 22 24 18 20 33 33 32 13 40 66 39 49 15 18 10 27 22 32 24 26 49 56 41 33 14 16 16 58 61 18 9 18 16 4 8 6 13 5 4 2 3 2 2 1 0 1 0 0 0 0 0 0 0 0 0 0
1 2 1 1 5 5 13 17 14 26 15 4 14 40 64 77 74 21 5 4 6 21 12 22 12 10 7 3 3 7 4 38 26 9 42 18 19 22 27 19 24 40 50 37 46 31 38 22 24 22 70 46 37 26 18 14 25 30 22 25 42 61 43 25 24 16 26 42 61 39 15 7 21 11 7 2 2 6 5 3 1 1 1 1 1 0 0 0 0 0 0 0 0 0 0 0
2 0 1 3 8 11 7 9 12 18 26 18 39 15 15 22 32 16 7 13 29 5 8 18 48 48 6 8 4 38 16 15 46 35 55 19 63 27 20 20 24 27 26 39 32 36 37 26 27 29 28 39 26 26 32 24 20 27 14 7 14 22 35 32 31 20 17 23 32 38 18 19 21 10 11 4 2 5 4 2 2 1 1 0 0 0 0 0 0 0 0 0 0 0 0 0
12 2 10 2 3 7 7 12 21 30 19 22 8 26 38 21 28 19 8 17 3 17 17 12 5 16 20 31 30 5 13 33 29 13 20 22 10 49 18 26 27 36 17 25 18 20 20 30 35 37 22 12 40 43 30 38 25 20 20 19 10 17 35 19 17 17 9 13 20 35 8 11 9 5 6 4 2 1 2 3 2 1 1 0 0 0 0 0 0 0 0 0 0 0 0 0
21 15 1 1 7 3 19 43 9 10 22 21 18 41 14 28 11 9 6 4 8 12 13 16 14 9 13 16 8 15 6 40 18 35 30 47 9 20 38 12 20 35 28 40 39 16 23 28 22 35 17 28 8 20 16 47 16 22 17 27 18 16 6 7 5 2 1 3 7 8 5 2 7 5 3 6 5 2 3 1 1 1 1 1 0 0 0 0 0 0 0 0 0 0 0 0
22 14 43 7 5 21 3 3 29 30 8 27 11 37 14 26 22 10 9 18 23 31 16 8 18 21 15 21 47 47 31 8 8 13 31 21 19 5 49 32 31 25 12 18 36 32 22 14 26 34 25 8 43 26 17 44 27 11 19 9 8 14 7 5 2 1 1 1 4 8 7 2 2 4 4 6 4 2 5 2 1 1 0 0 0 0 0 0 0 0 0 0 0 0 0 0
10 22 32 19 3 2 20 7 2 6 17 12 6 10 25 14 9 5 7 12 21 22 47 31 24 25 23 22 57 66 36 22 10 23 37 29 44 20 6 52 23 34 33 30 17 16 22 31 26 29 14 6 13 6 5 19 13 11 9 5 6 10 7 5 4 2 1 1 1 3 4 3 5 4 5 7 7 3 1 1 1 0 0 0 0 0 0 0 0 0 0 0 0 0 0 0
31 19 49 25 36 11 3 44 9 16 42 11 28 21 10 32 8 7 7 8 7 19 31 28 27 33 30 29 44 72 72 48 21 16 60 46 47 31 13 26 64 24 22 55 35 35 26 34 35 18 11 5 4 6 5 6 11 8 5 3 2 3 4 6 2 3 1 1 1 0 0 2 2 1 1 2 2 3 2 1 1 0 0 0 0 0 0 0 0 0 0 0 0 0 0 0
37 27 20 39 17 23 30 9 54 28 44 63 38 45 29 14 13 11 15 37 12 31 51 42 29 32 35 26 17 22 65 53 35 25 24 56 36 26 20 13 19 48 17 15 18 21 24 34 50 29 38 14 8 6 5 4 5 3 3 11 3 2 2 2 1 1 1 0 0 0 0 0 0 0 0 1 1 1 1 1 1 0 0 0 0 0 0 0 0 0 0 0 0 0 0 0
14 50 38 48 36 45 58 45 25 19 11 7 15 11 15 39 24 14 30 7 48 19 59 66 31 35 38 25 15 7 14 42 59 35 13 36 46 20 42 31 24 13 39 41 22 22 37 26 37 19 42 16 7 5 4 3 3 3 1 4 4 2 1 1 0 0 1 1 0 0 0 0 0 0 0 0 0 0 1 0 0 0 0 0 0 0 0 0 0 0 0 0 0 0 0 0
12 12 4 22 25 4 7 5 25 17 38 35 35 41 18 21 39 34 30 26 20 16 54 79 53 46 43 45 25 8 8 9 53 33 37 31 52 17 44 48 33 16 12 39 28 36 27 25 32 14 4 5 9 8 6 5 2 1 0 0 1 1 1 0 0 0 1 0 0 0 0 0 0 0 0 0 0 0 0 0 0 0 0 0 0 0 0 0 0 0 0 0 0 0 0 0
8 15 11 5 6 14 10 9 11 28 16 25 19 11 19 37 15 11 20 38 21 69 40 64 69 48 57 48 49 22 10 13 9 27 36 39 47 21 45 28 33 34 25 20 36 24 26 40 32 23 17 7 9 4 3 3 1 1 0 0 0 0 0 0 0 0 0 0 0 0 0 0 0 0 0 0 0 0 0 0 0 0 0 0 0 0 0 0 0 0 0 0 0 0 0 0
18 13 13 7 12 26 14 9 18 17 8 13 15 7 19 30 19 23 14 16 57 40 30 27 73 45 18 15 15 10 13 6 14 6 13 19 82 62 30 42 29 16 26 28 17 31 19 20 41 37 29 12 7 4 3 2 1 0 0 1 1 1 1 1 1 0 0 0 0 0 0 0 0 0 0 0 0 0 0 0 0 0 0 0 0 0 0 0 0 0 0 0 0 0 0 0
8 5 5 5 2 6 6 8 5 3 14 12 15 5 11 20 12 20 31 66 40 28 39 55 75 63 27 20 21 25 22 23 9 13 15 10 6 9 27 26 19 34 14 26 21 34 35 21 43 23 28 23 13 6 2 1 1 1 1 2 3 5 6 4 1 1 0 0 0 0 0 0 0 0 0 0 0 0 0 0 0 0 0 0 0 0 0 0 0 0 0 0 0 0 0 0
4 2 4 2 5 4 4 3 2 1 2 5 9 11 8 10 9 22 26 19 23 26 13 7 15 14 11 16 38 41 23 47 36 14 11 8 10 9 8 22 17 35 26 13 34 23 35 25 22 12 15 12 7 5 2 2 1 2 4 6 7 7 4 4 2 1 1 1 1 1 1 0 0 0 0 0 0 0 0 0 0 0 0 0 0 0 0 0 0 0 0 0 0 0 0 0
4 2 4 1 2 2 5 10 23 23 19 1 3 8 8 4 9 23 46 31 40 14 23 16 11 16 43 25 29 37 51 37 24 25 28 6 4 5 9 13 11 19 27 30 29 26 18 13 27 13 8 6 4 2 3 5 3 7 10 7 13 9 8 6 4 3 3 4 4 3 2 1 0 0 0 0 0 0 0 0 0 0 0 0 0 0 0 0 0 0 0 0 0 0 0 0
1 1 1 1 5 6 2 14 40 47 28 29 11 4 8 14 14 29 34 16 10 14 31 24 20 22 36 17 9 25 23 15 7 15 26 16 7 6 12 7 5 9 9 11 17 17 17 11 16 11 5 2 4 6 10 9 9 12 15 15 9 13 14 10 15 6 7 5 6 5 1 0 0 0 1 0 0 0 0 0 0 0 0 0 0 0 0 0 0 0 0 0 0 0 0 0
1 2 4 5 6 6 15 11 3 14 36 33 29 39 46 39 67 33 27 36 9 7 29 17 21 31 18 16 10 13 23 25 25 19 27 14 10 22 24 8 5 22 11 16 11 6 17 8 7 5 4 6 11 20 19 21 15 13 14 15 12 21 22 27 24 14 9 7 7 4 2 2 4 2 1 1 0 0 0 0 0 0 0 0 0 0 0 0 0 0 0 0 0 0 0 0
2 0 0 2 15 15 27 60 53 28 33 62 50 36 63 46 78 76 72 50 21 41 6 8 8 7 28 31 33 44 15 54 54 26 10 14 5 17 17 10 26 13 12 10 14 8 10 8 6 6 12 13 28 43 40 26 35 19 22 22 15 29 31 31 22 17 13 10 10 8 6 1 1 0 0 0 1 0 0 0 0 0 0 0 0 0 0 0 0 0 0 0 0 0 0 0
4 5 15 2 2 17 38 57 64 27 22 69 31 30 63 40 40 19 36 53 15 25 17 14 10 17 23 32 33 53 26 17 16 39 22 21 8 30 15 14 20 27 23 21 23 34 30 22 7 26 37 34 39 55 57 52 24 15 49 30 24 33 31 23 32 31 6 20 20 8 5 3 1 1 0 1 2 1 0 0 0 0 0 0 0 0 0 0 0 0 0 0 0 0 0 0
19 5 9 28 13 6 7 16 19 59 16 61 36 39 56 25 10 17 31 18 13 7 20 11 17 30 30 16 11 35 24 17 9 7 10 9 24 28 14 10 43 44 25 52 44 24 22 13 12 32 52 49 49 77 45 40 34 18 61 29 26 33 46 47 35 25 19 23 9 4 5 2 2 3 1 1 2 1 1 0 0 0 0 0 0 0 0 0 0 0 0 0 0 0 0 0
41 40 9 34 35 55 51 28 10 12 40 74 61 18 65 23 26 19 32 20 10 8 30 13 27 23 27 24 21 17 11 14 16 23 27 18 34 7 14 24 41 43 54 57 36 19 11 19 35 28 45 64 76 45 33 43 42 26 68 35 61 27 50 28 28 54 33 15 21 8 4 4 11 9 2 0 1 1 1 0 0 0 0 0 0 0 0 0 0 0 0 0 0 0 0 0
35 49 52 41 47 77 58 81 56 8 31 64 8 20 49 42 28 11 46 7 8 8 16 10 41 28 15 13 14 4 3 14 26 17 38 13 43 11 32 28 58 59 68 34 31 22 22 40 49 45 42 66 65 43 51 64 54 38 74 70 43 52 46 54 68 45 34 26 14 6 6 27 10 1 2 2 1 1 1 0 0 0 0 0 0 0 0 0 0 0 0 0 0 0 0 1
46 68 66 73 72 71 78 81 66 35 28 29 36 11 49 34 25 16 10 7 7 10 25 12 20 18 16 35 26 26 28 30 19 10 13 26 58 27 32 41 68 68 52 35 20 34 36 63 70 50 44 64 52 38 52 74 39 63 66 62 69 34 46 78 75 47 38 19 22 24 13 11 5 4 3 1 1 1 1 0 0 0 0 0 0 0 0 0 0 0 0 0 0 0 0 3
7 64 78 61 77 27 57 71 71 69 59 64 44 10 51 71 42 14 19 13 6 15 23 14 11 16 28 8 12 14 5 12 10 27 56 35 54 25 25 42 67 47 28 14 30 53 47 51 75 56 60 63 32 55 71 65 33 61 47 74 63 68 74 65 52 32 40 18 8 3 3 2 1 1 0 0 0 0 0 0 0 0 0 0 0 0 0 0 0 0 0 0 0 0 1 2
18 19 43 16 8 9 15 13 19 8 12 27 58 16 9 47 62 44 32 25 13 11 7 10 27 8 16 17 43 39 8 20 24 28 66 65 73 38 27 51 47 24 16 35 57 56 49 51 74 52 64 75 64 61 78 62 64 38 62 69 47 69 58 24 11 12 7 12 20 15 13 8 9 3 1 0 0 0 0 0 0 0 0 0 0 0 0 0 0 0 0 0 0 1 2 3
