sesion_6_simulaciones/modelos_agentes/ejemplos_netlogo/scenarios/cgcm2_a2/rob_2057.asc
NCOLS 322 
NROWS 307 
XLLCORNER 451900 
YLLCORNER 4086900 
CELLSIZE 100 
NODATA_value -9999 
[rows 148 to 221 of 307, columns 192 to 287 of 322]
1 3 2 7 13 17 24 27 44 16 29 12 2 1 0 0 0 0 0 0 0 0 0 0 0 0 0 0 0 0 0 0 0 0 0 0 0 0 0 0 0 0 0 0 0 1 1 1 1 2 1 1 1 1 1 1 0 1 2 3 20 23 14 37 36 43 50 29 24 67 34 49 29 9 12 54 18 30 30 18 10 6 2 0 0 0 0 0 0 0 0 0 0 0 0 0
0 0 2 7 5 8 12 26 28 30 13 3 2 1 0 0 0 0 0 0 0 0 0 0 0 0 0 0 0 0 0 0 0 0 0 0 0 0 0 0 0 0 0 0 0 0 0 1 1 1 1 1 0 1 0 0 0 1 2 6 4 9 36 39 16 36 58 60 42 58 71 67 57 19 19 50 24 29 13 7 6 2 1 1 0 0 0 0 0 0 0 0 0 0 0 0
0 0 1 2 3 4 10 12 15 26 6 3 2 0 0 0 0 0 0 0 0 0 0 0 0 0 0 0 0 0 0 0 0 0 0 0 0 0 0 0 0 0 1 0 1 1 0 0 0 1 0 0 0 0 0 0 0 1 1 3 2 5 20 19 15 29 19 25 56 73 68 60 47 31 25 45 31 7 3 3 1 1 0 0 0 0 0 0 0 0 0 0 0 0 0 0
0 0 0 0 0 2 2 2 7 15 4 4 3 0 0 0 0 0 0 0 0 0 0 0 0 0 0 0 0 0 0 0 0 0 0 0 0 0 0 0 0 0 0 0 0 0 0 0 0 0 0 0 0 0 0 0 1 1 1 1 2 8 7 13 22 18 10 24 27 19 37 60 51 38 67 38 22 7 5 3 0 0 0 0 0 0 0 0 0 0 0 0 0 0 0 0
1 0 0 0 0 0 0 1 7 6 16 5 3 1 0 0 0 0 0 0 0 0 0 0 0 0 0 0 0 0 0 0 0 0 0 0 0 0 0 0 0 0 0 0 0 0 0 0 0 0 0 0 0 0 0 0 0 0 1 2 4 3 2 2 10 5 10 15 12 18 20 43 50 54 45 39 19 13 9 2 2 1 2 1 0 0 0 0 0 0 0 0 0 0 0 0
0 0 0 0 0 0 0 1 2 1 8 6 3 0 0 0 0 0 0 0 0 0 0 0 0 0 0 0 0 0 0 0 0 0 0 0 0 0 0 0 0 0 0 0 0 0 0 0 0 0 0 0 0 0 0 0 0 0 0 1 4 2 2 1 2 4 6 5 16 18 25 25 34 49 30 19 19 22 19 14 8 3 1 2 1 0 0 0 0 0 0 0 0 0 0 0
0 0 0 0 0 0 0 0 0 0 2 2 1 0 0 0 0 0 0 0 0 0 0 0 0 0 0 0 0 0 0 0 0 0 0 0 0 0 0 0 0 0 0 0 0 0 0 0 0 0 0 0 0 0 0 0 0 0 0 0 0 1 1 1 1 3 7 4 3 6 13 17 29 44 32 23 7 5 7 6 6 2 1 1 0 0 0 0 0 0 0 0 0 0 0 0
0 0 0 0 0 0 0 0 0 0 1 1 0 0 0 0 0 0 0 0 0 0 0 0 0 0 0 0 0 0 0 0 0 0 0 0 0 0 0 0 0 0 0 0 0 0 0 0 0 0 0 0 0 0 0 0 0 0 1 0 0 0 0 1 1 1 1 2 6 10 13 28 35 50 20 18 17 4 2 1 0 0 0 0 0 0 0 0 0 0 0 0 0 0 0 0
0 0 0 0 0 0 0 0 0 0 0 0 0 0 0 0 0 0 0 0 0 0 0 0 0 0 0 0 0 0 0 0 0 0 0 0 0 0 0 0 0 0 0 0 0 0 0 0 0 0 0 0 0 0 0 0 0 0 0 0 0 0 1 3 3 2 4 13 22 22 33 26 58 58 50 53 27 10 6 4 3 1 0 0 0 0 0 0 0 0 0 0 0 0 0 0
0 0 0 0 0 0 0 0 0 0 0 0 0 0 0 0 0 0 0 0 0 0 0 0 0 0 0 0 0 0 0 0 0 0 0 0 0 0 0 0 0 0 0 0 0 0 0 0 0 0 0 0 0 0 0 0 0 0 0 0 0 0 1 3 4 6 4 12 21 34 19 15 23 29 65 26 9 7 15 14 4 2 1 0 0 1 0 0 0 0 0 0 0 0 0 0
0 0 0 0 0 0 0 0 0 0 0 0 0 0 0 0 0 0 0 0 0 0 0 0 0 0 0 0 0 0 0 0 0 0 0 0 0 0 0 0 0 0 0 0 0 0 0 0 0 0 0 0 0 0 0 0 0 0 0 0 0 1 1 1 3 6 8 10 12 18 57 30 30 39 53 33 44 27 18 13 6 3 1 0 0 0 0 0 0 0 0 0 0 0 0 0
0 0 0 0 0 0 0 0 0 0 0 0 0 0 0 0 0 0 0 0 0 0 0 0 0 0 0 0 0 0 0 0 0 0 0 0 0 0 0 0 0 0 0 0 0 0 0 0 0 0 0 0 0 0 0 0 0 0 0 0 1 1 1 3 5 9 5 16 17 26 28 17 46 52 71 61 22 7 3 2 1 1 0 0 0 0 0 0 0 0 0 0 0 0 0 0
0 0 0 0 0 0 0 0 0 0 0 0 0 0 0 0 0 0 0 0 0 0 0 0 0 0 0 0 0 0 0 0 0 0 0 0 0 0 0 0 0 0 0 0 0 0 0 0 0 0 0 0 0 0 0 0 0 0 0 1 2 1 2 6 6 5 7 6 6 15 25 20 22 22 57 51 37 25 4 2 1 0 0 0 0 0 0 0 0 0 0 0 0 0 0 0
0 0 0 0 0 0 0 0 0 0 0 0 0 0 0 0 0 0 0 0 0 0 0 0 0 0 0 0 0 0 0 0 0 0 0 0 0 0 0 0 0 0 0 0 0 0 0 0 0 0 0 0 0 0 0 0 0 0 0 1 3 3 3 2 6 6 9 35 34 17 40 44 32 41 61 66 29 16 9 4 3 1 1 0 0 0 0 0 0 0 0 0 0 0 0 0
0 0 0 0 0 0 0 0 0 0 0 0 0 0 0 0 0 0 0 0 0 0 0 0 0 0 0 0 0 0 0 0 0 0 0 0 0 0 0 0 0 0 0 0 0 0 0 0 0 0 0 0 0 0 0 0 0 0 1 1 2 3 4 3 3 5 8 15 20 24 38 50 29 45 71 71 30 17 9 4 2 1 1 0 1 1 0 0 1 1 0 0 0 0 0 0
0 0 0 0 0 0 0 0 0 0 0 0 0 0 0 0 0 0 0 0 0 0 0 0 0 0 0 0 0 0 0 0 0 0 0 0 0 0 0 0 0 0 0 0 0 0 0 0 0 0 0 0 0 0 0 0 1 0 0 1 3 4 6 8 7 2 2 5 8 25 27 28 27 28 57 71 36 37 17 4 1 1 1 1 1 1 1 1 1 1 0 0 0 0 0 0
0 0 0 0 0 0 0 0 0 0 0 0 0 0 0 0 0 0 0 0 0 0 0 0 0 0 0 0 0 0 0 0 0 0 0 0 0 0 0 0 0 0 0 0 0 0 0 0 0 0 0 0 0 0 1 1 1 1 1 2 2 3 3 5 9 15 9 6 7 13 22 27 24 29 44 70 38 27 12 3 2 1 3 1 3 2 2 2 1 0 0 0 0 0 0 0
0 0 0 0 0 0 0 0 0 0 0 0 0 0 0 0 0 0 0 0 0 0 0 0 0 0 0 0 0 0 0 0 0 0 0 0 0 0 0 0 0 0 0 0 0 0 0 0 0 0 0 0 0 0 0 0 2 7 2 2 3 3 4 6 8 17 21 15 11 24 25 22 43 60 59 69 54 34 17 5 3 3 5 2 5 2 0 0 0 0 0 0 0 0 0 0
0 0 0 0 0 0 0 0 0 0 0 0 0 0 0 0 0 0 0 0 0 0 0 0 0 0 0 0 0 0 0 0 0 0 0 0 0 0 0 0 0 0 0 0 0 0 0 0 0 0 0 0 0 0 0 1 1 1 2 6 11 7 5 6 8 22 36 24 19 23 26 29 47 46 64 67 41 33 21 12 6 6 6 10 6 2 1 0 0 0 0 0 0 0 0 0
0 0 0 0 0 0 0 0 0 0 0 0 0 0 0 0 0 0 0 0 0 0 0 0 0 0 0 0 0 0 0 0 0 0 0 0 0 0 0 0 0 0 0 1 0 0 0 1 0 1 1 1 0 0 0 1 1 2 1 2 3 4 7 26 12 12 14 23 16 32 20 17 14 28 51 74 45 39 22 16 17 28 9 11 13 4 1 0 0 0 0 0 0 0 0 0
0 0 0 0 0 0 0 0 0 0 0 0 0 0 0 0 0 0 0 0 0 0 0 0 0 0 0 0 0 0 0 0 0 0 0 0 0 0 0 0 0 0 0 0 0 0 1 0 0 2 3 2 1 1 0 1 0 0 1 2 5 3 8 5 23 15 7 7 11 9 39 57 45 49 45 60 24 23 23 33 46 19 26 9 3 2 1 0 0 0 0 0 0 0 0 0
0 0 0 0 0 0 0 0 0 0 0 0 0 0 0 0 0 0 0 0 0 0 0 0 0 0 0 0 0 0 0 0 0 0 0 0 0 0 0 0 0 0 0 0 0 0 1 1 0 0 1 2 2 1 1 0 1 1 1 2 2 6 10 18 20 47 19 13 20 19 33 48 41 67 46 73 26 53 62 54 45 44 24 13 6 2 1 0 0 0 0 0 0 0 0 0
0 0 0 0 0 0 0 0 0 0 0 0 0 0 0 0 0 0 0 0 0 0 0 0 0 0 0 0 0 0 0 0 0 0 0 0 0 0 0 0 0 0 0 0 1 1 0 1 2 1 1 1 4 2 2 1 1 1 4 2 3 4 8 8 14 20 42 32 15 20 35 68 41 45 73 68 71 65 56 66 60 42 13 3 2 1 1 0 0 0 0 0 0 0 0 0
0 0 0 0 0 0 0 0 0 0 0 0 0 0 0 0 0 0 0 0 0 0 0 0 0 0 0 0 0 0 0 0 0 0 0 0 0 0 0 0 0 0 1 1 0 1 1 0 1 2 2 3 4 3 3 1 2 3 3 3 4 4 5 6 8 13 23 49 30 24 27 63 33 31 44 66 70 80 73 68 27 14 7 3 2 0 0 0 0 0 0 0 0 0 0 0
0 0 0 0 0 0 0 0 0 0 0 0 0 0 0 0 0 0 0 0 0 0 0 0 0 0 0 0 0 0 0 0 0 0 0 0 0 0 0 0 0 1 0 0 2 2 1 2 1 8 9 3 2 22 6 5 5 4 4 6 5 6 6 7 8 20 34 37 51 67 48 23 55 37 69 71 46 65 66 66 32 12 7 3 1 1 1 1 0 0 0 0 0 0 0 0
0 0 0 0 0 0 0 0 0 0 0 0 0 0 0 0 0 0 0 0 0 0 0 0 0 0 0 0 0 0 0 0 0 0 0 0 0 0 0 0 0 1 1 1 2 2 6 3 6 9 12 11 8 19 9 7 7 6 6 10 6 4 6 11 13 18 23 43 41 20 57 55 50 58 57 48 39 40 26 44 51 21 13 9 6 3 1 1 1 0 0 0 0 0 0 0
0 0 0 0 0 0 0 0 0 0 0 0 0 0 0 0 0 0 0 0 0 0 0 0 0 0 0 0 0 0 0 0 0 0 0 0 0 0 0 0 0 1 1 1 2 3 7 8 12 8 23 27 30 35 26 21 20 12 6 20 15 9 5 9 15 30 32 49 64 72 55 58 52 74 51 62 46 39 29 11 7 20 12 8 4 2 1 1 1 0 0 0 0 0 0 0
0 0 0 0 0 0 0 0 0 0 0 0 0 0 0 0 0 0 0 0 0 0 0 0 0 0 0 0 0 0 0 0 0 0 0 0 0 0 0 0 1 1 1 2 4 4 5 3 9 21 27 33 44 42 50 36 35 34 20 30 15 12 7 8 15 9 27 38 55 63 60 49 35 60 61 56 45 40 33 28 19 11 11 5 3 2 4 1 0 0 0 0 0 0 0 0
0 0 0 0 0 0 0 0 0 0 0 0 0 0 0 0 0 0 0 0 0 0 0 0 0 0 0 0 0 0 0 0 0 0 0 0 0 0 0 0 0 1 2 1 6 14 6 9 14 20 33 41 52 49 40 61 47 46 46 45 25 29 10 17 22 37 24 35 39 50 44 55 73 50 66 46 54 53 52 41 23 18 9 3 3 2 1 1 0 0 0 0 0 0 0 0
0 0 0 0 0 0 0 0 0 0 0 0 0 0 0 0 0 0 0 0 0 0 0 0 0 0 0 0 0 0 0 0 0 0 0 0 0 0 0 0 0 0 0 1 5 6 15 19 18 21 37 47 55 56 67 77 60 60 60 58 52 35 18 33 36 37 23 23 27 36 41 52 63 64 47 52 67 66 45 40 37 17 8 4 2 2 1 1 0 0 0 0 0 0 0 1
0 0 0 0 0 0 0 0 0 0 0 0 0 0 0 0 0 0 0 0 0 0 0 0 0 0 0 0 0 0 0 0 0 0 0 0 0 1 0 1 4 0 0 1 1 2 5 36 39 42 23 47 55 69 78 47 48 74 70 66 66 60 42 41 64 55 34 22 29 28 35 38 40 73 73 59 58 69 56 38 27 21 13 4 1 1 1 0 0 0 0 0 0 0 0 1
0 0 0 0 0 0 0 0 0 0 0 0 0 0 0 0 0 0 0 0 0 0 0 0 0 0 0 0 0 0 0 0 0 1 0 0 0 0 0 0 1 4 2 1 2 7 7 23 26 47 56 43 57 65 65 71 66 42 79 80 71 65 48 47 63 54 39 24 32 39 37 47 50 61 71 54 62 64 49 34 30 30 12 5 3 1 1 0 0 0 0 0 0 0 0 1
0 0 0 0 0 0 0 0 0 0 0 0 0 0 0 0 0 0 0 0 0 0 0 0 0 0 0 0 0 0 0 0 0 1 0 0 0 0 0 0 0 1 4 9 13 9 12 6 7 11 15 29 58 61 56 71 57 64 59 80 73 68 55 52 73 39 26 24 22 37 44 59 71 74 54 48 47 51 36 23 20 15 9 5 1 1 0 0 0 0 0 0 0 0 0 1
0 1 0 0 0 0 0 0 0 0 0 0 0 0 0 0 0 0 0 0 0 0 0 0 0 0 0 0 0 0 0 0 0 0 0 0 0 0 0 0 0 1 1 5 6 5 2 2 10 10 14 25 53 47 54 72 77 74 78 72 70 75 70 67 46 25 42 41 19 29 32 45 64 40 34 29 29 30 17 16 18 12 4 3 1 1 1 1 0 0 0 0 0 0 0 0
0 0 0 0 0 0 0 0 0 0 0 0 0 0 0 0 0 0 0 0 0 0 0 0 0 0 0 0 0 0 0 0 0 0 0 0 0 0 0 0 0 1 1 1 2 2 2 7 15 11 11 36 19 43 69 43 77 62 48 49 82 78 74 48 19 28 43 50 36 46 47 36 62 30 40 31 31 30 34 24 17 9 7 5 3 1 1 1 1 0 0 0 0 0 0 0
2 0 0 0 0 0 0 0 0 0 0 0 0 0 0 0 0 0 0 0 0 0 0 0 0 0 0 0 0 0 0 0 0 0 0 0 0 0 0 0 0 0 0 1 1 1 4 8 12 11 16 18 23 38 29 41 43 40 34 36 26 54 63 49 52 29 68 70 59 49 60 69 73 70 60 58 54 50 49 30 21 21 13 12 5 1 1 1 0 0 0 0 0 0 0 0
1 0 0 0 0 0 0 0 0 0 0 0 0 0 0 0 0 0 0 0 0 0 0 0 0 0 0 0 0 0 0 0 0 0 0 0 0 0 0 0 0 0 0 0 1 1 2 4 7 14 14 12 24 23 24 37 37 54 57 45 38 50 64 56 74 46 62 75 71 41 52 78 51 69 74 68 65 53 50 47 36 23 7 5 3 1 1 1 0 0 0 0 0 0 0 0
1 1 1 0 0 0 0 0 0 0 0 0 0 0 0 0 0 0 0 0 0 0 0 0 0 0 0 0 0 0 0 0 0 0 0 0 0 0 0 0 0 0 0 0 0 0 2 5 15 19 18 23 20 40 21 39 41 23 36 48 45 47 71 91 93 76 70 69 60 44 47 27 22 39 33 32 29 35 43 38 22 13 8 6 5 2 1 1 0 0 0 0 0 0 0 0
3 3 1 1 0 0 0 0 0 0 0 0 0 0 0 0 0 0 0 0 0 0 0 0 0 0 0 0 0 0 0 0 0 0 0 0 0 0 0 0 0 0 0 0 0 1 1 1 8 6 10 11 8 14 30 31 13 16 31 48 55 53 51 62 42 77 59 67 28 22 55 64 57 52 48 50 40 21 11 17 19 8 8 13 5 2 1 0 0 0 0 0 0 0 0 0
2 2 1 0 0 0 0 0 0 0 0 0 0 0 0 0 0 0 0 0 0 0 0 0 0 0 0 0 0 0 0 0 0 0 0 0 0 0 0 0 0 0 0 0 1 1 1 1 3 3 4 1 2 2 3 4 8 25 27 33 51 56 44 44 33 45 41 18 47 43 25 44 73 68 37 35 51 51 57 43 31 14 3 5 6 2 1 1 0 0 0 0 0 0 0 0
3 2 1 0 0 0 0 0 0 0 0 0 0 0 0 0 0 0 0 0 0 0 0 0 0 0 0 0 0 0 0 0 0 0 0 0 0 0 0 0 0 0 0 1 1 2 1 1 1 1 1 1 2 3 4 5 10 9 27 22 32 25 31 21 18 16 35 29 42 47 41 28 28 51 28 29 55 69 54 41 21 9 6 7 4 1 1 1 1 0 0 0 0 0 0 0
3 1 1 1 0 1 0 0 0 0 0 0 0 0 0 0 0 0 0 0 0 0 0 0 0 0 0 0 0 0 0 0 0 0 0 0 0 0 0 0 0 0 0 0 1 1 0 0 1 1 2 4 6 8 12 18 13 23 10 10 19 45 46 34 50 47 47 33 52 40 55 57 27 44 42 51 61 49 34 19 12 8 4 3 2 1 0 0 0 0 0 0 0 0 0 1
2 1 1 1 1 1 0 0 0 0 0 0 0 0 0 0 0 0 0 0 0 0 0 0 0 0 0 0 0 0 0 0 0 0 0 0 0 0 0 0 0 0 0 0 0 1 1 1 1 1 1 6 16 18 20 28 32 25 37 17 29 43 69 64 50 63 58 54 43 49 63 71 34 45 36 43 71 56 42 33 17 11 4 2 3 1 1 1 1 0 0 0 0 0 1 1
2 1 2 2 1 1 0 0 0 0 0 0 0 0 0 0 0 0 0 0 0 0 0 0 0 0 0 0 0 0 0 0 0 0 0 0 0 0 0 0 0 0 0 0 0 1 2 3 5 3 7 12 14 20 26 30 38 39 48 49 38 50 50 62 66 69 62 59 37 25 31 31 25 29 45 58 45 33 25 12 15 11 4 1 0 0 1 1 0 0 0 0 0 0 0 1
1 2 4 4 1 1 0 0 1 0 0 0 0 0 0 0 0 0 0 0 0 0 0 0 0 0 0 0 0 0 0 0 0 0 0 0 0 0 0 0 0 0 0 0 0 1 1 3 7 13 26 26 16 18 37 53 36 45 65 63 54 39 46 60 50 37 46 40 25 46 51 32 22 29 37 31 32 19 17 12 11 2 1 1 2 1 1 0 0 0 0 0 0 0 0 0
2 4 4 5 3 1 1 1 1 1 0 0 0 0 0 0 0 0 0 0 0 0 0 0 0 0 0 0 0 0 0 0 0 0 0 0 0 0 0 0 0 1 1 0 0 1 0 1 2 3 13 29 44 39 33 58 44 55 74 71 73 38 30 30 30 33 37 49 22 52 44 45 31 27 15 13 12 6 7 7 5 5 7 3 5 1 1 1 0 0 0 0 0 1 0 1
6 6 6 7 4 2 2 2 2 1 0 0 0 0 0 0 0 0 0 0 0 0 0 0 0 0 0 0 0 0 0 0 0 0 0 0 0 0 0 1 1 2 1 1 1 1 1 2 3 4 6 12 23 57 56 50 71 67 51 64 75 74 60 39 25 14 27 46 28 51 57 46 29 19 22 32 25 34 32 21 18 22 12 4 3 1 1 0 0 0 0 0 1 1 1 1
18 9 5 3 6 4 3 2 1 1 0 0 0 0 0 0 0 0 0 0 0 0 0 0 0 0 0 0 0 0 0 0 0 0 0 0 0 0 0 1 2 2 5 3 2 2 3 5 8 9 15 23 34 36 43 49 63 70 69 69 47 61 50 74 68 32 25 34 54 66 61 60 57 52 23 34 50 62 51 40 32 14 3 1 2 1 0 0 0 0 0 0 0 1 1 2
25 14 6 2 3 3 1 1 0 0 0 0 0 0 0 0 0 0 0 0 0 0 0 0 0 0 0 0 0 0 0 0 0 0 0 0 0 1 0 1 1 3 5 7 4 3 8 7 11 20 17 30 40 40 45 51 37 42 65 60 63 61 34 47 41 40 19 51 60 50 51 43 40 48 43 65 45 37 51 40 25 8 7 4 1 1 0 0 0 0 0 0 0 1 2 6
17 12 4 1 1 1 1 0 0 0 0 0 0 0 0 0 0 0 0 0 0 0 0 0 0 0 0 0 0 0 0 0 0 0 0 0 0 1 2 1 2 4 5 8 9 5 10 17 24 25 22 51 50 47 48 50 54 18 21 27 17 25 45 49 24 49 53 72 32 23 26 27 37 54 70 70 61 28 37 20 14 10 5 3 1 1 0 0 0 0 0 0 0 1 1 3
14 6 2 1 1 0 1 1 1 0 1 0 0 0 0 0 0 0 0 0 0 0 0 0 0 0 0 0 0 0 0 0 0 1 1 1 1 1 1 3 5 5 11 13 14 6 9 20 25 33 41 50 47 52 53 36 32 37 44 44 40 47 44 39 41 9 33 16 17 19 43 67 69 69 58 63 65 57 42 23 21 9 6 3 2 1 0 0 0 0 1 0 0 1 1 2
23 11 8 5 4 2 3 2 2 1 1 0 0 0 0 0 0 0 0 0 0 0 0 0 0 0 0 0 0 0 0 0 0 1 1 2 2 2 1 2 2 2 2 2 5 11 23 25 28 27 35 47 48 52 50 63 51 21 66 68 48 43 40 36 45 20 34 40 51 46 62 64 69 79 69 50 63 46 43 21 17 17 7 3 1 0 0 0 0 0 1 1 1 1 2 3
30 19 25 14 5 1 0 1 1 1 1 0 0 0 0 0 0 0 0 0 0 0 0 0 0 0 0 0 0 0 0 1 0 0 2 2 3 3 4 2 2 3 4 2 3 4 18 37 39 42 29 31 48 52 54 55 53 71 53 43 50 64 67 66 36 17 38 51 57 58 64 42 55 56 52 54 56 62 52 43 32 15 7 2 1 0 0 0 0 0 1 0 1 3 4 7
44 35 12 3 1 0 3 3 1 0 0 1 1 0 0 0 0 0 0 0 0 0 0 0 0 0 0 0 0 1 1 1 1 1 1 3 5 6 8 3 9 5 9 7 4 6 6 14 44 65 41 28 47 61 53 52 57 47 65 65 48 51 68 64 26 32 21 15 53 73 74 70 65 65 49 61 61 54 32 30 17 10 11 3 1 0 0 0 0 1 1 1 1 2 4 9
38 15 9 2 2 3 4 2 1 1 1 1 1 0 0 0 0 0 0 0 0 0 0 0 0 0 0 0 1 1 1 2 1 0 0 2 2 4 6 8 15 19 11 19 19 6 8 35 47 58 46 31 39 39 65 51 44 53 36 40 43 63 62 51 40 34 42 46 42 30 59 71 67 78 68 50 71 49 28 21 22 10 2 6 1 0 0 0 0 1 1 1 2 2 2 3
14 19 18 5 4 8 4 3 3 2 1 0 0 0 0 0 0 0 0 0 0 0 0 0 0 0 0 1 1 1 3 3 1 1 1 1 2 3 2 11 16 24 25 14 31 15 15 45 49 30 64 33 43 40 43 75 62 54 78 66 39 42 50 56 36 38 34 29 40 62 64 70 71 55 73 54 37 29 39 13 14 9 2 1 1 0 0 0 0 1 1 1 3 7 8 5
21 20 22 21 15 12 8 5 2 1 0 0 0 0 0 0 0 0 0 0 0 0 0 0 0 0 0 0 1 1 1 1 2 4 3 2 2 3 4 6 8 20 25 42 30 28 23 47 41 36 60 60 24 41 45 25 24 26 52 53 60 27 35 40 33 52 45 55 41 60 70 62 47 60 42 60 42 38 29 18 14 2 1 0 0 0 0 0 1 1 1 1 4 8 7 8
49 41 37 20 16 8 4 3 1 1 0 0 1 0 0 0 0 0 0 0 0 0 0 0 0 0 0 0 1 1 3 3 4 7 6 6 3 4 8 5 11 9 16 51 52 45 34 54 25 29 46 32 31 34 39 50 29 26 28 29 29 55 59 49 42 26 48 54 33 26 16 22 30 22 36 33 39 37 22 15 8 2 1 0 0 0 0 0 0 1 1 1 2 5 7 9
51 37 25 26 14 3 1 2 2 1 1 1 1 0 0 0 0 0 0 0 0 0 0 0 0 0 1 1 1 1 3 6 8 10 10 18 4 2 7 13 14 17 24 38 59 44 33 52 60 59 40 57 82 42 48 52 41 28 28 38 16 19 33 38 58 19 27 37 60 57 39 30 25 6 5 9 14 14 17 9 4 2 1 0 0 0 0 0 0 0 1 1 3 2 4 4
44 25 17 15 7 5 3 2 2 2 1 1 0 0 0 0 0 0 0 0 0 0 0 0 0 0 1 1 2 3 3 7 19 14 9 24 10 8 9 10 20 21 35 39 55 41 29 43 64 75 54 55 73 66 41 52 52 50 32 38 47 39 31 29 57 16 41 67 59 61 60 57 38 29 19 11 4 6 7 9 4 1 0 0 0 0 0 1 1 1 1 1 2 3 7 12
24 20 25 12 10 7 5 7 1 0 0 0 1 1 0 0 0 0 0 0 0 0 0 0 0 0 1 2 4 4 12 16 23 28 28 14 23 16 13 18 34 36 41 48 31 50 68 49 39 22 51 48 28 62 61 45 56 49 33 19 26 50 34 28 35 54 55 52 60 62 65 53 33 49 39 36 21 12 4 3 2 1 0 0 0 0 0 0 0 1 1 1 2 2 4 6
44 24 32 18 13 28 12 3 2 1 1 1 1 0 0 0 0 0 0 0 0 0 0 0 0 0 1 2 3 6 12 26 48 48 39 38 29 46 36 24 44 59 45 28 39 60 71 66 42 46 45 60 57 40 47 49 50 43 43 30 17 35 39 15 14 26 38 51 56 61 71 80 60 42 46 43 48 20 7 2 1 0 0 0 0 0 0 0 0 1 1 2 2 4 5 7
43 35 17 12 11 4 7 6 5 4 2 1 0 0 0 0 0 0 0 0 0 0 0 0 0 1 1 2 3 4 5 21 38 67 59 31 42 59 59 31 38 71 50 45 32 56 70 68 79 61 50 47 62 75 59 29 53 62 57 29 21 16 15 13 36 24 64 72 83 56 38 64 69 33 10 15 23 19 6 1 1 0 0 0 0 0 0 0 1 1 1 2 3 4 5 6
23 29 23 11 5 2 1 5 2 1 1 0 0 0 0 0 0 0 0 0 0 0 0 1 1 1 2 2 2 2 4 10 22 49 74 30 25 72 71 40 40 64 70 46 44 57 58 69 73 68 24 24 50 59 38 36 48 46 47 61 24 20 21 24 26 46 23 19 40 85 54 30 35 37 9 5 7 16 5 1 0 0 0 0 0 0 0 0 0 1 2 1 3 3 8 10
26 21 13 9 10 9 3 3 2 1 0 0 0 0 0 0 0 0 0 0 0 0 0 0 1 2 2 3 5 7 5 8 12 23 48 72 41 42 78 73 47 48 71 57 45 55 57 68 78 74 54 25 69 56 49 39 30 13 15 28 19 11 8 34 32 28 30 52 52 62 62 32 23 7 4 1 0 3 4 1 0 0 0 0 0 0 0 0 1 1 1 1 2 3 3 5
13 9 6 8 5 6 2 3 1 1 0 0 0 0 0 0 0 0 0 0 0 0 0 0 1 1 1 2 2 2 13 9 15 12 32 56 81 46 31 72 67 52 76 60 39 51 55 68 57 63 70 37 35 41 33 54 23 22 17 14 13 23 24 44 27 40 49 43 39 65 58 32 20 21 9 3 1 0 1 1 0 0 0 0 0 0 0 0 0 1 1 3 4 6 7 6
17 14 20 25 8 7 2 2 1 1 0 0 0 0 0 0 0 0 0 0 0 0 0 0 0 1 1 3 5 4 16 36 59 53 61 75 71 67 56 41 43 67 68 53 38 41 59 66 65 45 70 38 39 40 38 50 39 18 21 38 23 20 24 40 78 59 65 59 47 47 24 31 34 29 14 5 2 0 0 0 0 0 0 0 0 0 0 0 1 1 1 2 3 5 9 15
27 25 18 12 8 7 3 2 1 0 0 0 0 0 0 0 0 0 0 0 0 0 0 0 0 1 1 1 2 9 13 23 34 46 23 26 47 72 72 73 38 35 76 58 39 50 47 32 68 45 30 49 18 38 23 21 43 16 23 26 20 16 39 38 63 55 40 40 32 31 49 50 52 31 21 7 1 0 0 0 0 0 0 0 0 0 0 0 0 1 1 1 1 2 4 8
5 7 8 8 5 5 5 3 2 1 0 0 0 0 0 0 0 0 0 0 0 0 0 0 0 0 0 1 3 3 9 6 6 12 28 52 62 43 61 80 81 67 66 53 62 38 39 31 20 23 33 16 36 24 41 14 14 23 13 13 8 15 17 25 19 18 32 50 49 61 66 55 29 18 4 7 2 1 0 0 0 0 0 0 0 0 0 0 1 2 1 3 3 2 5 13
4 2 4 3 2 2 4 3 1 1 1 1 0 0 0 0 0 0 0 0 0 0 0 0 0 0 0 1 1 1 4 8 9 24 36 48 44 50 47 74 55 43 41 51 62 58 58 29 24 53 25 30 17 31 48 21 10 9 20 9 18 20 50 46 48 43 57 63 64 65 67 44 33 15 3 1 1 1 0 0 0 0 0 0 0 0 1 0 1 0 1 2 2 2 3 4
7 6 5 4 1 1 1 2 2 1 1 0 0 0 0 0 0 0 0 0 0 0 0 0 0 0 0 0 0 1 2 7 10 37 47 48 53 43 47 35 44 36 35 29 37 50 69 34 28 29 14 14 27 37 39 27 25 25 11 17 50 30 50 74 56 55 60 59 61 76 71 67 41 15 6 2 0 0 0 0 0 0 0 0 0 0 0 1 1 1 2 2 3 4 5 7
16 15 6 4 3 3 2 3 1 1 1 0 0 0 0 0 0 0 0 0 0 0 1 1 0 0 0 1 1 1 2 3 12 27 58 59 40 55 46 35 45 47 48 46 37 28 19 52 41 23 26 22 21 26 5 42 29 11 12 26 45 54 45 80 77 81 81 49 29 25 61 67 81 42 6 2 1 0 0 0 0 0 0 0 0 0 1 1 1 1 2 4 3 6 9 8
23 10 9 18 12 6 3 2 1 0 0 0 0 0 0 0 0 0 0 1 1 0 1 1 2 1 1 2 2 3 4 2 11 23 45 34 54 41 42 35 47 45 34 52 33 21 22 17 23 13 31 21 12 14 23 9 6 14 8 41 62 59 53 83 89 80 81 90 78 53 42 42 55 33 23 6 2 0 0 0 0 0 0 0 0 0 1 1 1 1 2 3 6 5 7 17
7 3 2 10 6 3 2 1 0 0 0 0 0 0 0 0 0 0 1 1 2 4 2 2 2 2 2 3 3 4 4 6 7 21 28 26 23 35 40 35 56 48 49 61 40 35 33 25 32 12 40 16 8 6 21 28 3 7 28 28 41 30 19 59 84 70 74 85 91 78 28 12 7 10 11 1 0 0 0 0 0 0 0 0 0 0 0 0 1 1 3 2 3 4 9 13
