sesion_6_simulaciones/modelos_agentes/ejemplos_netlogo/scenarios/cgcm2_a2/rob_2051.asc
NCOLS 322 
NROWS 307 
XLLCORNER 451900 
YLLCORNER 4086900 
CELLSIZE 100 
NODATA_value -9999 
[rows 222 to 295 of 307, columns 96 to 191 of 322]
3 1 1 1 0 1 0 0 0 0 0 0 0 0 0 0 0 0 0 0 0 0 0 0 0 1 3 5 2 1 1 2 3 4 1 0 0 0 0 0 0 1 1 3 5 9 13 27 33 38 40 41 45 50 48 47 48 57 72 73 73 77 44 62 20 41 31 30 36 29 21 22 15 18 30 28 28 11 10 6 25 21 21 19 23 12 34 48 61 38 34 40 25 19 25 14
2 1 1 0 0 0 0 0 0 0 0 0 0 0 0 0 0 0 0 1 0 0 0 0 1 1 1 2 10 3 2 5 9 2 0 0 0 0 0 0 1 1 2 3 4 7 10 19 28 29 36 27 35 42 51 69 72 47 25 32 33 35 30 30 59 15 19 19 42 33 24 38 14 16 32 24 27 9 24 24 35 71 32 29 23 28 18 20 54 75 58 56 54 32 27 22
1 0 0 0 0 0 0 0 0 0 0 0 0 0 0 0 0 0 0 0 0 0 0 1 2 1 1 2 7 5 4 7 2 1 0 0 0 0 0 0 0 1 2 2 3 5 8 11 20 27 29 33 53 34 51 72 36 31 28 26 9 30 32 20 21 33 7 30 34 26 42 36 9 12 16 22 16 12 16 28 21 15 52 42 27 31 36 20 18 55 84 68 63 43 46 37
1 0 0 0 0 0 0 0 0 0 0 0 0 0 0 0 0 0 1 1 2 1 1 1 2 4 1 4 6 18 10 3 1 1 1 0 0 0 0 0 0 1 2 2 3 5 7 9 19 21 26 30 48 44 25 21 26 24 21 15 40 58 24 36 34 71 47 24 33 30 43 35 22 21 22 31 19 16 24 39 36 16 6 16 61 54 34 35 30 26 70 68 59 52 33 27
1 0 0 0 0 0 0 0 0 0 0 0 0 0 0 0 0 0 1 2 4 2 2 1 2 6 8 4 11 14 3 1 0 0 0 0 0 0 0 0 0 1 1 1 2 5 9 13 16 17 30 42 40 35 34 32 43 34 24 41 14 23 46 50 39 81 44 39 7 32 26 34 22 17 25 32 24 12 23 54 29 23 40 29 28 16 22 40 39 48 29 39 49 36 19 22
1 0 0 0 0 0 0 0 0 0 0 0 0 0 0 0 0 0 0 1 1 4 2 3 2 4 14 20 11 7 2 1 1 1 1 0 0 0 0 0 0 1 2 2 4 6 9 10 16 18 23 22 18 27 28 32 52 43 44 19 21 32 30 40 64 38 46 47 58 23 18 28 32 6 8 15 15 25 40 18 70 52 71 48 67 37 55 45 36 25 26 42 33 25 16 9
1 1 0 0 0 0 0 0 0 0 0 0 0 0 0 0 0 1 0 1 1 1 5 11 3 5 12 21 12 3 4 2 2 1 1 0 0 0 0 0 0 1 1 2 2 5 6 8 17 17 28 27 31 32 27 40 49 73 41 33 23 42 56 77 43 34 41 38 22 24 30 16 16 5 8 14 20 20 62 47 21 16 36 61 44 50 44 48 31 37 33 25 18 23 19 24
1 0 0 0 0 0 0 0 0 0 0 0 0 0 0 0 1 2 2 1 1 1 1 10 5 7 9 38 18 8 11 8 2 1 1 0 0 0 0 1 0 1 2 3 3 3 4 6 14 17 20 22 26 22 43 46 30 29 22 37 24 20 24 37 20 11 19 28 13 18 5 19 13 7 16 7 8 23 17 26 24 21 27 35 26 28 42 50 30 35 20 12 17 12 12 12
0 1 0 0 0 0 0 0 0 0 0 0 0 0 0 0 1 1 2 3 6 6 2 3 17 4 6 21 33 35 12 6 4 2 0 0 0 0 1 1 2 1 1 3 3 4 6 6 7 9 11 12 18 22 33 20 23 20 23 22 25 23 28 30 29 40 39 44 32 28 27 21 14 5 9 14 4 15 20 29 38 37 30 59 39 20 31 21 20 29 15 10 8 13 13 8
1 1 0 0 0 0 0 0 0 0 0 0 0 0 0 0 0 1 2 4 6 8 6 7 8 12 7 11 38 31 15 7 3 1 1 0 0 1 1 2 3 4 5 4 4 6 6 8 10 11 14 16 16 18 11 13 10 11 10 10 10 9 9 32 38 37 18 33 30 23 15 12 14 5 5 12 20 18 22 53 38 43 44 47 41 34 22 21 19 22 21 14 9 8 11 6
1 0 0 0 0 0 0 0 0 0 0 0 0 0 0 0 1 1 3 5 6 5 3 8 26 15 8 11 26 29 20 13 2 2 1 0 0 1 1 1 3 4 6 12 7 8 5 12 19 24 34 28 15 12 10 14 11 12 23 24 16 23 19 14 12 15 18 16 22 23 29 29 30 4 8 7 23 25 35 22 25 40 47 37 39 61 49 30 25 16 10 9 10 7 6 4
1 1 0 0 1 0 0 0 0 0 0 0 0 0 0 0 1 1 2 4 6 11 3 8 9 21 19 25 37 35 22 11 4 1 1 0 0 1 2 2 2 4 6 7 13 21 13 6 15 27 37 45 31 16 19 24 37 35 38 49 38 35 29 19 27 41 23 21 13 31 42 41 33 29 17 33 44 18 49 25 64 54 39 58 44 36 46 45 56 23 12 8 8 4 2 2
3 1 1 1 0 0 0 0 0 0 0 0 0 0 0 0 0 1 2 4 8 8 6 4 10 12 39 31 20 17 12 7 2 1 0 0 1 1 2 2 3 6 8 9 10 15 16 31 16 22 29 31 30 37 31 40 39 45 58 45 29 31 38 26 17 13 25 29 13 17 9 6 5 3 19 4 20 56 32 29 10 24 60 61 39 41 61 36 45 21 26 12 5 6 4 4
4 2 2 1 0 0 0 0 0 0 0 1 1 0 0 0 0 1 1 5 9 11 13 5 7 15 18 40 17 10 5 3 1 0 0 1 1 2 3 4 5 7 9 10 13 18 21 24 34 27 33 32 40 57 35 35 44 41 43 46 41 51 48 45 29 15 29 26 32 17 19 13 10 8 30 8 7 13 18 18 11 5 59 72 52 54 63 67 43 38 31 23 17 21 7 2
3 3 2 0 0 0 0 0 0 0 1 1 1 1 1 0 0 1 1 3 5 11 26 12 6 17 19 42 21 11 3 1 1 1 0 2 2 2 4 5 6 8 10 13 20 23 41 29 38 53 40 52 46 48 43 37 37 40 63 48 56 43 35 50 44 24 17 20 20 12 41 11 7 16 15 20 19 40 35 28 27 18 13 50 57 65 75 60 37 26 14 16 15 5 4 5
10 5 1 1 0 0 0 0 0 0 1 2 2 3 1 0 1 2 1 2 9 15 13 22 5 12 18 31 22 15 8 6 3 1 1 2 2 2 6 5 6 9 10 18 30 31 51 44 36 27 57 76 78 49 48 22 34 38 53 39 62 43 36 30 28 22 12 18 12 33 8 9 5 7 11 6 13 19 24 22 20 19 24 25 48 36 22 48 39 24 20 9 6 6 5 4
5 2 1 0 0 0 0 0 1 1 1 1 4 4 3 2 1 2 2 3 7 12 17 28 14 15 25 38 29 21 15 6 3 1 1 2 5 3 5 8 10 12 15 30 34 45 52 51 51 43 44 60 64 62 43 21 32 38 26 47 58 52 13 55 13 23 20 14 10 21 7 5 4 13 16 13 21 32 58 35 51 27 30 28 26 18 33 30 23 26 12 7 6 5 3 2
2 1 0 0 0 0 0 0 1 1 1 1 3 7 8 3 1 3 6 11 14 6 25 43 29 23 35 38 25 29 17 6 4 1 1 3 5 4 4 7 13 13 18 26 36 48 54 54 57 57 49 60 71 62 51 21 30 44 42 37 43 45 12 27 25 20 28 10 14 11 4 7 13 11 8 8 11 23 31 16 33 45 52 29 35 25 20 25 18 9 8 10 10 7 6 2
1 0 0 0 0 0 0 1 1 2 3 2 4 8 10 6 2 4 5 25 20 7 20 40 39 15 11 66 52 22 16 8 4 1 1 4 7 7 5 13 15 23 22 31 42 38 57 60 62 69 51 63 67 50 52 17 28 33 38 43 36 31 28 25 29 25 18 16 10 5 6 7 10 11 10 9 12 31 26 22 29 25 59 56 39 47 40 22 10 8 6 5 6 5 3 2
1 0 0 0 0 0 1 1 1 3 7 5 4 7 17 15 5 3 8 18 26 14 22 39 55 20 23 66 34 34 28 11 5 1 1 5 6 4 13 10 21 30 25 34 36 39 67 63 64 64 64 55 42 49 76 34 17 36 49 31 23 17 13 29 22 17 15 18 10 4 5 6 10 10 18 19 24 55 43 42 33 34 42 42 47 55 39 31 22 14 8 8 7 3 2 1
0 1 1 0 0 0 1 2 2 3 7 7 5 10 22 20 7 4 21 17 19 28 27 44 62 65 53 62 52 40 24 10 3 1 2 6 8 8 11 22 14 30 41 35 27 37 59 66 67 61 64 66 57 54 73 47 43 15 30 57 31 26 14 13 8 20 16 14 4 3 4 12 10 7 11 17 24 66 54 45 53 26 27 29 33 35 43 39 17 13 11 8 7 4 3 1
1 1 1 0 0 1 1 3 2 4 8 16 12 17 18 28 10 6 16 20 24 33 35 48 66 78 53 66 35 27 25 8 2 2 2 2 5 23 12 15 28 22 38 35 37 58 59 54 66 66 63 61 70 78 76 67 24 12 34 41 44 21 15 14 11 7 4 4 4 3 17 10 5 19 9 14 13 34 31 42 32 42 60 41 28 22 16 16 16 15 9 7 5 4 2 1
3 1 0 1 0 1 2 3 6 9 12 12 25 12 27 35 14 17 10 37 42 39 32 50 64 56 40 30 21 20 11 7 2 1 2 3 8 18 23 14 20 37 16 57 41 49 61 50 52 75 66 44 68 70 66 70 55 16 13 16 27 26 17 10 7 4 1 1 1 4 23 9 11 20 78 59 36 39 37 46 54 63 47 56 44 46 30 27 21 13 9 4 2 2 1 0
2 0 0 1 1 1 3 5 5 12 16 17 32 14 28 39 19 31 15 27 54 50 65 44 70 54 31 26 15 12 10 3 1 2 4 3 5 10 21 24 35 23 26 32 64 43 43 56 65 77 68 57 45 46 49 70 69 17 14 19 20 12 10 7 3 5 2 1 7 12 4 16 37 49 60 65 52 58 47 61 68 55 42 22 32 25 31 26 14 13 9 3 2 1 0 0
1 0 1 2 2 2 4 6 8 8 18 24 43 28 34 46 23 33 43 25 32 51 40 79 55 59 26 21 18 7 2 2 3 3 7 9 9 5 8 6 13 25 38 63 43 49 60 59 54 58 66 68 34 34 26 24 53 38 19 10 12 7 4 2 2 1 1 4 5 12 6 5 10 37 13 43 81 78 71 69 75 54 36 34 33 15 14 13 18 12 2 2 2 2 2 1
1 0 1 4 7 3 6 9 12 15 20 27 34 47 29 52 26 28 50 42 40 61 37 64 69 37 18 13 4 3 5 7 6 4 9 9 8 9 7 17 18 22 33 53 69 48 40 56 46 62 54 53 48 41 25 30 18 34 19 9 10 6 6 4 4 1 1 6 4 8 10 14 24 17 17 18 43 56 67 52 33 34 32 31 21 17 16 11 7 4 3 1 1 1 2 1
1 0 2 6 9 6 7 10 9 15 24 31 36 44 48 69 32 31 49 53 49 62 82 57 38 41 32 16 11 8 13 11 9 5 3 10 8 12 17 18 20 30 35 47 49 65 45 41 50 53 53 42 53 43 29 16 9 19 11 8 5 5 4 4 4 2 1 9 5 5 12 15 58 39 35 28 19 12 40 52 47 22 22 18 22 17 7 3 2 1 1 1 2 3 3 3
2 1 2 8 10 11 7 14 10 21 41 34 36 39 71 69 37 38 39 53 52 67 80 31 50 43 22 19 25 21 27 29 12 11 5 10 9 14 28 15 23 39 53 54 43 56 43 63 46 53 61 74 37 20 20 16 20 4 3 20 5 3 8 4 2 1 6 17 6 7 10 46 67 47 35 27 27 31 25 34 40 29 19 21 22 17 7 5 4 2 1 2 3 4 4 4
2 1 3 11 11 12 7 20 21 26 45 37 56 51 55 64 69 50 60 44 60 53 83 72 48 31 32 34 27 38 40 37 16 9 6 3 13 23 14 27 36 40 60 67 70 53 64 24 14 20 59 17 35 24 28 14 4 2 2 3 5 1 4 2 1 2 11 5 4 6 6 10 7 19 30 24 27 32 25 25 28 17 24 22 26 25 16 20 7 4 2 4 4 4 7 5
2 2 3 12 16 22 8 24 33 32 29 40 34 64 65 38 35 71 53 52 45 67 72 50 43 39 41 41 49 68 36 19 10 11 12 5 9 11 38 33 40 48 53 71 49 67 52 44 28 43 43 7 46 47 29 8 10 6 4 1 9 1 2 1 1 1 2 18 8 4 13 38 30 41 38 32 29 35 37 44 36 33 29 26 24 29 32 9 7 3 3 5 6 6 9 3
1 5 6 12 19 28 13 13 23 38 44 49 30 29 50 71 36 28 76 69 40 65 75 53 59 33 62 78 61 34 23 22 17 11 8 3 7 6 18 30 36 64 65 49 33 51 43 56 55 55 34 23 35 48 34 28 12 3 2 2 6 1 1 1 0 2 4 3 2 3 11 19 24 30 40 47 31 33 25 35 19 15 19 43 38 35 18 9 3 4 7 7 7 12 12 3
3 9 13 16 22 19 25 23 23 18 29 55 24 22 46 60 63 54 18 39 45 65 49 47 40 67 50 33 37 26 27 32 24 9 11 5 11 15 24 23 18 43 45 30 40 44 47 36 53 50 45 34 53 43 23 14 4 7 1 2 2 3 0 1 1 2 1 4 8 9 9 19 33 34 34 45 31 28 23 33 45 34 49 38 34 21 22 11 5 7 8 8 17 15 12 6
5 11 14 15 23 34 31 45 37 29 21 35 66 27 51 45 50 67 46 23 36 67 25 49 79 41 39 45 44 44 35 19 8 12 15 9 12 19 27 23 30 46 36 25 45 50 24 21 49 41 17 13 23 15 18 4 6 3 5 1 1 2 1 1 7 9 2 9 13 7 25 25 44 49 55 56 43 30 37 41 48 42 52 33 33 29 13 7 6 9 9 11 18 28 7 5
7 13 18 9 14 48 54 41 37 36 52 37 44 65 40 44 52 25 67 37 37 41 76 59 47 54 59 59 57 49 30 14 10 11 23 9 12 21 37 41 40 49 52 46 47 27 32 36 22 24 19 15 15 13 10 8 4 3 2 3 0 0 1 4 4 2 4 6 14 11 29 22 30 49 61 46 39 48 40 43 49 48 36 42 31 17 5 6 11 11 18 18 25 23 11 6
12 23 19 14 19 37 39 56 59 36 49 55 50 53 66 41 55 30 26 51 26 27 67 66 61 55 52 58 56 34 32 27 20 8 16 6 10 15 27 49 52 53 35 47 38 46 32 28 30 38 23 14 14 13 11 8 3 2 2 2 1 0 1 1 1 6 9 7 4 10 22 23 37 31 39 66 37 41 23 23 26 29 45 37 26 16 12 8 13 13 19 14 42 17 13 10
12 17 27 19 25 26 40 40 46 54 65 55 50 55 74 67 31 24 31 28 57 59 66 56 63 68 65 62 58 45 34 30 23 11 22 7 8 17 29 44 50 63 58 54 49 45 40 50 26 26 25 16 10 13 9 10 6 2 0 0 1 1 1 1 2 1 1 1 2 16 12 18 32 34 40 31 26 14 11 30 45 43 20 34 40 29 11 17 14 21 18 16 44 18 14 13
15 28 35 35 37 28 30 48 52 53 68 66 63 54 64 65 46 43 32 35 30 60 63 60 43 58 57 58 42 53 44 33 25 23 30 5 19 29 33 33 24 56 63 57 46 50 53 38 28 44 42 36 8 10 14 8 2 2 1 0 0 1 2 1 1 1 3 5 5 8 10 14 19 19 38 13 17 21 16 52 46 23 36 36 37 44 22 29 26 17 17 11 31 19 16 13
17 26 53 36 41 40 34 50 56 54 52 65 59 57 72 48 51 56 40 32 32 50 48 43 42 55 58 56 53 40 38 35 44 36 11 3 19 38 45 49 41 54 66 51 47 53 35 25 35 54 41 30 25 12 12 5 3 2 1 1 1 1 1 1 2 3 9 10 8 14 17 29 19 15 12 17 34 44 27 46 44 44 35 33 29 30 39 33 18 21 16 6 22 30 6 9
22 17 44 55 42 43 37 54 59 54 49 50 62 69 66 60 48 60 40 25 36 73 49 66 46 51 61 65 54 42 50 51 41 25 15 10 12 30 58 68 61 59 46 60 42 46 34 26 35 23 16 14 17 20 6 3 2 1 1 1 1 0 1 1 3 5 8 8 15 8 17 12 8 12 14 40 36 47 56 17 35 37 45 47 36 29 53 41 21 25 13 15 29 23 9 15
22 21 33 60 59 44 50 57 53 54 56 45 56 67 64 50 44 30 41 25 35 63 53 68 51 51 53 47 53 42 65 44 33 24 25 16 21 34 46 57 74 73 63 49 58 26 25 37 24 16 14 15 13 9 28 5 1 2 1 1 1 1 1 1 1 2 13 14 7 5 7 12 13 23 21 43 44 50 35 43 41 23 47 41 33 42 47 29 36 21 12 14 44 19 13 19
30 55 46 48 59 47 41 57 56 48 59 45 25 35 67 69 57 36 32 48 32 73 73 39 52 61 40 43 40 54 47 48 42 18 21 16 23 46 46 49 48 58 50 64 45 45 22 35 38 15 22 23 17 14 10 3 2 1 1 0 0 1 1 1 2 3 14 3 7 2 9 19 39 16 26 46 30 30 48 42 14 21 44 47 54 47 37 24 34 26 15 19 36 31 23 20
33 40 59 61 59 44 45 55 50 45 46 52 41 44 48 61 52 20 26 48 27 67 53 53 55 44 25 44 39 48 59 50 52 31 22 19 24 47 44 55 67 52 32 57 26 44 33 22 32 27 38 24 20 9 6 2 2 1 1 1 0 1 5 2 1 6 3 3 13 11 26 22 20 32 26 18 30 55 30 15 12 38 57 46 49 51 32 26 22 22 33 23 21 44 26 24
47 55 53 60 59 48 54 50 51 46 28 44 44 53 48 50 48 48 59 60 47 56 43 49 43 56 45 46 61 37 55 62 49 38 40 15 22 44 65 53 57 48 50 43 38 29 46 12 23 21 27 20 13 5 5 3 4 1 1 0 0 1 0 1 1 4 3 6 9 9 9 19 39 53 27 22 49 45 39 26 27 38 16 23 46 57 31 28 22 34 33 22 18 63 29 40
48 53 47 48 19 37 63 42 52 52 38 37 50 55 40 51 36 58 49 61 51 42 57 37 37 48 70 61 37 50 46 56 56 37 35 16 22 48 45 53 48 38 56 53 52 27 15 50 18 41 17 16 7 10 4 6 2 2 1 0 0 1 3 3 0 1 3 8 13 7 6 23 51 42 21 43 37 24 27 73 55 23 30 48 35 29 34 18 23 33 33 26 37 67 50 45
47 38 22 13 11 20 61 41 26 32 37 25 29 51 66 58 25 23 53 38 47 44 56 55 19 49 66 41 38 51 35 62 63 55 29 6 18 38 43 55 44 40 46 53 57 41 18 11 4 5 21 17 4 7 4 7 3 1 1 0 0 2 1 4 2 2 3 3 9 7 9 33 44 18 26 46 42 7 40 38 25 42 60 49 36 33 29 11 34 34 37 26 49 84 57 35
48 50 36 35 36 28 34 55 19 22 18 37 31 40 59 46 61 22 31 46 49 57 63 68 48 24 48 52 47 32 60 52 53 46 28 13 12 24 48 59 24 42 60 54 46 27 24 21 17 14 10 9 14 3 1 1 1 0 1 0 0 1 0 1 2 1 2 1 2 4 18 16 23 35 21 24 15 15 30 25 30 50 53 38 30 15 11 11 25 32 35 32 52 70 54 20
61 45 49 44 30 34 28 29 35 34 26 56 33 38 30 35 50 51 41 54 54 48 60 49 18 29 42 37 35 44 61 57 33 35 43 23 18 15 31 40 11 23 28 27 28 20 18 12 41 26 13 8 5 2 2 1 0 3 0 0 0 0 1 1 2 3 1 1 5 10 4 11 6 17 17 24 7 39 31 54 32 32 23 25 29 20 13 25 26 38 36 45 51 71 21 17
40 41 47 39 43 27 22 39 56 55 21 22 44 40 18 18 14 26 46 43 18 22 29 30 40 12 39 55 26 58 46 45 44 34 45 21 33 11 29 44 43 18 24 27 13 17 7 3 7 14 5 16 11 5 1 0 0 0 0 0 0 0 0 1 1 2 1 5 6 3 5 7 11 14 6 12 33 44 61 26 27 30 36 43 27 17 13 27 38 38 36 28 60 71 52 17
40 58 44 43 42 40 30 41 57 40 38 23 17 31 37 20 32 22 13 30 15 29 49 45 33 25 40 24 27 56 47 53 38 20 38 21 26 19 12 31 29 47 37 21 16 21 18 7 12 14 17 11 4 4 2 1 1 0 0 0 0 0 1 1 1 1 2 4 8 9 6 7 6 4 22 26 21 38 39 24 22 28 35 32 23 21 16 33 40 28 36 37 23 45 53 20
45 44 41 33 43 55 27 38 40 46 37 31 41 25 13 38 30 17 21 28 39 13 11 23 22 42 39 55 28 34 51 41 31 51 29 17 22 32 14 35 41 47 51 18 19 34 17 6 12 16 5 8 3 3 3 1 1 0 0 0 0 0 0 0 1 1 3 1 1 2 4 3 12 26 12 16 16 18 19 18 12 20 25 32 28 21 16 26 43 25 37 28 33 34 35 23
39 38 57 39 51 58 20 31 42 47 43 34 43 35 48 27 44 55 21 30 38 12 21 25 30 54 49 67 32 37 41 43 53 28 22 15 15 45 18 20 34 46 27 27 31 29 6 4 36 52 8 8 5 2 1 1 2 0 0 0 0 0 0 0 0 0 0 1 3 6 8 12 6 11 9 6 8 21 16 15 23 41 23 22 29 14 24 24 40 21 27 8 4 12 41 59
38 46 54 52 44 37 20 31 43 49 44 31 23 24 41 47 28 16 22 21 17 8 18 15 38 38 61 42 42 59 56 48 33 33 14 5 6 45 18 18 22 29 26 25 25 22 1 8 14 14 17 8 4 1 0 0 0 0 0 0 0 0 0 0 0 0 0 1 5 12 15 17 10 6 5 9 36 32 17 19 32 26 26 40 9 16 27 33 32 18 9 6 16 19 17 38
43 25 27 51 41 48 35 14 41 40 47 32 33 20 32 23 31 12 13 11 6 16 17 20 20 40 33 48 55 73 49 54 42 41 30 4 26 39 16 18 26 14 23 22 19 14 3 9 7 8 9 4 5 3 2 1 0 0 0 0 0 1 0 0 0 0 1 5 2 3 7 4 4 5 12 20 27 18 14 40 35 28 35 14 13 30 51 23 9 6 11 23 15 47 29 39
38 11 31 44 52 43 43 24 17 29 38 22 27 24 33 35 18 12 19 13 3 15 55 25 23 25 17 28 36 46 50 53 36 22 27 13 27 18 24 19 32 25 20 26 29 17 10 7 5 6 5 7 2 2 1 1 0 0 0 1 0 0 0 0 0 1 1 1 2 1 5 10 6 16 15 20 26 30 26 41 33 19 14 9 28 46 12 6 7 13 16 30 40 34 38 24
33 15 16 13 38 42 51 29 5 19 32 20 26 18 51 31 15 4 8 10 4 18 27 17 18 7 27 40 44 40 48 36 40 32 19 16 18 16 18 12 5 22 17 33 23 23 25 31 20 15 8 14 5 1 1 0 0 0 0 1 0 0 0 0 1 1 0 1 1 1 2 10 14 29 11 10 31 38 24 21 12 24 6 21 28 11 3 12 16 23 26 25 30 42 41 25
41 27 33 10 37 50 44 26 7 5 6 26 29 18 19 25 8 11 9 17 13 5 12 22 14 12 31 43 41 33 29 25 39 31 25 28 31 9 22 17 7 11 14 19 30 14 10 7 7 5 3 6 1 1 1 3 2 0 0 0 0 0 0 1 0 1 0 0 2 1 2 9 12 16 14 18 39 35 32 25 14 10 23 25 15 4 10 24 22 20 27 21 31 33 31 29
52 21 35 10 17 38 26 12 8 7 9 11 17 35 22 21 10 9 6 12 6 11 24 13 14 27 16 35 39 36 25 35 24 16 30 27 21 17 15 22 15 9 12 13 17 13 23 10 8 11 13 6 2 1 0 1 1 1 0 0 0 0 0 0 1 0 0 1 1 1 2 6 12 16 14 14 16 18 42 14 10 11 20 8 9 24 23 23 21 22 21 16 12 9 18 28
37 20 35 16 12 38 26 29 20 19 11 12 18 26 25 26 26 13 6 7 4 6 9 15 24 21 35 49 41 23 28 30 17 14 48 28 17 19 14 6 6 10 12 20 16 17 26 11 14 9 10 3 6 2 0 1 4 1 0 0 0 0 0 0 0 0 0 0 1 1 2 5 10 14 14 6 14 30 26 35 28 15 6 10 11 15 14 30 27 18 26 15 14 8 11 4
29 21 32 25 18 22 12 29 14 13 15 12 18 14 10 17 11 8 7 7 12 3 6 25 19 26 26 27 31 26 29 28 28 17 38 24 24 15 29 9 20 21 8 10 19 25 30 16 20 17 7 3 5 1 1 1 2 1 0 0 0 0 0 0 1 0 1 2 0 0 2 4 3 7 11 7 22 43 68 28 16 9 3 9 7 33 24 17 21 25 42 32 13 10 12 4
41 20 32 21 14 12 7 22 29 18 16 16 13 14 9 16 8 7 4 3 6 2 7 13 21 14 25 34 27 28 22 26 19 31 33 24 33 50 17 11 12 13 15 11 30 14 20 24 11 10 12 7 2 2 2 2 3 0 0 0 0 0 0 0 0 0 2 2 1 1 2 2 7 15 5 30 33 35 27 31 10 3 8 17 15 19 26 14 22 32 27 30 10 8 10 4
39 22 44 24 10 12 18 12 34 14 25 20 10 6 8 6 4 5 5 3 1 7 7 6 9 9 29 23 16 23 26 10 19 39 16 46 18 47 29 11 24 10 22 15 29 27 22 21 9 14 9 4 2 4 2 2 1 1 0 0 0 0 0 0 0 1 1 1 1 2 1 1 4 6 27 23 13 28 20 27 14 8 10 21 34 19 22 28 30 19 20 13 9 6 7 3
32 19 47 24 8 7 41 21 20 14 15 20 8 11 8 6 5 8 6 2 1 2 1 1 4 6 30 34 30 19 12 10 19 37 27 17 27 26 24 11 22 6 18 6 18 25 27 22 10 13 6 8 3 2 3 2 2 0 1 1 0 0 0 0 0 0 0 1 2 1 1 3 8 19 18 9 10 46 28 15 14 9 19 11 29 29 16 22 21 17 14 7 24 7 5 2
47 17 35 14 7 11 20 19 14 33 28 14 12 7 7 6 8 6 4 4 1 1 1 6 11 15 18 20 22 15 8 10 32 22 31 21 39 18 15 13 22 6 18 12 13 20 37 17 9 14 10 7 2 1 3 2 1 0 0 0 0 0 0 0 0 0 0 1 1 1 1 4 5 5 9 8 13 32 23 5 5 12 26 24 27 22 7 15 31 24 11 6 15 3 4 3
45 19 32 12 8 12 13 39 16 28 40 25 9 4 4 8 11 6 1 2 0 2 2 5 4 6 6 15 8 6 14 10 53 28 32 31 31 13 9 27 13 9 10 31 36 19 18 15 20 12 7 5 4 2 2 1 1 1 0 0 0 0 0 0 0 0 0 0 1 1 1 1 4 4 12 12 26 28 27 6 5 22 26 25 22 20 6 11 18 16 5 5 5 5 5 5
57 46 10 21 9 10 22 32 19 14 25 17 24 3 9 17 7 5 2 2 1 1 2 1 2 3 17 8 13 12 13 26 5 13 7 18 15 9 6 27 10 8 2 14 52 20 12 18 17 9 7 5 3 1 3 3 2 1 0 0 0 0 0 0 0 0 0 0 1 0 1 2 6 5 13 25 12 26 20 9 8 28 17 13 17 10 13 12 7 9 12 5 3 8 5 3
40 12 11 17 8 8 34 28 28 10 7 11 25 2 4 3 2 4 2 3 0 0 2 4 5 6 6 13 13 8 27 10 18 11 23 19 12 14 8 18 7 16 8 13 35 32 14 12 15 13 7 5 3 3 1 1 1 0 0 0 0 0 0 0 0 0 0 0 1 1 4 7 10 11 24 47 4 31 14 12 12 13 17 8 10 7 14 20 9 6 9 5 3 3 4 3
38 13 5 18 13 12 22 4 12 20 3 6 16 6 1 3 2 2 1 2 1 2 8 2 4 4 7 19 10 16 11 18 28 45 25 17 37 11 19 24 8 9 11 17 23 19 11 26 11 7 4 5 4 2 1 1 1 1 0 0 0 0 0 0 0 0 0 0 0 1 2 4 12 26 21 7 14 29 22 8 7 11 20 6 11 14 16 8 11 6 3 6 6 4 2 2
37 5 10 15 8 9 13 2 3 3 7 15 4 6 2 2 1 1 0 1 1 1 1 3 3 3 4 7 10 14 8 14 25 16 9 31 11 7 35 11 16 21 16 16 22 16 12 9 12 4 2 2 3 3 1 1 1 0 0 0 0 0 0 0 0 0 0 0 1 2 2 7 10 6 19 11 18 12 7 4 5 18 14 15 8 10 10 7 5 7 6 3 2 4 1 1
39 5 8 18 7 19 14 6 2 4 8 11 13 8 2 1 2 2 2 0 0 1 2 4 2 1 4 16 6 7 5 23 6 13 36 5 9 12 20 8 18 17 12 32 29 23 14 6 7 5 2 2 3 2 2 1 0 0 0 0 0 0 0 0 0 0 0 1 1 2 3 11 11 9 2 10 23 5 7 6 9 12 15 12 6 8 6 6 2 8 3 7 2 1 0 0
18 6 7 22 5 13 20 12 5 4 3 10 3 5 5 1 1 1 1 1 1 1 1 1 0 1 7 10 13 3 22 3 5 21 19 8 14 19 26 16 4 24 21 28 37 18 10 3 4 9 5 1 1 1 1 1 0 0 0 0 0 0 0 0 0 1 2 1 0 1 5 17 12 7 3 13 14 9 7 5 7 10 10 11 10 5 2 6 3 5 4 1 3 1 1 1
14 5 5 15 4 11 15 3 3 4 5 6 2 3 3 1 0 1 2 0 0 0 0 0 1 1 17 4 6 3 14 9 3 28 12 6 14 42 20 13 7 19 21 26 9 16 6 5 2 2 2 3 1 0 1 1 0 0 0 0 0 0 0 0 1 1 1 2 3 4 9 15 11 2 4 14 8 3 4 6 7 6 13 3 4 3 2 2 3 2 3 1 1 2 2 1
32 6 13 6 2 16 5 3 4 3 7 2 5 2 1 1 0 0 0 0 1 2 1 0 0 1 5 3 1 10 5 4 14 15 13 5 10 39 37 16 7 13 13 25 20 12 3 4 3 1 1 1 1 1 0 0 0 0 0 0 0 0 0 2 6 6 8 13 9 23 15 20 11 1 17 23 4 3 4 7 5 6 10 4 7 6 1 2 3 1 1 1 1 1 1 1
26 13 1 2 1 8 2 3 6 6 4 3 3 2 0 1 0 0 0 0 1 1 0 0 0 3 2 1 5 1 3 10 12 5 7 11 20 40 29 10 8 15 11 14 9 4 7 6 2 2 1 1 1 1 0 0 0 0 0 0 0 0 1 1 1 0 5 10 19 35 46 28 2 10 15 23 6 1 3 12 5 11 4 6 3 7 1 2 3 1 1 0 2 0 1 0
16 2 1 2 2 3 1 2 3 5 1 4 5 2 1 0 0 0 0 0 1 0 0 0 0 3 0 3 4 1 9 13 3 3 10 9 4 35 23 3 6 9 7 9 9 5 3 3 1 1 1 0 0 1 0 0 0 0 0 0 0 0 1 1 1 1 7 43 49 39 33 2 5 10 16 25 17 3 6 7 4 4 4 4 4 5 0 1 2 1 2 1 1 0 0 0
