sesion_6_simulaciones/modelos_agentes/ejemplos_netlogo/scenarios/cgcm2_a2/rob_2083.asc
NCOLS 322 
NROWS 307 
XLLCORNER 451900 
YLLCORNER 4086900 
CELLSIZE 100 
NODATA_value -9999 
[rows 148 to 221 of 307, columns 0 to 95 of 322]
0 0 0 0 0 1 1 0 0 0 0 5 2 3 2 3 7 4 3 4 1 1 0 0 0 0 0 0 0 0 0 0 0 0 0 0 0 0 0 0 0 1 1 0 1 1 2 2 1 3 2 3 10 2 6 10 10 5 3 14 16 18 14 11 17 24 31 11 14 32 40 26 14 21 44 62 16 13 14 23 22 21 9 17 53 39 15 9 38 38 31 34 59 58 32 61
0 1 0 1 1 1 1 2 1 0 1 2 3 6 7 17 18 5 4 5 4 3 0 1 0 0 0 0 0 0 0 0 0 0 0 0 0 0 0 0 0 0 0 0 1 7 2 2 1 1 1 4 5 6 1 2 2 1 9 6 5 25 13 8 13 29 21 20 22 41 14 6 6 34 21 31 51 9 13 31 29 14 21 19 9 57 23 15 12 24 11 52 32 65 45 25
0 0 0 2 1 2 2 0 1 2 1 2 19 16 18 7 21 14 12 16 4 1 0 0 0 0 0 0 0 0 0 0 0 0 0 0 0 0 0 0 0 0 0 2 4 2 2 1 1 1 2 2 3 3 8 6 7 8 9 8 15 20 8 7 23 17 24 43 20 3 30 15 14 34 63 16 25 5 2 7 16 19 16 29 15 21 47 32 17 23 17 13 29 29 40 19
0 0 0 0 0 0 0 0 0 0 1 1 2 13 18 16 46 43 26 1 0 0 1 0 1 1 0 0 0 0 0 0 1 1 1 1 1 0 0 0 0 1 3 2 1 1 0 1 1 1 2 2 3 3 4 3 9 9 9 10 19 12 11 6 20 48 22 21 62 16 6 36 38 21 34 8 16 32 14 6 9 17 22 13 21 11 20 58 41 25 25 14 12 32 42 37
0 0 0 0 0 0 0 0 0 1 0 2 1 1 1 1 1 1 1 1 0 2 2 1 5 0 2 0 0 0 0 0 1 0 0 0 0 1 0 0 0 0 1 1 1 3 3 6 2 1 2 3 4 4 1 4 5 18 6 12 17 20 31 67 56 35 29 15 24 71 19 15 16 25 15 4 8 8 41 19 10 13 28 24 15 22 18 23 52 23 20 20 8 9 24 25
0 0 0 0 0 0 0 0 0 0 1 1 1 2 1 2 1 2 3 4 11 4 13 3 1 1 1 0 0 1 0 0 0 0 0 0 0 0 0 0 0 4 0 1 1 1 0 1 3 2 4 6 6 5 2 4 6 10 19 14 46 31 49 56 49 63 46 9 25 44 55 32 22 12 22 15 10 8 26 12 21 16 16 29 22 20 18 19 64 44 15 14 19 8 29 31
2 1 2 1 1 0 1 0 0 0 0 0 1 3 4 1 1 2 9 8 19 31 8 18 4 2 4 3 1 1 6 1 0 0 0 0 0 0 0 0 0 2 0 0 2 0 1 1 1 6 8 14 23 16 15 8 9 9 33 24 15 14 49 58 56 42 57 28 27 43 64 14 27 13 10 10 20 6 18 37 15 26 26 16 16 15 19 15 28 24 42 18 11 9 8 15
5 3 5 1 3 1 1 1 0 0 0 0 2 2 1 3 2 2 2 12 23 17 10 12 7 2 5 2 1 0 1 11 5 2 1 0 0 0 0 1 0 3 6 1 1 1 1 1 1 2 3 4 12 2 4 21 7 18 10 6 6 9 11 37 26 8 13 8 31 46 47 38 20 17 28 8 10 13 15 29 28 19 27 23 16 18 17 18 18 18 23 35 22 12 10 8
1 6 2 7 11 4 1 6 0 0 0 0 0 0 2 2 2 3 2 2 3 15 18 2 2 7 1 5 2 0 0 0 3 7 4 1 1 0 0 1 1 4 8 1 1 1 1 2 2 3 5 8 6 6 7 7 10 22 13 14 21 22 8 6 3 15 15 13 10 18 20 45 49 26 13 8 11 14 18 28 32 53 15 23 16 15 13 8 13 21 19 6 32 14 6 8
12 26 8 16 9 1 4 16 1 1 1 0 2 5 5 2 4 4 4 2 3 3 2 15 3 1 1 10 7 1 1 1 0 7 12 4 4 2 2 3 2 1 10 6 1 1 1 2 2 2 5 13 4 8 12 6 3 9 12 12 12 10 4 9 11 3 1 7 26 28 31 53 21 29 14 13 18 17 32 24 29 25 33 15 15 13 7 5 9 9 15 11 15 19 8 4
8 31 4 35 3 14 10 17 1 2 2 1 1 1 3 4 4 15 17 20 3 2 3 5 2 1 2 12 2 17 2 5 3 12 3 5 4 17 4 2 4 2 12 8 8 1 1 1 2 2 2 2 2 5 8 3 6 25 24 42 11 18 25 20 18 7 7 13 19 23 22 35 27 19 31 8 17 30 30 37 22 18 24 22 9 7 5 2 3 9 9 14 13 12 15 11
2 26 12 18 21 23 20 2 3 6 3 2 1 1 1 1 2 7 9 26 10 1 3 6 14 9 6 10 2 15 14 2 3 7 22 19 11 20 34 6 5 1 3 9 7 3 2 1 2 1 1 1 6 5 3 3 5 5 4 7 6 13 29 26 25 18 20 22 16 24 24 24 19 29 9 16 17 25 16 13 16 14 11 15 22 17 10 17 11 6 5 7 12 15 9 6
2 2 1 19 28 24 3 4 12 4 9 12 4 3 1 2 3 4 8 4 9 19 18 3 12 12 11 13 17 4 47 30 8 3 17 55 39 17 10 24 17 2 6 15 17 21 2 1 2 2 1 1 13 3 35 24 27 16 56 34 20 10 13 15 17 16 20 25 24 14 17 26 24 30 16 24 13 15 16 23 12 13 12 21 11 11 13 15 8 10 11 6 6 8 4 2
1 11 6 5 3 12 7 24 22 9 10 9 2 5 1 3 2 3 8 6 10 11 11 4 24 25 19 38 26 19 42 58 38 18 13 3 11 20 10 4 5 3 1 44 32 19 10 10 3 15 26 35 23 9 11 23 16 9 12 25 29 21 23 17 18 15 16 33 26 13 16 18 25 27 18 22 20 23 13 13 11 12 5 10 10 6 12 9 6 5 6 6 3 4 3 5
3 4 3 10 9 4 27 55 30 36 2 7 17 12 25 5 12 3 3 4 5 2 16 41 62 26 47 57 35 36 17 27 52 23 20 8 23 37 47 75 57 12 5 8 43 22 8 50 9 9 26 23 30 10 6 41 52 17 15 11 41 45 12 32 22 22 16 23 21 16 23 22 23 20 19 23 18 17 14 6 5 7 8 8 10 6 8 5 4 4 3 3 2 1 1 1
2 3 13 6 6 2 18 50 26 42 6 10 32 21 45 13 5 8 5 10 14 21 5 31 48 51 63 65 31 62 43 65 63 64 58 56 43 55 61 44 5 23 27 7 2 29 13 19 11 11 24 24 27 31 12 14 46 71 31 24 34 15 19 18 25 37 39 33 22 15 31 18 15 14 12 8 14 8 4 3 4 6 6 4 4 2 3 1 2 3 2 5 7 7 6 7
2 2 1 4 8 9 4 57 8 8 8 14 16 2 15 20 7 7 6 30 32 11 14 9 48 72 65 69 37 80 58 66 67 54 67 61 75 69 64 70 59 26 6 4 2 2 25 15 8 3 7 33 41 41 45 56 65 64 73 26 15 20 21 26 26 33 42 20 18 31 16 13 15 13 5 4 3 3 8 9 12 5 4 2 5 9 13 13 22 6 13 25 12 23 22 15
1 2 5 5 4 3 4 14 18 15 32 29 35 36 9 30 9 21 4 4 16 52 20 14 5 23 32 53 57 21 6 8 6 16 16 29 69 57 58 74 65 43 18 5 1 2 16 13 8 7 6 6 19 51 57 44 28 32 69 53 20 13 21 22 32 31 17 28 19 8 11 14 15 9 8 6 3 3 3 3 7 13 10 17 23 32 32 32 19 18 20 35 31 46 47 25
1 1 2 2 5 4 7 8 8 7 16 43 46 56 5 4 9 29 29 12 13 10 27 7 12 17 11 15 7 10 20 12 22 20 42 25 17 14 13 12 11 18 10 4 3 4 9 10 17 9 10 11 2 24 18 30 36 38 25 36 37 19 46 46 37 24 23 15 16 14 14 15 6 3 8 8 3 2 3 8 33 35 23 36 41 44 37 50 38 40 67 70 46 62 44 33
1 1 2 6 6 9 10 8 9 9 17 3 5 6 11 12 7 7 37 38 32 14 21 5 15 27 23 19 11 12 24 32 14 37 16 11 12 17 18 18 9 6 8 6 11 9 26 21 19 17 9 4 6 8 9 28 10 8 7 28 15 26 28 18 29 16 12 17 17 8 8 5 7 6 10 10 15 3 30 29 42 39 39 43 41 61 60 47 46 57 31 15 25 23 28 54
1 2 4 2 3 6 7 5 9 20 5 6 16 14 6 15 2 3 5 14 14 12 9 11 17 10 16 12 31 7 24 14 12 17 12 11 18 35 11 30 13 6 5 3 3 6 10 26 14 15 8 16 17 9 17 14 14 15 17 33 46 43 27 9 16 15 14 6 9 5 5 28 28 18 18 29 12 22 38 54 62 45 44 70 66 65 66 56 66 64 39 15 8 8 17 43
4 12 10 18 4 4 5 4 8 11 7 7 11 11 8 4 6 6 20 20 9 12 19 11 14 11 7 14 8 8 14 11 14 13 9 11 8 19 7 27 17 11 7 2 1 1 6 8 58 38 16 14 40 16 8 22 32 55 46 38 53 28 22 13 16 11 4 4 13 12 25 37 47 21 29 39 24 43 56 53 62 78 49 83 71 66 59 60 61 54 43 35 11 8 7 11
1 1 1 1 2 2 6 4 10 5 7 4 6 16 4 2 5 9 9 8 4 3 3 10 14 9 5 6 7 9 10 14 6 10 8 3 14 7 13 23 9 11 19 6 6 3 2 9 17 27 16 26 18 8 13 23 27 24 21 14 13 9 6 3 4 1 12 24 34 24 40 51 51 35 49 39 25 44 54 51 79 65 54 53 42 9 12 45 23 32 24 16 16 6 4 19
1 3 2 4 3 5 2 3 6 6 2 3 5 5 7 8 12 5 5 5 7 2 3 12 24 14 8 5 7 4 5 15 42 13 8 7 13 7 28 5 13 6 9 9 5 3 5 6 5 10 16 14 6 12 13 12 45 16 11 9 6 17 18 28 13 22 30 45 37 33 34 50 33 34 47 45 30 37 53 64 69 51 40 39 29 16 16 18 33 16 14 14 9 6 3 5
1 1 1 2 5 1 1 1 1 4 3 2 7 6 25 10 7 15 11 9 25 9 12 13 18 16 5 12 3 8 11 9 34 36 20 11 10 22 15 4 4 4 7 9 3 7 5 3 3 6 7 11 10 12 15 16 10 5 5 21 18 33 33 33 24 24 37 41 54 48 30 44 46 51 36 58 45 44 48 57 49 70 45 35 20 27 24 12 48 27 12 7 2 7 7 9
1 1 1 2 1 1 1 2 4 3 4 6 5 4 5 5 38 32 12 14 15 12 17 6 8 11 12 7 4 5 4 7 11 8 13 22 4 6 17 10 6 9 6 4 7 5 6 6 4 6 8 10 19 15 10 9 13 19 26 42 31 29 42 31 23 36 37 34 47 28 39 46 59 28 35 39 45 52 72 47 24 21 28 38 33 25 18 13 11 15 8 5 5 3 5 6
1 1 1 1 0 5 4 2 9 17 20 17 16 23 8 5 8 28 16 25 3 9 19 5 7 5 6 12 6 16 9 8 5 6 14 24 7 13 14 13 9 2 2 4 4 5 3 2 5 8 9 18 17 12 17 12 17 19 37 29 26 26 35 26 23 28 35 22 46 34 23 49 33 25 31 54 45 53 18 75 50 56 31 24 33 28 21 26 10 7 4 4 3 1 3 2
0 1 1 1 0 1 1 3 6 11 13 28 25 20 28 5 11 11 5 6 7 14 16 5 2 3 1 4 3 5 4 5 7 7 13 12 5 12 13 10 6 3 1 1 3 4 5 12 6 7 15 11 9 23 12 12 19 37 33 34 28 25 28 18 23 40 38 25 38 31 32 34 57 50 51 49 64 53 18 20 51 59 48 45 23 17 22 27 15 8 6 2 2 4 4 2
0 0 3 0 2 0 1 2 3 5 1 2 2 2 5 9 8 8 26 7 10 15 4 6 1 5 2 5 2 2 3 4 4 4 6 5 5 6 7 7 5 3 1 2 3 4 6 8 8 8 10 20 13 11 11 19 28 25 24 24 22 15 28 26 26 41 30 36 43 79 54 46 44 62 13 13 11 50 48 30 21 46 32 26 21 18 23 10 6 14 10 4 4 3 2 2
0 1 1 7 0 8 7 0 2 1 4 2 6 4 6 5 7 4 5 5 2 6 2 3 2 1 1 2 1 2 3 2 2 3 3 2 3 2 3 5 4 3 4 6 11 4 9 5 13 18 17 28 19 10 18 20 21 28 14 18 34 21 30 33 20 36 32 56 19 36 74 69 65 55 64 41 27 12 9 25 25 18 44 36 35 29 26 39 19 7 6 5 5 3 2 1
5 2 1 2 5 2 1 2 2 2 1 2 2 2 6 3 4 1 3 4 3 1 2 2 1 1 1 0 1 0 1 1 1 5 1 1 2 2 2 1 2 4 2 3 3 6 3 8 13 19 17 19 15 15 14 26 19 23 21 18 22 25 17 20 34 38 23 28 71 17 68 73 43 75 71 73 52 44 45 36 36 33 14 10 24 34 22 28 13 10 6 4 5 2 1 1
3 22 2 6 1 1 1 2 1 1 3 1 1 4 9 13 17 3 2 5 2 1 0 1 2 0 0 0 0 0 0 1 1 2 1 1 1 1 3 3 2 4 2 12 5 6 6 5 13 15 9 9 10 12 11 13 25 19 15 30 22 32 17 16 30 8 22 29 21 37 26 65 32 53 78 79 74 84 64 48 53 68 72 53 21 17 22 23 15 8 6 3 2 2 1 0
1 2 1 2 2 2 1 1 1 1 2 1 6 1 1 2 2 3 2 2 4 1 2 1 1 0 0 0 0 0 0 1 1 1 1 1 1 2 3 2 1 1 3 10 2 8 5 6 6 12 4 6 7 8 8 10 15 19 12 17 26 10 17 52 59 48 25 25 10 4 12 14 30 28 65 72 65 72 75 59 78 64 62 33 25 31 29 21 25 11 6 5 2 1 1 0
0 1 2 2 1 1 1 0 0 1 0 0 1 1 7 4 8 2 1 2 2 1 0 1 1 0 1 0 0 0 0 0 0 1 0 0 0 2 1 1 1 1 1 3 3 3 4 3 5 4 2 5 3 4 7 5 12 16 17 24 19 38 9 3 3 6 9 22 20 16 9 9 5 18 32 61 51 75 85 48 70 86 61 47 39 25 24 24 19 11 7 8 4 2 1 0
0 2 1 1 1 1 0 0 0 0 0 0 0 1 2 1 2 1 1 2 1 1 0 1 0 0 1 0 0 0 0 0 0 0 0 1 1 2 0 0 1 1 1 2 2 1 1 2 2 1 3 5 5 6 7 6 14 9 9 7 9 48 6 7 17 29 38 29 32 25 23 37 15 5 14 50 49 75 86 78 62 62 60 48 34 35 34 24 20 17 12 12 6 3 2 0
0 0 1 1 1 0 0 0 0 0 0 0 0 0 0 1 1 1 0 0 0 0 0 0 0 0 0 0 0 0 0 0 0 0 0 0 0 1 0 0 1 1 2 2 1 1 1 1 2 2 6 25 12 28 25 39 24 14 16 9 6 2 51 18 6 41 53 27 32 37 44 34 19 18 10 13 17 47 79 57 43 25 21 41 16 33 14 15 17 20 17 11 8 4 3 1
0 0 0 0 0 0 0 0 0 0 0 0 0 0 0 0 0 0 0 0 0 0 0 0 0 0 0 0 0 0 0 0 0 0 0 0 0 0 0 0 1 3 11 23 5 6 3 2 3 2 28 6 32 32 17 23 13 12 18 31 6 6 8 68 13 19 24 56 29 25 51 61 71 42 35 19 10 6 9 9 12 13 11 28 29 12 12 7 7 18 9 10 6 5 2 1
0 0 0 0 0 0 0 0 0 0 0 0 0 0 0 0 0 0 0 0 0 0 0 0 0 0 0 0 0 0 0 0 0 0 2 2 2 3 6 8 8 15 4 21 8 12 18 1 5 15 4 5 29 20 29 33 17 37 41 21 18 11 5 43 53 14 4 28 58 67 51 51 31 33 44 44 23 10 15 6 15 16 14 10 25 25 9 10 7 7 7 3 3 2 2 1
0 0 0 0 0 0 0 1 2 0 0 0 1 0 0 0 0 0 0 0 0 0 0 0 0 0 0 0 0 0 0 0 0 0 0 1 2 7 4 5 6 22 7 8 20 15 17 3 2 4 38 19 7 22 6 16 13 38 52 34 44 21 12 24 77 21 21 11 43 55 78 22 10 23 29 57 44 38 34 23 14 11 6 9 11 25 14 6 5 2 4 4 2 1 1 1
0 0 0 0 0 1 1 0 0 1 1 0 0 0 0 0 0 0 0 0 0 0 0 0 0 0 0 0 0 0 0 0 0 0 0 0 0 5 9 7 5 7 4 4 18 25 38 39 4 6 17 25 13 10 28 6 29 31 63 51 10 18 12 6 77 44 15 15 22 77 81 86 45 36 30 26 19 21 15 17 29 29 15 6 8 7 19 12 7 7 2 6 4 1 1 0
0 0 0 1 1 1 1 3 2 2 0 0 0 0 0 0 0 0 0 0 0 0 0 0 0 0 0 0 0 0 0 0 0 0 0 0 1 5 9 27 8 4 3 5 9 36 50 62 53 50 8 14 14 18 16 6 22 46 48 50 14 27 27 19 56 86 48 28 18 11 17 54 21 26 21 49 39 20 16 12 13 14 20 16 8 3 6 10 9 6 2 5 2 1 2 1
0 1 1 1 3 2 3 1 3 3 1 2 1 0 2 1 0 0 0 0 0 0 0 0 0 0 0 0 0 0 0 0 0 0 0 0 1 1 0 0 14 12 3 8 6 8 23 33 55 67 48 22 27 37 19 43 29 51 66 42 48 13 28 28 28 80 88 63 44 20 15 16 55 33 27 28 42 48 24 20 10 13 13 18 16 5 2 10 6 9 3 2 2 2 1 1
0 0 0 2 3 2 11 25 18 15 6 3 2 3 6 3 1 0 1 0 0 0 0 0 0 0 0 0 0 0 0 0 1 0 1 1 1 1 1 1 2 5 5 5 4 10 37 14 56 62 78 31 30 30 49 48 6 49 61 58 50 38 32 24 19 72 84 78 52 54 13 7 42 64 36 12 19 14 29 10 15 13 13 11 17 7 4 3 6 5 4 3 1 1 1 0
0 0 0 6 6 16 33 29 31 58 50 10 13 9 8 5 1 4 1 1 0 0 0 0 1 3 2 0 0 0 0 0 0 0 0 1 1 2 3 2 2 2 3 2 11 13 26 19 5 50 65 72 31 22 33 14 11 12 36 48 82 71 17 23 51 62 65 80 34 53 42 11 15 50 37 28 21 20 28 26 16 14 7 5 7 9 5 2 2 4 3 2 2 2 1 0
0 0 0 0 0 0 2 4 7 3 17 45 48 20 15 4 3 6 1 1 2 0 0 0 0 0 2 3 0 0 0 0 0 1 1 1 1 1 4 2 5 9 9 7 6 4 47 51 31 21 39 63 53 24 10 9 26 9 15 49 41 39 31 30 36 53 34 84 36 50 36 44 8 27 31 44 36 31 33 28 26 17 5 4 3 9 6 2 1 2 1 1 2 1 1 0
0 0 0 1 1 2 15 3 5 4 5 11 42 54 44 17 12 9 1 5 1 1 0 1 1 0 0 0 0 0 0 0 1 2 0 1 1 1 4 4 4 6 5 6 13 14 15 5 31 54 23 34 9 12 6 20 16 26 21 26 54 58 44 40 20 29 27 73 77 33 18 34 34 11 21 23 38 21 18 13 16 13 13 11 3 5 3 3 4 1 1 1 1 1 1 0
0 0 0 0 0 0 2 3 2 5 3 1 4 20 51 56 44 2 0 0 0 2 1 2 1 1 1 0 0 1 0 4 3 1 5 1 2 3 4 3 5 11 21 14 20 12 20 10 14 15 66 33 28 20 14 12 23 31 27 29 56 74 55 40 38 34 48 70 84 66 34 18 47 33 22 7 9 25 24 18 10 9 11 9 7 1 2 3 2 2 0 1 0 0 0 0
0 0 0 0 0 1 1 1 1 2 4 3 11 3 3 5 6 1 0 1 4 0 1 1 9 6 0 1 0 6 2 2 7 5 11 3 18 4 3 4 5 7 8 16 12 18 19 14 17 25 26 36 21 21 28 23 20 33 18 10 23 39 59 56 64 52 45 56 65 71 49 52 55 28 35 15 8 20 21 11 15 5 6 4 3 3 2 1 1 1 1 0 0 0 0 0
1 0 1 0 0 0 0 1 2 5 3 4 1 5 8 3 5 3 1 2 0 1 1 1 0 2 2 4 4 1 2 5 5 2 3 3 1 14 3 6 7 12 5 9 8 9 9 17 24 35 20 11 54 43 35 43 30 27 28 31 20 41 68 44 51 49 37 44 54 71 32 42 31 20 21 17 9 8 13 20 12 8 4 4 1 2 2 2 1 1 1 0 0 0 0 0
2 2 0 0 0 0 2 6 1 1 2 3 2 7 3 5 1 1 0 0 0 1 1 1 1 1 2 2 1 2 1 12 3 10 5 12 1 5 9 3 5 12 10 19 20 7 11 17 16 37 19 37 9 24 28 60 28 36 33 48 38 37 20 22 19 10 9 19 29 32 23 10 32 22 16 28 21 13 18 9 6 8 7 4 2 1 1 1 1 0 0 0 0 0 0 0
1 1 10 1 0 4 0 0 4 4 1 3 1 7 2 3 2 1 0 1 2 5 1 1 2 3 2 4 13 13 7 1 2 3 7 3 4 1 29 8 9 8 4 6 22 16 12 9 22 37 35 13 60 43 37 63 48 24 39 24 23 35 24 21 10 7 6 3 21 40 35 14 12 23 20 26 21 16 31 15 5 4 3 2 2 1 1 1 0 0 0 0 0 0 0 0
1 2 4 2 0 0 1 0 0 1 1 1 1 1 4 1 1 0 0 1 2 2 5 3 3 4 5 6 28 33 10 5 3 7 9 6 12 4 1 32 6 13 13 13 8 7 12 22 22 35 27 12 26 15 11 42 33 31 27 16 20 32 23 23 22 13 8 6 7 17 24 18 26 25 28 35 36 22 10 9 8 3 2 1 1 1 0 0 0 0 0 0 0 0 0 0
4 1 8 2 4 1 0 8 1 2 7 1 5 4 1 7 1 1 0 1 1 2 3 3 4 8 9 10 20 62 44 23 6 4 39 14 14 8 4 13 34 8 8 34 18 19 16 25 32 25 24 10 9 14 14 17 36 29 19 12 12 16 22 32 15 17 8 7 5 3 4 11 12 6 9 12 17 23 12 7 4 3 2 1 1 1 1 0 0 0 0 0 0 0 0 0
5 2 2 5 1 2 3 1 15 5 13 30 7 9 5 2 1 1 1 6 1 5 12 6 4 8 12 10 6 9 43 27 14 9 10 24 11 7 6 4 7 22 9 6 8 10 14 24 51 36 53 26 17 16 15 13 19 17 15 39 18 9 10 10 7 7 7 4 2 3 2 3 3 2 4 8 8 5 8 4 4 2 2 1 1 0 0 0 0 0 0 0 0 0 0 0
1 9 5 6 4 6 15 10 4 3 1 1 2 2 3 7 3 1 4 1 11 3 18 15 5 9 14 10 5 2 5 23 38 14 4 14 18 7 17 11 10 5 19 20 11 11 25 21 42 30 63 31 17 16 15 14 15 14 10 21 23 12 5 5 2 3 6 4 2 1 2 2 1 1 1 2 3 2 5 2 3 1 2 1 0 0 0 0 0 0 0 0 0 0 0 0
1 1 0 3 3 0 1 1 4 2 6 6 6 8 4 6 7 4 4 3 3 2 19 47 13 12 15 20 9 3 3 3 34 15 19 13 27 6 20 24 14 7 5 22 14 22 18 21 36 24 9 12 24 22 22 23 9 7 3 3 9 4 4 3 4 2 4 3 2 1 1 1 1 1 1 0 1 2 3 1 2 1 0 0 0 0 0 0 0 0 0 0 0 0 0 0
1 1 1 0 0 1 1 1 1 3 2 2 2 1 3 7 2 1 4 10 4 34 14 34 29 15 27 21 24 8 3 5 4 18 18 22 31 9 23 14 15 17 13 11 24 15 19 36 38 37 31 18 23 15 14 15 9 5 2 2 3 2 2 1 1 1 1 1 1 1 0 0 0 0 0 0 0 1 1 1 0 0 0 0 0 0 0 0 0 0 0 0 0 0 0 0
1 1 1 0 1 2 1 1 1 1 0 1 2 1 2 3 2 2 1 2 23 14 10 10 62 17 5 5 5 4 5 2 6 3 6 10 80 53 16 23 16 7 13 15 9 20 15 21 49 49 50 29 21 14 14 12 4 2 1 5 11 10 5 6 5 3 3 2 0 0 0 0 0 0 0 0 0 0 0 0 0 0 0 0 0 0 0 0 0 0 0 0 0 0 0 0
1 0 0 0 0 0 0 1 0 0 1 1 2 0 1 3 1 2 5 28 11 9 38 26 49 32 9 6 7 10 8 9 3 5 6 4 3 4 18 14 9 20 7 15 13 24 29 23 48 34 46 45 34 23 13 5 3 4 6 9 18 27 27 23 5 7 4 3 2 2 1 0 0 0 0 0 0 0 0 0 0 0 0 0 0 0 0 0 0 0 0 0 0 0 0 1
0 0 0 0 0 0 0 0 0 0 0 0 1 1 0 1 1 2 5 3 6 10 4 2 5 4 3 5 15 19 9 24 18 7 6 4 5 5 4 12 9 25 16 8 24 18 39 28 28 19 28 29 23 21 9 10 8 10 20 26 31 28 23 23 15 6 10 10 8 7 5 3 1 0 1 2 1 0 0 0 0 0 0 0 0 0 0 0 0 0 0 0 0 0 0 0
0 0 0 0 0 0 0 1 2 2 2 0 0 0 0 0 1 3 12 6 15 4 7 4 3 5 17 10 12 15 25 17 11 12 16 3 2 2 5 8 6 12 21 21 23 22 17 15 39 23 20 20 14 9 13 22 12 29 31 26 36 33 32 26 22 17 17 24 25 16 13 4 1 1 3 2 1 1 0 0 1 0 0 0 0 0 0 0 0 0 0 0 0 0 0 0
0 0 0 0 0 0 0 2 6 9 4 3 1 0 1 1 1 4 6 3 2 3 9 7 5 6 12 6 3 9 10 6 3 6 15 9 4 3 6 4 3 6 6 9 16 16 20 17 27 24 14 8 15 18 29 28 28 36 39 39 26 39 40 31 46 23 28 27 28 30 7 4 2 3 4 2 3 1 1 1 0 0 0 0 0 0 0 0 0 0 0 0 0 0 0 0
0 0 0 0 0 0 1 1 0 2 5 7 3 7 7 6 15 4 4 10 2 1 9 4 6 10 6 5 3 10 10 10 10 8 15 8 5 14 13 4 3 15 8 14 12 8 22 13 15 14 11 18 27 36 35 44 32 31 30 35 28 44 48 56 53 43 34 30 32 23 16 13 21 11 4 5 2 1 1 1 0 0 0 0 0 0 0 0 0 0 0 0 0 0 0 0
0 0 0 0 1 1 2 19 12 6 8 22 12 11 21 11 37 35 29 16 5 14 1 2 2 2 11 13 14 21 6 37 44 14 5 7 2 10 9 5 21 9 9 9 15 9 14 14 15 16 26 26 43 54 53 41 56 37 44 41 32 51 51 54 48 45 38 35 37 36 27 10 6 2 1 3 5 2 1 1 1 0 0 0 0 0 0 0 0 0 0 0 0 0 0 0
0 0 2 0 0 3 10 12 25 3 4 28 5 5 17 7 7 3 8 21 4 8 4 3 2 6 9 15 18 32 12 8 9 31 12 11 4 17 7 7 11 19 16 17 21 34 38 37 13 42 49 39 42 54 64 62 35 25 63 49 40 45 48 38 52 60 18 51 50 33 27 19 11 5 1 6 13 5 1 1 1 1 0 0 0 0 0 0 0 0 0 0 0 0 0 0
2 0 1 3 1 0 1 2 3 15 2 16 6 8 12 4 2 3 9 5 4 2 6 3 5 11 12 6 4 19 13 9 5 4 7 6 13 17 7 7 26 30 16 43 39 24 28 18 18 43 59 45 46 75 44 40 39 24 70 40 34 42 57 60 51 46 41 52 32 20 22 16 15 19 10 9 10 6 3 2 2 1 0 0 0 0 0 0 0 0 0 0 0 0 0 0
7 10 1 6 4 9 11 5 1 2 10 47 24 3 29 4 6 4 10 5 3 3 14 6 10 9 11 10 8 8 5 7 8 12 17 10 23 3 7 14 24 25 40 46 32 18 11 20 37 28 45 60 73 37 25 39 39 26 68 38 64 32 57 36 37 71 54 34 53 30 21 23 46 44 13 3 5 9 3 2 1 1 1 0 0 0 0 0 0 0 0 0 1 0 1 3
4 8 11 6 7 40 14 41 23 1 8 31 2 4 29 14 7 3 23 2 2 3 6 4 17 12 6 5 6 2 1 7 18 9 25 6 29 5 19 15 39 39 52 27 25 21 21 38 38 33 30 55 56 28 40 50 45 34 67 66 42 55 48 58 73 58 56 50 37 20 25 65 41 7 12 14 8 8 4 3 2 1 0 0 0 0 0 0 0 0 0 0 0 0 2 4
12 18 21 44 32 41 43 60 33 10 8 8 10 2 25 10 7 4 3 2 2 4 10 4 8 7 6 16 12 12 13 15 9 5 7 13 40 14 17 22 44 48 38 26 13 28 27 54 55 30 28 43 32 21 31 57 26 58 53 55 62 28 42 76 76 56 50 36 46 52 41 41 27 22 21 7 5 4 4 2 1 1 0 0 0 0 0 0 0 0 0 0 0 0 3 19
1 27 43 19 49 7 27 48 50 50 40 41 20 2 29 41 17 4 6 4 2 6 9 5 4 7 14 3 5 6 2 5 4 15 39 18 29 10 11 21 44 30 24 10 22 38 28 38 56 32 34 41 14 30 53 46 18 51 29 72 51 56 72 69 57 48 57 38 25 11 13 10 7 4 3 2 1 1 2 1 0 0 0 0 0 0 0 0 0 0 0 1 2 2 4 13
2 4 11 3 2 2 4 4 7 3 4 12 38 5 3 24 48 24 14 9 4 4 2 4 12 3 6 7 21 19 3 9 11 15 50 38 49 17 11 25 24 14 10 24 38 34 26 31 48 22 38 46 35 51 69 38 47 19 44 53 34 61 58 22 12 17 13 25 46 40 41 34 41 17 5 2 1 1 2 2 1 1 0 0 0 0 1 1 0 0 0 0 1 6 13 16
2 3 1 2 4 14 22 6 10 1 4 3 2 1 4 2 4 5 3 2 1 9 4 6 2 12 8 15 6 12 12 34 18 21 38 40 24 20 19 30 14 15 20 35 37 29 34 17 29 36 37 71 78 54 66 77 83 62 78 79 80 87 65 77 60 54 53 49 35 13 21 19 12 13 13 9 6 4 1 1 1 0 0 0 0 0 1 1 1 1 1 0 1 2 9 25
3 5 4 5 9 15 26 18 6 4 8 4 5 4 4 5 4 1 1 2 3 12 3 4 10 11 4 31 22 15 26 38 21 24 44 12 7 14 7 27 21 15 21 28 30 32 34 19 27 46 46 63 63 64 19 36 77 86 85 65 24 20 45 42 81 55 48 63 30 16 15 17 22 11 3 3 1 2 1 1 0 0 0 0 0 1 1 3 4 2 2 2 1 3 11 12
2 1 3 4 7 8 19 12 2 5 4 6 15 10 4 5 2 3 3 3 1 2 19 11 5 1 6 14 15 11 11 19 27 11 25 5 11 9 3 27 16 20 27 27 19 30 47 35 61 72 41 25 27 22 16 19 58 67 64 35 59 45 41 52 45 43 42 26 47 33 31 15 14 13 7 6 3 2 0 0 0 0 0 0 1 1 3 7 13 6 5 3 3 11 17 17
