sesion_6_simulaciones/modelos_agentes/ejemplos_netlogo/scenarios/cgcm2_a2/rob_2079.asc
NCOLS 322 
NROWS 307 
XLLCORNER 451900 
YLLCORNER 4086900 
CELLSIZE 100 
NODATA_value -9999 
[rows 146 to 218 of 307, columns 0 to 95 of 322]
0 0 0 0 0 0 0 0 0 0 0 0 0 0 0 0 0 0 0 0 0 0 0 0 0 0 0 0 0 0 0 0 0 0 0 0 0 0 0 0 0 0 1 1 0 1 1 1 1 1 1 3 4 2 1 1 2 5 7 7 6 14 12 10 5 13 19 14 31 24 18 33 14 24 23 44 53 53 63 62 22 49 71 44 27 35 54 30 60 72 58 56 50 55 57 80
0 0 0 0 0 0 0 0 0 0 0 0 0 2 0 1 1 1 0 0 0 0 0 0 0 0 0 0 0 0 0 0 0 0 0 0 0 0 0 0 0 0 0 1 1 0 1 1 1 1 1 1 1 8 17 4 4 4 5 6 9 9 15 7 16 15 21 8 23 24 9 19 27 26 43 28 42 45 63 52 12 22 32 57 23 5 11 27 75 70 73 77 40 47 32 74
0 0 0 0 0 0 0 0 0 0 0 2 1 1 1 1 2 1 1 1 0 0 0 0 0 0 0 0 0 0 0 0 0 0 0 0 0 0 0 0 0 0 0 0 0 0 1 1 0 1 1 1 5 1 3 6 5 3 2 9 10 12 10 8 12 16 21 6 8 17 23 16 8 14 33 53 13 11 11 18 17 17 7 14 48 34 13 8 35 36 30 32 59 57 31 61
0 0 0 0 0 0 0 1 0 0 0 1 1 2 2 6 6 2 1 2 1 1 0 0 0 0 0 0 0 0 0 0 0 0 0 0 0 0 0 0 0 0 0 0 0 2 1 1 0 1 0 2 2 3 1 1 1 1 6 3 3 15 8 5 7 17 11 9 11 23 7 3 4 26 15 27 44 7 10 25 25 12 18 16 8 55 20 13 11 23 11 52 31 66 45 27
0 0 0 1 0 1 1 0 0 1 0 0 6 5 6 3 7 6 4 5 1 0 0 0 0 0 0 0 0 0 0 0 0 0 0 0 0 0 0 0 0 0 0 0 1 1 1 1 0 0 1 1 1 2 5 4 4 4 4 5 8 11 4 3 13 8 11 25 10 1 19 9 10 29 58 13 21 4 2 5 13 15 13 27 13 20 44 30 16 23 17 14 32 29 42 21
0 0 0 0 0 0 0 0 0 0 0 0 1 5 7 7 24 21 10 0 0 0 0 0 0 0 0 0 0 0 0 0 0 0 0 0 0 0 0 0 0 0 1 1 0 0 0 1 0 0 1 1 1 1 2 2 4 4 4 4 9 5 5 3 8 29 11 11 45 8 4 27 29 17 30 7 13 27 11 5 7 14 19 11 19 10 19 58 41 27 27 16 14 36 47 43
0 0 0 0 0 0 0 0 0 0 0 1 0 0 0 0 0 0 0 0 0 1 0 0 1 0 1 0 0 0 0 0 0 0 0 0 0 0 0 0 0 0 0 0 0 1 1 2 1 0 1 1 2 2 1 2 2 8 2 5 7 8 16 46 37 19 17 9 15 58 13 11 12 19 13 3 6 7 37 16 8 11 25 22 14 21 17 24 53 24 22 23 9 12 28 30
0 0 0 0 0 0 0 0 0 0 0 0 0 1 0 1 0 1 1 2 3 1 4 1 0 0 0 0 0 0 0 0 0 0 0 0 0 0 0 0 0 1 0 0 0 0 0 0 1 1 2 3 3 3 1 2 3 4 8 5 24 17 28 36 33 50 33 5 19 31 43 24 17 9 17 12 8 7 24 10 18 15 15 28 21 21 18 19 65 46 17 17 23 12 39 42
1 0 0 0 0 0 0 0 0 0 0 0 0 1 1 0 0 1 3 3 7 12 3 6 1 1 1 1 0 0 2 0 0 0 0 0 0 0 0 0 0 1 0 0 1 0 0 0 0 2 4 7 13 10 9 5 4 3 14 11 7 7 34 45 46 32 50 20 20 35 54 10 22 11 8 8 18 5 15 33 13 23 25 16 17 16 21 17 32 27 47 22 15 13 12 22
1 1 2 0 1 0 0 0 0 0 0 0 1 0 0 1 1 1 1 4 9 6 3 4 3 1 2 1 0 0 0 4 1 1 0 0 0 0 0 0 0 1 2 0 0 0 0 0 0 1 1 2 7 1 2 12 3 7 4 2 3 5 7 27 19 5 9 5 24 38 40 32 16 15 25 7 8 11 13 26 26 18 26 23 18 20 20 21 22 23 30 44 28 18 15 13
0 2 1 2 4 1 0 2 0 0 0 0 0 0 1 1 0 1 1 1 1 6 7 1 1 2 0 1 1 0 0 0 1 3 1 0 0 0 0 0 0 1 3 0 0 0 0 1 1 1 2 4 3 3 4 3 4 8 5 6 12 13 5 4 2 11 12 10 7 14 16 39 43 22 11 7 9 12 16 26 31 53 16 24 18 18 17 10 16 26 24 9 45 20 9 13
4 10 3 5 3 0 1 5 0 0 0 0 0 1 1 0 1 1 1 1 1 1 1 5 1 0 0 3 2 0 0 0 0 2 4 1 1 1 1 1 1 0 3 2 0 0 0 0 1 1 2 5 2 3 5 2 1 3 4 5 6 6 3 7 8 2 1 6 21 23 27 48 19 25 12 11 16 16 31 24 30 27 36 18 17 18 10 8 12 13 21 15 21 31 13 6
3 12 1 15 1 5 3 6 0 1 1 0 0 0 1 1 1 6 7 8 1 1 1 2 1 0 1 4 0 6 1 2 1 4 1 2 1 7 1 1 1 1 5 3 3 0 0 0 1 0 1 1 1 1 3 1 2 11 11 23 5 11 17 14 14 5 5 10 15 19 19 32 23 17 28 7 16 28 32 38 24 19 27 26 12 10 7 2 5 13 15 21 22 20 25 21
1 11 5 7 9 10 8 1 1 2 1 0 0 0 0 0 1 3 4 12 4 1 1 2 5 3 2 3 1 5 5 1 1 3 9 7 4 7 13 2 2 0 1 3 2 1 1 0 1 0 0 0 2 2 1 1 2 2 2 3 3 8 21 20 19 14 16 18 13 21 20 21 17 27 8 15 16 26 17 15 18 16 13 20 28 23 14 23 15 9 9 13 21 24 15 11
1 1 1 9 13 10 1 1 4 1 3 4 1 1 0 1 1 1 3 2 4 9 8 1 5 4 4 4 6 1 23 12 3 1 8 35 21 6 4 12 6 1 2 5 7 8 1 0 1 1 0 0 4 1 17 10 10 6 33 19 11 6 9 11 14 13 17 22 20 12 15 23 23 28 16 24 14 17 18 25 14 15 15 27 15 14 19 21 12 16 19 11 10 16 8 4
0 4 2 2 2 6 3 9 8 3 3 3 1 2 0 1 1 1 3 3 5 6 5 2 10 10 7 16 10 8 20 33 20 9 6 1 5 9 4 1 2 1 1 21 13 6 3 4 1 6 9 15 8 3 4 10 6 3 6 14 18 14 17 12 14 12 12 29 23 11 15 17 24 27 19 22 22 25 15 17 13 16 6 13 13 9 17 13 9 10 11 11 5 7 6 10
1 1 1 4 4 2 13 30 13 16 1 2 6 4 10 2 5 1 1 2 3 1 9 25 41 12 24 34 17 17 8 14 31 13 12 4 13 20 28 59 41 5 2 3 23 8 3 25 3 3 11 10 14 4 2 22 31 8 8 6 30 35 8 26 17 18 14 20 18 15 23 22 23 22 22 25 22 20 18 8 7 9 11 11 15 9 12 10 7 7 6 5 3 1 2 3
1 1 5 2 3 1 9 31 14 25 2 4 14 10 24 5 2 3 2 4 6 12 3 21 35 32 42 43 15 41 28 48 51 55 47 42 29 37 43 30 3 11 13 3 1 16 5 7 4 5 11 11 12 14 5 7 28 53 19 16 25 11 15 14 20 31 34 29 20 14 31 19 16 17 16 10 19 11 5 4 5 9 9 7 7 3 5 2 4 6 3 8 12 13 13 15
1 1 0 2 3 4 2 39 4 4 3 5 7 1 7 9 3 2 3 16 16 5 8 6 40 60 52 52 25 70 46 58 62 48 61 53 68 61 54 60 45 16 3 2 1 1 11 6 3 1 3 19 24 24 27 40 50 53 62 19 11 16 16 21 21 29 38 18 17 31 17 14 17 16 7 5 4 4 11 12 16 8 7 4 7 14 20 19 33 10 23 35 19 33 34 25
0 1 2 2 1 1 2 9 13 8 18 14 18 19 5 18 4 9 1 2 9 37 12 10 4 18 26 43 47 15 4 6 4 12 12 25 64 53 54 71 59 31 10 2 1 1 6 5 3 3 3 3 11 36 42 31 19 23 61 44 15 10 17 18 28 27 15 27 19 8 12 16 17 11 10 8 5 5 5 4 9 18 14 23 32 40 39 41 27 25 27 43 38 55 58 37
0 0 1 1 2 2 4 5 5 4 10 26 29 40 3 2 5 14 14 6 7 6 19 5 9 11 7 10 5 7 14 8 16 14 33 20 14 11 10 10 8 12 6 2 1 2 4 4 8 4 5 6 1 16 12 22 29 31 20 30 31 15 40 41 33 21 22 14 16 14 15 18 8 4 11 12 5 3 5 12 39 39 26 40 44 47 38 52 41 42 69 73 51 67 52 43
0 0 0 2 2 4 5 5 5 5 9 2 2 3 5 6 3 3 24 23 21 9 16 4 10 17 14 12 6 8 14 21 9 26 11 9 8 12 13 13 6 4 5 3 5 4 14 9 9 8 4 2 4 6 6 21 8 6 5 23 13 22 24 15 26 14 11 17 17 9 9 6 8 7 12 12 19 4 36 32 43 39 39 41 40 61 58 47 45 58 34 18 30 29 35 63
0 0 1 1 1 2 3 2 4 10 2 3 8 7 3 7 1 1 3 8 10 9 6 8 11 5 8 6 17 4 12 8 6 10 8 8 12 24 7 21 9 4 3 2 2 3 5 14 7 8 4 10 11 7 13 11 11 12 14 29 41 39 24 8 15 14 13 6 9 5 6 31 31 21 20 33 16 26 42 53 59 41 40 67 63 64 66 57 67 66 44 18 10 11 24 52
1 4 4 7 1 2 2 1 3 4 3 3 5 4 3 2 3 3 12 12 6 8 15 8 8 6 3 6 4 3 7 5 7 7 5 7 5 12 4 16 11 7 4 1 1 0 3 5 44 25 9 9 32 13 6 17 26 50 41 34 50 27 22 12 16 11 4 4 13 12 26 36 47 22 29 42 27 45 54 49 58 74 45 82 71 67 60 61 64 58 49 44 15 11 11 18
0 0 0 0 1 1 2 1 3 2 3 2 2 6 1 1 2 5 5 5 2 2 2 7 8 4 2 3 3 4 4 7 3 5 5 2 8 4 6 13 5 6 10 3 3 2 1 6 12 17 11 19 14 6 10 18 23 20 18 12 12 8 5 3 4 1 12 23 33 23 37 48 48 33 46 37 25 41 49 45 75 61 51 52 42 10 13 49 27 39 34 22 23 9 7 31
0 1 1 1 1 1 1 1 2 2 1 1 2 2 3 3 6 2 3 4 5 1 3 8 15 7 4 2 3 2 2 9 27 7 5 5 8 4 17 2 6 3 4 4 2 1 3 4 3 7 11 10 4 9 10 10 41 14 9 8 5 17 17 28 13 21 28 42 32 29 29 45 29 30 44 42 27 32 46 57 64 46 37 40 30 17 18 21 40 21 22 22 15 10 5 8
0 0 0 1 2 0 0 0 0 1 1 1 3 2 11 4 3 7 6 5 16 6 8 9 9 7 2 4 1 3 6 5 23 26 15 8 7 14 9 2 2 1 3 4 2 4 3 2 2 4 5 8 8 9 12 13 8 4 4 18 15 30 29 29 21 21 32 35 48 41 24 37 39 45 31 55 38 35 39 50 43 66 42 34 22 30 29 16 56 37 19 11 3 11 12 15
0 0 0 1 0 0 0 1 1 1 1 2 2 2 2 3 23 18 6 7 9 7 9 3 4 4 5 3 1 2 2 4 8 6 8 16 3 4 10 4 2 3 2 2 4 3 3 3 2 4 5 7 15 13 8 8 11 16 22 38 26 24 36 26 19 31 31 27 38 22 31 38 51 22 29 31 34 41 65 41 20 18 26 38 35 29 22 18 17 22 13 9 9 6 9 12
0 0 0 0 0 2 1 1 3 6 7 6 6 11 3 3 5 18 9 15 2 5 8 2 3 2 2 4 2 7 4 4 3 3 7 15 4 8 6 6 3 1 1 2 2 3 1 2 4 5 6 13 13 9 14 10 14 16 32 24 21 21 29 20 18 22 26 16 35 23 15 37 23 18 21 40 34 44 14 70 44 52 29 25 36 33 28 36 16 12 7 8 6 2 6 3
0 0 0 0 0 0 0 1 2 4 5 13 12 9 15 2 6 6 3 3 3 6 6 2 1 1 0 1 1 2 2 2 3 3 6 5 3 5 6 4 2 1 1 1 2 2 3 7 4 4 10 8 6 18 10 10 15 31 26 26 22 20 22 14 16 29 27 14 23 18 18 20 39 35 38 39 57 45 14 17 48 56 46 46 26 21 28 37 23 14 10 4 4 9 9 5
0 0 1 0 1 0 0 1 1 2 0 1 1 1 2 4 4 4 12 3 4 5 2 2 0 2 0 1 1 1 1 1 1 1 2 2 3 3 3 3 2 1 0 1 2 2 3 5 5 6 7 14 10 8 8 15 22 19 17 17 15 11 20 18 17 25 16 20 28 68 38 32 31 47 8 9 8 46 42 26 18 44 32 27 25 21 30 16 10 23 17 8 7 6 4 4
0 0 0 2 0 3 2 0 1 0 1 1 2 2 2 2 3 1 2 2 1 2 1 1 1 0 0 1 0 1 1 1 1 1 1 1 1 1 1 2 1 1 2 3 5 2 5 3 7 10 11 21 14 7 13 15 14 19 9 12 24 14 18 19 11 18 17 37 12 26 64 57 55 46 54 31 21 10 7 22 23 17 46 37 38 34 33 53 28 12 12 10 11 6 5 1
2 0 0 1 2 1 0 1 0 1 0 1 0 1 2 1 1 0 1 1 1 0 0 0 0 0 0 0 0 0 0 0 0 2 0 0 1 1 1 0 1 2 1 1 1 3 1 4 7 10 9 12 10 10 9 18 12 14 13 11 12 14 9 10 18 21 13 17 62 13 61 67 36 71 65 66 44 37 39 31 33 33 15 10 27 39 29 38 20 17 11 7 10 5 2 2
1 8 1 2 0 0 0 0 0 0 1 0 0 1 3 5 7 1 1 2 1 0 0 0 0 0 0 0 0 0 0 0 0 1 0 0 0 0 1 1 1 2 1 5 2 3 3 2 5 6 4 5 6 6 6 7 14 9 7 17 10 14 7 6 14 4 14 21 16 29 20 59 27 47 76 76 69 80 59 43 48 66 72 55 25 23 29 31 24 14 12 7 5 4 2 1
0 1 0 1 1 1 0 0 0 0 1 0 2 0 0 1 1 1 1 1 1 0 1 0 0 0 0 0 0 0 0 0 0 0 0 0 0 0 1 1 0 0 1 3 1 3 2 2 2 5 2 2 3 4 4 4 6 7 5 7 10 4 7 32 44 33 18 20 8 3 10 11 25 24 62 68 61 70 72 55 76 62 62 36 31 37 36 29 39 21 12 12 5 3 2 1
0 0 1 1 0 0 0 0 0 0 0 0 0 0 2 2 3 1 0 0 1 0 0 0 0 0 0 0 0 0 0 0 0 0 0 0 0 1 0 0 0 0 0 1 1 1 1 1 2 1 1 1 1 1 3 2 4 6 6 10 7 18 4 2 2 3 5 16 16 13 7 7 4 15 28 57 48 72 84 45 69 86 62 52 45 32 32 33 30 18 14 15 9 5 2 1
0 1 0 0 0 0 0 0 0 0 0 0 0 0 0 0 1 0 0 0 0 0 0 0 0 0 0 0 0 0 0 0 0 0 0 0 0 1 0 0 0 0 0 1 1 0 0 0 1 0 1 2 1 2 2 2 5 3 3 2 4 32 3 4 9 16 25 20 25 20 18 31 13 5 12 49 49 74 87 79 63 64 64 52 39 43 45 35 30 28 22 22 14 6 4 1
0 0 0 0 0 0 0 0 0 0 0 0 0 0 0 0 0 0 0 0 0 0 0 0 0 0 0 0 0 0 0 0 0 0 0 0 0 0 0 0 0 0 0 1 0 0 0 0 1 1 2 10 4 11 11 19 9 6 7 3 3 1 35 8 3 29 40 18 23 28 36 29 16 16 9 12 18 48 81 59 46 28 24 49 21 43 23 25 28 31 29 21 17 9 6 3
0 0 0 0 0 0 0 0 0 0 0 0 0 0 0 0 0 0 0 0 0 0 0 0 0 0 0 0 0 0 0 0 0 0 0 0 0 0 0 0 0 1 3 8 2 2 1 1 1 1 13 2 15 15 7 11 6 4 8 15 3 3 4 52 7 13 17 45 20 18 42 57 66 38 33 19 11 7 10 10 15 16 14 38 39 17 19 13 12 30 17 20 13 11 5 2
0 0 0 0 0 0 0 0 0 0 0 0 0 0 0 0 0 0 0 0 0 0 0 0 0 0 0 0 0 0 0 0 0 0 0 1 0 1 2 2 3 5 1 7 3 4 7 0 1 5 2 2 15 10 15 19 8 20 23 11 9 6 3 32 38 9 3 23 52 60 45 45 27 29 41 44 25 11 17 7 18 20 19 14 36 35 14 17 12 12 14 7 8 6 6 2
0 0 0 0 0 0 0 0 1 0 0 0 0 0 0 0 0 0 0 0 0 0 0 0 0 0 0 0 0 0 0 0 0 0 0 0 1 3 1 1 2 8 2 2 7 6 6 1 1 1 19 9 3 12 3 10 7 23 33 19 31 14 8 18 67 14 16 8 39 50 75 19 9 20 27 57 45 40 37 29 18 16 9 13 18 37 22 11 10 5 9 8 5 3 3 2
0 0 0 0 0 0 0 0 0 0 0 0 0 0 0 0 0 0 0 0 0 0 0 0 0 0 0 0 0 0 0 0 0 0 0 0 0 2 3 3 2 2 1 2 7 9 18 16 1 2 7 13 7 6 19 4 19 20 49 37 7 12 8 4 71 34 12 12 19 74 80 84 40 32 28 26 20 23 19 22 38 37 22 10 13 13 30 23 13 14 4 13 9 4 2 1
0 0 0 0 0 0 0 1 1 0 0 0 0 0 0 0 0 0 0 0 0 0 0 0 0 0 0 0 0 0 0 0 0 0 0 0 0 2 4 11 3 1 1 2 4 18 29 38 27 26 4 8 9 11 12 4 16 36 34 38 9 21 22 15 52 83 40 23 15 9 14 52 18 23 19 49 41 22 20 15 18 21 31 26 14 6 13 19 17 12 5 11 6 3 5 2
0 0 0 0 1 1 1 0 1 1 0 1 0 0 1 0 0 0 0 0 0 0 0 0 0 0 0 0 0 0 0 0 0 0 0 0 0 0 0 0 6 5 1 4 2 3 11 17 33 45 29 13 18 28 14 36 24 42 57 32 40 10 23 23 25 77 85 58 39 18 13 14 53 32 27 29 44 53 30 27 15 19 20 27 26 9 4 20 13 18 8 5 4 6 3 2
0 0 0 0 1 1 4 12 6 5 2 1 0 1 2 1 0 0 0 0 0 0 0 0 0 0 0 0 0 0 0 0 0 0 0 0 0 0 0 0 1 2 2 2 2 5 22 8 41 44 66 21 22 23 42 42 5 43 55 51 43 33 28 19 17 68 83 75 46 51 12 6 40 63 37 13 23 18 36 16 22 20 20 18 28 15 7 8 16 14 10 7 3 3 2 2
0 0 0 2 2 6 14 15 15 36 26 3 4 3 2 1 0 1 0 0 0 0 0 0 0 1 1 0 0 0 0 0 0 0 0 0 0 1 1 1 1 1 1 1 6 7 17 12 3 38 54 62 24 17 27 11 9 10 31 42 78 66 14 20 48 59 63 77 30 51 41 10 15 51 39 32 25 27 36 36 24 25 13 10 13 18 12 4 4 9 8 6 5 4 2 1
0 0 0 0 0 0 1 1 3 1 7 25 27 7 5 1 1 2 0 0 0 0 0 0 0 0 1 1 0 0 0 0 0 0 0 0 0 1 1 1 2 4 4 3 3 2 38 43 23 16 31 55 47 19 8 7 22 7 12 44 35 34 27 27 34 51 32 84 34 50 35 45 9 29 35 49 42 39 45 38 38 26 11 9 7 17 13 5 3 5 4 3 4 2 1 1
0 0 0 0 0 0 5 1 2 2 2 5 25 33 21 6 4 3 0 2 0 0 0 0 0 0 0 0 0 0 0 0 0 1 0 0 0 0 1 2 1 3 2 3 8 10 10 4 27 48 18 28 7 9 5 16 14 22 18 23 50 54 40 39 19 30 28 73 77 35 19 37 36 14 25 29 46 30 28 20 28 22 22 20 6 10 6 7 9 4 3 2 2 2 2 1
0 0 0 0 0 0 1 1 1 2 1 0 1 10 32 32 22 1 0 0 0 0 0 0 0 0 0 0 0 0 0 2 1 0 2 1 1 1 2 1 2 5 11 8 13 8 14 8 10 12 61 27 23 17 12 9 20 28 25 27 55 74 53 40 40 37 53 73 86 68 36 20 52 41 28 10 13 35 34 28 17 17 20 20 14 3 4 7 7 6 1 3 1 1 1 1
0 0 0 0 0 0 0 0 0 1 2 1 5 1 1 2 2 1 0 0 1 0 0 0 3 2 0 0 0 2 1 0 3 2 4 1 6 1 1 1 2 4 4 10 8 13 14 10 13 22 22 31 17 17 25 20 18 31 17 10 23 39 62 61 69 60 52 62 71 76 57 60 63 37 43 23 13 31 32 18 28 9 13 9 7 7 6 4 4 4 1 1 1 1 0 0
0 0 0 0 0 0 0 0 0 1 1 1 0 2 4 1 2 1 0 1 0 0 0 0 0 0 1 1 1 0 1 2 2 1 1 1 0 5 1 3 3 6 3 5 5 6 7 13 19 31 18 10 54 39 32 40 28 25 28 33 22 45 73 53 60 62 51 55 63 80 44 54 43 29 32 24 15 12 21 32 21 19 9 9 3 5 5 5 2 2 2 1 1 1 1 0
1 1 0 0 0 0 1 2 0 0 1 1 1 2 1 2 0 0 0 0 0 0 0 0 0 0 1 1 0 1 0 5 1 3 2 4 0 2 4 1 2 7 6 12 15 5 9 14 13 33 17 36 8 22 29 59 28 37 35 51 44 42 26 32 28 16 14 32 43 44 34 16 45 32 25 42 34 23 29 18 12 16 15 10 5 2 5 2 2 1 1 1 1 1 0 0
0 0 4 0 0 1 0 0 2 1 0 1 0 2 1 1 1 0 0 0 1 2 0 0 1 1 1 1 6 5 3 1 1 1 2 1 1 0 16 4 5 5 2 5 18 12 9 7 18 34 34 13 62 43 39 64 51 26 44 30 28 43 31 32 17 13 10 7 35 54 49 23 23 35 34 41 35 26 48 27 11 12 8 5 6 3 2 2 1 1 1 1 0 0 0 0
0 1 1 0 0 0 0 0 0 0 0 0 0 0 1 0 0 0 0 0 1 1 2 1 1 2 2 2 15 18 4 2 1 3 4 2 5 2 1 19 3 7 8 9 5 6 9 18 18 32 28 13 28 16 12 46 37 36 35 22 26 44 33 35 33 20 14 11 14 32 42 31 46 45 47 52 53 37 20 21 18 7 5 4 4 2 1 1 1 1 0 0 0 0 0 0
1 0 3 1 1 0 0 3 0 1 2 0 1 1 0 2 0 0 0 0 0 1 1 1 1 3 4 6 11 47 27 11 3 2 21 7 6 4 2 7 22 5 5 25 13 14 12 20 28 24 25 10 9 16 17 21 44 40 26 19 18 23 32 44 24 27 15 13 12 7 10 25 24 13 19 25 30 44 23 16 10 8 6 4 3 1 3 1 1 0 0 0 0 0 0 0
1 1 1 1 0 1 1 0 5 2 5 13 2 3 1 0 0 0 0 2 0 2 4 2 2 3 6 6 4 5 30 16 7 5 5 14 6 3 3 2 4 14 6 4 6 8 11 20 47 35 53 28 20 19 20 18 28 25 26 55 27 15 19 20 13 15 12 7 5 6 5 6 7 5 8 20 17 12 20 13 10 5 5 3 3 1 1 0 0 0 0 0 0 0 0 0
0 3 1 2 1 2 5 3 1 1 1 0 1 1 1 3 1 0 1 0 4 1 6 6 2 4 7 6 4 2 3 16 26 9 2 8 10 4 9 6 6 3 13 15 8 9 22 17 39 29 65 35 19 20 20 20 25 25 17 34 36 23 10 9 5 6 11 11 5 2 5 4 2 2 3 6 9 6 11 6 7 3 6 3 1 1 0 0 0 0 0 0 0 0 0 0
0 0 0 1 1 0 0 0 1 1 2 2 2 2 1 2 3 2 2 1 1 1 7 23 4 6 8 12 6 2 2 2 25 10 13 8 18 4 13 15 10 5 3 16 11 17 14 17 33 24 10 14 28 29 31 33 16 15 6 6 17 8 9 5 8 5 9 6 6 2 2 3 2 2 2 1 2 4 8 5 4 1 1 1 1 0 0 0 0 0 0 0 0 0 0 0
0 0 0 0 0 0 0 0 0 1 0 1 1 0 1 3 1 0 1 3 1 15 6 16 13 7 15 12 17 6 2 4 3 13 13 15 23 6 16 9 10 12 10 8 21 12 15 32 35 37 34 20 29 19 22 25 15 10 5 5 6 5 4 3 2 3 2 2 3 3 1 0 1 1 1 1 1 1 2 2 1 1 1 1 0 0 0 0 0 0 0 0 0 0 0 0
0 0 0 0 0 1 0 0 0 0 0 0 0 0 1 1 1 1 0 1 10 6 4 4 42 8 3 3 4 3 3 2 4 2 4 7 76 46 11 17 12 5 10 12 7 16 12 18 46 50 52 32 26 20 22 22 7 4 3 10 19 18 12 12 10 8 8 4 1 1 0 0 1 1 1 0 0 1 1 1 1 1 0 0 0 0 0 0 0 0 0 0 0 0 0 0
0 0 0 0 0 0 0 0 0 0 0 0 0 0 0 1 0 1 2 12 5 5 29 14 28 18 5 4 5 6 6 7 2 4 5 3 2 3 14 11 6 15 5 12 10 20 25 22 46 34 47 48 41 31 20 10 7 8 11 18 28 39 43 36 10 15 8 8 6 4 3 1 1 0 1 1 1 0 0 0 0 0 0 0 0 0 0 0 0 0 0 0 0 0 0 1
0 0 0 0 0 0 0 0 0 0 0 0 0 0 0 0 0 1 2 1 3 5 2 1 3 2 2 3 9 13 6 17 13 6 5 3 4 4 3 9 7 20 13 6 19 15 37 25 27 20 30 32 28 31 15 17 13 16 30 37 42 39 33 35 25 13 18 19 16 15 11 9 2 1 3 5 2 1 1 0 0 0 0 0 0 0 0 0 0 0 0 0 0 0 1 0
0 0 0 0 0 0 0 0 1 1 1 0 0 0 0 0 0 1 4 3 7 2 4 2 2 3 9 6 7 9 17 12 8 9 12 2 1 2 4 6 4 9 18 18 19 19 15 14 37 24 22 24 20 13 20 31 20 39 42 33 47 42 42 35 32 28 27 37 40 32 26 10 2 3 8 5 3 3 1 1 2 1 0 0 0 0 0 0 0 0 0 0 0 0 0 0
0 0 0 0 0 0 0 1 2 3 1 1 0 0 0 0 0 1 2 1 1 2 4 3 2 3 6 3 2 6 6 5 2 4 12 7 3 2 5 3 2 5 5 7 13 14 18 17 27 25 18 11 19 23 36 35 36 45 45 45 34 46 47 38 58 34 41 39 45 45 17 9 4 7 11 7 8 2 1 3 1 1 0 0 0 0 0 0 0 0 0 0 0 0 0 0
0 0 0 0 0 0 0 0 0 0 2 3 1 2 2 2 6 1 1 5 1 1 4 2 3 4 3 3 2 7 6 7 7 7 12 6 4 11 10 3 2 12 6 11 10 7 21 13 17 16 14 21 32 39 38 47 38 35 35 41 33 48 52 61 62 55 44 41 44 38 29 25 41 22 10 12 5 3 4 2 1 0 0 0 0 0 0 0 0 0 0 0 0 0 0 0
0 0 0 0 0 0 1 7 5 2 3 10 4 4 8 4 18 15 12 7 2 7 1 1 1 1 6 8 8 14 4 30 38 11 4 5 2 8 7 4 17 7 8 7 13 8 13 14 16 18 28 28 44 54 52 41 57 39 47 44 35 53 54 57 53 52 47 44 47 49 45 18 11 4 2 7 13 6 1 5 2 1 0 0 0 0 0 0 0 0 0 0 0 0 0 0
0 0 0 0 0 1 3 5 9 1 1 11 2 2 6 2 3 1 3 10 2 3 2 2 1 3 5 10 12 23 9 6 7 26 9 8 3 13 6 6 8 15 13 15 18 31 36 37 14 44 47 37 38 51 61 61 34 24 64 50 40 46 48 39 56 65 25 59 62 44 40 31 23 10 4 14 28 11 3 4 2 2 1 0 0 0 0 0 0 0 0 0 0 0 0 0
1 0 0 1 0 0 0 1 1 5 1 6 2 3 4 1 1 1 3 2 2 1 3 1 3 6 8 4 3 14 10 7 4 3 6 5 10 13 5 5 21 25 13 38 34 21 26 17 18 42 56 40 42 71 40 37 36 23 68 38 32 40 55 59 51 49 46 59 40 29 34 26 26 38 20 18 24 14 8 5 4 3 1 1 0 0 0 0 0 0 0 0 1 0 0 1
2 3 0 2 1 3 4 2 0 1 4 24 10 1 12 1 3 2 5 3 1 1 7 3 5 5 7 7 6 6 4 5 6 10 13 8 18 3 5 11 18 20 33 39 28 16 10 18 34 25 40 55 69 32 21 34 34 23 64 35 61 30 54 34 36 71 56 40 62 40 30 36 60 61 25 6 12 21 10 5 4 3 1 1 0 0 0 0 0 0 0 0 2 1 2 7
1 2 4 2 2 19 5 18 11 0 3 15 1 2 15 5 3 1 12 1 1 1 3 2 9 7 4 3 4 2 1 5 14 7 21 4 23 4 15 11 31 32 45 23 21 18 18 34 34 27 25 47 49 23 34 44 39 30 61 61 38 51 44 55 72 57 58 53 45 28 33 74 55 15 23 28 19 17 10 7 5 3 1 0 0 0 0 0 0 0 0 1 1 0 5 9
5 7 7 23 15 20 21 35 15 5 4 4 5 1 12 5 3 2 1 1 1 2 5 2 5 4 4 11 9 9 10 12 7 3 6 9 32 11 13 16 35 39 31 21 11 24 22 48 46 23 21 32 24 16 24 49 21 52 46 50 56 23 38 72 74 54 50 38 49 57 50 55 40 36 36 15 12 11 9 5 3 2 1 0 0 0 0 0 0 0 1 1 1 1 7 37
0 11 20 7 29 3 12 29 33 34 25 23 9 1 15 22 8 2 3 3 1 4 5 3 2 5 10 2 3 4 1 4 3 11 32 13 21 7 7 14 34 23 21 8 18 32 22 29 42 22 23 28 9 19 41 36 14 44 23 68 45 50 68 66 54 48 58 41 29 14 18 16 12 8 7 5 2 3 4 2 1 1 1 1 0 0 0 0 0 0 0 1 4 5 11 26
1 1 4 1 1 1 2 2 5 2 3 7 24 3 2 13 32 15 8 5 3 3 1 2 8 2 4 5 15 14 2 6 8 11 40 27 35 10 7 17 17 10 7 20 31 24 18 22 31 12 21 30 21 37 56 27 37 14 35 44 28 55 54 19 11 15 13 27 50 47 51 46 56 32 12 4 4 3 4 4 3 2 1 0 0 0 1 1 1 0 0 1 3 14 29 30
