sesion_6_simulaciones/modelos_agentes/ejemplos_netlogo/scenarios/cgcm2_a2/rob_2053.asc
NCOLS 322 
NROWS 307 
XLLCORNER 451900 
YLLCORNER 4086900 
CELLSIZE 100 
NODATA_value -9999 
[rows 219 to 291 of 307, columns 192 to 287 of 322]
10 9 3 2 1 1 1 1 0 0 0 0 0 0 0 0 0 0 0 0 0 0 0 0 0 0 0 0 1 0 1 2 6 15 46 51 36 52 46 37 49 53 55 54 45 38 28 65 51 33 36 31 31 37 9 57 46 22 25 44 57 61 48 82 79 83 81 50 30 23 55 55 71 29 3 1 0 0 0 0 0 0 0 0 0 0 0 0 0 1 1 2 2 2 4 4
14 5 5 9 5 3 1 1 1 0 0 0 0 0 0 0 0 0 0 0 1 0 0 1 1 0 0 1 1 1 2 1 6 14 34 25 48 37 41 36 50 47 40 59 43 29 31 27 35 20 45 31 19 25 36 17 13 28 18 54 69 61 55 82 89 80 80 90 75 48 32 32 40 20 12 3 1 0 0 0 0 0 0 0 0 0 0 1 1 1 1 1 3 2 3 8
4 1 1 5 3 1 1 0 0 0 0 0 0 0 0 0 0 0 0 0 1 1 1 1 1 1 1 1 1 2 2 2 3 13 17 20 17 32 40 36 58 53 54 66 48 44 44 36 45 22 56 28 14 11 36 45 7 15 46 39 48 33 21 58 83 67 70 82 91 73 20 6 3 5 5 0 0 0 0 0 0 0 0 0 0 0 0 0 0 1 2 1 1 2 4 5
2 2 1 0 3 2 1 0 0 0 0 0 0 0 0 0 0 0 0 0 0 1 5 4 2 3 2 2 4 5 2 4 12 14 14 11 20 38 36 40 44 37 40 60 38 48 51 31 40 53 45 39 16 14 19 19 18 42 62 60 42 35 45 28 60 79 67 60 75 79 40 21 6 1 1 0 0 0 0 0 0 0 0 0 0 0 0 0 0 1 1 2 2 2 3 2
8 8 5 3 1 1 1 1 0 0 0 0 0 0 0 0 0 0 0 0 1 2 5 9 4 5 6 5 9 10 7 7 15 19 20 13 23 19 27 31 38 32 41 59 46 32 47 32 42 36 32 20 22 17 10 12 17 32 30 30 25 37 45 30 36 61 52 46 64 71 40 13 5 1 0 0 0 0 0 0 0 0 0 0 0 0 0 0 0 1 1 1 2 3 4 5
10 7 6 3 2 1 1 0 0 0 0 0 0 0 0 0 0 0 0 0 1 4 6 15 14 8 9 13 13 24 22 15 16 18 22 14 25 11 27 29 22 31 37 58 65 31 45 42 23 18 25 24 33 10 5 17 20 38 19 39 39 42 46 43 17 21 5 3 8 43 51 14 3 0 0 0 0 0 0 0 0 0 0 0 0 0 0 1 1 0 1 2 2 3 4 10
5 3 3 1 1 1 0 0 0 0 0 0 0 0 0 0 0 1 1 1 1 2 5 13 20 21 16 18 15 29 57 38 24 24 13 15 20 19 38 22 19 21 33 38 56 50 20 31 11 11 10 7 19 17 3 13 18 16 27 47 53 47 56 46 19 22 13 17 5 5 20 7 2 1 1 1 1 0 0 0 0 0 0 0 0 0 0 0 1 1 1 3 3 3 4 7
5 3 2 1 0 0 0 0 0 0 0 0 0 0 0 0 0 1 1 2 1 3 7 9 22 48 28 24 28 20 39 53 26 35 25 30 37 36 24 25 16 21 21 23 27 35 25 46 33 10 34 28 14 9 5 10 42 37 41 48 63 52 47 30 23 21 26 33 14 8 6 1 2 2 2 1 1 0 0 0 0 0 0 0 0 0 1 0 0 0 1 1 3 4 4 7
3 5 3 2 1 1 0 0 0 0 0 0 0 0 0 0 1 1 2 5 5 8 8 12 20 47 61 36 52 30 40 54 38 25 45 47 37 33 32 29 8 14 13 22 32 35 45 57 65 25 23 23 17 7 10 14 27 25 42 54 55 38 35 25 50 39 44 33 15 9 3 2 2 3 2 2 1 1 0 0 0 0 0 0 0 0 0 0 0 0 1 1 1 2 4 8
5 2 1 1 1 0 0 0 0 0 0 0 0 0 1 0 0 1 3 5 12 21 33 23 28 41 73 35 54 33 39 54 21 23 44 46 50 44 35 32 20 21 18 15 34 39 37 54 48 47 34 25 18 11 31 45 42 46 57 69 49 29 32 47 74 63 35 23 14 7 6 5 6 5 6 3 2 1 0 0 0 1 1 0 1 0 0 1 0 1 1 2 2 2 3 8
5 3 1 1 0 0 0 0 0 0 0 0 0 0 0 0 0 1 1 3 6 16 37 57 50 43 64 63 71 41 61 34 21 20 32 50 52 52 29 31 31 33 21 19 25 40 41 40 34 31 41 40 20 23 29 27 46 31 42 15 28 53 54 78 70 47 33 20 23 21 15 11 10 11 4 2 2 1 0 0 0 1 1 1 0 1 1 1 0 1 1 1 4 4 5 8
1 2 1 0 0 0 0 0 0 0 0 0 0 0 0 0 1 1 1 3 9 16 34 37 59 57 70 74 67 38 53 26 22 48 33 47 52 38 35 43 40 44 21 22 43 42 52 42 51 25 26 22 19 6 14 9 73 44 22 36 48 49 55 46 29 25 24 25 17 21 28 26 15 4 1 1 1 0 0 0 0 0 1 1 1 1 2 4 1 1 1 2 3 3 5 9
0 0 1 0 0 0 0 0 0 0 0 0 0 0 1 1 1 1 3 7 9 17 35 49 47 55 63 61 63 61 69 37 28 39 50 39 49 43 38 37 40 28 33 21 23 28 44 49 44 35 16 18 12 13 25 25 8 76 78 51 31 17 34 30 39 32 22 14 8 26 52 28 10 3 1 1 0 0 0 0 0 0 1 1 2 1 1 2 3 1 1 2 3 4 4 8
1 0 0 0 0 0 0 0 0 0 0 0 0 1 1 1 1 2 5 6 7 27 46 58 46 52 63 57 76 82 53 43 43 57 36 52 50 47 44 42 40 35 52 18 33 31 41 37 26 12 30 16 21 23 33 53 36 29 39 44 24 43 27 28 24 29 25 9 16 30 30 11 8 5 1 0 0 0 0 0 0 0 0 2 2 1 0 1 6 1 1 2 4 4 3 5
0 0 0 0 0 0 0 0 0 0 0 0 0 0 1 1 2 4 7 18 13 16 55 48 66 55 60 65 26 80 56 51 43 59 48 37 44 54 45 44 43 36 61 20 20 59 40 36 33 22 39 18 19 41 50 19 46 46 26 13 25 14 22 27 25 25 15 42 31 12 18 7 4 3 2 0 0 0 0 0 1 1 0 1 1 2 1 2 4 4 3 2 2 8 6 5
1 1 1 0 0 0 0 0 0 0 0 0 0 0 0 1 1 3 8 18 29 40 67 53 68 68 71 65 70 63 82 48 41 51 43 21 29 48 53 57 43 21 40 47 12 29 32 56 32 32 39 28 19 33 24 24 13 15 20 36 29 32 28 42 19 20 30 14 10 15 11 6 4 1 0 0 0 0 1 0 1 1 1 1 3 4 1 1 4 4 13 5 2 3 11 10
0 1 0 0 0 0 0 0 0 0 0 0 0 0 0 1 1 3 8 14 33 29 45 15 34 58 56 25 25 48 75 39 48 78 43 42 48 56 34 13 25 12 40 47 13 36 51 32 12 25 38 32 20 28 21 11 36 39 49 33 17 25 52 62 42 33 49 44 32 19 9 5 1 1 0 0 1 0 1 0 1 1 1 1 3 3 6 2 5 3 1 9 3 3 5 8
0 0 0 0 0 0 0 0 0 0 0 0 0 0 0 0 1 1 4 10 18 14 14 41 38 40 28 34 46 48 64 63 65 67 60 54 50 45 45 23 32 30 33 50 11 23 40 34 18 16 19 30 26 24 8 24 41 17 23 31 33 54 63 64 64 57 36 20 26 14 25 8 2 1 0 0 0 1 1 1 1 1 2 1 2 3 3 8 7 7 4 11 6 1 4 4
1 0 0 0 0 0 0 0 0 0 0 0 0 0 0 0 1 1 2 3 6 31 34 27 40 51 45 35 41 53 50 49 63 64 44 50 45 47 51 20 48 39 30 50 10 15 36 28 40 37 14 14 36 28 17 26 27 21 50 35 62 46 46 69 79 47 35 13 29 9 6 4 1 1 1 1 1 2 2 1 2 1 1 2 2 1 3 10 21 24 4 4 7 4 6 12
0 0 0 0 0 0 0 0 0 0 0 0 0 0 0 0 0 0 1 3 7 13 23 20 19 33 47 35 47 34 45 51 52 72 54 62 43 58 38 41 23 34 19 38 11 9 20 21 24 35 36 16 18 6 20 10 9 33 38 32 41 32 57 62 63 68 32 10 5 5 3 1 0 1 1 1 1 1 3 3 5 2 2 2 2 2 2 1 2 6 19 16 10 7 8 12
0 0 0 0 0 0 0 0 0 0 0 0 1 1 0 0 1 1 1 3 8 14 13 23 30 45 35 30 38 37 22 27 48 40 36 61 29 52 38 34 33 34 66 42 16 18 32 47 21 14 17 15 5 25 7 12 26 57 51 73 71 53 36 42 37 23 20 20 8 3 1 0 0 2 1 3 1 1 3 6 4 7 3 3 3 3 4 3 3 4 11 9 9 33 10 17
0 0 0 0 0 0 0 0 0 0 0 0 1 1 1 0 1 1 2 2 4 3 7 10 15 27 23 19 25 28 39 38 24 21 14 63 38 64 30 42 32 28 69 48 33 20 53 35 36 27 13 36 14 35 24 39 41 18 35 40 45 38 22 31 41 27 29 10 9 4 2 0 1 1 2 4 5 2 2 4 6 10 6 8 4 2 3 6 2 1 2 2 3 12 21 12
0 0 0 0 0 0 0 0 0 0 0 1 1 1 2 1 1 3 2 6 11 15 26 32 38 35 37 53 56 41 46 61 58 39 51 45 66 56 31 35 27 21 17 51 27 12 23 29 33 22 28 42 55 61 87 76 77 66 68 44 44 43 47 54 40 24 16 9 6 3 1 0 1 2 4 4 5 4 5 10 6 14 7 12 6 3 3 7 9 2 5 6 4 3 3 7
0 0 0 0 0 0 0 0 0 0 0 1 0 1 2 1 1 1 6 12 23 22 32 46 60 67 67 57 76 61 46 45 39 27 16 18 37 40 46 34 35 12 15 43 17 13 13 28 14 25 5 5 7 10 28 46 84 84 62 59 46 41 21 47 30 18 13 8 2 1 0 0 2 3 2 4 6 10 6 12 7 4 17 16 9 4 4 11 8 4 6 9 8 16 21 31
0 0 0 0 0 0 0 0 0 0 0 0 1 1 1 3 1 1 2 5 14 33 16 40 39 56 64 50 11 28 46 33 22 22 28 38 42 23 50 17 30 15 6 29 20 24 8 8 7 17 15 11 11 11 11 11 29 60 74 76 81 43 35 24 18 14 12 9 6 1 1 1 4 4 4 5 17 12 14 13 15 5 6 27 13 5 5 7 8 6 10 5 13 17 26 35
0 0 0 0 0 0 0 1 1 1 0 0 1 1 1 2 1 1 2 4 7 13 11 27 24 24 25 16 13 15 27 24 23 32 27 17 29 45 38 7 21 25 6 15 16 6 4 22 16 14 33 21 28 33 31 36 40 55 47 37 49 77 57 41 31 25 22 9 5 1 1 4 5 8 10 7 14 19 15 11 10 11 4 16 24 12 12 5 13 7 13 14 10 20 22 16
0 0 0 0 1 1 1 1 1 1 0 1 1 1 2 1 4 0 1 1 3 3 8 11 15 29 28 34 41 28 40 22 23 38 31 24 24 17 8 10 20 26 61 31 11 13 5 12 16 13 33 42 22 41 57 32 27 25 28 20 21 35 53 48 37 20 18 8 3 1 2 5 6 10 11 13 9 28 18 28 13 22 14 14 44 18 24 9 16 16 16 28 17 19 16 24
0 0 0 0 1 1 1 1 1 1 1 1 1 2 3 2 3 1 1 2 2 2 7 10 17 24 32 30 33 51 45 49 42 61 20 16 20 25 24 21 47 43 14 15 40 17 9 11 11 45 55 17 37 34 27 30 46 40 48 30 25 21 20 22 22 16 8 6 2 1 3 6 8 14 11 10 11 18 24 33 23 15 26 15 47 13 17 20 12 28 19 19 19 14 17 17
0 0 1 1 1 1 1 1 2 2 1 0 1 1 5 13 1 1 1 5 6 8 6 8 13 15 27 19 24 37 40 33 29 29 32 32 26 35 34 21 12 10 6 4 9 22 24 12 47 62 14 8 13 40 38 34 30 40 27 25 29 21 18 12 10 8 6 3 2 3 5 8 8 9 11 12 14 18 29 24 25 21 24 37 48 16 20 23 13 33 21 10 27 11 6 14
1 1 1 1 1 1 1 2 3 3 1 0 1 2 4 5 2 2 1 4 8 9 9 6 6 6 17 23 25 35 26 24 30 30 28 27 27 22 20 22 14 9 7 5 8 4 7 34 12 34 12 13 14 12 24 76 48 51 40 34 25 21 16 11 8 6 5 2 2 3 6 8 6 10 10 19 24 15 19 40 31 37 38 38 50 31 35 14 37 30 9 16 23 9 13 17
1 1 1 4 2 1 1 2 3 6 1 1 2 2 5 10 5 3 3 8 13 19 11 15 15 5 10 15 20 17 26 18 26 27 27 16 15 8 11 14 27 26 24 19 18 24 21 7 4 9 16 36 37 32 38 22 35 38 50 46 34 21 15 13 10 7 5 2 1 6 8 9 12 12 22 20 18 28 18 16 28 30 30 45 22 79 40 15 27 28 7 17 15 29 16 23
2 3 1 4 2 1 1 3 4 6 1 1 2 3 7 8 9 1 5 11 13 27 15 18 19 25 15 13 10 11 14 25 42 31 13 27 12 27 16 16 20 27 14 11 9 14 7 7 16 29 35 30 39 35 46 15 12 13 14 26 22 22 18 16 13 12 8 3 1 6 7 7 14 17 22 9 18 13 27 12 20 18 32 21 44 68 25 18 41 15 9 18 17 26 30 29
1 2 4 4 4 3 2 3 6 13 2 3 4 6 7 12 2 1 8 12 22 31 35 20 42 26 29 29 18 19 13 46 55 34 37 23 19 27 18 14 26 10 17 7 12 12 10 10 11 30 29 22 39 43 37 14 28 35 34 39 34 29 28 29 21 19 11 4 2 8 10 9 22 14 19 30 30 21 12 24 16 25 29 37 31 55 45 37 38 17 16 25 14 15 7 35
1 1 5 5 5 4 3 4 8 8 2 5 7 17 20 6 2 1 9 12 14 36 35 41 27 31 49 37 33 32 33 42 56 49 38 42 40 23 43 23 12 19 6 5 5 9 9 10 12 16 22 29 34 29 41 39 40 48 47 49 51 50 35 24 14 9 9 2 4 11 16 12 23 28 18 23 31 23 25 8 35 11 16 36 39 56 63 72 35 20 28 23 29 31 21 46
2 2 6 8 12 7 4 4 11 11 3 3 10 22 13 3 1 4 8 12 23 31 32 38 43 34 45 40 54 53 53 40 21 27 37 35 35 17 30 27 27 18 9 8 19 9 7 21 7 7 10 17 37 53 38 37 57 56 54 35 53 33 15 19 19 11 4 3 3 9 23 13 22 29 34 26 35 22 29 22 16 38 18 8 11 34 55 67 33 43 33 28 26 44 18 19
2 3 4 6 19 10 5 6 9 14 3 3 11 21 8 3 2 5 13 13 16 21 26 34 55 32 39 38 33 53 56 42 43 32 31 19 27 26 34 23 22 13 11 14 28 15 13 15 4 4 7 28 42 28 55 61 31 38 26 27 21 18 28 28 14 11 9 3 4 5 27 18 18 19 26 35 28 27 14 25 14 43 26 20 11 10 28 44 53 69 39 34 28 38 13 18
3 7 5 5 9 21 7 10 20 5 4 4 7 29 12 4 2 8 13 15 26 38 38 54 52 45 27 33 51 46 27 55 72 56 26 26 20 21 31 21 11 19 19 13 14 6 10 7 18 14 20 27 33 47 56 42 55 32 38 38 30 26 22 16 16 14 6 3 4 9 10 31 19 18 23 26 42 40 27 46 18 17 28 24 19 17 17 33 52 56 39 39 32 36 20 30
4 5 14 11 5 14 4 12 37 6 6 13 17 21 7 5 1 4 17 20 36 29 35 56 55 51 45 18 15 17 25 24 28 11 13 23 37 22 22 35 25 16 11 9 6 4 5 7 23 26 28 33 43 47 64 60 58 45 37 44 35 38 37 19 18 15 7 5 6 17 18 20 38 17 21 24 48 41 29 23 33 18 14 37 33 20 24 24 42 48 58 38 32 23 35 18
5 7 16 23 10 26 6 13 41 15 8 20 23 12 4 1 1 3 7 21 39 43 35 37 47 61 43 20 25 20 24 24 30 23 17 10 21 29 35 32 18 16 6 11 10 6 10 4 1 4 27 23 21 38 38 30 29 52 50 43 45 24 24 22 16 15 13 3 7 18 23 19 23 10 28 28 30 47 58 47 45 26 18 17 35 22 18 31 47 79 70 36 24 21 35 17
5 7 9 28 12 22 12 11 17 23 10 27 20 4 2 3 5 7 12 27 30 33 44 27 37 47 62 27 20 21 32 30 29 27 22 30 20 25 14 7 9 15 8 8 14 8 7 2 9 14 19 36 69 53 35 63 57 73 50 35 42 40 37 32 29 15 13 7 11 22 20 32 43 18 19 44 34 51 42 37 54 21 29 31 55 23 13 20 16 35 58 31 31 15 49 34
6 6 6 15 38 17 27 12 35 15 35 15 5 2 5 6 10 7 31 41 21 32 36 41 19 33 55 63 31 33 20 30 25 14 11 12 18 12 9 8 10 4 4 2 7 3 6 3 13 12 12 31 27 45 56 54 36 58 34 26 31 33 32 29 16 12 10 18 18 23 28 35 9 26 37 44 41 30 45 30 67 26 30 22 30 46 32 35 42 36 46 27 50 18 29 47
15 9 7 9 16 32 34 17 53 22 21 4 2 6 8 14 14 9 12 11 24 28 35 56 49 31 31 15 37 51 18 31 16 13 21 24 25 15 13 11 7 7 15 8 4 2 2 2 8 16 24 27 42 30 41 38 36 34 23 8 23 29 27 23 13 9 10 19 20 23 28 43 14 13 7 13 38 53 69 24 57 44 31 33 20 17 55 28 40 42 34 51 18 20 34 47
11 16 12 9 9 20 48 24 22 8 5 1 5 9 20 26 24 9 13 14 26 32 28 11 18 14 19 36 11 19 36 53 33 35 11 25 9 13 14 3 4 5 4 3 3 12 4 4 8 15 24 16 17 28 30 34 26 42 31 34 43 30 29 16 22 23 13 23 23 27 25 41 14 26 16 21 21 16 40 32 27 53 32 38 22 42 46 13 37 52 55 44 16 22 20 24
11 20 14 20 27 38 39 20 20 5 7 5 9 19 20 25 32 19 22 24 28 32 24 19 16 23 20 12 16 30 15 22 25 54 23 41 9 8 9 9 8 5 6 7 3 3 6 5 10 19 34 15 17 25 39 19 39 60 66 57 47 32 32 31 26 22 24 36 26 26 27 35 18 32 29 23 35 31 36 54 20 54 31 53 19 18 41 9 19 25 53 33 13 23 25 49
14 26 19 26 35 46 36 8 5 2 10 9 18 23 24 33 21 45 36 26 30 30 28 33 35 28 27 16 19 40 15 12 7 8 9 26 33 24 18 33 20 17 9 7 7 4 2 6 20 17 26 10 12 27 29 35 49 73 36 41 51 31 34 28 25 24 31 44 27 28 29 31 30 31 43 25 36 34 33 32 47 76 43 50 35 11 47 26 10 14 34 42 23 26 21 8
17 33 35 31 64 40 9 6 9 11 21 18 16 28 27 40 15 28 58 19 35 25 16 22 33 36 15 24 26 30 51 17 12 6 7 5 6 4 9 28 30 13 15 10 8 6 4 5 14 13 12 11 18 24 43 46 44 44 43 30 47 39 27 10 31 16 19 52 30 30 42 32 46 30 42 35 33 38 32 25 29 16 59 57 47 15 22 20 9 10 18 46 20 33 36 28
19 29 57 48 57 11 11 10 12 21 25 24 35 46 16 32 17 28 33 53 20 41 15 14 19 35 35 31 27 20 11 24 11 13 9 7 7 7 7 8 13 6 5 8 3 2 2 9 9 9 11 10 11 20 38 54 24 48 68 56 27 22 15 8 43 28 28 47 38 28 47 33 61 42 41 46 29 30 44 29 21 16 43 38 46 20 10 44 12 14 22 42 40 38 23 27
14 33 62 71 39 6 12 21 26 25 43 50 25 33 19 20 39 17 32 30 23 31 21 19 22 29 24 43 27 30 33 21 30 17 14 10 7 7 6 9 10 5 4 4 4 3 5 16 8 10 10 8 15 29 48 44 70 47 38 53 31 18 6 17 23 49 31 33 41 28 37 31 53 44 28 44 42 28 30 45 36 12 21 52 58 23 6 28 19 14 25 17 59 41 20 62
16 39 66 42 7 9 26 25 19 48 34 63 20 39 21 18 25 61 18 33 47 29 40 17 17 31 38 28 27 43 25 23 45 10 14 11 9 11 3 9 7 3 9 10 8 6 13 9 12 15 19 23 23 23 30 43 50 40 43 35 32 17 8 25 21 33 29 31 43 28 31 36 32 51 28 29 56 27 29 33 46 14 24 29 46 23 10 19 27 19 14 12 14 33 27 20
18 50 47 25 12 18 29 32 20 38 20 58 23 39 48 17 43 62 13 41 58 18 52 17 16 34 40 40 16 12 46 10 10 25 35 19 5 9 4 8 4 3 3 4 4 5 6 11 16 24 15 14 11 16 18 27 36 40 29 48 33 19 17 26 35 40 20 25 39 39 25 23 17 39 27 27 36 34 27 23 10 11 34 21 45 21 14 7 21 34 7 17 37 33 37 7
20 45 42 31 15 19 38 54 18 25 25 48 20 33 59 26 39 60 22 22 34 34 37 20 16 19 19 31 32 29 12 17 8 7 2 29 21 6 4 5 4 5 7 6 7 6 5 9 13 24 18 24 17 25 19 25 14 26 31 18 16 29 26 28 26 34 38 28 32 38 16 27 16 28 31 27 35 14 12 29 13 14 13 17 49 52 15 8 17 29 5 9 30 40 41 20
44 42 52 21 18 27 30 39 19 30 28 33 37 21 53 21 17 50 24 17 18 16 60 35 14 13 16 16 19 22 40 23 6 15 3 5 23 6 3 5 2 11 11 11 5 7 2 6 14 27 30 17 16 9 12 26 37 56 34 15 8 25 26 27 28 28 53 19 32 41 15 24 25 29 45 5 24 29 13 12 23 12 11 12 20 43 10 8 12 31 8 8 11 41 66 50
75 42 16 17 26 28 29 35 19 54 34 17 41 19 60 18 18 34 26 13 18 31 48 24 12 17 13 29 29 28 20 22 15 20 2 6 6 16 2 3 7 11 5 8 6 7 4 2 7 20 24 32 25 15 24 28 38 54 45 19 9 39 26 18 26 25 40 25 16 42 24 13 14 43 35 14 12 13 34 8 19 35 15 15 56 35 6 19 2 42 20 7 5 5 13 19
17 9 19 16 25 29 44 41 33 45 28 18 69 16 19 47 22 50 30 11 13 23 24 51 19 22 11 23 29 26 17 10 15 33 6 8 4 33 3 4 4 4 4 4 3 8 6 8 9 28 29 19 41 20 18 15 14 39 42 9 14 24 29 15 29 25 23 38 17 46 31 18 20 17 35 13 13 20 17 16 7 4 34 13 22 38 12 32 6 22 49 9 22 14 8 6
36 18 41 31 26 30 51 27 56 37 13 21 48 23 23 49 14 20 52 9 25 20 14 40 11 22 19 15 18 20 27 23 4 14 7 8 5 5 15 4 1 6 5 10 7 4 2 10 19 22 40 31 9 16 19 3 17 23 17 7 20 47 35 14 11 38 14 31 13 20 63 12 26 26 16 19 16 15 28 19 21 9 12 21 7 36 46 34 10 16 72 9 12 9 19 7
60 33 19 34 34 38 32 28 52 27 23 24 18 22 22 29 16 14 47 17 23 17 8 17 26 20 19 11 13 12 16 16 21 5 8 20 5 4 8 13 3 10 6 8 8 6 7 3 19 7 5 4 5 14 14 36 26 12 18 15 11 35 20 16 15 24 39 11 34 10 37 10 21 36 7 11 34 8 14 21 29 13 9 3 6 6 33 48 14 10 40 17 12 9 16 12
82 41 26 25 26 33 14 30 42 11 29 23 21 22 16 34 16 16 31 10 11 28 10 4 3 9 9 5 21 32 15 15 24 3 5 1 10 4 5 35 3 4 4 7 8 5 10 6 42 14 11 6 8 8 30 43 20 5 6 26 11 9 28 14 25 14 49 9 49 8 21 23 13 20 8 28 15 12 8 10 15 20 16 8 7 7 5 8 34 45 32 22 14 8 21 12
59 21 14 31 17 18 17 19 41 11 20 15 17 41 16 38 17 40 16 9 8 21 14 7 7 8 10 9 13 15 31 30 7 5 3 2 2 11 3 36 2 2 2 5 5 3 12 5 3 8 12 17 3 20 34 31 18 11 4 32 17 13 6 27 24 23 39 10 40 15 10 15 25 38 13 8 15 6 13 3 4 14 7 10 6 5 6 3 5 9 43 18 8 10 24 13
71 23 53 23 24 17 17 17 16 12 22 20 10 47 45 11 26 22 24 19 17 8 15 12 15 19 11 17 7 7 10 10 9 5 2 4 2 3 6 14 5 1 3 2 4 4 4 16 3 4 7 8 15 46 39 25 18 16 4 10 23 11 18 14 19 39 22 27 6 27 40 6 35 52 15 3 11 4 7 3 12 9 13 13 3 2 3 5 5 4 10 21 16 4 21 5
61 40 16 17 16 20 27 17 20 10 14 13 20 31 28 9 10 11 11 3 13 9 13 18 26 19 14 20 18 4 5 7 26 14 3 2 10 2 2 6 10 1 4 2 4 11 8 5 2 4 4 7 22 30 31 17 4 13 13 7 23 10 14 16 6 16 11 14 8 12 40 8 23 26 1 4 6 11 8 6 1 15 2 5 9 1 1 2 6 6 10 3 27 6 12 3
11 41 11 19 19 16 21 13 45 12 13 14 14 4 26 12 13 6 20 9 7 13 14 15 17 8 17 25 19 2 5 7 10 13 11 6 4 8 2 2 13 1 2 2 2 14 20 6 4 4 7 18 24 24 31 11 7 15 10 12 28 11 5 6 14 9 9 25 7 11 32 16 42 12 2 7 3 1 4 11 2 6 4 5 12 3 5 3 4 3 3 7 12 12 19 2
21 58 12 14 8 17 21 20 10 20 14 11 15 6 15 8 12 7 45 12 4 8 10 37 9 7 12 20 18 4 6 5 14 7 13 7 3 3 6 2 12 1 2 1 2 5 3 7 2 11 9 18 26 31 14 4 9 14 11 14 30 16 24 9 8 17 7 23 6 9 7 13 32 2 2 1 3 2 6 5 4 1 1 7 7 8 7 5 3 2 2 1 3 21 7 2
20 56 30 3 9 10 29 18 10 25 15 8 5 8 6 12 3 19 7 3 5 11 16 9 22 8 7 8 8 7 4 12 11 9 7 7 5 5 7 2 16 1 2 2 2 2 7 20 12 4 16 34 37 28 3 8 14 19 12 16 10 26 10 27 15 6 5 12 4 9 12 23 12 11 6 6 1 6 10 3 8 2 0 3 4 12 10 3 3 2 2 2 1 5 9 8
7 28 35 4 15 7 16 27 7 21 11 6 1 10 4 18 6 14 9 13 4 5 13 15 13 6 4 6 9 14 1 4 7 14 8 3 4 9 3 6 12 4 2 5 2 2 2 15 21 17 29 38 30 6 10 17 20 17 12 18 21 17 5 15 22 2 5 4 9 3 9 13 8 16 6 6 3 10 7 1 14 17 3 5 2 2 5 4 2 4 1 2 3 12 3 8
10 19 31 8 9 3 6 6 10 10 11 4 1 7 7 39 8 6 8 2 6 12 12 15 8 3 3 3 8 6 4 7 14 7 2 1 4 8 7 2 7 3 3 7 5 3 7 41 31 52 56 47 4 6 8 9 13 15 12 15 25 6 17 11 11 25 43 4 3 2 2 21 4 15 12 9 7 13 10 7 10 30 5 7 3 1 5 6 14 12 4 2 20 4 4 14
8 10 36 13 14 5 4 8 3 13 12 7 3 4 3 10 8 4 7 4 7 8 5 5 6 3 16 2 6 11 5 5 13 12 4 3 7 3 3 4 1 3 1 4 16 35 58 34 35 38 16 2 6 8 13 10 12 12 10 6 8 4 11 8 2 20 4 0 0 4 5 6 16 4 15 9 10 11 21 9 12 18 4 12 4 4 3 3 3 6 7 11 3 10 14 26
9 4 2 36 5 3 1 2 1 8 20 5 5 2 4 13 2 4 11 3 4 5 5 4 2 4 2 2 1 9 4 5 5 6 4 4 4 3 1 3 1 2 1 35 28 30 64 72 35 8 2 5 6 9 9 8 11 12 9 2 0 1 11 16 23 26 2 2 1 9 15 7 8 2 17 6 15 6 12 4 6 16 6 12 6 7 1 1 2 2 1 2 7 3 15 19
9 10 4 38 1 4 6 2 7 1 9 3 3 6 6 18 4 6 10 6 2 4 5 13 1 4 1 11 1 2 3 5 9 6 2 4 12 5 1 2 5 42 51 53 66 23 45 72 46 1 4 7 7 6 1 6 7 7 8 0 0 7 28 27 27 8 4 10 10 5 17 15 3 4 7 8 22 14 27 36 37 19 5 8 11 7 7 0 3 3 4 2 4 7 21 13
6 5 2 40 3 1 2 2 14 1 2 9 3 3 3 11 2 5 11 4 2 3 3 11 2 2 2 4 6 6 3 4 6 5 4 8 5 3 3 13 33 58 73 58 71 74 66 44 1 3 9 5 6 9 2 5 11 13 4 2 1 11 22 15 8 5 9 8 9 8 12 28 36 6 4 6 8 11 15 7 4 10 12 25 18 12 2 2 7 1 7 5 3 9 28 7
5 4 2 11 9 14 3 2 11 2 2 9 0 2 2 2 4 3 7 3 1 0 0 7 1 3 7 4 10 3 3 4 3 9 3 6 3 1 6 18 14 6 46 69 73 55 2 2 5 3 4 3 6 6 4 2 2 36 4 9 4 7 4 16 13 5 12 11 7 22 22 19 2 6 5 14 13 11 9 7 9 9 13 9 12 2 7 3 3 1 4 7 2 5 21 6
4 4 2 3 14 5 3 1 6 1 1 5 2 1 0 1 3 1 6 2 2 0 1 1 3 4 6 3 5 2 6 5 6 3 4 4 4 1 6 13 5 24 15 9 5 2 8 11 7 7 3 3 3 0 2 7 3 10 9 6 5 5 2 6 3 3 4 13 26 33 7 2 5 8 8 9 23 10 27 10 14 14 13 10 14 2 4 3 5 1 8 5 3 4 5 2
3 3 3 1 15 1 2 2 9 3 1 2 6 1 1 1 1 1 4 4 1 1 1 4 7 3 2 5 2 3 3 4 4 6 4 2 5 2 14 15 52 47 13 3 7 8 2 3 4 1 2 0 2 1 3 6 2 20 6 2 4 4 8 5 1 4 8 27 19 1 3 0 3 8 23 21 11 12 5 10 10 9 11 16 3 5 5 6 2 1 12 5 3 5 3 0
2 1 3 8 2 1 2 1 3 1 1 1 4 2 1 1 1 1 1 5 1 1 0 2 5 4 4 3 1 3 1 3 2 6 2 3 6 4 10 8 8 18 3 7 9 4 4 6 11 5 2 0 0 1 5 8 1 7 5 3 3 3 7 2 1 2 12 15 1 0 1 4 2 2 5 20 16 21 3 6 9 9 11 6 6 4 5 5 7 1 4 4 2 1 2 1
