sesion_6_simulaciones/modelos_agentes/ejemplos_netlogo/scenarios/cgcm2_a2/rob_2071.asc
NCOLS 322 
NROWS 307 
XLLCORNER 451900 
YLLCORNER 4086900 
CELLSIZE 100 
NODATA_value -9999 
[rows 222 to 295 of 307, columns 0 to 95 of 322]
6 10 18 33 33 19 34 26 4 15 17 18 39 14 12 7 7 3 3 5 13 19 26 29 20 18 14 30 44 23 12 37 51 19 41 32 19 21 32 57 24 24 41 49 44 72 43 56 62 83 82 54 41 41 38 22 33 48 31 39 43 28 20 40 25 30 15 20 10 8 6 4 1 1 1 0 0 0 0 0 0 0 0 0 0 0 1 3 3 2 1 1 2 4 10 4
18 19 13 10 14 21 24 37 22 9 10 23 25 12 6 7 7 14 18 17 21 31 18 57 33 31 26 25 32 37 22 30 19 25 49 12 15 20 27 55 53 36 30 53 19 13 26 15 19 62 71 57 54 38 30 31 19 22 36 39 32 44 20 24 37 17 14 14 15 6 2 2 1 1 0 0 0 0 0 0 0 0 0 0 0 0 1 2 5 5 2 3 6 6 1 1
21 31 47 68 42 35 34 36 20 28 34 50 21 12 12 18 15 32 13 16 59 13 25 27 29 21 15 45 35 26 25 28 20 40 26 16 23 31 27 51 39 39 37 77 74 60 49 50 44 24 31 46 33 29 22 21 21 27 28 28 28 29 17 43 42 21 14 8 6 3 2 1 1 1 0 0 0 0 0 0 0 0 0 0 1 1 1 3 11 9 4 6 9 6 1 1
21 43 45 46 61 67 29 22 15 41 50 31 20 12 15 17 6 3 2 31 16 24 49 29 18 34 23 28 23 15 19 19 37 9 9 31 18 36 23 42 37 49 57 40 46 65 52 70 68 45 26 29 20 29 15 16 18 30 21 18 26 14 12 9 13 9 5 4 3 2 1 1 1 0 0 0 0 0 0 0 0 0 0 1 1 3 5 6 22 19 17 15 4 3 1 1
5 12 18 13 33 74 50 6 25 37 51 17 28 25 4 3 2 1 14 49 12 30 42 50 29 28 18 6 19 11 19 40 28 12 26 26 36 41 26 30 59 72 63 37 50 56 61 33 68 78 33 26 11 17 16 23 18 15 15 10 8 5 8 4 3 5 7 3 1 1 0 0 1 0 0 0 0 0 0 0 0 0 1 1 1 3 11 19 28 35 17 6 4 2 1 1
27 15 20 26 28 29 11 14 16 24 39 43 47 10 2 2 12 21 38 58 22 23 33 66 44 15 27 10 13 21 7 18 44 16 13 11 29 36 69 77 41 36 28 68 40 45 68 49 42 18 34 37 34 27 26 25 27 15 13 9 7 4 4 3 2 3 2 1 1 1 0 0 0 0 0 0 0 0 0 0 0 0 1 1 1 3 15 42 27 3 2 1 1 1 1 1
19 17 15 36 26 27 27 23 15 37 37 28 21 8 13 36 38 42 44 58 18 29 26 50 7 7 23 6 16 23 7 7 24 16 9 21 18 14 57 74 53 35 56 42 84 58 33 41 38 33 24 47 44 38 41 32 14 16 6 4 3 1 0 1 1 1 1 1 1 0 0 0 0 0 0 0 0 0 0 0 0 1 1 2 4 8 12 43 16 5 3 2 2 2 1 1
5 10 33 19 17 21 33 31 27 30 23 43 28 29 27 44 35 18 50 39 16 18 15 14 5 26 8 2 16 14 6 13 8 14 39 53 37 29 16 34 41 24 20 17 43 78 57 38 34 34 28 28 28 39 45 39 17 11 3 2 1 1 1 3 3 1 0 0 0 0 0 0 0 0 0 0 0 0 0 1 2 2 4 3 11 19 23 24 9 4 5 8 3 2 1 1
21 16 21 23 30 29 46 24 33 28 17 32 20 45 25 37 35 24 27 55 5 10 8 6 12 3 8 8 6 12 3 9 4 12 11 30 28 55 25 10 33 50 45 42 57 27 37 27 20 24 18 18 30 30 25 23 24 12 10 3 4 2 1 2 2 1 0 0 0 0 0 0 0 0 0 0 0 1 1 1 4 2 7 5 7 31 56 23 11 14 17 8 2 1 1 0
7 20 28 32 17 19 23 50 16 25 18 13 24 24 17 35 31 19 12 19 8 6 5 11 7 5 5 4 4 6 3 7 29 17 12 8 42 22 30 25 10 22 67 73 80 50 23 15 30 33 33 14 20 26 20 18 12 4 5 8 3 2 1 1 1 1 0 0 0 0 0 0 0 0 0 0 1 2 3 5 9 10 10 5 4 17 43 16 10 26 15 5 2 2 1 1
5 7 18 28 22 22 17 37 16 15 15 15 11 20 13 17 42 11 7 11 3 4 1 5 4 4 2 2 4 3 5 7 13 36 19 23 14 20 30 10 21 19 18 35 35 26 27 17 30 21 33 19 16 15 13 23 10 5 1 1 2 1 0 0 0 1 0 0 0 0 0 0 0 0 0 1 1 3 6 13 20 31 16 9 7 10 22 22 25 17 6 3 1 1 1 1
2 2 15 10 11 32 20 12 24 14 27 18 13 22 16 9 13 4 6 4 4 1 1 1 2 2 1 2 3 3 2 5 5 6 6 14 8 10 14 7 18 31 58 33 34 17 19 8 11 13 19 13 14 16 17 8 6 2 1 0 1 2 1 1 1 1 1 1 0 0 0 0 0 1 1 1 2 8 9 24 44 39 25 28 11 15 49 48 30 12 8 3 2 3 2 1
3 2 2 6 8 16 34 33 47 9 13 22 3 12 4 6 19 2 3 4 4 5 1 2 3 1 1 5 9 18 15 2 9 8 19 22 24 29 21 29 41 46 52 59 57 57 55 28 26 40 27 14 12 9 7 6 2 1 1 2 1 4 4 2 1 0 0 0 0 0 0 1 1 1 1 1 3 8 14 28 30 51 40 44 29 60 39 39 18 20 13 10 7 4 2 1
0 1 3 5 9 9 9 18 10 16 17 7 1 2 1 1 9 1 1 1 0 2 1 2 1 1 1 2 8 6 34 49 34 34 54 36 39 25 27 36 49 50 49 71 43 28 27 7 17 31 39 25 12 7 6 5 5 4 8 4 2 2 1 1 0 0 0 0 0 0 1 1 2 1 3 2 2 6 17 33 58 47 52 48 65 45 44 38 14 16 31 20 12 4 2 3
0 1 0 1 1 6 8 10 8 7 4 8 1 4 1 3 1 1 1 0 1 0 1 0 1 2 7 6 9 5 10 32 70 46 65 86 84 64 64 61 22 66 71 63 76 62 62 34 29 33 28 20 23 8 7 17 11 7 4 2 2 3 2 1 0 0 0 0 0 0 0 1 4 5 4 3 4 3 9 13 56 70 66 33 28 75 39 41 36 36 18 18 11 8 4 4
0 0 0 1 1 3 3 8 15 6 2 1 2 0 1 2 1 14 1 3 14 6 3 1 1 0 1 2 3 6 7 9 15 63 52 81 85 81 77 65 62 31 75 77 78 58 66 42 30 28 15 13 6 7 2 2 4 5 3 2 1 1 0 0 0 0 0 0 0 0 1 1 3 7 7 4 5 9 11 13 45 67 56 23 60 59 45 62 59 35 30 22 18 9 14 8
0 0 1 3 5 1 2 8 7 4 2 1 0 0 0 0 0 0 4 3 4 18 9 2 1 0 2 3 3 8 7 13 20 17 13 55 85 53 81 48 58 57 52 71 66 60 39 21 46 39 27 21 21 16 9 4 3 2 2 1 1 0 0 0 0 0 0 0 0 0 1 2 4 10 24 12 7 12 23 33 55 70 42 40 58 23 12 21 30 12 11 19 12 11 6 3
0 0 1 0 1 1 1 2 2 1 1 1 0 0 0 0 0 0 0 2 2 1 23 8 1 0 2 5 5 10 10 8 19 25 16 20 52 71 64 64 63 54 58 52 55 65 58 31 14 34 28 24 20 19 15 5 3 1 1 1 0 0 0 1 0 0 0 0 0 1 1 1 5 7 19 27 12 13 16 53 60 81 36 41 68 28 28 22 13 9 7 13 10 6 2 1
0 0 0 0 0 0 0 1 1 1 1 1 0 0 0 0 0 1 1 4 1 1 1 9 8 1 3 17 12 13 20 16 23 38 32 24 27 60 47 55 26 34 23 37 37 36 11 39 23 18 24 13 11 14 13 9 7 4 2 3 1 1 1 0 0 0 0 0 1 1 3 4 5 7 9 35 45 24 44 42 74 68 58 76 31 34 37 29 33 32 15 14 9 5 2 1
0 0 0 0 0 0 0 0 0 1 0 0 0 0 0 0 1 2 3 1 1 1 1 19 7 4 4 4 2 6 11 14 27 30 33 38 22 20 25 18 32 20 10 12 18 28 24 29 14 11 17 12 11 7 6 6 4 2 2 1 0 0 0 0 0 0 0 1 2 2 3 5 9 8 13 15 66 21 29 63 74 54 61 69 60 52 36 60 54 14 12 8 4 2 1 1
0 0 0 0 0 0 0 0 0 0 0 0 0 0 0 1 0 1 3 3 1 1 1 3 4 2 3 11 2 17 26 18 17 29 28 42 41 24 17 10 10 16 21 20 31 28 19 10 12 16 11 10 7 7 5 4 3 1 1 1 0 0 0 0 0 0 1 2 2 3 6 3 2 11 41 35 64 41 47 65 73 68 52 60 44 28 29 50 35 25 8 5 3 1 1 0
0 0 0 0 0 0 0 0 0 0 0 0 2 4 8 3 1 0 0 1 2 3 2 9 18 9 8 9 8 11 23 26 32 35 32 44 44 62 45 18 20 13 13 13 15 12 14 8 5 9 7 9 8 7 3 2 2 1 1 1 0 0 0 0 0 1 2 2 3 5 7 8 4 14 35 26 56 72 50 64 67 70 69 65 45 54 37 38 33 23 11 7 3 2 1 1
0 0 0 0 0 0 0 0 0 0 0 0 0 0 1 14 1 1 1 1 3 2 3 5 2 7 16 37 42 32 21 34 38 47 47 41 47 55 64 59 30 20 21 25 25 14 8 10 13 9 15 12 5 3 4 2 3 2 1 1 0 0 0 0 0 1 2 5 8 11 9 11 7 16 57 29 16 61 85 62 68 71 65 55 43 29 10 25 31 18 8 3 3 2 3 2
0 0 0 0 0 0 0 0 0 0 2 1 0 0 1 0 0 0 1 1 1 5 3 3 8 10 4 9 16 44 51 49 54 65 54 41 55 68 72 61 36 32 28 35 34 35 18 29 16 7 3 3 4 4 1 1 1 1 0 0 0 0 0 0 1 2 4 9 16 19 18 23 16 24 52 60 21 51 68 61 59 40 30 18 24 35 16 17 17 10 7 4 4 4 3 2
0 0 0 0 0 0 0 0 0 0 0 0 0 1 1 1 1 1 0 2 4 2 3 5 4 14 7 2 3 43 31 65 80 58 60 60 44 54 66 66 59 62 47 30 42 48 24 24 16 8 7 7 3 4 2 1 1 1 1 1 0 0 0 1 2 2 4 12 15 32 24 38 19 20 46 65 55 35 68 42 31 20 32 24 20 9 8 12 21 17 8 6 6 5 3 1
0 0 0 0 0 0 0 0 0 0 0 0 0 0 0 0 1 3 1 2 1 2 3 4 3 11 12 6 6 5 8 8 49 50 51 45 33 55 49 36 31 23 19 18 26 44 22 18 13 11 7 4 2 1 1 2 2 2 1 1 0 0 0 1 1 5 9 13 13 25 54 36 43 19 25 59 52 75 46 30 36 25 24 24 31 13 18 18 15 6 7 12 12 5 3 1
0 0 0 0 0 0 0 0 0 0 0 2 0 0 0 1 1 2 2 1 1 1 1 2 5 5 10 9 20 25 12 25 27 19 9 21 30 39 26 32 17 18 9 15 16 16 15 20 8 7 6 4 4 4 1 1 2 2 2 1 0 0 0 1 1 4 4 4 7 10 24 56 69 24 16 44 32 68 30 43 26 25 17 27 29 24 19 9 15 13 14 16 7 4 2 1
0 0 0 0 0 0 0 0 0 0 0 2 0 0 1 1 4 2 2 1 1 1 2 4 6 10 21 23 13 10 8 12 28 32 24 20 40 44 40 35 38 31 46 36 21 19 19 20 16 9 3 4 3 2 3 2 2 1 1 0 0 0 0 1 2 4 6 16 12 8 16 25 48 56 33 31 64 51 40 35 18 33 32 22 12 24 28 22 25 29 14 11 4 2 1 2
0 0 0 0 0 0 0 0 0 0 0 0 0 0 1 1 3 1 3 1 2 2 2 4 28 49 36 12 28 41 39 20 39 37 34 31 42 57 47 43 52 41 30 28 24 23 34 33 18 11 12 8 10 9 4 2 1 1 1 0 0 0 0 1 3 6 13 24 26 15 10 13 33 55 63 36 72 50 49 52 47 28 36 44 36 32 42 32 24 29 25 9 7 4 1 2
0 0 0 0 0 0 0 0 0 0 0 0 1 1 2 1 6 2 1 3 2 6 4 10 27 58 52 23 13 22 27 26 17 21 30 23 28 37 35 59 68 41 45 42 53 46 38 38 23 14 17 18 9 5 4 3 2 1 1 0 0 1 1 2 5 10 28 26 18 17 17 25 32 27 20 71 72 50 41 40 31 36 56 48 49 56 49 52 36 28 12 7 5 4 2 2
0 0 0 0 0 0 0 0 0 2 4 1 0 1 2 1 1 1 1 1 4 5 8 40 20 13 34 31 24 39 49 39 20 13 18 17 32 41 52 50 41 40 70 62 66 55 35 20 15 10 5 8 9 5 3 2 1 1 1 0 0 1 1 3 8 15 26 27 28 38 35 30 57 60 48 51 67 59 32 39 43 54 53 33 46 47 44 29 38 14 7 5 9 4 3 2
0 0 0 0 0 0 0 1 6 4 10 7 1 1 4 3 2 0 1 1 1 1 3 21 4 10 25 48 53 68 83 33 52 32 19 12 23 68 52 54 66 18 24 11 15 31 17 25 13 12 10 9 9 7 2 1 1 1 1 0 0 1 1 4 11 30 28 26 21 58 74 31 62 76 76 61 45 48 42 28 39 37 44 59 48 43 29 23 27 18 16 16 10 8 3 1
0 0 0 0 0 0 0 0 0 1 0 0 1 2 2 2 2 1 1 1 2 1 6 14 2 2 3 25 35 23 47 78 44 56 55 49 49 49 41 44 56 55 43 49 46 28 29 36 22 19 16 7 5 4 3 2 2 2 1 0 1 2 6 9 17 25 29 29 25 23 54 75 43 65 74 72 57 37 55 44 57 61 44 34 45 42 29 20 23 35 27 19 7 3 3 1
0 0 0 0 0 0 0 0 1 1 0 1 1 2 2 2 3 1 1 3 4 3 6 24 5 1 7 4 12 24 8 24 53 43 65 61 39 14 16 15 33 39 35 44 54 57 38 18 29 22 13 16 12 5 3 5 2 2 2 0 1 4 10 18 34 42 30 26 54 46 33 29 68 74 60 71 53 50 72 70 29 27 31 39 37 27 39 28 31 15 13 6 3 3 1 1
0 0 0 0 0 0 0 0 0 0 0 1 0 2 1 1 2 0 1 1 1 8 10 25 13 5 7 10 18 15 15 6 5 14 16 15 16 16 16 12 9 16 15 21 44 42 26 41 35 29 21 17 13 9 7 6 4 2 1 0 2 5 10 25 41 43 32 43 46 69 50 48 30 30 50 52 70 63 42 48 42 55 51 58 48 38 48 43 20 9 7 6 3 1 1 2
0 0 0 0 0 0 0 0 0 0 0 1 1 1 1 3 2 0 1 1 2 9 15 19 7 1 7 17 13 25 28 10 31 41 45 37 38 33 33 17 15 15 48 57 56 35 41 35 36 34 27 18 14 11 8 6 5 2 1 0 1 5 20 36 34 53 40 49 50 42 82 60 46 33 21 65 44 66 55 54 59 72 71 61 49 60 43 31 14 10 8 5 2 2 3 4
0 0 0 0 0 0 0 0 0 0 0 1 6 8 5 16 4 1 0 0 5 8 17 15 7 15 3 17 18 31 16 41 35 24 30 34 28 30 15 25 52 62 37 39 29 40 35 31 41 29 32 26 17 12 10 8 3 2 1 1 1 3 10 37 65 58 40 56 48 42 38 54 64 20 14 31 66 78 74 65 64 63 66 70 62 41 42 27 37 15 7 4 2 3 2 11
0 0 0 0 0 0 0 0 0 1 2 1 6 7 12 1 1 0 0 2 4 6 14 21 25 8 13 13 12 13 20 60 26 25 32 36 37 24 37 39 64 57 55 52 53 51 49 42 50 41 37 24 20 14 12 5 3 2 2 1 1 3 11 28 57 49 62 69 56 72 66 65 61 28 30 49 63 61 66 58 58 56 55 58 47 41 39 41 40 27 9 6 5 7 6 16
0 0 0 0 0 0 0 0 0 1 1 1 2 28 2 1 2 1 1 3 4 5 9 5 5 4 25 5 16 13 35 21 34 46 35 37 37 41 51 47 39 54 59 64 61 63 52 61 52 29 21 18 16 17 16 7 5 3 2 1 2 4 11 26 47 44 40 59 75 62 76 63 67 33 52 60 62 66 47 47 52 54 42 35 37 37 34 31 23 24 18 13 5 11 17 16
0 0 0 0 0 0 0 0 0 0 1 1 0 3 1 0 1 1 3 2 4 9 10 4 4 12 6 11 20 41 47 44 38 40 32 36 49 50 56 51 57 69 71 55 50 64 64 59 40 34 28 24 17 13 10 11 9 4 1 1 2 6 14 26 35 47 38 44 69 82 73 66 57 81 69 42 34 38 51 52 48 51 52 47 35 43 25 37 23 16 18 13 6 14 17 15
0 0 0 0 0 0 0 0 1 0 1 1 0 0 0 0 1 1 1 2 5 4 4 12 12 4 6 22 49 13 13 14 33 32 38 48 50 51 51 51 55 67 54 58 70 63 65 64 40 38 30 24 17 10 10 11 5 4 3 1 2 4 22 34 50 45 43 39 40 42 53 55 56 68 15 39 41 40 37 39 42 40 37 55 46 46 37 35 22 21 19 8 9 21 18 26
0 0 0 0 0 0 0 0 0 0 1 1 1 1 1 0 0 0 0 3 6 3 22 23 5 7 13 22 11 14 17 21 30 24 38 45 50 51 42 72 56 48 51 65 34 54 68 67 62 53 19 20 16 19 17 9 6 7 4 1 1 3 9 28 41 47 76 55 56 53 46 28 45 63 41 51 54 40 41 40 48 44 50 51 47 20 21 16 20 33 19 6 15 33 33 35
0 0 0 0 0 0 0 0 0 2 1 0 0 1 1 1 0 0 1 3 3 15 11 5 6 20 9 11 11 16 20 21 17 26 31 50 35 34 60 50 44 64 72 41 61 61 60 63 48 29 23 31 28 23 21 18 13 9 5 2 1 3 13 21 35 59 74 84 53 61 48 30 32 70 73 36 46 53 58 39 39 42 54 47 31 14 32 27 21 14 8 3 20 35 36 37
0 0 0 0 0 0 1 0 1 2 0 0 0 0 0 0 1 0 1 4 3 4 1 4 15 3 3 8 11 15 30 22 17 32 37 40 39 55 62 63 43 39 48 58 55 60 45 48 44 40 36 44 38 19 18 16 15 7 6 3 2 6 10 24 43 53 69 76 69 67 50 52 56 71 45 38 36 39 46 52 38 71 56 32 38 45 34 23 13 6 4 11 27 37 36 41
0 0 0 0 0 0 0 0 1 0 0 0 0 0 0 1 2 1 3 1 1 1 1 5 4 5 7 15 21 19 17 12 17 22 41 28 66 61 64 38 26 28 39 56 65 59 56 56 55 52 46 41 27 18 14 12 10 9 7 6 3 10 17 35 55 58 51 48 68 78 68 30 42 68 36 42 66 63 61 67 62 47 45 45 46 47 22 20 11 8 9 24 32 37 28 41
0 0 0 0 0 0 0 0 0 0 0 0 0 1 1 1 1 1 2 6 4 3 0 3 5 10 12 26 11 7 13 16 29 27 57 27 15 11 12 28 32 52 65 69 70 64 57 59 41 55 38 33 35 18 20 12 10 11 9 8 5 16 29 35 58 57 50 28 49 68 67 43 56 62 38 25 44 70 69 67 67 39 47 49 44 42 21 16 24 11 25 30 18 43 43 45
0 0 0 0 0 0 0 0 0 1 0 0 0 0 0 0 0 4 2 1 2 3 3 2 9 7 8 12 8 10 30 22 16 60 16 10 34 38 41 39 59 66 60 67 70 73 66 61 47 45 43 40 36 31 26 22 19 12 10 5 13 22 44 70 64 58 46 50 56 57 67 39 45 55 66 46 48 51 66 70 57 61 45 49 47 36 23 8 11 23 26 16 26 33 59 45
0 0 0 0 0 0 0 0 0 0 1 0 0 0 0 0 1 1 1 3 2 4 2 3 6 9 7 10 12 13 13 17 24 18 5 19 24 33 46 80 58 55 66 69 70 72 58 52 45 37 42 41 38 26 28 17 23 21 13 13 17 39 35 58 60 54 48 58 58 49 73 65 45 60 63 46 54 56 54 53 61 51 40 39 41 27 13 5 11 34 17 28 38 38 60 41
0 0 0 0 0 0 0 0 0 1 0 0 0 0 0 0 2 0 1 3 9 3 1 2 12 6 12 10 9 8 24 56 31 3 9 29 22 51 62 58 56 68 68 54 59 59 59 58 43 48 44 44 40 37 35 31 28 24 16 17 20 24 33 39 59 72 58 74 72 59 48 47 55 53 67 66 50 48 40 42 49 44 38 44 37 22 10 6 25 30 33 52 57 44 51 39
0 0 0 0 0 0 0 0 0 0 0 0 0 0 0 3 1 1 1 3 3 1 3 5 1 7 8 5 25 13 33 24 4 8 34 12 31 26 41 69 71 55 43 77 71 49 57 60 57 52 48 47 41 39 37 34 30 19 21 23 25 44 29 34 33 56 75 75 70 69 74 71 45 58 46 44 28 36 51 56 42 47 36 44 38 11 7 26 22 34 48 55 49 32 47 46
0 0 0 0 0 0 0 0 0 0 0 0 0 0 0 1 0 0 0 0 1 1 5 2 1 3 2 4 25 23 21 3 6 14 22 55 25 33 56 60 62 52 63 35 48 44 58 71 56 54 52 50 48 43 42 37 24 15 28 41 33 48 43 44 43 53 58 83 59 52 35 59 42 28 28 43 54 44 39 41 41 30 46 36 16 9 19 26 36 31 37 46 59 47 49 46
0 0 0 0 0 0 0 0 0 0 0 0 0 0 0 3 0 1 0 0 4 1 2 0 2 5 3 14 28 10 6 4 6 9 38 42 43 34 41 45 50 59 45 35 42 75 62 58 56 69 57 50 49 46 42 40 25 19 38 44 62 66 50 50 40 54 64 64 76 50 37 31 40 48 41 60 45 47 41 46 35 40 26 16 11 20 33 41 34 51 48 36 37 44 39 32
0 0 0 0 0 0 0 0 0 0 0 0 0 0 1 1 0 0 1 2 1 2 1 2 9 2 3 17 10 7 7 7 16 18 42 29 37 36 34 23 26 48 63 54 63 55 60 62 70 58 57 66 33 47 44 30 16 39 49 50 74 68 51 62 47 38 46 72 69 25 57 35 35 46 51 50 47 51 50 40 34 40 18 23 19 33 39 43 37 39 48 34 34 44 49 39
0 0 0 0 0 0 0 0 0 0 0 0 0 1 0 0 1 1 1 2 1 1 1 2 3 2 3 8 4 3 8 5 19 28 35 37 20 28 27 32 43 50 54 70 54 55 56 74 57 57 71 58 55 52 34 31 20 37 63 61 63 71 55 62 62 49 48 47 70 21 31 57 59 43 45 47 58 48 57 56 40 34 14 13 20 36 46 50 56 51 47 46 35 38 56 46
0 0 0 0 0 0 0 0 0 0 0 0 0 0 0 0 0 0 0 1 0 1 2 2 2 4 5 1 2 4 13 13 24 37 7 6 25 20 30 27 31 45 55 64 65 53 73 51 71 74 54 54 56 53 38 33 20 37 63 65 59 67 45 49 64 38 59 36 53 23 24 56 31 51 50 51 49 54 71 49 46 16 12 20 34 39 45 50 38 28 36 57 28 30 46 66
0 0 0 0 0 0 0 0 0 0 0 0 0 0 0 0 0 0 0 0 0 1 2 2 1 3 1 1 2 2 11 2 13 10 4 13 9 12 18 37 46 50 56 62 55 41 61 69 66 60 63 55 56 54 51 34 34 40 65 76 70 65 55 42 63 58 28 30 62 18 39 38 39 47 45 45 54 32 34 40 18 12 18 36 37 45 54 51 30 34 44 26 17 20 32 61
0 0 0 0 0 0 0 0 0 0 0 0 0 0 0 1 1 0 0 0 0 1 1 0 1 1 1 9 7 5 15 13 25 11 5 5 12 13 16 17 22 48 35 45 60 31 28 28 47 51 63 58 54 55 38 24 41 54 65 65 82 70 45 45 49 54 42 13 39 5 9 20 32 46 51 58 57 57 49 47 22 13 23 36 37 62 64 54 40 35 40 41 33 19 29 46
0 0 0 0 0 0 0 0 0 0 0 0 1 0 0 0 1 0 0 0 2 1 1 1 2 2 2 0 0 2 10 2 4 2 4 12 5 10 10 12 38 37 27 49 26 33 36 49 52 65 56 61 58 42 37 24 39 54 67 64 69 47 46 58 53 29 30 23 31 11 16 17 18 15 38 51 49 50 33 31 14 22 36 37 41 64 56 24 36 49 30 48 22 24 31 51
0 0 0 0 0 0 0 0 0 0 0 0 1 1 0 1 1 0 1 1 1 1 1 2 2 1 0 1 1 3 3 2 2 7 10 8 13 11 14 28 21 34 46 27 32 34 52 49 61 51 52 55 58 40 19 37 45 74 65 62 60 60 43 65 50 31 23 33 19 11 29 38 44 52 56 52 44 23 20 11 17 36 35 38 41 66 64 21 22 46 30 49 25 26 32 65
0 0 0 0 0 0 0 0 0 0 1 0 1 1 0 0 0 0 0 2 1 1 2 1 2 3 0 1 1 6 2 1 2 7 19 7 10 13 25 9 36 31 23 35 32 48 52 64 65 56 66 53 41 42 28 46 46 67 74 51 57 58 37 28 40 40 21 21 21 33 42 28 35 39 32 45 36 25 10 29 24 37 43 54 46 62 66 31 30 34 17 53 26 30 31 46
0 1 0 3 2 1 1 0 1 0 1 0 0 0 1 0 0 0 1 1 1 1 1 0 1 0 0 1 1 3 2 3 20 8 5 4 8 11 12 32 48 36 48 24 38 58 64 51 50 69 60 45 41 42 28 55 66 55 60 65 46 52 54 20 51 42 18 15 25 34 24 30 48 38 45 26 35 31 20 39 40 35 41 54 40 43 49 44 48 29 29 56 26 28 24 39
0 1 2 0 2 6 1 0 0 0 0 0 0 0 0 0 0 1 2 1 0 1 0 0 1 2 0 0 1 3 3 18 3 2 5 8 4 3 16 24 25 17 55 39 46 62 33 45 62 57 45 43 38 37 40 52 61 65 55 60 40 38 41 36 28 32 16 6 14 40 27 42 43 51 42 41 45 42 32 36 39 47 45 50 38 30 43 39 38 35 33 52 27 20 31 35
0 0 0 0 0 0 1 1 0 0 0 0 0 1 0 0 0 0 0 0 0 0 2 0 2 3 1 1 3 6 11 23 4 6 9 1 2 3 7 18 15 26 47 49 45 48 48 47 51 50 43 41 36 37 46 42 58 68 59 38 51 24 30 31 18 8 4 3 3 15 30 53 52 40 36 35 32 13 24 33 34 50 43 46 31 47 59 60 42 35 28 36 43 11 30 39
0 0 0 0 0 0 0 0 0 0 0 0 0 0 0 0 0 1 0 0 0 0 0 0 3 1 0 0 1 2 1 2 5 4 4 6 3 1 22 7 14 12 38 25 49 36 40 30 50 53 35 37 31 30 41 55 57 66 57 48 33 41 21 18 3 3 9 19 15 22 28 41 40 29 27 25 12 22 35 32 36 49 50 34 40 40 49 53 41 35 25 35 42 14 18 46
0 0 0 0 0 0 0 0 0 0 0 0 0 0 0 0 0 0 0 0 0 2 2 1 2 1 0 0 1 1 1 6 5 4 7 5 9 2 13 11 2 13 39 35 41 38 40 52 46 44 41 31 31 54 54 41 61 45 45 20 31 22 9 10 7 5 11 24 19 14 39 46 56 53 46 16 19 22 34 43 52 35 46 32 44 54 52 47 34 35 27 24 39 33 13 26
0 0 0 0 0 0 0 0 0 0 0 0 0 0 0 0 0 1 0 1 3 0 2 2 3 2 0 1 0 2 4 2 3 11 3 6 8 4 37 14 4 25 8 35 31 27 46 25 40 36 32 35 26 55 60 43 45 35 37 36 12 14 12 8 6 4 7 9 12 12 34 43 54 67 35 16 21 31 29 52 51 41 39 44 27 48 54 49 39 42 14 28 30 25 18 13
0 0 0 0 0 0 0 0 0 0 0 0 0 0 0 0 0 1 0 0 1 3 1 2 1 0 0 0 0 2 4 1 2 4 7 13 5 6 27 18 10 29 7 34 22 18 27 20 34 33 41 26 24 42 46 75 22 22 19 12 15 5 6 5 3 4 9 9 15 15 39 44 30 51 25 17 34 37 31 34 48 40 37 34 40 47 45 60 45 27 18 29 35 15 17 11
0 0 0 0 0 0 0 0 0 0 0 0 0 0 0 0 0 0 0 0 0 0 0 0 0 0 0 0 1 0 2 3 4 3 5 7 3 3 7 26 11 16 16 24 7 25 18 31 35 21 33 26 30 26 43 49 36 23 12 4 8 4 2 7 3 4 10 9 20 20 30 40 35 25 20 33 33 30 31 26 32 43 49 40 33 43 52 44 53 21 13 44 22 28 16 7
0 0 0 0 0 0 0 0 0 0 0 0 0 0 0 0 0 0 0 0 0 0 0 1 1 1 1 0 0 0 1 2 4 4 4 4 4 3 2 15 27 24 14 8 7 11 12 25 20 9 25 20 21 20 26 43 33 19 7 3 4 1 1 1 2 2 7 17 23 34 48 32 24 14 37 30 34 49 43 32 22 35 34 39 40 61 27 54 28 17 14 40 22 36 10 8
0 0 0 0 0 0 0 0 0 0 0 0 0 0 0 0 0 0 0 0 0 0 0 1 2 0 0 0 0 0 0 1 1 4 2 1 4 2 3 9 33 26 8 5 7 11 27 9 19 7 13 21 16 33 27 18 18 11 9 2 4 1 2 1 3 8 9 14 25 21 32 37 8 16 24 27 41 35 29 17 26 11 33 38 37 24 44 30 34 22 13 28 17 27 20 6
0 0 0 0 0 0 0 0 0 0 0 0 0 0 0 0 0 0 0 0 0 0 1 0 0 0 1 1 0 0 1 1 0 1 1 1 5 0 0 8 9 21 9 6 5 41 15 8 7 13 23 22 12 21 34 13 29 5 6 5 2 2 3 1 3 3 5 10 29 39 23 13 14 24 22 26 19 22 17 5 16 17 28 26 27 34 30 23 7 19 6 19 35 11 5 9
0 0 0 0 0 0 0 0 0 0 0 0 0 0 0 0 0 0 0 0 0 0 0 0 1 3 0 0 0 0 2 1 1 2 1 2 2 1 2 3 11 8 12 9 7 47 11 13 8 11 16 12 18 31 42 12 20 5 3 3 2 1 1 4 5 6 9 14 42 17 11 13 24 21 19 23 29 30 22 14 18 24 34 35 31 24 21 36 5 13 8 9 30 4 4 6
0 0 0 0 0 0 0 0 0 0 0 0 0 0 0 0 0 0 0 0 0 0 0 1 2 0 0 1 0 0 1 2 2 3 2 4 3 2 2 4 10 13 11 9 9 10 11 19 12 5 6 16 25 22 19 13 8 4 2 2 2 0 1 2 5 9 13 21 16 19 20 20 17 22 31 11 14 29 18 12 19 17 16 36 19 14 7 13 9 9 20 7 16 5 5 6
0 0 0 0 0 0 0 0 0 0 0 0 0 0 0 0 0 0 0 0 0 0 1 1 0 1 1 3 1 1 0 2 2 6 3 6 2 4 4 3 6 3 8 12 2 10 12 18 12 10 13 19 15 12 10 4 4 4 2 1 0 1 1 1 2 7 7 20 34 17 20 17 15 28 19 8 9 28 24 14 12 15 12 12 18 14 3 5 8 21 7 8 5 3 6 10
