sesion_6_simulaciones/modelos_agentes/ejemplos_netlogo/scenarios/cgcm2_a2/rob_2066.asc
NCOLS 322 
NROWS 307 
XLLCORNER 451900 
YLLCORNER 4086900 
CELLSIZE 100 
NODATA_value -9999 
[rows 0 to 73 of 307, columns 192 to 287 of 322]
28 27 15 7 25 50 24 10 10 15 20 8 6 5 10 7 5 6 10 10 10 11 8 10 18 29 17 32 34 62 28 10 10 2 2 3 6 6 4 15 19 8 9 31 37 38 26 37 45 49 29 28 31 37 30 38 30 71 26 22 2 3 5 14 17 8 15 15 8 16 7 4 5 9 17 7 6 15 35 9 5 7 8 11 10 8 19 15 12 13 3 8 13 42 8 2
29 16 18 17 27 47 11 19 33 20 15 11 20 19 12 12 18 4 10 15 19 11 7 8 9 34 13 18 12 21 59 33 7 4 2 2 3 6 11 8 16 5 3 11 16 20 32 27 40 71 81 56 30 29 28 35 48 56 53 7 8 4 18 12 15 12 16 11 20 6 2 11 4 10 27 9 34 19 12 17 11 16 20 13 10 5 14 17 17 14 7 12 9 14 6 4
11 29 16 15 44 31 21 10 6 18 19 21 34 39 22 37 25 23 36 39 38 20 15 9 5 8 7 3 3 8 11 37 28 8 8 4 3 2 6 2 2 3 16 32 27 41 36 38 49 55 60 45 53 34 48 68 25 29 30 12 12 12 15 8 7 20 7 8 8 11 5 7 6 10 43 10 50 28 12 25 12 11 17 19 11 3 8 10 18 11 8 24 10 25 5 1
18 17 44 54 34 19 19 19 19 42 21 36 54 41 36 54 42 25 38 57 48 45 38 23 17 11 2 4 4 2 5 9 4 7 5 5 6 2 2 2 7 14 8 9 17 46 40 38 15 23 17 16 21 48 38 47 38 14 18 23 25 8 8 15 6 25 16 16 40 9 15 12 4 3 24 11 17 17 20 25 16 15 19 25 13 3 7 18 26 9 16 14 13 29 4 1
14 11 26 6 41 47 37 36 46 35 42 25 35 35 41 58 43 51 57 64 62 43 37 39 25 34 19 30 23 6 3 1 4 3 4 6 2 1 2 3 6 7 12 17 14 20 18 25 45 56 55 42 33 27 64 63 21 21 6 7 22 18 9 15 10 27 13 10 6 4 3 3 5 3 12 11 9 23 46 54 40 11 11 26 25 17 2 14 15 28 19 12 20 35 8 1
15 12 28 21 12 16 47 17 42 37 33 39 16 39 51 54 64 58 25 31 47 33 26 40 37 38 22 35 29 11 11 6 2 2 1 1 1 2 1 1 4 8 14 27 44 60 60 62 51 30 32 31 48 56 82 52 25 22 5 33 44 34 24 19 13 31 8 12 18 14 20 15 12 10 8 12 21 19 25 17 26 48 32 22 29 20 5 10 15 18 8 13 16 17 9 2
11 6 7 23 14 11 50 15 11 26 32 70 41 22 47 63 55 60 32 14 22 43 51 61 37 36 41 30 33 29 23 16 16 13 8 2 4 5 2 1 3 8 18 27 56 35 37 45 58 44 49 82 42 64 73 37 23 30 15 30 38 32 27 30 29 21 25 27 25 7 14 15 14 22 20 10 3 13 28 31 23 46 26 12 8 27 10 8 10 9 10 18 28 33 7 6
7 6 7 11 27 23 38 52 14 7 17 26 59 18 8 28 19 33 38 22 17 34 18 33 35 30 36 27 39 34 32 32 29 29 25 11 15 8 3 2 4 17 29 40 47 49 43 69 83 77 75 42 66 61 67 39 18 7 12 16 19 11 11 6 6 19 15 12 32 14 12 10 15 20 21 14 4 20 35 18 45 62 40 14 7 31 19 9 11 22 19 25 44 22 10 7
16 14 14 8 17 15 30 59 59 27 14 15 30 49 28 20 14 41 48 34 28 45 15 28 55 40 35 39 39 50 47 46 46 43 27 25 12 6 2 4 10 16 31 36 61 58 44 52 69 77 58 42 79 61 58 24 10 38 53 34 38 28 42 22 20 49 20 18 7 7 12 11 15 16 13 8 5 11 14 28 42 55 35 23 10 13 14 8 8 28 23 32 19 32 12 21
11 14 16 10 10 6 25 26 62 44 38 24 23 34 41 20 20 17 50 46 45 53 22 25 42 44 34 32 25 38 10 26 44 42 32 16 9 6 3 4 4 10 23 32 52 29 27 71 49 39 33 86 67 65 39 20 28 49 46 57 39 77 60 21 39 15 23 26 22 8 9 17 18 10 8 5 5 9 35 15 9 38 40 36 21 9 19 6 10 13 14 39 25 28 18 47
15 15 18 20 10 6 4 5 10 32 22 17 14 44 30 22 30 8 19 45 34 58 62 22 28 26 53 34 13 30 42 14 5 5 10 26 14 8 4 4 8 11 28 49 20 44 53 59 21 30 72 78 52 59 26 17 25 36 28 46 72 76 26 18 16 21 23 23 36 23 35 21 22 19 12 9 4 4 11 21 21 52 70 37 43 17 11 17 5 16 38 15 24 16 18 67
34 21 11 16 17 16 12 8 7 7 9 11 19 21 20 17 14 28 20 23 48 54 48 30 6 20 49 38 17 16 38 43 9 3 4 6 19 8 1 3 23 29 32 17 8 10 37 14 25 61 84 73 51 36 15 40 34 25 33 77 61 48 10 14 19 20 38 25 24 32 26 23 28 34 30 23 9 5 18 17 22 74 43 60 39 33 15 8 7 27 25 14 35 11 39 72
45 29 26 44 36 36 33 20 36 25 24 18 10 9 10 12 14 44 38 18 16 31 29 28 7 17 30 24 19 8 8 22 8 2 1 2 8 14 2 4 19 22 19 31 28 27 55 14 39 75 70 41 11 33 55 59 55 61 81 73 11 15 15 9 11 8 14 13 29 17 9 17 36 42 43 25 11 2 17 27 59 56 20 38 51 35 23 6 8 27 22 17 41 13 38 48
67 60 50 58 52 46 37 35 34 38 40 46 23 21 15 14 11 8 8 8 14 12 8 14 12 19 22 22 8 5 7 14 13 9 1 1 4 10 7 9 8 18 14 8 8 39 22 18 52 42 28 9 21 41 45 47 66 65 50 9 33 41 32 20 21 10 7 7 21 17 32 48 35 24 26 28 14 4 11 22 55 22 17 40 69 38 30 15 6 11 13 18 26 14 35 29
20 63 63 68 58 55 32 42 24 27 45 39 34 37 40 37 31 18 6 7 5 4 4 10 13 13 10 7 3 1 6 9 10 7 2 1 6 12 13 7 7 9 13 7 4 11 10 17 21 18 6 13 24 30 42 49 47 11 31 37 44 33 47 73 71 58 46 21 22 32 48 29 43 37 20 16 10 5 12 25 32 16 10 60 72 70 44 48 26 6 11 17 14 17 44 38
38 58 70 43 57 77 54 28 48 38 29 44 42 53 58 45 41 18 14 14 11 6 3 3 10 6 3 2 1 2 2 8 12 14 8 3 5 7 8 10 6 8 7 5 2 4 16 23 13 9 22 17 18 27 31 36 14 43 39 38 48 66 75 57 56 64 23 17 39 9 36 66 36 29 33 38 39 23 10 27 29 17 6 15 43 70 23 17 23 26 6 23 12 17 48 44
71 25 75 52 51 70 79 81 45 22 36 35 57 54 52 45 50 42 32 31 26 25 12 5 4 4 10 11 7 4 1 1 2 5 8 6 6 6 6 11 6 6 4 4 3 2 3 4 13 32 23 44 39 26 18 39 45 43 42 37 64 56 73 57 56 34 17 41 26 30 24 10 49 19 44 52 57 40 30 10 45 26 19 5 17 48 59 20 8 12 5 7 15 25 18 22
46 16 64 39 63 69 72 46 78 79 56 61 62 29 32 32 47 49 40 35 33 31 26 12 9 11 22 17 13 10 2 1 1 1 2 5 5 5 5 6 5 5 3 2 1 4 12 25 31 27 35 57 51 50 25 37 36 60 57 54 76 62 56 42 23 25 34 43 32 21 12 12 41 40 50 54 54 58 44 16 11 24 24 19 6 23 38 28 22 4 11 1 15 21 10 10
42 41 48 50 38 65 70 44 51 81 53 74 84 62 46 38 53 69 69 56 52 34 19 14 23 14 28 25 36 13 12 11 12 6 4 2 4 2 4 4 2 1 1 2 7 15 29 31 28 34 48 57 50 37 52 52 52 49 39 49 68 36 16 9 22 23 21 67 40 14 17 9 41 45 11 27 65 50 59 48 14 9 42 26 16 6 23 29 28 13 2 3 19 9 2 2
49 21 32 48 36 49 78 44 33 67 73 83 84 74 76 67 28 45 48 63 44 38 33 28 31 30 30 38 36 32 22 17 16 15 10 5 2 2 2 1 1 0 4 8 25 25 30 42 25 44 56 44 58 54 55 52 16 11 28 48 74 36 12 30 42 34 54 54 32 28 19 6 12 47 35 10 27 37 52 53 49 16 15 31 23 8 5 17 32 22 2 1 12 2 11 19
72 39 40 43 15 38 68 45 59 46 68 57 75 46 59 65 28 20 43 64 47 59 38 23 52 44 32 24 28 24 19 11 13 11 16 10 7 3 1 0 1 2 9 22 27 34 18 18 44 66 46 49 64 69 77 66 39 28 38 52 55 17 17 40 41 32 34 12 31 39 23 6 8 22 50 25 10 16 71 41 40 20 7 18 21 6 9 23 15 16 2 2 2 4 22 41
55 19 50 48 20 15 41 71 23 45 79 73 78 55 51 30 33 10 23 69 64 48 36 34 22 24 10 9 14 12 16 14 8 7 15 13 7 5 3 1 2 7 12 19 14 28 25 41 41 39 32 43 48 77 79 79 72 60 46 45 28 13 26 36 49 46 35 18 21 35 15 7 8 17 47 29 12 15 28 51 41 33 14 9 25 9 14 19 11 5 5 15 6 13 37 48
72 25 65 68 37 26 28 51 23 23 75 63 50 31 17 38 33 28 10 24 30 49 68 68 38 13 27 16 6 10 9 7 5 6 9 16 11 4 1 1 1 9 20 23 10 14 7 19 12 16 13 34 52 37 57 76 54 37 23 70 31 12 27 31 30 40 61 30 31 12 8 9 19 38 61 30 15 22 33 66 41 21 13 5 12 18 14 18 7 4 12 46 22 23 22 40
63 54 47 70 20 31 37 51 44 20 23 18 23 48 24 18 41 39 19 27 31 32 58 48 41 15 21 27 16 4 5 4 5 4 5 7 11 4 2 0 2 4 3 9 7 5 9 12 23 22 15 31 25 34 34 24 16 32 61 45 12 22 32 25 38 62 32 26 34 17 7 12 21 41 44 22 25 20 38 58 45 50 25 7 6 9 13 18 3 6 16 14 34 43 24 28
34 26 43 42 29 12 43 56 32 12 26 17 17 34 42 24 30 35 30 12 13 18 27 21 19 13 16 27 24 9 5 3 3 3 3 4 3 6 2 0 1 3 8 10 15 22 28 28 23 27 38 21 13 8 9 18 31 36 69 36 11 38 25 20 47 71 32 41 40 20 13 14 26 54 36 23 37 23 32 50 43 44 42 26 8 4 14 8 3 24 27 25 25 25 58 23
16 22 13 36 15 8 44 55 30 12 10 17 16 12 32 31 18 14 20 19 9 9 14 17 14 12 8 20 37 8 5 3 1 1 1 1 3 3 4 1 2 3 4 7 14 16 26 12 13 28 29 44 34 48 32 34 36 56 60 9 17 29 18 13 43 55 36 34 31 24 12 12 30 60 26 39 39 20 16 29 31 41 30 13 15 4 3 9 21 41 42 42 47 29 18 48
11 12 7 8 6 21 37 29 17 9 4 9 9 5 5 17 20 19 17 18 7 7 8 11 4 6 7 7 9 14 11 3 1 1 1 1 2 1 3 2 1 1 2 5 7 11 9 12 24 23 39 39 35 43 53 66 69 80 39 9 20 24 15 26 68 52 18 34 39 23 15 10 25 58 26 24 27 31 8 17 31 42 18 13 5 4 8 24 44 43 44 36 41 51 62 29
6 5 3 2 2 3 5 6 5 3 2 2 2 1 2 4 5 4 8 13 7 5 4 4 2 2 9 6 6 7 9 7 6 3 1 1 2 1 3 1 1 1 2 3 4 6 16 16 14 42 30 35 39 43 55 80 68 57 11 25 31 19 37 55 82 34 46 24 23 25 23 16 37 60 36 24 26 34 9 15 29 38 26 30 13 2 8 21 24 17 16 13 12 17 31 36
2 3 4 4 2 1 1 1 2 1 1 1 0 1 1 1 1 1 2 3 4 3 3 1 2 2 7 6 5 4 3 4 2 2 3 2 1 1 2 1 1 3 10 11 14 16 27 49 17 33 26 26 32 29 70 63 37 10 26 34 31 25 48 76 41 22 41 23 24 28 22 13 25 53 69 41 32 23 10 13 28 44 37 23 11 2 8 10 7 20 21 28 28 22 20 36
5 9 9 15 9 3 2 2 2 7 7 8 8 9 15 8 7 6 2 0 1 1 1 1 1 4 4 3 3 2 2 1 3 2 1 1 1 0 1 1 4 11 12 14 18 28 34 24 46 32 27 23 35 37 72 30 17 24 36 36 28 27 49 77 33 21 21 35 22 11 9 14 43 58 31 56 41 25 10 7 38 33 41 21 9 2 9 21 34 44 24 38 45 37 29 12
11 18 17 20 14 5 4 17 10 16 16 22 20 23 22 22 19 15 12 6 3 2 2 1 0 0 1 1 3 1 1 1 2 2 1 1 0 0 1 2 10 12 15 26 32 42 42 34 41 62 60 55 38 52 34 18 7 37 32 36 18 28 57 66 36 15 23 33 28 21 6 14 55 26 22 65 55 34 15 7 21 19 35 19 4 5 19 20 23 33 28 26 15 15 17 33
22 25 22 24 14 10 11 23 24 23 22 27 40 28 36 35 26 18 17 16 10 15 11 4 4 3 1 0 0 0 0 0 0 1 1 0 0 1 2 11 12 14 18 22 35 42 49 66 53 54 36 74 56 35 39 34 14 34 40 51 44 34 64 25 12 35 43 22 37 18 6 15 26 29 18 66 38 34 14 10 24 21 20 16 4 11 37 44 46 32 24 11 20 21 20 32
43 41 29 40 28 15 15 20 20 24 43 44 43 49 45 29 28 24 21 21 19 22 18 11 10 9 4 3 2 2 3 4 2 0 1 0 0 1 2 10 12 15 16 24 40 44 58 61 49 48 36 24 46 42 50 11 30 37 30 42 32 40 46 51 49 29 21 17 48 36 15 10 30 23 37 70 35 29 24 10 12 19 17 7 12 24 37 61 60 53 50 28 31 40 40 68
47 47 50 35 31 29 18 31 42 47 53 48 49 38 46 37 31 30 27 39 33 32 20 15 13 21 10 8 4 4 15 4 2 1 0 0 0 1 2 6 6 9 15 19 30 51 32 14 63 57 42 27 45 52 10 10 24 28 28 43 52 56 61 31 23 22 32 27 23 31 23 13 33 27 36 49 44 46 25 10 8 15 8 7 20 25 26 27 18 18 18 32 41 43 75 77
48 49 56 53 49 23 21 35 48 57 56 50 51 50 48 48 35 56 45 43 23 15 16 17 18 16 12 10 10 13 4 3 1 1 1 1 1 1 2 6 6 13 25 17 14 22 19 31 31 39 39 13 31 8 15 9 13 19 21 37 56 64 40 58 37 20 21 21 20 34 38 14 17 25 38 42 45 27 20 10 5 8 9 13 31 14 16 25 42 45 40 34 23 69 52 63
61 74 61 30 48 26 39 39 65 56 52 53 52 69 70 53 55 51 36 48 29 25 12 31 31 14 14 15 27 7 3 2 2 2 3 1 2 2 3 4 12 17 24 9 15 20 20 34 29 28 20 13 19 7 14 7 18 36 40 52 41 31 47 61 25 14 12 14 28 27 24 14 11 23 24 49 46 33 21 9 4 5 14 29 45 45 37 32 38 28 25 53 58 71 51 32
69 80 48 48 63 37 30 63 60 70 41 57 68 60 75 60 39 27 54 42 36 31 11 41 14 12 19 28 8 4 5 8 7 6 4 4 4 3 1 2 7 11 6 7 9 23 49 45 35 22 20 11 12 11 19 27 37 26 20 23 27 36 40 60 32 17 19 17 14 12 15 18 9 20 35 31 27 37 22 8 4 17 36 27 39 58 55 57 51 51 27 45 45 48 54 26
55 73 42 43 63 39 39 69 61 67 31 54 72 58 74 46 42 44 58 60 46 22 23 15 17 29 48 8 5 10 9 9 8 7 6 4 4 4 1 1 1 2 4 6 17 39 42 26 43 17 12 7 21 19 24 17 13 8 25 27 22 45 44 38 19 56 59 48 33 32 19 18 9 16 20 17 23 27 10 3 8 29 50 62 56 63 68 61 49 48 46 55 25 12 49 36
64 39 42 39 57 32 37 65 77 61 24 59 73 67 66 68 44 60 77 61 43 22 40 22 39 41 9 9 17 14 9 9 16 9 12 7 6 6 6 4 4 3 3 10 39 24 37 12 14 28 9 11 27 24 24 21 15 25 57 58 47 44 73 42 53 40 51 54 30 22 20 18 10 7 12 19 12 19 5 2 11 24 27 47 47 28 45 18 14 17 11 71 56 32 27 16
84 66 47 34 48 27 49 62 84 49 30 46 64 68 71 45 41 84 58 20 25 52 48 38 45 22 18 21 29 28 16 19 17 15 7 11 8 13 8 8 4 2 1 2 15 13 16 5 4 4 3 11 18 32 26 43 47 47 33 45 61 58 39 58 51 50 24 42 64 32 17 11 8 3 8 11 7 12 6 6 16 29 31 34 29 16 21 29 41 61 73 88 68 34 26 12
73 73 40 46 49 26 39 60 73 47 25 46 79 78 46 62 47 53 24 19 34 67 73 56 42 43 28 26 34 23 19 40 24 8 8 16 11 18 16 8 6 4 3 2 1 2 1 1 5 12 22 26 37 40 40 51 40 33 56 72 77 75 56 62 16 77 65 23 23 61 55 40 25 11 2 8 8 4 4 6 16 18 17 29 22 25 53 56 48 42 55 76 48 34 26 13
70 50 31 47 40 37 26 56 67 38 27 44 77 70 55 50 31 22 8 31 53 65 53 29 24 13 12 46 42 26 35 35 19 9 13 19 21 22 19 5 6 4 6 5 4 2 1 2 6 9 20 19 29 33 28 31 40 56 45 83 76 49 43 79 58 37 73 40 21 14 29 32 37 36 15 8 4 4 3 5 19 19 16 18 30 43 54 54 51 63 51 63 57 46 26 12
64 46 21 48 35 35 28 33 43 20 19 38 51 27 31 33 13 21 17 37 63 34 30 34 21 22 16 54 47 30 58 34 14 19 17 26 29 40 28 14 11 4 10 8 6 3 1 1 6 8 9 14 33 30 43 52 31 60 61 82 33 14 46 79 48 50 35 68 35 10 13 19 33 28 26 22 7 3 1 4 12 18 18 16 20 37 69 47 37 76 49 48 54 23 13 11
33 25 19 36 25 19 26 20 43 40 30 35 30 25 41 43 35 45 26 37 54 37 34 34 26 23 23 56 52 36 56 34 30 28 24 37 35 33 14 16 25 16 11 6 3 1 0 0 3 8 9 19 34 30 32 40 25 44 72 46 32 19 66 78 63 24 17 24 46 23 13 11 14 11 27 12 8 3 2 3 9 16 21 18 45 61 76 51 46 75 45 21 28 40 13 6
23 7 23 29 22 38 42 72 65 85 81 77 28 50 56 55 58 28 29 53 47 32 33 22 26 36 24 52 54 56 44 39 34 38 36 48 60 37 25 20 45 28 5 3 2 1 0 1 5 8 21 23 26 31 18 22 42 64 77 35 25 28 44 76 71 52 21 7 38 41 22 11 10 11 35 10 4 3 2 7 12 21 24 32 35 30 33 28 42 39 52 40 41 33 8 2
14 12 16 27 69 72 79 82 59 65 74 78 80 67 36 38 30 24 32 31 19 30 29 34 48 39 39 70 59 75 45 44 40 50 54 69 71 38 39 33 43 19 9 5 4 5 4 0 2 10 9 18 16 12 14 28 45 62 54 46 25 24 28 83 49 46 42 6 30 48 35 10 8 9 11 20 7 2 2 10 10 20 35 42 37 28 29 19 28 26 33 24 18 8 3 6
21 30 12 18 31 39 70 34 37 36 57 64 53 70 39 32 36 53 42 28 28 34 33 45 67 50 42 67 66 58 41 57 46 56 53 68 53 43 55 25 13 11 18 16 12 11 6 2 1 3 13 11 11 20 20 9 32 29 39 70 36 32 43 59 43 12 39 16 21 28 23 21 12 6 4 45 7 1 3 7 16 21 17 43 29 25 26 19 17 10 10 8 6 7 10 24
44 61 29 22 45 41 49 49 37 57 61 51 65 78 80 60 70 57 39 33 45 44 48 46 59 46 42 68 67 41 52 53 54 57 68 73 59 48 19 11 11 21 18 17 24 15 13 3 1 1 4 10 13 20 23 15 29 33 23 34 33 32 37 54 60 14 26 26 18 37 25 13 15 9 8 9 5 1 3 6 12 15 30 42 23 26 21 17 25 6 5 4 5 11 22 26
32 57 73 41 16 24 43 48 69 48 40 40 76 51 58 91 86 33 50 50 52 49 53 45 51 45 50 72 60 51 53 52 59 73 75 50 23 20 32 28 34 32 26 19 30 26 17 5 1 0 1 17 11 9 21 16 33 25 20 23 28 18 19 33 68 12 10 20 14 14 17 9 9 7 6 6 3 2 2 6 9 12 45 28 11 9 10 12 11 1 2 9 10 17 24 23
69 68 72 76 36 11 22 64 65 60 16 21 43 53 78 84 69 85 86 64 47 69 63 31 51 42 63 56 56 52 56 48 64 77 81 48 44 37 52 49 62 62 40 41 47 21 9 3 0 0 1 1 2 5 20 17 31 29 17 17 15 7 3 12 42 20 12 13 12 11 10 15 9 8 4 4 3 2 2 5 9 13 18 14 7 6 4 5 2 6 9 11 23 31 22 23
47 33 47 82 34 33 26 27 32 41 32 10 36 81 87 83 65 56 81 64 70 77 65 42 61 59 75 70 66 74 57 57 61 60 60 42 45 54 55 59 28 28 57 73 24 13 9 3 1 1 1 1 1 1 8 21 26 40 14 16 13 7 4 29 47 17 18 11 9 10 12 12 6 4 5 4 3 2 3 6 6 14 12 5 4 3 4 9 11 19 22 26 27 31 17 19
26 48 44 81 81 26 33 22 28 27 34 19 46 54 57 63 76 85 64 27 62 27 73 83 92 86 80 60 77 62 72 52 49 30 74 66 70 61 39 35 15 4 56 46 36 22 17 9 4 7 7 4 1 0 1 4 5 12 7 11 10 5 6 17 26 27 16 11 10 2 4 5 7 3 2 2 3 2 2 3 7 8 8 5 2 5 13 15 21 19 23 42 35 26 21 18
18 31 38 46 77 74 44 23 24 26 25 25 43 66 76 79 43 79 78 39 68 63 37 55 73 54 69 46 71 33 22 51 36 35 58 88 75 56 37 76 43 42 49 47 49 29 14 11 16 17 11 5 1 0 1 1 1 3 2 9 8 4 10 19 17 26 16 9 7 5 5 5 4 3 2 1 2 1 1 1 2 3 4 3 2 7 10 13 20 20 26 23 57 32 20 12
9 17 29 7 41 85 44 29 17 16 24 32 28 41 51 64 67 79 60 61 70 51 20 56 72 52 52 48 53 72 57 65 57 37 46 81 88 91 89 85 73 60 60 67 57 34 28 21 37 12 7 7 6 5 4 3 1 1 1 2 2 4 5 16 18 18 15 11 6 4 3 2 3 2 1 1 1 1 0 1 1 2 1 1 2 2 3 10 19 10 15 30 30 28 15 29
18 12 23 54 43 64 83 44 44 20 12 17 21 27 58 48 70 83 22 33 75 71 35 21 82 84 60 44 60 70 38 37 46 36 33 63 81 81 78 53 65 66 42 50 55 54 63 57 29 7 13 20 17 15 13 22 16 4 1 2 1 2 3 4 9 22 12 9 4 6 3 1 2 2 1 1 1 1 0 1 0 2 3 4 6 4 5 6 16 19 19 19 27 28 39 39
29 11 9 40 62 69 87 72 40 36 26 21 20 29 27 19 54 41 30 68 89 48 29 19 28 74 45 54 48 67 65 49 54 53 47 82 71 49 41 33 41 22 19 71 48 69 80 73 42 30 37 25 23 17 12 4 5 3 2 2 1 1 2 3 2 8 11 7 5 4 2 1 1 1 1 1 1 0 0 0 1 2 2 4 8 16 17 17 23 23 20 29 28 28 24 42
46 35 28 18 23 28 43 71 43 53 33 21 18 24 38 18 44 29 56 47 83 47 32 29 18 36 36 48 24 63 69 40 40 43 53 71 69 35 22 35 32 24 24 38 56 46 42 25 27 28 22 22 18 18 21 5 3 6 2 1 1 1 2 2 2 4 6 7 4 2 1 1 1 1 1 1 0 0 0 1 1 2 5 7 3 3 12 40 15 30 34 37 42 34 40 47
26 27 50 22 21 50 51 73 76 59 50 22 18 15 18 25 31 36 33 50 77 84 62 40 15 15 32 10 23 60 70 47 36 41 35 35 41 29 22 29 25 23 22 24 60 39 41 24 15 12 11 4 5 5 11 6 2 5 2 1 1 1 1 1 1 3 4 3 3 2 1 1 1 1 1 0 0 0 1 1 1 2 2 2 2 8 24 31 37 41 42 38 40 49 43 53
44 40 19 15 19 32 46 59 75 55 40 31 15 9 13 25 12 18 41 78 69 73 65 58 35 12 39 37 13 19 53 38 41 35 16 19 25 47 21 18 23 15 11 19 39 40 48 30 20 12 10 6 2 3 6 6 2 5 3 1 1 1 1 1 1 2 2 1 2 1 1 1 0 1 0 0 0 1 1 1 1 1 2 4 8 13 16 35 21 22 17 19 30 44 44 27
58 57 27 14 5 32 29 46 63 68 33 30 18 15 19 21 11 37 64 78 47 50 60 33 27 24 14 27 35 7 32 43 24 25 14 25 21 15 17 17 25 19 7 9 17 36 48 34 31 18 16 7 4 2 1 3 2 3 5 2 1 0 0 0 1 1 1 1 1 1 0 0 0 0 0 0 0 1 1 0 0 2 2 5 10 10 19 19 20 14 12 26 30 31 27 28
62 56 37 32 10 12 28 39 73 31 35 20 14 13 12 15 12 30 68 47 10 32 80 34 24 28 13 17 18 31 24 23 17 17 18 11 10 6 7 14 25 12 7 6 8 19 44 28 35 18 11 7 4 2 1 1 1 1 2 2 1 0 0 0 0 1 0 1 1 1 1 0 0 0 0 0 0 0 1 1 1 3 6 8 6 9 23 23 17 19 26 21 26 34 35 20
58 56 39 22 21 14 28 31 69 36 13 30 22 12 10 9 8 41 44 27 49 60 71 57 31 19 22 33 12 38 27 20 22 11 19 9 12 10 3 9 5 5 7 17 25 32 42 33 49 42 28 14 5 3 1 1 1 1 1 2 1 0 0 0 0 0 0 0 1 1 1 0 0 0 0 0 0 1 1 1 1 2 3 3 6 9 12 20 25 29 33 27 32 18 33 34
51 41 33 23 21 21 13 21 39 61 31 15 22 11 10 8 11 29 24 31 27 46 69 54 34 43 17 20 24 41 18 14 16 15 8 6 10 9 7 6 2 3 6 34 18 18 36 23 39 40 39 17 10 6 2 1 0 1 1 1 1 0 0 0 0 0 0 1 1 0 0 0 0 0 0 0 0 1 1 1 2 2 4 3 4 4 12 16 16 20 24 45 32 39 54 37
45 47 28 20 22 19 17 21 24 38 41 14 11 9 9 10 10 12 17 23 29 46 75 48 41 25 35 16 19 31 16 6 9 8 10 5 6 7 4 3 2 4 19 33 7 19 22 14 31 28 24 27 17 12 8 4 1 0 0 1 1 1 0 0 0 0 0 0 0 0 0 0 0 0 0 1 1 1 1 1 2 3 3 2 3 4 6 5 12 22 18 28 25 14 26 30
83 63 48 18 13 18 14 16 20 32 42 22 15 11 10 8 7 10 11 9 30 36 62 46 24 18 19 21 17 11 21 7 6 7 5 7 5 5 2 3 10 13 19 6 7 14 9 12 18 25 29 27 37 21 13 8 4 1 0 0 0 0 0 0 0 0 0 0 0 0 0 0 0 0 1 0 0 0 1 0 1 1 2 2 1 2 3 4 8 12 23 39 23 23 26 8
50 79 64 42 21 10 9 13 18 22 53 27 17 9 6 5 6 4 8 9 20 30 50 53 23 15 11 13 14 14 13 18 10 5 4 8 5 2 1 4 9 24 12 6 9 11 8 7 19 24 12 13 16 22 17 10 5 3 1 0 0 0 0 0 0 0 0 0 0 0 0 0 0 0 0 0 0 1 1 1 1 1 1 1 2 3 4 4 7 16 20 23 19 20 20 29
25 82 36 72 49 32 9 10 10 23 38 19 14 6 5 3 2 3 7 10 21 37 29 49 37 23 16 9 9 12 10 14 9 7 3 5 2 1 2 3 13 12 11 3 5 10 3 5 18 24 10 9 11 12 33 17 11 4 3 1 0 0 0 0 0 0 0 0 0 0 0 0 0 0 1 1 1 1 1 2 1 1 1 2 4 4 4 4 11 13 15 9 13 25 24 25
43 48 30 66 43 42 22 5 7 9 23 19 7 6 4 2 2 2 7 17 8 8 43 47 49 35 24 22 6 4 5 7 6 4 2 2 1 1 1 3 11 5 4 3 3 13 3 5 22 21 12 4 2 2 17 12 11 5 2 1 0 0 0 0 0 0 0 0 0 0 0 0 0 0 1 1 1 2 2 3 3 6 4 5 5 5 3 3 7 8 9 16 27 30 33 32
48 41 37 29 34 18 44 11 3 4 9 12 7 4 3 1 1 4 5 6 16 40 54 52 59 36 23 11 10 4 7 7 5 4 3 2 1 1 3 6 5 3 3 2 5 16 8 9 29 26 21 6 1 1 3 3 5 6 2 1 1 0 0 0 0 0 0 0 0 0 0 0 0 0 0 0 1 2 5 3 6 7 10 7 7 6 4 6 11 8 8 12 14 10 17 19
43 35 39 27 31 10 16 23 3 2 8 9 12 3 2 1 1 2 7 15 31 35 49 41 43 50 19 11 10 7 6 5 4 3 2 1 1 1 2 6 3 2 2 1 2 5 5 5 17 27 13 6 7 1 1 3 2 2 2 2 1 0 0 0 0 0 0 0 0 0 0 0 1 0 0 1 1 3 3 7 10 10 8 13 10 9 9 20 15 5 7 5 8 22 22 27
32 42 41 28 13 9 9 9 5 2 4 7 8 3 1 0 1 3 12 30 19 11 34 29 26 36 20 11 9 6 4 3 3 2 1 1 1 1 4 5 2 1 1 1 1 6 2 5 22 8 10 5 4 2 2 2 3 2 2 1 1 0 0 0 0 0 0 0 0 0 0 0 0 1 1 2 2 4 6 7 13 20 23 24 27 21 23 21 15 11 10 14 9 10 24 23
18 14 21 23 11 9 5 4 5 3 1 3 4 2 1 0 2 5 10 11 14 12 25 46 13 16 13 17 6 4 3 3 2 2 2 1 1 3 8 2 1 0 1 1 2 3 4 27 37 4 2 9 3 2 1 1 2 1 1 1 1 0 0 0 0 0 0 0 0 0 0 0 0 0 1 1 2 1 2 4 8 10 13 18 32 26 34 32 25 23 14 14 26 22 17 19
7 7 7 7 7 5 4 4 4 3 1 1 1 2 0 0 1 2 4 5 9 8 6 11 10 9 7 8 4 3 2 2 1 1 1 0 1 3 2 1 1 0 0 1 2 4 9 7 22 5 2 4 5 2 2 2 2 1 1 1 0 0 0 0 0 0 0 0 0 0 0 0 0 0 1 1 1 1 1 2 3 6 9 10 29 29 41 47 34 45 38 37 32 30 23 46
9 9 9 6 4 3 3 1 1 1 1 0 0 1 0 0 1 2 1 3 6 3 3 5 6 6 5 3 5 2 2 2 1 0 1 1 1 2 2 2 1 0 1 3 4 7 2 2 3 4 3 2 3 3 2 1 1 1 0 1 0 0 0 0 0 0 0 0 0 0 0 0 0 0 0 0 1 2 2 2 3 6 4 9 15 21 20 25 58 55 30 54 46 45 30 38
