sesion_6_simulaciones/modelos_agentes/ejemplos_netlogo/scenarios/cgcm2_a2/rob_2082.asc
NCOLS 322 
NROWS 307 
XLLCORNER 451900 
YLLCORNER 4086900 
CELLSIZE 100 
NODATA_value -9999 
[rows 222 to 295 of 307, columns 0 to 95 of 322]
0 1 1 3 4 2 7 8 1 4 4 4 12 4 3 2 2 1 1 1 4 5 9 9 5 5 4 10 14 6 3 11 16 3 9 6 4 6 11 22 7 6 11 9 7 29 12 27 36 68 70 32 24 28 26 15 31 40 27 39 47 33 29 56 41 54 38 48 40 37 33 30 13 10 7 5 3 2 0 0 0 0 0 1 1 3 8 21 24 14 9 9 20 31 51 32
1 1 1 1 1 2 4 12 8 3 3 6 7 4 2 2 2 4 5 5 6 9 4 20 8 8 7 6 10 11 5 6 3 4 10 2 3 3 5 15 13 5 4 8 2 2 8 5 8 41 51 41 39 27 22 25 16 20 37 47 41 61 35 44 60 41 43 46 54 32 18 17 11 8 3 2 1 2 1 1 0 0 0 2 3 4 9 15 33 34 16 22 32 37 9 8
1 2 6 18 5 5 7 11 6 8 9 17 7 3 4 5 4 10 3 4 25 3 5 5 6 4 3 10 7 5 4 4 3 6 5 3 3 4 4 10 4 4 4 22 27 19 17 24 22 13 17 32 23 21 17 17 19 30 34 39 47 54 39 75 75 57 46 37 33 22 15 14 8 5 4 2 1 0 0 0 0 0 1 4 6 13 9 24 50 47 23 32 40 33 9 7
1 6 11 7 24 32 7 7 4 11 17 8 6 3 4 4 1 1 0 7 3 5 10 4 2 6 3 4 3 2 2 2 5 1 1 4 1 4 2 4 3 6 9 7 11 27 21 51 46 27 16 21 14 22 13 14 21 38 34 34 53 36 34 28 40 37 28 29 18 14 14 7 6 5 2 1 1 0 0 0 0 1 4 6 8 24 31 33 63 61 54 55 27 20 12 11
0 1 2 2 11 38 22 2 6 9 16 3 7 7 1 1 0 0 5 20 2 5 6 8 3 3 2 1 2 1 2 4 3 1 3 3 3 3 2 2 10 22 14 7 15 23 33 17 58 64 21 18 8 14 15 26 25 25 31 27 23 19 28 18 17 28 38 24 13 7 6 4 7 2 1 1 1 0 0 0 1 2 6 8 9 27 52 60 63 72 53 30 25 14 11 7
2 1 3 6 8 12 3 4 5 5 8 10 15 3 1 0 3 5 9 18 4 2 3 17 5 1 3 1 1 2 0 1 4 1 1 1 2 4 15 19 5 5 5 34 14 22 47 30 31 11 25 27 28 26 26 31 39 30 32 29 28 15 21 14 15 21 19 8 5 8 5 2 2 1 1 0 0 0 1 2 2 3 10 14 11 25 53 78 63 13 13 8 10 13 8 7
1 1 2 7 7 8 7 5 3 7 9 6 5 2 3 11 9 10 8 10 2 3 2 7 0 0 2 0 1 2 0 0 2 1 0 1 1 1 12 24 10 8 23 21 72 38 16 30 24 23 17 40 38 36 44 43 28 35 21 16 14 5 2 3 11 11 10 7 6 4 3 2 1 1 0 0 0 1 3 4 5 10 13 17 29 39 42 75 45 21 18 15 12 14 8 11
0 1 4 3 4 5 6 5 4 5 3 10 8 8 7 11 5 2 8 4 1 1 1 1 0 2 0 0 1 1 0 1 0 1 3 6 3 3 2 6 8 5 6 7 34 66 38 24 23 25 22 24 25 41 54 57 37 32 11 12 5 5 7 18 19 12 4 3 5 2 1 1 0 0 0 1 3 4 4 7 16 13 26 23 51 57 56 54 29 20 26 39 19 14 9 7
1 1 2 3 6 6 9 2 4 4 2 6 4 11 4 6 4 2 2 9 0 0 0 0 1 0 0 0 0 1 0 0 0 1 1 2 2 10 3 2 11 18 24 19 34 13 23 16 13 19 16 17 30 35 35 40 49 36 34 15 19 14 8 11 16 9 3 3 1 1 0 0 0 0 1 2 4 6 8 12 27 19 38 31 29 69 81 51 35 45 55 42 18 11 9 3
0 1 3 4 2 2 2 6 2 2 2 1 3 2 2 4 3 1 1 1 0 0 0 1 0 0 0 0 0 0 0 0 2 1 1 1 5 3 5 5 2 8 44 55 71 35 13 9 22 28 32 14 23 35 33 38 37 15 23 33 18 12 7 10 6 8 4 2 1 1 1 2 1 1 2 4 7 18 25 35 44 39 43 25 20 41 69 39 31 62 56 29 18 13 9 5
0 0 1 3 2 2 1 4 1 1 1 1 1 1 1 1 5 1 0 1 0 0 0 0 0 0 0 0 0 0 0 0 1 3 1 2 1 3 7 2 6 7 7 21 22 17 23 11 23 18 36 22 22 24 27 49 31 23 9 7 11 6 2 4 2 8 5 3 2 2 2 1 1 2 5 7 11 25 37 50 59 66 47 31 24 27 42 45 54 48 29 16 9 9 12 10
0 0 1 1 1 2 1 1 2 1 2 1 1 1 1 0 1 0 0 0 0 0 0 0 0 0 0 0 0 0 0 0 0 0 0 1 1 2 3 2 5 11 36 18 21 11 15 5 9 13 20 19 22 31 41 28 25 11 5 1 8 16 7 11 11 7 6 6 4 1 0 2 3 6 6 9 16 42 42 63 77 67 55 54 28 32 67 71 57 39 33 20 19 23 16 7
0 0 0 0 0 1 4 4 7 1 1 1 0 1 0 0 1 0 0 0 0 0 0 0 0 0 0 0 0 1 1 0 0 0 1 2 3 6 4 6 12 19 27 36 40 45 58 27 24 42 33 23 23 21 20 23 12 6 5 11 8 21 27 15 7 4 2 1 2 1 1 7 7 9 14 9 21 44 52 65 59 75 60 64 47 76 52 57 41 52 48 48 36 26 15 11
0 0 0 0 0 0 0 1 1 1 1 0 0 0 0 0 0 0 0 0 0 0 0 0 0 0 0 0 0 0 2 8 3 5 8 4 5 4 4 11 22 18 21 46 27 18 24 6 14 36 50 41 25 17 18 19 22 18 38 23 14 15 10 11 5 1 1 0 1 0 6 8 21 12 22 13 17 31 56 67 80 65 67 61 69 50 54 56 34 37 66 58 48 24 17 24
0 0 0 0 0 0 0 1 0 0 0 0 0 0 0 0 0 0 0 0 0 0 0 0 0 0 0 0 0 0 0 3 21 7 18 45 43 17 19 32 7 43 48 40 63 49 55 31 28 38 39 35 43 20 22 44 42 29 22 13 14 25 18 6 1 1 2 2 0 1 2 8 26 35 29 17 22 18 38 38 74 79 75 40 36 77 47 57 60 65 47 52 47 39 29 29
0 0 0 0 0 0 0 0 1 0 0 0 0 0 0 0 0 1 0 0 1 0 0 0 0 0 0 0 0 0 0 1 1 14 13 46 55 54 42 31 35 14 58 62 65 47 72 39 31 37 26 25 15 19 9 10 17 21 20 13 11 8 2 1 1 2 3 1 1 2 6 12 20 37 38 21 25 33 35 36 57 74 68 29 63 60 52 71 76 58 61 58 55 40 54 44
0 0 0 0 0 0 0 0 0 0 0 0 0 0 0 0 0 0 0 0 0 2 0 0 0 0 0 0 0 0 0 1 2 2 2 29 58 21 68 28 34 41 31 64 53 52 39 21 61 48 40 37 43 40 29 18 17 14 12 11 9 3 2 1 2 2 2 1 1 2 6 18 25 45 65 41 30 38 52 54 61 73 42 39 58 25 14 34 53 32 33 53 42 49 34 20
0 0 0 0 0 0 0 0 0 0 0 0 0 0 0 0 0 0 0 0 0 0 3 0 0 0 0 0 0 1 1 1 2 4 3 6 23 51 40 45 46 38 44 51 48 65 58 37 18 45 44 45 42 46 42 23 17 7 10 8 4 3 3 6 1 1 1 1 2 6 12 12 29 37 57 62 37 33 40 66 61 80 30 35 65 27 34 32 27 22 22 37 38 32 12 6
0 0 0 0 0 0 0 0 0 0 0 0 0 0 0 0 0 0 0 0 0 0 0 0 0 0 0 1 1 1 2 1 3 8 9 9 16 40 34 51 15 22 16 27 31 36 11 43 32 30 41 31 30 40 39 39 31 22 17 22 12 9 7 2 1 0 1 2 6 13 19 27 29 34 36 66 72 46 64 44 70 64 49 71 27 33 41 41 51 56 37 45 43 29 14 6
0 0 0 0 0 0 0 0 0 0 0 0 0 0 0 0 0 0 0 0 0 0 0 1 0 0 0 0 0 0 1 1 4 7 11 17 11 9 16 10 23 13 7 9 15 28 27 39 23 23 36 30 29 26 24 25 24 18 14 11 5 3 3 1 1 1 2 5 16 15 20 28 39 31 39 38 82 40 37 60 66 42 50 61 55 50 41 70 70 34 39 33 24 12 7 5
0 0 0 0 0 0 0 0 0 0 0 0 0 0 0 0 0 0 0 0 0 0 0 0 0 0 0 1 0 1 2 2 2 6 8 18 22 14 10 6 6 11 16 18 30 31 27 16 22 33 29 28 21 27 25 24 22 10 8 6 4 2 1 0 1 3 7 13 15 21 37 19 11 40 71 55 73 46 46 55 61 55 43 51 41 28 32 60 54 52 29 25 19 10 8 3
0 0 0 0 0 0 0 0 0 0 0 0 0 0 0 0 0 0 0 0 0 0 0 1 1 0 0 1 0 1 2 3 5 8 9 19 23 43 31 11 13 9 11 12 18 15 21 15 11 22 20 28 29 26 16 16 11 8 7 6 4 2 1 2 2 7 19 17 19 27 32 33 22 41 60 44 62 70 45 49 54 60 60 60 41 55 41 49 55 51 38 33 17 15 7 7
0 0 0 0 0 0 0 0 0 0 0 0 0 0 0 1 0 0 0 0 0 0 0 0 0 1 1 4 7 3 2 3 6 11 15 15 22 34 49 45 21 16 18 26 29 20 13 18 32 25 35 37 19 15 23 16 21 14 6 5 2 2 2 3 2 12 20 33 42 45 39 39 29 42 73 42 22 55 78 50 67 59 58 50 41 38 13 37 55 48 31 18 17 16 21 17
0 0 0 0 0 0 0 0 0 0 0 0 0 0 0 0 0 0 0 0 0 0 0 0 0 1 0 1 1 6 8 7 9 18 18 13 27 43 56 47 27 25 24 35 37 45 27 46 32 19 10 12 19 22 8 11 9 8 3 5 5 3 2 6 9 18 23 43 53 55 48 55 41 47 62 68 26 41 53 49 49 29 27 16 25 40 23 30 39 33 28 24 24 24 21 17
0 0 0 0 0 0 0 0 0 0 0 0 0 0 0 0 0 0 0 0 0 0 0 0 0 1 0 0 0 10 6 19 33 17 21 27 19 33 50 53 61 56 43 29 45 62 36 41 36 24 24 25 15 24 13 9 10 14 13 9 4 1 5 9 15 17 26 48 49 65 54 64 38 39 55 68 47 22 54 30 23 14 27 22 27 13 14 24 47 47 30 27 32 29 25 9
0 0 0 0 0 0 0 0 0 0 0 0 0 0 0 0 0 0 0 0 0 0 0 0 0 1 1 0 0 0 1 1 16 16 23 20 14 35 33 27 23 19 18 22 30 55 34 35 32 32 26 20 13 8 6 13 17 14 9 8 2 1 4 6 13 28 44 46 44 55 78 56 60 36 31 60 42 63 35 20 26 20 19 22 34 19 31 40 36 21 28 41 47 30 23 8
0 0 0 0 0 0 0 0 0 0 0 0 0 0 0 0 0 0 0 0 0 0 0 0 0 0 1 1 1 2 1 4 6 5 3 8 15 23 16 23 12 15 9 17 20 25 26 40 23 23 20 21 25 21 6 11 12 19 12 5 1 0 1 9 11 26 22 22 27 29 52 71 77 32 20 41 22 55 19 29 17 19 13 26 32 37 41 20 37 35 42 53 32 24 15 9
0 0 0 0 0 0 0 0 0 0 0 0 0 0 0 0 0 0 0 0 0 0 0 0 0 1 1 2 1 1 1 2 7 9 7 7 23 26 28 26 31 26 45 39 25 29 33 39 36 27 13 21 18 14 20 17 14 10 6 2 0 1 2 6 16 24 33 50 39 23 36 40 55 60 34 27 49 37 25 28 11 27 32 22 15 34 44 39 56 59 41 39 22 14 11 16
0 0 0 0 0 0 0 0 0 0 0 0 0 0 0 0 0 0 0 0 0 0 0 0 2 8 3 1 2 5 7 3 10 11 12 12 22 38 31 29 41 34 28 31 31 32 49 57 40 32 35 30 40 38 27 11 8 9 6 3 1 4 3 8 23 30 49 58 55 34 24 27 43 56 56 29 57 32 32 36 38 21 31 44 40 41 56 51 46 58 58 32 32 23 11 13
0 0 0 0 0 0 0 0 0 0 0 0 0 0 0 0 0 0 0 0 0 0 0 1 2 12 6 2 1 2 4 5 4 6 12 9 13 19 19 44 59 32 41 44 57 55 50 57 47 41 47 55 40 29 27 20 18 9 7 3 1 6 7 19 28 43 65 59 38 38 34 40 40 25 15 64 59 34 27 26 21 27 47 44 50 61 61 72 61 56 36 26 23 24 18 12
0 0 0 0 0 0 0 0 0 0 0 0 0 0 0 0 0 0 0 0 0 0 0 5 2 1 3 3 2 4 9 9 5 3 7 6 15 22 31 33 30 30 64 58 69 63 48 37 35 34 17 32 38 23 20 16 10 8 7 2 2 6 7 22 39 52 60 56 50 56 48 40 62 53 45 36 48 47 18 25 34 43 46 32 48 53 55 45 62 36 25 21 35 23 19 16
0 0 0 0 0 0 0 0 0 0 0 0 0 0 1 0 0 0 0 0 0 0 0 2 0 1 3 7 10 30 52 6 18 10 7 4 10 49 30 37 59 12 20 10 16 38 26 43 29 36 31 35 35 31 15 10 10 9 8 3 2 9 11 22 47 69 57 52 39 72 78 32 58 69 63 49 27 33 27 17 27 28 37 57 51 49 39 38 46 42 42 46 39 36 17 7
0 0 0 0 0 0 0 0 0 0 0 0 0 0 0 0 0 0 0 0 0 0 0 1 0 0 0 3 7 5 22 49 14 23 27 24 29 31 23 28 43 47 36 46 48 34 40 58 47 47 45 27 23 21 21 15 16 14 11 4 5 16 35 41 52 58 56 53 40 36 57 71 34 52 61 56 40 21 43 31 44 51 37 31 49 48 40 33 39 62 57 52 31 18 19 7
0 0 0 0 0 0 0 0 0 0 0 0 0 0 0 0 0 0 0 0 0 0 0 2 0 0 1 0 2 6 2 11 22 16 50 41 24 7 10 8 21 32 29 39 54 62 49 34 53 49 35 48 43 27 19 30 15 14 12 4 9 23 46 57 69 71 50 42 66 55 35 26 57 57 44 49 33 30 56 56 21 20 26 35 38 33 50 43 50 35 37 23 14 15 8 7
0 0 0 0 0 0 0 0 0 0 0 0 0 0 0 0 0 0 0 0 0 0 1 2 1 0 1 1 3 3 4 1 1 4 6 7 7 8 9 7 6 14 12 19 42 46 38 57 57 55 51 46 42 38 37 31 28 15 12 3 15 29 43 66 72 64 50 59 56 72 46 45 20 18 31 27 50 43 25 36 30 45 44 55 51 44 60 57 36 25 24 25 16 6 8 9
0 0 0 0 0 0 0 0 0 0 0 0 0 0 0 0 0 0 0 0 0 0 1 2 1 0 1 3 2 6 7 2 10 16 23 18 19 19 21 10 10 11 39 51 56 39 49 48 55 59 57 49 47 43 39 35 27 17 8 3 7 25 60 69 61 73 52 58 55 44 78 46 31 18 11 50 23 44 35 39 44 61 64 58 51 62 54 47 30 26 26 23 12 9 14 17
0 0 0 0 0 0 0 0 0 0 0 0 0 1 0 1 0 0 0 0 0 0 1 1 1 2 0 2 3 7 4 14 11 9 14 18 14 17 8 16 38 51 29 33 30 42 42 42 56 50 60 58 50 43 38 38 21 19 9 7 7 15 40 67 83 69 47 59 51 41 30 43 45 10 6 19 37 58 54 47 48 51 58 66 61 45 53 41 59 37 26 19 8 16 10 35
0 0 0 0 0 0 0 0 0 0 0 0 0 0 1 0 0 0 0 0 0 0 1 2 2 1 2 2 1 2 4 23 7 9 13 18 19 12 23 24 50 44 45 43 50 53 56 51 65 59 62 55 52 46 42 25 21 15 17 8 10 16 39 55 72 57 66 69 53 66 56 50 41 12 13 26 33 38 48 41 41 44 44 53 46 44 45 54 61 56 29 26 19 25 21 41
0 0 0 0 0 0 0 0 0 0 0 0 0 2 0 0 0 0 0 0 0 0 1 0 0 0 3 1 2 2 7 5 10 18 14 17 19 22 33 30 28 40 48 56 55 62 57 68 65 47 44 45 42 50 49 31 24 19 15 7 13 22 39 50 61 51 43 57 70 52 65 43 48 14 23 40 35 47 29 29 38 42 33 30 34 38 41 42 40 47 44 39 18 34 42 36
0 0 0 0 0 0 0 0 0 0 0 0 0 0 0 0 0 0 0 0 0 1 1 0 0 1 1 1 2 7 10 12 11 14 12 15 26 28 36 33 42 52 59 45 42 61 65 66 54 53 50 50 44 37 37 44 38 23 11 7 14 31 44 51 49 51 41 41 64 73 57 41 33 54 47 17 15 20 34 34 33 39 43 42 32 44 30 49 40 32 41 36 19 35 36 30
0 0 0 0 0 0 0 0 0 0 0 0 0 0 0 0 0 0 0 0 0 0 0 1 1 0 1 2 8 1 2 2 9 10 14 23 25 27 28 31 34 50 39 48 63 57 64 69 50 57 52 49 44 32 33 42 25 24 22 9 10 20 55 58 62 49 44 36 33 30 36 34 28 38 5 16 21 22 21 24 32 29 28 49 43 46 43 44 37 36 40 22 23 40 32 42
0 0 0 0 0 0 0 0 0 0 0 0 0 0 0 0 0 0 0 0 0 0 1 2 0 1 1 2 1 2 3 4 8 7 13 18 23 25 21 52 34 29 37 56 26 46 66 70 70 66 37 40 40 47 47 35 30 34 22 9 4 16 29 52 53 50 75 49 46 40 28 13 24 32 13 24 30 23 24 25 34 32 41 44 46 21 26 23 31 51 39 17 32 47 47 46
0 0 0 0 0 0 0 0 0 0 0 0 0 0 0 0 0 0 0 0 0 1 1 0 0 1 1 1 1 2 3 4 4 7 9 20 12 13 34 27 23 43 58 27 51 53 55 64 56 43 39 52 54 52 50 50 46 37 24 13 7 15 40 43 46 63 70 78 39 47 28 14 13 39 40 13 25 33 42 23 29 30 45 43 31 15 38 36 32 25 17 8 36 46 44 43
0 0 0 0 0 0 0 0 0 0 0 0 0 0 0 0 0 0 0 0 0 0 0 0 1 0 0 1 1 2 5 4 3 10 10 12 13 22 29 38 21 21 34 44 43 52 40 49 50 53 51 64 63 41 46 45 48 32 28 16 11 28 35 48 55 55 64 65 52 47 28 28 26 37 19 14 16 22 27 34 24 59 49 27 37 48 41 34 22 12 10 24 40 47 42 44
0 0 0 0 0 0 0 0 0 0 0 0 0 0 0 0 0 0 0 0 0 0 0 0 0 0 0 1 2 2 2 2 3 4 9 5 25 22 30 17 11 14 23 40 51 51 50 55 61 63 61 61 51 40 35 34 33 32 32 29 17 34 45 55 61 57 48 35 50 60 41 11 17 30 10 14 38 42 40 48 46 34 39 39 43 50 26 31 19 17 18 35 40 40 30 40
0 0 0 0 0 0 0 0 0 0 0 0 0 0 0 0 0 0 0 0 0 0 0 0 0 1 1 3 1 1 2 2 7 5 12 4 3 3 3 11 15 30 45 53 58 54 51 58 46 65 51 48 59 41 48 33 30 33 31 30 22 44 52 50 59 51 41 18 34 43 37 15 23 23 12 7 18 46 46 47 52 27 38 42 41 46 27 23 37 20 34 37 20 45 40 40
0 0 0 0 0 0 0 0 0 0 0 0 0 0 0 0 0 0 0 0 0 0 0 0 1 0 1 1 1 1 5 3 2 13 2 1 7 10 14 15 33 43 38 50 57 64 61 59 49 52 53 53 56 55 52 49 44 33 32 19 36 47 60 73 60 51 35 35 39 30 33 13 19 18 29 17 21 25 41 51 41 50 34 43 46 41 32 12 18 33 29 18 26 31 53 37
0 0 0 0 0 0 0 0 0 0 0 0 0 0 0 0 0 0 0 0 0 0 0 0 0 1 0 1 1 1 1 2 3 2 0 2 4 6 14 52 33 30 43 50 55 63 51 49 47 40 49 53 55 43 52 40 48 47 32 33 39 61 49 59 54 44 34 43 37 22 37 26 12 17 28 16 25 28 31 34 45 41 32 34 42 32 19 7 15 41 21 28 37 32 51 30
0 0 0 0 0 0 0 0 0 0 0 0 0 0 0 0 0 0 0 0 0 0 0 0 1 0 1 1 1 1 2 7 4 0 1 4 3 11 20 24 26 42 46 36 42 46 52 54 43 49 48 51 54 54 53 52 51 49 37 36 37 42 45 41 52 62 42 60 49 27 13 13 22 14 26 31 22 24 21 27 38 34 31 41 44 33 16 8 31 32 32 50 49 34 42 27
0 0 0 0 0 0 0 0 0 0 0 0 0 0 0 0 0 0 0 0 0 0 0 0 0 0 0 0 2 1 3 2 0 1 4 1 4 4 9 30 38 29 21 61 57 36 46 52 53 51 49 52 52 52 53 54 52 35 36 38 39 58 34 35 27 43 61 57 42 32 31 24 10 15 13 15 10 17 30 38 30 38 32 48 47 15 10 31 24 33 46 46 39 21 33 32
0 0 0 0 0 0 0 0 0 0 0 0 0 0 0 0 0 0 0 0 0 0 0 0 0 0 0 0 2 2 2 0 0 1 2 10 3 5 14 20 27 22 40 20 29 28 45 61 49 50 52 52 52 50 52 54 38 27 40 50 40 54 40 42 36 40 42 69 26 15 6 14 8 5 6 16 26 22 22 27 30 31 50 47 21 13 23 32 34 26 31 36 44 31 33 30
0 0 0 0 0 0 0 0 0 0 0 0 0 0 0 0 0 0 0 0 0 0 0 0 0 0 0 1 2 1 0 0 0 1 3 5 6 4 8 10 15 27 21 17 23 60 48 46 45 62 53 49 52 51 52 50 35 26 46 48 63 63 42 38 25 42 44 34 45 13 6 5 8 11 11 25 20 24 24 35 27 36 28 21 14 23 34 40 28 43 36 24 26 29 23 19
0 0 0 0 0 0 0 0 0 0 0 0 0 0 0 0 0 0 0 0 0 0 0 0 0 0 0 1 1 0 0 0 1 1 5 3 4 5 5 4 6 17 36 29 38 35 42 47 58 47 53 63 34 49 49 36 20 43 51 50 73 58 38 45 30 27 30 34 22 4 11 4 6 10 15 18 22 29 34 30 28 40 19 26 19 33 40 37 28 28 33 21 21 28 31 22
0 0 0 0 0 0 0 0 0 0 0 0 0 0 0 0 0 0 0 0 0 0 0 0 0 0 0 0 0 0 0 0 1 2 4 5 2 3 3 5 10 16 24 43 28 33 35 62 42 45 64 51 53 52 36 36 22 41 59 56 56 60 37 40 40 33 24 12 18 2 6 9 13 9 13 17 29 28 42 46 34 34 14 12 19 34 41 39 45 36 29 30 20 21 35 26
0 0 0 0 0 0 0 0 0 0 0 0 0 0 0 0 0 0 0 0 0 0 0 0 0 0 0 0 0 0 1 1 2 4 0 0 3 2 4 4 6 13 23 32 37 29 53 32 55 63 42 45 52 50 38 34 20 40 61 53 45 46 23 25 36 13 22 8 9 2 2 12 4 12 13 21 27 43 68 44 44 18 12 17 29 35 35 37 24 16 21 37 15 15 26 46
0 0 0 0 0 0 0 0 0 0 0 0 0 0 0 0 0 0 0 0 0 0 0 0 0 0 0 0 0 0 1 0 1 1 0 1 1 1 2 6 10 14 21 29 26 20 36 48 48 45 53 44 46 49 49 30 30 37 58 67 50 39 27 16 33 21 6 5 11 1 4 4 5 11 13 24 48 20 28 38 16 11 16 30 28 37 44 35 18 20 26 12 7 10 16 38
0 0 0 0 0 0 0 0 0 0 0 0 0 0 0 0 0 0 0 0 0 0 0 0 0 0 0 1 0 0 1 1 4 1 0 0 1 1 2 2 3 14 9 14 31 12 13 13 28 34 48 45 42 49 33 20 34 47 56 48 61 37 16 14 13 14 6 1 5 0 1 2 5 12 21 35 38 43 39 40 20 11 17 27 27 49 49 38 26 18 23 22 17 8 14 24
0 0 0 0 0 0 0 0 0 0 0 0 0 0 0 0 0 0 0 0 0 0 0 0 0 0 0 0 0 0 1 0 0 0 0 1 0 1 1 2 7 7 6 19 8 12 16 26 31 45 39 48 47 33 27 17 30 43 61 44 40 17 14 20 11 4 7 2 3 1 1 2 3 3 21 43 44 39 25 26 9 16 25 27 27 50 38 13 19 28 14 29 10 11 14 28
0 0 0 0 0 0 0 0 0 0 0 0 0 0 0 0 0 0 0 0 0 0 0 0 0 0 0 0 0 0 0 0 0 0 1 1 1 1 1 4 3 7 12 6 10 12 25 25 37 31 33 40 44 29 13 25 33 62 50 36 27 19 9 22 8 3 3 5 1 1 4 5 10 19 31 34 29 16 16 8 12 24 23 25 25 48 45 9 10 25 14 28 12 11 15 39
0 0 0 0 0 0 0 0 0 0 0 0 0 0 0 0 0 0 0 0 0 0 0 0 0 0 0 0 0 0 0 0 0 0 2 1 1 1 4 1 6 5 4 8 9 18 23 37 41 33 46 35 27 30 19 37 31 54 51 20 20 14 6 3 4 4 3 2 1 3 6 4 7 13 14 31 23 19 6 23 15 26 31 36 28 43 45 15 14 15 7 29 11 12 13 22
0 0 0 0 0 0 0 0 0 0 0 0 0 0 0 0 0 0 0 0 0 0 0 0 0 0 0 0 0 0 0 0 1 1 0 0 1 1 1 5 9 7 12 5 10 22 32 23 24 45 40 28 25 28 17 39 47 31 29 22 8 8 7 2 5 4 2 1 2 4 3 4 14 13 27 15 24 22 12 25 25 20 23 32 20 21 26 21 24 12 11 33 10 11 9 17
0 0 0 0 0 0 0 0 0 0 0 0 0 0 0 0 0 0 0 0 0 0 0 0 0 0 0 0 0 0 0 1 0 0 0 1 0 0 1 3 3 2 15 9 12 23 10 17 32 29 25 24 21 20 26 30 36 39 17 13 5 4 4 3 2 3 1 0 1 5 3 8 12 24 22 22 29 28 20 21 22 26 26 27 18 12 20 17 16 14 13 26 10 7 12 12
0 0 0 0 0 0 0 0 0 0 0 0 0 0 0 0 0 0 0 0 0 0 0 0 0 0 0 0 0 0 1 3 0 0 1 0 0 0 1 2 2 3 9 12 11 15 16 17 20 22 20 21 18 17 30 19 31 26 18 4 7 2 2 2 1 0 0 0 0 1 4 15 23 15 16 18 20 6 12 16 18 29 21 22 12 21 30 31 17 13 10 13 18 4 11 13
0 0 0 0 0 0 0 0 0 0 0 0 0 0 0 0 0 0 0 0 0 0 0 0 0 0 0 0 0 0 0 0 0 0 0 0 0 0 2 1 1 1 5 4 12 8 10 7 17 24 14 17 12 12 19 23 22 20 10 5 3 5 1 1 0 0 1 1 1 2 4 13 14 12 12 14 5 10 18 16 17 25 24 14 15 14 20 22 15 13 8 12 15 4 5 15
0 0 0 0 0 0 0 0 0 0 0 0 0 0 0 0 0 0 0 0 0 0 0 0 0 0 0 0 0 0 0 0 0 0 0 0 1 0 1 1 0 1 6 5 7 8 9 15 14 16 15 11 12 24 20 10 23 8 5 1 3 2 0 1 0 0 1 2 2 1 6 12 22 25 27 9 8 9 15 21 26 13 18 11 15 20 19 16 11 10 8 6 12 9 3 6
0 0 0 0 0 0 0 0 0 0 0 0 0 0 0 0 0 0 0 0 0 0 0 0 0 0 0 0 0 0 0 0 0 1 0 0 0 0 4 1 0 3 1 5 4 4 9 5 9 9 9 10 7 22 17 8 8 4 4 3 1 1 1 1 0 0 0 1 1 1 5 9 19 37 21 6 8 13 11 25 24 14 13 14 7 14 18 15 10 12 3 6 7 5 4 3
0 0 0 0 0 0 0 0 0 0 0 0 0 0 0 0 0 0 0 0 0 0 0 0 0 0 0 0 0 0 0 0 0 0 0 1 0 0 3 1 1 5 1 4 2 2 4 3 6 7 10 6 5 11 11 23 2 2 1 1 1 0 0 0 0 0 1 1 1 1 6 10 9 32 14 6 14 17 11 12 19 11 8 7 9 12 10 16 9 5 3 5 6 2 3 2
0 0 0 0 0 0 0 0 0 0 0 0 0 0 0 0 0 0 0 0 0 0 0 0 0 0 0 0 0 0 0 0 0 0 0 0 0 0 1 2 1 1 1 2 1 3 2 4 6 3 6 5 6 5 7 7 3 2 1 0 0 0 0 0 0 0 1 1 2 2 4 10 15 13 7 13 12 10 10 7 9 12 12 8 5 8 10 7 10 3 2 9 3 4 2 1
0 0 0 0 0 0 0 0 0 0 0 0 0 0 0 0 0 0 0 0 0 0 0 0 0 0 0 0 0 0 0 0 0 0 0 0 0 0 0 1 2 2 1 1 1 1 1 3 2 1 4 3 3 2 3 5 4 1 0 0 0 0 0 0 0 0 0 1 2 5 12 9 13 4 12 9 10 15 12 8 5 7 6 7 6 12 3 9 3 2 1 6 2 5 1 1
0 0 0 0 0 0 0 0 0 0 0 0 0 0 0 0 0 0 0 0 0 0 0 0 0 0 0 0 0 0 0 0 0 0 0 0 0 0 0 1 2 2 0 0 0 1 3 1 2 1 1 2 2 4 2 1 2 1 0 0 0 0 0 0 0 0 1 1 2 3 8 17 2 3 6 6 9 7 5 3 4 2 5 6 5 2 6 3 3 2 1 3 2 3 2 1
0 0 0 0 0 0 0 0 0 0 0 0 0 0 0 0 0 0 0 0 0 0 0 0 0 0 0 0 0 0 0 0 0 0 0 0 0 0 0 1 1 2 1 0 0 4 1 1 1 1 2 2 1 2 3 1 3 0 0 0 0 0 0 0 0 0 0 1 4 10 9 3 3 6 4 5 3 4 3 1 2 2 3 3 3 3 3 2 0 1 0 2 4 1 0 1
0 0 0 0 0 0 0 0 0 0 0 0 0 0 0 0 0 0 0 0 0 0 0 0 0 0 0 0 0 0 0 0 0 0 0 0 0 0 0 0 1 1 1 1 1 6 1 1 1 1 2 1 2 3 5 1 1 0 0 0 0 0 0 0 0 0 1 1 10 3 2 2 5 4 3 4 5 5 3 2 2 3 4 4 3 2 1 3 0 1 1 1 3 0 0 0
0 0 0 0 0 0 0 0 0 0 0 0 0 0 0 0 0 0 0 0 0 0 0 0 0 0 0 0 0 0 0 0 0 0 0 0 0 0 0 0 1 1 1 1 1 1 1 1 1 0 0 1 2 2 1 1 0 0 0 0 0 0 0 0 0 1 1 3 2 3 3 3 3 3 6 1 2 4 3 1 2 2 1 4 1 1 0 1 1 1 1 0 1 0 0 0
0 0 0 0 0 0 0 0 0 0 0 0 0 0 0 0 0 0 0 0 0 0 0 0 0 0 0 0 0 0 0 0 0 0 0 0 0 0 0 0 1 0 1 1 0 1 1 1 1 1 1 2 1 1 1 0 0 0 0 0 0 0 0 0 0 0 0 2 5 2 2 2 2 4 3 1 1 4 3 1 1 1 1 1 1 1 0 0 0 1 0 0 0 0 0 1
