sesion_6_simulaciones/modelos_agentes/ejemplos_netlogo/scenarios/cgcm2_a2/rob_2045.asc
NCOLS 322 
NROWS 307 
XLLCORNER 451900 
YLLCORNER 4086900 
CELLSIZE 100 
NODATA_value -9999 
[rows 222 to 295 of 307, columns 0 to 95 of 322]
4 6 12 22 25 14 29 23 4 12 14 16 34 12 10 6 6 2 2 4 11 16 23 26 17 15 12 27 39 19 10 32 46 16 34 26 16 18 29 52 20 20 35 39 34 66 37 53 59 82 81 51 39 40 39 23 36 50 33 43 50 34 25 50 34 41 23 28 18 13 12 9 3 2 1 1 1 0 0 0 0 0 0 0 0 1 2 5 5 3 2 2 4 9 19 9
11 11 8 6 10 15 20 33 20 8 8 20 22 11 5 6 6 12 16 14 18 27 15 52 28 27 22 21 29 32 19 24 15 19 42 10 13 16 22 48 47 26 22 40 14 10 23 13 17 60 69 55 54 38 32 33 21 25 40 46 38 54 28 34 46 26 22 23 26 10 5 4 2 1 1 0 0 0 0 0 0 0 0 0 1 1 2 3 10 9 4 6 10 12 2 2
13 20 36 59 33 27 29 32 17 24 30 46 19 10 11 15 13 29 11 13 53 11 20 22 24 17 11 39 29 21 20 21 15 32 21 13 17 23 20 43 29 28 25 70 69 54 44 47 40 23 29 46 34 30 23 23 22 33 33 34 38 41 25 54 53 32 21 15 11 6 4 3 1 1 1 0 0 0 0 0 0 0 0 1 1 3 2 7 21 17 7 12 17 12 2 2
13 33 39 38 57 64 25 20 13 36 46 26 17 9 12 15 5 2 1 26 12 19 41 22 14 27 18 22 17 11 14 13 27 7 7 23 12 24 16 29 26 35 47 31 39 59 48 68 66 43 26 30 21 30 16 18 23 37 28 26 35 22 17 14 20 16 10 9 5 3 3 1 1 1 0 0 0 0 0 0 0 0 1 1 1 5 8 12 36 32 28 26 9 5 3 2
3 8 13 10 30 70 47 5 21 32 46 14 24 21 3 3 1 1 13 45 10 24 32 41 21 21 14 5 14 7 13 26 20 8 18 18 24 28 14 19 46 64 54 31 45 51 57 31 68 77 32 26 12 18 18 28 23 21 23 16 12 9 13 7 6 10 13 6 3 1 1 1 1 0 0 0 0 0 0 0 0 0 1 1 2 7 20 31 41 46 27 12 8 3 2 2
19 11 15 23 25 27 9 12 15 19 33 37 42 8 2 2 10 17 32 53 18 16 24 57 33 10 18 7 9 14 4 12 29 10 8 7 17 23 58 68 31 27 22 65 36 42 66 47 42 19 35 39 35 31 30 32 35 20 18 16 13 6 7 5 5 6 5 2 1 1 1 0 0 0 0 0 0 0 0 0 1 1 2 3 2 7 26 57 40 5 4 2 2 3 2 1
12 11 11 31 22 24 23 19 12 31 32 23 18 6 11 32 33 34 37 48 12 21 16 39 4 4 15 4 10 15 4 4 15 9 5 12 9 8 48 66 45 29 52 40 83 56 30 41 38 34 25 49 46 43 46 38 21 22 9 6 5 1 1 1 3 2 2 1 1 1 1 0 0 0 0 0 0 0 1 1 1 2 3 4 9 13 21 57 23 8 6 4 3 3 2 2
3 6 24 15 14 18 27 25 20 24 18 38 25 25 23 38 26 13 41 26 10 12 8 7 3 16 4 1 10 8 3 7 4 8 24 39 23 22 11 27 35 20 18 16 43 78 55 37 33 35 30 31 31 44 53 50 23 16 5 4 1 1 2 5 5 3 1 1 1 0 0 0 0 0 0 0 1 1 1 1 4 3 7 6 20 31 35 35 15 8 10 15 5 3 2 1
12 10 15 17 25 25 39 18 26 22 12 26 16 39 20 29 27 17 17 40 3 6 4 3 6 2 4 4 3 6 2 4 2 7 6 18 19 46 19 8 30 45 43 39 54 25 36 26 21 25 20 21 34 34 30 32 32 20 17 5 6 5 2 3 4 2 0 1 0 0 0 0 0 0 0 0 1 1 1 3 7 5 13 10 11 45 68 33 19 22 29 15 5 2 2 1
4 12 20 24 13 14 16 38 11 18 13 9 18 18 11 25 22 12 6 10 4 3 3 6 4 2 3 2 2 3 2 4 17 10 6 5 31 16 25 21 9 19 65 72 79 49 23 15 31 35 36 17 25 33 26 27 20 6 10 14 5 3 2 2 1 2 1 0 0 0 0 0 0 0 0 1 1 4 6 10 17 15 19 10 8 23 55 22 15 40 27 9 4 3 2 1
2 4 11 19 16 15 11 27 11 10 10 9 7 13 8 10 31 7 4 6 1 2 0 3 2 2 1 1 2 2 3 4 6 22 11 16 9 15 26 8 18 17 16 33 34 26 28 17 31 23 37 22 21 20 19 31 15 8 3 2 3 2 1 1 0 2 1 1 0 0 0 0 0 0 1 1 2 7 11 21 33 45 26 16 10 16 29 32 37 27 10 5 2 2 3 2
1 1 9 6 7 21 12 7 16 9 18 11 8 13 8 5 8 2 3 2 2 1 0 0 1 1 0 1 2 1 1 2 2 4 3 9 6 8 11 6 14 28 55 31 32 17 21 8 13 14 22 17 18 21 24 14 9 4 2 0 2 4 2 2 2 1 1 1 1 0 0 0 0 1 1 2 3 14 17 37 59 49 37 37 18 22 57 60 42 20 13 6 5 5 4 1
2 1 1 3 5 10 24 23 37 6 7 13 2 8 2 3 11 1 2 2 2 3 0 1 1 1 0 2 5 10 9 1 4 4 12 15 18 23 18 24 36 42 49 56 55 57 58 30 30 46 33 19 17 13 11 10 4 2 1 3 2 6 8 3 1 1 0 0 0 0 0 1 1 2 3 2 6 16 25 42 43 63 51 55 39 69 46 47 27 31 23 20 11 8 4 2
0 0 2 3 5 5 5 10 7 9 9 4 1 1 1 1 5 1 0 1 0 1 1 1 0 0 0 1 4 3 21 37 22 24 42 25 30 19 21 32 46 45 45 68 41 28 30 8 18 36 47 34 17 10 9 8 8 6 16 8 4 4 2 2 1 0 0 0 0 0 1 2 4 3 6 3 4 10 28 46 69 58 61 55 71 50 52 49 21 24 45 30 22 7 4 6
0 1 0 0 1 3 4 6 5 4 2 4 1 2 0 2 1 0 0 0 0 0 0 0 1 1 4 3 5 3 5 19 60 36 55 81 80 57 55 57 19 64 69 60 75 62 63 38 33 38 34 28 30 12 12 26 19 12 8 4 4 6 4 1 0 0 0 0 0 0 0 1 7 10 8 5 8 6 17 21 66 77 72 40 34 79 46 51 47 49 28 29 21 15 9 7
0 0 0 0 1 2 1 5 10 3 1 0 1 0 0 1 0 8 0 2 7 3 1 0 0 0 0 1 1 3 4 5 9 55 44 77 82 78 73 60 59 28 74 75 77 57 70 46 34 35 21 17 8 11 4 4 7 7 6 3 2 1 0 0 0 0 0 0 0 0 1 3 5 12 14 8 10 14 17 20 53 73 64 28 65 63 51 69 69 44 43 34 27 18 25 16
0 0 0 2 3 0 1 4 4 2 1 0 0 0 0 0 0 0 2 2 2 11 5 1 0 0 1 1 1 4 4 8 14 13 10 52 83 49 80 46 55 56 49 71 66 61 43 24 52 45 33 27 30 24 14 8 6 4 3 3 2 0 0 0 0 0 0 0 0 0 1 4 6 19 35 19 13 21 35 43 61 74 46 43 61 27 15 29 40 19 18 30 21 21 12 6
0 0 0 0 0 0 1 1 1 1 1 0 0 0 0 0 0 0 0 1 1 0 15 4 1 0 1 2 3 5 6 5 13 20 13 17 48 69 61 61 62 53 58 54 57 68 61 37 17 40 38 34 27 29 23 9 5 2 3 2 1 1 0 1 0 0 0 0 0 1 2 3 9 14 30 40 20 18 24 62 63 83 37 42 70 31 33 27 20 14 12 21 17 12 3 1
0 0 0 0 0 0 0 0 1 1 1 0 0 0 0 0 0 0 1 2 1 0 0 5 4 0 2 9 7 7 13 11 17 32 28 21 26 58 46 56 25 33 24 37 38 39 13 44 28 25 33 20 17 22 19 17 11 6 4 5 2 2 1 0 0 0 0 0 1 3 5 8 10 14 16 45 58 32 54 47 76 69 59 77 33 38 41 37 43 44 23 23 17 9 4 1
0 0 0 0 0 0 0 0 0 0 0 0 0 0 0 0 0 1 1 1 0 0 1 12 4 2 2 2 1 3 6 9 21 26 29 35 21 18 25 17 32 20 10 12 20 32 27 35 18 17 23 19 16 12 10 9 7 5 3 2 1 1 1 0 0 0 0 1 4 3 5 8 15 13 20 23 75 30 35 65 74 54 61 70 62 54 42 68 64 22 20 15 8 3 1 1
0 0 0 0 0 0 0 0 0 0 0 0 0 0 0 0 0 1 1 2 1 1 0 1 2 1 2 6 1 9 16 13 12 25 24 38 39 23 17 10 10 17 23 22 33 33 25 13 16 22 17 14 10 12 9 8 6 2 2 1 1 0 0 0 0 1 1 3 3 6 12 6 4 19 55 46 71 47 49 64 72 68 52 61 47 32 33 57 46 36 15 10 6 3 2 1
0 0 0 0 0 0 0 0 0 0 0 0 1 2 4 1 1 0 0 1 1 2 1 5 11 5 4 5 4 6 15 17 24 30 27 40 40 60 44 18 20 13 15 15 18 15 18 11 8 14 11 15 14 12 6 4 3 2 1 1 1 0 0 0 0 1 4 4 6 8 13 12 8 23 45 34 61 75 52 62 66 69 69 67 48 59 42 46 44 34 20 14 5 4 2 1
0 0 0 0 0 0 0 0 0 0 0 0 0 0 0 7 1 0 0 0 1 1 2 3 1 5 9 23 32 19 13 24 28 39 41 37 43 53 63 58 31 22 22 28 29 18 11 13 18 13 21 20 8 5 8 4 6 3 1 1 0 0 0 1 0 2 5 10 16 20 17 18 13 25 65 38 19 61 85 61 69 70 65 57 46 36 13 32 42 28 15 6 5 4 6 4
0 0 0 0 0 0 0 0 0 0 1 0 0 0 0 0 0 0 0 1 1 3 2 2 5 5 2 5 10 34 41 37 44 56 49 37 51 66 71 61 36 34 30 39 39 42 24 39 22 11 5 5 8 7 2 3 2 2 1 1 1 1 0 1 2 4 6 16 24 31 26 34 25 34 59 66 25 51 67 60 59 40 32 20 28 41 21 24 24 17 13 9 8 8 6 4
0 0 0 0 0 0 0 0 0 0 0 0 0 1 0 0 0 1 0 1 2 1 1 3 2 8 4 1 2 34 24 58 75 50 55 56 40 52 65 66 62 63 50 33 46 57 32 33 24 13 12 11 5 8 4 2 2 3 3 2 1 0 1 2 3 4 8 22 25 45 36 50 26 28 53 69 55 34 67 41 31 20 33 26 25 12 12 18 32 27 14 11 13 10 6 2
0 0 0 0 0 0 0 0 0 0 0 0 0 0 0 0 0 1 0 1 1 1 1 2 2 6 7 4 4 3 5 6 45 44 47 43 31 52 48 36 32 25 22 21 31 50 27 24 20 18 13 8 4 2 2 4 4 3 2 2 0 0 1 1 3 8 17 23 23 34 64 47 51 25 30 62 51 74 45 30 36 26 25 27 35 17 25 27 23 11 12 18 22 11 7 2
0 0 0 0 0 0 0 0 0 0 0 1 0 0 0 0 0 1 1 0 0 1 0 1 3 2 5 5 13 16 9 20 22 16 8 19 28 36 25 32 17 20 11 17 19 22 19 29 13 11 9 8 8 6 2 3 3 5 3 1 0 0 0 2 3 7 7 8 12 16 35 66 74 30 19 46 31 67 29 41 26 26 17 30 34 32 26 13 23 19 23 27 13 7 4 2
0 0 0 0 0 0 0 0 0 0 0 1 0 0 0 0 2 1 1 0 0 1 1 2 3 5 12 14 8 7 6 9 23 27 21 17 38 42 40 36 40 32 51 41 24 24 26 27 22 14 5 7 6 4 6 5 4 2 1 0 0 0 0 1 4 7 12 27 20 13 24 32 53 62 37 32 62 50 39 35 17 34 35 25 15 31 38 30 37 42 21 20 9 4 3 4
0 0 0 0 0 0 0 0 0 0 0 0 0 0 0 1 2 0 2 0 1 1 1 2 17 37 22 6 17 31 32 16 34 32 30 28 39 55 46 42 54 42 33 33 31 29 41 45 27 18 17 12 17 14 9 3 2 2 1 0 0 1 1 2 6 11 22 36 38 23 15 19 40 59 63 36 71 48 47 51 47 29 38 48 41 39 52 42 34 41 38 15 14 8 3 3
0 0 0 0 0 0 0 0 0 0 0 0 0 0 1 1 3 1 0 1 1 3 2 5 16 44 36 15 7 16 21 21 13 18 27 21 26 35 32 58 68 42 48 48 58 52 44 49 30 23 27 30 17 10 8 5 5 2 1 1 0 1 1 5 8 18 39 39 24 26 23 33 38 30 20 71 71 48 40 39 30 37 56 51 54 62 58 63 48 40 19 12 9 9 5 3
0 0 0 0 0 0 0 0 0 1 2 0 0 0 1 0 1 0 0 1 2 2 4 30 13 8 22 21 16 27 41 33 17 10 17 15 30 39 49 49 41 41 71 65 71 62 42 27 21 17 8 14 16 8 6 4 2 2 1 0 0 1 1 6 14 25 38 39 36 46 42 37 63 62 49 50 65 59 30 38 43 55 55 37 50 54 52 38 50 22 13 10 16 8 5 4
0 0 0 0 0 0 0 1 3 2 5 3 0 1 3 2 1 0 0 0 1 1 2 14 3 7 19 38 44 61 79 26 47 28 17 11 21 66 49 53 67 18 26 12 18 36 23 32 18 19 15 16 14 11 4 3 2 2 2 1 0 2 2 6 20 44 40 37 29 65 78 35 65 76 75 60 43 46 40 27 38 38 45 62 54 50 36 32 37 27 26 26 19 15 6 2
0 0 0 0 0 0 0 0 0 0 0 0 1 1 1 1 1 0 0 1 1 1 4 9 1 1 2 19 28 18 44 75 39 51 51 46 46 47 38 43 55 56 44 53 50 34 37 47 30 27 26 12 8 7 6 4 4 3 2 1 1 4 10 15 25 37 41 38 33 30 58 76 44 64 73 71 56 35 54 43 57 62 45 37 51 49 37 27 31 48 40 31 13 7 7 2
0 0 0 0 0 0 0 0 0 0 0 0 1 1 1 1 2 1 0 1 2 2 3 17 3 1 5 3 9 20 6 23 49 39 64 59 37 13 16 14 32 40 36 46 59 62 44 26 40 33 18 23 20 9 6 9 4 3 3 1 2 6 18 30 48 55 38 35 62 54 37 31 67 72 59 69 50 47 71 69 29 27 33 42 42 33 47 37 41 23 19 10 6 5 3 2
0 0 0 0 0 0 0 0 0 0 0 0 0 1 0 0 1 0 0 0 0 4 5 16 8 3 5 8 14 12 12 5 5 12 14 14 14 15 16 11 9 18 17 23 47 48 34 48 44 40 32 24 19 15 14 10 8 3 3 1 4 9 18 39 55 54 42 53 54 73 53 50 29 29 48 49 68 61 40 48 42 56 53 61 53 45 57 50 26 15 12 11 6 2 3 3
0 0 0 0 0 0 0 0 0 0 0 0 0 1 0 1 1 0 0 0 1 5 9 13 4 1 5 13 10 20 24 8 27 36 42 34 35 31 33 17 15 16 49 58 60 40 47 42 47 45 39 28 23 19 15 12 9 4 2 1 2 8 32 47 46 64 46 56 56 47 83 59 45 31 19 64 41 63 52 53 58 72 72 64 54 65 52 40 21 16 14 10 5 4 5 7
0 0 0 0 0 0 0 0 0 0 0 0 3 5 2 10 2 1 0 0 3 4 10 10 4 11 2 11 13 26 13 36 31 22 28 32 26 28 14 25 51 62 38 40 33 46 40 39 48 39 44 38 27 20 17 14 6 5 2 2 2 4 18 47 75 66 45 60 53 45 38 54 61 18 12 30 62 76 72 63 62 63 66 72 66 47 51 35 46 23 12 8 3 6 4 18
0 0 0 0 0 0 0 0 0 0 1 0 3 4 7 1 0 0 0 1 2 3 9 14 17 6 9 9 9 10 15 55 22 22 28 34 35 23 35 38 64 57 55 53 56 57 56 48 60 49 48 35 29 23 18 8 6 5 4 2 3 5 17 36 65 56 67 72 59 73 66 64 59 26 27 46 59 58 64 56 56 56 54 61 51 46 46 50 51 38 15 12 9 12 10 25
0 0 0 0 0 0 0 0 0 1 0 1 1 15 1 0 1 1 0 1 2 3 6 2 3 3 19 4 11 10 29 17 29 41 32 34 34 39 50 45 39 53 59 66 63 67 58 67 59 38 31 28 23 27 23 11 8 5 4 2 3 7 18 34 54 51 45 62 77 62 75 61 65 30 48 58 58 64 45 45 51 54 43 38 40 40 41 39 32 32 27 22 9 19 26 25
0 0 0 0 0 0 0 0 0 0 0 1 0 2 0 0 1 1 2 1 2 5 6 3 2 8 4 7 14 32 37 37 33 35 28 31 46 47 53 49 56 67 70 55 51 67 69 66 49 44 36 32 27 19 17 19 14 7 3 2 4 11 21 36 44 51 43 47 70 81 72 63 54 78 67 38 31 36 49 50 47 51 53 49 38 48 31 46 32 24 27 21 11 22 26 22
0 0 0 0 0 0 0 0 0 0 0 0 0 0 0 0 0 1 0 1 2 2 2 7 8 3 4 16 38 9 10 11 29 27 34 44 46 47 47 48 53 65 53 59 71 65 69 70 48 46 40 34 27 16 15 19 9 8 7 2 3 6 30 45 56 50 46 42 41 41 51 53 52 64 13 35 38 38 34 37 41 40 38 57 49 51 44 43 30 29 28 13 15 30 25 35
0 0 0 0 0 0 0 0 0 0 0 0 0 1 0 0 0 0 0 2 3 2 14 15 3 4 7 14 8 10 13 16 26 20 32 41 46 46 39 70 53 45 50 65 35 55 71 71 67 60 28 27 24 27 25 14 12 13 7 3 1 5 13 39 49 51 78 57 56 53 44 26 42 58 36 47 50 38 37 39 47 44 52 52 51 24 26 21 27 41 27 10 22 42 42 43
0 0 0 0 0 0 0 0 0 1 0 0 0 0 0 0 0 0 0 2 2 8 6 2 3 13 6 7 8 12 16 17 13 22 26 45 30 30 56 47 41 62 71 41 61 62 62 67 55 37 32 39 39 35 29 25 22 17 9 4 2 6 20 30 43 64 75 84 52 60 46 26 29 65 69 31 44 51 56 36 39 42 55 50 35 17 39 34 28 20 12 5 28 43 44 44
0 0 0 0 0 0 0 0 0 1 0 0 0 0 0 0 0 0 1 2 1 2 1 2 9 2 2 5 8 10 24 18 13 28 32 34 35 50 57 61 40 36 46 57 54 60 47 53 49 47 43 53 50 26 28 26 24 13 11 5 3 10 17 33 51 57 70 75 67 65 47 49 52 66 41 33 33 37 44 50 37 70 57 34 42 50 41 30 16 8 6 17 35 45 43 47
0 0 0 0 0 0 0 0 1 0 0 0 0 0 0 0 1 0 1 1 1 1 0 2 2 3 4 10 13 14 13 9 13 17 33 22 60 55 59 34 23 26 38 54 64 60 57 60 61 60 55 52 37 25 20 18 16 14 13 11 6 15 26 43 61 61 53 47 66 76 65 26 38 61 31 37 62 61 58 65 60 46 46 47 50 52 27 27 15 12 14 31 39 43 33 46
0 0 0 0 0 0 0 0 0 0 0 0 0 0 0 0 0 1 1 3 2 2 0 2 3 6 7 17 7 5 10 12 24 21 48 20 11 9 10 25 29 49 63 67 69 65 59 62 48 63 45 40 46 27 31 19 15 16 14 14 9 23 40 42 62 58 50 28 47 65 64 38 51 55 33 20 39 68 66 65 66 38 48 51 47 48 26 21 31 16 32 36 22 48 47 48
0 0 0 0 0 0 0 0 0 0 0 0 0 0 0 0 0 2 1 1 1 2 2 1 5 3 5 7 5 7 24 16 12 51 11 7 27 32 37 35 55 63 57 65 70 73 68 63 52 52 51 47 47 42 37 32 26 17 17 9 21 32 54 74 66 59 46 48 54 53 63 34 40 48 60 41 44 47 63 68 56 61 45 51 50 42 29 11 15 30 31 19 30 37 62 46
0 0 0 0 0 0 0 0 0 0 0 0 0 0 0 0 0 0 1 1 1 2 1 2 4 4 4 5 7 9 9 11 17 12 3 14 18 26 40 77 55 51 63 67 69 72 60 56 50 43 49 48 48 33 39 26 31 29 19 21 26 51 43 62 61 54 47 56 55 45 67 57 36 50 58 41 49 52 50 51 60 51 41 41 45 32 18 6 14 39 22 32 42 41 62 42
0 0 0 0 0 0 0 0 0 0 0 0 0 0 0 0 1 0 0 2 5 1 0 1 6 3 7 6 5 4 15 41 22 2 6 22 16 42 54 53 51 65 65 52 57 59 61 61 47 51 49 49 49 47 43 39 38 35 24 25 28 33 41 43 60 72 56 73 70 55 41 40 48 43 59 61 45 45 37 41 48 44 39 46 42 28 13 8 31 35 37 56 59 45 53 40
0 0 0 0 0 0 0 0 0 0 0 0 0 0 0 2 0 0 1 2 2 0 1 2 0 4 4 2 16 7 22 15 3 5 23 7 22 20 33 64 67 52 40 76 70 49 57 61 59 56 52 52 50 48 46 45 41 27 27 31 34 53 35 37 33 54 74 74 67 63 67 62 37 48 37 39 25 33 48 54 42 47 38 49 45 13 10 31 26 38 52 57 50 31 47 45
0 0 0 0 0 0 0 0 0 0 0 0 0 0 0 1 0 0 0 0 0 1 2 1 0 2 1 2 13 13 14 2 3 8 13 45 17 25 46 54 57 47 61 33 46 43 58 71 58 56 56 55 52 50 48 47 30 20 36 49 39 54 46 47 43 51 57 82 53 45 27 47 32 20 23 38 50 41 36 40 40 32 51 43 20 13 22 32 39 34 39 48 59 46 47 44
0 0 0 0 0 0 0 0 0 0 0 0 0 0 0 1 0 0 0 0 2 1 1 0 1 2 1 7 15 5 3 2 3 5 23 31 32 25 32 36 43 54 42 32 40 73 61 58 56 70 59 55 55 51 50 46 32 23 45 50 66 67 51 50 38 53 62 61 72 40 29 21 30 40 35 55 41 44 39 45 35 41 30 21 15 24 37 45 36 53 49 36 37 43 36 31
0 0 0 0 0 0 0 0 0 0 0 0 0 0 1 0 0 0 1 1 1 1 0 1 4 1 1 9 6 4 4 4 9 11 30 20 27 27 25 18 21 43 60 50 59 52 58 61 70 58 60 69 38 51 49 35 20 43 54 54 76 68 50 59 45 36 45 66 60 17 44 24 25 37 44 46 43 47 48 40 35 43 21 28 22 37 44 45 38 39 47 34 33 42 48 36
0 0 0 0 0 0 0 0 0 0 0 0 0 0 0 0 0 0 0 1 0 0 1 1 1 1 1 4 2 1 3 3 11 18 24 28 12 19 18 24 34 44 50 67 49 52 53 73 57 57 72 59 58 55 38 35 22 41 65 63 64 70 52 59 60 47 44 40 60 14 21 42 47 34 37 41 54 45 56 55 40 38 16 15 23 40 49 51 56 50 45 44 33 36 54 43
0 0 0 0 0 0 0 0 0 0 0 0 0 0 0 0 0 0 0 0 0 1 1 1 1 2 3 0 1 2 7 6 15 26 4 4 16 13 20 20 25 38 50 60 61 48 71 49 70 74 55 56 59 56 41 37 24 42 65 65 58 64 42 45 61 32 52 29 37 15 13 43 20 40 42 46 46 54 72 50 48 19 15 21 37 42 46 50 36 26 34 53 25 27 43 63
0 0 0 0 0 0 0 0 0 0 0 0 0 0 0 0 0 0 0 0 0 0 1 1 1 1 0 0 1 1 6 1 8 6 2 8 6 7 11 28 37 43 50 57 50 39 58 67 64 59 64 55 56 56 55 36 36 42 66 76 68 62 51 38 59 52 21 20 45 11 27 25 27 37 38 42 55 31 35 42 20 13 20 38 38 47 54 49 29 32 42 24 15 18 29 57
0 0 0 0 0 0 0 0 0 0 0 0 0 0 0 0 0 0 0 0 0 0 0 0 1 1 1 5 4 2 9 6 17 6 3 3 7 8 11 12 16 40 28 39 55 28 25 25 45 49 62 58 54 57 40 26 43 54 64 63 80 66 40 38 41 45 29 7 27 3 5 12 24 38 46 55 55 56 48 49 24 15 24 37 38 61 62 52 39 31 37 37 30 16 26 41
0 0 0 0 0 0 0 0 0 0 0 0 0 0 0 0 1 0 0 0 1 1 0 1 1 1 1 0 0 1 6 1 2 1 3 7 4 6 7 9 31 28 22 45 22 29 33 46 49 63 54 60 58 42 37 25 40 54 67 62 65 42 41 51 42 21 22 13 18 6 9 11 13 12 36 51 49 49 33 33 14 23 35 37 40 62 54 23 33 45 27 45 19 22 27 47
0 0 0 0 0 0 0 0 0 0 0 0 0 0 0 0 1 0 0 1 1 0 0 1 1 1 0 0 0 1 2 1 1 3 5 4 8 7 9 19 15 28 40 22 28 30 48 46 58 48 50 54 57 40 20 37 44 73 63 59 55 53 33 56 39 19 14 23 9 6 19 29 34 46 52 50 43 22 21 12 17 35 34 38 39 64 61 18 19 41 26 46 22 23 28 61
0 0 0 0 0 0 0 0 0 0 0 0 0 0 0 0 0 0 0 1 1 0 1 0 1 1 0 0 0 3 1 1 1 4 12 4 5 9 19 6 27 23 17 29 28 43 48 61 62 53 64 51 39 41 28 45 44 66 72 46 51 49 28 18 26 25 13 12 11 22 29 20 28 34 30 44 34 25 10 30 23 37 42 52 44 59 63 28 26 29 14 48 23 25 27 42
0 0 0 1 1 1 0 0 0 0 0 0 0 0 0 0 0 0 0 0 0 0 1 0 0 0 0 0 1 2 1 1 12 4 3 3 4 7 8 24 38 29 40 19 31 52 60 46 46 66 57 42 38 41 27 53 64 52 57 57 35 39 38 13 33 28 10 7 14 21 15 20 39 34 43 25 34 31 19 37 38 33 38 50 35 39 45 38 43 26 25 53 21 23 20 34
0 1 1 0 1 3 0 0 0 0 0 0 0 0 0 0 0 1 1 0 0 0 0 0 1 1 0 0 0 1 2 11 2 1 3 5 2 2 10 16 18 12 46 32 38 56 28 41 59 52 42 40 36 35 38 49 58 61 46 49 28 26 26 21 15 18 8 3 7 28 19 33 36 46 39 37 42 41 30 34 36 44 42 45 35 25 38 35 33 31 28 47 24 17 26 31
0 0 0 0 0 0 0 0 0 0 0 0 0 0 0 0 0 0 0 0 0 0 1 0 1 1 0 0 1 4 5 15 2 3 5 1 1 2 4 11 10 17 38 42 38 42 42 42 46 46 39 38 32 33 44 38 54 61 50 25 37 13 19 16 9 4 2 2 2 8 20 45 47 36 33 33 30 11 22 29 31 46 39 42 26 42 54 54 37 29 24 31 38 9 26 34
0 0 0 0 0 0 0 0 0 0 0 0 0 0 0 0 0 0 0 0 0 0 0 0 1 0 0 0 0 1 1 1 3 2 2 3 2 1 14 4 8 9 28 18 41 30 34 25 45 49 31 33 27 27 38 50 52 57 45 32 19 25 11 10 1 1 4 10 8 13 19 34 35 26 24 24 10 19 32 29 32 45 46 29 34 34 43 47 34 30 21 30 35 11 15 38
0 0 0 0 0 0 0 0 0 0 0 0 0 0 0 0 0 0 0 0 0 1 1 0 1 0 0 0 0 0 0 3 3 2 4 3 5 1 9 7 1 9 29 26 31 31 32 43 40 39 36 27 27 50 49 35 55 33 31 10 19 11 4 5 3 2 5 12 10 8 28 39 50 49 44 15 16 20 29 39 48 31 39 27 36 47 44 41 29 28 22 18 32 27 10 20
0 0 0 0 0 0 0 0 0 0 0 0 0 0 0 0 0 1 0 0 1 0 1 1 2 1 0 0 0 1 2 1 1 6 2 3 4 2 24 9 2 16 5 25 22 21 36 18 33 30 27 29 22 50 51 33 36 23 25 23 7 6 6 4 3 2 3 4 7 7 23 34 47 63 33 14 18 27 24 48 46 34 33 37 22 40 47 41 31 34 10 22 24 18 14 10
0 0 0 0 0 0 0 0 0 0 0 0 0 0 0 0 0 0 0 0 0 2 0 1 0 0 0 0 0 1 2 1 1 2 4 7 2 4 17 11 5 20 4 25 15 13 19 15 26 27 34 20 19 36 37 64 14 13 11 6 7 3 3 3 1 2 5 4 8 10 26 35 25 49 23 14 31 34 27 30 43 32 29 25 30 38 35 49 34 20 12 20 25 10 12 8
0 0 0 0 0 0 0 0 0 0 0 0 0 0 0 0 0 0 0 0 0 0 0 0 0 0 0 0 0 0 1 1 2 2 3 3 2 2 4 15 6 10 9 15 4 18 12 21 27 15 27 19 24 19 32 35 24 12 6 2 3 2 1 3 1 2 5 4 12 13 20 32 31 23 17 28 28 26 27 20 25 35 39 31 22 34 40 32 39 13 8 32 15 19 11 5
0 0 0 0 0 0 0 0 0 0 0 0 0 0 0 0 0 0 0 0 0 0 0 0 0 1 0 0 0 0 0 1 2 2 2 2 2 2 1 8 17 15 8 5 4 7 8 15 14 6 18 14 15 14 18 31 20 9 3 1 2 0 0 1 1 1 3 9 14 25 39 26 23 11 31 24 29 40 35 26 17 26 25 29 28 47 16 39 16 10 8 27 13 23 6 5
0 0 0 0 0 0 0 0 0 0 0 0 0 0 0 0 0 0 0 0 0 0 0 1 1 0 0 0 0 0 0 0 0 2 1 1 2 1 1 5 19 17 4 3 4 7 18 6 12 4 8 14 11 21 15 11 11 5 5 1 2 1 1 0 1 4 4 7 15 14 25 33 6 13 20 21 32 26 20 12 18 8 23 25 25 14 27 16 20 12 7 16 9 16 12 3
0 0 0 0 0 0 0 0 0 0 0 0 0 0 0 0 0 0 0 0 0 0 0 0 0 0 0 0 0 0 0 0 0 1 1 1 3 0 0 5 5 13 5 4 2 27 8 5 5 8 15 14 8 14 22 6 18 2 3 3 1 1 1 1 1 1 3 5 18 31 20 10 11 19 17 20 14 16 13 4 10 11 17 15 16 20 18 12 3 9 3 10 21 6 2 5
0 0 0 0 0 0 0 0 0 0 0 0 0 0 0 0 0 0 0 0 0 0 0 0 0 2 0 0 0 0 1 0 1 1 1 1 1 0 1 1 6 4 7 4 4 31 7 9 5 7 10 7 10 20 26 6 12 3 1 1 1 0 0 2 2 3 5 8 32 13 8 9 18 14 13 17 20 21 14 10 12 15 22 21 17 12 10 20 2 6 4 4 17 2 2 3
0 0 0 0 0 0 0 0 0 0 0 0 0 0 0 0 0 0 0 0 0 0 0 0 1 0 0 0 0 0 0 1 1 1 1 2 1 1 1 2 5 7 6 4 5 6 6 11 7 3 3 9 15 11 11 6 4 2 1 1 1 0 0 1 2 4 7 13 10 13 15 14 12 15 23 7 9 20 13 8 12 10 9 22 9 7 3 6 4 4 9 3 8 2 2 3
0 0 0 0 0 0 0 0 0 0 0 0 0 0 0 0 0 0 0 0 0 0 1 0 0 0 1 1 1 1 0 1 1 3 1 3 1 2 2 1 4 1 4 6 1 5 6 11 7 5 7 11 8 6 5 2 2 2 1 1 0 0 0 1 1 3 3 12 23 12 12 10 10 20 13 5 6 19 15 8 8 8 6 6 9 6 1 2 3 10 3 3 2 2 3 5
