sesion_6_simulaciones/modelos_agentes/ejemplos_netlogo/scenarios/cgcm2_a2/rob_2059.asc
NCOLS 322 
NROWS 307 
XLLCORNER 451900 
YLLCORNER 4086900 
CELLSIZE 100 
NODATA_value -9999 
[rows 74 to 147 of 307, columns 0 to 95 of 322]
0 0 0 0 0 0 0 0 0 0 0 0 0 0 1 0 0 0 0 0 0 0 0 0 0 0 0 0 1 0 1 0 2 3 3 5 11 9 8 7 2 6 3 1 1 0 2 2 2 3 1 3 2 1 3 1 1 3 2 3 2 9 7 9 3 3 3 6 8 12 23 13 8 4 26 59 30 31 48 68 72 30 45 55 61 22 11 9 17 11 13 15 11 12 20 15
0 0 0 0 0 0 0 0 0 0 0 0 0 0 0 0 0 0 0 0 0 0 0 0 0 0 0 0 0 0 0 0 1 2 8 14 7 6 22 15 3 6 6 4 1 0 1 2 1 2 3 3 2 1 2 2 1 1 1 1 1 3 13 17 6 7 14 10 9 4 6 14 14 10 17 66 31 14 11 51 51 44 44 32 14 41 39 15 15 12 15 28 25 17 12 51
0 0 0 0 0 0 0 0 0 0 0 0 0 0 0 0 0 0 0 0 0 0 0 0 0 0 0 0 0 0 0 0 0 1 2 8 8 18 13 7 8 22 7 3 3 2 1 1 1 3 5 1 3 2 2 1 6 2 1 0 2 12 7 15 16 15 21 20 26 14 12 5 5 4 15 65 74 29 17 14 40 46 31 13 13 59 55 48 38 11 8 6 32 38 26 38
0 0 0 0 0 0 0 0 0 0 0 0 0 0 0 0 0 0 0 0 0 0 0 0 0 0 0 0 0 0 0 0 0 0 3 3 4 6 3 3 24 6 7 6 9 11 3 1 2 4 3 2 3 2 4 2 2 2 1 2 5 9 8 19 11 16 22 24 27 29 27 26 25 19 10 19 51 41 29 9 39 61 19 11 45 66 18 60 46 28 13 30 44 43 39 25
0 0 0 0 0 0 0 0 0 0 0 0 0 0 0 0 0 0 0 0 0 0 0 0 0 0 0 0 0 0 1 1 1 1 3 3 2 3 6 11 9 17 6 8 11 30 10 7 10 5 5 2 3 2 1 1 2 2 5 7 6 4 6 3 10 18 20 33 30 26 27 40 27 27 14 5 6 19 22 14 23 26 20 22 53 24 18 11 11 35 24 32 24 32 36 38
0 0 0 0 0 0 0 0 0 0 0 0 0 0 0 0 0 0 0 0 0 0 0 0 0 0 0 0 0 1 1 1 7 16 26 22 11 3 10 12 14 26 16 4 5 7 22 25 42 41 28 14 7 6 4 2 2 3 7 7 3 3 4 3 3 7 6 4 9 26 32 28 29 31 22 17 10 20 8 6 19 25 21 32 51 22 35 23 12 26 32 53 68 59 46 49
0 0 0 0 0 0 0 0 0 0 0 0 0 0 0 0 0 0 0 0 0 0 0 0 0 0 0 0 0 1 1 1 1 8 35 46 13 4 7 19 17 12 27 15 5 5 9 26 61 67 78 80 65 21 14 8 6 7 5 7 5 4 3 1 8 9 5 10 11 23 33 24 31 34 31 17 16 7 5 1 8 22 22 33 38 33 15 16 17 24 62 62 65 38 40 63
0 0 0 0 0 0 0 0 0 0 0 0 0 0 0 0 0 0 0 0 0 0 1 7 1 0 0 0 0 1 1 1 1 1 3 22 15 7 5 13 27 52 18 35 26 11 8 3 2 7 22 34 52 66 48 21 9 4 6 5 3 7 3 14 3 2 4 4 6 12 13 36 31 34 38 22 7 1 3 3 6 12 13 36 19 32 43 43 25 19 13 9 31 22 27 42
0 0 0 0 0 0 0 0 0 0 0 0 0 0 0 0 0 0 0 6 5 8 16 5 19 4 1 0 0 0 1 2 2 6 7 3 3 2 2 9 11 10 13 33 19 14 18 11 3 1 1 2 6 25 25 54 26 13 5 30 37 17 11 4 20 10 3 7 2 2 12 25 42 29 19 20 12 8 8 17 6 5 20 48 20 43 45 43 40 43 26 12 10 24 52 64
0 0 0 0 0 0 0 0 0 0 0 0 0 0 0 0 1 6 9 12 1 4 1 0 1 1 1 0 1 2 1 2 2 1 4 5 3 2 7 11 26 32 10 7 5 5 6 4 1 3 3 1 9 4 6 14 29 22 49 40 11 6 6 9 19 5 5 8 9 9 45 37 38 25 21 24 28 34 21 10 16 13 41 49 31 61 59 83 62 59 60 47 12 9 11 11
0 0 0 0 0 0 0 0 0 0 0 0 0 0 0 0 1 3 1 1 1 1 1 0 0 1 1 2 5 5 8 1 1 4 10 6 3 7 10 11 20 32 31 21 2 1 2 3 3 2 1 11 33 18 15 12 7 29 62 16 11 9 5 5 10 8 12 8 26 35 28 31 29 24 24 24 29 25 35 9 14 11 19 17 30 65 31 50 61 76 48 51 48 25 16 11
0 0 0 0 0 0 0 0 0 0 0 0 0 0 0 0 1 1 0 0 0 2 0 0 0 0 2 0 0 0 1 1 2 8 4 7 2 22 13 15 27 26 38 32 15 16 22 16 20 23 17 22 31 26 17 11 18 24 13 16 15 23 18 10 6 3 3 26 23 15 25 18 50 21 18 43 30 26 26 18 14 9 10 24 6 45 34 65 63 77 80 82 62 36 19 13
0 0 0 0 0 0 0 0 0 0 0 0 0 0 0 0 0 0 0 0 1 0 0 0 1 1 1 0 0 0 1 1 3 3 3 5 4 10 9 25 33 16 32 22 14 18 27 17 14 22 25 11 17 21 18 19 31 12 16 22 33 19 8 6 7 7 7 4 7 13 7 19 9 7 43 30 21 25 52 29 31 15 8 15 31 39 36 31 65 60 50 48 68 27 19 13
0 0 0 0 0 0 0 0 0 0 0 0 0 0 0 0 0 0 0 1 0 1 1 4 5 4 5 10 6 1 1 1 1 1 1 1 4 7 9 18 29 10 5 9 9 15 27 4 11 18 15 18 20 32 23 15 17 9 16 19 27 9 10 6 10 11 27 37 31 16 20 13 14 10 9 8 37 47 14 25 25 17 15 11 15 17 27 40 49 57 11 27 42 43 17 11
0 0 0 0 0 0 0 0 0 0 0 0 0 0 1 0 0 1 1 1 1 1 1 2 15 12 12 12 4 16 10 8 4 1 0 2 2 7 5 12 7 4 14 8 19 24 30 8 15 29 12 10 18 37 23 7 14 8 15 23 12 2 1 5 17 6 3 14 38 12 21 16 11 13 21 12 14 20 16 14 8 13 25 21 12 11 10 7 18 17 9 28 13 37 27 16
0 0 0 0 0 0 0 0 0 0 0 0 0 0 0 0 0 2 1 0 2 0 1 6 9 25 26 18 11 14 13 18 4 13 6 5 1 1 2 1 2 5 6 8 11 14 18 5 6 19 7 17 6 28 35 6 13 6 36 12 8 9 8 18 16 4 3 2 51 18 19 12 12 10 11 28 29 47 44 40 51 33 17 10 28 33 26 21 8 5 11 22 26 9 18 14
0 0 0 0 0 0 0 0 0 0 0 0 0 0 0 2 3 0 1 1 1 0 8 15 42 4 32 35 11 18 19 19 12 24 10 16 13 5 1 0 1 3 3 2 8 17 5 8 9 8 8 23 14 34 2 16 27 12 17 4 3 14 23 12 7 7 4 3 15 70 60 31 14 41 39 41 68 59 19 28 52 41 51 45 38 37 33 29 18 7 4 16 14 6 3 1
0 0 0 0 0 0 0 0 0 0 0 0 0 2 1 0 2 4 1 1 3 2 1 11 28 10 5 51 47 13 5 33 16 32 30 45 18 10 9 1 5 6 8 1 1 3 4 3 5 8 43 49 60 40 52 14 3 16 3 2 3 14 9 4 2 3 24 20 7 7 28 27 70 89 68 47 26 21 66 32 8 34 50 42 31 32 32 26 19 7 5 5 3 2 2 9
0 0 0 0 0 0 0 0 0 0 0 0 0 0 0 5 6 5 4 1 1 2 1 15 4 19 20 35 70 35 4 4 4 9 10 26 16 24 35 14 9 2 14 22 21 21 23 9 18 56 74 51 16 23 52 66 30 6 8 9 5 14 6 5 7 8 6 6 18 7 9 11 8 11 9 58 26 26 15 32 46 16 21 52 34 33 30 20 19 16 8 2 5 12 6 8
0 0 0 0 0 0 0 0 0 0 0 0 0 1 1 0 5 9 24 10 1 19 3 2 2 7 4 1 19 23 49 10 3 2 17 5 13 42 14 9 27 6 13 31 50 36 26 44 56 58 78 72 33 68 59 75 43 53 37 27 15 21 3 4 4 6 3 10 8 5 5 2 8 7 6 19 15 22 16 18 29 51 26 28 32 28 14 14 7 4 9 13 18 3 2 3
0 0 0 0 0 0 0 0 0 0 0 0 1 2 1 1 1 12 4 8 5 6 5 5 2 14 4 4 2 26 67 30 6 5 5 18 9 19 54 11 47 4 16 56 55 48 47 71 69 87 82 71 62 89 82 80 66 70 63 18 21 20 3 5 3 6 16 37 18 14 7 22 26 20 14 8 11 24 31 22 12 12 37 34 27 12 12 5 5 16 21 15 21 18 8 4
1 0 0 0 0 0 0 0 0 0 0 0 1 1 2 1 2 2 4 5 7 14 2 6 4 9 11 3 2 8 40 52 25 15 4 10 2 8 47 11 41 9 19 50 52 56 79 82 79 88 82 43 71 65 66 61 59 76 15 11 36 15 8 7 9 6 14 24 24 14 54 15 6 11 13 22 55 54 51 38 28 19 18 23 13 6 15 14 15 20 36 25 12 7 9 8
0 0 0 0 0 0 0 0 0 0 0 1 1 1 1 2 3 1 2 2 3 5 3 6 14 5 18 11 8 3 26 61 6 6 9 10 3 29 61 49 60 54 26 36 56 73 90 85 62 85 61 17 44 12 26 61 76 66 30 64 58 51 19 5 5 8 13 13 14 44 13 22 28 10 15 42 33 22 45 52 50 23 10 8 5 9 19 37 34 35 32 33 14 14 12 21
1 1 0 0 0 0 0 0 0 0 0 1 10 2 1 2 2 3 5 4 1 1 4 18 27 31 15 23 13 6 28 57 8 7 25 23 7 23 14 48 70 86 50 49 60 65 89 85 42 62 18 25 13 6 2 5 57 74 75 72 46 65 10 8 37 48 13 4 12 12 19 38 14 44 46 12 30 54 40 56 43 42 38 14 22 26 39 41 50 33 49 42 29 31 25 34
1 3 0 0 0 0 0 0 0 0 0 0 5 14 2 6 2 6 10 11 16 7 9 16 19 28 24 42 26 25 12 35 14 15 17 8 11 33 15 25 39 76 65 68 61 63 87 93 82 63 31 15 4 4 1 3 5 4 79 66 67 22 9 37 20 27 26 9 9 6 31 24 50 32 23 14 17 10 34 40 57 60 39 25 30 48 43 38 57 27 72 32 34 33 22 26
0 8 4 0 0 0 0 0 0 0 1 1 1 2 14 16 2 5 16 13 16 11 16 38 44 51 51 41 41 45 6 27 44 27 19 13 12 19 9 4 13 69 19 28 25 31 77 82 75 39 27 31 22 19 8 12 4 13 8 9 14 15 33 39 34 16 13 8 11 15 15 28 21 20 10 7 10 28 33 51 54 57 37 37 30 42 50 25 52 43 75 45 42 21 29 40
0 0 6 2 0 0 0 0 0 0 0 2 3 2 11 2 26 6 5 6 11 8 3 5 9 23 29 15 40 44 22 56 74 52 22 45 21 24 19 6 44 62 53 29 33 36 14 39 57 15 28 37 30 24 35 21 11 31 16 30 20 11 31 35 23 14 15 7 21 8 4 6 30 29 21 19 27 37 37 45 42 52 42 40 39 34 44 38 68 69 21 42 48 44 46 30
0 0 0 1 1 0 0 0 0 0 0 1 2 1 1 6 7 31 9 10 5 16 13 17 30 36 33 19 8 10 11 59 55 36 56 62 74 61 15 14 49 44 83 59 52 43 39 13 7 16 42 40 32 28 18 35 38 26 23 21 31 29 46 38 20 14 9 14 22 5 3 9 11 18 20 39 32 39 39 41 39 37 31 45 48 32 33 39 57 9 27 42 32 12 8 19
0 0 0 1 1 0 1 0 0 0 0 1 2 3 5 5 4 5 9 12 18 30 25 30 39 61 41 42 28 13 7 5 46 64 64 32 82 63 41 64 71 27 74 49 80 74 36 16 13 8 26 40 33 29 39 20 41 33 34 23 42 46 66 66 29 12 6 5 14 5 4 6 4 5 5 29 24 27 34 33 38 29 34 45 22 50 39 64 27 19 38 38 38 24 21 33
0 0 0 1 2 0 1 0 0 0 1 2 6 4 2 3 3 8 8 9 22 26 55 44 48 40 65 47 21 23 19 17 8 41 55 18 25 20 72 48 42 16 79 43 24 10 28 20 26 16 25 42 51 43 34 21 14 22 5 12 27 20 43 43 4 12 12 4 9 12 18 16 6 12 16 6 27 27 30 30 22 47 19 8 25 60 32 59 22 10 18 22 24 23 33 38
0 0 0 1 1 2 1 0 0 0 1 1 1 1 11 11 7 5 4 6 6 17 57 61 29 25 31 36 43 40 28 35 19 7 7 24 11 21 75 20 16 30 57 23 22 16 35 25 26 20 11 29 36 41 27 19 16 17 9 13 14 10 12 7 9 12 10 7 9 18 20 6 16 19 15 15 32 30 28 24 58 17 17 26 31 45 35 27 28 5 6 20 23 38 41 56
0 0 0 1 2 1 0 0 0 1 1 1 1 1 3 3 13 15 26 30 18 26 21 17 10 4 17 33 41 32 48 51 17 10 3 6 18 52 35 32 7 59 75 36 34 34 32 39 42 11 16 24 22 25 16 21 18 8 12 5 9 4 9 24 24 10 13 14 19 18 19 14 8 29 12 15 24 18 24 44 25 18 25 17 33 14 32 40 48 22 15 19 31 34 24 53
0 0 0 1 2 1 1 0 1 0 1 0 2 5 4 16 12 20 28 20 20 42 22 15 19 19 6 16 26 19 20 15 10 21 19 21 39 29 45 23 28 36 58 59 49 39 16 21 25 9 8 29 38 45 45 29 18 11 23 42 35 18 12 18 8 5 35 31 15 14 10 65 42 24 20 12 11 13 17 34 13 21 22 8 23 20 34 46 28 47 31 39 31 46 41 49
0 0 0 0 7 4 2 0 0 0 1 3 4 31 14 47 23 10 18 34 35 34 44 23 17 19 18 11 22 21 12 12 19 28 33 34 13 17 24 27 24 9 16 37 45 26 6 11 10 11 17 21 18 20 17 16 21 8 48 48 30 33 8 8 14 9 34 82 69 47 32 23 59 72 31 16 15 19 30 20 4 32 9 19 20 36 14 16 20 29 47 37 66 44 23 29
0 0 0 0 1 2 2 0 0 1 0 2 2 6 29 26 36 44 31 37 28 21 40 19 12 11 7 5 4 6 15 16 27 28 16 31 29 27 22 17 7 15 30 10 43 32 25 22 19 9 8 9 10 36 28 26 21 7 12 15 17 15 32 16 27 30 19 60 73 65 14 28 32 19 60 44 16 18 20 17 29 37 13 63 35 30 27 36 28 36 50 59 30 28 27 14
0 0 0 0 0 6 8 1 1 1 1 1 2 3 3 4 2 5 18 31 30 28 40 47 27 18 21 17 8 5 10 4 7 14 14 25 27 19 27 10 6 22 12 16 43 27 27 21 22 12 10 10 12 28 44 7 12 12 25 23 19 45 40 47 55 29 37 25 64 43 50 20 19 23 26 46 36 43 33 41 16 27 29 48 39 46 44 20 28 74 43 21 41 30 35 31
0 0 0 0 0 1 2 0 0 0 1 1 5 5 13 12 6 3 9 25 34 56 62 65 57 22 14 6 3 5 6 2 2 3 8 8 15 19 13 16 15 21 7 32 6 4 11 14 17 15 20 24 13 28 21 20 17 28 37 13 35 34 21 23 83 43 38 20 9 63 72 33 39 17 47 63 57 78 58 51 37 34 18 45 72 52 66 57 55 65 58 34 48 50 54 34
0 0 0 0 0 0 3 1 0 1 0 4 2 4 14 9 8 24 11 42 74 51 27 38 46 25 18 18 7 1 5 7 10 5 2 7 20 18 5 11 28 31 28 28 10 6 13 27 32 34 17 44 33 37 27 18 20 11 12 41 26 14 14 22 20 52 29 26 13 30 54 80 69 23 9 47 31 68 16 9 38 73 9 27 10 42 43 79 77 67 82 57 54 54 53 51
0 0 0 0 0 0 2 6 0 1 1 3 2 2 2 8 28 27 22 11 11 48 56 36 36 27 37 47 26 10 9 19 13 13 14 5 5 12 11 15 14 25 23 23 19 17 34 34 24 25 27 21 31 26 24 33 43 52 29 13 35 18 12 49 18 39 48 25 15 15 50 63 67 48 24 32 9 54 29 15 3 41 27 28 30 65 27 37 16 12 54 36 44 77 57 71
0 0 0 0 0 0 2 0 0 0 1 3 7 2 4 13 20 22 22 20 14 4 41 70 52 47 40 41 45 18 17 24 12 14 25 30 11 5 5 13 21 18 12 44 23 25 23 55 55 34 46 20 31 60 77 72 38 29 23 21 25 63 36 11 48 17 47 38 24 6 49 52 45 62 22 33 10 53 66 20 12 56 16 28 30 7 38 26 10 24 79 44 26 65 82 82
0 0 0 0 0 0 2 0 0 0 0 2 5 3 2 6 12 22 26 36 30 25 11 29 33 33 12 14 35 17 13 14 10 8 12 18 14 9 7 15 13 7 8 8 30 33 26 41 31 18 16 43 27 21 18 13 19 11 25 33 25 43 50 19 22 45 7 56 38 12 35 61 47 57 29 27 14 59 23 22 6 74 36 23 36 28 15 27 22 38 66 79 32 30 69 75
1 0 0 0 0 0 2 0 0 0 0 0 2 2 2 5 6 9 30 50 48 28 18 8 6 3 12 8 2 4 13 1 3 8 14 10 13 17 13 10 22 19 25 20 29 34 27 26 18 20 36 42 41 53 28 43 41 30 21 37 17 25 36 36 24 66 35 47 67 26 19 33 62 36 60 24 18 54 38 60 47 60 83 41 34 33 14 40 26 16 45 82 44 21 21 70
3 0 0 0 1 0 2 1 0 1 0 0 0 2 5 4 13 12 23 31 37 25 14 20 10 11 11 5 1 2 6 5 4 6 6 9 16 15 10 17 33 26 24 22 13 23 27 24 23 51 38 58 44 43 40 56 55 46 41 48 36 42 23 40 19 59 50 26 67 48 10 35 50 36 71 31 45 33 39 33 59 34 80 58 21 34 32 62 25 15 17 60 48 24 42 37
2 1 0 0 0 0 1 0 1 0 0 0 1 2 2 4 8 12 19 25 27 25 21 18 28 21 23 13 4 1 2 1 1 6 7 4 15 15 6 6 24 20 14 11 23 15 19 16 13 42 59 57 61 43 24 39 70 38 58 55 55 61 27 12 17 15 36 23 40 58 29 24 25 69 54 45 65 32 46 73 59 32 53 76 32 35 18 17 18 24 26 63 45 52 34 12
6 2 1 0 0 1 0 0 1 0 0 1 1 5 3 3 23 22 54 50 32 55 36 40 16 18 23 21 15 2 1 2 10 8 22 21 16 25 22 18 19 16 16 13 14 12 12 21 17 15 14 26 16 31 54 58 72 33 87 76 29 69 40 46 45 20 12 8 28 44 24 42 24 49 14 45 82 64 41 58 70 65 54 83 29 29 33 18 21 9 31 49 50 23 15 18
3 4 4 1 1 1 0 0 1 0 1 0 1 5 6 6 4 12 13 6 14 6 10 18 31 42 23 23 32 7 3 18 15 18 9 6 15 13 11 37 29 10 18 30 26 24 33 37 18 39 42 18 39 60 52 66 52 64 59 68 28 56 68 42 56 68 63 40 17 50 53 67 58 38 37 50 70 74 57 55 59 64 49 79 74 47 10 12 14 27 39 51 62 31 15 9
0 1 2 2 5 1 1 0 0 0 1 1 0 3 14 18 13 8 21 15 10 19 15 26 49 25 29 33 35 31 12 62 23 9 14 8 28 30 31 40 60 31 39 40 33 43 26 36 26 33 39 27 14 46 24 35 70 74 57 60 66 76 81 71 28 67 61 62 46 29 35 57 19 38 41 49 68 55 73 72 53 38 40 81 73 42 46 12 17 39 27 56 47 46 37 24
3 0 0 1 1 1 1 0 0 2 2 1 1 2 2 2 3 10 5 31 17 21 25 27 26 27 43 30 34 24 27 63 19 23 20 16 24 26 28 45 56 30 32 44 32 40 14 18 40 24 23 34 15 10 10 11 46 63 70 75 69 62 72 85 56 43 58 53 41 20 9 18 29 26 38 56 65 79 61 39 30 23 77 69 72 37 28 27 17 24 33 55 19 12 15 46
15 4 1 1 2 1 1 0 1 3 1 1 4 1 12 2 1 4 8 21 33 36 10 14 18 31 34 15 43 37 53 31 32 39 16 10 13 27 59 56 26 22 31 53 53 39 17 15 14 41 26 24 33 25 12 7 18 22 18 47 38 37 64 78 74 51 25 10 11 18 13 13 16 21 30 30 65 54 45 26 9 19 74 61 71 60 31 30 9 31 41 65 61 49 23 11
3 6 4 1 3 1 0 0 1 1 0 4 2 3 23 1 4 3 15 32 20 13 3 20 10 4 26 12 43 53 48 47 50 26 13 26 33 34 58 42 23 43 24 29 48 20 16 23 11 33 20 14 28 13 24 16 15 23 25 9 22 34 39 51 53 27 21 34 26 37 21 13 16 22 24 12 39 31 33 16 14 7 29 17 38 68 32 40 12 42 60 49 38 36 40 15
3 1 1 2 2 4 1 0 1 1 0 3 2 5 2 14 6 10 8 9 14 4 18 15 13 7 19 16 38 29 31 30 43 18 32 36 43 29 46 35 28 38 27 29 39 18 21 21 14 50 30 22 35 34 27 21 37 35 46 29 20 24 9 18 7 7 23 37 38 40 34 20 15 9 10 11 19 20 18 14 14 8 9 10 24 34 13 29 10 32 57 52 32 18 71 49
2 3 4 1 1 1 1 1 1 1 1 0 3 6 2 29 18 5 11 7 17 7 8 14 13 17 45 31 37 24 36 43 16 31 31 51 33 30 59 20 31 43 20 32 34 51 15 33 15 41 29 34 31 46 22 30 31 43 34 40 39 45 21 18 19 12 35 27 30 20 10 7 31 16 10 5 7 17 10 8 7 5 6 15 20 18 15 21 11 61 67 69 67 25 8 17
1 2 2 3 2 2 1 1 0 1 2 1 13 15 9 1 14 9 7 14 18 8 14 29 21 19 43 22 15 10 14 21 28 60 36 27 32 10 38 19 32 28 35 31 19 25 26 33 40 42 39 40 31 38 34 47 51 33 43 33 53 30 18 37 11 21 23 35 15 12 19 39 30 24 24 24 6 4 11 7 7 10 6 19 10 8 30 8 21 60 57 52 74 40 40 10
5 2 2 3 1 0 1 1 1 1 1 2 1 8 7 2 3 10 5 10 6 6 9 25 21 42 31 25 11 10 20 48 23 30 49 34 24 27 40 14 29 24 12 16 16 34 11 21 22 7 24 12 28 45 52 56 65 50 26 41 32 36 31 22 57 19 26 28 33 57 43 28 15 15 19 22 21 24 23 23 26 23 9 8 8 16 34 19 33 46 21 43 77 57 57 35
6 7 5 5 2 1 0 1 2 2 2 1 1 5 3 5 9 5 6 6 8 10 7 6 10 8 14 19 16 29 22 38 15 25 46 28 18 25 14 25 23 22 17 35 47 27 13 38 59 31 47 37 55 66 60 34 44 52 46 33 40 39 56 43 51 41 37 36 58 14 9 12 14 6 4 5 20 15 24 28 26 17 14 6 5 15 35 13 16 10 15 46 84 45 60 50
1 1 2 5 8 8 3 1 4 10 8 4 3 1 1 8 5 4 15 20 46 32 35 17 33 10 8 18 25 18 25 14 12 25 44 32 19 15 11 17 31 66 34 20 31 34 44 20 54 65 79 56 67 81 66 42 58 43 26 26 25 30 56 35 36 46 40 49 18 16 20 26 43 24 23 15 6 19 29 39 30 7 4 7 4 15 26 15 14 12 17 70 73 36 41 79
1 1 1 4 6 6 11 10 5 3 5 2 1 1 1 2 6 9 14 13 34 58 47 20 20 33 53 39 38 14 54 25 22 21 24 22 13 14 30 27 43 9 34 63 26 48 53 40 32 74 73 79 39 67 62 61 45 65 50 43 41 44 16 40 51 56 56 21 25 24 37 54 38 42 51 27 12 26 36 35 10 5 4 8 5 13 6 5 12 17 34 73 45 60 36 76
6 6 2 2 6 2 3 7 3 4 2 2 1 1 5 2 8 7 21 25 11 51 46 65 70 76 65 64 50 25 40 29 20 27 35 56 43 61 69 56 58 63 44 73 34 50 72 72 24 21 16 71 70 39 64 40 32 78 62 58 31 38 43 52 54 55 40 44 42 53 42 23 34 31 29 24 38 22 12 12 5 3 3 4 4 7 5 5 7 8 15 54 25 43 12 36
5 9 7 4 5 3 1 2 1 1 1 1 1 1 3 2 1 3 28 56 20 6 43 78 56 73 63 76 76 82 67 77 76 80 47 68 15 61 78 50 65 82 43 70 74 43 72 40 79 52 28 81 65 59 62 57 82 83 44 65 38 24 35 36 34 43 33 24 21 27 25 29 19 29 30 41 38 24 5 2 4 2 2 3 1 3 3 7 7 17 31 47 15 20 17 14
3 6 28 2 17 18 5 6 3 3 2 4 4 6 5 2 4 5 5 34 21 5 6 18 18 14 49 69 65 69 70 65 77 67 51 63 73 62 66 74 43 80 78 44 64 57 75 43 71 84 54 58 60 43 31 76 65 66 49 63 57 26 28 28 51 39 41 48 47 46 49 32 41 33 47 38 16 7 5 2 0 1 1 2 2 1 3 4 5 10 28 28 6 8 10 10
8 5 3 19 21 26 15 18 14 10 3 7 11 10 4 4 8 5 15 4 2 2 10 5 7 17 40 33 44 58 64 71 36 58 41 73 68 66 69 71 60 70 64 62 67 66 71 77 25 65 53 29 72 20 44 74 58 23 62 27 34 66 19 21 36 36 52 50 50 43 38 41 47 67 57 33 16 6 1 1 1 0 0 0 1 0 2 2 3 6 13 9 6 3 10 14
2 7 12 12 13 21 6 7 21 5 11 4 8 9 3 8 8 6 17 24 17 15 10 10 9 13 4 8 9 12 10 9 18 25 10 8 14 13 12 16 15 19 14 24 25 21 23 72 56 43 74 28 50 44 48 57 20 17 30 32 64 58 34 25 42 46 50 36 34 59 70 61 62 52 34 22 9 2 1 1 1 0 0 0 1 0 1 1 1 2 4 4 4 2 3 5
12 17 23 15 7 3 5 5 15 3 11 6 5 8 5 8 8 7 12 5 7 21 17 10 22 15 8 11 18 22 15 15 37 30 24 29 16 19 24 29 27 31 44 29 37 25 38 17 19 19 41 37 39 44 44 25 33 47 44 52 58 36 26 35 42 40 48 59 69 68 70 47 24 17 7 5 1 1 1 1 1 1 0 0 0 0 0 0 0 0 1 1 2 1 1 1
35 48 31 8 5 2 3 6 3 6 2 3 2 7 2 4 4 3 3 20 14 4 8 7 13 8 4 22 14 11 20 20 9 8 7 18 13 12 20 13 19 34 35 22 19 28 21 35 27 24 12 12 7 6 12 22 40 40 40 40 19 21 25 40 42 33 30 25 42 58 57 46 23 12 3 3 6 5 8 6 2 1 0 0 1 1 1 0 0 0 0 0 1 2 1 1
8 10 7 22 9 5 3 1 1 2 2 5 3 7 3 4 7 2 2 2 19 18 13 14 8 9 7 12 20 25 14 4 12 7 9 13 13 18 19 24 18 18 21 12 9 9 10 11 21 29 36 45 20 14 17 18 25 30 30 15 15 26 25 48 37 22 29 24 23 22 14 17 16 5 3 7 10 8 2 1 1 1 1 1 4 3 3 1 1 1 0 0 0 0 0 0
11 8 12 3 1 1 2 0 4 0 2 1 1 1 4 1 2 5 6 5 7 26 22 13 14 6 8 17 28 6 6 10 7 15 15 8 11 13 12 14 13 14 30 23 25 19 19 25 34 26 31 30 23 21 25 21 25 22 23 24 5 26 25 33 51 48 43 47 29 20 8 6 3 5 9 13 24 11 3 2 2 2 3 7 5 5 5 5 4 2 2 1 1 0 0 0
20 12 7 5 3 1 1 1 2 0 3 2 1 1 1 1 3 6 7 2 7 16 22 19 20 4 24 36 12 4 10 6 12 9 14 14 12 18 18 19 6 19 23 24 17 27 31 26 22 16 22 12 38 28 49 38 26 22 16 12 16 21 26 19 63 68 35 48 35 27 13 11 4 10 19 22 9 2 4 6 5 9 6 10 14 10 15 9 8 7 4 4 3 2 1 1
10 4 5 3 1 4 17 24 10 4 11 2 0 0 1 1 0 1 1 3 12 13 5 12 14 22 41 47 19 10 14 12 12 27 15 20 17 22 9 11 24 26 19 25 24 36 31 14 31 15 26 33 34 25 43 25 44 12 20 9 29 47 21 53 76 50 48 25 19 18 9 4 6 13 21 17 6 9 10 13 20 16 20 31 28 22 20 14 21 19 9 13 6 3 2 2
4 6 1 1 9 33 18 11 27 36 3 9 3 0 0 1 2 2 2 7 13 9 9 24 17 42 27 5 6 4 8 18 10 15 43 16 18 22 23 30 21 22 18 17 23 20 32 26 23 27 35 32 36 28 35 28 46 30 15 7 15 38 51 64 53 54 30 25 19 8 7 8 13 6 24 9 16 17 32 32 43 29 34 46 40 26 36 34 31 17 15 16 9 7 9 8
1 2 2 3 4 28 28 31 46 29 14 12 25 8 2 1 1 1 5 6 2 2 6 23 9 4 7 9 17 24 15 9 30 10 26 26 26 43 24 25 11 26 10 8 11 20 21 36 33 27 23 47 16 30 40 36 18 14 23 16 5 23 20 26 34 51 37 42 21 5 16 13 20 17 61 27 26 28 41 41 53 37 42 57 37 34 51 60 45 37 22 19 16 27 21 10
1 1 2 8 1 2 1 1 31 36 33 37 31 9 13 7 2 1 2 1 4 2 6 6 7 13 17 16 20 18 14 10 11 19 16 24 15 19 21 32 45 16 23 20 6 9 15 15 25 32 35 32 28 10 43 9 19 36 16 17 7 9 15 11 8 8 19 9 5 17 46 24 30 27 66 33 45 48 64 68 82 71 81 81 72 59 61 59 77 71 37 29 27 25 52 24
1 1 1 1 0 1 3 5 3 12 6 27 21 10 15 16 13 11 11 3 1 4 1 4 8 16 17 6 4 7 5 7 7 11 14 13 13 15 16 30 36 52 25 10 40 28 32 13 24 17 13 26 11 26 25 27 27 18 22 17 10 29 38 23 15 8 7 15 27 28 42 49 32 48 64 61 66 55 67 81 68 61 78 75 71 70 66 62 70 62 50 37 54 59 60 41
2 1 2 6 5 3 26 9 9 2 30 42 14 37 25 30 42 29 17 7 4 2 2 2 8 5 4 4 3 2 2 2 2 4 11 13 6 10 20 31 24 31 37 36 3 27 26 30 29 17 17 32 37 22 10 10 15 31 23 20 13 42 28 19 9 18 20 27 52 51 44 73 56 72 61 72 75 65 72 60 37 58 68 51 31 31 49 23 53 63 46 49 46 46 41 59
13 19 28 13 36 5 2 3 16 10 31 46 33 74 48 46 69 44 17 20 9 10 3 2 3 2 4 3 3 2 4 1 5 11 3 4 11 10 12 8 11 22 32 53 34 19 32 20 28 24 22 16 13 45 60 30 29 24 19 22 33 30 35 16 20 31 48 29 47 62 47 59 65 62 77 48 59 52 68 57 18 27 36 44 24 5 7 14 49 42 43 50 19 24 16 45
