sesion_6_simulaciones/modelos_agentes/ejemplos_netlogo/scenarios/cgcm2_a2/rob_2067.asc
NCOLS 322 
NROWS 307 
XLLCORNER 451900 
YLLCORNER 4086900 
CELLSIZE 100 
NODATA_value -9999 
[rows 219 to 291 of 307, columns 192 to 287 of 322]
20 19 8 5 4 4 3 3 1 1 1 0 0 0 0 0 0 0 0 1 1 0 1 1 1 0 1 1 2 2 2 5 15 29 62 61 42 56 46 34 45 46 46 44 35 26 16 48 36 20 22 20 19 22 4 36 23 8 10 23 39 51 44 79 76 80 80 48 29 25 63 69 84 49 8 4 1 0 0 0 0 0 0 0 0 0 1 1 1 1 2 6 4 7 13 10
28 13 12 24 15 9 5 3 2 1 0 0 0 0 0 0 0 0 0 1 2 1 1 2 2 1 1 3 3 4 5 3 14 28 49 35 57 42 42 35 46 44 33 50 31 19 19 14 19 11 28 18 10 12 18 7 5 11 7 37 59 57 52 82 89 80 81 91 78 54 45 47 58 36 25 7 3 0 0 0 0 0 0 0 1 1 1 1 2 2 3 4 8 7 8 20
9 4 2 13 7 4 4 1 1 0 0 0 0 0 0 0 0 0 1 1 3 4 3 4 3 2 3 3 5 5 5 7 9 25 29 29 24 36 40 34 55 45 48 59 37 32 29 21 26 10 34 14 6 5 17 21 2 5 25 25 37 29 18 59 84 70 74 85 91 79 31 14 8 11 13 1 0 0 0 0 0 0 0 0 0 0 0 1 1 2 4 3 4 5 12 15
5 5 3 1 8 5 3 1 1 0 0 0 0 0 0 0 0 0 0 1 1 4 16 12 6 8 6 6 13 15 7 10 27 26 24 17 27 44 38 40 40 31 34 54 30 37 38 18 23 33 22 20 7 6 8 7 6 21 45 46 31 29 40 27 64 82 75 70 82 85 56 36 13 3 2 0 0 0 0 0 0 0 0 0 0 0 0 0 1 2 3 5 6 7 10 6
18 20 14 8 4 2 2 2 1 0 0 0 0 0 0 0 0 0 0 1 2 7 16 25 11 14 16 12 21 24 15 16 28 32 32 20 31 26 31 32 35 27 36 54 37 23 36 21 27 21 16 7 8 7 4 4 5 15 17 19 18 32 41 32 44 69 65 61 76 79 58 25 12 4 1 0 1 0 0 0 1 0 0 0 1 1 1 1 1 2 3 4 7 9 10 14
21 17 17 10 6 4 3 1 1 0 0 0 0 0 0 0 1 1 1 2 3 11 18 36 31 20 20 26 26 42 38 25 27 29 33 21 34 14 31 29 21 27 32 53 60 24 35 28 14 10 14 11 14 3 2 5 8 19 10 27 31 37 43 46 25 34 10 6 16 61 71 28 8 1 1 1 1 0 0 0 1 0 0 0 0 1 1 1 2 2 3 7 7 9 12 24
12 9 9 5 3 2 1 1 1 0 0 0 0 0 0 1 2 2 2 2 4 6 14 30 40 39 30 33 28 46 71 51 34 34 19 22 26 24 42 23 17 18 28 33 48 45 14 23 6 6 5 3 9 6 1 5 7 7 15 33 44 43 58 48 27 32 22 27 10 10 37 18 5 4 2 3 2 1 1 0 0 1 1 0 0 0 1 1 2 2 3 8 10 9 13 18
12 8 7 3 1 1 1 1 0 0 0 0 0 0 0 1 1 3 5 7 4 8 19 22 41 66 45 39 42 31 50 62 32 43 32 36 41 38 24 25 14 19 18 19 22 30 18 38 21 5 18 12 5 3 1 3 19 19 23 36 56 51 47 33 28 28 36 47 25 17 14 4 6 5 5 4 2 1 1 0 1 1 1 0 1 1 1 0 1 1 2 3 9 12 11 18
9 13 9 7 4 2 1 1 1 0 0 0 0 0 1 1 3 2 7 14 15 21 21 26 36 64 75 49 64 40 47 59 43 30 49 49 37 32 30 27 8 13 11 18 27 29 36 47 48 13 10 9 6 2 3 5 11 11 27 46 52 40 34 25 53 46 53 47 28 21 7 6 7 10 8 6 4 3 1 0 1 1 1 0 1 0 1 1 1 1 2 3 5 6 12 19
14 7 4 3 3 1 1 0 0 0 0 0 0 0 2 1 1 3 10 16 30 44 55 40 45 55 80 43 62 40 43 59 25 26 46 46 48 41 32 28 18 18 15 12 29 33 29 44 31 28 15 9 6 3 13 24 21 32 45 62 43 25 28 44 75 67 44 33 26 15 15 12 17 14 18 9 6 4 1 0 1 2 2 1 2 1 1 2 1 2 3 5 6 6 7 19
14 8 4 2 1 1 0 0 0 0 0 0 0 1 1 1 1 2 5 10 16 35 58 72 62 53 69 66 74 43 63 37 23 22 33 50 48 50 24 26 27 28 17 16 21 32 34 27 20 15 18 17 7 9 13 11 26 18 34 10 22 46 49 77 71 52 41 29 36 37 30 28 24 28 11 7 5 2 1 0 0 2 4 2 1 2 3 3 1 2 3 5 11 12 14 22
5 5 3 1 1 1 1 0 0 0 0 0 0 1 1 2 5 2 4 9 23 32 53 53 70 65 72 76 67 39 53 27 22 48 32 45 46 32 29 37 37 36 16 18 39 35 42 29 31 11 10 8 6 2 5 4 59 32 14 27 40 43 53 47 32 30 32 34 27 34 48 47 32 11 3 3 2 1 0 0 0 1 4 3 2 2 7 10 3 2 2 6 8 8 15 21
1 1 2 1 1 1 1 0 0 0 0 0 0 1 2 5 4 5 9 18 21 33 53 63 56 60 65 61 60 60 69 36 26 36 47 35 43 36 31 30 33 21 26 15 18 23 36 36 27 17 6 6 4 4 10 12 4 72 69 42 25 13 30 28 41 37 29 21 13 41 71 49 23 9 4 2 1 0 0 0 0 1 3 2 5 2 6 7 11 3 3 8 8 12 11 19
2 1 0 1 1 1 0 0 0 0 0 0 1 1 4 5 3 5 14 17 17 46 62 68 53 55 64 54 72 80 48 38 37 53 31 46 43 40 36 33 32 27 45 12 25 26 32 26 14 5 16 5 7 8 15 37 24 21 32 37 18 38 23 27 25 34 33 13 25 44 48 24 19 14 4 1 0 0 0 1 1 1 1 8 6 2 2 3 16 3 4 9 10 11 9 12
1 1 1 1 1 1 0 0 0 0 0 0 0 1 2 3 7 11 18 39 26 29 68 57 71 56 59 62 21 77 49 44 35 51 42 30 34 43 35 35 34 27 51 14 14 52 30 23 19 9 18 6 6 23 32 10 36 36 19 9 21 11 20 27 27 29 19 53 43 20 34 17 11 8 4 1 0 1 1 1 2 2 2 3 4 6 3 6 10 11 9 5 6 19 13 13
3 2 2 1 1 0 0 0 0 0 0 0 0 1 1 2 5 9 20 37 49 58 76 60 70 67 68 59 63 58 76 41 33 41 36 15 21 38 41 47 33 14 32 37 8 23 22 44 17 13 17 10 7 18 13 15 8 9 14 28 23 26 25 40 19 23 39 20 15 26 23 16 10 3 1 1 1 1 2 1 2 2 3 4 9 12 4 4 11 11 33 14 5 9 24 21
1 2 1 1 0 0 0 0 0 0 0 0 0 0 1 2 3 9 20 30 52 44 58 19 37 59 59 21 20 40 69 29 36 72 35 32 39 46 25 8 19 8 32 35 9 26 37 20 6 10 17 11 7 12 11 5 22 27 45 28 13 20 47 60 42 35 55 55 47 34 20 13 4 2 1 1 3 1 4 1 2 3 4 4 10 9 19 6 12 8 3 20 9 8 11 18
1 1 1 0 0 0 0 0 0 0 0 0 0 0 0 1 3 4 13 27 33 24 23 49 42 41 26 28 44 40 55 51 51 54 51 45 40 34 33 16 23 21 23 38 7 15 25 19 8 6 6 12 9 12 4 13 27 11 15 22 27 47 56 60 63 60 43 32 43 31 46 20 7 2 1 0 1 4 3 2 3 4 5 3 5 10 8 23 18 17 10 24 14 3 8 8
2 1 1 0 0 0 0 0 0 0 0 0 0 1 0 0 2 5 6 8 14 48 48 41 47 53 44 32 37 44 40 38 51 48 30 36 31 35 40 13 35 27 19 38 6 10 25 15 19 15 5 4 13 12 7 13 16 12 36 26 52 40 41 72 81 52 45 23 48 23 15 10 2 2 2 2 2 5 5 5 7 5 5 5 5 4 9 24 41 47 10 10 16 8 13 23
1 1 0 0 0 0 0 0 0 0 1 1 1 1 1 1 1 2 3 9 17 26 38 30 24 37 48 31 41 27 37 42 40 63 37 45 30 43 25 30 14 21 11 28 7 6 12 11 10 15 13 5 7 2 8 5 5 21 27 23 34 27 54 65 68 75 46 19 11 13 8 2 1 3 5 5 3 3 9 8 15 8 6 6 8 8 5 4 5 14 35 31 20 13 15 24
1 0 0 0 0 0 0 0 0 0 1 1 2 2 1 1 3 3 2 8 16 29 25 36 39 50 35 28 33 31 16 20 40 26 21 56 17 35 24 21 20 20 49 28 10 11 20 27 8 5 5 5 2 10 3 5 14 41 39 68 68 51 36 46 46 31 37 36 18 9 3 1 2 7 4 10 4 4 10 17 12 18 9 9 9 8 13 8 8 10 22 18 18 51 18 29
0 0 0 0 0 0 0 0 0 1 1 1 2 2 2 2 4 5 6 5 12 7 15 18 21 35 25 18 26 25 31 29 17 13 7 43 19 44 15 22 16 14 49 29 20 12 35 16 15 9 4 14 4 14 9 17 23 11 29 36 41 36 22 33 49 38 44 20 23 10 5 1 4 5 6 11 14 5 7 11 15 24 14 19 11 5 8 14 4 2 5 5 6 24 29 22
0 0 0 0 0 0 0 0 0 1 1 2 2 3 6 3 5 11 8 16 26 30 42 46 48 41 40 50 51 34 48 58 52 26 38 29 43 32 14 16 11 9 7 27 14 6 10 12 13 7 9 19 31 39 75 61 64 55 59 37 41 41 48 58 47 36 29 20 15 7 2 1 4 6 12 11 14 10 12 22 14 29 18 25 14 7 8 15 22 6 11 12 8 5 6 12
1 0 0 0 0 0 1 1 1 1 1 2 2 4 7 4 2 3 16 28 43 38 48 59 67 70 68 61 78 65 40 36 30 19 10 9 22 19 25 14 15 5 5 20 7 6 6 12 4 9 2 1 3 4 16 30 78 78 54 53 44 41 22 54 40 29 26 18 5 3 1 2 5 8 6 10 14 22 15 24 16 9 32 31 19 9 10 23 18 9 12 18 16 27 34 43
1 0 0 1 1 1 1 1 1 1 1 1 3 5 5 10 2 2 6 12 30 50 27 52 52 66 68 51 11 27 43 26 16 15 19 26 26 12 27 7 14 5 2 11 7 9 3 2 2 5 5 4 4 4 6 6 20 51 71 77 82 42 37 28 25 24 23 21 15 4 2 5 12 11 11 13 34 26 27 28 28 11 13 44 28 11 11 15 16 12 18 11 23 28 39 48
0 0 1 1 1 2 2 2 2 2 1 1 2 5 4 8 5 2 5 10 19 26 20 42 34 30 27 17 13 15 24 19 17 24 19 10 18 27 20 3 8 10 2 5 5 2 1 8 5 4 11 7 12 17 18 25 31 50 41 33 47 77 60 47 41 38 38 21 12 4 3 11 15 22 21 16 29 37 27 21 19 20 8 29 41 21 22 10 26 14 25 25 17 31 32 24
0 1 1 1 2 2 3 3 3 2 1 2 3 3 6 4 11 2 2 2 7 7 16 19 26 37 32 35 39 26 38 17 18 28 21 16 15 9 4 4 8 10 43 13 3 4 1 4 5 4 14 18 10 24 43 23 22 21 25 18 20 38 59 56 48 31 32 20 7 2 6 13 15 22 23 25 18 45 31 44 24 35 24 25 61 29 40 17 28 25 26 40 26 28 24 34
0 1 1 2 3 3 3 3 4 4 2 2 3 6 10 8 9 3 3 6 5 5 15 18 27 33 38 33 32 47 43 41 34 50 14 10 12 15 13 9 23 21 5 5 19 6 2 3 3 22 35 7 21 20 18 23 38 35 43 28 25 25 26 30 33 26 18 15 6 4 7 17 17 27 21 21 21 31 42 49 36 24 38 24 63 22 25 30 19 43 27 28 29 21 23 24
1 2 3 2 3 2 2 5 7 7 3 2 4 4 16 32 3 4 3 12 14 17 12 16 22 22 34 21 27 35 34 27 22 22 22 23 16 22 19 11 5 4 2 1 2 8 8 3 27 44 5 4 6 31 27 26 26 35 25 23 33 25 25 18 18 15 15 8 6 7 15 19 18 20 21 22 25 33 43 39 35 31 36 50 64 23 27 33 20 44 30 15 37 15 9 19
2 2 3 5 5 2 4 6 12 11 3 2 3 7 13 13 5 7 4 11 17 19 19 11 13 10 24 29 29 34 24 21 24 22 20 18 17 12 11 13 6 3 2 2 3 1 2 15 4 16 4 7 7 7 16 73 42 45 37 35 28 26 22 17 15 14 12 6 5 6 14 17 13 20 19 32 40 27 30 54 43 48 48 48 61 40 46 20 46 40 12 22 34 13 18 23
3 3 4 11 5 3 3 7 9 21 5 2 6 7 13 23 12 7 7 18 25 37 20 25 24 9 16 21 23 20 28 16 22 21 19 10 9 5 7 7 14 12 9 6 6 8 7 2 1 3 6 17 22 22 31 16 29 33 48 47 37 26 21 20 17 15 11 6 3 12 17 18 23 22 36 31 29 40 27 23 40 42 37 53 28 84 49 19 32 39 9 23 20 34 20 26
5 8 5 13 8 4 5 9 11 17 3 3 7 9 17 19 22 3 14 22 26 41 25 27 28 37 23 19 12 13 14 24 38 25 8 20 8 19 9 9 9 13 5 3 3 4 2 2 5 10 15 15 27 25 40 10 9 11 12 27 25 29 26 26 23 22 16 8 3 14 15 16 24 29 37 16 28 20 42 18 27 25 38 23 50 75 30 21 52 20 11 23 20 33 35 32
5 5 11 12 11 9 6 7 16 30 5 8 10 17 16 27 5 4 17 22 36 45 50 30 52 33 34 32 20 20 13 43 52 25 28 15 12 16 10 7 13 4 6 2 4 3 3 3 3 12 11 10 26 36 30 10 22 32 31 38 37 34 35 40 33 32 21 9 3 16 18 16 36 24 30 45 41 30 17 33 21 31 34 39 32 57 49 38 44 21 19 29 16 18 9 44
2 4 14 13 12 12 8 10 18 21 6 12 16 33 37 15 4 4 18 23 26 50 45 49 32 34 52 37 33 30 31 37 48 38 27 29 27 14 27 12 5 7 2 1 1 3 2 3 3 5 7 14 21 19 35 30 31 41 42 47 53 56 42 34 24 17 19 5 7 19 27 21 39 40 29 31 41 30 32 11 44 13 19 42 45 57 64 75 38 22 32 26 31 33 22 50
6 6 17 22 27 16 10 11 24 26 6 7 21 40 25 6 3 10 17 22 36 42 44 45 48 36 47 39 52 48 48 30 16 19 25 25 22 9 16 14 13 7 3 2 5 2 2 5 2 2 3 7 22 38 29 27 47 50 52 35 56 37 19 26 29 22 10 6 6 17 37 22 34 41 45 34 46 28 35 27 20 43 20 8 12 36 56 69 31 45 35 29 26 45 19 19
5 9 11 15 40 22 11 14 19 28 6 6 22 41 16 7 4 12 25 25 25 30 36 42 62 34 39 36 30 47 47 31 33 24 21 11 17 16 20 12 10 5 4 4 10 4 4 4 1 1 3 13 24 17 44 53 24 33 23 26 21 22 35 38 22 20 17 6 9 10 40 28 28 29 35 43 35 32 16 29 16 45 26 20 11 10 29 46 48 69 38 34 27 42 12 17
7 18 13 11 20 39 14 20 36 11 8 9 17 48 24 8 4 17 23 25 38 50 45 59 53 46 25 29 47 40 20 46 62 43 16 16 11 12 17 10 4 7 6 4 4 2 3 2 5 4 8 11 16 30 44 32 47 25 33 36 32 30 28 23 24 23 11 7 7 15 17 46 27 25 31 32 48 43 29 49 19 17 28 23 18 16 16 33 49 52 34 36 31 35 18 27
9 13 27 22 11 28 9 24 56 11 12 23 30 38 13 11 2 9 29 31 48 38 42 59 56 48 43 16 12 14 19 17 21 7 8 14 22 12 11 18 10 6 3 3 2 1 1 2 7 7 10 13 22 29 50 48 52 38 33 45 35 41 43 27 27 27 12 10 10 27 29 29 48 23 27 30 54 43 30 25 33 18 13 40 30 17 21 21 41 42 51 33 28 21 30 15
11 15 31 39 18 44 11 24 58 28 14 34 38 23 11 3 3 6 14 32 50 52 39 40 44 62 40 16 22 15 18 17 22 15 10 5 11 16 17 13 6 5 2 3 3 1 2 1 0 1 9 9 10 22 24 21 21 46 45 40 45 27 28 29 23 23 22 5 13 28 32 29 36 13 34 32 33 46 56 48 44 24 17 16 32 18 15 28 44 77 65 30 19 17 30 13
13 14 18 45 21 39 20 20 30 36 18 41 36 9 3 6 9 14 25 39 37 40 48 27 37 41 58 22 15 15 23 21 21 19 14 19 11 13 6 3 3 5 2 2 4 2 2 1 2 4 5 15 51 36 24 54 48 69 46 33 43 42 43 40 39 23 21 12 17 32 27 41 55 22 22 46 35 51 41 35 53 18 26 26 54 18 11 15 14 37 54 27 26 12 45 28
11 13 11 29 52 27 40 19 48 22 48 24 9 4 11 11 18 12 46 52 27 36 39 39 19 29 52 54 23 24 13 21 17 8 7 7 10 6 4 3 4 1 1 1 2 1 1 1 3 3 3 12 12 27 40 44 29 55 28 25 30 37 39 35 22 19 15 26 26 31 35 43 11 30 38 45 40 27 42 29 67 23 25 17 26 39 24 27 34 32 46 21 42 13 24 39
26 16 12 17 28 43 46 25 63 35 31 8 5 10 14 22 23 15 18 17 32 34 38 52 45 27 23 11 27 38 12 21 10 8 13 14 14 7 6 5 3 3 4 2 1 0 0 1 2 5 8 10 21 15 29 29 31 32 22 7 22 30 31 28 17 14 15 26 29 31 34 49 17 15 8 14 38 48 68 19 56 38 24 27 16 13 48 22 30 36 27 46 13 16 25 37
18 28 20 15 15 29 57 31 31 13 8 3 8 15 29 36 34 13 19 21 32 36 27 10 17 11 15 32 7 13 27 38 21 24 6 14 5 6 6 1 2 2 1 1 1 3 1 1 2 4 9 6 8 15 19 26 21 37 27 30 42 33 34 21 29 28 17 29 28 31 28 44 15 28 16 21 22 15 38 25 22 46 24 31 16 33 38 9 28 43 48 36 11 15 14 17
21 30 22 30 40 47 48 29 30 8 11 10 14 28 29 35 42 26 28 30 34 34 24 17 14 19 15 9 11 24 10 15 15 44 12 24 5 4 4 4 3 2 2 2 1 1 1 1 2 5 13 6 8 13 25 12 31 53 59 52 43 31 35 33 29 26 29 40 29 29 30 37 19 31 27 22 32 27 31 49 14 48 23 45 13 12 35 6 14 19 47 28 8 16 17 39
22 36 29 36 43 54 46 12 7 4 14 13 25 31 31 42 27 52 42 28 32 30 27 31 30 24 22 11 14 31 9 10 4 4 5 14 17 12 7 14 7 5 3 2 2 1 0 2 5 5 10 4 5 15 18 23 39 70 28 35 46 29 34 29 27 26 35 45 27 29 31 30 28 29 39 23 31 29 28 26 37 70 33 39 27 7 44 19 8 10 28 36 15 17 13 5
23 44 44 38 69 53 12 8 12 15 29 24 22 35 32 47 18 30 61 18 33 24 15 21 30 29 11 16 19 22 42 10 7 3 4 2 3 2 4 12 11 4 5 3 2 1 1 1 4 4 4 4 8 13 28 32 34 40 34 24 42 36 26 10 30 16 18 52 30 28 41 29 41 26 36 30 27 31 25 20 27 12 52 47 38 10 17 13 6 7 12 40 13 22 25 22
27 36 63 55 67 14 14 12 15 27 30 31 40 54 17 43 17 28 32 54 19 39 13 11 16 30 30 23 18 13 7 15 7 7 5 3 4 3 3 3 5 2 1 2 1 0 1 2 2 3 4 4 5 10 22 40 17 38 61 51 24 20 15 8 40 25 26 48 35 25 42 28 54 35 34 38 23 24 34 21 15 12 37 27 37 13 7 33 7 9 15 34 28 25 14 18
17 38 65 78 44 8 14 26 30 30 46 54 26 34 20 20 39 16 30 28 19 28 17 15 17 23 18 34 19 22 22 13 18 11 8 5 3 3 3 3 3 1 1 1 1 1 1 5 2 3 3 3 6 14 29 29 59 37 31 47 25 16 6 15 22 44 26 27 36 22 33 25 45 38 22 36 34 20 21 33 28 8 14 41 48 15 4 22 12 8 16 10 44 26 12 54
19 44 69 50 8 10 29 27 21 50 36 65 19 38 20 16 25 62 15 32 41 25 35 13 13 24 30 19 19 31 17 14 31 5 8 6 4 5 1 4 2 1 3 3 2 2 3 2 3 5 6 9 9 10 16 27 38 32 34 29 27 15 7 20 16 28 24 25 38 21 25 31 24 43 20 21 48 19 21 24 35 9 17 21 35 15 6 12 18 11 9 6 7 18 16 11
19 49 52 27 12 20 30 30 20 37 19 59 22 40 44 15 39 61 10 37 54 14 46 12 11 27 30 30 10 8 37 5 6 14 19 10 2 4 2 3 1 1 1 1 1 1 2 3 4 6 5 4 4 7 9 16 25 29 22 41 27 15 14 22 29 34 15 19 33 33 19 17 12 31 19 19 27 25 19 15 6 7 23 14 31 13 8 4 15 23 4 9 22 17 28 3
18 46 41 31 15 18 36 50 15 23 22 45 16 30 56 22 32 59 17 16 29 26 32 15 11 14 13 25 23 19 7 9 4 3 1 16 10 3 2 2 1 2 2 2 2 2 1 2 4 8 6 9 6 11 9 15 9 17 23 15 11 22 19 21 19 29 30 21 25 29 11 20 12 20 22 18 25 9 7 20 8 8 8 11 37 38 9 4 10 18 3 5 18 24 25 9
41 40 51 19 15 23 25 34 15 24 23 28 30 17 48 16 12 46 18 12 12 11 49 25 10 8 11 10 12 13 26 13 3 7 1 2 11 2 1 2 1 4 4 3 1 2 0 1 3 7 10 5 6 4 6 15 26 44 26 11 6 18 20 19 20 20 48 14 24 31 10 16 17 21 36 3 17 19 8 7 14 7 7 7 12 34 6 4 6 19 5 5 6 33 57 36
72 41 13 14 22 22 23 29 15 46 26 12 32 14 58 13 12 28 20 9 13 23 39 16 7 11 8 20 20 17 11 11 7 10 1 2 2 6 1 1 2 4 1 2 2 2 1 0 2 5 8 13 10 6 12 17 24 43 35 13 6 33 18 12 18 18 32 17 11 34 17 8 9 35 24 8 7 8 23 5 12 22 8 9 43 22 3 11 1 32 11 4 3 2 7 11
13 6 14 11 19 23 35 35 25 37 20 12 62 10 12 36 16 42 21 7 9 15 17 41 12 15 6 16 19 15 9 5 7 15 3 3 2 16 1 1 1 2 1 1 1 2 1 2 3 9 9 7 24 9 9 8 8 32 36 7 9 17 21 11 20 17 16 29 11 39 21 12 13 11 29 8 8 13 11 10 4 2 23 7 11 23 6 18 3 13 32 5 12 7 4 3
27 13 33 24 19 23 41 20 47 27 9 14 38 15 15 39 9 15 41 5 17 13 9 29 6 14 12 10 11 12 14 11 2 6 3 3 2 1 5 1 0 2 1 3 2 1 1 3 6 7 15 13 3 8 10 1 10 16 12 4 14 40 26 9 8 31 9 22 8 13 52 7 17 17 10 12 9 9 18 11 12 5 7 12 3 22 27 18 5 7 59 4 5 4 9 3
48 24 13 26 26 28 22 20 40 17 15 16 11 13 13 20 11 9 36 11 16 10 4 11 17 13 11 6 7 6 8 7 9 2 3 7 2 1 3 4 1 3 2 2 2 1 2 1 5 2 1 1 2 7 7 23 18 8 13 10 7 29 13 10 10 17 28 7 24 7 27 6 13 27 4 6 28 5 8 12 18 7 4 1 3 2 22 26 6 4 26 8 6 4 7 5
75 32 18 16 18 22 9 20 34 7 20 15 13 14 10 23 10 9 21 6 6 17 6 3 2 5 6 3 13 18 7 7 10 1 2 0 3 1 1 13 1 1 1 2 2 1 2 2 19 4 3 2 3 3 16 33 14 3 4 18 7 6 20 9 16 9 41 5 39 4 15 15 8 12 5 19 8 6 4 5 8 10 8 3 3 3 2 3 18 21 14 9 6 3 9 5
49 14 8 20 11 11 10 11 31 6 12 9 10 28 9 26 9 28 9 5 5 14 8 4 4 5 5 5 7 8 16 15 2 2 1 1 1 3 1 16 1 1 1 1 1 1 3 1 1 2 4 5 1 9 20 19 12 7 3 23 12 8 4 19 15 14 26 6 29 8 5 8 15 24 7 4 8 3 6 1 2 7 3 4 2 2 3 1 1 3 22 6 3 4 8 5
61 15 41 15 15 10 10 10 9 6 13 12 5 31 29 6 15 12 15 12 10 5 9 7 8 12 6 9 4 4 4 4 3 2 1 1 1 1 2 4 1 0 1 0 1 1 1 4 1 1 2 2 5 27 23 16 10 10 3 6 14 6 10 9 12 24 14 17 3 16 27 3 21 31 7 1 5 2 3 1 5 4 6 5 1 1 1 2 2 1 3 7 5 1 6 2
43 26 9 10 10 11 17 10 11 5 8 7 10 18 15 4 5 7 6 2 7 5 7 11 15 10 7 11 9 2 2 3 11 4 1 1 3 1 0 1 3 0 1 0 1 3 2 1 1 1 1 2 8 14 17 10 2 8 8 4 15 6 8 10 3 9 6 7 4 6 23 4 11 14 1 2 3 6 4 2 0 7 1 2 3 0 0 1 2 2 3 1 9 2 4 1
5 26 6 11 10 9 11 6 29 6 7 7 6 2 14 6 6 3 11 4 4 7 7 8 8 4 7 12 9 1 2 3 4 5 3 2 1 2 0 0 4 0 1 0 0 4 9 1 1 1 2 5 9 11 18 6 4 9 6 7 19 7 3 3 7 5 5 13 3 5 16 7 26 6 1 3 1 0 2 5 1 2 2 2 5 1 2 1 1 1 1 2 4 3 5 1
11 48 6 7 4 8 11 10 5 9 6 5 7 2 6 3 5 3 26 6 2 4 5 19 4 3 5 9 9 2 3 2 5 2 4 2 1 1 2 0 3 0 0 0 0 1 1 2 0 3 2 6 9 16 7 2 5 8 6 8 18 9 14 4 4 9 3 10 3 4 3 5 17 1 1 1 1 1 3 2 1 1 0 3 3 2 2 2 1 1 1 0 1 6 2 1
10 37 15 2 4 4 13 8 4 11 6 3 2 3 3 5 1 8 3 1 2 5 7 4 9 3 2 3 3 3 2 5 4 3 2 2 1 1 2 1 5 0 1 0 0 1 3 7 4 1 4 13 17 16 1 4 7 10 6 9 4 14 5 14 7 3 2 6 2 4 4 9 5 5 3 3 0 3 4 1 3 1 0 1 2 4 3 1 1 0 1 0 0 1 3 2
3 18 19 2 7 3 6 12 3 8 4 2 1 3 2 8 2 5 3 5 2 2 5 6 5 2 2 2 3 6 1 2 2 5 2 1 1 2 1 1 3 1 0 1 1 0 0 5 7 4 11 16 17 3 5 8 9 8 5 8 10 7 2 6 10 1 2 2 4 1 3 5 3 7 3 3 1 4 3 1 6 7 1 2 1 1 1 1 1 1 0 1 1 4 1 2
4 8 14 3 4 1 2 2 3 3 4 1 0 2 2 18 3 2 3 1 3 4 4 5 3 1 1 1 3 3 2 3 5 2 1 0 1 2 2 1 1 1 1 1 1 1 2 19 14 28 32 31 2 3 4 4 6 7 6 6 12 2 8 5 4 11 22 2 1 1 1 9 1 6 5 3 3 5 4 3 4 12 2 2 1 0 2 2 4 3 1 0 6 1 1 4
3 4 16 5 5 2 1 3 1 4 4 2 1 1 1 3 3 1 3 1 2 3 1 2 2 1 5 1 2 5 2 2 5 3 1 1 2 1 1 1 0 1 0 1 7 18 35 14 16 20 7 1 3 4 5 4 5 5 4 2 3 1 4 3 1 9 2 0 0 1 2 2 5 1 6 3 3 4 9 3 4 6 1 4 1 1 1 1 1 2 2 3 1 3 4 9
3 2 1 17 2 1 0 0 0 2 7 1 1 1 1 4 1 1 4 1 1 2 1 1 1 1 1 1 0 4 1 2 2 2 1 1 1 1 0 1 0 0 0 14 11 11 40 48 13 3 1 2 2 3 4 3 4 5 3 1 0 0 4 6 9 13 1 1 0 3 5 2 2 1 6 2 6 2 4 1 2 6 2 3 2 2 0 0 1 0 0 1 2 1 4 8
3 3 1 16 0 1 2 1 2 0 3 1 1 2 1 6 1 2 3 2 1 1 1 4 0 1 0 4 0 0 1 2 3 2 1 1 3 1 0 0 1 17 28 29 41 8 18 51 26 0 1 3 2 2 0 2 2 3 3 0 0 2 10 10 11 3 2 4 3 2 5 4 1 1 2 2 8 5 11 20 19 7 2 2 3 2 2 0 1 1 1 0 1 2 8 4
2 2 1 18 1 0 1 1 4 0 1 3 1 1 1 3 1 1 3 1 1 1 1 3 0 1 0 1 2 2 1 1 2 1 1 2 1 1 1 4 15 28 45 35 47 58 48 23 0 1 3 2 2 3 1 2 4 4 1 1 0 4 8 5 3 2 3 3 3 3 4 12 16 2 1 2 2 4 7 3 1 4 4 9 5 4 1 0 2 0 2 1 1 2 10 2
2 1 1 4 2 4 1 1 3 1 1 2 0 1 0 1 1 1 2 1 0 0 0 2 0 1 2 1 3 1 1 1 1 2 1 2 1 0 1 6 4 2 23 50 56 37 1 1 2 1 1 1 2 2 1 0 1 14 1 3 2 2 1 5 4 2 4 3 2 7 9 9 1 2 2 5 4 4 4 3 4 3 4 3 3 1 2 1 1 0 1 2 1 1 6 1
1 1 0 1 4 1 1 0 2 0 0 1 0 0 0 0 1 0 2 1 1 0 0 0 1 1 2 1 1 1 2 1 1 1 1 1 1 0 2 4 1 8 6 4 2 1 3 4 2 2 1 1 1 0 1 2 1 3 3 2 1 2 1 1 1 1 1 4 12 16 3 1 2 3 2 2 9 4 15 4 5 5 4 2 3 0 1 1 1 0 2 1 1 1 1 0
1 1 1 0 4 0 0 1 2 1 0 0 2 0 0 0 0 0 1 1 0 0 0 1 2 1 1 1 0 1 1 1 1 1 1 0 1 0 5 5 27 21 5 1 3 3 1 1 2 0 1 0 1 0 1 2 1 5 2 1 1 1 2 1 0 1 2 10 6 0 1 0 1 3 7 6 3 4 2 4 4 3 3 5 1 1 1 1 1 0 4 1 1 1 1 0
0 0 1 2 0 0 1 0 1 0 0 0 1 0 0 0 0 0 0 1 0 0 0 0 1 1 1 1 0 1 0 1 1 1 0 1 1 1 3 2 2 8 1 3 3 2 2 3 4 2 0 0 0 0 1 2 0 2 1 1 1 1 2 0 0 0 3 5 0 0 0 2 1 1 1 7 5 7 1 2 3 2 3 1 2 1 1 1 2 0 1 1 0 0 0 0
