sesion_6_simulaciones/modelos_agentes/ejemplos_netlogo/scenarios/cgcm2_a2/rob_2041.asc
NCOLS 322 
NROWS 307 
XLLCORNER 451900 
YLLCORNER 4086900 
CELLSIZE 100 
NODATA_value -9999 
[rows 222 to 295 of 307, columns 192 to 287 of 322]
1 1 1 0 1 1 1 0 0 0 0 0 0 0 0 0 0 0 0 0 0 1 3 2 1 1 1 1 2 3 1 2 7 8 9 7 13 31 31 38 42 38 42 61 43 53 56 38 48 61 57 51 23 21 29 29 28 52 67 65 47 38 46 27 55 76 64 54 69 75 31 14 3 1 0 0 0 0 0 0 0 0 0 0 0 0 0 0 0 0 1 1 1 1 2 1
5 4 2 1 1 0 0 0 0 0 0 0 0 0 0 0 0 0 0 0 0 1 3 5 2 3 3 2 5 6 3 4 9 11 13 9 17 13 23 28 36 33 42 61 50 37 53 39 49 44 42 29 33 25 17 20 28 42 36 35 28 39 44 26 30 58 46 35 54 65 28 9 3 1 0 0 0 0 0 0 0 0 0 0 0 0 0 0 0 0 1 1 1 2 2 2
5 3 3 2 1 1 1 0 0 0 0 0 0 0 0 0 0 0 0 0 1 2 4 9 7 5 5 7 8 13 15 8 11 13 16 10 18 9 21 25 21 31 38 58 66 35 48 47 27 24 32 32 44 17 9 26 27 48 25 44 42 44 45 38 11 13 3 2 5 36 42 9 2 0 0 0 0 0 0 0 0 0 0 0 0 0 0 0 0 0 1 1 1 2 2 6
3 2 1 1 1 0 0 0 0 0 0 0 0 0 0 0 0 0 0 0 1 1 2 7 10 13 8 10 10 17 46 29 16 17 9 12 16 14 34 20 18 21 34 40 58 53 24 34 14 15 15 11 25 27 6 20 25 23 34 53 57 48 53 41 13 16 9 10 3 3 16 4 1 1 0 1 0 0 0 0 0 0 0 0 0 0 0 0 0 0 1 1 2 1 3 4
3 2 1 0 0 0 0 0 0 0 0 0 0 0 0 0 0 1 1 1 1 1 4 5 12 32 19 16 19 14 28 46 19 30 21 25 30 30 22 24 15 20 21 24 28 37 29 48 40 13 42 38 22 16 9 17 54 48 50 53 64 50 45 25 17 16 19 23 8 4 3 1 1 1 1 1 0 0 0 0 0 0 0 0 0 0 0 0 0 0 0 0 1 2 2 4
2 2 2 1 1 0 0 0 0 0 0 0 0 0 0 0 0 0 1 2 2 4 5 6 13 35 49 25 40 22 33 46 31 20 37 41 34 29 30 27 8 14 13 23 33 39 50 59 71 33 32 34 29 12 19 23 39 34 48 55 53 37 32 23 42 30 33 24 10 6 1 1 1 2 2 1 1 1 0 0 0 0 0 0 0 0 0 0 0 0 0 1 1 1 3 4
2 1 1 1 0 0 0 0 0 0 0 0 0 0 0 0 0 1 2 3 6 13 21 14 19 32 63 28 46 28 32 49 16 18 38 40 46 44 35 32 20 22 18 16 35 41 41 58 55 56 47 37 31 19 44 56 52 50 60 71 51 30 31 44 70 55 28 15 9 4 4 3 3 2 4 2 1 1 0 0 0 1 0 0 0 0 0 0 0 0 1 1 1 1 1 4
3 1 1 0 0 0 0 0 0 0 0 0 0 0 0 0 0 0 1 2 3 9 23 44 37 36 58 56 64 37 56 28 17 18 30 48 50 49 30 31 33 35 22 21 26 43 44 45 41 40 57 52 33 31 38 36 54 36 43 19 33 56 56 77 65 41 25 13 14 13 9 6 5 7 2 1 1 1 0 0 0 0 1 0 0 0 0 1 0 0 1 1 2 2 3 5
1 1 1 0 0 0 0 0 0 0 0 0 0 0 0 0 1 0 1 2 4 8 23 25 47 50 64 70 65 36 48 23 20 43 32 46 52 40 36 44 41 46 22 24 43 45 55 47 58 34 36 36 30 11 20 14 75 47 26 40 51 50 54 42 25 19 19 16 10 12 17 17 9 2 1 1 0 0 0 0 0 0 1 0 0 0 1 3 0 0 0 1 1 1 3 4
0 0 0 0 0 0 0 0 0 0 0 0 0 0 0 1 1 1 1 3 4 9 24 38 39 49 59 59 61 59 67 34 26 39 49 39 52 45 40 39 43 30 36 23 25 30 47 56 53 43 25 28 22 22 37 33 11 76 80 55 35 18 34 29 35 26 15 9 5 18 39 18 5 2 1 0 0 0 0 0 0 0 0 0 1 1 1 1 2 0 1 1 2 2 2 4
0 0 0 0 0 0 0 0 0 0 0 0 0 0 1 1 1 1 3 3 4 17 31 46 38 44 61 55 77 81 54 45 44 56 37 55 53 50 48 45 44 40 53 20 38 33 45 43 33 17 38 27 36 35 42 57 42 33 42 48 27 45 27 27 22 23 19 6 11 20 18 7 5 3 1 0 0 0 0 0 0 0 0 2 1 0 0 1 4 1 1 1 2 2 2 2
0 0 0 0 0 0 0 0 0 0 0 0 0 0 0 0 1 2 3 11 7 9 41 40 60 49 57 66 27 80 58 54 46 62 49 41 48 58 50 48 48 40 65 23 23 62 44 42 39 31 49 29 32 48 56 25 50 49 30 15 26 15 23 24 22 20 12 33 23 7 11 4 3 2 1 0 0 0 0 0 0 0 0 1 1 1 1 1 2 2 2 1 1 4 3 3
0 0 0 0 0 0 0 0 0 0 0 0 0 0 0 0 1 1 4 10 19 29 57 44 62 65 71 66 72 65 83 50 44 56 46 24 33 54 58 64 49 25 45 53 15 30 38 60 38 42 54 40 30 39 31 29 16 18 23 40 32 33 28 41 16 16 22 11 6 8 7 4 2 0 0 0 0 0 0 0 0 0 0 1 2 2 1 1 2 2 8 3 1 2 6 5
0 0 0 0 0 0 0 0 0 0 0 0 0 0 0 0 0 2 4 8 22 20 36 10 30 52 50 26 28 53 77 45 53 81 46 49 54 61 39 16 29 15 45 53 16 41 58 39 16 35 49 46 32 38 26 15 44 46 49 35 19 27 53 60 37 27 39 33 23 13 6 3 1 0 0 0 0 0 1 0 0 0 1 1 2 2 4 1 2 1 1 4 2 2 2 5
0 0 0 0 0 0 0 0 0 0 0 0 0 0 0 0 1 1 3 6 11 9 10 31 29 37 27 35 43 52 68 67 71 72 63 59 56 52 52 28 38 36 41 56 15 28 47 43 25 23 30 43 36 29 13 33 48 21 28 35 36 58 65 63 62 52 26 14 18 10 16 5 1 0 0 0 0 1 1 0 1 1 1 1 1 2 2 5 3 3 2 7 3 1 2 2
0 0 0 0 0 0 0 0 0 0 0 0 0 0 0 0 0 1 1 2 3 19 24 19 32 44 44 34 43 55 56 56 67 70 50 56 53 54 58 26 55 47 37 57 13 19 42 36 49 49 24 23 49 37 25 34 33 27 56 40 66 48 47 67 74 38 26 8 23 6 3 2 0 0 0 0 0 1 1 1 1 1 1 1 1 1 2 6 11 15 2 2 4 2 3 7
0 0 0 0 0 0 0 0 0 0 0 0 0 0 0 0 0 0 1 2 4 7 14 14 13 28 45 33 48 38 49 56 58 74 61 69 52 66 46 48 29 42 25 44 14 12 25 26 33 48 53 29 26 10 29 14 13 41 44 36 44 33 56 56 54 62 24 6 3 3 1 0 0 0 1 1 0 0 2 2 3 1 1 1 1 1 1 1 1 4 10 9 6 4 4 8
0 0 0 0 0 0 0 0 0 0 0 0 0 0 0 0 1 0 1 2 6 9 8 15 23 37 32 27 38 39 25 31 51 47 44 61 38 61 47 44 42 43 74 49 21 24 38 56 31 22 26 26 8 35 11 18 34 63 54 73 71 52 32 35 27 15 15 13 4 2 1 0 0 1 1 2 1 1 2 4 3 4 2 2 1 1 2 2 2 3 7 6 5 20 6 11
0 0 0 0 0 0 0 0 0 0 0 0 0 0 0 0 1 1 1 1 2 1 4 7 9 19 20 19 22 28 43 43 30 27 20 70 49 73 40 53 42 37 76 57 41 27 59 47 48 41 25 52 26 50 37 50 50 22 36 42 44 36 20 26 34 20 20 5 5 2 1 0 1 1 1 2 2 1 1 2 3 6 3 4 2 1 2 3 1 0 1 1 2 8 15 7
0 0 0 0 0 0 0 0 0 0 0 0 0 0 1 1 1 2 1 3 6 8 15 23 28 27 34 51 57 45 44 60 59 45 57 53 74 65 43 50 39 30 26 63 36 17 31 39 48 37 43 53 62 70 89 81 80 70 71 46 43 41 44 49 32 17 11 6 3 1 0 0 1 1 2 2 2 2 3 5 3 7 4 7 3 2 2 4 5 1 2 3 2 1 2 4
0 0 0 0 0 0 0 0 0 0 0 0 0 1 1 1 0 1 3 7 14 12 23 36 49 63 61 50 73 57 48 48 45 31 21 24 46 52 55 45 47 20 25 55 26 20 20 38 25 41 10 8 12 15 35 51 85 85 66 61 45 39 18 39 23 13 9 5 1 0 0 0 1 1 1 2 3 5 4 7 4 2 10 9 4 2 2 6 5 2 3 6 4 10 13 20
0 0 0 0 0 0 0 0 0 0 0 0 1 1 1 2 0 0 1 2 9 20 9 31 30 46 59 47 10 26 45 36 26 26 36 45 50 32 60 27 40 27 11 43 33 37 14 14 12 31 25 18 18 16 16 14 34 63 74 74 78 38 29 17 13 9 7 6 3 1 0 1 2 2 2 3 10 7 7 8 8 3 4 18 8 2 3 4 4 3 6 3 7 12 18 26
0 0 0 0 0 0 0 0 0 0 0 0 0 1 1 1 1 0 1 2 4 7 7 18 16 19 19 14 13 14 26 27 26 37 34 23 37 54 47 11 30 35 12 27 27 10 7 33 29 27 48 32 39 40 38 41 43 56 48 37 48 73 51 32 21 18 15 5 2 1 0 2 3 5 5 3 7 12 9 6 6 6 2 9 14 7 8 3 8 4 8 10 6 14 14 11
0 0 0 0 0 0 0 0 0 0 0 0 0 1 1 1 2 0 0 0 1 1 5 6 10 20 24 31 37 27 37 24 26 43 37 31 30 22 12 15 28 40 66 41 20 23 9 21 25 24 43 57 31 47 61 36 30 26 28 19 18 32 45 40 26 14 11 5 1 0 1 3 3 5 6 8 5 16 11 20 8 13 9 8 30 13 17 5 9 9 11 18 12 13 12 19
0 0 0 0 0 0 0 1 0 0 0 0 0 1 2 1 1 1 0 1 1 1 4 5 10 19 26 26 30 50 45 52 46 65 25 21 25 32 31 29 57 55 23 26 53 28 17 22 19 58 62 24 45 40 31 33 48 41 49 29 23 16 14 16 16 10 5 4 1 1 1 3 4 7 6 6 6 10 17 24 15 10 16 9 34 9 11 14 8 21 12 13 14 9 11 11
0 0 0 0 0 0 0 1 1 1 0 0 1 1 3 9 1 1 0 2 3 4 3 4 8 10 19 16 22 36 40 35 31 33 37 38 33 44 43 30 18 15 11 8 15 31 37 23 55 68 22 12 18 43 42 39 32 41 28 23 23 17 13 8 7 5 4 2 1 1 3 4 4 5 6 6 9 12 20 17 16 16 16 30 38 10 15 17 10 22 16 7 18 7 5 11
0 0 0 1 1 0 1 1 2 2 0 0 0 1 2 3 1 1 1 2 4 5 5 4 4 4 11 17 22 32 25 24 33 33 32 33 33 28 26 26 20 14 11 9 15 8 12 44 19 41 18 17 18 16 28 76 51 52 40 31 20 17 11 8 5 4 3 1 1 1 3 4 3 6 5 11 14 10 14 31 24 30 31 31 40 24 28 11 30 22 7 12 15 7 9 13
1 1 1 2 1 0 1 1 2 3 1 0 1 1 2 6 3 1 1 4 7 12 6 10 10 3 7 11 15 14 21 18 26 30 32 20 19 11 15 19 36 36 38 31 29 43 34 13 7 15 25 45 45 37 41 24 37 39 47 42 29 15 11 9 5 4 3 1 1 3 4 5 8 8 14 12 12 19 13 10 20 20 23 34 17 71 32 11 22 19 5 14 10 22 13 17
1 1 1 3 1 1 1 2 2 3 1 1 1 2 3 5 5 0 3 6 8 19 11 13 14 19 12 10 7 10 13 23 42 35 15 32 16 33 21 22 28 35 24 19 16 28 14 14 28 43 47 38 44 39 48 17 14 14 13 23 17 17 14 11 9 8 5 2 1 4 4 4 9 11 15 6 11 9 19 9 14 13 26 17 35 61 19 15 32 12 7 15 13 20 24 23
1 1 2 2 2 2 1 1 3 7 1 1 2 3 4 7 1 1 4 7 13 20 27 15 32 22 25 25 16 16 11 45 54 38 43 29 24 35 24 20 34 16 25 13 20 22 19 20 21 42 42 30 43 45 41 17 30 35 34 36 30 24 22 22 15 12 7 2 1 5 5 5 15 8 13 23 23 16 9 18 12 19 23 33 28 50 37 31 29 14 12 22 11 12 6 27
0 1 2 3 2 2 1 2 3 5 1 3 4 10 12 4 1 1 5 8 9 25 25 34 22 24 44 34 28 29 32 42 59 55 45 49 49 30 53 32 18 28 11 8 9 17 16 19 22 25 32 35 40 33 44 44 44 49 47 48 47 44 28 18 8 5 5 1 2 7 9 8 16 19 13 16 25 16 18 6 25 8 12 28 34 51 57 65 29 16 24 20 24 25 17 37
1 1 3 4 7 4 2 2 6 6 1 2 6 14 8 1 1 2 5 7 16 21 26 32 35 30 42 38 51 53 53 43 24 32 44 43 43 23 38 37 38 28 16 14 31 19 15 34 15 11 14 24 45 59 43 44 61 57 53 33 48 25 10 14 12 7 3 2 1 5 14 9 15 19 24 20 25 16 22 19 13 31 15 7 9 30 50 64 31 37 30 24 23 40 17 17
1 2 2 4 10 6 3 4 5 7 1 2 6 14 5 1 1 2 7 8 11 14 20 29 48 29 37 37 31 53 59 47 47 38 39 25 32 34 42 32 32 21 17 26 43 31 23 28 9 7 12 39 52 33 61 64 34 38 26 26 19 15 23 21 8 6 5 1 2 3 19 11 13 14 18 29 21 23 11 21 11 37 23 18 9 8 25 40 52 66 37 32 24 32 13 17
1 3 3 3 4 11 3 5 11 3 2 2 4 18 6 2 1 4 8 10 17 27 32 45 47 43 26 32 51 48 30 59 77 64 34 33 25 29 41 31 18 29 30 21 26 15 19 13 34 24 33 39 43 55 62 46 57 35 38 37 27 22 18 12 10 9 4 2 2 6 6 24 13 14 18 19 37 35 22 40 16 14 25 23 18 16 16 30 51 55 38 38 31 33 20 28
2 3 7 7 3 9 3 8 23 3 3 8 11 14 3 3 0 2 9 14 29 21 26 49 53 50 44 18 14 18 28 28 32 15 18 30 46 30 31 47 37 27 20 18 11 8 12 17 40 41 43 46 52 57 70 65 59 47 37 41 30 31 29 14 13 10 4 3 3 12 13 15 30 14 17 20 42 35 26 19 31 16 14 32 32 18 22 24 40 49 59 37 31 22 34 19
3 4 10 13 6 15 4 7 30 10 5 13 15 8 3 1 1 2 5 15 31 36 28 33 45 57 40 21 25 22 27 28 35 29 22 13 26 36 47 45 28 26 12 19 22 12 19 10 3 8 41 36 30 47 45 33 33 55 51 42 42 21 18 15 11 11 8 2 5 13 17 14 16 7 23 25 27 44 54 41 43 24 18 16 34 23 18 30 45 78 70 36 25 21 36 17
3 4 5 17 7 15 8 7 10 16 7 19 13 2 1 1 2 3 8 18 22 28 40 22 35 47 62 29 22 24 37 34 34 34 29 37 27 33 21 11 14 25 17 17 24 17 14 5 18 28 32 50 74 61 42 65 60 74 50 34 39 36 31 25 22 10 8 5 7 16 15 26 34 15 15 38 32 47 38 36 52 20 30 30 52 24 15 21 17 33 57 33 33 17 48 35
3 3 3 10 28 12 18 7 26 11 23 9 3 1 3 3 6 4 22 32 17 27 33 37 17 34 52 65 36 38 24 37 30 19 16 17 24 17 13 13 16 8 6 4 13 8 11 8 24 23 21 44 38 54 62 59 39 58 35 25 27 30 27 23 11 9 6 12 14 18 21 29 7 22 34 41 38 28 45 28 62 26 31 23 29 48 34 37 45 36 44 28 51 20 30 51
8 6 4 5 10 25 26 13 40 17 15 3 2 4 5 8 8 6 7 8 17 22 32 55 50 32 35 18 42 57 23 37 21 18 27 30 33 21 20 17 12 12 24 16 7 4 4 6 18 30 35 39 50 38 48 43 38 32 21 8 20 24 21 17 10 7 8 15 15 19 21 35 11 11 6 10 34 53 67 25 54 44 33 34 22 18 56 31 44 44 37 52 20 22 38 52
7 11 8 6 6 15 40 16 15 5 3 1 3 6 13 20 19 7 9 11 21 25 26 10 16 15 20 36 13 22 43 62 40 42 15 33 12 19 21 5 7 9 8 6 7 25 9 9 18 28 36 24 25 36 36 38 27 43 31 32 42 27 25 13 18 19 10 17 19 20 20 36 11 23 13 19 20 15 38 36 29 54 36 40 23 46 48 16 41 57 56 47 19 25 24 29
8 15 10 13 21 28 29 15 14 3 4 3 6 15 16 20 25 15 18 20 24 28 22 18 16 23 21 14 18 32 18 26 31 57 31 52 14 12 13 15 13 9 11 14 7 6 12 10 19 34 48 24 25 33 46 23 45 62 67 57 46 29 29 25 20 19 20 30 20 23 23 31 17 27 26 21 34 32 37 54 22 56 36 56 22 21 43 11 21 29 55 36 15 28 30 54
10 17 14 20 26 38 27 5 3 2 7 7 13 16 19 27 17 36 32 20 27 28 25 32 35 28 29 18 22 45 19 13 8 11 13 34 42 32 27 47 32 28 16 14 14 9 4 12 37 29 38 15 18 33 35 41 55 72 39 42 48 30 30 23 22 20 27 37 23 24 26 29 27 30 39 23 35 35 34 34 53 77 47 55 40 14 47 28 12 17 35 44 27 33 26 10
13 27 29 25 54 33 6 4 6 8 16 14 11 24 21 34 13 25 54 16 33 25 15 22 33 38 17 27 31 34 56 22 17 9 10 7 9 7 14 38 45 22 27 19 19 13 9 11 26 22 21 18 26 31 52 52 49 45 46 31 48 37 25 9 27 15 16 50 28 27 41 31 44 30 43 35 34 42 35 28 28 17 61 63 51 20 25 24 12 11 21 47 27 38 44 32
15 21 50 41 49 8 8 8 9 17 21 20 29 40 14 25 15 24 31 50 20 39 15 13 19 36 36 36 33 24 14 31 15 18 13 10 10 10 10 13 20 11 8 15 6 3 5 17 17 17 19 16 16 28 47 61 29 54 69 57 26 21 14 8 41 27 28 42 35 28 46 32 61 43 41 47 32 34 48 32 26 18 46 44 50 24 13 51 16 17 27 44 49 46 30 34
11 26 54 64 33 5 9 18 20 21 35 45 23 30 17 18 37 17 31 28 22 28 23 20 23 31 27 46 33 37 41 28 38 22 20 15 11 10 9 14 16 7 7 8 9 7 11 28 15 18 17 13 22 40 58 51 76 52 40 54 31 17 6 16 22 49 31 35 40 29 36 33 54 47 32 47 46 32 35 50 40 14 25 55 62 28 8 31 25 18 31 21 64 48 25 65
13 34 58 35 6 7 23 22 15 42 31 58 17 35 21 17 23 58 18 31 46 30 42 18 18 36 42 34 32 50 31 30 52 15 20 17 13 16 5 14 11 6 15 19 16 12 28 19 23 27 30 35 34 31 39 51 56 44 47 37 33 16 9 26 22 34 31 33 44 31 32 37 36 54 31 33 57 32 34 37 51 19 28 32 50 27 13 24 34 25 18 16 18 41 35 27
16 46 41 21 9 16 27 28 19 34 18 53 23 36 45 18 43 59 14 41 58 21 52 19 18 37 45 47 21 16 50 14 15 33 46 27 7 14 6 13 6 4 6 7 10 11 13 21 30 39 28 22 17 24 25 32 41 46 33 51 34 21 19 28 37 41 22 28 39 43 29 27 18 42 31 31 41 40 34 29 14 14 40 24 49 27 18 10 23 42 10 22 44 41 39 9
19 42 40 28 14 18 36 51 19 25 23 46 21 33 58 26 41 58 25 24 35 37 39 23 19 22 23 35 37 37 16 22 11 10 3 36 30 9 7 8 6 8 12 11 13 13 11 18 26 40 31 37 26 34 26 31 18 32 35 19 19 32 28 29 29 36 41 32 37 43 19 32 20 30 36 31 40 19 15 35 18 18 17 22 52 58 20 11 22 35 7 13 38 47 48 26
41 41 50 20 17 27 32 40 20 32 28 32 39 23 54 24 21 50 28 20 21 19 66 40 18 17 19 19 25 28 47 30 9 20 4 7 32 10 5 7 4 18 20 19 9 16 4 11 25 44 46 27 24 14 16 32 43 61 37 17 10 29 30 30 31 32 53 23 37 46 18 28 30 32 48 6 28 36 18 16 31 15 15 16 25 43 15 11 15 37 11 11 13 42 67 53
74 39 17 18 28 31 31 36 22 56 37 20 45 23 59 22 20 35 30 17 21 35 51 28 15 21 17 35 35 34 27 30 21 27 4 9 10 25 4 5 12 18 9 15 13 15 10 5 15 35 42 48 35 21 31 36 45 58 49 21 11 40 31 21 30 30 42 28 21 46 30 16 19 46 42 18 16 17 40 11 24 42 20 19 60 40 9 26 3 44 26 10 7 6 17 24
18 10 21 17 27 32 48 42 38 47 32 22 71 20 24 52 26 53 36 15 17 28 28 57 24 28 14 30 36 34 24 15 22 43 9 11 7 39 6 6 7 8 7 8 7 15 12 16 17 45 41 30 47 28 23 20 19 42 43 11 18 27 33 19 32 30 27 43 20 47 37 23 26 21 38 17 17 24 22 22 10 6 40 18 27 46 17 40 9 25 56 14 29 18 11 9
40 21 44 34 30 33 56 33 60 44 17 27 51 30 30 55 18 23 58 12 31 26 18 47 15 29 25 21 23 26 36 33 7 21 11 12 8 7 24 7 3 10 9 18 14 7 5 19 33 33 53 44 14 23 24 4 20 26 20 9 22 50 40 18 15 42 19 36 17 25 67 16 33 33 21 24 22 20 35 24 27 13 15 29 10 41 54 43 15 22 75 14 17 12 25 10
67 39 22 39 39 43 38 34 59 33 29 31 24 27 27 36 21 18 52 22 30 22 11 22 33 27 25 15 18 17 22 23 29 8 12 30 9 7 14 21 6 17 11 15 15 13 14 6 30 14 8 7 8 20 20 44 30 16 22 20 14 37 25 19 19 31 44 15 39 13 43 15 27 40 10 15 36 11 18 27 33 19 13 5 9 8 36 60 21 16 44 22 19 13 24 17
84 46 31 32 33 41 18 36 46 16 35 30 28 30 22 42 22 21 38 14 15 36 13 6 4 11 12 7 27 42 21 23 34 5 9 2 18 7 10 51 6 8 8 13 15 10 20 11 59 23 18 11 13 12 38 46 24 7 9 32 14 12 32 18 32 19 53 13 52 11 24 29 19 26 12 34 19 17 11 14 22 28 22 11 10 11 7 13 40 54 40 31 21 12 30 17
65 28 19 39 23 25 23 25 47 15 27 21 24 48 21 47 22 44 22 12 11 28 20 10 9 12 14 13 18 21 40 36 11 8 4 4 4 18 5 46 3 4 4 11 10 7 21 10 7 18 23 24 5 29 42 37 23 14 6 37 22 17 8 34 31 30 44 14 45 20 13 19 33 45 18 12 20 8 17 4 6 21 10 15 9 7 10 5 7 16 51 27 12 16 34 21
75 30 58 30 31 23 23 24 21 16 29 28 14 55 52 15 33 29 32 25 23 12 21 16 21 26 15 23 11 11 15 14 13 9 3 7 4 5 11 24 9 2 6 4 7 7 9 27 6 8 13 14 22 54 46 31 23 20 6 13 30 15 23 19 25 48 28 34 9 33 49 9 41 61 21 4 16 7 9 5 18 14 20 20 5 3 5 8 9 7 17 34 25 8 33 8
68 48 22 23 23 27 36 23 27 14 20 18 27 36 37 12 13 15 16 4 19 13 18 25 32 27 20 28 25 6 8 12 36 21 5 4 19 5 3 11 18 3 8 4 8 17 14 11 6 8 8 14 34 40 38 21 6 18 17 9 28 13 19 22 9 20 16 19 12 17 47 13 30 34 2 6 8 17 13 9 2 21 3 7 13 1 2 3 10 11 18 5 38 11 21 7
15 47 16 26 25 22 28 18 56 17 19 20 20 7 34 18 19 8 27 12 10 19 20 21 24 12 23 34 27 3 8 11 16 20 19 11 7 15 3 3 22 2 5 4 3 23 28 13 9 8 14 30 37 32 38 14 10 20 14 17 33 16 8 8 19 14 12 31 11 16 42 24 48 18 3 10 4 1 6 16 3 9 7 9 19 4 8 4 6 6 6 14 22 23 31 4
27 59 17 20 12 24 29 29 16 28 20 17 22 9 20 13 18 11 54 17 7 12 15 48 13 11 18 29 26 5 9 9 21 12 23 12 6 6 13 3 23 3 4 3 4 12 6 15 4 22 17 32 36 39 18 6 13 20 15 20 38 22 33 13 12 21 10 32 9 13 11 18 37 3 3 2 4 3 9 7 6 2 1 10 12 12 11 8 4 4 3 3 5 31 16 4
27 64 40 5 13 16 40 27 15 35 22 12 8 12 10 18 6 27 10 5 8 16 23 13 30 13 11 12 13 10 6 17 17 15 12 14 10 13 14 5 26 3 5 4 4 5 12 35 18 8 27 46 46 34 4 12 20 26 16 23 13 35 14 36 21 9 8 16 6 14 19 32 17 15 9 10 1 9 15 5 12 3 1 6 7 20 17 5 5 3 4 3 2 9 16 15
11 30 44 6 21 10 25 38 11 31 18 9 2 14 7 26 9 21 15 19 6 8 20 24 19 10 7 11 13 20 2 7 11 23 15 6 9 19 7 14 24 8 4 11 6 5 4 25 36 29 43 47 37 9 14 24 27 24 18 27 30 24 8 20 31 3 7 6 13 5 14 21 12 23 9 8 5 15 11 2 21 24 5 8 3 3 8 8 4 7 1 4 5 21 5 14
14 28 40 11 13 5 11 11 16 16 17 6 2 11 12 52 13 9 12 3 11 18 18 25 13 5 5 5 14 10 7 11 21 11 5 2 8 17 17 5 14 9 7 14 9 7 11 54 41 62 65 52 6 9 13 13 19 22 19 22 36 9 25 16 16 35 54 7 5 2 3 30 6 21 17 13 10 20 15 11 15 41 8 10 4 2 8 10 23 21 8 4 28 7 8 25
12 16 46 20 21 8 7 13 5 23 19 13 6 7 5 17 13 7 12 7 11 14 9 9 10 5 24 4 9 17 8 8 20 21 7 5 15 6 7 11 2 7 2 9 26 46 71 46 44 45 22 4 9 12 20 15 18 18 15 9 12 6 18 12 3 26 8 1 1 6 8 9 25 7 24 14 15 16 31 14 20 27 7 19 6 6 5 6 6 12 14 21 6 20 26 40
15 7 4 46 8 6 2 3 3 14 32 8 8 4 7 21 4 6 18 5 7 10 8 7 3 8 3 3 1 15 6 8 9 10 7 10 9 7 2 6 3 5 2 45 40 43 75 79 45 12 4 9 9 14 15 13 17 19 15 3 1 2 18 24 32 35 4 3 2 14 24 12 14 4 28 9 25 11 19 7 10 24 11 19 10 12 3 2 4 3 3 5 15 7 25 25
15 16 6 52 2 7 11 3 13 1 18 6 6 11 10 31 7 11 17 10 3 8 8 23 3 7 2 17 2 2 6 9 16 11 4 8 23 11 3 4 11 54 61 63 74 35 56 78 54 2 6 11 11 10 2 10 12 12 12 1 1 12 40 39 35 11 6 16 16 8 25 25 5 7 11 13 31 22 36 43 46 27 9 14 20 13 14 0 4 6 7 4 7 16 27 22
12 10 4 51 7 3 4 4 23 2 5 17 6 6 6 23 5 9 20 8 4 6 6 21 3 4 3 7 10 10 5 8 10 9 9 16 10 7 8 21 44 70 80 65 78 77 68 54 2 5 14 10 11 13 3 8 20 20 7 3 3 16 35 25 13 9 14 13 14 13 20 36 45 10 7 12 13 17 21 10 5 15 19 38 29 21 4 3 11 2 14 11 7 17 40 13
10 8 4 17 16 24 6 5 21 5 4 16 1 4 3 4 8 7 13 7 2 1 1 13 3 6 13 8 18 5 5 8 6 16 6 13 8 3 11 29 26 11 54 71 75 61 3 4 9 6 7 5 11 11 6 3 4 50 8 14 7 11 9 27 21 9 22 18 13 36 30 27 4 9 9 21 21 16 13 10 14 14 21 16 20 5 12 6 5 2 6 13 5 13 34 12
8 7 4 6 26 9 6 3 11 3 3 10 4 1 1 2 5 1 13 4 5 1 3 3 6 9 13 7 9 4 12 10 11 5 8 10 8 2 12 22 10 35 21 13 8 3 13 17 11 11 6 6 5 1 4 11 5 16 18 10 8 10 4 12 6 7 9 25 34 42 12 4 8 13 14 16 35 16 33 14 20 22 22 18 24 3 7 5 11 1 14 11 7 8 11 4
7 7 6 2 25 2 3 4 17 6 2 4 13 3 2 3 2 2 8 8 2 2 3 8 13 6 6 9 3 6 6 7 8 11 7 5 10 5 22 24 66 57 18 4 12 13 3 6 7 2 3 0 5 1 6 11 5 32 11 4 7 7 14 10 2 9 14 40 30 1 5 1 4 14 34 34 18 19 8 16 18 16 19 28 7 10 10 10 5 2 17 9 7 10 7 1
3 3 8 16 4 2 5 3 7 3 2 1 10 3 2 2 2 3 3 12 3 2 1 3 10 10 9 7 2 6 2 7 5 12 3 7 13 7 18 14 15 25 5 12 13 6 6 9 17 9 3 1 1 1 8 15 3 14 9 7 6 7 13 3 3 4 20 25 2 1 2 8 4 4 9 30 28 31 6 11 15 17 19 12 14 11 11 11 14 3 7 9 4 3 3 4
15 3 6 23 27 2 4 3 9 2 3 1 5 2 4 0 4 2 4 2 2 1 1 5 6 14 9 2 3 3 1 3 8 2 8 4 6 5 17 9 18 25 6 11 3 13 2 1 5 11 7 1 1 3 1 4 12 5 11 1 2 15 9 2 5 16 21 26 3 0 1 8 5 6 8 16 24 11 6 8 13 19 17 28 8 12 20 6 6 2 7 7 6 3 2 3
7 2 0 2 5 2 2 2 5 2 1 0 1 4 2 0 2 2 4 1 1 1 1 7 6 6 8 1 4 4 2 1 1 5 8 6 8 38 17 60 55 26 4 2 2 10 7 4 3 8 4 5 1 2 4 2 19 13 1 0 0 10 8 6 17 22 22 21 1 4 4 12 27 2 7 16 12 9 5 6 16 9 11 4 7 25 9 8 3 4 2 3 2 1 4 1
3 4 1 4 1 7 3 1 0 1 2 1 0 1 1 1 3 1 13 0 1 2 2 7 3 2 2 1 2 2 3 2 3 2 4 9 20 28 56 36 16 44 9 2 3 6 1 1 1 4 6 5 2 1 4 6 3 21 3 2 3 18 7 2 8 16 10 18 4 6 8 10 13 2 4 8 5 18 7 6 1 1 1 4 3 6 3 3 3 2 1 1 0 1 1 1
3 6 7 3 0 1 1 4 1 1 1 1 2 1 2 2 1 2 2 0 1 1 4 2 4 2 2 1 3 1 2 1 2 3 5 26 42 61 76 35 8 2 9 9 3 1 6 18 3 10 13 2 5 8 6 10 2 7 2 7 2 19 3 8 11 8 10 20 4 4 7 10 7 2 1 1 8 8 28 8 2 2 4 6 2 3 2 3 1 1 0 2 0 0 2 2
