sesion_6_simulaciones/modelos_agentes/ejemplos_netlogo/scenarios/cgcm2_a2/rob_2076.asc
NCOLS 322 
NROWS 307 
XLLCORNER 451900 
YLLCORNER 4086900 
CELLSIZE 100 
NODATA_value -9999 
[rows 148 to 221 of 307, columns 192 to 287 of 322]
4 13 10 25 39 44 54 58 72 42 63 39 10 4 2 0 0 0 0 0 0 0 0 0 0 0 0 0 0 0 0 0 0 0 0 0 0 0 0 0 0 0 1 1 1 3 3 7 4 11 7 5 4 6 6 4 2 3 12 15 54 55 38 66 63 65 69 46 43 81 54 70 54 24 29 78 42 56 61 46 30 25 8 2 2 0 0 0 0 0 0 0 0 0 0 0
0 3 9 28 19 30 36 57 59 63 40 14 11 5 1 0 0 0 0 0 0 0 0 0 0 0 0 0 0 0 0 0 0 0 0 0 0 0 0 0 0 0 0 1 1 2 1 3 5 4 4 3 2 3 2 0 1 5 9 26 19 33 69 71 41 62 79 77 58 69 80 77 75 36 38 70 43 57 38 22 27 11 7 3 1 1 0 0 0 0 0 0 0 0 0 0
1 0 3 9 13 18 35 40 42 56 21 14 7 1 1 0 0 0 0 0 0 0 0 0 0 0 0 0 0 0 0 0 0 0 0 0 0 0 0 0 0 1 4 2 4 3 1 1 3 2 2 1 1 1 0 0 2 4 8 14 12 22 55 51 41 60 42 47 76 85 80 69 60 46 39 64 54 22 11 10 3 3 2 1 1 1 0 0 0 0 0 0 0 0 0 0
1 0 0 1 1 8 11 9 27 44 17 16 13 2 0 0 0 0 0 0 0 0 0 0 0 0 0 0 0 0 0 0 0 0 0 0 0 0 0 0 0 2 1 1 1 1 1 0 0 1 1 1 0 0 0 1 3 5 7 6 13 33 28 42 56 46 28 49 50 37 57 72 59 47 75 56 45 21 20 13 3 1 2 1 1 1 0 0 0 0 0 0 0 0 0 0
3 0 0 0 1 1 2 4 29 25 47 20 13 3 0 0 0 0 0 0 0 0 0 0 0 0 0 0 0 0 0 0 0 0 0 0 0 0 0 1 1 1 1 1 0 0 0 0 0 0 0 0 0 0 0 1 2 2 4 9 17 16 13 12 35 19 30 38 30 36 35 59 60 60 56 59 40 35 29 10 9 7 10 3 2 1 1 1 0 0 0 0 0 0 0 0
2 0 0 0 1 0 0 4 10 5 33 26 14 3 0 0 0 0 0 0 0 0 0 0 0 0 0 0 0 0 0 0 0 0 0 1 0 0 0 1 1 0 0 1 1 0 0 0 0 0 0 0 0 0 0 0 1 2 2 6 20 10 11 7 9 19 22 17 39 41 47 39 45 56 41 34 41 50 50 44 32 13 7 9 3 2 1 0 0 0 0 0 0 0 0 0
1 0 0 0 0 0 0 3 1 2 12 13 5 2 0 0 0 0 0 0 0 0 0 0 0 0 0 0 0 0 0 0 0 0 0 0 1 1 1 1 0 0 0 0 0 0 0 0 0 0 0 0 0 0 0 0 1 1 2 3 3 4 5 5 5 13 25 17 10 20 32 30 39 55 47 44 19 16 24 22 27 11 7 3 2 1 1 1 0 0 0 0 0 0 0 0
1 0 0 0 0 0 0 1 1 2 5 6 2 0 0 0 0 0 0 0 0 0 0 0 0 0 0 0 0 0 0 0 0 0 0 0 1 0 1 1 0 0 0 0 0 0 0 0 0 0 0 0 0 0 0 1 1 1 3 2 1 1 2 4 5 4 7 8 21 27 30 44 45 60 30 35 41 16 11 5 3 3 1 1 1 1 1 1 0 0 0 0 0 0 0 0
0 0 0 0 0 0 0 0 0 1 1 1 0 0 0 0 0 0 0 0 0 0 0 0 0 0 0 0 0 0 0 0 0 0 0 0 1 0 0 0 0 0 0 0 0 0 0 0 0 0 0 0 0 0 0 0 1 1 1 0 0 1 6 16 16 10 17 40 50 46 55 41 69 66 58 70 54 31 23 18 16 5 2 1 0 1 1 0 0 0 0 0 0 0 0 0
0 0 0 0 0 0 0 0 0 0 0 0 0 0 0 0 0 0 0 0 0 0 0 0 0 0 0 0 0 0 0 0 0 0 0 0 0 0 0 0 0 0 0 0 0 0 0 0 0 0 0 0 0 0 0 0 0 0 0 0 0 2 7 18 17 26 16 38 48 58 36 26 35 37 71 43 24 24 44 45 21 10 6 2 2 3 1 0 0 0 0 0 0 0 0 0
0 0 0 0 0 0 0 0 0 0 0 0 0 0 0 0 0 0 0 0 0 0 0 0 0 0 0 0 0 0 0 0 0 0 0 0 0 0 0 0 0 0 0 0 0 0 0 0 0 0 0 0 0 0 0 0 0 0 0 1 1 5 7 8 14 25 30 32 32 38 74 45 42 47 61 44 67 57 42 42 27 15 7 2 1 1 1 1 1 0 0 0 0 0 0 0
0 0 0 0 0 0 0 0 0 0 0 0 0 0 0 0 0 0 0 0 0 0 0 0 0 0 0 0 0 0 0 0 0 0 0 0 0 0 0 0 0 0 0 0 0 0 0 0 0 0 0 0 0 0 0 0 0 0 1 2 4 7 6 13 23 33 20 45 41 52 44 27 57 60 76 70 43 22 14 11 5 5 2 1 1 1 1 1 0 0 0 0 0 0 0 0
0 0 0 0 0 0 0 0 0 0 0 0 0 0 0 0 0 0 0 0 0 0 0 0 0 0 0 0 0 0 0 0 0 0 0 0 0 0 0 0 0 0 0 0 0 0 0 0 0 0 0 0 0 1 1 1 0 0 1 5 10 8 12 27 26 20 24 21 19 32 41 30 28 29 62 58 57 52 15 10 8 2 1 2 1 1 1 0 1 1 1 0 0 0 0 0
0 0 0 0 0 0 0 0 0 0 0 0 0 0 0 0 0 0 0 0 0 0 0 0 0 0 0 0 0 0 0 0 0 0 0 0 0 0 0 0 0 0 0 0 0 0 0 0 0 1 1 1 1 1 1 1 1 1 2 5 14 16 16 11 25 24 30 67 62 38 58 54 38 44 66 71 44 39 29 16 13 4 4 1 2 2 1 0 1 1 2 0 0 0 0 0
0 0 0 0 0 0 0 0 0 0 0 0 0 0 0 0 0 0 0 0 0 0 0 0 0 0 0 0 0 0 0 0 0 0 0 0 0 0 0 0 0 0 0 0 0 0 1 0 0 0 1 2 1 1 1 1 2 1 4 8 10 15 21 18 13 21 28 40 45 43 56 62 36 51 74 73 44 37 30 17 9 5 4 2 3 4 2 1 3 3 1 0 0 0 0 0
0 0 0 0 0 0 0 0 0 0 0 0 0 0 0 0 0 0 0 0 0 0 0 0 0 0 0 0 0 0 0 0 0 0 0 0 0 0 0 1 1 0 0 0 0 1 1 1 0 0 0 0 2 2 2 1 4 3 2 9 15 20 27 34 28 9 8 17 22 47 42 39 34 35 60 71 45 60 43 17 7 4 6 6 8 4 4 5 3 3 1 0 0 0 0 0
0 0 0 0 0 0 0 0 0 0 0 0 0 0 0 0 0 0 0 0 0 0 0 0 0 0 0 0 0 0 0 0 0 0 0 0 0 0 0 1 1 0 0 0 0 2 1 1 1 1 0 0 1 2 3 4 7 8 6 9 12 15 16 24 33 43 28 20 19 28 34 36 27 33 47 70 44 45 33 11 13 5 15 9 15 13 12 12 4 1 0 0 0 0 0 0
0 0 0 0 0 0 0 0 0 0 0 0 0 0 0 0 0 0 0 0 0 0 0 0 0 0 0 0 0 0 0 0 0 0 0 0 0 0 1 1 1 1 0 0 1 1 2 1 2 1 0 0 0 0 1 2 9 34 11 12 17 15 18 20 28 45 48 36 26 42 36 31 47 63 62 68 58 48 40 20 16 17 24 13 24 9 3 1 1 0 0 0 0 0 0 0
0 0 0 0 0 0 0 0 0 0 0 0 0 0 0 0 0 0 0 0 0 0 0 0 0 0 0 0 0 0 0 0 0 0 0 0 0 0 0 1 0 0 2 0 0 2 2 2 1 2 1 1 1 1 2 4 7 9 13 26 41 29 20 23 28 51 63 47 37 40 37 37 56 49 66 65 44 44 42 35 22 25 24 39 28 12 3 1 1 1 1 0 0 0 0 0
0 0 0 0 0 0 0 0 0 0 0 0 0 0 0 0 0 0 0 0 0 0 0 0 0 0 0 0 0 0 0 0 0 0 0 0 0 0 0 0 0 1 1 3 1 1 1 4 3 5 5 3 1 1 2 4 7 10 7 11 15 17 26 59 33 32 33 45 33 47 29 23 19 32 54 73 54 52 41 37 43 62 31 39 46 21 4 2 2 2 0 0 0 0 0 0
0 0 0 0 0 0 0 0 0 0 0 0 0 0 0 0 0 0 0 0 0 0 0 0 0 0 0 0 0 0 0 0 0 0 0 0 0 0 0 0 0 1 2 1 0 1 3 0 2 8 17 10 5 4 2 8 3 3 3 10 22 13 28 17 50 35 17 16 23 15 50 63 51 52 42 63 29 32 37 55 73 46 60 33 14 9 4 1 1 1 0 0 0 0 0 0
0 0 0 0 0 0 0 0 0 0 0 0 0 0 0 0 0 0 0 0 0 0 0 0 0 0 0 0 0 0 0 0 0 0 0 0 0 0 0 0 0 0 0 1 1 1 3 4 2 2 5 12 13 6 6 3 5 8 7 11 12 24 33 43 44 69 37 25 33 29 43 52 47 65 42 75 24 58 72 71 70 72 56 40 28 10 6 1 1 1 0 0 0 0 0 0
0 0 0 0 0 0 0 0 0 0 0 0 0 0 0 0 0 0 0 0 0 0 0 0 0 0 0 0 0 0 0 0 0 0 0 0 0 0 0 0 1 1 1 1 3 3 2 5 14 4 7 8 22 11 11 4 5 8 22 12 13 16 28 26 34 43 62 47 25 32 45 69 39 43 69 66 71 67 62 77 78 70 39 12 9 6 3 1 1 0 0 0 0 0 0 0
0 0 0 0 0 0 0 0 0 0 0 0 0 0 0 0 0 0 0 0 0 0 0 0 0 0 0 0 0 0 0 1 0 0 0 0 0 0 0 0 1 2 3 3 2 9 9 3 9 12 10 15 21 16 14 8 10 15 14 15 17 16 17 18 22 29 39 63 40 31 34 60 29 32 42 57 65 79 77 77 47 35 25 15 10 3 1 0 1 0 0 0 0 0 0 0
0 0 0 0 0 0 0 0 0 0 0 0 0 0 0 0 0 0 0 0 0 0 0 0 0 0 0 0 0 0 0 1 1 0 0 0 0 1 1 0 1 3 2 3 10 10 7 13 9 32 37 17 11 59 23 20 20 17 16 25 20 22 18 23 21 44 53 48 59 68 45 20 45 33 59 65 47 69 74 78 54 31 26 12 8 6 7 4 1 1 0 0 0 0 0 0
0 0 0 0 0 0 0 0 0 0 0 0 0 0 0 0 0 0 0 0 0 0 0 0 0 0 0 0 0 0 0 0 1 0 0 0 0 1 1 1 1 2 4 4 13 11 32 17 26 32 41 36 30 49 30 23 21 23 21 32 22 15 20 30 32 40 39 54 45 20 57 46 41 48 44 40 35 43 38 64 74 48 39 34 28 17 8 5 3 1 0 0 0 0 1 0
0 0 0 0 0 0 0 0 0 0 0 0 0 0 0 0 0 0 0 0 0 0 0 0 0 0 0 0 0 0 0 0 1 1 1 0 0 0 2 2 1 3 4 4 13 17 34 34 39 31 58 58 61 62 54 48 47 33 20 48 37 25 14 24 35 52 49 59 64 70 48 52 42 63 42 53 40 44 42 24 21 48 39 33 18 11 5 5 3 0 0 0 0 0 1 0
0 0 0 0 0 0 0 0 0 0 0 0 0 0 0 0 0 0 0 0 0 0 0 0 0 0 0 0 0 0 0 0 0 1 1 0 0 0 0 2 4 4 4 11 23 20 24 16 34 55 59 64 70 65 70 57 55 55 41 55 33 28 18 19 32 21 42 47 55 60 52 38 25 45 50 46 40 44 45 48 40 32 37 24 17 14 20 4 1 1 0 0 0 1 1 1
0 0 0 0 0 0 0 0 0 0 0 0 0 0 0 0 0 0 0 0 0 0 0 0 0 0 0 0 0 0 0 1 1 1 2 1 0 0 1 0 1 4 11 6 31 50 27 33 43 47 63 68 74 66 57 73 59 59 62 62 42 49 21 34 39 55 34 43 40 45 36 46 63 36 61 37 48 55 61 62 47 45 32 14 14 12 8 4 2 1 0 0 0 1 2 2
0 0 0 1 0 0 0 0 0 0 0 0 0 0 0 0 0 0 0 0 0 0 0 0 0 0 0 0 0 0 0 1 2 3 3 2 1 1 1 1 2 1 2 8 23 26 45 51 44 49 64 69 73 69 78 81 63 61 64 64 62 52 29 47 45 43 27 27 29 32 33 42 58 51 36 43 62 69 55 58 62 45 31 17 9 8 6 3 1 1 0 0 0 1 2 6
0 1 1 0 0 0 0 0 0 0 0 0 0 0 0 0 0 0 0 0 0 0 0 0 0 0 0 0 0 0 0 1 1 2 1 2 2 3 3 8 21 3 2 4 7 10 16 70 69 69 42 67 69 77 81 50 55 71 67 65 69 64 49 49 66 55 35 24 30 25 28 28 29 62 66 50 53 71 66 53 51 51 44 20 7 6 3 1 1 0 0 0 0 2 2 7
0 1 1 1 0 0 0 0 0 0 0 0 0 0 0 0 0 0 0 0 0 0 0 0 0 0 0 0 0 0 0 0 1 3 2 1 1 1 1 2 8 21 11 6 11 28 23 53 52 69 73 59 69 70 66 69 61 36 73 75 67 61 45 42 58 50 37 24 29 34 30 36 39 59 67 47 60 65 61 51 53 60 39 23 14 5 3 1 0 0 0 0 1 1 3 6
1 2 1 1 0 0 0 0 0 0 0 0 0 0 0 0 0 0 0 0 0 0 0 0 0 0 0 0 0 0 0 0 0 3 2 0 1 0 0 1 3 6 20 38 47 32 38 21 23 26 29 44 69 64 55 67 50 57 49 72 63 57 43 43 67 32 23 21 21 33 36 47 61 67 47 43 45 57 46 38 42 39 32 23 8 5 3 2 1 0 0 0 0 1 2 4
1 4 2 1 0 0 0 0 0 0 0 0 0 0 0 0 0 0 0 0 0 0 0 0 0 0 0 0 0 0 0 0 0 0 0 0 0 0 0 2 2 4 5 26 30 25 12 9 29 24 30 42 68 54 55 71 75 73 76 63 58 63 58 55 37 19 34 33 15 24 27 34 55 31 27 27 31 38 26 32 40 36 18 14 8 5 4 3 2 1 0 0 0 1 2 2
2 2 1 0 0 0 0 0 0 0 0 0 0 0 0 0 0 0 0 0 0 0 0 0 0 0 0 0 0 0 0 0 0 0 0 0 0 1 1 1 1 4 5 4 10 13 9 27 40 28 26 60 31 55 74 44 76 59 47 40 81 71 64 39 13 19 32 39 26 39 34 22 51 21 35 29 34 35 48 43 40 30 27 25 16 8 6 4 3 1 0 0 0 1 1 2
9 1 1 1 0 0 0 0 0 0 0 0 0 0 0 0 0 0 0 0 0 0 0 0 0 0 0 0 0 0 0 0 0 0 0 1 0 0 1 2 3 2 2 5 6 4 19 30 36 30 36 37 45 54 41 49 49 43 32 31 19 46 58 36 44 18 55 56 50 35 41 48 56 58 54 55 55 54 59 51 47 51 40 42 23 6 5 3 2 1 0 0 0 0 1 2
6 3 1 1 1 0 0 0 0 0 0 0 0 0 0 0 0 0 0 0 0 0 0 0 0 0 0 0 0 0 0 0 0 0 0 1 0 1 1 2 1 1 3 3 5 4 11 19 21 39 36 30 46 41 39 51 49 61 61 43 32 40 55 40 59 29 45 59 48 21 31 70 34 60 68 63 65 57 61 67 64 53 27 22 17 8 5 3 1 1 0 0 0 0 1 2
6 5 5 2 1 1 0 0 0 0 0 0 0 0 0 0 0 0 0 0 0 0 0 0 0 0 0 0 0 0 0 0 0 0 0 1 0 0 1 1 1 1 2 3 2 3 9 23 47 52 47 53 47 66 40 60 56 31 43 49 42 38 63 89 90 66 50 44 37 20 21 14 12 28 24 28 29 39 55 56 44 36 29 27 24 12 5 3 1 1 0 0 0 0 1 1
17 14 6 2 2 1 0 0 0 0 0 0 0 0 0 0 0 0 0 0 0 0 0 0 0 0 0 0 0 0 0 0 0 0 0 0 0 0 0 0 1 0 2 1 3 9 8 6 32 27 34 35 27 39 60 61 27 29 38 52 52 46 41 49 29 69 41 54 13 10 30 41 41 38 39 44 41 26 17 29 43 24 27 45 24 11 5 2 2 1 0 0 0 0 0 1
15 13 5 2 1 1 0 0 0 0 0 0 0 0 0 0 0 0 0 0 0 0 0 0 0 0 0 0 0 0 0 0 0 0 0 0 0 0 1 0 1 1 1 2 6 8 6 5 17 13 17 6 8 8 10 11 20 43 37 37 53 55 38 36 23 32 29 9 26 19 10 27 60 58 28 30 52 58 69 65 55 39 13 22 27 12 8 6 2 1 0 0 0 1 1 1
18 13 3 2 1 1 1 1 0 0 0 0 0 0 0 0 0 0 0 0 0 0 0 0 0 0 0 0 0 0 0 0 0 0 0 0 0 0 0 1 1 1 2 3 5 10 6 4 4 5 3 5 8 11 12 15 23 20 42 29 36 26 28 17 13 10 25 15 18 21 21 16 17 38 20 23 52 71 65 63 47 27 23 29 20 7 4 4 3 2 1 0 0 1 1 3
18 8 5 3 2 3 2 1 0 0 0 0 0 0 0 0 0 0 0 0 0 0 0 0 0 0 0 0 0 0 0 0 0 0 0 0 0 0 1 0 0 1 2 3 5 4 3 3 5 5 9 17 22 25 30 39 26 38 18 17 24 45 39 29 38 34 29 15 23 17 35 41 17 32 33 45 60 55 46 36 30 26 17 15 9 4 1 2 2 2 1 0 0 1 2 6
15 9 8 5 8 5 1 0 0 0 0 0 0 0 0 0 0 0 0 0 0 0 0 0 0 0 0 0 0 0 0 0 0 0 0 0 0 0 0 0 0 1 2 2 2 4 6 7 9 7 6 25 43 42 43 52 51 39 49 24 33 41 61 51 35 43 31 23 15 25 52 57 23 33 28 40 71 64 57 54 38 33 17 11 18 5 5 7 4 1 0 0 0 1 3 8
10 8 11 14 6 4 2 0 1 1 1 1 0 0 0 0 0 0 0 0 0 0 0 0 0 0 0 0 0 0 0 0 0 0 0 0 0 0 0 0 1 1 1 1 2 5 11 17 24 15 28 39 36 43 48 51 51 51 55 54 44 48 40 48 48 43 31 23 12 10 18 22 16 21 40 55 48 44 41 27 39 33 18 6 1 2 6 4 2 1 0 0 1 2 2 5
7 14 22 22 10 3 2 3 3 2 1 1 0 0 0 0 0 0 0 0 0 0 0 0 0 0 0 0 0 0 0 0 0 0 0 0 0 0 1 1 1 2 1 1 2 5 6 13 30 42 62 55 35 38 56 69 48 55 67 63 48 34 37 46 28 16 17 12 7 19 33 22 15 24 34 32 38 28 31 30 33 10 5 7 11 7 4 3 2 0 0 0 1 2 2 3
12 22 19 25 16 7 6 8 6 4 2 1 1 0 0 0 0 0 0 0 0 0 0 0 0 0 0 0 0 0 0 0 0 1 0 0 0 1 2 2 2 4 4 2 2 5 3 5 13 13 38 58 69 59 47 66 48 57 71 65 63 26 23 19 14 13 15 18 5 23 27 34 27 23 14 15 19 10 16 21 19 20 27 14 26 8 4 4 1 0 0 1 1 3 3 4
24 26 27 30 21 15 15 12 10 5 2 1 0 0 0 0 0 0 0 0 0 0 0 0 0 0 0 0 1 1 0 0 0 1 0 0 0 0 2 4 8 12 9 6 7 5 7 11 13 16 21 32 43 71 66 56 71 65 45 55 62 59 40 20 10 4 8 16 8 23 37 35 29 16 21 34 32 47 53 46 45 56 43 22 13 7 4 2 0 0 0 1 3 5 6 9
50 34 24 14 29 23 14 11 6 4 2 1 1 1 0 0 0 0 0 0 0 0 0 0 0 0 0 1 1 1 1 1 1 1 1 1 1 1 1 6 15 14 25 15 10 11 15 20 29 28 36 48 54 47 50 52 62 64 63 58 35 42 31 48 34 9 6 9 22 40 42 48 51 46 21 36 54 74 69 65 63 39 15 5 11 5 1 0 0 0 0 0 2 6 9 13
58 43 23 11 17 17 9 6 2 1 1 1 1 1 0 0 0 0 0 0 0 0 0 0 0 0 0 1 1 0 1 2 2 1 2 1 2 4 1 4 8 15 21 31 20 15 27 26 31 43 36 53 56 48 47 52 35 36 57 48 48 43 18 24 15 11 3 28 31 29 35 31 31 41 39 64 49 47 68 63 53 26 28 18 8 4 2 0 0 0 0 1 1 4 11 30
46 38 16 6 9 8 4 3 2 2 2 2 2 1 0 0 0 0 0 0 0 0 0 0 0 0 0 0 1 1 0 2 2 1 2 3 3 9 12 7 11 20 26 33 35 19 32 44 51 48 39 69 61 52 48 47 48 13 16 20 10 17 25 22 6 13 24 45 14 12 17 18 27 46 65 67 64 37 56 39 37 31 22 14 8 4 2 0 0 1 1 1 2 4 6 16
38 22 9 6 4 3 5 6 4 3 5 2 1 0 0 0 0 0 0 0 0 0 0 0 0 0 0 0 1 1 1 1 0 4 7 6 7 10 7 15 27 24 40 40 43 20 28 44 45 56 57 63 55 56 52 32 26 30 34 34 27 30 22 15 11 2 13 5 6 8 26 54 57 59 49 59 64 63 58 44 47 29 26 16 9 4 1 0 1 2 3 3 2 4 6 11
48 31 28 21 20 12 14 13 13 8 3 2 1 0 0 0 0 0 0 0 0 0 0 0 0 0 1 1 1 2 2 1 1 4 10 10 14 14 9 12 12 12 9 9 21 33 50 48 49 44 49 56 53 55 46 56 40 15 56 54 30 26 19 12 11 4 9 13 25 24 40 46 55 69 59 45 63 52 58 40 40 46 29 13 7 1 0 0 1 2 4 4 5 7 11 15
55 44 57 48 24 4 2 7 10 7 4 3 2 1 1 0 0 0 0 0 0 0 0 0 0 0 1 2 2 2 3 4 2 3 11 15 20 15 20 10 13 16 16 11 12 13 39 59 58 57 37 37 50 50 50 46 42 59 40 28 32 40 39 34 8 3 13 19 25 31 41 26 39 43 43 48 55 66 65 64 59 41 28 10 4 1 1 0 3 3 5 3 6 16 22 31
66 63 36 15 6 3 17 17 8 2 4 6 5 3 1 1 0 0 0 0 0 0 0 0 1 1 1 1 2 5 6 8 4 6 6 18 28 29 30 14 34 18 29 22 14 17 18 28 63 72 48 31 47 59 45 48 44 36 51 47 29 29 40 28 5 7 6 5 32 55 62 56 55 56 41 58 62 60 46 53 41 30 37 17 4 2 1 0 3 3 4 6 6 10 21 35
57 35 26 11 10 17 22 13 6 4 5 5 3 2 1 1 1 0 0 0 0 0 0 0 0 1 1 1 5 8 8 12 6 3 4 11 11 20 26 31 47 48 31 40 40 17 20 55 59 63 49 32 38 36 56 40 31 38 23 25 23 41 31 21 10 7 13 20 23 18 45 64 59 74 64 50 76 61 47 43 51 32 9 26 5 1 0 1 2 3 7 8 10 9 13 16
25 35 45 17 17 32 19 16 18 12 5 3 1 1 1 1 1 1 0 0 0 0 0 0 0 0 1 3 7 6 19 16 8 7 7 9 10 15 10 37 47 54 50 32 54 29 28 59 55 30 65 31 40 31 34 66 48 37 63 46 18 20 20 18 7 10 12 13 26 53 55 64 71 52 76 59 48 44 63 36 41 29 10 4 5 1 0 1 2 3 8 7 18 33 30 20
33 38 44 47 44 39 32 24 10 6 3 1 1 1 2 1 1 0 0 0 0 0 0 0 0 1 1 2 4 4 8 8 15 21 17 12 11 15 16 24 27 48 49 63 49 44 37 59 44 34 59 55 19 32 34 16 14 14 36 30 34 9 11 10 7 17 19 38 32 60 67 59 49 62 48 69 54 59 56 48 43 11 3 1 1 0 0 2 3 4 8 6 22 36 31 32
62 58 62 46 44 31 15 15 7 5 2 2 6 3 1 1 0 1 0 0 0 0 0 0 1 1 2 2 4 6 17 19 24 32 29 25 13 15 29 19 33 27 35 71 67 58 47 59 27 27 40 29 22 23 26 38 17 14 15 14 12 26 22 14 11 7 23 38 24 19 12 22 34 29 48 47 60 62 48 44 31 12 3 1 0 0 1 2 3 5 6 7 14 23 29 34
63 55 47 51 40 12 7 9 8 7 6 9 7 2 1 1 1 0 0 0 0 0 0 0 1 2 3 5 6 5 16 29 34 35 38 47 16 10 23 35 35 35 44 54 69 56 42 55 59 54 32 45 73 26 32 35 23 14 14 19 6 5 9 9 28 5 11 20 47 45 32 30 30 9 9 19 32 36 46 34 16 10 4 1 0 1 2 2 2 3 5 9 17 10 19 18
57 42 34 35 25 20 15 7 11 14 10 4 1 1 1 1 1 0 0 0 0 0 0 0 2 3 6 9 11 16 19 30 53 43 31 56 30 23 25 26 41 39 52 55 64 48 33 45 64 69 41 42 63 48 24 31 30 27 14 18 20 14 7 6 18 4 16 42 42 48 52 55 39 37 33 25 13 21 26 35 19 4 1 0 0 0 1 4 4 5 7 8 11 15 30 39
33 34 45 28 28 23 18 28 8 3 2 1 4 5 2 1 1 0 0 0 0 0 0 1 2 2 5 12 24 23 46 49 55 58 58 36 50 37 29 36 54 50 54 57 35 58 69 47 34 16 39 33 18 53 40 25 31 22 13 7 9 18 7 5 6 16 22 25 42 48 57 53 36 56 59 58 47 33 19 14 10 3 1 0 0 1 1 1 3 5 7 8 11 13 18 23
54 37 52 37 32 58 38 13 9 5 6 7 7 2 1 0 0 0 0 0 0 0 1 1 2 3 8 16 19 29 43 62 75 70 64 66 53 68 54 39 58 67 51 31 42 60 66 58 34 35 31 42 41 25 28 25 23 17 16 10 4 11 10 2 2 5 11 21 34 47 73 79 66 61 72 72 77 53 30 9 5 1 0 0 0 0 1 2 3 5 7 9 15 19 21 28
50 48 32 28 29 15 21 25 22 21 16 4 2 2 1 0 0 0 0 0 0 0 1 1 3 5 6 11 17 20 24 52 63 82 77 56 59 72 68 38 45 70 50 44 30 52 63 57 71 47 33 30 43 58 36 12 26 29 23 7 5 3 3 2 7 6 43 57 78 45 41 71 80 57 28 41 57 54 26 7 3 1 0 0 1 1 1 2 3 6 9 12 15 21 21 24
32 43 39 26 15 7 4 18 12 7 9 3 1 1 1 0 0 0 0 0 0 0 1 4 6 9 16 12 12 9 18 34 47 66 82 43 36 75 70 39 36 60 63 40 38 46 45 56 60 53 13 13 32 36 18 14 22 18 14 23 5 4 3 4 6 16 8 9 27 81 52 38 55 65 31 20 24 48 23 6 2 1 0 0 0 1 1 2 3 5 10 9 15 17 29 35
38 36 28 24 28 27 12 16 11 7 4 2 2 1 0 0 0 0 0 0 0 0 1 2 8 12 12 17 23 28 21 25 33 37 54 72 44 42 74 66 36 34 58 42 34 39 40 52 64 58 34 12 48 31 24 16 10 4 3 6 4 2 1 7 8 9 13 37 39 56 67 46 40 21 14 7 2 17 18 4 1 0 0 0 0 1 2 2 3 6 7 6 13 17 13 21
21 19 14 22 16 17 9 17 9 7 4 2 1 1 1 0 0 0 0 0 0 0 1 1 5 7 8 11 14 11 40 27 31 24 41 52 78 38 24 62 51 36 61 43 24 34 35 48 36 42 48 18 15 17 13 26 7 6 4 3 2 3 4 9 7 14 26 29 30 67 67 44 35 46 30 17 4 3 8 5 1 0 0 1 1 1 2 3 3 7 6 16 23 26 26 25
28 28 37 50 23 20 9 14 8 5 3 1 1 0 0 0 0 0 0 0 0 0 1 1 3 5 5 20 20 17 44 64 76 67 66 75 64 54 40 28 28 49 47 34 22 22 38 45 43 25 47 17 15 16 14 18 11 4 4 9 3 3 4 12 53 30 47 46 43 47 26 42 51 54 41 21 9 2 1 2 1 0 0 1 1 3 2 2 4 4 8 9 17 23 35 44
39 42 35 30 25 24 15 10 6 3 2 1 1 1 1 0 0 0 0 0 0 0 0 1 3 4 4 5 11 35 38 51 60 65 30 27 41 63 59 57 19 17 53 37 19 28 24 15 42 21 11 22 5 12 6 5 10 3 4 4 3 2 10 15 42 35 24 28 28 27 51 56 66 54 45 27 3 3 2 0 0 0 0 1 1 1 1 1 3 4 6 5 9 11 19 28
11 16 21 21 17 19 19 14 11 4 3 3 2 2 1 0 0 0 0 0 0 0 0 1 2 2 2 9 14 16 33 19 17 23 39 55 58 34 47 65 65 43 35 26 34 16 18 13 7 7 12 5 11 6 12 3 3 4 2 2 1 2 3 8 7 8 18 37 39 55 65 60 42 38 15 27 12 6 1 0 0 0 1 1 0 1 1 2 4 10 5 14 15 8 22 35
9 6 11 12 9 9 16 16 8 9 7 5 3 1 1 0 0 0 0 1 0 1 1 1 1 1 2 4 6 8 19 26 20 43 50 53 40 39 34 59 35 25 18 21 28 26 29 9 8 21 7 10 4 7 13 4 2 1 3 1 2 3 17 14 21 21 35 45 52 57 65 48 48 37 14 6 7 3 1 0 0 1 0 0 1 1 4 3 7 3 4 10 9 12 13 16
17 15 15 13 6 3 4 13 11 9 4 3 2 1 1 0 0 0 0 2 1 2 2 2 1 1 1 2 1 5 10 24 26 55 59 54 49 33 33 21 28 18 15 10 12 17 30 10 8 7 3 4 7 11 8 4 4 4 1 2 13 7 21 42 25 27 41 45 52 70 67 70 56 36 20 10 3 1 0 0 0 0 1 1 1 2 2 5 4 6 12 12 16 21 22 25
31 33 18 14 13 12 12 14 7 5 4 3 1 0 0 0 0 1 1 3 3 2 5 6 3 2 3 5 7 7 8 14 31 42 68 61 36 46 35 22 30 27 25 20 13 7 4 14 10 4 6 5 5 5 1 9 4 1 1 4 10 22 23 60 57 65 69 37 21 20 62 76 90 70 22 12 5 2 1 0 0 0 1 2 1 2 4 4 6 8 11 22 16 25 34 28
42 25 25 45 36 25 17 14 9 4 3 2 1 0 0 0 0 1 2 5 11 4 5 8 11 6 5 11 11 14 16 9 30 40 55 36 53 35 31 23 31 31 16 24 11 6 4 3 4 2 6 4 2 2 3 1 1 2 1 9 25 36 37 75 81 71 76 90 75 51 50 64 78 62 56 22 12 2 0 0 0 0 1 1 3 3 4 6 8 8 13 16 27 23 27 48
17 8 4 30 21 14 14 5 3 2 2 2 1 0 0 0 0 1 4 4 14 19 15 15 12 9 11 14 15 15 15 19 20 37 36 30 23 30 31 23 38 28 29 34 15 11 7 4 6 2 8 3 1 1 3 4 0 1 5 6 14 15 11 50 81 68 74 86 92 79 39 26 20 31 36 4 1 0 0 0 1 0 1 1 2 2 1 3 4 8 18 12 16 17 32 38
