sesion_6_simulaciones/modelos_agentes/ejemplos_netlogo/scenarios/cgcm2_a2/rob_2086.asc
NCOLS 322 
NROWS 307 
XLLCORNER 451900 
YLLCORNER 4086900 
CELLSIZE 100 
NODATA_value -9999 
[rows 0 to 72 of 307, columns 192 to 287 of 322]
10 12 6 3 11 28 11 5 5 8 11 4 3 2 6 4 3 3 6 7 8 9 7 8 17 28 16 33 39 64 30 11 12 3 2 4 8 8 5 18 24 10 11 37 36 35 21 28 32 34 18 16 17 19 12 15 10 40 8 7 1 1 1 3 4 2 3 3 2 4 2 1 1 3 4 2 2 4 12 2 1 2 3 5 5 4 8 6 4 4 1 2 4 16 2 0
9 5 7 6 12 23 4 8 17 10 8 6 11 11 6 6 11 2 6 10 15 10 6 7 9 38 14 19 13 27 65 39 8 5 3 2 4 7 15 11 23 7 4 13 18 19 28 21 30 58 70 38 15 13 11 14 20 29 27 2 2 1 4 2 3 2 3 2 5 2 1 3 1 3 9 3 13 6 3 5 3 5 8 6 5 2 6 7 7 6 2 4 3 5 2 1
3 9 5 4 19 12 8 4 3 8 9 11 19 24 12 24 15 15 24 29 31 17 14 10 6 9 8 3 4 10 14 42 34 9 11 5 4 3 9 3 2 4 20 36 29 39 32 28 44 41 46 27 30 13 20 41 10 14 12 4 4 3 4 2 1 4 1 2 2 3 1 2 2 3 20 3 27 11 4 8 3 3 6 9 5 1 4 4 8 4 3 10 3 9 2 0
5 5 17 34 15 6 7 7 8 22 9 19 34 24 21 38 27 15 25 44 38 38 34 22 19 13 2 4 5 2 6 13 5 10 8 8 9 3 3 3 10 19 10 10 19 45 34 29 10 14 10 8 8 24 17 23 17 6 8 10 11 3 2 3 1 6 4 4 17 3 5 4 1 1 10 4 7 7 7 8 5 5 7 12 6 2 3 9 13 4 7 6 5 13 1 0
4 4 9 2 20 24 16 18 24 17 24 12 19 23 26 41 27 35 42 51 51 35 31 34 23 34 20 33 27 7 4 1 6 4 5 9 3 1 3 5 8 9 15 20 15 19 15 21 34 40 39 24 15 11 46 42 9 10 3 3 9 5 2 3 2 8 3 3 2 1 1 1 2 1 5 5 4 12 24 29 17 4 4 12 13 8 1 6 7 16 9 5 8 16 3 0
5 4 11 7 4 6 26 7 23 20 21 25 9 25 37 40 56 45 16 27 34 25 19 32 32 35 21 36 31 13 14 8 3 3 2 1 1 2 1 2 6 12 17 30 45 54 51 51 36 17 18 16 37 35 71 33 12 12 2 15 19 11 6 4 3 8 2 3 5 4 7 5 5 4 3 5 11 10 12 7 10 22 15 11 14 9 2 5 8 9 3 6 7 7 3 1
4 2 3 10 6 4 32 7 5 14 18 60 29 13 36 53 41 51 21 8 18 34 39 54 30 31 38 29 33 31 26 20 21 19 12 3 6 8 4 1 5 11 22 29 55 32 29 38 46 33 43 74 27 44 60 22 12 19 8 15 16 10 7 8 8 4 7 9 8 2 5 6 6 11 10 5 2 6 14 15 9 24 12 6 4 15 5 4 5 5 4 8 13 15 3 2
3 2 2 5 14 12 21 35 7 4 9 15 54 12 5 18 12 25 27 15 11 27 13 34 28 25 31 24 37 35 33 35 33 35 33 16 22 12 5 3 6 23 33 41 45 43 47 67 79 70 66 27 57 49 54 27 10 3 6 7 6 3 2 1 1 4 4 4 13 4 4 4 6 10 10 7 2 10 19 8 26 45 26 7 3 21 11 5 6 13 10 15 25 10 4 3
6 5 6 4 9 7 18 44 45 16 8 9 20 41 20 13 10 35 42 26 21 40 12 24 53 37 32 37 39 49 48 48 49 47 34 32 17 9 3 6 14 21 34 38 64 56 38 56 66 71 46 38 72 49 46 15 5 22 32 14 14 7 15 6 4 17 5 5 2 2 4 4 6 8 6 4 2 5 7 16 26 36 19 13 5 8 8 4 4 17 14 21 9 19 5 10
4 6 8 5 5 3 14 14 51 29 26 16 15 28 33 15 16 14 48 43 43 52 19 23 46 43 36 32 26 43 11 31 53 54 43 21 12 10 5 6 6 14 27 37 57 30 26 67 43 34 27 84 60 53 28 13 18 29 22 27 14 53 34 6 13 4 5 7 8 3 3 7 8 5 4 2 2 5 21 7 4 21 22 21 12 5 11 3 5 7 8 26 15 16 10 31
5 6 8 10 5 3 2 3 6 21 14 11 9 38 24 18 28 7 18 47 33 58 64 24 33 29 61 38 15 37 49 17 7 7 15 35 20 12 7 7 12 16 36 59 24 52 56 60 21 27 71 76 46 51 17 12 15 19 12 24 47 58 10 6 4 5 5 5 11 8 14 9 10 9 6 5 2 2 6 11 10 36 62 22 29 10 6 10 3 10 26 8 16 9 11 59
14 9 5 8 9 8 6 4 3 4 6 7 14 16 16 15 13 29 22 26 53 60 54 37 8 23 55 45 23 22 51 53 13 6 6 9 28 13 1 6 31 38 41 22 11 13 45 15 26 62 84 74 48 29 11 28 20 13 16 65 42 27 4 5 5 5 11 6 5 9 9 9 13 19 17 13 5 3 10 9 14 63 27 48 25 21 10 5 4 19 15 8 25 6 29 61
21 13 11 24 19 21 19 11 22 15 15 13 7 7 9 11 14 50 44 23 20 42 39 37 10 25 37 33 28 13 13 32 12 4 1 3 13 20 3 7 27 32 29 46 43 38 66 17 40 78 72 43 10 29 45 45 40 44 68 62 4 6 5 3 3 2 3 3 8 4 2 6 16 23 26 15 7 1 10 16 49 39 11 26 37 23 16 3 4 18 13 11 29 8 31 36
47 37 26 36 32 27 21 21 21 24 28 36 17 17 12 14 12 9 10 11 21 19 12 21 18 28 31 33 14 8 11 22 21 14 2 1 7 15 11 14 14 27 24 15 15 56 33 24 57 45 30 10 22 37 35 35 50 55 35 4 14 17 11 6 6 2 2 2 5 4 9 20 16 11 15 17 9 2 6 14 42 12 9 30 61 26 21 10 4 7 8 13 16 9 28 21
9 43 40 52 39 35 17 25 14 15 30 28 25 29 34 36 34 21 8 10 9 8 6 18 22 22 18 12 5 2 11 15 15 11 3 2 10 19 22 13 13 16 23 14 9 21 18 24 28 23 7 14 23 28 33 37 35 6 18 19 21 11 20 48 39 27 18 5 6 10 20 9 20 21 11 9 6 2 8 17 22 10 6 51 64 61 32 36 18 4 8 13 10 13 36 29
23 43 58 26 44 66 35 15 31 23 18 31 31 43 49 42 42 21 18 20 16 10 6 6 19 13 5 4 2 3 3 13 20 23 14 6 8 13 15 19 14 15 15 10 4 8 29 35 20 12 25 18 17 27 25 27 8 30 23 19 23 43 51 30 30 35 7 4 12 2 15 38 15 14 17 24 25 15 6 19 21 10 3 9 34 63 16 11 16 20 4 19 8 13 39 38
60 19 68 38 41 58 73 75 32 12 23 23 46 41 44 39 49 44 36 38 37 36 20 10 7 8 19 18 12 8 2 2 4 9 14 12 12 12 13 22 13 13 10 10 7 5 7 7 20 39 25 44 36 23 14 29 32 29 26 19 43 39 54 34 31 15 5 15 7 14 9 3 25 7 21 32 40 25 19 6 34 18 12 3 10 39 53 15 5 9 4 5 12 19 14 19
31 9 56 28 56 59 69 31 74 69 47 49 48 20 23 26 42 49 40 39 38 40 38 20 17 19 33 25 20 15 3 2 2 2 5 9 11 11 12 13 13 13 8 5 2 11 22 38 41 33 36 53 46 43 21 27 24 45 39 33 61 50 41 23 11 11 13 17 11 8 4 4 19 18 29 35 35 41 30 11 7 17 16 13 4 18 29 21 17 3 8 1 12 17 8 8
34 28 41 40 30 58 64 33 44 75 44 66 81 57 37 31 47 62 67 56 56 42 26 20 31 21 36 32 45 18 19 18 19 11 8 5 8 6 11 11 6 4 2 4 18 28 44 42 35 39 48 51 43 29 42 42 40 36 31 36 56 25 9 4 10 9 7 36 15 5 7 4 22 26 5 15 46 30 45 38 8 6 33 19 12 4 18 24 21 10 2 2 16 7 2 2
40 14 25 41 28 44 75 39 25 63 70 79 82 70 74 62 24 41 45 62 44 40 38 34 37 35 35 44 43 43 32 26 26 24 19 12 7 6 4 4 2 1 10 18 43 39 41 51 30 47 53 37 49 43 43 38 9 6 19 35 63 29 6 15 21 14 30 27 12 13 9 3 5 28 18 4 14 23 37 40 37 12 11 24 17 6 3 13 25 18 2 1 8 1 9 14
73 33 35 37 12 38 68 40 58 44 68 54 75 42 57 63 28 19 43 66 45 58 41 25 55 47 36 30 37 35 29 18 23 21 29 19 15 7 4 1 2 6 21 40 43 48 26 24 48 65 41 42 53 57 67 52 25 15 21 41 51 9 9 22 21 12 14 4 13 20 12 3 3 12 28 13 5 8 64 29 31 14 5 15 16 4 7 18 11 12 1 1 2 3 18 31
57 17 46 46 19 14 41 71 22 48 80 75 80 60 53 31 33 10 24 73 69 50 38 37 26 30 13 13 21 20 27 26 17 17 29 25 16 13 8 2 5 16 26 34 25 39 35 49 45 40 29 37 38 68 68 66 57 41 29 31 18 7 14 19 24 21 14 8 11 20 7 4 3 9 29 17 7 8 20 40 33 25 10 7 21 6 12 14 9 3 3 11 4 9 27 38
74 25 68 73 42 29 31 52 25 27 82 70 58 35 19 41 36 31 11 27 36 58 74 74 48 20 37 25 12 19 18 15 10 13 20 33 24 9 4 2 4 21 37 39 18 22 11 25 13 16 12 28 43 27 47 69 38 22 15 59 18 6 14 15 11 18 34 13 17 5 4 5 9 24 44 18 9 15 24 59 31 16 9 4 9 14 12 15 6 3 10 35 16 16 15 29
69 60 52 75 25 39 43 57 53 28 30 25 32 61 29 21 48 46 25 36 42 43 70 59 53 25 34 39 27 10 11 10 11 10 12 17 24 10 5 1 6 9 8 18 13 8 16 16 25 21 14 28 19 25 24 15 9 19 49 37 6 12 17 10 16 35 14 12 20 9 4 6 11 26 30 14 17 12 30 48 35 42 19 5 4 7 11 14 3 5 12 9 27 31 15 17
44 36 53 52 39 19 52 66 43 19 38 25 27 49 55 33 40 47 41 21 22 29 40 33 31 22 30 44 39 18 11 8 8 8 9 12 8 16 6 1 3 9 20 22 27 35 39 34 27 28 37 16 10 5 7 11 20 24 61 27 6 24 12 8 24 50 15 23 24 11 7 8 17 38 24 14 28 16 25 42 35 36 35 21 6 3 11 6 3 18 20 17 16 18 42 13
24 32 21 51 28 14 60 67 44 22 18 29 28 21 49 48 28 22 32 31 17 17 29 32 29 24 15 36 58 17 14 9 4 2 3 3 10 7 12 3 5 9 10 15 28 28 38 17 16 30 26 36 26 35 22 22 26 48 51 5 10 16 8 5 23 33 23 19 19 13 6 6 22 47 16 28 30 15 12 24 25 34 25 11 13 3 3 7 16 31 31 28 32 18 10 31
18 22 14 16 12 36 54 48 29 17 9 19 18 11 10 31 37 33 30 32 17 15 17 23 10 14 15 15 19 29 24 7 4 2 2 3 6 4 10 5 3 4 5 12 18 21 14 18 28 24 38 33 26 33 39 54 66 76 28 5 12 12 6 13 48 30 10 20 26 13 9 6 18 46 17 16 20 25 6 14 25 35 15 11 4 3 6 20 37 36 33 25 28 37 44 15
13 11 6 3 5 6 9 13 11 7 5 5 5 3 5 8 12 10 19 27 15 13 12 10 5 6 19 15 14 17 24 17 16 8 3 3 5 3 9 3 3 2 5 7 10 13 26 21 17 43 27 29 31 34 47 74 62 46 7 15 18 9 20 36 73 19 31 15 14 16 15 11 27 49 26 16 20 30 8 13 24 32 21 26 12 2 8 17 18 12 11 8 7 10 17 21
5 7 8 8 4 1 2 2 3 1 2 1 1 2 2 2 2 2 4 7 10 8 7 4 5 7 19 15 13 10 11 10 6 6 9 5 3 3 5 3 3 8 24 24 27 28 41 57 20 39 24 22 25 23 67 59 31 7 17 23 17 13 29 59 24 11 30 15 16 20 14 8 19 42 62 31 26 21 9 11 25 37 32 20 10 1 7 8 6 15 14 18 17 13 11 22
10 18 15 25 15 6 5 4 5 14 14 15 16 18 28 16 16 15 4 1 3 2 2 3 2 10 10 7 9 6 5 3 9 6 5 5 2 1 2 3 11 26 26 27 32 43 44 29 49 31 24 19 27 31 67 26 12 18 26 23 16 14 29 63 21 11 13 24 16 7 6 10 37 47 23 46 35 24 9 6 34 29 38 19 8 2 8 17 28 34 17 24 29 23 16 5
17 27 26 32 25 8 9 28 17 29 29 35 32 34 34 34 32 28 25 14 9 6 6 3 1 1 2 4 8 4 4 3 5 6 4 3 0 1 3 8 26 27 30 44 48 54 51 40 43 58 54 49 33 46 30 14 5 29 23 25 11 15 43 52 22 9 15 23 20 16 4 11 49 19 18 57 48 31 14 6 20 17 33 18 4 5 16 17 18 27 20 17 8 9 9 18
31 31 30 35 22 17 18 35 32 32 31 35 49 38 45 46 38 33 29 29 20 30 27 12 10 8 4 1 2 1 1 1 1 5 3 1 1 3 8 28 29 29 32 35 48 53 56 68 50 51 34 75 56 30 37 29 11 28 29 39 30 22 51 15 7 24 32 15 27 13 4 12 19 22 15 59 34 32 16 10 24 21 19 16 4 10 33 36 36 22 15 6 12 11 11 20
49 46 34 48 35 21 21 27 27 33 52 49 50 53 51 35 36 33 32 32 31 36 34 26 22 21 11 8 5 6 9 14 5 2 2 1 1 3 9 25 27 31 29 38 51 51 61 63 48 51 33 23 44 42 51 10 27 30 22 33 21 25 34 38 38 19 14 11 40 28 11 8 24 18 30 64 32 29 25 11 13 21 18 7 12 22 32 52 50 41 36 17 18 25 27 58
46 47 53 37 35 35 24 36 46 52 56 48 51 39 48 41 37 38 33 48 44 46 33 30 26 40 23 19 12 12 34 13 8 2 1 0 0 3 7 16 15 19 28 31 41 59 34 16 64 57 45 30 47 54 10 9 22 24 21 33 41 43 49 22 15 14 23 18 16 24 19 11 30 24 32 44 41 46 27 12 11 18 10 8 20 24 21 20 13 11 11 21 26 28 64 71
42 44 53 53 52 25 24 37 47 56 53 47 49 46 46 46 36 59 51 51 31 24 26 30 32 30 25 22 22 29 12 10 4 4 4 3 2 2 6 16 17 28 42 32 21 28 22 38 37 45 44 17 33 8 14 8 13 16 16 30 50 54 28 48 28 13 14 15 16 28 34 12 17 22 37 39 44 27 23 13 7 11 11 14 30 14 14 19 31 31 26 22 15 56 41 51
53 69 56 26 47 25 39 38 62 49 44 45 43 61 65 47 52 50 37 54 36 34 21 45 46 26 27 29 50 17 8 8 7 6 9 5 5 6 9 14 27 34 44 18 26 28 26 40 36 34 25 18 22 7 14 7 17 30 33 43 33 21 36 51 18 9 8 10 24 23 22 13 11 22 25 50 49 36 26 13 6 7 17 32 43 41 31 23 28 18 15 43 50 63 42 23
58 72 36 37 57 32 28 56 52 61 31 47 62 52 68 53 33 24 54 45 43 38 15 52 22 20 32 45 17 9 13 20 18 16 13 13 12 10 3 6 18 29 15 16 16 34 63 59 47 33 28 16 14 13 20 25 33 22 17 18 19 26 30 51 22 11 14 13 12 11 14 19 10 21 38 35 31 44 29 13 6 22 40 27 36 52 45 45 38 37 17 38 38 39 45 20
43 61 29 30 53 31 32 59 49 56 22 43 61 47 64 35 33 37 52 57 49 27 30 20 23 39 61 14 11 22 21 22 23 18 16 12 11 11 4 3 3 5 9 16 31 57 60 43 65 27 22 12 27 21 25 16 12 7 20 20 15 34 32 27 12 45 50 41 30 30 19 20 10 19 24 20 29 34 16 5 12 35 53 60 54 60 61 52 37 38 36 44 18 11 42 29
48 24 26 25 44 21 27 55 66 48 18 48 60 54 51 57 32 49 72 59 43 22 42 26 44 51 14 16 29 29 22 21 34 22 28 17 15 18 18 10 11 10 9 22 60 42 60 24 29 47 17 19 36 27 25 20 13 21 51 49 37 36 69 34 44 35 47 49 27 21 21 20 12 9 16 25 17 27 7 3 17 29 28 44 42 22 40 13 9 11 7 65 47 25 22 12
74 49 33 21 33 17 38 49 73 37 20 32 46 52 57 32 30 78 51 17 21 49 45 39 47 28 27 31 43 45 28 36 35 33 17 26 18 29 20 18 11 5 2 6 33 29 34 13 10 9 7 19 25 35 26 40 42 40 26 35 56 46 29 55 46 43 20 37 66 31 18 13 11 5 12 16 11 19 10 10 24 36 33 33 27 13 18 22 32 52 66 85 61 29 21 10
52 53 22 29 30 14 25 41 52 30 14 29 58 58 27 49 37 44 18 14 28 60 70 57 44 49 35 35 45 34 30 57 41 18 18 32 23 35 32 18 14 9 7 6 2 4 3 4 11 24 38 37 47 43 39 46 33 28 49 71 74 71 49 56 12 74 62 23 22 62 60 44 30 16 4 13 13 7 6 10 24 22 19 31 21 23 47 54 38 35 47 69 41 32 24 13
46 26 13 26 20 19 12 31 40 19 12 24 52 48 38 38 23 15 5 24 44 58 48 26 26 15 15 53 49 35 47 49 32 18 25 34 36 37 35 11 13 10 13 12 13 5 2 7 15 20 33 31 40 37 29 28 38 56 41 84 74 45 39 79 54 35 72 39 23 17 33 38 45 44 23 13 8 8 5 10 29 25 18 20 29 41 52 49 47 62 45 61 54 45 28 11
30 17 7 20 13 13 9 11 16 6 6 16 22 13 18 25 7 13 11 29 53 25 24 31 20 23 18 55 52 36 66 47 22 31 29 41 44 56 44 25 21 9 20 17 13 7 2 4 15 16 16 24 42 34 49 52 30 56 64 83 29 11 44 77 44 50 38 72 39 12 19 24 42 36 36 34 12 6 3 8 21 24 22 18 22 37 69 44 35 75 47 48 54 23 16 12
11 6 4 10 5 5 6 5 11 11 8 11 10 10 22 27 22 32 16 27 43 26 27 30 23 20 21 54 52 37 62 41 37 37 34 49 47 48 23 30 41 31 22 13 7 3 1 1 8 18 18 31 43 37 35 43 24 42 71 44 30 19 65 79 62 23 20 27 55 29 18 16 21 17 43 20 15 7 4 7 16 22 27 21 50 65 78 51 48 75 46 22 29 46 16 7
4 1 5 6 4 10 13 40 32 64 53 53 9 22 31 33 41 16 19 39 35 23 25 16 22 30 20 46 49 56 43 40 36 41 40 53 67 48 34 30 60 47 11 7 7 2 1 2 14 18 36 36 38 39 23 25 45 69 80 35 26 28 44 78 71 54 25 9 48 50 34 17 17 18 53 20 10 7 4 15 19 30 30 37 43 32 36 31 45 43 58 45 47 40 11 2
2 2 3 5 36 36 51 54 28 37 48 58 59 43 16 20 16 12 19 19 11 21 20 26 37 31 30 60 49 72 39 40 37 47 52 68 73 42 46 42 56 31 19 11 10 14 10 1 7 23 19 29 25 20 20 36 54 66 59 51 27 27 32 86 57 52 50 8 38 59 49 17 16 17 23 36 16 4 5 19 20 32 46 51 43 32 34 24 34 33 43 32 23 11 4 8
4 8 2 4 9 13 40 13 15 17 38 47 25 47 16 14 17 32 25 14 16 21 21 31 56 37 30 54 53 47 32 47 37 48 46 63 51 44 60 35 22 19 31 30 24 24 15 6 3 8 28 21 20 31 28 13 41 37 48 77 43 39 51 66 53 16 50 25 31 40 36 35 22 13 10 68 17 4 7 15 28 33 26 58 39 34 35 25 24 14 16 12 9 10 13 27
14 34 7 7 20 18 27 23 18 39 41 36 51 64 60 32 42 31 18 16 25 25 31 30 42 31 29 53 53 27 39 40 41 47 60 67 57 49 24 14 15 30 29 29 42 28 27 8 3 2 9 20 25 35 35 22 41 43 32 46 46 48 53 66 71 20 37 38 28 53 41 24 30 20 19 20 14 3 7 14 24 29 47 61 37 39 32 26 36 12 9 6 8 15 26 29
9 27 48 17 5 11 20 28 49 36 26 27 67 32 34 80 72 12 21 24 27 27 31 26 33 27 35 57 43 35 38 37 46 61 65 44 21 20 32 32 41 40 37 29 44 45 32 12 3 1 2 35 23 19 38 27 46 38 31 36 43 31 33 50 79 21 17 33 24 25 35 22 20 17 14 16 10 7 5 14 20 25 67 45 21 18 18 21 19 3 4 13 15 21 28 24
41 43 50 51 16 5 13 47 52 45 9 11 31 39 66 72 54 68 69 35 21 42 38 14 29 23 42 37 37 35 37 33 50 65 73 37 36 30 48 47 63 67 51 52 62 36 19 7 1 1 2 4 7 12 40 31 50 45 33 30 27 16 6 22 59 36 22 23 23 22 22 32 22 19 12 12 8 6 5 14 24 29 34 28 16 15 8 10 4 11 14 16 30 36 25 23
22 14 27 72 14 17 13 15 19 27 20 6 26 74 81 73 53 37 64 49 45 59 43 21 35 36 55 52 49 59 41 41 48 50 47 30 35 44 48 55 26 28 60 79 35 24 20 8 2 2 3 3 3 5 19 42 48 62 30 31 28 16 10 47 65 31 33 22 21 23 28 29 17 11 15 11 10 5 8 17 17 31 28 13 11 6 9 18 18 28 31 33 32 35 17 19
13 29 27 74 70 13 20 13 18 16 23 12 36 43 44 52 66 78 46 15 43 14 60 75 88 75 66 45 68 51 61 36 34 19 71 55 59 52 31 30 13 3 57 53 50 35 34 20 9 15 16 10 4 1 3 11 12 30 16 24 22 12 15 34 47 48 33 23 26 7 10 14 21 10 7 7 9 5 6 11 20 21 21 14 6 12 26 27 34 28 30 47 38 27 22 17
9 23 21 32 73 60 32 14 15 18 18 18 36 62 71 73 32 75 69 28 54 50 25 43 58 40 53 30 62 21 15 40 24 24 49 85 70 48 31 73 38 40 48 50 62 40 24 20 29 32 23 12 2 1 2 2 2 8 6 23 21 12 24 40 35 49 34 22 18 14 14 14 12 9 8 4 8 5 2 5 8 10 12 10 7 18 22 26 33 29 32 27 59 31 19 11
4 10 18 4 26 81 29 20 11 11 18 25 21 33 44 55 62 72 51 53 61 39 13 47 62 36 39 37 43 62 44 58 46 30 38 76 85 90 89 85 73 59 57 67 61 44 39 35 55 23 15 16 14 13 10 9 4 3 2 6 7 11 14 38 39 39 37 27 16 14 10 8 9 6 5 3 3 3 2 3 4 6 3 4 5 5 9 22 35 16 20 33 32 28 14 26
9 7 13 45 30 58 76 32 34 15 9 13 17 23 55 41 67 79 15 26 72 60 24 13 77 77 48 33 50 61 28 30 38 30 28 57 79 82 75 49 69 69 43 48 54 57 70 69 46 13 25 35 31 29 30 41 35 12 4 6 4 5 9 12 23 46 29 24 12 17 10 5 7 7 5 3 3 2 1 3 2 6 9 14 17 11 13 14 29 28 24 25 27 26 36 36
19 6 5 29 55 63 82 65 30 28 23 18 18 26 24 16 47 35 26 62 87 39 21 14 21 66 36 47 42 60 60 43 49 48 46 82 71 48 39 32 43 23 21 75 47 69 82 78 52 42 53 44 41 31 25 9 14 10 7 5 5 5 8 10 8 22 28 21 17 14 7 3 3 4 3 3 3 1 1 2 3 7 8 12 21 34 34 32 40 33 26 32 28 26 22 35
30 23 20 11 17 21 32 69 34 46 31 20 16 23 39 18 42 27 53 40 82 40 25 23 13 31 34 43 20 60 66 36 39 44 57 76 73 36 24 37 34 26 27 43 59 47 46 30 37 41 37 41 36 40 41 13 9 15 7 5 4 4 8 7 5 13 21 23 14 7 5 2 3 3 4 3 1 1 1 4 5 8 17 20 10 8 24 58 26 39 39 40 41 30 34 38
17 18 40 16 16 43 42 70 70 54 48 21 19 15 19 25 32 38 31 47 74 82 57 34 12 13 29 9 26 62 72 47 37 47 40 42 47 35 26 33 30 28 27 31 67 43 45 30 22 20 23 11 14 13 27 20 6 14 7 5 3 3 4 5 5 10 14 10 10 5 5 3 2 2 2 1 1 1 3 3 5 6 6 8 7 20 43 46 49 52 48 41 42 52 39 44
33 30 15 12 16 26 38 53 70 50 37 32 16 10 15 27 13 20 40 79 71 75 61 51 33 10 39 36 13 20 56 40 48 41 22 25 35 59 28 25 30 22 16 27 49 45 52 37 29 21 21 16 6 9 16 16 7 14 11 4 3 3 3 4 4 7 8 5 7 4 3 2 2 2 1 1 1 2 3 4 3 4 6 13 21 29 31 50 31 28 21 21 31 42 39 22
46 49 20 11 4 28 24 42 63 66 32 34 22 19 23 25 15 43 65 80 48 51 60 29 24 23 14 27 37 7 35 50 31 35 21 35 34 23 26 27 36 29 12 15 25 43 53 42 43 31 31 18 11 6 5 10 8 11 17 7 5 2 2 2 2 4 4 5 4 2 1 1 1 1 0 0 1 2 2 2 1 6 7 14 25 25 36 33 31 21 17 30 35 31 24 23
52 47 30 27 8 10 27 36 77 30 39 24 18 17 17 21 17 36 72 50 10 34 81 33 23 27 13 19 19 34 31 30 25 26 30 20 17 11 12 25 40 21 12 11 13 25 51 36 48 30 23 18 11 7 2 4 5 6 8 6 2 1 1 1 1 2 1 2 3 2 2 1 0 0 0 1 1 2 3 4 3 9 18 23 17 23 47 40 28 28 34 27 29 35 34 17
50 48 34 19 19 13 27 33 72 38 16 38 28 17 15 15 13 54 53 31 54 60 73 58 31 20 25 40 16 47 35 30 32 21 34 18 23 19 6 19 12 11 14 28 38 43 49 41 60 57 47 31 13 10 3 2 3 5 5 7 3 1 1 1 1 1 1 2 2 2 2 1 0 0 1 2 1 3 3 4 4 8 10 10 16 24 27 37 42 41 43 33 35 19 32 28
43 34 30 21 21 23 14 23 43 69 37 21 31 18 16 14 19 43 35 43 35 49 72 56 37 47 21 28 31 53 29 23 27 27 16 11 20 18 15 15 5 7 15 52 34 28 49 31 48 53 58 36 24 17 6 3 2 3 4 4 4 1 1 1 1 1 1 2 2 1 1 0 0 0 1 1 2 3 3 4 6 8 15 13 15 13 29 35 32 32 32 52 35 42 54 33
38 42 26 20 24 23 21 26 31 49 51 20 17 17 17 19 19 21 29 37 39 54 79 53 47 30 43 25 28 47 28 11 17 18 22 11 13 16 10 7 4 10 35 53 15 32 35 21 42 40 39 47 36 29 22 12 3 1 2 2 2 2 1 1 1 1 1 1 1 1 0 0 0 1 1 2 2 3 5 4 9 11 12 8 8 14 17 14 26 39 28 36 28 16 28 29
83 62 46 19 15 23 19 24 28 43 53 34 28 21 23 17 16 21 22 18 45 43 70 53 29 25 29 32 27 19 37 15 14 17 14 19 13 14 6 7 23 28 35 15 16 26 17 21 29 37 48 46 59 42 32 22 14 3 1 0 1 1 1 0 0 0 0 1 0 0 0 0 1 1 2 1 1 1 2 2 5 5 6 6 4 7 10 11 18 24 34 49 30 26 28 8
51 81 68 44 24 14 14 22 30 35 70 42 31 19 14 13 15 9 17 19 32 39 56 61 32 23 19 22 26 26 26 35 22 11 10 20 14 6 3 11 21 45 26 15 21 22 18 15 30 38 25 27 34 43 38 26 15 11 4 1 1 1 1 1 0 0 0 0 0 0 0 0 0 1 1 2 1 2 4 2 4 4 4 4 7 10 12 11 16 30 32 35 27 24 21 29
23 85 37 77 59 45 16 18 20 40 58 36 27 14 13 9 5 7 16 20 34 51 38 56 47 33 26 19 18 25 23 33 23 18 9 15 6 3 7 8 29 28 27 11 12 22 7 11 32 41 22 22 27 29 62 39 28 15 10 2 1 1 1 0 0 0 0 0 0 0 0 0 1 1 2 3 2 3 5 6 4 3 4 6 12 13 10 10 24 24 26 16 20 31 26 23
43 49 35 75 54 57 37 11 15 19 41 39 17 17 10 6 6 7 17 32 15 13 56 58 62 52 42 38 14 11 12 17 15 13 6 6 3 3 5 8 27 13 11 9 9 29 8 12 39 41 28 12 8 6 41 31 28 15 6 4 1 0 1 0 0 0 0 0 0 0 0 0 0 1 2 2 4 5 8 9 12 18 12 15 17 13 10 9 16 18 19 27 37 38 36 30
53 49 44 40 50 31 64 24 9 9 21 26 17 10 8 4 4 12 15 16 29 57 68 68 73 55 43 26 22 12 20 20 16 13 10 7 5 4 9 17 13 10 8 7 13 34 20 21 49 45 46 16 5 2 10 10 15 17 5 3 2 1 0 0 0 0 0 0 0 0 0 0 0 1 1 2 5 7 17 12 18 20 27 20 18 17 11 14 27 17 16 20 21 14 19 19
56 45 52 41 48 20 33 47 8 6 19 23 29 10 5 3 4 6 17 29 51 55 67 60 65 69 37 24 23 18 17 14 12 10 6 3 3 3 5 18 11 7 5 5 5 12 13 11 36 49 30 18 19 5 5 10 5 7 5 5 2 1 0 0 0 0 0 0 0 0 0 1 1 1 1 2 5 11 10 26 29 26 22 29 24 22 24 41 29 10 13 9 14 29 26 27
50 58 63 45 25 21 20 23 14 6 13 18 23 8 3 1 4 10 28 52 38 24 59 50 50 62 41 26 24 17 13 10 9 7 5 2 2 4 13 18 7 5 4 3 4 16 4 13 42 19 26 15 12 7 6 7 9 6 5 3 2 1 0 0 0 0 0 0 0 0 0 1 1 2 2 5 8 16 20 21 38 47 46 46 49 39 42 39 27 20 18 23 15 16 30 26
31 28 38 41 22 24 13 13 14 9 5 10 11 7 2 1 6 15 25 26 31 27 48 69 29 35 31 38 16 13 11 9 7 8 7 2 2 9 22 6 3 2 2 3 6 10 12 50 62 11 6 24 10 7 5 4 8 5 4 2 2 1 1 0 0 0 0 0 0 0 0 1 1 1 2 3 7 5 6 14 23 26 30 37 53 43 51 47 37 37 22 22 35 29 22 22
14 16 16 19 20 15 14 12 12 9 3 4 4 6 2 2 5 8 13 16 24 20 17 27 25 23 19 22 11 9 7 6 4 4 3 1 6 11 6 4 4 1 1 2 6 10 22 18 46 15 5 13 14 6 6 8 6 5 3 2 1 1 1 0 0 0 0 0 0 0 0 0 1 1 2 2 4 5 4 6 13 17 23 22 49 46 58 61 45 54 47 45 38 39 29 47
