sesion_6_simulaciones/modelos_agentes/ejemplos_netlogo/scenarios/cgcm2_a2/rob_2051.asc
NCOLS 322 
NROWS 307 
XLLCORNER 451900 
YLLCORNER 4086900 
CELLSIZE 100 
NODATA_value -9999 
[rows 148 to 221 of 307, columns 0 to 95 of 322]
0 3 1 1 3 5 4 2 1 1 1 23 13 14 12 16 30 16 12 19 4 7 1 0 0 0 0 0 0 0 0 0 0 0 0 0 0 0 0 0 3 3 3 3 6 3 9 9 5 11 6 9 21 6 14 23 21 11 6 25 32 34 27 21 32 43 50 25 31 61 61 50 29 39 62 75 26 22 22 36 35 30 14 22 59 46 17 11 41 37 30 35 56 51 32 58
1 3 2 3 6 7 5 10 9 2 3 11 15 25 30 43 51 21 21 20 19 14 1 4 0 0 0 0 0 0 1 1 0 0 0 0 0 0 0 1 1 1 1 2 5 28 12 10 4 5 4 12 14 13 4 4 5 3 21 15 14 46 28 19 28 52 46 45 48 62 31 14 12 49 35 36 63 15 18 43 40 23 32 24 13 54 26 17 13 23 10 45 28 59 39 19
0 0 1 9 3 13 10 2 5 12 5 9 52 49 52 27 55 43 38 44 21 3 2 1 1 1 0 0 0 0 0 1 0 1 1 1 0 1 1 1 1 1 2 9 20 11 7 6 5 4 5 7 8 8 18 14 17 18 20 21 34 43 21 18 48 44 55 67 43 8 50 29 27 46 70 26 34 10 3 11 26 28 21 37 17 22 47 32 16 21 14 10 21 23 34 13
0 0 1 0 1 1 1 1 2 2 7 3 11 41 46 40 70 66 53 5 1 1 4 3 8 4 1 0 0 0 0 0 4 3 4 6 9 1 0 1 2 5 14 14 4 5 2 6 4 3 8 7 9 8 10 8 22 23 24 27 47 36 34 21 45 70 49 40 75 32 14 53 55 31 41 13 26 46 22 10 13 24 28 16 24 13 21 50 38 22 18 11 8 21 28 27
2 0 0 0 1 1 1 2 2 3 2 10 6 3 2 3 4 3 5 5 3 11 10 8 20 3 10 1 1 1 1 1 4 0 0 0 1 9 0 0 3 1 4 7 6 13 14 21 9 4 8 9 12 11 3 11 15 42 20 38 45 49 63 85 80 61 54 31 38 83 35 29 29 38 24 7 13 13 46 27 14 17 32 26 16 24 17 21 45 18 14 13 4 6 15 14
2 2 1 1 1 1 1 3 0 1 5 5 5 8 6 6 4 11 15 22 42 20 43 14 10 4 4 2 2 7 3 0 0 0 0 0 0 0 3 1 0 16 2 3 6 4 2 4 13 8 13 20 18 14 4 10 15 28 52 40 71 58 72 74 71 76 64 18 36 63 70 50 35 22 32 22 16 13 28 17 27 19 18 29 20 18 15 15 55 33 10 8 11 5 16 18
11 4 9 5 4 3 5 1 1 1 2 3 4 15 18 5 2 9 29 32 50 69 32 52 21 10 18 15 4 5 23 8 2 0 1 1 2 1 1 3 0 10 2 2 9 1 3 5 3 19 23 34 45 33 32 17 21 29 58 52 36 30 70 74 72 61 68 45 35 52 77 25 37 22 16 14 25 8 24 44 18 28 25 15 14 12 14 11 21 15 27 10 6 4 3 7
22 14 22 7 14 6 5 8 1 1 2 1 10 8 3 12 10 8 7 35 52 43 33 40 26 13 20 13 6 1 6 39 23 10 5 2 2 3 3 3 1 10 24 5 8 5 3 3 3 8 7 11 25 6 9 38 21 43 30 17 16 19 23 52 45 16 25 16 46 60 58 51 29 25 32 12 13 18 19 33 29 19 25 20 12 12 11 11 11 10 15 19 11 6 4 3
8 22 12 30 38 18 6 25 2 1 2 2 2 3 10 12 8 15 10 6 10 37 43 9 13 27 8 22 9 1 2 2 13 34 20 6 3 3 2 3 4 14 31 4 5 6 6 9 11 14 16 23 15 16 18 17 30 53 37 35 43 40 18 12 6 25 23 24 18 31 33 56 61 34 18 11 13 17 22 30 32 47 13 18 12 9 8 4 7 12 10 3 17 6 2 3
38 56 31 54 36 7 21 46 5 5 6 2 10 22 20 8 19 14 16 8 9 11 8 36 15 4 5 28 28 6 5 3 3 29 33 20 20 12 10 16 14 7 32 26 6 4 6 9 9 12 20 40 15 26 33 17 11 29 35 30 27 20 10 19 20 6 3 14 38 41 43 59 30 35 18 16 21 20 31 23 27 22 27 11 9 8 4 3 4 5 8 6 7 8 3 1
25 64 16 65 15 40 36 45 4 10 12 4 4 3 12 15 17 43 42 50 12 8 10 13 10 7 10 45 9 47 9 19 13 34 10 22 18 52 18 12 18 9 33 31 31 5 5 4 13 8 11 10 8 19 28 13 24 59 57 66 25 36 43 35 32 14 13 21 29 32 31 43 34 21 33 9 18 28 27 29 18 13 17 16 5 4 2 1 2 4 4 6 6 5 6 4
6 55 34 48 50 56 50 9 14 26 17 9 7 5 6 4 7 18 21 53 27 5 10 16 41 34 25 35 9 44 45 10 13 20 47 49 35 53 70 23 21 6 12 31 30 18 13 8 15 3 3 6 24 24 14 13 20 17 14 19 14 27 49 44 42 30 31 32 24 30 30 29 22 31 10 16 15 21 13 10 11 9 7 10 14 10 5 9 5 3 3 3 5 5 3 2
7 6 5 40 55 51 12 15 39 18 32 40 21 15 6 9 13 15 23 12 23 40 36 10 34 34 37 42 46 17 72 62 23 8 31 73 66 43 31 53 47 8 19 43 55 58 12 9 10 10 7 8 44 16 69 64 64 45 77 60 39 20 27 28 30 27 31 35 31 19 21 30 26 28 15 22 12 13 12 16 8 7 8 13 7 5 7 7 4 5 5 3 2 3 1 1
5 34 19 15 9 29 22 56 56 29 30 37 10 22 4 13 9 11 23 17 22 24 25 10 50 54 46 70 59 46 66 79 68 36 28 7 23 45 29 13 17 11 6 70 66 54 33 36 19 42 62 75 57 31 30 59 48 26 29 48 49 33 40 31 30 24 23 41 32 15 19 19 24 23 16 17 16 17 9 9 6 7 2 5 5 3 5 4 3 2 2 2 1 1 1 1
13 19 14 30 26 11 45 75 59 65 6 27 46 39 56 19 38 12 11 11 13 6 32 58 79 50 75 83 63 63 38 53 73 43 40 19 47 64 74 82 65 32 17 24 72 51 33 75 32 33 65 61 69 34 20 72 80 43 32 23 62 63 22 50 35 33 22 27 25 19 23 20 18 15 15 15 13 10 9 4 3 3 4 4 5 2 3 2 1 1 1 1 0 0 0 0
10 12 38 19 17 6 34 64 43 70 18 28 60 45 67 36 18 26 17 31 37 43 12 47 63 69 79 80 53 79 61 78 72 73 70 72 63 72 77 65 12 46 52 20 8 46 39 55 37 35 59 56 57 62 30 36 69 87 54 40 51 29 32 30 37 49 48 39 25 15 28 14 11 10 9 5 9 5 2 2 2 3 2 2 2 1 1 0 1 1 1 1 2 2 2 2
11 7 4 14 23 23 9 74 18 19 20 34 42 7 32 43 21 23 19 56 54 26 28 16 55 82 75 80 57 86 70 74 70 61 73 71 82 76 75 80 73 47 15 11 5 7 47 48 29 11 22 59 66 68 68 76 80 77 84 42 28 35 33 40 37 40 50 24 18 29 14 11 11 9 4 2 2 2 4 5 6 3 2 1 2 4 6 6 9 2 5 11 6 11 10 6
3 9 23 17 12 8 10 28 34 31 54 49 57 56 22 47 25 45 12 10 29 67 36 24 10 32 38 66 67 36 12 16 13 29 28 35 75 60 63 75 72 57 37 13 4 7 41 38 28 23 17 16 38 72 73 64 48 51 78 70 32 22 32 33 41 38 20 30 19 7 9 11 9 6 5 3 2 2 2 2 4 7 5 8 13 20 21 20 11 8 10 22 20 30 26 10
6 5 7 7 15 11 16 15 16 15 31 62 62 69 12 10 21 51 52 28 26 20 42 13 24 32 23 27 15 20 35 25 38 35 58 35 29 25 23 23 19 32 21 9 9 11 27 31 44 22 25 24 5 39 33 46 50 57 40 53 50 27 54 54 45 27 25 16 15 12 11 10 4 2 5 5 2 1 2 5 23 23 15 25 29 33 29 41 28 30 56 57 32 46 26 18
3 4 8 22 20 24 23 18 22 21 33 7 10 14 24 29 18 14 57 58 50 26 31 9 26 49 44 37 23 27 45 53 27 56 28 22 23 31 32 31 18 12 16 14 25 24 49 42 44 37 21 11 13 15 18 45 19 15 13 40 24 34 34 22 32 18 11 17 14 6 6 3 5 4 6 6 8 2 18 22 35 35 35 43 43 62 58 44 41 49 21 9 15 13 14 39
5 8 18 9 12 17 18 12 24 45 11 14 33 31 16 35 5 9 12 23 28 22 16 18 29 22 35 28 54 17 45 31 27 34 23 22 32 54 22 50 27 14 11 8 9 16 24 43 31 33 18 31 31 20 29 26 26 23 26 38 56 50 31 11 16 15 13 5 7 4 4 24 23 12 12 19 8 13 30 53 64 51 51 74 66 63 62 47 56 53 26 8 4 4 8 28
16 38 34 46 15 14 15 13 24 31 17 20 30 30 24 12 16 15 35 34 19 23 33 20 26 24 17 35 19 21 34 28 32 27 18 23 18 39 17 48 33 24 16 6 3 3 13 17 66 57 30 25 58 29 15 36 45 62 54 43 52 30 19 12 14 10 4 4 11 10 23 34 44 18 25 32 19 34 56 59 71 83 53 80 64 61 50 51 46 41 28 21 5 3 3 6
4 5 3 4 7 7 23 17 33 16 21 11 19 38 12 5 11 18 19 16 8 7 7 18 24 19 14 19 22 27 27 31 16 22 17 7 27 18 31 47 23 26 39 16 17 7 5 18 24 45 29 41 31 15 20 34 36 31 25 16 14 10 5 3 3 1 10 23 35 26 43 54 52 36 50 37 22 44 62 61 84 70 57 52 38 8 9 34 15 19 13 7 7 2 1 9
5 11 8 17 12 19 10 15 20 19 6 9 16 18 23 23 30 12 12 12 15 4 8 23 46 33 19 16 24 13 12 29 61 26 16 12 26 15 50 13 34 18 25 23 13 7 11 14 10 21 30 25 11 21 21 18 50 20 13 10 6 18 19 28 12 21 31 48 44 41 43 59 42 42 53 46 35 47 63 73 74 58 41 34 24 12 11 12 20 8 7 6 3 2 1 2
4 5 5 11 22 4 5 8 7 14 12 8 26 19 49 26 19 34 26 19 45 18 23 23 38 41 18 36 11 19 26 20 51 51 29 19 20 33 30 12 13 12 19 24 9 17 12 7 8 13 14 21 19 21 23 21 13 6 6 24 21 39 38 38 27 29 46 51 65 62 45 59 60 62 47 61 56 59 62 65 59 73 47 31 17 19 14 6 29 13 5 3 1 2 2 4
5 3 6 10 4 5 4 11 18 12 16 24 21 16 14 15 57 54 26 29 32 24 36 16 22 33 39 26 12 13 10 14 19 16 25 37 9 13 36 27 20 25 18 12 20 14 14 14 9 13 16 19 32 25 15 13 16 24 31 51 42 39 53 42 32 48 50 49 63 46 54 63 74 43 49 55 61 67 79 57 29 25 29 35 25 16 9 7 5 6 3 2 2 1 2 2
3 7 7 4 2 21 15 10 30 46 53 45 41 53 23 13 18 40 30 41 8 23 42 16 20 17 27 38 21 38 22 18 14 15 31 44 16 27 31 37 29 6 6 13 10 14 7 6 12 18 18 33 27 20 27 17 25 28 50 44 40 40 51 40 35 43 52 37 63 55 42 69 54 42 50 72 61 66 28 82 60 59 30 21 24 19 13 12 4 3 1 1 1 0 1 1
3 3 4 3 2 3 6 14 18 26 36 56 44 41 52 13 24 23 13 14 16 36 42 20 10 12 6 18 11 15 13 13 22 19 34 29 14 29 36 31 21 10 4 4 9 10 12 24 13 14 29 21 16 37 22 20 32 51 49 53 45 43 45 34 37 60 61 45 64 58 58 59 77 73 59 61 71 66 28 27 54 63 45 36 17 10 11 12 5 3 2 1 1 1 1 1
2 2 13 3 10 2 5 6 12 18 6 8 8 8 14 24 23 22 50 17 25 39 19 22 5 22 7 21 9 7 13 15 16 15 20 17 18 19 25 25 18 10 3 7 10 11 16 17 17 17 20 35 24 21 20 34 45 43 40 42 39 30 48 45 47 63 57 61 62 85 72 65 61 73 24 24 18 55 58 37 22 46 29 19 14 10 12 4 2 5 3 1 1 1 0 0
2 8 8 28 2 31 25 2 11 6 16 9 24 15 21 16 21 14 14 16 9 23 8 12 8 6 7 9 4 13 15 11 11 13 13 10 13 10 13 21 14 13 14 19 28 11 21 12 27 36 34 48 34 20 32 37 38 48 29 35 56 41 52 56 45 63 50 72 33 53 82 79 76 64 74 55 39 19 13 30 25 17 36 29 24 18 16 21 7 2 2 1 1 1 0 0
22 8 3 10 21 9 5 11 8 9 5 12 7 8 25 12 13 2 11 16 13 5 8 9 6 3 5 2 4 2 3 7 7 23 6 7 7 11 10 4 8 16 6 10 9 17 7 18 30 41 36 37 31 30 28 47 37 45 42 37 44 52 41 47 58 65 43 45 78 32 77 80 57 77 79 82 64 59 58 44 38 30 12 7 17 22 13 13 5 3 2 1 1 1 0 0
12 51 12 22 3 6 4 8 5 4 15 4 6 18 30 39 43 11 9 21 9 6 2 4 8 2 3 2 3 1 2 6 8 9 3 5 5 5 17 11 7 16 8 33 16 17 18 14 32 38 24 24 26 26 26 30 51 42 36 58 54 64 44 40 56 20 38 41 38 51 39 73 46 62 78 81 80 88 72 57 59 70 67 46 14 11 12 11 7 3 2 1 1 1 0 0
3 8 6 7 11 10 5 3 4 5 9 5 20 7 5 8 6 10 10 10 18 4 8 5 4 2 2 1 2 2 3 5 3 3 4 3 4 9 13 10 7 6 15 31 7 24 17 18 22 39 16 20 22 22 23 27 40 47 34 46 61 33 35 69 72 63 42 32 19 7 19 22 37 37 67 75 70 75 78 61 78 66 56 24 18 19 16 10 12 4 2 1 1 0 0 0
3 4 10 8 6 7 5 3 1 5 1 1 4 6 27 13 26 6 6 7 9 3 3 4 3 2 3 1 1 1 3 2 2 5 1 1 2 10 5 6 4 7 7 15 13 12 14 16 21 17 10 20 13 16 24 17 38 49 52 48 49 64 23 9 8 13 19 39 35 28 15 13 8 22 38 63 53 75 85 50 66 83 56 37 28 15 12 11 8 3 2 2 1 1 0 0
1 10 5 3 4 4 2 2 1 1 1 2 2 6 8 6 9 7 8 8 4 7 2 6 3 2 4 1 1 2 1 1 3 2 3 4 6 10 1 2 4 8 7 11 10 6 8 8 11 7 16 26 21 27 27 24 40 33 34 22 28 60 18 20 38 54 61 48 50 39 35 47 18 7 16 50 45 71 82 70 55 52 48 35 21 19 18 12 8 6 4 3 2 1 0 0
1 3 3 3 3 3 2 1 0 0 0 1 3 1 2 5 4 5 2 1 1 1 1 1 1 3 2 1 2 1 1 1 2 1 0 1 3 3 3 3 4 4 9 10 4 5 7 7 11 13 30 57 37 62 58 73 55 40 47 26 18 7 64 40 14 53 68 48 53 56 60 43 24 23 11 12 16 36 71 48 36 17 13 26 8 16 7 7 7 8 5 3 2 1 1 0
3 0 1 2 0 1 0 0 0 0 0 0 0 1 2 1 1 1 2 1 1 0 0 1 0 1 0 1 1 0 0 0 0 1 1 0 2 2 1 3 5 15 34 54 26 28 17 13 16 9 59 22 68 60 42 52 31 33 48 61 18 15 18 77 26 29 41 66 46 41 65 70 77 48 36 15 8 4 6 6 9 8 7 16 17 6 5 3 2 6 3 3 1 1 0 0
0 0 0 0 0 0 0 0 0 0 1 0 0 0 0 1 1 1 1 0 0 0 1 1 0 0 0 0 0 0 0 0 0 1 8 8 10 16 25 31 34 47 22 56 37 42 50 5 21 45 18 18 53 44 53 57 36 63 67 46 40 26 12 52 69 25 9 36 64 74 62 61 38 37 48 41 19 7 10 3 10 9 8 5 14 12 4 3 2 2 2 1 1 1 1 0
0 0 0 0 0 0 1 4 8 1 2 1 4 0 0 1 0 0 0 0 0 0 0 0 0 0 1 1 1 0 0 0 0 0 1 6 11 27 19 23 26 53 28 31 53 47 52 15 11 17 68 43 17 43 15 30 27 62 76 57 54 37 24 31 83 35 35 18 46 61 82 28 14 28 33 52 39 33 25 16 8 6 3 4 5 10 5 2 1 1 1 1 0 0 0 0
0 1 0 1 1 3 4 1 2 3 3 1 2 1 0 0 0 0 0 0 0 0 1 1 2 2 1 0 1 0 0 1 1 1 1 1 3 22 32 34 24 25 18 18 47 60 73 72 17 21 42 50 30 20 44 13 46 51 75 68 20 32 23 13 81 56 25 24 28 79 79 87 51 41 31 23 17 14 10 11 18 16 8 3 3 3 7 4 2 2 0 2 1 0 0 0
2 1 1 6 4 4 7 12 10 9 2 3 3 1 1 0 0 0 0 0 0 0 0 0 0 1 2 2 0 0 0 0 1 2 0 1 6 21 31 53 32 16 11 18 29 65 76 79 80 76 22 32 30 31 24 12 32 57 65 69 25 34 37 30 58 87 59 39 25 15 21 52 25 29 22 46 33 13 10 7 6 7 10 7 3 1 2 3 2 2 1 1 1 0 1 0
2 4 4 5 12 10 15 6 18 15 7 11 8 2 10 3 3 1 0 0 0 0 0 0 0 0 1 3 0 0 1 0 2 1 3 3 4 4 2 2 38 35 10 25 17 22 48 57 76 83 71 41 44 57 34 52 35 63 76 60 64 23 43 39 32 82 90 70 52 23 15 17 54 35 24 22 31 33 15 11 5 6 6 8 6 2 1 3 2 2 1 1 0 1 0 0
0 0 1 9 16 11 38 50 48 44 25 17 7 14 23 14 4 2 3 1 0 0 0 0 0 1 3 1 1 1 1 2 5 2 3 6 6 6 5 5 6 14 14 14 10 23 58 31 68 76 87 51 45 45 61 57 11 58 71 69 65 50 40 34 22 75 82 84 59 56 14 7 39 60 29 8 12 9 16 5 8 5 5 4 6 2 1 1 2 2 1 1 0 0 0 0
1 2 2 23 26 42 58 53 52 71 73 31 38 33 31 21 7 11 6 3 1 0 1 1 3 14 9 1 0 1 1 2 1 3 2 4 6 8 13 8 6 7 7 6 22 26 44 35 11 63 77 83 45 35 47 23 18 17 46 56 85 79 23 28 53 63 63 82 37 53 41 9 12 40 30 21 12 13 17 13 7 6 2 2 2 3 1 1 0 1 1 1 1 0 0 0
0 1 1 1 1 2 9 16 21 8 34 60 74 53 46 17 12 24 8 5 8 1 1 1 1 1 10 17 2 1 2 2 2 5 5 4 7 8 16 9 16 25 21 17 14 8 57 59 42 31 54 76 64 34 16 14 37 13 23 56 51 47 37 32 37 52 34 79 36 44 32 36 6 21 24 33 23 20 19 13 11 7 2 1 1 2 2 1 0 1 0 0 0 0 0 0
0 0 1 3 5 8 44 14 16 13 15 18 58 74 74 44 33 31 7 14 4 7 2 5 3 1 1 2 3 1 1 2 4 10 3 4 3 7 15 14 13 17 12 14 27 27 26 11 40 65 35 48 14 18 10 28 23 34 27 31 57 61 49 40 18 23 23 68 73 28 15 27 24 7 14 11 22 11 9 5 7 5 4 3 1 1 1 1 1 0 0 0 0 0 0 0
0 1 0 0 2 2 8 10 7 16 10 2 10 36 62 73 68 11 2 2 2 9 5 9 4 4 3 1 1 3 2 21 13 4 24 9 10 13 16 11 16 28 42 28 37 25 33 19 22 22 71 45 39 27 19 15 30 36 28 31 53 71 52 36 33 26 38 56 74 53 23 12 33 22 12 4 4 13 10 8 3 3 3 3 2 0 0 1 1 1 0 0 0 0 0 0
1 0 0 1 3 5 3 4 5 9 15 11 30 10 10 15 20 7 3 6 15 2 3 8 31 28 2 4 2 25 8 8 27 22 37 11 49 16 12 12 16 19 19 32 26 32 32 23 26 32 31 41 28 28 35 27 23 34 19 10 21 32 48 45 46 36 31 36 50 53 33 34 35 17 19 8 4 10 8 4 5 1 2 1 1 1 1 0 0 0 0 0 0 0 0 0
5 1 4 1 1 3 3 5 9 18 11 15 5 16 27 13 18 12 3 9 1 7 7 5 2 8 10 17 17 3 8 20 17 8 11 12 6 37 11 17 20 26 13 19 15 17 17 28 33 41 25 14 50 50 38 47 31 28 26 27 15 27 50 31 28 29 19 24 33 51 18 20 17 10 11 8 4 3 5 6 3 3 1 1 0 1 1 0 0 0 0 0 0 0 0 0
8 8 0 0 3 1 10 23 4 4 12 12 10 26 9 18 5 3 2 1 3 5 5 6 7 4 7 9 4 8 3 30 11 27 18 35 5 14 27 8 14 27 21 34 34 13 21 27 23 41 20 36 10 25 25 59 25 32 27 41 28 26 13 13 9 4 3 8 14 15 9 4 14 9 7 14 10 5 7 3 2 2 2 1 0 0 0 0 0 0 0 0 0 0 0 0
8 7 26 3 2 12 1 1 16 16 3 13 5 25 9 14 10 4 3 7 12 18 6 3 9 12 9 13 36 34 22 5 5 9 21 12 12 3 45 23 23 18 9 14 34 28 20 14 28 41 35 13 55 38 28 58 40 17 29 15 15 24 14 11 5 3 2 1 8 17 14 5 5 9 9 11 8 6 13 5 1 1 1 1 1 0 0 0 0 0 0 0 0 0 0 0
3 9 17 9 1 1 8 3 1 3 8 6 3 5 15 7 3 2 3 4 11 10 23 15 14 15 15 15 50 59 26 16 7 19 27 19 33 13 4 48 16 28 26 24 14 14 21 31 28 37 21 9 21 11 8 32 22 19 18 9 10 19 13 12 10 4 3 2 2 6 9 6 10 10 11 13 15 8 3 3 2 1 1 0 0 0 0 0 0 0 0 0 0 0 0 0
16 8 30 12 17 4 1 26 3 8 27 5 17 13 5 22 4 3 3 3 3 9 15 14 14 23 22 23 37 71 66 42 14 12 56 35 36 22 9 23 56 18 18 51 30 31 25 34 37 24 19 7 7 10 9 11 22 15 10 6 6 7 9 15 5 7 3 2 2 1 1 3 4 2 2 4 5 8 4 2 1 1 1 1 0 0 0 0 0 0 0 0 0 0 0 0
21 12 9 21 6 10 15 4 40 18 34 55 24 31 17 7 5 5 7 21 6 19 36 24 17 22 27 21 13 17 61 46 29 19 20 48 26 18 14 10 14 41 15 12 15 19 23 34 55 36 51 21 13 11 9 8 9 7 6 19 7 3 4 4 2 3 2 1 1 1 1 1 1 1 1 2 2 1 3 1 1 1 1 0 0 0 0 0 0 0 0 0 0 0 0 0
7 33 21 26 18 24 41 31 14 12 6 4 8 6 9 25 12 6 16 3 34 11 46 46 18 25 31 20 12 5 10 37 54 28 10 30 36 15 35 25 19 10 33 35 20 19 36 27 44 28 54 24 11 10 8 7 7 6 3 7 9 5 2 1 1 1 2 1 1 0 1 0 0 0 0 1 1 1 1 1 1 0 1 0 0 0 0 0 0 0 0 0 0 0 0 0
6 6 2 12 13 2 3 2 15 8 22 22 22 26 12 15 25 19 18 14 11 9 44 72 38 34 33 37 19 6 6 7 48 28 32 25 45 13 37 41 27 13 10 34 25 34 28 27 39 20 7 9 16 14 12 10 3 3 1 1 2 1 1 1 1 1 1 1 1 0 0 0 0 0 0 0 0 1 1 1 1 0 0 0 0 0 0 0 0 0 0 0 0 0 0 0
4 6 5 2 2 6 5 4 4 13 8 10 9 5 11 24 8 6 13 27 14 61 32 58 58 37 49 39 42 17 7 11 7 26 31 35 44 17 39 24 28 29 22 18 35 23 26 43 38 32 25 11 15 7 7 6 3 2 1 1 1 1 1 0 0 0 0 0 0 0 0 0 0 0 0 0 0 0 0 0 0 0 0 0 0 0 0 0 0 0 0 0 0 0 0 0
8 6 4 3 5 10 5 3 8 7 3 6 8 3 10 15 8 10 7 9 49 32 23 22 72 36 12 11 12 8 10 5 12 5 11 17 83 62 27 37 26 13 22 25 16 30 20 24 50 46 43 22 14 7 6 5 1 1 0 2 4 4 2 2 1 1 1 0 0 0 0 0 0 0 0 0 0 0 0 0 0 0 0 0 0 0 0 0 0 0 0 0 0 0 0 0
3 2 2 2 1 2 2 3 1 1 5 4 7 2 4 11 6 10 19 56 29 21 40 47 70 55 20 14 15 19 17 18 7 10 12 8 5 8 26 23 16 31 12 24 21 34 37 26 50 33 41 37 22 13 6 2 1 1 2 3 7 11 12 8 1 2 1 1 1 1 0 0 0 0 0 0 0 0 0 0 0 0 0 0 0 0 0 0 0 0 0 0 0 0 0 0
1 1 2 1 2 1 1 1 0 0 1 2 5 4 3 4 4 10 17 11 17 20 9 5 12 10 8 11 30 34 18 40 30 13 11 8 9 8 7 20 16 34 25 12 33 25 41 31 28 17 23 21 14 11 4 4 3 3 9 11 17 13 9 8 5 2 3 3 3 2 1 1 0 0 0 1 0 0 0 0 0 0 0 0 0 0 0 0 0 0 0 0 0 0 0 0
1 1 1 0 1 1 1 3 11 9 9 0 1 3 3 1 4 12 34 20 32 9 17 11 8 12 34 20 23 29 42 31 20 21 26 5 3 5 9 12 11 18 28 30 31 29 21 17 37 19 15 13 8 4 6 10 5 13 18 13 23 17 18 12 9 7 6 9 10 5 4 1 0 0 1 1 0 0 0 0 0 0 0 0 0 0 0 0 0 0 0 0 0 0 0 0
0 0 0 0 2 2 1 8 23 27 15 12 4 1 3 6 5 17 21 11 6 9 22 17 13 15 27 13 6 19 18 13 6 12 24 15 7 5 11 7 5 9 10 12 19 20 22 15 23 19 9 5 9 11 19 18 18 23 27 27 17 25 27 20 29 12 14 13 12 12 2 1 1 1 1 1 1 0 0 0 0 0 0 0 0 0 0 0 0 0 0 0 0 0 0 0
0 0 1 1 2 2 5 5 1 7 21 21 15 24 24 21 46 18 16 27 6 4 22 11 15 23 13 12 7 13 18 20 20 16 25 13 9 21 22 8 5 22 12 18 13 8 22 12 12 9 8 10 19 29 28 34 24 21 21 26 20 32 36 43 38 28 20 16 16 10 6 4 7 3 1 2 1 0 1 0 0 0 0 0 0 0 0 0 0 0 0 0 0 0 0 0
1 0 0 1 7 6 12 45 34 19 22 46 34 26 48 32 67 66 61 38 14 32 4 5 5 5 22 26 26 37 12 51 53 23 9 12 4 16 15 9 27 14 13 12 17 11 15 13 11 11 21 22 38 52 52 38 47 30 36 34 25 43 43 46 37 31 22 21 19 19 11 3 2 1 0 1 2 1 0 1 0 0 0 0 0 0 0 0 0 0 0 0 0 0 0 0
1 2 7 1 1 10 27 38 51 14 14 57 19 18 46 25 25 11 25 44 11 19 11 10 6 13 18 27 29 48 22 14 15 40 20 18 7 28 13 13 18 28 24 24 27 38 38 33 11 36 48 41 46 59 64 62 32 21 59 44 35 42 44 34 44 48 11 35 33 18 12 6 4 1 0 2 4 2 0 1 0 0 0 0 0 0 0 0 0 0 0 0 0 0 0 0
7 2 3 15 4 2 3 8 11 44 8 44 22 25 39 15 6 10 23 12 9 5 14 7 13 24 24 13 9 31 22 15 9 7 11 9 22 26 12 10 40 43 25 53 48 28 30 18 16 40 59 52 52 80 50 45 42 24 68 39 35 43 57 59 45 38 32 39 17 10 10 6 5 7 3 3 3 2 1 1 1 0 0 0 0 0 0 0 0 0 0 0 0 0 0 0
21 23 3 18 17 34 34 17 5 7 29 69 51 9 53 13 17 12 24 13 7 6 26 11 21 17 21 19 16 14 10 13 15 21 26 17 33 6 12 23 37 39 53 57 39 22 13 23 42 33 50 66 77 47 34 47 45 31 73 42 68 34 59 37 36 67 45 24 37 18 9 10 23 17 4 1 2 3 1 1 0 0 0 0 0 0 0 0 0 0 0 0 0 0 0 1
17 29 34 23 28 65 42 72 47 5 22 56 5 13 45 33 19 8 40 5 5 6 13 8 33 23 13 10 11 4 3 12 26 16 36 11 41 9 29 25 54 56 66 35 34 25 25 44 50 45 41 65 65 41 51 63 56 41 75 72 49 59 52 61 74 56 49 40 26 12 14 46 19 2 4 5 2 2 1 1 1 0 0 0 0 0 0 0 0 0 0 0 0 0 1 1
31 48 51 63 60 62 69 78 58 26 20 21 27 7 44 25 18 11 7 5 5 8 21 9 16 14 13 29 22 22 23 26 16 8 12 22 54 24 28 36 62 64 51 35 20 36 36 63 67 45 41 59 47 34 47 71 38 64 65 63 70 35 50 80 79 55 47 30 36 37 26 22 12 9 6 2 2 1 1 1 0 0 0 0 0 0 0 0 0 0 0 0 0 0 1 6
3 53 68 48 71 18 48 67 67 65 55 60 37 6 46 64 35 10 14 9 4 12 18 11 8 13 24 6 9 11 4 10 8 24 53 30 47 19 20 36 61 44 30 15 30 51 43 49 71 50 53 58 26 49 68 61 30 60 44 76 62 68 76 70 58 43 51 29 15 7 6 4 2 1 1 1 0 0 1 0 0 0 0 0 0 0 0 0 0 0 0 0 1 1 1 5
10 12 31 9 5 6 10 10 15 6 9 22 54 12 7 40 61 39 27 19 9 9 5 8 23 6 13 13 36 33 7 16 20 25 63 58 68 31 22 43 40 22 15 33 53 51 42 46 68 43 58 68 57 61 77 56 61 33 59 66 45 69 62 27 14 16 11 20 34 27 25 18 20 6 2 0 0 0 0 1 0 0 0 0 0 0 0 0 0 0 0 0 0 2 4 6
8 10 4 7 12 33 40 13 19 3 8 7 4 2 9 4 8 12 6 4 3 19 9 12 5 22 17 26 13 23 23 46 32 35 57 64 45 38 35 49 24 25 29 48 54 48 56 34 54 63 60 81 86 68 69 83 84 67 83 82 82 88 70 76 57 50 48 41 24 7 10 8 4 4 4 3 2 1 0 0 0 0 0 0 0 0 0 1 0 0 0 0 0 1 3 9
14 18 14 15 28 38 47 36 13 10 18 10 12 8 8 12 10 3 3 5 7 24 8 10 20 22 10 50 40 28 43 54 39 43 61 27 16 28 15 46 36 28 32 43 52 56 60 46 55 70 64 77 75 76 30 47 81 87 87 73 32 25 51 45 75 51 39 50 19 9 7 7 9 3 1 1 0 1 0 0 0 0 0 0 0 0 1 1 1 1 1 1 0 1 4 4
9 2 13 16 25 25 39 24 5 11 11 15 32 23 10 11 5 7 6 7 2 5 36 22 12 3 11 26 31 24 23 35 50 26 51 14 26 20 6 45 30 34 44 52 46 61 71 57 78 84 59 40 42 35 25 27 65 74 67 44 59 46 42 53 42 37 33 18 29 16 16 6 5 4 2 2 1 1 0 0 0 0 0 0 0 0 1 2 4 2 2 1 1 4 6 6
