sesion_6_simulaciones/modelos_agentes/ejemplos_netlogo/scenarios/cgcm2_a2/rob_2046.asc
NCOLS 322 
NROWS 307 
XLLCORNER 451900 
YLLCORNER 4086900 
CELLSIZE 100 
NODATA_value -9999 
[rows 148 to 221 of 307, columns 0 to 95 of 322]
1 26 28 21 34 51 45 31 11 6 9 64 63 67 60 64 79 65 50 65 39 52 20 10 1 3 1 4 2 1 7 2 3 6 3 9 4 9 6 7 30 30 26 19 29 14 33 31 19 33 18 19 28 13 20 37 31 16 11 27 41 43 34 23 37 53 55 38 45 75 66 63 37 45 65 72 18 14 13 27 24 18 7 10 32 21 5 3 16 11 8 11 21 21 8 20
11 25 35 45 50 61 46 58 55 16 20 39 54 77 74 72 83 51 65 63 63 51 20 30 10 3 2 1 1 3 18 13 2 6 2 3 3 8 6 11 18 12 6 15 30 69 40 30 14 16 12 28 29 25 7 7 8 5 32 27 26 61 39 29 41 64 62 62 62 67 43 21 15 45 33 21 48 9 8 29 25 14 17 9 4 24 8 4 3 6 2 12 6 21 10 4
8 5 13 45 36 63 57 20 35 45 24 27 80 81 80 52 84 68 72 76 62 34 26 15 25 12 2 7 5 6 3 18 6 16 19 18 6 14 18 16 9 9 16 47 60 40 26 20 16 14 15 19 19 17 29 21 28 30 33 34 49 62 36 35 64 65 73 73 54 16 56 34 31 35 52 18 20 6 2 6 15 14 8 15 6 6 16 10 4 4 2 2 4 4 7 2
3 6 12 9 11 10 10 13 18 15 36 15 38 68 66 55 77 74 71 30 14 17 33 39 48 30 15 5 5 2 4 7 50 34 42 51 62 16 8 18 37 34 61 55 19 19 10 19 12 9 22 19 21 18 21 17 39 42 45 46 66 61 58 44 61 73 67 50 74 42 21 53 54 22 21 8 17 30 12 5 6 10 11 6 7 4 5 20 9 4 3 2 1 4 5 4
33 10 7 8 13 11 15 23 25 29 17 41 19 12 9 10 14 13 20 29 22 59 63 51 68 32 57 20 19 20 13 14 36 5 1 1 14 59 9 7 28 21 33 37 30 44 44 53 27 13 22 23 29 23 8 22 29 64 41 64 60 67 74 88 86 74 70 42 40 83 41 33 28 30 14 4 7 7 21 14 6 7 12 8 5 6 4 4 12 3 2 2 1 1 2 2
37 30 26 18 20 12 15 28 5 14 41 30 24 33 22 21 13 31 45 58 84 67 83 58 57 35 27 30 20 50 33 4 2 6 7 1 6 9 35 9 4 64 17 20 27 19 9 16 35 22 34 41 37 25 10 15 25 51 73 62 80 69 80 78 78 74 67 24 31 68 70 50 28 16 22 11 8 6 10 7 10 6 5 7 5 3 3 3 17 7 1 1 1 0 2 2
66 42 61 44 40 38 50 15 20 13 18 24 27 54 50 21 9 25 58 63 74 86 73 85 66 62 62 60 32 38 65 54 23 4 10 10 22 19 18 35 7 43 26 19 36 6 12 17 11 32 41 52 60 45 45 23 31 50 65 70 54 41 75 76 72 66 59 47 27 43 76 22 23 13 9 5 9 3 10 18 6 8 7 3 2 2 2 2 3 2 5 1 1 0 0 1
69 57 69 50 58 48 38 48 16 13 25 17 60 41 19 42 30 20 19 59 72 63 61 70 49 55 64 59 34 12 34 70 75 53 42 19 23 27 27 35 17 38 70 34 36 21 10 10 11 18 16 19 34 11 16 43 35 59 47 28 26 27 31 49 52 22 30 17 43 52 44 41 18 12 12 4 5 6 6 12 9 4 6 4 2 2 2 1 1 1 2 3 1 1 0 0
42 61 60 77 79 53 31 75 26 13 24 25 24 25 47 49 34 49 34 20 23 55 65 23 42 67 47 75 47 13 13 14 49 73 60 40 29 25 21 31 28 38 72 26 36 37 27 35 37 39 38 41 28 27 35 28 44 73 59 56 57 50 25 14 7 20 16 22 15 28 27 40 41 15 7 3 5 6 7 9 9 14 2 3 2 1 1 1 1 1 1 0 3 1 0 0
65 79 67 85 69 32 66 81 38 37 44 20 51 71 54 36 57 42 34 24 29 27 18 52 44 21 34 64 73 38 29 19 14 66 55 56 63 58 54 62 55 34 69 75 44 37 45 49 46 46 56 65 36 53 58 30 27 46 60 45 41 26 14 21 21 6 3 12 26 27 28 32 15 13 6 5 7 6 8 5 6 4 5 2 1 1 0 0 0 0 1 1 1 1 0 0
46 81 43 79 46 67 74 72 23 49 55 33 24 18 37 39 45 69 61 72 32 22 29 23 29 29 46 82 44 80 36 47 40 58 26 52 54 80 61 49 57 31 49 72 80 44 39 36 61 45 45 36 30 54 58 32 46 75 75 75 40 49 51 39 32 13 10 14 17 17 15 19 14 7 10 2 4 8 5 6 3 2 3 2 1 0 0 0 0 0 0 1 1 0 1 0
18 72 55 70 64 73 70 30 39 65 62 48 43 25 24 15 19 30 30 68 44 17 25 24 65 70 66 71 36 74 76 29 29 38 59 70 59 82 89 57 53 22 28 66 77 71 64 47 59 25 18 26 59 56 49 43 45 34 30 30 25 40 55 44 41 25 23 19 12 12 12 11 7 9 2 3 3 4 3 1 2 1 1 1 2 1 1 1 1 0 0 0 0 1 0 0
19 18 14 53 68 69 28 32 73 46 63 75 61 46 31 36 42 39 45 25 32 51 43 18 54 56 67 75 72 43 83 80 38 19 32 75 73 62 60 64 71 24 29 67 83 85 57 50 54 50 39 28 77 44 83 87 85 75 81 73 52 29 34 30 27 21 21 19 14 7 8 10 7 8 3 5 2 2 2 2 1 1 1 2 1 1 1 1 0 0 0 0 0 0 0 0
20 62 39 30 21 45 37 76 79 53 51 67 42 55 23 41 35 35 44 30 35 37 38 18 62 73 63 85 78 59 72 84 78 45 38 12 30 60 44 25 36 26 18 80 83 82 68 70 63 68 89 93 81 54 45 79 76 42 44 64 58 34 45 32 25 15 12 20 12 5 5 5 5 5 3 3 3 3 1 1 1 1 0 1 1 0 1 0 0 0 0 0 0 0 0 0
51 57 41 59 47 23 49 80 73 77 16 52 66 66 75 43 58 31 27 24 27 14 40 59 82 61 84 89 74 74 52 67 79 53 51 29 59 76 83 81 64 53 37 52 83 70 62 88 62 67 84 83 90 64 45 83 88 63 45 32 70 65 24 48 26 22 11 10 8 5 6 4 4 3 2 2 2 1 1 0 0 0 0 0 0 0 0 0 0 0 0 0 0 0 0 0
42 40 64 42 34 14 46 64 48 80 34 42 72 58 71 57 31 50 41 57 58 58 19 50 63 72 81 83 61 82 65 80 67 68 66 73 67 76 81 73 18 61 68 39 18 48 60 83 67 57 77 73 76 81 44 58 73 90 65 44 51 31 29 25 27 30 25 15 8 3 7 3 2 1 1 1 1 1 0 0 0 0 0 0 0 0 0 0 0 0 0 0 0 0 0 0
30 25 15 33 46 43 17 77 35 31 32 48 58 17 44 60 37 45 37 66 64 41 37 16 45 81 73 81 65 83 66 67 57 44 59 65 78 70 71 79 73 56 27 24 12 16 55 77 59 30 42 69 77 82 77 81 83 77 84 43 28 32 26 29 24 18 23 7 5 7 2 2 1 1 0 0 0 0 1 1 1 0 0 0 0 0 1 1 1 0 1 1 1 1 1 1
20 36 50 40 24 18 18 35 43 40 62 54 64 63 32 48 44 58 25 20 35 67 45 24 13 24 28 65 62 36 16 16 14 28 26 20 59 37 43 60 62 55 50 23 8 16 61 65 54 42 34 26 52 79 76 69 57 55 73 71 27 16 21 21 20 16 6 8 4 2 2 1 1 1 1 0 0 0 0 0 0 1 1 1 2 3 3 2 1 1 1 3 3 4 3 1
38 25 21 19 32 25 27 18 21 20 38 67 64 69 23 22 29 61 63 45 33 27 45 14 29 38 32 29 20 28 42 32 42 39 56 26 22 21 18 21 15 35 28 15 16 24 50 55 63 41 37 34 9 41 39 46 44 58 33 49 37 16 32 27 20 9 7 4 3 2 2 1 0 0 1 1 0 0 0 0 3 4 2 4 6 7 5 9 5 5 15 17 6 10 4 2
24 27 33 57 46 47 39 33 38 38 48 12 18 24 35 47 35 18 62 64 54 28 23 9 27 61 60 48 36 40 57 63 33 61 30 25 26 33 34 31 21 13 21 23 38 39 56 55 64 50 35 17 19 15 22 45 19 12 9 29 14 16 14 8 10 5 3 3 2 1 1 0 1 0 1 1 1 0 3 4 9 8 9 13 14 25 23 13 12 13 4 1 2 2 3 6
33 37 52 35 30 39 41 28 46 65 20 29 49 47 31 49 12 19 22 24 36 20 18 16 33 33 53 47 65 30 58 49 42 46 29 27 36 59 30 59 38 20 14 14 17 27 38 46 42 44 28 42 36 23 27 26 23 15 18 19 32 23 11 3 4 4 3 1 1 0 0 4 4 2 2 2 1 2 6 17 32 24 25 45 34 27 25 17 21 15 4 1 0 0 1 4
52 67 64 66 35 30 35 32 49 56 34 36 51 49 46 28 33 28 39 39 27 31 33 19 34 31 32 55 29 39 51 50 52 39 29 31 27 53 28 61 43 35 30 11 7 6 23 22 61 63 38 28 58 29 13 31 33 37 31 19 21 9 4 3 3 2 1 1 2 2 5 9 11 4 5 6 3 7 22 32 50 69 26 53 30 20 15 15 13 7 5 3 1 0 0 1
19 17 12 15 22 23 50 51 63 40 45 22 39 54 25 12 20 20 27 23 13 11 9 19 30 27 27 32 45 49 43 40 26 34 23 10 34 29 48 61 42 41 56 30 33 16 10 22 20 51 32 40 30 13 13 22 20 16 9 4 4 2 1 1 1 0 2 6 12 7 15 24 22 12 19 11 5 15 39 43 74 46 27 19 9 1 1 7 2 3 2 1 1 0 0 1
27 39 28 46 42 47 34 51 42 37 17 21 33 44 52 46 47 22 18 16 20 7 10 27 60 50 32 29 47 28 21 37 66 38 22 11 33 20 59 25 57 38 49 44 27 15 20 21 12 27 35 26 11 15 12 10 23 8 4 3 2 5 5 7 3 5 9 19 22 23 22 35 21 18 23 17 15 28 50 63 58 35 14 8 5 2 2 2 3 1 1 1 0 0 0 0
22 20 21 45 62 24 29 38 33 40 34 26 49 32 61 46 34 55 44 30 58 26 31 22 51 64 39 60 23 29 41 26 53 50 26 18 25 33 40 20 29 30 44 47 21 32 21 13 14 17 17 22 16 15 12 9 4 2 1 8 8 15 15 16 10 12 23 30 46 49 34 49 46 40 27 37 45 55 58 54 39 45 18 8 3 3 2 1 5 2 0 0 0 0 0 0
28 18 31 50 31 34 29 46 50 40 52 58 52 41 31 29 63 61 40 42 43 31 52 30 36 57 69 46 26 26 18 19 17 17 32 40 12 16 47 45 44 49 40 28 38 28 26 24 14 18 19 20 29 17 8 5 6 8 13 26 23 24 35 23 18 30 36 43 61 45 50 60 72 37 40 52 61 66 72 44 12 9 8 8 5 2 1 1 1 1 0 0 0 0 0 0
21 31 41 39 20 59 44 38 61 68 75 70 63 67 43 21 24 41 38 46 15 37 64 36 43 34 57 71 46 62 43 36 29 30 49 58 25 36 48 59 52 14 17 30 22 27 14 12 20 24 23 37 22 13 16 8 14 16 35 35 31 31 42 32 27 41 52 37 68 64 53 78 64 48 56 75 62 63 22 70 37 30 9 4 4 2 1 2 0 0 0 0 0 0 0 0
22 27 38 30 19 19 26 36 29 38 56 72 49 53 64 26 36 32 25 23 26 61 65 47 29 37 21 45 33 39 32 32 46 44 60 52 30 46 60 58 47 26 12 11 20 20 24 36 22 20 36 22 16 30 16 15 24 38 42 53 46 45 46 37 37 68 71 58 75 74 73 72 84 83 52 56 61 61 21 13 26 33 15 9 2 1 1 2 1 0 0 0 0 0 0 0
23 26 50 23 34 15 24 18 34 42 22 26 22 23 31 45 43 38 64 33 48 64 45 60 22 58 32 61 28 25 39 42 43 39 49 42 43 35 53 55 45 22 9 19 22 22 29 28 28 27 27 37 25 20 17 32 43 44 43 50 47 37 58 52 56 74 73 70 65 83 75 69 62 71 27 24 13 35 41 17 8 16 7 4 2 1 2 0 0 1 0 0 0 0 0 0
27 51 44 69 13 62 51 10 38 31 45 30 59 33 46 41 45 36 35 37 26 52 31 46 37 30 39 37 22 45 47 39 42 44 45 33 38 29 41 58 41 36 36 43 49 24 33 24 43 51 47 58 41 25 40 42 46 58 42 49 66 53 67 70 63 73 55 74 38 55 80 77 74 57 71 53 32 10 7 13 7 4 9 6 4 3 2 3 1 0 0 0 0 0 0 0
65 44 21 31 53 32 17 39 41 50 32 51 30 28 59 36 38 10 34 42 40 16 31 43 32 23 33 14 23 15 20 37 37 65 24 27 26 40 41 19 27 42 19 25 23 33 16 32 48 62 56 52 45 44 41 60 52 62 60 52 60 69 64 68 65 74 55 50 74 38 70 71 51 67 72 77 56 49 41 21 14 7 2 1 2 3 1 2 1 0 0 0 0 0 0 0
45 75 41 44 14 26 22 38 34 39 60 24 32 53 56 63 64 25 28 55 35 25 11 21 41 16 25 21 19 12 15 40 44 39 19 26 26 26 57 38 26 38 20 61 33 30 38 28 55 63 49 46 46 45 43 48 69 63 60 75 74 83 71 58 66 32 46 36 41 45 31 56 38 45 65 69 69 79 57 37 31 34 28 10 2 1 2 1 1 0 0 0 0 0 0 0
21 28 20 19 42 50 31 30 40 48 50 28 42 28 18 20 16 21 27 40 57 22 32 19 28 19 19 9 14 22 27 40 27 25 27 19 27 47 56 41 26 22 39 65 22 50 37 41 52 72 43 46 46 45 45 51 67 75 62 72 82 57 42 71 70 62 48 24 17 6 12 12 20 22 43 54 47 54 57 32 50 31 19 4 3 3 2 1 1 0 0 0 0 0 0 0
20 23 39 29 29 44 44 29 14 43 9 14 29 30 62 29 48 23 26 25 41 29 22 27 21 24 33 17 14 15 29 19 22 36 8 9 19 55 33 29 18 34 36 53 45 38 44 50 61 55 39 56 44 45 59 45 69 80 82 60 70 73 32 18 16 24 28 45 35 23 10 7 3 8 15 34 25 46 61 20 31 48 16 7 4 2 2 1 1 0 0 0 0 0 0 0
16 54 34 18 18 28 26 24 13 13 18 22 21 44 39 28 36 41 37 34 25 51 20 42 22 27 44 12 13 24 11 17 37 23 25 37 38 62 12 11 24 45 44 55 48 36 41 45 54 39 60 69 56 61 60 57 66 68 68 47 48 61 34 31 57 70 74 55 51 33 24 30 7 2 4 17 13 35 53 36 17 15 11 7 3 3 2 1 1 1 0 0 0 0 0 0
18 31 28 27 24 24 24 17 7 4 10 19 33 16 25 33 28 44 23 14 10 12 21 13 10 36 28 14 24 17 12 13 29 17 7 17 27 34 26 26 33 40 60 64 33 38 52 45 57 55 72 79 63 81 74 86 73 66 73 46 34 16 63 56 23 49 68 57 61 59 52 27 10 8 3 3 3 9 28 11 7 3 2 4 1 2 1 1 1 1 1 0 0 0 0 0
35 6 13 28 6 18 9 3 4 2 3 3 6 12 32 15 10 15 29 15 13 7 9 12 6 13 12 14 23 12 3 5 6 13 15 10 32 25 16 26 39 55 76 85 77 74 63 65 60 36 77 53 84 75 67 73 45 53 71 78 32 28 23 75 36 27 46 62 51 43 60 55 54 21 11 3 1 1 1 1 1 1 1 2 2 1 1 0 0 1 0 0 0 0 0 0
2 4 11 7 8 6 4 1 1 6 19 1 4 5 6 17 14 12 17 12 11 10 12 13 3 4 9 12 8 4 1 2 4 26 49 48 62 70 79 79 77 86 68 86 78 85 77 34 63 71 44 41 62 64 68 71 46 71 74 61 56 40 17 47 72 27 9 25 52 66 50 41 17 15 18 11 4 1 2 0 1 1 1 1 1 1 0 0 0 0 0 0 0 0 0 0
2 4 7 3 3 1 9 29 44 12 17 19 30 4 3 11 8 5 7 5 6 2 4 3 5 3 17 18 22 4 1 6 7 6 12 50 65 72 75 77 70 79 69 69 80 84 82 51 38 44 82 62 31 57 26 35 35 72 85 68 50 45 30 24 79 38 34 14 29 43 68 13 6 11 11 17 9 6 4 2 1 1 0 0 0 1 1 0 0 0 0 0 0 0 0 0
6 9 8 11 11 23 38 22 25 28 31 15 18 13 8 5 3 3 3 3 1 3 19 15 35 35 13 7 19 5 2 23 16 9 15 17 26 68 70 78 64 48 51 51 69 83 88 88 42 43 61 66 47 26 48 19 48 57 76 73 24 35 27 15 76 52 22 16 13 56 61 69 25 18 10 5 3 2 1 1 2 2 1 0 0 0 1 0 0 0 0 0 0 0 0 0
18 23 14 47 31 39 45 55 58 55 33 25 36 15 14 4 2 3 1 4 3 2 1 4 7 14 31 25 8 10 9 8 15 26 6 15 36 54 60 69 67 42 28 40 56 80 86 82 88 84 37 48 42 38 20 17 30 52 69 73 25 25 31 24 45 83 51 27 12 6 8 23 9 10 6 13 7 2 1 1 1 1 1 1 0 0 0 0 0 0 0 0 0 0 0 0
18 35 40 49 55 50 64 47 73 62 39 63 53 25 53 37 33 14 5 1 1 1 1 1 3 5 11 34 6 5 10 6 28 20 31 27 20 19 10 7 55 61 27 43 36 44 65 67 83 87 81 52 51 62 36 40 23 57 71 61 63 21 37 27 15 71 83 52 30 7 4 5 20 12 5 4 6 6 2 1 1 1 1 1 1 0 0 0 0 0 0 0 0 0 0 0
4 7 15 56 68 55 81 79 79 78 68 69 45 65 76 64 42 20 33 12 7 4 4 5 6 16 33 12 9 11 8 23 42 24 30 41 34 29 22 20 17 30 27 28 20 39 70 47 66 79 87 57 45 41 48 43 8 43 61 57 58 36 21 21 9 50 74 66 34 26 4 1 12 23 6 1 2 1 2 1 1 1 0 0 1 0 0 0 0 0 0 0 0 0 0 0
12 14 21 63 69 74 72 61 56 82 86 68 78 79 79 66 48 47 40 33 19 4 10 17 32 65 57 13 5 11 13 21 18 28 18 32 32 38 44 26 17 17 17 13 28 35 52 47 16 61 77 84 40 29 36 16 13 9 31 37 73 64 12 12 23 30 33 58 14 22 14 2 2 10 6 3 2 2 2 2 1 1 0 0 0 0 0 0 0 0 0 0 0 0 0 0
7 10 10 9 10 13 36 44 44 17 41 80 89 84 81 52 52 73 56 39 49 12 14 8 7 10 50 64 19 6 15 19 21 42 33 24 36 35 49 31 38 49 39 29 21 12 48 50 37 25 52 70 52 23 10 9 22 8 13 30 30 27 17 12 12 20 10 59 11 14 8 9 1 4 4 5 3 2 2 2 1 1 0 0 0 0 0 0 0 0 0 0 0 0 0 0
4 8 15 38 36 42 71 39 38 29 35 19 63 83 87 69 66 72 46 48 29 53 27 38 30 13 7 12 19 11 4 18 29 52 21 24 17 26 45 39 34 33 25 25 38 33 30 10 28 54 29 36 9 11 5 14 11 17 12 11 26 32 20 14 5 5 6 29 33 6 2 5 5 1 2 2 3 1 1 1 1 0 0 0 0 0 0 0 0 0 0 0 0 0 0 0
4 12 7 7 19 13 20 28 27 36 19 8 18 41 67 78 77 39 15 18 19 57 37 52 38 30 20 8 8 18 11 58 46 23 61 37 36 39 44 29 35 52 56 44 49 32 36 19 17 13 53 31 24 14 9 7 12 13 9 10 19 34 19 9 8 5 9 21 39 15 4 2 6 3 2 0 0 1 1 1 0 0 0 0 0 0 0 0 0 0 0 0 0 0 0 0
11 2 7 16 30 32 20 22 26 34 41 29 50 25 24 31 44 29 22 33 59 22 28 45 67 70 15 19 11 54 29 31 64 51 70 31 73 41 32 30 36 36 34 43 35 35 34 21 18 16 14 21 13 14 15 11 9 11 5 2 5 8 16 10 12 6 5 8 12 14 6 6 7 2 3 1 0 1 1 0 1 0 0 0 0 0 0 0 0 0 0 0 0 0 0 0
32 12 26 15 18 30 27 38 47 44 29 31 14 39 49 33 37 29 22 35 17 50 45 31 14 33 39 48 48 11 18 47 44 17 35 33 19 57 29 35 36 44 22 28 17 17 16 22 24 20 10 5 21 23 13 18 9 7 6 5 3 6 15 5 5 5 3 4 6 13 2 3 2 1 1 1 0 0 1 1 0 0 0 0 0 0 0 0 0 0 0 0 0 0 0 0
52 41 7 8 32 14 43 65 29 25 42 35 34 58 21 37 24 23 19 17 27 40 36 36 30 18 25 29 16 26 11 47 30 40 44 57 15 25 48 20 26 42 34 41 36 14 18 20 13 17 6 11 3 8 6 21 5 7 5 8 5 4 1 2 1 0 0 1 2 2 1 0 2 1 1 2 1 1 1 0 0 0 0 0 0 0 0 0 0 0 0 0 0 0 0 0
55 45 72 21 18 39 10 10 44 51 22 46 24 49 20 44 42 31 29 42 50 53 39 21 34 34 26 31 54 56 43 13 10 17 41 31 29 9 46 42 39 30 14 18 30 28 17 9 15 16 9 3 17 9 6 17 9 3 4 2 2 4 2 1 0 0 0 0 1 2 2 1 1 1 1 2 1 1 2 1 0 0 0 0 0 0 0 0 0 0 0 0 0 0 0 0
36 51 65 48 14 10 44 22 6 18 36 26 13 22 37 31 22 15 25 33 42 43 73 53 40 38 33 30 59 69 47 30 13 27 46 40 56 27 9 49 29 40 37 28 16 13 17 20 14 13 5 1 4 2 1 5 4 3 2 1 1 3 2 1 1 1 0 0 0 1 1 1 2 2 1 2 2 1 0 0 0 0 0 0 0 0 0 0 0 0 0 0 0 0 0 0
51 50 77 58 68 33 11 59 21 26 59 23 39 30 18 41 20 22 24 21 17 32 57 51 41 44 39 34 47 68 75 51 27 22 59 57 60 39 17 27 69 28 24 53 32 31 19 22 19 7 3 1 1 1 1 1 3 2 1 1 1 1 1 2 1 1 0 0 0 0 0 0 0 0 0 1 1 1 0 0 0 0 0 0 0 0 0 0 0 0 0 0 0 0 0 0
58 49 44 68 43 50 52 21 65 37 51 65 51 59 42 23 26 22 31 53 27 43 66 61 42 42 41 30 20 24 66 57 40 29 25 63 44 32 26 15 21 52 14 14 15 16 17 22 28 12 15 4 2 1 1 1 1 1 1 3 1 0 0 0 0 0 0 0 0 0 0 0 0 0 0 0 0 0 0 0 0 0 0 0 0 0 0 0 0 0 0 0 0 0 0 0
27 67 60 71 58 66 69 58 36 27 19 14 27 19 21 50 40 27 45 17 61 28 69 78 43 45 46 28 16 7 15 41 59 40 16 41 52 22 48 37 26 14 38 39 19 17 26 15 18 7 18 5 2 1 1 1 1 1 0 1 1 1 0 0 0 0 0 0 0 0 0 0 0 0 0 0 0 0 0 0 0 0 0 0 0 0 0 0 0 0 0 0 0 0 0 0
19 22 11 33 37 10 15 10 37 31 51 50 48 54 23 24 51 49 43 43 32 25 60 82 64 57 51 49 28 9 8 9 47 33 36 34 53 19 46 50 34 14 11 34 24 28 18 13 14 4 1 1 2 2 2 1 0 0 0 0 0 0 0 0 0 0 0 0 0 0 0 0 0 0 0 0 0 0 0 0 0 0 0 0 0 0 0 0 0 0 0 0 0 0 0 0
21 35 29 15 17 33 25 23 27 52 29 51 38 22 32 47 28 20 28 45 27 73 45 65 73 56 62 53 52 24 10 11 7 20 34 37 43 21 45 27 33 32 21 16 26 16 15 23 14 8 5 2 2 1 1 1 0 0 0 0 0 0 0 0 0 0 0 0 0 0 0 0 0 0 0 0 0 0 0 0 0 0 0 0 0 0 0 0 0 0 0 0 0 0 0 0
40 30 39 24 37 55 37 29 41 46 25 33 33 16 31 56 39 42 26 28 63 48 35 28 76 50 22 18 17 10 13 5 13 6 11 16 74 51 27 40 25 13 21 22 12 21 10 9 19 15 10 3 2 1 1 1 0 0 0 0 0 0 0 0 0 0 0 0 0 0 0 0 0 0 0 0 0 0 0 0 0 0 0 0 0 0 0 0 0 0 0 0 0 0 0 0
29 21 24 20 9 26 27 29 21 15 42 37 33 13 27 36 27 37 45 71 49 32 42 60 76 67 32 25 23 25 21 22 7 11 13 8 5 7 20 21 16 27 10 19 14 21 20 9 20 8 9 7 4 1 1 0 0 0 0 0 1 1 2 1 0 0 0 0 0 0 0 0 0 0 0 0 0 0 0 0 0 0 0 0 0 0 0 0 0 0 0 0 0 0 0 0
18 12 19 11 22 19 23 16 10 8 14 18 18 32 28 31 24 43 36 27 29 29 16 9 17 17 14 21 43 43 24 48 34 11 7 5 7 6 5 17 13 25 18 8 22 12 17 11 8 4 5 3 2 1 0 0 0 0 1 1 2 2 1 1 1 0 0 0 0 0 0 0 0 0 0 0 0 0 0 0 0 0 0 0 0 0 0 0 0 0 0 0 0 0 0 0
21 13 18 4 12 10 24 33 56 56 46 8 14 29 27 14 24 39 55 41 45 20 29 22 16 20 48 27 31 41 53 37 21 21 21 4 2 3 5 8 8 12 16 19 16 14 8 5 10 4 2 2 1 0 1 1 1 2 3 2 3 2 2 1 1 1 1 1 1 1 0 0 0 0 0 0 0 0 0 0 0 0 0 0 0 0 0 0 0 0 0 0 0 0 0 0
5 8 5 5 21 24 11 31 68 71 55 62 40 18 29 40 33 44 44 22 15 20 41 31 28 29 43 20 9 27 23 15 7 13 20 11 4 4 9 5 3 5 5 5 8 8 7 4 6 3 1 1 1 1 2 2 2 4 4 4 2 4 4 3 5 1 2 1 2 1 0 0 0 0 0 0 0 0 0 0 0 0 0 0 0 0 0 0 0 0 0 0 0 0 0 0
4 9 20 20 28 23 44 34 12 27 60 56 57 65 70 57 81 51 41 42 15 9 36 25 26 37 21 19 12 10 24 25 24 16 21 10 7 14 18 5 3 13 6 8 5 2 6 2 2 1 1 1 3 6 6 6 4 4 4 5 3 6 7 9 7 4 2 2 2 1 1 0 1 0 0 0 0 0 0 0 0 0 0 0 0 0 0 0 0 0 0 0 0 0 0 0
12 4 2 11 40 47 56 78 71 38 46 78 66 51 75 58 82 82 80 58 31 47 10 11 11 10 31 34 35 46 14 48 44 22 7 10 4 12 12 6 15 8 6 5 6 3 4 3 2 2 4 4 11 19 17 9 13 5 7 6 5 11 11 10 6 5 3 2 3 2 2 0 0 0 0 0 0 0 0 0 0 0 0 0 0 0 0 0 0 0 0 0 0 0 0 0
20 21 39 11 9 30 51 70 72 40 32 78 44 40 76 55 53 31 47 60 20 31 24 19 14 19 26 33 31 51 23 14 12 27 17 16 6 23 11 10 13 18 13 11 12 16 13 8 2 9 16 15 19 32 32 28 9 5 21 11 8 13 13 7 11 10 2 6 5 2 2 1 0 0 0 0 1 0 0 0 0 0 0 0 0 0 0 0 0 0 0 0 0 0 0 0
49 21 32 59 40 20 19 29 30 70 27 71 50 47 70 36 17 25 37 25 20 9 25 15 21 35 33 16 11 32 21 13 6 4 6 5 19 21 10 6 35 33 16 35 25 11 10 5 4 13 30 30 31 60 25 20 15 7 33 11 11 14 21 21 13 8 5 6 2 1 1 1 1 1 0 0 0 0 0 0 0 0 0 0 0 0 0 0 0 0 0 0 0 0 0 0
70 64 33 57 68 79 68 39 17 18 48 75 66 29 68 34 35 26 37 27 13 10 31 14 31 27 28 24 20 15 8 11 12 17 21 13 26 5 10 18 35 35 44 41 20 9 4 8 19 15 28 49 64 32 20 25 24 12 46 19 39 12 26 11 11 25 11 4 7 2 1 1 3 3 0 0 0 0 0 0 0 0 0 0 0 0 0 0 0 0 0 0 0 0 0 0
64 75 74 66 68 83 71 86 58 13 39 66 13 27 49 47 37 16 49 10 10 9 18 11 45 30 16 13 11 3 3 11 18 12 29 11 36 8 25 24 52 53 59 22 18 10 10 22 35 32 31 57 55 33 38 53 38 22 59 52 23 28 24 30 42 20 12 8 4 2 2 8 3 0 1 1 0 0 0 0 0 0 0 0 0 0 0 0 0 0 0 0 0 0 0 0
55 79 79 86 76 72 82 81 70 42 36 35 43 16 49 39 30 20 14 9 9 10 27 15 22 19 17 34 24 22 25 25 15 7 10 22 51 23 29 39 66 64 43 22 12 19 23 51 63 46 38 62 49 34 48 68 30 48 53 46 53 19 29 61 54 23 15 6 7 8 4 4 2 1 1 0 0 0 0 0 0 0 0 0 0 0 0 0 0 0 0 0 0 0 0 1
14 69 82 69 77 36 62 71 70 68 58 65 46 14 51 73 45 19 22 15 7 16 25 15 13 16 26 8 11 12 5 11 8 22 49 33 53 25 26 41 65 42 18 8 19 43 41 45 75 57 61 63 33 57 70 60 28 50 39 62 49 57 60 46 30 17 18 6 3 1 1 1 0 0 0 0 0 0 0 0 0 0 0 0 0 0 0 0 0 0 0 0 0 0 0 1
29 26 52 24 13 13 20 17 21 10 15 28 58 18 11 50 58 43 33 30 15 12 9 11 28 9 17 17 43 37 7 18 22 25 62 67 75 42 28 54 47 20 11 25 53 55 49 50 77 58 65 77 67 57 75 63 60 36 58 63 37 60 41 12 5 4 2 4 7 5 4 2 3 1 0 0 0 0 0 0 0 0 0 0 0 0 0 0 0 0 0 0 0 0 1 1
32 29 13 18 29 55 56 22 26 5 11 13 8 4 16 9 11 20 9 8 6 26 14 16 7 29 26 31 18 27 26 44 38 39 66 76 59 51 43 59 29 26 24 45 60 59 68 46 67 77 69 81 86 69 62 79 80 59 77 71 69 76 45 53 27 19 15 9 4 1 1 1 1 1 1 0 0 0 0 0 0 0 0 0 0 0 0 0 0 0 0 0 0 0 0 1
53 52 40 36 54 62 64 50 21 17 28 19 23 17 16 22 17 7 6 9 12 33 14 15 28 34 16 60 53 40 51 57 52 55 65 43 29 44 25 56 42 34 31 49 64 71 75 67 72 79 68 79 75 73 28 38 72 79 76 59 18 12 25 19 42 17 9 14 3 1 1 1 1 0 0 0 0 0 0 0 0 0 0 0 0 0 0 0 0 0 0 0 0 0 1 1
35 10 41 49 59 51 54 32 10 20 20 26 51 41 19 19 8 14 12 13 3 7 49 32 21 6 11 32 46 37 38 47 64 41 68 29 42 30 11 53 42 39 51 65 65 79 78 64 81 87 65 44 44 34 18 18 47 58 42 23 28 19 15 20 12 8 7 3 5 2 2 1 1 0 0 0 0 0 0 0 0 0 0 0 0 0 0 0 0 0 0 0 0 0 1 1
