sesion_6_simulaciones/modelos_agentes/ejemplos_netlogo/scenarios/cgcm2_a2/rob_2045.asc
NCOLS 322 
NROWS 307 
XLLCORNER 451900 
YLLCORNER 4086900 
CELLSIZE 100 
NODATA_value -9999 
[rows 74 to 147 of 307, columns 96 to 191 of 322]
13 41 23 11 11 13 13 38 13 14 9 46 19 66 53 31 5 3 3 4 27 18 7 3 4 1 1 0 1 2 1 1 1 2 1 0 0 0 1 0 0 0 1 0 0 1 2 0 0 1 1 4 11 6 7 3 5 8 18 10 9 47 36 24 36 43 25 36 44 47 40 48 33 53 21 24 44 50 41 37 18 43 64 59 43 25 28 32 20 25 21 18 15 7 1 0
17 21 18 13 10 11 16 35 18 27 35 20 8 16 18 37 19 19 30 41 72 22 21 13 3 6 1 1 1 0 1 13 2 2 5 2 1 0 0 0 1 2 3 1 5 3 2 6 17 1 1 1 1 6 2 2 5 12 9 5 14 15 40 24 31 20 20 25 36 45 24 58 22 29 22 12 41 22 14 41 51 44 21 23 34 35 31 30 43 39 48 48 26 17 6 3
27 15 13 17 10 20 9 36 14 38 40 11 18 38 29 17 24 48 23 48 47 52 40 37 6 3 2 1 1 2 6 10 6 3 4 4 5 1 2 2 1 1 1 0 1 5 1 3 3 6 1 0 1 1 2 2 4 10 5 7 6 3 17 17 22 13 26 13 47 29 13 33 23 20 22 24 14 7 51 33 28 28 45 34 52 57 54 66 70 55 58 54 37 27 15 9
29 9 25 21 14 11 16 24 22 29 60 23 30 18 21 33 53 28 50 41 64 67 34 19 27 2 1 2 4 3 7 2 6 2 8 1 13 3 3 7 1 0 0 0 1 1 7 10 5 13 9 5 3 0 1 1 4 2 2 1 4 2 13 11 14 8 17 14 20 6 6 7 16 5 17 8 7 12 34 22 36 33 31 51 70 68 76 61 62 73 50 54 35 29 20 16
29 15 21 23 30 15 19 23 9 51 69 58 29 18 39 29 40 51 68 32 29 46 48 61 16 9 11 13 23 7 6 3 5 6 1 2 2 4 5 6 3 0 0 1 1 3 11 7 2 28 17 8 9 5 4 1 1 1 1 1 2 2 1 4 2 5 5 8 6 2 3 3 15 8 3 1 10 16 15 16 40 63 75 66 72 77 52 62 68 50 55 37 29 31 29 44
48 49 17 44 54 27 9 28 11 27 35 59 42 26 27 5 42 75 40 37 43 24 54 56 18 11 36 47 36 30 39 7 1 1 1 8 8 1 2 5 8 1 1 2 2 3 9 31 23 23 26 17 19 4 13 10 8 1 1 0 3 5 1 1 1 3 2 4 1 1 7 13 8 7 26 19 8 4 18 45 45 59 62 59 51 67 68 79 62 44 44 33 30 44 64 43
78 84 61 58 17 15 12 11 11 36 17 10 45 52 10 33 65 36 21 19 35 12 7 40 44 43 46 42 50 29 45 32 6 7 8 14 5 4 1 3 15 3 1 2 4 14 5 7 28 14 28 48 25 18 18 7 11 17 17 9 8 1 8 3 1 1 4 6 7 11 6 0 1 1 3 22 25 46 14 34 47 35 62 47 47 49 68 75 60 54 51 40 70 69 33 31
63 56 72 18 13 14 23 17 14 19 23 5 14 23 26 35 15 51 44 31 25 30 6 11 48 65 50 25 19 41 17 10 29 29 22 11 21 13 4 3 15 10 1 2 8 6 4 3 9 5 42 50 18 55 28 12 32 9 8 6 17 3 8 11 9 3 7 9 20 5 12 3 2 2 4 3 7 42 42 34 20 35 59 54 34 47 73 61 56 52 53 61 75 61 32 55
81 80 66 34 30 37 40 26 17 19 32 4 15 27 35 18 18 68 38 25 40 65 30 32 52 89 43 8 23 20 13 13 3 7 50 17 7 6 6 10 22 14 6 2 6 5 5 9 10 29 30 68 58 62 34 31 34 18 29 12 18 10 10 8 8 9 3 4 17 8 20 27 22 10 5 6 7 4 34 59 70 23 43 41 29 68 54 36 49 64 55 75 51 48 39 70
35 55 79 75 15 16 39 38 55 27 29 8 27 55 33 10 19 80 25 41 30 34 21 63 33 38 21 32 37 24 16 17 8 29 63 33 24 5 5 17 8 3 7 2 5 3 4 8 11 15 13 60 52 68 47 40 54 25 41 30 20 26 11 10 13 7 17 5 15 27 39 36 19 9 11 3 4 11 7 54 48 39 13 41 58 24 35 38 51 44 55 47 31 42 42 84
23 33 44 60 66 19 34 25 18 50 41 19 28 53 39 23 37 74 40 36 20 15 66 70 57 46 19 54 43 27 11 5 42 76 71 60 51 12 20 15 11 1 6 3 5 9 10 8 13 4 3 23 65 78 42 54 40 40 66 49 27 12 7 5 23 7 33 19 13 31 43 36 10 6 13 9 13 12 11 23 59 66 54 25 13 39 56 60 50 67 26 41 42 66 42 75
21 33 52 38 60 60 51 49 26 38 57 14 31 61 45 52 41 51 52 64 62 15 42 46 78 63 61 67 54 58 31 69 79 63 59 81 65 18 18 27 10 3 6 4 5 10 11 9 13 9 17 21 71 74 48 31 42 75 66 61 26 9 18 20 39 23 56 45 34 16 56 31 34 27 20 10 9 17 15 15 32 69 42 67 56 20 49 18 54 25 26 48 38 70 49 64
19 14 8 8 26 49 26 15 22 31 37 21 45 69 50 19 40 30 51 67 73 63 27 32 34 38 72 84 50 59 78 79 81 62 67 62 56 59 31 38 14 33 18 22 7 11 19 27 20 22 14 27 66 88 61 46 71 65 75 62 30 22 18 23 59 34 51 44 35 21 44 30 19 5 14 8 3 10 18 11 6 52 66 52 41 72 48 49 46 51 46 57 68 68 74 38
14 8 1 3 23 23 6 13 18 28 15 32 66 58 24 13 24 33 59 58 71 89 54 27 23 34 79 76 82 37 81 65 60 66 84 77 53 68 37 48 32 70 23 37 26 14 15 11 16 17 17 19 35 82 63 77 66 77 88 57 30 33 35 53 52 40 54 43 33 8 11 16 34 23 26 12 4 7 12 22 33 7 57 61 57 66 73 81 89 60 81 82 68 41 79 28
20 17 6 3 21 15 10 18 24 18 24 35 49 56 25 9 53 55 42 46 53 65 80 77 54 35 59 73 83 76 71 85 78 44 45 35 36 71 23 34 80 61 33 16 15 17 10 17 28 38 42 21 30 54 59 71 67 82 83 64 52 64 61 59 66 19 47 50 34 12 11 37 48 29 14 38 9 6 12 17 30 20 12 51 65 84 67 38 39 57 59 80 68 42 57 71
23 11 10 4 11 8 5 34 18 16 13 23 68 44 18 10 52 34 51 62 57 68 79 77 76 45 56 26 47 78 62 67 72 62 59 57 42 33 44 83 42 48 17 10 16 33 19 23 37 46 38 38 25 31 26 58 71 75 83 59 47 59 52 77 74 39 53 61 20 6 8 30 21 23 58 41 12 11 4 18 19 36 40 14 55 78 73 68 69 57 40 38 56 37 23 46
12 13 6 4 3 3 4 23 22 8 30 48 69 65 20 9 34 11 38 76 74 75 40 55 76 62 60 49 73 91 86 81 56 68 51 32 36 29 61 30 32 23 10 36 63 37 23 26 26 25 25 26 22 23 9 14 56 71 84 52 70 65 77 86 86 39 75 50 39 18 10 21 37 48 72 19 11 37 8 16 18 25 43 34 13 60 62 41 25 38 36 35 27 41 44 41
26 21 14 6 5 3 3 6 16 18 23 57 41 31 43 19 43 12 7 29 37 71 50 47 44 28 50 68 86 92 75 81 84 79 73 40 24 34 76 18 45 44 60 63 65 37 48 15 10 20 50 51 61 58 58 24 10 8 40 56 55 65 79 87 87 59 90 60 57 43 22 24 40 76 49 14 31 24 14 8 20 33 39 37 32 8 25 49 36 38 23 36 61 69 60 58
14 12 6 5 5 4 2 1 8 23 31 35 34 15 15 8 44 20 9 43 37 45 34 44 54 48 38 67 44 72 76 73 75 66 22 32 42 49 44 21 65 63 79 62 49 31 64 51 51 37 45 43 48 36 45 16 7 8 11 41 67 86 78 86 76 46 80 71 35 23 35 52 37 54 29 28 52 35 30 33 28 35 28 33 41 25 7 15 21 26 50 59 69 70 69 61
7 6 7 6 5 4 4 2 3 7 20 30 31 24 13 8 46 15 6 26 19 25 28 40 30 55 52 61 45 18 39 46 36 28 48 48 67 79 48 45 28 66 91 54 34 70 61 45 60 39 46 37 27 36 37 45 25 12 13 65 83 78 83 89 84 82 79 83 64 22 47 35 31 13 18 53 37 12 29 13 21 26 25 28 39 27 35 15 6 31 53 75 82 75 73 48
12 5 14 19 11 10 9 9 6 7 13 22 19 14 13 7 25 10 4 12 22 18 16 19 25 44 43 45 49 36 17 14 22 44 46 75 83 53 63 66 46 82 87 56 73 62 57 30 74 43 58 47 63 71 71 59 38 16 19 32 79 71 87 87 82 75 80 85 76 43 32 42 43 34 33 35 46 66 18 24 13 12 34 29 18 34 52 49 19 21 31 28 47 54 60 51
32 29 20 31 28 21 23 20 11 3 7 10 10 12 8 9 8 6 6 10 10 13 7 10 21 26 33 36 36 46 13 17 24 43 84 87 68 44 73 79 63 76 80 66 58 66 60 46 74 53 45 65 58 68 72 61 42 21 14 19 24 72 82 85 77 68 84 76 50 19 33 56 24 41 64 47 56 28 8 30 15 17 28 28 58 40 26 32 43 46 44 23 15 16 26 32
40 22 36 34 39 29 40 25 13 12 2 3 2 5 9 6 8 7 3 4 11 12 7 7 8 9 37 29 27 13 18 8 33 79 76 76 35 61 87 69 51 56 63 28 37 83 54 71 74 69 49 69 80 56 34 40 47 48 39 25 29 46 69 75 75 72 55 59 31 29 45 42 35 50 59 65 49 31 27 32 24 10 25 56 57 58 40 37 43 49 62 60 43 21 11 23
35 39 46 32 45 40 29 27 23 22 22 9 5 2 2 3 6 5 3 2 5 3 4 5 4 7 27 39 20 16 24 6 44 73 59 37 45 81 89 77 40 51 46 36 79 70 51 51 84 80 45 55 58 74 61 44 16 28 35 44 38 46 38 50 33 54 61 53 28 46 55 51 42 37 58 51 40 51 13 7 29 21 30 46 58 49 43 38 30 39 55 52 50 29 27 9
48 34 49 51 49 33 33 40 24 27 20 17 15 7 4 2 2 4 2 3 5 4 3 3 2 6 8 27 7 8 23 8 32 54 30 38 45 66 61 64 51 55 34 73 77 33 57 86 84 76 76 36 22 32 28 39 20 26 43 52 40 55 40 27 26 42 34 30 27 55 48 62 32 54 59 49 66 29 25 12 33 11 12 19 31 56 55 40 32 27 51 44 52 48 46 23
31 24 50 53 26 37 18 23 39 32 22 21 18 17 10 3 2 1 1 0 1 1 2 2 1 2 3 4 4 25 13 5 10 11 17 50 55 65 89 73 65 50 64 64 59 46 53 89 84 75 89 70 46 59 59 40 24 18 12 22 57 44 36 21 25 42 31 26 36 45 57 63 51 24 28 27 41 29 21 22 4 29 17 26 35 48 47 52 61 44 44 49 56 68 47 37
17 32 71 47 47 27 54 29 46 42 26 27 20 8 7 7 6 5 4 4 5 4 2 2 2 1 1 2 7 26 4 8 10 6 26 55 61 24 56 52 61 50 50 64 51 52 69 88 83 83 85 85 45 32 30 28 29 38 32 8 12 25 25 23 25 32 26 28 26 44 51 64 52 53 15 28 40 25 9 10 27 11 7 30 38 41 49 59 50 66 56 68 69 67 56 49
22 38 61 40 37 37 26 30 48 36 34 30 21 18 10 14 7 12 11 11 6 11 4 4 8 4 1 1 3 12 4 7 11 11 23 31 28 33 26 14 51 63 43 35 45 72 85 86 79 70 80 79 61 45 51 62 59 46 39 16 4 21 17 14 23 19 17 21 36 44 38 46 38 34 42 37 22 35 62 62 47 52 25 26 25 30 39 50 65 55 74 70 66 67 67 67
22 55 22 29 38 32 31 20 40 41 19 15 31 16 14 10 11 14 13 15 14 13 11 10 6 7 2 0 2 5 2 5 10 12 18 20 23 33 33 14 29 68 53 25 57 60 87 82 42 35 47 69 83 73 58 57 54 41 24 12 5 26 14 8 11 15 19 33 39 45 40 42 44 59 68 71 53 72 67 61 48 32 18 9 10 27 50 50 52 60 71 73 74 79 74 71
49 17 26 24 20 33 37 31 15 19 25 31 30 26 12 19 15 16 19 26 25 16 23 13 18 9 7 1 1 4 2 3 6 11 19 23 32 31 28 10 17 36 48 20 50 50 76 49 27 29 53 60 82 76 69 55 55 43 24 20 6 10 8 6 20 16 24 47 42 44 44 39 68 71 85 67 72 57 62 33 12 7 8 18 4 20 37 40 62 77 69 56 44 42 37 38
14 18 34 60 56 40 15 10 14 36 36 31 18 29 27 27 24 34 30 30 31 30 22 26 20 12 5 3 1 1 1 2 1 9 14 39 47 32 32 16 12 13 19 6 20 34 26 32 34 46 48 69 86 77 72 72 68 57 52 28 9 7 9 5 15 20 29 25 22 36 56 54 58 61 62 68 65 48 28 23 19 10 29 27 55 31 16 39 68 59 49 54 56 56 54 54
33 46 39 13 13 21 26 13 24 39 39 34 32 33 30 40 27 36 36 43 21 41 37 31 20 9 4 3 1 0 0 1 1 4 11 21 22 29 38 20 24 18 21 6 15 28 36 68 78 76 88 72 87 84 80 67 70 51 37 24 9 10 9 3 3 8 12 30 43 39 52 71 45 48 44 59 61 18 10 18 13 19 48 37 58 35 55 32 42 44 51 55 52 61 66 61
39 22 30 31 29 19 28 16 38 39 38 39 56 38 49 44 44 59 51 35 38 40 49 21 24 13 9 2 2 1 0 0 0 2 6 9 24 38 39 14 9 15 16 10 18 34 66 48 73 64 68 58 91 87 82 62 47 35 26 10 8 3 3 1 1 6 20 45 53 42 48 69 57 37 29 38 23 25 39 33 16 41 45 46 59 64 44 31 36 38 36 47 54 63 58 76
19 17 13 11 11 10 6 21 44 36 38 58 43 51 52 54 62 35 30 57 46 53 50 24 15 10 12 7 6 4 1 1 0 1 5 5 4 16 28 15 10 13 14 15 30 34 21 40 55 85 57 67 84 72 78 68 53 34 14 10 7 4 1 2 1 4 16 29 57 44 45 20 32 41 29 42 42 39 30 23 23 48 43 48 56 46 22 43 15 25 40 56 59 42 71 73
10 16 26 31 27 16 15 25 38 55 51 50 40 50 71 72 50 34 37 65 52 35 32 29 17 12 15 13 7 5 4 3 1 1 5 5 3 3 3 2 4 7 8 14 25 20 27 46 79 41 33 54 87 75 64 43 36 29 29 18 6 3 1 1 1 3 12 19 32 40 37 27 45 32 37 45 55 63 55 50 47 74 47 35 36 44 49 64 58 30 30 38 37 56 63 59
18 36 25 52 21 21 24 42 40 52 53 23 25 53 53 44 37 38 53 76 41 36 34 33 22 20 13 10 7 3 2 2 4 1 1 3 4 2 2 2 2 6 7 7 9 21 35 22 68 32 48 71 86 62 42 40 32 16 12 15 7 5 1 2 1 1 5 6 19 23 37 43 53 46 70 70 82 44 28 13 66 67 70 46 14 51 68 83 75 57 62 35 64 52 44 81
30 32 55 47 24 41 37 41 59 53 40 28 35 56 40 62 26 40 75 47 36 32 39 37 36 29 16 13 6 6 5 4 5 3 1 1 3 1 1 1 2 4 5 6 8 15 25 21 15 27 55 81 81 57 47 39 20 18 15 11 7 3 2 2 1 1 7 17 28 36 46 49 60 68 74 65 29 27 18 54 62 73 79 82 40 58 81 80 68 54 41 53 39 53 37 53
43 52 27 21 31 38 37 63 27 43 19 39 46 78 58 44 28 65 26 23 51 33 26 20 24 22 21 20 16 11 13 10 5 4 2 2 0 2 2 1 1 2 2 5 11 25 10 21 6 11 36 66 89 83 52 38 25 10 14 9 7 3 4 1 0 3 11 26 47 51 50 58 62 55 47 49 40 52 57 67 67 75 66 82 71 65 63 30 16 10 30 69 61 47 33 37
53 37 26 19 28 40 55 10 53 19 22 43 65 71 51 24 58 50 37 18 20 35 14 15 26 27 37 21 29 26 18 15 7 6 4 3 2 1 1 1 2 1 2 6 8 15 3 13 4 20 32 15 64 76 47 28 14 10 7 3 7 7 3 1 1 7 16 19 26 36 40 44 49 50 68 71 65 62 60 51 64 57 46 75 68 47 38 44 54 50 69 28 50 48 30 31
19 36 28 22 32 55 59 16 41 35 55 38 71 42 27 44 57 26 31 28 63 44 27 20 33 49 37 46 39 45 23 9 2 11 6 5 5 2 1 0 1 2 2 5 6 2 7 13 3 15 14 53 64 42 38 34 30 16 8 4 8 6 4 2 0 1 7 17 24 26 32 36 50 44 39 36 34 34 74 36 63 73 56 53 42 32 64 68 61 71 61 43 38 53 58 59
81 20 37 35 49 27 41 52 47 36 56 50 38 31 32 70 29 40 34 67 61 39 50 38 25 54 57 57 69 48 36 12 5 6 4 3 4 4 4 0 0 2 4 4 2 4 23 6 2 13 49 60 67 29 27 35 20 14 11 6 7 3 3 1 1 1 2 6 12 17 8 22 20 21 35 46 42 40 65 59 54 69 86 48 36 55 53 60 75 63 46 60 44 53 43 57
73 90 81 86 78 48 9 6 53 26 63 76 84 73 51 61 56 68 49 63 51 52 54 49 47 58 73 81 49 54 36 21 22 11 9 9 3 5 5 2 0 1 2 3 1 2 2 3 1 13 30 66 64 20 27 29 26 13 6 9 6 3 3 0 1 1 9 14 18 33 40 48 61 51 32 31 42 72 67 73 77 60 62 76 48 53 66 66 52 32 62 73 37 36 53 61
53 84 70 75 66 54 68 27 55 39 16 37 81 84 88 52 40 52 63 62 56 50 64 51 64 67 78 65 66 62 53 40 27 25 25 9 7 7 5 3 2 0 1 2 4 2 2 1 2 9 23 14 35 14 32 20 25 19 9 4 5 5 2 1 0 4 9 21 28 45 64 53 33 46 65 43 56 73 75 89 79 67 64 61 19 33 34 50 69 80 85 49 71 37 39 53
41 82 52 75 70 54 84 54 38 70 47 36 69 79 71 58 68 48 79 89 88 74 58 41 77 66 73 64 53 45 51 43 38 38 32 21 13 7 4 4 3 1 1 1 3 1 3 1 1 3 6 10 42 24 42 36 18 23 9 9 2 2 1 1 2 6 13 14 27 44 64 70 71 59 73 75 77 75 69 86 84 56 42 41 23 33 54 70 62 90 57 66 74 75 39 42
47 72 58 58 79 48 60 20 46 72 58 30 11 60 68 61 73 56 57 83 87 52 78 37 72 62 73 61 56 31 43 60 60 53 45 21 9 7 8 5 2 1 1 1 5 2 3 1 1 1 5 18 43 11 16 8 19 23 20 7 2 1 1 0 3 5 14 14 28 40 54 65 55 36 34 46 81 58 81 82 89 87 32 27 24 44 68 45 74 85 72 78 61 50 36 50
12 34 20 50 72 53 56 11 49 82 39 23 17 35 70 66 70 69 31 45 68 54 49 66 30 33 81 53 34 23 14 19 33 28 30 29 16 16 13 5 2 1 0 0 1 2 2 2 0 3 7 23 16 28 14 7 8 6 4 2 3 1 1 0 2 4 8 10 15 27 36 28 33 46 47 62 88 89 75 68 82 86 72 26 15 37 33 55 82 68 61 25 16 19 27 48
12 44 68 48 63 36 69 47 60 84 65 37 36 38 71 83 53 12 13 27 39 23 36 75 41 21 68 56 65 28 3 22 47 39 20 36 30 18 6 3 1 1 0 0 0 3 3 1 1 6 9 16 7 12 9 9 2 2 5 4 2 1 0 1 3 2 4 5 8 21 32 33 50 46 57 81 89 87 84 54 64 76 70 40 15 27 48 69 62 32 30 57 54 49 55 67
20 12 12 18 26 41 73 26 66 68 86 57 40 33 33 24 18 14 15 34 29 28 22 68 30 54 59 47 62 76 38 23 26 22 27 33 26 16 10 6 2 0 0 0 0 1 2 2 1 3 9 15 2 5 7 15 5 2 2 3 1 1 0 1 2 5 29 19 31 48 55 71 75 58 72 93 90 89 82 65 24 48 63 60 19 29 47 67 50 49 86 64 41 43 40 73
24 32 14 16 27 49 69 58 40 59 79 61 29 15 37 35 15 38 14 17 26 24 22 69 26 24 60 47 53 67 46 34 44 19 10 11 5 6 5 4 4 3 1 0 0 0 0 1 1 3 8 9 1 5 3 3 7 7 2 1 1 1 0 1 2 6 10 31 56 63 85 60 36 52 82 93 89 81 81 81 70 32 62 61 18 31 53 47 35 72 70 52 60 73 21 8
26 36 28 18 25 18 65 72 64 32 81 54 22 8 32 29 37 40 28 18 23 30 7 34 62 8 24 29 59 81 38 10 22 15 25 24 17 12 6 5 3 2 2 0 0 0 0 0 1 2 10 8 2 3 4 2 4 3 2 1 1 0 1 1 1 7 14 35 52 53 28 30 51 59 77 80 85 78 75 62 77 39 30 35 29 48 39 29 67 86 51 61 65 70 60 19
37 27 31 14 14 17 52 80 46 42 70 68 47 9 30 30 52 40 34 25 26 43 20 23 79 21 32 33 56 57 59 43 40 44 34 25 22 15 12 3 1 1 1 1 0 0 0 1 1 6 15 10 2 3 3 1 1 3 2 1 0 0 0 1 4 10 38 40 32 21 41 45 58 87 78 67 86 61 47 40 68 47 30 8 11 39 39 58 87 64 50 59 79 61 60 28
72 17 33 17 14 22 38 47 16 16 78 58 11 6 27 31 53 41 54 40 47 38 37 28 44 29 14 32 42 42 52 58 37 24 20 9 12 13 11 6 2 2 1 0 0 0 0 0 1 4 11 6 2 2 1 1 1 0 0 1 1 1 0 1 3 18 22 15 12 20 45 54 80 86 85 68 55 71 34 36 64 33 11 5 22 51 62 73 78 36 61 85 76 68 75 38
19 34 14 14 13 11 16 28 21 27 66 34 17 7 20 26 48 18 44 32 31 38 35 24 36 43 24 14 7 25 27 49 25 15 21 13 8 4 7 5 2 1 1 0 0 0 0 0 3 6 7 2 2 2 1 1 1 0 0 0 0 0 1 1 5 12 5 4 16 39 47 53 83 86 74 63 53 58 62 22 30 26 10 8 27 34 57 79 56 52 80 72 68 67 58 50
18 13 28 28 12 13 6 9 8 11 25 13 33 14 9 23 47 21 14 36 17 13 6 36 40 48 9 9 3 12 38 50 49 23 13 7 7 4 3 1 2 1 0 0 0 0 0 1 2 3 4 2 1 1 1 1 1 0 0 0 0 0 1 2 7 3 1 7 26 42 52 77 75 78 69 66 50 43 57 28 15 18 7 9 23 34 63 68 57 44 46 56 51 42 54 62
32 21 14 35 37 22 18 7 4 17 13 10 30 33 10 18 31 33 11 13 12 14 11 60 33 32 22 2 4 3 10 16 40 36 19 11 6 3 2 1 5 2 1 1 0 0 0 0 2 2 3 2 3 1 1 1 1 1 0 0 0 0 0 2 2 1 2 13 30 60 64 82 80 65 45 25 21 22 30 29 22 7 5 9 18 26 46 48 34 24 43 34 22 36 53 67
36 25 14 22 26 39 17 7 2 13 15 7 7 15 8 10 18 25 10 8 8 4 5 14 5 10 27 4 5 5 2 10 35 38 18 9 10 21 16 8 3 1 0 0 0 0 0 0 0 1 1 2 2 1 1 1 2 1 0 0 0 0 0 1 0 1 3 9 31 78 74 69 82 76 48 26 9 4 10 18 12 5 2 5 14 26 38 24 15 38 47 50 74 60 72 66
72 40 23 8 18 29 43 5 8 17 19 11 3 8 7 4 10 25 8 6 5 4 2 7 1 3 16 11 2 6 2 2 14 52 33 15 6 4 3 2 2 1 1 0 0 0 0 0 0 1 1 1 1 2 1 0 1 1 0 0 0 0 0 0 2 9 13 32 57 55 80 83 71 79 70 42 22 10 3 3 11 5 2 1 4 10 13 6 16 37 45 74 76 64 59 64
59 83 38 19 6 11 10 8 10 14 12 7 14 4 6 2 3 23 11 5 4 3 1 4 5 1 8 12 3 5 3 1 6 20 44 23 11 10 11 7 2 1 1 0 0 0 0 0 0 0 1 2 2 1 1 1 0 0 0 0 0 0 0 0 2 11 21 15 26 50 74 67 62 61 76 47 21 7 3 1 2 1 0 1 4 2 4 10 28 41 70 73 46 57 65 64
17 73 78 53 22 10 3 18 7 5 6 6 16 8 5 3 3 18 12 7 3 1 1 2 6 1 4 5 4 5 3 1 6 5 7 33 11 3 6 5 3 1 0 0 0 0 0 0 0 0 1 1 1 1 1 1 0 0 0 0 0 0 0 1 2 2 2 15 61 65 63 57 48 48 52 42 21 9 8 3 1 0 0 1 6 17 16 11 21 46 49 35 34 54 70 64
11 46 52 68 34 17 8 17 15 4 10 5 7 7 10 6 3 7 16 4 2 1 0 1 4 2 3 4 1 5 6 1 5 5 6 3 29 13 10 5 2 1 1 0 0 0 0 0 0 0 0 1 0 0 1 0 0 0 0 0 0 0 0 1 2 5 10 17 52 69 63 74 59 20 20 27 18 16 10 5 1 0 0 2 6 13 32 45 23 20 18 30 47 57 79 58
22 32 26 50 24 12 12 11 13 9 6 6 7 10 8 6 5 5 7 6 2 1 1 3 5 4 3 3 1 2 6 3 1 2 4 10 12 3 16 5 2 1 1 1 0 0 0 0 0 0 0 0 0 1 2 1 0 0 0 0 0 0 0 1 2 4 8 29 48 59 84 74 70 41 15 8 13 10 7 5 1 0 1 4 9 16 37 59 57 47 49 32 49 57 81 70
14 28 10 28 28 23 16 11 10 7 4 3 4 5 5 7 3 4 2 5 3 1 1 1 1 4 3 3 2 1 1 1 1 2 6 10 10 4 20 3 3 2 1 1 0 0 0 0 0 0 0 0 0 0 2 1 0 0 0 0 0 0 0 1 2 4 9 17 47 36 72 69 54 45 51 18 14 8 3 1 0 0 1 4 14 27 40 55 68 55 58 53 46 70 91 78
20 14 14 9 15 7 9 8 24 18 7 2 3 3 3 5 2 2 3 3 3 2 1 0 1 3 1 3 2 1 1 0 1 2 19 21 9 6 3 5 3 2 1 1 0 0 0 0 0 0 0 0 0 0 1 0 0 0 0 0 0 0 0 0 2 5 9 33 53 62 66 71 58 40 27 29 13 7 2 0 0 1 2 1 4 20 30 43 55 39 58 61 77 91 90 80
8 16 8 7 5 4 4 3 5 5 3 3 2 2 2 1 2 2 2 2 2 1 1 0 0 3 0 1 1 1 0 0 2 5 7 15 21 40 32 16 3 2 1 0 0 0 0 0 0 0 0 0 0 0 0 0 1 0 0 0 0 0 0 0 2 9 28 49 55 69 68 67 63 50 15 10 12 3 2 0 0 3 10 7 6 4 10 17 25 44 46 73 70 90 90 76
4 7 3 4 2 2 2 0 2 1 1 1 2 1 1 1 1 1 1 1 2 1 1 0 1 1 1 1 1 1 1 0 0 1 2 3 3 3 3 0 2 1 1 0 0 0 0 0 0 0 0 0 0 0 0 0 0 0 0 0 0 0 0 2 5 4 10 20 49 67 43 71 46 34 12 6 4 3 2 0 0 2 9 15 35 23 30 27 41 61 65 69 80 83 78 68
1 1 2 1 1 1 1 1 1 1 1 1 0 1 1 1 0 0 0 1 1 1 1 0 1 1 2 0 1 1 0 0 0 0 0 0 0 1 1 1 1 0 0 0 0 0 0 0 0 0 0 0 0 0 0 0 0 0 0 0 0 0 0 1 3 8 8 20 34 29 39 51 46 21 8 4 2 1 0 0 0 1 5 10 16 36 58 52 65 82 76 60 74 64 70 60
4 1 0 0 1 1 1 3 2 2 4 5 4 7 2 1 0 0 0 0 0 0 0 0 0 1 1 1 1 1 1 0 0 0 0 1 0 0 0 1 2 1 1 1 0 0 0 0 0 0 0 0 0 0 0 0 0 0 0 0 0 0 0 1 2 6 8 27 23 27 41 28 25 8 4 2 0 0 0 1 1 4 7 14 19 41 79 76 36 43 78 86 65 34 38 52
12 5 2 4 4 5 5 10 5 7 13 15 21 15 9 4 2 1 1 0 0 0 0 0 0 1 1 1 0 1 0 0 0 0 1 0 0 0 0 1 1 1 0 0 0 0 0 0 0 0 0 0 0 0 0 0 0 0 0 0 0 0 0 0 2 8 11 8 15 20 22 15 19 5 3 1 0 0 1 2 4 7 13 22 49 55 48 18 31 65 89 85 86 32 18 22
21 7 5 14 15 17 17 19 20 22 22 18 20 32 16 8 5 4 2 1 1 1 0 0 0 0 1 1 1 0 0 0 0 0 0 0 0 0 0 0 0 1 0 0 0 0 0 0 0 0 0 0 0 0 0 0 0 0 0 0 0 0 0 1 3 8 16 9 4 4 10 10 4 2 1 0 0 0 2 3 9 11 23 47 44 18 9 21 44 82 87 75 59 55 10 4
27 20 10 28 27 40 26 30 46 31 43 31 44 29 20 16 20 9 2 4 3 1 1 0 0 0 0 0 0 0 0 0 0 0 0 0 0 0 1 0 0 1 1 1 0 0 0 0 0 0 0 0 0 0 0 0 0 0 0 0 0 0 0 1 3 9 14 11 3 7 5 3 2 1 0 0 0 1 2 3 10 24 19 14 6 5 16 37 56 72 74 67 35 58 16 3
39 33 23 45 63 78 65 55 71 62 56 43 70 59 52 39 16 6 6 11 4 1 2 2 1 1 0 0 0 0 0 0 0 0 0 0 0 0 1 1 0 0 0 0 0 0 0 0 0 0 0 0 0 0 0 0 0 0 0 0 0 0 0 0 2 7 21 10 4 2 3 2 1 0 0 0 0 1 2 2 10 11 7 1 5 18 30 60 71 54 60 41 23 31 39 3
70 73 64 52 57 58 40 26 59 39 40 36 40 54 57 23 23 23 20 19 9 2 0 1 3 1 1 1 0 0 0 0 0 0 0 0 0 0 0 0 0 0 0 0 0 0 0 0 0 0 0 0 0 0 0 0 0 0 0 0 0 0 0 0 1 7 24 20 4 4 1 1 0 0 0 0 0 1 1 3 2 1 1 5 12 21 34 75 76 89 50 12 10 12 23 4
64 48 75 58 52 65 59 47 36 30 41 53 34 26 41 65 56 24 5 4 4 1 0 0 1 2 1 1 1 0 0 0 0 0 0 0 0 0 0 0 0 0 0 0 0 0 0 0 0 0 0 0 0 0 0 0 0 0 0 0 0 0 0 0 1 4 12 27 10 5 1 0 0 0 0 0 0 1 1 0 0 1 5 12 16 23 55 52 66 74 68 18 3 1 11 8
66 28 68 67 32 16 34 40 51 45 26 21 66 28 29 52 29 23 13 7 5 2 3 1 2 2 1 1 1 0 0 0 0 0 0 0 0 0 0 0 0 0 0 0 0 0 0 0 0 0 0 0 0 0 0 0 0 0 0 0 0 0 0 0 0 1 3 14 10 4 1 0 0 0 0 0 0 0 0 0 1 4 7 12 28 44 52 47 39 34 67 24 6 1 1 2
