sesion_6_simulaciones/modelos_agentes/ejemplos_netlogo/scenarios/cgcm2_a2/rob_2043.asc
NCOLS 322 
NROWS 307 
XLLCORNER 451900 
YLLCORNER 4086900 
CELLSIZE 100 
NODATA_value -9999 
[rows 222 to 295 of 307, columns 96 to 191 of 322]
0 0 0 0 0 0 0 0 0 0 0 0 0 0 0 0 0 0 0 0 0 0 0 0 0 0 0 1 0 0 0 0 0 1 0 0 0 0 0 0 0 0 0 0 0 1 2 5 7 10 13 16 24 31 34 41 51 63 79 78 80 85 62 79 55 68 54 49 55 47 35 35 24 28 42 45 51 28 30 23 58 45 40 33 33 18 38 52 59 36 24 22 11 6 6 3
0 0 0 0 0 0 0 0 0 0 0 0 0 0 0 0 0 0 0 0 0 0 0 0 0 0 0 0 1 0 0 1 1 0 0 0 0 0 0 0 0 0 0 0 0 1 1 3 5 7 11 10 15 25 40 65 69 50 35 46 49 51 47 54 81 38 39 39 61 52 41 57 25 29 49 42 45 25 45 55 47 80 53 43 36 33 22 20 42 69 49 38 28 12 6 5
0 0 0 0 0 0 0 0 0 0 0 0 0 0 0 0 0 0 0 0 0 0 0 0 0 0 0 0 1 1 1 1 0 0 0 0 0 0 0 0 0 0 0 0 0 1 1 1 3 5 7 11 26 18 38 55 33 32 35 37 16 44 45 39 39 60 24 59 59 49 65 56 19 25 31 43 35 34 48 60 44 31 60 58 36 36 36 18 13 40 71 44 34 18 14 9
0 0 0 0 0 0 0 0 0 0 0 0 0 0 0 0 0 0 0 0 0 0 0 0 0 0 0 1 1 2 2 0 0 0 0 0 0 0 0 0 0 0 0 0 0 1 1 1 3 4 6 9 20 22 14 14 21 23 25 22 49 66 40 48 56 87 76 55 61 58 69 59 38 31 44 55 45 44 57 64 51 29 13 27 62 61 36 29 22 16 41 39 27 19 10 5
0 0 0 0 0 0 0 0 0 0 0 0 0 0 0 0 0 0 0 0 1 0 0 0 0 1 1 0 1 2 0 0 0 0 0 0 0 0 0 0 0 0 0 0 0 1 1 2 2 3 8 14 14 16 19 21 35 32 26 35 19 31 56 51 55 88 66 71 32 70 56 59 42 31 51 64 57 39 56 79 46 41 57 40 36 18 22 32 25 25 12 16 16 10 4 5
0 0 0 0 0 0 0 0 0 0 0 0 0 0 0 0 0 0 0 0 0 1 0 0 0 1 2 3 2 1 0 0 0 0 0 0 0 0 0 0 0 0 0 0 0 1 1 1 2 3 4 6 5 9 13 20 44 41 38 22 26 42 42 53 75 57 54 66 80 61 52 60 59 17 22 43 46 60 73 36 73 61 78 55 71 37 49 32 20 11 11 17 10 6 3 1
0 0 0 0 0 0 0 0 0 0 0 0 0 0 0 0 0 0 0 0 0 0 1 1 0 1 2 3 2 0 1 0 0 0 0 0 0 0 0 0 0 0 0 0 0 0 1 1 2 3 6 7 10 12 13 24 36 58 36 35 25 49 63 77 58 49 55 53 39 55 66 42 31 15 23 40 59 54 80 60 31 25 42 61 42 45 34 28 16 14 10 6 5 5 4 4
0 0 0 0 0 0 0 0 0 0 0 0 0 0 0 0 0 0 0 0 0 0 0 1 1 1 1 7 3 1 1 1 0 0 0 0 0 0 0 0 0 0 0 0 0 0 0 1 2 2 4 5 7 7 20 26 18 20 17 32 23 22 30 45 29 18 32 46 34 49 23 46 39 24 42 26 28 63 39 48 40 29 28 33 20 22 29 31 15 13 5 3 3 2 2 2
0 0 0 0 0 0 0 0 0 0 0 0 0 0 0 0 0 0 0 0 1 1 0 0 2 0 1 4 6 6 1 1 0 0 0 0 0 0 0 0 0 0 0 0 0 0 1 1 1 1 2 2 4 8 14 8 10 12 15 16 22 22 26 32 37 51 55 63 52 54 64 63 44 19 36 50 25 54 48 54 55 48 37 58 32 13 16 10 7 9 4 2 1 2 2 1
0 0 0 0 0 0 0 0 0 0 0 0 0 0 0 0 0 0 0 1 1 1 1 1 1 1 1 2 7 5 2 1 0 0 0 0 0 0 0 0 0 0 1 0 0 1 1 1 1 1 2 3 4 5 3 4 4 5 5 7 7 8 9 32 43 45 28 49 51 49 47 44 42 24 27 47 50 43 46 68 55 54 51 48 34 23 11 9 6 6 4 2 1 1 1 1
0 0 0 0 0 0 0 0 0 0 0 0 0 0 0 0 0 0 0 1 1 1 0 1 4 2 1 2 5 5 3 2 0 0 0 0 0 0 0 0 0 0 1 1 1 1 1 1 2 4 7 7 3 3 3 4 4 6 13 16 12 22 19 17 15 18 26 29 32 46 62 68 68 25 41 33 65 52 58 41 41 51 51 40 34 47 29 14 8 3 2 1 1 1 1 0
0 0 0 0 0 0 0 0 0 0 0 0 0 0 0 0 0 0 0 1 1 1 0 1 1 3 3 5 8 6 3 2 0 0 0 0 0 0 0 0 0 0 1 1 1 2 1 1 2 5 8 15 10 5 6 9 19 20 26 43 38 36 31 24 34 53 36 33 27 44 64 66 67 61 45 61 75 41 62 39 61 62 46 58 37 28 28 23 21 6 2 1 1 0 0 0
0 0 0 0 0 0 0 0 0 0 0 0 0 0 0 0 0 0 0 0 1 1 1 0 1 2 8 6 3 2 2 1 0 0 0 0 0 0 0 0 0 1 1 1 1 2 2 5 2 4 6 9 10 15 13 21 25 30 51 47 35 37 48 38 27 22 38 47 27 37 22 22 25 21 58 21 39 75 49 38 17 32 67 62 35 31 40 17 15 5 5 2 1 1 0 0
0 0 0 0 0 0 0 0 0 0 0 0 0 0 0 0 0 0 0 1 1 1 1 1 1 3 3 11 3 1 1 0 0 0 0 0 0 0 0 0 1 1 1 1 2 3 3 4 7 6 9 10 15 31 17 20 32 36 39 50 49 63 59 58 44 28 41 43 58 42 47 40 44 38 77 35 22 27 31 30 18 8 61 67 46 43 45 38 14 11 7 4 3 2 1 0
0 0 0 0 0 0 0 0 0 0 0 0 0 0 0 0 0 0 0 0 1 1 4 1 1 3 4 12 3 1 0 0 0 0 0 0 0 0 0 1 1 1 1 1 2 3 8 6 9 19 13 22 24 26 27 25 30 36 61 55 61 58 52 67 65 43 33 39 44 37 72 47 36 44 48 57 46 59 55 42 39 25 16 49 44 44 50 32 12 7 2 2 2 1 0 1
1 1 0 0 0 0 0 0 0 0 0 0 0 0 0 0 0 0 0 0 1 2 2 3 1 2 3 7 4 2 1 1 0 0 0 0 0 0 1 1 1 1 1 3 5 5 14 14 10 8 25 44 58 35 33 15 30 34 58 49 73 61 54 50 49 45 28 42 33 70 34 36 38 44 40 25 34 37 39 34 29 24 25 21 34 21 9 17 14 5 3 1 1 1 1 0
1 0 0 0 0 0 0 0 0 0 0 0 1 1 0 0 0 0 0 0 1 1 2 5 2 3 6 10 6 3 2 1 0 0 0 0 0 0 0 1 1 1 2 4 6 11 16 17 19 17 20 34 44 44 35 18 30 40 30 54 71 67 27 73 30 48 47 38 34 56 38 24 30 58 58 43 50 55 56 52 61 32 28 20 15 8 12 10 5 5 2 1 1 0 0 0
0 0 0 0 0 0 0 0 0 0 0 0 0 1 1 0 0 0 1 1 2 1 4 9 5 4 9 9 4 5 3 1 0 0 0 0 0 0 0 1 1 1 2 4 7 13 19 24 26 33 26 38 57 56 45 20 32 44 53 48 58 63 25 51 54 50 60 33 45 41 27 41 52 50 37 30 31 40 45 23 41 48 45 21 20 10 6 7 3 1 1 1 1 1 1 0
0 0 0 0 0 0 0 0 0 0 0 0 0 1 1 1 0 0 1 4 3 1 4 9 9 3 3 25 14 4 2 1 0 0 0 0 1 1 1 1 2 3 3 6 10 10 22 29 35 47 31 50 59 44 54 19 32 41 46 58 52 51 52 53 61 60 53 51 45 31 40 48 53 47 40 33 30 45 40 32 32 29 53 46 22 23 14 5 2 1 1 1 1 1 0 0
0 0 0 0 0 0 0 0 0 0 1 1 0 1 2 2 1 0 1 2 4 2 4 10 18 5 5 28 9 6 4 2 1 0 0 1 1 0 2 1 3 5 4 8 8 11 35 36 42 45 50 45 38 51 78 41 22 45 61 48 37 32 31 57 58 55 52 65 50 29 35 40 53 51 55 49 51 72 58 51 41 35 35 29 28 28 12 7 5 2 1 1 1 0 0 0
0 0 0 0 0 0 0 0 0 0 1 1 1 1 3 2 1 0 3 3 3 5 5 14 27 29 22 27 14 9 4 1 0 0 0 1 1 1 1 3 2 5 9 8 6 12 28 44 47 47 52 60 58 58 81 59 51 18 39 71 53 49 35 35 31 62 64 63 33 31 27 58 51 40 41 40 48 75 59 44 55 26 20 15 16 14 16 10 3 2 2 1 1 0 0 0
0 0 0 0 0 0 0 0 0 0 1 2 1 2 2 5 1 1 2 3 4 7 9 18 32 50 22 30 8 5 4 1 0 0 0 0 1 3 2 2 5 4 9 9 13 25 33 33 51 58 57 60 71 82 83 78 37 21 48 61 69 50 40 43 45 38 29 33 30 30 58 51 28 56 30 37 28 51 43 43 33 36 49 23 11 7 4 3 3 2 1 1 1 0 0 0
0 0 0 0 0 0 0 0 1 1 1 1 3 1 4 6 2 3 1 8 11 10 9 19 34 26 14 7 4 3 1 1 0 0 0 0 1 2 3 2 3 8 3 22 15 21 34 31 40 66 65 46 71 76 76 79 65 32 25 27 44 60 53 44 38 25 11 7 17 29 70 46 43 50 89 76 59 54 49 51 57 53 31 34 22 18 7 6 4 2 1 0 0 0 0 0
0 0 0 0 0 0 0 1 1 1 2 2 5 2 5 8 3 6 3 6 19 19 32 19 42 21 9 5 2 2 1 0 0 0 0 0 1 1 3 4 7 5 6 10 34 21 24 39 57 73 69 61 56 52 63 82 78 35 29 33 45 39 43 36 25 33 22 14 44 51 28 50 67 72 66 80 61 71 57 65 65 44 27 10 12 8 9 6 2 2 1 0 0 0 0 0
0 0 0 0 0 0 0 1 1 1 2 4 9 5 8 12 5 8 13 6 11 23 15 57 30 26 6 4 3 1 0 0 0 0 1 1 1 1 1 1 2 5 11 30 20 23 40 47 47 60 73 76 50 50 40 45 74 62 43 23 31 24 19 12 12 5 16 38 33 46 33 20 29 59 28 60 83 79 70 67 67 38 21 15 11 3 2 2 3 2 0 0 0 0 0 0
0 0 0 1 1 0 1 1 1 2 3 4 6 12 6 19 7 8 21 17 20 35 19 42 42 12 4 2 0 0 1 1 1 0 1 1 1 1 1 3 3 5 11 21 45 31 27 40 44 65 64 68 66 61 45 42 44 65 49 26 30 26 29 25 31 14 11 35 34 43 42 43 46 34 31 28 54 61 69 45 25 22 15 12 6 4 2 2 1 0 0 0 0 0 0 0
0 0 0 1 1 1 1 1 1 2 3 5 7 11 15 32 12 10 24 31 27 46 73 37 19 14 8 3 2 1 2 1 1 0 0 1 1 1 3 3 4 8 11 20 27 52 38 39 50 60 67 59 69 66 55 37 28 51 45 35 18 23 24 28 32 23 14 42 33 32 42 43 75 56 49 36 26 16 40 41 30 11 8 6 6 3 1 0 0 0 0 0 0 0 0 0
0 0 0 1 1 1 1 2 1 3 8 7 8 10 39 34 16 18 21 33 35 54 69 19 26 15 5 4 5 4 4 4 2 1 1 1 1 2 5 3 6 13 21 28 25 43 35 65 53 66 64 83 59 42 41 36 52 19 17 65 27 18 45 37 22 18 34 60 34 29 32 59 81 62 48 39 35 33 22 27 25 14 8 6 5 3 1 1 0 0 0 0 0 0 0 0
0 0 0 1 1 1 1 3 3 4 10 9 21 21 25 37 46 31 40 29 48 47 79 61 27 11 10 11 8 9 9 7 2 1 1 0 2 4 2 5 9 13 29 42 53 44 62 27 16 29 66 33 54 47 56 38 16 10 13 21 33 10 27 22 11 19 51 26 30 28 20 24 16 33 43 34 34 34 22 17 15 8 9 7 6 5 2 2 1 0 0 0 0 0 1 1
0 0 0 1 2 3 1 4 6 6 6 11 10 31 37 19 18 59 43 45 40 64 70 40 26 20 18 17 18 28 9 3 1 1 1 1 1 2 9 8 12 18 23 50 38 62 54 50 37 54 58 15 63 71 61 28 40 29 26 11 50 8 19 15 9 14 21 54 41 19 37 64 52 58 53 43 35 36 32 30 19 15 12 9 7 7 5 1 1 0 0 1 1 1 1 0
0 1 1 1 2 4 2 2 4 8 12 18 10 11 24 50 22 17 66 66 40 63 73 45 44 19 39 53 27 10 5 4 3 2 1 0 1 1 4 7 10 30 39 32 24 41 45 64 66 65 50 43 60 75 72 71 52 21 19 18 40 13 15 16 7 15 32 19 13 14 35 43 45 48 55 56 38 32 21 20 10 6 7 17 13 9 3 1 0 0 1 1 1 2 1 0
0 1 2 2 3 3 4 4 5 3 7 23 8 8 21 41 51 44 14 34 47 68 53 42 33 55 30 13 12 6 7 7 4 1 2 1 1 3 5 6 5 17 23 19 30 38 46 45 66 64 63 56 75 73 63 56 29 44 13 16 17 29 6 13 18 16 6 31 38 39 31 46 58 54 49 53 32 25 17 21 27 18 28 16 12 5 4 1 1 1 1 1 2 2 1 1
1 1 2 2 4 6 6 12 9 7 6 13 36 12 31 30 42 61 46 21 35 70 29 51 73 28 22 20 16 14 9 3 1 2 2 1 2 4 6 7 9 19 19 15 32 45 27 25 52 53 31 26 41 40 48 22 37 23 43 9 16 20 16 9 41 51 24 53 58 35 58 56 66 68 68 64 45 30 32 30 33 23 28 14 11 7 2 1 1 1 1 1 3 4 1 1
1 2 2 1 2 11 16 11 11 11 21 15 24 47 27 34 45 22 67 39 39 36 77 60 43 42 37 32 27 19 7 2 2 2 4 2 2 5 10 15 17 24 35 34 36 26 36 45 34 34 33 29 30 33 32 36 28 27 26 33 6 3 12 36 39 19 33 41 57 44 62 50 52 66 69 51 39 46 35 33 37 31 17 16 10 3 1 1 2 2 3 3 4 4 1 1
2 3 3 2 3 8 10 21 26 14 24 31 32 39 56 34 52 31 26 57 31 35 71 68 59 45 36 34 29 11 9 6 4 2 3 1 2 3 8 19 25 30 21 37 33 44 37 39 45 50 41 29 31 34 39 37 21 19 19 27 12 7 16 8 12 36 40 42 25 37 53 48 57 47 52 71 40 36 19 16 17 16 25 13 7 3 2 1 2 2 3 3 9 3 2 2
2 3 5 3 5 5 12 13 17 26 39 36 35 42 65 65 33 26 36 33 64 68 73 61 62 60 50 41 32 17 11 7 5 3 5 1 2 5 8 18 25 42 40 46 47 49 46 61 41 44 44 34 24 32 29 44 38 16 5 7 10 10 11 11 16 7 5 4 10 48 32 39 52 50 50 38 27 11 10 25 33 29 9 14 15 7 3 3 3 4 3 3 13 3 2 2
2 5 8 8 10 7 9 20 24 28 48 50 53 44 60 64 49 50 39 43 39 69 69 65 44 52 46 39 23 26 18 11 6 5 7 1 4 8 12 13 10 36 48 53 48 57 61 49 44 60 63 59 23 31 40 34 18 19 9 4 4 7 18 9 11 14 24 30 24 27 27 30 32 29 44 18 20 22 15 47 36 13 21 17 13 14 6 8 7 3 3 2 8 4 4 2
3 5 15 9 12 13 13 22 31 35 39 54 52 49 71 51 57 66 53 43 43 61 55 50 44 49 45 41 34 18 15 12 15 11 2 1 4 13 20 24 21 37 56 46 50 57 47 37 51 73 65 59 55 36 41 30 21 20 10 10 10 8 13 10 21 30 53 48 32 40 36 42 33 21 18 26 39 47 26 44 37 31 22 17 12 11 13 11 4 5 4 1 4 9 1 2
4 3 13 21 15 17 15 29 37 40 38 42 57 67 68 65 55 71 53 38 47 81 58 71 49 51 53 52 37 22 25 22 14 7 3 2 2 9 28 44 40 47 43 62 51 54 49 39 49 40 35 33 45 48 23 17 16 15 11 15 15 7 9 16 29 38 42 36 44 23 36 24 15 19 22 53 42 51 55 16 32 27 30 27 15 13 25 14 6 7 3 4 7 5 2 3
4 5 10 29 29 19 25 36 36 42 48 40 56 67 68 58 55 43 56 39 48 66 64 74 57 51 44 39 39 28 37 18 11 7 7 4 5 12 22 34 61 66 62 50 64 38 39 53 41 31 30 35 36 32 65 32 13 14 13 14 10 11 15 10 15 15 38 44 25 16 17 25 26 40 36 59 54 57 37 42 33 19 36 24 18 22 22 10 13 6 4 4 14 4 3 6
8 21 20 23 35 23 21 38 43 41 54 43 23 33 73 76 70 52 47 65 46 80 80 50 58 61 33 36 30 37 28 24 16 6 6 5 6 19 24 32 35 55 53 66 57 58 36 55 60 32 44 50 46 45 43 20 21 11 15 6 5 11 16 17 20 21 46 13 20 7 24 40 58 31 43 61 38 40 54 41 11 16 36 35 37 26 15 8 13 9 5 6 13 10 7 7
12 15 35 37 37 26 27 42 42 41 43 53 45 47 54 72 66 34 43 68 44 78 64 65 61 42 21 40 31 37 44 28 26 12 7 5 8 24 27 42 59 49 37 64 40 52 51 39 55 51 65 58 54 42 36 20 21 8 9 12 5 8 23 20 8 35 17 15 41 34 54 43 39 54 45 28 43 63 30 14 12 35 53 37 33 32 14 11 8 8 12 8 6 20 10 9
22 28 33 44 42 34 42 42 47 46 29 47 48 58 57 63 64 66 74 76 72 73 60 61 52 57 46 46 54 32 43 43 26 16 17 5 8 25 48 46 53 51 55 56 55 46 57 26 45 46 55 51 46 32 35 25 34 16 11 7 7 14 3 15 11 22 19 33 33 30 28 42 64 71 47 38 66 49 42 29 29 35 13 17 33 34 16 12 10 16 16 10 7 39 13 19
25 30 29 35 12 28 54 36 51 54 45 43 57 61 51 64 51 74 70 78 71 63 72 53 48 57 70 64 35 46 36 42 36 18 15 6 8 30 34 48 49 43 64 61 60 45 30 67 41 71 44 49 32 48 31 46 21 21 15 4 4 14 24 27 5 14 23 41 45 26 23 53 76 67 40 64 55 34 39 76 62 23 27 40 24 18 19 8 11 16 17 11 17 47 33 26
26 21 12 8 7 14 55 39 25 32 42 32 36 56 74 71 41 41 72 62 71 67 72 70 31 55 71 46 40 44 31 51 43 34 13 3 6 21 29 51 44 45 55 66 71 63 36 26 11 14 52 57 25 41 34 48 30 18 9 5 6 18 14 28 20 18 23 21 41 30 35 65 72 40 50 66 57 13 53 49 33 48 60 44 28 23 17 6 20 19 22 15 31 68 40 21
29 33 24 26 26 20 32 55 19 25 23 47 38 48 70 62 73 43 56 73 70 78 78 77 58 35 56 59 52 34 58 43 40 27 13 5 6 12 32 57 27 48 67 68 65 47 45 42 39 36 31 36 58 29 13 13 12 8 10 2 7 8 4 10 16 12 19 10 17 23 56 47 53 63 43 40 26 26 43 36 39 58 53 32 21 8 6 6 16 21 23 18 39 53 39 14
47 32 41 37 25 31 28 30 38 37 33 64 43 49 44 52 70 74 68 82 82 72 75 59 29 42 53 48 43 49 58 46 25 23 26 12 9 6 23 37 12 27 37 38 43 38 38 30 66 59 43 37 30 22 21 12 8 28 3 1 1 7 9 8 21 26 12 8 36 46 20 35 21 40 36 32 13 56 44 63 41 37 23 21 21 12 8 17 18 26 25 33 38 58 16 13
30 30 38 34 41 28 23 42 61 62 28 28 56 55 30 32 27 48 76 76 47 43 46 48 56 20 51 57 36 65 47 41 37 25 28 13 19 7 14 36 45 23 32 41 25 33 16 9 20 33 21 57 52 35 17 2 1 1 3 2 2 5 4 12 17 25 10 35 35 21 27 28 34 35 16 26 51 61 69 38 36 36 37 39 22 11 10 19 28 31 30 23 52 59 46 16
30 50 39 41 43 43 32 47 63 50 50 34 25 45 56 34 55 45 34 67 44 57 64 61 49 39 53 36 37 64 50 49 33 16 26 13 17 11 6 21 31 56 49 34 29 39 37 18 28 39 47 49 28 30 27 14 9 6 3 1 2 3 7 8 12 10 21 38 45 45 27 28 19 12 44 48 40 55 52 35 28 33 38 26 20 17 12 27 34 23 35 31 19 36 52 24
39 39 39 33 43 60 34 47 50 58 50 44 55 39 24 56 55 41 46 68 71 30 26 41 38 60 55 68 40 41 55 40 28 43 22 12 16 23 9 25 39 55 64 28 32 54 36 16 31 39 21 36 22 28 26 11 10 8 4 4 3 3 1 7 9 15 28 11 12 12 23 14 38 52 30 34 32 31 31 26 18 26 28 31 26 15 14 22 41 26 39 30 32 31 43 30
36 36 56 41 52 60 26 40 54 61 56 49 54 54 66 49 69 81 59 64 65 35 44 47 53 74 66 75 45 47 47 45 50 23 16 10 12 36 15 16 32 46 36 41 46 51 13 9 60 79 29 37 32 14 11 9 19 8 4 1 2 2 3 5 7 6 6 13 26 31 37 40 21 28 21 13 17 36 27 25 34 51 28 24 28 15 25 27 44 26 33 10 5 15 39 60
38 44 57 56 49 45 26 40 57 63 61 47 39 38 58 71 51 44 65 63 44 27 44 36 64 60 77 58 55 69 63 52 30 28 11 4 5 39 16 16 18 32 32 32 41 40 3 19 33 38 52 39 29 7 6 3 3 3 3 2 1 3 1 1 2 2 4 14 38 58 57 53 29 18 14 21 58 47 30 32 46 35 33 43 12 17 30 37 27 19 9 8 20 25 26 45
44 27 31 57 48 59 46 21 54 56 63 50 53 38 51 43 66 41 39 46 29 48 46 47 44 67 56 68 69 78 58 57 42 34 23 3 20 36 14 16 26 15 27 32 32 28 7 20 18 23 32 24 33 29 21 7 5 5 5 4 1 8 1 1 1 5 14 41 21 27 38 20 13 17 30 43 48 33 26 58 49 40 43 18 18 35 55 23 8 7 13 28 22 57 43 49
41 13 37 53 62 55 56 36 25 46 58 38 48 46 57 62 51 47 52 50 18 53 82 55 50 53 37 47 53 58 59 57 35 20 21 11 22 18 25 18 33 29 26 34 42 33 22 16 14 18 19 33 18 23 15 7 4 4 4 8 3 4 2 1 3 18 8 18 22 15 34 34 23 42 40 45 48 46 44 59 45 28 19 12 36 47 13 6 8 17 20 40 49 50 55 44
38 20 22 16 47 55 65 43 9 28 49 36 48 38 71 63 49 21 36 46 27 59 64 48 47 23 53 61 60 54 57 41 43 34 19 17 18 14 21 14 6 25 23 39 35 39 46 57 44 40 28 49 30 13 7 3 7 3 4 7 6 1 1 3 15 16 5 12 10 12 20 47 49 65 32 27 55 56 42 35 23 33 9 28 32 13 4 16 20 31 35 38 43 58 60 47
49 34 42 13 48 63 60 39 13 9 11 40 52 35 39 55 34 47 48 56 50 26 48 58 40 35 59 64 56 48 39 33 44 34 30 31 32 10 25 20 9 11 19 26 36 25 21 17 18 16 13 27 11 7 9 26 17 6 4 1 1 0 3 9 6 7 6 7 17 8 20 45 50 49 39 40 61 57 51 40 25 15 26 27 16 5 13 32 31 30 38 35 47 48 50 51
60 29 45 15 21 53 40 22 15 14 17 21 31 62 50 50 42 39 36 54 40 51 66 45 43 59 38 54 58 51 35 43 32 21 36 34 22 20 17 29 20 12 17 19 26 23 38 25 20 30 41 28 12 10 3 13 12 7 5 6 5 6 1 5 7 3 3 8 9 14 22 38 47 49 38 36 35 36 58 23 14 15 25 8 10 30 33 33 33 35 36 30 24 20 34 52
49 30 44 24 16 52 42 46 35 34 22 25 36 49 57 64 68 57 41 40 32 35 46 54 66 56 67 69 56 37 40 41 25 20 56 36 22 24 18 9 9 15 16 29 27 29 38 24 35 26 33 16 30 13 4 7 34 12 3 5 6 1 1 1 2 7 3 7 13 13 17 33 47 47 42 19 31 52 42 42 37 18 8 13 17 22 22 44 44 32 41 32 29 20 27 11
39 31 47 35 26 33 23 49 27 27 30 25 37 34 29 46 46 47 43 46 57 27 36 71 63 66 55 45 49 43 42 40 39 25 45 34 32 21 36 12 28 29 11 17 30 41 46 32 38 41 24 13 28 9 8 14 20 7 6 5 4 1 2 2 9 7 16 19 6 7 25 26 18 30 31 22 45 61 72 39 22 12 5 15 10 44 37 32 38 43 62 56 30 26 30 13
54 33 47 34 23 21 14 37 47 34 34 35 31 33 29 47 37 38 22 25 45 24 49 62 67 47 54 56 48 42 38 40 33 43 47 36 45 62 24 17 19 20 23 17 41 26 35 38 28 28 38 30 15 11 17 16 27 7 6 4 3 1 1 1 3 4 27 23 9 11 17 18 37 42 20 61 58 46 39 38 16 5 11 27 24 30 44 27 40 53 48 54 25 21 26 12
55 36 62 39 18 21 33 23 57 30 48 45 27 20 28 24 24 34 30 25 10 49 41 36 43 38 57 47 34 41 42 21 34 47 28 58 30 61 38 18 34 17 34 23 35 45 38 37 23 36 34 19 13 21 17 17 10 9 5 7 3 3 1 1 2 7 15 13 13 20 13 11 25 29 62 51 28 32 31 37 20 13 16 31 51 34 38 49 51 40 43 33 26 19 23 11
51 35 65 40 17 15 62 39 38 32 34 45 26 34 29 28 29 37 36 24 10 20 9 13 27 28 62 62 55 37 25 20 35 55 43 25 43 40 35 20 32 10 29 11 24 38 48 39 27 39 26 34 14 15 27 21 19 7 7 10 2 0 0 1 1 2 4 17 29 16 14 27 43 60 48 24 22 59 38 24 21 15 32 21 48 49 32 43 42 39 34 21 46 23 18 8
62 33 54 25 16 23 37 38 30 59 54 37 37 27 28 28 41 35 34 33 8 14 16 42 50 52 49 47 45 32 19 21 52 40 43 36 58 31 24 22 32 10 28 21 24 31 56 38 26 39 38 35 16 7 22 20 13 4 6 4 5 1 1 2 2 2 3 12 10 13 16 31 33 26 28 23 26 45 30 9 9 21 42 41 44 44 18 33 56 52 30 20 41 12 17 13
63 37 53 25 17 24 25 61 35 57 70 59 31 21 18 32 55 40 12 22 6 19 20 34 22 27 23 42 22 17 33 24 70 50 51 47 47 24 17 43 22 16 18 49 51 35 38 35 47 39 30 28 25 17 18 10 17 10 6 2 2 1 2 3 2 2 2 5 15 12 15 12 23 19 37 31 40 43 37 12 9 37 44 46 43 41 17 27 42 43 18 18 17 21 23 21
75 64 22 39 20 20 42 59 42 36 57 51 61 16 38 61 41 40 22 19 13 10 18 13 16 20 50 27 35 32 31 44 12 27 14 33 26 19 11 41 18 15 4 21 70 40 29 43 45 33 32 26 21 13 28 30 21 14 5 3 2 1 3 1 1 3 3 6 16 6 16 20 28 21 35 46 25 42 32 18 17 44 32 28 36 25 32 31 23 30 41 20 16 33 24 17
61 28 25 35 20 18 59 55 59 30 21 40 66 13 24 23 21 34 20 25 5 5 19 31 34 30 23 40 39 22 53 23 36 22 40 33 23 27 15 31 14 27 12 16 48 57 37 38 47 44 35 32 19 22 14 10 15 6 5 5 2 1 2 1 2 3 3 6 10 16 31 43 44 35 43 59 10 50 28 25 25 25 33 18 24 19 35 46 31 21 35 23 19 22 28 22
59 32 15 40 31 29 45 12 35 54 15 25 55 36 12 24 22 21 12 15 12 25 50 23 25 24 34 52 31 35 29 40 52 68 46 32 55 23 31 37 16 16 18 22 34 39 30 64 40 35 27 32 35 24 6 9 14 10 6 4 3 2 1 1 1 2 3 4 5 12 22 26 41 54 37 15 28 50 40 17 15 23 42 17 28 34 39 26 37 25 15 28 32 23 15 18
61 15 28 40 25 26 35 8 10 11 30 53 26 42 17 20 12 13 6 16 13 11 13 23 19 21 22 33 38 44 24 35 51 33 22 50 24 16 43 23 31 36 27 27 33 38 31 31 45 20 16 13 28 30 12 8 8 5 4 5 3 1 1 0 1 2 4 6 8 18 16 32 35 18 30 25 38 26 15 9 12 35 33 36 22 29 32 25 21 28 28 18 13 28 9 9
66 16 26 45 23 45 40 21 8 11 27 46 61 54 19 13 19 20 21 4 7 8 21 33 14 11 28 56 30 25 19 49 20 31 58 13 19 25 36 19 35 31 23 47 47 54 43 25 30 30 15 15 28 28 20 13 6 2 2 1 1 3 1 1 1 2 4 9 8 21 23 45 34 22 6 26 43 12 16 14 20 29 37 31 19 28 23 23 11 32 19 37 18 8 5 4
48 21 26 53 17 40 54 35 16 15 11 32 24 39 44 11 13 13 10 15 13 9 9 9 4 13 39 46 46 13 53 12 15 48 36 19 30 35 47 30 10 43 39 45 61 51 39 15 24 47 35 11 7 12 17 18 5 4 2 1 0 2 2 1 1 12 28 11 5 9 32 44 31 17 8 34 32 22 18 14 17 26 28 32 29 18 9 25 16 30 23 8 23 6 7 12
44 21 22 46 16 38 45 14 13 17 23 25 15 18 23 21 6 10 12 4 6 4 6 4 7 14 68 28 33 14 48 31 12 57 28 16 32 59 41 27 16 40 45 53 27 49 32 29 17 15 21 26 10 6 8 16 7 4 1 1 1 1 2 2 8 13 15 23 26 33 41 43 31 7 13 34 22 11 11 16 20 16 34 13 18 15 10 12 17 11 23 7 7 18 14 9
68 29 50 28 12 52 24 13 19 14 34 14 30 16 11 14 5 3 5 4 12 23 7 3 5 11 36 22 10 41 25 20 42 39 34 14 26 60 60 32 17 32 33 55 52 43 22 26 24 11 10 10 16 11 4 2 5 2 3 1 2 3 3 18 34 42 53 51 51 69 47 45 26 4 38 50 13 11 12 20 17 20 32 15 28 27 6 10 16 11 11 5 6 5 6 11
67 50 8 12 10 36 12 15 27 29 24 24 24 20 6 10 4 2 7 7 11 9 2 6 4 21 21 11 32 10 20 46 39 21 23 33 45 68 56 25 23 39 34 43 36 25 38 39 21 20 16 7 13 13 7 2 2 2 2 1 3 3 6 9 9 7 36 49 60 69 71 47 7 25 40 52 20 3 9 36 17 36 17 23 16 37 5 16 19 10 13 4 20 4 9 3
61 14 9 16 15 21 4 13 19 29 12 31 40 17 10 5 6 1 3 2 8 8 2 4 5 32 4 26 34 8 46 46 17 13 38 32 16 69 53 12 20 27 26 35 42 32 25 25 16 10 14 6 4 10 5 2 1 1 2 2 4 5 13 13 17 15 37 66 74 61 56 7 16 31 48 56 39 9 21 23 18 19 18 23 23 28 4 7 17 12 17 8 7 4 4 5
