sesion_6_simulaciones/modelos_agentes/ejemplos_netlogo/scenarios/cgcm2_a2/rob_2098.asc
NCOLS 322 
NROWS 307 
XLLCORNER 451900 
YLLCORNER 4086900 
CELLSIZE 100 
NODATA_value -9999 
[rows 0 to 73 of 307, columns 96 to 191 of 322]
0 0 0 0 0 0 0 0 0 0 0 0 0 0 0 0 0 0 0 0 0 0 0 0 0 0 0 0 0 0 0 0 0 0 0 0 0 0 0 0 0 1 3 5 7 5 6 5 16 4 3 3 1 0 1 1 1 0 0 0 0 0 0 0 0 1 1 0 0 1 2 1 2 2 2 2 3 5 3 24 17 10 19 21 31 20 22 24 30 39 19 11 7 2 5 10
0 0 0 0 0 0 0 0 0 0 0 0 0 0 0 0 0 0 0 0 0 0 0 0 0 0 0 0 0 0 0 0 0 0 0 0 0 0 0 0 0 1 1 1 21 30 19 11 37 12 9 4 1 1 3 0 0 0 0 0 0 0 0 0 0 0 0 1 1 1 0 2 5 2 5 8 14 5 6 9 10 9 17 24 28 18 18 25 27 19 22 14 18 6 9 10
0 0 0 0 0 0 0 0 0 0 0 0 0 0 0 0 0 0 0 0 0 0 0 0 0 0 0 0 0 0 0 0 0 0 0 0 0 0 0 1 1 2 2 3 1 0 1 4 32 15 13 13 1 5 2 2 1 0 0 0 0 1 3 2 6 1 1 1 0 1 1 1 2 2 4 10 21 25 11 7 8 8 15 16 27 18 22 30 14 13 18 11 16 13 8 7
0 0 0 0 0 0 0 0 0 0 0 0 0 0 0 0 0 0 0 0 0 0 0 0 0 0 0 0 0 0 0 0 0 0 0 0 1 1 2 4 8 11 6 1 1 1 0 0 2 1 2 1 1 1 3 0 2 0 0 0 0 2 7 5 9 8 6 1 2 1 1 2 1 2 4 5 10 4 4 6 10 11 18 19 23 15 15 17 11 11 17 15 9 12 4 15
0 0 0 0 0 0 0 0 0 0 0 0 0 0 0 0 0 0 0 0 0 0 0 0 0 0 0 0 0 0 0 0 0 0 1 1 1 3 9 18 22 18 10 3 2 0 1 2 1 1 1 1 0 4 0 1 1 1 0 0 2 5 4 10 4 1 8 2 4 4 2 1 1 1 3 3 5 4 6 7 8 7 33 18 11 14 12 20 11 15 14 19 5 10 16 16
0 0 0 0 0 0 0 0 0 0 0 0 0 0 0 0 0 0 0 0 0 0 0 0 0 0 0 0 0 0 0 0 0 0 1 2 4 11 22 14 27 30 23 7 2 3 1 2 2 1 2 4 0 1 0 1 1 0 0 1 4 4 1 0 1 2 3 0 1 1 0 1 9 5 3 1 2 2 2 6 4 7 8 10 14 9 8 18 15 9 12 9 9 17 23 7
0 0 0 0 0 0 0 0 0 0 0 0 0 0 0 0 0 0 0 0 0 0 0 0 0 0 0 0 0 0 0 0 0 0 1 10 17 18 24 29 34 33 10 4 4 11 4 6 4 4 3 6 2 1 2 1 0 1 1 0 0 1 0 1 0 1 3 7 3 3 0 2 1 0 6 2 2 4 2 3 3 3 3 3 7 8 6 11 10 4 9 7 8 9 5 5
0 0 0 0 0 0 0 0 0 0 0 0 0 0 0 0 0 0 0 0 0 1 0 0 0 0 0 0 0 0 0 0 1 2 2 13 11 24 33 27 24 5 7 7 17 11 8 20 8 6 3 3 5 5 2 1 1 7 9 9 3 1 0 0 1 0 2 1 5 2 1 1 0 1 0 2 5 13 9 2 3 5 2 4 12 6 6 9 14 18 5 4 1 3 4 4
0 0 0 0 0 0 0 0 0 0 0 0 0 1 0 0 0 0 0 0 0 0 0 0 0 0 0 0 0 0 0 0 1 7 13 4 3 6 5 5 12 5 4 10 31 18 7 9 12 6 4 3 26 5 3 5 3 5 1 2 9 4 1 0 1 1 1 1 0 1 2 2 1 1 3 1 1 2 3 10 12 22 7 8 2 2 5 22 5 14 6 24 12 6 4 7
0 0 0 0 0 0 0 0 0 0 0 0 0 0 0 0 0 0 0 0 0 0 0 0 0 0 0 0 0 0 0 2 2 3 9 7 8 9 5 6 3 3 6 13 37 14 4 4 8 9 6 3 5 45 20 13 1 2 1 6 3 4 1 1 0 1 0 0 1 2 1 2 2 2 3 6 2 4 16 22 5 19 9 5 2 3 2 7 7 14 5 16 44 25 5 4
0 0 0 0 0 0 0 0 0 0 0 0 0 0 0 0 0 0 0 0 0 0 0 0 0 0 0 0 0 0 2 3 17 10 6 6 9 18 18 10 7 2 3 4 17 4 5 7 9 6 9 3 7 8 44 21 3 2 2 5 2 2 1 0 1 1 1 1 2 6 4 5 3 2 5 9 5 2 3 17 7 11 12 16 4 5 3 5 25 16 15 16 46 47 20 7
0 0 0 0 0 0 0 0 0 0 0 0 0 0 0 0 0 0 0 0 0 0 0 0 0 0 0 0 0 3 4 5 8 9 7 5 8 26 17 12 7 3 5 8 10 4 5 15 6 7 18 5 9 17 6 15 5 3 5 4 1 1 3 2 1 1 3 3 8 25 26 31 3 6 12 10 6 4 4 20 7 1 10 27 4 7 7 8 22 10 9 11 31 32 30 20
0 0 0 0 0 0 0 0 0 0 0 0 0 0 0 0 0 0 0 0 0 0 0 0 0 0 0 0 0 2 7 5 7 7 9 22 21 6 9 20 7 3 3 16 11 4 9 9 10 14 24 16 15 30 14 11 10 6 10 2 2 2 4 3 1 1 1 4 10 5 19 13 8 4 3 15 3 4 1 3 10 1 15 38 6 7 16 8 6 34 14 5 10 16 42 47
0 0 0 0 0 0 0 0 0 0 0 0 0 0 0 0 0 0 0 0 0 0 0 0 0 0 0 1 1 2 4 6 5 3 3 4 4 3 3 5 7 1 1 1 4 3 8 8 27 36 44 42 23 28 14 22 16 10 7 8 2 1 4 4 3 3 2 2 3 2 1 1 7 6 4 4 3 6 3 2 1 2 8 26 29 9 14 17 9 9 25 10 19 33 68 43
0 0 0 0 0 0 0 0 0 0 0 0 0 0 0 0 0 0 0 0 0 0 0 0 0 0 0 0 2 3 2 1 1 2 5 4 4 4 2 1 5 1 4 2 1 1 9 17 22 51 54 49 31 41 24 41 30 17 13 17 2 8 12 7 3 3 1 2 1 1 1 6 15 8 10 14 8 5 3 4 8 2 8 27 44 11 5 7 9 8 5 6 17 30 32 30
0 0 0 0 0 0 0 0 0 0 0 0 0 0 0 0 0 0 0 0 0 0 0 1 0 0 0 0 0 0 1 3 4 5 4 6 15 17 8 1 2 2 1 3 1 2 1 17 21 25 35 23 26 24 34 19 25 14 21 15 2 7 1 7 15 7 2 2 3 1 2 15 13 11 3 2 3 6 9 9 7 7 8 30 53 76 31 18 9 7 7 4 23 61 43 21
0 0 0 0 0 0 0 0 0 0 0 0 0 0 0 0 0 0 0 0 0 0 0 0 0 0 0 1 3 3 2 1 2 4 4 10 18 24 18 1 3 3 1 2 7 8 9 2 11 21 12 13 8 10 23 32 29 23 27 21 4 8 5 5 8 2 2 2 2 2 2 12 6 10 2 2 3 3 20 9 10 12 15 25 59 75 74 14 10 10 11 8 26 55 48 52
0 0 0 0 0 0 0 0 0 0 0 0 0 0 0 0 0 0 0 0 0 0 0 0 0 0 0 0 0 0 1 1 3 2 7 22 12 19 18 7 11 13 9 9 17 16 21 13 4 2 2 3 2 1 7 43 71 80 35 9 25 9 7 4 9 4 2 5 1 1 14 13 10 9 2 9 14 6 15 11 9 9 6 4 44 49 53 43 25 15 15 12 15 37 44 15
0 0 0 0 0 0 0 0 0 0 0 0 0 0 0 0 0 0 0 0 0 0 0 0 0 1 0 0 0 1 1 2 1 4 7 10 3 6 7 22 15 20 26 34 31 18 25 23 11 8 6 8 9 1 2 12 70 72 39 15 12 16 5 4 6 2 2 3 1 11 21 22 16 33 5 6 15 16 20 54 20 13 7 5 12 32 43 38 50 24 20 24 11 28 66 17
0 0 0 0 0 0 0 0 0 0 0 0 0 0 0 0 0 0 0 0 0 0 0 0 0 0 0 0 0 0 1 4 3 3 4 2 6 8 8 12 30 34 29 14 19 10 19 28 15 12 13 3 7 3 6 4 18 26 37 30 18 7 6 11 8 1 2 10 22 15 35 57 11 54 11 3 14 47 20 55 46 26 21 9 11 50 69 53 64 39 33 22 9 20 59 45
0 0 0 0 0 0 0 0 0 0 0 0 0 0 0 0 0 0 0 0 0 0 0 0 0 0 0 0 0 0 0 0 1 2 4 2 3 7 4 21 11 13 31 24 13 13 17 33 30 13 23 15 5 9 16 11 15 40 47 34 8 7 29 23 7 1 11 10 16 21 15 18 8 12 32 19 11 9 15 58 17 16 39 23 22 10 60 36 67 27 39 22 16 16 28 47
0 0 0 0 0 0 0 0 0 0 0 0 0 0 0 0 0 0 0 0 0 0 0 0 0 0 0 0 0 0 0 1 1 7 6 3 18 4 10 4 13 9 9 10 26 32 68 53 51 18 21 17 15 16 26 21 20 40 56 47 45 7 11 10 5 5 21 3 12 21 35 13 24 8 32 42 18 10 21 71 78 35 13 53 40 15 11 25 66 53 50 42 23 21 26 54
0 0 0 0 0 0 0 0 0 0 0 0 0 0 0 0 0 0 0 0 0 0 0 0 0 0 0 1 0 0 1 5 8 1 1 18 11 3 4 5 10 23 15 12 12 43 39 17 25 18 35 21 22 22 23 26 16 25 48 25 18 11 5 5 5 17 22 2 9 7 22 35 35 9 10 30 28 41 16 56 80 51 54 22 41 23 8 22 71 76 27 59 41 25 32 53
0 0 0 0 0 0 0 0 0 0 0 0 0 0 0 0 0 0 0 0 0 0 0 0 0 0 0 1 1 1 1 1 0 0 0 2 5 6 2 7 8 19 20 26 26 11 9 7 5 4 18 13 8 12 23 12 15 15 17 24 24 13 7 8 29 16 9 3 8 10 9 30 24 20 19 50 53 29 29 17 54 62 43 67 27 21 15 19 20 57 25 43 40 21 20 28
0 0 0 0 0 0 0 0 0 0 0 0 0 0 0 0 0 0 0 0 0 0 1 1 0 1 2 1 4 2 1 0 1 1 1 0 1 9 6 2 5 15 26 38 27 27 23 20 16 17 8 7 4 2 3 3 4 5 26 26 31 13 16 17 9 22 9 11 21 15 9 23 37 40 9 50 62 34 37 25 44 68 34 19 55 36 21 23 20 31 35 36 48 27 16 16
0 0 0 0 0 0 0 0 0 0 0 0 0 0 0 0 0 1 0 0 1 5 7 14 8 7 7 3 6 4 15 20 17 5 2 1 2 2 1 4 10 8 13 20 31 36 40 31 28 28 15 16 17 17 16 16 17 14 36 36 26 18 12 11 9 26 17 25 7 27 11 9 31 23 12 33 38 17 23 22 25 44 71 21 30 18 25 13 12 23 17 29 16 16 12 14
0 0 0 0 0 0 0 0 0 0 0 0 0 0 1 1 1 4 2 5 9 12 16 22 16 24 20 19 21 26 15 3 8 13 7 2 3 3 1 2 6 9 13 25 23 27 36 27 30 31 23 24 27 29 16 26 17 18 29 19 20 12 6 6 6 25 15 25 25 33 6 11 18 23 18 35 35 49 15 24 27 13 37 28 20 36 16 16 4 13 20 15 20 14 15 15
0 0 0 0 0 0 0 0 0 0 0 1 1 1 2 8 6 4 9 2 4 5 11 23 26 21 72 39 37 36 3 2 2 3 6 5 7 3 6 4 5 15 20 18 32 30 24 42 33 26 22 25 25 24 23 26 24 7 15 12 12 7 7 12 22 47 45 19 21 10 19 9 19 24 24 16 16 34 36 19 32 20 33 32 11 37 19 13 4 9 21 21 15 22 13 8
0 0 0 0 0 0 0 0 0 1 2 4 11 12 21 23 13 17 17 9 3 2 8 19 12 11 8 21 25 22 8 1 1 1 1 2 4 4 6 7 3 7 13 15 7 8 5 18 30 22 32 30 22 22 21 33 26 9 10 7 5 11 19 27 35 27 12 16 10 23 21 29 17 17 23 17 19 20 38 25 22 22 21 16 20 18 19 17 12 5 14 8 10 15 6 7
0 0 0 0 0 0 0 1 2 6 17 13 29 33 25 56 21 22 39 6 23 6 3 10 6 4 6 7 6 6 18 6 3 1 1 1 2 2 2 7 6 8 18 7 9 10 6 20 13 8 7 7 6 13 14 7 25 14 9 7 8 11 24 26 32 25 11 28 41 20 29 19 17 16 14 10 14 13 21 24 22 21 9 17 11 6 7 5 7 4 4 1 2 3 3 5
0 0 0 0 1 1 3 6 6 23 21 43 34 48 39 39 14 20 41 25 7 8 4 2 2 2 1 1 3 3 4 32 6 1 2 1 7 25 27 17 13 8 7 4 8 8 8 3 3 5 6 11 18 17 9 11 20 12 19 6 9 15 28 17 30 14 11 22 38 37 22 18 9 17 13 8 5 2 6 11 16 11 7 5 4 5 4 4 2 3 3 3 17 9 11 15
1 1 2 2 6 15 11 17 28 31 28 62 33 42 21 35 18 37 29 34 4 12 12 4 3 1 1 0 1 2 2 3 4 2 2 3 2 4 5 6 4 5 5 10 11 7 9 5 8 9 28 36 27 16 34 5 27 21 5 2 2 9 8 21 18 20 13 8 13 19 15 15 8 3 3 4 7 5 14 19 13 19 12 19 21 22 18 16 16 24 8 11 34 24 14 29
3 6 9 16 16 16 20 32 45 32 71 28 11 24 18 22 26 28 28 34 9 5 8 4 3 2 1 1 3 3 3 6 3 1 4 3 4 4 8 5 11 7 12 13 18 18 14 14 11 14 19 43 38 39 42 14 31 21 10 14 8 2 2 3 5 4 9 6 6 6 7 6 6 11 19 18 30 19 31 19 22 31 19 30 24 49 33 18 30 29 16 18 31 26 21 36
13 30 31 19 31 32 46 27 36 20 51 5 9 7 12 20 22 14 12 26 11 4 2 1 2 3 3 2 3 1 13 10 7 4 6 7 6 6 7 7 8 10 11 12 22 14 24 16 9 32 23 24 26 18 14 12 41 17 14 28 22 14 15 16 17 17 30 23 18 17 18 18 27 29 28 17 29 28 31 31 31 33 31 31 51 39 33 28 30 19 30 21 35 23 44 39
1 3 16 17 30 24 41 31 10 1 1 1 3 3 3 3 4 10 17 29 10 2 3 5 2 2 9 5 9 6 9 7 6 5 4 12 8 3 9 7 9 13 14 15 11 12 19 13 11 19 25 18 25 26 15 19 13 11 15 20 17 20 21 24 27 23 36 32 28 16 28 27 24 26 36 26 27 40 28 39 41 29 36 35 62 36 34 33 34 31 32 26 41 41 41 50
2 1 1 1 1 1 5 5 5 2 1 3 4 5 2 1 1 2 14 11 5 3 11 2 6 10 11 7 10 5 4 4 7 6 2 4 5 3 5 7 6 13 8 7 8 11 21 13 8 10 20 16 7 28 11 24 10 12 17 13 25 16 15 16 19 13 38 24 16 26 23 23 34 23 34 24 25 37 36 40 31 26 40 40 45 36 32 36 31 32 32 29 57 43 32 34
3 8 7 3 3 3 1 2 3 1 3 4 3 2 1 1 0 4 3 5 8 14 15 4 9 6 7 6 4 2 1 2 3 3 2 3 1 2 4 6 8 5 6 5 6 14 11 7 12 16 16 20 6 27 20 6 18 18 16 9 16 13 24 23 17 25 20 22 22 15 21 34 31 21 33 31 24 38 24 33 27 36 40 57 46 30 18 44 31 35 40 41 45 20 46 30
3 3 4 3 2 2 2 2 4 5 6 7 6 2 2 5 5 7 8 12 28 18 19 9 5 3 3 4 4 3 1 1 2 1 3 1 1 2 2 5 2 1 5 7 5 17 6 9 15 10 17 4 9 9 3 7 21 14 7 14 9 17 21 14 10 20 21 21 12 21 42 41 34 19 29 35 30 37 22 22 28 36 40 40 31 20 20 40 32 22 45 44 41 19 13 45
1 3 5 4 5 3 6 4 6 7 8 15 11 8 7 11 5 12 14 16 20 10 3 4 7 3 1 2 3 3 2 1 1 1 1 2 1 3 2 1 2 1 5 3 3 18 7 7 7 5 5 9 6 3 3 3 8 17 6 12 13 24 17 8 21 22 26 19 11 19 33 47 35 20 25 33 37 25 20 15 27 53 50 45 42 18 36 63 37 15 37 55 55 25 12 46
2 6 2 3 2 4 5 3 2 5 7 10 9 9 11 10 11 12 14 11 11 6 3 3 2 1 1 3 2 2 1 1 1 0 1 1 2 1 2 1 1 1 4 1 1 4 3 6 3 4 3 1 6 1 1 0 2 8 3 11 16 12 11 28 20 22 13 6 12 30 36 47 35 22 23 46 50 25 25 16 31 59 29 24 26 22 38 56 34 21 17 66 69 39 19 36
1 2 1 5 3 4 2 2 2 2 5 8 5 6 18 6 8 9 7 6 7 4 1 3 2 2 2 2 2 2 1 1 1 0 0 1 0 1 1 1 1 1 2 1 3 2 5 3 1 2 2 1 1 1 1 1 1 2 1 8 13 12 15 31 7 19 6 7 9 31 40 36 32 22 23 39 56 17 27 11 49 69 31 14 13 21 36 51 32 20 18 47 61 49 12 30
0 1 3 2 1 1 1 1 1 1 4 3 2 5 3 3 2 4 5 2 2 2 2 2 1 1 1 1 1 3 0 1 0 0 0 1 1 1 0 1 0 1 1 1 2 1 1 1 1 0 1 2 1 1 0 1 3 1 1 4 4 6 26 8 15 14 9 13 14 22 27 21 28 10 13 30 18 11 26 9 24 42 31 25 12 15 33 41 27 25 18 26 46 22 15 28
0 0 1 0 0 0 0 0 0 0 1 1 1 2 2 2 2 2 2 2 1 0 1 1 1 1 1 0 0 0 0 1 0 0 0 1 0 0 0 0 0 1 0 0 1 0 1 0 0 0 0 1 0 0 0 0 1 0 1 2 2 6 2 6 22 7 8 15 14 14 11 21 11 5 9 17 13 10 19 12 12 26 13 10 12 9 11 42 37 16 10 19 33 16 7 22
0 0 0 0 0 0 0 0 0 0 0 1 1 1 1 1 1 1 1 1 0 0 0 1 1 0 0 0 0 0 0 0 0 0 0 0 0 0 0 0 1 0 0 1 0 0 0 1 0 0 0 0 0 0 0 1 0 1 1 1 0 0 2 9 2 4 12 5 6 4 3 10 2 2 3 9 5 6 10 3 12 13 5 6 9 13 4 9 32 10 7 12 22 12 8 7
0 0 0 0 0 0 0 0 0 0 0 0 0 0 0 0 0 0 0 1 0 0 0 0 0 0 0 0 0 0 0 0 0 0 0 0 0 0 0 0 1 0 0 0 0 0 0 0 0 0 0 0 0 0 0 0 1 1 0 2 1 0 2 1 3 6 2 2 1 2 1 6 1 1 1 4 1 7 6 2 4 4 2 6 8 10 4 6 16 8 4 8 8 3 5 3
0 0 0 0 0 0 0 0 0 0 0 0 0 0 0 0 0 1 0 0 0 0 1 0 0 0 0 0 0 0 0 0 0 0 0 0 0 0 0 0 0 0 0 0 0 0 0 0 1 1 1 0 1 0 0 0 1 0 0 0 0 0 1 0 2 1 1 1 1 1 0 1 0 1 0 1 1 3 1 1 4 1 1 2 4 2 3 2 7 3 3 2 8 7 7 5
0 0 0 0 0 0 0 0 0 0 0 0 0 0 0 0 0 0 0 0 0 0 0 0 0 0 0 0 0 0 0 0 0 0 0 0 0 0 0 0 0 0 0 0 0 2 0 3 1 1 0 0 2 1 5 1 1 0 0 0 0 1 0 0 0 0 0 0 1 1 1 1 1 1 0 2 0 1 0 0 3 1 2 3 7 1 2 2 3 5 3 7 10 11 20 41
0 0 0 0 0 0 0 0 0 0 0 0 0 0 0 0 0 0 0 0 0 0 0 0 0 0 0 0 0 0 0 0 0 0 0 0 0 0 1 1 0 0 1 2 1 0 1 2 0 2 1 0 1 2 2 1 2 2 1 2 1 6 3 0 1 1 1 1 1 2 3 1 2 6 7 6 10 21 8 3 5 10 9 6 1 23 17 15 7 2 5 2 5 25 9 22
0 0 0 0 0 0 0 0 0 0 0 0 0 0 0 0 0 0 0 0 0 0 0 0 0 0 0 0 0 0 0 0 0 0 0 0 0 0 0 1 1 1 0 3 4 0 0 1 3 1 2 0 0 3 3 1 6 3 5 4 1 3 1 1 1 1 1 4 12 0 0 3 4 1 2 11 2 7 2 28 2 9 21 8 3 22 12 13 25 26 19 3 12 19 10 6
0 0 0 0 0 0 0 0 0 0 0 0 0 0 0 0 0 0 0 0 0 0 0 0 0 0 0 0 0 0 0 0 0 0 0 0 0 0 0 0 1 0 2 4 1 0 1 0 2 1 3 1 1 2 2 6 2 1 3 6 1 0 1 3 2 3 3 2 5 3 0 5 10 1 3 17 1 1 2 23 15 5 4 14 12 36 15 33 40 37 8 28 6 5 22 43
0 0 0 0 0 0 0 0 0 0 0 0 0 0 0 0 0 0 0 0 0 0 0 0 0 0 0 0 0 0 0 0 0 0 0 0 0 0 0 1 0 1 1 1 4 2 1 0 2 2 2 3 1 6 6 20 2 6 17 14 6 0 2 2 2 17 12 14 5 11 2 1 10 2 6 16 3 3 1 9 6 9 1 2 4 31 30 34 53 26 6 40 13 12 26 30
0 0 0 0 0 0 0 0 0 0 0 0 0 0 0 0 0 0 0 0 0 0 0 0 0 0 0 0 0 0 0 0 0 0 0 0 0 0 1 2 1 3 1 3 2 4 1 2 4 7 18 24 4 13 33 44 9 19 31 14 7 2 7 9 3 3 3 2 9 32 3 2 8 2 8 12 35 4 10 46 19 30 20 4 5 14 32 34 19 17 30 66 15 12 7 7
0 0 0 0 0 0 0 0 0 0 0 0 0 0 0 0 0 0 0 0 0 0 0 0 0 0 0 0 0 0 0 0 0 0 0 0 0 0 3 1 2 1 1 8 6 2 1 1 4 10 20 15 15 7 20 58 11 11 22 16 25 16 17 25 2 5 6 4 11 24 14 7 1 4 19 49 34 27 6 59 7 32 46 13 9 10 26 15 18 8 56 71 35 17 26 9
0 0 0 0 0 0 0 0 0 0 0 0 0 0 0 0 0 0 0 0 0 0 0 0 0 0 0 0 0 0 0 0 0 0 0 0 0 1 2 1 4 1 7 2 22 2 3 3 2 5 28 13 7 2 3 11 26 32 38 35 57 26 31 29 17 7 13 8 27 17 41 15 7 7 16 40 48 46 20 39 40 34 46 55 21 12 7 7 7 14 53 34 55 25 26 15
0 0 0 0 0 0 0 0 0 0 0 0 0 0 0 0 0 0 0 0 0 0 0 0 0 0 0 0 0 0 0 0 0 0 1 0 0 0 0 1 1 0 0 0 1 2 15 8 3 1 7 2 3 1 1 2 3 16 21 15 22 34 32 26 48 10 11 8 3 41 78 12 7 6 31 25 27 28 10 19 21 9 50 69 43 22 4 5 8 9 7 19 65 22 16 24
0 0 0 0 0 0 0 0 0 0 0 0 0 0 0 0 0 0 0 0 0 0 0 0 0 0 0 0 0 0 0 0 0 0 0 0 0 1 0 0 0 1 0 0 1 1 3 6 9 2 3 2 4 2 2 6 4 2 5 12 12 4 11 34 56 28 10 16 23 49 74 19 5 3 6 12 31 21 29 37 25 5 34 57 68 16 11 6 20 24 12 21 80 39 34 46
0 0 0 0 0 0 0 0 0 0 0 0 0 0 0 0 0 0 0 0 0 0 0 0 0 0 0 0 0 0 0 0 0 0 0 0 1 1 0 0 0 2 1 1 1 1 2 2 3 1 4 10 11 10 8 7 4 4 3 2 1 0 2 53 45 40 21 9 12 42 59 55 33 8 4 15 24 17 19 16 33 24 10 68 70 45 16 12 27 17 40 77 78 75 50 50
0 0 0 0 0 0 0 0 0 0 0 0 0 0 0 0 0 0 0 0 0 0 0 0 0 0 0 0 0 0 0 0 1 0 0 1 1 2 1 1 1 2 2 1 1 4 2 4 4 1 4 24 32 31 32 21 11 10 10 10 9 7 9 19 22 33 27 10 3 29 21 62 61 14 6 27 28 24 13 33 53 20 11 15 67 76 23 12 42 48 42 62 39 72 32 22
0 0 0 0 0 0 0 0 0 0 0 0 0 0 0 0 0 0 0 0 0 0 0 0 0 0 0 0 0 0 0 0 0 0 1 1 0 1 2 6 3 3 3 2 1 1 9 7 5 4 4 14 55 67 45 49 38 33 23 23 62 65 67 54 36 33 24 12 5 3 17 34 76 45 39 9 23 30 15 3 12 23 23 46 63 77 41 25 13 28 27 20 74 74 85 46
0 0 0 0 0 0 0 0 0 0 0 0 0 0 0 0 0 0 0 0 0 0 0 0 0 0 0 0 0 0 0 0 1 0 1 1 1 3 10 4 8 6 2 4 5 5 9 12 9 7 4 8 34 57 54 64 73 63 35 24 19 27 38 53 67 63 62 45 21 1 5 42 49 49 34 33 19 8 13 13 39 38 17 22 24 68 63 25 13 18 24 25 20 61 55 65
0 0 0 0 0 0 0 0 0 0 0 0 0 0 0 0 0 0 0 0 0 0 0 0 0 0 0 0 0 0 0 1 1 0 1 2 1 2 2 1 2 28 21 8 21 11 8 10 12 13 13 7 6 8 45 43 39 69 70 54 45 37 25 32 43 67 69 69 63 52 29 54 36 66 28 28 19 16 21 17 15 23 14 42 25 66 78 22 12 35 39 23 23 30 58 73
0 0 0 0 0 0 0 0 0 0 0 0 0 0 0 0 0 0 0 0 0 0 0 0 0 0 0 0 0 0 0 0 0 1 1 1 2 2 4 4 3 1 5 34 35 54 37 22 16 8 13 16 15 10 16 29 26 21 46 49 51 61 67 50 25 28 68 74 73 55 53 74 49 80 61 39 35 37 20 11 14 33 13 29 39 23 69 36 12 28 41 37 14 9 54 74
0 0 0 0 0 0 0 0 0 0 0 0 0 0 0 0 0 0 0 0 0 0 0 0 0 0 0 0 0 0 0 0 0 0 1 2 2 4 3 5 7 7 4 3 3 44 51 44 21 13 9 18 17 10 4 4 4 5 5 6 17 35 27 47 53 27 29 47 43 39 62 60 60 56 60 63 68 56 32 38 37 34 15 17 57 66 43 54 20 8 38 39 19 40 79 34
0 0 0 0 0 0 0 0 0 1 0 0 0 0 0 0 0 0 0 0 0 0 0 0 0 0 0 0 0 0 0 0 0 0 0 1 1 2 2 3 4 5 12 13 16 13 4 3 19 19 27 8 10 6 9 14 13 14 14 13 16 6 5 8 10 8 7 6 8 28 39 54 49 44 36 32 31 59 50 41 33 24 51 45 45 60 49 63 43 14 13 34 53 82 50 74
0 0 0 1 0 0 0 0 0 1 0 0 0 0 0 0 0 0 0 0 0 0 0 0 0 0 0 0 0 0 0 0 0 0 0 0 1 2 1 2 4 6 9 12 16 12 12 12 9 5 6 4 7 17 17 23 24 26 27 40 17 5 5 17 18 29 17 19 6 5 14 40 32 19 19 23 29 43 50 63 56 27 23 27 28 33 49 60 65 24 13 30 87 64 55 66
0 0 0 0 0 0 0 0 0 0 0 0 0 0 0 0 0 0 0 0 0 0 0 0 0 0 0 0 0 0 0 0 0 0 0 0 1 1 1 3 4 4 4 5 8 8 7 13 11 10 16 18 21 26 22 19 32 37 40 42 22 19 19 30 27 21 28 17 8 13 12 3 3 3 6 4 13 14 6 14 25 17 18 13 15 16 42 54 46 29 14 68 72 46 74 71
0 0 0 0 0 0 1 0 0 0 0 0 0 0 0 0 0 0 0 0 0 0 0 0 0 0 0 0 0 0 0 0 0 0 0 0 1 1 0 1 2 3 3 3 6 5 8 11 15 11 18 9 11 17 24 27 31 33 49 41 25 25 30 28 37 42 46 40 23 24 8 4 2 6 7 14 35 24 16 15 14 10 6 10 10 15 24 35 57 53 24 81 35 25 65 78
0 0 0 1 0 0 0 0 0 1 0 0 0 0 0 0 1 0 0 0 0 0 0 0 0 0 0 0 0 0 0 0 0 0 0 0 0 1 1 2 2 2 5 4 7 6 8 9 12 6 21 12 10 9 17 19 39 41 49 35 16 27 23 37 38 57 52 52 43 27 20 22 20 27 27 40 47 37 24 25 40 49 32 17 23 16 7 14 30 64 47 77 32 32 74 90
0 0 0 0 1 0 1 1 0 0 0 1 0 0 0 1 1 0 0 0 0 1 0 0 0 0 0 0 0 0 0 0 0 0 0 0 0 0 1 1 2 1 2 3 4 5 6 11 9 7 10 12 7 8 14 20 34 30 24 20 20 23 30 31 34 60 56 45 42 22 34 35 36 40 36 37 52 35 35 37 39 41 29 46 49 32 32 10 17 43 40 41 40 27 54 74
0 1 0 0 2 1 2 1 3 1 1 0 0 1 1 1 0 0 0 1 0 0 0 0 0 0 0 0 0 0 0 0 0 0 0 0 0 1 0 1 2 1 1 3 3 3 3 8 4 2 2 7 6 5 8 19 24 17 13 7 10 24 22 24 47 48 43 40 21 19 29 30 32 51 33 46 46 53 33 37 47 43 45 63 56 57 41 15 10 35 32 49 35 16 38 59
0 0 1 0 0 4 1 0 1 2 1 1 0 1 3 0 0 0 0 1 0 0 0 0 0 0 0 0 0 0 0 0 0 0 0 0 0 0 0 0 1 1 1 1 1 1 3 1 3 1 5 3 3 2 6 16 8 9 6 7 8 13 11 24 40 38 38 37 19 32 39 40 28 37 44 43 47 36 29 44 51 47 45 65 39 37 22 21 14 9 15 35 34 11 32 24
0 1 0 1 0 1 4 6 5 2 1 1 0 0 1 2 0 0 2 1 0 1 0 0 0 0 0 0 0 0 0 0 0 0 0 0 0 0 0 0 0 0 0 1 1 0 0 1 0 1 5 1 1 1 5 2 2 5 2 3 3 6 11 20 16 31 28 16 16 24 33 34 18 35 32 33 43 31 26 36 51 46 57 38 28 38 38 50 48 21 5 5 19 15 13 17
1 1 1 1 1 1 2 3 2 5 4 1 4 0 0 0 1 7 4 1 1 0 0 0 0 0 0 0 0 0 0 0 0 0 0 0 0 0 0 0 0 0 0 0 0 0 0 0 0 1 0 0 1 2 1 2 2 1 1 1 1 3 14 10 15 13 10 13 21 26 23 25 22 29 12 20 20 11 18 25 54 31 23 25 38 50 70 58 51 29 21 8 4 10 10 8
1 1 1 1 6 3 15 28 7 3 2 6 4 4 0 0 0 0 0 0 0 0 0 0 0 0 0 0 0 0 0 0 0 0 0 0 0 0 0 0 0 0 0 0 0 0 0 0 0 0 0 0 0 1 0 1 0 1 1 2 1 5 4 6 8 13 7 6 9 17 13 9 11 20 8 5 19 8 11 35 21 28 28 32 68 77 65 51 52 45 26 23 17 5 8 6
