sesion_6_simulaciones/modelos_agentes/ejemplos_netlogo/scenarios/cgcm2_a2/rob_2042.asc
NCOLS 322 
NROWS 307 
XLLCORNER 451900 
YLLCORNER 4086900 
CELLSIZE 100 
NODATA_value -9999 
[rows 222 to 295 of 307, columns 192 to 287 of 322]
2 1 1 0 2 1 1 0 0 0 0 0 0 0 0 0 0 0 0 0 0 1 4 3 2 2 2 1 4 4 2 3 10 12 12 11 18 36 34 40 43 36 40 60 39 49 51 32 42 54 46 42 16 15 20 21 20 45 63 61 43 35 45 28 59 78 67 58 74 77 37 18 5 1 1 0 0 0 0 0 0 0 0 0 0 0 0 0 0 0 1 1 2 2 3 2
7 6 4 2 1 1 1 0 0 0 0 0 0 0 0 0 0 0 0 0 1 2 5 8 3 4 5 4 7 9 5 6 15 17 18 12 21 18 27 31 37 32 41 60 46 32 49 33 43 38 35 21 24 17 11 13 18 34 31 31 25 37 45 30 35 59 49 43 61 69 37 13 4 1 0 0 0 0 0 0 0 0 0 0 0 0 0 0 0 1 1 1 2 3 3 4
8 6 4 3 2 1 1 0 0 0 0 0 0 0 0 0 0 0 0 0 1 3 5 13 12 7 7 11 11 21 22 13 14 16 20 13 23 10 25 28 22 30 38 57 65 32 45 42 24 19 25 25 33 11 6 19 22 40 20 40 39 42 46 42 15 19 5 3 7 43 48 12 3 0 0 0 0 0 0 0 0 0 0 0 0 0 0 0 1 0 1 2 2 3 4 10
4 3 2 1 1 0 0 0 0 0 0 0 0 0 0 0 0 1 1 1 1 2 4 11 17 18 14 16 13 26 57 35 22 22 13 15 20 18 37 21 19 21 32 38 55 51 21 31 11 12 11 8 20 19 4 15 20 17 28 49 54 47 56 45 18 22 13 15 4 5 21 6 1 1 1 1 1 0 0 0 0 0 0 0 0 0 0 0 1 1 1 2 3 3 4 6
4 2 2 1 0 0 0 0 0 0 0 0 0 0 0 0 0 1 1 2 1 2 6 8 20 44 25 24 25 18 36 51 24 33 26 28 35 34 23 24 15 20 21 22 27 35 25 46 35 10 35 30 15 10 5 11 44 40 43 49 63 52 47 30 21 21 26 33 12 7 5 1 2 1 1 1 1 0 0 0 0 0 0 0 0 0 0 0 0 0 1 1 2 4 3 6
2 4 2 2 1 1 0 0 0 0 0 0 0 0 0 0 1 0 2 4 4 7 7 11 18 44 57 34 50 28 37 52 36 24 43 46 35 32 32 28 8 14 13 22 32 36 46 57 66 26 24 25 19 7 12 14 29 27 43 55 55 38 34 24 48 37 42 30 14 9 2 2 2 3 2 2 1 1 0 0 0 0 0 0 0 0 0 0 0 0 1 1 1 2 4 7
4 2 1 1 1 0 0 0 0 0 0 0 0 0 0 0 0 1 2 5 10 18 29 20 26 38 71 32 51 31 37 52 20 22 42 44 49 43 33 31 20 21 18 15 34 39 37 54 50 49 36 26 20 12 34 49 42 47 58 69 49 29 31 45 73 61 35 21 14 7 5 5 5 4 5 3 2 1 0 0 0 1 1 0 1 0 0 0 0 1 1 1 2 2 3 7
4 2 1 0 0 0 0 0 0 0 0 0 0 0 0 0 0 1 1 3 5 14 34 53 47 41 63 62 69 39 60 33 20 19 30 50 51 51 28 30 30 34 21 20 25 40 41 40 35 33 45 43 23 25 29 28 48 31 42 16 28 54 55 78 69 47 32 18 20 19 15 11 8 10 4 2 1 1 0 0 0 1 1 1 0 1 1 1 0 0 1 1 3 4 5 8
1 1 1 0 0 0 0 0 0 0 0 0 0 0 0 0 1 0 1 2 8 14 31 34 57 55 69 74 65 37 52 25 21 47 34 46 51 37 34 43 40 43 20 22 43 42 52 42 51 26 27 23 21 6 15 10 74 44 22 36 48 49 55 46 28 24 23 23 16 19 26 23 13 4 1 1 1 0 0 0 0 0 1 1 1 1 2 3 1 0 1 2 2 2 5 8
0 0 0 0 0 0 0 0 0 0 0 0 0 0 1 1 1 1 2 6 8 15 32 45 44 53 61 61 62 61 68 36 26 38 50 39 50 42 37 36 41 28 33 21 23 28 44 50 46 35 18 19 13 15 27 25 8 76 78 51 32 17 34 30 37 32 20 13 8 24 52 25 9 3 1 0 0 0 0 0 0 0 1 1 1 1 1 2 3 1 1 2 3 4 3 7
0 0 0 0 0 0 0 0 0 0 0 0 0 0 1 1 1 1 4 5 6 24 43 55 43 50 62 56 76 82 53 44 42 57 36 53 51 48 44 42 40 36 51 17 34 31 41 38 27 12 32 17 24 23 33 53 37 30 39 44 24 44 27 27 24 27 25 8 15 28 27 11 7 4 1 0 0 0 0 0 0 0 0 2 2 0 0 1 5 1 1 2 3 4 3 4
0 0 0 0 0 0 0 0 0 0 0 0 0 0 0 1 2 3 6 16 11 14 52 45 64 53 60 65 26 80 56 51 43 59 47 38 43 54 45 44 43 36 60 20 19 59 40 36 33 23 39 19 21 43 51 19 47 46 26 13 25 14 22 26 25 23 14 42 31 10 16 6 4 3 1 0 0 0 0 0 0 1 0 1 1 1 1 2 3 3 3 1 2 8 5 5
1 0 0 0 0 0 0 0 0 0 0 0 0 0 0 0 1 2 6 16 26 37 64 52 67 67 71 64 70 63 82 48 41 52 43 21 29 49 52 58 44 21 41 48 12 29 33 57 32 32 42 30 21 35 26 24 13 15 20 37 29 32 28 42 18 19 28 14 9 13 10 6 3 1 0 0 0 0 0 0 0 0 1 1 3 4 1 1 3 4 13 5 2 3 11 8
0 0 0 0 0 0 0 0 0 0 0 0 0 0 0 0 1 2 7 14 30 26 43 14 33 57 55 25 25 49 75 40 48 79 42 43 48 57 35 13 25 12 41 47 14 36 51 34 12 26 40 35 22 30 21 11 37 41 49 33 17 25 52 61 41 32 47 42 32 17 9 4 1 1 0 0 1 0 1 0 1 1 1 1 3 3 6 2 4 2 1 7 3 3 4 7
0 0 0 0 0 0 0 0 0 0 0 0 0 0 0 0 1 1 4 10 15 12 13 39 36 39 28 34 45 49 65 63 66 67 60 55 51 45 45 24 33 30 33 50 12 23 40 35 18 17 20 33 26 24 9 25 42 17 23 31 33 55 63 64 64 57 34 20 26 14 23 8 2 1 0 0 0 1 1 1 1 1 2 1 1 3 3 8 6 6 3 11 5 1 4 4
0 0 0 0 0 0 0 0 0 0 0 0 0 0 0 0 1 1 2 2 5 28 31 27 37 49 45 35 42 52 51 51 64 64 44 50 45 48 52 20 48 39 30 51 10 16 37 28 40 39 17 15 37 29 18 27 27 22 50 35 62 46 46 69 78 45 32 11 27 9 5 4 1 1 1 0 1 1 1 1 2 1 1 1 1 1 3 10 19 24 4 4 7 3 5 12
0 0 0 0 0 0 0 0 0 0 0 0 0 0 0 0 0 0 1 3 6 11 21 18 17 31 48 34 47 34 45 52 53 73 55 62 45 58 39 42 23 34 19 39 11 9 21 21 25 37 39 18 20 6 20 10 10 34 38 32 41 32 56 61 61 66 32 9 4 4 2 1 0 1 1 1 1 1 3 3 4 2 2 2 2 2 1 1 2 6 17 15 10 7 7 12
0 0 0 0 0 0 0 0 0 0 0 0 0 0 0 0 1 1 1 3 7 12 12 20 30 43 35 29 37 38 22 27 49 40 36 61 29 52 38 35 34 35 67 42 17 18 33 49 23 15 17 16 5 26 7 13 28 57 51 73 71 53 36 41 35 21 20 18 7 3 1 0 0 2 1 3 1 1 3 6 4 6 3 3 3 3 4 3 3 4 11 8 8 30 9 15
0 0 0 0 0 0 0 0 0 0 0 0 1 1 1 0 1 1 2 1 4 2 6 9 13 25 22 19 25 28 39 39 25 21 15 64 39 66 31 42 32 28 69 48 33 20 54 36 38 29 16 40 15 38 26 39 42 18 35 40 45 38 22 30 39 25 26 9 9 3 2 0 1 1 2 4 4 1 2 4 6 9 5 8 4 2 3 6 1 1 2 2 3 12 19 11
0 0 0 0 0 0 0 0 0 0 0 0 0 1 2 1 1 3 2 5 11 13 23 29 35 33 36 52 57 42 46 61 58 39 52 45 67 57 34 38 29 22 18 52 29 12 23 31 33 24 28 45 55 64 87 78 77 67 68 44 44 42 46 54 38 24 16 9 5 2 1 0 1 2 4 4 5 4 4 8 6 12 7 12 6 3 3 7 9 2 4 6 4 2 3 6
0 0 0 0 0 0 0 0 0 0 0 1 0 1 2 1 0 1 5 10 20 19 29 46 57 66 66 56 75 61 47 45 40 27 16 18 38 41 48 35 38 13 16 45 17 14 14 30 15 28 6 5 7 11 28 46 84 84 63 59 46 40 20 47 30 18 13 7 2 1 0 0 2 3 2 4 5 8 6 12 7 4 17 14 8 4 4 10 8 4 6 9 7 16 19 28
0 0 0 0 0 0 0 0 0 0 0 0 1 1 1 3 1 1 2 4 13 29 15 37 36 54 65 49 11 28 46 33 22 22 29 38 42 25 51 19 32 17 6 31 22 26 9 8 8 20 17 12 12 11 12 11 30 60 74 76 81 42 34 22 18 14 11 9 5 1 0 1 4 4 4 4 14 12 12 13 13 5 6 27 13 4 5 6 7 5 10 5 12 17 24 35
0 0 0 0 0 0 0 0 0 0 0 0 1 1 1 2 1 0 1 3 7 11 10 24 22 23 23 15 13 15 27 25 24 33 28 18 29 46 39 7 23 28 7 18 19 7 4 24 18 16 35 21 28 33 32 36 40 55 47 37 49 76 55 39 29 23 20 9 4 1 1 3 5 8 10 6 12 19 13 9 10 10 4 14 22 10 12 4 13 7 13 14 9 20 20 16
0 0 0 0 0 0 1 1 1 1 0 1 1 1 2 1 4 0 1 1 2 2 8 9 15 27 26 33 40 28 39 22 23 38 31 25 25 17 9 10 20 30 61 31 11 14 5 14 18 14 35 44 22 41 57 32 27 25 28 20 20 34 53 48 35 18 16 8 2 1 2 5 5 9 11 11 8 25 18 25 13 20 14 13 41 18 24 8 15 14 16 25 17 19 16 24
0 0 0 0 1 1 1 1 1 1 0 1 1 2 3 2 2 1 1 2 2 2 7 9 15 24 30 28 32 51 44 48 43 60 21 16 20 26 25 22 48 44 14 17 43 20 10 13 12 48 58 17 38 34 27 30 45 40 48 30 25 19 19 22 22 16 8 6 2 1 2 6 6 12 11 9 10 16 24 33 21 15 23 13 44 13 15 20 11 28 17 19 19 13 15 16
0 0 1 1 1 0 1 1 2 2 1 0 1 1 5 13 1 1 1 5 5 7 6 7 11 14 25 18 25 36 39 33 28 29 32 32 26 36 34 22 13 10 7 5 9 22 24 13 47 62 15 9 13 40 38 34 31 39 27 24 28 19 18 12 10 7 6 3 2 2 5 7 7 9 11 10 14 18 29 24 22 19 22 37 48 14 20 23 13 30 21 10 27 10 6 14
0 1 1 1 1 1 1 1 3 3 1 0 1 2 4 5 2 2 1 4 8 8 9 5 6 6 15 21 24 34 26 24 30 29 29 27 27 22 20 22 15 9 7 5 10 5 7 34 12 34 13 14 14 12 24 76 48 50 39 33 24 21 15 11 8 6 5 2 2 2 5 7 5 10 9 17 22 15 19 40 31 37 38 38 50 31 35 14 37 30 9 16 21 9 12 17
1 1 1 3 1 1 1 2 3 6 1 1 1 2 4 8 4 2 2 7 11 19 10 13 13 5 9 15 19 17 25 18 26 28 27 16 15 8 11 14 27 27 26 21 20 27 24 7 4 9 17 36 38 32 38 22 36 38 49 46 34 19 15 12 8 7 5 2 1 6 7 8 12 12 22 17 18 26 18 14 28 28 28 42 22 78 40 14 27 26 6 17 14 29 16 21
1 2 1 4 2 1 1 2 4 5 1 1 2 3 6 7 8 1 5 10 13 27 14 18 17 25 15 12 9 12 13 25 42 32 13 28 12 27 16 17 21 28 15 11 10 16 7 7 16 29 37 31 40 35 46 15 12 13 14 26 21 22 18 15 12 11 8 3 1 6 6 7 14 15 22 8 16 13 27 12 18 18 32 20 43 68 25 18 41 15 8 18 16 26 28 27
1 1 3 4 3 3 1 2 5 11 1 2 3 6 6 12 2 1 6 10 20 28 35 20 39 25 27 29 17 18 13 46 55 34 38 23 20 27 18 14 27 10 17 7 12 14 12 10 11 31 31 22 39 43 38 14 28 35 34 38 34 27 28 27 21 19 10 4 2 7 8 9 22 13 19 30 30 21 11 24 15 23 29 37 31 55 43 35 36 17 15 25 13 15 7 35
1 1 4 5 5 4 2 3 6 8 2 4 6 15 20 6 1 1 7 11 14 33 32 41 27 29 46 35 32 31 33 42 56 49 38 42 41 23 43 25 13 20 6 5 5 11 9 12 12 17 22 29 34 29 41 39 40 47 47 49 51 50 32 24 13 8 9 2 3 9 14 12 23 26 18 21 31 21 23 8 33 10 15 35 39 56 62 71 33 19 28 23 27 29 20 44
2 2 5 8 10 6 3 4 10 11 2 3 8 20 11 2 1 4 7 11 23 28 33 38 41 32 46 38 52 53 53 39 21 27 37 37 35 17 31 29 28 19 10 9 20 11 7 21 8 7 10 18 37 53 38 37 57 56 54 35 53 31 13 17 17 11 4 3 3 8 21 13 22 26 31 26 33 20 27 22 16 36 18 8 11 34 55 67 33 42 33 27 25 44 18 19
2 3 4 5 17 10 4 5 9 12 2 2 9 21 7 3 1 4 12 13 14 19 26 35 55 32 39 37 32 53 56 41 43 32 31 19 27 28 34 24 22 13 11 16 28 17 13 17 5 4 8 28 42 28 55 61 31 37 26 27 21 18 28 28 12 10 8 3 4 5 27 16 18 19 24 35 26 27 13 25 14 41 26 20 11 9 28 44 52 69 39 34 26 38 13 18
2 6 5 4 8 18 6 8 18 4 3 3 7 26 11 3 2 7 11 13 24 35 35 52 51 45 26 31 51 46 26 55 72 56 27 26 20 22 33 22 12 19 19 13 16 7 10 7 20 14 23 28 33 47 56 42 55 32 38 38 30 26 22 16 14 14 6 3 3 9 9 31 18 18 23 24 42 40 25 44 18 16 28 24 19 16 17 33 52 55 39 39 32 35 19 28
3 4 12 10 5 13 4 11 34 5 5 11 17 19 6 5 1 3 15 18 34 27 33 54 54 49 46 18 14 17 25 24 28 12 13 23 38 22 23 36 27 17 11 10 6 4 6 8 25 26 28 34 43 47 64 60 58 45 37 44 33 36 35 19 18 15 7 5 5 17 18 20 38 17 21 24 48 39 29 22 33 17 14 37 32 18 23 24 42 48 58 37 32 23 34 18
4 6 14 21 10 23 5 12 37 15 7 18 23 11 4 1 1 2 6 19 39 40 33 37 45 61 42 19 25 20 24 24 31 23 17 10 21 29 36 33 18 16 7 11 12 6 10 5 1 5 29 25 22 38 38 30 29 52 50 43 45 23 22 20 14 15 12 3 7 18 23 19 23 9 28 28 30 47 57 45 45 24 18 17 35 22 17 31 46 79 69 35 24 20 35 16
5 6 8 25 11 22 12 11 16 23 10 27 20 4 1 3 4 6 12 25 27 34 43 25 37 46 61 27 20 21 32 30 29 27 22 30 20 25 15 8 9 15 9 9 15 9 7 2 10 16 19 36 70 54 35 63 57 73 49 35 42 40 37 32 29 14 12 7 10 22 20 32 43 18 19 42 34 50 42 37 54 20 29 30 54 23 13 20 16 35 58 31 31 15 49 33
5 6 5 15 34 16 25 11 32 13 32 13 4 2 5 5 9 7 28 38 21 32 35 39 19 32 54 62 32 33 20 30 25 14 11 12 19 13 9 8 11 5 4 2 7 4 6 3 13 12 12 31 28 45 56 54 36 58 34 26 30 33 32 29 15 12 9 16 18 23 26 35 9 26 37 44 40 29 45 30 66 25 30 21 30 46 31 34 42 36 46 26 50 18 29 47
13 8 6 8 16 30 31 17 50 20 19 4 2 6 8 12 12 8 10 11 22 28 35 56 49 31 31 16 37 51 19 31 16 13 21 24 26 15 13 12 8 8 15 9 4 2 2 2 9 18 24 27 42 30 43 38 36 34 23 8 22 27 26 21 12 9 10 19 20 23 26 41 13 13 7 12 38 52 68 24 57 43 31 33 20 17 55 28 40 42 34 51 17 20 34 47
9 16 10 8 8 18 48 22 20 7 4 1 5 9 18 23 22 8 11 14 26 30 26 11 18 14 19 36 11 19 37 53 33 35 11 25 9 13 14 3 5 6 4 3 3 14 4 4 9 17 24 16 18 28 30 34 26 42 31 33 43 30 29 16 22 23 12 21 23 25 23 41 13 26 15 21 21 16 40 32 27 53 32 38 21 42 45 13 37 52 54 44 16 22 20 24
12 18 14 18 27 35 37 19 20 5 6 5 8 18 20 25 30 19 20 22 29 32 25 19 16 23 20 13 16 30 15 22 25 54 23 41 9 8 9 10 8 5 6 7 3 3 6 5 10 21 36 16 19 26 39 19 39 60 66 57 47 32 32 29 24 22 23 34 23 26 26 35 18 30 29 23 34 31 36 53 19 54 31 53 19 17 41 9 18 25 53 33 12 23 25 49
13 23 19 24 33 44 36 7 5 2 9 8 16 21 22 33 21 43 36 24 29 29 26 33 34 27 27 15 20 41 15 12 7 8 9 26 34 25 18 33 20 17 10 7 7 4 2 6 22 17 26 10 12 27 29 35 49 73 36 40 50 31 34 26 24 24 31 41 26 28 29 31 29 31 40 25 36 34 33 31 47 76 43 50 35 11 47 25 10 14 34 42 23 26 21 8
15 31 33 31 62 40 8 6 8 10 21 16 15 26 25 40 14 28 57 17 33 26 16 22 32 36 15 23 26 30 52 17 12 6 7 5 6 4 9 29 32 13 17 10 9 7 4 6 15 13 13 12 19 24 44 46 44 44 43 30 47 38 26 10 29 16 18 52 30 29 42 32 44 30 42 34 32 38 32 25 29 16 59 57 47 15 22 19 9 10 17 46 20 32 36 28
19 27 57 49 55 10 10 9 12 21 23 23 35 46 15 30 16 27 33 53 21 39 15 13 19 34 35 30 27 20 11 24 11 13 9 7 7 7 7 9 13 6 5 8 3 2 2 9 9 9 11 10 12 20 38 54 24 48 68 56 26 22 15 8 43 28 28 46 36 28 46 31 59 41 39 44 29 30 44 28 21 16 43 38 46 19 10 44 12 14 22 42 40 38 23 27
12 31 60 70 37 6 11 21 24 26 40 50 25 32 19 20 39 17 32 29 22 30 21 19 21 29 24 43 27 32 34 21 30 17 14 10 7 7 6 9 10 5 4 4 5 4 5 16 8 10 10 8 15 30 49 44 70 47 38 53 30 18 6 17 23 49 31 33 41 28 37 31 51 44 28 44 42 28 30 44 36 12 21 51 58 23 6 28 19 13 25 16 58 40 19 62
15 39 65 41 6 8 26 25 18 46 35 61 19 38 20 18 25 60 18 33 46 29 39 17 17 31 38 28 27 43 25 23 45 10 14 12 9 11 3 10 7 4 9 11 9 6 15 9 12 15 19 23 24 23 30 43 50 40 43 35 32 17 8 25 21 32 29 31 43 28 30 36 32 51 28 29 55 26 29 32 46 14 24 29 46 22 10 19 27 18 14 12 14 32 27 20
18 49 46 25 11 19 30 30 20 37 19 57 24 39 46 17 43 62 13 41 58 19 52 17 16 35 40 40 16 12 46 10 10 25 36 19 5 9 4 8 4 3 3 4 5 5 6 11 16 24 17 14 11 16 18 27 35 40 29 48 32 19 17 26 35 39 19 25 38 39 25 23 16 39 26 26 36 34 27 23 10 11 33 20 45 21 13 7 21 34 7 16 36 32 37 6
20 45 42 29 15 19 38 53 17 24 24 48 19 32 59 26 39 60 23 22 34 34 37 20 16 19 20 31 32 29 12 17 8 7 2 29 21 6 4 5 4 5 8 7 7 7 5 9 13 24 18 24 17 26 19 25 14 26 31 18 16 29 25 28 26 34 38 28 32 38 16 27 16 26 31 26 35 14 12 29 13 14 13 17 49 52 15 8 17 29 5 9 30 40 40 20
43 41 52 21 17 27 30 39 19 29 27 32 36 22 53 21 18 50 24 17 17 16 60 35 14 13 16 16 20 22 40 24 6 15 3 5 25 6 3 5 3 12 13 11 5 8 2 6 14 27 30 17 17 9 12 26 37 56 34 15 8 25 26 27 26 28 52 19 32 41 15 24 25 29 45 5 24 29 13 12 23 11 11 12 20 43 10 7 11 29 8 8 10 41 67 50
75 42 16 17 27 27 29 35 20 53 34 17 41 19 60 19 18 34 27 14 18 31 48 24 12 18 13 29 30 28 20 23 15 20 2 6 7 17 2 3 7 11 5 8 6 7 4 2 7 20 27 34 25 14 24 28 38 54 45 18 9 38 26 17 26 25 40 24 16 42 24 13 14 43 35 14 12 13 34 8 19 34 15 15 56 35 6 19 2 42 20 7 5 5 13 19
17 9 19 15 25 29 44 41 34 44 28 18 68 16 19 47 22 50 31 11 14 23 24 52 19 22 11 23 29 26 17 10 16 33 6 8 5 34 3 4 4 4 4 4 3 8 6 8 9 28 29 19 41 20 18 15 14 39 42 9 14 24 28 15 28 24 23 38 17 46 31 18 20 17 35 13 12 19 17 16 7 4 34 13 22 38 12 32 6 22 48 9 22 13 8 6
36 18 41 31 26 31 51 28 57 37 13 22 48 23 23 50 14 21 52 9 26 20 15 40 11 22 19 16 18 21 27 24 4 15 7 8 5 5 15 4 1 6 5 10 7 4 2 11 21 22 40 31 9 16 19 3 17 23 17 7 19 47 35 14 11 38 14 30 13 20 63 12 26 26 16 19 16 15 28 19 20 9 11 22 7 36 46 34 10 16 72 9 12 8 18 7
60 33 19 34 35 38 31 29 53 27 23 24 18 22 22 29 16 14 47 17 23 17 8 17 27 21 19 11 13 12 16 16 21 6 8 20 6 4 9 13 3 10 6 8 8 6 7 3 19 8 5 4 5 14 14 36 26 12 18 15 11 35 20 15 15 24 39 11 33 10 37 10 21 36 7 11 34 8 13 21 28 13 9 3 6 6 33 48 14 10 40 16 12 9 16 11
82 41 26 25 27 33 14 30 42 11 29 24 21 22 16 34 16 16 31 11 11 28 10 4 3 9 9 5 21 33 15 15 24 3 5 1 11 4 5 38 3 4 4 7 8 5 10 6 46 14 11 7 8 8 30 43 20 5 6 26 11 9 28 14 25 14 49 9 49 8 21 23 13 19 8 28 15 12 8 9 15 20 16 8 7 7 5 9 34 45 32 21 14 8 21 12
59 22 14 31 18 18 17 19 42 11 20 15 17 42 16 40 17 40 16 9 8 21 14 7 7 8 10 9 13 15 31 30 7 5 3 2 2 11 3 36 2 2 2 6 5 3 12 4 3 9 12 17 3 20 34 31 18 10 4 32 17 13 6 27 24 23 39 10 40 15 9 15 25 37 13 8 15 5 12 3 4 14 7 10 6 5 6 3 4 10 42 17 7 10 23 13
71 24 53 23 24 17 17 17 16 12 23 21 10 48 45 11 26 22 24 20 17 8 15 12 15 20 12 17 7 8 10 10 9 5 2 4 2 3 6 14 5 1 3 2 4 4 4 16 3 4 7 8 14 47 39 25 18 15 4 10 23 11 18 14 19 39 22 27 6 27 40 6 35 52 15 3 11 4 6 3 12 9 13 13 3 2 3 5 5 4 10 21 15 4 21 5
61 41 16 17 16 20 28 18 20 10 14 13 20 31 28 9 10 11 11 3 13 9 13 18 26 19 14 20 18 4 5 8 26 14 3 2 11 2 2 6 10 1 4 2 4 11 8 5 3 4 4 8 22 30 31 17 4 13 12 7 23 10 14 16 6 16 11 14 8 12 39 8 23 26 1 4 6 11 8 6 1 15 2 5 9 1 1 2 6 6 10 3 27 6 12 3
11 41 11 20 19 16 21 13 47 12 14 14 14 5 27 12 13 6 21 9 7 13 15 15 17 8 17 25 19 2 5 7 10 13 11 6 4 8 2 2 13 1 3 2 2 14 20 6 4 4 7 18 24 24 31 11 7 14 10 12 28 11 5 6 14 9 9 24 7 11 32 16 42 12 2 7 3 1 4 11 2 6 4 5 12 3 5 3 3 3 3 7 12 12 19 2
22 58 13 14 8 17 22 20 11 20 14 11 15 6 15 8 12 7 45 13 4 8 10 37 9 7 12 20 18 4 6 5 14 7 13 7 3 3 6 2 13 1 2 1 2 6 3 7 2 11 9 20 26 31 14 4 9 14 11 14 30 15 24 9 8 16 7 23 6 9 7 12 32 2 2 1 3 2 6 5 4 1 1 6 7 8 6 5 2 2 2 1 3 21 7 2
20 58 30 3 9 11 30 18 10 25 16 8 5 9 7 13 4 19 7 3 5 11 16 9 22 9 7 8 8 7 4 12 11 9 7 8 5 6 7 2 16 1 2 2 2 2 9 23 12 4 16 34 37 27 3 8 14 19 11 16 9 26 10 26 15 6 5 12 4 9 12 22 12 10 6 6 1 6 10 3 8 2 0 3 4 12 9 3 3 2 2 2 1 5 9 8
7 28 35 4 15 7 17 27 8 21 11 6 2 10 5 18 6 14 9 13 4 5 13 15 13 6 4 7 9 14 1 4 7 14 8 3 4 9 4 6 12 4 2 5 3 2 2 15 24 17 32 38 30 6 10 17 20 17 12 18 21 17 5 15 22 2 5 4 9 3 9 13 8 16 6 6 3 10 7 1 14 16 3 5 2 2 5 4 2 4 1 2 3 12 3 8
10 21 31 8 9 3 7 6 10 10 11 4 1 7 7 41 8 6 8 2 7 12 12 16 8 3 3 3 8 6 4 7 14 7 2 1 4 9 9 2 7 4 3 7 4 3 7 41 31 52 56 47 4 6 8 9 13 15 12 15 25 6 17 11 11 25 43 4 3 1 2 21 3 14 11 9 6 13 9 7 10 30 5 6 3 1 5 6 13 12 4 2 20 4 4 14
9 11 37 14 14 5 4 8 3 14 13 8 3 4 3 10 8 4 8 4 7 8 5 5 6 3 16 2 6 11 5 5 13 12 4 3 7 3 3 5 1 3 1 4 19 35 62 34 35 38 15 2 6 8 13 10 12 12 9 6 8 4 11 8 2 20 4 0 0 4 5 6 16 4 15 8 9 10 21 9 12 18 4 12 4 3 3 3 3 6 7 11 3 10 14 26
9 5 2 38 5 3 1 2 1 8 20 5 5 2 4 13 3 4 12 3 4 6 5 4 2 5 2 2 1 9 4 5 5 6 4 4 4 3 1 3 1 2 1 35 28 30 64 71 34 8 2 5 6 9 9 8 11 12 9 2 0 1 11 16 23 26 2 2 1 9 15 7 8 2 17 5 15 6 12 4 6 16 6 11 5 7 1 1 2 2 1 2 7 3 15 19
10 10 4 40 1 4 6 2 8 1 10 3 3 6 6 20 4 7 10 6 2 4 5 13 2 4 1 11 1 1 3 6 9 6 2 4 12 5 1 2 5 42 51 53 66 23 45 72 45 1 4 7 7 6 1 6 7 7 7 0 0 7 26 27 27 8 4 10 10 5 16 15 3 4 6 8 21 14 26 36 37 18 5 8 11 7 7 0 2 3 4 2 3 6 18 13
7 6 2 43 4 1 2 2 14 1 3 10 3 3 3 13 2 5 11 4 2 3 3 12 2 2 2 4 6 6 3 4 6 5 4 8 5 3 3 13 33 58 73 58 71 74 66 44 1 3 9 5 6 8 2 5 11 12 4 2 1 10 22 15 8 5 9 8 8 8 12 28 35 6 4 6 7 11 15 7 4 10 12 25 15 12 2 2 6 1 7 5 3 9 28 7
5 4 2 11 9 14 3 2 12 3 2 9 1 2 2 2 4 3 7 3 1 1 0 7 1 3 8 4 10 3 3 4 3 9 3 6 3 1 6 18 14 6 46 69 73 55 2 3 5 3 4 3 6 6 4 1 2 36 4 9 4 7 4 16 13 5 12 11 7 21 22 19 2 6 5 14 12 10 9 7 8 9 13 9 11 2 7 3 3 1 3 7 2 5 20 6
4 4 2 3 14 5 3 1 6 1 1 5 2 1 0 1 3 1 7 2 2 0 1 1 3 4 7 3 5 2 6 5 6 3 4 4 4 1 7 13 5 24 15 9 5 2 8 11 7 7 3 3 3 0 2 6 3 10 9 6 5 5 2 6 3 3 4 13 26 33 7 2 5 8 8 9 23 10 27 9 13 13 13 9 14 2 4 3 5 1 8 5 3 4 5 2
4 3 3 1 15 1 2 2 9 3 1 2 6 1 1 1 1 1 4 4 1 1 1 4 7 3 3 5 2 3 3 4 4 5 3 2 5 2 14 15 56 47 12 2 8 8 2 3 4 1 2 0 2 1 3 6 2 19 6 2 4 4 7 5 1 4 8 27 19 1 3 0 3 8 22 21 11 12 5 10 10 8 11 16 3 5 5 5 2 1 12 4 3 5 3 0
2 1 4 9 2 1 2 2 3 1 1 1 5 2 1 1 1 1 1 6 1 1 0 2 5 4 4 3 1 3 1 3 2 6 2 3 6 4 10 8 8 18 3 7 9 4 4 6 11 5 2 0 0 1 5 8 1 7 4 3 3 3 7 2 1 2 11 15 1 0 1 4 2 2 5 20 16 20 3 6 8 8 10 6 6 4 5 5 7 1 4 4 2 1 2 1
7 1 3 12 14 1 2 1 5 1 2 0 2 1 2 0 2 1 2 1 1 1 0 2 3 7 4 1 1 1 0 1 4 1 3 2 2 3 8 4 11 18 3 6 2 9 1 1 3 7 4 1 0 2 0 2 6 3 5 0 1 8 5 1 2 8 12 15 1 0 1 5 3 4 4 9 14 6 3 4 6 9 8 15 4 6 9 3 2 1 3 3 2 1 1 1
4 1 0 1 2 1 1 1 2 1 1 0 0 2 1 0 1 1 2 0 1 0 0 3 2 2 4 0 2 2 1 1 0 2 4 3 4 26 9 47 43 17 3 1 1 6 5 3 2 5 3 3 0 1 2 1 9 6 0 0 0 5 4 3 9 12 13 13 1 2 2 6 16 1 4 9 6 5 3 3 7 4 5 2 3 12 3 4 1 1 1 1 1 0 1 0
1 2 1 2 1 3 1 1 0 1 1 0 0 1 0 0 1 1 6 0 0 1 1 3 1 1 1 0 1 1 1 1 1 1 2 4 11 18 41 24 10 35 6 1 2 4 0 1 0 3 4 3 1 1 2 3 2 12 2 1 2 9 3 1 4 10 5 11 2 3 4 5 7 1 2 3 2 9 4 3 0 1 0 1 1 3 1 1 1 1 1 0 0 0 0 0
1 3 3 1 0 1 0 2 0 0 1 1 1 0 1 1 1 1 1 0 0 0 2 1 2 1 1 0 1 0 1 1 1 1 2 19 32 51 69 23 5 1 5 6 2 1 4 12 2 6 8 1 3 4 3 5 1 3 1 3 1 10 1 3 6 4 5 11 2 2 4 5 4 1 0 1 4 4 13 4 1 1 2 2 1 1 1 1 1 0 0 1 0 0 1 1
