sesion_6_simulaciones/modelos_agentes/ejemplos_netlogo/scenarios/cgcm2_a2/rob_2052.asc
NCOLS 322 
NROWS 307 
XLLCORNER 451900 
YLLCORNER 4086900 
CELLSIZE 100 
NODATA_value -9999 
[rows 74 to 147 of 307, columns 0 to 95 of 322]
0 0 0 0 0 0 0 0 0 0 0 0 0 0 0 0 0 0 0 0 0 0 0 0 0 0 0 0 0 0 0 0 0 0 0 0 1 1 1 1 0 1 0 0 0 0 0 0 0 0 0 0 0 0 0 0 0 0 0 0 0 1 1 2 1 1 1 1 2 3 7 4 3 2 10 33 12 14 33 53 46 8 10 16 23 4 2 2 6 3 4 5 3 3 7 5
0 0 0 0 0 0 0 0 0 0 0 0 0 0 0 0 0 0 0 0 0 0 0 0 0 0 0 0 0 0 0 0 0 0 0 1 0 0 3 2 1 1 1 1 0 0 0 0 0 0 0 0 0 0 0 0 0 0 0 0 0 0 2 4 1 2 3 2 2 1 2 5 5 4 7 45 14 6 5 45 36 17 13 9 3 10 11 4 6 5 6 12 9 6 4 29
0 0 0 0 0 0 0 0 0 0 0 0 0 0 0 0 0 0 0 0 0 0 0 0 0 0 0 0 0 0 0 0 0 0 0 0 1 1 1 1 1 3 1 0 1 0 0 0 0 0 1 0 0 0 0 0 1 0 0 0 0 2 1 2 3 2 4 3 6 4 4 2 2 2 6 52 65 15 8 10 25 21 9 3 3 27 27 21 16 4 3 2 17 19 12 17
0 0 0 0 0 0 0 0 0 0 0 0 0 0 0 0 0 0 0 0 0 0 0 0 0 0 0 0 0 0 0 0 0 0 0 0 0 0 0 0 3 1 1 1 1 2 1 0 0 1 0 0 0 0 0 0 0 0 0 0 1 1 1 2 1 2 3 4 6 8 9 10 10 9 4 10 43 26 16 5 31 40 6 3 20 41 6 45 27 12 5 14 24 23 25 12
0 0 0 0 0 0 0 0 0 0 0 0 0 0 0 0 0 0 0 0 0 0 0 0 0 0 0 0 0 0 0 0 0 0 0 0 0 0 0 1 1 2 1 1 2 7 2 1 2 1 1 0 0 0 0 0 0 0 1 1 1 0 1 0 1 2 2 5 5 6 7 15 11 13 6 2 3 11 11 6 12 11 7 7 23 9 7 4 5 19 11 17 13 18 22 29
0 0 0 0 0 0 0 0 0 0 0 0 0 0 0 0 0 0 0 0 0 0 0 0 0 0 0 0 0 0 0 0 0 1 1 1 1 0 1 1 2 4 3 1 1 2 6 7 15 12 7 3 1 1 1 0 0 0 1 1 0 0 0 0 0 1 1 0 1 5 9 9 11 14 10 8 5 10 3 2 11 11 7 12 22 8 20 11 5 15 20 45 58 55 36 43
0 0 0 0 0 0 0 0 0 0 0 0 0 0 0 0 0 0 0 0 0 0 0 0 0 0 0 0 0 0 0 0 0 0 3 4 1 0 1 2 2 2 5 3 1 1 3 9 41 44 51 62 33 5 3 1 1 1 0 1 0 0 0 0 1 1 0 1 1 4 8 7 11 15 13 8 7 3 2 0 4 9 10 13 24 15 6 8 10 15 60 60 58 32 33 61
0 0 0 0 0 0 0 0 0 0 0 0 0 0 0 0 0 0 0 0 0 0 0 0 0 0 0 0 0 0 0 0 0 0 0 2 1 1 1 2 6 19 4 11 8 3 2 1 1 2 8 15 28 38 17 4 1 1 1 1 0 1 0 1 0 0 0 0 1 2 2 10 10 14 18 10 3 0 1 1 2 5 7 17 8 18 22 25 15 14 9 7 26 19 27 45
0 0 0 0 0 0 0 0 0 0 0 0 0 0 0 0 0 0 0 0 0 0 1 0 1 0 0 0 0 0 0 0 0 0 0 0 0 0 0 1 2 2 4 12 6 5 6 4 1 0 0 1 2 9 8 21 6 2 1 5 6 2 1 0 2 1 0 1 0 0 2 5 12 9 7 8 5 3 4 7 3 2 9 27 10 34 30 27 25 32 21 11 10 26 65 79
0 0 0 0 0 0 0 0 0 0 0 0 0 0 0 0 0 0 1 1 0 0 0 0 0 0 0 0 0 0 0 0 0 0 0 0 0 0 1 1 5 9 3 2 1 2 2 2 0 1 1 0 4 1 2 4 8 4 14 9 2 1 0 1 1 0 0 1 1 1 8 7 10 7 7 8 11 15 9 4 7 7 28 35 22 52 42 72 52 46 51 46 13 12 17 19
0 0 0 0 0 0 0 0 0 0 0 0 0 0 0 0 0 0 0 0 0 0 0 0 0 0 0 0 0 0 0 0 0 0 1 1 0 1 1 1 2 6 10 8 1 0 1 1 1 1 0 4 13 5 4 3 2 9 29 4 2 1 0 0 1 1 1 1 3 5 6 7 6 5 6 7 10 9 17 4 7 5 11 9 20 54 26 37 56 69 45 48 50 33 26 22
0 0 0 0 0 0 0 0 0 0 0 0 0 0 0 0 0 0 0 0 0 0 0 0 0 0 0 0 0 0 0 0 0 0 0 1 0 2 1 1 3 4 9 12 5 6 8 6 8 8 5 6 8 5 4 2 4 10 4 4 2 3 1 1 0 0 0 3 3 2 6 4 20 4 4 13 10 9 11 8 7 5 6 16 4 40 30 61 61 77 85 85 66 46 34 33
0 0 0 0 0 0 0 0 0 0 0 0 0 0 0 0 0 0 0 0 0 0 0 0 0 0 0 0 0 0 0 0 0 0 0 0 0 1 0 2 3 1 5 5 3 4 6 4 3 5 6 2 3 3 3 3 8 3 4 4 5 2 1 0 0 0 0 0 1 2 1 4 2 1 14 9 7 11 36 14 17 8 4 13 24 48 39 28 70 65 56 62 72 38 37 36
0 0 0 0 0 0 0 0 0 0 0 0 0 0 0 0 0 0 0 0 0 0 0 0 0 0 0 0 0 0 0 0 0 0 0 0 0 0 0 1 3 1 1 1 1 2 4 1 2 2 2 2 2 4 3 2 3 2 3 3 3 1 1 0 1 1 3 4 3 2 3 2 3 2 2 2 22 31 6 13 14 9 9 7 11 17 34 52 61 69 16 44 57 59 37 35
0 0 0 0 0 0 0 0 0 0 0 0 0 0 0 0 0 0 0 0 0 0 0 0 1 1 1 1 0 1 0 0 0 0 0 0 0 0 0 1 0 0 1 1 1 2 3 1 1 3 1 1 1 3 2 1 2 1 2 2 1 0 0 0 1 0 0 2 5 1 3 2 2 3 6 4 5 8 7 6 4 7 17 16 11 14 13 10 29 27 18 46 24 63 52 44
0 0 0 0 0 0 0 0 0 0 0 0 0 0 0 0 0 0 0 0 0 0 0 0 0 1 2 1 0 1 1 1 0 1 0 0 0 0 0 0 0 0 0 0 1 1 1 0 0 1 0 1 0 2 3 0 1 1 4 1 1 1 1 1 1 0 0 0 10 2 2 2 2 2 3 8 9 23 27 21 31 22 11 8 25 34 30 29 14 11 24 43 47 22 46 40
0 0 0 0 0 0 0 0 0 0 0 0 0 0 0 0 0 0 0 0 0 0 0 1 4 0 3 3 0 1 1 1 1 1 0 1 1 0 0 0 0 0 0 0 0 1 0 0 0 0 1 1 1 3 0 1 2 1 1 0 0 1 1 1 0 0 0 0 2 26 15 5 2 10 10 16 48 43 8 16 44 31 37 35 32 36 37 39 31 17 9 39 36 21 15 6
0 0 0 0 0 0 0 0 0 0 0 0 0 0 0 0 0 0 0 0 0 0 0 1 2 1 0 8 4 1 0 2 1 2 2 3 1 1 0 0 0 0 0 0 0 0 0 0 0 0 5 6 9 6 8 1 0 1 0 0 0 1 0 0 0 0 3 3 1 1 5 7 40 71 38 20 11 9 51 19 4 25 39 34 30 34 43 45 38 19 13 15 9 6 10 28
0 0 0 0 0 0 0 0 0 0 0 0 0 0 0 0 0 0 0 0 0 0 0 1 0 1 2 5 13 3 0 0 0 0 1 1 1 1 2 1 0 0 1 1 1 1 2 0 1 8 15 8 1 2 5 12 2 0 0 0 0 1 0 0 0 1 1 1 3 1 2 2 2 3 2 45 11 13 7 19 35 11 16 45 35 40 47 45 48 48 27 8 16 34 19 30
0 0 0 0 0 0 0 0 0 0 0 0 0 0 0 0 0 0 1 0 0 1 0 0 0 0 0 0 2 2 5 1 0 0 1 0 1 4 1 0 3 0 1 2 6 3 2 5 6 8 23 23 5 13 9 15 5 8 3 2 1 1 0 0 0 1 0 1 1 1 1 0 2 2 2 7 6 10 9 12 22 47 23 28 40 43 32 41 27 16 30 36 42 11 9 14
0 0 0 0 0 0 0 0 0 0 0 0 0 0 0 0 0 1 0 1 0 0 0 0 0 1 0 0 0 3 16 2 0 0 0 1 1 1 5 1 5 0 1 6 6 5 7 13 15 50 38 42 23 58 43 29 17 17 13 1 2 1 0 0 0 1 1 4 2 2 1 4 7 6 4 3 4 11 19 15 9 11 39 39 37 24 38 20 18 41 42 32 41 40 29 18
0 0 0 0 0 0 0 0 0 0 0 0 0 0 0 0 0 0 0 0 0 1 0 0 0 1 1 0 0 1 6 7 3 1 0 1 0 0 4 1 5 0 1 6 8 11 31 36 42 65 48 13 41 31 26 19 14 24 1 1 3 1 0 0 0 0 1 2 3 2 14 3 1 3 4 8 29 34 36 28 22 17 21 30 20 13 30 29 28 33 50 43 25 19 28 25
0 0 0 0 0 0 0 0 0 0 0 0 0 0 0 0 0 0 0 0 0 0 0 0 1 0 2 1 1 0 4 15 1 1 1 1 0 3 16 6 12 6 2 5 15 37 60 54 29 71 31 5 16 3 8 32 37 23 3 10 8 7 1 0 0 0 1 1 1 6 1 4 7 2 4 14 13 10 27 37 41 23 12 14 9 16 33 48 43 41 40 47 24 26 26 40
0 0 0 0 0 0 0 0 0 0 0 0 0 0 0 0 0 0 0 0 0 0 0 2 3 4 2 3 2 1 7 19 1 1 3 2 0 2 1 7 14 31 9 11 36 49 72 65 27 46 6 9 4 1 1 1 41 47 35 21 5 13 1 0 3 6 1 0 1 1 2 6 2 11 14 3 11 28 21 38 31 37 42 17 29 29 43 40 49 31 48 50 36 42 36 50
0 0 0 0 0 0 0 0 0 0 0 0 0 1 0 0 0 0 1 1 2 1 1 2 3 5 4 10 6 7 3 10 2 2 2 1 1 4 1 3 6 23 16 30 43 50 77 87 78 48 15 5 1 1 0 1 1 1 58 22 24 2 1 3 1 2 2 1 0 0 3 2 9 7 6 4 6 3 15 21 40 50 31 21 25 41 34 29 51 25 70 30 35 37 30 35
0 0 0 0 0 0 0 0 0 0 0 0 0 0 1 1 0 0 1 1 2 2 3 9 12 15 16 12 13 18 2 9 11 5 3 2 1 2 1 0 1 19 3 9 11 17 78 83 75 26 15 14 7 6 2 4 1 4 2 2 2 1 3 4 4 1 1 0 1 1 1 2 3 4 2 2 3 9 13 26 33 40 25 24 20 29 36 15 38 33 72 40 40 22 33 45
0 0 0 0 0 0 0 0 0 0 0 0 0 0 1 0 2 0 0 1 1 1 1 1 2 6 9 4 16 21 9 32 45 18 4 10 3 3 3 1 10 18 13 7 15 22 8 34 48 10 17 19 12 8 11 5 2 8 3 5 2 1 2 3 2 1 1 0 1 0 0 0 3 5 4 4 7 12 12 18 19 31 23 23 22 19 27 23 53 58 17 33 42 40 45 30
0 0 0 0 0 0 0 0 0 0 0 0 0 0 0 0 1 4 1 1 1 3 3 5 10 12 12 6 3 4 4 46 32 13 25 28 37 20 2 2 11 14 56 25 27 28 26 8 5 11 29 22 13 8 4 8 7 4 3 2 3 2 6 4 2 1 1 1 2 0 0 1 1 2 3 8 7 11 12 16 16 16 13 22 26 15 17 23 42 4 18 31 24 10 6 18
0 0 0 0 0 0 0 0 0 0 0 0 0 0 0 0 0 0 1 2 3 7 7 11 17 36 20 18 11 5 3 2 40 45 39 11 57 27 12 26 35 7 43 26 78 60 24 10 10 5 17 23 14 9 10 3 7 4 4 2 4 5 13 15 4 1 0 0 1 0 0 0 0 1 0 4 4 6 8 9 13 10 14 20 9 25 19 46 18 11 23 25 28 17 16 28
0 0 0 0 0 0 0 0 0 0 0 0 0 0 0 0 0 1 1 2 5 7 26 22 26 22 45 25 9 10 8 7 3 31 32 7 9 6 43 18 16 5 55 20 11 4 17 11 18 13 19 28 28 16 8 3 2 2 0 1 2 2 7 8 0 1 1 0 1 1 1 1 0 1 2 1 4 5 6 7 5 17 6 2 10 32 15 45 11 5 9 13 15 15 23 28
0 0 0 0 0 0 0 0 0 0 0 0 0 0 1 1 1 1 1 1 2 5 34 42 15 13 17 19 25 23 14 21 9 3 3 11 4 7 53 7 5 11 28 10 11 7 19 13 16 12 6 18 20 18 6 3 2 2 1 1 1 1 1 1 1 1 1 0 1 1 1 0 1 2 1 1 4 4 5 5 19 4 4 8 11 17 16 13 16 3 3 11 13 25 30 43
0 0 0 0 0 0 0 0 0 0 0 0 0 0 0 0 1 2 4 7 5 12 10 9 5 2 9 19 24 20 37 36 8 4 1 2 7 30 15 13 2 35 55 15 15 15 15 22 25 5 8 12 10 10 4 3 2 1 1 0 1 0 1 3 3 1 1 1 1 1 1 1 0 2 1 1 3 2 3 8 5 4 6 4 10 4 11 19 32 12 8 10 17 20 15 37
0 0 0 0 0 0 0 0 0 0 0 0 0 0 0 1 1 2 4 4 6 23 10 7 10 10 4 11 17 14 15 9 5 11 9 10 21 13 24 10 13 17 36 35 23 19 7 10 14 4 4 16 20 20 14 5 2 1 3 7 4 1 1 1 1 0 6 4 1 1 1 11 4 2 1 1 1 1 2 5 2 3 4 1 5 5 11 20 11 25 15 22 18 28 24 35
0 0 0 0 0 0 0 0 0 0 0 0 0 2 1 5 2 1 3 9 12 14 24 11 9 11 11 7 21 17 10 8 11 15 19 18 5 8 11 13 12 4 7 17 24 14 2 5 5 6 8 10 8 7 5 3 3 1 11 11 4 4 1 1 2 1 9 49 22 8 4 2 10 19 3 1 1 2 3 2 0 6 2 4 4 9 3 4 6 11 20 16 42 28 13 20
0 0 0 0 0 0 0 0 0 0 0 0 0 0 2 2 5 7 5 10 9 7 20 9 6 6 5 3 3 5 12 10 16 16 9 18 16 14 12 9 3 8 14 4 24 14 11 10 10 4 4 4 4 17 8 6 4 1 2 2 1 1 4 1 3 5 4 30 52 25 2 3 3 2 12 4 1 1 1 1 3 5 2 16 5 5 5 9 8 11 19 33 14 15 18 9
0 0 0 0 0 0 0 0 0 0 0 0 0 0 0 0 0 1 3 7 9 10 18 26 15 10 13 11 6 3 7 2 4 8 9 15 16 11 17 5 3 11 6 8 25 13 12 9 11 6 5 5 5 12 17 1 2 2 3 3 2 9 7 9 11 5 12 9 45 18 14 3 2 2 3 6 4 5 3 5 1 3 3 7 6 7 10 4 6 32 14 7 20 16 19 18
0 0 0 0 0 0 0 0 0 0 0 0 0 0 1 1 1 0 1 5 9 22 33 44 39 13 9 4 2 3 3 1 1 2 5 5 9 12 8 11 8 11 3 19 3 2 5 6 8 8 16 14 6 12 7 5 3 5 6 1 5 5 3 3 44 10 13 8 3 49 37 7 7 3 10 17 20 35 17 12 6 5 2 8 23 12 29 18 18 24 15 9 18 24 31 18
0 0 0 0 0 0 0 0 0 0 0 0 0 0 1 1 1 3 2 14 43 21 9 18 28 14 11 11 4 1 3 4 6 3 1 4 14 13 3 7 18 19 14 14 4 3 6 14 22 23 9 37 22 23 12 4 4 2 2 7 3 2 2 4 3 16 9 10 5 17 32 50 28 5 1 13 10 25 2 1 9 28 1 4 1 10 10 54 39 33 59 24 21 21 24 26
0 0 0 0 0 0 0 0 0 0 0 0 0 0 0 0 2 3 4 3 3 30 30 16 19 13 21 31 17 6 5 11 7 7 9 3 4 9 9 9 10 15 13 12 10 11 26 20 16 20 20 15 18 12 10 13 16 19 5 1 6 2 2 20 4 13 20 10 7 9 34 33 36 15 5 7 2 13 5 2 1 12 5 4 7 32 6 12 4 3 31 11 17 60 22 39
0 0 0 0 0 0 0 0 0 0 0 0 0 0 0 1 1 2 4 5 4 1 21 51 32 30 24 24 28 10 9 14 6 8 16 22 9 4 4 10 14 10 6 37 14 16 19 49 49 29 42 16 21 47 62 56 15 9 4 3 4 21 9 2 22 6 24 16 12 3 32 28 19 31 5 8 2 17 26 5 3 25 3 6 10 2 13 8 3 10 57 17 10 46 64 59
0 0 0 0 0 0 0 0 0 0 0 0 0 0 0 0 1 2 4 9 10 10 5 15 17 17 6 8 25 9 6 7 5 4 7 12 10 8 6 11 8 4 4 4 20 24 22 43 30 16 13 33 14 12 9 5 8 2 5 5 5 14 18 6 8 20 2 35 20 6 27 44 38 31 10 8 3 25 6 5 1 47 10 6 11 11 5 10 9 24 53 66 14 13 63 60
0 0 0 0 0 0 0 0 0 0 0 0 0 0 0 0 0 1 4 14 19 12 7 3 3 1 6 4 1 2 7 1 2 4 8 6 8 13 10 7 16 12 15 13 18 24 22 19 12 13 24 26 25 31 12 19 14 6 4 6 3 8 14 15 13 43 16 32 50 15 15 21 45 23 34 8 5 24 12 29 22 48 64 18 12 15 5 19 11 7 33 76 23 9 11 62
0 0 0 0 0 0 0 0 0 0 0 0 0 0 0 0 1 1 3 7 13 10 6 9 4 5 6 3 1 1 3 2 2 3 3 5 11 12 9 20 30 19 19 14 7 14 16 14 17 36 24 40 24 24 18 22 17 12 8 13 8 17 9 23 8 42 34 14 54 33 5 25 33 24 52 15 31 15 17 13 35 15 69 36 8 16 16 46 13 7 8 48 30 14 30 28
0 0 0 0 0 0 0 0 0 0 0 0 0 0 0 0 0 1 2 5 9 9 9 7 13 10 13 9 2 1 1 1 1 3 4 2 10 13 6 6 25 17 9 6 15 9 17 11 11 37 49 40 49 27 9 17 45 14 23 19 23 32 13 5 9 7 24 13 26 50 20 16 19 57 42 30 45 16 29 61 42 17 45 64 16 21 8 9 10 14 19 59 29 43 26 8
0 0 0 0 0 0 0 0 0 0 0 0 0 0 0 0 1 2 11 13 10 25 15 21 7 8 12 12 8 1 0 1 5 4 12 13 10 18 20 17 18 12 11 8 11 8 7 14 11 9 8 17 9 15 40 31 49 13 67 47 13 44 15 23 27 11 7 5 20 38 18 39 20 39 10 31 73 49 30 48 63 55 47 75 20 17 31 11 15 5 24 36 39 16 10 13
0 0 0 0 0 0 0 0 0 0 0 0 0 0 0 0 0 1 2 1 3 2 3 7 14 21 12 12 19 4 1 11 8 10 5 4 10 10 10 32 21 8 12 21 17 17 21 23 10 25 27 9 31 48 40 52 35 39 31 45 11 30 40 19 37 50 52 32 15 54 55 70 65 33 29 37 58 63 48 53 60 62 44 73 69 37 6 7 10 21 27 41 51 24 11 8
0 0 0 0 0 0 0 0 0 0 0 0 0 0 1 1 1 1 3 3 2 5 4 8 22 10 13 15 18 18 7 48 13 5 9 5 18 18 21 29 48 23 27 30 18 30 17 21 12 17 22 15 6 34 15 28 59 59 39 42 48 65 66 53 17 58 52 60 54 36 53 65 20 37 34 38 57 47 71 74 63 43 42 79 70 32 40 8 11 40 20 46 36 37 31 19
0 0 0 0 0 0 0 0 0 0 0 0 0 0 0 0 0 1 0 5 3 5 6 8 8 9 19 13 15 11 13 47 9 13 12 9 15 13 15 27 40 18 17 27 15 25 8 9 19 10 9 18 7 5 5 7 32 55 61 65 54 43 62 79 40 36 65 65 57 37 15 30 41 27 33 54 64 80 59 42 42 33 82 71 73 29 22 22 15 23 25 49 12 9 11 42
1 0 0 0 0 0 0 0 0 0 0 0 0 0 1 0 0 0 1 2 5 7 2 3 4 10 12 5 18 15 29 14 16 25 12 6 6 14 36 35 18 11 24 33 30 21 7 6 5 17 10 10 16 13 6 4 11 17 12 40 26 24 57 76 67 49 27 13 15 26 20 22 20 23 27 27 62 51 46 32 12 33 84 70 72 61 26 31 8 28 34 60 59 45 22 10
0 0 0 0 0 0 0 0 0 0 0 0 0 0 2 0 0 0 1 3 3 2 1 4 2 1 7 3 15 21 24 25 32 16 7 17 18 17 34 25 11 24 11 12 24 7 5 9 3 13 6 5 12 6 13 8 8 13 15 5 24 24 31 42 46 22 18 32 25 38 23 14 17 22 24 11 35 32 37 22 20 14 47 32 48 71 31 44 13 40 56 48 34 38 35 15
0 0 0 0 0 0 0 0 0 0 0 0 0 0 0 1 0 1 0 1 2 1 3 2 2 1 4 3 11 10 13 15 28 11 20 19 22 11 23 16 11 15 10 11 12 5 6 6 4 21 10 7 15 16 12 9 18 18 28 18 11 16 6 13 4 4 14 27 31 34 32 19 14 8 10 9 18 19 23 21 24 19 24 18 31 40 16 31 10 33 57 53 31 15 76 60
0 0 0 0 0 0 0 0 0 0 0 0 0 0 0 2 1 0 1 1 2 1 1 2 2 3 10 8 12 9 20 29 9 15 15 28 13 10 27 7 10 14 5 9 8 15 4 9 3 11 7 9 10 18 8 12 12 22 16 21 23 30 12 12 12 8 24 19 24 17 10 8 27 14 9 5 8 20 14 13 13 12 15 27 32 29 22 30 15 68 72 69 68 26 8 20
0 0 0 0 0 0 0 0 0 0 0 0 1 1 1 0 1 0 0 1 2 1 1 3 2 2 8 5 5 4 6 9 14 35 16 9 10 3 11 5 8 7 7 6 3 4 5 5 7 8 7 8 6 10 11 17 22 13 19 15 31 16 9 23 7 13 18 34 12 10 17 37 26 21 24 25 7 6 15 12 14 20 13 36 22 16 46 16 29 69 68 63 79 42 47 14
0 0 0 0 0 0 0 0 0 0 0 0 0 0 0 0 0 1 0 0 0 0 0 2 1 5 4 7 3 3 6 24 10 11 17 9 6 5 10 3 5 4 2 2 2 5 1 3 3 1 5 2 5 11 15 19 30 21 9 18 14 18 17 12 47 12 20 24 28 49 40 24 15 15 22 26 25 29 32 33 43 50 22 23 19 34 56 35 51 63 36 54 83 62 66 47
0 1 0 0 0 0 0 0 0 0 0 0 0 0 0 0 1 0 0 0 0 1 0 0 1 0 1 4 4 8 5 13 4 7 12 6 4 5 2 4 3 3 2 8 10 4 2 9 25 9 14 10 19 32 34 10 15 16 16 13 16 17 32 26 31 25 23 24 49 10 7 10 13 7 4 7 29 24 40 48 54 50 42 18 17 39 65 33 37 19 27 61 90 54 73 63
0 0 0 0 1 1 0 0 0 1 1 0 0 0 0 1 0 0 1 1 5 2 3 1 3 1 1 2 4 3 5 3 2 5 10 5 3 2 1 2 7 26 6 3 6 7 12 6 29 40 65 28 41 62 42 20 35 17 6 7 8 10 27 15 18 26 24 33 12 11 14 21 39 25 26 21 9 33 52 69 63 25 17 25 14 43 60 42 34 31 33 83 86 53 62 89
0 0 0 0 1 0 1 1 0 0 0 0 0 0 0 0 0 1 1 1 3 9 6 1 2 3 7 4 5 2 10 3 3 2 3 2 1 2 4 4 11 1 9 27 7 16 19 15 17 66 66 71 24 52 50 49 27 43 21 15 12 16 5 16 26 33 34 12 15 14 27 44 32 42 56 36 23 54 69 72 38 23 17 33 23 45 26 21 40 42 63 88 70 83 64 91
0 1 0 0 1 0 0 1 0 0 0 0 0 0 0 0 1 0 2 2 1 11 8 13 17 25 17 12 8 2 5 3 2 3 5 16 9 17 28 21 27 31 19 44 13 30 45 52 10 10 10 63 62 31 50 24 21 62 37 30 12 12 17 26 27 32 22 27 27 39 33 18 31 32 37 35 63 58 47 47 27 19 16 23 20 32 23 25 28 28 45 80 59 78 38 70
0 1 1 0 1 0 0 0 0 0 0 0 0 0 0 0 0 0 3 9 3 1 9 39 16 30 26 32 27 41 19 34 35 49 13 32 3 27 49 22 42 63 20 54 51 27 55 22 73 34 17 77 58 54 53 52 74 78 28 41 18 14 13 14 14 21 18 13 12 17 20 25 18 33 40 62 72 64 22 11 27 16 11 18 10 18 20 32 34 54 69 82 52 57 52 47
0 1 4 0 2 2 0 1 0 0 0 0 0 1 0 0 0 0 0 5 3 1 1 3 4 3 17 45 27 29 36 30 55 33 25 33 51 43 50 56 24 67 68 33 50 43 65 29 67 80 53 56 56 48 32 74 56 60 46 50 37 11 12 11 28 20 22 31 33 34 42 29 43 38 65 69 53 34 28 11 4 8 9 14 15 8 16 27 31 44 70 70 29 36 42 43
1 1 0 2 2 2 1 1 1 1 0 1 1 1 0 0 1 0 1 1 0 0 2 1 2 5 14 11 19 28 38 48 13 41 16 60 49 49 54 60 46 62 51 56 65 59 64 71 17 67 49 29 75 21 46 72 53 19 62 19 25 42 9 9 18 20 40 35 36 33 33 41 57 82 80 70 52 31 8 10 9 5 3 3 9 5 15 16 23 34 54 44 34 21 45 57
0 1 1 1 1 1 0 0 1 0 1 0 1 1 0 0 0 0 2 3 2 2 2 2 2 4 1 2 3 5 3 3 6 9 3 3 6 5 5 9 11 12 7 14 16 15 17 66 52 46 76 29 61 59 60 60 23 13 23 24 53 48 21 14 30 30 36 26 28 57 72 75 78 77 71 63 44 14 5 5 5 5 4 2 6 3 8 6 11 15 26 29 25 15 27 32
1 1 1 1 0 0 0 0 1 0 1 0 0 0 0 0 0 0 1 0 1 3 3 2 5 3 2 3 5 6 4 4 12 9 7 11 5 7 10 15 14 16 28 15 20 13 23 9 14 18 51 50 59 66 60 31 33 40 33 45 47 24 19 25 26 26 39 55 69 70 77 63 45 46 31 26 8 10 9 10 9 7 3 4 2 2 2 1 3 5 12 12 17 10 10 13
5 7 3 0 0 0 0 0 0 0 0 0 0 0 0 0 0 0 0 2 1 0 1 1 2 2 1 5 3 2 4 5 2 2 2 5 4 4 8 5 7 16 16 10 10 15 12 22 20 21 13 18 18 21 30 30 40 34 30 42 13 15 16 26 31 22 23 21 44 69 73 68 48 38 17 16 25 22 35 31 19 10 3 5 7 7 7 4 3 1 1 2 5 14 13 10
1 1 1 2 1 0 0 0 0 0 0 0 0 0 0 0 0 0 0 0 2 2 2 2 1 2 1 3 4 5 3 1 3 2 3 4 4 6 7 9 7 7 9 5 4 5 6 6 14 23 34 51 39 34 32 26 29 27 27 11 9 16 15 33 25 15 23 23 28 35 29 43 47 23 16 27 36 31 11 9 4 5 6 12 25 23 23 12 11 8 4 3 2 1 3 3
1 1 1 0 0 0 0 0 0 0 0 0 0 0 0 0 0 0 0 0 0 3 3 2 2 1 2 3 5 1 1 2 2 5 5 3 5 5 4 5 6 7 24 11 12 9 10 15 22 19 33 36 28 28 28 21 25 18 16 17 3 17 17 22 39 41 37 47 36 31 18 20 10 19 26 38 57 38 18 11 12 17 17 32 26 25 27 29 30 15 19 10 7 5 2 1
1 1 0 0 0 0 0 0 0 0 0 0 0 0 0 0 0 0 0 0 0 1 2 2 2 1 4 7 2 1 3 1 3 3 6 7 4 8 10 9 2 8 11 12 10 23 23 19 14 12 21 11 37 26 48 34 20 18 12 9 11 14 18 13 55 64 31 50 45 40 29 29 16 28 43 51 29 12 19 24 23 33 23 38 45 39 49 36 36 32 27 27 21 16 7 12
1 0 0 0 0 0 1 1 1 0 1 0 0 0 0 0 0 0 0 0 1 1 0 1 2 3 13 13 4 2 4 3 4 10 5 8 6 9 3 4 12 10 7 10 12 21 19 9 26 12 22 28 27 17 32 17 32 9 16 7 24 36 15 45 74 48 48 30 28 32 24 13 19 31 40 37 18 27 27 34 42 38 44 58 56 50 48 38 52 53 36 55 33 23 19 19
0 0 0 0 1 3 1 1 2 4 0 1 0 0 0 0 0 0 0 0 1 0 0 2 2 9 5 1 1 1 1 4 2 3 12 4 4 7 8 11 7 7 6 6 10 10 18 18 16 19 24 21 27 18 22 17 36 20 9 5 11 32 51 64 57 58 35 33 33 18 16 18 27 13 42 19 33 32 48 49 57 44 52 61 62 47 61 58 57 43 45 49 37 34 41 43
0 0 0 0 0 3 2 3 5 2 1 1 3 0 0 0 0 0 0 0 0 0 0 2 1 0 1 1 3 3 2 1 4 1 3 4 4 11 6 7 3 7 3 3 4 11 11 19 22 14 12 29 8 18 24 22 12 9 20 12 3 18 19 26 40 62 52 65 44 13 30 24 36 29 73 38 30 33 42 46 59 43 50 65 46 46 60 73 63 61 46 49 45 59 55 41
0 0 0 1 0 0 0 0 3 3 4 3 2 0 1 0 0 0 0 0 0 0 0 0 0 1 2 2 2 1 1 1 1 1 1 2 2 2 2 6 13 4 7 7 2 4 7 7 12 16 19 16 18 4 29 4 10 26 12 14 7 7 15 13 11 13 36 26 15 33 61 32 38 30 67 33 38 41 55 63 79 66 80 79 73 67 67 68 83 81 56 49 48 51 76 56
0 0 0 0 0 0 0 0 0 1 0 2 1 0 1 1 1 1 0 0 0 0 0 0 0 1 1 0 0 0 0 0 0 1 1 1 1 1 1 3 6 15 6 3 14 10 14 5 11 7 7 13 5 14 13 21 22 15 16 12 9 24 37 27 21 14 16 33 40 35 46 49 27 41 61 51 59 52 66 81 69 58 83 81 80 78 77 76 79 74 61 55 71 75 76 63
0 0 0 0 0 0 2 0 1 0 2 5 1 4 1 2 5 3 2 0 0 0 0 0 0 0 0 0 0 0 0 0 0 0 1 1 0 1 2 4 3 5 8 12 1 9 9 11 12 7 7 18 24 11 5 5 9 21 19 19 14 36 29 22 12 27 31 31 55 49 41 67 45 61 56 71 76 70 78 70 41 67 79 63 44 49 69 43 72 81 68 69 66 67 66 81
1 2 4 1 3 0 0 0 1 1 4 6 4 22 6 7 14 7 1 2 0 1 0 0 0 0 0 0 0 0 0 0 0 0 0 0 1 1 1 1 1 3 5 13 9 5 10 6 11 9 8 8 6 33 51 19 17 15 15 18 28 27 34 18 28 33 46 24 47 56 35 53 61 58 74 50 64 62 77 68 24 38 50 64 37 11 17 36 77 74 75 80 46 53 40 76
