sesion_6_simulaciones/modelos_agentes/ejemplos_netlogo/scenarios/cgcm2_a2/rob_2099.asc
NCOLS 322 
NROWS 307 
XLLCORNER 451900 
YLLCORNER 4086900 
CELLSIZE 100 
NODATA_value -9999 
[rows 72 to 143 of 307, columns 192 to 287 of 322]
17 19 21 27 26 22 21 19 20 15 7 8 9 13 3 3 9 15 20 24 35 31 27 40 37 35 31 36 21 17 15 14 10 10 8 3 12 23 13 8 9 4 2 6 13 18 35 29 61 24 10 26 29 14 15 20 16 12 8 5 4 3 2 1 1 0 0 0 0 0 0 1 2 2 5 7 11 13 10 12 21 28 34 31 55 49 61 61 43 51 42 42 35 34 24 39
25 28 30 24 20 17 15 7 7 9 5 2 4 7 3 3 8 12 10 16 27 17 15 26 29 28 25 20 30 16 15 13 11 5 5 6 12 14 13 14 6 2 11 18 23 34 14 12 17 22 19 17 20 21 19 10 11 8 4 5 2 1 1 1 0 0 0 0 0 0 1 0 1 2 3 4 7 18 17 16 20 27 18 28 40 46 39 44 76 69 31 51 41 41 23 28
7 9 9 9 8 4 4 3 2 2 3 1 1 1 1 1 2 3 5 13 12 11 13 19 20 13 21 18 25 14 10 8 6 3 4 8 10 11 13 12 6 4 10 17 10 13 8 5 23 24 28 12 18 28 11 5 6 6 3 5 3 1 1 1 0 0 0 0 0 0 0 1 1 3 5 6 7 10 18 11 14 17 12 11 7 6 8 10 11 13 10 13 41 52 36 22
22 23 23 12 8 7 13 14 13 13 10 10 12 13 13 8 3 1 1 5 6 10 9 14 8 9 10 14 13 11 10 8 5 5 3 5 7 9 10 11 5 8 10 11 10 23 14 4 20 48 30 11 7 5 4 4 3 3 2 2 1 1 1 0 0 0 0 0 0 0 0 1 2 5 7 12 19 12 17 25 21 26 34 36 42 27 30 39 36 47 45 31 28 11 30 36
34 37 44 29 21 17 25 25 26 25 16 28 38 35 35 24 17 10 1 1 2 5 7 6 6 7 8 14 11 10 9 7 5 4 4 5 3 7 6 4 2 6 10 12 20 17 7 3 13 39 30 23 11 7 3 4 2 2 1 1 1 1 0 0 0 0 0 0 0 0 1 2 3 5 7 12 21 36 19 13 24 41 47 47 52 67 50 34 37 54 47 63 53 27 16 9
44 42 39 44 45 37 31 35 35 34 36 44 46 42 39 57 48 30 9 11 3 1 4 5 7 6 6 6 9 8 7 5 4 3 4 3 2 5 3 3 2 5 8 16 42 26 12 3 20 27 16 16 13 5 2 2 1 1 1 1 1 0 0 0 0 0 0 0 0 0 1 1 2 7 13 19 25 29 18 14 7 13 28 25 46 54 62 43 63 55 62 34 32 48 32 41
47 45 56 44 53 42 41 41 55 40 44 47 61 58 56 66 55 32 17 25 23 9 1 1 2 1 1 1 2 4 3 5 4 2 2 3 2 2 3 2 1 3 11 11 24 24 8 4 26 15 17 9 3 2 1 1 1 1 1 0 0 0 0 0 0 0 0 0 0 1 1 2 3 8 19 22 21 40 35 40 34 22 15 28 52 56 50 56 39 34 12 8 10 10 15 66
26 47 48 46 49 44 41 46 55 41 42 51 56 50 67 69 57 48 34 45 31 13 11 7 8 5 4 2 3 3 3 3 2 3 1 3 1 1 1 1 2 4 9 7 9 16 10 13 26 9 5 3 2 2 1 1 0 0 0 0 0 0 0 0 0 0 0 0 0 1 1 1 4 10 21 21 16 21 25 43 56 40 35 41 66 23 23 45 27 13 9 26 42 51 68 73
43 46 49 35 26 43 44 35 71 39 38 37 48 60 52 61 59 63 51 36 35 16 23 21 21 12 18 16 15 12 5 3 2 1 1 1 1 1 1 2 3 3 3 4 8 19 23 12 16 19 13 7 2 1 1 0 0 0 0 0 0 0 0 0 0 0 0 0 0 1 3 4 3 3 6 6 13 15 40 60 46 45 51 46 26 28 43 23 29 27 20 43 67 76 85 66
39 62 52 33 34 56 42 31 59 34 33 40 38 38 41 54 70 53 56 43 26 33 31 31 29 27 27 36 35 26 16 4 2 1 1 1 1 1 1 2 3 1 1 3 6 10 31 33 57 46 32 9 5 3 1 0 0 0 0 0 0 0 0 0 0 0 0 0 0 1 2 3 2 3 5 7 22 20 38 61 75 76 63 16 15 41 34 25 30 27 37 70 64 55 50 43
51 25 25 21 44 51 37 26 55 32 44 40 51 40 44 56 54 47 62 48 43 40 39 37 37 34 48 62 43 29 19 6 4 2 1 1 1 0 1 3 2 1 1 1 2 9 6 31 24 10 7 18 9 6 3 2 0 0 0 0 0 0 0 0 0 0 0 0 0 0 1 1 2 3 7 12 31 32 27 59 72 57 52 24 39 34 21 33 23 26 64 36 30 44 43 47
40 30 22 26 55 40 19 16 47 29 38 44 52 33 57 45 41 60 61 49 46 58 42 54 52 56 50 27 25 17 10 5 3 2 1 1 0 0 1 4 1 2 4 3 1 2 17 18 14 3 1 6 2 3 2 1 1 1 0 0 0 0 0 0 0 0 0 0 0 0 1 1 1 2 3 8 18 14 29 39 45 28 12 18 46 27 29 31 44 66 33 37 47 55 50 44
14 15 14 15 33 28 20 23 33 33 48 38 29 40 62 43 38 55 56 46 46 59 56 53 66 36 48 42 19 9 5 4 3 2 1 1 0 0 1 1 2 2 2 1 3 2 1 1 11 4 1 4 2 2 2 2 1 0 0 0 0 0 0 0 0 0 0 0 0 0 0 0 0 0 1 4 2 3 30 33 26 9 13 19 27 53 41 44 65 76 24 37 50 43 44 45
9 5 7 17 17 9 20 39 17 30 25 63 25 40 58 20 49 54 54 56 54 57 41 56 47 44 53 39 34 24 11 3 2 2 1 0 0 0 0 1 0 1 4 1 0 1 2 3 4 4 1 2 4 1 1 1 0 0 0 0 0 0 0 0 0 0 0 0 0 0 0 0 0 0 1 1 2 5 6 2 20 27 22 16 21 30 15 24 58 28 41 56 50 43 30 42
11 42 36 7 18 37 28 28 73 38 63 54 35 54 51 47 54 51 65 75 69 50 27 22 32 45 50 28 45 40 31 9 2 1 1 0 0 0 1 1 0 1 2 2 0 0 0 0 1 3 1 2 3 1 0 0 0 0 0 0 0 0 0 0 0 0 0 0 0 0 0 0 0 0 0 0 1 2 2 6 17 16 32 7 13 18 28 57 51 33 67 63 67 55 29 35
4 12 28 13 26 6 23 7 19 24 41 49 65 27 61 75 73 78 73 43 39 40 21 21 15 23 20 24 33 42 27 16 3 1 0 0 0 0 0 2 2 4 2 1 0 0 0 0 0 2 0 1 0 0 0 0 0 0 0 0 0 0 0 0 0 0 0 0 0 0 0 0 0 0 0 0 0 1 2 3 1 3 10 25 29 47 72 78 64 42 50 40 29 57 40 32
2 3 16 12 53 30 15 37 19 48 17 7 54 40 30 67 58 65 78 46 35 55 45 39 40 30 25 20 22 18 15 18 9 2 0 0 0 0 0 0 0 0 0 1 0 0 1 1 2 2 1 1 0 0 0 0 0 0 0 0 0 0 0 0 0 0 0 0 0 0 0 0 0 0 0 0 0 0 0 1 3 4 5 10 31 79 61 56 53 72 43 40 29 44 29 27
21 9 6 8 57 67 45 64 20 25 19 12 78 33 30 46 29 29 67 76 52 43 64 50 58 69 57 54 32 25 19 20 8 2 1 0 0 0 0 0 0 0 0 1 0 0 1 1 1 0 0 1 1 0 0 0 0 0 0 0 0 0 0 0 0 0 0 0 0 0 0 0 0 0 0 1 1 1 2 6 9 14 10 9 61 47 28 26 68 68 41 29 16 16 11 10
8 16 13 10 8 32 46 12 40 25 19 15 63 50 22 23 46 34 65 76 78 56 64 72 72 59 38 43 22 10 25 22 9 1 1 0 0 0 0 0 1 1 0 0 0 1 1 1 1 0 0 0 1 0 0 0 0 0 0 0 0 0 0 0 0 0 0 0 0 0 0 0 0 0 0 1 1 3 3 8 12 11 15 39 48 25 3 24 52 46 34 20 17 14 13 13
17 38 43 21 13 29 42 45 41 19 21 11 41 64 30 34 36 25 30 79 67 60 62 52 39 33 49 26 26 16 12 6 3 1 1 0 0 0 0 0 0 0 0 0 1 0 1 1 3 2 2 2 0 1 1 0 0 0 0 0 0 0 0 0 0 0 0 0 0 0 0 1 1 1 0 1 3 2 3 2 10 23 28 36 38 18 12 52 28 15 22 12 8 10 9 17
31 21 65 18 24 26 41 44 39 17 37 22 39 84 35 27 23 13 21 66 62 74 66 50 43 30 35 46 41 14 9 7 4 2 1 0 0 0 0 0 0 0 0 0 1 0 1 2 2 2 1 0 0 2 0 0 0 0 0 0 0 0 0 0 0 0 0 0 0 0 0 0 0 1 1 2 1 2 2 8 26 21 10 7 3 8 46 35 23 13 17 12 4 12 13 17
26 31 57 66 38 23 31 31 43 30 23 35 39 67 71 47 33 22 12 14 57 79 77 68 51 52 39 45 36 23 13 5 4 2 1 1 0 0 0 0 0 0 0 0 0 2 1 1 0 1 2 1 1 1 0 0 0 0 0 0 0 0 0 0 0 0 0 0 0 0 0 0 1 0 0 1 5 5 5 4 8 3 2 1 5 20 27 22 9 6 4 4 8 9 12 19
22 19 21 60 48 24 21 30 53 69 23 26 34 56 79 49 23 21 12 8 23 44 76 72 55 44 33 30 22 36 26 17 9 9 4 2 1 0 0 0 0 0 0 0 1 2 1 1 1 0 0 0 1 0 0 0 0 0 0 0 0 0 0 0 0 0 0 0 0 0 0 0 1 1 1 1 1 2 8 7 4 1 0 1 7 10 8 9 7 4 3 6 8 8 8 14
16 24 20 33 39 35 24 36 51 49 42 22 34 31 61 64 56 20 11 6 14 70 79 71 79 64 58 50 41 51 49 35 23 21 6 1 1 0 0 0 0 0 0 0 0 0 1 0 0 0 0 0 1 1 1 0 0 0 0 0 0 0 0 0 0 0 0 0 0 0 0 1 1 2 3 2 0 0 1 1 0 0 1 2 4 4 3 2 1 3 4 5 7 9 14 11
17 20 17 30 27 26 28 31 34 47 44 55 23 58 63 55 43 41 19 6 24 79 67 71 84 90 85 58 61 53 54 43 30 20 10 2 1 0 0 0 0 0 0 0 0 0 0 0 0 0 0 0 0 0 0 0 0 0 0 0 0 0 0 0 0 0 0 0 0 0 0 0 0 1 3 1 0 0 1 0 0 0 1 2 1 1 0 1 1 2 4 5 7 8 7 23
16 14 26 26 31 34 45 42 35 39 60 58 23 20 51 40 38 52 36 10 29 34 24 44 86 79 71 48 53 16 38 43 39 25 10 4 3 1 1 0 0 0 0 0 0 0 0 0 0 0 0 0 0 0 0 0 0 0 0 0 0 0 0 0 0 0 0 0 0 0 0 0 0 0 1 0 0 0 0 0 0 0 1 0 1 0 0 1 1 2 3 5 3 4 10 17
12 20 19 10 24 31 47 39 40 45 42 43 34 11 24 40 49 57 43 11 25 22 21 15 68 88 82 47 29 17 17 35 31 22 16 7 4 2 1 0 0 0 0 0 0 0 0 0 0 0 0 0 0 0 0 0 0 0 0 0 0 0 0 0 0 0 0 0 0 0 0 0 0 0 0 0 0 0 0 0 0 0 0 0 0 0 0 1 1 2 3 7 6 8 25 12
24 17 18 20 25 36 32 41 45 46 43 45 44 15 17 33 34 40 28 15 21 29 24 26 59 45 51 24 35 44 20 44 29 32 25 12 3 1 1 0 0 0 0 0 0 0 0 0 0 0 0 0 0 0 0 0 0 0 0 0 0 0 0 0 0 0 0 0 0 0 0 0 0 0 0 0 0 0 0 0 0 0 0 0 0 0 0 1 1 1 3 4 3 3 3 10
43 36 24 23 27 19 24 29 40 26 36 38 28 35 14 28 27 27 24 21 31 20 31 42 34 39 36 21 15 27 39 43 44 27 14 11 5 2 1 0 0 0 0 0 0 0 0 0 0 0 0 0 0 0 0 0 0 0 0 0 0 0 0 0 0 0 0 0 0 0 0 0 0 0 0 0 0 0 0 0 0 0 0 0 0 0 0 0 1 1 2 4 2 2 2 19
55 57 33 31 19 17 11 15 23 19 21 18 17 22 31 17 20 18 12 21 18 6 18 27 20 31 42 19 17 10 15 41 61 38 17 14 4 2 1 0 0 0 0 0 0 0 0 0 0 0 0 0 0 0 0 0 0 0 0 0 0 0 0 0 0 0 0 0 0 0 0 0 0 0 0 0 0 0 0 0 0 0 0 0 0 0 1 1 2 2 2 1 1 2 5 4
43 48 35 35 38 36 20 16 9 16 15 14 12 11 16 19 13 13 11 14 15 6 4 13 18 41 49 26 12 7 7 19 20 27 23 10 4 2 1 1 0 0 0 0 0 0 0 0 0 0 0 0 0 0 0 0 0 0 0 0 0 0 0 0 0 0 0 0 0 0 0 0 0 0 0 0 0 0 0 0 0 0 0 0 1 1 1 1 1 3 4 5 5 8 3 3
24 35 42 45 48 44 39 37 17 8 6 6 5 9 9 14 24 16 18 9 7 6 2 3 12 33 35 32 9 6 7 14 11 9 28 16 4 2 1 0 0 0 0 0 0 0 0 0 0 0 0 0 0 0 0 0 0 0 0 0 0 0 0 0 0 0 0 0 0 0 0 0 0 0 0 0 0 0 0 0 0 0 0 0 0 0 0 0 1 2 2 2 1 2 3 6
39 44 54 53 56 53 50 45 47 26 10 7 4 3 2 5 5 4 6 4 5 5 1 1 11 23 24 15 12 5 7 8 13 9 10 14 7 2 1 0 0 0 0 0 0 0 0 0 0 0 0 0 0 0 0 0 0 0 0 0 0 0 0 0 0 0 0 0 0 0 0 0 0 0 0 0 0 0 0 0 0 0 0 0 0 0 0 0 1 1 1 1 1 2 3 8
47 57 47 51 53 66 71 55 46 31 37 17 24 19 8 2 3 2 3 3 2 3 1 2 6 12 14 12 8 3 4 5 6 6 6 9 15 2 1 0 0 0 0 0 0 0 0 0 0 0 0 0 0 0 0 0 0 0 0 0 0 0 0 0 0 0 0 0 0 0 0 0 0 0 0 0 0 0 0 0 0 0 0 0 0 0 0 0 1 1 1 1 1 2 3 4
45 41 46 46 67 69 56 53 50 50 47 55 33 19 6 3 2 2 1 1 1 2 2 2 5 6 7 5 4 2 1 3 3 5 3 4 16 2 1 0 0 0 0 0 0 0 0 0 0 0 0 0 0 0 0 0 0 0 0 0 0 0 0 0 0 0 0 0 0 0 0 0 0 0 0 0 0 0 0 0 0 0 0 0 0 0 0 0 0 0 1 1 1 2 3 2
15 40 37 52 40 47 54 53 71 79 69 60 33 23 12 6 2 2 1 0 0 1 2 2 2 2 2 2 1 1 1 1 2 2 1 3 6 2 1 0 0 0 0 0 0 0 0 0 0 0 0 0 0 0 0 0 0 0 0 0 0 0 0 0 0 0 0 0 0 0 0 0 0 0 0 0 0 0 0 0 0 0 0 0 0 0 0 0 0 0 0 1 1 1 2 2
11 24 37 47 71 65 72 54 57 58 49 50 42 29 22 7 4 3 1 1 0 0 1 1 1 1 1 1 1 1 0 0 1 1 2 2 2 4 1 0 0 0 0 0 0 0 0 0 0 0 0 0 0 0 0 0 0 0 0 0 0 0 0 0 0 0 0 0 0 0 0 0 0 0 0 0 0 0 0 0 0 0 0 0 0 0 0 0 0 0 0 0 1 1 1 3
43 36 32 19 14 32 41 30 42 37 24 29 30 19 11 6 4 2 2 1 0 0 0 1 0 1 1 1 0 0 0 0 0 1 1 1 2 4 1 0 0 0 0 0 0 0 0 0 0 0 0 0 0 0 0 0 0 0 0 0 0 0 0 0 0 0 0 0 0 0 0 0 0 0 0 0 0 0 0 0 0 0 0 0 0 0 0 0 0 0 0 0 1 1 1 2
22 23 36 45 54 50 62 53 60 57 57 57 35 25 11 6 3 1 1 1 0 0 0 0 0 0 0 0 0 0 0 0 0 0 1 0 0 0 1 0 0 0 0 0 0 0 0 0 0 0 0 0 0 0 0 0 1 0 0 0 0 0 0 0 0 0 0 0 0 0 0 0 0 0 0 0 0 0 0 0 0 0 0 0 0 0 0 0 0 0 0 0 1 1 1 1
20 38 42 42 67 76 75 52 64 59 50 42 29 21 12 6 4 2 1 0 0 0 0 0 0 0 0 0 0 0 0 0 0 0 0 0 1 1 1 0 0 0 0 0 0 0 0 0 0 0 0 0 0 0 0 0 0 0 0 0 0 0 0 0 0 0 0 0 0 0 0 0 0 0 0 0 0 0 0 0 0 1 0 0 0 0 0 0 0 0 0 0 0 0 1 1
10 12 17 26 44 59 64 48 70 67 64 43 34 22 13 7 3 2 1 0 0 0 0 0 0 0 0 0 0 0 0 0 0 0 0 0 1 1 1 0 0 0 0 0 0 0 0 0 0 0 0 0 0 0 0 0 1 0 0 0 0 0 0 0 0 0 0 0 0 0 0 0 0 0 0 0 0 0 0 1 0 1 0 0 0 0 0 0 0 0 0 0 0 0 0 0
12 8 11 34 27 35 40 42 46 47 54 38 31 15 9 6 3 2 1 1 0 0 0 0 0 0 0 0 0 0 0 0 0 0 0 0 0 0 0 0 0 0 0 0 0 0 0 0 0 0 0 0 0 0 0 1 0 0 0 0 0 0 0 0 0 0 0 0 0 0 0 0 0 0 0 0 0 0 0 1 1 1 0 0 0 0 0 0 0 0 0 0 0 0 0 0
13 9 10 19 38 19 15 37 18 22 18 26 26 23 12 6 10 9 4 1 1 0 0 0 0 0 0 0 0 0 0 0 0 0 0 0 0 0 0 0 0 0 0 0 0 0 0 0 0 0 0 0 1 1 1 1 0 0 0 0 0 0 0 0 0 0 0 0 0 0 0 0 0 0 0 0 0 0 0 0 0 1 1 0 1 1 0 0 0 0 0 0 0 0 0 0
7 15 25 30 26 34 24 19 30 53 47 47 40 21 15 13 27 14 4 1 1 1 0 0 0 0 0 0 0 0 0 0 0 0 0 0 0 0 0 0 0 0 0 0 0 0 0 0 0 0 0 0 0 2 3 1 1 0 0 0 0 0 0 0 0 0 0 0 0 0 0 0 0 0 0 0 0 0 0 0 0 0 1 1 1 1 0 0 0 0 0 0 0 0 0 1
4 10 20 24 45 51 52 50 50 54 49 46 44 41 41 52 42 25 7 3 1 1 1 0 0 0 0 0 0 0 0 0 0 0 0 0 0 0 0 0 0 0 0 0 0 0 0 0 0 1 1 1 0 2 3 1 1 0 0 0 0 0 0 0 0 0 0 0 0 0 0 0 0 0 0 0 0 0 0 0 0 0 0 2 1 1 0 0 0 0 0 0 0 0 0 0
2 4 15 22 49 48 45 47 61 52 51 63 69 64 65 55 33 24 10 4 2 1 2 1 1 1 1 0 0 0 0 0 0 0 0 0 0 0 0 0 0 0 1 0 0 1 1 1 0 2 2 2 1 3 2 1 1 0 0 0 0 0 0 0 0 0 0 0 0 0 0 0 0 0 0 0 0 0 0 0 0 0 0 1 1 1 1 0 0 0 0 0 0 0 0 0
3 2 7 15 24 55 63 65 62 68 70 69 40 28 32 27 22 13 13 7 3 5 4 2 1 2 1 1 0 0 0 0 0 0 0 0 0 0 0 0 0 1 1 1 1 1 1 1 2 2 1 2 3 5 1 1 0 0 0 0 0 0 0 0 0 0 0 0 0 0 0 0 0 0 0 0 0 0 0 0 0 0 0 1 2 2 1 0 0 0 0 0 0 0 0 0
1 4 5 22 32 35 35 65 72 84 71 70 39 37 30 15 11 11 10 18 10 9 7 4 4 3 1 2 1 0 0 0 0 0 0 0 0 0 0 0 0 0 0 1 1 1 2 3 2 2 1 2 5 5 1 0 0 0 0 0 0 0 0 0 0 0 0 0 0 0 0 0 0 0 0 1 1 0 0 0 0 0 0 1 2 1 0 0 0 0 0 0 0 0 0 0
2 8 15 24 33 43 41 26 53 80 77 59 68 48 44 18 15 14 18 18 15 17 10 10 7 5 3 3 1 1 0 0 0 0 0 0 0 0 0 0 0 0 0 0 0 0 1 2 5 6 4 4 9 4 2 1 0 0 0 0 0 0 0 0 0 0 0 0 0 0 0 0 0 0 0 1 1 1 1 0 0 0 0 1 2 1 0 0 0 0 0 0 0 0 0 0
20 1 3 8 24 31 32 37 29 45 71 57 40 43 19 14 13 21 27 37 31 24 20 16 10 7 4 3 2 1 0 0 0 0 0 0 0 0 0 0 0 0 0 0 1 0 0 1 3 8 11 12 6 4 2 1 0 0 0 0 0 0 0 0 0 0 0 0 0 0 0 0 0 0 0 0 0 1 1 2 1 1 1 2 2 1 0 0 0 0 0 0 0 0 0 0
3 2 5 11 17 15 23 29 36 16 32 24 12 7 11 16 26 38 36 45 39 37 28 19 12 8 2 2 1 1 1 0 0 0 0 0 0 0 0 0 0 0 0 1 1 1 2 1 2 5 8 7 2 1 1 1 1 0 0 0 0 0 0 0 0 0 0 0 0 0 0 0 0 0 0 0 0 0 0 0 3 3 2 2 1 1 0 0 0 0 0 0 0 0 0 0
1 8 7 6 14 19 42 44 39 48 29 17 23 21 23 34 45 43 57 48 51 44 30 21 15 6 4 2 2 1 1 1 0 0 0 0 0 0 0 0 0 0 0 0 1 1 2 1 3 5 9 11 5 7 3 1 0 0 0 0 0 0 0 0 0 0 0 0 0 0 0 0 0 0 0 0 0 0 0 1 1 4 4 2 1 1 0 0 0 0 0 0 0 0 0 0
2 12 2 4 14 32 43 41 45 42 38 32 40 37 38 45 58 71 71 57 47 43 32 15 9 7 5 3 2 1 1 1 0 0 0 0 0 0 0 0 0 0 0 0 1 1 0 0 1 3 4 9 8 6 2 1 0 1 0 0 0 0 0 0 0 0 0 0 0 0 0 0 0 0 0 0 0 0 0 1 1 3 6 3 1 0 0 0 0 0 0 0 0 0 0 0
2 8 35 13 16 21 35 35 26 31 36 48 48 33 50 67 75 74 73 61 66 50 31 24 23 9 10 7 4 1 1 0 0 0 0 0 0 0 0 0 0 0 0 0 0 1 1 1 1 1 3 4 12 7 3 2 1 1 1 0 0 0 0 0 0 0 0 0 0 0 0 0 0 0 0 0 0 0 0 1 1 3 3 5 1 1 0 0 0 0 0 0 0 0 0 0
7 5 15 21 6 14 25 18 23 48 51 62 53 49 55 81 65 68 65 32 30 48 37 42 32 23 13 5 3 1 0 0 0 0 0 0 0 0 1 0 0 0 1 1 1 2 2 2 3 4 2 4 15 10 5 4 1 1 1 0 0 0 0 0 0 0 0 0 0 0 0 0 0 0 0 0 0 0 0 1 1 3 5 9 3 1 1 0 0 0 0 0 0 0 0 0
4 3 3 22 5 7 12 21 42 48 49 67 41 52 80 73 80 57 44 46 63 50 43 46 32 22 11 6 3 2 1 0 0 0 0 0 0 0 0 0 0 0 1 1 1 2 2 5 4 6 9 19 9 6 2 1 1 1 1 0 0 0 0 0 0 0 0 0 0 0 0 0 0 0 0 0 0 0 0 1 1 3 7 12 4 2 1 0 0 0 0 0 0 0 0 0
15 7 5 34 15 10 12 30 32 36 59 57 46 66 54 50 69 63 45 38 45 43 41 29 20 17 10 8 3 2 1 0 0 0 0 0 0 0 0 1 0 0 1 1 2 3 5 10 12 15 29 37 6 4 1 2 2 1 1 1 0 0 0 0 0 0 0 0 0 0 0 0 0 0 0 0 0 0 1 2 3 4 4 14 6 2 1 1 0 0 0 0 0 0 0 0
13 14 12 11 37 24 21 24 39 45 48 20 26 55 46 44 37 33 20 19 53 38 21 23 13 10 5 4 3 2 1 0 0 0 0 0 0 0 0 0 2 1 1 2 2 3 4 4 4 19 28 25 10 11 7 5 3 2 1 1 0 0 0 0 0 0 0 0 0 0 0 0 1 1 1 0 0 0 1 3 6 5 11 20 5 2 3 1 1 0 0 0 0 0 0 0
22 21 15 9 32 21 53 44 74 74 53 32 17 22 32 27 27 48 55 62 38 34 21 36 25 15 6 4 3 2 1 0 0 0 0 0 0 0 0 1 1 3 1 3 3 4 4 4 2 3 7 29 12 9 15 10 5 2 1 1 0 0 0 0 0 0 0 0 0 0 0 0 1 1 3 0 0 0 1 2 1 3 15 26 13 5 3 2 2 0 0 0 0 0 0 0
29 28 7 19 36 15 74 25 58 62 74 68 49 37 36 45 64 67 66 51 39 41 32 33 22 14 6 3 3 2 0 0 0 0 0 0 0 0 1 1 1 2 3 7 7 11 17 11 7 8 12 38 28 23 18 8 4 2 1 1 0 0 1 0 0 1 0 0 0 0 0 1 1 2 5 1 0 0 2 2 2 5 6 24 22 10 4 3 2 1 1 0 0 0 0 0
16 18 25 47 49 25 48 68 30 60 73 82 67 38 49 51 63 62 67 62 47 46 26 24 15 9 6 3 3 1 0 0 0 0 0 0 0 0 0 0 0 0 0 1 1 1 6 17 29 20 32 46 44 34 14 15 9 2 1 1 1 1 1 0 1 1 0 0 1 1 0 1 2 3 6 3 1 0 1 2 6 4 8 17 31 19 11 4 3 2 1 0 0 0 0 1
37 36 24 21 57 28 15 59 64 46 60 72 74 80 68 68 64 42 42 61 53 49 40 37 21 8 6 5 1 1 0 0 0 0 0 0 0 1 1 1 1 1 2 1 0 3 5 13 22 34 47 60 57 32 20 16 10 4 2 1 1 1 1 1 1 1 1 1 2 1 1 0 1 3 13 7 1 1 1 1 6 6 10 16 37 41 28 11 2 1 0 0 0 0 0 1
66 41 20 22 44 42 31 13 14 17 58 75 80 76 90 90 86 68 61 64 53 41 29 35 19 9 5 4 1 0 0 0 0 0 0 0 0 1 1 1 2 2 1 2 3 4 6 5 16 17 27 44 51 35 30 24 13 7 7 4 2 2 2 1 1 2 1 1 2 2 1 1 1 2 9 15 5 2 2 2 3 9 11 18 25 34 22 6 1 1 0 0 0 0 1 1
70 55 18 34 44 16 30 42 34 30 27 77 77 70 78 70 54 61 41 65 70 32 13 10 11 11 6 3 1 0 0 0 0 0 0 0 0 0 1 2 2 4 4 5 8 7 9 7 10 15 20 28 43 50 43 30 31 19 15 3 3 3 2 1 3 3 1 4 4 4 3 3 3 3 8 28 9 7 7 8 6 16 22 33 29 19 6 4 2 1 0 0 0 1 1 1
60 44 41 46 48 15 25 29 40 29 18 57 75 74 65 72 62 60 55 37 74 59 22 11 4 3 4 2 0 0 0 0 0 0 0 0 0 0 0 1 2 3 2 4 2 1 1 4 7 12 29 35 48 53 55 41 39 30 16 8 5 3 3 3 5 8 7 4 12 15 6 10 8 11 13 18 21 10 10 13 14 30 30 60 37 13 9 5 2 1 0 0 0 0 1 1
63 17 33 42 47 25 17 42 32 38 31 15 50 73 72 69 75 45 70 20 48 70 50 27 11 5 3 1 0 0 0 0 0 0 0 0 0 0 0 0 0 0 0 0 0 0 1 2 9 18 28 30 43 52 63 49 47 31 22 26 10 6 3 5 9 17 13 13 16 28 20 21 22 16 16 19 38 13 14 16 36 38 54 27 16 9 6 2 1 0 0 0 1 1 1 1
43 10 30 43 54 52 43 46 55 51 39 26 16 58 64 76 80 79 24 59 18 55 39 19 18 6 3 1 0 0 0 0 0 0 0 0 0 0 0 0 0 0 0 0 0 0 1 2 8 14 24 26 34 50 52 77 59 37 41 34 13 24 7 11 10 35 30 24 25 37 26 30 17 17 17 30 18 12 29 21 41 58 44 20 14 5 3 2 0 0 1 1 3 2 1 0
46 22 46 55 62 60 31 54 79 64 54 41 37 19 41 57 73 79 58 70 14 29 55 16 7 8 3 1 0 0 0 0 0 0 0 0 0 0 0 0 0 0 0 0 0 0 0 1 3 7 11 31 26 32 37 56 64 50 41 26 34 27 15 22 15 26 37 39 30 31 46 44 30 22 20 47 8 18 22 39 40 50 27 23 20 6 3 2 0 0 1 6 3 1 0 0
55 41 60 73 70 61 37 24 72 77 81 57 52 26 12 33 48 80 63 49 35 10 17 29 8 1 2 1 0 0 0 0 0 0 0 0 0 0 0 0 0 0 0 0 0 1 0 0 1 5 6 12 17 22 36 44 65 56 48 49 42 37 22 30 16 17 36 56 36 54 48 48 36 31 24 52 14 23 36 58 64 38 21 20 10 8 2 1 1 2 4 2 1 0 0 0
36 52 66 77 80 60 35 30 49 76 80 79 54 28 18 6 23 66 43 24 30 5 2 9 9 2 1 0 0 0 0 1 0 0 0 0 0 0 0 0 0 0 0 0 0 1 1 2 3 2 4 4 11 15 35 34 59 50 59 53 66 51 36 36 20 22 37 64 45 29 39 48 35 43 33 38 26 28 39 68 31 17 13 14 9 5 1 3 3 8 8 2 1 0 0 0
42 57 68 80 81 71 56 37 29 56 65 71 54 40 16 4 3 41 17 2 6 11 2 1 4 2 0 0 0 0 0 0 0 0 0 0 1 0 0 1 0 0 0 1 0 1 3 7 3 5 10 14 23 46 46 40 37 68 81 78 62 46 38 24 15 42 47 64 62 33 40 47 45 51 49 28 29 34 57 57 29 23 21 11 4 2 3 11 15 9 3 2 1 0 0 0
18 51 70 80 81 76 58 33 18 12 14 27 34 26 18 10 3 22 29 3 2 8 4 1 1 1 0 0 0 0 0 0 0 0 0 1 1 0 0 1 1 1 0 1 3 2 5 14 14 14 22 24 38 46 50 33 61 44 44 67 77 59 37 17 25 44 52 58 61 50 48 64 35 47 66 37 33 51 70 36 18 25 13 8 4 8 23 15 12 4 2 1 0 0 0 0
