sesion_6_simulaciones/modelos_agentes/ejemplos_netlogo/scenarios/cgcm2_a2/rob_2072.asc
NCOLS 322 
NROWS 307 
XLLCORNER 451900 
YLLCORNER 4086900 
CELLSIZE 100 
NODATA_value -9999 
[rows 74 to 147 of 307, columns 0 to 95 of 322]
0 0 0 0 0 0 0 0 0 0 0 0 0 0 0 0 0 0 0 0 0 0 0 0 0 0 0 0 0 0 0 0 0 0 0 1 3 3 2 2 1 2 1 0 0 0 0 1 1 1 0 1 0 0 1 0 0 1 1 1 1 3 2 3 1 1 1 2 3 5 11 6 4 2 14 42 16 18 38 60 57 14 19 28 38 8 4 4 9 5 7 7 5 5 10 7
0 0 0 0 0 0 0 0 0 0 0 0 0 0 0 0 0 0 0 0 0 0 0 0 0 0 0 0 0 0 0 0 0 0 1 2 1 1 6 4 1 2 2 1 0 0 0 1 0 0 1 1 0 0 0 1 0 0 0 0 0 1 4 6 2 3 5 4 3 1 3 7 7 5 8 53 18 7 6 48 43 26 21 15 6 18 19 7 8 6 8 17 13 8 5 36
0 0 0 0 0 0 0 0 0 0 0 0 0 0 0 0 0 0 0 0 0 0 0 0 0 0 0 0 0 0 0 0 0 0 0 1 1 3 3 2 2 7 2 1 1 0 0 0 0 1 1 0 1 0 1 0 2 1 0 0 0 3 2 5 5 5 7 7 11 6 5 2 2 2 8 57 70 18 10 11 31 30 16 6 5 39 37 29 22 5 4 3 21 24 15 22
0 0 0 0 0 0 0 0 0 0 0 0 0 0 0 0 0 0 0 0 0 0 0 0 0 0 0 0 0 0 0 0 0 0 0 0 1 1 1 1 6 1 2 2 3 3 1 0 0 1 1 1 1 1 1 0 1 1 0 1 1 2 2 5 3 4 7 7 10 12 13 13 14 10 5 12 45 30 19 5 34 49 9 5 31 53 9 52 33 15 6 17 28 29 29 15
0 0 0 0 0 0 0 0 0 0 0 0 0 0 0 0 0 0 0 0 0 0 0 0 0 0 0 0 0 0 0 0 0 0 0 0 0 1 1 2 2 4 2 3 4 12 3 3 3 2 2 1 1 1 0 0 1 1 1 1 1 1 1 1 2 4 5 10 10 10 12 21 14 15 8 2 4 12 14 7 15 15 11 10 33 12 9 6 6 22 14 20 15 21 25 32
0 0 0 0 0 0 0 0 0 0 0 0 0 0 0 0 0 0 0 0 0 0 0 0 0 0 0 0 0 0 0 0 1 2 4 3 2 1 2 2 3 8 5 1 2 3 9 11 23 20 11 5 2 2 1 1 0 1 2 1 1 1 1 1 1 1 1 1 2 9 14 13 15 17 12 10 6 12 4 3 13 14 11 18 33 12 25 13 6 17 24 48 61 57 40 45
0 0 0 0 0 0 0 0 0 0 0 0 0 0 0 0 0 0 0 0 0 0 0 0 0 0 0 0 0 0 0 0 0 1 7 10 2 1 2 5 5 4 10 5 2 2 4 13 48 54 62 70 43 8 5 2 2 2 1 1 1 1 1 0 1 2 1 2 3 7 13 10 16 19 17 9 8 4 2 0 5 13 14 19 31 21 9 10 12 17 62 62 61 34 35 63
0 0 0 0 0 0 0 0 0 0 0 0 0 0 0 0 0 0 0 0 0 0 0 1 0 0 0 0 0 0 0 0 0 0 0 4 3 1 1 4 10 30 7 16 12 5 3 1 1 3 11 19 35 49 25 7 3 1 1 1 1 1 1 3 1 0 1 1 1 4 4 17 15 18 22 13 3 0 2 1 3 6 8 22 11 23 28 31 17 16 11 7 27 20 28 46
0 0 0 0 0 0 0 0 0 0 0 0 0 0 0 0 0 0 0 1 1 1 2 1 3 1 0 0 0 0 0 0 0 1 1 1 1 1 0 3 4 4 6 17 9 6 8 5 1 0 0 1 2 12 12 30 10 4 1 10 12 4 2 1 4 2 1 2 1 1 4 9 21 14 10 11 6 4 4 9 3 3 12 34 12 39 36 32 28 34 23 12 10 27 65 77
0 0 0 0 0 0 0 0 0 0 0 0 0 0 0 0 0 1 2 1 0 0 0 0 0 0 0 0 0 0 0 0 0 0 1 1 1 1 2 3 9 15 4 3 2 2 3 2 0 1 2 1 5 2 3 6 13 8 25 17 3 1 1 2 3 1 1 2 2 2 16 13 17 11 10 12 15 20 12 5 9 8 32 40 25 55 48 76 56 50 54 47 14 12 16 18
0 0 0 0 0 0 0 0 0 0 0 0 0 0 0 0 0 0 0 0 0 0 0 0 0 0 0 0 1 0 1 0 0 0 1 1 1 1 2 3 5 12 15 11 1 0 1 1 1 1 1 5 17 8 6 5 3 14 42 6 3 2 1 1 2 1 2 2 6 11 10 13 11 9 10 11 14 13 21 5 8 6 13 10 23 59 28 40 58 72 47 50 52 32 25 19
0 0 0 0 0 0 0 0 0 0 0 0 0 0 0 0 0 0 0 0 0 0 0 0 0 0 0 0 0 0 0 0 0 1 1 1 0 4 2 3 6 7 16 16 7 8 11 8 10 11 8 10 14 10 6 4 7 15 5 6 5 6 3 2 1 1 0 6 5 4 11 7 30 8 7 21 14 13 14 10 8 5 7 18 4 42 32 63 63 78 85 85 66 45 32 28
0 0 0 0 0 0 0 0 0 0 0 0 0 0 0 0 0 0 0 0 0 0 0 0 0 0 0 0 0 0 0 0 0 0 0 1 0 1 1 4 7 3 11 8 5 7 10 6 5 8 9 4 5 7 6 6 14 4 6 7 10 4 1 1 1 1 1 1 1 3 2 7 3 3 22 14 10 15 42 18 20 9 5 14 27 48 40 30 70 66 57 61 73 36 33 29
0 0 0 0 0 0 0 0 0 0 0 0 0 0 0 0 0 0 0 0 0 0 0 0 1 0 0 1 1 0 0 0 0 0 0 0 0 1 1 2 6 2 1 2 2 4 8 1 3 5 4 5 5 8 7 4 6 3 5 5 7 2 2 1 1 2 6 10 7 4 6 4 5 4 4 3 28 37 7 15 17 11 11 8 13 17 34 51 60 68 15 42 56 57 32 28
0 0 0 0 0 0 0 0 0 0 0 0 0 0 0 0 0 0 0 0 0 0 0 0 2 1 1 1 0 2 1 1 0 0 0 0 0 1 1 1 1 1 2 1 3 5 8 2 3 6 2 2 3 8 5 2 4 2 4 5 2 0 0 1 3 1 1 3 10 3 6 5 3 5 9 5 7 11 9 8 5 8 19 17 12 14 13 9 26 26 16 43 22 59 48 38
0 0 0 0 0 0 0 0 0 0 0 0 0 0 0 0 0 0 0 0 0 0 0 1 1 4 4 2 1 1 1 2 0 1 1 0 0 0 0 0 0 1 1 1 1 2 3 1 1 3 1 2 1 4 7 1 3 1 10 2 1 1 1 3 3 1 0 0 19 4 5 3 4 4 5 12 14 31 33 25 37 24 12 8 26 35 31 28 13 10 22 39 43 18 39 33
0 0 0 0 0 0 0 0 0 0 0 0 0 0 0 0 0 0 0 0 0 0 1 2 10 0 7 8 1 2 2 2 1 3 1 2 2 1 0 0 0 0 0 0 1 2 1 1 1 1 1 3 2 7 0 2 5 2 3 1 0 2 4 2 1 1 1 1 5 41 29 11 4 17 17 25 57 51 10 19 47 35 41 37 34 38 37 38 29 14 7 34 30 16 10 4
0 0 0 0 0 0 0 0 0 0 0 0 0 0 0 0 0 0 0 0 0 0 0 1 5 1 1 18 9 2 1 5 2 4 4 8 2 1 1 0 1 1 1 0 0 0 0 0 1 1 11 14 20 13 17 2 0 3 1 0 0 2 1 1 0 1 7 5 2 2 10 12 55 81 51 29 15 11 56 23 5 27 43 36 31 35 42 42 35 16 11 12 7 4 7 23
0 0 0 0 0 0 0 0 0 0 0 0 0 0 0 0 1 1 0 0 0 0 0 2 1 3 3 11 28 6 0 1 0 1 1 4 2 4 6 2 1 0 2 3 3 3 4 1 3 19 31 17 3 4 13 26 6 1 1 1 1 2 1 1 1 2 1 2 5 2 3 4 3 4 4 51 14 16 9 22 39 12 18 48 36 40 44 40 41 39 21 6 13 27 15 22
0 0 0 0 0 0 0 0 0 0 0 0 0 0 0 0 1 1 3 1 0 2 0 0 0 1 1 0 4 4 11 1 0 0 2 1 2 9 2 1 6 1 1 5 13 7 4 12 12 19 42 41 9 28 18 31 10 16 7 6 2 3 0 1 1 1 1 2 2 1 1 1 3 3 3 10 8 13 10 14 24 50 25 29 39 41 28 31 20 11 22 30 36 8 6 9
0 0 0 0 0 0 0 0 0 0 0 0 0 0 0 0 0 1 1 1 1 1 1 1 0 2 1 1 0 6 27 5 1 1 1 3 1 3 12 1 12 0 2 14 14 11 16 28 30 69 58 55 38 72 63 46 33 33 27 3 4 3 0 1 1 1 3 10 5 4 2 9 11 9 6 4 6 15 22 17 10 11 40 39 36 21 30 14 13 34 37 28 36 35 22 12
0 0 0 0 0 0 0 0 0 0 0 0 0 0 0 0 0 0 1 1 1 2 0 1 1 2 2 1 1 2 13 16 6 3 1 2 0 1 9 1 12 1 3 13 17 23 51 56 61 77 64 20 55 43 40 33 27 43 3 2 7 3 1 1 1 1 2 4 6 4 26 5 2 4 6 11 36 39 39 31 24 18 21 29 19 11 26 25 25 31 48 40 22 16 22 19
0 0 0 0 0 0 0 0 0 0 0 0 0 0 0 0 0 0 0 0 1 1 1 1 3 1 4 3 2 1 9 27 1 1 2 2 0 5 30 14 22 14 5 10 25 52 77 68 40 79 41 6 23 5 13 45 54 37 8 23 18 16 3 1 1 1 2 2 2 14 3 7 11 4 6 21 18 12 30 40 45 24 12 13 9 14 31 47 42 42 39 45 22 24 23 36
0 0 0 0 0 0 0 0 0 0 0 0 1 0 0 0 0 0 1 1 0 0 1 4 7 8 4 7 4 2 12 32 2 1 6 5 1 4 3 15 29 52 19 21 46 58 83 77 33 53 9 12 6 2 1 2 51 60 53 39 12 24 1 1 7 11 2 1 2 2 4 13 4 19 23 5 17 35 25 43 33 39 42 16 28 30 43 41 50 33 51 49 36 40 34 47
0 0 0 0 0 0 0 0 0 0 0 0 1 2 0 1 0 1 1 2 4 2 2 4 5 9 8 16 10 11 5 17 4 4 4 2 2 8 3 7 13 38 31 45 52 57 83 91 80 53 18 7 2 2 1 1 2 2 67 38 41 5 1 8 4 5 5 1 1 1 6 5 19 14 10 6 9 5 19 25 44 53 34 22 26 44 37 32 54 26 72 31 37 38 29 34
0 1 0 0 0 0 0 0 0 0 0 0 0 0 2 2 0 1 3 3 4 3 6 16 20 25 26 20 19 24 2 13 20 9 5 3 3 4 2 1 3 35 6 14 14 20 79 83 76 29 17 18 10 9 3 5 1 5 3 3 4 3 7 9 9 3 2 1 1 2 2 5 5 7 4 3 4 14 17 32 38 44 28 27 22 32 39 17 41 36 73 42 41 22 33 44
0 0 1 0 0 0 0 0 0 0 0 0 0 0 1 0 5 1 1 1 3 2 1 2 3 9 13 6 22 26 10 40 58 29 8 17 6 6 5 1 20 33 22 13 19 25 9 36 51 11 19 24 16 11 16 8 4 13 6 10 4 2 6 8 6 3 2 1 3 1 1 1 8 9 8 7 11 18 18 25 24 36 27 27 27 22 30 26 57 61 19 35 44 41 47 32
0 0 0 0 0 0 0 0 0 0 0 0 0 0 0 1 1 8 2 2 1 5 5 7 13 18 16 9 4 5 5 51 41 19 35 39 54 30 5 4 20 24 69 36 34 32 29 9 6 12 32 27 18 13 7 13 14 9 7 5 6 5 13 9 5 3 1 2 3 1 0 1 2 4 6 15 12 18 18 22 21 21 17 27 31 19 20 26 46 5 20 34 27 11 7 19
0 0 0 0 0 0 0 0 0 0 0 0 0 0 1 1 1 1 2 3 6 12 11 15 22 44 25 24 15 7 4 2 43 52 48 16 67 37 21 38 50 12 56 34 81 64 26 11 11 6 19 27 19 13 16 6 14 9 9 5 10 12 26 30 9 3 1 1 2 1 1 1 1 1 1 8 8 10 14 14 19 15 18 26 11 32 23 52 20 12 26 28 31 19 18 30
0 0 0 0 0 0 0 0 0 0 0 0 1 1 0 0 1 2 2 3 8 11 35 27 31 26 50 30 11 12 10 8 4 35 38 8 12 9 55 27 22 7 68 26 14 5 19 13 20 14 21 32 35 24 14 6 3 5 1 3 5 4 14 15 1 3 2 1 1 2 3 3 1 3 4 1 8 8 11 12 9 26 8 3 14 41 20 51 13 6 11 15 17 16 27 31
0 0 0 0 0 0 0 0 0 0 0 0 0 0 2 2 2 1 1 2 2 8 40 47 17 15 20 22 29 26 16 24 11 4 3 13 5 10 62 9 7 17 39 13 12 9 21 15 18 13 6 21 25 25 11 6 4 5 2 2 2 2 3 1 2 3 2 1 1 3 3 1 3 4 3 3 8 9 9 8 30 7 7 11 16 26 22 16 18 3 4 12 15 28 34 46
0 0 0 0 0 0 0 0 0 0 0 0 0 0 0 0 3 3 8 12 8 16 12 10 5 2 10 22 27 22 40 39 10 5 1 3 9 35 19 17 3 44 65 20 19 19 18 25 28 6 10 15 12 14 6 7 5 2 2 1 1 1 1 5 6 3 2 2 3 3 3 2 1 6 2 3 5 4 7 17 10 7 9 7 16 6 17 25 37 14 9 12 20 22 17 40
0 0 0 0 0 0 0 0 0 0 0 0 0 1 1 2 2 5 8 7 9 27 12 8 11 11 4 11 19 15 16 10 6 13 10 12 25 16 29 12 16 21 42 44 31 24 8 12 16 5 5 18 25 27 23 10 5 3 6 14 8 3 2 4 2 1 12 8 3 3 2 24 9 4 4 2 2 3 4 10 4 7 7 3 9 8 16 27 15 30 19 27 21 32 30 38
0 0 0 0 1 0 0 0 0 0 0 0 0 5 2 12 5 2 5 14 18 19 28 13 10 12 12 8 22 19 10 8 12 18 21 21 7 9 14 16 14 5 9 21 31 17 3 6 5 7 9 12 9 10 7 5 6 2 21 20 9 9 1 1 3 2 15 66 36 17 8 5 21 36 6 3 3 4 7 5 1 10 3 6 7 14 6 7 9 15 28 21 48 32 15 22
0 0 0 0 0 0 0 0 0 0 0 0 0 1 5 6 9 12 9 16 13 9 24 11 7 7 6 3 3 5 13 11 18 18 10 20 18 16 13 11 4 9 17 5 29 18 13 12 12 5 4 5 5 22 13 10 7 2 4 4 3 3 8 3 7 10 8 42 66 41 4 7 8 4 22 10 2 3 4 3 7 11 4 30 11 10 10 16 12 18 27 41 18 18 21 10
0 0 0 0 0 1 1 0 0 0 0 0 0 0 1 1 0 1 5 12 13 13 23 30 16 12 15 12 6 4 7 2 4 9 10 17 18 12 19 6 3 13 6 9 30 16 15 11 13 7 6 5 6 15 25 2 4 3 7 5 4 17 14 16 21 10 18 13 54 27 23 6 5 6 7 14 9 11 8 12 3 6 7 14 11 15 18 7 11 46 21 11 26 19 23 22
0 0 0 0 0 0 0 0 0 0 0 0 1 1 2 2 1 1 3 8 14 31 40 49 43 14 9 4 2 4 3 1 1 2 5 5 10 13 9 12 9 12 4 23 3 2 6 8 10 9 17 16 7 16 10 8 6 9 12 3 10 11 7 7 63 19 20 10 4 56 53 13 14 5 18 31 32 54 32 24 12 9 4 16 40 24 42 32 29 37 27 14 27 31 38 22
0 0 0 0 0 0 0 0 0 0 0 0 0 0 2 2 1 6 4 22 56 29 13 22 31 16 12 12 5 1 3 4 7 3 2 5 15 14 3 8 20 21 17 17 5 3 7 16 25 26 10 40 26 29 17 7 8 3 3 15 6 4 4 7 6 27 13 14 7 22 41 65 44 8 3 21 16 42 5 3 16 46 2 8 3 17 17 68 54 45 73 36 32 30 33 33
0 0 0 0 0 0 0 1 0 0 0 0 0 0 0 1 5 7 7 4 5 36 39 20 22 15 24 34 19 7 5 13 8 8 10 4 4 10 9 11 11 17 15 14 12 12 27 23 17 21 22 16 21 15 14 20 25 29 10 3 11 5 4 30 7 19 30 14 8 11 40 45 50 25 9 13 3 25 10 5 1 20 9 9 13 47 11 18 7 5 44 18 27 72 34 51
0 0 0 0 0 0 0 0 0 0 0 0 1 0 0 2 3 4 7 8 6 2 26 57 38 33 26 27 31 11 10 15 7 8 17 23 9 4 5 11 16 11 7 40 16 18 21 51 51 31 44 17 23 52 69 62 21 15 8 5 8 33 16 4 30 8 33 22 15 3 38 36 27 42 9 15 3 27 40 8 5 39 6 10 15 3 19 13 4 14 67 26 16 55 74 71
0 0 0 0 0 0 0 0 0 0 0 0 1 0 0 1 2 4 7 15 14 13 5 18 20 20 7 9 28 11 7 8 6 5 8 13 11 8 6 12 9 4 5 4 22 26 23 43 31 16 14 34 17 14 10 6 11 4 9 11 8 23 27 9 12 29 3 43 25 8 30 50 45 39 15 13 6 38 9 9 2 60 18 10 18 15 7 14 12 29 62 75 20 17 70 67
0 0 0 0 0 0 0 0 0 0 0 0 0 0 0 1 1 2 8 21 27 15 9 4 3 2 7 4 1 2 8 1 2 5 10 7 9 14 10 8 18 14 17 14 20 26 24 21 14 14 26 29 29 37 15 25 22 11 7 11 6 12 21 21 17 51 20 38 56 18 16 24 51 28 44 12 8 35 19 39 30 56 76 25 18 20 7 25 14 9 39 81 29 12 13 67
0 0 0 0 0 0 0 0 0 0 0 0 0 0 1 0 2 2 6 13 20 12 7 10 5 6 6 3 1 1 3 3 2 4 4 6 11 13 9 20 31 21 20 16 8 16 18 16 18 39 27 44 30 31 25 32 29 23 14 23 14 26 13 29 10 47 37 16 58 37 6 27 38 28 59 19 38 21 22 19 43 20 77 44 12 20 20 51 16 8 10 55 36 17 33 31
0 0 0 0 0 0 0 0 0 0 0 0 0 0 0 0 1 2 4 9 12 12 11 9 16 11 15 10 2 1 1 1 1 4 4 3 11 14 6 6 25 17 10 7 17 10 18 11 11 39 51 45 54 32 13 24 56 23 35 32 34 45 16 6 10 9 26 15 29 53 21 17 21 61 45 35 54 20 35 66 48 20 51 71 21 25 10 11 11 16 21 63 34 46 28 9
1 0 0 0 0 0 0 0 0 0 0 0 0 1 0 0 3 3 21 21 14 32 19 24 8 10 14 13 9 1 1 1 6 5 14 15 11 20 20 18 19 13 12 9 12 9 8 16 12 9 9 19 10 19 48 39 60 20 78 61 18 55 23 30 32 12 8 6 22 41 20 41 21 42 11 36 78 55 33 52 66 59 51 79 23 19 33 13 17 6 27 42 43 18 11 14
0 1 0 0 0 0 0 0 0 0 0 0 0 1 1 1 1 2 3 2 5 2 4 8 17 25 13 13 20 4 1 12 9 11 6 4 11 10 11 34 23 9 13 23 19 19 22 26 10 28 30 10 33 52 44 58 42 49 40 55 14 39 52 26 42 56 54 34 16 54 56 71 65 35 32 41 61 67 51 55 61 64 47 77 71 40 7 8 11 23 31 47 55 26 12 8
0 0 0 0 1 0 0 0 0 0 0 0 0 0 2 3 2 1 5 5 3 8 6 11 29 13 16 17 21 21 7 52 15 5 10 5 20 19 23 32 51 25 28 31 20 33 19 24 14 20 26 18 8 38 16 30 64 65 44 49 54 70 74 61 20 62 55 62 54 35 51 64 21 38 36 41 60 50 73 75 63 44 43 81 72 34 43 9 12 41 22 51 40 40 33 20
0 0 0 0 0 0 0 0 0 0 0 0 0 0 0 0 0 2 1 9 5 8 10 11 12 13 25 15 18 13 15 50 11 15 12 10 17 15 17 31 44 21 20 31 18 29 9 10 24 13 12 22 8 6 6 7 35 58 64 69 58 49 66 83 46 38 65 65 56 34 14 28 40 28 35 55 66 81 60 43 41 32 82 72 74 31 24 24 16 24 28 53 14 9 12 44
2 1 0 0 0 0 0 0 0 0 0 0 0 0 1 0 0 1 1 5 9 13 3 5 7 14 16 7 23 20 35 17 19 28 13 6 7 16 40 38 19 12 26 38 36 25 9 8 7 23 13 12 19 15 7 4 12 19 13 42 29 27 60 78 69 51 28 13 15 24 19 21 19 24 28 28 63 53 47 32 12 31 83 69 73 62 28 32 8 29 37 63 61 47 23 11
0 1 1 0 0 0 0 0 0 0 0 1 0 0 4 0 0 0 2 6 6 4 1 7 4 1 11 5 21 29 30 31 35 18 8 19 21 20 41 30 13 29 13 17 31 9 7 11 5 18 9 7 15 7 15 9 9 14 17 6 25 27 33 44 48 23 19 33 26 39 23 15 17 23 25 12 37 33 38 22 19 13 45 30 48 72 33 44 13 41 58 50 36 39 37 15
1 0 0 0 0 0 0 0 0 0 0 0 0 1 0 2 1 1 1 2 4 1 6 4 4 2 7 6 18 14 17 18 30 12 21 22 28 14 28 21 15 21 13 16 19 7 9 8 6 29 14 10 19 20 15 11 22 21 32 19 13 18 6 14 5 5 16 29 32 36 33 20 15 8 10 10 19 20 22 20 22 16 20 17 31 40 16 32 11 34 58 55 32 16 76 59
0 0 1 0 0 0 0 0 0 0 0 0 0 1 0 6 2 1 1 1 4 2 2 3 4 5 19 13 18 12 23 32 10 17 18 34 17 15 36 9 15 21 8 14 13 23 6 14 5 18 12 14 14 25 11 15 16 25 19 25 25 34 14 13 14 9 27 21 26 18 10 8 29 15 10 5 8 20 14 12 12 10 13 25 31 27 22 29 15 69 72 70 69 27 9 20
0 0 0 0 0 0 0 0 0 0 0 0 2 2 1 0 2 1 1 2 4 2 3 6 5 4 15 9 6 5 7 10 17 41 21 13 15 4 18 7 13 10 12 11 6 8 8 11 13 14 14 14 11 16 16 25 28 17 25 18 36 19 11 26 7 15 19 35 13 11 18 39 27 23 24 25 7 6 15 12 12 18 12 32 20 14 44 15 28 69 67 63 79 43 47 14
1 0 0 0 0 0 0 0 0 0 0 0 0 1 1 0 0 1 1 1 1 1 1 4 3 9 10 12 5 4 9 30 12 16 24 15 10 9 16 5 10 7 3 4 4 10 2 6 7 2 8 4 9 19 25 29 40 29 13 22 18 23 20 13 50 13 21 26 29 52 42 25 16 15 22 26 25 29 31 32 41 44 18 19 17 31 53 32 48 61 34 54 83 63 66 46
1 1 1 1 0 0 0 0 0 0 0 0 0 1 1 1 1 1 1 1 1 1 1 1 1 1 3 7 6 14 9 18 6 11 21 11 7 10 4 8 6 5 4 14 20 8 3 17 36 14 24 16 31 43 47 16 23 26 24 17 22 22 38 30 35 29 26 25 52 11 8 11 14 7 4 7 28 23 37 44 48 41 33 14 13 34 60 29 32 17 25 60 90 53 72 61
0 0 0 1 1 1 0 0 0 2 1 1 0 0 0 1 1 0 2 3 12 5 7 3 6 1 1 4 8 6 8 4 4 8 17 10 5 4 3 4 12 39 12 7 11 11 19 9 38 50 73 37 51 71 53 28 44 27 10 11 11 14 36 19 21 30 27 36 14 12 16 23 41 26 26 20 9 31 47 64 56 19 13 19 10 35 53 33 30 26 31 82 84 51 59 88
0 0 0 1 1 1 2 2 1 0 1 0 0 0 0 0 1 1 2 2 7 16 12 3 3 6 15 8 10 3 19 7 6 5 5 5 3 3 8 8 19 3 16 40 12 25 28 23 21 70 71 77 29 58 55 55 33 54 32 23 20 23 7 23 32 38 40 13 16 16 29 46 34 43 56 35 21 48 63 64 28 17 12 25 16 33 18 15 31 35 58 87 67 80 60 89
1 1 0 0 1 0 1 1 1 1 0 0 0 0 1 0 1 1 4 5 2 22 14 26 32 41 32 23 15 5 11 7 4 7 10 27 18 29 41 32 37 45 28 55 19 38 56 61 13 12 12 67 66 33 55 29 26 70 45 42 17 18 23 33 34 37 26 30 30 42 34 20 33 33 37 33 59 48 35 34 18 12 11 14 13 23 15 18 19 22 37 76 51 71 30 61
1 2 1 1 1 1 0 0 0 0 0 0 0 0 1 0 0 1 6 19 5 2 18 54 29 46 39 47 46 57 32 49 50 63 21 44 5 39 61 31 53 73 27 60 59 32 64 28 77 40 19 78 60 56 56 55 77 81 34 51 25 18 19 19 18 27 22 15 14 19 21 27 19 34 39 59 65 53 16 7 17 9 7 12 6 12 12 21 23 44 60 74 40 47 43 38
1 1 9 1 3 3 1 1 1 1 0 1 1 1 1 0 1 1 1 10 5 1 2 6 7 5 25 56 39 44 49 43 67 44 34 45 61 51 57 63 29 73 73 37 53 47 70 32 70 83 55 57 58 48 33 76 58 62 50 56 44 15 15 15 35 24 27 35 37 37 45 30 44 38 63 63 41 23 18 7 2 4 5 8 8 5 10 18 20 32 60 60 21 26 32 30
2 1 1 4 3 5 3 3 2 2 0 1 2 2 1 1 1 1 3 1 0 1 3 2 3 7 21 16 25 38 46 58 19 48 23 68 56 54 59 64 50 64 55 58 67 62 67 73 19 68 50 30 75 22 47 74 55 20 63 22 30 50 11 12 23 23 42 39 40 35 34 42 56 80 76 62 40 20 4 6 5 3 1 1 5 2 9 9 13 23 41 33 23 13 33 42
0 1 2 2 2 3 1 1 3 1 2 1 1 1 0 1 1 1 3 5 4 4 3 4 3 5 2 3 4 6 4 4 9 12 5 4 7 6 6 11 12 14 9 16 17 16 18 68 54 46 77 30 60 57 60 61 23 15 25 28 57 51 25 16 34 34 40 28 29 58 72 74 77 74 63 51 31 8 3 3 3 3 2 1 3 2 4 3 5 8 17 19 16 8 15 21
2 3 4 2 1 0 1 1 2 0 1 1 1 1 1 1 1 1 2 1 1 5 5 3 8 5 3 4 7 10 6 5 17 13 11 15 7 9 13 18 16 19 32 17 23 15 26 11 16 18 51 49 57 64 58 31 34 42 36 49 51 27 21 28 29 29 41 57 69 70 76 61 42 38 22 18 5 6 6 5 5 4 2 2 1 1 1 1 2 2 6 7 9 6 5 7
9 13 6 1 1 0 0 1 0 1 0 0 0 1 0 0 1 0 0 4 3 1 2 2 4 3 1 8 4 4 7 8 3 3 3 8 6 5 10 6 9 19 20 13 12 17 13 25 22 21 13 17 15 16 26 29 41 36 33 43 14 17 18 30 33 24 25 23 44 68 72 65 43 31 12 10 18 16 26 20 11 6 1 2 4 4 4 2 1 1 1 1 3 8 7 5
2 2 1 4 1 1 0 0 0 0 0 0 0 1 0 0 1 0 0 0 4 4 3 4 2 3 2 5 6 8 5 2 5 3 4 6 6 8 9 12 9 9 10 6 5 6 6 7 16 24 34 51 36 28 28 25 29 28 29 12 10 19 18 37 28 16 25 24 27 32 26 36 39 17 10 21 27 24 7 5 2 3 4 7 16 15 14 7 5 4 2 1 1 1 1 1
2 1 2 0 0 0 0 0 0 0 0 0 0 0 0 0 0 1 1 1 1 5 5 3 4 2 3 6 9 2 2 4 3 7 7 4 6 6 6 7 7 9 26 13 14 11 11 16 25 21 34 36 27 27 29 22 26 19 17 19 4 20 19 25 41 42 38 48 35 29 16 15 7 15 21 30 48 30 12 7 8 10 12 23 18 17 19 20 18 8 10 5 3 3 1 1
3 2 1 0 0 0 0 0 0 0 0 0 0 0 0 0 0 1 1 0 1 3 5 4 5 1 8 12 4 1 4 2 5 4 8 9 5 10 12 11 3 10 13 15 11 24 25 21 16 13 22 11 38 27 50 35 21 19 13 10 12 15 20 14 58 66 33 51 44 38 25 24 12 24 37 45 23 8 14 18 16 26 17 28 36 30 38 25 25 23 18 16 11 9 4 6
2 0 1 0 0 1 2 4 1 0 3 0 0 0 0 0 0 0 0 0 1 2 1 2 3 6 21 21 7 4 6 4 5 13 6 10 8 11 4 5 15 13 9 13 13 24 21 10 27 13 22 30 28 19 33 19 35 10 17 7 26 39 16 47 75 50 49 29 27 30 19 10 15 26 37 33 14 22 23 28 36 32 39 53 50 43 41 29 44 44 27 40 23 13 12 10
0 1 0 0 1 7 2 1 5 8 0 1 0 0 0 0 0 0 0 1 2 1 1 4 3 16 9 2 2 1 3 6 3 5 19 6 7 9 11 15 9 10 8 8 12 12 20 19 17 20 26 24 29 19 23 19 38 22 10 5 12 34 52 65 58 58 35 32 30 15 13 16 24 11 38 16 29 29 46 47 56 41 49 59 59 43 56 53 50 35 37 40 28 23 30 30
0 0 0 0 0 7 5 5 9 4 2 2 6 1 0 0 0 0 1 1 0 0 1 4 1 1 2 2 5 7 3 2 7 2 7 7 8 19 10 10 5 12 4 4 5 13 13 21 23 17 13 32 9 21 27 24 14 10 21 13 4 19 20 27 39 61 49 62 39 11 28 22 33 27 71 36 31 33 43 46 58 43 50 64 44 45 58 72 61 56 40 40 38 52 47 28
0 0 0 1 0 0 0 0 5 7 8 7 5 1 2 1 0 0 0 0 0 0 1 1 1 2 3 3 5 3 2 1 2 3 3 5 3 4 5 11 20 6 11 9 3 4 8 8 14 18 22 19 21 5 33 5 12 28 14 15 7 7 15 13 11 13 32 22 12 30 59 31 38 30 68 34 40 43 57 65 80 67 81 80 74 66 68 68 82 80 53 46 45 45 71 46
0 0 0 0 0 0 0 1 0 2 1 4 3 1 2 2 2 1 1 0 0 0 0 0 1 2 3 1 0 1 1 1 1 1 2 2 2 2 3 8 12 25 10 4 20 14 18 6 13 8 8 15 6 16 16 23 24 16 16 13 9 24 38 27 20 13 14 29 38 34 47 51 29 43 62 54 62 54 67 82 70 60 83 81 80 77 76 75 79 73 60 53 70 73 74 59
0 0 0 1 1 0 5 1 1 0 6 10 2 9 4 5 11 6 4 1 0 0 0 0 1 1 0 0 0 0 0 0 0 0 1 2 1 2 4 7 6 10 14 17 1 12 12 16 15 8 9 21 28 13 5 6 10 24 21 19 14 38 29 22 11 25 29 31 55 51 43 68 47 64 58 72 77 71 78 70 41 67 78 62 42 47 66 39 70 79 65 66 63 65 63 78
2 3 7 2 7 0 0 0 2 2 10 12 9 37 12 14 26 13 2 4 1 1 0 0 0 0 0 0 0 0 0 0 1 1 0 0 1 1 2 1 2 5 9 24 15 8 15 9 14 12 11 9 7 36 54 22 19 17 16 19 29 28 35 18 28 33 47 26 48 58 38 56 63 60 75 50 64 61 76 67 23 37 49 62 35 9 15 30 72 68 70 75 40 47 35 71
