sesion_6_simulaciones/modelos_agentes/ejemplos_netlogo/scenarios/cgcm2_a2/rob_2081.asc
NCOLS 322 
NROWS 307 
XLLCORNER 451900 
YLLCORNER 4086900 
CELLSIZE 100 
NODATA_value -9999 
[rows 0 to 73 of 307, columns 192 to 287 of 322]
29 27 15 7 25 52 24 10 11 15 20 8 6 5 10 7 5 6 10 10 10 11 8 10 17 27 16 31 33 60 27 10 10 2 2 3 6 6 4 15 18 8 9 29 35 37 26 36 46 49 30 29 32 38 32 41 33 74 28 24 3 3 6 15 18 9 18 17 10 19 7 5 5 10 19 8 7 16 38 10 6 7 8 12 11 9 21 16 13 14 4 9 14 44 9 2
30 16 19 17 28 47 12 19 34 21 15 12 21 19 12 11 18 4 10 15 19 11 7 7 9 32 12 16 12 20 57 33 7 4 2 2 3 5 10 7 14 5 3 10 15 20 32 27 40 72 82 57 32 30 30 36 51 58 56 8 10 5 20 14 17 13 18 13 22 6 2 11 4 11 31 10 36 21 14 19 12 18 21 14 10 5 14 19 18 15 8 13 11 17 7 5
11 30 16 16 46 31 21 11 6 18 19 22 36 40 22 38 26 24 36 39 39 19 15 9 5 7 7 2 3 8 10 35 26 7 7 4 3 2 6 2 1 3 15 30 27 40 37 38 49 55 61 46 54 36 51 68 27 30 32 13 13 13 17 10 8 23 8 9 9 12 6 7 6 10 45 11 52 31 13 27 14 12 18 20 11 3 8 10 20 12 9 25 11 28 6 1
19 19 45 55 34 20 19 19 20 42 22 36 54 41 36 55 43 24 39 56 47 44 37 22 17 10 2 4 3 2 4 9 4 6 5 5 6 2 2 2 7 13 7 8 17 46 39 38 15 23 17 17 22 50 40 48 40 15 19 24 27 9 9 18 7 28 18 18 42 10 16 13 4 4 25 11 18 17 23 27 17 16 20 26 14 4 7 19 28 10 18 15 14 30 4 1
14 12 26 6 42 47 38 36 47 35 43 25 35 35 42 59 44 51 58 64 62 43 36 38 23 33 18 29 22 5 2 1 4 3 3 5 2 1 2 3 5 6 11 16 13 21 17 25 46 57 56 43 34 29 65 64 22 21 7 8 23 19 10 17 12 30 15 11 7 4 4 4 6 3 12 12 10 24 47 56 43 12 12 28 26 19 2 15 16 30 20 13 21 38 9 1
16 12 28 21 12 17 49 17 43 38 33 40 16 40 51 55 64 58 26 31 47 34 26 38 37 37 22 35 27 11 10 6 2 2 1 1 1 1 1 1 4 7 13 25 44 59 60 63 51 31 33 32 49 58 83 53 26 23 6 34 46 37 27 22 15 32 10 13 20 15 22 17 13 10 8 12 22 20 26 18 28 50 35 23 30 20 6 11 17 19 8 13 17 18 10 2
12 6 8 24 14 12 50 16 11 26 32 70 41 22 47 64 55 60 33 14 23 43 51 61 37 36 40 30 31 28 22 15 14 12 8 2 4 5 2 0 3 7 17 26 55 36 38 45 59 45 49 82 43 65 74 38 24 31 16 30 39 36 30 33 33 24 28 29 27 8 15 16 15 23 21 10 4 13 29 33 24 47 28 13 9 28 10 8 11 10 10 19 30 34 7 7
8 6 7 11 29 23 38 53 14 7 17 26 59 19 8 28 18 33 38 22 17 34 19 33 34 31 35 26 38 34 32 30 27 27 23 11 15 7 3 2 4 17 29 38 48 49 42 68 83 78 75 43 66 62 68 39 19 7 13 17 20 12 12 7 7 22 16 14 34 15 13 10 16 21 22 14 4 21 37 19 46 64 41 15 8 32 20 10 12 24 20 26 45 23 11 7
17 14 14 8 18 15 31 59 60 27 14 15 31 49 28 21 14 40 49 34 28 45 15 27 55 40 34 38 38 50 47 44 44 41 28 23 11 5 2 3 9 15 29 35 60 58 44 52 69 77 58 41 79 62 59 24 10 39 54 36 41 30 45 25 22 53 23 20 8 8 13 12 15 18 14 8 5 11 15 29 44 56 36 24 10 14 15 8 8 29 23 33 21 34 12 22
11 15 16 11 10 6 25 25 62 45 38 24 24 34 41 20 20 17 49 47 43 54 22 24 41 42 33 31 24 37 9 24 41 39 32 14 8 6 3 4 4 9 21 32 50 27 26 70 48 39 32 86 67 65 40 20 29 50 48 59 41 78 62 24 42 17 26 28 24 8 10 19 19 10 8 6 5 10 36 16 10 40 42 37 22 9 21 6 10 13 15 40 27 31 19 48
15 16 18 20 11 6 4 5 11 32 22 17 14 43 30 21 30 8 18 44 33 57 61 21 27 26 51 32 12 30 40 12 5 5 10 23 14 7 4 4 7 10 28 47 19 44 51 57 21 29 72 78 52 59 26 17 26 37 29 48 73 77 28 19 18 24 27 26 37 25 37 22 23 20 12 10 4 4 12 21 22 53 70 38 44 18 11 18 5 17 39 16 25 17 19 67
34 22 12 16 18 17 12 8 7 7 10 10 19 21 20 16 14 28 20 22 45 52 46 30 6 19 47 38 16 16 38 40 8 3 4 6 18 8 1 3 21 29 32 15 8 10 35 13 24 60 83 72 50 36 15 41 34 26 35 78 62 49 10 15 21 21 42 29 26 35 28 24 31 35 31 23 9 6 19 18 23 74 44 61 40 33 16 9 7 27 25 14 37 12 40 73
47 30 27 44 37 36 34 21 36 25 24 18 10 9 10 11 13 42 36 18 15 29 27 25 7 17 28 24 18 8 8 20 7 2 1 2 8 12 1 4 17 20 17 28 28 24 52 13 37 74 69 40 10 33 55 59 56 61 82 73 12 16 17 10 12 9 16 16 33 19 10 19 38 44 44 26 11 2 18 27 59 57 22 39 52 36 24 6 8 27 22 17 41 13 39 49
67 61 52 59 54 48 37 36 34 38 40 46 23 20 14 13 10 7 7 7 13 11 7 13 11 17 20 19 7 4 6 13 13 8 1 1 4 9 6 9 7 16 14 7 7 36 22 16 50 40 26 9 21 40 45 47 66 66 51 9 34 44 34 22 23 11 8 9 24 19 34 50 36 25 27 29 15 4 11 23 56 23 18 41 70 39 30 16 6 11 13 18 26 14 35 29
20 63 64 69 59 56 33 43 24 27 45 38 33 37 38 36 31 17 6 6 5 4 3 9 12 12 9 6 2 1 6 8 9 6 2 1 5 10 11 6 6 8 11 7 4 10 9 15 20 16 5 12 23 29 42 49 48 12 32 39 47 36 49 74 72 61 49 24 25 35 51 33 45 38 21 16 11 5 13 26 33 17 10 60 72 71 45 49 26 6 11 17 15 17 44 38
38 59 70 43 57 78 55 29 48 38 30 45 43 53 57 44 40 17 13 13 10 5 3 2 9 6 2 2 1 2 2 7 11 13 7 3 4 6 7 9 6 7 6 4 2 3 14 21 12 8 21 16 17 26 31 36 14 44 40 39 50 67 76 59 58 66 25 19 40 10 37 68 38 30 34 40 40 24 11 27 30 17 6 15 43 70 24 17 23 25 6 23 12 17 48 44
72 25 75 52 51 71 80 81 46 22 36 36 58 54 51 44 48 40 32 29 26 23 10 5 3 4 9 10 6 4 1 1 2 5 7 5 5 6 5 10 5 5 4 3 2 2 3 4 12 30 22 42 38 25 18 39 45 43 42 38 65 57 73 58 58 35 19 44 28 32 26 12 51 20 45 54 59 40 30 11 47 27 19 5 17 48 59 21 8 12 5 7 15 25 18 22
47 16 64 40 63 69 72 46 78 79 56 61 62 29 32 32 48 49 39 34 31 29 24 11 9 10 20 16 12 9 2 1 1 1 2 4 5 4 5 5 5 4 3 2 1 4 10 22 29 27 33 56 50 49 26 38 36 61 57 55 76 63 56 43 24 26 36 46 34 22 12 12 42 42 52 55 56 59 44 17 11 25 24 19 6 23 39 28 22 4 11 1 14 20 10 10
42 40 48 50 38 65 71 44 51 81 53 74 84 62 46 37 53 68 68 56 52 34 18 13 21 13 25 23 33 11 11 10 10 5 3 2 3 2 4 4 2 1 1 1 7 13 27 29 26 32 47 56 49 37 52 53 52 49 39 50 68 36 17 9 23 24 22 69 43 15 18 10 43 46 11 28 66 51 59 49 14 10 43 26 16 6 24 29 28 13 2 3 19 9 2 2
49 21 32 48 36 49 78 44 33 67 73 82 84 73 75 67 28 44 48 63 42 36 33 28 29 28 28 36 33 30 20 17 15 13 9 5 2 2 1 1 1 0 3 7 23 22 27 40 23 44 55 44 58 54 55 52 16 11 28 49 75 37 12 31 43 36 56 56 34 30 20 7 13 48 36 10 28 38 52 54 49 16 15 31 23 8 5 17 32 23 2 1 11 2 11 20
72 39 40 43 15 37 68 44 58 46 68 56 74 46 58 64 27 20 43 64 46 57 38 22 50 43 30 23 26 22 17 9 11 10 14 8 6 2 1 0 0 2 7 20 24 31 17 17 42 64 45 48 64 70 77 67 40 29 39 52 55 18 17 42 42 34 36 13 33 40 24 6 8 23 51 26 11 17 71 42 40 20 7 18 21 6 9 23 15 16 2 2 2 4 21 41
54 18 49 47 20 15 40 70 22 43 78 71 76 55 49 29 32 9 22 68 62 46 35 32 21 22 9 8 13 11 14 12 7 7 13 12 6 5 2 1 2 6 10 16 13 26 23 38 40 38 31 42 48 77 79 79 73 61 47 46 28 13 27 38 51 48 37 19 22 37 16 8 8 17 48 30 13 15 28 52 42 33 14 9 25 9 13 19 11 5 5 15 6 13 37 48
70 25 64 67 35 24 28 51 22 22 75 63 48 31 16 36 33 26 9 22 28 47 68 66 38 13 25 16 6 9 8 6 4 5 8 14 10 3 1 0 1 8 18 21 9 13 7 18 11 15 12 33 51 37 57 76 55 38 24 70 32 12 28 33 31 42 63 32 32 12 8 9 20 39 62 31 15 22 34 66 41 21 13 5 12 18 13 18 7 4 12 45 23 23 23 40
63 52 47 68 19 29 35 51 42 19 21 18 23 48 22 16 39 37 17 25 29 30 55 45 38 15 21 25 14 4 4 4 4 3 4 6 10 4 2 0 2 3 3 8 6 4 8 11 21 21 14 31 25 35 34 24 16 33 61 45 13 23 33 26 40 64 34 28 35 18 8 13 22 42 45 23 26 20 38 59 45 50 25 7 6 9 13 17 3 6 16 14 34 44 24 29
31 26 40 40 26 11 41 56 29 12 24 15 15 31 39 22 27 33 28 11 13 16 25 19 17 12 14 25 21 8 4 3 3 3 3 4 3 6 2 0 1 3 8 9 13 20 26 26 21 26 37 21 13 8 9 18 32 37 70 36 12 39 26 21 49 73 34 42 41 21 14 15 26 55 38 23 37 23 32 50 44 44 42 26 7 4 13 8 3 24 27 26 26 25 59 25
16 20 12 33 15 7 43 52 27 11 9 15 15 10 29 28 16 12 18 17 8 8 13 15 14 11 7 18 33 7 5 3 1 1 1 1 3 2 4 1 2 3 3 6 13 14 24 11 13 27 28 43 34 48 33 34 36 56 60 9 18 30 19 14 44 56 37 35 33 25 12 13 31 60 26 39 39 19 16 29 30 41 29 13 15 4 3 9 21 41 43 42 47 30 19 49
10 11 6 8 6 19 34 27 15 8 4 8 8 5 4 15 18 17 15 16 7 6 7 9 3 5 6 7 8 12 10 2 1 1 1 1 2 1 3 1 1 1 2 4 6 10 8 10 22 22 38 39 35 44 53 67 69 80 40 10 21 25 16 27 69 54 18 34 39 23 16 10 26 59 27 24 27 30 8 16 30 42 17 13 5 4 7 24 44 42 44 36 42 53 63 31
5 5 3 1 2 3 4 5 5 3 2 2 2 1 2 3 5 4 8 11 6 5 4 3 2 2 8 5 5 6 9 6 5 2 1 1 1 1 2 1 1 1 2 2 4 6 15 14 13 41 30 34 39 44 55 80 69 57 12 26 32 20 39 56 83 35 46 25 23 26 25 16 38 60 37 24 26 34 9 15 29 38 26 29 13 2 8 21 24 17 16 13 12 17 32 38
2 3 3 4 2 1 1 1 1 1 1 1 0 1 1 1 1 1 1 3 4 3 2 1 2 2 7 5 4 3 3 3 2 2 2 1 1 1 1 1 1 2 9 10 12 14 24 47 16 31 25 26 32 29 70 63 37 10 26 35 31 26 49 77 42 23 42 23 24 28 22 13 25 53 70 41 32 22 10 12 28 43 36 22 10 1 8 10 7 20 21 28 29 24 22 37
5 9 8 14 8 3 2 2 2 6 6 7 7 8 13 7 6 5 1 0 1 1 1 1 0 3 3 2 3 2 1 1 2 2 1 1 1 0 1 1 3 9 10 12 16 25 31 23 44 31 26 23 35 37 72 30 17 24 36 37 29 28 50 77 34 21 22 36 22 11 9 14 43 58 31 56 41 24 10 6 37 32 40 20 9 2 9 20 33 44 25 38 45 38 30 12
10 16 15 18 14 4 4 15 9 16 16 20 20 20 20 20 17 13 11 5 3 2 2 1 0 0 1 1 2 1 1 1 1 1 1 1 0 0 1 2 9 10 13 23 30 39 40 32 39 61 59 55 37 52 34 17 7 37 32 36 18 29 57 66 37 16 24 34 28 21 6 14 55 26 22 65 54 33 14 7 20 18 33 19 4 5 18 20 22 33 29 26 15 16 18 34
22 23 20 21 13 9 9 21 22 21 20 25 37 25 34 32 23 18 15 15 9 13 9 3 3 2 1 0 0 0 0 0 0 1 1 0 0 1 2 9 11 12 16 20 32 40 47 65 52 53 35 73 56 35 39 32 14 33 40 51 45 35 65 26 12 35 43 22 37 18 6 15 26 29 18 65 38 33 14 9 22 20 20 15 4 11 36 44 46 31 25 12 21 22 21 34
43 41 27 38 26 13 13 19 19 24 43 41 41 46 42 27 26 22 19 19 17 19 16 9 9 8 3 2 1 2 2 4 1 0 0 0 0 1 2 8 10 14 15 22 37 42 56 59 48 47 35 23 45 41 49 11 28 37 30 43 32 41 47 52 49 30 22 18 48 36 14 10 30 22 37 70 35 28 22 9 11 18 16 7 11 24 37 60 60 54 51 29 33 41 40 68
45 46 48 33 29 27 16 29 40 44 51 46 49 37 44 36 29 30 25 36 31 29 18 13 12 19 8 7 4 4 13 4 2 1 0 0 0 1 2 5 5 8 13 17 28 49 30 13 61 55 40 26 44 48 10 9 23 28 28 44 53 57 61 32 23 22 32 27 23 30 23 13 32 26 35 48 43 45 23 9 8 13 7 7 19 25 25 27 19 18 18 32 42 44 76 77
48 48 55 54 49 22 19 33 46 55 55 50 50 49 46 47 35 54 43 40 21 14 14 16 16 14 11 9 8 11 4 3 1 1 1 1 0 0 2 5 5 11 23 15 12 21 18 29 29 37 37 12 30 7 14 9 13 19 21 38 56 64 40 59 38 20 22 21 20 33 37 13 16 24 37 41 44 24 19 9 4 7 7 12 30 14 16 25 43 45 40 35 24 69 53 64
60 73 60 30 47 24 38 38 64 55 51 52 51 68 69 52 54 50 34 48 27 23 11 29 28 12 13 13 24 6 2 2 2 2 2 1 1 1 3 4 10 15 22 8 13 18 19 32 27 26 17 12 17 6 13 7 17 35 40 52 41 31 48 61 26 14 12 14 28 26 23 14 10 22 23 47 44 32 18 8 3 5 13 28 44 44 37 32 38 29 25 54 59 71 51 32
69 80 48 47 62 36 30 63 60 70 40 57 68 60 75 60 38 26 52 41 34 29 10 38 13 11 17 25 7 3 4 7 6 5 3 3 3 3 1 2 6 9 5 6 8 21 43 42 32 20 16 10 11 11 18 25 36 26 20 23 28 37 41 61 33 17 19 17 14 12 15 17 9 19 33 29 26 35 20 8 3 16 34 26 38 58 55 57 52 51 28 46 46 49 54 26
56 73 41 42 63 38 38 69 61 67 30 53 72 58 74 46 42 44 57 59 44 21 21 14 15 26 45 7 4 9 8 7 7 6 5 4 3 3 1 1 1 1 3 6 16 36 36 24 40 15 11 6 19 18 22 16 13 8 24 27 22 45 45 39 20 56 59 48 33 31 18 17 8 15 19 16 21 23 9 3 7 27 48 61 56 62 68 61 50 49 48 55 25 12 48 36
65 39 42 39 58 32 37 65 78 61 24 60 74 67 66 69 44 60 77 60 42 21 38 21 37 39 8 8 15 12 8 8 14 8 10 6 5 5 5 3 3 3 3 8 36 22 34 10 12 23 8 10 23 22 23 20 14 25 57 58 47 44 73 42 53 40 50 54 30 21 19 16 9 6 11 18 11 17 4 1 10 22 26 46 45 26 44 18 14 17 11 71 56 32 27 15
84 66 47 35 48 28 49 62 84 48 30 46 65 69 72 46 41 84 58 20 25 51 47 36 43 21 17 19 27 26 14 16 15 13 6 10 6 11 7 6 4 2 1 2 13 11 12 4 3 3 3 10 16 30 25 42 46 46 33 45 61 58 39 58 51 50 23 42 62 31 15 10 7 3 7 10 6 11 5 6 15 28 29 32 27 15 21 29 42 61 73 88 68 34 25 12
73 73 40 46 49 27 40 61 73 47 26 47 79 79 46 63 48 53 24 19 33 67 73 54 41 41 26 24 32 21 17 37 21 7 7 14 9 16 14 7 5 3 2 2 1 1 1 1 4 10 19 21 35 38 39 50 39 33 56 72 76 75 56 62 16 77 64 23 22 59 54 38 23 10 2 7 7 4 3 5 15 15 16 28 20 24 53 55 48 42 55 76 47 34 25 12
71 52 31 49 42 39 27 57 67 40 27 46 78 71 56 50 31 21 8 31 53 65 53 28 23 12 11 44 39 24 32 33 17 8 10 17 19 19 17 4 5 4 5 4 4 1 1 2 5 8 16 17 27 30 27 30 39 56 44 83 75 48 42 78 58 36 72 39 20 13 27 30 35 31 14 6 4 3 2 4 16 17 13 17 28 41 53 53 50 62 50 63 57 44 24 11
66 47 23 49 36 37 30 34 46 20 19 39 53 28 31 33 13 21 17 37 63 34 30 33 20 21 15 53 45 28 53 31 12 17 15 24 26 37 25 12 10 4 9 7 5 2 1 1 5 7 7 13 29 28 41 51 30 59 60 81 33 13 46 79 47 48 33 66 33 9 12 17 31 26 24 20 6 3 1 3 11 17 17 15 19 36 68 45 36 76 47 46 53 22 12 11
35 26 19 39 25 22 29 22 46 42 32 38 31 26 42 44 35 46 26 37 54 36 34 34 25 21 22 54 51 35 54 32 25 24 22 35 33 30 12 15 23 14 9 5 2 1 0 0 3 7 7 17 31 28 30 38 24 43 71 45 31 19 66 77 63 22 16 23 44 21 11 10 13 10 25 10 7 3 1 3 7 14 20 17 43 60 75 48 43 72 44 20 27 38 12 5
25 7 26 31 25 41 45 75 67 86 83 79 30 53 57 55 59 29 29 53 47 33 33 21 26 35 24 51 52 55 43 36 33 34 34 46 58 34 20 18 42 26 4 2 2 1 0 1 5 7 19 21 24 29 17 20 39 63 76 34 24 27 43 75 70 49 18 6 36 38 20 10 9 10 31 9 4 3 2 6 10 19 22 30 33 27 31 25 40 37 50 38 36 31 7 2
16 14 19 29 71 74 80 83 61 66 74 78 81 70 38 39 30 25 32 31 19 31 29 34 48 39 39 70 57 75 44 44 39 49 53 68 69 36 37 31 40 17 8 4 3 4 3 0 2 9 8 16 14 11 13 26 42 58 52 44 23 23 26 81 45 44 39 5 28 45 32 9 7 8 9 18 6 1 2 7 9 18 33 40 35 26 27 18 26 24 31 22 17 7 3 5
24 33 13 19 34 40 71 36 37 38 58 64 54 71 41 34 36 53 43 28 28 35 33 45 68 51 42 68 66 59 41 56 45 56 53 67 52 42 53 23 12 10 16 13 10 10 5 2 1 3 11 9 10 18 18 8 30 27 36 68 34 30 41 56 40 11 37 15 19 23 21 19 10 5 3 41 5 1 3 5 13 19 15 40 27 23 24 17 15 9 9 6 6 6 10 21
46 64 31 22 46 41 50 51 37 57 62 52 66 79 80 62 72 58 39 34 46 45 49 46 59 47 43 68 67 41 53 53 54 57 68 72 58 45 18 10 9 17 16 15 21 13 11 3 1 1 3 9 12 18 19 12 26 31 21 32 30 29 34 51 57 11 24 24 14 34 23 11 14 7 7 8 4 1 2 5 11 13 28 39 21 23 18 14 20 6 5 3 4 10 21 25
33 59 74 43 16 25 43 48 70 48 40 41 76 51 58 91 87 34 51 52 54 50 54 45 51 45 51 73 60 52 54 52 59 73 75 49 23 19 29 26 32 28 24 17 27 23 15 4 1 0 1 15 9 7 19 15 31 23 18 21 25 16 16 30 65 10 9 18 12 12 15 8 7 6 5 5 3 2 1 4 8 11 41 25 10 8 8 11 10 1 2 8 9 14 22 22
69 69 73 77 37 12 22 65 66 60 16 21 43 54 78 84 69 86 87 65 48 71 64 32 52 44 63 57 56 53 56 49 65 78 81 48 44 35 52 47 61 60 37 38 44 19 8 2 0 0 1 1 2 4 18 15 28 26 15 15 13 6 2 10 39 18 11 10 9 9 9 13 8 6 3 3 2 1 1 4 8 10 16 12 6 6 3 4 2 6 8 10 22 27 21 22
47 34 48 83 34 33 26 28 32 41 32 10 36 81 87 83 66 57 81 65 71 78 66 44 62 61 75 71 67 75 57 58 61 60 60 41 45 53 54 58 27 27 55 71 22 11 8 3 1 1 1 1 1 1 6 19 24 34 12 14 11 6 3 26 41 15 16 9 8 9 10 11 5 3 5 3 2 1 2 5 5 12 11 5 3 2 3 8 9 17 20 24 25 27 15 17
27 48 45 82 82 26 34 22 28 27 35 19 45 54 57 63 76 85 65 28 63 28 74 83 93 86 81 61 78 62 73 53 50 31 74 67 70 61 39 35 14 3 55 44 31 20 15 7 3 6 6 3 1 0 1 3 4 10 6 10 7 4 5 15 23 25 14 9 9 2 3 4 5 2 2 2 2 1 1 2 6 6 6 4 2 4 11 12 19 18 20 37 33 23 20 17
18 32 38 46 77 75 45 23 24 26 25 26 43 66 76 79 43 79 78 39 68 63 38 56 73 54 70 46 72 33 22 51 36 36 57 88 74 56 37 76 42 41 48 45 47 26 12 9 14 15 10 3 1 0 1 0 1 2 2 8 7 3 8 17 15 23 14 8 6 4 4 4 3 2 2 1 2 1 1 1 2 2 3 3 2 5 7 12 17 18 22 20 56 31 19 11
9 18 29 8 42 85 44 29 17 15 24 31 27 40 51 64 67 79 60 61 70 52 20 57 72 52 52 48 53 72 57 65 58 37 46 81 88 91 89 85 72 59 59 66 55 32 26 19 34 11 6 6 5 4 3 2 1 1 1 2 2 3 4 14 16 16 13 8 5 4 3 2 2 1 1 1 1 1 0 1 1 1 0 1 1 1 3 8 15 9 14 27 29 27 14 27
18 12 23 54 43 64 83 44 44 20 12 17 21 26 58 47 70 83 22 33 75 71 35 20 82 84 60 45 60 70 38 37 46 36 32 62 80 81 76 50 63 64 40 49 54 52 58 54 26 6 12 18 15 13 12 17 14 3 1 1 1 1 2 3 7 19 8 7 3 4 2 1 2 1 1 1 1 0 0 1 0 1 2 4 5 3 4 5 12 17 16 18 24 25 37 39
30 11 9 40 62 69 87 72 39 36 25 21 19 28 26 19 53 40 30 68 89 48 29 19 28 73 45 53 47 67 65 48 53 50 46 81 70 47 39 32 39 20 18 70 47 68 77 71 39 28 34 23 20 13 10 3 5 3 2 1 1 1 2 2 2 6 9 6 4 3 2 1 1 1 1 1 1 0 0 0 1 2 2 3 7 14 13 15 20 21 19 27 27 26 24 42
46 35 28 18 23 28 43 71 43 52 32 21 17 22 36 17 43 27 55 47 82 47 32 29 18 35 36 47 22 63 68 39 39 41 51 69 66 31 21 33 30 21 23 36 54 45 39 23 25 25 18 18 15 16 16 4 3 4 2 1 1 1 1 1 1 3 5 6 4 1 1 0 1 1 1 1 0 0 0 1 1 2 4 6 2 2 9 36 13 28 32 36 39 32 40 46
26 27 50 22 21 50 51 73 76 58 49 21 17 14 17 22 29 34 32 49 77 83 62 39 14 15 30 10 22 58 69 44 34 39 33 33 39 28 19 25 23 21 21 23 58 38 38 22 13 10 10 3 5 4 10 5 1 4 2 1 1 1 1 1 1 2 3 2 2 1 1 1 1 1 1 0 0 0 1 1 1 1 2 2 2 6 21 28 34 39 38 36 38 47 42 53
44 40 19 14 18 31 45 59 75 54 39 30 14 9 12 22 12 17 39 78 68 73 64 56 34 11 38 35 12 18 51 36 38 33 15 18 21 42 18 17 22 14 10 16 37 38 46 28 18 10 8 6 2 2 4 5 2 4 3 1 1 1 1 1 1 1 2 1 2 1 1 0 0 1 0 0 0 0 1 1 1 1 1 4 6 11 14 32 18 18 15 16 29 43 42 27
58 57 27 14 5 31 29 44 63 66 31 29 16 14 17 18 10 35 63 77 46 48 60 32 26 23 13 25 33 6 28 41 22 23 13 22 19 13 14 15 23 16 7 8 14 32 44 32 26 16 12 6 3 1 1 3 2 3 5 2 1 0 0 0 0 1 1 1 1 1 0 0 0 0 0 0 0 0 0 0 0 1 1 4 8 9 15 17 16 13 11 22 29 29 27 27
62 56 36 30 10 11 27 38 72 30 34 19 13 12 11 14 11 28 67 46 9 32 80 33 23 27 12 15 15 28 23 21 16 16 16 10 9 5 5 12 20 9 5 6 7 18 42 26 32 16 8 6 3 2 1 1 1 1 2 1 1 0 0 0 0 1 0 1 1 1 0 0 0 0 0 0 0 0 1 1 1 2 5 7 5 8 20 20 15 16 22 19 23 31 33 20
58 55 38 21 20 13 27 30 68 35 12 28 20 11 9 8 7 38 42 25 47 58 70 55 30 18 20 31 11 36 24 18 18 10 17 8 10 9 3 8 5 4 5 16 23 29 37 31 46 39 25 12 4 3 1 0 1 1 1 1 1 0 0 0 0 0 0 0 1 1 1 0 0 0 0 0 0 1 1 1 1 2 2 2 5 7 10 17 23 26 28 25 28 17 31 33
51 41 31 22 20 20 12 20 37 59 29 14 21 9 9 7 9 25 22 28 25 45 68 53 31 39 14 18 20 38 16 11 14 13 7 5 9 7 6 5 2 2 6 31 16 15 33 21 36 37 36 15 8 4 1 1 0 1 1 1 1 0 0 0 0 0 0 1 1 0 0 0 0 0 0 0 0 1 1 1 1 2 3 3 3 3 9 14 14 17 20 40 30 37 53 35
45 46 28 20 21 18 16 19 22 36 39 13 9 8 8 8 9 9 15 21 27 42 74 47 37 23 30 15 17 29 14 5 7 7 9 4 5 5 4 2 1 4 15 30 6 17 20 11 29 26 22 22 15 9 7 3 1 0 0 1 0 0 0 0 0 0 0 0 0 0 0 0 0 0 0 1 0 1 1 1 2 2 3 2 2 3 5 5 10 20 15 26 23 13 25 30
83 63 47 17 12 17 13 15 17 30 39 20 14 9 9 7 6 9 10 8 27 32 60 42 22 16 17 18 14 9 19 6 5 6 5 6 5 5 2 2 9 11 16 5 6 12 8 11 15 22 27 22 31 18 11 6 4 1 0 0 0 0 0 0 0 0 0 0 0 0 0 0 0 0 0 0 0 0 0 0 1 1 1 1 1 2 2 4 6 10 21 36 22 20 25 8
49 78 62 41 19 9 8 12 15 20 50 25 15 8 5 4 5 3 6 8 18 28 49 51 19 14 10 10 13 12 10 16 8 3 3 7 4 2 1 4 7 22 10 5 7 10 7 6 15 21 11 11 14 19 15 7 4 3 1 0 0 0 0 0 0 0 0 0 0 0 0 0 0 0 0 0 0 0 1 1 1 1 1 1 2 3 3 4 6 13 16 21 18 19 19 28
24 81 35 71 45 30 8 9 9 20 35 17 11 5 4 3 2 2 6 9 19 34 27 45 32 19 14 8 7 9 9 12 8 6 2 5 2 1 2 2 10 9 10 3 4 9 3 4 15 22 8 8 10 9 29 15 8 3 3 0 0 0 0 0 0 0 0 0 0 0 0 0 0 0 0 1 0 1 1 1 1 1 1 1 3 3 3 3 8 11 12 8 12 21 23 22
42 46 29 64 40 39 20 5 6 7 20 17 6 5 3 1 2 2 6 13 6 7 41 45 47 32 21 17 6 3 4 6 5 4 1 1 1 1 1 2 10 3 3 3 2 12 3 4 20 19 11 3 2 1 15 9 8 3 2 1 0 0 0 0 0 0 0 0 0 0 0 0 0 0 0 1 1 1 2 2 3 4 3 4 4 4 3 3 5 6 8 15 25 28 32 29
46 39 35 27 31 17 41 10 3 3 7 10 6 3 2 1 1 3 5 6 14 37 51 49 56 33 21 10 8 4 6 6 4 3 3 2 1 1 2 5 4 3 2 2 4 14 7 8 27 21 19 4 1 0 2 2 4 4 1 1 0 0 0 0 0 0 0 0 0 0 0 0 0 0 0 0 1 2 4 3 4 5 8 6 6 5 3 5 10 6 7 9 12 9 15 18
39 32 36 25 26 9 15 21 3 2 6 8 11 3 1 1 1 2 6 12 25 29 46 38 40 44 17 9 7 6 4 3 3 3 1 1 1 1 1 5 3 2 1 1 1 4 4 4 15 24 11 5 5 1 1 2 1 2 1 1 0 0 0 0 0 0 0 0 0 0 0 0 0 0 0 1 1 2 2 6 8 7 6 9 7 8 8 18 13 4 6 4 8 19 21 26
30 39 38 25 11 8 8 8 5 1 3 5 7 2 1 0 1 3 10 27 15 9 31 26 23 33 18 8 7 5 4 2 2 2 1 1 0 1 4 5 2 1 1 1 1 5 1 5 19 6 9 4 3 2 1 2 2 2 1 1 0 0 0 0 0 0 0 0 0 0 0 0 0 1 1 1 2 4 5 5 11 17 20 21 24 18 19 19 12 10 8 11 7 9 23 22
16 13 17 19 8 8 4 4 5 2 1 2 3 2 1 0 2 5 8 9 11 10 20 38 11 14 11 13 5 3 2 2 2 2 1 0 0 2 6 1 1 0 0 1 2 3 4 21 34 3 2 7 3 2 1 1 2 1 1 1 0 0 0 0 0 0 0 0 0 0 0 0 0 0 0 1 2 1 1 4 7 7 10 15 29 21 31 29 20 21 13 13 22 18 16 17
6 6 6 6 6 4 4 3 3 2 1 1 1 2 0 0 1 2 3 4 7 6 5 10 8 7 6 7 3 2 2 1 1 1 1 0 1 3 1 1 1 0 0 1 2 3 6 6 20 5 1 4 4 1 1 2 1 1 1 0 0 0 0 0 0 0 0 0 0 0 0 0 0 0 0 1 1 1 1 1 3 5 8 7 26 24 37 44 31 40 35 35 29 28 22 43
7 7 7 5 4 2 2 1 1 1 1 0 0 1 0 0 1 2 1 2 4 3 2 4 5 5 3 2 4 2 1 1 1 0 0 1 1 1 1 1 1 0 1 2 3 6 2 1 2 4 3 2 2 2 2 1 1 1 0 0 0 0 0 0 0 0 0 0 0 0 0 0 0 0 0 0 1 2 2 2 2 4 3 7 13 19 16 20 55 52 27 52 44 43 27 37
