sesion_6_simulaciones/modelos_agentes/ejemplos_netlogo/scenarios/cgcm2_a2/rob_2038.asc
NCOLS 322 
NROWS 307 
XLLCORNER 451900 
YLLCORNER 4086900 
CELLSIZE 100 
NODATA_value -9999 
[rows 0 to 72 of 307, columns 192 to 287 of 322]
43 40 22 14 36 60 34 17 16 20 23 9 7 5 7 5 3 3 5 4 4 3 2 3 5 8 4 9 10 27 8 2 2 0 0 0 1 1 1 3 4 1 1 8 12 13 12 22 36 44 29 33 40 47 46 58 45 82 49 41 9 12 19 44 56 41 57 52 27 38 22 12 16 21 40 23 20 38 57 28 15 17 17 20 18 13 32 28 27 29 11 24 35 62 21 7
52 31 38 35 42 60 21 31 44 28 18 14 20 18 10 9 12 3 5 6 7 3 2 2 2 9 3 3 2 5 23 8 1 1 0 0 0 1 2 1 3 1 0 2 3 6 12 13 29 69 81 63 45 46 46 44 70 68 68 21 25 14 47 40 52 48 55 40 44 20 7 25 12 21 51 26 54 39 35 35 28 34 36 22 16 8 21 30 31 28 17 29 26 31 17 14
31 57 38 36 61 52 38 19 12 27 28 28 41 42 22 35 20 17 24 22 18 6 4 2 1 1 1 0 1 1 2 9 6 1 1 1 0 0 1 0 0 0 3 8 7 15 15 22 32 51 57 52 61 52 67 74 42 37 47 26 24 31 41 30 34 60 30 27 21 27 14 16 14 21 62 25 60 51 27 42 30 26 32 33 17 6 14 17 31 23 17 44 24 41 15 3
42 42 66 55 45 37 35 35 35 56 33 51 64 51 43 57 40 20 30 43 28 22 15 6 4 2 0 1 1 0 1 1 1 1 1 1 1 0 0 0 1 2 1 2 4 17 16 22 8 19 15 20 32 61 49 56 54 21 30 36 39 21 24 44 31 57 45 39 52 21 31 26 9 9 44 25 32 27 34 41 31 30 32 35 19 6 12 27 41 18 30 27 24 37 11 2
31 24 46 15 52 59 53 39 53 50 47 36 39 33 41 60 45 49 51 53 47 23 16 15 7 9 4 7 5 1 0 0 1 0 0 1 0 0 0 0 1 1 2 3 3 5 6 12 35 55 59 51 48 42 65 69 33 27 9 12 36 35 28 42 43 55 36 26 17 12 9 9 12 8 23 23 19 32 57 64 53 21 21 43 38 27 4 24 26 35 33 19 34 48 17 3
33 27 44 38 26 32 55 28 53 44 31 39 16 39 49 50 52 50 20 17 34 17 12 19 14 13 6 10 7 2 2 1 0 0 0 0 0 0 0 0 1 1 2 6 14 31 39 47 48 32 38 41 47 63 81 58 37 29 10 47 66 65 58 59 44 64 27 34 41 33 41 30 24 18 13 19 27 25 36 29 41 63 46 35 39 27 9 17 24 27 13 19 30 30 19 5
25 13 16 36 26 20 52 21 16 29 37 62 37 19 37 48 44 43 26 9 11 27 34 36 18 15 15 9 9 7 5 3 3 2 1 0 0 1 0 0 0 1 4 7 24 14 21 30 51 39 45 79 43 69 74 42 30 32 17 36 51 59 57 59 68 61 51 45 45 19 29 29 20 31 27 14 6 19 39 43 32 56 37 19 11 37 13 11 14 13 14 27 44 54 14 13
18 14 13 18 38 30 46 54 18 9 17 24 45 14 5 19 12 19 26 12 10 17 9 16 17 12 14 9 12 9 8 7 6 6 5 2 2 1 0 0 1 3 6 12 18 26 30 53 73 68 69 47 60 58 65 37 23 9 18 24 34 30 29 25 25 54 33 26 47 28 26 20 25 30 31 20 6 28 48 25 50 64 43 20 12 28 23 11 12 25 26 28 54 35 20 15
33 25 23 14 22 19 31 57 56 25 12 12 21 32 16 11 7 20 25 18 13 21 6 11 25 16 13 14 13 19 16 13 13 10 6 5 2 1 0 0 1 2 7 10 30 27 20 38 48 61 47 33 72 55 51 21 11 45 66 52 64 53 60 46 53 76 46 35 16 17 24 21 23 24 20 12 8 15 19 32 45 57 45 29 13 13 14 9 8 30 23 32 30 38 19 27
23 25 25 14 12 7 26 27 52 40 30 16 14 18 22 9 8 6 22 19 17 23 7 7 15 15 13 10 6 13 2 6 13 12 8 3 1 1 0 0 1 2 5 8 19 8 9 41 23 18 19 77 50 54 31 15 28 56 62 75 55 82 69 43 60 33 57 47 44 19 20 30 27 15 11 8 6 11 39 21 13 44 47 44 23 11 19 6 9 11 14 39 27 38 22 51
29 26 27 26 13 7 4 5 10 24 15 11 8 21 12 8 10 2 5 15 11 24 27 5 7 6 25 9 2 8 13 3 1 1 1 5 2 1 0 1 1 2 7 15 4 13 20 24 6 12 56 57 29 40 16 11 27 44 42 57 78 79 49 30 33 49 58 58 65 47 57 37 33 27 16 12 5 5 13 26 28 51 67 41 44 16 9 13 4 13 35 16 22 18 18 59
52 35 18 21 22 19 13 8 6 6 6 5 9 9 7 6 4 8 5 5 14 17 14 7 1 4 16 9 3 3 10 12 1 0 1 1 3 1 0 0 4 6 6 3 1 2 12 3 7 34 63 46 23 17 7 33 36 32 40 77 63 58 15 28 41 44 67 64 54 61 46 37 42 42 37 26 9 6 20 24 23 71 48 56 40 30 11 6 5 19 21 12 30 11 34 66
59 45 41 55 46 42 38 20 34 19 16 9 4 3 3 3 3 14 10 3 2 7 6 6 1 3 6 5 3 1 1 5 1 0 0 0 1 2 0 1 3 4 3 6 5 6 18 2 12 45 33 14 3 14 38 53 53 61 82 70 20 27 31 22 22 24 39 39 62 42 23 35 54 56 50 26 9 3 18 27 53 61 25 35 50 32 16 4 5 19 16 11 33 10 28 38
68 65 62 65 62 56 44 40 36 35 30 28 11 7 4 3 2 1 1 1 2 2 1 2 2 3 4 4 1 1 1 3 2 1 0 0 1 1 1 1 1 3 2 1 1 8 4 3 16 12 6 2 6 18 29 39 66 60 52 14 48 64 58 46 47 26 23 22 57 47 60 69 48 34 27 28 13 5 10 21 52 24 17 34 63 35 23 10 3 6 7 10 17 10 23 19
27 64 68 67 59 63 42 49 24 25 37 25 19 18 16 12 7 3 1 1 1 1 0 2 2 2 1 1 0 0 1 2 2 1 0 0 1 2 2 1 1 1 2 1 0 1 2 3 4 3 1 2 7 11 24 38 40 12 35 51 63 59 58 79 83 71 64 46 49 60 63 53 59 43 23 17 9 5 10 21 29 13 9 48 62 63 37 37 15 3 5 8 8 9 28 24
39 56 66 48 53 74 58 34 52 38 26 33 27 33 34 17 11 4 3 2 2 1 0 0 1 1 0 0 0 0 0 1 2 2 1 0 1 1 1 1 1 1 1 1 0 0 3 4 2 2 5 4 4 9 14 23 11 39 44 46 58 71 81 71 66 75 42 33 67 20 49 78 55 41 46 43 38 19 7 22 24 13 5 11 30 57 17 10 13 12 2 10 5 8 26 22
66 18 68 48 42 67 74 75 42 22 33 31 42 38 29 21 19 12 7 6 5 4 2 1 0 0 1 2 1 1 0 0 0 1 1 1 1 1 1 1 1 1 0 1 0 0 0 0 2 7 6 14 14 9 8 26 40 41 45 45 66 56 76 67 69 44 32 59 46 37 39 22 55 35 59 64 62 38 26 7 38 20 14 3 11 31 41 10 4 5 2 3 6 11 8 8
43 13 52 30 47 57 64 41 69 74 45 53 55 17 18 15 21 18 12 9 7 6 4 2 1 2 4 3 2 1 0 0 0 0 0 0 1 1 1 1 1 1 0 0 0 1 2 4 6 6 10 25 24 25 11 25 30 60 58 56 75 59 55 49 33 31 48 61 49 32 19 21 49 55 61 58 64 61 40 12 7 16 17 11 3 11 25 15 10 2 5 0 5 8 4 4
28 32 33 34 22 48 56 32 34 70 38 60 72 42 28 19 29 43 34 21 16 7 3 2 4 2 5 5 8 2 2 2 2 1 0 0 0 0 1 0 0 0 0 0 1 2 5 6 6 8 17 27 24 18 32 38 45 43 33 48 66 31 18 12 31 34 29 78 65 24 26 17 52 49 16 32 70 58 58 36 10 6 29 14 8 3 11 14 14 5 1 1 7 3 1 1
31 12 18 26 18 25 59 24 16 43 52 63 66 48 52 40 11 19 20 29 14 10 7 6 6 5 6 8 8 7 4 3 3 2 1 1 0 0 0 0 0 0 0 1 4 4 5 10 5 13 23 19 36 36 41 46 14 12 26 46 72 29 14 39 52 46 59 67 49 39 24 11 20 53 44 16 33 43 52 48 37 8 7 15 11 3 2 8 16 10 1 1 4 1 4 9
55 17 20 19 5 13 45 20 29 20 40 29 47 18 27 32 7 6 15 34 17 24 10 5 17 11 8 4 6 4 3 2 2 2 2 1 1 0 0 0 0 0 1 4 5 6 3 3 12 27 19 25 46 58 69 64 44 34 46 49 51 19 20 54 53 47 46 21 46 48 32 9 12 24 59 31 13 19 64 36 28 10 3 8 10 2 3 11 7 7 1 1 1 2 8 24
28 6 22 21 6 4 15 39 7 16 48 38 45 21 17 9 10 2 6 33 29 17 11 9 5 5 2 1 2 2 2 2 1 1 3 2 1 1 0 0 0 1 2 3 2 5 5 11 12 13 10 19 32 68 76 79 76 66 50 43 27 14 35 44 62 55 47 28 24 43 19 9 12 17 53 33 14 15 23 44 27 18 6 4 10 3 5 8 4 2 2 7 3 6 23 32
40 7 30 37 10 7 8 18 6 5 38 22 16 7 4 10 9 7 2 5 7 16 29 29 9 2 6 3 1 1 1 1 1 1 1 3 2 0 0 0 0 1 3 3 1 2 1 4 3 3 4 14 32 27 47 67 54 41 22 66 32 15 35 45 44 50 71 42 36 16 10 10 25 39 67 31 14 17 27 55 28 11 6 2 4 7 4 7 2 1 5 27 13 13 14 28
23 18 14 30 3 7 12 17 12 4 4 3 4 14 5 3 11 9 4 5 6 7 19 11 9 2 4 6 3 1 1 1 1 0 1 1 1 0 0 0 0 0 0 1 1 1 2 2 5 5 4 13 13 22 25 20 15 34 56 36 13 26 40 37 54 71 50 38 37 25 10 14 25 43 47 22 20 15 23 45 33 32 11 2 2 3 4 6 1 2 7 6 19 35 19 24
8 5 10 11 5 2 13 19 7 2 5 2 3 7 9 5 6 8 6 2 2 3 4 3 3 2 3 6 5 1 1 0 0 0 0 1 0 1 0 0 0 0 1 2 2 4 6 6 5 8 14 9 6 4 5 13 32 35 63 28 11 40 34 31 57 77 44 51 45 24 16 15 25 56 38 20 25 13 17 30 29 28 22 11 2 1 5 3 1 11 13 15 18 16 58 27
2 4 2 8 3 1 13 17 6 2 1 2 2 2 6 7 3 2 4 3 1 1 2 3 2 1 1 4 9 1 1 0 0 0 0 0 0 0 1 0 0 0 0 1 2 3 5 2 3 7 10 21 18 35 25 30 30 49 50 9 20 34 28 21 45 60 37 40 34 27 12 13 27 57 24 31 24 9 7 13 15 24 13 4 5 1 1 2 9 22 28 33 43 29 21 52
1 2 1 1 1 4 8 7 3 1 1 1 1 1 1 3 4 3 3 3 1 1 1 1 0 1 1 1 1 2 1 0 0 0 0 0 0 0 0 0 0 0 0 1 1 2 1 2 5 6 14 20 21 32 47 62 65 72 34 9 24 32 22 29 69 62 19 35 37 23 14 7 20 53 24 18 16 14 3 6 15 21 7 4 1 1 2 9 23 23 28 29 39 51 67 42
1 1 0 0 0 0 1 1 1 0 0 0 0 0 0 0 1 1 1 2 1 1 1 0 0 0 1 1 1 1 1 1 1 0 0 0 0 0 0 0 0 0 0 0 0 1 3 3 2 12 11 16 23 30 43 71 53 42 8 25 36 26 47 56 80 43 46 22 21 21 18 11 30 52 31 17 14 14 2 5 12 19 11 11 4 1 2 7 10 7 8 9 11 17 39 43
0 0 0 0 0 0 0 0 0 0 0 0 0 0 0 0 0 0 0 0 1 0 0 0 0 0 1 1 1 0 0 0 0 0 0 0 0 0 0 0 0 0 1 1 2 2 6 14 4 12 8 11 17 17 58 45 20 6 22 34 35 32 55 78 50 28 38 19 17 19 16 9 16 45 59 31 17 8 3 4 10 21 14 7 3 0 2 3 3 8 11 21 26 26 26 40
1 1 1 2 1 0 0 0 0 1 1 1 1 1 2 1 1 1 0 0 0 0 0 0 0 0 0 0 0 0 0 0 0 0 0 0 0 0 0 0 0 1 2 2 3 5 6 5 14 10 9 9 20 22 53 14 7 13 28 36 32 34 55 77 34 23 21 32 14 6 5 8 28 47 21 42 21 8 3 2 15 12 16 6 2 0 2 7 15 26 16 32 42 41 36 17
1 3 2 3 2 1 1 2 1 2 2 4 3 4 4 3 2 2 2 1 0 0 0 0 0 0 0 0 0 0 0 0 0 0 0 0 0 0 0 0 2 2 2 4 5 9 9 7 12 31 33 32 21 31 17 7 3 20 24 32 18 33 53 62 39 16 20 27 19 10 3 7 35 16 12 47 31 13 4 2 6 6 11 5 1 1 6 8 10 17 20 21 15 16 22 43
4 4 4 5 2 1 1 4 4 4 4 4 9 5 8 7 5 3 2 2 1 2 1 1 0 0 0 0 0 0 0 0 0 0 0 0 0 0 0 1 2 2 3 4 7 10 14 26 22 25 14 49 32 17 18 13 5 17 28 43 43 36 60 27 12 29 31 15 26 9 3 7 14 15 8 44 18 12 3 2 5 5 5 3 1 3 14 23 27 21 19 10 21 24 24 33
11 10 6 9 5 2 2 4 4 4 10 11 11 14 12 6 5 4 4 3 3 3 2 1 1 1 1 0 0 0 0 1 0 0 0 0 0 0 0 1 1 2 3 5 9 12 21 25 20 21 12 7 19 19 21 3 10 18 17 29 28 43 42 47 42 24 15 12 31 20 6 4 13 10 18 47 15 9 5 2 2 4 4 1 2 7 16 36 45 43 46 29 35 46 37 62
16 16 16 9 7 6 3 7 11 13 17 16 15 11 14 9 7 6 5 8 7 6 3 2 2 3 1 1 0 1 2 0 0 0 0 0 0 0 0 1 1 1 2 3 6 17 8 3 27 23 13 7 17 19 3 3 8 11 16 33 44 51 56 28 17 16 23 16 12 15 9 4 12 10 15 24 19 17 6 1 1 2 1 1 4 8 9 13 10 13 15 29 44 45 72 69
22 20 24 19 15 5 4 9 16 23 24 21 21 18 18 16 10 19 12 10 4 2 2 3 2 2 2 1 1 2 1 0 0 0 0 0 0 0 0 1 1 2 5 4 2 4 4 10 8 10 10 3 7 1 3 2 4 7 10 26 45 56 35 51 27 15 14 12 9 15 15 4 5 8 12 16 17 7 4 2 1 1 1 2 9 4 6 12 30 35 39 33 22 67 43 54
37 47 33 10 18 7 12 12 33 28 26 26 28 44 41 25 24 19 10 13 5 4 2 6 6 2 2 2 5 1 0 0 0 0 0 0 0 0 0 1 2 3 4 1 3 4 5 9 7 6 3 3 4 1 3 2 5 16 21 35 27 26 41 54 18 9 6 6 11 9 7 4 3 6 7 17 15 8 4 1 1 1 2 7 15 19 18 18 26 24 23 46 48 60 37 18
55 67 31 28 35 15 10 37 37 51 23 37 45 37 56 32 15 9 20 12 8 5 2 10 2 2 3 5 1 0 1 1 1 1 1 1 0 0 0 0 1 2 1 1 2 6 15 13 8 4 3 2 2 2 5 7 14 9 7 12 18 31 35 51 25 12 10 7 5 3 4 4 2 4 9 7 6 9 4 1 1 3 8 7 14 34 38 42 43 45 26 37 31 35 36 13
46 66 33 32 44 19 19 54 49 52 18 39 62 46 60 29 23 22 29 27 14 4 5 2 3 6 10 1 1 1 1 1 1 1 1 1 0 0 0 0 0 0 0 1 4 10 10 4 11 3 2 1 4 4 6 4 4 2 10 15 15 37 42 33 16 45 41 25 13 10 5 4 2 3 4 3 4 5 2 0 1 6 16 26 27 36 46 44 38 37 40 46 15 5 27 18
64 38 40 34 46 22 24 53 73 50 15 50 71 61 60 57 32 43 55 29 15 6 11 5 10 10 1 1 2 2 1 1 2 1 2 1 1 1 1 0 1 0 0 2 11 4 8 1 2 5 1 2 5 6 7 5 4 9 34 43 36 35 68 32 42 26 31 30 11 6 5 4 1 1 2 3 2 3 1 0 2 5 7 16 19 10 21 9 9 12 8 60 39 16 12 6
83 67 43 35 42 24 37 57 83 41 24 41 69 68 69 40 32 74 35 7 9 23 18 12 12 5 3 3 5 5 2 3 2 2 1 1 1 2 1 1 1 0 0 0 2 2 2 1 1 0 0 2 4 8 7 17 21 24 18 33 50 48 30 48 37 34 10 19 37 10 3 2 1 1 1 2 1 1 1 1 3 6 8 10 9 5 7 15 28 47 62 77 48 14 9 4
76 76 46 48 53 30 40 64 76 48 30 50 84 84 49 59 37 37 12 8 15 45 48 25 13 12 5 5 7 4 3 8 3 1 1 2 1 3 2 1 1 0 0 0 0 0 0 0 1 1 4 4 10 12 14 23 18 16 36 63 61 56 38 47 8 60 40 7 6 25 21 11 4 2 0 1 1 0 0 1 3 3 3 7 5 7 26 35 29 26 35 60 25 13 8 3
75 66 46 58 54 51 39 66 75 51 38 52 84 74 57 44 20 12 4 17 36 46 28 10 6 3 2 12 10 5 7 6 3 1 2 2 3 3 3 1 1 1 1 1 1 0 0 0 1 1 3 3 7 8 8 11 17 37 28 74 54 24 23 72 36 15 46 16 5 3 7 7 10 7 2 1 1 0 0 1 3 3 3 4 7 15 26 27 24 40 25 35 29 17 7 3
76 66 41 62 58 56 52 52 61 42 37 51 65 32 33 25 11 14 10 23 48 20 13 13 6 5 3 17 14 7 17 7 2 3 2 4 4 8 5 2 1 1 1 1 1 0 0 0 1 1 1 2 7 6 17 21 11 30 44 61 13 5 24 61 22 21 12 38 10 2 2 3 7 5 5 3 1 0 0 0 2 3 4 3 5 12 39 17 13 47 20 18 22 6 3 2
48 48 44 63 58 45 61 50 73 75 64 52 47 38 50 46 33 39 19 28 43 23 17 14 8 6 6 24 20 10 18 7 5 5 4 8 7 7 2 2 4 2 1 1 0 0 0 0 0 1 1 3 8 8 7 12 7 18 44 18 10 6 38 61 33 6 4 5 17 5 2 2 2 1 6 2 1 0 0 0 1 2 4 3 15 27 42 17 15 38 14 5 7 12 2 1
61 32 65 73 64 70 68 84 79 89 89 83 46 66 66 63 59 29 25 46 40 21 16 9 10 16 9 26 25 23 15 10 9 9 9 14 20 8 4 3 11 5 1 0 0 0 0 0 1 1 4 4 6 7 3 5 12 39 52 11 6 8 15 55 36 17 4 1 12 11 4 2 1 2 9 2 1 0 0 1 2 3 4 7 9 7 7 6 12 11 16 9 9 8 1 0
53 48 54 65 78 83 87 88 76 75 78 80 83 74 46 45 39 30 33 29 17 22 17 20 30 21 23 51 36 48 21 18 15 20 22 32 33 10 8 7 10 3 1 1 0 1 0 0 0 2 2 3 2 2 3 6 16 23 20 14 6 6 8 61 18 13 11 1 6 12 7 1 1 1 2 3 1 0 0 1 1 3 7 11 9 5 6 4 6 5 6 4 3 1 0 1
63 59 39 43 58 66 79 57 52 48 60 63 66 74 49 42 48 60 49 32 30 34 29 41 58 41 32 58 53 42 25 34 22 31 26 39 21 14 17 5 2 2 3 2 1 1 1 0 0 0 2 2 2 3 4 1 8 7 10 29 7 8 13 24 12 2 10 3 4 4 4 3 1 1 0 10 1 0 0 1 2 3 2 13 5 4 5 3 3 1 1 1 1 1 2 5
72 73 51 30 56 51 53 66 48 58 67 50 62 78 82 66 79 70 51 42 54 51 52 49 58 46 39 64 63 32 43 40 38 41 48 46 29 17 4 2 1 3 3 3 4 2 1 0 0 0 0 2 2 3 4 2 7 7 4 8 7 8 11 21 22 2 4 5 2 7 4 1 2 1 1 1 1 0 0 1 2 2 6 9 4 4 3 2 4 1 1 0 1 1 4 6
54 65 79 47 29 33 58 56 76 41 39 37 71 53 61 91 89 49 67 66 65 62 63 54 58 50 49 72 60 50 50 45 50 65 61 25 8 5 8 6 8 6 5 3 5 4 2 1 0 0 0 2 2 1 4 3 7 5 3 4 5 3 3 7 28 2 1 3 2 2 2 1 1 1 1 1 0 0 0 1 1 2 10 5 1 1 1 2 2 0 0 1 1 2 5 5
76 74 75 79 45 18 20 65 63 57 15 19 34 49 76 83 68 88 89 70 62 78 73 43 63 53 70 62 60 54 58 49 62 76 74 32 23 15 22 19 24 21 10 10 11 3 1 0 0 0 0 0 0 1 4 3 7 6 3 2 2 1 0 2 12 4 2 2 1 1 1 2 1 1 0 0 0 0 0 1 1 2 2 2 1 1 0 1 0 1 1 1 4 6 4 6
62 46 50 86 46 37 31 32 33 38 27 7 28 74 83 81 61 56 83 63 77 78 66 50 72 67 80 75 69 75 57 57 57 51 54 33 28 32 30 29 9 8 20 29 4 2 1 0 0 0 0 0 0 0 1 4 5 8 2 2 2 1 0 5 11 3 3 1 1 1 2 2 1 0 1 0 0 0 0 1 1 2 1 1 0 0 0 1 1 3 4 5 5 6 3 4
33 50 49 81 81 29 36 20 23 21 25 13 30 43 50 55 71 82 67 29 62 32 71 81 91 86 82 57 73 55 67 52 46 26 66 57 58 41 20 14 4 1 22 14 8 4 3 1 0 1 1 0 0 0 0 0 1 2 1 2 1 1 1 2 5 6 2 1 1 0 0 1 1 0 0 0 0 0 0 0 1 1 1 1 0 1 1 2 3 3 4 9 8 6 5 4
21 26 42 44 80 73 39 18 17 17 15 14 25 46 62 68 35 74 72 34 65 58 34 49 72 51 71 45 64 28 18 39 28 26 42 79 60 37 20 54 18 16 19 15 14 5 2 1 2 3 1 1 0 0 0 0 0 0 0 1 1 0 1 3 3 5 2 1 1 1 1 1 0 0 0 0 0 0 0 0 0 0 1 0 0 1 1 2 3 3 4 4 21 8 5 3
10 17 28 8 42 85 41 22 10 8 12 14 12 20 30 45 51 69 47 52 67 45 16 46 65 47 47 38 41 62 46 47 42 20 27 65 74 81 76 67 51 32 30 33 20 7 5 3 7 1 1 1 1 1 0 0 0 0 0 0 0 0 1 3 2 3 2 1 1 1 0 0 0 0 0 0 0 0 0 0 0 0 0 0 0 0 0 1 3 2 2 6 8 7 4 9
19 11 22 43 40 57 80 36 29 9 5 7 8 10 30 25 49 68 13 24 74 64 27 15 71 77 50 32 46 55 23 20 25 15 14 35 56 57 47 21 37 33 16 22 23 17 20 16 6 1 2 3 2 2 2 3 2 0 0 0 0 0 0 0 1 4 1 1 0 1 0 0 0 0 0 0 0 0 0 0 0 0 0 0 1 0 1 1 2 3 3 4 6 8 13 15
26 9 7 30 45 57 81 62 26 18 10 7 6 9 9 7 28 19 16 56 87 37 19 10 14 57 27 30 25 46 41 23 26 22 18 55 37 17 14 10 14 5 5 44 21 35 41 29 11 7 10 5 5 2 1 1 1 0 0 0 0 0 0 0 0 1 1 1 1 1 0 0 0 0 0 0 0 0 0 0 0 0 0 1 1 2 2 2 4 4 4 6 7 8 8 19
46 30 19 11 13 16 31 62 28 30 12 6 5 6 12 5 17 10 32 30 81 33 19 15 8 17 16 23 9 35 40 15 14 14 19 33 29 8 5 9 8 5 6 12 25 19 13 5 6 6 4 3 3 3 3 1 0 1 0 0 0 0 0 0 0 0 1 1 1 0 0 0 0 0 0 0 0 0 0 0 0 0 1 1 0 0 1 8 2 5 8 9 13 12 16 26
20 19 33 11 10 31 33 58 58 33 20 6 4 3 4 6 8 12 13 32 64 77 42 18 5 5 11 3 8 27 37 16 10 12 8 8 10 7 4 6 5 5 5 5 27 15 13 5 3 2 2 1 1 1 1 1 0 1 0 0 0 0 0 0 0 0 0 0 0 0 0 0 0 0 0 0 0 0 0 0 0 0 0 0 0 1 3 6 8 9 10 9 12 20 16 29
34 25 8 5 7 15 24 37 55 27 14 8 3 2 2 5 2 5 16 62 48 65 42 30 13 4 14 12 3 5 19 10 11 8 3 4 5 12 3 4 5 3 2 3 13 14 18 7 3 2 1 1 0 0 1 1 0 1 0 0 0 0 0 0 0 0 0 0 0 0 0 0 0 0 0 0 0 0 0 0 0 0 0 0 1 2 2 6 3 3 2 3 8 16 17 10
48 38 12 5 2 12 11 20 42 35 10 8 4 3 4 4 2 12 33 51 19 32 42 13 9 7 4 7 10 1 7 11 5 5 2 4 4 2 3 3 5 3 1 1 4 11 17 9 6 3 2 1 1 0 0 0 0 0 1 0 0 0 0 0 0 0 0 0 0 0 0 0 0 0 0 0 0 0 0 0 0 0 0 1 1 1 2 3 3 2 2 5 7 9 8 11
50 35 17 12 3 4 9 14 56 10 10 4 3 2 2 3 2 7 29 15 3 16 68 13 7 8 3 4 3 7 5 4 3 3 3 2 1 1 1 2 4 2 1 1 1 4 16 7 9 3 2 1 0 0 0 0 0 0 0 0 0 0 0 0 0 0 0 0 0 0 0 0 0 0 0 0 0 0 0 0 0 0 1 1 1 1 4 3 2 3 4 3 5 8 10 7
44 34 17 7 6 4 8 9 37 11 3 7 4 2 2 1 1 12 12 6 20 31 55 26 9 4 5 9 2 10 6 4 3 2 3 1 2 2 0 1 1 1 1 4 7 9 12 10 16 11 5 2 1 0 0 0 0 0 0 0 0 0 0 0 0 0 0 0 0 0 0 0 0 0 0 0 0 0 0 0 0 0 0 0 1 1 1 3 4 5 6 5 7 4 10 14
34 21 12 7 6 5 3 5 10 34 7 2 4 2 1 1 1 5 5 7 7 18 48 25 9 11 3 4 4 10 4 2 3 2 1 1 1 1 1 1 0 0 1 10 4 4 9 5 12 10 10 3 1 1 0 0 0 0 0 0 0 0 0 0 0 0 0 0 0 0 0 0 0 0 0 0 0 0 0 0 0 0 1 0 1 0 1 2 2 3 4 10 7 9 21 13
30 25 10 6 6 4 3 4 5 14 12 2 1 1 1 1 2 2 3 5 8 19 56 21 12 5 7 3 3 6 3 1 1 1 2 1 1 1 1 0 0 1 4 7 1 4 5 3 7 7 5 4 3 1 1 0 0 0 0 0 0 0 0 0 0 0 0 0 0 0 0 0 0 0 0 0 0 0 0 0 0 0 0 0 0 0 1 1 2 4 3 6 5 2 6 9
74 47 21 5 3 4 3 3 4 8 13 4 3 2 1 1 1 1 2 2 8 10 38 17 5 3 4 3 2 1 4 1 1 1 1 1 1 1 0 0 2 2 3 1 1 3 1 2 4 6 8 6 7 3 2 1 0 0 0 0 0 0 0 0 0 0 0 0 0 0 0 0 0 0 0 0 0 0 0 0 0 0 0 0 0 0 0 0 1 2 3 7 4 4 6 2
27 66 44 15 4 2 1 2 3 4 22 6 3 1 1 1 1 0 1 1 4 8 21 24 5 3 2 2 2 2 2 3 1 1 1 1 1 0 0 1 1 5 2 1 1 2 2 1 4 6 2 2 3 4 3 1 1 0 0 0 0 0 0 0 0 0 0 0 0 0 0 0 0 0 0 0 0 0 0 0 0 0 0 0 0 0 0 0 1 2 3 4 3 3 5 8
7 60 11 41 20 8 1 2 2 5 11 3 2 1 1 0 0 0 1 2 5 10 9 17 9 4 3 1 1 2 1 2 1 1 0 1 0 0 0 0 2 2 2 0 1 2 0 1 4 6 2 1 2 2 6 2 1 0 0 0 0 0 0 0 0 0 0 0 0 0 0 0 0 0 0 0 0 0 0 0 0 0 0 0 0 0 0 0 1 1 2 1 2 4 5 6
14 15 8 34 13 14 4 1 1 1 4 4 1 1 0 0 0 0 1 3 1 2 17 17 18 9 5 3 1 1 1 1 1 1 0 0 0 0 0 0 1 1 1 0 0 2 1 1 6 4 2 0 0 0 3 1 1 0 0 0 0 0 0 0 0 0 0 0 0 0 0 0 0 0 0 0 0 0 0 0 0 1 0 1 1 1 0 0 1 1 1 2 5 6 7 9
15 12 10 7 8 4 14 2 0 1 1 2 1 0 0 0 0 1 1 1 4 12 20 18 23 9 4 2 1 1 1 1 1 0 0 0 0 0 0 1 1 0 0 0 1 3 1 2 7 5 4 1 0 0 0 0 1 1 0 0 0 0 0 0 0 0 0 0 0 0 0 0 0 0 0 0 0 0 1 0 1 1 1 1 1 1 0 1 1 1 1 1 2 2 3 5
13 8 11 6 6 2 3 5 0 0 1 1 2 0 0 0 0 0 1 2 6 8 15 11 12 13 3 2 1 1 1 1 0 0 0 0 0 0 0 1 0 0 0 0 0 1 1 1 3 6 2 1 1 0 0 0 0 0 0 0 0 0 0 0 0 0 0 0 0 0 0 0 0 0 0 0 0 0 0 1 1 1 1 1 1 1 1 3 2 1 1 1 1 4 5 6
9 11 13 5 2 1 1 1 1 0 1 1 1 0 0 0 0 0 2 6 3 2 8 6 5 8 4 1 1 1 1 0 0 0 0 0 0 0 1 1 0 0 0 0 0 1 0 1 5 1 2 1 0 0 0 0 0 0 0 0 0 0 0 0 0 0 0 0 0 0 0 0 0 0 0 0 0 1 1 1 2 3 3 4 4 3 3 3 2 1 1 2 1 2 4 5
3 2 3 3 1 1 1 1 1 0 0 0 1 0 0 0 0 1 1 1 2 1 4 10 2 3 2 2 1 0 0 0 0 0 0 0 0 0 1 0 0 0 0 0 0 0 1 5 9 0 0 1 0 0 0 0 0 0 0 0 0 0 0 0 0 0 0 0 0 0 0 0 0 0 0 0 0 0 0 1 1 1 1 3 5 3 6 5 4 4 2 2 4 3 3 4
1 1 1 1 1 1 1 0 1 0 0 0 0 0 0 0 0 0 1 1 1 1 1 2 1 1 1 1 0 0 0 0 0 0 0 0 0 0 0 0 0 0 0 0 0 1 1 1 4 1 0 1 1 0 0 0 0 0 0 0 0 0 0 0 0 0 0 0 0 0 0 0 0 0 0 0 0 0 0 0 0 1 1 1 5 5 10 12 6 10 9 7 6 6 5 13
