sesion_6_simulaciones/modelos_agentes/ejemplos_netlogo/scenarios/cgcm2_a2/rob_2075.asc
NCOLS 322 
NROWS 307 
XLLCORNER 451900 
YLLCORNER 4086900 
CELLSIZE 100 
NODATA_value -9999 
[rows 148 to 221 of 307, columns 0 to 95 of 322]
0 2 1 1 2 3 3 2 1 0 1 17 9 10 8 11 22 11 8 13 3 5 1 0 0 0 0 0 0 0 0 0 0 0 0 0 0 0 0 0 2 2 2 2 5 2 6 7 4 10 5 7 19 5 12 20 18 9 5 23 29 32 25 19 28 39 47 22 28 55 58 46 25 35 60 73 25 21 21 34 33 29 13 22 59 46 18 12 42 39 33 36 59 55 33 59
1 2 1 2 4 5 3 7 6 1 2 8 12 18 22 38 42 15 15 14 14 10 1 3 0 0 0 0 0 0 1 0 0 0 0 0 0 0 0 0 1 1 0 1 3 21 8 7 3 4 3 10 12 12 3 3 4 2 18 13 12 42 24 16 24 49 42 40 43 59 28 12 11 46 33 36 62 14 18 41 39 22 30 25 13 57 27 18 14 25 11 49 31 61 43 20
0 0 1 6 3 9 7 1 4 9 3 6 43 44 46 21 50 35 30 35 15 2 1 1 1 0 0 0 0 0 0 1 0 0 1 0 0 0 1 1 0 0 1 6 15 8 5 4 3 4 4 6 6 7 16 12 15 15 17 18 30 38 18 15 44 39 48 63 38 7 46 27 25 44 69 25 33 9 3 11 24 27 22 37 18 23 49 34 17 23 16 11 23 27 38 15
0 0 0 0 0 0 1 1 1 1 5 2 9 35 40 35 66 61 49 3 1 1 3 2 6 3 1 0 0 0 0 0 3 2 2 4 6 0 0 1 2 3 10 9 3 4 2 5 3 2 7 6 8 7 9 7 18 19 21 23 41 31 27 17 40 67 44 36 74 29 12 50 52 29 40 13 25 45 20 10 13 23 29 16 25 14 22 54 41 25 22 12 9 25 34 31
1 0 0 0 0 0 1 1 1 2 1 7 4 3 2 2 3 3 4 4 2 8 6 5 14 2 7 1 1 1 0 1 2 0 0 0 0 6 0 0 2 1 3 5 4 10 11 17 6 3 7 7 11 10 3 10 13 37 17 32 39 44 57 83 77 57 51 27 37 81 31 25 26 37 23 6 12 13 46 27 14 17 33 27 18 24 18 23 49 21 17 15 6 7 18 17
2 1 1 1 1 0 0 2 0 1 3 3 3 7 4 5 3 8 11 16 32 14 33 11 7 2 2 1 1 4 2 0 0 0 0 0 0 0 2 0 0 12 1 2 4 3 1 3 9 6 11 16 16 13 4 9 14 24 46 33 68 53 68 71 68 74 62 16 35 60 68 46 33 20 31 21 15 12 28 17 26 20 19 31 22 20 17 17 60 38 12 10 13 6 18 23
8 3 7 3 2 2 3 0 1 1 1 2 3 11 14 4 2 8 23 25 42 61 24 42 15 6 13 10 3 3 16 5 1 0 0 0 1 1 1 2 0 7 1 2 6 1 2 4 3 16 20 28 40 29 28 15 19 26 53 46 30 26 67 72 70 57 67 43 34 51 75 23 35 20 15 14 26 8 24 44 19 29 28 16 16 14 17 13 25 18 32 12 7 6 5 8
16 12 16 5 10 4 3 6 1 0 1 1 7 6 3 9 8 6 5 31 45 39 26 35 20 9 15 9 4 1 4 31 15 7 4 1 1 2 2 3 1 7 18 3 5 4 2 2 3 6 6 10 22 5 8 35 17 36 25 13 13 16 21 49 43 15 23 14 44 58 57 49 29 24 33 12 13 18 19 34 31 20 27 23 15 15 13 14 13 13 19 21 14 8 6 4
5 16 8 22 29 13 4 18 2 1 1 1 1 2 7 9 6 12 8 5 9 32 39 7 10 20 5 18 7 1 1 2 9 25 14 4 2 2 1 2 3 12 23 2 3 4 4 6 8 11 12 19 13 14 16 15 26 47 31 31 38 37 15 11 6 23 22 21 16 29 31 55 61 34 17 11 14 18 22 31 34 51 15 20 13 12 10 5 9 15 13 4 22 8 3 4
33 52 24 44 28 5 15 37 4 3 4 1 6 18 15 5 16 11 13 6 7 9 7 32 11 3 4 21 21 4 3 3 2 23 27 14 14 8 8 11 10 5 27 19 3 2 4 6 6 8 14 34 12 20 27 15 8 23 28 26 23 19 8 16 18 5 3 13 36 40 43 59 29 36 18 17 22 21 34 26 30 23 31 13 11 11 5 4 6 6 10 6 9 11 4 2
20 59 13 59 12 36 28 41 3 7 8 3 2 2 10 11 14 38 37 46 9 6 9 11 8 5 7 35 6 39 6 15 11 29 7 16 15 43 12 8 13 7 27 23 26 4 3 3 9 6 8 7 6 16 21 9 19 51 51 63 21 31 41 33 30 13 12 20 27 31 31 43 34 22 35 10 20 31 30 33 20 15 20 19 7 5 3 1 2 5 6 9 8 7 9 6
5 49 30 42 44 50 43 7 10 19 14 6 5 4 4 3 6 15 19 47 23 4 8 13 34 26 21 26 6 39 35 7 10 16 43 42 28 45 66 20 16 4 9 27 25 14 9 5 10 2 2 4 17 18 9 9 15 14 11 15 12 24 45 40 39 28 29 31 23 30 31 29 23 32 10 18 17 24 15 12 13 11 9 13 17 12 7 12 7 4 3 4 7 8 4 3
6 5 4 36 51 47 9 12 34 14 25 32 16 11 4 7 10 12 20 10 20 37 33 9 29 27 29 33 41 12 67 54 20 6 28 70 61 39 26 48 41 6 16 35 44 48 8 5 6 7 5 5 37 12 63 55 55 38 74 56 36 19 24 25 28 25 30 35 31 19 21 31 27 31 16 25 13 15 14 18 9 9 8 15 8 7 9 9 5 6 7 3 3 4 2 1
4 27 16 13 8 26 18 49 51 26 24 29 7 18 3 10 7 9 19 15 19 22 22 9 45 49 42 63 55 41 63 77 63 33 25 6 22 40 24 11 14 8 5 65 58 43 25 28 13 34 54 66 52 24 24 52 39 21 26 43 45 32 38 29 28 23 22 40 33 16 20 21 26 25 17 19 17 18 11 11 8 9 3 6 6 3 7 5 3 3 3 3 1 2 1 2
10 14 10 26 22 10 42 73 53 61 5 22 39 32 49 15 32 9 8 9 11 5 29 55 77 46 70 79 58 58 34 49 71 40 37 16 43 59 71 81 64 27 14 20 68 46 26 72 25 28 57 53 63 28 16 66 76 38 29 20 58 60 20 48 32 31 23 27 26 20 26 22 21 17 16 18 16 12 11 5 4 4 5 5 6 3 4 3 2 2 2 1 1 0 0 0
7 9 32 15 14 5 31 63 41 67 15 23 55 41 63 29 14 21 15 26 31 39 10 45 62 66 77 78 49 76 59 77 71 72 69 71 60 69 75 63 10 43 47 16 6 43 33 46 28 30 52 50 51 55 25 32 66 85 51 38 48 26 29 29 35 48 47 40 26 17 30 17 13 12 10 6 11 6 3 2 2 4 3 3 3 1 1 1 1 2 1 2 3 3 3 3
8 5 3 11 19 21 8 73 16 17 17 29 37 6 29 38 18 18 16 51 51 22 25 15 55 81 74 79 54 85 69 73 70 60 72 70 82 76 73 79 71 43 12 10 4 5 44 39 23 9 18 56 62 64 64 74 78 76 83 40 25 32 31 37 36 40 50 25 20 32 16 12 11 11 4 3 2 2 6 6 8 3 3 1 3 5 8 7 13 3 7 15 8 13 13 7
2 6 18 14 10 7 9 26 32 28 51 47 53 53 20 44 22 40 10 9 27 65 33 22 9 31 38 65 66 33 11 15 11 26 26 35 75 60 63 75 72 55 34 10 3 6 34 32 23 19 14 14 35 68 70 61 45 48 77 67 31 21 31 33 39 37 21 32 19 8 10 13 11 7 6 4 2 2 2 2 5 9 6 11 16 25 23 24 14 10 13 25 22 33 32 13
4 4 6 6 13 10 14 14 15 14 29 59 60 67 11 9 19 47 48 25 23 18 40 12 22 30 21 26 13 18 33 23 36 32 56 34 27 23 22 21 18 30 19 8 8 9 22 26 39 19 22 21 4 36 29 43 47 54 38 50 48 27 54 53 46 28 27 17 17 14 11 13 5 3 6 6 2 1 2 6 25 27 18 29 34 38 33 45 32 35 61 62 37 53 32 21
2 3 5 17 16 21 21 16 20 18 30 6 9 12 21 25 15 13 54 55 48 24 30 9 25 46 41 34 21 24 41 51 24 53 27 21 21 28 29 28 16 11 15 12 22 20 44 38 38 32 18 9 12 14 16 43 17 13 12 39 23 33 35 22 34 18 13 17 16 8 6 4 5 4 7 7 10 2 22 24 39 38 38 44 44 64 61 47 45 54 25 11 18 16 18 45
4 6 15 6 10 14 16 11 20 40 10 12 30 28 14 31 4 7 11 22 26 21 15 17 27 20 31 25 51 15 42 28 23 31 21 20 29 50 20 48 24 12 10 7 8 14 21 40 29 29 16 28 28 17 27 24 24 22 26 38 55 51 32 11 18 16 14 6 8 4 4 27 26 15 14 23 9 16 35 55 65 51 50 74 68 66 65 50 60 58 31 10 5 6 11 31
12 31 28 39 12 11 12 10 20 28 15 17 26 26 20 10 14 14 33 32 18 21 31 18 24 21 15 30 17 18 30 24 29 25 17 20 15 36 15 45 30 20 14 5 3 2 11 16 65 55 28 23 56 27 14 35 44 62 54 44 54 30 21 13 15 11 4 4 13 12 26 37 45 20 29 36 20 39 58 59 71 83 54 82 67 65 55 56 52 46 34 26 7 4 4 8
3 4 3 3 5 5 20 14 26 12 18 9 15 33 10 4 10 16 17 15 7 6 6 16 23 17 12 16 18 23 24 28 13 19 14 6 25 15 26 43 21 23 35 14 14 6 4 17 23 41 26 38 30 14 19 32 36 31 26 16 15 10 6 3 4 1 12 25 38 28 45 55 54 38 52 40 25 45 62 60 84 70 58 54 42 9 10 37 17 23 17 9 9 3 2 12
4 8 7 13 8 16 7 11 16 16 5 7 13 14 20 19 26 10 10 11 13 4 7 22 42 29 17 13 19 11 10 27 59 24 15 11 24 13 47 11 30 15 21 20 11 6 9 12 9 18 26 24 10 19 19 18 51 21 13 11 7 20 21 31 13 23 33 50 45 42 43 58 42 43 52 47 35 46 62 72 74 58 41 37 27 14 13 14 24 10 9 8 5 3 1 2
3 4 4 8 16 3 4 5 6 10 9 7 20 16 45 22 16 30 23 17 41 16 21 21 35 37 13 31 9 17 23 18 49 49 28 18 18 31 28 10 10 10 17 21 7 15 10 6 7 11 13 19 18 19 22 21 13 6 6 25 23 40 39 39 28 29 46 50 64 60 42 58 58 61 46 62 55 56 60 64 59 74 49 34 20 23 16 8 36 17 6 3 1 3 3 5
4 2 4 7 3 3 3 8 13 9 12 18 16 13 11 13 54 51 23 26 28 22 33 13 19 29 32 21 9 11 9 13 17 15 23 35 8 12 33 23 17 21 15 10 17 12 12 12 7 11 14 17 30 24 15 13 17 25 32 51 41 38 52 40 32 47 49 47 61 42 52 60 72 42 47 52 60 66 78 56 30 25 31 38 29 19 12 8 7 8 4 3 2 1 2 3
2 5 5 3 2 15 13 8 24 41 45 39 35 48 19 12 16 38 27 39 6 20 37 13 17 13 20 31 17 33 19 16 13 14 27 40 13 25 27 30 24 5 5 11 8 12 6 5 11 16 16 31 25 19 25 17 24 27 48 43 38 38 50 38 33 41 49 34 61 52 38 66 51 39 46 69 59 64 26 81 58 60 32 23 28 23 16 16 6 4 2 2 1 1 1 1
2 2 3 3 2 2 4 10 14 22 31 51 42 37 48 11 22 21 12 12 14 31 36 15 7 9 4 13 8 12 10 11 18 17 29 25 12 26 30 25 16 8 3 3 8 8 11 21 11 12 25 19 15 34 21 20 30 49 46 50 42 40 43 30 34 56 57 42 59 53 52 54 73 69 58 60 71 64 27 26 55 64 48 40 18 13 14 16 8 4 3 1 1 2 2 1
1 1 9 2 8 1 4 5 10 15 5 7 6 7 12 21 20 20 47 14 22 33 15 17 4 15 5 15 7 5 10 12 12 11 16 14 15 16 20 21 14 7 2 6 8 9 13 15 15 16 18 33 22 19 18 32 42 39 37 39 37 26 44 41 42 60 52 58 59 85 70 63 58 72 22 22 17 55 57 37 24 48 32 22 17 13 15 6 3 7 4 2 1 1 1 1
2 6 5 21 1 24 21 2 8 5 13 6 18 12 17 14 18 11 11 13 7 17 6 8 6 4 5 7 3 9 11 8 8 10 11 8 10 7 10 16 11 10 12 16 23 9 19 11 24 33 30 45 31 19 30 34 35 44 25 31 51 38 48 52 40 57 47 70 31 50 81 78 75 63 73 53 37 18 13 31 26 19 40 32 29 22 18 27 10 3 3 2 2 1 1 0
16 5 2 7 16 7 4 8 6 7 4 9 5 6 20 8 10 2 9 13 11 4 6 7 4 2 3 1 2 1 2 5 5 18 4 5 5 8 7 3 6 13 5 8 8 15 6 16 26 37 33 33 27 27 25 44 33 40 38 32 40 46 35 40 55 60 40 42 78 30 76 79 56 77 78 81 62 57 56 43 40 33 14 8 20 26 15 18 7 5 2 1 2 1 0 0
8 43 8 19 3 4 3 5 3 3 10 3 5 13 24 33 37 9 7 17 6 4 1 3 5 1 2 2 2 1 1 4 5 7 2 4 3 3 12 8 5 13 6 28 13 14 15 12 27 32 21 20 22 23 22 27 45 38 32 54 46 57 37 34 50 17 36 39 34 49 37 72 45 61 79 81 79 87 71 56 60 72 71 51 16 14 15 14 8 4 2 1 1 1 0 0
2 7 4 5 9 8 3 2 3 3 7 3 15 5 4 6 5 8 7 8 13 3 6 4 3 1 1 1 1 1 2 3 2 2 3 2 3 6 9 8 5 4 11 25 5 19 14 15 18 33 13 15 17 19 19 23 33 41 27 39 52 26 30 66 71 61 40 32 17 6 18 21 37 37 68 76 70 75 78 61 79 66 60 28 21 23 20 13 16 6 2 2 1 1 0 0
2 3 8 6 5 5 3 2 1 4 0 1 3 4 21 11 21 5 5 5 7 2 2 3 2 2 2 1 1 1 2 1 1 3 1 1 2 6 4 4 2 5 5 10 10 9 11 12 16 12 8 14 10 11 20 13 30 39 41 42 41 58 19 8 7 12 17 35 33 26 14 13 7 23 38 64 54 76 86 52 69 85 58 42 33 17 16 15 11 5 3 3 2 1 0 0
1 8 4 2 2 3 2 1 1 1 1 1 1 4 6 5 6 5 5 6 3 5 1 4 2 2 3 0 0 1 0 1 2 1 2 3 4 7 1 1 3 5 5 8 7 4 5 6 7 5 11 19 14 20 22 18 32 24 27 18 23 59 15 17 34 49 58 46 46 38 33 46 19 7 16 53 48 74 84 73 59 57 54 40 26 24 23 16 11 8 5 5 3 1 1 0
1 2 2 2 2 2 1 1 0 0 0 1 2 1 2 3 3 4 1 0 0 1 1 0 0 2 1 0 1 1 0 0 1 1 0 1 2 2 2 2 3 3 6 6 3 3 5 4 8 8 21 49 30 53 50 67 47 35 40 21 15 5 63 34 12 51 66 44 48 52 57 43 24 23 12 13 18 41 75 50 40 21 16 32 11 20 9 10 10 10 8 4 4 1 1 0
2 0 1 1 0 1 0 0 0 0 0 0 0 0 1 1 1 1 1 0 0 0 0 0 0 0 0 0 1 0 0 0 0 0 1 0 1 1 1 2 3 11 26 45 19 21 11 10 10 6 55 16 61 55 35 46 28 27 41 56 15 13 15 76 24 27 39 65 43 38 63 70 76 49 38 18 9 5 7 7 10 10 9 20 22 8 7 4 3 8 4 4 2 2 1 0
0 0 0 0 0 0 0 0 0 0 1 0 0 0 0 1 1 0 1 0 0 0 0 0 0 0 0 0 0 0 0 0 0 1 5 6 6 13 20 23 26 37 15 46 28 33 42 4 16 36 14 15 49 38 49 54 31 58 63 41 36 23 10 51 67 22 8 35 64 74 61 60 38 38 48 44 21 9 12 4 12 11 10 6 18 16 4 5 3 3 3 1 1 1 1 0
0 0 0 0 0 0 0 3 6 0 1 1 3 0 0 0 0 0 0 0 0 0 0 0 0 0 1 1 1 0 0 0 0 0 0 4 8 23 13 16 18 45 20 22 45 41 41 11 9 12 65 38 15 38 13 27 24 58 72 53 53 35 22 30 82 32 32 17 46 61 82 27 14 28 34 55 44 34 29 19 10 8 4 5 7 14 7 3 2 1 2 2 1 0 0 0
0 0 0 0 0 2 3 1 2 2 2 1 1 1 0 0 0 0 0 0 0 0 1 0 2 2 0 0 1 0 0 1 1 0 1 1 2 18 24 25 18 19 13 14 40 52 67 65 13 18 36 45 25 18 42 11 43 47 74 66 18 29 21 11 81 54 23 23 28 79 81 87 52 42 33 26 19 17 12 14 23 20 9 3 4 4 9 6 3 3 1 2 1 1 0 0
1 1 0 5 2 3 5 10 7 6 2 2 2 1 0 0 0 0 0 0 0 0 0 0 0 0 1 1 0 0 0 0 0 1 0 1 4 15 27 46 25 13 9 14 24 62 74 76 76 71 19 28 28 29 23 10 31 56 63 66 22 33 36 28 59 87 58 38 24 15 21 54 26 30 22 48 37 16 12 9 8 9 13 10 4 1 3 5 4 2 1 2 1 0 1 0
2 2 3 4 8 7 10 4 12 10 5 9 5 1 7 3 2 1 0 0 0 0 0 0 0 0 0 2 0 0 0 0 1 1 2 2 2 3 2 1 33 30 9 20 13 18 43 52 73 81 68 37 41 53 32 51 35 62 75 57 62 21 40 38 32 82 90 70 52 25 16 18 55 37 27 26 36 39 19 15 6 7 8 11 8 2 1 5 3 3 1 1 1 1 0 0
0 0 1 6 12 8 29 46 39 39 21 13 6 9 16 9 3 1 2 0 0 0 0 0 0 1 2 1 0 0 0 1 3 1 2 4 4 4 4 4 5 12 12 12 8 20 55 28 66 74 86 47 42 42 59 56 11 57 70 67 63 49 39 33 22 75 83 83 59 58 15 7 42 63 33 10 14 11 20 7 9 7 6 5 8 4 1 1 3 2 2 1 0 0 0 0
1 1 1 17 19 34 52 50 47 69 67 24 30 25 23 15 5 10 4 2 1 0 0 1 2 9 7 1 0 1 1 1 1 2 1 3 4 6 9 6 5 6 6 5 20 23 41 33 10 61 76 82 43 33 45 22 18 17 46 56 85 78 23 29 53 64 65 82 37 56 44 10 14 45 34 25 15 16 22 17 9 8 3 3 3 4 2 1 1 2 1 1 1 1 0 0
0 0 0 1 1 1 7 14 18 7 31 58 71 47 36 12 9 19 5 4 6 0 1 0 0 1 7 12 1 0 1 2 1 3 3 3 5 6 12 7 13 21 18 14 12 7 56 59 41 29 52 74 63 34 15 14 35 13 22 56 50 47 37 33 38 54 36 81 37 48 35 40 7 23 27 38 27 22 24 17 15 8 2 2 1 3 3 1 0 1 1 0 1 0 0 0
0 0 0 2 4 5 36 10 13 10 13 17 57 72 68 37 26 23 5 12 2 4 1 4 2 1 1 1 2 1 0 1 3 8 2 3 2 5 12 11 10 14 11 13 23 24 24 9 39 64 34 46 14 18 10 27 23 33 27 32 58 62 50 43 20 26 26 71 74 32 16 31 28 9 17 15 28 14 12 7 9 7 5 4 1 2 1 1 1 1 0 0 0 0 0 0
0 0 0 0 1 1 6 8 6 14 8 2 8 33 60 70 62 8 1 1 2 6 3 6 3 3 2 1 1 2 1 16 9 3 18 6 7 9 12 8 13 25 37 26 34 22 31 17 21 21 71 44 37 27 20 16 30 36 29 32 56 74 55 38 37 31 43 62 76 58 27 15 38 26 16 5 6 17 14 11 5 4 4 4 2 0 1 1 1 1 0 1 0 0 0 0
0 0 0 1 2 3 2 3 4 7 13 8 25 8 8 12 16 6 2 4 11 1 2 5 24 21 2 2 1 18 6 5 23 16 29 8 40 12 9 10 13 16 16 29 22 29 30 22 25 31 31 42 27 28 35 28 24 36 20 11 22 35 53 51 52 42 34 43 54 60 36 38 42 22 24 11 5 13 11 5 8 2 3 2 1 1 1 1 1 1 0 0 0 0 0 0
4 0 4 1 1 2 2 4 6 14 8 12 4 13 23 10 14 9 2 7 1 4 5 3 2 5 7 13 13 2 7 17 13 6 8 9 4 31 8 14 16 24 11 17 14 15 16 26 33 41 26 15 52 49 38 47 33 29 29 30 18 32 57 37 35 36 24 30 40 59 22 26 21 14 14 10 5 4 7 9 5 4 2 1 0 1 1 1 0 0 0 0 0 0 0 0
7 6 0 0 2 1 7 20 2 3 8 9 7 21 7 14 4 2 1 1 2 3 4 5 5 3 5 6 3 6 3 26 9 22 14 29 4 12 23 7 12 24 19 31 32 12 20 25 22 41 22 38 10 26 28 61 28 36 29 46 33 30 16 16 13 6 4 11 19 20 13 5 18 13 10 19 13 7 9 4 2 3 3 1 1 0 1 0 0 0 0 0 0 0 0 0
6 5 23 2 1 9 1 1 13 11 2 10 4 19 7 10 8 3 2 6 8 13 5 2 6 9 7 10 31 29 17 4 4 7 17 10 9 3 43 19 20 16 8 12 32 26 19 14 28 41 37 13 58 40 30 62 45 20 34 18 17 28 16 14 6 4 3 2 11 23 19 8 7 13 12 15 12 7 15 7 2 2 1 1 1 0 0 0 0 0 0 0 0 0 0 0
2 7 14 6 1 1 6 2 1 2 5 4 2 4 12 5 2 1 2 3 7 8 19 12 10 12 12 13 46 55 21 12 6 15 22 16 27 11 3 45 14 24 23 23 13 13 19 30 28 38 24 11 22 13 9 37 26 23 22 11 13 24 16 16 14 6 4 3 3 8 13 8 14 13 15 18 21 12 4 4 3 1 1 1 1 0 0 0 0 0 0 0 0 0 0 0
13 5 23 8 14 3 1 23 3 7 21 4 13 10 4 17 3 2 2 2 2 8 11 10 12 19 19 21 34 70 63 38 12 10 53 30 30 19 8 21 53 16 15 48 28 30 24 33 38 26 22 8 7 11 11 12 25 19 13 8 8 9 12 20 7 8 4 3 2 1 2 5 6 2 4 5 7 11 4 3 2 1 1 1 1 0 0 0 0 0 0 0 0 0 0 0
15 10 6 15 5 7 11 3 33 15 28 49 20 25 13 5 4 4 5 18 4 15 29 18 13 18 24 19 11 16 58 43 25 17 18 43 24 16 12 8 13 36 14 11 14 17 21 33 56 38 52 24 15 12 11 9 13 10 9 25 10 5 6 5 3 4 3 1 1 1 1 1 1 1 1 4 4 2 4 2 1 1 1 0 1 0 0 0 0 0 0 0 0 0 0 0
5 26 15 21 15 19 37 25 12 10 5 3 6 4 7 21 10 5 13 2 27 8 38 41 15 21 27 18 10 5 9 36 52 25 9 26 33 14 31 21 17 9 31 32 18 18 35 27 46 31 59 28 13 13 10 8 9 8 4 10 11 7 2 2 1 1 3 2 1 0 1 1 0 0 1 1 1 1 2 1 1 0 1 0 0 0 0 0 0 0 0 0 0 0 0 0
5 5 1 9 11 1 2 2 11 7 19 16 17 21 10 13 21 16 15 10 8 7 38 67 31 29 30 34 17 5 5 6 47 26 30 22 42 12 34 38 25 12 9 33 23 32 26 27 39 22 8 11 20 17 16 13 5 4 1 1 4 2 2 1 1 1 1 1 1 0 0 0 0 0 0 0 0 1 1 1 1 0 0 0 0 0 0 0 0 0 0 0 0 0 0 0
3 4 3 1 2 4 3 3 3 9 5 8 6 4 8 21 6 5 10 22 11 55 28 53 54 33 46 35 39 15 6 9 7 25 28 33 42 15 36 23 25 27 21 17 33 22 26 43 40 36 28 14 18 10 9 9 5 2 1 1 1 1 1 0 0 0 0 0 0 0 0 0 0 0 0 0 0 0 0 0 0 0 0 0 0 0 0 0 0 0 0 0 0 0 0 0
5 4 3 2 4 8 4 2 5 5 2 4 5 2 7 10 6 8 5 7 44 28 20 20 70 33 11 10 11 7 9 4 11 5 10 16 83 61 25 35 25 12 21 24 15 29 20 25 52 50 45 23 15 9 9 7 2 1 1 2 5 4 3 3 2 1 1 1 0 0 0 0 0 0 0 0 0 0 0 0 0 0 0 0 0 0 0 0 0 0 0 0 0 0 0 0
2 1 1 1 0 1 1 2 1 1 4 3 5 1 3 8 4 7 14 50 26 19 40 43 66 51 18 12 14 17 15 17 6 9 11 7 5 7 25 22 15 29 12 23 20 33 37 26 52 36 42 39 27 14 8 3 2 2 3 5 10 15 16 11 2 3 2 1 1 1 0 0 0 0 0 0 0 0 0 0 0 0 0 0 0 0 0 0 0 0 0 0 0 0 0 0
1 0 1 0 1 1 1 1 0 0 1 1 3 3 2 2 3 8 14 10 14 18 8 4 10 9 7 10 27 31 16 38 28 12 10 7 8 8 6 19 15 33 24 12 33 24 42 31 30 19 26 23 16 14 5 6 4 5 12 15 21 17 13 12 7 3 5 4 4 3 2 1 0 0 0 1 0 0 0 0 0 0 0 0 0 0 0 0 0 0 0 0 0 0 0 0
1 0 1 0 0 0 1 2 7 7 7 0 1 2 2 1 2 9 28 17 28 8 15 10 7 10 31 19 21 26 40 28 18 20 25 5 3 4 8 12 10 18 28 29 31 29 22 17 38 22 17 16 10 6 8 13 7 17 23 17 28 22 23 16 12 10 8 12 12 7 5 2 0 0 1 1 0 0 0 0 0 0 0 0 0 0 0 0 0 0 0 0 0 0 0 0
0 0 0 0 1 2 0 5 17 23 11 10 3 1 2 4 4 13 17 9 5 8 19 15 12 13 23 11 6 17 17 11 5 11 23 14 6 5 10 6 5 9 9 12 19 20 23 17 26 22 11 5 10 14 23 20 22 28 32 30 20 30 32 23 36 16 19 17 17 14 3 1 1 1 2 1 1 0 0 1 0 0 0 0 0 0 0 0 0 0 0 0 0 0 0 0
0 0 1 1 2 1 4 3 1 5 15 16 11 18 20 18 40 14 12 24 5 4 19 9 14 20 12 10 6 13 17 18 18 14 24 12 8 21 21 7 4 22 12 18 14 9 24 13 13 10 9 13 22 33 32 37 28 25 25 31 23 37 39 46 44 34 22 19 19 14 8 5 10 5 2 2 1 0 1 0 0 0 0 0 0 0 0 0 0 0 0 0 0 0 0 0
1 0 0 0 5 4 8 36 30 15 17 38 27 21 40 26 63 60 54 34 11 29 3 4 4 4 20 23 24 35 11 49 52 22 8 11 4 15 14 9 27 13 13 12 18 12 15 15 13 14 24 23 42 56 53 39 52 32 38 36 29 48 48 48 40 37 28 23 24 21 15 4 2 1 0 1 2 1 0 1 0 0 0 0 0 0 0 0 0 0 0 0 0 0 0 0
1 1 5 1 0 7 21 33 44 11 11 49 14 14 38 21 21 10 20 40 9 17 9 8 5 11 16 25 28 46 20 14 14 39 19 17 6 26 12 12 17 27 23 23 26 40 40 35 13 40 48 43 46 60 66 65 35 24 63 45 37 46 47 35 49 51 14 42 40 23 17 9 5 2 1 3 5 2 0 1 0 0 0 0 0 0 0 0 0 0 0 0 0 0 0 0
6 1 2 10 3 2 2 5 8 36 6 39 17 22 31 12 5 9 19 11 8 4 12 6 11 21 22 11 8 29 20 14 8 7 10 8 20 25 12 10 37 41 23 53 47 28 31 19 18 43 61 52 52 80 51 46 44 26 71 42 37 43 57 62 49 40 36 45 22 13 13 8 7 9 4 4 4 2 1 1 1 1 0 0 0 0 0 0 0 0 0 0 0 0 0 0
18 20 2 15 12 25 27 13 4 6 24 64 45 8 50 12 16 10 22 12 6 5 24 10 19 16 19 18 15 13 9 12 14 20 25 16 31 6 11 21 36 37 52 56 39 22 14 24 43 34 50 66 77 46 33 46 46 32 73 44 69 36 60 39 38 69 49 29 44 20 12 14 27 23 5 1 2 4 1 1 1 0 0 0 0 0 0 0 0 0 0 0 0 0 0 1
12 22 26 18 21 61 34 65 43 4 18 51 4 12 43 28 16 7 37 4 5 5 12 7 30 21 11 9 11 4 2 12 25 15 35 10 40 8 28 23 51 52 64 35 33 25 25 43 48 43 40 64 64 40 50 62 55 41 75 73 49 60 52 62 76 59 53 43 31 15 16 50 25 4 6 6 3 3 2 1 1 1 0 0 0 0 0 0 0 0 0 0 0 0 1 2
25 39 43 56 57 59 66 74 54 22 18 17 24 6 40 22 15 10 6 4 4 7 19 8 14 12 11 26 20 20 22 25 15 8 12 21 53 23 26 34 60 62 49 34 19 35 35 63 66 43 39 57 45 32 45 69 36 64 63 63 70 35 51 80 80 57 50 33 38 43 31 28 16 12 9 3 2 2 1 1 1 0 0 0 0 0 0 0 0 0 0 0 0 0 1 8
2 46 64 41 69 16 45 64 65 63 53 57 34 5 43 61 31 9 12 8 4 11 16 10 7 12 22 5 9 10 4 9 7 23 51 28 44 18 18 33 59 42 29 14 29 50 40 48 69 47 51 55 24 45 66 58 27 59 42 76 61 67 76 71 60 44 55 34 19 8 8 6 3 2 1 1 0 0 1 0 0 0 0 0 0 0 0 0 0 0 0 0 1 1 2 5
7 10 27 8 4 5 9 8 14 5 9 20 52 10 6 39 59 37 25 17 8 8 5 7 21 5 12 12 34 31 6 15 18 23 62 56 64 27 19 41 38 20 15 33 52 47 39 44 65 39 54 65 54 60 76 53 59 31 56 64 43 69 62 27 14 18 13 23 37 33 28 23 26 8 2 1 1 0 1 1 1 0 0 0 0 0 0 0 0 0 0 0 1 3 6 7
6 8 3 5 11 29 38 11 17 3 7 7 4 2 8 4 8 10 5 4 3 17 8 11 4 20 16 24 12 21 20 45 29 32 55 60 42 35 31 46 22 23 28 46 52 44 53 29 50 58 55 80 85 66 69 82 84 67 83 82 82 88 70 78 59 53 50 43 28 9 13 11 6 6 6 4 2 1 1 0 0 0 0 0 0 0 0 1 0 0 0 0 0 1 4 13
10 16 12 13 24 33 45 33 11 8 16 9 11 8 7 11 8 3 3 4 6 22 7 8 19 20 8 47 37 26 40 52 36 40 59 24 14 25 13 43 33 26 30 40 49 51 57 40 50 66 61 75 74 75 29 46 80 88 87 72 31 25 50 47 78 55 44 55 23 11 8 8 12 4 1 1 1 1 0 0 0 0 0 0 0 0 1 1 2 1 1 1 0 1 5 6
7 2 9 13 22 21 37 22 4 10 9 13 29 21 8 10 4 6 5 6 1 4 32 20 11 3 10 24 28 21 21 33 47 23 44 12 22 18 5 42 28 31 41 47 40 57 68 53 75 83 56 38 40 33 23 26 65 74 67 43 59 47 43 54 44 39 38 21 32 21 21 8 7 5 3 3 1 1 0 0 0 0 0 0 0 1 1 4 5 3 2 1 1 4 9 9
