sesion_6_simulaciones/modelos_agentes/ejemplos_netlogo/scenarios/cgcm2_a2/rob_2030.asc
NCOLS 322 
NROWS 307 
XLLCORNER 451900 
YLLCORNER 4086900 
CELLSIZE 100 
NODATA_value -9999 
[rows 225 to 299 of 307, columns 96 to 191 of 322]
0 0 0 0 0 0 0 0 0 0 0 0 0 0 0 0 0 0 0 0 0 0 0 0 0 0 0 0 0 1 1 0 0 0 0 0 0 0 0 0 0 0 0 0 0 0 0 1 1 2 3 5 12 13 9 9 14 18 21 20 46 64 41 48 59 87 77 58 64 61 73 61 40 32 47 60 50 49 60 64 50 31 14 27 57 56 29 24 15 10 28 29 16 12 5 3
0 0 0 0 0 0 0 0 0 0 0 0 0 0 0 0 0 0 0 0 0 0 0 0 0 0 0 0 1 1 0 0 0 0 0 0 0 0 0 0 0 0 0 0 0 0 0 1 1 2 4 7 7 9 12 14 26 25 22 28 17 30 55 48 56 87 67 73 39 74 60 63 45 32 55 67 62 43 58 81 46 43 57 38 33 15 17 25 17 16 7 9 10 6 2 2
0 0 0 0 0 0 0 0 0 0 0 0 0 0 0 0 0 0 0 0 0 0 0 0 0 0 1 1 1 1 0 0 0 0 0 0 0 0 0 0 0 0 0 0 0 0 0 1 1 1 2 3 3 5 7 14 33 33 30 18 23 39 41 53 75 59 53 66 80 66 57 64 63 20 25 48 52 65 75 38 73 60 77 51 66 33 39 25 12 7 6 9 5 3 2 1
0 0 0 0 0 0 0 0 0 0 0 0 0 0 0 0 0 0 0 0 0 0 0 1 0 0 1 2 1 0 0 0 0 0 0 0 0 0 0 0 0 0 0 0 0 0 0 1 1 1 3 3 5 6 7 15 25 49 27 28 21 44 60 74 57 50 55 54 39 57 70 45 32 18 26 43 65 60 81 60 31 25 39 55 34 38 27 20 9 9 5 3 2 3 2 2
0 0 0 0 0 0 0 0 0 0 0 0 0 0 0 0 0 0 0 0 0 0 0 1 0 0 1 4 1 0 1 1 0 0 0 0 0 0 0 0 0 0 0 0 0 0 0 0 1 1 2 2 4 3 11 17 13 13 12 27 18 18 26 41 28 17 33 47 37 53 28 48 44 28 46 29 30 67 42 51 41 28 23 26 14 15 20 21 8 7 3 1 1 1 1 1
0 0 0 0 0 0 0 0 0 0 0 0 0 0 0 0 0 0 0 0 0 0 0 0 1 0 0 2 3 3 1 0 0 0 0 0 0 0 0 0 0 0 0 0 0 0 0 0 0 1 1 1 2 4 8 5 6 8 10 11 16 16 20 27 34 50 56 66 53 55 67 69 48 24 41 59 31 60 52 57 56 48 34 50 26 8 9 6 4 5 2 1 1 1 1 1
0 0 0 0 0 0 0 0 0 0 0 0 0 0 0 0 0 0 0 0 0 1 0 0 0 1 0 1 4 3 1 0 0 0 0 0 0 0 0 0 0 0 0 0 0 0 0 0 1 1 1 1 2 2 2 2 2 3 3 4 5 6 7 26 39 43 28 50 53 52 52 51 45 28 32 55 52 45 48 69 57 52 48 43 25 17 8 5 3 4 3 1 1 0 1 0
0 0 0 0 0 0 0 0 0 0 0 0 0 0 0 0 0 0 0 0 0 0 0 1 2 1 1 1 2 3 1 1 0 0 0 0 0 0 0 0 0 0 0 1 0 0 0 1 1 2 3 3 2 1 2 2 2 3 8 11 8 16 15 13 12 16 25 30 32 49 66 73 72 32 47 41 71 53 59 45 42 50 45 34 28 35 21 8 4 2 1 1 1 0 0 0
0 0 0 0 0 0 0 0 0 0 0 0 0 0 0 0 0 0 0 0 0 1 0 1 1 2 2 2 4 3 2 1 0 0 0 0 0 0 0 0 0 0 0 0 1 1 1 0 1 2 4 8 5 2 4 5 12 13 18 34 30 30 27 21 30 51 35 33 30 44 65 66 69 66 52 65 77 44 61 40 60 59 43 50 31 19 19 14 14 3 1 1 1 0 0 0
0 0 0 0 0 0 0 0 0 0 0 0 0 0 0 0 0 0 0 0 1 1 0 0 1 1 4 3 2 1 1 1 0 0 0 0 0 0 0 0 0 0 0 0 1 1 1 3 1 2 3 4 5 8 8 13 17 21 41 39 29 32 44 36 27 22 38 48 29 41 25 26 29 27 62 26 40 75 50 37 16 29 65 55 29 22 27 10 8 2 3 1 0 0 0 0
0 0 0 0 0 0 0 0 0 0 0 0 0 0 0 0 0 0 0 0 1 1 1 0 0 1 2 6 1 1 0 0 0 0 0 0 0 0 0 0 0 0 0 0 1 1 1 2 3 3 4 5 8 20 10 15 22 27 30 44 46 61 58 57 45 29 42 45 62 46 51 44 51 46 82 41 26 29 32 30 17 7 55 59 37 32 33 28 9 5 3 2 1 1 0 0
0 0 0 0 0 0 0 0 0 0 0 0 0 0 0 0 0 0 0 0 0 1 2 1 0 1 2 7 2 1 0 0 0 0 0 0 0 0 0 0 0 0 0 1 1 2 4 3 4 9 7 12 14 16 18 17 22 28 55 50 57 57 52 67 68 47 36 43 47 42 75 55 46 52 54 62 50 60 57 42 37 22 13 41 33 32 37 20 6 3 1 1 1 0 0 0
1 0 0 0 0 0 0 0 0 0 0 0 0 0 0 0 0 0 0 0 1 1 1 2 0 1 2 4 2 1 1 0 0 0 0 0 0 0 0 0 0 1 1 1 2 3 7 7 5 4 16 29 43 25 23 10 23 26 53 45 72 62 55 52 52 50 32 47 38 73 39 43 49 55 44 30 37 40 41 34 27 21 19 15 24 14 6 12 7 2 1 1 0 0 0 0
0 0 0 0 0 0 0 0 0 0 0 0 0 0 0 0 0 0 0 0 0 1 1 3 1 1 3 6 3 2 1 0 0 0 0 0 0 0 0 0 1 1 1 2 3 5 8 9 12 9 11 21 31 31 26 13 23 33 25 51 71 68 29 74 34 53 52 45 39 62 46 29 40 67 66 49 54 57 56 51 59 27 22 15 11 5 7 5 2 2 1 0 0 0 0 0
0 0 0 0 0 0 0 0 0 0 0 0 0 0 1 0 0 0 0 1 1 0 2 5 3 2 5 5 2 3 1 0 0 0 0 0 0 0 0 0 1 1 1 2 3 7 9 13 15 21 16 26 44 46 35 16 27 39 49 46 59 64 27 56 60 57 67 38 52 48 34 51 63 58 45 35 34 42 46 22 38 42 38 14 13 5 4 3 2 1 1 1 1 0 0 0
0 0 0 0 0 0 0 0 0 0 0 0 0 0 1 0 0 0 0 2 2 0 2 5 5 2 1 15 8 2 1 1 0 0 0 0 0 0 0 1 1 2 1 3 5 5 12 17 22 33 20 38 49 37 47 15 28 37 43 59 53 54 57 56 65 67 61 60 52 38 52 59 62 56 47 38 34 46 40 30 28 24 43 35 15 14 8 3 1 1 0 0 0 0 0 0
0 0 0 0 0 0 0 0 0 0 0 0 0 0 1 1 0 0 1 1 2 1 2 5 10 2 3 18 5 3 2 1 0 0 0 0 0 0 1 0 1 2 2 4 4 6 21 23 29 35 38 34 32 45 74 37 19 42 61 48 38 35 35 61 64 63 61 72 58 38 46 50 65 60 63 54 55 73 59 48 36 29 26 20 18 17 7 3 2 1 1 0 0 0 0 0
0 0 0 0 0 0 0 0 0 0 0 0 0 1 1 1 0 0 1 1 1 2 3 8 16 18 13 18 8 5 2 1 0 0 0 0 0 0 1 1 1 2 4 4 3 6 17 30 37 35 40 50 50 52 80 57 46 16 37 72 56 54 40 40 36 68 72 73 47 46 38 70 62 48 47 44 51 74 56 39 48 20 14 10 10 8 8 5 2 1 1 0 0 0 0 0
0 0 0 0 0 0 0 0 0 0 1 1 1 1 1 3 1 0 1 1 2 3 5 10 21 36 14 18 4 2 2 1 0 0 0 0 0 1 1 1 2 2 4 4 6 14 20 22 39 47 48 52 64 79 82 78 37 21 48 64 71 54 45 49 52 47 39 45 45 44 68 62 36 61 36 40 31 52 42 37 28 29 38 14 7 4 2 1 1 1 1 0 0 0 0 0
0 0 0 0 0 0 0 0 0 1 1 1 2 1 2 3 1 1 1 4 5 5 4 11 22 21 8 4 2 2 1 0 0 0 0 0 0 1 1 1 2 4 2 12 8 12 22 20 29 58 57 39 66 74 75 80 64 34 27 28 45 66 60 53 48 35 17 11 28 42 77 56 49 54 89 77 61 54 48 47 50 42 23 23 13 10 4 3 2 1 1 0 0 0 0 0
0 0 0 0 0 0 0 0 0 1 1 1 3 1 2 4 1 3 1 3 10 10 19 11 31 13 5 3 1 1 1 0 0 0 0 0 0 1 1 2 3 3 3 5 21 12 16 27 46 65 63 55 53 48 62 82 77 40 32 35 49 45 50 47 34 46 33 23 55 61 36 55 69 73 65 82 60 72 55 62 57 33 18 6 7 4 4 3 1 1 1 0 0 0 0 0
0 0 0 0 0 0 0 0 0 0 1 2 4 2 4 6 2 4 6 3 6 13 10 43 20 15 3 2 2 0 0 0 0 0 0 0 0 0 1 0 1 3 6 17 12 16 31 39 37 53 70 75 48 49 41 49 76 64 48 26 35 27 24 18 17 9 26 54 45 54 40 24 34 61 30 61 81 77 66 59 56 29 13 9 5 2 1 1 1 1 0 0 0 0 0 0
0 0 0 0 0 0 0 1 1 1 1 2 3 6 3 10 3 4 12 9 12 23 12 30 29 7 2 1 0 0 0 0 0 0 0 0 1 0 0 1 1 2 5 12 31 21 18 29 39 59 62 67 67 64 49 42 48 68 55 31 35 31 37 33 41 22 19 46 48 52 49 48 49 36 32 28 52 58 64 35 17 14 10 7 3 2 1 1 0 0 0 0 0 0 0 0
0 0 0 0 1 0 0 1 0 1 2 2 3 6 8 19 6 5 14 19 17 33 62 26 11 8 4 1 1 0 1 1 1 0 0 1 0 1 1 1 2 4 5 11 17 40 29 30 44 55 67 60 69 70 59 42 31 56 53 42 24 28 32 38 43 36 26 54 44 39 48 47 75 58 50 34 25 13 33 33 20 8 5 3 3 2 0 0 0 0 0 0 0 0 0 0
0 0 0 1 1 1 0 1 1 1 4 3 4 5 24 22 9 11 13 22 24 42 58 12 16 9 3 2 2 2 2 2 1 1 0 1 0 1 2 1 3 7 12 17 16 32 26 58 49 65 60 83 62 45 46 40 57 25 22 73 34 24 56 49 35 29 43 66 43 34 37 58 81 63 48 37 32 27 16 20 17 10 4 3 2 1 0 0 0 0 0 0 0 0 0 0
0 0 0 1 1 1 0 1 1 2 5 4 11 11 14 24 32 20 28 19 37 37 71 49 17 6 5 5 4 4 5 3 1 0 0 0 1 2 1 3 4 6 17 28 43 34 56 24 13 28 63 36 56 52 62 44 20 14 17 28 43 15 39 35 20 33 65 34 37 35 23 27 18 34 43 33 31 28 18 12 9 5 5 4 3 2 1 1 0 0 0 0 0 0 0 0
0 0 0 1 1 1 0 2 3 3 3 5 5 18 23 11 11 46 33 34 31 57 62 29 16 12 10 10 10 16 5 2 1 1 1 0 1 1 4 4 6 9 13 36 28 53 48 45 36 52 58 17 64 74 66 35 47 36 34 18 60 12 28 26 17 23 32 58 50 23 43 66 55 59 52 41 31 30 24 20 12 10 7 5 3 3 3 1 0 0 0 0 0 0 1 0
0 0 0 1 1 2 1 1 2 4 6 9 5 6 15 36 14 11 55 57 33 55 66 35 32 12 27 38 15 5 2 2 1 1 0 0 0 0 2 3 5 18 26 21 17 31 38 60 64 64 51 47 64 77 78 77 61 30 28 26 52 23 25 30 16 21 45 26 18 19 40 47 48 50 56 54 33 27 15 15 6 4 4 9 6 4 1 1 0 0 0 0 0 1 1 0
0 1 1 1 2 1 2 2 2 2 4 13 4 4 14 28 39 33 9 26 41 63 48 33 24 43 19 8 7 3 3 3 2 1 1 0 1 1 2 3 3 9 14 12 21 31 41 42 64 63 64 58 77 77 69 65 38 56 19 27 30 43 12 23 32 25 12 40 47 48 35 51 62 55 49 51 26 19 12 16 20 11 17 9 6 2 2 1 0 0 0 1 1 1 1 0
0 1 1 1 2 3 3 6 5 4 3 7 23 7 20 20 32 51 38 16 29 65 25 43 64 19 14 12 9 8 5 2 1 1 1 1 1 2 3 3 5 11 12 9 22 38 22 22 47 52 32 28 43 43 52 29 48 36 58 15 29 37 26 19 55 65 36 64 68 43 62 61 69 69 67 61 41 24 24 21 23 16 18 7 5 4 1 0 0 1 1 1 1 2 0 0
0 1 1 1 1 6 8 6 5 6 12 9 15 34 18 24 36 16 60 33 34 33 73 53 34 31 25 20 16 11 3 1 1 1 2 1 1 2 5 8 9 14 23 24 26 20 32 41 32 32 35 32 32 37 35 43 39 38 40 52 13 8 25 52 53 32 44 51 65 51 67 54 56 67 68 48 32 38 27 27 26 21 12 9 5 2 0 0 1 1 1 2 2 2 1 0
1 2 1 1 1 4 5 12 15 8 14 20 21 28 44 25 44 26 20 52 27 33 67 65 51 34 25 22 17 5 4 3 2 1 1 0 1 1 4 10 15 19 13 27 24 36 32 36 43 49 42 33 35 38 45 43 29 28 31 42 25 15 28 16 20 45 45 52 34 43 58 54 60 47 51 69 36 28 14 11 11 10 15 9 4 1 1 1 1 1 2 1 5 1 1 1
1 1 2 1 2 3 6 7 9 17 26 24 24 31 54 57 27 23 32 29 60 67 72 57 54 52 38 28 20 9 5 3 2 1 3 1 1 2 4 10 15 29 27 36 39 43 41 59 42 45 46 39 27 36 33 51 48 25 9 13 18 19 22 19 22 10 7 6 13 53 36 42 56 51 47 34 22 9 7 18 26 20 6 9 8 4 1 2 1 2 2 2 6 2 1 1
1 2 4 4 5 3 4 11 14 17 35 37 42 33 50 56 43 45 36 39 37 67 66 61 37 45 34 27 14 16 10 5 4 3 3 0 2 4 6 7 5 25 39 43 41 51 57 48 46 62 67 62 28 37 46 42 26 29 15 6 9 15 30 17 18 22 33 38 30 32 31 32 33 28 41 15 16 17 11 38 29 10 13 10 7 8 3 4 3 2 2 1 4 2 2 1
1 3 8 4 6 7 7 13 19 23 28 43 42 41 64 44 53 63 51 41 42 60 52 46 40 40 36 29 22 10 8 7 8 5 1 0 2 7 11 16 13 26 45 37 43 52 44 36 51 75 68 63 61 42 47 37 31 31 17 18 19 14 23 19 36 44 63 57 38 44 39 43 34 20 17 23 36 40 22 36 28 25 15 10 6 6 8 5 2 3 2 1 3 4 1 1
2 2 7 11 8 9 8 18 25 29 28 32 51 58 62 61 51 70 53 37 47 81 56 68 43 44 46 40 26 14 17 13 8 3 2 1 1 5 16 29 28 38 34 55 46 51 47 38 49 43 38 38 52 53 28 22 23 23 18 26 28 15 20 30 45 53 51 42 49 27 39 25 15 19 21 52 39 45 50 12 24 19 23 20 10 7 15 7 3 4 2 2 4 3 1 2
2 2 6 17 17 11 17 24 24 31 38 31 48 60 63 54 52 43 55 39 48 64 64 71 53 44 34 29 28 18 24 10 6 4 3 2 2 6 15 22 48 56 57 44 60 38 39 53 43 35 34 40 42 39 68 41 18 22 22 26 21 23 24 19 24 24 40 50 30 19 19 28 29 43 37 59 52 51 30 36 27 13 27 18 11 13 13 6 7 3 2 2 8 3 2 3
5 14 12 14 23 14 12 27 31 31 45 35 17 26 69 74 69 52 49 66 47 79 79 48 54 56 25 30 21 26 18 15 9 3 4 2 3 13 15 24 24 46 46 61 57 57 37 57 63 37 50 56 52 52 52 29 30 18 26 13 12 20 26 30 33 29 50 17 24 10 28 45 60 34 46 62 36 38 48 36 7 13 27 25 26 16 9 5 7 5 2 3 7 6 4 3
6 8 22 25 25 19 17 31 32 32 37 46 39 41 50 71 67 35 44 70 46 79 64 64 57 34 16 35 22 27 32 17 15 7 5 3 4 14 17 31 51 41 32 60 40 49 53 42 58 56 69 64 61 51 47 28 30 15 16 25 12 16 34 34 15 43 22 19 47 41 60 46 43 56 47 27 42 60 26 11 9 29 43 28 25 21 9 6 5 5 8 4 4 13 6 6
13 17 22 32 30 24 32 35 38 38 24 41 42 54 54 62 65 68 75 78 74 74 62 62 49 50 41 39 43 24 32 31 16 9 11 3 4 15 35 36 44 45 49 55 55 48 56 29 50 52 61 56 52 42 47 37 48 28 22 15 15 24 7 25 19 28 25 42 41 36 32 48 68 73 50 39 65 46 38 26 26 27 9 13 26 24 9 8 5 9 9 6 4 26 9 13
15 19 19 25 7 20 43 30 43 47 39 38 52 58 50 63 52 75 73 80 72 65 73 53 47 53 63 58 28 37 29 30 24 11 9 4 4 19 25 38 42 37 61 59 59 47 33 69 47 76 50 55 41 58 44 62 34 36 30 10 9 24 39 42 10 22 33 52 53 31 28 58 80 71 45 66 56 33 37 72 56 18 22 31 19 12 12 5 7 12 10 8 12 34 22 17
17 13 7 5 5 9 45 31 19 25 39 29 32 52 73 72 43 44 74 65 73 69 74 71 32 51 67 40 34 34 24 40 33 23 7 1 4 14 20 42 39 39 51 64 71 66 39 30 13 16 57 64 33 50 49 62 49 33 20 13 14 32 24 41 30 27 34 28 52 38 43 70 76 46 54 69 57 13 51 45 29 42 52 34 20 15 11 4 13 14 14 9 20 59 31 15
19 22 17 18 18 14 25 48 15 20 19 43 35 44 69 63 74 47 59 76 70 80 79 76 57 34 53 54 46 28 50 32 29 19 8 3 3 8 22 48 22 43 64 68 67 51 49 48 45 41 36 43 65 41 23 22 24 16 18 6 11 16 9 16 26 19 28 15 23 30 63 54 58 68 47 42 26 26 43 35 36 52 45 26 14 5 5 4 10 15 15 13 28 41 31 9
35 23 31 30 19 24 22 27 32 33 29 61 41 48 44 53 72 77 71 85 83 74 76 58 30 43 51 45 38 43 49 38 17 16 17 7 6 4 16 29 10 25 35 38 43 41 42 35 70 63 49 44 40 30 33 22 15 43 6 3 2 12 16 14 37 37 20 12 47 53 27 42 26 45 39 31 14 57 45 60 39 32 19 17 16 7 5 11 12 20 20 24 30 46 12 10
21 22 31 26 33 22 18 35 55 59 27 26 55 56 31 34 29 50 78 79 52 45 48 50 56 20 50 52 33 61 40 34 28 18 20 8 12 4 9 29 41 20 30 41 27 37 18 11 24 36 25 65 62 50 29 5 3 3 7 5 5 11 8 23 29 40 17 49 46 28 35 34 39 40 18 29 53 61 66 37 34 31 30 31 16 8 7 15 23 23 22 18 41 51 36 12
24 40 31 33 36 37 28 44 58 47 48 33 24 46 58 36 58 48 37 71 49 61 64 62 50 39 52 36 35 61 46 42 24 11 18 9 11 7 3 14 26 53 47 34 31 42 43 22 32 45 54 58 39 41 38 25 16 12 7 3 4 6 16 18 22 19 36 54 57 53 35 33 24 15 48 52 45 56 53 33 26 30 31 19 16 13 9 22 26 19 28 25 14 29 47 20
31 33 31 27 35 55 30 44 47 56 49 43 56 40 25 59 59 47 48 72 73 32 29 44 40 62 55 67 38 37 50 33 21 36 15 8 11 16 6 17 31 53 63 28 33 57 42 18 36 43 26 44 32 40 39 20 20 18 10 10 8 6 2 16 20 26 41 18 18 17 28 17 44 55 34 38 34 32 30 24 16 22 25 25 22 11 11 16 33 22 34 24 27 25 38 28
29 29 49 35 45 54 23 39 52 60 57 48 52 56 68 52 72 83 65 68 65 40 48 52 57 76 68 73 45 44 43 39 40 17 13 8 8 27 11 11 25 40 34 41 48 55 14 10 63 82 37 44 43 23 19 16 30 16 7 3 6 4 6 13 15 11 11 21 35 41 43 46 25 32 25 15 20 37 28 23 34 46 23 21 24 11 21 24 38 22 27 8 4 12 32 56
31 38 51 51 44 42 23 38 56 63 61 48 41 40 59 74 54 48 70 69 46 32 50 42 69 64 79 59 54 67 60 49 23 20 8 3 3 30 11 12 13 29 29 31 42 43 3 22 36 42 58 48 37 12 9 6 6 6 7 4 2 8 3 2 4 3 8 24 51 67 65 60 34 21 17 25 60 48 33 32 46 33 30 39 10 15 27 33 20 15 7 6 17 23 25 42
38 22 27 53 44 56 44 20 52 56 64 52 55 41 54 45 71 47 42 53 35 54 52 52 50 71 60 71 69 76 56 53 35 27 18 2 14 29 10 13 20 12 24 32 33 30 8 23 22 27 38 31 43 38 33 13 9 9 11 9 4 16 2 2 2 9 27 57 32 39 47 24 16 20 37 47 51 36 27 59 49 38 41 15 15 30 51 20 6 5 10 24 20 54 43 46
35 11 32 50 59 54 54 36 24 47 61 40 52 51 60 65 57 54 56 56 26 60 85 60 55 59 42 50 55 57 56 52 28 15 17 8 18 14 20 15 27 26 25 32 42 36 25 19 17 22 23 39 26 33 24 13 8 9 11 17 7 8 6 3 7 30 16 32 34 23 44 40 29 48 45 50 52 48 46 60 44 28 16 11 32 42 11 5 7 15 18 39 47 50 56 47
33 17 19 14 45 55 65 43 9 27 51 39 52 43 74 67 56 27 43 55 36 66 68 55 53 27 58 64 61 55 54 38 37 28 15 13 14 12 17 13 5 23 20 36 34 41 50 63 50 45 35 55 39 20 12 6 13 7 9 15 14 4 2 6 28 30 11 23 17 22 29 54 57 70 38 32 59 58 44 36 23 31 9 25 30 11 3 14 18 27 32 36 44 59 62 51
45 31 38 12 46 64 61 40 14 9 12 42 56 39 42 59 40 55 57 65 57 33 56 64 46 41 64 67 57 48 38 31 39 30 26 26 26 8 22 16 8 9 17 26 34 26 22 20 21 20 17 34 15 11 15 35 28 14 9 3 3 1 7 17 12 16 11 13 30 13 27 55 58 56 45 46 64 60 52 40 25 13 24 25 14 4 12 30 29 28 39 36 48 48 52 53
59 27 42 14 19 53 41 23 16 15 18 22 33 67 56 53 50 47 46 64 51 61 72 53 51 65 43 57 60 51 34 41 29 19 32 29 18 16 14 25 17 11 15 18 25 24 40 28 24 36 47 34 17 15 4 21 22 14 11 12 11 12 3 11 15 8 7 15 17 23 34 49 55 56 44 41 38 40 59 23 13 14 22 7 9 27 31 31 34 35 37 31 26 23 36 56
47 28 42 22 15 52 43 48 36 36 24 27 40 53 63 69 73 66 54 51 45 47 56 63 72 62 71 71 57 37 39 38 23 20 53 31 20 21 16 7 8 14 14 28 27 29 39 28 40 31 38 21 36 20 7 12 47 22 8 9 14 2 3 3 5 15 6 13 23 22 25 44 57 53 49 23 35 55 44 39 35 16 7 12 16 21 20 43 45 33 43 36 33 22 31 14
37 32 46 35 27 33 24 52 30 30 35 28 41 38 34 50 53 58 57 58 67 39 47 78 70 71 58 47 51 45 43 39 37 23 43 32 30 20 32 11 25 28 10 16 31 44 47 36 42 47 29 17 36 13 13 21 29 14 12 9 8 2 4 3 17 14 32 33 12 12 37 34 25 37 36 26 49 63 70 38 19 10 4 14 9 44 37 33 40 45 64 60 34 30 35 15
54 33 49 36 23 21 15 39 49 37 38 40 37 38 33 52 45 48 30 38 59 36 64 73 73 52 58 59 51 44 39 41 34 42 46 34 46 60 21 16 18 18 22 17 41 27 36 40 33 32 44 38 21 16 26 24 42 12 14 9 7 3 3 3 6 9 42 37 15 20 28 26 44 47 24 66 62 45 39 35 14 4 11 26 23 29 46 28 43 55 53 58 30 26 31 15
56 38 64 39 19 22 37 25 61 34 53 51 33 24 33 29 30 43 39 39 20 65 54 49 50 45 61 50 38 44 43 23 36 46 30 57 31 59 35 18 34 16 33 22 34 48 39 38 28 40 40 25 19 30 24 26 19 17 9 16 8 6 3 1 4 17 30 25 24 35 21 17 34 35 67 56 31 30 32 36 20 12 14 31 51 36 39 52 54 47 48 38 31 23 28 14
53 37 67 42 19 16 64 43 42 37 39 52 32 40 35 34 36 47 46 37 18 32 15 19 35 35 66 66 59 42 27 23 38 58 44 25 43 40 35 20 32 9 29 11 22 38 52 41 31 45 30 44 20 20 36 33 32 14 15 21 5 1 1 3 3 5 10 30 43 28 24 37 54 68 52 27 25 59 37 24 19 15 32 22 49 52 34 47 48 45 40 26 48 28 22 10
63 37 56 27 18 26 39 42 34 66 59 42 44 33 35 36 50 45 49 46 16 25 27 54 59 59 54 51 49 37 23 24 56 43 44 37 61 32 25 22 31 10 27 21 25 33 58 44 31 43 47 43 22 11 30 31 21 9 11 8 12 3 2 5 5 4 7 25 18 22 25 43 41 31 33 27 27 45 28 9 10 21 43 43 46 48 21 38 62 58 36 24 46 15 21 17
65 40 57 27 20 28 27 65 41 63 74 66 38 27 25 39 66 53 20 35 11 31 30 44 29 33 29 48 27 22 38 27 72 54 52 48 50 25 17 44 22 17 18 51 52 38 43 40 53 44 38 36 34 25 27 18 27 18 12 5 4 2 5 6 5 5 5 9 26 22 25 19 30 25 42 35 41 44 37 13 10 37 46 50 48 46 20 32 50 49 23 24 22 26 29 27
77 65 25 42 22 23 46 64 49 40 64 59 66 22 47 69 49 52 38 32 23 17 27 20 23 27 55 32 41 37 36 47 14 31 16 36 28 20 12 42 19 15 4 20 72 45 34 50 51 41 40 35 31 19 41 43 38 24 10 7 4 3 6 2 3 7 6 12 28 11 26 29 35 26 40 48 28 43 33 20 18 45 36 32 41 30 37 37 28 36 48 27 21 41 31 24
63 33 29 39 24 21 63 62 65 35 24 46 72 18 33 31 31 46 31 35 11 9 29 43 45 37 28 46 45 26 58 26 40 26 44 36 25 30 17 32 14 28 12 14 48 61 43 44 53 52 45 42 29 34 22 18 27 12 13 11 4 2 5 2 5 6 7 13 21 25 46 53 52 39 44 59 11 53 31 29 28 27 37 21 29 23 41 54 37 25 42 29 25 29 36 30
60 37 18 47 36 32 48 14 41 61 20 31 63 47 19 34 34 35 21 21 24 39 61 34 35 31 42 58 38 37 34 46 56 71 49 36 56 25 32 38 17 16 19 22 35 43 34 71 48 42 34 43 47 34 12 17 26 21 11 9 9 4 3 2 3 4 6 7 12 22 31 33 47 58 39 17 31 53 43 21 17 25 46 20 32 40 45 31 44 32 19 36 40 30 21 26
63 19 33 46 31 30 40 11 12 14 36 62 35 54 27 33 21 23 13 30 25 20 20 35 28 29 30 40 45 50 30 40 55 38 24 53 27 19 42 25 34 37 28 28 33 43 35 37 54 28 22 19 38 44 19 15 16 12 9 10 5 3 3 1 2 4 9 11 16 29 24 38 39 21 31 28 41 29 17 10 14 40 38 42 27 34 39 30 26 34 36 23 18 37 13 14
68 20 31 51 30 49 46 25 10 13 31 55 71 68 32 24 35 34 34 10 13 14 34 44 21 16 39 64 38 31 24 54 24 37 61 16 21 30 39 22 38 34 26 47 49 59 51 31 37 38 23 23 41 44 33 24 14 5 4 2 3 6 2 1 1 5 9 16 14 32 33 52 39 24 8 29 48 15 18 17 23 33 42 38 23 33 28 28 14 39 25 46 25 12 8 6
53 26 34 58 22 46 59 41 20 20 13 36 33 53 60 20 26 27 19 30 25 18 16 16 7 20 52 55 53 18 57 16 19 54 40 22 34 39 52 34 11 47 43 47 64 56 48 21 33 57 49 19 12 21 31 35 9 10 5 2 1 4 5 3 3 24 41 20 9 14 41 47 33 19 11 38 35 25 21 17 21 31 33 37 34 23 12 31 21 37 31 12 32 10 11 18
49 26 29 53 20 44 51 18 17 22 29 29 20 25 35 38 14 22 22 8 11 8 11 7 12 23 78 37 41 20 56 38 15 61 32 20 36 60 46 29 20 44 49 58 32 54 40 37 24 23 32 42 18 12 17 32 14 9 3 4 1 2 4 4 17 23 26 36 39 43 47 49 34 8 16 39 25 13 13 19 24 21 40 16 23 20 13 16 23 16 30 11 10 28 20 15
72 38 58 37 15 58 30 17 25 19 43 19 39 25 22 24 13 5 10 9 25 40 14 6 9 19 49 30 15 48 32 25 48 44 40 18 32 62 63 34 21 38 39 60 59 51 30 37 36 17 16 17 27 19 10 4 11 4 6 2 5 5 5 26 48 55 65 61 60 75 53 49 29 6 41 53 16 13 15 24 21 25 38 20 36 34 8 15 22 15 16 7 10 8 10 18
73 58 11 16 14 42 17 21 34 36 32 34 35 35 13 18 9 4 15 15 20 16 5 12 9 31 32 17 42 14 28 55 46 27 27 39 49 71 61 29 27 45 40 48 45 31 46 49 32 32 26 14 24 23 15 5 4 5 4 2 5 5 12 17 16 12 47 59 66 74 73 48 9 29 44 58 24 3 12 42 21 42 21 31 21 45 8 22 26 14 19 7 29 8 15 6
68 20 15 22 22 27 6 19 27 39 20 45 54 29 16 11 13 2 8 4 16 15 4 9 10 47 8 40 46 13 59 53 23 18 45 39 21 72 57 16 25 35 31 42 52 41 37 38 26 17 26 12 8 21 11 5 3 2 4 3 8 10 21 25 30 23 47 68 75 62 59 9 19 36 53 62 42 11 26 29 23 24 24 30 30 36 5 10 24 17 25 13 12 7 6 9
57 26 28 22 29 15 12 28 30 27 36 30 48 27 7 8 11 2 9 10 8 17 6 6 14 49 6 53 23 21 67 25 29 20 51 20 37 63 27 17 25 27 38 25 30 36 51 31 42 12 10 25 17 9 10 6 3 1 1 6 12 24 32 33 41 59 66 51 41 38 7 25 31 41 51 55 39 23 31 22 31 30 16 31 38 10 7 14 11 16 16 10 12 2 7 8
36 38 26 28 49 14 21 24 23 50 26 30 26 16 5 3 5 2 8 10 11 10 3 4 11 32 10 15 7 46 30 35 12 28 45 21 67 8 15 21 41 24 36 17 23 17 25 22 18 23 20 6 6 6 6 6 3 1 4 4 11 13 29 35 48 67 74 67 39 9 36 46 41 41 58 33 17 18 18 20 28 17 22 14 27 20 7 10 9 8 11 13 9 7 3 12
22 26 17 39 46 24 17 22 19 31 44 33 17 13 9 4 2 4 7 6 3 5 5 4 5 20 21 4 8 18 12 23 12 27 65 33 10 13 17 16 33 16 18 27 21 22 37 15 27 13 25 7 4 2 9 4 2 2 9 17 21 15 17 29 36 62 56 12 13 21 37 50 63 55 49 15 8 14 17 28 25 20 8 18 8 24 6 7 4 2 6 18 6 14 6 8
19 14 24 57 13 14 17 17 12 19 15 13 23 8 6 4 2 7 1 2 6 2 4 2 1 6 11 3 3 25 17 12 10 51 10 12 9 21 26 11 31 12 13 21 23 32 20 17 9 17 6 8 5 2 2 2 1 3 10 23 18 24 19 29 43 29 11 11 21 39 19 46 57 62 17 9 11 13 30 34 26 32 5 12 14 29 5 7 8 7 8 14 8 7 7 5
