sesion_6_simulaciones/modelos_agentes/ejemplos_netlogo/scenarios/cgcm2_a2/rob_2033.asc
NCOLS 322 
NROWS 307 
XLLCORNER 451900 
YLLCORNER 4086900 
CELLSIZE 100 
NODATA_value -9999 
[rows 73 to 145 of 307, columns 96 to 191 of 322]
30 27 23 20 52 30 59 79 45 36 35 51 59 60 7 2 11 17 13 5 16 30 21 8 6 8 6 8 7 5 2 0 2 3 0 1 2 3 6 6 6 5 17 3 5 4 6 21 5 6 10 14 22 40 30 30 15 21 41 42 33 69 63 65 58 62 43 39 51 68 64 51 54 67 49 28 75 55 59 77 46 45 39 42 66 68 40 20 16 10 4 3 2 0 1 1
25 59 39 21 20 24 23 51 22 24 17 63 33 72 65 49 13 6 9 12 49 44 24 12 13 4 4 1 4 7 3 3 3 7 3 1 2 2 7 2 2 2 4 1 2 5 6 1 1 5 4 15 34 23 22 10 16 23 40 26 22 72 60 46 54 60 37 51 61 63 53 64 48 65 36 38 54 62 46 41 22 46 62 53 34 17 18 21 11 15 11 9 9 4 1 0
30 35 31 22 16 20 27 42 24 38 43 32 16 27 34 57 35 38 51 64 87 50 48 34 9 15 4 3 5 1 4 34 9 8 11 7 3 1 2 1 2 10 13 6 18 9 9 22 30 4 5 3 6 23 6 8 18 34 26 14 33 37 62 48 54 38 34 44 57 66 40 76 41 49 42 28 54 30 22 50 52 45 21 22 32 30 25 21 29 25 34 31 16 10 3 2
43 27 24 25 17 31 17 47 22 45 51 18 25 47 38 29 40 65 45 66 73 77 67 61 18 10 7 2 4 7 22 30 19 11 12 13 12 3 6 7 3 2 4 2 3 15 5 13 12 12 3 2 5 4 6 9 16 32 14 21 21 12 40 42 47 29 47 34 69 53 27 58 47 41 46 43 26 16 69 44 33 33 51 38 54 57 52 61 61 45 43 39 22 14 9 5
44 17 36 31 22 19 24 35 29 33 69 32 34 30 33 46 67 41 65 60 80 83 56 41 49 6 5 8 14 13 22 8 20 8 18 4 24 10 6 12 3 2 1 1 4 7 20 25 13 30 23 14 8 1 3 4 15 7 8 6 14 8 32 30 31 18 41 38 47 20 17 21 46 17 42 21 23 30 55 34 47 43 40 58 74 70 76 59 55 64 39 38 21 17 10 9
44 25 33 33 41 21 27 32 14 53 71 61 40 26 46 43 51 63 78 50 48 60 68 75 33 21 26 36 47 22 23 10 16 17 3 6 9 12 11 15 10 2 1 3 6 10 24 22 10 44 35 23 25 15 14 4 4 4 6 5 9 7 4 14 8 13 15 26 17 9 12 12 38 25 12 5 27 37 32 33 56 74 82 74 77 77 53 62 65 42 44 26 19 20 18 30
58 60 23 54 61 35 14 35 14 34 32 64 48 36 38 8 46 82 51 55 56 37 64 72 37 25 65 67 60 55 62 23 5 5 5 21 23 5 8 11 19 3 3 6 8 9 20 59 50 47 40 36 45 14 35 27 20 5 2 1 7 12 4 5 6 10 9 15 4 4 15 22 22 17 48 43 17 14 39 61 66 70 69 68 59 71 70 79 59 39 37 24 21 31 49 27
81 85 65 62 24 21 15 14 13 43 22 14 49 59 16 38 74 48 35 31 48 23 13 53 59 65 70 63 68 51 74 61 20 19 22 37 16 14 2 8 23 12 4 7 14 34 17 17 54 33 44 66 50 34 46 19 26 39 28 23 27 6 21 8 4 2 10 14 17 25 15 2 3 5 10 42 46 57 32 61 64 50 73 59 55 57 71 76 60 52 47 32 63 60 24 20
65 60 73 20 15 17 25 20 17 24 26 6 15 27 32 43 23 56 56 43 35 46 11 20 60 76 70 42 35 55 39 26 51 44 40 35 45 38 12 9 34 26 4 7 25 19 12 8 26 14 59 65 41 76 58 27 52 26 18 19 40 11 20 25 18 8 20 23 43 15 22 7 6 6 12 8 17 58 55 58 38 55 73 65 45 57 78 66 60 55 54 58 71 55 24 44
76 75 65 34 32 37 42 28 16 22 33 5 18 32 38 24 23 71 50 34 44 72 42 40 65 92 61 17 40 40 28 29 10 15 69 41 20 20 15 24 46 35 14 9 18 15 14 20 21 46 48 76 77 81 55 52 54 33 50 30 41 27 27 20 18 22 10 14 37 17 39 51 36 25 13 17 18 12 47 71 78 44 63 59 41 77 61 44 57 70 59 75 53 46 37 66
33 51 71 68 14 14 37 38 49 27 26 9 28 56 38 13 22 82 34 51 43 44 31 68 46 54 33 45 54 42 32 32 16 46 82 58 42 16 13 38 21 9 18 8 12 9 12 18 21 29 26 69 66 80 64 60 71 40 56 53 41 48 22 23 24 15 38 16 33 48 62 59 39 21 24 11 13 25 16 63 57 56 29 59 73 37 47 50 62 53 60 49 34 43 45 83
19 28 39 49 57 15 30 19 15 43 38 17 27 48 41 25 37 79 47 46 27 20 72 74 65 55 27 61 59 43 21 12 55 87 84 80 71 29 39 40 30 6 18 11 16 26 22 16 23 8 6 32 75 85 58 66 56 55 75 67 48 32 19 11 43 21 58 37 30 51 66 59 22 16 25 20 27 27 23 30 65 77 70 46 25 60 70 71 61 72 30 48 47 66 47 77
13 23 38 23 48 52 38 35 19 33 52 14 28 56 38 50 41 53 59 70 66 21 45 52 81 70 65 68 66 70 43 79 88 78 74 85 78 40 32 50 26 9 18 14 16 24 26 18 24 16 22 35 76 80 57 46 52 82 75 75 47 20 33 41 61 43 71 65 53 31 71 52 54 38 34 25 25 32 27 24 40 73 60 75 67 38 66 29 68 36 34 58 46 77 48 62
12 8 5 6 16 34 17 9 15 26 31 17 39 63 46 18 38 32 53 68 75 66 32 38 42 46 74 86 60 61 78 85 86 71 78 76 62 75 50 55 32 52 35 41 21 30 40 45 32 32 22 39 67 89 68 50 78 67 80 72 47 34 33 42 74 51 68 64 54 36 60 48 36 11 27 19 9 25 29 19 10 58 73 65 48 81 57 55 58 57 56 67 73 76 78 45
9 5 1 2 15 15 4 7 11 20 11 28 59 53 20 11 21 29 56 58 71 88 58 32 27 39 77 77 84 43 84 71 68 69 88 82 63 77 50 61 47 85 33 60 39 31 31 23 26 25 23 18 45 82 69 77 67 78 89 66 41 43 50 64 68 53 62 60 48 16 21 28 48 39 47 26 12 22 29 37 47 13 62 68 63 75 82 86 91 72 85 87 74 44 78 33
13 12 4 2 13 9 5 10 15 12 18 29 40 46 17 7 47 44 37 44 52 65 77 75 57 40 61 72 83 78 75 86 83 55 57 45 49 75 31 42 87 73 51 37 25 36 26 37 44 51 52 26 33 62 61 69 67 81 82 67 60 72 68 69 75 37 59 64 49 24 22 43 58 47 29 56 20 16 25 34 43 29 19 59 65 85 77 51 52 66 66 83 74 46 59 69
15 7 6 2 6 4 3 21 11 11 9 16 60 35 12 6 42 26 38 51 52 64 73 71 73 48 52 29 48 75 65 70 75 66 65 63 48 38 52 86 51 69 34 19 30 55 37 44 54 58 46 44 28 33 30 54 68 73 81 62 50 61 60 81 77 50 59 74 31 12 14 37 32 41 75 58 27 27 12 39 33 48 48 19 56 79 77 74 74 66 49 46 63 42 27 48
8 8 3 2 2 1 2 12 12 5 20 38 56 52 13 6 23 6 26 63 64 66 34 44 70 57 57 43 69 91 84 79 56 70 53 35 41 33 66 43 41 38 20 51 75 52 44 48 39 32 32 31 27 26 11 17 51 67 82 51 67 64 82 88 87 50 76 61 50 27 16 29 50 66 86 35 26 54 18 33 32 43 55 40 18 63 67 50 32 47 43 41 32 46 46 43
17 13 7 4 3 1 1 3 9 10 15 43 30 20 28 11 28 7 3 18 24 59 39 35 35 22 43 60 81 90 71 77 80 75 68 42 23 36 76 23 53 55 66 75 77 51 67 29 22 32 61 58 66 63 58 27 11 8 41 51 54 65 81 88 87 61 90 66 64 52 28 31 49 85 67 25 54 47 24 19 42 50 53 45 35 11 31 53 44 44 27 41 64 70 59 57
9 7 3 2 2 2 1 0 4 12 19 24 22 8 8 4 28 10 5 29 23 32 20 30 39 35 32 60 33 62 68 67 68 59 20 32 45 47 51 28 67 66 82 69 61 43 75 66 69 52 57 53 54 38 45 18 8 9 11 38 64 84 77 86 79 53 79 74 40 31 37 56 48 69 40 47 72 56 45 58 44 54 42 41 46 32 10 19 23 30 48 59 66 69 64 55
4 4 4 3 2 2 2 1 1 3 11 17 18 15 7 4 29 7 3 15 10 13 17 24 19 39 37 47 34 12 28 34 28 22 45 49 66 79 54 52 31 67 92 62 39 75 67 55 73 55 57 46 32 39 39 46 26 12 14 59 80 76 84 88 85 82 77 83 68 28 47 37 40 20 29 69 60 25 42 27 36 40 38 38 46 34 41 19 7 33 52 70 78 71 67 40
7 3 8 11 6 5 4 4 2 3 6 12 10 8 7 3 13 5 2 6 12 9 8 11 14 27 30 30 33 25 11 9 14 36 42 72 81 57 60 69 48 83 88 60 72 67 62 38 83 60 70 56 67 71 71 56 38 16 18 31 73 66 85 85 80 73 78 84 74 47 32 46 51 45 48 53 63 79 34 39 26 24 46 40 27 44 59 53 20 20 28 26 38 45 48 40
23 20 13 23 18 13 13 11 6 1 3 5 5 6 4 5 4 3 2 5 5 7 3 5 10 14 19 21 22 39 8 9 15 34 80 83 64 45 70 76 65 74 80 66 58 67 61 54 81 66 55 70 58 67 68 55 40 20 13 17 23 64 78 81 73 66 81 75 51 20 31 59 30 51 73 64 72 46 20 55 31 32 42 42 68 51 32 38 47 47 41 18 11 11 19 22
34 17 30 26 31 22 27 15 8 6 1 1 1 2 4 3 4 3 2 2 5 5 3 3 3 4 21 17 15 7 11 5 22 73 68 69 30 61 85 69 53 55 65 28 35 83 54 76 80 76 55 70 81 55 30 33 37 38 33 19 25 39 60 69 69 67 50 57 30 26 46 46 40 59 68 76 58 41 48 54 46 24 43 72 69 67 49 44 49 52 61 54 34 13 6 14
36 38 43 26 39 30 21 17 14 13 12 4 2 1 1 1 3 3 1 1 3 1 1 2 2 3 15 22 11 8 14 3 36 60 45 28 38 76 87 74 40 45 44 33 78 67 49 52 86 84 46 54 54 71 55 35 11 20 24 33 28 37 29 38 25 46 54 50 22 42 55 54 47 45 67 61 52 59 27 13 49 44 50 66 71 56 53 46 35 43 55 49 42 21 17 5
49 34 46 49 43 28 24 30 15 16 11 9 7 3 2 1 1 2 1 1 2 2 1 1 1 3 4 15 3 4 12 4 19 40 18 26 37 56 55 61 46 50 29 69 74 30 55 88 85 77 78 36 22 30 24 30 13 17 31 43 27 41 29 19 18 32 26 25 21 49 47 64 36 59 66 59 74 38 41 26 51 27 28 35 45 66 66 48 38 31 51 43 47 39 33 13
36 25 51 52 23 30 13 16 31 21 13 13 9 8 4 1 1 0 0 0 0 0 1 1 0 1 1 1 2 18 6 2 5 7 11 35 42 54 85 64 57 41 55 56 53 47 51 89 83 74 92 70 43 56 52 31 15 10 6 18 44 29 24 13 16 31 22 18 27 38 55 60 54 28 36 35 47 41 37 42 10 52 37 48 54 62 58 61 68 49 48 50 54 60 34 24
21 37 72 49 44 24 45 23 36 32 17 15 10 3 3 3 2 2 2 2 2 2 1 1 1 0 1 1 3 16 2 4 5 3 15 39 45 16 42 38 49 41 41 56 42 47 66 87 81 81 84 85 44 30 25 21 18 25 19 4 6 14 14 13 14 21 16 18 19 37 48 63 56 58 19 32 49 41 20 23 42 27 20 52 58 57 61 69 59 72 60 69 67 62 45 34
27 44 65 42 39 37 22 26 38 26 22 19 12 11 4 6 3 5 4 4 3 5 2 2 3 2 0 1 1 7 2 4 6 6 13 18 16 20 15 8 36 50 30 24 35 72 83 83 76 66 79 78 59 45 48 57 48 32 25 8 2 11 9 7 14 10 10 13 27 38 35 44 40 37 48 44 34 51 80 78 65 67 43 47 46 48 55 64 74 63 78 72 65 63 59 54
29 59 26 32 40 31 29 19 33 32 12 10 18 8 7 5 5 6 7 7 6 6 5 4 3 4 1 0 1 3 1 2 4 6 10 10 13 19 20 7 17 54 36 15 44 56 85 77 39 33 43 67 82 73 55 50 43 29 14 6 3 14 7 4 6 8 11 22 29 38 36 40 45 60 71 73 64 82 79 76 66 47 32 22 26 49 69 64 63 68 76 76 75 77 68 60
58 23 33 28 22 35 34 22 12 14 19 20 19 16 6 10 7 8 9 16 13 8 11 6 8 4 3 1 0 2 1 1 3 6 11 12 18 18 16 5 9 21 31 11 34 37 65 41 22 24 50 57 80 74 67 49 45 30 14 11 3 5 4 3 11 8 14 32 30 36 39 37 67 72 86 71 77 69 74 52 23 16 19 37 14 41 59 57 75 84 75 61 44 39 32 27
21 27 44 65 57 40 15 9 11 31 28 21 11 19 17 17 14 21 19 17 18 16 11 13 11 5 2 2 0 0 0 1 1 5 7 25 32 19 20 8 6 7 10 3 11 21 17 24 27 41 44 66 85 75 68 65 58 43 39 16 4 3 4 2 8 13 18 16 14 27 49 51 58 62 64 67 70 59 41 32 34 24 44 47 74 47 35 62 82 71 57 59 59 54 49 47
45 57 48 17 15 23 28 13 21 34 33 26 26 25 21 29 17 25 23 31 12 25 21 16 9 5 2 1 0 0 0 0 1 2 6 11 12 17 22 11 12 9 10 3 8 17 24 57 72 71 86 68 85 81 76 58 59 36 23 13 5 5 4 1 1 4 7 19 31 29 44 67 42 48 46 62 64 25 15 28 25 30 62 55 75 51 69 55 64 57 59 61 56 62 63 56
49 30 38 36 34 22 29 15 38 39 36 37 52 31 41 35 34 47 38 23 25 25 31 11 12 6 4 1 1 1 0 0 0 1 3 5 15 26 27 7 4 7 7 5 9 21 51 34 64 66 61 55 90 84 76 50 33 22 15 5 4 2 1 0 0 3 12 31 39 31 38 61 50 36 31 42 27 31 51 49 27 59 62 58 68 76 59 54 55 54 46 55 60 67 60 74
28 25 16 15 14 12 7 23 44 39 40 58 43 49 47 48 54 26 21 45 33 37 33 12 7 5 5 3 3 2 1 0 0 1 3 2 2 9 18 8 5 6 7 8 18 20 12 27 44 80 49 64 81 66 69 56 38 20 7 5 3 2 0 1 0 2 9 19 45 31 33 15 26 39 30 44 47 48 44 39 38 65 59 56 63 60 34 58 33 42 55 66 66 47 75 76
16 24 34 39 34 19 17 29 42 60 57 56 42 53 71 67 45 28 31 55 40 23 19 16 8 5 6 6 3 2 2 1 1 0 2 3 1 2 1 1 2 3 4 6 14 11 15 30 70 28 24 52 85 68 50 30 21 16 16 10 3 2 0 0 0 2 6 9 17 26 24 20 40 30 38 47 60 71 68 67 60 84 59 42 41 49 59 78 71 45 49 55 49 57 62 57
29 49 35 58 28 26 29 47 47 61 60 28 30 56 54 43 35 35 49 69 31 25 21 19 11 10 6 4 3 1 1 1 2 1 0 2 2 1 1 1 1 3 3 3 4 12 20 12 56 20 39 67 83 52 28 27 19 8 6 8 3 3 0 1 0 1 3 3 11 13 25 34 48 44 70 71 81 53 36 23 76 76 77 52 19 52 72 88 82 72 76 45 69 54 49 80
47 47 68 58 32 51 49 52 70 63 49 36 41 62 45 62 26 39 70 37 28 22 26 23 20 15 7 5 2 3 2 2 2 2 0 0 1 1 1 1 1 2 2 2 4 8 13 13 8 16 42 75 80 47 34 26 12 9 8 4 3 1 1 1 0 1 4 9 16 23 33 39 53 64 72 65 33 35 26 68 75 78 81 82 41 57 82 84 71 62 57 66 49 55 36 56
62 65 42 32 41 51 50 71 39 54 25 49 53 80 65 48 28 63 24 20 42 23 17 11 13 11 10 8 7 5 5 4 2 2 1 1 0 1 1 1 1 1 1 2 5 14 5 14 3 6 30 61 87 78 36 24 14 5 7 4 3 1 2 0 0 1 6 17 32 36 36 45 54 49 43 50 44 58 69 77 72 77 67 81 72 62 66 37 22 18 42 79 69 49 32 38
71 55 40 30 41 56 66 17 62 28 33 54 71 74 53 31 61 53 33 15 15 26 8 9 15 15 22 9 15 13 8 7 3 3 2 1 1 0 0 1 1 1 1 3 3 7 2 7 2 11 20 12 55 63 32 16 6 4 4 1 3 4 1 1 0 4 8 11 16 22 27 32 39 44 64 69 68 67 70 61 69 60 46 72 66 46 37 47 61 64 78 38 55 52 31 29
36 54 42 35 51 71 73 28 58 52 68 53 80 51 38 48 62 28 31 27 56 34 19 13 22 33 24 29 23 26 11 4 1 5 3 2 2 1 0 0 0 1 1 3 3 1 3 7 1 9 9 43 52 26 25 19 16 9 3 2 3 3 2 1 0 0 4 10 16 16 20 26 41 37 35 35 37 36 82 45 66 72 53 50 42 28 63 67 66 79 73 56 45 59 59 58
84 37 56 56 68 45 51 61 60 51 58 58 51 44 44 73 34 45 38 67 59 34 41 30 18 41 46 43 53 29 20 5 2 2 2 1 2 2 2 0 0 1 2 2 1 2 13 3 1 7 40 46 60 18 16 21 11 8 5 3 3 1 1 1 0 0 1 4 7 10 4 13 13 16 32 46 45 46 72 63 53 67 85 43 33 51 50 60 77 69 61 70 55 58 46 58
79 93 88 90 85 57 17 11 57 35 66 74 84 76 61 68 66 75 57 70 55 54 51 45 42 51 69 70 34 33 21 10 11 5 3 4 1 2 2 1 0 1 1 1 1 1 1 1 1 7 20 55 48 11 16 16 14 7 4 4 3 1 1 0 0 0 5 8 9 18 25 34 52 47 29 30 46 77 72 74 76 57 59 71 41 46 65 64 54 37 71 84 52 45 58 66
63 87 73 81 77 61 75 35 55 46 22 39 81 87 89 63 48 54 66 67 63 57 67 51 65 64 75 59 54 47 35 23 14 13 12 4 3 4 2 1 1 0 0 1 2 1 1 1 1 4 15 9 26 8 22 9 13 10 5 2 2 2 1 0 0 2 5 10 15 30 50 41 27 43 65 45 60 76 76 89 77 63 57 53 14 27 30 48 69 81 86 62 82 52 52 60
47 85 63 77 77 65 87 64 41 73 52 43 70 78 74 65 73 53 79 87 88 71 60 45 80 68 71 57 41 31 35 25 22 21 17 9 5 3 2 2 2 1 0 1 1 1 1 0 1 1 4 6 29 17 32 24 10 13 5 4 1 1 1 0 1 3 7 6 15 27 51 62 66 55 72 76 79 76 69 84 82 52 35 30 18 26 49 68 61 90 61 69 79 81 56 56
51 80 68 64 80 56 63 27 45 76 58 34 13 57 68 66 74 59 55 82 86 51 73 40 71 56 71 55 46 21 30 45 40 34 27 9 3 3 4 2 1 1 0 0 2 1 2 0 0 0 3 12 28 5 9 3 11 13 12 4 1 1 0 0 1 2 8 7 15 26 39 55 47 33 33 46 82 58 80 80 88 85 26 19 18 35 63 42 72 84 71 80 66 60 41 62
15 41 28 52 73 60 58 16 47 80 45 26 18 34 68 64 68 64 33 37 65 46 42 61 31 27 76 47 26 15 8 12 20 16 16 15 6 8 7 2 1 0 0 0 1 1 1 1 0 1 3 14 10 20 8 3 4 3 2 1 1 1 0 0 1 2 4 4 9 15 24 20 27 43 45 61 87 89 73 64 79 83 64 19 9 26 27 51 80 68 61 29 21 29 41 60
16 44 70 52 61 42 70 46 58 81 66 37 33 30 66 81 51 12 13 26 37 22 29 69 38 18 60 48 55 20 2 14 32 24 9 20 14 10 3 1 0 0 0 0 0 1 2 1 0 3 5 10 4 6 5 5 1 1 2 2 1 1 0 0 1 1 2 3 4 11 23 26 45 44 55 80 88 87 82 49 56 68 61 29 8 19 41 63 59 30 29 60 58 57 61 74
25 16 15 21 30 44 74 30 64 64 84 53 33 26 28 23 15 13 12 32 26 24 17 59 21 43 50 37 57 66 27 14 15 11 13 16 12 8 4 3 1 0 0 0 0 0 1 1 0 1 6 10 1 3 4 9 3 1 1 1 0 0 0 0 1 3 18 11 17 35 48 67 73 56 70 93 89 88 81 61 17 34 52 45 11 21 38 61 45 46 86 64 46 52 40 75
28 34 15 16 28 44 67 56 38 56 78 53 22 10 30 30 13 30 12 14 21 20 16 60 19 14 44 33 41 55 32 22 29 9 5 5 2 3 2 2 2 1 0 0 0 0 0 0 0 1 5 5 1 3 1 1 3 3 1 0 0 0 0 1 1 3 6 19 43 55 80 55 32 49 80 92 87 78 76 78 63 19 49 46 12 21 42 39 30 71 69 49 63 78 21 11
29 39 27 17 24 16 61 67 56 25 79 43 16 5 23 21 30 32 23 14 17 22 5 25 49 5 15 18 45 69 27 6 13 8 12 13 7 6 3 2 1 1 1 0 0 0 0 0 0 1 6 4 1 1 2 1 2 1 1 0 0 0 0 1 1 4 8 24 36 38 21 26 48 57 76 78 85 76 67 49 64 26 17 22 20 37 27 22 62 86 47 59 66 74 66 23
41 28 27 11 11 14 44 72 34 29 64 57 33 5 20 20 39 32 26 17 18 31 13 14 71 12 19 20 39 41 44 29 26 27 19 13 10 7 5 1 1 0 1 0 0 0 0 0 1 3 9 5 1 2 1 0 0 1 1 1 0 0 0 1 2 6 24 30 22 16 33 40 55 87 76 68 82 52 33 27 56 32 16 5 6 27 27 48 83 57 45 56 77 63 64 31
69 16 28 13 10 15 29 34 10 9 71 44 6 3 18 19 37 28 40 26 29 24 22 16 30 17 7 18 28 23 36 42 21 13 10 4 6 6 6 3 1 1 0 0 0 0 0 0 1 2 5 3 1 1 0 0 0 0 0 0 0 0 0 0 2 9 11 8 7 15 40 49 79 84 83 63 43 61 20 24 54 20 6 3 12 36 50 62 70 27 57 83 74 68 78 41
18 28 12 11 8 7 10 16 12 17 51 24 10 4 12 15 32 10 28 17 16 23 20 12 20 28 12 7 3 17 16 33 14 8 10 7 3 2 3 2 1 0 0 0 0 0 0 0 1 3 4 1 1 1 1 0 0 0 0 0 0 0 0 1 2 5 3 2 11 32 41 50 81 86 70 55 37 47 49 13 19 15 4 5 16 23 43 67 41 44 77 68 65 66 60 51
16 11 23 22 8 8 3 5 4 5 16 8 20 8 5 12 29 10 7 20 8 5 3 24 23 37 4 3 1 5 23 36 30 13 6 3 3 1 1 1 1 1 0 0 0 0 0 0 1 1 2 1 0 0 0 0 1 0 0 0 0 0 0 1 3 1 1 4 18 33 48 75 74 74 66 57 37 26 45 18 9 11 4 4 15 21 51 57 42 33 36 53 47 40 56 62
29 16 11 25 27 15 11 4 2 9 6 5 15 19 5 9 16 17 5 6 5 6 4 47 19 25 10 1 2 1 5 8 26 23 9 5 3 1 1 1 2 1 0 0 0 0 0 0 1 1 1 1 1 1 0 1 1 0 0 0 0 0 0 1 1 0 1 8 23 54 60 79 77 60 35 17 13 13 17 18 11 4 2 4 11 18 36 33 23 15 35 29 20 35 53 66
31 19 8 13 15 26 10 4 1 7 8 3 3 6 3 5 9 13 5 4 3 2 2 6 2 5 17 1 2 2 1 6 23 24 8 4 5 10 7 3 1 0 0 0 0 0 0 0 0 1 1 1 1 1 0 0 1 0 0 0 0 0 0 0 0 1 2 5 23 76 70 66 80 70 35 16 5 2 5 11 7 2 1 2 7 14 27 15 10 29 39 44 72 59 72 65
62 31 15 4 10 18 24 3 4 8 10 5 2 3 3 2 5 13 3 2 2 2 1 3 0 1 8 5 1 2 1 1 8 38 19 7 3 2 2 1 1 1 0 0 0 0 0 0 0 0 1 1 1 1 0 0 0 0 0 0 0 0 0 0 1 4 7 22 45 49 78 80 63 74 59 27 14 5 2 1 4 3 1 0 2 6 6 3 11 27 35 71 72 62 57 62
44 76 26 11 3 5 4 4 5 7 6 3 7 2 2 1 1 12 4 2 1 1 1 2 2 0 3 5 1 2 1 0 3 12 30 12 5 4 6 3 1 1 0 0 0 0 0 0 0 0 0 1 1 0 1 0 0 0 0 0 0 0 0 0 1 6 11 8 21 43 68 62 50 47 67 32 13 4 2 1 1 1 0 1 2 1 2 5 17 29 61 67 41 54 64 63
9 58 65 33 13 5 1 8 3 2 3 2 7 3 2 1 1 12 5 3 1 0 0 1 3 0 2 2 1 2 1 1 3 2 4 21 6 1 2 2 1 0 0 0 0 0 0 0 0 0 0 0 1 0 0 0 0 0 0 0 0 0 0 0 1 1 1 8 53 56 56 52 39 39 36 28 13 5 4 1 0 0 0 1 3 9 8 6 14 35 35 26 30 51 68 61
6 27 34 53 19 8 4 7 7 2 4 2 3 3 4 2 1 2 7 1 1 1 0 1 2 1 1 1 0 3 2 0 3 3 3 2 16 7 4 2 1 0 0 0 0 0 0 0 0 0 0 0 0 0 1 0 0 0 0 0 0 0 0 0 1 2 5 11 41 65 56 69 51 13 13 17 10 8 5 3 0 0 0 1 3 7 21 31 12 11 10 24 42 54 77 55
11 17 13 29 11 5 5 5 6 4 3 2 2 4 3 2 2 2 4 3 1 1 0 1 2 2 1 1 0 1 3 1 0 1 2 5 7 2 8 2 1 0 0 0 0 0 0 0 0 0 0 0 0 0 1 0 0 0 0 0 0 0 0 0 1 2 4 19 39 50 79 66 63 31 9 5 8 5 4 2 0 0 0 2 4 9 23 47 44 34 38 26 45 54 80 68
7 12 4 14 14 12 6 4 4 3 2 1 1 2 2 2 1 1 1 2 1 1 0 1 0 2 1 1 1 0 1 0 0 1 3 6 5 2 10 1 2 1 0 0 0 0 0 0 0 0 0 0 0 0 1 0 0 0 0 0 0 0 0 0 1 2 4 10 35 25 66 59 43 33 36 9 7 4 1 0 0 0 0 2 7 16 26 41 57 53 52 49 43 68 91 79
8 6 6 4 6 3 3 3 12 7 3 1 1 1 1 2 1 1 1 1 1 1 0 0 1 1 0 1 1 0 0 0 1 1 11 13 4 3 1 2 2 1 0 0 0 0 0 0 0 0 0 0 0 0 0 0 0 0 0 0 0 0 0 0 1 2 6 24 41 52 55 63 46 27 17 16 6 3 1 0 0 1 1 0 2 12 18 32 44 32 52 57 75 91 91 78
3 7 4 2 2 2 1 1 2 2 1 1 1 1 1 1 1 1 1 1 1 1 0 0 0 1 0 1 0 1 0 0 1 3 4 7 10 21 17 8 1 1 0 0 0 0 0 0 0 0 0 0 0 0 0 0 0 0 0 0 0 0 0 0 1 4 19 35 46 59 60 56 53 34 9 5 5 1 1 0 0 1 5 3 3 2 5 9 16 36 41 69 69 90 89 71
1 3 1 2 1 1 1 0 1 0 0 0 1 0 0 0 0 0 0 1 1 0 0 0 0 1 0 1 1 0 0 0 0 1 1 1 1 1 1 0 1 0 0 0 0 0 0 0 0 0 0 0 0 0 0 0 0 0 0 0 0 0 0 1 2 2 6 13 36 55 34 63 34 19 5 3 2 1 1 0 0 1 4 9 20 12 17 17 31 55 61 66 80 81 70 55
0 0 1 0 0 0 0 0 1 1 0 0 0 0 0 0 0 0 0 0 0 0 0 0 0 0 1 0 0 0 0 0 0 0 0 0 0 0 1 0 1 0 0 0 0 0 0 0 0 0 0 0 0 0 0 0 0 0 0 0 0 0 0 0 1 4 4 12 22 18 29 35 27 10 3 1 1 0 0 0 0 0 2 5 10 26 41 41 58 78 72 56 71 57 58 45
1 0 0 0 0 0 0 1 1 1 2 2 2 3 1 1 0 0 0 0 0 0 0 0 0 0 1 0 0 0 0 0 0 0 0 0 0 0 0 0 1 1 0 0 0 0 0 0 0 0 0 0 0 0 0 0 0 0 0 0 0 0 0 0 1 3 5 18 15 18 25 15 12 3 1 1 0 0 0 0 0 2 3 7 10 30 73 68 30 38 76 85 57 21 24 38
5 2 1 1 1 2 2 3 2 2 5 7 8 6 3 2 1 0 0 0 0 0 0 0 0 0 0 0 0 1 0 0 0 0 0 0 0 0 0 0 0 0 0 0 0 0 0 0 0 0 0 0 0 0 0 0 0 0 0 0 0 0 0 0 1 3 5 4 8 10 10 6 8 2 1 0 0 0 0 1 2 4 6 12 36 44 35 11 23 61 88 83 78 22 10 12
10 2 2 5 6 7 7 8 8 11 9 9 10 14 6 3 2 1 1 0 0 0 0 0 0 0 0 0 0 0 0 0 0 0 0 0 0 0 0 0 0 0 0 0 0 0 0 0 0 0 0 0 0 0 0 0 0 0 0 0 0 0 0 0 1 4 8 4 2 2 4 4 1 1 0 0 0 0 1 1 4 5 12 31 29 10 5 12 35 79 85 70 47 41 5 2
12 9 5 15 14 25 15 16 28 19 27 16 25 14 9 6 8 3 1 2 1 0 0 0 0 0 0 0 0 0 0 0 0 0 0 0 0 0 0 0 0 0 0 0 0 0 0 0 0 0 0 0 0 0 0 0 0 0 0 0 0 0 0 0 1 4 7 6 1 3 2 1 1 0 0 0 0 0 1 1 4 12 9 7 3 2 9 25 48 68 67 58 25 42 9 1
25 19 12 31 48 69 51 38 58 46 43 30 53 39 30 22 7 2 3 5 2 0 1 1 1 0 0 0 0 0 0 0 0 0 0 0 0 0 0 0 0 0 0 0 0 0 0 0 0 0 0 0 0 0 0 0 0 0 0 0 0 0 0 0 1 3 10 6 2 1 1 1 0 0 0 0 0 0 1 1 5 5 3 1 3 11 18 50 64 50 50 29 13 18 23 2
63 67 51 40 41 41 26 16 43 26 25 22 25 39 39 12 10 10 8 8 4 1 0 0 1 0 0 0 0 0 0 0 0 0 0 0 0 0 0 0 0 0 0 0 0 0 0 0 0 0 0 0 0 0 0 0 0 0 0 0 0 0 0 0 0 3 11 9 1 2 0 0 0 0 0 0 0 0 0 1 1 0 0 2 6 13 23 66 70 86 37 8 5 6 11 2
