sesion_6_simulaciones/modelos_agentes/ejemplos_netlogo/scenarios/cgcm2_a2/rob_2088.asc
NCOLS 322 
NROWS 307 
XLLCORNER 451900 
YLLCORNER 4086900 
CELLSIZE 100 
NODATA_value -9999 
[rows 148 to 221 of 307, columns 0 to 95 of 322]
0 0 0 0 0 1 1 0 0 0 0 5 2 2 2 3 6 3 3 4 1 1 0 0 0 0 0 0 0 0 0 0 0 0 0 0 0 0 0 0 0 0 1 0 1 1 2 2 1 4 2 3 11 2 6 12 11 5 3 15 19 21 16 13 19 27 33 13 16 35 45 30 16 24 49 65 19 15 16 26 25 24 9 19 56 42 16 10 41 39 33 36 61 58 35 63
0 1 0 0 1 1 1 2 1 0 0 2 3 5 7 15 18 5 4 5 4 4 0 1 0 0 0 0 0 0 0 0 0 0 0 0 0 0 0 0 0 0 0 0 1 7 3 2 1 2 1 5 6 6 2 2 2 1 10 7 6 27 15 9 15 33 25 23 24 44 16 7 7 38 23 33 55 10 14 33 32 16 24 22 11 58 25 17 13 27 12 52 33 67 47 26
0 0 0 1 1 2 2 0 1 2 1 2 18 16 18 7 19 13 11 15 4 1 0 0 0 0 0 0 0 0 0 0 0 0 0 0 0 0 0 0 0 0 0 2 4 2 2 2 1 1 2 3 3 3 9 7 8 9 10 10 17 22 10 7 26 19 26 46 24 3 33 18 17 38 65 18 27 6 2 8 18 22 18 32 16 23 49 33 17 24 17 13 30 30 42 20
0 0 0 0 0 0 0 0 0 0 1 1 2 13 18 16 45 40 24 1 0 0 1 0 1 1 0 0 0 0 0 0 1 1 1 1 2 0 0 0 0 1 3 3 1 1 1 2 1 1 3 3 4 3 4 4 10 10 10 12 22 15 13 7 22 50 26 23 65 17 7 39 41 23 36 10 18 36 16 7 10 18 25 14 22 13 22 58 43 27 27 16 12 33 43 38
0 0 0 0 0 0 0 0 0 1 0 2 1 1 1 1 1 1 1 1 0 2 2 1 5 0 2 0 0 0 0 0 1 0 0 0 0 1 0 0 1 0 1 1 1 3 4 7 3 1 3 3 5 5 1 5 6 20 7 14 20 23 35 70 60 38 34 16 27 73 21 17 18 28 17 4 9 9 43 22 12 15 31 27 17 25 19 25 53 24 21 21 8 9 23 24
0 0 0 0 0 0 0 0 0 0 1 1 1 2 1 2 1 2 3 4 11 4 13 3 1 1 1 0 0 1 0 0 0 0 0 0 0 0 0 0 0 3 0 1 1 1 0 1 4 2 5 7 8 7 2 5 7 11 22 16 51 34 52 58 54 66 50 10 28 47 58 35 25 14 24 17 11 9 27 13 23 18 18 31 24 21 19 21 65 46 15 14 18 9 29 32
2 1 1 1 0 0 1 0 0 0 0 0 1 3 4 1 1 2 9 9 18 31 8 18 4 2 4 3 1 1 5 1 0 0 0 0 0 0 0 1 0 2 0 0 2 0 1 1 1 7 9 16 25 18 17 9 10 11 34 25 17 16 54 62 61 45 61 32 29 45 66 15 29 15 11 11 22 7 20 39 17 27 28 17 17 16 20 16 29 24 41 17 11 8 7 15
4 3 4 1 3 1 1 1 0 0 0 0 2 2 1 3 2 2 2 12 22 17 9 12 8 2 5 3 1 0 1 13 5 2 1 0 0 0 0 1 0 3 6 1 1 1 1 1 1 3 3 5 13 3 5 23 8 20 12 7 7 10 13 39 30 9 15 9 34 49 50 41 23 20 30 10 11 14 16 31 31 21 28 25 17 19 18 18 18 19 24 35 21 12 9 7
1 5 2 7 10 3 1 5 0 0 0 0 0 0 2 2 2 3 2 2 3 15 18 2 2 6 1 5 2 0 0 0 3 8 4 1 1 0 0 1 1 5 8 1 1 1 1 2 2 4 5 9 7 7 8 7 12 24 14 17 24 24 9 7 3 16 17 14 11 21 22 48 53 29 15 9 12 16 20 30 35 53 16 23 17 15 14 7 12 21 18 6 32 13 5 7
12 24 8 16 9 1 4 15 1 1 1 0 2 4 5 1 4 3 4 2 3 3 2 14 3 1 1 9 7 1 1 1 1 7 11 4 4 2 2 3 3 1 11 6 1 1 1 2 2 2 5 14 5 9 14 7 3 9 12 14 14 11 5 10 12 3 2 9 28 32 35 55 24 32 16 15 20 19 33 26 32 27 35 16 16 14 8 6 8 9 15 11 14 19 8 3
8 30 4 34 3 14 9 16 1 2 2 1 1 1 3 4 4 15 17 20 3 2 3 5 2 1 2 14 2 17 2 5 4 12 3 5 5 19 4 2 4 2 13 8 9 1 1 1 3 2 2 2 2 5 9 4 7 28 28 47 12 20 29 23 21 8 8 14 21 25 25 39 29 20 32 9 19 32 32 38 23 18 24 23 9 8 5 1 3 8 9 14 14 12 15 12
1 23 12 18 20 23 20 2 3 6 3 2 1 1 1 1 2 7 9 27 10 1 3 6 14 9 6 10 2 14 14 2 4 7 24 19 11 20 37 7 5 1 3 10 8 4 2 1 3 1 1 1 7 6 3 3 5 5 4 8 7 15 32 29 28 20 22 24 18 26 26 25 20 31 10 18 17 27 16 14 17 15 11 16 23 18 10 17 11 6 6 7 12 14 8 5
2 2 1 20 29 23 3 4 11 4 9 12 4 3 1 2 3 4 8 5 10 21 19 3 12 12 11 13 16 4 45 29 8 3 17 55 42 19 10 27 19 2 7 17 19 23 2 1 2 2 1 2 15 4 38 26 30 18 59 39 22 12 16 17 20 18 23 29 26 16 19 28 26 32 17 26 14 17 17 22 12 12 12 22 11 10 13 16 8 10 12 6 6 8 4 2
1 10 6 6 4 13 7 24 22 9 9 9 2 5 1 3 2 3 8 7 10 12 11 4 26 25 19 37 26 21 41 57 41 20 13 3 12 20 11 4 5 3 2 43 31 21 9 11 4 16 26 37 25 10 12 26 17 10 14 28 32 23 27 20 20 17 17 35 29 14 18 20 26 28 20 23 21 24 14 14 11 12 5 9 10 6 11 8 6 6 6 6 2 4 3 4
3 4 3 10 9 4 26 54 27 35 2 7 17 12 24 5 13 3 3 4 6 3 18 42 63 29 47 60 35 37 18 29 55 25 22 8 25 40 50 76 56 13 6 8 46 24 9 51 9 11 29 26 35 12 6 44 56 20 17 12 44 48 13 37 24 24 19 24 22 19 25 24 25 21 21 22 20 16 14 6 5 6 8 7 9 5 7 6 4 4 3 3 1 1 1 1
2 3 13 6 6 2 19 49 25 43 6 10 32 22 44 13 6 8 5 11 16 23 6 33 50 52 63 65 31 63 45 67 64 66 60 60 45 58 63 48 6 25 28 7 3 30 15 22 11 13 28 26 31 34 14 16 49 73 34 27 37 17 21 21 27 40 41 36 24 16 32 20 15 15 13 8 15 9 4 3 4 7 5 5 4 2 3 1 2 3 1 4 6 6 6 7
2 2 1 4 8 10 4 58 8 8 7 14 18 2 15 21 7 7 7 33 33 12 15 10 49 74 67 70 40 80 60 68 68 56 68 64 78 70 66 72 61 29 6 5 2 2 27 17 8 3 8 38 44 46 48 61 69 68 76 30 17 22 23 28 28 35 46 22 19 33 17 14 15 14 6 4 3 3 8 9 11 5 4 2 4 9 13 13 21 6 13 23 13 23 22 13
1 2 5 5 4 3 4 16 20 16 33 29 35 35 10 31 10 21 4 4 17 53 22 15 5 25 33 56 58 23 7 10 7 18 18 31 70 58 60 74 67 45 20 5 2 2 16 15 9 8 7 7 21 54 59 49 31 35 71 56 23 15 23 26 34 33 19 31 20 9 12 15 16 9 9 6 3 3 3 3 7 13 9 16 24 33 33 33 20 16 19 34 30 44 45 23
1 1 2 2 5 4 7 9 8 8 17 44 47 57 5 5 10 28 30 13 14 11 29 8 14 19 12 17 8 11 23 14 25 22 45 27 20 16 14 14 13 21 11 4 3 4 11 11 19 9 12 12 2 26 19 33 39 42 29 39 40 21 48 49 41 25 26 17 17 15 15 15 7 4 8 9 3 2 4 9 34 34 23 35 40 44 37 51 38 40 67 69 46 61 42 31
1 1 2 6 6 9 11 9 10 9 18 3 5 6 11 12 8 7 39 39 35 16 23 6 17 30 26 20 12 14 27 35 16 39 18 13 13 19 20 20 10 7 9 6 12 10 28 23 21 19 10 5 7 9 10 32 11 9 8 30 18 28 31 19 32 17 12 19 18 9 8 5 7 6 10 10 15 3 31 30 43 40 41 45 44 64 62 49 46 58 31 15 24 22 27 55
1 2 4 2 3 5 7 5 9 22 5 6 17 14 6 16 2 4 6 14 16 14 10 12 18 12 17 13 33 7 26 16 13 19 14 12 20 37 12 33 16 7 6 4 4 7 11 28 16 17 9 17 19 11 20 16 17 17 19 35 50 47 30 10 18 17 15 7 10 5 5 31 29 18 18 29 13 21 40 55 64 48 46 72 67 66 67 56 66 63 38 14 7 8 16 42
3 11 10 17 4 4 5 4 8 11 8 8 12 11 9 4 6 7 21 21 10 13 21 12 15 12 7 14 9 8 15 12 16 15 10 12 9 22 8 30 19 12 8 3 1 1 6 9 59 41 17 15 45 18 9 25 36 57 49 40 54 30 23 14 17 11 4 5 14 13 27 40 50 22 31 40 25 44 58 56 66 80 51 83 71 67 59 60 60 54 42 34 10 7 7 12
1 1 1 1 2 2 6 4 10 5 7 4 6 16 4 2 5 10 10 8 4 3 4 11 15 9 5 7 7 10 11 16 7 11 8 4 16 8 14 26 11 13 20 7 8 3 2 11 18 29 18 28 20 9 14 25 29 26 23 15 14 10 6 3 4 1 12 26 36 27 43 53 53 37 51 41 27 46 58 54 81 67 57 54 44 10 12 45 23 31 25 14 14 5 3 20
1 3 2 4 3 5 2 3 6 6 2 3 5 5 7 8 13 5 6 6 8 2 4 14 26 15 8 5 8 5 5 16 45 14 9 8 15 8 30 5 15 7 10 9 6 3 5 7 6 11 17 15 7 14 14 14 47 18 12 10 6 19 21 30 14 23 32 47 41 36 37 53 36 38 50 47 32 40 55 67 70 53 41 41 29 16 17 18 32 15 14 13 8 5 3 4
1 1 1 2 5 1 1 1 1 4 3 2 7 7 26 10 7 16 12 9 27 10 13 14 20 18 5 13 4 8 12 10 36 38 22 12 12 24 17 5 4 4 7 10 4 7 5 3 4 6 8 13 12 14 17 17 11 5 5 23 20 36 35 35 26 26 40 45 57 51 33 49 49 55 40 60 47 48 51 60 52 72 47 36 22 27 23 11 46 26 11 6 1 6 6 8
1 1 1 1 1 1 1 2 4 3 3 6 5 5 5 6 40 35 12 15 17 13 18 7 9 12 13 8 4 5 4 8 12 10 15 24 5 7 19 12 7 9 6 4 9 6 7 7 4 7 9 11 21 18 12 10 14 21 28 45 33 31 45 34 27 40 41 37 51 32 42 50 63 32 39 42 49 56 74 49 26 23 29 40 34 25 17 12 11 14 7 5 5 3 5 6
1 1 1 1 0 5 3 2 8 17 20 16 16 26 8 6 9 29 17 27 3 10 20 6 8 5 7 12 7 16 11 9 6 7 16 26 8 15 14 15 9 2 2 5 4 6 3 3 6 9 10 20 18 13 19 13 19 21 40 33 28 28 39 29 26 30 37 25 49 39 25 53 38 27 34 57 50 57 20 77 53 57 32 25 33 29 22 24 9 7 3 4 3 1 3 1
0 1 1 1 0 1 1 3 6 11 14 28 25 21 29 5 12 11 6 6 8 15 16 5 2 3 1 4 3 5 4 5 9 8 15 13 6 13 15 11 7 3 1 2 4 4 6 13 7 7 16 13 10 25 15 14 22 40 36 38 31 29 31 22 25 43 42 29 43 37 37 37 61 56 52 53 67 56 21 22 53 62 48 45 23 17 21 25 13 8 5 2 2 4 4 2
0 0 3 0 2 0 1 2 3 6 2 2 2 3 5 9 10 9 28 7 11 15 5 6 1 5 2 5 2 2 3 4 4 4 7 5 6 7 8 8 5 3 1 3 4 5 7 9 9 9 11 22 15 13 12 23 31 28 26 28 25 17 31 30 29 45 34 42 47 81 59 50 48 64 15 16 12 52 51 33 22 48 33 26 22 17 22 9 6 12 8 4 3 2 1 1
0 1 1 7 0 8 6 1 2 1 4 2 6 4 6 5 7 4 4 5 3 6 2 2 2 1 1 2 1 3 3 2 3 3 4 3 4 2 3 6 4 4 5 7 12 4 10 6 14 21 19 33 21 12 20 24 24 31 16 20 37 25 33 36 23 39 34 60 21 39 76 72 69 57 66 43 29 13 10 28 26 19 45 37 35 28 24 39 17 6 6 5 4 2 2 1
5 1 1 2 5 2 1 2 2 2 1 2 2 2 6 3 4 1 3 4 4 1 2 2 1 1 1 0 1 0 1 1 1 6 1 2 2 3 3 1 2 5 2 3 3 8 3 9 14 21 20 21 17 17 16 30 21 25 24 20 25 28 20 24 38 41 26 31 73 20 70 75 47 76 74 76 56 49 48 38 39 34 16 10 25 33 21 27 12 9 5 3 4 2 1 1
2 21 2 6 1 1 1 2 1 1 3 1 1 4 9 14 19 3 2 6 2 1 0 1 1 0 0 0 0 0 0 1 1 2 1 1 1 1 4 3 2 5 3 14 6 7 7 6 14 17 10 11 12 13 13 15 29 23 18 34 24 36 19 18 33 9 24 31 25 40 28 67 35 56 79 79 76 85 66 52 55 71 72 53 21 18 22 21 14 7 5 3 2 1 1 0
1 2 1 2 2 2 1 1 1 1 2 1 6 1 1 2 2 3 2 2 4 1 2 1 1 0 0 0 0 0 0 1 1 1 1 1 1 2 3 2 2 2 4 11 2 9 6 6 7 14 5 7 8 9 9 12 17 22 13 20 30 12 19 54 63 52 29 27 12 4 14 16 33 30 66 73 67 73 77 60 78 66 63 33 26 30 28 19 26 11 5 5 2 1 1 0
0 1 2 2 1 1 1 0 0 1 0 0 1 1 7 4 8 2 1 2 2 1 0 1 1 0 1 0 0 0 0 0 0 1 0 0 0 2 1 1 1 2 2 4 4 3 4 4 5 4 2 5 3 4 8 6 13 18 19 27 21 41 11 4 4 7 11 26 24 18 10 11 6 20 34 62 53 76 86 50 71 86 62 49 38 24 23 23 19 9 7 6 3 2 1 0
0 2 1 1 1 1 0 0 0 0 0 0 0 1 2 1 2 1 1 2 1 1 0 1 0 0 1 0 0 0 0 0 1 0 1 1 1 2 0 0 1 1 1 2 2 1 2 2 2 2 4 6 5 8 8 7 15 10 11 8 11 49 8 9 20 34 43 33 36 29 25 40 16 6 14 53 50 75 86 78 63 63 61 48 33 33 33 23 19 15 11 10 5 2 1 0
0 0 1 1 1 0 0 0 0 0 0 0 0 0 0 1 1 1 0 0 0 0 0 0 0 1 0 0 0 0 0 0 0 0 0 0 0 1 0 1 1 1 2 2 1 1 1 1 2 3 8 28 14 30 30 44 26 15 18 10 7 3 55 20 7 43 56 32 35 40 47 36 20 20 11 14 19 46 79 57 45 25 20 40 15 30 15 14 17 18 15 9 7 3 2 1
0 0 0 0 0 0 0 0 0 0 0 0 0 0 0 0 0 0 0 0 0 0 0 0 0 0 0 0 0 0 0 0 0 0 0 0 0 0 0 0 1 3 12 21 6 7 4 3 3 2 31 7 38 35 19 26 14 13 20 36 7 7 9 70 14 21 28 58 33 29 54 64 72 45 37 19 11 6 9 9 13 13 11 29 30 11 11 7 6 16 8 8 5 4 1 1
0 0 0 0 0 0 0 0 0 0 0 0 0 0 0 0 0 0 0 0 0 0 0 0 0 0 0 0 0 0 0 0 0 0 2 2 2 4 7 9 9 16 5 23 10 13 20 1 6 17 5 6 33 23 33 37 20 43 48 24 22 14 6 46 57 16 5 31 60 69 55 54 33 35 46 46 24 10 15 5 14 15 14 9 26 24 8 9 6 6 6 3 3 2 2 1
0 0 0 0 0 0 0 1 2 0 0 0 1 0 0 0 0 0 0 0 0 0 0 0 0 0 0 0 0 0 0 0 0 0 0 1 2 8 4 5 6 24 7 9 23 17 19 4 3 5 41 21 8 24 7 18 16 42 57 37 46 24 14 26 78 24 24 12 44 57 79 24 11 25 32 58 46 38 34 24 14 11 6 8 11 23 13 6 5 2 3 3 2 1 1 1
0 0 0 0 0 1 1 0 0 1 1 0 0 0 0 0 0 0 0 0 0 0 0 0 0 0 0 0 0 0 0 0 0 0 0 0 0 6 10 8 6 8 5 5 20 28 41 42 5 7 19 29 15 11 30 6 32 35 65 54 12 20 14 7 79 46 17 17 25 78 82 86 47 38 31 27 21 21 16 18 30 28 14 6 7 7 17 12 6 6 2 5 3 1 0 0
0 0 0 1 1 1 1 3 2 2 0 0 0 0 0 0 0 0 0 0 0 0 0 0 0 0 0 0 0 0 0 0 0 0 0 0 1 5 11 28 9 5 3 6 11 39 53 63 58 53 9 17 17 20 17 6 24 48 51 55 16 28 30 21 57 86 50 32 21 12 19 55 23 28 22 50 39 20 16 12 12 14 21 17 7 3 5 10 8 5 2 4 2 1 1 1
0 1 1 1 3 2 3 1 3 3 1 2 1 0 2 1 0 0 0 0 0 0 0 0 0 0 0 1 0 0 0 0 0 0 0 1 1 1 0 0 15 13 4 9 6 9 27 36 58 69 52 25 29 40 22 46 30 53 69 45 51 15 32 30 29 81 89 65 47 22 16 17 55 35 28 29 41 47 23 21 10 12 11 16 15 4 2 8 5 7 3 2 1 2 1 0
0 0 0 2 4 2 11 26 17 17 7 4 2 3 6 3 1 0 0 0 0 0 0 0 0 0 0 0 0 0 0 0 1 0 1 1 1 1 1 1 2 6 6 6 4 11 40 17 58 64 79 34 32 33 52 50 7 51 65 61 55 42 34 26 20 74 84 80 54 56 14 7 43 64 37 12 19 13 27 11 14 12 11 10 15 7 3 3 6 4 4 2 1 1 1 0
0 0 0 6 6 15 31 31 30 58 47 9 12 9 8 5 1 4 1 1 0 0 0 0 1 2 2 0 0 0 0 0 0 0 0 1 1 2 3 2 2 3 3 3 12 14 29 21 6 52 68 75 33 24 36 16 13 13 40 51 83 74 18 25 53 63 66 81 35 55 44 11 15 50 38 28 20 21 29 25 14 15 7 5 6 8 5 2 1 3 3 2 1 1 1 0
0 0 0 0 0 0 2 5 8 3 17 44 50 22 14 4 3 7 1 1 2 0 0 0 0 0 2 4 0 0 0 0 0 1 1 1 2 2 4 3 5 11 10 8 7 4 49 53 33 23 42 66 56 26 11 10 29 10 17 52 43 41 33 31 38 54 36 84 37 51 37 45 9 27 32 45 35 30 34 26 24 15 5 4 3 7 5 2 1 2 1 1 1 1 0 0
0 0 0 1 1 2 15 3 5 4 5 10 42 55 43 19 13 8 1 5 1 1 0 1 1 0 0 0 1 0 0 0 1 2 1 1 1 2 4 5 5 7 5 7 14 16 16 6 34 57 25 37 10 13 7 22 18 29 24 28 55 60 47 42 20 29 28 74 77 35 18 35 34 11 20 22 36 21 19 11 16 12 11 9 2 4 2 2 3 1 1 0 1 1 0 0
0 0 0 0 0 0 2 3 2 5 3 1 3 20 49 54 42 2 0 0 0 2 1 2 1 1 1 0 0 1 0 5 3 1 6 2 2 3 5 3 6 13 23 16 23 14 22 11 15 16 67 36 30 22 16 13 25 33 28 31 57 75 56 40 41 35 50 69 83 65 33 17 46 34 22 7 8 24 22 16 9 8 9 9 5 1 1 2 2 2 0 1 0 0 0 0
0 0 0 0 0 1 1 1 1 2 4 3 11 4 3 5 6 2 1 1 3 0 1 1 9 7 0 1 0 6 2 2 8 5 13 3 20 5 4 4 6 8 9 18 14 20 21 15 19 27 27 37 22 23 31 25 21 34 19 11 24 39 60 58 62 52 44 54 64 69 47 50 53 29 33 16 8 20 19 9 15 4 5 3 2 3 2 1 1 1 0 0 0 0 0 0
1 0 1 0 0 0 1 1 2 4 3 4 1 5 10 4 5 3 1 2 0 1 1 1 0 2 2 4 4 1 2 6 5 3 3 4 2 15 4 7 8 13 6 11 9 10 11 19 26 38 22 12 55 46 37 46 31 28 30 33 20 40 67 46 48 49 37 43 52 71 32 39 31 20 22 16 9 7 12 17 10 8 3 3 1 1 2 1 1 0 1 0 0 0 0 0
2 2 0 0 0 0 2 7 1 1 2 3 2 7 3 5 1 1 0 0 0 1 1 1 1 1 2 2 1 2 1 13 4 10 6 12 2 5 11 3 6 14 11 21 23 8 14 19 17 38 20 38 10 25 29 61 29 38 35 50 39 37 21 23 19 9 8 19 29 30 21 9 30 20 16 29 22 13 16 9 5 6 6 3 1 1 1 1 1 0 0 0 0 0 0 0
2 1 10 1 0 3 0 0 5 3 1 3 1 7 2 3 2 1 1 2 3 5 1 1 2 3 3 4 15 14 8 2 2 3 7 4 4 1 31 9 11 9 4 8 25 18 13 10 23 39 38 14 62 44 38 65 49 23 40 24 22 36 22 22 10 8 5 3 20 36 32 12 12 20 20 26 21 14 28 12 4 4 3 1 2 1 1 0 0 0 0 0 0 0 0 0
1 2 5 2 0 0 2 0 0 1 1 1 1 1 4 1 1 0 1 1 2 2 6 3 3 5 6 6 30 36 10 6 3 8 10 7 13 5 1 34 8 14 14 15 8 8 13 24 24 36 27 12 27 15 11 43 33 30 28 16 19 33 23 24 23 11 8 6 7 16 24 16 26 24 27 31 32 19 9 9 7 2 1 1 1 1 0 0 0 0 0 0 0 0 0 0
5 1 8 2 4 1 0 9 1 2 7 1 5 3 1 7 1 1 1 1 1 3 3 3 4 8 10 11 22 62 45 25 6 5 41 15 16 9 4 14 37 9 10 36 20 21 17 27 33 26 25 10 9 14 14 16 36 29 19 12 12 15 20 32 14 15 8 6 5 3 4 11 10 5 8 11 14 23 10 6 4 3 2 1 1 0 1 0 0 0 0 0 0 0 0 0
5 3 2 4 1 2 3 1 14 5 13 28 7 9 5 2 1 1 1 7 1 5 13 6 5 8 13 11 7 9 46 29 15 10 11 27 13 8 6 5 8 24 10 7 9 12 16 27 52 38 55 27 18 18 16 14 19 16 15 39 17 8 11 10 6 7 6 3 2 3 2 2 2 2 3 8 6 4 8 4 3 2 2 1 1 0 0 0 0 0 0 0 0 0 0 0
1 9 5 6 4 6 16 9 4 4 2 1 2 2 3 8 3 1 4 1 10 3 18 17 6 9 15 11 6 3 5 25 40 16 5 15 20 8 19 13 11 6 21 22 12 13 29 22 44 31 64 33 17 17 16 14 16 14 9 18 21 12 5 4 2 3 5 4 2 1 2 1 1 1 1 2 3 2 4 2 2 1 2 1 0 0 0 0 0 0 0 0 0 0 0 0
2 1 0 3 4 0 1 1 4 2 6 6 6 7 4 6 8 5 5 3 3 2 19 46 14 14 17 22 10 3 3 4 37 17 21 14 30 7 22 27 16 8 5 24 16 24 20 23 38 24 9 13 25 23 23 21 9 7 3 3 8 3 4 2 3 2 3 2 2 1 1 1 1 1 1 0 1 1 3 1 1 0 0 0 0 0 0 0 0 0 0 0 0 0 0 0
1 1 1 0 0 1 1 1 1 3 2 2 2 1 3 8 2 2 3 9 5 36 14 36 31 17 30 22 27 10 4 6 4 20 19 24 34 10 25 16 16 19 15 12 27 17 20 38 39 38 33 17 24 14 14 15 9 5 2 2 2 2 2 1 1 1 1 1 1 1 0 0 0 0 0 0 0 0 1 1 0 0 0 0 0 0 0 0 0 0 0 0 0 0 0 0
1 1 1 0 1 2 1 1 1 1 1 1 2 1 3 3 2 2 1 2 23 14 10 11 63 19 6 6 6 4 5 3 6 3 7 11 81 55 18 25 18 8 14 17 10 22 16 22 51 51 52 30 21 14 14 12 3 2 1 5 11 9 5 5 4 3 3 1 0 0 0 0 0 0 0 0 0 0 0 0 0 0 0 0 0 0 0 0 0 0 0 0 0 0 0 0
1 0 0 0 0 0 0 1 0 0 1 1 2 0 1 3 1 2 5 28 13 11 38 27 52 34 10 7 8 11 10 11 4 6 7 5 3 5 20 16 10 22 8 16 15 27 31 25 51 36 47 46 35 22 13 5 3 3 6 9 18 25 27 20 4 6 3 3 2 1 1 0 0 0 0 0 0 0 0 0 0 0 0 0 0 0 0 0 0 0 0 0 0 0 0 0
0 0 0 0 0 0 0 0 0 0 0 0 1 1 1 1 1 2 5 4 7 10 4 2 6 5 3 6 17 21 10 25 19 8 7 5 5 5 4 14 11 27 18 9 26 20 42 29 30 20 29 29 24 21 8 11 8 9 20 24 29 26 21 21 13 6 8 9 7 7 4 3 1 0 1 2 0 0 0 0 0 0 0 0 0 0 0 0 0 0 0 0 0 0 0 0
0 0 0 0 0 0 0 1 2 2 2 0 0 1 1 0 1 3 14 7 15 4 8 5 3 5 19 12 14 16 27 19 12 13 18 3 2 3 6 9 7 13 23 24 25 24 19 16 40 24 21 21 14 9 13 20 12 27 32 24 37 31 32 24 20 17 15 22 22 15 11 3 1 1 3 2 1 1 0 0 1 0 0 0 0 0 0 0 0 0 0 0 0 0 0 0
0 0 0 0 0 0 0 2 5 8 4 3 1 0 1 1 1 5 7 4 2 4 10 7 6 7 13 6 3 10 11 7 3 7 17 10 4 3 7 4 3 7 7 10 17 18 21 18 28 25 15 9 14 18 30 27 29 37 38 38 27 39 41 30 47 24 28 25 28 26 7 3 1 2 4 2 3 1 0 1 0 0 0 0 0 0 0 0 0 0 0 0 0 0 0 0
0 0 0 0 0 0 1 1 0 1 6 8 3 7 7 7 17 4 5 12 2 2 9 4 6 11 7 6 4 10 11 12 12 9 17 9 5 16 14 5 3 16 9 15 12 8 23 14 16 14 11 17 28 37 37 43 33 31 31 37 29 43 47 55 54 44 32 28 29 23 16 11 20 9 3 4 2 1 1 1 0 0 0 0 0 0 0 0 0 0 0 0 0 0 0 0
0 0 0 0 1 1 2 17 13 7 7 23 13 12 22 11 38 38 30 17 5 16 1 2 2 2 12 15 15 23 7 39 46 16 5 8 2 11 10 6 22 10 10 10 16 10 15 15 16 17 27 26 44 56 54 42 56 36 44 42 33 53 53 54 47 46 37 33 35 33 27 8 5 2 1 2 4 2 0 1 1 0 0 0 0 0 0 0 0 0 0 0 0 0 0 0
0 0 2 0 0 3 9 13 23 4 4 30 6 5 15 7 8 4 9 22 4 8 4 4 3 7 10 17 20 35 14 9 10 33 13 12 4 19 8 8 12 21 18 20 22 36 40 37 14 43 49 41 43 57 65 64 37 25 65 49 40 47 50 38 54 60 19 50 51 31 25 17 11 4 1 5 11 4 1 1 1 1 0 0 0 0 0 0 0 0 0 0 0 0 0 0
2 0 1 4 1 0 1 2 3 15 2 18 6 9 13 5 2 4 10 5 4 2 6 3 6 12 14 7 5 21 14 10 6 5 8 6 14 19 8 7 29 33 18 46 42 25 30 19 19 44 60 48 48 76 46 43 41 25 71 42 37 43 58 61 51 46 41 51 31 21 22 14 13 19 8 7 9 5 3 2 1 1 0 0 0 0 0 0 0 0 0 0 0 0 0 0
6 9 1 6 3 8 10 5 1 2 11 48 24 3 28 4 6 5 12 6 3 3 15 6 11 9 12 11 10 9 6 8 9 14 18 11 25 4 8 16 26 28 43 48 34 20 12 21 40 30 46 62 74 40 28 42 41 28 70 40 66 34 58 37 39 71 54 35 53 29 20 23 42 40 11 2 4 8 3 2 1 1 0 0 0 0 0 0 0 0 0 0 1 0 0 2
4 7 12 5 7 38 14 40 25 1 9 34 2 5 29 14 7 3 24 2 2 3 7 4 19 13 7 6 7 2 2 8 19 10 27 7 32 5 21 16 42 42 55 29 28 22 23 40 42 35 33 57 58 31 42 53 48 37 69 68 44 57 50 60 75 58 56 49 38 21 23 63 38 6 10 12 6 6 3 2 1 1 0 0 0 0 0 0 0 0 0 0 0 0 2 3
12 20 20 40 33 40 42 61 35 11 9 9 12 3 25 11 8 5 3 2 2 5 12 4 9 7 7 18 13 14 14 17 10 5 8 14 43 16 19 24 48 51 41 28 15 30 29 57 58 33 30 46 35 23 34 60 29 59 55 57 64 31 45 77 78 57 52 36 45 51 39 41 25 19 18 6 4 4 3 2 1 1 0 0 0 0 0 0 0 0 0 0 0 0 2 13
1 26 41 19 51 7 28 49 52 53 41 41 21 3 31 44 19 4 6 5 2 7 10 6 4 7 16 3 5 6 2 6 5 16 42 20 32 11 11 23 47 33 26 11 24 41 31 40 59 35 38 44 16 34 56 49 20 53 33 73 54 59 73 70 58 48 58 39 25 11 12 9 6 3 3 2 1 1 1 1 0 0 0 0 0 0 0 0 0 0 0 0 1 1 3 11
3 4 11 3 2 2 5 5 8 3 5 13 40 6 3 24 49 26 16 10 5 5 3 4 14 3 7 8 23 21 4 10 12 17 53 41 52 18 13 28 27 15 11 26 41 37 29 33 53 25 41 51 38 53 71 41 50 22 47 57 36 63 59 23 13 17 13 25 45 39 40 32 37 17 5 1 1 1 1 1 1 1 0 0 0 0 0 0 0 0 0 0 1 5 11 14
2 3 1 2 4 14 23 6 10 2 4 4 2 1 4 2 4 6 3 2 2 10 4 7 2 13 9 16 7 14 14 36 20 23 41 43 28 23 21 33 15 16 22 38 40 32 37 18 34 39 39 74 80 58 67 79 83 63 79 80 81 88 67 77 61 54 53 49 35 12 21 17 10 11 11 9 5 3 1 1 0 0 0 0 0 0 1 1 1 1 1 0 1 2 6 21
3 5 4 5 9 16 26 20 6 5 9 5 6 4 4 6 5 2 2 2 4 13 4 5 12 12 5 33 24 17 28 41 23 26 46 13 7 14 7 30 23 17 23 30 33 34 39 22 30 49 49 66 66 67 22 39 78 87 86 67 26 21 47 44 81 57 48 62 29 15 14 15 22 9 3 3 1 1 1 1 0 0 0 0 0 1 1 2 3 1 2 1 1 2 9 10
2 1 3 4 7 9 20 13 2 5 5 7 17 11 4 5 2 3 3 3 1 2 21 12 6 2 7 16 17 12 12 21 30 13 28 6 13 10 3 30 18 22 29 30 22 35 52 37 63 74 45 28 31 25 18 21 60 69 65 38 60 46 42 53 46 43 42 26 44 31 29 15 12 11 6 5 2 2 0 0 0 0 0 0 0 1 2 6 10 5 4 2 2 9 15 15
