sesion_6_simulaciones/modelos_agentes/ejemplos_netlogo/scenarios/cgcm2_a2/rob_2064.asc
NCOLS 322 
NROWS 307 
XLLCORNER 451900 
YLLCORNER 4086900 
CELLSIZE 100 
NODATA_value -9999 
[rows 74 to 147 of 307, columns 0 to 95 of 322]
0 0 0 0 0 0 0 0 0 0 0 0 0 0 0 0 0 0 0 0 0 0 0 0 0 0 0 0 0 0 0 0 0 0 0 1 2 2 2 2 1 1 1 0 0 0 0 0 0 1 0 0 0 0 1 0 0 0 0 1 0 2 2 2 1 1 1 2 2 4 9 5 3 2 12 36 13 15 34 57 50 10 15 21 30 6 4 3 7 4 5 6 4 4 8 5
0 0 0 0 0 0 0 0 0 0 0 0 0 0 0 0 0 0 0 0 0 0 0 0 0 0 0 0 0 0 0 0 0 0 1 2 1 1 4 4 1 1 1 1 0 0 0 0 0 0 0 0 0 0 0 0 0 0 0 0 0 1 3 5 2 2 4 3 3 1 2 6 6 4 7 48 15 6 5 46 39 22 17 11 4 14 14 5 6 5 7 14 11 6 4 30
0 0 0 0 0 0 0 0 0 0 0 0 0 0 0 0 0 0 0 0 0 0 0 0 0 0 0 0 0 0 0 0 0 0 0 1 1 2 2 1 1 5 2 1 1 0 0 0 0 1 1 0 1 0 0 0 1 0 0 0 0 2 1 3 4 4 5 5 8 5 4 2 2 2 7 53 67 16 8 10 28 25 12 4 4 32 33 24 18 4 4 2 18 21 12 19
0 0 0 0 0 0 0 0 0 0 0 0 0 0 0 0 0 0 0 0 0 0 0 0 0 0 0 0 0 0 0 0 0 0 0 0 0 1 0 0 5 1 1 1 2 2 1 0 0 1 1 0 1 0 1 0 0 0 0 0 1 1 1 3 2 3 4 5 7 10 10 10 11 8 4 10 43 26 16 4 31 45 7 3 27 46 7 49 28 13 5 15 24 25 25 12
0 0 0 0 0 0 0 0 0 0 0 0 0 0 0 0 0 0 0 0 0 0 0 0 0 0 0 0 0 0 0 0 0 0 0 0 0 0 1 2 1 3 1 2 3 10 3 2 3 1 1 1 1 0 0 0 0 0 1 1 1 1 1 0 1 3 3 7 8 8 10 17 12 13 6 2 3 11 11 6 13 12 8 8 27 10 7 5 5 19 11 17 13 18 22 29
0 0 0 0 0 0 0 0 0 0 0 0 0 0 0 0 0 0 0 0 0 0 0 0 0 0 0 0 0 0 0 0 1 1 3 2 1 0 1 2 2 6 4 1 1 2 8 9 19 16 8 4 2 1 1 0 0 1 1 1 0 0 0 0 0 1 1 1 2 7 10 10 12 14 10 8 5 10 3 2 11 12 9 14 28 10 21 11 5 15 21 45 57 55 37 43
0 0 0 0 0 0 0 0 0 0 0 0 0 0 0 0 0 0 0 0 0 0 0 0 0 0 0 0 0 0 0 0 0 1 5 7 1 1 1 4 4 3 8 4 1 1 3 11 43 50 56 66 37 6 3 2 1 1 1 1 1 0 0 0 1 1 1 2 2 5 10 8 12 17 14 7 7 3 2 0 4 10 12 15 29 18 7 9 10 15 60 59 58 31 32 61
0 0 0 0 0 0 0 0 0 0 0 0 0 0 0 0 0 0 0 0 0 0 0 1 0 0 0 0 0 0 0 0 0 0 0 3 2 1 1 3 8 24 6 13 10 4 3 1 1 3 9 16 30 45 20 6 2 1 1 1 0 1 0 2 0 0 1 1 1 3 3 13 12 15 18 11 3 0 1 1 2 5 7 18 9 20 24 27 15 14 9 6 25 18 26 44
0 0 0 0 0 0 0 0 0 0 0 0 0 0 0 0 0 0 0 0 0 1 1 0 2 0 0 0 0 0 0 0 0 1 1 0 0 0 0 2 3 3 5 14 8 5 7 4 1 0 0 1 2 10 10 26 8 3 1 7 10 3 1 0 3 1 1 1 0 0 3 7 17 12 8 9 5 3 3 7 2 3 10 29 11 36 32 28 25 30 20 10 9 25 64 77
0 0 0 0 0 0 0 0 0 0 0 0 0 0 0 0 0 0 1 1 0 0 0 0 0 0 0 0 0 0 0 0 0 0 0 1 0 0 1 2 7 12 4 3 2 2 2 2 0 1 1 0 4 2 2 5 11 7 19 13 3 1 1 1 2 1 1 1 2 2 13 10 13 9 8 10 13 17 10 4 7 7 28 36 23 52 44 72 52 46 50 46 13 11 16 17
0 0 0 0 0 0 0 0 0 0 0 0 0 0 0 0 0 0 0 0 0 0 0 0 0 0 0 0 0 0 1 0 0 0 1 1 0 1 2 2 4 8 12 9 1 0 1 1 1 1 0 4 14 6 5 4 2 11 36 5 2 2 1 1 1 1 1 1 4 7 7 9 8 7 8 8 11 11 18 4 7 5 11 8 20 55 27 36 56 70 44 47 50 31 24 19
0 0 0 0 0 0 0 0 0 0 0 0 0 0 0 0 0 0 0 0 0 0 0 0 0 0 0 0 0 0 0 0 0 1 0 1 0 3 2 2 5 6 12 13 6 6 9 6 9 9 6 8 11 7 4 3 6 12 4 5 3 4 2 1 1 0 0 4 4 3 8 6 24 6 5 17 12 10 11 8 7 4 6 15 3 39 29 60 60 77 85 85 65 44 32 29
0 0 0 0 0 0 0 0 0 0 0 0 0 0 0 0 0 0 0 0 0 0 0 0 0 0 0 0 0 0 0 0 0 0 0 0 0 1 1 3 5 3 9 6 4 6 8 5 4 6 7 3 4 5 4 4 10 4 5 6 8 3 1 1 1 1 1 0 1 2 2 6 2 2 17 11 8 12 37 15 17 8 4 12 24 48 38 27 69 65 55 62 71 35 34 32
0 0 0 0 0 0 0 0 0 0 0 0 0 0 0 0 0 0 0 0 0 0 0 0 0 0 0 1 0 0 0 0 0 0 0 0 0 1 1 2 5 2 1 2 2 3 6 1 2 4 3 4 4 6 5 3 4 2 4 4 5 1 1 1 1 1 4 6 5 3 5 3 3 3 3 3 24 33 6 13 14 9 10 7 11 16 33 50 60 68 14 43 56 57 34 31
0 0 0 0 0 0 0 0 0 0 0 0 0 0 0 0 0 0 0 0 0 0 0 0 1 1 1 1 0 2 1 1 0 0 0 0 0 0 0 1 1 0 2 1 2 4 6 1 2 4 2 1 2 5 4 1 3 2 3 4 2 0 0 1 2 1 0 2 7 2 4 4 3 4 7 4 5 9 7 7 4 7 17 15 10 13 12 9 26 24 17 44 23 59 48 39
0 0 0 0 0 0 0 0 0 0 0 0 0 0 0 0 0 0 0 0 0 0 0 1 1 3 3 1 1 1 1 1 0 1 0 0 0 0 0 0 0 0 1 1 1 2 2 1 1 2 1 1 0 3 5 1 2 1 7 2 1 1 1 2 2 0 0 0 14 2 4 2 3 3 3 10 11 25 29 21 32 21 11 7 24 33 29 27 13 10 22 40 43 19 41 34
0 0 0 0 0 0 0 0 0 0 0 0 0 0 0 0 0 0 0 0 0 0 1 1 8 0 5 6 1 2 2 2 1 2 1 1 1 0 0 0 0 0 0 0 1 2 0 1 1 1 1 2 2 5 0 2 4 1 2 0 0 1 3 1 1 1 1 0 3 35 21 9 3 13 13 20 52 48 8 16 44 32 36 35 31 36 35 37 29 15 8 35 32 18 12 4
0 0 0 0 0 0 0 0 0 0 0 0 0 0 0 0 0 0 0 0 0 0 0 1 4 1 0 14 7 1 0 4 1 3 3 6 2 1 1 0 0 0 1 0 0 0 0 0 0 1 9 11 13 11 14 1 0 2 0 0 0 1 1 0 0 0 4 4 1 1 7 9 47 76 43 23 12 9 52 19 4 24 39 34 30 32 41 42 36 17 10 12 8 5 7 23
0 0 0 0 0 0 0 0 0 0 0 0 0 0 0 0 0 0 0 0 0 0 0 1 0 2 3 9 22 5 0 0 0 1 1 3 1 3 4 1 1 0 1 2 2 2 3 1 2 15 22 14 2 3 8 18 4 0 1 1 0 1 1 0 1 1 1 1 3 2 2 3 2 4 3 48 11 13 7 19 36 10 16 45 33 39 44 41 44 43 22 6 14 30 15 25
0 0 0 0 0 0 0 0 0 0 0 0 0 0 0 0 0 1 3 1 0 2 0 0 0 1 0 0 3 3 8 1 0 0 2 0 1 6 1 1 5 0 1 3 10 4 3 10 9 15 35 33 7 20 13 21 8 12 5 4 1 2 0 0 0 1 0 2 1 1 1 1 2 2 2 8 6 11 9 12 22 47 22 27 38 41 28 36 23 13 25 32 38 9 7 11
0 0 0 0 0 0 0 0 0 0 0 0 0 0 0 0 0 1 0 1 1 1 0 1 0 2 1 1 0 5 22 4 1 1 0 2 1 2 9 1 9 0 1 10 9 8 13 22 25 66 47 50 30 68 58 40 25 27 20 2 3 2 0 0 0 1 2 6 3 3 2 6 8 7 5 3 5 12 19 14 9 10 38 37 35 22 34 16 15 37 37 29 37 36 24 14
0 0 0 0 0 0 0 0 0 0 0 0 0 0 0 0 0 0 0 1 1 2 0 1 0 1 2 0 0 2 10 12 4 2 0 1 0 1 7 1 9 1 2 8 11 16 42 51 57 73 59 17 49 37 35 26 20 35 2 1 5 2 1 1 1 1 1 3 4 2 19 4 2 3 4 9 32 34 36 27 21 17 19 28 18 11 26 25 25 31 47 41 22 17 24 21
0 0 0 0 0 0 0 0 0 0 0 0 0 0 0 0 0 0 0 0 0 1 0 1 2 1 3 2 2 1 7 21 1 1 1 1 0 4 26 10 18 11 3 7 21 47 74 63 34 76 37 5 19 4 10 40 46 30 5 17 12 11 2 0 0 1 1 1 2 9 2 5 8 3 5 17 14 10 26 36 42 22 11 13 8 14 31 46 41 39 37 45 22 24 23 35
0 0 0 0 0 0 0 0 0 0 0 0 1 0 0 0 0 0 1 1 0 0 1 3 5 7 3 5 3 1 10 27 2 1 4 4 1 3 2 12 20 46 15 16 41 56 81 72 31 51 7 10 5 2 1 2 48 54 48 32 8 18 1 1 4 8 1 0 1 1 3 9 3 14 17 4 13 30 22 38 30 36 40 15 27 29 41 39 47 30 48 49 34 39 35 47
0 0 0 0 0 0 0 0 0 0 0 0 0 1 0 0 0 1 1 2 3 1 2 4 4 7 6 13 8 9 4 14 3 3 3 1 2 6 2 6 9 32 25 41 49 54 81 89 79 50 16 6 1 1 0 1 2 1 65 30 33 3 1 6 3 4 3 1 1 1 4 4 13 10 7 5 7 4 16 22 41 48 30 19 25 40 33 29 50 24 70 28 34 35 27 32
0 1 0 0 0 0 0 0 0 0 0 0 0 0 1 2 0 1 2 2 3 2 5 13 17 20 21 17 17 21 2 11 17 7 4 2 2 3 1 1 2 29 4 12 12 18 80 84 75 26 15 15 8 7 3 4 1 4 3 2 3 2 5 6 6 2 1 1 1 1 1 4 4 5 3 2 3 11 15 27 33 39 24 23 19 29 35 15 37 32 71 39 38 20 31 42
0 0 0 0 0 0 0 0 0 0 0 0 0 0 1 0 4 1 1 1 2 2 1 1 3 7 11 5 19 21 9 36 52 22 6 13 4 5 4 1 14 25 18 10 17 22 8 33 47 10 17 21 13 9 13 7 3 10 5 7 3 1 4 6 4 2 1 1 2 1 0 1 5 7 6 5 8 14 14 21 20 31 24 23 23 18 26 23 52 57 17 32 40 39 45 30
0 0 0 0 0 0 0 0 0 0 0 0 0 0 0 1 1 6 1 2 1 4 4 5 11 15 14 7 3 4 5 48 36 16 30 35 48 26 4 3 16 20 65 31 29 28 27 8 5 10 28 24 15 10 5 10 10 7 5 3 4 3 9 6 4 2 1 2 2 0 0 1 1 3 4 10 9 13 14 18 17 17 13 23 26 16 17 22 42 4 18 30 23 9 6 17
0 0 0 0 0 0 0 0 0 0 0 0 0 0 1 1 1 1 2 2 5 9 9 13 19 39 22 20 13 6 3 2 42 49 43 13 63 33 16 33 44 10 50 29 81 62 23 9 10 5 16 23 16 11 12 5 9 6 6 4 6 8 20 21 7 2 1 0 1 0 0 1 0 1 1 6 6 7 11 11 15 12 15 21 10 27 21 46 17 10 22 24 28 16 16 27
0 0 0 0 0 0 0 0 0 0 0 0 0 0 0 0 0 1 2 2 6 9 30 24 28 23 47 27 9 10 8 7 3 33 35 7 10 7 50 23 18 5 63 23 11 4 17 11 17 13 20 28 30 19 11 4 2 4 1 2 4 3 10 11 1 2 1 0 1 1 2 2 1 2 3 1 5 6 8 8 7 20 6 3 11 35 16 48 11 5 9 12 15 14 23 28
0 0 0 0 0 0 0 0 0 0 0 0 0 0 1 1 1 1 1 1 2 7 37 44 15 14 18 20 26 22 14 21 9 3 3 11 4 8 57 8 6 14 33 10 11 7 19 13 15 11 6 18 21 21 9 4 3 3 1 1 1 1 2 1 2 2 1 1 1 2 2 1 2 3 2 2 6 6 7 6 23 5 5 9 12 20 18 13 15 3 3 11 13 24 30 42
0 0 0 0 0 0 0 0 0 0 0 0 0 0 0 0 2 3 7 9 6 14 10 9 4 2 9 20 25 19 36 36 8 4 1 2 7 32 16 15 3 40 60 17 16 16 15 21 25 5 8 13 10 11 5 5 3 1 2 1 1 0 1 4 4 2 1 2 2 2 2 1 1 4 1 2 4 3 4 11 7 5 7 5 12 4 13 21 33 12 7 10 17 19 15 36
0 0 0 0 0 0 0 0 0 0 0 0 0 0 0 2 2 4 7 6 8 24 10 7 9 10 3 10 17 14 14 8 5 11 8 10 21 13 26 11 13 17 37 39 25 20 7 10 13 4 4 16 22 22 17 8 4 2 4 11 5 2 1 2 1 1 8 6 2 2 1 16 6 2 2 1 1 2 2 7 2 5 5 2 7 6 12 21 12 25 16 23 18 27 26 34
0 0 0 0 1 0 0 0 0 0 0 0 0 4 1 9 3 2 4 12 15 15 24 12 9 10 11 7 21 17 9 7 10 15 18 18 6 8 12 13 13 4 7 18 26 14 2 5 4 6 7 11 8 9 6 4 4 1 15 16 6 6 1 1 2 2 12 58 29 12 5 3 14 26 4 2 2 2 5 3 1 8 2 5 5 10 4 5 7 12 22 18 42 30 12 19
0 0 0 0 0 0 0 0 0 0 0 0 0 0 4 4 7 10 7 13 11 8 20 9 6 6 5 3 3 4 11 9 15 16 9 18 16 14 11 10 3 8 15 4 26 15 11 10 10 4 4 4 4 18 10 8 6 2 3 3 2 2 6 2 5 8 6 34 61 32 2 5 5 3 18 7 2 2 2 2 4 7 2 21 8 6 7 12 9 13 21 35 14 16 18 8
0 0 0 0 0 0 1 0 0 0 0 0 0 0 0 1 0 1 3 9 11 11 19 28 15 10 13 10 5 3 6 2 4 8 8 14 15 10 18 5 3 11 5 8 27 13 12 10 11 6 5 5 5 13 19 2 3 2 5 4 3 13 10 12 15 8 14 11 49 22 18 4 3 4 4 9 6 7 5 7 2 4 5 9 7 10 13 5 7 40 15 8 21 16 20 19
0 0 0 0 0 0 0 0 0 0 0 0 0 0 2 2 1 1 2 7 12 27 36 44 40 13 8 4 2 3 3 1 1 2 4 5 9 11 7 10 8 11 3 20 3 2 5 7 8 8 15 14 6 13 8 6 4 7 8 2 8 9 4 4 53 14 15 8 4 54 45 9 10 4 14 22 27 45 25 17 9 7 3 12 30 17 37 24 23 28 21 11 21 25 32 18
0 0 0 0 0 0 0 0 0 0 0 0 0 0 1 1 1 5 3 18 51 25 11 18 28 13 10 10 4 1 3 4 6 3 1 4 14 13 3 7 18 18 15 14 5 3 6 14 23 24 9 37 23 25 14 5 6 2 2 10 4 3 3 5 4 20 11 11 6 18 37 57 35 6 2 17 13 33 3 2 11 36 1 6 2 12 12 62 45 37 67 29 24 23 27 28
0 0 0 0 0 0 0 1 0 0 0 0 0 0 0 1 4 5 6 3 4 33 34 16 20 13 22 31 16 6 5 11 7 7 8 3 4 9 8 9 10 15 13 12 10 10 25 21 16 20 21 15 18 13 11 16 20 24 7 2 8 3 3 25 5 16 25 11 7 9 36 38 42 18 6 9 2 18 7 3 1 15 6 6 9 39 8 13 5 3 39 13 21 68 27 44
0 0 0 0 0 0 0 0 0 0 0 0 1 0 0 1 2 4 6 6 5 2 22 54 35 30 24 25 27 9 9 13 6 7 15 21 8 3 4 9 14 10 6 38 15 16 20 49 48 29 42 16 21 49 65 60 17 12 6 4 5 27 12 3 27 7 28 18 12 3 35 30 21 36 7 11 2 20 31 6 3 32 4 7 11 2 15 10 3 11 61 21 12 49 68 66
0 0 0 0 0 0 0 0 0 0 0 0 0 0 0 1 1 3 6 13 11 11 5 16 18 18 6 7 25 10 6 7 5 4 6 12 10 7 6 11 8 4 4 4 20 24 22 42 30 15 13 32 14 12 9 5 9 3 7 7 6 17 22 7 10 23 3 37 21 6 27 45 42 32 11 9 4 30 6 7 2 53 13 8 13 11 5 11 10 25 58 71 16 14 68 62
0 0 0 0 0 0 0 0 0 0 0 0 0 0 0 0 1 1 6 18 24 12 8 3 3 2 6 4 1 2 7 1 2 4 8 6 8 13 9 7 16 12 14 13 18 23 21 18 12 12 24 25 26 34 12 21 17 8 5 9 4 9 16 17 14 46 17 35 51 15 15 21 48 25 38 10 6 29 15 33 24 52 71 19 14 16 5 20 11 7 36 78 24 10 11 64
0 0 0 0 0 0 0 0 0 0 0 0 0 0 0 0 1 2 5 11 17 11 6 9 5 5 6 2 1 1 3 2 2 3 3 5 10 11 8 19 29 19 18 14 7 13 15 14 17 36 24 41 26 27 21 26 22 17 11 17 11 21 10 25 8 43 34 14 55 33 5 24 33 25 53 16 34 17 18 16 37 16 73 38 9 17 17 47 14 7 8 51 32 14 30 28
0 0 0 0 0 0 0 0 0 0 0 0 0 0 0 0 1 2 3 7 10 10 10 7 14 10 13 9 2 1 1 1 1 3 3 2 10 12 5 6 24 16 9 6 15 9 16 10 10 37 49 41 50 29 11 21 51 18 29 24 29 38 14 5 8 7 24 13 25 49 19 15 18 57 43 32 49 17 31 63 43 17 48 68 17 22 9 9 10 14 19 61 29 43 26 8
1 0 0 0 0 0 0 0 0 0 0 0 0 0 0 0 2 2 17 17 11 27 16 21 7 8 12 11 8 1 0 1 5 4 13 12 9 17 18 16 17 12 11 8 11 7 7 14 11 8 7 17 9 16 44 33 54 16 72 55 16 51 18 25 28 10 7 5 19 37 17 39 20 40 9 32 75 50 30 48 63 56 49 76 20 17 31 11 15 5 25 39 39 16 10 12
0 0 0 0 0 0 0 0 0 0 0 0 0 0 0 1 0 2 2 1 4 2 3 7 14 21 12 11 18 3 1 10 7 10 5 3 9 9 10 32 21 8 12 22 17 17 20 24 9 25 26 9 31 49 41 55 39 42 35 49 12 35 45 21 38 51 51 31 14 53 54 70 65 33 29 36 58 64 48 53 59 62 44 75 69 37 6 7 9 21 28 44 51 24 11 7
0 0 0 0 0 0 0 0 0 0 0 0 0 0 1 2 1 1 4 3 3 6 5 9 24 11 14 15 19 18 6 48 13 4 9 4 17 17 20 29 46 22 26 29 17 29 16 21 12 17 22 15 7 34 15 28 60 62 41 44 49 68 70 57 18 59 52 60 53 34 51 64 19 36 34 37 57 48 71 73 62 43 42 80 70 31 40 8 10 40 20 48 36 36 30 18
0 0 0 0 0 0 0 0 0 0 0 0 0 0 0 0 0 1 1 7 4 6 8 9 10 10 20 14 16 10 13 47 9 12 11 9 15 13 14 28 39 18 18 27 15 25 8 9 20 11 10 19 7 5 5 7 31 55 61 67 54 43 63 81 41 36 65 65 56 35 14 29 40 27 32 53 64 80 58 41 40 33 82 71 73 28 22 22 15 23 26 50 12 9 11 41
2 0 0 0 0 0 0 0 0 0 0 0 0 0 1 0 0 0 1 3 7 10 2 4 6 11 13 6 19 17 30 15 16 24 12 6 6 13 36 35 18 10 24 34 32 21 7 6 6 20 10 10 16 13 6 3 10 17 11 39 26 23 58 77 68 49 26 12 15 24 18 21 19 23 26 26 61 51 45 31 11 32 83 69 72 61 26 30 7 27 34 61 59 44 21 9
0 1 0 0 0 0 0 0 0 0 0 0 0 0 3 0 0 0 2 5 4 3 1 5 3 1 8 4 18 24 27 27 32 16 7 16 18 17 37 26 11 26 12 14 26 7 6 9 4 15 8 5 12 5 13 8 7 12 14 5 24 25 31 42 45 21 18 30 24 37 22 13 16 21 24 11 34 31 36 21 19 13 45 31 47 70 30 43 12 39 56 48 34 38 35 15
0 0 0 0 0 0 0 0 0 0 0 0 0 0 0 1 1 1 1 1 3 1 4 3 3 2 6 5 14 11 15 16 28 11 19 19 25 12 24 18 12 18 11 13 14 6 7 7 5 24 11 7 16 17 12 10 19 18 29 17 11 16 5 12 4 4 15 26 29 34 30 18 13 8 9 9 17 18 22 19 22 17 21 17 30 39 16 30 10 32 57 54 30 15 75 60
0 0 0 0 0 0 0 0 0 0 0 0 0 0 0 5 2 0 1 1 3 1 2 3 3 4 14 10 15 10 20 29 9 15 15 29 14 13 31 7 12 17 6 11 10 19 5 11 4 14 9 11 11 21 8 12 13 22 16 21 22 30 12 12 12 7 23 18 23 16 10 7 26 13 9 5 7 19 13 11 12 11 13 25 31 27 21 29 14 68 71 69 67 26 8 19
0 0 0 0 0 0 0 0 0 0 0 0 1 1 1 0 1 1 0 1 3 1 2 5 4 3 12 7 5 4 6 9 15 37 17 11 12 3 14 6 10 8 10 8 4 6 6 8 10 11 9 11 8 13 12 21 24 14 20 16 31 16 9 22 7 13 17 33 12 9 16 36 25 20 23 23 7 6 14 11 12 18 12 33 20 15 44 15 28 68 67 63 79 41 46 14
1 0 0 0 0 0 0 0 0 0 0 0 0 1 1 0 0 1 0 1 1 1 1 3 2 7 7 9 4 3 7 25 10 13 20 11 8 7 12 4 7 5 2 3 3 7 2 4 5 1 6 2 7 15 19 25 35 23 10 19 15 20 17 12 46 12 19 23 27 48 39 24 14 14 21 25 24 27 30 31 41 46 19 21 18 32 54 33 49 61 34 53 83 62 65 46
1 1 1 1 0 0 0 0 0 0 0 0 0 1 0 1 1 0 1 0 1 1 1 0 1 1 2 5 4 11 6 15 5 9 16 8 5 7 3 6 4 4 3 10 14 6 2 12 30 11 18 13 23 39 41 12 18 20 19 14 17 18 33 26 32 26 22 23 49 9 7 10 12 7 4 7 27 22 37 45 50 45 36 15 15 36 62 30 34 18 26 60 90 52 72 62
0 0 0 1 1 1 0 0 0 1 1 0 0 0 0 1 0 0 1 2 8 4 5 2 4 1 1 3 6 4 6 3 3 6 14 7 4 3 2 3 9 34 8 4 8 9 15 6 33 45 70 30 45 67 47 23 41 21 8 9 9 11 30 15 18 26 24 32 12 10 14 20 38 24 25 19 9 31 49 66 60 21 15 22 12 38 56 39 32 28 32 83 85 52 61 89
0 0 0 0 1 1 2 1 1 0 1 0 0 0 0 0 1 1 2 1 6 13 9 3 3 5 12 6 8 2 14 5 5 3 4 4 2 2 6 6 15 2 13 33 9 20 23 18 18 68 69 75 26 54 52 52 29 49 26 18 15 18 5 19 27 33 34 11 14 15 26 42 30 41 54 34 21 50 66 67 31 19 14 29 18 40 22 17 35 39 60 88 68 82 62 90
1 1 0 0 1 0 0 1 0 1 0 0 0 0 1 0 1 1 3 4 2 18 11 18 26 35 27 19 12 3 8 5 3 5 7 22 12 22 35 27 32 37 23 49 15 34 50 57 10 11 11 65 63 30 51 25 24 65 40 35 14 15 19 27 29 33 22 27 27 38 32 17 31 31 36 33 59 53 40 40 21 15 13 19 16 28 20 21 24 25 40 79 55 75 34 67
1 1 1 1 1 0 0 0 0 0 0 0 0 0 0 0 0 0 4 15 4 1 13 47 23 38 34 41 39 51 25 44 44 59 18 39 4 33 56 26 48 68 22 57 55 29 59 25 75 36 18 77 58 54 53 53 75 80 31 44 21 16 14 16 15 22 18 13 12 17 19 24 18 32 39 60 69 57 19 8 21 11 9 15 7 15 15 28 27 50 65 78 46 52 48 43
0 1 7 0 2 3 1 1 0 0 0 0 1 1 1 0 0 1 1 7 4 1 1 5 6 4 21 52 32 37 44 38 64 39 30 40 58 48 54 59 25 69 69 34 51 44 67 30 68 82 53 55 55 47 31 74 56 60 48 53 39 12 12 12 31 21 23 30 34 34 41 28 42 37 63 66 47 28 21 9 3 5 7 10 11 7 13 23 24 38 66 66 25 31 37 36
1 1 1 3 3 3 2 2 2 2 0 1 1 1 0 0 1 1 2 1 0 0 3 1 2 6 18 14 22 33 42 54 15 45 18 64 53 51 56 62 46 62 51 57 66 59 65 71 16 67 48 29 74 21 45 72 52 19 62 20 28 44 10 10 20 20 40 34 35 32 32 40 56 81 78 65 45 24 5 7 6 3 2 2 6 3 12 11 19 28 48 39 29 16 40 52
0 1 2 1 1 2 0 1 2 1 1 0 1 1 0 1 1 1 2 4 3 3 2 3 3 4 1 3 3 5 3 3 7 10 4 3 6 5 5 9 11 12 7 13 15 15 16 66 51 46 76 28 59 57 60 58 22 13 22 25 54 48 22 14 31 30 36 25 28 56 71 74 77 74 67 57 36 10 4 4 4 3 3 2 4 2 6 4 7 11 22 24 21 11 20 27
2 2 2 1 1 0 0 0 1 0 1 1 0 1 0 1 1 1 1 1 1 4 4 3 6 4 2 3 6 8 5 5 14 11 9 12 6 8 11 16 14 16 28 15 19 13 22 9 14 17 50 49 57 63 57 30 32 39 32 46 48 23 20 25 26 25 38 54 68 69 76 61 43 41 26 22 6 7 7 7 6 5 3 3 2 1 1 1 2 3 8 9 14 8 7 10
7 10 4 1 0 0 0 0 0 1 0 0 0 1 0 0 0 0 0 3 2 1 1 1 3 2 1 6 4 3 6 6 2 2 2 6 5 4 9 5 8 17 17 10 10 15 11 21 19 20 12 16 15 18 28 29 39 33 30 43 13 15 16 26 31 21 22 20 43 69 72 66 45 34 15 12 21 18 30 24 14 8 2 4 5 5 6 3 2 1 1 2 4 11 10 7
1 1 1 3 1 0 0 0 0 0 0 0 0 1 0 0 1 0 0 0 3 3 2 3 2 2 2 4 5 6 4 1 4 2 3 5 5 7 7 10 8 8 9 5 4 5 5 6 14 22 32 49 37 30 28 24 28 26 27 11 9 16 15 33 24 15 22 22 26 33 27 38 43 20 12 23 30 27 8 6 3 4 5 10 20 19 18 9 9 6 2 2 1 1 3 2
1 1 1 0 0 0 0 0 0 0 0 0 0 0 0 0 0 0 0 1 1 4 4 2 3 1 2 4 6 1 1 3 2 6 6 3 5 5 5 6 6 8 24 11 12 9 9 14 21 19 32 34 26 26 27 20 24 17 16 16 3 18 16 22 38 40 36 45 35 28 16 16 8 15 23 33 51 34 15 9 9 12 14 27 22 21 23 24 25 12 15 8 4 4 2 1
2 1 1 0 0 0 0 0 0 0 0 0 0 0 0 0 0 0 1 0 1 2 3 3 3 1 6 9 3 1 3 2 4 3 7 8 5 9 10 9 2 9 12 12 10 22 23 19 14 12 20 10 35 25 47 33 19 18 12 9 11 13 17 13 54 63 30 49 43 37 25 26 13 25 40 47 25 9 16 21 19 29 19 32 40 34 42 29 29 28 22 22 17 12 5 9
1 0 0 0 0 0 2 3 1 0 2 0 0 0 0 0 0 0 0 0 1 1 1 1 2 4 18 17 5 2 5 3 4 12 5 9 7 9 4 4 13 10 7 11 12 21 18 9 25 11 21 28 26 17 31 17 31 9 16 6 23 35 15 44 73 47 46 28 26 30 21 11 16 28 38 34 15 24 24 31 39 34 41 55 53 46 44 34 48 48 31 46 28 17 15 14
0 1 0 0 1 5 2 1 4 6 0 1 0 0 0 0 0 0 0 1 1 1 1 3 2 13 7 1 2 1 2 5 2 4 15 5 5 8 9 12 7 8 7 6 10 10 18 17 15 18 23 21 27 17 21 16 35 19 9 4 11 31 50 64 56 57 33 32 30 16 13 16 25 11 40 17 30 30 46 47 55 41 50 58 60 44 57 55 54 38 41 44 32 30 36 37
0 0 0 0 0 5 3 4 7 3 1 1 5 1 0 0 0 0 0 0 0 0 1 3 1 1 1 2 4 5 2 1 6 2 5 5 6 14 7 8 4 9 3 3 4 11 11 19 21 14 12 28 8 18 23 22 13 8 20 11 3 17 18 25 38 60 50 63 41 12 28 22 33 27 72 36 29 32 41 45 57 41 49 63 44 44 59 72 61 57 42 43 41 55 51 36
0 0 0 1 0 0 0 0 4 5 6 5 4 1 1 1 0 0 0 0 0 0 0 0 1 2 2 2 3 2 2 1 1 2 2 3 2 3 4 8 16 5 9 8 2 4 7 7 12 16 19 16 18 4 29 4 10 26 12 13 6 6 14 13 11 12 34 23 13 31 59 31 36 28 66 32 37 40 53 63 78 65 80 78 72 66 67 67 81 80 53 47 46 47 74 52
0 0 0 0 0 0 0 0 0 1 1 3 2 1 1 1 1 1 1 0 0 0 0 0 1 2 2 0 0 1 0 0 1 1 1 1 1 2 2 5 9 19 8 3 16 11 15 5 11 7 7 13 5 14 13 21 22 15 15 12 8 23 36 26 20 13 14 29 38 34 45 48 27 40 60 50 59 52 66 81 69 57 83 81 80 78 77 75 78 74 59 54 70 74 75 60
0 0 0 1 0 0 4 1 1 0 4 8 2 7 3 4 8 5 3 0 0 0 0 0 1 0 0 0 0 0 0 0 0 0 1 1 1 1 3 5 4 7 11 14 1 10 10 12 13 7 7 18 24 11 5 5 9 21 19 18 14 35 28 21 11 24 29 29 54 48 40 67 45 60 56 71 76 70 78 70 40 66 78 61 42 47 67 40 71 80 67 67 63 65 64 80
1 3 6 1 5 0 0 0 2 1 8 8 7 31 9 11 21 11 2 3 1 1 0 0 0 0 0 0 0 0 0 0 0 1 0 0 1 1 1 1 1 4 7 18 11 6 12 7 11 9 9 8 6 33 51 20 17 15 15 17 27 26 33 17 27 32 45 23 46 55 35 53 61 57 73 49 63 61 76 67 23 36 48 63 36 10 16 32 76 71 73 79 43 50 37 74
