sesion_6_simulaciones/modelos_agentes/ejemplos_netlogo/scenarios/cgcm2_a2/rob_2089.asc
NCOLS 322 
NROWS 307 
XLLCORNER 451900 
YLLCORNER 4086900 
CELLSIZE 100 
NODATA_value -9999 
[rows 0 to 72 of 307, columns 96 to 191 of 322]
0 0 0 0 0 0 0 0 0 0 0 0 0 0 0 0 0 0 0 0 0 0 0 0 0 0 0 0 0 0 0 0 0 0 0 0 0 0 0 0 0 0 1 2 3 3 3 3 10 2 1 2 1 0 0 0 0 0 0 0 0 0 0 0 0 0 1 0 0 1 1 1 1 1 1 1 2 3 2 19 14 8 16 19 28 18 19 22 26 35 16 9 5 2 4 7
0 0 0 0 0 0 0 0 0 0 0 0 0 0 0 0 0 0 0 0 0 0 0 0 0 0 0 0 0 0 0 0 0 0 0 0 0 0 0 0 0 0 0 0 11 19 10 6 22 7 5 2 0 0 2 0 0 0 0 0 0 0 0 0 0 0 0 0 0 0 0 1 2 1 3 5 10 4 4 7 8 7 14 21 24 16 16 22 23 15 18 11 14 5 6 7
0 0 0 0 0 0 0 0 0 0 0 0 0 0 0 0 0 0 0 0 0 0 0 0 0 0 0 0 0 0 0 0 0 0 0 0 0 0 0 0 1 1 1 2 0 0 0 2 21 8 6 7 1 3 1 1 0 0 0 0 0 1 2 1 3 0 0 1 0 0 0 0 1 1 2 6 13 17 8 5 6 6 12 13 22 14 19 25 11 10 15 8 11 10 5 5
0 0 0 0 0 0 0 0 0 0 0 0 0 0 0 0 0 0 0 0 0 0 0 0 0 0 0 0 0 0 0 0 0 0 0 0 0 0 1 2 4 7 3 1 0 0 0 0 1 0 1 1 0 1 1 0 1 0 0 0 0 1 3 3 5 4 3 0 1 1 1 1 1 1 2 3 5 3 2 4 7 7 12 15 17 12 11 14 9 8 12 11 5 7 2 8
0 0 0 0 0 0 0 0 0 0 0 0 0 0 0 0 0 0 0 0 0 0 0 0 0 0 0 0 0 0 0 0 0 0 0 0 1 1 5 11 13 11 6 2 1 0 1 1 1 0 1 1 0 2 0 0 1 0 0 0 1 2 2 5 2 1 4 1 2 2 1 1 0 1 2 1 3 3 4 4 4 4 24 13 8 10 9 14 8 10 9 13 3 5 9 9
0 0 0 0 0 0 0 0 0 0 0 0 0 0 0 0 0 0 0 0 0 0 0 0 0 0 0 0 0 0 0 0 0 0 0 1 2 6 12 9 17 19 16 5 1 2 1 1 1 1 1 3 0 0 0 1 0 0 0 0 2 2 0 0 0 1 2 0 0 1 0 1 5 3 1 1 1 1 1 3 2 4 5 6 9 5 5 11 10 6 8 5 5 11 14 4
0 0 0 0 0 0 0 0 0 0 0 0 0 0 0 0 0 0 0 0 0 0 0 0 0 0 0 0 0 0 0 0 0 0 1 5 9 11 15 19 24 26 7 2 3 7 3 4 2 2 1 4 1 1 1 0 0 0 1 0 0 0 0 0 0 0 1 3 1 1 0 1 0 0 3 1 1 2 1 2 2 1 2 2 4 4 3 7 5 2 5 4 5 6 3 4
0 0 0 0 0 0 0 0 0 0 0 0 0 0 0 0 0 0 0 0 0 0 0 0 0 0 0 0 0 0 0 0 0 1 1 7 8 17 24 20 20 4 6 5 13 8 5 13 5 4 2 2 3 3 1 1 1 3 4 5 1 0 0 0 1 0 1 1 2 1 1 0 0 0 0 1 3 8 5 1 2 2 1 2 7 3 3 5 7 10 3 2 1 2 3 3
0 0 0 0 0 0 0 0 0 0 0 0 0 1 0 0 0 0 0 0 0 0 0 0 0 0 0 0 0 0 0 0 1 3 8 2 2 4 4 4 9 5 4 8 23 13 5 7 8 4 2 2 18 2 1 2 1 2 0 1 5 2 1 0 1 1 0 0 0 0 1 1 0 0 1 0 1 1 2 5 6 13 3 4 1 1 3 14 3 9 4 14 8 4 3 5
0 0 0 0 0 0 0 0 0 0 0 0 0 0 0 0 0 0 0 0 0 0 0 0 0 0 0 0 0 0 0 1 1 2 5 5 5 6 4 4 2 2 5 11 31 11 4 3 6 6 4 2 3 33 11 8 1 1 0 3 1 2 0 1 0 0 0 0 1 1 1 1 1 1 1 3 1 2 10 12 3 11 5 2 1 2 1 4 4 8 3 10 33 17 3 3
0 0 0 0 0 0 0 0 0 0 0 0 0 0 0 0 0 0 0 0 0 0 0 0 0 0 0 0 0 0 1 1 9 6 3 4 6 14 14 8 5 2 2 3 14 3 4 6 7 4 7 2 5 5 31 12 2 1 1 3 1 1 1 0 0 1 1 0 1 3 2 3 2 1 3 4 2 1 2 11 4 7 6 10 2 3 2 3 17 11 10 11 34 33 14 5
0 0 0 0 0 0 0 0 0 0 0 0 0 0 0 0 0 0 0 0 0 0 0 0 0 0 0 0 0 2 3 3 4 5 4 4 6 20 14 10 6 3 4 7 8 3 4 12 5 5 13 4 6 13 5 9 3 2 3 2 1 1 2 1 1 0 2 2 5 16 17 21 2 3 6 5 3 2 2 12 4 1 6 16 3 4 4 5 15 7 7 8 24 24 22 13
0 0 0 0 0 0 0 0 0 0 0 0 0 0 0 0 0 0 0 0 0 0 0 0 0 0 0 0 0 1 5 3 4 4 6 18 18 5 8 17 6 2 3 14 10 4 8 7 9 11 18 13 12 23 11 8 6 4 6 1 1 1 2 1 1 1 1 2 7 4 13 8 5 2 2 8 2 2 1 2 6 1 9 27 3 5 11 6 5 28 11 4 8 12 31 36
0 0 0 0 0 0 0 0 0 0 0 0 0 0 0 0 0 0 0 0 0 0 0 0 0 0 0 0 1 1 2 3 3 2 2 3 3 2 2 5 6 1 1 1 4 3 7 6 23 31 38 37 19 23 11 17 12 6 5 5 1 1 2 2 2 2 1 2 2 1 0 0 5 3 2 2 2 4 2 1 1 1 5 17 18 6 10 13 7 8 21 8 16 25 60 36
0 0 0 0 0 0 0 0 0 0 0 0 0 0 0 0 0 0 0 0 0 0 0 0 0 0 0 0 1 1 1 1 1 2 4 3 3 3 2 1 4 1 3 2 1 1 8 15 19 46 51 45 28 37 20 35 23 11 9 11 1 5 7 4 2 2 1 1 1 0 1 4 10 5 6 8 4 3 2 2 5 1 6 20 32 8 4 5 7 6 4 5 15 24 25 24
0 0 0 0 0 0 0 0 0 0 0 0 0 0 0 0 0 0 0 0 0 0 0 0 0 0 0 0 0 0 0 2 2 3 3 5 12 15 6 1 2 2 1 3 1 1 1 15 19 23 32 21 23 21 30 17 20 10 15 11 1 4 1 5 10 5 1 2 3 0 1 11 8 6 2 1 2 4 5 6 5 5 6 24 43 68 24 14 7 6 6 3 20 56 38 17
0 0 0 0 0 0 0 0 0 0 0 0 0 0 0 0 0 0 0 0 0 0 0 0 0 0 0 0 1 1 1 1 1 2 3 7 14 20 17 1 3 3 1 2 6 7 8 2 10 19 11 12 7 9 21 28 23 20 21 16 3 6 3 3 6 1 1 2 1 1 1 8 4 5 1 1 2 2 13 6 7 8 12 21 52 71 68 12 8 9 9 7 24 51 44 48
0 0 0 0 0 0 0 0 0 0 0 0 0 0 0 0 0 0 0 0 0 0 0 0 0 0 0 0 0 0 1 1 1 1 5 15 9 15 16 6 10 12 8 8 15 14 20 11 4 1 2 3 2 1 6 40 67 76 29 7 19 6 5 3 6 3 1 4 1 1 9 8 6 5 1 6 9 4 9 7 6 7 5 3 39 44 48 38 21 13 13 11 14 35 41 13
0 0 0 0 0 0 0 0 0 0 0 0 0 0 0 0 0 0 0 0 0 0 0 0 0 0 0 0 0 0 1 1 1 2 4 6 2 4 5 18 13 18 21 29 27 15 22 20 10 8 6 7 8 1 1 11 67 70 34 12 10 13 4 3 4 1 1 2 0 7 13 13 10 23 3 4 10 11 15 43 15 10 6 4 11 29 40 34 46 21 18 22 10 26 64 15
0 0 0 0 0 0 0 0 0 0 0 0 0 0 0 0 0 0 0 0 0 0 0 0 0 0 0 0 0 0 0 2 1 1 2 1 4 5 5 9 25 27 24 11 16 8 17 25 13 11 12 3 7 3 6 4 16 23 33 27 15 6 4 8 6 1 1 7 16 10 26 46 7 43 8 2 11 39 15 45 39 21 18 8 10 48 67 50 63 37 30 20 9 18 58 43
0 0 0 0 0 0 0 0 0 0 0 0 0 0 0 0 0 0 0 0 0 0 0 0 0 0 0 0 0 0 0 0 1 1 2 1 2 4 3 15 8 10 27 22 11 12 15 32 28 11 21 15 4 8 14 10 14 37 44 30 6 5 24 17 6 1 8 7 11 14 11 13 6 9 24 14 9 7 13 52 13 14 36 21 20 9 59 34 66 25 37 21 15 15 28 45
0 0 0 0 0 0 0 0 0 0 0 0 0 0 0 0 0 0 0 0 0 0 0 0 0 0 0 0 0 0 0 0 1 4 3 2 10 3 6 3 10 8 8 9 23 30 66 51 50 17 20 15 14 15 26 20 18 39 54 44 41 6 9 8 3 4 15 2 9 16 27 10 18 6 27 35 14 8 19 66 74 31 11 50 38 14 10 24 65 52 49 41 22 20 27 54
0 0 0 0 0 0 0 0 0 0 0 0 0 0 0 0 0 0 0 0 0 0 0 0 0 0 0 0 0 0 1 3 4 1 0 11 6 2 2 3 8 19 13 11 11 41 38 17 24 18 34 20 21 21 22 25 16 24 46 23 16 10 4 4 4 12 18 1 7 5 17 29 30 8 8 25 24 36 14 54 78 47 52 21 39 22 7 21 71 76 27 59 41 26 33 55
0 0 0 0 0 0 0 0 0 0 0 0 0 0 0 0 0 0 0 0 0 0 0 0 0 0 0 0 1 0 0 0 0 0 0 1 2 4 1 4 6 15 17 23 24 10 9 7 5 4 18 13 8 12 23 12 15 15 17 22 21 12 5 7 23 12 7 3 7 8 7 26 20 17 17 46 50 26 25 15 51 60 39 64 25 20 15 19 20 58 25 43 41 23 22 31
0 0 0 0 0 0 0 0 0 0 0 0 0 0 0 0 0 0 0 0 0 0 1 0 0 0 1 1 2 1 0 0 1 1 0 0 0 5 4 1 4 11 22 34 25 25 21 19 16 16 8 7 4 2 3 4 4 5 25 24 28 11 14 14 7 18 7 9 18 12 8 20 33 36 8 47 60 32 35 23 42 66 32 18 54 34 21 23 20 32 36 38 51 29 18 18
0 0 0 0 0 0 0 0 0 0 0 0 0 0 0 0 0 0 0 0 1 3 4 7 5 4 4 2 4 2 9 13 10 3 1 1 1 1 1 2 7 6 11 17 27 33 37 29 27 27 15 15 16 17 16 16 17 14 35 33 24 16 10 9 7 21 14 21 6 24 10 8 28 20 10 29 36 16 21 21 23 43 70 20 30 18 26 14 14 25 19 31 17 18 14 17
0 0 0 0 0 0 0 0 0 0 0 0 0 0 0 0 0 2 1 3 5 7 8 14 10 14 12 11 12 16 10 2 5 8 4 1 2 2 1 1 4 6 10 21 19 24 33 24 27 28 22 22 26 28 15 25 16 17 27 18 18 11 5 5 5 21 13 22 23 30 6 10 16 21 17 32 33 46 14 23 26 13 37 27 21 37 17 18 5 15 21 17 21 16 19 18
0 0 0 0 0 0 0 0 0 0 0 0 0 0 1 4 3 2 4 1 2 3 6 14 18 15 64 28 25 26 2 2 1 2 4 3 4 2 4 3 4 11 15 14 27 26 21 38 30 23 20 23 23 22 22 24 23 6 14 11 11 7 6 10 19 43 41 17 19 9 18 7 17 22 23 15 15 33 34 19 30 20 33 33 12 40 20 15 5 10 24 25 18 25 17 10
0 0 0 0 0 0 0 0 0 0 1 2 5 6 12 12 7 9 9 5 2 1 5 13 9 8 5 15 18 15 5 1 1 1 1 1 3 3 4 5 2 5 10 13 6 7 4 16 28 19 29 27 20 20 19 31 24 8 9 7 4 10 17 24 32 25 11 15 9 21 20 27 15 16 22 16 18 20 38 25 22 22 22 17 21 20 21 20 14 6 16 9 12 19 9 9
0 0 0 0 0 0 0 0 1 3 9 6 18 21 15 40 12 13 24 4 14 3 2 7 5 3 5 5 5 4 14 4 2 0 1 0 2 1 2 5 5 6 15 6 8 9 5 18 12 7 7 6 5 12 12 6 22 12 9 6 7 10 21 24 30 23 10 26 37 18 27 18 15 15 14 10 14 13 21 25 24 23 10 19 13 7 9 6 9 6 5 1 2 3 4 7
0 0 0 0 0 1 2 3 3 12 12 29 22 34 28 29 9 12 30 16 4 5 3 1 2 2 1 1 3 2 3 24 4 1 1 1 5 21 23 14 11 7 6 3 7 7 7 3 2 5 5 10 15 15 8 10 18 11 17 5 8 13 26 15 28 13 10 20 35 34 21 17 9 16 13 8 5 2 7 12 19 13 8 6 5 6 5 5 3 3 3 4 21 12 14 19
0 1 1 1 3 8 5 10 16 19 19 50 24 33 16 26 13 29 21 23 3 8 9 3 2 1 1 0 1 1 1 2 3 1 1 2 1 3 3 5 3 4 4 8 10 6 8 4 7 8 25 32 23 13 30 5 24 19 4 2 2 8 7 19 16 19 12 7 12 19 13 14 8 3 3 4 7 5 14 21 15 20 13 21 23 24 21 19 19 27 10 13 39 26 18 34
2 3 4 9 8 8 11 21 31 23 62 23 8 19 15 17 21 22 21 24 6 4 6 3 2 1 1 1 2 2 2 4 2 1 2 2 3 3 6 4 8 5 9 11 16 15 12 12 9 12 17 37 31 33 37 12 27 19 9 12 7 2 2 3 5 4 8 6 6 6 7 6 6 10 18 18 29 19 32 19 22 32 19 32 25 50 35 20 33 31 19 21 34 29 23 39
7 18 19 11 19 20 33 19 28 16 43 4 7 5 10 17 19 12 9 20 8 3 1 1 2 2 2 2 2 1 10 6 5 3 4 4 4 4 4 5 6 8 8 9 18 12 20 14 8 28 19 19 19 13 11 9 36 14 12 24 20 12 13 14 15 15 28 21 16 16 17 17 25 27 26 16 27 27 29 30 31 31 31 31 51 39 34 29 32 21 33 24 38 25 46 41
1 2 10 12 21 17 30 24 7 1 1 1 3 2 2 3 4 8 14 23 8 2 2 4 2 2 6 4 6 4 6 4 4 3 2 7 6 2 6 5 6 10 10 11 9 9 15 11 9 16 20 14 17 18 10 14 10 9 12 17 14 17 18 22 25 21 33 30 26 14 25 25 22 24 34 24 23 38 26 37 39 28 34 34 61 35 34 33 34 32 33 26 41 42 41 49
1 1 1 1 1 1 3 3 4 1 1 2 4 4 2 1 1 2 12 9 4 2 8 2 5 7 7 4 6 3 3 2 4 3 1 2 3 2 3 4 3 9 5 5 6 8 16 10 6 8 15 11 5 17 7 16 7 8 13 10 20 14 12 13 17 11 35 22 14 23 21 20 31 20 31 21 23 34 34 37 29 24 36 38 43 34 31 36 29 31 31 28 56 42 31 33
2 5 4 2 2 2 1 1 2 1 2 3 3 2 1 1 0 4 3 4 6 10 11 3 6 4 4 3 2 1 0 1 2 1 1 2 1 1 2 3 5 3 4 3 3 9 7 5 9 12 10 14 3 15 11 3 11 12 11 6 11 10 19 18 14 22 17 20 19 14 19 31 28 19 30 28 22 35 21 29 24 33 37 54 44 29 17 43 29 32 39 39 42 18 42 29
2 2 2 2 1 1 1 1 3 4 5 6 5 1 2 4 4 6 6 10 22 12 13 6 3 2 2 2 2 2 1 1 1 1 2 1 0 1 1 3 1 1 3 4 3 10 3 5 10 6 10 2 5 4 2 4 13 8 4 10 6 12 16 11 8 17 18 18 11 19 37 36 30 16 25 31 26 34 19 19 25 31 36 37 28 18 19 38 30 20 42 41 38 17 12 42
0 1 3 3 4 2 4 2 3 4 6 12 9 7 5 9 4 10 11 12 14 6 2 2 4 2 1 1 2 1 1 0 1 1 0 1 0 2 1 1 1 1 2 2 2 10 4 4 4 3 3 4 3 2 1 2 4 10 4 7 8 17 12 6 17 17 22 16 10 16 28 41 30 17 21 28 30 21 16 13 23 47 45 40 39 16 34 60 34 14 35 51 52 21 11 42
1 3 1 2 1 3 3 1 1 3 4 6 6 7 8 8 9 10 11 8 6 3 1 2 1 1 1 1 1 1 0 1 0 0 1 1 1 0 1 1 1 0 2 0 0 2 2 3 1 2 2 0 3 0 0 0 1 4 2 6 10 7 7 21 14 17 11 4 10 23 28 36 28 16 18 37 42 20 21 13 24 52 24 20 23 20 34 51 30 18 15 61 64 34 17 32
0 1 1 3 2 2 1 1 1 1 3 4 3 4 13 4 6 6 4 3 4 2 1 1 1 1 1 1 1 1 0 1 0 0 0 0 0 0 0 1 0 0 1 1 2 1 2 1 0 1 1 0 1 0 0 0 0 1 1 4 7 7 9 22 5 14 4 5 7 24 32 26 23 15 16 28 44 13 21 8 40 61 25 12 11 18 31 43 27 17 16 40 52 44 10 25
0 0 2 1 1 1 1 0 0 0 2 1 1 3 2 2 1 2 3 1 1 1 1 1 0 0 0 0 0 1 0 0 0 0 0 0 0 0 0 0 0 0 0 0 1 0 1 0 0 0 0 1 1 0 0 0 1 0 0 2 2 3 15 5 10 10 7 9 10 14 15 12 17 6 8 18 12 7 18 7 15 29 23 19 8 12 25 32 20 20 15 19 33 17 11 19
0 0 0 0 0 0 0 0 0 0 0 0 0 1 1 1 1 1 1 1 0 0 0 0 0 0 0 0 0 0 0 0 0 0 0 0 0 0 0 0 0 0 0 0 0 0 1 0 0 0 0 0 0 0 0 0 0 0 0 1 1 3 1 3 14 4 5 10 8 9 6 11 6 3 6 9 7 5 11 7 7 15 8 6 8 5 7 29 26 11 6 12 22 9 5 14
0 0 0 0 0 0 0 0 0 0 0 0 0 0 0 1 0 0 0 0 0 0 0 0 0 0 0 0 0 0 0 0 0 0 0 0 0 0 0 0 0 0 0 0 0 0 0 0 0 0 0 0 0 0 0 0 0 1 0 0 0 0 1 4 1 2 7 3 3 2 2 5 1 1 2 4 2 3 5 2 6 7 3 3 5 7 2 5 18 6 4 7 14 7 5 4
0 0 0 0 0 0 0 0 0 0 0 0 0 0 0 0 0 0 0 0 0 0 0 0 0 0 0 0 0 0 0 0 0 0 0 0 0 0 0 0 0 0 0 0 0 0 0 0 0 0 0 0 0 0 0 0 0 0 0 1 0 0 1 0 1 3 1 1 1 1 0 3 0 0 1 2 1 3 3 1 2 2 1 3 4 6 2 3 9 4 2 4 4 1 2 1
0 0 0 0 0 0 0 0 0 0 0 0 0 0 0 0 0 0 0 0 0 0 0 0 0 0 0 0 0 0 0 0 0 0 0 0 0 0 0 0 0 0 0 0 0 0 0 0 0 1 0 0 0 0 0 0 0 0 0 0 0 0 0 0 1 0 0 0 0 1 0 1 0 1 0 0 0 1 1 1 2 1 1 1 2 1 1 1 3 1 1 1 3 3 4 3
0 0 0 0 0 0 0 0 0 0 0 0 0 0 0 0 0 0 0 0 0 0 0 0 0 0 0 0 0 0 0 0 0 0 0 0 0 0 0 0 0 0 0 0 0 1 0 1 0 0 0 0 1 1 2 0 0 0 0 0 0 0 0 0 0 0 0 0 0 0 0 0 0 0 0 1 0 1 0 0 1 0 1 1 4 1 1 1 1 2 1 3 5 5 12 24
0 0 0 0 0 0 0 0 0 0 0 0 0 0 0 0 0 0 0 0 0 0 0 0 0 0 0 0 0 0 0 0 0 0 0 0 0 0 0 1 0 0 0 1 0 0 1 1 0 1 0 0 0 1 1 0 1 1 0 1 1 3 1 0 0 0 0 0 0 1 1 1 1 2 3 3 5 11 4 1 2 5 4 3 0 13 10 7 3 1 3 1 2 14 5 13
0 0 0 0 0 0 0 0 0 0 0 0 0 0 0 0 0 0 0 0 0 0 0 0 0 0 0 0 0 0 0 0 0 0 0 0 0 0 0 0 0 0 0 1 2 0 0 0 1 1 1 0 0 1 2 0 3 1 2 2 0 1 0 0 0 1 0 2 6 0 0 1 2 0 1 5 1 3 1 16 1 4 11 4 2 12 6 7 15 13 11 2 6 11 5 3
0 0 0 0 0 0 0 0 0 0 0 0 0 0 0 0 0 0 0 0 0 0 0 0 0 0 0 0 0 0 0 0 0 0 0 0 0 0 0 0 0 0 1 2 1 0 0 0 1 1 1 0 0 1 1 3 1 0 1 3 1 0 0 1 1 2 1 1 2 1 0 2 5 1 1 8 0 0 1 12 8 2 2 7 6 23 7 20 27 26 4 16 3 3 14 30
0 0 0 0 0 0 0 0 0 0 0 0 0 0 0 0 0 0 0 0 0 0 0 0 0 0 0 0 0 0 0 0 0 0 0 0 0 0 0 0 0 1 0 0 2 1 0 0 1 1 1 2 0 3 3 10 1 3 9 7 3 0 1 1 1 9 6 6 2 5 1 1 5 1 3 8 1 2 1 5 3 4 1 1 2 19 19 22 38 15 3 25 6 8 19 22
0 0 0 0 0 0 0 0 0 0 0 0 0 0 0 0 0 0 0 0 0 0 0 0 0 0 0 0 0 0 0 0 0 0 0 0 0 0 0 1 0 1 0 1 1 2 1 1 2 3 9 13 2 7 19 27 4 10 17 7 3 1 3 4 1 1 1 1 4 18 1 1 4 1 4 6 21 2 5 30 11 17 11 2 3 9 22 24 13 10 18 50 8 8 5 6
0 0 0 0 0 0 0 0 0 0 0 0 0 0 0 0 0 0 0 0 0 0 0 0 0 0 0 0 0 0 0 0 0 0 0 0 0 0 1 0 1 1 0 4 3 1 1 1 2 5 11 8 8 3 12 41 5 6 12 8 13 9 8 13 1 2 3 2 6 13 6 3 1 2 10 33 20 16 3 43 4 21 30 7 6 7 19 10 13 5 43 56 21 12 20 7
0 0 0 0 0 0 0 0 0 0 0 0 0 0 0 0 0 0 0 0 0 0 0 0 0 0 0 0 0 0 0 0 0 0 0 0 0 0 1 1 2 1 3 1 12 1 1 2 1 3 17 7 3 1 1 6 16 20 24 21 40 14 18 16 9 4 6 4 17 9 25 8 3 4 9 27 32 30 13 26 29 23 33 40 13 9 5 5 4 9 41 23 43 17 20 13
0 0 0 0 0 0 0 0 0 0 0 0 0 0 0 0 0 0 0 0 0 0 0 0 0 0 0 0 0 0 0 0 0 0 0 0 0 0 0 0 0 0 0 0 1 1 8 4 2 1 4 1 2 1 1 1 2 10 13 9 14 22 21 15 30 6 6 5 2 27 66 7 4 3 20 16 20 19 7 13 14 6 39 58 34 16 3 4 5 6 5 13 55 15 12 20
0 0 0 0 0 0 0 0 0 0 0 0 0 0 0 0 0 0 0 0 0 0 0 0 0 0 0 0 0 0 0 0 0 0 0 0 0 0 0 0 0 1 0 0 0 1 1 3 5 1 2 1 2 1 1 3 3 1 3 8 8 2 7 22 40 18 6 10 16 38 62 11 3 2 4 8 22 15 21 28 18 4 26 48 60 12 8 5 16 18 9 14 70 28 26 38
0 0 0 0 0 0 0 0 0 0 0 0 0 0 0 0 0 0 0 0 0 0 0 0 0 0 0 0 0 0 0 0 0 0 0 0 0 1 0 0 0 1 1 0 1 1 1 1 2 1 2 6 7 6 5 4 3 2 2 2 0 0 1 41 33 28 14 6 8 31 48 41 22 5 3 11 18 14 15 12 27 19 8 62 63 36 13 10 23 14 34 71 70 68 40 43
0 0 0 0 0 0 0 0 0 0 0 0 0 0 0 0 0 0 0 0 0 0 0 0 0 0 0 0 0 0 0 0 0 0 0 0 0 1 1 1 1 1 1 1 0 2 1 3 2 1 3 17 22 22 23 14 8 7 7 7 6 5 6 13 14 25 21 7 2 23 16 51 48 10 5 22 23 19 10 29 48 16 9 13 60 70 20 11 38 43 37 55 31 64 24 18
0 0 0 0 0 0 0 0 0 0 0 0 0 0 0 0 0 0 0 0 0 0 0 0 0 0 0 0 0 0 0 0 0 0 0 1 0 0 1 3 1 2 1 1 0 1 5 4 3 3 2 11 47 60 37 41 30 26 18 17 54 57 60 46 28 26 17 9 4 3 13 27 69 37 31 7 19 25 13 2 9 20 21 42 59 75 36 23 12 26 24 17 69 68 81 41
0 0 0 0 0 0 0 0 0 0 0 0 0 0 0 0 0 0 0 0 0 0 0 0 0 0 0 0 0 0 0 0 0 0 1 1 1 2 6 2 5 3 1 2 3 3 5 7 5 5 3 7 30 52 47 58 68 57 29 20 14 23 33 48 63 57 57 39 16 1 4 37 42 41 29 29 17 7 11 12 36 35 16 20 21 65 59 23 12 16 22 22 18 56 49 59
0 0 0 0 0 0 0 0 0 0 0 0 0 0 0 0 0 0 0 0 0 0 0 0 0 0 0 0 0 0 0 1 0 0 0 1 1 1 1 0 1 19 13 5 13 6 5 6 8 10 11 6 5 7 40 39 36 66 67 49 41 33 21 29 40 64 66 66 60 48 25 49 31 61 25 25 17 13 19 15 13 21 12 40 22 63 76 20 11 33 36 21 20 27 53 69
0 0 0 0 0 0 0 0 0 0 0 0 0 0 0 0 0 0 0 0 0 0 0 0 0 0 0 0 0 0 0 0 0 0 0 0 1 1 2 2 2 1 3 25 26 42 27 15 11 6 10 14 12 9 13 27 24 19 44 47 49 58 64 48 22 26 65 72 71 52 50 71 46 78 57 36 32 34 17 10 13 31 12 27 36 21 67 34 11 27 39 34 13 8 50 72
0 0 0 0 0 0 0 0 0 0 0 0 0 0 0 0 0 0 0 0 0 0 0 0 0 0 0 0 0 0 0 0 0 0 0 1 1 2 2 3 4 4 2 2 2 34 43 36 17 10 7 15 15 9 3 3 4 5 4 6 16 31 25 45 50 25 28 46 41 37 59 58 56 53 58 60 66 53 29 36 35 33 14 16 55 65 40 53 19 7 37 38 18 38 76 32
0 0 0 0 0 0 0 0 0 0 0 0 0 0 0 0 0 0 0 0 0 0 0 0 0 0 0 0 0 0 0 0 0 0 0 0 0 1 1 1 2 3 7 9 11 10 3 2 16 16 22 7 8 5 8 12 12 13 12 12 15 6 4 7 10 7 6 5 7 26 36 52 47 42 34 30 29 57 49 39 31 23 50 43 44 59 48 61 41 13 13 33 51 81 48 73
0 0 0 0 0 0 0 0 0 0 0 0 0 0 0 0 0 0 0 0 0 0 0 0 0 0 0 0 0 0 0 0 0 0 0 0 0 1 1 1 2 3 5 6 11 9 9 10 7 4 5 3 6 14 14 19 20 23 24 36 16 5 5 15 16 27 15 18 5 4 13 39 30 18 19 22 28 42 49 63 55 26 23 27 28 32 49 60 64 23 13 29 87 63 53 65
0 0 0 0 0 0 0 0 0 0 0 0 0 0 0 0 0 0 0 0 0 0 0 0 0 0 0 0 0 0 0 0 0 0 0 0 0 0 0 1 2 2 2 3 5 5 5 9 8 8 12 14 17 22 16 15 27 32 36 38 20 17 18 27 25 19 26 16 7 12 11 3 3 3 6 4 12 14 6 14 25 17 18 13 16 17 44 55 46 29 14 69 71 45 74 71
0 0 0 0 0 0 0 0 0 0 0 0 0 0 0 0 0 0 0 0 0 0 0 0 0 0 0 0 0 0 0 0 0 0 0 0 0 0 0 0 1 2 1 1 3 3 6 7 11 8 14 7 7 12 18 20 24 27 43 37 23 23 26 25 34 38 43 38 22 24 8 4 2 6 7 13 34 22 16 15 14 11 7 11 11 17 26 37 59 54 24 81 35 25 66 79
0 0 0 0 0 0 0 0 0 0 0 0 0 0 0 0 0 0 0 0 0 0 0 0 0 0 0 0 0 0 0 0 0 0 0 0 0 0 0 1 1 1 2 2 4 4 5 6 7 4 13 7 6 6 10 11 29 32 42 29 13 22 18 31 33 53 48 49 41 25 19 20 19 26 26 36 45 34 22 24 40 49 33 18 25 18 8 16 33 67 48 79 33 33 76 91
0 0 0 0 0 0 1 0 0 0 0 0 0 0 0 0 1 0 0 0 0 0 0 0 0 0 0 0 0 0 0 0 0 0 0 0 0 0 0 0 1 1 1 1 2 3 3 6 5 4 6 6 4 4 8 12 23 21 17 15 15 16 21 24 27 54 51 42 38 21 32 32 34 36 33 35 47 33 33 34 37 40 28 46 49 33 35 12 20 47 43 44 43 30 57 76
0 0 0 0 1 1 1 0 1 0 0 0 0 0 0 0 0 0 0 0 0 0 0 0 0 0 0 0 0 0 0 0 0 0 0 0 0 0 0 0 1 1 0 1 1 1 1 4 2 1 1 4 3 2 3 9 14 10 8 5 6 14 14 15 35 39 38 35 18 17 26 26 29 48 29 41 41 49 30 34 44 40 43 60 56 58 44 18 12 41 38 54 41 19 42 63
0 0 0 0 0 2 0 0 0 1 1 0 0 0 1 0 0 0 0 0 0 0 0 0 0 0 0 0 0 0 0 0 0 0 0 0 0 0 0 0 0 0 0 1 1 0 2 1 1 0 2 1 1 1 2 8 4 4 3 4 4 7 6 13 28 28 29 31 14 28 34 35 23 29 36 35 36 30 24 36 43 41 42 63 38 37 24 25 17 11 20 42 40 14 38 29
0 0 0 0 0 0 1 2 3 1 0 0 0 0 1 1 0 0 1 0 0 0 0 0 0 0 0 0 0 0 0 0 0 0 0 0 0 0 0 0 0 0 0 0 0 0 0 0 0 0 2 0 1 0 2 1 1 2 1 2 2 3 5 11 9 21 20 12 12 18 25 27 13 26 22 21 31 23 19 28 42 38 52 35 26 37 39 53 53 26 7 8 26 20 17 22
0 0 0 0 0 1 1 1 1 2 2 0 2 0 0 0 0 3 2 0 0 0 0 0 0 0 0 0 0 0 0 0 0 0 0 0 0 0 0 0 0 0 0 0 0 0 0 0 0 0 0 0 0 1 0 1 1 1 1 1 1 1 7 5 8 7 6 8 14 17 15 17 14 16 7 11 12 7 11 15 42 24 20 22 35 49 70 61 56 35 27 11 6 14 13 11
