sesion_6_simulaciones/modelos_agentes/ejemplos_netlogo/scenarios/cgcm2_a2/rob_2064.asc
NCOLS 322 
NROWS 307 
XLLCORNER 451900 
YLLCORNER 4086900 
CELLSIZE 100 
NODATA_value -9999 
[rows 222 to 295 of 307, columns 192 to 287 of 322]
6 5 3 1 9 5 3 1 1 0 0 0 0 0 0 0 0 0 0 1 2 4 16 12 8 8 6 7 15 17 8 10 30 26 26 18 27 43 38 39 39 30 33 53 29 35 34 16 22 28 21 19 6 5 7 6 5 20 45 45 30 28 39 26 65 82 75 70 82 85 56 37 14 3 2 0 0 0 0 0 0 0 0 0 0 0 0 0 1 2 3 5 7 7 10 7
20 20 14 10 4 3 2 2 1 0 0 0 0 0 0 0 0 0 0 1 3 9 16 25 13 17 16 12 21 24 15 18 30 32 32 19 31 25 31 31 34 26 34 54 36 21 35 19 25 20 14 7 8 6 3 3 5 14 16 19 18 30 40 31 45 69 66 61 77 79 58 28 12 4 1 0 1 0 0 0 0 0 0 0 1 1 1 1 1 2 3 4 7 9 11 14
23 17 17 11 6 5 3 1 1 0 0 0 0 0 0 0 1 1 1 2 3 13 21 40 31 22 20 29 26 42 40 25 29 31 33 22 33 14 29 28 20 25 31 52 59 23 33 27 14 9 12 9 11 3 2 5 7 18 9 26 30 36 43 46 25 34 11 7 15 63 71 29 8 1 1 1 1 0 0 0 1 0 0 0 0 1 1 1 2 2 3 7 7 9 12 28
12 10 9 6 4 2 2 1 1 0 0 0 0 0 0 1 2 2 2 3 5 7 15 30 39 39 30 32 30 45 72 53 34 36 20 22 26 23 41 22 17 17 27 32 46 44 13 21 6 5 5 3 8 5 1 4 6 6 14 32 43 42 57 47 27 33 22 27 10 10 40 18 5 5 2 3 2 1 1 0 0 1 1 0 0 0 1 1 2 2 3 8 10 9 13 18
13 10 7 3 1 1 1 1 0 0 0 0 0 0 0 1 2 4 6 7 5 8 19 24 41 66 44 41 42 33 49 61 32 42 31 36 39 37 23 24 14 18 17 18 21 28 17 37 19 5 17 10 4 3 1 3 18 18 22 33 56 51 46 33 27 29 37 49 25 17 15 4 7 5 5 4 2 1 1 0 1 1 1 0 1 1 1 0 1 2 2 3 9 12 11 18
9 15 10 8 5 3 2 1 1 0 0 0 0 0 1 1 3 2 7 14 15 21 24 25 39 65 76 48 63 39 46 58 42 29 47 48 36 31 29 26 7 12 11 17 26 28 35 46 45 11 10 8 5 2 3 4 10 11 26 46 52 41 34 25 52 45 53 46 28 21 7 6 7 10 8 6 5 3 1 0 1 1 1 0 1 1 1 1 1 1 2 3 5 6 12 19
14 9 5 4 3 1 1 0 0 0 0 0 0 0 2 1 1 4 12 19 30 44 58 42 47 56 80 42 63 39 42 58 24 25 45 45 47 40 29 27 17 18 15 12 28 32 28 41 30 27 14 7 5 3 12 24 18 29 45 60 41 24 27 43 75 67 45 33 28 17 15 12 17 14 18 9 6 4 1 0 1 2 2 1 2 1 1 2 1 2 3 5 6 6 7 19
16 8 4 2 2 1 1 0 0 0 0 0 0 1 1 1 1 3 5 10 16 35 58 72 61 54 68 66 73 42 61 35 22 21 31 50 46 49 23 25 24 27 17 15 20 31 33 26 19 15 17 16 5 9 11 11 25 16 34 10 21 45 48 76 70 52 40 29 36 37 30 28 24 28 11 7 5 3 1 0 0 3 4 2 2 2 3 3 1 2 3 5 11 12 14 22
5 5 4 1 1 1 1 0 0 0 0 0 0 1 1 2 5 2 5 10 23 32 52 52 69 65 72 75 65 38 52 26 21 47 31 43 45 31 28 35 35 34 15 16 38 33 41 28 29 10 9 6 5 2 5 4 56 30 13 26 39 42 52 47 31 29 31 34 27 34 48 47 33 11 4 3 2 1 0 0 0 1 4 3 2 2 7 10 3 2 2 6 8 8 15 21
2 1 2 1 1 1 1 0 0 0 0 0 0 1 2 5 4 5 9 19 21 33 53 62 57 60 65 60 59 59 68 34 25 35 45 34 42 34 29 28 32 20 25 14 17 22 35 34 26 15 6 6 3 4 9 10 4 71 68 40 24 13 29 28 40 36 28 21 14 41 73 49 23 11 4 2 1 0 0 0 0 1 3 2 5 2 6 7 11 3 3 8 8 14 11 19
2 1 0 1 1 1 0 0 0 0 0 0 1 2 5 5 4 6 16 17 19 46 62 68 53 55 62 52 71 79 47 37 35 52 30 44 41 39 35 32 31 26 43 12 24 25 30 25 13 4 15 5 6 7 13 34 21 20 31 36 17 37 22 27 25 33 33 13 25 43 48 26 19 14 4 1 0 0 0 1 1 1 1 8 6 2 2 3 16 3 4 9 10 11 9 12
1 1 1 1 1 1 0 0 0 0 0 0 0 1 2 3 8 13 19 39 26 28 68 57 70 55 58 61 19 76 48 41 34 49 40 29 33 42 34 32 31 25 48 13 13 51 29 22 17 9 15 5 6 22 31 9 35 35 18 8 20 11 19 27 26 28 19 53 45 20 34 17 11 9 4 1 0 1 1 1 2 2 2 3 4 6 3 8 10 12 9 5 6 19 14 13
3 2 2 1 1 0 0 0 0 0 0 0 0 1 1 2 5 9 20 37 51 60 76 58 69 66 67 58 62 55 75 40 32 40 34 14 20 37 40 45 32 13 31 36 7 23 21 41 16 13 16 10 6 17 12 14 7 9 13 27 22 25 24 39 19 22 39 21 15 26 23 16 10 3 1 1 1 1 2 1 2 2 3 4 9 12 4 5 11 12 33 14 5 9 24 20
1 2 1 1 0 0 0 0 0 0 0 0 0 0 1 2 3 9 20 33 55 44 58 18 37 58 59 20 19 38 68 28 34 71 33 31 36 44 24 8 18 7 30 33 8 25 34 19 5 10 16 11 7 12 10 5 21 26 44 27 12 19 46 59 42 35 55 54 49 34 20 13 4 2 1 1 3 1 4 1 2 3 4 4 10 9 19 6 12 8 3 20 9 8 11 18
1 1 1 0 0 0 0 0 0 0 0 0 0 0 0 1 3 5 15 27 36 23 24 48 41 40 26 27 44 38 54 50 50 51 50 44 38 31 32 16 22 20 21 36 7 14 24 18 8 6 6 12 8 11 3 12 26 10 15 21 26 45 55 59 63 60 43 32 43 31 46 20 7 2 1 0 1 4 4 2 3 4 6 3 5 10 8 23 18 17 10 24 14 3 8 8
2 1 1 0 0 0 0 0 0 0 0 0 1 1 0 0 3 5 6 8 14 48 50 40 47 52 43 30 36 43 38 37 50 45 29 34 29 33 38 12 34 26 18 35 6 9 23 14 18 15 4 4 12 11 7 12 14 12 35 25 50 39 40 72 81 51 45 23 49 24 15 12 2 2 2 2 2 5 5 5 7 5 5 5 6 4 9 24 41 47 10 10 17 8 13 23
1 1 0 0 0 0 0 0 0 0 1 1 1 1 1 1 1 2 4 10 17 26 38 31 24 35 47 30 40 26 35 40 36 63 34 43 28 41 24 28 13 20 10 26 6 5 12 9 9 14 12 5 7 2 7 4 4 20 25 23 34 26 53 65 68 75 46 19 11 13 8 2 1 3 5 5 3 3 10 8 15 8 6 6 8 8 5 4 5 14 34 32 20 13 15 23
1 0 0 0 0 0 0 0 0 0 1 1 2 2 1 1 3 3 2 10 16 32 25 36 40 49 35 27 32 30 15 19 39 25 20 54 15 31 20 19 18 19 48 27 9 10 19 26 8 4 4 4 1 9 2 5 13 38 39 67 67 50 36 46 46 31 37 36 18 10 3 1 2 7 4 10 4 4 10 17 12 18 9 9 9 8 13 9 8 11 23 18 18 51 18 29
0 0 0 0 0 0 0 0 0 1 1 1 2 2 3 2 5 5 6 6 12 7 15 19 21 34 24 17 25 24 29 28 16 12 7 42 18 40 14 21 15 13 45 27 19 11 34 15 14 8 4 13 4 13 8 16 22 10 28 35 41 36 22 33 48 37 44 20 23 10 5 1 4 5 6 12 14 5 7 11 17 24 14 19 13 5 8 14 4 2 5 5 6 24 29 22
1 0 0 0 0 0 0 0 1 1 1 2 2 3 6 3 5 11 8 18 29 29 42 46 48 41 39 49 49 33 48 57 51 25 36 28 42 31 14 15 11 8 6 26 13 5 9 12 10 6 9 19 31 38 75 60 63 52 58 36 40 41 47 58 46 38 32 22 16 7 2 1 4 6 12 12 14 12 12 22 14 29 18 25 14 7 8 15 22 6 11 12 8 5 6 11
1 0 0 0 1 1 1 1 1 1 1 3 2 6 7 5 2 3 18 28 46 38 50 61 66 70 67 60 77 65 39 35 29 18 9 9 19 18 24 13 15 4 5 19 6 5 5 11 4 8 1 1 2 4 15 30 77 78 52 53 43 40 21 53 41 29 28 18 5 3 1 2 6 8 6 10 14 22 17 24 16 9 32 31 19 9 10 23 18 9 12 18 15 27 34 43
1 0 0 1 1 1 1 1 2 2 1 1 4 5 5 11 2 2 6 12 30 50 27 52 52 66 68 50 10 26 42 25 15 14 18 24 24 11 25 6 13 5 2 11 7 9 3 2 2 5 5 4 4 4 5 5 19 49 71 77 82 41 37 28 24 24 23 21 15 4 2 5 12 11 11 13 34 26 27 28 28 11 13 44 28 11 11 15 16 12 18 11 23 27 39 47
0 0 1 1 1 2 2 2 2 2 1 2 3 5 4 8 5 2 6 10 19 26 20 45 33 30 26 16 13 14 23 19 17 22 18 10 16 25 19 2 8 10 2 5 5 2 1 7 4 4 11 7 11 16 17 24 30 50 40 32 46 77 60 46 40 37 38 21 12 4 3 11 15 22 21 16 29 37 27 21 19 20 8 29 41 21 22 10 26 13 25 24 17 31 31 24
1 1 1 1 3 2 3 3 3 2 1 2 3 4 8 4 13 2 3 3 7 6 17 18 25 36 32 35 38 25 37 16 17 27 20 15 14 9 4 4 7 9 39 11 3 4 1 4 5 3 13 17 8 23 41 22 21 20 24 17 20 37 59 56 47 31 32 20 7 2 6 15 15 21 23 25 18 45 33 44 24 35 24 25 61 28 40 17 28 25 26 40 26 28 23 34
0 1 1 2 3 3 3 4 4 4 2 3 3 6 12 9 9 4 3 7 5 5 16 18 26 34 37 33 31 46 42 40 33 48 13 9 11 14 13 9 22 18 4 5 18 6 2 3 3 22 35 6 20 18 17 22 37 34 43 28 26 24 25 29 33 26 18 16 6 4 7 17 17 27 23 20 21 31 41 49 35 24 38 24 63 22 25 30 19 43 27 28 29 21 23 23
1 2 3 2 3 2 2 5 9 8 3 2 4 4 16 36 4 4 3 14 16 16 13 15 23 22 33 21 26 34 33 26 21 20 21 22 15 21 18 10 5 3 2 1 2 7 6 3 24 44 5 3 6 30 26 25 25 34 24 23 33 24 26 18 18 15 14 8 6 7 15 19 18 20 20 22 27 32 46 38 35 31 36 49 64 22 27 31 20 44 29 14 37 15 9 19
2 2 3 6 5 3 4 6 12 11 3 2 3 7 13 15 5 7 4 11 19 18 18 11 14 10 24 28 29 33 23 20 23 21 19 17 16 12 10 12 6 3 2 1 2 1 2 15 3 16 4 6 7 7 16 72 41 44 36 35 28 25 22 18 15 14 12 6 5 6 14 17 12 20 19 32 40 26 30 53 42 48 48 48 61 40 46 20 46 40 12 22 34 12 17 23
3 4 4 11 6 3 3 8 11 21 5 3 7 8 13 23 12 8 7 18 24 37 20 26 24 9 17 20 23 20 27 15 21 20 18 10 9 4 6 7 12 12 8 6 6 7 7 2 1 3 6 16 21 21 30 16 28 32 47 46 37 25 21 20 16 14 11 6 3 12 16 18 25 22 36 31 29 40 27 23 39 42 36 53 28 84 48 19 32 39 9 23 20 34 20 26
5 10 5 14 8 5 5 11 13 19 3 3 7 9 17 19 22 3 15 22 26 43 27 29 29 36 22 19 12 12 14 23 37 24 8 19 7 18 8 8 9 12 5 3 2 4 2 2 4 9 14 15 26 24 39 10 9 11 12 27 24 29 25 26 23 21 18 8 3 13 15 16 24 29 36 16 27 20 42 18 27 24 37 23 50 75 30 21 52 19 11 23 20 33 34 32
5 6 11 12 11 9 5 8 18 30 5 8 10 17 16 30 6 4 17 22 35 44 49 29 51 32 35 32 19 20 13 42 52 25 27 14 11 15 9 7 12 4 6 2 3 3 2 2 2 10 11 10 25 35 29 10 21 31 31 37 36 33 35 40 32 32 21 9 3 16 18 16 36 24 30 45 41 29 17 32 21 31 34 38 31 56 49 37 43 21 19 29 16 18 9 44
2 4 14 15 14 12 7 10 18 23 6 11 18 36 39 17 4 4 19 22 26 49 45 50 33 33 52 36 32 29 30 36 47 38 26 29 25 13 25 11 5 7 2 1 1 3 2 3 3 4 7 14 19 18 34 30 31 41 40 46 52 56 42 34 24 17 19 5 7 19 27 21 39 39 29 31 41 30 32 10 44 13 19 42 45 57 64 75 37 21 31 25 31 33 22 49
6 7 17 21 29 16 10 12 24 26 6 8 23 42 27 6 3 10 17 22 38 42 43 46 47 35 46 38 51 47 47 29 15 18 25 23 22 8 16 13 12 6 3 2 5 2 2 5 2 2 3 7 21 37 28 27 45 50 52 34 56 37 19 26 29 22 10 6 6 17 37 22 33 40 44 34 45 28 35 27 20 42 20 8 12 36 56 68 31 45 34 28 26 45 18 19
6 9 11 17 40 25 12 14 21 28 6 6 24 41 18 7 4 12 24 24 25 30 37 41 62 33 38 35 29 46 46 30 32 23 21 10 16 15 18 10 8 5 3 4 8 4 3 4 1 1 2 12 23 16 42 53 24 32 23 25 22 21 35 39 21 20 17 6 9 10 40 27 28 29 35 42 35 32 16 29 16 44 26 19 11 10 29 46 47 68 38 34 26 42 12 17
8 18 13 13 19 39 14 19 35 10 9 9 16 48 24 8 4 17 25 26 37 49 44 58 52 44 24 28 46 39 19 45 60 40 15 15 11 11 16 9 4 6 6 3 4 2 2 1 5 4 7 11 15 27 42 30 46 25 33 35 31 30 28 22 24 23 11 7 7 15 17 45 27 25 30 32 47 43 28 48 18 17 28 23 18 15 16 32 49 51 34 36 29 34 18 27
10 14 27 22 11 30 10 26 55 12 11 22 32 41 13 12 2 10 29 30 48 38 41 58 55 47 42 15 11 14 18 16 20 7 8 14 21 11 11 17 9 5 3 2 1 1 1 2 7 7 9 13 21 29 48 47 51 38 32 44 34 40 43 27 29 26 11 10 10 27 29 29 48 23 26 30 54 43 29 25 32 17 13 39 29 17 21 21 41 40 51 33 28 20 30 15
12 16 30 38 19 44 11 23 60 27 13 36 40 23 10 3 3 6 14 32 51 51 38 40 43 62 39 15 21 14 17 16 21 14 9 5 11 14 16 13 6 4 2 3 3 1 2 1 0 1 9 9 9 22 24 20 21 44 45 39 45 26 28 29 22 23 21 5 13 28 32 29 36 12 34 31 32 46 56 48 43 23 16 15 32 18 14 28 43 77 64 29 19 17 30 13
13 16 17 44 21 41 22 22 29 38 19 43 36 9 3 6 9 14 25 39 36 41 47 26 36 40 56 21 14 14 23 20 20 18 13 18 10 12 6 3 3 4 2 2 3 2 2 0 2 4 5 14 50 35 22 53 46 69 45 32 42 43 42 40 38 23 21 11 17 32 27 41 55 21 21 45 34 50 40 34 53 18 25 26 53 18 10 15 14 37 53 26 25 11 45 27
11 12 11 28 52 27 39 19 47 23 48 24 9 4 12 11 18 13 46 51 28 36 38 38 19 28 52 52 22 23 12 20 16 8 6 7 9 6 3 3 3 1 1 1 2 1 1 1 3 3 3 12 11 27 40 42 28 55 27 24 29 36 38 37 22 19 14 26 26 31 35 42 11 30 38 45 39 27 41 29 67 23 25 17 26 39 24 27 34 32 46 20 42 13 23 37
26 17 12 17 28 43 45 26 63 35 33 8 5 11 15 22 23 15 18 18 32 35 37 51 43 26 22 11 25 38 12 20 9 8 12 14 14 7 5 4 2 2 4 2 1 0 0 0 2 4 8 10 20 15 27 28 30 32 21 7 21 29 31 27 17 14 14 25 28 30 34 49 16 15 8 14 38 48 68 19 55 38 24 26 15 13 48 21 30 35 26 46 13 15 25 37
20 28 20 16 16 28 58 31 31 13 8 3 9 16 28 37 35 13 18 20 32 35 26 10 16 11 14 31 6 12 25 38 19 23 6 14 4 6 6 1 1 2 1 1 1 3 1 1 2 4 9 6 7 14 18 24 21 37 27 29 41 32 33 20 28 28 16 29 28 31 28 44 15 27 16 21 21 15 38 25 21 46 24 31 16 33 38 9 28 41 48 36 11 15 14 16
21 30 23 30 39 46 48 29 32 9 11 9 14 30 30 34 41 25 29 29 34 35 23 16 14 18 15 9 11 24 10 14 15 44 12 22 4 3 3 4 3 2 2 2 1 1 1 1 2 5 13 5 7 13 25 12 29 53 57 51 43 30 34 33 29 26 28 39 28 29 29 37 19 30 27 22 31 27 31 48 14 46 22 43 13 12 34 6 14 18 46 27 8 15 17 37
24 35 30 35 43 54 47 11 7 4 15 14 24 30 30 43 28 51 41 28 31 29 26 30 29 24 21 10 13 30 9 10 4 4 5 14 16 11 7 14 7 5 3 2 2 1 0 2 5 5 10 3 5 14 17 23 38 70 28 34 45 29 33 28 26 25 34 44 27 28 30 30 28 29 38 23 31 28 28 25 36 70 33 39 26 7 43 19 8 10 28 36 15 17 13 5
22 43 43 39 69 55 11 8 12 15 29 24 21 34 31 47 18 30 60 18 32 24 14 20 29 28 10 16 18 21 40 10 7 3 4 2 3 2 4 11 11 4 4 3 2 1 1 1 4 3 4 4 7 12 28 31 34 40 34 23 42 34 25 9 29 16 18 51 29 28 40 28 41 26 36 30 27 31 25 19 27 12 52 45 37 10 16 13 6 7 12 39 13 22 25 21
26 35 64 55 67 14 14 12 15 28 29 31 40 53 18 43 17 27 32 53 18 39 12 10 16 29 29 22 18 12 7 14 7 7 5 3 3 3 3 3 4 2 1 2 1 0 1 2 2 3 3 4 5 10 22 40 17 37 60 50 23 19 15 7 40 25 26 48 34 24 41 28 52 35 32 36 22 23 34 21 14 11 36 27 35 13 6 32 7 9 15 34 27 25 14 17
17 37 64 78 43 7 14 25 29 30 45 54 25 34 19 20 39 16 29 28 18 27 16 15 16 22 17 34 18 21 22 12 18 10 7 5 3 3 3 3 3 1 1 1 1 1 1 4 2 3 3 2 5 14 29 29 57 36 30 47 25 15 5 15 21 44 26 27 36 22 33 24 43 36 21 35 33 20 21 33 27 8 14 41 48 15 4 21 12 8 16 10 44 26 12 54
18 44 69 50 7 10 29 27 20 49 35 64 18 37 19 17 25 62 14 32 40 25 34 12 12 23 29 18 19 31 16 14 29 5 7 6 4 5 1 4 2 1 2 3 2 1 3 2 3 4 6 7 9 10 16 27 36 31 34 29 27 14 7 20 16 26 23 25 38 21 25 31 24 42 20 21 48 18 20 24 35 9 18 20 34 15 6 12 17 11 8 6 7 18 15 11
19 47 52 27 12 19 28 29 19 36 18 58 21 39 43 14 38 61 10 37 53 13 46 12 11 26 30 29 9 8 36 5 5 13 19 9 2 4 2 3 1 1 1 1 1 1 2 3 4 6 5 4 4 7 9 16 24 29 21 41 27 15 14 21 29 33 14 19 33 31 18 16 12 29 19 18 27 24 18 15 6 7 23 14 31 12 8 4 15 22 4 9 22 17 28 3
18 46 41 30 14 18 35 49 14 22 21 45 15 29 55 21 32 58 16 16 28 25 31 14 11 13 13 24 23 18 6 8 4 3 1 15 9 2 2 2 1 1 2 2 2 2 1 2 3 7 5 9 6 11 9 15 8 17 23 15 11 22 19 21 19 28 30 20 23 29 11 19 11 19 22 18 25 9 7 19 8 8 8 10 38 37 9 4 10 18 3 5 17 24 25 10
40 39 51 18 15 22 24 33 14 24 22 27 28 16 47 15 12 46 17 12 11 11 49 25 9 8 10 10 11 13 25 13 3 7 1 2 11 2 1 2 1 4 3 3 1 2 0 1 3 7 10 5 6 3 6 15 25 44 26 11 5 18 19 19 20 20 48 13 23 31 10 16 16 21 36 3 17 19 8 7 14 7 6 7 12 34 6 4 6 19 5 4 6 33 57 36
72 41 13 13 21 21 22 27 14 45 25 11 31 13 57 12 11 28 19 9 12 22 38 15 7 11 8 19 19 16 10 10 7 10 1 2 2 6 1 1 2 4 1 2 1 2 1 0 2 4 7 12 10 6 11 16 24 43 35 12 6 32 18 12 18 17 32 17 10 33 16 8 9 35 24 8 7 8 23 5 12 23 8 9 43 22 3 11 1 33 11 4 3 2 7 11
12 6 14 11 18 22 33 34 24 35 19 11 61 9 12 35 15 41 20 7 9 15 16 39 11 14 6 15 18 15 8 5 7 15 2 3 2 16 1 1 1 1 1 1 1 2 1 2 3 9 9 6 23 9 9 8 8 31 36 7 9 17 20 10 20 16 15 27 11 39 21 11 13 11 28 8 8 13 10 10 4 2 22 7 11 23 6 19 3 14 32 5 12 7 4 3
27 12 33 23 18 22 39 19 46 27 9 14 37 14 14 37 8 14 39 5 16 12 9 28 6 13 11 9 11 11 14 11 2 6 3 3 2 1 5 1 0 2 1 3 2 1 1 3 5 7 14 12 3 7 10 1 10 16 12 4 14 39 25 9 7 30 9 22 8 13 52 7 17 16 10 12 10 9 18 11 12 5 7 12 3 22 27 18 5 7 59 4 5 4 9 3
46 23 13 24 25 27 21 19 39 16 15 15 11 13 12 19 10 9 36 11 15 10 4 10 16 12 11 6 7 6 7 7 8 2 3 7 2 1 3 4 1 3 1 2 2 1 2 1 5 2 1 1 2 6 7 23 18 8 12 10 6 29 13 10 9 16 28 7 24 6 26 6 13 27 4 6 27 5 8 11 18 7 4 1 3 2 22 25 6 4 26 8 5 4 7 5
75 31 18 16 17 21 9 19 33 6 20 14 12 13 9 22 10 9 20 6 6 17 6 2 1 5 5 2 13 17 7 6 9 1 2 0 3 1 1 13 1 1 1 2 2 1 2 2 18 4 3 2 3 3 16 33 14 3 4 17 7 6 20 8 16 9 40 5 39 4 15 14 8 12 5 18 8 6 4 5 8 10 8 4 3 3 2 3 18 21 14 10 6 3 9 5
46 13 8 19 10 11 10 11 30 6 11 8 9 27 8 24 9 27 9 5 4 13 8 4 4 5 5 5 7 7 15 15 2 2 1 1 1 3 1 16 1 1 1 1 1 1 3 1 1 2 4 5 1 8 19 19 11 7 3 22 11 8 4 18 15 14 26 5 28 8 5 8 14 24 7 4 8 3 6 1 2 6 3 4 2 2 2 1 2 3 22 7 3 4 9 5
59 13 39 15 15 9 10 9 9 6 13 11 5 30 28 6 15 12 14 11 9 5 8 6 8 11 6 9 4 4 4 4 3 2 1 1 1 1 2 4 1 0 1 0 1 1 1 4 1 1 2 2 5 26 23 15 10 10 2 6 14 6 10 8 11 25 13 16 3 16 25 3 21 33 7 1 5 2 3 1 5 4 6 5 1 1 1 2 2 1 3 7 5 1 7 2
40 25 9 9 9 11 16 9 10 5 7 6 10 17 14 4 5 6 6 1 7 5 7 10 14 9 7 10 9 2 2 3 10 4 1 1 3 1 0 1 2 0 1 0 1 3 2 1 1 1 1 2 8 13 17 10 2 7 8 4 15 6 8 9 3 9 5 7 4 6 23 4 11 14 1 2 3 5 4 2 0 7 1 2 3 0 0 1 2 2 3 1 9 2 4 1
5 25 5 10 10 8 10 6 27 5 6 6 6 2 13 6 6 2 10 4 3 7 7 7 8 4 7 12 9 1 2 3 3 4 3 2 1 2 0 0 4 0 1 0 0 4 9 1 1 1 2 5 9 11 18 6 4 9 6 7 19 6 3 3 7 5 4 13 3 5 15 7 26 6 1 3 1 0 2 5 1 2 2 2 5 1 2 1 1 1 1 2 4 3 6 1
11 46 6 6 4 8 11 10 5 9 6 4 6 2 6 3 5 3 23 6 2 4 5 19 3 3 5 8 8 2 3 2 5 2 4 2 1 1 2 0 3 0 0 0 0 1 1 1 0 3 2 6 9 15 7 2 5 8 6 8 18 9 14 4 4 9 3 11 2 4 3 5 19 1 1 1 1 1 3 2 2 1 0 3 3 3 2 1 1 1 1 0 1 7 2 1
10 36 15 1 4 4 13 8 4 10 6 3 2 3 2 5 1 8 3 1 2 5 7 3 9 3 2 3 3 3 2 5 4 3 2 2 1 1 2 1 5 0 1 0 0 0 3 6 4 1 4 13 17 16 1 4 7 10 6 8 4 14 5 14 7 3 2 6 2 4 4 9 5 5 3 3 0 3 4 1 3 1 0 1 1 4 3 1 1 0 1 1 0 1 3 2
3 16 16 1 6 3 6 11 2 7 4 2 1 3 1 6 2 5 3 5 2 2 5 6 4 2 2 2 3 6 1 2 2 5 2 1 1 2 1 1 3 1 0 1 1 0 0 5 7 4 11 16 16 3 5 8 9 8 5 8 10 7 2 6 10 1 2 2 4 1 3 5 3 7 3 3 2 4 3 1 6 7 1 2 1 1 2 1 1 1 0 1 1 4 1 2
4 8 13 3 3 1 2 2 3 3 3 1 0 2 2 18 3 2 3 1 2 4 4 5 3 1 1 1 3 2 2 3 5 2 1 0 1 2 2 0 1 1 1 1 1 1 2 19 14 27 32 31 2 3 4 4 6 7 5 6 12 2 7 5 4 11 22 2 1 1 1 9 1 6 5 3 3 5 4 3 4 12 2 2 1 0 2 2 4 3 1 0 7 1 1 4
3 4 16 4 5 2 1 2 1 4 4 2 1 1 1 3 3 1 3 1 2 3 1 2 2 1 5 1 2 4 2 2 5 3 1 1 2 1 1 1 0 1 0 1 6 18 35 14 16 20 7 1 3 4 5 4 4 4 4 2 3 1 4 3 1 9 2 0 0 1 2 2 5 1 6 3 3 4 9 3 4 6 1 4 1 1 1 1 1 1 2 3 1 3 4 9
3 1 1 16 2 1 0 0 0 2 6 1 1 1 1 4 1 1 3 1 1 2 1 1 1 1 1 1 0 3 1 2 2 2 1 1 1 1 0 1 0 0 0 14 10 11 40 48 13 3 1 2 2 3 3 3 4 5 3 1 0 0 4 6 9 12 1 1 0 3 5 2 2 1 6 2 5 2 4 1 2 6 2 4 2 2 0 0 1 0 0 1 2 1 5 8
3 3 1 16 0 1 2 1 2 0 3 1 1 2 1 6 1 2 3 2 1 1 1 4 0 1 0 3 0 0 1 2 3 2 1 1 3 1 0 0 1 17 27 29 41 8 18 50 26 0 2 2 2 2 1 2 2 2 3 0 0 2 10 10 12 3 2 4 4 2 6 5 1 1 2 2 8 5 12 20 21 8 2 2 3 2 2 0 1 1 1 0 1 2 8 4
2 1 1 18 1 0 1 1 4 0 1 2 1 1 1 3 1 1 3 1 1 1 1 3 0 1 0 1 2 2 1 1 2 1 1 2 1 1 1 4 15 28 45 35 47 58 48 23 0 1 3 2 2 3 1 2 4 4 1 1 1 4 8 5 3 2 3 3 3 3 4 12 17 2 1 2 2 4 7 4 2 4 4 9 5 4 1 0 2 0 2 1 1 2 10 2
1 1 0 3 2 4 1 1 3 1 1 2 0 1 0 1 1 1 1 1 0 0 0 2 0 1 2 1 3 1 1 1 1 2 1 2 1 0 1 6 4 2 22 53 59 35 1 1 2 1 1 1 2 2 1 0 1 14 1 3 1 2 1 4 4 2 4 3 2 7 9 9 1 2 2 5 4 4 4 3 4 3 5 3 3 1 2 1 1 0 1 2 1 1 6 2
1 1 0 1 4 1 1 0 1 0 0 1 0 0 0 0 1 0 2 1 1 0 0 0 1 1 2 1 1 1 2 1 1 1 1 1 1 0 2 4 1 8 6 4 2 1 3 4 2 2 1 1 1 0 1 2 1 3 3 2 1 2 1 1 1 1 1 4 12 16 3 1 2 3 2 2 9 4 15 4 5 5 4 2 4 0 1 1 1 0 2 1 1 1 1 0
1 1 1 0 3 0 0 0 2 1 0 0 2 0 0 0 0 0 1 1 0 0 0 1 2 1 1 1 0 1 1 1 1 1 1 0 1 0 5 5 27 21 5 1 3 3 1 1 1 0 1 0 1 0 1 2 1 5 2 1 1 1 2 1 0 1 2 10 6 0 1 0 1 3 8 7 3 4 2 4 4 3 3 5 1 1 1 1 1 0 4 1 1 1 1 0
0 0 1 2 0 0 0 0 1 0 0 0 1 0 0 0 0 0 0 1 0 0 0 0 1 1 1 1 0 1 0 1 0 1 0 1 1 1 3 2 2 8 1 3 3 2 2 2 4 2 0 0 0 0 1 2 0 2 1 1 1 1 2 0 0 0 3 5 0 0 0 2 1 1 2 7 5 8 1 2 3 2 3 1 2 1 1 1 2 0 1 1 0 0 0 0
2 0 1 2 3 0 0 0 1 0 0 0 0 0 0 0 0 0 0 0 0 0 0 1 1 1 1 0 0 0 0 0 1 0 1 0 0 1 2 1 3 7 1 2 1 4 1 0 1 2 1 0 0 0 0 1 1 1 1 0 0 2 1 0 1 2 3 5 1 0 0 2 1 1 1 2 4 2 1 1 2 3 2 4 1 1 2 1 1 0 1 1 1 0 0 0
1 0 0 0 0 0 0 0 0 0 0 0 0 0 0 0 0 0 0 0 0 0 0 1 1 0 1 0 0 0 0 0 0 0 1 1 1 10 3 22 19 6 1 0 0 3 2 1 1 2 1 1 0 0 1 0 2 2 0 0 0 1 1 1 2 3 3 5 0 1 1 2 5 0 1 2 2 1 1 1 2 1 1 0 1 3 1 1 0 0 0 0 0 0 0 0
0 0 0 0 0 1 0 0 0 0 0 0 0 0 0 0 0 0 1 0 0 0 0 1 0 0 0 0 0 0 0 0 0 0 0 1 3 5 16 8 3 16 2 0 1 1 0 0 0 1 1 1 0 0 1 1 0 3 0 0 0 2 1 0 1 3 1 4 1 1 1 1 2 0 0 1 1 3 1 1 0 0 0 0 0 1 0 0 0 0 0 0 0 0 0 0
0 1 1 0 0 0 0 0 0 0 0 0 0 0 0 0 0 0 0 0 0 0 0 0 0 0 0 0 0 0 0 0 0 0 1 8 12 27 45 6 1 0 2 2 1 0 1 5 1 2 3 0 1 1 1 1 0 1 0 1 0 3 0 1 1 1 1 3 1 1 1 1 1 0 0 0 1 1 3 1 0 0 0 1 0 0 0 0 0 0 0 0 0 0 0 0
