sesion_6_simulaciones/modelos_agentes/ejemplos_netlogo/scenarios/cgcm2_a2/rob_2076.asc
NCOLS 322 
NROWS 307 
XLLCORNER 451900 
YLLCORNER 4086900 
CELLSIZE 100 
NODATA_value -9999 
[rows 74 to 147 of 307, columns 0 to 95 of 322]
0 0 0 0 0 0 0 0 0 0 0 0 0 0 0 0 0 0 0 0 0 0 0 0 0 0 0 0 0 0 0 0 0 0 0 0 0 0 0 0 0 0 0 0 0 0 0 0 0 0 0 0 0 0 0 0 0 0 0 0 0 0 0 0 0 0 0 0 0 1 2 1 1 0 3 11 4 5 15 27 18 2 2 4 6 1 1 1 2 1 1 1 1 1 2 1
0 0 0 0 0 0 0 0 0 0 0 0 0 0 0 0 0 0 0 0 0 0 0 0 0 0 0 0 0 0 0 0 0 0 0 0 0 0 1 1 0 0 0 0 0 0 0 0 0 0 0 0 0 0 0 0 0 0 0 0 0 0 0 1 0 0 1 1 0 0 1 1 2 1 2 20 5 2 2 27 16 4 3 2 1 2 3 1 2 2 2 4 3 2 1 10
0 0 0 0 0 0 0 0 0 0 0 0 0 0 0 0 0 0 0 0 0 0 0 0 0 0 0 0 0 0 0 0 0 0 0 0 0 0 0 0 0 1 0 0 0 0 0 0 0 0 0 0 0 0 0 0 0 0 0 0 0 0 0 0 1 1 1 1 1 1 1 1 1 1 3 30 41 6 3 5 11 6 2 1 1 7 9 6 5 1 1 1 6 7 4 6
0 0 0 0 0 0 0 0 0 0 0 0 0 0 0 0 0 0 0 0 0 0 0 0 0 0 0 0 0 0 0 0 0 0 0 0 0 0 0 0 1 0 0 0 0 0 0 0 0 0 0 0 0 0 0 0 0 0 0 0 0 0 0 0 0 0 1 1 1 2 2 3 3 3 2 4 25 11 7 2 16 16 2 1 6 15 2 23 10 4 2 5 9 9 10 5
0 0 0 0 0 0 0 0 0 0 0 0 0 0 0 0 0 0 0 0 0 0 0 0 0 0 0 0 0 0 0 0 0 0 0 0 0 0 0 0 0 0 0 0 0 2 0 0 0 0 0 0 0 0 0 0 0 0 0 0 0 0 0 0 0 0 0 1 1 1 2 5 4 5 3 1 1 5 4 3 5 3 2 2 7 2 2 1 2 7 4 7 5 8 10 15
0 0 0 0 0 0 0 0 0 0 0 0 0 0 0 0 0 0 0 0 0 0 0 0 0 0 0 0 0 0 0 0 0 0 0 0 0 0 0 0 0 1 1 0 0 0 2 2 5 3 2 1 0 0 0 0 0 0 0 0 0 0 0 0 0 0 0 0 0 1 2 3 3 5 4 3 2 4 1 1 4 3 2 3 8 2 7 4 2 6 9 28 37 39 20 27
0 0 0 0 0 0 0 0 0 0 0 0 0 0 0 0 0 0 0 0 0 0 0 0 0 0 0 0 0 0 0 0 0 0 1 1 0 0 0 0 1 0 1 1 0 0 1 3 17 18 20 30 10 1 1 0 0 0 0 0 0 0 0 0 0 0 0 0 0 1 2 2 3 5 5 3 3 1 1 0 1 3 3 4 10 5 2 3 4 7 46 45 41 18 19 46
0 0 0 0 0 0 0 0 0 0 0 0 0 0 0 0 0 0 0 0 0 0 0 0 0 0 0 0 0 0 0 0 0 0 0 0 0 0 0 0 1 5 1 3 2 1 1 0 0 1 3 5 10 14 4 1 0 0 0 0 0 0 0 0 0 0 0 0 0 0 0 2 3 4 6 4 1 0 0 0 1 2 2 6 2 6 8 10 7 7 5 3 15 11 16 33
0 0 0 0 0 0 0 0 0 0 0 0 0 0 0 0 0 0 0 0 0 0 0 0 0 0 0 0 0 0 0 0 0 0 0 0 0 0 0 0 1 1 1 4 2 1 2 1 0 0 0 0 1 3 2 6 1 0 0 1 1 0 0 0 0 0 0 0 0 0 0 1 4 3 2 3 2 1 1 2 1 1 3 11 4 17 13 11 11 17 11 6 5 15 57 74
0 0 0 0 0 0 0 0 0 0 0 0 0 0 0 0 0 0 0 0 0 0 0 0 0 0 0 0 0 0 0 0 0 0 0 0 0 0 0 0 1 2 1 1 0 1 1 1 0 0 0 0 1 0 1 1 2 1 3 2 0 0 0 0 0 0 0 0 0 0 2 2 2 2 2 3 4 5 3 1 3 3 13 17 10 31 22 49 31 27 33 31 7 7 11 13
0 0 0 0 0 0 0 0 0 0 0 0 0 0 0 0 0 0 0 0 0 0 0 0 0 0 0 0 0 0 0 0 0 0 0 0 0 0 0 0 1 1 3 3 0 0 0 0 0 0 0 1 4 1 1 1 0 2 10 1 0 0 0 0 0 0 0 0 1 1 1 1 1 1 2 2 3 3 6 1 3 2 5 4 10 33 16 20 41 51 31 33 35 22 18 16
0 0 0 0 0 0 0 0 0 0 0 0 0 0 0 0 0 0 0 0 0 0 0 0 0 0 0 0 0 0 0 0 0 0 0 0 0 0 0 0 1 1 2 4 2 2 2 2 3 3 1 2 2 1 1 0 1 3 1 1 0 0 0 0 0 0 0 0 1 0 1 1 5 1 1 3 2 3 4 3 3 2 3 7 2 25 17 46 46 66 81 79 53 35 27 28
0 0 0 0 0 0 0 0 0 0 0 0 0 0 0 0 0 0 0 0 0 0 0 0 0 0 0 0 0 0 0 0 0 0 0 0 0 0 0 0 1 0 1 1 1 1 1 1 1 1 1 0 1 1 1 1 2 1 1 1 1 0 0 0 0 0 0 0 0 0 0 1 0 0 4 3 2 3 15 5 7 4 2 7 13 41 27 17 59 55 43 58 61 28 29 34
0 0 0 0 0 0 0 0 0 0 0 0 0 0 0 0 0 0 0 0 0 0 0 0 0 0 0 0 0 0 0 0 0 0 0 0 0 0 0 0 1 0 0 0 0 0 1 0 0 0 0 1 0 1 1 0 1 0 1 1 1 0 0 0 0 0 0 1 1 0 1 0 1 1 1 1 8 13 2 5 6 4 4 4 6 10 24 42 50 60 10 40 49 50 32 33
0 0 0 0 0 0 0 0 0 0 0 0 0 0 0 0 0 0 0 0 0 0 0 0 0 0 0 0 0 0 0 0 0 0 0 0 0 0 0 0 0 0 0 0 0 0 1 0 0 1 0 0 0 1 0 0 0 0 0 0 0 0 0 0 0 0 0 0 1 0 1 0 0 1 1 1 2 3 2 2 2 3 9 8 6 8 8 6 21 18 15 40 18 59 47 44
0 0 0 0 0 0 0 0 0 0 0 0 0 0 0 0 0 0 0 0 0 0 0 0 0 0 0 0 0 0 0 0 0 0 0 0 0 0 0 0 0 0 0 0 0 0 0 0 0 0 0 0 0 0 1 0 0 0 1 0 0 0 0 0 0 0 0 0 2 0 0 0 0 0 1 2 2 7 10 8 14 10 5 4 14 21 19 19 9 9 20 38 40 18 42 39
0 0 0 0 0 0 0 0 0 0 0 0 0 0 0 0 0 0 0 0 0 0 0 0 1 0 1 1 0 0 0 0 0 0 0 0 0 0 0 0 0 0 0 0 0 0 0 0 0 0 0 0 0 0 0 0 0 0 0 0 0 0 0 0 0 0 0 0 0 7 3 1 0 2 2 5 20 20 3 6 26 16 20 19 19 23 25 28 23 12 6 37 32 19 14 6
0 0 0 0 0 0 0 0 0 0 0 0 0 0 0 0 0 0 0 0 0 0 0 0 0 0 0 2 1 0 0 0 0 0 0 1 0 0 0 0 0 0 0 0 0 0 0 0 0 0 1 1 2 2 2 0 0 0 0 0 0 0 0 0 0 0 1 1 0 0 1 2 14 37 12 5 3 3 27 8 2 13 22 19 19 22 32 38 32 16 10 12 8 5 9 28
0 0 0 0 0 0 0 0 0 0 0 0 0 0 0 0 0 0 0 0 0 0 0 0 0 0 0 1 3 1 0 0 0 0 0 0 0 0 0 0 0 0 0 0 0 0 0 0 0 2 3 2 0 0 1 3 1 0 0 0 0 0 0 0 0 0 0 0 0 0 0 0 0 1 1 22 3 5 3 8 20 5 8 28 22 29 38 42 47 49 27 7 13 30 18 30
0 0 0 0 0 0 0 0 0 0 0 0 0 0 0 0 0 0 0 0 0 0 0 0 0 0 0 0 0 0 1 0 0 0 0 0 0 1 0 0 1 0 0 0 1 1 0 1 1 2 7 6 1 3 2 3 1 2 1 1 0 0 0 0 0 0 0 0 0 0 0 0 0 0 1 2 2 4 4 6 12 31 13 17 28 34 28 47 26 16 27 33 37 9 8 15
0 0 0 0 0 0 0 0 0 0 0 0 0 0 0 0 0 0 0 0 0 0 0 0 0 0 0 0 0 1 3 0 0 0 0 0 0 0 1 0 1 0 0 1 1 1 2 3 4 24 11 16 6 23 17 8 5 4 3 0 0 0 0 0 0 0 0 1 0 0 0 1 2 1 1 1 1 5 8 7 5 6 27 27 28 19 38 19 15 38 35 28 33 36 28 17
0 0 0 0 0 0 0 0 0 0 0 0 0 0 0 0 0 0 0 0 0 0 0 0 0 0 0 0 0 0 1 1 0 0 0 0 0 0 1 0 1 0 0 1 1 2 11 12 17 34 18 3 14 9 6 5 3 6 0 0 1 0 0 0 0 0 0 0 0 0 3 1 0 1 1 2 10 14 18 15 11 10 12 20 13 9 22 21 21 24 38 35 18 15 24 23
0 0 0 0 0 0 0 0 0 0 0 0 0 0 0 0 0 0 0 0 0 0 0 0 0 0 0 0 0 0 1 3 0 0 0 0 0 0 5 1 3 1 0 1 4 13 36 21 10 45 10 1 4 1 2 11 11 6 1 2 2 2 0 0 0 0 0 0 0 1 0 1 2 0 1 4 4 3 12 19 26 14 7 9 6 10 26 36 30 28 27 35 16 19 20 32
0 0 0 0 0 0 0 0 0 0 0 0 0 0 0 0 0 0 0 0 0 0 0 0 1 1 0 1 0 0 2 4 0 0 1 0 0 0 0 2 3 9 2 3 13 25 45 35 11 23 2 3 1 0 0 0 19 18 11 5 1 3 0 0 0 1 0 0 0 0 0 1 0 2 3 1 3 11 8 20 16 23 29 9 19 19 29 25 33 18 33 37 24 30 25 38
0 0 0 0 0 0 0 0 0 0 0 0 0 0 0 0 0 0 0 0 0 0 0 0 1 1 1 2 1 2 1 2 0 0 0 0 0 1 0 1 1 6 4 10 22 26 53 70 61 26 6 2 0 0 0 0 0 0 41 5 7 0 0 1 0 0 0 0 0 0 0 0 2 2 1 1 2 1 5 8 20 31 18 11 14 25 20 16 34 15 54 18 22 24 19 23
0 0 0 0 0 0 0 0 0 0 0 0 0 0 0 0 0 0 0 0 0 0 1 2 3 4 4 3 3 5 0 2 3 1 1 0 0 0 0 0 0 4 1 2 4 7 72 76 64 13 6 5 2 1 1 1 0 1 1 0 0 0 1 1 1 0 0 0 0 0 0 0 0 1 1 0 1 3 4 10 14 21 13 12 10 15 19 7 21 18 57 25 25 12 21 30
0 0 0 0 0 0 0 0 0 0 0 0 0 0 0 0 0 0 0 0 0 0 0 0 1 1 2 1 6 7 3 13 18 5 1 2 1 1 1 0 2 4 3 2 5 9 4 20 30 5 8 7 3 2 3 1 1 2 1 1 0 0 0 1 0 0 0 0 0 0 0 0 1 1 1 1 2 3 3 6 7 13 10 10 10 8 12 10 30 37 9 19 26 24 30 18
0 0 0 0 0 0 0 0 0 0 0 0 0 0 0 0 0 1 0 0 0 1 1 1 3 4 3 2 1 1 2 26 13 4 7 8 13 5 1 0 2 4 26 7 9 12 14 4 2 5 15 10 4 2 1 2 1 1 1 0 1 0 1 1 0 0 0 0 0 0 0 0 0 0 1 2 2 2 3 4 5 5 4 8 10 6 7 9 22 2 9 16 13 5 3 10
0 0 0 0 0 0 0 0 0 0 0 0 0 0 0 0 0 0 0 0 1 2 2 3 6 15 7 7 4 2 1 1 24 20 15 3 25 7 3 7 12 2 15 8 67 37 12 5 5 2 8 10 5 2 2 1 1 1 1 0 1 1 3 3 1 0 0 0 0 0 0 0 0 0 0 1 1 1 2 2 3 3 4 7 3 9 7 22 8 5 11 12 15 9 9 16
0 0 0 0 0 0 0 0 0 0 0 0 0 0 0 0 0 0 0 0 1 2 9 9 12 9 23 11 3 4 3 3 1 17 13 2 3 2 15 5 4 1 25 7 4 2 8 5 9 7 11 13 10 4 2 1 0 0 0 0 0 0 1 2 0 0 0 0 0 0 0 0 0 0 0 0 1 1 1 1 1 5 2 1 3 11 4 23 5 2 4 6 7 7 12 14
0 0 0 0 0 0 0 0 0 0 0 0 0 0 0 0 0 0 0 0 0 2 14 22 7 6 8 8 11 10 6 9 3 1 1 4 1 2 24 2 2 3 8 3 4 3 9 6 7 5 2 8 7 5 1 1 0 0 0 0 0 0 0 0 0 0 0 0 0 0 0 0 0 0 0 0 1 1 1 1 5 1 1 2 3 5 5 5 6 1 1 5 6 12 16 25
0 0 0 0 0 0 0 0 0 0 0 0 0 0 0 0 0 0 1 2 1 4 4 4 2 1 4 9 13 10 20 18 4 2 0 1 2 12 5 5 1 14 25 4 5 6 6 9 12 2 4 5 3 3 1 1 0 0 0 0 0 0 0 0 1 0 0 0 0 0 0 0 0 0 0 0 0 0 1 2 1 1 1 1 2 1 3 6 14 5 3 4 7 8 7 18
0 0 0 0 0 0 0 0 0 0 0 0 0 0 0 0 0 0 1 1 2 8 4 3 4 5 2 5 9 8 8 4 2 5 3 3 9 5 10 4 5 6 15 13 8 7 2 4 6 2 2 6 7 6 3 1 0 0 1 1 1 0 0 0 0 0 1 1 0 0 0 2 1 0 0 0 0 0 0 1 0 1 1 0 1 1 3 5 3 9 5 8 7 12 10 16
0 0 0 0 0 0 0 0 0 0 0 0 0 0 0 1 0 0 1 2 4 5 10 5 4 5 5 3 14 10 5 4 5 7 8 7 2 3 5 5 5 2 2 6 8 5 1 2 2 2 3 4 3 2 1 1 1 0 2 2 1 1 0 0 0 0 2 19 5 2 1 0 2 4 1 0 0 0 1 0 0 1 0 1 1 2 1 1 2 3 6 5 17 12 5 9
0 0 0 0 0 0 0 0 0 0 0 0 0 0 0 0 1 1 1 2 3 2 8 4 2 3 3 1 1 2 6 5 8 8 4 8 7 6 5 4 1 3 6 2 9 5 4 4 4 2 1 1 1 5 2 1 1 0 0 0 0 0 1 0 1 1 1 9 27 7 0 1 1 0 2 1 0 0 0 0 1 1 0 3 1 1 1 2 2 3 5 10 5 6 8 4
0 0 0 0 0 0 0 0 0 0 0 0 0 0 0 0 0 0 0 1 2 3 6 12 7 5 7 5 3 2 3 1 2 4 4 7 8 5 9 2 1 5 2 3 10 4 4 3 4 3 2 2 2 4 4 0 0 0 1 0 0 2 1 2 2 1 3 3 28 5 3 1 0 0 1 1 1 1 1 1 0 1 1 1 1 1 2 1 1 9 3 2 7 6 8 8
0 0 0 0 0 0 0 0 0 0 0 0 0 0 0 0 0 0 0 1 2 6 11 21 21 6 4 2 1 2 2 0 0 1 2 2 5 6 4 5 4 5 1 7 1 1 2 2 3 4 8 5 2 3 2 1 1 1 1 0 1 1 1 1 14 2 3 2 1 25 12 1 1 1 2 4 5 12 4 3 1 1 0 2 5 3 9 4 5 6 3 2 5 8 12 7
0 0 0 0 0 0 0 0 0 0 0 0 0 0 0 0 0 1 0 4 17 6 3 6 14 7 5 5 2 0 2 2 3 1 1 2 7 7 1 4 8 8 6 5 2 1 2 5 11 11 4 21 9 8 4 1 1 0 0 1 1 0 0 1 1 4 2 3 2 6 11 18 7 1 0 3 3 7 0 0 2 7 0 1 0 2 2 24 11 10 30 6 5 5 7 9
0 0 0 0 0 0 0 0 0 0 0 0 0 0 0 0 0 1 1 1 1 12 10 5 8 6 10 17 8 3 2 5 4 3 4 2 2 5 4 5 5 7 5 5 4 5 13 9 7 11 11 8 7 4 3 3 4 5 1 0 1 0 0 6 1 3 6 3 2 3 14 11 12 3 1 2 0 3 1 0 0 3 1 1 2 9 1 3 1 1 14 3 4 36 5 13
0 0 0 0 0 0 0 0 0 0 0 0 0 0 0 0 0 0 1 1 1 0 8 26 14 13 10 12 14 4 4 6 3 4 8 11 4 2 2 5 7 5 3 22 6 8 11 34 32 18 28 9 9 25 34 29 4 2 1 0 1 5 2 1 6 1 8 5 4 1 13 10 5 9 1 2 0 4 6 1 1 8 1 1 2 0 3 2 1 3 24 4 3 19 31 27
0 0 0 0 0 0 0 0 0 0 0 0 0 0 0 0 0 0 1 2 3 3 2 6 8 8 3 3 14 5 3 3 2 2 3 6 5 4 3 6 4 2 2 2 9 12 12 31 21 9 7 17 6 4 3 2 2 1 1 1 1 3 4 2 2 6 1 13 8 3 14 20 20 10 3 2 1 7 1 1 0 17 2 1 3 3 1 3 3 8 28 39 4 4 44 32
0 0 0 0 0 0 0 0 0 0 0 0 0 0 0 0 0 0 1 3 6 4 3 1 1 1 3 2 0 1 3 0 1 2 4 3 4 7 5 4 8 6 7 6 7 12 12 10 7 6 12 11 10 11 4 6 3 1 1 1 1 2 4 4 4 18 5 14 26 6 8 9 22 9 11 2 1 7 3 9 6 26 33 4 3 4 1 6 3 2 16 56 7 3 4 41
0 0 0 0 0 0 0 0 0 0 0 0 0 0 0 0 0 0 1 2 4 3 2 4 2 2 3 1 0 0 1 1 1 1 2 2 5 6 5 12 18 10 10 7 3 6 7 7 9 20 10 18 9 8 5 6 4 3 2 3 2 4 2 8 3 19 15 6 32 16 2 12 15 11 26 5 13 4 5 4 13 5 44 13 2 5 5 22 5 2 3 25 11 6 15 14
0 0 0 0 0 0 0 0 0 0 0 0 0 0 0 0 0 0 0 1 2 3 3 3 6 4 6 5 1 0 0 0 0 1 2 1 5 7 3 3 15 9 5 3 7 4 9 5 6 24 29 20 27 12 3 5 17 4 6 5 6 10 4 2 3 3 11 6 13 32 10 7 9 34 23 12 19 5 11 36 19 6 26 38 5 8 3 3 4 6 8 37 12 23 13 4
0 0 0 0 0 0 0 0 0 0 0 0 0 0 0 0 0 0 2 3 2 8 5 8 2 4 5 5 4 0 0 0 3 2 6 6 5 9 10 9 10 6 6 4 6 4 3 7 6 4 3 8 3 5 19 10 20 3 33 17 4 18 4 8 11 4 3 2 10 23 9 25 11 22 4 14 49 24 14 29 44 35 28 51 8 7 18 5 7 2 12 17 20 8 5 6
0 0 0 0 0 0 0 0 0 0 0 0 0 0 0 0 0 0 0 0 1 0 1 2 5 9 5 5 9 2 1 5 3 5 2 2 5 5 6 20 12 4 6 11 9 9 10 12 4 12 13 4 17 25 20 27 15 14 10 17 3 10 13 5 15 25 30 18 8 41 42 60 57 21 16 18 33 39 28 38 48 49 28 54 50 20 3 3 4 10 12 22 28 12 5 4
0 0 0 0 0 0 0 0 0 0 0 0 0 0 0 0 0 0 0 1 0 1 1 2 7 4 5 6 8 8 3 27 6 2 4 2 9 9 10 15 29 12 13 15 8 14 7 9 5 6 9 6 3 17 7 14 35 33 17 19 23 39 37 25 6 37 33 46 44 25 46 54 13 24 20 20 35 29 58 64 55 35 31 67 54 17 25 4 5 29 9 26 18 20 18 10
0 0 0 0 0 0 0 0 0 0 0 0 0 0 0 0 0 0 0 1 1 1 2 2 2 3 6 5 5 4 5 24 4 6 5 4 7 6 6 13 21 8 7 11 5 11 3 3 7 3 3 7 3 2 2 3 15 36 41 44 30 20 39 59 19 22 59 59 51 31 10 24 34 19 20 40 51 72 44 30 32 28 77 63 62 16 12 13 9 14 13 31 6 4 6 27
0 0 0 0 0 0 0 0 0 0 0 0 0 0 0 0 0 0 0 0 1 1 0 1 1 2 3 1 5 5 10 5 6 11 6 3 2 6 16 15 8 4 11 12 11 8 2 2 2 6 3 3 6 5 2 1 5 9 5 24 13 11 39 63 46 36 18 7 9 17 13 16 12 15 16 16 45 35 32 22 7 30 79 63 62 49 15 21 4 17 20 43 45 29 13 5
0 0 0 0 0 0 0 0 0 0 0 0 0 0 0 0 0 0 0 1 1 0 0 1 1 0 2 1 4 6 8 9 14 8 3 8 8 6 13 10 4 10 4 4 7 2 2 3 1 4 2 1 4 2 5 3 3 5 7 2 17 12 17 25 28 12 10 19 15 24 13 8 10 13 16 6 22 20 25 14 13 11 41 29 40 60 20 34 8 27 39 34 21 28 22 8
0 0 0 0 0 0 0 0 0 0 0 0 0 0 0 0 0 0 0 0 0 0 1 1 1 0 1 1 3 3 4 5 13 5 9 8 9 3 7 5 3 5 3 3 3 1 2 1 1 6 2 2 4 6 4 3 7 7 14 8 5 8 3 6 2 2 7 14 17 20 19 11 8 4 6 5 10 11 15 14 17 15 21 13 22 29 11 21 6 23 45 41 20 8 68 55
0 0 0 0 0 0 0 0 0 0 0 0 0 0 0 0 0 0 0 0 0 0 0 0 0 0 2 2 3 3 7 14 4 6 6 10 4 3 8 2 3 4 1 2 2 4 1 2 1 2 2 2 2 5 2 4 4 8 5 9 10 15 6 6 6 3 12 9 13 9 6 4 16 7 5 3 4 12 9 8 10 10 12 21 25 22 17 23 10 61 64 56 56 17 5 13
0 0 0 0 0 0 0 0 0 0 0 0 0 0 0 0 0 0 0 0 0 0 0 1 0 0 2 1 1 1 2 3 6 14 5 3 3 1 3 1 2 1 2 1 1 1 1 1 2 2 1 2 1 2 3 5 6 4 6 5 13 7 4 11 3 6 9 22 6 5 9 23 14 12 14 15 4 4 9 8 9 14 11 30 18 12 39 13 21 61 61 59 74 31 37 10
0 0 0 0 0 0 0 0 0 0 0 0 0 0 0 0 0 0 0 0 0 0 0 0 0 1 1 2 1 1 2 8 3 3 4 2 1 1 2 1 1 1 0 0 0 1 0 1 1 0 1 0 1 2 3 5 9 6 2 6 5 7 7 5 27 6 10 13 16 32 26 13 9 8 14 17 16 19 23 24 35 45 17 22 16 29 50 29 44 55 30 47 80 52 58 39
0 0 0 0 0 0 0 0 0 0 0 0 0 0 0 0 0 0 0 0 0 0 0 0 0 0 0 1 1 2 1 3 1 2 3 1 1 1 1 1 1 1 0 2 2 1 0 2 7 2 3 2 4 9 12 2 3 4 4 3 4 5 12 10 13 11 10 11 31 5 4 5 7 4 2 4 21 16 30 40 50 52 40 16 16 38 64 30 33 15 21 55 89 43 68 56
0 0 0 0 0 0 0 0 0 0 0 0 0 0 0 0 0 0 0 0 1 0 1 0 1 0 0 0 1 1 1 1 0 1 2 1 1 0 0 0 1 7 1 1 1 1 3 1 9 14 37 8 14 32 16 6 13 4 1 2 2 3 9 5 6 10 10 15 6 5 7 11 25 15 16 13 6 26 45 67 63 25 19 26 14 43 61 42 32 26 29 82 83 48 61 88
0 0 0 0 0 0 0 0 0 0 0 0 0 0 0 0 0 0 0 0 1 2 1 0 0 1 2 1 1 0 2 1 1 0 1 0 0 0 1 1 2 0 2 7 2 4 5 4 6 45 45 50 10 27 27 26 10 18 6 4 3 4 1 5 9 12 15 5 6 6 14 26 18 29 42 26 17 50 69 72 39 26 18 39 24 50 28 21 42 40 61 88 67 82 63 90
0 0 0 0 0 0 0 0 0 0 0 0 0 0 0 0 0 0 0 0 0 2 1 3 4 6 4 2 2 0 1 1 0 1 1 4 2 4 7 6 8 9 5 15 3 11 16 24 3 4 4 42 40 16 27 9 9 32 13 9 3 3 4 7 9 11 8 11 12 20 18 10 19 20 27 27 58 60 51 56 30 24 20 29 25 43 29 30 30 29 46 82 61 79 38 70
0 0 0 0 0 0 0 0 0 0 0 0 0 0 0 0 0 0 1 2 1 0 2 11 4 8 7 9 7 13 4 10 10 20 3 9 1 7 18 6 17 33 6 27 23 10 27 8 49 15 7 61 39 38 35 35 54 62 12 16 5 4 3 4 4 7 6 5 5 8 10 14 11 23 30 56 72 66 27 14 34 21 18 28 15 24 26 40 41 64 74 85 59 63 56 52
0 0 1 0 0 0 0 0 0 0 0 0 0 0 0 0 0 0 0 1 1 0 0 1 1 1 4 19 7 8 11 9 28 10 8 11 23 19 24 26 8 40 43 16 27 21 41 12 50 67 41 41 39 39 22 61 36 44 31 28 13 3 3 3 10 7 8 14 17 17 25 18 30 28 58 69 57 42 34 16 5 13 16 23 23 13 28 39 42 56 78 79 36 44 49 52
0 0 0 0 0 0 0 0 0 0 0 0 0 0 0 0 0 0 0 0 0 0 0 0 0 1 4 3 5 9 13 19 4 18 5 34 23 24 28 37 25 41 29 39 52 39 45 52 8 57 33 19 66 13 34 59 36 10 49 9 11 17 3 3 6 7 19 17 18 18 19 28 47 78 78 69 57 38 10 15 15 8 5 6 16 9 28 27 37 50 69 56 46 29 59 68
0 0 0 0 0 0 0 0 0 0 0 0 0 0 0 0 0 0 0 1 0 0 0 1 1 1 0 1 1 1 1 1 2 2 1 1 2 2 2 4 5 6 3 6 7 7 8 50 36 36 68 19 51 52 54 47 16 7 12 11 30 26 8 5 14 13 19 13 16 42 61 71 74 75 72 69 51 18 8 8 8 8 7 4 11 6 17 11 20 26 46 44 42 24 39 46
0 0 0 0 0 0 0 0 0 0 0 0 0 0 0 0 0 0 0 0 0 1 1 0 1 1 0 1 1 2 1 1 3 2 2 3 1 2 4 6 6 7 13 6 8 5 11 5 7 11 43 42 53 61 51 23 21 24 17 27 29 12 9 11 11 12 22 38 55 56 68 54 40 45 33 35 10 14 14 14 13 12 7 9 5 3 3 3 7 11 23 23 31 20 17 23
1 1 1 0 0 0 0 0 0 0 0 0 0 0 0 0 0 0 0 0 0 0 0 0 0 0 0 1 1 1 1 1 0 0 0 1 1 1 2 2 2 6 6 4 4 6 5 11 10 11 7 12 14 19 27 22 28 20 16 33 6 7 7 10 15 11 12 12 30 61 67 64 45 38 20 19 29 26 42 39 28 18 5 10 14 14 14 9 7 3 3 6 14 28 25 20
0 0 0 0 0 0 0 0 0 0 0 0 0 0 0 0 0 0 0 0 0 0 0 0 0 0 0 1 1 1 1 0 1 0 1 1 1 2 2 3 2 2 3 2 1 2 2 3 7 12 21 37 33 29 23 18 21 16 17 5 4 7 6 14 12 7 12 14 18 26 24 39 51 27 18 28 36 35 14 12 7 10 11 20 36 36 36 21 20 17 8 8 4 4 8 8
0 0 0 0 0 0 0 0 0 0 0 0 0 0 0 0 0 0 0 0 0 0 1 0 0 0 0 1 1 0 0 1 0 1 2 1 2 1 1 2 2 3 12 4 4 4 4 6 11 10 22 24 18 19 18 12 16 10 8 8 1 8 7 10 20 25 22 32 26 22 14 17 10 19 24 36 55 41 22 16 16 23 24 40 33 33 34 39 40 23 31 19 14 13 7 4
0 0 0 0 0 0 0 0 0 0 0 0 0 0 0 0 0 0 0 0 0 0 0 0 0 0 1 1 0 0 1 0 1 1 2 3 1 3 3 3 1 3 4 4 4 12 12 10 7 6 12 6 23 15 34 20 10 10 6 5 5 6 8 6 36 48 19 36 33 29 22 26 15 25 39 49 28 13 21 26 24 36 24 39 47 44 50 38 40 40 38 39 34 30 14 28
0 0 0 0 0 0 0 0 0 0 0 0 0 0 0 0 0 0 0 0 0 0 0 0 0 0 4 3 1 0 1 1 1 3 1 2 2 3 1 1 4 3 2 3 4 9 9 4 15 6 12 17 15 9 17 9 16 4 8 3 13 19 8 28 60 32 33 20 19 25 20 12 16 28 34 32 16 25 24 32 36 34 39 54 51 46 46 36 51 56 41 63 43 33 33 33
0 0 0 0 0 1 0 0 0 1 0 0 0 0 0 0 0 0 0 0 0 0 0 0 0 2 1 0 0 0 0 1 0 1 3 1 1 2 2 3 2 2 2 2 3 3 7 9 8 9 12 10 14 8 10 8 19 9 4 2 6 19 37 52 45 44 24 24 25 14 11 14 21 10 35 14 26 25 39 41 46 34 43 50 55 40 54 50 51 39 47 52 44 41 53 60
0 0 0 0 0 1 0 0 1 0 0 0 1 0 0 0 0 0 0 0 0 0 0 0 0 0 0 0 1 1 0 0 1 0 1 1 1 2 1 2 1 2 1 1 1 4 4 8 10 6 5 13 3 8 10 9 6 4 12 6 2 10 10 16 27 50 42 60 39 12 23 17 28 21 64 29 19 23 28 34 45 29 37 51 32 35 49 65 55 54 41 46 45 57 56 47
0 0 0 0 0 0 0 0 0 1 1 1 0 0 0 0 0 0 0 0 0 0 0 0 0 0 0 0 0 0 0 0 0 0 0 0 0 0 0 1 3 1 2 2 1 1 2 3 5 6 7 6 8 1 13 2 4 13 6 7 3 3 8 8 7 9 29 23 13 28 53 21 27 19 53 22 23 25 35 46 65 49 69 66 60 59 58 60 74 73 47 42 42 45 72 55
0 0 0 0 0 0 0 0 0 0 0 0 0 0 0 0 0 0 0 0 0 0 0 0 0 0 0 0 0 0 0 0 0 0 0 0 0 0 0 1 1 4 1 1 4 3 5 2 4 2 2 4 2 5 5 10 12 8 8 6 4 13 24 17 14 10 12 28 31 25 34 35 15 25 46 31 41 37 53 72 59 42 79 76 75 72 72 70 72 70 50 50 66 68 70 55
0 0 0 0 0 0 0 0 0 0 0 1 0 1 0 0 1 1 1 0 0 0 0 0 0 0 0 0 0 0 0 0 0 0 0 0 0 0 0 1 1 1 2 3 0 2 2 3 4 2 2 6 10 4 2 2 4 10 11 11 9 22 18 13 7 17 24 20 41 34 27 49 25 38 38 59 66 63 72 68 30 58 76 53 34 42 61 37 67 77 64 63 58 62 63 82
0 0 1 0 1 0 0 0 0 0 1 1 1 6 1 2 3 2 0 0 0 0 0 0 0 0 0 0 0 0 0 0 0 0 0 0 0 0 0 0 0 1 1 3 2 1 2 2 3 3 3 3 2 17 32 9 7 7 8 10 16 16 22 10 21 21 31 13 34 38 18 33 43 41 58 38 53 54 70 61 17 28 41 62 29 8 14 32 77 74 76 80 45 52 38 77
