sesion_6_simulaciones/modelos_agentes/ejemplos_netlogo/scenarios/cgcm2_a2/rob_2082.asc
NCOLS 322 
NROWS 307 
XLLCORNER 451900 
YLLCORNER 4086900 
CELLSIZE 100 
NODATA_value -9999 
[rows 74 to 147 of 307, columns 0 to 95 of 322]
0 0 0 0 0 0 0 0 0 0 0 0 0 0 0 0 0 0 0 0 0 0 0 0 0 0 0 0 0 0 0 0 0 0 0 0 0 0 0 0 0 0 0 0 0 0 0 0 0 0 0 0 0 0 0 0 0 0 0 0 0 0 0 0 0 0 0 0 0 0 1 1 1 0 2 7 2 3 10 20 12 1 1 2 4 1 0 0 1 1 1 1 0 1 1 1
0 0 0 0 0 0 0 0 0 0 0 0 0 0 0 0 0 0 0 0 0 0 0 0 0 0 0 0 0 0 0 0 0 0 0 0 0 0 0 0 0 0 0 0 0 0 0 0 0 0 0 0 0 0 0 0 0 0 0 0 0 0 0 0 0 0 0 0 0 0 0 1 1 1 1 14 3 2 1 21 11 3 2 1 0 1 2 1 1 1 1 3 2 1 1 7
0 0 0 0 0 0 0 0 0 0 0 0 0 0 0 0 0 0 0 0 0 0 0 0 0 0 0 0 0 0 0 0 0 0 0 0 0 0 0 0 0 0 0 0 0 0 0 0 0 0 0 0 0 0 0 0 0 0 0 0 0 0 0 0 0 0 0 0 1 1 1 0 0 0 2 21 32 4 2 4 7 4 1 0 0 5 5 4 3 1 1 0 4 4 3 4
0 0 0 0 0 0 0 0 0 0 0 0 0 0 0 0 0 0 0 0 0 0 0 0 0 0 0 0 0 0 0 0 0 0 0 0 0 0 0 0 0 0 0 0 0 0 0 0 0 0 0 0 0 0 0 0 0 0 0 0 0 0 0 0 0 0 0 0 1 1 2 2 2 2 1 3 20 8 5 1 11 11 1 0 4 10 1 16 7 2 1 4 6 6 8 3
0 0 0 0 0 0 0 0 0 0 0 0 0 0 0 0 0 0 0 0 0 0 0 0 0 0 0 0 0 0 0 0 0 0 0 0 0 0 0 0 0 0 0 0 0 1 0 0 0 0 0 0 0 0 0 0 0 0 0 0 0 0 0 0 0 0 0 1 1 1 1 3 2 3 2 1 1 3 3 2 3 2 1 1 4 1 1 1 1 5 3 5 4 6 7 12
0 0 0 0 0 0 0 0 0 0 0 0 0 0 0 0 0 0 0 0 0 0 0 0 0 0 0 0 0 0 0 0 0 0 0 0 0 0 0 0 0 0 0 0 0 0 1 1 2 2 1 0 0 0 0 0 0 0 0 0 0 0 0 0 0 0 0 0 0 1 1 1 2 4 3 2 1 3 1 1 3 2 1 2 5 1 5 3 1 4 7 22 30 33 16 22
0 0 0 0 0 0 0 0 0 0 0 0 0 0 0 0 0 0 0 0 0 0 0 0 0 0 0 0 0 0 0 0 0 0 0 0 0 0 0 0 0 0 1 0 0 0 0 2 12 12 13 21 6 1 0 0 0 0 0 0 0 0 0 0 0 0 0 0 0 0 1 1 2 3 3 2 2 1 0 0 1 2 2 2 7 3 1 2 3 5 40 39 35 15 15 41
0 0 0 0 0 0 0 0 0 0 0 0 0 0 0 0 0 0 0 0 0 0 0 0 0 0 0 0 0 0 0 0 0 0 0 0 0 0 0 0 1 3 1 2 1 1 0 0 0 0 2 3 6 8 3 0 0 0 0 0 0 0 0 0 0 0 0 0 0 0 0 1 2 3 4 3 1 0 0 0 1 1 2 4 1 4 5 7 5 6 4 3 12 9 13 29
0 0 0 0 0 0 0 0 0 0 0 0 0 0 0 0 0 0 0 0 0 0 0 0 0 0 0 0 0 0 0 0 0 0 0 0 0 0 0 0 0 0 1 2 1 1 1 1 0 0 0 0 0 2 1 3 1 0 0 1 1 0 0 0 0 0 0 0 0 0 0 1 2 2 1 2 1 1 1 2 1 1 2 7 2 12 9 8 8 13 9 5 4 13 53 71
0 0 0 0 0 0 0 0 0 0 0 0 0 0 0 0 0 0 0 0 0 0 0 0 0 0 0 0 0 0 0 0 0 0 0 0 0 0 0 0 1 1 1 0 0 0 0 0 0 0 0 0 1 0 0 1 1 1 2 1 0 0 0 0 0 0 0 0 0 0 1 1 1 1 1 1 2 4 2 1 2 2 9 12 7 24 16 40 24 19 28 26 6 6 10 11
0 0 0 0 0 0 0 0 0 0 0 0 0 0 0 0 0 0 0 0 0 0 0 0 0 0 0 0 0 0 0 0 0 0 0 0 0 0 0 0 0 1 2 2 0 0 0 0 0 0 0 1 3 1 1 0 0 1 6 0 0 0 0 0 0 0 0 0 0 1 1 1 1 1 1 1 2 2 4 1 2 2 3 3 7 27 12 15 34 43 25 27 31 19 16 14
0 0 0 0 0 0 0 0 0 0 0 0 0 0 0 0 0 0 0 0 0 0 0 0 0 0 0 0 0 0 0 0 0 0 0 0 0 0 0 0 0 0 1 2 1 1 1 1 2 1 1 1 1 1 0 0 1 2 1 0 0 0 0 0 0 0 0 0 0 0 1 1 3 1 0 2 2 1 3 2 2 1 2 6 1 20 14 39 40 61 78 76 48 31 23 26
0 0 0 0 0 0 0 0 0 0 0 0 0 0 0 0 0 0 0 0 0 0 0 0 0 0 0 0 0 0 0 0 0 0 0 0 0 0 0 0 0 0 1 1 0 1 1 1 0 1 1 0 0 0 0 0 1 0 0 0 1 0 0 0 0 0 0 0 0 0 0 1 0 0 2 2 1 2 11 3 5 3 1 5 10 37 23 14 54 48 38 55 57 25 26 31
0 0 0 0 0 0 0 0 0 0 0 0 0 0 0 0 0 0 0 0 0 0 0 0 0 0 0 0 0 0 0 0 0 0 0 0 0 0 0 0 0 0 0 0 0 0 0 0 0 0 0 0 0 0 0 0 0 0 0 0 0 0 0 0 0 0 0 0 0 0 0 0 0 0 0 0 6 9 1 3 4 3 3 3 5 8 20 38 46 56 8 37 45 46 29 31
0 0 0 0 0 0 0 0 0 0 0 0 0 0 0 0 0 0 0 0 0 0 0 0 0 0 0 0 0 0 0 0 0 0 0 0 0 0 0 0 0 0 0 0 0 0 0 0 0 0 0 0 0 0 0 0 0 0 0 0 0 0 0 0 0 0 0 0 0 0 0 0 0 0 1 1 1 2 1 2 1 2 6 6 5 6 7 5 18 15 13 37 15 57 44 42
0 0 0 0 0 0 0 0 0 0 0 0 0 0 0 0 0 0 0 0 0 0 0 0 0 0 0 0 0 0 0 0 0 0 0 0 0 0 0 0 0 0 0 0 0 0 0 0 0 0 0 0 0 0 0 0 0 0 0 0 0 0 0 0 0 0 0 0 1 0 0 0 0 0 0 1 1 5 7 5 10 8 4 3 11 18 16 16 7 7 18 35 37 16 40 37
0 0 0 0 0 0 0 0 0 0 0 0 0 0 0 0 0 0 0 0 0 0 0 0 0 0 0 0 0 0 0 0 0 0 0 0 0 0 0 0 0 0 0 0 0 0 0 0 0 0 0 0 0 0 0 0 0 0 0 0 0 0 0 0 0 0 0 0 0 4 2 1 0 1 1 3 14 13 2 5 20 12 15 15 15 19 21 25 20 10 6 34 29 18 13 5
0 0 0 0 0 0 0 0 0 0 0 0 0 0 0 0 0 0 0 0 0 0 0 0 0 0 0 1 0 0 0 0 0 0 0 0 0 0 0 0 0 0 0 0 0 0 0 0 0 0 1 1 1 1 1 0 0 0 0 0 0 0 0 0 0 0 0 0 0 0 1 1 8 27 8 3 2 2 20 6 1 10 17 16 15 19 28 35 29 14 8 11 8 4 8 26
0 0 0 0 0 0 0 0 0 0 0 0 0 0 0 0 0 0 0 0 0 0 0 0 0 0 0 1 2 0 0 0 0 0 0 0 0 0 0 0 0 0 0 0 0 0 0 0 0 1 2 1 0 0 1 2 0 0 0 0 0 0 0 0 0 0 0 0 0 0 0 0 0 0 0 15 2 3 2 6 15 4 7 24 19 25 34 39 45 47 26 7 12 28 16 28
0 0 0 0 0 0 0 0 0 0 0 0 0 0 0 0 0 0 0 0 0 0 0 0 0 0 0 0 0 0 0 0 0 0 0 0 0 0 0 0 0 0 0 0 1 0 0 1 1 1 4 4 1 2 1 2 1 1 0 0 0 0 0 0 0 0 0 0 0 0 0 0 0 0 0 1 1 3 3 4 9 26 11 14 24 29 26 47 25 14 25 31 34 8 8 14
0 0 0 0 0 0 0 0 0 0 0 0 0 0 0 0 0 0 0 0 0 0 0 0 0 0 0 0 0 0 2 0 0 0 0 0 0 0 1 0 1 0 0 1 1 0 1 2 2 17 7 10 4 15 11 4 3 3 2 0 0 0 0 0 0 0 0 0 0 0 0 1 1 1 1 0 1 3 6 6 4 5 23 23 25 16 36 17 14 35 31 25 29 33 26 16
0 0 0 0 0 0 0 0 0 0 0 0 0 0 0 0 0 0 0 0 0 0 0 0 0 0 0 0 0 0 1 1 0 0 0 0 0 0 0 0 1 0 0 1 1 1 7 8 11 24 10 2 9 6 4 3 2 3 0 0 0 0 0 0 0 0 0 0 0 0 2 0 0 0 1 1 7 10 13 12 9 8 10 17 11 7 19 19 18 21 33 32 16 13 22 21
0 0 0 0 0 0 0 0 0 0 0 0 0 0 0 0 0 0 0 0 0 0 0 0 0 0 0 0 0 0 1 2 0 0 0 0 0 0 3 1 2 1 0 0 2 9 22 12 5 31 6 1 2 0 1 6 7 3 0 1 1 1 0 0 0 0 0 0 0 1 0 0 1 0 1 2 2 2 8 15 20 12 6 8 5 8 23 31 26 24 23 31 13 16 17 29
0 0 0 0 0 0 0 0 0 0 0 0 0 0 0 0 0 0 0 0 0 0 0 0 0 0 0 0 0 0 1 3 0 0 0 0 0 0 0 1 2 5 1 1 8 18 35 25 7 15 1 2 1 0 0 0 13 12 7 3 1 1 0 0 0 1 0 0 0 0 0 1 0 1 2 0 2 6 6 14 13 19 25 8 16 16 25 21 28 15 28 33 21 26 22 34
0 0 0 0 0 0 0 0 0 0 0 0 0 0 0 0 0 0 0 0 0 0 0 0 0 1 0 1 1 1 0 1 0 0 0 0 0 0 0 0 1 3 2 5 13 19 41 58 52 19 3 1 0 0 0 0 0 0 35 3 4 0 0 0 0 0 0 0 0 0 0 0 1 1 1 1 1 1 3 5 15 25 15 9 11 21 16 12 28 11 49 15 18 21 16 20
0 0 0 0 0 0 0 0 0 0 0 0 0 0 0 0 0 0 0 0 0 0 0 1 2 2 2 2 2 3 0 1 1 1 0 0 0 0 0 0 0 2 0 1 2 5 67 71 58 9 4 3 1 1 0 1 0 1 0 0 0 0 0 0 0 0 0 0 0 0 0 0 0 0 0 0 0 2 2 6 10 16 10 10 8 12 15 5 17 13 51 21 21 10 18 26
0 0 0 0 0 0 0 0 0 0 0 0 0 0 0 0 0 0 0 0 0 0 0 0 0 1 1 1 3 5 2 7 10 3 0 1 0 0 0 0 1 2 1 1 3 6 3 16 25 4 5 4 2 1 1 1 0 1 0 1 0 0 0 0 0 0 0 0 0 0 0 0 0 1 1 1 1 2 2 3 4 9 7 7 7 6 9 8 24 31 7 15 21 20 25 15
0 0 0 0 0 0 0 0 0 0 0 0 0 0 0 0 0 0 0 0 0 0 0 1 1 2 2 1 1 1 1 18 7 2 4 5 7 2 0 0 1 2 18 4 6 8 10 3 2 4 10 6 3 1 1 1 1 0 0 0 0 0 1 0 0 0 0 0 0 0 0 0 0 0 0 1 1 1 2 3 3 3 3 6 7 4 5 7 17 1 6 13 10 4 3 8
0 0 0 0 0 0 0 0 0 0 0 0 0 0 0 0 0 0 0 0 0 1 1 2 3 9 4 4 2 1 1 1 18 13 10 2 16 4 2 4 6 1 9 5 61 27 9 3 4 2 6 6 3 1 1 0 1 0 0 0 0 1 2 2 0 0 0 0 0 0 0 0 0 0 0 0 0 1 1 1 2 2 3 4 2 6 5 15 6 3 8 9 12 7 7 13
0 0 0 0 0 0 0 0 0 0 0 0 0 0 0 0 0 0 0 0 1 1 5 5 7 6 15 6 2 2 2 2 1 11 8 1 2 1 9 3 3 1 16 4 3 1 6 4 7 5 8 9 6 3 1 0 0 0 0 0 0 0 1 1 0 0 0 0 0 0 0 0 0 0 0 0 0 1 1 1 1 3 1 0 2 7 3 17 3 1 3 4 5 6 9 12
0 0 0 0 0 0 0 0 0 0 0 0 0 0 0 0 0 0 0 0 0 1 9 15 4 4 5 6 8 7 4 6 2 1 1 2 1 1 16 1 1 2 5 2 2 2 6 4 6 4 2 6 5 3 1 0 0 0 0 0 0 0 0 0 0 0 0 0 0 0 0 0 0 0 0 0 0 0 1 1 3 1 1 1 2 3 3 3 5 1 1 3 4 9 12 20
0 0 0 0 0 0 0 0 0 0 0 0 0 0 0 0 0 0 1 1 1 2 2 2 1 1 3 6 8 7 15 14 2 1 0 0 2 8 3 3 0 9 17 3 3 4 4 7 9 2 3 3 2 2 0 0 0 0 0 0 0 0 0 0 0 0 0 0 0 0 0 0 0 0 0 0 0 0 0 1 1 0 1 0 1 1 2 4 10 3 2 3 5 6 5 15
0 0 0 0 0 0 0 0 0 0 0 0 0 0 0 0 0 0 1 1 1 5 3 2 3 3 1 4 6 6 6 3 1 3 2 2 5 3 6 2 3 4 10 8 5 4 2 3 4 1 1 4 5 4 2 1 0 0 0 1 0 0 0 0 0 0 1 0 0 0 0 1 0 0 0 0 0 0 0 1 0 0 0 0 1 1 2 4 2 6 3 6 5 9 7 13
0 0 0 0 0 0 0 0 0 0 0 0 0 0 0 1 0 0 0 1 2 3 6 3 3 4 4 3 10 7 4 3 4 5 6 5 1 2 3 4 3 1 2 4 5 3 1 1 1 2 2 3 2 1 1 0 0 0 1 1 0 0 0 0 0 0 1 12 3 1 0 0 1 2 0 0 0 0 0 0 0 1 0 0 0 1 0 1 1 2 4 3 12 8 4 7
0 0 0 0 0 0 0 0 0 0 0 0 0 0 0 0 1 1 1 1 1 1 5 3 2 2 2 1 1 2 5 4 6 6 3 6 5 4 3 3 1 2 4 1 6 3 3 2 3 1 1 1 1 3 1 1 0 0 0 0 0 0 0 0 0 1 1 6 20 4 0 0 0 0 1 0 0 0 0 0 0 1 0 2 1 1 1 1 1 2 3 7 3 4 6 3
0 0 0 0 0 0 0 0 0 0 0 0 0 0 0 0 0 0 0 1 1 2 4 8 5 4 5 4 2 1 3 1 1 3 3 5 6 4 6 2 1 3 1 2 6 3 3 2 3 2 2 1 1 2 3 0 0 0 0 0 0 1 1 1 1 1 2 2 23 3 2 0 0 0 0 1 0 1 0 1 0 0 0 1 1 1 1 0 1 5 2 1 4 4 6 6
0 0 0 0 0 0 0 0 0 0 0 0 0 0 0 0 0 0 0 1 1 4 7 15 15 4 3 1 1 1 1 0 0 1 2 2 3 4 3 4 2 3 1 5 1 0 1 1 2 3 6 4 1 2 1 1 0 0 1 0 1 1 0 0 9 1 2 1 1 18 7 1 1 0 1 2 3 7 3 2 1 1 0 1 3 2 5 3 3 3 2 1 3 5 8 5
0 0 0 0 0 0 0 0 0 0 0 0 0 0 0 0 0 0 0 2 9 4 2 4 9 5 4 4 1 0 1 1 2 1 0 2 5 5 1 3 6 6 4 3 1 1 2 4 7 8 3 17 6 5 2 1 1 0 0 1 0 0 0 0 0 2 1 2 1 4 7 12 4 1 0 2 1 4 0 0 1 4 0 0 0 1 1 16 7 6 22 4 3 3 4 6
0 0 0 0 0 0 0 0 0 0 0 0 0 0 0 0 0 0 0 0 1 6 6 3 5 4 7 13 6 2 2 4 3 3 3 1 1 4 4 4 4 5 4 3 2 3 9 6 5 8 8 6 5 2 2 2 2 3 1 0 1 0 0 3 0 2 3 2 1 2 9 7 7 2 1 1 0 2 1 0 0 2 1 1 1 6 1 2 1 0 10 2 3 27 3 8
0 0 0 0 0 0 0 0 0 0 0 0 0 0 0 0 0 0 0 1 1 0 5 17 9 9 8 8 11 3 3 5 2 3 6 8 3 1 2 4 5 3 2 16 4 6 8 27 26 13 22 7 6 16 24 20 3 1 0 0 0 3 1 0 4 1 5 3 3 1 9 6 3 6 1 1 0 2 4 1 0 5 0 1 1 0 2 1 1 2 18 3 2 13 24 19
0 0 0 0 0 0 0 0 0 0 0 0 0 0 0 0 0 0 0 1 2 2 1 4 5 5 2 2 10 3 2 2 2 1 2 4 4 3 2 4 3 1 1 1 6 9 10 25 17 7 6 13 4 3 2 1 1 0 1 1 1 2 3 1 1 4 0 9 5 2 10 14 14 6 1 1 0 4 1 1 0 13 1 1 2 2 1 2 2 6 21 29 3 3 35 23
0 0 0 0 0 0 0 0 0 0 0 0 0 0 0 0 0 0 0 2 3 2 2 1 1 0 2 1 0 1 2 0 1 1 3 2 3 5 4 3 6 4 5 4 5 9 10 8 5 4 9 8 7 8 2 4 2 1 0 1 0 1 2 3 3 11 4 10 18 5 6 6 16 6 7 1 1 4 2 6 4 19 24 3 2 3 1 4 2 2 11 47 5 2 3 32
0 0 0 0 0 0 0 0 0 0 0 0 0 0 0 0 0 0 0 1 2 2 1 2 1 2 2 1 0 0 1 1 1 1 1 2 4 5 4 10 15 8 7 5 2 4 6 5 6 14 7 12 5 5 3 3 2 2 1 2 1 3 2 5 2 14 11 4 23 11 2 9 11 7 18 3 9 3 3 2 8 3 34 8 1 3 3 16 3 2 2 18 8 4 10 10
0 0 0 0 0 0 0 0 0 0 0 0 0 0 0 0 0 0 0 1 1 2 2 2 4 3 4 3 1 0 0 0 0 1 1 1 4 5 2 3 13 7 3 2 5 3 7 4 4 17 22 14 19 8 2 3 11 2 3 3 4 7 2 1 2 2 8 4 9 25 7 5 7 26 16 9 13 3 7 27 13 4 19 27 4 6 2 2 3 4 6 32 8 19 10 2
0 0 0 0 0 0 0 0 0 0 0 0 0 0 0 0 0 0 1 2 1 5 3 5 2 2 4 4 3 0 0 0 2 1 4 5 4 7 8 8 8 5 4 3 4 3 2 5 4 3 2 6 2 3 13 7 13 2 23 11 2 11 3 5 8 3 2 2 8 19 7 20 8 17 3 10 39 17 10 22 35 28 21 41 5 5 14 4 5 2 8 12 15 6 3 5
0 0 0 0 0 0 0 0 0 0 0 0 0 0 0 0 0 0 0 0 0 0 1 1 3 6 3 4 6 1 0 4 2 3 2 1 4 4 4 15 9 3 4 8 6 7 6 8 3 9 9 3 11 18 14 20 10 9 7 12 2 5 9 3 9 18 22 14 6 35 37 55 53 16 12 13 24 29 21 31 42 43 22 45 40 15 2 2 3 7 9 16 23 9 4 3
0 0 0 0 0 0 0 0 0 0 0 0 0 0 0 0 0 0 0 0 0 1 1 1 4 2 3 4 5 6 2 21 4 2 3 1 6 7 8 12 23 10 10 10 6 11 5 6 3 4 7 5 2 12 4 10 26 23 11 13 14 30 27 17 4 29 27 40 40 21 43 48 11 19 15 15 27 23 52 59 51 31 26 60 46 13 20 3 4 24 7 19 13 15 14 8
0 0 0 0 0 0 0 0 0 0 0 0 0 0 0 0 0 0 0 1 0 1 1 1 1 2 4 3 4 2 3 18 3 4 4 3 5 4 4 9 16 6 5 8 4 8 2 2 4 2 2 4 2 1 1 2 11 29 33 33 23 15 27 49 13 16 54 56 47 28 8 21 31 15 16 32 45 67 38 26 28 25 74 58 57 12 10 10 7 11 9 24 4 3 4 22
0 0 0 0 0 0 0 0 0 0 0 0 0 0 0 0 0 0 0 0 1 1 0 0 1 1 2 1 3 3 6 3 4 8 4 2 2 4 10 10 5 3 8 8 7 5 2 1 1 3 2 2 4 4 2 1 4 7 4 19 10 8 32 55 37 30 15 6 8 14 11 14 10 13 12 12 39 29 28 18 6 28 77 60 55 43 12 18 3 14 15 36 38 23 10 4
0 0 0 0 0 0 0 0 0 0 0 0 0 0 0 0 0 0 0 0 0 0 0 0 0 0 1 0 2 4 4 6 8 5 2 6 5 4 8 7 3 6 2 2 4 1 1 1 1 2 1 1 3 1 3 2 2 4 5 2 14 9 13 19 22 9 8 16 12 20 11 7 8 11 13 5 17 17 21 12 11 10 38 27 37 54 17 29 7 22 32 28 17 23 18 7
0 0 0 0 0 0 0 0 0 0 0 0 0 0 0 0 0 0 0 0 0 0 0 0 0 0 1 0 2 2 2 3 9 4 7 5 5 2 5 3 2 3 2 2 2 1 1 1 1 4 2 1 3 3 3 2 5 5 9 6 4 6 2 5 1 1 5 11 13 16 16 9 6 3 5 4 8 9 13 12 14 13 19 12 19 25 9 17 5 19 40 35 17 7 63 52
0 0 0 0 0 0 0 0 0 0 0 0 0 0 0 0 0 0 0 0 0 0 0 0 0 0 1 1 2 1 4 9 3 4 4 7 2 2 5 1 1 2 1 1 1 2 0 1 0 1 1 1 1 3 1 2 2 5 4 6 7 11 4 4 4 3 10 7 10 8 4 3 13 6 4 2 4 10 7 7 8 9 10 18 22 20 15 20 9 57 59 50 50 15 4 11
0 0 0 0 0 0 0 0 0 0 0 0 0 0 0 0 0 0 0 0 0 0 0 0 0 0 1 1 1 1 1 2 3 9 3 1 1 0 1 1 1 1 1 1 0 0 1 1 1 1 1 1 1 1 1 3 4 2 4 3 9 5 3 8 2 5 7 17 5 4 7 19 12 10 11 12 3 3 8 7 7 12 9 27 16 10 34 11 18 56 57 56 70 27 32 8
0 0 0 0 0 0 0 0 0 0 0 0 0 0 0 0 0 0 0 0 0 0 0 0 0 0 1 1 0 0 1 5 2 2 2 1 1 1 1 0 1 0 0 0 0 1 0 0 0 0 1 0 1 1 2 3 5 4 2 3 3 4 5 3 21 4 8 11 13 26 21 11 7 7 12 14 13 16 19 21 32 41 15 20 15 26 47 26 40 51 27 42 78 48 54 35
0 0 0 0 0 0 0 0 0 0 0 0 0 0 0 0 0 0 0 0 0 0 0 0 0 0 0 0 0 1 1 2 1 1 2 1 0 1 0 0 0 0 0 1 1 0 0 1 4 1 2 1 3 5 8 1 2 2 2 2 3 3 8 7 10 8 7 8 25 4 3 4 6 3 2 4 18 14 26 37 46 50 36 14 15 36 61 27 30 13 19 52 88 38 65 53
0 0 0 0 0 0 0 0 0 0 0 0 0 0 0 0 0 0 0 0 1 0 0 0 0 0 0 0 0 0 1 0 0 1 1 1 0 0 0 0 1 3 1 0 1 1 1 1 5 9 25 5 9 21 11 4 8 3 1 1 1 2 6 3 4 7 7 11 4 4 5 9 20 12 14 11 5 23 41 64 61 23 18 25 12 41 59 40 29 24 27 81 81 43 59 86
0 0 0 0 0 0 0 0 0 0 0 0 0 0 0 0 0 0 0 0 0 1 1 0 0 0 1 0 1 0 1 0 0 0 0 0 0 0 0 0 1 0 1 4 1 2 3 2 3 33 34 40 6 20 19 19 6 12 3 2 2 3 1 3 6 8 10 3 4 5 10 21 15 24 37 22 15 47 67 70 37 25 17 39 23 50 27 20 41 38 59 87 65 81 61 89
0 0 0 0 0 0 0 0 0 0 0 0 0 0 0 0 0 0 0 0 0 1 1 2 2 4 2 1 1 0 1 0 0 0 1 2 1 2 4 3 5 6 3 9 2 7 10 14 2 2 3 29 30 11 20 6 5 23 8 6 2 2 3 5 6 7 5 7 9 15 14 8 16 17 23 24 56 59 50 56 30 24 20 29 25 44 28 30 29 28 44 82 59 78 36 69
0 0 0 0 0 0 0 0 0 0 0 0 0 0 0 0 0 0 0 1 0 0 1 6 2 5 4 5 4 6 2 5 5 11 2 5 0 5 12 4 10 22 4 16 15 6 19 5 39 10 5 53 30 30 28 27 42 52 8 10 3 3 2 2 2 5 4 3 3 6 7 12 9 19 26 51 70 65 26 14 35 22 18 28 15 25 26 40 41 64 73 85 59 62 55 50
0 0 0 0 0 0 0 0 0 0 0 0 0 0 0 0 0 0 0 1 0 0 0 0 1 0 3 13 4 5 7 5 17 6 4 6 15 11 16 17 5 30 33 12 18 15 28 8 41 58 35 34 33 34 18 54 28 35 24 20 9 2 2 2 6 5 6 10 12 13 20 14 26 24 54 68 56 43 33 16 6 14 17 25 25 14 30 39 43 55 78 79 36 45 48 52
0 0 0 0 0 0 0 0 0 0 0 0 0 0 0 0 0 0 0 0 0 0 0 0 0 1 2 2 3 5 7 13 2 12 3 25 15 15 21 27 17 32 23 30 45 32 33 41 6 51 25 16 61 11 29 51 31 8 42 6 8 12 2 2 4 4 13 12 14 14 15 24 43 76 77 68 56 38 11 15 16 9 6 6 18 10 31 29 40 50 69 57 47 30 59 68
0 0 0 0 0 0 0 0 0 0 0 0 0 0 0 0 0 0 0 0 0 0 0 0 0 1 0 0 0 1 1 0 1 2 1 0 1 1 1 2 4 4 2 4 5 5 6 43 31 30 63 16 46 48 50 42 12 6 9 8 21 19 6 3 10 9 14 9 12 36 54 69 71 73 71 68 51 19 8 9 8 9 7 5 13 7 19 13 23 28 49 47 43 26 42 49
0 0 0 0 0 0 0 0 0 0 0 0 0 0 0 0 0 0 0 0 0 0 0 0 1 0 0 0 1 1 1 1 2 1 1 2 1 1 2 4 4 5 9 4 5 4 8 3 6 8 39 37 49 58 47 19 17 19 12 21 21 9 6 7 8 9 17 32 47 49 62 49 36 42 32 35 10 14 14 15 14 13 7 10 5 4 4 3 9 11 26 26 34 22 19 24
0 1 0 0 0 0 0 0 0 0 0 0 0 0 0 0 0 0 0 0 0 0 0 0 0 0 0 1 0 0 1 1 0 0 0 1 1 1 1 1 1 3 4 2 2 4 3 8 8 9 6 9 12 18 25 19 23 16 11 28 4 6 5 7 10 8 9 9 24 57 64 59 42 37 20 18 29 24 40 38 29 19 6 11 14 16 16 11 8 4 3 7 17 33 29 23
0 0 0 0 0 0 0 0 0 0 0 0 0 0 0 0 0 0 0 0 0 0 0 0 0 0 0 0 0 1 0 0 0 0 0 1 1 1 1 2 1 2 2 1 1 1 2 2 5 10 16 33 30 26 19 15 18 13 13 4 3 5 4 10 9 5 10 11 14 23 21 36 50 26 17 26 34 33 14 12 8 10 12 22 38 35 37 21 22 18 9 9 5 5 10 10
0 0 0 0 0 0 0 0 0 0 0 0 0 0 0 0 0 0 0 0 0 0 0 0 0 0 0 0 1 0 0 0 0 1 1 0 1 1 1 1 1 2 9 3 3 2 3 5 8 8 19 21 14 15 15 10 13 7 5 6 1 5 5 7 14 19 17 27 21 19 12 15 9 18 22 33 53 39 23 15 16 23 24 39 33 32 33 39 42 25 33 21 16 13 7 5
0 0 0 0 0 0 0 0 0 0 0 0 0 0 0 0 0 0 0 0 0 0 0 0 0 0 0 1 0 0 0 0 0 1 1 2 1 2 2 2 0 2 2 3 3 9 9 7 5 5 10 5 20 12 29 17 8 8 5 4 4 4 6 4 29 41 16 31 29 26 19 23 13 23 35 47 26 12 20 25 22 34 23 37 45 42 48 37 39 40 39 41 37 31 16 32
0 0 0 0 0 0 0 0 0 0 0 0 0 0 0 0 0 0 0 0 0 0 0 0 0 0 2 1 1 0 0 0 0 2 1 1 1 2 1 1 3 2 1 2 3 6 6 3 11 5 9 13 11 6 13 7 13 3 6 2 10 15 6 22 53 27 28 16 16 22 18 10 15 26 30 29 14 23 22 30 33 31 36 50 48 43 43 34 48 54 40 63 45 35 33 36
0 0 0 0 0 0 0 0 0 0 0 0 0 0 0 0 0 0 0 0 0 0 0 0 0 1 0 0 0 0 0 0 0 0 2 0 1 1 1 2 1 1 1 1 2 2 5 7 6 7 9 8 10 6 7 5 14 7 3 2 4 15 31 45 40 37 21 20 22 12 10 12 19 9 30 12 22 23 34 37 41 30 40 45 51 37 50 47 48 36 46 51 43 40 54 60
0 0 0 0 0 0 0 0 0 0 0 0 0 0 0 0 0 0 0 0 0 0 0 0 0 0 0 0 0 0 0 0 0 0 0 0 0 1 1 1 0 1 0 0 1 2 3 6 7 4 3 9 2 6 7 6 4 3 9 5 1 8 8 13 22 46 37 57 36 11 21 15 25 18 59 25 16 19 24 29 39 25 33 47 28 31 43 61 50 50 36 44 42 55 54 47
0 0 0 0 0 0 0 0 0 0 0 0 0 0 0 0 0 0 0 0 0 0 0 0 0 0 0 0 0 0 0 0 0 0 0 0 0 0 0 1 2 1 1 1 0 1 1 2 3 4 5 4 5 1 9 1 3 9 5 6 3 3 7 6 6 7 25 21 12 25 47 18 24 16 47 18 18 20 29 39 59 41 62 61 55 55 54 56 70 70 44 38 38 42 70 53
0 0 0 0 0 0 0 0 0 0 0 0 0 0 0 0 0 0 0 0 0 0 0 0 0 0 0 0 0 0 0 0 0 0 0 0 0 0 0 0 1 2 1 0 2 2 3 1 2 1 2 3 1 3 3 7 9 5 6 5 3 10 19 14 11 8 10 25 27 21 30 30 12 20 38 24 34 30 46 67 54 37 76 74 73 68 68 67 69 66 46 47 63 65 67 51
0 0 0 0 0 0 0 0 0 0 0 0 0 1 0 0 1 0 0 0 0 0 0 0 0 0 0 0 0 0 0 0 0 0 0 0 0 0 0 0 0 1 1 2 0 1 1 2 3 2 2 4 7 2 1 1 3 8 8 9 7 18 14 11 5 14 21 17 35 29 22 40 19 30 31 51 61 58 68 65 26 54 74 49 31 39 57 34 64 75 62 60 54 59 60 81
0 0 1 0 0 0 0 0 0 0 0 1 1 4 1 1 2 1 0 0 0 0 0 0 0 0 0 0 0 0 0 0 0 0 0 0 0 0 0 0 0 0 1 2 1 1 1 1 2 2 2 2 2 12 24 6 5 5 6 8 13 13 18 9 18 17 25 11 29 31 13 26 34 34 51 32 47 50 67 56 13 25 37 60 25 6 13 29 76 72 75 79 43 50 35 75
