sesion_6_simulaciones/modelos_agentes/ejemplos_netlogo/scenarios/cgcm2_a2/rob_2065.asc
NCOLS 322 
NROWS 307 
XLLCORNER 451900 
YLLCORNER 4086900 
CELLSIZE 100 
NODATA_value -9999 
[rows 74 to 147 of 307, columns 0 to 95 of 322]
0 0 0 0 0 0 0 0 0 0 0 0 0 0 0 0 0 0 0 0 0 0 0 0 0 0 0 0 0 0 0 0 0 0 0 0 0 0 0 0 0 0 0 0 0 0 0 0 0 0 0 0 0 0 0 0 0 0 0 0 0 0 0 0 0 0 0 0 0 1 2 1 1 0 3 11 4 5 15 29 19 2 2 4 7 1 1 1 2 1 1 1 1 1 2 1
0 0 0 0 0 0 0 0 0 0 0 0 0 0 0 0 0 0 0 0 0 0 0 0 0 0 0 0 0 0 0 0 0 0 0 0 0 0 0 0 0 0 0 0 0 0 0 0 0 0 0 0 0 0 0 0 0 0 0 0 0 0 0 1 0 0 1 0 0 0 1 2 2 1 2 21 5 2 2 27 16 5 3 2 1 2 3 1 2 2 2 4 3 2 1 11
0 0 0 0 0 0 0 0 0 0 0 0 0 0 0 0 0 0 0 0 0 0 0 0 0 0 0 0 0 0 0 0 0 0 0 0 0 0 0 0 0 1 0 0 0 0 0 0 0 0 0 0 0 0 0 0 0 0 0 0 0 0 0 1 1 0 1 1 1 1 1 1 1 1 2 28 42 6 4 5 11 6 2 1 1 8 8 6 5 1 1 1 6 7 4 7
0 0 0 0 0 0 0 0 0 0 0 0 0 0 0 0 0 0 0 0 0 0 0 0 0 0 0 0 0 0 0 0 0 0 0 0 0 0 0 0 1 0 0 0 0 0 0 0 0 0 0 0 0 0 0 0 0 0 0 0 0 0 0 0 0 0 1 1 1 2 3 3 4 3 2 4 26 12 7 2 16 17 2 1 6 16 2 22 11 4 2 5 10 10 11 4
0 0 0 0 0 0 0 0 0 0 0 0 0 0 0 0 0 0 0 0 0 0 0 0 0 0 0 0 0 0 0 0 0 0 0 0 0 0 0 0 0 0 0 0 0 1 0 0 0 0 0 0 0 0 0 0 0 0 0 0 0 0 0 0 0 0 0 1 1 1 2 5 4 5 3 1 1 5 4 2 5 4 2 2 6 2 2 1 2 8 4 7 6 8 11 15
0 0 0 0 0 0 0 0 0 0 0 0 0 0 0 0 0 0 0 0 0 0 0 0 0 0 0 0 0 0 0 0 0 0 0 0 0 0 0 0 0 1 1 0 0 0 1 2 4 3 1 1 0 0 0 0 0 0 0 0 0 0 0 0 0 0 0 0 0 1 2 2 3 5 4 3 2 4 1 1 5 4 2 3 7 2 7 4 2 6 9 29 39 41 21 28
0 0 0 0 0 0 0 0 0 0 0 0 0 0 0 0 0 0 0 0 0 0 0 0 0 0 0 0 0 0 0 0 0 0 1 1 0 0 0 0 1 0 1 1 0 0 1 3 16 18 21 28 10 1 1 0 0 0 0 0 0 0 0 0 0 0 0 0 0 1 2 2 3 5 5 3 3 1 1 0 1 3 3 4 10 5 2 3 4 7 47 46 41 19 20 47
0 0 0 0 0 0 0 0 0 0 0 0 0 0 0 0 0 0 0 0 0 0 0 0 0 0 0 0 0 0 0 0 0 0 0 0 0 0 0 0 1 5 1 3 2 1 1 0 0 1 3 5 9 13 4 1 0 0 0 0 0 0 0 0 0 0 0 0 0 0 0 3 3 4 7 4 1 0 0 0 1 2 2 6 2 6 8 11 7 7 5 4 15 11 17 35
0 0 0 0 0 0 0 0 0 0 0 0 0 0 0 0 0 0 0 0 0 0 0 0 0 0 0 0 0 0 0 0 0 0 0 0 0 0 0 0 0 1 1 4 2 1 2 1 0 0 0 0 1 3 2 5 1 0 0 1 1 0 0 0 0 0 0 0 0 0 0 1 3 3 2 3 2 1 1 3 1 1 3 11 4 18 13 12 12 17 12 6 5 16 58 74
0 0 0 0 0 0 0 0 0 0 0 0 0 0 0 0 0 0 0 0 0 0 0 0 0 0 0 0 0 0 0 0 0 0 0 0 0 0 0 0 1 2 1 1 0 1 1 1 0 0 0 0 1 0 1 1 2 1 3 2 0 0 0 0 0 0 0 0 0 0 2 1 2 2 2 2 4 6 3 1 3 3 13 18 11 31 23 51 32 27 34 32 8 7 12 13
0 0 0 0 0 0 0 0 0 0 0 0 0 0 0 0 0 0 0 0 0 0 0 0 0 0 0 0 0 0 0 0 0 0 0 0 0 0 0 0 0 1 2 3 0 0 0 0 0 0 0 1 4 1 1 1 0 2 9 1 0 0 0 0 0 0 0 0 1 1 1 2 1 1 1 2 3 3 7 1 3 2 5 4 10 35 16 21 41 53 31 34 37 24 19 17
0 0 0 0 0 0 0 0 0 0 0 0 0 0 0 0 0 0 0 0 0 0 0 0 0 0 0 0 0 0 0 0 0 0 0 0 0 0 0 0 1 1 2 3 2 2 2 2 3 2 2 2 2 1 1 0 1 3 1 1 0 1 0 0 0 0 0 1 0 0 1 1 5 1 1 4 2 2 4 3 3 2 3 8 2 26 18 47 47 67 81 79 55 36 28 29
0 0 0 0 0 0 0 0 0 0 0 0 0 0 0 0 0 0 0 0 0 0 0 0 0 0 0 0 0 0 0 0 0 0 0 0 0 0 0 0 1 0 1 1 1 1 1 1 1 1 1 0 1 1 1 1 2 1 1 1 1 0 0 0 0 0 0 0 0 0 0 1 0 0 4 2 2 3 16 5 7 4 2 7 14 42 29 18 60 55 44 58 63 29 30 34
0 0 0 0 0 0 0 0 0 0 0 0 0 0 0 0 0 0 0 0 0 0 0 0 0 0 0 0 0 0 0 0 0 0 0 0 0 0 0 0 1 0 0 0 0 0 1 0 0 0 0 0 0 1 1 0 1 0 1 1 1 0 0 0 0 0 1 1 1 0 1 0 1 0 1 1 8 14 2 5 6 4 5 4 6 10 24 42 51 61 10 41 50 51 33 34
0 0 0 0 0 0 0 0 0 0 0 0 0 0 0 0 0 0 0 0 0 0 0 0 0 0 0 0 0 0 0 0 0 0 0 0 0 0 0 0 0 0 0 0 0 0 1 0 0 1 0 0 0 1 0 0 0 0 0 0 0 0 0 0 0 0 0 0 1 0 1 1 0 1 1 1 1 3 2 2 2 3 9 9 6 8 8 6 22 18 15 40 19 60 48 45
0 0 0 0 0 0 0 0 0 0 0 0 0 0 0 0 0 0 0 0 0 0 0 0 0 0 0 0 0 0 0 0 0 0 0 0 0 0 0 0 0 0 0 0 0 0 0 0 0 0 0 0 0 0 1 0 0 0 1 0 0 0 0 0 0 0 0 0 2 0 0 0 0 0 1 2 2 8 11 8 14 11 6 4 15 22 20 20 9 9 21 39 41 19 43 41
0 0 0 0 0 0 0 0 0 0 0 0 0 0 0 0 0 0 0 0 0 0 0 0 1 0 1 1 0 0 0 0 0 0 0 0 0 0 0 0 0 0 0 0 0 0 0 0 0 0 0 0 0 1 0 0 0 0 0 0 0 0 0 0 0 0 0 0 0 6 4 1 0 2 2 4 19 20 3 7 26 17 21 20 20 24 26 29 24 13 7 38 33 20 15 6
0 0 0 0 0 0 0 0 0 0 0 0 0 0 0 0 0 0 0 0 0 0 0 0 0 0 0 2 1 0 0 0 0 0 0 1 0 0 0 0 0 0 0 0 0 0 0 0 0 0 1 1 2 2 2 0 0 0 0 0 0 0 0 0 0 0 1 0 0 0 1 2 14 39 13 6 3 3 27 8 2 13 23 20 20 23 33 39 33 16 10 13 9 5 9 29
0 0 0 0 0 0 0 0 0 0 0 0 0 0 0 0 0 0 0 0 0 0 0 0 0 0 0 1 3 0 0 0 0 0 0 0 0 0 0 0 0 0 0 0 0 0 0 0 0 2 3 2 0 0 1 3 0 0 0 0 0 0 0 0 0 0 0 0 0 0 0 0 0 1 1 21 3 5 3 9 20 5 9 29 23 30 38 42 47 49 28 8 14 31 19 31
0 0 0 0 0 0 0 0 0 0 0 0 0 0 0 0 0 0 0 0 0 0 0 0 0 0 0 0 0 0 1 0 0 0 0 0 0 1 0 0 1 0 0 0 1 1 0 1 1 2 6 6 1 3 2 3 1 1 1 0 0 0 0 0 0 0 0 0 0 0 0 0 0 0 0 2 2 4 4 6 12 32 14 18 29 34 29 47 27 16 28 34 38 9 9 15
0 0 0 0 0 0 0 0 0 0 0 0 0 0 0 0 0 0 0 0 0 0 0 0 0 0 0 0 0 1 3 0 0 0 0 0 0 0 1 0 1 0 0 1 1 1 2 3 4 25 12 14 6 21 17 7 5 4 3 0 0 0 0 0 0 0 0 1 0 1 0 1 2 1 1 1 1 4 9 8 5 6 28 28 29 19 38 19 16 39 36 29 34 37 29 18
0 0 0 0 0 0 0 0 0 0 0 0 0 0 0 0 0 0 0 0 0 0 0 0 0 0 0 0 0 0 1 1 0 0 0 0 0 0 1 0 1 0 0 1 1 2 11 13 18 30 17 3 15 8 7 5 3 6 0 0 1 0 0 0 0 0 0 0 1 0 3 1 0 1 1 2 11 14 19 15 12 10 13 21 14 9 23 22 22 25 39 36 19 16 25 24
0 0 0 0 0 0 0 0 0 0 0 0 0 0 0 0 0 0 0 0 0 0 0 0 0 0 0 0 0 0 1 3 0 0 0 0 0 0 5 1 2 1 0 1 3 12 32 19 9 41 10 1 4 1 2 10 12 5 1 2 2 2 0 0 0 0 0 0 0 1 0 1 1 1 1 4 4 3 11 20 26 15 7 10 6 10 27 37 31 29 28 37 16 20 21 33
0 0 0 0 0 0 0 0 0 0 0 0 0 0 0 0 0 0 0 0 0 0 0 0 1 1 0 1 0 0 2 5 0 0 0 0 0 0 0 1 3 8 2 2 12 23 46 36 10 23 2 3 1 0 0 0 20 19 11 5 1 2 0 0 1 1 0 0 0 0 0 1 0 3 4 1 3 10 9 20 17 24 29 10 20 20 30 26 34 19 34 38 25 31 26 40
0 0 0 0 0 0 0 0 0 0 0 0 0 0 0 0 0 0 0 0 0 0 0 0 1 1 1 2 1 2 1 2 0 0 0 0 0 1 0 1 1 5 4 9 20 24 50 70 60 27 6 2 0 0 0 0 0 0 38 6 7 0 0 1 0 0 0 0 0 0 0 0 2 2 1 1 2 1 5 8 21 32 19 12 14 27 20 17 34 15 56 19 23 25 20 25
0 0 0 0 0 0 0 0 0 0 0 0 0 0 0 0 0 0 0 0 0 0 1 2 3 4 4 3 3 5 0 2 3 1 1 0 0 0 0 0 0 4 1 2 3 7 71 75 64 13 6 4 2 2 1 1 0 1 0 0 0 0 1 1 1 0 0 0 0 0 0 0 0 1 0 0 1 3 4 9 15 22 14 13 11 16 20 7 21 18 59 26 26 13 22 32
0 0 0 0 0 0 0 0 0 0 0 0 0 0 0 0 0 0 0 0 0 0 0 0 0 1 2 1 5 7 3 11 17 5 1 2 1 1 1 0 2 4 2 2 5 10 4 21 31 5 8 7 3 2 3 1 0 2 1 1 0 0 0 1 0 0 0 0 0 0 0 0 1 1 1 1 1 3 4 5 6 14 10 11 10 8 13 11 31 38 10 19 27 25 31 19
0 0 0 0 0 0 0 0 0 0 0 0 0 0 0 0 0 1 0 0 0 1 1 1 2 3 3 2 1 1 2 26 12 3 6 8 12 4 0 0 2 3 24 6 8 12 14 4 3 6 15 9 4 2 1 1 2 1 1 0 0 0 1 1 0 0 0 0 0 0 0 0 0 0 1 2 1 2 3 4 5 6 4 9 11 6 6 9 23 2 9 17 14 5 3 11
0 0 0 0 0 0 0 0 0 0 0 0 0 0 0 0 0 0 0 0 1 1 2 3 6 15 7 6 4 2 1 1 24 20 14 3 22 7 3 6 11 2 14 8 67 37 12 5 6 3 8 10 4 2 2 1 1 1 1 0 1 1 3 3 1 0 0 0 0 0 0 0 0 0 0 1 1 1 2 2 3 3 4 6 3 9 7 23 8 5 11 13 16 9 9 17
0 0 0 0 0 0 0 0 0 0 0 0 0 0 0 0 0 0 0 0 1 2 9 8 11 9 23 10 3 3 3 3 1 16 13 2 2 2 15 5 4 1 25 6 4 2 8 6 9 7 11 12 10 5 2 1 0 0 0 0 0 0 1 1 0 0 0 0 0 0 0 0 0 0 0 0 1 1 1 2 1 5 2 1 3 11 5 25 5 2 4 6 8 7 13 15
0 0 0 0 0 0 0 0 0 0 0 0 0 0 0 0 0 0 0 0 0 1 14 22 7 6 8 8 11 10 6 9 4 1 1 4 1 2 24 2 2 3 9 3 4 3 8 6 8 6 3 8 8 5 1 1 0 0 0 0 0 0 0 0 0 0 0 0 0 0 0 0 0 0 0 0 1 1 1 1 5 1 1 2 3 5 5 5 7 1 1 5 6 13 16 25
0 0 0 0 0 0 0 0 0 0 0 0 0 0 0 0 0 0 1 2 1 4 4 4 2 1 4 9 12 10 21 19 3 2 0 1 2 11 5 4 1 14 27 4 5 6 6 10 12 2 4 5 4 3 1 1 0 0 0 0 0 0 0 0 1 0 0 0 0 0 0 0 0 0 0 0 0 0 1 2 1 1 1 1 2 1 3 6 15 5 3 4 7 9 7 19
0 0 0 0 0 0 0 0 0 0 0 0 0 0 0 0 0 0 1 1 2 8 4 3 4 5 2 5 9 7 8 4 2 5 3 4 8 5 10 3 5 6 14 13 8 7 2 4 6 2 2 6 7 6 4 1 0 0 0 1 1 0 0 0 0 0 1 1 0 0 0 2 1 0 0 0 0 0 0 1 0 1 1 0 1 1 2 6 4 9 6 9 7 12 11 17
0 0 0 0 0 0 0 0 0 0 0 0 0 0 0 1 0 0 1 2 3 5 10 5 4 5 6 4 14 10 5 4 5 7 8 8 2 3 4 6 5 2 3 5 9 5 1 2 2 2 3 4 2 2 1 1 1 0 2 2 1 1 0 0 0 0 2 20 5 2 1 0 2 4 0 0 0 0 1 0 0 1 0 1 1 2 1 1 2 3 6 5 17 13 5 10
0 0 0 0 0 0 0 0 0 0 0 0 0 0 0 0 1 1 1 2 2 2 8 4 3 3 3 1 1 2 6 5 8 8 4 8 7 6 5 4 1 3 6 1 8 4 4 4 4 2 1 1 1 5 2 1 1 0 0 0 0 0 1 0 1 1 1 9 28 7 0 1 1 0 2 1 0 0 0 0 1 1 0 4 1 1 1 2 2 3 5 11 5 6 8 4
0 0 0 0 0 0 0 0 0 0 0 0 0 0 0 0 0 0 0 2 2 3 6 12 7 5 7 6 3 2 3 1 2 4 4 7 8 5 9 2 1 5 2 3 10 4 4 3 5 3 2 2 2 3 5 0 0 0 1 0 0 2 1 2 2 1 3 2 27 5 3 1 0 0 1 1 1 1 1 1 0 1 1 1 1 1 2 1 1 9 3 2 7 5 8 8
0 0 0 0 0 0 0 0 0 0 0 0 0 0 0 0 0 0 0 1 2 7 11 20 21 6 4 2 1 2 2 0 0 1 2 2 5 6 4 5 4 4 1 8 1 1 2 2 3 4 8 6 2 4 2 1 1 1 1 0 1 1 1 1 15 2 3 2 1 23 12 1 1 0 2 4 5 12 4 3 1 1 0 2 5 3 9 5 4 5 3 2 5 7 13 7
0 0 0 0 0 0 0 0 0 0 0 0 0 0 0 0 0 1 0 4 15 5 3 7 13 7 5 5 2 0 2 2 3 1 1 2 7 7 2 3 9 9 6 5 2 1 2 6 10 11 4 23 10 9 4 1 1 0 0 1 1 0 0 1 1 4 2 3 2 6 12 19 8 1 0 3 2 7 0 0 2 8 0 1 0 2 2 25 12 9 31 6 5 5 7 9
0 0 0 0 0 0 0 0 0 0 0 0 0 0 0 0 0 1 1 1 1 10 11 5 7 5 10 17 9 3 3 5 4 4 4 2 2 5 5 5 5 7 5 5 4 4 14 9 7 11 11 8 7 4 3 4 4 4 1 0 1 0 0 5 1 3 6 3 2 3 13 11 12 4 1 2 0 3 1 1 0 3 1 1 2 10 2 3 1 1 14 2 5 36 6 14
0 0 0 0 0 0 0 0 0 0 0 0 0 0 0 0 0 0 1 1 1 0 7 24 14 13 11 11 15 5 4 7 3 4 8 11 5 2 2 5 7 5 3 22 6 8 11 33 33 17 28 9 9 24 35 27 4 2 1 0 1 5 2 1 6 1 8 5 4 1 14 10 6 10 1 2 0 4 7 1 1 8 1 1 2 0 4 2 1 3 25 5 3 20 32 28
0 0 0 0 0 0 0 0 0 0 0 0 0 0 0 0 0 0 1 2 3 4 2 6 7 8 3 4 13 4 3 3 2 2 3 6 6 4 3 6 4 2 2 2 9 12 13 32 21 9 7 18 6 5 3 2 2 1 1 1 1 3 4 1 2 6 1 14 8 3 14 21 21 10 2 2 1 7 1 1 0 18 2 1 3 3 1 3 3 9 29 40 5 4 44 33
0 0 0 0 0 0 0 0 0 0 0 0 0 0 0 0 0 0 1 3 6 4 3 1 1 1 3 2 0 1 3 0 1 2 4 3 4 7 5 4 9 6 7 6 8 12 13 11 7 6 12 12 10 12 4 5 4 1 1 1 1 2 4 5 5 18 6 15 25 7 8 10 21 9 12 2 1 7 3 8 6 24 35 5 4 4 1 6 4 2 16 54 8 3 4 42
0 0 0 0 0 0 0 0 0 0 0 0 0 0 0 0 0 0 1 2 4 3 2 4 2 2 3 1 0 0 1 1 1 1 2 3 5 7 5 13 19 11 10 7 3 6 8 7 9 20 11 18 9 9 5 5 4 3 2 3 2 4 3 9 3 20 15 6 32 17 2 13 16 11 25 4 12 5 5 4 13 5 45 12 2 5 6 23 5 2 3 24 12 6 16 15
0 0 0 0 0 0 0 0 0 0 0 0 0 0 0 0 0 0 0 1 2 3 3 3 6 4 6 5 1 0 0 0 0 1 2 1 5 7 3 3 16 9 5 3 7 4 10 5 6 23 29 20 27 12 3 4 18 4 6 5 6 11 3 2 3 3 11 6 13 32 10 8 10 36 23 12 20 5 12 38 20 6 27 38 6 9 3 4 4 6 9 38 13 24 14 4
0 0 0 0 0 0 0 0 0 0 0 0 0 0 0 0 0 0 2 3 2 8 5 8 3 3 6 6 4 0 0 0 2 2 6 7 5 10 10 10 10 6 6 4 6 4 3 7 6 4 3 8 3 5 20 10 21 4 34 18 3 16 4 8 12 4 3 2 11 25 10 26 11 23 4 15 50 25 13 30 45 37 29 50 8 7 19 5 8 2 12 18 21 8 5 7
0 0 0 0 0 0 0 0 0 0 0 0 0 0 0 0 0 0 0 0 1 0 1 2 5 9 5 5 9 2 1 5 3 5 3 2 5 5 6 20 12 4 6 11 9 9 9 11 4 12 13 4 16 25 20 28 15 15 11 18 3 9 14 6 14 26 30 19 8 41 44 62 58 21 16 18 33 40 29 40 49 49 29 55 51 20 3 3 5 10 13 23 30 12 6 4
0 0 0 0 0 0 0 0 0 0 0 0 0 0 0 0 0 0 1 0 0 1 1 2 7 3 5 6 8 9 3 29 6 2 4 2 9 9 11 16 30 13 13 14 8 15 8 9 4 7 9 6 3 18 7 14 36 33 16 20 22 38 39 24 6 38 35 46 45 26 47 55 13 24 20 20 36 30 60 65 56 36 31 68 55 18 26 4 5 30 9 27 19 22 19 11
0 0 0 0 0 0 0 0 0 0 0 0 0 0 0 0 0 0 0 1 1 1 1 2 2 3 7 4 6 4 5 24 4 6 5 4 7 6 6 13 22 9 7 12 6 11 3 3 7 3 3 7 3 2 2 3 16 37 41 43 31 22 38 60 20 21 59 60 52 32 11 25 35 19 21 40 52 73 45 31 33 29 78 63 63 16 13 13 9 15 14 32 6 4 6 28
0 0 0 0 0 0 0 0 0 0 0 0 0 0 0 0 0 0 0 0 1 1 0 1 1 2 3 1 5 5 10 5 7 12 6 3 3 5 15 15 8 4 12 13 12 8 3 2 1 6 3 3 6 5 2 2 5 10 6 25 14 12 39 63 47 36 19 8 10 18 14 17 13 16 16 16 47 36 34 23 8 31 80 64 63 50 16 22 4 17 21 45 46 30 13 6
0 0 0 0 0 0 0 0 0 0 0 0 0 0 0 0 0 0 0 1 1 0 0 1 0 0 2 1 3 6 7 9 14 7 3 8 7 6 13 10 4 10 4 4 7 2 2 2 1 4 2 1 4 2 6 3 3 6 7 2 18 13 17 26 29 12 10 20 15 25 14 8 10 14 17 7 23 22 26 15 13 11 42 30 41 62 21 35 8 28 40 35 22 29 23 9
0 0 0 0 0 0 0 0 0 0 0 0 0 0 0 0 0 0 0 0 0 0 1 0 1 0 1 1 3 2 4 6 13 5 10 8 9 4 7 5 4 5 3 3 3 1 1 2 1 6 3 2 5 5 4 3 7 7 13 9 5 8 3 7 2 2 7 15 18 21 20 11 8 5 6 5 11 12 16 15 18 15 21 14 23 30 11 22 6 24 46 42 21 9 69 56
0 0 0 0 0 0 0 0 0 0 0 0 0 0 0 0 0 0 0 0 0 0 0 0 0 1 2 2 3 3 7 15 4 6 6 11 4 3 8 2 3 3 1 2 2 4 1 2 1 3 2 2 3 5 2 3 4 7 6 9 10 16 6 6 6 4 13 10 14 10 6 5 16 8 5 3 5 13 9 9 10 10 12 22 26 23 17 24 11 62 65 58 57 18 5 14
0 0 0 0 0 0 0 0 0 0 0 0 0 0 0 0 0 0 0 0 0 0 0 1 0 0 2 1 1 1 2 3 5 13 5 2 3 1 3 1 2 1 2 1 1 1 1 1 1 1 2 2 1 2 2 5 6 4 7 5 14 7 4 11 3 6 10 22 7 6 9 24 15 13 14 15 4 4 10 8 9 15 11 30 19 12 40 13 21 62 62 59 74 32 38 10
0 0 0 0 0 0 0 0 0 0 0 0 0 0 0 0 0 0 0 0 0 0 0 0 0 1 1 2 1 1 2 8 3 3 4 2 2 1 2 1 1 1 0 0 0 1 0 1 1 0 1 0 1 2 4 4 9 6 3 5 5 7 7 5 29 6 11 14 17 33 27 14 9 9 15 18 17 20 24 25 37 46 17 22 17 30 51 29 45 56 31 48 81 54 59 40
0 0 0 0 0 0 0 0 0 0 0 0 0 0 0 0 0 0 0 0 0 0 0 0 0 0 0 1 1 2 1 3 1 2 3 1 1 1 0 1 1 0 0 1 2 1 0 2 6 2 3 2 5 9 13 2 3 4 4 3 4 5 12 11 14 12 11 12 33 5 4 6 8 4 3 5 22 17 31 42 51 52 41 16 17 39 64 31 34 15 22 56 89 44 69 57
0 0 0 0 0 0 0 0 0 0 0 0 0 0 0 0 0 0 0 0 1 0 1 0 0 0 0 0 1 1 1 1 0 1 2 1 1 0 0 0 1 6 1 1 1 2 2 1 8 14 35 8 14 32 17 6 14 5 1 2 2 3 9 4 6 10 10 16 6 5 8 12 25 16 17 14 6 27 46 67 64 27 19 27 14 44 61 43 33 28 30 83 83 48 61 88
0 0 0 0 0 0 0 0 0 0 0 0 0 0 0 0 0 0 0 0 1 2 1 0 0 1 1 1 1 0 2 1 1 0 1 0 0 0 1 1 2 0 2 8 2 4 5 4 5 44 45 51 9 29 25 27 9 18 6 4 3 4 1 5 9 13 16 5 7 7 15 27 19 30 43 27 18 50 70 73 40 27 19 41 24 51 28 22 43 42 62 88 68 83 63 90
0 0 0 0 0 0 0 0 0 0 0 0 0 0 0 0 0 0 0 0 0 3 1 3 4 6 4 2 1 0 1 1 0 1 1 3 2 4 7 5 7 10 5 14 4 11 17 22 3 4 4 40 41 16 29 10 9 33 14 10 3 3 5 8 10 12 9 11 13 21 19 10 20 22 28 28 59 60 51 56 31 24 21 29 25 44 29 32 31 30 46 82 61 79 39 71
0 0 0 0 0 0 0 0 0 0 0 0 0 0 0 0 0 0 1 2 0 0 2 11 4 8 6 8 7 11 4 8 9 17 3 9 1 8 19 6 17 33 7 26 21 11 28 8 50 15 7 60 39 38 35 36 53 63 12 17 5 5 3 3 4 7 6 5 5 8 11 15 11 24 31 57 73 67 28 15 35 22 18 28 15 25 26 40 41 64 74 85 59 63 57 52
0 0 1 0 0 0 0 0 0 0 0 0 0 0 0 0 0 0 0 1 1 0 0 1 1 1 4 17 7 8 10 9 26 10 7 11 23 17 22 28 8 39 45 17 26 21 39 13 51 67 40 42 41 39 23 62 38 44 32 28 14 3 3 3 10 7 9 14 17 18 27 19 31 29 59 70 57 43 35 16 6 13 16 24 24 15 28 40 43 56 78 79 36 46 50 52
0 0 0 0 0 0 0 0 0 0 0 0 0 0 0 0 0 0 0 0 0 0 0 0 0 1 3 3 5 8 12 20 4 19 5 35 21 23 30 37 26 42 31 39 53 41 43 52 8 57 33 20 67 14 35 59 38 11 50 9 12 18 3 3 6 7 20 18 19 19 20 30 48 79 79 70 58 39 11 15 15 8 5 6 16 9 29 27 37 51 69 56 46 29 59 68
0 0 0 0 0 0 0 0 0 0 0 0 0 0 0 0 0 0 0 1 0 0 0 0 1 1 0 1 1 1 1 1 2 3 1 1 2 2 2 4 5 6 3 6 7 8 9 50 38 37 69 20 52 53 55 48 16 8 12 12 31 27 9 5 13 14 20 14 16 43 62 72 75 76 73 69 52 19 8 9 8 8 7 5 11 6 17 11 20 26 46 44 43 25 40 47
0 0 0 0 0 0 0 0 0 0 0 0 0 0 0 0 0 0 0 0 0 1 1 0 1 1 0 1 1 2 1 1 3 2 2 3 2 2 4 6 6 7 13 6 8 5 12 5 8 11 44 42 54 62 52 23 22 25 16 28 29 12 9 10 11 13 23 40 56 58 69 55 41 45 34 36 11 14 14 14 14 12 7 9 5 3 3 3 8 11 23 23 31 20 17 24
1 1 1 0 0 0 0 0 0 0 0 0 0 0 0 0 0 0 0 0 0 0 0 0 0 0 0 1 1 0 1 1 0 0 0 1 1 1 3 2 2 6 6 4 4 6 5 11 11 12 8 12 15 20 28 23 29 21 15 34 6 8 7 11 16 11 13 12 31 62 68 64 46 40 21 20 30 26 42 39 28 19 5 10 14 14 14 9 7 3 3 6 14 28 26 20
0 0 0 0 0 0 0 0 0 0 0 0 0 0 0 0 0 0 0 0 0 0 0 0 0 0 0 1 1 1 1 0 1 0 1 1 1 2 2 3 2 2 3 2 1 2 2 3 7 13 22 39 34 30 23 19 21 17 17 5 4 7 6 15 12 7 13 14 19 27 25 40 52 27 18 29 37 36 14 12 7 10 11 20 37 36 36 21 20 17 8 8 4 4 8 8
0 0 0 0 0 0 0 0 0 0 0 0 0 0 0 0 0 0 0 0 0 0 0 0 0 0 0 1 1 0 0 1 0 1 1 1 2 1 1 2 2 3 13 4 4 4 4 7 11 10 23 26 19 19 18 12 17 10 8 8 1 8 8 11 21 25 23 33 26 23 15 18 11 19 25 37 56 41 23 16 16 23 24 42 34 33 35 40 41 23 32 19 14 13 7 4
0 0 0 0 0 0 0 0 0 0 0 0 0 0 0 0 0 0 0 0 0 0 0 0 0 0 1 1 0 0 1 0 1 1 2 2 1 3 3 3 1 3 4 4 4 12 12 10 7 6 13 6 25 16 35 21 11 11 7 5 5 6 9 6 37 49 20 37 34 30 23 27 15 26 40 50 29 13 22 27 25 36 25 40 48 45 51 39 41 41 39 39 34 31 14 28
0 0 0 0 0 0 0 0 0 0 0 0 0 0 0 0 0 0 0 0 0 0 0 0 0 1 3 3 1 0 1 1 1 3 1 2 2 3 1 1 4 3 2 3 4 9 9 5 15 7 13 17 15 9 18 9 17 5 8 3 14 20 8 30 61 34 34 21 20 26 21 12 17 29 35 33 16 26 25 33 37 35 40 55 54 48 47 37 53 57 41 63 44 34 33 34
0 0 0 0 0 1 0 0 0 1 0 0 0 0 0 0 0 0 0 0 0 0 0 0 0 2 1 0 0 0 0 1 0 1 3 1 1 2 3 3 2 2 2 2 3 4 8 9 8 10 12 11 15 8 10 8 20 10 4 2 6 20 38 52 46 45 25 25 26 14 12 15 22 10 36 15 27 26 41 42 47 35 45 51 56 42 55 52 53 40 48 53 45 41 54 60
0 0 0 0 0 1 0 0 1 0 0 0 1 0 0 0 0 0 0 0 0 0 0 0 0 0 0 0 1 1 0 0 1 0 1 1 1 3 2 2 1 2 1 1 1 4 4 9 10 6 5 14 3 9 11 10 6 4 13 7 2 10 11 17 28 52 43 61 40 12 24 18 29 22 65 30 20 24 29 35 47 31 39 53 35 36 50 66 56 55 42 47 46 58 57 48
0 0 0 0 0 0 0 0 0 1 1 1 0 0 0 0 0 0 0 0 0 0 0 0 0 0 0 0 0 0 0 0 0 0 0 0 0 0 0 1 3 1 2 2 1 1 2 3 5 6 8 6 8 2 13 2 5 14 7 8 4 3 9 8 7 9 30 24 14 28 54 22 28 20 54 23 24 26 37 48 66 51 70 67 61 60 60 61 75 75 49 43 43 46 73 56
0 0 0 0 0 0 0 0 0 0 0 0 0 0 0 0 0 0 0 0 0 0 0 0 0 0 0 0 0 0 0 0 0 0 0 0 0 0 0 1 1 4 2 1 4 3 5 2 4 2 2 5 2 5 5 10 13 8 8 6 5 14 25 18 14 10 12 29 33 26 35 37 16 26 47 32 43 38 55 73 60 44 79 77 76 73 73 71 73 70 52 51 68 69 71 56
0 0 0 0 0 0 1 0 0 0 0 1 0 1 0 0 1 1 1 0 0 0 0 0 0 0 0 0 0 0 0 0 0 0 0 0 0 0 0 1 1 1 2 3 0 3 3 3 4 2 3 6 10 4 2 2 4 11 11 12 9 23 19 14 7 18 24 21 43 35 28 50 27 39 39 60 67 63 72 68 31 59 76 54 36 43 63 38 68 78 65 64 59 63 64 82
0 0 1 0 1 0 0 0 0 0 1 1 1 5 1 2 3 1 0 0 0 0 0 0 0 0 0 0 0 0 0 0 0 0 0 0 0 0 0 0 0 0 1 3 2 1 3 2 3 3 3 3 2 16 31 9 8 7 8 10 17 16 22 11 22 23 32 14 35 39 18 34 44 42 60 40 54 55 71 62 17 30 42 62 30 8 15 33 78 74 76 80 46 52 38 77
