sesion_6_simulaciones/modelos_agentes/ejemplos_netlogo/scenarios/cgcm2_a2/rob_2095.asc
NCOLS 322 
NROWS 307 
XLLCORNER 451900 
YLLCORNER 4086900 
CELLSIZE 100 
NODATA_value -9999 
[rows 148 to 221 of 307, columns 0 to 95 of 322]
0 1 0 0 1 1 1 0 0 0 0 7 3 3 3 4 9 5 4 5 1 2 0 0 0 0 0 0 0 0 0 0 0 0 0 0 0 0 0 0 1 1 1 1 2 1 3 3 2 4 2 4 13 3 8 14 12 6 3 17 20 23 17 13 21 29 37 14 18 40 46 33 18 27 51 67 20 16 17 27 26 24 10 19 56 43 17 10 42 40 34 36 61 58 35 62
0 1 0 1 1 2 1 2 2 0 1 3 4 7 9 19 22 7 6 6 6 5 0 1 0 0 0 0 0 0 0 0 0 0 0 0 0 0 0 0 0 0 0 0 1 9 4 3 1 2 2 6 7 7 2 2 3 1 12 8 7 30 17 11 17 35 27 25 28 46 18 8 8 39 26 34 56 11 15 36 33 17 25 22 11 58 25 17 13 26 12 53 34 66 47 25
0 0 0 2 1 3 2 0 1 3 1 2 23 20 22 10 25 19 14 19 6 1 0 0 0 0 0 0 0 0 0 0 0 0 0 0 0 0 0 0 0 0 0 2 6 3 2 2 2 2 2 3 4 4 10 8 9 10 11 11 19 26 11 9 29 23 31 51 25 4 36 19 18 39 66 19 29 7 2 8 19 22 19 33 17 23 49 35 18 25 18 14 29 30 41 20
0 0 0 0 0 0 0 0 0 0 2 1 3 17 22 20 51 46 28 1 0 0 1 1 2 1 0 0 0 0 0 0 1 1 1 2 2 0 0 0 1 1 4 3 1 1 1 2 1 1 3 3 4 4 5 4 11 12 12 13 25 17 16 9 24 55 29 24 67 20 8 41 44 24 38 10 20 38 17 8 10 19 25 15 23 13 22 59 43 26 26 15 12 32 42 37
0 0 0 0 0 0 0 0 0 1 0 3 2 1 1 1 1 1 1 1 1 3 2 2 6 1 3 0 0 0 0 0 1 0 0 0 0 2 0 0 1 0 1 2 2 4 4 8 3 2 4 4 6 5 2 6 7 24 8 17 23 26 39 73 64 42 36 19 29 76 24 19 20 29 18 5 9 10 44 23 12 15 32 27 17 25 19 25 54 24 21 20 8 9 22 24
1 0 0 0 0 0 0 1 0 0 1 1 1 3 2 2 1 3 4 7 14 5 16 4 2 1 1 0 0 2 1 0 0 0 0 0 0 0 1 0 0 5 0 1 2 1 1 1 4 3 6 9 9 7 2 5 8 12 26 18 52 39 55 61 55 68 52 11 29 50 61 38 26 15 26 18 12 10 28 14 24 19 18 31 24 22 20 20 65 45 15 14 18 8 27 30
3 1 2 1 1 1 1 0 0 0 0 1 1 4 6 2 1 3 11 12 23 40 11 22 6 2 6 4 1 1 7 2 0 0 0 0 0 0 0 1 0 3 0 1 2 0 1 2 1 9 11 18 29 21 20 10 11 13 39 30 19 18 56 64 62 48 61 34 30 47 69 17 31 16 12 11 23 7 21 42 17 29 28 18 17 16 20 15 28 24 41 17 11 9 7 14
6 4 7 2 4 1 1 2 0 0 0 0 3 2 1 4 3 3 2 15 27 21 12 16 10 3 6 4 1 0 1 16 6 2 1 0 0 1 1 1 0 3 7 1 2 1 1 1 1 3 3 6 15 3 5 26 10 21 14 8 8 11 14 42 32 10 16 10 36 51 51 43 23 21 31 10 12 16 17 33 31 20 29 25 16 18 17 18 18 18 23 32 21 11 9 7
2 7 3 9 14 6 1 7 0 0 0 0 0 1 3 3 2 5 3 2 4 19 24 3 4 9 2 6 2 0 0 1 4 11 5 1 1 1 0 1 1 5 11 1 1 1 1 2 3 4 6 11 8 9 9 9 14 29 16 18 27 27 11 8 4 18 18 16 12 22 24 49 55 30 15 10 13 17 21 31 35 55 16 24 16 15 13 8 12 21 18 6 30 13 5 7
16 30 10 20 12 2 6 19 1 1 1 0 2 6 6 2 6 5 6 2 4 4 3 18 4 1 1 11 9 1 1 1 1 10 14 6 5 3 3 4 4 2 14 8 1 1 1 2 2 3 6 18 6 11 15 8 4 12 15 17 16 13 6 12 13 4 2 9 30 33 36 56 25 33 16 15 21 20 35 26 31 27 35 16 15 13 7 5 8 8 15 10 14 17 7 3
10 36 5 40 4 17 13 20 1 3 3 1 1 1 4 5 5 20 21 25 4 3 4 6 3 2 2 18 2 20 2 7 5 15 3 7 6 24 5 3 5 3 15 10 11 1 1 1 3 2 3 3 2 7 10 5 9 33 31 48 14 23 30 24 23 9 9 16 23 27 26 40 31 21 34 10 20 32 33 37 22 19 25 22 9 7 4 1 3 8 9 14 12 11 13 10
2 32 15 25 28 31 26 3 5 8 4 2 2 1 2 1 3 9 12 33 12 2 4 7 19 12 8 13 2 18 18 3 5 9 26 23 14 25 43 9 7 2 4 13 9 5 3 2 4 1 1 2 7 8 4 4 6 6 6 10 7 16 34 30 30 21 23 26 19 27 27 27 22 32 10 18 18 27 17 14 17 14 12 15 22 16 10 17 10 6 5 7 11 14 8 5
3 2 2 24 33 29 4 5 15 6 11 15 6 4 2 3 4 5 10 6 12 26 22 4 16 14 15 16 24 5 50 35 10 3 19 59 47 23 12 31 24 2 8 18 24 28 3 2 2 2 2 2 19 5 43 32 33 19 61 40 25 12 17 19 21 20 24 30 28 17 20 29 27 32 18 27 15 16 17 23 12 13 12 20 10 10 12 14 8 9 11 6 5 7 3 1
2 14 8 7 4 16 9 29 27 11 12 13 3 6 1 4 3 3 10 8 12 14 14 5 30 30 23 43 34 25 46 62 47 23 16 4 13 24 13 5 7 4 2 48 37 23 12 14 5 19 31 44 31 12 13 31 22 11 16 32 35 25 29 21 22 19 19 36 29 15 19 20 26 29 20 23 20 23 14 13 11 12 5 9 9 6 11 8 6 5 5 5 2 3 3 4
4 6 5 13 13 5 31 59 36 42 2 11 21 16 30 7 17 4 4 5 7 3 20 45 67 33 54 65 40 42 22 34 60 28 26 10 29 45 56 76 59 16 7 10 52 29 12 56 11 13 35 31 40 14 8 50 60 23 18 14 48 51 15 38 25 26 19 26 24 19 26 24 24 21 20 23 19 17 14 6 5 7 7 8 10 5 7 5 4 4 3 3 1 1 1 1
3 4 17 7 8 3 22 53 31 52 8 13 37 27 50 16 7 10 6 13 19 27 7 36 53 56 68 69 36 67 49 69 66 68 63 63 49 60 66 52 7 29 32 9 3 33 17 24 14 15 32 31 35 37 15 19 54 77 38 29 40 19 23 22 29 42 43 37 25 17 33 19 16 14 14 8 15 8 4 3 4 6 6 4 4 2 3 1 2 3 1 4 6 6 5 6
3 2 1 5 10 12 5 63 10 11 10 17 22 3 18 25 9 9 9 37 37 14 17 11 51 76 69 73 44 82 63 69 69 57 70 66 79 72 68 74 64 32 7 5 2 3 30 21 11 4 10 41 47 49 53 63 70 70 78 31 19 25 25 31 31 37 47 24 20 33 18 14 15 13 5 4 3 3 8 9 11 5 4 2 4 8 12 12 21 5 11 24 11 21 20 13
1 2 8 7 5 4 6 18 23 20 39 35 40 41 12 36 12 26 5 5 20 57 25 17 6 27 35 59 61 25 8 11 8 20 20 32 72 59 61 75 68 48 23 6 2 3 20 16 11 10 8 8 24 58 63 51 34 38 73 59 24 16 25 27 36 35 20 32 21 9 12 15 15 10 8 5 3 3 3 3 7 12 10 17 22 31 31 31 18 16 19 34 31 44 42 23
2 1 2 3 7 6 9 10 10 9 21 48 52 60 7 6 12 34 34 15 16 13 32 9 16 21 14 19 9 13 25 16 27 25 48 29 22 18 16 15 14 22 13 5 4 5 12 13 23 11 13 14 3 28 22 35 41 45 30 42 41 22 50 50 42 26 27 17 18 15 14 16 7 4 8 8 3 2 3 8 33 34 23 36 41 45 36 51 38 40 68 70 46 62 42 31
1 1 2 8 8 13 13 11 13 12 21 3 6 7 13 16 9 9 45 44 38 18 24 6 19 33 29 24 14 16 30 39 18 44 20 14 15 21 22 22 11 8 10 7 15 12 32 25 24 21 11 6 8 10 11 33 13 10 9 33 18 30 32 20 32 18 13 19 18 9 8 5 7 6 10 10 14 3 29 29 44 41 41 45 44 64 63 50 47 57 31 15 25 22 27 53
1 2 5 3 4 7 9 6 12 26 6 7 19 18 8 19 3 4 7 17 18 15 11 13 20 14 20 16 37 9 30 18 15 21 15 14 22 41 14 37 17 8 7 5 4 9 13 31 19 20 10 20 21 12 21 18 18 18 20 36 51 48 31 10 18 17 15 7 10 5 5 30 29 18 18 29 13 21 38 56 64 49 47 73 67 66 67 55 66 64 37 14 7 8 15 42
5 15 14 22 5 6 6 5 10 16 9 9 14 14 11 5 8 8 25 24 12 15 25 13 17 14 9 18 11 10 19 14 19 17 11 14 10 25 9 32 21 14 9 3 2 1 7 11 60 45 19 17 46 19 10 26 37 59 51 42 55 30 23 14 17 12 5 5 14 13 27 40 49 23 31 40 25 43 58 57 67 81 51 83 71 67 60 61 60 52 42 35 11 7 7 11
1 2 1 2 2 2 8 5 13 6 10 5 8 19 5 2 6 12 11 10 5 4 4 12 17 11 7 9 9 12 14 18 8 12 10 4 18 10 17 30 13 14 23 8 8 4 3 12 19 32 20 31 22 10 15 27 30 27 24 16 15 10 6 4 4 1 13 26 37 27 43 54 54 38 52 42 27 46 59 56 81 68 57 56 44 10 12 45 23 31 23 15 15 5 3 18
1 4 3 6 3 6 3 4 7 8 3 4 6 7 10 11 16 6 7 7 9 2 5 16 30 18 10 6 10 6 6 18 48 16 11 8 17 9 34 6 17 8 12 11 6 4 6 8 6 13 19 17 7 15 16 15 47 19 13 10 7 20 21 30 14 24 33 49 41 37 37 55 38 39 51 48 33 42 56 68 71 55 42 40 30 17 17 18 30 15 13 13 7 6 3 4
1 2 2 3 7 1 1 2 2 5 4 3 10 8 30 12 9 19 14 12 31 11 15 16 23 22 7 17 4 10 14 12 39 41 23 13 13 25 19 6 5 5 9 11 4 9 6 4 4 7 9 14 13 15 18 18 12 5 6 24 21 38 35 37 27 28 42 46 59 54 35 50 52 56 41 61 49 49 53 61 53 72 48 37 22 28 23 12 44 23 10 6 1 5 6 8
1 1 1 2 1 1 1 3 6 4 5 8 7 6 6 8 44 40 15 17 20 15 21 8 11 15 17 10 5 6 5 9 14 11 17 27 5 8 22 14 9 11 8 5 10 7 8 8 5 7 10 12 23 19 13 11 15 22 29 47 36 34 47 36 28 41 42 39 53 34 44 51 65 33 41 44 51 58 75 51 27 24 30 40 34 25 17 12 11 14 7 4 5 3 5 5
1 2 2 1 1 6 5 3 11 21 25 21 20 32 10 7 11 32 19 31 4 12 23 7 9 7 9 15 9 20 12 10 7 9 18 30 9 17 17 18 12 2 3 6 5 7 4 3 7 10 11 22 20 15 21 14 20 22 43 35 31 31 41 31 27 32 41 27 51 41 29 55 39 29 35 59 51 58 21 78 54 59 32 25 34 28 21 25 9 6 3 3 3 1 3 1
1 1 1 1 1 1 2 4 8 13 17 33 30 24 35 6 15 14 7 7 9 19 19 7 3 4 2 5 3 6 5 6 10 10 18 16 7 16 18 13 8 4 2 2 4 5 6 15 7 8 18 14 11 28 15 15 24 42 39 40 32 30 33 23 27 46 44 30 46 38 40 42 64 58 54 54 67 58 21 23 54 63 50 46 23 17 21 25 13 7 5 2 2 4 4 2
0 0 4 1 3 1 1 2 5 7 2 3 3 4 7 11 12 11 32 9 13 18 7 7 1 6 2 6 3 2 4 5 5 5 8 7 8 9 9 10 7 4 1 3 4 5 8 10 10 10 13 24 16 14 13 24 34 31 29 29 27 19 34 32 32 46 37 43 48 81 60 52 50 66 16 17 13 52 52 34 22 49 33 26 21 17 20 10 6 12 7 4 3 2 1 1
1 2 2 9 1 10 10 1 3 2 5 3 8 6 8 7 9 5 6 6 3 8 2 3 2 1 2 3 1 4 4 3 3 4 5 3 5 3 4 8 6 5 6 9 14 5 12 7 16 23 21 34 22 13 22 25 26 34 18 22 41 27 35 39 27 42 37 62 23 42 77 73 70 59 68 45 30 15 11 28 27 20 45 37 35 28 25 37 18 6 5 4 4 2 2 0
7 2 1 3 7 3 2 3 2 3 1 3 2 2 8 4 5 1 4 5 5 2 2 3 1 1 1 0 1 1 1 2 2 8 2 2 2 3 3 1 3 6 2 4 4 9 4 10 17 24 21 23 20 20 18 32 24 29 26 23 28 32 23 26 41 46 27 33 74 22 72 76 49 76 75 77 57 50 51 40 39 34 15 10 24 34 22 27 12 9 5 3 4 2 1 0
3 26 3 8 1 2 1 2 1 1 4 1 2 6 11 17 23 5 3 7 3 2 1 1 2 1 1 1 1 0 0 1 2 2 1 1 1 1 5 4 2 6 3 15 7 8 8 7 16 19 13 12 14 15 15 17 32 25 20 37 29 38 21 21 38 11 26 33 26 41 30 68 36 57 79 80 77 86 67 53 56 71 73 54 22 17 22 22 14 7 5 3 2 1 1 0
1 3 2 2 4 3 1 1 1 1 3 1 8 2 2 3 3 4 3 3 5 1 2 1 1 0 0 0 0 0 1 1 1 1 1 1 1 2 4 3 2 2 5 11 2 10 7 7 8 17 6 8 9 11 11 13 19 25 15 21 31 14 21 58 64 53 30 28 13 5 14 17 34 32 67 74 68 74 77 61 79 67 64 33 25 30 26 19 23 10 5 4 2 1 1 0
1 1 3 3 2 2 1 1 0 1 0 0 1 1 10 5 10 2 2 2 2 1 1 1 1 1 1 0 0 0 1 0 1 1 0 0 1 2 1 1 1 2 2 4 4 4 5 5 7 6 3 6 4 5 9 6 15 20 24 27 26 46 12 4 4 7 12 27 25 20 11 11 6 20 35 63 54 76 86 51 71 86 63 47 39 24 23 23 17 8 6 6 3 2 1 0
0 3 1 1 1 1 1 0 0 0 0 0 0 1 2 2 3 2 2 2 1 2 0 1 1 1 1 0 0 0 0 0 1 0 1 1 1 3 0 0 1 2 2 3 2 2 2 2 3 2 4 8 6 9 10 8 18 13 12 8 13 51 8 10 21 36 45 35 37 30 27 42 17 6 15 53 50 76 86 78 62 63 59 46 33 34 33 23 19 15 11 10 5 2 1 0
0 1 1 1 1 1 0 0 0 0 0 0 1 0 1 1 1 1 0 0 0 0 0 0 0 1 0 0 0 0 0 0 0 0 0 0 1 1 1 1 1 1 2 3 1 1 2 2 3 4 9 29 16 33 32 48 31 18 22 12 8 3 55 22 7 45 59 34 38 43 50 37 21 21 11 14 19 47 79 57 44 26 21 40 15 28 14 14 15 18 13 9 7 3 2 1
1 0 0 0 0 0 0 0 0 0 0 0 0 0 1 0 0 0 0 0 0 0 0 0 0 0 0 0 0 0 0 0 0 0 0 0 0 0 0 1 1 4 13 26 7 8 4 4 4 2 36 8 41 37 21 30 17 15 24 38 9 8 11 70 16 23 29 59 35 30 55 65 74 46 37 20 10 7 9 9 12 12 11 27 28 11 11 6 6 16 8 8 5 4 1 1
0 0 0 0 0 0 0 0 0 0 0 0 0 0 0 0 0 0 0 0 0 0 0 0 0 0 0 0 0 0 0 0 0 0 2 2 2 5 9 10 11 21 6 28 12 14 23 1 6 19 6 7 36 26 34 41 21 45 49 27 23 14 7 47 58 17 5 31 61 70 56 55 34 36 48 46 24 11 16 6 15 15 14 9 24 24 8 9 6 5 5 3 3 1 2 1
0 0 0 0 0 0 0 1 2 0 0 0 1 0 0 0 0 0 0 0 0 0 0 0 0 0 0 0 0 0 0 0 0 0 0 1 3 10 5 7 8 26 9 10 25 20 21 4 4 6 47 23 9 27 8 20 17 45 60 40 46 26 15 27 79 25 26 13 45 58 80 25 12 26 33 59 46 40 35 23 14 10 6 8 10 21 13 5 5 2 3 3 2 1 1 1
0 0 0 0 0 1 1 0 1 1 1 0 0 0 0 0 0 0 0 0 0 0 0 0 0 0 0 0 0 0 0 0 0 0 0 0 1 7 11 11 7 9 6 6 22 29 47 44 6 9 22 32 17 12 32 7 35 38 67 57 13 22 16 8 79 48 18 19 25 78 82 87 48 40 33 27 20 20 15 17 29 26 14 6 7 6 17 11 6 6 2 5 3 1 0 0
0 0 0 2 1 1 2 4 3 2 1 1 1 0 0 0 0 0 0 0 0 0 0 0 0 0 0 0 0 0 0 0 0 0 0 0 1 6 13 30 12 5 4 6 13 45 59 65 62 59 11 19 18 22 18 7 26 50 53 57 18 30 31 23 58 86 51 33 22 13 19 55 24 29 23 51 40 20 16 11 12 13 19 15 6 3 5 8 7 5 2 4 2 1 1 0
1 1 1 1 3 3 4 1 5 4 2 3 2 1 3 1 1 0 0 0 0 0 0 0 0 0 0 1 0 0 0 0 0 0 1 1 1 1 1 0 19 17 4 11 8 10 28 39 61 70 55 27 32 44 23 47 31 56 70 48 53 16 33 31 30 81 89 67 48 23 16 18 56 36 28 28 42 48 23 19 10 12 12 16 15 4 2 8 5 7 3 2 1 1 1 0
0 0 0 2 5 3 14 30 21 21 9 5 2 4 8 3 1 0 1 0 0 0 0 0 0 0 1 0 0 0 0 0 1 0 1 1 2 2 2 2 2 7 7 7 5 13 43 19 60 66 81 38 35 35 54 51 8 53 66 63 56 43 36 28 21 74 84 81 56 56 15 7 44 65 37 12 18 14 28 10 14 12 11 10 15 6 3 3 5 4 3 2 1 1 1 0
0 0 0 8 8 18 36 36 35 61 52 12 15 11 10 6 2 5 2 1 0 0 0 0 1 3 2 0 0 0 0 1 0 1 0 1 1 2 4 3 2 3 4 3 14 17 32 23 6 54 70 77 36 27 39 17 14 14 41 52 83 75 20 27 54 64 66 81 37 55 43 12 15 50 39 29 20 20 27 25 14 13 7 5 6 8 4 2 1 3 3 2 1 1 0 0
0 0 0 0 0 1 3 6 9 4 20 47 55 27 19 5 4 9 2 1 2 0 0 0 0 0 2 5 1 0 0 1 0 1 1 1 2 2 5 3 7 12 11 9 8 5 51 55 35 25 43 68 57 28 12 11 31 10 17 53 46 42 35 32 38 56 36 84 37 51 38 45 9 27 31 43 36 30 31 24 24 15 4 3 2 6 5 2 1 1 1 1 1 1 0 0
0 0 0 1 1 2 19 4 6 5 7 12 46 59 50 21 13 11 2 6 1 1 0 1 1 0 0 0 1 0 0 1 1 3 1 1 1 2 5 6 6 8 6 8 16 18 18 7 35 58 28 39 10 14 8 22 19 30 24 30 56 60 48 44 22 30 29 73 77 34 18 34 34 11 21 22 37 19 17 12 15 12 11 9 2 4 2 2 3 1 1 0 1 1 0 0
0 0 0 0 1 1 3 3 3 7 4 1 5 24 52 58 47 3 0 0 1 2 1 2 1 1 1 0 0 1 0 7 4 1 7 2 3 4 6 4 7 16 27 17 24 16 24 13 17 18 68 37 32 23 17 14 26 35 30 32 58 76 57 41 41 34 48 69 82 66 33 18 47 33 22 7 8 24 22 16 9 8 9 7 4 1 1 2 2 2 0 1 0 0 0 0
0 0 0 0 1 1 1 1 2 3 6 4 14 4 4 7 7 2 1 2 5 0 1 2 11 9 1 1 1 8 2 2 10 7 14 3 24 6 5 5 7 10 10 21 16 22 23 16 20 29 28 38 24 25 32 26 23 36 20 12 24 39 59 56 63 50 44 54 64 70 48 50 54 27 34 14 8 18 19 9 13 3 5 3 2 2 2 1 1 1 0 0 0 0 0 0
2 0 2 0 0 1 1 1 2 6 4 6 2 6 13 4 7 4 1 3 0 2 2 1 1 2 3 6 5 1 3 7 7 3 3 4 2 19 4 8 9 15 7 11 10 11 12 21 28 38 24 13 55 47 37 46 32 29 29 33 21 41 67 46 48 49 34 40 52 68 30 39 29 19 20 16 8 6 12 17 10 7 3 3 1 1 2 1 1 0 1 0 0 0 0 0
3 3 0 0 1 0 3 9 1 1 3 4 3 9 3 6 1 1 0 0 1 1 1 2 2 1 2 3 1 3 1 15 5 12 6 15 2 6 13 4 7 16 13 24 24 9 14 20 19 40 22 39 10 27 29 62 29 38 34 50 38 37 19 23 18 9 8 17 27 30 21 9 30 20 14 26 20 12 16 8 5 6 5 3 1 1 1 1 1 0 0 0 0 0 0 0
2 2 12 1 0 4 0 0 6 5 1 4 1 9 3 4 3 1 1 2 3 6 2 1 3 4 3 5 18 16 9 2 2 4 9 5 4 1 34 11 12 11 5 8 26 19 15 11 24 40 38 14 61 44 37 64 49 24 38 23 23 34 23 20 9 7 5 3 18 36 31 12 11 20 18 23 18 14 28 12 4 4 3 1 2 1 1 0 0 0 0 0 0 0 0 0
1 3 6 2 0 0 2 1 0 1 2 2 1 2 5 2 1 0 1 1 3 3 8 5 4 6 6 7 34 41 12 7 4 9 12 8 15 5 2 37 8 16 16 17 9 9 15 25 25 37 27 12 27 15 11 42 33 30 27 15 20 33 24 22 20 11 7 5 6 14 21 16 23 21 24 31 32 19 9 8 6 2 1 1 1 1 0 0 0 0 0 0 0 0 0 0
6 2 12 3 5 1 0 11 1 3 9 2 6 4 2 9 1 1 1 1 1 3 4 4 5 10 11 13 25 65 50 27 8 6 43 19 18 10 4 15 42 11 11 39 21 23 19 29 35 27 24 10 9 14 14 17 34 29 18 11 11 15 20 29 14 15 7 6 4 3 3 9 10 5 8 10 14 20 9 6 3 2 2 1 1 0 1 0 0 0 0 0 0 0 0 0
6 4 2 6 2 3 4 1 17 7 15 33 9 12 6 2 2 1 2 9 2 7 17 8 6 10 15 12 8 11 49 32 17 11 12 31 15 10 7 5 9 27 11 7 10 13 17 29 54 39 56 27 19 17 15 13 19 16 13 36 17 8 9 10 6 6 6 3 2 2 2 2 2 1 3 6 6 4 6 4 3 2 2 1 1 0 0 0 0 0 0 0 0 0 0 0
2 12 6 9 6 8 20 12 5 5 2 1 3 2 4 10 4 2 6 1 13 3 22 21 7 11 17 12 7 3 6 27 43 18 6 18 23 9 21 14 12 6 22 25 13 14 30 23 45 32 63 34 17 16 15 13 14 12 9 18 21 11 4 4 2 3 5 4 2 1 1 1 1 1 1 2 2 2 4 2 2 1 2 1 0 0 0 0 0 0 0 0 0 0 0 0
2 2 0 4 5 0 1 1 5 3 9 7 8 10 5 7 10 7 6 4 3 3 23 51 18 17 20 25 12 4 4 4 40 19 22 16 33 8 25 29 18 8 6 25 18 25 22 24 39 25 9 13 23 23 23 22 9 6 2 2 7 3 3 2 3 2 3 2 2 1 1 1 1 1 0 0 1 1 2 1 1 0 0 0 0 0 0 0 0 0 0 0 0 0 0 0
1 2 1 1 1 2 1 1 1 4 2 3 2 1 4 10 2 2 4 11 5 39 17 38 37 20 34 26 30 11 4 7 5 21 22 26 36 10 27 17 18 21 16 13 28 18 22 40 41 37 32 17 22 14 14 15 8 5 2 2 2 2 1 1 1 1 1 1 1 1 0 0 0 0 0 0 0 0 1 1 0 0 0 0 0 0 0 0 0 0 0 0 0 0 0 0
2 2 1 1 1 3 1 1 2 2 1 2 2 1 3 4 2 3 2 3 27 17 12 13 63 22 7 6 7 5 6 3 7 3 8 12 81 57 20 28 20 9 15 18 11 24 17 23 51 53 51 29 21 14 13 11 3 2 1 4 9 9 5 5 4 3 3 1 0 0 0 0 0 0 0 0 0 0 0 0 0 0 0 0 0 0 0 0 0 0 0 0 0 0 0 0
1 0 0 0 0 1 1 1 0 0 1 1 2 0 1 3 1 3 7 33 15 12 39 31 54 38 12 8 9 12 11 11 4 6 8 5 4 5 20 17 11 24 9 17 16 29 32 26 51 37 47 46 33 22 12 5 3 3 5 9 16 25 25 20 4 5 3 2 2 1 1 0 0 0 0 0 0 0 0 0 0 0 0 0 0 0 0 0 0 0 0 0 0 0 0 0
0 0 0 0 0 0 0 0 0 0 0 0 1 1 1 1 1 3 6 5 8 12 5 3 7 6 4 6 19 23 11 28 22 9 8 5 6 6 5 15 12 29 19 9 27 21 42 30 31 21 30 29 22 21 8 9 7 9 18 24 29 27 21 21 13 6 8 9 7 6 4 3 1 0 1 2 0 0 0 0 0 0 0 0 0 0 0 0 0 0 0 0 0 0 0 0
0 0 0 0 0 0 0 1 3 3 3 0 0 1 1 0 1 4 17 9 18 5 10 6 4 6 21 13 15 19 30 21 13 15 19 3 2 3 7 9 7 14 24 24 27 26 20 17 40 24 20 20 14 9 13 20 11 27 30 24 35 32 30 24 20 15 15 22 22 13 10 3 1 1 2 1 1 1 0 0 1 0 0 0 0 0 0 0 0 0 0 0 0 0 0 0
0 0 0 0 0 1 0 3 7 11 5 4 1 0 1 1 2 6 9 4 3 5 12 9 7 8 16 7 4 12 12 8 4 8 18 11 5 3 7 5 4 7 8 10 18 19 22 18 29 24 15 8 15 17 28 28 27 35 38 38 25 38 39 31 45 22 26 25 25 26 6 3 1 2 4 2 2 1 0 1 0 0 0 0 0 0 0 0 0 0 0 0 0 0 0 0
0 0 0 0 1 0 1 1 0 2 7 8 4 9 9 9 21 6 6 14 3 2 11 5 8 12 8 7 4 11 12 13 13 11 19 9 6 17 15 5 3 18 10 16 13 9 24 14 16 13 11 18 27 37 37 44 34 31 30 36 27 44 48 55 54 42 33 28 30 21 14 11 17 9 3 4 2 1 1 1 0 0 0 0 0 0 0 0 0 0 0 0 0 0 0 0
0 0 0 0 2 1 3 21 16 8 9 27 14 12 27 13 45 44 35 21 7 19 2 2 3 3 14 17 17 25 8 42 48 17 6 9 3 12 11 7 24 11 11 10 17 11 16 15 15 16 27 27 45 56 55 43 57 37 45 42 32 52 52 55 48 44 37 33 35 34 24 8 5 1 1 2 4 2 0 1 1 0 0 0 0 0 0 0 0 0 0 0 0 0 0 0
0 1 2 0 0 4 11 17 27 5 6 31 6 7 20 10 11 5 11 26 5 10 5 5 3 7 11 19 22 38 15 10 11 35 15 13 5 21 9 9 13 23 20 20 24 37 41 38 14 43 50 43 45 58 66 65 37 26 65 50 41 47 49 40 53 60 18 50 48 31 25 17 9 4 1 5 11 4 1 1 1 1 0 0 0 0 0 0 0 0 0 0 0 0 0 0
2 0 1 4 1 1 1 2 4 19 3 22 8 11 15 6 2 4 12 6 4 3 8 4 7 14 16 8 6 23 15 11 7 6 8 7 15 20 9 8 30 35 19 47 44 27 30 19 19 45 60 49 50 78 48 43 43 26 71 41 37 44 59 62 53 47 41 51 31 19 20 14 13 16 8 7 8 5 2 2 1 1 0 0 0 0 0 0 0 0 0 0 0 0 0 0
8 11 1 7 5 12 13 6 2 3 14 53 29 4 33 5 8 6 14 7 4 3 17 7 12 11 14 13 11 9 7 9 11 15 20 13 26 4 9 17 29 30 45 51 36 20 13 22 41 32 48 63 75 41 29 43 43 29 71 41 67 34 60 39 38 72 55 33 52 29 20 21 42 39 9 2 4 8 3 2 1 1 1 0 0 0 0 0 0 0 0 0 1 0 0 2
5 10 15 7 9 44 17 46 29 2 10 39 2 7 33 17 10 4 27 3 3 3 8 5 21 15 8 7 8 3 2 9 21 11 29 7 33 6 23 18 43 44 58 31 29 24 24 41 43 37 35 59 60 33 43 56 50 38 71 68 45 58 50 61 75 60 57 50 37 20 24 63 35 6 10 12 6 5 3 2 1 1 0 0 0 0 0 0 0 0 0 0 0 0 2 3
15 24 24 43 39 44 49 65 40 13 11 11 14 3 29 14 9 6 4 3 3 5 13 5 10 9 8 20 15 15 16 19 12 6 9 16 46 18 20 26 51 54 42 30 15 32 31 58 60 35 33 49 37 24 37 62 31 61 57 59 66 32 47 78 78 58 52 36 46 52 39 38 24 19 17 6 4 3 2 2 1 1 0 0 0 0 0 0 0 0 0 0 0 0 2 13
1 30 47 23 56 9 33 53 56 55 44 46 25 3 34 47 22 5 8 5 3 8 11 7 5 9 17 4 6 7 3 6 5 17 44 22 35 13 13 26 51 35 27 11 25 44 33 41 62 38 39 45 17 35 59 50 21 54 35 74 55 61 74 70 59 48 58 38 24 11 12 9 6 3 3 2 1 1 1 1 0 0 0 0 0 0 0 0 0 0 0 0 1 1 3 11
3 5 14 4 2 3 6 5 9 3 6 15 43 7 4 29 52 29 18 12 5 6 3 5 16 3 8 9 26 23 4 11 14 18 56 44 54 20 14 31 30 16 12 28 43 39 30 36 54 27 43 54 42 54 72 44 53 24 49 58 38 65 60 24 13 18 14 25 46 39 40 32 37 14 4 1 1 1 1 1 1 1 0 0 0 0 1 0 0 0 0 0 1 5 9 12
3 4 1 3 5 17 27 7 12 2 5 4 2 1 5 3 5 7 3 2 2 12 5 8 3 14 11 18 8 15 15 39 22 25 45 48 30 25 23 36 16 18 24 40 43 34 41 20 36 40 43 75 81 60 68 79 84 64 80 80 81 88 68 78 61 55 54 49 34 12 19 17 10 10 11 8 4 3 1 1 0 0 0 0 0 0 1 1 1 1 1 0 0 2 6 21
4 7 6 6 12 19 32 23 7 5 11 6 7 5 5 7 5 2 2 3 4 15 4 6 13 14 6 36 27 18 31 44 26 29 50 16 9 17 9 33 25 19 24 31 37 38 41 26 35 52 51 68 68 68 23 41 78 87 86 68 27 23 48 45 81 57 49 63 29 15 13 15 19 9 3 2 1 1 1 1 0 0 0 0 0 1 1 2 3 1 2 1 1 2 9 10
3 1 4 6 10 11 24 15 3 6 6 8 19 13 5 6 3 4 4 4 1 3 24 14 7 2 8 17 20 14 14 23 34 15 31 7 13 11 3 33 20 24 32 35 24 38 54 38 66 76 46 30 32 26 19 22 62 70 66 40 60 46 43 54 47 43 43 26 44 31 29 13 12 11 6 5 2 2 0 0 0 0 0 0 0 1 2 6 10 5 4 2 2 9 14 15
