sesion_6_simulaciones/modelos_agentes/ejemplos_netlogo/scenarios/cgcm2_a2/rob_2074.asc
NCOLS 322 
NROWS 307 
XLLCORNER 451900 
YLLCORNER 4086900 
CELLSIZE 100 
NODATA_value -9999 
[rows 219 to 291 of 307, columns 96 to 191 of 322]
31 17 10 5 2 1 1 1 1 0 0 0 0 0 0 0 0 0 0 0 0 1 1 2 7 3 3 2 1 2 2 3 4 6 18 2 0 1 3 6 14 15 19 21 26 25 20 32 33 30 46 27 38 31 24 36 18 20 9 7 12 9 6 6 15 16 17 8 35 24 11 5 8 17 15 7 26 4 12 4 8 7 3 24 65 11 17 16 17 27 38 37 39 23 18 20
28 16 7 7 5 2 1 1 1 0 0 0 0 0 0 0 0 0 1 1 1 1 2 2 3 18 6 4 3 3 4 4 6 14 10 3 1 0 2 5 6 12 11 19 20 25 35 37 29 39 28 29 31 30 33 34 40 23 12 6 7 11 2 10 18 11 9 22 17 21 11 7 7 6 12 7 5 7 4 3 7 2 6 5 25 43 19 40 46 42 59 54 55 45 59 57
36 22 12 5 6 2 1 1 1 0 0 0 0 0 0 0 0 1 1 1 1 1 3 3 5 10 28 11 6 5 6 10 8 24 7 3 1 0 1 4 5 8 10 11 18 26 34 35 29 28 28 29 43 49 37 22 24 19 11 16 19 29 9 9 4 8 15 16 11 15 10 7 6 8 9 10 4 2 5 3 1 2 10 6 2 23 72 38 44 60 45 47 38 41 23 20
20 11 10 6 3 3 1 0 1 0 0 0 0 0 0 0 0 1 1 1 1 1 2 3 1 6 17 30 13 8 9 17 19 27 5 3 1 0 1 3 3 6 8 16 19 24 32 48 47 44 42 39 38 38 34 29 27 30 43 42 38 36 10 19 2 7 6 7 11 10 7 8 5 6 9 7 5 1 1 1 4 3 4 5 8 4 17 28 43 23 21 30 21 18 30 23
16 6 4 3 1 1 1 1 0 0 0 0 0 0 0 0 1 1 1 3 1 2 2 3 5 5 6 13 39 18 13 25 37 12 4 3 1 0 1 4 4 5 11 13 18 22 26 37 44 38 39 26 29 32 34 51 58 26 9 12 11 9 6 5 14 2 3 3 12 9 6 13 4 5 9 5 5 1 4 4 9 31 8 8 8 12 8 9 43 63 41 46 48 33 32 32
7 4 2 2 1 1 1 0 0 0 0 0 0 0 0 0 0 1 1 3 4 3 4 5 12 8 5 11 33 24 23 30 14 8 3 2 1 0 2 2 3 5 10 12 14 20 23 27 39 39 36 33 46 25 38 70 20 16 12 10 3 9 8 3 3 5 1 4 7 6 11 11 2 3 4 4 2 2 2 4 3 3 20 15 10 15 19 10 10 44 80 62 59 42 51 48
7 4 2 1 1 0 0 0 0 0 0 0 0 0 0 0 0 2 6 5 16 6 6 7 17 23 8 19 27 53 37 16 6 5 4 1 0 0 1 2 3 7 10 13 14 19 22 23 35 33 32 33 48 35 15 12 15 12 9 6 17 28 6 9 6 27 9 3 5 5 9 8 6 6 4 6 3 2 4 9 9 3 2 5 41 31 18 20 18 18 69 64 59 56 43 39
10 3 1 1 0 0 0 0 0 0 0 0 0 0 0 0 0 1 5 15 27 12 12 8 15 30 34 19 36 43 16 10 3 2 2 1 0 0 1 2 3 4 8 8 9 22 26 34 30 30 40 46 39 27 25 20 27 19 10 29 6 8 19 25 9 41 9 6 1 4 3 6 4 3 5 5 3 1 3 11 6 5 14 11 13 7 11 25 26 40 24 37 53 42 28 35
5 3 1 0 0 0 0 0 0 0 0 0 0 0 1 1 1 2 3 4 8 25 12 17 13 20 46 48 37 27 10 7 8 8 6 1 0 1 1 1 3 5 10 13 17 26 27 28 32 30 33 27 20 26 21 22 36 24 31 8 9 14 11 13 30 9 15 11 18 3 2 4 6 1 1 2 2 3 6 3 42 23 43 26 45 20 39 32 27 20 23 45 38 31 25 17
7 3 2 1 1 1 0 0 0 0 0 0 0 0 0 2 3 4 3 8 9 10 29 45 15 23 36 52 37 14 21 15 11 7 6 2 1 1 2 2 2 8 9 10 10 19 20 25 36 32 40 32 33 30 21 30 36 66 25 17 11 22 30 58 15 10 12 9 4 3 4 2 2 1 1 2 2 2 23 13 5 5 18 41 27 32 29 39 23 35 34 30 24 31 31 39
6 3 1 1 1 0 1 0 0 0 0 0 0 0 1 1 4 11 13 8 11 9 9 35 19 24 30 68 45 30 42 33 14 10 9 2 1 1 3 5 3 6 10 14 12 13 12 17 31 32 30 28 29 21 39 36 19 19 11 21 12 9 10 18 7 3 4 5 1 2 0 3 2 1 2 1 1 3 2 5 6 8 13 21 16 16 30 42 25 33 24 17 23 19 22 27
3 3 1 1 0 1 0 0 0 0 0 0 0 0 0 1 4 7 16 23 34 29 9 16 48 16 18 47 63 70 42 31 19 11 3 1 1 2 5 6 13 9 7 13 18 16 18 19 19 20 18 17 21 22 31 15 17 13 13 12 14 11 16 15 12 15 12 11 6 4 4 3 2 1 1 1 0 2 3 5 11 15 14 40 23 11 24 16 18 34 18 14 13 24 24 22
6 4 2 1 1 1 1 1 0 0 0 0 0 0 0 1 3 6 13 23 31 33 28 26 26 32 21 28 62 61 44 29 18 11 6 2 2 4 5 12 16 20 23 15 17 20 20 20 23 22 22 23 22 19 11 11 8 7 6 6 5 4 4 18 19 17 5 9 5 3 1 1 2 1 0 1 3 3 3 16 11 19 23 28 26 22 15 17 20 24 27 22 17 17 26 15
4 2 2 1 1 2 1 0 0 0 0 1 1 1 1 1 5 10 19 31 28 25 12 25 52 35 22 24 49 57 51 43 13 11 5 3 2 5 6 9 16 19 24 39 24 23 16 29 40 43 49 35 17 13 9 12 8 8 15 14 8 11 8 6 5 6 6 4 5 4 4 3 5 0 1 1 2 5 7 4 7 17 27 19 25 47 38 25 25 22 17 15 24 18 17 11
8 7 2 3 4 2 1 0 0 0 1 2 2 2 1 1 5 8 15 25 27 42 11 26 24 40 38 44 58 61 53 42 21 7 7 3 3 8 13 10 11 19 24 26 35 47 33 16 31 45 51 53 32 16 17 20 28 24 26 30 21 18 14 8 12 18 7 6 2 7 8 8 7 5 3 7 9 2 15 7 48 27 19 37 28 24 34 38 59 31 19 16 18 12 7 8
19 6 4 6 2 1 0 0 0 1 2 3 2 2 1 1 3 10 15 19 30 32 20 13 26 27 60 50 39 39 34 29 11 5 3 3 4 9 14 12 17 23 28 29 29 35 35 53 31 35 40 34 29 33 25 32 27 31 40 25 14 14 18 11 6 4 8 7 3 3 1 1 0 0 2 0 3 17 9 10 3 11 35 41 23 26 51 32 50 27 39 25 13 19 13 14
22 15 13 5 1 1 1 0 0 1 2 4 6 4 1 1 3 7 9 23 38 36 39 16 19 32 35 60 36 26 23 14 6 2 1 4 8 11 16 20 22 28 28 28 37 39 39 41 49 37 39 33 37 50 26 24 29 24 26 24 20 26 22 20 10 5 9 6 6 3 3 1 1 1 4 1 1 2 4 5 4 2 38 60 36 39 52 65 46 45 46 41 36 43 20 7
17 20 11 2 2 1 0 0 0 1 6 7 11 8 4 2 3 5 8 19 22 35 56 30 15 35 32 61 43 31 13 7 6 4 3 10 10 10 20 20 22 28 28 35 42 43 58 43 50 59 43 50 40 40 31 23 22 23 44 26 33 19 13 19 13 6 4 4 3 2 6 1 1 2 1 3 2 10 10 9 11 8 6 31 47 62 75 57 39 35 24 29 32 15 12 18
46 25 8 4 2 1 1 1 2 1 4 12 16 19 8 4 9 10 7 10 34 39 32 46 13 23 30 46 41 38 32 24 16 5 5 9 11 10 24 21 22 28 30 42 53 49 64 54 40 29 58 76 71 35 35 12 19 21 31 18 32 17 12 9 7 4 2 3 1 4 1 1 1 1 1 1 2 4 6 8 8 8 12 14 35 26 17 56 44 33 32 20 15 18 17 14
27 12 6 4 2 1 1 2 6 4 4 9 22 23 18 12 6 15 13 18 28 31 41 53 29 30 39 54 52 47 45 25 18 7 5 11 20 15 18 25 30 32 37 56 53 58 61 57 53 40 38 53 54 51 26 11 17 21 12 24 27 19 3 17 2 4 3 2 1 2 1 1 0 1 2 1 3 7 36 14 26 13 16 17 17 14 30 35 31 40 21 15 16 14 12 10
11 6 2 1 0 1 2 2 6 10 7 6 18 31 33 15 6 17 27 39 35 18 48 65 44 39 49 51 46 60 48 24 20 8 4 14 19 16 14 21 34 32 40 47 53 59 60 57 55 51 39 50 58 43 33 10 15 25 21 15 16 14 3 5 4 3 4 1 1 1 0 1 1 1 1 1 1 4 10 6 14 26 35 17 25 21 21 32 26 15 18 22 23 23 22 10
6 3 2 1 0 1 3 5 8 15 15 11 21 35 39 25 10 19 22 58 46 18 40 56 51 23 18 74 71 48 43 32 18 7 3 16 25 25 17 35 35 47 42 48 56 46 60 58 55 62 39 50 49 33 31 8 13 15 17 17 11 7 6 5 4 3 2 2 1 0 1 1 1 1 1 1 1 8 8 9 14 13 41 40 31 42 45 29 17 15 13 11 19 17 15 9
6 3 1 1 1 2 7 6 9 22 32 24 18 30 46 42 19 12 27 41 47 30 38 51 63 26 28 73 55 57 56 38 24 4 5 22 23 16 38 25 42 51 41 49 47 46 67 57 55 52 48 39 25 28 57 16 7 16 23 11 7 3 2 4 3 2 1 2 1 0 0 0 1 1 2 2 4 18 17 20 17 19 28 30 38 53 41 40 34 28 17 20 21 10 11 5
3 6 4 2 1 3 5 12 13 17 29 26 19 34 50 49 22 14 48 39 38 45 41 53 67 69 53 71 66 64 52 31 13 6 9 21 25 25 29 45 29 46 56 44 35 42 56 58 56 45 47 47 36 33 48 22 22 7 12 24 9 5 2 2 1 2 2 1 0 0 0 1 1 1 1 2 4 31 29 30 35 14 17 23 27 35 48 49 27 24 25 19 19 15 15 8
9 7 5 2 2 6 9 15 16 21 35 45 35 39 41 58 25 15 38 36 38 46 45 54 71 77 57 73 49 46 51 30 9 7 9 10 16 49 28 31 45 37 50 43 42 58 56 43 51 50 43 39 50 57 48 35 8 4 11 11 11 3 2 2 1 1 0 0 0 0 2 1 0 2 1 2 2 10 12 24 17 27 45 33 24 23 19 24 29 27 21 17 17 15 11 5
19 8 3 4 3 6 11 20 31 36 40 35 52 29 47 61 30 35 21 52 53 48 37 53 61 60 46 39 32 37 28 24 7 4 7 11 25 40 43 27 34 52 22 61 42 45 55 39 35 61 45 24 45 46 34 35 22 5 3 4 5 4 2 1 1 0 0 0 0 0 3 1 1 2 33 17 9 14 14 24 35 51 36 45 41 46 36 36 37 27 21 11 9 9 4 1
9 3 2 6 10 7 14 26 21 38 41 44 57 29 49 57 34 46 23 38 58 51 64 42 69 57 38 36 27 29 28 12 5 7 16 12 16 27 40 39 49 32 31 35 60 39 31 42 48 62 48 35 21 24 19 33 34 4 3 4 3 1 1 1 0 0 0 0 1 1 0 2 7 12 28 25 22 27 22 39 54 42 30 17 32 29 40 39 26 28 22 9 8 5 2 1
5 1 5 12 12 15 21 28 32 28 44 49 64 45 51 58 31 42 51 30 33 48 42 75 50 61 33 34 35 20 9 9 10 11 21 24 23 14 19 12 23 33 42 64 37 44 49 42 36 37 41 41 14 13 8 5 12 7 3 2 2 1 0 0 0 0 0 0 0 1 1 1 2 8 3 14 60 61 56 54 64 41 27 32 34 19 21 23 35 29 7 7 7 7 8 3
4 2 7 22 29 17 23 29 35 41 45 52 54 60 40 60 30 30 49 38 34 56 27 57 66 38 28 27 10 10 15 21 20 12 26 23 20 20 16 32 27 30 39 54 62 36 29 47 27 40 29 25 20 14 6 8 2 6 3 1 1 1 1 0 0 0 0 1 0 1 1 2 4 3 4 6 21 33 47 38 20 24 25 31 26 25 28 24 16 12 8 6 3 4 10 5
7 3 10 28 31 21 23 29 27 40 50 52 53 59 56 74 32 31 44 45 42 52 73 50 33 43 42 31 21 18 28 27 25 14 11 22 17 24 32 32 31 35 38 44 41 52 29 24 31 29 24 16 22 12 7 3 1 2 1 1 0 0 0 0 0 0 0 1 0 0 1 2 19 11 13 12 8 5 23 38 37 16 20 18 30 28 15 8 6 3 3 5 7 10 12 10
9 5 12 33 32 32 22 38 28 42 65 51 46 49 74 71 31 30 29 42 40 55 74 22 45 44 33 29 36 36 44 51 30 25 13 24 19 28 41 23 32 46 54 47 34 40 28 41 24 27 35 39 10 5 3 2 3 0 0 2 0 0 1 0 0 0 1 2 1 1 1 16 28 17 13 11 12 16 14 21 30 22 16 22 29 29 15 12 11 5 4 5 11 12 13 13
10 7 14 36 37 34 23 45 44 44 64 49 65 55 53 59 59 38 50 32 45 36 74 62 41 31 33 41 33 48 56 56 32 19 16 9 26 38 23 39 45 44 59 60 58 36 44 11 6 7 32 4 9 5 5 2 0 0 0 0 0 0 0 0 0 0 1 0 0 1 1 2 1 5 12 10 12 16 14 16 22 12 20 23 33 41 30 39 18 12 5 12 14 13 22 15
10 8 15 36 39 47 24 48 52 47 41 48 37 63 59 30 28 59 36 35 28 49 57 36 34 32 35 40 51 76 51 33 20 22 26 11 18 20 51 43 45 49 52 63 34 48 31 23 12 19 16 2 12 11 4 1 1 1 0 0 1 0 0 0 0 0 0 3 1 0 1 8 6 14 15 14 14 20 22 34 27 26 26 28 30 43 50 20 18 7 7 14 15 15 22 7
7 21 24 37 44 52 28 27 37 54 56 53 30 26 46 62 25 19 66 50 22 47 60 38 47 23 52 75 62 42 32 34 32 22 17 6 16 11 29 39 42 66 58 38 21 36 24 32 29 29 11 6 8 11 5 4 1 0 0 0 1 0 0 0 0 0 0 0 0 0 1 3 5 8 17 24 15 18 14 26 13 11 17 42 44 47 31 21 7 9 16 16 17 27 28 8
12 29 38 41 43 39 45 37 35 26 40 54 23 19 42 49 47 37 11 27 25 43 27 32 25 54 43 33 40 31 35 46 38 16 21 11 21 24 33 29 20 42 38 22 27 27 28 17 27 24 17 8 13 8 3 2 0 1 0 0 0 0 0 0 0 0 0 0 1 1 1 3 8 11 13 24 16 16 13 22 34 27 43 39 39 31 39 22 10 16 17 18 32 29 25 15
20 30 37 37 42 55 46 57 45 34 23 32 63 21 41 33 34 51 27 13 21 45 11 31 67 30 30 41 48 48 43 30 15 20 24 18 23 29 36 26 33 43 29 16 34 33 12 9 29 18 5 3 4 2 2 0 1 0 0 0 0 0 0 0 1 1 0 1 1 1 4 4 11 18 28 33 25 16 23 27 37 32 45 32 37 39 22 15 11 18 18 22 31 45 16 12
25 34 38 23 28 66 65 51 41 38 52 32 35 52 27 30 33 13 47 20 20 30 57 39 31 40 50 52 55 54 37 21 16 18 34 15 18 29 44 45 40 44 43 32 34 14 16 18 9 9 5 3 3 2 1 1 0 0 0 0 0 0 0 0 0 0 0 1 1 1 5 4 7 19 35 24 22 31 25 28 35 38 30 41 37 27 10 11 19 19 30 30 40 38 21 13
34 45 39 29 35 53 50 61 61 33 43 50 38 39 49 26 35 15 14 28 12 11 43 45 42 42 40 50 54 35 38 36 28 12 22 8 14 20 33 50 47 45 25 33 24 30 15 13 12 15 6 3 2 2 1 1 0 0 0 0 0 0 0 0 0 1 1 1 0 1 3 4 10 10 17 43 21 26 13 13 17 20 37 36 31 26 18 15 21 20 30 22 59 29 23 18
27 33 44 34 37 37 46 42 47 50 58 44 36 40 61 48 16 11 15 13 31 31 37 32 44 52 52 52 51 46 38 37 31 15 30 10 12 22 34 46 45 53 46 36 30 25 21 25 10 9 6 4 2 2 1 1 1 0 0 0 0 0 0 0 0 0 0 0 0 2 2 3 9 12 19 14 14 8 6 18 31 32 15 30 42 38 17 24 21 30 26 25 56 27 23 20
30 46 50 46 45 33 33 47 48 47 57 52 46 39 47 46 25 22 14 16 12 31 36 35 25 40 43 47 34 48 45 37 29 28 38 6 25 31 35 30 21 46 49 38 27 29 29 17 10 16 11 8 1 1 2 1 0 0 0 0 0 0 0 0 0 0 0 0 1 1 2 3 5 7 20 6 8 10 8 34 31 14 26 29 37 51 28 37 35 23 23 15 42 27 24 20
31 41 66 45 47 43 36 48 49 43 38 48 41 40 53 27 28 30 17 13 12 21 24 21 23 38 46 42 43 36 35 36 47 40 17 5 25 41 45 42 33 43 51 33 26 31 16 10 13 22 10 6 4 2 1 1 0 0 0 0 0 0 0 0 0 0 1 1 1 2 3 8 6 5 5 7 18 26 14 29 29 30 25 26 27 30 41 39 24 26 22 9 32 39 8 12
34 26 52 58 42 41 34 47 49 40 33 32 42 51 44 36 25 31 16 9 13 41 22 40 25 31 44 52 41 33 43 48 43 29 20 12 17 33 55 61 50 45 28 39 21 25 14 10 12 5 3 2 3 3 1 0 0 0 0 0 0 0 0 0 0 0 1 1 2 1 3 3 2 4 5 20 19 27 37 9 21 25 32 37 31 26 53 43 25 29 17 19 37 27 12 19
31 28 37 59 57 40 45 47 41 39 37 27 37 46 42 26 20 11 15 8 11 32 22 41 27 31 38 31 37 31 62 41 33 26 28 21 26 33 38 50 63 57 44 30 34 10 9 15 7 4 3 2 2 1 4 1 0 0 0 0 0 0 0 0 0 0 2 2 1 1 1 3 3 8 8 20 23 30 19 26 26 13 33 30 26 36 42 29 40 22 14 17 49 22 16 23
36 58 42 43 51 40 33 45 42 32 39 27 14 21 43 42 27 13 10 16 9 37 45 18 28 42 26 26 27 43 38 41 41 17 22 15 24 43 38 36 35 39 30 44 21 20 7 14 12 3 4 4 2 2 1 0 0 0 0 0 0 0 0 0 0 0 2 0 1 0 2 4 12 5 9 21 14 14 28 25 8 11 29 34 42 40 35 23 37 28 16 21 39 32 23 21
32 40 52 52 49 34 35 39 32 29 27 30 21 24 24 31 21 5 7 13 5 27 21 25 30 29 14 27 25 32 47 42 51 28 21 19 23 43 33 40 52 33 17 35 10 22 12 6 9 6 8 3 2 1 1 0 0 0 0 0 0 0 1 0 0 1 0 0 2 1 5 4 5 11 9 6 13 32 17 8 6 22 40 31 37 43 28 23 20 22 30 21 22 39 24 21
42 51 43 47 45 34 38 34 34 26 15 24 23 32 23 21 19 16 21 18 10 17 13 20 22 35 25 27 45 22 41 50 45 35 37 13 19 37 55 36 38 28 29 21 15 9 18 3 5 4 4 2 1 1 1 0 0 0 0 0 0 0 0 0 0 0 0 1 1 1 1 4 11 21 9 8 26 26 22 13 14 22 8 13 32 49 25 24 19 29 29 19 16 58 24 33
40 44 36 35 11 24 46 25 32 30 19 18 28 31 17 20 12 21 14 17 12 10 20 13 16 25 51 40 20 31 32 43 46 30 29 12 20 40 30 34 30 20 32 28 25 9 3 15 3 9 2 2 1 1 0 1 0 0 0 0 0 0 0 0 0 0 0 1 2 1 1 4 15 12 6 17 15 10 12 55 36 13 16 33 22 20 28 13 17 25 26 21 30 60 41 38
38 28 16 7 6 13 42 23 14 17 19 11 13 29 37 24 6 5 14 7 9 10 19 23 6 25 43 22 20 37 21 47 53 45 23 5 15 29 31 36 24 21 24 25 25 14 4 2 1 1 3 2 0 1 0 1 0 0 0 0 0 0 0 0 0 0 0 0 1 1 1 6 10 4 7 16 18 2 20 19 13 24 40 32 23 22 22 8 25 25 29 20 41 82 46 25
36 38 23 21 23 18 19 33 9 10 7 17 14 18 29 16 25 4 5 10 12 14 21 35 22 9 24 30 25 17 41 36 38 37 22 9 8 19 42 40 12 23 36 24 17 7 5 4 3 2 1 1 2 0 0 0 0 0 0 0 0 0 0 0 0 0 0 0 0 0 2 2 4 8 5 6 5 6 14 11 15 31 34 23 20 11 7 7 16 22 25 23 39 66 42 12
46 30 33 28 16 20 14 15 18 18 11 31 14 16 10 10 14 12 7 11 13 9 20 19 5 10 20 17 18 25 44 42 20 23 32 17 13 13 20 25 5 10 12 10 9 5 4 3 9 4 2 1 0 0 0 0 0 0 0 0 0 0 0 0 0 0 0 0 1 1 0 1 1 3 4 8 2 16 14 32 15 16 12 15 17 13 8 15 17 26 23 32 38 65 12 9
25 26 31 23 26 14 11 20 35 31 9 10 19 15 5 4 3 4 8 7 2 3 6 9 15 4 18 35 12 36 29 30 29 21 35 13 23 7 24 33 25 8 10 10 4 4 1 1 1 2 1 2 1 0 0 0 0 0 0 0 0 0 0 0 0 0 0 0 0 0 1 1 2 3 1 3 12 19 37 12 12 15 20 29 16 9 8 17 24 25 22 16 48 64 37 8
26 41 27 26 24 22 15 22 33 19 17 9 6 10 10 4 7 3 1 4 2 4 14 14 11 8 16 10 11 33 28 36 25 11 27 12 15 13 8 25 16 25 16 7 5 6 4 1 2 2 2 1 0 0 0 0 0 0 0 0 0 0 0 0 0 0 0 0 1 1 1 1 1 1 5 7 6 15 19 11 10 14 20 20 13 12 9 20 25 15 22 24 14 36 35 10
27 27 23 17 25 33 13 18 19 22 16 12 16 7 3 9 5 2 3 3 7 2 2 5 6 15 15 28 11 16 30 23 18 33 17 9 13 21 8 25 27 24 25 6 6 10 3 1 2 3 1 1 0 0 0 0 0 0 0 0 0 0 0 0 0 0 0 0 0 0 0 0 2 6 3 4 5 6 7 8 5 9 13 17 15 13 8 16 26 14 22 15 20 22 20 11
22 22 35 20 31 38 8 13 20 22 19 13 18 11 15 5 9 11 2 5 7 1 3 5 7 19 18 38 14 18 21 24 37 16 13 8 8 30 10 11 21 30 10 9 10 8 1 1 8 12 1 1 0 0 0 0 0 0 0 0 0 0 0 0 0 0 0 0 0 1 1 2 1 2 2 2 2 8 6 6 11 22 12 11 16 7 13 13 24 11 13 4 2 6 28 41
22 26 32 29 23 17 8 13 20 22 19 11 7 7 11 10 4 2 2 2 3 1 2 2 8 9 24 16 18 31 33 28 20 21 8 3 3 29 9 9 13 14 11 9 8 5 0 2 2 2 2 1 0 0 0 0 0 0 0 0 0 0 0 0 0 0 0 0 1 1 2 2 1 1 1 2 11 13 7 7 15 13 14 23 5 7 15 17 23 9 4 3 8 9 8 21
24 12 13 29 20 23 16 5 17 15 19 10 10 5 7 4 5 1 2 1 1 2 2 3 3 9 7 14 24 46 26 34 25 27 18 2 16 23 9 9 14 6 11 8 5 3 1 2 1 1 1 0 0 0 0 0 0 0 0 0 0 0 0 0 0 0 0 1 0 0 1 1 0 1 2 4 8 6 5 17 17 13 19 7 6 16 31 13 5 3 5 11 7 27 13 20
20 5 14 22 28 19 20 9 6 9 13 6 7 5 7 6 2 1 3 1 0 1 11 4 4 4 3 6 11 20 27 31 22 12 15 7 15 9 12 9 18 12 9 11 9 5 2 1 1 1 1 1 0 0 0 0 0 0 0 0 0 0 0 0 0 0 0 0 0 0 1 1 1 2 3 4 7 10 9 18 15 8 6 4 14 31 6 3 3 6 8 15 22 15 15 8
16 7 7 5 18 18 24 10 1 6 10 5 6 4 13 5 2 0 1 1 0 2 4 2 3 1 5 11 15 15 24 18 23 17 9 8 9 8 9 6 2 11 8 16 8 7 6 8 3 2 1 2 0 0 0 0 0 0 0 0 0 0 0 0 0 0 0 0 0 0 0 1 2 5 2 2 8 14 9 8 5 11 3 10 15 5 1 5 8 11 13 12 14 20 15 8
21 11 15 4 16 23 18 9 2 2 1 7 7 3 3 3 1 1 1 2 1 0 2 3 2 2 6 10 13 12 12 11 21 16 12 13 17 4 11 8 3 6 6 8 13 4 2 1 1 1 0 1 0 0 0 0 0 0 0 0 0 0 0 0 0 0 0 0 0 0 0 1 2 2 2 3 13 13 11 9 6 4 12 13 8 2 5 11 10 9 12 9 13 14 11 8
27 8 15 4 7 15 9 3 2 2 2 2 3 7 3 3 1 1 0 1 1 1 3 2 2 4 3 8 12 14 9 17 11 7 15 13 10 8 7 10 7 4 5 5 7 4 6 2 1 2 2 1 0 0 0 0 0 0 0 0 0 0 0 0 0 0 0 0 0 0 0 1 1 2 2 3 4 5 17 5 4 4 9 4 4 12 11 11 9 9 9 6 4 3 5 8
17 7 15 5 4 14 8 9 6 5 3 3 3 5 4 3 3 1 0 1 0 0 1 2 3 3 7 13 14 8 11 14 7 5 26 13 8 8 6 3 3 4 5 8 6 5 8 2 3 1 2 0 1 0 0 0 0 0 0 0 0 0 0 0 0 0 0 0 0 0 0 0 1 2 3 1 3 9 9 18 14 7 3 4 5 6 6 13 12 7 10 5 4 2 3 1
12 7 13 9 6 6 3 9 3 3 3 2 3 2 1 2 1 1 1 1 1 0 0 3 2 4 4 6 8 8 10 10 12 7 18 11 10 6 14 4 9 9 3 4 7 9 9 4 4 3 1 0 1 0 0 0 0 0 0 0 0 0 0 0 0 0 0 0 0 0 0 0 0 1 2 1 5 14 44 12 7 4 1 4 3 16 11 7 8 10 17 11 4 3 3 1
17 7 11 7 4 3 2 6 8 4 3 3 2 2 1 2 1 1 0 0 1 0 1 1 2 2 4 7 7 9 7 9 7 13 14 10 15 27 7 4 5 5 6 4 12 4 6 6 2 1 2 1 0 0 0 0 0 0 0 0 0 0 0 0 0 0 0 0 0 0 0 0 1 2 1 6 8 12 10 15 4 1 3 7 7 8 11 5 7 12 9 8 2 2 2 1
14 7 16 8 3 3 4 3 9 3 5 4 1 1 1 1 0 0 0 0 0 1 1 0 1 1 5 4 3 6 8 3 6 17 6 21 7 24 13 5 11 4 9 6 13 9 6 5 1 2 1 0 0 0 0 0 0 0 0 0 0 0 0 0 0 0 0 0 0 0 0 0 0 1 4 4 3 12 8 13 6 4 4 9 16 8 9 10 10 6 6 3 2 1 1 1
10 5 15 7 2 2 13 5 4 2 3 3 1 1 1 1 1 1 1 0 0 0 0 0 0 1 4 7 7 4 3 2 5 12 9 6 10 10 10 4 9 2 7 2 7 8 8 5 2 2 1 1 0 0 0 0 0 0 0 0 0 0 0 0 0 0 0 0 0 0 0 0 1 3 3 1 2 19 12 6 6 4 8 5 12 11 5 7 5 4 3 1 5 1 1 0
17 4 9 3 2 2 5 4 3 7 5 2 1 1 1 1 1 1 0 0 0 0 0 0 1 1 3 3 4 3 2 2 8 5 10 7 17 6 5 5 9 2 7 4 4 6 11 3 2 2 1 1 0 0 0 0 0 0 0 0 0 0 0 0 0 0 0 0 0 0 0 0 1 1 1 2 3 12 10 2 2 5 11 10 9 7 2 4 8 6 2 1 3 0 1 0
13 4 8 3 2 3 3 9 3 5 7 3 1 1 0 1 1 0 0 0 0 0 0 0 0 1 1 2 1 1 3 2 18 7 10 11 11 4 3 10 4 3 4 13 14 5 4 3 4 2 1 1 0 0 0 0 0 0 0 0 0 0 0 0 0 0 0 0 0 0 0 0 0 1 2 2 7 10 12 2 2 9 10 9 6 6 2 2 4 3 1 1 1 1 1 1
17 12 2 5 2 2 4 6 3 2 4 2 3 0 1 2 1 0 0 0 0 0 0 0 0 0 2 1 2 2 2 5 1 3 2 5 5 3 2 10 4 3 1 5 21 5 2 3 3 1 1 0 0 0 0 0 0 0 0 0 0 0 0 0 0 0 0 0 0 0 0 0 1 1 2 5 3 9 8 4 3 12 5 4 4 2 3 2 1 2 2 1 0 1 1 0
8 2 2 3 2 1 6 5 5 1 1 1 3 0 0 0 0 0 0 0 0 0 0 0 1 1 1 2 2 1 4 2 4 2 6 6 4 4 2 6 2 5 3 6 12 8 3 2 2 2 1 1 0 0 0 0 0 0 0 0 0 0 0 0 0 0 0 0 0 0 0 1 1 2 5 19 1 10 5 4 4 4 5 2 3 2 3 4 2 1 1 1 0 0 1 0
8 2 1 3 2 2 4 1 2 3 0 1 2 1 0 0 0 0 0 0 0 0 1 0 0 0 1 2 1 3 2 3 7 13 7 5 12 3 6 9 3 3 4 7 7 4 2 4 1 1 0 1 0 0 0 0 0 0 0 0 0 0 0 0 0 0 0 0 0 0 0 0 2 4 5 2 3 9 7 3 2 3 6 2 3 3 3 1 2 1 0 1 1 0 0 0
7 1 2 2 1 1 2 0 0 0 1 1 0 1 0 0 0 0 0 0 0 0 0 0 0 0 0 1 1 2 1 2 5 3 2 9 3 2 14 3 5 7 6 5 7 3 2 1 1 0 0 0 0 0 0 0 0 0 0 0 0 0 0 0 0 0 0 0 0 0 0 1 2 1 6 3 4 3 2 1 1 5 3 3 2 2 2 1 1 1 1 0 0 0 0 0
7 1 1 2 1 3 2 1 0 0 1 1 1 1 0 0 0 0 0 0 0 0 0 0 0 0 0 2 1 1 1 3 1 2 8 1 2 3 5 2 5 5 4 11 7 4 2 1 1 0 0 0 0 0 0 0 0 0 0 0 0 0 0 0 0 0 0 0 0 0 0 2 2 2 0 2 5 1 2 2 2 3 4 2 1 2 1 1 0 1 0 1 0 0 0 0
2 1 1 3 1 1 2 1 1 0 0 1 0 0 0 0 0 0 0 0 0 0 0 0 0 0 1 1 2 0 3 0 1 4 4 2 3 4 7 4 1 7 6 7 9 3 1 0 0 1 1 0 0 0 0 0 0 0 0 0 0 0 0 0 0 0 0 0 0 0 1 3 2 1 1 3 3 2 2 1 1 2 2 2 2 1 0 1 0 1 0 0 0 0 0 0
