sesion_6_simulaciones/modelos_agentes/ejemplos_netlogo/scenarios/cgcm2_a2/rob_2049.asc
NCOLS 322 
NROWS 307 
XLLCORNER 451900 
YLLCORNER 4086900 
CELLSIZE 100 
NODATA_value -9999 
[rows 0 to 72 of 307, columns 96 to 191 of 322]
13 1 0 0 8 1 1 1 1 1 4 4 6 18 16 4 9 6 6 2 7 6 4 15 4 2 4 4 7 5 2 1 4 7 3 2 3 6 8 4 2 20 53 63 73 63 72 72 82 69 64 71 44 21 32 35 34 10 21 15 21 9 7 4 21 31 36 5 4 24 35 18 16 20 19 14 17 22 13 58 43 26 37 39 45 29 33 37 45 62 40 29 23 9 17 33
0 1 1 0 1 3 1 1 1 2 2 4 15 23 9 8 2 2 1 3 5 1 1 2 5 3 4 2 3 15 6 2 2 4 1 4 4 5 9 13 18 26 26 21 81 84 82 78 91 71 81 67 25 28 61 13 5 9 5 8 3 10 8 4 9 5 7 29 28 23 13 35 47 26 40 47 55 24 26 33 30 26 42 46 51 36 37 47 51 45 53 41 50 26 34 35
0 0 0 2 1 1 1 1 1 1 1 2 5 7 2 1 4 6 7 8 14 1 2 2 3 3 4 2 5 5 11 9 1 4 14 12 12 18 22 27 35 48 33 38 13 5 15 43 90 78 78 76 31 65 57 48 29 14 9 14 8 38 63 54 67 35 27 45 17 23 19 23 32 34 42 60 70 68 44 30 31 31 45 46 53 42 46 61 41 41 52 40 47 50 35 36
0 0 0 0 0 0 0 2 1 0 0 1 2 4 5 6 6 10 12 10 4 1 5 4 1 2 3 3 4 2 5 6 6 11 16 10 27 27 51 65 74 74 55 17 8 12 4 8 32 12 25 23 12 28 54 13 49 4 5 14 19 41 74 72 75 77 70 28 45 39 36 44 29 32 47 46 50 23 20 30 43 43 57 57 57 44 41 52 37 35 53 53 37 46 29 50
0 0 0 0 0 0 0 2 3 1 2 2 1 2 7 6 5 27 8 4 5 3 4 9 6 4 3 3 2 11 14 11 2 12 24 28 39 53 75 82 83 74 59 29 16 7 11 23 14 10 19 19 5 43 12 25 38 21 4 8 47 64 53 73 55 28 70 39 50 62 45 40 28 25 49 34 39 33 36 41 46 42 78 58 43 46 45 58 42 45 51 65 32 52 56 59
0 0 0 0 0 0 0 0 3 6 1 3 1 3 4 2 9 6 11 7 2 2 7 6 8 3 5 4 2 2 4 13 11 6 31 49 57 74 81 70 76 75 69 41 15 23 14 19 22 17 22 42 7 16 15 35 18 16 13 15 49 53 15 9 13 32 39 13 18 29 10 36 73 55 43 27 31 32 29 48 39 49 54 51 59 46 45 64 60 42 56 41 53 53 70 33
0 0 1 0 0 0 1 0 1 6 6 1 1 1 2 7 3 7 14 10 12 6 3 3 5 5 8 5 3 1 3 15 19 15 30 71 78 77 73 74 75 72 40 21 26 51 28 39 33 32 25 35 27 26 36 24 11 22 30 11 7 9 8 14 6 11 39 58 37 38 13 39 21 10 55 48 45 52 27 47 39 31 37 32 53 56 46 62 60 35 62 52 51 45 30 27
0 0 0 0 0 0 1 0 1 3 20 19 21 6 4 1 2 5 4 6 13 34 7 16 18 8 7 2 5 4 5 7 21 46 32 62 63 73 73 68 62 26 32 26 53 42 35 60 42 38 22 26 45 50 33 31 27 56 63 64 37 14 3 3 15 8 27 16 39 23 29 19 9 21 13 42 54 79 63 29 46 54 35 46 74 50 51 57 63 63 42 34 15 23 24 20
0 0 0 0 0 1 0 0 1 1 3 21 27 44 16 23 2 2 2 10 12 5 6 10 7 3 4 4 4 6 15 12 30 62 73 37 25 34 26 25 38 23 18 33 63 50 28 39 45 33 28 21 74 42 35 48 37 49 15 33 65 45 20 2 14 12 8 9 4 11 35 31 12 14 37 16 24 30 39 65 62 82 51 58 32 23 36 76 45 55 39 74 54 34 25 33
0 0 0 0 0 1 1 0 0 1 2 0 1 1 1 1 4 2 2 4 5 3 6 4 10 7 4 5 7 10 14 47 42 35 55 45 44 43 23 23 12 10 17 36 66 42 18 19 30 39 34 21 31 83 70 69 14 27 12 51 36 42 10 13 3 8 6 4 11 21 20 26 29 24 35 51 19 22 62 68 38 66 51 43 23 30 21 37 38 53 28 46 76 69 28 21
0 0 0 0 1 0 1 1 2 0 1 0 2 1 1 1 4 1 6 2 3 3 4 5 10 3 2 5 11 23 41 47 78 60 37 37 39 57 54 34 21 9 8 12 42 16 17 24 35 26 39 20 36 42 81 64 30 19 27 45 22 24 12 4 8 11 13 6 20 35 33 39 25 17 42 57 38 16 19 55 37 29 50 63 31 35 24 29 67 53 49 41 69 83 58 31
0 0 0 0 0 1 1 2 3 3 1 1 3 5 4 3 3 8 11 5 19 8 2 5 5 6 3 5 9 58 61 52 53 49 38 30 33 54 49 36 21 9 12 21 25 12 14 39 22 27 52 24 37 55 31 47 30 28 39 33 14 13 29 21 9 7 23 21 33 62 70 71 18 31 48 55 38 22 21 60 35 8 36 64 30 39 34 30 54 36 29 36 57 65 65 57
0 0 0 0 1 1 1 1 1 2 3 2 0 1 2 5 9 3 14 10 29 29 4 3 2 4 3 7 19 38 65 42 43 37 39 51 53 22 29 47 20 7 9 29 24 11 21 24 29 41 58 46 45 66 46 38 42 36 48 17 14 17 27 22 12 9 8 22 40 26 50 46 34 26 29 56 26 24 9 20 39 7 47 73 32 36 48 30 22 49 37 18 24 41 59 72
0 0 0 0 0 0 0 0 1 1 2 2 2 2 2 1 11 4 24 7 5 4 17 9 5 3 7 32 36 31 38 39 30 16 17 16 16 11 10 16 19 4 2 2 9 8 15 18 50 64 71 67 50 54 34 50 52 43 38 37 14 11 29 31 23 20 11 12 14 9 4 4 22 32 30 38 26 39 23 15 7 11 25 62 63 31 40 42 27 24 45 24 35 56 78 60
0 0 0 0 0 0 0 0 0 0 1 1 2 2 2 2 2 2 20 9 7 16 22 7 8 7 11 12 34 37 20 12 12 15 23 18 16 14 7 2 15 3 10 5 2 3 14 31 38 68 67 62 51 59 40 64 62 51 50 53 10 29 38 37 23 16 7 10 6 4 4 23 51 44 40 48 46 36 19 20 32 11 30 60 66 32 17 20 25 20 14 13 30 45 55 49
2 0 0 0 0 0 0 0 0 0 0 0 0 0 1 1 3 6 2 1 3 4 2 27 12 16 8 11 11 8 10 25 29 32 22 28 46 45 22 5 5 5 2 6 3 3 2 16 32 36 47 38 37 36 50 35 48 43 57 49 9 26 9 36 52 30 11 12 15 3 10 38 47 52 24 16 27 37 45 39 29 26 28 50 72 84 58 42 22 17 16 10 28 63 54 40
0 0 0 0 0 0 1 0 0 0 1 1 0 0 1 2 3 5 3 5 4 1 3 7 27 15 20 25 53 38 23 13 17 26 27 44 58 58 40 4 10 8 4 6 14 16 16 3 15 24 17 15 12 14 23 44 49 54 58 56 17 35 24 28 41 13 9 11 8 8 10 41 32 44 15 13 23 22 45 36 34 32 36 39 70 86 83 36 23 21 17 12 28 51 64 56
0 0 0 2 2 0 0 0 0 0 0 0 0 0 0 1 2 2 4 5 2 2 4 5 12 17 5 14 14 10 21 22 29 19 49 71 51 56 40 22 30 34 24 23 37 35 36 18 6 2 3 4 3 1 7 48 76 88 65 30 51 33 29 19 32 23 12 22 7 7 44 44 48 39 15 28 50 30 34 40 25 22 16 10 57 65 60 62 40 22 21 13 17 33 38 20
0 0 1 0 0 1 0 0 0 0 0 0 0 0 0 0 0 1 2 1 2 3 3 4 21 32 16 15 11 23 30 36 23 43 51 55 23 26 29 52 42 49 54 64 57 36 45 37 17 12 9 8 11 2 2 9 74 83 57 37 34 42 22 16 25 8 10 12 3 34 61 58 49 53 21 22 49 47 44 70 46 30 17 10 21 46 50 50 47 28 22 19 9 20 58 15
1 0 0 0 0 0 1 0 0 0 1 1 0 0 0 2 0 1 1 1 3 4 6 3 14 12 10 18 21 21 25 55 41 37 38 21 38 40 34 45 68 69 59 35 39 21 33 40 23 18 15 4 7 4 8 6 23 36 48 53 37 21 17 36 32 5 11 36 63 48 65 79 39 73 36 15 42 66 46 65 54 51 36 15 15 43 63 47 55 34 28 15 7 11 41 34
1 0 0 0 0 0 1 1 0 1 1 1 1 0 0 0 0 1 1 1 1 2 2 1 6 13 11 5 5 17 13 13 25 34 48 26 26 42 26 64 37 37 56 41 24 20 22 29 28 13 19 16 6 10 14 11 15 35 55 49 16 16 56 49 28 7 26 35 47 59 47 52 29 36 60 44 28 24 28 65 30 27 43 31 22 10 42 27 55 27 30 14 9 9 13 30
1 0 0 0 1 1 1 2 2 2 4 1 1 0 1 0 1 1 0 4 2 3 3 3 14 8 18 15 8 13 13 23 27 57 56 41 68 34 51 23 41 25 19 17 30 29 50 35 35 12 15 13 12 13 22 15 16 24 50 53 53 16 24 28 16 20 47 12 36 56 61 41 47 22 54 62 38 22 25 76 82 44 20 54 36 9 7 12 47 35 27 26 10 8 8 25
1 0 0 0 2 1 0 1 1 1 0 1 2 1 0 0 1 1 1 3 9 6 8 5 15 5 10 24 12 7 30 53 56 18 9 71 60 28 28 29 39 51 29 16 13 30 21 8 11 8 20 11 12 14 13 15 8 14 29 23 22 22 14 13 16 37 51 7 32 22 47 59 47 17 16 44 43 54 27 49 82 57 46 19 34 13 4 11 43 52 11 32 16 7 9 20
1 0 0 0 2 1 1 2 4 1 3 1 1 9 5 3 2 2 2 13 7 13 11 7 16 14 9 28 32 18 14 14 6 5 6 18 33 40 18 35 34 48 41 37 26 8 4 3 2 2 6 6 4 5 9 5 5 6 7 16 28 23 15 21 46 40 28 13 24 25 25 45 37 35 24 60 60 43 34 18 57 57 34 51 20 10 7 7 7 28 7 15 13 5 4 6
2 1 0 0 2 2 1 1 7 3 1 3 5 7 8 9 24 4 6 6 16 20 39 20 13 16 35 25 51 28 14 9 19 19 12 2 7 36 33 13 26 46 57 59 36 25 18 12 8 7 3 3 2 1 1 1 1 2 9 20 39 23 32 34 20 43 23 29 34 29 20 31 48 54 14 47 53 37 37 23 38 50 23 11 30 16 7 6 5 8 9 10 15 5 2 3
7 4 1 1 4 1 3 1 3 5 4 4 9 13 20 10 23 28 8 9 36 66 69 78 67 60 60 39 58 42 67 67 68 40 17 15 18 13 11 22 45 33 41 47 54 49 43 28 23 20 9 9 8 7 7 6 6 5 21 34 33 28 21 23 20 38 37 49 18 42 18 15 43 31 15 37 33 17 20 19 17 22 46 9 9 5 7 2 3 5 4 7 3 2 1 2
7 3 6 6 6 1 2 2 6 11 9 6 6 28 40 28 29 67 45 65 72 74 78 81 70 78 73 69 74 79 54 24 41 51 41 20 25 21 9 8 31 38 44 60 50 49 51 36 34 30 22 19 19 19 9 15 9 12 22 19 27 18 11 13 11 45 27 44 37 38 11 16 22 27 17 30 26 36 10 15 15 6 18 10 5 12 4 3 1 2 4 3 3 2 2 2
4 8 6 5 8 8 9 6 10 18 19 35 27 37 54 78 72 61 72 32 40 46 61 76 74 69 81 79 80 80 22 15 14 15 30 31 40 23 30 22 23 48 53 46 47 46 36 63 51 36 29 27 25 22 21 21 20 6 12 14 16 11 12 21 38 55 47 27 33 16 17 9 18 20 18 12 10 16 20 10 15 8 12 9 2 9 4 2 1 1 3 3 2 3 1 1
7 17 8 5 11 9 11 12 16 37 55 69 80 83 88 86 75 76 80 63 33 16 47 65 49 45 35 61 65 59 39 9 8 6 8 13 24 21 25 31 13 27 34 35 21 19 12 26 33 32 45 43 29 28 25 38 25 8 8 8 6 14 30 38 46 35 19 20 14 27 20 29 13 12 11 9 8 9 15 9 8 6 5 4 4 3 4 2 2 1 2 1 1 2 1 0
9 18 6 9 27 24 23 39 55 73 84 81 84 86 81 90 75 75 89 42 72 33 19 40 29 18 23 25 26 27 50 30 20 4 7 4 13 11 11 27 23 22 41 17 23 19 11 20 20 11 11 10 9 17 17 8 27 16 11 8 11 16 32 37 36 28 12 27 35 21 23 15 12 9 7 4 5 4 6 6 5 5 2 3 2 1 1 1 1 1 0 0 0 0 0 0
5 24 24 21 30 49 63 73 69 85 79 89 75 87 81 83 58 67 85 73 35 40 21 11 12 9 4 4 14 15 20 63 28 9 10 7 25 51 49 34 33 20 18 10 9 14 13 5 3 5 6 17 29 28 15 14 32 18 28 9 14 19 29 22 32 15 8 17 31 25 16 10 5 9 6 3 1 1 1 2 3 1 1 1 1 1 1 1 0 0 0 0 2 1 1 1
21 37 54 53 74 85 79 83 81 82 77 90 76 79 60 76 59 74 74 77 24 46 45 19 13 3 4 1 5 7 7 15 20 10 11 15 8 17 18 20 15 15 16 24 24 15 15 7 11 13 34 54 48 32 50 11 34 30 8 3 3 12 10 24 17 17 8 5 6 9 8 8 3 1 1 1 2 1 4 4 2 3 2 3 4 4 3 3 3 4 1 1 6 3 2 5
51 67 71 81 80 77 82 81 82 73 89 70 45 60 55 56 62 64 66 72 34 20 29 18 15 9 4 6 12 14 14 25 18 6 21 16 22 22 34 23 38 25 36 37 41 37 26 23 19 24 35 62 66 65 62 30 38 32 16 20 10 2 3 3 4 4 6 3 3 3 3 3 3 5 9 9 15 8 12 7 7 10 6 10 6 17 8 3 6 5 2 3 6 5 3 7
73 82 82 72 82 80 86 73 74 57 74 19 33 25 34 49 51 39 37 60 36 15 7 6 9 13 13 11 16 7 41 43 39 27 36 38 35 29 33 34 35 38 38 38 53 38 45 29 15 51 47 49 62 49 38 34 61 37 30 47 33 21 20 19 18 17 28 17 12 11 11 12 19 19 19 11 20 19 18 17 17 16 13 13 22 15 11 8 8 4 7 4 9 5 12 12
16 25 55 52 71 67 78 73 39 8 5 6 14 10 9 12 13 23 42 56 33 9 12 20 11 10 36 26 38 29 39 39 39 35 34 58 46 24 47 41 40 52 50 49 39 37 46 34 28 39 52 47 60 69 52 54 42 35 43 44 37 40 39 42 40 33 44 33 26 14 24 26 23 25 37 23 24 35 24 32 32 19 24 23 40 17 13 12 11 10 10 7 15 17 18 28
22 14 9 10 7 7 24 26 27 10 6 10 16 16 7 4 3 6 24 29 17 10 38 11 28 38 47 37 50 36 32 29 48 44 26 42 41 27 39 46 38 56 38 35 36 41 58 42 29 33 53 51 30 76 54 68 39 43 52 41 55 41 37 38 39 25 50 32 19 28 28 29 41 27 40 27 27 43 40 39 26 25 37 28 30 20 16 16 15 15 15 14 35 26 20 19
37 54 43 19 18 14 4 10 14 6 12 15 13 7 3 5 1 12 10 16 26 43 49 23 43 38 45 42 32 14 6 17 35 34 26 39 23 30 39 48 53 33 37 33 33 55 45 31 44 43 55 64 40 77 71 37 66 60 55 37 49 41 57 53 39 43 37 35 32 21 33 46 45 33 46 43 35 50 33 41 33 44 46 55 36 22 11 26 19 19 27 31 38 16 39 23
47 32 30 22 12 10 10 10 20 24 26 26 19 6 6 15 16 20 25 37 64 60 61 38 38 28 29 37 37 33 18 15 32 26 42 25 21 31 28 44 18 15 40 45 36 70 41 45 56 35 63 37 69 70 42 55 72 58 36 52 38 53 53 41 27 44 42 38 23 38 58 61 55 37 49 53 52 56 37 33 39 50 49 40 30 16 14 36 28 17 43 46 44 19 12 51
22 35 42 31 32 18 34 26 34 38 40 51 37 28 22 34 20 31 44 51 61 45 23 37 51 32 17 26 39 35 26 15 24 31 15 41 24 50 36 25 28 19 43 29 29 75 54 51 41 33 44 70 65 50 44 41 58 69 39 54 54 64 52 30 55 51 55 40 21 41 55 76 62 45 52 59 61 46 38 29 47 72 64 52 46 21 40 61 43 19 36 63 60 30 16 49
47 58 27 30 18 30 42 30 29 47 44 47 40 38 41 38 38 46 50 48 55 42 36 45 34 22 23 39 27 36 20 28 16 12 37 38 45 29 33 22 24 14 44 13 12 50 50 54 30 40 48 32 68 18 13 10 31 57 30 60 69 55 49 70 56 55 36 17 27 59 65 81 69 52 56 71 79 53 53 32 55 78 54 40 35 29 52 68 48 30 23 74 81 53 32 45
23 37 22 42 29 42 40 39 37 37 52 50 38 37 61 30 37 47 42 42 53 46 26 46 29 31 37 30 32 40 17 30 18 18 16 39 15 24 17 33 25 24 32 18 40 36 65 46 18 35 50 41 44 24 23 14 19 30 24 65 71 62 63 71 30 51 21 20 29 63 75 77 74 58 64 74 84 45 58 30 59 85 61 33 29 37 59 74 56 37 30 66 76 65 25 49
18 29 54 35 21 29 38 27 25 29 55 39 31 47 31 30 20 39 48 29 27 37 41 39 26 26 21 18 19 63 18 34 17 20 20 34 28 22 14 22 15 29 24 19 35 26 40 21 24 15 25 56 43 31 20 22 51 21 25 57 50 57 81 43 55 48 32 35 47 51 74 75 76 46 55 76 61 41 65 35 49 76 64 55 34 39 64 76 58 45 34 50 71 49 38 51
9 9 28 12 9 8 22 19 13 20 23 25 22 32 28 24 27 27 36 31 25 14 25 33 31 24 32 16 14 19 27 43 15 11 20 37 17 9 12 22 14 27 19 17 25 24 29 13 12 12 13 36 9 13 22 19 36 15 32 45 35 61 30 47 72 37 34 40 57 49 63 82 61 36 58 75 63 45 67 43 51 73 49 45 46 35 38 75 74 47 31 51 71 49 34 53
2 6 3 4 5 6 14 19 8 20 18 27 27 19 18 27 21 21 23 30 14 12 12 28 29 18 27 9 13 26 17 25 7 10 16 12 10 16 12 24 32 11 13 27 21 10 6 30 9 7 6 14 4 8 13 31 28 42 35 20 18 14 36 69 30 39 55 31 42 48 45 71 34 30 49 70 44 46 59 28 61 66 42 46 49 53 24 36 77 43 34 45 71 59 48 42
1 1 2 2 5 2 4 4 7 11 10 22 17 15 17 18 16 13 13 19 20 9 24 17 25 18 16 14 3 9 21 27 2 5 7 23 7 4 6 9 29 11 9 5 5 9 10 2 7 10 8 19 14 6 13 17 47 33 23 47 34 17 50 26 47 59 26 29 33 49 24 64 20 24 35 61 32 60 58 27 45 46 32 58 61 59 34 34 73 53 32 48 56 37 47 36
0 1 1 2 4 1 4 4 5 8 10 23 12 7 9 13 16 23 12 5 6 5 29 4 9 14 11 9 3 7 6 6 1 1 11 2 2 1 10 2 18 7 8 4 8 10 7 24 42 54 47 26 36 27 15 27 35 20 24 29 20 24 37 16 50 23 27 26 31 51 18 39 22 40 17 33 23 50 35 26 53 28 30 43 62 30 42 25 50 38 43 33 66 68 70 57
1 0 1 1 1 5 1 1 3 5 9 11 6 11 4 15 3 14 11 5 3 8 11 9 8 11 9 11 2 2 1 3 5 8 2 2 5 5 8 7 6 9 14 23 10 46 18 61 31 40 24 24 41 53 62 39 38 9 14 32 22 23 7 12 30 17 20 24 34 40 45 33 39 29 20 52 18 51 19 20 59 20 53 51 64 36 46 36 38 59 50 66 68 72 78 88
0 0 0 0 0 1 5 1 3 2 1 3 2 5 3 7 4 10 9 11 7 9 7 12 2 3 5 3 5 7 1 1 2 3 20 22 13 16 37 52 28 34 32 56 30 21 53 62 19 50 31 24 37 58 51 37 44 47 36 57 39 52 50 22 27 35 38 33 27 35 50 46 42 68 74 70 71 85 77 54 59 68 71 67 30 84 83 71 62 31 51 39 52 77 56 66
0 0 0 1 2 10 2 1 0 0 0 1 1 5 5 5 5 10 4 5 6 6 5 11 5 3 2 1 2 1 1 2 3 1 2 18 30 5 10 40 41 45 23 60 73 24 26 39 56 44 56 13 20 63 67 28 72 61 79 72 31 54 38 39 34 48 36 63 60 11 20 58 62 24 54 75 43 71 51 77 41 67 80 67 43 82 72 62 86 79 63 35 52 66 46 34
0 0 0 0 0 0 0 0 0 1 1 1 5 3 2 4 2 6 2 3 5 3 5 6 4 2 1 1 4 5 2 0 1 1 1 3 7 3 5 21 36 14 52 72 52 16 34 20 41 38 56 21 26 52 48 66 53 42 63 74 40 11 24 60 56 66 60 52 56 60 16 57 76 30 56 81 25 18 33 84 77 50 42 57 66 74 70 79 88 78 49 68 32 27 62 71
0 0 0 0 0 1 1 0 0 1 1 2 1 2 1 3 2 3 2 2 1 3 4 2 3 3 0 1 1 2 2 1 3 1 2 1 3 24 9 31 16 37 27 31 73 46 24 14 35 39 44 52 24 63 65 87 42 68 87 85 68 12 42 48 54 80 71 77 49 75 36 27 68 34 60 80 45 36 24 69 59 67 16 17 29 70 77 72 81 67 29 71 49 36 53 62
0 0 0 0 0 0 0 0 0 0 1 2 1 1 2 4 2 2 1 1 3 3 1 1 1 1 0 0 1 2 2 1 1 1 2 4 4 7 29 65 28 52 29 54 52 64 32 32 51 50 81 84 45 66 86 91 60 84 89 80 70 36 70 75 53 48 39 31 58 82 42 26 52 27 64 69 87 40 51 84 63 75 68 27 24 46 67 63 59 44 65 88 50 32 20 21
0 0 0 0 1 0 0 1 0 0 1 1 1 1 1 3 3 2 1 2 1 1 1 1 1 2 1 1 3 4 6 3 3 5 11 13 10 15 53 38 47 24 18 66 69 39 24 21 36 53 74 68 68 46 74 91 64 69 81 76 82 73 75 86 38 46 54 35 60 76 70 46 13 32 76 77 81 73 40 86 40 66 78 49 29 26 57 46 50 24 76 87 68 47 48 20
1 0 0 0 0 0 0 0 0 0 1 1 0 0 1 1 1 1 1 1 1 1 0 0 1 1 2 6 17 2 3 2 15 13 13 16 6 21 36 36 62 31 54 29 83 33 39 32 19 37 69 63 45 23 25 61 69 78 84 81 91 77 79 79 76 52 59 43 52 60 83 60 31 28 63 77 83 82 58 72 67 62 67 80 47 29 19 21 19 35 74 54 78 51 46 28
0 0 0 0 0 0 0 0 0 0 0 1 0 0 1 1 0 1 0 1 1 1 1 1 0 1 0 1 5 2 2 12 7 9 30 18 10 6 3 17 18 12 4 4 26 29 67 54 21 13 36 16 27 14 11 19 21 58 64 62 70 74 68 66 88 51 51 42 14 70 91 47 31 26 68 60 60 67 38 51 54 24 69 80 67 44 12 14 16 26 16 40 81 50 33 37
0 0 0 1 2 0 0 0 0 0 0 0 0 0 1 0 0 0 0 0 2 1 1 1 4 11 2 1 2 3 5 6 16 25 21 16 16 23 10 5 10 25 11 6 11 17 28 39 40 14 18 14 28 16 18 34 26 15 26 46 46 21 33 67 91 73 40 44 53 77 88 57 23 14 28 41 63 49 60 65 54 17 53 69 80 33 21 11 35 41 23 42 89 64 58 58
0 0 0 1 1 2 0 0 1 0 1 0 0 0 0 0 0 0 0 1 0 3 1 1 8 15 6 1 2 7 8 5 14 22 10 6 23 28 10 9 11 35 20 12 19 17 20 16 17 9 17 41 47 44 37 35 24 19 17 12 4 2 12 77 80 78 54 28 33 71 81 76 66 28 17 40 56 42 43 30 54 39 25 73 75 62 26 16 38 31 52 81 82 82 67 61
0 1 2 1 1 2 4 0 0 0 0 4 0 0 0 0 0 0 0 0 0 0 0 1 4 9 4 11 12 18 7 6 26 12 22 25 19 32 17 24 18 32 33 20 10 33 20 25 18 7 16 54 63 69 65 56 42 37 33 30 32 28 30 51 53 65 56 23 11 45 44 78 79 38 18 46 57 42 26 41 67 35 23 22 75 77 28 13 43 54 51 74 50 77 48 29
0 0 0 1 2 1 1 0 0 1 3 5 4 1 1 2 0 0 0 0 0 0 1 1 2 2 5 10 16 9 6 9 7 4 29 32 11 15 24 43 29 36 29 22 8 14 47 36 25 16 14 36 75 76 74 74 61 60 52 51 76 79 82 72 59 57 47 30 12 8 36 50 81 64 58 21 42 48 26 6 20 31 34 44 64 76 45 23 13 33 37 33 75 75 87 57
0 0 0 1 4 5 18 1 3 1 1 1 4 6 2 1 1 0 0 0 0 1 0 1 3 2 4 6 5 4 3 14 27 20 36 23 22 33 52 27 45 42 22 29 35 35 47 49 35 26 15 22 46 71 69 77 77 74 55 44 35 50 59 64 74 70 72 61 39 3 11 48 56 65 58 50 32 15 21 19 49 38 18 27 26 65 64 20 9 18 26 32 27 68 56 72
3 1 1 0 0 6 2 1 1 6 1 2 1 1 1 0 1 0 0 0 0 0 0 3 7 1 4 9 8 13 15 42 26 15 20 30 20 22 16 7 15 51 62 40 60 46 39 38 38 40 36 17 13 17 54 55 52 70 71 63 57 52 37 42 45 65 71 69 67 57 39 62 55 73 42 42 32 21 31 21 19 18 13 38 30 67 71 19 7 25 35 25 27 26 58 72
4 5 3 1 1 4 12 7 1 2 1 1 0 1 0 0 1 1 0 0 0 1 1 4 3 4 2 2 3 3 2 6 6 18 17 17 21 23 29 28 18 7 20 66 67 76 67 51 45 24 34 34 24 13 23 35 29 24 37 45 49 61 60 49 28 30 58 67 68 51 58 75 56 77 64 43 40 41 24 12 14 26 12 19 30 21 55 27 6 13 30 32 14 10 53 72
1 1 25 7 2 6 2 16 9 4 6 1 0 2 1 3 2 2 1 1 0 1 2 2 2 3 3 14 9 4 7 17 10 14 19 36 36 42 39 43 46 38 20 14 12 60 68 63 43 30 23 34 25 13 5 5 5 6 6 7 12 29 26 35 35 18 19 28 30 28 56 55 55 50 47 48 54 49 28 30 26 21 11 12 37 46 32 38 10 3 19 27 16 35 76 31
1 1 7 3 2 2 0 0 21 36 31 23 1 4 1 1 0 3 1 1 1 1 1 1 5 2 5 8 5 6 14 19 9 14 20 30 29 39 37 40 43 37 54 47 46 30 15 11 37 38 46 16 14 9 14 22 21 20 20 16 16 6 4 5 7 5 5 3 5 16 25 39 33 29 24 18 17 39 34 28 20 10 27 22 21 34 26 45 25 6 4 20 42 75 41 71
3 2 5 29 11 3 3 1 1 40 3 3 4 2 3 3 2 0 1 2 0 0 0 2 2 2 2 2 2 3 3 3 9 14 14 19 36 48 33 44 51 55 52 52 55 42 37 35 23 13 11 8 10 26 29 42 41 41 37 47 17 5 5 17 18 27 12 14 4 3 7 18 15 10 10 9 11 17 22 36 32 10 8 10 11 12 23 33 40 10 5 17 77 45 42 50
5 4 7 15 8 10 14 2 1 1 0 1 1 1 2 17 1 2 2 2 1 0 0 1 1 1 2 2 4 3 3 4 6 10 19 23 27 30 30 51 51 39 34 36 42 32 30 41 33 29 34 34 36 50 46 44 58 59 59 48 23 18 20 33 30 21 26 12 4 4 4 2 1 1 2 2 5 5 2 4 8 5 5 3 4 4 13 21 20 11 5 47 48 24 59 49
13 8 4 2 14 11 45 18 12 10 6 2 1 1 9 4 20 11 4 3 9 5 3 0 0 0 1 1 1 2 1 6 11 6 2 8 29 32 18 18 31 42 30 23 34 27 37 39 45 39 47 31 33 49 60 61 61 63 70 58 35 32 44 41 50 50 48 33 14 11 3 2 1 2 3 6 18 11 6 5 4 3 2 2 2 3 4 8 21 23 8 59 13 8 46 56
14 14 12 22 12 18 10 7 6 33 7 16 2 4 8 17 37 18 5 6 10 2 2 2 1 1 2 0 1 1 6 1 2 2 5 7 21 42 37 49 45 34 46 35 44 36 41 43 47 29 58 48 45 41 57 61 78 76 74 57 28 51 47 62 60 73 62 49 36 17 11 11 12 16 18 31 38 26 14 13 21 22 10 4 5 3 1 2 7 25 13 43 8 9 45 73
17 18 5 4 20 13 45 29 14 14 25 39 15 6 13 45 44 16 5 16 2 11 1 2 1 0 0 4 0 2 1 0 1 6 5 7 12 22 34 39 44 29 31 35 37 39 45 59 49 38 46 60 44 46 63 72 79 70 56 45 43 53 63 64 64 80 72 57 43 21 33 33 32 40 38 41 54 38 34 33 33 28 15 22 20 8 6 1 3 9 9 11 9 5 18 34
15 23 17 5 37 35 45 33 65 38 25 9 5 34 39 32 26 12 9 38 3 16 1 2 2 1 1 3 5 1 1 1 2 5 6 10 14 34 20 41 46 35 16 39 36 37 46 65 53 29 32 59 55 45 59 76 74 59 44 32 36 66 64 65 80 76 65 57 31 26 40 39 41 53 50 63 62 63 44 46 57 43 39 48 32 24 11 2 1 6 6 11 8 3 8 16
17 5 19 7 3 47 23 15 29 52 37 28 4 24 57 27 4 8 24 39 4 30 3 2 9 6 1 4 7 12 3 0 2 2 7 5 4 6 11 11 32 22 32 31 36 20 55 36 55 25 61 47 49 38 65 81 59 53 36 47 48 60 57 72 80 73 64 61 34 50 61 62 41 59 69 66 67 58 50 57 66 59 51 53 22 12 5 3 2 1 2 5 6 1 5 4
14 15 10 19 5 11 48 61 62 37 17 20 7 13 38 48 14 25 61 33 9 32 4 3 2 6 3 9 7 2 8 15 2 2 3 5 1 5 4 12 18 14 17 32 26 22 26 34 18 25 75 24 42 33 72 47 43 53 31 40 41 54 66 77 62 71 60 45 38 54 65 65 42 65 62 72 75 62 55 61 75 61 60 33 13 15 12 13 9 2 0 0 2 2 1 2
25 14 19 14 18 17 27 42 33 51 52 23 53 11 5 3 33 80 67 28 26 13 11 13 15 5 2 7 11 10 7 1 3 1 2 1 1 3 3 16 7 15 16 19 12 12 13 17 24 34 15 13 36 53 28 45 37 27 30 31 29 47 78 63 66 51 37 41 56 67 65 66 57 66 47 55 65 43 55 61 77 44 26 26 31 34 42 21 13 4 2 1 0 1 1 1
