sesion_6_simulaciones/modelos_agentes/ejemplos_netlogo/scenarios/cgcm2_a2/rob_2062.asc
NCOLS 322 
NROWS 307 
XLLCORNER 451900 
YLLCORNER 4086900 
CELLSIZE 100 
NODATA_value -9999 
[rows 0 to 72 of 307, columns 192 to 287 of 322]
43 40 22 13 35 61 34 17 17 22 24 10 7 5 8 6 4 4 7 6 5 5 3 4 7 11 6 11 12 31 10 3 3 1 0 1 2 2 1 4 5 2 2 10 15 19 15 27 41 48 32 34 40 48 45 57 46 83 48 40 8 11 16 41 52 36 52 48 25 37 19 11 14 20 38 20 18 36 57 25 14 16 16 19 18 13 32 27 25 27 10 22 32 61 20 6
49 29 35 32 41 60 20 30 44 28 20 14 23 21 13 11 15 3 6 9 9 5 3 3 3 11 4 5 3 6 27 12 2 1 0 0 1 1 2 2 4 1 1 3 5 8 16 16 34 73 83 65 44 44 45 45 69 69 68 19 23 13 44 38 48 44 52 36 42 17 6 23 11 20 50 23 53 37 32 34 26 32 34 21 16 8 21 30 30 27 16 27 24 30 16 12
27 54 34 33 60 49 36 18 11 27 28 29 43 44 25 38 24 20 29 27 23 9 6 3 1 2 2 1 1 2 3 12 8 2 2 1 1 0 1 0 0 1 4 10 9 19 20 28 35 55 61 53 62 51 66 76 41 38 46 24 23 29 38 27 30 57 27 25 20 25 13 15 13 19 61 23 61 49 25 42 28 24 31 32 17 6 14 17 30 22 16 42 23 40 13 3
38 38 63 56 45 35 33 33 33 55 32 50 64 51 44 59 44 23 34 49 34 27 19 8 5 3 1 1 1 0 1 2 1 2 1 1 1 0 0 0 1 3 2 2 5 22 22 27 11 22 17 21 32 61 50 57 53 21 29 36 38 19 22 41 27 55 42 36 54 20 29 24 8 8 42 23 31 26 34 40 29 28 31 35 19 6 12 27 40 17 29 26 23 38 10 2
28 22 43 14 52 59 52 41 55 49 49 36 42 36 45 63 49 54 57 59 53 28 20 20 9 13 6 10 7 1 1 0 1 1 1 1 0 0 0 1 1 2 3 5 4 7 8 15 40 58 61 52 47 41 65 70 32 28 10 12 35 34 25 40 39 55 34 25 15 10 8 8 11 7 22 22 18 32 57 65 54 20 20 42 37 28 4 23 25 36 32 19 33 48 16 3
30 24 43 36 24 31 56 28 53 45 34 42 17 42 53 54 58 57 25 20 40 22 16 24 19 17 8 13 9 3 3 1 0 0 0 0 0 0 0 0 1 2 4 8 18 38 46 56 51 34 40 41 46 65 82 60 37 29 9 47 64 62 54 54 41 63 25 32 39 31 39 29 23 17 13 19 28 26 36 28 40 63 46 34 39 28 9 17 24 28 13 19 29 29 19 5
23 12 15 35 24 19 55 22 16 31 39 67 41 22 42 55 49 51 30 12 14 33 40 46 23 19 20 12 12 10 7 4 4 3 1 0 1 1 0 0 1 2 5 9 30 18 28 35 55 43 45 80 46 70 76 45 31 34 18 37 51 58 56 58 66 57 50 45 44 17 28 27 21 31 27 14 6 19 39 43 32 57 37 19 12 38 14 12 14 14 15 27 43 52 14 12
16 13 12 18 39 30 47 57 19 9 20 28 48 16 7 23 14 26 31 17 12 22 11 17 21 18 18 12 17 13 11 10 9 8 6 2 4 2 1 0 1 4 8 15 23 32 32 55 76 72 73 49 62 61 68 40 24 10 19 24 33 28 28 22 23 51 33 25 47 27 25 19 24 30 31 20 6 29 48 26 52 65 45 20 12 31 24 12 14 27 27 30 54 35 19 14
31 24 23 13 23 20 34 61 60 28 14 14 27 37 20 14 9 25 31 22 18 26 7 14 33 21 17 18 17 24 20 19 18 16 9 7 2 1 0 1 2 4 10 13 33 33 25 40 53 66 54 35 75 59 56 25 12 46 66 51 61 51 60 44 50 76 44 34 15 16 23 20 23 24 20 12 8 15 19 34 47 59 46 31 14 15 15 10 10 32 25 35 30 40 19 28
21 24 25 14 13 8 29 29 57 46 35 19 19 22 27 12 11 9 27 24 21 31 10 10 17 20 15 13 8 15 3 8 15 14 9 4 2 1 1 1 1 2 6 11 23 10 11 48 28 25 22 79 55 59 36 18 30 57 62 74 55 83 70 41 60 33 55 46 42 18 19 29 27 15 11 8 7 12 41 22 13 46 49 45 26 12 22 7 10 13 16 42 29 39 23 53
28 25 27 26 14 8 4 6 11 28 18 13 10 27 16 11 13 3 7 19 14 29 32 7 9 8 28 11 4 9 16 3 1 1 2 6 3 1 1 1 2 2 8 18 5 16 24 29 8 15 58 61 34 46 20 13 30 45 42 58 79 80 47 30 32 47 56 56 62 45 55 36 33 27 17 12 5 5 14 27 28 53 67 43 47 18 11 15 4 15 39 18 25 19 20 62
50 34 18 22 23 20 14 8 7 7 8 7 12 11 10 8 5 10 6 7 18 22 18 9 1 6 20 12 4 4 14 15 2 1 1 1 4 2 0 1 6 8 9 4 2 2 14 4 9 38 67 49 27 21 9 37 39 33 42 77 65 58 15 26 39 42 66 60 52 59 45 36 42 43 38 28 10 7 22 24 25 72 50 58 43 34 14 8 6 23 24 14 34 12 37 70
59 44 40 55 47 44 40 23 37 24 19 11 6 4 4 4 4 17 13 5 4 8 8 7 1 5 8 6 4 2 2 6 2 0 0 0 1 3 0 1 4 5 4 8 7 7 21 4 15 49 41 17 4 18 44 57 57 63 84 71 20 26 29 20 21 22 37 37 61 39 21 34 53 56 51 28 11 3 20 30 56 63 26 38 54 35 20 5 6 23 19 13 37 12 31 43
70 66 62 66 63 58 45 42 39 39 35 34 14 10 6 4 3 2 2 2 3 2 1 3 3 4 5 5 1 1 1 3 3 2 0 0 1 2 1 2 1 3 3 1 1 10 5 4 20 15 9 3 8 22 35 43 69 63 55 14 47 63 56 43 45 25 21 21 54 43 58 68 48 34 29 31 15 5 12 24 55 26 19 39 66 39 26 12 4 8 9 12 20 12 26 23
28 66 69 69 61 64 43 51 26 28 42 30 24 23 21 16 11 5 1 1 1 1 1 2 3 2 2 1 0 0 1 2 2 1 0 0 1 2 2 1 1 2 2 1 1 2 2 4 5 4 1 4 9 13 30 43 45 13 37 50 62 57 59 79 83 72 65 45 47 58 64 52 59 45 25 19 10 6 12 24 33 16 10 52 66 66 42 43 18 4 7 11 11 11 33 29
42 60 68 50 57 75 61 36 55 41 30 38 34 40 40 22 17 5 3 3 2 1 0 0 2 1 0 0 0 0 0 1 2 3 1 1 1 1 1 2 1 1 1 1 0 1 3 5 3 2 6 5 6 11 18 28 13 43 46 47 59 72 81 71 66 75 41 33 65 19 50 78 54 41 45 45 43 22 9 25 27 15 6 13 35 61 20 12 16 15 3 13 7 10 34 26
70 21 70 53 46 70 76 76 46 24 38 34 48 45 36 26 24 16 10 9 7 5 2 1 1 1 2 2 1 1 0 0 0 1 1 1 1 1 1 2 1 1 1 1 0 0 1 1 3 9 8 19 18 11 10 31 44 44 47 46 68 58 78 68 69 45 31 60 45 38 38 21 57 33 59 64 64 43 29 9 42 23 16 4 13 36 47 13 5 7 3 4 7 14 10 10
47 16 56 35 53 62 65 47 72 77 48 57 60 23 22 19 29 25 17 12 10 8 6 2 2 2 5 4 3 2 0 0 0 0 0 1 1 1 1 1 1 1 0 0 0 1 2 5 8 7 13 31 30 31 13 30 34 62 60 58 75 62 58 51 33 32 49 62 49 32 19 20 50 55 62 60 64 64 44 14 10 20 21 14 4 14 30 19 12 2 6 1 7 11 5 5
32 36 37 40 27 54 60 37 39 74 44 65 77 47 34 24 35 50 44 27 24 11 4 3 5 3 7 6 10 3 2 2 2 1 1 0 1 0 1 1 0 0 0 0 1 3 7 8 8 11 22 36 30 23 38 44 50 47 35 48 65 35 20 13 31 34 30 79 63 23 26 16 53 51 16 34 71 59 61 43 12 7 34 17 10 4 14 18 18 7 1 1 9 4 1 1
37 15 22 32 23 32 65 28 22 50 57 71 70 54 56 47 14 24 28 39 18 14 10 8 9 9 9 12 10 9 5 3 3 3 2 1 0 0 0 0 0 0 1 1 5 5 7 13 7 16 30 27 43 42 47 50 16 13 28 46 73 32 15 39 53 47 60 67 49 39 25 10 20 55 45 16 35 45 55 52 42 10 9 19 15 4 3 10 20 12 1 1 6 1 5 11
56 24 24 24 7 18 47 25 34 24 45 34 52 25 33 39 11 7 21 38 23 31 14 7 22 17 10 7 7 6 4 2 2 2 3 2 1 0 0 0 0 0 1 4 6 8 4 4 16 33 25 31 53 63 73 67 46 35 48 49 50 21 21 54 53 47 47 21 46 49 33 9 12 25 60 32 14 20 66 40 33 13 4 10 13 3 5 14 9 9 1 1 1 2 10 30
30 8 30 25 8 6 18 44 9 19 53 43 50 25 22 11 13 3 8 38 33 21 14 12 6 7 2 2 3 2 3 2 1 1 3 2 1 1 0 0 0 1 2 4 3 7 6 13 15 16 15 24 38 73 78 81 78 68 52 45 30 16 35 45 63 57 48 28 25 45 20 10 12 19 55 36 15 17 26 48 32 23 8 5 13 5 6 10 5 2 2 9 3 8 28 38
44 9 37 43 13 8 11 25 8 7 46 27 19 10 5 13 11 9 3 7 9 19 34 34 11 3 7 3 1 2 2 1 1 1 2 4 2 1 0 0 0 2 4 5 2 3 1 5 3 5 5 19 38 32 52 71 58 43 23 69 35 16 36 45 44 51 72 42 37 16 10 11 26 41 69 34 16 20 31 59 32 14 7 3 6 10 6 9 3 2 6 33 16 16 17 33
32 22 17 37 5 10 14 23 15 5 6 4 5 19 7 5 13 13 5 7 8 9 22 15 12 3 5 7 3 1 1 1 1 1 1 1 2 1 0 0 0 1 1 2 1 1 2 3 7 7 5 16 17 26 29 23 17 36 58 39 15 27 41 37 54 72 49 38 39 25 10 15 26 46 50 25 23 18 28 51 38 38 14 3 3 5 5 8 1 3 9 9 23 40 22 28
10 8 14 13 7 3 16 23 9 2 6 4 4 9 13 6 8 10 8 2 2 4 6 4 4 3 4 8 6 2 1 0 0 0 1 1 1 1 0 0 0 0 1 2 3 5 7 8 7 10 18 11 8 5 7 15 35 38 66 31 13 42 34 31 58 78 44 52 47 25 17 17 27 59 40 23 29 16 21 35 34 33 27 14 3 2 6 4 2 14 17 18 21 20 61 29
3 5 3 9 4 2 15 20 7 2 2 4 3 2 8 9 4 3 4 4 2 1 3 3 2 2 1 4 11 1 1 1 0 0 0 0 0 0 1 0 0 1 1 1 3 3 6 3 4 10 13 27 22 41 30 33 34 51 54 10 22 36 28 21 47 62 39 41 36 29 14 14 30 60 27 35 29 11 10 17 19 29 16 6 7 2 1 3 11 29 33 38 47 32 23 54
2 2 1 1 1 5 10 8 3 1 1 2 2 1 1 3 5 3 3 4 1 1 1 2 1 1 1 1 2 3 2 0 0 0 0 0 0 0 1 0 0 0 0 1 1 2 1 3 7 8 18 25 25 37 51 65 64 74 38 11 26 32 23 31 70 63 20 38 40 25 16 9 23 56 27 21 20 18 3 7 19 26 9 5 2 2 3 12 29 28 34 34 43 55 69 42
1 1 0 0 0 0 1 1 1 1 0 0 0 0 0 1 1 1 1 3 1 1 1 1 0 0 2 1 1 1 2 1 1 0 0 0 0 0 1 0 0 0 0 0 1 1 3 3 4 16 14 20 28 36 48 75 59 48 9 29 38 26 48 58 81 44 49 25 24 24 22 13 33 56 35 20 17 18 3 6 16 24 14 15 5 1 3 10 13 10 11 11 12 19 40 45
0 1 1 1 0 0 0 0 0 0 0 0 0 0 0 0 0 0 0 0 1 0 0 0 0 0 1 1 1 1 1 1 0 0 0 0 0 0 0 0 0 0 2 2 2 3 7 18 5 14 11 14 21 21 60 49 27 7 25 37 37 33 56 79 51 29 41 22 20 22 19 10 19 49 63 35 21 10 4 5 13 26 20 9 4 1 3 5 3 11 14 24 29 27 27 42
1 2 2 3 1 0 0 0 0 1 1 1 1 2 3 1 1 1 0 0 0 0 0 0 0 1 1 0 1 0 0 0 0 0 0 0 0 0 0 0 1 2 2 3 3 6 9 6 19 13 12 13 25 26 60 17 10 17 32 39 34 35 56 78 36 25 23 35 17 7 7 10 31 52 24 47 28 11 4 2 19 16 20 9 3 1 3 9 19 31 20 36 47 43 37 18
2 3 3 4 2 1 1 3 2 3 3 5 4 5 5 4 4 3 2 1 0 0 0 0 0 0 0 0 0 0 0 0 0 0 0 0 0 0 0 0 2 2 3 5 8 12 11 9 16 38 39 38 25 37 20 9 4 25 28 35 20 34 54 65 42 17 24 31 22 13 4 9 40 19 14 53 37 16 5 2 9 8 14 7 2 2 8 10 12 22 24 24 16 17 23 44
5 6 5 6 3 2 2 5 5 5 5 7 11 7 10 9 6 3 3 3 2 3 2 1 1 0 0 0 0 0 0 0 0 0 0 0 0 0 0 2 2 3 3 5 9 13 18 35 27 31 17 53 37 21 21 16 7 21 33 47 47 38 62 29 13 34 37 18 31 12 3 9 18 19 10 50 22 15 4 3 7 7 7 4 1 4 18 28 33 26 22 12 23 26 26 36
15 14 9 13 7 3 3 5 5 6 16 15 14 18 15 8 7 5 5 5 4 4 3 2 2 1 1 0 0 0 0 1 0 0 0 0 0 0 0 2 2 3 3 6 12 15 26 30 24 24 16 10 22 22 25 4 13 23 22 35 31 45 44 50 46 27 18 14 37 25 8 6 16 12 24 54 19 12 7 3 3 6 5 2 3 9 20 46 52 48 50 32 37 48 40 64
21 21 20 12 9 8 4 9 14 17 22 21 23 15 18 13 9 8 7 11 8 7 4 3 2 4 2 1 1 1 3 1 0 0 0 0 0 0 0 1 1 2 3 4 9 20 11 4 33 29 16 9 20 22 4 4 11 16 19 38 48 54 58 31 20 19 27 19 15 18 12 6 16 13 19 30 23 21 8 2 2 4 2 2 6 10 13 16 13 15 18 32 46 47 74 72
28 28 30 25 20 7 6 12 21 29 30 26 27 26 23 23 13 24 16 13 5 3 3 3 4 3 2 2 2 3 1 1 0 0 0 0 0 0 0 1 1 2 6 5 3 6 6 12 10 13 13 3 11 2 5 3 5 10 12 30 48 60 38 55 33 17 16 15 12 19 19 5 6 10 17 21 21 9 6 2 1 2 2 3 12 5 7 15 35 40 42 36 24 70 47 59
44 58 40 14 23 10 16 18 40 35 32 35 35 52 49 31 31 25 13 17 8 6 2 7 7 3 2 3 6 1 0 0 0 0 0 0 0 0 1 1 2 4 6 2 3 5 6 11 8 8 4 3 5 2 5 2 7 20 26 41 33 30 44 57 21 11 8 8 14 14 9 5 3 8 8 22 19 10 5 2 1 1 3 10 20 25 23 23 31 28 26 50 52 64 41 22
63 73 39 34 42 19 14 44 44 58 28 44 52 46 63 41 21 12 25 16 11 9 2 12 3 2 4 6 1 1 1 1 1 1 1 1 1 0 0 0 1 2 1 1 2 7 17 15 10 6 4 2 3 3 6 10 18 14 10 14 21 34 38 54 29 14 13 9 6 5 5 6 3 6 12 10 8 12 6 2 1 4 12 10 19 41 44 48 48 49 29 40 36 40 44 17
51 70 37 37 51 24 24 60 55 58 23 45 67 52 66 34 29 28 36 33 18 6 6 4 4 7 15 1 1 2 2 1 1 1 1 1 1 1 0 0 0 0 1 1 4 14 12 6 14 4 3 2 5 6 8 6 5 3 13 18 18 42 45 37 18 50 50 30 17 15 7 5 2 4 5 4 6 6 2 1 1 8 21 33 32 42 52 50 43 42 44 50 18 6 32 23
67 43 43 38 52 26 29 60 76 57 18 55 74 65 66 63 38 49 62 36 19 8 15 6 13 13 2 2 3 2 2 2 3 2 2 1 1 1 1 0 1 1 1 2 15 5 12 2 3 6 2 2 7 7 9 8 6 12 40 49 42 37 68 36 46 29 35 36 15 8 7 5 2 2 2 5 3 4 1 0 2 6 9 23 24 13 26 12 11 15 10 63 45 20 15 8
85 70 47 38 46 27 42 61 85 46 28 46 70 71 73 44 38 78 42 9 12 29 23 15 18 6 4 4 6 6 3 3 3 2 1 2 1 2 1 1 1 0 0 0 4 3 3 1 1 1 1 2 4 10 10 22 26 30 23 37 52 53 34 49 40 38 13 24 40 13 5 2 2 1 2 2 1 2 1 1 4 8 10 13 12 6 9 18 32 52 67 80 54 17 12 6
78 77 48 51 55 32 43 66 78 51 31 52 85 84 52 63 41 42 15 10 19 51 55 29 17 15 8 6 9 5 4 10 5 1 1 3 2 3 3 1 1 1 0 0 0 0 0 0 1 2 5 5 12 15 17 29 23 20 42 64 65 63 44 50 11 64 45 9 8 31 24 14 6 2 0 1 1 1 1 1 3 4 5 10 7 9 32 38 34 31 41 66 31 16 11 5
76 65 45 59 54 51 38 67 76 51 38 53 84 75 59 49 26 15 5 21 42 52 34 13 8 3 3 16 13 7 9 8 4 2 2 3 4 4 3 1 1 1 1 1 1 0 0 0 1 2 4 4 8 10 10 14 20 39 31 75 58 29 26 73 41 19 50 19 6 4 9 10 12 10 3 1 1 1 0 1 4 5 4 5 10 19 30 32 29 43 31 41 35 21 9 4
77 64 39 62 55 54 49 51 61 39 34 51 65 34 35 28 13 17 13 28 54 24 19 16 7 7 5 25 18 9 21 9 3 4 3 5 6 10 6 2 2 1 2 1 1 0 0 0 1 1 1 3 9 8 19 25 13 36 46 64 17 6 28 64 27 24 14 41 12 2 3 4 9 6 7 4 1 0 0 1 3 4 5 4 6 15 44 22 16 53 24 22 27 7 4 3
49 46 42 62 53 42 58 46 71 72 60 53 46 38 51 49 37 44 24 33 49 29 21 18 11 9 9 30 25 13 23 10 7 6 6 10 9 8 3 3 5 3 2 1 0 0 0 0 1 1 1 4 10 9 9 15 9 21 49 22 13 7 43 64 38 8 5 7 19 6 3 2 3 2 7 2 1 1 0 1 2 4 5 4 18 31 48 22 19 45 20 7 10 14 3 1
57 27 61 69 60 68 68 85 79 90 90 83 46 66 67 64 62 32 28 50 44 26 21 12 13 20 12 32 31 29 20 14 12 12 12 18 25 10 5 4 13 6 1 0 0 0 0 0 1 2 5 5 7 9 5 6 15 41 55 14 9 10 20 58 41 21 6 2 14 13 5 2 2 2 11 2 1 0 0 1 2 5 5 9 11 9 10 8 15 14 19 14 12 10 2 0
48 44 50 60 79 83 88 89 75 75 79 81 83 73 47 46 39 32 35 32 19 26 21 25 36 26 28 58 43 54 26 24 19 26 28 42 40 13 11 9 12 4 2 1 1 1 1 0 0 2 2 4 3 3 3 8 18 27 24 17 8 7 9 63 20 17 14 1 8 15 9 2 1 2 2 4 1 0 0 1 2 4 10 14 12 8 8 5 8 7 9 6 4 2 1 1
59 58 35 40 56 64 80 54 51 49 63 66 66 74 50 43 48 61 51 34 32 37 33 45 63 46 37 63 61 49 30 41 28 38 35 47 27 18 23 7 3 2 3 3 2 2 1 0 0 1 3 2 2 4 5 2 11 8 12 34 10 9 15 30 14 3 12 4 5 6 5 4 2 1 1 13 1 0 0 1 3 4 4 15 6 5 6 4 4 2 2 1 1 1 2 6
70 72 50 31 56 52 55 65 48 61 69 53 64 78 82 67 79 70 51 43 55 53 55 52 61 49 43 69 67 37 48 46 47 47 55 56 35 20 5 2 2 4 4 3 5 3 2 1 0 0 1 2 3 4 5 3 8 8 6 10 8 10 13 24 25 3 6 6 3 9 5 2 2 1 1 1 1 0 0 1 2 3 8 12 5 6 4 3 5 1 1 1 1 2 5 8
52 66 78 49 27 34 57 57 76 45 42 41 73 56 63 92 88 49 66 65 65 61 63 55 59 52 53 76 64 54 54 51 55 70 68 31 10 7 10 8 10 8 6 4 7 5 3 1 0 0 0 4 2 2 5 4 9 6 4 5 7 4 4 11 33 2 2 4 3 2 3 2 1 1 1 1 1 0 0 1 1 2 13 6 2 2 1 2 2 0 0 2 2 3 7 7
77 75 76 80 46 18 23 68 66 61 17 22 38 52 78 85 67 89 89 71 62 79 73 43 63 54 71 64 62 57 60 52 66 78 78 38 30 19 30 24 33 26 12 12 14 4 2 0 0 0 0 0 0 1 5 4 9 7 3 3 3 1 0 3 15 5 2 2 2 2 2 3 2 1 1 1 0 0 0 1 2 2 3 2 1 1 1 1 0 1 2 2 6 8 6 8
61 46 53 84 46 39 33 34 35 41 31 8 32 76 85 83 62 58 84 63 78 80 68 51 72 68 81 76 71 77 60 60 60 54 59 37 34 38 37 35 12 11 25 37 5 2 2 1 0 0 0 0 0 0 1 5 6 10 3 3 3 1 1 7 14 4 4 2 2 2 2 2 1 1 1 1 0 0 0 1 1 2 2 1 1 0 1 1 2 4 5 6 7 8 5 6
34 52 51 80 81 31 38 24 26 25 30 16 35 49 55 59 75 83 69 31 64 34 73 81 92 87 83 60 75 58 71 56 50 30 67 62 64 48 25 19 6 1 28 17 9 5 3 1 1 1 1 1 0 0 0 1 1 2 1 2 1 1 1 4 6 7 3 2 2 0 0 1 1 0 0 0 0 0 0 0 1 1 1 1 0 1 2 2 4 4 5 12 10 8 7 7
22 29 44 47 78 75 44 21 22 20 19 19 31 51 65 72 39 75 74 37 67 61 38 52 74 55 73 49 68 32 21 44 32 31 47 82 64 43 24 60 23 20 23 19 17 6 3 2 3 3 2 1 0 0 0 0 0 0 0 2 1 1 2 4 4 7 3 2 1 1 1 1 1 0 0 0 0 0 0 0 0 0 1 1 0 1 1 3 4 4 6 6 27 11 7 4
11 19 31 9 45 84 45 26 13 10 15 20 17 25 35 54 55 73 51 55 66 49 19 49 68 51 51 42 46 67 52 52 49 25 32 70 78 83 78 70 53 36 35 39 25 8 7 4 9 2 1 1 1 1 1 0 0 0 0 0 0 1 1 3 3 4 3 2 1 1 1 0 0 0 0 0 0 0 0 0 0 0 0 0 0 0 1 2 4 2 3 8 10 9 6 12
21 13 24 48 43 58 82 40 36 12 7 9 11 13 36 30 53 73 16 27 73 69 31 18 75 81 55 38 51 61 28 24 31 21 18 44 62 61 55 26 40 37 19 27 28 21 24 20 7 1 3 4 3 3 2 4 3 1 0 0 0 0 0 1 2 5 2 2 1 1 1 0 0 0 0 0 0 0 0 0 0 0 0 1 1 1 1 1 3 4 4 5 8 10 17 19
29 11 8 34 52 60 83 65 31 23 13 10 8 13 12 9 34 24 19 58 86 41 22 13 19 63 34 36 30 53 47 28 32 28 24 59 43 22 18 13 16 7 6 47 24 41 47 39 13 8 11 6 6 3 2 1 1 1 0 0 0 0 0 0 0 1 2 1 1 1 0 0 0 0 0 0 0 0 0 0 0 0 0 1 1 2 3 3 5 5 5 8 10 11 11 24
49 34 22 15 16 21 36 63 35 36 15 8 6 8 15 6 21 12 36 35 81 38 23 19 11 21 19 28 11 40 46 20 18 18 23 41 34 11 7 12 11 6 7 14 28 22 15 7 7 7 4 4 4 4 4 1 1 1 0 0 0 0 0 0 0 1 1 1 1 0 0 0 0 0 0 0 0 0 0 0 0 0 1 1 0 0 2 10 3 8 10 12 17 16 23 31
23 23 38 14 13 36 38 60 65 39 25 8 6 4 5 8 11 14 16 34 66 77 47 25 7 7 14 4 9 31 42 20 13 15 11 11 14 9 6 8 7 6 6 7 30 17 15 6 3 3 2 1 1 1 2 1 0 1 0 0 0 0 0 0 0 0 1 1 0 0 0 0 0 0 0 0 0 0 0 0 0 0 0 0 0 1 5 7 10 13 13 14 15 23 23 35
40 31 11 7 8 18 30 42 60 32 18 11 4 2 3 7 4 6 19 63 53 66 46 36 17 5 18 15 4 6 23 14 14 10 4 5 6 15 5 4 6 4 2 4 15 17 21 9 5 2 2 1 0 0 1 1 0 1 1 0 0 0 0 0 0 0 0 0 0 0 0 0 0 0 0 0 0 0 0 0 0 0 0 1 1 2 3 8 4 4 3 5 11 21 22 14
54 44 17 7 2 15 16 24 45 41 13 10 5 4 5 5 3 14 37 55 23 35 44 17 12 9 5 10 12 2 9 14 6 6 3 6 5 3 3 4 6 4 2 2 4 12 20 11 7 4 3 1 1 0 0 1 0 1 1 0 0 0 0 0 0 0 0 0 0 0 0 0 0 0 0 0 0 0 0 0 0 0 0 1 2 2 3 3 4 3 3 6 10 11 12 14
55 44 22 16 4 5 12 18 58 13 13 6 3 3 3 3 3 9 36 19 3 18 69 15 9 10 4 5 5 9 7 6 4 4 4 2 2 1 1 3 5 2 1 1 2 6 18 9 10 4 2 1 1 0 0 0 0 0 0 0 0 0 0 0 0 0 0 0 0 0 0 0 0 0 0 0 0 0 0 0 0 0 1 1 1 2 5 5 3 4 6 5 7 11 13 9
48 40 23 10 8 5 11 11 41 15 3 9 5 3 2 2 2 14 15 8 22 34 57 32 12 6 7 10 3 12 7 5 4 2 4 2 2 2 1 2 1 1 1 5 8 10 14 12 19 13 7 3 1 1 0 0 0 0 0 0 0 0 0 0 0 0 0 0 0 0 0 0 0 0 0 0 0 0 0 0 0 0 0 1 1 1 2 3 6 7 7 7 9 5 13 18
39 26 16 10 7 7 4 6 14 36 9 4 5 2 2 1 2 7 6 9 8 21 53 28 11 14 5 5 5 12 4 2 3 3 1 1 2 1 1 1 0 0 2 13 5 5 11 6 14 14 12 4 2 1 0 0 0 0 0 0 0 0 0 0 0 0 0 0 0 0 0 0 0 0 0 0 0 0 0 0 0 0 1 1 1 1 2 3 4 4 5 13 9 13 26 17
34 29 13 8 7 5 4 6 6 16 14 3 2 2 2 2 2 2 4 6 9 23 58 23 14 7 9 4 4 8 4 1 1 2 2 1 1 1 1 0 0 1 6 9 2 5 6 3 10 9 6 5 3 2 1 1 0 0 0 0 0 0 0 0 0 0 0 0 0 0 0 0 0 0 0 0 0 0 0 0 0 0 1 0 0 1 1 1 2 5 4 7 7 4 8 13
75 48 25 6 4 5 3 4 4 10 15 5 3 2 2 1 1 2 2 2 9 11 41 19 7 4 5 4 3 2 5 1 1 1 1 1 1 1 0 0 2 3 4 1 2 3 2 3 5 7 10 7 9 4 3 1 1 0 0 0 0 0 0 0 0 0 0 0 0 0 0 0 0 0 0 0 0 0 0 0 0 0 0 0 0 0 0 1 1 2 4 10 6 6 8 2
28 67 46 18 6 2 2 3 4 5 26 7 4 2 1 1 1 1 1 2 5 10 24 26 6 4 2 2 3 3 3 4 2 1 1 2 1 0 0 1 2 6 2 1 2 3 2 2 5 7 3 3 4 6 4 2 1 1 0 0 0 0 0 0 0 0 0 0 0 0 0 0 0 0 0 0 0 0 0 0 0 0 0 0 0 0 1 1 1 3 3 5 4 5 6 11
10 62 15 47 22 10 2 2 2 6 13 4 2 1 1 1 0 0 1 2 6 12 11 20 11 5 3 2 2 2 2 3 2 1 0 1 0 0 0 1 3 2 2 1 1 2 1 1 5 7 2 2 2 2 9 3 2 1 1 0 0 0 0 0 0 0 0 0 0 0 0 0 0 0 0 0 0 0 0 0 0 0 0 0 1 1 0 0 2 2 2 2 2 6 8 8
18 21 10 37 15 17 5 1 1 2 6 5 1 1 1 0 0 0 1 3 1 2 19 19 21 11 6 4 1 1 1 1 1 1 0 0 0 0 0 0 2 1 1 1 1 3 1 1 7 6 3 1 0 0 4 2 2 1 0 0 0 0 0 0 0 0 0 0 0 0 0 0 0 0 0 0 0 0 0 0 1 1 1 1 1 1 1 1 1 1 2 3 6 8 10 12
19 14 12 8 10 4 18 2 1 1 2 3 1 1 0 0 0 1 1 1 4 17 23 21 27 11 6 2 2 1 1 1 1 1 1 0 0 0 1 1 1 1 0 0 1 4 2 2 10 6 5 1 0 0 0 0 1 1 0 0 0 0 0 0 0 0 0 0 0 0 0 0 0 0 0 0 0 0 1 1 1 1 2 1 1 1 1 1 2 1 1 2 3 2 4 6
17 10 13 7 7 2 4 6 1 0 1 2 3 1 0 0 0 0 1 3 9 9 18 14 14 18 4 2 2 1 1 1 1 1 0 0 0 0 0 1 1 0 0 0 0 1 1 1 4 7 3 1 1 0 0 1 0 0 0 0 0 0 0 0 0 0 0 0 0 0 0 0 0 0 0 0 0 0 0 1 2 1 1 2 1 2 2 4 2 1 1 1 1 5 6 9
11 13 16 7 2 2 2 2 1 0 1 1 2 0 0 0 0 1 3 7 4 2 10 8 6 10 5 2 2 1 1 1 0 0 0 0 0 0 1 1 0 0 0 0 0 1 0 1 6 1 2 1 1 0 0 0 0 0 0 0 0 0 0 0 0 0 0 0 0 0 0 0 0 0 0 0 0 1 1 1 2 4 4 5 5 4 4 4 2 2 1 2 1 2 6 7
4 3 4 4 2 2 1 1 1 0 0 0 1 0 0 0 0 1 2 2 3 2 5 12 2 4 3 3 1 1 1 0 0 0 0 0 0 1 1 0 0 0 0 0 0 1 1 6 12 1 0 2 1 0 0 0 0 0 0 0 0 0 0 0 0 0 0 0 0 0 0 0 0 0 0 0 0 0 0 1 1 2 2 3 8 5 8 7 5 5 3 3 5 4 4 5
1 1 1 1 1 1 1 1 1 0 0 0 0 0 0 0 0 0 1 1 1 1 1 2 2 2 1 2 1 0 0 0 0 0 0 0 0 1 0 0 0 0 0 0 0 1 2 1 6 1 0 1 1 0 0 0 0 0 0 0 0 0 0 0 0 0 0 0 0 0 0 0 0 0 0 0 0 0 0 0 1 1 2 1 7 6 13 15 8 13 11 11 9 8 6 18
