sesion_6_simulaciones/modelos_agentes/ejemplos_netlogo/scenarios/cgcm2_a2/rob_2039.asc
NCOLS 322 
NROWS 307 
XLLCORNER 451900 
YLLCORNER 4086900 
CELLSIZE 100 
NODATA_value -9999 
[rows 74 to 147 of 307, columns 96 to 191 of 322]
29 62 41 23 22 25 25 53 24 25 19 65 37 73 68 53 16 8 12 18 61 58 36 22 22 7 8 2 9 15 6 6 7 14 6 3 4 4 14 4 4 5 10 3 4 11 12 2 3 11 8 28 51 37 32 15 24 32 51 33 28 79 68 53 58 62 39 54 64 66 56 67 52 67 41 42 57 65 45 40 22 44 58 45 25 12 12 13 7 9 6 5 5 2 0 0
34 38 32 23 16 21 28 42 24 39 44 33 18 29 38 60 39 46 58 72 91 63 62 46 17 24 7 5 11 3 8 51 19 19 21 16 6 3 4 2 5 19 26 14 32 20 16 38 45 8 12 7 13 38 11 15 31 48 35 20 43 48 72 57 60 43 38 50 63 71 44 79 47 56 49 34 59 33 24 51 51 43 18 18 25 23 18 14 20 16 23 20 9 6 2 1
46 30 25 25 18 31 17 46 22 44 52 19 26 48 39 33 44 69 52 72 79 82 77 71 26 16 12 5 9 13 37 47 34 21 23 24 21 6 12 16 7 5 10 4 8 30 10 26 22 21 6 5 12 10 13 17 28 48 25 30 33 20 58 58 56 36 55 45 77 60 34 66 60 53 59 54 32 20 74 47 33 32 49 35 50 51 44 52 50 30 31 27 13 8 5 3
48 18 36 31 22 19 23 34 28 32 69 32 34 31 35 47 70 44 68 65 83 86 65 51 58 10 8 14 25 23 41 16 34 17 30 8 37 22 12 20 6 4 3 2 9 13 33 39 22 46 38 24 16 3 6 8 30 15 16 12 26 15 51 43 41 25 53 53 61 30 26 33 61 30 57 33 33 39 63 37 49 45 41 58 73 67 71 51 45 52 28 26 13 10 6 5
46 26 34 33 41 20 25 31 13 50 69 59 40 27 47 45 52 65 80 54 53 64 71 79 39 29 36 49 64 38 37 21 27 28 6 14 18 25 22 25 19 4 3 7 12 18 40 37 17 61 51 38 46 27 26 8 9 8 13 9 18 13 9 24 14 23 26 42 32 18 22 22 55 40 24 10 43 49 39 39 60 76 83 75 76 74 48 55 57 31 32 17 12 14 11 19
59 60 22 52 58 33 12 32 13 32 28 61 46 35 39 9 46 83 53 59 58 39 65 75 43 31 72 74 70 67 72 37 9 9 12 35 38 11 15 22 31 6 6 13 16 16 28 71 64 59 52 51 62 24 52 43 33 10 5 3 12 21 8 9 12 21 17 28 9 9 24 33 35 28 63 58 26 23 53 68 72 73 70 69 59 69 67 75 51 30 27 16 14 21 36 17
80 83 62 58 21 18 13 12 12 39 19 11 46 57 15 37 74 49 37 34 49 24 15 55 63 70 74 68 74 60 82 73 31 29 39 54 30 23 5 14 36 21 8 14 27 48 25 25 67 45 54 77 64 49 63 35 39 56 41 38 43 12 35 16 9 4 17 26 29 39 26 4 6 9 17 54 59 69 45 72 69 53 75 60 55 57 69 73 54 44 39 25 55 49 14 13
61 56 68 17 13 14 21 17 14 21 22 5 12 24 31 43 24 56 57 44 37 48 13 22 62 77 73 47 40 60 50 37 61 55 53 51 63 52 19 16 49 40 9 12 37 30 17 12 34 19 64 74 54 84 71 41 67 41 28 32 57 20 32 39 29 17 34 37 59 25 38 13 11 13 23 13 23 65 64 69 47 61 75 66 47 58 78 65 58 50 49 53 65 45 16 34
70 68 58 26 25 27 33 23 12 17 28 4 15 29 36 23 22 71 51 35 43 73 44 41 66 92 64 19 43 46 33 37 14 20 81 56 30 28 21 40 62 52 22 16 26 22 20 26 26 51 53 80 82 86 66 66 68 47 64 44 56 41 41 34 30 35 17 24 51 26 55 70 50 39 23 27 24 16 51 78 85 52 68 62 44 78 62 45 57 70 57 73 49 40 29 58
25 41 63 59 9 9 29 29 39 21 20 7 23 53 36 12 21 80 34 52 44 44 32 68 47 57 34 47 58 46 35 36 21 55 88 69 52 24 19 51 33 16 32 13 19 13 16 22 24 33 29 71 70 85 69 67 79 50 68 65 54 59 32 34 35 25 54 26 44 59 73 72 53 33 37 19 20 31 19 69 65 64 36 64 76 40 49 51 63 53 59 47 31 39 41 80
13 18 28 38 46 10 19 11 10 33 29 13 22 45 36 22 32 76 46 46 27 19 72 73 65 56 28 62 61 47 23 14 61 90 87 84 77 39 48 53 47 10 29 20 25 34 28 19 27 9 6 34 77 87 62 69 61 64 82 75 57 42 27 20 59 32 70 49 39 59 74 69 32 26 37 32 37 35 27 32 68 81 76 54 30 64 73 73 62 72 30 48 46 63 45 77
8 13 26 15 33 39 24 24 12 24 43 10 23 51 32 43 34 48 56 68 63 20 42 51 80 70 65 67 68 72 46 81 89 80 77 87 82 47 38 60 38 15 30 24 26 35 33 21 27 18 23 37 77 81 58 49 54 85 81 80 53 25 42 54 73 55 80 72 59 37 75 59 63 54 50 38 35 40 31 27 41 75 65 77 74 44 70 33 70 38 35 59 46 77 48 61
7 4 3 3 10 23 9 4 9 16 22 12 33 57 37 14 31 27 48 63 72 63 30 36 40 45 73 86 60 60 78 86 87 73 79 77 63 78 57 62 43 67 49 56 32 42 51 51 35 34 23 41 66 89 69 50 79 69 83 73 52 39 40 53 81 60 76 70 60 40 64 53 45 18 41 30 14 34 33 21 12 59 75 67 51 84 61 57 61 58 58 69 73 77 78 45
5 3 0 1 8 9 2 4 7 13 7 20 52 42 14 8 16 23 46 51 65 86 54 29 25 37 75 75 83 43 84 71 69 71 88 83 64 78 53 64 55 89 42 73 51 44 40 28 29 27 23 18 46 81 69 76 66 78 89 67 43 45 57 73 74 59 67 65 52 18 23 32 54 50 61 39 20 33 38 43 50 14 62 69 64 77 84 86 92 74 86 87 75 43 78 32
7 6 2 1 7 4 3 6 9 7 12 21 33 36 11 4 37 34 29 36 44 58 72 71 52 36 56 68 82 78 75 86 83 56 58 47 50 75 33 47 89 78 61 46 33 49 35 44 50 53 53 25 32 61 59 67 68 81 82 66 60 72 71 75 78 43 63 68 53 26 24 45 62 57 41 69 31 25 35 42 47 31 21 60 66 85 78 53 54 67 67 82 75 44 56 66
9 4 3 1 3 2 1 12 6 6 5 11 49 26 8 4 31 16 28 40 42 54 65 64 67 40 45 25 44 73 63 68 74 65 65 62 48 39 53 86 53 73 39 25 38 67 52 52 58 60 47 44 26 30 29 51 66 71 81 61 49 61 61 84 79 53 61 76 33 13 15 38 36 49 82 66 40 41 19 50 38 52 49 19 56 78 77 74 74 67 49 46 62 40 25 45
4 4 2 1 1 1 1 7 7 2 12 25 45 42 8 4 15 4 16 51 53 56 25 33 58 47 49 36 64 89 81 77 53 67 50 33 40 32 66 44 42 42 23 56 80 62 56 57 44 34 32 31 26 24 10 15 46 64 79 48 67 63 84 88 87 52 77 63 52 29 18 30 54 72 89 45 38 69 30 45 41 48 58 40 18 62 66 51 33 47 43 41 31 44 42 38
10 7 4 2 1 1 1 1 5 6 8 31 20 13 18 7 19 4 2 11 16 43 27 25 25 15 33 51 76 87 64 72 76 71 64 38 21 35 76 24 54 57 68 78 79 58 75 37 27 35 63 59 66 62 55 24 9 7 35 47 52 66 81 87 87 61 90 67 65 53 29 32 52 87 72 33 64 61 37 29 49 56 56 46 35 11 31 52 43 44 26 40 61 67 53 50
5 4 1 1 1 1 0 0 2 7 11 14 14 5 5 3 18 6 3 19 14 19 13 19 27 24 23 48 24 51 59 58 60 52 16 28 43 46 52 28 66 66 82 69 63 48 82 73 74 57 59 55 54 36 41 15 7 7 9 33 61 83 76 86 78 53 79 73 40 31 36 56 50 71 43 55 79 66 60 70 54 60 45 43 46 32 10 18 21 28 44 55 61 63 59 46
3 2 2 2 1 1 1 0 1 2 6 10 11 9 4 2 18 4 2 9 6 7 9 15 10 28 26 36 25 8 19 24 19 16 39 46 66 78 53 52 30 67 92 62 39 78 71 62 78 60 59 47 32 38 36 42 21 10 11 52 77 73 84 87 84 80 76 82 67 28 45 36 41 21 32 73 68 35 56 38 46 45 41 39 47 35 41 18 6 29 46 65 72 63 58 30
4 2 4 6 3 3 2 2 1 2 4 7 5 4 3 2 7 3 1 4 7 5 4 6 8 18 20 20 23 16 7 6 9 28 36 69 79 55 59 68 47 82 88 59 72 68 66 44 86 64 73 58 66 70 69 50 32 13 14 25 67 60 82 83 78 70 76 82 71 44 30 46 52 47 52 57 68 84 46 53 35 29 49 41 28 45 59 52 18 17 23 20 30 34 37 29
15 12 7 13 10 8 7 6 3 1 2 3 2 3 2 3 2 1 1 3 3 3 2 3 6 8 12 13 13 28 4 6 10 27 75 80 59 41 67 73 62 72 79 64 57 69 62 57 84 69 57 71 58 65 64 49 33 15 9 13 17 56 74 77 71 61 77 71 47 18 29 58 31 53 74 67 76 54 30 71 39 39 46 45 70 52 33 38 45 43 34 13 7 7 12 14
24 11 18 17 19 12 17 9 4 3 0 1 1 1 2 1 2 1 1 1 2 3 1 2 2 2 13 10 9 4 7 3 15 65 60 61 24 56 84 65 49 51 62 25 35 83 54 78 83 78 56 70 80 52 26 26 28 29 24 14 18 29 50 61 63 59 43 50 25 22 43 45 40 60 69 78 61 47 59 67 61 34 49 75 71 68 50 44 48 49 56 46 27 9 4 9
26 27 33 18 28 20 14 10 8 7 6 2 1 0 0 1 2 1 1 0 1 1 1 1 1 2 8 13 6 4 9 2 26 49 34 19 29 70 84 69 34 41 39 30 76 66 49 54 88 87 46 53 52 67 48 27 7 13 16 24 20 27 20 30 18 36 44 41 17 37 52 52 47 46 68 62 55 65 37 20 59 57 60 70 73 57 54 47 35 41 51 41 35 14 11 3
41 27 37 39 32 17 16 20 9 10 6 5 4 1 1 0 0 1 0 1 1 1 1 1 1 1 2 8 1 2 7 2 12 28 12 18 28 46 45 53 38 43 24 65 70 28 55 89 86 78 78 35 20 26 20 22 8 11 22 33 19 30 19 12 12 23 19 18 16 43 43 61 36 59 66 60 75 41 49 38 64 39 37 41 49 68 67 48 38 29 47 37 38 29 23 8
31 20 43 43 15 21 8 10 18 13 7 6 5 4 2 1 0 0 0 0 0 0 0 0 0 0 1 1 1 11 3 1 2 4 7 27 31 44 79 55 48 32 47 48 47 46 51 89 83 74 93 69 42 53 45 25 10 6 4 12 33 20 15 8 11 21 15 12 22 34 51 58 52 28 36 37 47 44 42 54 16 66 48 56 58 65 59 62 68 48 45 45 47 52 24 15
18 32 68 41 35 17 34 15 25 22 10 9 6 2 2 1 1 1 1 1 1 1 0 0 0 0 0 0 2 9 1 2 2 2 9 27 33 10 30 27 38 31 31 45 34 43 65 85 80 80 85 85 43 26 20 15 14 16 12 2 4 9 9 8 10 13 10 13 14 32 43 59 54 57 19 32 50 46 25 31 55 40 31 62 65 61 64 70 60 72 58 65 63 53 35 24
24 41 61 36 30 29 15 19 28 17 14 11 6 5 2 3 2 3 2 2 1 2 1 1 2 1 0 0 1 4 1 2 3 3 8 11 10 13 9 5 25 38 21 16 27 69 82 81 72 64 79 79 58 42 43 49 38 23 17 5 1 8 5 4 9 6 6 9 20 31 29 39 38 36 47 44 37 57 85 84 74 77 56 59 54 53 58 66 76 64 77 70 60 56 49 43
28 56 23 28 34 25 22 12 24 20 7 6 11 4 3 2 3 3 4 4 3 3 3 2 1 2 1 0 0 1 0 1 2 4 7 6 8 12 12 5 11 42 28 10 34 49 82 72 32 28 40 66 81 71 51 44 34 20 10 3 1 8 4 2 4 5 7 16 21 30 29 37 42 58 71 73 66 84 82 79 71 56 43 32 35 57 74 67 65 69 76 76 72 73 60 49
57 22 29 24 18 28 26 16 8 9 12 13 11 10 3 5 4 5 5 9 7 4 7 3 5 2 1 0 0 1 1 1 2 3 7 7 11 11 11 3 5 13 20 6 23 30 58 31 16 20 46 56 79 72 63 42 35 21 9 7 2 3 2 1 7 5 9 25 22 28 33 32 63 71 85 70 78 71 76 58 29 23 29 51 22 54 67 62 77 85 76 60 41 33 25 19
21 26 42 62 51 33 11 6 8 22 19 13 7 12 10 10 8 12 11 10 10 9 6 7 6 3 1 1 0 0 0 0 0 2 4 16 24 12 13 5 4 4 6 2 7 14 11 18 23 37 40 65 84 72 63 58 48 32 29 12 3 2 2 1 5 9 12 10 9 20 41 45 54 60 62 66 71 61 43 34 41 33 56 56 82 59 44 69 84 73 58 59 56 48 41 37
46 56 45 15 13 18 22 10 15 25 24 18 17 16 14 19 10 15 14 20 7 15 12 9 5 3 1 1 0 0 0 0 0 1 3 6 7 10 14 6 7 5 6 2 5 11 18 47 65 66 85 67 84 80 72 49 49 26 17 9 3 3 2 1 1 2 4 13 22 21 35 60 38 45 44 61 64 26 16 31 30 40 70 63 79 57 78 66 71 60 60 61 54 59 57 48
48 29 36 33 30 18 23 11 30 31 28 29 41 22 30 25 24 34 26 15 15 18 19 6 7 3 2 1 0 0 0 0 0 1 2 3 8 18 16 4 2 4 4 3 6 14 39 26 54 60 56 52 89 81 72 40 23 15 9 3 2 1 1 0 0 2 7 22 32 22 29 53 46 33 29 41 27 32 54 54 35 68 69 61 71 79 64 64 62 58 47 56 59 66 57 70
28 24 15 12 11 10 5 19 37 33 34 51 35 40 37 38 42 18 13 32 22 25 22 8 4 2 3 2 1 1 0 0 0 0 1 1 1 5 10 5 3 3 3 4 11 12 7 18 35 74 41 63 79 60 63 47 27 13 4 3 2 1 0 1 0 1 5 12 34 22 24 10 23 35 28 42 47 49 46 44 46 71 64 57 64 64 39 67 40 47 59 67 67 47 75 75
16 22 32 36 30 16 15 25 38 58 53 51 36 47 64 58 34 20 22 42 29 15 12 9 4 3 3 3 1 1 1 1 0 0 1 2 1 1 1 1 1 2 2 4 8 6 9 20 63 20 18 48 84 61 43 21 15 10 10 6 2 1 0 0 0 1 4 6 13 18 18 14 33 27 35 46 60 72 71 71 68 86 63 43 41 50 64 82 77 55 57 59 50 57 62 57
29 49 34 55 25 23 26 43 44 59 57 25 26 51 48 35 27 26 39 59 21 17 13 11 6 5 3 2 1 1 0 1 1 0 0 1 1 1 0 0 1 1 2 2 2 7 12 7 44 14 31 61 79 45 22 19 12 5 3 5 2 2 0 0 0 0 2 2 7 8 19 27 41 39 67 70 81 53 38 28 81 78 78 52 20 52 74 90 84 78 81 52 70 53 49 79
48 49 68 57 31 49 47 51 69 62 47 33 39 60 40 55 20 34 63 28 19 16 17 14 12 8 4 3 1 1 1 1 1 1 0 0 1 0 0 0 0 1 1 1 2 6 8 8 4 10 33 69 76 38 25 18 7 5 4 3 2 1 1 0 0 0 2 5 12 16 24 33 45 58 70 63 32 35 29 72 78 78 81 82 40 57 82 84 73 66 63 71 50 54 35 54
64 67 42 32 41 51 51 70 40 54 24 47 52 78 62 43 24 59 18 14 31 15 10 6 9 6 6 5 5 2 3 3 1 1 1 0 0 1 0 0 0 0 1 1 3 8 3 8 2 4 23 52 84 72 29 16 9 3 4 2 2 1 1 0 0 1 3 10 22 28 27 38 46 43 40 48 43 59 74 80 73 77 66 81 71 61 65 37 22 19 50 81 70 49 30 34
73 57 42 31 42 58 67 18 62 29 35 54 71 73 49 28 58 47 26 11 11 17 5 5 9 9 13 6 8 7 4 4 2 1 1 1 0 0 0 0 0 0 1 2 2 4 1 4 1 7 12 10 45 56 22 10 4 3 2 1 2 2 1 0 0 2 5 7 11 16 19 24 32 38 62 69 67 68 73 63 69 59 45 71 64 44 36 46 62 66 82 41 55 52 29 26
39 57 44 37 53 73 74 29 60 54 69 54 81 50 37 47 59 24 25 21 48 25 12 8 14 22 15 18 13 15 6 2 1 2 1 1 1 0 0 0 0 1 1 1 2 0 2 3 1 5 6 34 41 20 17 14 11 6 2 1 2 1 1 1 0 0 2 6 10 10 13 19 35 31 32 33 36 37 83 46 66 71 52 46 39 27 62 67 66 80 78 60 46 59 57 54
85 41 59 60 71 48 52 62 62 52 57 59 53 46 44 72 32 43 34 62 51 26 31 21 13 32 34 30 38 21 12 3 1 1 1 1 1 1 1 0 0 0 1 1 0 1 7 2 1 4 27 38 49 12 10 14 6 4 3 1 2 1 1 0 0 0 0 2 4 6 3 9 9 12 29 44 45 48 73 64 52 67 86 39 28 46 50 59 77 69 64 74 58 57 45 56
79 94 89 91 86 59 19 12 57 36 65 74 83 76 62 69 66 75 56 68 53 47 43 36 33 42 59 61 25 24 13 5 6 3 2 2 1 1 1 0 0 0 0 1 0 0 1 1 0 4 12 46 39 7 10 10 8 4 2 2 2 1 1 0 0 0 2 4 6 13 19 28 46 43 27 29 46 78 72 74 76 55 56 67 34 41 64 63 53 37 74 86 57 46 57 65
64 88 73 81 78 62 76 36 54 46 22 38 80 86 88 62 47 53 65 65 61 56 65 47 59 59 69 49 42 33 23 13 8 7 7 2 2 2 1 1 0 0 0 0 1 1 0 0 0 3 8 5 18 5 16 6 8 6 2 1 1 1 0 0 0 1 3 7 10 20 38 34 23 40 63 44 60 76 76 88 76 61 52 44 11 22 28 46 68 81 87 64 84 57 54 61
46 85 64 77 77 66 87 64 40 73 51 41 68 76 72 64 72 51 76 86 87 68 57 42 78 64 64 49 33 21 23 17 13 12 9 5 3 2 1 1 1 0 0 0 1 0 1 0 0 1 2 4 22 10 21 17 5 7 2 3 0 0 0 0 1 2 5 4 10 20 41 54 62 53 70 76 79 76 69 84 82 49 30 24 13 23 47 66 60 90 61 71 81 84 59 58
49 80 68 62 79 56 62 26 44 75 55 32 11 53 65 64 72 54 48 79 84 46 70 36 67 53 65 48 35 14 20 32 30 22 18 5 2 2 2 1 0 0 0 0 1 0 1 0 0 0 2 7 21 4 5 2 6 7 6 2 0 0 0 0 1 2 4 4 10 18 32 48 41 30 32 46 82 58 80 80 88 83 21 13 13 30 61 39 71 83 70 79 67 62 44 66
14 39 27 49 71 58 56 15 45 79 43 24 15 29 64 60 65 59 27 31 60 39 36 56 26 21 71 38 18 10 5 7 12 9 9 9 4 4 4 1 1 0 0 0 0 1 1 0 0 1 2 9 5 12 5 2 2 1 1 1 1 0 0 0 0 1 2 3 5 11 19 16 24 40 44 60 87 89 72 62 76 82 59 14 6 22 24 47 78 66 60 29 22 30 44 63
14 39 66 50 56 40 68 42 54 80 64 32 27 25 60 76 44 9 10 21 29 17 23 63 30 14 55 39 47 13 1 10 21 15 6 12 9 5 2 1 0 0 0 0 0 1 1 0 0 2 3 6 2 4 2 3 1 0 1 1 1 0 0 0 1 1 1 2 2 8 16 22 42 42 54 81 89 88 82 46 49 60 52 21 6 15 35 60 56 28 28 59 61 58 63 75
23 14 13 17 25 39 71 26 59 60 82 46 25 19 23 18 12 9 10 24 20 17 12 53 15 33 42 28 49 55 18 10 11 7 9 11 8 4 3 1 1 0 0 0 0 0 1 0 0 1 3 5 0 2 2 4 1 0 1 1 0 0 0 0 0 1 10 6 12 29 41 65 71 54 71 93 89 87 81 59 12 27 43 38 9 16 31 54 41 44 86 64 46 53 41 76
26 29 13 12 23 37 60 50 32 48 75 45 15 7 22 23 9 25 8 10 16 13 10 55 13 10 35 25 31 44 24 16 19 6 3 3 1 2 1 1 1 1 0 0 0 0 0 0 0 1 2 3 0 1 1 1 2 2 0 0 0 0 0 0 0 2 4 13 35 46 76 52 31 48 80 92 87 77 74 75 55 14 42 35 8 17 34 33 26 72 67 49 63 79 21 11
26 34 21 14 18 12 52 58 46 18 77 36 10 3 17 15 22 26 16 10 11 16 3 18 38 3 10 12 32 60 18 4 7 4 8 7 4 3 2 1 1 0 1 0 0 0 0 0 0 1 3 3 1 1 1 1 1 1 0 0 0 0 0 0 0 2 4 17 28 30 15 22 46 57 76 77 83 71 62 43 57 18 12 16 15 29 22 18 57 85 45 58 66 74 66 23
36 24 21 8 8 9 36 62 25 22 56 47 24 3 14 15 31 23 18 11 11 22 8 9 62 8 14 12 27 30 32 20 17 17 12 7 6 4 3 1 0 0 0 0 0 0 0 0 0 2 5 3 1 1 1 0 0 1 1 0 0 0 0 0 1 4 16 18 14 11 29 38 55 86 76 64 79 45 26 19 47 25 12 3 5 19 22 40 79 51 42 55 77 63 64 31
63 13 22 9 7 10 20 24 7 6 63 33 4 2 11 14 29 19 28 17 21 15 14 10 24 10 4 13 18 17 29 30 15 8 5 2 3 4 3 2 1 0 0 0 0 0 0 0 0 1 3 2 1 0 0 0 0 0 0 0 0 0 0 0 1 5 7 5 5 11 36 46 78 83 80 55 36 50 15 16 41 12 3 2 9 29 40 55 64 22 56 83 73 68 78 40
14 21 9 7 5 4 6 10 7 11 41 15 7 2 7 10 22 7 19 12 11 14 12 9 14 19 8 4 2 10 11 25 9 5 6 4 2 1 2 1 0 0 0 0 0 0 0 0 1 2 2 0 0 0 0 0 0 0 0 0 0 0 0 0 1 3 1 1 8 27 39 47 81 85 64 48 27 36 36 8 13 10 3 3 11 15 32 60 33 36 76 65 63 65 59 51
13 8 16 15 5 5 2 3 2 4 10 4 12 4 3 8 22 7 4 12 5 3 1 16 16 27 2 2 1 3 16 25 23 8 3 2 2 1 1 0 0 0 0 0 0 0 0 0 0 1 1 1 0 0 0 0 0 0 0 0 0 0 0 0 1 1 0 2 13 28 44 73 71 68 61 50 29 20 31 11 5 6 2 3 9 15 42 49 32 24 31 52 44 39 55 62
23 12 7 17 18 9 7 2 1 6 4 3 10 11 3 5 12 12 3 3 3 3 3 32 13 15 7 0 1 1 3 5 20 15 5 3 1 1 0 0 1 0 0 0 0 0 0 0 0 1 1 1 1 0 0 0 0 0 0 0 0 0 0 0 0 0 1 4 15 47 58 78 74 55 29 11 8 8 11 10 7 2 1 2 7 10 27 24 15 12 28 26 18 34 52 66
25 13 5 8 11 17 6 2 1 4 4 2 2 4 2 3 5 8 2 2 2 1 1 4 1 3 11 1 1 1 1 3 14 15 6 2 3 6 4 2 1 0 0 0 0 0 0 0 0 0 0 0 1 0 0 0 0 0 0 0 0 0 0 0 0 0 1 3 18 72 67 64 77 65 28 12 3 1 3 5 4 1 0 1 4 9 19 10 6 22 32 41 70 57 71 64
53 23 9 3 7 11 17 1 2 5 5 3 1 2 1 1 3 8 2 1 1 1 0 2 0 1 4 3 0 1 0 1 5 29 13 4 2 1 1 0 0 0 0 0 0 0 0 0 0 0 0 0 0 1 0 0 0 0 0 0 0 0 0 0 0 2 4 15 37 42 76 77 57 68 52 21 8 3 1 1 2 1 0 0 1 3 4 2 7 20 30 68 70 61 57 62
33 69 18 6 2 3 3 2 3 4 3 2 3 1 1 0 1 8 2 1 1 1 0 1 1 0 2 3 1 1 1 0 2 7 21 8 3 3 3 2 1 0 0 0 0 0 0 0 0 0 0 0 0 0 0 0 0 0 0 0 0 0 0 0 1 3 7 6 15 38 64 54 43 39 60 25 8 2 1 0 0 0 0 0 1 1 1 4 13 24 55 60 39 53 64 64
6 45 54 25 7 3 1 5 2 1 1 1 4 2 1 1 1 6 3 1 1 0 0 1 1 0 1 1 1 1 1 0 2 1 2 14 3 1 1 1 1 0 0 0 0 0 0 0 0 0 0 0 0 0 0 0 0 0 0 0 0 0 0 0 0 0 1 5 44 51 51 46 29 31 27 20 9 3 3 1 0 0 0 0 2 6 5 3 9 28 29 22 27 51 68 61
3 20 22 41 11 5 2 4 4 1 2 1 1 1 2 1 1 1 5 1 0 0 0 0 1 0 1 1 0 1 1 0 1 1 2 1 11 4 3 1 0 0 0 0 0 0 0 0 0 0 0 0 0 0 0 0 0 0 0 0 0 0 0 0 1 1 3 6 33 59 51 61 44 9 9 12 6 5 3 1 0 0 0 0 2 4 14 24 9 8 8 21 39 53 77 55
6 10 7 21 7 3 3 3 3 2 1 1 1 2 2 1 1 1 2 1 0 0 0 1 1 1 1 1 0 0 1 1 0 1 1 3 3 1 5 1 0 0 0 0 0 0 0 0 0 0 0 0 0 0 0 0 0 0 0 0 0 0 0 0 0 1 2 13 31 40 75 60 51 21 6 3 5 3 2 1 0 0 0 1 3 6 17 37 34 27 32 22 42 53 79 67
4 8 2 8 7 8 4 3 2 2 1 1 1 1 1 1 1 1 0 1 1 0 0 0 0 1 1 1 0 0 0 0 0 1 2 3 3 1 6 1 1 1 0 0 0 0 0 0 0 0 0 0 0 0 0 0 0 0 0 0 0 0 0 0 0 1 3 7 28 20 59 52 34 24 26 6 4 2 1 0 0 0 0 1 4 11 20 34 51 48 45 45 41 68 91 78
5 3 4 2 3 1 2 2 7 4 1 0 1 1 1 1 0 0 1 1 1 0 0 0 0 1 0 1 0 0 0 0 0 0 5 7 3 2 1 1 1 0 0 0 0 0 0 0 0 0 0 0 0 0 0 0 0 0 0 0 0 0 0 0 0 1 3 17 33 44 46 52 37 19 11 10 3 2 0 0 0 0 1 0 1 8 13 23 38 26 48 55 75 91 91 75
1 4 2 1 1 1 1 1 1 1 1 1 0 0 0 0 0 0 0 1 0 0 0 0 0 1 0 0 0 0 0 0 0 1 2 4 6 13 10 5 1 0 0 0 0 0 0 0 0 0 0 0 0 0 0 0 0 0 0 0 0 0 0 0 0 2 10 25 33 47 47 47 38 23 5 3 3 1 0 0 0 1 3 2 2 1 3 6 12 31 38 68 68 89 87 67
1 1 1 1 0 0 0 0 0 0 0 0 0 0 0 0 0 0 0 0 0 0 0 0 0 0 0 0 0 0 0 0 0 0 1 1 1 1 1 0 0 0 0 0 0 0 0 0 0 0 0 0 0 0 0 0 0 0 0 0 0 0 0 0 1 1 3 7 26 45 25 47 20 11 3 2 1 1 0 0 0 1 2 5 14 8 12 12 26 51 58 64 79 77 64 48
0 0 0 0 0 0 0 0 0 0 0 0 0 0 0 0 0 0 0 0 0 0 0 0 0 0 0 0 0 0 0 0 0 0 0 0 0 0 0 0 0 0 0 0 0 0 0 0 0 0 0 0 0 0 0 0 0 0 0 0 0 0 0 0 1 2 2 7 15 12 17 24 18 6 2 1 0 0 0 0 0 0 1 3 6 20 34 35 51 76 70 52 67 47 51 37
1 0 0 0 0 0 0 1 0 0 1 1 1 2 0 0 0 0 0 0 0 0 0 0 0 0 0 0 0 0 0 0 0 0 0 0 0 0 0 0 0 0 0 0 0 0 0 0 0 0 0 0 0 0 0 0 0 0 0 0 0 0 0 0 0 1 2 10 8 10 16 9 7 2 1 0 0 0 0 0 0 1 2 4 7 23 67 61 26 35 74 84 50 16 18 29
2 1 0 1 1 1 1 2 1 1 3 3 5 3 2 1 0 0 0 0 0 0 0 0 0 0 0 0 0 0 0 0 0 0 0 0 0 0 0 0 0 0 0 0 0 0 0 0 0 0 0 0 0 0 0 0 0 0 0 0 0 0 0 0 0 2 3 2 5 6 6 4 4 1 0 0 0 0 0 0 1 2 4 8 27 35 27 9 20 58 87 80 72 17 6 8
5 1 1 3 3 3 4 5 5 6 6 5 5 9 4 2 1 1 0 0 0 0 0 0 0 0 0 0 0 0 0 0 0 0 0 0 0 0 0 0 0 0 0 0 0 0 0 0 0 0 0 0 0 0 0 0 0 0 0 0 0 0 0 0 1 2 5 2 1 1 2 2 1 0 0 0 0 0 0 1 2 3 8 22 19 6 3 9 29 77 82 63 35 32 3 1
8 5 2 9 8 15 9 11 18 11 16 10 17 9 5 4 5 2 0 1 1 0 0 0 0 0 0 0 0 0 0 0 0 0 0 0 0 0 0 0 0 0 0 0 0 0 0 0 0 0 0 0 0 0 0 0 0 0 0 0 0 0 0 0 1 2 4 3 1 2 1 1 0 0 0 0 0 0 0 1 3 7 6 4 2 1 7 20 42 62 60 49 16 32 5 1
18 13 8 21 38 57 39 30 48 36 30 20 43 29 21 12 4 1 1 3 1 0 0 0 0 0 0 0 0 0 0 0 0 0 0 0 0 0 0 0 0 0 0 0 0 0 0 0 0 0 0 0 0 0 0 0 0 0 0 0 0 0 0 0 0 2 6 3 1 0 1 0 0 0 0 0 0 0 0 0 2 3 2 0 2 7 14 43 59 40 42 21 8 11 15 1
56 57 42 31 33 29 17 10 31 17 18 16 18 27 26 6 6 5 5 5 2 0 0 0 1 0 0 0 0 0 0 0 0 0 0 0 0 0 0 0 0 0 0 0 0 0 0 0 0 0 0 0 0 0 0 0 0 0 0 0 0 0 0 0 0 2 6 5 1 1 0 0 0 0 0 0 0 0 0 0 0 0 0 1 4 9 18 58 64 81 29 4 3 4 7 1
43 30 53 31 26 35 26 20 14 10 17 27 14 9 18 34 23 6 1 1 1 0 0 0 0 0 0 0 0 0 0 0 0 0 0 0 0 0 0 0 0 0 0 0 0 0 0 0 0 0 0 0 0 0 0 0 0 0 0 0 0 0 0 0 0 1 3 7 2 1 0 0 0 0 0 0 0 0 0 0 0 0 1 4 6 10 34 30 45 54 44 7 1 0 3 2
40 13 40 36 11 4 13 18 20 16 8 6 35 8 12 23 9 6 3 1 1 0 1 0 0 1 0 0 0 0 0 0 0 0 0 0 0 0 0 0 0 0 0 0 0 0 0 0 0 0 0 0 0 0 0 0 0 0 0 0 0 0 0 0 0 0 1 3 2 1 0 0 0 0 0 0 0 0 0 0 0 1 2 4 12 24 31 26 18 15 42 9 1 0 0 1
