sesion_6_simulaciones/modelos_agentes/ejemplos_netlogo/scenarios/cgcm2_a2/rob_2073.asc
NCOLS 322 
NROWS 307 
XLLCORNER 451900 
YLLCORNER 4086900 
CELLSIZE 100 
NODATA_value -9999 
[rows 74 to 147 of 307, columns 96 to 191 of 322]
11 40 21 10 10 12 12 36 13 12 8 43 16 63 49 26 4 2 2 3 21 13 5 2 3 1 1 0 1 1 0 1 1 2 1 0 0 0 1 0 0 0 1 0 0 1 2 0 0 1 1 3 9 4 5 2 4 6 14 9 7 39 30 21 32 42 22 33 40 45 38 46 31 50 20 21 39 48 38 36 17 43 64 59 45 27 31 37 24 30 23 22 19 9 2 1
15 20 16 12 9 11 16 35 17 25 34 19 8 15 16 33 16 16 24 33 65 17 15 10 2 5 1 0 1 0 1 9 2 2 3 1 0 0 0 0 0 1 2 1 3 2 2 5 13 1 1 0 1 5 1 2 4 10 7 4 10 11 33 21 28 18 17 20 31 42 20 55 18 24 19 11 38 20 13 39 50 44 21 24 35 36 33 32 46 44 53 51 31 21 8 4
24 15 12 16 9 19 9 36 14 37 38 10 17 35 27 15 20 42 18 41 39 47 32 30 4 2 1 0 1 1 4 7 4 2 3 3 3 1 1 2 0 0 1 0 1 4 1 2 2 4 1 0 1 1 1 2 3 8 3 6 5 2 13 13 19 10 22 12 39 23 10 30 18 16 18 18 12 7 47 29 27 28 45 33 52 57 55 67 72 58 62 59 43 29 19 12
27 8 24 21 13 11 15 24 21 28 59 21 29 17 21 30 51 23 45 36 58 61 27 14 21 1 1 1 3 2 5 1 4 1 6 1 10 2 2 5 0 0 0 0 1 1 5 7 4 11 6 4 2 0 0 1 3 1 2 1 3 1 10 8 11 6 13 11 15 5 4 5 14 4 12 5 6 9 30 19 33 32 31 50 70 68 76 62 63 74 54 56 40 34 25 20
28 14 20 22 29 15 18 22 9 50 68 57 29 17 38 27 38 46 65 29 25 41 43 55 12 7 8 9 17 5 4 2 3 4 0 1 2 3 4 4 2 0 0 0 1 2 8 5 2 22 13 6 6 4 3 1 1 1 1 1 1 2 1 3 2 4 4 6 4 2 2 2 11 6 2 1 7 13 12 14 35 61 73 66 71 77 52 63 69 52 56 41 33 35 34 50
46 47 17 43 54 26 9 28 10 26 35 59 42 25 26 4 40 73 37 33 39 21 50 52 16 9 29 40 30 23 32 5 1 1 1 6 6 1 2 3 6 0 0 1 2 2 6 25 18 21 21 15 14 3 10 7 6 1 0 0 2 4 1 1 1 2 2 3 1 1 6 10 6 5 20 15 6 3 13 39 43 55 59 58 51 67 68 79 63 46 46 35 32 47 68 48
77 84 60 57 18 15 11 10 11 35 17 10 44 52 10 32 64 34 20 17 32 11 6 36 39 38 39 36 43 24 42 25 5 5 6 11 3 3 0 2 11 2 1 1 3 10 4 5 22 11 22 40 19 13 15 5 10 14 13 7 6 1 6 2 1 0 3 4 5 8 4 0 0 1 2 17 19 38 10 31 41 32 61 47 46 49 68 75 60 54 51 41 71 70 36 33
63 55 72 17 14 14 23 18 14 20 23 5 13 22 25 34 14 49 42 30 24 29 5 10 45 62 46 22 16 35 14 8 23 22 20 8 16 11 3 2 12 7 1 1 6 5 3 2 8 4 35 43 14 51 24 8 25 8 6 5 13 2 6 8 7 2 5 7 16 3 9 2 1 1 2 2 6 35 35 31 16 31 54 52 33 46 73 61 56 53 54 61 75 63 34 57
81 80 67 35 31 38 41 26 18 19 32 4 15 27 35 17 17 67 38 24 40 63 29 31 49 88 42 7 19 16 10 10 2 6 41 12 5 4 5 8 19 12 4 2 4 4 4 7 8 25 26 63 50 55 26 25 27 13 22 9 14 8 8 5 6 8 2 3 13 6 15 20 17 9 3 4 6 3 29 52 63 18 38 38 27 67 53 34 48 64 55 75 52 49 40 71
36 57 80 76 16 17 40 39 57 27 29 8 27 54 33 10 19 80 24 39 30 34 21 61 31 37 19 29 33 20 13 15 6 23 54 27 19 4 4 15 6 2 5 1 3 2 3 6 9 13 11 55 46 61 41 33 46 20 33 26 16 20 8 7 11 5 14 4 13 21 31 29 16 7 8 2 3 9 6 51 41 32 11 36 56 22 33 37 50 43 55 47 30 42 43 84
24 35 47 63 68 20 35 27 19 51 42 19 28 53 39 23 37 73 40 34 19 15 66 69 56 44 18 51 39 24 9 4 36 71 65 52 43 9 15 14 9 1 4 2 4 6 8 6 11 4 2 20 63 74 39 51 35 33 59 42 22 10 6 4 18 5 26 15 12 27 36 28 8 4 9 7 11 10 9 20 54 60 50 23 11 38 51 59 49 66 26 40 42 66 42 75
23 37 54 42 63 64 55 53 28 40 58 15 31 62 46 52 41 51 52 63 62 15 41 45 77 62 60 66 52 55 29 65 76 60 57 78 62 14 14 22 7 2 5 3 4 7 9 7 11 8 16 20 68 73 44 27 39 70 60 54 22 7 14 17 31 18 48 37 28 13 53 25 30 21 18 8 8 13 14 13 29 65 39 61 53 16 45 16 52 24 24 47 36 69 47 63
22 16 10 10 29 53 30 17 24 34 39 21 46 70 51 19 40 31 50 66 73 62 26 31 33 37 71 84 48 58 76 78 80 58 65 58 52 56 25 33 13 27 14 16 5 9 15 22 17 20 13 25 64 88 58 44 68 61 71 58 25 18 16 18 55 27 44 40 31 19 38 28 15 4 11 6 2 8 15 10 5 49 64 47 36 67 43 44 42 47 43 54 67 67 73 38
16 8 1 4 27 27 8 15 20 31 17 33 66 59 26 14 24 34 60 58 71 89 54 27 23 33 79 76 82 35 80 64 58 65 83 76 51 64 34 43 29 64 18 31 20 11 13 9 13 16 16 19 34 82 62 76 65 76 87 55 27 30 28 46 48 33 48 40 30 7 10 15 31 18 20 9 3 6 9 18 30 7 54 57 53 62 69 79 88 58 80 81 68 40 79 28
23 20 7 4 25 18 12 20 27 19 26 37 50 58 26 10 55 57 43 47 53 66 80 77 54 36 60 73 83 76 70 84 78 44 45 33 35 69 21 30 78 55 28 13 11 15 8 14 24 35 41 21 29 53 58 71 66 81 82 63 50 61 59 55 60 17 41 46 31 12 11 33 42 26 12 34 8 5 9 14 25 19 11 49 64 83 65 36 39 57 58 79 67 42 56 71
26 12 12 5 14 10 7 39 21 19 15 24 69 45 20 11 55 37 54 63 59 69 80 77 76 46 56 26 46 78 62 67 71 61 58 56 41 31 42 81 38 43 14 7 12 26 15 20 31 43 36 37 25 31 25 58 71 75 83 59 46 56 48 73 70 35 50 57 17 6 7 27 17 18 54 34 9 8 3 14 16 32 38 14 54 77 71 67 68 57 39 36 55 37 23 46
14 15 7 5 4 4 4 27 24 10 33 51 70 67 22 10 37 13 42 78 76 75 43 57 77 62 60 50 74 91 86 80 56 68 51 31 35 28 59 28 29 20 9 30 56 30 20 23 21 22 24 26 21 22 8 14 56 71 84 52 69 63 75 84 85 36 72 47 37 17 9 19 35 42 66 14 8 33 6 12 14 21 40 33 13 59 60 41 25 38 35 34 27 41 44 41
30 25 16 8 7 3 3 8 19 22 26 60 44 33 47 20 47 14 8 33 40 74 51 50 47 29 51 69 87 92 75 81 84 79 73 40 24 33 76 17 43 41 55 57 60 30 44 12 9 18 46 50 60 57 57 24 10 8 40 56 55 65 78 86 86 57 89 59 55 42 20 23 37 74 45 11 24 20 10 6 16 28 35 35 32 8 25 48 36 38 23 36 61 69 60 59
17 14 7 5 6 4 2 1 10 25 36 39 36 16 18 9 49 23 11 48 42 50 38 48 58 51 41 70 46 73 77 75 77 67 22 32 41 48 42 20 64 60 76 60 47 25 57 43 48 32 43 42 47 35 45 17 7 8 11 41 67 85 78 86 76 46 79 70 34 23 35 50 34 52 27 24 48 28 27 29 23 30 25 31 40 25 7 14 21 26 50 59 69 70 69 62
9 7 8 8 6 5 5 2 3 9 23 34 36 28 15 10 51 18 7 30 23 29 33 45 34 57 55 64 48 18 42 49 38 28 48 48 67 79 47 44 27 65 90 52 32 66 55 39 56 33 42 35 26 35 37 45 26 12 14 66 83 79 83 89 84 82 79 83 63 21 47 34 29 11 16 50 29 10 22 12 16 23 24 27 38 26 35 15 6 31 53 75 82 76 74 50
13 6 17 23 14 12 11 11 7 9 16 26 21 17 16 9 28 12 5 14 26 22 17 23 28 49 48 49 51 39 19 16 24 45 46 75 83 53 63 66 46 82 87 55 71 60 53 27 71 38 56 45 61 70 71 59 39 16 19 33 79 72 87 87 82 75 80 85 76 43 32 42 41 33 32 30 39 63 16 19 10 11 30 27 17 34 51 48 18 21 32 29 48 56 61 53
35 31 24 35 33 25 25 24 14 4 8 12 11 13 10 12 10 8 7 13 13 16 8 13 23 29 38 38 40 48 15 21 26 45 84 87 68 44 73 79 63 75 80 65 57 64 56 40 69 50 43 63 57 68 72 61 43 22 14 19 25 72 83 85 77 68 84 76 51 19 33 55 24 39 61 45 53 22 7 27 11 15 24 26 57 38 26 32 43 46 44 24 15 17 29 34
43 24 38 37 43 33 45 27 16 15 2 4 3 7 11 7 10 9 4 5 13 13 9 9 9 11 40 34 32 16 22 9 35 80 77 78 35 61 87 69 52 57 63 28 37 82 53 70 72 66 46 68 80 56 34 41 48 50 41 26 31 48 70 76 77 72 55 60 31 29 45 41 33 48 56 63 46 26 21 25 20 9 21 53 54 55 39 36 43 49 62 61 45 21 13 25
36 40 47 33 47 43 32 31 27 26 25 12 6 2 3 4 8 7 3 3 7 4 4 5 5 10 30 45 25 17 26 8 46 74 61 39 45 81 89 77 41 52 46 36 79 70 51 48 83 77 43 54 57 74 62 44 17 30 36 46 40 48 38 52 34 56 61 55 28 46 55 51 41 37 55 48 38 45 11 5 23 16 24 41 57 47 43 38 29 39 56 52 51 30 28 11
48 35 49 52 51 35 36 44 28 32 21 21 17 9 5 2 3 6 3 4 6 5 3 4 3 8 10 33 9 10 27 10 34 59 32 39 48 67 62 64 52 55 35 74 78 33 56 86 83 74 75 36 21 32 28 40 21 29 48 56 43 57 41 28 28 43 35 32 27 55 48 61 31 53 58 48 64 25 23 11 29 9 11 17 27 52 55 39 31 26 51 44 52 50 47 25
31 24 51 54 28 38 20 24 43 36 24 25 22 19 13 5 2 1 1 1 1 1 3 3 1 3 4 5 5 28 15 7 11 13 20 53 57 67 90 74 66 51 64 66 60 46 53 89 84 75 88 70 46 59 59 42 25 22 13 26 61 46 38 24 27 44 33 27 38 46 57 62 51 24 28 27 37 26 17 20 3 25 15 24 30 45 46 50 61 43 44 49 56 69 50 39
17 32 71 48 48 28 55 32 50 46 30 31 24 10 9 9 8 6 6 6 6 4 2 2 2 1 2 2 8 29 5 9 13 7 30 60 65 27 58 53 62 51 51 65 53 53 69 88 83 82 85 84 45 32 31 29 31 40 34 9 13 29 27 27 28 34 27 30 27 44 51 63 52 52 15 27 37 21 7 7 24 10 6 24 34 37 47 58 49 66 55 68 69 67 57 52
22 38 60 40 38 38 26 32 51 40 38 32 25 22 12 16 9 13 14 14 9 14 6 5 9 5 1 2 4 16 5 10 15 12 25 33 32 37 28 16 55 64 46 37 47 73 86 86 79 70 80 78 60 44 52 62 61 48 41 19 5 25 19 15 27 22 20 24 37 44 39 46 38 34 42 35 21 32 57 58 39 48 19 23 23 28 35 49 64 55 74 70 65 68 69 68
21 54 21 28 39 32 33 22 42 44 22 17 36 20 17 13 12 15 17 17 18 16 14 12 8 9 3 0 2 7 3 6 11 15 22 24 27 35 35 17 31 69 57 28 59 61 87 82 42 35 47 69 82 73 58 58 54 44 28 14 7 28 15 8 13 17 22 36 40 46 40 43 44 58 67 69 48 69 64 55 40 28 14 8 9 23 47 48 50 59 70 73 74 80 74 73
48 17 26 24 20 33 39 32 16 21 28 34 32 30 15 21 19 20 20 31 30 20 28 17 23 11 9 2 1 5 3 4 8 12 24 27 34 34 33 13 20 38 51 22 53 54 77 50 27 29 53 59 81 76 69 55 56 46 26 21 7 12 10 7 22 17 28 50 44 45 45 40 68 70 85 66 70 55 60 29 11 6 7 16 4 17 34 36 60 75 68 56 44 43 38 40
13 18 33 60 56 40 16 11 15 38 37 34 19 33 31 31 28 37 34 35 34 32 26 28 25 15 6 5 1 1 1 2 2 10 17 42 54 35 35 18 15 15 21 7 22 36 27 34 35 47 48 69 86 77 72 73 69 59 54 33 12 9 10 5 17 25 34 27 24 36 57 54 58 61 62 68 64 46 25 19 17 8 23 20 50 28 12 36 64 57 48 54 56 56 54 55
31 46 38 13 13 21 27 13 25 41 40 36 33 34 32 45 31 39 40 48 23 46 43 36 24 12 5 4 1 1 0 1 1 5 13 23 24 35 41 22 26 20 23 8 18 29 40 70 79 77 88 72 87 84 80 68 72 53 42 29 10 12 10 4 4 10 15 34 44 40 52 71 44 47 44 58 60 18 9 16 11 16 44 30 51 29 52 29 39 41 50 54 52 61 66 62
37 21 30 30 29 19 28 16 39 39 38 40 57 40 52 47 46 61 53 39 43 46 54 24 29 17 11 3 2 2 0 0 0 2 8 12 30 45 43 18 11 17 18 11 19 36 68 51 75 65 69 59 91 87 83 63 48 38 28 12 10 4 4 1 1 6 21 47 57 44 49 69 57 37 28 38 22 23 34 28 14 37 41 40 56 61 37 25 33 34 34 47 54 63 58 76
18 17 12 11 11 10 6 22 45 36 38 57 44 52 54 54 64 36 33 61 48 58 53 28 19 13 13 10 7 5 2 1 1 2 6 6 5 20 31 20 13 15 16 17 33 38 22 42 58 85 58 67 85 72 79 71 55 36 17 11 8 4 1 3 1 4 19 32 59 45 47 21 33 41 28 42 41 37 27 21 20 41 40 43 54 44 20 39 13 21 38 54 58 41 71 73
10 15 26 31 28 15 15 25 39 55 51 50 40 51 71 73 51 36 38 68 54 36 37 32 21 15 17 15 9 6 5 4 2 1 5 7 3 4 4 3 4 9 11 16 28 24 31 48 82 43 34 55 87 75 65 45 38 31 31 20 7 5 1 2 1 3 13 21 34 42 40 28 45 32 37 44 54 60 53 43 39 67 45 34 34 40 46 61 51 27 27 35 34 55 63 58
17 35 24 51 21 20 24 41 39 52 52 22 24 53 53 44 37 39 54 76 44 38 38 36 24 23 16 13 8 5 3 3 4 2 1 4 6 3 2 3 3 7 8 8 12 23 37 24 70 34 49 72 86 64 43 42 34 18 13 16 9 7 1 2 1 2 6 7 21 25 40 45 54 46 70 70 82 43 26 12 59 62 66 44 13 50 64 81 69 54 58 32 59 51 43 80
29 31 53 47 24 40 36 40 59 51 40 28 35 56 40 62 26 41 75 49 39 35 41 40 42 34 21 14 6 9 6 5 5 4 1 1 3 2 2 2 2 5 5 6 10 19 27 23 17 30 58 81 82 58 48 41 22 20 17 12 9 3 3 2 1 2 8 19 32 38 47 51 60 68 73 64 28 26 15 50 59 71 77 81 39 57 80 78 64 51 37 47 37 52 37 53
40 51 27 20 31 36 36 61 27 42 18 37 45 78 59 43 28 64 26 24 53 35 29 23 28 24 23 22 21 12 15 13 7 6 3 2 0 3 2 2 2 2 2 6 12 28 13 24 8 12 40 67 90 84 54 40 30 12 17 10 8 3 4 1 1 3 12 29 52 55 51 58 63 55 47 48 39 47 54 63 65 74 65 82 71 64 62 28 15 9 27 67 57 46 33 37
51 34 24 19 27 38 54 10 52 18 22 41 64 70 51 24 58 50 38 19 21 36 15 16 30 29 40 23 31 31 21 20 9 8 5 3 2 1 1 1 2 2 3 7 9 17 3 15 4 22 35 17 67 78 49 30 15 11 10 4 9 9 3 1 1 8 18 23 30 38 42 45 51 51 68 71 63 61 58 49 62 56 45 75 68 47 37 42 50 47 66 23 49 47 30 31
16 33 27 20 31 51 58 15 38 34 53 35 70 41 26 44 56 26 32 29 65 45 28 23 34 53 39 51 45 52 26 11 3 13 7 7 6 2 1 0 1 3 3 6 7 2 9 14 4 17 16 55 66 44 43 37 33 19 10 5 9 7 5 3 1 1 8 19 26 27 34 40 53 45 39 36 33 32 72 34 62 72 55 53 42 31 64 67 59 69 58 40 35 52 58 59
78 18 34 33 45 24 38 49 45 34 54 47 38 30 32 69 28 40 34 67 61 40 51 41 27 56 60 61 74 54 42 15 6 7 5 4 6 6 5 0 0 2 4 5 2 5 29 8 3 15 52 62 69 31 29 38 22 16 12 6 8 4 3 2 1 1 3 7 14 19 9 23 21 21 35 46 40 38 63 58 52 69 86 48 36 55 53 60 74 61 42 57 41 52 43 57
72 88 80 85 75 45 8 5 51 24 62 76 84 71 49 59 56 68 47 63 51 52 55 49 48 59 74 81 53 57 39 26 25 15 10 12 4 5 7 2 0 2 3 4 2 2 3 3 1 16 33 69 66 22 32 31 28 16 8 10 7 3 3 1 1 1 11 15 20 35 42 49 61 52 32 31 41 70 63 72 76 60 63 76 49 53 66 66 51 30 60 70 35 34 51 61
51 83 68 74 65 52 66 26 54 37 15 36 80 84 87 52 38 52 62 61 55 50 63 51 64 67 78 66 67 65 56 43 32 28 28 11 8 10 5 3 2 0 1 2 5 3 3 1 2 10 26 16 38 16 37 22 28 21 11 6 5 6 2 1 0 4 11 23 30 48 65 54 34 46 65 42 55 69 72 88 78 67 64 61 19 34 34 50 69 78 83 47 68 34 36 50
39 81 50 74 68 52 84 53 38 69 46 35 69 79 70 57 68 48 79 89 88 74 57 41 77 66 73 65 56 47 54 46 44 44 35 24 15 8 4 4 4 1 1 1 4 2 4 1 2 3 7 12 47 26 45 42 22 25 10 11 2 2 2 1 2 7 16 15 29 46 65 70 72 59 73 74 76 74 68 85 84 56 43 42 24 34 54 70 61 90 56 64 72 73 36 40
47 71 56 57 79 48 59 20 46 71 57 30 11 60 67 61 73 56 57 83 87 52 78 37 72 63 73 61 58 33 45 65 62 59 52 23 10 8 9 6 2 2 1 1 5 2 4 1 1 1 6 20 46 12 18 9 21 26 22 8 2 1 1 0 3 6 16 15 31 42 55 66 55 36 34 45 80 57 80 82 89 87 32 28 25 44 69 45 74 85 70 77 60 45 31 47
12 34 20 50 72 52 56 11 49 82 39 23 17 35 70 65 70 69 32 46 69 54 50 66 30 34 81 54 35 24 15 21 35 33 35 32 18 18 15 6 3 1 0 0 2 2 3 2 0 3 8 25 19 31 17 9 10 7 4 3 3 2 1 1 2 5 9 11 19 29 39 29 33 46 46 61 87 89 75 68 82 86 72 27 16 38 33 55 82 68 60 24 15 18 25 42
12 44 67 48 63 36 68 47 59 84 65 38 37 39 72 83 53 12 13 27 39 24 38 75 41 22 69 56 66 29 3 25 50 42 22 39 33 23 7 3 1 1 0 0 0 3 4 1 1 8 11 18 8 14 10 10 2 2 5 5 3 1 0 1 3 3 4 6 9 23 33 34 50 46 57 80 89 88 84 55 64 76 71 41 16 29 48 69 62 32 30 56 52 44 53 65
20 13 13 18 26 41 73 26 66 69 86 57 41 34 33 24 18 14 15 34 29 28 22 69 31 56 61 49 63 77 41 26 30 24 29 36 29 18 11 7 2 1 0 0 0 1 3 2 1 4 11 20 2 6 8 18 6 2 3 4 1 1 0 1 2 6 32 24 33 51 56 71 76 58 71 93 90 89 82 65 25 50 64 62 20 30 47 68 50 49 86 62 39 41 37 72
23 32 14 16 27 49 69 58 40 60 79 62 29 15 37 35 15 38 14 18 26 25 24 70 28 25 61 48 55 68 47 38 47 21 11 12 6 7 6 5 6 3 1 0 0 1 0 1 1 3 9 10 1 6 4 4 8 9 2 1 1 1 0 2 2 7 13 33 58 64 86 61 36 51 81 93 89 81 81 82 71 34 64 63 19 32 54 48 35 73 70 51 58 72 20 8
26 36 29 18 26 19 66 73 66 33 81 55 23 9 32 30 38 41 28 19 24 31 8 36 64 9 26 31 61 81 40 11 24 17 27 27 19 14 8 6 4 2 2 1 0 0 0 0 1 3 12 10 2 4 5 3 5 3 2 1 1 0 1 1 1 8 15 37 55 55 30 30 51 59 77 80 85 78 77 64 78 42 32 38 31 50 40 30 67 86 51 60 65 69 59 18
37 28 31 14 14 18 53 82 48 44 71 69 48 9 31 31 53 41 35 26 28 45 21 24 80 23 35 35 61 59 62 45 42 46 37 27 25 17 13 4 2 1 2 1 0 0 0 1 2 7 17 11 2 4 3 1 1 3 3 2 0 0 0 2 5 14 41 43 35 23 42 45 58 87 78 67 86 63 49 42 70 50 33 9 12 41 40 58 87 65 50 59 78 60 58 28
72 17 33 18 15 23 40 51 17 17 79 60 11 6 29 32 54 45 56 44 49 41 39 30 46 31 16 35 48 44 55 62 39 25 24 10 16 15 13 9 3 2 1 0 0 0 0 1 1 4 12 8 3 2 1 1 1 1 1 1 1 1 0 1 5 21 24 17 13 21 46 54 80 86 85 69 56 73 36 39 66 36 12 5 24 54 64 74 79 37 61 85 75 68 74 36
19 35 15 16 14 11 19 31 24 31 68 35 18 7 22 27 52 21 46 35 33 41 38 26 38 48 28 16 7 30 32 54 29 18 23 17 9 5 8 7 2 1 1 0 0 0 0 1 4 7 9 2 2 2 1 1 1 0 0 0 0 0 1 2 6 14 7 4 17 40 47 53 83 86 75 65 55 61 64 24 36 28 11 9 29 36 59 80 58 53 80 72 68 66 56 49
18 14 28 29 13 14 6 10 8 12 28 14 37 17 10 24 49 23 16 42 19 14 7 39 43 51 10 10 4 13 41 56 51 25 15 8 8 4 4 2 2 2 1 0 0 0 0 1 2 3 5 3 1 1 1 1 2 1 0 0 0 0 1 2 8 4 2 7 28 43 52 77 75 78 71 68 53 45 60 31 17 21 8 10 26 37 65 70 59 46 47 57 51 42 54 61
33 22 15 36 38 23 21 8 5 18 14 11 32 36 12 21 34 36 14 15 13 17 12 63 36 35 24 3 5 4 13 18 43 38 23 12 7 4 2 2 6 2 1 1 0 0 0 0 3 3 3 3 4 1 1 2 1 1 0 0 0 0 0 3 3 1 3 14 32 62 64 82 81 66 47 27 23 24 32 32 25 8 6 11 20 29 53 51 36 25 44 34 22 36 52 66
36 26 15 23 27 40 19 7 2 16 16 8 8 17 9 11 22 28 12 9 9 5 5 16 5 12 30 5 6 5 3 12 38 41 20 10 12 24 18 9 3 1 0 0 1 0 0 0 1 2 1 2 3 1 1 1 2 1 0 0 0 0 0 1 0 1 4 10 32 79 75 69 82 77 50 28 10 4 11 20 14 6 2 6 16 28 41 26 16 39 48 50 74 60 72 65
72 41 24 9 20 31 45 6 10 18 21 12 4 9 9 5 12 28 9 7 6 4 2 8 2 4 20 12 3 7 2 3 16 55 36 16 7 4 4 2 2 2 1 0 0 0 0 0 0 1 1 2 2 3 1 0 1 1 0 0 0 0 0 0 2 10 14 35 59 56 80 84 72 80 72 45 25 11 3 4 12 7 2 1 5 12 15 7 17 39 45 74 76 64 58 63
61 84 39 21 7 12 11 10 11 17 13 8 16 5 7 3 3 25 12 7 4 3 1 5 6 1 9 13 4 6 4 1 7 22 47 25 13 12 13 8 3 1 1 0 0 0 0 0 0 0 2 2 2 1 2 1 0 0 0 0 0 0 0 1 3 13 24 17 28 51 74 68 63 63 78 50 23 8 3 2 2 2 0 2 5 3 4 11 30 42 71 74 46 57 65 64
19 74 81 55 24 13 4 20 8 6 6 7 18 9 5 4 3 20 14 9 3 1 1 3 7 1 5 6 4 6 3 2 7 6 8 36 12 3 7 6 3 1 1 1 0 0 0 0 0 0 1 1 2 1 1 1 0 0 0 0 0 0 0 1 2 2 3 16 63 66 63 58 49 50 55 45 23 11 9 3 1 0 0 2 7 19 18 12 22 48 51 35 34 54 69 64
12 49 58 70 37 19 9 18 17 5 11 7 9 8 12 7 3 8 18 4 3 2 0 2 5 2 3 4 1 6 7 1 6 6 7 3 32 15 12 6 2 1 1 0 0 0 0 0 0 0 0 1 0 1 2 0 0 0 0 0 0 0 0 1 2 5 12 19 54 70 64 75 61 22 22 30 20 18 11 6 1 0 0 2 7 13 35 48 25 21 19 31 47 57 79 58
26 35 28 53 27 13 13 13 15 11 8 7 8 11 9 7 6 6 10 7 2 2 1 3 6 5 3 4 1 2 7 3 1 3 5 11 14 3 19 6 2 1 1 1 0 0 0 0 0 0 0 0 0 1 2 1 0 0 0 0 0 0 0 1 2 5 10 31 51 61 84 75 72 44 16 9 15 12 9 6 1 0 1 5 9 18 40 61 58 47 50 32 49 57 81 71
16 31 11 31 31 26 18 13 11 10 5 4 4 6 6 8 4 5 3 6 4 1 1 2 1 4 3 4 2 1 2 1 1 3 6 11 12 5 23 4 4 3 1 1 0 0 0 0 0 0 0 0 0 0 3 1 0 0 0 0 0 0 0 1 2 4 10 19 50 38 74 71 56 48 54 20 16 10 3 1 0 0 1 5 16 30 43 57 69 55 58 53 46 70 91 79
23 16 16 11 17 8 11 10 27 20 8 2 4 4 3 6 3 3 3 3 3 2 1 0 2 3 1 3 2 1 1 0 2 2 21 24 10 7 3 6 4 2 1 1 0 0 0 0 0 0 0 0 0 0 2 0 0 0 0 0 0 0 0 0 2 5 10 35 56 64 68 73 60 43 30 29 14 7 2 1 0 2 3 1 5 20 33 46 57 40 58 61 76 91 90 80
9 19 9 8 7 5 5 4 5 6 3 3 2 2 2 2 2 2 2 3 3 2 1 0 0 3 1 2 1 2 1 0 2 7 9 17 25 44 36 19 3 2 1 0 0 0 0 0 0 0 0 0 0 0 0 1 1 0 0 0 0 0 0 1 2 10 31 52 58 71 71 67 66 50 18 12 14 4 2 0 0 4 11 8 7 4 11 18 26 44 46 73 70 90 91 77
5 8 4 5 2 2 2 1 2 2 1 2 2 1 1 1 1 1 1 1 2 1 1 0 1 1 1 2 2 1 1 0 0 2 3 3 4 3 4 1 2 1 1 0 0 0 0 0 0 0 0 0 0 0 0 0 0 0 0 0 0 0 0 2 5 5 12 22 52 67 46 74 49 38 14 7 5 4 2 0 1 2 10 17 38 26 32 28 42 61 65 69 80 83 79 70
1 1 2 1 1 1 1 1 1 2 1 1 1 1 1 1 0 0 0 1 1 1 1 0 1 1 2 0 1 1 0 0 0 0 0 0 0 1 2 1 1 0 0 0 0 0 0 0 0 0 0 0 0 0 0 0 0 0 0 0 0 0 0 2 3 10 8 22 37 31 43 55 46 24 8 5 2 1 0 0 1 1 6 10 18 39 60 53 66 82 76 60 74 65 71 62
4 1 0 1 1 1 1 3 2 2 5 6 5 8 2 2 1 0 0 0 0 0 0 0 1 1 1 1 1 1 1 0 0 0 0 1 0 0 0 1 2 2 1 1 0 0 0 0 0 0 0 0 0 0 0 0 0 0 0 0 0 0 0 1 2 7 9 31 26 30 45 28 29 9 5 2 0 0 0 1 1 4 8 16 21 43 79 77 38 44 78 87 65 36 41 55
14 6 2 5 5 5 6 11 6 8 15 17 23 17 10 5 3 1 1 0 0 0 0 0 0 1 1 1 0 1 0 0 0 0 1 0 0 0 0 1 1 1 0 0 0 0 0 0 0 0 0 0 0 0 0 0 0 0 0 0 0 0 0 1 2 9 12 9 15 22 25 17 22 6 3 1 0 0 1 2 5 9 15 24 52 58 50 19 31 66 89 85 87 35 20 25
24 9 6 17 17 19 19 21 22 25 24 20 22 35 18 9 6 4 3 1 1 1 0 0 0 0 1 1 1 0 0 0 0 0 0 1 0 0 0 0 0 1 0 0 0 0 0 0 0 0 0 0 0 0 0 0 0 0 0 0 0 0 0 1 4 10 18 9 5 5 10 10 5 3 1 0 0 0 2 4 10 11 26 50 48 20 10 23 44 83 88 76 61 58 10 4
29 22 12 31 29 42 29 32 49 34 45 33 47 32 22 18 23 11 3 5 3 1 1 1 0 0 0 0 0 0 0 0 0 0 0 0 0 1 1 0 0 1 1 1 0 0 0 0 0 0 0 0 0 0 0 0 0 0 0 0 0 0 0 1 3 10 16 12 3 9 5 4 2 1 0 0 0 1 2 3 10 27 21 17 6 5 16 38 57 73 75 70 38 61 18 4
41 35 24 47 64 79 67 57 73 63 58 45 72 61 55 43 18 7 7 13 5 1 2 2 2 1 0 0 0 0 0 0 0 0 0 0 0 0 1 1 0 0 0 0 0 0 0 0 0 0 0 0 0 0 0 0 0 0 0 0 0 0 0 1 2 9 21 12 4 3 4 2 1 0 0 0 0 1 2 2 11 13 8 2 6 20 32 60 72 56 63 41 25 34 43 4
71 74 65 54 59 59 42 28 62 41 41 38 42 56 59 26 25 26 23 19 11 2 0 1 3 1 1 1 0 0 0 0 0 0 0 0 0 0 0 0 0 0 0 0 0 0 0 0 0 0 0 0 0 0 0 0 0 0 0 0 0 0 0 0 1 8 28 23 4 5 2 1 0 0 0 0 0 1 2 3 3 1 1 6 14 23 36 77 77 90 53 13 10 14 23 5
65 49 76 60 55 67 59 49 38 30 44 56 36 28 43 68 59 27 6 5 5 1 0 0 1 2 1 1 1 0 0 0 0 0 0 0 0 0 0 0 0 0 0 0 0 0 0 0 0 0 0 0 0 0 0 0 0 0 0 0 0 0 0 0 1 5 15 31 12 5 1 0 0 0 0 0 0 1 2 0 0 1 6 13 18 25 58 54 68 76 71 18 4 2 11 10
67 29 69 69 35 18 37 43 51 48 28 23 68 28 31 55 32 23 15 8 6 2 3 1 2 3 1 1 1 0 0 0 0 0 0 0 0 0 0 0 0 0 0 0 0 0 0 0 0 0 0 0 0 0 0 0 0 0 0 0 0 0 0 0 1 1 3 16 12 4 1 0 0 0 0 0 0 0 0 0 1 5 7 12 31 47 55 49 42 37 67 27 6 1 2 3
