sesion_6_simulaciones/modelos_agentes/ejemplos_netlogo/scenarios/cgcm2_a2/rob_2063.asc
NCOLS 322 
NROWS 307 
XLLCORNER 451900 
YLLCORNER 4086900 
CELLSIZE 100 
NODATA_value -9999 
[rows 74 to 147 of 307, columns 96 to 191 of 322]
16 47 28 13 14 16 16 42 15 16 11 53 23 69 58 38 7 4 4 6 39 26 12 6 6 2 2 0 2 3 1 2 1 4 1 1 1 1 3 1 1 1 2 0 1 3 4 0 1 2 2 7 18 11 11 5 9 13 24 15 13 57 45 31 43 49 29 42 51 53 45 54 39 59 27 29 49 57 44 39 19 45 64 57 40 22 24 27 16 20 14 12 11 5 1 0
20 24 21 16 11 14 19 38 20 30 38 24 10 20 23 44 24 25 40 53 81 31 30 21 4 10 1 1 2 1 2 22 4 4 7 3 1 1 1 0 1 4 6 3 9 4 4 11 23 2 2 1 2 11 3 4 9 20 15 7 19 23 50 33 40 26 25 30 44 55 29 67 29 36 29 18 50 27 17 45 53 45 22 23 34 34 29 27 38 34 42 38 20 13 4 2
31 19 16 19 12 23 11 40 17 40 44 13 20 41 32 20 29 55 30 56 59 64 51 47 9 5 3 1 2 3 12 16 10 5 6 7 7 1 3 4 1 1 1 1 1 9 2 6 6 8 1 1 2 2 3 4 7 17 7 12 10 6 25 24 33 17 34 21 57 38 16 44 32 28 31 32 20 11 59 37 30 30 47 35 53 57 54 65 68 51 53 48 31 19 11 6
34 11 28 25 16 13 18 27 24 30 63 25 32 21 25 38 59 34 58 48 71 74 43 26 36 3 2 4 7 6 11 4 11 3 12 2 18 5 4 10 1 1 1 0 2 3 11 17 8 22 15 9 4 1 1 2 7 3 3 2 7 3 20 15 19 11 27 23 31 11 9 11 27 9 25 12 12 17 43 26 40 37 34 54 72 69 76 60 60 69 46 49 29 23 16 12
34 18 24 26 33 17 21 25 10 52 70 59 32 20 41 33 44 57 73 39 35 52 57 68 21 13 16 21 32 12 10 5 8 9 1 3 4 6 8 8 5 1 1 1 2 4 16 11 5 36 25 14 14 8 6 2 2 2 3 2 4 4 2 7 4 7 8 14 9 4 6 6 23 13 6 3 16 23 21 22 46 68 78 69 74 77 52 62 67 48 50 33 25 25 24 37
51 52 19 47 56 29 11 30 12 29 34 61 45 29 31 6 44 78 44 43 48 29 58 63 26 16 49 57 46 39 52 11 2 3 2 13 12 2 4 7 13 1 1 3 4 4 13 41 32 35 34 27 27 7 20 17 12 2 1 1 4 8 2 2 3 5 4 8 2 2 12 17 12 10 35 27 11 6 25 53 55 63 65 63 54 69 69 79 61 43 41 30 27 40 59 37
79 85 63 59 19 17 12 11 11 38 19 11 47 55 12 35 68 40 26 22 39 15 8 45 50 51 56 53 58 37 59 43 10 11 12 22 8 7 1 5 19 6 2 3 7 20 9 10 38 20 36 57 33 25 30 11 18 27 22 14 15 2 12 4 2 1 7 9 12 16 9 1 1 2 5 29 34 52 23 47 55 41 67 51 50 52 69 76 60 53 49 38 68 66 29 25
64 57 73 18 14 15 23 18 15 20 24 5 14 24 28 38 18 53 48 35 29 35 7 14 54 70 58 31 25 48 23 14 37 36 33 20 30 22 7 5 24 17 2 3 15 10 6 4 14 8 49 59 26 67 42 17 41 16 13 11 24 5 12 17 13 5 11 15 32 7 16 4 3 3 6 4 11 50 49 47 27 43 64 58 38 50 75 63 58 54 54 61 74 59 30 52
79 79 66 34 30 37 41 26 17 19 32 4 16 29 36 20 20 70 42 28 42 68 34 35 57 90 50 11 29 26 17 18 5 10 59 25 11 9 10 15 34 24 9 4 9 8 8 12 14 35 38 73 69 73 43 40 43 25 37 18 27 17 15 12 12 15 5 6 24 11 27 37 29 17 7 9 11 6 40 66 75 30 51 47 34 72 57 38 52 67 57 76 52 48 39 70
33 53 76 72 14 15 37 37 53 26 28 8 27 56 35 11 20 81 28 44 34 37 24 65 37 43 24 37 44 31 22 22 11 37 74 43 31 8 8 27 12 4 11 3 7 5 6 11 14 20 17 66 59 74 54 48 62 32 49 42 28 33 15 14 20 9 27 8 23 35 52 47 29 13 16 6 6 15 10 61 53 47 19 49 66 28 40 42 55 47 57 49 32 43 43 84
20 31 42 55 62 17 32 23 16 47 40 18 28 51 40 24 37 76 43 39 22 17 69 72 60 49 22 57 48 33 14 7 48 82 77 71 60 17 27 25 17 3 9 6 9 15 14 10 16 5 4 27 72 82 50 62 50 48 72 58 35 19 12 7 29 11 46 26 20 41 53 46 15 9 17 13 20 18 15 27 63 72 64 35 18 48 60 64 54 69 28 43 44 67 44 76
17 29 45 30 56 57 46 42 24 37 55 14 30 59 42 51 41 52 55 66 64 17 43 48 79 66 63 69 59 63 36 73 83 71 67 84 73 25 23 36 15 5 10 7 8 14 16 12 17 11 20 26 74 79 53 37 49 79 70 68 33 13 24 31 48 30 65 53 41 21 65 38 45 33 29 16 16 22 21 18 36 72 52 71 63 26 56 22 61 29 28 52 41 73 50 64
15 11 6 7 22 41 22 12 19 29 35 19 44 67 49 18 39 31 52 67 74 64 28 34 36 40 73 85 54 60 79 82 84 66 72 68 59 67 38 46 23 42 25 30 11 18 26 34 24 26 16 32 67 89 64 49 75 67 79 68 36 27 26 30 70 42 58 54 43 27 51 39 26 7 20 11 5 15 24 14 7 56 72 58 46 77 53 53 51 55 51 61 70 71 76 41
11 6 1 2 19 19 5 10 14 24 14 30 64 57 23 12 22 32 58 57 71 89 55 29 25 36 79 77 83 39 83 68 63 67 86 80 57 72 44 56 42 77 29 47 33 20 22 16 19 20 19 19 38 83 65 78 68 79 89 61 35 39 42 60 63 46 59 53 39 10 14 22 43 30 34 17 7 13 17 28 39 9 60 64 61 70 77 83 90 65 83 84 71 42 79 30
16 15 5 3 18 12 7 13 19 14 21 33 46 52 21 8 49 50 40 45 52 65 80 76 55 37 60 73 84 76 73 86 80 48 49 39 41 73 27 37 85 68 41 23 19 26 17 23 35 43 46 23 31 57 60 71 66 82 83 65 56 68 67 67 71 27 55 58 40 16 14 41 54 39 21 50 14 9 17 24 34 24 14 54 66 85 71 43 44 61 62 81 70 44 58 71
18 8 8 3 8 5 4 28 15 14 11 20 65 40 15 8 48 31 45 57 56 67 77 75 75 46 56 27 48 77 64 69 73 63 61 59 45 35 49 85 47 57 24 13 24 42 26 33 44 52 42 41 27 33 27 57 70 75 83 60 49 61 56 80 77 44 58 66 23 8 10 33 25 29 69 49 16 16 6 25 25 42 44 16 56 79 75 70 71 61 42 41 59 39 25 47
9 11 4 3 3 2 2 16 16 7 26 44 64 59 16 8 29 8 33 72 70 71 38 52 74 59 58 48 73 91 86 81 57 69 52 33 38 31 63 35 37 29 14 45 70 45 34 37 31 28 27 28 24 24 9 15 55 70 84 53 70 65 79 88 87 44 76 55 43 21 12 24 44 58 79 25 15 48 12 22 24 32 48 37 15 61 64 45 27 41 38 37 29 43 45 42
21 18 10 5 4 2 2 4 12 15 20 51 37 25 38 14 36 10 5 25 30 67 44 41 40 26 48 66 84 91 73 80 83 78 72 42 25 36 77 20 49 49 64 70 71 44 60 22 15 25 55 54 63 60 58 25 10 8 40 54 55 65 80 88 87 60 90 63 60 47 24 28 45 81 59 19 40 36 17 12 28 40 45 41 34 9 27 50 39 41 25 38 62 70 60 58
12 9 5 3 3 2 1 1 5 17 25 30 28 11 11 6 36 14 7 36 30 40 26 37 49 42 36 64 41 69 73 71 73 63 21 33 43 49 47 23 67 65 81 66 56 39 73 58 62 44 51 47 51 37 46 17 8 8 11 41 67 85 78 87 78 49 80 73 37 26 36 54 42 61 35 38 64 43 40 46 36 42 33 37 43 28 8 16 22 28 50 60 69 70 68 59
6 5 5 4 3 3 2 1 2 5 14 25 24 20 9 6 37 12 4 21 15 20 23 31 25 47 47 55 41 15 34 40 34 26 48 49 66 80 50 48 29 68 92 58 37 73 65 52 69 48 51 41 29 37 38 46 26 12 13 64 82 78 83 89 84 82 78 84 66 24 48 37 35 16 23 62 46 18 36 21 27 33 31 32 42 29 38 17 6 32 54 73 80 74 71 46
9 4 10 14 8 7 6 6 4 5 9 16 14 11 9 5 19 8 3 9 17 14 11 15 18 35 37 37 41 31 14 12 19 41 45 75 83 55 63 68 48 83 88 58 73 66 60 37 80 50 65 52 65 72 72 59 38 16 18 31 77 70 86 86 82 75 80 85 76 45 33 44 46 39 41 42 54 75 27 32 18 17 39 33 20 38 54 50 19 21 30 27 44 52 55 46
27 24 16 27 22 18 17 15 9 2 4 7 7 8 6 7 6 5 4 8 8 10 5 8 14 19 25 28 28 39 10 14 19 40 82 86 67 45 72 78 64 76 80 67 59 67 62 53 78 61 51 69 59 69 71 59 41 21 14 18 23 69 81 84 76 68 83 76 51 20 33 57 27 45 68 56 65 35 14 42 20 24 33 34 62 44 29 34 45 47 43 21 13 13 23 27
38 19 33 30 36 26 36 19 10 8 1 2 2 3 6 4 5 4 2 3 7 7 5 5 5 7 28 23 22 10 15 6 27 76 73 73 33 61 86 69 53 57 64 28 37 84 56 74 79 74 53 71 81 56 33 38 43 46 37 23 28 45 67 74 73 70 54 59 31 29 46 44 37 53 63 71 56 35 35 41 35 16 32 64 62 62 44 39 45 51 62 59 41 17 9 18
35 38 43 29 41 34 25 21 18 17 16 7 3 1 1 2 5 4 2 2 4 2 2 3 2 5 19 29 16 11 17 5 36 66 52 35 42 79 89 76 41 50 46 36 80 69 52 52 86 82 47 55 57 73 60 40 14 24 29 39 33 42 34 46 29 53 58 53 26 45 56 52 44 41 62 55 47 55 20 9 37 28 38 54 65 52 47 41 32 41 56 51 48 26 22 7
47 33 47 49 45 30 30 36 21 21 15 14 11 5 3 1 1 3 1 2 3 3 2 2 1 4 5 18 4 5 18 6 23 47 23 32 43 62 59 63 51 53 33 73 77 33 56 87 85 77 78 37 22 32 27 35 16 22 38 45 33 49 34 23 23 38 31 28 24 54 48 63 34 56 62 53 71 33 35 19 45 18 17 26 37 60 59 43 34 28 51 44 50 45 39 17
32 24 49 51 25 33 15 19 35 25 17 17 13 12 6 2 1 1 0 0 1 1 1 1 1 1 2 2 3 19 9 4 7 8 14 45 49 60 87 69 62 48 61 62 56 45 52 89 83 76 90 71 46 59 57 37 19 15 8 19 51 36 30 18 22 37 27 22 34 44 57 63 53 26 31 30 44 36 27 33 7 41 26 36 42 55 51 55 64 46 46 50 55 66 43 30
18 33 71 47 45 25 49 27 40 38 21 20 16 6 5 5 4 3 3 3 3 2 1 1 1 0 1 1 4 18 2 5 8 4 21 47 56 21 49 45 56 46 46 61 48 51 68 88 83 83 84 85 46 32 29 25 25 31 24 5 8 21 19 19 21 26 21 24 23 42 50 64 54 55 17 30 44 31 13 14 37 19 12 39 48 48 55 63 53 68 58 68 69 65 51 44
24 40 62 40 38 37 23 28 43 33 28 24 16 15 6 10 5 8 8 8 5 7 3 2 5 3 0 1 2 9 3 5 8 7 17 23 24 29 20 10 44 57 36 30 40 71 85 85 78 68 79 79 61 46 51 60 56 39 31 13 3 17 12 10 19 15 14 18 32 42 37 46 40 36 44 40 28 42 72 72 55 62 32 37 35 39 45 56 69 58 76 71 66 66 65 61
24 57 23 29 39 31 30 19 38 37 15 12 24 13 10 8 7 9 10 10 11 9 8 6 4 5 2 0 1 4 1 3 6 9 14 15 17 26 26 11 23 60 47 21 50 56 86 80 41 35 46 69 83 74 58 55 49 37 20 9 4 19 10 5 8 11 16 29 35 43 39 43 45 60 70 73 58 78 74 68 55 42 24 14 17 35 60 56 57 64 73 74 75 79 72 68
53 18 28 26 20 33 35 27 13 17 23 25 24 22 10 14 12 13 13 21 18 12 18 10 13 6 4 1 0 2 1 2 4 7 15 16 24 24 23 7 14 28 39 15 42 45 73 46 25 28 53 59 82 76 69 53 51 39 18 14 4 7 6 4 14 11 20 42 38 41 43 39 68 72 86 69 75 63 69 42 17 11 13 27 7 30 49 48 68 80 72 58 45 42 35 35
16 21 37 62 56 40 15 10 13 34 31 28 14 24 21 22 18 27 25 25 24 22 15 18 15 7 3 2 0 0 0 1 1 6 9 29 40 24 24 11 9 9 14 4 15 28 21 30 32 45 47 68 86 77 71 70 64 50 43 23 7 5 6 3 10 16 24 20 19 33 53 53 58 62 63 69 68 53 33 27 25 15 36 34 67 42 23 51 75 66 53 56 57 56 52 51
36 51 42 14 13 21 27 13 23 38 35 30 28 28 25 34 24 30 31 38 16 32 28 22 13 7 2 2 1 0 0 0 1 3 7 14 15 23 28 13 17 12 15 4 12 22 32 65 76 75 87 71 87 83 78 63 67 43 31 19 6 7 6 2 2 6 10 25 37 34 49 70 44 49 45 60 63 21 12 22 18 26 58 45 65 43 65 45 54 51 55 58 54 62 65 60
42 24 32 32 30 20 28 16 38 38 36 38 54 36 47 42 39 53 45 29 31 35 42 15 19 10 6 1 1 1 0 0 0 1 4 7 17 32 29 10 6 10 11 7 12 27 59 43 70 63 66 57 91 86 81 57 40 28 19 8 6 2 2 1 1 4 14 36 48 37 44 66 55 38 30 40 25 28 44 39 23 49 53 52 66 72 51 38 47 46 41 51 56 65 59 76
21 19 14 13 12 10 6 21 44 37 38 57 42 49 49 50 58 30 25 53 39 48 41 19 12 7 7 5 3 2 1 1 0 1 3 3 2 11 20 11 7 9 9 10 22 26 16 33 51 82 53 66 84 70 75 64 45 26 11 7 4 2 0 2 1 2 12 22 49 37 41 18 31 41 30 44 45 44 36 29 29 56 53 52 61 54 28 50 22 31 46 61 62 44 73 75
12 18 28 34 30 16 16 26 41 58 53 51 41 51 71 71 47 32 33 62 46 28 27 22 13 9 9 8 4 3 2 2 1 0 3 4 2 2 2 1 2 4 6 9 18 14 22 37 76 35 28 52 86 72 59 37 29 22 21 12 4 3 1 1 0 2 8 13 24 32 32 24 44 32 38 47 58 67 63 57 53 79 56 39 39 47 57 73 65 40 40 46 42 57 64 59
21 40 28 54 23 22 26 43 42 55 55 24 26 54 53 43 35 36 51 73 38 31 27 25 15 14 8 7 4 2 1 2 2 1 1 2 3 1 1 1 1 4 4 4 7 15 26 16 60 25 42 69 85 60 37 32 25 12 8 10 5 4 0 1 1 1 3 4 14 19 33 41 52 46 71 71 83 49 34 19 72 72 74 50 16 53 71 86 79 67 71 43 67 54 46 81
36 37 59 52 27 45 41 45 63 56 42 31 37 58 41 61 25 40 73 44 32 29 32 30 28 21 11 8 3 4 3 3 3 2 1 0 2 1 1 1 1 2 3 3 5 12 18 15 11 20 49 77 79 52 40 31 15 13 10 7 5 2 1 1 1 1 4 12 22 29 41 47 58 67 74 66 32 31 22 63 70 77 81 83 42 59 83 82 70 61 51 60 45 55 38 55
49 58 32 24 35 42 41 66 30 47 21 42 49 79 60 44 28 65 25 22 47 28 23 16 20 16 15 14 12 7 8 7 3 3 1 1 0 1 1 1 1 1 1 3 7 17 7 16 4 8 32 61 88 80 45 30 21 7 10 6 4 2 2 1 0 2 7 19 41 45 45 53 59 54 46 50 43 56 66 74 71 77 68 82 72 64 65 33 19 14 39 76 65 49 34 38
60 42 30 23 32 45 59 12 56 22 26 46 67 73 52 26 59 51 36 16 18 30 12 11 22 21 29 15 21 17 12 10 4 4 3 2 1 0 0 1 1 1 1 4 5 9 2 9 2 14 24 13 60 71 39 22 10 7 5 2 5 5 2 1 0 4 11 15 21 29 34 39 46 48 67 70 67 67 68 58 68 60 47 74 68 48 39 46 58 59 76 32 54 50 31 31
24 42 33 26 40 61 65 20 47 42 60 43 75 45 31 46 58 26 32 27 62 39 22 16 27 41 30 37 33 35 15 6 1 7 4 3 3 1 0 0 1 1 1 3 4 1 5 8 2 10 10 45 58 34 33 27 22 12 6 3 5 4 3 1 0 1 5 12 20 19 25 32 46 41 39 37 36 37 80 42 66 74 56 53 43 31 65 69 64 77 67 52 42 56 59 60
83 27 45 43 58 34 46 57 53 41 58 54 43 35 37 71 31 43 35 67 59 37 46 36 23 49 52 53 64 41 29 7 3 3 2 2 3 3 2 0 0 1 2 2 1 2 18 5 2 9 41 52 61 22 20 27 14 9 7 3 4 2 2 1 0 0 1 4 9 14 6 19 18 19 35 47 44 44 70 63 55 69 85 47 36 54 52 61 77 68 55 68 49 57 45 58
77 92 85 88 82 53 12 7 56 29 65 76 85 75 55 64 61 70 52 65 52 53 54 47 45 55 71 77 44 45 27 15 15 7 5 5 2 3 3 1 0 1 1 2 1 1 1 2 1 8 22 60 55 15 22 21 18 10 5 6 4 2 2 0 0 0 6 9 13 25 33 43 58 51 32 31 45 75 70 75 78 59 61 74 46 51 65 66 54 35 69 80 46 40 55 63
57 86 72 78 71 58 71 31 56 42 18 38 81 85 88 57 42 54 65 64 59 53 65 52 64 67 77 62 61 55 44 30 19 17 17 6 4 4 3 2 1 0 1 1 3 2 1 1 1 6 17 10 28 10 27 14 18 13 7 3 3 3 1 0 0 2 7 14 20 37 59 49 31 46 66 45 59 75 76 89 79 66 62 58 17 31 33 50 70 81 86 57 78 44 46 56
43 84 56 76 72 58 86 58 40 72 49 38 70 80 72 61 70 50 79 89 88 73 59 43 78 67 72 62 50 38 43 35 29 31 23 14 8 4 2 2 2 1 0 1 2 1 2 0 1 2 4 8 36 18 33 30 14 15 6 6 1 1 1 0 1 4 10 9 20 35 58 67 70 58 73 77 79 77 70 86 83 55 39 37 20 31 53 70 62 90 60 69 77 79 48 50
49 75 61 60 80 52 61 22 47 74 59 32 12 60 68 63 74 57 57 83 87 52 76 38 73 61 72 59 52 26 36 56 52 46 38 14 5 4 4 3 1 1 0 0 3 1 2 0 0 0 3 13 34 7 11 5 13 15 13 4 1 1 0 0 2 3 9 9 21 31 47 61 53 36 35 48 83 60 81 81 88 86 30 23 19 40 67 45 74 85 72 79 65 55 39 58
13 36 23 51 73 55 58 13 49 81 41 24 17 35 70 66 70 68 31 42 68 51 46 64 30 32 80 51 30 19 11 16 26 23 24 20 10 10 8 3 1 1 0 0 1 1 1 1 0 2 4 17 12 21 11 5 5 3 2 1 2 1 1 0 1 3 5 6 12 20 31 25 32 45 47 63 88 89 75 66 81 85 69 23 12 32 31 54 82 69 62 27 19 24 34 53
14 44 69 50 63 39 70 48 60 83 66 37 35 36 70 83 52 12 13 26 38 22 33 72 40 20 66 53 62 24 2 19 39 31 15 26 21 14 4 2 1 0 0 0 0 2 2 1 1 5 6 11 5 8 6 6 1 1 3 3 1 1 0 1 2 1 2 3 5 15 27 31 49 46 58 81 89 87 83 52 60 73 67 34 12 24 45 67 62 32 31 60 58 54 61 72
21 14 14 19 28 42 74 27 65 67 86 56 37 30 31 24 17 13 14 32 27 26 19 65 26 49 57 44 57 72 35 20 22 17 20 24 18 10 6 3 1 0 0 0 0 0 1 1 0 2 6 12 1 3 4 10 3 1 1 2 0 0 0 0 1 3 20 15 23 43 53 69 75 58 71 93 89 89 81 63 20 43 59 53 14 24 43 66 49 48 86 65 46 49 41 76
25 32 14 15 27 47 68 58 39 58 77 58 25 13 34 33 14 36 13 16 24 22 19 65 23 19 54 41 48 62 40 30 36 14 7 7 3 4 3 3 3 2 0 0 0 0 0 1 1 2 5 6 1 3 2 2 4 5 1 1 0 0 0 1 1 4 8 23 48 57 83 58 35 51 81 93 88 80 79 79 66 25 56 52 13 26 48 45 33 72 71 52 63 77 22 10
27 37 28 17 24 17 63 70 62 29 79 51 19 6 29 26 34 38 25 16 20 27 6 28 57 7 19 23 52 76 33 8 17 11 18 17 11 8 4 3 2 1 1 0 0 0 0 0 0 2 7 6 1 2 2 1 3 2 1 1 0 0 0 1 1 4 9 27 43 45 24 28 51 58 76 79 84 76 72 56 71 33 22 27 23 41 34 26 66 85 50 61 67 74 65 21
39 28 30 13 13 15 49 77 41 37 66 63 40 7 26 26 47 36 30 21 22 38 16 19 74 16 25 26 50 49 54 36 33 35 26 17 15 10 7 2 1 0 1 1 0 0 0 0 1 4 10 6 1 2 2 0 1 2 1 1 0 0 0 1 2 8 29 31 24 18 37 44 57 87 77 66 84 56 42 34 63 38 22 6 8 31 34 54 85 62 48 58 79 64 63 30
72 17 31 15 12 18 33 41 13 13 73 52 9 5 23 25 47 34 47 36 39 31 29 22 36 22 10 24 33 33 44 50 29 17 14 6 9 8 7 5 1 1 0 0 0 0 0 0 1 2 7 4 1 1 1 0 0 0 0 0 0 0 0 1 3 12 15 10 9 16 42 52 79 85 84 65 48 67 26 28 55 27 8 4 16 43 55 69 75 33 59 84 76 70 77 40
18 32 14 12 10 9 14 24 16 21 61 28 14 5 15 21 43 15 34 25 23 29 27 18 28 34 19 10 4 21 22 42 20 12 15 10 5 3 4 3 1 1 1 0 0 0 0 0 2 4 5 1 1 1 1 0 0 0 0 0 0 0 0 1 3 8 4 2 12 35 44 52 82 85 72 58 46 50 52 17 25 19 6 6 20 26 51 74 50 47 78 71 68 67 60 52
18 12 25 25 10 11 4 7 6 8 20 10 26 12 7 17 38 16 10 30 12 9 4 27 31 39 6 6 2 8 29 43 40 16 9 5 4 2 2 1 1 1 0 0 0 0 0 0 1 2 2 2 0 1 0 0 1 0 0 0 0 0 1 1 4 2 1 4 22 37 50 76 73 75 67 60 43 33 51 20 11 12 5 6 19 26 55 62 49 40 42 54 50 42 57 64
31 19 12 30 32 18 14 5 3 12 10 8 23 25 7 13 23 25 8 9 8 9 7 49 25 25 15 2 3 2 7 11 32 27 14 7 4 2 1 1 3 1 1 0 0 0 0 0 1 1 2 1 2 1 1 1 1 0 0 0 0 0 0 1 1 0 2 10 23 58 62 80 79 61 39 19 15 15 21 23 15 4 3 6 14 19 41 39 26 20 41 32 22 37 54 67
34 22 11 17 21 32 13 5 1 9 11 5 5 10 5 7 13 18 7 5 5 3 3 9 3 7 20 2 3 3 2 7 26 29 12 6 7 14 10 5 2 1 0 0 0 0 0 0 0 1 1 1 2 1 1 1 1 0 0 0 0 0 0 0 0 1 2 6 26 76 72 67 80 72 40 20 6 2 7 12 8 3 1 3 9 19 33 18 12 34 44 48 74 61 73 67
68 36 19 6 14 23 34 4 6 12 14 8 2 5 4 3 7 18 5 4 3 2 1 4 1 2 12 7 1 4 1 1 9 44 24 10 4 2 2 1 1 1 1 0 0 0 0 0 0 1 1 1 1 2 0 0 1 0 0 0 0 0 0 0 1 6 9 25 50 50 79 81 67 76 64 33 18 7 2 2 7 3 1 1 3 7 9 4 12 31 41 73 75 64 59 64
52 79 32 15 4 8 7 6 7 10 8 5 10 3 4 1 2 16 7 3 2 2 1 3 3 0 5 7 2 3 2 1 4 14 35 16 7 7 7 4 1 1 0 0 0 0 0 0 0 0 1 1 1 0 1 0 0 0 0 0 0 0 0 0 1 8 15 11 21 46 71 63 56 53 71 38 17 6 2 1 1 1 0 1 2 1 2 7 22 35 66 71 45 57 66 64
13 66 71 44 17 8 2 13 5 3 4 4 11 5 3 2 2 13 8 5 2 1 0 1 4 0 2 3 2 3 2 1 4 3 4 25 7 2 3 3 2 0 0 0 0 0 0 0 0 0 0 1 1 1 1 0 0 0 0 0 0 0 0 0 1 1 1 10 56 60 59 54 40 43 42 33 16 6 6 2 0 0 0 1 4 12 11 7 17 39 43 31 33 53 70 63
8 37 43 59 26 12 5 12 10 3 7 3 5 5 6 4 2 4 10 2 1 1 0 1 3 1 2 2 0 3 3 1 3 3 4 2 21 8 6 3 1 0 0 0 0 0 0 0 0 0 0 0 0 0 1 0 0 0 0 0 0 0 0 0 1 3 7 12 44 66 59 71 55 15 16 22 13 11 6 4 1 0 0 1 4 9 27 39 17 16 15 27 46 56 78 58
16 24 19 39 17 8 8 8 9 6 5 4 4 6 5 4 3 3 5 4 1 1 0 2 3 2 1 2 1 1 4 1 1 2 3 6 8 2 10 3 1 0 0 0 0 0 0 0 0 0 0 0 0 0 1 0 0 0 0 0 0 0 0 0 1 3 6 22 43 52 81 69 63 35 12 6 10 6 5 3 0 0 1 3 6 12 29 54 50 42 46 30 48 56 81 69
9 20 7 19 20 16 11 7 6 5 3 2 2 3 3 4 2 2 1 3 2 1 0 1 1 2 2 2 1 0 1 0 0 1 4 6 7 2 13 2 2 1 1 0 0 0 0 0 0 0 0 0 0 0 1 0 0 0 0 0 0 0 0 0 1 2 6 13 39 29 69 63 46 37 41 12 9 5 2 1 0 0 1 3 10 20 32 47 63 53 56 52 46 70 91 78
14 9 9 6 9 4 6 5 16 11 4 1 2 2 2 3 1 1 2 2 1 1 0 0 1 2 1 1 1 1 0 0 1 1 12 15 6 4 2 3 2 1 1 0 0 0 0 0 0 0 0 0 0 0 1 0 0 0 0 0 0 0 0 0 1 3 6 28 45 55 59 64 50 32 22 21 8 5 1 0 0 1 1 1 3 15 23 38 51 36 56 60 76 91 90 78
5 10 5 4 3 2 2 2 3 3 2 2 1 1 1 1 1 1 1 1 1 1 1 0 0 2 0 1 1 1 0 0 1 3 5 10 14 29 22 10 2 1 0 0 0 0 0 0 0 0 0 0 0 0 0 0 0 0 0 0 0 0 0 0 1 6 21 41 47 61 61 60 55 41 12 7 8 2 1 0 0 2 6 4 4 2 7 12 21 41 45 72 69 89 89 73
2 4 2 2 1 1 1 0 1 1 1 1 1 0 0 1 1 1 1 1 1 1 0 0 0 1 0 1 1 0 0 0 0 1 2 2 2 2 2 0 1 1 1 0 0 0 0 0 0 0 0 0 0 0 0 0 0 0 0 0 0 0 0 1 3 3 7 14 41 60 39 67 37 25 8 4 3 2 1 0 0 1 6 12 26 17 22 21 37 59 64 68 79 82 74 62
0 1 1 0 0 0 0 0 1 1 0 0 0 0 0 0 0 0 0 0 0 0 1 0 0 1 1 0 1 0 0 0 0 0 0 0 0 0 1 1 1 0 0 0 0 0 0 0 0 0 0 0 0 0 0 0 0 0 0 0 0 0 0 1 2 5 5 14 26 22 31 42 36 14 5 2 1 0 0 0 0 1 3 6 13 31 50 47 62 81 74 57 71 60 63 51
2 0 0 0 0 0 1 2 1 1 2 3 2 4 1 1 0 0 0 0 0 0 0 0 0 0 1 0 1 1 0 0 0 0 0 0 0 0 0 1 1 1 1 0 0 0 0 0 0 0 0 0 0 0 0 0 0 0 0 0 0 0 0 0 1 4 5 20 16 20 32 20 18 5 2 1 0 0 0 0 1 2 4 10 13 34 75 71 33 41 77 85 60 27 29 43
7 3 1 2 2 3 3 6 3 4 8 10 14 9 5 2 1 1 0 0 0 0 0 0 0 1 1 0 0 1 0 0 0 0 0 0 0 0 0 0 1 0 0 0 0 0 0 0 0 0 0 0 0 0 0 0 0 0 0 0 0 0 0 0 1 5 7 5 10 14 15 10 13 3 2 1 0 0 0 1 3 5 8 15 41 49 39 15 26 62 88 83 82 26 13 16
14 5 3 9 10 10 12 13 13 16 15 13 14 23 10 5 3 2 1 0 0 0 0 0 0 0 0 0 0 0 0 0 0 0 0 0 0 0 0 0 0 0 0 0 0 0 0 0 0 0 0 0 0 0 0 0 0 0 0 0 0 0 0 0 2 5 11 6 2 2 6 6 2 1 0 0 0 0 1 2 6 7 16 38 35 12 6 16 39 80 85 72 53 46 7 2
20 13 7 20 20 32 20 24 36 25 34 23 35 22 13 10 13 5 1 2 2 1 0 0 0 0 0 0 0 0 0 0 0 0 0 0 0 0 0 0 0 1 0 0 0 0 0 0 0 0 0 0 0 0 0 0 0 0 0 0 0 0 0 0 2 5 9 7 2 5 3 2 1 0 0 0 0 0 1 2 6 16 13 10 4 3 12 31 51 69 69 61 30 49 12 2
32 26 17 38 57 74 59 48 67 56 50 37 64 50 42 29 10 4 4 6 2 1 1 1 1 1 0 0 0 0 0 0 0 0 0 0 0 0 1 0 0 0 0 0 0 0 0 0 0 0 0 0 0 0 0 0 0 0 0 0 0 0 0 0 1 5 14 7 3 1 2 1 0 0 0 0 0 1 1 2 7 7 4 1 3 13 23 54 67 52 54 33 16 22 29 2
68 70 59 47 51 49 33 21 51 32 33 30 34 47 48 17 16 15 13 10 5 1 0 1 2 1 0 0 0 0 0 0 0 0 0 0 0 0 0 0 0 0 0 0 0 0 0 0 0 0 0 0 0 0 0 0 0 0 0 0 0 0 0 0 0 4 16 13 2 3 1 0 0 0 0 0 0 0 1 2 1 0 1 3 8 16 27 70 72 87 42 9 7 8 15 3
60 44 71 51 43 56 47 38 28 21 33 44 28 20 32 56 45 16 3 2 2 1 0 0 1 1 1 0 0 0 0 0 0 0 0 0 0 0 0 0 0 0 0 0 0 0 0 0 0 0 0 0 0 0 0 0 0 0 0 0 0 0 0 0 1 2 8 19 6 3 1 0 0 0 0 0 0 0 1 0 0 1 3 8 11 17 47 43 58 67 60 13 2 1 7 5
60 24 61 59 24 11 25 31 37 34 19 15 57 19 22 43 21 14 8 4 3 1 2 1 1 1 1 0 0 0 0 0 0 0 0 0 0 0 0 0 0 0 0 0 0 0 0 0 0 0 0 0 0 0 0 0 0 0 0 0 0 0 0 0 0 1 2 9 6 2 1 0 0 0 0 0 0 0 0 0 1 2 5 8 21 36 44 38 30 26 59 18 4 1 1 1
