sesion_6_simulaciones/modelos_agentes/ejemplos_netlogo/scenarios/cgcm2_a2/rob_2058.asc
NCOLS 322 
NROWS 307 
XLLCORNER 451900 
YLLCORNER 4086900 
CELLSIZE 100 
NODATA_value -9999 
[rows 74 to 147 of 307, columns 96 to 191 of 322]
27 60 39 21 21 24 24 51 23 24 18 63 35 73 67 50 14 7 10 16 55 53 31 17 19 6 6 1 6 12 4 4 6 11 5 2 3 3 9 3 2 3 7 2 3 8 10 1 2 8 6 21 46 29 27 12 20 27 46 30 25 76 65 50 56 61 38 52 62 65 54 66 51 66 39 40 56 64 46 41 22 45 59 49 30 13 13 15 9 10 8 7 5 2 0 0
32 36 31 22 15 20 28 42 24 38 44 32 17 27 34 58 37 43 54 69 89 59 57 40 14 21 5 4 8 2 7 42 14 13 15 11 4 2 3 1 4 13 19 9 24 14 12 29 41 6 8 5 9 29 9 12 25 41 30 18 40 42 68 53 57 40 36 47 62 68 42 78 44 53 47 31 57 32 23 51 51 44 20 20 27 25 20 17 24 21 25 25 11 7 2 1
44 28 24 25 17 30 16 46 22 44 51 18 25 48 39 31 42 67 48 70 76 79 74 66 22 12 8 4 7 9 29 41 29 17 19 18 19 5 9 12 4 4 6 3 5 23 7 18 16 19 5 3 9 7 10 14 21 40 20 27 27 16 51 51 53 33 53 41 75 56 32 63 55 48 55 51 29 18 72 46 33 32 51 36 52 54 47 55 56 36 37 30 17 9 5 3
46 17 35 31 22 19 24 34 28 32 69 32 34 30 34 46 69 42 67 63 82 85 62 48 54 8 7 10 19 17 32 11 26 12 26 5 34 16 9 18 5 3 2 2 6 9 28 32 17 38 30 18 13 2 4 6 23 10 12 8 22 11 43 36 38 22 47 48 54 26 23 29 56 24 50 28 27 34 60 36 48 44 41 58 73 68 74 53 50 56 31 32 16 12 8 6
44 25 33 33 41 20 26 31 13 52 70 60 40 27 47 44 51 64 79 51 51 62 70 78 36 26 33 42 57 31 29 16 23 24 4 10 13 19 17 20 15 3 2 4 10 15 33 32 13 55 47 30 37 23 19 6 7 6 10 7 13 11 6 18 12 19 22 33 25 13 18 18 50 35 18 8 36 45 37 37 58 75 82 74 77 76 49 57 60 36 35 20 14 15 13 21
58 60 22 53 60 34 13 34 13 33 31 62 47 35 38 8 46 82 52 56 56 38 64 74 40 29 68 73 68 61 68 30 7 7 9 30 33 8 12 17 24 4 4 10 13 13 26 65 60 53 49 47 54 18 43 34 29 8 4 2 11 16 5 7 8 16 14 21 7 6 19 31 28 24 59 51 22 18 47 66 69 72 69 69 59 70 68 77 54 35 30 20 17 26 42 22
81 84 64 60 22 19 14 13 13 41 20 12 47 58 15 38 74 48 36 32 48 23 14 54 62 67 72 65 73 57 78 68 25 26 31 49 23 20 4 12 32 16 6 10 21 43 21 22 62 40 52 75 57 45 58 28 36 48 38 34 34 8 31 13 7 3 15 21 23 35 22 3 4 7 15 49 56 67 38 69 68 52 74 60 55 57 70 75 58 49 44 29 58 53 18 14
63 58 71 18 13 16 23 19 15 23 24 5 13 25 31 43 23 56 56 43 36 47 12 21 61 77 71 45 38 59 45 32 57 53 46 42 56 44 15 14 41 33 6 10 31 26 15 10 31 17 62 72 48 82 65 37 63 33 23 25 48 14 28 35 26 13 26 30 51 19 31 11 9 10 18 11 21 62 63 66 44 59 74 66 47 57 78 65 59 52 51 56 69 48 20 39
72 72 61 29 28 32 37 26 13 19 31 4 16 30 37 23 22 71 50 35 44 73 43 41 65 92 63 18 41 43 30 34 12 18 77 51 26 23 18 33 54 47 20 12 22 18 17 24 24 49 51 79 80 84 63 61 63 43 57 37 52 34 34 29 26 28 15 19 47 23 51 62 47 31 20 23 23 14 50 75 83 48 66 60 43 77 62 45 56 70 57 74 50 42 32 63
29 47 67 64 11 12 33 32 42 24 23 8 26 55 37 12 22 81 33 51 43 44 31 68 46 55 33 46 57 44 33 34 19 53 85 66 48 21 16 47 29 13 26 10 17 11 14 20 22 31 27 71 68 84 67 64 77 48 66 59 51 54 29 28 33 20 49 21 42 54 68 69 50 27 33 16 17 28 18 68 64 62 33 62 75 39 48 50 62 53 60 48 33 42 42 81
16 22 34 41 52 13 23 14 13 38 33 15 24 47 39 23 35 77 47 46 27 19 72 74 65 55 28 62 59 45 22 13 59 89 86 82 76 35 45 49 40 8 23 15 20 29 26 18 25 9 6 33 76 87 60 69 59 62 81 73 55 38 25 16 51 26 65 46 37 57 72 67 29 21 31 29 32 31 25 32 67 80 75 50 29 62 72 72 61 72 30 48 47 65 46 77
11 17 32 19 40 43 30 30 15 27 46 12 26 54 35 47 37 50 58 69 65 20 44 51 81 69 65 68 67 71 45 80 89 79 76 87 80 43 36 57 34 13 26 20 23 31 30 20 26 17 23 36 77 81 58 47 54 84 80 79 50 23 40 48 67 50 78 69 56 35 75 55 59 48 42 35 30 38 30 26 41 75 64 76 72 41 68 31 69 37 34 59 46 77 48 62
9 5 4 4 13 29 12 6 11 20 25 15 36 59 40 15 33 28 51 66 74 64 31 37 40 46 74 86 60 61 78 86 87 72 78 76 64 77 55 61 40 62 45 52 26 38 46 49 34 33 22 40 66 89 69 50 79 69 82 73 50 38 39 48 78 58 72 67 58 38 63 52 41 16 37 24 11 30 31 20 11 59 74 66 50 84 60 57 60 58 58 68 73 77 78 45
7 4 0 1 11 10 2 5 9 17 8 23 56 47 15 9 19 25 51 55 68 87 55 30 26 37 76 76 83 43 84 71 69 69 88 83 64 78 52 62 52 87 41 69 48 41 36 26 28 26 23 18 45 82 69 77 67 79 89 66 42 45 56 71 73 58 67 63 51 17 22 30 53 48 54 32 17 29 34 41 49 13 62 69 64 76 83 86 92 73 85 87 75 44 78 33
10 8 3 1 9 6 4 8 12 8 13 23 37 41 14 5 41 37 31 40 47 62 75 72 54 37 59 69 82 78 75 86 83 55 57 46 49 75 32 44 88 77 57 41 29 43 31 41 48 52 52 26 33 61 60 68 67 81 82 67 60 72 70 74 78 40 62 67 51 25 23 45 61 55 38 63 28 21 32 38 45 30 20 60 66 85 77 52 53 67 67 83 75 45 57 67
12 5 4 1 4 3 2 15 8 7 6 14 54 30 10 4 34 20 33 43 45 60 68 66 71 44 49 26 47 74 64 70 74 66 65 63 48 39 53 86 52 71 36 23 35 62 46 50 56 59 47 44 27 32 29 52 67 72 81 61 50 61 61 83 79 53 61 75 32 12 14 38 34 45 79 64 33 34 15 45 35 51 49 19 56 78 77 74 74 67 49 46 62 41 27 46
6 6 2 2 1 1 1 9 9 3 15 30 51 47 10 4 20 5 20 57 56 59 27 38 64 50 53 40 67 90 83 78 55 69 52 34 40 33 66 43 42 40 21 54 79 60 53 55 43 34 32 31 26 24 10 16 48 65 80 50 67 64 83 88 87 51 77 62 51 28 17 29 52 69 88 41 32 65 26 39 38 46 57 40 18 63 67 50 32 47 43 41 32 45 43 41
14 10 6 2 2 1 1 2 6 7 11 38 23 15 23 8 24 5 3 15 20 50 33 30 30 19 38 56 79 88 68 74 78 74 67 41 23 36 76 23 53 56 68 77 79 57 72 35 25 34 62 59 66 63 56 25 10 8 38 49 53 65 81 88 87 61 90 66 64 52 28 32 51 87 71 32 61 55 30 26 47 55 55 46 35 11 31 52 43 44 27 41 62 69 55 54
6 5 2 2 1 1 1 0 3 9 15 18 16 7 7 3 23 8 3 22 19 24 16 24 33 30 25 53 29 57 62 61 62 54 19 31 44 47 51 28 67 67 82 69 63 46 79 70 73 55 59 54 54 37 43 16 7 7 10 35 62 83 77 86 79 53 79 74 40 31 36 56 49 70 43 53 76 61 56 64 52 57 43 42 47 32 10 18 22 29 46 57 64 67 61 49
3 3 3 2 2 1 1 1 1 2 8 14 14 10 5 3 23 6 2 11 8 10 12 19 13 31 32 41 27 9 24 29 24 18 42 48 66 79 53 52 31 67 92 62 39 77 71 61 76 58 59 46 32 39 38 44 24 11 12 56 78 75 84 88 84 81 76 83 68 28 46 37 41 20 31 72 65 33 53 36 44 43 40 39 47 34 41 18 7 31 50 67 74 66 61 35
6 2 6 8 4 3 3 3 2 2 5 9 7 5 5 2 9 3 1 4 8 7 5 7 11 22 22 25 28 19 8 6 11 32 38 71 80 56 60 69 48 83 88 60 72 68 65 41 85 62 72 57 67 71 70 54 34 14 16 27 69 63 83 83 78 72 78 83 73 46 31 46 51 46 51 56 67 83 40 50 33 27 48 40 27 44 59 52 19 19 24 21 32 39 40 32
19 16 10 16 14 9 10 8 4 1 2 3 3 4 3 3 3 2 2 3 3 4 2 3 8 11 15 15 17 30 5 7 12 31 76 82 61 43 69 75 64 73 80 65 58 68 62 56 83 68 57 71 58 66 66 51 35 17 11 14 19 59 75 79 71 63 80 73 48 19 30 58 31 52 74 66 75 50 27 63 37 38 44 44 69 51 33 38 47 44 37 14 8 8 14 18
29 14 23 22 23 16 22 10 5 4 1 1 1 2 2 2 3 2 1 1 3 3 2 2 2 3 15 12 12 5 8 4 18 69 62 65 26 58 84 68 50 52 63 27 35 83 54 77 82 78 56 70 80 53 27 28 31 34 27 15 20 34 55 66 66 62 46 54 28 25 45 46 40 59 69 77 61 45 54 61 57 31 46 74 70 67 49 44 49 50 59 51 30 10 5 10
30 31 35 22 31 25 16 14 11 10 8 3 1 1 1 1 2 2 1 1 2 1 1 1 1 2 9 17 7 6 10 2 27 51 37 24 34 72 85 71 38 43 42 32 77 66 49 53 87 86 47 53 53 69 52 30 9 16 18 26 24 29 23 33 20 42 50 46 19 39 54 53 47 46 68 62 55 62 35 19 56 51 57 69 73 57 54 46 35 42 53 44 37 16 12 4
45 30 40 42 37 22 20 22 12 13 8 6 5 2 1 0 1 1 1 1 1 1 1 1 1 2 3 11 2 3 9 3 13 30 13 22 30 52 50 55 43 46 27 67 72 29 55 89 85 78 78 36 21 28 22 26 10 13 26 38 23 35 22 14 15 28 21 20 17 47 45 62 36 59 66 59 75 40 46 35 58 36 33 39 47 67 66 48 38 30 48 39 41 32 25 9
32 21 45 48 18 26 11 11 23 17 10 9 7 5 3 1 0 0 0 0 0 0 1 1 0 1 1 1 1 12 4 2 3 4 8 30 34 46 80 57 51 37 50 52 50 46 50 89 83 74 93 70 43 55 49 27 12 8 4 13 39 22 18 10 13 24 16 14 24 36 53 59 53 28 36 36 47 44 41 51 14 63 45 54 56 64 59 62 68 48 46 48 49 55 29 17
19 35 70 45 40 21 37 19 31 24 13 11 8 3 2 2 2 1 1 1 1 1 1 0 0 0 0 1 2 10 1 2 3 2 12 33 39 12 33 30 44 34 34 49 38 45 65 86 81 81 84 85 44 28 22 17 15 18 13 3 5 11 11 11 11 15 12 15 15 34 45 61 55 58 19 32 50 43 23 28 48 34 28 57 62 59 63 70 60 72 59 67 64 56 38 29
26 42 63 39 34 31 19 20 33 22 18 15 9 7 3 5 2 3 3 3 2 3 1 1 2 1 0 0 1 4 1 2 3 3 9 12 13 16 12 6 31 42 25 18 31 71 82 82 74 64 78 78 59 43 45 51 43 28 18 6 2 9 7 5 10 8 8 11 22 33 31 42 39 37 48 44 36 55 84 83 71 75 50 56 50 51 56 65 75 64 77 71 62 60 55 46
28 57 25 30 37 28 26 14 28 25 10 7 15 6 5 3 4 4 4 4 5 4 3 3 2 2 1 0 1 2 1 1 3 5 8 8 10 16 14 6 12 48 31 12 38 50 84 74 34 30 41 67 82 73 53 47 36 24 11 5 2 9 5 2 4 5 8 18 25 33 33 38 44 59 71 73 66 83 81 78 70 52 38 29 32 53 73 65 64 69 76 76 73 75 62 55
57 23 31 26 21 30 30 19 9 11 14 16 15 11 5 6 6 6 6 10 10 6 8 4 6 2 2 0 0 1 1 1 2 3 8 9 15 13 12 4 7 17 23 7 26 32 61 36 18 21 47 56 80 74 65 44 38 25 11 7 2 4 3 2 7 6 11 27 26 32 35 35 65 72 86 71 78 71 75 56 26 21 24 47 18 51 65 61 76 84 76 60 43 36 27 23
21 26 43 63 53 37 13 7 9 24 21 17 8 16 13 12 11 16 13 13 12 11 8 10 7 4 1 1 0 0 0 0 0 3 5 18 26 13 16 5 4 4 8 2 8 18 13 20 24 39 42 65 84 74 66 62 51 37 31 13 3 2 3 1 5 10 15 11 12 24 45 47 55 61 63 67 71 60 42 33 38 28 50 53 81 57 41 67 83 72 58 59 57 52 43 40
45 56 46 16 14 20 23 10 18 30 26 22 20 19 16 24 14 18 19 23 9 20 16 12 7 3 1 1 0 0 0 0 0 1 3 7 8 13 15 8 9 6 7 2 6 12 20 53 67 69 85 67 85 80 73 54 54 29 19 10 3 3 2 1 1 3 6 16 24 23 38 64 39 47 45 61 64 25 15 29 28 38 69 60 78 56 77 64 69 60 60 61 55 60 61 51
48 29 37 34 32 19 26 13 34 33 30 31 44 27 36 30 27 38 30 19 20 20 25 8 9 4 3 1 1 0 0 0 0 1 2 3 11 20 21 5 3 5 5 4 6 15 42 29 59 63 59 53 89 83 74 43 28 16 10 4 3 1 1 0 0 2 8 23 34 24 34 55 48 34 30 41 27 32 53 52 34 64 66 60 71 79 63 61 61 57 47 56 60 66 59 72
27 24 16 13 12 11 6 21 41 36 38 53 39 45 42 41 49 20 17 38 27 31 25 9 5 3 3 2 1 1 0 0 0 0 2 1 1 7 12 5 4 4 5 5 12 16 8 20 40 77 43 63 80 62 65 50 30 14 6 3 2 1 0 1 0 1 7 13 39 26 29 12 24 37 29 43 47 49 45 42 43 69 63 57 65 63 37 63 38 46 57 66 66 47 75 75
16 23 33 37 31 17 15 26 40 59 54 52 39 48 66 63 40 24 26 49 32 19 15 11 6 4 4 3 2 1 1 1 0 0 2 2 1 1 1 1 1 2 3 4 9 8 12 25 65 22 20 48 84 63 45 23 17 13 11 7 2 1 0 0 0 1 4 7 14 19 20 16 37 29 37 46 60 72 71 70 65 86 63 43 41 50 63 81 76 53 55 58 50 57 62 57
29 48 34 56 26 25 27 45 45 60 58 25 27 52 51 37 31 29 42 65 26 19 17 13 7 6 4 3 2 1 1 1 1 0 0 1 1 1 1 1 1 2 2 2 3 8 14 8 47 15 33 62 80 48 24 20 15 6 4 5 2 2 0 0 0 0 2 2 8 11 21 30 43 41 68 70 81 54 37 27 79 78 78 53 20 52 74 89 83 77 79 50 70 53 49 79
47 47 67 58 31 49 48 50 69 63 48 34 39 60 42 59 23 36 65 33 23 18 22 16 16 11 5 3 1 2 1 1 1 1 0 0 1 0 0 0 0 1 1 2 3 6 9 10 5 11 37 72 77 42 27 21 8 7 5 3 3 1 1 0 0 0 3 7 13 19 28 35 50 62 71 64 33 35 28 71 77 79 81 82 41 57 82 84 72 66 61 69 50 55 36 55
62 66 41 32 41 50 50 70 39 53 24 48 52 79 64 45 26 61 20 15 34 20 13 9 10 9 7 6 5 3 3 3 2 1 1 1 0 1 1 0 0 0 1 2 3 9 4 9 2 5 25 56 86 73 31 18 11 4 5 2 2 1 1 0 0 1 4 11 27 30 31 41 48 47 41 49 44 59 73 80 73 78 67 81 71 62 66 37 22 19 49 81 70 49 31 36
72 55 40 30 41 56 67 17 62 28 34 54 71 74 50 29 59 49 29 13 13 20 6 6 12 11 17 7 11 9 5 5 2 2 1 1 1 0 0 0 1 0 1 2 2 5 1 5 1 8 16 10 50 58 27 12 5 3 3 1 2 2 1 0 0 2 6 9 12 18 23 26 35 40 63 69 68 68 73 63 69 60 46 72 65 45 37 47 62 66 81 40 55 52 30 27
37 55 42 36 51 71 73 28 58 53 68 53 80 50 37 47 60 26 29 24 51 27 14 10 16 28 17 23 18 20 7 3 1 3 2 2 2 1 0 0 0 1 1 1 2 1 3 4 1 5 7 35 43 22 21 15 12 6 3 1 2 2 1 1 0 0 3 7 12 13 15 22 37 33 33 34 36 38 83 46 67 72 53 48 40 27 62 67 67 80 76 60 46 59 58 56
85 38 58 58 69 46 52 61 61 51 58 59 52 44 44 73 33 44 35 64 53 30 34 25 15 35 41 36 46 23 16 4 1 1 1 1 1 1 1 0 0 1 1 1 1 1 10 2 1 4 30 40 55 15 11 17 7 5 4 2 2 1 1 0 0 0 1 3 6 8 3 11 11 13 30 45 45 47 73 64 53 67 85 41 30 48 50 60 77 69 63 74 57 58 46 57
79 93 88 91 85 58 18 11 57 35 66 74 84 77 61 68 66 75 56 68 53 51 48 41 38 47 62 64 28 27 14 7 7 4 2 3 1 2 2 0 0 0 1 1 0 0 1 1 0 5 13 49 42 9 13 11 11 5 2 3 2 1 1 0 0 0 3 5 7 14 21 30 49 45 28 30 46 78 72 75 76 56 57 68 36 44 64 63 54 37 74 85 56 46 58 66
63 88 73 81 77 61 76 35 55 46 22 39 81 86 89 62 47 54 66 66 61 56 66 49 62 61 71 52 49 37 26 16 10 8 8 2 2 2 2 1 0 0 0 0 1 1 1 0 1 3 9 6 19 6 18 7 9 7 3 2 2 1 1 0 0 1 4 8 12 22 44 36 24 41 64 44 60 77 76 89 77 62 55 47 12 24 28 47 68 81 87 64 84 55 53 61
47 85 63 77 77 65 87 64 40 73 52 42 69 78 73 64 73 52 78 87 88 69 58 43 79 65 66 52 36 26 27 20 17 16 11 6 4 2 1 1 1 0 0 0 1 1 1 0 0 1 2 5 24 12 23 19 7 8 3 3 1 1 0 0 1 2 5 5 11 22 43 56 63 53 71 76 79 77 69 84 82 50 31 26 14 24 48 67 60 90 62 70 80 83 58 58
51 79 67 63 80 56 63 26 45 76 57 33 12 55 67 65 73 56 52 80 85 48 72 37 69 54 67 51 41 18 25 39 33 28 21 6 2 2 2 1 0 0 0 0 1 1 1 0 0 0 2 8 23 4 6 3 7 10 7 2 1 0 0 0 1 2 5 5 12 19 34 50 45 31 33 46 82 58 80 80 88 83 24 14 14 32 61 40 71 84 71 80 67 61 43 66
15 40 27 51 72 58 57 15 46 80 44 25 16 30 67 63 66 61 29 35 62 43 39 58 27 24 74 41 21 13 6 9 16 12 12 10 4 5 4 1 1 0 0 0 0 1 1 1 0 1 2 10 7 16 6 2 3 2 1 1 1 0 0 0 0 1 3 3 7 12 20 18 25 41 45 61 87 89 72 63 77 82 61 16 8 23 25 49 79 67 61 29 22 30 43 62
15 42 67 51 58 41 69 45 57 81 65 33 30 27 63 78 48 10 11 22 33 18 26 65 33 15 57 42 50 15 1 11 24 17 7 14 10 7 2 1 0 0 0 0 0 1 1 0 0 2 3 7 2 4 3 3 1 1 1 1 1 0 0 0 1 1 1 2 3 9 18 24 43 44 55 80 88 87 82 46 50 63 54 23 7 17 36 61 57 29 29 60 60 58 63 75
23 14 14 19 27 41 72 27 62 62 83 50 27 21 25 19 14 11 11 28 21 19 13 55 17 38 45 32 52 62 23 11 12 8 10 13 9 6 3 2 1 0 0 0 0 0 1 1 0 1 3 7 1 2 2 5 2 1 1 1 0 0 0 0 1 2 12 8 13 31 44 65 72 55 70 93 89 88 81 59 13 30 47 40 9 17 33 58 43 45 86 64 47 53 41 76
26 32 13 14 25 40 63 54 34 50 75 47 17 8 26 26 11 27 9 11 18 15 13 56 16 11 39 28 36 47 27 18 21 7 4 3 1 2 1 1 1 1 0 0 0 0 0 0 0 1 3 3 0 2 1 1 2 2 1 0 0 0 0 0 0 2 4 15 37 47 77 53 32 49 80 92 87 77 74 75 59 15 44 37 9 18 36 35 27 71 68 49 63 79 21 11
27 35 24 15 21 14 57 63 51 21 77 39 12 4 19 18 24 28 18 11 14 18 4 19 41 4 12 13 39 63 20 5 10 6 9 8 5 4 2 1 1 1 1 0 0 0 0 0 0 1 3 3 1 1 1 1 1 1 0 0 0 0 0 0 0 2 5 20 30 33 16 23 47 57 76 77 83 72 63 44 59 22 13 18 17 30 23 19 59 85 45 59 66 75 67 23
39 25 23 9 9 11 39 67 27 25 60 50 26 4 16 17 34 26 20 13 14 24 10 11 64 9 15 14 33 33 38 22 19 20 13 8 7 5 3 1 0 0 0 0 0 0 0 0 1 2 5 3 1 1 1 0 0 1 1 0 0 0 0 0 1 4 18 20 15 13 30 39 55 86 75 65 79 47 28 23 50 26 13 3 5 21 23 42 80 53 43 55 77 63 65 31
67 15 24 11 8 11 22 29 8 7 67 36 5 2 13 15 32 23 31 22 24 18 16 12 25 12 5 14 22 19 30 36 17 9 7 3 4 4 3 2 1 0 0 0 0 0 0 0 0 1 4 2 1 0 0 0 0 0 0 0 0 0 0 0 1 6 8 5 5 12 37 47 78 83 82 58 38 55 16 18 43 15 5 2 10 31 42 57 66 24 56 83 74 68 78 41
15 23 10 9 7 5 8 13 9 14 45 18 8 3 8 12 27 8 21 13 13 16 14 10 16 23 9 4 2 13 13 27 11 6 7 5 2 1 2 2 1 0 0 0 0 0 0 0 1 2 2 0 1 0 0 0 0 0 0 0 0 0 0 0 1 4 2 1 8 28 39 48 80 86 67 50 32 38 39 10 15 11 3 3 12 17 38 62 36 38 76 66 64 65 60 51
14 9 18 18 7 6 2 4 3 4 13 5 16 6 4 9 24 8 5 16 6 4 2 17 18 29 3 2 1 3 18 30 25 10 4 2 2 1 1 0 0 0 0 0 0 0 0 0 0 1 1 1 0 0 0 0 0 0 0 0 0 0 0 0 2 1 0 3 14 30 45 74 71 69 62 52 31 21 38 12 6 7 3 3 10 16 45 51 34 26 33 52 45 40 56 62
25 13 9 19 20 12 9 3 2 6 5 4 12 13 3 7 13 13 4 4 3 4 3 35 14 17 8 1 1 1 4 6 21 16 7 3 2 1 1 0 2 1 0 0 0 0 0 0 1 1 1 1 1 0 0 0 0 0 0 0 0 0 0 1 0 0 1 6 17 51 58 78 75 56 31 12 9 8 13 12 8 2 1 3 8 12 30 27 17 13 32 27 19 34 53 66
28 14 7 9 12 20 7 2 1 5 6 2 2 5 2 3 7 10 3 2 2 1 1 4 1 3 13 1 1 1 1 4 16 17 6 3 3 7 5 2 1 0 0 0 0 0 0 0 0 0 0 1 1 0 0 0 0 0 0 0 0 0 0 0 0 0 1 4 19 73 68 64 78 66 30 13 3 1 3 6 4 2 1 1 5 11 21 11 7 25 34 42 71 58 72 64
58 25 12 3 8 12 19 2 3 6 8 3 1 3 2 1 3 9 2 1 1 1 0 2 0 1 6 3 1 2 0 1 6 31 15 5 2 1 1 1 1 0 0 0 0 0 0 0 0 0 0 0 0 1 0 0 0 0 0 0 0 0 0 0 0 3 5 17 40 43 77 78 58 70 54 22 11 4 1 1 3 2 0 0 1 3 5 3 8 22 32 69 71 61 57 62
39 70 20 8 2 4 3 3 3 5 4 2 4 1 2 1 1 9 3 1 1 1 0 1 1 0 2 3 1 1 1 0 2 8 24 9 3 3 3 2 1 0 0 0 0 0 0 0 0 0 0 0 0 0 0 0 0 0 0 0 0 0 0 0 1 4 8 6 16 39 65 55 45 41 62 27 10 3 1 0 0 0 0 0 1 1 1 4 14 25 56 62 40 53 64 63
7 49 60 28 10 4 1 6 2 2 2 2 5 2 1 1 1 9 3 2 1 0 0 1 2 0 1 1 1 1 1 0 2 2 2 16 4 1 2 2 1 0 0 0 0 0 0 0 0 0 0 0 0 0 0 0 0 0 0 0 0 0 0 0 1 1 1 6 47 52 52 48 31 33 30 22 10 3 3 1 0 0 0 0 2 7 6 4 10 30 31 23 28 51 68 61
4 22 28 43 13 6 2 5 4 1 3 2 2 2 3 2 1 2 5 1 1 0 0 0 1 0 1 1 0 1 2 0 2 2 2 1 12 4 3 1 1 0 0 0 0 0 0 0 0 0 0 0 0 0 0 0 0 0 0 0 0 0 0 0 1 1 4 7 35 61 52 65 46 10 9 13 7 6 3 1 0 0 0 0 2 5 15 26 10 9 9 22 40 53 77 55
9 12 10 23 8 4 3 3 4 3 2 1 2 3 2 2 1 1 3 2 1 0 0 1 2 1 1 1 0 1 2 1 0 1 1 4 4 1 5 2 0 0 0 0 0 0 0 0 0 0 0 0 0 0 0 0 0 0 0 0 0 0 0 0 0 1 3 14 33 42 76 61 54 23 7 3 6 3 2 1 0 0 0 2 3 7 19 42 36 30 34 24 43 53 79 67
5 9 3 9 9 9 5 3 3 2 1 1 1 1 1 2 1 1 1 1 1 0 0 0 0 1 1 1 0 0 0 0 0 1 2 4 4 1 7 1 1 1 0 0 0 0 0 0 0 0 0 0 0 0 0 0 0 0 0 0 0 0 0 0 0 1 3 8 29 21 61 53 36 26 28 7 5 3 1 0 0 0 0 1 5 12 21 36 53 48 47 47 42 68 91 78
6 4 4 2 4 2 2 2 8 5 2 0 1 1 1 1 1 1 1 1 1 1 0 0 0 1 0 1 0 0 0 0 0 1 6 9 3 2 1 1 1 1 0 0 0 0 0 0 0 0 0 0 0 0 0 0 0 0 0 0 0 0 0 0 0 1 3 19 35 46 48 54 39 21 13 11 4 2 0 0 0 0 1 0 1 9 14 25 40 27 49 56 75 91 91 75
2 4 2 2 1 1 1 1 1 1 1 1 0 0 0 0 0 0 0 1 1 0 0 0 0 1 0 0 0 0 0 0 1 2 2 5 7 16 12 5 1 1 0 0 0 0 0 0 0 0 0 0 0 0 0 0 0 0 0 0 0 0 0 0 1 3 12 28 36 49 50 49 41 26 6 3 4 1 0 0 0 1 3 2 2 1 4 7 13 33 39 68 68 89 88 68
1 2 1 1 0 1 0 0 0 0 0 0 0 0 0 0 0 0 0 0 0 0 0 0 0 0 0 0 0 0 0 0 0 0 1 1 1 1 1 0 1 0 0 0 0 0 0 0 0 0 0 0 0 0 0 0 0 0 0 0 0 0 0 0 1 1 4 8 29 48 28 50 23 13 4 2 1 1 0 0 0 1 3 5 16 9 13 13 28 52 59 65 79 78 65 50
0 0 0 0 0 0 0 0 0 0 0 0 0 0 0 0 0 0 0 0 0 0 0 0 0 0 1 0 0 0 0 0 0 0 0 0 0 0 0 0 0 0 0 0 0 0 0 0 0 0 0 0 0 0 0 0 0 0 0 0 0 0 0 0 1 3 3 8 16 13 20 28 21 7 2 1 1 0 0 0 0 0 1 3 6 19 36 37 52 76 70 53 68 49 53 39
1 0 0 0 0 0 0 1 0 0 1 1 1 2 0 0 0 0 0 0 0 0 0 0 0 0 0 0 0 0 0 0 0 0 0 0 0 0 0 0 1 0 0 0 0 0 0 0 0 0 0 0 0 0 0 0 0 0 0 0 0 0 0 0 0 2 3 12 9 11 19 11 9 2 1 0 0 0 0 0 0 1 2 5 7 25 68 63 25 36 74 84 51 17 19 31
3 1 0 1 1 1 1 2 1 2 3 5 6 4 2 1 1 0 0 0 0 0 0 0 0 0 0 0 0 0 0 0 0 0 0 0 0 0 0 0 0 0 0 0 0 0 0 0 0 0 0 0 0 0 0 0 0 0 0 0 0 0 0 0 1 2 4 3 5 7 7 4 5 1 1 0 0 0 0 1 1 2 4 9 29 34 29 8 20 58 87 81 73 18 7 9
7 2 1 4 4 5 5 5 6 8 7 5 6 10 4 2 1 1 1 0 0 0 0 0 0 0 0 0 0 0 0 0 0 0 0 0 0 0 0 0 0 0 0 0 0 0 0 0 0 0 0 0 0 0 0 0 0 0 0 0 0 0 0 0 1 3 6 3 1 1 3 3 1 0 0 0 0 0 0 1 3 4 9 24 22 7 4 10 31 77 83 65 37 34 4 1
9 6 3 10 10 20 10 13 23 13 19 12 20 10 7 4 6 2 1 1 1 0 0 0 0 0 0 0 0 0 0 0 0 0 0 0 0 0 0 0 0 0 0 0 0 0 0 0 0 0 0 0 0 0 0 0 0 0 0 0 0 0 0 0 1 2 4 3 1 2 1 1 0 0 0 0 0 0 0 1 2 9 7 5 2 2 7 22 43 64 62 52 18 35 6 1
20 15 9 24 42 61 42 33 52 40 34 23 47 32 24 14 4 1 1 3 1 0 0 0 0 0 0 0 0 0 0 0 0 0 0 0 0 0 0 0 0 0 0 0 0 0 0 0 0 0 0 0 0 0 0 0 0 0 0 0 0 0 0 0 1 2 7 3 1 1 1 0 0 0 0 0 0 0 0 1 3 3 2 0 2 8 15 45 60 42 44 20 10 13 17 1
59 60 46 33 36 35 21 11 37 19 20 18 21 31 29 8 7 6 6 6 3 0 0 0 1 0 0 0 0 0 0 0 0 0 0 0 0 0 0 0 0 0 0 0 0 0 0 0 0 0 0 0 0 0 0 0 0 0 0 0 0 0 0 0 0 2 7 6 1 1 0 0 0 0 0 0 0 0 0 1 1 0 0 2 4 10 19 61 66 83 31 5 3 4 7 1
46 33 57 34 28 38 32 23 16 13 19 29 16 11 20 37 26 7 1 1 1 0 0 0 0 0 0 0 0 0 0 0 0 0 0 0 0 0 0 0 0 0 0 0 0 0 0 0 0 0 0 0 0 0 0 0 0 0 0 0 0 0 0 0 0 1 3 8 3 1 0 0 0 0 0 0 0 0 0 0 0 0 2 4 6 10 36 32 47 57 48 7 1 0 3 2
47 15 43 40 12 5 14 20 25 19 9 7 38 11 13 26 10 7 3 2 2 1 1 0 0 1 0 0 0 0 0 0 0 0 0 0 0 0 0 0 0 0 0 0 0 0 0 0 0 0 0 0 0 0 0 0 0 0 0 0 0 0 0 0 0 0 1 4 3 1 0 0 0 0 0 0 0 0 0 0 0 1 2 4 13 26 33 28 20 17 45 10 2 0 0 1
