sesion_6_simulaciones/modelos_agentes/ejemplos_netlogo/scenarios/cgcm2_a2/rob_2029.asc
NCOLS 322 
NROWS 307 
XLLCORNER 451900 
YLLCORNER 4086900 
CELLSIZE 100 
NODATA_value -9999 
[rows 0 to 74 of 307, columns 96 to 191 of 322]
73 23 5 6 48 21 19 14 14 14 30 26 30 49 44 14 26 17 16 6 20 17 14 39 16 11 19 20 26 17 6 5 11 19 12 11 12 23 32 14 9 33 68 72 81 68 84 83 88 83 83 88 70 43 59 53 61 28 44 46 51 31 27 15 51 56 55 12 10 39 48 27 21 24 20 12 12 13 7 38 19 9 11 11 11 7 7 9 13 30 14 12 10 4 8 21
10 16 14 8 15 37 20 16 13 25 21 30 57 54 30 24 7 6 4 8 15 3 6 6 17 11 18 10 13 41 20 8 7 12 6 12 16 23 32 37 41 50 44 38 82 83 84 82 92 72 88 80 46 44 77 32 15 22 15 26 10 35 25 15 29 15 19 49 47 41 26 51 61 35 46 48 48 15 19 19 13 10 18 17 20 10 11 17 23 21 28 22 31 15 22 24
1 5 5 24 13 20 20 11 14 18 12 21 29 25 7 5 11 19 21 24 34 4 8 8 12 13 20 10 21 22 33 27 4 13 37 35 37 45 50 53 58 66 50 53 19 11 22 49 91 82 81 80 42 73 74 71 47 21 21 30 25 59 78 76 77 58 48 69 36 46 40 42 50 47 52 65 69 57 33 22 19 17 26 25 25 17 19 34 21 24 33 26 32 39 28 30
1 1 1 3 3 4 4 29 13 6 6 10 13 19 20 22 20 34 37 30 13 3 15 17 4 9 14 17 15 7 17 17 14 25 38 30 57 57 72 79 82 81 66 27 14 18 8 14 47 23 31 34 18 41 67 29 64 10 12 25 40 58 83 82 81 84 78 55 64 56 59 66 50 48 60 52 48 20 16 24 35 34 45 41 36 25 22 34 22 20 39 43 28 39 30 41
5 6 3 1 1 1 4 23 41 10 27 17 9 13 35 24 20 61 27 13 15 10 12 26 24 15 14 16 12 34 38 26 8 24 49 54 63 73 83 85 85 74 61 36 20 11 14 35 24 18 23 31 9 44 23 45 59 40 10 16 59 74 62 78 70 46 75 46 56 74 70 59 51 41 64 45 45 35 36 39 48 43 73 49 33 35 31 46 31 31 46 60 30 53 50 54
9 3 2 3 1 2 3 6 31 54 19 29 9 23 28 14 42 30 33 22 6 7 20 18 23 13 17 19 9 11 17 35 30 13 55 70 74 81 83 73 73 69 63 40 16 23 20 24 30 25 33 49 12 23 29 52 33 34 25 23 59 67 27 16 24 40 43 24 24 48 21 58 78 59 57 40 43 40 39 57 48 56 58 52 59 43 43 61 57 36 54 37 54 44 65 27
2 5 12 5 4 5 9 4 13 42 44 17 14 18 20 45 21 38 48 33 32 17 8 9 18 20 30 25 15 8 14 43 46 30 45 77 82 80 69 67 63 55 26 15 21 47 25 38 38 38 31 28 31 39 54 42 21 38 43 19 12 16 14 21 12 17 48 64 43 46 24 47 38 20 56 65 64 63 43 61 48 40 49 43 63 65 52 66 66 41 68 57 52 40 26 20
1 2 3 3 2 5 5 2 6 25 74 72 66 44 34 18 19 36 25 26 42 61 19 32 47 32 29 12 23 20 19 23 43 65 45 61 68 69 60 54 44 15 19 14 39 31 25 47 40 40 25 26 47 59 46 47 38 58 64 65 47 21 4 4 20 13 38 20 43 25 43 33 16 35 21 51 57 84 65 37 58 67 51 55 78 54 55 57 61 57 47 35 16 21 20 13
1 1 3 5 3 6 4 3 6 6 24 63 76 78 53 67 25 20 18 47 44 20 22 33 29 14 26 24 17 24 38 32 52 72 79 47 26 31 17 13 19 10 8 16 39 30 15 28 33 28 27 19 70 47 42 57 45 56 24 46 67 52 28 4 15 19 11 10 5 16 46 41 20 20 40 23 33 37 47 69 61 83 53 60 44 30 35 75 51 49 39 72 48 30 21 25
2 1 1 1 5 11 5 2 3 7 16 3 6 7 6 5 29 21 25 28 30 20 30 21 44 36 29 23 29 33 35 66 58 46 60 51 42 36 15 10 4 4 5 14 38 21 8 9 17 29 29 21 29 75 67 70 21 35 18 60 49 49 14 17 5 11 7 5 13 28 28 34 38 29 36 53 23 18 57 62 39 63 49 46 29 36 25 34 34 49 25 34 69 62 22 14
4 1 3 6 11 5 9 9 12 2 6 3 15 10 7 9 24 7 42 21 31 22 29 29 49 19 14 22 35 50 65 63 80 66 41 35 28 43 36 15 7 3 2 4 16 6 5 10 20 16 29 17 31 39 72 56 33 24 34 56 28 28 16 5 10 13 15 6 23 32 35 41 24 16 42 57 39 17 15 46 32 20 43 58 34 37 24 26 59 43 38 25 56 76 46 24
4 3 8 7 7 13 10 23 21 15 4 7 16 25 20 18 22 40 43 27 65 43 21 31 29 27 15 19 26 76 74 63 59 49 35 23 21 27 28 15 6 2 2 6 7 4 4 17 10 14 36 16 25 41 25 34 28 31 42 38 17 17 34 23 10 8 22 18 23 49 63 62 16 25 42 52 37 18 17 51 31 7 28 57 29 36 28 20 36 22 15 21 36 49 52 46
2 4 4 9 13 10 11 9 10 17 17 10 3 5 9 27 39 21 48 40 66 67 27 22 18 23 14 26 41 57 75 50 43 32 28 26 27 8 11 20 5 2 2 7 6 3 5 7 11 21 35 25 26 45 28 24 34 34 44 17 14 17 27 23 12 8 7 19 30 18 31 34 24 23 29 51 28 22 8 15 27 6 34 64 27 29 33 17 10 24 17 8 10 23 49 59
2 2 1 3 3 2 2 2 9 14 22 14 14 13 16 9 30 16 61 28 18 17 50 35 32 18 25 55 58 44 46 43 29 11 9 8 6 4 3 4 5 1 0 0 2 1 3 5 19 33 42 34 23 24 14 27 39 35 34 30 12 11 29 32 21 17 8 8 9 6 3 3 12 25 29 40 29 38 22 12 5 8 15 48 50 20 22 22 12 8 17 8 14 34 66 39
1 0 1 2 2 1 0 3 4 6 13 11 17 19 18 13 9 10 49 31 17 44 56 32 37 32 35 28 47 50 24 14 11 12 13 8 7 5 2 1 4 1 2 1 0 1 2 7 9 28 27 23 17 21 13 33 39 36 40 40 7 18 26 30 20 12 5 6 3 2 2 13 39 40 33 39 42 36 18 16 23 7 18 42 54 19 7 8 9 6 4 3 9 21 28 26
25 2 4 2 3 8 4 3 2 2 2 2 2 4 5 8 14 20 9 4 13 20 11 46 38 50 25 27 20 15 15 31 33 28 16 17 26 20 7 1 1 1 0 1 0 1 0 3 7 8 12 9 8 8 15 11 23 24 39 35 6 16 6 28 42 22 7 7 7 1 5 20 37 45 25 16 28 34 41 31 18 14 14 26 53 77 33 20 7 5 4 2 8 38 25 17
1 3 7 5 7 6 14 7 3 4 7 8 3 2 5 15 16 22 13 20 19 7 11 19 57 45 45 53 71 50 36 19 21 28 26 37 44 32 12 1 2 2 1 1 3 3 2 1 2 3 2 2 2 2 5 13 21 31 35 37 9 25 17 23 35 9 6 6 4 3 6 29 26 37 14 11 21 20 34 25 20 14 15 15 46 67 66 14 7 5 3 2 6 22 26 26
1 6 7 34 28 9 5 6 2 2 5 2 3 3 4 6 17 14 21 23 12 10 13 13 36 45 18 33 29 21 36 31 40 25 56 67 41 40 15 7 10 10 6 6 10 10 8 3 1 0 0 0 0 0 1 13 42 65 38 14 25 20 18 12 20 17 7 12 4 4 31 32 42 32 12 18 39 25 22 26 11 8 5 3 23 31 30 28 13 5 4 2 2 8 13 4
4 7 11 6 2 18 3 3 1 2 2 2 1 1 1 2 5 10 11 6 12 14 13 12 50 69 41 38 29 47 53 55 36 57 61 58 21 17 16 25 17 22 26 33 24 11 14 7 3 2 1 1 1 0 0 1 30 46 23 16 14 21 12 9 15 5 7 7 2 19 52 48 36 45 14 13 37 30 25 58 24 11 5 2 5 14 19 17 21 7 4 3 1 4 22 3
16 9 2 2 0 7 22 3 2 2 7 7 6 4 4 13 4 4 6 8 16 20 25 13 36 43 37 47 52 49 52 69 61 53 50 25 38 36 23 29 46 48 31 12 12 5 8 9 4 2 2 0 1 1 1 1 4 8 15 21 13 8 7 21 19 3 7 24 51 34 50 66 28 61 22 9 24 39 24 51 36 24 11 3 2 12 25 14 26 10 6 2 1 1 11 8
11 5 2 4 1 9 11 15 6 11 12 9 8 3 4 3 2 7 9 10 9 11 9 6 24 41 35 18 18 43 32 29 46 55 62 39 32 40 23 53 21 17 21 10 5 4 4 6 4 2 2 2 1 1 2 1 2 7 14 16 4 4 29 24 15 4 13 22 33 47 32 36 16 20 38 23 11 9 9 48 12 8 17 7 4 1 12 5 23 5 6 2 1 1 2 5
15 3 3 3 14 11 16 25 21 24 31 18 11 6 9 4 6 4 3 20 12 13 13 12 42 27 46 40 22 29 30 41 43 58 65 55 67 38 50 18 22 9 4 3 6 5 13 6 5 1 2 1 1 1 2 2 2 4 12 14 18 4 7 11 7 9 25 6 20 37 38 23 22 9 26 33 15 6 8 50 60 16 4 17 7 1 1 2 17 9 7 4 1 1 1 5
9 3 1 5 21 14 4 11 9 7 3 9 21 10 4 4 4 5 4 14 33 24 26 17 41 15 25 49 28 18 48 59 60 29 16 68 63 31 29 24 24 22 6 2 2 5 2 1 1 1 2 1 1 1 1 1 1 1 5 4 4 5 4 4 6 19 28 3 16 10 24 29 20 4 4 18 16 19 6 23 54 21 19 4 6 2 0 1 11 16 2 6 2 1 1 3
14 4 1 5 21 19 9 18 38 11 27 14 13 51 36 20 15 12 10 39 27 39 32 21 38 32 21 50 52 31 27 24 11 8 9 24 33 41 17 30 22 25 14 8 3 1 0 0 0 0 1 0 0 0 1 0 0 1 1 3 5 5 4 7 20 18 13 5 10 9 9 17 13 10 6 24 23 11 7 3 18 22 7 15 3 1 1 1 1 5 1 2 2 1 0 1
17 12 2 6 27 19 15 8 45 22 8 22 32 39 43 42 57 18 22 19 40 44 63 40 28 29 49 38 64 41 21 13 28 26 17 2 9 27 29 11 18 28 28 23 7 4 2 1 1 1 0 0 0 0 0 0 0 0 1 3 9 5 9 12 6 20 8 11 12 9 5 9 15 17 3 15 22 8 7 3 8 18 4 1 6 2 1 1 1 1 1 1 2 1 0 0
37 26 11 15 33 11 24 7 20 28 25 24 41 51 57 37 56 62 25 25 55 78 78 83 75 66 65 48 65 50 65 60 69 43 20 18 19 13 10 18 36 20 22 21 20 13 8 4 3 2 1 1 1 1 1 0 0 0 3 6 7 6 5 7 5 14 13 18 5 13 4 3 11 6 2 7 7 3 3 3 2 4 13 1 1 1 1 0 0 1 0 1 0 0 0 0
26 21 36 35 37 10 18 13 32 44 37 26 27 63 73 58 57 79 65 76 78 79 85 81 70 76 72 66 73 78 42 21 36 44 39 21 27 20 8 5 24 26 26 36 22 16 12 7 6 4 3 2 2 2 1 2 1 1 3 3 5 3 2 3 3 17 7 15 10 10 2 3 4 4 2 5 4 7 1 2 2 1 2 1 1 2 0 0 0 0 0 0 0 0 0 0
15 34 32 27 40 38 42 31 38 54 51 65 56 65 75 87 83 70 78 44 49 57 65 77 67 63 74 69 72 74 19 11 10 9 22 28 38 20 24 15 13 31 32 22 18 14 10 25 15 6 4 4 3 3 3 3 2 1 2 2 2 2 2 5 12 21 15 6 8 3 4 1 3 3 2 1 1 3 3 1 2 1 1 1 0 1 0 0 0 0 0 0 0 0 0 0
19 43 32 25 43 38 40 37 47 65 76 83 87 88 91 88 81 75 84 68 38 19 45 59 36 33 25 46 50 44 32 7 6 4 6 10 19 14 16 20 7 13 13 12 6 5 3 6 8 7 11 10 5 4 4 7 3 1 1 1 1 2 7 10 14 8 4 4 2 5 3 4 2 1 2 1 1 1 2 1 1 1 1 0 0 0 0 0 0 0 0 0 0 0 0 0
22 42 24 30 60 55 50 65 77 85 87 87 82 85 81 87 75 74 89 41 66 28 15 29 18 9 10 11 14 17 31 22 16 3 5 3 8 6 5 14 11 7 15 4 6 4 2 3 3 2 2 2 1 3 2 1 4 2 1 1 1 3 8 8 8 5 2 4 7 3 4 2 1 1 1 0 1 0 1 1 1 1 0 0 0 0 0 0 0 0 0 0 0 0 0 0
15 53 47 47 60 74 80 85 78 87 81 87 67 83 73 78 56 60 81 68 28 35 16 7 6 4 2 2 6 7 11 42 19 7 7 5 12 23 20 12 12 6 5 2 2 2 2 1 0 1 1 3 6 6 2 2 6 3 4 1 2 3 6 4 6 2 1 2 5 4 2 1 0 1 1 0 0 0 0 0 0 0 0 0 0 0 0 0 0 0 0 0 0 0 0 0
38 58 72 73 85 89 87 87 79 80 72 84 68 65 44 64 48 58 63 68 16 34 32 11 6 1 1 1 2 3 3 8 12 7 7 8 4 8 8 8 5 4 5 7 5 3 3 1 2 2 7 19 17 8 13 2 7 6 1 0 0 2 1 3 2 2 1 1 1 1 1 1 0 0 0 0 0 0 0 0 0 0 0 0 0 0 0 0 0 0 0 0 1 0 0 0
65 77 81 84 84 81 87 76 74 59 78 53 29 39 34 34 37 41 47 56 21 11 13 9 7 4 2 2 6 6 7 16 13 5 15 12 15 15 22 14 22 12 17 15 15 11 6 5 3 5 8 28 38 34 24 8 11 7 3 3 1 0 0 0 0 0 1 0 0 0 0 0 0 0 1 1 1 1 1 1 1 1 1 1 1 2 1 0 1 0 0 0 1 0 0 1
78 79 81 69 80 77 82 64 58 38 45 9 16 11 14 20 20 15 17 36 17 6 3 2 4 6 7 5 9 4 22 35 35 24 35 35 30 23 27 26 24 24 22 19 27 15 16 7 3 16 18 23 41 28 17 13 28 12 9 15 7 4 3 3 2 2 4 2 1 1 1 1 2 2 2 1 2 2 2 2 2 2 1 1 4 2 1 1 1 0 1 0 1 0 2 2
25 32 46 36 59 55 66 61 24 5 2 3 6 3 3 3 4 6 16 25 16 4 5 9 5 5 24 17 28 19 29 37 40 38 40 58 46 24 44 39 32 45 38 34 22 19 19 13 9 13 23 27 44 60 39 36 24 16 20 18 12 12 10 12 10 7 10 6 4 2 3 3 3 3 6 3 3 6 3 5 5 2 3 3 8 2 1 1 1 1 1 1 2 2 2 4
30 18 10 9 5 5 17 21 17 5 3 3 6 5 2 1 1 1 6 10 6 3 22 6 16 26 41 35 51 38 37 34 54 45 36 54 50 30 46 50 39 53 32 27 25 28 39 25 13 16 33 36 21 71 53 59 28 30 36 23 30 18 14 13 13 6 14 6 3 5 5 5 9 4 8 4 4 9 8 7 4 4 6 6 5 2 2 2 2 2 2 2 7 4 2 3
55 63 47 18 15 10 2 6 8 3 5 5 4 2 1 1 0 3 2 4 10 25 34 18 39 38 48 48 39 17 6 18 44 45 41 50 38 42 52 59 60 37 38 33 31 48 36 21 29 24 44 56 41 74 71 37 63 52 43 26 31 23 31 26 14 14 10 8 7 4 7 12 12 7 12 10 8 14 7 9 7 10 11 17 7 3 1 5 2 3 4 5 6 2 7 4
64 46 38 21 11 7 7 7 14 14 14 12 6 2 2 4 5 5 9 16 41 51 50 28 46 36 37 49 49 42 27 20 46 43 49 43 38 46 44 56 26 20 48 50 39 73 44 42 48 22 60 41 76 80 54 61 72 56 31 44 29 39 31 19 10 18 14 11 5 11 19 25 21 11 16 17 19 20 10 8 10 15 14 10 5 2 2 7 5 3 9 11 10 3 2 13
43 50 48 34 31 16 27 25 34 35 33 34 17 10 8 13 7 11 22 31 49 38 21 43 58 42 25 37 53 52 41 26 39 50 32 62 45 71 55 40 43 28 55 38 30 75 57 57 41 31 49 77 76 64 59 53 64 70 39 52 49 52 36 16 32 26 26 13 5 15 25 51 32 19 24 27 30 17 12 8 17 36 28 18 11 3 9 23 10 3 8 23 21 6 3 15
70 68 38 37 21 32 47 43 42 57 48 43 32 26 26 19 20 31 33 41 54 44 48 61 51 37 38 54 44 55 29 46 31 26 56 67 65 53 57 40 41 25 57 22 18 56 64 63 40 46 61 50 77 29 24 19 44 63 35 63 72 53 42 59 39 34 16 6 9 33 40 70 50 29 35 47 59 26 25 11 27 54 24 12 9 7 18 33 17 7 5 43 53 19 8 16
50 59 39 50 36 48 58 61 59 57 67 53 42 38 53 22 25 42 44 46 61 63 44 66 51 51 56 52 46 65 36 56 38 34 41 69 38 52 38 55 43 44 49 30 49 47 77 63 33 48 67 65 64 45 37 27 35 45 34 76 78 66 62 58 20 31 9 8 13 42 60 69 64 42 52 62 71 24 35 14 45 71 35 12 9 13 30 48 26 12 9 38 56 33 7 22
48 55 65 48 35 46 64 54 50 53 72 58 47 59 42 38 26 49 61 45 44 56 65 66 53 51 44 38 35 82 46 63 42 44 53 72 63 50 37 48 36 54 44 35 49 49 63 40 47 35 50 84 71 59 42 43 67 40 45 74 65 68 82 41 45 33 17 17 31 35 70 73 73 40 51 71 56 29 53 23 35 65 46 32 18 19 44 62 36 20 13 30 57 27 18 31
37 39 51 35 29 26 57 50 39 50 50 49 44 56 48 43 46 43 56 52 45 31 42 63 63 55 61 40 32 45 65 78 47 39 58 77 54 32 37 51 38 56 45 39 45 57 45 46 42 43 44 73 39 45 53 50 67 37 59 65 57 71 41 52 71 32 25 25 51 40 64 84 62 35 58 76 63 40 66 34 44 68 42 41 38 26 25 66 64 31 17 38 62 38 27 38
20 42 26 26 30 32 52 57 32 55 50 57 56 45 42 54 43 41 46 54 36 30 26 59 65 52 65 30 35 59 62 71 33 43 67 57 46 53 43 60 62 34 43 61 60 49 36 74 47 43 38 60 29 43 48 68 67 76 66 40 35 26 45 77 39 47 53 28 41 57 51 75 38 37 61 76 50 47 62 30 61 66 47 50 49 50 22 28 72 36 30 37 65 60 50 42
16 19 23 25 41 18 29 27 38 46 42 57 46 42 44 46 40 33 31 38 47 28 54 49 64 61 56 49 15 42 71 79 20 39 54 77 43 25 37 42 65 44 46 35 40 54 56 22 50 58 54 65 62 44 61 61 82 72 57 75 61 39 64 48 62 67 39 38 47 66 45 69 36 41 54 74 47 63 66 33 49 52 41 69 68 61 37 28 73 58 35 49 58 46 55 43
8 13 24 28 34 13 35 30 36 44 47 63 43 27 32 40 45 52 33 16 18 16 62 14 41 59 57 46 23 42 50 57 16 21 70 29 22 17 59 23 61 43 54 45 48 46 44 79 82 91 85 75 73 72 60 73 78 62 62 67 56 57 62 35 66 43 49 50 57 76 45 61 47 62 34 53 43 64 51 42 60 44 45 61 74 43 55 36 48 47 56 44 71 77 78 64
12 9 30 10 15 45 10 16 29 39 52 50 30 44 18 47 16 42 33 17 10 25 38 24 40 56 56 64 22 23 19 44 49 47 32 28 42 45 55 47 55 47 54 74 52 81 64 87 69 78 61 62 64 84 85 79 76 44 46 78 59 56 31 44 72 56 56 60 65 78 80 71 73 64 50 77 46 76 44 43 78 39 73 63 69 48 64 49 40 66 66 72 69 76 77 87
3 11 5 5 9 20 45 13 29 21 14 21 12 28 19 31 22 38 32 36 24 35 36 52 20 28 45 37 52 56 29 19 34 31 74 81 70 64 81 92 82 82 75 92 75 60 86 86 52 72 63 53 61 81 80 66 74 78 69 85 69 79 74 67 60 64 72 63 54 52 68 76 63 81 86 82 82 91 85 67 69 76 76 75 44 86 85 74 67 38 54 48 58 76 59 59
3 6 8 14 36 55 22 13 5 1 3 7 12 31 30 29 25 42 25 25 32 34 34 58 45 33 21 21 27 26 21 34 35 11 21 70 80 36 44 83 83 82 70 84 90 58 63 69 72 69 77 35 44 78 82 51 87 83 93 89 61 72 64 75 69 79 65 77 84 30 42 75 74 49 75 80 63 80 64 89 56 68 80 71 51 81 76 61 86 78 69 35 46 61 42 31
2 2 8 2 3 7 3 4 1 10 12 13 36 29 16 30 14 35 17 20 31 25 41 52 43 37 16 20 42 49 34 9 18 16 13 29 41 23 22 66 72 47 74 89 81 39 53 44 55 58 71 37 43 65 64 74 69 67 80 86 60 28 42 75 79 81 75 70 64 74 31 63 82 46 70 82 38 30 34 85 78 53 49 52 67 72 71 75 86 76 45 72 27 22 53 57
4 5 3 2 6 14 14 4 2 9 14 24 15 24 14 27 21 24 15 16 16 30 39 29 40 44 7 13 22 36 28 15 27 11 14 11 19 54 33 69 44 60 51 54 86 67 44 32 49 43 60 61 36 71 72 89 53 78 91 90 77 24 55 67 71 82 72 79 53 80 47 39 71 46 66 83 55 39 30 75 68 71 19 17 29 61 73 64 76 60 24 79 42 23 32 45
3 6 1 4 2 4 12 10 8 9 17 29 21 11 27 39 23 23 11 14 27 31 19 20 27 23 5 13 15 34 31 21 16 14 18 22 18 23 57 86 55 65 49 68 73 77 45 39 61 47 82 83 53 65 85 90 60 86 90 83 80 46 76 81 68 60 49 41 57 86 50 29 50 30 68 71 86 45 46 80 56 71 63 24 20 34 53 48 48 32 58 90 41 19 9 8
3 4 2 2 17 3 4 18 4 6 20 18 14 15 20 36 39 21 16 25 12 18 13 12 22 34 15 20 40 51 58 40 34 38 44 43 30 38 63 67 66 29 30 69 77 56 33 29 42 50 72 67 69 48 75 88 66 73 81 77 82 73 75 87 47 50 61 33 59 76 71 43 15 29 78 76 78 67 39 81 39 56 75 41 18 13 38 31 34 14 71 89 65 33 26 7
28 1 1 2 3 3 3 7 8 12 26 20 6 11 16 28 25 11 12 14 21 15 11 9 13 25 30 61 78 34 39 28 60 54 45 40 20 36 49 51 77 41 54 36 83 43 46 38 21 38 62 65 48 27 30 65 62 72 81 77 88 73 76 77 76 53 55 40 49 56 82 55 25 21 60 68 77 75 48 60 51 47 62 77 33 14 8 9 9 19 58 49 80 36 25 9
3 6 10 5 5 1 6 3 1 5 16 15 3 4 28 16 8 14 12 19 27 18 14 25 6 12 10 18 53 32 25 64 45 40 64 48 27 15 7 32 35 24 9 8 40 33 66 57 18 13 31 16 28 15 13 20 19 53 55 59 66 65 58 60 85 48 47 36 10 68 94 39 23 18 57 45 43 54 28 34 37 11 54 78 56 23 4 5 6 12 8 30 84 35 16 14
1 5 14 21 36 2 3 3 3 4 12 2 2 2 15 6 5 13 13 9 24 20 14 25 46 72 37 27 33 32 40 38 62 60 49 42 36 40 21 12 16 39 20 10 17 23 31 38 33 12 13 11 26 15 17 33 22 13 21 36 37 16 21 58 88 67 32 28 35 67 88 47 16 10 19 27 45 28 39 42 31 7 28 58 73 15 7 3 15 18 11 27 89 53 37 33
3 11 4 25 28 38 17 6 26 7 16 2 3 2 5 5 6 6 8 25 7 48 25 29 57 71 65 22 22 50 47 31 51 58 30 16 46 40 17 17 20 51 32 19 26 22 21 15 13 6 11 30 40 35 29 27 20 14 11 8 3 1 8 65 70 66 39 14 17 52 69 69 53 17 10 23 34 21 19 11 27 16 9 53 67 38 9 4 14 11 32 74 77 81 48 34
13 27 37 16 18 31 52 5 5 5 11 37 10 4 9 4 3 10 4 3 3 10 9 18 46 63 44 60 55 65 40 26 48 32 45 43 32 48 23 34 27 39 43 25 13 37 20 21 12 4 8 34 45 54 47 41 28 23 19 15 20 17 17 34 35 46 34 9 4 22 23 65 69 21 8 22 30 16 8 15 34 12 7 7 54 66 10 3 15 23 24 47 29 75 28 11
1 3 5 26 30 31 18 3 12 15 49 46 45 25 33 31 4 9 6 4 7 5 16 13 23 26 45 61 52 43 31 33 22 12 48 47 19 19 28 44 35 43 36 26 10 16 44 31 18 8 7 16 49 58 52 50 35 35 28 27 52 55 59 45 32 30 23 13 4 2 15 30 74 42 31 6 15 17 7 1 5 9 9 19 35 60 18 5 3 9 12 11 57 67 83 30
1 2 7 27 53 48 78 23 42 19 30 14 44 41 39 19 18 2 2 3 8 14 8 15 29 17 31 38 29 23 15 40 54 38 54 36 29 36 48 23 42 41 24 27 33 34 43 41 24 14 6 7 18 38 35 45 50 45 24 18 13 22 26 29 44 40 43 30 15 1 3 29 35 36 27 20 9 3 5 4 14 10 4 6 7 40 32 5 2 4 7 9 8 40 44 47
46 26 12 11 8 54 35 12 16 62 29 30 13 18 15 9 23 6 5 3 3 5 10 29 42 11 27 36 32 38 36 69 46 29 32 38 26 25 17 7 13 39 52 34 49 38 32 25 24 22 16 5 3 4 19 19 15 35 39 27 22 18 11 12 14 29 35 38 35 27 14 34 23 42 13 13 9 5 7 4 4 4 2 10 6 29 44 4 1 6 10 7 7 11 43 52
34 46 38 15 10 46 69 52 22 27 28 20 5 16 11 8 11 19 4 12 13 18 12 31 21 23 10 15 14 13 8 13 15 35 29 28 29 30 32 27 16 6 11 48 46 61 48 31 26 10 14 10 6 2 4 7 6 5 11 13 16 22 26 15 5 6 20 29 29 18 22 41 20 48 25 11 11 11 5 2 3 5 2 4 7 4 27 7 1 3 8 9 3 3 35 47
16 17 76 51 21 44 23 58 57 47 49 15 6 27 18 35 32 25 9 14 8 21 28 20 18 18 25 58 37 24 32 45 34 38 40 56 54 54 49 51 48 34 15 8 6 34 41 35 20 12 7 11 5 2 1 1 1 1 1 1 2 5 4 7 9 3 3 6 6 7 19 18 15 14 16 15 21 14 6 6 5 4 1 2 8 14 7 12 2 0 4 7 4 17 57 12
13 14 39 26 24 23 5 3 69 85 84 78 19 35 24 13 11 46 13 23 17 15 18 16 45 20 48 59 35 43 59 57 37 44 52 58 53 58 53 52 53 39 50 35 27 12 5 3 13 12 14 3 3 1 2 4 4 4 3 2 2 1 0 1 1 1 1 0 1 3 5 9 7 6 4 3 3 9 8 6 3 2 5 4 4 7 5 13 5 1 1 5 17 46 19 41
23 18 27 65 47 21 24 14 12 81 24 25 35 26 30 33 33 5 18 29 4 6 5 25 37 25 33 31 27 30 26 27 44 52 49 51 66 71 54 63 65 64 54 50 46 27 19 16 7 3 2 2 2 5 7 12 11 12 8 11 3 1 1 3 3 4 2 2 0 0 1 3 2 1 1 1 1 3 4 8 6 1 1 1 1 1 4 7 10 2 1 4 45 15 16 22
29 21 27 38 34 45 61 17 5 6 4 6 9 16 22 67 18 34 30 35 14 8 12 18 13 15 39 37 50 36 28 34 40 49 62 61 57 58 53 69 63 47 40 38 38 21 19 23 15 12 12 10 11 22 21 19 29 25 23 13 4 3 3 6 6 3 4 2 0 1 1 0 0 0 0 0 1 1 0 0 1 1 1 0 0 0 2 3 4 2 1 13 14 5 21 17
47 29 16 6 36 40 77 62 49 46 32 19 8 11 51 34 75 71 45 36 55 31 28 10 5 13 32 31 20 26 25 53 63 35 14 35 63 62 42 34 47 51 37 27 32 20 28 26 27 23 25 16 17 32 42 39 35 35 35 20 7 8 13 11 15 14 11 6 2 1 0 0 0 0 0 1 3 1 1 1 1 0 0 0 0 0 0 1 3 4 1 14 2 1 11 18
43 38 30 38 33 50 37 29 32 66 33 48 14 26 46 71 85 74 50 42 61 19 27 40 31 26 30 11 22 24 60 22 23 24 40 45 64 75 68 61 61 48 55 43 44 34 36 36 37 21 45 40 38 34 48 51 66 59 49 25 8 23 20 29 25 36 22 13 7 2 1 1 1 2 3 6 8 4 2 2 3 3 1 0 1 0 0 0 1 4 2 9 1 1 9 28
46 42 14 12 36 32 68 63 43 45 55 66 50 25 51 86 81 64 43 66 24 58 23 33 25 13 5 33 12 34 23 11 11 56 40 50 55 65 68 64 63 46 45 47 46 46 49 61 47 33 41 61 43 45 62 72 75 56 32 21 20 33 43 42 41 54 36 18 9 3 6 6 6 10 9 10 17 8 7 6 7 5 2 4 3 1 1 0 0 1 1 1 1 1 3 6
40 48 37 13 44 57 67 61 81 62 49 30 18 55 75 70 62 49 48 86 30 74 31 38 33 28 24 43 40 14 18 24 27 54 54 63 65 76 58 68 69 54 29 48 48 45 57 70 65 39 38 68 63 53 67 79 71 51 31 23 25 57 54 56 67 54 33 21 7 6 10 10 11 23 18 28 27 26 13 14 20 12 8 13 6 4 1 0 0 1 1 1 1 0 1 2
39 13 35 18 9 50 45 36 50 69 65 56 15 41 72 63 17 25 69 82 27 84 40 34 69 59 20 45 45 59 22 12 31 32 57 43 32 36 47 40 62 45 54 51 53 38 65 50 74 44 73 66 64 53 77 85 64 56 34 48 48 61 58 69 74 58 40 29 10 20 28 28 15 29 45 41 42 29 21 27 34 23 18 18 4 2 1 0 0 0 0 1 1 0 1 0
34 32 22 33 11 22 62 71 71 55 32 34 17 35 54 66 35 59 88 66 40 79 48 38 33 52 38 61 60 26 56 63 35 35 35 43 19 35 26 49 55 48 49 66 49 54 60 64 44 44 86 45 66 56 85 65 59 62 39 50 49 61 73 79 60 62 41 24 19 33 42 42 22 47 45 62 63 43 33 40 54 34 32 8 2 2 2 2 1 0 0 0 0 0 0 0
49 25 32 26 31 28 38 57 51 56 60 37 60 25 14 9 53 90 81 60 65 68 60 69 69 47 26 52 51 53 56 24 22 17 31 11 17 29 31 68 39 55 65 60 37 54 60 66 71 70 47 39 68 82 59 68 52 41 46 45 44 62 82 69 65 44 27 27 42 58 56 55 42 56 40 47 60 35 45 51 65 24 9 6 6 7 9 3 2 0 0 0 0 0 0 0
42 38 29 26 56 35 52 74 41 45 42 53 68 68 14 6 26 35 29 18 40 75 68 46 38 50 37 43 39 40 23 5 18 30 6 21 31 34 52 46 40 37 68 33 37 40 51 74 35 31 42 51 65 76 60 47 27 38 60 59 46 80 75 72 62 60 40 37 48 66 64 49 51 61 49 23 73 55 57 71 34 25 15 13 30 27 9 3 2 1 0 0 0 0 0 0
37 65 44 25 23 27 23 48 21 25 23 66 42 70 66 57 25 12 20 31 71 78 66 51 48 26 24 7 26 49 27 23 43 45 30 22 26 28 54 23 24 27 49 21 29 41 40 17 22 45 33 66 80 65 49 28 39 49 64 45 37 85 77 62 63 64 40 55 67 68 56 69 54 65 45 46 55 63 43 32 16 28 40 27 11 3 3 3 2 2 1 1 1 0 0 0
