sesion_6_simulaciones/modelos_agentes/ejemplos_netlogo/scenarios/cgcm2_a2/rob_2036.asc
NCOLS 322 
NROWS 307 
XLLCORNER 451900 
YLLCORNER 4086900 
CELLSIZE 100 
NODATA_value -9999 
[rows 0 to 73 of 307, columns 192 to 287 of 322]
41 38 20 12 32 56 31 14 14 17 17 6 4 3 4 3 2 2 3 3 2 2 1 2 3 5 2 5 7 18 5 1 1 0 0 0 1 1 0 1 2 1 1 5 7 10 7 14 26 34 21 25 34 43 44 56 43 81 50 41 10 14 20 48 58 44 60 55 28 39 23 13 18 21 42 25 21 40 56 30 17 18 17 18 16 11 30 27 27 29 12 26 37 61 22 7
52 31 37 35 39 58 20 28 39 22 15 10 16 13 7 6 8 1 3 4 4 2 1 1 1 6 1 2 1 3 15 6 1 0 0 0 0 0 1 1 2 0 0 1 2 4 8 8 21 63 76 58 41 44 45 43 70 66 66 22 27 16 49 43 54 50 58 43 45 21 7 25 13 20 52 27 53 40 37 35 29 34 35 19 14 7 19 28 30 28 17 30 27 32 17 15
33 58 39 38 59 51 37 17 10 24 24 23 34 33 17 25 13 11 15 14 11 4 2 1 1 1 1 0 0 1 1 5 3 1 1 0 0 0 0 0 0 0 2 4 4 9 10 14 25 41 50 48 58 51 66 73 41 34 45 26 23 33 43 32 37 63 32 28 21 28 15 16 14 20 61 25 57 50 27 41 31 26 31 30 14 5 12 16 29 23 16 44 25 39 15 3
43 44 65 55 42 37 34 34 33 52 29 46 58 44 36 47 30 14 20 30 18 13 8 3 2 1 0 0 0 0 0 1 0 1 0 0 0 0 0 0 1 1 1 1 3 13 11 14 6 13 11 16 30 58 46 53 51 18 27 34 37 22 25 45 34 57 46 39 51 21 30 26 9 9 43 25 32 25 33 39 30 30 30 31 16 5 11 23 38 17 29 26 23 35 11 3
32 24 45 16 48 56 51 35 50 47 42 32 35 27 36 52 36 41 42 41 34 14 9 9 4 5 2 4 3 0 0 0 0 0 0 0 0 0 0 0 0 1 1 2 2 3 4 8 25 44 51 46 45 40 65 65 30 24 8 11 35 35 30 44 45 55 37 27 17 12 9 9 12 7 21 21 17 29 53 61 51 20 20 41 35 25 3 21 23 31 32 17 33 45 17 3
33 27 42 37 25 32 50 26 48 38 25 33 12 31 40 40 47 42 15 13 24 11 7 11 8 7 3 5 4 1 1 1 0 0 0 0 0 0 0 0 0 1 1 3 8 21 27 38 37 25 32 37 47 59 80 54 35 24 8 44 65 66 60 62 45 64 28 37 42 34 42 29 23 17 12 16 22 21 32 27 39 61 43 33 34 23 7 14 20 23 11 16 30 28 19 5
25 13 15 32 23 18 47 18 13 22 30 56 29 13 27 40 32 36 18 6 8 18 23 27 10 9 9 5 5 4 3 2 1 1 1 0 0 0 0 0 0 1 2 4 16 10 15 23 42 33 46 78 39 64 69 37 25 26 14 31 48 59 58 58 69 63 50 43 44 19 29 27 18 27 23 11 5 17 35 39 29 53 34 16 9 32 10 9 10 10 12 25 42 54 14 13
18 13 12 16 33 24 39 48 14 6 12 19 39 9 4 12 7 14 17 8 6 11 5 12 10 8 8 5 8 5 5 4 3 3 2 1 2 1 0 0 0 2 3 7 11 16 22 46 67 63 63 39 58 51 58 29 18 8 16 22 33 32 29 27 26 55 32 26 45 27 26 20 23 27 26 16 5 24 43 22 47 62 39 16 10 23 17 8 9 19 21 23 48 33 19 15
32 23 21 11 17 15 24 49 47 19 8 8 14 24 10 7 4 13 17 11 9 14 3 6 20 12 9 9 9 11 9 9 8 7 4 3 1 0 0 0 1 2 4 6 24 18 14 32 39 53 38 32 65 46 41 16 8 38 63 51 64 53 58 46 55 76 45 34 16 17 24 20 20 21 16 9 6 11 16 27 41 54 41 24 10 10 10 6 6 23 17 27 26 34 16 24
22 22 22 11 9 5 20 19 43 32 21 10 10 12 14 5 5 4 15 12 11 18 4 4 10 10 9 6 4 9 1 4 8 7 5 2 1 0 0 0 0 1 3 6 13 5 6 29 14 14 14 71 40 43 22 10 22 51 61 74 53 82 67 43 59 32 57 46 44 19 20 28 24 12 8 6 5 8 32 17 11 39 44 39 18 8 14 4 6 7 11 30 21 32 17 45
29 24 23 20 9 5 3 4 6 16 9 6 5 14 7 5 7 1 3 10 6 15 18 3 4 4 17 5 1 5 8 1 0 0 1 3 1 1 0 0 1 1 4 10 2 10 14 16 4 9 49 51 21 29 11 7 22 40 41 55 76 78 49 29 32 49 59 60 65 48 57 36 30 24 13 9 3 3 10 21 24 48 67 36 36 11 7 9 2 8 26 11 16 13 14 55
51 33 16 17 17 14 9 5 4 4 4 3 5 5 4 3 2 5 3 3 9 11 9 4 1 2 11 5 2 2 7 7 1 0 0 0 2 1 0 0 2 3 4 2 1 1 8 2 5 26 54 36 15 10 5 24 29 28 37 78 60 54 14 27 41 45 67 64 55 63 45 35 39 38 31 21 6 5 15 19 19 67 41 53 32 23 7 4 3 13 14 8 22 8 26 57
56 42 38 51 40 36 29 14 25 14 10 5 2 2 2 2 2 9 6 2 2 4 3 4 1 2 3 3 2 1 1 3 1 0 0 0 1 1 0 0 2 2 2 3 4 3 11 2 8 34 26 9 2 9 30 44 48 56 80 68 19 26 31 23 22 25 41 40 62 43 23 35 52 52 44 21 6 2 13 22 50 54 21 29 44 23 11 3 3 12 10 7 23 7 21 29
66 62 59 61 57 52 37 32 28 25 20 18 6 4 2 2 1 1 1 1 1 1 1 1 1 2 2 2 1 0 1 2 1 1 0 0 0 1 1 1 1 1 1 1 1 5 2 2 10 7 4 1 4 12 20 29 58 53 45 11 45 64 59 48 48 27 24 21 57 48 61 69 45 30 22 22 9 3 7 16 43 18 13 28 58 27 15 6 2 4 5 6 12 6 16 12
24 60 64 65 55 58 37 42 17 18 26 16 12 11 10 7 5 2 0 1 0 0 0 1 1 1 1 0 0 0 0 1 1 1 0 0 0 1 1 0 0 1 1 0 0 1 1 2 2 2 1 2 4 7 16 29 30 8 31 47 62 60 56 78 82 70 63 46 48 60 61 53 57 38 19 13 6 3 6 16 22 10 6 38 53 55 29 26 9 2 3 5 5 6 19 15
32 49 63 42 48 71 53 28 43 30 19 23 19 22 22 10 8 2 1 1 1 0 0 0 1 0 0 0 0 0 0 1 1 1 1 0 0 0 1 1 0 1 1 0 0 0 1 2 1 1 3 2 2 6 10 15 7 30 39 43 56 69 79 69 63 73 41 31 68 20 47 76 54 38 41 36 31 13 5 16 17 9 3 7 21 51 11 6 8 7 1 6 3 5 19 16
59 14 64 38 36 60 72 73 35 17 26 22 31 27 19 13 11 7 4 4 3 2 1 0 0 0 1 1 0 0 0 0 0 0 1 0 0 0 0 1 0 0 0 0 0 0 0 0 1 4 3 8 8 5 5 18 30 33 39 42 65 53 73 64 66 41 31 58 45 35 38 22 53 34 57 60 55 31 18 5 28 14 10 2 6 24 33 7 2 3 1 2 3 6 4 5
33 9 45 22 41 47 61 33 66 67 39 43 43 12 11 9 14 13 7 5 4 3 2 1 1 1 2 1 1 1 0 0 0 0 0 0 0 0 0 0 0 0 0 0 0 0 1 2 4 4 6 16 14 16 7 19 23 52 53 54 76 55 49 45 29 28 46 60 48 30 17 19 46 52 58 54 59 53 30 7 5 11 11 7 2 7 16 10 6 1 3 0 3 5 2 2
21 22 26 24 15 38 47 22 26 61 29 51 67 33 19 13 20 30 26 15 11 5 2 1 2 1 3 3 4 1 1 1 1 0 0 0 0 0 0 0 0 0 0 0 1 1 3 3 3 5 11 19 17 13 22 28 36 36 31 50 67 26 14 10 27 32 28 77 65 22 23 15 49 46 14 27 65 53 49 29 6 4 20 9 4 2 7 10 9 3 0 1 4 2 0 0
22 8 12 18 11 19 54 18 12 33 44 56 57 38 42 28 7 13 16 22 8 6 4 3 4 4 4 5 4 4 2 1 1 1 1 0 0 0 0 0 0 0 0 1 2 2 3 6 3 8 17 14 24 24 31 35 11 8 21 46 69 25 11 33 49 44 60 65 48 36 21 9 18 50 39 13 29 37 45 40 26 5 4 11 7 2 1 5 10 5 0 0 3 0 2 5
46 12 14 13 3 11 36 14 21 14 32 21 37 12 19 22 5 3 11 26 12 15 7 3 11 8 4 3 3 2 2 1 1 1 1 1 0 0 0 0 0 0 1 2 2 4 2 2 7 20 12 16 33 45 58 54 36 27 41 50 50 14 16 50 50 45 44 20 44 43 28 8 10 20 54 27 11 15 62 28 19 6 2 5 6 2 2 6 4 4 0 0 1 1 5 15
21 4 16 14 3 3 10 29 4 11 37 28 34 14 11 5 6 1 3 23 20 11 7 6 3 3 1 1 1 1 1 1 1 1 1 1 1 0 0 0 0 0 1 2 1 3 3 7 7 8 7 13 22 58 67 73 72 61 45 40 22 11 30 39 60 54 45 25 20 38 16 7 10 15 48 28 11 11 18 36 21 11 4 2 7 2 3 5 2 1 1 4 1 3 14 22
30 4 24 30 6 4 6 14 4 3 30 14 10 4 2 6 5 4 1 3 4 10 19 20 5 2 4 2 1 1 1 0 0 0 1 1 1 0 0 0 0 1 2 2 1 1 1 2 1 2 2 9 22 21 38 63 48 36 19 62 26 13 31 42 42 48 69 40 31 13 8 8 21 35 61 24 9 12 20 49 19 6 3 1 2 4 3 4 1 1 3 17 8 8 9 21
15 11 8 23 2 5 8 11 7 2 3 2 2 11 3 2 6 7 2 3 4 4 12 7 5 2 2 3 1 0 0 0 0 0 0 0 1 0 0 0 0 0 0 1 0 0 1 1 3 3 2 8 8 14 17 14 11 27 53 31 10 22 36 35 53 69 49 35 32 21 8 12 21 38 39 16 14 10 17 37 24 22 7 2 1 2 3 4 1 1 4 4 12 25 12 17
5 3 7 7 3 1 9 12 4 1 3 2 2 4 6 3 3 5 4 1 1 2 3 2 2 1 2 3 2 1 0 0 0 0 0 0 0 0 0 0 0 0 1 1 1 2 3 4 3 5 9 5 4 3 3 9 25 29 61 22 9 34 30 29 54 74 40 47 39 19 12 11 20 50 30 16 18 8 11 23 20 19 14 6 1 1 3 2 1 6 8 10 11 11 48 21
1 2 1 4 2 1 8 10 3 1 1 2 1 1 4 4 2 1 2 2 1 1 1 1 1 1 1 2 5 1 0 0 0 0 0 0 0 0 0 0 0 0 0 0 1 1 3 1 2 5 6 15 11 25 18 21 25 49 45 7 16 29 25 20 44 57 32 34 29 21 9 10 21 50 18 22 16 5 4 8 11 16 8 2 3 1 1 2 5 15 18 23 32 21 17 44
1 1 1 1 0 2 4 4 1 1 0 1 1 0 0 1 2 1 1 2 1 0 1 1 0 0 0 1 1 1 1 0 0 0 0 0 0 0 0 0 0 0 0 0 1 1 1 1 3 3 9 13 13 22 37 54 63 68 25 7 19 27 20 27 67 59 16 30 29 16 9 5 16 46 17 12 10 9 2 4 10 16 4 2 1 1 1 5 14 15 21 20 29 42 61 38
0 0 0 0 0 0 0 0 0 0 0 0 0 0 0 0 0 0 1 1 0 0 0 0 0 0 1 0 0 1 1 0 0 0 0 0 0 0 0 0 0 0 0 0 0 0 2 1 2 9 6 10 15 21 36 64 48 34 5 20 30 23 43 54 80 38 40 18 16 15 13 7 22 47 23 12 9 9 2 3 8 13 6 6 2 0 1 4 6 4 5 6 7 12 32 38
0 0 0 0 0 0 0 0 0 0 0 0 0 0 0 0 0 0 0 0 0 0 0 0 0 0 1 0 0 0 0 0 0 0 0 0 0 0 0 0 0 0 1 1 1 1 3 9 2 8 5 6 11 12 53 38 15 4 15 26 29 27 50 75 45 23 32 15 12 12 10 5 12 37 53 22 11 5 2 2 7 13 10 4 2 0 1 2 1 5 8 15 18 19 20 35
0 1 1 1 1 0 0 0 0 0 0 0 1 1 1 1 0 0 0 0 0 0 0 0 0 0 0 0 0 0 0 0 0 0 0 0 0 0 0 0 0 1 1 1 1 3 4 3 8 6 5 6 13 18 47 9 5 9 22 28 27 29 50 74 29 18 16 24 10 3 3 5 24 36 14 34 16 6 1 1 9 7 10 4 1 0 1 4 9 17 10 25 35 32 32 14
1 1 1 2 1 0 0 1 1 2 2 2 2 2 2 2 2 1 1 0 0 0 0 0 0 0 0 0 0 0 0 0 0 0 0 0 0 0 0 0 1 1 1 2 3 5 6 5 8 20 22 23 15 22 12 4 2 15 16 24 14 28 52 59 32 12 16 21 13 7 2 4 29 10 9 40 22 8 2 1 3 3 6 3 1 1 3 4 6 11 13 14 10 11 17 38
2 2 2 3 1 1 1 2 2 2 2 3 5 3 4 4 3 2 1 1 1 1 1 0 0 0 0 0 0 0 0 0 0 0 0 0 0 0 0 1 1 1 1 2 4 6 8 19 14 17 9 40 27 12 13 9 3 12 20 33 35 30 60 22 9 23 24 10 18 6 1 4 9 10 6 36 12 7 2 1 3 3 3 2 1 2 8 14 20 14 14 7 15 20 21 29
6 6 4 5 3 1 1 2 2 2 7 7 7 9 7 3 3 2 2 2 2 2 1 1 1 1 0 0 0 0 0 0 0 0 0 0 0 0 0 1 1 1 1 3 5 7 13 18 13 15 7 5 15 14 15 2 8 13 12 23 23 36 40 41 34 17 10 7 22 13 4 2 9 6 13 36 10 6 4 1 1 2 2 1 2 4 9 27 33 32 35 21 28 39 34 59
9 9 10 5 4 3 2 4 6 8 11 10 11 6 8 6 4 3 3 5 4 3 2 1 1 2 1 0 0 0 1 0 0 0 0 0 0 0 0 0 0 1 1 2 4 11 5 2 19 14 8 5 11 15 1 2 5 8 10 24 36 47 53 23 13 11 15 11 8 10 6 3 8 6 10 16 12 11 3 1 1 1 1 1 3 5 6 8 7 8 11 22 36 39 67 63
13 13 15 12 9 3 2 5 10 14 15 12 13 12 10 11 6 12 7 6 2 1 1 1 2 1 1 1 1 1 0 0 0 0 0 0 0 0 0 0 0 1 3 2 1 3 3 7 5 7 6 2 5 1 2 1 2 4 6 18 40 49 33 45 22 9 9 7 6 9 9 2 3 4 9 10 10 4 2 1 0 1 1 1 5 2 3 7 20 27 30 26 17 60 34 42
25 38 22 6 12 4 8 8 23 18 16 18 18 31 29 15 15 12 6 9 3 2 1 3 3 1 1 1 3 0 0 0 0 0 0 0 0 0 0 0 1 2 3 1 1 2 3 5 4 4 2 2 2 1 2 1 3 10 14 27 22 20 38 48 13 6 4 4 7 6 4 2 1 4 4 11 10 6 3 1 0 0 1 4 10 12 11 12 18 17 17 40 43 52 28 12
45 55 22 18 25 9 6 25 26 37 14 26 34 29 43 23 10 5 13 7 5 4 1 6 1 1 2 3 1 0 0 1 0 0 0 0 0 0 0 0 0 1 0 1 1 3 10 8 5 3 2 1 1 1 3 5 8 6 5 8 13 23 30 47 18 8 7 4 3 2 2 2 1 3 5 4 3 5 2 1 0 2 5 4 9 23 26 33 32 35 20 31 23 25 28 8
36 56 23 22 32 12 12 42 37 43 12 29 50 34 48 19 15 14 19 17 8 2 3 1 2 3 7 1 0 1 1 1 1 0 0 0 0 0 0 0 0 0 0 0 2 6 6 3 6 2 1 1 3 3 3 3 2 1 6 9 10 30 35 26 11 35 33 18 8 7 3 2 1 2 2 2 2 3 1 0 1 4 10 19 19 27 37 32 29 28 32 38 11 4 20 11
55 31 30 24 35 14 16 46 65 41 10 41 62 52 52 45 22 31 42 20 9 3 7 3 6 6 1 1 1 1 1 1 1 1 1 0 0 0 0 0 0 0 0 1 5 2 5 1 1 3 1 1 4 3 4 4 3 6 24 32 29 30 66 29 36 20 27 22 7 4 3 2 1 1 1 2 1 2 0 0 1 3 4 11 13 6 14 6 6 8 6 53 29 10 7 4
79 60 34 26 31 16 29 50 79 33 17 35 62 63 64 31 25 66 25 4 5 15 11 9 9 3 2 2 3 3 1 1 1 1 0 1 0 1 1 0 0 0 0 0 1 1 1 0 0 0 0 1 2 6 4 11 13 16 12 25 47 40 23 43 32 27 8 12 28 6 2 1 1 0 1 1 1 1 0 0 2 4 4 5 5 3 5 10 19 37 53 73 36 10 6 2
73 71 39 41 44 24 32 60 73 42 24 44 82 81 44 53 31 27 7 5 10 33 38 18 8 7 3 3 4 2 2 4 2 1 1 1 1 1 1 1 0 0 0 0 0 0 0 0 0 1 2 3 6 8 9 15 12 10 27 57 54 50 32 41 5 52 35 5 4 17 17 7 3 1 0 1 1 0 0 0 1 2 2 4 3 5 19 28 21 18 26 47 16 8 5 2
73 63 43 55 50 47 36 63 73 47 35 48 83 71 52 38 16 7 2 11 28 36 20 6 4 1 1 7 6 3 4 4 2 1 1 2 2 2 1 0 0 0 0 0 0 0 0 0 0 1 2 2 4 5 5 7 12 29 22 68 45 17 17 66 28 12 36 11 3 2 4 5 6 4 1 1 0 0 0 0 2 2 1 2 5 9 21 18 18 32 18 25 19 11 4 2
75 65 41 60 58 55 52 50 60 43 37 49 63 29 27 20 7 9 6 16 38 13 9 8 3 3 2 12 8 4 12 4 1 2 1 2 3 5 3 1 1 0 1 1 0 0 0 0 0 1 1 1 5 5 12 14 7 24 38 55 8 3 18 53 15 14 8 28 6 1 1 2 4 3 3 2 0 0 0 0 1 2 2 2 3 8 30 12 9 39 13 12 15 4 2 1
47 48 46 63 60 46 63 51 74 77 66 51 45 36 45 40 25 29 14 21 34 16 10 8 5 4 4 15 12 6 11 5 4 3 2 4 4 4 1 1 2 1 1 0 0 0 0 0 0 1 1 2 5 5 5 8 5 14 35 12 6 4 29 53 24 4 3 3 13 3 1 1 1 1 3 1 1 0 0 0 1 1 2 2 10 19 31 10 10 27 10 3 4 7 1 1
63 36 67 75 66 70 67 84 78 89 89 84 45 65 63 58 52 22 18 37 30 14 11 5 6 9 5 16 15 16 9 7 5 6 5 9 13 5 2 2 6 3 0 0 0 0 0 0 0 1 2 2 3 4 2 3 8 29 41 7 4 5 12 46 29 11 3 1 7 7 2 1 1 1 5 1 0 0 0 1 1 2 2 4 7 4 5 4 7 7 11 6 6 4 1 0
56 51 57 67 78 82 86 88 76 73 76 79 83 77 43 41 33 26 26 23 11 15 11 13 20 13 15 38 27 40 13 11 9 12 14 24 22 6 6 4 7 2 1 0 0 0 0 0 0 1 1 2 1 1 1 4 10 17 13 10 3 3 5 49 13 8 7 1 4 7 4 1 1 1 1 2 0 0 0 1 1 2 4 7 5 3 3 2 3 3 4 2 2 1 0 0
66 58 41 44 59 68 78 56 50 45 56 61 63 75 47 39 44 56 43 27 23 26 21 31 48 30 22 46 43 30 16 25 16 21 19 27 14 8 12 3 1 1 1 1 1 1 0 0 0 0 1 1 1 2 2 1 5 4 6 19 5 4 8 18 9 1 6 2 2 3 2 2 1 0 0 5 0 0 0 0 1 2 2 7 3 3 3 2 2 1 1 1 0 1 1 2
71 75 49 28 53 48 51 65 45 52 62 44 61 78 82 66 77 68 48 37 49 46 45 41 50 36 29 55 53 25 31 29 29 29 35 37 21 13 3 1 1 2 2 1 2 1 1 0 0 0 0 1 1 2 2 2 4 5 2 4 4 5 6 13 16 1 3 3 1 4 2 1 1 1 1 1 0 0 0 0 1 1 4 5 2 2 2 2 2 0 0 0 0 1 2 3
54 64 81 46 28 30 55 51 71 37 31 30 67 48 58 91 90 47 66 64 62 58 58 49 51 43 41 66 52 40 39 36 39 54 51 19 5 3 5 4 5 4 3 2 3 2 1 0 0 0 0 1 1 1 2 2 5 3 2 2 3 2 2 5 20 1 1 2 1 1 1 1 1 0 0 0 0 0 0 0 1 1 6 2 1 1 1 1 1 0 0 1 1 2 3 3
74 72 74 79 42 16 17 60 55 48 10 13 27 44 75 81 70 87 88 68 61 76 70 40 59 48 65 55 52 46 49 40 54 68 65 23 16 10 16 12 18 16 6 6 6 2 1 0 0 0 0 0 0 0 2 2 4 3 1 1 1 0 0 1 7 2 1 1 1 1 1 1 1 0 0 0 0 0 0 0 1 1 1 1 0 0 0 0 0 0 1 1 2 3 3 3
59 43 47 87 43 33 26 26 25 28 19 4 21 70 81 78 62 53 81 63 75 77 65 46 70 64 77 71 63 70 51 50 49 47 45 23 21 23 20 18 5 5 12 21 3 1 1 0 0 0 0 0 0 0 1 2 3 5 1 1 1 1 0 3 7 2 1 1 1 1 1 1 0 0 0 0 0 0 0 0 0 1 1 0 0 0 0 1 1 2 2 2 3 4 2 2
28 44 44 82 83 25 29 16 16 15 17 8 24 34 41 48 67 82 62 25 60 28 68 81 91 84 78 53 70 49 60 43 36 20 62 46 46 29 13 9 2 1 14 9 5 2 1 1 0 0 0 0 0 0 0 0 0 1 0 1 1 0 0 1 3 3 1 1 1 0 0 0 0 0 0 0 0 0 0 0 0 0 0 0 0 0 1 1 2 2 2 5 5 3 3 3
17 23 35 38 80 71 34 13 12 11 9 9 17 38 54 61 28 72 69 32 64 54 28 46 66 43 64 38 60 22 13 30 20 18 33 75 53 28 13 44 11 10 12 10 9 3 1 1 1 1 1 0 0 0 0 0 0 0 0 1 1 0 1 2 1 3 1 1 0 0 0 0 0 0 0 0 0 0 0 0 0 0 0 0 0 0 1 1 2 2 2 2 12 5 3 2
8 13 22 6 35 85 36 15 6 5 7 10 8 13 22 36 44 60 40 49 66 39 12 39 58 38 38 30 33 52 34 38 31 14 19 54 66 75 70 59 42 24 21 22 13 5 3 2 4 1 1 1 0 0 0 0 0 0 0 0 0 0 0 1 1 1 1 1 0 0 0 0 0 0 0 0 0 0 0 0 0 0 0 0 0 0 0 1 2 1 1 3 4 5 2 5
14 8 15 39 32 54 76 28 22 6 3 4 5 6 21 17 41 59 9 19 73 58 19 10 65 70 39 23 34 44 15 13 18 11 9 27 45 47 38 15 28 27 13 15 15 12 14 10 3 1 1 2 1 1 1 2 1 0 0 0 0 0 0 0 1 2 1 1 0 0 0 0 0 0 0 0 0 0 0 0 0 0 0 0 0 0 0 0 1 2 2 2 4 4 8 9
20 6 4 21 40 51 76 56 18 12 6 4 4 6 5 4 19 13 12 50 86 30 13 7 10 45 20 24 18 35 31 15 17 16 14 44 26 11 8 6 9 4 3 34 15 25 32 22 6 4 5 3 2 2 1 0 0 0 0 0 0 0 0 0 0 0 1 0 0 0 0 0 0 0 0 0 0 0 0 0 0 0 0 0 1 1 1 1 2 2 2 4 4 5 5 13
37 22 13 8 8 12 23 58 22 21 8 4 3 4 8 3 11 8 25 23 79 29 13 10 5 12 12 15 6 26 31 9 9 9 13 26 23 6 3 5 5 3 3 8 17 13 9 3 3 3 2 2 1 2 2 0 0 0 0 0 0 0 0 0 0 0 0 0 0 0 0 0 0 0 0 0 0 0 0 0 0 0 0 0 0 0 1 4 1 3 4 6 8 7 11 16
16 13 23 7 6 23 24 54 51 24 14 3 3 2 3 4 5 8 9 26 58 75 33 14 3 3 8 2 5 19 28 12 6 8 5 5 7 4 3 3 3 3 3 4 19 10 10 3 2 1 1 0 0 0 1 0 0 0 0 0 0 0 0 0 0 0 0 0 0 0 0 0 0 0 0 0 0 0 0 0 0 0 0 0 0 0 2 3 4 6 6 6 7 14 11 20
28 19 5 3 4 9 17 28 45 19 8 5 2 1 1 3 1 3 13 53 43 58 37 22 9 2 11 9 2 3 12 7 7 5 2 2 3 9 2 2 3 2 1 2 8 10 12 5 2 1 1 0 0 0 0 0 0 0 0 0 0 0 0 0 0 0 0 0 0 0 0 0 0 0 0 0 0 0 0 0 0 0 0 0 0 1 1 3 2 2 2 2 4 9 11 7
41 28 9 3 1 8 8 16 34 27 6 5 2 2 2 2 1 8 24 41 13 27 34 9 5 4 2 4 6 1 5 7 3 3 1 3 2 1 2 2 3 2 1 1 2 8 13 6 4 2 1 1 0 0 0 0 0 0 0 0 0 0 0 0 0 0 0 0 0 0 0 0 0 0 0 0 0 0 0 0 0 0 0 0 1 1 2 2 2 1 1 2 4 5 5 6
42 28 11 8 2 2 6 9 45 6 6 3 1 1 1 1 1 5 22 10 2 12 60 9 4 5 2 3 2 5 3 3 2 2 2 1 1 0 1 1 2 1 1 1 1 3 10 4 5 2 1 1 0 0 0 0 0 0 0 0 0 0 0 0 0 0 0 0 0 0 0 0 0 0 0 0 0 0 0 0 0 0 0 1 0 1 2 2 1 1 3 2 3 5 7 4
36 25 12 5 4 2 5 6 28 8 2 4 2 1 1 1 1 7 7 4 13 23 46 22 6 3 3 5 1 6 3 2 2 1 2 1 1 1 0 1 0 0 1 2 4 5 9 6 10 6 3 1 0 0 0 0 0 0 0 0 0 0 0 0 0 0 0 0 0 0 0 0 0 0 0 0 0 0 0 0 0 0 0 0 0 1 1 2 2 3 3 3 4 2 6 8
26 14 9 4 3 3 2 3 8 23 5 2 2 1 1 1 1 4 3 5 4 12 41 18 7 8 2 2 3 6 2 1 1 1 1 0 1 1 1 0 0 0 1 5 2 2 6 3 7 7 5 1 1 0 0 0 0 0 0 0 0 0 0 0 0 0 0 0 0 0 0 0 0 0 0 0 0 0 0 0 0 0 0 0 0 0 1 1 1 2 2 6 4 6 13 8
23 18 6 4 3 2 2 2 3 9 7 1 1 1 1 1 1 1 2 3 5 14 45 15 9 3 5 2 2 3 2 0 1 1 1 0 0 1 0 0 0 0 2 4 1 2 3 2 5 4 3 2 1 1 0 0 0 0 0 0 0 0 0 0 0 0 0 0 0 0 0 0 0 0 0 0 0 0 0 0 0 0 0 0 0 0 0 0 1 2 2 3 3 2 4 5
69 39 14 3 2 2 1 2 2 5 8 2 2 1 1 1 1 1 1 1 4 7 27 13 3 2 2 2 2 1 2 1 0 1 0 1 0 0 0 0 1 1 2 1 1 1 1 1 3 3 4 3 4 2 1 0 0 0 0 0 0 0 0 0 0 0 0 0 0 0 0 0 0 0 0 0 0 0 0 0 0 0 0 0 0 0 0 0 0 1 2 5 2 3 4 1
20 57 34 10 3 1 1 1 2 2 12 3 2 1 0 0 0 0 1 1 2 5 14 16 3 2 1 1 1 1 1 2 1 0 0 1 0 0 0 0 1 2 1 0 1 1 1 1 2 3 1 1 1 2 1 1 0 0 0 0 0 0 0 0 0 0 0 0 0 0 0 0 0 0 0 0 0 0 0 0 0 0 0 0 0 0 0 0 0 1 1 2 2 2 3 4
5 50 8 34 14 5 1 1 1 3 6 2 1 0 0 0 0 0 1 1 3 6 6 13 6 3 1 1 1 1 1 1 1 0 0 0 0 0 0 0 1 1 1 0 0 1 0 0 2 3 1 1 1 1 3 1 1 0 0 0 0 0 0 0 0 0 0 0 0 0 0 0 0 0 0 0 0 0 0 0 0 0 0 0 0 0 0 0 1 1 1 1 1 2 3 4
9 11 6 23 8 8 2 0 1 1 2 2 1 0 0 0 0 0 1 2 1 1 10 11 11 5 3 2 0 0 0 0 0 0 0 0 0 0 0 0 1 0 0 0 0 1 0 0 3 2 1 0 0 0 1 1 1 0 0 0 0 0 0 0 0 0 0 0 0 0 0 0 0 0 0 0 0 0 0 0 0 0 0 0 0 0 0 0 0 0 1 1 3 3 5 6
10 7 6 4 4 2 8 1 0 0 1 1 1 0 0 0 0 0 0 1 2 7 12 10 14 6 2 1 1 0 0 0 0 0 0 0 0 0 0 0 0 0 0 0 0 1 1 1 4 2 2 0 0 0 0 0 0 0 0 0 0 0 0 0 0 0 0 0 0 0 0 0 0 0 0 0 0 0 0 0 0 0 1 0 0 0 0 0 1 0 1 1 1 1 2 3
9 5 7 3 4 1 2 2 0 0 1 1 1 0 0 0 0 0 1 1 4 5 8 6 6 8 2 1 1 0 0 0 0 0 0 0 0 0 0 0 0 0 0 0 0 0 0 0 2 3 1 0 0 0 0 0 0 0 0 0 0 0 0 0 0 0 0 0 0 0 0 0 0 0 0 0 0 0 0 0 1 1 0 1 1 1 1 2 1 0 0 0 1 2 3 4
5 6 7 3 1 1 1 1 0 0 0 0 1 0 0 0 0 0 1 3 2 1 4 3 3 4 2 1 1 0 0 0 0 0 0 0 0 0 0 0 0 0 0 0 0 0 0 0 2 1 1 0 0 0 0 0 0 0 0 0 0 0 0 0 0 0 0 0 0 0 0 0 0 0 0 0 0 0 0 0 1 1 2 2 2 2 2 2 1 1 1 1 1 1 3 3
2 1 2 2 1 1 0 0 0 0 0 0 0 0 0 0 0 0 1 1 1 1 2 6 1 1 1 1 0 0 0 0 0 0 0 0 0 0 0 0 0 0 0 0 0 0 0 3 4 0 0 1 0 0 0 0 0 0 0 0 0 0 0 0 0 0 0 0 0 0 0 0 0 0 0 0 0 0 0 0 0 1 1 1 3 2 3 3 2 2 1 1 2 2 2 2
1 1 1 1 0 0 0 0 0 0 0 0 0 0 0 0 0 0 0 0 1 1 0 1 1 1 0 1 0 0 0 0 0 0 0 0 0 0 0 0 0 0 0 0 0 0 1 0 2 0 0 0 0 0 0 0 0 0 0 0 0 0 0 0 0 0 0 0 0 0 0 0 0 0 0 0 0 0 0 0 0 0 1 1 3 3 6 7 4 6 5 5 4 3 3 9
1 1 1 0 0 0 0 0 0 0 0 0 0 0 0 0 0 0 0 0 0 0 0 0 0 0 0 0 0 0 0 0 0 0 0 0 0 0 0 0 0 0 0 0 0 0 0 0 0 0 0 0 0 0 0 0 0 0 0 0 0 0 0 0 0 0 0 0 0 0 0 0 0 0 0 0 0 0 0 0 0 0 0 0 1 2 1 2 12 12 4 11 8 8 5 7
