sesion_6_simulaciones/modelos_agentes/ejemplos_netlogo/scenarios/cgcm2_a2/rob_2092.asc
NCOLS 322 
NROWS 307 
XLLCORNER 451900 
YLLCORNER 4086900 
CELLSIZE 100 
NODATA_value -9999 
[rows 219 to 291 of 307, columns 0 to 95 of 322]
0 1 0 0 1 4 8 2 4 1 2 1 1 0 2 1 2 2 1 1 1 4 2 3 1 5 4 7 3 7 6 20 10 11 18 20 11 9 9 15 7 9 13 22 20 12 17 6 12 13 15 49 61 34 55 64 74 48 67 71 74 85 57 74 57 49 50 49 39 17 31 29 21 25 28 23 17 11 4 3 2 1 1 0 0 1 2 5 3 3 3 2 2 7 19 45
1 1 1 1 2 4 9 7 2 2 3 2 2 1 1 2 2 1 1 1 1 5 1 2 5 5 2 15 10 7 13 22 10 10 22 4 2 5 3 13 11 8 11 13 12 11 12 5 8 19 23 44 47 50 12 26 67 81 80 53 17 14 37 35 80 53 49 65 36 22 24 27 40 22 8 9 4 5 4 3 1 1 0 0 0 3 5 9 11 6 6 6 3 8 25 25
0 0 1 1 2 2 6 5 1 2 2 2 6 4 2 2 1 1 1 1 0 1 8 5 2 1 3 6 6 4 4 8 11 4 8 2 3 3 1 12 7 10 12 11 5 10 21 13 31 46 22 15 17 14 11 13 49 57 55 27 54 39 35 46 42 41 43 29 55 42 44 29 26 26 17 15 8 6 2 1 1 1 0 0 1 5 9 20 30 17 15 8 7 25 33 31
0 0 1 1 2 1 3 4 1 2 2 2 6 2 2 1 1 0 0 1 2 3 5 5 3 3 2 5 6 3 2 5 8 2 4 3 2 3 6 12 3 3 5 4 3 15 6 16 24 55 58 23 18 20 20 11 26 33 22 34 41 28 25 53 38 53 38 51 44 42 39 37 18 14 11 9 5 5 1 1 0 0 0 1 2 7 14 34 33 20 13 16 27 39 59 41
0 0 0 0 0 1 2 6 4 1 1 3 4 2 1 1 1 2 3 3 3 4 2 10 4 4 3 3 5 5 2 2 1 2 5 1 1 2 3 8 7 2 1 4 1 1 4 3 5 28 40 30 31 20 17 19 13 16 32 41 37 58 32 42 58 41 45 49 59 41 23 23 16 12 6 3 3 3 1 1 0 1 1 4 5 9 15 23 46 43 21 30 39 44 12 14
1 1 2 10 2 2 3 5 3 4 5 9 4 2 2 3 2 6 1 2 12 2 2 2 3 2 1 5 4 2 2 2 1 3 2 1 1 2 2 4 2 2 2 11 15 10 9 14 14 9 12 24 17 17 13 13 15 25 30 34 43 52 38 76 78 59 52 42 42 28 21 20 12 10 8 3 2 1 0 0 0 0 3 8 11 23 16 35 61 55 28 41 49 43 15 13
1 2 5 3 14 20 3 3 2 6 9 4 3 2 2 2 1 0 0 4 1 2 5 2 1 2 1 2 1 1 1 1 2 0 1 2 1 2 1 2 1 3 4 3 5 15 12 37 35 19 11 15 10 18 9 11 17 34 30 31 54 36 35 32 43 41 33 35 24 20 19 11 9 8 4 3 2 1 0 0 0 2 7 11 13 34 40 43 71 66 61 60 34 26 17 17
0 0 1 1 6 22 13 1 3 5 8 2 4 4 0 0 0 0 2 10 1 2 2 4 1 2 1 0 1 0 1 2 1 1 1 1 1 1 1 1 4 10 7 3 8 14 22 11 47 55 15 13 6 11 11 21 22 23 29 26 23 20 32 20 20 34 46 31 18 12 9 8 11 4 2 2 1 0 1 1 1 4 13 13 13 36 60 65 66 74 59 38 34 19 16 13
1 1 1 3 4 7 2 2 2 2 4 5 8 1 0 0 1 3 4 9 2 1 1 8 2 1 1 0 0 1 0 1 2 0 0 0 1 2 7 9 2 3 3 19 7 13 35 22 25 8 20 21 21 20 21 27 34 28 31 30 31 18 24 18 19 30 26 12 9 13 8 4 3 2 2 1 0 1 2 3 5 7 16 21 17 33 62 80 67 15 17 11 14 18 12 11
1 1 1 3 3 4 3 3 1 3 4 3 3 1 2 6 4 5 4 5 1 1 1 3 0 0 1 0 1 1 0 0 1 0 0 0 0 0 6 13 5 3 11 13 60 28 10 22 18 17 12 33 31 30 39 39 26 35 22 19 18 6 3 5 14 16 17 11 10 7 6 3 2 2 1 0 1 3 5 7 9 18 19 24 41 47 47 78 48 25 24 19 16 20 13 17
0 0 2 1 2 3 3 3 2 2 1 5 4 4 3 5 2 1 3 1 1 1 0 0 0 1 0 0 0 0 0 0 0 0 1 2 1 1 1 3 4 2 3 4 26 56 29 18 16 20 17 19 20 34 48 54 36 33 12 14 6 6 8 22 24 17 5 5 8 4 1 1 1 1 1 1 6 7 8 12 26 19 35 30 59 64 58 56 33 25 34 49 24 19 13 12
1 0 1 1 3 3 4 1 2 2 1 3 2 5 2 2 2 1 1 5 0 0 0 0 0 0 0 0 0 0 0 0 0 0 0 1 1 5 2 1 6 10 15 12 25 9 16 12 10 15 12 13 24 29 32 37 49 37 37 17 22 17 10 14 21 13 4 5 2 2 1 1 1 1 2 3 8 9 12 20 35 25 45 37 33 71 82 53 39 50 61 49 24 16 14 6
0 0 1 2 1 1 1 3 1 1 1 1 1 1 1 2 1 1 0 0 0 0 0 0 0 0 0 0 0 0 0 0 1 0 0 0 2 1 2 3 1 4 32 42 62 26 10 7 17 22 26 12 19 30 30 37 39 17 25 36 21 15 9 15 8 14 8 3 2 2 2 3 2 2 4 7 12 26 33 43 51 45 48 31 25 43 69 40 33 67 61 35 24 20 15 11
0 0 0 1 1 1 0 2 1 1 1 0 0 1 0 0 2 0 0 0 0 0 0 0 0 0 0 0 0 0 0 0 0 1 1 1 1 1 3 1 3 4 5 15 15 12 19 8 18 15 32 19 19 22 25 50 33 26 10 10 14 10 4 6 2 12 7 6 4 4 3 1 2 4 8 11 16 37 46 60 63 70 50 35 26 29 42 45 56 53 33 21 14 13 22 17
0 0 0 0 0 1 0 0 1 0 1 0 0 1 0 0 0 0 0 0 0 0 0 0 0 0 0 0 0 0 0 0 0 0 0 1 0 1 2 1 2 7 25 12 16 8 11 4 7 11 17 15 19 31 42 28 28 14 6 1 10 23 9 15 15 12 10 10 7 1 1 4 6 10 10 14 22 51 52 69 78 67 55 54 29 32 65 69 58 41 37 28 25 31 27 12
0 0 0 0 0 0 2 2 3 0 0 1 0 0 0 0 0 0 0 0 0 0 0 0 0 0 0 0 0 1 0 0 0 0 1 1 1 3 2 3 6 11 17 26 29 37 53 23 18 36 28 20 21 20 21 24 14 8 6 13 10 27 34 20 11 7 3 2 3 1 3 11 12 13 20 13 31 52 60 70 60 75 59 62 44 75 48 54 40 54 53 54 44 34 25 16
0 0 0 0 0 0 0 0 0 0 0 0 0 0 0 0 0 0 0 0 0 0 0 0 0 0 0 0 0 0 1 4 1 2 4 2 2 2 2 5 13 10 13 33 19 14 19 4 11 31 46 38 22 16 19 21 25 22 44 27 18 22 14 19 8 3 1 0 1 1 10 15 29 17 32 20 25 37 61 69 80 64 64 58 65 45 50 53 33 38 71 63 55 31 26 37
0 0 0 0 0 0 0 0 0 0 0 0 0 0 0 0 0 0 0 0 0 0 0 0 0 0 0 0 0 0 0 1 10 3 10 28 27 8 10 19 4 30 35 28 52 40 48 24 23 33 34 31 41 20 23 45 48 32 25 16 19 33 29 10 2 1 4 3 1 1 5 12 38 43 36 21 29 21 42 42 73 77 72 36 33 73 42 54 59 64 50 59 53 46 36 39
0 0 0 0 0 0 0 0 1 0 0 0 0 0 0 0 0 0 0 0 0 0 0 0 0 0 0 0 0 0 0 0 1 7 6 30 37 38 25 19 21 9 46 51 56 38 70 33 25 33 24 23 15 19 9 11 19 25 25 18 15 12 4 2 1 4 5 2 1 4 11 19 28 45 45 27 31 37 37 38 54 71 65 25 59 55 48 67 74 56 63 61 60 47 62 54
0 0 0 0 0 0 0 0 0 0 0 0 0 0 0 0 0 0 0 0 0 1 0 0 0 0 0 0 0 0 0 0 1 1 1 15 41 11 56 19 24 32 23 57 44 45 34 17 59 43 37 35 42 40 30 20 20 18 15 15 13 4 3 2 4 3 3 2 2 5 9 26 33 55 70 45 33 42 53 53 57 69 36 33 53 21 12 32 53 32 34 56 48 56 42 27
0 0 0 0 0 0 0 0 0 0 0 0 0 0 0 0 0 0 0 0 0 0 1 0 0 0 0 0 0 0 0 0 1 2 2 3 14 38 27 34 35 30 34 46 41 60 52 33 15 40 41 44 40 47 45 25 20 11 14 11 7 6 5 10 3 1 2 2 4 10 20 17 39 43 60 64 38 34 42 63 57 76 24 29 60 23 30 29 26 22 22 39 44 41 17 9
0 0 0 0 0 0 0 0 0 0 0 0 0 0 0 0 0 0 0 0 0 0 0 0 0 0 0 0 0 0 1 1 1 4 5 5 11 30 25 45 10 16 11 21 25 30 9 38 29 27 39 31 31 41 42 43 37 29 23 33 17 13 11 4 2 0 1 4 11 19 27 34 36 39 39 67 71 45 63 39 63 58 41 65 22 28 36 37 49 55 39 48 49 37 20 10
0 0 0 0 0 0 0 0 0 0 0 0 0 0 0 0 0 0 0 0 0 0 0 1 0 0 0 0 0 0 0 1 2 3 6 11 7 6 12 7 17 9 5 6 12 23 23 35 20 21 35 30 30 28 27 29 28 23 19 16 8 6 5 2 1 1 4 10 24 21 27 34 44 35 42 40 81 38 35 55 59 35 42 54 48 44 36 66 69 34 41 39 32 16 10 8
0 0 0 0 0 0 0 0 0 0 0 0 0 0 0 0 0 0 0 0 0 0 0 0 0 0 0 0 0 0 1 1 1 3 4 12 15 9 7 4 4 8 12 14 24 26 24 14 20 32 28 28 23 29 28 28 27 13 11 9 7 3 1 1 3 5 11 19 21 28 44 23 14 44 73 54 70 41 41 47 52 45 36 44 36 24 27 55 53 53 31 30 25 16 12 5
0 0 0 0 0 0 0 0 0 0 0 0 0 0 0 0 0 0 0 0 0 0 0 0 1 0 0 0 0 0 1 1 2 4 5 11 14 34 24 8 10 6 8 10 16 12 19 14 10 21 20 28 31 29 19 20 14 11 11 9 7 3 1 3 3 11 27 23 27 33 40 39 26 45 59 44 58 65 39 39 42 50 52 54 35 49 36 46 55 52 44 41 22 20 11 11
0 0 0 0 0 0 0 0 0 0 0 0 0 0 0 0 0 0 0 0 0 0 0 0 0 0 0 2 3 1 1 2 3 6 8 8 14 24 39 36 17 12 14 21 24 17 12 16 33 25 35 38 22 19 27 20 27 19 10 8 4 3 4 6 4 18 27 41 49 51 43 43 31 43 71 38 21 49 69 38 61 51 51 44 35 35 11 34 55 53 37 22 21 21 31 26
0 0 0 0 0 0 0 0 0 0 0 0 0 0 0 0 0 0 0 0 0 0 0 0 0 0 0 0 1 3 4 3 4 9 9 7 17 31 45 39 22 19 18 29 31 41 24 43 31 19 10 13 21 25 9 14 13 13 5 7 8 5 4 9 14 25 30 50 58 59 50 57 42 47 59 64 24 33 43 40 41 22 22 13 21 36 20 28 39 37 34 31 32 30 28 27
0 0 0 0 0 0 0 0 0 0 0 0 0 0 0 0 0 0 0 0 0 0 0 0 0 0 0 0 0 5 3 10 19 8 12 16 11 23 39 44 58 49 36 24 40 59 32 38 36 24 24 28 18 30 17 12 14 19 19 14 7 2 9 15 22 24 32 57 53 68 55 64 36 39 51 65 39 15 43 23 18 10 22 19 24 11 13 23 48 52 34 34 39 39 32 15
0 0 0 0 0 0 0 0 0 0 0 0 0 0 0 0 0 0 0 0 0 0 0 0 0 0 0 0 0 0 0 1 9 8 14 12 8 25 24 22 18 15 14 19 25 51 31 33 31 32 27 22 16 11 9 17 25 19 13 13 4 2 6 9 19 36 52 54 47 57 78 55 57 35 28 56 34 53 27 15 19 16 15 18 30 16 30 40 38 23 31 47 56 40 31 13
0 0 0 0 0 0 0 0 0 0 0 0 0 0 0 0 0 0 0 0 0 0 0 0 0 0 0 0 1 1 1 2 3 2 1 4 9 16 11 18 9 11 7 14 17 22 24 38 23 23 22 24 29 25 9 15 17 26 18 8 2 1 2 14 18 34 28 25 29 32 52 69 74 29 19 36 16 45 14 22 13 15 10 22 28 35 42 20 38 37 46 57 37 30 20 13
0 0 0 0 0 0 0 0 0 0 0 0 0 0 0 0 0 0 0 0 0 0 0 0 0 0 1 1 0 0 0 1 3 4 4 4 16 19 21 20 25 21 38 33 21 26 30 38 35 28 14 24 22 17 24 22 20 14 9 4 1 2 4 10 23 31 39 57 41 24 36 38 52 55 30 23 38 26 17 22 8 22 28 18 12 32 42 38 57 62 43 43 27 18 16 22
0 0 0 0 0 0 0 0 0 0 0 0 0 0 0 0 0 0 0 0 0 0 0 0 1 4 1 0 1 2 4 2 5 6 7 7 15 28 23 22 34 27 24 26 27 29 46 56 40 32 37 33 45 44 33 15 12 13 9 4 1 7 5 12 31 39 54 62 57 34 24 26 41 51 49 23 45 23 24 29 31 17 25 38 35 38 52 49 45 58 62 38 38 32 15 17
0 0 0 0 0 0 0 0 0 0 0 0 0 0 0 0 0 0 0 0 0 0 0 0 1 6 3 1 0 1 2 2 2 4 7 5 8 13 14 35 52 25 35 38 52 51 46 55 47 42 49 58 44 34 33 28 24 13 11 4 3 10 10 26 36 53 69 60 37 37 33 37 36 20 11 55 48 24 20 20 17 21 40 38 44 56 57 71 61 58 39 31 29 30 24 17
0 0 0 0 0 0 0 0 0 0 0 0 0 0 0 0 0 0 0 0 0 0 0 2 1 0 2 1 1 2 4 4 3 2 4 4 10 15 23 25 23 24 57 52 64 59 44 35 36 36 19 35 43 28 25 21 14 12 10 4 3 9 10 30 46 57 61 56 50 54 45 36 58 47 39 27 36 38 13 19 27 36 41 27 42 48 52 43 61 38 28 26 40 31 23 21
0 0 0 0 0 0 0 0 0 0 0 0 0 0 0 0 0 0 0 0 0 0 0 1 0 0 1 3 5 19 37 3 10 6 4 3 6 38 22 28 51 9 16 8 13 34 23 42 28 37 33 38 39 37 21 14 14 13 12 5 3 14 16 29 54 72 58 51 38 70 75 27 52 62 53 36 18 23 20 13 22 22 31 52 45 44 35 35 44 42 44 51 47 42 22 9
0 0 0 0 0 0 0 0 0 0 0 0 0 0 0 0 0 0 0 0 0 0 0 1 0 0 0 1 3 2 14 33 7 13 17 15 20 22 16 20 35 39 30 40 42 30 36 56 48 49 47 29 26 26 26 20 22 21 16 6 8 23 44 49 57 60 55 52 37 35 53 65 27 42 48 44 30 15 34 24 36 44 30 26 44 43 37 30 37 63 58 55 37 24 23 10
0 0 0 0 0 0 0 0 0 0 0 0 0 0 0 0 0 0 0 0 0 0 0 1 0 0 0 0 1 3 1 7 13 9 39 29 17 5 7 6 16 26 23 33 47 57 46 32 52 49 36 51 48 32 24 37 20 20 18 6 14 30 54 65 71 70 48 39 62 50 30 22 48 47 33 35 24 21 46 46 16 15 22 30 33 29 46 40 49 35 39 26 17 19 10 10
0 0 0 0 0 0 0 0 0 0 0 0 0 0 0 0 0 0 0 0 0 0 0 1 1 0 0 1 1 2 2 1 1 3 4 4 4 5 6 5 4 11 10 15 36 41 34 53 56 55 52 49 47 43 44 39 35 20 18 5 21 37 49 70 72 64 49 55 52 68 40 39 16 13 22 16 37 32 18 28 23 37 37 49 45 39 56 54 35 26 26 30 20 8 10 11
0 0 0 0 0 0 0 0 0 0 0 0 0 0 0 0 0 0 0 0 0 0 0 1 0 0 0 1 1 3 4 1 6 9 15 12 13 13 15 7 8 8 32 44 50 33 44 45 52 58 58 51 51 48 44 41 36 23 11 4 10 32 65 71 61 72 48 53 50 40 74 38 23 13 7 40 13 33 26 30 35 53 58 52 45 57 51 43 30 27 27 27 16 11 17 19
0 0 0 0 0 0 0 0 0 0 0 0 0 0 0 1 0 0 0 0 0 0 1 1 0 1 0 1 1 3 2 7 6 5 9 12 9 12 6 11 30 44 23 27 25 37 38 38 53 48 60 59 53 47 46 45 26 25 13 11 10 20 44 68 82 66 43 54 46 35 24 34 34 6 4 13 24 44 42 36 39 43 52 61 55 40 50 38 58 38 28 22 10 20 12 38
0 0 0 0 0 0 0 0 0 0 0 0 0 0 0 0 0 0 0 0 0 0 0 1 1 0 1 1 1 1 2 13 4 5 8 12 13 9 17 18 41 36 37 36 43 47 51 47 62 57 61 56 54 49 47 31 26 22 23 12 16 21 44 56 71 53 62 65 48 60 48 39 30 8 8 18 19 26 36 32 32 36 36 46 40 39 40 51 59 56 31 29 22 28 24 43
0 0 0 0 0 0 0 0 0 0 0 0 0 1 0 0 0 0 0 0 0 0 0 0 0 0 2 0 1 1 3 2 5 10 9 12 12 16 25 23 22 31 40 48 48 56 51 64 62 45 43 45 44 53 54 37 30 24 20 10 17 28 44 50 58 47 38 52 64 44 55 31 33 8 13 28 22 35 21 21 30 34 27 25 29 33 36 39 38 47 45 42 20 36 44 37
0 0 0 0 0 0 0 0 0 0 0 0 0 0 0 0 0 0 0 0 0 0 0 0 0 1 0 0 1 3 5 6 6 8 7 9 18 19 27 25 33 42 51 37 35 54 60 62 50 51 48 51 46 40 40 49 45 28 15 10 18 37 48 51 47 47 36 35 58 67 47 31 21 40 33 9 8 13 25 25 26 31 36 36 27 39 26 45 39 31 41 38 20 37 35 30
0 0 0 0 0 0 0 0 0 0 0 0 0 0 0 0 0 0 0 0 0 0 0 0 0 0 0 1 4 1 1 1 5 5 8 15 17 18 19 22 26 40 31 40 57 50 59 65 46 55 51 50 45 33 36 46 30 29 27 12 13 25 59 57 59 44 38 30 27 25 27 23 17 24 2 9 14 14 15 17 25 23 22 43 37 42 38 40 35 34 39 23 24 39 30 39
0 0 0 0 0 0 0 0 0 0 0 0 0 0 0 0 0 0 0 0 0 0 1 1 0 0 0 1 1 1 1 2 4 4 8 11 15 17 14 39 24 21 28 49 21 41 60 65 66 63 37 40 40 48 50 39 34 39 28 12 6 21 33 52 50 45 71 43 38 31 20 8 15 21 8 14 21 15 17 18 26 27 34 38 40 18 24 20 28 49 38 16 32 45 44 42
0 0 0 0 0 0 0 0 0 0 0 0 0 0 0 0 0 0 0 0 0 0 0 0 0 1 0 0 1 1 1 2 2 4 5 11 7 8 23 17 15 32 49 21 43 46 48 59 51 40 37 50 54 53 52 53 50 44 29 17 9 20 43 43 44 58 65 73 30 37 19 8 7 26 25 7 16 23 33 17 22 23 38 38 26 12 35 33 29 24 17 7 34 42 39 38
0 0 0 0 0 0 0 0 0 0 0 0 0 0 0 0 0 0 0 0 0 0 0 0 0 0 0 0 1 1 3 2 2 5 5 6 7 13 18 25 15 14 26 36 35 44 34 43 45 50 49 62 63 41 48 48 51 36 33 19 14 33 37 49 51 50 59 56 41 35 18 18 15 24 11 8 10 14 19 26 18 50 42 23 32 44 36 31 20 11 11 23 38 44 36 38
0 0 0 0 0 0 0 0 0 0 0 0 0 0 0 0 0 0 0 0 0 0 0 0 0 0 0 1 1 1 1 1 2 2 4 2 13 12 18 10 7 9 18 31 44 43 43 50 57 59 58 59 50 40 36 36 35 35 36 33 21 37 47 54 57 53 42 27 40 44 28 6 10 17 5 8 25 30 30 39 36 27 32 32 36 45 23 29 17 15 17 32 35 35 25 34
0 0 0 0 0 0 0 0 0 0 0 0 0 0 0 0 0 0 0 0 0 0 0 0 0 0 0 1 0 0 1 1 4 2 6 2 1 1 2 6 9 20 34 43 49 48 44 52 41 61 47 46 57 40 48 34 32 35 33 33 24 47 51 48 53 45 36 13 25 30 23 9 13 11 6 4 10 33 34 38 42 22 32 36 35 41 23 21 35 18 32 32 16 39 34 33
0 0 0 0 0 0 0 0 0 0 0 0 0 0 0 0 0 0 0 0 0 0 0 0 0 0 0 0 0 0 2 1 1 6 1 1 3 5 8 9 23 32 28 40 48 57 54 54 43 47 49 50 53 54 52 49 45 35 36 20 37 48 58 69 54 44 28 27 28 19 20 7 11 10 17 9 12 15 29 40 32 41 28 36 40 36 30 10 16 30 25 15 22 26 46 30
0 0 0 0 0 0 0 0 0 0 0 0 0 0 0 0 0 0 0 0 0 0 0 0 0 0 0 0 0 0 1 1 1 1 0 1 2 3 7 36 22 20 32 40 45 55 44 44 43 35 45 50 52 41 51 40 48 48 33 34 39 60 48 54 48 38 28 33 26 13 22 14 6 9 16 9 15 18 21 26 37 34 26 28 37 28 17 7 13 37 17 23 33 26 43 24
0 0 0 0 0 0 0 0 0 0 0 0 0 0 0 0 0 0 0 0 0 0 0 0 0 0 0 0 0 0 1 3 2 0 0 2 2 5 10 13 16 29 34 27 33 38 45 47 38 44 44 47 50 51 52 50 50 49 37 35 36 40 42 37 46 54 33 49 35 16 7 7 13 6 14 16 12 15 13 20 31 28 25 37 41 31 14 7 28 27 27 45 43 27 35 22
0 0 0 0 0 0 0 0 0 0 0 0 0 0 0 0 0 0 0 0 0 0 0 0 0 0 0 0 1 0 1 1 0 0 2 0 2 2 4 17 25 18 14 49 47 28 39 47 46 45 45 47 48 50 50 51 51 33 34 35 36 55 29 31 22 35 53 44 28 19 15 13 5 7 6 9 6 10 20 28 23 32 28 45 44 14 8 27 21 27 39 40 32 16 26 25
0 0 0 0 0 0 0 0 0 0 0 0 0 0 0 0 0 0 0 0 0 0 0 0 0 0 0 0 1 1 1 0 0 0 1 5 1 2 7 11 15 13 28 13 22 21 37 55 42 43 46 46 48 47 50 51 35 25 37 46 35 50 34 37 30 31 31 55 15 8 3 7 4 2 3 9 17 15 14 19 23 28 47 44 19 12 19 29 28 21 25 31 37 26 26 23
0 0 0 0 0 0 0 0 0 0 0 0 0 0 0 0 0 0 0 0 0 0 0 0 0 0 0 0 1 0 0 0 0 0 2 2 3 2 4 5 8 17 13 11 16 50 39 38 38 55 46 43 47 47 48 46 32 23 42 43 58 57 36 30 20 33 31 21 27 7 3 2 4 5 5 14 12 15 17 27 22 31 25 19 13 20 29 35 22 36 30 19 20 22 17 13
0 0 0 0 0 0 0 0 0 0 0 0 0 0 0 0 0 0 0 0 0 0 0 0 0 0 0 0 0 0 0 0 0 1 2 1 2 2 2 2 3 9 23 19 28 25 32 38 50 39 48 57 29 44 44 32 18 39 46 45 69 50 30 35 22 20 21 20 12 2 5 2 3 5 8 10 13 19 26 24 23 35 17 23 16 28 35 31 22 22 27 16 16 21 23 16
0 0 0 0 0 0 0 0 0 0 0 0 0 0 0 0 0 0 0 0 0 0 0 0 0 0 0 0 0 0 0 0 1 1 2 2 1 1 2 2 5 9 14 30 20 23 26 52 34 37 57 45 48 46 30 31 19 36 52 51 50 51 27 30 30 25 15 6 9 1 3 4 7 4 6 9 18 19 33 38 29 30 12 10 15 29 36 33 38 28 23 22 15 16 28 20
0 0 0 0 0 0 0 0 0 0 0 0 0 0 0 0 0 0 0 0 0 0 0 0 0 0 0 0 0 0 0 0 1 2 0 0 1 1 2 2 3 7 13 22 26 19 41 25 45 55 35 38 45 44 34 29 16 36 56 46 36 35 15 16 24 7 12 4 4 1 1 5 2 6 7 12 17 34 63 38 39 15 10 13 23 30 29 30 18 12 16 28 10 11 20 36
0 0 0 0 0 0 0 0 0 0 0 0 0 0 0 0 0 0 0 0 0 0 0 0 0 0 0 0 0 0 0 0 0 0 0 0 0 1 1 3 5 7 11 17 17 13 27 36 37 38 47 36 40 42 42 24 25 33 52 58 37 28 16 9 21 12 3 2 5 1 2 2 2 5 6 14 40 15 23 34 13 9 12 25 22 31 38 27 13 15 20 9 5 7 11 28
0 0 0 0 0 0 0 0 0 0 0 0 0 0 0 0 0 0 0 0 0 0 0 0 0 0 0 0 0 0 0 0 2 0 0 0 0 1 1 1 2 7 5 9 19 7 9 9 20 25 39 37 35 42 28 16 28 41 48 37 47 25 10 7 7 7 3 1 2 0 0 1 2 6 12 23 27 34 32 35 16 8 13 22 22 41 40 30 20 13 16 16 12 6 9 16
0 0 0 0 0 0 0 0 0 0 0 0 0 0 0 0 0 0 0 0 0 0 0 0 0 0 0 0 0 0 0 0 0 0 0 0 0 0 1 1 4 4 3 11 4 7 10 18 22 36 30 39 39 26 22 13 24 36 54 32 26 10 7 10 6 2 4 1 1 0 1 1 1 2 14 34 38 31 20 22 7 12 20 21 22 40 31 9 14 21 10 20 6 7 9 19
0 0 0 0 0 0 0 0 0 0 0 0 0 0 0 0 0 0 0 0 0 0 0 0 0 0 0 0 0 0 0 0 0 0 0 0 1 1 1 2 1 4 6 3 6 7 16 17 28 22 24 31 36 24 10 20 26 52 41 25 15 11 5 12 4 2 1 2 1 0 2 3 5 11 18 23 22 11 13 6 9 18 17 19 19 40 35 6 6 17 9 19 8 7 9 27
0 0 0 0 0 0 0 0 0 0 0 0 0 0 0 0 0 0 0 0 0 0 0 0 0 0 0 0 0 0 0 0 0 0 1 0 0 1 2 0 3 3 2 5 5 10 14 25 29 23 36 26 20 23 14 30 23 46 37 12 11 7 3 1 2 2 1 1 1 2 3 2 4 7 8 24 16 15 5 18 11 20 23 28 21 32 34 10 9 9 4 20 7 8 8 14
0 0 0 0 0 0 0 0 0 0 0 0 0 0 0 0 0 0 0 0 0 0 0 0 0 0 0 0 0 0 0 0 1 0 0 0 0 0 1 2 4 4 7 2 5 13 20 14 15 33 29 21 19 21 13 29 37 22 18 11 4 4 3 1 2 2 1 0 1 2 1 2 7 7 18 10 19 17 9 18 18 14 17 23 13 15 16 14 16 8 8 22 6 7 5 9
0 0 0 0 0 0 0 0 0 0 0 0 0 0 0 0 0 0 0 0 0 0 0 0 0 0 0 0 0 0 0 1 0 0 0 0 0 0 1 1 2 1 8 4 6 13 6 10 21 20 17 16 15 14 18 21 24 26 9 6 2 2 2 1 1 1 0 0 0 2 2 4 6 14 14 14 20 22 15 15 16 19 18 18 12 7 12 10 10 9 9 16 6 4 7 7
0 0 0 0 0 0 0 0 0 0 0 0 0 0 0 0 0 0 0 0 0 0 0 0 0 0 0 0 0 0 0 1 0 0 0 0 0 0 0 1 1 2 4 6 5 8 9 10 12 13 13 15 12 12 21 11 19 15 10 2 3 1 1 1 1 0 0 0 0 1 2 8 14 9 11 12 14 4 8 11 12 20 14 14 7 13 20 21 11 8 6 8 11 2 6 7
0 0 0 0 0 0 0 0 0 0 0 0 0 0 0 0 0 0 0 0 0 0 0 0 0 0 0 0 0 0 0 0 0 0 0 0 0 0 1 0 1 1 3 2 6 4 5 4 10 15 8 10 7 8 12 14 14 10 5 3 1 2 1 0 0 0 0 1 1 1 2 7 8 7 8 9 3 6 12 10 11 17 16 8 8 8 11 13 8 7 4 6 9 2 3 9
0 0 0 0 0 0 0 0 0 0 0 0 0 0 0 0 0 0 0 0 0 0 0 0 0 0 0 0 0 0 0 0 0 0 0 0 0 0 1 0 0 1 3 3 4 4 4 8 7 9 9 7 7 14 12 6 13 3 2 1 1 1 0 0 0 0 0 1 1 1 3 6 12 15 19 6 5 6 10 13 17 8 11 6 8 11 10 9 6 6 4 3 6 5 2 3
0 0 0 0 0 0 0 0 0 0 0 0 0 0 0 0 0 0 0 0 0 0 0 0 0 0 0 0 0 0 0 0 0 0 0 0 0 0 2 1 0 1 0 2 2 2 5 2 5 5 5 5 4 12 9 4 4 2 2 1 0 0 0 0 0 0 0 0 0 0 2 4 10 25 14 4 5 8 7 17 14 7 6 8 4 8 10 8 5 6 1 3 3 2 2 1
0 0 0 0 0 0 0 0 0 0 0 0 0 0 0 0 0 0 0 0 0 0 0 0 0 0 0 0 0 0 0 0 0 0 0 0 0 0 2 1 0 2 0 2 1 1 2 1 3 3 5 3 3 6 5 13 1 1 1 0 0 0 0 0 0 0 0 0 1 1 3 5 5 22 10 4 9 10 7 8 11 6 5 3 5 6 5 8 5 2 1 3 3 1 1 1
0 0 0 0 0 0 0 0 0 0 0 0 0 0 0 0 0 0 0 0 0 0 0 0 0 0 0 0 0 0 0 0 0 0 0 0 0 0 0 1 0 1 0 1 0 1 1 2 3 1 3 2 3 2 4 3 2 1 0 0 0 0 0 0 0 0 0 0 1 1 2 5 8 8 4 7 7 5 6 4 4 6 6 4 2 3 5 3 5 1 1 4 1 2 1 0
0 0 0 0 0 0 0 0 0 0 0 0 0 0 0 0 0 0 0 0 0 0 0 0 0 0 0 0 0 0 0 0 0 0 0 0 0 0 0 0 1 1 1 0 0 0 1 1 1 0 2 1 1 1 1 2 2 1 0 0 0 0 0 0 0 0 0 0 1 2 7 5 8 2 7 5 5 8 6 4 2 4 3 3 3 6 1 4 1 1 1 3 1 2 1 0
0 0 0 0 0 0 0 0 0 0 0 0 0 0 0 0 0 0 0 0 0 0 0 0 0 0 0 0 0 0 0 0 0 0 0 0 0 0 0 0 1 1 0 0 0 0 1 0 1 0 1 1 1 2 1 1 1 0 0 0 0 0 0 0 0 0 0 0 1 1 4 10 1 2 3 3 5 4 2 1 2 1 2 3 2 1 2 1 1 1 0 1 1 1 1 0
