sesion_6_simulaciones/modelos_agentes/ejemplos_netlogo/scenarios/cgcm2_a2/rob_2080.asc
NCOLS 322 
NROWS 307 
XLLCORNER 451900 
YLLCORNER 4086900 
CELLSIZE 100 
NODATA_value -9999 
[rows 225 to 299 of 307, columns 0 to 95 of 322]
6 20 28 23 48 56 15 14 8 24 36 17 12 6 8 9 3 1 1 17 8 12 27 13 7 16 10 12 9 6 7 6 15 3 3 12 6 12 8 15 13 19 29 18 26 46 37 63 59 35 21 25 17 27 14 17 21 39 31 29 43 26 22 19 27 21 14 13 8 5 4 2 2 1 1 0 0 0 0 0 0 0 1 2 3 8 14 17 45 40 36 34 12 8 4 4
1 3 7 5 24 62 39 3 13 23 33 9 16 13 2 2 1 1 9 37 6 14 18 26 11 11 7 2 7 3 6 13 10 4 10 9 11 13 6 9 27 49 37 20 32 39 47 24 64 72 26 22 10 16 17 28 25 22 25 19 16 12 18 9 8 14 18 10 5 3 2 1 2 1 0 0 0 0 0 0 0 1 2 2 3 10 28 39 49 58 35 16 12 6 4 2
8 4 8 16 16 21 6 8 10 12 22 24 30 5 1 1 6 11 21 38 10 9 12 42 19 5 9 3 4 7 2 5 15 5 4 3 9 13 41 50 17 15 13 55 26 33 59 39 38 15 31 34 32 29 29 32 35 24 23 19 16 9 11 7 8 10 9 3 2 3 1 1 0 0 0 0 0 0 0 0 1 1 3 4 4 10 34 64 48 7 7 3 4 4 2 2
5 5 6 18 15 16 15 12 7 18 23 15 12 4 7 23 20 21 23 31 6 11 7 24 2 2 7 2 4 7 2 2 8 4 2 5 4 4 34 54 28 19 39 34 81 49 22 36 31 29 21 45 43 40 46 41 24 27 13 9 8 2 1 2 5 4 4 2 2 1 1 1 0 0 0 0 0 0 1 1 2 3 4 6 13 21 27 64 32 12 9 6 5 5 3 3
1 3 13 9 9 11 17 15 12 14 10 25 17 17 15 24 15 7 22 13 5 5 3 3 1 7 2 1 4 3 1 3 2 3 12 21 11 12 6 17 22 12 12 11 41 74 46 30 28 31 26 29 29 43 52 54 29 21 7 6 2 2 3 9 9 5 1 1 1 1 0 0 0 0 0 0 1 1 1 2 6 5 12 11 27 39 42 41 19 11 14 21 8 5 2 2
5 4 7 10 15 14 26 8 15 11 6 15 9 25 12 17 14 8 8 27 1 2 2 1 2 1 2 2 1 3 1 2 1 3 3 8 9 30 11 4 22 34 38 31 46 19 29 21 17 23 18 19 32 35 33 34 39 26 21 7 9 7 3 5 6 3 1 1 0 0 0 0 0 0 0 0 1 2 2 4 12 8 19 15 17 53 73 40 23 30 37 21 8 4 3 1
1 5 9 12 7 7 8 21 6 8 7 5 9 8 6 13 11 5 2 4 2 1 1 2 1 1 1 1 1 1 1 2 8 4 3 2 17 8 15 13 5 13 59 66 77 42 18 12 27 32 34 16 24 34 29 32 27 9 12 18 9 5 3 3 2 3 1 1 0 0 0 0 0 0 1 1 2 5 9 15 23 24 25 14 11 31 61 29 21 47 35 13 7 5 3 2
1 1 4 10 8 7 5 15 5 5 5 4 3 5 4 5 17 3 1 3 1 1 0 1 1 1 0 0 1 1 1 2 3 10 5 8 4 8 17 5 12 12 12 27 28 21 27 14 28 21 38 23 22 22 23 39 21 12 4 4 5 3 1 1 0 2 1 1 1 1 0 0 0 1 1 2 4 11 17 31 40 53 31 20 15 20 36 36 42 34 14 8 3 3 4 3
0 0 4 2 3 9 5 3 7 4 8 5 3 6 3 2 3 1 1 1 1 0 0 0 0 0 0 0 1 1 0 1 1 1 2 4 3 4 7 3 9 20 47 24 27 14 18 7 11 14 22 17 20 26 31 19 14 6 2 0 3 8 2 4 3 2 2 2 1 0 0 1 1 2 2 3 5 22 24 46 65 57 42 44 21 26 62 63 47 25 19 9 7 8 6 2
0 0 0 1 2 4 12 13 21 2 3 5 1 4 1 1 5 0 1 1 1 1 0 0 0 0 0 1 2 5 4 0 2 2 6 8 10 14 11 16 25 31 39 47 48 52 59 29 26 45 32 20 19 15 13 13 7 3 2 5 4 11 11 5 2 1 0 0 0 0 0 2 2 3 4 3 9 22 33 50 49 68 54 59 41 73 49 52 31 37 29 26 19 11 6 4
0 0 1 1 2 2 2 4 3 4 4 2 0 0 0 0 2 0 0 0 0 0 0 0 0 0 0 0 1 1 10 24 11 14 26 13 17 11 12 24 39 33 35 60 34 24 27 7 17 37 49 38 20 12 12 12 12 10 21 11 6 7 4 4 2 0 0 0 0 0 2 3 7 5 9 5 7 17 36 53 74 60 63 59 70 51 52 51 25 28 52 41 29 11 7 9
0 0 0 0 0 2 2 3 2 1 1 2 0 1 0 1 0 0 0 0 0 0 0 0 0 0 2 1 2 1 2 9 45 22 41 73 71 42 42 50 13 59 63 52 70 56 60 35 32 39 36 31 35 15 16 31 27 17 11 5 6 9 7 2 0 0 1 0 0 0 1 3 11 15 12 8 11 9 22 26 70 78 74 40 35 78 46 53 51 54 34 36 27 21 14 11
0 0 0 0 0 1 0 2 5 1 0 0 0 0 0 0 0 3 0 1 3 1 1 0 0 0 0 0 1 1 2 2 4 38 30 71 75 73 63 48 50 20 69 71 72 52 72 43 32 36 23 20 11 14 6 6 9 12 9 6 4 3 1 0 0 1 1 0 0 1 2 4 8 19 19 11 14 20 24 25 55 74 66 28 64 62 52 70 71 50 49 41 38 24 33 23
0 0 0 1 1 0 0 1 1 1 0 0 0 0 0 0 0 0 1 1 1 6 2 0 0 0 0 1 1 2 2 4 7 7 6 45 76 37 77 39 47 51 40 69 61 58 41 23 58 47 36 31 34 30 19 11 8 6 5 4 3 1 1 0 1 0 0 0 0 1 2 6 11 26 47 27 17 25 39 48 61 74 45 42 60 26 15 30 46 23 22 37 27 28 17 9
0 0 0 0 0 0 0 0 0 0 0 0 0 0 0 0 0 0 0 0 0 0 8 2 0 0 0 1 1 2 3 2 7 12 8 11 37 64 52 54 55 47 51 54 54 68 60 38 18 43 39 39 32 34 30 13 8 3 4 3 1 1 1 2 0 0 0 0 1 2 4 4 14 19 41 47 24 24 29 64 63 82 35 40 69 30 34 30 22 16 14 25 23 16 4 2
0 0 0 0 0 0 0 0 0 0 0 0 0 0 0 0 0 0 0 1 0 0 0 2 2 0 1 4 3 3 6 5 9 20 19 15 23 51 41 55 20 28 20 33 35 39 12 44 30 27 35 25 22 27 26 22 18 11 8 10 4 2 2 1 0 0 0 1 2 4 8 11 14 18 21 55 63 38 59 46 73 67 55 75 30 36 42 38 45 48 28 29 23 14 6 2
0 0 0 0 0 0 0 0 0 0 0 0 0 0 0 0 0 0 0 0 0 0 0 5 1 1 1 1 0 1 3 4 12 17 21 27 16 13 21 13 28 17 8 11 18 30 28 37 20 18 28 21 21 16 15 14 11 7 5 4 2 1 1 0 0 0 1 2 6 6 8 14 23 19 27 28 77 33 36 64 70 49 56 67 60 53 41 68 67 26 25 19 12 5 2 2
0 0 0 0 0 0 0 0 0 0 0 0 0 0 0 0 0 0 1 1 0 0 0 0 1 0 1 3 1 4 8 6 7 16 16 29 31 18 13 8 8 14 19 20 32 32 26 14 19 27 20 18 14 17 13 11 9 4 3 2 1 0 0 0 0 1 2 5 6 10 17 10 5 25 61 50 72 46 48 61 68 63 49 57 45 30 33 58 49 42 18 14 9 4 3 1
0 0 0 0 0 0 0 0 0 0 0 0 0 1 2 1 0 0 0 0 1 1 0 2 5 2 1 2 2 2 7 9 14 20 19 30 32 53 37 14 17 11 13 14 19 15 20 12 9 16 14 18 20 15 8 7 5 3 2 2 1 1 0 0 0 2 6 6 9 14 18 19 12 28 52 39 62 73 49 58 62 66 65 64 45 57 42 47 48 40 25 19 8 5 2 2
0 0 0 0 0 0 0 0 0 0 0 0 0 0 0 4 0 0 0 0 1 0 1 1 0 2 4 12 21 9 6 12 16 26 28 26 34 45 56 52 27 19 21 28 29 19 12 15 24 18 26 27 12 8 11 7 10 6 2 2 1 0 1 1 1 4 7 15 22 26 22 25 16 30 69 40 21 59 82 58 70 66 63 55 44 37 12 34 47 34 19 8 8 7 8 6
0 0 0 0 0 0 0 0 0 0 0 0 0 0 0 0 0 0 0 0 0 1 1 1 2 2 1 2 4 20 26 22 27 39 36 26 40 57 64 55 33 30 27 37 38 43 24 42 26 14 6 7 10 11 3 5 4 3 1 2 1 1 1 1 3 7 10 22 35 38 34 40 29 39 60 68 26 48 63 57 54 35 29 18 26 41 22 26 31 21 17 12 12 11 9 7
0 0 0 0 0 0 0 0 0 0 0 0 0 0 0 0 0 0 0 0 1 0 0 1 1 3 2 1 1 24 15 45 62 35 43 44 30 44 59 61 63 60 47 32 47 59 33 35 28 16 15 16 7 11 6 4 4 5 4 3 1 0 1 3 6 7 11 29 34 52 41 57 31 33 54 69 52 29 63 36 28 17 30 24 26 12 12 20 37 33 18 15 17 14 10 3
0 0 0 0 0 0 0 0 0 0 0 0 0 0 0 0 0 1 0 0 0 0 1 1 1 2 3 2 2 1 3 3 35 32 39 34 23 45 41 32 28 23 20 22 30 53 31 28 23 23 16 12 6 4 3 5 7 5 3 2 1 0 1 2 5 13 23 29 28 43 71 51 55 31 31 62 48 72 42 25 31 23 22 25 35 17 28 32 26 14 16 26 29 15 10 3
0 0 0 0 0 0 0 0 0 0 0 0 0 0 0 0 0 0 0 0 0 0 0 0 1 1 2 2 6 8 4 12 14 10 5 13 22 30 21 29 14 17 10 18 20 23 22 32 17 14 13 12 12 11 3 4 5 7 5 2 0 0 0 3 4 11 11 11 17 20 43 68 76 31 20 45 29 64 25 37 21 23 15 28 33 34 31 15 27 23 28 34 18 12 6 3
0 0 0 0 0 0 0 0 0 0 0 0 0 0 0 0 1 0 0 0 0 0 0 1 1 2 5 6 4 3 3 5 14 18 14 13 32 35 34 32 36 29 47 40 25 26 28 32 27 18 7 11 9 7 9 7 6 3 2 1 0 0 1 2 6 11 18 34 25 16 28 36 55 61 36 31 58 45 33 33 15 31 34 24 15 32 40 33 43 47 26 25 12 7 4 6
0 0 0 0 0 0 0 0 0 0 0 0 0 0 0 0 1 0 1 0 0 0 0 1 7 24 11 3 8 18 20 9 23 22 21 20 31 47 39 36 48 38 32 32 31 30 45 52 30 21 24 18 23 22 13 5 4 3 2 1 0 1 1 3 9 15 29 44 43 26 19 22 42 58 61 34 67 43 40 45 44 26 35 47 41 40 53 45 38 46 44 20 18 11 5 5
0 0 0 0 0 0 0 0 0 0 0 0 0 0 0 0 1 0 0 0 0 1 1 2 7 30 20 7 3 8 12 12 8 12 19 15 20 27 26 51 64 38 45 47 58 54 48 52 38 30 33 37 25 14 12 9 8 3 2 1 0 2 2 7 14 25 50 45 30 29 28 37 39 27 18 69 68 42 34 33 26 33 53 49 53 62 59 66 52 45 23 16 12 12 7 5
0 0 0 0 0 0 0 0 0 0 1 0 0 0 0 0 0 0 0 0 1 1 2 18 6 4 11 10 8 14 26 22 11 7 13 10 23 30 41 41 36 36 69 62 70 63 45 31 27 21 11 19 24 12 8 7 4 3 2 1 0 2 2 10 21 32 48 46 43 51 46 38 63 58 48 46 60 55 25 31 39 49 52 35 49 54 53 40 54 26 16 13 21 12 8 6
0 0 0 0 0 0 0 0 1 1 2 1 0 0 1 1 0 0 0 0 0 0 1 7 1 3 10 23 29 52 73 17 34 19 12 7 15 59 40 45 64 15 24 12 17 38 24 38 23 24 21 23 21 17 7 4 4 3 2 1 1 3 4 10 30 52 46 44 33 69 78 33 62 73 70 58 38 41 35 23 34 33 41 60 53 50 36 33 40 31 30 32 24 20 8 3
0 0 0 0 0 0 0 0 0 0 0 0 0 0 0 0 0 0 0 0 0 0 2 4 1 1 1 10 18 12 37 69 28 39 41 36 39 41 31 35 49 53 42 50 49 34 39 51 38 35 31 17 13 11 9 7 6 6 4 1 2 5 17 23 36 44 48 45 35 33 59 74 40 60 69 68 51 29 49 38 51 57 41 35 50 48 38 29 34 53 45 37 18 9 9 3
0 0 0 0 0 0 0 0 0 0 0 0 0 0 0 0 1 0 0 1 1 1 1 8 2 0 2 1 5 13 4 20 38 29 60 52 31 10 13 11 27 36 33 44 57 63 47 30 44 37 25 32 26 13 9 14 6 5 5 1 3 10 25 38 55 60 43 37 64 55 36 29 63 67 54 63 44 41 65 64 26 24 30 39 40 33 48 38 44 27 26 14 8 8 4 3
0 0 0 0 0 0 0 0 0 0 0 0 0 0 0 0 0 0 0 0 0 2 2 8 4 2 2 4 8 8 7 3 3 8 10 10 10 12 13 9 8 16 15 21 45 48 35 53 50 45 38 33 28 23 19 16 12 6 4 1 6 13 26 50 60 58 45 54 55 73 50 48 26 24 41 41 62 54 33 42 36 50 49 58 52 44 58 52 30 17 16 14 8 3 4 4
0 0 0 0 0 0 0 0 0 0 0 0 0 0 0 0 0 0 0 0 0 2 4 6 2 0 2 7 5 12 15 5 18 28 33 26 28 24 26 13 13 14 44 56 59 40 48 45 49 49 45 34 30 28 21 19 13 7 3 1 3 13 40 57 51 68 50 57 55 46 81 54 39 25 16 62 34 57 45 46 51 68 69 62 52 64 52 42 24 19 17 13 7 4 7 9
0 0 0 0 0 0 0 0 0 0 0 0 2 3 1 5 1 0 0 0 1 2 4 5 2 5 1 6 7 16 8 27 21 15 21 25 19 23 12 20 46 57 34 37 31 45 42 40 52 45 49 44 34 26 23 20 10 7 4 3 2 7 23 57 80 67 47 60 52 44 34 50 55 14 9 28 53 70 65 57 56 57 63 70 64 46 51 37 50 27 15 11 4 9 5 23
0 0 0 0 0 0 0 0 0 0 0 0 2 1 4 0 0 0 0 0 1 1 4 6 9 3 5 5 5 6 9 42 15 16 21 26 27 17 29 32 57 52 50 48 53 55 55 50 62 54 53 41 38 29 27 13 9 7 7 3 4 7 24 45 69 57 68 71 57 70 62 58 52 20 20 41 51 52 58 51 49 51 50 57 48 45 45 51 55 44 19 15 11 13 11 30
0 0 0 0 0 0 0 0 0 0 0 0 0 6 0 0 0 0 0 1 1 1 2 1 1 1 10 2 6 6 18 10 20 30 24 26 26 31 41 37 34 47 55 61 59 65 58 68 62 41 35 33 31 34 33 17 12 9 7 3 5 9 23 42 58 51 44 61 74 58 71 54 60 23 39 54 50 60 40 38 45 49 38 35 37 40 40 40 34 37 32 26 11 23 31 28
0 0 0 0 0 0 0 0 0 0 0 0 0 1 0 0 0 0 1 0 1 2 3 1 1 4 2 4 7 20 24 27 23 26 20 24 36 37 45 41 50 61 65 51 47 64 67 67 52 47 42 40 32 26 22 28 22 12 5 3 6 15 30 44 46 52 42 45 67 78 66 56 47 71 64 30 24 29 43 43 41 46 48 46 36 46 30 46 35 27 31 25 13 25 28 24
0 0 0 0 0 0 0 0 0 0 0 0 0 0 0 0 0 0 0 0 1 1 1 4 4 1 2 8 23 4 6 6 19 18 24 34 36 38 39 39 44 60 47 54 68 61 66 70 48 52 44 39 34 20 22 25 14 13 9 4 5 10 40 50 60 50 46 39 37 37 45 47 44 56 9 27 32 32 28 31 37 35 34 54 46 49 43 42 33 31 31 15 17 33 27 36
0 0 0 0 0 0 0 0 0 0 0 0 0 0 0 0 0 0 0 1 1 1 6 7 1 2 3 7 4 6 7 10 18 13 23 30 35 37 31 63 44 38 44 62 31 52 69 70 69 63 32 33 28 35 34 21 16 17 10 4 2 8 19 46 51 51 77 53 52 48 37 20 37 51 27 39 43 31 31 32 42 39 47 49 49 22 26 21 28 44 30 11 25 43 43 44
0 0 0 0 0 0 0 0 0 0 0 0 0 0 0 0 0 0 0 1 1 3 3 1 1 6 3 3 4 6 9 10 8 14 18 33 22 21 49 38 32 53 66 35 56 58 59 66 56 39 34 45 44 41 37 35 28 22 13 6 3 8 26 37 45 64 74 82 46 54 40 21 22 59 60 23 37 43 50 31 34 37 51 47 34 16 39 34 29 22 13 6 29 44 43 43
0 0 0 0 0 0 0 0 0 0 0 0 0 0 0 0 0 0 0 1 1 1 0 1 4 1 1 2 4 5 14 10 8 20 21 23 24 37 46 53 32 29 41 51 49 57 45 51 50 50 47 58 54 32 33 32 33 17 15 8 5 15 22 39 53 56 68 71 62 59 40 42 43 59 33 25 26 31 36 42 31 65 54 32 40 49 40 31 18 9 7 19 37 46 43 45
0 0 0 0 0 0 0 0 0 0 0 0 0 0 0 0 0 0 1 0 0 0 0 1 1 1 2 5 7 7 7 5 7 10 22 15 46 42 49 27 17 20 31 47 59 56 55 59 61 61 57 55 41 31 26 24 22 21 18 15 9 21 32 50 62 60 51 42 61 70 56 19 31 51 23 29 54 54 51 59 54 41 43 43 47 51 26 29 16 13 15 32 39 41 31 42
0 0 0 0 0 0 0 0 0 0 0 0 0 0 0 0 0 0 0 1 1 1 0 1 1 3 3 9 3 2 5 6 16 12 31 12 7 6 6 18 22 40 54 62 65 61 56 60 48 64 48 44 50 31 36 22 21 22 19 18 12 32 44 47 61 55 47 24 43 58 55 29 41 44 24 15 31 61 58 59 61 34 44 47 44 47 26 22 33 17 33 36 20 46 43 43
0 0 0 0 0 0 0 0 0 0 0 0 0 0 0 0 0 1 0 0 0 1 1 1 2 2 2 3 2 3 14 8 6 34 6 4 18 21 26 26 46 54 48 58 64 70 65 62 50 52 51 50 49 48 41 37 33 24 21 12 25 38 58 74 64 56 41 42 48 44 53 26 34 38 48 32 34 38 54 62 49 56 40 48 48 41 30 11 16 30 29 19 28 34 59 42
0 0 0 0 0 0 0 0 0 0 0 0 0 0 0 0 0 0 0 1 0 1 0 1 1 2 2 2 3 4 4 5 8 6 2 7 10 16 27 69 46 42 55 60 62 68 56 53 50 42 48 51 50 37 45 30 38 36 24 24 30 55 46 60 58 50 42 51 48 37 57 46 26 37 48 30 39 42 43 45 54 46 37 37 44 32 18 7 14 39 21 30 40 36 56 36
0 0 0 0 0 0 0 0 0 0 0 0 0 0 0 0 0 0 0 1 2 1 0 0 2 1 3 3 2 2 7 25 12 1 3 12 9 28 41 41 40 55 57 44 50 53 57 58 45 51 49 51 50 49 48 45 42 39 29 28 31 36 43 43 57 68 50 68 64 44 31 28 41 31 47 51 36 36 30 35 44 40 35 44 44 30 14 8 31 33 35 54 55 39 48 34
0 0 0 0 0 0 0 0 0 0 0 0 0 0 0 1 0 0 0 1 1 0 1 1 0 1 2 1 8 3 11 8 1 2 13 4 13 11 22 50 55 41 31 70 64 43 53 58 57 54 52 52 51 51 50 47 44 29 31 32 35 55 35 36 31 50 70 69 58 54 54 48 24 36 27 31 19 26 40 48 36 44 36 49 46 14 10 31 25 35 49 52 45 26 39 39
0 0 0 0 0 0 0 0 0 0 0 0 0 0 0 0 0 0 0 0 0 0 1 0 0 1 1 1 7 6 7 1 1 4 7 29 9 14 32 39 44 37 53 27 39 35 53 67 54 54 54 53 53 50 51 50 34 23 37 49 39 54 44 45 40 47 51 78 43 32 18 36 22 14 15 30 41 34 30 34 35 33 51 45 20 13 22 32 36 30 35 43 52 40 40 37
0 0 0 0 0 0 0 0 0 0 0 0 0 0 0 1 0 0 0 0 1 0 0 0 1 1 1 3 6 2 1 1 1 2 13 16 19 14 19 24 32 44 32 25 33 67 55 52 51 67 57 52 54 52 52 48 33 25 46 49 65 66 47 44 32 49 56 52 66 30 17 14 21 28 24 44 33 36 33 41 32 40 29 21 15 24 36 43 32 48 43 30 31 36 29 24
0 0 0 0 0 0 0 0 0 0 0 0 0 0 0 0 0 0 0 0 0 0 0 0 2 0 1 4 2 2 2 2 4 5 15 10 15 14 14 10 13 32 50 40 51 44 51 55 65 53 57 67 36 51 49 36 20 44 53 53 75 63 44 53 38 33 41 56 46 11 29 15 16 26 32 34 35 41 43 36 32 42 21 27 20 35 42 41 33 34 39 28 27 35 38 28
0 0 0 0 0 0 0 0 0 0 0 0 0 0 0 0 0 0 0 0 0 0 0 0 0 0 1 2 1 1 2 1 5 9 14 16 7 11 11 14 23 32 38 58 40 43 44 68 51 51 69 56 56 54 37 36 23 42 62 61 61 66 46 52 53 43 38 28 43 7 15 27 33 22 27 31 47 39 51 52 38 36 16 14 20 38 46 46 52 43 38 37 26 28 45 35
0 0 0 0 0 0 0 0 0 0 0 0 0 0 0 0 0 0 0 0 0 0 0 0 0 1 1 0 0 1 3 3 7 14 2 2 8 7 12 12 15 27 38 49 51 40 64 42 63 69 49 51 56 54 41 36 22 41 63 61 53 57 33 37 51 24 42 20 25 8 7 31 12 28 31 37 40 52 72 48 47 18 14 19 33 39 41 44 30 21 27 45 20 21 35 55
0 0 0 0 0 0 0 0 0 0 0 0 0 0 0 0 0 0 0 0 0 0 0 0 0 1 0 0 0 0 3 0 3 3 1 4 3 4 6 17 25 29 37 44 41 31 50 59 57 54 60 50 53 53 52 33 34 41 63 72 61 54 40 28 52 41 15 14 31 5 15 15 17 27 29 37 55 26 32 41 18 12 18 35 33 43 50 42 23 26 33 18 11 14 22 48
0 0 0 0 0 0 0 0 0 0 0 0 0 0 0 0 0 0 0 0 0 0 0 0 0 0 0 2 2 1 4 3 12 3 1 1 4 4 6 6 9 28 20 28 46 21 20 19 36 42 55 52 49 53 38 23 39 52 61 57 74 56 30 27 28 32 19 4 16 1 3 7 14 27 38 49 49 51 44 45 22 13 21 32 33 56 57 45 33 25 30 30 23 12 19 33
0 0 0 0 0 0 0 0 0 0 0 0 0 0 0 0 0 0 0 0 0 0 0 0 0 0 0 0 0 0 2 0 1 1 1 3 2 3 4 5 18 19 13 33 15 21 24 36 40 55 47 54 53 38 32 21 35 49 66 55 56 32 28 39 29 12 17 8 11 3 5 6 8 8 32 50 49 45 30 30 12 19 30 32 35 57 46 17 26 37 21 37 14 15 20 38
0 0 0 0 0 0 0 0 0 0 0 0 0 0 0 0 0 0 0 0 0 0 0 0 0 0 0 0 0 1 1 0 0 2 3 2 4 4 5 11 9 17 26 14 20 22 37 36 50 40 42 47 51 35 16 31 39 68 58 52 46 39 22 45 22 11 9 14 5 3 13 16 24 37 45 44 37 19 19 10 14 29 28 31 32 58 54 13 14 33 20 37 17 17 21 53
0 0 0 0 0 0 0 0 0 0 0 0 0 0 0 0 0 0 0 0 0 0 0 0 0 1 0 0 0 1 0 0 0 2 5 2 3 4 10 3 17 14 10 19 18 32 36 50 53 44 56 43 33 36 23 42 38 62 65 36 40 33 17 10 15 14 9 8 6 11 19 11 18 25 23 40 29 22 8 27 19 31 36 44 37 52 55 21 20 22 10 39 16 19 20 33
0 0 0 1 1 0 0 0 0 0 0 0 0 0 0 0 0 0 0 0 0 0 0 0 0 0 0 0 0 1 0 1 5 2 1 1 2 3 4 14 25 17 28 11 21 40 48 36 36 57 50 36 32 34 23 47 56 44 47 43 22 24 23 6 19 14 7 3 8 13 9 13 29 25 37 20 29 27 16 31 31 26 30 41 27 31 35 30 34 19 19 45 15 16 14 26
0 0 0 0 1 2 0 0 0 0 0 0 0 0 0 0 0 0 0 0 0 0 0 0 0 0 0 0 0 0 1 5 1 0 1 2 1 1 5 9 10 6 32 21 26 42 19 29 47 43 35 32 29 27 33 41 48 55 35 35 17 13 15 11 8 10 4 1 4 15 10 22 25 39 32 31 36 34 25 27 29 36 34 37 28 18 29 25 25 22 21 37 17 12 19 22
0 0 0 0 0 0 0 0 0 0 0 0 0 0 0 0 0 0 0 0 0 0 0 0 0 1 0 0 1 2 3 9 1 1 2 0 0 1 2 6 5 10 24 27 24 30 30 30 36 35 30 30 26 25 39 29 45 48 39 15 21 7 9 8 4 2 1 1 1 4 12 35 39 27 26 26 26 8 17 23 24 38 30 33 19 33 44 44 28 21 17 22 29 6 19 25
0 0 0 0 0 0 0 0 0 0 0 0 0 0 0 0 0 0 0 0 0 0 0 0 1 0 0 0 0 0 0 0 1 1 1 1 1 0 7 2 4 5 17 11 27 18 21 16 32 38 23 25 19 20 30 38 43 43 28 20 10 15 5 4 1 1 2 5 4 7 12 27 27 20 19 20 7 14 25 22 25 35 36 22 25 24 33 37 25 21 15 22 26 8 10 28
0 0 0 0 0 0 0 0 0 0 0 0 0 0 0 0 0 0 0 0 0 0 1 0 0 0 0 0 0 0 0 1 1 1 2 1 2 1 4 4 1 4 17 16 19 19 21 31 27 28 27 20 20 38 38 23 43 21 16 5 9 6 2 2 1 1 3 6 5 4 17 28 39 40 37 13 12 14 22 30 39 23 29 20 27 35 33 30 20 20 15 12 22 18 6 13
0 0 0 0 0 0 0 0 0 0 0 0 0 0 0 0 0 0 0 0 1 0 0 0 1 0 0 0 0 0 1 0 1 3 1 2 2 1 11 4 1 9 3 14 13 11 25 11 21 20 18 21 15 39 38 22 23 12 12 11 3 3 3 2 1 1 1 2 3 3 14 23 37 56 29 9 13 20 18 39 37 25 24 27 15 29 34 30 21 24 7 14 16 12 9 6
0 0 0 0 0 0 0 0 0 0 0 0 0 0 0 0 0 0 0 0 0 1 0 0 0 0 0 0 0 0 1 0 0 1 2 3 1 2 10 5 2 13 2 13 8 6 10 8 16 16 23 13 13 24 26 51 7 6 5 3 4 1 1 1 1 1 2 2 4 5 17 25 19 45 20 10 22 26 19 21 32 22 20 17 21 26 24 36 22 12 7 13 16 6 7 4
0 0 0 0 0 0 0 0 0 0 0 0 0 0 0 0 0 0 0 0 0 0 0 0 0 0 0 0 0 0 0 1 1 1 1 2 1 1 2 7 3 4 4 8 2 9 6 13 16 9 16 12 16 12 21 23 11 6 3 1 2 1 0 2 1 1 2 2 6 6 12 24 26 20 11 21 21 18 19 13 17 25 27 20 14 22 26 20 26 8 5 22 9 12 6 3
0 0 0 0 0 0 0 0 0 0 0 0 0 0 0 0 0 0 0 0 0 0 0 0 0 0 0 0 0 0 0 0 1 1 1 1 1 1 0 4 7 7 4 2 2 3 3 9 7 3 11 8 8 8 9 17 13 5 1 0 1 0 0 0 0 0 1 4 7 14 28 20 20 7 22 17 20 29 25 17 11 17 16 18 17 32 9 25 9 5 4 18 7 14 4 3
0 0 0 0 0 0 0 0 0 0 0 0 0 0 0 0 0 0 0 0 0 0 0 0 0 0 0 0 0 0 0 0 0 1 1 0 1 1 1 2 9 7 2 1 2 3 9 3 7 2 4 7 6 12 8 4 6 3 2 0 1 0 0 0 1 2 2 4 9 8 18 29 4 7 13 14 21 17 13 7 11 5 14 15 15 8 16 9 11 6 4 9 5 9 7 2
0 0 0 0 0 0 0 0 0 0 0 0 0 0 0 0 0 0 0 0 0 0 0 0 0 0 0 0 0 0 0 0 0 0 0 0 1 0 0 2 2 6 2 2 1 13 4 2 2 5 7 7 4 7 10 3 9 1 1 1 0 0 0 0 1 1 1 3 12 23 17 6 7 12 10 12 8 9 8 2 6 6 10 8 9 11 10 6 2 5 1 5 12 3 1 2
0 0 0 0 0 0 0 0 0 0 0 0 0 0 0 0 0 0 0 0 0 0 0 0 0 1 0 0 0 0 0 0 0 0 0 0 1 0 0 1 3 2 3 2 2 19 3 4 2 3 5 4 5 9 15 3 5 1 1 1 0 0 0 1 1 1 2 5 24 9 5 6 11 9 8 10 12 13 9 6 7 9 13 12 9 6 5 11 1 3 2 2 9 1 1 2
0 0 0 0 0 0 0 0 0 0 0 0 0 0 0 0 0 0 0 0 0 0 0 0 0 0 0 0 0 0 0 0 0 1 0 1 1 0 0 1 3 3 3 2 3 2 3 5 4 1 2 5 8 6 5 3 2 1 0 0 0 0 0 0 1 2 4 9 6 8 8 8 7 9 15 4 5 12 7 4 7 5 5 13 5 3 1 3 2 2 5 1 4 1 1 1
0 0 0 0 0 0 0 0 0 0 0 0 0 0 0 0 0 0 0 0 0 0 0 0 0 0 0 1 0 0 0 0 0 1 1 1 0 1 1 1 2 1 2 3 0 2 2 5 3 3 4 6 4 3 2 1 1 1 0 0 0 0 0 0 0 1 2 6 14 7 7 6 5 11 8 3 4 11 9 4 4 4 3 3 5 3 1 1 2 5 2 2 1 1 2 2
0 0 0 0 0 0 0 0 0 0 0 0 0 0 0 0 0 0 0 0 0 0 0 0 0 0 0 0 0 1 0 0 0 0 0 2 0 0 0 0 0 2 4 1 1 1 4 2 5 2 2 4 2 1 1 2 1 0 0 0 0 0 0 0 0 1 3 3 10 6 5 4 8 7 13 5 3 6 8 8 4 2 2 2 1 3 1 0 3 1 2 1 1 1 0 1
0 0 0 0 0 0 0 0 0 0 0 0 0 0 0 0 0 0 0 0 0 0 0 0 0 0 0 0 1 0 1 0 0 0 1 0 0 0 0 0 0 2 1 1 1 3 3 2 1 1 1 2 1 1 1 0 0 0 0 0 0 0 0 0 0 1 2 3 10 4 4 4 4 5 5 3 3 4 4 7 3 2 2 1 1 1 1 1 0 2 1 1 1 1 0 0
0 0 0 0 0 0 0 0 0 0 0 0 0 0 0 0 0 0 0 0 0 0 0 0 0 0 0 0 0 0 0 0 0 0 0 0 0 0 0 0 0 1 0 1 0 2 1 0 0 0 0 1 2 1 0 0 0 0 0 0 0 0 0 0 0 1 2 6 4 2 3 2 5 3 2 2 3 4 2 6 3 2 1 0 1 1 0 0 0 0 0 0 0 0 0 3
0 0 0 0 0 0 0 0 0 0 0 0 0 0 0 0 0 0 0 0 0 0 0 0 0 0 0 0 0 0 0 0 0 0 0 0 0 0 0 0 0 1 0 1 0 3 0 0 0 1 0 1 1 1 1 0 0 0 0 0 0 0 0 0 0 1 4 2 2 2 2 1 2 5 3 1 1 2 1 2 2 2 2 0 0 0 0 0 0 0 0 0 0 0 0 1
