sesion_6_simulaciones/modelos_agentes/ejemplos_netlogo/scenarios/cgcm2_a2/rob_2031.asc
NCOLS 322 
NROWS 307 
XLLCORNER 451900 
YLLCORNER 4086900 
CELLSIZE 100 
NODATA_value -9999 
[rows 222 to 295 of 307, columns 192 to 287 of 322]
1 1 1 0 2 1 1 0 0 0 0 0 0 0 0 0 0 0 0 0 0 1 3 2 1 1 1 1 3 3 1 2 8 10 10 8 14 31 33 38 44 38 42 61 43 54 56 38 48 60 56 52 22 21 29 29 27 53 66 66 47 38 46 27 56 77 67 57 71 77 31 16 4 1 1 0 0 0 0 0 0 0 0 0 0 0 0 0 0 0 1 1 2 1 2 2
5 5 3 2 1 0 0 0 0 0 0 0 0 0 0 0 0 0 0 0 1 2 3 5 2 3 4 3 6 6 4 5 10 12 13 9 19 14 25 30 37 34 42 61 50 37 53 38 49 45 42 29 33 25 16 19 26 41 35 35 28 39 45 27 32 58 46 38 57 68 31 11 4 1 0 0 0 0 0 0 0 0 0 0 0 0 0 0 0 1 1 1 1 2 2 3
6 4 3 2 1 1 1 0 0 0 0 0 0 0 0 0 0 0 0 0 1 3 4 11 8 5 6 9 8 15 17 9 12 14 17 11 20 10 23 27 22 32 39 58 66 35 48 47 27 24 32 32 43 16 8 26 26 47 25 44 42 44 46 39 12 15 4 2 6 40 42 10 2 0 0 0 0 0 0 0 0 0 0 0 0 0 0 0 0 0 1 1 1 2 3 7
3 2 2 1 1 0 0 0 0 0 0 0 0 0 0 0 0 0 0 1 1 1 3 9 12 13 10 12 11 20 49 32 18 20 10 13 17 15 34 22 19 22 35 41 58 53 24 34 14 15 15 11 24 25 6 21 24 22 34 53 57 48 54 43 14 18 10 11 3 4 18 5 1 1 0 1 1 0 0 0 0 0 0 0 0 0 0 0 0 0 1 2 2 2 3 4
3 2 2 1 0 0 0 0 0 0 0 0 0 0 0 0 0 1 1 1 1 2 5 6 14 35 21 19 19 16 31 49 20 32 23 28 33 33 22 26 16 21 22 24 29 37 29 48 40 14 42 38 22 15 8 17 55 48 49 53 64 50 46 27 18 17 21 26 9 5 4 1 1 1 1 1 0 0 0 0 0 0 0 0 0 0 0 0 0 0 1 1 2 3 2 4
2 3 2 1 1 1 0 0 0 0 0 0 0 0 0 0 1 0 1 3 3 4 6 7 15 39 52 28 44 24 36 48 33 22 40 44 36 31 32 28 8 15 14 24 34 39 50 59 71 33 31 33 27 12 18 21 39 34 48 55 53 38 33 24 44 33 36 27 10 7 2 1 1 2 2 1 1 1 0 0 0 0 0 0 0 0 0 0 0 0 0 1 1 1 3 5
3 2 1 1 0 0 0 0 0 0 0 0 0 0 0 0 0 1 2 4 7 15 24 16 22 34 65 31 49 30 34 51 18 20 40 43 49 45 35 34 22 22 19 17 35 41 41 58 55 56 46 35 29 17 42 54 50 49 59 70 51 30 32 45 72 57 30 16 10 5 4 3 4 3 5 2 1 1 0 0 0 1 0 0 0 0 0 0 0 0 1 1 1 1 2 5
3 2 1 0 0 0 0 0 0 0 0 0 0 0 0 0 0 1 1 2 3 11 26 48 40 38 61 58 66 39 58 30 19 20 30 51 52 51 31 33 33 36 23 22 26 43 44 45 41 39 56 52 31 29 37 35 54 35 43 19 33 57 57 78 67 43 27 14 15 13 11 8 6 7 3 2 1 1 0 0 0 1 1 0 0 0 1 1 0 0 1 1 2 3 4 6
1 1 1 0 0 0 0 0 0 0 0 0 0 0 0 0 1 0 1 2 5 9 23 27 50 53 66 71 67 38 51 25 21 46 34 46 53 40 37 46 42 47 23 25 44 45 55 47 58 34 36 34 29 10 20 14 74 46 26 40 51 50 54 43 25 20 21 18 12 14 19 17 9 3 1 1 0 0 0 0 0 0 1 1 0 0 1 3 1 0 0 1 2 1 3 5
0 0 0 0 0 0 0 0 0 0 0 0 0 0 0 1 1 1 2 4 5 10 27 41 42 49 61 61 62 60 68 36 28 40 51 41 52 46 41 40 45 31 38 24 26 30 47 55 53 42 24 26 20 22 36 34 11 75 80 56 35 19 35 30 37 28 17 10 6 18 43 21 6 2 1 0 0 0 0 0 0 0 1 0 1 1 1 1 3 0 1 2 2 3 2 5
0 0 0 0 0 0 0 0 0 0 0 0 0 0 1 1 1 1 3 4 5 17 34 49 41 46 61 57 77 82 56 46 45 58 38 56 54 52 49 46 45 40 54 21 39 34 45 43 33 16 37 26 33 34 42 56 42 33 42 48 27 46 28 27 23 23 21 6 11 22 21 8 5 3 1 0 0 0 0 0 0 0 0 2 1 0 0 1 4 1 1 2 2 2 2 3
0 0 0 0 0 0 0 0 0 0 0 0 0 0 0 1 1 2 4 11 9 10 44 43 63 51 59 67 28 80 58 55 47 62 49 42 49 59 50 49 48 41 65 24 24 62 44 41 38 30 48 28 30 46 55 25 50 49 31 15 27 15 23 25 24 20 12 36 25 8 12 5 3 2 1 0 0 0 0 0 0 0 0 1 1 1 1 1 2 2 2 1 1 5 3 3
1 0 0 0 0 0 0 0 0 0 0 0 0 0 0 0 1 2 5 11 22 32 60 47 65 67 72 67 73 66 84 51 45 57 47 25 34 55 58 64 50 25 46 54 15 30 38 61 38 41 52 37 28 38 31 30 17 18 24 40 33 34 29 42 17 17 23 12 6 10 7 4 3 1 0 0 0 0 0 0 0 0 1 1 2 3 1 1 2 3 9 3 1 2 8 6
0 0 0 0 0 0 0 0 0 0 0 0 0 0 0 0 1 2 5 10 25 22 39 11 32 54 51 27 28 53 77 46 53 81 46 49 54 63 41 16 29 15 46 53 17 41 58 40 16 34 49 43 30 38 26 15 43 47 49 35 20 27 54 61 39 29 41 35 26 13 7 3 1 0 0 0 1 0 1 0 0 1 1 1 2 2 4 1 3 2 1 5 2 2 3 5
0 0 0 0 0 0 0 0 0 0 0 0 0 0 0 0 1 1 3 7 13 10 11 33 31 38 28 36 44 53 68 67 71 73 64 59 57 52 52 29 39 36 41 56 16 28 46 43 26 23 29 41 33 28 12 33 48 21 28 35 37 58 65 64 62 54 28 16 20 11 19 6 1 0 0 0 0 1 1 0 1 1 1 1 1 2 2 5 4 4 2 7 4 1 2 2
0 0 0 0 0 0 0 0 0 0 0 0 0 0 0 0 1 1 1 2 4 21 27 21 34 46 45 36 43 56 56 56 67 70 50 56 53 55 58 26 55 47 37 57 14 20 42 36 48 48 23 21 47 37 25 34 33 27 56 40 66 49 48 67 75 40 26 9 23 7 3 3 0 0 0 0 0 1 1 1 2 1 1 1 1 1 2 7 13 17 2 2 4 2 4 7
0 0 0 0 0 0 0 0 0 0 0 0 0 0 0 0 0 0 1 2 4 8 16 15 14 28 47 35 49 38 50 56 58 73 62 69 53 66 46 49 29 42 25 44 14 13 25 26 32 46 50 27 25 10 28 15 13 41 44 36 44 34 56 57 56 64 26 6 3 3 2 0 0 1 1 1 0 1 2 2 3 1 1 1 2 2 1 1 1 4 12 11 6 4 5 9
0 0 0 0 0 0 0 0 0 0 0 0 0 0 0 0 1 1 1 2 7 11 9 17 25 39 33 29 38 40 26 31 51 47 43 61 37 61 47 44 42 43 74 49 22 24 38 57 31 21 24 24 8 36 11 18 35 63 53 73 71 52 33 36 29 17 17 15 5 2 1 0 0 1 1 2 1 1 2 4 3 4 2 2 2 1 3 2 2 3 7 7 6 23 7 11
0 0 0 0 0 0 0 0 0 0 0 0 0 0 0 0 1 1 1 1 2 2 4 7 11 20 21 19 22 29 43 44 31 27 19 69 49 74 39 54 41 37 76 56 41 27 59 47 46 38 23 49 24 51 36 50 50 22 36 42 45 37 21 28 34 20 20 6 6 2 1 0 1 1 1 2 3 1 1 3 4 6 3 5 3 1 2 4 1 0 1 1 2 9 17 8
0 0 0 0 0 0 0 0 0 0 0 0 0 1 1 1 1 2 1 4 8 9 17 23 30 29 36 52 59 46 45 60 59 45 57 53 74 64 44 49 40 31 25 62 37 17 31 38 45 35 40 51 60 69 88 80 80 70 71 46 44 42 44 51 32 19 12 7 4 1 0 0 1 1 2 3 3 3 3 6 4 9 5 7 3 2 2 4 6 1 3 3 2 2 2 5
0 0 0 0 0 0 0 0 0 0 0 0 0 1 1 1 0 1 4 8 16 14 26 39 52 63 63 52 74 58 49 48 45 31 21 24 46 51 54 45 46 20 24 54 26 20 19 37 23 38 9 8 11 15 35 51 85 85 66 61 46 39 18 41 25 14 10 5 1 1 0 0 1 2 1 2 3 6 4 7 4 3 12 10 5 2 3 7 6 3 3 6 5 10 15 23
0 0 0 0 0 0 0 0 0 0 0 0 1 1 1 2 0 0 1 3 9 22 11 33 30 48 62 50 11 27 46 36 26 26 36 46 50 33 60 27 38 26 10 42 32 36 14 13 11 29 26 17 18 16 16 14 34 63 74 74 79 40 31 19 14 10 8 7 3 1 0 1 3 2 2 3 10 7 8 9 9 4 4 20 9 3 3 4 5 4 7 3 9 12 18 26
0 0 0 0 0 0 0 0 0 0 0 0 1 1 1 1 1 0 1 2 5 8 7 20 18 21 21 15 14 15 27 28 27 38 34 23 37 54 48 10 30 35 11 28 29 10 6 33 26 26 45 30 37 40 39 41 43 56 49 38 49 74 51 34 23 18 15 6 3 1 1 2 3 6 5 4 8 13 9 7 7 7 3 10 16 8 8 3 9 4 9 10 6 14 16 12
0 0 0 0 0 0 0 1 1 0 0 0 0 1 1 1 3 0 0 1 2 2 5 7 11 22 26 33 39 29 38 25 27 43 37 32 30 22 11 15 28 40 64 38 19 23 8 20 25 24 41 56 30 47 61 36 30 26 29 20 19 32 47 43 29 14 11 6 2 0 1 3 4 6 8 8 5 19 13 20 10 15 11 9 33 14 19 6 11 11 13 20 14 13 13 21
0 0 0 0 0 1 1 1 1 1 0 0 1 1 2 2 2 1 1 1 1 1 5 6 12 20 28 28 31 52 46 52 48 65 25 21 25 33 32 29 57 54 22 25 51 26 15 20 20 55 61 24 44 40 31 33 48 42 50 30 24 16 16 18 18 12 6 5 2 1 1 4 4 8 7 6 7 12 19 27 17 12 18 10 37 11 12 14 9 24 13 15 16 10 13 13
0 0 1 0 1 0 0 1 2 1 0 0 1 1 4 10 1 1 1 3 4 5 4 5 10 11 21 17 23 37 41 36 32 34 37 38 33 44 43 29 19 15 11 8 15 29 34 21 52 66 22 13 17 43 42 39 33 42 29 24 25 17 14 9 7 5 4 2 1 2 3 5 5 6 7 7 10 13 23 19 18 16 18 32 41 12 15 19 11 25 16 7 20 8 5 11
0 0 0 1 1 0 1 1 2 2 1 0 1 1 3 3 1 1 1 2 5 5 6 4 5 4 12 18 23 34 26 26 34 34 34 33 33 28 27 26 21 14 11 8 14 7 11 40 18 40 19 18 18 16 28 76 51 53 41 31 20 18 12 9 6 5 3 1 1 1 4 5 4 7 6 12 16 11 15 34 24 30 34 31 40 27 30 12 32 24 7 14 16 8 10 15
1 1 1 2 1 0 1 2 2 4 1 0 1 1 3 7 3 2 1 5 8 13 7 11 12 4 7 13 17 16 23 19 27 31 32 20 19 11 15 19 35 35 37 31 27 40 32 13 7 14 24 45 46 37 41 25 38 40 48 44 31 16 12 9 6 5 3 1 1 3 5 6 9 8 16 13 12 21 15 11 20 22 25 37 18 73 32 12 24 21 5 15 11 24 14 19
1 2 1 3 1 1 1 2 2 4 1 1 1 2 4 6 6 1 4 7 9 21 12 14 16 21 13 10 8 11 14 25 43 36 15 33 17 34 21 23 27 34 23 18 16 25 13 14 26 42 47 38 45 40 48 17 14 14 14 25 19 19 15 11 9 8 6 2 1 4 5 5 10 11 17 6 12 9 21 11 16 13 28 17 37 63 21 15 32 12 7 16 14 21 26 25
1 1 2 3 2 2 1 1 4 9 1 2 2 4 4 9 1 1 5 8 15 23 29 17 35 24 27 27 17 18 12 47 55 38 44 29 25 35 24 20 33 16 24 12 19 21 19 18 19 41 41 29 44 45 41 17 31 36 35 38 32 24 22 22 15 12 7 2 1 5 6 6 17 9 14 25 26 16 9 18 13 21 23 35 28 51 39 34 31 14 14 24 12 13 6 29
0 1 3 3 3 3 1 2 4 6 1 3 4 12 14 4 1 1 6 9 11 27 28 37 24 27 47 36 31 31 33 44 60 55 45 49 49 31 53 33 18 28 10 8 8 18 14 18 20 24 31 35 40 34 44 44 44 50 48 50 47 47 28 18 10 6 6 1 2 7 10 9 18 21 15 18 27 18 20 7 28 9 13 30 34 51 58 66 31 18 26 22 26 27 18 39
1 1 4 5 8 4 2 3 7 7 1 2 7 16 9 2 1 3 6 8 19 24 29 35 38 32 45 40 53 55 55 44 24 32 44 44 43 23 39 38 37 27 15 13 30 18 13 31 14 11 14 24 44 59 43 44 62 57 54 34 48 27 12 14 13 8 3 2 2 6 16 10 17 21 27 20 28 18 24 20 15 33 17 7 10 31 51 65 32 39 30 26 23 42 18 19
1 2 2 4 12 7 3 4 6 8 2 2 7 16 5 2 1 3 8 10 12 15 22 32 51 32 39 39 33 54 60 48 48 38 39 25 32 35 42 32 31 20 17 25 40 28 22 26 8 7 12 38 52 33 60 64 34 39 27 27 20 16 25 24 10 7 6 2 3 4 21 13 15 16 20 32 23 25 12 23 11 39 23 18 10 9 26 41 53 66 39 34 27 34 14 17
2 5 3 3 5 13 4 6 13 3 3 2 5 20 8 3 1 5 9 11 20 30 32 48 50 45 28 32 53 49 30 59 78 64 34 33 26 30 42 31 17 30 29 20 25 13 17 13 33 24 33 39 42 55 62 47 57 36 39 38 29 24 20 13 11 9 4 2 2 6 7 26 15 16 20 21 37 38 24 43 16 15 27 25 19 17 17 31 52 55 40 38 33 34 21 29
2 4 8 8 3 10 3 9 26 4 4 9 12 16 4 3 1 3 11 16 31 23 29 52 55 53 47 19 15 19 29 29 32 15 18 31 46 31 31 46 36 27 19 17 11 7 11 15 38 39 41 45 52 56 71 65 60 47 38 42 33 34 31 16 15 11 4 4 4 14 15 16 33 15 18 22 44 37 28 20 33 17 15 34 33 20 24 24 40 50 60 38 33 23 36 19
3 4 12 15 7 17 5 9 32 11 6 15 17 9 3 1 1 2 5 17 34 36 31 36 45 59 42 22 26 23 28 29 36 29 22 13 26 36 46 44 27 24 12 18 20 11 17 9 3 8 41 36 30 47 45 34 33 56 52 44 42 21 20 17 12 12 9 2 5 14 19 16 18 7 26 27 27 46 56 43 45 25 18 17 35 23 19 32 46 79 71 38 25 22 36 18
4 5 5 19 8 17 9 8 12 18 8 21 15 3 1 2 3 4 9 20 24 30 43 24 37 48 63 29 24 24 37 35 34 35 29 37 27 32 21 11 14 25 16 16 25 16 13 4 18 26 30 48 74 62 42 65 61 74 51 36 41 38 34 28 25 11 9 6 8 18 17 28 37 17 17 40 32 49 40 36 53 21 30 32 53 26 15 21 17 33 58 33 34 17 50 36
3 4 3 11 31 13 20 8 29 12 26 10 3 1 4 4 7 5 24 35 19 30 35 39 18 35 53 66 38 39 24 37 30 19 16 17 24 18 14 13 16 8 6 4 11 7 10 7 22 21 19 42 37 53 62 60 39 59 37 26 29 32 29 26 12 10 7 13 16 20 23 31 7 22 34 43 40 30 47 30 63 27 32 24 30 49 35 38 46 36 44 29 52 22 31 52
10 7 4 7 12 27 28 14 46 19 17 3 2 4 6 9 9 7 8 9 18 24 34 57 52 33 35 18 43 58 24 39 21 18 27 30 33 21 20 17 12 12 24 15 7 4 4 5 17 29 33 38 50 37 49 43 38 33 22 9 22 27 23 19 11 8 9 16 17 21 23 37 12 12 6 11 35 54 68 26 55 45 34 34 23 19 57 31 45 44 37 53 21 23 39 53
8 13 9 7 7 16 43 18 16 6 4 1 4 7 14 22 21 8 11 12 23 28 28 11 17 16 21 37 14 22 44 62 41 43 15 33 12 19 20 5 7 9 7 5 6 22 8 8 16 26 34 23 25 35 36 38 28 44 32 34 43 29 27 15 20 19 11 19 19 22 22 36 12 25 14 19 20 16 39 37 30 55 37 40 24 47 49 16 41 57 57 47 20 26 24 29
9 17 11 15 23 31 31 16 15 4 5 4 7 16 17 22 28 17 20 22 27 30 24 20 17 24 22 15 18 32 18 26 31 57 31 52 14 12 13 15 13 9 11 13 6 5 11 9 17 32 48 23 26 33 46 23 45 62 68 57 46 31 31 27 22 20 22 32 22 25 24 31 17 29 27 23 35 33 38 55 23 57 36 57 23 22 44 12 21 29 55 36 16 29 30 55
12 20 16 23 29 40 30 6 4 2 8 8 14 18 21 29 19 39 34 22 29 30 26 34 36 29 30 19 23 46 20 13 9 11 13 34 43 32 26 45 31 26 16 13 12 8 3 12 34 27 36 15 17 34 36 41 55 72 40 43 50 30 32 25 24 22 29 40 25 26 28 31 29 32 42 25 37 35 35 34 53 78 47 56 40 14 47 29 12 17 35 45 27 33 26 10
15 29 32 28 57 36 7 5 7 9 18 16 12 26 23 37 14 27 57 17 35 27 17 24 34 40 18 28 32 35 57 22 17 9 10 7 9 6 14 38 44 20 25 17 17 13 8 11 24 20 20 17 26 32 52 53 49 45 47 32 49 39 25 10 30 16 18 50 30 29 43 31 46 32 44 36 36 42 36 29 29 18 62 63 51 20 25 25 12 11 21 47 27 39 44 32
17 24 53 44 51 9 9 9 10 19 23 22 32 42 15 27 17 26 33 52 22 41 16 14 20 37 37 37 34 24 14 31 15 18 13 10 10 11 10 13 20 10 9 14 6 3 5 15 16 15 18 16 15 28 47 61 29 55 70 58 27 22 15 8 41 29 29 44 37 30 48 34 63 44 43 49 33 34 49 34 26 18 46 44 50 25 13 51 16 18 27 44 49 46 30 34
12 29 57 66 35 6 10 19 21 24 38 47 25 32 19 20 39 18 33 29 24 30 24 21 23 32 28 47 33 38 41 28 38 22 20 15 11 10 9 14 16 8 7 7 9 7 10 26 14 18 16 13 22 39 58 51 76 54 41 54 32 18 7 17 24 49 31 35 42 30 38 34 55 49 32 47 47 33 35 51 40 14 25 55 62 28 8 31 25 19 31 21 64 50 25 65
14 37 60 37 6 8 24 24 17 44 34 60 19 37 22 18 25 59 20 33 48 31 43 20 20 37 43 34 32 50 31 30 52 15 20 17 13 16 5 15 11 6 14 18 15 11 25 17 22 25 29 34 34 32 39 51 56 44 48 38 34 18 9 26 22 36 32 35 44 32 34 38 36 55 32 34 58 32 35 38 51 19 28 32 50 28 13 24 34 26 18 17 18 42 35 27
18 49 42 23 10 18 30 30 21 36 20 55 25 37 47 20 44 61 15 43 59 22 53 20 19 39 45 47 21 16 50 14 15 33 46 27 7 14 7 12 6 4 6 6 9 10 12 19 30 36 26 22 17 24 24 33 42 46 33 51 35 22 20 29 38 42 22 29 40 44 30 28 19 43 33 32 41 40 34 30 14 14 42 24 49 27 18 10 23 42 10 23 44 42 39 9
20 43 41 30 15 20 38 53 20 26 25 48 23 35 59 27 43 59 26 25 36 39 40 24 20 23 24 35 38 37 16 23 11 10 3 35 29 9 7 8 6 8 12 11 12 12 11 17 24 40 29 35 26 33 26 31 18 32 35 20 20 33 29 31 30 37 42 33 37 43 19 34 20 31 37 33 41 19 15 36 18 18 17 22 52 58 20 11 22 35 7 12 38 47 48 26
43 42 51 22 18 29 33 41 21 33 30 33 41 25 55 25 22 50 28 21 21 19 66 41 19 17 20 19 25 28 47 30 8 21 4 7 32 9 5 7 4 17 20 19 8 15 4 10 23 41 44 26 24 14 16 32 43 61 38 18 10 30 31 31 32 33 53 23 38 47 19 29 30 33 48 6 28 36 18 16 31 16 15 17 25 43 15 11 15 37 11 11 14 42 66 53
75 40 18 19 30 32 33 37 23 58 38 21 46 23 60 23 22 36 31 18 22 36 52 29 15 23 17 35 36 35 27 31 21 27 4 9 10 24 4 5 11 17 9 14 12 13 8 4 13 33 40 48 34 21 31 36 45 58 50 22 11 41 31 22 32 31 43 29 21 46 30 17 19 47 42 18 16 17 40 11 24 44 20 19 60 40 9 26 3 44 26 10 7 6 17 24
19 10 22 18 28 33 49 44 40 48 33 22 71 21 24 53 27 53 38 15 18 29 29 58 25 29 14 30 37 34 24 15 23 43 9 12 7 39 6 6 7 8 6 8 6 14 11 14 15 42 39 28 47 27 24 21 18 42 44 11 18 28 34 20 33 32 28 43 21 48 37 23 27 21 38 18 18 25 22 22 10 6 40 18 27 45 17 39 9 25 57 14 29 19 11 9
41 22 45 35 31 34 57 35 62 44 18 29 52 30 30 56 18 24 58 12 32 26 19 47 15 29 25 22 23 27 36 33 7 21 11 12 7 7 24 7 3 10 9 17 12 7 5 17 30 30 51 44 13 22 24 4 20 27 20 9 23 50 41 18 15 42 19 36 17 25 67 16 34 34 21 24 22 20 35 24 28 13 15 29 10 42 54 43 15 22 75 14 17 13 26 10
67 39 23 39 41 44 38 36 59 34 29 31 24 29 29 36 21 18 52 22 30 23 11 22 34 28 25 15 18 17 22 23 30 9 12 29 9 7 14 20 6 16 11 14 14 11 12 6 27 13 8 6 8 19 20 44 30 16 22 20 14 37 25 20 21 31 44 15 40 13 43 15 27 40 10 15 36 12 19 27 34 19 13 5 10 8 36 59 20 15 44 23 18 14 23 17
84 46 31 32 34 41 19 36 46 16 36 31 28 30 23 42 22 21 38 15 15 36 13 6 4 11 13 7 27 42 21 22 33 5 9 2 17 7 9 49 6 8 7 12 14 9 20 9 56 22 18 11 13 12 38 46 24 7 9 32 15 12 32 19 32 19 53 13 52 11 24 29 19 26 12 34 19 17 12 14 22 28 22 11 10 11 7 12 39 53 39 31 20 12 30 18
65 29 19 39 25 25 23 25 48 15 27 21 24 49 22 48 23 45 22 13 12 28 20 10 10 12 14 14 18 21 40 36 11 8 4 4 4 17 5 46 3 4 4 10 9 6 19 9 6 16 22 24 5 29 42 37 23 15 6 37 22 18 9 34 31 30 45 14 45 20 14 19 33 46 18 12 21 8 18 4 6 21 10 15 9 7 10 5 6 16 50 26 13 16 33 20
75 30 59 30 31 23 23 24 22 16 30 29 14 55 52 15 33 30 32 26 23 12 21 16 21 27 16 24 11 11 15 15 14 9 3 6 3 5 11 22 8 2 5 4 7 8 8 24 6 8 13 14 22 54 47 31 23 21 6 13 30 15 24 19 25 47 28 34 9 32 49 9 41 61 21 4 16 7 10 5 18 14 20 19 5 3 5 8 8 6 16 32 25 8 32 8
68 48 22 24 23 27 37 24 27 14 20 19 27 37 37 13 14 15 16 4 19 13 18 25 33 27 20 29 25 7 8 12 35 21 5 4 18 4 3 11 18 3 7 4 7 15 13 10 5 7 8 13 34 39 38 21 6 18 18 9 28 14 20 22 9 20 15 19 12 16 48 13 30 33 2 6 8 17 13 9 2 20 3 7 13 1 2 3 10 10 17 5 37 10 20 7
15 47 16 26 26 22 28 19 57 17 19 21 20 7 34 18 19 8 28 13 10 19 20 21 23 12 24 33 27 3 8 10 16 20 18 11 7 14 3 3 21 2 5 4 4 21 25 12 8 8 14 28 36 32 38 14 10 21 14 17 33 16 8 8 19 14 12 31 11 16 42 24 48 17 3 10 4 1 6 16 3 9 7 8 18 4 7 5 6 5 6 13 22 22 29 4
28 58 18 20 12 24 29 28 15 28 20 16 22 9 20 12 18 10 55 17 7 12 15 47 13 11 18 28 26 6 9 8 21 12 21 12 5 6 12 3 22 3 4 2 4 11 5 13 4 20 16 31 35 38 19 6 13 20 15 20 38 23 33 13 12 22 10 32 9 13 11 19 36 3 3 2 4 3 9 7 6 2 1 11 11 12 10 8 4 4 3 2 5 29 14 3
27 64 39 5 13 15 40 26 15 35 23 12 8 13 10 18 6 27 10 5 8 16 23 14 31 13 10 12 12 10 6 18 17 14 12 13 9 11 12 4 26 2 4 4 4 5 11 32 16 7 25 44 45 34 4 12 21 27 17 23 14 35 14 37 21 9 8 16 6 14 18 33 17 16 10 9 1 9 15 5 12 3 1 6 7 20 16 5 5 3 4 3 2 8 16 15
11 29 43 6 22 10 25 37 12 31 18 9 2 15 7 27 9 21 14 19 6 7 20 23 19 10 7 11 14 20 2 7 11 22 15 6 8 17 7 12 21 7 4 10 5 4 3 22 33 27 42 47 37 8 14 24 28 24 18 27 30 24 8 21 31 3 7 6 13 5 14 20 12 23 9 8 5 15 11 2 21 25 5 8 3 3 8 8 4 7 1 4 5 21 5 13
15 27 39 12 13 5 11 10 15 16 17 6 2 10 11 51 12 9 12 4 10 18 19 24 12 5 5 5 13 10 7 11 20 11 4 2 7 16 16 5 12 8 6 13 10 6 9 50 38 60 65 52 6 9 13 13 19 22 18 22 36 10 25 17 15 35 54 7 5 3 3 29 6 21 17 13 9 20 15 11 15 42 8 11 4 2 8 10 24 19 8 3 26 7 7 25
13 15 45 21 22 8 7 13 5 22 20 12 5 7 5 17 13 7 12 7 11 13 9 9 10 4 23 4 10 17 8 8 20 20 7 5 13 5 6 10 2 6 2 8 23 46 68 43 42 45 22 4 9 13 20 15 18 18 15 10 12 6 18 12 3 26 7 1 1 6 9 9 24 8 23 14 15 17 30 13 20 26 6 18 6 6 5 6 6 11 13 21 6 20 26 40
14 7 4 44 8 5 2 3 2 13 31 8 8 4 7 20 4 6 18 5 7 10 8 7 3 8 3 3 1 14 6 8 9 10 7 9 8 6 2 5 2 4 2 41 37 39 72 76 45 12 4 9 9 14 15 13 17 19 15 3 1 2 18 23 31 35 4 3 2 15 23 12 13 4 27 10 24 10 18 7 10 23 10 18 10 12 2 2 4 3 2 4 13 6 23 23
15 16 6 50 2 7 11 3 12 1 17 6 6 11 10 29 6 10 16 10 3 7 8 21 3 7 2 18 2 3 6 9 15 11 4 7 21 10 3 4 10 49 57 60 71 35 54 77 53 1 7 11 11 10 2 10 12 11 12 1 1 11 40 40 34 11 6 16 15 9 24 24 5 7 11 13 29 21 37 42 46 27 9 14 20 13 13 0 5 6 7 4 7 14 25 20
11 10 4 49 6 3 4 4 22 2 5 16 6 6 6 21 4 9 18 7 4 5 6 20 3 4 3 7 10 10 5 8 10 8 8 16 9 7 7 18 40 68 79 65 76 76 68 53 2 5 14 10 10 14 3 9 20 21 8 3 2 17 33 23 12 9 14 14 14 13 20 35 44 10 7 11 13 17 21 10 5 14 19 36 28 21 4 3 10 2 13 10 7 17 37 12
9 7 4 16 15 22 6 4 20 4 4 15 1 4 3 4 7 6 12 6 2 1 1 13 2 5 13 8 17 5 5 8 5 15 6 12 7 3 10 25 23 10 53 70 74 61 3 4 9 5 6 5 10 11 6 3 3 50 7 15 7 11 8 26 20 9 21 17 12 35 29 27 4 9 9 20 20 16 14 11 14 14 21 16 19 4 11 5 5 1 6 13 5 11 34 11
8 7 3 6 24 8 6 3 10 2 2 9 4 1 1 2 5 1 13 4 4 1 3 2 5 8 12 6 9 4 11 9 10 5 7 9 7 2 10 22 9 34 21 13 8 3 13 17 12 11 6 6 5 1 4 10 5 16 17 10 8 10 4 11 5 6 8 24 32 42 11 4 8 13 14 15 35 16 33 14 22 22 22 16 22 4 8 5 10 1 13 10 7 7 9 4
6 6 5 2 23 2 3 4 15 5 2 3 12 3 2 3 2 2 8 8 2 2 2 8 13 6 5 9 3 5 6 7 8 10 6 4 9 4 19 21 64 56 18 4 12 12 3 5 7 2 3 0 4 1 5 11 5 30 11 3 7 7 14 9 2 9 14 38 29 1 5 1 4 14 34 32 17 18 8 16 17 16 19 28 7 9 10 9 5 2 16 8 7 9 6 1
3 3 7 14 4 2 4 3 6 3 2 1 9 3 2 2 2 3 2 11 3 1 1 3 9 9 9 6 2 5 2 6 5 11 3 6 11 6 16 14 14 24 5 11 13 7 6 9 17 8 3 1 1 1 8 14 2 13 8 7 6 6 13 4 2 4 19 23 2 1 2 8 4 4 8 28 26 31 6 11 15 16 19 10 12 9 10 10 13 3 6 8 4 2 3 3
13 2 5 20 24 1 4 2 8 2 3 1 4 2 3 0 3 2 3 2 2 1 1 4 5 13 8 2 3 2 1 2 7 2 7 3 5 4 15 8 17 24 5 11 3 13 2 1 5 11 7 1 1 3 1 4 11 5 10 1 1 14 8 2 5 15 20 26 2 0 1 8 5 7 8 15 23 11 6 7 13 18 15 26 8 11 18 6 5 2 8 7 5 3 2 2
6 2 0 2 5 2 2 2 4 2 1 0 1 3 2 0 2 2 3 1 1 1 1 7 5 5 7 1 3 3 1 1 1 5 7 5 7 34 15 56 52 25 4 2 2 11 7 4 3 8 5 5 1 2 4 2 17 11 1 0 0 9 7 5 16 22 20 20 1 4 4 12 26 2 7 16 12 8 5 6 14 8 10 3 6 23 8 9 2 3 2 3 2 1 3 1
3 4 1 3 1 6 3 1 0 1 2 1 0 1 1 1 2 1 12 0 1 2 2 6 2 2 2 1 2 2 2 1 2 2 4 8 17 25 52 36 16 43 9 2 3 6 1 1 1 4 6 5 2 1 4 6 3 21 4 2 3 18 6 2 9 16 10 17 4 6 9 9 12 2 3 7 5 16 7 5 1 1 1 3 3 7 3 3 3 2 1 1 0 1 0 1
2 6 6 3 0 1 1 4 1 1 1 1 1 1 2 1 1 1 2 0 1 1 4 2 3 1 2 1 2 1 1 1 1 3 5 23 38 58 74 34 8 2 8 9 3 1 6 18 3 10 13 2 5 8 6 9 2 6 1 7 2 17 3 7 11 7 10 19 4 4 7 9 7 2 1 1 7 8 25 8 2 2 4 6 2 2 2 3 1 1 0 1 0 0 1 1
