sesion_6_simulaciones/modelos_agentes/ejemplos_netlogo/scenarios/cgcm2_a2/rob_2055.asc
NCOLS 322 
NROWS 307 
XLLCORNER 451900 
YLLCORNER 4086900 
CELLSIZE 100 
NODATA_value -9999 
[rows 219 to 291 of 307, columns 0 to 95 of 322]
17 17 7 11 19 44 50 17 23 4 10 10 6 3 12 6 10 16 8 6 5 23 12 15 6 26 22 31 17 27 26 48 37 40 63 71 53 45 40 55 28 28 31 50 59 55 63 40 62 71 67 83 87 71 68 83 83 66 83 80 80 85 64 70 46 38 33 24 13 3 4 3 2 2 2 1 1 0 0 0 0 0 0 0 0 0 0 0 0 0 0 0 0 0 1 4
29 35 25 25 41 51 57 43 17 13 23 14 17 12 11 17 13 5 5 7 10 29 11 13 25 28 13 56 47 36 49 58 46 50 65 35 21 36 20 52 41 33 35 48 59 65 70 58 66 76 68 79 78 77 33 47 80 86 85 71 30 22 43 37 63 38 25 33 10 4 2 2 4 1 0 0 0 0 0 0 0 0 0 0 0 0 0 0 1 0 0 0 0 0 2 2
20 5 25 30 41 39 48 29 7 15 14 20 41 30 13 15 6 10 9 9 2 6 43 28 17 5 12 30 39 30 30 42 58 33 60 20 34 25 8 50 37 38 49 60 57 73 78 63 81 87 64 45 47 38 25 26 63 72 61 38 48 37 32 41 28 22 21 9 14 7 7 2 2 1 1 1 0 0 0 0 0 0 0 0 0 0 0 1 1 1 1 0 0 1 3 3
9 14 23 38 38 23 39 29 5 17 20 22 43 17 15 9 8 4 4 5 15 23 29 33 23 21 17 33 48 26 15 41 56 24 48 38 23 25 35 60 28 28 45 55 49 74 48 58 63 84 83 56 42 42 40 22 31 46 29 36 41 24 16 37 22 26 12 15 9 6 5 3 1 1 0 0 0 0 0 0 0 0 0 0 0 0 1 2 2 1 1 1 2 4 9 4
22 26 20 14 18 26 29 41 24 11 12 26 29 14 7 8 9 17 21 20 24 36 21 61 39 37 30 29 34 41 25 35 24 30 56 15 18 24 32 59 58 41 37 59 24 15 29 17 21 64 73 58 55 37 30 30 18 20 33 37 28 40 17 21 30 12 10 11 10 4 2 2 1 0 0 0 0 0 0 0 0 0 0 0 0 0 1 1 4 4 1 2 4 5 1 1
25 42 53 72 47 42 38 40 24 32 39 54 24 15 15 21 19 37 16 19 61 15 29 33 34 26 18 51 39 32 31 34 26 46 31 20 28 38 33 56 46 48 44 81 77 64 53 54 47 26 33 47 34 29 21 19 19 26 24 24 25 26 14 36 34 15 10 6 4 2 1 1 1 0 0 0 0 0 0 0 0 0 0 0 1 1 1 2 8 7 3 4 6 4 1 1
29 50 48 53 63 67 32 24 17 47 53 35 22 14 17 21 7 3 2 35 18 27 55 35 23 39 28 34 27 19 25 24 43 12 12 37 24 44 30 50 47 56 65 46 52 69 56 71 70 46 27 29 19 27 14 15 16 28 19 16 20 11 8 6 9 7 4 4 2 1 1 1 0 0 0 0 0 0 0 0 0 0 0 1 1 2 3 4 16 16 12 12 4 2 1 1
7 16 22 16 34 75 52 8 29 40 54 20 33 28 5 4 2 2 16 50 14 36 48 56 35 34 22 8 24 15 26 46 36 16 30 33 47 54 33 40 66 77 69 43 55 60 64 35 68 78 34 25 11 15 15 22 16 13 14 9 6 4 6 3 2 4 5 2 1 1 0 0 1 0 0 0 0 0 0 0 0 0 1 1 1 3 9 16 21 28 13 4 3 1 1 1
30 19 24 29 32 31 13 17 18 26 44 48 51 12 3 2 14 24 43 61 26 28 42 69 52 21 33 13 18 29 10 26 53 22 16 17 35 40 75 83 49 42 32 70 43 49 70 51 42 18 34 38 32 27 25 24 22 12 9 7 6 2 3 2 2 2 2 1 0 1 0 0 0 0 0 0 0 0 0 0 0 0 1 1 1 3 11 37 22 2 2 1 1 1 1 1
25 22 20 41 29 29 31 27 17 41 40 32 24 9 16 39 42 46 50 65 22 34 33 58 10 10 31 8 21 32 10 9 27 24 15 31 23 18 62 77 60 39 59 43 84 60 35 42 39 34 24 46 42 38 37 27 13 12 4 3 2 1 0 0 1 1 1 1 0 0 0 0 0 0 0 0 0 0 0 0 0 1 1 1 3 6 9 37 12 3 2 2 1 1 1 1
6 15 39 24 21 23 38 36 31 35 29 48 32 34 31 49 40 23 55 47 22 24 20 19 8 35 11 3 22 21 9 16 13 19 46 64 44 36 20 38 47 28 23 19 42 79 59 39 34 33 28 28 26 37 42 36 13 8 2 1 1 1 1 2 2 1 0 0 0 0 0 0 0 0 0 0 0 0 0 0 1 1 3 2 9 14 18 19 6 4 4 5 2 1 1 1
30 23 25 28 36 32 51 29 40 33 21 37 24 49 30 44 43 30 32 58 8 14 13 10 17 5 11 11 10 16 6 12 7 16 17 38 34 62 30 12 35 53 45 45 59 29 38 27 20 23 18 17 28 26 20 19 19 10 8 2 2 2 1 1 1 1 0 0 0 0 0 0 0 0 0 0 0 0 1 1 3 2 6 4 4 28 52 18 9 10 12 6 2 1 1 0
10 27 33 39 22 23 30 59 19 31 22 17 29 31 20 43 40 24 16 25 12 8 8 16 10 7 7 7 6 8 4 10 35 24 16 12 49 27 36 29 13 24 68 75 80 51 24 16 31 33 30 12 19 24 17 16 11 3 4 5 2 1 1 1 0 1 0 0 0 0 0 0 0 0 0 0 1 2 2 4 7 7 9 4 3 14 40 12 7 20 13 4 2 1 1 0
7 10 24 35 27 27 24 44 21 20 21 20 15 26 18 23 50 13 10 16 5 7 1 8 5 7 4 3 6 5 8 12 17 44 25 30 18 24 35 13 24 21 20 36 36 26 26 16 29 20 29 16 15 12 11 18 7 3 1 1 1 1 0 0 0 1 0 0 0 0 0 0 0 0 0 1 1 2 5 9 17 24 13 6 5 8 17 17 19 13 5 2 1 1 1 1
4 4 23 13 16 39 29 19 29 19 33 26 17 29 21 13 19 7 8 6 6 2 2 1 3 4 2 3 6 4 4 7 7 8 7 17 10 13 16 9 20 34 60 35 34 17 20 8 11 11 16 12 11 12 13 7 4 2 0 0 1 2 1 1 1 1 0 0 0 0 0 0 0 0 0 1 1 6 7 18 39 31 22 22 9 11 42 44 26 10 6 2 2 2 2 1
5 3 3 10 12 21 39 40 50 13 17 28 6 17 6 10 28 3 6 7 6 8 1 2 4 2 1 8 15 22 22 3 13 12 25 29 30 34 26 34 46 50 55 62 58 56 52 25 25 39 23 13 9 7 6 4 2 1 0 1 1 3 3 1 1 0 0 0 0 0 0 1 1 1 1 1 2 7 10 22 24 43 33 37 26 54 34 32 16 17 11 9 5 3 2 1
1 1 5 8 11 13 12 23 13 22 23 12 2 3 2 3 13 2 1 2 1 3 2 3 2 1 1 4 11 8 44 57 43 41 59 41 47 31 32 39 51 54 53 73 44 28 26 7 15 27 36 22 10 5 4 4 3 3 7 3 1 2 1 1 0 0 0 0 0 0 0 1 2 1 2 1 2 4 14 29 54 40 48 42 61 40 41 35 12 12 23 15 8 3 2 3
0 2 1 1 2 9 12 13 11 9 7 12 2 6 1 5 2 1 1 1 1 0 1 1 2 2 11 9 15 8 15 39 75 52 68 87 86 68 67 62 25 67 72 64 77 63 60 34 28 29 23 18 18 6 6 12 10 5 3 1 2 2 2 1 0 0 0 0 0 0 0 1 3 4 4 2 3 2 8 11 49 67 60 29 25 73 36 38 32 32 13 13 9 5 3 3
0 1 0 1 2 5 4 13 18 10 3 1 3 0 1 3 1 18 1 5 17 10 4 2 2 1 1 4 5 10 12 13 19 68 55 81 86 81 79 68 65 34 76 77 79 57 63 41 27 26 12 10 4 6 2 2 3 3 2 1 1 1 0 0 0 0 0 0 0 0 1 1 2 5 6 3 4 6 8 11 38 64 52 21 56 55 40 59 55 29 27 18 13 7 10 6
0 0 2 4 6 2 4 11 10 7 3 1 1 0 1 1 0 0 6 6 7 20 12 3 2 1 3 5 5 12 11 18 25 22 16 56 86 57 81 50 60 59 54 69 67 59 37 19 40 34 22 16 18 13 7 3 3 2 1 1 1 0 0 0 0 0 0 0 0 0 0 2 3 7 18 9 6 9 20 27 52 67 39 37 55 21 10 19 24 11 9 16 10 10 4 2
0 0 1 0 1 1 2 3 3 2 2 1 0 0 0 1 0 1 1 3 2 1 25 11 2 0 3 8 9 14 14 11 23 30 18 23 55 72 66 65 64 55 60 49 55 63 55 29 12 29 26 21 15 17 11 4 2 1 1 1 0 0 0 0 0 0 0 0 0 1 1 1 3 5 16 23 10 9 13 50 56 79 34 40 66 27 24 18 12 7 6 9 7 4 1 1
0 0 0 0 0 1 1 1 2 2 1 1 0 0 0 0 1 1 3 7 1 1 2 12 12 2 6 21 19 18 28 22 29 43 36 27 27 61 48 54 27 35 24 36 35 33 10 34 19 16 19 11 9 12 9 8 5 3 2 2 1 1 1 0 0 0 0 0 1 1 2 3 4 6 7 28 41 19 40 40 73 66 59 75 29 32 33 26 29 26 13 12 8 4 1 0
0 0 0 0 0 0 0 1 1 2 0 0 1 0 0 0 1 3 4 2 1 1 2 27 9 6 7 7 3 9 15 18 32 35 36 41 24 21 26 19 33 20 10 11 18 26 21 24 11 10 13 10 8 5 4 4 3 2 1 1 0 0 0 0 0 0 0 0 2 1 2 4 7 6 9 12 62 19 25 60 73 54 62 68 59 49 34 58 47 11 10 6 3 1 1 0
0 0 0 0 0 0 0 0 0 1 1 0 0 0 1 1 1 2 5 5 2 2 1 4 5 4 5 17 4 22 33 24 21 33 31 45 43 25 17 10 10 17 21 20 28 27 17 8 10 13 9 7 5 6 4 4 2 1 1 0 0 0 0 0 0 0 1 1 1 2 5 2 1 9 33 29 59 39 43 64 73 69 52 60 42 25 25 46 32 20 6 4 2 1 1 0
0 0 0 0 0 0 0 1 0 0 0 0 3 5 10 5 2 1 1 2 4 4 2 13 22 13 11 14 12 16 31 32 37 40 36 48 47 64 45 19 20 12 13 12 13 11 12 6 4 7 6 7 7 5 2 2 1 1 1 0 0 0 0 0 0 0 2 1 2 3 5 5 3 10 29 22 53 71 49 65 68 70 69 64 42 53 33 35 29 17 9 6 2 1 1 1
0 0 0 0 0 0 0 0 0 0 0 0 0 0 1 16 3 1 1 1 4 3 4 7 2 10 20 42 44 37 29 41 44 53 52 45 50 57 66 59 31 20 20 23 22 13 6 8 10 7 11 10 4 2 3 2 2 1 1 0 0 0 0 0 0 1 2 4 7 9 7 8 6 14 50 26 13 59 85 63 67 71 63 54 42 27 9 20 25 15 7 2 2 1 2 2
0 0 0 0 0 0 0 0 0 1 3 1 0 1 1 1 1 0 1 2 2 8 5 5 13 13 5 12 20 52 58 53 62 70 59 45 59 71 73 61 35 32 26 34 31 32 16 26 13 6 3 2 3 3 1 1 1 1 0 0 0 0 0 0 1 2 3 7 12 16 13 19 13 21 46 57 19 50 68 61 59 40 29 17 21 31 13 14 13 7 6 4 3 3 2 2
0 0 0 0 0 0 0 0 0 0 0 0 0 2 1 1 1 2 1 3 6 4 4 9 6 19 10 3 4 45 33 68 82 63 64 63 48 57 67 67 57 60 45 28 37 44 20 21 12 7 5 5 2 3 2 1 1 1 1 1 0 0 0 1 1 2 3 9 12 24 21 34 15 18 43 61 54 36 69 43 31 20 30 22 18 8 7 10 16 14 5 5 4 4 3 1
0 0 0 0 0 0 0 0 0 0 0 0 0 0 0 0 1 5 1 3 2 4 5 6 6 15 15 9 8 7 10 9 52 53 52 48 36 57 50 35 30 22 19 16 24 38 18 14 10 9 6 4 2 1 1 1 2 1 1 1 0 0 0 1 1 3 8 9 11 19 46 30 36 15 23 57 52 75 46 31 37 25 24 23 27 12 14 14 11 4 5 8 10 4 2 1
0 0 0 0 0 0 0 0 0 0 0 3 1 0 0 1 1 3 3 1 1 2 2 4 8 7 13 14 27 31 16 29 32 22 11 24 32 40 27 32 16 18 9 13 14 15 12 17 7 6 4 3 4 3 1 1 1 2 1 0 0 0 0 1 1 3 3 4 5 7 21 52 64 22 14 43 31 67 31 43 26 25 16 26 27 22 17 6 13 9 10 13 5 3 1 1
0 0 0 0 0 0 0 0 0 0 1 2 1 0 1 1 6 3 3 1 1 2 2 5 9 14 30 31 16 13 11 14 32 37 27 22 41 46 41 35 38 29 46 34 18 15 17 16 12 6 2 3 3 2 2 2 1 1 0 0 0 0 0 0 2 3 5 12 9 5 12 20 42 52 31 29 64 52 42 35 18 32 31 20 11 21 23 17 22 25 10 9 3 1 1 1
0 0 0 0 0 0 0 0 0 0 0 0 0 1 1 2 6 1 5 2 3 3 4 5 38 56 42 16 35 49 45 24 43 42 36 34 44 59 48 42 53 39 29 27 23 21 29 30 15 9 9 6 8 6 4 1 1 1 1 0 0 0 0 1 3 4 11 18 20 11 8 10 30 51 61 35 72 51 51 53 46 28 34 41 32 27 37 26 19 22 22 7 5 3 1 1
0 0 0 0 0 0 0 0 0 0 1 1 1 1 3 2 10 4 1 4 3 9 7 15 33 61 58 32 17 28 32 30 20 24 33 26 30 39 36 60 67 40 44 41 49 40 32 31 18 12 13 14 8 5 4 2 2 1 1 0 0 1 1 2 4 8 22 23 13 15 14 22 27 25 19 70 71 51 43 42 31 36 54 45 45 51 43 48 33 24 10 5 4 3 2 1
0 0 0 0 0 0 0 0 1 3 6 1 0 1 2 1 2 1 1 2 6 7 12 47 28 17 40 37 30 45 55 43 22 14 20 19 34 44 53 52 40 41 69 61 64 52 30 16 12 9 4 7 7 3 2 2 1 1 1 0 0 1 1 3 6 13 22 23 22 32 30 27 55 59 46 51 68 59 33 40 43 54 51 32 43 43 39 26 31 12 6 4 6 3 2 2
0 0 0 0 0 0 1 2 7 5 13 9 2 1 5 4 2 0 1 1 2 2 5 27 6 14 30 54 58 68 83 38 57 36 21 14 26 70 54 57 65 18 23 10 14 27 16 20 10 10 7 8 6 5 2 1 1 1 1 0 0 1 1 3 10 26 22 23 16 52 72 27 61 76 77 60 47 49 43 29 40 37 42 57 46 39 24 21 22 16 14 13 9 5 2 1
0 0 0 0 0 0 0 0 0 1 1 0 2 2 2 3 3 1 1 2 2 2 10 17 3 3 4 30 38 26 47 79 48 60 58 53 51 50 43 46 57 55 42 48 43 24 26 32 17 15 14 5 4 3 2 2 2 1 1 0 0 2 4 7 13 21 26 24 20 18 50 73 44 66 75 72 59 39 56 45 58 61 42 32 41 38 25 18 18 31 21 14 6 3 2 1
0 0 0 0 0 0 0 0 1 1 1 2 2 2 3 3 6 2 1 4 6 5 9 28 7 1 9 5 14 27 10 24 56 47 65 62 40 15 16 15 33 38 34 43 53 53 32 16 24 19 9 12 10 3 2 4 2 1 1 0 1 3 8 13 26 38 24 21 51 44 31 28 68 74 61 72 54 53 73 71 30 27 29 36 34 25 34 25 27 12 10 4 2 2 1 1
0 0 0 0 0 0 0 0 0 0 1 1 0 2 2 1 3 0 1 2 1 12 12 30 16 6 9 13 21 17 18 7 6 15 18 17 17 17 17 12 9 16 14 20 41 40 23 35 29 22 18 13 9 7 6 4 3 1 1 0 2 4 8 22 37 36 26 40 40 67 50 47 31 31 51 54 71 65 44 49 42 56 51 57 46 36 46 37 15 8 6 5 2 1 1 1
0 0 0 0 0 0 0 0 0 0 0 1 1 2 1 4 3 1 1 1 3 12 21 24 9 1 9 22 16 29 32 11 36 44 48 41 40 34 35 18 14 16 47 55 54 33 36 30 33 30 24 15 12 9 7 5 3 2 1 0 1 4 17 29 30 46 34 46 48 40 81 60 48 35 22 64 47 68 57 55 59 72 70 60 48 55 38 28 12 7 6 4 2 1 2 2
0 0 0 0 0 0 0 0 0 0 1 1 7 10 7 18 7 2 1 1 7 12 22 19 9 20 4 20 22 35 19 44 39 27 33 37 30 31 16 27 52 61 36 37 28 39 31 26 35 26 28 20 13 10 7 6 2 2 1 1 1 2 9 30 61 54 35 52 46 39 37 55 65 22 15 31 69 80 76 67 65 64 65 68 59 39 40 22 30 11 6 3 1 3 1 8
0 0 0 0 0 0 0 0 0 1 2 1 8 10 17 2 1 1 0 3 6 9 18 27 29 11 16 16 15 16 22 64 29 29 35 39 40 25 38 40 66 57 54 51 53 50 46 37 47 34 33 20 15 12 9 4 2 2 2 1 1 2 9 22 51 46 60 66 54 71 66 66 63 31 32 50 65 63 67 59 59 56 54 58 46 37 34 35 34 23 7 5 4 5 4 12
0 0 0 0 0 0 0 0 0 2 1 2 3 34 3 2 3 2 1 4 5 8 13 6 7 6 32 7 19 16 40 25 38 49 39 40 40 43 54 48 40 55 60 64 60 62 51 56 46 23 19 16 12 14 12 5 3 2 2 1 1 3 10 21 40 42 38 58 75 62 76 65 68 35 56 59 64 67 49 49 54 55 42 35 34 33 32 26 21 19 13 9 3 10 13 14
0 0 0 0 0 0 0 0 0 1 1 2 1 4 1 0 2 2 5 3 5 14 14 6 5 16 9 14 24 48 52 47 43 45 35 39 53 53 58 53 59 70 71 54 49 64 63 57 37 31 23 19 13 9 8 9 6 3 1 1 2 5 11 23 32 42 36 43 67 82 74 68 59 82 69 45 36 41 53 53 49 52 52 47 33 40 24 35 20 14 14 11 5 12 13 13
0 0 0 0 0 0 0 0 1 0 1 1 0 0 0 0 2 2 1 4 6 6 5 17 17 6 8 29 53 15 16 16 38 35 43 52 54 54 53 53 57 68 54 59 69 61 64 62 34 32 26 18 15 8 7 9 4 3 3 1 1 3 18 28 43 40 40 38 40 41 54 57 58 69 17 42 43 42 38 41 42 40 36 55 45 44 35 30 18 17 15 7 8 16 16 23
0 0 0 0 0 0 0 0 1 1 1 1 1 2 1 1 0 1 1 4 10 5 29 30 7 10 16 26 15 18 20 25 34 28 41 49 53 53 46 73 59 49 52 64 34 52 67 65 56 46 17 15 13 14 13 7 5 6 3 1 0 2 7 25 37 43 75 55 57 55 48 30 46 64 44 53 55 42 42 42 49 44 51 49 45 18 19 14 17 28 16 5 12 28 31 33
0 0 0 0 0 0 0 0 1 2 2 0 1 1 2 2 1 0 1 5 4 23 14 6 8 25 13 14 14 20 23 25 19 30 35 55 38 38 61 54 47 67 73 42 61 60 59 60 45 26 19 25 24 18 16 13 11 8 3 2 1 2 11 19 30 57 73 84 54 63 50 31 34 71 75 38 48 55 59 40 40 43 55 45 30 13 30 25 19 11 6 3 16 33 32 33
0 0 0 0 0 0 1 1 1 3 0 0 1 0 0 0 1 0 2 5 4 5 2 6 20 5 4 11 15 18 37 27 20 35 42 45 44 59 65 66 46 42 48 59 55 58 44 47 39 34 30 37 31 14 15 12 12 6 5 2 1 5 9 22 39 51 68 77 70 68 52 54 58 73 47 40 38 41 49 54 40 71 56 31 37 41 32 21 10 5 3 9 24 35 35 40
0 0 0 0 0 0 0 1 2 0 0 0 1 1 1 1 2 2 5 2 2 2 1 7 5 8 10 20 25 24 21 16 20 25 46 33 70 65 66 40 28 30 40 57 64 59 54 54 53 46 42 38 23 14 11 9 8 7 6 5 2 7 14 29 50 56 50 48 69 79 70 33 43 70 39 45 67 65 62 69 63 48 45 43 44 45 20 18 9 7 7 22 28 33 27 40
0 0 0 0 0 0 0 0 0 0 0 0 0 1 1 2 1 2 3 8 7 5 1 4 8 15 17 30 15 10 17 20 32 30 63 31 17 13 14 31 36 54 67 70 70 64 56 56 39 52 32 27 31 16 18 10 8 8 6 6 4 13 26 29 56 55 49 30 50 69 69 46 58 65 42 27 47 72 71 70 68 40 48 49 43 40 18 14 21 9 21 28 16 39 40 42
0 0 0 0 0 0 0 0 1 1 0 0 1 0 1 0 1 6 3 2 3 5 5 4 14 9 12 17 10 13 34 26 20 65 19 13 39 43 46 43 62 69 63 69 71 73 65 58 43 43 37 34 33 27 23 19 14 9 8 4 10 17 40 68 62 58 46 51 57 59 70 43 46 58 69 49 52 54 68 71 59 62 46 49 46 34 21 7 10 21 23 15 24 33 59 45
0 0 0 0 0 0 0 0 0 0 1 1 0 0 0 1 1 1 2 4 3 5 3 4 10 12 9 12 16 17 17 21 31 22 6 23 29 38 50 82 61 58 68 71 71 71 58 51 43 35 39 35 35 20 24 15 18 16 10 11 15 36 32 56 59 54 49 59 59 51 75 68 48 64 66 50 57 59 56 55 62 51 41 38 40 24 11 4 9 30 16 27 37 39 59 42
0 0 0 0 0 0 0 0 0 1 0 0 0 0 0 0 2 1 1 5 14 5 1 3 16 9 17 13 12 10 33 64 37 5 12 36 27 58 66 61 60 71 70 55 60 59 59 57 41 44 40 39 37 34 29 25 22 21 13 13 15 21 31 37 58 73 59 75 74 61 51 52 55 57 70 70 53 51 42 44 49 43 38 41 34 19 8 5 23 27 30 49 55 43 52 40
0 0 0 0 0 0 0 1 0 0 0 0 0 0 0 5 1 2 2 6 5 2 4 7 1 11 12 6 30 18 43 29 6 11 40 15 38 32 47 72 75 58 47 78 71 51 58 59 55 51 44 42 39 36 33 31 27 15 17 20 23 40 28 32 32 56 76 77 72 70 77 75 51 62 49 47 31 39 53 58 44 47 35 41 35 9 6 23 21 33 48 55 50 32 48 47
0 0 0 0 0 0 0 0 0 0 0 0 0 0 0 2 1 0 0 1 1 2 7 2 1 4 4 5 31 29 28 5 8 18 29 62 31 39 61 65 65 56 65 37 50 46 59 70 56 53 51 46 43 40 37 34 20 12 23 36 29 45 40 43 42 54 59 83 61 56 39 62 46 31 32 47 57 46 41 43 42 28 43 31 13 9 17 24 33 31 36 47 60 49 50 47
0 0 0 0 0 0 0 0 0 0 0 0 0 0 1 4 1 1 1 1 6 2 4 1 3 7 5 18 34 14 8 6 9 13 45 50 51 41 47 51 54 62 49 38 45 76 63 59 56 68 55 49 48 42 40 35 21 15 35 42 60 63 49 50 40 54 65 66 77 54 43 36 43 52 45 63 48 50 43 46 34 38 23 15 11 17 32 38 32 51 49 36 38 47 40 34
0 0 0 0 0 0 0 0 0 0 0 1 0 0 2 1 1 0 2 3 2 3 1 3 12 3 4 22 13 11 10 9 22 27 52 37 44 44 40 27 31 53 66 57 65 57 61 62 71 57 57 66 32 43 40 26 15 34 48 49 72 68 51 63 49 38 46 74 72 30 63 39 39 52 54 54 50 52 51 40 33 38 17 20 17 31 38 43 36 40 49 36 37 46 51 41
0 0 0 0 0 0 0 0 0 0 0 0 0 1 0 0 1 1 2 3 1 1 2 3 4 3 4 14 6 5 10 8 27 37 40 44 25 34 31 38 47 53 57 73 56 57 57 75 59 58 71 57 54 48 31 28 17 33 62 61 62 72 56 65 65 49 49 51 76 26 35 63 65 48 48 50 61 50 58 56 38 33 12 12 19 36 46 51 56 53 49 49 37 41 60 49
0 0 0 0 0 0 0 0 0 0 0 0 1 0 0 1 1 0 0 2 1 2 3 3 3 6 8 1 3 6 16 17 32 42 9 7 32 26 35 33 37 49 58 68 69 55 75 53 72 74 55 55 56 52 34 32 20 35 61 66 60 68 48 51 67 41 62 39 57 30 28 61 35 55 54 53 51 53 70 48 45 14 12 19 33 38 45 52 40 29 38 58 30 33 50 68
0 0 0 0 0 0 0 0 0 0 0 0 1 0 0 0 0 0 0 0 0 1 3 2 2 5 2 1 4 3 13 3 19 13 6 18 13 15 22 44 52 54 61 65 58 44 63 71 68 61 64 55 54 53 51 32 32 37 65 77 72 67 58 46 66 61 31 32 67 26 48 45 43 50 48 45 54 33 33 37 17 11 18 35 36 46 54 52 31 36 47 29 19 23 35 64
0 0 0 0 0 0 0 0 0 0 0 0 0 0 0 1 1 0 0 0 0 2 1 1 2 2 2 11 10 8 21 17 27 13 6 6 16 17 21 20 27 53 39 48 62 34 30 30 49 53 64 58 54 54 38 24 39 53 64 66 83 73 49 48 53 58 47 15 48 8 13 25 37 49 53 59 59 58 49 47 22 13 22 35 37 62 65 54 42 37 44 44 36 21 32 49
0 0 0 0 0 0 0 0 0 0 0 0 2 0 1 1 2 0 1 0 2 2 1 2 4 2 3 0 1 3 16 4 7 3 6 14 7 12 13 15 44 41 32 52 29 35 39 52 54 68 57 61 58 41 36 25 39 54 66 66 71 51 51 61 59 35 31 27 41 15 20 20 22 17 38 50 47 50 34 31 13 22 35 37 41 64 57 27 39 51 34 50 25 27 33 55
0 0 0 0 0 0 0 0 0 0 0 1 1 1 1 1 2 0 1 2 2 1 1 2 3 2 0 1 1 5 5 3 2 9 14 10 17 15 18 33 25 38 53 30 37 38 56 53 65 54 54 56 59 41 20 38 45 74 66 65 63 65 47 68 57 36 26 40 23 15 33 45 48 55 58 54 46 23 20 11 17 36 36 39 42 67 66 23 25 48 33 53 29 29 35 68
0 0 0 0 0 0 0 0 0 0 1 0 1 1 0 0 0 0 1 3 2 1 3 1 3 5 1 1 2 9 3 2 3 10 23 10 12 18 30 11 42 36 27 40 36 53 55 67 68 58 69 54 41 42 28 45 48 67 75 55 61 64 45 32 48 46 24 24 27 41 48 34 39 42 34 46 36 25 10 30 24 38 44 56 49 64 68 35 34 36 19 56 30 33 34 50
0 1 0 3 3 1 1 1 1 0 1 0 0 0 1 0 0 0 1 2 1 1 2 0 1 1 0 1 2 6 2 4 26 11 7 6 11 15 16 36 54 42 52 28 42 63 67 54 53 72 62 46 42 43 29 56 68 58 62 68 51 59 60 29 58 54 20 19 30 42 30 33 51 41 46 28 35 32 21 39 41 38 43 56 42 47 53 47 51 32 32 60 29 31 28 43
1 2 3 1 3 8 1 0 0 0 0 0 0 0 0 0 0 2 2 1 1 1 1 1 2 4 1 1 1 4 5 25 5 3 7 11 5 4 20 29 32 21 59 45 51 66 37 50 66 60 48 45 41 39 41 55 64 66 59 66 47 47 50 43 35 42 20 8 18 49 34 45 46 53 43 43 46 42 33 39 42 50 48 53 41 33 47 43 41 38 37 55 32 24 35 39
0 0 1 0 0 1 1 1 0 0 0 0 0 1 0 0 1 1 0 1 0 1 3 0 3 4 1 1 4 9 14 29 6 8 12 2 2 4 8 22 21 32 52 54 50 53 52 51 55 53 45 45 39 40 48 44 60 71 62 45 62 30 41 38 23 12 7 5 4 18 34 56 54 44 39 38 33 14 26 35 38 53 46 51 34 51 63 63 47 40 31 40 48 13 35 43
0 0 0 0 0 0 0 0 0 0 0 0 0 0 1 0 0 1 0 0 0 0 0 1 4 2 0 1 1 3 2 3 8 6 5 8 4 2 28 10 17 15 43 31 56 41 45 35 55 57 38 40 34 35 44 59 60 70 64 55 44 46 29 26 5 5 13 24 19 27 34 43 43 31 29 27 13 24 39 36 39 52 55 36 44 45 55 59 45 40 30 39 46 16 21 50
0 0 1 0 0 0 0 0 0 0 0 0 0 0 0 0 0 0 0 0 0 3 3 2 4 1 0 1 1 1 1 9 7 5 9 7 11 3 19 15 3 17 44 40 48 44 45 57 50 48 44 36 36 58 58 47 64 51 54 28 41 33 13 13 9 8 15 30 26 18 44 51 60 56 47 16 21 24 36 48 56 40 50 36 48 59 57 51 40 40 30 28 45 38 16 30
0 0 0 0 0 0 0 0 0 0 0 0 0 0 0 0 0 2 0 1 4 1 2 2 5 3 1 1 1 3 5 4 4 14 5 9 10 5 44 18 6 28 11 42 37 32 51 29 46 42 35 38 31 57 64 49 52 42 47 48 19 18 17 10 10 6 9 13 17 16 41 49 58 69 36 17 23 35 32 56 55 46 45 48 32 53 58 55 44 47 16 34 36 30 23 17
0 0 0 0 0 0 0 0 0 0 0 0 0 0 0 1 0 1 0 0 1 4 1 4 1 0 0 0 0 2 5 2 3 5 9 18 6 8 31 24 12 31 9 43 28 24 32 25 39 37 46 31 29 46 51 78 29 30 27 17 21 8 9 9 4 7 14 12 18 20 43 49 32 51 25 18 37 40 34 38 52 44 42 40 44 54 52 66 51 33 21 34 40 18 21 13
0 0 0 0 0 0 0 0 0 0 0 0 0 0 0 0 0 0 0 0 0 0 0 0 0 0 0 0 1 1 3 4 7 5 7 9 5 4 9 34 15 22 19 30 9 31 22 36 42 26 38 30 35 29 50 53 46 28 16 6 11 6 3 9 5 7 14 12 28 26 34 42 36 25 22 36 37 35 36 29 36 49 54 47 38 52 59 52 59 25 17 51 26 33 19 10
0 0 0 0 0 0 0 0 0 0 0 0 0 0 0 0 0 0 1 0 0 0 1 1 1 2 1 0 0 0 1 3 5 5 7 6 6 5 2 18 39 32 18 11 10 14 16 30 25 11 31 24 25 23 33 54 37 26 10 4 5 1 1 2 3 4 9 22 29 40 51 34 24 16 40 34 39 53 48 36 27 39 41 46 48 68 33 61 36 21 18 50 27 41 13 11
0 0 0 0 0 0 0 0 0 0 0 0 0 0 0 0 0 0 0 0 0 0 0 2 3 0 1 0 0 0 0 1 1 5 3 1 6 4 4 11 41 33 11 7 9 14 35 12 23 9 16 26 20 39 32 25 24 14 15 3 5 2 3 1 4 11 13 17 29 24 35 37 9 18 29 31 47 40 34 21 30 14 40 46 45 30 53 40 40 27 17 34 22 33 25 8
