sesion_6_simulaciones/modelos_agentes/ejemplos_netlogo/scenarios/cgcm2_a2/rob_2093.asc
NCOLS 322 
NROWS 307 
XLLCORNER 451900 
YLLCORNER 4086900 
CELLSIZE 100 
NODATA_value -9999 
[rows 73 to 145 of 307, columns 96 to 191 of 322]
0 0 0 0 2 1 5 10 2 1 1 1 1 1 0 0 0 0 0 0 0 0 0 0 0 0 0 0 0 0 0 0 0 0 0 0 0 0 0 0 0 0 0 0 0 0 0 0 0 0 0 0 0 0 0 0 0 0 0 0 0 1 1 2 2 4 2 2 3 6 4 3 4 8 2 2 7 2 3 14 9 15 18 22 58 72 60 49 52 48 31 30 23 7 11 10
0 2 1 1 1 1 1 3 1 1 0 2 1 6 2 1 0 0 0 0 0 0 0 0 0 0 0 0 0 0 0 0 0 0 0 0 0 0 0 0 0 0 0 0 0 0 0 0 0 0 0 0 0 0 0 0 0 0 0 0 0 1 1 1 1 2 1 2 2 2 2 2 1 3 1 1 2 3 4 4 2 10 33 39 29 19 28 40 33 42 41 45 51 40 12 6
1 1 1 1 1 1 1 4 2 2 2 1 0 1 1 1 0 0 1 1 3 0 0 0 0 0 0 0 0 0 0 0 0 0 0 0 0 0 0 0 0 0 0 0 0 0 0 0 0 0 0 0 0 0 0 0 0 0 0 0 0 0 1 0 1 1 0 1 1 1 1 2 0 1 0 0 2 1 0 3 9 11 6 8 15 18 19 21 36 39 56 66 57 56 36 23
1 1 1 1 1 2 1 5 1 4 3 1 1 2 1 1 1 1 0 1 1 1 1 1 0 0 0 0 0 0 0 0 0 0 0 0 0 0 0 0 0 0 0 0 0 0 0 0 0 0 0 0 0 0 0 0 0 0 0 0 0 0 0 0 0 0 0 0 1 1 0 1 0 0 0 0 0 0 2 1 2 4 11 7 19 25 29 45 56 45 55 63 59 58 50 43
2 0 2 2 1 1 2 3 3 4 10 2 3 1 1 2 3 1 2 1 3 3 1 0 0 0 0 0 0 0 0 0 0 0 0 0 0 0 0 0 0 0 0 0 0 0 0 0 0 0 0 0 0 0 0 0 0 0 0 0 0 0 0 0 0 0 0 0 0 0 0 0 0 0 0 0 0 0 1 1 2 3 3 9 24 29 46 34 41 61 42 56 48 51 42 44
2 1 2 2 4 2 2 3 1 14 23 13 3 1 4 2 2 2 5 1 1 2 1 2 0 0 0 0 0 0 0 0 0 0 0 0 0 0 0 0 0 0 0 0 0 0 0 0 0 1 0 0 0 0 0 0 0 0 0 0 0 0 0 0 0 0 0 0 0 0 0 0 0 0 0 0 0 0 0 0 1 5 11 12 22 41 20 32 43 32 42 33 31 44 40 65
6 7 2 8 14 5 1 5 1 4 13 18 8 3 3 0 4 9 2 2 2 1 3 2 0 0 1 1 1 0 1 0 0 0 0 0 0 0 0 0 0 0 0 0 0 0 0 0 0 0 1 0 0 0 0 0 0 0 0 0 0 0 0 0 0 0 0 0 0 0 0 0 0 0 0 0 0 0 0 1 2 4 7 8 9 25 30 48 38 24 27 21 21 36 64 54
29 48 19 19 3 3 2 2 2 7 3 2 12 11 1 4 10 2 1 1 2 0 0 2 1 1 1 1 1 0 1 0 0 0 0 0 0 0 0 0 0 0 0 0 0 0 0 0 0 0 1 1 0 0 0 0 0 0 0 0 0 0 0 0 0 0 0 0 0 0 0 0 0 0 0 0 0 3 0 1 1 1 6 4 7 10 24 40 29 26 25 26 55 56 26 28
24 17 34 4 3 3 5 4 3 4 5 1 3 4 3 5 1 6 4 2 1 1 0 0 2 4 2 1 0 1 0 0 0 1 1 0 0 0 0 0 0 0 0 0 0 0 0 0 0 0 1 2 0 2 0 0 1 0 0 0 0 0 0 0 0 0 0 0 0 0 0 0 0 0 0 0 0 2 1 1 0 1 3 4 3 5 19 18 18 20 22 34 51 43 20 43
64 63 34 13 9 14 14 7 6 4 10 1 3 5 7 2 2 18 4 2 6 9 2 2 3 23 2 0 0 0 0 0 0 0 1 0 0 0 0 0 0 0 0 0 0 0 0 0 0 1 1 5 2 2 1 1 1 0 1 0 0 0 0 0 0 0 0 0 0 0 0 0 0 0 0 0 0 0 1 5 8 0 1 2 1 8 7 4 8 18 15 40 20 23 19 47
13 27 72 58 5 6 16 15 36 8 11 2 7 18 7 1 3 34 3 5 3 4 1 10 2 2 1 1 1 1 0 0 0 1 2 1 0 0 0 0 0 0 0 0 0 0 0 0 0 0 0 4 2 3 2 1 1 1 1 1 0 0 0 0 0 0 0 0 0 1 1 1 0 0 0 0 0 0 0 6 4 1 0 1 3 1 2 3 6 5 12 14 7 13 14 59
10 16 26 59 48 8 17 15 7 28 18 6 10 31 11 5 12 28 7 5 2 2 16 18 8 5 1 4 2 1 0 0 1 4 3 2 1 0 0 0 0 0 0 0 0 0 0 0 0 0 0 1 5 7 1 3 1 1 6 1 0 0 0 0 2 0 1 0 0 1 1 1 0 0 0 0 0 0 0 1 8 4 2 1 0 1 3 6 4 11 3 7 9 25 9 28
14 30 45 38 50 46 48 39 17 20 32 4 11 43 28 21 14 18 13 17 19 2 9 10 30 13 11 13 4 4 1 5 6 3 3 10 4 0 0 0 0 0 0 0 0 0 0 0 0 0 1 1 8 9 3 1 2 9 9 2 1 0 0 0 1 0 2 1 1 0 3 1 1 1 1 0 0 0 0 0 2 8 1 7 7 0 2 1 3 1 1 4 3 10 9 19
15 16 7 7 26 42 28 19 14 18 20 8 23 55 26 6 16 10 16 30 34 22 4 5 6 6 24 30 5 9 17 11 13 4 5 4 4 3 1 1 0 1 0 0 0 0 0 1 0 1 1 2 13 32 6 4 8 8 17 5 1 0 0 0 4 1 6 1 1 0 1 1 0 0 0 0 0 0 0 0 0 5 6 3 2 5 3 3 2 4 2 4 10 10 19 6
12 6 1 3 21 24 7 13 12 17 9 15 43 36 13 6 9 15 32 25 37 71 17 5 4 7 47 32 33 4 19 8 7 25 20 12 4 5 1 2 1 3 1 1 1 0 0 0 0 1 1 3 3 35 11 22 12 18 40 5 1 1 1 3 3 1 3 1 1 0 0 0 1 1 1 0 0 0 0 0 1 0 7 5 5 5 6 12 25 5 16 18 13 7 51 5
16 15 5 3 22 20 15 17 18 11 16 19 31 44 15 4 54 48 20 21 24 32 56 48 20 9 23 41 49 53 18 34 22 4 5 2 2 10 1 3 10 3 1 0 0 0 0 0 1 1 3 2 4 11 18 33 33 41 38 12 4 6 8 5 4 0 2 2 1 0 0 2 3 1 0 2 0 0 0 0 1 1 1 5 17 24 7 2 3 7 8 23 15 9 18 39
16 9 10 5 16 10 8 41 17 13 9 13 60 28 12 8 38 21 43 48 35 42 64 60 51 16 29 7 15 48 19 21 25 15 11 10 6 3 3 15 2 1 0 0 0 1 0 0 1 3 3 5 4 7 5 31 40 41 49 13 6 8 3 11 11 1 4 4 1 0 0 2 1 0 3 2 0 0 0 0 0 1 3 1 10 23 14 11 15 9 5 5 12 8 5 14
8 12 7 6 6 5 6 38 26 8 26 38 62 62 14 8 23 8 43 74 68 60 24 40 59 35 32 27 50 73 66 51 20 25 13 6 6 2 6 1 1 1 0 1 3 1 0 1 1 1 2 3 3 5 2 3 34 50 61 18 30 14 29 23 27 2 15 3 2 1 0 1 1 2 4 0 0 2 0 0 0 1 2 3 1 12 12 5 3 6 5 6 5 11 15 14
20 19 14 9 9 5 6 15 29 22 21 48 34 24 39 17 44 12 7 26 30 70 35 34 28 14 28 50 79 87 50 60 70 59 50 11 6 4 21 1 3 2 4 4 4 1 2 0 0 1 3 5 11 14 22 6 2 2 14 32 18 30 22 31 36 8 38 7 7 4 2 1 2 7 2 0 1 0 1 0 0 1 2 2 5 1 4 11 6 7 4 8 23 34 31 29
13 11 7 7 10 8 4 2 18 34 32 34 29 13 15 9 46 25 13 52 37 44 36 39 49 38 23 68 31 57 67 57 66 58 8 9 8 11 4 2 13 7 14 6 3 1 6 3 2 1 2 3 6 7 16 4 2 2 3 18 37 60 35 41 22 6 31 16 4 2 5 6 2 3 1 1 2 1 1 1 1 1 1 2 5 3 1 2 4 5 21 26 42 41 45 41
8 6 8 9 9 8 8 5 8 14 22 35 32 27 14 10 51 22 9 36 23 34 35 49 36 55 48 58 35 10 28 35 21 15 21 14 37 35 8 6 3 12 39 6 2 12 5 2 3 1 2 2 2 6 10 15 8 3 4 43 68 52 71 62 42 42 45 42 16 3 13 4 2 0 0 2 1 0 1 0 0 1 1 1 4 3 6 3 1 8 25 62 65 55 57 31
9 4 15 22 16 16 14 16 12 12 22 27 27 19 19 11 34 18 8 23 35 33 33 33 38 51 46 42 47 34 14 11 18 26 22 46 58 14 27 20 10 31 39 9 19 6 7 2 7 1 4 3 9 22 34 31 14 5 6 12 66 51 70 69 55 47 52 57 44 12 8 5 4 2 1 1 2 5 0 1 0 0 1 1 1 3 8 12 4 7 14 12 35 40 48 39
20 21 17 26 28 22 25 25 21 6 16 18 16 19 14 18 17 13 12 23 24 27 16 23 40 45 44 38 37 63 16 24 22 35 72 76 41 15 45 53 24 40 38 23 13 19 7 3 9 3 3 8 11 31 47 39 19 8 5 7 10 57 75 72 65 39 64 45 19 5 9 11 2 3 6 2 2 1 0 3 0 0 1 1 5 3 3 5 11 17 20 13 8 10 21 26
21 11 21 20 28 21 35 24 16 20 3 8 6 12 20 15 24 18 11 12 26 34 21 21 19 25 56 42 41 19 28 19 37 81 71 69 17 28 79 34 19 25 24 7 11 31 10 17 11 7 4 15 33 22 16 23 33 33 24 14 16 27 56 56 69 52 32 31 11 11 13 7 3 4 5 5 3 2 1 1 0 0 1 3 4 6 4 5 8 16 31 38 29 17 10 25
12 15 21 15 25 27 21 23 22 24 30 18 12 5 7 9 21 20 11 10 19 11 13 18 16 25 57 65 38 27 40 10 63 78 58 24 26 63 74 51 14 32 19 13 47 37 11 8 24 22 5 11 25 47 40 29 10 19 29 34 26 32 23 39 19 35 39 28 16 22 20 10 6 3 6 4 2 5 0 0 1 0 1 2 4 4 4 5 5 10 24 28 31 20 24 11
17 11 21 24 27 18 21 34 20 28 22 27 27 18 13 7 9 19 10 14 20 18 12 18 13 27 29 65 20 21 44 15 55 72 34 31 30 51 38 38 28 29 16 50 55 13 18 51 38 22 19 6 5 12 12 25 15 27 56 63 37 51 28 17 19 28 21 17 17 32 18 20 4 8 8 4 7 1 1 0 1 0 0 0 1 4 6 5 5 5 19 19 30 33 40 26
9 6 20 23 12 19 10 13 30 26 22 26 26 30 25 12 7 6 4 3 5 7 12 16 8 13 15 17 16 59 32 13 21 30 27 47 49 62 87 66 47 34 48 52 49 31 26 68 51 25 54 18 14 29 38 29 23 24 19 44 69 49 30 18 18 32 23 16 24 29 27 29 12 3 3 2 3 1 0 1 0 1 0 1 1 2 3 6 12 10 14 19 29 51 40 37
3 7 33 17 20 11 34 15 30 32 23 32 29 15 17 20 21 19 18 18 20 19 11 12 12 4 8 11 29 63 14 25 28 20 40 58 63 22 50 44 51 32 34 45 43 30 45 69 55 50 52 42 10 11 16 16 24 41 44 12 16 30 28 31 25 28 21 23 20 24 24 30 15 12 2 3 2 1 0 0 1 0 0 1 1 2 3 6 6 17 17 31 40 45 43 46
4 9 21 12 13 14 10 14 30 24 26 29 24 27 19 27 18 27 29 29 20 35 20 18 31 24 4 10 18 49 19 32 38 32 39 39 31 32 26 13 48 54 37 27 41 71 74 71 54 50 55 40 17 14 25 39 47 40 45 24 8 29 25 20 30 20 17 21 26 25 19 19 11 7 5 3 1 1 3 3 2 4 1 1 1 1 2 4 9 8 26 28 35 42 51 60
3 15 5 7 12 10 11 8 22 29 14 13 34 22 22 17 20 24 27 29 29 30 31 29 23 34 18 3 14 34 14 28 38 42 40 33 30 37 38 15 28 73 54 22 59 63 85 71 20 13 21 32 41 34 30 37 41 36 29 20 12 40 23 16 20 21 22 30 29 28 19 18 15 17 14 12 3 7 5 3 2 1 1 0 0 1 2 3 4 8 15 26 39 58 57 63
9 2 5 5 5 10 15 21 7 10 17 23 27 29 16 24 23 26 26 38 38 29 44 32 47 34 35 12 7 30 20 23 36 41 51 42 46 41 39 14 22 41 57 26 52 51 68 33 14 15 26 24 41 43 38 34 41 37 28 33 14 23 21 14 40 27 33 47 33 29 24 16 34 27 40 11 10 3 5 1 0 0 0 0 0 0 1 1 5 11 12 13 15 20 21 28
1 2 6 20 23 13 5 3 5 19 21 22 11 22 25 29 26 37 35 35 37 39 35 45 47 38 27 26 7 9 8 17 14 43 45 70 74 51 55 27 21 21 30 10 29 33 19 21 19 23 23 36 55 45 51 55 58 55 65 47 24 21 25 16 43 47 48 30 19 24 38 27 27 23 19 21 9 3 1 1 0 0 1 1 2 1 0 1 4 4 5 10 19 28 33 36
4 7 8 2 3 5 8 4 9 19 20 20 17 20 19 30 22 30 34 43 23 46 49 46 43 37 22 22 10 7 5 8 14 30 46 57 52 58 63 45 46 37 33 11 23 30 32 61 68 58 77 45 64 69 71 58 67 54 51 43 25 32 31 13 14 26 30 39 42 29 35 49 19 16 11 13 10 1 0 1 0 1 3 1 3 1 5 1 1 2 4 9 13 26 38 40
5 3 5 7 7 5 8 5 14 13 15 17 30 21 29 28 29 47 42 30 36 43 57 32 45 40 40 17 18 14 4 3 4 19 35 45 67 78 76 45 29 38 33 22 28 37 65 42 68 65 56 38 80 75 71 52 42 42 41 25 24 15 13 5 4 22 42 59 58 36 35 57 38 13 6 7 2 2 2 1 1 2 2 2 5 6 2 3 1 1 2 5 10 20 21 49
2 2 2 2 2 2 1 5 16 10 11 25 16 23 26 30 40 20 21 45 37 49 52 34 30 29 39 38 34 31 16 14 6 16 37 30 25 60 74 56 43 40 38 36 50 43 22 36 55 85 52 58 71 59 69 64 52 41 25 23 21 17 3 12 6 16 40 48 70 43 36 12 19 17 7 9 5 3 1 1 1 2 2 3 5 2 1 2 0 1 2 5 8 6 20 29
1 2 4 6 6 3 3 6 10 17 15 15 12 19 41 47 27 17 19 51 38 28 33 40 31 32 41 45 34 33 28 27 17 10 40 42 20 23 21 16 21 32 32 37 48 34 34 50 83 38 31 48 82 67 55 41 37 38 45 41 20 18 4 6 4 16 36 39 46 43 33 19 25 12 10 9 8 6 4 2 3 6 3 2 3 3 4 6 5 1 1 1 2 9 18 18
1 5 3 14 4 4 5 10 9 12 14 4 6 19 20 17 15 16 28 56 27 27 32 41 38 42 35 37 31 22 16 23 33 18 11 32 35 22 18 15 17 32 31 26 26 41 46 29 80 37 51 66 81 53 34 43 38 26 24 34 24 25 3 10 7 8 21 17 34 28 34 32 31 20 35 24 37 4 1 0 6 6 7 4 1 7 9 24 10 4 6 3 8 7 7 43
2 3 9 8 4 8 5 7 13 11 8 6 8 17 11 29 9 15 53 28 22 22 34 40 48 48 39 36 23 33 31 28 32 31 13 8 28 14 15 14 15 27 27 25 26 39 44 41 25 40 62 80 80 50 46 44 32 31 32 26 25 12 13 10 8 10 26 38 44 42 42 37 38 43 41 23 3 2 1 4 4 13 20 27 6 17 25 16 13 5 3 3 3 9 10 16
2 5 2 2 4 4 4 12 3 7 3 7 10 36 17 12 8 31 9 10 34 23 21 20 29 31 33 40 45 35 45 45 33 32 22 22 5 26 21 16 13 15 16 28 37 56 29 50 17 23 56 73 90 84 52 45 38 22 34 24 23 14 21 6 4 16 37 52 64 56 45 46 45 32 20 10 4 4 4 6 12 15 16 40 27 29 13 2 1 0 2 8 5 7 9 13
3 2 2 1 2 2 6 1 7 2 2 5 14 24 16 4 21 18 17 7 9 23 10 12 26 28 47 34 47 54 47 52 34 34 31 26 24 9 11 16 18 15 16 32 31 45 13 39 12 40 49 24 69 75 51 35 23 22 22 11 27 34 18 11 6 40 51 48 43 43 39 38 40 34 43 40 12 8 6 4 9 9 10 41 32 16 8 5 5 4 9 1 6 6 6 12
0 2 1 1 1 3 4 1 2 2 4 2 11 6 4 10 17 7 10 10 42 27 17 15 24 48 35 51 54 67 51 33 12 43 34 33 38 23 10 4 12 20 19 31 34 11 28 42 13 39 29 63 67 45 47 44 45 36 22 16 29 28 26 18 4 9 37 47 47 37 36 44 56 37 19 10 4 3 10 2 10 25 20 25 15 12 25 17 7 9 4 2 3 7 16 30
14 0 1 1 2 1 2 3 3 2 6 4 3 2 3 19 5 9 9 33 31 17 31 23 15 39 43 52 72 64 67 34 21 25 22 21 29 34 38 6 6 21 33 28 13 24 68 31 15 41 77 73 79 37 34 47 35 33 31 22 30 19 19 11 7 6 16 28 33 32 11 23 19 13 16 11 5 3 8 8 11 35 70 26 17 30 27 16 19 8 3 6 3 7 8 21
10 18 11 13 8 3 0 0 5 1 13 30 34 14 5 10 9 15 9 19 15 20 25 24 25 36 52 72 47 58 55 43 51 39 36 41 19 33 41 22 3 17 23 27 12 12 18 17 8 47 63 85 75 28 39 42 46 34 24 33 29 20 22 6 7 8 43 44 38 47 43 39 44 27 12 6 5 10 8 16 29 29 49 67 30 38 51 30 9 2 6 8 2 2 6 14
4 18 11 11 7 5 7 2 10 3 1 7 34 32 44 8 5 13 17 17 14 12 23 19 31 37 54 42 54 60 61 54 48 51 58 37 35 42 36 29 20 5 12 19 29 18 15 9 13 41 64 37 56 24 54 35 48 47 34 24 30 32 17 6 5 28 40 48 48 56 62 42 20 20 27 7 6 11 16 44 41 43 50 45 9 22 18 18 19 24 24 3 8 2 2 4
5 23 6 21 13 6 25 7 5 15 8 7 30 42 24 13 21 12 46 66 60 48 19 10 36 30 45 40 39 40 50 46 49 56 59 53 46 36 28 33 36 16 11 15 25 14 24 8 14 19 33 29 66 48 71 69 45 58 37 43 17 18 13 8 18 32 45 36 49 53 63 60 56 33 31 22 24 20 24 52 60 37 35 33 24 24 36 38 19 55 8 13 11 10 2 2
10 18 11 12 35 8 15 2 10 18 19 6 2 30 31 19 35 21 29 57 66 21 59 10 39 43 44 34 41 22 33 56 60 67 69 49 32 34 42 36 19 16 11 7 35 19 27 9 8 7 26 45 71 29 41 25 55 68 67 42 17 11 8 5 21 30 47 36 49 53 55 59 38 16 8 8 25 13 46 61 79 75 25 24 29 39 59 21 36 50 21 21 8 3 3 3
2 6 3 14 30 13 16 1 15 48 9 5 4 13 39 32 37 44 10 32 42 34 33 41 9 20 65 30 20 15 9 14 33 35 45 58 44 53 56 37 26 14 5 2 14 23 23 19 3 21 28 55 49 66 45 30 38 34 27 18 27 14 11 6 15 28 34 30 38 41 40 24 19 19 12 16 47 65 48 51 73 82 64 27 19 32 24 32 61 30 16 2 1 1 1 2
2 14 30 14 32 8 29 17 25 59 24 13 15 26 49 64 24 4 4 9 16 8 26 63 18 9 57 37 46 17 2 17 46 42 27 59 58 56 37 25 13 10 3 2 3 27 34 16 12 38 37 50 32 42 36 40 15 14 32 33 23 14 4 12 22 18 20 21 21 33 30 23 28 14 18 44 63 71 70 44 56 70 63 37 11 25 35 48 34 10 6 9 9 3 6 10
4 2 2 4 6 12 36 6 35 42 71 31 23 18 14 8 7 5 5 14 11 13 11 59 21 45 41 42 63 66 27 19 31 25 36 53 50 47 43 42 24 8 3 3 3 11 29 23 8 22 41 54 12 28 34 60 35 17 24 31 12 11 4 10 17 31 69 48 45 51 49 60 49 22 38 79 77 80 76 60 20 45 67 65 25 29 35 51 29 19 59 13 4 3 6 20
4 9 3 5 7 24 41 29 16 32 72 44 16 8 21 16 6 20 5 7 11 11 13 68 16 21 51 33 44 57 34 29 43 22 16 22 14 27 25 32 36 32 8 3 3 7 7 13 12 21 39 40 9 32 23 24 44 47 25 11 8 8 3 14 17 34 40 56 68 69 85 54 15 20 58 85 83 75 79 81 74 35 74 73 29 33 45 33 20 54 34 16 10 12 2 1
6 11 10 5 8 6 38 49 47 18 78 37 13 5 18 17 21 22 13 8 11 17 4 36 55 6 19 26 51 75 30 8 22 19 35 43 41 43 33 31 29 21 24 8 2 2 2 4 8 20 48 43 15 23 31 24 39 29 20 15 9 5 7 14 10 39 44 62 71 64 30 20 24 31 63 74 85 80 77 67 80 53 49 60 48 55 35 22 49 81 26 20 15 12 8 1
10 8 13 5 5 7 30 71 34 34 66 56 44 6 19 19 39 22 19 16 18 32 13 18 83 24 45 38 62 61 59 39 39 51 47 44 49 49 47 24 16 9 20 13 6 1 5 11 20 41 62 50 19 31 27 9 13 28 29 20 8 3 3 14 30 51 78 76 59 35 37 26 33 76 70 69 86 67 55 52 81 69 59 27 25 49 39 51 82 49 31 25 37 10 8 3
44 5 15 7 7 13 24 36 8 11 79 50 7 4 21 32 42 38 48 36 45 37 37 28 55 32 19 54 64 52 63 60 37 31 33 23 38 45 50 44 24 18 12 5 7 2 4 7 13 31 51 42 25 18 11 11 10 8 7 8 10 8 3 11 30 65 69 55 34 29 40 34 65 78 82 71 61 78 48 57 84 63 37 21 44 65 67 71 77 26 48 67 37 19 17 5
6 18 5 7 8 6 12 27 20 29 55 24 12 4 24 19 47 18 52 33 46 56 47 36 39 58 37 24 14 52 45 58 29 23 36 35 26 23 39 38 20 12 12 6 3 2 4 8 30 44 48 17 19 20 14 8 13 6 5 3 1 1 10 19 36 58 40 19 29 44 37 37 74 85 75 71 62 74 80 48 66 64 39 33 57 56 68 82 57 52 77 50 38 22 10 9
6 5 13 14 6 8 5 8 7 13 21 10 34 14 10 23 54 24 22 52 31 22 12 60 57 71 19 18 9 26 64 73 60 36 27 21 29 20 23 14 18 19 8 6 4 2 2 10 18 27 36 23 9 14 10 11 19 7 4 2 2 1 13 18 48 29 12 27 44 42 42 67 70 76 76 79 72 67 83 63 51 63 42 41 61 62 81 81 64 46 39 50 29 11 10 14
14 10 7 23 24 14 15 6 4 23 12 11 39 42 13 23 41 42 20 28 27 34 29 86 65 65 43 7 11 10 32 39 62 54 36 30 25 21 16 14 43 24 13 9 2 3 1 6 27 28 29 22 29 14 14 17 16 12 3 2 1 1 6 26 23 10 19 44 48 59 56 74 78 69 56 43 47 54 68 71 67 43 36 46 60 62 77 73 53 26 35 20 8 9 10 22
15 13 9 17 20 31 16 6 2 20 17 10 12 24 15 22 34 40 22 26 24 17 22 42 19 34 61 14 15 15 9 37 65 59 35 27 34 63 61 47 31 15 5 6 7 3 1 1 7 20 17 23 25 14 15 15 23 10 3 2 1 1 1 9 4 14 22 29 43 79 68 65 83 79 58 45 28 17 44 64 59 38 22 36 57 68 78 57 29 43 40 32 49 22 23 25
60 24 16 7 15 27 48 5 9 19 24 17 6 17 15 9 28 47 21 20 21 19 9 29 7 14 46 37 10 22 8 15 45 81 59 35 24 22 24 20 20 18 17 6 2 6 6 1 2 18 16 18 20 28 11 7 12 8 5 2 1 0 0 4 19 46 45 62 70 57 79 83 74 85 81 65 53 39 21 26 54 44 19 10 28 48 53 21 29 40 38 66 56 29 18 25
56 83 28 18 6 13 12 11 14 21 18 11 25 10 14 7 9 52 29 22 18 16 8 22 22 3 33 39 14 22 15 7 29 59 76 53 34 38 52 43 23 17 13 6 4 1 4 1 1 4 18 26 21 8 19 10 5 4 3 2 1 0 1 6 22 54 65 42 39 53 72 69 67 72 88 72 54 33 21 15 21 19 3 15 30 18 22 28 44 46 69 65 28 25 27 35
18 72 80 55 24 14 5 24 11 9 10 12 30 17 12 11 9 54 38 31 16 7 6 16 29 4 22 27 21 27 17 10 34 25 31 69 37 16 32 37 28 10 9 8 3 1 1 2 1 1 10 19 19 14 12 9 7 3 1 1 0 0 4 11 21 17 15 41 74 68 63 62 59 69 75 73 57 40 43 26 9 4 4 14 36 51 43 27 41 61 52 29 20 26 34 33
11 59 59 80 45 24 12 25 26 8 21 13 18 18 27 20 11 24 52 18 15 12 3 12 23 11 16 24 8 34 34 10 36 33 30 15 69 48 47 35 24 13 12 5 3 2 1 2 1 1 4 9 7 6 18 7 6 4 2 1 0 0 2 11 23 33 44 46 68 76 66 79 73 41 50 65 56 55 51 40 15 3 5 16 35 40 57 63 33 26 17 27 25 26 47 35
29 46 38 70 38 22 22 22 26 21 18 18 20 31 27 23 21 22 39 32 15 13 7 23 34 25 19 21 10 18 44 23 10 20 24 43 47 18 61 38 19 10 9 11 2 2 1 1 1 1 0 2 7 10 20 9 5 4 1 1 0 0 2 10 19 31 38 61 67 70 87 79 82 68 44 36 54 50 47 41 10 3 13 35 39 44 56 67 58 41 38 19 27 27 57 54
30 47 22 55 56 59 39 30 25 23 16 12 16 19 23 30 19 20 15 31 21 13 9 14 10 27 22 22 16 7 16 11 9 23 33 47 47 25 70 25 33 27 13 11 6 2 1 0 1 1 1 1 2 7 26 11 5 3 2 1 1 0 1 10 20 29 39 44 66 49 81 79 72 74 82 60 59 49 29 12 6 3 10 30 53 61 63 65 66 55 39 28 22 42 83 76
44 39 43 29 43 26 35 30 64 51 28 11 19 17 17 31 18 17 21 19 20 19 9 5 15 23 10 24 20 11 9 5 18 20 69 72 45 37 21 35 32 27 13 9 7 3 1 0 1 1 0 0 1 3 18 5 4 2 1 1 0 0 1 4 18 31 39 65 74 77 79 85 79 72 71 75 57 48 22 7 2 18 25 10 27 55 58 61 60 32 39 36 58 85 88 80
27 49 37 31 25 20 22 18 22 25 17 16 12 12 12 13 12 15 16 22 22 16 10 3 5 29 6 16 12 17 9 4 25 48 57 68 74 87 84 71 28 23 9 7 5 3 1 0 0 1 0 0 0 3 4 6 8 2 1 1 0 0 2 6 21 47 71 80 79 86 86 85 88 84 59 55 58 31 23 2 6 30 49 37 29 17 27 27 25 32 29 53 61 88 90 80
22 38 20 28 12 13 11 4 11 9 8 11 15 6 5 10 10 11 12 14 18 13 11 4 8 14 7 15 16 7 13 7 5 22 30 32 35 34 36 7 24 15 17 6 4 3 1 0 0 1 1 0 0 1 0 1 3 4 1 1 0 0 5 17 39 31 44 56 79 87 75 91 82 79 59 44 42 33 21 2 7 21 45 52 67 46 45 31 36 48 46 59 80 84 81 76
5 8 14 7 7 7 5 4 11 13 5 5 4 5 7 6 6 3 5 8 10 10 15 5 9 16 24 6 14 11 8 6 4 3 2 2 5 11 19 14 17 5 6 2 2 2 1 1 0 0 0 0 1 1 0 0 1 1 1 0 0 0 4 19 28 44 36 55 71 65 77 85 84 73 46 36 22 9 4 2 7 13 32 38 43 57 64 54 64 75 64 54 77 73 80 76
23 8 4 4 6 7 11 21 12 12 24 25 22 37 16 16 6 3 3 3 4 7 6 6 7 9 16 10 16 15 9 5 2 1 3 9 4 2 6 13 25 19 14 12 7 3 1 1 0 0 0 0 0 1 1 0 1 1 1 0 0 1 6 7 18 35 39 71 65 69 82 73 76 46 36 21 6 3 1 9 14 34 42 46 44 61 87 83 40 37 73 87 71 50 60 78
43 32 13 26 22 25 21 34 19 25 37 39 50 47 42 30 23 13 10 6 5 2 4 3 4 15 14 10 5 19 6 4 1 2 10 5 2 4 3 9 17 12 6 3 5 3 1 1 0 0 0 0 0 0 1 1 1 0 0 0 0 2 1 6 19 46 45 40 55 66 67 64 69 36 26 14 3 1 8 24 38 47 48 56 77 81 71 27 34 62 89 88 90 54 47 62
47 27 21 38 35 36 35 37 39 41 36 33 40 62 48 39 32 29 24 12 11 11 2 2 1 4 10 11 14 6 4 2 1 5 8 8 6 4 2 2 8 9 7 2 2 4 2 1 0 0 0 0 0 0 2 0 0 1 0 0 0 0 4 10 31 49 60 41 28 29 51 54 37 27 8 4 1 6 18 30 51 48 67 83 81 52 22 27 44 83 89 83 77 79 32 22
37 36 26 45 36 43 28 30 44 32 47 37 51 42 40 42 61 46 17 31 27 14 9 9 7 4 2 3 4 2 2 1 1 3 6 7 7 10 9 5 5 14 11 10 2 3 2 1 0 0 0 0 0 0 0 0 0 0 0 0 0 1 5 9 28 47 60 52 22 47 35 31 20 7 2 0 2 9 22 27 52 73 65 58 32 17 27 41 58 78 82 83 67 85 51 23
30 29 22 37 51 69 61 48 59 50 47 35 65 59 64 67 45 28 31 54 37 15 20 20 19 14 7 3 1 1 1 1 1 2 2 4 4 7 16 10 2 5 3 4 5 3 2 1 0 0 0 0 0 0 0 0 0 0 0 0 0 1 4 7 25 49 69 53 28 22 25 19 9 1 0 1 3 11 19 24 57 56 47 12 25 42 43 65 75 66 78 69 63 74 81 23
46 53 51 49 54 52 36 24 60 33 32 28 34 49 62 38 45 56 56 62 53 17 4 13 30 16 13 10 5 1 2 0 1 3 5 6 3 2 1 1 1 3 1 1 1 4 1 1 1 0 0 0 0 0 0 0 0 0 0 0 0 3 3 5 10 51 77 71 26 37 15 8 2 0 0 1 3 10 15 28 26 8 11 30 40 44 46 83 83 94 73 41 44 56 71 32
