sesion_6_simulaciones/modelos_agentes/ejemplos_netlogo/scenarios/cgcm2_a2/rob_2085.asc
NCOLS 322 
NROWS 307 
XLLCORNER 451900 
YLLCORNER 4086900 
CELLSIZE 100 
NODATA_value -9999 
[rows 222 to 295 of 307, columns 96 to 191 of 322]
2 1 1 1 0 0 0 0 0 0 0 0 0 0 0 0 0 0 0 0 0 0 0 0 0 0 2 4 1 1 1 2 2 3 0 0 0 0 0 0 0 1 1 2 3 5 10 22 26 30 33 35 42 46 45 46 49 57 73 74 75 79 49 69 27 45 35 33 37 31 21 23 15 18 31 31 32 13 13 8 35 26 24 20 23 12 35 49 62 38 31 35 21 14 18 10
2 1 0 0 0 0 0 0 0 0 0 0 0 0 0 0 0 0 0 0 0 0 0 0 0 0 1 1 6 2 1 3 5 1 0 0 0 0 0 0 0 0 1 2 3 4 7 13 21 23 29 23 30 39 49 68 73 47 26 33 35 37 33 35 67 18 24 21 45 34 25 40 15 17 34 25 30 10 31 34 41 75 36 31 25 29 18 20 53 75 56 52 47 26 19 16
1 0 0 0 0 0 0 0 0 0 0 0 0 0 0 0 0 0 0 0 0 0 0 0 1 1 0 1 5 4 3 4 1 1 0 0 0 0 0 0 0 0 1 1 2 3 5 7 14 20 23 27 47 30 50 70 35 32 28 28 9 32 35 22 25 41 10 36 38 30 45 38 10 13 17 25 20 16 21 36 27 17 53 43 28 31 36 20 17 53 83 65 56 36 35 26
1 0 0 0 0 0 0 0 0 0 0 0 0 0 0 0 0 0 1 0 1 0 0 1 2 2 1 2 5 13 6 2 1 0 0 0 0 0 0 0 0 1 1 1 2 3 4 6 13 15 20 25 43 39 22 19 26 23 21 16 41 59 26 38 38 77 57 32 38 36 47 39 24 22 25 35 23 22 34 51 42 18 7 18 62 55 34 34 28 24 64 64 51 45 26 20
1 0 0 0 0 0 0 0 0 0 0 0 0 0 0 0 0 0 0 1 3 1 1 1 1 4 6 3 8 9 2 1 0 0 0 0 0 0 0 0 0 0 1 1 1 4 5 10 11 14 23 35 33 30 31 30 41 33 23 41 15 23 47 52 42 84 51 49 10 41 32 38 23 19 29 38 30 15 32 63 35 26 43 30 29 17 22 39 35 44 24 33 41 28 14 16
0 0 0 0 0 0 0 0 0 0 0 0 0 0 0 0 0 0 0 0 1 3 1 2 1 2 10 13 8 4 1 1 1 1 0 0 0 0 0 0 0 0 1 1 2 4 6 7 11 13 17 18 15 23 24 30 50 42 44 18 21 32 30 41 67 42 50 54 69 32 23 35 36 7 10 20 20 34 50 23 74 55 72 49 67 37 54 43 32 21 21 35 26 18 11 6
1 0 0 0 0 0 0 0 0 0 0 0 0 0 0 0 0 0 0 1 1 1 4 8 2 4 7 16 8 2 3 2 1 1 0 0 0 0 0 0 0 1 1 1 1 3 4 6 12 14 21 21 25 27 24 38 47 72 40 33 23 43 56 78 45 35 45 41 28 32 41 22 20 6 11 18 28 28 73 52 23 17 37 60 44 50 42 45 27 31 25 18 14 15 14 15
1 0 0 0 0 0 0 0 0 0 0 0 0 0 0 0 0 1 1 1 1 1 1 6 3 4 7 28 12 6 8 5 1 1 1 0 0 0 0 0 0 0 1 1 1 2 2 4 10 12 15 17 21 18 39 43 28 27 21 35 23 20 24 38 21 12 21 32 16 23 7 26 18 9 20 11 13 32 22 30 26 22 27 35 25 26 39 47 26 28 14 9 11 8 8 8
0 0 0 0 0 0 0 0 0 0 0 0 0 0 0 0 0 1 1 2 4 4 1 2 13 3 4 15 27 28 9 4 2 1 0 0 0 0 0 0 1 1 1 1 2 3 3 4 5 7 8 9 14 17 30 17 20 19 21 21 24 23 28 30 30 40 41 48 37 36 35 30 21 7 13 20 8 24 26 33 39 39 31 59 38 18 27 18 16 23 10 6 5 9 7 5
1 0 0 0 0 0 0 0 0 0 0 0 0 0 0 0 0 1 1 2 4 5 5 5 6 8 5 8 29 22 9 4 2 1 0 0 0 0 0 1 1 2 3 2 3 3 4 5 7 7 9 11 12 14 8 10 8 9 9 9 10 8 9 32 39 38 19 36 35 29 20 18 19 8 8 18 28 26 28 59 41 45 45 47 40 32 20 18 15 16 14 10 6 5 7 3
0 0 0 0 0 0 0 0 0 0 0 0 0 0 0 0 0 1 2 4 4 4 2 5 18 10 6 8 22 21 13 8 2 1 0 0 0 0 0 1 2 3 3 7 4 5 3 7 13 17 26 21 11 9 7 11 9 11 21 22 15 22 18 14 12 15 19 18 24 29 37 38 44 6 13 11 32 35 42 25 27 42 48 38 39 58 45 25 18 11 7 5 7 4 3 2
1 1 0 0 0 0 0 0 0 0 0 0 0 0 0 0 0 1 1 3 4 8 2 5 6 15 15 19 29 26 15 8 3 1 1 0 0 1 1 1 1 2 4 5 8 13 9 4 10 20 29 37 26 13 15 20 33 31 35 47 38 34 29 19 28 43 24 23 15 35 49 50 44 39 24 43 57 22 54 28 65 55 40 58 43 35 42 40 49 17 8 5 5 2 1 1
2 0 0 1 0 0 0 0 0 0 0 0 0 0 0 0 0 1 1 2 5 6 3 2 7 9 33 26 17 13 7 5 1 0 0 0 0 1 1 1 2 3 5 5 7 10 10 25 11 16 22 24 24 31 27 35 35 43 58 45 30 30 38 27 18 14 27 30 15 20 11 9 8 5 27 6 25 64 36 31 11 25 61 61 38 38 56 32 36 15 20 8 3 4 2 2
2 1 1 0 0 0 0 0 0 0 0 0 1 0 0 0 0 1 1 3 7 8 9 3 4 12 15 32 13 6 4 2 1 0 0 0 1 1 2 2 3 5 5 6 10 12 15 17 26 20 26 26 34 52 30 32 40 40 42 46 41 53 49 45 30 16 31 28 35 21 26 18 15 12 43 12 9 15 19 19 11 5 59 72 51 52 60 61 33 28 24 16 11 12 3 1
2 2 1 0 0 0 0 0 0 0 1 1 1 1 0 0 0 0 1 2 3 8 18 8 4 14 14 36 17 8 2 1 1 0 0 1 1 1 3 3 3 5 6 8 13 16 31 21 30 44 33 45 40 43 39 35 35 39 63 49 57 43 36 52 47 25 20 23 24 16 50 16 10 23 21 30 23 46 37 30 29 19 14 50 56 62 72 54 28 20 9 10 8 3 2 3
7 3 1 0 0 0 0 0 0 0 0 1 1 2 1 0 1 1 1 1 6 9 8 17 3 8 13 24 16 10 6 3 2 0 0 1 1 1 4 3 4 6 7 12 22 23 42 35 28 21 50 71 75 46 44 21 33 36 54 39 63 45 36 33 32 24 14 20 15 42 11 14 10 13 17 9 17 23 27 23 21 19 25 24 45 33 17 40 32 16 12 6 3 4 3 2
3 1 1 0 0 0 0 0 1 0 0 1 2 2 2 1 1 2 1 2 5 8 13 20 10 11 21 31 22 14 11 4 2 1 1 1 3 2 3 5 6 7 9 21 26 36 43 43 43 36 38 55 61 59 42 21 31 39 26 47 60 53 15 57 15 26 24 18 14 28 10 8 7 23 26 17 26 37 59 37 52 28 30 27 24 16 26 25 16 17 7 4 3 2 2 1
1 0 0 0 0 0 0 0 1 1 1 1 2 4 5 2 1 2 4 8 9 4 17 37 22 19 30 31 20 23 13 4 3 1 0 2 3 2 2 4 8 8 12 18 28 39 45 46 50 51 44 57 68 61 50 20 30 44 43 38 46 48 13 31 31 26 34 13 19 17 6 13 19 17 13 12 14 26 33 17 34 45 51 27 31 20 16 19 12 5 5 6 5 4 3 1
1 0 0 0 0 0 0 0 1 1 1 1 3 5 7 4 1 3 4 19 16 5 15 34 31 12 9 58 43 17 12 6 2 1 0 2 4 4 3 8 9 16 15 23 33 30 49 54 57 66 47 61 66 49 52 17 27 32 39 43 38 34 31 31 35 31 22 22 16 7 10 13 16 16 16 13 15 34 27 23 29 27 58 54 35 40 33 15 7 5 4 2 4 3 2 1
0 0 0 0 0 0 1 1 1 2 4 3 2 5 11 11 3 2 5 12 19 11 16 31 47 16 18 59 27 26 20 8 4 0 1 3 4 3 8 6 14 21 18 26 28 32 61 58 59 61 61 53 42 50 76 35 17 36 50 33 25 19 15 35 29 24 21 26 16 6 9 9 16 17 25 25 31 59 46 43 36 35 41 40 43 49 29 22 16 10 5 5 4 2 1 0
0 0 0 0 0 0 1 1 1 2 4 4 3 7 14 15 4 3 16 14 16 23 20 39 57 59 47 55 42 33 19 6 2 1 1 3 5 5 7 15 10 22 32 27 20 30 53 61 63 59 62 65 57 54 74 47 44 16 31 57 34 30 17 16 13 28 23 24 7 6 6 19 16 13 17 21 29 70 55 45 54 27 26 26 29 30 35 29 11 8 7 4 3 2 2 1
1 1 0 0 0 0 1 1 2 3 6 10 9 11 12 23 8 4 13 16 18 25 28 43 63 75 47 61 30 22 18 6 1 1 1 1 4 15 7 10 21 16 30 27 30 50 53 49 63 65 61 60 69 77 77 69 24 13 36 45 48 26 18 17 17 11 6 6 6 6 26 14 8 26 12 19 16 37 33 42 32 41 57 37 22 17 11 10 11 9 5 3 3 2 1 0
2 1 0 0 0 1 1 2 4 7 9 9 17 9 19 29 11 12 8 29 37 34 28 47 61 53 36 24 15 14 7 4 1 1 1 2 5 12 16 10 15 29 12 49 34 42 57 47 49 74 66 43 67 70 67 71 57 18 14 17 30 35 23 17 10 6 2 1 3 7 37 16 18 26 83 64 40 42 38 47 55 61 44 50 39 37 21 18 15 8 5 2 1 1 0 0
1 0 0 1 1 1 2 3 3 8 12 13 23 9 23 30 16 26 11 21 48 42 59 41 66 50 27 20 12 9 6 2 1 1 3 2 3 7 15 17 27 18 20 26 58 37 39 52 62 77 68 57 46 46 51 72 73 19 15 21 24 18 16 11 6 7 4 2 11 18 7 23 48 57 65 69 55 60 48 62 69 54 39 19 25 20 24 20 9 8 5 1 1 1 0 0
0 0 0 1 1 2 3 5 6 6 14 17 33 20 29 37 18 28 35 20 27 45 35 76 52 55 21 15 13 5 1 1 2 2 4 5 6 3 5 4 9 19 31 57 37 44 57 57 53 57 66 69 36 34 28 28 57 44 23 12 15 11 6 3 2 1 3 8 8 18 11 7 14 42 15 46 81 79 71 69 74 50 32 30 25 10 9 8 11 8 1 1 1 1 1 0
0 0 1 3 5 2 4 5 9 11 15 19 28 38 24 47 20 23 43 38 37 57 33 63 67 31 13 9 3 2 4 5 4 2 6 6 5 6 5 14 13 17 27 46 66 44 38 54 45 63 55 55 50 43 27 33 22 44 25 11 13 8 9 6 6 2 2 10 7 14 16 19 29 20 19 19 45 57 67 51 31 32 27 26 16 12 10 7 4 2 1 1 0 0 1 0
1 0 1 5 5 3 4 7 6 12 19 25 30 38 40 65 28 26 46 50 47 61 81 56 35 36 25 13 8 6 9 7 6 3 2 6 5 8 13 13 16 23 29 41 45 63 43 40 51 53 53 44 55 47 33 19 12 25 16 12 6 7 7 6 7 3 2 14 8 9 17 21 66 42 38 30 21 13 40 50 43 19 17 14 17 11 4 2 1 1 0 1 1 1 2 1
1 0 1 5 6 6 4 10 7 14 34 28 28 32 67 65 32 34 35 51 49 65 80 29 48 37 17 15 19 17 19 21 9 7 3 7 6 10 21 11 17 32 46 49 40 54 42 63 47 54 62 75 40 23 23 20 26 6 4 27 8 5 13 8 4 3 9 26 10 10 13 54 73 50 37 28 29 31 24 33 37 24 16 15 15 11 4 3 2 1 1 1 2 2 2 2
1 1 2 7 8 8 5 16 17 19 39 30 50 46 49 60 66 48 58 42 59 54 83 71 45 27 26 29 22 30 32 28 11 6 4 2 9 17 10 20 29 32 54 63 67 50 63 25 14 21 60 19 39 28 32 17 5 3 3 5 8 2 6 4 2 3 17 8 8 10 8 12 8 21 32 25 28 32 24 23 25 13 19 17 18 16 10 11 4 2 1 2 2 3 4 3
1 1 2 9 10 17 6 17 25 24 22 35 27 57 60 35 33 70 51 51 45 67 72 49 41 35 35 37 42 60 31 13 7 7 8 3 6 8 30 26 32 41 47 69 47 66 51 43 29 44 45 8 50 55 34 11 15 9 7 2 16 1 3 2 1 3 4 26 14 6 17 45 33 43 40 33 30 36 36 42 31 27 25 21 17 22 21 5 4 1 1 3 3 3 5 1
1 4 4 9 15 20 10 11 17 32 39 45 27 25 45 68 35 27 75 69 41 64 75 52 57 30 58 75 54 30 18 16 12 9 5 2 5 4 13 23 29 58 59 45 32 50 44 55 56 56 36 25 40 57 43 38 18 5 4 3 9 2 2 2 1 4 7 5 4 4 15 25 27 32 43 48 33 33 24 32 16 12 15 34 30 25 11 5 2 2 4 4 4 7 7 2
2 6 10 12 16 15 20 17 19 14 25 48 21 19 43 58 61 52 17 39 46 66 49 47 38 65 48 30 31 20 23 24 17 6 7 3 7 11 18 18 14 38 40 28 38 43 47 37 53 51 47 35 58 50 31 21 7 11 2 3 3 4 1 1 3 4 1 7 12 15 14 26 39 38 36 46 31 28 22 30 40 30 45 32 25 16 16 6 3 4 4 5 10 9 7 3
3 7 11 12 17 28 24 36 30 25 18 31 61 23 49 44 48 66 46 23 36 68 26 50 78 39 36 40 39 36 28 14 6 8 10 6 9 14 21 17 25 40 32 23 43 49 24 22 50 43 19 15 25 21 26 6 10 4 8 1 2 3 3 1 12 15 4 17 22 12 34 32 48 53 57 57 43 31 37 38 45 37 45 28 26 22 8 5 3 5 5 6 11 17 4 3
5 10 14 7 11 41 45 36 32 29 48 32 40 63 38 42 52 24 67 37 37 42 76 59 47 53 55 54 51 45 23 10 7 8 17 6 8 16 29 34 34 44 49 44 45 27 31 37 22 25 21 17 18 17 13 12 7 6 5 6 1 0 2 8 8 3 6 9 23 17 36 29 34 54 62 46 39 49 39 41 45 45 31 34 23 11 4 4 7 7 11 11 16 15 6 3
9 16 15 11 15 32 34 49 55 31 43 52 48 51 65 40 54 30 26 52 26 29 67 66 62 55 50 53 52 27 25 20 15 6 12 4 7 11 21 42 46 49 32 45 38 46 33 29 31 39 24 14 15 17 17 13 5 3 3 5 2 1 3 1 2 11 16 13 7 14 28 27 41 34 41 67 39 40 21 21 24 25 40 29 19 12 7 5 8 8 12 9 30 11 8 6
9 12 20 15 18 22 33 35 40 50 60 52 49 53 73 66 31 25 32 29 57 60 67 56 63 67 63 59 53 39 28 23 17 8 17 5 6 13 23 37 45 59 56 52 49 45 41 51 27 28 27 19 12 15 13 15 10 3 1 1 1 1 2 2 3 1 1 1 3 24 17 22 36 37 43 32 26 13 11 30 43 39 16 27 33 20 7 11 9 14 11 10 32 11 9 8
12 23 27 27 29 22 24 42 48 48 65 63 62 53 63 66 45 43 32 36 32 61 63 61 44 57 55 55 39 48 40 28 19 17 23 3 14 23 26 28 20 53 61 57 46 51 53 40 29 46 45 40 11 14 18 11 4 3 1 0 1 1 4 1 2 3 6 8 8 11 14 17 21 21 39 14 17 21 15 50 43 20 32 30 29 34 15 20 20 11 11 7 22 12 10 8
14 20 47 31 36 33 30 46 53 51 50 62 57 56 72 49 52 58 40 33 32 51 49 43 42 54 57 53 51 36 32 29 37 29 8 2 15 32 39 43 37 52 65 50 47 53 35 25 37 57 45 35 30 16 18 9 5 4 1 1 1 1 2 1 3 6 16 18 11 20 20 32 21 16 12 18 35 46 26 47 43 42 32 27 22 23 30 24 12 14 12 4 15 21 4 5
18 12 37 47 37 37 32 49 55 52 48 49 61 69 66 60 50 62 42 26 36 75 51 66 46 52 59 64 52 38 45 45 35 20 12 7 9 24 52 64 58 58 46 61 43 47 34 27 37 25 19 17 22 26 9 4 3 3 1 2 2 1 1 2 5 8 14 12 22 10 21 14 9 12 15 43 38 48 57 17 35 35 41 42 29 22 43 31 15 18 9 10 21 15 6 10
18 16 29 54 53 40 47 53 51 53 55 45 56 68 65 50 45 32 42 25 36 64 55 69 52 51 52 46 51 39 61 38 27 19 20 12 17 29 40 54 72 71 63 50 59 27 26 39 26 18 17 18 16 12 37 9 2 3 2 2 1 2 3 1 2 3 21 19 11 7 8 13 14 26 23 47 45 52 35 42 39 22 44 37 28 36 39 22 30 15 8 10 33 13 9 13
26 50 41 46 54 42 37 54 55 48 59 44 25 35 67 69 59 38 33 49 34 75 75 41 52 61 39 42 39 52 44 44 36 14 17 12 17 40 42 45 46 57 50 65 46 45 23 37 41 16 25 28 22 20 14 5 5 2 2 1 1 2 2 3 3 5 24 4 9 3 11 24 42 18 28 49 32 32 48 42 13 20 41 45 48 39 30 18 26 19 10 14 27 24 17 16
28 36 55 59 57 42 42 53 49 46 46 52 42 44 48 61 53 20 29 51 30 70 55 55 55 44 24 44 38 46 57 46 49 26 18 15 20 42 40 53 66 51 33 59 28 46 35 24 35 31 44 31 26 16 11 4 4 1 1 2 1 1 7 3 1 12 5 4 17 15 32 25 22 35 30 19 31 57 31 15 12 38 56 43 45 47 26 20 16 17 25 17 16 36 20 18
42 52 51 57 58 46 53 50 51 45 29 44 43 54 48 51 50 50 60 65 53 60 44 49 44 55 45 47 60 36 54 59 45 33 35 12 19 40 62 52 56 49 51 44 40 31 48 14 26 25 32 26 20 9 10 5 6 3 2 1 1 2 0 2 2 6 5 11 13 12 12 25 44 56 29 23 52 46 40 27 28 38 15 21 43 52 25 23 18 27 27 17 14 56 23 33
43 50 44 46 18 36 62 41 52 51 39 37 51 56 42 52 38 61 51 66 57 48 59 39 39 49 70 62 36 49 45 53 53 33 30 13 19 44 43 52 48 39 56 54 53 29 16 54 21 48 23 21 10 18 7 11 3 3 2 1 0 3 5 5 1 3 5 13 19 10 9 28 59 46 25 47 39 26 29 74 56 24 29 45 32 25 31 14 19 27 28 21 31 62 45 39
45 34 21 11 11 20 59 40 26 32 38 25 30 52 66 61 26 26 57 43 53 50 59 57 20 50 67 42 37 51 35 61 60 51 25 5 15 35 41 54 44 40 46 55 59 44 20 13 5 6 28 28 7 13 8 13 5 3 1 1 1 3 2 6 4 3 5 5 15 11 15 41 49 23 30 50 44 8 42 40 27 42 58 49 34 29 25 9 29 29 32 22 44 82 53 32
46 48 34 34 34 27 34 55 19 23 17 37 31 40 61 49 64 24 35 54 57 62 65 71 49 25 49 53 46 32 60 50 51 43 25 11 10 22 46 59 24 43 61 56 48 30 27 23 20 18 13 14 22 6 2 2 2 1 1 0 1 1 1 1 3 2 4 2 4 7 25 21 30 41 25 28 16 17 33 27 32 52 53 37 29 13 10 9 21 28 30 28 49 67 52 18
58 44 49 44 28 34 28 30 36 35 26 56 34 38 32 36 54 57 48 62 63 54 64 51 18 30 43 37 36 45 61 55 31 32 40 20 16 14 29 40 11 23 29 29 30 22 21 16 47 34 19 13 8 4 4 2 1 6 0 0 0 1 2 1 4 5 3 2 10 17 7 15 9 21 21 26 7 42 33 55 34 32 23 25 27 17 12 22 23 35 33 41 49 69 21 16
38 39 46 39 43 28 22 38 57 55 21 23 45 42 19 19 16 31 52 54 23 27 33 33 42 12 41 56 27 59 46 45 43 32 43 19 31 10 27 44 44 19 25 29 15 19 8 4 9 17 8 26 19 8 3 0 0 0 0 0 0 1 1 2 3 4 2 8 10 5 9 10 15 19 7 14 37 48 63 28 29 31 36 43 26 15 12 25 36 36 34 27 59 70 51 16
39 58 44 43 43 41 30 43 57 41 39 24 18 33 40 22 36 25 16 40 19 34 54 46 35 26 42 26 28 57 48 53 37 19 36 19 23 18 10 30 30 48 38 22 17 24 21 9 14 19 23 19 7 7 4 2 1 1 0 0 0 0 1 1 2 1 4 9 12 15 9 11 8 6 25 31 25 39 42 26 23 30 36 30 23 20 15 32 38 27 35 37 22 44 54 20
43 43 41 33 43 56 28 38 41 46 38 33 41 26 15 40 34 20 28 37 49 17 14 25 24 45 39 56 30 35 52 41 30 50 28 16 21 30 13 33 41 48 53 19 21 37 20 7 15 21 7 12 5 6 5 1 1 1 0 0 0 0 0 1 1 2 5 2 2 3 7 5 17 34 16 19 19 20 21 20 13 21 25 32 28 20 15 25 42 25 38 28 35 34 37 24
38 38 56 39 51 59 20 32 43 49 43 34 45 38 51 31 51 63 28 37 46 15 25 28 34 58 51 68 34 38 42 43 53 27 21 14 15 44 17 19 34 46 28 28 33 32 7 5 42 61 11 12 8 3 2 2 4 1 0 0 0 0 0 1 1 1 1 2 6 9 13 18 8 15 11 8 9 24 18 16 25 44 24 23 29 14 24 25 41 22 28 9 4 13 42 60
38 45 54 51 44 37 21 31 45 51 46 32 25 26 44 53 34 21 31 30 24 10 22 18 43 42 65 44 43 60 57 49 33 32 13 5 6 44 18 17 22 30 27 26 27 24 1 10 18 18 23 13 8 1 1 0 0 0 0 0 0 0 0 0 0 0 1 2 9 20 25 26 13 8 6 11 40 36 19 21 34 28 28 41 10 16 28 34 32 18 9 6 17 20 19 41
43 25 28 52 41 48 36 15 41 42 49 35 36 21 35 27 39 16 18 17 9 22 22 25 23 46 36 52 57 74 50 55 42 40 29 3 25 39 16 17 27 14 24 23 20 15 4 10 9 11 13 7 8 6 4 1 1 1 1 0 0 1 0 0 0 1 2 11 4 7 13 7 5 7 15 25 32 20 15 43 38 31 37 14 14 31 52 24 9 6 11 24 17 51 32 42
38 11 31 45 53 43 45 25 18 31 40 24 30 27 38 42 24 17 27 19 4 20 63 31 28 31 20 31 38 47 51 54 36 21 26 13 26 18 24 19 33 26 21 27 30 20 11 8 6 8 8 12 4 5 2 1 1 1 1 1 0 0 0 0 0 3 1 3 4 3 9 16 9 21 20 26 31 32 29 44 35 21 15 9 30 47 13 6 7 14 17 32 43 37 41 28
33 16 17 13 40 43 52 30 5 20 34 22 27 20 54 38 20 6 12 16 6 23 36 22 23 10 32 44 47 41 50 37 40 32 19 16 18 16 18 13 5 22 18 34 24 26 28 37 24 20 10 21 7 3 1 0 1 0 0 1 1 0 0 0 2 3 1 2 2 2 5 17 23 38 15 14 37 42 27 24 14 26 7 23 30 12 3 13 17 24 28 27 34 46 45 29
42 27 33 10 38 50 46 28 8 6 6 28 32 20 23 30 12 17 14 25 20 7 18 29 18 16 36 47 44 35 31 27 41 31 26 28 33 10 23 17 7 12 14 21 32 16 11 8 8 7 5 9 3 1 2 5 3 1 1 0 0 0 0 2 1 1 1 1 3 1 4 15 21 24 20 22 46 40 36 27 16 11 24 26 16 4 11 26 23 21 29 24 34 37 36 35
53 22 36 10 17 40 27 12 9 8 10 12 18 40 27 27 15 13 9 18 10 17 33 18 19 34 20 39 42 39 26 37 25 17 31 28 21 18 15 23 15 10 13 14 18 14 26 12 9 14 18 10 3 2 1 2 2 1 1 1 1 1 0 1 1 0 0 1 1 3 5 12 20 23 19 19 20 22 46 16 11 12 21 8 9 25 25 25 24 24 24 19 14 11 22 37
39 21 35 16 13 39 28 31 22 20 12 14 21 30 31 35 33 19 9 12 7 9 14 21 32 27 42 54 44 25 29 32 18 15 49 29 18 19 15 7 7 10 13 21 17 18 28 13 17 11 15 5 10 3 1 1 8 2 0 1 1 0 0 0 0 1 0 1 2 2 3 9 18 22 21 9 18 35 29 37 30 15 6 10 12 16 16 33 31 20 30 19 16 11 15 5
30 21 33 25 18 23 13 32 15 15 16 13 20 17 13 23 16 13 10 11 17 6 9 32 27 35 33 32 34 28 30 29 29 18 39 26 25 16 30 10 20 22 8 11 20 28 33 19 23 22 10 4 8 2 2 3 4 1 1 1 0 0 0 0 1 1 3 4 1 1 5 8 5 12 15 10 28 49 70 30 17 9 3 11 8 37 26 19 24 27 46 38 16 13 16 6
43 21 32 22 15 13 8 24 32 19 18 18 15 16 12 22 12 10 5 4 10 4 11 21 30 20 31 39 30 30 24 27 21 33 34 25 35 51 18 12 13 13 16 11 31 15 22 27 14 14 16 11 4 3 4 3 6 1 1 0 0 0 0 0 0 1 4 4 1 2 3 4 12 22 8 39 41 39 29 33 11 3 8 18 18 21 29 15 25 38 31 36 12 10 14 6
41 23 46 26 10 13 20 13 37 16 28 24 12 8 11 8 7 9 7 5 1 11 11 9 14 14 36 27 18 25 28 11 21 40 17 47 20 49 30 12 25 11 24 16 31 30 24 23 11 19 14 6 4 6 4 3 2 1 1 1 0 0 0 0 0 1 2 2 2 3 2 2 8 11 38 30 17 31 23 29 16 9 11 23 37 23 25 31 35 24 26 17 13 9 11 5
34 21 49 26 9 8 44 23 21 16 18 24 10 15 11 9 8 12 10 4 2 3 1 2 7 9 37 40 34 21 13 11 20 39 31 18 30 27 26 13 23 6 19 7 19 27 31 26 12 19 10 12 4 3 7 4 3 1 1 1 0 0 0 0 0 0 1 3 5 2 3 6 16 31 27 12 13 50 30 17 15 11 21 13 33 32 18 26 25 23 18 10 32 11 8 3
50 19 38 15 8 12 22 21 16 38 32 17 16 10 9 9 12 9 6 6 1 2 2 9 17 21 24 25 27 17 9 11 35 24 33 22 43 19 15 15 24 6 19 14 14 22 41 21 13 18 16 13 4 2 5 4 2 1 1 0 1 0 0 0 0 0 0 2 1 2 3 8 10 9 12 12 17 36 24 5 6 14 30 27 30 26 9 18 38 30 15 9 22 5 7 5
48 21 35 14 8 14 15 41 19 33 47 32 11 6 5 11 17 9 2 3 1 3 3 9 6 9 9 20 10 8 17 12 57 31 35 33 33 14 9 30 14 10 11 34 39 21 22 18 26 16 11 9 7 4 3 2 3 1 1 0 0 0 0 0 0 0 0 1 2 2 3 3 7 7 19 17 31 32 29 7 5 25 30 29 27 26 8 14 24 23 8 8 7 9 10 8
62 50 11 24 10 11 26 37 23 18 31 22 32 5 12 25 12 9 3 3 2 1 3 2 4 5 23 11 16 16 15 29 6 15 8 21 17 10 6 30 11 9 2 16 57 24 15 23 22 14 11 8 5 3 7 6 4 2 1 0 0 0 0 0 0 0 0 1 3 1 3 4 11 8 20 32 15 30 24 10 9 31 19 16 20 13 17 17 10 14 21 8 6 14 9 6
43 14 12 20 10 9 38 32 34 13 8 15 32 3 6 5 4 7 3 6 1 1 3 7 10 9 8 18 17 11 32 12 22 12 25 21 13 16 8 19 7 18 8 14 39 38 20 18 23 19 12 9 4 4 2 2 2 1 1 1 0 0 0 0 0 0 0 1 2 2 8 14 17 16 31 52 5 37 16 15 15 15 20 10 12 9 19 26 14 8 15 9 7 7 9 7
42 16 6 21 15 15 27 5 16 26 5 8 21 9 2 5 4 3 2 3 2 4 13 4 6 6 11 27 13 21 14 21 35 51 28 19 41 12 21 27 9 9 12 18 26 23 15 37 16 12 8 8 9 4 1 1 2 1 1 1 0 0 0 0 0 0 0 0 1 2 4 7 20 35 26 9 18 34 25 10 8 13 26 8 15 18 21 11 18 11 6 11 11 7 4 5
43 6 12 19 11 12 17 3 4 4 10 21 6 10 3 3 2 2 1 2 2 2 2 5 4 5 6 10 15 20 10 17 30 18 11 35 13 9 37 13 18 24 18 18 25 21 16 12 18 6 4 3 6 6 2 1 1 1 0 1 0 0 0 0 0 0 1 1 1 4 4 12 16 9 23 14 23 16 8 4 6 21 19 20 11 14 16 11 8 12 11 6 4 9 2 2
44 6 10 22 10 23 19 8 3 5 12 14 20 14 3 2 3 3 3 1 1 1 3 7 3 2 7 23 11 10 8 28 8 16 40 6 11 13 22 10 20 19 14 35 35 30 21 9 11 9 4 3 6 5 4 2 1 0 0 0 0 1 0 0 0 0 1 1 1 4 7 20 17 13 3 14 28 6 9 7 10 15 20 16 9 12 10 9 4 13 7 13 5 2 1 1
24 7 10 28 6 17 26 16 6 6 4 15 5 8 8 1 2 1 1 2 2 1 1 2 1 2 10 15 19 4 29 4 7 26 22 9 17 21 30 18 5 26 24 32 42 27 15 4 7 15 9 2 1 2 3 3 1 1 0 0 0 0 0 0 0 2 5 2 1 2 10 26 18 10 4 20 19 11 9 7 9 14 15 16 15 8 3 10 5 11 7 2 6 1 2 3
20 7 7 20 5 14 20 5 4 6 8 10 3 5 5 3 1 1 3 0 1 0 1 1 1 3 29 7 10 4 22 13 4 36 14 7 16 47 24 15 8 23 27 32 12 24 11 9 4 3 4 6 2 1 1 2 1 1 0 0 0 0 0 0 1 2 2 4 6 9 16 23 16 3 6 19 11 5 5 8 10 8 18 5 7 6 4 4 6 3 7 2 2 4 3 2
39 9 19 9 3 22 7 4 5 4 10 3 8 3 1 2 1 1 0 0 1 4 1 0 1 2 9 5 2 16 8 6 20 20 17 6 13 45 44 20 8 17 17 33 27 17 6 7 5 2 2 2 2 2 1 0 1 0 0 0 0 0 0 5 12 12 17 24 17 37 24 28 15 2 23 32 5 5 6 9 7 9 14 6 12 11 2 3 5 3 3 1 2 1 1 2
32 20 2 3 2 12 3 4 9 9 6 5 5 3 1 1 0 0 1 1 1 1 0 1 1 5 4 2 8 2 5 18 17 8 9 15 26 50 35 12 11 21 16 21 14 8 13 11 4 4 3 1 2 2 1 0 0 0 0 0 1 0 1 1 1 1 9 20 32 49 58 36 3 14 21 32 9 1 4 18 7 17 7 9 5 14 1 5 5 3 3 1 5 1 2 1
21 3 2 3 3 5 1 3 5 7 2 6 8 3 1 0 1 0 0 0 1 1 0 1 1 6 1 5 7 1 14 19 5 4 15 12 5 46 30 5 8 12 10 14 16 9 6 5 3 2 2 1 1 1 1 0 0 0 0 0 1 1 2 2 3 3 14 55 61 48 41 3 7 15 27 35 23 4 10 10 8 7 7 8 8 10 1 2 4 3 4 2 2 1 1 1
