sesion_6_simulaciones/modelos_agentes/ejemplos_netlogo/scenarios/cgcm2_a2/rob_2038.asc
NCOLS 322 
NROWS 307 
XLLCORNER 451900 
YLLCORNER 4086900 
CELLSIZE 100 
NODATA_value -9999 
[rows 73 to 145 of 307, columns 96 to 191 of 322]
32 29 24 21 54 32 60 79 46 39 36 52 60 62 7 3 13 18 15 6 16 35 24 10 6 10 8 10 8 5 2 0 2 4 0 1 3 4 8 8 7 6 20 5 6 5 8 25 5 7 11 16 27 43 33 31 17 24 44 46 36 71 66 67 59 63 44 41 52 69 65 53 55 67 50 28 75 56 60 77 45 44 38 40 66 65 37 18 14 9 4 3 2 0 1 1
28 61 40 22 22 25 25 52 23 24 18 64 34 73 66 50 14 7 9 14 49 48 27 14 16 5 5 1 5 9 3 4 4 9 4 2 2 2 7 2 2 2 6 1 2 6 8 1 2 7 5 17 40 24 24 12 19 27 44 29 24 74 64 48 57 61 38 52 63 65 55 66 51 66 39 40 54 63 45 41 23 45 61 51 33 16 16 18 11 13 9 8 8 4 1 0
33 37 32 23 16 21 29 43 25 38 44 33 18 28 35 58 37 41 51 65 88 55 53 35 12 18 4 3 6 2 5 35 11 10 13 8 3 2 2 1 3 11 15 7 19 11 9 26 33 5 6 4 7 25 7 10 22 40 28 16 37 39 65 52 57 40 36 46 60 68 42 78 44 52 46 31 55 31 23 51 51 44 21 22 30 28 23 20 29 25 31 28 15 9 3 1
45 29 25 25 18 32 17 47 23 45 52 19 26 48 39 31 42 66 47 68 75 79 72 65 20 12 8 3 5 7 23 35 23 14 15 14 14 4 7 9 3 3 5 2 4 18 5 17 13 14 4 3 6 5 8 11 17 38 18 24 25 15 45 47 51 32 50 38 72 54 30 62 52 45 51 47 28 18 71 46 33 33 52 38 54 55 50 59 60 41 42 36 22 13 8 5
47 17 36 32 23 20 25 36 30 33 70 32 34 31 35 46 69 42 66 63 81 84 60 46 52 7 6 9 18 16 27 10 24 10 21 4 27 12 7 14 4 2 2 1 5 7 23 26 16 34 27 14 10 2 3 5 18 8 10 7 18 9 36 31 35 21 43 43 49 24 20 26 52 21 44 24 27 32 58 36 48 44 41 59 74 70 76 57 54 61 36 34 21 15 10 8
45 26 34 34 42 21 28 33 14 53 71 60 41 27 47 45 51 64 79 51 51 62 69 76 35 24 30 38 51 26 25 13 19 20 3 8 11 15 13 15 12 2 2 3 8 12 28 27 12 47 39 27 30 18 15 5 6 4 8 6 12 9 5 17 10 16 19 28 21 11 15 15 43 29 15 7 32 41 35 35 58 75 83 75 77 76 52 60 63 41 41 24 17 19 16 27
59 61 23 55 61 36 14 36 15 35 31 64 48 36 39 9 46 82 52 57 56 38 64 73 40 27 66 70 64 56 62 26 6 6 7 25 28 6 10 13 19 4 3 8 10 11 22 60 55 51 43 40 46 14 36 28 23 6 3 2 8 12 5 5 7 13 11 17 5 5 17 24 23 20 52 44 17 15 43 64 69 72 69 69 60 71 70 79 57 39 34 24 20 31 45 27
81 85 65 62 24 21 16 14 14 43 22 13 49 59 16 38 75 49 37 33 49 23 14 54 61 66 72 63 71 54 78 65 23 22 26 42 19 16 3 9 26 12 5 9 18 39 18 19 59 37 46 69 51 38 51 23 29 44 30 27 28 6 25 10 6 2 11 16 20 28 17 2 4 6 13 43 50 61 33 66 66 51 74 60 56 58 71 76 59 52 45 31 61 57 21 18
64 60 73 20 15 17 26 20 17 25 26 6 14 27 32 44 24 56 56 44 37 48 12 21 61 76 71 45 37 57 43 30 54 47 43 37 50 42 12 11 38 27 5 8 26 23 13 9 29 16 59 67 42 78 62 31 56 30 17 23 41 13 23 29 21 10 21 27 48 15 25 8 7 8 15 9 19 57 58 61 41 57 74 66 47 58 78 66 60 54 53 56 71 52 23 43
75 74 63 32 30 35 41 29 15 21 33 5 18 32 38 24 23 71 51 36 44 73 43 41 65 92 63 18 41 42 30 32 12 17 72 46 23 20 17 28 51 40 16 10 19 18 16 23 23 48 50 77 77 81 58 56 57 37 49 31 46 32 28 24 21 26 12 16 41 19 44 56 39 28 16 20 20 13 46 71 79 46 65 61 43 77 62 45 57 71 58 75 52 45 35 64
33 51 71 66 13 14 35 36 46 27 24 9 27 55 39 13 23 82 35 53 45 44 32 68 47 56 34 46 57 44 33 33 18 49 84 62 42 19 14 41 24 10 21 8 15 11 13 19 22 31 27 70 65 82 64 61 74 42 59 56 45 49 25 23 26 15 43 17 37 48 65 63 43 21 27 13 14 26 18 65 60 58 32 60 74 39 48 51 63 53 60 49 34 43 44 82
19 26 36 46 57 14 27 17 15 42 37 17 25 48 41 25 36 79 48 47 28 20 73 74 66 56 28 62 59 45 22 12 57 88 85 82 73 33 42 45 35 6 19 12 17 27 24 17 25 9 6 33 75 86 60 67 56 57 77 69 51 36 22 13 44 22 58 41 34 54 69 63 25 16 24 23 30 30 24 30 66 78 72 49 27 62 72 72 62 72 30 49 48 65 47 77
13 21 35 23 45 48 35 35 17 31 50 14 28 56 38 49 40 52 59 70 66 21 45 52 81 70 65 68 67 71 44 79 88 79 76 86 80 42 34 53 30 10 21 17 19 27 29 19 25 18 23 37 76 80 57 47 52 82 77 77 49 21 36 45 61 44 74 65 54 34 73 52 56 41 38 29 28 35 28 26 40 73 62 74 70 39 68 31 69 37 35 59 46 77 48 62
12 7 5 5 15 34 15 8 14 23 29 17 39 62 44 17 36 31 54 67 75 66 32 39 42 47 74 86 60 60 78 86 86 72 78 77 63 76 53 57 36 56 39 45 22 34 43 48 33 33 23 41 66 89 69 49 78 68 82 72 49 36 35 42 75 54 69 66 57 38 62 50 37 13 30 19 9 27 31 20 11 58 73 65 48 82 58 56 59 57 57 68 73 77 78 45
7 4 0 2 13 13 3 7 11 20 10 26 59 51 18 10 21 27 54 58 70 87 57 32 28 39 77 77 84 43 84 71 69 70 88 83 64 77 52 60 49 85 36 64 42 35 34 25 27 26 23 18 46 82 69 77 66 78 89 66 42 43 52 66 70 55 63 62 50 17 22 30 50 42 47 26 14 25 31 40 49 14 61 68 63 75 83 86 92 73 85 87 75 44 78 34
12 11 3 2 12 8 5 10 15 10 16 27 40 45 17 6 46 42 35 42 50 64 77 74 56 39 61 71 83 79 76 86 83 56 58 46 50 75 32 43 88 74 54 38 24 40 27 38 47 52 52 26 33 62 60 68 68 81 82 66 60 71 69 71 76 40 59 66 51 25 23 43 57 50 32 59 22 17 28 37 44 30 20 60 66 85 77 52 53 67 67 83 75 46 58 68
15 6 5 2 5 4 3 19 10 9 8 16 58 32 12 6 39 24 37 48 50 64 71 69 72 47 51 28 48 74 64 70 75 66 66 63 48 39 53 86 51 70 36 21 30 55 41 47 54 59 47 44 28 33 31 53 67 72 81 62 49 60 60 82 78 52 59 75 32 12 14 38 33 41 77 57 27 28 13 41 33 50 49 19 56 78 77 74 74 67 49 47 63 42 27 48
8 7 3 2 2 1 1 10 10 4 18 35 54 50 11 5 21 6 24 63 61 64 31 43 68 54 55 43 69 90 84 79 56 69 52 35 41 32 66 43 41 39 20 51 77 54 47 51 41 33 32 31 27 25 11 17 50 66 81 50 67 63 83 88 87 51 76 62 51 28 17 29 52 68 86 35 26 58 21 34 35 44 57 40 18 63 67 51 33 48 44 42 33 46 45 42
17 13 6 3 2 1 1 2 8 10 14 43 27 18 28 9 28 6 3 18 24 56 36 35 34 22 42 60 81 89 70 76 80 75 68 42 23 35 76 23 53 56 67 75 77 53 69 31 24 33 62 59 66 63 58 26 11 8 41 50 53 66 81 87 87 61 90 66 64 53 28 31 50 86 69 28 55 52 24 22 43 52 54 46 35 12 31 53 44 45 28 42 63 70 57 55
8 7 3 2 2 1 1 0 4 11 18 21 20 7 8 4 28 10 4 27 23 29 20 29 38 34 29 58 33 62 66 64 66 58 19 31 44 46 52 28 66 66 82 69 62 42 75 65 71 54 58 54 54 37 44 17 8 8 11 37 63 84 76 86 79 54 79 74 41 32 36 56 49 70 41 49 74 55 49 62 47 55 43 42 47 32 10 19 23 30 47 58 65 67 64 53
4 3 3 3 2 2 2 1 1 3 10 17 18 13 6 3 26 7 3 14 10 13 15 24 17 36 37 44 32 11 28 33 27 21 44 48 66 79 54 52 31 67 92 62 39 75 68 57 74 55 58 47 32 39 39 45 26 12 13 58 80 75 85 88 84 81 77 83 68 29 46 37 41 20 30 70 62 28 45 30 40 42 40 39 47 35 42 19 7 32 51 69 76 69 65 40
6 3 8 11 6 4 4 4 2 3 7 12 8 7 6 3 12 5 2 6 11 9 7 9 12 25 27 30 30 22 9 8 14 36 40 72 81 57 60 69 48 83 88 60 72 67 63 40 84 60 71 57 66 71 71 55 37 15 18 30 72 65 84 84 79 72 78 83 73 47 31 46 51 46 50 55 64 80 37 43 29 26 47 40 28 45 59 53 20 20 26 24 36 44 45 37
23 17 12 20 17 12 11 11 5 1 3 4 4 5 4 4 4 3 2 4 4 6 3 4 9 13 19 19 22 36 7 9 15 35 78 83 63 44 69 75 64 73 80 65 58 68 61 53 81 67 55 70 58 66 67 54 38 19 13 16 21 62 78 80 73 65 81 74 50 20 30 58 31 52 73 65 73 45 22 61 31 34 43 43 70 52 33 39 48 46 39 16 9 10 17 19
34 17 27 26 28 19 27 13 6 6 1 1 1 2 3 2 4 3 1 2 4 5 3 3 3 4 19 15 15 7 10 5 21 73 67 69 29 60 85 69 52 53 64 27 35 83 54 77 81 77 55 70 80 54 29 31 35 38 31 18 23 38 59 69 69 65 48 55 30 26 45 46 40 59 69 77 59 42 48 57 50 27 43 74 70 67 50 45 49 51 60 54 34 12 6 12
34 36 41 24 36 30 19 17 14 12 10 4 2 1 1 1 3 2 1 1 2 1 1 2 1 3 13 23 10 7 13 3 34 58 42 27 35 75 87 73 40 45 44 33 77 67 49 53 87 85 46 53 54 70 55 33 10 19 21 30 26 34 26 37 23 46 51 49 21 40 55 53 47 46 68 61 54 60 31 15 48 45 54 67 72 56 54 47 36 43 55 47 41 19 15 5
49 35 44 47 40 26 24 27 15 16 9 9 6 3 2 1 1 2 1 1 2 1 1 1 1 3 3 16 3 4 12 4 17 37 16 24 34 54 54 59 46 48 29 68 74 30 55 89 85 77 78 35 21 29 24 29 12 15 32 42 27 38 26 17 17 30 24 23 19 49 46 63 36 60 66 59 74 38 43 29 54 30 31 37 47 67 66 49 39 30 50 42 44 37 30 12
35 24 49 52 21 28 13 14 28 20 11 11 9 7 4 1 1 0 0 0 0 0 1 1 0 1 1 2 2 16 5 2 4 6 10 35 39 52 84 62 55 41 53 56 53 48 51 89 83 74 93 69 43 56 52 30 14 10 5 17 45 27 21 13 15 28 20 16 27 38 54 60 53 28 36 37 46 42 37 46 11 56 40 51 55 64 59 62 69 49 47 49 52 59 31 21
20 38 72 49 44 25 42 23 36 29 16 13 10 3 3 3 2 2 2 2 2 1 1 1 1 0 1 1 3 14 1 3 5 3 15 36 45 14 38 35 46 38 38 53 42 46 66 86 81 81 85 85 44 29 24 20 18 22 17 3 5 14 13 13 14 19 15 17 18 37 47 62 56 58 20 32 49 41 21 24 45 31 24 53 61 59 63 70 60 72 60 69 66 59 42 34
28 44 66 43 38 35 20 24 38 26 22 16 11 9 4 6 3 4 4 4 3 5 2 1 3 2 0 1 1 7 2 3 5 5 12 16 16 20 13 7 36 47 29 22 33 74 83 83 75 66 79 79 59 44 47 54 48 30 23 8 2 11 8 6 12 10 9 13 25 36 33 44 40 37 48 44 35 53 82 80 68 70 46 51 49 50 56 65 75 64 78 72 64 63 59 51
29 59 27 32 41 30 29 17 33 29 12 8 16 8 7 5 4 5 6 6 6 5 5 4 3 3 1 0 1 3 1 2 4 7 10 10 13 17 18 7 15 51 36 14 42 56 85 76 37 32 42 67 81 73 54 49 41 28 14 6 3 12 6 3 5 7 11 21 27 36 35 40 44 59 71 73 64 82 80 76 66 49 31 24 29 52 72 65 64 69 76 76 74 76 66 59
59 24 33 29 22 33 34 20 10 14 17 20 16 14 6 8 7 8 8 13 13 7 11 6 8 4 3 1 0 2 1 1 3 5 12 13 17 16 16 5 9 19 28 10 31 37 65 38 20 23 49 56 80 74 66 47 42 30 13 10 3 4 4 2 10 8 13 32 30 34 37 37 66 72 85 70 78 70 74 54 25 18 21 41 16 45 62 59 76 84 76 61 43 37 30 25
21 28 45 65 55 40 14 9 11 28 25 21 10 19 16 15 13 18 17 17 15 14 11 11 10 5 2 2 0 0 0 1 1 4 8 24 33 17 19 7 6 6 9 3 10 19 15 23 27 40 43 66 84 74 67 65 56 40 37 17 5 3 4 2 8 13 17 14 14 25 46 49 56 61 63 66 70 60 42 32 37 26 43 47 77 50 36 64 82 72 58 59 58 54 47 44
47 57 49 17 16 23 27 12 21 34 30 24 23 22 19 29 17 22 23 28 10 24 21 16 9 5 2 1 0 0 0 0 1 2 5 10 11 17 20 10 11 8 9 3 8 15 24 57 70 71 86 68 85 81 75 56 59 34 23 13 4 4 4 1 1 4 8 18 29 26 41 66 41 48 45 61 64 25 15 29 25 32 64 57 74 50 72 58 66 58 59 61 55 61 62 54
50 30 39 36 34 21 29 16 38 37 34 35 49 31 41 35 32 43 35 23 24 25 31 9 12 6 4 1 1 1 0 0 0 1 3 5 13 26 25 7 4 7 7 4 8 19 48 34 64 67 62 54 90 83 76 48 30 20 13 5 4 1 1 0 0 3 11 29 40 28 36 59 50 35 30 42 27 32 53 50 29 61 64 57 69 76 59 55 57 55 47 56 60 67 59 73
28 25 17 15 13 12 7 24 44 39 41 56 43 47 47 46 51 24 20 44 30 37 30 12 7 5 5 3 2 2 1 1 0 1 2 2 2 10 16 8 5 5 6 7 16 20 10 24 45 79 47 65 81 64 69 56 35 18 7 4 3 2 0 1 0 2 9 17 43 28 33 13 26 38 29 43 47 49 44 41 40 65 60 55 64 62 35 60 34 43 57 66 67 47 75 76
16 24 35 40 34 19 17 28 43 61 57 55 43 52 69 67 42 28 28 54 37 21 19 14 8 5 6 5 3 2 2 1 1 0 2 3 1 1 1 1 2 3 4 6 12 11 15 27 71 26 23 52 85 66 50 28 21 15 14 9 3 2 0 0 0 1 6 10 18 24 24 18 38 29 37 46 60 72 69 67 62 83 60 42 41 49 60 78 71 48 52 57 49 56 62 56
30 51 35 58 28 27 30 47 46 62 61 28 30 55 53 41 33 33 47 67 31 23 21 17 9 8 5 4 3 1 1 1 2 1 0 2 2 1 1 1 1 3 3 3 5 11 18 11 54 19 38 66 83 52 28 25 17 8 5 7 3 3 0 1 0 1 3 3 10 12 25 33 46 43 69 70 81 53 36 24 76 76 77 52 20 52 72 88 81 73 76 47 68 53 49 79
48 49 69 59 32 51 49 52 71 65 50 36 42 63 45 62 26 40 68 37 27 22 24 20 20 15 8 5 2 3 2 2 2 1 0 0 1 1 1 1 1 2 2 2 4 9 12 12 7 15 44 74 80 45 33 24 11 8 7 5 4 1 1 1 0 1 3 8 17 22 30 39 51 62 72 64 32 35 26 67 75 77 81 82 40 57 82 83 71 63 57 68 49 54 36 56
63 66 42 33 42 52 51 71 40 55 25 50 53 80 65 48 28 63 22 18 39 21 16 11 13 10 9 8 8 4 5 4 2 2 1 1 0 1 1 1 1 1 1 3 5 12 5 13 3 5 31 60 88 77 36 22 14 5 7 4 3 1 2 0 0 1 5 15 33 36 34 45 52 48 42 49 43 57 70 78 72 77 66 81 71 62 65 37 21 18 44 79 69 48 32 37
72 56 42 31 42 57 67 18 63 29 35 55 71 74 52 32 60 52 32 15 15 23 8 7 15 13 19 9 13 13 7 8 3 3 2 1 1 0 0 1 1 1 1 3 3 7 1 7 2 10 18 13 56 64 30 15 6 5 4 1 3 4 1 1 0 3 9 12 16 22 25 30 39 42 64 70 67 67 71 62 68 59 46 72 65 46 36 46 60 63 79 38 54 52 30 29
37 57 43 36 52 72 74 29 60 53 69 54 80 51 39 48 61 28 32 26 56 32 17 13 20 33 21 29 22 26 10 4 1 4 2 2 2 1 0 0 0 1 1 2 3 1 4 6 1 8 8 42 49 26 25 19 16 9 4 2 3 3 2 1 0 0 3 10 14 14 18 27 42 36 34 34 36 37 82 44 66 71 53 49 41 28 62 67 66 79 74 57 45 59 58 57
84 38 57 58 69 47 51 61 61 52 57 59 52 46 44 73 35 46 38 66 57 34 38 29 17 40 43 42 52 29 21 5 2 2 2 1 2 2 2 0 0 1 2 2 1 2 14 3 1 6 38 47 59 16 14 19 10 7 5 2 3 1 1 1 0 0 1 3 7 9 4 12 12 15 31 45 45 46 72 63 52 67 86 42 32 49 51 59 77 68 60 71 56 57 46 57
79 93 88 91 85 58 18 11 57 36 66 74 84 76 62 69 66 76 58 70 56 54 51 43 40 51 67 69 33 33 19 10 9 4 3 4 1 2 3 1 0 1 1 2 1 1 1 1 0 7 18 57 49 10 16 15 13 6 4 4 3 1 1 0 0 0 4 7 9 18 25 34 51 47 28 29 45 77 72 74 76 56 59 71 39 45 66 63 53 37 72 83 54 45 57 66
64 88 73 81 78 61 76 35 54 46 23 39 81 86 89 63 48 54 66 67 63 58 68 51 64 64 74 57 51 43 32 20 14 11 11 4 3 4 2 1 1 0 0 1 2 1 1 0 1 4 13 8 24 7 23 10 12 9 4 2 2 2 1 0 0 2 5 11 15 28 47 41 26 42 64 44 59 76 76 88 77 63 56 50 14 26 30 47 68 80 86 61 82 53 52 60
47 85 64 77 77 66 88 64 40 73 52 43 70 78 73 65 73 53 78 87 88 70 59 44 80 67 69 57 41 28 32 24 22 21 15 9 5 3 2 2 2 1 0 1 1 1 2 0 1 1 3 7 30 15 30 25 10 12 4 4 1 1 1 0 1 3 8 7 16 27 49 60 65 55 71 76 79 76 69 84 82 51 35 30 17 26 50 67 60 89 61 70 80 82 55 56
51 80 69 64 80 57 63 27 44 76 57 35 13 56 67 66 73 58 54 81 86 50 73 39 70 56 69 55 45 19 27 44 40 34 27 9 3 3 3 2 1 1 0 0 2 1 1 0 0 0 3 11 30 6 8 4 10 12 10 3 1 0 0 0 1 3 7 7 16 24 40 55 46 32 32 46 82 58 80 81 88 84 25 17 17 36 64 41 71 83 71 79 66 60 42 63
16 41 28 52 73 60 57 16 46 80 45 27 18 32 67 64 68 63 32 36 65 44 42 59 30 27 76 45 24 14 8 11 18 15 16 14 6 7 6 2 1 0 0 0 1 1 1 1 0 1 3 14 10 18 9 4 4 3 2 1 1 1 0 0 1 2 4 5 8 15 24 20 27 42 45 60 87 89 73 64 79 84 65 18 9 27 27 50 80 67 61 29 21 29 41 61
16 43 69 53 60 43 70 45 57 81 66 35 33 30 64 79 49 11 13 25 37 21 29 68 36 17 60 46 55 18 1 14 29 21 9 18 14 10 3 1 0 0 0 0 0 1 2 1 0 3 5 9 4 6 4 4 1 1 2 2 1 1 0 0 1 1 2 3 4 12 21 26 44 44 55 80 88 88 83 50 55 67 59 27 8 18 39 63 58 29 29 59 59 57 61 73
25 15 15 20 30 44 74 29 62 63 84 51 30 24 28 22 15 13 12 30 25 22 15 59 20 42 49 37 55 64 27 14 15 11 13 17 12 7 4 3 1 0 0 0 0 0 1 1 0 1 5 10 1 3 3 8 2 1 1 1 0 0 0 0 1 2 16 10 17 36 47 68 72 55 71 93 89 88 82 63 15 34 51 46 12 20 36 59 43 45 86 64 45 51 40 75
28 33 15 16 28 43 65 55 37 54 78 51 20 9 27 28 11 30 11 13 21 18 15 62 19 14 44 32 38 52 31 22 26 9 4 4 2 3 2 2 2 1 0 0 0 0 0 0 0 1 4 5 1 2 1 1 3 3 1 0 0 0 0 1 1 3 6 20 45 53 81 55 32 49 80 93 88 79 77 79 62 19 47 44 11 22 40 38 29 72 68 49 62 78 21 10
29 38 26 17 24 16 61 65 55 23 80 43 14 5 23 21 28 32 21 13 16 21 5 23 46 4 13 16 41 68 24 5 11 7 12 11 7 5 3 2 1 1 1 0 0 0 0 0 0 1 5 5 1 2 2 1 2 1 1 0 0 0 0 0 0 3 7 25 37 39 20 25 48 57 77 79 85 76 66 51 65 24 17 23 22 36 27 21 61 86 46 58 66 74 66 22
41 28 26 11 10 14 43 71 32 29 62 54 30 5 19 20 38 30 24 16 16 29 11 13 70 11 19 18 39 39 44 27 23 24 17 11 10 7 5 1 1 0 1 0 0 0 0 0 1 3 8 5 1 2 1 0 0 1 1 0 0 0 0 1 2 6 25 27 20 15 34 40 56 87 77 69 82 53 31 25 54 33 17 4 7 26 27 47 82 56 45 55 77 63 64 30
68 16 26 13 9 14 26 34 10 9 72 41 6 3 16 19 37 27 36 26 29 22 20 15 31 15 6 19 28 24 37 42 20 12 10 4 6 6 5 3 1 1 0 0 0 0 0 0 0 2 5 3 1 1 0 0 0 0 0 0 0 0 0 0 2 9 11 8 8 15 41 49 79 85 83 62 45 59 21 23 52 18 6 3 13 38 48 62 70 27 58 83 74 68 78 40
17 26 12 11 8 6 10 16 11 17 51 21 10 3 10 15 32 10 26 17 16 21 18 13 20 29 12 6 3 18 17 33 14 8 10 7 3 2 3 2 1 0 0 0 0 0 0 0 1 3 4 1 1 1 0 0 0 0 0 0 0 0 0 1 2 5 3 2 11 33 42 50 82 87 70 56 35 46 47 12 18 16 5 4 16 22 41 69 41 43 78 67 64 65 59 51
16 11 21 20 8 8 3 5 4 5 15 7 19 7 4 11 29 10 6 20 7 5 2 23 24 36 4 3 1 5 23 37 31 12 6 3 3 2 1 1 1 1 0 0 0 0 0 0 1 1 2 1 0 1 0 0 1 0 0 0 0 0 0 1 3 1 1 4 17 34 47 75 74 73 65 59 35 28 42 16 8 10 3 5 13 22 53 56 40 31 37 55 46 40 55 62
28 15 10 23 24 13 11 4 2 8 6 5 15 17 4 9 17 17 5 5 4 6 5 44 20 23 10 1 2 1 5 7 27 21 9 5 2 2 1 1 2 1 0 0 0 0 0 0 1 1 1 1 1 1 0 1 0 0 0 0 0 0 0 1 1 0 1 7 21 53 61 80 78 61 37 16 12 12 18 17 12 3 2 4 10 16 34 34 22 16 34 28 19 34 52 66
30 17 8 12 15 23 9 3 1 7 7 3 3 6 3 4 10 12 4 3 3 2 2 6 2 5 18 2 2 2 1 5 21 23 9 4 4 10 7 3 1 0 0 0 0 0 0 0 0 1 0 1 1 0 0 0 1 0 0 0 0 0 0 0 0 0 1 5 22 76 71 67 81 71 36 17 5 2 5 9 6 2 1 2 7 15 24 15 9 27 38 43 71 58 71 64
62 29 13 4 10 16 24 2 4 8 8 4 1 3 3 2 5 12 3 2 2 1 1 3 0 1 8 5 1 2 1 1 7 40 20 7 3 2 1 1 1 1 1 0 0 0 0 0 0 0 0 1 1 1 0 0 0 0 0 0 0 0 0 0 1 4 7 23 47 48 79 81 65 75 61 28 13 5 1 1 4 2 1 0 2 5 7 3 10 26 35 71 72 61 57 62
42 75 24 9 3 5 4 4 4 7 5 3 6 2 2 1 1 12 4 2 1 1 0 2 2 0 4 5 1 2 1 0 3 11 31 13 5 5 5 3 1 0 0 0 0 0 0 0 0 0 0 1 1 0 1 0 0 0 0 0 0 0 0 0 1 5 12 9 20 42 69 61 52 48 66 34 12 4 1 1 1 1 0 1 2 1 2 6 18 30 62 66 40 54 64 64
8 55 66 33 11 5 1 8 3 2 2 2 7 3 2 1 1 10 5 3 1 0 0 1 2 0 2 2 2 2 1 0 3 2 3 22 6 1 3 2 1 0 0 0 0 0 0 0 0 0 0 0 1 0 0 0 0 0 0 0 0 0 0 0 1 1 1 9 54 58 57 51 38 37 37 29 12 5 4 1 0 0 0 1 3 10 9 5 13 36 37 27 29 51 68 61
5 28 34 51 17 7 3 7 6 2 4 2 3 3 4 2 1 3 8 1 1 1 0 1 2 1 1 2 0 2 2 0 2 3 3 1 17 6 5 2 1 0 0 0 0 0 0 0 0 0 0 0 0 0 1 0 0 0 0 0 0 0 0 0 1 2 5 10 42 67 58 68 50 13 12 16 10 7 5 2 0 0 0 1 3 6 20 30 13 10 11 25 41 54 77 56
11 15 11 29 11 5 5 4 5 4 3 2 2 4 3 2 2 2 4 2 1 1 0 1 2 1 1 1 0 1 3 1 0 1 2 5 6 2 8 2 1 0 0 0 0 0 0 0 0 0 0 0 0 0 1 0 0 0 0 0 0 0 0 0 1 2 4 20 38 48 80 67 61 30 9 4 7 5 3 2 0 0 0 2 4 10 24 45 42 32 38 25 44 54 80 68
7 12 4 13 12 12 6 4 4 3 2 1 1 2 2 2 1 1 1 2 1 0 0 1 0 1 1 1 1 0 1 0 0 1 3 5 5 2 10 1 1 1 0 0 0 0 0 0 0 0 0 0 0 0 1 0 0 0 0 0 0 0 0 0 1 2 4 11 34 26 65 61 44 34 37 10 7 4 1 0 0 0 0 2 7 17 27 43 58 53 50 48 42 68 92 80
8 6 6 3 6 2 3 3 12 7 3 1 1 1 1 2 1 1 1 1 1 1 0 0 1 1 0 1 1 0 0 0 1 1 9 11 5 3 1 2 2 1 0 0 0 0 0 0 0 0 0 0 0 0 0 0 0 0 0 0 0 0 0 0 1 2 5 22 42 54 56 62 47 28 15 14 6 3 1 0 0 1 1 0 2 10 19 31 43 31 51 57 76 92 91 79
3 6 3 3 2 1 1 1 1 2 1 1 1 1 1 1 1 1 1 1 1 1 0 0 0 1 0 1 0 1 0 0 1 2 3 7 10 22 17 8 1 1 0 0 0 0 0 0 0 0 0 0 0 0 0 0 0 0 0 0 0 0 0 0 1 4 17 36 44 57 59 54 50 31 7 5 5 1 1 0 0 1 4 3 3 2 5 9 16 36 41 69 69 90 89 70
1 3 1 2 1 1 1 0 1 0 0 0 1 0 0 0 0 0 0 0 1 0 0 0 0 0 0 1 1 0 0 0 0 1 1 1 1 1 2 0 1 0 0 0 0 0 0 0 0 0 0 0 0 0 0 0 0 0 0 0 0 0 0 0 2 2 5 12 37 52 32 59 30 19 5 2 2 1 1 0 0 1 4 8 21 13 15 16 30 54 61 67 80 81 71 56
0 0 1 0 0 0 0 0 0 1 0 0 0 0 0 0 0 0 0 0 0 0 0 0 0 0 1 0 0 0 0 0 0 0 0 0 0 0 1 0 0 0 0 0 0 0 0 0 0 0 0 0 0 0 0 0 0 0 0 0 0 0 0 0 1 4 3 12 22 19 26 32 24 10 3 1 1 0 0 0 0 0 2 4 9 24 43 40 57 78 72 56 71 56 60 47
1 0 0 0 0 0 0 1 1 1 1 2 2 3 1 1 0 0 0 0 0 0 0 0 0 0 0 0 0 0 0 0 0 0 0 0 0 0 0 0 1 1 0 0 0 0 0 0 0 0 0 0 0 0 0 0 0 0 0 0 0 0 0 0 1 3 4 16 13 16 25 13 12 3 1 1 0 0 0 0 0 2 3 8 10 31 71 69 30 39 77 86 56 22 22 36
5 2 1 2 1 2 2 3 2 2 5 6 8 6 3 2 1 0 0 0 0 0 0 0 0 0 0 0 0 0 0 0 0 0 0 0 0 0 0 0 0 0 0 0 0 0 0 0 0 0 0 0 0 0 0 0 0 0 0 0 0 0 0 0 1 4 5 4 7 10 10 6 8 2 1 0 0 0 0 1 2 4 5 13 37 42 36 11 24 62 89 84 79 23 10 13
10 3 2 6 6 7 7 8 8 11 9 7 9 15 6 3 2 1 1 0 0 0 0 0 0 0 0 0 0 0 0 0 0 0 0 0 0 0 0 0 0 0 0 0 0 0 0 0 0 0 0 0 0 0 0 0 0 0 0 0 0 0 0 0 1 4 8 3 2 2 3 3 1 1 0 0 0 0 1 1 4 5 13 28 30 10 5 13 34 81 86 71 46 42 5 2
12 8 4 13 13 22 13 16 28 17 24 15 24 14 8 6 8 3 1 2 1 0 0 0 0 0 0 0 0 0 0 0 0 0 0 0 0 0 0 0 0 0 0 0 0 0 0 0 0 0 0 0 0 0 0 0 0 0 0 0 0 0 0 0 1 4 7 5 1 3 1 1 1 0 0 0 0 0 1 1 4 12 10 7 3 2 9 24 49 69 68 59 23 44 9 2
24 18 11 28 47 66 48 38 57 45 39 27 53 38 30 19 6 2 2 4 2 0 1 1 1 0 0 0 0 0 0 0 0 0 0 0 0 0 0 0 0 0 0 0 0 0 0 0 0 0 0 0 0 0 0 0 0 0 0 0 0 0 0 0 1 3 8 5 1 1 1 0 0 0 0 0 0 0 1 1 4 5 3 1 3 11 19 49 67 49 52 27 14 18 24 2
63 65 50 38 41 40 23 14 40 23 24 22 25 36 35 10 10 9 8 8 4 1 0 0 1 0 0 0 0 0 0 0 0 0 0 0 0 0 0 0 0 0 0 0 0 0 0 0 0 0 0 0 0 0 0 0 0 0 0 0 0 0 0 0 0 3 11 9 1 2 0 0 0 0 0 0 0 0 0 1 1 0 0 2 6 14 22 67 69 87 39 7 4 6 10 2
