sesion_6_simulaciones/modelos_agentes/ejemplos_netlogo/scenarios/cgcm2_a2/rob_2050.asc
NCOLS 322 
NROWS 307 
XLLCORNER 451900 
YLLCORNER 4086900 
CELLSIZE 100 
NODATA_value -9999 
[rows 219 to 291 of 307, columns 0 to 95 of 322]
23 22 9 14 23 49 53 20 25 5 11 12 7 3 14 7 11 18 9 7 5 26 13 16 7 28 24 32 18 29 26 48 39 40 65 74 57 48 42 58 30 29 29 50 61 57 66 43 64 74 68 83 87 71 66 83 82 65 82 79 76 82 60 63 39 32 27 19 9 2 3 2 1 1 1 1 1 0 0 0 0 0 0 0 0 0 0 0 0 0 0 0 0 0 1 3
39 43 31 30 47 56 60 47 19 15 26 17 20 14 14 19 15 5 5 8 11 32 13 14 27 31 15 59 51 38 51 59 50 53 66 39 25 40 23 55 43 35 35 49 62 68 73 62 69 78 69 80 78 77 33 46 79 84 83 68 26 19 39 32 57 31 18 26 6 2 2 2 3 1 0 0 0 0 0 0 0 0 0 0 0 0 0 0 0 0 0 0 0 0 1 1
26 7 32 38 49 43 51 31 8 17 17 23 46 35 16 17 7 12 10 11 3 7 46 30 19 6 13 32 42 34 34 45 61 37 63 24 37 28 10 52 40 40 51 63 61 76 79 64 81 87 65 45 47 38 24 25 60 69 57 35 42 32 26 35 23 17 14 6 10 5 4 2 1 1 1 0 0 0 0 0 0 0 0 0 0 0 0 1 1 1 1 0 0 1 2 2
13 19 31 48 43 27 42 32 7 20 22 25 47 19 17 10 10 4 4 6 17 27 31 37 27 24 19 35 52 28 17 45 58 28 53 43 26 28 37 63 32 32 48 60 55 76 51 60 64 84 83 57 41 41 37 19 27 43 26 31 33 20 13 28 17 18 8 11 5 4 3 2 1 0 0 0 0 0 0 0 0 0 0 0 0 0 1 1 2 1 0 1 1 2 5 2
32 38 27 18 23 31 33 43 26 11 13 29 31 15 8 9 10 19 24 23 27 39 24 63 42 40 33 32 35 44 27 39 29 35 62 17 21 29 36 63 61 48 43 66 28 18 32 19 22 65 73 57 54 35 27 28 15 17 28 29 23 33 12 15 23 9 7 8 7 3 1 1 1 0 0 0 0 0 0 0 0 0 0 0 0 0 1 1 3 3 1 2 3 3 1 0
34 52 61 74 52 48 41 44 28 35 43 57 26 17 17 25 21 40 19 21 63 17 33 38 39 30 21 56 42 35 35 40 32 51 35 24 34 43 38 60 54 55 53 84 79 67 55 56 49 26 33 45 31 27 19 17 16 20 20 19 18 18 9 29 28 11 7 4 3 1 1 1 0 0 0 0 0 0 0 0 0 0 0 0 0 1 1 2 6 6 2 3 5 3 1 0
37 56 51 59 63 67 35 25 18 51 55 38 24 16 20 25 8 4 3 39 20 31 60 42 29 43 32 40 32 23 31 31 50 14 15 42 30 54 35 59 54 65 70 51 56 72 58 71 70 47 26 28 18 25 12 13 13 21 13 12 16 8 6 4 7 4 2 2 1 1 1 0 0 0 0 0 0 0 0 0 0 0 0 0 0 2 3 3 12 10 9 9 3 2 1 1
11 21 27 19 34 76 53 9 33 43 56 23 37 32 7 5 3 2 16 51 16 40 55 60 41 39 27 10 30 20 32 56 44 21 35 40 55 64 44 50 72 80 74 47 59 63 66 35 67 78 32 24 10 14 13 17 11 9 9 6 4 3 4 2 1 2 4 2 1 0 0 0 0 0 0 0 0 0 0 0 0 0 0 0 0 2 7 10 16 22 10 3 2 1 1 0
37 23 28 31 34 32 15 19 19 28 46 51 54 13 3 3 17 27 47 64 30 33 49 74 58 27 41 17 22 35 14 35 65 29 21 23 45 48 79 86 55 48 35 71 46 51 71 51 40 17 31 34 29 22 20 18 18 9 7 5 4 2 2 1 1 2 1 1 0 0 0 0 0 0 0 0 0 0 0 0 0 0 1 1 1 2 8 30 17 1 1 1 1 1 1 0
35 28 24 46 32 31 35 32 20 44 42 34 27 11 19 42 47 52 55 70 27 41 44 63 15 14 38 12 29 41 14 13 35 36 20 40 33 24 66 80 66 42 61 43 83 60 37 41 37 31 21 43 38 31 32 22 8 9 3 2 1 0 0 0 1 1 1 0 0 0 0 0 0 0 0 0 0 0 0 0 0 1 1 1 2 4 7 31 9 2 2 1 1 1 0 1
10 20 44 26 24 26 43 41 36 39 33 52 34 36 35 54 46 28 61 57 28 33 30 28 12 45 15 5 29 29 12 22 19 28 58 71 53 40 24 42 52 32 25 20 41 79 58 38 33 31 24 23 23 30 34 26 10 6 1 1 0 0 0 2 2 1 0 0 0 0 0 0 0 0 0 0 0 0 0 0 1 1 2 2 6 10 14 16 4 2 3 4 1 1 1 0
42 32 30 32 41 35 55 36 44 38 25 41 27 53 34 51 49 38 40 64 12 21 19 16 25 6 16 18 16 26 8 20 13 24 24 50 43 66 35 14 36 56 45 47 60 29 37 26 19 21 15 14 24 21 16 14 14 6 5 1 2 1 1 1 1 0 0 0 0 0 0 0 0 0 0 0 0 0 0 1 2 1 3 2 3 19 45 14 6 7 9 5 1 1 1 0
17 38 40 47 27 28 36 67 23 39 26 20 34 37 26 50 48 32 25 37 21 15 14 27 16 12 13 11 10 14 7 14 47 35 24 17 56 33 40 33 14 26 69 75 79 50 23 14 27 28 26 10 14 18 13 11 7 2 2 4 2 1 0 1 0 1 0 0 0 0 0 0 0 0 0 0 0 1 2 3 5 5 5 3 2 11 32 9 5 14 10 2 1 1 1 0
13 16 33 42 32 35 30 49 26 26 25 26 22 35 24 31 58 18 15 22 9 12 3 13 10 11 7 4 9 8 12 19 26 55 34 35 21 28 38 15 26 22 20 36 36 25 22 15 27 17 24 13 10 10 7 13 5 2 1 1 1 0 0 0 0 0 0 0 0 0 0 0 0 0 0 0 1 2 4 7 11 18 8 4 3 6 14 13 14 9 3 1 1 1 1 1
7 7 32 20 22 49 39 28 38 25 40 33 25 40 30 20 26 11 14 11 12 4 3 2 7 7 3 5 10 8 7 12 11 12 10 21 12 15 17 10 22 36 61 35 33 16 17 7 9 9 13 9 8 9 10 4 3 1 0 0 1 1 0 1 1 0 0 0 0 0 0 0 0 0 0 0 1 4 5 14 28 24 14 16 6 9 35 36 18 7 4 2 1 2 1 0
9 5 5 17 16 31 49 47 57 19 26 39 9 24 11 18 38 6 9 12 11 13 2 4 8 4 2 13 21 31 33 6 21 17 32 35 35 39 29 37 50 53 57 62 58 54 47 21 22 31 19 9 7 5 3 3 1 0 0 1 1 2 2 1 0 0 0 0 0 0 0 0 0 0 1 1 2 4 8 17 18 36 26 30 21 48 28 26 10 11 8 6 3 2 1 1
1 3 10 13 17 20 19 31 17 29 34 18 3 5 4 4 23 3 3 4 1 5 3 5 3 3 2 7 20 14 57 63 55 49 67 49 52 36 37 41 51 58 55 74 44 27 22 6 13 23 28 16 7 4 3 3 2 2 4 2 1 1 1 1 0 0 0 0 0 0 0 1 1 1 2 1 1 3 11 20 42 33 38 35 55 34 34 26 9 9 18 11 6 2 1 2
1 4 2 3 4 13 18 18 15 14 11 19 3 10 2 9 4 2 2 1 2 1 2 1 4 5 19 15 22 13 21 49 80 57 71 88 87 71 71 62 28 67 73 65 77 60 57 29 23 25 18 12 14 5 4 9 7 4 2 1 1 2 1 0 0 0 0 0 0 0 0 0 2 3 2 1 2 2 5 9 42 58 54 24 21 66 28 31 22 25 10 9 7 4 2 2
0 2 1 2 3 10 7 18 24 17 5 2 4 1 3 5 2 28 2 7 27 16 8 3 2 1 3 7 8 15 18 19 25 72 59 82 87 81 81 71 66 35 76 77 78 56 60 35 24 20 9 7 3 3 1 1 2 2 2 1 1 0 0 0 0 0 0 0 0 0 0 1 2 4 4 2 2 4 6 8 32 56 44 17 50 50 34 50 47 22 18 13 9 5 7 4
0 1 3 6 12 3 7 17 15 11 6 2 2 1 2 1 0 0 11 9 12 28 21 6 3 1 6 8 8 17 15 23 29 25 18 56 87 60 80 50 61 58 55 67 65 54 31 16 36 28 17 13 12 8 5 2 2 1 1 1 0 0 0 0 0 0 0 0 0 0 0 1 2 5 13 6 4 6 13 22 46 63 34 32 50 17 8 15 19 8 7 12 6 7 3 1
0 1 1 0 2 3 4 5 5 4 3 2 1 0 1 1 1 1 1 5 5 2 34 19 4 1 5 15 13 20 19 15 28 34 21 25 58 72 68 65 64 54 58 45 50 57 50 22 10 24 18 14 11 11 8 2 1 1 1 0 0 0 0 0 0 0 0 0 0 0 1 1 2 4 11 15 6 7 11 44 51 77 31 37 61 22 20 15 8 5 4 7 5 3 1 0
0 0 0 1 0 1 1 2 5 4 3 1 1 0 1 1 1 3 4 11 3 3 3 20 20 3 9 31 26 27 38 28 35 47 38 29 26 61 47 50 27 34 22 34 32 29 8 29 15 11 15 7 7 7 7 5 3 2 1 2 1 0 0 0 0 0 0 0 0 1 2 2 2 4 5 22 33 14 32 35 69 63 57 73 26 29 28 19 21 20 8 9 6 3 1 0
0 0 0 0 0 0 1 1 1 3 1 1 1 1 1 1 2 6 8 4 2 2 3 35 15 12 12 10 5 13 20 23 36 38 38 43 24 21 24 18 30 19 9 10 14 22 17 20 8 6 10 6 6 4 3 3 2 1 1 1 0 0 0 0 0 0 0 0 1 1 1 3 5 4 7 9 51 13 20 56 71 53 60 66 55 44 29 51 39 8 8 4 3 1 0 0
0 0 0 0 0 0 0 0 1 1 1 1 0 0 1 2 1 4 8 8 4 3 3 7 9 7 8 25 7 31 41 29 26 36 34 47 44 25 17 10 9 15 19 17 24 21 12 6 7 9 6 5 3 3 3 2 2 1 0 0 0 0 0 0 0 0 0 1 1 2 3 2 1 6 26 23 52 31 39 63 72 68 50 57 38 21 21 40 23 15 4 3 2 1 0 0
0 0 0 0 0 0 0 1 0 0 0 1 6 9 17 8 3 1 1 3 7 7 4 16 30 21 19 21 19 23 38 40 41 44 40 51 48 64 43 18 19 12 11 10 10 8 9 4 3 5 3 4 4 3 1 1 1 0 0 0 0 0 0 0 0 0 1 1 1 2 3 4 2 8 23 19 47 66 45 64 67 68 66 61 38 45 28 27 21 13 6 4 1 1 0 0
0 0 0 0 0 0 0 0 0 0 0 1 0 0 2 24 4 2 1 2 7 4 7 11 4 13 28 52 51 48 38 48 51 58 56 49 52 58 65 59 28 17 17 19 18 9 5 6 8 5 8 6 3 2 2 1 1 1 0 0 0 0 0 0 0 1 1 3 4 5 5 6 4 9 43 21 12 56 85 61 66 70 60 49 38 21 6 16 20 10 4 2 1 1 1 1
0 0 0 0 0 0 0 0 0 1 4 2 1 1 2 1 1 1 3 4 4 13 9 8 21 18 7 17 25 57 62 60 68 75 62 47 62 72 73 60 32 28 23 28 26 24 11 19 10 4 2 2 2 2 1 1 1 1 0 0 0 0 0 0 1 1 2 4 9 10 9 12 9 15 39 51 17 49 67 59 57 38 25 14 18 26 10 10 10 5 3 2 2 2 1 1
0 0 0 0 0 0 0 0 0 1 0 0 1 4 3 2 2 3 1 5 11 6 7 14 10 26 14 5 5 48 37 70 84 67 66 65 50 58 68 66 52 57 41 24 32 35 16 15 9 4 4 4 1 2 1 1 1 1 1 1 0 0 0 1 1 1 2 7 9 18 14 27 11 13 35 57 52 36 69 42 29 18 27 19 14 6 5 7 13 9 4 3 3 3 2 1
0 0 0 0 0 0 0 0 0 0 0 0 1 1 1 1 3 10 2 7 4 7 10 10 9 24 23 13 11 8 14 11 53 57 53 49 38 57 49 33 28 19 15 13 18 32 14 10 7 6 4 2 1 1 0 1 1 1 1 0 0 0 0 0 1 2 5 7 7 14 38 24 30 13 18 53 50 74 45 30 36 22 21 19 23 8 11 11 8 3 4 6 6 3 2 1
0 0 0 0 0 0 0 0 0 0 0 6 1 1 0 3 2 7 7 2 2 4 3 7 11 11 20 18 33 37 19 33 36 25 13 26 33 40 26 30 15 14 7 11 11 10 9 12 4 3 3 2 2 2 0 1 1 1 1 0 0 0 0 1 1 2 2 2 4 5 17 42 58 16 11 39 30 66 31 43 25 23 14 21 21 16 15 5 8 7 7 9 4 2 1 1
0 0 0 0 0 0 0 0 0 0 1 5 1 0 2 3 11 6 7 3 2 4 5 10 14 20 41 39 20 16 13 16 36 41 30 24 41 46 40 33 34 26 39 27 14 12 12 12 9 5 1 2 2 1 1 1 1 1 0 0 0 0 0 0 1 2 4 8 6 4 9 16 36 46 27 27 63 51 42 33 17 29 27 17 8 15 18 13 17 19 7 6 2 1 1 1
0 0 0 0 0 0 0 0 0 0 1 0 1 1 2 4 10 3 7 3 5 5 6 9 51 61 53 23 45 54 49 28 48 45 40 36 45 59 47 42 49 36 23 21 17 15 23 21 10 6 6 4 5 5 2 1 1 1 0 0 0 0 0 1 2 3 7 13 15 8 6 8 23 46 59 33 71 51 50 53 44 25 31 36 27 22 30 20 14 17 14 4 4 2 1 1
0 0 0 0 0 0 0 0 0 1 1 1 2 2 5 4 17 7 2 7 5 13 11 23 42 68 67 41 22 33 38 34 22 26 35 29 31 40 36 60 65 38 38 34 43 34 26 25 14 8 9 10 5 3 2 2 1 0 0 0 0 0 0 1 3 6 17 15 10 10 10 17 22 22 18 68 70 51 42 41 30 34 51 41 40 45 37 41 23 16 7 3 2 2 1 1
0 0 0 0 0 0 0 0 1 5 11 2 1 2 5 3 3 3 2 4 9 12 18 52 36 21 48 45 36 52 59 46 24 16 21 20 36 44 54 51 39 38 66 55 57 43 24 12 9 6 3 4 4 2 1 1 1 0 0 0 0 0 0 2 5 9 17 18 17 26 24 20 49 55 44 50 68 58 33 40 41 52 48 29 38 37 32 19 25 8 4 3 4 2 1 1
0 0 0 0 0 0 1 3 11 8 21 17 3 2 7 7 4 0 2 3 3 3 7 32 8 17 35 59 62 69 83 43 60 40 24 15 28 71 55 56 63 16 20 8 11 22 11 16 7 6 5 5 5 3 1 1 1 1 0 0 0 1 1 2 7 18 17 18 12 45 64 23 56 74 77 58 47 48 43 28 39 35 39 53 41 33 19 17 17 12 9 8 5 4 1 0
0 0 0 0 0 0 0 0 1 3 1 1 3 4 5 5 5 3 3 3 4 4 13 22 4 4 6 33 41 30 46 79 51 64 61 55 52 51 44 46 55 51 39 42 38 20 19 23 13 11 9 3 3 2 2 1 1 1 1 0 0 1 3 5 10 15 20 18 16 15 44 70 41 65 74 71 59 39 55 44 57 59 39 28 36 32 20 12 14 22 16 10 4 2 2 0
0 0 0 0 0 0 0 1 2 2 1 4 3 3 6 5 9 3 2 7 10 8 13 36 9 1 11 6 17 29 11 24 58 49 64 63 40 15 15 15 32 35 31 37 46 47 26 11 18 13 7 9 6 3 2 2 1 1 1 0 1 2 5 10 21 28 19 16 41 37 27 24 67 75 61 73 55 53 73 70 28 26 26 33 29 19 28 18 19 9 7 3 1 1 1 1
0 0 0 0 0 0 0 0 1 1 1 2 1 4 3 2 5 1 2 3 3 18 19 38 22 8 11 16 25 20 20 8 7 16 19 18 17 17 16 12 9 14 13 17 36 33 17 28 22 17 12 9 7 5 4 3 2 1 1 0 1 2 6 18 26 29 20 30 34 60 44 44 29 31 52 55 72 66 44 48 41 53 46 53 38 29 39 30 12 6 4 3 2 0 1 1
0 0 0 0 0 0 0 0 0 1 1 2 2 3 2 7 6 1 2 2 5 19 30 31 12 2 11 26 20 33 35 13 39 47 50 43 40 35 34 17 13 14 44 51 47 28 31 24 24 21 16 10 7 5 4 3 2 1 1 0 1 3 11 22 22 39 28 37 40 33 79 59 48 36 22 63 48 69 58 55 59 71 67 56 43 50 31 22 8 5 4 3 1 1 1 2
0 0 0 0 0 0 0 0 0 1 1 2 10 13 11 26 11 3 1 1 12 20 30 24 11 25 6 25 27 39 22 46 42 29 34 38 31 31 16 25 50 59 34 34 23 31 25 21 28 18 19 15 9 6 5 4 2 1 1 0 0 2 6 24 54 44 30 46 41 35 35 53 66 22 16 30 70 81 77 68 65 63 62 64 55 34 33 18 24 8 4 2 1 2 1 5
0 0 0 0 0 0 0 0 0 1 4 2 11 17 22 4 2 1 1 6 10 14 26 34 37 14 19 20 18 18 26 67 31 31 37 41 40 26 37 40 64 54 52 48 47 42 38 31 36 27 23 14 11 7 6 3 2 1 1 0 1 2 7 18 43 39 54 61 49 67 64 66 64 33 34 50 67 64 68 59 59 55 52 55 42 32 29 29 27 18 5 3 2 3 3 8
0 0 0 0 0 0 0 0 0 3 3 4 6 49 6 3 5 3 2 7 9 12 18 9 9 7 37 9 23 19 43 29 42 53 41 41 41 44 53 48 38 53 57 61 57 55 42 50 39 18 13 10 9 9 9 4 2 2 1 0 1 2 7 16 34 33 32 52 73 60 75 65 68 36 58 59 65 67 50 49 53 53 40 31 31 29 25 21 16 15 10 7 2 6 9 11
0 0 0 0 0 0 0 0 1 1 3 4 1 8 2 1 3 4 9 6 9 20 19 9 7 20 11 18 30 53 57 51 47 48 38 42 55 55 59 53 58 70 70 52 46 58 55 51 31 22 18 14 9 7 5 7 5 2 1 0 1 3 9 18 24 36 30 39 64 81 74 69 61 83 68 48 38 42 53 54 49 50 49 41 29 35 18 29 16 10 10 7 3 9 10 9
0 0 0 0 0 0 0 0 2 1 2 2 1 0 0 1 3 4 3 6 10 8 8 22 21 8 10 34 58 20 18 19 42 39 47 55 56 56 55 54 57 68 54 55 66 58 57 53 28 26 19 14 9 5 5 6 3 2 2 1 1 2 14 22 37 34 35 35 36 40 54 58 60 70 18 43 44 43 38 41 41 39 34 52 41 37 30 25 14 13 11 5 6 12 11 19
0 0 0 0 0 0 0 0 1 1 3 2 2 3 3 1 0 1 1 8 14 8 40 39 10 14 21 34 19 22 24 28 36 31 45 53 56 56 47 74 60 50 51 62 31 49 61 57 50 39 11 12 9 11 10 5 3 3 2 1 0 2 5 20 29 37 69 50 54 53 48 31 46 64 47 55 57 42 43 42 49 43 47 46 39 15 14 11 13 22 12 3 9 22 26 25
0 0 0 0 0 0 0 1 1 4 3 1 1 2 3 3 1 0 2 9 8 31 21 9 12 33 18 18 18 24 28 28 22 32 39 58 42 41 63 55 48 68 73 41 58 57 54 54 37 19 15 19 17 14 12 10 7 5 2 1 1 2 8 15 24 49 68 83 53 62 51 33 36 71 76 41 49 56 59 40 38 41 51 41 25 11 23 19 14 8 4 2 12 25 27 28
0 0 0 0 0 0 1 1 3 6 0 1 1 0 0 1 2 1 4 10 8 9 3 9 26 7 6 15 19 23 41 31 23 36 45 48 48 62 68 67 48 43 48 57 53 56 39 39 33 28 24 30 25 11 10 9 9 4 3 1 1 4 6 16 33 43 65 76 70 69 54 55 60 73 48 43 40 42 50 54 40 70 53 28 33 35 25 15 8 3 2 6 18 29 28 33
0 0 0 0 1 0 0 1 3 1 0 1 1 1 1 2 5 3 9 4 3 3 2 10 8 10 14 25 32 28 25 18 23 29 51 37 73 68 68 42 30 31 41 56 63 55 51 47 44 39 33 28 16 10 8 7 5 5 4 3 2 5 10 24 44 50 46 48 69 80 72 34 43 72 42 48 69 66 64 69 63 47 43 40 40 38 15 13 7 5 5 16 23 29 23 34
0 0 0 0 0 0 0 0 1 0 0 1 1 2 2 3 2 4 6 13 10 8 1 8 11 21 22 36 20 12 22 23 33 35 67 35 20 15 16 33 37 55 67 70 68 60 52 51 32 43 26 22 22 10 12 6 6 6 5 4 2 10 18 25 50 52 47 29 49 71 71 49 58 68 44 29 49 74 72 70 68 39 44 45 39 33 15 10 17 7 16 21 13 35 36 39
0 0 0 0 0 0 0 0 1 2 0 1 1 0 1 1 1 11 5 3 5 7 8 6 21 15 17 21 14 18 38 32 23 70 23 16 43 47 48 47 63 70 63 68 70 70 62 53 37 35 31 28 24 21 15 12 11 6 5 3 7 13 34 61 58 55 44 50 57 60 72 45 46 61 71 52 54 55 69 72 58 61 43 46 39 27 17 5 7 17 19 11 21 27 54 41
0 0 0 0 0 0 0 1 0 1 3 1 0 0 1 1 2 2 4 7 5 9 4 7 17 19 14 18 21 22 23 28 37 27 8 28 34 43 54 83 62 59 70 71 71 70 55 45 38 28 31 29 26 16 19 10 14 12 7 7 10 26 24 50 55 52 47 58 60 52 78 71 52 67 68 53 60 61 58 56 62 49 39 35 35 20 9 3 7 25 12 22 33 34 57 40
0 0 0 0 0 0 0 0 0 2 1 0 0 1 1 1 5 1 2 9 22 8 2 4 25 14 24 19 17 15 41 73 43 7 16 42 32 63 70 64 62 73 72 56 60 59 55 52 35 38 34 33 28 25 23 20 17 14 10 10 12 15 24 31 55 72 58 75 75 63 54 55 57 61 72 72 56 52 43 44 48 42 34 37 27 14 6 4 19 24 27 44 52 42 48 37
0 0 0 0 0 0 1 1 1 0 0 1 1 1 0 7 3 3 4 9 7 3 8 12 2 17 17 10 40 26 51 36 8 14 48 20 44 38 51 75 77 60 49 79 71 49 55 55 51 44 39 37 30 29 25 23 19 12 13 14 16 31 23 26 29 55 76 77 73 72 79 78 54 66 53 49 34 41 54 58 43 44 31 35 27 7 5 19 16 27 44 51 46 31 46 47
0 0 0 0 0 0 0 0 0 0 0 1 0 0 0 4 1 1 1 1 2 4 12 4 2 8 6 9 42 39 34 7 12 23 39 67 37 46 65 69 69 58 66 37 50 45 57 68 52 49 44 40 37 32 31 28 15 9 19 30 24 37 36 38 40 53 59 83 64 60 42 66 51 35 35 49 59 48 42 43 41 26 38 26 10 7 14 19 30 28 34 43 59 47 50 46
0 0 0 0 0 0 0 0 0 0 0 0 0 1 1 7 1 2 1 1 10 3 6 1 7 13 8 27 48 21 12 9 13 18 56 59 59 48 53 56 57 64 51 40 47 76 63 57 54 65 51 43 40 36 34 29 16 12 30 35 53 59 46 49 40 53 66 67 77 58 47 40 48 56 48 65 50 51 44 45 32 35 19 11 8 14 28 33 29 47 45 35 36 46 41 35
0 0 0 0 0 0 0 0 0 0 0 1 0 1 4 2 1 1 4 5 4 5 2 6 22 5 7 33 22 16 16 14 30 36 60 45 51 50 45 31 34 56 67 59 67 58 61 62 69 55 52 62 26 38 34 21 11 29 40 42 67 66 50 63 48 37 45 76 75 33 69 45 45 56 58 56 52 54 51 39 31 32 14 17 14 27 32 39 34 38 47 35 36 47 52 42
0 0 0 0 0 0 0 0 0 0 0 0 0 3 0 1 2 2 3 6 3 2 3 4 7 6 8 21 10 7 17 13 36 45 48 49 32 43 38 44 52 57 60 75 59 59 59 74 58 56 68 53 47 43 27 23 14 28 57 56 60 71 57 66 66 49 49 54 79 31 38 68 70 52 52 53 62 51 57 54 35 29 10 10 16 30 41 49 54 52 49 50 37 42 60 50
0 0 0 0 0 0 1 0 0 0 1 0 2 0 1 1 1 0 0 3 1 3 6 6 6 10 12 2 5 11 24 26 39 51 13 11 40 32 42 38 41 54 61 71 70 57 76 53 72 73 52 51 50 46 30 26 16 29 56 64 59 69 50 54 69 44 64 40 65 36 37 67 42 60 58 55 52 52 69 45 39 12 10 16 30 34 43 50 39 29 38 59 31 34 51 69
0 0 0 0 0 0 0 0 0 0 0 0 1 0 0 1 0 0 0 1 1 3 6 5 4 8 3 3 7 7 19 5 25 17 9 24 16 20 28 50 56 59 64 68 61 46 65 72 68 61 61 52 52 48 45 29 29 33 61 76 72 69 61 49 67 63 33 37 75 32 55 51 49 55 50 44 53 32 31 34 14 10 16 32 34 42 51 52 31 35 48 29 19 24 36 66
0 0 0 0 0 0 0 0 0 0 0 1 1 1 1 2 2 0 0 0 0 3 2 1 3 4 4 17 17 13 32 28 32 18 9 9 21 22 25 25 31 58 44 52 64 36 31 31 50 53 63 57 52 51 33 21 37 50 62 66 84 74 52 52 57 61 54 21 55 11 17 31 42 53 55 59 59 58 47 45 18 11 20 34 35 61 64 54 43 38 45 46 39 23 34 52
0 0 1 0 0 0 0 0 0 0 0 1 2 1 1 1 3 1 1 1 4 4 2 4 7 5 5 1 1 6 22 6 10 5 9 19 10 16 17 19 50 46 35 54 32 38 41 54 55 68 57 60 57 39 35 23 37 53 63 67 73 54 54 63 64 39 36 37 50 22 27 25 25 19 37 48 45 49 32 27 13 20 34 36 41 64 58 27 40 53 35 51 27 29 36 57
0 0 0 0 0 0 0 0 0 0 0 1 2 2 2 3 3 0 2 4 4 2 2 5 5 3 1 2 2 8 8 4 3 14 19 15 23 20 23 39 31 42 57 34 40 42 58 55 66 54 55 56 57 39 18 37 44 74 65 66 65 67 53 71 64 45 32 46 34 21 37 50 51 57 59 55 46 23 18 10 15 35 36 39 42 68 67 25 27 51 36 55 31 31 38 71
0 0 0 0 0 0 0 0 0 0 2 1 2 2 0 1 0 0 1 5 4 2 5 2 6 8 1 2 3 14 4 3 6 15 33 14 17 22 35 15 47 41 31 45 40 56 58 69 69 60 69 54 41 41 27 43 47 66 76 58 63 69 49 40 57 58 30 30 35 48 56 39 42 44 36 45 37 24 9 27 24 38 43 57 49 65 69 37 37 40 22 58 34 36 38 52
0 2 1 5 5 2 1 1 1 1 2 1 1 0 2 0 0 1 2 3 2 2 4 1 2 2 1 3 3 9 4 6 36 17 11 9 14 19 21 41 61 47 57 33 47 66 70 57 56 73 63 47 42 42 28 56 69 59 63 72 58 66 69 36 69 64 28 30 40 49 36 38 55 43 46 28 34 31 20 39 41 39 45 57 45 49 56 50 54 36 35 62 32 35 30 46
1 3 4 1 3 12 3 1 0 1 0 0 0 1 1 0 0 4 5 2 1 3 1 1 4 7 1 1 3 7 8 32 8 5 11 15 7 5 27 34 38 26 64 50 57 70 40 53 68 62 50 47 42 40 41 57 66 67 62 70 55 56 61 52 49 52 28 12 27 57 39 49 50 55 44 45 47 43 32 40 42 52 49 55 44 37 51 48 45 42 40 59 34 27 38 43
0 1 1 0 0 1 2 3 0 0 0 0 1 2 1 1 1 1 1 1 1 1 5 1 6 8 2 2 7 13 21 34 9 13 17 3 3 6 12 30 25 38 58 59 57 57 56 55 59 56 48 46 41 42 48 47 62 74 65 53 70 43 51 53 36 20 10 8 7 25 40 58 56 46 41 40 33 15 27 37 40 54 49 55 38 54 66 66 50 44 35 44 51 15 38 47
0 0 0 0 0 0 0 0 0 0 0 0 0 0 1 1 1 2 0 1 0 1 1 1 7 3 1 1 2 5 3 5 11 10 8 11 6 3 37 13 23 18 50 37 62 47 50 38 58 59 42 42 37 38 45 62 62 73 69 64 55 58 39 37 9 9 21 36 27 35 38 45 45 33 31 27 13 25 41 38 41 55 57 39 49 49 60 63 49 44 33 43 50 19 24 55
0 0 1 0 0 0 0 0 0 0 0 0 0 1 0 0 1 0 1 1 1 5 5 3 6 2 1 1 2 2 2 14 12 8 14 10 17 4 24 20 4 21 52 47 54 49 51 62 55 52 48 40 38 61 60 51 65 59 62 38 51 45 21 21 17 12 24 43 34 24 52 53 64 58 48 16 23 26 39 50 58 42 54 40 52 64 62 57 45 45 35 33 51 43 19 35
0 0 0 0 0 0 0 0 0 0 0 0 0 0 0 0 1 3 0 2 7 2 4 4 9 5 1 2 1 5 9 5 8 22 8 13 15 7 54 25 8 33 14 49 44 38 57 35 50 45 39 42 35 60 69 54 56 49 56 58 28 31 28 17 15 11 14 19 23 21 46 53 61 70 36 20 26 38 35 58 57 51 49 53 35 59 63 60 49 52 20 38 41 35 27 20
0 0 0 0 0 0 0 0 0 0 0 0 0 0 0 1 0 2 0 1 1 8 2 7 3 1 0 0 0 5 9 3 5 9 14 26 10 13 38 32 18 36 12 49 35 28 37 29 46 43 51 35 33 50 56 82 37 39 35 24 33 14 15 13 8 10 21 20 27 26 50 53 34 51 26 20 40 42 38 41 56 50 48 46 50 59 57 70 57 39 27 41 47 22 26 17
0 0 0 0 0 0 0 0 0 0 0 0 0 0 1 1 0 1 1 0 0 0 0 1 1 1 1 0 2 1 6 8 11 8 12 15 8 7 12 46 22 28 27 37 12 38 28 44 48 31 45 35 39 34 56 60 55 40 26 11 20 10 6 16 9 11 21 19 34 32 41 45 37 25 25 40 40 38 39 34 41 53 61 52 46 59 66 62 65 32 22 57 33 38 25 12
0 0 0 0 0 0 0 0 0 0 0 0 0 0 1 0 0 0 1 1 0 1 1 2 2 4 2 1 0 1 2 6 9 9 10 9 10 8 4 27 48 42 25 15 13 19 21 39 30 14 37 30 31 29 39 61 47 38 15 6 10 2 2 3 5 6 14 29 37 46 55 37 23 18 44 39 43 58 53 41 32 46 46 55 56 75 42 70 44 29 24 56 35 50 17 13
0 0 0 0 1 0 0 0 0 0 0 0 0 0 0 0 0 0 0 0 0 1 1 4 7 1 1 1 1 0 0 2 2 9 6 3 11 6 6 16 56 44 16 10 13 20 43 16 30 12 21 32 27 47 43 34 30 22 22 6 8 3 5 2 9 19 21 26 35 29 38 37 12 22 33 36 53 46 41 26 35 17 46 54 54 39 61 51 53 37 23 45 30 42 32 11
