sesion_6_simulaciones/modelos_agentes/ejemplos_netlogo/scenarios/cgcm2_a2/rob_2036.asc
NCOLS 322 
NROWS 307 
XLLCORNER 451900 
YLLCORNER 4086900 
CELLSIZE 100 
NODATA_value -9999 
[rows 222 to 295 of 307, columns 96 to 191 of 322]
1 0 0 0 0 0 0 0 0 0 0 0 0 0 0 0 0 0 0 0 0 0 0 0 0 0 1 1 0 0 0 1 1 1 0 0 0 0 0 0 0 0 0 1 1 1 3 6 10 13 17 20 29 36 38 45 54 65 80 78 80 85 62 78 55 69 55 50 57 49 37 38 26 30 43 45 52 29 31 23 57 46 41 35 34 19 40 53 61 38 27 24 12 8 8 3
1 0 0 0 0 0 0 0 0 0 0 0 0 0 0 0 0 0 0 0 0 0 0 0 0 0 0 0 2 1 0 1 2 0 0 0 0 0 0 0 0 0 0 0 1 1 2 4 7 9 14 12 18 29 45 67 71 53 37 48 50 52 48 54 81 38 39 40 63 53 43 58 27 31 50 44 46 26 44 53 46 79 53 45 37 34 23 23 46 71 51 40 34 13 9 6
0 0 0 0 0 0 0 0 0 0 0 0 0 0 0 0 0 0 0 0 0 0 0 0 0 0 0 0 2 1 1 1 1 0 0 0 0 0 0 0 0 0 0 0 0 1 1 2 4 7 9 14 31 21 42 60 37 35 38 39 17 45 45 40 39 60 24 60 60 51 65 57 19 26 32 43 36 35 47 58 44 32 60 58 37 38 39 21 15 42 72 50 40 20 18 10
0 0 0 0 0 0 0 0 0 0 0 0 0 0 0 0 0 0 0 0 0 0 0 0 1 1 0 1 1 4 2 1 0 0 0 0 0 0 0 0 0 0 0 0 0 1 1 2 4 5 8 11 24 26 17 17 24 26 27 24 51 67 41 49 57 86 75 54 61 59 71 59 40 32 45 57 47 45 55 62 50 30 14 28 63 63 37 33 26 17 46 45 32 24 11 7
0 0 0 0 0 0 0 0 0 0 0 0 0 0 0 0 0 0 0 0 1 0 0 0 0 1 2 1 2 3 1 0 0 0 0 0 0 0 0 0 0 0 0 0 0 1 1 3 3 5 9 17 17 20 22 25 39 35 29 36 20 33 57 51 55 88 66 69 32 70 57 60 43 31 52 64 58 38 53 79 45 42 58 41 38 21 23 36 30 30 16 18 21 13 5 5
0 0 0 0 0 0 0 0 0 0 0 0 0 0 0 0 0 0 0 0 0 1 0 1 0 1 3 4 3 2 0 0 0 0 0 0 0 0 0 0 0 0 0 0 1 1 1 2 3 4 6 8 7 11 15 24 46 45 40 24 28 43 43 54 75 58 54 65 78 60 52 60 59 18 23 44 46 60 72 36 73 61 78 55 73 41 53 37 24 13 12 18 12 8 4 2
0 0 0 0 0 0 0 0 0 0 0 0 0 0 0 0 0 0 0 0 0 0 1 3 1 1 2 5 3 1 1 1 0 0 0 0 0 0 0 0 0 0 0 0 0 1 1 1 3 4 8 9 13 15 16 28 40 62 40 36 28 51 64 78 59 50 55 53 39 53 65 41 31 16 24 39 59 53 79 60 32 26 43 63 45 49 38 33 19 17 13 8 5 7 5 5
0 0 0 0 0 0 0 0 0 0 0 0 0 0 0 0 0 0 0 0 0 0 0 2 1 1 2 11 4 1 2 2 0 0 0 0 0 0 0 0 0 0 0 0 0 0 1 1 3 3 5 7 10 9 23 31 21 22 20 37 26 25 33 47 31 18 33 46 35 48 23 43 40 25 42 26 25 61 40 49 40 30 29 37 23 25 31 34 16 17 6 4 4 3 2 2
0 0 0 0 0 0 0 0 0 0 0 0 0 0 0 0 0 0 0 1 1 1 0 1 3 1 1 6 8 9 3 1 1 0 0 0 0 0 0 0 0 0 0 0 1 1 1 1 1 2 2 3 6 9 17 11 13 14 18 20 24 25 28 35 39 51 56 64 52 53 61 60 43 21 36 50 23 53 48 55 56 50 39 60 37 16 19 11 8 10 5 3 2 3 2 1
0 0 0 0 0 0 0 0 0 0 0 0 0 0 0 0 0 0 0 1 1 2 1 1 2 2 1 2 11 8 3 1 1 0 0 0 0 0 0 0 0 1 1 1 1 1 1 1 2 2 3 4 5 6 4 5 6 6 7 8 9 9 11 35 46 46 29 50 52 49 46 43 39 24 26 46 46 42 46 69 56 55 53 51 38 27 14 10 7 8 6 3 2 1 2 1
0 0 0 0 0 0 0 0 0 0 0 0 0 0 0 0 0 0 1 1 1 1 1 2 6 3 2 2 8 7 4 3 0 0 0 0 0 0 0 0 0 1 1 2 1 1 1 2 4 5 10 9 5 4 4 6 6 7 15 20 15 25 22 18 16 19 27 30 33 47 61 66 64 24 38 29 63 49 58 42 41 53 53 44 38 53 34 15 10 5 3 2 2 1 1 1
0 0 0 0 0 0 0 0 0 0 0 0 0 0 0 0 0 0 0 1 1 2 0 2 2 5 5 7 11 9 5 3 1 0 0 0 0 0 0 0 0 1 1 1 2 3 2 1 3 6 11 17 13 6 8 11 24 24 31 48 40 40 34 27 36 55 37 34 28 44 64 65 64 59 41 59 73 41 62 40 62 62 48 61 42 30 33 26 26 7 3 2 1 1 0 0
1 0 0 0 0 0 0 0 0 0 0 0 0 0 0 0 0 0 0 1 2 2 1 1 2 3 13 10 5 4 2 2 0 0 0 0 0 0 0 0 1 1 1 1 2 2 3 8 3 5 8 12 13 19 17 25 30 35 56 51 38 41 50 41 29 24 40 48 28 38 23 22 24 19 53 20 39 74 50 39 18 33 69 63 39 36 45 19 19 6 7 2 1 1 1 1
1 0 0 0 0 0 0 0 0 0 0 0 0 0 0 0 0 0 0 1 2 2 2 1 1 4 6 15 4 2 1 1 0 0 0 0 0 0 0 1 1 1 1 1 3 3 4 5 9 8 12 13 19 37 21 25 34 39 43 54 52 66 62 59 47 29 43 44 59 43 48 40 42 34 74 35 23 27 31 31 19 8 62 68 50 47 48 44 18 12 8 5 3 4 1 0
1 1 0 0 0 0 0 0 0 0 0 0 0 0 0 0 0 0 0 1 1 2 6 2 1 4 5 17 5 2 1 0 0 0 0 0 0 0 1 1 1 1 1 2 3 5 11 8 12 24 17 28 29 30 32 29 35 40 65 57 63 60 54 68 67 45 35 41 45 38 72 47 35 41 47 57 46 59 56 43 41 27 17 53 48 46 53 35 15 8 3 3 3 1 1 1
2 1 0 0 0 0 0 0 0 0 0 0 1 1 0 0 0 0 0 0 2 3 2 5 1 3 5 10 5 3 2 1 1 0 0 0 0 0 1 1 1 2 2 4 7 8 18 16 13 10 30 50 63 38 35 19 35 38 61 52 75 63 56 51 50 46 29 43 34 70 33 36 33 41 38 25 34 38 40 36 31 26 26 23 39 23 11 21 16 6 4 2 1 1 1 1
1 0 0 0 0 0 0 0 0 0 0 0 1 1 1 0 0 0 0 1 2 2 4 8 3 4 8 13 8 4 3 1 1 0 0 0 1 1 1 1 2 2 2 6 9 15 21 22 24 21 24 40 49 49 40 22 34 44 32 56 73 68 28 73 31 50 48 39 35 57 37 23 27 54 56 43 51 56 56 53 63 33 30 23 18 10 16 11 7 7 2 1 1 1 0 0
0 0 0 0 0 0 0 0 0 0 0 0 1 1 1 1 0 1 1 2 2 1 6 15 7 7 12 13 6 8 4 1 1 0 0 0 1 1 1 1 2 2 3 5 10 18 24 26 32 36 32 44 62 61 49 24 37 47 56 50 60 64 25 53 57 52 62 33 46 42 26 38 50 46 37 31 31 41 46 24 43 51 49 24 25 12 8 8 5 2 1 2 2 1 1 0
0 0 0 0 0 0 0 0 0 1 1 0 1 2 2 1 0 1 1 6 5 1 5 12 12 4 3 32 20 5 3 2 1 0 0 1 1 1 1 2 2 4 4 8 13 13 28 35 41 53 37 53 64 48 56 22 36 44 49 60 53 53 53 53 62 61 53 52 44 30 39 44 48 47 40 34 31 45 41 34 34 30 57 49 26 28 16 6 2 2 1 1 1 1 1 0
0 0 0 0 0 0 0 0 0 1 1 1 1 1 3 3 1 1 1 4 6 3 5 13 23 6 7 35 13 9 6 2 1 0 0 1 1 1 2 1 4 6 5 9 11 15 42 42 45 51 56 48 43 55 80 44 25 48 64 49 38 34 32 59 58 56 52 64 47 27 31 35 52 49 57 50 53 72 59 52 42 37 39 31 31 31 15 10 5 3 1 1 1 0 0 0
0 0 0 0 0 0 0 0 0 1 1 1 1 2 4 4 1 1 4 4 5 8 7 18 33 35 27 34 19 12 6 2 0 0 0 1 1 1 2 4 3 7 12 11 8 14 34 47 54 53 57 65 62 61 83 61 54 19 40 72 55 51 37 36 31 62 62 60 32 28 25 56 50 38 41 41 49 75 59 45 56 27 22 17 20 15 18 13 4 2 2 1 1 1 1 0
0 0 0 0 0 0 0 1 0 1 2 3 2 3 4 8 2 1 3 4 6 10 12 22 38 56 27 36 10 7 6 2 0 0 0 0 1 4 2 3 7 5 12 12 14 31 35 39 57 63 62 65 73 83 84 79 39 22 50 63 69 51 41 43 44 38 27 30 27 26 55 50 28 55 32 37 29 52 45 45 36 39 54 27 13 9 5 4 4 3 2 1 1 1 0 0
1 0 0 0 0 0 0 1 1 2 2 2 5 2 6 10 3 4 2 11 14 15 13 26 43 34 17 10 5 5 2 1 0 0 0 0 1 3 5 3 5 11 4 28 19 26 40 36 45 70 69 50 73 78 77 80 66 34 26 28 44 62 53 45 38 24 10 6 15 27 67 44 42 50 88 76 60 55 50 52 59 54 35 40 24 22 10 8 5 2 1 1 0 0 0 0
0 0 0 0 0 0 1 1 1 2 3 4 7 3 8 11 4 9 4 8 23 23 38 23 48 29 12 7 4 3 2 1 0 0 1 0 1 2 4 5 10 7 9 12 40 23 29 44 59 76 72 62 58 54 63 82 77 38 30 34 46 40 42 36 24 31 20 12 38 49 26 49 66 72 65 81 61 72 58 67 66 49 29 11 14 9 10 7 3 2 1 0 0 0 0 0
0 0 0 0 0 1 1 1 2 1 3 5 12 7 11 16 7 12 16 8 13 27 19 62 35 31 8 6 4 1 0 0 0 0 1 1 1 1 1 1 3 7 15 36 25 28 46 52 52 63 76 78 52 52 41 46 74 62 45 24 31 24 20 12 11 5 14 33 31 44 32 20 31 60 29 61 82 80 71 68 68 43 23 17 13 4 3 3 4 2 0 0 0 0 0 0
0 0 0 1 1 1 1 2 2 3 4 6 10 16 8 25 9 10 25 21 24 41 23 50 47 15 6 3 1 1 1 1 1 1 1 1 2 1 1 4 4 6 12 26 52 37 31 44 49 68 67 70 68 64 48 42 44 65 51 28 31 26 30 24 29 12 11 29 32 40 41 44 47 35 32 29 56 63 70 48 29 24 19 14 7 4 3 2 1 1 0 0 0 0 0 0
0 0 0 1 2 1 1 2 1 3 5 9 12 17 19 38 15 13 31 36 32 51 76 41 22 18 10 4 2 2 2 2 2 1 1 2 2 2 4 4 6 10 14 24 31 57 43 43 53 62 69 61 70 68 56 39 28 51 44 35 20 23 24 27 30 20 13 36 31 31 43 43 75 57 50 38 29 17 43 45 35 14 10 7 7 4 1 0 0 0 0 0 0 0 0 0
0 0 0 2 2 2 1 3 2 4 13 11 11 14 45 43 20 22 25 38 40 59 73 22 30 19 7 6 7 6 6 6 2 2 1 2 2 3 7 4 8 17 26 33 30 48 40 68 57 68 65 83 61 43 43 37 52 19 16 65 26 19 43 34 22 16 28 54 32 28 33 59 81 63 50 41 37 34 25 29 28 18 9 8 7 4 1 1 1 0 0 0 0 0 1 1
0 0 1 2 2 2 1 4 5 6 14 12 26 25 30 43 55 38 45 35 53 51 80 65 31 13 13 14 10 13 12 10 3 1 1 1 3 5 3 8 12 16 34 49 58 49 66 31 17 31 66 35 55 48 57 39 16 10 13 20 31 10 25 20 10 16 48 23 28 29 20 25 17 34 46 36 37 37 25 19 16 9 11 9 8 6 3 4 1 1 0 1 1 1 1 1
0 0 1 2 3 4 1 6 8 8 8 17 13 37 43 25 23 64 48 49 44 67 72 43 29 24 22 21 23 34 12 4 2 2 2 1 2 3 12 10 15 22 28 56 43 66 58 53 41 56 59 16 64 72 62 29 40 29 26 11 47 8 17 15 7 11 19 48 39 19 38 64 53 59 55 46 37 38 36 35 23 19 14 10 8 8 8 2 1 0 0 1 1 1 1 0
0 1 1 3 4 6 2 3 6 13 18 25 14 14 29 56 26 20 69 69 45 65 74 49 49 23 45 59 32 13 7 5 4 3 2 0 1 1 4 9 13 35 45 37 26 46 49 66 68 67 52 45 61 75 74 72 52 20 19 16 35 12 12 14 6 12 27 18 14 15 35 44 46 49 57 58 39 36 23 24 11 8 8 21 14 11 4 2 0 1 1 1 1 2 2 0
1 2 2 3 5 5 6 6 7 5 10 29 12 11 27 46 56 48 15 36 50 70 55 45 37 60 34 17 17 8 9 9 6 2 2 1 2 4 7 9 6 21 27 23 32 42 50 48 68 66 64 57 75 74 64 55 29 42 11 16 15 25 5 11 15 14 6 28 38 39 31 48 60 55 51 55 35 28 20 25 32 22 30 17 13 5 5 2 1 1 1 1 3 3 2 1
1 2 3 3 5 10 8 15 13 10 8 16 42 15 36 37 47 65 50 23 37 71 31 53 76 32 26 24 20 20 12 5 2 3 3 2 3 5 8 9 12 23 23 18 36 49 29 27 54 54 32 26 41 40 48 23 35 21 39 8 14 18 12 7 37 44 21 48 57 36 58 57 67 69 69 66 49 33 37 35 38 28 34 15 12 10 3 1 1 2 2 2 4 6 1 1
2 3 3 2 3 15 21 17 14 14 28 19 28 55 32 38 50 25 70 42 42 37 78 62 46 47 42 38 32 24 10 3 2 3 6 2 3 7 13 19 20 28 37 39 40 30 39 48 36 35 34 30 31 34 31 37 29 24 22 30 6 3 10 30 34 17 30 37 55 44 62 51 53 67 70 54 43 51 38 38 40 34 21 20 11 4 1 1 2 2 4 4 6 5 2 1
2 5 5 3 5 13 13 27 31 18 28 36 37 44 63 38 56 35 28 59 33 37 72 71 63 49 40 39 34 13 11 8 5 2 4 1 2 4 10 24 30 36 25 40 37 48 40 41 47 51 42 31 32 35 40 36 21 17 17 22 11 6 13 7 11 32 36 40 25 37 54 50 58 47 54 73 44 39 21 19 19 20 27 17 9 4 3 2 3 3 5 3 12 4 3 2
2 4 6 5 6 8 15 19 21 34 45 41 43 47 69 68 36 31 39 35 65 70 75 63 64 66 55 47 38 21 13 10 7 3 6 2 2 6 10 22 30 49 45 51 50 52 49 63 44 46 45 37 25 33 30 44 36 14 5 6 9 7 11 9 13 7 4 4 10 49 33 39 54 51 51 39 29 13 11 27 38 32 12 18 17 9 3 5 4 6 5 4 14 4 3 3
3 7 10 11 13 9 11 24 31 33 54 55 58 49 63 68 52 53 42 45 41 70 70 67 47 58 50 44 28 31 22 14 10 7 10 1 6 10 15 16 11 42 53 57 52 60 63 51 47 62 64 60 25 32 40 35 17 18 8 3 4 6 14 9 10 14 24 29 25 28 28 30 33 29 45 20 22 24 17 52 41 17 25 21 16 18 7 10 8 5 5 3 9 5 4 3
4 7 22 12 15 16 16 30 36 40 44 59 57 55 74 55 60 69 55 45 45 62 57 52 49 53 52 46 39 21 19 15 19 14 3 1 6 16 24 29 25 43 61 50 53 60 50 39 53 74 66 60 57 38 41 29 20 20 8 8 9 6 12 9 20 29 50 47 32 40 36 43 34 22 20 27 42 51 30 47 42 37 25 19 13 13 17 12 5 7 5 2 6 10 1 2
6 4 17 26 19 21 19 34 43 45 43 49 64 70 72 68 58 73 56 39 48 82 59 73 52 55 60 57 43 27 32 27 18 9 4 3 3 11 33 50 46 52 47 65 54 58 50 42 50 41 36 35 46 48 24 17 15 13 10 12 12 6 8 14 25 36 38 34 44 24 37 24 16 21 24 55 45 56 59 19 35 30 36 32 19 14 28 18 7 9 4 5 10 7 3 5
7 6 14 34 35 26 32 41 43 47 55 44 60 71 71 60 58 46 58 40 49 66 66 75 60 55 48 44 44 32 43 22 15 9 9 5 7 15 27 40 66 70 66 53 66 40 41 56 43 33 31 37 37 34 64 32 12 12 11 11 9 9 11 8 12 15 35 45 27 16 18 26 28 43 38 61 57 59 41 46 38 21 40 29 20 24 27 13 15 8 4 5 18 6 4 6
12 29 25 28 41 28 25 44 47 48 59 47 26 36 74 77 72 54 49 66 47 80 81 51 60 65 37 41 35 42 33 29 20 7 8 6 8 24 29 37 40 59 57 69 59 60 38 57 62 33 47 53 47 46 43 19 20 10 14 6 5 8 13 16 17 19 44 13 21 8 25 42 59 33 45 63 40 43 56 45 13 20 39 41 40 29 19 11 15 11 6 7 14 13 10 9
15 20 40 43 46 33 31 47 47 48 50 57 49 50 56 73 68 35 44 69 45 79 65 66 63 44 25 45 35 42 49 33 30 15 10 7 10 29 32 48 64 53 41 66 42 53 54 42 56 54 67 58 55 43 37 19 19 7 7 10 4 6 20 19 8 31 17 15 42 36 55 44 40 55 47 30 45 65 33 16 14 39 55 40 38 35 18 13 10 10 16 10 8 25 13 12
26 33 38 50 48 39 48 49 52 50 34 52 51 61 59 64 66 68 74 77 73 73 61 63 54 59 52 50 58 36 48 49 31 20 21 7 10 29 53 51 58 55 57 59 57 48 57 27 47 47 57 51 45 32 35 24 33 14 10 6 6 11 3 13 10 21 18 34 34 30 28 45 65 72 49 39 67 51 46 33 34 39 15 20 39 39 17 15 13 18 18 11 9 43 17 23
29 38 34 40 15 32 61 42 55 57 48 47 60 64 54 65 53 75 71 79 71 64 73 55 50 59 72 68 39 50 41 46 41 22 19 8 10 34 39 52 53 46 67 63 61 47 31 68 42 72 45 49 31 48 32 43 19 18 12 3 3 10 22 23 6 13 22 41 47 26 24 54 77 68 42 65 57 36 40 77 64 26 31 43 29 21 24 10 14 21 22 15 22 50 36 29
31 25 14 9 9 17 59 43 28 36 47 35 39 58 75 72 42 43 73 63 71 68 73 71 33 57 73 49 44 47 35 56 48 40 16 3 8 25 33 55 48 48 56 67 72 65 37 27 12 14 54 58 25 39 32 44 26 15 8 4 5 14 12 26 19 16 22 20 42 30 37 67 73 43 51 68 58 13 55 51 37 50 63 49 31 25 19 7 23 24 25 17 34 72 46 25
37 38 31 32 30 23 36 60 23 27 25 49 41 50 71 64 74 44 56 74 68 78 78 77 59 38 58 62 55 37 62 47 45 31 16 7 7 14 36 60 30 51 69 70 66 50 47 45 40 37 31 36 56 27 12 12 11 6 8 2 5 6 4 9 15 11 17 10 16 23 56 48 54 64 44 41 27 27 46 39 41 60 55 36 25 9 8 7 18 24 25 22 42 55 45 16
52 40 46 44 29 35 32 36 44 41 35 66 46 50 45 53 71 75 69 82 81 72 76 59 30 45 56 50 46 52 61 50 29 28 31 14 11 8 26 40 14 30 40 40 44 40 39 32 67 59 43 36 30 20 18 10 6 23 2 1 1 5 7 6 22 24 12 8 36 44 21 36 22 41 37 32 14 57 48 65 44 39 26 25 25 13 10 19 20 31 30 39 43 59 19 16
35 37 45 41 45 31 27 45 64 65 31 30 58 58 31 33 28 48 75 75 47 43 47 50 58 21 53 59 38 68 50 45 42 30 32 16 23 8 17 38 48 24 34 42 27 36 16 9 21 34 21 57 50 36 14 2 1 1 2 2 2 4 4 11 15 24 9 34 33 21 28 28 35 36 16 28 53 62 70 40 39 38 39 42 24 14 11 24 34 34 33 27 54 62 48 18
37 58 46 47 48 47 36 52 66 53 53 37 27 47 57 34 56 45 33 66 44 57 64 62 51 41 55 39 39 67 53 53 37 19 30 16 20 13 7 23 34 59 51 36 30 41 40 20 29 40 48 48 26 27 23 11 7 4 3 1 1 2 7 6 9 8 20 36 42 44 29 28 20 13 45 49 43 56 54 37 31 36 40 28 23 20 15 31 40 28 38 36 21 38 56 26
44 45 45 37 46 64 37 50 54 60 53 46 57 41 25 57 56 43 45 66 70 30 27 43 39 62 56 70 42 43 58 43 32 48 25 14 19 27 11 28 42 58 66 30 33 55 39 16 33 40 22 36 20 27 23 10 8 7 4 3 3 2 1 7 9 12 24 10 11 12 22 14 39 52 31 35 33 32 32 27 19 28 32 34 31 17 17 24 43 30 44 32 36 33 45 32
40 42 60 45 55 63 28 44 57 64 60 51 55 56 67 50 70 81 58 61 63 35 45 49 55 75 67 76 48 49 50 49 53 27 20 13 14 41 18 18 33 47 37 42 48 52 13 9 61 79 29 36 30 14 11 9 17 6 3 1 2 2 2 5 6 5 5 12 24 32 36 41 22 29 23 14 18 37 29 26 37 53 30 28 32 16 29 31 47 28 35 11 5 16 40 62
42 49 62 60 52 49 29 43 60 65 63 51 40 40 59 72 52 44 63 60 42 28 45 37 65 62 78 60 56 70 65 56 33 31 13 5 6 44 19 19 21 35 34 33 42 41 3 20 34 38 52 39 27 7 5 3 3 2 3 1 1 3 1 1 1 1 3 12 37 55 56 53 30 19 15 22 59 48 32 34 49 38 35 47 14 20 34 41 28 21 10 8 22 28 29 47
48 31 35 61 51 61 49 23 56 58 65 52 55 39 52 43 67 41 34 42 29 47 46 47 45 68 57 69 70 79 60 60 46 38 27 4 23 41 17 19 29 17 29 34 33 28 8 21 20 24 32 23 31 26 20 6 4 4 4 3 1 6 1 1 1 4 12 39 18 26 38 20 14 18 33 44 49 34 28 60 51 43 47 21 19 37 58 26 9 8 14 30 24 58 45 49
44 15 40 57 64 58 59 39 26 48 60 39 50 48 58 63 51 47 48 45 19 52 82 56 52 54 39 49 55 59 60 60 38 23 25 13 25 21 29 21 37 31 29 35 43 35 23 18 15 20 19 32 17 21 15 6 4 4 4 7 3 3 2 1 2 15 7 15 20 14 31 34 24 43 41 46 49 47 46 60 47 31 20 14 38 50 15 7 9 19 23 44 50 52 56 45
40 22 25 18 49 58 67 45 10 29 51 37 49 39 72 64 50 21 33 42 27 57 63 49 47 23 55 62 61 56 59 44 46 38 22 20 22 17 23 17 7 28 25 41 36 40 47 60 46 40 28 49 30 12 7 3 6 3 3 6 5 1 1 2 12 15 5 12 9 12 20 45 50 66 33 28 56 57 43 37 24 35 10 29 35 15 4 18 22 33 37 40 46 60 61 48
53 37 44 15 49 66 63 41 15 10 12 42 54 36 40 55 33 46 44 51 47 25 49 59 42 35 60 65 57 49 41 36 47 37 34 34 36 12 28 22 11 13 21 29 38 26 21 18 19 17 14 27 11 7 8 22 16 5 4 1 1 0 2 8 5 6 5 6 17 7 18 45 50 50 40 43 62 58 52 41 26 16 28 30 18 6 15 35 34 32 41 37 49 49 51 51
63 32 48 17 23 55 42 23 16 15 18 21 32 64 52 49 42 37 33 49 38 49 66 45 45 61 39 55 59 52 37 45 35 24 39 37 25 23 20 32 22 14 19 21 27 24 39 25 21 32 41 28 12 10 3 13 11 7 4 5 4 4 1 4 7 3 3 7 9 13 21 38 47 50 40 36 36 37 58 24 15 16 27 10 12 32 35 35 36 37 38 31 25 21 34 53
52 32 46 25 17 54 44 48 37 35 24 26 37 51 59 64 66 55 37 35 30 34 44 54 66 56 68 70 57 38 42 43 27 23 59 38 24 28 21 10 11 17 18 32 28 30 39 25 36 27 34 16 29 12 4 7 30 11 3 4 5 1 1 1 2 6 3 6 12 13 16 32 47 47 43 19 32 53 43 42 38 20 9 15 19 24 23 46 46 34 43 33 31 21 28 12
42 34 49 38 29 34 24 51 29 28 32 26 39 35 31 45 44 44 39 38 51 24 33 69 63 65 55 45 50 45 45 43 41 26 47 37 36 24 38 14 30 32 13 18 32 44 47 34 40 43 25 14 28 8 8 13 18 6 5 4 3 1 1 1 8 6 16 18 5 6 23 25 18 31 31 23 46 62 72 40 23 13 6 17 11 47 39 33 40 45 63 57 31 27 31 13
56 35 49 37 25 22 15 39 49 36 36 36 32 35 29 47 37 35 19 21 39 19 47 59 65 46 54 57 50 44 39 42 35 45 49 38 49 64 26 19 22 22 25 19 43 27 36 38 29 28 38 30 15 11 16 14 27 6 5 3 2 1 1 1 2 3 23 19 7 10 14 17 35 43 21 62 59 46 40 39 17 5 13 29 25 31 46 28 42 54 51 55 26 22 27 13
57 38 63 41 20 22 36 24 59 31 50 47 28 20 28 24 23 32 26 21 9 43 36 33 41 38 58 47 35 42 43 22 37 48 30 59 32 63 40 20 37 19 36 25 37 46 39 37 24 37 35 19 14 23 16 16 9 8 4 6 3 2 1 1 1 7 14 10 12 17 12 10 25 29 62 52 29 32 33 39 22 14 17 34 53 36 40 50 52 42 44 34 27 20 24 12
52 36 66 42 18 16 64 40 40 33 36 47 27 35 30 28 28 35 31 19 8 17 8 12 26 29 62 63 56 38 26 22 36 56 45 26 45 42 37 22 35 11 32 12 25 39 49 40 28 39 26 34 15 14 26 19 18 6 6 8 2 0 0 1 1 2 4 14 24 13 14 25 44 60 48 24 23 59 39 26 22 16 34 23 49 51 33 45 45 40 36 22 46 24 18 8
63 35 55 26 18 24 37 40 32 62 56 38 38 27 28 27 39 32 29 27 7 12 15 38 47 51 49 48 47 33 20 23 53 41 45 38 61 33 26 23 35 11 30 22 25 33 57 40 28 39 38 36 15 7 20 18 11 3 5 3 4 1 1 2 2 2 3 11 8 11 14 30 31 25 29 24 26 46 30 10 10 22 44 43 46 45 19 34 59 53 32 21 42 12 17 14
64 38 55 26 18 26 26 63 37 59 70 61 33 22 19 32 53 35 10 19 4 16 16 30 21 26 25 43 24 19 34 24 71 51 52 49 50 26 18 45 23 18 19 52 53 37 39 36 49 39 30 28 25 17 16 10 14 8 5 2 1 1 2 2 2 2 2 4 13 11 15 11 22 19 37 32 41 44 38 13 10 38 45 48 44 43 17 29 45 44 19 20 18 22 24 22
75 64 23 41 21 21 43 60 45 36 59 53 61 17 38 60 36 32 18 15 10 8 16 12 16 20 49 28 36 34 32 45 13 29 15 34 29 20 12 43 20 16 4 22 71 42 31 46 46 34 32 25 20 12 27 26 21 11 4 3 1 1 2 1 1 3 2 5 14 5 15 18 27 22 35 46 26 42 34 20 18 46 34 30 37 27 33 33 24 31 42 22 17 34 25 18
61 29 26 36 22 20 60 57 61 31 21 40 65 12 25 21 19 30 16 18 4 4 16 30 33 28 23 41 40 24 55 24 38 24 43 36 24 30 17 33 15 29 14 16 48 58 38 38 47 45 35 31 18 20 12 8 14 5 4 4 1 1 1 1 2 2 3 5 10 13 28 40 43 34 43 59 10 51 30 27 27 26 35 19 26 20 36 48 32 21 35 23 19 22 27 22
58 34 16 42 32 30 45 12 36 54 16 25 54 34 12 21 20 18 10 10 10 19 42 20 23 23 35 52 32 35 31 42 54 68 47 34 55 24 33 38 18 18 20 24 35 41 30 64 40 34 26 33 33 21 6 9 13 8 5 3 3 1 1 1 1 2 2 3 5 11 20 25 41 54 38 16 29 51 41 19 16 24 43 18 29 36 41 27 38 26 15 28 32 23 14 17
61 17 30 42 26 28 37 9 10 12 31 54 25 37 15 18 11 10 5 13 11 9 10 21 19 20 21 33 39 45 26 35 52 35 23 52 25 17 44 24 33 37 29 29 33 39 32 32 46 21 16 12 25 28 10 7 6 4 3 4 2 1 1 0 1 1 4 5 8 17 15 31 35 19 31 25 38 27 16 9 13 38 34 37 23 30 34 26 21 28 28 17 13 26 9 8
66 18 26 45 25 45 41 21 8 12 26 45 57 52 18 11 17 16 17 4 5 6 19 30 14 10 26 55 31 26 21 49 20 32 59 14 21 27 38 20 37 34 26 47 48 54 44 26 30 29 15 14 25 24 18 10 5 2 1 1 1 2 1 0 0 2 4 7 7 19 23 44 35 22 7 26 44 13 17 16 21 30 38 32 20 29 24 23 11 33 19 37 18 8 5 4
49 21 28 53 18 40 53 36 17 16 11 31 22 35 36 8 11 11 7 13 10 8 8 8 4 12 38 44 47 13 53 13 17 49 38 20 32 37 48 32 10 45 41 46 62 51 40 15 24 44 35 11 6 11 14 15 4 4 2 1 0 1 2 1 1 9 23 9 5 8 31 42 31 17 9 35 33 23 19 15 18 27 29 33 30 19 10 26 17 29 23 8 23 6 7 11
44 22 22 47 16 38 44 15 14 17 23 24 13 16 18 17 5 8 9 3 4 3 5 4 6 12 65 28 32 15 49 31 12 57 30 17 33 59 42 28 17 41 46 54 28 49 33 29 16 14 19 25 9 6 8 13 6 3 1 1 0 1 1 1 7 10 13 20 22 30 39 43 31 7 14 36 23 11 11 17 21 18 36 13 18 16 10 12 18 11 22 7 7 18 13 9
66 28 49 29 11 51 24 13 19 14 34 14 29 14 8 9 4 2 3 3 10 19 6 3 4 10 34 20 9 40 26 20 42 40 35 16 27 60 61 33 19 33 34 56 54 43 21 25 24 9 8 8 13 9 4 1 4 1 2 1 2 2 2 14 27 36 46 48 47 67 46 45 27 5 39 50 13 11 13 21 18 21 33 16 30 28 6 11 16 10 11 5 6 5 6 11
65 48 8 11 10 35 12 15 26 29 24 23 23 18 4 6 3 1 5 5 7 6 2 5 4 17 19 10 28 9 19 45 40 22 23 33 45 68 58 26 24 40 35 43 38 24 36 37 19 18 14 6 12 10 6 2 2 2 1 1 2 2 5 7 7 6 32 48 58 70 71 47 7 26 41 54 21 3 10 37 18 37 17 25 16 36 5 16 18 9 12 4 19 4 9 3
55 13 10 15 16 20 4 13 18 27 12 29 34 14 6 4 5 1 2 1 6 6 1 4 4 29 4 23 31 8 43 45 18 14 37 34 17 69 53 13 21 30 26 35 41 31 23 23 14 9 12 5 3 8 4 2 1 1 1 1 3 4 10 10 16 13 35 63 73 61 56 7 17 32 48 56 39 9 22 25 19 20 19 23 23 27 4 7 17 11 16 8 6 4 4 4
