sesion_6_simulaciones/modelos_agentes/ejemplos_netlogo/scenarios/cgcm2_a2/rob_2099.asc
NCOLS 322 
NROWS 307 
XLLCORNER 451900 
YLLCORNER 4086900 
CELLSIZE 100 
NODATA_value -9999 
[rows 0 to 71 of 307, columns 96 to 191 of 322]
0 0 0 0 0 0 0 0 0 0 0 0 0 0 0 0 0 0 0 0 0 0 0 0 0 0 0 0 0 0 0 0 0 0 0 0 0 0 0 0 0 0 0 1 1 1 1 1 2 1 0 0 0 0 0 0 0 0 0 0 0 0 0 0 0 0 0 0 0 0 0 0 0 0 0 0 1 1 1 8 6 4 8 10 17 10 11 12 14 19 8 4 2 1 1 2
0 0 0 0 0 0 0 0 0 0 0 0 0 0 0 0 0 0 0 0 0 0 0 0 0 0 0 0 0 0 0 0 0 0 0 0 0 0 0 0 0 0 0 0 3 6 3 1 6 2 1 1 0 0 0 0 0 0 0 0 0 0 0 0 0 0 0 0 0 0 0 0 1 0 1 1 3 1 1 2 3 3 6 10 13 8 8 11 11 7 8 4 5 2 2 2
0 0 0 0 0 0 0 0 0 0 0 0 0 0 0 0 0 0 0 0 0 0 0 0 0 0 0 0 0 0 0 0 0 0 0 0 0 0 0 0 0 0 0 0 0 0 0 0 5 2 2 2 0 1 0 0 0 0 0 0 0 0 0 0 1 0 0 0 0 0 0 0 0 0 1 1 4 6 3 2 2 2 5 5 10 7 9 12 4 4 6 3 4 3 1 1
0 0 0 0 0 0 0 0 0 0 0 0 0 0 0 0 0 0 0 0 0 0 0 0 0 0 0 0 0 0 0 0 0 0 0 0 0 0 0 1 1 1 1 0 0 0 0 0 0 0 0 0 0 0 0 0 0 0 0 0 0 0 1 1 1 1 1 0 0 0 0 0 0 0 0 1 1 1 1 1 2 2 5 5 7 5 4 5 3 3 5 4 2 2 1 3
0 0 0 0 0 0 0 0 0 0 0 0 0 0 0 0 0 0 0 0 0 0 0 0 0 0 0 0 0 0 0 0 0 0 0 0 0 0 1 2 4 3 2 1 0 0 0 0 0 0 0 0 0 1 0 0 0 0 0 0 0 1 1 1 0 0 1 0 0 1 0 0 0 0 0 0 1 1 1 1 1 1 7 4 3 3 3 5 3 3 3 4 1 1 2 3
0 0 0 0 0 0 0 0 0 0 0 0 0 0 0 0 0 0 0 0 0 0 0 0 0 0 0 0 0 0 0 0 0 0 0 0 0 1 3 2 5 6 5 1 0 0 0 0 0 0 0 1 0 0 0 0 0 0 0 0 0 1 0 0 0 0 0 0 0 0 0 0 1 1 0 0 0 0 0 1 1 1 1 2 2 2 2 3 3 2 2 1 1 3 4 1
0 0 0 0 0 0 0 0 0 0 0 0 0 0 0 0 0 0 0 0 0 0 0 0 0 0 0 0 0 0 0 0 0 0 0 1 2 3 4 6 9 9 2 1 1 2 1 1 1 1 0 1 0 0 0 0 0 0 0 0 0 0 0 0 0 0 0 1 0 0 0 0 0 0 1 0 0 0 0 0 0 0 0 0 1 1 1 2 1 1 1 1 1 2 1 1
0 0 0 0 0 0 0 0 0 0 0 0 0 0 0 0 0 0 0 0 0 0 0 0 0 0 0 0 0 0 0 0 0 0 0 2 2 5 8 7 7 1 2 2 4 2 2 4 1 1 0 0 1 1 0 0 0 1 1 1 0 0 0 0 0 0 0 0 1 0 0 0 0 0 0 0 1 2 1 0 0 1 0 1 2 1 1 1 2 3 1 1 0 1 1 1
0 0 0 0 0 0 0 0 0 0 0 0 0 0 0 0 0 0 0 0 0 0 0 0 0 0 0 0 0 0 0 0 0 1 2 1 1 1 1 2 4 2 1 3 9 5 2 2 3 1 1 0 5 1 0 1 0 1 0 0 1 0 0 0 0 0 0 0 0 0 0 0 0 0 0 0 0 0 0 1 2 4 1 1 0 0 1 4 1 2 1 4 2 1 1 2
0 0 0 0 0 0 0 0 0 0 0 0 0 0 0 0 0 0 0 0 0 0 0 0 0 0 0 0 0 0 0 0 0 0 1 1 1 2 1 2 1 1 2 5 14 4 1 1 2 2 1 0 1 11 3 2 0 0 0 1 0 1 0 0 0 0 0 0 0 0 0 0 0 0 0 1 0 0 3 3 1 3 1 1 0 0 0 1 1 2 1 3 12 5 1 1
0 0 0 0 0 0 0 0 0 0 0 0 0 0 0 0 0 0 0 0 0 0 0 0 0 0 0 0 0 0 0 0 2 2 1 1 2 4 5 3 2 1 1 1 6 2 2 2 2 1 2 1 1 1 11 3 0 0 0 1 0 0 0 0 0 0 0 0 0 1 1 1 1 0 1 1 1 0 0 3 1 2 2 3 1 1 1 1 6 4 3 4 13 12 4 1
0 0 0 0 0 0 0 0 0 0 0 0 0 0 0 0 0 0 0 0 0 0 0 0 0 0 0 0 0 0 1 1 1 1 1 1 2 8 5 4 3 1 2 3 4 1 2 5 2 2 4 1 2 4 1 3 1 0 1 1 0 0 0 0 0 0 1 0 1 5 5 7 0 1 2 1 1 1 1 4 1 0 2 5 1 1 1 2 5 3 3 3 9 8 7 4
0 0 0 0 0 0 0 0 0 0 0 0 0 0 0 0 0 0 0 0 0 0 0 0 0 0 0 0 0 0 1 1 1 1 2 6 7 2 3 8 3 1 1 7 5 2 3 3 3 4 7 5 5 9 4 2 2 1 2 0 0 0 0 0 0 0 0 1 2 1 4 3 2 1 0 2 0 1 0 1 2 0 3 9 1 1 4 2 2 13 5 1 3 4 12 14
0 0 0 0 0 0 0 0 0 0 0 0 0 0 0 0 0 0 0 0 0 0 0 0 0 0 0 0 0 0 1 1 1 1 1 1 1 1 1 2 3 1 0 0 2 1 3 3 11 15 18 19 9 11 4 6 4 2 1 2 0 0 1 1 1 1 0 0 1 0 0 0 1 1 0 1 0 1 1 0 0 0 2 5 6 2 3 5 3 3 10 3 7 11 37 16
0 0 0 0 0 0 0 0 0 0 0 0 0 0 0 0 0 0 0 0 0 0 0 0 0 0 0 0 0 0 0 0 0 1 1 1 1 1 1 0 2 0 2 1 0 1 4 8 10 28 31 27 14 21 10 17 9 4 3 4 0 1 2 1 1 1 0 0 0 0 0 1 3 1 1 2 1 1 0 1 2 0 2 7 13 2 1 2 3 3 2 2 7 11 12 10
0 0 0 0 0 0 0 0 0 0 0 0 0 0 0 0 0 0 0 0 0 0 0 0 0 0 0 0 0 0 0 0 1 1 1 2 5 6 3 1 1 1 0 1 1 1 1 9 10 13 18 11 13 12 17 8 8 4 5 4 0 1 0 1 2 1 0 0 1 0 0 3 2 2 0 0 1 1 1 2 2 2 2 10 21 43 9 6 3 3 3 2 11 37 20 7
0 0 0 0 0 0 0 0 0 0 0 0 0 0 0 0 0 0 0 0 0 0 0 0 0 0 0 0 0 0 0 0 0 1 1 2 5 9 8 0 1 1 1 1 3 3 4 1 5 11 6 7 4 5 12 15 10 8 8 6 1 2 1 1 2 0 0 0 0 0 0 2 1 1 0 0 1 1 4 2 3 3 5 10 29 47 44 5 4 4 5 4 14 36 26 30
0 0 0 0 0 0 0 0 0 0 0 0 0 0 0 0 0 0 0 0 0 0 0 0 0 0 0 0 0 0 0 0 0 0 1 4 3 5 6 3 4 6 4 4 7 7 11 6 2 1 1 1 1 0 4 25 49 56 13 3 8 2 2 1 2 1 0 1 0 0 3 2 2 1 0 2 3 1 3 2 2 3 2 1 21 25 28 19 10 6 7 6 8 23 29 7
0 0 0 0 0 0 0 0 0 0 0 0 0 0 0 0 0 0 0 0 0 0 0 0 0 0 0 0 0 0 0 0 0 1 1 2 1 1 2 8 6 8 9 14 13 7 11 11 5 4 3 4 4 1 1 6 50 51 18 5 4 4 1 1 1 0 0 1 0 2 4 4 3 8 1 1 3 4 5 19 5 4 2 2 5 16 24 20 30 12 11 13 6 17 50 9
0 0 0 0 0 0 0 0 0 0 0 0 0 0 0 0 0 0 0 0 0 0 0 0 0 0 0 0 0 0 0 0 0 0 0 0 1 1 2 3 10 11 11 5 8 4 9 14 7 6 7 2 4 1 3 2 9 13 18 13 7 2 1 2 2 0 0 2 6 3 9 20 2 19 2 1 4 18 6 24 20 9 9 4 5 34 54 36 51 25 20 13 5 12 46 30
0 0 0 0 0 0 0 0 0 0 0 0 0 0 0 0 0 0 0 0 0 0 0 0 0 0 0 0 0 0 0 0 0 0 1 0 0 1 1 4 3 4 14 11 6 6 8 20 17 6 13 8 2 4 8 5 8 25 28 16 3 2 10 7 2 0 3 2 3 5 3 4 2 3 10 5 3 3 6 30 5 6 21 11 12 5 47 22 56 16 26 13 9 9 20 33
0 0 0 0 0 0 0 0 0 0 0 0 0 0 0 0 0 0 0 0 0 0 0 0 0 0 0 0 0 0 0 0 0 1 1 0 3 1 2 1 4 3 4 4 14 19 55 38 37 10 12 9 8 9 15 12 11 28 39 28 25 3 4 3 1 1 5 1 3 5 10 3 7 2 12 17 6 3 10 46 55 16 6 34 25 8 6 17 55 41 41 29 15 14 21 44
0 0 0 0 0 0 0 0 0 0 0 0 0 0 0 0 0 0 0 0 0 0 0 0 0 0 0 0 0 0 0 1 1 0 0 3 2 0 1 1 3 8 7 6 6 29 27 10 16 11 24 13 13 13 14 16 9 15 35 14 9 5 2 1 1 4 7 0 2 2 7 13 15 3 4 12 12 20 7 41 64 30 40 13 26 14 4 14 64 69 20 48 31 19 26 47
0 0 0 0 0 0 0 0 0 0 0 0 0 0 0 0 0 0 0 0 0 0 0 0 0 0 0 0 0 0 0 0 0 0 0 0 1 1 0 1 2 6 8 13 15 6 5 4 3 2 12 8 5 7 15 7 10 10 11 14 12 6 2 3 10 4 2 1 2 3 3 12 10 9 9 28 31 15 15 9 35 45 28 52 16 13 10 13 14 48 18 35 33 17 17 25
0 0 0 0 0 0 0 0 0 0 0 0 0 0 0 0 0 0 0 0 0 0 0 0 0 0 0 0 0 0 0 0 0 0 0 0 0 1 1 0 1 4 10 19 14 15 13 12 10 10 5 4 3 1 2 2 2 3 18 15 16 6 6 6 3 7 3 4 8 5 4 11 18 22 4 32 48 20 22 14 29 57 21 11 43 25 15 17 16 25 32 33 44 24 15 15
0 0 0 0 0 0 0 0 0 0 0 0 0 0 0 0 0 0 0 0 0 1 1 2 1 1 1 0 1 0 2 3 3 1 0 0 0 0 0 1 2 2 4 7 14 19 24 18 17 17 9 9 10 11 10 10 11 9 25 21 13 8 5 4 3 10 6 10 3 13 5 4 16 11 5 18 24 9 13 13 14 35 63 13 25 13 20 10 10 20 14 26 13 15 12 15
0 0 0 0 0 0 0 0 0 0 0 0 0 0 0 0 0 0 0 1 1 2 2 3 2 4 3 3 3 5 3 1 1 2 1 0 0 0 0 0 1 2 4 8 9 12 19 14 16 17 13 13 16 18 9 16 10 11 18 10 10 6 3 3 2 9 6 11 12 17 3 5 9 12 10 21 22 33 9 14 17 8 26 19 17 29 13 14 4 13 17 14 18 14 17 17
0 0 0 0 0 0 0 0 0 0 0 0 0 0 0 1 1 0 1 0 0 1 2 4 5 4 36 8 8 8 1 0 0 1 1 1 1 1 1 1 1 4 6 6 13 13 11 22 17 14 12 13 13 13 13 15 14 4 8 6 6 3 3 5 9 26 26 9 10 5 10 4 10 14 14 9 9 25 24 12 21 14 24 25 8 34 16 12 4 8 21 22 16 23 16 11
0 0 0 0 0 0 0 0 0 0 0 0 1 1 2 3 2 2 2 1 0 0 1 4 3 3 2 6 6 5 1 0 0 0 0 0 1 1 1 2 1 2 4 6 3 3 2 8 16 11 17 15 12 11 11 19 15 5 5 4 2 5 9 13 18 14 6 8 5 12 12 17 9 9 14 10 12 13 29 18 16 16 16 12 16 16 17 17 12 5 15 8 11 19 9 10
0 0 0 0 0 0 0 0 0 1 2 2 5 6 4 14 3 3 7 1 4 1 1 2 1 1 2 2 1 1 4 1 1 0 0 0 0 0 1 2 2 2 7 3 4 4 3 11 6 4 3 3 3 7 7 3 13 7 5 3 4 5 12 13 18 13 5 16 24 11 17 11 9 10 8 6 10 9 15 19 18 18 7 15 10 5 7 5 8 5 4 1 2 3 4 7
0 0 0 0 0 0 0 1 1 3 3 9 7 12 9 9 3 4 9 5 1 1 1 1 1 1 0 0 1 1 1 9 1 0 0 0 2 8 10 6 5 3 3 2 4 4 4 1 1 2 3 5 8 8 4 5 10 6 9 3 4 7 15 8 17 7 5 13 23 23 13 10 5 10 8 5 3 1 5 9 16 11 6 5 3 4 4 4 2 3 3 3 19 11 13 19
0 0 0 0 1 2 1 2 4 5 5 22 9 12 5 10 4 10 6 8 1 3 3 1 1 0 0 0 0 0 0 1 1 0 0 1 0 1 1 2 1 2 2 4 5 3 4 2 4 4 13 17 11 6 17 2 14 10 2 1 1 4 4 11 9 11 7 4 8 12 8 9 5 2 2 3 4 3 10 15 11 15 10 16 19 19 17 15 16 23 9 11 35 25 16 30
0 1 1 2 2 2 3 6 11 7 33 8 3 8 5 7 9 9 7 9 2 1 2 1 1 1 0 0 1 1 1 1 1 0 1 1 1 1 2 1 3 2 4 5 7 8 6 6 5 6 9 19 14 16 20 6 15 10 5 7 4 1 1 2 3 2 5 3 3 4 4 4 3 6 11 12 20 13 22 13 15 23 13 24 19 42 28 15 27 27 16 18 30 26 20 34
1 4 5 3 6 6 11 5 9 6 22 1 3 2 4 8 8 5 3 7 3 1 0 0 1 1 1 1 1 0 3 2 1 1 1 1 1 1 1 2 2 3 3 4 7 5 10 7 4 15 8 8 7 5 4 4 19 6 5 13 11 7 7 8 9 9 18 13 10 10 10 10 16 18 17 10 18 18 19 20 21 21 22 22 42 30 26 21 24 16 26 19 31 20 38 32
0 0 3 4 7 5 11 7 3 0 0 0 1 1 1 1 2 4 6 10 3 1 1 1 1 1 2 1 2 1 2 1 1 1 1 2 1 1 2 1 2 3 3 4 3 4 7 5 4 7 9 5 6 6 3 5 4 3 5 7 7 9 9 12 13 12 20 19 16 8 15 15 13 15 22 15 14 25 16 24 26 18 23 23 49 25 24 26 25 24 25 20 32 32 31 37
0 0 0 0 0 0 1 1 1 1 0 1 2 2 1 0 0 1 6 4 2 1 3 1 2 2 2 1 2 1 1 1 1 1 0 1 1 0 1 1 1 2 1 2 2 2 6 4 3 3 6 3 1 5 2 5 2 3 4 3 9 6 5 6 8 5 20 12 8 14 12 11 19 12 19 12 13 21 21 24 19 14 23 27 30 23 21 26 20 22 22 20 44 30 20 22
0 1 1 0 1 1 0 0 1 0 1 1 1 1 0 1 0 2 1 2 3 4 3 1 1 1 1 1 1 0 0 0 0 0 0 0 0 0 0 1 1 1 1 1 1 3 2 1 3 4 3 3 1 4 3 1 3 3 3 2 4 4 8 8 6 11 9 10 10 7 10 18 16 10 17 16 12 21 12 17 14 20 23 39 31 19 11 31 19 22 27 27 29 11 29 19
0 0 1 1 0 0 0 0 1 1 2 2 2 1 1 2 2 3 3 4 8 4 4 2 1 0 0 1 1 0 0 0 0 0 0 0 0 0 0 1 0 0 1 1 1 3 1 1 3 2 3 1 1 1 0 1 4 2 1 3 2 4 7 5 3 8 9 9 5 9 20 20 16 8 14 17 14 19 10 10 13 17 21 24 17 11 11 25 19 13 28 27 24 10 7 27
0 0 1 1 1 1 1 1 1 1 2 4 4 3 2 4 2 4 5 4 4 2 0 1 1 0 0 0 0 0 0 0 0 0 0 0 0 0 0 0 0 0 1 0 0 3 1 1 1 1 1 1 1 0 0 0 1 3 1 2 2 6 4 2 7 7 10 8 4 7 13 20 13 8 10 13 15 10 7 6 11 27 26 24 25 9 21 45 21 8 22 33 34 12 6 26
0 1 0 0 0 1 1 0 0 1 1 2 2 2 3 3 3 3 3 2 2 1 0 0 0 0 0 0 0 0 0 0 0 0 0 0 0 0 0 0 0 0 0 0 0 1 0 1 0 0 0 0 1 0 0 0 0 1 0 2 3 2 2 7 5 6 4 2 4 10 11 15 10 6 7 17 20 9 9 5 10 29 12 10 12 11 19 31 16 10 8 41 42 19 8 17
0 0 0 1 0 0 0 0 0 0 1 1 1 1 4 1 2 2 1 1 1 0 0 0 0 0 0 0 0 0 0 0 0 0 0 0 0 0 0 0 0 0 0 0 0 0 1 0 0 0 0 0 0 0 0 0 0 0 0 1 2 2 3 7 2 5 2 2 3 9 11 7 7 5 6 10 19 5 9 3 19 33 11 5 5 8 13 21 13 8 7 20 27 24 5 11
0 0 0 0 0 0 0 0 0 0 0 0 0 1 0 0 0 1 1 0 0 0 0 0 0 0 0 0 0 0 0 0 0 0 0 0 0 0 0 0 0 0 0 0 0 0 0 0 0 0 0 0 0 0 0 0 0 0 0 0 0 1 4 1 3 3 2 3 3 4 4 3 5 2 2 5 3 2 6 2 5 10 8 7 3 4 9 11 8 9 6 7 12 6 4 7
0 0 0 0 0 0 0 0 0 0 0 0 0 0 0 0 0 0 0 0 0 0 0 0 0 0 0 0 0 0 0 0 0 0 0 0 0 0 0 0 0 0 0 0 0 0 0 0 0 0 0 0 0 0 0 0 0 0 0 0 0 1 0 1 4 1 1 3 2 2 2 3 1 1 1 2 2 1 3 2 2 4 2 2 2 2 2 10 9 4 2 3 6 3 1 4
0 0 0 0 0 0 0 0 0 0 0 0 0 0 0 0 0 0 0 0 0 0 0 0 0 0 0 0 0 0 0 0 0 0 0 0 0 0 0 0 0 0 0 0 0 0 0 0 0 0 0 0 0 0 0 0 0 0 0 0 0 0 0 1 0 0 2 1 1 0 0 1 0 0 0 1 1 1 1 0 1 2 1 1 1 2 1 1 5 2 1 2 3 2 1 1
0 0 0 0 0 0 0 0 0 0 0 0 0 0 0 0 0 0 0 0 0 0 0 0 0 0 0 0 0 0 0 0 0 0 0 0 0 0 0 0 0 0 0 0 0 0 0 0 0 0 0 0 0 0 0 0 0 0 0 0 0 0 0 0 0 1 0 0 0 0 0 1 0 0 0 0 0 1 1 0 0 0 0 1 1 1 1 1 2 1 1 1 1 0 1 0
0 0 0 0 0 0 0 0 0 0 0 0 0 0 0 0 0 0 0 0 0 0 0 0 0 0 0 0 0 0 0 0 0 0 0 0 0 0 0 0 0 0 0 0 0 0 0 0 0 0 0 0 0 0 0 0 0 0 0 0 0 0 0 0 0 0 0 0 0 0 0 0 0 0 0 0 0 0 0 0 0 0 0 0 0 0 0 0 1 0 0 0 1 1 1 1
0 0 0 0 0 0 0 0 0 0 0 0 0 0 0 0 0 0 0 0 0 0 0 0 0 0 0 0 0 0 0 0 0 0 0 0 0 0 0 0 0 0 0 0 0 0 0 0 0 0 0 0 0 0 1 0 0 0 0 0 0 0 0 0 0 0 0 0 0 0 0 0 0 0 0 0 0 0 0 0 0 0 0 0 1 0 0 0 0 1 0 1 1 1 3 8
0 0 0 0 0 0 0 0 0 0 0 0 0 0 0 0 0 0 0 0 0 0 0 0 0 0 0 0 0 0 0 0 0 0 0 0 0 0 0 0 0 0 0 0 0 0 0 0 0 0 0 0 0 0 0 0 0 0 0 0 0 1 0 0 0 0 0 0 0 0 0 0 0 1 1 1 1 3 1 0 1 1 1 1 0 3 2 2 1 0 1 0 1 4 1 4
0 0 0 0 0 0 0 0 0 0 0 0 0 0 0 0 0 0 0 0 0 0 0 0 0 0 0 0 0 0 0 0 0 0 0 0 0 0 0 0 0 0 0 0 0 0 0 0 0 0 0 0 0 0 0 0 1 0 1 0 0 0 0 0 0 0 0 0 2 0 0 0 0 0 0 1 0 1 0 6 0 1 3 1 0 3 1 2 3 4 3 0 2 3 1 1
0 0 0 0 0 0 0 0 0 0 0 0 0 0 0 0 0 0 0 0 0 0 0 0 0 0 0 0 0 0 0 0 0 0 0 0 0 0 0 0 0 0 0 0 0 0 0 0 0 0 0 0 0 0 0 1 0 0 0 1 0 0 0 0 0 0 0 0 1 0 0 0 1 0 0 2 0 0 0 3 2 1 0 2 2 7 2 6 7 7 1 5 1 1 4 11
0 0 0 0 0 0 0 0 0 0 0 0 0 0 0 0 0 0 0 0 0 0 0 0 0 0 0 0 0 0 0 0 0 0 0 0 0 0 0 0 0 0 0 0 0 0 0 0 0 0 0 0 0 1 1 3 0 1 2 1 1 0 0 0 0 2 1 2 1 1 0 0 1 0 1 2 0 0 0 1 1 1 0 0 1 6 5 7 14 4 1 10 2 2 7 8
0 0 0 0 0 0 0 0 0 0 0 0 0 0 0 0 0 0 0 0 0 0 0 0 0 0 0 0 0 0 0 0 0 0 0 0 0 0 0 0 0 0 0 0 0 0 0 0 0 1 2 3 1 2 4 8 1 2 4 2 1 0 1 1 0 0 0 0 1 5 0 0 1 0 1 2 6 0 1 10 3 5 3 1 1 2 7 8 4 3 6 23 2 2 2 2
0 0 0 0 0 0 0 0 0 0 0 0 0 0 0 0 0 0 0 0 0 0 0 0 0 0 0 0 0 0 0 0 0 0 0 0 0 0 0 0 0 0 0 1 1 0 0 0 0 1 3 2 2 1 3 14 1 1 3 2 3 2 2 4 0 1 1 0 1 4 2 1 0 1 3 13 6 4 1 17 1 7 11 2 2 2 7 3 4 2 18 29 7 3 8 3
0 0 0 0 0 0 0 0 0 0 0 0 0 0 0 0 0 0 0 0 0 0 0 0 0 0 0 0 0 0 0 0 0 0 0 0 0 0 0 0 0 0 1 0 3 0 0 0 0 1 4 2 1 0 0 2 5 6 7 6 14 4 5 5 2 1 2 1 6 2 8 2 1 1 3 9 10 9 4 9 11 8 13 16 4 3 2 2 1 3 18 9 17 5 8 6
0 0 0 0 0 0 0 0 0 0 0 0 0 0 0 0 0 0 0 0 0 0 0 0 0 0 0 0 0 0 0 0 0 0 0 0 0 0 0 0 0 0 0 0 0 0 2 1 0 0 1 0 0 0 0 0 0 3 4 3 4 7 6 4 10 1 2 1 0 10 37 2 1 1 7 5 6 6 2 4 5 2 17 32 12 6 1 2 2 2 2 4 27 5 4 9
0 0 0 0 0 0 0 0 0 0 0 0 0 0 0 0 0 0 0 0 0 0 0 0 0 0 0 0 0 0 0 0 0 0 0 0 0 0 0 0 0 0 0 0 0 0 0 1 1 0 0 0 1 0 0 1 1 0 1 2 2 1 2 6 14 5 2 3 5 13 33 3 1 1 1 3 7 5 8 11 7 1 11 24 31 4 3 2 6 7 3 5 44 10 10 19
0 0 0 0 0 0 0 0 0 0 0 0 0 0 0 0 0 0 0 0 0 0 0 0 0 0 0 0 0 0 0 0 0 0 0 0 0 0 0 0 0 0 0 0 0 0 0 0 1 0 1 2 2 2 1 1 1 1 1 0 0 0 0 17 11 10 4 2 3 12 22 17 7 1 1 4 7 5 6 5 12 8 3 40 41 17 6 5 11 6 16 49 47 41 18 23
0 0 0 0 0 0 0 0 0 0 0 0 0 0 0 0 0 0 0 0 0 0 0 0 0 0 0 0 0 0 0 0 0 0 0 0 0 0 0 0 0 0 0 0 0 0 0 1 1 0 1 6 8 7 8 5 2 2 2 2 2 1 2 4 5 8 8 3 1 10 6 24 22 3 2 9 10 9 5 15 27 7 4 6 38 51 10 6 24 25 20 32 13 42 10 9
0 0 0 0 0 0 0 0 0 0 0 0 0 0 0 0 0 0 0 0 0 0 0 0 0 0 0 0 0 0 0 0 0 0 0 0 0 0 0 1 0 0 0 0 0 0 1 1 1 1 1 4 24 37 16 18 12 10 7 6 30 32 35 23 12 11 7 4 2 1 5 12 46 17 14 3 9 12 6 1 4 11 10 27 41 63 21 13 7 15 12 8 50 48 66 22
0 0 0 0 0 0 0 0 0 0 0 0 0 0 0 0 0 0 0 0 0 0 0 0 0 0 0 0 0 0 0 0 0 0 0 0 0 0 2 1 1 1 0 1 1 1 1 2 2 2 1 3 15 29 27 34 48 35 13 8 6 10 15 29 43 36 34 20 7 0 2 19 23 20 13 15 8 3 6 6 21 22 9 11 11 50 41 15 7 9 12 11 8 35 31 38
0 0 0 0 0 0 0 0 0 0 0 0 0 0 0 0 0 0 0 0 0 0 0 0 0 0 0 0 0 0 0 0 0 0 0 0 0 0 0 0 0 6 4 1 4 2 1 2 2 3 4 2 2 3 24 23 21 49 51 30 24 18 11 16 25 48 49 49 40 30 13 29 15 41 13 13 8 6 10 8 7 12 7 26 13 47 66 12 7 22 23 12 11 17 36 50
0 0 0 0 0 0 0 0 0 0 0 0 0 0 0 0 0 0 0 0 0 0 0 0 0 0 0 0 0 0 0 0 0 0 0 0 0 0 0 1 0 0 1 8 10 18 10 5 4 2 4 6 6 4 7 15 14 11 32 33 33 41 49 33 13 15 53 60 59 36 31 54 29 66 40 22 19 20 10 6 7 21 7 18 24 12 58 24 7 20 28 22 7 4 36 56
0 0 0 0 0 0 0 0 0 0 0 0 0 0 0 0 0 0 0 0 0 0 0 0 0 0 0 0 0 0 0 0 0 0 0 0 0 0 0 1 1 1 1 1 1 16 22 16 6 4 3 7 7 5 2 2 2 3 2 3 10 20 16 33 39 15 19 34 29 26 44 43 41 38 47 48 56 40 18 24 24 22 8 10 44 56 28 42 13 5 29 27 11 24 62 20
0 0 0 0 0 0 0 0 0 0 0 0 0 0 0 0 0 0 0 0 0 0 0 0 0 0 0 0 0 0 0 0 0 0 0 0 0 0 0 0 1 1 2 2 4 4 1 1 7 7 11 3 4 3 4 6 6 7 7 6 8 3 2 4 6 4 4 3 4 17 26 39 35 30 23 21 19 46 38 28 22 16 40 33 34 49 38 50 31 9 10 26 42 75 37 66
0 0 0 0 0 0 0 0 0 0 0 0 0 0 0 0 0 0 0 0 0 0 0 0 0 0 0 0 0 0 0 0 0 0 0 0 0 0 0 0 0 1 1 2 3 3 3 4 3 2 2 1 3 7 7 10 10 12 13 23 9 2 3 8 9 17 9 11 3 2 8 31 21 12 12 15 20 34 40 53 44 19 15 19 20 24 39 51 55 17 9 23 82 54 45 58
0 0 0 0 0 0 0 0 0 0 0 0 0 0 0 0 0 0 0 0 0 0 0 0 0 0 0 0 0 0 0 0 0 0 0 0 0 0 0 0 0 0 0 1 1 2 1 3 3 3 5 7 8 10 7 6 13 17 19 24 11 9 10 15 14 11 16 10 5 9 7 2 2 2 4 3 8 9 4 10 19 12 13 10 12 13 37 48 37 23 10 64 63 35 69 66
0 0 0 0 0 0 0 0 0 0 0 0 0 0 0 0 0 0 0 0 0 0 0 0 0 0 0 0 0 0 0 0 0 0 0 0 0 0 0 0 0 0 0 0 1 1 2 2 4 3 5 2 2 4 6 7 10 12 23 20 12 12 13 12 19 23 28 25 14 16 5 2 1 4 4 9 24 15 11 10 11 8 5 8 9 14 22 32 53 46 19 80 27 20 63 74
0 0 0 0 0 0 0 0 0 0 0 0 0 0 0 0 0 0 0 0 0 0 0 0 0 0 0 0 0 0 0 0 0 0 0 0 0 0 0 0 0 0 1 0 1 1 1 2 2 1 4 2 2 2 3 4 10 13 19 14 6 9 8 15 17 33 31 34 28 17 12 13 12 17 17 25 32 23 14 15 29 37 25 14 20 14 7 14 29 62 42 77 28 27 74 89
0 0 0 0 0 0 0 0 0 0 0 0 0 0 0 0 0 0 0 0 0 0 0 0 0 0 0 0 0 0 0 0 0 0 0 0 0 0 0 0 0 0 0 0 0 1 1 1 1 1 2 2 1 1 2 3 6 7 6 6 6 6 8 9 11 30 30 26 24 12 20 20 22 23 20 21 32 20 21 21 24 28 19 36 40 27 30 11 18 41 40 40 40 27 53 71
0 0 0 0 0 0 0 0 0 0 0 0 0 0 0 0 0 0 0 0 0 0 0 0 0 0 0 0 0 0 0 0 0 0 0 0 0 0 0 0 0 0 0 0 0 0 0 1 0 0 0 1 1 1 1 2 4 3 2 1 2 4 4 5 13 18 18 19 9 9 14 15 17 32 15 22 21 31 16 20 27 26 29 48 45 50 38 17 11 39 39 54 42 21 40 60
0 0 0 0 0 0 0 0 0 0 0 0 0 0 0 0 0 0 0 0 0 0 0 0 0 0 0 0 0 0 0 0 0 0 0 0 0 0 0 0 0 0 0 0 0 0 0 0 0 0 0 0 0 0 1 2 1 1 1 1 1 2 2 4 9 9 13 15 7 13 17 18 11 13 16 14 16 14 11 18 22 24 26 50 28 30 20 23 17 11 21 45 40 15 38 28
0 0 0 0 0 0 0 1 1 0 0 0 0 0 0 0 0 0 0 0 0 0 0 0 0 0 0 0 0 0 0 0 0 0 0 0 0 0 0 0 0 0 0 0 0 0 0 0 0 0 1 0 0 0 1 0 0 1 0 0 0 1 1 3 2 6 7 5 4 6 10 11 5 8 8 7 11 9 7 11 18 17 34 22 18 28 32 48 50 27 8 9 28 21 18 23
