sesion_6_simulaciones/modelos_agentes/ejemplos_netlogo/scenarios/cgcm2_a2/rob_2069.asc
NCOLS 322 
NROWS 307 
XLLCORNER 451900 
YLLCORNER 4086900 
CELLSIZE 100 
NODATA_value -9999 
[rows 0 to 73 of 307, columns 96 to 191 of 322]
1 0 0 0 1 0 0 0 0 0 0 0 1 3 3 1 2 1 1 0 1 1 1 2 1 0 0 1 1 1 0 0 1 1 0 0 0 1 1 0 0 4 18 27 36 30 34 30 55 26 21 23 10 4 6 8 6 1 3 2 3 1 1 1 3 6 9 1 1 6 13 6 6 8 8 6 8 12 6 44 33 20 33 36 47 32 35 38 45 58 33 22 15 5 12 25
0 0 0 0 0 0 0 0 0 0 0 0 2 3 1 1 0 0 0 1 1 0 0 0 1 0 0 0 0 2 1 0 0 1 0 0 0 1 1 2 3 6 7 6 61 70 62 49 79 45 44 28 5 6 20 2 1 1 1 1 0 1 1 0 1 1 1 7 6 5 3 12 21 10 19 26 36 14 15 21 21 19 32 40 46 32 32 42 45 35 41 29 36 15 22 25
0 0 0 0 0 0 0 0 0 0 0 0 1 1 0 0 1 1 1 2 2 0 0 0 0 0 0 0 1 1 2 1 0 1 2 2 2 2 3 5 9 15 10 16 4 1 5 19 75 54 50 52 9 29 17 13 6 3 2 2 1 9 23 14 30 7 6 10 3 5 4 5 10 13 17 35 50 53 27 17 20 19 31 33 45 33 39 50 29 28 37 26 34 33 20 22
0 0 0 0 0 0 0 0 0 0 0 0 0 1 1 1 1 2 2 2 1 0 1 1 0 0 0 0 0 0 1 1 1 2 2 2 5 5 15 26 39 46 27 6 3 4 1 3 12 4 9 7 3 8 19 2 16 1 1 3 4 12 37 33 41 40 32 6 13 10 8 12 7 10 18 22 30 12 10 16 26 27 40 39 43 31 30 36 25 24 36 34 23 31 15 37
0 0 0 0 0 0 0 0 0 0 0 0 0 0 1 1 1 4 1 1 1 1 1 1 1 0 0 0 0 1 2 2 0 2 4 5 9 17 42 57 63 53 34 12 6 2 4 9 5 3 8 6 1 21 3 5 9 4 1 1 15 30 23 42 21 7 37 14 21 27 11 10 7 6 19 13 18 16 19 24 25 22 64 40 27 31 29 42 27 33 34 46 17 31 42 41
0 0 0 0 0 0 0 0 0 1 0 0 0 0 0 0 1 1 2 1 0 1 1 1 1 0 1 0 0 0 1 2 2 1 7 16 23 44 62 45 61 61 52 22 6 11 5 7 8 6 8 20 2 5 4 10 4 3 2 4 20 23 5 3 3 11 16 3 5 7 2 9 41 26 16 8 12 13 11 25 17 24 29 29 37 26 25 44 38 27 36 27 31 42 52 20
0 0 0 0 0 0 0 0 0 1 0 0 0 0 0 1 0 1 2 2 2 1 1 1 1 1 1 0 0 0 0 2 4 3 8 42 53 55 58 59 63 59 25 11 14 31 14 22 15 14 10 22 11 8 11 7 2 5 9 3 2 3 2 5 2 3 16 30 16 15 3 15 5 2 28 16 14 20 8 18 16 12 15 12 27 30 23 37 35 15 35 28 30 28 16 15
0 0 0 0 0 0 0 0 0 0 2 2 3 1 0 0 0 0 0 1 2 7 1 3 3 1 1 0 0 0 1 1 4 15 12 41 38 57 60 51 47 14 19 16 40 27 20 44 23 20 9 13 23 23 11 10 8 29 38 37 15 5 1 1 5 2 10 7 20 9 9 5 2 6 3 15 27 51 39 9 17 23 12 20 46 25 28 35 45 47 21 18 6 12 12 11
0 0 0 0 0 0 0 0 0 0 0 2 3 9 2 3 0 0 0 1 1 1 1 1 1 0 0 0 0 1 2 2 9 32 46 16 12 17 15 14 27 13 11 22 54 37 17 24 29 17 13 10 60 20 15 23 15 23 5 12 39 20 7 1 6 4 3 4 1 4 14 11 4 4 17 5 8 12 16 40 41 62 28 34 12 9 19 58 21 39 21 58 38 19 13 19
0 0 0 0 0 0 0 0 0 0 0 0 0 0 0 0 0 0 0 0 0 0 1 0 1 1 0 0 1 1 2 14 14 14 30 24 24 24 12 13 8 6 13 27 59 29 11 11 19 23 19 9 17 75 53 45 5 11 4 25 14 21 3 5 1 3 2 1 5 7 7 10 12 9 16 28 8 14 46 55 20 48 31 21 9 13 9 22 23 35 15 37 71 55 15 12
0 0 0 0 0 0 0 0 0 0 0 0 0 0 0 0 0 0 1 0 0 0 0 0 1 0 0 1 1 4 12 18 55 35 18 19 24 40 37 24 14 6 6 8 32 10 12 16 22 15 25 10 20 24 72 49 13 7 10 21 8 9 4 1 3 5 5 2 8 20 16 20 13 8 22 35 19 8 10 43 23 25 36 47 16 17 12 16 51 36 34 33 66 74 46 19
0 0 0 0 0 0 0 0 0 0 0 0 0 1 0 0 0 1 1 0 2 1 0 1 1 1 0 1 1 18 26 25 29 27 21 15 20 45 34 26 15 7 10 16 19 8 11 30 14 17 39 13 22 38 18 36 16 12 19 15 5 5 13 9 4 3 11 10 23 52 54 59 9 20 33 35 22 13 11 46 21 3 27 55 16 23 20 20 42 24 21 25 51 56 57 44
0 0 0 0 0 0 0 0 0 0 0 0 0 0 0 1 1 0 1 1 5 4 0 0 0 0 0 1 4 12 34 21 23 21 24 42 41 14 20 38 15 6 7 29 22 9 18 18 22 31 46 35 32 53 31 26 26 20 30 7 6 7 13 10 5 4 4 11 26 15 39 30 23 14 14 41 13 12 4 11 27 3 35 66 19 21 36 20 14 48 28 11 20 33 59 68
0 0 0 0 0 0 0 0 0 0 0 0 0 0 0 0 2 0 3 1 1 0 2 1 1 0 1 7 9 10 16 19 15 8 9 10 10 7 7 12 14 3 2 2 9 7 15 15 44 58 65 61 41 46 27 41 37 27 21 23 6 4 15 15 11 11 5 6 7 4 2 2 17 20 16 18 11 21 11 7 3 5 18 51 55 22 30 32 20 19 41 19 32 51 79 59
0 0 0 0 0 0 0 0 0 0 0 0 0 0 0 0 0 0 3 1 1 2 3 1 1 1 1 2 11 15 8 5 5 7 12 10 10 9 5 2 11 2 8 5 1 3 16 30 37 68 68 64 48 58 38 59 53 37 32 38 5 20 29 24 12 8 3 6 3 2 2 15 38 27 29 37 28 19 9 11 19 6 19 50 63 24 11 14 18 15 11 11 28 43 49 46
0 0 0 0 0 0 0 0 0 0 0 0 0 0 0 0 0 1 0 0 0 1 0 5 1 2 1 2 3 2 3 10 14 16 11 16 32 34 16 3 4 4 2 6 3 3 3 23 34 39 50 39 39 39 50 33 42 31 42 34 5 18 4 23 38 19 6 6 9 1 5 32 35 36 12 7 13 21 27 25 19 17 18 46 70 85 51 33 18 14 14 8 32 68 55 35
0 0 0 0 0 0 0 0 0 0 0 0 0 0 0 0 0 1 0 1 1 0 0 1 4 2 3 5 18 15 9 5 7 12 13 26 40 46 34 3 8 7 3 5 14 15 16 4 18 30 20 20 14 17 30 46 46 44 48 43 11 22 14 16 25 7 5 6 5 4 5 29 21 30 7 7 11 11 40 24 23 24 28 38 71 85 83 28 19 19 18 14 35 61 63 61
0 0 0 0 0 0 0 0 0 0 0 0 0 0 0 0 0 0 0 1 0 0 1 1 2 2 1 2 3 3 7 7 11 7 26 51 31 40 34 16 24 26 19 19 32 31 37 21 7 3 3 5 3 2 10 54 79 88 57 20 43 21 18 12 22 12 6 13 4 4 31 33 31 27 7 22 36 18 30 28 18 17 12 8 58 64 63 59 39 24 24 18 22 44 49 23
0 0 0 0 0 0 0 0 0 0 0 0 0 0 0 0 0 0 0 0 0 0 0 1 3 6 2 3 2 5 8 12 8 20 25 32 11 15 18 42 31 39 46 54 50 33 43 38 20 15 11 12 14 2 3 15 79 84 56 30 26 32 14 10 16 4 6 7 2 24 46 46 37 52 13 15 34 35 37 70 37 24 14 9 21 47 54 51 56 33 28 29 15 32 71 22
0 0 0 0 0 0 0 0 0 0 0 0 0 0 0 0 0 0 0 0 0 0 1 0 2 2 1 3 4 4 5 21 14 14 16 9 19 22 20 29 54 58 51 28 34 19 33 42 25 20 20 6 11 5 11 7 27 39 51 49 32 16 12 25 21 3 6 25 47 35 59 76 26 72 26 8 31 63 37 67 57 43 34 16 18 55 74 59 67 46 40 26 11 22 62 50
0 0 0 0 0 0 0 0 0 0 0 0 0 0 0 0 0 0 0 0 0 0 0 0 1 2 2 1 1 3 2 3 7 11 22 11 11 22 13 45 27 27 51 40 24 23 27 41 38 18 29 23 8 14 22 16 22 47 60 49 15 14 49 40 18 4 23 23 35 44 35 37 19 27 52 35 22 19 26 68 28 26 49 34 29 15 62 41 69 35 45 25 18 18 28 49
0 0 0 0 0 0 0 0 0 0 0 0 0 0 0 0 0 0 0 0 0 0 0 0 2 1 3 3 1 3 3 5 8 32 27 16 50 15 30 12 29 19 17 18 37 40 69 55 53 22 26 20 20 21 33 26 26 43 64 60 57 14 21 20 11 13 39 7 26 44 55 29 40 17 49 59 32 19 29 78 84 47 21 63 48 17 14 26 67 53 47 45 21 19 20 50
0 0 0 0 0 0 0 0 0 0 0 0 0 0 0 0 0 0 0 0 1 1 1 1 3 1 2 5 2 2 9 27 31 6 3 53 36 12 13 16 25 41 27 19 18 48 40 17 24 18 36 23 24 25 26 28 17 27 49 32 27 21 11 10 12 31 41 4 21 15 39 53 47 16 16 43 42 55 27 60 86 62 58 27 47 25 9 22 67 73 25 57 37 20 26 43
0 0 0 0 0 0 0 0 0 0 0 0 0 1 0 0 0 0 0 2 1 2 2 1 4 3 2 7 9 5 4 4 2 2 2 7 17 21 8 19 20 38 36 40 35 13 10 7 5 4 16 13 8 12 21 12 13 15 16 28 34 23 13 17 44 32 19 8 18 20 18 44 36 34 28 64 65 43 41 23 64 68 49 69 31 22 15 18 18 52 20 37 32 15 14 21
0 0 0 0 0 0 0 0 1 0 0 0 1 1 1 1 3 1 1 1 3 4 9 4 3 4 12 7 21 10 4 3 6 7 4 1 3 25 20 6 14 33 47 56 41 36 29 23 18 17 8 6 4 2 3 3 3 5 23 32 43 23 29 31 17 38 17 22 33 26 18 33 51 55 15 58 66 44 48 33 51 68 38 21 54 34 18 18 15 24 25 25 36 18 10 10
1 0 0 0 0 0 0 0 0 0 0 0 1 2 3 1 3 5 1 2 9 30 36 53 36 33 31 17 30 19 47 53 48 21 7 6 7 6 5 12 27 20 28 38 49 53 52 40 35 33 18 17 18 17 15 15 15 13 39 45 37 29 21 21 17 38 31 42 15 41 19 15 46 35 19 44 45 24 30 28 30 42 68 21 23 15 20 8 8 15 12 21 10 10 6 7
1 0 1 1 1 0 0 0 1 1 1 1 1 4 7 5 6 26 12 31 42 47 53 61 49 60 55 50 55 63 40 11 25 34 24 9 11 9 4 5 17 23 29 47 42 45 52 41 42 39 32 31 33 32 18 29 19 20 34 27 31 20 11 12 10 41 26 42 38 43 12 18 27 34 25 43 41 53 19 28 29 13 37 25 14 29 11 10 2 7 13 10 12 8 8 7
1 1 1 1 1 1 1 1 1 2 3 7 5 7 15 41 35 26 40 11 17 22 37 56 58 49 82 68 68 68 11 8 7 8 18 16 22 11 17 12 14 34 40 35 47 45 37 60 51 39 33 35 34 32 31 33 32 10 20 18 20 13 12 21 36 59 55 29 35 17 25 13 26 30 30 20 19 33 38 20 32 19 29 25 8 25 13 9 3 4 11 12 9 11 6 3
1 2 1 1 1 1 1 1 3 7 15 26 48 53 66 67 48 56 57 37 15 7 25 44 30 27 19 44 48 45 23 4 4 2 4 7 12 11 14 18 7 17 26 29 16 16 11 28 40 35 47 46 34 32 31 47 34 12 13 12 8 18 31 40 48 39 21 25 16 33 29 38 21 20 24 19 19 21 33 23 20 18 17 11 14 12 12 9 7 3 7 4 4 7 2 2
1 3 1 1 4 3 4 8 15 34 60 52 70 73 64 84 54 58 78 24 55 17 10 25 16 10 14 17 15 15 38 17 9 2 4 2 6 5 6 17 15 17 35 14 19 18 11 27 22 13 13 12 10 21 22 11 35 21 14 11 13 19 35 39 43 34 16 36 48 27 35 24 21 17 15 9 12 12 17 18 16 15 6 11 7 3 4 3 4 2 2 1 1 1 1 2
1 5 4 4 6 11 23 34 34 65 60 79 64 78 70 69 38 49 76 57 21 22 11 6 6 5 2 2 8 8 11 55 17 4 5 3 17 44 44 31 26 17 15 9 11 15 15 6 5 8 9 19 29 28 17 17 33 20 30 10 17 23 38 25 41 20 14 26 44 42 27 20 11 18 13 7 4 2 5 7 9 6 4 3 2 3 2 2 1 1 1 1 8 5 5 7
4 8 16 16 33 59 48 58 67 67 62 85 61 68 45 62 39 64 59 63 12 30 28 10 7 2 2 1 3 4 4 8 11 5 5 9 4 10 11 13 10 10 11 20 21 14 17 8 14 16 39 53 44 29 50 11 39 33 9 4 4 15 12 30 24 26 15 9 14 20 16 17 8 3 3 4 6 4 10 14 9 12 8 12 14 14 11 10 9 14 4 5 20 13 8 16
20 31 40 57 55 54 60 68 74 61 86 54 26 46 38 41 49 51 51 60 23 12 19 9 8 5 2 3 7 8 8 15 8 3 10 8 11 11 19 13 25 15 25 27 34 33 26 24 20 24 34 59 60 59 59 28 43 34 18 23 13 3 4 5 7 6 11 7 6 6 8 6 6 12 20 18 29 19 29 17 18 27 15 24 18 41 25 12 20 18 9 10 20 15 12 24
47 69 68 53 68 67 77 59 61 42 69 12 21 16 26 39 41 30 26 48 25 9 4 3 5 7 7 6 8 3 29 26 22 14 18 20 18 16 18 19 21 23 24 25 41 29 41 27 16 49 40 41 50 36 30 25 59 31 26 44 35 24 23 24 24 24 39 28 22 20 21 22 32 33 32 20 34 32 34 33 32 31 30 30 46 35 26 22 22 14 21 13 26 16 33 32
6 10 40 39 57 51 69 58 23 4 2 3 9 6 6 8 9 20 34 48 23 6 7 11 6 6 22 14 22 15 25 22 21 16 16 35 25 11 26 22 23 32 32 33 25 25 37 26 22 34 44 37 47 52 36 40 29 24 31 37 31 35 35 39 41 36 50 42 37 21 35 35 32 34 47 34 34 49 34 47 46 34 39 38 63 34 31 29 28 26 25 21 36 38 37 48
8 5 4 4 3 3 13 14 14 5 3 7 11 11 5 3 2 5 24 23 11 6 24 6 16 25 28 20 28 17 16 13 25 23 10 18 19 12 18 25 19 35 20 18 21 25 41 28 19 23 41 35 19 61 34 53 25 27 35 29 46 32 30 31 34 23 54 37 24 36 35 34 46 33 46 34 35 49 48 50 38 35 49 45 49 38 33 35 30 30 30 28 58 45 35 36
14 28 23 8 8 7 2 5 6 3 7 10 8 5 2 3 1 9 7 11 18 31 32 12 25 19 24 21 15 6 2 7 15 14 9 17 8 11 16 24 29 15 19 17 17 37 28 17 29 32 37 48 22 61 53 20 45 41 36 22 34 29 44 43 32 41 35 36 35 25 33 49 46 33 47 46 37 52 36 47 37 49 52 65 51 35 21 44 35 36 44 47 52 25 53 36
18 14 13 10 5 4 5 4 10 13 14 17 13 4 4 11 12 16 18 25 52 43 44 27 18 12 13 17 17 14 6 6 12 9 19 7 6 11 10 19 7 6 18 23 18 47 21 26 36 25 46 18 41 40 17 29 53 38 20 33 23 37 40 29 21 36 37 35 22 35 57 58 51 34 46 52 48 54 36 35 41 51 53 49 39 26 25 47 40 27 55 55 52 26 18 57
7 13 21 15 16 8 18 12 16 20 22 34 25 18 15 23 12 25 31 35 43 28 11 18 27 14 6 10 16 13 9 5 7 10 4 12 7 19 12 8 11 7 20 12 14 56 29 28 22 19 22 39 31 18 17 16 33 46 20 32 33 48 35 20 41 40 45 34 20 35 50 68 54 36 45 52 55 42 34 27 43 69 64 57 53 26 47 70 49 24 46 67 66 34 19 56
15 28 11 13 7 15 21 12 12 23 24 27 23 21 26 24 24 29 34 28 34 21 14 19 12 7 8 15 9 12 6 8 4 3 9 9 12 7 11 7 8 4 19 5 4 23 20 26 13 18 17 8 33 5 3 3 11 32 14 37 44 35 29 53 40 41 27 12 23 50 57 72 58 41 43 66 71 44 44 28 49 75 47 38 38 32 52 69 49 32 26 76 80 54 31 47
5 13 7 19 12 19 14 13 13 12 24 27 18 18 42 17 22 26 21 20 28 20 8 16 10 10 13 9 10 12 4 8 4 4 3 8 2 5 4 9 6 7 11 6 17 11 30 16 5 11 14 9 11 6 6 4 5 10 7 34 45 37 43 58 17 39 14 15 20 53 66 67 62 45 47 65 77 34 47 22 61 83 52 27 24 34 54 69 50 34 29 63 74 64 22 45
3 7 21 12 7 9 9 6 6 7 22 15 11 23 13 13 9 17 22 11 10 13 12 12 7 6 5 4 4 21 3 7 3 3 3 6 5 4 3 4 3 7 6 5 10 5 10 4 5 3 4 14 8 6 4 5 17 5 7 22 21 26 63 26 37 32 21 27 32 43 60 59 62 29 37 62 45 28 51 22 44 67 54 44 25 30 55 66 47 41 31 44 66 39 29 45
1 1 5 2 2 1 4 3 2 4 5 6 6 10 9 8 10 9 13 10 7 3 6 7 6 5 7 3 3 3 4 8 2 2 2 5 2 1 2 4 2 5 4 4 5 4 9 2 1 1 1 6 1 2 3 4 8 3 8 13 11 28 11 23 53 21 21 32 40 38 40 61 39 19 35 54 41 29 47 31 37 59 34 28 30 22 27 68 64 34 21 41 63 35 20 45
0 1 0 0 1 1 2 2 1 3 3 5 6 4 4 7 5 6 7 8 3 2 2 5 5 2 4 1 2 4 2 3 1 1 2 1 1 2 2 4 5 1 2 4 3 1 1 5 1 1 1 2 0 1 1 5 4 9 7 4 4 3 12 38 12 17 36 18 24 20 20 40 14 11 19 39 20 27 36 13 41 44 20 23 29 35 12 26 65 29 20 32 56 38 28 24
0 0 0 0 1 0 0 0 1 1 1 3 3 3 3 3 3 3 3 4 4 2 4 2 3 2 2 2 0 1 2 4 0 1 1 3 1 0 1 1 5 1 1 0 1 1 1 0 1 1 1 3 1 1 1 2 8 5 3 12 8 4 15 7 16 29 8 11 9 14 5 30 5 6 9 23 9 33 30 12 20 20 12 28 33 37 17 22 52 29 16 28 33 15 22 16
0 0 0 0 0 0 0 0 1 1 1 3 2 1 1 2 3 5 2 1 1 1 5 0 1 2 1 1 0 1 1 1 0 0 1 0 0 0 1 0 3 1 1 0 1 1 1 3 8 10 8 3 7 4 2 4 5 3 3 4 3 4 8 3 14 5 5 6 6 11 3 9 4 10 3 8 4 17 10 6 24 8 8 11 26 10 16 8 29 15 17 11 35 33 37 28
0 0 0 0 0 0 0 0 0 0 1 1 1 2 1 2 0 2 2 1 0 1 1 1 1 1 1 1 0 0 0 0 0 1 0 0 0 1 1 1 1 1 2 3 1 11 2 22 6 6 3 3 12 12 26 6 7 1 2 4 3 5 1 1 4 2 2 4 6 7 8 5 6 4 3 14 3 11 3 3 19 4 16 17 31 10 14 11 16 27 18 35 41 44 59 78
0 0 0 0 0 0 0 0 0 0 0 0 0 1 0 1 1 1 1 1 1 1 1 1 0 0 0 0 0 1 0 0 0 0 3 3 1 2 6 10 3 5 5 13 5 3 10 16 2 13 5 4 7 17 11 7 11 12 8 14 9 24 17 2 6 7 8 8 5 11 18 10 10 32 32 32 40 63 40 20 25 36 37 31 8 64 59 48 32 9 24 13 24 62 34 54
0 0 0 0 0 1 0 0 0 0 0 0 0 1 1 1 1 1 1 1 1 1 1 1 1 0 0 0 0 0 0 0 0 0 0 2 4 1 1 6 6 8 3 20 28 4 4 8 18 9 16 2 3 21 23 5 35 17 33 27 5 18 8 7 5 10 8 25 35 2 3 21 27 4 14 41 13 33 16 58 12 38 61 38 18 63 45 43 67 63 49 17 37 50 30 20
0 0 0 0 0 0 0 0 0 0 0 0 0 0 0 0 0 1 0 0 0 0 0 1 0 0 0 0 0 0 0 0 0 0 0 0 1 0 1 2 6 2 15 24 11 3 8 4 12 11 20 4 6 18 15 33 18 9 20 33 10 2 5 20 14 22 20 14 24 20 3 26 44 9 20 56 6 4 14 66 53 24 19 42 42 65 48 66 77 70 31 59 20 16 49 65
0 0 0 0 0 0 0 0 0 0 0 0 0 0 0 0 0 0 0 0 0 0 0 0 0 0 0 0 0 0 0 0 0 0 0 0 0 3 1 5 2 9 5 6 29 13 6 3 12 15 14 20 6 33 31 65 13 33 58 53 33 3 14 15 16 54 46 51 24 47 12 9 41 13 30 56 17 17 8 39 29 39 6 8 15 60 64 62 77 55 19 65 36 27 46 52
0 0 0 0 0 0 0 0 0 0 0 0 0 0 0 0 0 0 0 0 0 0 0 0 0 0 0 0 0 0 0 0 0 0 0 0 0 1 5 19 6 20 6 18 15 26 10 12 24 30 59 66 20 46 73 81 36 59 74 52 32 12 35 43 20 17 16 10 37 66 16 11 33 11 36 45 73 19 34 76 50 64 53 16 14 34 57 57 45 36 58 84 39 26 14 15
0 0 0 0 0 0 0 0 0 0 0 0 0 0 0 0 0 0 0 0 0 0 0 0 0 0 0 0 0 0 1 0 0 1 1 2 1 2 19 8 12 8 5 39 33 12 8 7 18 35 56 47 48 26 53 85 41 42 64 53 65 50 51 68 15 22 27 18 39 58 48 27 5 18 54 74 69 61 22 82 23 59 73 36 21 20 47 32 38 19 75 86 63 38 43 17
0 0 0 0 0 0 0 0 0 0 0 0 0 0 0 0 0 0 0 0 0 0 0 0 0 0 0 1 2 0 0 0 2 1 2 2 1 5 11 10 26 10 31 11 63 12 16 15 8 20 58 41 24 10 11 38 57 67 73 70 84 62 66 66 54 29 41 27 49 47 75 44 21 20 44 70 75 73 45 65 62 56 66 77 40 24 15 15 14 28 71 53 76 45 42 26
0 0 0 0 0 0 0 0 0 0 0 0 0 0 0 0 0 0 0 0 0 0 0 0 0 0 0 0 0 0 0 1 1 1 4 3 2 1 1 4 4 3 1 1 9 12 48 31 11 5 21 7 12 6 5 9 11 41 49 43 52 63 59 54 80 32 32 25 9 66 88 33 21 18 58 50 51 54 26 40 41 19 67 81 64 38 9 11 14 19 14 36 79 43 28 36
0 0 0 0 0 0 0 0 0 0 0 0 0 0 0 0 0 0 0 0 0 0 0 0 0 1 0 0 0 0 0 1 2 4 3 3 3 5 2 1 3 7 3 1 4 6 13 23 25 7 10 7 16 7 9 18 14 7 13 31 29 11 26 59 84 60 26 34 44 72 87 45 15 8 17 28 53 40 50 58 45 12 49 70 81 29 19 10 32 38 22 38 89 60 53 59
0 0 0 0 0 0 0 0 0 0 0 0 0 0 0 0 0 0 0 0 0 0 0 0 1 2 1 0 0 1 1 1 2 4 1 1 6 9 3 3 3 12 6 4 7 7 9 8 9 4 10 27 32 29 23 20 14 11 9 7 2 1 7 73 70 67 42 21 25 64 78 75 58 19 10 31 45 33 35 27 50 37 20 75 77 60 25 18 39 28 53 83 84 83 66 62
0 0 0 0 0 0 0 0 0 0 0 1 0 0 0 0 0 0 0 0 0 0 0 0 0 1 0 1 1 2 1 1 5 2 4 6 5 11 6 8 6 12 13 8 3 16 9 15 11 3 11 46 56 57 55 43 28 26 23 22 22 19 21 39 43 56 47 19 7 44 37 77 77 30 14 42 47 38 23 44 67 32 20 23 77 80 31 18 51 59 53 74 50 79 47 31
0 0 0 0 0 0 0 0 0 0 0 0 0 0 0 0 0 0 0 0 0 0 0 0 0 0 0 1 2 1 1 1 1 1 8 10 3 5 10 23 12 16 12 9 3 6 28 22 14 10 9 29 72 77 66 68 57 53 42 42 75 77 80 69 54 51 41 24 11 7 31 49 83 61 55 17 37 46 25 5 19 33 35 53 71 77 50 31 18 38 39 32 79 79 87 58
0 0 0 0 0 0 2 0 0 0 0 0 0 1 0 0 0 0 0 0 0 0 0 0 0 0 0 1 1 1 0 2 5 4 10 7 7 16 34 14 28 24 10 16 20 20 30 31 22 17 10 17 47 71 68 76 80 75 52 39 31 44 55 65 76 73 74 60 35 3 10 52 59 63 52 48 31 15 21 21 52 46 24 32 31 72 71 30 16 24 32 36 29 71 60 74
0 0 0 0 0 1 0 0 0 1 0 0 0 0 0 0 0 0 0 0 0 0 0 0 1 0 0 1 1 2 2 9 6 3 5 12 8 10 7 3 7 48 50 26 49 30 24 25 27 28 28 15 12 16 58 58 53 76 77 67 59 53 38 46 53 73 76 76 72 62 41 65 52 75 42 42 31 24 33 25 22 28 18 49 34 73 79 27 13 39 46 30 31 33 62 77
0 0 0 0 0 0 1 1 0 0 0 0 0 0 0 0 0 0 0 0 0 0 0 0 0 0 0 0 0 0 0 1 1 4 4 6 7 10 13 14 8 3 14 57 59 73 61 41 33 18 26 30 25 16 25 41 36 30 51 56 59 69 72 59 34 39 71 78 77 62 64 80 60 83 70 51 45 47 28 17 19 39 18 31 44 30 68 41 13 27 44 43 19 13 54 78
0 0 3 1 0 1 0 2 1 0 0 0 0 0 0 0 0 0 0 0 0 0 0 0 0 0 0 2 1 1 1 3 2 2 4 11 12 17 16 21 25 21 11 8 7 59 66 60 37 25 19 31 27 16 6 6 7 8 8 9 20 41 35 51 55 31 32 48 47 42 67 67 66 63 63 65 70 62 39 44 41 37 18 20 58 66 46 54 20 8 35 42 23 43 80 40
0 0 1 0 0 0 0 0 3 5 5 3 0 0 0 0 0 0 0 0 0 0 0 0 0 0 1 1 0 1 2 3 1 2 3 6 8 12 13 15 19 20 34 32 33 25 10 7 32 34 42 15 16 10 16 24 22 23 23 20 22 9 7 10 13 10 8 7 9 30 41 57 52 48 40 33 32 59 52 44 34 22 48 41 43 57 48 64 44 13 10 33 51 80 51 71
0 0 1 5 1 0 0 0 0 8 0 0 0 0 0 0 0 0 0 0 0 0 0 0 0 0 0 0 0 0 0 0 1 2 2 3 7 13 9 15 22 28 31 32 38 28 27 25 18 11 11 7 11 27 28 38 38 40 40 52 25 8 8 23 24 39 21 24 7 6 15 36 30 20 20 22 27 36 44 61 55 24 20 25 24 29 44 57 63 22 11 28 86 62 52 64
1 0 1 3 1 1 2 0 0 0 0 0 0 0 0 2 0 0 0 0 0 0 0 0 0 0 0 0 0 0 0 0 1 1 2 3 5 6 6 17 21 18 16 18 24 21 18 29 24 21 28 31 34 44 39 35 51 56 57 54 31 25 26 40 37 29 36 20 8 11 11 3 3 3 5 4 12 12 6 11 20 14 14 10 11 12 34 46 41 26 11 62 69 44 69 65
2 1 1 0 2 2 9 2 1 1 1 0 0 0 1 0 3 1 0 0 1 1 1 0 0 0 0 0 0 0 0 1 1 1 0 1 5 7 4 4 9 18 13 10 18 15 22 25 32 26 36 22 23 35 47 49 52 54 66 57 37 36 45 42 53 55 58 48 26 25 8 4 2 6 7 14 34 24 16 14 10 8 5 6 5 8 14 24 46 45 19 72 30 20 56 73
2 2 2 5 2 3 2 1 1 6 1 2 0 0 1 2 7 2 1 1 1 0 0 0 0 0 0 0 0 0 1 0 0 0 1 1 3 9 9 16 14 12 20 16 24 19 23 25 30 16 45 31 28 26 40 44 67 67 68 52 27 45 41 55 55 72 65 61 50 29 22 23 23 30 32 44 53 40 26 26 39 44 26 13 15 9 4 7 18 53 35 64 21 24 64 85
2 3 1 1 4 2 11 6 2 2 4 7 2 1 1 7 10 2 1 2 0 3 0 0 0 0 0 0 0 0 0 0 0 1 0 1 1 3 6 8 13 9 11 14 16 19 23 38 30 23 31 37 24 26 41 51 64 58 45 36 37 43 53 53 55 76 70 60 53 30 43 44 45 49 47 47 61 45 44 45 45 46 30 43 42 22 20 5 8 28 24 27 24 15 38 62
2 5 4 1 15 9 12 7 22 9 4 1 1 9 6 5 3 1 1 7 0 2 0 0 0 0 0 0 1 0 0 0 0 1 1 1 1 5 3 8 12 10 4 15 13 16 18 36 22 11 13 32 29 22 31 53 58 43 31 20 25 50 49 51 71 69 61 56 32 28 42 42 44 60 49 62 61 65 46 49 60 52 53 65 55 48 28 8 4 18 14 28 18 7 23 43
4 1 5 2 1 23 6 3 7 17 10 6 1 5 19 4 0 1 3 6 0 4 0 0 1 1 0 0 1 3 0 0 0 0 1 0 0 1 1 1 7 4 8 8 10 5 22 10 18 6 25 17 17 13 30 58 33 29 19 26 27 39 36 54 69 62 58 55 31 47 57 58 41 54 63 62 64 53 45 57 65 61 56 68 39 30 15 12 6 3 6 15 16 5 15 11
3 3 3 5 1 3 20 31 30 12 4 4 1 2 10 12 2 3 16 7 1 7 0 0 0 1 0 1 1 0 1 2 0 0 0 0 0 1 0 2 2 2 2 6 4 3 4 6 3 5 33 5 11 7 28 15 15 23 12 16 17 26 40 57 43 58 50 34 31 44 55 56 34 57 54 61 68 53 46 55 70 60 65 44 28 33 29 36 28 8 2 2 8 7 5 7
7 4 5 4 6 6 9 18 11 24 22 7 23 2 1 1 8 39 26 4 5 1 1 1 2 1 0 1 1 1 1 0 0 0 0 0 0 0 0 2 1 2 2 3 2 1 1 2 4 6 2 2 7 12 5 12 11 8 9 9 8 17 51 36 45 35 25 29 43 53 50 51 45 56 33 47 51 31 41 51 74 44 31 33 43 52 66 48 33 15 8 3 1 3 4 3
8 7 7 6 25 11 43 64 25 13 12 26 23 24 1 0 2 2 2 1 3 3 2 1 0 1 1 1 1 0 0 0 0 0 0 0 0 0 0 0 0 0 2 0 0 0 0 2 0 1 1 1 2 6 4 6 3 4 10 11 8 29 27 32 31 40 25 22 31 47 42 29 34 52 29 18 55 32 39 68 41 43 40 45 75 80 64 42 38 28 13 11 7 2 3 2
