sesion_6_simulaciones/modelos_agentes/ejemplos_netlogo/scenarios/cgcm2_a2/rob_2060.asc
NCOLS 322 
NROWS 307 
XLLCORNER 451900 
YLLCORNER 4086900 
CELLSIZE 100 
NODATA_value -9999 
[rows 0 to 72 of 307, columns 192 to 287 of 322]
42 39 22 12 35 61 34 16 16 22 25 10 7 5 9 7 5 5 7 7 5 5 4 5 8 13 7 13 14 35 11 4 3 1 1 1 2 2 1 5 6 2 3 12 17 21 17 29 45 50 32 34 40 48 44 56 46 83 46 39 7 9 15 37 48 32 49 45 23 35 18 10 13 19 35 18 17 33 56 23 13 15 15 19 17 13 31 25 24 25 8 20 30 59 18 5
48 28 34 31 40 59 20 29 44 28 20 15 24 22 13 11 16 3 7 10 11 5 3 3 3 13 4 6 4 7 29 14 2 1 1 0 1 1 3 2 4 1 1 3 5 9 18 18 36 74 83 65 44 44 44 46 68 68 67 17 21 12 41 35 45 40 48 34 40 16 5 21 9 19 48 21 51 36 29 33 24 31 33 21 16 8 21 29 29 25 15 26 22 29 14 10
26 52 32 31 59 48 35 18 11 27 28 29 42 45 26 39 25 21 31 30 25 10 7 3 2 2 2 1 1 2 3 14 9 2 2 1 1 1 2 1 0 1 5 12 12 22 24 30 37 56 62 54 62 49 65 76 40 38 45 23 22 27 36 25 27 54 24 23 18 24 12 14 12 19 60 21 61 47 24 41 26 23 29 31 17 5 14 16 29 21 15 40 21 39 12 3
36 37 62 57 45 34 32 32 32 55 32 49 64 52 45 61 46 24 38 51 37 30 21 10 6 4 1 1 1 0 1 2 1 2 2 1 2 0 0 0 2 4 2 3 6 27 25 30 12 24 18 21 31 61 50 57 52 21 28 34 38 18 21 39 25 54 41 35 54 19 28 23 8 8 40 21 30 26 33 39 29 27 30 34 19 6 12 27 40 16 28 25 22 38 9 2
27 21 42 13 52 59 52 41 55 48 49 35 42 37 46 64 49 55 58 61 56 31 23 22 11 15 7 12 8 2 1 0 1 1 1 1 0 0 0 1 2 2 3 5 5 10 10 17 44 59 63 52 47 41 66 70 31 28 10 12 34 32 23 37 36 54 33 23 15 10 8 7 11 7 21 21 17 32 57 64 54 20 19 41 37 27 3 23 25 37 32 18 32 48 15 3
29 23 42 35 22 30 56 27 54 45 35 43 18 43 54 57 60 58 26 22 42 26 17 26 23 20 10 17 11 4 3 2 1 0 0 0 0 0 0 0 1 2 4 10 23 42 49 58 53 35 40 41 46 65 82 60 36 29 9 46 63 60 51 50 39 60 24 29 37 29 38 27 22 17 13 18 28 26 35 27 40 62 45 34 39 27 9 17 24 27 13 18 28 28 18 4
22 12 14 34 23 19 55 22 16 32 40 68 42 24 44 58 51 54 31 12 15 35 43 49 25 21 22 15 14 11 8 5 4 3 2 0 1 1 1 0 1 2 6 10 33 22 30 37 58 44 45 81 47 71 76 45 30 35 19 37 51 56 54 57 63 55 49 45 42 16 26 26 21 31 27 14 6 19 39 43 32 57 37 19 11 37 13 11 14 14 14 27 42 50 13 12
15 12 12 17 38 30 47 58 19 10 20 29 50 18 8 24 15 28 33 18 13 24 14 19 23 20 21 13 20 16 14 12 10 9 8 3 5 2 1 0 1 5 11 18 28 35 32 57 78 75 74 49 63 62 69 41 25 10 18 24 31 27 26 20 21 49 32 25 46 25 23 18 23 30 30 20 6 28 47 25 52 66 46 20 11 33 24 12 14 27 27 30 54 33 19 13
29 24 22 13 23 20 35 62 62 30 14 15 29 40 22 16 10 28 36 25 20 29 8 16 36 24 19 20 19 27 25 22 21 18 10 8 3 1 0 1 2 4 11 15 38 40 30 43 55 70 56 35 77 61 58 26 12 47 65 49 60 49 59 42 48 75 42 33 14 15 22 20 22 24 20 12 8 15 20 34 48 60 45 31 14 16 17 10 10 33 27 37 29 41 18 28
20 23 24 15 13 8 30 29 59 47 36 22 20 24 30 13 12 10 29 29 24 34 11 11 21 22 16 14 10 17 3 9 17 15 12 4 2 1 1 1 1 2 7 13 25 12 13 52 31 27 26 80 58 61 37 19 31 57 61 73 55 83 70 40 60 32 53 45 41 17 18 28 27 15 12 8 7 12 41 21 13 46 49 45 26 12 22 7 11 14 17 43 30 40 23 54
27 25 27 26 14 8 5 6 11 30 20 14 12 29 18 12 15 4 8 22 16 33 35 8 10 11 29 13 4 12 17 4 1 1 3 7 4 2 1 1 2 3 10 20 6 20 27 32 10 17 60 65 38 49 23 14 30 45 41 58 79 81 45 29 31 45 54 53 61 42 54 35 32 27 17 13 5 5 14 27 28 54 67 44 49 19 12 17 5 16 40 18 26 20 21 64
49 33 18 22 23 21 15 9 7 7 8 7 13 13 11 9 6 11 8 8 20 24 20 10 2 7 22 16 5 5 15 16 2 1 1 2 5 2 0 1 7 10 11 5 3 3 15 5 10 40 69 52 30 24 10 39 39 33 42 77 66 58 15 25 37 40 65 58 50 57 43 35 41 43 39 28 10 7 22 24 26 74 50 60 43 35 15 9 7 24 25 14 36 13 39 72
58 43 40 55 47 44 40 23 38 25 20 13 6 5 5 5 5 19 15 6 5 10 9 9 2 6 10 8 5 2 2 7 2 1 0 0 2 3 0 1 5 6 5 9 9 8 23 4 17 51 45 19 4 20 49 59 58 64 84 72 19 26 28 20 20 21 34 35 58 37 20 32 51 55 52 29 11 3 20 31 59 63 27 39 55 36 21 5 7 24 20 15 41 13 34 46
71 67 62 66 62 58 46 42 39 40 38 37 16 11 7 5 3 2 2 2 4 3 2 3 3 5 6 5 2 1 2 4 4 2 0 0 1 2 1 2 2 4 3 2 2 14 6 5 23 18 10 3 9 25 37 45 69 65 55 13 46 61 53 41 43 23 19 20 51 41 56 67 47 33 30 32 16 5 12 25 57 26 20 41 69 40 28 13 5 9 10 13 23 13 28 24
28 67 70 69 62 64 42 51 27 29 45 32 26 26 24 19 13 6 2 2 1 1 1 2 3 3 2 2 0 0 2 2 2 2 0 0 1 3 3 1 1 2 3 1 1 2 2 4 6 6 2 5 11 15 32 47 47 13 38 50 61 55 59 80 83 72 64 44 46 57 63 50 57 45 25 19 11 6 13 25 34 17 11 55 69 69 45 45 20 5 7 12 12 13 37 31
43 61 69 50 58 76 61 36 55 42 31 42 37 42 44 25 19 6 4 4 2 1 1 1 2 1 0 0 0 0 0 2 3 3 2 1 1 1 2 2 1 1 1 1 0 1 4 6 3 2 8 6 8 12 22 30 14 45 46 47 59 73 81 70 66 75 40 33 63 18 49 78 53 41 45 46 43 23 10 26 30 16 6 15 37 65 21 14 18 18 4 15 8 11 37 31
71 22 71 54 48 71 77 77 47 25 39 36 53 47 39 29 27 19 13 10 9 6 2 1 1 1 2 2 1 1 0 0 0 1 2 1 1 1 1 2 1 1 1 1 1 0 1 1 3 11 9 21 21 13 12 33 46 45 47 46 68 59 78 67 68 44 30 60 44 38 37 20 57 32 58 63 65 43 30 10 44 25 18 4 14 41 49 16 6 7 3 4 8 17 11 12
48 16 58 38 55 64 65 48 73 78 50 59 61 25 24 21 32 28 19 14 12 10 7 3 2 2 6 4 3 2 0 0 0 0 1 1 1 1 1 1 1 1 1 0 0 1 2 7 9 10 15 35 33 37 16 34 36 63 61 59 76 63 59 51 33 32 49 62 48 32 18 19 50 54 62 61 64 64 45 15 10 22 22 15 5 16 32 21 15 3 7 1 9 12 6 6
34 38 39 42 29 56 63 39 42 76 46 68 78 51 37 26 38 54 48 33 27 13 5 4 6 4 8 7 11 3 3 3 3 1 1 0 1 0 1 1 0 0 0 0 2 3 8 9 9 12 25 39 35 27 41 46 52 50 36 48 66 37 20 13 30 33 30 79 62 23 25 16 53 52 16 34 71 59 63 45 12 8 36 21 12 5 16 21 20 8 2 2 11 6 1 1
39 17 24 37 25 35 67 30 24 53 60 73 73 58 60 53 16 27 30 43 21 16 13 10 11 10 10 14 12 10 6 5 4 3 2 1 1 0 0 0 0 0 1 1 6 6 8 15 8 20 36 30 46 45 51 52 18 13 30 47 74 33 15 39 53 47 61 67 47 39 25 10 19 55 44 15 35 45 56 54 44 12 11 23 16 5 3 11 22 15 1 1 7 1 7 13
58 26 26 26 8 19 50 28 37 29 48 37 55 28 37 42 12 9 23 43 26 34 18 8 24 19 11 8 8 7 5 2 3 2 4 2 1 1 0 0 0 0 2 5 8 10 5 5 19 40 28 34 55 65 75 68 46 35 47 49 50 21 21 53 53 47 47 20 44 48 32 9 12 26 59 33 14 20 67 42 36 14 5 11 15 4 5 15 10 10 1 1 1 2 13 32
33 9 33 28 9 6 21 47 10 21 56 46 53 27 24 13 15 4 9 41 35 23 16 14 7 8 3 2 3 3 3 3 2 2 4 3 1 1 0 0 0 1 2 4 3 8 7 15 17 20 17 27 41 74 79 81 78 68 53 46 30 16 35 45 62 57 47 27 25 45 20 10 12 19 55 36 16 17 27 50 36 25 9 6 16 6 7 12 7 3 3 11 4 9 29 41
47 10 39 45 15 9 13 28 9 8 49 34 21 13 6 15 15 10 3 8 10 21 40 37 15 4 10 5 1 2 2 1 1 1 2 4 2 1 0 0 0 2 4 6 2 3 2 5 4 6 6 21 41 35 54 73 59 44 24 70 35 16 36 44 43 52 71 42 37 16 10 11 26 42 69 35 16 21 33 61 36 15 8 3 7 11 7 11 4 2 7 35 17 18 19 36
35 25 20 40 6 11 15 25 17 6 7 6 7 21 8 5 15 15 5 8 10 10 25 17 13 4 7 8 4 1 1 1 1 1 1 1 2 1 0 0 0 1 1 2 2 1 2 3 8 9 6 18 18 28 32 24 17 36 60 41 15 28 41 36 53 72 48 38 39 25 10 16 27 46 51 26 24 18 31 54 40 40 17 4 3 5 7 11 2 3 10 10 26 41 23 30
11 9 15 15 8 3 17 28 10 3 7 4 4 10 15 7 9 11 9 3 3 4 7 5 5 3 4 8 6 2 1 1 1 1 1 1 1 1 0 0 0 1 2 2 3 6 8 9 8 11 20 13 10 6 7 17 37 40 67 33 13 43 34 30 58 78 43 52 47 25 17 17 28 59 42 25 31 18 25 40 36 36 30 16 4 2 7 4 2 15 20 21 23 22 63 29
4 6 3 11 4 2 17 22 8 3 2 4 4 2 9 10 4 3 5 5 2 2 4 4 3 3 2 5 12 2 1 1 0 0 0 0 1 0 1 0 0 1 1 1 3 4 7 4 4 12 15 32 24 43 32 36 36 52 56 11 22 36 27 21 48 62 40 41 37 29 14 15 31 61 28 38 33 13 11 19 21 31 20 7 8 2 2 4 13 32 38 39 49 32 23 54
2 3 1 2 1 6 11 9 4 2 1 2 2 1 1 4 5 4 4 4 2 1 1 2 1 1 1 2 2 3 2 0 0 0 0 0 0 0 1 0 0 0 0 1 2 2 2 3 8 9 22 27 27 39 53 67 64 76 41 11 26 32 22 31 71 62 21 39 41 26 16 9 25 58 28 23 21 20 4 9 21 31 10 7 2 2 4 14 32 31 38 36 44 55 69 41
1 1 1 0 0 1 1 1 1 1 0 0 0 0 0 1 1 1 2 3 1 1 1 1 0 0 2 1 1 1 2 1 1 0 0 0 0 0 1 0 0 0 0 0 1 1 4 4 4 20 16 22 30 38 51 76 61 52 11 29 38 26 48 59 81 44 50 27 25 26 24 14 35 58 36 23 19 20 4 8 18 27 16 17 6 1 4 11 15 11 13 12 13 20 41 45
0 1 1 1 0 0 0 0 0 0 0 0 0 0 0 0 0 0 0 1 1 1 0 0 0 0 2 1 1 1 1 1 0 0 1 0 0 0 0 0 0 0 2 2 3 4 8 20 6 15 12 16 23 23 61 51 29 8 26 38 37 32 57 80 51 29 42 23 22 24 20 11 21 52 66 37 23 12 5 7 16 29 23 12 5 1 3 5 4 12 17 27 31 28 27 43
1 2 2 3 2 1 0 0 0 1 1 1 1 2 3 2 1 1 0 0 0 0 0 0 0 1 1 0 1 0 0 0 1 0 0 0 0 0 0 0 1 2 3 3 4 7 11 8 21 15 14 14 27 29 63 19 12 19 35 40 34 35 56 79 38 25 24 37 18 8 7 11 35 54 27 51 30 12 4 3 21 18 23 10 4 1 4 11 21 34 21 39 48 43 38 17
2 4 4 5 3 1 1 4 2 4 4 5 5 6 6 5 4 3 2 1 1 0 0 0 0 0 0 0 1 0 0 0 0 0 0 0 0 0 0 1 2 2 3 6 9 14 15 12 20 42 43 41 27 39 23 10 4 29 30 36 20 35 55 67 42 18 25 34 24 15 4 10 45 21 16 57 41 18 6 3 10 9 18 9 2 2 9 11 14 24 27 25 17 18 23 43
7 7 6 6 3 2 2 6 6 6 6 8 13 8 12 11 7 5 4 3 2 3 2 1 1 1 0 0 0 0 0 0 0 0 0 0 0 0 0 2 3 3 4 5 10 15 20 38 31 34 21 55 39 24 23 20 8 24 35 49 47 39 63 29 14 35 39 19 33 13 4 10 19 21 12 55 25 17 6 4 10 9 9 6 2 5 20 31 38 29 24 13 24 26 26 36
17 16 10 15 8 4 4 6 6 7 18 17 16 21 18 9 8 6 5 5 5 5 4 2 2 2 1 1 0 0 1 1 0 0 0 0 0 0 1 2 2 3 4 7 13 17 29 34 27 26 21 12 27 24 27 6 16 27 24 37 34 46 45 52 49 29 19 15 40 27 9 6 20 14 27 57 21 15 9 3 4 7 6 3 5 12 22 49 54 50 51 32 38 48 42 66
23 24 23 13 11 9 5 11 17 19 25 23 26 17 21 15 11 11 9 13 10 8 5 3 3 5 2 1 1 1 3 1 0 0 0 0 0 0 0 1 1 2 3 5 10 22 13 6 36 32 18 10 22 27 4 4 13 17 21 40 50 57 60 32 22 21 29 22 18 22 13 7 18 14 21 33 26 24 9 3 2 5 2 2 8 12 15 19 15 16 19 33 47 48 76 74
31 31 34 28 25 8 7 14 24 32 33 32 33 29 26 26 17 27 18 15 6 4 4 4 4 3 2 2 2 3 1 1 0 0 0 0 0 0 0 1 1 3 7 6 3 7 7 13 11 17 15 4 12 3 6 4 6 11 15 32 50 62 40 57 35 19 18 16 14 22 21 6 7 12 20 24 24 11 7 3 1 2 3 4 14 6 9 17 37 44 43 37 25 71 49 61
47 61 43 16 26 11 18 20 44 38 35 38 38 55 53 34 34 28 15 22 9 7 3 10 8 3 3 3 8 1 1 0 0 0 1 0 0 0 1 1 3 5 7 2 4 6 6 12 10 9 6 4 6 2 5 3 9 22 29 46 35 32 45 59 23 12 9 9 16 15 11 6 4 10 10 25 21 14 7 2 1 1 4 11 25 27 25 25 33 30 27 51 55 67 44 25
65 75 41 37 45 21 16 48 48 60 30 47 55 49 65 45 24 13 28 21 13 10 3 14 3 3 5 7 2 1 1 1 1 1 1 1 1 1 0 0 1 3 1 2 2 8 22 17 11 7 5 3 3 4 7 13 21 16 11 16 24 36 39 57 30 15 15 10 8 6 7 7 3 7 14 11 10 15 6 2 1 5 14 11 21 44 47 52 50 51 30 41 40 43 47 20
53 72 39 39 53 27 26 63 57 62 24 47 69 54 68 37 31 30 40 37 21 8 7 4 5 8 17 2 1 2 2 2 2 1 1 1 1 1 0 0 0 0 1 2 5 15 15 7 15 4 3 2 6 7 9 8 6 4 15 20 19 44 46 39 19 53 52 35 19 17 8 6 3 5 6 5 7 9 2 1 2 10 24 40 36 45 58 53 47 44 46 52 20 7 37 26
69 43 44 39 54 28 31 62 77 59 20 57 75 67 67 65 40 52 65 42 22 9 17 7 15 15 2 2 4 3 2 2 3 2 2 1 1 1 1 1 1 1 1 2 16 6 14 2 4 8 2 3 9 8 10 9 7 14 43 52 44 38 68 38 48 31 39 39 17 10 8 6 3 2 3 5 3 5 1 0 3 7 11 27 30 16 29 13 12 16 10 65 47 23 17 10
85 71 49 38 48 28 44 62 85 47 29 47 71 72 74 46 39 80 45 11 13 32 26 17 20 7 5 5 8 7 3 4 4 3 1 2 1 2 2 1 1 0 0 0 4 3 4 1 1 1 1 3 5 12 11 25 29 33 26 40 54 56 36 50 41 41 15 27 42 15 6 3 2 1 2 3 2 3 1 1 4 10 12 17 15 8 12 22 35 55 69 83 59 21 15 6
78 78 48 51 55 33 43 67 78 51 32 52 85 84 52 64 45 45 17 12 22 54 58 34 21 17 9 8 10 6 4 11 6 2 2 3 2 4 3 2 1 1 0 0 0 0 0 0 1 3 5 7 13 17 20 32 26 24 46 64 67 65 48 53 12 66 50 11 10 34 29 16 8 3 1 2 2 1 1 1 4 5 6 11 9 12 37 40 39 34 44 68 36 19 13 5
76 64 44 59 53 50 38 66 76 50 38 53 84 75 60 50 27 16 6 23 46 54 37 15 9 4 3 18 15 8 11 10 4 2 3 4 5 5 4 1 1 1 1 1 1 0 0 0 1 2 5 5 9 13 11 16 22 41 33 76 61 32 30 73 44 21 53 21 8 5 10 11 14 13 4 2 1 1 0 1 5 5 5 6 13 24 35 36 34 45 36 44 38 24 10 5
76 63 38 61 54 53 47 50 60 37 33 51 65 34 36 30 13 18 14 30 56 27 21 19 9 8 5 28 21 10 26 10 3 5 4 6 8 12 7 3 2 1 2 1 1 0 0 0 1 2 2 3 11 11 20 28 15 41 49 68 19 8 30 67 30 27 16 43 14 3 4 5 11 9 7 6 1 1 0 1 3 5 6 5 7 18 47 28 20 59 27 25 30 10 4 4
49 45 40 61 51 41 56 45 70 70 58 52 45 37 50 50 37 45 25 34 51 31 23 20 13 10 10 33 29 15 29 12 9 8 7 12 11 10 3 4 6 3 2 1 1 0 0 0 1 2 2 5 11 11 12 17 12 25 52 25 15 8 46 65 42 10 6 9 23 7 3 3 3 3 8 3 1 1 0 1 2 4 6 6 20 34 51 27 21 49 23 8 12 16 4 2
55 25 58 66 57 67 67 85 79 90 90 83 46 66 67 63 63 32 30 52 46 28 24 14 15 22 14 35 34 32 22 18 14 16 14 21 28 12 7 5 15 7 1 1 0 0 0 0 1 2 5 6 8 10 6 7 19 43 57 16 10 12 23 59 47 27 7 2 15 15 6 2 2 2 12 2 1 1 0 1 3 5 7 11 14 12 13 11 18 16 24 16 14 12 2 0
45 40 46 58 79 83 87 89 75 75 79 81 84 73 47 46 39 32 36 34 20 28 23 27 39 28 31 61 48 60 29 27 22 29 31 46 44 15 14 11 15 4 2 1 1 1 1 0 0 2 2 4 4 3 4 9 20 33 26 21 9 9 10 68 24 19 16 1 9 17 10 2 2 2 3 5 1 0 0 2 2 5 11 16 14 9 10 6 9 8 11 7 5 2 1 2
56 57 33 39 54 62 80 53 50 48 63 67 65 74 51 43 47 61 51 34 32 38 34 46 65 48 38 65 63 51 32 46 33 41 38 50 30 20 26 8 3 3 4 4 2 2 1 0 0 1 3 2 3 5 5 2 12 9 14 38 13 11 17 32 18 3 14 4 6 8 6 5 2 1 1 14 1 0 1 1 4 5 4 16 9 7 8 5 5 2 2 2 2 2 3 8
69 72 49 31 56 52 56 65 48 61 69 54 65 78 83 68 79 69 50 42 55 53 55 52 62 50 44 70 68 40 50 48 49 50 58 60 38 24 6 3 3 5 4 4 5 3 3 1 0 0 1 2 3 5 5 4 9 11 6 11 10 11 14 25 30 4 7 7 4 11 6 3 3 1 2 2 1 0 0 1 2 3 9 13 6 6 5 4 7 1 1 1 1 3 7 10
51 67 79 50 27 33 56 57 76 47 43 42 75 56 63 92 88 48 66 64 65 61 63 55 59 52 54 76 65 55 55 53 57 71 70 36 12 8 13 10 12 10 7 5 8 6 4 1 0 0 0 4 2 2 6 4 11 7 5 6 7 4 5 12 38 3 2 5 3 3 4 2 1 1 1 1 1 0 0 1 2 3 14 7 2 2 2 3 2 0 0 2 3 5 8 9
77 75 77 80 46 17 23 69 67 62 18 22 40 53 79 85 67 89 89 71 61 79 73 42 62 53 71 64 63 57 61 52 67 79 79 41 33 24 33 27 36 32 14 14 16 5 2 1 0 0 0 0 0 1 6 4 9 8 4 4 3 1 1 3 16 5 3 2 3 2 2 3 2 1 1 1 0 0 0 1 2 3 4 3 1 1 1 1 0 1 2 3 7 11 8 9
60 45 53 84 45 39 33 34 36 42 32 9 33 77 86 84 63 58 84 64 78 80 68 51 72 68 81 76 71 78 61 61 62 56 60 39 38 44 40 39 13 12 28 41 7 3 2 1 0 0 0 0 0 0 2 5 7 13 3 3 3 1 1 8 17 4 4 2 2 2 2 2 1 1 1 1 1 0 0 1 1 3 2 1 1 0 1 2 2 5 6 8 9 11 6 7
34 53 51 80 81 31 39 25 28 27 31 17 39 51 56 61 76 83 69 32 65 34 73 82 92 88 84 62 76 60 72 56 51 32 68 64 66 51 28 21 6 1 31 19 12 5 4 2 1 1 1 1 0 0 0 1 1 2 1 2 2 1 1 4 7 8 4 2 2 0 1 1 1 0 0 0 0 0 0 1 1 1 2 1 0 1 3 3 5 5 7 14 14 9 8 8
23 30 44 48 77 76 45 23 23 22 20 20 33 54 67 74 41 75 75 38 68 62 39 54 75 56 73 50 70 33 22 47 34 32 50 84 66 46 26 63 25 23 26 21 19 8 3 2 3 4 2 1 0 0 0 0 0 1 0 2 2 1 2 5 4 7 4 2 1 1 1 1 1 1 0 0 0 0 0 0 0 1 1 1 0 1 2 3 5 5 8 7 30 15 8 5
11 20 32 9 45 84 46 27 14 12 17 22 19 28 38 57 57 75 53 56 66 50 20 51 70 53 52 44 48 69 54 55 51 27 35 73 81 85 80 72 55 39 39 43 28 11 8 5 10 3 1 1 1 1 1 1 0 0 0 0 0 1 1 4 4 4 3 2 1 1 1 0 0 0 0 0 0 0 0 0 0 0 0 0 0 0 1 2 5 2 4 11 12 12 7 14
21 13 25 50 45 58 82 42 39 13 8 10 12 15 39 33 56 75 18 28 72 70 33 19 78 83 57 40 54 63 30 27 36 24 20 48 65 64 61 32 42 39 22 30 31 26 30 23 8 1 3 5 4 3 3 5 3 1 0 0 0 0 1 1 2 5 2 2 1 1 1 0 0 0 0 0 0 0 0 0 0 0 1 1 1 1 1 1 4 5 5 6 11 13 20 22
31 11 9 36 54 62 84 67 33 25 14 11 10 14 14 10 38 26 21 60 86 44 24 14 21 65 37 41 33 56 50 31 36 34 26 62 46 25 20 15 18 9 7 49 27 44 54 43 15 9 13 7 7 4 3 1 1 1 0 0 0 0 0 1 0 2 2 1 1 1 0 0 0 0 0 0 0 0 0 0 0 0 0 1 1 3 4 4 5 6 6 11 12 15 12 29
50 35 24 16 17 23 38 64 37 39 17 10 7 10 17 7 23 15 38 37 80 40 25 21 12 23 21 31 14 44 49 22 20 21 26 43 41 15 8 14 12 9 8 16 31 24 19 8 8 8 5 5 4 4 5 1 1 1 0 0 0 0 0 0 0 1 1 2 1 0 0 0 0 0 0 0 0 0 0 0 0 0 1 1 1 0 2 11 3 9 12 16 22 20 26 34
25 24 41 16 14 39 41 64 67 42 28 9 7 5 6 9 13 16 18 36 68 78 49 27 8 8 17 5 10 34 45 25 15 16 13 12 16 10 6 9 8 7 7 8 33 18 19 7 4 3 3 1 1 1 3 1 0 1 0 0 0 0 0 0 0 1 1 1 0 0 0 0 0 0 0 0 0 0 0 0 0 0 0 0 0 1 6 8 11 15 15 16 17 25 26 41
42 34 12 8 10 20 32 45 63 35 21 13 5 3 4 9 4 7 23 65 55 66 51 42 19 5 20 17 4 7 25 16 16 12 5 6 8 16 6 5 7 4 3 6 16 18 23 10 5 3 2 1 0 1 1 1 0 1 1 0 0 0 0 0 0 0 0 0 0 0 0 0 0 0 0 0 0 0 0 0 0 0 0 1 1 3 3 10 6 6 5 6 12 23 27 17
55 46 19 8 3 19 18 29 46 44 14 11 5 5 6 7 3 15 40 57 25 36 45 19 14 11 6 11 14 2 12 16 7 7 4 7 5 3 4 4 7 5 2 2 6 15 23 12 10 4 4 1 1 0 0 1 0 1 1 0 0 0 0 0 0 0 0 0 0 0 0 0 0 0 0 0 0 0 0 0 0 0 0 1 2 2 4 4 5 4 3 7 11 13 14 16
57 47 24 20 5 6 13 20 59 14 14 6 4 4 3 4 3 10 40 22 4 19 70 17 11 12 5 6 6 10 8 7 5 4 5 2 2 1 1 3 6 2 2 2 2 7 20 10 11 4 3 2 1 0 0 0 0 0 0 0 0 0 0 0 0 0 0 0 0 0 0 0 0 0 0 0 0 0 0 0 0 1 1 2 1 2 5 5 4 4 8 6 8 13 17 11
51 43 25 11 9 6 12 13 44 16 4 10 6 3 2 2 2 15 17 10 24 37 58 34 13 7 8 12 3 14 8 5 6 2 5 2 3 2 1 2 1 1 2 5 9 11 15 13 20 14 8 3 1 1 0 0 0 0 0 0 0 0 0 0 0 0 0 0 0 0 0 0 0 0 0 0 0 0 0 0 0 0 0 1 1 2 2 4 6 8 9 8 11 7 16 20
42 28 18 11 8 8 4 8 16 38 11 4 6 3 2 2 3 9 7 10 9 23 54 30 13 18 5 6 6 14 5 3 4 3 2 1 2 2 1 1 0 1 2 14 5 6 13 7 15 15 13 4 2 1 0 0 0 0 0 0 0 0 0 0 0 0 0 0 0 0 0 0 0 0 0 0 0 0 0 0 0 0 1 1 1 1 2 3 4 5 6 16 12 16 30 20
37 32 15 9 8 6 5 6 7 17 15 4 3 2 2 2 2 3 4 7 10 24 59 25 16 8 12 4 5 9 4 1 2 2 2 1 1 1 1 1 0 1 7 10 2 6 6 3 11 9 7 6 4 2 2 1 0 0 0 0 0 0 0 0 0 0 0 0 0 0 0 0 0 0 0 0 0 0 0 0 0 1 1 0 0 1 1 1 3 5 5 9 8 5 10 15
76 50 28 7 4 5 4 4 6 11 16 6 4 2 2 2 1 2 2 2 10 14 43 21 8 5 5 6 4 2 5 1 1 1 1 1 1 1 0 1 2 3 5 1 2 4 2 3 6 8 10 9 11 5 3 2 1 0 0 0 0 0 0 0 0 0 0 0 0 0 0 0 0 0 0 0 0 0 0 0 0 0 0 0 0 0 1 1 1 2 6 13 7 8 10 3
30 68 47 20 7 3 2 3 4 6 28 8 4 2 1 1 1 1 1 2 6 11 25 27 7 4 3 3 3 3 3 4 2 1 1 2 1 0 0 1 2 7 3 1 2 4 3 2 6 7 3 3 4 6 4 2 1 1 0 0 0 0 0 0 0 0 0 0 0 0 0 0 0 0 0 0 0 0 0 0 0 0 0 0 0 1 1 1 1 3 4 6 5 6 8 13
12 64 17 49 23 11 2 2 2 7 15 5 3 1 1 1 0 1 2 2 6 13 11 24 14 7 4 2 2 2 2 3 2 1 1 1 0 0 0 1 3 3 3 1 1 3 1 1 6 8 3 2 2 3 10 4 2 1 1 0 0 0 0 0 0 0 0 0 0 0 0 0 0 0 0 0 0 0 0 0 0 0 0 0 1 1 1 1 2 2 3 2 3 7 9 11
20 23 11 39 17 18 6 1 2 2 7 5 2 1 1 0 0 1 1 4 2 2 21 21 22 11 6 5 1 1 1 1 1 1 0 0 0 0 0 1 3 1 1 1 1 4 1 1 8 6 3 1 0 0 4 3 2 1 0 0 0 0 0 0 0 0 0 0 0 0 0 0 0 0 0 0 0 0 0 1 1 1 1 1 1 1 1 1 1 1 2 4 8 10 13 15
21 16 14 9 11 5 20 3 1 1 2 3 1 1 1 0 0 1 1 2 5 18 25 22 28 12 6 3 2 1 1 1 1 1 1 0 0 0 1 1 1 1 0 0 1 4 2 3 11 7 6 1 0 0 1 1 1 1 0 0 0 0 0 0 0 0 0 0 0 0 0 0 0 0 0 0 0 0 1 1 1 1 2 1 1 1 1 1 2 1 2 2 3 2 5 8
18 11 15 8 8 2 4 7 1 0 2 2 3 1 0 0 0 0 2 3 10 12 19 15 16 20 5 2 2 1 1 1 1 1 0 0 0 0 0 1 1 0 0 0 0 1 1 1 5 8 3 1 1 0 0 1 0 0 0 0 0 0 0 0 0 0 0 0 0 0 0 0 0 0 0 0 0 1 1 2 2 2 1 2 2 2 2 4 3 1 1 1 2 6 7 11
12 15 18 8 3 2 2 2 1 0 1 1 2 1 0 0 0 1 3 8 5 3 11 8 7 11 6 2 2 1 1 1 0 0 0 0 0 0 1 1 0 0 0 0 0 1 0 1 7 2 2 1 1 0 0 0 0 0 0 0 0 0 0 0 0 0 0 0 0 0 0 0 0 0 0 0 0 1 1 1 3 4 5 5 6 4 5 5 3 2 2 3 2 2 8 9
4 3 5 5 2 2 1 1 1 1 0 1 1 0 0 0 0 1 2 3 3 3 6 16 3 4 3 3 1 1 1 1 0 0 0 0 0 1 1 0 0 0 0 0 0 1 1 8 13 1 0 2 1 0 0 0 0 0 0 0 0 0 0 0 0 0 0 0 0 0 0 0 0 0 0 0 0 0 0 1 2 2 2 4 8 6 9 9 6 6 3 3 6 5 5 7
1 1 1 2 1 1 1 1 1 1 0 0 0 0 0 0 0 1 1 1 2 2 1 2 2 2 2 2 1 1 0 0 0 0 0 0 0 1 0 0 0 0 0 0 0 1 2 2 6 1 0 1 1 0 0 0 0 0 0 0 0 0 0 0 0 0 0 0 0 0 0 0 0 0 0 0 0 0 0 0 1 1 2 2 8 7 14 17 11 17 13 13 10 10 8 23
