sesion_6_simulaciones/modelos_agentes/ejemplos_netlogo/scenarios/cgcm2_a2/rob_2053.asc
NCOLS 322 
NROWS 307 
XLLCORNER 451900 
YLLCORNER 4086900 
CELLSIZE 100 
NODATA_value -9999 
[rows 0 to 72 of 307, columns 192 to 287 of 322]
43 40 22 13 35 60 34 16 15 20 23 9 6 5 7 5 3 3 5 4 4 4 2 3 5 8 4 9 10 26 7 2 2 0 0 0 1 1 1 3 4 1 1 8 12 14 12 23 37 45 29 32 39 47 45 58 46 83 48 40 8 11 17 42 53 39 55 50 25 37 20 11 15 20 38 21 18 36 57 26 14 16 16 19 17 13 31 27 25 27 10 22 33 61 20 6
51 29 35 33 41 60 20 30 43 27 18 13 21 17 10 9 12 3 5 7 7 4 2 2 2 9 3 3 2 5 22 8 1 1 0 0 0 1 2 1 3 1 0 2 3 6 13 13 30 70 81 63 44 44 45 45 69 69 68 19 23 13 45 39 50 46 53 38 43 18 6 23 11 20 50 23 53 38 32 35 26 33 34 21 15 8 21 29 30 27 16 27 24 30 16 12
29 54 35 34 60 50 36 18 11 26 27 28 40 42 23 35 20 17 24 23 18 7 4 2 1 1 1 0 1 1 2 9 6 1 1 1 0 0 1 0 0 0 3 8 7 15 16 23 31 52 59 52 62 51 66 75 41 37 46 24 23 29 39 28 32 59 28 26 20 26 14 15 13 20 61 23 61 49 25 42 28 24 31 31 16 5 13 17 30 22 16 43 23 40 13 3
39 39 64 56 45 35 33 33 33 55 31 49 63 50 43 57 40 20 30 44 29 23 15 6 4 2 0 1 1 0 1 1 1 1 1 1 1 0 0 0 1 2 1 2 4 17 17 23 9 20 16 20 32 61 50 57 53 21 29 35 38 20 23 42 29 57 44 37 54 20 29 25 8 8 42 23 31 26 34 40 30 29 31 34 18 6 12 26 40 17 28 25 23 38 10 2
29 23 44 14 52 59 52 40 54 49 48 35 40 34 42 61 45 49 53 54 48 23 16 16 7 10 4 7 5 1 0 0 1 0 0 1 0 0 0 0 1 1 2 3 3 6 7 13 36 55 60 51 47 41 65 70 32 27 9 12 35 34 26 41 41 56 35 25 16 11 8 8 11 7 21 21 18 32 57 64 54 21 20 41 36 26 3 22 24 35 31 18 33 48 16 3
31 25 43 36 24 31 56 27 52 44 32 40 16 40 50 51 53 52 20 17 35 18 13 20 15 14 6 10 7 2 2 1 0 0 0 0 0 0 0 0 1 1 2 6 14 32 40 49 48 32 38 41 45 64 81 59 36 29 9 46 64 62 56 56 44 64 26 33 39 31 40 28 23 17 13 18 27 25 35 28 41 63 46 34 38 27 8 16 23 26 13 18 29 29 18 5
23 13 15 35 24 19 53 21 16 29 37 63 38 19 38 49 45 45 26 9 11 29 35 38 18 15 15 9 9 7 5 3 3 2 1 0 1 1 0 0 0 1 4 7 24 15 22 31 52 41 43 79 45 69 75 43 29 32 18 36 51 58 57 59 68 59 51 45 44 17 28 27 20 30 26 13 6 19 39 43 32 57 37 18 11 36 13 11 13 13 14 26 43 52 14 12
16 13 12 17 37 29 45 55 18 8 17 26 44 14 6 19 12 20 27 13 10 18 9 15 17 13 15 9 14 10 8 8 6 6 5 2 2 1 0 0 1 3 6 12 19 27 28 51 73 69 70 47 60 59 66 38 23 9 18 24 33 29 28 23 24 53 33 26 47 27 25 19 24 29 30 19 6 27 46 25 51 65 44 19 11 29 22 10 12 25 25 29 53 34 19 14
31 24 22 13 22 19 32 58 57 26 12 12 22 33 17 11 7 21 26 19 15 22 6 11 25 18 14 14 13 19 16 15 14 10 6 5 2 1 0 0 1 3 7 10 28 28 21 35 47 62 48 32 73 56 52 22 11 45 65 51 62 52 60 45 51 77 46 34 15 16 23 20 22 23 19 11 7 14 18 32 46 59 45 29 12 14 14 9 8 30 23 33 28 39 18 27
22 24 24 14 12 7 25 26 53 42 31 16 15 19 23 10 9 7 22 19 17 23 8 7 14 16 12 10 6 12 2 6 12 11 7 3 1 1 0 0 0 1 5 8 18 8 9 41 23 19 19 76 51 55 32 16 28 56 62 74 56 83 70 42 61 34 57 47 43 18 19 29 27 14 11 7 6 11 39 20 13 45 48 44 24 11 19 6 9 11 14 39 27 37 21 52
28 25 26 25 12 7 4 5 9 25 15 11 8 22 13 9 11 2 5 15 11 24 26 5 6 6 23 9 2 7 12 2 1 1 1 5 2 1 0 1 1 2 6 14 4 12 20 24 6 12 54 55 29 41 17 11 27 45 42 58 79 80 47 30 32 48 57 57 63 45 56 36 32 26 16 11 5 4 13 26 28 52 66 42 45 16 9 13 4 13 36 16 23 17 19 60
51 34 17 20 21 19 13 7 6 6 6 5 9 9 8 6 4 8 5 5 14 17 14 6 1 4 16 9 3 3 9 11 1 0 0 1 3 1 0 0 4 6 6 2 1 2 11 3 7 33 61 43 23 17 8 34 37 33 41 77 64 58 15 26 40 43 67 63 53 60 45 36 41 42 37 26 9 6 20 23 24 71 48 57 40 32 12 6 5 20 21 12 31 11 35 68
59 43 39 54 45 41 37 20 34 19 16 9 4 3 3 3 3 13 10 3 3 6 6 6 1 3 6 4 3 1 1 5 1 0 0 0 1 2 0 1 3 4 3 6 5 5 16 2 12 43 32 13 3 15 39 54 55 62 83 70 20 26 30 21 21 22 37 38 62 40 21 33 53 55 50 26 10 3 18 28 54 61 24 36 52 32 17 4 5 19 16 11 33 10 28 38
70 66 62 66 62 57 44 39 36 35 31 29 11 8 5 3 2 1 1 1 2 2 1 2 2 3 3 3 1 1 1 2 2 1 0 0 1 1 1 1 1 2 2 1 1 8 3 3 16 12 7 2 6 18 30 40 67 61 53 13 47 63 56 44 45 25 22 22 55 44 58 68 48 33 28 29 13 5 10 22 53 24 17 37 64 36 23 10 3 6 7 10 17 10 23 19
27 65 69 68 60 63 41 48 24 25 38 26 20 19 17 13 7 4 1 1 1 1 0 1 2 2 1 1 0 0 1 1 1 1 0 0 1 2 2 1 1 1 2 1 0 1 1 3 4 3 1 3 7 11 25 39 41 12 36 50 62 57 59 79 83 72 65 46 48 58 64 52 59 44 24 17 9 5 10 22 30 14 9 48 63 63 38 38 15 3 5 9 9 9 28 24
40 58 67 49 55 74 59 34 52 39 26 34 28 34 35 18 13 4 3 2 1 1 0 0 1 1 0 0 0 0 0 1 2 2 1 0 1 1 1 1 1 1 1 0 0 0 2 4 2 1 5 4 5 9 15 24 11 40 44 47 59 72 81 71 66 75 41 33 66 19 50 78 54 41 45 43 40 20 7 23 25 13 5 11 31 58 17 10 13 12 3 11 5 8 30 22
67 19 68 49 43 68 74 75 44 23 33 31 43 39 30 21 19 13 7 6 4 4 1 1 0 0 1 1 1 1 0 0 0 1 1 1 1 1 1 1 1 1 0 0 0 0 0 0 2 7 6 14 15 9 8 27 41 42 46 46 68 58 77 67 69 44 32 60 45 38 38 21 56 33 59 63 62 40 26 7 39 20 14 3 11 32 42 11 4 5 2 3 6 11 8 8
44 14 52 31 49 58 62 42 68 75 45 54 56 20 18 16 21 18 13 9 7 6 4 2 1 2 3 2 2 1 0 0 0 0 0 1 1 1 1 1 1 1 0 0 0 1 1 4 6 6 10 26 25 26 11 26 30 61 59 58 75 61 56 50 32 32 49 62 49 32 19 20 50 54 61 59 64 62 41 12 8 17 18 12 3 12 25 16 10 2 5 0 6 9 4 4
29 32 33 35 23 49 56 33 35 71 39 61 72 42 29 20 30 44 35 21 16 7 3 2 4 2 5 4 7 2 2 2 1 1 0 0 0 0 0 0 0 0 0 0 1 2 5 6 6 8 18 31 25 19 33 39 47 45 33 47 65 33 18 12 30 34 30 79 63 23 25 16 52 50 16 33 70 58 59 40 10 6 30 15 8 3 12 15 15 6 1 1 8 3 1 1
32 13 19 27 19 25 61 24 17 44 52 67 66 48 51 41 11 19 21 30 14 11 7 6 7 6 6 9 8 6 4 2 2 2 1 1 0 0 0 0 0 0 0 1 4 3 5 10 5 12 24 20 37 37 42 47 15 12 27 45 72 30 14 38 53 47 60 67 49 39 24 10 19 54 44 15 34 44 53 48 37 9 7 16 12 3 2 8 17 10 1 1 5 1 4 9
52 20 20 19 5 14 42 21 29 20 39 29 46 20 28 33 8 6 15 32 17 25 11 5 17 13 7 5 5 4 3 1 2 2 2 1 1 0 0 0 0 0 1 3 4 6 3 3 12 27 20 26 47 58 70 64 44 33 46 48 49 19 20 53 53 47 47 21 46 48 32 9 12 24 59 31 13 19 64 37 29 10 3 8 11 2 4 11 7 7 1 1 1 2 8 25
26 6 25 21 6 4 15 38 7 15 46 37 43 20 17 9 10 2 6 31 27 17 11 9 5 5 2 1 2 2 2 2 1 1 2 2 1 1 0 0 0 1 1 3 2 5 5 10 12 13 12 20 33 69 76 79 77 67 51 44 28 14 34 44 63 56 48 27 24 44 19 9 12 18 54 34 14 15 24 45 28 19 7 4 10 4 5 8 4 2 2 7 3 6 23 33
38 7 28 38 10 6 8 18 6 5 36 22 15 7 4 10 9 7 2 5 6 15 27 28 8 2 6 2 1 1 1 1 1 1 1 2 1 0 0 0 0 1 3 4 1 2 1 3 3 4 4 15 33 28 48 68 55 42 22 67 33 15 35 44 43 51 72 42 36 15 10 10 25 40 67 32 14 18 28 56 28 11 6 2 5 8 4 7 3 1 5 28 13 14 14 29
23 17 13 31 4 8 11 16 11 4 4 3 4 13 5 3 10 10 3 5 6 6 17 12 8 2 4 5 2 1 1 0 1 0 1 1 1 0 0 0 0 0 0 1 1 1 1 2 5 5 4 13 14 23 26 21 15 34 57 37 13 26 40 37 54 72 49 37 38 24 10 14 25 45 48 23 20 15 24 47 34 33 12 3 2 4 4 7 1 2 7 7 20 36 19 24
7 5 10 10 5 2 12 18 6 2 5 3 3 6 10 4 6 7 6 2 2 3 5 3 3 2 3 6 4 1 0 0 0 0 0 0 0 1 0 0 0 0 1 1 2 4 5 6 5 8 14 9 7 4 5 13 33 37 64 29 12 41 34 31 58 78 44 51 46 24 16 15 25 57 38 21 26 14 18 31 30 29 23 11 3 1 5 3 1 11 14 15 18 17 58 26
2 3 2 7 2 1 12 16 5 1 1 3 2 1 6 6 3 2 3 3 1 1 2 2 2 2 1 3 8 1 1 0 0 0 0 0 0 0 1 0 0 0 0 1 2 2 5 2 3 7 10 22 19 36 27 30 31 49 51 9 20 34 27 21 47 61 38 40 34 27 13 13 28 58 24 32 25 9 8 14 16 24 13 5 5 1 1 3 9 25 29 33 42 29 21 52
1 2 1 1 1 4 7 6 2 1 0 1 1 1 1 2 3 2 2 3 1 1 1 1 0 1 1 1 1 2 1 0 0 0 0 0 0 0 0 0 0 0 0 0 1 1 1 2 4 6 14 20 21 33 48 63 63 72 35 10 24 31 22 30 70 62 19 36 38 23 14 8 21 54 24 19 17 14 3 6 16 22 7 4 1 1 2 10 24 24 29 30 39 52 67 41
1 1 0 0 0 0 0 1 1 0 0 0 0 0 0 0 1 0 1 2 1 1 0 0 0 0 1 1 1 1 1 1 1 0 0 0 0 0 0 0 0 0 0 0 1 1 2 3 3 12 11 16 24 32 44 72 53 43 8 26 36 25 47 58 80 43 47 23 21 22 19 11 30 53 32 17 14 15 3 5 13 20 11 12 4 1 2 8 10 8 9 9 11 17 38 43
0 0 0 0 0 0 0 0 0 0 0 0 0 0 0 0 0 0 0 0 0 0 0 0 0 0 1 1 1 0 0 0 0 0 0 0 0 0 0 0 0 0 1 1 1 2 5 14 4 11 8 11 18 18 56 44 23 6 22 35 35 32 56 79 50 27 39 20 18 19 16 9 17 46 60 32 18 8 3 4 11 21 16 7 3 0 2 3 3 9 12 21 26 25 25 41
1 1 1 2 1 0 0 0 0 1 1 1 1 1 2 1 1 1 0 0 0 0 0 0 0 0 0 0 0 0 0 0 0 0 0 0 0 0 0 0 0 1 1 2 2 4 6 4 14 10 9 10 21 23 56 14 8 14 29 36 33 34 55 78 35 24 22 33 15 6 6 8 28 48 21 43 24 8 3 2 15 13 16 7 2 0 3 8 15 27 17 32 44 40 36 17
1 2 2 3 2 1 0 2 1 2 2 3 3 4 4 3 3 2 1 1 0 0 0 0 0 0 0 0 0 0 0 0 0 0 0 0 0 0 0 0 1 2 2 4 5 9 8 7 12 32 34 33 21 32 17 7 3 21 25 33 18 33 53 64 40 16 22 28 20 11 3 7 36 16 12 48 32 13 4 2 7 6 11 6 1 2 6 8 10 18 20 21 15 16 22 43
4 4 4 4 2 1 1 4 4 4 4 5 8 5 7 7 4 2 2 2 1 2 1 0 0 0 0 0 0 0 0 0 0 0 0 0 0 0 0 1 2 2 2 3 6 9 13 28 22 25 14 47 32 18 18 13 6 17 29 44 44 37 61 27 12 31 34 15 27 10 3 7 15 16 9 45 18 12 3 2 5 6 6 3 1 3 15 24 31 22 19 10 21 24 25 34
11 10 6 9 5 2 2 3 3 4 10 11 11 14 12 6 5 4 3 3 3 3 2 1 1 1 0 0 0 0 0 1 0 0 0 0 0 0 0 1 1 2 2 4 9 11 20 25 20 20 13 8 18 18 21 3 10 19 19 30 29 43 43 48 43 24 16 12 32 21 7 5 13 10 20 48 15 9 5 2 2 4 4 1 3 7 16 40 47 44 46 29 35 46 39 63
16 16 16 9 7 6 3 7 11 13 18 16 16 11 14 9 7 6 5 8 6 5 2 2 2 3 1 1 0 1 2 1 0 0 0 0 0 0 0 1 1 1 2 3 6 16 8 3 27 23 13 7 16 18 3 3 8 13 16 34 46 53 57 29 18 17 24 16 12 15 9 4 13 10 15 25 19 17 6 1 1 3 1 1 4 8 11 13 10 13 16 30 44 46 73 70
23 23 25 20 15 5 4 9 17 23 24 21 22 21 18 19 10 19 12 10 3 2 2 2 3 2 1 1 1 2 1 0 0 0 0 0 0 0 0 1 1 2 5 4 2 4 4 9 8 10 10 3 8 1 4 2 4 8 10 27 45 57 36 52 30 15 14 12 10 16 15 4 5 8 14 17 17 7 4 2 1 1 1 3 9 4 6 12 30 38 40 33 22 68 44 55
38 51 34 11 18 7 12 14 34 29 27 27 29 46 43 26 25 20 10 13 6 4 2 5 5 2 2 2 4 1 0 0 0 0 0 0 0 0 0 1 2 3 5 1 2 4 4 8 6 6 3 2 4 1 3 2 5 16 22 37 30 27 42 55 19 10 7 7 12 11 7 4 3 6 6 17 15 8 4 1 1 1 2 7 16 20 19 19 27 25 23 47 49 61 37 19
58 68 32 29 36 15 11 38 39 52 23 38 46 40 57 33 16 9 20 12 8 5 2 9 2 2 3 5 1 0 1 1 1 1 0 0 0 0 0 0 1 2 1 1 1 5 13 12 7 4 3 2 2 2 5 8 15 11 8 12 18 32 36 52 26 12 11 7 5 4 4 4 2 5 9 7 6 9 4 1 1 3 9 7 15 35 39 43 44 46 27 37 32 36 39 14
48 67 33 33 45 20 20 55 50 53 19 40 63 47 61 30 24 23 30 28 14 4 5 3 3 5 10 1 1 1 1 1 1 1 1 0 0 0 0 0 0 0 0 1 3 10 9 4 10 3 2 1 4 4 6 5 4 2 11 15 15 39 43 35 17 46 45 28 14 12 5 4 2 3 4 3 4 5 1 0 1 6 16 30 27 36 50 45 41 39 41 47 15 5 27 19
65 40 40 34 48 22 25 57 74 51 15 52 72 63 63 58 33 44 56 30 15 6 12 5 10 10 1 1 2 2 1 1 2 1 1 1 1 1 1 0 0 0 0 1 11 4 9 1 2 4 1 2 5 5 7 6 5 10 34 45 39 35 66 33 43 26 30 31 12 6 5 4 1 1 2 3 2 3 1 0 2 5 7 19 20 10 21 10 9 13 9 60 40 17 12 7
84 68 44 35 43 24 39 59 84 42 25 42 69 69 70 41 34 75 36 7 9 23 19 12 12 4 3 3 5 4 2 2 2 2 1 1 1 2 1 1 0 0 0 0 3 2 2 1 0 0 0 2 3 7 7 18 21 25 19 34 50 49 31 46 36 34 10 20 35 10 3 2 1 1 1 2 1 1 1 1 3 6 8 10 9 5 7 15 29 48 63 79 49 16 9 4
77 76 46 49 53 30 41 65 77 49 30 50 85 84 50 60 38 38 12 8 16 46 49 24 13 11 5 5 6 4 3 7 3 1 1 2 1 2 2 1 1 0 0 0 0 0 0 0 1 2 3 4 9 12 14 24 19 17 37 61 61 59 39 47 9 59 40 8 6 25 20 11 5 2 0 1 1 0 0 1 2 3 3 7 5 7 27 33 30 27 36 61 26 13 9 3
76 65 44 58 53 50 38 66 76 50 38 52 84 75 58 45 21 12 4 18 37 47 29 10 6 3 2 12 10 5 7 5 3 1 1 2 3 3 2 0 1 1 1 0 0 0 0 0 1 1 3 3 6 8 8 11 17 35 27 72 53 24 22 70 36 16 45 16 5 3 7 8 10 7 2 1 0 0 0 1 3 3 3 4 7 15 28 27 24 38 26 35 29 17 7 3
77 64 39 62 56 55 50 51 61 39 35 52 65 33 34 26 11 14 11 24 50 21 14 13 6 5 3 18 14 7 16 6 2 3 2 4 4 8 4 2 1 0 1 1 1 0 0 0 1 1 1 2 7 6 16 21 11 33 41 59 14 5 24 60 23 20 11 36 10 2 2 3 7 5 5 3 1 0 0 0 2 3 4 3 5 12 38 18 14 46 20 18 22 6 3 2
49 47 42 62 54 43 59 48 72 74 62 53 46 37 50 46 34 40 19 29 45 25 18 14 9 7 7 24 20 10 18 8 5 4 4 7 7 6 2 2 4 2 1 1 0 0 0 0 0 1 1 3 7 7 7 12 7 17 43 18 11 6 37 58 33 6 4 6 16 5 2 2 2 1 5 2 1 0 0 0 1 3 4 3 14 26 41 17 15 38 16 6 8 11 2 1
59 29 62 71 61 70 69 85 79 90 90 83 47 66 66 63 60 29 26 47 41 22 18 10 10 16 10 27 25 23 16 10 9 9 9 14 19 8 3 3 10 4 1 0 0 0 0 0 1 1 3 4 5 6 3 5 12 36 49 11 7 8 17 52 35 17 4 1 11 10 4 1 1 1 8 1 1 0 0 1 2 3 4 7 10 7 7 6 12 11 15 10 9 7 1 0
51 46 52 62 79 83 87 89 76 75 79 81 83 74 47 46 38 31 34 29 17 23 18 21 31 21 24 53 37 48 21 19 15 21 23 36 33 10 8 7 9 3 1 1 0 1 0 0 0 2 1 3 2 2 2 6 15 22 19 15 6 6 7 58 16 13 11 1 6 11 6 1 1 1 2 3 1 0 0 1 1 3 7 11 9 6 6 4 6 5 7 4 3 1 0 1
60 59 36 41 56 64 80 55 51 48 62 65 66 74 50 43 48 61 50 32 30 35 30 42 59 42 32 59 54 43 25 35 23 32 27 40 22 14 18 5 2 2 2 2 1 1 1 0 0 0 2 1 2 3 3 1 8 6 9 28 8 7 12 24 11 2 9 3 4 4 3 3 1 1 0 9 1 0 0 1 2 3 3 12 5 4 5 3 3 1 1 1 1 1 2 5
71 73 51 31 56 52 55 65 48 59 67 52 63 78 82 67 79 70 50 42 54 52 53 49 59 46 40 66 64 33 44 41 42 42 49 50 29 16 4 1 1 3 3 2 3 2 2 0 0 0 0 1 2 3 3 2 6 6 4 7 6 7 10 19 23 2 4 4 2 7 4 1 2 1 1 1 1 0 0 1 1 2 6 8 4 4 3 2 4 1 1 0 1 2 5 6
53 66 78 49 28 33 56 57 76 42 40 38 72 54 62 92 88 49 67 65 65 61 63 54 57 50 50 74 60 51 50 48 51 66 64 26 8 6 8 6 8 6 5 3 5 4 2 0 0 0 0 3 1 1 4 3 7 5 3 4 5 3 3 8 26 2 1 3 2 2 2 1 1 1 1 1 0 0 0 1 1 2 9 4 1 1 1 2 1 0 0 1 1 2 5 6
77 75 76 80 46 18 21 67 64 58 15 19 36 50 77 84 67 88 89 71 62 79 73 42 62 53 70 62 60 55 58 49 63 76 75 34 23 16 25 19 27 20 9 9 10 3 1 0 0 0 0 0 0 1 4 3 6 5 2 2 2 1 0 2 11 3 2 1 1 1 1 2 1 1 0 0 0 0 0 1 1 2 2 2 1 1 0 1 0 1 1 2 4 6 5 6
61 46 52 85 46 37 31 32 33 38 28 7 29 74 84 82 61 57 84 63 78 79 67 51 72 68 80 75 69 76 59 58 58 51 56 34 30 33 31 30 9 8 20 30 4 2 1 0 0 0 0 0 0 0 1 3 5 7 2 2 2 1 0 5 10 3 2 1 1 1 1 1 1 0 1 0 0 0 0 1 1 2 1 1 0 0 0 1 1 3 4 5 5 6 3 4
33 51 50 80 80 30 36 22 24 23 26 13 31 45 52 56 73 82 68 30 63 33 72 81 91 87 82 58 74 56 68 53 47 27 65 58 59 43 21 15 4 1 22 13 7 3 2 1 0 1 1 0 0 0 0 0 1 2 1 1 1 1 1 3 4 5 2 1 1 0 0 0 1 0 0 0 0 0 0 0 1 1 1 1 0 1 2 2 3 3 4 9 8 6 5 5
21 27 42 46 78 74 41 18 18 17 16 16 26 46 61 69 36 73 72 36 66 59 35 50 73 52 71 46 66 29 19 41 29 27 43 80 60 38 20 55 18 16 19 15 13 4 2 1 2 2 1 0 0 0 0 0 0 0 0 1 1 0 1 3 3 5 2 1 1 1 1 1 0 0 0 0 0 0 0 0 0 0 1 0 0 1 1 2 3 3 4 4 21 10 5 3
10 18 29 8 43 83 42 23 11 8 13 16 13 21 30 49 51 70 48 53 65 46 17 46 66 48 48 39 42 64 47 48 44 21 28 66 75 80 75 66 48 31 30 33 20 7 5 3 7 2 1 1 1 1 0 0 0 0 0 0 0 0 1 2 3 3 2 1 1 1 0 0 0 0 0 0 0 0 0 0 0 0 0 0 0 0 0 1 3 1 3 6 8 8 4 9
19 11 22 45 41 56 80 37 32 10 5 7 9 10 31 25 48 68 14 24 72 67 28 16 72 79 51 33 47 56 24 21 26 18 15 38 56 55 48 21 35 31 15 22 23 19 19 15 5 1 2 3 2 2 2 3 2 0 0 0 0 0 0 0 1 3 1 1 0 1 0 0 0 0 0 0 0 0 0 0 0 0 0 1 1 0 1 1 2 3 3 4 6 8 14 15
26 10 7 31 48 57 81 63 27 19 10 8 7 10 9 7 29 20 16 55 86 38 20 11 16 58 30 31 26 48 42 24 27 23 20 53 36 17 14 10 13 5 5 42 20 34 40 32 10 6 9 5 4 2 2 0 1 0 0 0 0 0 0 0 0 1 1 1 1 1 0 0 0 0 0 0 0 0 0 0 0 0 0 0 1 2 2 2 3 4 4 7 8 9 8 20
47 31 19 12 13 18 33 60 31 31 12 6 5 6 12 5 17 10 31 31 80 35 20 16 9 17 16 23 9 35 40 16 14 14 19 35 28 9 5 9 8 5 6 11 24 18 12 6 5 5 3 3 3 3 3 0 0 1 0 0 0 0 0 0 0 0 1 1 1 0 0 0 0 0 0 0 0 0 0 0 0 0 1 1 0 0 1 7 2 6 8 9 13 12 19 26
21 20 34 12 10 32 34 56 61 33 21 6 4 3 4 6 8 12 13 30 63 75 42 21 6 5 11 3 7 26 36 16 10 11 8 8 11 7 4 6 5 5 4 5 25 14 12 5 2 2 2 0 1 1 2 1 0 1 0 0 0 0 0 0 0 0 0 0 0 0 0 0 0 0 0 0 0 0 0 0 0 0 0 0 0 1 4 5 7 10 10 11 12 19 19 33
37 28 9 6 7 15 25 37 55 27 14 9 3 2 2 5 2 5 16 59 45 63 41 31 13 4 14 12 3 5 18 11 11 8 3 3 4 11 3 3 4 3 2 3 11 13 17 7 3 2 1 1 0 0 1 1 0 1 0 0 0 0 0 0 0 0 0 0 0 0 0 0 0 0 0 0 0 0 0 0 0 0 0 1 1 2 2 6 3 3 3 3 8 16 18 12
50 39 13 6 2 12 13 20 40 35 10 7 4 3 4 3 2 11 31 49 19 31 39 14 9 7 4 8 10 1 7 11 4 5 2 4 3 2 2 3 4 3 1 1 3 10 16 9 5 3 2 1 0 0 0 0 0 0 1 0 0 0 0 0 0 0 0 0 0 0 0 0 0 0 0 0 0 0 0 0 0 0 0 1 1 1 2 3 3 2 2 5 7 9 10 11
51 39 18 13 3 4 9 15 53 10 10 4 3 2 2 2 2 7 30 15 3 15 65 12 7 8 3 3 4 7 5 4 3 3 3 1 1 1 1 2 3 1 1 1 2 5 15 7 8 3 1 1 0 0 0 0 0 0 0 0 0 0 0 0 0 0 0 0 0 0 0 0 0 0 0 0 0 0 0 0 0 0 1 1 1 1 3 3 2 3 4 4 5 9 10 8
45 35 17 8 6 4 8 9 35 12 3 6 4 2 1 1 1 11 11 6 18 29 52 27 9 4 5 8 2 9 5 3 3 2 3 1 2 1 0 1 1 1 1 3 6 8 11 9 15 10 5 2 1 0 0 0 0 0 0 0 0 0 0 0 0 0 0 0 0 0 0 0 0 0 0 0 0 0 0 0 0 0 0 0 1 1 2 3 4 5 5 5 7 4 10 14
35 22 12 8 6 5 3 5 11 31 7 3 4 1 1 1 1 5 5 7 6 17 48 23 9 11 3 4 4 9 3 2 2 2 1 1 1 1 1 1 0 0 1 10 4 3 9 5 11 11 9 3 1 1 0 0 0 0 0 0 0 0 0 0 0 0 0 0 0 0 0 0 0 0 0 0 0 0 0 0 0 0 0 0 0 0 1 2 2 3 3 10 7 11 21 14
31 25 10 6 5 4 3 4 5 13 11 2 1 1 1 1 1 1 3 4 7 19 53 19 11 5 7 3 3 6 3 1 1 1 1 1 1 1 0 0 0 1 4 6 1 4 4 2 8 7 5 4 2 1 1 0 0 0 0 0 0 0 0 0 0 0 0 0 0 0 0 0 0 0 0 0 0 0 0 0 0 0 0 0 0 0 1 1 1 3 3 5 5 3 7 10
72 44 21 4 3 3 2 3 3 8 12 4 2 2 1 1 1 1 2 1 7 9 36 16 5 3 3 4 2 1 3 1 1 1 1 1 1 1 0 0 1 2 3 1 1 2 1 2 3 5 7 5 7 3 2 1 1 0 0 0 0 0 0 0 0 0 0 0 0 0 0 0 0 0 0 0 0 0 0 0 0 0 0 0 0 0 0 0 1 1 4 8 4 4 7 2
25 63 41 15 5 2 1 2 3 4 21 5 3 1 1 1 1 0 1 1 4 8 19 22 5 3 2 2 2 2 2 3 1 0 0 1 1 0 0 1 1 4 2 1 1 2 2 1 3 5 2 2 3 4 3 1 1 0 0 0 0 0 0 0 0 0 0 0 0 0 0 0 0 0 0 0 0 0 0 0 0 0 0 0 0 0 0 0 1 2 2 4 3 4 5 8
8 57 12 42 18 7 1 1 1 4 10 3 2 1 1 0 0 0 1 1 4 9 8 16 8 4 2 1 1 1 1 2 1 1 0 1 0 0 0 0 2 1 2 0 1 2 0 1 4 5 2 1 2 2 6 3 1 0 0 0 0 0 0 0 0 0 0 0 0 0 0 0 0 0 0 0 0 0 0 0 0 0 0 0 0 0 0 0 1 1 2 1 2 4 6 7
14 16 7 31 12 13 4 1 1 1 4 3 1 1 0 0 0 0 1 2 1 1 15 15 17 8 4 3 1 0 1 1 1 1 0 0 0 0 0 0 2 0 0 0 0 2 0 1 5 4 2 0 0 0 3 1 1 0 0 0 0 0 0 0 0 0 0 0 0 0 0 0 0 0 0 0 0 0 0 0 0 1 0 1 1 0 0 0 1 1 1 2 5 6 9 9
15 11 9 6 7 3 13 2 0 0 1 2 1 0 0 0 0 1 1 1 3 13 18 16 21 8 4 2 1 1 1 1 1 1 0 0 0 0 0 1 1 0 0 0 1 3 1 2 7 4 3 1 0 0 0 0 1 1 0 0 0 0 0 0 0 0 0 0 0 0 0 0 0 0 0 0 0 0 1 0 1 1 1 1 1 1 0 1 1 1 1 1 2 1 3 5
14 7 10 5 5 1 3 4 0 0 1 1 2 0 0 0 0 0 1 2 6 7 14 10 10 13 3 2 1 1 1 0 0 0 0 0 0 0 0 1 0 0 0 0 0 1 1 1 3 5 2 1 1 0 0 0 0 0 0 0 0 0 0 0 0 0 0 0 0 0 0 0 0 0 0 0 0 0 0 1 1 1 1 1 1 1 1 3 2 0 1 0 1 3 5 7
8 10 12 5 2 1 1 1 1 0 0 1 1 0 0 0 0 0 2 5 3 2 7 6 5 7 4 1 1 1 1 0 0 0 0 0 0 0 1 1 0 0 0 0 0 1 0 1 4 1 1 1 0 0 0 0 0 0 0 0 0 0 0 0 0 0 0 0 0 0 0 0 0 0 0 0 0 1 1 1 2 3 3 3 4 3 3 3 2 1 1 1 1 1 5 6
3 2 3 3 1 1 1 1 1 0 0 0 0 0 0 0 0 1 1 2 2 2 4 9 2 3 2 2 1 0 0 0 0 0 0 0 0 0 1 0 0 0 0 0 0 0 1 5 8 1 0 1 0 0 0 0 0 0 0 0 0 0 0 0 0 0 0 0 0 0 0 0 0 0 0 0 0 0 0 1 1 1 1 2 5 3 6 5 4 4 2 2 4 3 3 4
1 1 1 1 1 1 1 0 0 0 0 0 0 0 0 0 0 0 0 1 1 1 1 1 1 1 1 1 0 0 0 0 0 0 0 0 0 0 0 0 0 0 0 0 0 0 1 1 4 1 0 1 1 0 0 0 0 0 0 0 0 0 0 0 0 0 0 0 0 0 0 0 0 0 0 0 0 0 0 0 0 1 1 1 5 4 9 11 7 9 8 8 7 6 5 14
