sesion_6_simulaciones/modelos_agentes/ejemplos_netlogo/scenarios/cgcm2_a2/rob_2069.asc
NCOLS 322 
NROWS 307 
XLLCORNER 451900 
YLLCORNER 4086900 
CELLSIZE 100 
NODATA_value -9999 
[rows 74 to 147 of 307, columns 96 to 191 of 322]
7 29 16 7 7 9 9 29 9 9 5 34 11 54 36 17 2 1 1 1 14 7 2 1 1 0 0 0 0 1 0 0 0 1 0 0 0 0 1 0 0 0 0 0 0 1 1 0 0 0 0 1 4 2 3 1 2 3 8 4 4 27 19 13 21 31 17 24 30 34 27 33 21 38 13 14 30 36 32 30 14 40 62 59 45 28 35 41 29 35 30 28 24 13 3 1
10 14 11 9 7 8 12 30 14 20 26 14 5 10 11 23 9 9 16 22 53 9 8 5 1 2 0 0 0 0 0 6 1 1 2 1 0 0 0 0 0 1 1 0 2 1 1 2 7 0 0 0 1 2 1 1 2 5 4 2 5 6 22 11 16 11 11 13 21 29 13 40 11 15 10 6 27 14 8 31 45 41 19 22 34 35 33 32 47 46 57 60 38 28 12 6
18 10 9 12 7 15 7 30 11 32 32 7 13 28 21 9 14 31 12 29 26 31 18 17 2 1 1 0 0 1 2 3 2 1 1 1 2 0 1 1 0 0 0 0 0 2 0 1 1 2 0 0 0 0 1 1 1 4 2 3 2 1 7 7 11 6 12 6 28 15 6 17 11 10 9 10 7 3 32 21 21 24 40 30 48 54 53 67 72 59 64 64 50 39 25 18
20 6 19 16 10 8 12 19 17 24 51 17 24 13 15 24 38 17 35 23 44 46 15 8 12 1 0 1 1 1 3 1 2 1 3 0 6 1 1 3 0 0 0 0 0 1 3 4 2 6 4 2 1 0 0 0 2 1 1 0 1 1 6 4 5 4 8 6 9 3 2 3 7 2 7 3 3 5 19 12 24 25 25 44 66 64 74 60 62 75 55 61 46 40 30 27
22 11 16 17 24 12 15 18 7 47 65 54 23 13 32 21 30 38 56 21 16 31 31 43 7 4 4 5 10 3 2 1 2 2 0 1 1 2 2 2 1 0 0 0 0 1 5 2 1 15 7 3 4 2 1 0 0 0 1 0 1 1 0 1 1 2 2 3 2 1 1 1 6 3 1 1 4 6 6 9 25 50 65 59 67 74 48 60 68 51 58 42 36 40 40 56
40 41 13 38 49 21 7 24 8 22 33 55 37 21 21 3 35 65 28 26 29 16 42 38 9 5 19 26 17 15 22 3 0 1 1 3 3 0 1 2 4 0 0 1 1 1 4 15 10 11 13 8 8 2 5 4 4 0 0 0 1 2 0 0 0 1 1 2 0 0 4 7 4 3 13 9 3 1 8 29 28 45 52 51 44 63 64 77 62 44 45 35 32 48 70 53
73 83 56 53 14 12 9 8 9 30 13 8 41 46 8 28 57 27 15 12 26 8 4 27 28 26 28 26 27 13 25 16 3 2 3 5 2 1 0 1 8 1 0 1 2 5 2 3 13 6 16 27 12 7 8 3 5 7 9 4 3 0 3 1 0 0 2 3 3 5 2 0 0 0 1 11 12 28 7 17 31 23 50 37 40 43 64 73 57 51 50 41 71 71 37 36
59 51 69 15 12 11 20 14 12 16 20 4 12 18 21 28 11 44 35 24 18 21 3 7 36 51 34 13 9 24 7 4 15 13 12 5 9 5 1 1 7 4 0 1 3 2 1 1 4 2 26 33 8 35 13 4 17 4 4 2 7 1 4 4 4 1 3 3 10 2 6 1 1 1 1 1 3 27 26 18 10 20 44 42 25 38 68 56 51 49 50 60 74 62 34 57
81 80 65 33 27 36 38 23 17 16 29 3 13 23 32 13 14 64 30 19 35 56 22 24 41 85 30 5 13 10 6 6 1 3 30 6 3 2 3 4 11 6 3 1 2 2 2 4 5 17 17 50 39 42 18 16 19 9 15 5 7 4 4 3 3 4 1 1 8 4 9 13 11 5 2 2 3 2 21 43 56 11 27 26 20 57 46 28 42 59 51 73 48 47 38 70
33 55 81 76 15 16 38 37 57 25 28 7 24 52 29 7 16 77 20 32 24 28 15 56 24 28 14 21 22 13 9 9 4 14 42 17 12 2 2 8 3 1 3 1 2 1 2 4 5 9 7 47 37 50 31 23 33 13 25 15 9 12 4 4 7 3 8 2 7 14 22 19 9 4 5 1 2 5 3 41 36 23 6 26 43 15 26 29 43 37 50 44 26 39 39 82
23 35 48 67 68 20 35 27 18 50 40 18 27 53 36 20 35 69 34 29 16 12 61 65 48 36 13 44 31 17 6 3 26 61 54 40 31 5 8 7 5 1 3 1 2 4 4 4 7 2 1 15 52 66 27 39 26 22 51 31 14 5 3 2 14 3 18 9 6 17 24 19 5 3 6 4 6 5 5 15 49 49 36 13 7 25 40 49 40 60 22 35 37 63 37 71
24 41 58 45 65 65 59 54 29 40 58 13 29 62 46 50 39 48 47 58 58 12 37 40 75 57 55 62 44 46 20 56 67 47 42 72 49 9 9 12 4 1 3 2 2 4 5 4 7 5 11 13 62 64 37 20 29 63 54 43 14 4 9 10 23 12 38 27 19 8 40 16 19 16 12 4 4 8 8 9 22 59 29 54 44 10 33 11 41 18 18 37 30 62 44 60
23 20 11 11 33 55 33 21 25 34 39 21 45 71 50 18 38 28 46 64 70 58 21 27 27 32 68 81 42 53 72 70 73 48 54 48 42 42 17 23 7 18 8 10 3 4 9 14 11 15 9 20 60 85 52 38 61 55 67 49 17 12 9 12 42 19 38 26 21 12 27 17 10 2 7 3 1 4 10 6 3 42 54 38 29 56 34 37 32 40 34 44 59 59 69 33
18 10 1 4 30 31 8 17 21 31 17 32 66 59 26 14 23 33 58 55 69 88 49 23 19 28 78 74 79 30 76 58 51 65 79 70 41 56 24 34 19 52 13 20 14 5 7 6 9 11 13 16 28 80 57 73 61 71 86 46 20 21 20 37 36 25 39 27 21 4 6 9 20 12 13 6 2 3 5 12 22 4 48 50 45 53 59 73 84 48 75 76 61 36 79 24
24 23 8 5 29 21 14 22 28 20 28 37 50 59 27 10 58 59 42 45 51 63 79 75 51 31 56 71 82 77 66 82 73 36 36 26 27 62 15 26 68 45 19 7 8 8 4 8 16 27 33 17 26 48 55 69 66 81 81 58 44 53 50 44 51 10 32 37 22 7 7 27 34 16 8 23 5 3 5 8 18 14 8 42 62 79 55 29 29 49 51 74 60 38 53 70
27 14 14 6 16 11 8 45 24 20 16 24 71 46 20 12 56 37 55 64 59 68 80 77 75 42 55 23 43 77 58 64 68 57 53 50 36 26 34 76 30 31 8 5 8 18 9 11 22 34 30 32 22 28 22 57 70 74 82 54 41 51 40 67 65 27 40 46 13 4 5 22 12 12 40 26 5 5 2 8 11 25 31 11 49 73 66 61 63 49 32 31 51 33 20 42
15 18 9 7 6 5 5 32 29 11 35 52 73 70 23 12 38 13 46 80 78 76 43 57 77 61 59 49 73 91 86 79 54 65 47 28 32 24 52 21 22 13 5 22 45 22 12 14 15 17 19 22 18 20 7 12 56 71 83 50 68 61 73 80 81 28 68 38 28 12 6 15 24 31 54 10 5 24 4 8 9 14 30 27 10 55 56 34 20 32 30 29 23 37 41 38
31 27 18 10 8 4 4 10 25 24 28 62 47 36 50 23 51 16 9 35 42 76 54 50 46 29 50 69 87 93 74 80 84 79 73 36 23 30 72 13 36 32 47 48 49 22 30 7 5 11 38 43 54 53 54 21 9 7 36 55 52 65 74 83 84 52 87 53 49 36 17 19 29 62 32 7 16 12 8 4 10 19 26 29 28 6 21 44 31 33 19 32 57 66 58 56
19 16 8 7 7 6 3 1 13 32 38 42 40 19 20 12 52 26 14 54 45 53 41 50 60 52 41 72 47 73 78 75 77 69 21 30 38 46 37 16 60 54 71 51 35 19 49 35 33 23 34 33 41 33 42 15 6 7 10 40 66 85 76 84 72 39 77 67 29 18 31 44 27 41 18 17 33 20 20 18 15 20 18 25 35 21 6 12 18 23 48 57 67 68 68 61
11 9 9 9 8 6 6 4 5 11 26 38 39 32 17 11 55 21 9 35 25 33 37 50 38 62 58 67 49 19 43 50 38 28 46 44 68 77 43 39 24 60 88 45 27 61 48 31 44 24 33 28 21 31 34 42 23 11 12 65 84 77 83 88 81 80 78 81 59 18 44 29 24 8 11 36 20 6 16 8 10 15 15 21 32 21 30 13 5 28 51 76 81 75 74 49
15 7 19 26 16 15 13 14 9 10 19 29 26 19 19 10 34 16 6 18 33 26 24 27 35 53 51 52 55 42 20 18 26 45 44 74 83 49 62 62 43 79 84 50 69 51 48 20 60 28 44 38 56 67 69 57 36 15 18 30 80 71 86 87 81 74 79 83 74 39 30 37 34 25 23 21 29 49 9 13 6 6 22 20 13 27 45 44 16 20 30 27 48 56 63 54
36 34 25 37 35 29 30 27 19 4 11 16 14 18 13 16 12 10 9 17 18 20 11 16 31 37 43 44 43 55 18 24 29 46 84 87 67 42 72 78 60 74 77 63 54 62 51 33 61 38 35 56 53 66 71 61 41 20 13 18 23 72 84 85 78 67 83 74 47 17 31 50 19 31 52 32 42 16 4 18 7 10 17 19 46 32 21 27 39 43 42 24 15 17 30 37
42 24 40 37 44 36 47 31 19 17 3 5 4 8 15 10 13 11 6 7 18 19 11 11 12 15 49 39 37 18 26 13 40 82 78 79 34 58 88 66 48 54 60 26 36 80 48 64 63 59 39 64 77 54 34 41 49 50 41 26 30 47 71 75 78 72 54 58 29 27 42 37 29 41 47 51 38 21 14 18 12 5 14 42 43 48 33 31 38 46 59 59 45 23 14 28
33 39 46 33 46 44 35 33 29 29 30 14 8 4 4 5 12 9 5 4 10 5 6 8 7 13 40 52 30 23 33 9 54 79 65 39 45 81 89 76 37 52 44 34 78 69 47 45 78 74 37 50 57 73 61 44 17 31 38 48 41 48 40 53 34 55 61 53 28 45 52 47 37 31 48 40 30 39 7 3 16 10 15 29 47 40 36 32 25 36 53 50 50 31 30 12
45 32 47 50 50 35 36 48 29 34 26 24 22 11 7 3 4 8 4 6 9 8 5 6 5 11 15 41 11 13 33 13 44 65 38 42 48 67 61 63 51 53 34 73 77 33 56 85 81 72 70 32 20 31 27 40 22 32 53 60 45 60 42 29 29 44 35 31 28 54 45 58 27 48 51 40 58 18 14 6 19 5 6 10 19 44 47 34 27 23 48 41 51 49 51 29
28 21 47 51 26 38 20 26 45 38 28 28 25 25 16 6 3 2 1 1 2 2 4 5 2 4 5 7 7 36 21 8 14 18 24 56 60 69 91 75 66 52 65 66 61 47 53 89 83 73 87 66 44 57 59 43 28 25 16 30 66 50 39 25 28 46 34 27 38 46 55 61 48 20 23 20 32 18 11 13 2 17 9 15 21 36 36 44 55 39 41 46 54 68 51 42
14 28 67 44 46 27 56 31 50 49 32 34 28 12 11 11 11 8 8 8 9 7 4 3 3 1 3 4 13 39 7 12 17 11 36 63 68 29 60 55 64 51 52 65 54 52 69 88 82 82 84 83 42 30 30 29 33 44 39 12 17 32 32 31 30 38 29 32 29 43 49 61 48 47 12 23 29 14 4 4 16 5 3 16 22 27 38 49 42 60 51 65 67 66 57 55
18 33 56 36 35 36 26 31 51 40 39 37 28 26 15 21 12 18 17 17 11 18 8 8 14 8 1 2 6 21 7 13 19 18 31 40 36 40 32 17 57 67 48 39 50 74 86 86 77 70 80 78 57 42 50 62 61 51 46 22 6 29 24 18 30 24 22 26 38 44 37 44 35 31 36 29 15 21 46 47 30 40 14 13 13 18 25 40 57 47 70 66 63 66 68 70
18 51 18 25 35 29 30 21 42 45 22 19 39 22 20 15 16 20 20 22 21 20 18 15 11 13 5 1 3 10 4 9 15 19 28 28 31 41 41 18 33 74 60 30 63 63 88 82 41 33 46 69 81 71 57 57 56 46 31 17 8 33 20 12 16 20 25 38 42 46 39 40 41 55 62 63 40 61 54 44 30 19 9 4 6 14 35 36 42 52 65 69 72 78 74 74
42 13 22 21 18 31 37 33 15 21 29 36 36 33 17 26 21 23 26 35 35 23 33 21 28 14 13 3 1 8 4 6 11 16 30 33 42 38 38 15 23 44 58 27 58 57 78 51 27 29 52 59 80 75 68 55 57 48 31 26 10 16 13 9 27 21 32 54 45 45 44 38 66 68 83 62 64 45 51 21 6 4 3 9 2 11 24 27 50 68 62 51 42 41 37 41
11 14 28 55 53 37 14 10 14 38 39 35 21 35 33 34 31 42 38 38 40 39 30 36 30 19 10 7 1 1 2 3 3 16 22 50 61 43 43 22 18 19 27 9 26 40 28 34 34 45 46 68 85 75 72 72 70 63 59 39 15 12 13 8 22 30 40 31 26 37 57 53 55 58 58 65 58 37 19 15 10 5 18 14 39 21 8 24 52 48 40 48 53 54 53 55
26 39 33 11 10 18 24 12 23 39 40 37 33 36 34 45 32 42 43 51 28 50 47 41 30 16 8 6 2 1 1 1 2 7 17 33 30 41 48 30 35 27 27 9 21 33 42 71 79 76 89 72 87 84 81 69 74 57 48 34 15 17 15 5 5 13 19 38 47 41 52 70 43 45 41 54 56 14 6 10 7 11 36 22 40 22 44 20 27 32 41 48 48 58 64 61
32 17 25 26 25 17 25 14 36 37 36 38 57 40 51 47 46 64 55 41 45 49 58 30 35 22 15 5 4 2 0 0 1 4 11 16 36 52 53 23 14 24 22 16 23 40 70 53 76 66 69 59 91 87 83 64 52 42 33 16 13 5 5 2 2 10 27 53 61 46 50 70 57 35 26 34 19 19 26 19 10 25 28 32 48 53 29 20 24 26 28 41 48 59 54 74
14 13 10 10 9 8 5 18 41 32 34 55 40 49 51 54 64 38 35 61 51 60 56 32 23 17 18 14 10 8 3 2 1 2 10 8 7 25 37 26 18 20 22 22 39 43 25 45 61 87 61 69 85 73 80 73 58 40 21 14 11 6 1 4 2 6 24 38 66 50 49 21 33 39 26 39 36 31 20 13 13 32 31 36 48 35 13 28 8 13 26 46 51 36 67 70
8 12 21 25 23 13 13 22 34 51 45 45 36 47 70 72 51 35 38 68 54 40 40 37 25 19 22 23 13 9 7 6 2 1 9 10 4 6 6 4 6 13 15 20 34 29 35 54 84 47 37 57 88 77 66 49 42 38 37 25 9 6 1 2 1 5 17 26 40 46 42 29 45 30 34 41 49 52 43 33 31 59 37 26 30 33 39 52 42 20 19 27 26 49 60 56
13 29 19 47 17 17 20 36 34 46 47 19 21 49 50 42 36 37 52 77 45 40 41 40 31 28 21 17 11 6 4 5 6 2 1 5 8 5 3 4 4 10 12 12 15 28 43 29 75 38 53 74 87 65 45 45 40 21 17 21 12 9 1 3 2 2 8 9 26 30 43 46 53 44 68 67 80 37 19 8 51 53 59 39 10 44 58 78 62 44 50 26 53 45 38 79
22 24 46 39 20 35 31 35 52 45 33 24 30 50 35 59 24 38 74 48 39 36 45 46 46 40 26 19 10 12 9 8 8 6 2 1 4 2 3 2 3 8 7 9 13 24 33 31 21 35 62 83 83 60 51 47 26 26 21 16 12 4 4 3 2 2 12 26 37 44 51 52 59 67 72 62 25 21 11 42 49 65 74 79 36 56 77 73 59 44 30 37 30 47 35 50
31 42 21 16 25 30 29 56 21 36 15 32 40 75 53 39 26 62 24 24 54 37 31 25 31 30 29 27 26 16 20 18 11 9 4 3 1 4 3 2 2 3 4 9 16 34 16 31 10 17 44 71 91 85 58 44 35 15 21 13 11 5 6 2 1 4 17 35 58 59 54 59 63 54 45 45 35 40 45 55 60 70 62 80 69 64 58 22 12 7 21 59 49 41 31 35
38 27 19 14 21 31 46 7 45 15 17 35 59 67 47 20 54 46 36 18 21 37 16 18 33 32 47 28 40 38 26 26 14 11 9 6 3 1 1 2 3 3 4 9 12 22 5 21 5 27 43 19 70 80 55 35 19 14 12 5 12 13 5 2 1 11 23 28 35 43 46 47 52 51 68 71 59 54 49 41 56 52 43 74 66 45 35 36 42 39 59 17 43 41 28 29
11 24 20 15 23 41 48 11 30 25 45 28 63 36 22 39 52 23 29 27 64 46 29 24 36 56 44 55 50 58 34 16 4 20 10 9 9 4 1 0 2 4 4 8 10 3 12 21 5 22 21 59 69 48 47 42 38 24 12 7 12 9 7 4 1 2 11 23 34 34 38 44 56 47 39 35 29 28 66 28 57 70 54 52 40 31 62 63 51 62 44 32 29 47 55 58
73 12 25 21 35 17 30 42 35 26 49 40 29 23 27 65 24 36 30 64 59 38 51 41 27 56 61 63 76 59 49 19 8 9 7 6 8 8 6 1 1 3 6 7 3 7 36 11 5 22 60 67 74 37 33 45 27 20 17 10 10 6 5 2 1 1 3 9 19 25 10 27 24 22 35 43 35 29 56 52 49 69 86 47 35 54 54 56 71 55 34 49 34 47 39 54
64 85 73 78 68 37 6 4 46 19 58 74 82 66 43 53 50 61 42 57 45 48 53 48 48 59 73 82 56 61 46 32 31 19 14 16 5 9 9 3 0 2 4 5 2 3 4 5 2 21 39 73 70 27 36 37 36 21 10 14 10 5 4 1 1 1 15 20 25 41 46 50 61 50 31 28 36 62 57 67 74 59 64 77 48 54 68 65 47 25 52 62 27 27 45 57
44 78 64 68 55 46 58 22 51 32 12 33 79 81 85 46 33 49 59 57 51 45 59 49 62 66 77 65 69 69 63 48 38 37 35 15 12 14 9 4 3 1 1 3 7 4 4 2 3 12 32 20 44 19 43 26 33 30 16 8 9 8 3 1 1 6 16 28 36 53 69 55 34 44 63 39 47 64 68 87 77 67 65 62 19 34 34 48 65 75 79 39 60 23 28 42
35 78 43 71 62 45 80 46 35 66 41 31 67 78 67 53 64 43 77 88 87 74 54 38 73 63 72 64 56 51 59 49 48 49 42 30 20 11 7 6 7 2 1 2 5 3 5 1 2 4 9 15 54 31 51 49 28 32 14 14 4 4 2 1 3 9 21 20 35 51 68 71 72 59 71 71 73 71 67 85 84 56 44 44 27 35 55 69 59 89 50 60 64 63 27 31
43 66 50 53 77 42 56 16 43 68 55 26 9 59 65 57 71 53 56 82 86 50 78 33 71 63 72 60 59 35 47 66 65 64 58 30 13 12 12 8 3 2 1 1 7 3 6 1 1 1 8 25 53 15 23 12 27 36 28 12 3 2 1 1 4 9 21 20 37 48 59 68 56 36 32 42 77 54 80 82 89 87 34 30 28 47 70 45 72 84 68 73 54 37 26 38
10 29 16 47 68 47 53 9 47 81 34 20 15 33 69 64 68 68 29 47 68 54 50 65 28 34 81 53 35 26 15 23 40 36 40 38 23 24 21 8 4 2 1 0 2 4 4 3 1 4 10 31 24 40 22 11 13 10 6 4 5 2 1 1 3 7 12 14 24 35 43 30 33 45 44 58 86 89 75 68 83 87 74 29 18 40 35 55 82 66 57 20 12 13 18 33
10 41 64 43 61 32 65 45 58 84 61 35 35 40 71 83 51 11 12 25 37 22 39 76 40 21 70 56 65 30 3 26 53 46 26 45 39 29 10 5 2 1 0 0 0 4 5 2 2 10 14 22 10 18 13 14 3 3 7 7 4 2 0 1 4 4 6 8 12 27 36 34 49 44 55 80 89 88 84 56 66 78 73 44 17 31 49 68 61 30 28 51 48 37 47 59
16 11 11 16 23 38 70 23 64 68 86 56 41 33 32 23 17 13 15 33 27 28 22 70 32 58 60 52 66 79 42 27 34 27 34 42 35 26 16 10 4 1 0 0 0 1 4 3 1 5 14 25 3 8 11 23 8 3 4 5 1 1 0 1 3 8 39 30 38 54 58 72 75 56 71 93 90 90 83 67 27 52 68 66 23 32 48 67 50 47 86 58 34 35 33 69
20 29 12 15 25 47 68 57 38 58 80 62 30 15 38 35 15 38 14 17 26 26 24 72 29 27 63 49 57 69 48 40 50 24 15 17 8 11 8 7 8 5 1 0 0 1 1 1 2 4 12 13 2 8 5 5 11 11 4 1 1 1 0 2 3 9 17 40 63 68 87 63 36 51 82 93 89 82 82 83 73 37 70 68 23 35 56 48 35 73 69 50 54 66 18 6
23 33 28 16 23 17 65 72 66 33 82 55 23 9 32 30 38 40 28 18 24 31 8 39 66 10 28 33 64 83 42 13 28 21 31 32 24 21 12 8 6 3 3 1 0 0 0 0 1 4 15 14 3 5 6 4 7 5 3 1 1 0 1 2 2 11 20 43 61 60 32 31 51 59 78 81 86 80 79 67 81 47 38 44 35 54 42 31 67 87 50 58 61 64 53 15
33 25 31 14 14 17 52 82 50 46 73 70 51 10 31 31 54 42 35 28 30 46 23 26 82 26 40 39 65 63 65 48 46 51 42 33 31 23 18 5 2 1 2 2 1 0 0 1 3 10 22 15 3 7 5 1 1 4 4 2 1 0 0 2 6 18 47 50 41 27 44 46 59 88 79 68 87 66 54 48 75 56 40 12 15 46 43 60 88 65 50 58 77 55 53 24
71 15 32 17 15 23 41 52 17 18 81 63 12 7 30 35 55 47 58 46 52 44 42 33 51 34 20 41 54 50 60 65 42 30 28 13 20 20 17 12 4 3 1 0 1 0 0 1 2 6 15 11 4 3 2 1 1 1 1 1 1 1 0 1 6 25 29 22 17 24 48 54 80 86 86 72 60 76 42 45 71 43 16 7 29 59 67 76 80 38 62 85 74 65 70 32
18 35 14 15 14 11 19 34 26 34 69 38 19 7 25 28 55 23 51 38 39 47 43 31 42 54 33 19 9 36 37 58 32 22 28 21 12 7 12 9 3 2 1 1 0 0 0 1 5 10 11 3 3 3 2 1 1 1 0 0 0 0 1 2 7 17 9 5 20 44 48 54 84 86 77 68 60 66 70 30 43 34 15 12 35 43 64 82 61 56 81 71 68 64 52 45
17 13 28 30 14 15 7 11 9 14 30 16 40 18 13 27 54 26 20 47 25 17 8 45 49 58 14 13 6 17 48 62 57 31 18 11 11 6 5 2 3 2 1 1 0 0 0 1 2 4 6 4 1 2 1 1 2 1 0 0 0 0 2 2 10 5 2 10 33 45 54 78 76 80 73 71 59 52 66 38 22 26 11 13 31 43 69 74 64 49 49 58 51 40 49 57
32 21 15 36 40 25 23 9 6 21 15 13 37 40 13 25 39 41 17 21 17 21 16 69 44 41 29 4 6 5 17 24 49 45 28 16 11 6 4 2 9 3 1 1 0 0 0 1 3 4 4 3 5 2 2 2 2 1 0 0 0 0 1 4 3 1 4 17 36 64 66 83 82 69 51 32 28 30 39 38 29 11 7 13 25 35 56 58 42 28 45 34 21 34 48 64
34 26 16 25 29 44 21 9 3 19 20 9 11 20 11 16 27 35 15 13 12 7 7 21 7 15 36 6 8 7 4 15 45 48 25 13 16 31 25 13 5 2 1 0 1 0 0 0 1 2 2 3 4 2 2 2 3 1 0 0 0 0 0 1 0 2 5 13 37 80 76 71 83 79 54 33 13 6 15 25 19 8 3 8 20 33 47 31 20 43 50 50 74 59 69 64
74 42 26 11 21 34 50 7 11 21 25 15 5 12 11 6 16 34 12 9 9 7 2 11 2 5 25 16 4 10 3 4 22 61 42 21 10 7 6 4 3 2 2 1 0 0 1 0 0 2 2 2 3 4 1 1 1 1 0 0 0 0 0 0 3 13 18 40 63 58 82 85 75 82 75 51 30 15 4 5 15 8 2 1 5 14 19 8 21 42 47 76 76 63 56 63
64 86 42 24 7 14 12 11 13 20 17 10 19 6 9 4 4 31 16 9 6 5 2 7 8 1 12 17 5 9 5 2 10 28 53 31 17 16 18 11 4 2 1 1 0 0 0 0 0 0 2 3 3 1 2 1 0 0 0 0 0 0 0 1 4 16 29 21 31 53 76 71 66 67 81 56 29 11 5 2 3 2 0 2 6 4 6 14 35 46 74 75 46 56 64 65
21 78 83 59 29 15 5 23 9 7 9 9 24 11 7 5 4 28 18 12 5 2 1 4 11 1 7 8 6 9 5 3 10 9 11 41 16 5 10 8 5 1 1 1 0 0 0 0 0 0 1 2 2 1 1 1 1 0 0 0 0 0 0 1 3 3 4 21 64 69 66 61 54 56 61 52 29 14 12 4 1 0 0 2 9 23 23 15 27 53 54 37 34 54 69 64
13 55 61 75 42 22 10 21 20 6 16 9 12 10 17 10 5 10 23 6 4 3 1 3 7 3 5 6 2 9 10 2 8 9 9 5 40 19 16 8 3 1 1 0 0 0 0 0 0 0 0 1 1 1 2 1 1 0 0 0 0 0 0 1 3 7 13 23 59 72 66 77 65 26 27 37 25 20 14 8 2 0 1 2 9 17 41 54 29 25 21 32 46 56 78 59
30 40 35 59 31 18 16 16 18 14 10 9 10 17 12 11 9 8 13 10 4 2 1 5 8 6 4 5 2 3 10 4 2 5 6 17 19 5 24 9 3 1 1 1 0 0 0 0 0 0 0 0 1 1 2 1 1 0 0 0 0 0 0 1 3 6 12 37 56 65 86 77 76 50 20 12 19 15 11 7 1 0 2 7 12 23 46 65 61 50 51 32 49 56 81 71
21 36 14 37 38 32 23 16 16 13 8 6 6 8 8 11 6 7 4 9 5 2 1 2 2 6 5 5 3 1 2 1 1 4 8 14 16 6 29 5 5 4 1 1 0 0 0 0 0 0 0 0 0 1 3 1 0 0 0 0 0 0 0 1 3 6 13 24 53 42 77 74 61 54 56 25 20 12 4 1 1 0 1 6 20 36 50 61 71 58 58 51 46 70 91 80
28 23 21 16 22 11 15 14 34 26 11 3 7 5 5 9 4 4 5 5 5 4 1 1 2 5 2 4 3 2 1 1 2 3 26 33 13 9 4 8 6 3 1 1 1 0 0 0 0 0 0 0 0 0 2 0 0 0 0 0 0 0 0 0 3 7 13 41 61 67 72 76 65 44 34 34 18 10 3 1 0 2 4 1 7 24 39 51 60 42 58 61 77 91 91 81
13 24 13 11 9 7 7 6 7 8 5 5 3 3 3 3 3 3 3 5 4 3 2 0 1 6 1 2 2 2 1 0 3 8 11 21 29 50 43 24 5 3 1 1 0 0 0 0 0 0 0 0 0 0 0 1 1 0 0 0 0 0 0 1 3 13 37 57 63 76 75 72 70 55 21 15 18 5 3 0 1 5 13 10 9 6 15 22 28 45 47 73 71 90 91 78
7 14 6 8 3 4 3 1 3 2 2 2 3 1 1 2 2 2 2 3 3 2 2 0 1 2 1 2 2 1 1 1 0 3 4 4 5 4 6 1 3 2 2 0 0 0 0 0 0 0 0 0 0 0 0 0 0 0 0 0 0 0 1 2 7 6 15 27 57 72 52 77 53 43 17 9 7 5 3 0 1 3 13 22 45 32 35 32 43 62 66 70 81 85 81 74
1 2 3 2 1 1 1 1 3 2 1 1 1 1 1 1 1 1 1 1 1 1 2 0 1 2 3 1 2 1 1 1 0 0 0 0 0 1 2 2 2 1 1 0 0 0 0 0 0 0 0 0 0 0 0 0 0 0 0 0 0 0 0 2 4 12 10 25 43 36 48 57 51 29 10 6 3 1 0 0 1 2 7 13 23 45 64 55 68 83 76 62 76 69 75 65
7 2 1 1 1 2 2 5 3 3 8 9 8 12 4 3 1 0 0 0 1 1 1 1 1 1 2 1 2 2 1 0 0 0 0 1 0 0 1 2 3 2 1 1 1 0 0 0 0 0 0 0 0 0 0 0 0 0 0 0 0 0 1 1 3 7 11 37 31 34 50 33 34 12 6 3 1 0 0 1 2 6 11 21 26 48 81 79 40 45 79 87 68 42 44 58
21 10 3 7 7 8 8 15 8 11 19 24 29 22 15 8 4 2 1 1 1 0 0 0 0 2 2 1 1 2 1 0 0 0 1 0 0 0 0 1 2 1 1 0 0 0 0 0 0 0 0 0 0 0 0 0 0 0 0 0 0 0 0 1 3 11 13 12 19 27 26 21 27 8 4 2 0 0 1 3 7 12 17 30 58 64 56 22 34 67 90 86 89 40 25 30
32 12 9 21 21 24 24 26 27 32 28 25 28 43 24 13 9 6 4 2 1 1 0 0 0 0 1 1 1 0 0 0 0 0 1 1 1 0 0 0 1 1 1 0 0 0 0 0 0 0 0 0 0 0 0 0 0 0 0 0 0 0 0 1 5 12 22 11 6 6 12 13 6 4 1 1 0 1 2 4 12 14 31 53 53 24 12 26 47 84 89 77 67 64 12 6
34 26 17 38 33 48 31 35 52 37 49 37 51 37 29 23 30 15 4 7 5 2 1 1 1 0 0 0 0 0 0 0 0 0 1 1 1 1 1 0 0 1 1 1 0 0 0 0 0 0 0 0 0 0 0 0 0 0 0 0 0 0 1 1 4 11 19 15 4 11 6 5 3 1 0 0 0 1 3 4 12 29 26 18 9 7 20 41 60 75 77 71 44 67 22 6
42 37 27 49 65 81 69 59 74 65 60 47 74 64 60 50 24 10 10 18 7 2 3 3 2 1 1 0 0 0 0 0 0 0 0 0 0 1 2 1 0 0 0 0 0 0 0 0 0 0 0 0 0 0 0 0 0 0 0 0 0 0 0 1 3 11 25 15 5 4 4 3 1 0 0 0 0 1 2 3 14 14 10 2 8 24 37 63 74 59 67 45 30 41 48 6
70 73 66 57 61 62 46 30 66 43 44 39 44 59 64 30 31 32 29 28 15 3 1 2 5 2 1 1 0 0 0 0 0 0 0 1 0 0 0 0 0 0 0 0 0 0 0 0 0 0 0 0 0 0 0 0 0 0 0 0 0 0 0 1 1 11 33 28 4 7 2 1 0 0 0 0 0 1 2 4 3 1 2 8 18 26 39 80 77 91 59 16 13 18 28 7
66 49 77 62 59 71 66 54 42 36 49 60 39 31 48 73 65 34 9 7 7 2 0 1 2 3 1 1 1 1 0 0 0 0 0 0 0 0 0 0 0 0 0 0 0 0 0 0 0 0 0 0 0 0 0 0 0 0 0 0 0 0 0 1 1 6 18 37 15 6 2 0 0 0 0 0 0 1 2 0 0 2 8 15 23 30 62 58 73 78 75 22 4 2 14 10
70 30 71 72 40 22 44 49 60 54 33 27 72 34 37 59 37 32 20 12 8 3 5 2 3 4 2 1 1 1 0 0 0 0 0 0 0 0 0 0 0 0 0 0 0 0 0 0 0 0 0 0 0 0 0 0 0 0 0 0 0 0 0 1 1 2 4 20 13 5 2 0 0 0 0 0 0 0 0 1 2 6 10 16 37 53 60 55 49 40 72 32 8 2 2 3
