sesion_6_simulaciones/modelos_agentes/ejemplos_netlogo/scenarios/cgcm2_a2/rob_2057.asc
NCOLS 322 
NROWS 307 
XLLCORNER 451900 
YLLCORNER 4086900 
CELLSIZE 100 
NODATA_value -9999 
[rows 222 to 295 of 307, columns 0 to 95 of 322]
6 10 17 33 33 19 34 26 4 15 17 18 39 14 12 7 7 3 3 5 13 19 26 30 20 18 14 30 44 23 12 38 51 19 43 32 19 22 32 57 25 24 41 48 44 72 43 57 61 83 83 54 41 42 39 22 33 49 31 39 45 30 21 43 27 33 16 20 12 9 7 5 2 1 1 0 0 0 0 0 0 0 0 0 0 0 1 3 4 2 1 1 3 5 12 5
16 19 13 10 13 21 24 37 22 9 10 23 25 12 6 7 7 15 18 17 21 31 18 57 33 31 26 25 32 38 22 30 20 24 49 12 16 20 27 54 53 35 31 51 19 13 26 15 19 62 71 57 55 38 31 33 19 23 36 41 32 46 22 26 37 19 15 16 17 7 3 2 1 1 0 0 0 0 0 0 0 0 0 0 0 1 1 2 6 5 2 3 6 7 1 1
18 31 45 68 40 35 34 37 20 28 34 51 21 12 12 18 15 32 13 16 58 13 25 27 28 21 15 45 34 26 25 27 21 38 26 16 23 31 27 50 37 39 35 77 73 60 49 50 44 25 32 47 34 29 22 21 21 29 28 30 30 32 18 47 42 23 14 9 8 4 2 2 1 1 0 0 0 0 0 0 0 0 0 1 1 2 1 4 13 11 4 7 11 7 1 1
21 43 45 46 61 66 29 22 15 41 50 32 20 12 15 17 6 3 2 31 16 24 50 28 18 34 23 28 23 16 20 18 36 9 9 30 18 35 23 40 35 47 57 39 45 65 52 70 68 45 26 31 21 29 15 16 20 32 23 20 26 16 13 9 13 10 6 5 3 2 2 1 1 1 0 0 0 0 0 0 0 0 0 1 1 3 5 7 25 21 19 17 5 3 1 1
5 11 18 13 33 74 50 6 26 37 50 17 28 25 4 3 2 1 14 48 12 30 41 50 30 28 18 6 19 11 19 38 27 13 24 26 33 41 23 29 59 72 62 37 50 56 60 33 69 78 33 26 12 17 16 25 19 16 17 12 8 6 9 4 3 6 8 4 2 1 1 0 1 0 0 0 0 0 0 0 0 0 1 1 1 4 13 21 31 35 19 7 5 2 1 1
24 14 20 26 28 30 11 14 16 24 39 43 46 10 2 2 12 21 39 57 22 22 33 64 44 15 26 10 12 21 7 18 42 16 11 10 27 33 66 76 39 35 27 68 40 46 68 49 42 19 35 38 34 29 27 27 29 15 14 11 8 4 5 3 3 3 3 1 1 1 0 0 0 0 0 0 0 0 0 0 0 0 1 2 1 4 18 45 30 3 2 1 1 2 1 1
18 17 16 36 26 27 27 23 15 36 37 28 21 8 13 36 38 41 43 58 17 27 26 47 7 7 23 6 16 23 7 6 22 16 9 21 16 13 57 73 53 35 56 42 84 58 33 42 38 34 25 49 44 40 41 34 16 16 7 4 3 1 0 1 2 2 1 1 1 0 0 0 0 0 0 0 0 0 0 0 1 1 1 2 5 9 14 47 18 5 4 2 2 2 1 1
4 10 33 19 17 21 33 31 27 31 23 43 28 29 27 45 34 18 48 37 16 17 14 13 5 26 7 2 16 13 6 11 8 12 36 53 34 28 16 33 41 24 20 17 43 78 57 38 34 34 29 30 30 41 47 42 19 12 3 2 1 1 1 3 3 2 0 0 1 0 0 0 0 0 0 0 0 0 0 1 2 2 5 3 13 21 26 26 10 5 6 9 3 2 1 1
21 16 20 23 30 29 47 23 33 27 17 31 19 44 25 38 35 24 25 51 5 9 8 6 11 3 7 7 6 11 3 8 5 10 11 29 27 56 24 10 33 49 45 42 57 27 38 27 20 24 19 19 31 30 27 25 26 14 11 3 4 3 1 2 2 1 0 0 0 0 0 0 0 0 0 0 1 1 1 2 5 3 8 6 7 34 59 25 13 14 20 9 3 1 1 0
7 20 26 32 17 18 23 50 15 24 18 13 23 24 16 33 31 18 11 17 8 5 5 10 6 4 5 4 3 5 3 6 27 17 11 8 41 22 30 25 10 22 67 73 80 50 24 15 31 35 33 15 22 28 22 20 14 4 6 9 4 2 1 1 1 1 0 0 0 0 0 0 0 0 0 0 1 2 3 6 10 10 12 6 5 17 46 16 11 29 18 5 2 2 1 1
4 6 17 28 21 20 17 37 16 15 15 14 11 18 13 17 42 10 6 11 3 4 1 5 3 4 2 2 3 3 5 7 11 33 18 23 13 19 30 10 21 19 18 35 35 27 27 17 31 22 33 19 17 15 14 23 10 6 2 1 2 1 0 0 0 1 0 0 0 0 0 0 0 0 0 1 1 4 7 15 23 35 18 10 7 11 24 24 28 19 6 3 1 1 2 1
2 2 15 9 11 30 20 12 22 14 27 18 12 20 15 8 13 4 5 4 4 1 1 1 2 3 1 2 3 3 2 5 4 5 5 13 8 11 14 7 18 31 58 33 34 17 20 8 12 13 19 14 14 16 17 9 7 2 1 0 1 2 1 1 1 1 1 1 0 0 0 0 0 1 1 1 2 8 11 27 47 42 28 28 13 17 52 51 33 13 8 4 3 3 2 1
3 1 2 6 8 14 32 33 44 9 11 19 4 12 4 6 17 2 3 4 3 5 1 1 3 1 1 5 8 16 15 2 8 7 17 22 23 30 21 29 41 47 52 59 57 57 56 28 28 42 29 15 13 10 8 7 3 1 1 2 1 4 4 2 1 0 0 0 0 0 0 1 1 1 2 1 4 10 17 31 33 54 42 47 32 62 39 39 20 23 15 12 8 4 2 1
0 1 3 5 8 9 8 16 10 16 15 7 1 1 1 1 8 1 1 1 0 2 1 2 1 1 1 2 7 5 34 49 34 34 51 34 37 24 27 37 49 50 49 71 44 28 28 7 17 31 42 27 13 7 6 5 6 4 10 5 2 2 1 2 1 0 0 0 0 0 1 1 3 1 4 2 3 6 19 36 61 50 54 48 67 47 46 41 16 17 34 23 14 4 3 4
0 1 0 1 1 6 8 9 8 6 5 8 1 4 1 3 1 1 1 0 1 0 1 0 1 1 7 5 9 4 9 31 70 46 63 85 84 64 63 61 22 66 71 63 77 62 63 36 31 35 30 22 25 9 8 19 13 7 5 2 2 4 3 1 0 0 0 0 0 0 0 1 4 6 5 3 5 4 11 15 58 72 68 35 29 76 41 44 38 39 20 20 13 9 5 4
0 0 0 1 1 3 2 8 14 6 2 0 2 0 1 2 1 12 0 3 12 6 2 1 1 0 1 2 3 6 7 9 14 62 51 80 85 81 77 65 62 31 75 77 78 58 67 44 32 30 17 14 6 8 3 3 4 5 4 2 1 1 0 0 0 0 0 0 0 0 1 1 3 7 9 5 6 10 11 14 47 69 58 25 61 60 47 64 62 35 33 25 18 11 16 10
0 0 1 3 4 1 2 7 6 4 2 1 0 0 0 0 0 0 4 3 4 15 8 2 1 0 2 2 3 8 7 13 21 17 13 55 85 54 81 48 58 58 52 71 66 60 40 22 46 42 27 23 23 18 10 5 4 3 2 2 1 0 0 0 0 0 0 0 0 0 1 2 5 12 27 12 9 14 26 35 57 71 44 41 59 25 13 23 32 14 12 22 14 13 7 3
0 0 0 0 1 1 1 1 2 1 1 1 0 0 0 0 0 0 0 2 1 1 20 7 1 0 2 5 5 9 10 8 18 25 15 20 52 71 64 64 63 54 59 52 56 66 58 33 16 34 31 26 22 21 15 6 3 1 1 1 1 0 0 1 0 0 0 0 0 1 2 2 6 8 21 30 14 14 18 56 61 82 37 41 69 29 28 24 15 10 8 14 12 7 2 1
0 0 0 0 0 0 0 1 1 1 1 1 0 0 0 0 0 1 2 4 1 1 1 8 7 1 3 15 12 12 21 16 23 38 32 24 27 60 48 55 27 35 24 37 38 38 12 39 25 20 26 15 12 16 13 11 7 4 2 4 1 1 1 0 0 0 0 0 1 2 3 5 6 9 11 35 48 24 47 44 75 68 59 77 32 35 39 31 35 35 16 16 11 5 2 1
0 0 0 0 0 0 0 0 0 1 0 0 0 0 0 0 0 2 2 1 1 1 1 18 6 4 4 4 2 6 10 14 26 31 33 38 23 20 25 19 33 21 10 12 19 30 24 31 15 12 19 13 11 8 6 6 5 3 2 1 1 0 0 0 0 0 0 1 2 2 3 6 11 9 15 17 68 23 31 64 74 54 62 70 62 53 38 63 56 16 14 9 5 2 1 1
0 0 0 0 0 0 0 0 0 0 0 0 0 0 0 1 0 1 3 3 1 1 1 2 4 2 3 10 2 15 24 17 16 29 29 42 41 24 17 10 10 17 22 21 31 30 20 11 12 18 12 11 7 8 6 5 4 1 1 1 0 0 0 0 0 0 1 2 2 3 7 3 2 13 44 38 66 43 47 65 73 68 53 60 45 29 29 52 38 28 10 6 4 2 1 0
0 0 0 0 0 0 0 0 0 0 0 0 2 3 7 2 1 0 0 1 2 3 2 9 16 8 7 9 7 10 23 25 31 36 31 44 44 62 45 19 21 13 14 13 15 13 14 8 5 10 8 10 10 8 3 3 2 1 1 1 1 0 0 0 0 1 3 2 3 6 8 9 5 16 35 28 57 73 51 64 67 70 69 65 46 56 37 40 35 25 13 9 3 2 1 1
0 0 0 0 0 0 0 0 0 0 0 0 0 0 1 12 1 0 1 1 2 2 3 5 1 7 14 34 39 29 21 34 37 47 48 41 47 55 65 59 31 21 22 25 27 15 9 10 13 11 15 14 5 4 5 3 3 2 1 1 0 0 0 0 0 1 3 6 10 13 11 11 8 18 57 31 16 61 85 62 68 71 65 56 44 31 10 26 34 20 9 3 3 3 3 2
0 0 0 0 0 0 0 0 0 0 2 1 0 0 1 0 0 0 1 1 1 5 3 3 8 9 4 8 15 44 51 47 54 64 56 41 56 68 73 61 36 33 29 37 36 37 19 32 16 8 4 3 5 5 1 2 1 1 0 1 1 0 0 1 1 2 4 10 18 22 20 25 18 26 54 62 22 51 68 61 59 41 31 19 25 37 18 19 19 11 8 5 5 4 3 2
0 0 0 0 0 0 0 0 0 0 0 0 0 1 1 1 1 1 0 2 4 2 2 5 4 14 7 2 3 41 30 63 80 58 60 60 44 55 66 67 60 62 49 30 42 50 26 26 18 9 8 7 3 5 2 1 1 2 2 1 0 0 1 1 2 3 5 14 17 35 27 41 21 22 48 66 56 35 69 42 31 20 32 25 21 10 9 14 24 19 9 7 8 6 4 1
0 0 0 0 0 0 0 0 0 0 0 0 0 0 0 0 1 3 1 2 1 2 3 3 4 10 11 7 6 5 8 8 49 50 51 45 33 55 49 36 32 24 20 19 27 44 22 19 15 12 9 5 2 1 1 2 3 2 1 1 0 0 0 1 2 5 10 15 15 27 57 39 46 21 26 60 52 75 47 31 37 26 25 25 33 14 19 20 16 7 8 13 14 6 4 1
0 0 0 0 0 0 0 0 0 0 0 2 0 0 0 1 1 2 2 1 1 1 1 2 4 5 9 9 20 23 12 24 27 19 9 21 30 39 26 32 18 19 10 16 18 18 16 22 9 8 6 5 5 4 1 2 2 3 2 1 0 0 0 1 2 4 4 5 8 11 27 59 69 26 16 45 32 68 30 43 26 25 17 28 30 26 20 10 17 13 16 18 8 5 2 1
0 0 0 0 0 0 0 0 0 0 0 1 0 0 1 1 3 2 2 1 1 1 1 3 5 9 22 23 12 10 8 11 28 33 24 20 40 45 40 36 39 31 48 38 21 20 21 20 16 10 3 5 4 2 3 3 2 1 1 0 0 0 0 1 2 5 7 19 14 9 18 27 49 58 34 31 64 51 41 36 18 33 33 22 13 26 31 24 28 32 14 13 5 3 2 2
0 0 0 0 0 0 0 0 0 0 0 0 0 0 1 1 4 1 3 1 2 2 2 3 28 46 34 11 26 41 39 19 39 37 34 31 43 57 47 44 53 42 31 30 26 25 37 36 20 13 12 8 11 9 5 2 1 1 1 0 0 0 0 1 4 7 15 27 29 16 10 15 35 56 63 36 72 50 49 52 47 29 37 46 38 34 45 34 26 32 28 10 9 5 2 2
0 0 0 0 0 0 0 0 0 0 0 0 1 0 2 1 6 2 1 2 2 6 4 10 24 55 50 22 12 21 26 25 16 22 30 23 28 38 35 59 68 41 46 44 53 48 38 41 23 16 19 21 11 6 5 4 3 1 1 0 0 1 1 3 6 12 32 29 18 19 19 27 33 28 20 71 72 50 41 40 31 37 57 50 51 58 52 55 39 31 13 8 6 5 3 2
0 0 0 0 0 0 0 0 0 2 3 1 0 1 1 1 1 1 1 1 4 4 7 40 20 12 32 28 22 37 48 38 20 13 18 17 32 41 52 50 41 41 71 63 68 57 38 22 15 11 5 9 10 5 3 3 1 1 1 0 0 1 1 3 8 17 28 29 31 41 35 32 59 61 48 51 67 59 32 39 44 55 54 35 48 50 47 31 41 16 8 6 10 5 4 2
0 0 0 0 0 0 0 1 5 3 8 6 1 1 4 3 1 0 0 1 1 1 3 21 4 9 24 48 53 66 82 33 53 32 19 12 23 69 52 55 67 18 24 11 16 33 19 27 13 13 10 11 10 7 3 1 2 1 1 0 0 1 1 4 13 33 31 29 23 58 75 32 63 77 76 60 45 48 42 28 39 38 45 60 50 46 31 26 29 20 18 18 12 9 3 1
0 0 0 0 0 0 0 0 0 1 0 0 1 2 1 1 2 1 1 1 1 1 6 13 2 2 3 24 34 23 46 78 44 57 55 49 49 49 41 45 56 56 44 51 48 30 31 38 24 19 18 7 5 5 4 2 2 2 1 1 1 2 7 11 17 27 32 32 27 24 56 75 44 66 74 72 58 37 55 45 58 62 44 35 47 45 31 22 25 38 30 22 8 4 4 1
0 0 0 0 0 0 0 0 1 1 0 1 1 1 2 2 3 1 1 2 4 3 6 23 5 1 7 4 11 24 8 24 53 43 65 61 39 14 16 15 33 39 36 45 56 59 40 20 32 25 13 18 13 6 3 6 2 2 2 1 1 4 11 21 37 46 32 28 56 49 34 30 68 74 60 71 53 51 72 70 30 28 32 40 39 29 41 30 33 17 15 7 4 3 2 1
0 0 0 0 0 0 0 0 0 0 0 1 0 1 1 1 2 0 1 1 1 8 9 24 12 5 6 10 17 15 15 6 5 14 16 16 16 16 17 12 9 17 16 23 45 44 28 44 38 31 24 17 13 9 9 7 5 2 2 0 3 5 11 28 44 46 34 46 48 71 52 49 31 30 50 52 70 63 42 49 42 56 52 59 50 40 51 43 22 10 8 7 4 1 1 2
0 0 0 0 0 0 0 0 0 0 0 0 1 1 1 2 2 0 1 1 2 8 15 18 6 1 7 17 13 26 28 10 31 41 45 38 38 33 35 17 15 16 48 57 57 37 41 38 39 36 30 20 16 12 10 7 5 2 1 0 1 5 23 40 37 56 40 51 52 44 82 61 47 34 21 65 44 66 55 54 59 72 72 62 51 62 46 33 16 11 9 6 3 2 3 4
0 0 0 0 0 0 0 0 0 0 0 1 5 7 5 14 4 1 0 0 4 8 16 15 6 15 3 16 19 31 16 40 35 25 30 35 28 31 16 26 52 63 38 40 31 42 35 33 41 31 34 29 19 13 11 9 3 3 1 1 1 3 12 37 68 60 42 56 50 44 38 55 64 20 14 31 66 78 74 66 64 64 66 71 64 43 45 29 40 17 8 5 2 4 2 12
0 0 0 0 0 0 0 0 0 1 1 1 6 6 12 1 1 0 0 2 4 6 13 19 23 8 13 13 12 12 19 60 25 25 32 37 37 24 37 40 65 57 56 52 55 53 51 42 53 43 39 26 22 16 12 6 4 3 3 1 2 3 11 30 60 51 64 70 58 72 66 65 61 29 30 49 63 61 66 59 58 57 55 60 49 43 41 44 43 29 10 8 5 8 7 18
0 0 0 0 0 0 0 0 0 1 1 1 2 25 2 1 1 1 1 2 3 5 10 4 5 4 26 5 15 13 34 22 34 46 35 37 37 41 52 47 39 54 60 65 63 64 54 61 55 31 24 20 16 19 16 7 5 4 3 1 2 4 12 28 47 46 42 60 76 62 76 63 67 33 53 60 62 66 48 47 53 54 43 37 38 38 36 33 26 27 20 15 6 13 19 18
0 0 0 0 0 0 0 0 0 0 1 1 0 3 1 0 1 1 3 2 3 9 10 4 3 12 7 11 20 40 46 43 39 41 32 36 49 51 56 52 58 70 71 56 51 66 66 61 43 37 28 24 19 14 11 12 10 4 2 1 2 7 16 28 37 49 40 45 69 82 73 66 58 81 69 43 34 39 51 53 49 52 53 48 37 45 27 40 25 18 20 15 7 15 19 17
0 0 0 0 0 0 0 0 1 0 1 0 0 0 0 0 1 1 1 2 4 4 4 11 12 4 5 21 47 12 13 14 34 32 38 49 51 51 51 51 55 68 55 59 71 64 66 66 42 41 32 26 19 11 10 13 5 5 4 1 2 4 24 36 52 46 43 40 41 42 53 55 56 67 15 39 41 41 37 40 43 41 38 56 47 48 39 37 24 23 21 10 10 23 20 28
0 0 0 0 0 0 0 0 0 0 1 1 1 1 1 0 0 0 0 3 6 3 21 22 5 7 12 21 11 14 16 21 30 24 38 45 50 51 42 72 56 48 51 65 35 55 69 68 62 52 21 20 18 21 17 11 7 8 4 2 1 4 10 30 43 49 77 56 57 54 46 28 45 62 41 51 54 40 41 41 49 45 51 52 48 22 22 18 22 36 21 7 16 35 36 38
0 0 0 0 0 0 0 0 0 1 1 0 0 1 1 1 0 0 1 3 3 15 9 4 5 19 9 10 11 16 19 21 16 25 32 50 35 34 60 50 44 64 73 42 61 61 61 65 50 31 26 33 30 26 21 20 15 11 6 3 1 4 14 23 37 61 74 85 53 62 49 30 32 69 73 36 46 53 58 39 40 43 55 48 33 15 34 29 23 16 9 4 22 37 39 39
0 0 0 0 0 0 1 0 1 2 0 0 0 0 0 0 1 0 1 3 3 3 1 3 14 3 3 7 11 15 30 22 17 32 37 39 39 56 62 63 43 40 48 58 55 61 46 50 46 40 38 44 41 21 20 19 17 8 7 3 2 7 12 26 45 54 70 76 69 67 50 52 56 71 44 38 36 39 47 52 39 71 57 34 39 47 36 25 14 6 4 12 29 40 39 43
0 0 0 0 0 0 0 0 1 0 0 0 0 0 0 1 1 1 3 1 1 1 1 5 3 5 7 15 20 18 16 12 17 21 41 29 66 61 64 38 26 28 39 56 65 60 56 57 57 54 48 44 29 20 14 12 10 9 9 7 4 10 19 38 57 59 52 48 68 78 68 29 41 67 36 41 65 63 61 68 62 48 46 46 48 49 23 22 12 9 10 26 35 39 30 43
0 0 0 0 0 0 0 0 0 0 0 0 0 1 1 1 1 1 2 5 4 3 0 3 5 10 12 25 11 7 14 16 29 26 55 27 15 12 12 28 32 52 66 70 70 65 57 59 44 57 40 35 38 20 23 13 10 11 10 9 6 18 32 37 60 58 51 29 49 68 67 43 55 61 39 24 44 70 69 68 67 40 48 50 45 44 23 17 26 12 27 32 19 45 45 47
0 0 0 0 0 0 0 0 0 1 0 0 0 0 0 0 0 3 2 1 2 3 3 2 9 6 9 12 7 10 30 21 16 60 15 10 33 37 41 40 59 66 60 67 71 73 68 62 49 48 45 43 39 33 28 24 19 13 11 6 15 24 47 71 65 59 46 50 56 57 67 40 44 54 65 46 48 51 66 70 57 62 46 50 48 38 25 9 12 27 28 17 28 35 61 46
0 0 0 0 0 0 0 0 0 0 1 0 0 0 0 0 1 1 1 3 2 3 1 2 7 8 6 9 11 12 13 16 24 17 5 18 23 33 45 80 58 55 67 69 71 72 59 54 47 39 44 43 41 26 30 19 23 23 13 15 19 42 37 59 61 55 48 58 58 48 73 64 44 58 63 46 54 56 54 53 61 52 41 40 43 29 15 5 12 36 19 30 39 40 62 42
0 0 0 0 0 0 0 0 0 1 0 0 0 0 0 0 1 0 0 3 8 3 1 2 10 6 11 9 9 7 25 55 30 4 9 30 21 50 61 58 56 68 69 54 59 60 60 59 44 49 46 46 43 40 37 34 30 26 17 19 22 26 35 41 60 73 58 74 72 58 48 46 54 52 66 66 50 48 40 42 49 44 39 45 38 23 10 7 28 32 35 53 58 45 52 40
0 0 0 0 0 0 0 0 0 0 0 0 0 0 0 3 1 1 1 3 3 1 3 4 1 7 7 4 23 11 33 22 4 8 33 11 30 25 40 69 71 55 44 77 71 50 58 61 57 53 50 47 44 41 39 37 32 21 23 25 28 46 31 35 33 56 75 75 70 68 73 70 44 57 45 45 29 37 51 56 43 48 37 45 40 12 8 28 24 35 50 56 50 33 48 48
0 0 0 0 0 0 0 0 0 0 0 0 0 0 0 1 0 0 0 0 1 1 4 1 1 3 2 3 22 21 19 3 6 13 22 54 24 33 55 60 62 53 64 36 49 44 59 71 57 55 54 52 50 45 45 40 24 17 30 43 35 50 45 46 44 53 58 83 58 51 34 57 41 27 28 43 54 44 39 41 41 30 47 38 17 10 21 28 38 33 39 47 59 48 50 47
0 0 0 0 0 0 0 0 0 0 0 0 0 0 1 2 0 1 0 0 3 1 2 0 2 4 3 13 25 9 5 4 6 9 35 42 42 33 39 45 50 59 45 36 43 75 63 59 56 69 58 52 51 48 45 40 27 20 40 46 63 67 51 51 40 54 64 64 75 49 35 29 39 47 40 59 46 47 42 46 35 41 27 18 12 21 35 42 35 52 49 37 38 46 39 34
0 0 0 0 0 0 0 0 0 0 0 0 0 0 1 1 0 0 1 2 1 2 1 2 8 2 3 16 9 6 7 6 16 19 42 28 35 36 33 22 26 49 63 54 63 55 60 62 71 58 59 68 35 49 44 32 17 41 51 52 75 68 51 62 47 38 46 71 68 24 55 33 33 45 50 50 48 51 50 40 35 41 20 24 20 35 41 45 38 40 48 35 35 46 50 39
0 0 0 0 0 0 0 0 0 0 0 0 0 1 0 0 1 0 1 2 1 1 1 1 3 2 3 8 3 3 7 5 19 26 33 37 19 28 26 32 42 49 54 71 54 55 56 74 59 58 72 58 56 53 34 33 20 39 64 63 64 72 55 63 63 49 47 46 68 20 29 54 57 42 44 47 58 48 57 56 40 36 15 14 21 38 47 51 57 52 48 48 35 39 57 46
0 0 0 0 0 0 0 0 0 0 0 0 0 0 0 0 0 0 0 1 0 1 2 2 2 3 5 1 2 4 11 11 22 34 6 5 25 20 29 28 31 45 55 65 65 53 73 51 71 74 55 55 57 55 39 35 22 38 63 66 59 67 45 49 64 38 58 34 50 22 22 54 29 49 49 51 49 54 71 50 47 17 13 21 36 41 47 52 39 28 37 57 28 30 47 66
0 0 0 0 0 0 0 0 0 0 0 0 0 0 0 0 0 0 0 0 0 1 2 1 1 3 1 1 2 2 9 2 12 10 4 12 9 11 17 36 45 49 56 61 55 42 61 69 66 61 64 55 57 55 53 34 35 41 66 76 70 66 55 42 64 58 27 28 59 16 37 36 37 46 44 44 54 32 35 41 19 13 20 38 38 46 54 52 30 34 45 26 17 20 32 62
0 0 0 0 0 0 0 0 0 0 0 0 0 0 0 1 1 0 0 0 0 1 1 0 1 1 1 7 7 5 13 12 23 10 4 4 11 13 16 16 21 48 35 44 60 31 28 28 47 52 63 58 55 55 40 25 42 55 65 65 82 70 46 44 48 53 40 12 35 5 9 19 31 45 51 58 57 58 49 48 23 14 24 37 38 62 65 54 41 35 41 41 33 19 30 46
0 0 0 0 0 0 0 0 0 0 0 0 1 0 0 0 1 0 0 0 1 1 1 1 2 1 2 0 0 2 10 2 4 2 4 11 5 9 10 12 37 36 26 49 26 33 36 49 52 65 56 61 59 43 38 25 40 55 67 64 69 47 46 57 53 28 28 21 29 10 15 16 18 15 38 51 49 50 34 32 14 23 37 39 41 64 56 25 36 49 30 48 23 25 31 51
0 0 0 0 0 0 0 0 0 0 0 0 1 1 0 1 1 0 0 1 1 0 1 1 2 1 0 1 1 3 3 2 1 6 9 7 12 11 14 27 21 33 46 26 33 35 52 49 62 52 53 56 58 40 20 38 45 74 65 63 61 59 42 64 48 29 21 29 17 9 27 36 42 52 56 53 44 23 21 11 17 36 36 39 41 66 64 21 23 46 31 49 26 26 32 65
0 0 0 0 0 0 0 0 0 0 0 0 1 1 0 0 0 0 0 2 1 0 2 0 2 3 0 1 1 6 2 1 2 6 17 7 9 13 24 9 35 30 23 35 32 48 52 64 65 56 66 53 41 43 28 46 47 67 74 51 58 58 36 26 39 37 19 19 19 30 41 27 34 38 33 45 36 25 10 30 25 39 44 54 46 62 66 31 31 34 17 53 27 30 31 46
0 1 0 2 2 1 0 0 0 0 1 0 0 0 1 0 0 0 1 1 1 1 1 0 0 0 0 1 1 3 1 2 18 8 5 4 7 11 12 30 47 35 47 24 37 58 64 51 50 69 60 45 41 42 28 55 66 55 60 64 45 50 51 18 47 39 16 13 22 32 23 28 47 38 45 27 35 32 21 39 40 36 42 54 40 43 49 44 48 29 29 57 26 28 24 39
0 1 2 0 2 5 1 0 0 0 0 0 0 0 0 0 0 1 1 1 0 1 0 0 1 3 0 0 1 2 3 18 3 2 5 8 3 2 15 24 25 16 54 39 46 62 33 45 62 57 46 43 39 37 40 53 61 65 54 59 39 35 38 32 26 29 14 5 13 38 26 39 42 51 41 41 45 42 32 37 40 47 45 50 38 30 43 39 37 35 33 52 27 21 31 35
0 0 0 0 0 0 1 1 0 0 0 0 0 1 0 0 0 0 0 0 0 0 2 0 2 2 1 0 2 7 10 23 4 5 8 1 2 3 6 17 14 25 47 48 45 48 48 47 52 50 43 41 36 37 47 42 58 67 57 37 53 22 27 28 16 7 4 3 3 14 28 52 52 40 36 36 32 13 24 33 36 50 43 48 31 46 59 60 41 35 28 36 42 11 30 39
0 0 0 0 0 0 0 0 0 0 0 0 0 0 0 0 0 1 0 0 0 0 0 0 2 1 0 0 1 2 1 2 5 4 4 6 3 1 21 7 13 11 37 25 50 36 40 30 50 53 35 37 31 31 41 55 58 66 55 45 31 37 18 16 3 3 8 17 13 20 26 40 40 29 27 25 12 22 36 32 36 49 50 33 40 40 51 54 40 36 25 35 41 14 18 46
0 0 0 0 0 0 0 0 0 0 0 0 0 0 0 0 0 0 0 0 0 2 2 1 2 1 0 0 1 1 1 5 4 3 6 4 8 2 13 11 2 13 38 34 40 38 39 52 45 44 41 32 32 54 54 40 60 44 42 18 29 21 7 9 6 5 10 21 18 12 37 45 57 53 46 16 19 22 34 43 52 35 45 33 43 55 52 46 35 35 26 24 40 34 13 25
0 0 0 0 0 0 0 0 0 0 0 0 0 0 0 0 0 1 0 1 2 0 1 1 3 1 0 1 0 2 3 2 3 10 3 6 7 3 35 13 4 23 8 35 31 26 45 25 39 37 32 35 26 55 59 43 44 34 34 32 11 12 11 7 5 3 6 8 11 11 33 42 54 67 35 16 21 32 29 52 51 41 38 43 27 48 53 48 38 41 13 28 31 25 18 13
0 0 0 0 0 0 0 0 0 0 0 0 0 0 0 0 0 1 0 0 0 3 1 2 1 0 0 0 0 1 3 1 2 3 6 12 4 6 25 16 9 27 6 32 21 17 26 19 34 32 41 26 25 42 46 73 21 20 16 10 13 4 5 4 2 4 8 8 13 14 37 43 30 51 25 17 34 37 31 34 48 39 36 34 39 46 44 58 44 27 17 28 34 14 17 10
0 0 0 0 0 0 0 0 0 0 0 0 0 0 0 0 0 0 0 0 0 0 0 0 0 0 0 0 1 0 2 3 4 3 4 6 3 3 7 24 10 14 14 23 6 24 17 30 35 20 33 26 30 25 42 47 33 21 10 4 7 4 2 6 3 4 8 8 18 19 28 38 35 25 20 33 34 30 31 25 32 42 48 39 32 42 50 44 51 19 13 43 20 25 15 8
0 0 0 0 0 0 0 0 0 0 0 0 0 0 0 0 0 0 0 0 0 0 0 0 1 1 1 0 0 0 1 2 3 3 4 3 4 3 1 13 25 22 13 7 7 10 11 24 20 8 25 19 20 19 24 41 30 17 6 2 4 1 1 1 1 2 5 15 20 32 46 31 24 14 37 30 34 48 43 31 22 34 33 39 38 60 25 52 26 15 12 38 21 34 10 7
0 0 0 0 0 0 0 0 0 0 0 0 0 0 0 0 0 0 0 0 0 0 0 1 2 0 0 0 0 0 0 1 1 3 2 1 4 3 2 8 30 24 7 4 6 10 27 8 18 7 12 20 16 31 24 16 16 10 8 2 3 1 2 1 3 7 8 12 21 20 32 36 8 15 24 27 41 35 28 17 25 10 32 37 35 20 41 27 31 20 12 26 15 25 19 6
0 0 0 0 0 0 0 0 0 0 0 0 0 0 0 0 0 0 0 0 0 0 1 0 0 0 1 1 0 0 1 1 0 1 1 1 4 0 0 7 8 19 8 6 4 38 14 8 7 12 21 21 12 21 31 11 26 4 5 4 2 2 2 1 3 3 5 9 27 38 23 12 14 25 22 25 19 21 17 5 15 17 26 24 26 28 27 21 6 17 5 17 32 10 4 8
0 0 0 0 0 0 0 0 0 0 0 0 0 0 0 0 0 0 0 0 0 0 0 0 1 3 0 0 0 0 1 1 1 2 1 2 2 1 2 3 10 8 11 8 7 44 10 12 7 10 15 11 16 29 39 11 18 4 2 2 2 1 0 4 4 5 8 13 40 17 10 12 24 20 18 23 28 29 21 14 17 22 32 32 28 21 18 29 4 11 6 7 27 4 3 5
0 0 0 0 0 0 0 0 0 0 0 0 0 0 0 0 0 0 0 0 0 0 0 1 1 0 0 1 0 0 0 2 2 3 2 3 3 2 2 3 9 11 10 8 8 9 10 18 12 4 5 14 23 20 17 11 8 3 1 2 1 0 1 1 4 8 12 19 15 18 20 18 16 21 29 10 14 27 17 12 17 17 14 34 17 12 5 12 8 8 17 5 14 5 4 5
0 0 0 0 0 0 0 0 0 0 0 0 0 0 0 0 0 0 0 0 0 0 1 1 0 1 1 3 1 1 0 2 2 5 2 5 2 4 3 2 5 2 7 10 2 8 11 17 11 9 12 18 14 11 9 3 4 3 1 1 0 1 1 1 2 6 6 20 32 16 19 15 14 27 19 7 9 25 23 13 11 14 11 11 16 12 2 4 7 16 6 6 4 2 6 9
