sesion_6_simulaciones/modelos_agentes/ejemplos_netlogo/scenarios/cgcm2_a2/rob_2083.asc
NCOLS 322 
NROWS 307 
XLLCORNER 451900 
YLLCORNER 4086900 
CELLSIZE 100 
NODATA_value -9999 
[rows 222 to 295 of 307, columns 96 to 191 of 322]
10 5 4 2 1 1 0 0 0 0 0 0 0 0 0 0 0 0 0 0 0 1 1 1 1 3 9 19 7 4 4 9 11 16 3 2 0 0 0 1 2 3 4 11 13 17 24 41 43 43 42 39 39 41 38 33 32 37 53 53 51 51 18 29 5 12 10 11 16 13 9 10 7 8 14 11 10 2 2 1 6 6 7 7 10 5 21 32 48 25 24 32 22 18 29 20
8 3 1 1 1 1 0 0 0 0 0 0 0 0 0 0 0 0 0 1 0 1 1 2 2 3 3 8 26 10 8 15 24 7 2 1 1 0 1 2 2 3 6 8 12 15 20 29 39 35 39 27 30 34 39 56 62 31 12 16 16 16 12 9 22 4 6 5 17 14 10 19 6 7 14 8 8 2 8 7 15 48 13 13 11 16 9 11 46 67 45 49 49 33 30 30
3 1 1 1 0 0 1 0 0 0 0 0 0 0 0 0 0 0 1 1 1 1 2 2 6 4 3 6 22 16 15 19 8 4 2 1 0 0 1 1 1 2 6 8 10 13 16 22 34 37 34 34 49 26 40 71 23 19 15 13 4 13 14 6 5 9 2 9 11 9 17 16 3 5 6 8 4 3 3 8 6 5 30 20 14 18 22 11 11 46 82 64 60 43 50 45
3 1 1 0 0 0 0 0 0 0 0 0 0 0 0 0 0 1 2 2 6 3 3 3 9 13 5 12 19 41 25 9 3 2 2 0 0 0 0 1 2 3 5 7 8 13 15 17 29 30 31 32 48 38 18 14 18 14 11 7 23 38 10 16 10 40 18 5 9 9 16 15 8 8 7 10 5 3 6 15 14 6 2 7 47 37 22 22 19 19 69 66 59 55 41 34
4 1 1 0 0 0 0 0 0 0 0 0 0 0 0 0 0 1 2 7 14 6 6 4 8 19 23 11 27 31 10 6 2 1 1 0 0 0 0 1 1 2 4 4 7 15 18 26 24 26 38 45 40 29 26 22 30 21 13 33 7 11 26 36 16 54 17 12 1 7 7 12 8 6 8 10 6 2 6 21 11 9 19 14 15 8 13 27 30 41 25 39 52 39 26 32
2 1 0 0 0 0 0 0 0 0 0 0 0 0 0 1 0 1 1 2 3 14 6 10 8 12 34 38 28 18 6 4 4 4 3 1 0 0 1 1 2 3 6 7 11 17 19 20 25 25 31 26 20 26 23 24 40 28 35 10 11 17 15 19 41 15 24 21 29 5 3 8 11 2 2 3 3 5 11 5 53 31 51 32 51 23 42 35 29 21 24 45 37 30 21 13
3 1 1 0 0 0 0 0 0 0 0 0 0 0 0 1 1 2 1 3 4 5 18 32 9 15 26 42 27 9 13 9 6 3 3 1 0 0 1 1 1 4 5 5 7 14 15 19 28 27 36 31 32 30 23 32 39 68 28 20 13 26 37 67 23 15 20 15 8 7 8 4 5 1 2 3 5 4 35 20 9 7 22 46 30 37 32 42 24 35 34 29 22 29 28 34
3 1 0 0 0 0 0 0 0 0 0 0 0 0 0 1 2 5 7 4 5 5 5 24 13 16 20 59 35 21 27 21 8 5 4 1 0 1 1 2 2 3 5 9 7 8 8 12 24 28 26 26 28 21 40 38 22 21 14 23 14 11 13 22 9 5 8 10 3 4 1 6 3 2 4 1 2 5 4 8 9 10 16 23 18 18 32 44 26 33 23 15 21 17 19 22
1 1 1 0 0 0 0 0 0 0 0 0 0 0 0 0 2 3 7 13 18 18 5 9 34 10 12 38 52 58 31 18 11 6 2 1 1 1 2 3 7 5 4 8 11 12 12 13 14 16 15 16 20 22 32 16 18 14 16 14 15 13 18 18 15 21 17 17 11 8 7 5 3 1 2 2 1 3 5 10 16 19 18 44 26 13 26 17 19 34 17 13 12 20 20 17
3 2 1 0 0 0 0 0 0 0 0 0 0 0 0 0 1 2 7 13 20 22 17 18 19 24 15 21 55 51 32 19 11 6 3 1 1 2 2 6 9 12 16 10 11 13 14 15 17 17 19 20 21 19 11 11 8 8 7 6 6 5 5 20 23 23 8 14 10 6 3 2 3 1 1 2 6 5 7 25 18 24 28 32 29 25 16 18 20 23 26 19 13 14 19 12
2 1 1 1 1 1 0 0 0 0 0 0 0 0 0 1 2 5 10 19 18 15 8 18 43 27 17 19 43 48 40 31 8 6 2 1 1 3 4 5 9 13 15 27 17 16 11 23 31 38 43 33 16 12 10 13 9 9 16 15 10 13 10 7 6 8 8 7 9 7 7 6 9 1 2 1 5 8 11 7 10 22 31 22 27 50 40 26 26 21 15 13 19 13 13 8
4 3 1 1 1 1 0 0 0 0 0 1 1 1 0 0 2 4 7 13 17 27 7 18 18 33 33 38 52 53 42 30 13 4 4 1 2 4 7 5 6 14 16 18 25 36 24 12 24 38 47 51 31 16 18 20 29 26 29 35 25 20 17 9 15 23 11 9 4 12 16 16 11 10 6 12 15 5 25 10 55 35 23 41 30 27 38 41 59 29 17 13 14 9 5 6
9 2 2 2 1 0 0 0 0 0 1 1 1 1 1 0 1 4 8 11 20 23 13 9 19 22 55 46 33 31 25 20 6 3 1 1 2 5 8 7 10 17 19 20 23 27 27 47 25 30 36 33 29 34 27 34 29 35 44 28 17 17 22 13 8 6 12 12 5 5 2 1 1 1 5 1 5 26 13 14 4 13 41 46 25 29 53 33 49 25 35 20 10 13 9 10
12 6 5 2 1 0 0 0 0 1 1 2 3 1 0 1 1 3 4 14 24 24 27 11 14 26 31 55 28 19 15 8 3 1 1 2 5 6 9 12 14 19 19 20 28 33 32 34 43 34 37 32 38 51 28 26 33 27 29 28 24 31 28 25 13 6 13 9 11 5 5 3 2 2 7 2 2 4 6 7 5 2 43 64 40 42 55 66 45 43 43 36 28 35 15 5
9 9 5 1 1 1 0 0 0 0 2 3 4 3 2 1 1 3 4 12 14 24 46 23 11 28 29 57 36 23 8 4 4 2 2 5 6 6 13 15 15 20 20 26 33 35 52 37 47 56 41 51 42 41 33 26 25 26 49 30 39 23 18 28 20 9 6 6 6 3 11 2 1 4 3 5 4 16 16 13 14 10 7 34 49 63 76 57 38 33 21 25 26 12 8 11
27 14 4 2 1 1 0 1 1 1 2 6 8 10 4 2 4 6 4 6 21 29 24 37 10 19 27 43 35 29 23 16 9 3 3 5 6 6 16 16 15 21 22 35 45 43 60 53 39 28 58 76 73 39 38 13 22 25 37 22 40 23 16 13 11 7 3 5 3 10 2 2 1 1 3 1 3 6 10 10 11 10 14 16 38 28 18 55 42 31 28 15 11 12 12 10
14 5 3 1 1 0 0 1 3 2 2 5 12 13 10 6 3 7 8 10 20 23 33 45 23 25 36 50 46 38 34 16 11 4 3 6 12 9 12 17 21 23 28 46 47 54 58 56 53 40 40 54 56 54 29 13 19 24 15 29 34 28 5 27 4 7 6 3 2 5 1 1 1 3 3 3 5 12 45 18 33 15 19 19 19 15 30 33 29 37 17 12 12 10 8 7
5 2 1 0 0 0 1 1 3 4 4 3 10 20 21 9 3 11 18 26 26 13 40 60 39 35 46 47 40 50 38 16 12 5 2 8 12 10 9 14 25 24 31 38 47 56 58 56 56 54 41 53 61 47 37 11 18 30 24 20 23 22 4 9 7 5 7 2 3 2 1 1 3 2 1 2 3 8 14 8 18 30 38 20 27 22 21 30 24 13 13 18 18 16 14 6
3 1 1 0 0 1 1 3 4 8 8 6 11 21 24 16 6 13 15 48 38 13 34 52 47 21 16 72 66 40 33 22 11 4 2 10 17 17 12 26 29 37 34 42 51 42 59 59 58 65 42 54 54 36 37 9 15 18 22 22 17 12 10 8 8 6 4 3 2 1 1 1 2 2 2 2 3 12 11 11 17 15 44 43 32 44 44 27 15 13 10 9 13 13 9 6
2 1 1 0 0 1 3 3 5 11 20 13 10 20 35 31 13 8 19 33 40 25 33 47 61 25 27 72 50 50 46 28 16 3 3 14 15 10 28 18 33 42 35 44 44 43 67 59 58 54 53 42 29 33 63 20 9 20 30 15 10 6 3 9 5 4 3 4 2 1 1 1 2 2 4 4 7 26 24 25 20 21 30 33 40 54 41 37 29 24 14 16 16 7 7 3
1 2 2 1 0 1 3 6 6 10 19 17 12 22 39 36 15 9 36 32 32 40 37 52 67 69 54 69 63 58 43 22 8 3 6 14 17 18 21 36 23 40 51 42 32 42 57 60 58 50 52 52 41 37 55 28 27 9 17 31 13 9 4 3 2 4 3 3 1 1 1 2 2 1 2 5 7 42 38 34 39 16 19 24 28 36 47 46 24 20 20 15 15 11 10 5
4 3 2 1 1 2 4 8 8 12 22 33 25 31 32 49 19 11 29 31 33 42 43 54 71 78 57 73 45 40 42 22 6 4 6 6 12 39 23 24 39 32 47 39 42 58 57 45 54 54 47 45 54 62 59 46 11 5 17 18 17 6 3 3 2 1 1 1 1 0 4 1 1 4 2 4 4 14 16 29 19 29 48 35 25 23 18 22 25 23 16 13 12 11 7 3
9 4 1 2 1 3 6 12 18 26 27 27 42 22 40 51 22 28 17 48 51 45 36 53 63 61 46 36 29 32 21 17 4 3 5 7 18 31 35 22 29 47 20 60 41 45 57 42 38 64 51 27 50 52 45 45 33 7 5 6 10 7 4 2 1 1 0 0 0 1 6 2 2 4 47 27 15 20 19 30 39 54 38 47 42 46 35 34 33 20 16 8 6 6 2 1
5 1 1 3 4 3 8 15 13 27 31 32 48 23 41 51 29 40 20 36 58 51 65 43 70 57 37 33 23 23 21 8 3 4 10 8 11 20 33 33 44 29 29 35 61 40 35 45 51 66 52 40 26 30 28 43 46 6 5 7 6 3 2 1 1 1 0 0 1 3 1 3 12 20 40 35 30 35 27 46 58 45 34 19 32 29 39 35 22 23 18 7 5 3 2 1
2 1 2 6 6 8 12 17 23 18 33 40 57 40 46 55 29 41 48 29 32 49 42 77 52 61 32 30 30 15 6 6 6 8 14 17 17 10 15 10 19 30 41 64 38 45 52 47 40 41 47 48 19 17 11 8 20 14 6 3 3 2 1 0 0 0 0 1 1 3 1 1 3 14 5 20 70 68 61 58 67 43 30 33 34 18 19 20 30 24 5 5 5 5 5 2
2 1 4 12 19 9 15 20 25 31 33 43 47 57 37 59 28 30 50 40 37 57 30 60 67 38 26 22 7 7 10 15 14 8 19 17 15 15 12 28 24 27 38 53 64 39 31 49 30 45 35 33 28 21 10 12 5 10 5 2 2 1 1 1 1 0 0 2 1 1 2 3 7 6 7 8 26 38 53 41 23 26 27 32 25 23 24 18 12 9 6 4 2 3 7 3
3 1 6 18 21 14 16 21 18 28 39 46 47 54 55 73 33 31 45 48 44 56 76 53 36 44 40 27 17 14 22 20 18 9 8 17 13 19 28 26 28 33 38 45 44 55 32 28 36 35 31 23 31 20 10 5 2 4 2 2 1 1 1 1 1 0 0 2 1 1 3 4 29 17 18 15 10 6 26 41 39 17 20 18 27 25 12 6 4 3 2 3 5 7 8 7
5 2 6 20 22 23 15 29 21 34 57 44 44 47 73 71 33 33 32 44 43 58 77 25 46 44 31 26 33 31 38 43 23 19 9 20 14 22 37 20 29 45 55 50 36 44 31 47 29 32 45 51 17 7 6 5 5 1 1 4 1 1 2 1 0 0 1 5 1 1 2 24 39 24 19 14 15 19 16 23 32 23 17 22 28 25 12 9 9 4 3 4 8 9 9 9
5 4 8 25 24 25 15 35 34 37 58 46 64 55 54 60 62 42 54 36 48 41 78 64 43 31 33 39 30 44 52 50 26 14 12 7 21 32 19 34 43 42 60 62 61 39 48 14 8 10 40 7 15 9 9 3 1 0 0 0 1 0 1 0 0 0 2 1 1 1 1 3 2 8 16 13 16 20 16 17 23 14 21 23 32 36 25 33 14 9 3 8 10 10 17 12
6 5 8 26 30 38 16 40 46 42 37 45 36 64 61 32 30 63 39 40 32 54 63 41 37 33 37 40 50 74 48 27 16 17 20 8 14 18 47 40 44 49 53 66 38 52 35 26 16 25 22 3 22 19 7 2 2 1 1 0 2 0 0 0 0 0 0 5 2 1 3 13 12 20 21 18 17 23 25 36 29 28 27 28 28 38 44 16 14 5 5 10 11 12 17 5
4 14 15 26 33 43 22 22 32 48 53 52 30 28 48 65 28 22 68 56 27 52 66 42 50 26 55 77 62 41 29 30 26 19 13 5 12 10 25 37 40 66 61 40 24 39 29 36 36 35 16 9 14 18 10 7 3 1 0 0 1 0 0 0 0 0 1 0 0 1 2 5 9 14 22 28 18 21 16 29 14 12 17 42 43 44 27 17 5 7 12 12 13 22 22 6
8 20 26 30 36 31 37 32 31 23 37 55 23 19 44 51 52 41 13 30 31 51 34 36 29 57 45 33 39 30 33 41 33 13 17 8 17 20 30 29 20 43 41 23 31 31 33 21 32 30 23 14 22 13 6 3 1 1 0 0 0 0 0 0 0 0 0 1 1 2 2 6 13 15 17 29 18 18 16 24 36 28 45 39 38 29 34 18 8 12 13 15 26 24 20 11
13 22 27 27 36 47 41 54 43 32 23 34 63 22 44 37 38 54 32 16 25 54 15 35 70 32 32 42 47 47 41 26 13 17 21 14 19 25 33 25 32 44 31 18 38 37 14 12 36 23 7 5 7 4 4 1 1 0 1 0 0 0 0 0 2 1 0 2 3 1 7 8 19 25 35 38 28 19 25 30 39 34 46 33 36 37 19 12 9 14 15 18 26 39 12 9
17 24 30 16 22 60 62 47 41 38 53 34 37 56 31 33 38 15 53 25 25 36 65 44 34 44 52 55 57 54 35 19 14 16 30 13 16 26 42 45 41 45 45 36 38 16 18 21 11 12 8 6 5 3 2 2 1 0 0 1 0 0 0 1 1 0 1 1 3 2 8 6 12 26 42 30 25 34 28 31 38 39 31 41 36 24 8 9 16 16 26 26 35 33 17 10
24 37 31 22 28 48 47 59 60 35 46 52 42 43 54 30 41 19 16 35 15 15 51 50 48 46 43 51 56 36 37 33 25 10 21 7 12 18 33 51 49 47 26 36 26 33 19 16 16 20 10 5 4 3 3 2 1 0 0 0 0 0 0 0 0 1 2 1 1 2 6 7 16 14 22 50 23 29 14 15 19 21 40 36 30 22 16 12 18 18 26 19 54 25 19 15
21 28 39 28 33 33 45 42 48 51 60 48 40 43 65 52 19 14 19 16 38 40 47 39 50 57 56 55 53 45 37 34 28 13 28 9 10 20 33 46 47 55 50 41 34 29 25 32 13 13 10 6 3 3 2 2 1 0 0 0 0 0 0 0 0 0 0 0 0 4 3 6 14 16 24 18 16 9 6 20 34 35 16 31 42 35 15 22 18 27 23 22 53 24 20 18
24 40 44 43 42 32 33 48 50 50 61 56 50 42 52 52 29 28 18 21 17 40 46 43 30 45 46 51 35 50 46 37 28 27 35 6 22 31 34 31 22 48 53 43 30 33 34 22 14 23 19 15 2 3 3 2 0 0 0 0 0 0 0 0 0 0 1 1 1 2 3 5 8 9 24 7 9 12 9 37 34 16 28 30 37 49 26 34 32 21 21 14 39 24 21 17
26 37 61 42 46 42 35 48 51 47 41 53 46 45 59 32 34 38 23 18 16 31 31 28 27 43 48 46 47 38 35 36 46 40 15 5 23 40 46 44 35 45 55 38 31 36 19 13 18 29 18 10 8 3 3 1 0 0 0 0 0 0 0 0 0 1 2 2 2 3 5 13 9 7 6 9 20 30 16 32 31 33 26 27 28 30 41 38 22 24 20 8 29 36 7 11
30 23 51 58 43 42 35 50 52 44 37 37 47 56 49 43 32 41 22 13 20 54 31 48 31 37 48 56 45 35 46 49 43 29 19 12 16 32 57 64 54 48 33 45 26 29 19 14 18 9 5 4 5 5 1 1 0 0 0 0 0 0 0 0 0 1 2 2 4 2 6 5 3 5 7 23 22 30 41 10 23 27 34 39 32 26 52 43 24 27 16 18 35 27 11 18
28 26 36 60 58 41 47 50 45 43 42 32 41 53 48 33 26 16 23 12 17 46 32 51 34 36 43 34 42 34 63 43 33 25 27 20 25 33 41 52 66 62 48 36 42 14 13 20 11 6 5 4 3 2 7 1 0 0 0 0 0 0 0 0 0 0 4 3 2 1 2 4 5 11 10 25 27 35 22 28 29 15 37 32 29 37 44 29 39 22 13 16 48 21 15 21
35 57 43 45 54 42 36 49 47 35 44 30 16 25 52 50 37 19 16 25 14 52 56 23 35 47 30 31 29 46 40 44 41 18 22 15 24 45 41 40 39 44 34 49 27 26 11 18 18 5 8 7 4 3 2 0 0 0 0 0 0 0 0 0 0 1 3 1 2 1 3 6 19 7 12 27 17 18 32 28 9 13 32 38 45 41 36 23 36 27 15 20 38 32 24 20
32 41 54 55 52 36 39 44 37 32 32 35 26 29 32 41 31 9 11 23 10 42 31 33 38 33 16 30 27 36 51 44 52 29 21 19 23 45 36 45 55 38 19 41 14 27 17 10 14 11 14 7 5 2 1 0 0 0 0 0 0 0 1 0 0 1 1 1 3 3 8 8 7 15 12 8 16 38 19 10 7 25 43 34 39 45 29 23 20 22 31 20 22 41 25 21
43 52 46 51 49 38 43 37 38 31 17 28 29 37 31 30 26 25 33 32 19 29 21 29 27 42 30 32 49 26 44 54 46 35 37 13 20 40 58 41 43 32 34 26 21 14 27 5 8 7 8 5 3 1 1 1 1 0 0 0 0 0 0 0 0 1 1 2 2 2 3 7 17 29 12 10 31 31 25 15 17 25 9 15 35 51 26 25 19 30 30 19 16 59 25 34
43 47 39 38 13 27 50 30 37 36 24 23 33 38 23 30 18 32 24 31 22 17 31 19 21 31 57 45 24 36 35 47 48 32 31 13 21 43 34 39 35 24 38 36 33 12 6 25 6 15 5 4 1 2 1 1 0 0 0 0 0 0 0 0 0 0 1 2 3 2 2 7 23 18 9 23 20 12 15 59 39 14 19 36 24 22 29 14 18 27 27 22 31 62 43 39
41 31 17 9 7 14 47 27 16 21 23 14 17 35 47 35 10 9 25 14 19 17 31 31 9 33 50 26 24 40 24 52 57 47 25 5 16 32 35 41 29 25 30 34 35 20 7 4 1 1 6 4 1 1 1 1 1 0 0 0 0 0 0 1 0 0 1 1 2 1 3 11 17 7 11 23 23 3 24 23 15 27 43 37 25 24 23 8 26 26 30 21 43 83 48 27
39 42 27 25 27 21 22 39 11 13 9 22 18 24 39 24 37 8 10 19 23 25 35 47 30 12 31 35 31 20 45 41 42 40 24 10 9 20 44 45 15 27 43 33 24 11 9 8 5 4 2 2 3 1 0 0 0 0 0 0 0 0 0 0 0 0 0 0 1 1 4 4 7 13 8 10 7 7 17 13 18 35 38 26 22 12 8 7 17 24 27 24 42 67 45 14
51 34 37 31 19 22 17 18 22 21 15 38 18 22 15 17 23 22 17 20 25 19 32 29 8 15 25 22 21 28 50 47 23 25 35 18 13 14 23 29 6 13 15 14 14 8 6 5 16 9 3 2 1 0 0 0 0 1 0 0 0 0 0 0 0 0 0 0 1 2 1 3 2 5 6 12 3 21 17 37 18 19 13 16 19 15 9 17 18 28 25 35 41 67 14 10
29 30 34 27 29 17 13 24 41 38 11 13 26 21 8 8 5 9 16 15 5 7 12 15 23 5 24 43 15 41 32 34 32 23 39 15 26 8 25 37 29 10 13 14 6 7 2 1 2 4 1 4 2 1 0 0 0 0 0 0 0 0 0 0 0 0 0 1 1 1 1 2 3 5 2 5 16 24 43 14 15 18 22 32 17 11 9 19 26 27 25 18 51 65 40 10
28 44 30 29 28 26 19 26 40 24 23 12 9 16 17 8 13 7 3 9 4 9 24 23 17 12 22 13 15 40 32 40 27 13 31 14 18 14 9 27 19 30 21 10 7 9 7 2 4 4 4 2 1 1 0 0 0 0 0 0 0 0 0 0 0 0 0 1 2 2 1 2 2 1 8 11 9 20 23 14 12 16 22 22 14 13 10 23 27 17 24 26 16 38 38 11
32 31 27 20 29 38 16 23 24 29 21 17 23 12 5 16 10 4 6 8 14 4 4 9 10 22 21 35 15 21 35 28 20 38 20 11 15 23 9 27 30 30 32 9 9 16 6 2 4 5 1 2 1 1 0 0 0 0 0 0 0 0 0 0 0 0 0 0 0 0 1 1 3 9 4 6 7 8 10 10 6 11 14 21 18 14 9 17 29 15 24 17 22 24 22 12
26 25 41 24 37 44 11 17 25 28 25 18 26 17 24 11 16 23 5 9 14 3 6 10 12 30 27 48 19 22 26 29 40 19 15 9 10 32 11 13 24 34 15 13 15 12 2 1 14 20 2 2 1 0 0 0 0 0 0 0 0 0 0 0 0 0 0 0 1 1 2 3 1 3 3 2 3 10 8 8 13 26 13 13 18 8 14 15 27 12 15 5 2 7 32 45
26 32 38 35 29 23 11 18 27 29 26 16 11 11 19 19 9 5 6 5 6 2 5 5 15 17 35 22 24 40 39 34 23 24 9 3 4 33 11 10 15 18 15 13 12 9 0 3 5 4 4 2 1 0 0 0 0 0 0 0 0 0 0 0 0 0 0 0 1 2 3 4 2 2 2 3 16 17 8 10 18 15 16 25 5 8 17 20 25 10 5 3 9 11 9 25
28 15 15 34 26 30 20 7 24 24 26 16 16 8 12 8 10 3 4 2 2 4 4 6 6 17 13 24 33 57 32 39 29 31 20 2 18 27 10 10 16 8 14 12 8 5 1 3 2 2 2 1 1 1 0 0 0 0 0 0 0 0 0 0 0 0 0 1 0 1 1 1 1 1 3 7 12 8 6 22 20 16 22 8 7 18 35 15 5 4 6 13 8 31 16 23
24 6 18 29 35 26 27 12 8 16 20 9 12 11 13 13 4 3 7 3 1 3 21 7 8 9 6 12 18 27 33 38 26 13 18 8 17 11 14 11 22 14 11 14 14 7 3 2 2 2 1 2 0 0 0 0 0 0 0 0 0 0 0 0 0 0 0 0 0 0 1 2 1 4 4 7 11 14 12 22 18 10 8 5 17 35 7 3 4 7 9 17 25 19 20 11
21 8 9 7 23 24 33 15 2 10 16 8 11 6 23 10 4 1 2 3 1 4 8 5 5 2 10 18 22 23 32 23 26 19 11 10 11 10 10 7 2 12 9 20 11 10 10 13 7 4 2 3 1 0 0 0 0 0 0 0 0 0 0 0 0 0 0 0 0 0 0 2 4 8 3 3 12 20 11 11 6 14 3 12 17 6 2 6 8 13 15 14 17 24 20 10
27 15 19 5 22 31 26 13 3 2 2 12 12 6 6 7 2 3 2 4 3 1 3 6 4 3 11 19 22 17 17 15 26 18 15 16 20 5 13 9 4 7 7 10 18 6 4 2 2 1 1 1 0 0 0 0 0 0 0 0 0 0 0 0 0 0 0 0 0 0 0 2 3 4 4 5 19 18 16 13 7 5 14 15 9 2 5 13 11 11 15 12 16 18 14 12
34 11 20 5 10 22 12 5 3 3 4 4 6 14 8 6 2 2 1 3 1 2 6 3 4 8 5 15 20 19 13 21 14 9 17 16 12 10 8 12 8 5 7 6 9 6 11 4 2 3 3 1 0 0 0 0 0 0 0 0 0 0 0 0 0 0 0 0 0 0 1 1 3 4 4 5 6 7 23 7 5 5 11 4 5 14 13 13 11 11 11 8 5 4 7 12
22 10 20 8 6 21 13 14 9 8 4 5 6 9 8 8 7 3 1 2 1 1 2 3 7 6 13 22 23 11 15 18 9 7 31 16 9 10 7 3 3 5 7 11 8 8 12 4 5 2 3 1 1 0 0 0 1 0 0 0 0 0 0 0 0 0 0 0 0 0 0 1 2 4 5 2 5 14 12 23 16 8 3 5 6 7 8 16 15 9 13 7 6 3 4 1
16 10 18 13 9 11 5 15 6 5 6 4 7 4 3 5 2 2 1 1 2 1 1 6 5 8 9 11 14 12 15 15 15 9 23 13 13 8 17 5 11 12 4 5 9 13 15 6 7 5 2 1 1 0 0 0 0 0 0 0 0 0 0 0 0 0 0 0 0 0 1 1 1 2 3 2 8 21 52 16 8 4 1 5 4 20 13 9 11 12 23 15 5 4 5 1
23 10 16 10 7 5 3 11 14 7 6 5 4 4 2 4 2 1 1 1 1 0 1 3 5 4 8 13 11 13 11 14 9 17 19 13 18 33 9 5 6 6 7 6 16 6 9 10 4 3 3 2 1 0 0 0 1 0 0 0 0 0 0 0 0 0 0 0 0 0 0 0 1 4 1 10 13 18 14 18 5 1 4 9 8 10 14 6 10 16 11 12 3 3 3 1
21 10 24 13 4 5 8 5 15 5 9 7 3 2 2 1 1 1 1 1 0 2 1 1 2 2 10 8 6 10 12 5 9 24 8 27 10 29 17 6 13 5 12 8 17 13 10 8 3 4 2 1 1 1 0 0 0 0 0 0 0 0 0 0 0 0 0 0 0 0 0 0 1 1 8 7 5 18 10 16 8 4 5 11 19 10 11 14 14 8 9 5 3 2 2 1
15 9 26 12 3 3 21 9 7 5 5 6 2 3 2 1 1 1 1 1 0 0 0 0 1 1 9 13 12 8 5 4 8 19 14 9 14 14 14 6 12 3 9 3 10 12 12 9 3 4 1 2 1 0 1 0 0 0 0 0 0 0 0 0 0 0 0 0 0 0 0 1 2 5 6 2 3 27 15 8 8 5 10 6 16 15 7 10 8 7 5 2 8 2 1 1
25 7 17 6 3 5 8 8 5 13 10 4 3 2 2 1 2 1 1 1 0 0 0 1 2 3 5 6 8 5 3 4 14 9 15 9 22 9 7 7 12 3 10 6 6 9 18 6 3 4 3 2 0 0 0 0 0 0 0 0 0 0 0 0 0 0 0 0 0 0 0 1 1 1 2 3 5 17 13 2 2 6 14 12 13 10 3 6 13 8 3 2 4 1 1 1
22 7 15 5 3 5 5 17 6 10 16 8 2 1 1 2 3 1 0 0 0 0 0 1 1 1 1 5 2 2 5 4 28 12 15 16 15 6 4 14 6 4 5 16 20 8 7 5 6 3 2 1 1 0 0 0 0 0 0 0 0 0 0 0 0 0 0 0 0 0 0 0 1 1 3 4 11 14 15 3 2 12 13 12 9 8 2 4 6 5 2 1 1 1 1 1
30 21 3 9 3 4 8 12 6 4 7 5 7 1 2 5 1 1 0 0 0 0 0 0 0 1 5 2 4 4 4 9 2 5 3 8 7 4 3 14 5 4 1 8 30 7 4 6 5 2 2 1 1 0 1 1 0 0 0 0 0 0 0 0 0 0 0 0 0 0 0 1 1 1 3 9 4 12 10 4 4 15 8 6 7 4 4 4 2 3 4 1 1 2 1 1
16 4 3 6 3 3 13 9 10 3 2 3 7 0 1 1 0 1 0 1 0 0 0 1 1 1 1 3 4 2 9 3 7 4 9 8 5 6 3 9 3 8 4 7 18 12 5 4 4 3 2 1 1 0 0 0 0 0 0 0 0 0 0 0 0 0 0 0 0 0 1 1 2 3 8 27 1 15 7 6 6 6 7 3 4 3 5 6 3 1 3 1 1 1 1 1
16 4 2 6 4 4 7 1 4 5 1 1 4 1 0 1 0 0 0 0 0 0 2 1 1 1 2 5 3 5 3 5 12 22 11 7 19 5 9 12 4 4 5 9 11 7 3 8 3 2 1 1 1 0 0 0 0 0 0 0 0 0 0 0 0 0 0 0 0 0 0 1 3 8 8 3 5 13 10 3 3 5 9 2 4 5 5 2 3 2 1 1 2 1 0 0
14 1 3 5 3 3 4 1 1 1 2 3 1 1 0 0 0 0 0 0 0 0 0 1 1 1 1 2 2 4 2 5 10 5 4 14 5 3 20 5 8 10 8 8 10 5 3 2 3 1 1 0 1 1 0 0 0 0 0 0 0 0 0 0 0 0 0 0 0 0 0 1 3 2 8 4 6 5 3 1 2 8 5 5 3 3 3 2 1 2 1 1 0 1 0 0
14 1 2 5 2 5 4 2 1 1 2 2 3 2 0 0 0 0 0 0 0 0 0 1 0 0 1 3 2 2 1 7 2 4 15 2 4 4 9 3 8 8 6 16 13 8 4 1 1 1 0 0 1 1 0 0 0 0 0 0 0 0 0 0 0 0 0 0 0 0 1 3 3 3 1 3 8 2 3 3 3 5 6 4 2 2 2 1 0 2 1 2 1 0 0 0
5 1 2 7 1 4 5 3 1 1 1 3 1 1 1 0 0 0 0 0 0 0 0 0 0 0 1 2 3 1 7 1 1 7 6 3 5 7 11 7 2 10 9 12 15 6 2 1 1 2 1 0 0 0 0 0 0 0 0 0 0 0 0 0 0 0 1 0 0 0 1 5 4 2 1 4 5 3 3 2 2 4 3 3 3 1 0 1 1 1 1 0 1 0 0 0
4 1 1 4 1 3 3 1 1 1 1 2 0 1 1 0 0 0 0 0 0 0 0 0 0 0 5 1 2 1 4 2 1 9 4 2 5 21 8 5 3 8 9 9 3 4 2 1 0 0 0 1 0 0 0 0 0 0 0 0 0 0 0 0 0 0 0 0 1 1 2 4 3 1 1 4 3 1 1 2 2 2 4 1 1 1 0 1 1 0 1 0 0 1 0 0
10 1 3 2 1 3 1 1 1 1 2 0 1 0 0 0 0 0 0 0 0 0 0 0 0 0 1 1 0 2 1 1 4 5 4 1 3 15 16 6 2 5 4 9 6 3 1 1 1 0 0 0 0 0 0 0 0 0 0 0 0 0 0 1 2 1 2 3 2 7 4 6 4 0 6 8 1 1 1 2 2 2 3 1 2 1 0 0 1 0 0 0 0 0 0 0
7 4 0 0 0 2 0 1 1 2 1 1 1 0 0 0 0 0 0 0 0 0 0 0 0 1 1 0 1 0 1 3 3 2 2 3 6 17 10 3 3 5 4 4 3 1 1 1 0 0 0 0 0 0 0 0 0 0 0 0 0 0 0 0 0 0 1 2 6 11 20 12 1 4 5 8 2 0 1 4 1 3 1 1 1 2 0 1 1 0 0 0 0 0 0 0
4 0 0 0 1 1 0 0 1 1 0 1 1 0 0 0 0 0 0 0 0 0 0 0 0 1 0 1 1 0 2 3 1 1 2 2 1 13 7 1 2 2 2 2 2 1 1 1 0 0 0 0 0 0 0 0 0 0 0 0 0 0 0 0 0 0 2 20 23 17 13 1 2 3 5 7 6 1 2 2 1 1 1 1 1 1 0 0 0 0 0 0 0 0 0 0
