sesion_6_simulaciones/modelos_agentes/ejemplos_netlogo/scenarios/cgcm2_a2/rob_2065.asc
NCOLS 322 
NROWS 307 
XLLCORNER 451900 
YLLCORNER 4086900 
CELLSIZE 100 
NODATA_value -9999 
[rows 148 to 221 of 307, columns 192 to 287 of 322]
4 11 10 22 36 44 51 58 70 41 63 35 9 4 2 0 0 0 0 0 0 0 0 0 0 0 0 0 0 0 0 0 0 0 0 0 0 0 0 0 0 0 1 1 1 2 2 6 3 9 6 5 4 5 5 3 2 3 10 13 53 52 36 64 61 66 70 46 43 81 54 69 52 24 28 78 41 54 59 46 27 21 7 2 2 0 0 0 0 0 0 0 0 0 0 0
0 3 8 26 20 31 37 58 56 60 37 14 9 4 1 0 0 0 0 0 0 0 0 0 0 0 0 0 0 0 0 0 0 0 0 0 0 0 0 0 0 0 0 1 1 2 1 3 5 5 4 2 2 3 1 0 1 4 7 22 17 29 67 69 41 61 79 77 57 69 80 77 74 36 37 70 41 55 37 20 24 11 6 2 1 1 0 0 0 0 0 0 0 0 0 0
1 0 3 8 12 16 32 37 39 56 21 12 7 2 1 0 0 0 0 0 0 0 0 0 0 0 0 0 0 0 0 0 0 0 0 0 0 0 0 0 0 1 4 2 4 3 0 0 2 2 2 1 1 1 0 0 2 4 7 12 10 19 54 47 41 58 41 46 75 84 80 69 61 46 39 63 53 21 11 9 3 3 2 1 1 1 0 0 0 0 0 0 0 0 0 0
1 0 0 1 1 8 9 9 24 41 17 14 12 2 0 0 0 0 0 0 0 0 0 0 0 0 0 0 0 0 0 0 0 0 0 0 0 0 0 0 0 2 1 1 1 1 0 0 0 1 1 1 0 0 0 1 3 4 7 6 11 29 25 38 52 43 26 47 49 37 56 72 60 48 76 55 43 20 18 12 2 1 1 1 1 1 0 0 0 0 0 0 0 0 0 0
3 0 0 0 1 1 1 5 26 26 44 18 13 4 0 0 0 0 0 0 0 0 0 0 0 0 0 0 0 0 0 0 0 0 0 0 0 0 0 1 1 1 1 1 0 0 0 0 0 0 0 0 0 0 0 1 1 2 4 7 15 14 11 10 31 17 28 36 29 35 34 59 60 61 57 58 38 35 27 9 8 6 9 3 1 1 1 0 0 0 0 0 0 0 0 0
2 0 0 0 0 0 0 3 10 6 30 28 12 3 0 0 0 0 0 0 0 0 0 0 0 0 0 0 0 0 0 0 0 0 0 0 0 0 0 1 1 0 0 1 1 0 0 0 0 0 0 0 0 0 0 0 1 2 2 5 17 10 9 6 8 19 20 16 37 40 46 39 45 56 41 34 39 48 47 40 32 11 6 7 3 1 1 0 0 0 0 0 0 0 0 0
1 0 0 0 0 0 0 2 1 2 13 11 4 1 0 0 0 0 0 0 0 0 0 0 0 0 0 0 0 0 0 0 0 0 0 0 1 1 1 0 0 0 0 0 0 0 0 0 0 0 0 0 0 0 0 0 1 1 2 2 2 3 4 5 4 12 23 15 10 18 30 29 39 55 46 43 18 15 21 19 24 9 6 3 2 1 1 1 0 0 0 0 0 0 0 0
1 0 0 0 0 0 0 1 1 2 4 5 1 0 0 0 0 0 0 0 0 0 0 0 0 0 0 0 0 0 0 0 0 0 0 0 1 1 0 0 0 0 0 0 0 0 0 0 0 0 0 0 0 0 0 1 1 1 3 1 1 1 2 3 4 4 6 7 19 26 29 43 45 60 30 34 41 16 10 4 3 2 1 1 1 1 1 1 0 0 0 0 0 0 0 0
0 0 0 0 0 0 0 0 0 1 1 1 0 0 0 0 0 0 0 0 0 0 0 0 0 0 0 0 0 0 0 0 0 0 0 0 0 0 0 0 0 0 0 0 0 0 0 0 0 0 0 0 0 0 0 0 1 1 1 0 0 1 5 16 14 9 17 37 48 44 56 41 69 66 59 70 52 28 20 15 16 4 2 1 0 1 1 0 0 0 0 0 0 0 0 0
0 0 0 0 0 0 0 0 0 0 0 0 0 0 0 0 0 0 0 0 0 0 0 0 0 0 0 0 0 0 0 0 0 0 0 0 0 0 0 0 0 0 0 0 0 0 0 0 0 0 0 0 0 0 0 0 0 0 0 0 0 2 6 17 15 23 14 35 46 57 35 26 35 37 71 42 22 22 40 41 18 8 5 2 2 2 1 0 0 0 0 0 0 0 0 0
0 0 0 0 0 0 0 0 0 0 0 0 0 0 0 0 0 0 0 0 0 0 0 0 0 0 0 0 0 0 0 0 0 0 0 0 0 0 0 0 0 0 0 0 0 0 0 0 0 0 0 0 0 0 0 0 0 0 0 1 1 5 6 7 12 23 27 32 30 37 73 46 42 47 61 44 66 54 39 39 24 13 6 2 1 1 1 1 1 0 0 0 0 0 0 0
0 0 0 0 0 0 0 0 0 0 0 0 0 0 0 0 0 0 0 0 0 0 0 0 0 0 0 0 0 0 0 0 0 0 0 0 0 0 0 0 0 0 0 0 0 0 0 0 0 0 0 0 0 0 0 0 0 0 1 2 3 6 5 11 20 30 18 42 39 50 43 27 57 61 76 70 42 20 12 9 4 4 1 0 1 0 0 1 0 0 0 0 0 0 0 0
0 0 0 0 0 0 0 0 0 0 0 0 0 0 0 0 0 0 0 0 0 0 0 0 0 0 0 0 0 0 0 0 0 0 0 0 0 0 0 0 0 0 0 0 0 0 0 0 0 0 0 0 0 1 0 0 0 0 1 5 10 7 10 23 23 18 22 19 17 31 41 30 29 30 62 58 56 50 14 8 7 2 0 1 1 1 1 0 1 1 0 0 0 0 0 0
0 0 0 0 0 0 0 0 0 0 0 0 0 0 0 0 0 0 0 0 0 0 0 0 0 0 0 0 0 0 0 0 0 0 0 0 0 0 0 0 0 0 0 0 0 0 0 0 0 1 1 1 1 1 0 1 1 1 2 5 12 13 13 11 23 21 28 65 61 36 58 54 38 45 66 71 43 37 26 14 11 3 3 1 2 2 1 0 1 1 2 0 0 0 0 0
0 0 0 0 0 0 0 0 0 0 0 0 0 0 0 0 0 0 0 0 0 0 0 0 0 0 0 0 0 0 0 0 0 0 0 0 0 0 0 0 0 0 0 0 0 0 0 0 0 0 0 1 1 1 1 1 1 1 3 7 8 12 18 15 11 19 26 38 43 43 55 62 36 52 75 73 44 35 27 15 7 4 3 2 2 3 1 1 2 2 1 0 0 0 0 0
0 0 0 0 0 0 0 0 0 0 0 0 0 0 0 0 0 0 0 0 0 0 0 0 0 0 0 0 0 0 0 0 0 0 0 0 0 0 0 1 0 0 0 0 0 1 1 1 0 0 0 0 2 2 2 1 3 2 2 7 13 17 24 31 26 8 7 16 20 46 42 40 34 35 61 72 46 58 40 15 6 4 5 5 6 4 3 4 3 3 1 0 0 0 0 0
0 0 0 0 0 0 0 0 0 0 0 0 0 0 0 0 0 0 0 0 0 0 0 0 0 0 0 0 0 0 0 0 0 0 0 0 0 0 0 1 1 0 0 0 0 2 1 1 1 1 0 0 1 1 2 4 6 6 5 9 10 13 14 22 30 40 26 19 18 27 34 36 28 33 47 71 45 44 31 10 11 5 13 7 12 11 10 10 4 1 0 0 0 0 0 0
0 0 0 0 0 0 0 0 0 0 0 0 0 0 0 0 0 0 0 0 0 0 0 0 0 0 0 0 0 0 0 0 0 0 0 0 0 0 1 1 1 1 0 0 1 1 1 1 1 1 0 0 0 0 1 1 8 30 10 10 15 13 16 20 26 43 46 34 25 42 36 31 48 64 62 69 59 48 38 17 14 15 21 11 20 8 2 1 1 0 0 0 0 0 0 0
0 0 0 0 0 0 0 0 0 0 0 0 0 0 0 0 0 0 0 0 0 0 0 0 0 0 0 0 0 0 0 0 0 0 0 0 0 0 0 1 0 0 1 0 0 2 2 2 1 2 1 1 1 1 2 3 6 7 11 24 38 26 18 21 26 49 62 46 36 40 37 37 56 50 66 66 45 44 40 33 20 23 21 35 24 10 3 1 1 1 1 0 0 0 0 0
0 0 0 0 0 0 0 0 0 0 0 0 0 0 0 0 0 0 0 0 0 0 0 0 0 0 0 0 0 0 0 0 0 0 0 0 0 0 0 0 0 1 1 2 1 1 1 3 2 4 4 3 1 1 2 4 6 10 6 10 13 15 24 56 32 30 32 44 32 47 29 23 19 33 55 73 54 52 40 36 40 60 28 35 42 18 3 2 2 1 0 0 0 0 0 0
0 0 0 0 0 0 0 0 0 0 0 0 0 0 0 0 0 0 0 0 0 0 0 0 0 0 0 0 0 0 0 0 0 0 0 0 0 0 0 0 0 1 2 1 0 1 2 0 2 8 14 8 4 3 2 7 3 3 3 9 19 12 26 15 48 34 16 15 22 15 51 64 52 54 43 64 30 32 37 54 72 44 57 30 12 8 3 0 1 1 0 0 0 0 0 0
0 0 0 0 0 0 0 0 0 0 0 0 0 0 0 0 0 0 0 0 0 0 0 0 0 0 0 0 0 0 0 0 0 0 0 0 0 0 0 0 0 0 0 1 1 1 3 3 1 2 5 10 11 5 5 3 4 7 6 10 10 22 31 43 43 69 36 24 33 30 43 53 47 66 43 75 26 59 72 71 69 71 53 36 24 8 5 1 1 1 0 0 0 0 0 0
0 0 0 0 0 0 0 0 0 0 0 0 0 0 0 0 0 0 0 0 0 0 0 0 0 0 0 0 0 0 0 0 0 0 0 0 0 0 0 0 1 1 1 1 3 3 1 4 12 3 6 7 19 11 10 4 4 7 20 10 11 15 26 24 33 42 62 47 25 32 45 70 41 44 70 67 72 68 63 77 77 68 36 10 7 5 3 1 0 0 0 0 0 0 0 0
0 0 0 0 0 0 0 0 0 0 0 0 0 0 0 0 0 0 0 0 0 0 0 0 0 0 0 0 0 0 0 1 0 0 0 0 0 0 0 0 1 2 2 3 1 7 7 3 8 10 9 13 19 14 12 7 9 13 13 14 16 16 15 16 21 28 39 63 41 31 34 62 31 32 43 60 66 80 78 78 46 33 23 13 8 2 1 0 0 0 0 0 0 0 0 0
0 0 0 0 0 0 0 0 0 0 0 0 0 0 0 0 0 0 0 0 0 0 0 0 0 0 0 0 0 0 0 1 1 0 0 0 0 1 1 0 1 3 2 3 8 9 6 11 8 32 33 15 10 56 21 18 18 16 15 23 18 20 18 21 20 42 52 49 59 69 46 21 49 34 62 66 48 70 75 78 53 30 24 10 7 5 6 3 1 1 0 0 0 0 0 0
0 0 0 0 0 0 0 0 0 0 0 0 0 0 0 0 0 0 0 0 0 0 0 0 0 0 0 0 0 0 0 0 1 0 0 0 0 1 1 1 1 2 3 3 11 9 28 15 26 32 38 33 27 47 28 21 21 21 20 30 20 14 19 28 30 39 39 55 46 21 58 48 44 51 47 42 37 44 38 63 74 46 36 31 25 14 6 4 2 1 0 0 0 0 0 0
0 0 0 0 0 0 0 0 0 0 0 0 0 0 0 0 0 0 0 0 0 0 0 0 0 0 0 0 0 0 0 0 0 0 1 0 0 0 1 1 1 3 3 3 13 17 30 30 36 28 55 56 59 61 52 46 45 31 19 46 35 23 13 23 34 52 49 59 66 72 50 54 44 65 44 55 42 45 42 23 19 46 36 30 16 9 4 4 3 0 0 0 0 0 1 0
0 0 0 0 0 0 0 0 0 0 0 0 0 0 0 0 0 0 0 0 0 0 0 0 0 0 0 0 0 0 0 0 0 1 1 0 0 0 0 2 3 3 3 9 20 17 21 14 31 52 57 63 69 64 69 57 55 55 40 54 31 27 17 18 31 20 42 48 56 61 54 41 28 49 53 48 42 44 45 48 39 30 34 21 15 12 17 3 1 1 0 0 0 0 1 1
0 0 0 0 0 0 0 0 0 0 0 0 0 0 0 0 0 0 0 0 0 0 0 0 0 0 0 0 0 0 0 1 1 1 1 0 1 0 0 0 1 4 9 5 27 46 24 31 40 45 61 67 73 66 57 73 60 59 63 62 41 48 21 33 38 55 34 44 41 47 38 48 65 39 62 39 50 56 61 61 45 40 29 13 12 10 7 3 1 1 0 0 0 1 2 2
0 0 0 0 0 0 0 0 0 0 0 0 0 0 0 0 0 0 0 0 0 0 0 0 0 0 0 0 0 0 0 1 1 2 2 2 1 1 1 1 2 1 2 7 20 24 42 49 42 47 62 68 73 69 78 81 64 62 65 65 63 52 29 47 46 44 28 28 30 33 35 44 60 54 39 45 64 70 56 58 61 42 28 15 6 7 5 3 1 1 0 0 0 1 1 5
0 1 1 0 0 0 0 0 0 0 0 0 0 0 0 0 0 0 0 0 0 0 0 0 0 0 0 0 0 0 0 1 1 1 1 1 2 3 2 6 18 2 2 3 6 9 15 68 68 68 41 67 69 77 82 52 55 73 68 66 70 65 50 50 67 57 36 25 31 26 30 30 31 65 68 52 55 72 66 53 50 48 40 18 6 5 2 1 1 0 0 0 0 1 2 6
0 1 1 0 0 0 0 0 0 0 0 0 0 0 0 0 0 0 0 0 0 0 0 0 0 0 0 0 0 0 0 0 1 2 2 1 1 1 1 2 7 18 10 5 9 26 23 51 51 69 73 59 69 72 67 70 63 38 75 76 68 64 47 44 60 52 38 25 30 36 31 38 41 60 69 49 62 66 61 51 52 58 36 21 12 4 2 1 0 0 0 0 0 1 2 5
1 2 1 1 0 0 0 0 0 0 0 0 0 0 0 0 0 0 0 0 0 0 0 0 0 0 0 0 0 0 0 0 0 3 2 0 0 0 0 1 2 5 17 34 43 29 35 19 22 25 29 44 69 66 56 69 52 59 52 74 66 60 47 45 69 34 25 22 22 34 38 49 64 69 49 46 47 58 46 38 41 37 29 20 7 4 2 2 1 0 0 0 0 1 2 3
1 3 2 0 0 0 0 0 0 0 0 0 0 0 0 0 0 0 0 0 0 0 0 0 0 0 0 0 0 0 0 0 0 0 0 0 0 0 0 1 2 4 4 23 26 22 11 8 27 23 30 41 67 55 57 72 76 74 77 66 62 66 61 58 39 20 36 35 16 26 28 37 57 33 29 28 32 38 26 31 39 33 16 12 6 4 3 3 2 1 0 0 0 1 2 2
2 2 1 0 0 0 0 0 0 0 0 0 0 0 0 0 0 0 0 0 0 0 0 0 0 0 0 0 0 0 0 0 0 0 0 0 0 1 1 1 1 3 4 3 8 11 8 25 38 27 25 59 31 56 75 46 77 61 48 43 81 73 66 42 14 21 34 42 28 41 37 25 54 23 36 31 35 36 48 42 36 28 25 22 14 6 5 4 2 1 0 0 0 1 1 1
7 1 0 1 0 0 0 0 0 0 0 0 0 0 0 0 0 0 0 0 0 0 0 0 0 0 0 0 0 0 0 0 0 0 0 0 0 0 1 1 2 2 2 4 5 4 17 27 33 28 35 36 44 54 41 49 50 44 34 33 21 48 59 39 46 20 58 59 52 39 46 52 61 61 55 56 56 55 60 50 45 49 37 35 20 5 4 3 2 1 0 0 0 0 1 1
5 2 1 1 0 0 0 0 0 0 0 0 0 0 0 0 0 0 0 0 0 0 0 0 0 0 0 0 0 0 0 0 0 0 0 0 0 1 1 1 1 1 3 3 4 3 9 17 20 36 32 29 45 40 39 51 49 62 62 44 33 42 57 44 62 32 49 63 53 24 36 72 37 63 69 65 66 58 62 65 62 51 25 20 14 6 4 3 1 1 0 0 0 0 1 2
5 4 5 1 1 1 0 0 0 0 0 0 0 0 0 0 0 0 0 0 0 0 0 0 0 0 0 0 0 0 0 0 0 0 0 1 0 0 1 0 0 1 2 2 2 3 8 20 44 49 45 51 45 63 39 60 56 32 43 50 44 40 65 90 91 69 55 49 43 23 24 16 14 31 26 30 31 40 56 56 42 34 26 24 21 10 4 2 1 1 0 0 0 0 0 1
15 12 5 2 1 0 0 0 0 0 0 0 0 0 0 0 0 0 0 0 0 0 0 0 0 0 0 0 0 0 0 0 0 0 0 0 0 0 0 0 0 0 1 1 2 7 7 5 29 25 32 32 25 37 58 59 27 28 38 53 55 48 43 53 33 71 45 58 16 11 34 46 45 41 42 45 42 27 17 29 41 23 25 41 18 9 4 2 1 1 0 0 0 0 0 1
13 10 4 2 1 1 0 0 0 0 0 0 0 0 0 0 0 0 0 0 0 0 0 0 0 0 0 0 0 0 0 0 0 0 0 0 0 0 1 0 1 0 1 1 5 7 5 4 13 12 16 6 7 7 9 9 20 43 37 38 54 57 39 38 25 35 31 11 30 24 14 31 63 61 30 32 54 59 69 64 53 36 12 19 24 10 6 4 2 1 0 0 0 0 1 1
16 11 3 1 1 1 1 1 0 0 0 0 0 0 0 0 0 0 0 0 0 0 0 0 0 0 0 0 0 0 0 0 0 0 0 0 0 0 0 0 1 1 2 3 4 8 5 3 3 5 3 5 8 10 10 14 22 20 42 30 37 27 30 18 14 11 28 18 21 26 25 18 19 41 22 25 54 72 64 62 45 26 21 26 18 5 3 3 3 2 0 0 0 0 1 2
15 6 4 3 2 2 2 1 0 0 0 0 0 0 0 0 0 0 0 0 0 0 0 0 0 0 0 0 0 0 0 0 0 0 0 0 0 0 1 0 0 1 2 2 4 3 3 2 4 4 8 16 20 24 29 38 26 37 18 17 25 47 42 30 41 38 33 17 28 20 39 45 19 34 35 47 61 57 47 36 27 24 15 11 8 3 1 2 2 2 1 0 0 1 2 5
13 7 7 4 6 4 1 0 0 0 0 0 0 0 0 0 0 0 0 0 0 0 0 0 0 0 0 0 0 0 0 0 0 0 0 0 0 0 0 0 0 0 1 2 1 3 5 6 7 6 5 23 41 40 42 51 51 39 50 24 35 43 64 54 38 47 37 30 20 29 56 62 26 36 31 42 73 65 57 54 37 31 15 8 15 4 4 6 3 1 0 0 0 1 2 5
9 7 10 12 6 3 2 0 0 0 1 0 0 0 0 0 0 0 0 0 0 0 0 0 0 0 0 0 0 0 0 0 0 0 0 0 0 0 0 0 1 1 1 1 2 4 9 15 21 13 23 36 32 42 46 50 52 53 56 56 44 50 43 52 52 48 36 28 15 12 21 24 18 23 42 57 49 45 41 26 35 30 16 5 1 2 5 3 2 0 0 0 1 1 2 4
6 13 19 19 8 3 2 2 2 2 1 1 0 0 0 0 0 0 0 0 0 0 0 0 0 0 0 0 0 0 0 0 0 0 0 0 0 0 1 1 1 1 1 1 1 4 5 11 27 39 59 50 33 37 56 69 48 56 68 65 52 36 40 49 33 20 22 15 9 26 36 24 17 26 36 33 39 28 30 29 29 9 4 6 9 6 4 2 2 0 0 0 1 1 2 2
10 19 17 22 14 5 5 7 5 3 2 1 0 0 0 0 0 0 0 0 0 0 0 0 0 0 0 0 0 0 0 0 0 1 0 0 0 1 1 2 2 3 3 2 1 4 2 4 11 11 36 56 68 58 48 66 49 60 73 67 65 28 25 21 16 16 18 22 7 30 31 37 28 25 15 16 19 10 15 20 17 16 22 12 23 7 3 3 1 0 0 1 1 3 2 3
22 24 24 27 18 12 13 10 8 4 2 1 0 0 0 0 0 0 0 0 0 0 0 0 0 0 0 0 1 1 0 0 0 1 0 0 0 0 1 4 6 10 7 5 6 4 6 10 12 13 19 31 42 70 67 58 74 67 48 57 65 63 44 23 12 6 10 19 10 30 41 38 30 18 22 35 32 47 52 44 43 50 39 19 10 6 4 2 0 0 0 1 3 3 5 7
47 31 22 13 26 20 14 9 5 3 1 1 1 1 0 0 0 0 0 0 0 0 0 0 0 0 0 1 1 1 0 0 1 1 1 1 1 1 1 5 12 11 22 13 8 10 13 18 27 26 35 46 52 46 51 54 64 67 65 62 38 46 34 55 40 13 8 11 26 45 46 52 54 48 22 37 55 74 68 64 61 36 12 4 9 4 1 0 0 0 0 0 2 5 8 9
56 41 21 9 15 15 7 5 1 1 1 1 1 1 0 0 0 0 0 0 0 0 0 0 0 0 0 1 0 0 1 1 1 1 1 1 2 3 1 4 7 13 19 25 17 14 24 24 29 42 33 52 56 49 48 53 37 39 59 52 52 48 21 31 21 14 5 31 36 33 39 34 34 43 41 67 51 47 68 62 51 22 25 15 7 4 2 0 0 0 0 1 1 4 9 23
44 36 15 5 8 6 3 3 2 1 1 2 1 0 0 0 0 0 0 0 0 0 0 0 0 0 0 0 1 0 0 1 2 1 2 2 2 7 10 6 9 18 23 30 32 15 30 42 49 47 39 69 62 54 51 49 50 15 18 22 11 18 29 26 7 17 28 50 17 14 19 20 29 48 67 70 65 38 56 38 35 29 20 12 7 3 1 0 0 1 1 1 1 3 5 14
36 20 8 6 4 3 4 5 3 2 4 1 0 0 0 0 0 0 0 0 0 0 0 0 0 0 0 0 1 1 1 1 0 3 6 5 6 8 5 13 24 21 34 38 40 18 26 42 44 55 58 63 56 57 54 34 29 32 38 36 30 33 25 19 13 2 15 7 8 10 31 57 60 61 52 61 66 64 57 43 43 27 23 14 6 3 1 0 0 1 3 2 2 3 5 9
46 30 26 19 17 10 12 10 11 7 3 2 1 0 0 0 0 0 0 0 0 0 0 0 0 0 1 1 1 2 2 1 1 3 8 8 12 12 8 10 11 11 8 8 19 31 48 46 48 44 50 57 54 56 49 59 43 16 59 57 34 29 22 15 14 5 12 17 30 29 46 51 58 71 61 47 64 53 58 39 39 43 26 11 5 1 0 0 1 2 4 3 4 6 9 13
54 43 54 45 21 3 1 6 8 6 3 3 2 1 1 0 0 0 0 0 0 0 0 0 0 0 1 1 2 2 2 3 1 3 9 13 17 13 17 8 11 14 15 10 11 12 38 56 58 57 37 38 51 52 52 48 45 61 43 32 36 45 46 39 10 4 16 23 29 37 47 29 43 46 45 50 57 67 65 63 58 38 25 8 4 1 1 0 2 2 4 3 5 13 17 28
65 61 34 13 5 3 15 14 7 2 3 5 4 2 1 0 0 0 0 0 0 0 0 0 0 1 1 1 2 4 5 7 3 5 5 16 21 26 27 12 31 17 27 21 13 16 17 26 63 73 50 33 50 61 48 50 47 39 56 50 34 34 46 34 7 10 8 7 36 61 65 60 57 58 44 60 63 62 46 52 39 27 33 15 3 1 0 0 2 3 3 5 4 9 16 29
57 33 26 10 9 15 20 11 5 3 4 4 3 1 0 1 1 0 0 0 0 0 0 0 0 1 1 1 4 7 7 10 5 2 3 9 10 18 23 28 44 46 30 38 37 15 17 55 60 64 50 34 40 38 60 42 33 41 25 27 27 45 38 25 13 11 16 24 26 21 49 66 62 75 66 52 76 61 46 41 48 29 8 22 4 1 0 1 2 3 6 6 9 8 12 14
25 35 42 16 15 29 17 14 16 10 4 2 1 1 1 1 1 0 0 0 0 0 0 0 0 0 1 3 6 5 14 14 7 5 6 6 8 13 9 34 44 52 48 31 53 27 28 59 56 31 66 33 43 35 37 68 51 40 66 50 23 23 26 22 11 13 14 17 30 56 58 66 72 54 77 60 48 44 62 34 38 26 8 3 4 1 0 1 2 3 7 6 16 29 27 16
33 37 42 45 42 37 30 22 8 5 2 1 1 1 2 1 1 0 0 0 0 0 0 0 0 0 1 1 3 4 7 6 13 19 15 9 10 14 14 22 25 46 48 62 49 44 38 60 46 36 61 58 20 34 37 18 16 16 39 35 40 12 13 12 9 22 23 41 35 61 68 61 50 63 49 68 54 59 53 45 39 8 2 1 1 0 0 2 3 3 5 4 19 32 28 29
62 59 61 45 42 29 13 14 6 4 2 2 5 2 1 0 0 1 0 0 0 0 0 0 0 1 2 1 3 5 15 14 21 28 26 23 12 14 27 18 31 25 32 71 68 59 48 60 28 28 43 31 24 25 29 41 19 17 17 17 14 31 27 18 16 9 27 41 26 20 13 23 35 29 49 46 59 60 46 41 25 10 2 1 0 0 1 2 2 4 4 5 12 18 24 32
64 55 46 49 38 11 6 8 7 6 5 7 6 2 1 1 1 0 0 0 0 0 0 0 1 2 2 3 5 4 14 26 31 32 32 44 15 9 20 33 31 34 43 54 70 56 43 56 61 57 34 50 75 29 35 38 26 17 16 23 7 7 13 12 31 7 13 23 50 49 34 32 31 10 9 19 31 34 43 28 12 8 4 1 0 0 2 2 2 3 4 8 14 8 15 16
58 41 34 34 23 19 14 6 9 11 8 3 1 1 1 1 1 0 0 0 0 0 0 0 1 2 5 6 9 14 14 27 50 41 29 51 29 21 24 25 40 37 51 55 65 50 34 48 65 71 46 45 65 52 27 35 34 33 18 21 24 17 9 9 23 5 20 50 46 52 55 57 41 38 32 24 11 20 23 29 16 3 1 0 0 0 1 2 3 4 6 7 9 11 25 33
34 34 45 28 26 21 17 26 6 2 1 1 3 4 2 1 1 0 0 0 0 0 0 0 1 2 4 10 20 20 39 46 53 56 54 32 48 36 26 35 54 50 55 59 36 58 71 49 36 18 42 36 20 55 44 28 37 29 15 8 11 22 9 7 9 20 26 31 46 52 59 54 36 56 58 56 45 31 16 12 9 3 1 0 0 1 1 1 2 4 6 6 10 11 15 20
55 37 52 37 31 56 36 11 7 4 5 6 6 2 1 0 0 0 0 0 0 0 1 0 1 2 7 11 16 26 39 59 74 69 63 65 52 68 53 39 58 69 53 32 43 63 68 62 37 37 35 46 44 29 32 29 28 21 20 13 6 14 13 3 3 7 13 28 38 50 73 80 67 59 70 70 75 50 24 8 3 1 0 0 0 0 1 1 2 4 6 7 13 16 19 26
51 49 32 27 28 14 20 21 19 19 13 4 2 1 0 0 0 0 0 0 0 0 0 1 2 4 5 9 14 18 21 50 62 82 76 53 58 73 68 41 46 72 52 47 33 54 65 61 74 51 36 33 48 63 40 14 30 35 28 11 7 5 4 2 9 9 50 62 79 48 41 71 79 54 27 37 50 49 21 6 2 1 0 0 0 1 1 1 3 5 7 10 11 17 19 22
32 44 38 25 14 6 3 16 10 6 7 3 1 1 0 0 0 0 0 0 0 0 1 3 5 7 13 10 10 8 17 31 43 66 83 43 37 76 72 41 38 62 66 43 41 49 48 60 64 57 15 14 37 40 21 18 28 22 20 28 7 5 5 6 8 22 11 11 30 82 53 38 53 63 28 16 21 44 20 5 2 0 0 0 0 1 1 1 2 3 7 8 13 15 26 33
38 37 27 23 27 25 11 14 9 6 3 2 2 1 0 0 0 0 0 0 0 0 0 2 6 10 10 14 20 23 19 23 29 38 54 73 45 43 76 68 39 39 61 45 37 42 44 57 67 61 38 14 52 36 27 19 13 4 5 8 5 2 1 9 12 12 16 40 43 58 67 45 38 20 13 6 2 14 15 3 1 0 0 0 0 1 1 2 2 4 5 5 11 15 12 19
21 19 14 21 16 16 8 16 7 5 3 2 1 1 1 0 0 0 0 0 0 0 0 1 3 6 7 8 12 10 38 24 30 24 41 55 79 41 25 64 56 39 66 46 27 37 39 52 40 47 52 20 19 22 16 30 8 8 5 4 2 5 5 14 8 18 30 32 32 67 66 44 34 42 28 15 3 2 7 3 1 0 0 0 1 1 1 2 2 5 5 14 20 23 24 23
28 27 36 50 22 19 8 12 7 4 2 1 1 0 0 0 0 0 0 0 0 0 0 1 2 4 4 17 18 13 42 63 76 68 67 76 66 57 44 31 31 54 52 38 24 25 42 49 48 28 52 19 20 19 17 24 15 5 6 13 5 4 6 14 58 35 50 50 44 48 27 43 50 53 38 16 8 1 1 1 1 0 0 1 1 2 1 1 3 3 7 7 15 20 32 39
40 41 34 29 24 23 13 9 5 3 1 1 1 1 0 0 0 0 0 0 0 0 0 1 2 3 3 3 10 32 36 49 59 63 32 28 43 65 63 62 24 19 59 42 23 32 27 17 49 24 15 27 7 15 9 7 15 4 6 6 4 3 12 19 47 39 28 31 29 29 53 57 67 52 42 21 3 2 1 0 0 0 0 1 1 0 1 1 2 3 5 4 8 9 17 25
11 16 20 20 16 17 17 12 10 4 2 2 2 1 0 0 0 0 0 0 0 0 0 1 1 1 2 7 12 14 30 18 16 22 39 55 60 36 50 71 69 48 44 32 40 20 21 16 9 10 14 6 14 8 15 4 4 5 3 3 1 3 4 11 10 10 21 40 42 58 66 62 41 35 12 23 10 4 1 0 0 0 0 1 0 1 1 2 3 7 4 12 13 7 20 33
8 5 10 11 8 8 14 12 7 8 6 4 2 1 0 0 0 0 0 1 0 0 1 1 0 1 2 3 5 7 15 22 19 42 50 53 42 42 36 64 40 30 22 26 33 31 35 12 10 27 10 12 5 9 17 5 2 2 4 2 3 5 22 17 25 26 40 50 56 59 66 49 48 35 11 5 6 2 1 0 0 0 0 0 1 1 3 2 5 2 3 7 8 9 12 14
16 15 14 12 5 2 3 12 10 7 3 2 2 1 0 0 0 0 0 1 1 1 1 2 1 1 1 1 1 4 9 23 25 55 60 55 51 37 36 25 32 21 20 13 16 21 36 12 10 11 4 5 9 14 11 7 6 5 2 3 17 9 25 48 32 35 46 48 54 72 69 71 56 34 18 9 2 1 0 0 0 0 0 1 1 1 2 4 3 5 9 9 12 18 20 23
31 32 17 13 12 11 11 12 5 4 3 2 1 0 0 0 0 0 1 3 2 2 4 4 3 1 2 3 5 6 7 11 29 42 68 62 39 50 39 24 33 31 28 26 16 10 5 20 13 7 8 7 6 7 1 11 6 2 2 6 14 27 28 64 62 69 73 40 23 22 63 76 89 66 18 9 4 2 1 0 0 0 1 1 1 1 3 2 5 6 9 17 13 20 32 25
42 24 24 43 34 20 15 12 8 3 2 2 1 0 0 0 0 1 2 4 9 3 4 7 8 5 3 9 9 11 15 8 29 40 56 37 55 38 35 26 35 35 20 31 15 7 6 4 5 3 9 5 3 3 5 2 1 2 2 13 32 41 41 78 84 75 78 90 76 53 50 62 75 59 49 19 10 1 0 0 0 0 1 1 2 2 2 5 6 6 9 13 24 19 22 42
16 8 4 28 17 12 12 4 2 1 2 1 1 0 0 0 0 1 3 3 10 16 13 13 11 8 10 11 12 13 14 17 17 35 36 30 24 32 33 26 44 32 34 42 18 14 11 6 7 3 12 3 2 1 4 6 0 1 6 8 17 17 12 54 82 70 74 86 92 79 39 24 18 27 30 3 1 0 0 0 1 0 1 1 1 2 1 2 4 7 15 10 14 15 27 33
