sesion_6_simulaciones/modelos_agentes/ejemplos_netlogo/scenarios/cgcm2_a2/rob_2052.asc
NCOLS 322 
NROWS 307 
XLLCORNER 451900 
YLLCORNER 4086900 
CELLSIZE 100 
NODATA_value -9999 
[rows 0 to 73 of 307, columns 96 to 191 of 322]
2 0 0 0 2 0 0 0 0 0 1 1 1 4 5 1 3 2 2 1 2 2 1 4 1 0 1 1 2 1 1 0 1 2 1 1 1 1 2 1 1 7 28 38 48 41 45 45 61 39 31 34 16 6 9 13 10 2 5 3 5 2 1 1 5 10 14 2 2 10 19 9 9 12 12 9 11 15 9 51 40 24 38 42 51 36 39 42 49 62 39 26 20 7 14 29
0 0 0 0 0 0 0 0 0 0 0 1 3 6 2 2 1 1 0 1 2 0 0 0 1 1 1 0 1 4 2 1 1 1 0 1 1 1 2 3 5 9 11 9 69 77 69 58 83 55 60 37 9 9 32 4 1 3 1 2 1 2 2 1 2 1 2 11 9 9 5 17 29 14 27 35 43 18 19 26 26 23 39 45 52 37 37 47 50 40 48 35 43 20 27 30
0 0 0 0 0 0 0 0 0 0 0 0 1 2 1 0 1 2 2 3 4 0 1 1 1 1 1 0 1 1 3 3 0 1 3 3 3 4 6 9 13 25 17 22 7 2 7 26 82 63 60 60 14 38 25 19 11 6 3 4 2 15 31 20 38 11 9 16 5 8 7 10 16 18 25 43 60 60 35 22 25 24 38 39 51 39 44 57 35 35 44 32 41 39 26 28
0 0 0 0 0 0 0 0 0 0 0 0 0 1 1 2 2 3 4 3 1 0 1 1 0 0 1 1 1 0 1 2 2 3 4 2 9 9 23 40 51 56 35 9 4 7 2 4 17 6 14 11 5 12 27 4 25 1 2 4 6 18 47 43 54 52 46 9 19 14 13 18 13 14 28 29 39 16 14 22 34 33 47 48 51 37 36 43 30 29 44 43 29 38 20 43
0 0 0 0 0 0 0 0 1 0 0 0 0 0 2 1 1 7 2 1 2 1 1 2 2 1 1 1 0 2 4 4 1 4 8 8 15 28 53 67 72 62 43 18 9 3 6 13 7 5 11 9 2 28 4 9 14 7 1 2 22 40 31 54 31 13 48 20 29 36 19 15 11 11 27 20 26 21 25 31 32 30 70 48 33 38 37 49 34 38 41 54 22 39 48 49
0 0 0 0 0 0 0 0 0 1 0 0 0 1 1 0 2 1 3 2 1 1 2 2 2 1 1 1 0 0 1 3 4 2 11 24 31 55 70 55 68 68 60 29 9 15 7 11 13 9 13 26 3 8 6 16 6 5 4 6 29 32 7 4 6 17 24 5 8 11 3 13 53 35 23 12 17 18 17 32 23 33 38 37 45 35 32 52 46 33 43 33 39 46 61 25
0 0 0 0 0 0 0 0 0 1 1 0 0 0 0 1 0 1 3 2 4 2 1 1 2 1 2 1 0 0 1 4 6 5 13 52 64 65 65 67 68 65 32 15 19 38 19 28 22 20 15 27 16 13 18 10 4 8 13 4 3 4 4 7 3 4 22 40 22 21 5 21 8 3 35 23 21 29 13 27 23 17 21 18 36 38 30 46 43 22 44 36 37 34 21 19
0 0 0 0 0 0 0 0 0 1 4 4 5 1 1 0 0 1 1 1 3 13 2 5 5 1 1 0 1 1 1 2 7 24 17 50 49 64 67 60 55 18 24 21 47 34 26 52 31 26 14 18 31 32 17 14 12 39 46 48 21 7 1 1 8 4 16 9 26 13 14 8 4 9 5 22 35 61 47 15 27 33 19 28 56 35 35 42 52 55 27 23 8 15 17 14
0 0 0 0 0 0 0 0 0 0 1 4 6 16 3 5 0 0 0 2 2 1 2 2 2 1 1 1 1 1 4 4 13 41 57 23 16 24 19 19 33 18 15 28 59 44 22 30 37 23 18 14 67 28 20 31 21 32 7 17 48 28 10 1 9 7 4 5 2 5 21 17 5 6 23 7 13 17 22 48 50 71 36 42 18 13 24 65 28 46 27 65 44 26 17 24
0 0 0 0 0 0 0 0 0 0 0 0 0 0 0 0 1 0 0 1 1 1 1 1 2 1 1 1 2 2 4 21 23 21 41 32 32 32 17 18 10 9 16 32 63 37 14 14 24 30 25 14 22 79 61 54 7 16 6 34 20 27 5 7 2 4 3 2 7 12 10 15 16 13 22 34 11 17 53 60 26 56 40 29 13 19 12 28 29 43 20 41 74 61 21 15
0 0 0 0 0 0 0 0 0 0 0 0 0 0 0 0 1 0 1 0 1 0 1 1 2 1 1 1 3 7 18 25 63 45 25 26 31 48 46 29 19 8 7 11 39 13 15 21 28 20 31 14 27 31 77 57 19 11 15 29 12 13 7 2 5 6 7 3 12 26 23 26 17 11 29 43 25 10 13 48 29 28 41 53 21 24 16 20 58 44 41 37 68 78 51 24
0 0 0 0 0 0 0 0 0 1 0 0 0 1 1 0 0 2 2 1 4 1 0 1 1 1 1 1 2 30 38 33 38 36 27 21 26 51 42 32 19 9 12 20 24 11 13 36 18 22 45 17 29 47 23 41 21 18 26 21 8 8 18 13 6 4 14 14 27 57 61 65 12 25 40 43 28 17 14 53 27 5 31 60 21 30 26 24 48 30 25 30 54 61 61 50
0 0 0 0 0 0 0 0 0 0 1 0 0 0 0 1 2 1 3 2 8 8 1 0 0 1 1 2 6 19 47 27 30 27 30 47 48 18 25 44 19 8 9 32 25 12 21 23 26 36 52 40 38 60 38 32 33 26 38 11 9 11 18 14 7 5 5 15 33 20 45 37 28 18 19 48 17 16 6 14 32 4 40 69 24 28 41 25 18 50 33 15 23 37 60 71
0 0 0 0 0 0 0 0 0 0 0 0 0 0 0 0 3 1 6 2 1 1 4 2 1 1 1 11 16 16 23 27 20 11 12 13 13 9 9 15 19 4 3 3 11 9 17 19 50 63 69 66 47 52 32 46 45 34 27 29 9 6 21 21 16 14 7 9 10 6 3 3 19 25 20 25 16 27 15 10 4 7 21 56 59 27 36 38 24 23 44 22 36 55 79 61
0 0 0 0 0 0 0 0 0 0 0 0 0 0 0 0 0 1 6 2 2 4 5 1 2 1 3 4 17 21 12 7 7 10 17 14 13 12 6 2 15 3 10 6 2 3 18 34 40 71 70 66 53 62 41 63 58 44 40 46 7 24 33 29 16 11 5 7 4 3 3 18 44 33 34 42 34 26 13 14 24 8 24 54 66 28 14 18 23 19 14 14 31 46 53 49
0 0 0 0 0 0 0 0 0 0 0 0 0 0 0 0 1 1 1 0 1 1 1 8 3 3 2 4 5 4 5 15 18 22 15 22 39 41 21 5 5 5 2 7 3 4 3 24 38 43 54 43 44 42 54 36 46 37 50 42 7 21 6 28 45 24 8 8 12 2 8 35 41 43 16 10 18 28 35 31 24 21 23 49 72 85 55 39 21 17 17 10 33 68 57 39
0 0 0 0 0 0 0 0 0 0 0 0 0 0 0 0 1 1 1 1 1 0 1 2 8 3 5 9 27 23 12 7 10 17 18 33 48 52 40 4 10 9 4 6 16 18 19 4 20 33 23 22 16 18 31 49 49 50 54 49 13 27 18 21 32 9 6 8 6 6 7 35 26 36 10 9 15 15 43 28 28 28 33 40 72 86 84 32 23 21 20 15 36 61 66 62
0 0 0 0 0 0 0 0 0 0 0 0 0 0 0 0 0 0 1 1 0 1 1 1 3 4 1 4 5 4 11 12 17 11 34 61 40 48 39 20 29 32 23 23 37 36 42 25 8 3 4 6 4 2 10 57 81 89 62 25 48 26 23 15 27 16 8 17 5 5 38 38 38 32 10 25 43 23 33 34 22 20 15 10 61 67 65 62 42 26 26 19 24 45 49 25
0 0 0 0 0 0 0 0 0 0 0 0 0 0 0 0 0 0 0 0 0 1 1 1 6 9 4 4 3 8 13 19 12 26 34 40 15 20 23 48 38 46 52 61 57 37 47 42 23 17 12 13 16 2 4 15 81 86 59 34 31 37 17 13 20 6 7 9 2 28 54 53 43 53 17 19 40 41 41 71 42 29 17 11 23 49 56 54 56 35 29 30 16 32 71 22
0 0 0 0 0 0 0 0 0 0 0 0 0 0 0 0 0 0 0 0 1 1 1 1 4 3 2 5 6 7 9 30 22 20 23 13 27 29 25 35 62 64 56 33 39 22 37 46 28 23 21 6 11 6 12 9 31 42 53 53 36 19 15 30 26 4 8 30 55 42 62 78 33 74 31 11 36 66 43 68 58 49 38 18 20 55 74 60 66 46 39 27 12 22 61 49
0 0 0 0 0 0 0 0 0 0 0 0 0 0 0 0 0 0 0 0 0 0 0 0 1 3 3 1 2 5 4 4 11 17 29 15 16 30 17 55 32 34 55 44 28 25 30 41 39 20 30 25 9 15 23 18 24 48 62 53 17 16 54 45 22 5 25 29 41 51 40 45 24 31 56 40 26 23 29 68 30 28 50 37 31 15 61 42 67 36 45 26 18 17 25 49
0 0 0 0 0 0 0 0 0 0 1 0 0 0 0 0 0 0 0 1 0 1 1 1 3 2 6 5 3 5 5 9 13 41 37 24 58 22 39 16 35 24 20 21 39 42 69 56 54 23 25 21 21 22 34 27 27 42 63 62 59 17 24 25 14 16 44 9 32 49 59 35 44 20 53 63 36 22 30 79 85 48 23 63 50 18 14 25 65 52 43 44 20 19 18 48
0 0 0 0 0 0 0 0 0 0 0 0 0 0 0 0 0 0 0 1 2 1 2 1 4 1 3 9 4 3 14 37 41 9 5 62 46 18 19 20 32 48 31 21 19 47 40 17 22 18 36 23 24 26 26 27 17 28 47 33 28 24 13 12 14 35 47 5 26 19 44 58 50 18 18 46 45 58 30 59 86 64 56 28 48 25 9 22 62 70 22 55 34 19 22 39
0 0 0 0 0 0 0 0 1 0 1 0 0 2 1 0 0 0 0 3 2 4 3 2 6 5 3 12 14 8 6 7 3 3 3 10 24 28 11 25 27 43 41 44 37 14 10 7 5 4 16 13 8 11 21 10 12 15 15 27 36 25 15 20 46 36 24 11 22 24 23 47 39 37 30 65 66 47 43 24 66 67 49 68 32 21 15 16 16 49 19 34 29 14 11 17
0 0 0 0 0 0 0 0 1 0 0 1 1 1 2 2 6 1 2 1 4 6 15 8 5 7 17 12 30 15 7 4 10 10 6 1 4 30 25 9 19 39 53 61 45 38 29 24 18 17 7 6 4 2 3 3 3 4 22 33 46 25 32 34 19 42 21 26 35 29 21 35 53 59 18 59 65 46 49 35 52 66 38 21 51 33 17 17 12 22 22 22 33 16 8 9
1 1 0 0 1 0 1 0 0 1 1 1 2 3 4 2 6 8 2 3 15 41 48 63 49 42 43 24 41 27 56 59 56 28 10 9 11 8 7 16 35 26 35 44 55 56 54 41 35 33 19 17 17 17 15 15 15 13 36 46 39 32 24 23 19 40 36 48 18 45 21 17 50 38 21 46 46 25 32 29 30 40 65 20 20 14 17 7 7 13 11 19 9 8 5 6
2 1 1 1 1 0 0 0 1 2 2 1 1 8 12 8 9 40 20 42 55 58 64 71 59 68 62 59 64 70 46 16 31 42 30 12 17 13 6 6 23 29 36 55 48 50 56 45 45 42 33 32 34 32 18 30 20 21 34 28 34 22 13 14 12 45 29 46 40 45 13 20 30 36 26 45 40 54 19 28 29 13 36 24 12 27 10 9 2 6 12 8 10 6 6 6
1 2 1 1 1 2 2 1 2 5 5 10 8 12 23 57 50 38 51 17 25 30 48 64 66 59 82 74 74 74 16 11 10 11 23 22 29 16 22 15 18 40 47 42 49 48 40 65 56 43 37 37 36 35 32 33 33 10 20 20 22 14 14 23 40 61 56 31 38 19 26 14 28 31 31 20 18 30 36 20 29 17 28 23 7 22 11 7 2 4 10 10 7 9 5 2
2 4 2 1 2 2 3 3 5 13 23 41 60 63 76 76 59 63 67 46 21 10 34 54 39 35 26 53 57 52 30 5 5 4 5 9 17 15 19 23 10 22 31 34 19 20 12 31 42 39 51 50 38 36 34 48 36 13 14 13 9 19 34 43 51 42 24 26 18 35 30 40 22 21 22 19 19 19 31 22 17 15 15 10 12 11 10 8 6 2 6 3 4 5 2 2
2 6 2 2 8 7 6 13 26 45 69 66 76 80 73 88 64 65 84 31 63 23 13 31 21 13 19 21 20 21 45 23 14 3 5 3 9 8 9 22 19 20 40 17 22 21 13 28 25 15 14 14 12 23 23 12 38 23 16 11 15 21 38 42 46 36 18 37 49 29 35 24 21 17 15 9 11 10 16 14 15 13 5 10 6 3 3 2 3 2 1 0 1 1 1 1
1 8 7 6 10 18 34 48 48 75 68 85 70 83 76 77 47 58 80 65 26 30 15 8 8 7 3 3 11 11 15 59 21 6 7 5 21 49 49 34 31 20 18 10 12 17 17 6 5 9 9 21 32 32 19 19 36 22 34 11 19 25 39 28 42 21 14 27 45 42 28 21 11 18 13 7 4 2 4 6 7 5 3 2 2 2 2 2 1 1 1 1 7 3 4 6
8 15 27 25 45 69 60 69 73 74 69 88 69 74 53 70 48 70 67 70 17 36 36 14 10 2 3 1 4 6 6 11 15 6 7 11 6 13 14 17 13 13 14 24 25 16 19 10 15 18 42 57 49 32 54 12 41 37 10 4 5 17 14 32 25 27 16 10 13 20 16 17 8 3 3 4 6 4 10 13 8 11 7 11 12 12 10 8 8 12 4 4 17 11 6 13
30 43 50 67 65 63 71 75 78 68 88 63 35 53 47 50 56 58 59 66 28 16 24 13 11 7 3 4 9 11 11 19 12 4 15 11 15 16 26 17 31 20 32 34 40 38 30 28 22 27 37 63 64 64 63 32 45 37 19 26 15 3 5 6 7 6 12 7 6 6 7 6 6 12 20 18 29 18 28 15 17 24 14 23 15 36 23 11 18 16 8 8 18 13 10 21
57 75 75 62 74 73 82 66 68 50 73 15 26 20 31 45 48 35 32 54 31 12 5 4 7 10 10 8 12 5 35 32 28 19 25 27 25 21 23 25 26 31 32 32 49 36 46 32 18 53 46 46 56 43 35 30 62 36 31 49 38 26 26 27 26 26 40 29 21 20 21 22 33 34 33 20 33 32 32 31 31 31 29 29 41 33 25 21 20 11 19 12 22 14 30 29
9 15 46 46 64 59 73 66 30 6 3 4 11 9 8 11 12 24 39 54 28 7 10 16 8 8 27 19 28 21 32 28 27 23 22 44 34 15 34 30 30 41 39 40 32 32 42 32 27 39 49 42 54 61 43 48 36 29 38 42 37 41 41 44 45 40 53 44 39 22 36 36 35 35 49 36 36 50 35 46 47 35 39 37 60 33 30 26 27 25 23 19 34 34 35 47
12 8 6 6 4 5 17 19 19 7 4 9 14 15 7 4 3 6 27 27 15 8 31 8 22 30 36 26 37 24 21 18 33 32 14 26 27 17 25 32 26 44 28 25 26 33 50 35 24 28 47 41 25 68 42 60 30 34 44 35 51 38 35 36 39 28 56 40 27 38 37 36 49 36 48 37 37 52 51 51 39 37 49 43 49 38 33 33 29 29 29 27 58 45 35 35
21 38 30 11 11 10 3 7 9 4 9 12 11 6 3 4 1 12 9 15 23 37 41 16 32 26 31 28 20 8 3 11 21 20 13 23 12 17 24 32 38 21 25 23 22 44 35 23 35 37 45 56 29 69 61 26 55 48 45 28 40 35 51 49 38 45 39 40 38 27 37 52 50 37 51 49 39 56 39 50 40 51 54 66 51 35 20 43 35 36 44 48 54 26 54 36
28 19 19 14 8 6 7 7 14 18 20 22 17 5 6 14 16 20 23 32 59 50 52 32 25 17 18 23 23 20 10 8 18 13 25 11 10 16 15 28 10 9 26 31 25 57 28 34 45 30 53 25 50 50 25 38 62 46 26 42 29 44 47 36 25 42 42 39 24 39 60 62 56 38 50 55 53 58 40 39 45 55 56 51 41 27 25 48 40 27 56 57 54 27 18 59
11 20 28 20 22 11 25 17 22 27 28 42 32 23 19 29 17 29 37 43 52 36 16 24 35 19 9 14 23 20 14 7 12 14 6 20 10 27 19 13 15 10 28 18 19 65 40 36 29 24 30 50 42 29 25 25 41 57 27 42 41 56 44 25 49 47 52 40 23 40 54 73 60 43 50 57 59 46 39 31 47 73 66 59 55 27 49 71 52 26 47 69 68 36 20 57
23 39 17 18 11 20 28 18 16 31 31 35 29 28 33 31 32 37 42 37 44 29 22 27 18 11 12 23 13 19 9 14 7 5 14 15 21 12 16 10 12 7 27 7 6 31 30 36 17 25 27 14 43 7 6 5 16 40 19 45 55 42 38 60 48 48 32 15 26 55 61 77 65 47 50 69 76 50 50 31 53 78 52 42 41 34 55 71 53 35 28 77 82 57 34 49
9 18 12 28 18 27 23 21 19 20 32 36 25 26 50 22 29 35 29 28 36 27 12 25 14 15 19 15 15 18 7 12 7 6 5 14 4 9 6 15 11 10 17 9 24 18 40 25 8 18 22 16 17 9 9 6 8 14 12 44 55 48 51 65 23 45 17 18 25 59 71 73 68 51 56 70 81 40 53 26 62 85 58 31 29 38 58 73 54 38 32 66 76 66 25 49
5 12 32 19 10 14 17 11 10 13 31 22 18 30 19 19 12 25 31 16 14 19 20 17 10 10 8 7 7 34 6 12 5 6 5 10 9 7 4 8 5 12 10 8 17 8 15 7 8 5 7 21 15 11 7 8 25 9 11 30 29 38 72 32 45 40 26 31 39 47 66 65 69 36 44 69 52 33 57 28 47 72 60 50 30 36 60 72 53 44 34 47 69 44 34 49
2 2 10 3 3 2 7 5 4 7 7 9 9 16 15 13 15 14 19 14 12 5 10 12 11 8 12 6 4 5 7 14 4 3 5 10 4 2 3 6 4 9 6 6 8 7 12 3 3 3 3 9 2 3 6 6 13 5 12 18 16 39 17 31 62 28 27 37 48 44 50 71 48 26 45 63 50 36 56 36 43 66 40 34 37 27 32 72 69 41 26 46 66 42 26 49
0 1 1 1 1 1 3 5 2 5 5 8 10 7 6 12 9 9 10 13 5 4 4 9 8 5 8 3 4 6 4 6 2 2 3 2 2 4 3 7 9 2 3 8 5 2 1 8 2 1 1 3 1 2 2 8 8 14 12 7 7 6 18 50 17 25 45 23 30 30 28 52 19 17 29 50 28 33 45 18 48 52 28 32 36 43 17 30 70 34 26 37 62 46 36 30
0 0 0 0 1 0 1 1 1 3 3 6 5 4 6 7 5 5 5 7 6 3 8 4 6 4 3 3 1 2 4 6 0 1 1 5 1 1 1 2 8 2 2 1 1 2 2 0 1 2 2 5 2 1 3 3 15 8 7 19 12 6 23 10 24 39 13 16 16 24 8 39 7 9 15 34 14 41 40 16 28 27 19 38 42 45 24 26 60 37 22 36 40 22 29 22
0 0 0 0 1 0 1 1 1 2 2 5 3 2 2 4 4 8 4 2 2 1 9 1 2 3 2 2 1 1 1 1 0 0 2 0 0 0 2 0 5 1 2 1 2 2 1 6 12 16 13 5 10 6 3 6 8 5 6 8 4 6 12 4 23 7 10 9 11 18 5 15 7 16 5 12 8 25 15 11 31 12 12 18 36 15 23 13 34 22 24 18 45 47 48 37
0 0 0 0 0 1 0 0 1 1 2 2 1 3 1 4 1 3 3 1 1 2 3 3 2 2 2 2 0 0 0 1 1 2 0 0 1 1 2 1 1 2 3 6 2 18 4 30 9 11 6 6 16 18 33 12 11 2 3 7 5 7 2 2 7 4 5 6 10 10 13 9 11 7 5 21 5 18 5 6 29 6 24 24 42 15 21 17 23 37 26 44 49 54 66 82
0 0 0 0 0 0 1 0 0 0 0 1 0 1 1 2 1 2 2 3 2 2 1 2 0 1 1 1 1 1 0 0 0 0 5 5 3 3 11 17 7 8 8 20 8 5 18 24 5 19 9 7 11 24 20 13 18 17 11 24 13 28 23 4 8 12 12 12 9 15 24 17 17 40 45 40 48 69 50 25 34 45 49 42 12 70 69 53 40 15 30 21 31 68 42 59
0 0 0 0 0 2 0 0 0 0 0 0 0 1 1 1 1 2 1 1 1 1 1 2 1 1 0 0 0 0 0 0 1 0 0 4 7 1 2 12 12 15 5 28 41 6 7 13 28 17 26 4 6 30 36 9 43 28 44 37 8 26 13 12 9 17 12 35 37 3 6 29 35 7 22 52 19 47 26 60 19 46 68 48 25 69 56 49 74 69 52 22 42 56 37 25
0 0 0 0 0 0 0 0 0 0 0 0 1 1 0 1 0 1 0 1 1 1 1 1 1 0 0 0 1 1 0 0 0 0 0 1 1 1 1 5 9 3 23 39 19 4 11 7 18 16 28 7 10 27 23 41 25 14 32 45 15 3 8 28 22 33 30 22 33 27 5 36 55 13 29 63 10 7 19 71 62 33 27 48 52 70 57 72 81 73 36 62 25 21 55 68
0 0 0 0 0 0 0 0 0 0 0 0 0 0 0 1 0 1 0 0 0 1 1 0 0 1 0 0 0 0 0 0 0 0 0 0 1 6 2 8 4 14 8 9 43 20 9 5 17 22 21 28 11 42 41 72 21 42 70 66 44 4 19 21 24 65 54 59 30 54 17 12 50 18 40 65 25 23 13 52 37 49 9 11 20 65 70 67 79 61 24 66 41 32 50 57
0 0 0 0 0 0 0 0 0 0 0 0 0 0 0 1 0 0 0 0 0 0 0 0 0 0 0 0 0 0 0 0 0 0 0 1 1 2 9 28 9 27 10 28 23 37 15 18 32 38 67 73 29 53 78 85 44 70 80 62 47 18 44 52 28 25 22 17 42 72 22 16 40 15 44 55 80 26 41 80 55 68 59 20 19 40 62 61 52 40 61 86 43 29 17 18
0 0 0 0 0 0 0 0 0 0 0 0 0 0 0 0 1 0 0 0 0 0 0 0 0 0 0 0 1 1 1 1 1 1 2 3 2 4 29 13 21 11 7 49 44 19 12 11 23 42 65 56 56 33 64 88 51 53 70 64 72 61 62 74 21 30 36 23 47 66 56 33 7 23 64 75 74 66 28 85 30 63 75 42 25 24 53 39 44 21 76 86 65 42 46 19
0 0 0 0 0 0 0 0 0 0 0 0 0 0 0 0 0 0 0 0 0 0 0 0 0 0 0 1 4 0 0 0 3 2 3 4 2 8 17 15 35 16 38 16 71 18 23 20 12 26 64 50 31 14 15 47 63 72 78 75 87 68 72 71 63 37 48 34 51 52 78 51 25 24 52 73 79 77 52 68 65 60 67 79 44 27 17 18 17 32 74 55 78 48 46 28
0 0 0 0 0 0 0 0 0 0 0 0 0 0 0 0 0 0 0 0 0 0 0 0 0 0 0 0 1 0 0 2 1 2 8 5 3 2 1 7 7 5 2 2 13 17 56 40 15 8 28 11 18 8 7 12 15 49 57 50 61 69 64 60 83 41 40 33 11 68 89 40 25 21 63 55 56 60 32 46 47 22 69 81 67 42 11 13 15 23 16 39 80 47 31 39
0 0 0 0 0 0 0 0 0 0 0 0 0 0 0 0 0 0 0 0 0 0 0 0 1 2 0 0 0 0 1 1 4 7 6 5 5 9 4 2 4 11 5 3 5 9 18 29 32 9 13 10 21 10 12 24 19 10 18 38 37 15 29 64 87 66 33 39 49 75 88 51 19 11 21 34 58 45 55 62 50 14 52 71 82 32 21 12 36 41 23 41 89 63 56 60
0 0 0 0 0 0 0 0 0 0 0 0 0 0 0 0 0 0 0 0 0 1 0 0 2 3 1 0 0 1 2 1 3 6 3 2 8 13 4 4 5 18 10 6 11 10 13 11 12 6 13 33 38 36 29 27 18 14 12 9 3 1 9 76 76 73 48 24 29 68 80 76 62 23 13 36 50 38 41 30 53 40 24 76 77 63 28 19 42 31 55 83 84 83 68 64
0 0 0 0 0 0 1 0 0 0 0 1 0 0 0 0 0 0 0 0 0 0 0 0 1 2 1 2 2 4 1 1 8 3 6 10 8 16 9 13 9 18 19 11 5 22 13 19 14 5 13 50 60 63 61 50 34 31 28 26 27 23 25 45 48 61 53 22 9 46 42 78 79 34 17 45 54 42 26 46 69 36 24 25 77 80 32 18 52 60 55 76 52 78 49 32
0 0 0 0 0 0 0 0 0 0 0 1 1 0 0 0 0 0 0 0 0 0 0 0 0 0 1 2 4 2 1 2 2 1 12 15 5 8 15 30 18 22 18 14 4 8 36 27 18 13 11 33 75 78 71 72 60 58 48 48 77 79 82 72 58 55 45 28 12 8 35 51 82 64 58 20 42 49 28 6 21 35 37 53 71 76 52 31 18 40 41 34 79 78 87 60
0 0 0 0 1 1 4 0 0 0 0 0 1 1 0 0 0 0 0 0 0 0 0 0 0 0 1 1 1 1 1 3 9 6 15 11 11 21 42 19 35 31 15 21 26 26 36 39 27 22 12 20 50 73 70 79 80 77 55 44 35 49 59 67 77 74 75 63 38 3 11 52 60 66 57 52 35 17 24 23 55 48 25 33 32 71 71 30 15 25 32 37 30 72 59 75
1 0 0 0 0 1 0 0 0 1 0 0 0 0 0 0 0 0 0 0 0 0 0 1 1 0 1 2 2 3 4 14 9 6 9 17 11 14 10 5 10 51 55 31 54 37 30 31 32 34 32 17 14 18 60 60 57 76 77 68 62 56 41 47 55 73 77 76 72 63 43 66 55 76 46 45 34 25 35 27 24 28 19 50 37 74 78 27 13 38 45 31 33 32 60 76
1 1 1 0 0 1 2 1 0 0 0 0 0 0 0 0 0 0 0 0 0 0 0 1 1 1 0 0 1 1 0 2 2 7 7 8 11 14 19 19 12 4 17 62 63 76 64 46 39 21 31 34 28 17 27 43 38 32 50 56 59 70 71 60 36 40 70 77 77 63 65 81 62 83 71 52 47 49 30 17 20 38 19 30 43 30 66 40 12 24 43 42 19 13 52 78
0 0 6 1 0 1 0 4 2 1 1 0 0 0 0 0 0 0 0 0 0 0 0 0 0 0 1 3 2 1 2 4 3 4 7 17 19 25 23 28 34 28 14 10 9 61 69 63 41 29 22 35 29 17 7 7 7 9 9 10 20 42 37 50 52 30 31 47 45 40 67 67 66 63 61 63 68 62 39 44 41 36 19 21 57 62 46 52 19 7 32 40 22 41 79 39
0 0 1 1 0 0 0 0 5 8 7 5 0 1 0 0 0 1 0 0 0 0 0 0 1 0 1 1 1 1 3 5 2 3 6 10 11 19 19 24 27 27 43 39 40 28 13 9 37 38 46 17 17 11 17 26 25 25 25 22 24 10 7 10 13 10 9 7 9 28 40 56 51 46 38 32 32 58 51 43 33 20 46 39 41 54 44 62 42 13 9 31 48 79 49 71
1 0 1 8 2 0 0 0 0 12 1 1 1 0 0 1 0 0 0 0 0 0 0 0 0 0 0 0 0 0 0 1 2 3 3 5 13 20 15 24 30 40 39 41 46 35 32 31 22 13 13 9 13 29 32 42 43 44 43 55 25 8 8 24 26 39 20 23 7 6 14 33 28 20 20 20 25 33 41 56 52 21 18 22 23 26 41 52 58 20 10 25 85 60 50 61
1 1 2 4 2 2 3 0 0 0 0 0 0 0 0 4 0 0 0 0 0 0 0 0 0 0 0 0 1 1 1 1 1 2 4 6 8 10 10 26 30 24 22 25 32 25 24 35 29 26 32 36 38 49 44 41 57 60 61 57 31 26 28 43 40 29 37 21 8 9 10 3 3 3 5 4 11 11 5 10 19 12 13 8 10 10 29 42 38 22 10 58 66 41 67 63
3 2 1 0 4 3 15 4 2 2 1 0 0 0 2 1 5 2 1 0 2 1 1 0 0 0 0 0 0 0 0 1 2 1 0 2 8 11 6 7 15 26 19 15 25 19 29 31 39 32 42 26 29 42 53 56 57 60 70 61 40 38 47 45 55 57 59 47 25 22 8 4 2 5 6 14 33 22 14 13 9 7 4 5 4 7 10 20 42 42 17 72 28 18 56 70
3 4 4 8 3 5 2 2 1 11 2 4 0 1 2 4 11 4 1 1 2 0 0 0 0 0 0 0 0 0 1 0 0 0 1 2 5 14 14 26 22 19 30 23 32 26 30 33 38 21 51 39 36 32 49 52 73 72 72 56 30 49 45 60 60 75 68 62 51 30 21 22 23 28 31 45 53 40 25 26 38 42 22 11 13 8 3 6 15 45 28 61 18 19 60 84
5 5 2 1 8 4 16 9 4 3 7 13 4 1 3 13 16 4 1 4 0 4 0 0 0 0 0 1 0 0 0 0 0 1 1 1 2 5 10 13 20 13 17 20 23 27 31 46 38 30 38 48 32 35 52 61 72 63 50 42 41 48 59 60 61 79 73 62 54 31 44 45 45 50 49 49 63 47 45 46 46 44 28 40 39 20 17 4 7 22 20 24 21 13 34 58
5 8 6 2 21 15 19 13 32 14 8 2 1 13 12 8 7 3 2 11 1 4 0 0 0 0 0 1 1 0 0 0 0 1 1 2 3 9 5 13 20 16 7 22 20 22 28 46 34 17 20 41 38 30 43 65 65 50 36 25 30 58 56 57 77 74 65 59 35 31 45 45 47 60 52 65 64 67 49 52 63 53 53 64 52 44 24 6 4 15 13 25 16 6 18 35
6 2 7 3 1 31 10 5 11 25 16 10 1 8 30 7 1 2 6 12 1 7 0 0 2 1 0 1 2 4 1 0 0 0 1 1 1 1 2 3 10 8 14 13 16 8 29 16 27 10 37 25 27 19 40 66 43 39 26 34 35 47 45 64 75 68 62 61 34 51 61 62 43 58 67 65 67 58 50 59 67 63 58 66 38 27 12 9 5 3 5 14 14 4 13 9
5 6 4 9 2 5 27 40 41 18 6 8 2 4 16 21 4 6 26 11 2 10 1 1 0 1 0 2 1 0 2 4 0 0 1 1 0 1 1 3 5 4 4 10 8 5 6 11 5 7 44 8 17 12 43 23 22 34 18 25 24 37 50 67 51 65 55 40 35 50 61 61 38 62 59 66 72 58 51 59 74 62 66 44 26 31 26 30 22 7 1 1 6 5 4 6
10 6 9 6 9 9 15 24 18 34 32 11 33 3 2 1 13 54 38 8 8 3 2 2 3 1 0 1 3 2 1 0 1 0 0 0 0 0 1 3 1 3 3 5 3 2 3 4 6 10 4 3 12 20 8 19 17 12 13 15 14 25 62 48 54 43 31 35 50 60 56 59 51 61 39 50 57 37 48 56 76 46 31 34 44 51 64 41 29 12 7 2 1 3 3 2
13 12 11 9 35 17 49 71 33 20 18 34 34 36 2 1 3 4 3 1 4 7 4 1 1 1 1 1 1 1 0 0 0 1 0 0 0 0 1 1 1 1 3 1 1 1 1 4 1 1 2 2 5 10 7 9 4 7 15 18 14 39 36 44 39 49 31 29 38 56 50 39 41 58 36 22 62 39 47 72 44 46 42 47 76 80 61 39 34 24 11 8 5 1 2 2
