sesion_6_simulaciones/modelos_agentes/ejemplos_netlogo/scenarios/cgcm2_a2/rob_2039.asc
NCOLS 322 
NROWS 307 
XLLCORNER 451900 
YLLCORNER 4086900 
CELLSIZE 100 
NODATA_value -9999 
[rows 148 to 221 of 307, columns 0 to 95 of 322]
0 19 15 13 22 35 31 20 7 4 6 59 55 57 51 58 73 56 41 59 27 39 13 5 0 1 0 2 1 0 3 1 1 4 1 5 2 5 3 4 21 20 18 14 24 11 27 25 15 28 15 17 28 11 20 35 31 16 10 29 42 44 36 25 38 54 57 37 44 73 67 63 37 46 67 76 22 18 17 33 29 23 9 14 42 29 8 5 23 17 12 16 29 27 13 29
8 20 22 29 38 46 35 48 46 11 15 35 48 70 69 70 81 49 60 56 58 45 13 21 5 1 1 1 1 2 10 7 1 3 1 2 2 5 3 6 11 8 4 11 22 64 33 25 11 13 9 25 27 24 7 7 8 5 31 26 24 60 39 28 40 63 60 60 60 68 42 21 16 49 36 28 56 12 12 36 32 18 22 14 6 31 12 7 5 9 4 18 11 28 16 5
4 2 9 36 28 54 49 14 28 39 19 24 78 79 77 50 82 68 69 74 57 24 16 10 14 7 1 4 2 3 1 11 3 8 12 9 3 8 10 9 6 5 11 39 54 34 21 16 13 12 12 16 16 16 28 21 28 29 31 33 47 60 35 31 62 62 71 73 53 15 57 35 32 41 61 23 26 8 2 8 19 19 12 21 9 9 26 15 6 8 4 3 6 7 11 4
1 3 7 5 7 6 7 9 13 11 28 11 32 66 64 55 78 74 70 23 10 11 24 25 36 21 8 2 3 1 2 4 35 24 28 38 52 8 4 10 23 27 52 45 15 16 8 16 10 8 19 17 18 16 19 16 36 39 42 44 64 58 54 39 60 75 65 50 76 41 21 56 58 27 28 10 21 37 16 7 9 14 16 8 11 6 8 26 15 7 6 3 2 6 9 7
20 5 4 4 7 6 10 14 18 21 12 34 17 9 7 8 11 10 17 23 18 49 49 41 59 22 45 12 13 13 8 9 26 2 1 1 7 48 6 4 22 13 24 29 25 38 37 46 21 11 19 19 25 21 7 21 27 60 37 60 60 65 74 88 86 73 69 42 42 84 42 35 31 36 19 5 9 10 29 19 9 9 17 13 7 10 6 7 18 6 4 3 1 1 3 3
23 19 15 9 11 7 8 19 3 9 31 22 18 27 17 17 11 28 40 54 80 60 79 49 46 25 20 20 13 38 22 2 1 3 4 1 3 5 22 5 2 55 12 15 21 14 6 13 30 18 29 36 34 24 9 15 24 47 71 60 80 69 80 79 79 77 69 25 35 70 73 53 33 20 27 15 11 8 14 10 15 9 8 12 8 6 4 5 26 12 3 2 2 1 3 4
53 29 51 33 27 25 37 8 12 8 12 18 20 47 44 16 7 22 55 60 73 85 68 82 59 50 57 49 26 29 59 43 15 2 6 6 14 12 10 23 4 36 17 14 30 4 9 14 9 30 38 49 59 44 44 22 30 48 66 68 52 41 76 78 75 67 64 50 32 47 79 26 29 17 11 8 14 4 15 26 10 14 11 5 4 4 4 3 5 4 8 2 1 1 1 1
63 51 63 39 49 36 29 37 9 7 16 11 49 34 14 35 25 18 16 57 70 62 58 67 47 47 57 51 26 9 27 67 68 45 31 13 15 18 18 25 11 33 63 26 29 17 8 8 9 16 15 18 34 11 16 44 33 59 45 27 25 27 32 54 54 23 32 19 47 58 52 48 23 17 19 6 7 10 9 18 14 7 10 6 3 3 3 3 3 2 3 5 2 1 1 1
35 56 52 71 75 49 25 69 18 8 15 17 17 18 39 42 27 42 29 17 20 53 62 22 37 62 38 67 38 9 9 10 43 68 54 31 21 18 15 22 20 35 69 20 28 28 21 28 32 35 33 38 26 25 32 27 43 72 57 54 55 50 25 15 8 24 20 25 18 32 32 48 52 23 10 5 7 9 10 14 14 21 4 5 3 2 2 1 2 3 2 1 4 1 0 0
63 78 63 83 67 27 59 78 29 28 34 14 42 65 50 30 50 37 31 21 24 24 17 51 39 16 27 58 68 29 22 15 11 60 54 51 56 48 45 53 47 27 65 68 33 26 33 39 38 39 49 62 32 48 54 29 23 46 57 44 39 26 14 23 23 7 3 14 32 34 37 44 20 21 9 7 10 9 13 9 10 7 8 3 2 2 1 1 1 1 2 1 1 2 1 0
44 80 38 79 41 67 70 71 19 42 47 26 19 14 32 35 40 67 59 70 27 19 25 22 26 25 39 78 37 77 31 43 35 56 24 48 49 78 52 41 50 26 49 68 74 34 29 25 51 37 37 30 24 47 54 28 43 74 74 75 38 48 53 41 35 15 12 18 22 22 21 26 20 10 15 4 7 12 9 10 5 4 5 4 1 1 0 0 0 1 1 1 1 1 1 1
15 71 53 68 64 72 69 26 36 60 55 40 34 22 20 13 17 29 29 66 41 14 22 24 64 66 61 67 31 72 74 26 27 34 60 68 57 80 87 53 47 18 27 63 71 61 54 36 53 18 14 21 55 52 43 37 42 33 27 29 24 39 57 49 45 30 28 25 16 17 18 17 10 14 4 6 6 7 4 3 3 2 2 2 3 2 1 2 1 0 0 0 1 1 1 0
16 15 11 53 67 67 26 30 70 43 60 72 56 42 25 31 36 34 42 22 32 51 44 17 53 55 64 72 71 39 83 79 36 17 33 76 74 61 57 64 68 21 29 66 81 83 49 40 44 43 31 24 74 40 82 85 84 72 82 72 51 29 36 32 31 25 26 26 20 10 11 15 11 12 5 8 3 3 3 4 2 2 1 3 1 1 1 1 1 1 1 0 0 0 0 0
16 59 36 27 18 43 35 75 77 51 49 65 34 51 18 36 30 30 41 28 33 36 36 17 62 71 63 85 77 59 73 85 77 45 38 12 30 59 43 23 33 23 16 81 82 79 64 66 57 66 87 92 79 52 44 78 73 40 42 62 59 37 47 35 29 20 16 27 18 7 8 7 8 8 5 5 4 4 2 2 1 1 0 1 1 0 1 1 0 0 0 0 0 0 0 0
45 50 36 55 44 20 51 81 72 77 14 49 66 63 74 39 57 28 24 22 24 12 40 61 83 60 84 89 74 74 51 66 80 53 51 28 58 75 83 82 63 50 33 46 82 69 59 87 59 63 82 82 88 60 40 82 87 61 45 32 70 68 26 52 31 27 15 15 12 8 9 7 6 4 4 4 3 2 2 1 1 1 1 1 1 0 1 0 0 0 0 0 0 0 0 0
36 34 62 37 31 12 45 65 49 80 32 42 72 58 72 54 30 47 37 52 55 57 18 52 66 73 82 83 61 82 66 81 69 71 70 75 68 77 82 74 18 59 66 35 16 48 59 80 64 55 75 71 74 79 43 54 74 90 65 46 54 34 33 29 33 38 33 22 13 6 11 5 3 2 2 1 2 1 0 0 0 1 0 0 0 0 0 0 0 0 0 0 0 0 0 0
27 21 12 29 42 40 16 78 31 30 31 48 56 15 43 58 35 42 35 65 64 39 37 18 50 83 75 83 65 85 70 70 61 51 65 69 81 74 74 81 75 56 25 22 10 14 56 73 54 25 39 69 76 81 77 82 84 79 86 46 31 36 31 35 30 25 31 11 8 11 4 3 2 2 1 0 0 0 1 1 1 0 0 0 0 1 1 1 2 0 1 2 1 2 2 1
15 30 47 37 22 17 17 36 43 41 63 55 64 64 31 50 41 57 23 19 36 69 46 27 13 29 32 68 65 39 17 18 15 32 30 25 67 44 50 64 67 58 49 21 8 14 58 61 50 40 30 25 51 79 77 70 58 57 77 74 31 19 26 26 27 22 11 13 7 3 3 3 2 1 1 1 0 0 0 0 1 1 1 2 3 4 5 4 2 2 2 5 4 7 6 2
30 20 18 16 29 23 26 19 21 20 39 68 65 71 22 20 29 61 63 43 33 28 47 15 30 40 32 31 21 29 44 33 44 41 60 32 27 25 22 24 19 37 28 15 15 21 47 52 60 39 37 33 8 43 40 49 49 61 38 54 44 21 40 36 27 15 11 6 5 4 3 2 1 0 1 1 0 0 0 1 5 6 4 7 9 11 10 15 9 10 25 24 10 16 7 4
19 20 26 51 42 44 37 31 36 36 47 12 17 23 34 45 32 18 63 65 55 30 28 10 30 60 59 48 34 38 57 63 34 63 32 27 28 35 37 34 23 14 22 22 36 37 57 55 61 49 33 17 19 17 23 48 21 14 12 35 18 22 19 12 16 8 4 6 5 2 1 1 1 1 1 1 2 0 4 6 14 14 14 20 21 35 33 20 18 22 6 2 4 3 4 10
25 31 47 30 27 35 37 25 42 62 19 27 48 46 28 47 11 17 21 26 36 23 20 18 35 32 51 45 65 28 57 47 40 45 31 28 38 61 31 59 38 20 14 14 16 25 36 48 41 43 27 42 37 24 30 29 27 19 23 26 41 31 17 4 6 6 5 2 2 1 1 7 6 3 3 5 2 3 9 26 42 32 34 56 44 36 33 21 28 23 8 2 1 1 2 6
45 64 61 65 32 27 32 29 45 53 31 33 48 46 43 25 30 26 41 40 27 32 36 21 35 32 30 53 28 36 49 47 50 39 29 31 27 52 27 60 43 34 28 10 6 5 22 22 64 64 38 30 61 32 16 35 40 47 40 27 29 13 6 4 4 3 1 1 3 3 8 14 18 6 10 10 5 11 31 41 60 76 34 61 37 30 22 23 19 14 8 5 1 1 1 1
16 14 9 12 18 19 46 45 59 36 41 20 37 53 23 11 19 21 27 23 13 11 10 21 30 27 24 31 40 45 41 40 25 33 23 10 35 28 46 60 38 40 54 28 31 14 9 23 23 52 34 44 33 15 16 27 26 21 14 7 6 4 2 1 1 0 4 9 18 11 22 33 31 17 28 17 8 21 49 53 80 55 36 27 14 2 3 10 4 4 3 1 1 0 0 2
22 34 23 42 36 43 30 45 40 35 15 19 30 40 47 42 45 21 18 16 21 7 10 29 59 48 31 27 43 25 20 37 68 38 23 12 34 21 59 23 54 34 44 40 24 14 19 21 12 28 37 29 13 19 15 13 31 11 6 4 3 7 8 11 4 8 13 27 30 30 30 44 28 28 31 25 21 38 57 68 65 44 20 12 8 4 3 3 5 1 1 1 1 0 0 0
17 17 17 38 56 19 23 30 28 35 30 22 46 31 60 44 33 52 41 30 57 27 32 25 50 61 35 57 21 28 39 26 56 54 30 21 26 35 39 19 26 27 39 44 18 30 20 12 14 18 19 24 19 19 16 13 6 3 2 12 12 21 22 23 15 17 33 38 55 59 40 55 54 50 35 45 52 60 62 60 48 56 25 13 5 6 3 1 8 3 1 0 0 0 0 1
22 13 25 41 24 25 23 39 45 36 46 54 48 35 28 27 63 62 38 41 42 32 50 28 34 54 66 44 23 24 17 20 20 19 33 42 12 16 47 42 40 46 36 25 35 25 25 23 14 18 21 22 33 21 11 8 9 12 18 35 30 30 43 30 24 38 44 48 65 50 54 65 76 44 48 56 64 70 76 51 19 14 12 13 8 4 2 1 1 1 1 0 0 0 0 0
17 25 34 27 15 54 40 32 58 66 74 68 61 67 39 20 24 43 39 47 14 35 61 32 40 32 53 67 43 59 40 33 26 28 47 58 24 37 47 56 49 13 14 26 20 24 13 11 19 25 24 39 26 16 20 11 19 21 42 41 37 36 48 37 32 46 55 40 69 64 53 78 64 50 58 77 65 67 26 76 46 40 13 7 7 4 2 3 1 0 0 0 0 0 0 0
16 20 28 21 15 15 22 32 29 38 53 70 51 52 63 23 35 32 24 22 25 58 62 42 24 32 18 41 28 34 27 28 40 39 56 48 27 44 56 54 43 22 10 10 18 18 22 36 21 21 37 25 19 35 20 18 29 45 48 56 51 48 49 40 41 69 71 57 74 72 71 71 84 83 55 61 66 65 25 18 34 44 22 13 4 2 2 2 1 1 0 0 0 0 0 0
16 18 43 17 30 12 19 16 31 39 17 21 18 20 28 41 40 35 63 31 45 61 40 54 17 53 27 54 24 21 32 37 38 34 43 36 36 33 48 51 41 20 7 16 19 20 27 27 27 27 28 40 28 23 21 36 48 47 46 52 49 39 59 53 57 74 72 70 67 84 76 70 65 74 29 27 16 42 49 25 12 24 10 6 4 2 3 1 0 1 1 0 0 0 0 0
20 41 36 64 10 59 48 7 33 25 40 26 53 31 42 36 41 31 31 33 22 47 25 40 30 25 30 31 17 38 40 32 35 38 38 27 33 25 35 52 37 30 30 37 46 21 32 23 41 50 47 58 43 27 42 44 47 58 42 48 66 52 66 69 61 73 56 75 39 57 82 80 77 61 74 56 38 14 9 18 11 7 14 10 7 5 3 5 1 0 0 0 0 0 0 0
60 37 16 28 50 27 14 33 34 40 25 44 25 24 54 31 33 7 29 38 35 13 27 35 25 18 26 9 18 11 15 29 28 58 20 22 22 34 34 14 23 36 16 22 19 30 15 31 46 59 53 51 44 43 41 60 51 60 58 51 58 67 60 65 66 74 54 52 76 40 74 76 56 70 76 81 62 56 49 29 20 11 4 2 4 6 3 3 1 1 0 0 0 0 0 0
40 74 35 42 12 22 17 32 25 29 51 19 26 49 54 60 62 22 25 50 30 21 9 16 34 12 17 14 13 8 11 31 36 33 15 20 21 20 50 32 22 34 17 56 30 28 33 25 52 59 45 42 43 43 41 46 67 60 56 73 72 81 67 57 66 31 46 41 44 51 36 64 43 53 69 73 75 83 64 46 44 45 40 17 3 3 3 2 1 0 0 0 0 0 0 0
17 25 17 17 36 42 24 22 30 35 40 24 41 23 15 17 13 20 25 35 51 17 28 17 21 13 12 6 10 16 18 28 19 18 19 14 21 37 46 33 20 18 34 59 17 46 33 37 46 68 37 41 42 40 41 47 63 70 58 69 80 54 43 72 72 64 49 28 20 7 15 16 26 28 52 63 56 62 65 40 59 41 28 8 5 4 4 2 2 1 0 0 0 0 0 0
15 18 33 25 24 36 33 20 8 31 5 9 22 24 57 27 45 19 21 22 35 21 16 21 16 17 23 11 8 10 19 14 16 27 6 6 13 45 26 22 14 26 29 45 39 32 37 43 54 47 31 49 38 40 52 39 65 77 79 61 68 73 32 16 14 22 29 47 38 27 13 9 4 13 22 44 33 56 72 27 41 58 25 13 7 3 3 2 2 1 0 0 0 0 0 0
11 44 27 14 15 22 18 15 7 8 11 15 13 33 33 23 31 33 31 29 19 42 13 31 16 17 29 7 7 14 7 11 25 14 18 28 29 49 9 8 18 36 33 44 37 28 33 35 43 30 51 63 52 56 57 52 64 64 63 43 45 60 31 30 54 68 73 57 54 38 31 38 10 3 7 25 21 45 60 44 24 23 19 11 6 4 4 2 2 1 1 1 0 0 0 0
12 21 20 20 18 17 15 11 4 2 5 12 22 10 17 25 22 31 14 8 6 8 12 7 6 24 16 7 14 9 6 6 17 10 4 10 19 24 18 18 24 27 46 52 23 28 39 34 47 47 66 77 60 79 73 85 72 63 71 43 32 14 63 55 22 51 71 57 62 61 58 35 15 11 4 5 6 14 41 17 11 5 3 7 2 4 1 1 1 1 1 1 1 0 0 0
25 3 7 17 4 11 5 1 2 1 2 1 3 7 21 9 6 9 17 8 7 4 5 6 3 7 6 8 13 6 1 3 3 6 9 5 20 15 9 19 28 47 71 82 69 67 56 55 51 31 76 48 83 74 64 71 44 51 69 76 30 27 23 76 36 31 49 66 53 45 65 63 63 31 18 5 2 1 2 1 2 2 1 4 4 1 1 1 0 1 1 1 0 0 0 0
1 2 6 4 4 4 2 1 1 3 10 1 2 3 3 11 8 7 9 6 5 5 6 7 2 2 4 6 4 2 0 1 2 15 37 37 47 60 70 72 71 83 61 84 73 80 75 26 57 68 39 36 62 61 67 70 46 71 75 60 55 39 18 49 73 29 10 30 57 71 57 50 24 21 25 19 6 2 3 1 2 2 2 1 3 2 1 1 0 0 0 0 0 0 0 0
1 2 3 1 1 1 5 20 33 6 10 10 21 2 2 5 5 2 3 3 3 1 2 1 2 2 10 12 14 2 1 3 3 3 7 36 54 66 66 69 64 77 63 64 78 80 79 45 34 39 82 60 29 56 25 37 35 71 84 67 53 46 31 28 81 40 38 17 34 50 74 18 8 16 16 25 17 11 8 4 2 1 1 1 1 2 1 0 0 0 0 0 0 0 0 0
3 5 5 7 7 18 26 12 16 21 23 9 13 8 4 3 2 1 2 2 1 1 11 9 24 20 7 4 11 3 1 13 9 5 9 11 18 61 66 73 58 46 45 45 67 81 87 87 38 40 59 65 45 27 50 19 50 58 78 74 25 37 28 16 78 56 25 22 18 64 66 76 34 25 16 8 6 4 2 3 4 3 1 0 1 0 1 1 0 0 0 0 0 0 0 0
13 13 8 34 23 27 32 45 49 43 22 19 23 10 8 2 1 2 1 2 2 1 1 2 3 7 19 15 4 5 5 4 8 16 3 10 28 49 58 69 63 37 25 36 52 79 86 82 88 84 35 46 42 39 24 17 34 56 70 74 27 29 35 29 49 84 57 33 16 9 11 30 14 15 9 20 11 4 2 1 1 1 2 1 1 0 0 1 1 0 0 0 0 0 0 0
12 26 28 34 48 40 54 35 63 53 29 51 40 16 41 25 20 9 3 1 1 1 1 1 2 3 6 23 3 3 6 3 17 13 21 19 16 15 8 5 54 58 23 41 32 40 63 66 83 87 81 52 52 64 39 46 28 62 75 64 66 24 42 33 20 76 86 61 39 12 6 8 28 17 8 7 10 10 3 2 1 1 1 1 1 0 0 1 0 1 0 0 0 0 0 0
2 5 9 44 58 45 76 75 77 75 62 61 35 53 67 56 30 12 21 7 4 2 2 3 3 10 22 7 6 6 5 14 29 16 21 31 26 22 17 16 15 27 25 26 18 37 69 46 68 80 88 58 48 46 56 51 11 50 67 65 63 43 28 27 12 62 76 76 44 35 6 2 18 33 10 2 3 2 4 1 1 1 1 1 1 0 0 0 0 0 0 0 0 0 0 0
7 10 16 59 62 71 72 62 57 80 85 64 73 72 74 61 37 37 33 24 11 2 6 10 22 54 46 9 3 7 9 15 11 19 13 24 24 31 37 23 14 15 15 12 29 35 53 47 16 64 79 85 44 33 43 20 16 12 38 45 78 72 16 17 31 39 41 67 20 31 21 3 4 16 11 5 3 3 4 3 1 1 0 0 0 0 0 0 0 0 0 0 0 0 0 0
4 6 7 6 7 10 30 39 41 16 42 78 88 82 78 47 44 65 43 28 37 7 8 5 4 6 42 57 14 4 11 14 16 30 25 18 29 28 41 25 33 44 36 27 20 12 53 55 42 29 56 75 59 29 13 12 28 10 17 39 38 35 24 17 17 28 16 64 16 20 13 14 2 6 7 9 6 4 4 3 2 1 0 0 0 0 0 0 0 0 0 0 0 0 0 0
2 4 9 26 28 34 69 34 34 26 32 19 62 82 87 68 63 66 37 40 22 39 16 29 22 9 5 8 15 7 3 13 22 42 15 18 13 22 38 34 29 30 23 24 38 34 32 12 34 61 34 43 12 14 7 19 15 23 16 17 35 42 28 20 8 8 9 41 44 9 4 9 8 2 3 3 5 2 2 1 1 1 1 1 0 0 0 0 0 0 0 0 0 0 0 0
2 7 4 4 13 10 18 25 21 33 18 6 17 42 65 78 77 34 10 12 13 45 27 44 27 22 15 6 6 13 8 53 39 19 56 30 30 34 39 25 32 48 55 42 49 33 38 21 21 17 61 40 31 19 13 10 17 20 13 15 27 45 28 14 13 8 14 27 48 23 7 3 10 6 3 1 1 3 2 1 1 1 1 1 0 0 0 0 0 0 0 0 0 0 0 0
6 1 4 10 20 24 15 16 20 29 37 25 47 22 21 28 40 25 16 25 49 14 20 35 65 64 12 15 8 50 24 26 59 47 67 28 72 36 28 27 32 34 32 43 35 37 36 25 23 21 19 29 20 19 22 16 13 17 8 4 7 12 21 18 18 11 8 12 17 21 9 9 10 4 4 2 1 2 2 1 1 0 0 0 0 0 0 0 0 0 0 0 0 0 0 0
23 7 19 8 10 21 19 28 37 41 27 29 12 35 46 30 36 28 17 29 10 38 35 24 11 28 33 43 42 9 17 44 40 16 31 30 16 55 24 33 34 42 21 28 18 19 18 26 30 27 15 7 28 31 19 25 15 11 11 10 5 9 21 9 8 8 5 6 9 19 4 5 4 2 2 2 1 1 1 1 1 1 0 0 0 0 0 0 0 0 0 0 0 0 0 0
40 31 4 5 21 9 36 60 22 20 36 30 28 54 19 35 19 19 14 11 18 30 27 29 24 15 20 25 13 21 9 45 25 40 40 55 13 24 45 17 24 40 33 41 38 15 21 24 18 24 10 16 4 12 9 31 9 12 8 14 9 7 3 3 2 1 1 2 3 3 2 1 3 2 1 3 2 1 1 1 0 1 0 0 0 0 0 0 0 0 0 0 0 0 0 0
42 34 62 15 14 33 7 7 40 45 17 41 19 46 19 38 36 25 21 33 43 46 31 16 28 30 22 28 52 54 40 10 10 16 38 28 25 8 47 39 37 29 14 19 34 31 20 12 20 23 14 4 25 14 9 27 14 5 9 4 3 6 3 2 1 1 0 0 2 4 3 1 1 2 2 2 2 1 2 1 0 0 0 0 0 0 0 0 0 0 0 0 0 0 0 0
23 41 55 40 8 6 35 16 4 14 31 21 10 17 34 26 17 11 19 25 36 36 67 47 36 34 30 27 59 69 44 28 12 26 44 37 53 25 8 51 27 39 36 30 17 15 20 25 19 18 7 3 6 3 2 9 6 5 4 2 2 4 3 2 2 1 1 0 0 1 2 1 2 2 3 3 4 2 1 1 1 0 0 0 0 0 0 0 0 0 0 0 0 0 0 0
45 41 71 50 58 23 8 56 16 24 55 19 36 28 16 40 17 16 18 16 14 29 50 45 36 40 37 33 47 70 75 51 25 21 60 54 56 37 16 28 68 27 24 55 34 34 23 28 26 11 5 2 2 3 2 2 5 4 2 1 1 1 2 3 1 1 1 0 0 0 0 1 1 0 1 1 1 2 1 0 0 0 0 0 0 0 0 0 0 0 0 0 0 0 0 0
53 43 38 61 34 41 47 16 64 35 51 66 48 56 38 20 21 19 25 49 23 40 64 56 38 39 40 29 20 24 67 57 40 29 25 61 42 30 24 15 21 52 16 15 17 19 21 28 37 18 23 7 4 3 2 1 2 1 2 5 1 1 1 1 0 0 0 0 0 0 0 0 0 0 0 1 1 0 1 0 0 0 0 0 0 0 0 0 0 0 0 0 0 0 0 0
23 64 55 65 52 60 67 56 33 26 16 12 23 16 19 48 35 23 41 14 58 26 68 76 39 42 44 28 17 7 15 42 60 39 15 41 51 22 47 36 26 15 40 41 22 20 32 20 25 11 25 8 3 2 2 1 1 1 1 2 2 1 0 0 0 0 0 0 0 0 0 0 0 0 0 0 0 0 0 0 0 0 0 0 0 0 0 0 0 0 0 0 0 0 0 0
17 19 8 30 33 7 12 8 33 26 47 47 47 51 21 24 48 45 40 39 28 22 60 82 62 54 50 49 28 9 8 9 51 34 37 34 54 19 47 51 35 16 13 37 27 33 23 18 20 7 2 2 4 3 3 2 1 1 0 0 1 0 0 0 0 0 0 0 0 0 0 0 0 0 0 0 0 0 0 0 0 0 0 0 0 0 0 0 0 0 0 0 0 0 0 0
16 29 23 11 12 27 19 18 20 45 25 43 32 18 28 44 24 18 27 44 26 73 44 66 73 54 61 53 52 24 10 12 8 24 37 39 46 22 47 28 35 35 24 18 31 20 20 30 20 13 8 3 4 2 1 1 1 0 0 0 0 0 0 0 0 0 0 0 0 0 0 0 0 0 0 0 0 0 0 0 0 0 0 0 0 0 0 0 0 0 0 0 0 0 0 0
34 26 29 17 28 46 28 21 34 37 18 26 28 13 28 47 32 37 22 25 62 46 33 29 74 49 21 17 17 11 14 6 14 6 12 18 78 57 30 42 28 15 24 26 15 26 14 13 27 23 15 6 3 1 1 1 0 0 0 0 1 1 0 0 0 0 0 0 0 0 0 0 0 0 0 0 0 0 0 0 0 0 0 0 0 0 0 0 0 0 0 0 0 0 0 0
19 14 16 14 6 17 17 20 13 9 30 26 28 10 21 31 22 32 42 70 46 31 41 59 76 67 31 24 23 26 22 23 8 13 14 9 6 8 24 24 18 31 12 23 18 27 26 13 29 13 15 11 6 2 1 0 0 0 0 1 1 2 2 2 0 0 0 0 0 0 0 0 0 0 0 0 0 0 0 0 0 0 0 0 0 0 0 0 0 0 0 0 0 0 0 0
11 7 13 6 14 11 13 10 6 4 9 12 16 23 21 24 20 36 34 25 28 29 15 9 17 17 13 20 43 44 25 50 36 13 9 7 8 8 6 20 15 30 22 10 28 17 23 16 13 6 8 6 3 2 1 1 0 1 2 2 3 3 2 2 1 0 1 1 1 0 0 0 0 0 0 0 0 0 0 0 0 0 0 0 0 0 0 0 0 0 0 0 0 0 0 0
14 7 11 2 7 5 14 23 48 44 36 4 9 21 19 10 18 34 53 38 44 18 28 21 15 19 47 27 30 41 54 38 23 24 25 5 3 4 7 11 10 16 21 24 21 19 12 8 16 7 4 3 2 1 1 2 1 3 4 3 5 4 4 2 2 1 1 2 2 1 1 0 0 0 0 0 0 0 0 0 0 0 0 0 0 0 0 0 0 0 0 0 0 0 0 0
3 4 2 3 15 15 6 25 62 65 49 50 29 11 21 30 26 40 42 20 14 18 38 29 25 27 41 19 10 28 24 16 7 14 23 13 6 5 11 6 4 7 7 8 11 11 11 6 9 5 2 1 2 3 4 4 4 6 7 7 4 7 7 4 8 2 3 3 3 2 0 0 0 0 0 0 0 0 0 0 0 0 0 0 0 0 0 0 0 0 0 0 0 0 0 0
2 5 12 13 20 14 32 27 8 24 56 52 51 61 64 53 78 46 37 41 13 9 34 22 25 35 20 19 12 11 24 25 25 18 25 12 9 18 22 7 4 17 8 11 7 3 10 4 3 2 2 3 5 10 10 10 7 6 6 8 6 10 11 14 12 7 4 3 3 2 1 1 2 1 0 0 0 0 0 0 0 0 0 0 0 0 0 0 0 0 0 0 0 0 0 0
8 2 1 7 33 37 46 73 66 37 43 73 64 48 74 56 82 81 78 56 28 45 8 10 10 10 30 34 36 47 15 52 49 25 9 12 4 14 15 8 20 10 9 7 9 5 6 4 3 3 7 6 16 28 25 15 20 9 11 11 8 18 17 16 11 9 5 4 4 3 2 1 0 0 0 0 0 0 0 0 0 0 0 0 0 0 0 0 0 0 0 0 0 0 0 0
12 14 29 7 6 28 48 67 72 36 30 78 42 38 73 52 49 27 45 58 18 30 22 18 12 19 25 34 33 53 25 16 14 33 20 19 7 27 13 12 16 21 17 15 16 23 19 12 4 14 23 22 27 42 42 39 14 8 31 17 13 20 20 12 18 16 3 11 9 3 3 1 1 0 0 0 1 0 0 0 0 0 0 0 0 0 0 0 0 0 0 0 0 0 0 0
37 13 22 52 29 14 15 26 28 68 23 69 46 46 68 33 15 22 36 23 18 9 23 14 21 34 34 17 12 35 24 16 7 6 8 7 22 25 12 8 39 39 21 43 33 16 15 7 6 19 39 38 39 69 33 28 22 11 44 19 17 20 31 31 20 13 9 11 4 2 2 1 1 2 1 1 1 0 0 0 0 0 0 0 0 0 0 0 0 0 0 0 0 0 0 0
61 56 25 50 61 73 66 36 15 16 46 76 65 25 69 31 33 24 35 25 12 10 32 14 31 26 29 25 21 17 10 13 14 20 23 16 31 7 12 21 39 39 48 49 27 12 6 12 26 21 36 57 70 39 26 33 32 17 59 26 49 18 35 17 17 36 18 7 11 3 2 2 5 4 1 0 0 1 0 0 0 0 0 0 0 0 0 0 0 0 0 0 0 0 0 0
57 68 71 59 64 82 68 85 59 11 37 67 11 25 49 46 34 15 49 9 10 9 18 11 44 30 17 13 13 4 3 13 22 15 34 12 40 10 29 27 56 57 64 28 23 14 14 30 42 38 37 62 61 39 45 59 48 29 67 61 31 38 33 40 54 32 22 13 7 3 3 13 4 1 1 1 1 0 0 0 0 0 0 0 0 0 0 0 0 0 0 0 0 0 0 0
55 78 77 82 76 72 82 82 69 40 34 33 41 14 50 38 28 19 13 8 8 10 27 15 22 19 17 35 26 25 28 28 18 8 12 25 56 26 31 41 68 67 47 28 15 26 29 58 67 50 42 64 52 37 51 71 35 55 60 54 61 26 38 69 64 32 23 9 11 12 7 6 3 2 1 0 0 0 0 0 0 0 0 0 0 0 0 0 0 0 0 0 0 0 0 1
12 69 82 68 78 34 61 72 71 69 59 66 46 13 52 73 45 18 22 15 7 16 25 15 13 17 28 8 12 14 5 12 9 25 54 35 55 26 27 43 67 46 22 11 25 48 45 49 76 58 62 64 34 57 72 64 31 56 44 68 56 64 68 54 39 21 25 10 4 2 1 1 0 0 0 0 0 0 0 0 0 0 0 0 0 0 0 0 0 0 0 0 0 0 0 1
26 25 50 21 11 12 19 16 21 10 14 28 59 18 11 50 60 44 34 29 15 12 9 11 29 9 17 18 44 39 8 20 24 28 65 67 75 42 28 55 48 23 14 30 56 57 50 52 76 57 66 77 66 59 77 64 63 38 61 67 44 65 49 17 7 7 4 6 10 8 6 4 5 1 0 0 0 0 0 0 0 0 0 0 0 0 0 0 0 0 0 0 0 0 1 1
28 26 11 16 26 52 55 21 26 5 11 13 8 4 15 9 12 19 9 7 6 27 14 16 7 29 25 33 19 29 27 46 40 41 66 76 59 50 44 59 30 28 29 49 61 59 68 45 66 76 69 82 87 71 65 81 82 63 81 76 74 80 55 61 33 26 21 14 7 2 2 2 1 1 1 1 0 0 0 0 0 0 0 0 0 0 0 0 0 0 0 0 0 0 1 2
46 48 35 33 52 59 62 49 20 16 27 18 22 16 15 21 16 6 6 9 12 33 14 15 29 33 16 60 52 41 52 59 52 55 66 41 27 42 24 56 43 35 34 50 63 70 74 64 70 78 69 80 77 76 32 44 77 83 81 66 25 16 34 27 50 25 15 20 5 2 1 1 2 1 0 0 0 0 0 0 0 0 0 0 0 0 0 0 0 0 0 0 0 0 1 1
30 8 37 44 54 48 53 32 9 19 18 25 48 39 18 18 8 13 11 12 3 7 48 32 21 6 12 32 44 36 36 46 63 39 66 26 40 29 11 53 42 41 51 64 63 78 79 65 82 87 65 46 47 37 22 22 55 66 51 31 36 26 21 29 18 13 12 5 8 4 3 1 1 1 1 0 0 0 0 0 0 0 0 0 0 0 0 1 1 0 0 0 0 1 1 1
