sesion_6_simulaciones/modelos_agentes/ejemplos_netlogo/scenarios/cgcm2_a2/rob_2035.asc
NCOLS 322 
NROWS 307 
XLLCORNER 451900 
YLLCORNER 4086900 
CELLSIZE 100 
NODATA_value -9999 
[rows 0 to 73 of 307, columns 192 to 287 of 322]
40 36 18 11 30 54 29 13 11 15 14 5 4 2 3 2 1 2 2 2 1 1 1 1 2 4 2 4 5 14 3 1 1 0 0 0 0 0 0 1 2 0 1 4 5 7 6 11 21 29 18 22 31 40 42 56 43 81 49 40 10 14 20 47 58 44 60 55 28 39 23 12 17 21 41 25 21 40 56 30 16 17 15 16 14 10 28 25 26 28 11 25 37 60 21 7
52 29 35 33 37 56 18 25 35 19 12 8 13 11 6 5 6 1 2 3 3 1 1 1 1 4 1 1 1 2 11 4 0 0 0 0 0 0 1 0 1 0 0 1 1 3 6 6 17 58 73 54 38 42 44 42 69 65 65 21 26 16 49 43 54 51 59 43 44 21 7 25 12 19 51 26 52 39 36 34 28 33 33 18 13 6 17 26 29 27 16 29 27 31 16 14
32 57 38 37 58 49 35 15 9 21 21 20 29 29 14 21 11 8 12 11 8 3 2 1 0 1 0 0 0 0 1 4 2 0 0 0 0 0 0 0 0 0 1 3 3 7 8 11 21 35 45 45 57 49 65 72 40 33 44 24 23 32 43 32 37 63 32 28 21 27 15 15 14 19 59 24 56 50 26 40 30 25 30 28 13 4 10 14 27 21 15 43 24 38 14 3
42 43 64 54 40 36 33 32 30 49 26 43 54 39 32 42 25 11 16 25 14 10 6 2 1 1 0 0 0 0 0 1 0 0 0 0 0 0 0 0 0 1 0 1 2 9 9 11 5 11 9 14 28 57 46 52 49 17 25 32 35 21 25 45 34 57 46 39 50 20 30 24 8 8 41 23 30 24 31 38 29 29 28 29 14 5 9 21 35 15 27 24 22 33 10 2
31 23 44 15 47 54 49 33 48 44 39 29 31 24 32 47 31 36 36 35 28 11 7 6 3 4 2 3 2 0 0 0 0 0 0 0 0 0 0 0 0 0 1 1 1 2 3 6 20 39 47 44 43 39 64 64 28 22 7 10 33 35 30 44 46 56 37 27 17 12 9 8 11 7 19 20 16 27 52 60 51 19 19 38 32 22 3 18 20 28 29 15 31 43 16 3
32 26 40 35 24 30 48 24 44 34 23 29 10 26 35 35 42 37 12 11 19 8 5 9 6 5 2 4 3 1 1 0 0 0 0 0 0 0 0 0 0 0 1 2 6 16 22 32 32 21 29 34 45 57 79 51 32 22 7 42 64 66 60 62 45 64 28 37 42 33 41 28 22 16 10 15 20 19 30 26 38 60 41 30 31 21 6 12 17 22 10 14 28 27 18 5
23 12 14 30 21 16 44 16 11 19 26 52 25 11 23 31 27 31 14 5 6 15 18 22 8 6 7 3 3 3 2 1 1 1 0 0 0 0 0 0 0 0 1 3 12 8 12 19 37 29 43 76 36 61 66 34 22 23 12 29 47 59 57 58 69 63 50 43 44 18 28 26 17 25 20 9 4 15 33 37 28 52 32 14 8 29 8 7 9 9 10 22 39 52 13 12
16 12 10 14 30 21 36 45 12 5 10 15 34 7 3 9 6 10 14 7 4 9 4 9 8 6 6 4 6 4 4 3 2 2 2 1 1 0 0 0 0 1 2 5 8 13 18 40 62 58 58 35 54 47 53 25 16 6 14 20 32 31 29 27 27 56 32 26 44 26 24 18 21 25 23 14 4 21 39 20 45 61 36 14 8 20 14 7 7 16 19 21 45 30 18 13
30 21 19 10 15 12 21 44 43 16 6 6 11 20 8 5 3 10 13 9 7 11 2 5 16 9 6 7 6 8 7 7 5 5 2 2 1 0 0 0 1 1 3 5 19 14 11 26 33 47 33 28 60 41 36 13 6 34 61 49 63 52 58 45 55 76 45 34 15 16 23 19 19 19 14 8 5 10 14 25 38 53 38 21 9 8 9 5 5 19 14 24 23 31 15 22
21 20 19 9 7 4 15 16 38 27 17 8 8 10 11 4 4 3 12 9 9 14 3 3 7 7 7 4 3 6 1 2 5 5 3 1 0 0 0 0 0 1 2 4 9 4 4 24 11 11 11 66 35 37 18 8 19 48 59 73 53 81 66 43 59 32 57 46 44 18 19 26 22 11 7 5 4 7 28 15 10 37 42 35 16 7 11 3 5 6 9 26 18 28 16 41
27 22 21 17 8 4 2 3 5 13 7 5 3 11 5 3 5 1 2 7 4 11 14 2 3 3 13 4 1 4 6 1 0 0 1 2 1 0 0 0 0 1 3 7 2 7 10 12 3 7 43 44 17 24 9 6 19 37 39 54 75 77 48 28 32 49 59 60 65 47 56 34 28 21 11 7 3 3 9 19 22 45 65 33 34 9 5 7 2 7 22 9 13 10 11 51
49 31 13 14 14 12 8 4 3 3 3 2 4 4 3 2 2 4 2 2 6 8 6 3 0 2 8 4 1 1 5 5 1 0 0 0 1 0 0 0 2 2 3 1 1 1 5 1 4 22 47 30 12 8 4 20 26 26 35 77 58 51 13 26 41 44 67 65 55 63 44 34 37 35 28 18 5 4 13 17 18 64 37 50 29 20 6 3 3 10 11 6 18 6 22 52
55 40 35 45 36 30 25 12 21 10 8 4 2 1 1 1 1 6 4 1 1 3 2 2 0 2 2 2 1 0 0 2 0 0 0 0 0 1 0 0 1 1 1 2 2 2 8 1 6 27 21 6 1 7 25 39 45 54 78 66 18 24 29 22 21 24 41 40 62 43 23 34 50 50 41 19 5 2 11 19 46 49 18 26 40 20 9 2 2 10 8 5 19 5 17 24
64 60 57 58 54 48 33 28 24 21 16 15 5 3 2 1 1 1 0 0 1 1 0 1 1 1 1 1 0 0 0 1 1 0 0 0 0 0 0 0 0 1 1 0 0 3 1 1 7 5 3 1 3 9 16 24 53 49 41 10 43 63 58 47 48 27 24 21 58 48 61 68 43 28 21 19 7 3 6 14 38 15 11 25 53 23 12 4 1 3 4 5 9 5 13 10
21 58 61 62 52 55 33 37 14 15 22 13 9 9 7 5 3 1 0 0 0 0 0 1 1 1 1 0 0 0 0 1 1 0 0 0 0 1 1 0 0 0 1 0 0 1 1 1 2 1 0 1 3 5 13 24 26 7 28 45 60 59 56 78 82 70 62 46 48 60 61 53 56 36 17 11 5 3 5 13 19 8 5 33 48 49 25 22 7 1 2 4 4 4 16 12
29 46 60 39 45 69 48 25 38 25 14 18 15 17 17 8 5 1 1 1 1 0 0 0 1 0 0 0 0 0 0 0 1 1 0 0 0 0 0 0 0 0 0 0 0 0 1 2 1 1 2 1 2 4 8 12 6 26 36 41 55 68 78 68 62 73 40 31 67 19 46 76 53 37 38 31 27 10 4 13 14 7 2 5 17 46 9 5 6 5 1 5 3 4 15 13
54 12 60 34 32 56 68 69 31 14 22 18 25 22 15 10 8 5 3 3 2 2 1 0 0 0 1 1 0 0 0 0 0 0 0 0 0 0 0 1 0 0 0 0 0 0 0 0 1 3 2 6 6 4 4 14 26 29 36 40 64 51 72 62 65 39 30 58 45 35 36 21 52 32 55 57 53 27 15 4 24 12 8 2 5 20 27 6 1 2 1 1 2 6 3 4
29 7 39 18 36 42 56 28 58 62 34 38 38 10 9 7 9 9 5 4 3 2 2 1 1 1 1 1 1 1 0 0 0 0 0 0 0 0 0 0 0 0 0 0 0 0 1 2 2 2 4 12 11 12 5 15 20 47 50 53 75 52 45 42 27 27 46 60 47 29 16 18 45 51 56 52 56 49 26 6 4 10 9 5 1 5 13 8 5 1 2 0 3 3 1 1
18 18 22 19 12 33 42 18 21 56 25 45 59 28 15 10 16 25 20 9 8 3 1 1 1 1 2 2 3 1 1 1 1 0 0 0 0 0 0 0 0 0 0 0 0 1 2 2 2 3 8 15 13 10 17 23 31 31 28 48 65 22 12 8 25 30 28 77 64 21 21 14 47 45 13 25 62 50 44 25 5 3 16 7 3 1 5 8 7 2 0 0 3 1 0 0
18 6 10 15 8 15 48 14 9 28 37 50 50 32 35 23 5 10 12 15 6 4 3 2 3 3 3 4 3 3 1 1 1 1 0 0 0 0 0 0 0 0 0 0 2 2 2 4 2 6 13 10 19 20 26 29 9 7 18 44 67 22 9 30 47 43 60 64 47 34 19 8 16 48 37 12 26 34 41 35 22 4 3 9 5 2 1 4 8 4 0 0 2 0 2 4
40 10 11 10 2 8 30 11 17 10 26 17 31 9 15 17 4 2 7 20 9 11 4 2 8 6 3 2 2 2 1 1 1 1 1 0 0 0 0 0 0 0 0 1 2 2 1 1 5 15 9 13 27 38 52 49 32 24 38 47 46 12 14 48 48 44 43 19 42 41 26 7 9 19 52 24 9 13 58 24 16 5 1 4 5 1 1 5 3 3 0 0 0 1 4 12
16 3 13 11 3 2 8 23 3 8 30 22 27 10 8 4 4 1 2 18 15 8 5 4 2 2 1 1 1 1 1 1 0 0 1 1 0 0 0 0 0 0 1 1 1 2 2 5 5 6 5 10 18 52 62 70 69 58 42 38 19 9 27 37 59 53 44 24 18 35 14 6 9 14 45 25 9 9 15 31 17 9 3 2 5 2 2 4 2 1 1 3 1 3 11 18
24 3 19 24 5 3 5 9 3 2 23 10 7 3 1 4 4 3 1 2 3 7 14 15 4 1 3 1 0 1 0 0 0 0 0 1 1 0 0 0 0 0 1 1 1 1 0 1 1 2 1 7 18 17 33 59 44 32 18 58 22 11 28 40 40 47 68 38 28 12 7 6 19 32 58 21 8 9 17 44 16 5 2 1 2 3 2 3 1 1 2 13 6 6 7 17
11 8 6 17 2 4 6 8 5 2 2 1 2 8 2 1 4 5 1 2 3 3 8 5 4 1 2 2 1 0 0 0 0 0 0 0 1 0 0 0 0 0 0 0 0 0 1 1 2 2 2 6 6 12 14 12 9 24 50 27 9 19 33 33 52 68 47 33 29 18 7 9 19 35 35 14 11 8 14 32 20 18 5 1 1 1 2 3 0 1 3 3 10 20 10 14
3 2 5 5 2 1 6 9 3 1 2 1 1 3 4 2 2 3 3 1 1 1 2 1 1 1 1 2 2 0 0 0 0 0 0 0 0 0 0 0 0 0 0 1 1 2 2 3 2 3 7 4 3 2 3 7 21 26 58 18 7 31 28 27 53 73 38 44 36 16 10 10 17 46 26 12 15 6 8 19 17 16 11 5 1 0 2 1 0 5 6 8 9 9 42 17
1 1 1 3 1 1 5 7 2 1 1 1 1 1 3 3 1 1 1 1 0 0 1 1 1 1 0 1 3 0 0 0 0 0 0 0 0 0 0 0 0 0 0 0 1 1 2 1 1 3 4 12 9 20 15 18 22 45 40 5 13 26 23 18 43 55 30 31 24 18 8 8 19 46 15 19 13 4 3 6 8 13 6 2 2 0 0 1 4 12 15 19 27 18 14 40
0 1 0 0 0 2 3 2 1 0 0 0 0 0 0 1 1 1 1 1 0 0 0 1 0 0 0 0 0 1 1 0 0 0 0 0 0 0 0 0 0 0 0 0 0 1 0 1 2 2 7 10 10 19 32 49 59 64 21 6 16 24 19 25 66 56 14 27 25 14 7 4 14 42 14 10 8 7 1 3 8 13 3 2 0 0 1 4 11 12 17 17 25 37 56 35
0 0 0 0 0 0 0 0 0 0 0 0 0 0 0 0 0 0 0 1 0 0 0 0 0 0 0 0 0 0 0 0 0 0 0 0 0 0 0 0 0 0 0 0 0 0 1 1 1 7 5 8 12 18 31 59 42 29 4 17 27 21 41 52 78 35 37 16 14 12 11 6 19 43 19 10 7 7 1 2 6 10 5 5 1 0 1 3 4 3 4 4 6 10 28 34
0 0 0 0 0 0 0 0 0 0 0 0 0 0 0 0 0 0 0 0 0 0 0 0 0 0 0 0 0 0 0 0 0 0 0 0 0 0 0 0 0 0 0 1 1 1 2 6 1 6 4 5 9 10 47 33 12 3 12 23 26 24 48 74 42 20 29 12 10 10 8 4 10 33 48 18 9 4 1 1 5 10 8 3 1 0 1 1 1 4 6 12 15 16 17 31
0 0 0 1 0 0 0 0 0 0 0 0 0 0 1 0 0 0 0 0 0 0 0 0 0 0 0 0 0 0 0 0 0 0 0 0 0 0 0 0 0 1 1 1 1 2 3 2 6 4 4 5 10 15 41 7 4 7 18 24 24 26 47 72 26 16 14 21 8 3 2 4 19 30 12 29 13 4 1 1 7 5 7 3 1 0 1 3 7 13 8 20 30 28 28 12
1 1 1 1 1 0 0 1 0 1 1 1 1 1 1 1 1 1 1 0 0 0 0 0 0 0 0 0 0 0 0 0 0 0 0 0 0 0 0 0 0 1 1 2 2 4 4 4 5 16 18 18 12 18 10 3 1 12 13 21 12 26 50 56 28 10 13 18 10 5 1 3 25 8 7 35 18 6 2 1 2 2 4 2 0 1 2 3 4 9 10 11 8 10 15 35
1 2 1 2 1 1 1 1 2 2 1 2 3 2 3 3 2 1 1 1 0 1 0 0 0 0 0 0 0 0 0 0 0 0 0 0 0 0 0 0 1 1 1 1 3 4 6 14 10 13 7 33 23 9 10 6 2 8 16 29 31 27 58 20 8 19 20 8 15 4 1 3 7 8 4 28 9 6 1 1 2 2 2 2 0 1 6 11 16 11 11 6 12 17 18 26
5 4 2 4 2 1 1 1 1 2 4 5 5 6 5 2 2 2 1 1 1 1 1 1 0 0 0 0 0 0 0 0 0 0 0 0 0 0 0 0 1 1 1 2 4 5 9 13 10 11 5 4 12 11 11 1 5 9 10 19 18 32 38 37 29 14 8 6 18 11 3 2 7 5 10 30 7 4 3 1 1 2 1 1 1 3 7 22 28 27 30 18 24 35 31 56
7 7 7 3 3 2 1 3 4 6 8 7 7 4 6 4 3 2 2 3 3 2 1 1 1 1 0 0 0 0 1 0 0 0 0 0 0 0 0 0 0 0 1 1 3 8 3 1 14 11 6 3 9 10 1 1 3 6 8 20 32 44 50 20 11 9 12 9 6 7 4 2 6 5 7 12 9 8 2 1 0 1 1 1 2 3 4 6 5 7 9 18 32 35 63 58
10 10 11 8 7 2 2 4 7 11 11 9 10 9 8 8 4 9 5 4 1 1 1 1 1 1 1 0 0 1 0 0 0 0 0 0 0 0 0 0 0 1 2 1 1 2 2 5 4 4 4 1 4 1 2 1 2 3 5 15 35 45 30 41 18 8 7 6 5 7 7 2 2 3 7 8 8 3 2 1 0 0 0 1 4 2 2 5 16 23 26 22 15 56 29 37
21 32 17 5 9 3 6 6 18 14 12 14 14 25 23 12 11 9 4 5 2 2 1 2 2 1 1 1 2 0 0 0 0 0 0 0 0 0 0 0 1 1 2 1 1 2 2 4 3 3 1 1 2 1 1 1 2 7 11 21 18 17 35 44 10 5 3 3 5 5 3 2 1 3 3 8 7 4 2 1 0 0 1 3 8 9 8 9 14 14 14 36 36 47 23 9
39 49 16 14 19 6 5 20 21 31 11 21 28 24 36 16 7 4 10 5 3 3 1 4 1 1 1 2 0 0 0 0 0 0 0 0 0 0 0 0 0 1 0 0 1 2 6 5 3 2 1 1 1 1 2 3 6 5 4 6 10 20 27 43 15 6 5 3 2 2 2 2 1 2 4 3 2 4 2 0 0 1 4 3 7 19 22 28 27 30 17 27 19 21 23 6
31 50 19 18 27 9 9 36 32 34 9 24 43 29 42 15 11 11 15 13 6 2 2 1 1 2 5 0 0 0 0 0 0 0 0 0 0 0 0 0 0 0 0 0 1 4 4 2 4 1 1 0 2 2 2 2 2 1 5 7 8 26 32 23 9 30 28 14 6 5 2 2 1 1 2 1 2 2 1 0 0 3 7 14 14 22 31 27 25 24 27 33 9 3 15 9
50 27 25 20 29 11 13 41 60 33 8 36 57 47 46 39 18 25 36 15 6 2 5 2 4 4 1 0 1 1 0 0 1 0 1 0 0 0 0 0 0 0 0 1 4 2 3 1 1 2 0 1 2 2 3 3 2 4 20 27 25 27 62 25 31 16 20 18 5 3 2 1 1 0 1 1 1 1 0 0 1 2 3 8 8 4 10 4 4 6 5 48 25 8 5 3
77 56 30 22 27 13 24 46 77 29 14 29 58 58 57 26 21 60 20 3 4 11 8 6 6 2 1 1 2 2 1 1 1 1 0 1 0 1 0 0 0 0 0 0 1 1 1 0 0 0 0 1 1 4 3 8 10 13 10 21 42 35 19 38 27 23 5 10 23 5 2 1 0 0 0 1 0 1 0 0 1 3 3 4 3 2 4 8 16 31 47 68 30 8 4 2
70 69 35 37 40 20 28 57 71 38 20 41 81 79 41 49 25 23 6 3 8 27 31 14 6 5 2 2 3 1 1 3 1 0 0 1 1 1 1 0 0 0 0 0 0 0 0 0 0 1 1 2 4 6 6 12 9 8 22 53 48 45 25 36 4 46 30 4 3 13 12 5 2 1 0 0 0 0 0 0 1 1 1 3 2 4 15 23 17 15 22 41 13 6 3 1
72 61 39 52 48 45 33 61 72 44 33 46 82 70 49 34 13 6 2 9 21 30 16 4 3 1 1 5 4 2 3 2 1 0 1 1 1 1 1 0 0 0 0 0 0 0 0 0 0 0 1 1 3 4 4 5 9 24 18 62 38 14 14 61 23 9 30 8 2 1 3 3 5 3 1 0 0 0 0 0 1 1 1 1 3 7 17 14 13 26 13 20 15 8 3 1
74 64 40 59 57 54 51 50 59 42 35 48 62 27 25 17 6 7 5 13 33 10 7 6 2 2 1 9 6 3 7 3 1 1 1 2 2 3 2 1 1 0 0 0 0 0 0 0 0 0 0 1 3 3 9 10 5 20 32 48 6 2 14 47 12 11 6 22 5 1 1 1 3 2 2 1 0 0 0 0 1 1 1 1 2 6 24 8 7 33 10 9 11 3 1 1
47 48 46 63 60 46 63 51 74 77 65 50 45 33 42 33 21 24 11 17 29 13 8 6 4 3 3 11 9 4 8 3 2 2 2 3 3 3 1 1 2 1 1 0 0 0 0 0 0 0 0 1 3 3 3 5 3 11 28 9 4 3 23 47 19 3 2 2 9 2 1 1 1 1 2 1 0 0 0 0 0 1 2 1 7 14 24 7 7 21 7 2 3 5 1 0
63 36 67 75 66 70 67 84 77 89 88 84 44 64 61 54 47 19 15 32 25 11 9 4 4 7 4 12 12 12 7 4 4 4 4 6 9 3 1 1 4 2 0 0 0 0 0 0 0 0 1 2 2 3 1 2 6 23 34 5 3 3 9 38 23 8 2 0 5 5 2 1 1 1 3 1 0 0 0 0 1 1 2 3 5 3 3 3 5 5 8 4 4 3 1 0
56 52 57 67 78 82 86 87 75 72 75 79 83 77 42 38 30 22 23 18 9 12 9 10 16 10 12 32 19 30 10 8 6 9 11 19 17 4 4 3 5 1 1 0 0 0 0 0 0 1 1 1 1 1 1 3 7 11 10 8 2 2 3 41 10 6 5 0 3 5 3 1 0 0 1 1 0 0 0 0 0 1 3 5 4 2 2 1 2 2 3 2 1 0 0 0
67 58 41 44 58 67 77 55 48 43 54 59 62 75 47 38 42 53 40 24 20 23 18 26 42 25 18 40 37 25 12 18 12 16 15 21 10 6 9 2 1 1 1 1 1 1 0 0 0 0 1 1 1 1 1 1 4 3 4 14 4 3 6 14 6 1 4 1 1 2 1 1 1 0 0 4 0 0 0 0 1 1 1 5 2 2 2 1 1 1 1 0 0 0 1 2
71 75 49 27 52 47 48 63 42 49 58 41 58 78 82 66 77 66 44 34 45 43 42 36 45 31 25 50 47 19 26 24 24 24 29 30 16 8 2 1 1 1 1 1 1 1 1 0 0 0 0 1 1 1 1 1 3 3 2 3 3 3 4 9 11 1 2 2 1 3 2 1 1 0 0 0 0 0 0 0 1 1 3 4 1 2 1 1 1 0 0 0 0 1 2 2
53 63 81 45 26 28 52 49 69 31 27 26 63 45 56 91 89 47 65 63 60 56 56 46 47 39 37 62 47 35 34 31 34 48 45 15 4 2 3 3 3 3 2 1 2 2 1 0 0 0 0 1 1 0 1 1 3 2 1 2 2 1 1 3 15 1 1 1 1 1 1 0 0 0 0 0 0 0 0 0 0 1 4 2 1 0 0 1 1 0 0 0 1 1 2 2
73 71 74 78 40 15 15 56 51 43 8 11 23 41 73 80 68 87 87 67 59 75 69 37 56 45 61 51 47 41 44 36 49 64 60 19 13 8 12 9 13 12 4 4 5 1 0 0 0 0 0 0 0 0 1 1 3 2 1 1 1 0 0 1 5 1 1 1 1 1 1 1 0 0 0 0 0 0 0 0 0 1 1 1 0 0 0 0 0 0 0 1 2 2 2 2
56 41 45 87 42 29 23 22 21 24 16 3 17 65 78 75 59 51 79 62 74 76 64 44 68 62 75 66 59 67 48 46 45 43 40 19 17 17 16 14 4 3 9 16 2 1 0 0 0 0 0 0 0 0 0 1 2 3 1 1 1 0 0 2 5 1 1 1 0 0 1 1 0 0 0 0 0 0 0 0 0 1 1 0 0 0 0 0 0 1 1 2 2 2 1 2
25 41 41 81 81 22 25 13 13 12 14 7 18 29 37 44 64 80 59 23 58 26 66 80 91 82 76 48 67 45 55 38 32 17 58 41 40 24 10 7 2 0 10 6 4 1 1 0 0 0 0 0 0 0 0 0 0 1 0 1 0 0 0 1 2 2 1 1 0 0 0 0 0 0 0 0 0 0 0 0 0 0 0 0 0 0 1 1 1 1 1 4 3 2 2 2
14 20 31 35 79 69 31 10 10 9 7 7 14 32 49 55 24 69 66 30 61 50 24 40 62 39 60 34 55 17 10 26 16 14 28 71 48 23 11 38 9 8 9 7 6 2 1 0 1 1 1 0 0 0 0 0 0 0 0 0 0 0 0 1 1 2 1 0 0 0 0 0 0 0 0 0 0 0 0 0 0 0 0 0 0 0 0 1 1 1 2 2 9 4 2 1
6 11 19 5 31 83 30 13 5 4 5 7 6 10 18 30 38 55 35 46 64 35 10 35 54 33 33 25 29 47 29 32 26 11 15 47 60 70 64 52 35 19 16 17 9 3 2 1 3 1 0 0 0 0 0 0 0 0 0 0 0 0 0 1 1 1 1 0 0 0 0 0 0 0 0 0 0 0 0 0 0 0 0 0 0 0 0 0 1 1 1 2 3 3 2 3
12 6 13 34 28 50 73 23 18 4 2 3 4 5 17 13 35 54 7 17 71 53 16 8 60 65 33 19 29 38 12 10 13 8 7 22 38 40 28 11 22 19 9 12 11 9 10 7 2 0 1 1 1 1 1 1 1 0 0 0 0 0 0 0 0 1 1 0 0 0 0 0 0 0 0 0 0 0 0 0 0 0 0 0 0 0 0 0 1 1 1 1 2 3 6 7
16 5 3 17 35 47 73 51 15 9 5 3 3 4 4 3 15 10 9 46 83 25 11 5 8 39 16 19 14 30 26 12 13 13 11 36 20 8 6 4 7 2 2 28 11 19 22 16 4 3 4 2 2 1 1 0 0 0 0 0 0 0 0 0 0 0 0 0 0 0 0 0 0 0 0 0 0 0 0 0 0 0 0 0 0 1 1 1 1 2 1 3 3 3 4 10
33 18 10 6 7 10 19 52 18 17 6 3 2 2 5 2 8 5 21 19 76 25 11 8 4 9 9 12 4 20 25 7 6 7 9 21 15 4 2 4 3 2 2 6 13 10 7 2 2 2 1 1 1 1 1 0 0 0 0 0 0 0 0 0 0 0 0 0 0 0 0 0 0 0 0 0 0 0 0 0 0 0 0 0 0 0 0 3 1 2 3 4 5 5 8 13
12 10 19 5 5 19 19 45 45 19 10 3 2 1 2 3 4 6 7 21 52 68 28 11 2 3 6 1 4 15 21 9 4 6 4 3 5 3 2 2 2 2 2 3 14 7 6 2 1 1 1 0 0 0 1 0 0 0 0 0 0 0 0 0 0 0 0 0 0 0 0 0 0 0 0 0 0 0 0 0 0 0 0 0 0 0 1 2 3 4 4 4 5 10 9 16
25 15 4 2 3 7 13 23 38 15 6 4 1 1 1 2 1 2 9 47 37 52 29 18 7 1 7 6 1 2 9 5 5 3 1 1 2 5 1 1 2 1 1 2 6 7 9 3 1 1 0 0 0 0 0 0 0 0 0 0 0 0 0 0 0 0 0 0 0 0 0 0 0 0 0 0 0 0 0 0 0 0 0 0 0 1 1 2 1 1 1 1 3 7 7 5
36 24 6 2 1 6 6 11 28 19 4 3 2 1 1 2 1 6 19 33 10 22 29 7 4 3 1 3 4 1 3 5 2 2 1 2 1 1 1 1 2 1 0 1 1 6 10 4 2 1 1 0 0 0 0 0 0 0 0 0 0 0 0 0 0 0 0 0 0 0 0 0 0 0 0 0 0 0 0 0 0 0 0 0 0 0 1 1 1 1 1 2 3 3 4 5
37 23 9 6 1 2 4 7 38 5 5 2 1 1 1 1 1 3 17 7 1 9 54 6 3 3 1 2 2 3 2 2 1 1 1 1 1 0 0 1 1 1 0 0 1 2 8 3 3 1 1 0 0 0 0 0 0 0 0 0 0 0 0 0 0 0 0 0 0 0 0 0 0 0 0 0 0 0 0 0 0 0 0 0 0 0 1 1 1 1 2 1 2 3 4 3
31 20 8 3 3 1 3 4 22 6 1 3 2 1 1 0 1 5 5 3 10 18 40 17 4 2 2 4 1 4 2 1 1 1 1 1 1 1 0 0 0 0 0 1 3 4 5 5 7 4 2 1 0 0 0 0 0 0 0 0 0 0 0 0 0 0 0 0 0 0 0 0 0 0 0 0 0 0 0 0 0 0 0 0 0 0 1 1 2 2 2 2 3 2 4 6
21 11 6 3 2 2 1 2 5 18 3 1 2 1 1 0 1 2 2 3 3 10 35 14 4 5 2 2 2 4 1 1 1 1 0 0 1 0 0 0 0 0 0 4 1 1 4 2 5 5 4 1 0 0 0 0 0 0 0 0 0 0 0 0 0 0 0 0 0 0 0 0 0 0 0 0 0 0 0 0 0 0 0 0 0 0 0 1 1 1 1 4 3 4 10 6
19 14 5 3 2 2 1 2 2 6 5 1 1 1 0 0 1 1 1 2 3 10 37 11 6 2 3 1 1 2 1 0 0 0 1 0 0 0 0 0 0 0 1 3 0 2 2 1 4 3 2 2 1 0 0 0 0 0 0 0 0 0 0 0 0 0 0 0 0 0 0 0 0 0 0 0 0 0 0 0 0 0 0 0 0 0 0 0 1 1 1 2 2 1 3 4
64 33 11 2 1 1 1 1 1 4 6 2 1 1 1 0 0 1 1 1 3 4 21 8 2 1 2 2 1 1 1 0 0 0 0 0 0 0 0 0 1 1 1 0 0 1 1 1 2 2 3 2 3 1 1 0 0 0 0 0 0 0 0 0 0 0 0 0 0 0 0 0 0 0 0 0 0 0 0 0 0 0 0 0 0 0 0 0 0 1 1 3 2 2 3 1
16 50 28 8 2 1 1 1 1 2 8 2 1 0 0 0 0 0 0 1 2 4 11 12 2 1 1 1 1 1 1 1 0 0 0 0 0 0 0 0 1 2 1 0 0 1 1 0 1 2 1 1 1 1 1 0 0 0 0 0 0 0 0 0 0 0 0 0 0 0 0 0 0 0 0 0 0 0 0 0 0 0 0 0 0 0 0 0 0 1 1 1 1 2 2 3
4 42 6 27 9 3 1 1 1 2 4 1 1 0 0 0 0 0 0 1 2 4 4 8 4 2 1 1 0 1 1 1 0 0 0 0 0 0 0 0 1 1 1 0 0 1 0 0 2 2 1 0 1 0 2 1 0 0 0 0 0 0 0 0 0 0 0 0 0 0 0 0 0 0 0 0 0 0 0 0 0 0 0 0 0 0 0 0 0 1 1 0 1 2 2 2
7 8 3 17 6 6 2 0 0 0 2 1 0 0 0 0 0 0 0 1 0 1 7 8 8 3 2 1 0 0 0 0 0 0 0 0 0 0 0 0 1 0 0 0 0 1 0 0 2 2 1 0 0 0 1 1 0 0 0 0 0 0 0 0 0 0 0 0 0 0 0 0 0 0 0 0 0 0 0 0 0 0 0 0 0 0 0 0 0 0 0 1 2 2 4 4
7 5 4 3 3 1 5 1 0 0 0 1 0 0 0 0 0 0 0 0 1 5 9 7 10 3 2 1 0 0 0 0 0 0 0 0 0 0 0 0 0 0 0 0 0 1 0 1 3 2 1 0 0 0 0 0 0 0 0 0 0 0 0 0 0 0 0 0 0 0 0 0 0 0 0 0 0 0 0 0 0 0 0 0 0 0 0 0 1 0 0 1 1 1 1 2
6 3 5 2 2 1 1 2 0 0 0 0 1 0 0 0 0 0 0 1 3 3 6 4 4 6 1 1 0 0 0 0 0 0 0 0 0 0 0 0 0 0 0 0 0 0 0 0 1 2 1 0 0 0 0 0 0 0 0 0 0 0 0 0 0 0 0 0 0 0 0 0 0 0 0 0 0 0 0 0 0 0 0 0 0 0 0 1 1 0 0 0 0 1 2 3
3 5 5 2 1 0 0 0 0 0 0 0 0 0 0 0 0 0 1 2 1 1 3 2 2 3 1 0 0 0 0 0 0 0 0 0 0 0 0 0 0 0 0 0 0 0 0 0 1 0 1 0 0 0 0 0 0 0 0 0 0 0 0 0 0 0 0 0 0 0 0 0 0 0 0 0 0 0 0 0 1 1 1 1 2 1 1 1 1 1 0 1 0 1 2 2
1 1 1 1 0 0 0 0 0 0 0 0 0 0 0 0 0 0 0 1 1 1 1 4 1 1 1 1 0 0 0 0 0 0 0 0 0 0 0 0 0 0 0 0 0 0 0 2 3 0 0 0 0 0 0 0 0 0 0 0 0 0 0 0 0 0 0 0 0 0 0 0 0 0 0 0 0 0 0 0 0 0 1 1 2 1 2 2 2 1 1 1 1 1 1 2
0 0 0 0 0 0 0 0 0 0 0 0 0 0 0 0 0 0 0 0 0 0 0 1 0 0 0 0 0 0 0 0 0 0 0 0 0 0 0 0 0 0 0 0 0 0 0 0 1 0 0 0 0 0 0 0 0 0 0 0 0 0 0 0 0 0 0 0 0 0 0 0 0 0 0 0 0 0 0 0 0 0 0 0 2 2 4 5 3 4 3 3 3 2 2 7
0 0 0 0 0 0 0 0 0 0 0 0 0 0 0 0 0 0 0 0 0 0 0 0 0 0 0 0 0 0 0 0 0 0 0 0 0 0 0 0 0 0 0 0 0 0 0 0 0 0 0 0 0 0 0 0 0 0 0 0 0 0 0 0 0 0 0 0 0 0 0 0 0 0 0 0 0 0 0 0 0 0 0 0 1 1 1 2 9 9 2 8 6 6 3 5
