sesion_6_simulaciones/modelos_agentes/ejemplos_netlogo/scenarios/cgcm2_a2/rob_2071.asc
NCOLS 322 
NROWS 307 
XLLCORNER 451900 
YLLCORNER 4086900 
CELLSIZE 100 
NODATA_value -9999 
[rows 148 to 221 of 307, columns 0 to 95 of 322]
0 5 2 2 5 9 7 4 1 1 2 33 22 23 20 25 43 26 18 29 7 12 2 1 0 0 0 0 0 0 1 0 0 1 0 1 0 1 1 1 5 5 5 5 9 4 11 12 7 15 7 10 23 7 15 24 23 11 7 26 34 37 29 22 34 46 52 27 34 65 63 53 31 40 64 76 26 22 21 35 33 29 13 20 55 43 15 9 35 31 25 28 49 44 25 49
2 6 4 6 11 13 8 17 15 3 5 16 23 37 42 57 63 29 31 29 29 22 3 7 1 0 0 0 0 0 2 1 0 0 0 0 0 1 1 1 3 2 1 3 7 38 15 13 5 6 5 14 16 15 4 4 5 3 22 17 16 49 29 19 31 55 49 49 52 65 33 15 13 49 35 35 62 14 17 41 38 21 28 22 10 49 21 14 10 18 8 38 23 48 32 13
1 0 2 14 7 22 18 3 9 19 7 12 62 62 64 34 68 53 49 55 31 6 4 2 2 1 0 1 0 0 0 2 1 1 2 1 0 1 2 2 1 1 3 15 29 16 10 7 6 5 6 8 9 9 20 15 19 20 22 23 37 47 23 20 51 49 60 70 45 9 52 30 28 46 69 25 33 9 3 11 23 25 19 33 14 18 42 27 12 16 10 7 14 18 25 9
0 0 1 1 1 1 1 2 4 3 11 4 16 50 53 45 74 71 63 8 2 2 7 5 14 6 2 0 0 0 0 1 8 6 6 11 16 1 1 2 4 9 25 20 6 7 3 7 5 4 10 8 10 9 11 10 23 25 27 30 52 41 37 24 51 73 53 42 76 35 15 53 55 30 39 13 25 44 21 9 12 21 24 13 19 11 16 43 29 15 14 7 5 15 21 18
4 1 1 1 1 1 2 3 4 5 3 14 8 4 3 4 5 4 8 9 5 18 16 13 30 5 17 3 2 2 1 2 7 0 0 0 1 15 1 1 6 3 6 11 9 18 20 27 10 5 10 10 14 13 4 13 17 46 24 44 51 55 67 87 82 64 58 33 40 83 37 30 29 39 22 6 11 12 43 25 13 15 27 22 13 18 12 15 38 13 10 9 3 3 10 9
5 4 3 2 2 1 1 5 0 2 9 7 7 12 8 8 5 14 21 32 55 30 55 24 17 7 6 4 3 12 5 0 0 1 1 0 1 1 5 1 0 25 3 5 9 6 3 6 16 9 16 22 21 16 5 11 18 33 59 45 74 60 74 75 73 77 66 20 36 65 72 50 34 20 31 20 14 11 24 15 23 16 14 22 16 14 11 11 47 26 7 6 7 3 9 11
18 7 18 9 6 5 9 1 2 1 3 5 7 22 24 7 3 13 37 41 59 76 43 64 32 17 28 23 8 9 32 13 3 1 1 1 3 2 2 6 1 16 4 4 13 2 4 6 4 21 26 37 47 35 34 18 24 36 63 56 38 32 71 75 73 63 68 47 36 52 78 25 35 20 15 12 22 7 21 40 15 23 20 11 10 9 10 7 14 11 19 7 4 3 2 4
32 25 33 12 22 10 8 13 2 1 3 2 17 13 5 16 13 10 9 43 59 51 40 50 34 20 30 21 9 2 10 50 33 16 10 3 3 5 5 7 3 16 35 8 12 7 3 4 4 9 8 12 26 7 10 39 24 49 35 19 17 20 25 53 48 18 27 16 47 60 57 50 28 22 29 10 11 15 16 28 24 14 20 15 8 9 8 8 7 7 9 12 7 3 2 2
13 32 20 42 51 27 9 37 4 2 3 3 4 5 15 18 11 21 14 8 13 42 50 13 19 38 13 37 16 2 3 4 20 44 29 10 6 4 4 6 7 23 42 6 9 10 8 13 15 18 18 25 16 17 20 19 34 61 43 40 45 43 18 13 7 25 22 23 18 31 33 54 59 31 15 9 11 15 17 24 26 39 10 13 7 7 5 3 5 8 6 2 11 4 1 2
47 68 42 65 47 10 31 58 10 8 10 3 15 35 28 12 29 19 20 10 12 13 10 42 21 6 10 38 40 9 8 6 4 38 41 28 29 20 18 24 21 10 46 38 9 6 10 16 14 17 27 47 18 31 38 20 13 35 42 33 30 22 10 19 20 6 3 14 36 40 42 56 27 31 14 13 17 16 26 17 20 15 21 7 6 5 2 2 3 3 5 3 4 5 2 1
31 72 23 72 22 52 47 58 7 16 19 7 6 5 17 20 23 51 47 58 15 10 13 16 14 11 16 57 14 59 13 26 18 41 13 29 28 62 24 18 25 13 41 43 48 9 9 8 21 14 17 13 11 27 34 15 31 66 62 69 28 38 46 36 33 14 13 21 27 29 28 39 29 17 28 7 14 23 21 23 12 9 12 11 3 2 1 0 1 2 2 4 3 3 3 2
7 60 40 54 55 63 57 13 20 36 29 15 13 8 9 6 9 21 23 56 31 7 12 18 49 44 38 45 14 57 55 14 16 23 53 56 42 64 79 33 27 8 16 45 46 31 21 12 23 6 5 9 35 33 19 18 27 22 17 21 15 30 50 44 43 29 30 30 21 25 27 26 18 26 7 12 11 16 10 7 8 6 5 7 10 6 3 6 3 2 1 2 3 3 2 1
9 8 6 44 59 56 15 20 50 25 41 52 31 22 9 13 18 19 28 14 26 44 39 12 40 42 47 52 58 22 78 69 27 9 33 75 69 50 38 58 55 10 23 54 65 68 20 14 16 16 11 12 57 22 76 73 72 53 80 63 42 22 29 29 30 28 30 33 28 16 17 24 20 23 11 18 9 8 9 11 5 5 4 8 4 4 4 4 2 3 3 1 1 1 1 0
7 41 23 17 10 32 26 64 66 36 37 46 15 32 7 19 13 15 28 19 24 27 27 12 54 61 55 76 68 51 71 83 71 39 31 8 26 49 34 16 21 12 8 75 72 66 43 47 29 52 73 82 68 37 35 67 55 30 32 52 51 35 42 32 31 23 22 36 27 12 16 14 17 17 11 13 11 11 6 5 4 5 2 3 3 2 3 2 1 1 1 1 0 1 1 1
21 26 18 37 29 13 49 79 64 71 8 34 53 47 64 25 45 16 13 13 15 7 34 59 80 54 79 85 68 67 42 57 76 46 43 20 50 67 77 83 66 36 21 29 76 59 42 83 41 45 72 69 76 40 23 75 83 48 35 24 63 65 22 51 34 31 21 23 21 16 19 15 14 11 9 11 8 7 6 2 2 2 2 2 3 1 2 1 1 1 1 0 0 0 0 0
15 17 46 23 19 7 37 67 46 73 21 33 65 50 70 40 21 32 22 35 40 46 13 49 64 71 81 82 56 81 63 79 72 74 71 73 64 73 78 68 13 50 56 22 9 49 47 65 44 41 65 62 63 65 33 40 71 88 57 42 51 29 31 30 36 46 43 35 21 12 22 11 8 6 6 3 6 3 1 1 1 2 2 1 1 0 1 0 0 1 0 1 1 1 1 1
15 10 5 17 27 27 10 76 21 22 23 39 47 8 36 47 25 27 23 58 57 28 30 17 55 83 76 81 59 86 70 74 69 60 72 71 83 77 75 81 73 48 16 13 6 8 53 55 36 15 25 62 69 71 71 78 81 78 85 44 28 35 32 38 36 36 46 20 15 22 11 7 7 6 2 1 1 1 3 3 4 1 1 1 1 2 3 3 6 1 3 7 3 6 5 3
5 12 29 22 14 10 11 30 37 33 57 53 60 59 24 49 29 50 14 12 31 68 38 25 11 32 38 67 67 36 13 17 13 29 28 34 74 58 61 73 72 57 40 14 5 8 47 45 34 27 20 17 41 73 74 66 50 52 78 71 32 22 31 32 36 33 17 25 13 5 6 8 7 4 3 2 1 1 1 1 2 4 3 5 9 12 13 14 6 5 6 14 12 19 17 6
10 8 10 9 18 13 18 16 17 16 33 64 64 70 14 12 23 55 56 31 27 22 44 14 26 34 25 29 16 22 37 27 40 36 59 35 28 25 23 23 19 33 22 10 10 13 32 36 49 25 27 26 5 39 34 47 50 59 40 54 49 26 51 49 39 23 21 11 12 8 7 7 3 1 3 3 1 1 1 3 14 16 10 18 22 26 23 32 21 23 47 47 23 36 19 10
5 6 11 29 24 29 26 20 25 23 36 7 12 16 26 32 20 15 59 61 52 27 31 10 27 51 47 39 26 29 48 56 29 58 30 23 24 31 32 31 19 13 17 15 27 26 51 46 48 39 23 12 15 16 19 46 20 15 13 39 23 31 31 18 26 13 9 12 11 4 4 2 3 2 4 4 5 1 12 14 28 28 28 35 36 54 52 37 34 41 15 6 10 9 9 26
9 13 28 13 15 20 21 14 27 49 13 16 36 34 19 38 6 10 14 24 30 23 17 18 31 24 39 32 57 19 48 34 29 37 25 24 33 56 24 53 29 15 12 10 10 18 27 45 34 34 20 34 32 21 29 27 26 22 26 36 52 44 27 9 13 11 10 4 5 3 3 16 15 9 9 14 5 9 21 44 59 46 46 70 61 56 54 37 48 44 19 6 2 2 5 17
23 47 42 53 20 17 19 16 29 37 20 23 35 34 28 14 19 18 37 36 21 25 34 20 28 25 20 39 22 23 37 32 36 30 20 24 19 42 18 51 35 25 18 7 4 3 15 19 67 59 32 26 59 29 15 37 44 58 51 39 46 24 15 9 10 7 3 3 8 7 16 27 34 14 20 23 13 25 49 55 68 82 48 76 57 54 42 43 36 32 20 14 3 2 2 3
6 7 4 6 9 9 31 24 40 20 25 13 23 44 14 6 13 19 21 18 9 7 7 19 26 21 16 22 26 31 31 34 17 24 18 8 29 19 32 50 26 28 42 19 19 8 6 19 24 46 30 41 32 15 19 32 34 28 22 12 11 7 4 2 3 1 8 18 30 22 36 48 47 30 44 31 17 37 59 60 84 67 52 45 29 6 6 24 10 13 8 4 4 1 1 6
8 16 11 23 17 25 14 22 26 23 8 11 20 23 29 27 33 13 13 13 16 5 8 25 49 37 22 19 28 16 13 31 63 29 18 12 28 16 53 16 39 21 29 26 15 8 13 15 10 23 31 26 11 20 19 17 44 17 11 8 5 15 15 21 9 16 26 43 41 39 39 55 37 38 45 40 31 45 62 73 73 55 34 25 18 9 8 8 14 5 4 3 2 1 1 1
6 8 8 17 31 6 8 12 11 18 15 11 32 22 53 30 22 37 29 21 48 19 25 23 41 47 21 43 13 22 28 21 53 53 30 20 21 34 32 13 15 15 23 28 10 19 13 8 9 13 15 22 19 20 22 18 10 5 5 20 18 34 32 33 24 25 43 49 62 61 43 58 58 59 44 58 56 60 62 65 57 70 40 25 12 14 9 4 21 8 3 1 0 1 1 2
7 5 9 15 6 8 7 18 26 18 22 31 27 20 16 18 59 57 29 31 34 26 39 17 25 39 47 31 14 15 11 16 19 17 27 38 9 14 38 31 24 30 22 14 23 16 16 15 9 14 16 19 33 24 14 11 14 19 28 46 39 37 50 38 30 47 50 49 64 47 54 63 75 44 50 55 63 69 79 56 27 21 22 26 19 11 6 4 3 4 2 1 1 1 1 1
5 10 11 8 4 30 24 16 37 54 61 54 48 58 27 15 19 41 32 43 8 26 47 19 25 21 34 46 26 42 25 20 16 17 33 47 17 29 34 42 34 7 8 15 11 15 7 7 14 19 19 35 27 19 26 16 24 26 48 43 38 38 51 39 35 44 52 37 65 57 44 71 56 43 51 73 63 67 27 81 56 54 24 16 18 12 7 7 2 1 1 1 0 0 0 0
5 6 8 7 4 5 9 18 21 31 41 61 47 44 56 15 26 25 15 15 18 41 48 24 12 16 9 24 14 19 15 16 25 23 38 32 16 32 40 37 26 13 5 5 11 11 14 26 14 15 31 22 17 36 22 20 31 50 49 54 46 44 46 35 38 61 62 48 66 61 61 62 79 76 59 62 71 66 28 24 50 59 38 28 11 7 7 7 3 2 1 0 0 1 1 0
4 4 20 4 16 3 8 8 17 23 8 11 9 10 17 28 27 25 54 19 30 45 25 29 7 28 11 31 12 9 16 19 20 17 24 21 21 23 30 33 23 11 4 9 11 12 17 19 19 19 22 37 25 21 20 34 45 43 41 44 42 32 49 47 49 66 60 64 64 85 74 67 62 74 25 25 17 53 56 34 19 40 21 14 10 7 8 2 1 3 2 1 1 0 0 0
4 15 13 39 3 40 34 3 16 10 23 12 32 19 27 20 26 18 17 19 11 28 12 17 13 9 11 14 6 17 21 15 15 18 19 13 17 13 18 29 19 16 17 23 30 13 23 14 30 39 37 50 36 22 34 39 40 51 31 38 57 43 55 59 49 66 53 74 35 54 82 80 77 64 75 56 39 17 13 27 21 13 28 22 18 12 9 12 4 1 1 1 1 0 0 0
33 13 5 14 29 13 7 15 14 16 8 20 11 11 34 16 17 3 15 22 18 7 12 15 9 5 8 3 6 3 5 11 10 32 8 9 10 15 14 6 11 21 7 12 11 20 8 20 34 45 40 39 33 32 30 50 40 48 45 40 47 55 45 50 62 68 46 47 79 34 77 80 58 76 79 82 64 58 55 39 33 22 8 5 11 15 8 8 3 2 1 0 1 0 0 0
18 61 17 29 5 9 6 12 8 8 23 6 11 26 38 45 49 14 13 31 13 8 3 6 13 4 5 4 4 3 3 10 12 14 5 8 8 7 24 17 10 20 9 39 18 19 20 16 36 43 28 27 28 28 27 33 53 46 40 63 58 70 49 46 59 22 40 41 39 51 38 72 46 61 76 80 80 87 71 55 56 63 60 35 9 6 8 7 3 1 1 0 0 0 0 0
5 13 8 9 17 18 8 6 7 8 16 8 27 10 7 9 7 13 13 17 26 6 12 8 8 3 3 1 3 4 5 9 6 6 6 5 7 15 21 15 9 8 19 38 9 27 21 23 28 47 20 25 26 26 27 31 45 54 40 53 68 40 39 71 73 64 44 32 20 7 18 21 35 35 65 73 67 73 76 56 74 59 48 18 12 13 11 6 6 2 1 1 0 0 0 0
5 7 16 11 11 12 9 5 2 10 1 2 6 8 35 16 31 9 9 10 16 6 4 6 5 4 6 2 2 2 5 3 4 8 2 2 4 16 9 9 5 11 11 20 18 16 20 22 29 25 14 25 19 20 32 22 44 57 62 55 55 69 26 10 9 15 21 41 36 27 14 12 7 20 32 59 49 71 83 43 60 76 45 26 19 9 8 7 4 2 1 1 1 0 0 0
3 18 9 5 5 7 4 3 1 2 2 3 3 10 12 9 13 12 12 13 7 12 3 9 4 4 8 1 1 3 1 2 6 4 5 8 9 19 2 2 6 13 11 18 15 10 12 14 18 11 24 37 29 36 39 33 51 43 43 28 33 62 21 21 42 58 64 51 51 39 34 45 16 6 12 42 38 65 76 62 44 43 36 27 15 13 11 7 5 3 2 2 1 0 0 0
2 5 6 5 5 5 4 2 1 0 1 2 5 2 4 8 6 9 3 2 1 1 3 1 1 7 4 1 3 2 1 1 4 2 1 2 5 6 5 6 7 7 16 19 7 8 12 11 19 22 41 66 47 68 64 78 61 49 55 31 21 7 65 42 16 54 69 50 54 56 59 41 21 18 8 10 12 29 63 36 25 13 9 17 5 10 4 3 4 4 3 2 1 1 0 0
5 1 1 4 1 2 1 0 0 0 0 0 0 1 5 2 1 2 3 1 1 1 1 1 1 1 1 1 2 1 0 0 0 1 2 1 4 3 2 5 8 24 46 66 39 40 26 23 22 13 69 30 73 65 48 58 35 38 53 66 20 17 18 78 28 30 43 67 48 42 65 69 73 42 28 12 6 3 4 4 5 5 4 11 10 3 3 1 1 3 1 1 1 1 0 0
0 0 1 1 1 1 0 0 0 1 2 0 0 0 1 2 2 1 2 1 1 1 1 1 0 0 1 1 1 0 0 0 0 3 14 15 17 29 41 43 47 63 31 67 49 56 61 10 30 54 23 22 56 48 57 61 39 66 71 50 43 28 13 53 71 26 9 35 64 74 62 59 34 33 40 32 14 5 7 2 6 6 5 3 8 8 2 2 1 1 1 0 0 0 0 0
0 0 0 0 0 0 1 7 13 1 3 2 7 0 0 1 1 0 1 0 0 0 0 0 0 0 2 2 2 0 0 1 1 0 1 11 21 42 29 38 38 63 37 40 63 62 61 22 17 23 74 48 20 46 16 32 29 64 79 60 55 39 26 31 83 37 35 18 43 59 81 26 12 24 27 44 29 23 19 10 5 3 2 2 3 6 3 1 1 0 1 1 0 0 0 0
1 1 1 1 1 5 7 3 4 5 6 2 3 2 1 0 0 0 0 0 0 0 3 1 5 4 1 1 2 0 0 2 2 1 2 2 5 35 43 46 34 32 23 25 54 68 79 78 23 26 47 53 33 21 46 14 47 52 77 70 21 32 24 13 81 56 25 24 25 76 76 85 46 36 26 17 13 10 7 7 11 10 4 1 2 1 4 2 1 1 0 1 1 0 0 0
3 3 1 13 6 9 12 22 17 15 4 5 6 2 1 0 0 0 0 0 0 0 0 0 1 1 4 3 1 1 1 1 1 3 1 3 10 29 42 61 42 21 14 22 34 71 81 82 84 80 25 35 33 33 24 13 33 58 66 70 25 34 38 30 57 86 59 38 23 13 18 47 21 25 16 37 24 9 6 4 4 4 5 4 2 1 1 2 1 1 0 1 0 0 0 0
4 7 9 10 19 16 23 11 28 23 11 22 13 4 17 7 5 2 1 0 0 0 0 0 0 1 1 6 1 1 1 1 3 2 5 6 6 6 3 2 44 42 13 27 19 26 52 60 79 85 74 43 45 58 35 52 34 63 76 60 65 24 43 37 29 82 90 69 49 19 11 14 46 29 18 15 24 25 9 6 3 3 3 4 3 1 0 1 1 1 0 0 0 0 0 0
0 1 2 15 28 19 51 63 60 59 39 31 14 22 38 23 7 3 6 1 1 0 0 1 1 2 6 1 1 1 1 3 8 3 6 10 9 9 8 7 7 17 16 17 11 25 61 34 69 77 87 53 47 46 60 56 11 57 71 68 65 48 37 32 19 73 80 82 55 51 11 5 33 53 23 6 8 5 11 3 4 3 3 2 3 1 1 0 1 1 1 0 0 0 0 0
2 3 4 33 37 53 66 59 56 76 79 43 50 47 45 31 14 20 11 6 2 0 1 2 6 22 17 2 1 2 2 4 3 5 4 7 9 13 17 11 8 8 8 7 23 28 46 38 12 64 78 84 45 35 46 23 18 16 45 54 84 78 21 25 47 57 58 79 32 48 35 7 8 32 23 14 8 8 10 8 4 4 1 1 1 1 1 0 0 1 0 0 0 0 0 0
1 1 1 1 2 3 14 22 26 10 38 68 83 67 58 25 19 39 14 9 14 1 2 1 1 2 16 29 4 1 3 4 4 10 9 6 11 12 22 12 20 29 24 18 15 9 57 60 43 31 55 76 63 33 15 14 34 13 21 52 47 44 33 28 30 45 27 75 29 37 25 28 4 14 18 22 16 12 11 8 7 3 1 1 0 1 1 0 0 0 0 0 0 0 0 0
0 1 1 7 10 13 54 19 21 15 19 20 63 80 80 54 44 44 13 24 6 12 3 10 6 2 1 3 5 2 1 4 7 18 5 6 5 10 20 19 16 19 14 16 29 29 28 11 39 65 35 47 14 17 9 26 20 31 24 26 51 57 42 35 15 18 18 62 65 20 10 20 18 5 9 8 15 6 4 3 3 2 2 2 0 1 0 0 1 0 0 0 0 0 0 0
0 1 1 1 4 3 11 13 10 22 12 3 12 38 64 77 73 17 3 3 4 16 8 16 8 8 5 2 2 4 3 31 20 7 34 13 14 16 20 14 19 33 44 31 40 27 35 20 22 21 70 44 36 25 18 14 25 30 23 26 46 65 45 28 26 18 29 47 64 43 17 8 25 14 8 2 3 7 6 4 2 2 2 1 1 0 0 0 0 0 0 0 0 0 0 0
1 0 1 2 5 8 5 6 8 13 21 14 34 11 12 18 26 12 5 10 24 3 6 13 42 39 4 5 3 32 12 12 37 30 47 15 58 21 15 15 19 21 21 34 28 32 33 24 25 29 28 39 26 26 32 24 20 29 15 7 15 25 39 33 36 24 20 27 37 43 22 22 25 12 13 5 2 6 5 2 3 1 1 1 0 0 0 0 0 0 0 0 0 0 0 0
10 1 8 2 2 5 5 9 14 25 15 19 6 20 32 17 24 17 6 15 2 12 12 8 4 12 14 24 22 4 11 27 23 10 15 16 8 44 13 21 22 30 14 21 16 17 17 28 33 38 22 12 44 43 32 40 24 21 19 19 11 20 40 23 20 20 11 15 24 39 10 13 11 7 7 5 2 2 3 4 2 1 1 1 0 0 0 0 0 0 0 0 0 0 0 0
17 13 1 1 5 2 16 38 6 7 17 16 13 35 12 23 8 6 4 2 5 8 9 12 10 6 9 12 6 11 4 35 14 31 23 41 6 17 32 10 16 29 23 36 35 14 21 26 22 36 17 30 8 20 19 50 18 24 19 30 21 19 8 8 5 2 2 4 9 9 6 2 8 6 4 8 6 3 4 2 1 1 1 1 0 0 0 0 0 0 0 0 0 0 0 0
16 13 40 5 4 19 2 2 25 24 5 21 8 31 12 20 17 7 6 14 19 27 12 5 13 16 12 16 41 40 26 6 6 10 26 16 14 4 48 26 26 20 10 15 35 29 20 14 26 35 27 9 44 29 20 47 30 12 19 10 9 17 8 6 2 2 1 1 5 10 8 3 2 5 5 7 5 3 6 2 1 1 0 0 0 0 0 0 0 0 0 0 0 0 0 0
6 17 29 14 2 1 14 5 1 5 13 9 4 7 20 11 6 3 5 8 17 17 38 25 19 19 18 17 53 63 30 18 8 21 32 23 37 15 5 51 19 30 28 26 15 14 20 30 26 31 16 7 14 7 6 22 16 13 11 6 7 13 8 6 5 3 1 1 1 3 5 3 6 5 5 8 8 4 2 2 1 0 0 0 0 0 0 0 0 0 0 0 0 0 0 0
26 13 43 19 30 7 2 39 6 13 36 8 23 18 8 29 6 5 5 5 5 16 25 21 21 27 25 25 39 72 69 45 17 14 58 40 39 25 10 24 59 20 19 52 31 32 25 33 35 20 13 5 4 7 6 7 13 10 6 4 3 4 5 8 3 3 1 1 1 0 1 2 2 1 1 2 3 4 2 1 1 0 0 0 0 0 0 0 0 0 0 0 0 0 0 0
30 21 15 31 12 16 23 6 49 24 40 61 32 38 23 10 9 8 11 33 9 26 47 33 23 26 30 23 14 19 63 49 32 21 21 52 30 21 16 10 16 42 16 13 16 19 23 33 51 31 41 16 9 7 5 4 6 4 4 13 4 2 2 2 1 1 1 1 0 0 0 0 0 0 0 1 1 1 2 1 1 0 0 0 0 0 0 0 0 0 0 0 0 0 0 0
10 43 30 40 29 36 54 40 20 16 8 5 11 8 12 34 19 10 25 5 43 15 55 59 25 29 34 22 13 6 11 39 56 30 11 32 39 17 38 27 20 11 35 36 21 20 36 26 39 22 46 18 8 6 5 4 4 3 2 4 5 3 1 1 0 0 1 1 0 0 0 0 0 0 0 0 0 0 1 0 0 0 0 0 0 0 0 0 0 0 0 0 0 0 0 0
9 10 3 18 20 3 5 3 19 12 31 29 30 34 15 19 34 28 26 20 15 12 50 78 48 40 37 39 22 6 7 7 50 29 33 27 47 15 39 43 29 14 11 35 25 34 26 25 33 15 5 6 10 9 8 6 2 1 1 0 1 1 1 0 1 0 1 0 0 0 0 0 0 0 0 0 0 0 1 0 0 0 0 0 0 0 0 0 0 0 0 0 0 0 0 0
6 10 8 3 4 9 7 6 7 20 11 18 15 7 15 32 11 9 18 34 17 65 36 62 65 42 53 43 44 19 8 11 8 26 32 36 45 18 41 25 30 31 23 19 35 23 25 41 34 26 19 8 11 5 4 4 2 1 0 0 0 0 0 0 0 0 0 0 0 0 0 0 0 0 0 0 0 0 0 0 0 0 0 0 0 0 0 0 0 0 0 0 0 0 0 0
13 10 9 5 10 19 9 6 12 12 5 10 14 5 14 22 14 18 10 13 54 35 25 24 74 40 14 12 13 9 11 5 12 5 11 18 83 62 28 39 27 14 23 26 16 29 18 21 43 39 32 14 8 4 3 3 1 0 0 1 2 2 1 1 1 1 0 0 0 0 0 0 0 0 0 0 0 0 0 0 0 0 0 0 0 0 0 0 0 0 0 0 0 0 0 0
5 3 3 3 1 4 4 6 3 2 10 8 13 3 8 16 9 15 25 62 34 23 40 50 72 58 22 16 17 21 18 19 7 11 13 8 6 8 26 24 17 31 12 24 20 32 34 22 45 25 31 26 14 7 3 1 1 1 1 2 4 6 7 4 1 1 1 1 0 0 0 0 0 0 0 0 0 0 0 0 0 0 0 0 0 0 0 0 0 0 0 0 0 0 0 0
2 1 3 1 3 3 3 2 1 1 2 3 7 7 5 6 6 17 22 15 19 22 10 5 13 11 9 13 33 36 19 42 32 13 10 7 9 8 7 20 16 34 24 12 32 22 37 26 24 13 17 14 9 7 2 2 1 2 5 7 9 8 6 5 3 1 1 2 1 1 1 1 0 0 0 0 0 0 0 0 0 0 0 0 0 0 0 0 0 0 0 0 0 0 0 0
2 1 2 0 1 1 3 7 18 17 15 1 2 5 6 2 6 17 43 25 35 11 20 13 9 13 37 22 25 31 45 32 21 22 26 5 3 5 8 12 10 18 27 29 28 26 17 13 30 15 10 8 5 3 4 6 3 8 12 9 16 12 10 7 5 4 4 5 5 3 2 1 0 0 1 0 0 0 0 0 0 0 0 0 0 0 0 0 0 0 0 0 0 0 0 0
0 1 0 0 3 4 1 12 34 42 23 23 9 3 5 10 10 23 28 13 8 11 25 19 15 18 30 14 7 21 20 13 6 13 24 14 6 5 11 7 5 9 9 11 17 17 17 12 18 13 6 3 5 7 12 11 11 14 17 18 11 16 17 12 18 8 9 7 7 6 1 1 0 0 1 0 1 0 0 0 0 0 0 0 0 0 0 0 0 0 0 0 0 0 0 0
0 1 3 3 4 4 10 8 2 11 30 31 23 34 38 34 61 25 21 32 7 5 25 13 18 26 15 13 8 13 20 21 21 17 25 13 9 21 22 7 4 21 11 16 11 6 18 8 8 6 5 7 14 22 22 24 17 15 16 17 14 24 25 31 28 19 11 9 9 5 3 2 4 2 1 1 0 0 0 0 0 0 0 0 0 0 0 0 0 0 0 0 0 0 0 0
2 0 0 1 12 11 21 56 49 25 30 60 45 34 59 42 75 73 68 44 17 37 4 6 6 6 24 28 28 39 13 52 54 24 9 12 4 16 15 9 26 12 12 10 14 8 11 9 7 7 14 15 31 46 43 29 39 21 26 24 17 32 35 34 26 20 15 12 12 10 7 1 1 0 0 0 1 0 0 0 0 0 0 0 0 0 0 0 0 0 0 0 0 0 0 0
3 4 12 2 1 15 35 51 61 21 21 66 27 26 57 34 32 15 30 49 12 22 13 11 7 14 19 30 31 50 23 15 15 39 20 19 7 28 13 13 18 26 22 21 23 34 32 25 8 29 40 36 40 55 59 54 26 17 52 33 27 36 34 25 36 36 7 23 23 10 6 4 2 1 0 1 2 1 0 0 0 0 0 0 0 0 0 0 0 0 0 0 0 0 0 0
15 3 6 23 9 4 5 11 16 53 12 56 30 35 49 19 8 13 26 14 11 6 17 9 15 26 27 14 10 33 23 16 9 7 10 9 22 26 12 10 40 42 24 51 43 24 24 14 13 34 55 49 50 78 45 40 35 20 63 31 27 35 48 50 37 28 22 27 12 5 6 3 3 4 1 1 2 1 1 0 0 0 0 0 0 0 0 0 0 0 0 0 0 0 0 0
36 36 6 30 27 48 45 24 7 9 35 73 57 14 62 19 22 15 27 15 8 7 28 12 24 20 23 21 18 15 10 13 15 21 25 17 33 6 12 22 38 39 52 55 36 19 11 20 36 29 46 65 76 45 32 43 42 27 69 36 62 28 52 29 30 58 36 18 28 10 6 6 13 10 2 0 1 1 1 0 0 0 0 0 0 0 0 0 0 0 0 0 0 0 0 0
27 42 46 35 39 75 52 78 54 6 26 61 6 17 49 38 24 9 42 6 6 6 14 8 36 24 13 11 12 4 3 13 25 16 36 11 41 9 30 26 55 56 66 33 31 22 22 41 48 43 40 65 64 41 50 63 53 39 73 70 43 53 47 55 70 47 38 29 19 7 8 31 12 1 2 2 1 1 1 0 0 0 0 0 0 0 0 0 0 0 0 0 0 0 0 1
43 63 62 71 70 69 76 81 63 30 24 25 31 8 47 30 21 13 8 5 5 9 22 11 18 15 14 30 23 23 24 27 17 8 13 23 55 25 29 37 64 65 50 34 19 33 35 63 68 47 42 61 49 35 48 71 37 63 64 62 68 33 46 78 76 49 40 21 25 28 16 15 6 4 4 1 1 1 1 0 0 0 0 0 0 0 0 0 0 0 0 0 0 0 0 3
5 61 76 55 76 23 53 69 69 67 57 62 40 8 48 68 38 11 15 10 5 13 19 12 9 14 25 7 10 12 4 11 8 25 54 32 49 21 22 38 63 45 29 14 29 51 44 50 73 52 56 60 28 50 69 62 30 60 44 75 61 66 75 67 54 35 44 20 9 4 3 2 1 1 0 0 0 0 0 0 0 0 0 0 0 0 0 0 0 0 0 0 0 0 1 2
14 16 38 12 6 7 12 11 17 7 11 24 56 13 8 44 62 41 29 21 11 10 6 9 24 6 14 14 38 34 7 17 21 26 65 61 70 33 23 46 42 23 15 33 54 52 45 48 71 46 61 71 60 62 78 58 62 34 60 67 45 69 60 24 11 13 8 13 23 18 16 10 10 3 1 0 0 0 0 0 0 0 0 0 0 0 0 0 0 0 0 0 0 1 2 3
13 14 5 9 16 38 45 14 21 3 9 9 5 2 10 5 9 14 7 5 4 21 10 13 5 24 19 28 14 24 24 47 34 37 60 67 48 41 37 51 26 26 30 49 56 51 59 37 58 67 64 83 87 69 69 83 84 67 83 82 81 86 67 72 50 44 39 30 15 4 6 4 2 2 2 2 1 1 0 0 0 0 0 0 0 0 0 0 0 0 0 0 0 0 2 5
21 28 20 21 35 44 53 39 14 11 20 12 14 10 10 14 11 4 4 5 8 26 9 11 22 25 11 52 43 32 45 56 42 46 64 31 19 31 17 48 38 29 33 45 56 61 66 52 62 73 66 78 76 76 31 47 81 87 86 71 30 23 46 40 69 44 28 40 11 5 3 4 5 2 1 0 0 0 0 0 0 0 0 0 0 0 0 1 1 0 0 0 0 0 2 2
15 3 19 24 35 32 45 26 6 13 12 16 36 27 11 13 5 8 7 8 2 5 38 25 14 4 11 28 34 26 26 38 54 29 55 16 29 22 7 47 33 35 46 56 52 69 76 60 80 86 61 42 44 36 24 26 64 73 64 40 53 41 36 45 33 27 23 11 18 11 8 3 3 2 1 1 0 0 0 0 0 0 0 0 0 0 0 1 2 1 1 0 0 2 4 3
