sesion_6_simulaciones/modelos_agentes/ejemplos_netlogo/scenarios/cgcm2_a2/rob_2033.asc
NCOLS 322 
NROWS 307 
XLLCORNER 451900 
YLLCORNER 4086900 
CELLSIZE 100 
NODATA_value -9999 
[rows 0 to 72 of 307, columns 192 to 287 of 322]
43 40 23 13 36 61 35 17 17 22 24 9 7 5 7 6 4 4 6 5 4 4 3 3 6 9 5 10 11 29 8 2 2 0 0 0 1 1 1 4 4 2 2 9 13 17 14 25 41 46 31 34 40 48 46 58 45 82 48 41 8 11 17 42 53 37 54 49 25 37 20 11 15 20 38 22 19 36 57 26 14 17 16 20 18 13 32 27 26 27 10 22 34 61 20 6
51 30 37 34 42 61 21 31 45 28 20 14 23 20 12 10 14 3 6 8 8 4 2 2 2 10 3 4 3 5 25 10 2 1 0 0 1 1 2 1 3 1 1 2 4 7 14 15 32 72 82 64 45 45 46 45 69 69 68 20 24 13 45 39 50 45 53 38 43 18 6 23 11 20 50 23 53 38 33 35 26 33 35 21 16 8 22 30 31 28 16 28 24 30 16 12
29 56 36 35 61 51 37 19 11 28 29 29 42 43 25 37 22 19 27 25 20 8 5 2 1 2 2 1 1 1 2 10 6 2 2 1 0 0 1 0 0 1 3 9 9 17 19 25 33 53 59 53 62 51 67 75 42 38 47 25 23 30 39 28 32 59 28 25 20 26 14 16 14 20 62 23 61 49 25 42 28 25 31 32 17 5 14 17 31 23 16 43 23 41 13 3
40 41 65 55 45 37 34 34 34 56 33 50 64 51 44 59 42 22 32 46 31 25 17 7 4 3 0 1 1 0 1 2 1 1 1 1 1 0 0 0 1 3 2 2 5 21 20 25 10 22 16 20 32 61 50 57 53 21 29 36 39 20 23 42 29 56 44 38 53 20 30 25 9 8 43 23 32 27 34 40 30 29 31 35 19 6 12 27 41 17 30 26 24 38 10 2
30 23 45 15 52 59 53 39 55 50 48 36 41 34 44 62 48 53 55 56 50 25 18 17 8 11 5 8 6 1 0 0 1 0 1 1 0 0 0 1 1 1 2 4 4 6 7 14 38 57 61 52 48 42 65 70 33 28 10 12 36 35 26 41 41 55 35 25 16 11 8 8 11 7 22 22 18 33 57 64 54 21 20 42 38 28 4 23 26 36 33 19 34 48 16 3
32 26 44 38 25 32 56 29 53 45 32 41 17 41 51 52 56 55 23 19 37 19 14 21 17 15 7 13 8 3 2 1 0 0 0 0 0 0 0 0 1 1 3 7 18 35 43 53 50 34 39 41 46 64 81 60 38 29 10 47 65 63 56 56 42 63 26 32 39 31 40 29 24 18 13 19 28 26 37 29 41 63 46 35 39 28 9 18 24 28 13 19 30 30 19 5
24 13 16 36 25 20 54 22 16 30 38 65 39 21 40 53 47 49 28 11 13 30 37 43 20 17 17 10 10 8 6 3 3 2 1 0 1 1 0 0 1 1 4 7 26 18 26 32 53 41 45 80 45 70 75 44 30 33 18 37 51 58 57 59 67 59 51 45 44 18 28 28 21 31 27 14 6 20 39 43 32 57 37 19 11 37 13 11 14 14 14 28 44 53 14 13
17 13 13 18 39 30 47 56 18 9 18 27 46 15 7 21 13 23 28 15 11 20 10 17 19 16 16 10 15 11 10 9 7 7 5 2 3 1 0 0 1 4 8 14 21 29 31 54 75 72 71 48 61 60 67 39 24 10 19 24 33 29 28 23 24 53 33 26 47 27 25 19 24 30 31 20 6 28 48 25 51 65 45 20 12 31 23 12 13 26 26 29 55 35 20 15
32 25 23 14 23 20 33 59 58 27 13 13 23 35 18 13 8 22 28 20 16 23 6 12 30 19 15 16 15 21 20 17 16 14 8 6 2 1 0 1 2 3 8 12 34 30 25 41 50 66 52 34 74 57 54 24 11 46 66 52 62 52 60 45 52 76 45 34 15 16 24 21 23 25 20 12 8 15 19 33 46 58 46 30 14 14 16 10 9 31 24 35 30 40 19 28
22 25 25 14 13 7 27 28 54 44 33 18 17 20 25 11 10 8 24 21 19 28 9 9 16 17 14 11 7 14 2 7 14 13 10 3 1 1 0 1 1 2 6 11 21 9 10 44 25 23 21 78 53 57 34 16 29 57 62 74 55 83 70 42 61 33 56 46 43 18 19 29 27 15 12 8 7 11 40 21 13 45 49 45 25 11 21 7 9 13 16 41 28 39 23 53
29 26 27 26 13 8 4 6 10 26 16 12 9 24 14 10 12 3 6 17 12 26 29 6 7 7 26 10 3 9 14 3 1 1 2 6 3 1 1 1 1 2 8 17 5 16 22 26 7 14 57 61 32 43 20 12 29 45 42 58 78 80 48 30 33 48 57 57 63 46 56 37 33 28 17 12 5 5 14 27 28 53 67 43 47 17 11 15 4 14 37 17 24 19 19 61
52 35 18 21 22 20 14 8 6 6 7 6 10 10 8 6 5 9 5 6 16 19 16 8 1 5 18 10 4 4 13 13 2 1 1 1 4 2 0 1 5 6 9 3 2 2 13 4 8 36 64 47 25 19 8 35 38 33 41 77 64 58 15 27 40 43 67 62 53 60 45 37 42 43 39 27 9 7 21 24 25 72 49 58 42 33 13 8 6 21 23 13 33 12 36 69
59 45 41 55 47 43 39 22 36 21 17 10 5 4 4 4 3 15 11 4 3 7 7 7 1 4 7 5 4 1 1 6 1 0 0 0 1 2 0 1 4 4 3 7 7 6 19 3 13 46 38 15 3 16 44 55 56 62 83 70 20 27 30 21 22 23 37 38 61 41 22 34 53 56 51 28 10 3 19 29 56 62 27 37 53 34 18 5 6 21 18 13 37 12 30 43
69 65 62 66 62 58 45 41 38 37 32 31 12 9 5 4 2 2 2 1 3 2 1 3 2 4 4 4 1 1 1 3 3 1 0 0 1 2 1 1 1 3 3 1 1 9 5 4 18 14 8 2 7 20 32 41 68 62 54 14 48 63 56 44 46 25 22 21 55 45 58 69 48 34 29 30 14 5 11 23 54 25 19 38 65 38 25 11 4 8 9 11 20 11 25 21
28 65 69 67 60 64 43 50 25 27 40 27 21 21 19 14 10 4 1 1 1 1 0 2 2 2 2 1 0 0 1 2 2 1 0 0 1 2 2 1 1 1 2 1 1 2 2 3 5 4 1 3 8 12 27 43 43 12 37 51 63 57 58 79 83 72 64 46 48 59 64 52 59 44 24 18 10 5 11 23 31 16 10 50 66 66 41 40 16 3 6 10 10 10 30 26
41 58 67 50 55 74 59 35 53 40 27 36 32 37 37 19 14 4 3 3 2 1 0 0 2 1 0 0 0 0 0 1 2 3 1 1 1 1 1 2 1 1 1 1 0 1 3 4 2 2 6 5 5 10 18 26 12 41 45 47 59 71 81 71 66 75 41 33 66 19 50 78 54 41 46 45 42 21 8 24 26 14 5 12 32 61 18 11 15 15 3 12 7 9 32 26
68 19 69 50 44 68 75 75 44 24 37 33 45 42 32 23 21 14 8 8 5 5 2 1 0 1 2 2 1 1 0 0 0 1 1 1 1 1 1 2 1 1 1 1 0 0 0 1 2 8 6 16 16 10 9 29 42 43 46 46 67 58 77 68 69 45 32 59 45 37 39 21 56 34 59 64 64 42 28 9 40 23 16 4 12 36 44 13 4 6 3 3 6 14 9 10
45 15 53 33 51 60 65 43 69 76 46 55 58 21 20 17 23 20 14 10 9 7 5 2 2 2 4 3 2 2 0 0 0 0 0 1 1 1 1 1 1 1 0 0 0 1 2 5 7 8 11 28 27 28 12 30 33 61 59 57 75 61 57 51 33 32 49 62 49 33 19 20 50 55 62 59 65 63 42 13 9 20 19 13 4 13 27 17 12 2 5 1 7 10 4 4
30 34 35 37 24 51 58 34 37 72 41 63 74 44 31 21 32 46 41 24 18 8 4 3 4 3 6 5 8 2 2 2 2 1 1 0 0 0 1 1 0 0 0 0 1 2 6 7 7 9 20 33 29 23 35 41 48 46 34 48 65 33 19 13 31 34 30 79 64 24 26 17 53 50 16 33 71 59 60 41 11 7 32 17 9 3 13 17 16 6 1 1 8 4 1 1
34 14 20 29 20 27 63 26 18 46 54 68 68 51 54 43 13 21 23 32 16 12 9 6 8 7 7 10 9 8 4 3 3 2 1 1 0 0 0 0 0 0 0 1 5 5 6 12 6 14 29 24 39 39 46 49 16 12 27 46 73 30 15 39 53 46 60 67 49 39 25 11 20 54 44 16 35 45 54 52 40 9 8 19 13 4 2 9 18 11 1 1 5 1 5 10
56 21 22 21 6 16 46 22 31 21 43 31 49 22 30 35 9 6 17 36 21 27 12 6 19 15 9 6 6 5 3 2 2 2 3 1 1 0 0 0 0 0 1 4 5 7 3 4 14 33 22 28 49 60 71 66 45 35 47 49 50 20 21 54 53 47 47 21 46 48 33 9 12 25 59 32 14 20 65 39 30 11 4 9 12 3 4 12 8 8 1 1 1 2 10 27
29 7 27 23 7 5 17 41 8 17 50 40 47 23 19 10 11 3 7 35 31 19 12 11 5 6 2 2 3 2 3 2 1 1 3 2 1 1 0 0 0 1 2 3 3 6 5 12 13 14 13 22 35 71 77 80 78 67 51 44 29 15 35 45 63 56 48 28 24 44 20 10 12 18 54 35 15 16 24 47 32 20 7 4 13 5 6 9 5 2 2 8 3 7 25 35
42 8 32 38 11 8 9 20 7 6 40 24 18 8 4 12 10 8 2 6 7 17 31 31 10 2 7 3 1 2 1 1 1 1 1 3 2 0 0 0 0 2 3 4 2 2 1 4 3 4 4 17 35 32 50 70 57 43 23 68 34 16 36 45 44 51 72 43 37 16 10 10 26 41 68 33 15 18 29 57 30 12 6 2 5 8 6 8 3 2 6 30 14 15 16 32
26 20 15 35 5 9 13 19 14 5 5 4 5 16 6 4 12 12 4 6 7 8 20 14 10 3 5 7 3 1 1 1 1 1 1 1 2 1 0 0 0 0 0 1 1 1 2 2 6 7 5 14 15 24 27 22 16 35 57 37 15 27 41 37 54 72 50 38 38 25 11 15 26 45 49 24 22 16 26 50 36 35 13 3 3 4 5 7 1 2 8 8 21 38 21 26
9 6 11 12 6 3 15 21 8 2 6 3 3 8 12 5 7 9 7 2 2 3 6 4 3 2 3 7 5 1 1 0 0 0 0 1 0 1 0 0 0 0 1 2 3 4 6 7 6 9 16 10 7 5 6 15 34 37 65 30 13 41 34 31 57 78 44 52 46 25 17 16 26 58 39 22 27 15 19 35 31 31 25 12 3 1 6 3 1 12 15 18 20 18 60 28
3 4 2 9 3 2 14 18 6 2 2 3 3 2 7 8 3 2 4 4 1 1 2 3 2 2 1 4 10 1 1 0 0 0 0 0 0 0 1 0 0 0 1 1 3 3 6 2 3 8 11 26 20 38 29 32 33 51 52 10 21 35 28 22 47 61 38 41 35 28 14 14 28 59 26 33 27 10 8 15 17 26 15 5 6 1 1 3 10 27 31 35 45 30 23 53
1 2 1 1 1 5 9 8 3 1 1 1 1 1 1 3 4 3 3 3 1 1 1 1 1 1 1 1 1 3 2 0 0 0 0 0 0 0 0 0 0 0 0 1 1 2 1 2 6 7 16 22 23 35 49 64 64 73 36 10 25 32 23 31 70 63 20 38 39 24 15 8 22 55 25 20 18 16 3 7 17 26 8 5 2 1 3 11 26 26 34 32 41 53 68 42
1 1 0 0 0 0 1 1 1 0 0 0 0 0 0 1 1 1 1 2 1 1 1 1 0 0 1 1 1 1 1 1 1 0 0 0 0 0 0 0 0 0 0 0 1 1 3 3 3 16 13 18 25 33 46 73 57 47 9 28 37 27 48 58 80 44 48 25 24 23 21 12 32 55 33 20 16 16 3 5 15 22 12 13 4 1 3 9 12 9 10 10 12 18 40 44
0 0 1 0 0 0 0 0 0 0 0 0 0 0 0 0 0 0 0 0 1 0 0 0 0 0 1 1 1 1 0 0 0 0 0 0 0 0 0 0 0 0 2 2 2 3 7 16 4 13 9 12 19 19 58 47 25 7 23 36 36 33 56 79 51 28 40 20 19 21 17 10 18 49 63 33 19 9 4 4 13 23 18 9 3 0 3 4 3 10 14 24 28 27 26 42
1 1 1 2 1 0 0 0 0 1 1 1 1 1 2 1 1 1 0 0 0 0 0 0 0 1 1 0 1 0 0 0 0 0 0 0 0 0 0 0 0 2 2 2 3 6 8 5 16 11 10 11 23 26 58 15 9 15 32 37 34 35 55 78 36 25 23 34 16 7 6 9 29 50 23 44 26 9 3 2 17 14 18 7 2 1 3 9 17 29 18 34 46 42 38 17
2 3 3 3 2 1 1 3 1 3 3 4 3 4 4 4 3 2 2 1 0 0 0 0 0 0 0 0 0 0 0 0 0 0 0 0 0 0 0 0 2 2 2 5 7 10 10 8 14 35 36 35 23 34 19 8 3 23 26 34 19 34 54 64 41 17 23 30 21 12 3 8 40 18 13 52 35 14 4 2 7 7 13 6 1 2 7 9 11 20 22 22 16 17 22 44
4 5 4 5 2 2 2 4 5 5 4 5 10 6 9 8 5 3 2 3 1 2 2 1 0 0 0 0 0 0 0 0 0 0 0 0 0 0 0 2 2 2 3 4 8 11 15 31 24 28 15 50 35 19 19 14 6 19 31 45 45 37 61 28 13 32 35 16 29 10 3 8 16 17 9 47 20 13 4 3 7 7 6 4 1 4 16 26 33 24 20 12 22 26 26 35
13 12 7 11 6 3 3 4 4 5 12 13 13 16 13 7 6 4 4 4 3 3 3 2 1 1 1 0 0 0 0 1 0 0 0 0 0 0 0 2 2 3 3 5 10 13 23 28 22 22 14 9 22 20 23 4 12 20 21 33 30 44 43 49 45 26 17 13 34 23 7 5 16 11 22 51 17 10 7 2 3 5 4 2 3 8 18 43 49 46 48 30 36 47 40 63
18 18 18 10 8 7 4 8 12 15 20 18 18 12 16 10 8 7 6 10 7 6 3 2 2 4 1 1 1 1 2 1 0 0 0 0 0 0 0 1 1 1 3 4 8 18 9 4 30 26 14 8 18 21 3 3 9 14 17 36 47 54 57 30 19 18 25 19 13 16 10 5 14 11 17 27 21 19 7 2 2 3 2 2 6 9 12 15 11 14 17 31 45 46 73 71
25 22 27 22 17 6 5 11 18 25 27 23 24 21 20 18 12 21 14 12 4 3 3 3 3 2 2 1 1 2 1 0 0 0 0 0 0 0 0 1 1 2 6 5 3 5 5 11 9 12 12 3 9 2 4 3 4 8 11 28 47 58 37 53 31 16 15 14 11 17 17 5 5 9 15 18 19 8 5 2 1 1 2 3 10 5 7 14 33 40 41 34 23 69 45 57
40 51 36 11 20 8 14 14 36 32 29 29 32 48 45 27 27 22 11 15 7 5 2 6 6 2 2 3 6 1 0 0 0 0 0 0 0 0 0 1 2 4 6 2 3 5 5 10 7 7 4 3 4 2 4 2 6 18 24 39 31 28 43 56 20 10 7 7 13 12 8 4 3 7 7 19 17 10 5 2 1 1 3 8 17 22 20 21 29 26 25 48 50 62 39 21
58 70 34 31 38 17 12 41 41 54 25 40 48 43 60 35 17 10 23 14 10 6 2 11 2 2 4 6 1 1 1 1 1 1 1 1 0 0 0 0 1 2 1 1 2 6 16 14 9 5 3 2 2 3 5 9 16 12 8 13 21 32 36 54 27 13 11 8 6 4 4 5 2 5 10 8 7 10 5 1 1 4 11 8 16 38 41 45 46 47 28 38 34 38 41 15
49 68 35 35 47 22 21 57 52 55 20 42 64 49 64 31 26 25 33 30 16 5 6 3 3 6 12 1 1 2 1 1 1 1 1 1 1 1 0 0 0 0 1 1 4 12 11 5 13 3 2 1 5 5 7 5 4 3 12 16 16 40 44 35 17 48 47 30 15 13 6 5 2 4 5 3 5 5 2 0 1 7 18 33 30 39 52 47 43 40 42 48 16 6 29 21
66 40 42 36 49 24 27 56 75 52 16 53 73 63 62 60 35 46 59 32 17 7 13 5 12 11 1 2 2 2 1 1 3 1 2 1 1 1 1 0 1 0 1 2 13 5 11 2 3 5 1 2 6 6 8 7 5 11 37 47 40 36 67 34 44 27 33 33 13 7 6 4 2 1 2 4 2 4 1 0 2 5 8 21 22 12 23 11 10 13 9 61 42 19 14 7
84 69 45 36 44 26 40 59 84 43 26 43 70 70 71 43 34 76 38 8 10 25 21 14 14 5 4 4 6 5 2 3 3 2 1 2 1 2 1 1 1 0 0 0 3 2 2 1 1 1 1 2 4 9 8 19 23 27 21 35 52 51 32 48 38 36 11 22 38 12 4 2 2 1 1 2 1 2 1 1 3 7 9 11 10 5 9 17 30 50 65 80 51 17 10 5
77 77 47 50 54 32 41 65 77 50 31 51 85 84 50 61 39 39 13 9 17 48 51 27 15 13 6 6 8 4 3 9 4 1 1 3 2 3 3 1 1 1 0 0 0 0 0 0 1 2 4 5 11 13 15 26 21 18 39 63 63 61 41 49 9 62 42 9 7 28 22 12 6 2 0 1 1 1 0 1 3 3 4 8 6 8 29 36 32 29 38 63 28 15 10 4
76 66 46 59 54 51 39 67 76 51 38 52 84 75 58 46 22 13 5 19 39 49 31 11 7 3 3 14 11 6 8 7 3 1 2 3 4 4 3 1 1 1 1 1 1 0 0 0 1 1 3 4 8 9 9 12 18 37 29 74 56 26 24 72 38 18 48 17 6 3 8 9 11 8 3 1 1 0 0 1 3 4 3 4 8 17 30 29 26 41 28 38 32 19 8 3
76 65 41 62 57 55 50 51 61 41 36 52 65 33 34 26 12 16 12 25 51 22 15 14 6 6 4 20 16 8 18 8 2 3 3 5 5 9 5 2 2 1 2 1 1 0 0 0 1 1 1 3 8 7 18 23 12 33 45 62 15 5 26 62 25 22 13 39 11 2 3 3 8 6 6 4 1 0 0 1 2 3 4 4 5 14 41 20 16 49 22 20 24 7 3 3
49 47 43 63 56 44 60 48 73 74 62 53 47 38 51 48 35 42 21 31 46 25 19 16 10 7 8 26 22 12 20 8 6 5 5 9 8 7 2 3 5 3 2 1 0 0 0 0 1 1 1 4 9 8 8 13 8 19 46 20 12 7 40 62 35 7 5 6 18 5 2 2 3 2 7 2 1 0 0 1 1 3 5 4 16 28 45 19 17 41 18 6 9 13 3 1
59 30 63 71 62 70 68 84 79 89 90 83 47 67 67 63 61 31 27 48 42 24 18 11 12 18 11 29 28 26 17 12 10 10 10 16 22 9 4 4 12 5 1 0 0 0 0 0 1 1 4 5 6 7 4 5 14 40 53 12 7 9 19 56 38 19 5 1 12 12 5 2 2 2 9 2 1 0 0 1 2 4 5 9 11 8 9 7 13 12 17 12 11 9 2 0
51 46 53 63 78 83 87 89 76 75 79 80 83 74 47 46 39 31 34 30 18 24 20 22 34 23 26 55 39 51 23 21 17 23 25 36 36 11 9 8 11 3 2 1 1 1 0 0 0 2 2 3 3 2 3 7 17 25 22 15 7 6 8 62 19 15 12 1 7 13 8 2 1 1 2 4 1 0 0 1 2 4 8 12 10 7 7 4 7 6 8 5 4 1 1 1
62 59 37 42 57 65 80 56 52 49 62 64 66 73 49 43 48 61 50 33 31 36 31 43 61 43 34 61 56 46 27 38 25 34 29 43 24 16 18 6 2 2 3 2 2 2 1 0 0 0 2 2 2 3 4 2 10 7 11 32 8 8 14 28 13 2 11 3 4 5 4 4 1 1 1 11 1 0 0 1 2 4 3 14 6 5 6 4 3 2 2 1 1 1 2 6
71 72 51 30 56 52 55 66 49 60 68 52 63 78 82 67 79 70 51 42 55 52 54 51 60 48 41 66 66 35 46 43 41 44 52 50 32 18 5 2 2 3 3 3 4 2 2 0 0 0 1 2 2 4 4 3 7 7 5 8 7 9 12 22 23 2 5 5 3 8 5 2 2 1 1 1 1 0 0 1 2 3 7 10 4 5 3 3 4 1 1 0 1 2 5 7
53 66 78 48 28 34 58 57 76 43 41 39 72 55 62 91 88 49 67 66 65 62 63 55 59 52 51 74 62 52 52 48 52 68 64 28 9 6 9 7 9 7 5 3 6 5 2 1 0 0 0 3 2 1 5 3 8 6 4 4 6 3 4 8 30 2 2 4 2 2 3 1 1 1 1 1 0 0 0 1 1 2 11 5 1 1 1 2 2 0 0 1 2 3 6 6
77 74 76 79 46 18 21 66 64 59 16 21 36 50 77 84 67 88 89 70 62 78 73 43 63 54 71 63 62 56 59 50 64 77 76 36 25 17 25 21 27 23 11 11 12 4 1 0 0 0 0 0 0 1 4 3 8 6 3 3 2 1 0 2 13 4 2 2 2 1 2 2 1 1 1 0 0 0 0 1 1 2 3 2 1 1 1 1 0 1 1 2 5 7 6 7
61 46 52 85 46 38 32 33 34 40 29 7 29 75 84 83 62 56 84 63 78 79 67 50 72 68 81 76 70 77 58 59 59 52 57 35 31 35 33 32 10 9 22 34 4 2 1 0 0 0 0 0 0 0 1 4 6 9 2 3 2 1 1 6 12 3 3 2 1 2 2 2 1 1 1 1 0 0 0 1 1 2 2 1 1 0 0 1 1 3 4 5 6 7 4 5
33 51 50 81 81 30 37 22 25 22 26 15 33 46 52 57 73 82 67 30 63 33 72 81 91 87 83 59 74 57 69 54 49 28 65 59 61 45 23 16 5 1 25 15 8 4 3 1 1 1 1 1 0 0 0 0 1 2 1 2 1 1 1 3 5 6 2 1 2 0 0 1 1 0 0 0 0 0 0 0 1 1 1 1 0 1 2 2 4 3 4 10 9 7 6 6
22 27 43 46 79 74 41 19 19 19 17 16 26 49 63 70 37 75 73 35 66 60 36 51 73 53 72 47 66 30 19 42 30 29 45 80 62 40 22 57 20 18 21 17 16 5 2 1 2 3 1 1 0 0 0 0 0 0 0 1 1 1 2 4 3 6 3 1 1 1 1 1 1 0 0 0 0 0 0 0 0 0 1 0 0 1 1 2 3 4 5 5 24 10 6 4
10 18 29 8 43 84 43 24 11 9 14 16 14 23 32 49 53 71 49 53 66 47 17 47 67 49 49 40 43 65 49 50 46 23 30 68 76 82 78 68 52 34 32 36 22 7 6 4 8 2 1 1 1 1 0 0 0 0 0 0 0 1 1 3 3 3 3 2 1 1 0 0 0 0 0 0 0 0 0 0 0 0 0 0 0 0 0 2 3 2 3 7 9 8 5 10
20 12 23 45 42 57 81 38 32 10 6 7 10 11 33 27 51 70 15 25 74 66 29 16 73 79 53 35 48 58 26 22 28 17 16 38 59 59 51 24 38 35 18 24 25 19 22 18 6 1 2 3 2 2 2 3 3 1 0 0 0 0 0 0 1 4 2 1 0 1 0 0 0 0 0 0 0 0 0 0 0 0 0 1 1 1 1 1 2 3 3 4 7 9 15 17
27 10 7 32 48 57 82 62 29 21 10 9 7 10 10 7 31 21 17 57 86 39 20 11 16 60 30 33 28 50 44 25 29 25 20 56 39 19 16 11 15 6 6 45 22 37 44 32 12 7 10 6 5 3 2 1 1 1 0 0 0 0 0 0 0 1 1 1 1 1 0 0 0 0 0 0 0 0 0 0 0 0 0 1 1 2 2 3 4 5 4 7 9 10 9 22
46 30 19 12 14 18 34 63 31 33 13 7 6 7 13 6 19 11 34 32 80 35 21 17 9 19 18 25 10 37 40 17 16 16 21 35 32 10 6 10 9 6 6 13 26 20 14 6 7 7 4 4 3 4 4 1 0 1 0 0 0 0 0 0 0 1 1 1 1 0 0 0 0 0 0 0 0 0 0 0 0 0 1 1 0 0 2 9 2 6 9 10 15 14 21 28
21 21 33 13 11 33 35 59 60 36 23 7 4 4 5 7 10 13 14 33 65 77 44 20 6 6 12 3 8 29 39 18 12 13 8 9 11 8 5 7 6 5 5 6 29 15 14 6 3 2 2 1 1 1 2 1 0 1 0 0 0 0 0 0 0 0 1 0 0 0 0 0 0 0 0 0 0 0 0 0 0 0 0 0 0 1 5 6 9 12 11 10 13 21 18 32
36 27 10 6 7 16 25 37 57 27 16 10 3 2 3 6 3 5 17 60 50 66 44 33 15 4 16 13 3 5 21 11 12 9 3 4 5 13 4 3 5 3 2 4 13 15 19 8 3 2 1 1 0 0 1 1 0 1 1 0 0 0 0 0 0 0 0 0 0 0 0 0 0 0 0 0 0 0 0 0 0 0 0 1 1 2 3 7 3 4 3 4 9 18 20 12
50 41 14 6 2 13 13 22 43 37 11 9 4 3 4 4 2 13 32 53 21 32 43 14 10 8 4 8 11 2 8 13 5 6 3 5 4 3 3 3 5 3 1 2 4 11 18 10 7 3 3 1 1 0 0 0 0 0 1 0 0 0 0 0 0 0 0 0 0 0 0 0 0 0 0 0 0 0 0 0 0 0 0 1 1 2 3 3 3 2 2 5 8 10 11 12
51 38 19 14 4 4 10 16 57 11 11 5 3 2 2 2 2 8 31 17 3 17 66 14 8 9 3 4 4 8 6 5 3 3 4 2 2 1 1 3 4 2 1 1 2 5 17 8 9 3 2 1 1 0 0 0 0 0 0 0 0 0 0 0 0 0 0 0 0 0 0 0 0 0 0 0 0 0 0 0 0 0 1 1 1 1 4 3 2 3 5 4 6 10 12 8
46 37 19 8 7 4 8 10 39 12 3 8 5 2 2 1 2 11 14 7 21 32 56 28 10 5 6 10 3 11 6 4 4 2 4 1 2 1 0 1 1 1 1 4 8 9 13 11 17 12 5 3 1 0 0 0 0 0 0 0 0 0 0 0 0 0 0 0 0 0 0 0 0 0 0 0 0 0 0 0 0 0 0 0 1 1 2 3 5 6 6 6 8 4 11 16
37 23 13 8 6 5 3 6 11 32 7 3 4 2 1 1 2 6 6 8 8 19 49 26 10 12 4 4 5 11 4 2 3 3 1 1 2 1 1 1 0 0 1 12 4 4 10 6 12 11 11 3 2 1 0 0 0 0 0 0 0 0 0 0 0 0 0 0 0 0 0 0 0 0 0 0 0 0 0 0 0 0 1 0 1 1 2 2 3 3 4 12 8 11 24 15
32 27 10 7 6 5 4 5 6 15 13 2 2 2 1 1 1 2 3 5 8 20 57 22 13 5 8 3 4 7 3 1 1 1 2 1 1 1 1 0 0 1 4 8 1 5 5 3 8 8 6 5 3 2 1 1 0 0 0 0 0 0 0 0 0 0 0 0 0 0 0 0 0 0 0 0 0 0 0 0 0 0 0 0 0 1 1 1 2 4 3 6 6 3 7 10
75 45 23 5 3 4 2 3 4 8 12 5 3 2 2 1 1 1 2 2 9 10 40 19 6 4 4 4 3 2 4 1 1 1 1 1 1 1 0 0 2 3 3 1 1 3 2 2 4 6 9 6 8 4 2 1 1 0 0 0 0 0 0 0 0 0 0 0 0 0 0 0 0 0 0 0 0 0 0 0 0 0 0 0 0 0 0 1 1 2 4 8 5 5 7 2
27 67 45 16 5 2 2 2 4 5 24 6 3 1 1 1 1 1 1 2 5 9 23 22 5 3 2 2 2 2 2 3 1 1 1 1 1 0 0 1 1 5 2 1 2 2 2 1 4 6 2 2 3 5 3 1 1 0 0 0 0 0 0 0 0 0 0 0 0 0 0 0 0 0 0 0 0 0 0 0 0 0 0 0 0 0 0 0 1 2 3 4 3 4 5 9
8 61 12 43 21 9 2 1 2 5 12 4 2 1 1 1 0 0 1 2 5 11 10 19 10 4 3 2 1 2 1 2 2 1 0 1 0 0 0 0 2 2 2 1 1 2 1 1 4 6 2 1 2 2 8 3 1 1 0 0 0 0 0 0 0 0 0 0 0 0 0 0 0 0 0 0 0 0 0 0 0 0 0 0 1 0 0 0 1 2 2 1 2 5 6 7
16 16 9 32 12 16 5 1 1 1 5 4 1 1 1 0 0 0 1 3 1 2 18 18 20 9 5 4 1 1 1 1 1 1 0 0 0 0 0 0 2 1 1 0 0 2 1 1 7 5 3 1 0 0 3 2 1 1 0 0 0 0 0 0 0 0 0 0 0 0 0 0 0 0 0 0 0 0 0 0 0 1 0 1 1 1 0 0 1 1 1 2 5 7 9 10
17 13 10 7 9 4 14 2 1 1 2 3 1 1 0 0 0 1 1 1 4 13 21 19 25 10 5 2 1 1 1 1 1 1 0 0 0 0 0 1 1 0 0 0 1 3 1 2 8 5 4 1 0 0 0 0 1 1 0 0 0 0 0 0 0 0 0 0 0 0 0 0 0 0 0 0 0 0 1 0 1 1 1 1 1 1 0 1 2 1 1 2 2 2 4 6
14 9 11 6 7 2 3 5 0 0 1 1 2 1 0 0 0 0 1 3 7 8 16 11 13 14 3 2 1 1 1 1 0 0 0 0 0 0 0 1 1 0 0 0 0 1 1 1 4 5 2 1 1 0 0 0 0 0 0 0 0 0 0 0 0 0 0 0 0 0 0 0 0 0 0 0 0 0 0 1 1 1 1 2 1 1 1 3 2 1 1 1 1 4 6 7
10 11 15 5 2 2 1 2 1 0 1 1 1 0 0 0 0 1 2 7 3 2 9 7 6 9 5 2 1 1 1 0 0 0 0 0 0 0 1 1 0 0 0 0 0 1 0 1 5 1 2 1 0 0 0 0 0 0 0 0 0 0 0 0 0 0 0 0 0 0 0 0 0 0 0 0 0 1 1 1 2 3 3 4 5 3 3 4 2 1 1 2 1 2 5 6
3 3 4 4 2 2 1 1 1 0 0 0 0 0 0 0 0 1 2 2 2 2 5 11 2 3 2 3 1 1 0 0 0 0 0 0 0 0 1 0 0 0 0 0 0 1 1 5 8 1 0 1 0 0 0 0 0 0 0 0 0 0 0 0 0 0 0 0 0 0 0 0 0 0 0 0 0 0 0 1 1 1 2 3 6 4 7 5 4 4 2 2 4 4 3 4
1 1 1 1 1 1 1 1 1 0 0 0 0 0 0 0 0 0 1 1 1 1 1 2 2 1 1 1 0 0 0 0 0 0 0 0 0 0 0 0 0 0 0 0 0 1 1 1 5 1 0 1 1 0 0 0 0 0 0 0 0 0 0 0 0 0 0 0 0 0 0 0 0 0 0 0 0 0 0 0 1 1 1 1 5 5 11 13 7 11 10 8 6 7 5 15
