sesion_6_simulaciones/modelos_agentes/ejemplos_netlogo/scenarios/cgcm2_a2/rob_2060.asc
NCOLS 322 
NROWS 307 
XLLCORNER 451900 
YLLCORNER 4086900 
CELLSIZE 100 
NODATA_value -9999 
[rows 73 to 145 of 307, columns 0 to 95 of 322]
0 0 0 0 0 0 0 0 0 0 0 0 0 0 0 0 0 0 0 0 0 0 0 0 0 0 0 0 0 0 0 0 0 0 1 1 3 4 1 1 1 0 1 0 0 0 0 0 0 1 1 1 1 0 0 1 1 1 1 3 5 3 1 2 4 14 17 13 20 8 3 3 12 5 6 25 43 59 28 56 49 41 8 16 17 43 26 8 7 7 3 7 5 32 11 26
0 0 0 0 0 0 0 0 0 0 0 0 0 0 0 0 0 0 0 0 0 0 0 0 0 0 0 0 0 0 0 0 0 0 0 1 3 3 3 3 1 2 1 0 0 0 1 1 1 1 0 1 0 0 1 0 0 1 1 1 1 3 3 4 2 1 1 3 4 6 14 7 5 2 16 45 19 21 41 62 61 16 22 30 41 9 5 5 10 6 8 9 5 6 11 8
0 0 0 0 0 0 0 0 0 0 0 0 0 0 0 0 0 0 0 0 0 0 0 0 0 0 0 0 0 0 0 0 0 0 1 2 1 1 7 6 1 2 2 1 0 0 0 1 1 1 1 1 1 0 1 1 0 0 0 0 0 1 5 8 3 3 7 5 4 2 3 8 9 6 10 57 21 9 7 49 44 29 25 17 6 21 22 8 9 8 10 20 15 9 7 40
0 0 0 0 0 0 0 0 0 0 0 0 0 0 0 0 0 0 0 0 0 0 0 0 0 0 0 0 0 0 0 0 0 0 0 1 1 3 4 2 2 8 3 1 1 1 1 1 0 1 1 0 1 1 1 0 2 1 0 0 1 4 2 6 6 6 9 8 13 8 7 3 3 3 9 60 71 21 12 12 34 33 18 7 6 43 41 33 26 6 5 4 24 27 17 26
0 0 0 0 0 0 0 0 0 0 0 0 0 0 0 0 0 0 0 0 0 0 0 0 0 0 0 0 0 0 0 0 0 0 0 0 1 1 1 1 8 2 2 2 3 4 1 0 1 1 1 1 1 1 1 1 1 1 0 1 2 3 2 6 3 5 8 9 11 15 16 16 16 12 6 14 48 33 22 6 36 52 11 5 33 56 10 54 36 18 8 20 32 31 32 17
0 0 0 0 0 0 0 0 0 0 0 0 0 0 0 0 0 0 0 0 0 0 0 0 0 0 0 0 0 0 0 0 0 0 0 0 0 1 1 3 2 5 2 3 4 15 4 3 4 2 2 1 1 1 0 0 1 1 2 2 2 1 1 1 2 5 6 12 13 12 14 25 17 18 9 3 5 14 16 9 18 18 12 12 36 14 11 7 7 26 16 23 18 25 29 34
0 0 0 0 0 0 0 0 0 0 0 0 0 0 0 0 0 0 0 0 0 0 0 0 0 0 0 0 0 0 0 0 1 2 5 4 2 1 2 3 4 9 6 2 2 3 12 13 27 24 13 6 3 2 2 1 1 1 2 2 1 1 1 1 1 2 2 1 3 11 17 16 18 20 14 11 7 14 5 4 15 17 13 21 37 14 27 15 8 20 26 50 64 59 43 47
0 0 0 0 0 0 0 0 0 0 0 0 0 0 0 0 0 0 0 0 0 0 0 0 0 0 0 0 0 0 0 0 0 1 9 12 2 1 2 7 6 5 12 7 2 2 5 15 52 58 66 72 48 10 6 3 2 2 1 2 1 1 1 0 2 2 1 3 3 9 16 13 18 23 20 11 10 4 3 0 6 15 16 22 33 24 10 12 14 19 63 64 64 37 38 65
0 0 0 0 0 0 0 0 0 0 0 0 0 0 0 0 0 0 0 0 0 0 0 1 0 0 0 0 0 0 0 0 0 0 1 6 4 2 1 5 12 34 9 19 14 6 4 1 1 4 13 22 40 53 29 9 3 1 2 1 1 2 1 3 1 0 1 1 2 4 5 20 18 21 26 16 4 1 2 2 3 7 10 25 13 25 31 34 20 18 12 9 31 23 31 48
0 0 0 0 0 0 0 0 0 0 0 0 0 0 0 0 0 0 0 1 1 1 2 1 4 1 0 0 0 0 0 0 0 1 1 1 1 1 1 3 5 5 7 20 11 8 10 6 2 0 0 1 3 15 14 36 13 5 2 12 15 5 3 1 4 2 1 2 1 1 4 11 24 17 11 13 7 5 5 11 4 4 14 38 14 40 39 36 32 38 25 13 12 29 65 78
0 0 0 0 0 0 0 0 0 0 0 0 0 0 0 0 0 1 2 2 0 1 0 0 0 0 0 0 0 0 0 0 0 0 1 1 1 1 2 4 11 17 6 4 2 3 3 3 1 2 2 1 6 3 3 8 16 10 28 20 4 2 1 2 4 1 1 2 3 3 20 16 21 13 11 14 19 23 14 6 10 9 35 43 27 58 52 78 58 54 57 50 15 13 17 19
0 0 0 0 0 0 0 0 0 0 0 0 0 0 0 0 0 0 0 0 0 0 0 0 0 0 0 0 1 1 1 0 0 1 2 1 1 2 3 3 7 14 17 14 1 0 1 2 1 1 1 6 20 10 8 6 4 17 46 8 4 3 1 1 2 2 3 2 8 13 12 15 13 11 12 13 17 16 25 6 10 7 15 12 25 62 30 44 60 74 48 53 54 34 26 20
0 0 0 0 0 0 0 0 0 0 0 0 0 0 0 0 0 0 0 0 0 0 0 0 0 0 0 0 0 0 0 0 0 1 1 1 1 5 3 3 8 9 19 19 8 10 14 9 13 14 9 13 16 12 8 5 9 17 6 8 6 7 4 2 1 1 1 7 7 5 14 9 32 10 8 25 17 15 17 12 10 6 8 20 5 44 34 65 64 79 85 85 68 48 33 28
0 0 0 0 0 0 0 0 0 0 0 0 0 0 0 0 0 0 0 0 0 0 0 0 0 0 0 0 0 0 0 0 0 0 0 1 1 2 2 5 9 4 14 10 6 9 12 8 6 10 11 5 7 8 7 7 17 5 7 10 12 5 2 1 1 1 1 1 2 4 3 9 4 3 26 17 11 17 45 21 23 11 6 15 30 48 42 33 72 68 58 61 74 38 34 30
0 0 0 0 0 0 0 0 0 0 0 0 0 0 0 0 0 0 0 0 0 0 0 1 1 0 1 1 1 0 0 0 0 0 0 0 1 1 1 3 8 3 2 3 3 5 10 1 4 6 5 6 6 10 8 5 7 4 6 7 9 2 2 1 2 2 8 11 9 5 7 5 6 5 4 4 30 40 9 18 19 13 13 10 14 19 36 53 61 69 16 42 57 58 33 28
0 0 0 0 0 0 0 0 0 0 0 0 0 0 0 0 0 0 0 0 0 0 0 0 2 2 2 2 1 3 1 1 1 0 0 0 0 1 1 2 1 1 3 2 4 7 9 2 4 8 3 2 4 9 6 2 5 3 5 7 3 0 0 1 4 1 1 4 12 3 7 6 4 6 11 7 8 13 11 10 6 10 22 19 13 16 14 10 29 27 17 44 24 59 48 38
0 0 0 0 0 0 0 0 0 0 0 0 0 0 0 0 0 0 0 0 0 0 0 1 1 4 5 3 1 2 2 3 0 1 1 1 0 0 0 0 0 1 1 1 2 2 4 1 1 3 1 3 1 5 9 1 3 2 12 3 1 2 2 3 3 1 1 0 22 5 6 4 5 4 6 15 16 35 36 29 41 27 14 10 29 38 33 30 14 10 22 40 44 19 39 33
0 0 0 0 0 0 0 0 0 0 0 0 0 0 0 0 0 0 0 0 0 0 1 2 12 1 8 9 2 3 3 3 2 4 1 2 2 1 0 0 0 0 0 0 1 3 1 1 1 1 1 4 3 8 0 3 6 3 4 1 0 2 5 2 1 1 1 1 5 45 33 13 5 20 20 27 59 53 12 22 49 38 44 42 37 41 40 40 31 15 8 34 31 16 10 4
0 0 0 0 0 0 0 0 0 0 0 0 0 0 0 0 0 1 0 0 0 0 0 2 6 2 1 19 12 2 1 6 2 6 5 10 3 2 1 0 1 1 1 0 0 0 1 0 1 1 12 15 23 14 19 2 1 3 1 0 0 2 2 1 0 1 8 6 2 2 12 14 57 83 55 32 17 13 59 26 6 30 47 40 34 37 43 44 37 16 11 12 8 4 8 23
0 0 0 0 0 0 0 0 0 0 0 0 0 0 0 1 1 1 1 0 0 0 0 3 1 4 4 13 33 8 1 1 1 1 2 4 2 4 7 2 1 0 2 4 4 3 5 1 3 20 35 19 3 5 15 28 7 1 1 1 1 2 1 1 1 2 2 2 6 3 3 5 3 6 4 53 16 18 10 25 42 14 20 52 38 43 46 40 41 40 22 6 13 28 16 22
0 0 0 0 0 0 0 0 0 0 0 0 0 0 0 0 1 1 5 2 0 4 1 0 0 1 1 0 5 5 13 2 0 0 3 1 2 10 2 1 7 1 2 6 15 8 5 13 14 21 44 45 11 32 20 35 11 17 8 7 2 4 0 1 1 2 1 3 3 2 2 1 3 4 4 12 9 15 12 16 28 52 27 32 41 43 29 31 21 12 23 30 36 8 7 9
0 0 0 0 0 0 0 0 0 0 0 0 0 0 0 0 0 2 1 1 1 1 1 1 0 3 1 1 0 8 32 7 1 1 1 4 2 3 14 2 14 1 3 17 17 13 17 31 33 69 61 57 41 75 64 51 34 35 29 3 5 4 0 1 1 1 4 13 6 5 3 10 13 11 8 4 7 17 24 19 11 13 42 41 38 22 30 15 14 35 39 30 37 37 22 12
0 0 0 0 0 0 0 0 0 0 0 0 0 0 0 0 0 0 1 1 2 3 1 1 1 2 3 1 1 3 16 19 7 3 1 2 0 1 11 2 13 1 3 16 20 25 52 58 62 77 68 25 59 47 46 39 31 46 3 2 9 3 1 1 2 1 3 6 7 4 30 7 3 5 7 13 42 43 45 34 26 20 23 31 20 12 28 26 27 33 51 41 23 17 23 20
0 0 0 0 0 0 0 0 0 0 0 0 0 0 0 0 1 0 0 0 1 1 1 1 4 1 5 3 3 1 11 30 2 2 2 2 0 6 32 16 24 17 6 12 30 53 77 71 44 80 48 8 27 6 15 49 59 40 10 26 21 18 3 1 1 1 2 2 3 17 4 9 13 5 7 25 21 15 34 45 49 26 13 14 9 16 32 49 44 44 41 47 24 25 24 37
0 0 0 0 0 0 0 0 0 0 0 0 1 0 0 0 0 0 1 1 0 0 1 6 9 11 5 9 5 2 15 37 3 2 7 7 2 5 3 18 33 57 21 25 48 58 83 78 36 57 10 16 7 3 1 2 52 63 56 42 15 27 2 1 8 13 2 1 2 3 5 16 5 23 27 6 19 39 30 47 37 42 45 18 31 33 46 45 54 36 54 52 38 42 37 49
0 0 0 0 0 0 0 0 0 0 0 0 1 2 0 1 0 1 2 3 4 2 3 6 6 11 10 20 12 14 6 20 5 5 5 2 3 10 4 9 15 43 35 50 55 58 84 91 81 57 22 9 2 2 1 1 3 2 69 43 44 6 2 9 4 6 5 1 1 1 8 6 22 16 12 8 10 6 22 30 49 56 39 25 31 47 40 36 57 29 74 34 40 40 31 36
0 1 1 0 0 0 0 0 0 0 0 0 0 0 3 3 0 1 4 4 5 4 7 20 25 30 30 24 24 29 3 16 24 11 7 4 4 5 2 1 4 39 7 17 17 24 79 83 77 33 20 21 12 10 4 6 2 7 4 4 5 4 8 10 11 4 2 1 2 3 3 7 6 9 4 3 5 16 22 36 42 49 32 31 25 36 43 20 45 39 75 46 44 24 36 48
0 0 1 0 0 0 0 0 0 0 0 0 0 0 2 0 6 1 1 2 4 3 1 2 4 12 17 8 27 30 13 45 61 33 9 20 8 8 7 2 22 37 26 15 23 28 12 38 54 13 22 28 19 13 20 10 5 15 8 13 5 2 7 9 7 4 3 1 4 1 1 1 10 12 10 9 14 21 22 29 28 40 32 30 30 25 34 30 61 64 21 39 48 46 50 35
0 0 0 0 0 0 0 0 0 0 0 0 0 0 0 1 2 10 3 3 2 6 6 8 17 22 21 11 5 6 7 54 45 23 40 46 57 36 6 5 24 27 70 41 38 35 34 11 6 14 35 31 22 16 8 16 17 10 9 6 7 6 15 11 6 4 2 3 4 1 1 2 3 5 7 18 15 21 22 26 25 25 20 31 35 23 23 30 51 6 23 38 30 12 8 21
0 0 0 0 0 0 0 0 0 0 0 0 0 1 1 1 1 1 3 4 7 14 14 18 27 49 30 28 19 8 4 3 45 56 52 18 73 44 25 44 54 15 59 37 80 69 30 13 13 7 22 30 23 17 20 8 17 12 10 6 11 14 30 33 11 3 1 1 2 1 1 1 1 1 1 11 10 12 17 17 23 18 22 30 14 36 28 55 22 14 29 33 35 22 20 33
0 0 0 0 0 0 0 0 0 0 0 0 1 1 0 1 1 2 3 4 10 14 39 32 37 31 56 36 13 15 12 10 5 38 44 11 15 11 59 32 25 8 71 31 16 6 23 15 24 16 24 35 39 28 17 8 4 7 1 3 7 5 16 17 1 3 3 1 2 2 4 3 1 4 4 2 9 10 13 14 10 30 10 4 17 46 22 54 16 7 13 17 20 19 30 35
0 0 0 0 0 0 0 0 0 0 0 0 0 0 2 2 2 2 2 2 3 10 46 53 21 19 24 27 34 31 20 27 14 5 4 16 6 12 67 12 9 19 43 15 15 10 26 19 20 16 8 23 28 30 13 7 5 6 3 2 3 2 3 2 3 3 2 1 2 3 4 1 4 5 4 4 10 11 11 10 35 8 9 14 19 30 25 19 21 4 4 15 18 31 37 50
0 0 0 0 0 0 0 0 0 0 0 0 0 0 0 1 3 4 11 15 9 19 15 13 7 3 13 26 33 25 43 45 12 6 2 4 11 41 23 21 4 49 68 25 22 23 22 29 33 8 11 18 15 16 8 8 6 2 3 1 2 1 2 6 7 3 3 3 4 4 4 3 1 8 3 3 6 6 8 20 12 8 12 8 18 7 20 29 41 16 11 14 23 26 20 45
0 0 0 0 0 0 0 0 0 0 0 0 0 1 1 3 3 6 11 9 11 32 15 10 13 14 5 14 23 18 18 12 7 15 12 14 28 19 35 15 19 24 46 49 36 28 10 15 18 6 5 22 29 30 27 13 6 3 7 15 10 3 3 4 2 1 14 10 4 3 2 27 11 5 5 2 3 3 5 12 5 9 9 3 10 9 19 31 18 34 22 30 24 36 33 42
0 0 0 0 1 1 0 0 0 0 0 0 1 7 2 15 6 3 7 18 22 23 34 17 13 15 15 10 24 22 12 10 14 22 25 24 8 12 17 19 18 6 11 25 35 19 4 7 7 8 11 15 12 13 9 7 8 3 24 22 11 11 2 2 5 3 19 68 40 20 11 6 24 39 7 3 4 4 9 5 1 12 4 8 8 17 7 8 11 18 32 25 53 37 17 24
0 0 0 0 0 0 0 0 0 0 0 0 0 1 7 7 11 15 11 19 16 12 28 14 8 9 7 4 4 6 14 13 21 22 12 24 22 19 17 13 5 11 21 6 33 22 15 15 14 6 5 6 6 25 15 13 9 3 5 5 4 4 10 4 8 13 10 46 66 44 4 9 10 5 26 13 3 4 4 4 9 13 4 34 14 12 13 19 15 21 32 46 21 21 23 11
0 0 0 0 0 1 1 0 0 0 0 0 0 1 1 1 1 2 6 15 16 17 28 36 20 14 18 14 8 5 9 3 6 12 12 20 22 14 23 7 4 16 8 12 34 18 19 14 15 9 7 7 8 19 28 3 5 4 9 6 5 21 16 19 26 13 22 16 56 30 26 7 6 7 8 17 11 13 9 14 4 8 8 18 13 18 21 8 13 52 24 13 30 22 27 25
0 0 0 0 0 0 0 0 0 0 0 0 1 1 3 3 2 1 3 11 17 37 46 54 49 18 12 5 3 5 4 1 1 3 6 7 13 16 10 14 12 15 5 25 4 3 7 10 12 11 19 18 9 19 11 10 7 11 14 4 12 13 8 8 65 22 23 13 5 58 56 15 17 6 21 35 34 56 35 26 15 12 5 20 44 28 44 34 32 40 32 17 31 36 42 25
0 0 0 0 0 0 0 0 0 0 0 0 0 1 3 2 2 8 5 27 61 36 17 27 37 19 14 15 6 1 4 6 9 4 2 6 18 17 4 10 24 24 21 19 7 4 9 19 28 29 13 42 28 31 19 9 10 4 4 17 8 5 6 9 8 30 17 16 8 24 45 68 48 10 3 24 18 44 6 3 19 50 3 9 3 20 20 70 59 49 73 39 35 34 37 38
0 0 0 0 0 0 0 1 0 0 0 0 0 0 0 1 7 9 9 5 6 40 43 24 27 19 29 40 22 8 7 15 11 11 11 5 5 12 11 12 13 20 17 18 13 14 31 27 20 24 25 19 25 18 16 23 29 33 12 4 12 6 5 34 8 23 35 16 10 12 42 49 54 28 11 16 4 28 13 6 1 22 10 12 16 50 13 21 9 6 44 21 30 71 38 56
0 0 0 0 0 0 0 0 0 0 0 0 1 0 1 2 4 6 9 11 8 2 31 62 43 38 31 33 36 13 12 19 9 11 20 27 11 5 5 12 19 14 8 42 19 20 23 54 53 34 47 20 26 55 71 65 25 17 9 7 10 40 20 5 34 10 36 27 17 4 42 40 30 47 12 17 4 31 45 10 6 41 7 13 17 3 22 15 5 16 70 29 18 57 75 73
0 0 0 0 0 0 0 0 0 0 0 0 1 0 0 1 2 6 9 19 18 17 7 22 25 25 8 11 32 14 9 10 7 6 9 16 13 10 8 14 11 6 6 5 25 30 26 46 33 19 17 39 19 16 13 8 13 5 11 12 10 26 30 11 14 32 4 46 28 9 32 53 46 43 18 15 7 42 11 11 3 62 20 12 21 18 8 17 15 31 63 75 23 21 69 69
0 0 0 0 0 0 0 0 0 0 0 0 0 0 0 1 1 2 11 26 33 19 12 5 4 2 9 5 2 3 10 1 2 6 11 9 12 17 12 9 21 17 19 17 24 29 26 24 16 17 31 33 33 43 18 30 25 14 8 14 7 14 24 25 19 56 25 41 59 20 18 27 55 30 48 15 10 39 23 45 33 56 77 28 21 23 8 28 17 10 41 81 34 14 16 68
1 0 0 0 0 0 0 0 0 0 0 0 0 0 1 1 3 3 8 16 24 15 9 13 7 8 8 4 1 1 4 3 3 5 5 7 14 16 11 22 34 24 22 19 10 18 20 19 21 45 31 50 35 34 29 37 33 26 19 26 17 29 16 32 12 51 42 19 62 41 7 30 43 30 62 22 39 23 26 23 47 23 77 48 14 24 24 55 19 10 12 56 40 20 37 34
0 0 0 0 0 0 0 0 0 0 0 0 0 0 0 1 1 3 6 11 15 15 14 11 19 14 18 12 3 1 1 1 1 5 5 3 14 16 7 7 28 20 12 9 19 12 19 14 13 41 55 50 56 36 16 27 60 26 38 36 38 49 19 8 12 11 30 18 34 55 25 20 22 64 49 39 58 24 38 68 52 23 51 73 24 28 13 13 14 19 23 63 38 48 31 10
1 0 0 0 0 0 0 0 0 0 0 0 0 1 0 0 4 5 25 28 17 38 23 29 10 12 17 16 11 1 1 1 8 6 17 18 13 24 24 21 22 16 14 11 14 10 9 18 15 12 10 22 12 23 50 45 64 23 80 65 20 57 27 34 36 14 10 7 25 44 23 43 24 46 12 39 79 58 36 54 68 62 53 80 25 23 34 14 19 7 29 44 45 20 13 17
0 1 1 0 0 0 0 0 0 0 0 0 0 1 1 1 1 3 4 2 7 3 5 10 20 31 16 16 24 5 2 15 11 13 7 5 13 12 12 38 27 10 16 27 22 21 27 31 13 33 35 13 36 55 47 61 46 54 46 58 18 44 56 31 47 60 58 37 18 56 58 72 65 38 34 44 65 70 54 56 62 65 48 78 73 43 8 9 13 25 34 49 59 28 14 9
0 0 0 0 1 0 0 0 0 0 0 0 0 0 2 3 3 2 7 6 4 10 8 14 33 16 20 22 26 25 9 56 18 6 12 6 23 24 28 35 54 29 33 35 25 36 22 29 18 25 29 21 10 41 20 32 67 68 48 53 57 72 76 64 22 64 58 64 55 37 51 66 22 40 39 45 64 53 74 76 63 45 43 82 73 37 45 10 14 42 24 53 43 43 35 23
1 0 0 0 0 0 0 0 0 0 0 0 0 0 0 0 1 2 1 13 7 10 12 14 15 16 30 19 22 16 18 55 14 17 15 12 20 18 20 37 49 24 24 35 21 33 11 13 28 15 15 26 10 7 7 9 39 60 67 72 62 54 68 84 49 41 65 65 55 35 15 29 40 30 37 57 67 82 63 45 42 32 82 73 74 35 26 26 18 25 30 54 16 11 14 46
3 1 0 0 0 0 0 0 0 0 0 0 1 0 2 0 0 1 2 6 13 17 4 7 9 17 19 9 27 24 40 21 22 32 15 8 9 20 46 44 22 15 28 43 41 29 11 10 9 28 16 16 24 19 9 5 14 20 15 45 32 31 62 79 72 53 29 14 17 27 21 22 21 26 31 31 66 57 50 34 13 31 83 70 74 64 30 34 9 31 39 64 62 49 25 12
1 1 1 0 1 0 0 0 0 0 0 1 0 0 5 0 1 1 3 8 7 5 1 9 5 2 13 6 26 35 35 37 41 21 10 22 25 24 47 34 16 34 17 20 36 11 9 14 6 21 12 8 18 8 18 11 10 18 20 7 26 31 36 48 51 25 22 35 29 43 26 17 19 25 27 13 40 36 40 23 21 13 45 30 49 73 35 46 14 43 60 51 38 40 41 17
1 0 0 0 0 1 0 0 0 0 0 0 0 1 0 3 1 2 1 2 5 1 7 6 6 3 9 7 22 18 21 22 35 15 25 27 33 18 33 25 18 26 17 19 23 9 11 11 8 36 17 13 23 24 17 14 27 25 37 23 15 20 8 16 6 6 20 34 36 40 36 22 17 10 11 12 21 22 24 22 24 17 20 17 33 42 17 35 12 35 59 55 34 18 77 59
0 1 1 0 0 0 0 0 0 0 0 0 0 1 0 7 3 1 2 1 5 2 3 5 5 6 23 17 23 15 28 36 13 21 22 38 21 19 42 12 18 25 10 18 15 29 7 16 7 22 15 17 18 30 13 18 19 31 24 29 30 39 17 16 17 11 30 24 30 21 12 9 31 16 11 6 9 22 15 13 13 11 13 26 32 29 22 30 16 69 73 72 70 29 10 22
0 1 0 1 0 0 0 0 0 0 0 0 2 3 2 0 2 1 1 3 5 2 4 8 6 5 19 11 8 6 9 13 20 47 25 16 19 5 22 10 16 13 17 14 8 10 11 14 17 18 17 18 14 19 20 31 33 20 29 23 40 22 13 29 9 17 22 38 16 12 20 41 30 25 27 28 8 6 16 12 13 19 12 33 19 15 45 15 30 70 67 62 79 44 49 15
1 0 0 1 0 0 0 0 0 0 0 0 0 1 1 0 0 2 1 2 1 1 2 5 5 12 12 14 6 6 11 36 15 20 29 19 13 12 20 7 12 10 4 5 5 14 3 8 9 3 10 4 12 22 30 35 48 35 15 28 22 27 23 16 53 16 25 28 32 55 45 29 17 17 24 29 27 31 33 34 43 44 19 19 17 31 54 33 49 62 35 54 83 64 66 47
1 2 1 1 0 0 0 0 0 0 0 0 0 1 1 1 2 1 1 1 1 1 1 1 2 1 4 8 8 17 11 22 8 14 25 15 8 11 5 10 7 7 5 15 23 10 5 19 40 18 27 20 36 50 49 19 26 32 29 21 27 27 42 35 41 34 29 30 55 12 9 13 16 8 5 8 29 24 38 46 48 40 34 15 14 33 59 29 33 18 26 59 89 55 71 62
0 0 0 1 2 2 1 0 1 2 2 1 1 0 0 2 1 1 3 4 14 6 9 3 8 2 2 5 10 8 10 6 5 10 21 13 7 6 3 5 14 44 14 8 14 16 23 11 41 55 74 41 56 74 56 32 49 29 12 14 14 17 42 22 26 34 32 40 15 14 18 25 44 28 29 22 10 32 49 64 54 20 13 18 11 35 53 33 30 26 31 81 84 51 58 88
0 0 0 1 1 1 3 2 1 1 1 0 0 0 0 0 1 2 3 3 9 23 15 5 4 9 18 11 13 5 22 8 8 7 8 6 4 4 10 10 21 3 18 45 15 31 35 27 24 72 72 78 32 61 57 57 37 56 36 26 24 28 9 28 38 43 44 16 19 20 33 50 37 45 59 37 22 49 63 64 28 17 12 24 16 32 18 16 30 35 57 86 66 79 58 89
1 1 1 1 2 1 1 2 1 1 0 0 0 0 1 0 2 1 5 6 3 25 17 31 37 49 36 28 19 7 13 9 6 9 13 31 21 35 46 37 41 49 32 60 23 42 61 64 16 15 13 68 68 36 58 32 28 72 50 46 21 22 28 38 40 43 31 35 35 46 39 22 37 35 38 35 58 48 35 33 18 12 11 14 12 22 15 17 19 20 36 76 50 71 30 61
1 3 2 1 2 1 0 0 0 0 0 0 0 0 1 0 0 1 8 23 7 2 22 59 34 52 42 52 51 61 38 54 54 65 26 48 6 44 67 36 56 76 32 63 64 36 66 32 78 44 23 80 63 59 58 56 79 82 38 55 29 20 22 22 23 32 25 18 16 23 24 29 22 35 41 60 65 53 16 7 16 9 7 12 6 12 12 21 22 42 59 73 39 43 43 37
1 2 11 1 5 5 1 2 1 1 1 1 1 1 1 0 1 1 1 13 8 2 3 8 9 7 32 57 47 50 53 49 69 51 37 51 65 54 59 67 34 75 74 40 58 50 71 37 71 83 56 59 61 49 34 77 62 64 50 59 49 18 19 18 41 28 32 39 41 42 48 33 46 40 63 62 41 22 18 7 2 4 5 7 8 5 10 18 19 32 56 59 20 26 29 29
2 2 1 5 5 6 3 5 4 3 1 2 2 2 1 1 2 1 4 1 1 1 4 2 4 10 25 20 30 43 51 62 23 51 28 69 60 58 63 68 54 67 58 61 68 64 69 75 22 68 53 33 76 25 48 76 57 22 64 24 32 54 14 14 27 27 46 44 43 39 37 44 58 80 75 62 39 20 4 6 5 3 1 1 5 2 9 8 12 22 40 29 20 12 33 41
1 2 3 2 3 4 1 1 4 1 2 1 2 2 0 1 1 1 4 8 6 5 4 5 4 6 2 4 5 7 6 5 11 16 6 5 9 8 8 12 13 16 11 19 20 18 21 71 57 48 78 33 61 58 60 63 24 17 28 29 60 54 29 19 37 37 44 32 32 60 74 73 76 72 62 50 31 8 3 3 2 3 2 1 3 2 4 3 5 8 16 18 15 8 15 21
3 4 5 3 1 0 1 1 3 0 2 1 1 1 1 1 1 1 3 1 2 8 7 4 10 7 4 6 9 12 8 7 21 17 14 18 9 11 16 22 20 22 37 21 28 18 30 13 18 21 51 50 58 65 59 33 36 45 39 51 54 30 24 30 34 33 45 59 72 72 78 63 43 39 22 18 5 6 6 5 5 4 2 2 1 1 1 1 1 2 5 5 8 5 5 7
12 17 8 1 1 0 0 1 0 1 0 0 0 1 0 1 1 1 1 5 3 1 3 2 5 4 2 11 6 5 10 10 4 4 4 10 7 7 13 8 11 23 25 16 14 21 16 29 25 25 15 18 15 17 26 31 43 39 36 42 16 19 21 34 37 29 28 26 47 70 73 65 44 31 12 10 17 16 25 20 11 6 1 2 3 4 3 2 1 1 0 1 3 6 7 5
3 3 1 5 1 1 0 0 0 0 0 1 0 1 0 1 1 0 0 0 5 5 5 5 3 3 3 6 9 11 6 2 7 4 5 8 7 10 11 15 12 11 13 8 6 7 8 9 19 28 38 54 36 29 30 27 31 30 31 14 12 21 20 42 32 19 27 27 30 35 26 37 39 17 10 21 27 24 7 5 2 3 4 6 14 15 14 7 5 4 2 1 1 1 1 1
3 2 2 0 0 0 0 0 1 0 0 0 0 0 1 0 0 1 1 1 1 8 7 4 5 2 3 7 11 2 2 5 4 9 9 5 8 8 7 9 9 10 28 16 17 13 14 19 29 24 36 38 30 28 31 25 28 22 20 21 4 22 21 28 46 46 42 51 38 30 17 15 8 14 20 31 49 28 12 7 7 10 10 23 18 17 19 20 18 8 10 4 3 2 1 1
5 2 1 1 0 0 0 0 0 0 0 0 0 0 0 0 0 1 1 0 1 4 6 6 6 2 10 17 5 1 5 3 6 5 10 11 7 12 14 14 4 12 17 18 13 26 28 24 19 15 24 13 42 31 52 39 25 21 15 11 14 18 22 16 61 69 35 54 46 39 26 25 12 25 39 45 23 8 14 18 17 26 17 29 34 30 38 26 26 21 18 15 11 9 3 6
2 1 1 0 0 1 3 5 2 1 3 0 0 0 0 0 0 0 0 1 2 2 1 3 4 8 22 25 9 5 8 6 6 17 8 13 10 14 6 7 18 16 11 16 17 28 25 12 30 15 26 33 32 22 38 23 38 11 19 8 28 43 19 51 77 53 52 32 28 30 20 11 15 26 38 34 14 23 22 28 37 34 38 52 49 44 40 30 43 44 28 40 20 13 11 10
1 1 0 0 2 8 4 2 6 9 0 2 0 0 0 0 0 0 0 1 2 2 2 5 4 18 11 2 3 2 3 8 4 6 25 8 9 13 14 19 12 13 10 10 15 15 24 23 20 23 31 27 33 23 28 23 42 25 12 6 13 37 54 67 60 61 37 34 32 16 14 17 25 11 40 18 30 31 46 48 57 44 51 59 60 45 57 55 51 37 37 37 28 23 30 29
0 0 0 1 1 8 6 7 11 6 2 3 6 1 0 0 0 0 1 1 0 0 1 5 2 1 2 3 6 9 4 3 10 3 9 10 10 23 13 12 6 15 6 5 7 15 15 26 28 20 17 37 11 25 31 29 16 11 23 15 4 22 22 29 43 63 51 63 40 11 29 23 34 28 73 38 34 35 46 48 61 45 52 66 47 45 61 73 63 58 42 41 36 50 45 28
0 0 0 2 0 0 0 0 7 9 9 9 7 1 2 1 0 0 0 0 1 0 1 1 1 3 4 5 6 4 3 2 2 4 3 7 4 5 7 15 26 8 13 12 4 6 10 10 18 22 26 22 24 7 37 6 15 32 16 17 8 8 17 15 13 13 34 22 12 31 60 34 39 33 71 37 45 46 62 68 82 71 83 82 75 67 69 69 83 81 54 47 46 46 71 46
0 0 0 0 0 0 0 1 0 3 1 6 4 2 3 3 3 2 2 0 0 1 0 1 1 3 3 1 1 1 1 1 1 2 3 3 3 4 4 10 15 31 13 5 25 17 22 8 16 11 10 18 7 19 19 25 26 17 20 16 10 28 41 30 22 14 15 29 39 36 49 53 33 46 65 58 64 56 68 83 72 63 83 81 80 78 77 75 79 73 62 53 70 74 75 60
