sesion_6_simulaciones/modelos_agentes/ejemplos_netlogo/scenarios/cgcm2_a2/rob_2063.asc
NCOLS 322 
NROWS 307 
XLLCORNER 451900 
YLLCORNER 4086900 
CELLSIZE 100 
NODATA_value -9999 
[rows 0 to 73 of 307, columns 192 to 287 of 322]
40 38 21 11 34 60 33 15 15 20 24 9 6 5 8 6 4 4 7 6 5 5 4 4 7 12 6 12 12 32 10 3 3 1 0 1 2 2 1 5 5 2 2 10 18 20 17 29 43 49 32 34 38 47 43 55 45 83 45 37 6 8 13 34 47 32 48 43 22 33 16 9 11 18 33 17 15 32 55 21 12 14 14 18 16 12 29 24 22 23 7 17 28 59 16 4
47 26 31 29 39 58 18 28 42 27 18 14 22 20 12 10 14 3 6 9 10 5 3 3 3 13 4 5 4 7 29 12 2 1 1 0 1 1 3 2 4 1 1 3 6 9 17 18 35 73 83 64 42 42 42 46 66 68 67 16 19 10 39 34 45 40 46 32 38 14 5 20 9 18 45 19 50 34 27 32 22 29 31 19 15 7 20 27 28 24 14 24 20 27 13 10
24 49 29 29 58 46 32 16 10 25 26 27 41 42 24 37 24 21 30 30 25 10 6 3 2 3 2 1 1 2 3 13 9 2 2 1 1 1 1 1 0 1 5 11 11 22 22 30 36 56 61 52 61 47 64 76 39 37 43 21 21 25 33 23 25 54 23 21 17 22 11 13 11 17 58 19 60 45 23 39 24 21 28 29 16 5 12 15 28 20 14 39 19 38 11 2
34 34 61 58 44 32 30 29 30 54 29 48 63 50 43 59 44 23 35 50 34 28 20 9 6 4 1 1 1 0 1 3 1 2 1 1 1 1 1 0 2 4 2 3 6 25 24 30 11 23 18 20 30 60 49 56 50 20 27 33 36 17 19 37 23 55 39 33 53 17 26 22 7 7 38 19 27 25 31 38 27 25 28 33 18 5 10 25 38 15 26 23 21 38 8 2
25 20 40 12 51 57 50 41 54 47 48 33 41 37 45 63 47 53 56 61 53 31 23 20 11 15 7 12 7 1 1 0 1 1 1 1 0 0 0 1 1 2 4 6 5 9 10 16 42 59 61 50 45 39 67 70 30 27 9 11 33 31 22 35 36 54 32 21 13 8 7 7 10 6 19 19 16 31 56 64 54 19 18 39 35 25 3 20 23 35 29 18 31 46 14 2
27 22 40 33 20 27 55 25 52 44 35 42 17 42 53 55 59 57 24 21 42 24 16 24 21 20 9 15 10 3 3 1 0 0 0 0 0 0 0 0 1 2 4 10 21 40 47 56 52 34 39 40 47 64 83 59 34 29 9 44 61 57 49 48 39 61 22 27 34 27 35 25 21 16 12 17 27 25 34 26 39 61 44 32 37 26 8 15 22 25 12 18 26 27 16 4
20 10 13 33 22 17 55 21 15 30 37 68 41 22 43 57 51 53 29 11 15 36 40 47 23 22 23 14 13 10 7 4 4 3 2 1 1 1 1 0 1 2 5 9 34 21 29 36 57 45 44 81 47 70 76 44 29 34 18 36 50 55 53 56 63 54 49 44 42 15 24 25 20 30 26 13 5 18 37 41 31 56 35 18 11 35 12 11 13 13 14 25 40 47 12 11
14 11 11 16 37 29 45 57 18 9 18 27 49 17 7 24 14 26 31 17 13 23 12 17 23 18 21 12 18 15 13 11 9 8 7 3 4 2 1 0 1 5 10 16 27 35 31 57 78 74 74 48 64 62 69 41 23 9 17 23 30 25 26 18 20 49 31 24 45 24 22 17 23 28 29 19 6 27 45 24 52 67 46 19 11 32 23 11 13 26 25 30 52 32 17 12
27 22 20 13 22 18 33 61 61 29 14 13 27 39 22 15 9 26 34 23 19 30 9 16 34 23 20 20 19 28 24 20 21 16 9 7 3 1 0 1 2 4 10 16 35 38 28 39 56 69 55 35 77 60 58 24 11 45 64 48 58 48 59 42 47 75 42 31 13 14 20 18 21 23 19 11 7 14 18 33 48 60 44 30 13 15 15 9 9 32 25 36 27 39 17 27
19 22 23 14 12 7 28 28 58 44 36 20 18 23 28 12 12 9 28 27 25 32 10 11 19 21 15 13 9 15 3 8 15 15 10 4 2 1 1 1 1 2 7 12 23 12 13 52 32 26 25 81 59 60 36 18 30 57 59 72 54 84 70 38 59 32 52 44 39 15 16 26 25 14 11 7 6 11 40 20 13 45 49 44 24 11 20 7 10 13 16 42 29 37 22 53
24 23 25 25 13 7 4 5 11 28 18 14 10 30 18 12 16 3 8 20 15 31 36 8 10 10 28 13 4 10 17 3 1 1 3 7 3 2 1 1 2 3 9 20 6 18 27 33 10 18 58 64 36 50 21 14 29 44 40 58 79 81 43 28 30 44 53 51 59 41 52 33 31 25 16 12 5 5 14 26 27 55 68 43 47 18 11 15 4 16 39 17 26 19 20 64
48 31 17 21 21 19 13 8 6 6 7 7 13 13 11 8 7 12 8 9 18 25 20 10 2 6 20 14 5 4 13 14 2 1 1 1 5 2 0 1 6 9 10 4 2 3 13 4 10 41 69 52 28 24 11 39 38 32 41 78 66 57 14 24 36 39 64 58 48 54 41 34 39 42 37 27 10 7 21 23 25 74 49 61 43 34 14 8 6 24 24 14 35 12 39 72
57 41 38 53 44 43 39 22 37 23 19 11 6 5 5 4 5 17 13 6 4 10 9 7 2 5 10 7 5 2 2 6 2 1 0 0 2 3 0 1 4 5 5 9 8 8 23 4 16 52 42 20 5 21 47 59 58 64 84 73 17 24 26 18 19 19 32 33 58 36 18 30 50 54 50 28 11 3 20 30 59 62 25 40 54 36 21 5 6 23 19 14 39 12 34 44
71 67 61 65 61 55 43 40 37 39 36 34 14 11 6 5 4 2 2 2 4 3 1 3 3 5 6 5 2 1 1 4 3 2 0 0 1 2 2 2 2 4 3 2 2 12 6 5 24 16 9 3 8 26 36 45 69 65 55 13 44 59 50 39 41 21 18 19 50 39 53 66 46 32 30 30 15 5 12 24 57 25 19 40 68 39 28 12 4 8 9 13 21 12 29 24
26 67 69 70 62 63 40 49 26 28 43 30 23 24 22 17 12 5 1 1 1 1 1 2 3 3 2 1 1 0 1 2 2 2 0 0 1 3 2 1 1 2 3 1 1 2 2 4 6 5 2 4 10 15 33 45 46 12 37 48 59 52 60 80 83 73 64 43 44 55 63 48 56 44 24 19 10 5 12 25 33 16 10 55 69 69 43 44 20 4 7 11 10 13 36 31
41 60 70 49 58 77 60 34 53 40 29 40 34 42 41 25 18 6 4 4 2 1 1 0 2 1 0 0 0 0 0 2 2 3 2 1 1 1 1 2 1 1 1 1 0 1 4 5 3 2 8 6 7 13 21 30 13 44 45 46 59 73 81 69 66 75 38 32 62 17 48 78 51 39 43 44 41 23 9 25 29 16 6 13 37 64 21 13 18 17 4 15 7 11 38 30
71 22 72 53 48 71 77 78 47 24 37 34 51 47 39 27 28 17 12 11 8 6 2 1 1 1 2 2 1 1 0 0 0 1 2 1 1 1 1 2 1 1 1 1 0 0 1 1 3 11 9 22 19 13 12 33 45 45 47 46 69 60 78 66 67 44 30 60 42 39 36 19 58 30 56 62 63 41 29 9 44 24 17 4 14 39 50 15 5 7 3 4 8 16 11 12
48 16 58 37 55 65 64 46 73 79 50 58 59 23 22 22 30 26 17 14 11 8 6 2 2 3 5 4 3 2 0 0 0 0 0 1 1 1 1 1 1 1 0 0 0 1 2 6 8 9 16 35 33 35 16 32 35 63 61 59 77 64 59 49 31 32 48 62 47 31 17 18 50 52 60 61 63 63 44 15 10 21 22 15 5 16 32 21 14 2 7 1 8 12 6 6
35 38 38 43 30 55 64 39 43 75 47 68 78 50 37 25 39 52 46 31 25 12 5 4 5 4 7 7 10 3 3 2 3 1 1 0 1 0 1 1 0 0 0 0 1 3 8 9 9 13 26 37 33 25 42 47 52 49 37 49 66 36 19 12 29 32 31 79 60 22 24 15 51 52 15 33 71 58 62 44 12 8 36 19 11 4 16 20 20 8 1 1 11 5 1 1
40 17 23 35 25 34 66 29 23 53 60 72 71 56 60 51 16 25 29 41 22 15 12 9 10 9 9 13 13 10 6 4 3 3 2 1 0 0 0 0 0 0 1 1 5 5 7 14 7 19 34 28 46 45 49 49 16 12 30 48 75 34 14 37 51 46 62 66 46 37 24 10 18 55 44 14 33 44 56 53 44 12 10 22 16 5 3 11 22 14 1 1 7 1 6 12
55 25 25 27 8 18 48 28 38 27 49 36 53 26 38 43 11 9 22 40 24 35 17 9 25 18 10 7 9 7 4 2 3 2 4 2 1 0 0 0 0 0 2 5 6 10 5 5 19 38 28 35 55 63 75 68 44 34 46 50 51 20 20 52 52 46 46 19 43 47 31 9 11 26 59 31 14 20 67 42 35 14 5 12 15 4 5 16 10 10 1 1 1 2 12 32
33 9 31 28 8 6 21 48 11 21 56 47 53 27 25 13 14 3 9 41 35 24 15 14 7 8 3 2 3 3 3 3 2 1 3 2 1 1 0 0 0 1 2 3 3 8 7 15 18 19 16 28 41 74 79 81 77 67 52 46 30 15 34 44 61 57 46 26 25 43 19 9 11 19 54 34 15 17 27 51 35 25 9 6 15 5 8 12 6 3 3 9 4 8 29 41
44 10 37 41 15 9 12 27 8 8 45 32 22 12 5 14 14 11 3 7 10 19 38 37 13 3 8 4 1 2 2 1 1 1 2 4 2 1 0 0 0 2 4 5 2 3 2 6 4 5 6 21 41 34 54 73 58 43 25 70 34 15 35 43 41 52 71 41 37 15 10 10 25 42 68 33 16 21 33 61 35 15 8 3 7 11 7 11 4 2 7 35 17 17 18 35
33 25 20 37 6 10 15 23 17 5 6 5 7 19 7 5 16 13 6 8 8 10 24 15 13 4 6 7 4 1 1 1 1 1 1 1 2 1 0 0 0 1 1 2 1 1 2 3 9 8 7 19 18 29 31 24 17 36 60 42 14 27 40 35 52 72 46 36 39 24 10 15 26 46 49 25 24 18 31 54 41 41 16 4 3 5 6 10 2 3 10 9 26 40 22 28
10 8 14 13 7 3 15 25 8 3 6 4 4 10 13 7 9 11 9 3 3 4 6 5 5 3 4 8 6 2 1 1 0 0 0 1 1 1 0 0 0 1 1 2 3 6 8 9 8 12 21 13 9 6 7 16 35 39 67 33 13 43 33 29 58 78 42 50 46 25 16 17 28 59 40 23 32 18 24 39 37 36 30 16 4 2 7 4 2 15 18 19 22 21 61 28
4 5 3 9 4 2 16 22 8 2 2 3 3 2 8 9 4 3 5 5 2 2 3 4 3 2 2 5 11 2 1 1 0 0 0 0 1 0 1 0 0 1 1 1 3 4 7 3 4 11 15 30 25 43 30 34 35 52 56 10 21 35 26 20 48 62 40 40 36 28 13 14 31 62 27 37 32 13 10 19 21 32 19 7 8 2 2 4 13 31 35 38 47 31 22 53
2 2 1 2 1 5 11 9 4 1 1 2 2 1 1 4 4 4 3 3 1 1 1 2 1 1 1 1 2 3 2 0 0 0 0 0 0 0 1 0 0 0 0 1 1 2 2 3 7 9 21 28 26 39 53 67 64 76 39 10 25 31 21 31 72 61 21 37 41 25 16 9 24 58 27 23 22 20 4 9 21 29 11 6 2 2 4 14 32 31 38 34 43 55 68 39
1 1 0 0 0 0 1 1 1 1 0 0 0 0 0 1 1 1 2 3 1 1 1 1 0 0 2 1 1 1 2 1 1 0 0 0 0 0 1 0 0 0 0 0 1 1 4 4 4 18 17 23 31 38 50 77 60 51 10 28 37 25 46 60 82 43 50 26 24 25 22 14 36 58 36 21 19 21 4 7 19 27 16 17 6 1 4 11 15 11 12 11 12 19 38 44
0 0 1 1 0 0 0 0 0 0 0 0 0 0 0 0 0 0 0 1 1 1 0 0 0 0 1 1 1 1 1 1 0 0 0 0 0 0 0 0 0 0 2 2 2 3 8 21 6 14 13 16 24 23 61 52 28 8 26 37 36 32 56 80 50 28 43 23 22 24 19 11 21 51 66 37 24 12 5 6 15 29 23 11 5 1 3 5 4 12 17 26 29 26 26 42
1 2 2 3 1 1 0 0 0 1 1 1 1 2 3 1 1 1 0 0 0 0 0 0 0 1 1 0 0 0 0 0 0 0 0 0 0 0 0 0 1 2 2 2 4 7 9 7 22 15 14 13 27 29 62 20 11 19 34 39 33 34 56 79 37 25 24 36 19 8 7 11 34 54 26 50 31 12 4 3 22 18 24 10 3 1 4 11 21 34 21 36 47 42 37 16
2 4 3 5 3 1 1 3 2 4 4 5 5 5 6 5 4 3 2 1 1 0 0 0 0 0 0 0 0 0 0 0 0 0 0 0 0 0 0 0 2 2 3 6 8 12 14 11 19 42 44 42 28 40 23 11 4 28 30 36 20 34 56 67 41 17 24 33 24 15 4 10 44 21 16 56 41 19 6 3 10 9 17 9 2 2 10 12 14 24 25 25 16 17 22 42
6 6 6 6 3 2 2 6 6 5 6 7 14 8 12 11 6 4 3 3 2 3 2 1 1 0 0 0 0 0 0 0 0 0 0 0 0 0 0 2 2 3 4 5 10 15 21 36 32 34 20 55 37 24 24 19 8 23 35 49 47 39 64 29 13 34 40 19 33 13 4 10 19 21 12 54 25 18 5 4 9 9 9 5 1 5 21 31 38 27 22 12 23 25 25 36
17 16 9 13 7 4 4 5 6 7 16 17 17 22 18 10 7 6 5 5 5 4 3 2 1 2 1 0 0 0 0 1 0 0 0 0 0 0 0 2 2 3 3 6 14 17 30 34 28 26 19 11 25 24 28 5 15 26 23 37 33 45 46 52 48 28 19 15 40 28 9 6 19 14 27 58 22 14 8 3 4 7 6 2 5 11 23 49 54 50 50 31 36 47 42 66
24 24 24 14 11 10 5 10 17 20 26 22 24 17 21 14 11 10 8 13 10 8 4 3 2 4 2 1 1 1 2 1 0 0 0 0 0 0 0 1 1 2 3 5 8 22 13 5 37 30 19 11 23 25 4 4 12 18 21 40 51 57 60 33 21 20 29 21 16 21 14 7 18 15 22 34 27 24 9 3 2 4 2 2 8 12 15 18 14 16 18 33 45 47 76 75
29 29 32 29 23 8 7 15 25 33 34 30 31 27 27 24 16 28 19 16 6 4 4 4 3 3 2 2 2 3 1 0 0 0 0 0 0 0 0 1 1 3 7 5 3 6 6 11 11 16 16 4 11 2 6 4 6 11 14 33 51 62 40 57 34 18 18 16 14 22 22 6 7 12 20 24 25 10 7 3 1 2 2 4 14 6 9 17 36 43 42 36 25 71 50 61
47 59 44 15 26 11 17 19 45 39 35 36 38 55 53 35 34 26 16 20 8 7 3 9 8 3 2 3 7 1 0 0 0 0 0 0 0 0 0 1 2 4 5 2 4 6 7 12 10 9 5 4 6 2 5 3 8 23 29 44 36 31 46 59 23 12 9 9 17 16 11 6 4 9 10 25 22 12 6 2 1 1 4 12 23 28 25 25 33 28 26 52 55 67 45 25
63 75 39 37 46 20 16 48 48 61 30 45 56 47 64 43 22 14 29 19 13 9 2 14 3 3 5 7 2 1 1 1 1 1 1 1 1 0 0 0 1 2 1 1 2 7 18 16 11 6 5 3 3 4 8 12 21 16 11 16 23 36 40 57 30 15 14 11 8 6 6 7 3 7 14 12 10 14 7 2 1 5 15 12 22 45 47 52 49 50 29 42 39 43 47 19
53 70 39 36 52 27 27 61 57 61 24 48 69 54 68 37 31 31 38 38 21 7 7 4 5 9 15 2 1 2 2 1 1 1 1 1 1 1 0 0 0 0 1 1 5 12 12 6 14 4 3 2 6 7 9 7 6 4 15 20 19 44 46 39 19 53 53 36 20 17 8 6 3 5 7 5 7 8 3 1 2 10 24 41 37 46 59 53 47 45 46 53 21 7 36 26
68 41 43 38 54 27 31 61 77 57 20 57 75 66 65 65 37 52 66 40 22 9 18 8 15 15 2 2 3 3 2 2 3 2 2 1 1 1 1 1 1 1 1 2 15 6 11 2 3 6 2 3 8 9 10 9 7 14 44 52 44 39 69 38 49 31 38 40 17 10 8 6 2 2 4 6 3 5 1 0 3 8 11 27 28 15 29 13 12 16 10 66 48 23 17 9
85 69 48 37 47 27 45 63 85 48 29 46 70 71 73 46 38 80 46 11 14 32 25 16 19 7 5 5 8 7 3 4 3 3 1 2 1 2 1 1 1 0 0 0 3 3 3 1 1 1 1 2 5 11 12 25 30 33 25 40 54 55 36 50 42 41 15 28 42 16 6 3 2 1 2 3 2 3 1 1 4 10 13 15 14 7 12 22 35 55 69 83 58 22 15 6
78 77 46 51 54 31 43 66 78 51 30 51 84 83 51 63 44 46 17 11 22 55 59 32 20 18 8 8 11 6 4 11 5 1 1 3 2 4 3 1 1 1 0 0 0 0 0 0 1 2 5 6 13 18 20 33 26 23 45 64 67 66 47 53 12 67 48 11 10 35 26 17 8 3 1 2 2 1 1 1 4 5 6 12 8 13 38 41 40 34 45 69 34 19 13 5
76 63 42 57 52 48 36 66 75 49 36 52 84 75 60 50 27 16 6 23 45 55 35 14 10 4 3 19 16 8 11 9 4 2 2 3 5 5 4 1 1 1 1 1 1 0 0 0 1 2 4 5 9 12 12 16 23 41 34 75 61 32 29 72 45 22 54 22 8 5 11 12 14 11 4 1 1 1 1 1 4 5 5 6 13 22 36 37 32 46 37 45 39 24 10 5
76 61 36 60 52 51 45 48 60 35 31 50 64 33 35 30 13 18 14 30 57 27 19 19 8 9 6 26 21 11 24 10 3 5 4 6 6 12 7 3 2 1 2 1 1 0 0 0 1 1 1 3 10 10 20 29 16 40 45 66 20 7 31 67 31 28 16 43 14 3 4 6 11 8 8 6 1 1 0 1 3 5 6 5 7 18 48 26 20 60 28 26 31 10 4 4
50 43 38 60 48 40 53 42 68 68 56 51 44 35 50 48 37 45 24 35 51 29 24 21 13 10 10 34 29 16 27 11 8 7 7 12 11 9 3 4 6 3 2 1 0 0 0 0 1 2 2 5 11 11 11 17 11 24 53 25 16 9 47 64 42 10 6 9 20 7 3 3 3 2 8 3 1 1 0 1 2 4 7 6 20 34 52 25 22 49 23 9 12 17 4 2
52 22 57 64 54 66 66 85 79 90 89 84 45 65 66 62 62 31 29 52 46 28 22 12 15 21 14 36 35 33 23 16 15 15 14 21 29 12 6 5 15 7 1 0 0 0 0 0 1 2 5 6 8 10 6 7 18 42 56 16 10 12 23 59 48 25 6 2 15 15 6 2 2 2 11 2 1 1 0 1 3 6 7 12 14 12 14 11 18 16 24 16 14 12 2 0
43 39 44 55 80 83 87 89 74 74 79 82 84 74 46 45 37 30 35 32 19 28 23 27 39 28 31 61 46 59 29 27 22 29 32 44 45 15 13 11 13 4 2 1 1 1 1 0 0 2 2 4 4 3 4 9 19 31 27 21 9 9 11 64 21 20 16 1 10 18 10 2 2 2 2 5 1 0 0 2 2 5 11 16 14 10 10 6 9 8 11 7 5 2 1 2
53 56 31 36 52 60 79 51 49 47 63 67 64 75 51 42 46 60 50 32 31 37 33 46 64 48 38 65 61 51 32 44 31 42 36 51 31 21 23 8 3 3 4 3 2 2 1 0 0 1 3 2 3 5 5 2 11 9 14 38 13 11 17 31 17 3 14 4 6 7 6 5 2 1 1 13 1 0 1 1 3 5 4 16 9 7 8 6 5 2 3 2 2 2 3 8
67 73 48 30 55 51 56 63 47 61 67 55 66 79 83 69 79 68 49 41 54 52 54 51 62 49 43 68 68 38 50 48 47 50 58 58 39 23 6 3 2 5 4 4 5 3 2 1 0 0 1 2 3 4 5 3 9 9 7 11 10 10 13 24 29 3 7 7 4 10 6 3 3 1 1 1 1 0 0 1 2 3 9 13 6 7 5 4 6 1 1 1 1 3 8 10
49 67 79 50 25 32 54 56 75 47 42 42 75 56 64 92 88 47 64 63 63 59 62 53 58 51 53 75 62 54 54 50 57 71 69 35 12 9 12 10 12 9 7 5 8 6 3 1 0 0 0 4 2 2 5 4 11 7 5 6 7 4 4 11 37 3 2 5 3 3 4 2 1 1 1 1 1 0 0 1 2 3 13 7 2 2 2 3 2 0 0 2 3 5 8 9
76 75 77 81 45 17 23 68 67 61 17 22 41 54 79 85 68 89 90 72 60 78 72 41 61 52 70 63 61 56 60 52 67 79 80 41 31 22 34 28 37 29 14 14 16 5 2 0 0 0 0 0 0 1 5 4 9 8 4 4 3 1 1 3 15 5 3 2 2 2 2 3 2 1 1 1 0 0 0 1 2 2 4 3 1 1 1 1 0 1 2 3 7 10 9 9
58 44 53 83 44 38 31 33 35 42 31 8 33 78 86 84 64 59 84 64 77 80 69 51 70 68 80 76 71 78 60 61 62 57 60 39 37 41 41 40 14 12 29 41 6 3 2 1 0 0 0 0 0 0 1 5 7 10 3 3 3 1 1 8 14 4 4 2 2 2 2 2 1 1 1 1 1 0 0 1 1 3 2 1 1 0 1 2 2 5 6 8 9 12 6 7
33 53 51 80 81 31 38 23 27 25 30 16 38 51 57 61 76 83 69 32 65 33 74 82 92 88 83 62 77 61 72 55 50 30 69 64 66 51 28 21 7 1 32 19 10 5 4 2 1 1 1 1 0 0 0 1 1 2 1 2 2 1 1 4 6 7 4 2 2 0 1 1 1 0 0 0 0 0 0 1 1 1 1 1 0 1 3 3 5 5 6 15 14 9 9 8
22 31 43 49 76 76 45 22 21 22 20 19 32 54 68 74 41 76 76 39 68 63 39 55 75 56 73 49 70 33 22 47 34 32 51 84 66 47 27 64 26 24 27 22 20 7 3 2 3 4 2 1 0 0 0 0 0 0 0 2 1 1 2 5 4 7 3 2 1 1 1 1 1 0 0 0 0 0 0 0 0 1 1 1 0 1 2 3 5 5 8 7 31 15 9 6
10 19 31 9 45 83 46 27 14 11 17 20 17 29 38 55 58 75 54 56 67 51 20 52 71 52 52 45 48 69 54 56 51 28 36 74 81 85 80 73 56 39 40 44 28 11 8 5 10 2 1 1 1 1 1 0 0 0 0 0 0 1 1 4 4 4 3 2 1 1 1 0 0 0 0 0 0 0 0 0 0 0 0 0 0 0 1 2 5 2 4 12 12 12 7 14
20 13 24 50 45 59 83 43 37 13 8 10 13 15 40 34 57 75 18 29 72 70 33 19 78 83 57 40 54 64 30 27 34 24 21 46 66 64 59 30 41 40 21 31 32 27 27 23 8 1 3 5 4 3 3 4 3 1 0 0 0 0 0 1 2 5 2 2 1 1 1 0 0 0 0 0 0 0 0 0 0 0 0 1 1 1 1 1 3 5 6 6 12 14 20 22
30 11 8 36 53 61 85 68 34 26 14 12 10 13 14 10 38 27 21 61 86 44 25 14 20 66 35 40 34 57 51 32 36 32 27 63 47 25 21 16 19 8 7 49 28 45 52 43 15 9 12 7 6 3 2 1 1 1 0 0 0 0 0 1 0 2 2 1 1 1 0 0 0 0 0 0 0 0 0 0 0 0 0 1 1 3 4 4 5 6 6 11 12 15 13 30
49 35 24 15 18 22 39 64 36 40 18 10 8 10 17 7 24 14 39 38 79 39 25 22 11 23 22 32 13 45 50 23 21 21 26 43 38 14 8 14 13 8 9 16 31 25 17 9 8 8 5 5 4 4 5 1 1 1 0 0 0 0 0 0 0 1 1 1 1 0 0 0 0 0 0 0 0 0 0 0 0 0 1 1 0 0 2 11 3 9 13 16 22 20 26 34
25 24 40 16 14 39 42 63 66 43 29 9 6 5 6 9 13 16 18 36 68 78 50 28 8 8 16 4 10 35 46 23 16 17 13 13 16 10 7 9 8 7 7 8 32 18 17 7 4 3 2 1 1 1 2 1 0 1 0 0 0 0 0 0 0 0 1 1 0 0 0 0 0 0 0 0 0 0 0 0 0 0 0 0 0 2 5 8 11 15 16 16 17 25 26 41
41 32 12 8 10 21 33 46 64 34 21 13 5 3 4 8 4 7 22 65 51 65 50 40 19 6 20 18 4 7 26 15 16 12 5 6 7 16 5 5 7 4 3 6 15 18 23 10 5 3 2 1 0 1 1 1 0 1 1 0 0 0 0 0 0 0 0 0 0 0 0 0 0 0 0 0 0 0 0 0 0 0 0 1 1 3 3 10 6 6 5 6 13 24 27 17
55 47 18 8 3 18 17 28 47 45 15 12 6 5 6 6 3 15 40 58 26 33 45 19 14 11 6 12 15 2 11 17 7 7 4 7 5 4 4 4 7 5 2 2 5 15 23 12 8 4 4 1 1 0 0 1 0 1 1 0 0 0 0 0 0 0 0 0 0 0 0 0 0 0 0 0 0 0 0 0 0 0 0 1 2 2 4 4 5 4 3 8 12 14 15 16
58 45 25 18 5 6 14 21 57 15 15 7 4 3 3 4 3 10 40 23 4 18 69 17 11 12 5 6 6 11 8 7 5 4 5 2 2 1 1 3 5 2 1 2 2 7 20 10 11 4 2 1 1 0 0 0 0 0 0 0 0 0 0 0 0 0 0 0 0 0 0 0 0 0 0 0 0 0 0 0 0 0 1 2 1 2 5 5 4 4 8 6 9 14 18 11
52 44 24 11 10 6 13 13 44 15 4 10 6 3 2 2 2 15 17 10 24 38 57 34 14 7 8 12 4 14 8 5 5 2 4 2 2 2 1 2 1 1 1 5 8 11 15 13 20 14 7 3 1 1 0 0 0 0 0 0 0 0 0 0 0 0 0 0 0 0 0 0 0 0 0 0 0 0 0 0 0 0 0 1 1 2 2 4 6 8 10 9 13 7 17 20
43 29 17 10 9 7 4 8 15 36 9 4 6 2 2 2 2 7 7 10 9 23 52 31 13 17 5 6 6 14 5 3 4 3 2 1 2 1 1 1 0 0 2 13 5 5 12 7 15 15 12 4 2 1 0 0 0 0 0 0 0 0 0 0 0 0 0 0 0 0 0 0 0 0 0 0 0 0 0 0 0 0 1 1 1 1 2 3 4 5 7 18 12 17 31 20
37 33 16 9 8 6 5 7 8 16 15 4 2 2 2 2 2 2 4 6 10 21 57 25 16 8 11 4 5 9 4 1 2 2 2 1 1 1 1 0 0 1 6 9 2 5 6 3 11 9 7 6 4 2 2 1 0 0 0 0 0 0 0 0 0 0 0 0 0 0 0 0 0 0 0 0 0 0 0 0 0 1 1 0 0 1 1 1 3 5 5 9 9 5 11 15
75 50 29 7 4 5 4 4 5 10 16 6 4 2 2 2 1 2 2 2 10 13 41 20 8 5 5 5 3 2 5 1 1 1 1 1 1 1 0 0 2 3 4 1 2 3 2 3 6 7 10 9 11 5 3 2 1 0 0 0 0 0 0 0 0 0 0 0 0 0 0 0 0 0 0 0 0 0 0 0 0 0 0 0 0 0 0 1 1 2 6 13 7 8 11 3
30 67 45 21 6 3 2 3 4 6 26 8 4 2 1 1 1 1 1 2 6 11 25 27 6 4 2 3 3 3 3 4 2 1 1 2 1 0 0 1 2 6 2 1 2 3 2 2 6 7 3 3 4 6 4 2 1 1 0 0 0 0 0 0 0 0 0 0 0 0 0 0 0 0 0 0 0 0 0 0 0 0 0 0 0 1 1 1 1 3 5 6 5 7 8 13
11 64 16 45 22 11 2 2 2 6 14 4 2 1 1 1 0 0 1 2 6 13 11 21 12 6 4 2 2 2 2 3 2 1 0 1 0 0 0 1 3 3 2 1 1 3 1 1 6 7 2 2 2 3 9 4 2 1 1 0 0 0 0 0 0 0 0 0 0 0 0 0 0 0 0 0 0 0 0 0 0 0 0 0 1 1 1 1 2 2 3 2 3 7 9 11
21 22 11 38 17 17 6 1 1 2 6 5 1 1 1 0 0 0 1 3 2 2 19 20 21 11 6 4 1 1 1 1 1 1 0 0 0 0 0 1 2 1 1 1 1 3 1 1 8 6 3 1 0 0 4 3 2 1 0 0 0 0 0 0 0 0 0 0 0 0 0 0 0 0 0 0 0 0 0 1 1 1 1 1 1 1 1 1 1 2 2 4 8 10 14 16
22 16 14 9 10 5 18 3 1 1 2 3 1 1 0 0 0 1 1 1 4 16 24 21 27 11 6 2 2 1 1 1 1 1 1 0 0 0 1 1 1 1 0 0 1 4 2 2 10 6 5 1 0 0 1 1 1 1 0 0 0 0 0 0 0 0 0 0 0 0 0 0 0 0 0 0 0 0 1 1 1 1 2 1 1 1 1 1 2 2 2 3 4 2 5 8
16 12 14 8 8 2 4 6 1 0 1 2 3 1 0 0 0 0 1 3 9 10 18 14 15 19 5 2 2 1 1 1 1 1 0 0 0 0 0 1 1 0 0 0 0 1 1 1 5 7 3 1 1 0 0 1 0 0 0 0 0 0 0 0 0 0 0 0 0 0 0 0 0 0 0 0 0 1 1 1 2 2 1 2 1 2 2 4 3 1 1 1 2 7 8 12
11 14 17 8 2 2 2 2 1 0 1 1 2 1 0 0 0 1 3 8 4 2 10 8 7 10 5 2 2 1 1 1 0 0 0 0 0 0 1 1 0 0 0 0 0 1 0 1 6 2 2 1 1 0 0 0 0 0 0 0 0 0 0 0 0 0 0 0 0 0 0 0 0 0 0 0 0 1 1 1 2 4 5 5 6 4 5 5 3 2 2 3 2 2 8 9
4 3 4 5 2 2 1 1 1 0 0 0 1 0 0 0 0 1 2 2 3 2 5 15 3 4 3 3 1 1 1 1 0 0 0 0 0 1 1 0 0 0 0 0 0 1 1 7 12 1 0 2 1 0 0 0 0 0 0 0 0 0 0 0 0 0 0 0 0 0 0 0 0 0 0 0 0 0 0 1 1 2 2 4 8 6 9 9 7 6 3 4 7 6 5 7
1 1 1 1 1 1 1 1 1 0 0 0 0 0 0 0 0 0 1 1 2 2 1 2 2 2 1 2 1 0 0 0 0 0 0 0 0 1 0 0 0 0 0 0 0 1 2 1 6 1 0 1 1 0 0 0 0 0 0 0 0 0 0 0 0 0 0 0 0 0 0 0 0 0 0 0 0 0 0 0 1 1 2 2 7 8 13 17 11 17 13 13 11 10 8 23
2 2 1 1 1 1 0 0 0 0 0 0 0 0 0 0 0 0 0 0 1 1 1 1 1 1 1 1 1 0 0 0 0 0 0 0 0 0 0 0 0 0 0 1 1 2 0 0 1 1 1 0 0 1 0 0 0 0 0 0 0 0 0 0 0 0 0 0 0 0 0 0 0 0 0 0 0 0 0 0 1 1 1 2 3 5 4 7 25 25 11 26 22 20 13 19
