sesion_6_simulaciones/modelos_agentes/ejemplos_netlogo/scenarios/cgcm2_a2/rob_2095.asc
NCOLS 322 
NROWS 307 
XLLCORNER 451900 
YLLCORNER 4086900 
CELLSIZE 100 
NODATA_value -9999 
[rows 222 to 295 of 307, columns 0 to 95 of 322]
1 2 4 8 10 5 16 15 2 7 8 9 22 7 6 4 4 1 1 2 7 10 15 16 10 9 7 17 25 12 5 20 29 7 18 13 9 11 19 38 12 12 20 20 16 47 23 40 49 78 77 42 32 34 33 19 35 46 31 44 51 36 30 56 40 51 33 41 31 27 24 19 7 5 3 2 1 1 0 0 0 0 0 0 1 2 4 13 13 7 4 5 11 20 37 20
3 4 2 2 3 6 9 21 13 5 5 12 14 7 3 3 4 7 9 8 10 16 8 37 17 16 13 12 18 20 10 12 7 8 22 5 6 8 12 30 27 12 9 19 6 5 14 8 12 51 62 48 48 33 28 30 19 24 40 49 42 61 34 42 57 36 35 37 43 24 11 10 6 4 2 1 1 1 0 0 0 0 0 1 1 2 4 8 20 21 9 13 21 25 5 5
4 7 15 35 14 11 15 19 10 15 18 30 12 6 6 9 7 18 6 7 39 6 10 11 12 9 5 21 16 10 9 9 6 13 10 6 8 10 9 21 11 12 10 43 48 35 28 36 30 18 23 39 29 26 21 21 22 34 36 40 45 51 35 70 68 48 35 27 25 14 9 8 4 3 2 1 1 0 0 0 0 0 1 2 3 7 4 15 39 34 15 24 31 22 6 4
4 14 23 17 42 51 13 13 8 22 31 17 11 6 7 8 3 1 1 15 6 10 23 10 6 13 7 9 7 4 5 5 12 2 3 9 4 9 5 10 9 15 24 14 22 42 34 61 56 35 20 25 18 28 15 17 23 40 34 33 50 32 28 23 32 28 20 19 11 8 7 4 3 2 1 1 0 0 0 0 0 1 2 3 4 13 19 24 55 50 42 43 18 12 7 6
1 3 5 4 21 56 37 3 12 19 29 7 14 13 2 1 1 1 8 32 5 11 14 19 9 8 5 2 5 3 4 11 7 3 8 7 7 10 5 6 22 41 30 16 28 38 46 24 63 72 26 23 11 16 18 28 26 25 29 24 19 15 23 13 11 19 25 15 7 4 3 2 3 1 1 0 0 0 0 0 0 1 4 4 4 16 38 49 55 63 41 20 18 8 6 4
7 4 7 14 15 20 5 7 9 11 19 20 27 5 1 1 5 10 19 34 9 7 8 32 13 3 7 2 3 4 1 4 11 4 2 2 6 10 31 39 12 13 11 50 24 32 57 39 37 15 31 34 32 30 30 34 39 27 28 24 22 12 15 9 10 13 11 4 3 4 2 1 1 1 0 0 0 0 0 1 1 2 5 7 6 15 44 72 57 9 8 5 6 7 4 3
4 4 4 16 13 15 13 10 6 16 19 12 11 4 6 20 20 20 18 26 5 8 5 17 1 1 5 1 3 4 1 1 6 3 1 3 3 3 25 44 22 16 36 32 79 49 22 36 31 28 21 46 43 42 47 45 27 31 17 11 10 3 1 2 7 7 6 4 3 2 2 1 1 0 0 0 0 1 1 2 2 5 7 10 20 26 32 71 37 15 12 9 7 7 4 5
1 2 10 7 7 10 13 12 10 11 7 21 16 15 13 21 14 5 19 10 3 3 2 2 1 5 1 0 3 2 1 2 1 2 9 14 8 8 5 14 19 11 11 11 40 73 46 30 28 31 26 29 30 44 56 57 34 27 9 8 3 3 4 12 12 7 2 2 2 1 0 0 0 0 0 0 1 2 2 3 8 7 16 14 38 48 47 46 25 16 20 27 11 8 4 4
4 3 6 7 14 13 22 7 12 9 5 13 8 22 10 14 10 6 6 22 1 1 1 1 2 0 1 1 1 2 0 1 1 2 2 6 6 25 8 4 19 31 36 30 45 19 29 20 16 23 19 20 33 37 36 39 45 30 27 11 13 10 5 6 9 5 1 1 1 0 0 0 0 0 0 1 2 3 4 7 16 12 27 21 21 61 78 44 30 36 44 30 11 6 4 2
1 4 7 10 5 5 6 17 4 6 5 4 7 6 4 9 7 4 2 3 1 1 1 2 1 1 1 1 0 1 0 1 6 3 2 2 13 7 12 11 5 12 57 65 76 42 18 12 27 32 35 17 26 37 33 36 31 11 17 25 12 7 4 5 3 5 2 1 1 0 0 1 0 1 1 2 4 9 14 22 32 29 33 19 14 35 66 33 24 56 44 19 10 7 5 3
1 1 3 8 6 5 3 10 4 4 4 3 2 4 2 4 14 2 1 2 0 0 0 1 0 0 0 0 0 0 1 1 2 8 4 6 4 7 14 5 11 12 12 27 28 21 26 15 29 22 39 24 24 24 25 43 25 17 6 5 7 4 1 2 1 4 2 2 1 1 1 0 1 1 2 3 6 17 25 38 49 58 39 26 18 24 39 42 50 39 20 10 6 4 6 5
0 0 2 2 2 7 3 2 5 3 6 3 2 4 3 1 2 1 1 0 0 0 0 0 0 0 0 0 0 0 0 1 1 1 1 4 2 4 6 3 9 19 46 24 26 14 18 7 12 15 23 20 22 29 35 22 19 8 3 1 5 10 4 6 6 3 3 3 2 0 0 1 1 3 3 4 8 28 30 52 72 62 49 48 26 30 65 68 54 31 24 14 11 13 10 3
0 0 0 1 1 3 9 10 17 2 2 4 1 3 1 1 3 0 0 1 0 1 0 0 0 0 0 1 1 4 3 0 1 1 4 6 7 12 9 13 22 29 38 47 48 51 59 30 28 46 35 23 22 19 17 18 8 4 3 7 5 14 17 8 4 2 1 1 1 0 1 3 4 4 7 5 14 31 39 58 53 73 58 63 46 75 52 55 37 45 38 36 24 15 9 5
0 0 0 1 1 2 1 3 2 3 3 1 0 0 0 0 1 0 0 0 0 0 0 0 0 0 0 0 1 1 8 16 8 11 18 9 12 8 10 20 36 31 33 59 34 24 28 7 17 38 51 40 23 15 15 14 17 12 28 16 9 9 5 6 2 1 0 0 0 0 3 5 11 7 13 8 10 21 45 61 78 65 67 61 72 52 55 55 30 32 61 48 35 15 11 15
0 0 0 0 0 1 1 2 2 1 1 1 0 1 0 0 0 0 0 0 0 0 0 0 0 0 1 1 1 1 1 7 38 16 35 63 65 36 35 46 12 56 61 51 70 56 61 36 33 41 40 34 41 18 18 38 31 21 15 8 9 15 10 3 0 0 1 1 0 0 1 4 15 23 19 10 16 12 29 32 73 79 75 41 37 79 49 57 57 61 41 42 36 27 18 17
0 0 0 0 0 0 0 1 3 1 0 0 0 0 0 0 0 2 0 0 2 1 0 0 0 0 0 0 0 1 1 2 3 30 26 64 71 69 59 46 48 20 68 70 72 52 73 44 34 38 26 24 14 17 7 8 12 15 13 8 6 4 1 0 0 1 1 0 0 1 3 6 12 24 27 14 17 24 28 31 58 75 68 30 65 63 53 72 75 54 57 50 44 29 41 29
0 0 0 0 1 0 0 1 1 1 0 0 0 0 0 0 0 0 1 0 1 4 1 0 0 0 0 0 0 1 1 2 6 5 5 41 73 34 76 38 46 50 40 68 61 58 43 24 60 51 39 36 40 35 24 14 12 9 7 6 4 1 1 0 1 1 1 0 0 1 3 9 15 35 54 32 23 30 47 52 63 74 45 43 60 27 16 34 49 28 27 45 35 37 22 12
0 0 0 0 0 0 0 0 0 0 0 0 0 0 0 0 0 0 0 0 0 0 6 1 0 0 0 1 1 2 2 2 5 9 7 11 35 62 51 54 55 47 51 54 54 68 61 40 20 45 44 43 39 41 35 16 11 4 6 4 2 2 1 3 1 0 1 0 1 3 6 7 21 26 47 55 31 27 35 66 63 82 34 39 69 31 35 32 26 19 18 30 28 23 7 3
0 0 0 0 0 0 0 0 0 0 0 0 0 0 0 0 0 0 0 0 0 0 0 1 1 0 0 3 2 2 4 4 7 16 17 14 22 51 41 55 20 28 20 33 36 40 13 46 34 30 40 28 26 34 31 29 22 14 10 13 6 4 3 1 1 0 0 1 3 7 11 17 20 25 28 60 68 42 63 47 74 67 55 75 31 37 43 41 50 52 34 37 31 19 8 3
0 0 0 0 0 0 0 0 0 0 0 0 0 0 0 0 0 0 0 0 0 0 0 3 1 1 1 1 0 1 2 3 9 13 19 26 16 13 21 14 28 17 9 11 19 32 29 40 23 22 31 27 24 21 18 18 16 11 8 6 3 1 1 0 0 0 1 3 9 8 12 18 28 23 32 32 81 38 38 63 70 48 56 66 60 54 43 71 69 29 32 26 15 7 4 2
0 0 0 0 0 0 0 0 0 0 0 0 0 0 0 0 0 0 0 0 0 0 0 0 1 0 0 2 0 3 6 4 5 13 14 28 31 18 13 8 8 14 20 21 33 34 28 17 21 30 25 24 17 21 18 16 14 6 4 3 2 1 0 0 1 1 3 7 8 13 25 12 8 32 66 53 74 48 49 60 67 63 48 57 45 31 34 61 53 47 22 17 12 7 4 1
0 0 0 0 0 0 0 0 0 0 0 0 0 1 1 0 0 0 0 0 0 0 0 2 3 1 1 2 1 2 5 7 12 16 17 29 31 53 38 14 17 11 13 15 20 17 22 14 10 20 17 23 24 20 11 10 6 4 4 3 2 1 0 1 1 3 10 10 11 17 25 24 15 36 56 41 63 74 49 57 61 65 65 64 46 58 43 50 53 44 32 25 10 9 4 3
0 0 0 0 0 0 0 0 0 0 0 0 0 0 0 3 0 0 0 0 0 0 0 1 0 1 3 9 14 7 4 10 13 22 26 24 32 44 56 52 27 20 21 29 32 20 14 17 27 22 30 31 14 11 16 10 13 8 3 3 1 1 1 2 1 6 12 21 30 35 30 30 22 37 72 43 22 59 82 56 69 65 62 55 45 39 14 36 51 42 25 12 10 9 14 10
0 0 0 0 0 0 0 0 0 0 0 0 0 0 0 0 0 0 0 0 0 1 0 0 1 2 1 2 4 16 21 17 22 34 33 25 39 56 64 55 33 30 28 38 41 46 28 45 29 17 9 9 14 15 5 6 6 5 2 2 2 1 1 3 4 10 14 31 41 46 40 48 36 44 62 69 27 47 61 56 54 34 30 19 27 42 23 29 35 27 23 18 17 15 12 11
0 0 0 0 0 0 0 0 0 0 0 0 0 0 0 0 0 0 0 0 1 0 0 1 1 3 1 0 1 19 12 36 55 31 39 42 29 43 58 61 63 61 49 33 48 62 37 40 33 20 20 19 10 16 8 6 6 8 7 4 2 1 3 5 8 10 16 35 40 57 49 61 34 37 56 70 52 28 62 36 27 17 31 25 28 13 14 23 42 41 22 21 22 21 15 5
0 0 0 0 0 0 0 0 0 0 0 0 0 0 0 0 0 0 0 0 0 0 0 0 1 2 2 1 1 1 2 3 29 29 36 32 22 44 41 32 28 23 20 23 33 55 34 31 29 27 21 14 8 5 4 8 10 8 4 4 1 0 2 3 7 18 32 38 36 48 74 55 58 33 32 62 48 70 41 25 31 23 23 26 36 19 30 36 33 16 21 32 38 22 14 4
0 0 0 0 0 0 0 0 0 0 0 0 0 0 0 0 0 0 0 0 0 0 0 0 1 1 2 2 5 6 3 9 12 9 5 13 21 30 21 29 15 18 11 19 22 26 26 37 20 18 15 15 17 14 4 7 7 11 6 2 1 0 1 4 6 16 14 16 20 25 47 71 77 33 21 45 28 63 24 36 21 23 16 29 35 37 36 18 33 29 33 43 23 16 8 4
0 0 0 0 0 0 0 0 0 0 0 0 0 0 0 0 1 0 0 0 0 0 0 0 1 1 4 5 3 3 2 4 13 18 13 12 31 35 34 32 37 30 49 42 27 28 32 36 31 23 10 15 12 9 13 11 8 5 3 1 0 1 1 3 9 15 23 43 32 19 32 39 57 62 37 31 57 44 32 32 14 31 35 25 16 35 43 36 50 55 33 32 15 9 7 9
0 0 0 0 0 0 0 0 0 0 0 0 0 0 0 0 0 0 0 0 0 0 0 0 6 17 8 2 6 14 16 7 20 20 20 20 32 47 39 37 49 40 33 34 33 33 49 55 36 27 28 22 30 27 18 6 5 5 3 1 0 2 2 4 14 22 38 52 51 30 22 26 44 58 61 34 66 42 40 45 43 25 35 47 42 42 55 49 42 51 53 26 23 16 6 7
0 0 0 0 0 0 0 0 0 0 0 0 0 0 0 0 1 0 0 0 0 1 1 2 5 24 16 5 2 6 9 11 7 11 18 14 19 27 26 51 65 38 46 48 59 56 50 56 42 34 41 46 30 19 18 13 11 5 3 1 1 3 3 11 18 30 56 53 34 35 31 39 40 28 18 68 67 42 34 33 26 32 53 49 53 63 61 71 59 53 30 21 18 16 11 7
0 0 0 0 0 0 0 0 0 0 1 0 0 0 0 0 0 0 0 0 1 1 1 14 5 2 9 7 5 11 21 18 10 6 12 10 22 30 41 41 36 37 69 64 71 65 48 35 31 27 13 25 28 15 12 10 6 4 3 1 1 3 3 13 27 41 53 51 47 54 48 41 64 58 48 44 58 54 24 31 39 49 52 36 51 55 55 45 58 32 21 17 26 17 12 9
0 0 0 0 0 0 0 0 1 1 1 1 0 0 1 1 0 0 0 0 0 0 0 5 1 2 7 19 25 46 68 13 32 17 11 7 15 59 40 45 64 15 24 12 18 40 27 41 26 30 25 27 25 22 9 6 5 4 4 1 1 5 6 14 35 61 51 48 36 71 80 34 63 73 70 56 36 40 34 23 34 33 42 62 54 51 39 37 43 38 35 40 32 25 12 4
0 0 0 0 0 0 0 0 0 0 0 0 0 0 0 0 0 0 0 0 0 0 1 3 1 0 1 8 15 10 33 65 25 36 39 35 39 40 31 35 49 53 42 51 51 36 41 56 42 40 38 20 16 14 13 9 9 8 6 2 3 9 22 29 41 51 52 49 38 35 60 74 39 59 68 65 49 28 49 37 51 57 42 35 51 50 40 33 37 59 50 43 24 14 12 4
0 0 0 0 0 0 0 0 0 0 0 0 0 0 0 0 0 0 0 0 1 0 1 6 1 0 2 1 4 12 4 18 36 27 58 52 31 10 13 11 27 37 34 45 59 64 50 32 51 44 29 40 34 19 12 20 9 8 7 2 5 14 33 48 61 67 47 40 67 56 37 29 63 67 53 61 43 39 64 62 25 24 30 40 41 35 51 43 48 31 31 17 10 11 5 5
0 0 0 0 0 0 0 0 0 0 0 0 0 0 0 0 0 0 0 0 0 1 2 6 3 1 2 3 6 7 7 3 3 8 9 10 10 11 12 9 8 16 15 22 46 50 38 56 53 52 45 38 33 28 27 20 17 8 7 2 8 18 32 56 67 63 48 58 58 74 51 48 26 23 40 38 61 53 33 42 36 51 49 60 53 47 61 56 34 22 19 20 12 4 5 6
0 0 0 0 0 0 0 0 0 0 0 0 0 0 0 0 0 0 0 0 0 1 3 4 2 0 2 6 5 12 13 4 17 26 32 25 27 24 27 13 13 14 45 57 60 41 50 48 54 55 52 42 37 33 28 23 17 10 4 2 4 16 49 62 58 71 52 60 57 47 81 54 38 25 15 60 32 56 44 46 51 67 69 63 54 65 55 46 29 22 20 18 9 6 9 11
0 0 0 0 0 0 0 0 0 0 0 0 1 2 1 3 1 0 0 0 1 1 3 4 2 5 1 5 6 14 7 24 19 15 20 25 19 23 11 21 46 58 34 37 33 47 44 44 55 48 56 52 42 34 30 27 13 11 5 4 4 9 30 61 81 70 49 61 54 45 35 49 54 14 9 25 51 69 64 55 56 57 63 70 65 48 55 40 56 32 20 14 6 12 7 27
0 0 0 0 0 0 0 0 0 0 0 0 1 1 3 0 0 0 0 0 1 1 2 4 6 2 4 4 4 4 8 39 13 14 20 26 27 17 29 32 57 52 51 50 54 56 58 52 66 57 59 49 43 37 32 17 13 10 10 5 7 10 29 50 72 59 68 72 58 71 62 57 51 18 19 38 47 50 57 49 49 50 50 58 50 46 47 54 58 51 23 19 15 19 16 35
0 0 0 0 0 0 0 0 0 0 0 0 0 5 0 0 0 0 0 0 0 1 2 1 1 1 8 2 5 4 15 10 18 29 23 25 26 31 41 37 34 47 55 61 60 66 59 70 64 46 41 40 35 42 39 21 16 12 9 4 8 14 29 46 60 53 46 62 74 58 70 53 57 22 34 51 48 57 38 37 45 48 39 35 38 41 42 42 39 43 37 31 13 30 36 34
0 0 0 0 0 0 0 0 0 0 0 0 0 0 0 0 0 0 0 0 0 2 2 1 1 3 2 3 6 15 21 23 21 25 19 23 35 38 44 41 49 61 65 51 49 65 68 68 54 52 46 45 39 30 29 33 27 15 7 4 9 21 34 47 49 53 44 45 67 78 66 54 44 69 59 26 22 28 42 42 39 45 49 47 36 48 32 50 39 30 35 30 17 31 32 29
0 0 0 0 0 0 0 0 0 0 0 0 0 0 0 0 0 0 0 0 1 1 1 2 3 1 1 6 19 3 4 5 18 18 23 34 37 38 38 39 44 60 47 54 69 62 68 72 51 55 50 44 38 26 26 32 18 16 14 5 6 13 46 54 62 51 47 40 38 37 45 45 40 53 8 25 29 30 28 31 37 35 33 55 48 50 46 45 36 34 35 20 21 37 32 41
0 0 0 0 0 0 0 0 0 0 0 0 0 0 0 0 0 0 0 0 1 1 4 5 1 1 3 5 3 4 6 9 15 12 22 29 34 37 30 62 43 38 44 62 31 52 70 72 71 66 36 37 35 40 39 25 22 24 15 6 3 10 22 49 54 52 78 54 52 47 36 20 34 45 24 34 42 30 31 32 40 38 47 49 50 23 28 23 31 49 36 14 30 46 48 46
0 0 0 0 0 0 0 0 0 0 0 0 0 0 0 0 0 0 0 0 0 3 2 1 1 4 2 2 3 5 7 9 7 13 17 31 21 20 47 37 31 53 66 35 57 58 60 67 58 43 39 49 51 45 42 40 36 30 16 8 4 11 33 40 47 65 73 82 45 54 37 20 20 55 57 22 35 42 50 30 34 36 51 47 34 17 40 38 33 24 15 7 34 47 46 45
0 0 0 0 0 0 0 0 0 0 0 0 0 0 0 0 0 0 0 1 0 1 0 1 3 1 1 2 3 4 12 10 7 18 19 21 22 36 44 50 31 29 41 51 49 57 46 53 52 52 50 62 61 36 40 37 39 23 21 10 7 19 28 44 55 57 68 71 60 57 38 39 38 55 30 23 24 30 36 42 30 65 54 31 41 50 42 35 21 11 9 22 41 49 44 47
0 0 0 0 0 0 0 0 0 0 0 0 0 0 0 0 0 0 0 0 0 0 0 1 1 1 1 4 5 6 6 4 6 8 19 11 41 38 46 26 16 19 31 48 59 56 56 60 63 64 61 60 47 35 30 28 26 25 24 20 11 26 38 52 63 61 51 41 60 69 54 17 27 44 19 24 52 53 51 57 54 40 43 43 47 53 28 32 18 15 17 35 41 43 34 45
0 0 0 0 0 0 0 0 0 0 0 0 0 0 0 0 0 0 0 1 1 1 0 0 1 2 2 7 3 2 4 5 14 10 27 10 6 5 6 17 21 39 55 62 65 61 57 61 50 66 50 47 56 37 42 28 25 26 23 22 16 36 50 49 62 56 47 23 41 56 51 26 36 37 21 13 28 57 57 57 60 33 44 48 45 48 28 24 38 18 35 37 22 47 45 45
0 0 0 0 0 0 0 0 0 0 0 0 0 0 0 0 0 1 0 0 0 0 0 0 2 1 2 3 2 2 11 6 5 27 4 3 14 18 24 25 46 54 48 58 64 70 66 63 52 55 55 53 54 52 48 44 38 28 27 14 30 42 60 75 63 56 41 42 47 42 49 23 30 32 45 28 32 36 53 61 49 56 40 48 50 42 33 12 18 34 31 20 29 35 59 42
0 0 0 0 0 0 0 0 0 0 0 0 0 0 0 0 0 0 0 0 0 1 0 0 1 1 1 2 2 3 3 4 6 5 1 5 9 14 24 67 45 41 55 59 63 68 56 55 51 44 51 53 55 41 49 36 43 41 28 30 36 60 49 61 58 50 42 51 47 33 54 42 21 32 41 27 36 41 42 43 53 46 37 38 45 33 19 7 16 42 23 31 41 37 57 37
0 0 0 0 0 0 0 0 0 0 0 0 0 0 0 0 0 0 0 0 1 0 0 0 2 1 2 2 2 1 6 18 10 1 2 10 7 22 35 38 38 55 57 44 50 53 57 59 47 53 51 53 54 54 52 49 47 46 33 32 34 40 45 44 57 68 50 68 61 41 26 24 33 24 43 44 32 35 29 34 44 40 36 45 45 33 15 9 33 35 36 54 55 39 47 33
0 0 0 0 0 0 0 0 0 0 0 0 0 0 0 0 0 0 0 0 0 0 0 1 0 1 1 1 5 2 8 6 1 2 9 3 9 10 17 47 53 40 31 69 64 43 53 59 57 55 53 54 53 53 53 52 50 33 34 37 39 58 36 37 31 49 70 67 56 48 47 40 20 29 22 27 18 25 39 47 36 43 36 50 49 16 10 32 26 37 50 52 45 27 40 39
0 0 0 0 0 0 0 0 0 0 0 0 0 0 0 0 0 0 0 0 0 0 1 0 0 0 0 1 4 4 5 1 1 3 5 24 7 11 28 35 41 35 53 27 39 35 53 68 54 55 55 55 55 52 54 53 37 26 40 51 41 56 44 46 40 46 50 76 40 28 14 27 16 10 13 27 38 32 29 33 35 33 52 47 22 14 24 34 38 31 36 42 52 38 41 37
0 0 0 0 0 0 0 0 0 0 0 0 0 0 0 0 0 0 0 0 1 0 0 0 0 1 0 2 5 1 1 1 1 2 9 13 15 12 16 21 29 42 32 25 32 67 56 52 51 67 57 53 56 54 54 51 35 26 48 51 66 66 48 44 32 48 55 48 59 25 13 11 17 22 20 40 30 34 32 41 32 40 30 23 15 25 38 44 33 49 43 30 31 35 29 23
0 0 0 0 0 0 0 0 0 0 0 0 0 0 0 0 0 0 0 0 0 0 0 0 1 0 0 3 1 1 1 1 3 4 11 8 12 12 12 8 12 30 49 39 50 44 50 54 66 53 58 67 37 52 51 38 22 46 55 54 76 63 44 53 38 32 39 52 40 8 22 10 13 21 28 31 33 40 42 36 32 42 21 28 22 37 42 42 33 34 40 26 26 35 38 28
0 0 0 0 0 0 0 0 0 0 0 0 0 0 0 0 0 0 0 0 0 0 0 0 0 0 0 1 0 0 1 1 4 7 10 12 5 8 8 12 20 28 36 57 39 42 44 68 51 51 69 57 58 55 39 37 24 43 63 61 61 66 46 51 52 42 36 24 35 6 12 20 27 17 22 29 42 38 50 51 38 37 16 14 22 38 46 45 51 43 37 35 25 27 44 33
0 0 0 0 0 0 0 0 0 0 0 0 0 0 0 0 0 0 0 0 0 0 0 0 0 0 1 0 0 1 2 2 5 11 1 1 6 5 9 10 14 24 35 47 50 39 63 42 63 69 49 51 57 55 42 37 23 42 63 60 52 56 32 35 48 22 37 16 18 6 5 22 9 24 23 34 38 50 72 48 47 19 14 20 34 39 41 44 30 20 27 45 20 20 33 55
0 0 0 0 0 0 0 0 0 0 0 0 0 0 0 0 0 0 0 0 0 0 0 0 0 0 0 0 0 0 2 0 3 2 1 3 2 3 5 13 20 26 35 42 39 30 49 58 57 54 60 50 53 54 53 34 34 41 63 72 60 52 39 26 49 36 12 10 22 4 11 10 12 20 24 33 54 26 32 41 18 13 19 35 33 42 49 42 23 26 33 17 10 13 21 48
0 0 0 0 0 0 0 0 0 0 0 0 0 0 0 0 0 0 0 0 0 0 0 0 0 0 0 2 1 1 3 2 8 2 1 1 2 3 4 5 7 25 17 25 44 20 19 19 36 42 55 52 49 54 38 24 39 52 61 57 72 52 27 25 25 25 13 3 11 1 2 5 11 23 32 47 48 50 44 45 23 13 21 33 32 56 57 45 33 25 28 28 23 12 19 32
0 0 0 0 0 0 0 0 0 0 0 0 0 0 0 0 0 0 0 0 0 0 0 0 0 0 0 0 0 0 2 0 1 0 1 3 1 2 3 4 16 16 13 32 14 20 24 36 39 56 47 54 53 38 33 21 35 49 65 54 54 28 25 34 24 10 12 5 8 2 3 5 6 7 30 48 48 45 30 30 12 20 31 33 34 57 46 17 25 36 20 35 14 15 20 36
0 0 0 0 0 0 0 0 0 0 0 0 0 0 0 0 0 0 0 0 0 0 0 0 0 0 0 0 0 0 0 0 0 1 2 1 3 3 4 9 7 15 23 12 18 21 37 35 49 40 42 47 51 36 16 32 39 68 58 50 41 35 19 36 18 8 7 10 3 2 8 13 20 33 42 43 36 19 19 10 14 30 29 31 32 57 53 13 14 32 19 35 15 16 21 50
0 0 0 0 0 0 0 0 0 0 0 0 0 0 0 0 0 0 0 0 0 0 0 0 0 0 0 0 0 1 0 0 0 1 4 1 2 3 8 2 13 12 9 16 16 30 35 49 52 43 55 43 33 36 23 42 38 62 63 33 35 28 13 7 11 9 6 5 4 9 13 9 15 22 22 39 29 22 8 27 19 32 36 44 36 52 55 20 19 21 10 39 16 18 19 30
0 0 0 1 0 0 0 0 0 0 0 0 0 0 0 0 0 0 0 0 0 0 0 0 0 0 0 0 0 1 0 0 4 1 1 1 2 2 3 11 19 15 23 10 19 37 46 34 34 57 49 36 32 34 23 46 56 43 44 38 16 19 16 4 13 10 5 2 6 10 7 9 25 22 36 20 29 27 16 31 31 26 30 41 27 29 34 29 33 17 17 43 15 16 13 23
0 0 0 0 1 1 0 0 0 0 0 0 0 0 0 0 0 0 0 0 0 0 0 0 0 0 0 0 0 0 0 4 1 0 1 2 1 1 4 7 8 5 28 18 23 39 18 29 46 41 34 32 29 27 32 40 47 52 31 27 12 10 10 7 5 7 2 1 3 11 8 17 22 36 30 30 36 34 25 27 29 34 34 36 26 18 28 24 23 21 20 36 16 12 18 20
0 0 0 0 0 0 0 0 0 0 0 0 0 0 0 0 0 0 0 0 0 0 0 0 0 0 0 0 0 1 2 6 1 1 2 0 0 1 1 4 4 7 20 23 21 27 28 28 33 33 29 29 25 25 37 28 43 44 30 11 16 5 6 5 3 1 1 1 0 3 10 28 36 24 25 26 26 8 16 22 24 38 30 31 18 30 43 42 25 20 15 21 27 6 18 22
0 0 0 0 0 0 0 0 0 0 0 0 0 0 0 0 0 0 0 0 0 0 0 0 0 0 0 0 0 0 0 0 1 1 1 1 1 0 5 2 3 4 12 9 24 16 19 15 31 37 22 24 19 19 29 35 37 37 23 14 8 12 4 3 0 0 1 3 2 5 9 23 24 19 17 19 7 14 25 21 24 34 33 21 23 23 31 35 23 20 13 19 24 6 8 26
0 0 0 0 0 0 0 0 0 0 0 0 0 0 0 0 0 0 0 0 0 0 0 0 0 0 0 0 0 0 0 1 1 1 1 1 2 0 3 2 0 3 14 11 16 16 18 28 24 26 25 19 19 36 35 21 38 17 13 4 7 4 1 2 1 1 2 5 4 3 13 23 36 36 36 12 12 13 22 28 36 21 27 18 25 33 30 25 18 18 12 11 20 17 5 11
0 0 0 0 0 0 0 0 0 0 0 0 0 0 0 0 0 0 0 0 0 0 0 0 0 0 0 0 0 0 0 0 0 2 1 1 1 1 9 3 1 7 2 11 10 9 20 10 19 18 15 18 14 36 32 18 19 9 9 8 2 2 2 1 1 1 1 1 2 2 11 18 31 50 27 9 12 20 17 36 35 22 21 22 12 25 29 24 18 20 5 13 13 10 7 5
0 0 0 0 0 0 0 0 0 0 0 0 0 0 0 0 0 0 0 0 0 0 0 0 0 0 0 0 0 0 0 0 0 1 1 2 1 1 7 4 2 10 1 11 6 5 9 7 12 14 20 11 10 21 22 41 5 4 4 2 2 1 1 1 0 1 1 2 2 3 13 21 15 41 19 10 21 24 18 20 29 20 16 14 16 20 19 31 19 10 6 10 13 4 6 3
0 0 0 0 0 0 0 0 0 0 0 0 0 0 0 0 0 0 0 0 0 0 0 0 0 0 0 0 0 0 0 0 1 1 1 1 0 0 2 5 2 3 3 6 2 7 5 9 13 7 13 10 14 9 15 16 9 5 2 1 1 1 0 1 0 1 2 1 4 5 9 19 22 19 11 19 20 17 17 12 16 22 22 16 11 16 22 16 22 6 4 17 6 9 5 2
0 0 0 0 0 0 0 0 0 0 0 0 0 0 0 0 0 0 0 0 0 0 0 0 0 0 0 0 0 0 0 0 0 1 1 1 1 1 0 3 6 5 2 2 2 2 3 7 6 2 8 6 6 5 7 13 10 3 1 0 1 0 0 0 0 0 1 3 5 11 24 17 18 7 21 15 18 26 21 14 9 14 13 15 13 26 6 19 7 4 3 13 6 11 3 2
0 0 0 0 0 0 0 0 0 0 0 0 0 0 0 0 0 0 0 0 0 0 0 0 0 0 0 0 0 0 0 0 0 0 0 0 1 0 0 2 6 6 1 1 1 2 7 2 5 2 3 6 4 9 5 4 4 2 1 0 1 0 0 0 0 1 1 3 6 7 14 26 3 7 11 12 18 14 11 6 9 3 12 12 10 5 12 6 8 5 3 7 4 7 5 1
0 0 0 0 0 0 0 0 0 0 0 0 0 0 0 0 0 0 0 0 0 0 0 0 0 0 0 0 0 0 0 0 0 0 0 0 1 0 0 2 2 4 2 1 1 10 3 2 2 3 6 6 3 5 8 2 7 1 1 1 0 0 0 0 0 0 1 2 9 19 15 5 6 11 9 10 7 7 6 2 4 5 8 6 7 7 6 5 1 4 1 4 9 2 1 2
0 0 0 0 0 0 0 0 0 0 0 0 0 0 0 0 0 0 0 0 0 0 0 0 0 0 0 0 0 0 0 0 0 0 0 0 0 0 0 1 2 1 2 1 1 15 2 3 2 2 4 3 4 7 10 2 4 1 0 0 0 0 0 1 1 1 2 4 20 6 4 5 9 8 7 8 10 11 6 4 5 7 10 8 7 4 4 7 1 2 1 1 7 1 1 1
0 0 0 0 0 0 0 0 0 0 0 0 0 0 0 0 0 0 0 0 0 0 0 0 0 0 0 0 0 0 0 0 0 0 0 1 0 0 0 0 2 2 2 2 2 2 2 4 3 1 1 3 5 4 4 2 1 1 0 0 0 0 0 0 1 1 3 6 4 6 7 6 5 7 11 3 4 9 5 3 5 4 3 10 4 2 1 2 1 1 3 1 3 1 1 1
0 0 0 0 0 0 0 0 0 0 0 0 0 0 0 0 0 0 0 0 0 0 0 0 0 0 0 0 0 0 0 0 0 1 0 1 0 1 0 0 1 0 1 2 0 1 2 4 3 2 3 4 3 2 2 0 1 0 0 0 0 0 0 0 0 1 1 5 10 5 6 4 4 8 6 2 3 7 7 3 3 3 2 2 3 2 0 1 1 3 1 1 1 0 1 2
