sesion_6_simulaciones/modelos_distribucion_especies/ejemplo/variables/futuro_B2/2040/PA.asc
ncols 708
nrows 329
xllcorner -7.525000
yllcorner 35.991667
cellsize 0.008333
NODATA_value -9999
[rows 168 to 209 of 329, columns 94 to 187 of 708]
399 395 393 391 392 392 399 404 413 415 422 430 435 441 446 451 458 464 469 471 471 473 472 472 477 477 476 481 482 483 484 484 482 480 476 472 470 467 466 466 465 463 458 453 451 447 447 448 448 446 439 436 431 432 433 433 428 422 417 415 416 421 419 417 415 415 416 419 424 430 438 444 452 463 470 477 482 486 488 492 494 494 493 488 491 484 479 475 470 463 455 445 435 426
399 398 398 396 397 392 401 399 408 413 418 426 428 433 439 446 449 458 462 467 470 470 470 471 472 473 476 475 478 480 480 479 478 476 473 470 465 461 459 455 454 453 450 445 441 438 435 434 436 436 433 427 423 423 423 424 420 415 413 412 416 419 417 414 413 412 414 417 421 427 434 441 447 455 462 469 473 477 480 484 485 487 487 480 477 474 471 467 462 456 448 440 432 426
404 406 407 404 401 400 399 400 407 410 413 417 424 432 435 439 445 451 457 462 466 469 471 471 472 473 473 476 476 478 477 475 473 470 468 464 461 456 451 446 445 440 437 436 434 429 425 424 421 423 422 422 416 415 412 417 412 408 408 414 414 413 411 409 407 408 409 413 417 423 427 435 442 449 455 460 464 468 471 472 477 476 472 468 466 463 460 456 452 446 440 433 427 422
413 409 408 410 406 404 402 405 408 410 412 416 420 424 429 435 440 445 451 459 462 466 470 471 472 472 472 473 474 474 473 470 469 466 461 459 452 448 444 440 434 430 428 423 421 420 419 415 414 412 413 412 409 405 407 404 402 401 399 406 407 407 404 403 403 404 404 408 413 417 423 428 435 441 446 451 454 458 460 461 463 463 460 457 454 451 448 445 440 436 431 425 421 416
420 414 416 415 414 412 409 409 410 411 413 415 419 421 428 433 436 442 445 454 458 465 468 470 471 472 471 472 471 472 471 467 463 461 457 452 445 443 436 432 429 425 422 413 413 407 408 406 402 402 406 401 402 398 396 393 392 393 393 396 398 398 398 397 398 398 401 403 408 412 417 423 428 433 436 440 446 448 449 450 451 451 448 446 442 439 437 434 430 427 424 420 416 411
419 422 417 417 414 412 411 410 411 413 414 415 420 423 427 431 435 441 443 450 454 462 466 469 469 470 471 472 472 471 468 464 459 456 452 446 440 433 429 424 420 417 414 409 404 402 399 395 395 396 397 397 395 392 389 386 386 384 385 388 388 390 391 392 392 394 396 400 404 408 413 419 422 427 430 434 435 437 439 442 438 440 438 435 431 429 426 423 421 419 417 415 414 413
422 419 418 416 414 412 410 410 410 413 414 416 418 420 426 431 436 438 443 447 452 458 466 467 469 470 470 472 472 469 467 461 455 448 445 440 432 428 421 415 412 407 406 404 400 397 393 390 389 389 390 391 389 387 386 382 377 378 376 380 382 384 385 387 388 390 392 397 401 405 409 415 420 422 425 427 427 430 430 432 432 428 428 425 423 420 418 415 413 411 410 410 409 411
420 418 418 416 414 412 409 408 408 411 413 415 418 421 425 429 433 438 442 446 451 454 459 464 466 468 470 471 470 468 463 458 450 444 439 432 426 419 415 410 404 401 399 398 395 393 391 388 385 386 385 385 386 383 382 377 377 374 374 377 378 380 383 385 385 387 389 392 397 402 406 410 414 416 423 423 423 422 423 423 424 421 420 418 415 413 411 408 406 405 405 405 404 403
417 416 415 415 413 411 410 408 408 411 410 414 417 422 424 427 430 436 439 444 448 451 457 459 462 464 467 468 466 463 459 454 446 439 433 427 422 413 409 404 399 396 394 392 390 389 386 386 383 383 383 382 381 380 378 376 373 373 373 375 376 377 380 382 383 386 387 391 394 400 404 407 411 416 418 416 418 417 417 416 416 414 413 411 409 407 404 402 400 400 400 400 400 400
411 410 411 412 410 412 409 409 409 409 411 412 415 419 423 427 430 433 437 440 445 448 451 455 459 460 463 462 463 459 453 449 444 436 428 422 415 408 402 398 395 391 392 389 388 387 384 386 383 382 382 381 381 380 379 374 373 372 373 374 375 377 378 381 383 386 388 391 395 400 403 403 409 408 410 412 412 412 412 411 409 408 406 405 403 401 399 397 396 396 396 396 395 396
406 406 406 407 408 407 408 408 408 410 412 413 413 414 421 422 427 432 434 437 440 444 448 453 455 457 458 458 456 454 451 445 440 432 424 418 411 405 400 394 390 388 390 387 386 386 386 385 385 384 383 383 382 381 378 376 375 373 372 373 375 377 377 382 383 386 388 391 396 399 402 402 405 405 408 408 408 408 407 406 405 403 401 400 398 396 394 392 392 391 390 390 390 390
402 401 403 402 402 402 401 403 405 407 408 411 412 413 414 420 422 427 432 434 438 443 448 450 452 453 454 453 452 448 446 442 437 431 424 416 409 403 397 394 390 387 387 387 387 387 387 388 386 388 387 386 385 384 383 380 378 377 375 375 376 378 381 384 384 386 390 389 398 397 401 400 402 403 404 404 405 404 404 403 401 399 397 396 394 392 389 387 387 386 384 384 383 385
396 396 397 398 399 399 399 399 399 404 407 408 410 411 413 414 417 420 424 428 435 439 442 446 448 450 452 452 449 447 443 439 435 430 423 415 409 404 399 394 390 388 388 388 390 390 391 391 392 391 391 391 390 387 386 385 384 382 379 379 379 382 383 387 388 388 391 394 397 397 399 400 400 401 401 402 402 402 401 400 398 396 394 392 390 388 385 383 384 380 379 376 377 378
390 391 393 393 394 395 395 396 396 400 401 406 406 408 410 412 412 414 418 421 427 432 436 441 444 446 448 449 449 445 441 437 433 430 424 417 411 406 401 397 395 394 392 393 395 395 395 395 395 395 396 394 394 391 389 388 387 385 384 383 383 385 386 389 389 389 393 395 397 397 398 399 399 400 400 400 400 400 398 397 395 393 391 389 387 384 382 380 378 374 372 370 370 371
385 386 388 389 388 390 391 391 392 395 398 398 401 403 405 406 408 410 412 414 420 425 429 435 436 441 443 445 446 445 441 437 434 431 426 420 416 411 406 402 401 399 399 398 399 399 399 400 400 399 400 399 399 396 394 392 391 389 388 388 388 388 389 391 393 392 395 396 397 398 399 399 399 399 399 399 399 398 397 396 394 392 389 387 384 382 378 376 372 368 365 364 364 365
380 381 382 384 384 384 386 386 388 390 392 393 396 396 398 400 402 404 406 410 413 416 422 427 432 436 439 444 444 444 442 439 435 432 430 425 421 415 413 408 407 406 405 404 405 405 405 405 405 404 404 403 402 401 398 396 394 393 393 392 392 392 393 394 395 396 397 398 399 399 399 400 400 400 399 399 399 398 396 395 393 390 388 385 382 378 375 371 367 363 359 358 357 359
375 376 377 378 379 380 382 382 384 385 387 387 387 390 390 393 394 397 400 403 406 410 415 422 427 434 438 440 445 445 444 442 440 438 434 430 426 423 419 416 414 413 411 411 410 410 411 410 410 409 408 407 406 404 402 400 398 397 397 396 396 396 396 397 398 399 399 399 400 400 400 400 400 400 400 400 399 398 397 395 393 390 387 384 380 377 372 368 364 359 355 353 353 354
371 372 373 374 375 376 377 379 380 380 380 381 382 382 383 385 386 390 393 396 401 405 412 417 424 431 437 443 447 449 449 447 445 443 440 437 433 429 427 424 422 420 418 417 416 416 415 414 413 412 412 410 409 408 406 404 402 401 400 400 399 399 399 400 400 401 401 402 402 402 402 402 402 401 401 401 400 399 397 395 393 390 387 384 380 376 371 367 362 357 354 351 351 353
368 369 370 371 371 371 373 374 374 374 375 375 375 375 377 378 380 382 386 389 395 401 407 415 422 431 438 445 451 454 455 454 453 451 448 445 441 438 435 432 429 427 425 423 421 420 420 418 417 416 415 413 413 411 409 407 405 404 403 403 402 402 402 403 403 403 403 404 404 404 404 403 403 403 403 402 401 400 399 397 395 392 389 385 381 377 372 367 363 358 355 353 352 355
365 366 367 368 368 369 369 370 370 370 370 370 370 370 371 371 372 375 379 383 390 398 406 414 423 433 442 450 456 461 463 463 462 460 458 454 451 447 443 440 436 434 431 429 426 425 423 422 420 419 417 416 415 414 412 410 409 407 406 406 405 405 405 405 405 405 405 406 406 406 406 406 406 405 405 404 403 402 401 399 397 394 391 387 383 379 375 370 366 362 358 357 357 360
363 365 366 367 368 367 368 367 368 367 367 367 366 366 366 367 368 370 374 379 387 396 407 416 427 438 449 458 465 470 473 473 473 471 468 464 460 455 451 447 444 440 437 434 432 429 427 426 424 422 420 419 417 416 414 413 411 410 410 409 408 408 408 408 408 408 408 408 408 408 408 408 408 408 407 407 406 405 403 402 400 397 394 391 387 384 379 375 371 368 365 364 365 368
361 364 366 367 367 367 367 367 367 367 366 366 365 364 364 364 366 369 374 380 388 398 410 422 435 447 459 470 478 483 486 486 485 482 479 474 470 464 459 454 450 446 443 439 436 434 431 429 427 425 423 421 420 418 417 415 414 413 412 412 411 411 411 410 410 410 411 411 411 411 411 411 411 410 410 409 409 408 407 405 403 401 399 396 393 389 385 382 378 376 374 374 375 379
361 363 365 366 367 367 367 367 367 367 366 366 364 363 364 365 367 370 376 383 393 404 417 431 446 460 473 484 493 499 501 501 499 495 490 485 479 473 467 461 456 452 448 444 440 437 435 432 430 428 426 424 422 420 419 418 417 416 415 414 414 414 413 413 413 413 413 413 414 414 414 414 414 413 413 413 412 411 410 409 407 405 403 401 398 396 393 390 388 386 385 386 388 392
359 361 363 365 366 366 367 367 367 366 367 365 364 364 365 366 369 373 380 389 400 414 428 445 461 477 490 502 511 516 518 517 513 508 502 496 489 481 474 468 462 457 452 448 444 441 438 435 433 430 428 426 424 423 421 420 419 418 417 417 416 416 416 416 416 416 416 416 416 416 416 416 416 416 416 416 415 415 414 413 412 410 409 407 405 403 401 399 398 397 397 398 401 406
357 360 362 364 366 366 367 367 367 367 367 366 366 366 367 369 372 378 386 397 410 426 443 461 479 495 510 521 530 534 535 533 528 521 513 505 497 489 481 474 467 461 456 451 447 443 440 437 434 432 430 428 426 425 423 422 421 420 420 419 419 418 418 418 418 418 419 419 419 419 419 419 419 419 419 419 419 419 418 417 417 416 415 414 412 411 409 408 408 408 409 411 415 420
356 358 360 363 364 366 366 367 367 367 368 367 368 368 369 373 378 384 394 406 421 438 457 477 496 514 529 541 549 552 552 548 541 533 524 514 504 495 486 478 471 465 459 454 449 445 442 439 436 433 431 429 428 426 425 424 423 422 422 421 421 421 421 421 421 421 421 421 422 422 422 422 422 423 423 423 423 423 422 422 422 421 421 420 419 419 418 418 418 420 422 424 428 434
352 355 358 361 363 364 365 366 366 367 368 369 369 371 373 376 382 390 401 415 431 450 471 492 512 531 546 557 564 567 565 560 552 542 531 520 510 499 490 481 474 467 461 455 451 447 443 440 437 435 433 431 429 428 426 425 425 424 424 423 423 423 423 423 423 423 424 424 424 424 425 425 425 426 426 426 426 427 427 427 427 427 427 427 427 427 427 428 429 431 433 437 441 447
-9999 -9999 -9999 -9999 -9999 -9999 364 365 366 367 368 368 370 372 376 381 387 396 407 422 439 459 481 503 524 543 558 569 576 577 574 568 558 547 536 524 512 501 492 483 475 468 461 456 451 447 444 440 438 435 433 432 430 429 427 427 426 426 425 425 425 425 425 425 425 425 426 426 427 427 427 428 428 429 429 430 430 430 431 431 432 432 433 433 434 434 435 436 438 441 444 448 453 459
-9999 -9999 -9999 -9999 -9999 -9999 361 363 364 365 367 369 371 373 378 384 391 399 412 427 445 465 487 509 531 549 564 574 580 581 577 570 560 548 536 524 512 501 491 482 474 467 461 456 451 447 443 440 438 436 434 432 431 429 428 427 427 427 426 426 426 426 427 427 427 427 428 428 429 429 430 431 431 432 432 433 434 434 435 436 437 438 439 440 441 442 443 445 447 450 454 459 464 470
-9999 -9999 -9999 -9999 -9999 -9999 -9999 -9999 -9999 -9999 366 368 371 374 378 384 392 401 413 428 446 465 488 509 530 548 562 572 577 577 573 566 556 544 532 520 508 498 488 479 472 465 459 454 450 446 443 440 437 435 434 432 431 430 429 428 428 428 427 428 428 428 428 428 429 430 430 431 431 432 433 433 434 435 436 437 437 438 439 440 442 443 444 445 446 448 450 452 455 459 463 468 474 480
-9999 -9999 -9999 -9999 -9999 -9999 -9999 -9999 -9999 -9999 364 366 369 372 376 382 389 399 411 425 443 462 482 502 522 539 553 562 566 566 563 556 547 536 524 513 502 492 483 475 468 461 456 451 447 444 441 439 437 435 433 432 431 430 429 429 429 428 428 429 429 429 430 430 431 431 432 433 433 434 435 436 437 438 439 440 441 442 444 445 446 448 449 450 452 454 456 459 463 467 471 476 482 488
-9999 -9999 -9999 -9999 -9999 -9999 -9999 -9999 -9999 -9999 -9999 -9999 366 370 374 379 385 394 406 419 435 453 472 491 509 524 537 545 550 550 547 541 533 523 513 503 493 484 476 468 462 457 452 448 444 441 439 437 435 434 432 431 431 430 429 429 429 429 429 430 430 430 431 432 432 433 434 435 436 437 438 439 440 441 442 444 445 446 448 449 451 452 453 455 457 459 462 465 469 473 478 483 489 495
-9999 -9999 -9999 -9999 -9999 -9999 -9999 -9999 -9999 -9999 -9999 -9999 363 366 370 374 380 389 398 411 425 441 458 475 491 505 517 525 529 530 527 523 516 507 499 490 482 474 467 461 455 450 446 443 440 438 436 434 433 432 431 430 430 429 429 429 429 430 430 430 431 431 432 433 434 435 436 437 438 439 440 442 443 444 446 447 448 450 452 453 455 456 458 460 462 465 467 471 474 478 483 488 494 499
-9999 -9999 -9999 -9999 -9999 -9999 -9999 -9999 -9999 -9999 -9999 -9999 -9999 -9999 -9999 -9999 375 383 391 401 414 428 442 458 472 484 495 502 506 508 506 502 496 490 483 476 469 462 457 452 447 443 440 437 436 434 433 431 431 430 429 429 429 429 429 429 429 430 431 431 432 432 433 434 435 436 437 439 440 441 443 444 -9999 -9999 449 450 452 454 455 457 458 460 462 464 466 469 472 475 479 483 487 492 497 502
-9999 -9999 -9999 -9999 -9999 -9999 -9999 -9999 -9999 -9999 -9999 -9999 -9999 -9999 -9999 -9999 372 377 384 392 403 414 427 440 452 464 473 479 483 485 484 481 477 471 466 460 454 450 445 441 438 435 433 432 430 429 429 428 428 428 427 427 428 428 428 429 429 430 431 432 432 433 434 435 436 438 439 440 442 444 445 447 -9999 -9999 452 454 456 457 459 461 462 464 466 468 470 473 476 479 482 486 490 494 498 503
-9999 -9999 -9999 -9999 -9999 -9999 -9999 -9999 -9999 -9999 -9999 -9999 -9999 -9999 -9999 -9999 -9999 -9999 377 384 393 402 413 424 434 444 451 457 461 462 462 460 457 453 448 444 440 436 433 431 429 427 426 425 425 425 425 425 425 425 425 426 426 427 427 428 429 430 431 432 432 434 435 436 438 439 441 442 444 446 -9999 -9999 -9999 -9999 455 457 459 461 463 464 466 468 470 472 474 476 479 482 484 488 491 495 499 503
-9999 -9999 -9999 -9999 -9999 -9999 -9999 -9999 -9999 -9999 -9999 -9999 -9999 -9999 -9999 -9999 -9999 -9999 374 378 384 391 400 410 418 426 433 437 440 442 441 440 437 434 431 427 425 423 421 420 419 418 418 419 419 419 420 421 422 422 423 424 425 426 427 427 429 430 431 432 433 434 436 437 439 441 442 444 446 448 -9999 -9999 -9999 -9999 458 460 462 464 466 469 470 472 474 476 478 480 482 484 487 489 492 495 498 501
-9999 -9999 -9999 -9999 -9999 -9999 -9999 -9999 -9999 -9999 -9999 -9999 -9999 -9999 -9999 -9999 -9999 -9999 -9999 -9999 -9999 -9999 390 398 405 412 417 421 423 423 423 421 419 417 414 413 411 410 409 409 409 410 411 412 413 415 416 417 418 420 421 422 423 424 425 426 428 429 430 432 433 435 436 438 440 442 444 446 -9999 -9999 -9999 -9999 457 459 461 464 466 468 471 473 474 476 478 479 481 483 484 486 488 490 492 494 497 499
-9999 -9999 -9999 -9999 -9999 -9999 -9999 -9999 -9999 -9999 -9999 -9999 -9999 -9999 -9999 -9999 -9999 -9999 -9999 -9999 -9999 -9999 382 389 394 400 403 406 407 407 407 405 403 402 400 398 398 398 398 399 400 402 404 406 408 410 412 414 415 417 419 420 421 423 424 426 427 428 430 432 433 435 437 439 441 443 445 448 -9999 -9999 -9999 -9999 460 462 465 468 470 472 474 477 479 480 482 483 484 486 487 488 489 490 492 493 495 496
-9999 -9999 -9999 -9999 -9999 -9999 -9999 -9999 -9999 -9999 -9999 -9999 -9999 -9999 -9999 -9999 -9999 -9999 -9999 -9999 -9999 -9999 -9999 -9999 -9999 -9999 392 393 394 393 393 391 390 388 387 387 387 387 388 390 392 395 397 400 403 406 408 410 412 414 416 418 420 422 423 425 426 428 429 431 433 435 437 439 442 444 447 449 -9999 -9999 458 461 463 466 469 472 474 477 479 481 483 484 486 487 488 489 489 490 490 491 492 493 494 492
-9999 -9999 -9999 -9999 -9999 -9999 -9999 -9999 -9999 -9999 -9999 -9999 -9999 -9999 -9999 -9999 -9999 -9999 -9999 -9999 -9999 -9999 -9999 -9999 -9999 -9999 383 384 383 382 381 380 379 378 377 377 377 378 380 383 386 389 392 395 399 402 405 407 410 412 414 416 418 420 422 424 425 427 429 431 433 435 437 440 442 445 448 451 -9999 -9999 461 464 467 471 474 477 479 482 484 486 488 489 490 491 491 492 492 492 491 492 491 492 493 491
-9999 -9999 -9999 -9999 -9999 -9999 -9999 -9999 -9999 -9999 -9999 -9999 -9999 -9999 -9999 -9999 -9999 -9999 -9999 -9999 -9999 -9999 -9999 -9999 -9999 -9999 375 375 375 374 372 371 370 369 369 369 370 372 374 377 381 384 388 392 395 399 402 405 408 410 413 415 417 419 421 423 425 427 429 431 433 435 437 440 442 445 448 452 -9999 -9999 463 467 471 475 479 482 485 488 490 492 493 494 495 495 495 495 494 494 493 493 494 491 490 486
