sesion_6_simulaciones/modelos_distribucion_especies/ejemplo/variables/futuro_B2/2040/PA.asc
ncols 708
nrows 329
xllcorner -7.525000
yllcorner 35.991667
cellsize 0.008333
NODATA_value -9999
[rows 210 to 251 of 329, columns 376 to 469 of 708]
456 482 526 560 595 627 695 767 851 921 968 997 1018 1056 1099 1139 1174 1165 1151 1101 1074 1042 1011 965 914 860 783 740 711 688 668 653 639 627 629 621 631 628 615 594 579 564 553 547 544 538 529 495 474 457 453 456 455 451 455 446 429 405 370 352 332 316 317 318 315 322 309 315 311 307 302 307 311 310 323 337 341 344 344 342 336 331 324 311 306 294 287 268 277 275 267 266 259 259
486 543 593 612 659 696 733 768 818 872 894 930 974 1026 1067 1096 1097 1134 1125 1091 1055 1002 933 924 892 835 798 738 711 691 672 657 643 631 622 629 621 631 612 600 580 569 567 554 554 546 534 510 473 477 457 446 453 451 446 445 429 414 383 348 336 320 312 307 307 301 299 288 277 282 284 288 286 291 302 322 335 345 352 348 358 349 342 330 319 311 286 284 278 282 278 285 278 273
523 582 604 633 663 689 714 733 758 788 821 867 912 955 1009 1016 1015 1028 1045 1029 979 916 865 829 796 805 765 761 735 711 685 664 650 639 628 614 601 594 584 586 579 562 562 550 546 541 531 510 498 486 470 459 445 444 444 438 432 407 378 356 344 329 310 303 300 295 280 275 275 279 274 272 275 278 296 312 318 349 352 362 370 372 379 371 327 309 311 296 296 286 288 283 287 280
529 569 583 606 606 634 644 671 692 708 754 776 803 870 905 904 894 899 910 908 874 821 778 753 738 741 746 739 720 704 700 669 672 655 634 616 604 591 586 575 571 562 552 548 543 540 531 526 511 506 483 464 446 444 440 433 423 407 374 358 349 332 320 309 303 291 285 276 271 268 269 255 272 283 303 313 332 344 353 361 370 379 381 369 363 342 325 309 305 299 291 296 281 280
514 521 532 551 562 574 595 612 626 648 657 675 712 745 770 781 778 774 780 774 749 718 705 702 700 696 693 693 683 704 685 656 644 646 641 620 609 592 604 600 584 571 559 552 542 533 533 528 515 497 484 466 451 447 443 432 420 401 383 364 355 343 326 325 311 316 298 288 275 271 280 280 284 288 299 314 332 355 361 367 373 375 386 373 356 346 317 300 297 287 287 272 262 264
466 487 501 516 523 529 527 549 561 567 559 588 610 640 646 658 669 682 681 661 646 641 642 648 655 658 650 643 642 647 647 618 602 602 603 627 607 624 640 629 611 598 574 561 549 544 536 526 516 499 488 472 461 462 446 446 427 402 390 378 365 354 335 341 326 316 325 310 292 288 284 285 273 292 304 315 337 351 363 369 381 379 377 374 357 326 310 293 285 273 264 265 266 248
443 454 467 481 491 488 499 490 493 494 489 518 519 550 553 577 589 599 604 594 571 566 581 588 594 599 599 588 590 611 597 585 568 576 570 597 623 644 671 673 682 635 619 601 574 561 552 538 518 511 495 484 475 481 481 463 444 420 401 386 373 364 356 356 338 334 331 332 310 309 291 298 304 320 315 328 346 356 366 378 382 383 382 362 372 346 319 299 284 276 261 267 252 245
418 437 445 457 468 474 467 458 452 439 435 436 452 472 481 490 508 527 540 533 515 508 514 522 534 536 546 550 551 561 566 544 530 540 550 584 600 650 682 716 726 716 688 670 607 594 561 540 529 536 530 523 505 501 517 510 478 459 420 395 386 387 369 367 340 334 337 345 332 335 313 331 321 322 327 354 346 367 384 385 388 392 382 383 360 344 326 291 296 308 286 286 284 279
401 420 432 447 461 464 460 450 425 408 406 391 393 410 422 427 437 461 467 465 474 470 475 467 477 483 490 499 503 523 513 501 501 510 559 563 627 677 688 742 750 774 718 715 664 625 589 576 553 561 565 575 517 559 534 559 527 481 454 413 397 398 379 370 373 370 350 354 357 350 352 350 358 365 364 358 382 382 387 392 395 383 394 376 363 345 348 343 338 344 334 344 343 355
387 407 419 427 445 445 449 436 411 406 372 363 372 368 369 377 390 408 410 434 445 446 438 428 437 437 451 466 465 473 476 475 476 515 555 631 629 687 707 726 755 748 731 710 679 657 601 606 579 600 622 608 575 570 611 586 563 524 485 445 419 426 390 401 393 394 385 370 368 388 367 375 376 387 389 394 387 402 401 406 405 397 383 384 376 371 348 366 376 388 391 397 397 417
390 401 404 423 424 437 441 414 402 385 386 346 343 309 326 332 357 357 370 380 400 418 420 412 412 414 424 424 438 436 445 452 472 496 532 572 625 620 665 679 686 690 672 684 671 640 648 629 609 638 631 630 603 579 610 598 589 531 483 483 472 464 408 416 406 405 401 402 412 387 403 388 398 408 424 415 413 430 412 424 426 416 399 399 380 382 395 398 412 404 413 427 454 473
390 407 433 419 442 428 433 398 390 381 370 327 312 300 298 298 314 326 339 353 377 393 392 398 391 399 399 406 409 409 414 439 461 460 472 506 549 574 612 622 602 612 573 607 608 600 611 617 609 588 600 582 572 589 590 591 587 521 498 498 493 452 446 418 433 422 437 404 405 412 428 421 421 434 439 445 439 446 441 445 444 442 424 415 409 404 405 395 395 403 415 432 461 477
433 427 424 436 449 425 425 394 373 356 358 329 303 297 288 291 297 308 324 338 358 372 390 394 387 377 386 382 388 390 404 411 408 433 423 446 468 511 527 546 530 561 537 529 568 553 574 563 529 514 551 520 533 515 531 546 544 518 521 520 501 472 445 423 447 466 461 449 444 436 444 429 428 451 454 471 460 462 459 468 467 456 443 449 441 441 428 405 403 402 425 434 458 438
442 435 432 443 431 422 416 375 371 346 333 332 309 295 274 276 292 311 302 327 364 376 395 398 394 380 376 375 369 370 375 378 399 387 394 413 445 458 473 479 484 490 480 489 488 520 489 493 480 464 494 471 494 486 505 536 523 530 548 558 498 497 471 477 507 510 499 477 455 457 473 466 462 473 457 449 462 440 456 451 460 474 465 476 457 439 461 434 426 410 407 417 437 440
436 432 441 436 438 434 391 366 351 351 330 303 292 281 274 283 307 299 327 329 350 355 379 400 417 396 379 377 359 363 350 363 381 372 376 399 406 431 432 439 446 446 450 467 455 467 462 460 452 444 465 453 475 466 491 505 514 482 532 527 526 517 491 520 535 533 541 528 514 503 514 482 477 472 456 458 435 426 439 459 460 469 448 457 444 457 448 439 435 414 388 407 403 414
403 417 429 441 439 434 405 392 366 337 317 287 291 294 296 314 331 356 344 332 335 351 381 395 422 412 390 378 351 343 349 330 359 354 377 376 396 409 431 435 428 429 429 429 444 444 430 410 400 425 444 443 472 459 456 419 455 471 445 462 460 498 518 539 517 535 515 521 574 537 540 519 498 487 477 457 424 427 455 457 457 459 472 443 424 436 460 476 458 430 413 403 413 384
391 407 420 432 449 439 400 399 367 338 321 288 303 295 326 324 336 359 329 341 333 346 353 378 398 393 394 373 377 356 339 336 330 359 361 371 381 394 406 412 411 421 417 432 416 421 410 387 386 405 409 459 442 447 430 409 413 414 425 443 446 484 527 495 485 469 515 566 594 596 581 565 527 518 489 474 473 426 438 472 493 492 456 457 427 405 436 456 487 451 439 433 408 404
382 405 409 448 439 440 408 395 366 331 319 308 312 320 321 327 319 314 324 313 326 325 332 354 358 365 370 385 385 369 338 336 331 366 365 359 377 378 390 389 388 409 393 422 423 416 399 376 386 397 427 460 453 412 397 382 404 427 411 391 425 467 466 447 440 439 514 547 592 602 598 591 568 549 505 493 452 419 448 439 463 481 465 426 360 385 429 457 478 495 449 474 453 414
398 429 431 435 420 426 392 383 376 348 332 332 330 338 330 321 319 310 327 334 338 334 332 338 336 335 346 358 356 361 342 338 336 358 369 391 393 400 405 407 399 409 412 416 422 405 386 370 373 381 397 426 401 401 385 385 387 404 381 379 403 437 409 387 416 440 511 544 553 579 588 589 583 513 487 498 474 471 443 421 444 424 431 399 370 365 409 448 475 499 488 452 471 442
390 432 436 443 416 421 383 371 354 345 338 346 334 356 336 301 306 314 316 327 323 338 331 336 335 339 335 335 346 350 343 340 346 364 386 411 412 414 419 416 409 389 405 413 413 395 360 382 379 373 380 381 395 364 379 381 412 415 406 384 378 429 399 413 399 453 510 529 514 552 580 572 570 552 497 502 509 508 494 441 390 389 393 368 347 350 380 396 428 458 462 451 447 444
385 416 417 432 401 404 381 383 361 367 360 363 350 326 328 302 280 286 295 305 313 322 329 334 332 328 319 328 328 336 332 334 337 366 383 395 420 419 420 417 387 411 398 371 372 370 371 369 394 387 379 354 364 364 360 368 374 405 399 379 366 419 387 404 427 415 439 501 540 584 575 565 542 523 495 478 455 478 453 439 414 391 365 341 335 318 316 326 362 379 386 377 406 414
379 379 401 373 366 363 368 360 369 353 362 362 359 328 286 274 277 268 270 275 291 305 307 316 322 320 321 320 319 322 327 330 337 350 362 373 381 393 382 399 393 393 389 379 355 357 349 365 372 385 365 358 359 349 357 357 371 384 361 379 356 346 347 371 383 403 442 462 513 537 555 519 476 484 441 439 433 422 426 415 427 412 380 370 327 307 283 288 306 318 335 341 348 345
369 360 357 330 329 326 352 362 339 327 345 332 324 286 285 277 281 270 281 286 296 309 316 307 311 308 312 318 318 320 324 327 334 338 348 360 363 368 368 367 381 399 360 338 340 358 361 366 357 358 365 369 357 356 349 351 341 335 343 335 323 330 352 354 364 387 419 450 474 504 466 456 440 437 427 434 414 403 379 403 375 400 385 375 338 289 269 243 288 296 294 291 278 291
350 341 340 308 315 323 334 321 312 302 297 287 263 286 272 277 275 291 274 289 289 301 304 290 301 308 307 307 319 316 319 325 328 334 339 345 350 347 348 347 348 353 351 331 342 355 356 349 327 348 364 368 349 358 340 349 317 321 319 310 306 309 321 330 355 373 397 411 410 437 416 402 401 409 437 424 403 374 381 361 351 343 352 331 306 251 244 242 292 301 275 263 242 243
352 340 318 304 296 307 301 321 282 280 270 260 259 228 262 271 272 270 257 266 282 288 285 292 300 310 306 314 317 312 311 317 319 323 329 335 328 323 321 332 318 317 317 317 334 340 329 335 340 348 358 363 331 336 329 332 317 295 312 311 287 318 331 328 348 337 375 365 377 363 361 353 382 408 421 404 389 357 359 347 351 316 302 285 238 238 232 246 272 299 278 256 245 235
319 333 301 298 283 299 279 297 287 265 245 228 247 244 244 243 251 254 248 262 263 253 267 277 289 294 307 312 315 315 312 307 308 310 310 309 307 304 297 302 299 287 294 299 302 311 309 318 328 359 347 333 312 336 332 325 311 305 297 291 296 306 310 320 326 325 330 330 350 325 341 361 371 373 379 385 375 333 323 334 337 293 278 255 220 217 216 242 246 277 272 274 241 250
318 303 301 296 278 277 290 282 273 248 222 245 234 248 254 235 229 225 243 252 248 247 254 263 285 290 296 312 309 310 296 301 290 286 290 288 284 278 278 276 269 268 272 283 280 285 280 297 306 313 324 305 300 314 326 321 292 292 282 279 280 279 286 291 291 293 299 302 300 312 331 333 361 345 355 352 332 315 315 338 320 307 266 230 219 193 219 204 219 244 246 262 254 261
298 290 277 285 289 277 271 278 253 252 252 241 246 242 232 241 234 231 233 243 236 246 238 246 242 264 273 283 286 290 286 286 -9999 -9999 -9999 -9999 -9999 -9999 -9999 -9999 -9999 -9999 -9999 -9999 -9999 -9999 -9999 -9999 276 288 286 294 286 305 -9999 -9999 -9999 -9999 -9999 -9999 -9999 -9999 -9999 -9999 -9999 -9999 -9999 -9999 -9999 -9999 -9999 -9999 -9999 -9999 -9999 -9999 -9999 -9999 301 316 315 300 282 236 -9999 -9999 -9999 -9999 -9999 -9999 -9999 -9999 -9999 -9999
290 264 279 271 279 263 267 258 265 235 265 253 264 234 233 235 228 222 214 240 248 251 240 244 248 243 250 262 263 265 268 260 -9999 -9999 -9999 -9999 -9999 -9999 -9999 -9999 -9999 -9999 -9999 -9999 -9999 -9999 -9999 -9999 247 260 253 253 263 270 -9999 -9999 -9999 -9999 -9999 -9999 -9999 -9999 -9999 -9999 -9999 -9999 -9999 -9999 -9999 -9999 -9999 -9999 -9999 -9999 -9999 -9999 -9999 -9999 293 303 284 290 256 240 -9999 -9999 -9999 -9999 -9999 -9999 -9999 -9999 -9999 -9999
270 268 273 289 281 256 257 263 253 256 250 267 246 239 236 224 230 222 217 218 240 232 235 232 232 228 235 236 242 250 246 242 -9999 -9999 -9999 -9999 -9999 -9999 -9999 -9999 -9999 -9999 -9999 -9999 -9999 -9999 -9999 -9999 -9999 -9999 -9999 -9999 -9999 -9999 -9999 -9999 -9999 -9999 -9999 -9999 -9999 -9999 -9999 -9999 -9999 -9999 -9999 -9999 -9999 -9999 -9999 -9999 -9999 -9999 -9999 -9999 -9999 -9999 -9999 -9999 -9999 -9999 -9999 -9999 -9999 -9999 -9999 -9999 -9999 -9999 -9999 -9999 -9999 -9999
259 265 263 257 250 253 258 257 254 246 250 254 242 232 231 232 225 216 220 218 227 229 226 221 225 222 223 226 233 233 222 225 -9999 -9999 -9999 -9999 -9999 -9999 -9999 -9999 -9999 -9999 -9999 -9999 -9999 -9999 -9999 -9999 -9999 -9999 -9999 -9999 -9999 -9999 -9999 -9999 -9999 -9999 -9999 -9999 -9999 -9999 -9999 -9999 -9999 -9999 -9999 -9999 -9999 -9999 -9999 -9999 -9999 -9999 -9999 -9999 -9999 -9999 -9999 -9999 -9999 -9999 -9999 -9999 -9999 -9999 -9999 -9999 -9999 -9999 -9999 -9999 -9999 -9999
-9999 -9999 -9999 -9999 -9999 -9999 -9999 -9999 -9999 -9999 -9999 -9999 -9999 -9999 -9999 -9999 -9999 -9999 -9999 -9999 -9999 -9999 -9999 -9999 -9999 -9999 -9999 -9999 -9999 -9999 -9999 -9999 -9999 -9999 -9999 -9999 -9999 -9999 -9999 -9999 -9999 -9999 -9999 -9999 -9999 -9999 -9999 -9999 -9999 -9999 -9999 -9999 -9999 -9999 -9999 -9999 -9999 -9999 -9999 -9999 -9999 -9999 -9999 -9999 -9999 -9999 -9999 -9999 -9999 -9999 -9999 -9999 -9999 -9999 -9999 -9999 -9999 -9999 -9999 -9999 -9999 -9999 -9999 -9999 -9999 -9999 -9999 -9999 -9999 -9999 -9999 -9999 -9999 -9999
-9999 -9999 -9999 -9999 -9999 -9999 -9999 -9999 -9999 -9999 -9999 -9999 -9999 -9999 -9999 -9999 -9999 -9999 -9999 -9999 -9999 -9999 -9999 -9999 -9999 -9999 -9999 -9999 -9999 -9999 -9999 -9999 -9999 -9999 -9999 -9999 -9999 -9999 -9999 -9999 -9999 -9999 -9999 -9999 -9999 -9999 -9999 -9999 -9999 -9999 -9999 -9999 -9999 -9999 -9999 -9999 -9999 -9999 -9999 -9999 -9999 -9999 -9999 -9999 -9999 -9999 -9999 -9999 -9999 -9999 -9999 -9999 -9999 -9999 -9999 -9999 -9999 -9999 -9999 -9999 -9999 -9999 -9999 -9999 -9999 -9999 -9999 -9999 -9999 -9999 -9999 -9999 -9999 -9999
-9999 -9999 -9999 -9999 -9999 -9999 -9999 -9999 -9999 -9999 -9999 -9999 -9999 -9999 -9999 -9999 -9999 -9999 -9999 -9999 -9999 -9999 -9999 -9999 -9999 -9999 -9999 -9999 -9999 -9999 -9999 -9999 -9999 -9999 -9999 -9999 -9999 -9999 -9999 -9999 -9999 -9999 -9999 -9999 -9999 -9999 -9999 -9999 -9999 -9999 -9999 -9999 -9999 -9999 -9999 -9999 -9999 -9999 -9999 -9999 -9999 -9999 -9999 -9999 -9999 -9999 -9999 -9999 -9999 -9999 -9999 -9999 -9999 -9999 -9999 -9999 -9999 -9999 -9999 -9999 -9999 -9999 -9999 -9999 -9999 -9999 -9999 -9999 -9999 -9999 -9999 -9999 -9999 -9999
-9999 -9999 -9999 -9999 -9999 -9999 -9999 -9999 -9999 -9999 -9999 -9999 -9999 -9999 -9999 -9999 -9999 -9999 -9999 -9999 -9999 -9999 -9999 -9999 -9999 -9999 -9999 -9999 -9999 -9999 -9999 -9999 -9999 -9999 -9999 -9999 -9999 -9999 -9999 -9999 -9999 -9999 -9999 -9999 -9999 -9999 -9999 -9999 -9999 -9999 -9999 -9999 -9999 -9999 -9999 -9999 -9999 -9999 -9999 -9999 -9999 -9999 -9999 -9999 -9999 -9999 -9999 -9999 -9999 -9999 -9999 -9999 -9999 -9999 -9999 -9999 -9999 -9999 -9999 -9999 -9999 -9999 -9999 -9999 -9999 -9999 -9999 -9999 -9999 -9999 -9999 -9999 -9999 -9999
-9999 -9999 -9999 -9999 -9999 -9999 -9999 -9999 -9999 -9999 -9999 -9999 -9999 -9999 -9999 -9999 -9999 -9999 -9999 -9999 -9999 -9999 -9999 -9999 -9999 -9999 -9999 -9999 -9999 -9999 -9999 -9999 -9999 -9999 -9999 -9999 -9999 -9999 -9999 -9999 -9999 -9999 -9999 -9999 -9999 -9999 -9999 -9999 -9999 -9999 -9999 -9999 -9999 -9999 -9999 -9999 -9999 -9999 -9999 -9999 -9999 -9999 -9999 -9999 -9999 -9999 -9999 -9999 -9999 -9999 -9999 -9999 -9999 -9999 -9999 -9999 -9999 -9999 -9999 -9999 -9999 -9999 -9999 -9999 -9999 -9999 -9999 -9999 -9999 -9999 -9999 -9999 -9999 -9999
-9999 -9999 -9999 -9999 -9999 -9999 -9999 -9999 -9999 -9999 -9999 -9999 -9999 -9999 -9999 -9999 -9999 -9999 -9999 -9999 -9999 -9999 -9999 -9999 -9999 -9999 -9999 -9999 -9999 -9999 -9999 -9999 -9999 -9999 -9999 -9999 -9999 -9999 -9999 -9999 -9999 -9999 -9999 -9999 -9999 -9999 -9999 -9999 -9999 -9999 -9999 -9999 -9999 -9999 -9999 -9999 -9999 -9999 -9999 -9999 -9999 -9999 -9999 -9999 -9999 -9999 -9999 -9999 -9999 -9999 -9999 -9999 -9999 -9999 -9999 -9999 -9999 -9999 -9999 -9999 -9999 -9999 -9999 -9999 -9999 -9999 -9999 -9999 -9999 -9999 -9999 -9999 -9999 -9999
-9999 -9999 -9999 -9999 -9999 -9999 -9999 -9999 -9999 -9999 -9999 -9999 -9999 -9999 -9999 -9999 -9999 -9999 -9999 -9999 -9999 -9999 -9999 -9999 -9999 -9999 -9999 -9999 -9999 -9999 -9999 -9999 -9999 -9999 -9999 -9999 -9999 -9999 -9999 -9999 -9999 -9999 -9999 -9999 -9999 -9999 -9999 -9999 -9999 -9999 -9999 -9999 -9999 -9999 -9999 -9999 -9999 -9999 -9999 -9999 -9999 -9999 -9999 -9999 -9999 -9999 -9999 -9999 -9999 -9999 -9999 -9999 -9999 -9999 -9999 -9999 -9999 -9999 -9999 -9999 -9999 -9999 -9999 -9999 -9999 -9999 -9999 -9999 -9999 -9999 -9999 -9999 -9999 -9999
-9999 -9999 -9999 -9999 -9999 -9999 -9999 -9999 -9999 -9999 -9999 -9999 -9999 -9999 -9999 -9999 -9999 -9999 -9999 -9999 -9999 -9999 -9999 -9999 -9999 -9999 -9999 -9999 -9999 -9999 -9999 -9999 -9999 -9999 -9999 -9999 -9999 -9999 -9999 -9999 -9999 -9999 -9999 -9999 -9999 -9999 -9999 -9999 -9999 -9999 -9999 -9999 -9999 -9999 -9999 -9999 -9999 -9999 -9999 -9999 -9999 -9999 -9999 -9999 -9999 -9999 -9999 -9999 -9999 -9999 -9999 -9999 -9999 -9999 -9999 -9999 -9999 -9999 -9999 -9999 -9999 -9999 -9999 -9999 -9999 -9999 -9999 -9999 -9999 -9999 -9999 -9999 -9999 -9999
-9999 -9999 -9999 -9999 -9999 -9999 -9999 -9999 -9999 -9999 -9999 -9999 -9999 -9999 -9999 -9999 -9999 -9999 -9999 -9999 -9999 -9999 -9999 -9999 -9999 -9999 -9999 -9999 -9999 -9999 -9999 -9999 -9999 -9999 -9999 -9999 -9999 -9999 -9999 -9999 -9999 -9999 -9999 -9999 -9999 -9999 -9999 -9999 -9999 -9999 -9999 -9999 -9999 -9999 -9999 -9999 -9999 -9999 -9999 -9999 -9999 -9999 -9999 -9999 -9999 -9999 -9999 -9999 -9999 -9999 -9999 -9999 -9999 -9999 -9999 -9999 -9999 -9999 -9999 -9999 -9999 -9999 -9999 -9999 -9999 -9999 -9999 -9999 -9999 -9999 -9999 -9999 -9999 -9999
-9999 -9999 -9999 -9999 -9999 -9999 -9999 -9999 -9999 -9999 -9999 -9999 -9999 -9999 -9999 -9999 -9999 -9999 -9999 -9999 -9999 -9999 -9999 -9999 -9999 -9999 -9999 -9999 -9999 -9999 -9999 -9999 -9999 -9999 -9999 -9999 -9999 -9999 -9999 -9999 -9999 -9999 -9999 -9999 -9999 -9999 -9999 -9999 -9999 -9999 -9999 -9999 -9999 -9999 -9999 -9999 -9999 -9999 -9999 -9999 -9999 -9999 -9999 -9999 -9999 -9999 -9999 -9999 -9999 -9999 -9999 -9999 -9999 -9999 -9999 -9999 -9999 -9999 -9999 -9999 -9999 -9999 -9999 -9999 -9999 -9999 -9999 -9999 -9999 -9999 -9999 -9999 -9999 -9999
-9999 -9999 -9999 -9999 -9999 -9999 -9999 -9999 -9999 -9999 -9999 -9999 -9999 -9999 -9999 -9999 -9999 -9999 -9999 -9999 -9999 -9999 -9999 -9999 -9999 -9999 -9999 -9999 -9999 -9999 -9999 -9999 -9999 -9999 -9999 -9999 -9999 -9999 -9999 -9999 -9999 -9999 -9999 -9999 -9999 -9999 -9999 -9999 -9999 -9999 -9999 -9999 -9999 -9999 -9999 -9999 -9999 -9999 -9999 -9999 -9999 -9999 -9999 -9999 -9999 -9999 -9999 -9999 -9999 -9999 -9999 -9999 -9999 -9999 -9999 -9999 -9999 -9999 -9999 -9999 -9999 -9999 -9999 -9999 -9999 -9999 -9999 -9999 -9999 -9999 -9999 -9999 -9999 -9999
