sesion_6_simulaciones/modelos_distribucion_especies/ejemplo/variables/futuro_B2/2040/PV.asc
ncols 708
nrows 329
xllcorner -7.525000
yllcorner 35.991667
cellsize 0.008333
NODATA_value -9999
[rows 212 to 264 of 329, columns 480 to 575 of 708]
49 50 51 54 56 58 56 51 50 52 51 48 42 36 35 40 40 35 29 27 38 47 54 57 58 58 56 53 50 47 46 51 55 56 56 57 59 61 62 61 60 58 56 53 51 47 44 43 41 39 38 35 32 29 25 18 14 21 25 28 29 30 32 33 34 36 37 39 42 45 47 48 49 51 53 52 50 51 51 50 49 49 49 47 46 45 45 45 44 45 46 45 46 45 45 46
45 46 48 50 53 54 51 48 49 50 49 45 40 34 34 39 39 35 30 29 38 48 56 59 60 60 58 56 53 50 50 53 55 55 55 55 56 58 58 58 56 55 54 52 49 46 44 42 41 39 38 36 33 31 28 25 23 25 28 29 31 33 34 35 36 37 39 41 43 46 48 49 51 53 54 53 53 53 53 53 52 52 51 50 49 49 50 49 48 48 49 48 47 45 46 47
42 43 46 48 49 48 45 46 48 48 46 45 41 37 37 40 40 36 30 28 40 52 60 64 65 63 61 59 55 53 53 54 54 54 54 54 54 54 55 55 55 54 52 51 49 47 44 43 42 40 39 37 35 33 32 30 29 30 31 32 34 37 38 39 39 40 41 43 45 47 48 50 52 55 55 55 55 55 57 58 57 56 54 53 52 51 53 52 51 51 51 51 48 48 49 49
40 42 43 44 44 43 42 44 46 44 43 44 41 38 39 40 41 38 33 36 46 55 64 75 75 66 62 59 57 56 56 54 53 53 52 52 52 52 52 52 52 52 51 49 48 46 45 44 42 41 40 39 37 36 35 34 34 34 34 35 38 41 42 43 43 43 44 44 46 48 49 52 54 57 58 58 58 59 61 62 61 60 57 56 54 55 55 55 54 53 52 51 50 52 52 50
37 39 39 39 39 39 39 42 43 42 41 43 40 38 38 39 40 38 39 43 50 55 62 70 69 64 61 59 58 57 55 53 50 50 50 50 50 50 50 50 51 51 51 50 49 48 47 46 45 44 42 41 40 39 38 38 38 37 38 38 41 43 45 46 46 46 46 45 46 48 50 52 55 57 59 60 61 61 62 64 64 62 60 57 57 55 56 56 56 56 53 51 53 54 54 53
35 36 36 34 33 35 36 39 41 41 40 40 39 37 38 39 39 38 39 43 47 51 56 60 62 63 62 60 57 55 53 51 49 49 49 48 49 48 49 49 50 51 51 51 50 50 49 48 48 47 46 45 43 42 41 43 44 43 41 41 43 45 46 46 47 47 46 46 47 48 49 51 53 56 58 60 61 61 62 63 64 63 62 61 59 58 57 57 57 56 54 53 53 54 54 53
33 33 33 32 32 33 35 38 39 39 39 39 38 39 38 40 40 39 38 41 46 51 55 58 61 61 59 56 53 51 50 49 48 48 47 48 48 48 48 50 51 52 52 51 52 52 51 52 52 50 49 47 45 45 47 48 49 48 45 44 46 48 49 49 49 48 46 46 47 48 49 50 52 55 57 59 62 62 62 64 65 65 65 64 62 60 59 59 57 56 54 53 54 54 52 51
32 32 32 32 32 34 35 37 37 38 39 41 40 39 38 39 41 40 39 41 46 51 54 56 56 56 55 53 51 50 49 49 48 48 48 48 49 50 50 51 52 52 52 53 53 53 52 52 51 50 49 49 48 49 51 51 51 51 49 47 49 51 52 52 51 49 47 46 46 47 47 49 51 53 54 57 61 62 63 63 65 66 67 66 65 63 63 62 60 58 56 54 54 53 51 50
31 31 30 31 33 33 34 36 36 37 39 41 41 38 37 37 38 38 39 42 44 47 50 51 52 52 52 52 52 52 53 52 51 51 50 50 51 52 51 52 53 53 53 53 52 52 52 52 53 53 53 53 53 53 52 51 51 52 52 52 52 53 53 53 52 50 48 47 47 47 47 48 49 50 51 55 59 61 62 63 64 65 65 65 65 64 64 63 62 58 57 55 53 52 50 48
34 33 31 30 31 32 33 35 36 36 37 38 38 38 37 37 38 39 41 43 46 46 47 48 50 52 54 56 55 54 54 54 55 54 53 51 51 52 52 53 54 53 53 52 52 52 54 56 57 57 55 55 54 53 53 53 53 54 56 58 56 55 54 53 52 51 49 48 48 48 47 46 46 47 50 53 57 60 62 63 64 64 64 64 64 64 64 63 60 59 57 55 52 50 48 46
37 36 33 31 30 30 31 33 34 35 36 37 38 39 40 39 41 42 44 46 49 47 47 50 53 56 59 59 58 56 55 56 56 55 53 52 52 52 52 52 53 53 53 52 53 54 56 58 59 57 55 54 54 54 54 56 58 59 60 62 59 57 56 53 52 52 51 50 50 49 46 44 43 43 46 50 55 59 62 63 64 63 63 63 64 63 63 63 61 60 59 55 51 48 44 42
37 35 33 31 30 31 33 35 37 38 39 42 42 42 43 43 44 45 46 49 50 48 48 52 55 58 59 58 57 56 54 54 54 54 53 52 52 51 50 50 50 50 51 52 53 54 56 57 58 56 54 53 54 55 58 61 62 62 60 59 58 58 58 55 53 53 52 51 51 50 47 44 41 37 37 44 52 57 62 64 64 62 62 63 62 61 61 61 60 58 57 54 51 48 45 41
35 33 29 29 30 33 36 39 41 44 46 47 46 44 46 48 48 47 47 49 50 48 48 51 55 58 56 54 54 54 53 52 52 51 50 49 48 48 47 47 47 47 49 51 54 54 56 57 57 56 54 54 55 58 61 64 64 62 60 57 56 58 58 58 57 55 53 52 53 51 49 45 41 35 33 41 48 54 59 62 62 61 60 59 59 59 59 59 58 55 54 52 51 49 46 42
31 28 27 28 31 35 38 40 44 47 50 51 50 48 50 53 52 50 49 50 50 47 48 51 54 56 54 52 52 54 53 51 49 47 46 45 44 45 44 43 44 46 48 50 52 53 54 55 55 55 55 56 57 59 61 62 63 62 60 57 55 57 57 57 57 56 55 56 57 55 52 48 45 42 42 45 48 51 55 58 59 58 56 56 57 58 57 56 54 53 51 50 48 47 45 41
26 23 26 29 33 37 40 42 45 49 51 54 53 52 54 56 55 52 51 51 50 47 48 50 54 55 53 51 52 52 50 49 46 43 42 41 40 42 42 41 42 44 46 47 49 50 53 55 55 55 57 57 57 57 58 60 62 62 61 57 56 55 56 55 55 55 56 60 64 61 56 52 50 49 48 48 49 50 52 55 55 55 55 56 56 55 54 53 52 50 48 46 44 43 42 40
25 24 27 31 34 39 43 46 48 50 52 55 56 56 58 59 56 51 49 49 49 47 48 51 54 55 52 51 50 49 47 45 43 41 39 36 35 36 38 39 40 41 43 46 48 51 53 54 55 57 58 57 56 55 56 57 59 60 59 56 55 54 54 54 54 55 57 60 63 60 57 54 52 52 52 52 52 52 52 52 52 54 55 55 54 52 51 49 47 45 44 42 40 40 40 38
26 27 30 33 37 41 45 47 50 52 54 56 58 58 60 59 54 49 46 46 49 49 48 51 54 55 53 51 49 45 43 41 41 38 35 34 30 27 34 37 38 41 44 46 49 50 51 52 53 56 58 58 56 55 54 53 53 54 54 52 51 52 53 54 54 55 56 57 58 57 56 55 55 56 57 57 56 56 55 54 53 53 53 52 51 49 47 45 43 41 41 39 38 37 37 35
28 30 32 34 39 42 44 47 49 52 54 56 58 58 58 55 50 46 43 44 47 48 49 51 53 54 52 49 45 42 39 38 37 35 34 34 32 32 35 37 38 41 43 45 47 47 48 49 51 55 57 56 55 53 53 52 51 51 51 50 50 52 53 54 54 54 56 57 58 58 57 58 58 59 59 59 60 61 60 56 53 52 50 49 47 45 43 41 39 38 37 36 35 33 32 31
31 32 33 35 38 41 44 46 48 49 51 53 54 54 54 51 47 44 41 42 45 45 46 49 50 50 50 47 43 39 36 36 36 35 33 33 35 36 37 39 40 42 44 46 46 45 46 48 50 51 52 53 53 52 52 52 53 52 51 50 49 51 54 54 54 55 57 59 59 60 60 59 60 60 61 61 64 69 65 57 53 50 48 46 44 42 40 38 36 35 34 33 31 29 28 27
34 34 33 34 36 38 40 42 43 45 46 47 49 48 47 47 44 41 40 41 42 42 44 46 45 45 45 43 40 36 33 33 34 34 33 33 35 38 40 41 41 43 45 45 45 44 44 46 48 49 49 51 51 50 50 51 52 51 50 49 49 50 53 53 54 57 58 58 59 61 61 60 59 60 62 63 64 64 61 56 52 49 46 44 41 39 37 36 35 34 32 31 29 28 26 25
36 34 34 35 35 37 38 39 39 40 42 44 45 43 42 41 40 38 39 41 40 40 41 42 41 40 40 38 36 32 26 27 31 33 35 37 38 42 45 43 42 44 44 44 43 42 43 44 47 48 47 47 48 47 47 50 51 51 51 50 50 50 51 53 55 58 58 58 59 61 61 60 59 58 60 61 61 59 56 53 49 47 44 42 40 38 36 34 33 32 31 30 28 27 25 23
35 35 35 36 36 37 38 38 38 39 41 44 43 41 39 38 37 36 38 37 38 39 39 38 38 37 36 34 34 31 26 26 29 33 37 41 43 45 47 43 41 42 42 42 42 41 42 44 46 46 44 44 45 45 46 49 51 52 51 51 51 50 51 53 56 58 57 58 59 59 60 59 58 56 56 57 57 55 52 50 47 45 43 41 39 37 35 34 33 31 30 29 27 26 24 23
36 36 36 36 37 37 37 37 37 38 40 43 43 39 37 36 35 35 35 35 36 38 37 36 37 35 34 34 33 31 30 30 30 32 36 41 43 44 43 41 39 39 40 40 39 40 41 43 44 45 44 43 43 43 43 45 47 47 48 48 49 50 52 54 57 58 57 57 57 58 57 56 55 53 53 53 51 50 48 46 45 43 42 40 38 36 35 33 32 31 29 28 27 25 24 22
37 36 36 35 35 36 36 36 36 36 37 40 41 39 37 35 34 33 33 34 35 37 36 35 35 34 33 33 32 30 31 32 32 32 34 38 39 40 40 39 38 37 39 39 38 38 40 41 42 43 43 41 41 41 40 41 41 41 43 44 46 49 53 57 60 60 58 56 55 55 54 53 52 51 49 49 48 46 45 44 43 42 40 39 37 36 35 33 32 31 29 28 27 25 24 22
38 36 35 35 35 36 36 35 35 36 37 39 40 40 37 36 34 33 32 33 34 35 35 33 32 32 32 32 31 30 31 30 31 31 32 34 36 37 37 37 36 36 37 38 37 37 38 39 39 40 39 39 38 37 36 36 35 35 35 37 42 47 54 64 69 65 60 56 54 52 51 50 49 48 47 46 45 44 43 42 41 40 39 38 37 36 34 33 32 31 30 28 27 26 24 23
41 38 36 35 35 35 35 35 35 36 37 39 41 41 40 37 35 33 32 32 -9999 -9999 -9999 -9999 -9999 -9999 -9999 -9999 -9999 -9999 -9999 -9999 -9999 -9999 -9999 -9999 -9999 -9999 -9999 -9999 -9999 -9999 -9999 -9999 -9999 -9999 -9999 -9999 -9999 -9999 -9999 -9999 -9999 -9999 -9999 -9999 -9999 -9999 -9999 -9999 -9999 -9999 -9999 -9999 -9999 -9999 -9999 -9999 -9999 -9999 -9999 -9999 -9999 -9999 -9999 -9999 43 42 41 41 40 39 38 37 36 35 34 33 32 31 30 29 28 27 25 24
38 37 35 34 34 34 34 34 34 36 37 39 42 42 40 37 35 33 31 31 -9999 -9999 -9999 -9999 -9999 -9999 -9999 -9999 -9999 -9999 -9999 -9999 -9999 -9999 -9999 -9999 -9999 -9999 -9999 -9999 -9999 -9999 -9999 -9999 -9999 -9999 -9999 -9999 -9999 -9999 -9999 -9999 -9999 -9999 -9999 -9999 -9999 -9999 -9999 -9999 -9999 -9999 -9999 -9999 -9999 -9999 -9999 -9999 -9999 -9999 -9999 -9999 -9999 -9999 -9999 -9999 41 40 40 39 39 38 38 37 36 35 34 33 32 31 30 30 28 27 27 25
35 35 34 33 33 33 33 33 34 35 37 39 41 41 39 36 34 33 -9999 -9999 -9999 -9999 -9999 -9999 -9999 -9999 -9999 -9999 -9999 -9999 -9999 -9999 -9999 -9999 -9999 -9999 -9999 -9999 -9999 -9999 -9999 -9999 -9999 -9999 -9999 -9999 -9999 -9999 -9999 -9999 -9999 -9999 -9999 -9999 -9999 -9999 -9999 -9999 -9999 -9999 -9999 -9999 -9999 -9999 -9999 -9999 -9999 -9999 -9999 -9999 -9999 -9999 -9999 -9999 -9999 -9999 -9999 -9999 38 38 38 37 37 36 36 35 34 33 33 32 31 30 29 29 28 27
33 33 33 33 33 33 33 33 34 36 36 37 39 39 38 37 36 34 -9999 -9999 -9999 -9999 -9999 -9999 -9999 -9999 -9999 -9999 -9999 -9999 -9999 -9999 -9999 -9999 -9999 -9999 -9999 -9999 -9999 -9999 -9999 -9999 -9999 -9999 -9999 -9999 -9999 -9999 -9999 -9999 -9999 -9999 -9999 -9999 -9999 -9999 -9999 -9999 -9999 -9999 -9999 -9999 -9999 -9999 -9999 -9999 -9999 -9999 -9999 -9999 -9999 -9999 -9999 -9999 -9999 -9999 -9999 -9999 36 37 37 37 36 36 35 35 34 34 33 32 32 31 30 29 28 28
-9999 -9999 -9999 -9999 -9999 -9999 33 33 34 35 34 34 -9999 -9999 -9999 -9999 -9999 -9999 -9999 -9999 -9999 -9999 -9999 -9999 -9999 -9999 -9999 -9999 -9999 -9999 -9999 -9999 -9999 -9999 -9999 -9999 -9999 -9999 -9999 -9999 -9999 -9999 -9999 -9999 -9999 -9999 -9999 -9999 -9999 -9999 -9999 -9999 -9999 -9999 -9999 -9999 -9999 -9999 -9999 -9999 -9999 -9999 -9999 -9999 -9999 -9999 -9999 -9999 -9999 -9999 -9999 -9999 -9999 -9999 -9999 -9999 -9999 -9999 -9999 -9999 -9999 -9999 -9999 -9999 -9999 -9999 -9999 -9999 33 33 32 31 31 30 29 29
-9999 -9999 -9999 -9999 -9999 -9999 34 34 33 32 32 32 -9999 -9999 -9999 -9999 -9999 -9999 -9999 -9999 -9999 -9999 -9999 -9999 -9999 -9999 -9999 -9999 -9999 -9999 -9999 -9999 -9999 -9999 -9999 -9999 -9999 -9999 -9999 -9999 -9999 -9999 -9999 -9999 -9999 -9999 -9999 -9999 -9999 -9999 -9999 -9999 -9999 -9999 -9999 -9999 -9999 -9999 -9999 -9999 -9999 -9999 -9999 -9999 -9999 -9999 -9999 -9999 -9999 -9999 -9999 -9999 -9999 -9999 -9999 -9999 -9999 -9999 -9999 -9999 -9999 -9999 -9999 -9999 -9999 -9999 -9999 -9999 34 33 33 32 31 31 30 30
-9999 -9999 -9999 -9999 -9999 -9999 -9999 -9999 -9999 -9999 -9999 -9999 -9999 -9999 -9999 -9999 -9999 -9999 -9999 -9999 -9999 -9999 -9999 -9999 -9999 -9999 -9999 -9999 -9999 -9999 -9999 -9999 -9999 -9999 -9999 -9999 -9999 -9999 -9999 -9999 -9999 -9999 -9999 -9999 -9999 -9999 -9999 -9999 -9999 -9999 -9999 -9999 -9999 -9999 -9999 -9999 -9999 -9999 -9999 -9999 -9999 -9999 -9999 -9999 -9999 -9999 -9999 -9999 -9999 -9999 -9999 -9999 -9999 -9999 -9999 -9999 -9999 -9999 -9999 -9999 -9999 -9999 -9999 -9999 -9999 -9999 -9999 -9999 -9999 -9999 -9999 -9999 -9999 -9999 -9999 -9999
-9999 -9999 -9999 -9999 -9999 -9999 -9999 -9999 -9999 -9999 -9999 -9999 -9999 -9999 -9999 -9999 -9999 -9999 -9999 -9999 -9999 -9999 -9999 -9999 -9999 -9999 -9999 -9999 -9999 -9999 -9999 -9999 -9999 -9999 -9999 -9999 -9999 -9999 -9999 -9999 -9999 -9999 -9999 -9999 -9999 -9999 -9999 -9999 -9999 -9999 -9999 -9999 -9999 -9999 -9999 -9999 -9999 -9999 -9999 -9999 -9999 -9999 -9999 -9999 -9999 -9999 -9999 -9999 -9999 -9999 -9999 -9999 -9999 -9999 -9999 -9999 -9999 -9999 -9999 -9999 -9999 -9999 -9999 -9999 -9999 -9999 -9999 -9999 -9999 -9999 -9999 -9999 -9999 -9999 -9999 -9999
-9999 -9999 -9999 -9999 -9999 -9999 -9999 -9999 -9999 -9999 -9999 -9999 -9999 -9999 -9999 -9999 -9999 -9999 -9999 -9999 -9999 -9999 -9999 -9999 -9999 -9999 -9999 -9999 -9999 -9999 -9999 -9999 -9999 -9999 -9999 -9999 -9999 -9999 -9999 -9999 -9999 -9999 -9999 -9999 -9999 -9999 -9999 -9999 -9999 -9999 -9999 -9999 -9999 -9999 -9999 -9999 -9999 -9999 -9999 -9999 -9999 -9999 -9999 -9999 -9999 -9999 -9999 -9999 -9999 -9999 -9999 -9999 -9999 -9999 -9999 -9999 -9999 -9999 -9999 -9999 -9999 -9999 -9999 -9999 -9999 -9999 -9999 -9999 -9999 -9999 -9999 -9999 -9999 -9999 -9999 -9999
-9999 -9999 -9999 -9999 -9999 -9999 -9999 -9999 -9999 -9999 -9999 -9999 -9999 -9999 -9999 -9999 -9999 -9999 -9999 -9999 -9999 -9999 -9999 -9999 -9999 -9999 -9999 -9999 -9999 -9999 -9999 -9999 -9999 -9999 -9999 -9999 -9999 -9999 -9999 -9999 -9999 -9999 -9999 -9999 -9999 -9999 -9999 -9999 -9999 -9999 -9999 -9999 -9999 -9999 -9999 -9999 -9999 -9999 -9999 -9999 -9999 -9999 -9999 -9999 -9999 -9999 -9999 -9999 -9999 -9999 -9999 -9999 -9999 -9999 -9999 -9999 -9999 -9999 -9999 -9999 -9999 -9999 -9999 -9999 -9999 -9999 -9999 -9999 -9999 -9999 -9999 -9999 -9999 -9999 -9999 -9999
-9999 -9999 -9999 -9999 -9999 -9999 -9999 -9999 -9999 -9999 -9999 -9999 -9999 -9999 -9999 -9999 -9999 -9999 -9999 -9999 -9999 -9999 -9999 -9999 -9999 -9999 -9999 -9999 -9999 -9999 -9999 -9999 -9999 -9999 -9999 -9999 -9999 -9999 -9999 -9999 -9999 -9999 -9999 -9999 -9999 -9999 -9999 -9999 -9999 -9999 -9999 -9999 -9999 -9999 -9999 -9999 -9999 -9999 -9999 -9999 -9999 -9999 -9999 -9999 -9999 -9999 -9999 -9999 -9999 -9999 -9999 -9999 -9999 -9999 -9999 -9999 -9999 -9999 -9999 -9999 -9999 -9999 -9999 -9999 -9999 -9999 -9999 -9999 -9999 -9999 -9999 -9999 -9999 -9999 -9999 -9999
-9999 -9999 -9999 -9999 -9999 -9999 -9999 -9999 -9999 -9999 -9999 -9999 -9999 -9999 -9999 -9999 -9999 -9999 -9999 -9999 -9999 -9999 -9999 -9999 -9999 -9999 -9999 -9999 -9999 -9999 -9999 -9999 -9999 -9999 -9999 -9999 -9999 -9999 -9999 -9999 -9999 -9999 -9999 -9999 -9999 -9999 -9999 -9999 -9999 -9999 -9999 -9999 -9999 -9999 -9999 -9999 -9999 -9999 -9999 -9999 -9999 -9999 -9999 -9999 -9999 -9999 -9999 -9999 -9999 -9999 -9999 -9999 -9999 -9999 -9999 -9999 -9999 -9999 -9999 -9999 -9999 -9999 -9999 -9999 -9999 -9999 -9999 -9999 -9999 -9999 -9999 -9999 -9999 -9999 -9999 -9999
-9999 -9999 -9999 -9999 -9999 -9999 -9999 -9999 -9999 -9999 -9999 -9999 -9999 -9999 -9999 -9999 -9999 -9999 -9999 -9999 -9999 -9999 -9999 -9999 -9999 -9999 -9999 -9999 -9999 -9999 -9999 -9999 -9999 -9999 -9999 -9999 -9999 -9999 -9999 -9999 -9999 -9999 -9999 -9999 -9999 -9999 -9999 -9999 -9999 -9999 -9999 -9999 -9999 -9999 -9999 -9999 -9999 -9999 -9999 -9999 -9999 -9999 -9999 -9999 -9999 -9999 -9999 -9999 -9999 -9999 -9999 -9999 -9999 -9999 -9999 -9999 -9999 -9999 -9999 -9999 -9999 -9999 -9999 -9999 -9999 -9999 -9999 -9999 -9999 -9999 -9999 -9999 -9999 -9999 -9999 -9999
-9999 -9999 -9999 -9999 -9999 -9999 -9999 -9999 -9999 -9999 -9999 -9999 -9999 -9999 -9999 -9999 -9999 -9999 -9999 -9999 -9999 -9999 -9999 -9999 -9999 -9999 -9999 -9999 -9999 -9999 -9999 -9999 -9999 -9999 -9999 -9999 -9999 -9999 -9999 -9999 -9999 -9999 -9999 -9999 -9999 -9999 -9999 -9999 -9999 -9999 -9999 -9999 -9999 -9999 -9999 -9999 -9999 -9999 -9999 -9999 -9999 -9999 -9999 -9999 -9999 -9999 -9999 -9999 -9999 -9999 -9999 -9999 -9999 -9999 -9999 -9999 -9999 -9999 -9999 -9999 -9999 -9999 -9999 -9999 -9999 -9999 -9999 -9999 -9999 -9999 -9999 -9999 -9999 -9999 -9999 -9999
-9999 -9999 -9999 -9999 -9999 -9999 -9999 -9999 -9999 -9999 -9999 -9999 -9999 -9999 -9999 -9999 -9999 -9999 -9999 -9999 -9999 -9999 -9999 -9999 -9999 -9999 -9999 -9999 -9999 -9999 -9999 -9999 -9999 -9999 -9999 -9999 -9999 -9999 -9999 -9999 -9999 -9999 -9999 -9999 -9999 -9999 -9999 -9999 -9999 -9999 -9999 -9999 -9999 -9999 -9999 -9999 -9999 -9999 -9999 -9999 -9999 -9999 -9999 -9999 -9999 -9999 -9999 -9999 -9999 -9999 -9999 -9999 -9999 -9999 -9999 -9999 -9999 -9999 -9999 -9999 -9999 -9999 -9999 -9999 -9999 -9999 -9999 -9999 -9999 -9999 -9999 -9999 -9999 -9999 -9999 -9999
-9999 -9999 -9999 -9999 -9999 -9999 -9999 -9999 -9999 -9999 -9999 -9999 -9999 -9999 -9999 -9999 -9999 -9999 -9999 -9999 -9999 -9999 -9999 -9999 -9999 -9999 -9999 -9999 -9999 -9999 -9999 -9999 -9999 -9999 -9999 -9999 -9999 -9999 -9999 -9999 -9999 -9999 -9999 -9999 -9999 -9999 -9999 -9999 -9999 -9999 -9999 -9999 -9999 -9999 -9999 -9999 -9999 -9999 -9999 -9999 -9999 -9999 -9999 -9999 -9999 -9999 -9999 -9999 -9999 -9999 -9999 -9999 -9999 -9999 -9999 -9999 -9999 -9999 -9999 -9999 -9999 -9999 -9999 -9999 -9999 -9999 -9999 -9999 -9999 -9999 -9999 -9999 -9999 -9999 -9999 -9999
-9999 -9999 -9999 -9999 -9999 -9999 -9999 -9999 -9999 -9999 -9999 -9999 -9999 -9999 -9999 -9999 -9999 -9999 -9999 -9999 -9999 -9999 -9999 -9999 -9999 -9999 -9999 -9999 -9999 -9999 -9999 -9999 -9999 -9999 -9999 -9999 -9999 -9999 -9999 -9999 -9999 -9999 -9999 -9999 -9999 -9999 -9999 -9999 -9999 -9999 -9999 -9999 -9999 -9999 -9999 -9999 -9999 -9999 -9999 -9999 -9999 -9999 -9999 -9999 -9999 -9999 -9999 -9999 -9999 -9999 -9999 -9999 -9999 -9999 -9999 -9999 -9999 -9999 -9999 -9999 -9999 -9999 -9999 -9999 -9999 -9999 -9999 -9999 -9999 -9999 -9999 -9999 -9999 -9999 -9999 -9999
-9999 -9999 -9999 -9999 -9999 -9999 -9999 -9999 -9999 -9999 -9999 -9999 -9999 -9999 -9999 -9999 -9999 -9999 -9999 -9999 -9999 -9999 -9999 -9999 -9999 -9999 -9999 -9999 -9999 -9999 -9999 -9999 -9999 -9999 -9999 -9999 -9999 -9999 -9999 -9999 -9999 -9999 -9999 -9999 -9999 -9999 -9999 -9999 -9999 -9999 -9999 -9999 -9999 -9999 -9999 -9999 -9999 -9999 -9999 -9999 -9999 -9999 -9999 -9999 -9999 -9999 -9999 -9999 -9999 -9999 -9999 -9999 -9999 -9999 -9999 -9999 -9999 -9999 -9999 -9999 -9999 -9999 -9999 -9999 -9999 -9999 -9999 -9999 -9999 -9999 -9999 -9999 -9999 -9999 -9999 -9999
-9999 -9999 -9999 -9999 -9999 -9999 -9999 -9999 -9999 -9999 -9999 -9999 -9999 -9999 -9999 -9999 -9999 -9999 -9999 -9999 -9999 -9999 -9999 -9999 -9999 -9999 -9999 -9999 -9999 -9999 -9999 -9999 -9999 -9999 -9999 -9999 -9999 -9999 -9999 -9999 -9999 -9999 -9999 -9999 -9999 -9999 -9999 -9999 -9999 -9999 -9999 -9999 -9999 -9999 -9999 -9999 -9999 -9999 -9999 -9999 -9999 -9999 -9999 -9999 -9999 -9999 -9999 -9999 -9999 -9999 -9999 -9999 -9999 -9999 -9999 -9999 -9999 -9999 -9999 -9999 -9999 -9999 -9999 -9999 -9999 -9999 -9999 -9999 -9999 -9999 -9999 -9999 -9999 -9999 -9999 -9999
-9999 -9999 -9999 -9999 -9999 -9999 -9999 -9999 -9999 -9999 -9999 -9999 -9999 -9999 -9999 -9999 -9999 -9999 -9999 -9999 -9999 -9999 -9999 -9999 -9999 -9999 -9999 -9999 -9999 -9999 -9999 -9999 -9999 -9999 -9999 -9999 -9999 -9999 -9999 -9999 -9999 -9999 -9999 -9999 -9999 -9999 -9999 -9999 -9999 -9999 -9999 -9999 -9999 -9999 -9999 -9999 -9999 -9999 -9999 -9999 -9999 -9999 -9999 -9999 -9999 -9999 -9999 -9999 -9999 -9999 -9999 -9999 -9999 -9999 -9999 -9999 -9999 -9999 -9999 -9999 -9999 -9999 -9999 -9999 -9999 -9999 -9999 -9999 -9999 -9999 -9999 -9999 -9999 -9999 -9999 -9999
-9999 -9999 -9999 -9999 -9999 -9999 -9999 -9999 -9999 -9999 -9999 -9999 -9999 -9999 -9999 -9999 -9999 -9999 -9999 -9999 -9999 -9999 -9999 -9999 -9999 -9999 -9999 -9999 -9999 -9999 -9999 -9999 -9999 -9999 -9999 -9999 -9999 -9999 -9999 -9999 -9999 -9999 -9999 -9999 -9999 -9999 -9999 -9999 -9999 -9999 -9999 -9999 -9999 -9999 -9999 -9999 -9999 -9999 -9999 -9999 -9999 -9999 -9999 -9999 -9999 -9999 -9999 -9999 -9999 -9999 -9999 -9999 -9999 -9999 -9999 -9999 -9999 -9999 -9999 -9999 -9999 -9999 -9999 -9999 -9999 -9999 -9999 -9999 -9999 -9999 -9999 -9999 -9999 -9999 -9999 -9999
-9999 -9999 -9999 -9999 -9999 -9999 -9999 -9999 -9999 -9999 -9999 -9999 -9999 -9999 -9999 -9999 -9999 -9999 -9999 -9999 -9999 -9999 -9999 -9999 -9999 -9999 -9999 -9999 -9999 -9999 -9999 -9999 -9999 -9999 -9999 -9999 -9999 -9999 -9999 -9999 -9999 -9999 -9999 -9999 -9999 -9999 -9999 -9999 -9999 -9999 -9999 -9999 -9999 -9999 -9999 -9999 -9999 -9999 -9999 -9999 -9999 -9999 -9999 -9999 -9999 -9999 -9999 -9999 -9999 -9999 -9999 -9999 -9999 -9999 -9999 -9999 -9999 -9999 -9999 -9999 -9999 -9999 -9999 -9999 -9999 -9999 -9999 -9999 -9999 -9999 -9999 -9999 -9999 -9999 -9999 -9999
-9999 -9999 -9999 -9999 -9999 -9999 -9999 -9999 -9999 -9999 -9999 -9999 -9999 -9999 -9999 -9999 -9999 -9999 -9999 -9999 -9999 -9999 -9999 -9999 -9999 -9999 -9999 -9999 -9999 -9999 -9999 -9999 -9999 -9999 -9999 -9999 -9999 -9999 -9999 -9999 -9999 -9999 -9999 -9999 -9999 -9999 -9999 -9999 -9999 -9999 -9999 -9999 -9999 -9999 -9999 -9999 -9999 -9999 -9999 -9999 -9999 -9999 -9999 -9999 -9999 -9999 -9999 -9999 -9999 -9999 -9999 -9999 -9999 -9999 -9999 -9999 -9999 -9999 -9999 -9999 -9999 -9999 -9999 -9999 -9999 -9999 -9999 -9999 -9999 -9999 -9999 -9999 -9999 -9999 -9999 -9999
-9999 -9999 -9999 -9999 -9999 -9999 -9999 -9999 -9999 -9999 -9999 -9999 -9999 -9999 -9999 -9999 -9999 -9999 -9999 -9999 -9999 -9999 -9999 -9999 -9999 -9999 -9999 -9999 -9999 -9999 -9999 -9999 -9999 -9999 -9999 -9999 -9999 -9999 -9999 -9999 -9999 -9999 -9999 -9999 -9999 -9999 -9999 -9999 -9999 -9999 -9999 -9999 -9999 -9999 -9999 -9999 -9999 -9999 -9999 -9999 -9999 -9999 -9999 -9999 -9999 -9999 -9999 -9999 -9999 -9999 -9999 -9999 -9999 -9999 -9999 -9999 -9999 -9999 -9999 -9999 -9999 -9999 -9999 -9999 -9999 -9999 -9999 -9999 -9999 -9999 -9999 -9999 -9999 -9999 -9999 -9999
-9999 -9999 -9999 -9999 -9999 -9999 -9999 -9999 -9999 -9999 -9999 -9999 -9999 -9999 -9999 -9999 -9999 -9999 -9999 -9999 -9999 -9999 -9999 -9999 -9999 -9999 -9999 -9999 -9999 -9999 -9999 -9999 -9999 -9999 -9999 -9999 -9999 -9999 -9999 -9999 -9999 -9999 -9999 -9999 -9999 -9999 -9999 -9999 -9999 -9999 -9999 -9999 -9999 -9999 -9999 -9999 -9999 -9999 -9999 -9999 -9999 -9999 -9999 -9999 -9999 -9999 -9999 -9999 -9999 -9999 -9999 -9999 -9999 -9999 -9999 -9999 -9999 -9999 -9999 -9999 -9999 -9999 -9999 -9999 -9999 -9999 -9999 -9999 -9999 -9999 -9999 -9999 -9999 -9999 -9999 -9999
-9999 -9999 -9999 -9999 -9999 -9999 -9999 -9999 -9999 -9999 -9999 -9999 -9999 -9999 -9999 -9999 -9999 -9999 -9999 -9999 -9999 -9999 -9999 -9999 -9999 -9999 -9999 -9999 -9999 -9999 -9999 -9999 -9999 -9999 -9999 -9999 -9999 -9999 -9999 -9999 -9999 -9999 -9999 -9999 -9999 -9999 -9999 -9999 -9999 -9999 -9999 -9999 -9999 -9999 -9999 -9999 -9999 -9999 -9999 -9999 -9999 -9999 -9999 -9999 -9999 -9999 -9999 -9999 -9999 -9999 -9999 -9999 -9999 -9999 -9999 -9999 -9999 -9999 -9999 -9999 -9999 -9999 -9999 -9999 -9999 -9999 -9999 -9999 -9999 -9999 -9999 -9999 -9999 -9999 -9999 -9999
-9999 -9999 -9999 -9999 -9999 -9999 -9999 -9999 -9999 -9999 -9999 -9999 -9999 -9999 -9999 -9999 -9999 -9999 -9999 -9999 -9999 -9999 -9999 -9999 -9999 -9999 -9999 -9999 -9999 -9999 -9999 -9999 -9999 -9999 -9999 -9999 -9999 -9999 -9999 -9999 -9999 -9999 -9999 -9999 -9999 -9999 -9999 -9999 -9999 -9999 -9999 -9999 -9999 -9999 -9999 -9999 -9999 -9999 -9999 -9999 -9999 -9999 -9999 -9999 -9999 -9999 -9999 -9999 -9999 -9999 -9999 -9999 -9999 -9999 -9999 -9999 -9999 -9999 -9999 -9999 -9999 -9999 -9999 -9999 -9999 -9999 -9999 -9999 -9999 -9999 -9999 -9999 -9999 -9999 -9999 -9999
-9999 -9999 -9999 -9999 -9999 -9999 -9999 -9999 -9999 -9999 -9999 -9999 -9999 -9999 -9999 -9999 -9999 -9999 -9999 -9999 -9999 -9999 -9999 -9999 -9999 -9999 -9999 -9999 -9999 -9999 -9999 -9999 -9999 -9999 -9999 -9999 -9999 -9999 -9999 -9999 -9999 -9999 -9999 -9999 -9999 -9999 -9999 -9999 -9999 -9999 -9999 -9999 -9999 -9999 -9999 -9999 -9999 -9999 -9999 -9999 -9999 -9999 -9999 -9999 -9999 -9999 -9999 -9999 -9999 -9999 -9999 -9999 -9999 -9999 -9999 -9999 -9999 -9999 -9999 -9999 -9999 -9999 -9999 -9999 -9999 -9999 -9999 -9999 -9999 -9999 -9999 -9999 -9999 -9999 -9999 -9999
