sesion_6_simulaciones/modelos_distribucion_especies/ejemplo/variables/futuro_B2/2040/PV.asc
ncols 708
nrows 329
xllcorner -7.525000
yllcorner 35.991667
cellsize 0.008333
NODATA_value -9999
[rows 53 to 105 of 329, columns 480 to 575 of 708]
47 48 48 47 47 48 49 49 49 50 49 49 49 49 48 48 48 48 48 48 49 49 50 49 48 48 49 50 50 50 51 51 51 51 51 51 51 50 50 50 50 51 51 51 51 51 52 52 52 53 55 56 57 55 53 53 53 53 54 54 54 54 54 55 55 56 56 56 57 58 58 59 61 62 64 65 66 66 67 68 69 70 70 70 70 72 73 74 74 73 72 74 75 75 74 73
47 47 47 47 48 48 49 49 49 49 49 49 48 48 48 48 48 48 48 48 49 49 49 49 48 48 49 49 49 50 50 50 50 50 50 49 49 50 50 50 50 50 50 51 51 51 51 51 52 52 53 54 54 53 52 52 52 52 52 52 53 53 53 54 55 55 55 56 57 58 58 60 62 64 65 67 69 69 69 70 70 70 69 69 70 72 72 72 72 72 72 73 74 73 72 70
46 47 47 48 48 49 49 49 49 49 49 48 48 47 47 48 48 48 48 48 48 48 49 48 48 48 50 50 50 50 50 49 49 48 49 49 49 49 49 49 49 49 50 50 50 50 51 51 51 52 52 53 52 51 50 50 50 50 51 51 52 52 53 54 54 54 55 56 57 58 58 59 61 63 65 67 68 69 70 69 69 69 68 68 70 71 71 71 70 71 72 72 73 71 70 69
47 48 48 48 48 48 49 49 49 49 48 48 48 47 47 47 47 48 48 48 48 47 47 48 48 48 49 50 50 49 49 48 48 48 48 49 49 49 49 49 49 49 50 50 51 51 51 51 52 52 53 53 52 51 49 49 49 49 51 51 51 52 52 53 54 54 55 56 57 58 59 60 60 62 64 66 67 68 68 68 68 68 67 68 69 70 69 69 70 70 72 74 73 70 68 68
47 48 48 48 48 48 48 48 48 48 48 48 47 47 47 47 47 47 47 47 47 47 47 47 48 48 48 48 48 48 48 48 48 48 48 48 48 48 48 48 49 50 51 52 52 52 52 52 52 52 53 52 52 51 50 49 48 49 52 53 52 51 52 52 53 54 56 57 59 60 60 61 61 62 63 65 66 67 67 66 66 66 67 68 68 68 68 69 71 71 72 73 72 70 68 67
47 48 48 48 48 48 47 47 47 47 47 47 47 47 47 47 47 47 48 48 48 48 47 47 48 48 48 48 49 48 49 49 48 48 48 48 48 48 48 49 50 51 52 52 52 51 52 52 52 52 52 51 51 51 50 48 46 48 51 53 52 51 51 52 54 55 56 58 60 61 62 62 63 64 65 66 66 66 66 67 68 67 67 69 69 69 70 72 73 72 72 73 72 69 67 66
47 48 48 48 48 47 47 47 47 47 47 46 47 47 47 47 48 48 48 49 49 49 48 48 48 49 49 50 50 49 49 49 48 48 48 48 49 50 50 50 50 51 51 51 51 51 51 51 51 52 51 50 50 50 49 47 46 48 50 52 51 51 52 53 55 56 57 59 61 62 63 64 65 66 66 67 67 67 67 68 69 69 67 68 68 69 71 73 74 73 72 72 70 68 66 65
47 47 48 48 48 48 47 47 47 47 47 47 47 47 47 48 48 48 48 49 49 49 49 49 49 49 50 50 50 50 49 49 48 48 48 48 49 51 51 50 50 50 51 51 51 51 51 51 51 51 51 50 50 50 49 49 49 49 50 51 51 51 52 54 56 57 58 59 61 62 64 67 68 67 68 68 68 68 67 68 69 70 70 70 70 70 70 71 73 73 73 72 69 66 65 65
47 48 48 49 50 49 47 47 47 47 47 47 47 48 48 48 48 48 48 48 49 49 50 50 51 50 50 50 50 49 49 49 49 49 49 50 51 50 50 50 50 50 50 51 51 51 51 51 50 51 50 50 50 50 49 49 50 50 50 50 50 51 53 54 56 57 58 60 61 63 65 68 68 69 69 70 70 70 70 69 71 72 73 74 73 72 71 72 74 74 72 69 67 66 65 65
48 48 49 50 51 50 48 47 47 47 47 47 47 48 48 48 48 48 48 48 49 49 50 51 51 50 50 49 49 49 50 50 50 50 51 51 50 50 49 50 50 50 50 50 51 51 51 51 50 50 49 50 50 50 49 49 50 50 50 50 51 52 53 55 56 57 58 59 61 64 66 67 68 68 69 69 70 71 69 70 71 72 73 74 73 73 73 73 74 74 71 68 65 66 65 65
48 49 49 48 49 48 48 47 47 47 47 47 48 48 48 48 48 48 48 49 49 49 50 50 50 50 50 50 50 51 51 51 51 51 50 50 50 49 49 49 50 49 49 50 50 50 50 51 50 49 49 49 50 49 48 49 49 49 50 51 52 54 55 56 57 57 59 60 62 64 65 66 66 66 67 67 68 68 67 68 71 72 72 73 73 72 73 74 74 73 71 67 65 65 65 66
49 49 48 48 48 48 48 48 48 48 48 48 48 48 48 48 48 48 48 49 49 50 50 49 50 50 51 51 51 51 51 50 50 50 50 50 49 49 49 49 49 49 49 50 50 50 50 50 50 50 49 49 49 49 49 50 50 51 52 53 54 55 56 56 58 59 60 63 64 64 64 64 64 64 65 65 66 66 65 65 68 70 70 71 71 71 71 73 73 71 69 67 65 65 66 67
49 49 48 48 49 49 48 48 48 48 48 48 48 48 48 49 49 48 48 48 49 49 49 49 50 51 51 51 50 50 51 50 49 49 49 49 49 49 49 49 49 49 49 50 49 49 49 50 50 50 50 49 49 49 50 52 53 54 54 54 55 55 57 58 59 60 62 64 64 63 63 63 62 62 62 62 63 64 64 64 65 67 67 68 67 67 69 71 71 69 67 66 66 67 68 70
49 50 49 49 49 49 49 49 49 48 48 49 49 50 50 50 51 50 49 49 49 49 49 50 50 50 51 51 50 49 50 49 48 49 49 49 48 48 48 48 49 49 49 49 49 49 48 49 49 49 49 49 49 50 52 53 54 55 55 56 56 57 57 58 60 61 63 64 62 61 60 61 61 62 62 64 65 65 67 68 67 65 65 66 66 66 66 67 68 67 67 67 68 69 72 73
50 51 51 51 51 50 50 50 49 49 49 49 51 52 53 52 52 51 50 50 50 50 50 50 49 49 50 50 49 49 48 48 48 48 48 48 48 48 48 48 49 49 49 48 49 48 48 48 48 49 50 51 51 52 53 54 55 56 56 57 57 57 58 59 61 62 62 62 61 60 60 61 63 64 65 66 69 69 71 71 70 68 67 68 71 71 68 67 67 67 68 71 72 73 74 75
51 52 53 53 52 51 51 50 50 50 49 50 52 53 52 51 50 50 50 50 50 50 49 49 48 49 49 48 48 47 47 47 48 47 47 47 47 47 47 48 48 48 48 48 48 48 49 49 49 50 52 52 53 53 54 55 56 56 58 58 58 58 59 60 61 62 62 60 60 60 62 63 65 67 68 69 70 72 73 74 73 71 70 71 74 74 71 69 67 67 69 72 73 73 73 75
53 55 56 55 54 52 52 51 51 51 50 50 51 50 50 49 49 50 50 50 49 49 48 48 48 48 48 47 47 46 46 46 47 46 47 46 46 47 47 47 47 47 47 48 48 48 49 50 50 51 52 52 53 54 54 55 56 57 58 59 59 59 60 61 61 61 61 60 60 63 64 65 66 69 71 72 71 72 75 76 75 73 73 74 76 76 72 69 68 67 69 72 73 72 74 77
55 59 61 57 54 53 53 52 52 52 50 49 49 48 48 48 49 50 50 49 49 48 48 47 47 46 46 46 45 45 45 46 46 46 46 46 46 46 46 46 46 47 47 48 48 49 49 50 51 51 52 52 53 53 54 55 56 57 58 58 58 59 60 61 61 60 59 60 62 64 65 66 68 71 73 72 72 73 75 77 77 76 74 76 78 75 71 69 68 67 70 73 72 72 74 77
55 60 61 57 54 53 52 52 51 50 49 49 48 47 47 47 48 49 49 48 48 47 47 46 46 45 45 44 44 44 45 45 45 45 45 45 45 46 46 46 46 47 47 48 48 49 50 50 51 52 52 53 54 54 55 56 57 57 57 57 58 59 60 60 60 59 59 60 63 64 65 66 68 70 74 73 72 74 75 78 80 78 76 78 78 74 72 70 69 68 69 70 71 73 76 78
52 54 55 54 53 52 52 51 50 49 49 48 48 47 47 47 47 47 46 46 46 46 46 45 45 44 44 44 44 44 44 44 44 45 45 45 46 46 46 46 46 47 47 48 49 49 50 51 52 52 53 54 55 56 57 57 58 57 56 57 58 60 60 59 60 59 60 63 65 69 70 70 72 73 74 75 73 74 77 79 80 80 78 78 76 72 70 68 67 67 68 69 72 75 79 83
50 51 52 53 53 52 51 50 49 48 48 48 47 47 47 46 46 46 45 45 45 45 45 45 45 45 45 44 44 44 44 44 44 44 45 45 46 46 46 46 47 47 48 49 49 50 51 51 52 53 54 55 56 57 57 58 58 57 56 57 58 60 60 58 59 59 61 64 67 72 74 75 75 75 76 75 75 76 77 79 79 81 81 79 74 69 67 66 66 68 68 69 72 76 80 85
49 50 51 52 52 51 50 49 49 48 48 48 48 48 47 47 47 46 46 46 45 45 45 45 45 45 45 44 44 44 44 44 44 44 45 45 46 46 46 47 47 48 48 49 50 50 51 52 53 54 55 57 57 58 57 57 57 57 57 57 58 59 58 58 59 61 63 65 69 74 75 75 73 73 74 74 75 77 77 77 79 82 82 78 73 67 65 66 68 69 69 70 72 76 81 86
47 49 50 50 50 49 49 49 49 49 48 49 50 50 50 49 49 48 47 47 46 46 45 45 45 45 45 45 44 44 44 43 44 44 44 45 46 46 47 47 48 48 49 49 50 51 52 53 54 55 56 57 57 57 57 56 56 57 57 56 57 57 58 60 62 63 65 67 70 73 73 72 70 71 73 72 74 75 75 75 79 83 81 77 71 67 65 65 67 68 68 69 73 76 81 85
46 47 48 48 48 48 48 49 50 50 49 48 49 49 49 49 49 48 48 47 47 46 46 46 46 45 45 44 44 44 44 44 45 44 44 45 46 46 47 48 48 49 50 50 51 52 52 53 54 55 56 57 57 57 57 57 56 56 56 56 56 58 60 62 62 63 65 66 67 68 69 69 70 73 75 75 76 78 77 79 81 81 79 75 70 67 65 65 66 68 69 71 75 77 80 83
46 47 47 47 48 48 49 50 51 50 49 49 49 48 48 48 48 48 48 48 48 47 47 48 47 47 46 45 44 44 44 45 45 45 45 46 46 47 47 48 49 50 51 51 52 52 53 53 54 55 55 56 56 56 56 57 56 56 55 55 56 59 61 61 61 62 63 64 67 70 73 74 74 75 77 79 81 82 82 83 82 80 76 72 68 66 65 65 67 69 70 72 77 80 82 83
46 47 47 48 49 49 50 50 50 50 49 49 49 48 48 48 48 48 48 48 49 49 49 49 49 48 47 46 44 43 43 43 43 44 45 47 48 48 48 49 49 50 50 51 51 52 52 52 53 54 55 55 56 56 56 56 56 56 56 55 56 58 60 61 62 64 66 68 71 75 78 79 79 79 80 81 82 83 84 83 81 78 74 71 67 66 66 67 68 69 71 74 78 81 82 83
46 47 48 49 50 50 50 50 50 50 49 49 49 50 50 50 50 50 49 49 49 49 50 50 50 49 48 46 45 44 43 42 40 41 44 47 47 48 48 48 48 49 50 50 50 51 52 52 53 53 54 54 55 55 56 56 56 56 56 57 58 60 60 61 64 67 71 73 76 77 79 81 81 83 83 83 83 83 83 80 78 77 74 70 67 67 68 69 68 67 69 74 78 80 83 85
46 47 48 49 51 53 53 52 52 51 50 49 49 50 50 51 51 51 50 49 49 49 50 50 50 49 48 47 46 45 45 44 41 41 45 46 46 47 47 48 48 49 50 50 50 51 52 52 52 53 54 54 55 55 55 55 56 56 57 59 61 61 62 63 64 67 72 76 78 78 79 81 82 84 86 84 83 82 80 78 76 75 71 69 69 69 69 70 70 69 72 76 79 82 86 89
47 48 49 50 53 54 54 53 52 52 52 50 49 49 49 50 50 50 50 50 50 50 50 50 49 49 49 48 47 46 46 46 45 45 45 45 46 46 47 48 48 48 49 50 50 51 51 52 52 53 53 54 54 55 55 55 56 58 59 61 63 64 65 67 67 67 70 73 76 78 79 81 82 85 86 83 80 78 77 75 74 72 70 70 70 70 70 69 70 70 74 78 81 85 87 90
47 49 50 51 54 56 54 52 52 52 52 51 50 50 50 49 49 49 49 49 49 50 50 50 49 49 49 49 48 47 47 47 47 47 45 45 46 46 48 48 49 49 49 49 50 51 51 51 52 52 53 54 54 55 55 56 57 59 61 62 65 67 69 71 71 71 73 76 77 78 81 84 86 87 87 85 81 78 75 73 72 72 72 74 73 72 72 72 71 74 76 80 83 85 88 90
46 47 49 50 52 53 52 52 51 51 51 51 50 50 50 49 49 49 49 49 50 50 49 49 49 49 49 49 48 48 48 47 47 47 46 46 46 47 47 48 48 49 49 49 50 50 50 51 52 52 53 54 55 55 56 58 59 61 63 64 66 68 70 73 75 77 79 79 79 81 84 87 88 89 89 87 84 80 76 74 75 76 76 76 76 75 75 74 73 76 78 80 84 88 89 90
45 46 47 49 50 51 51 51 51 50 50 50 50 49 49 49 49 49 49 49 49 49 49 48 48 49 49 48 48 47 47 47 47 46 46 47 47 47 47 48 49 48 49 49 50 50 50 51 52 53 53 54 56 57 58 59 61 62 64 65 67 69 71 74 77 79 79 79 81 84 87 89 90 91 91 89 85 81 77 76 78 80 80 80 79 78 78 78 77 80 84 85 88 89 90 91
45 45 45 47 49 50 51 51 51 50 50 49 49 49 49 48 48 48 48 48 48 49 48 48 48 49 49 48 47 47 46 46 46 46 47 47 48 48 47 48 48 49 49 49 49 50 51 53 54 55 54 55 56 58 59 60 62 63 65 66 68 69 72 74 76 78 79 79 80 84 88 92 94 93 92 89 86 81 78 77 78 80 82 84 84 83 81 82 84 88 89 89 89 90 91 92
45 46 47 47 49 50 50 51 51 50 50 49 48 48 48 48 47 47 46 47 48 48 47 48 48 49 49 48 47 47 46 47 47 47 47 47 47 48 48 48 48 48 49 49 49 50 52 54 55 56 56 56 56 58 59 60 62 63 65 67 69 70 72 74 76 77 78 78 80 84 88 92 98 96 91 87 84 81 78 78 78 81 83 84 86 84 84 88 91 91 90 90 91 91 92 92
45 46 47 48 49 50 50 50 50 50 49 48 48 47 47 47 46 46 45 46 46 47 47 47 47 47 48 48 48 47 47 47 47 47 47 47 47 48 48 48 48 48 48 49 49 50 52 53 55 56 57 57 57 58 59 61 62 64 65 68 70 70 71 72 74 76 77 79 81 86 90 92 96 94 89 86 83 81 81 81 79 80 82 83 85 85 87 90 91 90 90 91 92 92 92 91
45 46 48 48 49 49 50 50 49 48 47 47 46 46 46 45 45 45 45 45 45 46 46 47 47 47 48 49 48 47 47 47 48 47 47 47 47 47 47 48 47 48 48 48 49 50 52 53 55 56 57 58 58 58 59 61 62 64 66 68 70 70 70 72 74 77 79 80 82 85 89 92 92 90 87 84 82 83 84 83 81 81 81 82 83 85 88 91 91 91 91 91 91 92 91 91
45 46 47 47 48 49 49 48 47 46 46 45 44 44 44 44 45 45 45 45 45 46 46 47 47 47 48 48 48 47 47 47 48 47 47 47 47 46 47 47 47 47 48 48 49 50 52 53 54 55 57 58 58 59 60 61 63 64 66 68 69 69 70 72 75 77 79 80 82 85 89 91 90 88 86 86 86 86 86 84 84 84 84 82 82 84 89 91 91 92 92 91 91 91 91 92
45 46 46 47 48 48 47 47 46 45 44 43 42 42 42 43 44 44 45 45 45 46 46 47 47 47 48 48 48 48 47 47 47 47 47 46 47 46 46 46 46 46 47 48 49 51 52 53 54 55 57 58 59 60 60 62 63 65 67 67 68 68 70 72 74 77 79 80 81 84 89 90 88 87 88 90 90 89 86 85 85 86 87 86 83 85 89 91 92 92 92 91 91 91 92 92
46 46 46 47 47 47 46 45 44 43 41 40 39 40 41 42 43 44 45 45 46 46 46 47 47 47 48 48 48 48 47 47 47 47 47 46 46 45 45 45 45 45 46 48 49 51 52 53 54 55 56 58 60 60 61 62 63 65 67 67 68 69 71 72 74 76 77 78 81 84 88 88 86 85 87 91 92 90 88 88 87 88 89 88 87 87 90 91 92 92 92 91 91 91 91 92
47 47 47 46 46 46 46 45 43 42 39 37 36 37 39 41 43 44 45 46 46 47 47 47 47 47 47 47 48 48 48 48 48 48 47 46 45 45 44 43 42 44 46 48 49 51 52 53 54 56 57 58 60 61 62 62 63 65 66 67 68 70 72 74 75 76 77 79 81 85 87 87 85 85 87 91 93 90 88 90 91 91 93 91 88 88 89 91 92 92 91 91 91 91 92 93
48 47 47 47 46 46 46 45 43 41 39 34 29 34 39 42 44 45 46 47 47 48 48 48 48 48 48 47 48 48 48 48 48 48 47 46 45 45 44 43 42 45 47 49 50 51 52 54 55 56 58 59 61 62 63 63 63 64 66 67 69 71 73 75 77 78 79 81 83 86 87 85 83 85 89 93 93 90 88 91 92 94 93 91 89 89 89 90 92 91 91 91 91 92 93 94
49 49 48 48 47 47 46 45 44 42 40 37 35 38 41 44 45 47 47 48 48 49 49 49 49 49 48 48 48 48 48 48 48 47 47 46 46 46 46 46 45 47 48 49 51 52 53 54 55 56 58 60 62 63 63 64 65 65 66 68 70 72 74 75 77 78 80 81 84 88 87 84 84 87 91 93 93 91 90 92 94 95 92 90 89 90 90 90 90 90 91 91 92 93 94 93
51 50 50 49 49 48 47 46 46 45 43 42 42 43 44 46 47 48 49 49 50 50 50 51 50 50 49 49 49 49 48 48 48 47 47 47 47 48 48 47 47 49 50 51 52 53 54 55 56 57 58 60 61 63 64 65 66 66 67 68 70 72 74 76 78 80 82 84 87 89 87 85 86 89 91 91 92 92 92 93 94 93 92 91 91 91 90 91 91 91 92 91 92 94 93 92
54 53 52 51 51 50 49 48 48 47 46 46 46 47 48 49 49 50 51 51 51 51 52 52 51 51 51 51 51 50 49 49 48 48 47 47 48 48 48 48 49 50 52 53 54 54 55 56 57 58 59 60 62 64 65 66 66 67 68 69 70 72 75 79 81 82 85 88 90 88 86 85 87 89 90 91 93 93 93 93 94 93 92 92 92 91 92 92 92 93 93 92 92 92 91 91
56 55 55 54 53 52 52 51 50 50 49 49 49 50 51 51 52 52 53 53 53 53 53 53 53 53 53 53 53 52 51 50 49 48 48 48 48 48 49 49 50 51 52 54 54 55 56 57 58 59 60 61 62 64 65 66 67 67 68 69 70 71 76 86 87 88 89 90 91 90 88 87 88 88 88 90 92 92 91 91 92 91 91 91 91 92 93 93 94 93 93 92 91 88 89 89
58 57 57 56 55 55 54 54 53 53 53 53 53 53 54 54 54 55 55 55 56 56 56 56 55 55 54 54 54 53 52 51 51 49 48 48 48 48 49 50 50 51 52 53 54 55 56 57 59 60 61 62 63 64 65 66 67 68 68 69 69 66 65 78 87 91 93 94 95 94 90 88 89 89 89 90 91 91 90 89 90 89 88 88 91 93 94 95 93 92 90 90 88 86 88 91
59 59 59 58 57 57 56 56 56 56 56 56 56 56 56 57 57 58 59 59 59 59 59 58 58 56 56 55 55 54 53 52 52 50 49 48 48 48 50 50 51 52 53 54 55 56 57 58 59 61 62 63 64 65 66 67 68 69 70 71 70 68 65 73 84 91 94 95 95 93 90 89 89 89 90 90 91 90 88 88 88 87 86 88 91 93 94 94 92 90 89 87 85 85 88 92
61 61 60 60 60 59 59 58 59 59 59 59 59 60 60 60 61 62 63 63 62 62 62 61 60 59 58 56 55 54 53 52 51 49 48 47 48 48 49 50 51 52 53 54 55 56 57 59 60 61 62 63 65 66 67 68 69 71 72 73 75 76 77 80 86 92 94 93 92 91 90 90 92 91 90 89 88 86 85 86 86 85 87 90 93 93 93 91 89 88 88 86 83 83 86 91
62 62 62 62 61 61 61 61 61 62 62 62 63 63 64 65 65 66 66 67 66 65 65 64 63 62 60 58 57 55 53 52 50 47 45 46 47 48 50 51 52 53 54 54 55 57 58 59 60 62 63 64 65 66 68 69 70 72 74 76 79 81 84 88 92 95 95 93 92 92 91 91 93 94 92 87 83 83 84 85 84 85 89 92 93 93 92 91 90 87 85 82 80 81 85 88
64 64 64 63 63 63 62 63 64 65 66 66 66 67 68 69 70 71 71 71 70 70 69 67 66 64 63 61 59 57 54 52 50 47 45 47 48 49 50 52 53 54 54 55 56 57 58 59 60 62 63 64 65 67 68 70 71 73 75 78 80 84 89 94 97 98 97 95 94 95 94 92 93 93 92 87 82 81 82 83 84 87 90 92 93 92 92 91 89 87 83 79 78 80 83 87
65 65 65 65 65 64 64 65 66 67 68 69 70 70 71 72 74 75 76 76 75 74 73 71 69 68 67 64 62 59 56 54 52 51 50 50 50 50 51 52 54 54 56 57 58 58 58 59 60 61 62 64 65 67 69 71 72 74 77 80 83 87 93 98 100 98 97 97 97 98 97 94 93 92 90 87 83 82 82 83 85 87 88 89 90 89 88 88 87 84 80 77 77 80 83 85
66 66 66 66 66 66 66 66 67 68 70 71 72 73 74 76 77 79 81 83 83 81 78 75 73 72 70 68 64 61 58 56 54 53 53 52 51 51 52 53 54 55 57 57 59 59 59 60 61 62 62 64 65 67 69 71 73 75 77 81 85 90 97 102 103 101 101 102 102 101 99 99 97 95 90 86 84 86 87 87 87 86 86 88 88 87 84 83 82 80 76 76 80 83 84 82
67 67 67 67 68 68 68 68 68 69 70 72 74 77 78 80 82 85 89 92 93 89 83 78 75 73 70 67 64 61 59 57 56 55 55 54 54 53 53 54 55 56 57 57 58 59 60 61 62 62 63 64 66 67 68 70 72 75 78 81 86 91 99 105 107 107 109 109 107 104 103 102 99 95 90 86 87 89 89 88 85 85 86 87 88 88 85 81 79 75 73 76 80 82 81 79
