sesion_6_simulaciones/modelos_distribucion_especies/ejemplo/variables/futuro_B2/2040/TMNV.asc
ncols 708
nrows 329
xllcorner -7.525000
yllcorner 35.991667
cellsize 0.008333
NODATA_value -9999
[rows 164 to 204 of 329, columns 470 to 563 of 708]
182 181 180 180 182 181 184 183 182 180 178 178 178 177 174 177 177 177 176 176 176 175 174 171 170 163 169 167 165 166 167 167 168 171 174 175 176 176 177 177 178 180 178 178 178 181 179 179 179 180 184 183 183 182 182 182 181 181 181 179 179 178 178 177 177 176 175 174 174 173 172 169 171 172 172 171 169 170 171 169 168 166 167 163 157 156 158 155 154 152 157 157 154 154
181 181 181 181 182 183 183 180 179 178 176 176 176 175 175 175 176 175 176 174 175 172 169 170 167 165 161 164 169 171 173 173 174 175 175 174 174 176 177 177 179 178 178 178 180 179 179 179 179 183 184 183 183 183 182 182 181 180 179 179 179 178 178 177 177 176 176 175 173 173 172 170 171 171 170 170 166 167 172 171 171 170 168 163 160 157 160 160 160 159 163 162 160 159
183 183 182 182 184 181 179 178 178 176 175 175 173 173 170 171 171 171 170 169 166 161 161 161 166 168 170 170 172 173 173 173 174 175 175 174 174 176 177 177 178 178 178 179 178 179 179 179 179 182 183 183 183 183 182 181 181 179 179 179 178 178 178 177 177 176 176 175 173 171 172 171 170 170 168 166 165 169 171 172 171 170 170 167 160 157 163 162 164 165 163 159 158 161
182 184 184 184 180 179 178 177 175 170 167 167 169 167 165 167 161 159 159 160 162 162 165 167 169 170 170 171 172 172 170 171 171 172 173 174 176 177 177 177 178 178 178 178 179 180 181 180 182 183 183 183 183 183 183 182 180 180 179 179 178 178 177 177 176 176 176 175 173 172 171 168 169 169 166 165 165 168 168 168 171 168 168 170 166 167 166 166 163 161 160 156 154 159
185 185 184 182 179 178 176 169 168 167 162 160 159 157 157 161 161 163 166 167 167 166 164 166 167 167 168 169 171 171 169 170 171 173 174 175 176 176 177 177 178 178 178 179 180 182 182 183 183 182 182 182 182 183 183 182 181 180 179 179 178 178 178 177 177 176 176 175 174 173 171 171 169 169 165 165 164 166 166 168 167 167 166 165 168 168 164 163 163 161 155 152 152 156
183 183 181 179 178 177 175 170 167 162 161 160 158 161 160 163 164 168 169 167 168 166 169 169 171 171 172 168 169 170 170 172 173 174 175 176 176 177 177 177 178 178 179 180 182 180 182 181 182 182 181 180 181 182 182 182 182 181 180 180 179 178 178 177 177 176 176 175 174 174 173 172 169 167 164 164 164 165 164 166 166 162 162 161 163 164 162 162 161 159 159 156 154 158
181 182 182 180 177 175 171 164 163 165 166 167 165 164 162 165 166 170 172 173 173 172 172 173 174 170 174 174 172 173 174 175 175 175 175 176 177 177 177 180 181 182 181 182 181 180 181 181 181 182 181 180 180 181 182 182 182 181 181 179 178 178 177 177 177 176 176 175 175 174 173 172 171 167 164 164 167 165 163 165 165 165 163 164 163 160 163 162 159 157 158 160 161 163
181 181 180 179 178 176 175 171 171 172 170 166 162 159 164 169 170 170 171 171 171 174 171 168 168 171 171 174 176 175 177 177 178 177 177 179 180 180 181 178 181 178 179 180 180 180 180 180 181 182 180 180 180 181 181 182 182 182 182 181 179 178 177 177 177 177 176 175 175 174 174 173 173 171 169 168 170 168 167 167 168 165 164 165 162 165 163 160 161 162 164 163 165 166
183 182 180 179 177 176 175 172 172 170 166 168 166 167 169 170 170 171 171 169 170 171 170 171 172 173 172 173 176 176 176 177 176 176 179 179 177 177 177 179 178 177 178 179 179 179 180 179 181 182 179 179 179 181 180 181 181 181 181 181 180 179 178 177 177 177 176 176 176 175 175 174 173 173 171 172 171 171 170 169 166 164 166 168 167 165 163 163 164 164 162 161 163 165
181 180 179 178 177 174 170 166 169 171 172 170 167 168 166 169 170 170 170 167 164 169 170 170 171 171 171 173 171 175 173 175 174 173 175 177 176 177 179 180 178 180 178 178 178 178 179 180 180 180 179 179 180 179 180 179 180 181 181 181 179 180 178 178 177 177 177 176 176 176 175 175 174 173 173 173 172 171 171 171 169 168 166 169 169 166 163 164 163 163 161 162 161 162
181 180 179 178 177 173 173 173 173 174 173 172 169 168 168 164 166 167 168 168 169 170 169 169 169 170 171 174 172 173 173 171 172 174 176 178 179 179 180 179 178 179 178 177 178 177 179 179 181 178 179 179 179 179 179 179 179 180 181 181 180 179 180 178 178 178 177 177 177 176 176 175 175 174 174 173 173 171 172 172 171 169 168 171 170 168 166 165 165 164 164 163 162 160
182 182 180 180 178 175 173 173 173 171 168 168 170 168 165 165 167 168 168 169 168 170 166 168 165 169 169 168 169 170 172 174 175 175 175 176 176 178 178 177 177 177 177 177 177 177 177 181 179 179 178 178 180 179 179 179 178 179 179 181 180 179 178 179 179 178 178 177 177 177 176 176 176 175 174 174 174 171 174 173 173 172 172 173 171 170 168 167 167 168 166 165 165 164
181 180 179 178 176 171 167 169 168 166 167 171 171 171 170 170 171 166 167 168 168 169 168 169 170 170 170 170 172 173 174 172 170 169 172 174 176 177 176 176 176 176 177 177 176 177 178 177 177 177 178 179 179 179 179 179 178 178 178 180 180 179 178 178 179 179 178 178 177 177 177 177 176 176 175 175 174 175 174 174 174 174 173 173 172 172 170 168 169 170 169 168 166 166
182 181 178 178 176 174 169 167 165 166 169 172 174 173 172 170 170 169 168 164 167 168 170 170 170 171 170 172 173 172 169 170 170 167 171 170 176 175 175 175 175 177 176 176 176 177 177 177 177 177 177 178 178 178 178 178 178 178 178 179 180 179 178 178 178 178 179 178 178 178 177 177 177 176 176 176 176 176 176 176 175 174 174 174 173 172 172 170 171 172 171 166 166 164
183 180 180 179 180 177 176 171 168 169 173 173 171 169 173 170 169 170 167 166 168 169 169 173 172 172 172 173 171 167 166 166 166 163 168 171 173 174 173 174 174 176 175 175 176 175 173 176 177 176 177 177 178 178 178 178 178 178 178 178 180 180 178 178 178 178 178 178 178 178 178 177 177 177 177 177 177 177 176 176 175 175 175 175 175 174 173 172 168 169 174 170 168 165
184 182 180 181 180 179 178 175 173 174 171 173 174 176 172 171 173 173 171 170 169 171 171 172 174 173 174 172 174 173 171 169 166 165 167 167 168 170 171 173 174 175 175 175 175 175 175 174 175 176 176 177 177 177 178 178 178 178 178 180 179 179 178 178 178 178 178 178 178 178 178 178 178 178 177 177 177 177 177 177 176 176 176 176 175 175 174 174 172 172 175 172 171 171
184 182 183 181 181 178 178 175 174 175 178 175 177 176 174 175 175 172 169 169 168 171 173 174 173 173 173 169 170 170 168 171 169 166 166 165 162 165 170 171 171 174 174 175 174 175 174 174 171 174 175 176 176 177 177 177 177 178 178 180 178 179 178 178 178 178 178 178 178 178 178 178 178 178 178 178 177 177 177 177 177 177 176 176 176 176 175 175 173 172 172 174 173 172
185 184 183 182 180 179 177 176 175 177 178 179 176 177 177 177 175 173 174 173 174 177 176 174 170 172 170 167 167 166 171 171 167 162 159 163 163 167 165 169 168 172 172 174 173 174 173 171 168 170 173 175 176 177 177 177 177 177 179 178 178 179 178 178 178 178 178 178 178 178 178 178 178 178 178 178 178 178 178 178 178 177 177 177 177 177 176 176 176 176 175 178 175 174
185 184 182 181 181 179 178 178 176 177 180 180 179 178 177 176 176 175 175 177 174 175 174 175 174 170 168 168 168 169 168 164 160 160 160 163 163 162 161 163 165 168 171 172 170 171 172 171 168 171 171 174 175 176 176 178 177 177 177 178 178 178 178 178 178 178 178 178 178 178 178 178 178 178 178 178 178 178 178 178 178 178 178 178 178 178 177 177 177 178 178 177 177 175
185 184 182 182 182 180 179 178 177 178 181 178 175 178 179 180 178 178 177 179 178 173 170 169 170 171 172 173 173 170 167 163 160 165 165 162 160 160 157 158 163 170 171 169 169 168 169 170 167 165 169 173 175 173 176 176 176 178 177 178 178 178 178 178 178 178 178 177 177 178 178 177 177 177 178 178 178 178 178 178 178 178 178 179 179 179 179 178 179 179 181 178 178 177
185 184 181 180 180 182 181 180 178 181 180 178 177 181 182 180 181 180 182 179 177 174 174 171 172 167 162 165 169 167 168 169 168 166 163 161 160 159 157 157 164 164 171 167 166 164 167 167 165 166 169 171 173 175 176 176 178 176 177 177 177 177 177 177 177 177 177 177 177 177 177 177 177 177 177 177 178 178 178 178 178 178 179 179 180 180 179 180 180 181 181 181 180 179
186 184 182 182 180 180 183 180 179 182 179 180 178 181 182 183 181 179 176 179 178 176 173 171 170 165 160 159 162 165 166 165 162 161 162 161 156 154 154 153 157 163 166 168 164 163 161 161 166 169 171 174 175 175 175 177 176 176 176 177 177 177 177 177 177 176 174 176 176 174 176 176 176 176 177 177 177 176 177 177 178 178 179 180 180 180 180 181 181 182 182 182 182 182
186 185 185 183 182 182 184 183 181 182 180 180 182 183 181 178 177 175 172 175 173 173 171 168 166 165 163 158 156 161 160 158 156 155 154 153 154 154 152 152 157 164 167 163 161 160 165 168 170 170 171 171 173 175 175 175 175 175 176 176 176 176 177 176 176 176 175 173 176 175 176 176 176 176 176 176 176 175 177 178 178 178 179 179 179 179 179 179 180 180 182 183 183 183
186 186 185 183 182 182 180 179 182 182 181 184 181 179 176 174 174 173 171 173 167 162 161 161 163 166 164 162 163 160 159 159 157 157 157 158 156 153 150 153 157 159 163 159 158 161 163 162 166 165 168 171 173 173 172 173 174 175 174 172 175 175 175 176 175 175 174 174 175 172 174 174 174 175 175 175 174 175 177 176 177 177 177 178 178 178 179 179 180 181 182 182 183 184
186 186 186 185 186 186 185 185 184 184 184 185 185 184 182 178 177 179 177 176 175 171 168 168 170 172 170 172 170 166 169 166 165 165 165 165 160 157 155 153 154 158 159 156 155 159 158 161 164 167 169 172 171 169 171 173 173 173 172 170 170 172 174 175 174 170 169 171 173 171 169 171 174 173 173 173 169 173 176 174 171 175 175 176 178 179 178 178 179 179 181 183 183 184
186 186 186 186 184 183 182 184 185 184 181 179 179 179 177 177 181 182 181 181 180 177 175 174 177 170 167 165 165 167 166 165 162 163 161 157 162 161 159 158 153 152 153 151 150 154 159 161 165 168 169 171 168 168 172 169 170 170 169 167 167 170 173 171 173 170 167 169 170 170 165 170 170 168 170 170 171 174 175 174 172 170 174 174 178 178 174 175 178 177 179 181 182 183
186 186 186 186 185 184 182 183 181 181 174 173 174 174 173 178 174 174 172 172 173 172 173 177 170 167 162 160 156 156 157 157 156 159 155 153 154 154 151 152 154 149 146 145 149 153 158 162 165 165 167 166 163 167 168 166 167 167 166 164 168 170 171 170 171 169 167 163 169 169 162 168 168 165 165 165 168 171 174 171 168 168 172 176 176 171 170 171 172 172 175 179 181 182
186 186 186 186 185 184 185 182 180 177 177 175 173 169 169 168 169 168 168 169 167 165 167 171 173 173 168 168 165 162 159 159 152 150 149 148 149 149 147 148 150 146 142 145 150 154 156 163 160 163 167 165 159 163 166 163 165 164 160 162 168 167 167 168 170 166 164 162 165 166 164 164 167 161 163 166 167 172 172 168 164 164 169 174 170 169 168 169 168 172 172 174 178 180
186 186 186 186 185 183 181 181 183 182 180 178 173 168 165 168 170 167 163 165 161 159 160 163 166 170 171 167 172 173 170 168 160 156 153 151 148 146 143 144 146 140 137 143 150 154 157 156 160 165 166 163 156 162 163 160 165 161 158 162 160 164 163 165 167 165 162 158 161 164 160 159 163 161 158 162 166 171 166 167 165 164 167 174 167 163 165 166 170 172 174 176 173 176
186 186 186 185 183 181 180 179 179 180 177 175 177 175 172 170 172 168 164 160 156 153 157 156 158 161 165 164 160 165 164 168 162 159 157 155 154 149 140 140 141 137 132 141 147 149 150 155 160 160 162 158 155 162 159 157 162 161 155 159 157 158 163 167 167 160 156 156 157 157 160 156 161 161 158 162 165 169 166 163 165 169 170 171 169 165 166 163 169 166 169 173 176 177
185 185 185 185 183 181 180 179 180 176 171 168 169 170 163 166 171 170 164 161 159 156 152 150 150 153 157 162 154 155 159 167 162 156 150 149 147 149 144 134 132 132 133 135 138 142 147 152 157 156 156 153 152 156 154 155 156 159 153 155 157 161 161 160 162 164 158 153 154 157 155 153 158 154 158 160 161 161 163 161 164 165 167 168 164 165 163 164 164 164 167 171 176 175
184 184 183 182 182 180 178 177 177 176 170 163 163 164 164 167 170 168 169 167 163 158 157 155 150 147 149 154 153 149 156 165 165 162 155 147 140 137 136 133 135 137 130 135 139 138 142 148 151 151 148 148 149 149 148 150 151 152 151 148 151 152 154 153 157 156 155 153 151 156 155 152 152 150 152 154 155 156 157 157 160 161 163 162 162 162 159 162 161 166 171 169 169 175
184 183 183 182 179 178 178 175 175 176 170 164 163 161 161 166 164 161 164 163 162 161 158 158 156 151 145 148 149 147 156 160 157 164 157 152 142 138 133 136 140 138 132 137 142 142 138 140 143 144 143 143 144 143 142 143 144 144 143 140 146 151 147 148 148 148 147 150 156 156 159 153 147 145 148 148 151 152 151 152 152 155 155 157 154 155 153 153 160 163 165 162 169 164
184 183 182 182 180 178 175 174 173 173 174 171 166 168 168 167 162 160 158 157 160 154 153 151 151 152 146 145 145 144 158 150 152 161 159 153 148 141 135 137 143 141 137 139 142 142 140 140 137 138 137 142 145 143 145 146 149 148 143 145 148 153 150 145 145 150 151 149 154 159 161 156 150 152 152 150 155 158 157 158 157 150 151 147 150 149 150 151 151 154 157 159 159 159
184 183 183 182 180 175 174 172 174 172 171 167 167 163 161 159 163 159 152 150 150 149 148 147 147 147 144 140 141 144 151 143 150 158 155 150 146 138 132 138 146 146 143 145 147 144 142 138 139 139 141 144 147 144 146 150 152 150 145 146 153 157 154 151 147 151 154 155 152 158 165 158 154 156 158 153 156 160 163 163 157 154 156 155 154 154 154 157 154 152 150 151 150 151
184 183 183 182 181 178 175 179 179 175 178 172 172 168 164 162 158 159 160 158 157 154 153 147 143 141 142 137 135 141 139 141 152 146 150 144 133 135 139 142 149 149 153 153 153 145 139 140 141 143 144 147 149 144 147 153 157 152 148 149 155 158 162 156 151 150 156 159 155 157 162 164 158 161 162 156 157 161 167 165 160 156 157 162 158 158 159 162 161 156 154 152 155 155
183 183 183 182 183 183 181 175 175 171 168 172 170 169 164 162 160 158 155 152 149 148 145 149 146 143 139 137 131 136 133 142 142 139 137 138 129 132 139 140 141 146 150 159 151 146 140 142 143 145 150 153 147 145 148 152 157 156 151 154 158 159 164 160 158 156 153 161 161 157 163 166 162 167 162 156 160 164 168 167 163 159 158 163 164 161 164 166 163 158 160 157 157 161
181 180 180 180 180 179 179 175 168 169 168 165 162 163 167 163 157 153 150 149 148 144 141 144 143 142 140 136 128 130 133 133 133 134 131 125 133 136 139 143 145 148 152 159 153 149 143 146 149 151 154 155 150 150 149 153 158 161 154 158 161 163 168 165 165 159 156 161 167 162 165 172 168 169 163 159 159 163 168 172 167 162 159 164 169 165 168 170 166 163 165 161 162 161
174 173 174 175 176 174 173 174 173 170 165 168 163 167 162 157 158 160 160 152 148 149 142 140 139 136 134 130 132 141 137 136 136 137 134 127 131 137 142 146 151 153 155 163 157 150 147 150 155 156 161 158 155 154 154 157 160 164 157 161 165 162 168 171 167 164 160 162 169 167 165 171 174 170 167 163 163 164 170 175 169 164 163 166 171 171 173 174 170 168 166 165 165 164
176 172 174 176 174 172 173 178 172 175 173 174 173 171 170 167 164 159 154 150 146 144 142 135 136 134 141 141 140 138 144 141 141 142 138 134 133 138 143 148 154 159 162 166 157 151 149 156 159 158 164 162 157 158 161 161 166 163 158 162 168 164 167 173 169 166 165 164 165 171 172 170 176 173 170 167 166 168 172 178 171 167 167 169 173 176 172 169 165 166 166 166 165 168
179 178 180 180 177 175 175 180 173 172 175 172 172 166 162 158 157 154 151 147 143 138 137 141 137 143 147 149 149 144 142 148 150 151 146 141 137 140 142 147 152 158 166 163 157 151 150 156 161 161 165 165 158 160 164 166 170 160 160 162 165 168 168 174 175 170 169 168 169 174 175 172 177 178 173 170 170 172 175 179 174 171 172 172 174 179 177 174 170 171 172 170 170 172
