sesion_6_simulaciones/modelos_distribucion_especies/ejemplo/variables/futuro_B2/2040/TMNV.asc
ncols 708
nrows 329
xllcorner -7.525000
yllcorner 35.991667
cellsize 0.008333
NODATA_value -9999
[rows 205 to 245 of 329, columns 188 to 281 of 708]
198 198 198 198 198 199 199 199 199 198 199 199 199 198 198 198 198 198 198 198 198 198 197 197 197 198 198 197 198 197 198 198 198 198 197 198 198 198 197 197 197 198 198 197 196 195 195 195 194 196 195 195 196 196 197 195 193 194 196 194 193 193 192 194 194 193 193 192 192 191 191 192 194 192 193 192 192 190 190 191 193 192 193 192 192 192 192 192 188 186 183 186 183 181
198 198 198 198 198 198 198 198 199 198 199 198 198 198 198 197 198 198 198 198 198 198 198 197 197 198 197 197 197 197 198 198 198 198 198 198 198 197 197 198 198 198 197 197 196 194 193 192 192 193 194 196 195 195 195 196 195 195 196 194 194 193 192 194 192 192 192 191 192 192 191 191 193 194 192 192 192 191 191 192 193 193 193 193 193 192 191 192 192 190 188 187 182 176
198 198 198 198 198 198 198 198 198 198 198 198 198 198 198 197 196 198 198 197 197 198 198 197 196 198 197 198 197 197 197 198 197 198 198 198 198 198 198 198 197 197 196 196 196 194 193 190 189 188 193 194 194 194 193 194 194 195 194 195 195 194 193 193 193 191 191 193 192 191 193 192 192 194 193 193 192 192 193 193 193 192 193 191 191 188 191 190 189 186 186 187 183 182
198 198 198 198 198 198 198 198 198 198 198 198 198 198 198 197 197 197 197 196 196 198 198 197 196 198 198 198 198 197 197 197 198 198 197 197 198 198 197 197 198 197 197 196 195 194 194 193 192 189 189 190 194 194 193 192 192 193 194 191 193 194 194 193 193 193 192 192 194 194 194 193 194 194 193 193 193 192 194 194 192 191 190 190 189 189 189 189 188 186 184 180 182 181
198 198 198 198 198 198 198 198 198 198 198 198 198 198 197 197 197 196 197 197 197 197 197 196 196 197 198 198 197 198 198 198 198 197 197 197 196 197 198 197 197 197 197 195 196 195 195 195 193 192 193 192 192 193 192 194 192 192 194 192 193 192 193 192 193 191 193 195 194 194 195 195 195 193 192 193 193 193 194 193 192 192 191 189 187 188 188 187 186 187 186 185 186 185
198 198 198 198 198 198 198 198 198 198 198 197 198 196 197 197 197 196 196 196 197 197 197 196 197 197 197 197 197 197 197 198 197 196 196 196 197 196 196 196 198 196 197 196 196 195 195 195 194 194 192 190 190 193 194 194 195 194 194 193 194 192 192 192 192 192 194 191 193 192 190 193 193 192 193 194 193 194 194 192 189 187 187 187 186 190 189 188 187 188 188 188 187 188
198 198 197 198 198 198 198 198 198 197 197 198 197 196 196 196 197 196 196 196 196 195 196 196 197 197 197 197 197 197 197 198 197 197 197 197 197 197 196 196 197 197 196 196 196 196 195 194 193 193 193 194 192 194 194 195 194 194 194 195 193 192 192 193 193 194 195 193 192 194 194 192 193 192 193 192 193 194 192 193 190 189 186 184 188 191 190 188 188 188 189 188 190 188
198 197 198 198 197 197 198 198 198 197 196 196 196 196 196 196 196 196 196 196 196 196 196 197 197 197 197 196 196 196 196 196 196 198 197 196 196 196 197 197 196 197 197 197 196 195 194 194 193 193 195 194 193 194 195 194 193 194 192 195 195 192 193 193 192 190 192 191 192 193 194 192 193 192 192 192 193 194 193 192 192 190 188 185 189 190 190 190 192 190 191 190 189 187
198 198 198 198 198 198 198 198 198 198 197 196 197 196 196 196 196 196 195 196 196 196 197 197 197 197 196 197 195 196 196 194 197 196 196 196 195 196 197 196 196 196 196 196 196 195 195 195 193 194 195 195 196 195 194 195 193 193 194 196 192 196 195 193 192 189 190 191 193 193 192 194 194 192 193 193 193 192 192 192 194 193 193 192 192 192 192 192 190 191 188 188 186 185
198 198 198 198 198 197 198 198 197 197 197 197 196 196 196 195 195 195 195 196 196 196 196 196 196 195 196 196 196 196 197 196 197 196 197 196 196 195 197 196 197 196 196 196 196 196 196 195 194 195 194 195 196 192 196 194 196 196 196 196 192 190 191 191 189 190 191 192 193 193 193 194 194 194 193 192 190 191 191 191 191 190 190 193 193 191 190 189 188 189 188 187 186 184
198 198 198 197 197 197 197 196 197 197 197 196 196 196 196 196 196 196 196 196 195 197 196 196 196 194 196 195 195 196 196 196 197 197 196 195 195 195 195 195 196 196 195 195 194 196 196 195 195 196 195 196 196 194 191 194 193 193 194 196 196 195 193 190 188 188 188 190 192 191 193 193 194 194 194 193 193 191 190 191 191 191 188 189 189 188 188 188 187 188 188 186 183 182
197 198 198 197 197 197 197 197 197 197 197 196 196 196 197 196 196 196 195 195 195 196 196 195 195 195 196 195 196 196 196 196 197 196 196 196 196 195 195 195 196 196 196 196 196 196 196 196 196 197 196 196 194 193 189 189 187 188 193 190 190 196 188 189 188 190 191 190 188 183 190 192 193 193 193 192 191 192 193 193 193 191 190 190 189 189 188 187 189 187 183 182 183 183
197 198 197 197 197 196 196 196 197 196 197 197 197 197 196 196 196 195 194 194 195 196 196 196 195 195 195 195 195 195 196 196 196 196 196 196 195 195 195 195 194 196 196 195 195 196 196 196 197 196 196 195 192 190 186 186 189 191 191 192 194 191 187 188 188 190 189 186 180 182 186 192 193 191 191 190 190 191 190 190 190 192 192 189 190 188 189 190 188 186 183 183 184 186
198 197 197 197 197 196 196 196 196 196 196 196 196 195 195 196 196 195 195 194 193 195 196 195 195 195 195 195 196 196 196 196 196 196 196 196 196 195 196 195 195 195 196 196 196 196 196 196 196 195 194 193 191 189 190 189 190 188 191 193 193 195 191 189 188 187 184 178 178 179 188 191 193 192 191 191 191 190 191 191 190 190 191 192 190 191 192 191 190 187 184 184 184 187
197 197 197 197 196 196 196 196 196 196 196 196 196 196 196 196 196 196 195 194 194 195 195 195 195 195 195 196 196 196 195 196 196 196 196 196 195 196 195 195 195 195 196 196 196 195 195 196 196 195 195 194 193 191 190 191 191 187 191 193 192 193 191 191 188 183 180 177 177 180 187 191 192 192 192 191 191 190 191 189 189 187 189 190 190 189 190 192 190 187 187 186 186 186
197 197 196 197 196 197 197 197 196 196 196 196 196 196 196 195 196 195 195 195 195 196 195 195 195 196 196 196 196 195 196 196 196 196 196 196 196 196 196 196 196 197 197 197 196 195 195 195 196 195 194 194 191 188 191 192 192 192 192 194 195 193 192 189 185 180 183 180 181 187 191 192 192 192 192 192 191 190 189 191 191 190 189 187 187 189 191 192 190 190 187 188 188 187
195 196 197 197 196 197 197 197 197 196 196 196 196 196 195 195 194 195 195 195 196 196 196 196 196 196 196 196 195 196 196 196 196 196 196 196 196 196 196 196 196 196 196 196 195 195 195 195 195 194 194 193 190 191 192 193 193 193 192 190 193 195 192 190 186 184 189 186 189 188 191 192 190 191 192 191 191 189 189 192 189 189 188 187 189 189 191 191 191 191 191 188 187 189
194 195 196 197 196 197 197 196 196 196 196 196 195 195 195 194 195 196 195 196 196 196 196 196 196 196 196 194 196 196 196 196 196 196 196 196 196 196 196 196 196 196 196 195 195 196 196 195 194 195 194 194 192 192 192 193 192 190 190 192 194 194 193 192 191 190 192 193 191 190 190 190 190 192 192 192 190 190 188 190 190 187 188 186 189 190 191 191 188 188 188 191 188 189
195 195 196 196 196 196 196 196 196 196 195 195 195 195 194 195 196 195 196 196 196 197 196 196 196 196 196 193 195 196 196 196 196 196 196 196 196 196 196 196 196 196 196 196 196 196 195 194 191 192 195 195 193 193 194 193 191 192 192 192 190 193 195 194 193 193 193 190 191 190 189 190 191 190 190 189 189 188 186 187 190 189 188 188 190 190 191 190 189 185 185 188 190 188
195 194 195 195 196 196 196 196 195 195 195 195 195 194 194 195 196 196 196 195 196 196 196 195 194 194 193 195 196 196 196 196 196 196 196 196 196 196 196 196 196 196 196 196 196 195 194 193 192 194 193 192 192 193 192 193 193 192 193 191 191 192 193 193 194 194 192 192 192 188 190 191 189 186 187 190 189 187 184 186 187 189 189 188 189 190 189 188 187 185 185 187 187 189
194 194 195 195 195 196 196 196 196 195 195 195 195 194 195 195 196 196 196 194 195 196 194 194 193 193 195 195 196 196 196 196 196 196 196 196 196 196 196 196 196 196 196 196 195 195 195 194 194 191 191 190 190 193 193 193 193 193 193 192 191 192 193 193 193 194 193 192 194 191 192 191 191 187 186 185 187 185 185 182 184 186 188 188 188 188 185 187 185 184 186 188 187 187
191 190 193 195 195 195 196 195 194 195 195 195 196 195 195 196 196 196 196 195 194 195 194 193 193 194 195 196 196 196 196 196 196 196 196 196 196 196 196 195 196 196 196 196 195 195 194 193 192 190 188 188 190 189 192 193 191 192 192 191 191 192 192 192 193 193 193 192 192 194 192 192 191 188 185 180 184 185 183 180 182 185 185 186 185 185 184 184 183 184 186 187 186 185
188 191 192 194 195 195 195 194 194 195 194 195 196 196 196 196 196 196 195 194 194 194 193 193 193 193 195 196 196 196 196 196 196 196 196 196 195 196 196 196 196 196 196 195 194 195 194 192 191 191 189 188 189 187 190 193 192 191 188 187 189 189 189 190 189 191 190 190 189 192 193 192 189 189 185 182 187 186 183 176 182 184 186 184 184 180 180 182 183 185 187 186 184 183
189 191 192 194 195 194 195 194 194 195 195 194 194 195 196 196 196 196 195 195 195 193 193 193 192 194 195 195 196 196 196 196 196 196 195 194 196 196 196 196 195 195 195 195 195 195 193 193 193 192 191 190 188 185 190 192 190 189 184 183 183 189 187 187 188 192 188 186 188 191 193 193 192 191 189 189 189 185 183 181 185 186 187 186 184 181 180 183 185 186 187 185 183 182
192 192 193 194 194 195 194 194 195 195 194 194 194 195 195 196 194 195 195 193 193 193 193 193 192 194 196 196 196 196 196 196 196 195 195 195 196 196 196 196 195 195 195 195 195 194 194 194 193 190 193 189 188 189 191 191 190 185 181 182 181 186 187 185 188 186 187 181 189 191 192 192 192 193 191 192 189 189 188 186 187 188 187 187 186 184 183 183 183 185 186 184 182 182
193 194 194 194 195 195 195 194 194 195 194 192 195 195 195 196 195 195 195 195 195 194 193 193 192 194 196 196 196 196 196 195 196 196 196 195 196 196 196 195 195 195 195 193 192 192 188 191 193 189 191 192 191 190 188 189 188 185 183 180 182 183 181 182 187 182 186 184 188 190 190 188 187 189 192 192 190 191 191 190 190 189 189 187 187 185 182 182 183 185 185 183 182 182
194 194 194 194 195 195 195 195 196 194 194 195 195 195 196 196 196 196 195 195 195 195 195 194 193 196 196 196 196 196 196 196 196 196 196 196 196 196 195 195 195 195 195 193 193 192 188 189 193 190 191 192 192 191 189 190 188 184 178 176 180 178 181 181 181 183 181 185 183 184 185 184 177 186 190 192 192 189 188 188 188 187 187 185 181 181 182 184 185 185 185 183 182 181
195 195 195 195 195 195 195 195 195 194 195 195 196 195 195 196 196 195 196 196 195 196 196 195 195 194 193 193 196 196 196 196 196 196 196 196 196 195 195 195 195 195 194 194 194 192 191 190 192 191 191 191 192 191 190 190 187 185 180 177 177 179 178 178 177 182 182 185 181 179 178 176 179 187 192 191 189 191 188 187 185 183 186 186 185 183 183 183 183 183 184 183 182 182
195 195 195 195 195 195 195 196 195 195 195 196 196 196 196 196 196 196 196 195 195 196 196 195 193 191 191 193 195 196 195 196 196 195 196 196 195 196 195 195 195 195 194 193 191 189 186 189 189 190 191 191 192 192 190 189 188 184 178 177 182 179 173 176 177 183 178 177 172 173 177 183 186 190 190 191 187 188 191 190 188 184 185 185 184 185 186 183 181 182 185 183 183 185
195 195 195 195 195 195 195 196 195 195 196 196 195 196 196 196 196 196 195 195 195 196 196 195 192 190 193 192 194 195 195 195 195 196 195 195 195 195 195 195 194 194 193 192 188 190 190 191 189 187 188 190 192 191 190 191 188 185 181 180 185 179 176 177 181 180 180 178 173 172 179 185 187 187 188 190 188 187 187 186 184 184 184 184 186 185 186 185 186 186 187 186 188 189
195 195 196 195 195 195 195 196 196 195 196 196 196 196 195 196 195 195 195 196 196 196 196 196 194 193 192 192 193 194 194 195 195 195 195 195 194 195 195 195 194 193 193 192 191 191 192 191 191 190 189 188 191 192 192 192 190 190 188 188 186 181 173 168 173 176 177 174 172 176 181 179 182 186 187 186 185 184 183 182 182 183 182 183 184 184 184 186 187 188 189 189 190 190
195 195 195 195 195 195 196 196 196 196 196 196 196 194 194 194 194 194 195 196 196 196 195 195 194 194 192 192 192 193 193 194 194 194 194 195 195 195 195 194 193 193 193 192 192 193 193 193 191 192 191 189 192 192 193 189 184 183 189 186 182 178 173 167 166 165 168 170 175 178 181 183 184 185 184 182 181 181 183 181 182 183 181 182 184 184 184 184 188 190 190 191 191 189
195 195 195 195 195 195 195 195 195 195 196 196 194 193 194 194 194 194 194 195 195 195 195 195 194 193 192 192 192 193 192 193 194 194 194 194 194 195 195 195 194 194 193 194 194 193 192 193 193 193 193 192 194 193 191 187 182 180 182 182 184 182 180 181 179 179 178 174 171 175 175 179 183 182 179 179 183 181 182 183 183 184 185 185 184 186 185 184 188 190 191 190 189 187
195 195 195 195 195 195 195 195 195 195 196 196 195 195 195 194 195 196 196 195 195 195 195 195 194 192 191 191 192 192 192 194 194 194 194 194 194 194 194 195 194 194 194 194 194 193 193 193 192 193 194 193 194 193 193 185 181 182 183 184 182 184 179 184 184 180 174 171 173 172 173 173 181 182 182 182 181 178 181 181 179 182 182 184 185 185 182 187 190 191 190 190 189 190
194 194 195 195 195 195 195 195 195 195 195 194 196 195 194 194 195 196 196 195 195 194 193 193 193 192 191 192 192 193 192 193 194 193 193 194 194 194 193 194 193 191 194 194 193 193 193 191 190 193 194 193 193 192 189 184 189 191 191 189 185 188 186 184 181 176 172 170 167 167 172 176 181 182 181 182 179 178 180 181 179 177 180 180 184 187 184 191 191 190 188 188 189 189
195 195 195 195 195 195 195 195 195 194 194 194 195 196 194 194 195 195 196 195 195 193 194 193 193 192 192 192 194 194 192 192 193 192 193 193 193 193 193 193 192 192 193 191 192 191 192 193 192 192 193 194 193 192 192 191 192 192 191 191 191 188 182 179 176 171 174 174 170 169 173 178 182 181 180 182 180 179 178 180 178 176 181 181 183 188 191 189 188 188 188 189 186 185
194 195 195 195 195 195 195 195 195 195 194 194 194 196 194 194 196 196 195 195 195 194 193 193 193 191 191 194 194 194 194 193 192 192 193 192 193 193 192 192 192 191 190 190 190 192 192 193 193 193 192 193 192 193 194 192 191 193 190 188 190 189 185 179 177 176 174 173 169 169 170 181 181 180 181 181 180 181 178 178 178 178 177 179 188 188 191 188 186 187 187 189 185 184
194 194 194 194 195 195 195 195 195 195 195 195 195 196 195 194 195 196 195 195 195 194 194 193 192 191 193 194 194 193 193 193 193 194 194 193 192 191 190 191 191 193 191 191 191 190 192 193 192 194 194 194 193 192 190 184 187 192 189 187 190 188 186 180 181 176 176 173 174 176 180 180 178 180 182 179 175 179 178 177 178 176 173 183 188 192 187 184 184 183 181 187 185 184
194 194 194 194 195 195 195 195 195 195 195 195 196 196 196 196 195 196 195 194 194 194 193 191 192 193 194 194 194 193 192 191 193 194 193 192 192 192 193 191 193 191 188 189 189 190 192 192 191 194 194 193 193 192 188 182 186 191 190 189 188 187 182 183 179 178 176 171 171 175 179 178 180 181 182 179 176 179 178 180 179 177 179 184 191 188 187 182 181 178 180 183 186 184
194 194 193 194 195 195 195 195 195 195 195 195 196 196 195 195 195 195 194 194 194 193 192 191 193 194 194 195 194 193 191 189 192 193 194 194 194 194 192 192 190 188 189 191 191 191 192 191 192 193 189 194 194 193 191 181 185 185 186 190 189 187 185 184 181 176 171 174 180 180 179 180 181 182 181 180 175 173 177 179 176 181 182 187 192 185 180 179 176 177 180 184 181 183
194 194 194 194 195 195 195 195 195 196 195 196 195 195 196 195 195 195 194 194 194 192 191 191 193 194 194 195 194 193 192 192 191 193 194 194 191 191 190 190 189 191 191 192 189 190 189 191 193 193 194 194 194 194 192 188 181 182 186 188 189 188 186 184 180 182 180 178 176 177 180 180 182 182 180 179 173 174 178 175 172 180 187 191 187 186 180 178 176 175 179 180 178 181
