sesion_6_simulaciones/modelos_distribucion_especies/ejemplo/variables/futuro_B2/2040/TMXI.asc
ncols 708
nrows 329
xllcorner -7.525000
yllcorner 35.991667
cellsize 0.008333
NODATA_value -9999
[rows 210 to 251 of 329, columns 570 to 664 of 708]
116 114 109 106 124 109 110 116 112 116 103 113 124 118 125 126 131 139 143 146 145 148 147 151 152 152 149 152 150 154 150 153 151 154 155 153 157 159 156 153 141 136 120 122 119 126 98 115 122 114 105 106 117 104 113 116 123 112 101 110 119 127 119 115 127 117 130 145 132 146 141 132 141 139 146 143 150 151 153 155 154 156 155 155 156 155 156 156 156 155 154 155 153 150 158
95 102 98 114 119 112 103 113 121 99 106 114 100 112 116 103 123 129 141 144 145 139 148 147 144 139 145 142 154 152 155 155 156 156 158 160 154 156 156 155 142 145 133 134 135 129 123 120 119 115 120 111 116 118 125 124 129 134 125 123 118 138 123 137 131 137 122 146 142 143 151 145 146 141 152 152 153 154 153 154 156 158 155 156 157 157 157 157 156 155 154 160 161 162 158
99 98 105 108 108 100 98 104 95 95 101 105 111 100 102 101 99 118 127 133 137 134 132 137 139 142 146 155 145 145 147 153 159 159 157 156 157 156 158 153 156 155 145 143 140 144 140 132 134 118 119 127 112 117 116 111 124 134 137 134 140 140 142 135 144 139 150 145 151 150 147 159 159 149 154 155 155 155 156 156 158 158 158 156 158 159 157 157 156 154 151 159 159 160 161
100 84 102 115 103 116 103 91 93 93 100 103 108 107 108 99 121 118 101 114 119 124 126 141 147 145 144 146 152 141 153 165 146 149 159 160 161 159 157 157 156 157 157 152 153 141 132 128 133 132 127 134 123 132 130 133 123 137 135 144 132 145 148 148 150 147 151 139 153 152 156 156 159 156 157 157 156 157 157 158 158 158 158 159 158 160 158 156 158 157 159 159 158 159 162
83 82 104 99 87 105 105 95 93 95 98 100 109 111 105 103 100 110 105 105 134 135 141 132 122 130 150 141 146 153 147 154 156 152 154 151 160 160 161 160 160 158 152 154 154 152 157 152 138 141 137 143 138 128 139 136 130 144 142 148 137 141 149 139 151 150 155 148 153 156 156 156 157 158 158 158 158 158 158 159 159 159 159 159 159 157 158 159 158 158 158 161 162 163 163
86 107 88 83 86 91 88 103 90 89 91 91 98 109 105 111 111 108 106 125 122 122 110 125 149 139 141 146 142 149 152 152 151 156 154 159 159 156 162 160 159 155 159 156 150 153 155 154 153 150 151 135 143 132 144 144 149 147 145 141 151 150 151 149 148 149 154 155 154 155 156 157 158 158 158 159 159 159 159 160 160 160 159 159 158 159 158 159 158 158 154 151 158 161 165
89 90 82 82 77 84 87 91 89 90 92 101 114 95 98 102 106 109 108 97 112 114 125 133 121 135 141 143 142 150 142 150 151 156 153 158 159 160 161 162 162 160 159 159 156 158 153 157 151 153 152 146 148 154 150 150 154 151 148 146 148 152 152 152 156 154 153 155 158 158 158 158 158 159 160 160 160 160 160 159 158 159 156 157 159 158 157 157 151 153 149 153 152 157 166
82 86 84 86 81 87 84 86 89 88 93 86 91 101 102 110 112 108 105 104 117 118 113 122 136 127 138 146 147 146 142 145 149 148 153 150 156 160 162 163 164 160 162 159 162 159 154 155 155 156 151 146 146 153 152 151 161 151 152 148 153 154 152 155 155 156 156 157 157 158 159 159 159 160 160 160 160 160 159 158 157 158 153 152 157 157 153 163 160 157 150 155 157 160 -9999
89 75 83 81 90 98 89 95 91 97 98 94 98 94 88 109 109 100 109 113 107 116 111 117 124 113 119 136 147 138 125 137 130 144 145 148 146 162 162 163 163 164 162 161 162 159 157 157 155 154 153 154 158 156 158 156 153 158 149 153 156 154 153 157 157 159 158 159 159 160 160 161 160 160 161 160 160 159 159 158 155 152 154 156 157 158 160 161 157 152 159 160 168 159 -9999
79 90 77 94 92 99 93 100 107 99 101 96 104 90 96 106 103 113 112 118 116 118 120 123 130 136 129 135 135 143 129 128 133 138 134 149 144 154 161 164 165 163 162 163 160 159 162 159 159 159 160 152 155 158 159 158 161 156 156 156 157 156 159 157 157 160 159 160 160 161 161 161 161 162 162 161 159 159 159 152 155 156 158 154 145 155 152 158 156 152 157 167 167 172 -9999
72 78 86 79 84 109 91 102 110 112 97 103 103 99 115 106 111 120 125 117 106 112 118 118 116 116 117 132 136 133 127 133 131 144 146 149 141 150 160 161 164 165 162 162 163 164 161 160 162 160 159 158 160 160 162 163 158 161 157 157 160 158 159 161 162 160 163 162 161 161 162 162 162 161 161 159 158 156 156 157 160 159 156 152 155 158 158 155 156 158 165 173 178 180 -9999
72 86 86 86 112 101 99 110 121 110 115 112 124 109 97 109 115 127 114 120 126 131 127 117 107 122 121 131 137 138 141 145 136 148 154 153 136 162 164 164 164 165 164 164 165 163 164 164 162 161 163 164 160 162 161 162 160 161 161 159 163 162 160 160 161 163 162 162 163 163 162 162 161 161 160 157 157 155 157 159 159 161 159 161 159 158 157 159 158 169 172 166 -9999 -9999 -9999
63 73 78 113 103 125 122 119 136 120 127 120 120 122 117 126 118 129 126 129 129 137 136 113 125 116 124 121 139 138 140 147 149 143 149 144 152 148 152 165 166 166 164 163 165 166 165 165 164 165 164 164 164 165 162 164 164 164 163 164 161 162 164 161 162 162 163 163 163 164 163 161 161 159 151 151 161 161 161 163 162 162 161 158 152 161 164 156 157 167 153 169 -9999 -9999 -9999
94 90 102 88 97 102 115 135 133 124 131 129 130 129 130 138 140 131 129 140 141 131 136 134 127 127 125 132 138 138 140 149 144 147 153 148 159 163 165 165 166 166 166 165 165 168 166 167 -9999 -9999 -9999 -9999 166 160 165 167 165 163 165 163 163 163 159 166 166 165 165 164 164 163 161 161 157 154 153 162 161 162 161 161 163 154 157 159 161 159 153 160 155 160 174 182 -9999 -9999 -9999
97 91 90 88 101 115 132 136 135 133 139 135 133 126 133 138 135 140 144 133 149 145 133 137 132 142 134 130 135 133 135 151 150 153 169 157 158 167 166 165 167 167 167 168 168 168 168 169 -9999 -9999 -9999 -9999 171 169 169 167 168 159 167 166 161 165 166 165 164 164 164 165 161 162 160 153 158 162 162 162 161 162 163 159 161 161 159 163 160 146 160 161 174 172 176 175 -9999 -9999 -9999
92 105 98 100 114 117 107 118 121 123 141 140 138 131 133 132 142 139 145 134 133 134 126 131 145 144 136 135 142 137 144 148 158 157 -9999 -9999 -9999 -9999 168 169 169 169 170 170 -9999 -9999 -9999 -9999 -9999 -9999 -9999 -9999 171 170 170 169 169 168 167 165 168 168 166 166 162 164 165 164 164 161 153 163 163 161 163 162 164 162 161 164 148 159 153 160 156 155 161 168 -9999 -9999 -9999 -9999 -9999 -9999 -9999
112 117 121 108 117 111 126 113 144 137 141 149 129 132 133 139 140 135 144 159 154 155 153 147 148 134 149 143 151 164 159 154 162 153 -9999 -9999 -9999 -9999 172 171 170 169 170 172 -9999 -9999 -9999 -9999 -9999 -9999 -9999 -9999 174 173 173 172 171 171 169 169 168 168 167 166 165 165 166 166 165 165 166 164 166 163 162 163 162 160 159 160 158 158 152 149 153 152 154 168 -9999 -9999 -9999 -9999 -9999 -9999 -9999
123 134 134 134 126 125 134 142 139 145 149 138 138 136 137 153 160 147 159 154 160 162 160 154 164 142 147 165 -9999 -9999 -9999 -9999 -9999 -9999 -9999 -9999 -9999 -9999 -9999 -9999 172 171 -9999 -9999 -9999 -9999 -9999 -9999 -9999 -9999 -9999 -9999 -9999 -9999 -9999 -9999 -9999 -9999 171 170 170 169 167 167 167 166 166 168 167 164 165 165 164 163 163 163 162 162 163 159 158 159 158 144 149 152 154 166 -9999 -9999 -9999 -9999 -9999 -9999 -9999
141 131 135 136 130 129 131 143 137 130 144 151 146 157 152 158 138 156 161 138 159 164 165 157 157 156 161 156 -9999 -9999 -9999 -9999 -9999 -9999 -9999 -9999 -9999 -9999 -9999 -9999 174 172 -9999 -9999 -9999 -9999 -9999 -9999 -9999 -9999 -9999 -9999 -9999 -9999 -9999 -9999 -9999 -9999 173 172 172 170 170 169 167 171 169 168 163 164 163 165 163 163 163 162 158 161 159 155 154 154 158 146 168 154 158 169 -9999 -9999 -9999 -9999 -9999 -9999 -9999
146 145 147 154 145 144 150 154 154 157 155 151 159 151 160 156 165 165 155 166 167 167 170 171 -9999 -9999 -9999 -9999 -9999 -9999 -9999 -9999 -9999 -9999 -9999 -9999 -9999 -9999 -9999 -9999 -9999 -9999 -9999 -9999 -9999 -9999 -9999 -9999 -9999 -9999 -9999 -9999 -9999 -9999 -9999 -9999 -9999 -9999 -9999 -9999 172 171 170 169 170 170 169 168 166 167 166 164 165 164 164 163 165 160 161 142 159 167 156 165 -9999 -9999 -9999 -9999 -9999 -9999 -9999 -9999 -9999 -9999 -9999
152 157 152 155 160 159 154 155 153 154 157 157 158 161 162 162 163 166 167 168 169 168 170 173 -9999 -9999 -9999 -9999 -9999 -9999 -9999 -9999 -9999 -9999 -9999 -9999 -9999 -9999 -9999 -9999 -9999 -9999 -9999 -9999 -9999 -9999 -9999 -9999 -9999 -9999 -9999 -9999 -9999 -9999 -9999 -9999 -9999 -9999 -9999 -9999 175 173 173 172 170 169 168 166 166 167 167 164 164 167 162 164 168 164 160 161 166 169 172 161 -9999 -9999 -9999 -9999 -9999 -9999 -9999 -9999 -9999 -9999 -9999
158 157 159 159 158 158 158 158 158 159 158 160 160 161 163 164 165 166 167 169 -9999 -9999 -9999 -9999 -9999 -9999 -9999 -9999 -9999 -9999 -9999 -9999 -9999 -9999 -9999 -9999 -9999 -9999 -9999 -9999 -9999 -9999 -9999 -9999 -9999 -9999 -9999 -9999 -9999 -9999 -9999 -9999 -9999 -9999 -9999 -9999 -9999 -9999 -9999 -9999 -9999 -9999 -9999 -9999 172 170 168 167 168 168 168 165 165 162 160 161 163 163 165 170 168 171 174 173 -9999 -9999 -9999 -9999 -9999 -9999 -9999 -9999 -9999 -9999 -9999
160 162 162 161 161 159 160 160 160 160 160 161 162 163 164 165 166 167 169 171 -9999 -9999 -9999 -9999 -9999 -9999 -9999 -9999 -9999 -9999 -9999 -9999 -9999 -9999 -9999 -9999 -9999 -9999 -9999 -9999 -9999 -9999 -9999 -9999 -9999 -9999 -9999 -9999 -9999 -9999 -9999 -9999 -9999 -9999 -9999 -9999 -9999 -9999 -9999 -9999 -9999 -9999 -9999 -9999 173 172 170 170 168 168 166 165 160 153 151 159 156 160 160 172 167 165 163 167 -9999 -9999 -9999 -9999 -9999 -9999 -9999 -9999 -9999 -9999 -9999
164 164 164 164 163 163 163 161 161 162 162 163 164 164 165 166 168 169 -9999 -9999 -9999 -9999 -9999 -9999 -9999 -9999 -9999 -9999 -9999 -9999 -9999 -9999 -9999 -9999 -9999 -9999 -9999 -9999 -9999 -9999 -9999 -9999 -9999 -9999 -9999 -9999 -9999 -9999 -9999 -9999 -9999 -9999 -9999 -9999 -9999 -9999 -9999 -9999 -9999 -9999 -9999 -9999 -9999 -9999 -9999 -9999 172 171 168 168 167 165 163 163 154 161 153 163 162 172 169 161 -9999 -9999 -9999 -9999 -9999 -9999 -9999 -9999 -9999 -9999 -9999 -9999 -9999
166 166 166 165 165 165 164 163 164 164 164 164 165 165 167 168 169 170 -9999 -9999 -9999 -9999 -9999 -9999 -9999 -9999 -9999 -9999 -9999 -9999 -9999 -9999 -9999 -9999 -9999 -9999 -9999 -9999 -9999 -9999 -9999 -9999 -9999 -9999 -9999 -9999 -9999 -9999 -9999 -9999 -9999 -9999 -9999 -9999 -9999 -9999 -9999 -9999 -9999 -9999 -9999 -9999 -9999 -9999 -9999 -9999 172 171 170 168 164 163 144 161 147 151 158 167 166 172 171 172 -9999 -9999 -9999 -9999 -9999 -9999 -9999 -9999 -9999 -9999 -9999 -9999 -9999
167 167 167 166 166 165 165 165 165 165 166 166 167 167 168 169 170 171 -9999 -9999 -9999 -9999 -9999 -9999 -9999 -9999 -9999 -9999 -9999 -9999 -9999 -9999 -9999 -9999 -9999 -9999 -9999 -9999 -9999 -9999 -9999 -9999 -9999 -9999 -9999 -9999 -9999 -9999 -9999 -9999 -9999 -9999 -9999 -9999 -9999 -9999 -9999 -9999 -9999 -9999 -9999 -9999 -9999 -9999 -9999 -9999 174 172 170 167 170 164 147 146 153 147 156 162 168 174 -9999 -9999 -9999 -9999 -9999 -9999 -9999 -9999 -9999 -9999 -9999 -9999 -9999 -9999 -9999
166 166 166 167 167 167 166 166 167 166 167 167 168 167 167 168 169 170 -9999 -9999 -9999 -9999 -9999 -9999 -9999 -9999 -9999 -9999 -9999 -9999 -9999 -9999 -9999 -9999 -9999 -9999 -9999 -9999 -9999 -9999 -9999 -9999 -9999 -9999 -9999 -9999 -9999 -9999 -9999 -9999 -9999 -9999 -9999 -9999 -9999 -9999 -9999 -9999 -9999 -9999 -9999 -9999 -9999 -9999 -9999 -9999 175 173 171 164 154 163 147 149 155 171 169 161 177 173 -9999 -9999 -9999 -9999 -9999 -9999 -9999 -9999 -9999 -9999 -9999 -9999 -9999 -9999 -9999
167 166 166 166 165 165 163 166 166 166 166 166 167 168 168 168 169 170 -9999 -9999 -9999 -9999 -9999 -9999 -9999 -9999 -9999 -9999 -9999 -9999 -9999 -9999 -9999 -9999 -9999 -9999 -9999 -9999 -9999 -9999 -9999 -9999 -9999 -9999 -9999 -9999 -9999 -9999 -9999 -9999 -9999 -9999 -9999 -9999 -9999 -9999 -9999 -9999 -9999 -9999 -9999 -9999 -9999 -9999 -9999 -9999 -9999 -9999 172 152 159 161 143 158 158 169 170 174 -9999 -9999 -9999 -9999 -9999 -9999 -9999 -9999 -9999 -9999 -9999 -9999 -9999 -9999 -9999 -9999 -9999
166 167 166 164 165 165 165 164 165 164 167 168 168 168 168 169 170 170 -9999 -9999 -9999 -9999 -9999 -9999 -9999 -9999 -9999 -9999 -9999 -9999 -9999 -9999 -9999 -9999 -9999 -9999 -9999 -9999 -9999 -9999 -9999 -9999 -9999 -9999 -9999 -9999 -9999 -9999 -9999 -9999 -9999 -9999 -9999 -9999 -9999 -9999 -9999 -9999 -9999 -9999 -9999 -9999 -9999 -9999 -9999 -9999 -9999 -9999 173 179 166 156 161 167 172 166 170 178 -9999 -9999 -9999 -9999 -9999 -9999 -9999 -9999 -9999 -9999 -9999 -9999 -9999 -9999 -9999 -9999 -9999
166 165 165 165 165 165 166 166 166 166 167 166 167 168 169 171 -9999 -9999 -9999 -9999 -9999 -9999 -9999 -9999 -9999 -9999 -9999 -9999 -9999 -9999 -9999 -9999 -9999 -9999 -9999 -9999 -9999 -9999 -9999 -9999 -9999 -9999 -9999 -9999 -9999 -9999 -9999 -9999 -9999 -9999 -9999 -9999 -9999 -9999 -9999 -9999 -9999 -9999 -9999 -9999 -9999 -9999 -9999 -9999 -9999 -9999 -9999 -9999 -9999 -9999 171 152 154 166 -9999 -9999 -9999 -9999 -9999 -9999 -9999 -9999 -9999 -9999 -9999 -9999 -9999 -9999 -9999 -9999 -9999 -9999 -9999 -9999 -9999
166 166 169 167 167 167 167 169 167 168 168 168 169 167 172 172 -9999 -9999 -9999 -9999 -9999 -9999 -9999 -9999 -9999 -9999 -9999 -9999 -9999 -9999 -9999 -9999 -9999 -9999 -9999 -9999 -9999 -9999 -9999 -9999 -9999 -9999 -9999 -9999 -9999 -9999 -9999 -9999 -9999 -9999 -9999 -9999 -9999 -9999 -9999 -9999 -9999 -9999 -9999 -9999 -9999 -9999 -9999 -9999 -9999 -9999 -9999 -9999 -9999 -9999 165 174 160 183 -9999 -9999 -9999 -9999 -9999 -9999 -9999 -9999 -9999 -9999 -9999 -9999 -9999 -9999 -9999 -9999 -9999 -9999 -9999 -9999 -9999
168 167 169 168 169 171 169 169 169 169 169 170 -9999 -9999 -9999 -9999 -9999 -9999 -9999 -9999 -9999 -9999 -9999 -9999 -9999 -9999 -9999 -9999 -9999 -9999 -9999 -9999 -9999 -9999 -9999 -9999 -9999 -9999 -9999 -9999 -9999 -9999 -9999 -9999 -9999 -9999 -9999 -9999 -9999 -9999 -9999 -9999 -9999 -9999 -9999 -9999 -9999 -9999 -9999 -9999 -9999 -9999 -9999 -9999 -9999 -9999 -9999 -9999 -9999 -9999 -9999 -9999 -9999 -9999 -9999 -9999 -9999 -9999 -9999 -9999 -9999 -9999 -9999 -9999 -9999 -9999 -9999 -9999 -9999 -9999 -9999 -9999 -9999 -9999 -9999
168 168 168 170 170 170 170 170 171 171 172 173 -9999 -9999 -9999 -9999 -9999 -9999 -9999 -9999 -9999 -9999 -9999 -9999 -9999 -9999 -9999 -9999 -9999 -9999 -9999 -9999 -9999 -9999 -9999 -9999 -9999 -9999 -9999 -9999 -9999 -9999 -9999 -9999 -9999 -9999 -9999 -9999 -9999 -9999 -9999 -9999 -9999 -9999 -9999 -9999 -9999 -9999 -9999 -9999 -9999 -9999 -9999 -9999 -9999 -9999 -9999 -9999 -9999 -9999 -9999 -9999 -9999 -9999 -9999 -9999 -9999 -9999 -9999 -9999 -9999 -9999 -9999 -9999 -9999 -9999 -9999 -9999 -9999 -9999 -9999 -9999 -9999 -9999 -9999
-9999 -9999 -9999 -9999 -9999 -9999 -9999 -9999 -9999 -9999 -9999 -9999 -9999 -9999 -9999 -9999 -9999 -9999 -9999 -9999 -9999 -9999 -9999 -9999 -9999 -9999 -9999 -9999 -9999 -9999 -9999 -9999 -9999 -9999 -9999 -9999 -9999 -9999 -9999 -9999 -9999 -9999 -9999 -9999 -9999 -9999 -9999 -9999 -9999 -9999 -9999 -9999 -9999 -9999 -9999 -9999 -9999 -9999 -9999 -9999 -9999 -9999 -9999 -9999 -9999 -9999 -9999 -9999 -9999 -9999 -9999 -9999 -9999 -9999 -9999 -9999 -9999 -9999 -9999 -9999 -9999 -9999 -9999 -9999 -9999 -9999 -9999 -9999 -9999 -9999 -9999 -9999 -9999 -9999 -9999
-9999 -9999 -9999 -9999 -9999 -9999 -9999 -9999 -9999 -9999 -9999 -9999 -9999 -9999 -9999 -9999 -9999 -9999 -9999 -9999 -9999 -9999 -9999 -9999 -9999 -9999 -9999 -9999 -9999 -9999 -9999 -9999 -9999 -9999 -9999 -9999 -9999 -9999 -9999 -9999 -9999 -9999 -9999 -9999 -9999 -9999 -9999 -9999 -9999 -9999 -9999 -9999 -9999 -9999 -9999 -9999 -9999 -9999 -9999 -9999 -9999 -9999 -9999 -9999 -9999 -9999 -9999 -9999 -9999 -9999 -9999 -9999 -9999 -9999 -9999 -9999 -9999 -9999 -9999 -9999 -9999 -9999 -9999 -9999 -9999 -9999 -9999 -9999 -9999 -9999 -9999 -9999 -9999 -9999 -9999
-9999 -9999 -9999 -9999 -9999 -9999 -9999 -9999 -9999 -9999 -9999 -9999 -9999 -9999 -9999 -9999 -9999 -9999 -9999 -9999 -9999 -9999 -9999 -9999 -9999 -9999 -9999 -9999 -9999 -9999 -9999 -9999 -9999 -9999 -9999 -9999 -9999 -9999 -9999 -9999 -9999 -9999 -9999 -9999 -9999 -9999 -9999 -9999 -9999 -9999 -9999 -9999 -9999 -9999 -9999 -9999 -9999 -9999 -9999 -9999 -9999 -9999 -9999 -9999 -9999 -9999 -9999 -9999 -9999 -9999 -9999 -9999 -9999 -9999 -9999 -9999 -9999 -9999 -9999 -9999 -9999 -9999 -9999 -9999 -9999 -9999 -9999 -9999 -9999 -9999 -9999 -9999 -9999 -9999 -9999
-9999 -9999 -9999 -9999 -9999 -9999 -9999 -9999 -9999 -9999 -9999 -9999 -9999 -9999 -9999 -9999 -9999 -9999 -9999 -9999 -9999 -9999 -9999 -9999 -9999 -9999 -9999 -9999 -9999 -9999 -9999 -9999 -9999 -9999 -9999 -9999 -9999 -9999 -9999 -9999 -9999 -9999 -9999 -9999 -9999 -9999 -9999 -9999 -9999 -9999 -9999 -9999 -9999 -9999 -9999 -9999 -9999 -9999 -9999 -9999 -9999 -9999 -9999 -9999 -9999 -9999 -9999 -9999 -9999 -9999 -9999 -9999 -9999 -9999 -9999 -9999 -9999 -9999 -9999 -9999 -9999 -9999 -9999 -9999 -9999 -9999 -9999 -9999 -9999 -9999 -9999 -9999 -9999 -9999 -9999
-9999 -9999 -9999 -9999 -9999 -9999 -9999 -9999 -9999 -9999 -9999 -9999 -9999 -9999 -9999 -9999 -9999 -9999 -9999 -9999 -9999 -9999 -9999 -9999 -9999 -9999 -9999 -9999 -9999 -9999 -9999 -9999 -9999 -9999 -9999 -9999 -9999 -9999 -9999 -9999 -9999 -9999 -9999 -9999 -9999 -9999 -9999 -9999 -9999 -9999 -9999 -9999 -9999 -9999 -9999 -9999 -9999 -9999 -9999 -9999 -9999 -9999 -9999 -9999 -9999 -9999 -9999 -9999 -9999 -9999 -9999 -9999 -9999 -9999 -9999 -9999 -9999 -9999 -9999 -9999 -9999 -9999 -9999 -9999 -9999 -9999 -9999 -9999 -9999 -9999 -9999 -9999 -9999 -9999 -9999
-9999 -9999 -9999 -9999 -9999 -9999 -9999 -9999 -9999 -9999 -9999 -9999 -9999 -9999 -9999 -9999 -9999 -9999 -9999 -9999 -9999 -9999 -9999 -9999 -9999 -9999 -9999 -9999 -9999 -9999 -9999 -9999 -9999 -9999 -9999 -9999 -9999 -9999 -9999 -9999 -9999 -9999 -9999 -9999 -9999 -9999 -9999 -9999 -9999 -9999 -9999 -9999 -9999 -9999 -9999 -9999 -9999 -9999 -9999 -9999 -9999 -9999 -9999 -9999 -9999 -9999 -9999 -9999 -9999 -9999 -9999 -9999 -9999 -9999 -9999 -9999 -9999 -9999 -9999 -9999 -9999 -9999 -9999 -9999 -9999 -9999 -9999 -9999 -9999 -9999 -9999 -9999 -9999 -9999 -9999
-9999 -9999 -9999 -9999 -9999 -9999 -9999 -9999 -9999 -9999 -9999 -9999 -9999 -9999 -9999 -9999 -9999 -9999 -9999 -9999 -9999 -9999 -9999 -9999 -9999 -9999 -9999 -9999 -9999 -9999 -9999 -9999 -9999 -9999 -9999 -9999 -9999 -9999 -9999 -9999 -9999 -9999 -9999 -9999 -9999 -9999 -9999 -9999 -9999 -9999 -9999 -9999 -9999 -9999 -9999 -9999 -9999 -9999 -9999 -9999 -9999 -9999 -9999 -9999 -9999 -9999 -9999 -9999 -9999 -9999 -9999 -9999 -9999 -9999 -9999 -9999 -9999 -9999 -9999 -9999 -9999 -9999 -9999 -9999 -9999 -9999 -9999 -9999 -9999 -9999 -9999 -9999 -9999 -9999 -9999
-9999 -9999 -9999 -9999 -9999 -9999 -9999 -9999 -9999 -9999 -9999 -9999 -9999 -9999 -9999 -9999 -9999 -9999 -9999 -9999 -9999 -9999 -9999 -9999 -9999 -9999 -9999 -9999 -9999 -9999 -9999 -9999 -9999 -9999 -9999 -9999 -9999 -9999 -9999 -9999 -9999 -9999 -9999 -9999 -9999 -9999 -9999 -9999 -9999 -9999 -9999 -9999 -9999 -9999 -9999 -9999 -9999 -9999 -9999 -9999 -9999 -9999 -9999 -9999 -9999 -9999 -9999 -9999 -9999 -9999 -9999 -9999 -9999 -9999 -9999 -9999 -9999 -9999 -9999 -9999 -9999 -9999 -9999 -9999 -9999 -9999 -9999 -9999 -9999 -9999 -9999 -9999 -9999 -9999 -9999
-9999 -9999 -9999 -9999 -9999 -9999 -9999 -9999 -9999 -9999 -9999 -9999 -9999 -9999 -9999 -9999 -9999 -9999 -9999 -9999 -9999 -9999 -9999 -9999 -9999 -9999 -9999 -9999 -9999 -9999 -9999 -9999 -9999 -9999 -9999 -9999 -9999 -9999 -9999 -9999 -9999 -9999 -9999 -9999 -9999 -9999 -9999 -9999 -9999 -9999 -9999 -9999 -9999 -9999 -9999 -9999 -9999 -9999 -9999 -9999 -9999 -9999 -9999 -9999 -9999 -9999 -9999 -9999 -9999 -9999 -9999 -9999 -9999 -9999 -9999 -9999 -9999 -9999 -9999 -9999 -9999 -9999 -9999 -9999 -9999 -9999 -9999 -9999 -9999 -9999 -9999 -9999 -9999 -9999 -9999
