sesion_6_simulaciones/modelos_distribucion_especies/ejemplo/variables/futuro_B2/2040/TMXI.asc
ncols 708
nrows 329
xllcorner -7.525000
yllcorner 35.991667
cellsize 0.008333
NODATA_value -9999
[rows 168 to 209 of 329, columns 380 to 474 of 708]
128 123 121 127 129 117 116 125 130 130 124 108 119 115 114 127 126 114 127 131 128 131 130 129 125 134 118 108 110 109 120 117 116 120 113 122 125 125 123 124 121 114 119 110 113 105 116 117 112 107 98 98 90 93 104 96 95 100 108 109 115 118 115 110 100 93 113 113 124 123 125 128 125 123 124 123 124 125 127 128 125 125 123 122 123 122 125 122 124 127 129 124 120 115 114
128 132 126 140 131 128 133 135 138 136 123 126 128 128 131 125 120 128 131 138 131 136 132 131 113 125 124 114 105 116 119 123 121 126 124 127 125 126 129 119 106 120 111 104 112 120 120 113 105 103 104 94 82 95 103 109 107 88 105 100 118 121 118 123 122 130 122 124 127 129 129 129 121 127 123 124 125 126 127 124 124 123 123 123 123 128 129 123 124 123 119 122 114 107 108
140 141 142 137 136 135 136 136 129 125 131 124 138 133 128 130 131 129 124 133 129 116 112 115 110 109 105 102 117 119 121 120 126 122 126 126 119 115 110 108 109 114 114 111 115 105 110 101 94 93 86 80 76 93 91 111 107 98 115 113 120 111 126 118 116 121 119 124 127 126 128 124 128 125 126 121 120 125 128 125 123 123 124 125 128 118 124 123 121 118 117 113 120 109 108
135 138 138 125 133 139 125 119 125 126 127 138 124 138 128 123 124 128 118 137 135 130 128 122 119 121 120 112 112 111 116 119 122 127 116 115 108 109 111 107 112 113 97 109 122 124 117 113 113 100 88 88 78 98 103 112 114 112 117 116 121 126 124 123 123 120 117 119 131 128 130 132 121 126 119 122 122 121 121 128 124 124 125 127 127 124 124 123 121 118 114 118 118 110 105
140 140 139 140 144 128 117 119 133 135 133 133 121 124 111 117 119 135 138 137 118 120 120 122 127 125 115 110 117 117 120 128 118 131 128 126 114 116 107 103 107 114 104 100 111 115 117 103 98 108 101 85 95 100 116 116 116 118 116 124 124 122 126 128 120 116 119 119 118 131 131 130 122 129 124 126 124 124 127 127 126 125 126 129 131 129 127 122 120 120 118 111 107 110 103
140 140 141 140 129 129 134 132 139 139 130 120 113 130 111 119 119 110 133 139 136 131 132 131 129 130 132 116 105 125 125 111 128 131 122 112 112 100 109 118 118 113 113 116 117 129 120 123 113 110 99 93 100 110 118 122 130 127 123 118 127 127 119 122 118 115 122 122 121 123 114 131 125 123 119 124 126 127 126 131 126 127 127 128 125 123 119 117 122 124 113 113 112 114 106
140 140 140 134 131 135 131 133 137 118 127 127 123 125 126 125 126 132 127 136 130 135 123 129 132 127 116 125 108 122 124 115 120 133 121 130 113 101 117 121 120 117 111 108 117 125 128 127 118 121 114 110 119 118 124 126 125 127 123 123 126 115 124 117 119 119 117 121 123 125 133 129 126 127 129 129 125 128 128 127 129 129 128 126 124 118 125 114 116 114 112 109 111 107 106
134 140 136 142 135 139 139 143 125 133 119 118 118 123 121 126 123 133 129 138 132 138 131 123 120 118 126 123 124 131 132 127 128 133 129 115 112 118 119 118 117 117 122 117 118 128 129 125 131 121 121 123 124 126 125 125 120 119 128 125 123 118 125 126 128 124 127 126 126 128 128 132 128 131 129 131 129 129 129 128 129 128 129 124 130 125 131 119 117 124 126 113 124 120 100
131 140 134 141 142 146 140 129 138 140 140 137 142 139 138 130 132 126 144 141 142 128 129 124 118 124 130 129 129 132 136 132 133 130 132 120 118 122 112 115 119 124 127 129 126 126 131 127 124 127 125 120 125 127 123 121 129 127 129 112 126 128 130 129 129 129 132 131 133 133 135 132 131 132 134 130 131 131 128 128 129 127 127 126 125 123 117 121 120 121 117 113 111 106 107
133 134 135 140 140 146 140 138 140 141 141 141 141 138 145 146 138 142 133 134 125 124 129 125 115 128 134 132 133 127 126 118 129 134 124 132 132 129 126 127 132 131 133 128 124 125 126 129 128 127 126 126 130 126 129 129 126 130 132 125 136 131 131 132 133 133 133 133 133 133 133 133 132 132 119 107 118 104 119 120 120 123 126 126 125 123 125 124 124 120 120 116 116 109 105
143 128 128 120 126 126 138 141 141 138 134 137 137 140 135 141 141 132 133 132 121 122 113 115 123 124 125 128 127 122 126 121 128 130 136 126 128 123 134 128 131 126 136 128 131 130 130 133 133 133 132 130 133 131 130 129 131 128 126 130 132 132 132 132 133 133 133 133 133 134 133 133 133 132 137 117 120 127 126 119 115 126 127 125 128 126 124 125 121 123 122 117 114 114 115
134 131 133 131 135 126 141 141 131 128 129 128 127 131 126 132 131 138 137 128 117 125 120 115 118 114 118 121 123 128 128 130 131 134 128 131 132 130 128 135 136 133 136 135 135 135 134 132 132 131 128 131 132 128 129 128 126 127 127 127 130 131 131 133 133 133 134 134 134 133 133 133 133 132 132 133 132 123 129 130 111 127 129 128 128 127 127 124 127 124 123 111 119 115 117
124 128 123 131 137 140 135 127 130 126 117 111 129 128 132 133 131 135 140 137 129 128 120 123 116 123 120 121 126 117 128 125 134 131 135 135 134 134 136 132 138 135 135 133 130 135 134 132 129 130 129 127 130 131 129 130 129 131 128 128 131 132 133 133 133 134 134 134 133 133 133 133 133 133 133 132 133 133 135 130 130 130 129 129 128 128 127 126 127 126 124 120 114 121 115
131 134 134 130 128 128 136 131 126 117 120 128 130 131 130 132 132 132 140 137 135 129 127 120 122 122 125 118 122 126 126 132 129 136 136 136 137 138 138 137 133 137 137 140 135 137 133 138 137 131 130 130 130 131 131 131 129 128 132 132 132 133 133 133 134 134 134 134 134 133 133 133 133 133 132 132 132 132 131 132 131 130 130 129 128 128 128 126 126 127 123 124 116 124 110
121 120 120 129 132 132 125 123 123 127 127 128 131 127 132 133 133 135 130 139 141 123 120 125 126 127 123 125 124 116 124 129 133 135 137 137 137 137 138 138 137 137 137 137 140 136 135 130 129 134 130 132 135 132 133 130 132 129 132 132 133 132 134 134 134 134 134 134 134 133 133 133 133 133 132 132 132 132 131 131 131 131 130 129 129 129 127 127 126 125 125 123 114 115 112
114 129 136 136 135 128 127 116 132 128 126 127 127 132 131 132 133 133 134 128 137 134 134 128 131 122 128 120 121 132 125 133 135 137 137 137 138 138 138 137 136 137 137 134 134 134 134 135 139 136 137 132 136 131 132 137 137 135 135 136 136 135 135 135 134 134 133 134 133 133 133 133 133 132 132 132 132 132 131 131 131 131 131 130 129 129 128 128 127 126 125 123 117 119 125
122 129 130 131 124 121 122 128 126 124 125 127 131 131 131 133 130 132 137 142 138 140 137 138 123 114 113 123 125 121 134 129 132 135 137 135 138 138 138 136 134 134 137 135 136 134 135 134 135 133 135 133 129 135 135 135 131 133 132 133 132 134 131 131 133 133 133 133 133 132 133 133 133 132 132 132 132 132 131 131 131 131 130 130 129 129 129 128 127 126 126 121 111 110 115
121 118 131 136 135 126 122 126 125 130 126 129 134 135 141 124 133 132 142 140 135 135 132 137 131 129 127 101 124 130 129 142 137 139 138 138 138 137 136 134 136 131 138 136 134 134 134 135 131 135 133 134 132 132 129 134 133 132 134 133 131 133 132 132 132 132 131 132 132 132 132 132 132 132 131 131 131 131 131 131 131 131 130 130 130 129 129 128 128 127 127 124 121 122 113
122 126 129 128 127 125 132 129 128 127 132 128 129 129 128 126 131 143 132 139 139 140 137 128 136 146 142 143 135 138 138 137 138 136 136 136 131 133 135 129 127 133 133 137 137 133 132 132 131 133 133 132 133 130 134 128 130 131 132 131 131 130 131 132 133 129 130 130 131 130 131 131 131 131 131 131 131 130 130 130 130 130 130 129 130 129 129 128 128 128 126 130 116 106 103
117 124 123 124 126 127 125 130 125 126 129 130 130 131 129 132 131 137 134 135 137 135 132 139 139 139 139 138 138 142 139 138 138 139 134 137 136 127 129 132 136 129 127 137 141 128 137 130 131 132 131 131 132 128 131 128 131 128 131 131 129 129 129 132 131 129 129 129 129 128 127 131 130 129 130 130 130 129 130 130 130 130 129 129 130 130 129 129 129 128 128 127 128 118 120
113 116 124 125 127 126 124 127 127 126 126 131 120 136 124 133 132 137 135 134 132 128 121 123 130 132 130 137 138 138 137 135 134 137 136 133 130 133 135 129 127 131 127 128 132 136 133 132 125 126 126 128 127 125 133 125 129 131 128 129 132 126 127 131 126 127 128 127 126 126 127 130 127 126 126 128 128 128 128 128 130 130 129 129 129 129 129 129 129 128 127 127 126 122 127
127 127 123 126 124 126 127 125 125 130 124 129 120 124 127 129 130 135 140 129 114 106 105 109 109 109 127 134 138 134 129 131 129 135 135 137 134 126 130 128 126 128 126 127 126 124 132 132 126 124 125 128 124 125 130 127 127 129 127 128 131 131 129 127 127 124 124 124 122 122 128 127 125 126 125 128 127 128 127 130 126 128 128 128 128 128 128 128 128 127 127 127 126 125 123
126 123 126 125 125 126 121 124 131 126 122 125 123 131 132 133 134 137 129 113 112 107 100 107 118 118 129 133 135 134 134 133 126 130 133 133 127 127 127 125 128 127 126 125 127 130 129 129 129 132 123 125 124 127 126 127 123 129 129 129 128 128 129 127 125 129 125 124 127 126 122 123 123 122 128 122 124 126 124 128 125 124 128 127 127 127 127 127 127 127 127 126 126 126 125
118 120 126 124 125 123 125 121 126 124 121 123 126 128 128 128 134 128 128 116 113 97 100 109 109 129 128 130 133 128 134 126 129 130 133 134 131 125 126 125 125 124 125 126 126 130 125 126 126 131 128 124 123 122 126 126 126 127 125 129 128 127 127 128 129 127 126 132 124 123 122 122 123 123 123 129 126 127 128 127 126 122 126 127 127 127 126 126 126 126 126 126 126 125 124
128 128 126 125 125 125 125 125 125 116 124 121 126 129 132 129 128 129 124 115 109 100 88 87 108 98 120 124 120 109 114 119 129 131 129 136 135 124 119 121 122 121 123 121 123 128 123 124 122 118 133 123 121 122 124 123 122 124 123 126 125 128 127 128 125 127 127 126 126 119 124 124 121 120 123 127 123 122 125 126 124 126 127 127 128 127 125 125 125 125 125 126 125 125 122
127 128 126 126 125 120 124 124 119 121 118 123 121 135 128 130 130 125 126 114 101 80 94 87 92 102 117 102 94 97 98 126 123 127 126 125 122 129 123 121 118 120 119 120 122 123 123 120 119 130 123 133 132 121 123 124 122 120 123 122 123 124 126 126 126 126 128 126 125 124 121 117 120 119 123 129 120 121 123 119 122 122 123 125 127 126 126 126 123 126 125 125 124 121 118
126 126 124 130 124 124 122 126 118 118 117 119 124 121 128 130 128 124 113 106 94 87 84 87 93 97 105 102 92 91 99 114 115 119 115 130 123 134 126 117 115 117 115 119 123 123 127 118 128 119 127 131 125 122 121 121 124 118 119 122 119 125 120 125 127 126 126 126 127 124 123 123 121 121 119 123 134 118 119 118 118 123 125 127 126 126 126 125 125 122 122 122 119 120 115
122 127 125 124 124 124 122 125 121 112 117 118 120 122 130 125 117 116 102 102 102 101 87 77 90 94 99 92 91 103 91 103 98 104 117 126 130 136 131 125 115 116 118 121 126 118 119 120 118 121 125 123 122 129 119 121 120 119 118 120 117 120 122 125 124 125 124 124 125 125 125 125 125 126 127 128 127 128 126 123 117 123 126 126 125 126 125 124 125 123 121 121 119 117 113
124 126 125 125 126 120 121 121 119 119 124 120 123 124 128 115 110 97 95 98 95 96 93 84 86 85 88 97 98 96 109 115 113 114 111 113 114 125 131 124 124 112 121 119 126 119 119 119 118 120 126 123 120 113 113 121 121 121 117 117 116 110 116 117 121 123 123 124 123 123 123 123 124 124 125 125 125 126 125 124 126 123 117 124 124 123 121 124 122 124 117 119 123 122 111
126 120 129 125 125 126 124 123 119 122 117 119 117 120 119 110 103 98 107 97 88 79 84 86 85 91 88 96 90 90 100 92 95 93 112 110 119 124 128 124 114 115 119 121 126 118 111 114 114 118 124 132 118 118 120 119 120 115 119 113 119 123 122 120 121 121 123 123 122 123 123 122 122 123 124 124 120 125 124 122 121 123 123 124 121 124 121 121 121 122 122 115 113 116 114
123 126 126 126 126 125 126 124 126 121 115 100 89 115 125 111 98 95 97 99 94 92 75 88 84 84 92 93 92 96 95 91 97 98 97 107 124 124 118 111 111 118 123 126 126 125 114 114 114 117 119 128 123 115 114 115 115 116 115 117 118 118 118 117 120 119 121 122 122 122 122 121 122 121 122 122 121 122 125 124 123 123 122 121 122 122 120 120 117 120 117 121 118 116 113
126 125 124 125 126 125 123 123 120 113 92 97 117 121 121 110 86 87 95 98 92 93 88 84 96 95 98 95 94 96 86 92 94 107 121 125 128 120 111 111 116 113 123 120 125 123 120 112 111 114 119 124 127 119 118 119 114 115 111 114 112 118 116 120 119 120 120 121 120 120 120 121 121 120 122 118 123 120 122 124 124 124 123 121 120 117 120 119 118 118 114 113 115 115 115
126 125 125 126 123 118 120 120 113 100 92 95 97 116 120 117 94 88 88 90 95 94 93 93 95 90 101 99 102 103 113 109 101 107 110 101 109 125 117 110 104 110 116 120 120 125 122 110 112 110 112 125 127 128 125 122 113 113 115 114 115 116 115 116 118 118 118 118 116 118 116 117 117 117 115 126 122 121 123 123 121 122 118 120 121 120 117 119 117 116 114 113 112 111 108
122 123 124 126 126 125 125 120 117 115 106 110 123 115 108 100 94 77 71 77 88 83 90 91 94 85 94 95 100 101 100 102 114 111 107 107 115 108 105 107 109 109 109 112 120 126 120 122 110 110 111 114 121 124 122 111 116 112 113 113 111 111 115 117 115 115 115 114 114 118 116 116 114 117 113 116 119 121 118 122 117 119 120 119 120 119 117 111 104 100 101 100 102 102 103
121 116 115 126 124 126 124 123 123 122 120 120 117 112 106 97 92 87 87 79 90 89 91 91 85 95 99 98 94 98 109 114 111 113 117 119 117 119 110 110 111 110 108 116 121 121 123 119 116 108 113 120 126 129 119 108 114 107 112 114 105 111 114 116 114 115 115 115 113 113 114 112 112 115 115 116 114 120 119 114 116 117 119 119 121 122 119 107 101 108 95 93 85 100 90
128 128 130 128 128 120 120 124 122 124 113 110 104 113 109 101 105 92 88 86 92 95 95 97 92 96 83 97 95 97 93 110 113 118 116 116 116 112 116 114 111 114 116 116 118 117 120 119 115 111 109 120 122 118 118 113 105 112 112 113 111 111 112 113 110 107 111 105 112 101 112 109 102 103 103 107 110 115 106 109 111 112 114 118 119 121 121 124 108 100 106 95 92 104 101
127 130 131 128 131 129 127 125 118 101 102 106 111 91 100 106 101 100 90 74 91 89 93 92 102 102 93 98 100 99 101 110 121 117 116 107 119 115 113 116 116 119 120 119 125 123 118 120 113 111 111 111 121 118 116 109 114 104 105 108 109 109 108 109 108 107 106 108 105 103 99 110 107 108 113 110 114 104 109 110 112 116 117 118 123 123 123 120 125 128 116 114 118 117 110
129 128 126 127 119 118 119 119 102 101 97 97 107 112 99 110 102 98 102 100 94 96 98 98 104 105 101 100 101 101 111 113 113 113 107 116 116 117 117 116 114 113 117 123 118 121 114 106 110 109 108 113 118 122 118 114 114 117 109 108 106 108 106 105 105 94 91 96 98 97 99 105 106 106 107 111 108 110 111 111 110 110 115 118 121 121 124 125 127 127 129 133 121 118 119
126 121 120 114 112 103 98 102 115 109 113 111 122 122 122 114 109 107 106 102 105 101 100 100 102 100 106 99 102 110 109 115 112 113 113 116 116 116 115 116 114 117 111 111 121 120 118 112 111 107 107 112 113 115 120 121 116 112 110 106 105 106 105 102 108 105 105 101 99 100 104 103 104 105 107 110 110 111 111 112 112 113 111 116 121 120 120 123 126 126 126 126 126 124 122
119 121 115 114 105 89 93 105 106 121 119 119 119 118 116 116 108 109 110 108 106 111 112 109 102 110 112 102 104 114 115 114 113 111 112 110 106 101 115 113 112 113 113 111 114 119 119 117 111 101 104 104 109 117 120 123 124 120 114 109 107 106 98 97 96 93 102 103 102 103 98 103 100 103 98 108 109 109 111 112 111 109 113 114 123 119 117 119 125 126 126 125 124 124 126
124 117 112 111 103 93 98 105 118 120 121 118 119 118 118 118 109 99 97 103 105 118 114 122 119 119 117 109 110 111 114 114 114 110 112 113 117 112 102 98 111 110 109 114 114 112 114 106 106 106 106 107 104 110 115 122 122 120 121 121 115 110 101 97 94 91 92 99 98 98 97 98 100 104 106 106 105 106 101 102 108 111 117 119 120 128 126 124 119 112 126 125 124 124 124
124 117 113 108 100 90 77 105 115 118 120 102 101 100 108 115 113 101 92 93 114 101 116 118 119 120 119 124 119 121 116 117 111 109 108 111 113 113 111 107 108 108 113 104 117 117 115 117 112 107 107 107 109 109 114 117 122 122 119 108 111 113 111 103 100 100 105 107 101 96 97 94 96 98 99 102 104 103 105 107 107 114 115 117 115 120 122 124 124 125 119 126 124 124 123
