sesion_6_simulaciones/modelos_distribucion_especies/ejemplo/variables/futuro_B2/2040/TMXV.asc
ncols 708
nrows 329
xllcorner -7.525000
yllcorner 35.991667
cellsize 0.008333
NODATA_value -9999
[rows 82 to 122 of 329, columns 282 to 375 of 708]
355 353 351 352 351 355 352 352 344 350 351 352 351 352 351 353 352 353 349 352 352 352 350 343 343 351 350 345 342 348 341 351 356 358 356 355 358 351 351 351 350 352 354 355 355 355 351 356 354 357 357 358 354 353 349 350 354 352 356 364 367 359 366 357 353 358 356 361 362 362 364 364 364 362 362 362 359 363 365 364 363 366 363 362 366 366 367 367 363 365 366 366 364 364
351 351 349 348 348 349 345 349 348 352 352 352 351 352 353 354 354 355 353 353 353 352 351 354 354 344 338 350 347 348 353 351 351 352 347 350 357 353 350 347 351 351 353 353 356 355 354 351 354 359 359 358 359 359 354 357 349 350 361 358 362 357 355 354 361 361 360 359 361 361 363 364 364 366 364 363 364 366 365 366 365 366 367 368 368 366 366 367 366 369 364 366 367 366
351 351 351 348 346 344 348 351 351 352 351 352 350 350 352 355 356 354 355 354 354 354 354 354 355 353 354 353 351 352 349 350 350 352 353 354 359 357 354 353 352 353 353 353 355 356 354 354 353 353 360 360 359 359 358 359 356 363 360 358 367 355 356 356 351 357 354 363 363 356 365 362 363 365 366 365 366 367 366 365 367 367 367 367 367 368 367 368 369 366 366 366 368 367
346 347 352 349 347 347 348 349 348 348 349 347 353 354 353 351 353 354 355 352 349 355 355 356 357 357 356 355 354 348 349 349 354 352 351 350 354 352 354 353 353 353 353 354 354 354 356 357 356 357 357 361 356 359 358 363 361 361 365 366 362 357 355 357 358 358 358 359 356 354 362 364 364 366 366 366 366 368 367 367 368 367 368 369 367 368 368 367 367 369 367 368 369 369
343 348 347 349 349 352 354 350 351 352 352 351 352 353 355 352 351 356 354 356 355 355 354 355 357 357 354 355 349 347 349 348 345 352 351 351 357 354 356 352 350 349 356 356 356 356 356 357 356 355 357 361 352 358 357 361 356 367 361 364 366 367 366 358 352 356 361 362 359 361 361 363 358 365 364 367 366 366 367 367 367 368 368 369 368 369 369 369 369 368 367 367 367 367
349 350 351 352 352 348 348 350 352 353 352 350 353 351 356 354 351 352 357 356 355 354 356 358 356 359 357 355 346 349 348 354 352 349 353 349 351 357 356 354 348 351 348 357 356 357 357 356 356 351 360 361 362 355 364 366 365 367 366 362 365 366 364 367 367 363 367 362 357 360 361 358 360 357 363 361 363 366 367 368 368 367 368 368 369 369 369 369 369 369 367 366 367 367
353 353 354 353 351 349 353 351 352 354 352 352 353 352 350 353 351 352 353 353 356 356 355 351 358 355 353 353 359 353 353 351 353 347 353 353 357 356 351 354 348 349 350 354 353 354 355 356 356 355 354 355 353 359 363 364 362 365 367 367 368 366 364 364 368 368 369 368 368 367 359 362 360 363 360 359 362 367 365 368 367 367 370 369 369 370 369 370 370 369 366 367 366 366
353 355 355 354 352 345 352 354 354 353 353 351 349 348 349 353 356 351 350 355 347 354 355 354 353 352 354 356 358 357 355 353 354 353 349 346 357 355 361 360 356 355 358 350 348 351 355 353 354 355 356 356 358 358 361 360 362 364 362 366 365 367 368 368 369 365 367 369 366 367 367 362 362 364 361 362 360 363 360 364 363 368 368 368 369 369 370 370 369 369 368 366 365 365
349 351 349 358 359 350 350 347 354 346 353 349 353 358 356 352 354 352 357 349 355 357 360 351 357 352 357 351 354 346 360 348 350 349 350 355 357 355 356 355 355 357 353 347 348 348 347 349 354 357 356 360 360 356 362 357 360 362 358 352 355 365 368 369 366 362 368 368 365 366 365 366 368 366 366 367 363 359 366 365 368 366 367 368 368 369 369 369 369 369 369 367 366 364
354 354 354 354 353 353 354 356 355 354 353 352 349 353 353 354 349 347 354 353 359 352 359 359 349 357 355 357 352 349 356 344 351 354 355 359 356 357 354 356 355 349 354 352 351 348 354 357 359 355 359 360 359 360 360 363 358 358 358 357 358 359 362 363 363 359 368 367 368 368 366 368 367 367 368 368 368 366 368 368 367 367 368 369 369 368 368 368 368 369 367 368 367 366
355 356 355 354 353 354 355 352 356 350 354 352 354 350 352 349 351 352 357 346 352 360 355 355 355 348 360 363 364 356 350 354 354 356 357 360 357 359 357 357 355 351 353 353 346 355 356 358 359 360 354 355 361 357 358 357 357 356 359 360 360 362 363 362 364 366 368 366 367 368 368 367 368 368 368 369 369 369 369 369 369 369 369 369 369 369 368 368 368 368 368 367 367 366
354 352 350 355 354 355 354 351 353 353 353 353 353 353 348 349 359 359 351 355 356 349 354 357 354 356 357 361 350 355 358 353 350 355 360 362 360 359 356 354 356 356 353 354 354 358 354 355 359 353 359 360 354 359 358 359 358 359 363 365 365 366 364 363 367 365 367 367 369 368 370 369 369 369 369 369 369 369 369 369 369 369 369 369 369 369 369 368 367 367 367 368 367 367
354 355 350 350 355 354 354 351 351 349 351 355 354 353 353 351 342 362 349 355 356 355 355 365 357 359 338 349 354 349 350 347 354 355 360 360 359 356 355 356 356 353 347 352 356 359 356 364 361 359 364 363 363 360 356 359 364 364 368 368 368 368 368 368 368 368 368 368 368 368 367 369 369 370 370 369 368 368 367 367 368 369 369 369 369 369 369 368 368 367 367 368 366 366
353 356 356 353 343 349 354 350 353 349 351 348 352 352 353 355 358 357 357 355 361 355 349 351 351 350 353 348 353 355 357 358 358 359 358 359 358 354 354 356 352 354 353 353 358 362 363 362 364 363 365 365 367 367 367 368 368 368 368 369 369 369 369 369 369 369 368 369 369 369 368 369 369 369 368 368 367 367 367 367 368 368 369 369 369 369 368 367 367 368 367 367 363 364
354 346 357 354 354 352 351 354 355 355 352 354 354 354 350 353 355 359 358 348 347 351 356 358 355 353 352 351 351 353 353 356 359 360 359 358 356 355 355 353 352 354 354 359 362 363 362 363 360 365 366 367 367 367 367 368 368 368 369 369 369 369 369 369 369 369 369 369 369 369 369 368 368 367 368 367 367 366 367 368 368 368 368 368 368 368 368 368 367 366 363 365 363 364
355 359 356 351 354 357 355 357 354 354 354 357 357 356 357 355 360 355 355 355 354 357 354 357 356 357 357 358 355 358 358 356 358 359 358 358 355 356 355 354 354 352 353 359 363 364 365 365 366 366 366 366 367 368 367 368 368 369 369 368 367 367 369 369 369 369 369 369 369 369 369 367 368 367 368 367 367 367 367 368 368 368 368 367 367 368 368 366 368 366 365 364 365 364
358 356 358 359 358 357 357 357 356 358 359 358 356 354 358 355 356 356 357 357 356 353 353 355 353 355 357 357 358 359 358 359 358 358 359 357 355 355 354 355 357 360 357 364 365 366 366 367 365 366 366 367 368 369 368 368 369 369 369 368 367 367 367 368 368 368 368 369 369 368 366 366 368 368 366 367 366 366 367 367 367 367 367 367 366 367 366 365 367 367 365 364 363 364
357 357 357 357 360 356 358 359 358 357 357 358 357 354 357 355 356 361 346 357 358 356 354 356 358 357 360 360 360 361 361 358 358 355 355 356 355 354 359 363 363 365 367 367 367 367 367 367 368 368 368 368 368 368 369 369 369 369 369 368 368 367 366 365 366 368 367 367 367 367 364 366 367 368 367 365 366 365 366 365 367 366 367 367 366 365 364 365 365 365 363 364 364 362
361 359 358 361 360 360 359 357 359 359 359 358 354 358 359 351 358 362 357 359 349 334 359 359 360 361 360 359 360 358 359 358 356 356 354 355 353 355 363 366 366 367 367 367 368 368 368 368 368 368 368 368 369 368 369 369 369 369 369 368 368 367 367 366 364 366 368 366 367 367 367 366 365 367 367 365 366 366 365 365 366 366 365 364 364 363 362 363 364 364 362 364 363 364
362 360 362 363 360 359 358 358 358 359 360 361 360 360 358 363 363 357 360 357 356 353 360 360 358 359 358 358 361 360 360 361 360 361 360 360 362 365 366 367 367 367 368 368 368 368 368 368 369 369 369 369 369 369 369 369 369 369 368 368 366 367 367 366 365 365 365 364 366 365 365 367 365 363 367 367 367 366 366 366 367 366 365 366 365 363 365 365 363 363 363 363 363 361
363 363 360 360 360 360 360 362 359 361 361 363 362 361 362 359 363 355 361 362 362 358 360 360 360 360 360 357 358 362 361 362 364 366 366 367 367 367 367 367 368 368 368 368 368 368 368 369 369 369 369 369 368 369 369 369 369 368 368 367 364 365 366 367 367 365 363 364 365 365 364 366 367 366 365 364 365 367 367 367 367 366 366 366 366 366 365 364 364 362 363 362 360 362
360 363 362 363 362 358 357 363 364 362 361 362 360 361 362 362 363 362 363 366 359 362 361 361 360 359 356 352 364 364 367 367 367 367 367 367 367 367 368 368 368 368 368 368 368 368 369 369 369 369 369 369 367 367 368 368 368 367 366 363 364 364 364 363 366 366 364 363 363 363 365 364 364 366 366 365 365 364 366 366 366 366 366 366 365 364 364 363 364 363 362 362 362 362
362 362 362 362 361 359 362 365 363 362 362 361 358 359 364 367 363 363 366 364 358 362 360 362 361 361 363 363 367 367 367 368 368 368 368 368 368 368 368 368 368 368 368 368 368 369 369 368 368 367 366 367 367 366 366 367 367 367 365 364 365 364 365 364 363 366 365 365 366 365 365 364 364 362 365 365 364 365 364 365 365 364 365 365 366 365 364 362 362 362 363 364 361 362
362 361 362 362 363 362 363 365 364 362 362 362 357 363 366 365 363 366 364 363 362 363 362 364 364 362 367 367 367 367 367 367 368 368 368 368 368 368 368 368 369 369 369 368 369 368 368 367 367 367 365 366 365 366 366 366 363 366 367 367 367 365 363 364 362 362 364 365 364 365 366 365 364 365 363 363 364 363 363 364 365 364 364 365 365 365 365 362 364 365 362 362 361 362
363 363 363 363 363 363 360 365 366 362 362 363 352 361 366 364 365 362 363 363 363 364 364 365 365 366 367 367 367 367 367 367 367 368 368 369 369 369 369 369 369 369 368 368 368 368 368 367 365 366 367 366 366 363 364 364 364 364 365 365 364 363 363 362 361 363 364 363 365 364 364 366 365 365 363 364 363 363 363 363 361 363 363 362 364 364 365 365 365 365 364 364 364 362
362 362 364 364 364 364 364 364 364 364 361 361 363 360 366 366 364 365 364 364 364 366 366 366 367 367 367 368 368 368 368 368 368 368 369 369 368 369 369 369 368 368 366 366 365 364 365 364 366 364 364 364 365 366 364 364 363 363 363 364 363 365 363 362 363 362 364 366 363 362 362 365 363 366 365 365 365 364 365 365 364 362 362 362 360 364 364 365 363 364 363 363 362 363
359 361 360 358 362 364 365 365 365 366 367 365 366 363 363 364 364 365 365 366 366 367 367 367 368 368 368 368 368 368 368 368 368 368 368 368 368 368 368 368 368 367 367 366 367 366 367 366 363 363 363 364 364 365 364 364 363 363 363 362 362 361 361 363 361 359 364 365 363 362 363 363 363 363 363 363 363 363 363 363 363 363 363 362 363 362 363 363 363 363 362 362 362 362
363 363 363 363 363 362 363 366 366 366 367 366 367 365 364 365 365 365 365 367 368 368 368 368 368 368 368 367 367 368 368 368 367 367 367 367 367 367 368 368 368 368 368 368 368 367 366 366 366 365 364 363 364 363 363 363 362 362 362 362 362 361 361 362 363 361 363 364 364 365 364 364 363 363 364 363 364 363 363 363 363 363 361 362 363 362 362 362 361 362 362 362 361 362
365 364 365 365 365 366 365 365 366 364 367 368 368 367 367 366 365 364 366 368 368 368 368 368 368 368 367 366 366 366 365 364 363 365 365 364 366 367 366 366 368 367 368 367 368 368 367 367 367 365 365 364 366 365 363 364 363 361 362 362 363 363 360 361 361 361 361 363 363 362 364 364 362 363 363 364 363 363 363 363 363 363 364 363 364 363 363 363 362 361 362 361 362 361
366 366 366 366 366 367 367 367 367 368 368 368 368 368 368 367 366 367 368 368 368 368 368 368 368 367 366 364 366 365 365 366 365 364 364 363 362 365 365 365 366 366 367 367 367 366 367 368 367 367 366 366 367 366 366 365 365 364 364 365 361 362 359 356 361 360 362 362 361 362 360 363 363 363 362 363 362 362 363 363 363 363 364 364 364 363 363 362 362 362 362 362 361 362
366 367 367 367 367 367 367 367 368 368 368 368 367 368 368 368 368 368 368 368 367 367 367 367 367 366 366 366 365 365 364 363 364 364 363 363 363 363 365 365 364 362 366 367 366 365 367 368 368 367 367 367 367 367 366 366 366 366 365 365 361 363 363 362 360 361 363 360 360 361 360 362 364 362 364 362 362 363 362 363 363 363 363 364 364 364 362 362 363 361 360 362 362 361
367 368 368 368 368 367 367 367 367 368 367 367 367 367 367 367 367 367 367 367 367 367 366 366 365 366 365 365 365 366 365 366 365 363 364 364 364 363 362 360 362 365 366 366 365 366 365 366 364 365 367 367 365 365 367 367 367 367 364 365 364 364 364 363 363 364 362 361 360 361 360 359 363 364 363 362 360 362 362 362 363 363 363 365 362 362 361 362 362 360 361 361 360 359
368 368 368 368 368 368 367 367 367 367 366 367 367 367 367 367 367 366 366 366 367 367 367 366 365 365 364 364 365 365 365 363 364 363 362 363 363 362 362 362 362 365 366 363 362 366 366 365 365 367 367 366 365 366 366 366 366 367 367 366 366 365 365 365 361 360 361 362 361 363 363 363 363 364 362 361 362 364 361 364 364 364 365 364 363 364 363 363 362 363 360 359 358 357
367 368 368 367 367 368 368 365 366 365 365 366 366 366 366 366 367 367 366 366 365 365 366 366 366 366 364 364 364 363 364 364 364 364 364 363 362 362 362 361 360 362 362 364 361 364 365 364 365 364 367 365 365 366 365 366 366 364 367 366 366 365 364 364 364 360 361 360 361 360 363 364 363 362 361 362 363 362 362 362 365 363 365 363 363 363 363 361 363 364 362 357 357 357
367 367 367 367 366 366 367 366 366 366 366 365 365 366 366 366 366 367 367 365 365 365 365 365 365 366 365 365 363 365 364 362 363 362 362 363 362 362 362 361 361 361 359 361 360 362 362 361 364 365 365 364 365 363 363 363 363 364 367 367 366 365 365 364 362 362 363 363 363 364 363 362 362 361 363 364 365 364 363 365 366 365 365 362 364 364 361 362 364 363 361 359 356 356
367 366 366 366 366 366 366 366 365 366 366 364 365 365 365 365 365 365 366 367 365 365 365 364 363 365 365 363 364 364 363 364 363 363 363 362 362 361 361 362 362 361 360 360 360 360 361 363 363 365 364 364 363 363 362 363 362 359 364 363 366 366 365 365 364 364 363 364 364 364 364 363 361 362 363 364 365 365 363 365 365 365 364 364 364 362 360 361 362 360 360 358 357 359
366 367 366 366 365 365 365 365 365 365 365 365 365 365 365 365 365 365 365 366 366 366 364 364 365 364 364 365 365 364 363 363 362 362 362 361 361 361 361 361 361 361 360 361 361 360 361 359 360 361 362 363 357 360 361 362 361 361 362 363 365 366 365 364 361 362 364 362 363 364 364 365 365 365 365 365 364 363 364 365 365 365 363 365 358 363 364 364 363 361 360 360 359 355
367 365 365 365 365 365 365 365 365 365 365 365 364 365 364 365 365 365 365 365 366 366 365 365 364 363 364 364 364 364 363 363 361 363 362 362 362 363 362 362 362 362 361 361 361 361 361 361 361 362 362 362 361 361 359 359 362 363 364 365 366 366 365 365 364 364 364 364 365 365 365 365 365 364 365 365 365 365 365 363 363 360 363 361 364 363 362 361 362 364 363 362 360 361
366 366 365 365 365 365 365 364 364 364 365 364 364 364 364 364 364 364 364 364 365 365 366 364 364 364 362 364 364 363 363 364 364 364 363 363 363 363 362 362 363 363 362 361 361 361 362 361 360 361 361 361 360 361 360 363 363 364 362 363 365 365 365 366 365 365 366 365 365 365 365 365 363 360 362 364 364 365 364 363 364 361 359 360 362 361 363 361 361 363 362 362 363 362
365 365 366 365 365 365 364 364 364 364 364 364 364 364 364 364 364 364 364 364 363 365 365 365 364 364 364 364 363 363 362 362 361 361 361 362 362 360 360 360 360 359 361 358 360 361 360 359 360 360 361 361 361 362 363 364 363 363 364 364 364 365 363 364 364 365 363 362 364 364 359 364 364 361 362 361 362 364 364 362 362 363 360 360 360 362 358 358 361 361 360 362 361 356
365 365 365 365 365 365 365 364 364 364 364 364 364 364 364 364 364 364 363 364 363 364 364 365 365 364 364 364 363 363 362 362 362 362 362 361 361 361 361 360 360 360 359 358 359 360 359 360 360 360 359 358 363 363 363 363 364 364 365 364 365 365 363 364 365 364 364 365 365 365 364 362 361 361 360 363 363 363 364 364 364 361 361 360 360 358 357 361 358 360 358 361 357 354
