sesion_6_simulaciones/modelos_distribucion_especies/ejemplo/variables/futuro_B2/2040/TMXV.asc
ncols 708
nrows 329
xllcorner -7.525000
yllcorner 35.991667
cellsize 0.008333
NODATA_value -9999
[rows 41 to 81 of 329, columns 188 to 281 of 708]
-9999 -9999 -9999 -9999 -9999 -9999 -9999 -9999 -9999 -9999 -9999 -9999 -9999 -9999 -9999 -9999 -9999 -9999 -9999 -9999 -9999 -9999 -9999 -9999 -9999 -9999 -9999 -9999 -9999 -9999 -9999 -9999 -9999 -9999 -9999 -9999 -9999 -9999 -9999 -9999 -9999 -9999 -9999 -9999 -9999 -9999 344 344 342 338 342 343 344 344 344 344 345 345 345 346 346 346 346 346 346 347 347 348 348 348 348 348 349 349 349 346 349 351 351 352 352 352 352 352 351 352 347 348 351 351 352 353 352 352
-9999 -9999 -9999 -9999 -9999 -9999 -9999 -9999 -9999 -9999 -9999 -9999 -9999 -9999 -9999 -9999 -9999 -9999 -9999 -9999 -9999 -9999 -9999 -9999 -9999 -9999 -9999 -9999 -9999 -9999 -9999 -9999 -9999 -9999 -9999 -9999 -9999 -9999 -9999 -9999 -9999 -9999 -9999 -9999 -9999 -9999 -9999 -9999 344 343 343 341 342 343 343 343 344 345 345 345 345 346 346 346 346 347 347 348 348 349 349 350 350 350 349 348 348 347 351 351 351 351 351 351 351 350 351 350 347 350 351 351 352 352
-9999 -9999 -9999 -9999 -9999 -9999 -9999 -9999 -9999 -9999 -9999 -9999 -9999 -9999 -9999 -9999 -9999 -9999 -9999 -9999 -9999 -9999 -9999 -9999 -9999 -9999 -9999 -9999 -9999 -9999 -9999 -9999 -9999 -9999 -9999 -9999 -9999 -9999 -9999 -9999 -9999 -9999 -9999 -9999 -9999 -9999 -9999 -9999 344 343 342 343 343 341 343 343 343 344 344 344 344 345 344 346 346 347 347 348 348 349 349 350 350 350 350 350 348 350 347 348 351 350 351 351 351 350 349 348 348 350 349 350 350 351
-9999 -9999 -9999 -9999 -9999 -9999 -9999 -9999 -9999 -9999 -9999 -9999 -9999 -9999 -9999 -9999 -9999 -9999 -9999 -9999 -9999 -9999 -9999 -9999 -9999 -9999 -9999 -9999 -9999 -9999 -9999 -9999 -9999 -9999 -9999 -9999 -9999 -9999 -9999 -9999 -9999 -9999 -9999 -9999 -9999 -9999 -9999 342 342 343 342 341 342 343 343 342 342 343 344 344 344 344 345 345 345 346 347 347 348 348 349 349 350 350 351 351 350 351 351 350 348 349 350 351 350 350 350 350 346 349 348 348 349 350
-9999 -9999 -9999 -9999 -9999 -9999 -9999 -9999 -9999 -9999 -9999 -9999 -9999 -9999 -9999 -9999 -9999 -9999 -9999 -9999 -9999 -9999 -9999 -9999 -9999 -9999 -9999 -9999 -9999 -9999 -9999 -9999 -9999 -9999 -9999 -9999 -9999 -9999 -9999 -9999 -9999 -9999 -9999 -9999 -9999 -9999 -9999 343 343 342 342 341 341 342 342 342 342 342 342 343 343 343 344 344 345 345 346 347 347 348 349 349 349 350 351 351 351 352 351 351 351 350 350 346 347 346 348 345 346 350 351 348 349 350
-9999 -9999 -9999 -9999 -9999 -9999 -9999 -9999 -9999 -9999 -9999 -9999 -9999 -9999 -9999 -9999 -9999 -9999 -9999 -9999 -9999 -9999 -9999 -9999 -9999 -9999 -9999 -9999 -9999 -9999 -9999 -9999 -9999 -9999 -9999 -9999 -9999 -9999 -9999 -9999 -9999 -9999 -9999 -9999 -9999 -9999 -9999 343 342 341 342 342 341 341 340 339 342 342 342 343 343 343 344 345 345 345 346 346 347 348 348 348 348 349 350 350 351 351 352 349 349 351 351 350 350 350 350 351 351 351 352 352 350 348
-9999 -9999 -9999 -9999 -9999 -9999 -9999 -9999 -9999 -9999 -9999 -9999 -9999 -9999 -9999 -9999 -9999 -9999 -9999 -9999 -9999 -9999 -9999 -9999 -9999 -9999 -9999 -9999 -9999 -9999 -9999 -9999 -9999 -9999 -9999 -9999 -9999 -9999 -9999 -9999 -9999 -9999 -9999 -9999 -9999 -9999 343 342 342 342 342 342 341 341 341 339 338 340 340 342 343 344 344 345 345 346 347 347 348 348 348 346 348 348 347 349 351 351 351 351 349 349 350 350 349 350 351 351 351 352 353 352 352 352
-9999 -9999 -9999 -9999 -9999 -9999 -9999 -9999 -9999 -9999 -9999 -9999 -9999 -9999 -9999 -9999 -9999 -9999 -9999 -9999 -9999 -9999 -9999 -9999 -9999 -9999 -9999 -9999 -9999 -9999 -9999 -9999 -9999 -9999 -9999 -9999 -9999 -9999 -9999 -9999 -9999 -9999 -9999 -9999 -9999 -9999 -9999 -9999 341 341 341 342 341 341 340 340 339 338 341 342 343 344 344 344 345 344 347 348 348 348 348 348 347 347 349 349 351 352 350 345 350 350 350 349 348 348 348 348 349 351 351 351 353 353
-9999 -9999 -9999 -9999 -9999 -9999 -9999 -9999 -9999 -9999 -9999 -9999 -9999 -9999 -9999 -9999 -9999 -9999 -9999 -9999 -9999 -9999 -9999 -9999 -9999 -9999 -9999 -9999 -9999 -9999 -9999 -9999 -9999 -9999 -9999 -9999 -9999 -9999 -9999 -9999 -9999 -9999 -9999 -9999 -9999 -9999 -9999 -9999 341 341 341 341 341 341 341 340 337 333 337 336 341 344 345 345 345 345 346 346 346 348 349 349 349 349 350 350 350 351 351 345 345 349 352 352 352 350 349 347 349 347 350 352 353 352
-9999 -9999 -9999 -9999 -9999 -9999 -9999 -9999 -9999 -9999 -9999 -9999 -9999 -9999 -9999 -9999 -9999 -9999 -9999 -9999 -9999 -9999 -9999 -9999 -9999 -9999 -9999 -9999 -9999 -9999 -9999 -9999 -9999 -9999 -9999 -9999 -9999 -9999 -9999 -9999 -9999 -9999 -9999 -9999 -9999 -9999 -9999 -9999 -9999 -9999 341 341 341 341 341 341 342 342 342 342 343 344 345 346 346 346 346 347 348 348 349 350 350 350 351 351 351 352 351 351 350 352 352 352 352 352 351 349 349 351 350 352 350 353
-9999 -9999 -9999 -9999 -9999 -9999 -9999 -9999 -9999 -9999 -9999 -9999 -9999 -9999 -9999 -9999 -9999 -9999 -9999 -9999 -9999 -9999 -9999 -9999 -9999 -9999 -9999 -9999 -9999 -9999 -9999 -9999 -9999 -9999 -9999 -9999 -9999 -9999 -9999 -9999 -9999 -9999 -9999 -9999 -9999 -9999 -9999 -9999 -9999 -9999 341 341 341 341 342 343 343 343 343 343 344 345 345 345 346 346 346 347 348 348 349 350 350 350 351 351 351 350 352 352 352 352 352 352 352 352 352 352 351 350 351 350 350 352
-9999 -9999 -9999 -9999 -9999 -9999 -9999 -9999 -9999 -9999 -9999 -9999 -9999 -9999 -9999 -9999 -9999 -9999 -9999 -9999 -9999 -9999 -9999 -9999 -9999 -9999 -9999 -9999 -9999 -9999 -9999 -9999 -9999 -9999 -9999 -9999 -9999 -9999 -9999 -9999 -9999 -9999 -9999 -9999 -9999 -9999 -9999 -9999 -9999 -9999 341 341 341 341 342 342 342 344 344 345 344 345 346 346 346 347 347 348 348 349 349 350 350 351 351 351 352 352 352 352 352 353 353 353 353 353 353 352 353 353 349 351 352 352
-9999 -9999 -9999 -9999 -9999 -9999 -9999 -9999 -9999 -9999 -9999 -9999 -9999 -9999 -9999 -9999 -9999 -9999 -9999 -9999 -9999 -9999 -9999 -9999 -9999 -9999 -9999 -9999 -9999 -9999 -9999 -9999 -9999 -9999 -9999 -9999 -9999 -9999 -9999 -9999 -9999 -9999 -9999 -9999 -9999 -9999 -9999 -9999 -9999 -9999 341 341 341 340 341 342 342 343 343 343 344 344 340 346 346 347 348 348 348 349 346 349 350 350 351 351 351 351 353 352 353 353 353 354 353 353 354 354 353 354 354 354 352 352
-9999 -9999 -9999 -9999 -9999 -9999 -9999 -9999 -9999 -9999 -9999 -9999 -9999 -9999 -9999 -9999 -9999 -9999 -9999 -9999 -9999 -9999 -9999 -9999 -9999 -9999 -9999 -9999 -9999 -9999 -9999 -9999 -9999 -9999 -9999 -9999 -9999 -9999 -9999 -9999 -9999 -9999 -9999 -9999 -9999 -9999 -9999 -9999 -9999 -9999 -9999 -9999 341 340 341 341 341 342 343 344 344 344 346 346 346 347 347 348 348 349 349 349 350 350 350 351 351 351 352 353 353 353 354 354 354 354 354 354 354 354 354 354 355 354
-9999 -9999 -9999 -9999 -9999 -9999 -9999 -9999 -9999 -9999 -9999 -9999 -9999 -9999 -9999 -9999 -9999 -9999 -9999 -9999 -9999 -9999 -9999 -9999 -9999 -9999 -9999 -9999 -9999 -9999 -9999 -9999 -9999 -9999 -9999 -9999 -9999 -9999 -9999 -9999 -9999 -9999 -9999 -9999 -9999 -9999 -9999 -9999 -9999 -9999 -9999 -9999 342 341 341 340 340 341 342 342 344 345 345 345 345 345 347 348 348 349 349 349 350 350 350 350 350 351 352 352 353 353 353 354 354 354 354 350 355 355 355 355 355 355
-9999 -9999 -9999 -9999 -9999 -9999 -9999 -9999 -9999 -9999 -9999 -9999 -9999 -9999 -9999 -9999 -9999 -9999 -9999 -9999 -9999 -9999 -9999 -9999 -9999 -9999 -9999 -9999 -9999 -9999 -9999 -9999 -9999 -9999 -9999 -9999 -9999 -9999 -9999 -9999 -9999 -9999 -9999 -9999 -9999 -9999 -9999 -9999 -9999 -9999 -9999 -9999 342 341 341 341 341 341 342 343 343 343 344 344 345 346 346 347 348 348 348 349 349 350 349 348 343 347 350 351 352 352 353 353 354 354 354 354 354 355 356 356 355 355
-9999 -9999 -9999 -9999 -9999 -9999 -9999 -9999 -9999 -9999 -9999 -9999 -9999 -9999 -9999 -9999 -9999 -9999 -9999 -9999 -9999 -9999 -9999 -9999 -9999 -9999 -9999 -9999 -9999 -9999 -9999 -9999 -9999 -9999 -9999 -9999 -9999 -9999 -9999 -9999 -9999 -9999 -9999 -9999 -9999 -9999 -9999 -9999 -9999 -9999 -9999 -9999 341 342 341 341 341 342 343 343 342 343 344 345 345 345 347 346 344 348 348 347 346 343 342 340 340 339 342 346 349 351 351 353 353 353 354 354 354 355 356 356 348 354
-9999 -9999 -9999 -9999 -9999 -9999 -9999 -9999 -9999 -9999 -9999 -9999 -9999 -9999 -9999 -9999 -9999 -9999 -9999 -9999 -9999 -9999 -9999 -9999 -9999 -9999 -9999 -9999 -9999 -9999 -9999 -9999 -9999 -9999 -9999 -9999 -9999 -9999 -9999 -9999 -9999 -9999 -9999 -9999 -9999 -9999 -9999 -9999 -9999 -9999 -9999 -9999 341 341 341 341 341 341 342 342 343 344 344 344 346 346 347 347 348 348 349 349 349 349 348 345 345 342 341 349 350 342 343 347 351 352 353 354 355 354 355 356 356 355
-9999 -9999 -9999 -9999 -9999 -9999 -9999 -9999 -9999 -9999 -9999 -9999 -9999 -9999 -9999 -9999 -9999 -9999 -9999 -9999 -9999 -9999 -9999 -9999 -9999 -9999 -9999 -9999 -9999 -9999 -9999 -9999 -9999 -9999 -9999 -9999 -9999 -9999 -9999 -9999 -9999 -9999 -9999 -9999 -9999 -9999 -9999 -9999 -9999 -9999 -9999 -9999 341 340 340 341 342 342 341 342 343 344 344 345 346 347 347 347 347 347 347 344 349 349 350 349 348 347 345 344 343 343 346 346 349 352 353 354 354 354 354 354 355 355
-9999 -9999 -9999 -9999 -9999 -9999 -9999 -9999 -9999 -9999 -9999 -9999 -9999 -9999 -9999 -9999 -9999 -9999 -9999 -9999 -9999 -9999 -9999 -9999 -9999 -9999 -9999 -9999 -9999 -9999 -9999 -9999 -9999 -9999 -9999 -9999 -9999 -9999 -9999 -9999 -9999 -9999 -9999 -9999 -9999 -9999 -9999 -9999 -9999 -9999 -9999 -9999 342 340 339 341 342 343 343 344 345 345 346 346 346 345 344 346 345 346 346 347 347 346 346 347 346 346 348 349 350 350 348 350 350 353 354 354 349 350 353 354 354 355
-9999 -9999 -9999 -9999 -9999 -9999 -9999 -9999 -9999 -9999 -9999 -9999 -9999 -9999 -9999 -9999 -9999 -9999 -9999 -9999 -9999 -9999 -9999 -9999 -9999 -9999 -9999 -9999 -9999 -9999 -9999 -9999 -9999 -9999 -9999 -9999 -9999 -9999 -9999 -9999 -9999 -9999 -9999 -9999 -9999 -9999 -9999 -9999 -9999 -9999 -9999 -9999 344 341 341 341 342 343 344 345 345 344 345 346 346 345 345 343 343 346 347 346 347 345 347 343 343 345 345 344 349 350 351 352 352 352 353 354 353 351 350 352 351 353
-9999 -9999 -9999 -9999 -9999 -9999 -9999 -9999 -9999 -9999 -9999 -9999 -9999 -9999 -9999 -9999 -9999 -9999 -9999 -9999 -9999 -9999 -9999 -9999 -9999 -9999 -9999 -9999 -9999 -9999 -9999 -9999 -9999 -9999 -9999 -9999 -9999 -9999 -9999 -9999 -9999 -9999 -9999 -9999 -9999 -9999 -9999 -9999 -9999 -9999 -9999 -9999 344 344 344 341 341 342 343 342 344 343 345 345 345 345 345 344 343 342 343 345 347 345 344 344 344 344 345 345 345 347 343 351 351 351 352 353 353 352 352 353 351 353
-9999 -9999 -9999 -9999 -9999 -9999 -9999 -9999 -9999 -9999 -9999 -9999 -9999 -9999 -9999 -9999 -9999 -9999 -9999 -9999 -9999 -9999 -9999 -9999 -9999 -9999 -9999 -9999 -9999 -9999 -9999 -9999 -9999 -9999 -9999 -9999 -9999 -9999 -9999 -9999 -9999 -9999 -9999 -9999 -9999 -9999 -9999 -9999 -9999 -9999 -9999 -9999 342 344 344 344 343 342 342 342 343 343 342 345 344 343 344 343 343 342 342 341 342 345 347 344 345 344 344 344 346 346 347 342 349 350 350 352 353 352 350 351 352 351
-9999 -9999 -9999 -9999 -9999 -9999 -9999 -9999 -9999 -9999 -9999 -9999 -9999 -9999 -9999 -9999 -9999 -9999 -9999 -9999 -9999 -9999 -9999 -9999 -9999 -9999 -9999 -9999 -9999 -9999 -9999 -9999 -9999 -9999 -9999 -9999 -9999 -9999 -9999 -9999 -9999 -9999 -9999 -9999 -9999 -9999 -9999 -9999 -9999 -9999 -9999 345 344 345 344 343 343 342 343 341 341 341 341 343 343 341 343 342 342 342 342 343 343 345 345 346 344 345 342 344 343 345 348 345 346 348 347 340 350 352 351 349 349 349
-9999 -9999 -9999 -9999 -9999 -9999 -9999 -9999 -9999 -9999 -9999 -9999 -9999 -9999 -9999 -9999 -9999 -9999 -9999 -9999 -9999 -9999 -9999 -9999 -9999 -9999 -9999 -9999 -9999 -9999 -9999 -9999 -9999 -9999 -9999 -9999 -9999 -9999 -9999 -9999 -9999 -9999 -9999 -9999 -9999 -9999 -9999 -9999 -9999 -9999 346 343 347 345 345 343 343 342 340 342 340 340 342 342 345 344 340 342 344 342 343 342 344 343 344 344 344 344 347 345 346 346 347 346 347 344 345 347 347 345 349 351 348 348
-9999 -9999 -9999 -9999 -9999 -9999 -9999 -9999 -9999 -9999 -9999 -9999 -9999 -9999 -9999 -9999 -9999 -9999 -9999 -9999 -9999 -9999 -9999 -9999 -9999 -9999 340 343 -9999 -9999 -9999 -9999 -9999 -9999 -9999 -9999 -9999 -9999 -9999 -9999 -9999 -9999 -9999 -9999 -9999 -9999 -9999 -9999 -9999 -9999 348 345 344 343 347 345 346 347 343 344 343 347 347 347 344 347 341 343 345 346 344 344 342 343 345 346 347 346 349 345 346 347 347 346 346 346 347 347 346 346 346 349 351 348
-9999 -9999 -9999 -9999 -9999 -9999 -9999 -9999 -9999 -9999 -9999 -9999 -9999 -9999 -9999 -9999 -9999 -9999 -9999 -9999 -9999 -9999 -9999 -9999 -9999 -9999 344 344 -9999 -9999 -9999 -9999 -9999 -9999 -9999 -9999 -9999 -9999 -9999 -9999 -9999 -9999 -9999 -9999 -9999 -9999 -9999 -9999 -9999 -9999 351 350 348 349 345 349 348 349 348 347 346 347 350 350 347 347 348 347 345 343 342 342 342 343 344 345 348 348 350 351 350 347 348 345 345 347 346 348 346 347 345 346 348 346
-9999 -9999 -9999 -9999 -9999 -9999 -9999 -9999 -9999 -9999 -9999 -9999 -9999 -9999 345 345 346 346 344 341 343 344 344 345 346 347 345 344 344 345 -9999 -9999 -9999 -9999 -9999 -9999 -9999 -9999 -9999 -9999 -9999 -9999 -9999 -9999 -9999 -9999 -9999 -9999 -9999 -9999 -9999 350 346 350 348 349 350 350 350 350 346 348 350 350 350 347 341 347 344 345 346 344 344 343 345 345 348 350 350 352 351 344 348 347 346 346 345 348 348 347 348 347 345 346
-9999 -9999 -9999 -9999 -9999 -9999 -9999 -9999 -9999 -9999 -9999 -9999 -9999 -9999 345 345 346 346 346 346 346 346 346 346 343 339 347 347 342 343 -9999 -9999 -9999 -9999 -9999 -9999 -9999 -9999 -9999 -9999 -9999 -9999 -9999 -9999 -9999 -9999 -9999 -9999 -9999 -9999 350 350 350 350 349 341 347 350 351 351 351 351 349 345 350 350 350 348 349 347 343 343 343 338 343 340 348 352 352 352 349 346 347 347 347 342 347 346 347 348 349 348 346 345
-9999 -9999 -9999 -9999 -9999 -9999 -9999 -9999 -9999 -9999 343 343 343 344 342 345 345 345 345 346 346 346 346 346 346 346 345 346 343 344 -9999 -9999 -9999 -9999 -9999 -9999 -9999 -9999 -9999 -9999 -9999 -9999 -9999 -9999 -9999 -9999 336 342 342 341 344 350 351 347 350 351 351 347 348 351 352 348 353 348 341 349 351 346 346 346 341 343 348 349 350 351 351 352 348 353 350 343 349 347 342 341 344 346 347 350 351 350 346 347
-9999 -9999 -9999 -9999 -9999 -9999 -9999 -9999 -9999 -9999 340 339 342 343 343 343 345 343 345 343 345 342 346 346 347 347 347 -9999 342 -9999 -9999 -9999 -9999 -9999 -9999 -9999 -9999 -9999 -9999 -9999 -9999 -9999 -9999 -9999 -9999 -9999 341 343 342 340 344 348 350 352 353 352 351 346 348 351 347 353 353 353 350 346 351 351 346 346 345 345 345 349 346 350 345 349 354 353 353 346 349 350 351 347 345 345 340 346 352 351 350 349
-9999 -9999 -9999 -9999 -9999 -9999 -9999 -9999 -9999 -9999 327 339 338 341 342 343 343 343 342 342 341 343 344 342 -9999 -9999 -9999 -9999 -9999 -9999 -9999 -9999 -9999 -9999 -9999 -9999 -9999 -9999 -9999 -9999 -9999 -9999 -9999 -9999 -9999 -9999 340 341 344 344 337 346 347 342 353 353 351 351 350 345 349 352 351 351 354 354 344 350 341 347 346 347 345 348 349 349 346 351 351 355 355 354 351 349 347 347 343 343 341 341 345 353 353 350
-9999 -9999 -9999 -9999 -9999 -9999 -9999 -9999 -9999 -9999 335 330 328 336 341 342 342 343 342 342 344 345 341 341 -9999 -9999 -9999 -9999 -9999 -9999 -9999 -9999 -9999 -9999 -9999 -9999 -9999 -9999 -9999 -9999 -9999 -9999 -9999 -9999 -9999 -9999 341 339 341 348 345 346 347 349 352 352 339 338 339 349 348 350 354 353 353 352 349 344 347 346 349 349 349 351 351 346 348 343 347 350 351 355 353 341 346 344 350 344 345 345 340 349 353 353
-9999 -9999 -9999 -9999 -9999 -9999 335 338 336 335 341 340 334 334 334 336 340 341 343 343 343 342 343 342 343 342 -9999 -9999 -9999 -9999 -9999 -9999 -9999 -9999 -9999 -9999 341 342 348 349 346 344 346 349 347 345 345 347 344 347 347 351 352 352 354 349 346 343 341 343 348 352 353 355 354 355 354 353 353 345 346 350 351 353 347 348 349 345 349 351 353 353 357 356 354 354 352 345 351 344 346 348 353 353
-9999 -9999 -9999 -9999 -9999 -9999 345 345 344 343 332 339 338 341 339 336 337 339 337 341 342 342 343 342 342 338 -9999 -9999 -9999 -9999 -9999 -9999 -9999 -9999 -9999 -9999 343 344 342 347 344 342 342 349 352 350 337 344 343 346 350 351 348 350 352 351 350 343 339 345 341 343 352 352 356 354 353 354 353 350 345 352 353 354 354 353 350 348 348 348 353 355 356 356 354 356 355 353 352 347 346 341 350 351
-9999 -9999 -9999 -9999 348 348 347 347 347 343 341 343 344 343 340 342 341 339 336 336 341 342 341 343 343 342 -9999 -9999 -9999 -9999 -9999 -9999 -9999 -9999 -9999 -9999 339 338 337 344 344 348 349 344 346 352 352 349 345 346 345 343 352 353 354 352 348 345 346 340 346 343 343 354 355 356 355 354 349 350 348 347 344 355 351 350 352 352 353 351 342 345 354 356 358 352 355 353 354 351 340 348 349 353
-9999 -9999 -9999 -9999 350 350 349 349 346 345 341 345 343 345 344 342 342 342 341 339 337 341 339 337 336 341 -9999 -9999 -9999 -9999 -9999 -9999 -9999 -9999 -9999 -9999 344 340 340 338 342 344 347 349 342 341 343 353 352 341 341 342 348 352 349 354 348 348 348 347 342 340 343 349 355 353 355 355 351 352 352 353 351 355 348 351 352 352 347 344 346 347 350 349 357 353 350 352 353 350 342 342 352 355
-9999 -9999 -9999 -9999 -9999 -9999 350 349 348 348 347 348 347 346 345 336 335 338 338 342 341 338 336 338 340 340 -9999 -9999 -9999 -9999 -9999 -9999 344 345 344 346 347 345 342 338 340 343 337 341 346 351 351 347 353 352 347 347 348 352 351 350 356 351 352 353 353 347 338 343 347 353 358 354 354 351 355 353 356 353 352 350 353 351 351 352 346 344 338 354 355 358 348 354 355 349 345 350 353 352
-9999 -9999 -9999 -9999 -9999 -9999 349 348 350 349 349 348 348 347 345 342 343 343 337 340 337 340 339 337 340 341 -9999 -9999 -9999 -9999 -9999 -9999 345 344 345 344 342 345 345 341 339 338 341 345 345 348 347 347 349 351 354 348 348 352 354 347 352 354 355 355 354 348 353 341 346 355 351 356 356 354 353 355 348 352 351 350 353 354 354 350 350 347 349 351 355 339 355 355 354 354 349 348 352 352
-9999 -9999 -9999 -9999 -9999 -9999 345 348 347 344 347 349 349 349 348 347 347 345 344 338 335 334 337 341 342 342 342 341 338 339 338 340 337 337 343 346 345 345 344 344 344 342 338 343 344 347 344 350 344 350 349 351 347 354 348 347 348 351 355 351 351 355 354 357 355 349 354 359 357 356 353 357 353 353 352 354 352 353 353 351 348 348 345 354 355 355 356 354 350 354 350 354 350 351
-9999 -9999 -9999 -9999 -9999 -9999 350 339 346 346 348 349 349 349 349 348 348 345 344 342 342 333 333 334 338 338 342 340 341 339 340 340 335 336 338 338 342 345 344 340 345 346 341 339 343 346 349 349 348 342 345 351 350 350 353 346 347 350 347 352 352 354 355 356 357 347 358 350 357 358 354 354 352 354 353 355 355 353 352 348 349 345 351 344 350 352 350 352 350 353 352 357 354 357
