sesion_6_simulaciones/modelos_distribucion_especies/ejemplo/variables/futuro_A2/2040/PA.asc
ncols 708
nrows 329
xllcorner -7.525000
yllcorner 35.991667
cellsize 0.008333
NODATA_value -9999
[rows 42 to 83 of 329, columns 188 to 281 of 708]
-9999 -9999 -9999 -9999 -9999 -9999 -9999 -9999 -9999 -9999 -9999 -9999 -9999 -9999 -9999 -9999 -9999 -9999 -9999 -9999 -9999 -9999 -9999 -9999 -9999 -9999 -9999 -9999 -9999 -9999 -9999 -9999 -9999 -9999 -9999 -9999 -9999 -9999 -9999 -9999 -9999 -9999 -9999 -9999 -9999 -9999 -9999 -9999 510 512 520 513 521 518 517 512 512 509 507 506 504 504 503 503 502 499 496 493 489 488 486 485 483 488 493 504 501 492 489 485 482 484 485 488 494 494 508 517 506 514 511 510 514 517
-9999 -9999 -9999 -9999 -9999 -9999 -9999 -9999 -9999 -9999 -9999 -9999 -9999 -9999 -9999 -9999 -9999 -9999 -9999 -9999 -9999 -9999 -9999 -9999 -9999 -9999 -9999 -9999 -9999 -9999 -9999 -9999 -9999 -9999 -9999 -9999 -9999 -9999 -9999 -9999 -9999 -9999 -9999 -9999 -9999 -9999 -9999 -9999 505 505 511 515 521 513 521 519 517 513 510 511 509 509 509 507 503 499 495 492 489 487 482 481 478 478 483 493 496 495 479 490 492 488 489 491 495 497 502 513 522 529 521 520 522 521
-9999 -9999 -9999 -9999 -9999 -9999 -9999 -9999 -9999 -9999 -9999 -9999 -9999 -9999 -9999 -9999 -9999 -9999 -9999 -9999 -9999 -9999 -9999 -9999 -9999 -9999 -9999 -9999 -9999 -9999 -9999 -9999 -9999 -9999 -9999 -9999 -9999 -9999 -9999 -9999 -9999 -9999 -9999 -9999 -9999 -9999 -9999 501 506 510 510 514 517 518 520 522 519 520 518 515 515 514 513 509 506 503 499 494 490 488 484 481 477 475 475 476 478 479 481 490 485 492 494 495 497 504 513 523 515 532 529 539 535 527
-9999 -9999 -9999 -9999 -9999 -9999 -9999 -9999 -9999 -9999 -9999 -9999 -9999 -9999 -9999 -9999 -9999 -9999 -9999 -9999 -9999 -9999 -9999 -9999 -9999 -9999 -9999 -9999 -9999 -9999 -9999 -9999 -9999 -9999 -9999 -9999 -9999 -9999 -9999 -9999 -9999 -9999 -9999 -9999 -9999 -9999 -9999 504 510 510 515 519 515 521 522 519 525 526 523 521 519 518 515 511 510 504 499 497 493 488 488 483 480 476 473 471 470 469 470 474 482 491 500 491 503 510 514 507 499 520 527 527 535 532
-9999 -9999 -9999 -9999 -9999 -9999 -9999 -9999 -9999 -9999 -9999 -9999 -9999 -9999 -9999 -9999 -9999 -9999 -9999 -9999 -9999 -9999 -9999 -9999 -9999 -9999 -9999 -9999 -9999 -9999 -9999 -9999 -9999 -9999 -9999 -9999 -9999 -9999 -9999 -9999 -9999 -9999 -9999 -9999 -9999 -9999 -9999 506 510 510 518 520 525 528 530 527 532 531 528 524 522 519 513 511 506 502 500 496 493 488 486 486 486 482 477 469 467 465 467 468 474 487 495 497 502 506 504 508 507 503 504 513 526 524
-9999 -9999 -9999 -9999 -9999 -9999 -9999 -9999 -9999 -9999 -9999 -9999 -9999 -9999 -9999 -9999 -9999 -9999 -9999 -9999 -9999 -9999 -9999 -9999 -9999 -9999 -9999 -9999 -9999 -9999 -9999 -9999 -9999 -9999 -9999 -9999 -9999 -9999 -9999 -9999 -9999 -9999 -9999 -9999 -9999 -9999 506 508 513 515 519 522 527 534 540 543 535 541 531 532 522 518 512 508 501 499 495 491 490 487 489 485 493 486 486 477 467 464 464 472 484 482 489 497 500 501 501 499 500 499 501 504 513 520
-9999 -9999 -9999 -9999 -9999 -9999 -9999 -9999 -9999 -9999 -9999 -9999 -9999 -9999 -9999 -9999 -9999 -9999 -9999 -9999 -9999 -9999 -9999 -9999 -9999 -9999 -9999 -9999 -9999 -9999 -9999 -9999 -9999 -9999 -9999 -9999 -9999 -9999 -9999 -9999 -9999 -9999 -9999 -9999 -9999 -9999 -9999 -9999 517 520 522 525 527 533 539 548 553 546 547 537 525 517 510 506 505 497 494 489 486 483 484 489 485 482 484 475 470 466 467 458 485 481 491 485 499 496 496 500 510 507 501 503 508 511
-9999 -9999 -9999 -9999 -9999 -9999 -9999 -9999 -9999 -9999 -9999 -9999 -9999 -9999 -9999 -9999 -9999 -9999 -9999 -9999 -9999 -9999 -9999 -9999 -9999 -9999 -9999 -9999 -9999 -9999 -9999 -9999 -9999 -9999 -9999 -9999 -9999 -9999 -9999 -9999 -9999 -9999 -9999 -9999 -9999 -9999 -9999 -9999 520 525 526 529 532 537 538 545 553 559 529 535 533 519 510 505 506 499 496 491 486 482 477 478 478 477 474 469 461 463 469 469 479 476 474 473 479 485 507 511 517 518 513 513 506 506
-9999 -9999 -9999 -9999 -9999 -9999 -9999 -9999 -9999 -9999 -9999 -9999 -9999 -9999 -9999 -9999 -9999 -9999 -9999 -9999 -9999 -9999 -9999 -9999 -9999 -9999 -9999 -9999 -9999 -9999 -9999 -9999 -9999 -9999 -9999 -9999 -9999 -9999 -9999 -9999 -9999 -9999 -9999 -9999 -9999 -9999 -9999 -9999 -9999 -9999 530 532 535 536 535 534 537 535 534 532 527 514 506 502 501 499 495 492 485 478 474 471 468 468 466 463 462 459 462 473 472 472 468 468 473 481 491 500 510 523 513 511 503 514
-9999 -9999 -9999 -9999 -9999 -9999 -9999 -9999 -9999 -9999 -9999 -9999 -9999 -9999 -9999 -9999 -9999 -9999 -9999 -9999 -9999 -9999 -9999 -9999 -9999 -9999 -9999 -9999 -9999 -9999 -9999 -9999 -9999 -9999 -9999 -9999 -9999 -9999 -9999 -9999 -9999 -9999 -9999 -9999 -9999 -9999 -9999 -9999 -9999 -9999 536 536 537 535 533 528 524 523 520 516 513 508 503 499 496 492 489 485 481 477 476 470 467 465 464 462 460 453 455 458 458 460 462 463 469 473 486 490 506 503 517 514 524 515
-9999 -9999 -9999 -9999 -9999 -9999 -9999 -9999 -9999 -9999 -9999 -9999 -9999 -9999 -9999 -9999 -9999 -9999 -9999 -9999 -9999 -9999 -9999 -9999 -9999 -9999 -9999 -9999 -9999 -9999 -9999 -9999 -9999 -9999 -9999 -9999 -9999 -9999 -9999 -9999 -9999 -9999 -9999 -9999 -9999 -9999 -9999 -9999 -9999 -9999 537 542 542 541 532 527 527 524 520 518 517 511 505 498 491 489 487 483 481 480 477 472 468 467 466 463 461 453 453 455 455 459 457 460 472 473 481 482 492 501 509 518 521 509
-9999 -9999 -9999 -9999 -9999 -9999 -9999 -9999 -9999 -9999 -9999 -9999 -9999 -9999 -9999 -9999 -9999 -9999 -9999 -9999 -9999 -9999 -9999 -9999 -9999 -9999 -9999 -9999 -9999 -9999 -9999 -9999 -9999 -9999 -9999 -9999 -9999 -9999 -9999 -9999 -9999 -9999 -9999 -9999 -9999 -9999 -9999 -9999 -9999 -9999 545 548 549 546 545 542 534 530 528 521 517 513 498 503 493 489 485 482 481 481 473 474 472 468 466 464 463 460 458 456 457 456 455 459 465 471 476 480 487 495 502 508 512 520
-9999 -9999 -9999 -9999 -9999 -9999 -9999 -9999 -9999 -9999 -9999 -9999 -9999 -9999 -9999 -9999 -9999 -9999 -9999 -9999 -9999 -9999 -9999 -9999 -9999 -9999 -9999 -9999 -9999 -9999 -9999 -9999 -9999 -9999 -9999 -9999 -9999 -9999 -9999 -9999 -9999 -9999 -9999 -9999 -9999 -9999 -9999 -9999 -9999 -9999 -9999 -9999 551 555 555 551 541 542 536 528 517 511 512 505 499 494 488 484 483 481 480 478 474 474 471 470 470 467 462 460 458 458 459 463 470 474 480 481 489 495 497 501 512 518
-9999 -9999 -9999 -9999 -9999 -9999 -9999 -9999 -9999 -9999 -9999 -9999 -9999 -9999 -9999 -9999 -9999 -9999 -9999 -9999 -9999 -9999 -9999 -9999 -9999 -9999 -9999 -9999 -9999 -9999 -9999 -9999 -9999 -9999 -9999 -9999 -9999 -9999 -9999 -9999 -9999 -9999 -9999 -9999 -9999 -9999 -9999 -9999 -9999 -9999 -9999 -9999 556 555 557 554 554 551 539 529 523 516 511 508 507 499 495 490 487 485 484 482 480 479 481 480 481 477 473 469 467 466 466 470 471 477 482 487 493 497 498 503 510 512
-9999 -9999 -9999 -9999 -9999 -9999 -9999 -9999 -9999 -9999 -9999 -9999 -9999 -9999 -9999 -9999 -9999 -9999 -9999 -9999 -9999 -9999 -9999 -9999 -9999 -9999 -9999 -9999 -9999 -9999 -9999 -9999 -9999 -9999 -9999 -9999 -9999 -9999 -9999 -9999 -9999 -9999 -9999 -9999 -9999 -9999 -9999 -9999 -9999 -9999 -9999 -9999 557 556 558 563 560 553 544 537 531 523 522 520 520 514 503 499 496 495 496 494 490 496 502 511 504 510 501 487 481 478 480 479 482 483 486 494 493 496 501 506 510 516
-9999 -9999 -9999 -9999 -9999 -9999 -9999 -9999 -9999 -9999 -9999 -9999 -9999 -9999 -9999 -9999 -9999 -9999 -9999 -9999 -9999 -9999 -9999 -9999 -9999 -9999 -9999 -9999 -9999 -9999 -9999 -9999 -9999 -9999 -9999 -9999 -9999 -9999 -9999 -9999 -9999 -9999 -9999 -9999 -9999 -9999 -9999 -9999 -9999 -9999 -9999 -9999 563 563 562 563 562 557 554 544 538 534 529 528 521 515 516 507 500 503 503 497 496 497 509 527 527 544 526 508 505 500 493 494 496 496 496 497 498 503 506 511 508 530
-9999 -9999 -9999 -9999 -9999 -9999 -9999 -9999 -9999 -9999 -9999 -9999 -9999 -9999 -9999 -9999 -9999 -9999 -9999 -9999 -9999 -9999 -9999 -9999 -9999 -9999 -9999 -9999 -9999 -9999 -9999 -9999 -9999 -9999 -9999 -9999 -9999 -9999 -9999 -9999 -9999 -9999 -9999 -9999 -9999 -9999 -9999 -9999 -9999 -9999 -9999 -9999 570 569 571 569 569 564 562 556 549 544 531 525 524 519 515 512 510 509 505 503 504 506 516 521 542 534 533 540 532 512 521 515 512 508 507 507 510 512 515 521 526 532
-9999 -9999 -9999 -9999 -9999 -9999 -9999 -9999 -9999 -9999 -9999 -9999 -9999 -9999 -9999 -9999 -9999 -9999 -9999 -9999 -9999 -9999 -9999 -9999 -9999 -9999 -9999 -9999 -9999 -9999 -9999 -9999 -9999 -9999 -9999 -9999 -9999 -9999 -9999 -9999 -9999 -9999 -9999 -9999 -9999 -9999 -9999 -9999 -9999 -9999 -9999 -9999 577 581 579 576 571 568 562 554 551 544 536 529 526 522 521 518 519 517 520 512 516 515 518 519 525 536 538 522 523 532 545 534 515 516 518 520 523 529 532 531 536 532
-9999 -9999 -9999 -9999 -9999 -9999 -9999 -9999 -9999 -9999 -9999 -9999 -9999 -9999 -9999 -9999 -9999 -9999 -9999 -9999 -9999 -9999 -9999 -9999 -9999 -9999 -9999 -9999 -9999 -9999 -9999 -9999 -9999 -9999 -9999 -9999 -9999 -9999 -9999 -9999 -9999 -9999 -9999 -9999 -9999 -9999 -9999 -9999 -9999 -9999 -9999 -9999 578 584 586 581 570 567 560 555 550 543 540 535 533 535 537 542 540 540 529 531 534 540 524 538 544 544 540 540 542 544 541 539 524 525 525 531 535 545 552 552 547 549
-9999 -9999 -9999 -9999 -9999 -9999 -9999 -9999 -9999 -9999 -9999 -9999 -9999 -9999 -9999 -9999 -9999 -9999 -9999 -9999 -9999 -9999 -9999 -9999 -9999 -9999 -9999 -9999 -9999 -9999 -9999 -9999 -9999 -9999 -9999 -9999 -9999 -9999 -9999 -9999 -9999 -9999 -9999 -9999 -9999 -9999 -9999 -9999 -9999 -9999 -9999 -9999 574 581 592 581 580 572 564 561 557 550 549 544 546 547 551 559 562 561 550 541 549 548 560 563 558 569 553 546 553 542 535 530 530 533 537 541 552 563 567 570 564 571
-9999 -9999 -9999 -9999 -9999 -9999 -9999 -9999 -9999 -9999 -9999 -9999 -9999 -9999 -9999 -9999 -9999 -9999 -9999 -9999 -9999 -9999 -9999 -9999 -9999 -9999 -9999 -9999 -9999 -9999 -9999 -9999 -9999 -9999 -9999 -9999 -9999 -9999 -9999 -9999 -9999 -9999 -9999 -9999 -9999 -9999 -9999 -9999 -9999 -9999 -9999 -9999 567 570 578 584 585 584 579 569 574 567 567 558 555 556 563 578 577 575 567 564 561 558 572 567 582 579 583 579 561 557 547 547 549 548 550 553 560 573 583 585 578 595
-9999 -9999 -9999 -9999 -9999 -9999 -9999 -9999 -9999 -9999 -9999 -9999 -9999 -9999 -9999 -9999 -9999 -9999 -9999 -9999 -9999 -9999 -9999 -9999 -9999 -9999 -9999 -9999 -9999 -9999 -9999 -9999 -9999 -9999 -9999 -9999 -9999 -9999 -9999 -9999 -9999 -9999 -9999 -9999 -9999 -9999 -9999 -9999 -9999 -9999 -9999 -9999 561 576 580 588 589 590 589 590 586 581 582 578 573 574 575 584 591 594 598 581 582 570 579 572 595 590 593 590 595 574 576 557 581 575 578 571 573 581 596 600 604 615
-9999 -9999 -9999 -9999 -9999 -9999 -9999 -9999 -9999 -9999 -9999 -9999 -9999 -9999 -9999 -9999 -9999 -9999 -9999 -9999 -9999 -9999 -9999 -9999 -9999 -9999 -9999 -9999 -9999 -9999 -9999 -9999 -9999 -9999 -9999 -9999 -9999 -9999 -9999 -9999 -9999 -9999 -9999 -9999 -9999 -9999 -9999 -9999 -9999 -9999 -9999 558 564 575 580 583 592 598 603 607 603 598 588 591 590 587 598 598 597 606 605 607 591 588 583 598 595 596 595 597 589 592 599 593 585 603 583 593 601 603 602 613 623 640
-9999 -9999 -9999 -9999 -9999 -9999 -9999 -9999 -9999 -9999 -9999 -9999 -9999 -9999 -9999 -9999 -9999 -9999 -9999 -9999 -9999 -9999 -9999 -9999 -9999 -9999 -9999 -9999 -9999 -9999 -9999 -9999 -9999 -9999 -9999 -9999 -9999 -9999 -9999 -9999 -9999 -9999 -9999 -9999 -9999 -9999 -9999 -9999 -9999 -9999 567 566 574 571 578 570 580 588 592 599 588 582 581 574 598 583 591 599 607 600 609 602 608 600 603 599 597 590 589 588 592 598 605 605 612 610 612 624 629 615 637 630 641 654
-9999 -9999 -9999 -9999 -9999 -9999 -9999 -9999 -9999 -9999 -9999 -9999 -9999 -9999 -9999 -9999 -9999 -9999 -9999 -9999 -9999 -9999 -9999 -9999 -9999 -9999 580 573 -9999 -9999 -9999 -9999 -9999 -9999 -9999 -9999 -9999 -9999 -9999 -9999 -9999 -9999 -9999 -9999 -9999 -9999 -9999 -9999 -9999 -9999 562 559 570 568 569 564 568 575 561 579 574 571 572 577 567 579 576 583 590 602 608 622 621 612 612 605 602 590 580 575 600 596 615 620 626 631 634 634 644 659 643 651 641 648
-9999 -9999 -9999 -9999 -9999 -9999 -9999 -9999 -9999 -9999 -9999 -9999 -9999 -9999 -9999 -9999 -9999 -9999 -9999 -9999 -9999 -9999 -9999 -9999 -9999 -9999 577 575 -9999 -9999 -9999 -9999 -9999 -9999 -9999 -9999 -9999 -9999 -9999 -9999 -9999 -9999 -9999 -9999 -9999 -9999 -9999 -9999 -9999 -9999 551 556 557 565 555 567 560 565 561 570 566 562 559 565 561 557 581 581 603 609 616 614 618 627 605 595 591 584 582 577 587 606 621 625 633 647 636 646 649 666 657 660 649 666
-9999 -9999 -9999 -9999 -9999 -9999 -9999 -9999 -9999 -9999 -9999 -9999 -9999 -9999 549 545 548 555 551 555 562 558 567 565 566 568 575 586 566 577 -9999 -9999 -9999 -9999 -9999 -9999 -9999 -9999 -9999 -9999 -9999 -9999 -9999 -9999 -9999 -9999 -9999 -9999 -9999 -9999 -9999 545 556 563 558 568 564 556 558 564 559 563 554 555 563 569 560 593 594 602 615 622 628 613 599 579 586 580 577 577 586 593 624 635 641 652 641 652 655 661 669 666 674 688
-9999 -9999 -9999 -9999 -9999 -9999 -9999 -9999 -9999 -9999 -9999 -9999 -9999 -9999 549 548 548 549 554 556 557 556 561 568 563 562 575 578 570 593 -9999 -9999 -9999 -9999 -9999 -9999 -9999 -9999 -9999 -9999 -9999 -9999 -9999 -9999 -9999 -9999 -9999 -9999 -9999 -9999 560 549 554 562 567 556 566 567 561 558 557 560 555 550 575 571 577 582 605 608 608 616 629 605 607 577 591 579 570 578 592 594 620 642 637 641 641 645 656 656 658 660 678 695
-9999 -9999 -9999 -9999 -9999 -9999 -9999 -9999 -9999 -9999 564 561 559 562 553 550 549 548 550 557 557 555 562 561 566 569 570 578 580 596 -9999 -9999 -9999 -9999 -9999 -9999 -9999 -9999 -9999 -9999 -9999 -9999 -9999 -9999 -9999 -9999 621 611 591 603 589 570 559 567 559 565 572 572 556 561 554 548 559 563 561 579 572 580 588 616 605 633 624 609 605 596 584 575 575 577 596 615 616 632 632 642 652 661 658 655 650 654 657 687
-9999 -9999 -9999 -9999 -9999 -9999 -9999 -9999 -9999 -9999 580 573 570 560 557 555 563 551 563 560 566 562 567 570 570 572 574 -9999 592 -9999 -9999 -9999 -9999 -9999 -9999 -9999 -9999 -9999 -9999 -9999 -9999 -9999 -9999 -9999 -9999 -9999 649 637 635 623 599 592 577 571 559 565 566 573 577 579 564 563 554 551 559 564 568 572 597 606 617 625 618 606 596 604 581 578 576 576 590 593 611 616 642 652 663 685 677 658 649 640 649 658
-9999 -9999 -9999 -9999 -9999 -9999 -9999 -9999 -9999 -9999 596 608 585 574 564 562 565 565 564 569 562 575 578 569 -9999 -9999 -9999 -9999 -9999 -9999 -9999 -9999 -9999 -9999 -9999 -9999 -9999 -9999 -9999 -9999 -9999 -9999 -9999 -9999 -9999 -9999 655 655 653 636 628 599 583 570 561 568 587 590 595 579 585 574 564 555 557 562 563 580 587 606 610 618 607 607 604 610 605 590 585 585 580 587 615 624 630 651 654 687 679 682 659 645 642 635
-9999 -9999 -9999 -9999 -9999 -9999 -9999 -9999 -9999 -9999 601 606 591 596 583 575 567 564 562 558 567 571 569 586 -9999 -9999 -9999 -9999 -9999 -9999 -9999 -9999 -9999 -9999 -9999 -9999 -9999 -9999 -9999 -9999 -9999 -9999 -9999 -9999 -9999 -9999 636 651 627 647 612 617 600 579 574 571 599 618 629 615 584 568 575 558 551 552 571 567 604 607 610 607 597 608 607 607 610 609 593 582 580 571 596 601 624 634 649 653 680 677 689 649 640 635
-9999 -9999 -9999 -9999 -9999 -9999 544 562 569 562 584 584 594 577 599 594 582 577 569 561 556 567 577 593 592 595 -9999 -9999 -9999 -9999 -9999 -9999 -9999 -9999 -9999 -9999 649 625 623 619 632 619 619 609 622 615 648 624 618 618 602 600 584 572 578 579 605 624 649 627 620 590 574 567 549 555 552 582 594 598 604 606 588 599 590 600 622 627 639 614 600 577 590 602 609 611 621 629 658 669 693 667 649 638
-9999 -9999 -9999 -9999 -9999 -9999 512 525 534 546 535 537 560 573 585 591 583 582 578 569 564 561 579 595 605 622 -9999 -9999 -9999 -9999 -9999 -9999 -9999 -9999 -9999 -9999 652 657 637 653 644 633 631 621 617 622 617 599 629 629 617 602 589 575 575 582 605 636 644 666 617 593 585 557 561 555 553 569 580 608 601 605 586 582 587 606 618 626 613 613 622 597 589 581 585 597 614 619 641 644 683 672 658 641
-9999 -9999 -9999 -9999 480 482 484 494 505 519 516 524 528 535 545 560 569 579 576 586 585 581 589 605 615 621 -9999 -9999 -9999 -9999 -9999 -9999 -9999 -9999 -9999 -9999 670 679 667 675 656 657 649 627 623 623 620 614 635 648 629 617 612 599 589 587 601 626 658 629 648 628 604 588 556 550 559 565 582 616 610 607 595 585 592 602 614 612 623 641 631 623 609 596 593 601 624 625 632 646 656 681 660 657
-9999 -9999 -9999 -9999 463 462 467 476 481 499 491 511 511 515 526 540 549 558 577 587 588 604 604 613 592 642 -9999 -9999 -9999 -9999 -9999 -9999 -9999 -9999 -9999 -9999 679 711 697 690 681 667 651 665 657 635 630 623 623 637 636 630 623 609 598 595 593 606 619 643 642 644 624 611 585 547 558 569 580 601 603 602 593 590 597 617 606 615 625 641 656 652 637 604 599 580 606 623 641 635 661 665 664 638
-9999 -9999 -9999 -9999 -9999 -9999 453 457 462 482 481 493 497 500 517 527 549 559 567 583 597 605 623 631 646 662 -9999 -9999 -9999 -9999 -9999 -9999 711 715 695 695 710 712 714 731 708 704 680 662 668 662 649 627 625 628 644 645 635 621 588 600 596 579 596 605 615 638 628 629 607 569 556 556 585 592 595 581 597 609 626 612 616 613 619 637 665 659 627 625 595 609 614 616 630 636 635 671 660 648
-9999 -9999 -9999 -9999 -9999 -9999 444 451 463 473 472 471 477 487 500 513 527 549 557 580 593 618 631 628 655 672 -9999 -9999 -9999 -9999 -9999 -9999 728 723 729 711 708 714 729 731 731 733 723 701 666 673 653 636 631 630 636 637 649 617 609 593 598 588 590 587 582 584 612 609 607 591 562 555 571 584 578 580 587 615 626 622 617 613 615 618 648 653 652 623 588 607 617 616 613 654 645 645 650 652
-9999 -9999 -9999 -9999 -9999 -9999 417 449 455 457 467 466 467 473 481 489 500 520 545 571 608 622 635 650 663 671 693 721 739 765 761 764 758 756 754 748 742 738 730 731 736 748 718 726 720 698 668 667 639 646 644 637 623 625 628 610 630 609 597 595 560 583 574 591 598 586 564 570 568 569 566 587 597 617 603 617 610 609 613 640 650 670 649 624 615 599 606 603 614 640 631 648 628 634
-9999 -9999 -9999 -9999 -9999 -9999 441 429 459 455 462 460 463 465 471 475 492 506 532 557 592 607 634 672 683 675 709 735 766 774 790 793 799 788 793 771 777 764 747 740 740 719 726 718 717 693 681 681 664 665 660 664 640 633 640 653 652 628 605 607 582 571 566 582 576 581 579 544 559 572 569 587 580 591 588 605 611 611 611 611 649 651 667 623 608 598 613 611 635 637 619 631 627 639
-9999 -9999 -9999 -9999 -9999 -9999 436 446 462 450 451 459 450 469 470 480 488 502 517 543 566 597 636 667 688 689 721 746 769 785 791 805 810 812 807 800 792 780 767 764 762 722 732 728 704 696 687 710 709 705 693 678 680 648 653 655 664 673 641 617 594 579 585 575 573 581 589 565 571 543 574 569 574 589 572 593 605 591 619 628 620 647 646 643 636 596 616 621 640 654 633 614 631 624
-9999 -9999 -9999 -9999 -9999 -9999 410 431 453 450 452 455 459 465 470 480 489 501 525 553 558 589 614 648 668 701 723 747 768 789 806 817 821 820 817 810 803 795 786 792 776 756 752 738 720 719 690 746 722 730 702 680 692 671 654 659 666 660 638 627 605 591 586 586 608 563 603 575 568 572 567 565 558 565 572 585 596 603 600 615 620 608 630 628 628 619 633 630 647 663 626 641 647 653
