sesion_6_simulaciones/modelos_distribucion_especies/ejemplo/variables/futuro_A2/2040/PA.asc
ncols 708
nrows 329
xllcorner -7.525000
yllcorner 35.991667
cellsize 0.008333
NODATA_value -9999
[rows 168 to 209 of 329, columns 282 to 375 of 708]
463 462 461 460 459 457 455 453 451 450 452 451 455 454 452 451 453 450 449 443 437 413 418 412 409 402 399 396 396 398 400 405 412 423 432 446 451 447 449 451 452 453 449 441 430 421 412 403 394 385 391 392 395 400 400 400 422 408 399 387 373 372 384 379 377 376 371 376 370 387 387 405 415 430 439 447 451 460 473 475 487 487 499 496 507 506 505 504 503 504 509 515 526 540
463 462 460 459 458 455 454 452 451 452 450 451 449 450 448 450 449 451 452 443 438 427 420 418 416 414 411 404 405 406 408 418 419 432 438 450 453 454 455 458 458 448 442 432 421 412 403 392 387 376 382 381 388 390 394 408 411 410 385 379 376 367 369 365 366 350 359 362 363 375 388 402 421 431 451 458 460 474 484 486 498 493 489 495 496 504 487 497 493 494 499 511 514 526
463 461 460 458 457 455 454 453 452 452 451 451 451 450 452 452 454 455 460 455 438 431 427 429 427 424 419 418 416 420 427 429 434 444 450 457 461 457 462 457 458 447 436 424 414 405 396 386 375 366 365 373 378 388 401 406 406 403 382 377 366 350 360 353 347 356 349 358 362 376 394 404 423 447 460 475 478 480 485 502 487 509 499 491 496 489 483 486 490 492 487 500 500 516
462 461 459 457 456 456 455 454 454 455 454 453 453 454 456 455 461 467 464 458 441 431 429 432 427 437 433 431 428 436 441 448 452 460 461 470 470 473 469 467 458 443 433 422 411 402 393 385 369 366 364 369 382 390 403 404 404 398 389 372 358 350 350 342 353 353 360 362 367 381 394 417 431 456 475 485 489 494 500 509 511 501 503 507 495 488 493 493 498 496 497 502 495 507
461 460 458 457 456 456 456 456 456 456 457 458 459 463 460 462 464 468 465 456 444 436 432 437 436 441 439 443 447 453 458 465 475 480 485 486 489 478 478 479 475 452 435 425 414 405 396 387 374 369 365 373 378 395 401 407 414 404 392 385 357 377 358 367 367 364 364 368 374 380 402 423 443 458 482 490 511 516 525 525 516 510 507 505 507 492 505 499 496 481 484 472 476 497
462 459 458 457 456 456 456 458 459 463 458 464 466 467 468 466 470 473 464 452 445 442 445 440 447 454 455 456 464 463 473 496 505 525 527 509 520 505 495 502 474 479 445 433 423 411 403 393 379 375 371 380 388 397 407 412 414 415 400 406 395 391 381 378 375 374 377 376 379 388 410 420 439 456 483 510 513 523 538 543 531 526 508 503 501 499 483 487 470 460 460 449 456 462
461 459 458 456 455 455 457 460 463 464 464 463 468 469 470 473 474 479 467 454 449 446 450 449 453 459 461 470 478 486 495 516 537 555 558 568 540 550 509 506 505 475 461 443 433 420 408 399 386 378 378 386 394 403 406 416 421 416 404 400 397 398 381 378 377 378 375 380 384 383 379 428 420 466 489 507 522 530 539 545 543 533 526 515 506 482 481 464 442 443 437 437 437 445
461 459 458 456 456 456 459 462 465 467 467 466 466 467 473 479 480 479 471 455 454 451 454 456 462 467 476 483 487 494 512 536 538 560 572 589 587 564 539 508 492 479 468 459 424 431 415 403 397 390 398 397 401 407 416 422 421 421 420 414 408 392 390 365 377 379 381 370 372 378 396 430 449 480 491 511 519 524 533 536 536 525 521 507 493 483 468 456 436 442 444 444 430 452
461 459 458 456 456 458 460 463 470 469 471 470 468 470 471 481 485 481 467 461 457 455 457 465 467 472 474 485 493 511 519 524 527 538 552 579 585 573 540 509 492 483 475 485 446 444 421 411 408 404 409 413 417 421 423 427 427 428 425 422 417 391 382 376 375 379 382 360 382 401 399 420 441 473 484 490 495 504 516 526 520 518 508 494 470 469 467 461 460 457 467 482 486 498
461 460 458 457 457 459 462 469 473 480 480 470 474 472 475 476 477 474 466 463 459 460 464 467 469 471 475 481 488 506 516 522 523 536 542 560 571 553 535 516 498 492 499 492 490 450 431 424 417 417 424 428 432 434 435 434 434 433 431 424 421 390 384 366 363 388 385 374 400 407 407 427 442 436 452 463 482 485 492 496 490 490 481 479 468 476 481 480 479 479 482 502 504 502
461 459 458 457 459 459 464 472 482 481 487 479 475 474 478 478 473 471 470 464 462 463 463 467 471 471 477 480 484 492 496 501 509 517 529 539 538 534 536 527 516 518 497 527 458 455 437 433 429 430 436 436 445 444 445 444 443 442 439 425 411 401 385 383 383 388 383 385 390 406 412 419 420 438 439 452 458 465 471 466 474 470 460 464 460 472 481 494 501 497 488 502 519 530
462 459 457 458 458 459 464 469 481 487 480 479 476 476 478 476 478 478 477 474 465 465 466 469 472 476 480 483 486 485 491 496 497 505 508 514 512 521 518 524 499 499 514 476 476 447 442 441 439 442 447 453 453 452 452 451 449 446 446 433 428 391 398 386 396 409 392 396 403 404 414 420 426 436 449 446 452 455 455 473 461 464 455 462 463 471 482 499 510 513 511 511 531 546
461 459 459 460 460 460 462 466 469 472 476 474 475 476 477 478 486 475 487 483 471 472 465 467 470 478 479 478 481 482 484 487 488 491 495 495 496 494 499 491 485 478 475 466 454 449 447 446 448 449 450 456 457 457 456 455 453 451 447 443 422 415 396 398 405 408 408 400 399 402 408 418 425 428 439 433 449 446 462 466 463 462 455 461 468 476 493 504 515 541 532 537 511 552
465 459 462 465 465 463 463 463 468 468 469 470 472 474 476 481 488 495 495 489 481 474 463 466 467 472 475 475 476 477 481 479 480 477 478 478 481 479 476 471 463 459 454 451 448 447 447 450 452 455 458 461 460 460 459 458 456 453 449 441 430 418 415 410 413 413 408 408 402 413 402 410 418 423 429 440 442 444 451 461 460 444 438 446 466 484 508 515 540 540 544 548 546 553
474 462 465 463 466 468 466 474 470 474 476 474 479 479 479 480 490 493 499 494 485 475 465 463 468 467 465 465 472 474 477 476 477 477 476 470 471 469 466 459 450 448 443 443 441 444 447 449 453 458 461 463 464 464 465 463 458 455 451 448 444 434 424 424 420 421 418 410 404 403 403 409 411 418 426 428 435 433 444 448 449 446 439 458 454 474 493 507 532 526 538 532 539 547
473 464 467 466 468 469 473 476 480 479 482 483 485 487 481 482 493 492 499 485 491 477 469 462 472 471 480 470 473 471 470 472 475 474 475 471 468 462 454 449 440 435 434 432 436 439 444 449 454 459 463 466 467 468 466 463 461 455 453 463 459 458 444 436 431 425 417 411 411 405 408 409 408 412 415 421 425 430 438 437 437 446 438 443 444 461 474 487 494 507 513 496 511 524
472 466 469 468 470 474 480 484 488 489 489 489 492 494 490 494 495 492 490 499 488 477 473 461 460 476 475 478 471 470 470 466 469 471 471 469 467 458 451 443 438 433 429 428 429 435 443 449 456 461 465 469 470 469 466 462 458 454 452 466 460 461 446 442 440 430 423 419 414 410 408 408 411 409 412 415 419 424 428 432 429 439 439 450 438 457 460 478 478 483 495 502 528 550
476 472 471 470 473 478 484 494 500 497 503 503 505 507 508 501 498 489 494 490 482 480 460 455 459 470 469 469 466 466 467 467 465 466 470 476 469 464 456 452 445 435 427 424 426 433 445 448 457 461 469 468 466 467 462 457 453 451 451 438 465 459 454 449 441 435 430 423 420 416 413 409 408 408 404 409 411 419 425 434 434 440 438 452 451 457 470 480 487 477 495 517 533 544
475 475 475 477 477 480 481 500 512 515 526 511 526 512 518 508 504 496 494 486 485 477 460 459 461 464 463 465 464 465 463 468 469 474 475 476 475 478 473 474 473 459 447 430 425 433 445 452 458 463 468 468 464 461 455 450 446 443 448 476 485 483 479 455 450 444 439 437 432 424 418 412 408 405 404 405 410 416 426 427 439 445 446 455 456 470 475 489 482 494 497 512 532 559
484 486 480 477 482 489 500 513 518 545 556 537 549 527 519 516 505 488 491 480 470 479 471 445 464 469 472 470 468 469 473 476 475 478 472 480 490 484 495 465 468 442 449 427 426 436 441 449 454 462 460 458 453 447 442 439 436 434 443 460 497 494 476 465 457 453 450 446 442 433 423 414 405 403 402 405 408 413 418 431 436 441 451 452 457 466 487 493 521 511 513 525 552 568
490 491 492 489 497 496 495 516 534 539 564 551 541 529 515 507 506 483 486 478 473 461 461 449 462 466 468 474 471 471 473 481 480 486 495 496 503 482 473 460 443 430 423 426 429 435 439 446 446 449 446 442 438 433 428 425 424 423 428 445 459 477 467 464 460 463 460 454 446 439 428 415 406 399 396 399 408 411 417 425 430 442 453 474 490 491 494 519 531 529 521 534 543 558
503 505 494 494 495 507 516 510 528 540 536 539 532 520 511 500 499 483 482 471 476 468 460 452 457 463 468 471 470 471 474 481 485 498 502 517 498 487 454 437 431 429 431 434 437 438 440 444 442 438 433 427 422 417 413 412 410 410 416 424 436 443 456 465 468 472 469 464 453 444 432 413 405 394 390 396 396 406 410 418 430 451 473 507 519 504 545 548 541 552 551 536 562 562
506 514 508 522 522 522 515 521 509 526 532 534 520 508 508 496 487 488 478 479 468 459 452 452 463 468 470 470 470 470 471 471 477 483 514 486 485 458 442 437 437 440 440 441 445 443 440 440 434 429 421 415 410 405 402 400 399 401 408 416 426 439 450 459 468 475 472 470 461 445 430 415 399 388 382 385 391 398 406 416 435 456 484 507 525 541 547 533 548 545 530 545 549 552
506 512 517 521 541 550 546 517 524 523 527 528 521 517 506 501 495 489 482 466 460 454 452 454 461 467 468 468 467 468 464 464 465 473 477 469 463 447 444 446 447 448 450 449 448 445 439 435 422 421 411 402 399 397 392 390 391 394 398 411 422 435 448 461 468 477 483 474 464 449 434 412 395 383 376 377 388 393 400 412 431 457 469 497 504 527 530 524 520 521 518 519 526 534
513 491 520 520 542 566 558 550 532 529 530 525 531 520 510 505 485 496 482 467 465 453 451 451 461 462 468 468 468 468 467 465 460 458 457 455 452 452 452 453 452 452 452 448 446 442 437 426 421 411 400 394 390 388 383 384 383 386 397 409 420 433 447 456 468 475 485 476 468 453 428 412 390 378 371 374 374 385 394 409 423 447 468 482 504 513 506 512 511 510 504 501 510 510
489 501 508 529 557 536 546 530 529 534 526 532 525 511 494 492 497 481 476 465 456 450 447 448 457 460 467 468 472 477 481 477 469 464 462 463 462 464 462 458 454 450 448 442 441 434 430 419 411 402 395 388 381 379 375 374 377 384 392 407 420 432 442 456 468 473 474 477 474 451 432 407 387 376 365 367 373 377 389 402 428 444 464 477 485 500 504 501 498 498 498 500 502 494
483 496 524 523 538 528 537 540 536 540 535 528 511 515 499 489 484 475 474 461 455 448 445 446 452 457 460 466 472 491 491 482 480 468 473 474 479 476 471 463 455 446 444 442 435 428 419 411 404 397 391 385 381 376 378 380 379 385 396 410 422 431 447 457 465 467 472 479 472 451 428 403 383 370 364 360 367 374 388 403 421 447 464 478 483 489 487 499 494 491 490 495 504 515
471 491 499 517 508 513 507 526 533 539 529 512 505 493 492 490 488 486 481 467 460 451 443 446 451 462 471 476 475 479 490 492 484 480 479 479 477 474 473 466 458 453 446 438 429 419 411 403 398 394 389 384 382 380 380 380 394 411 427 434 437 451 458 456 459 463 464 468 462 444 420 398 381 368 357 362 367 378 392 412 416 449 465 478 478 482 493 496 497 488 485 487 497 512
487 479 500 492 499 499 501 519 522 520 510 510 502 495 502 492 483 474 474 466 457 458 457 452 464 472 481 483 480 482 483 488 485 481 476 472 471 466 461 457 456 452 445 432 420 413 402 395 391 387 388 384 385 384 393 398 403 415 433 436 447 454 453 451 454 456 456 454 445 433 412 394 380 370 364 362 374 385 402 416 435 456 474 482 479 483 495 494 496 484 480 483 496 511
458 473 488 481 477 491 498 503 513 511 520 517 519 517 500 492 490 485 490 482 477 466 454 482 472 464 484 489 494 494 495 490 487 476 477 470 464 457 454 449 448 442 434 421 413 403 400 389 388 387 389 388 389 393 396 400 405 409 416 429 439 445 441 446 447 448 447 441 433 421 407 393 382 374 372 375 382 397 410 428 448 473 482 482 483 483 481 491 483 477 476 486 489 504
499 477 469 474 486 484 496 501 515 519 524 525 516 519 506 490 485 472 471 486 475 497 477 489 484 499 502 492 496 491 490 486 482 477 468 470 460 455 447 441 435 427 418 409 399 393 385 380 381 384 390 394 399 404 407 413 417 422 422 429 438 442 444 444 442 441 438 432 425 415 404 395 386 382 383 390 401 412 426 446 471 496 508 497 497 498 493 487 479 475 476 483 504 513
513 508 505 495 490 504 524 535 540 541 536 531 525 520 511 510 491 500 492 490 480 490 472 499 476 490 492 484 482 486 480 478 477 473 472 465 459 453 443 435 426 416 405 394 386 379 373 370 371 377 386 398 409 418 422 428 434 437 439 445 448 451 449 443 437 435 431 426 419 413 405 399 395 395 398 407 416 430 446 465 483 525 507 525 524 533 513 493 487 473 470 498 495 499
532 512 515 524 528 532 544 548 552 550 551 545 538 527 525 510 514 487 507 489 496 493 487 485 489 489 490 485 486 479 481 477 472 466 462 462 457 447 438 428 417 407 396 386 377 367 364 359 360 367 380 398 414 428 437 444 451 457 458 462 461 460 452 445 437 432 428 423 419 414 410 406 405 408 414 423 435 450 465 480 500 525 555 549 557 547 555 529 498 482 503 486 530 519
555 543 545 551 552 543 544 548 547 552 561 546 548 531 515 521 497 504 484 489 493 492 489 484 478 487 478 487 478 481 479 477 471 459 456 445 442 440 430 420 411 398 388 379 368 358 351 346 350 359 375 395 418 434 450 459 468 475 478 479 476 466 458 448 441 435 430 426 422 419 417 416 418 422 430 440 453 467 482 495 510 537 552 583 571 573 553 557 539 493 506 507 493 480
601 576 571 568 558 564 549 548 544 539 541 543 546 536 526 510 506 499 491 488 483 479 475 468 472 467 469 472 473 472 472 465 460 452 444 441 435 428 420 413 400 391 381 363 357 342 338 337 335 350 370 392 418 439 455 471 481 489 492 492 488 476 465 458 450 444 440 438 433 430 427 429 432 437 446 456 468 482 496 512 532 542 574 596 586 583 564 549 507 532 516 501 485 466
638 631 607 590 583 565 560 560 553 545 549 541 532 526 519 508 494 487 474 472 470 462 459 456 454 455 451 452 454 458 462 457 453 440 437 430 425 419 410 405 398 390 373 357 346 334 325 322 328 341 367 386 418 438 457 477 492 500 505 502 496 487 478 470 466 471 464 463 465 456 444 444 448 454 462 470 482 494 512 532 553 574 612 593 591 582 564 528 528 512 511 496 477 457
690 674 637 621 612 597 595 575 573 549 554 539 528 515 496 487 483 471 463 448 453 443 439 433 442 431 431 431 437 438 445 446 442 442 433 423 418 412 404 399 390 383 370 350 336 328 316 319 323 340 359 388 412 436 459 481 500 515 510 520 508 503 494 486 489 488 509 510 496 483 466 461 467 476 482 485 493 509 537 575 578 594 594 595 587 574 573 544 554 508 501 485 470 456
747 688 665 645 623 626 600 594 571 562 554 545 532 515 483 473 470 454 448 439 429 415 424 418 413 409 417 416 416 420 423 432 437 435 428 420 411 410 405 399 384 381 365 352 342 333 329 322 333 329 358 380 404 434 458 484 509 526 533 532 524 531 516 512 517 530 527 529 522 509 492 485 493 494 497 513 512 519 541 572 586 599 594 582 586 570 564 550 518 500 495 481 477 456
776 732 684 668 664 639 621 601 580 581 554 544 529 509 490 452 448 431 427 416 410 399 393 390 391 389 392 392 400 395 400 402 418 418 412 415 400 404 405 399 392 383 371 362 351 346 340 340 342 355 363 383 408 435 469 498 526 542 553 541 550 551 534 531 536 551 555 542 536 524 544 529 518 522 519 522 533 541 558 574 574 586 586 579 576 564 553 537 529 508 492 484 480 470
820 770 714 700 679 661 633 616 589 557 552 530 510 497 468 454 436 421 407 398 386 376 375 374 372 374 374 377 380 377 380 384 386 398 392 400 394 410 410 403 402 396 392 377 371 365 360 361 361 366 358 393 412 443 486 510 546 552 559 560 559 549 549 550 545 571 562 551 549 534 548 558 543 527 525 543 533 554 538 562 572 571 570 566 565 554 536 535 544 533 489 502 496 496
824 787 736 724 689 664 634 596 578 550 537 517 504 494 475 455 433 423 425 409 391 376 368 363 363 364 363 366 365 364 374 398 409 405 389 393 395 410 416 414 417 401 403 397 390 383 380 377 380 383 394 399 418 452 492 525 538 547 551 553 551 554 554 552 556 569 557 552 549 557 551 551 554 546 546 538 544 532 540 549 555 567 559 560 550 545 536 543 538 551 579 544 528 522
778 765 737 723 691 668 636 601 575 556 538 519 519 508 492 453 457 454 458 432 411 382 371 362 357 357 356 357 357 369 384 386 409 395 365 407 419 431 430 419 412 413 401 411 390 397 382 405 395 395 402 416 434 455 490 514 527 537 545 546 548 544 554 552 562 561 573 563 559 563 575 570 571 560 554 537 554 552 557 561 557 559 581 593 572 552 540 542 559 588 577 563 547 547
