sesion_6_simulaciones/modelos_distribucion_especies/ejemplo/variables/futuro_A2/2040/TMNV.asc
ncols 708
nrows 329
xllcorner -7.525000
yllcorner 35.991667
cellsize 0.008333
NODATA_value -9999
[rows 205 to 245 of 329, columns 470 to 563 of 708]
187 186 185 183 182 178 185 174 173 169 171 165 163 161 157 150 148 145 144 140 137 139 142 137 133 141 146 153 152 149 146 153 152 153 146 143 139 143 148 152 157 162 169 163 156 147 152 157 163 161 166 163 158 161 165 171 164 160 162 164 168 173 169 173 177 172 171 171 171 174 177 173 177 178 174 172 172 173 177 182 176 173 171 173 172 177 180 172 168 171 175 172 172 173
187 187 186 185 185 186 181 178 176 173 168 165 161 159 154 154 153 148 143 137 137 145 138 134 137 143 149 155 159 155 152 155 161 155 150 145 142 148 156 158 162 167 169 159 151 149 154 159 165 166 168 159 160 164 168 170 163 164 165 167 169 175 174 174 181 176 175 175 175 176 182 178 181 182 177 175 176 176 178 183 178 176 176 175 174 177 181 173 176 176 178 177 175 177
188 187 187 186 186 185 182 177 168 165 164 164 164 162 166 160 156 150 144 141 144 143 136 139 143 144 145 151 158 163 158 164 162 154 149 144 146 149 157 164 169 172 166 158 148 151 155 160 166 172 166 159 161 167 172 173 166 169 171 173 174 178 178 179 182 181 179 181 179 180 183 184 186 184 181 180 181 178 182 185 182 180 181 179 179 179 183 181 178 180 182 181 181 182
188 187 187 187 187 185 183 177 168 168 168 170 172 166 160 155 150 145 145 149 147 140 137 143 148 144 144 149 155 159 168 166 158 153 148 145 151 159 160 162 170 171 163 157 152 154 157 162 167 175 167 165 165 169 175 175 170 174 177 180 182 183 186 185 186 186 184 184 185 185 186 186 189 184 182 184 183 184 184 185 181 182 183 183 183 183 184 183 182 184 185 185 184 183
187 188 187 187 187 186 185 183 178 179 179 176 168 164 158 153 147 147 153 157 151 143 146 147 153 146 149 153 157 163 168 163 156 151 145 147 153 161 168 168 172 170 163 155 156 157 160 163 168 172 174 171 169 173 177 176 175 176 180 182 185 187 187 188 188 190 189 189 189 190 190 190 190 187 187 187 187 186 188 182 183 183 184 184 184 185 185 186 186 186 186 187 185 187
187 188 189 187 188 186 186 184 183 180 176 172 168 161 156 152 149 155 163 157 151 149 152 155 155 150 153 159 165 169 168 161 154 149 150 151 154 159 165 171 173 167 160 158 161 162 163 166 168 171 177 171 172 176 180 182 178 181 182 186 188 189 190 190 190 192 191 191 191 189 190 192 189 189 191 189 189 190 188 185 185 184 184 184 184 185 185 185 185 185 184 182 184 183
187 187 189 186 185 186 185 185 184 180 175 170 167 163 158 153 154 161 164 158 153 154 158 162 159 154 157 163 170 173 167 160 155 155 156 157 158 163 168 173 175 168 162 162 165 167 167 168 170 174 180 175 173 177 180 186 183 186 187 187 186 188 190 190 190 192 193 192 191 191 193 194 190 190 192 190 190 189 186 182 181 181 184 183 181 182 184 183 183 179 182 180 178 180
186 187 189 188 186 185 186 187 186 180 177 173 169 167 161 157 158 166 165 160 158 160 163 167 163 158 162 167 174 174 169 164 160 161 161 161 163 166 170 173 176 170 165 167 169 170 173 171 174 178 183 180 179 180 183 187 188 188 188 188 188 189 190 191 193 192 194 193 192 193 194 195 193 192 193 193 190 189 186 183 180 181 181 180 177 180 184 179 177 176 182 175 176 176
186 185 187 193 190 188 188 188 187 183 180 178 176 171 166 162 166 172 167 161 164 165 167 174 169 162 163 168 175 178 172 167 164 166 167 169 168 169 173 175 177 170 170 172 173 175 176 177 176 180 182 184 183 185 186 188 189 188 190 190 191 191 192 193 193 194 195 194 194 194 195 194 193 191 192 192 191 189 185 181 180 181 179 176 174 178 178 175 178 177 175 172 173 178
189 190 190 193 192 191 190 189 184 184 183 181 176 174 171 169 177 174 166 168 168 169 171 177 172 168 166 170 176 182 175 167 169 172 173 174 174 174 176 181 175 175 175 176 176 177 180 181 182 183 185 185 184 185 185 188 190 190 191 190 190 190 192 193 195 195 195 194 193 196 193 191 190 190 192 190 190 189 187 183 182 180 178 174 174 175 173 174 172 168 168 171 170 171
193 194 194 195 193 191 191 190 189 186 186 181 179 180 176 178 181 173 173 177 176 174 175 182 177 172 171 176 181 180 172 172 174 176 179 178 178 180 181 176 174 178 179 178 179 182 185 184 185 185 185 186 187 187 188 188 189 192 191 192 192 192 194 193 192 192 193 195 197 196 193 188 187 188 188 190 188 188 187 184 181 178 174 171 170 170 169 172 161 162 161 166 168 170
192 195 195 195 196 196 193 195 195 191 188 185 184 186 182 184 185 180 179 181 184 181 182 186 184 181 179 182 187 177 179 179 180 181 183 185 184 178 180 179 179 181 185 184 184 187 185 186 187 186 188 186 186 186 186 186 188 188 188 191 193 194 192 194 193 197 195 196 198 197 195 191 188 187 188 187 188 188 186 185 182 179 175 170 170 168 165 169 164 159 158 160 167 167
191 193 193 193 194 194 197 198 196 194 193 191 189 190 191 190 192 186 184 186 190 187 189 191 190 188 186 188 185 190 184 187 187 187 184 178 177 182 180 185 184 186 188 186 189 187 189 187 188 186 186 185 185 185 185 187 187 185 186 187 188 189 190 194 195 191 192 192 194 198 193 193 192 190 189 188 190 191 190 188 183 180 177 175 169 168 163 165 166 160 160 160 161 161
187 189 190 190 190 191 192 194 199 196 196 193 194 194 197 193 191 191 189 190 194 193 193 195 189 190 186 189 193 192 188 188 183 180 180 182 183 185 188 189 189 192 189 188 188 189 189 190 188 186 183 183 183 184 183 183 183 182 180 182 186 189 193 192 191 189 187 190 196 200 194 191 191 191 188 191 193 192 190 187 185 183 180 177 173 168 162 163 166 160 160 160 157 159
181 184 186 184 187 184 190 192 196 198 197 197 198 198 194 196 195 193 194 195 196 196 197 198 197 194 191 190 197 195 192 184 185 185 186 186 188 189 192 193 192 192 191 191 190 188 187 186 184 187 182 182 181 181 181 182 183 184 185 189 191 193 191 190 188 192 192 192 196 199 197 192 191 188 188 191 195 195 194 193 190 186 181 177 177 171 164 162 165 160 161 158 156 156
178 183 186 186 188 191 193 194 195 199 200 201 199 198 196 198 196 196 197 197 198 199 199 199 200 200 199 199 197 194 198 191 188 192 189 193 194 194 191 189 186 186 185 184 184 187 182 184 184 182 179 180 181 183 184 185 187 184 183 184 184 185 187 190 190 191 196 197 197 200 197 195 196 192 192 195 196 196 193 193 192 188 183 186 180 173 166 165 166 164 163 160 160 160
180 182 186 188 189 191 189 190 193 195 196 195 198 202 201 201 199 197 199 198 200 200 201 201 201 201 200 200 198 197 196 198 198 198 197 195 195 189 185 191 188 182 181 181 181 186 183 179 183 182 178 178 180 182 185 184 181 180 179 181 184 186 187 190 192 195 198 200 200 201 201 200 197 196 195 197 197 194 194 194 193 193 191 183 179 174 170 166 165 165 162 164 163 163
185 186 184 185 184 188 184 185 190 193 191 193 197 199 204 204 203 200 203 202 202 199 199 195 198 199 197 195 195 191 189 194 193 194 190 188 193 192 185 188 183 184 180 177 179 181 184 181 178 179 179 180 183 182 184 184 180 176 179 183 186 188 192 192 196 197 194 194 197 201 199 196 197 200 199 200 199 196 195 195 194 195 194 186 181 175 173 167 165 165 165 164 167 164
193 191 188 186 181 181 183 188 190 189 189 194 198 200 205 202 197 197 196 193 196 192 192 192 196 194 191 190 194 185 187 194 192 190 187 184 189 193 184 186 187 184 183 179 179 179 180 180 181 183 183 183 183 182 181 181 181 179 181 184 187 188 192 195 193 192 191 193 195 201 199 196 195 196 200 201 199 200 199 196 197 195 195 192 188 182 177 172 167 165 166 167 168 165
195 196 194 191 188 186 188 190 195 195 191 195 201 205 203 199 194 193 188 185 188 181 189 189 188 186 187 188 191 185 186 191 193 188 184 183 186 192 189 184 187 182 180 182 185 184 184 184 185 188 186 187 187 185 182 181 183 181 181 186 190 193 193 190 188 192 194 194 196 199 201 199 195 195 195 198 203 203 200 200 199 199 199 196 193 189 184 180 173 171 169 172 172 173
197 197 198 196 194 193 194 194 196 197 195 201 206 203 199 195 194 190 187 181 181 179 181 188 184 180 180 183 189 186 186 191 191 187 184 180 183 190 186 182 185 182 183 186 186 187 187 184 188 187 191 187 185 186 185 183 187 183 186 186 191 191 189 188 189 191 190 191 194 201 201 198 197 199 201 201 204 203 202 202 201 201 199 199 197 193 189 187 183 178 177 176 180 180
199 202 203 198 197 198 200 199 200 200 202 207 204 202 198 195 192 189 189 183 178 177 173 186 176 172 175 181 186 182 188 192 190 186 183 181 186 189 184 181 182 183 187 188 190 191 188 187 188 191 193 190 189 187 188 190 186 183 186 187 188 187 189 191 192 190 190 190 192 194 206 199 203 201 204 204 205 204 204 203 203 199 199 197 194 195 197 195 192 187 186 186 184 181
197 199 203 206 204 201 199 203 201 204 207 206 202 201 197 193 186 183 180 180 176 174 173 178 169 170 176 182 186 187 185 189 190 184 181 181 183 187 182 187 189 188 188 188 192 192 190 188 188 192 193 193 193 195 192 189 186 185 185 185 184 186 191 193 197 193 192 191 194 198 207 201 204 204 206 206 206 205 204 205 204 204 202 202 200 200 199 199 198 196 192 191 186 184
194 199 198 203 206 202 206 206 202 206 208 206 203 198 195 189 182 181 179 174 177 174 171 170 170 173 179 184 191 194 188 186 187 186 179 176 180 185 184 188 191 189 192 193 192 192 190 190 192 193 196 197 192 189 190 190 191 192 188 184 185 187 189 195 196 199 203 200 202 205 208 206 205 205 207 207 207 206 206 206 205 204 201 200 196 197 200 201 200 199 197 194 191 190
188 194 198 204 208 208 207 207 207 208 206 202 202 197 196 193 188 188 181 176 173 171 169 168 169 175 183 190 197 195 188 187 186 183 179 181 183 184 188 191 191 195 196 198 200 195 194 194 196 197 198 197 195 194 192 196 193 191 192 189 188 188 192 197 196 201 203 206 207 207 207 208 207 204 208 208 208 205 205 205 206 203 200 198 199 200 202 203 202 202 200 199 198 198
193 189 197 200 202 205 209 210 207 207 204 204 201 200 198 194 190 184 183 186 179 177 177 178 177 182 191 191 199 195 191 193 191 188 185 185 184 186 191 191 193 192 195 197 201 199 200 198 198 198 202 200 196 193 195 198 197 198 196 193 194 195 194 198 199 196 199 203 205 208 210 206 206 206 210 208 205 204 205 202 202 201 202 199 198 201 203 204 204 204 203 202 202 201
199 200 199 200 202 206 209 206 207 203 203 204 203 202 202 200 195 194 191 192 187 189 186 186 185 188 192 200 203 196 194 199 191 190 190 193 189 190 192 194 196 193 195 199 203 206 204 204 202 202 206 202 196 196 200 203 201 201 197 194 200 196 197 197 202 200 197 199 206 205 211 212 209 206 210 207 201 205 204 200 200 203 200 199 199 198 200 200 203 206 206 205 205 206
204 207 205 205 206 206 207 206 211 199 201 206 205 205 202 202 201 197 198 198 195 194 193 193 196 198 200 204 198 197 201 202 195 198 195 198 196 197 194 194 196 198 198 197 202 203 208 208 208 208 205 200 201 201 202 204 205 203 199 197 202 199 198 203 204 201 197 201 203 208 209 213 211 213 209 204 206 208 205 200 202 202 204 202 201 199 202 205 204 206 207 208 208 208
209 210 210 205 206 206 208 211 210 209 206 207 206 205 202 202 201 200 202 198 192 189 193 198 200 204 203 205 201 203 206 200 201 201 196 204 199 201 197 200 201 202 204 202 200 199 203 206 210 211 209 206 207 207 204 207 207 203 201 203 204 205 201 205 205 199 196 196 200 202 209 212 213 213 209 208 210 210 207 203 205 202 203 206 208 205 204 206 209 208 208 209 210 210
212 212 213 209 212 212 212 213 211 209 207 204 207 205 206 205 203 202 204 202 198 195 196 201 204 206 205 206 207 208 205 202 205 204 202 204 202 207 201 205 205 204 211 208 203 204 202 204 206 212 214 212 208 210 208 211 207 207 204 203 203 208 206 207 206 200 202 204 205 207 211 212 215 215 213 213 213 213 211 210 209 209 208 211 212 210 209 210 211 210 211 211 211 211
213 214 215 215 215 214 214 212 211 206 209 210 210 208 209 208 205 205 206 206 203 200 194 200 205 208 209 210 211 209 207 206 207 210 206 210 204 211 206 207 209 209 208 215 208 209 206 208 212 212 217 214 212 211 215 211 210 211 207 207 207 210 211 209 214 211 210 207 211 210 212 214 216 217 217 216 216 217 217 216 214 216 213 215 215 214 214 214 213 213 213 212 212 212
215 217 217 217 217 216 215 211 209 211 212 212 213 211 211 208 208 207 207 207 204 201 198 203 204 207 209 212 212 212 211 210 208 212 211 212 210 215 211 213 219 215 215 218 217 217 213 214 217 217 218 219 217 215 216 216 215 216 213 212 212 214 218 212 216 215 215 215 214 216 218 218 218 220 219 219 219 220 221 222 222 221 221 219 218 217 216 216 215 215 214 213 213 213
-9999 -9999 220 219 218 216 214 212 213 214 215 215 215 214 212 211 208 209 210 208 204 203 198 199 202 205 208 212 215 215 -9999 -9999 -9999 -9999 -9999 -9999 -9999 -9999 -9999 -9999 -9999 -9999 -9999 -9999 -9999 -9999 -9999 -9999 -9999 -9999 -9999 -9999 -9999 -9999 -9999 -9999 -9999 -9999 -9999 -9999 -9999 -9999 -9999 -9999 -9999 -9999 -9999 -9999 -9999 -9999 -9999 -9999 -9999 -9999 -9999 -9999 -9999 -9999 -9999 -9999 -9999 -9999 -9999 -9999 -9999 -9999 218 217 217 216 215 214 214 214
-9999 -9999 224 221 219 218 217 216 218 218 218 218 217 216 214 212 212 212 211 209 207 203 198 199 203 205 209 214 217 218 -9999 -9999 -9999 -9999 -9999 -9999 -9999 -9999 -9999 -9999 -9999 -9999 -9999 -9999 -9999 -9999 -9999 -9999 -9999 -9999 -9999 -9999 -9999 -9999 -9999 -9999 -9999 -9999 -9999 -9999 -9999 -9999 -9999 -9999 -9999 -9999 -9999 -9999 -9999 -9999 -9999 -9999 -9999 -9999 -9999 -9999 -9999 -9999 -9999 -9999 -9999 -9999 -9999 -9999 -9999 -9999 221 219 218 217 215 215 215 215
-9999 -9999 -9999 -9999 221 220 219 220 221 221 221 221 220 218 216 215 214 213 212 211 209 205 201 201 205 208 212 215 -9999 -9999 -9999 -9999 -9999 -9999 -9999 -9999 -9999 -9999 -9999 -9999 -9999 -9999 -9999 -9999 -9999 -9999 -9999 -9999 -9999 -9999 -9999 -9999 -9999 -9999 -9999 -9999 -9999 -9999 -9999 -9999 -9999 -9999 -9999 -9999 -9999 -9999 -9999 -9999 -9999 -9999 -9999 -9999 -9999 -9999 -9999 -9999 -9999 -9999 -9999 -9999 -9999 -9999 -9999 -9999 -9999 -9999 -9999 -9999 220 218 217 216 216 216
-9999 -9999 -9999 -9999 226 223 222 224 225 228 226 225 222 220 218 217 216 215 214 211 208 210 206 206 208 208 209 215 -9999 -9999 -9999 -9999 -9999 -9999 -9999 -9999 -9999 -9999 -9999 -9999 -9999 -9999 -9999 -9999 -9999 -9999 -9999 -9999 -9999 -9999 -9999 -9999 -9999 -9999 -9999 -9999 -9999 -9999 -9999 -9999 -9999 -9999 -9999 -9999 -9999 -9999 -9999 -9999 -9999 -9999 -9999 -9999 -9999 -9999 -9999 -9999 -9999 -9999 -9999 -9999 -9999 -9999 -9999 -9999 -9999 -9999 -9999 -9999 223 220 219 217 218 218
-9999 -9999 -9999 -9999 -9999 -9999 -9999 -9999 -9999 -9999 -9999 -9999 -9999 -9999 -9999 -9999 217 217 215 214 215 214 -9999 -9999 -9999 -9999 -9999 -9999 -9999 -9999 -9999 -9999 -9999 -9999 -9999 -9999 -9999 -9999 -9999 -9999 -9999 -9999 -9999 -9999 -9999 -9999 -9999 -9999 -9999 -9999 -9999 -9999 -9999 -9999 -9999 -9999 -9999 -9999 -9999 -9999 -9999 -9999 -9999 -9999 -9999 -9999 -9999 -9999 -9999 -9999 -9999 -9999 -9999 -9999 -9999 -9999 -9999 -9999 -9999 -9999 -9999 -9999 -9999 -9999 -9999 -9999 -9999 -9999 -9999 -9999 -9999 -9999 -9999 -9999
-9999 -9999 -9999 -9999 -9999 -9999 -9999 -9999 -9999 -9999 -9999 -9999 -9999 -9999 -9999 -9999 217 216 220 221 217 220 -9999 -9999 -9999 -9999 -9999 -9999 -9999 -9999 -9999 -9999 -9999 -9999 -9999 -9999 -9999 -9999 -9999 -9999 -9999 -9999 -9999 -9999 -9999 -9999 -9999 -9999 -9999 -9999 -9999 -9999 -9999 -9999 -9999 -9999 -9999 -9999 -9999 -9999 -9999 -9999 -9999 -9999 -9999 -9999 -9999 -9999 -9999 -9999 -9999 -9999 -9999 -9999 -9999 -9999 -9999 -9999 -9999 -9999 -9999 -9999 -9999 -9999 -9999 -9999 -9999 -9999 -9999 -9999 -9999 -9999 -9999 -9999
-9999 -9999 -9999 -9999 -9999 -9999 -9999 -9999 -9999 -9999 -9999 -9999 -9999 -9999 -9999 -9999 -9999 -9999 -9999 -9999 -9999 -9999 -9999 -9999 -9999 -9999 -9999 -9999 -9999 -9999 -9999 -9999 -9999 -9999 -9999 -9999 -9999 -9999 -9999 -9999 -9999 -9999 -9999 -9999 -9999 -9999 -9999 -9999 -9999 -9999 -9999 -9999 -9999 -9999 -9999 -9999 -9999 -9999 -9999 -9999 -9999 -9999 -9999 -9999 -9999 -9999 -9999 -9999 -9999 -9999 -9999 -9999 -9999 -9999 -9999 -9999 -9999 -9999 -9999 -9999 -9999 -9999 -9999 -9999 -9999 -9999 -9999 -9999 -9999 -9999 -9999 -9999 -9999 -9999
-9999 -9999 -9999 -9999 -9999 -9999 -9999 -9999 -9999 -9999 -9999 -9999 -9999 -9999 -9999 -9999 -9999 -9999 -9999 -9999 -9999 -9999 -9999 -9999 -9999 -9999 -9999 -9999 -9999 -9999 -9999 -9999 -9999 -9999 -9999 -9999 -9999 -9999 -9999 -9999 -9999 -9999 -9999 -9999 -9999 -9999 -9999 -9999 -9999 -9999 -9999 -9999 -9999 -9999 -9999 -9999 -9999 -9999 -9999 -9999 -9999 -9999 -9999 -9999 -9999 -9999 -9999 -9999 -9999 -9999 -9999 -9999 -9999 -9999 -9999 -9999 -9999 -9999 -9999 -9999 -9999 -9999 -9999 -9999 -9999 -9999 -9999 -9999 -9999 -9999 -9999 -9999 -9999 -9999
-9999 -9999 -9999 -9999 -9999 -9999 -9999 -9999 -9999 -9999 -9999 -9999 -9999 -9999 -9999 -9999 -9999 -9999 -9999 -9999 -9999 -9999 -9999 -9999 -9999 -9999 -9999 -9999 -9999 -9999 -9999 -9999 -9999 -9999 -9999 -9999 -9999 -9999 -9999 -9999 -9999 -9999 -9999 -9999 -9999 -9999 -9999 -9999 -9999 -9999 -9999 -9999 -9999 -9999 -9999 -9999 -9999 -9999 -9999 -9999 -9999 -9999 -9999 -9999 -9999 -9999 -9999 -9999 -9999 -9999 -9999 -9999 -9999 -9999 -9999 -9999 -9999 -9999 -9999 -9999 -9999 -9999 -9999 -9999 -9999 -9999 -9999 -9999 -9999 -9999 -9999 -9999 -9999 -9999
