sesion_6_simulaciones/modelos_distribucion_especies/ejemplo/variables/futuro_A2/2040/TMNV.asc
ncols 708
nrows 329
xllcorner -7.525000
yllcorner 35.991667
cellsize 0.008333
NODATA_value -9999
[rows 205 to 245 of 329, columns 282 to 375 of 708]
186 188 190 191 190 191 190 191 190 189 189 188 188 188 187 188 189 188 188 188 188 188 189 189 189 189 189 189 188 189 189 190 189 188 189 191 191 191 191 191 190 191 191 191 191 192 192 192 193 192 194 194 194 194 194 194 194 193 192 192 191 192 191 192 192 190 188 188 188 189 192 192 192 191 192 193 192 191 188 187 187 187 187 186 187 186 187 186 186 188 188 187 188 188
183 189 190 190 190 190 190 190 190 190 189 188 187 188 188 188 189 188 189 189 189 189 190 190 190 190 190 189 190 190 191 190 189 189 190 191 190 190 191 191 191 191 191 191 191 192 192 192 192 193 194 194 194 194 194 193 192 191 191 189 190 191 190 190 189 187 187 188 189 189 191 189 188 191 191 189 190 190 189 188 187 187 187 187 187 187 187 187 188 189 189 188 189 189
182 185 188 189 188 190 190 191 191 190 190 189 188 189 188 189 189 189 189 190 189 189 190 190 190 190 190 190 190 190 191 191 191 192 191 191 190 191 191 191 191 191 191 191 191 191 192 192 192 192 191 194 194 194 192 189 190 190 190 190 190 190 190 190 187 186 186 189 190 188 188 188 188 189 190 190 189 191 188 189 188 187 187 187 188 187 187 189 190 188 184 186 189 190
178 182 184 186 187 189 189 188 190 190 191 190 189 188 189 189 189 189 190 189 190 190 190 190 191 191 191 191 190 191 191 192 191 192 192 192 191 191 190 189 191 190 190 191 191 191 192 192 192 193 193 194 194 194 191 190 189 189 190 190 189 189 189 189 189 188 187 189 189 189 188 188 188 190 191 190 190 189 190 189 189 190 188 188 187 188 189 189 183 181 185 186 189 190
186 186 183 185 186 188 189 190 190 191 191 189 187 187 187 185 186 185 184 183 187 188 189 190 190 190 191 191 191 192 189 185 187 189 188 192 191 190 189 189 192 192 191 192 191 192 191 193 193 193 193 194 193 191 190 190 190 190 190 190 189 189 189 189 189 187 189 188 187 187 188 188 188 188 189 189 190 190 190 191 190 188 187 187 187 188 189 187 185 184 184 187 189 190
187 186 186 186 188 187 189 190 189 188 190 189 187 185 184 186 182 182 182 182 187 188 187 189 189 190 190 190 191 189 188 190 191 192 192 193 188 188 188 191 193 193 192 191 193 194 194 193 194 194 194 194 193 192 191 191 190 190 190 190 189 191 189 190 189 188 188 187 186 186 186 186 185 183 183 183 183 184 184 184 187 184 179 178 179 182 186 187 187 187 186 188 189 189
187 185 188 189 189 190 188 188 189 189 188 188 186 181 180 183 182 181 183 182 185 187 188 188 188 189 189 189 190 191 191 192 192 192 193 193 193 193 189 191 193 192 192 193 194 194 194 194 194 194 194 194 193 193 192 191 191 191 191 192 192 190 190 189 188 188 184 181 176 174 172 179 181 180 178 179 181 182 178 178 179 184 185 183 179 180 179 186 186 186 187 188 188 187
187 188 188 188 188 187 185 184 183 189 187 186 184 179 180 181 182 184 183 182 182 186 188 189 187 185 186 189 190 190 191 192 192 193 192 192 192 193 193 194 194 194 193 193 192 194 194 194 194 193 192 190 191 192 192 192 192 192 192 190 189 188 187 186 186 184 181 182 181 180 180 181 181 178 175 174 177 178 180 183 185 183 187 186 184 184 186 187 182 182 185 184 185 182
187 186 186 186 184 185 184 184 185 189 187 186 183 180 180 180 180 183 185 181 186 188 189 190 190 187 189 189 188 189 191 192 193 192 192 191 192 193 194 194 194 194 194 194 193 193 194 194 190 186 184 188 190 190 190 188 185 190 194 193 192 189 188 186 187 185 181 181 179 181 183 181 180 177 176 176 178 183 185 184 188 188 189 188 187 186 188 189 188 188 186 183 181 179
184 181 182 182 183 184 185 185 188 186 185 185 180 180 179 180 182 184 184 188 189 190 190 190 191 190 190 188 187 189 191 193 193 192 191 192 193 193 194 194 194 194 192 194 193 194 194 189 187 184 182 183 189 186 182 179 181 191 193 195 193 191 189 187 185 185 185 183 179 180 184 185 183 181 181 184 185 187 190 189 191 193 190 189 187 186 189 189 189 186 186 186 182 182
181 182 183 183 184 184 183 185 184 186 185 184 184 181 180 182 185 182 187 189 190 190 190 191 191 191 190 190 189 190 192 192 190 191 191 192 192 192 193 192 193 193 192 193 194 196 192 192 188 182 193 183 182 182 182 181 183 186 191 196 193 190 188 188 187 187 187 183 181 185 186 186 185 185 187 187 188 189 192 194 192 190 189 185 184 187 189 192 192 191 190 189 185 186
182 182 183 183 183 183 184 184 185 186 184 184 182 183 181 183 186 188 188 189 190 190 190 191 191 191 192 192 191 192 191 189 189 188 190 190 192 192 192 192 194 194 194 195 194 194 193 194 187 185 180 175 177 184 188 184 187 192 195 196 195 191 190 191 190 189 188 188 188 188 189 189 188 188 189 190 192 192 194 193 191 188 187 187 184 189 192 193 192 192 191 189 190 189
183 184 183 183 183 184 184 185 186 184 182 185 181 183 183 184 187 188 189 190 190 190 190 190 191 191 191 191 189 189 190 188 188 188 188 191 192 192 192 193 193 193 194 195 194 189 188 197 193 184 184 186 188 189 190 193 194 196 197 195 192 191 192 193 190 189 188 190 192 190 191 191 191 191 191 191 194 194 195 193 193 193 192 191 190 189 191 194 192 191 191 190 193 191
186 185 185 183 182 184 184 183 183 182 184 182 181 180 180 185 186 187 188 188 189 190 190 190 191 190 190 190 186 183 185 187 187 188 188 191 190 191 193 193 194 194 194 194 194 195 196 197 198 197 195 192 188 192 193 193 196 195 195 196 194 193 194 193 191 191 190 190 192 192 190 190 190 193 191 194 193 195 196 194 192 191 191 195 194 193 193 195 194 193 192 193 194 193
187 184 184 184 183 182 182 183 184 182 183 184 182 179 178 184 183 185 186 188 189 189 189 191 190 190 189 185 184 183 182 185 187 189 190 190 188 189 192 193 194 194 194 192 193 196 194 189 194 198 198 197 194 194 196 195 199 198 196 195 196 194 195 194 193 194 193 194 193 194 193 193 191 193 195 196 195 197 196 196 195 195 194 196 195 195 195 195 194 195 194 195 194 194
187 186 184 183 182 182 182 182 182 183 183 181 179 179 181 182 183 183 185 188 189 189 190 190 190 189 188 183 180 181 185 186 187 188 188 190 192 191 192 194 194 192 193 192 190 192 192 193 192 195 198 198 197 197 197 198 200 198 196 197 196 194 196 195 195 196 196 194 193 194 195 193 193 194 195 196 195 196 197 197 197 195 193 193 195 194 193 193 194 195 196 194 194 193
187 186 185 184 183 183 182 183 182 183 181 181 182 181 182 184 181 185 187 186 187 188 189 190 190 189 188 186 185 185 186 187 187 189 191 192 192 193 193 194 193 191 192 190 190 191 191 193 194 198 196 198 200 200 199 198 200 199 197 198 198 196 195 196 197 197 194 194 195 195 196 194 194 196 196 197 197 196 198 198 197 196 194 192 196 193 190 190 191 191 196 192 192 191
187 186 185 185 183 183 182 182 183 182 182 182 183 184 183 185 186 186 186 186 187 187 188 190 189 186 186 186 186 183 185 186 189 190 189 191 192 194 193 193 193 192 191 189 191 190 193 195 196 193 195 197 198 199 200 201 199 199 198 199 197 196 193 193 195 197 196 195 197 196 195 195 193 194 194 196 197 197 197 197 198 198 196 196 198 196 191 193 196 198 196 191 192 188
187 187 186 185 183 182 182 182 182 182 183 182 181 183 185 184 183 181 182 186 187 187 189 187 188 187 185 186 183 185 183 187 186 189 190 189 192 192 190 191 191 188 188 188 190 190 190 190 189 190 194 196 196 199 200 200 200 199 199 199 199 198 196 197 197 196 196 197 195 193 194 193 194 193 192 195 198 197 200 197 199 195 195 196 194 192 195 192 198 194 193 190 187 188
188 187 186 185 183 183 183 183 182 182 182 180 179 183 183 181 180 179 183 184 187 188 187 187 185 184 184 184 184 187 185 187 187 190 191 193 189 190 189 189 190 190 188 190 189 186 190 188 183 185 192 192 196 199 200 201 200 200 200 199 199 199 198 199 197 198 195 194 193 193 195 193 194 195 195 198 197 199 200 196 200 197 193 193 193 192 195 198 198 194 194 190 192 189
186 186 186 185 183 183 183 183 182 182 181 180 180 182 182 180 178 180 184 185 184 185 186 185 185 181 184 184 186 186 188 188 187 190 192 190 189 184 180 188 188 192 190 192 190 186 184 184 185 187 187 191 196 198 200 201 201 200 201 200 200 200 200 197 198 198 193 194 196 193 196 194 195 195 196 198 199 201 200 202 199 195 197 195 194 196 197 200 194 195 197 195 193 190
185 184 184 184 183 182 183 182 183 183 182 181 180 180 181 179 179 182 183 186 186 186 186 186 183 182 183 184 186 188 187 189 191 191 190 187 182 176 182 183 187 191 193 193 191 189 187 189 189 191 190 190 194 199 199 200 201 202 201 201 201 201 200 199 198 196 194 197 196 194 195 195 195 197 197 197 198 200 203 198 200 197 200 195 194 197 198 197 200 196 197 193 195 196
182 182 182 182 183 183 183 182 181 181 181 182 182 182 181 181 181 183 184 185 187 185 183 180 179 179 178 185 186 187 186 189 190 192 190 187 181 175 177 181 188 191 193 193 193 191 191 194 195 195 196 197 198 196 196 197 200 201 202 200 197 196 200 197 200 199 199 198 196 195 191 193 195 197 197 197 200 203 201 200 202 201 200 200 197 198 202 199 194 192 189 193 191 191
181 180 181 184 184 184 183 183 183 182 183 182 182 181 181 183 183 182 184 184 185 182 177 176 178 179 183 186 187 185 188 187 191 191 189 187 184 177 177 178 184 189 190 192 195 193 190 194 196 197 196 198 196 194 193 193 199 202 201 199 195 195 196 198 194 196 198 195 195 191 192 194 193 196 198 198 197 201 203 203 204 201 202 199 199 196 199 203 200 196 196 197 197 192
180 180 183 185 186 184 184 184 183 183 182 183 182 181 179 179 179 180 185 185 182 177 175 174 178 181 185 187 187 187 187 189 190 191 191 189 187 184 182 177 183 188 192 193 195 197 196 195 195 197 197 199 197 193 196 199 200 202 200 196 198 198 196 195 195 194 197 193 190 192 194 196 198 198 199 201 199 199 200 201 203 203 202 201 199 202 202 203 202 199 199 200 200 197
181 183 185 187 187 185 185 184 183 183 182 182 181 178 176 176 177 183 184 182 179 176 174 178 179 184 187 188 188 188 189 190 190 189 189 191 189 187 184 180 184 188 191 194 195 197 198 196 195 197 199 199 197 197 197 200 202 201 201 200 196 198 198 197 194 193 194 194 196 195 194 200 199 200 202 202 200 200 198 200 204 206 202 203 200 199 201 205 205 204 200 197 194 194
182 185 187 187 186 185 184 184 184 183 182 182 179 176 177 176 179 181 181 183 176 178 178 182 185 186 188 188 189 189 190 191 190 189 189 189 189 188 186 185 189 190 192 193 193 193 196 196 200 200 200 197 197 200 199 202 202 201 200 197 198 197 197 196 196 193 194 195 197 198 197 200 201 202 203 200 200 200 202 203 205 207 203 203 203 200 198 200 206 204 203 198 200 197
184 187 188 188 187 185 185 184 184 183 183 182 178 177 175 175 180 179 176 179 180 180 179 183 186 188 189 189 190 189 189 187 188 188 188 188 187 181 179 186 193 192 193 195 194 193 193 194 198 198 201 199 199 199 201 202 202 201 201 200 198 198 196 197 195 195 198 196 198 200 199 202 204 202 203 201 199 204 203 204 206 206 205 203 202 201 200 202 206 205 202 201 203 199
186 188 189 187 186 184 184 184 184 183 183 181 179 180 179 176 175 173 175 179 177 180 180 184 188 188 189 190 190 187 186 184 182 185 185 184 180 180 184 190 194 195 195 196 194 191 193 197 199 197 199 202 199 200 202 203 201 200 200 200 198 197 196 196 197 196 199 199 200 200 201 202 202 205 201 203 204 205 203 205 207 207 205 206 204 201 202 205 208 206 205 205 205 202
188 189 189 188 186 184 184 184 183 182 182 180 180 179 175 174 170 173 174 177 180 183 185 189 184 186 187 187 189 187 183 181 180 178 182 178 179 183 188 193 194 195 197 197 196 196 196 198 200 198 200 201 201 202 203 203 200 198 197 199 198 199 196 198 199 198 200 201 200 203 202 202 203 205 205 205 206 205 207 208 206 205 205 205 202 200 200 205 207 210 207 207 203 202
189 189 188 187 185 184 184 184 183 183 181 180 177 176 174 172 172 172 176 177 181 185 184 184 186 186 186 187 189 187 184 180 175 172 171 170 177 178 187 191 192 194 197 198 199 198 199 199 200 201 200 201 202 203 203 203 201 195 197 199 201 198 198 201 198 201 200 202 202 204 203 203 204 205 207 207 205 206 208 208 208 207 205 205 203 203 199 205 210 210 209 208 207 206
187 186 186 186 184 184 184 183 182 180 179 178 175 174 173 174 174 176 179 184 186 183 184 186 185 185 185 187 188 188 185 180 172 173 176 176 176 184 188 191 195 196 196 198 198 199 200 200 200 201 202 201 202 203 203 203 202 198 198 201 201 199 200 200 199 201 203 203 203 205 205 204 205 204 206 208 208 208 208 206 207 207 206 205 206 202 204 207 209 211 212 211 207 204
185 184 184 184 184 184 184 184 182 180 178 176 175 174 173 175 179 181 182 181 187 181 186 183 184 186 183 184 187 185 184 180 179 181 180 181 184 188 191 193 195 197 197 198 198 198 198 198 200 197 200 202 203 203 203 204 204 202 203 203 203 202 201 200 202 203 204 205 205 205 206 205 205 207 207 208 208 208 208 207 206 208 207 208 206 206 207 209 212 213 213 211 210 210
187 184 185 185 184 183 183 184 183 182 179 177 175 174 175 173 177 177 177 181 185 181 182 184 183 184 181 182 186 184 184 184 184 186 181 187 187 190 191 193 196 196 198 198 197 196 196 199 198 198 197 200 202 203 203 204 204 204 203 204 204 202 201 203 204 204 205 205 206 206 206 206 206 207 207 208 208 206 206 205 208 209 209 209 206 209 210 210 214 215 215 214 214 213
187 186 186 185 185 185 183 184 184 183 180 178 178 177 174 173 177 177 181 184 176 178 175 182 181 178 181 182 183 186 186 188 189 189 188 192 192 194 194 195 197 197 198 197 198 198 199 200 199 200 200 201 201 203 203 204 204 204 204 205 203 203 204 205 205 205 206 206 207 206 206 206 207 207 208 208 209 208 206 207 208 210 210 210 210 211 212 213 214 217 217 216 218 217
184 185 184 184 184 185 184 185 183 181 180 177 171 171 171 175 175 176 180 181 178 176 175 177 174 176 181 183 186 188 189 188 191 194 193 190 195 195 196 197 198 199 199 199 200 200 200 201 201 200 201 202 202 203 203 203 204 205 205 205 205 205 206 206 206 206 206 207 207 207 207 207 208 207 208 209 209 207 208 209 210 210 211 211 212 213 214 216 217 219 221 221 221 223
183 185 184 184 184 182 183 183 184 181 179 172 169 171 173 175 175 173 180 179 172 169 171 170 174 178 182 186 188 192 193 195 195 197 193 195 196 196 197 197 198 200 198 199 200 201 200 200 201 202 202 202 202 202 204 204 204 204 205 205 205 205 206 206 206 206 206 206 206 207 207 208 208 208 209 209 209 209 210 211 211 211 212 213 213 214 -9999 -9999 -9999 -9999 -9999 -9999 -9999 -9999
183 184 182 183 182 182 182 182 183 182 176 173 172 172 171 176 175 175 177 171 164 167 165 171 176 179 181 186 185 191 193 196 194 197 198 197 196 198 198 199 199 200 201 200 199 201 201 200 200 200 202 203 204 204 203 203 204 204 205 204 204 206 204 206 205 205 204 202 200 204 207 207 208 209 209 209 210 210 210 211 212 212 212 214 214 216 -9999 -9999 -9999 -9999 -9999 -9999 -9999 -9999
183 181 181 182 180 180 180 181 181 178 179 179 176 174 173 175 173 171 170 166 163 164 166 169 172 176 177 182 186 187 190 191 194 193 197 198 198 199 197 197 196 199 201 201 201 201 202 202 203 202 203 204 204 204 203 203 203 203 204 205 205 205 205 205 201 202 200 201 199 202 206 207 208 209 209 210 210 211 211 212 212 213 214 214 215 217 -9999 -9999 -9999 -9999 -9999 -9999 -9999 -9999
181 177 179 180 179 178 178 181 177 179 178 177 176 175 170 172 171 165 164 162 162 167 173 175 179 183 187 186 190 191 195 193 195 196 199 200 200 200 200 197 197 198 200 200 201 201 201 201 201 203 202 203 204 203 203 203 203 204 205 205 205 205 203 200 199 201 202 202 202 203 206 207 208 209 210 210 211 211 212 212 213 214 214 215 217 218 -9999 -9999 -9999 -9999 -9999 -9999 -9999 -9999
176 174 175 175 177 178 177 179 176 180 178 175 177 171 173 173 169 164 164 164 163 165 164 172 177 183 185 189 192 192 191 197 198 197 197 197 198 198 200 200 200 200 201 202 200 198 198 199 200 200 203 203 203 203 203 203 204 205 205 205 205 204 204 204 204 204 204 205 206 206 206 207 208 209 210 210 211 211 212 213 213 214 215 216 217 219 -9999 -9999 -9999 -9999 -9999 -9999 -9999 -9999
