sesion_6_simulaciones/modelos_distribucion_especies/ejemplo/variables/futuro_A2/2040/TMXI.asc
ncols 708
nrows 329
xllcorner -7.525000
yllcorner 35.991667
cellsize 0.008333
NODATA_value -9999
[rows 126 to 167 of 329, columns 570 to 664 of 708]
121 119 119 118 117 116 121 117 120 120 121 121 122 125 126 122 124 114 116 117 114 114 111 114 111 111 110 110 109 109 107 106 104 103 103 103 101 92 99 100 101 104 107 106 111 102 106 106 107 106 106 106 106 105 105 105 103 102 102 100 97 90 86 85 77 82 81 69 52 56 50 52 67 75 74 92 91 92 99 90 85 101 110 112 118 120 121 120 122 124 -9999 -9999 -9999 -9999 -9999
119 114 118 119 120 117 120 116 120 119 122 123 123 123 121 120 119 113 111 120 112 114 112 115 111 112 110 110 109 106 102 86 84 92 93 98 97 100 92 90 100 99 100 100 102 105 103 109 105 100 105 106 105 104 96 88 80 87 97 96 73 68 66 61 60 55 58 54 54 66 89 88 93 101 100 93 71 73 75 69 91 108 114 118 116 119 121 121 119 121 -9999 -9999 -9999 -9999 -9999
123 118 121 126 121 120 120 121 120 122 121 120 120 116 120 116 115 113 116 120 114 118 116 114 114 112 112 111 109 105 110 103 87 75 86 81 86 86 88 96 98 97 96 95 97 89 99 100 102 102 103 99 89 106 103 102 101 96 94 87 94 89 86 81 75 66 73 88 88 93 93 100 104 104 101 103 103 103 104 107 113 110 115 115 117 118 120 122 122 127 -9999 -9999 -9999 -9999 -9999
123 128 119 116 120 119 119 121 122 121 123 124 123 117 117 114 118 119 118 117 117 114 114 108 114 111 112 110 109 108 103 102 73 89 76 73 85 73 85 86 90 91 86 85 79 90 97 95 87 99 98 85 88 98 97 98 98 89 75 84 74 56 54 61 80 89 90 97 98 104 102 104 104 105 106 106 107 104 110 115 108 116 117 119 121 121 124 122 123 123 -9999 -9999 -9999 -9999 -9999
117 124 126 120 120 124 121 122 123 120 123 119 115 123 118 117 119 120 117 117 119 122 116 117 114 113 112 114 109 107 104 103 91 83 78 91 86 76 75 93 79 73 87 71 82 79 85 92 96 96 93 99 86 93 93 84 87 76 83 92 84 54 65 71 91 92 84 91 103 104 105 105 106 109 111 111 113 113 116 118 117 119 109 121 121 121 123 124 119 118 114 115 109 109 -9999
118 119 119 120 121 122 122 120 119 123 122 118 121 121 123 120 117 114 112 115 117 120 114 115 115 113 112 111 111 109 108 104 104 98 95 98 78 94 98 90 93 90 72 79 59 82 71 79 94 88 75 73 86 81 82 87 74 76 93 97 91 85 93 94 97 94 98 100 100 106 107 108 110 109 112 114 113 113 116 116 119 121 104 112 119 119 118 119 120 116 118 113 109 109 -9999
119 123 123 123 123 125 124 122 120 125 123 124 123 120 121 120 116 119 120 113 114 113 113 116 112 113 114 111 111 109 109 108 106 104 98 100 102 103 99 95 98 74 83 76 79 81 94 87 80 81 91 74 70 78 73 68 91 85 81 101 102 101 100 101 101 103 105 106 107 109 109 109 109 110 113 115 115 117 116 110 118 115 119 121 111 113 118 118 116 117 117 116 115 114 -9999
118 123 123 122 123 125 125 123 122 124 124 122 117 123 120 120 123 115 117 116 116 113 112 112 111 112 112 111 110 110 107 107 106 106 106 101 102 101 100 99 85 96 98 93 71 96 94 96 95 89 82 92 89 87 88 86 96 102 102 101 101 101 103 104 105 106 108 106 111 110 112 114 114 113 116 99 97 113 112 112 116 115 115 113 109 114 115 114 116 117 117 116 118 117 -9999
124 123 124 124 127 125 127 126 126 124 119 125 121 116 118 118 111 119 113 114 116 110 114 112 113 111 109 109 110 109 107 107 105 100 106 100 104 103 102 102 101 100 100 99 101 98 101 88 101 101 99 99 86 93 98 100 103 105 104 103 104 105 105 104 108 107 110 110 110 112 112 111 94 105 104 104 107 113 112 113 113 113 116 115 110 112 113 115 112 114 116 118 118 120 -9999
127 126 126 126 124 124 124 124 123 123 123 122 120 116 119 116 114 111 111 113 114 115 114 110 110 111 109 108 109 105 97 112 110 108 107 107 104 104 102 92 103 103 103 102 102 102 102 102 102 102 101 101 102 102 104 104 105 105 105 106 107 106 107 105 109 108 110 110 108 109 112 116 101 98 104 109 104 108 111 112 114 115 112 111 110 110 112 112 111 112 114 116 117 119 -9999
122 125 126 123 121 124 120 123 123 121 119 119 119 119 115 113 115 117 111 115 118 115 115 111 107 112 111 111 114 107 108 110 108 107 107 106 106 103 107 106 105 105 105 105 104 104 103 103 102 102 104 104 105 107 106 105 106 107 107 108 108 109 110 108 108 108 107 107 104 106 105 107 106 100 98 106 112 111 114 113 109 105 106 93 101 98 109 108 110 106 114 119 117 119 117
124 124 125 125 125 124 124 123 120 126 120 121 124 122 120 121 121 123 119 120 118 118 114 109 116 113 111 110 110 109 109 109 109 110 107 109 107 107 100 106 102 103 103 101 102 101 102 101 102 101 102 102 103 104 104 103 105 105 104 106 106 105 106 106 106 105 104 96 106 102 103 102 95 99 105 107 111 109 111 106 90 91 87 79 79 105 106 104 108 110 110 110 112 112 112
124 124 124 123 124 125 122 123 124 120 122 121 117 115 114 115 112 118 119 116 114 108 111 107 113 117 115 110 106 110 111 112 110 110 108 106 106 105 106 106 104 106 106 101 101 100 99 101 99 97 100 101 103 103 103 103 104 104 104 104 106 106 105 108 107 103 110 103 106 107 102 102 102 102 105 109 105 104 98 95 99 101 107 104 103 106 110 107 101 103 112 106 110 109 115
123 124 124 123 125 123 126 124 121 121 119 122 119 117 119 113 118 113 116 116 113 112 110 109 110 110 110 113 117 101 112 111 104 111 106 106 105 104 104 104 100 100 97 98 91 99 97 97 99 96 100 99 99 101 102 103 103 101 88 105 107 106 105 105 106 105 108 103 104 103 103 103 103 102 97 104 103 86 103 111 103 111 107 108 104 107 106 112 115 113 116 110 115 112 116
122 124 123 125 125 124 123 123 125 125 121 122 118 114 119 121 119 116 116 114 112 113 111 112 110 110 108 109 105 106 105 108 108 108 107 104 108 105 104 104 103 103 101 100 99 101 95 97 93 98 102 99 101 103 102 102 101 103 105 103 102 103 101 103 103 104 105 105 105 104 104 105 104 104 101 96 87 101 106 98 105 104 112 106 110 107 99 112 104 114 109 104 113 110 112
121 122 123 124 123 124 125 124 121 123 122 123 122 121 123 116 115 113 114 114 113 112 110 111 109 109 107 107 107 107 106 108 107 107 107 106 105 103 104 104 106 106 102 97 96 98 97 99 97 96 96 97 97 99 101 103 104 102 102 103 105 102 102 103 102 103 104 104 104 105 105 105 104 99 99 98 106 105 104 112 107 106 116 113 117 107 106 111 110 112 111 114 113 113 113
121 122 122 122 123 124 124 123 123 124 122 121 119 121 116 119 114 114 113 112 111 111 109 109 110 110 110 109 107 105 104 106 105 106 105 105 104 104 108 102 102 100 104 103 100 101 100 101 98 98 100 100 100 102 102 104 106 105 105 105 104 105 106 104 105 105 105 104 103 102 102 105 102 92 76 107 108 108 106 112 110 107 107 111 113 113 115 114 115 110 119 117 112 116 119
121 120 121 121 121 120 121 121 120 120 117 117 114 112 116 115 114 114 113 112 111 110 109 109 108 107 102 102 100 101 104 105 105 105 104 104 105 104 99 101 103 105 104 105 100 101 99 98 99 98 101 102 104 103 101 104 104 109 108 105 105 107 107 109 107 106 106 107 105 106 104 105 91 81 105 110 108 111 102 106 107 112 111 113 116 105 110 113 116 114 105 120 121 119 116
120 119 119 120 119 120 121 120 120 116 125 120 111 115 115 117 112 112 113 111 109 108 107 99 105 93 94 93 85 93 101 95 100 100 101 101 101 102 100 100 98 99 96 98 98 94 94 94 94 94 93 96 99 101 101 104 107 108 109 108 108 109 108 109 110 107 108 107 104 104 108 111 108 113 106 112 111 106 109 108 110 113 97 106 117 116 114 113 118 117 108 108 120 121 113
118 118 119 119 119 120 120 121 119 119 116 113 120 116 113 113 111 111 111 110 109 109 111 105 100 106 100 94 94 88 106 88 102 100 99 100 98 98 100 97 98 97 99 99 97 99 101 92 94 90 93 86 92 94 99 100 100 99 103 103 103 95 97 102 106 108 102 100 109 103 95 108 118 115 112 110 109 112 103 109 106 111 112 112 118 119 110 118 118 115 118 118 120 123 124
118 118 120 120 120 120 121 115 115 117 115 118 113 110 117 112 113 114 110 109 108 108 111 105 98 98 106 104 102 100 102 98 100 100 100 96 98 93 93 97 93 92 93 101 101 98 100 94 86 95 97 99 93 88 101 94 85 89 86 91 97 107 113 112 97 99 89 83 107 113 114 115 105 114 117 114 115 113 108 112 110 116 116 118 117 122 114 119 118 120 121 122 123 125 128
118 119 119 119 119 120 121 122 118 116 117 116 114 115 114 112 113 111 109 109 106 107 107 106 107 104 103 99 92 96 98 98 99 96 97 98 98 97 99 101 100 94 100 95 102 103 102 98 99 89 80 91 87 92 95 98 102 105 105 105 108 95 112 115 112 101 103 110 106 113 116 115 117 114 113 117 115 116 115 116 113 112 124 120 118 121 123 119 122 123 128 122 127 129 127
117 118 118 118 119 119 118 117 118 117 116 115 116 115 114 112 110 112 110 109 109 107 106 104 105 99 99 98 97 95 93 97 97 93 92 94 94 88 89 96 95 101 103 105 105 104 105 105 104 92 93 94 95 97 108 108 104 92 106 101 108 110 109 122 106 115 117 109 118 115 111 110 116 122 119 121 117 117 114 109 107 118 120 118 120 121 127 123 127 125 126 129 123 129 130
116 117 118 118 118 119 118 118 115 118 118 115 113 114 112 112 112 110 109 109 110 106 108 105 105 101 94 101 100 97 86 86 91 93 97 95 95 93 88 96 97 100 99 101 105 105 107 106 105 86 102 93 101 96 92 108 107 109 111 109 100 112 114 117 118 120 114 120 120 116 120 120 121 124 123 122 122 122 113 122 119 121 122 122 122 126 123 126 128 128 131 128 131 125 130
116 116 116 117 118 118 119 118 117 115 118 114 115 114 112 113 111 110 110 109 109 107 104 105 104 102 83 89 90 93 90 86 92 92 92 92 91 86 77 77 92 98 100 103 105 105 107 108 106 112 107 110 108 110 114 112 114 113 114 115 112 115 112 116 116 117 124 121 121 121 123 120 121 122 121 123 123 122 122 120 121 123 124 126 126 127 131 131 132 134 139 135 132 133 133
115 115 115 116 117 117 118 116 115 114 115 114 113 113 112 112 111 111 109 108 107 107 106 105 103 101 97 98 100 96 95 95 94 92 93 92 88 94 86 75 86 95 100 99 101 105 105 106 109 108 109 108 108 108 110 112 114 114 115 117 117 117 116 117 119 122 121 126 124 126 123 124 124 123 125 127 123 126 126 121 124 123 124 128 128 131 129 130 134 135 137 134 135 134 133
111 112 114 115 116 117 116 117 115 114 113 113 112 113 111 111 110 109 109 107 108 107 106 107 104 104 102 101 98 99 94 94 94 93 94 90 76 79 84 78 87 97 94 98 98 89 97 96 102 109 109 110 110 109 110 109 105 112 115 117 116 116 120 118 119 120 116 120 129 123 123 126 126 129 126 126 126 125 127 125 123 123 121 127 129 130 133 135 133 134 132 137 137 140 135
111 109 111 113 114 115 116 117 111 116 112 113 112 111 111 111 111 110 109 108 107 105 102 103 104 100 97 100 99 98 99 86 85 89 94 89 76 88 87 94 97 97 96 104 96 97 104 102 101 109 110 110 110 111 111 112 113 114 107 120 120 118 122 117 122 124 117 121 129 124 127 130 131 127 129 128 128 127 130 127 127 126 126 126 131 132 132 133 137 135 136 138 137 139 136
108 109 111 112 114 116 116 115 111 114 112 112 111 111 111 111 110 110 109 109 107 107 106 103 103 102 102 101 102 108 100 99 106 101 100 95 97 94 89 89 100 98 104 95 104 102 105 106 107 105 109 98 108 111 111 111 112 115 112 123 119 119 120 123 122 123 126 122 118 132 125 132 129 131 130 129 130 130 130 129 130 129 127 129 129 125 134 136 138 137 137 138 141 143 137
106 108 110 110 111 113 115 114 112 112 113 113 111 110 111 110 110 108 109 106 107 106 104 102 102 98 105 100 104 106 104 102 100 109 101 109 98 100 100 103 89 102 96 103 97 104 103 102 107 109 111 111 106 112 113 114 113 115 115 112 126 123 125 131 121 127 120 125 126 126 131 132 130 133 132 131 131 132 134 133 130 129 126 128 119 135 139 136 138 138 139 139 144 141 140
106 106 107 109 109 112 111 109 114 111 110 110 112 110 110 110 111 111 109 108 106 106 105 104 104 106 101 103 108 105 104 99 104 110 104 104 105 83 78 93 87 109 104 109 107 99 100 104 101 106 102 111 115 99 111 115 115 116 119 116 122 119 116 121 129 124 127 129 126 131 132 130 134 133 132 132 137 134 134 129 128 128 120 123 137 123 128 134 140 138 138 142 140 143 144
106 103 108 107 110 109 109 109 109 111 110 109 111 109 109 110 111 110 108 109 108 106 108 107 108 106 106 107 105 107 107 109 108 107 106 108 109 110 104 110 106 112 109 113 111 107 100 116 110 105 107 102 107 106 109 99 111 114 109 100 112 121 124 127 131 128 131 132 132 134 133 135 133 135 135 134 135 135 134 137 137 133 130 136 136 134 128 140 140 142 140 142 141 149 141
91 98 105 105 107 106 107 109 109 107 109 109 108 109 109 109 109 109 109 110 110 108 109 107 103 104 108 108 104 104 106 106 110 109 111 110 101 111 112 107 110 108 114 109 111 103 113 115 105 111 104 97 114 115 107 113 105 121 109 104 112 121 136 129 133 131 132 132 135 134 135 137 136 136 137 138 138 136 137 139 137 137 131 139 135 138 141 141 141 141 142 143 143 145 147
89 95 94 104 105 108 107 106 108 114 107 108 108 110 107 108 107 109 111 110 109 108 111 107 104 103 107 108 108 102 116 109 113 106 113 106 116 114 117 114 117 118 118 113 120 111 120 119 124 122 113 111 99 123 119 109 116 121 130 118 123 125 127 130 139 134 138 134 136 136 137 137 134 139 139 138 137 137 139 139 137 138 136 134 132 132 141 142 144 145 147 145 145 146 145
92 95 106 92 106 102 105 105 106 106 106 105 109 106 109 107 108 108 108 111 112 113 110 110 110 107 108 114 113 109 113 107 113 116 114 112 117 118 117 118 120 121 119 122 120 123 121 119 130 124 126 127 119 106 123 128 128 131 127 132 131 123 136 133 135 136 136 136 137 137 137 137 134 137 133 139 138 139 137 141 137 138 139 137 139 129 140 147 144 146 147 147 149 147 147
90 100 100 98 105 95 100 104 105 107 106 105 107 108 108 107 109 108 110 112 113 113 112 106 111 107 105 108 116 113 114 117 109 117 118 118 119 119 120 121 121 120 123 125 122 124 124 126 130 127 126 131 129 132 134 132 132 136 132 126 135 133 137 137 136 135 139 138 139 138 139 139 139 143 140 141 142 142 140 141 134 134 132 137 137 146 139 144 148 146 148 141 147 149 147
93 97 98 108 95 100 101 104 106 106 104 107 107 105 105 105 106 106 110 113 114 111 113 113 113 113 111 112 118 117 119 115 117 115 119 124 123 122 122 122 124 125 120 125 126 126 125 127 129 128 129 133 136 132 132 132 139 136 136 138 136 137 136 140 139 137 139 139 141 140 139 140 141 141 139 141 142 143 144 144 140 145 141 134 149 147 145 148 148 148 149 147 149 133 148
86 96 98 96 92 100 101 103 104 111 99 105 100 106 101 102 104 106 109 109 115 115 113 115 115 114 113 115 115 118 120 121 121 119 121 121 124 123 123 125 130 126 128 128 127 127 126 129 129 132 131 132 136 133 135 135 135 137 135 135 138 140 139 137 140 139 137 140 141 141 139 140 142 139 141 144 144 143 144 144 144 144 148 140 140 148 149 147 139 150 152 145 151 137 150
87 92 102 85 102 100 100 98 103 103 102 105 103 100 101 103 99 106 112 104 108 114 112 112 117 115 117 118 116 117 124 121 121 122 119 124 123 129 124 126 125 123 127 129 126 129 127 131 131 130 135 134 134 133 133 135 133 137 136 139 138 136 137 140 142 139 142 142 141 140 139 139 142 140 142 143 146 144 146 145 146 146 146 146 149 153 150 148 150 152 149 153 152 153 152
96 104 86 102 89 98 105 101 106 98 99 103 107 105 96 101 99 100 103 103 106 107 112 110 112 118 120 120 116 119 121 124 122 124 122 121 126 126 127 127 128 128 125 127 133 131 124 131 131 138 133 132 131 133 138 137 136 137 138 137 133 139 141 140 136 141 141 139 142 144 143 136 138 138 144 145 144 146 146 146 147 146 147 148 145 147 151 151 152 152 150 152 154 155 154
94 93 86 93 97 89 96 91 97 91 93 98 97 106 96 100 99 99 103 99 106 103 106 116 103 108 115 116 115 112 112 119 120 125 124 124 119 122 120 125 122 120 117 124 117 122 134 127 126 132 134 129 118 129 127 135 133 133 131 132 132 137 131 132 135 134 127 140 135 136 144 143 143 142 145 145 146 146 147 147 147 148 148 148 145 144 147 147 151 151 147 152 152 153 154
85 80 78 91 95 90 97 87 100 94 95 105 91 94 92 93 110 106 104 108 113 108 99 106 109 103 116 107 108 107 110 107 106 112 109 104 112 112 106 114 113 124 115 126 130 127 119 119 121 128 128 120 131 128 129 134 130 119 134 136 134 139 133 137 132 128 137 140 143 136 134 124 141 137 137 138 142 138 140 144 144 147 144 144 147 144 147 148 145 148 149 150 150 153 151
