sesion_6_simulaciones/modelos_distribucion_especies/ejemplo/variables/futuro_A2/2040/TMXI.asc
ncols 708
nrows 329
xllcorner -7.525000
yllcorner 35.991667
cellsize 0.008333
NODATA_value -9999
[rows 84 to 125 of 329, columns 380 to 474 of 708]
144 145 145 142 140 146 148 144 146 147 145 148 145 146 145 145 144 148 149 147 148 149 148 148 148 148 148 149 141 143 141 147 147 148 148 148 148 148 147 148 147 148 147 148 147 148 148 147 147 147 147 147 147 148 147 147 147 144 144 145 145 146 147 148 148 147 147 147 148 146 144 144 140 134 134 138 140 139 140 137 144 146 142 143 144 144 143 144 145 144 142 142 138 136 138
148 146 150 148 146 149 146 146 147 148 147 148 147 146 145 145 147 148 148 149 148 148 149 147 145 146 146 147 149 144 140 143 141 140 144 146 148 147 145 142 148 148 147 148 147 147 147 147 147 147 147 147 147 147 147 147 146 144 144 145 144 146 147 147 147 147 145 143 144 143 141 139 139 136 135 135 132 136 142 144 145 142 143 144 145 145 144 145 144 142 141 139 139 139 132
148 148 148 150 151 147 149 147 147 148 148 149 148 147 146 148 147 146 148 148 148 148 148 144 143 145 148 146 145 147 148 148 149 148 146 142 146 148 144 145 147 146 142 144 147 147 147 147 147 147 147 147 147 147 146 146 146 142 143 142 144 143 146 147 147 147 147 141 142 144 143 141 141 140 139 141 143 142 146 142 144 145 145 145 144 144 144 144 143 139 138 139 138 140 133
146 146 148 149 149 148 149 149 148 148 150 149 147 145 145 144 145 141 146 147 147 147 142 144 142 145 146 142 145 147 145 144 145 146 148 148 146 145 146 144 148 145 145 143 144 144 141 141 145 145 145 145 145 145 145 140 146 142 146 142 144 145 144 146 146 146 148 147 142 140 144 140 142 144 146 147 148 144 145 144 145 145 144 143 142 140 144 139 142 140 137 139 137 134 134
148 146 148 148 147 148 149 149 149 149 148 148 148 144 145 143 141 146 143 142 147 142 144 143 143 143 145 141 145 144 147 145 146 142 144 146 146 143 139 147 145 145 143 148 145 143 143 144 142 144 142 142 141 141 144 144 143 143 144 137 141 140 142 144 145 144 147 146 140 146 146 145 148 151 149 148 145 145 146 145 144 143 142 142 142 141 141 139 141 139 138 137 136 137 134
145 148 146 146 148 149 148 149 150 148 149 148 148 145 143 142 143 142 143 142 142 139 142 143 142 142 144 142 144 145 139 141 143 146 143 144 146 144 144 141 141 144 141 139 146 142 140 142 143 142 143 145 141 139 144 143 144 141 140 136 139 137 141 144 145 143 146 148 150 151 147 149 149 149 147 148 148 145 144 144 142 142 142 143 141 141 141 140 140 138 136 136 138 133 129
143 146 144 145 148 145 141 148 147 148 148 148 148 145 141 142 143 142 141 142 143 141 142 142 141 145 144 140 140 140 138 140 140 143 142 144 146 147 143 147 141 136 137 141 144 144 142 147 142 142 146 144 148 139 144 145 144 141 142 141 140 140 143 141 142 147 146 146 146 150 149 149 148 146 146 146 146 143 142 142 142 142 142 142 141 141 140 139 138 139 143 142 134 136 138
144 141 143 144 148 143 143 142 143 139 147 145 148 150 142 142 145 144 142 142 142 142 142 140 142 141 142 147 140 142 138 138 140 139 142 144 144 145 147 147 146 139 138 137 138 135 138 138 142 143 143 141 145 141 146 144 143 145 145 143 140 138 140 141 143 141 142 141 151 148 143 145 144 140 143 147 147 146 146 142 142 142 142 141 139 139 140 141 142 144 143 143 138 145 140
144 147 140 145 147 146 139 141 142 148 145 149 148 150 149 148 146 143 146 146 142 140 141 140 142 141 139 144 140 139 138 136 138 138 140 135 143 144 145 148 148 143 145 144 147 142 145 145 141 139 141 147 143 144 139 138 144 144 140 139 137 143 142 142 139 141 145 145 148 145 143 141 142 141 142 142 141 146 146 146 144 142 144 148 146 142 146 145 144 144 144 144 144 144 143
142 140 141 143 149 145 143 144 144 139 145 142 148 148 147 147 141 142 144 143 143 141 139 139 141 140 139 145 139 143 138 142 138 138 139 140 139 141 146 146 147 147 143 145 137 145 139 142 147 145 136 138 137 142 142 140 139 141 141 146 148 147 148 148 144 148 146 146 143 146 143 140 141 140 139 140 141 148 139 144 146 145 145 145 145 145 144 145 144 144 144 144 144 142 143
139 143 142 147 145 141 141 141 142 143 144 142 140 144 148 148 147 144 142 141 141 138 139 139 139 138 139 140 138 139 139 142 139 141 136 140 138 144 143 143 144 147 146 146 146 146 146 146 148 146 146 146 146 142 144 144 145 139 138 137 143 143 147 146 147 147 144 144 144 146 145 145 144 143 141 142 143 140 145 145 141 144 145 145 146 145 143 143 143 144 142 140 139 139 140
142 140 144 143 144 145 146 140 140 141 141 139 141 146 145 148 146 145 146 142 143 138 143 142 139 138 135 136 137 142 138 140 141 136 138 138 134 135 147 142 147 145 147 147 146 146 144 146 148 144 145 146 146 144 145 146 146 146 143 139 138 141 146 144 146 145 143 145 145 144 144 140 140 141 139 140 139 143 141 143 141 141 145 142 142 142 143 143 142 142 138 137 137 141 139
141 144 142 142 147 145 144 138 141 141 140 143 144 147 148 147 145 145 147 144 141 144 140 141 139 139 138 140 135 137 141 144 143 141 141 142 144 140 144 142 140 144 144 146 146 146 146 146 145 144 144 142 143 145 138 141 142 140 137 141 143 144 144 144 145 145 142 144 139 144 139 141 139 140 139 139 140 141 137 144 137 143 140 139 138 140 141 140 138 139 138 137 140 140 139
141 145 141 145 145 145 141 143 142 141 146 146 141 143 148 148 148 145 147 144 141 142 141 138 137 138 141 140 135 140 137 143 137 137 141 142 141 137 141 133 142 141 141 145 143 145 147 146 146 142 146 147 145 139 139 140 137 137 138 140 140 145 142 142 138 141 145 142 145 144 144 137 139 139 138 138 137 140 139 141 139 140 140 139 134 139 138 139 139 139 138 137 138 135 138
142 139 140 147 145 142 146 137 139 142 141 144 141 141 139 149 148 147 145 145 145 144 143 145 140 138 138 139 140 137 140 142 142 141 141 138 140 141 140 132 139 146 145 145 140 142 146 145 144 145 142 138 144 143 144 144 140 133 133 136 141 143 141 135 142 143 140 143 143 144 142 138 139 138 137 137 138 144 144 142 143 139 141 140 137 137 138 137 140 136 138 138 134 137 136
138 138 145 147 140 139 143 140 139 135 143 141 146 148 147 144 148 146 146 143 139 141 140 139 142 140 137 139 139 139 137 141 140 142 139 137 139 141 137 136 140 144 141 142 139 145 145 142 144 144 146 140 145 141 145 143 143 140 135 135 139 134 143 142 139 141 142 144 141 144 144 139 138 139 137 137 142 142 141 141 136 140 138 136 135 135 133 136 137 136 138 134 136 134 135
144 144 145 144 145 140 140 140 142 141 143 145 141 138 138 143 148 147 148 146 143 145 144 136 138 138 139 139 137 138 141 140 140 141 141 142 140 140 143 145 143 136 139 144 146 145 144 141 144 143 136 145 144 142 143 142 142 139 136 131 133 138 138 139 136 140 141 142 144 142 144 141 139 140 137 135 141 137 141 138 139 137 137 137 132 136 134 135 134 134 139 132 133 135 134
144 144 144 145 141 139 143 141 137 141 137 137 143 136 142 146 140 143 146 137 140 140 139 137 137 136 137 136 132 139 139 133 138 138 140 134 134 130 137 142 137 137 145 143 139 144 138 144 144 145 141 141 146 141 142 140 137 139 139 139 135 139 137 135 139 137 139 140 143 142 143 143 138 141 139 139 135 136 137 137 135 136 136 142 131 133 135 134 132 133 133 135 134 133 135
143 140 143 141 143 144 137 137 139 140 143 142 145 136 139 141 142 144 142 140 133 138 136 134 137 140 140 141 142 141 141 141 139 135 137 135 139 144 142 145 146 144 143 140 141 129 135 137 142 142 141 136 137 138 139 137 135 139 136 139 139 136 140 140 140 143 143 141 137 143 142 144 140 138 141 139 132 138 137 135 138 136 131 140 139 133 133 133 132 132 132 133 132 130 132
142 141 142 143 142 141 143 141 141 143 138 142 141 144 141 139 139 144 142 142 134 135 140 138 141 142 141 141 141 142 143 141 138 138 141 142 140 143 146 141 143 140 142 145 144 136 139 134 132 140 134 141 136 140 137 136 134 133 133 136 138 140 141 140 141 142 143 144 141 142 140 143 145 142 142 137 134 136 136 135 132 137 132 131 136 135 132 132 132 132 132 134 129 130 132
141 143 139 141 140 140 139 136 140 139 142 139 143 144 146 144 147 148 144 144 140 145 141 139 140 142 139 144 140 141 142 142 142 141 142 143 142 143 139 145 143 139 143 137 143 145 138 140 140 137 137 138 139 141 140 142 134 124 134 137 133 135 138 140 139 140 139 141 141 142 142 141 142 138 141 136 139 138 137 133 134 131 132 136 135 132 134 129 128 131 130 131 132 130 130
142 143 142 140 141 140 140 139 139 143 141 141 146 145 143 146 145 145 145 142 140 140 139 141 141 142 142 143 143 141 141 140 140 140 144 138 142 142 141 147 137 140 142 139 142 141 142 138 138 139 137 137 138 137 136 139 132 125 133 135 140 141 142 139 137 139 142 140 137 141 142 141 141 142 138 140 136 138 134 133 131 132 132 135 130 125 129 128 129 128 129 129 131 132 125
140 142 140 142 138 141 142 143 143 143 144 141 141 145 148 146 145 143 140 143 144 143 144 142 144 145 141 141 142 141 139 139 141 140 140 139 141 141 141 142 140 137 136 140 138 141 139 142 139 141 139 130 135 138 136 139 138 134 136 137 138 140 140 137 137 140 139 137 138 138 138 140 140 137 137 133 139 139 135 137 133 132 130 131 135 128 128 129 130 130 132 126 126 125 127
141 143 140 138 138 142 141 143 144 142 142 137 145 144 145 145 145 145 144 144 144 144 145 146 142 142 145 136 140 140 140 141 141 140 140 141 142 139 133 136 134 133 132 140 137 137 141 135 139 141 141 135 140 137 140 136 130 135 138 135 137 139 139 138 137 136 140 140 138 142 137 139 140 141 135 132 133 133 135 137 133 128 129 129 119 120 122 127 125 126 128 125 124 127 128
144 141 142 143 143 143 139 147 145 145 142 145 146 144 145 144 143 145 145 141 140 144 142 143 145 143 143 140 142 140 137 140 142 139 140 139 141 135 136 135 131 134 139 137 133 134 130 137 137 136 139 134 136 138 137 133 131 132 135 133 135 134 134 135 132 135 139 141 139 139 138 138 140 137 139 137 135 133 133 133 132 136 130 129 128 128 126 126 128 123 121 121 121 123 127
142 140 143 140 142 145 144 144 144 143 145 147 145 145 142 144 145 142 147 143 143 144 141 139 141 143 144 144 142 139 132 135 136 140 137 138 140 138 136 133 136 134 134 135 138 136 135 135 140 139 134 139 132 130 130 134 131 132 135 134 131 133 132 133 136 134 137 138 137 138 138 140 140 140 135 139 140 130 134 138 134 126 132 125 128 126 126 124 124 125 124 122 125 124 123
142 142 144 144 145 145 149 144 144 143 146 145 143 144 138 138 142 144 143 145 139 143 142 141 138 143 140 145 146 142 142 144 141 140 135 136 138 138 136 137 136 136 134 140 134 132 133 129 137 128 138 136 134 140 126 130 133 132 133 131 130 132 133 133 133 127 137 139 136 138 137 139 140 134 135 137 132 134 135 130 136 127 134 132 132 125 128 124 123 123 121 121 119 118 121
143 143 136 139 139 136 144 143 136 143 141 145 141 136 143 139 142 144 144 143 141 142 141 135 140 143 136 138 141 141 143 142 141 142 141 138 134 135 136 135 136 139 137 139 131 129 134 136 134 131 138 129 124 129 128 131 128 131 131 130 133 129 132 132 132 129 129 132 138 135 138 136 138 139 140 132 132 133 132 128 126 129 126 127 126 123 122 123 121 120 121 122 117 118 116
142 144 143 138 134 144 144 141 140 139 145 145 145 140 139 140 136 144 144 139 141 143 141 143 143 142 142 138 140 143 143 143 142 137 138 136 140 136 132 134 135 136 136 134 129 131 127 131 133 126 126 137 136 133 131 129 131 129 131 130 130 128 130 133 131 131 134 135 134 136 137 136 138 138 137 136 132 135 135 128 128 135 132 125 126 126 122 125 124 121 120 117 119 119 121
143 142 146 146 143 146 144 137 145 145 145 143 144 144 145 145 145 142 142 144 144 140 132 138 144 143 142 138 138 139 139 139 137 140 138 138 138 132 130 133 131 136 132 129 132 131 129 137 132 135 128 133 131 132 132 129 128 125 124 125 123 131 122 127 128 130 133 134 133 135 135 132 137 138 137 136 133 133 133 130 132 129 130 127 127 129 129 119 118 120 117 123 117 115 112
142 142 142 144 144 145 143 146 145 146 147 146 144 146 142 142 143 141 145 133 140 135 142 143 144 143 142 142 143 141 141 140 144 144 136 136 135 137 136 136 134 130 131 127 134 132 130 129 134 128 134 128 125 123 125 126 124 119 121 126 124 113 121 125 117 124 129 130 131 131 136 130 136 138 136 133 139 133 136 136 134 130 131 128 131 126 123 122 118 116 116 112 113 114 109
135 138 144 140 143 143 137 145 145 144 144 145 140 144 139 143 141 134 142 135 140 144 143 144 140 142 143 142 140 139 141 136 140 136 136 142 143 135 143 136 131 130 131 132 129 132 133 130 123 129 122 122 121 132 126 124 123 119 119 113 112 111 114 115 108 112 115 122 129 131 134 138 138 135 133 135 136 137 138 135 135 133 134 128 129 130 121 109 96 108 97 101 101 97 96
136 139 137 136 144 143 142 145 145 146 148 146 144 141 138 135 143 142 138 141 137 137 139 135 138 142 142 140 141 139 138 137 136 137 136 138 138 139 133 134 134 131 135 135 127 128 128 125 129 127 127 126 125 119 115 121 112 114 115 104 101 99 93 94 113 123 129 128 131 137 140 137 138 138 133 130 132 130 130 136 133 131 129 128 124 117 111 98 103 96 92 103 91 87 92
140 136 144 143 140 141 142 146 144 146 146 142 142 144 147 142 143 145 139 139 139 136 141 141 140 142 138 139 144 139 141 139 141 138 137 135 133 130 134 133 128 134 134 130 132 132 126 124 124 127 127 125 123 119 105 116 114 103 105 107 112 113 115 116 113 116 126 130 131 123 129 132 137 132 129 124 118 124 126 127 134 135 127 124 114 105 108 115 108 102 101 101 93 86 81
146 145 144 140 149 145 146 147 144 146 138 137 148 146 146 145 141 144 145 143 143 147 146 144 144 139 138 141 143 141 142 134 138 139 135 135 132 133 134 136 130 133 130 134 138 130 122 126 123 117 129 123 120 123 123 113 107 110 103 104 90 93 109 109 114 121 127 122 129 134 136 130 136 121 129 124 110 104 108 127 131 135 121 102 92 113 119 119 114 109 99 118 116 102 99
148 146 145 144 143 144 142 146 145 144 144 146 143 144 144 142 145 146 141 146 145 143 139 144 142 142 136 135 140 139 140 140 137 137 138 135 136 135 134 135 133 131 130 127 131 123 130 131 121 122 119 116 108 109 105 107 106 92 107 101 81 66 80 96 111 122 123 111 124 132 133 135 137 129 123 113 108 108 125 130 137 119 120 127 121 123 123 113 110 109 116 119 113 118 114
143 141 136 140 137 136 141 142 143 142 137 145 143 147 143 141 146 145 136 143 134 136 143 137 142 143 139 139 139 142 140 143 139 139 136 139 135 135 136 133 130 132 125 125 130 123 127 112 117 117 116 108 104 90 102 106 113 114 118 105 108 100 103 92 82 108 116 120 123 124 131 134 137 135 125 120 118 127 134 131 129 132 128 131 125 127 119 124 124 124 125 125 114 113 104
139 142 134 132 140 140 132 139 140 142 138 142 144 142 145 142 141 140 138 143 129 133 134 138 137 137 140 140 138 136 135 137 142 139 140 138 137 136 133 129 133 131 127 125 127 126 126 104 120 121 106 115 110 113 117 114 117 119 118 116 120 104 106 102 105 96 121 125 126 128 130 137 131 133 124 128 127 128 130 128 128 134 133 129 132 131 131 131 111 105 98 91 102 111 92
140 139 135 136 141 144 142 142 146 137 142 142 143 145 142 143 140 138 131 132 141 136 132 131 133 137 137 137 136 134 133 131 134 140 141 138 136 134 134 133 130 129 127 131 126 125 125 120 123 110 114 118 120 120 120 125 123 124 126 122 124 123 114 119 121 123 125 134 137 135 132 135 132 132 129 123 128 128 126 129 127 126 123 133 136 131 126 122 126 102 100 104 109 111 111
137 133 139 140 142 143 146 144 148 141 141 146 143 143 136 139 139 142 137 135 140 135 139 140 135 136 134 132 135 135 137 137 137 138 142 138 138 135 136 135 129 129 130 130 124 124 126 125 126 127 117 106 110 109 112 112 115 118 123 126 126 124 122 127 127 129 131 112 116 118 124 135 136 123 131 131 128 129 123 118 120 114 113 119 120 126 129 125 117 113 111 108 106 112 110
144 142 143 141 146 145 146 146 142 141 142 145 144 141 145 144 139 140 142 143 139 140 140 134 136 129 131 130 135 135 134 137 136 137 134 138 134 138 135 134 134 130 129 131 127 130 127 126 121 122 117 120 116 114 117 109 101 109 112 123 126 120 127 127 128 126 120 115 114 119 131 120 118 114 119 120 123 124 121 120 112 112 106 118 118 121 130 128 120 102 113 115 117 106 116
147 143 139 144 144 144 146 146 146 147 148 146 147 148 144 143 142 142 139 143 142 140 140 136 138 137 127 134 134 135 138 132 134 137 135 135 139 136 139 134 133 137 133 132 130 126 127 128 128 129 123 124 124 117 109 100 104 104 113 112 125 127 127 126 126 122 112 108 95 104 101 124 134 121 93 105 111 115 112 117 103 104 99 98 98 111 111 125 129 123 123 123 121 118 121
