sesion_6_simulaciones/modelos_distribucion_especies/ejemplo/variables/futuro_A2/2040/TMXV.asc
ncols 708
nrows 329
xllcorner -7.525000
yllcorner 35.991667
cellsize 0.008333
NODATA_value -9999
[rows 123 to 163 of 329, columns 376 to 469 of 708]
358 356 357 356 357 355 357 359 359 360 359 360 359 358 358 360 358 360 353 357 358 357 354 353 354 353 355 353 354 356 355 354 355 355 355 355 356 357 357 356 355 355 354 354 351 350 350 351 348 348 349 347 345 344 344 335 338 334 339 341 343 345 346 347 344 344 343 341 341 345 350 331 337 343 349 352 354 348 353 352 351 348 346 346 346 344 342 345 347 348 347 348 339 336
357 357 357 358 358 357 357 359 360 360 360 361 359 359 359 360 359 358 360 360 357 357 357 357 355 356 357 355 355 351 352 352 354 354 354 356 356 356 354 356 354 355 354 354 352 352 351 351 350 350 349 349 346 344 342 341 340 339 338 338 330 336 340 347 347 345 346 347 348 349 344 336 339 342 345 343 345 340 343 347 349 348 345 342 342 340 333 341 345 349 352 345 342 333
356 358 360 359 360 361 358 359 360 360 362 362 361 361 361 361 361 359 359 359 359 358 357 358 358 357 356 355 355 355 349 353 354 354 355 352 355 353 355 353 355 355 354 353 352 352 352 352 351 350 349 350 347 346 344 345 343 341 337 333 335 334 339 339 346 349 349 350 349 344 338 336 327 322 324 340 342 327 324 337 336 344 338 336 335 337 331 324 321 338 339 339 342 339
361 359 361 360 358 360 360 360 361 362 360 361 359 357 361 359 361 361 360 359 359 359 358 357 357 357 354 356 355 354 351 353 354 354 355 354 352 354 353 354 354 353 355 354 354 353 354 353 352 350 351 350 345 345 346 344 337 339 336 333 330 334 338 340 347 342 344 345 344 340 340 337 328 324 317 342 342 344 316 329 307 326 332 330 332 314 309 316 323 315 334 346 340 347
363 362 362 362 362 362 362 361 360 360 360 359 358 357 357 353 357 356 360 360 360 360 359 358 355 355 356 355 354 353 354 354 355 354 353 354 353 352 351 349 350 353 353 352 353 352 354 352 352 352 344 350 348 345 344 343 341 337 336 333 332 331 340 339 343 340 337 338 343 339 342 339 333 324 321 331 334 333 314 343 326 308 309 303 307 316 318 319 322 332 339 338 350 341
361 361 362 360 359 359 358 358 358 358 358 357 355 355 353 352 356 358 359 360 360 358 356 355 357 356 355 355 356 355 356 348 353 355 351 352 351 351 352 353 352 351 351 351 349 349 348 349 348 346 350 347 348 347 346 346 344 342 340 339 339 334 333 333 336 336 330 334 332 336 334 339 328 323 317 330 324 341 341 320 329 327 327 322 319 318 320 323 328 338 338 342 341 341
360 361 361 359 358 358 358 357 357 354 354 356 354 346 348 353 355 354 357 360 357 356 355 357 355 353 357 357 357 356 356 355 354 354 354 350 352 353 352 353 353 353 352 351 349 342 348 348 349 351 346 348 347 346 347 345 344 345 343 340 339 338 335 334 331 331 330 328 327 319 327 335 321 322 329 303 324 328 336 321 332 336 329 332 331 320 325 325 336 338 341 345 341 340
360 360 358 358 358 357 355 353 354 353 355 356 353 349 352 354 354 355 359 360 356 357 359 356 346 350 352 352 354 356 357 357 354 353 353 352 352 354 354 354 354 354 353 352 350 349 350 351 350 344 350 349 348 347 343 348 347 344 338 336 335 331 319 330 332 333 329 317 312 316 312 326 323 313 314 314 313 323 317 324 333 329 330 330 333 329 332 330 331 337 345 340 341 344
360 359 360 359 358 357 355 354 352 353 354 352 351 353 353 354 352 357 357 356 356 358 356 351 351 354 355 354 353 353 357 356 355 353 352 350 353 352 346 352 345 348 341 345 344 345 350 350 352 351 350 349 349 350 350 345 344 342 341 333 334 331 331 332 333 332 330 326 318 320 315 311 301 305 315 318 319 328 339 324 321 324 325 335 336 326 332 328 329 339 344 342 348 346
359 358 356 360 358 357 357 357 354 354 353 350 351 353 354 354 356 354 350 355 359 357 344 353 352 354 356 355 354 353 354 356 355 356 357 351 353 350 348 347 341 345 339 332 333 332 341 343 346 351 350 350 349 351 341 347 346 345 344 331 329 332 331 334 334 328 329 333 331 328 325 314 309 303 310 299 322 336 337 341 342 340 333 330 337 328 334 333 337 333 336 345 346 341
357 356 356 355 356 357 356 356 356 355 354 354 353 349 352 354 355 352 353 355 359 356 352 356 356 355 354 353 355 354 355 356 349 352 353 351 352 349 349 348 345 345 334 331 321 324 315 340 326 346 342 343 346 347 345 344 343 348 341 341 334 333 327 333 325 323 328 320 334 335 332 329 332 328 326 327 330 331 330 335 337 342 328 335 327 334 334 335 338 337 333 338 343 343
354 350 350 351 355 353 356 353 357 352 351 355 354 353 353 353 351 353 354 354 355 347 358 359 354 357 355 355 354 354 354 352 354 351 350 347 349 344 347 347 341 341 335 336 335 329 336 340 345 345 338 342 341 341 344 342 347 348 346 341 338 329 326 331 325 327 325 314 332 338 339 336 334 329 310 306 303 312 309 321 328 332 331 328 323 324 328 330 317 318 332 342 327 336
353 350 348 348 350 348 344 351 354 353 353 351 352 352 348 349 350 351 351 351 354 354 353 356 355 351 357 353 355 355 354 354 352 351 346 347 341 344 343 344 340 332 327 322 330 336 337 335 331 335 333 339 336 340 340 340 341 340 343 339 334 336 327 336 331 323 317 322 333 337 332 329 323 296 316 310 309 312 313 317 314 323 330 328 336 322 322 320 326 330 322 331 335 333
353 354 352 352 349 347 347 350 351 354 354 354 353 353 353 352 353 353 354 353 353 353 353 352 353 354 354 356 356 355 353 353 347 341 349 349 347 346 346 341 334 337 331 321 327 333 337 341 327 333 336 335 335 339 344 335 338 341 345 344 338 334 330 336 330 331 333 330 336 337 332 313 312 313 315 311 316 320 323 319 318 326 336 333 336 330 324 327 325 319 315 322 319 337
354 352 352 347 344 346 350 352 353 355 356 355 354 354 354 353 351 348 352 354 353 354 354 353 355 355 353 354 355 355 354 354 353 351 350 350 349 347 346 344 335 329 334 335 334 336 334 337 339 339 337 332 330 338 340 337 333 339 338 346 333 322 325 326 334 340 340 340 336 335 327 316 325 316 315 316 315 314 316 324 325 324 314 324 325 331 320 323 328 322 317 329 335 335
355 355 351 346 347 344 352 351 353 354 353 351 354 354 354 353 352 349 352 354 354 355 356 355 352 356 354 355 356 355 354 354 351 352 351 351 349 348 347 345 338 334 341 338 338 341 344 345 344 343 336 345 345 339 339 344 339 342 341 340 319 323 327 324 333 336 338 335 335 333 325 319 321 320 312 313 321 323 315 319 312 315 331 326 327 325 321 323 327 328 334 335 337 332
351 353 350 341 348 348 349 350 352 354 353 353 351 351 351 353 354 353 355 354 354 355 355 356 355 354 353 354 353 357 355 354 353 352 352 351 350 350 349 348 347 343 344 340 344 339 347 346 346 347 345 344 344 347 346 346 346 343 340 340 325 325 323 326 332 335 325 323 321 312 299 310 325 330 325 326 315 314 316 323 315 330 324 320 322 318 331 324 334 337 338 337 337 328
350 353 350 349 342 346 347 350 352 354 349 350 342 339 348 349 351 354 353 353 354 353 355 356 356 356 356 355 353 353 356 353 353 353 353 352 351 351 350 349 347 347 348 348 348 348 347 344 348 348 347 347 346 347 349 347 342 343 340 333 331 329 322 322 322 323 320 322 316 319 318 329 316 316 312 322 327 320 319 318 322 327 316 304 317 317 318 320 339 338 340 341 335 331
349 352 351 348 348 343 349 352 350 348 340 341 341 348 344 346 343 347 345 348 348 345 351 351 356 353 352 354 354 354 355 354 355 351 351 353 352 352 349 340 342 346 350 349 347 349 349 349 350 349 347 347 347 346 337 343 341 341 340 331 328 329 328 321 324 325 326 312 312 324 326 322 309 316 315 323 325 327 325 327 320 326 314 324 317 313 310 331 338 340 341 337 334 328
349 349 348 349 347 348 351 349 339 346 334 332 341 340 346 346 348 346 343 344 343 344 347 350 351 341 352 353 353 353 349 353 344 354 353 349 352 350 348 341 346 347 351 350 350 350 350 349 346 346 343 350 348 346 337 333 343 340 338 337 330 330 326 318 322 315 325 325 325 320 322 320 314 310 311 321 322 326 313 314 316 317 316 311 319 318 326 332 336 340 335 328 331 330
348 345 335 329 325 332 335 333 334 338 337 336 342 341 339 345 342 338 339 338 342 343 344 346 349 351 353 351 353 350 352 353 348 347 352 352 353 349 346 341 347 349 342 351 349 337 346 345 347 341 346 342 348 346 345 342 341 343 336 328 331 325 322 323 318 313 324 326 321 320 317 323 322 317 320 321 324 311 306 316 316 324 319 314 313 323 330 335 335 331 334 331 328 327
337 332 331 333 330 331 335 334 333 334 333 336 337 340 342 345 346 345 342 344 346 345 345 345 352 350 345 352 352 352 352 349 351 353 352 352 350 346 350 346 352 350 348 347 339 341 331 333 341 345 345 346 346 346 342 330 323 341 341 340 333 325 328 326 329 328 315 323 322 320 319 320 311 327 325 324 318 307 314 324 320 328 320 318 327 332 332 333 333 334 335 330 331 330
318 329 332 335 333 327 337 334 330 333 335 333 332 327 329 332 332 327 331 349 348 347 349 350 351 349 351 351 350 349 349 348 349 351 349 352 352 349 349 346 349 348 344 334 339 334 327 328 334 343 336 342 342 340 336 337 340 336 331 334 331 327 320 320 315 307 313 322 319 322 323 325 323 325 324 329 327 314 321 321 325 321 321 329 315 329 331 332 333 333 337 336 335 334
322 327 335 336 336 336 332 331 333 330 325 330 330 330 328 328 335 332 335 331 333 334 340 348 354 353 352 347 340 346 348 345 347 349 351 353 346 351 348 344 345 335 334 335 336 335 333 332 332 338 338 339 333 323 330 339 339 334 338 334 322 312 327 320 317 317 322 318 310 326 323 318 314 320 327 329 325 318 314 317 322 326 319 322 317 331 334 332 332 336 336 334 331 330
332 332 336 331 334 334 324 327 322 325 333 334 338 331 329 329 335 335 323 326 332 346 351 351 352 346 350 351 349 349 346 347 347 349 348 352 347 350 345 346 345 344 342 340 338 337 335 334 333 335 339 331 330 323 336 342 338 338 337 335 326 332 328 318 322 323 321 325 329 330 326 325 327 325 317 319 317 320 315 317 330 318 320 326 335 335 334 331 336 335 336 337 337 336
323 334 335 331 330 330 325 328 323 327 330 343 342 329 339 338 333 332 341 347 345 346 343 347 344 349 348 346 349 348 348 346 349 349 349 351 348 347 346 344 346 346 345 344 343 338 333 336 337 340 339 337 330 337 339 331 340 339 337 335 330 331 328 332 330 327 322 335 335 334 319 324 323 325 322 320 324 329 311 321 322 321 332 332 334 335 337 337 336 335 335 335 336 338
334 328 335 336 333 333 324 326 315 331 332 345 335 334 334 333 341 347 349 349 345 346 351 346 342 350 343 343 339 342 335 343 346 350 350 347 350 346 347 347 346 346 345 344 338 341 339 336 336 331 338 339 340 340 340 341 336 334 339 337 334 334 336 332 331 335 337 322 328 330 325 324 321 328 323 327 327 335 326 319 323 328 331 333 326 329 332 336 336 337 333 337 339 339
334 331 334 334 333 333 318 334 333 340 344 346 336 341 336 339 348 346 349 350 352 350 350 344 341 341 339 342 339 341 331 343 346 348 350 346 347 349 341 347 347 345 344 344 342 334 337 334 331 334 336 339 339 339 341 338 326 334 332 335 336 336 337 338 337 336 337 332 333 332 324 326 329 327 327 328 327 325 326 324 331 336 336 332 330 328 330 333 334 338 337 335 339 337
339 340 340 338 336 338 331 334 337 342 348 347 346 346 346 345 347 349 348 352 350 349 344 340 343 344 341 333 336 335 332 332 339 343 349 350 349 346 343 342 345 347 346 344 342 339 338 338 336 335 337 338 340 340 341 337 332 335 336 336 337 335 337 339 336 333 338 336 330 333 329 329 325 329 325 329 319 322 327 335 334 336 335 328 328 326 333 333 334 336 338 335 333 326
343 344 343 341 339 339 344 341 338 331 340 348 349 349 350 349 351 350 349 349 350 347 343 345 348 345 335 335 337 336 336 339 343 345 347 346 346 347 347 340 340 346 345 346 342 340 340 338 338 337 336 337 338 338 337 334 336 335 337 337 338 336 339 339 336 335 338 337 335 330 330 335 332 324 330 315 319 325 330 338 338 333 332 326 325 329 332 333 335 333 339 333 334 330
338 338 337 334 330 337 343 344 345 337 340 337 345 349 344 349 349 348 348 347 347 342 346 347 345 338 344 342 342 337 341 343 344 345 347 347 344 345 344 330 341 341 347 346 342 340 338 337 334 332 331 334 336 336 338 338 338 336 337 337 337 339 338 339 335 336 339 337 338 334 335 333 334 327 325 322 325 324 320 337 327 326 328 328 334 332 337 336 337 336 339 340 339 335
341 338 338 336 337 337 333 335 333 334 335 335 341 346 342 349 349 347 343 344 345 346 348 347 345 346 345 346 343 343 342 345 344 345 345 340 345 345 342 343 340 343 345 339 341 338 339 339 336 331 328 330 332 333 331 335 337 335 336 339 339 339 339 339 338 339 339 331 336 336 334 333 331 331 330 332 330 326 327 336 333 334 330 331 335 337 339 336 336 340 334 330 330 333
326 335 336 332 338 336 342 342 338 332 336 341 346 345 347 344 343 333 341 344 344 340 338 345 345 343 347 344 345 342 344 343 345 343 344 345 326 338 339 342 338 339 339 339 338 334 336 335 334 333 328 330 333 336 337 338 339 339 340 336 339 339 339 339 339 341 339 339 339 338 337 336 335 334 329 329 330 334 337 340 337 336 333 338 339 339 339 340 340 336 334 335 334 332
337 338 338 338 335 341 345 345 338 338 343 345 346 339 342 337 328 339 341 341 342 335 342 336 344 345 342 341 341 343 343 342 340 326 330 333 334 339 339 340 343 334 334 338 337 332 332 330 329 324 328 325 335 336 337 337 338 337 334 337 339 340 340 340 340 340 340 339 339 339 338 338 337 336 333 334 335 335 337 340 336 338 337 338 337 336 338 338 335 333 334 332 330 329
339 340 340 336 340 339 343 345 345 344 342 343 342 339 332 333 343 332 333 337 335 343 337 337 334 346 342 344 340 341 341 337 330 332 330 337 342 329 336 336 339 338 337 337 335 329 330 327 329 330 331 334 332 334 338 338 333 336 334 339 340 340 340 340 340 340 340 340 338 339 338 338 336 334 335 335 335 337 337 338 339 337 335 337 338 338 337 332 319 310 315 317 318 323
339 344 339 335 341 340 341 339 346 347 345 343 339 333 329 338 339 339 337 332 338 342 338 338 340 345 344 338 336 340 334 321 324 327 333 340 340 337 330 333 335 335 333 333 333 333 331 331 332 332 333 331 333 333 337 336 336 339 339 338 336 337 338 339 340 341 341 341 338 336 338 337 337 335 335 335 331 334 336 339 336 338 336 340 337 330 330 333 323 318 319 316 320 318
343 338 339 339 332 340 338 345 338 336 327 343 343 338 337 338 337 329 327 332 334 337 329 335 340 346 342 343 337 324 330 322 326 332 337 329 336 332 336 337 335 332 322 325 330 336 335 334 334 333 333 333 335 335 337 338 337 337 337 336 334 329 334 335 339 334 336 335 335 336 339 337 331 334 332 333 334 325 336 337 341 338 339 333 334 335 334 330 321 322 315 322 327 318
346 344 337 335 338 342 347 341 329 323 336 340 335 314 327 322 309 326 325 322 329 338 337 341 341 342 332 332 320 317 320 329 332 337 338 334 338 335 331 331 331 328 330 331 333 332 332 336 337 334 334 336 338 338 336 336 333 333 329 325 325 331 334 338 335 332 335 337 334 341 338 337 334 336 333 333 329 326 325 336 336 337 330 334 335 335 335 332 319 326 322 316 325 331
344 342 340 343 344 339 342 340 340 339 342 338 306 311 320 320 315 311 313 318 323 338 343 342 329 327 325 323 323 325 321 330 336 339 339 338 333 325 330 328 328 332 328 330 332 336 335 329 333 337 335 334 325 332 333 331 331 328 319 321 331 334 334 336 337 337 336 334 336 338 340 338 337 336 331 332 333 331 331 319 324 334 337 337 338 331 327 316 331 334 334 335 336 335
341 346 346 347 347 345 344 337 338 338 341 331 312 316 309 316 321 319 314 322 331 340 341 336 332 329 329 328 327 326 331 335 333 338 334 329 329 330 324 326 328 331 325 329 333 333 333 333 334 331 332 330 329 332 331 330 330 327 324 324 327 332 334 332 327 329 335 333 339 340 342 339 336 329 328 333 331 322 322 333 334 330 329 331 333 328 317 326 329 334 336 337 338 338
344 347 345 343 341 339 340 336 336 342 342 323 310 310 319 328 320 320 321 327 338 342 338 330 325 332 330 332 329 331 336 337 331 332 329 327 328 331 328 330 321 330 332 332 334 337 336 336 333 329 325 332 332 332 332 330 330 327 325 326 329 326 323 328 330 332 333 333 339 340 341 340 337 334 335 330 328 326 326 325 335 336 339 337 325 323 325 328 326 335 336 337 339 339
