sesion_6_simulaciones/modelos_distribucion_especies/ejemplo/variables/futuro_A2/2040/TMXV.asc
ncols 708
nrows 329
xllcorner -7.525000
yllcorner 35.991667
cellsize 0.008333
NODATA_value -9999
[rows 41 to 81 of 329, columns 282 to 375 of 708]
351 351 351 352 352 353 353 353 353 353 353 352 352 351 352 352 351 351 351 352 351 350 350 350 350 350 350 349 349 349 348 347 347 346 345 344 344 343 342 343 343 344 345 346 346 346 347 347 347 347 347 347 349 351 352 354 355 357 357 358 359 360 360 360 359 359 359 359 358 359 360 359 359 360 359 358 359 359 359 360 360 359 359 359 -9999 -9999 -9999 -9999 -9999 -9999 -9999 -9999 -9999 -9999
349 349 351 352 352 352 352 352 353 353 353 352 351 351 351 351 351 351 351 351 351 351 350 349 349 349 348 348 348 347 347 346 346 345 345 344 343 343 342 342 342 343 344 345 346 346 347 347 348 348 348 348 350 351 353 354 355 356 356 357 359 359 360 360 358 357 358 358 358 358 358 358 359 359 359 358 359 359 359 359 359 359 358 359 360 361 360 359 359 359 -9999 -9999 -9999 -9999
350 350 351 350 351 351 351 352 352 352 352 352 351 352 351 351 351 351 350 350 350 350 350 349 349 349 348 348 348 347 346 345 343 344 345 344 344 343 343 343 342 343 344 345 345 346 347 347 347 348 349 350 351 352 353 353 354 355 356 357 358 358 359 360 359 359 358 357 357 358 357 358 358 358 358 357 358 358 359 359 359 359 359 359 359 360 359 358 357 358 -9999 -9999 -9999 -9999
349 350 351 350 351 351 351 351 351 351 352 351 351 351 351 350 350 350 350 350 350 350 350 350 349 348 348 348 347 346 345 345 344 342 343 342 343 343 343 342 342 343 344 345 345 345 346 347 347 348 349 351 352 352 352 354 354 355 356 357 358 358 359 358 358 359 358 358 357 357 357 358 357 357 357 356 358 358 358 358 358 359 359 359 360 360 359 358 358 357 357 358 358 359
350 350 348 346 349 350 350 351 351 351 352 351 351 350 350 350 350 350 350 350 350 350 350 350 349 349 348 348 347 347 347 346 345 344 343 342 344 343 342 342 342 342 344 345 345 345 346 347 348 349 350 351 352 353 353 353 354 355 355 357 358 358 357 358 358 357 358 358 357 357 357 358 357 357 356 357 358 357 358 358 358 358 360 360 359 359 359 358 357 356 357 358 358 357
348 350 350 348 347 348 350 350 350 351 351 351 351 350 350 350 350 350 350 350 351 346 348 350 350 349 349 348 347 347 346 347 346 345 344 343 344 344 343 342 342 343 344 345 345 345 347 348 349 349 351 352 352 353 353 353 354 354 355 357 357 358 358 357 357 357 357 357 357 357 358 357 357 357 356 356 358 358 358 358 358 359 359 359 358 358 358 358 357 356 357 358 358 356
350 350 349 349 349 348 348 348 348 349 348 351 350 350 350 350 350 350 350 351 350 348 348 350 350 350 349 349 348 347 347 347 347 346 345 344 344 344 344 344 343 344 344 344 345 346 347 348 349 350 351 352 352 353 354 354 355 355 355 357 357 358 358 358 357 356 356 356 356 357 357 357 356 356 356 357 357 358 359 358 359 359 359 358 359 357 357 357 357 358 356 358 356 357
352 351 352 350 350 347 348 348 347 349 349 349 349 350 349 350 350 350 350 350 351 350 350 351 350 350 350 349 349 348 347 347 347 348 347 344 343 344 344 344 343 344 344 344 345 346 348 348 349 350 351 351 351 353 354 355 355 356 356 356 357 356 356 355 357 357 356 356 356 356 356 356 356 356 356 357 358 358 358 357 357 357 357 357 356 357 356 356 357 356 356 355 355 355
350 351 352 351 348 347 347 345 345 345 343 347 349 349 348 349 350 350 350 350 350 350 350 350 350 350 350 349 349 348 346 346 349 349 347 347 342 343 344 343 344 344 345 345 346 346 347 348 348 350 351 351 351 353 354 355 356 356 356 357 357 357 357 357 357 357 357 357 357 357 357 357 356 356 356 356 357 357 358 357 357 356 357 356 355 356 356 356 356 356 356 355 354 354
351 349 351 348 348 351 347 346 348 348 345 343 344 346 348 348 349 349 349 349 349 350 350 350 350 350 350 350 350 350 347 346 347 349 349 347 347 345 344 344 344 345 345 346 347 347 347 348 349 350 351 351 352 353 354 356 355 356 356 357 357 357 357 358 358 358 358 358 357 357 358 357 357 356 355 356 355 357 357 357 356 356 356 356 356 355 355 355 356 355 356 355 355 354
353 353 353 351 347 349 343 347 345 344 343 340 345 342 342 345 344 347 349 349 349 349 349 350 350 350 351 350 350 348 348 349 348 350 348 348 347 346 346 345 344 345 346 347 347 348 348 348 350 351 352 352 352 353 355 356 355 355 355 356 357 357 357 358 359 358 358 358 357 357 358 358 358 356 356 355 355 356 356 356 356 356 355 355 355 354 353 354 354 354 355 355 354 354
353 353 353 348 350 348 350 347 348 343 344 346 345 341 339 342 344 346 344 345 348 348 349 350 350 350 348 350 351 351 349 349 349 351 350 347 348 348 347 347 347 345 346 348 348 348 348 349 350 352 353 353 353 354 355 356 356 356 356 357 356 356 357 358 359 359 358 359 358 357 357 358 357 356 355 355 354 355 355 355 355 355 355 355 355 354 354 354 353 353 353 354 353 353
351 354 354 352 350 349 349 346 343 347 345 345 342 342 345 344 345 345 343 343 345 349 349 349 348 349 348 349 349 351 351 351 351 350 347 347 347 347 347 348 349 347 348 347 349 349 349 350 351 352 353 354 354 354 355 356 357 357 357 356 356 356 356 357 358 359 359 358 359 358 358 359 357 357 356 357 355 356 356 355 355 354 354 355 354 354 354 354 354 353 353 352 351 352
351 353 350 344 348 348 346 344 343 345 345 346 344 342 338 342 340 339 345 342 343 344 345 348 349 350 349 350 350 350 351 350 352 349 351 349 347 348 344 346 346 351 350 348 349 349 349 350 351 352 354 354 355 353 356 356 356 356 356 356 356 355 356 357 356 358 359 359 359 359 359 359 358 356 357 357 356 356 356 355 355 354 354 355 355 354 354 354 354 354 353 353 353 353
354 355 354 345 347 344 348 349 348 343 344 343 344 347 346 346 344 344 343 344 337 339 345 344 343 349 349 349 349 349 350 349 348 349 349 351 349 349 349 349 347 350 351 351 350 350 351 350 349 350 352 354 354 355 355 356 356 357 357 356 356 356 356 357 357 357 357 358 359 359 359 359 358 358 357 357 357 356 356 354 354 354 354 355 355 355 354 354 355 354 354 354 353 353
355 355 354 352 351 345 343 347 349 349 349 345 338 342 346 347 348 346 345 345 342 344 345 340 345 341 343 349 350 350 348 351 352 352 349 351 352 352 349 351 350 350 351 351 352 351 349 349 349 350 351 352 354 354 354 356 356 357 355 356 356 355 355 356 356 356 358 358 358 359 358 359 358 358 358 357 357 356 357 355 354 354 354 354 355 355 354 354 354 354 354 354 353 353
354 354 355 354 354 353 350 348 342 340 346 351 349 342 342 345 348 348 345 345 346 347 344 345 346 345 345 342 348 349 349 350 352 353 353 350 351 351 354 353 350 348 352 351 350 353 350 348 350 350 351 352 352 354 353 354 355 356 356 354 355 355 355 354 355 355 356 357 357 357 358 359 359 358 358 356 357 357 355 355 353 354 354 354 354 355 354 354 354 354 354 353 354 354
353 355 355 355 355 355 355 354 352 347 345 349 351 352 351 342 345 347 347 349 348 348 347 344 346 345 346 344 346 345 349 351 351 350 353 355 349 350 346 352 348 352 352 352 350 353 351 350 350 351 351 352 351 351 352 350 354 351 353 354 355 354 355 354 354 355 355 356 355 356 356 356 358 358 358 357 357 357 356 353 353 353 353 353 353 354 354 353 354 355 354 354 354 354
355 355 356 355 355 355 355 355 353 351 345 346 341 348 353 352 352 350 344 348 347 348 349 344 348 347 346 345 344 343 345 347 350 351 350 352 352 352 353 351 351 353 352 348 350 351 353 349 349 350 351 352 353 354 357 357 357 354 352 352 354 353 353 353 353 353 354 356 355 354 354 353 354 358 358 357 358 355 355 354 353 353 353 352 354 355 355 354 353 353 355 355 353 353
353 354 354 355 355 356 356 356 355 354 353 343 345 344 348 353 353 352 346 344 346 347 350 348 348 341 345 346 345 343 346 343 347 350 351 352 352 346 354 358 356 352 354 349 353 352 354 353 350 352 353 349 352 352 354 352 353 352 353 353 352 353 353 353 352 353 354 354 353 353 353 354 355 357 358 358 357 357 352 353 352 352 352 352 352 353 354 354 353 354 354 354 355 356
352 351 353 355 354 355 355 355 356 356 354 353 353 352 349 353 344 343 347 348 349 348 349 350 350 348 346 339 345 345 344 345 343 347 351 350 352 351 351 353 353 354 354 353 354 355 354 351 351 349 353 351 354 344 352 354 353 352 353 353 354 354 352 353 353 353 354 354 354 354 354 354 354 353 356 358 352 357 353 354 352 352 352 353 353 353 353 354 355 355 353 353 340 355
341 349 352 354 355 355 353 348 355 355 355 355 355 354 348 343 347 343 347 348 349 350 346 351 349 348 348 347 346 340 341 341 338 345 342 350 350 349 349 352 352 353 357 352 348 354 352 355 351 351 348 352 354 349 353 352 353 354 354 354 355 355 354 354 353 353 353 354 355 354 354 353 355 357 357 357 357 357 353 353 353 352 353 353 353 353 353 354 354 355 354 353 355 352
344 347 349 345 352 353 353 354 355 354 354 356 356 355 354 354 352 349 340 347 348 349 347 350 352 349 349 349 347 346 337 340 341 344 347 346 342 345 342 343 350 352 352 357 350 355 351 353 348 357 349 351 355 349 353 351 352 352 354 354 353 355 355 355 355 352 354 353 353 353 354 353 353 355 357 358 358 358 349 358 354 355 352 353 354 353 354 355 355 355 354 354 353 352
348 346 352 351 344 349 353 354 353 347 353 346 355 356 355 355 355 353 351 346 346 348 348 346 351 351 349 350 350 350 347 349 347 342 348 350 342 341 348 342 344 337 344 348 346 348 359 360 357 354 353 350 360 353 346 352 351 353 354 353 352 353 355 355 355 356 356 356 355 354 354 354 353 352 353 357 358 357 354 354 358 357 355 352 354 354 353 354 354 354 356 356 358 346
345 336 344 347 345 346 348 344 345 354 355 355 355 355 356 356 356 355 354 351 346 350 347 347 348 347 352 354 352 349 353 353 351 349 353 347 352 345 351 346 347 347 347 346 337 341 342 350 351 353 352 354 360 356 353 352 355 352 354 353 354 354 354 355 355 354 355 356 357 356 356 354 355 353 353 355 355 351 347 355 358 362 357 356 354 355 355 356 358 356 358 359 357 356
348 347 345 341 339 345 345 349 348 340 351 350 343 346 356 356 344 354 350 353 351 347 346 346 346 349 349 347 353 351 352 349 352 354 347 355 351 353 350 354 354 343 347 350 347 347 351 350 352 344 350 352 356 355 355 350 345 345 354 355 354 354 355 354 351 355 355 353 356 357 357 356 356 354 356 357 355 356 354 352 352 348 358 360 353 355 354 358 359 353 356 359 362 359
346 346 345 348 349 346 347 349 350 351 351 350 348 346 349 354 350 347 351 351 351 353 351 349 347 348 347 347 348 348 348 349 348 346 352 356 352 353 348 353 351 352 351 349 353 352 341 356 348 354 348 343 360 352 348 353 353 354 355 354 355 357 356 356 356 356 355 356 356 352 351 356 355 354 350 359 357 353 357 351 349 352 353 353 345 355 354 362 362 353 353 363 361 346
344 344 341 343 344 346 347 347 348 352 349 348 349 349 352 355 356 349 350 351 347 347 355 353 353 351 351 349 348 347 346 343 349 352 353 352 350 343 354 352 352 352 351 349 347 347 354 353 352 355 352 352 355 355 350 349 353 353 355 354 355 355 356 354 357 356 355 357 356 356 358 357 357 356 349 356 356 355 356 356 357 360 358 356 355 351 355 357 354 344 353 347 347 356
339 341 342 344 347 349 346 348 351 351 351 351 353 354 352 340 349 356 356 356 351 354 354 354 352 355 355 353 346 347 346 348 349 348 347 349 348 356 357 356 352 352 353 351 351 353 346 351 357 357 355 355 360 350 347 350 352 352 354 352 352 356 356 357 358 356 357 357 356 355 356 356 356 356 355 354 355 357 357 357 353 355 354 358 357 363 360 356 359 363 363 359 356 353
342 342 342 342 344 350 347 345 347 348 353 351 352 346 347 346 350 346 347 356 357 356 355 354 356 353 350 352 350 350 350 349 343 350 347 345 348 350 355 352 348 352 354 352 353 353 353 351 348 349 355 353 354 356 352 353 350 352 352 352 351 353 353 352 351 356 356 357 358 359 354 360 356 358 359 359 359 358 358 357 357 357 353 356 362 361 363 362 360 364 364 358 359 356
345 345 344 343 344 345 348 348 346 349 348 349 345 348 345 349 350 352 347 351 356 357 356 356 353 355 355 353 353 353 355 351 353 349 348 348 348 346 354 350 349 348 347 347 351 353 354 354 356 351 354 359 362 354 355 352 352 351 353 352 352 354 351 350 352 352 352 353 351 352 358 360 359 357 357 356 352 358 358 354 357 356 359 359 357 359 359 365 367 359 356 357 359 361
350 349 344 341 342 344 344 345 347 347 348 346 347 348 347 347 342 349 352 344 355 356 357 357 357 354 349 347 356 356 356 356 355 355 346 346 345 351 342 353 353 351 348 346 344 341 342 352 355 357 356 355 337 361 355 355 352 355 342 354 352 353 355 350 353 352 353 353 353 353 352 351 355 354 348 357 351 354 354 357 356 357 351 353 362 363 362 366 358 364 356 361 361 359
349 348 345 343 347 344 342 345 345 343 347 346 347 349 348 348 346 345 350 346 346 350 357 357 356 356 357 356 352 350 340 347 353 351 350 344 353 350 344 350 344 353 347 347 350 346 346 348 351 355 358 357 357 353 365 364 360 361 357 351 353 357 356 353 353 355 355 350 352 351 354 354 350 341 355 357 358 358 353 358 363 347 359 360 356 358 357 363 356 361 363 361 358 363
345 349 348 349 351 349 348 350 349 350 347 347 349 346 341 349 348 348 349 353 349 355 346 347 357 357 357 357 357 356 352 347 346 343 343 345 353 347 354 356 343 346 350 351 353 352 347 350 348 349 347 354 361 360 351 356 358 364 354 353 359 353 355 351 355 355 353 354 354 355 354 353 355 355 357 358 357 359 359 359 359 360 363 360 364 360 365 366 362 363 361 360 363 363
344 351 350 352 346 351 350 351 351 349 345 346 342 348 348 345 348 349 350 348 353 356 351 347 348 347 357 357 357 357 357 356 352 346 349 351 348 341 347 344 361 357 353 355 353 354 356 356 350 346 356 354 352 356 345 351 361 362 353 354 355 352 356 353 355 355 357 352 354 348 357 354 355 352 358 358 359 360 361 362 360 360 364 362 362 363 363 366 367 358 363 362 358 363
346 350 349 353 350 351 352 344 345 346 346 345 344 344 346 349 345 347 347 349 344 345 354 350 353 352 353 357 357 357 357 357 357 356 352 346 351 349 349 340 353 357 359 359 359 359 357 357 352 350 354 353 358 361 358 353 358 363 363 357 355 356 360 357 350 353 352 361 358 357 344 346 355 354 356 356 358 359 355 358 356 360 359 355 355 367 363 363 365 363 360 363 362 361
354 349 351 352 350 352 349 347 346 340 341 342 346 345 346 347 349 345 344 342 347 348 348 352 351 351 356 347 349 356 351 352 354 354 352 356 352 352 352 351 346 356 361 345 352 362 359 354 361 362 363 362 360 351 358 356 352 351 352 351 352 353 353 361 359 363 360 353 352 350 359 356 351 353 357 359 358 361 357 359 360 361 363 361 364 363 364 354 365 363 359 360 362 362
354 354 353 343 344 352 349 350 347 344 345 344 344 346 343 346 341 344 345 346 346 345 344 353 353 350 351 352 356 357 349 354 339 348 347 352 351 353 353 353 353 352 352 348 347 348 353 359 362 363 364 359 364 365 361 361 359 363 358 358 353 350 359 359 364 360 359 358 353 360 359 353 356 355 359 362 360 362 357 360 361 358 363 364 363 363 363 364 364 361 361 362 365 365
353 354 352 343 346 349 351 349 349 349 340 339 341 344 339 343 345 345 348 343 346 348 347 348 346 349 350 354 350 347 351 347 354 351 355 352 351 347 353 353 353 353 353 353 352 352 336 344 341 337 344 356 358 359 362 366 367 366 365 363 357 361 360 359 358 358 355 354 358 361 360 362 361 361 359 362 362 360 361 360 359 362 365 364 365 362 364 361 364 363 363 364 366 360
354 355 352 352 347 336 347 345 347 348 349 347 345 345 342 349 347 346 346 344 347 345 343 346 345 342 346 353 345 351 358 354 350 357 357 355 353 355 348 352 352 354 354 354 355 354 352 353 353 353 352 350 348 346 343 358 360 362 367 367 366 363 356 354 353 358 357 354 361 362 360 360 362 359 357 360 359 360 361 363 363 365 365 364 362 366 364 364 364 365 364 364 364 363
344 351 349 350 352 347 343 343 348 349 349 349 350 350 351 350 351 346 350 351 350 342 343 346 348 349 347 339 344 342 354 357 358 357 357 358 358 354 349 352 353 354 354 354 354 349 355 355 352 352 345 353 351 352 352 349 351 363 360 360 358 359 364 364 361 359 361 359 360 360 364 361 360 357 360 356 354 362 354 363 365 361 366 363 366 366 366 366 362 365 366 365 364 365
