sesion_6_simulaciones/modelos_agentes/ejemplos_netlogo/scenarios/echam4_b2/rob_2030.asc
NCOLS 322 
NROWS 307 
XLLCORNER 451900 
YLLCORNER 4086900 
CELLSIZE 100 
NODATA_value -9999 
[rows 74 to 147 of 307, columns 96 to 191 of 322]
18 46 30 20 16 21 17 45 19 20 15 56 28 69 60 43 11 4 7 10 52 54 22 11 11 5 4 1 4 10 3 2 8 7 4 2 1 2 3 2 2 3 8 2 3 4 5 2 2 6 4 14 31 21 18 11 17 22 36 26 20 73 60 46 52 57 35 50 61 62 51 63 47 64 38 38 56 61 46 41 23 46 62 54 36 18 19 19 10 13 9 8 7 3 1 0
23 26 24 17 11 16 25 31 18 35 35 25 18 20 35 58 29 38 41 60 86 56 52 23 13 9 4 2 5 2 3 33 10 8 12 9 3 1 2 1 2 11 13 14 21 8 6 30 35 5 4 3 6 20 7 9 19 33 25 14 32 35 57 44 52 37 32 45 56 65 38 76 40 50 42 29 56 29 23 49 53 45 21 22 31 29 24 20 27 23 31 30 14 9 3 1
38 22 20 18 14 23 13 39 16 41 48 17 20 41 27 27 37 62 54 64 78 74 72 54 17 9 6 3 4 6 18 29 18 12 15 11 13 3 4 7 4 2 6 2 3 11 8 14 16 16 4 2 6 6 6 8 18 28 13 15 23 12 45 43 44 35 49 37 67 51 27 58 51 40 51 45 26 18 71 44 32 33 51 37 53 56 51 60 61 43 44 37 22 14 7 4
39 13 28 25 20 16 19 27 23 29 71 28 28 28 30 39 67 36 63 62 78 81 58 43 45 8 5 8 16 14 24 7 13 9 16 4 25 9 5 17 3 1 1 1 3 8 18 16 11 34 26 15 9 2 3 5 11 8 8 6 17 8 35 26 26 16 43 40 47 26 17 25 51 20 46 23 24 30 58 34 46 42 39 57 73 69 76 57 55 64 37 38 21 15 9 7
39 22 30 28 39 18 24 27 11 49 69 59 39 23 39 45 50 63 79 44 42 54 66 73 28 21 25 40 44 24 24 9 15 18 3 8 11 11 10 20 11 2 1 2 6 8 21 27 10 51 38 29 29 16 14 5 5 4 6 4 10 6 8 12 9 12 18 32 18 11 14 13 44 31 19 8 26 38 33 35 54 72 82 74 77 77 53 60 64 42 44 25 18 19 16 27
55 56 19 53 58 37 13 31 12 33 32 64 45 33 35 7 43 82 52 50 50 31 60 73 38 21 67 67 61 56 61 26 5 5 7 20 25 5 9 17 22 3 2 7 6 9 16 58 53 50 43 39 45 14 35 25 22 7 3 2 7 12 5 4 7 11 12 17 5 5 14 24 23 17 53 47 17 16 37 57 67 69 67 68 58 71 70 79 60 39 35 24 19 29 49 27
79 84 64 60 23 18 13 11 11 39 19 12 47 58 14 33 75 49 37 29 42 24 11 50 60 62 70 57 67 54 81 64 18 19 24 39 16 13 5 11 32 11 4 6 12 30 16 15 56 35 48 72 49 35 48 19 28 38 30 25 28 7 29 12 4 2 9 14 18 27 18 4 6 7 13 41 48 64 35 61 61 48 72 58 53 57 70 76 60 50 46 32 63 60 22 18
63 59 72 18 13 15 21 17 15 22 22 5 13 25 28 42 22 54 55 41 32 44 9 17 56 73 72 40 33 45 47 25 47 47 44 39 41 39 9 14 36 26 5 5 21 21 12 7 30 14 59 70 44 77 58 28 55 26 20 23 36 12 20 28 19 8 19 21 43 15 28 8 7 7 13 7 15 59 59 61 38 55 72 63 46 56 77 66 59 53 52 59 71 54 24 43
77 76 64 32 31 33 38 26 13 18 30 4 15 29 36 23 20 70 48 34 38 71 39 36 64 91 63 15 35 46 26 27 9 14 74 51 18 18 9 31 47 41 12 9 16 15 12 17 19 43 46 79 78 80 56 52 55 34 54 28 43 27 30 25 23 22 10 15 37 16 45 57 39 27 14 16 15 15 47 73 81 46 61 59 39 76 60 44 56 70 58 75 52 45 34 65
30 49 72 68 13 12 35 35 46 24 24 7 25 55 38 12 20 81 31 49 43 42 29 65 44 51 29 44 52 40 29 24 13 49 84 59 35 18 12 41 20 9 19 8 11 8 10 15 18 35 25 70 68 82 62 59 73 45 64 53 43 46 23 24 31 15 39 15 31 50 62 61 41 23 27 12 14 23 19 66 61 58 30 53 71 39 46 48 61 52 59 49 34 43 44 82
16 23 36 49 56 14 27 17 14 42 35 15 25 50 40 23 34 77 44 44 24 17 71 73 63 50 25 58 57 40 18 10 54 87 84 80 71 36 35 48 36 6 18 13 15 24 18 14 23 8 5 29 76 86 58 66 57 60 79 67 48 39 22 14 47 21 58 36 31 52 71 63 24 19 28 21 24 26 23 30 67 77 72 49 25 59 69 70 59 71 30 48 46 66 46 77
14 22 36 23 44 49 38 33 17 30 48 13 27 57 41 49 38 51 58 69 63 19 41 49 80 69 64 68 65 69 40 78 88 77 72 85 79 40 26 50 30 10 22 14 16 22 23 17 21 15 18 34 77 81 57 46 54 84 77 76 50 19 35 46 61 41 74 62 51 33 71 53 55 48 40 24 25 32 25 24 39 75 61 76 71 41 66 29 68 36 33 57 44 77 50 64
13 8 4 4 14 32 16 8 12 22 27 15 39 63 46 17 35 30 53 66 74 65 31 35 40 45 73 86 58 59 80 84 86 71 77 75 61 76 50 56 35 56 37 49 22 30 41 43 29 29 20 37 68 89 68 50 79 70 80 72 50 34 36 44 74 51 69 63 57 36 60 46 40 16 37 17 8 24 26 19 11 59 74 65 50 82 58 55 57 56 55 68 72 78 77 46
8 4 0 1 13 14 3 6 10 19 10 25 58 51 19 9 19 29 53 56 69 88 54 29 25 36 78 77 83 42 84 70 69 70 88 82 60 76 47 61 53 85 32 64 46 34 28 21 25 23 21 17 45 83 69 77 68 79 89 65 40 43 54 71 67 53 66 61 49 16 19 29 52 45 51 29 14 21 30 37 45 14 62 68 63 75 83 85 91 73 85 87 74 43 80 34
12 10 3 2 11 8 4 8 14 10 15 26 39 47 18 6 43 44 36 42 50 63 77 74 56 37 59 71 84 77 75 86 83 54 57 45 47 74 30 46 88 74 54 38 31 40 24 34 43 49 50 24 32 62 61 70 67 81 82 67 60 72 71 74 73 42 60 65 51 22 20 44 62 52 34 65 22 15 23 34 41 28 23 60 67 85 77 51 51 64 65 82 75 45 58 70
14 6 5 2 5 3 2 18 9 9 8 14 58 33 12 6 39 25 37 51 51 62 74 71 73 47 51 27 47 76 65 70 74 65 64 61 47 37 53 86 52 71 35 21 35 59 38 41 51 56 45 43 28 33 30 56 68 72 82 62 50 63 60 83 78 50 62 76 32 11 12 36 34 45 77 60 30 28 13 39 30 45 46 18 57 79 76 73 72 65 48 45 61 41 27 48
7 7 3 2 1 1 1 9 10 4 16 33 55 51 12 5 21 7 24 62 61 65 32 43 69 55 55 43 70 90 85 80 57 69 53 34 40 33 66 43 41 39 18 53 77 58 50 48 38 31 31 31 26 25 11 16 53 68 81 51 69 64 81 88 87 52 78 63 49 26 16 28 52 67 87 37 32 65 21 32 32 42 54 40 18 63 67 50 31 46 42 40 32 46 46 43
16 12 7 3 2 1 1 2 7 9 12 42 29 19 29 9 28 7 3 17 23 58 36 34 33 21 41 60 81 90 70 77 80 76 69 41 24 36 77 22 53 54 68 76 77 55 72 29 23 31 60 57 65 63 58 26 11 8 41 52 53 66 80 87 87 62 90 66 64 52 26 31 50 85 69 29 57 52 30 19 40 48 52 44 35 12 31 52 43 43 27 41 63 71 59 57
9 6 3 2 2 1 1 0 3 10 16 21 21 8 8 4 26 11 5 25 21 30 19 28 37 34 28 58 34 62 67 65 68 59 20 31 44 50 52 29 67 68 83 69 62 46 78 69 69 53 55 53 53 37 46 17 8 8 10 38 65 84 77 86 79 53 80 74 39 32 37 56 48 70 41 51 74 58 54 55 43 53 42 40 46 32 10 18 22 30 49 59 67 69 65 56
4 3 3 3 2 2 1 1 1 3 8 16 17 14 6 4 26 8 3 12 9 12 16 22 16 35 36 46 31 11 27 32 25 20 43 47 68 80 54 53 29 68 92 61 39 77 69 58 73 53 56 45 31 39 39 45 25 11 13 59 80 76 83 88 84 82 78 84 68 29 48 38 41 20 30 69 64 29 54 25 36 40 38 36 45 33 41 18 7 33 52 71 78 71 67 40
6 3 7 10 5 4 4 3 2 2 5 11 9 7 6 3 12 5 2 5 11 8 7 8 13 25 25 28 31 24 10 9 12 33 40 72 81 56 63 69 48 83 88 60 74 67 64 43 83 59 70 56 66 72 72 57 37 15 17 30 74 66 84 85 80 74 78 84 75 47 33 46 50 45 49 53 62 81 40 42 26 24 43 37 27 42 58 52 20 20 28 25 39 45 49 41
21 16 10 19 14 11 10 10 5 1 3 5 4 5 4 4 3 3 2 4 5 6 3 4 9 13 18 19 20 28 7 8 13 32 78 84 64 44 72 77 64 75 80 67 59 68 63 57 83 65 55 70 59 67 69 57 38 19 12 16 21 64 78 81 72 65 81 75 51 20 32 59 30 51 72 63 73 49 25 59 27 31 41 40 67 49 31 38 47 46 42 19 11 11 17 22
30 14 23 22 26 18 25 12 6 5 1 1 1 2 4 2 3 2 1 2 4 5 2 2 3 3 17 14 14 6 10 4 18 69 67 68 29 59 86 69 52 55 64 28 37 82 56 77 83 76 56 71 81 55 31 34 38 40 32 19 24 39 59 69 69 65 50 56 30 26 45 46 40 58 68 76 61 46 51 57 47 24 41 71 69 65 48 43 48 51 61 55 35 14 6 13
30 32 36 21 33 28 18 16 13 12 10 4 2 1 1 1 2 2 1 1 2 1 1 2 1 3 11 19 10 7 11 3 26 57 42 26 34 76 87 74 39 48 45 33 78 68 49 54 87 84 47 55 56 71 56 37 11 20 23 31 27 35 28 39 24 45 53 50 23 41 55 53 46 45 67 60 54 64 33 16 49 42 52 66 70 55 52 46 34 43 55 49 42 20 17 5
42 30 40 42 39 23 22 26 14 15 10 8 7 3 1 1 1 1 1 1 2 1 1 1 1 2 3 12 3 3 12 3 16 36 15 23 33 56 53 58 46 50 29 69 74 30 56 87 85 77 78 36 22 31 25 31 13 16 30 38 25 40 27 17 17 31 25 24 19 49 46 63 36 59 65 59 74 40 46 31 60 27 28 35 45 65 65 47 37 30 51 43 47 40 33 13
30 20 44 48 19 28 12 13 26 19 12 11 8 7 4 1 1 0 0 0 0 0 1 1 0 1 1 1 1 11 5 2 4 4 7 33 41 52 83 63 56 41 55 57 53 43 50 88 83 74 91 70 45 57 54 32 15 10 6 13 40 28 22 12 15 29 21 17 26 37 54 61 54 28 35 36 47 44 40 48 12 53 36 47 51 62 57 61 67 48 47 50 53 61 35 24
17 32 68 45 40 22 40 20 33 27 15 14 10 3 3 2 2 2 1 1 1 1 1 1 1 0 0 1 2 12 1 3 4 2 12 36 43 15 39 35 47 40 39 53 41 45 65 87 82 81 84 85 45 31 26 22 19 23 17 3 5 13 13 12 15 19 15 17 17 36 48 63 55 58 19 32 49 43 23 27 52 31 24 49 57 57 61 68 58 71 59 69 67 62 44 35
22 39 62 38 33 32 20 22 33 24 21 17 11 9 4 6 3 4 4 4 2 4 2 1 2 1 0 0 1 5 1 3 4 4 10 14 15 19 14 7 34 48 31 23 31 67 82 83 76 66 79 78 60 45 48 55 47 31 23 8 2 11 8 6 11 9 9 11 25 35 33 44 40 37 47 43 35 53 82 80 69 72 47 46 46 47 53 62 74 62 77 72 64 64 60 55
24 55 24 28 36 28 27 15 31 28 11 8 17 8 6 4 4 5 5 5 6 5 4 3 2 3 1 0 1 2 1 2 3 5 7 9 12 18 18 8 14 51 37 13 41 49 83 76 37 32 43 67 82 73 56 51 44 30 15 6 3 12 6 3 5 7 10 20 28 35 35 40 45 60 72 75 65 82 79 75 67 51 39 22 26 50 69 63 62 67 75 76 74 77 69 61
54 22 28 25 19 29 31 21 11 13 16 19 17 14 6 8 7 7 8 12 12 7 10 5 7 3 2 0 0 1 1 1 2 4 9 11 15 15 16 5 8 19 28 10 31 34 65 38 21 24 50 57 80 75 67 49 46 31 14 11 3 4 4 2 8 6 13 30 29 35 37 37 66 72 86 70 78 70 73 54 24 18 23 41 16 46 57 57 74 83 75 61 45 40 32 28
17 23 39 61 52 37 13 8 10 26 23 19 9 18 14 14 11 17 16 16 15 15 10 12 8 4 2 1 0 0 0 1 1 3 5 18 27 16 17 7 5 6 9 3 9 18 15 23 26 40 44 67 85 75 69 66 59 44 35 16 4 3 4 2 7 10 16 13 13 26 47 49 57 61 64 69 70 59 40 31 37 28 50 47 77 53 35 60 81 70 57 59 59 54 48 45
39 52 45 15 14 21 24 10 19 31 28 22 21 21 18 25 16 21 22 26 11 23 20 15 8 4 1 1 0 0 0 0 0 1 4 9 8 14 19 9 10 8 9 3 6 14 23 54 70 70 86 69 85 82 76 58 60 37 23 13 4 5 3 1 1 3 6 15 27 27 41 66 41 48 46 62 64 25 14 29 27 38 63 55 75 55 74 58 65 56 59 61 55 62 64 56
44 27 35 33 32 18 25 13 33 34 31 30 46 29 38 33 30 42 33 22 23 24 29 10 11 6 4 1 1 0 0 0 0 1 2 4 11 20 21 7 4 6 7 4 7 17 46 32 62 56 60 54 90 84 78 51 34 22 14 5 4 2 1 0 0 2 8 25 37 27 37 60 50 36 31 42 27 31 52 50 34 62 60 57 69 78 60 53 54 54 45 55 59 66 59 74
24 22 14 12 12 10 6 20 39 36 35 53 40 43 44 43 51 24 19 42 31 36 32 13 7 4 4 2 2 1 0 0 0 0 2 2 1 6 13 7 4 5 5 6 14 18 10 23 39 79 47 61 81 66 71 57 36 20 7 4 3 1 0 1 0 1 7 14 40 28 32 14 25 38 30 44 47 48 44 41 43 65 59 55 64 62 38 65 34 42 55 64 66 47 75 76
13 19 29 34 29 15 14 24 38 56 52 51 39 48 66 65 41 26 26 53 36 22 18 15 7 5 6 5 2 2 1 1 0 0 2 2 1 1 1 1 1 3 3 5 10 9 14 28 66 26 21 46 84 68 53 31 21 17 14 8 2 2 0 0 0 1 4 8 15 22 23 17 38 29 37 47 60 72 70 69 67 82 60 42 41 51 64 80 75 52 51 55 48 59 65 60
23 43 29 51 24 22 25 42 42 57 56 24 26 51 51 40 30 30 44 68 32 22 20 18 10 9 5 3 2 1 1 1 1 0 0 1 2 1 1 1 1 2 2 2 4 8 16 11 51 17 33 63 82 52 29 25 19 8 5 7 3 2 0 1 0 0 2 2 8 11 21 30 46 43 70 71 83 53 38 28 77 75 77 52 21 55 74 88 81 74 80 49 70 54 48 80
38 40 63 55 27 45 45 47 66 59 44 32 37 60 41 59 22 37 68 39 26 21 25 22 19 13 7 4 2 2 2 1 1 1 0 0 1 0 1 0 1 1 1 2 3 7 12 11 7 13 36 71 76 47 32 26 11 8 7 4 3 1 1 1 0 0 2 7 13 19 29 36 53 63 73 65 33 35 29 70 74 78 81 83 42 60 82 83 73 65 60 64 49 55 38 56
54 58 35 29 34 46 44 66 35 49 21 45 48 77 61 44 25 62 23 18 40 22 16 10 12 10 8 7 6 3 4 3 2 1 1 1 0 1 1 0 0 0 1 2 4 10 4 11 3 4 22 53 86 76 36 24 14 5 7 3 3 1 2 0 0 1 4 12 26 33 32 44 52 48 43 50 45 60 74 77 74 77 67 81 72 64 65 37 22 19 48 78 69 50 33 38
64 50 35 25 36 51 61 15 57 24 30 49 66 70 48 27 57 51 32 14 14 24 8 8 14 13 20 9 13 11 6 6 3 2 2 1 1 0 0 0 1 0 1 2 2 5 1 6 1 8 17 8 55 63 32 15 6 4 3 1 3 3 1 0 0 3 7 8 14 20 26 31 37 42 65 71 67 68 72 61 69 60 47 74 66 46 37 48 63 67 80 37 56 52 31 30
36 49 32 29 44 66 69 24 58 49 63 47 78 47 35 45 61 26 29 25 54 33 16 11 19 33 20 27 21 24 10 3 1 4 2 2 2 1 0 0 0 1 1 2 2 1 2 5 1 6 6 35 49 26 25 19 16 8 3 2 3 2 2 1 0 0 3 7 12 14 18 23 37 34 34 35 37 40 83 45 67 73 54 50 42 30 63 68 67 80 76 56 44 59 59 59
86 38 52 53 63 47 47 57 56 50 58 55 49 43 39 72 33 42 35 64 57 32 37 28 17 39 42 41 51 27 20 4 2 2 1 1 1 1 1 0 0 1 1 1 1 1 10 2 1 5 29 41 53 16 14 19 9 6 4 3 3 1 1 0 0 0 1 2 5 9 3 11 11 13 31 46 46 48 73 64 54 67 85 43 33 51 50 60 78 70 62 73 55 58 46 58
78 93 87 89 84 54 16 10 57 34 64 77 85 76 61 66 63 74 54 67 53 51 49 43 38 48 65 71 35 35 19 9 8 4 3 3 1 2 2 1 0 0 1 1 0 1 1 1 0 5 14 49 45 10 14 15 14 6 3 4 2 1 1 0 0 0 3 5 6 16 21 31 50 45 29 31 47 78 72 75 76 57 59 71 41 46 64 64 54 38 74 85 54 45 58 66
64 87 72 80 75 59 74 31 57 44 20 37 81 86 88 61 44 54 66 66 60 55 65 49 62 63 74 57 53 45 33 18 12 9 10 3 2 3 2 1 1 0 0 1 1 1 1 0 1 3 10 6 20 7 20 9 12 10 4 2 2 2 1 0 0 1 4 7 13 25 44 37 25 42 65 45 61 77 77 89 77 63 58 53 14 25 29 48 69 82 87 63 83 54 52 60
44 85 63 77 75 65 88 65 40 73 51 44 70 79 72 63 72 53 79 88 88 72 59 43 79 66 69 57 40 30 34 23 21 19 15 7 5 2 1 1 1 0 0 0 1 1 1 0 0 1 2 4 26 13 25 22 9 10 4 4 1 1 1 0 1 2 5 5 12 22 46 57 64 55 72 77 80 77 70 85 83 52 37 32 16 24 48 67 61 90 61 72 80 82 57 56
49 81 69 61 79 53 62 25 47 76 58 33 12 58 68 64 73 57 55 82 86 51 75 39 71 59 70 55 45 20 28 44 38 32 24 9 3 3 3 2 1 0 0 0 1 1 1 0 0 0 2 7 27 5 7 3 9 12 9 3 1 0 0 0 1 2 5 5 11 21 34 53 46 32 33 47 83 59 80 80 88 85 26 19 15 33 62 41 72 84 72 80 67 60 45 64
13 38 24 48 72 58 58 15 49 81 44 25 17 32 68 64 69 65 31 39 64 47 44 61 30 28 76 46 25 14 7 11 19 14 14 13 5 6 5 2 1 0 0 0 0 1 1 1 0 1 2 10 9 16 7 3 3 2 1 1 1 1 0 0 1 2 3 3 7 13 20 18 26 43 46 62 88 89 73 64 79 83 64 18 9 25 25 50 80 67 62 29 22 30 42 60
13 42 68 50 60 40 69 46 59 82 66 36 34 31 66 80 50 11 12 23 34 21 28 68 36 18 60 48 56 18 1 13 31 23 9 18 12 7 2 1 0 0 0 0 0 1 1 0 0 2 3 8 3 5 4 4 1 1 2 2 1 0 0 0 1 1 1 2 3 9 18 23 44 45 56 81 88 87 82 49 56 68 61 29 8 16 38 63 59 31 30 61 63 59 62 74
22 14 13 18 27 41 73 28 64 65 84 53 34 24 27 22 15 12 11 29 23 21 15 57 21 42 48 37 53 66 26 13 16 11 12 17 12 6 4 2 1 0 0 0 0 0 1 1 0 1 4 7 1 2 3 7 2 1 1 1 0 0 0 0 1 2 10 8 11 27 42 65 72 56 71 93 89 88 81 61 17 34 52 45 11 18 37 60 44 46 86 64 47 53 42 75
25 32 14 13 25 42 65 55 36 54 75 54 21 9 27 28 12 31 11 12 19 18 15 57 19 15 42 34 40 53 33 21 27 9 5 4 2 3 2 2 1 1 0 0 0 0 0 0 0 1 3 4 0 2 1 1 3 3 1 0 0 0 0 0 1 2 4 14 34 48 78 52 32 50 80 92 87 78 77 77 62 19 48 45 10 19 40 37 29 70 68 51 63 79 23 11
26 36 24 15 21 14 60 66 55 24 75 44 15 5 22 21 28 31 22 12 16 20 4 21 46 5 14 17 42 67 26 6 12 7 12 11 7 5 3 1 1 1 1 0 0 0 0 0 0 1 4 4 1 1 2 1 2 1 1 0 0 0 0 0 0 2 5 17 33 34 17 22 48 57 75 78 83 74 67 49 65 26 18 21 14 32 25 21 60 84 47 59 67 75 67 23
41 25 26 10 9 12 41 72 34 29 59 55 32 4 19 19 39 31 25 17 16 30 12 12 64 11 18 18 37 36 41 28 25 26 18 11 10 6 4 1 1 0 1 0 0 0 0 0 0 2 6 4 1 1 1 0 0 1 1 0 0 0 0 0 1 4 19 25 16 10 27 38 55 86 76 65 81 52 33 27 55 30 18 4 5 23 25 44 82 56 44 56 78 64 65 31
69 15 27 12 10 14 27 33 9 9 65 42 6 3 15 19 36 27 38 27 30 23 21 14 26 15 6 17 24 21 32 39 21 12 9 4 6 5 4 3 1 0 0 0 0 0 0 0 0 1 4 3 1 1 0 0 0 0 0 0 0 0 0 0 1 7 11 7 5 9 34 48 78 84 83 64 41 60 22 23 51 20 6 2 9 32 44 60 69 26 55 83 74 69 79 41
16 28 11 10 8 6 9 16 11 14 51 22 9 3 10 14 31 11 27 18 17 21 18 11 18 25 12 6 3 13 14 30 13 8 10 6 3 2 3 2 1 0 0 0 0 0 0 0 1 2 3 1 1 1 0 0 0 0 0 0 0 0 0 0 2 5 2 1 6 24 37 49 81 85 70 55 37 45 47 13 18 13 4 3 13 18 40 64 41 39 75 67 65 66 61 52
16 10 20 20 7 7 3 4 3 4 14 7 19 7 5 11 27 11 7 18 8 5 2 17 20 30 4 4 1 4 19 31 27 11 6 3 3 1 1 0 1 0 0 0 0 0 0 0 0 1 2 1 0 0 0 0 1 0 0 0 0 0 0 0 3 1 0 2 12 26 44 74 73 74 62 58 36 26 43 17 8 10 4 4 12 18 44 53 40 30 35 51 47 41 57 63
28 16 10 22 23 14 10 3 2 8 6 4 14 16 5 8 15 17 5 6 5 5 4 34 17 15 10 1 1 1 4 7 22 20 8 4 2 1 1 0 2 1 0 0 0 0 0 0 1 1 1 1 1 0 0 1 0 0 0 0 0 0 0 1 1 0 1 5 15 48 57 78 76 59 36 17 13 12 16 17 12 4 2 3 9 13 30 32 21 13 30 28 19 35 54 67
31 18 8 13 15 25 9 3 1 7 7 3 3 6 3 4 8 12 4 3 3 1 1 5 2 4 12 1 2 2 1 4 17 19 8 4 4 9 6 2 1 0 0 0 0 0 0 0 0 0 0 1 1 0 0 0 1 0 0 0 0 0 0 0 0 0 1 3 15 69 68 64 78 68 33 15 5 2 4 10 7 2 1 2 6 11 23 11 6 24 36 43 72 59 73 65
62 30 14 4 9 17 22 2 4 7 9 4 1 3 3 2 4 10 3 2 2 1 0 2 0 1 6 4 1 2 1 1 5 30 15 6 2 1 1 1 1 1 0 0 0 0 0 0 0 0 0 0 1 1 0 0 0 0 0 0 0 0 0 0 0 2 4 16 37 41 76 80 62 72 57 30 13 5 1 2 5 3 1 0 1 4 5 2 7 23 31 69 72 62 58 62
44 72 25 10 3 5 4 4 4 6 4 3 6 2 2 1 1 9 4 2 1 1 0 1 1 0 3 4 1 2 1 0 2 9 25 10 5 3 4 3 1 0 0 0 0 0 0 0 0 0 0 1 1 0 0 0 0 0 0 0 0 0 0 0 1 4 9 6 13 37 66 60 49 46 66 30 12 4 1 1 1 1 0 0 1 1 1 4 13 24 58 64 40 54 64 63
8 56 63 32 12 5 1 8 3 2 2 2 7 3 1 1 1 7 5 2 1 0 0 1 2 0 1 1 1 2 1 0 2 2 3 16 5 1 2 2 1 0 0 0 0 0 0 0 0 0 0 0 0 0 0 0 0 0 0 0 0 0 0 0 1 1 1 6 38 51 52 50 37 36 34 26 12 4 4 1 0 0 0 0 2 5 6 4 10 30 33 23 28 51 68 61
5 25 32 45 18 7 3 6 6 1 4 2 3 2 4 2 1 2 6 1 1 0 0 0 1 1 1 1 0 2 2 0 2 2 2 1 15 6 4 2 1 0 0 0 0 0 0 0 0 0 0 0 0 0 0 0 0 0 0 0 0 0 0 0 1 1 3 7 33 55 53 68 49 13 12 17 9 8 5 2 1 0 0 0 2 5 14 25 11 9 9 21 41 54 77 56
10 16 12 26 9 5 4 4 5 3 2 2 2 3 2 2 2 1 3 2 1 0 0 1 1 1 1 1 0 1 2 1 0 1 1 4 5 1 7 2 1 0 0 0 0 0 0 0 0 0 0 0 0 0 0 0 0 0 0 0 0 0 0 0 0 1 3 13 31 46 76 64 60 30 9 4 7 5 4 2 0 0 0 1 2 6 18 37 39 30 35 24 44 54 80 68
6 11 3 11 12 9 5 4 3 3 2 1 1 1 2 2 1 1 1 2 1 0 0 0 0 1 1 1 1 0 1 0 0 1 2 4 5 1 9 1 1 1 0 0 0 0 0 0 0 0 0 0 0 0 1 0 0 0 0 0 0 0 0 0 0 1 3 7 28 22 62 57 43 34 34 9 6 4 1 0 0 0 0 1 5 12 22 34 53 45 49 48 43 68 91 78
7 5 5 3 5 2 3 3 9 6 2 1 1 1 1 1 1 1 1 1 1 1 0 0 0 1 0 1 1 0 0 0 0 1 7 9 3 2 1 1 1 1 0 0 0 0 0 0 0 0 0 0 0 0 0 0 0 0 0 0 0 0 0 0 0 1 3 18 35 45 52 58 47 28 16 15 5 3 1 0 0 0 1 0 2 8 15 26 39 29 51 57 75 91 91 78
3 6 3 2 2 1 1 1 1 2 1 1 1 1 0 0 0 0 1 1 1 0 0 0 0 1 0 0 0 1 0 0 1 2 3 6 8 21 14 7 1 1 0 0 0 0 0 0 0 0 0 0 0 0 0 0 0 0 0 0 0 0 0 0 1 3 11 28 36 55 54 54 53 33 8 5 5 1 1 0 0 1 2 2 2 1 4 7 13 33 40 69 67 89 90 72
1 2 1 1 0 1 0 0 0 0 0 0 1 0 0 0 0 0 0 0 1 0 0 0 0 0 0 0 0 0 0 0 0 1 1 1 1 1 1 0 1 0 0 0 0 0 0 0 0 0 0 0 0 0 0 0 0 0 0 0 0 0 0 0 1 1 4 9 30 49 29 61 32 21 6 3 2 1 1 0 0 1 3 5 14 9 13 13 26 52 60 66 79 81 72 58
0 0 0 0 0 0 0 0 0 0 0 0 0 0 0 0 0 0 0 0 0 0 0 0 0 0 1 0 0 0 0 0 0 0 0 0 0 0 0 0 0 0 0 0 0 0 0 0 0 0 0 0 0 0 0 0 0 0 0 0 0 0 0 0 1 2 3 8 17 16 25 34 27 11 3 2 1 0 0 0 0 0 1 3 7 17 35 33 54 76 71 55 70 57 60 44
1 0 0 0 0 0 0 1 0 0 1 1 1 2 1 0 0 0 0 0 0 0 0 0 0 0 0 0 0 0 0 0 0 0 0 0 0 0 0 0 1 0 0 0 0 0 0 0 0 0 0 0 0 0 0 0 0 0 0 0 0 0 0 0 0 2 3 13 12 14 24 14 14 4 2 1 0 0 0 0 0 1 2 5 7 22 67 67 25 35 75 85 58 23 23 36
4 2 0 1 1 1 1 2 1 2 3 5 7 5 3 1 1 0 0 0 0 0 0 0 0 0 0 0 0 0 0 0 0 0 0 0 0 0 0 0 0 0 0 0 0 0 0 0 0 0 0 0 0 0 0 0 0 0 0 0 0 0 0 0 0 2 3 4 6 10 10 7 8 2 1 0 0 0 0 0 1 2 4 8 26 40 34 9 19 57 88 83 81 22 11 13
8 2 1 3 4 5 5 6 6 9 7 7 8 12 5 2 1 1 1 0 0 0 0 0 0 0 0 0 0 0 0 0 0 0 0 0 0 0 0 0 0 0 0 0 0 0 0 0 0 0 0 0 0 0 0 0 0 0 0 0 0 0 0 0 1 2 5 3 2 2 4 4 2 1 0 0 0 0 0 1 3 3 10 26 27 9 3 10 30 77 85 70 47 43 5 2
11 7 3 10 10 18 11 13 22 14 23 13 23 13 7 5 6 3 1 1 1 0 0 0 0 0 0 0 0 0 0 0 0 0 0 0 0 0 0 0 0 0 0 0 0 0 0 0 0 0 0 0 0 0 0 0 0 0 0 0 0 0 0 0 1 2 5 5 1 3 2 1 1 0 0 0 0 0 0 1 3 10 9 7 2 2 6 21 44 65 68 60 25 41 9 2
23 15 10 25 41 62 45 35 53 44 38 26 49 37 28 19 6 2 2 4 1 0 0 0 0 0 0 0 0 0 0 0 0 0 0 0 0 0 0 0 0 0 0 0 0 0 0 0 0 0 0 0 0 0 0 0 0 0 0 0 0 0 0 0 1 2 7 5 1 1 1 1 0 0 0 0 0 0 1 1 4 4 3 0 1 6 14 43 61 46 51 30 15 16 22 1
59 61 48 38 41 40 25 14 42 24 23 21 24 35 37 11 8 9 6 6 3 0 0 0 1 0 0 0 0 0 0 0 0 0 0 0 0 0 0 0 0 0 0 0 0 0 0 0 0 0 0 0 0 0 0 0 0 0 0 0 0 0 0 0 0 2 9 7 1 2 0 0 0 0 0 0 0 0 0 1 1 0 0 1 4 9 18 64 67 84 39 8 6 5 11 2
54 36 61 42 34 45 36 26 18 15 22 32 18 13 22 45 29 10 2 1 1 0 0 0 0 0 0 0 0 0 0 0 0 0 0 0 0 0 0 0 0 0 0 0 0 0 0 0 0 0 0 0 0 0 0 0 0 0 0 0 0 0 0 0 0 1 4 10 4 2 0 0 0 0 0 0 0 0 0 0 0 0 2 4 6 10 37 37 53 63 54 10 2 1 5 3
51 17 51 48 17 7 18 20 27 24 11 9 42 13 14 29 13 8 4 2 2 1 1 0 0 1 0 0 0 0 0 0 0 0 0 0 0 0 0 0 0 0 0 0 0 0 0 0 0 0 0 0 0 0 0 0 0 0 0 0 0 0 0 0 0 0 1 4 4 1 0 0 0 0 0 0 0 0 0 0 0 1 2 4 12 27 37 35 24 21 48 13 3 1 1 1
