sesion_6_simulaciones/modelos_agentes/ejemplos_netlogo/scenarios/echam4_b2/rob_2038.asc
NCOLS 322 
NROWS 307 
XLLCORNER 451900 
YLLCORNER 4086900 
CELLSIZE 100 
NODATA_value -9999 
[rows 222 to 295 of 307, columns 0 to 95 of 322]
17 28 39 55 44 33 44 34 7 21 24 27 49 22 19 11 10 5 5 7 17 30 31 39 29 25 21 35 54 29 21 46 58 32 57 48 29 29 36 65 35 35 50 64 58 76 55 60 64 83 82 56 39 39 34 17 22 38 20 24 27 16 10 22 12 14 6 6 4 3 2 2 1 0 0 0 0 0 0 0 0 0 0 0 0 0 0 1 1 0 0 0 1 1 3 2
34 50 38 26 27 36 36 44 26 12 14 29 33 16 8 9 11 21 25 25 28 41 26 64 47 42 35 35 33 43 27 44 38 42 67 18 21 34 38 65 59 54 47 70 34 20 34 22 22 64 73 54 51 30 24 24 12 14 21 23 16 24 9 11 16 6 5 5 5 2 1 1 0 0 0 0 0 0 0 0 0 0 0 0 0 0 0 1 2 2 1 1 1 2 0 0
38 64 66 77 57 56 43 46 33 36 45 59 27 21 17 27 24 39 21 22 62 18 37 41 40 31 25 59 40 39 36 44 36 53 37 27 39 47 39 61 60 60 58 85 79 69 58 56 49 24 31 42 27 21 14 13 12 16 16 15 13 13 7 23 19 8 5 3 2 1 1 1 0 0 0 0 0 0 0 0 0 0 0 0 0 0 0 1 3 3 1 2 3 2 0 0
51 58 52 68 65 70 37 26 18 55 53 40 24 18 20 28 9 5 3 41 22 32 62 49 36 43 38 43 34 25 37 36 48 14 21 47 39 62 39 70 59 68 74 60 59 74 60 70 70 45 23 25 16 20 9 9 10 17 10 8 12 5 4 3 4 3 2 2 1 1 1 0 0 0 0 0 0 0 0 0 0 0 0 0 0 1 1 2 7 7 5 6 2 1 0 0
16 29 30 23 34 77 53 12 38 41 56 26 41 35 8 5 3 2 14 50 16 45 59 57 38 43 28 15 34 26 39 67 49 27 34 43 65 76 49 62 74 80 80 48 61 66 66 36 65 76 30 21 8 10 9 14 9 7 7 4 2 2 3 1 1 2 2 1 1 0 0 0 0 0 0 0 0 0 0 0 0 0 0 0 0 1 4 5 8 14 7 2 2 1 0 0
37 26 32 29 35 32 18 19 18 29 49 53 55 15 4 3 19 27 49 64 31 38 57 71 57 39 44 22 28 42 18 46 75 31 25 31 48 50 82 88 60 52 39 71 48 51 70 50 38 15 26 31 24 18 16 14 13 7 5 3 2 1 1 1 1 1 1 0 0 0 0 0 0 0 0 0 0 0 0 0 0 0 0 0 0 1 4 18 13 1 1 0 0 0 0 0
38 34 31 48 33 29 35 35 24 47 41 36 29 14 21 42 50 56 58 72 36 45 56 63 23 18 46 14 33 49 19 16 38 50 30 56 42 28 67 81 73 43 61 43 83 59 37 38 35 29 19 35 31 26 24 17 6 6 2 1 1 0 0 0 0 1 0 0 0 0 0 0 0 0 0 0 0 0 0 0 0 0 0 1 1 2 4 18 7 2 1 1 1 1 0 1
15 29 47 30 29 26 46 44 40 39 41 53 34 39 36 58 52 34 62 64 44 40 36 36 18 49 19 7 36 42 18 20 32 41 65 75 60 39 26 43 55 33 26 19 41 76 57 35 29 28 21 20 18 25 27 21 7 4 1 1 0 0 0 1 1 1 0 0 0 0 0 0 0 0 0 0 0 0 0 0 1 0 1 1 3 5 8 11 3 1 2 3 1 1 0 0
44 43 31 39 44 35 56 42 48 39 27 41 30 52 36 57 56 49 42 65 23 32 37 31 30 11 19 26 26 39 17 30 24 30 38 62 49 67 40 15 34 58 44 48 60 29 35 25 17 18 12 11 18 17 13 11 11 5 3 1 1 1 0 0 1 0 0 0 0 0 0 0 0 0 0 0 0 0 0 0 1 1 2 2 2 11 31 11 4 5 6 3 1 0 0 0
27 44 39 54 36 34 44 73 24 49 28 28 37 47 34 57 52 38 36 46 29 29 27 34 20 17 18 20 14 17 12 21 54 40 32 23 63 35 43 34 16 26 68 75 78 48 21 12 24 25 20 8 11 14 10 8 6 1 2 3 1 1 0 0 0 0 0 0 0 0 0 0 0 0 0 0 0 1 1 2 3 3 4 1 1 5 24 7 4 10 7 2 1 1 0 0
21 20 48 42 32 38 36 52 29 34 29 30 37 52 39 34 55 18 24 29 11 24 5 18 13 23 12 9 18 8 19 29 30 62 43 38 27 29 37 17 27 21 20 34 35 24 19 12 23 14 19 9 8 7 5 10 4 2 0 0 1 0 0 0 0 0 0 0 0 0 0 0 0 0 0 0 0 1 2 4 7 11 6 3 2 3 11 9 10 7 2 1 0 0 1 0
11 17 41 34 23 55 51 40 39 33 42 43 26 52 36 28 32 15 19 21 27 7 5 4 12 14 5 10 21 11 16 13 13 15 9 23 13 16 18 13 23 36 60 35 31 14 14 5 7 7 10 7 6 7 7 4 2 1 0 0 0 1 0 0 0 0 0 0 0 0 0 0 0 0 0 0 1 2 3 7 19 16 10 10 4 5 29 26 13 5 3 1 1 1 1 0
11 7 10 26 20 42 54 51 61 24 34 46 11 30 17 24 42 16 16 16 17 14 5 6 15 7 3 17 26 35 40 12 25 20 37 40 39 40 32 40 52 54 56 62 56 50 44 17 18 26 15 7 5 3 2 2 1 0 0 0 0 1 1 1 0 0 0 0 0 0 0 0 0 0 0 0 1 3 5 9 12 26 18 22 15 35 22 20 8 9 6 4 2 1 1 0
3 6 13 15 18 27 28 34 18 35 42 31 11 12 10 8 27 6 8 7 2 10 7 13 6 6 5 16 30 17 65 72 62 53 72 53 57 39 45 38 51 62 57 74 44 24 20 4 10 19 22 12 5 3 2 2 2 1 3 1 1 1 1 1 0 0 0 0 0 0 0 0 1 0 1 0 1 2 5 11 31 23 31 24 45 26 26 22 7 6 13 8 4 1 1 1
2 6 5 4 10 21 25 22 16 21 22 23 5 11 5 11 13 6 4 2 2 3 4 2 7 7 22 32 31 19 30 53 81 59 72 90 88 73 74 61 30 66 72 65 75 59 52 25 19 20 15 9 10 3 3 6 4 2 1 1 1 1 1 0 0 0 0 0 0 0 0 0 1 2 1 1 1 1 3 4 29 47 44 17 15 60 23 25 20 17 7 7 4 3 2 2
1 2 2 7 5 16 11 29 22 29 12 4 7 2 5 7 3 42 3 8 37 26 13 6 4 4 5 11 12 20 27 23 30 75 59 83 87 82 82 74 67 38 75 75 76 53 56 30 20 16 7 5 2 2 1 1 1 1 1 1 0 0 0 0 0 0 0 0 0 0 0 0 1 2 2 1 1 2 3 4 22 47 39 13 43 44 30 43 40 17 13 10 7 3 5 3
1 1 3 7 18 6 11 18 19 20 8 7 4 2 2 1 1 1 13 15 18 38 34 12 8 4 9 10 12 19 18 28 29 30 21 56 87 64 80 49 60 56 55 65 62 52 26 13 29 23 13 9 9 6 3 1 1 1 1 0 0 0 0 0 0 0 0 0 0 0 0 1 1 3 7 4 2 4 8 14 34 56 28 25 43 14 7 12 15 6 5 9 4 5 2 1
1 1 2 1 2 6 9 11 10 7 9 5 2 1 1 3 1 2 2 10 10 5 45 31 8 2 12 28 21 24 28 18 27 39 21 27 60 71 69 64 63 51 56 45 46 52 43 18 7 17 14 11 8 8 5 2 1 0 0 0 0 0 0 0 0 0 0 0 0 0 0 0 1 2 6 9 4 4 6 29 40 72 27 31 56 19 16 11 6 3 3 5 4 3 1 0
0 0 0 1 1 2 3 4 7 7 4 2 2 1 1 1 3 3 7 18 5 3 5 27 32 6 18 30 32 36 46 34 37 48 39 31 26 61 45 50 26 31 20 29 28 24 6 24 12 8 11 5 4 5 4 3 2 1 1 1 1 0 0 0 0 0 0 0 0 0 1 1 1 2 3 13 23 10 21 23 63 58 52 69 22 24 23 15 17 15 6 7 4 2 1 0
0 0 0 1 1 1 2 2 2 3 3 1 2 1 1 1 3 8 14 7 4 2 5 37 21 18 20 12 7 17 27 30 36 38 39 44 24 22 22 17 28 17 8 8 12 18 12 16 6 5 7 5 3 3 2 2 1 1 1 0 0 0 0 0 0 0 0 0 1 1 1 2 3 2 4 5 40 10 14 47 67 49 57 63 50 39 24 41 33 6 6 4 2 1 0 0
0 0 0 0 0 0 0 1 2 2 2 1 1 1 3 2 1 5 13 16 8 5 4 10 11 12 12 31 10 34 49 32 29 38 36 49 43 24 15 8 8 13 16 14 18 17 9 4 5 7 4 4 2 2 2 1 1 0 0 0 0 0 0 0 0 0 0 1 1 1 2 1 1 4 15 14 39 23 30 56 69 66 48 53 33 17 18 31 19 13 4 2 1 1 0 0
0 0 0 0 0 0 0 2 1 1 0 1 7 11 21 17 7 2 3 4 8 7 6 17 36 31 28 25 29 29 41 44 42 45 41 52 49 63 42 15 16 9 9 8 8 6 7 3 2 4 2 3 3 2 1 1 1 0 0 0 0 0 0 0 0 0 1 1 1 1 2 2 1 4 13 12 36 59 39 61 65 66 64 56 34 40 22 22 19 10 5 3 1 1 0 0
0 0 0 0 0 0 0 1 0 0 0 2 1 1 4 26 6 3 3 3 6 8 9 10 7 12 33 52 56 53 50 50 54 61 58 51 53 58 63 56 25 15 14 16 15 7 4 4 5 4 5 5 2 1 1 1 1 1 0 0 0 0 0 0 0 0 1 2 3 3 3 3 2 6 29 15 8 49 83 60 66 67 57 47 31 19 5 13 17 9 3 1 1 1 1 1
0 0 0 0 0 0 0 0 0 2 5 8 3 2 3 2 2 1 3 5 7 17 10 13 26 19 6 24 26 62 66 64 72 77 62 48 63 72 72 58 29 24 20 23 22 20 8 15 7 3 1 1 1 1 0 0 0 0 0 0 0 0 0 0 0 1 1 3 4 6 6 8 5 9 27 42 12 43 65 57 54 36 23 13 15 21 8 8 8 4 3 1 1 1 1 1
0 0 0 0 0 0 0 0 0 0 0 0 1 5 7 3 3 5 3 9 16 9 10 23 15 28 17 6 6 47 35 71 85 69 66 67 53 57 67 64 52 53 36 18 25 29 12 12 7 3 3 2 1 2 1 0 1 1 1 0 0 0 0 0 1 1 1 4 5 12 10 16 7 8 27 48 45 33 66 40 27 16 24 16 12 5 4 5 9 8 3 2 2 2 1 0
0 0 0 0 0 0 0 0 0 0 0 0 1 2 1 1 6 10 5 11 7 11 16 15 14 26 34 16 14 11 16 12 54 59 51 48 38 57 48 31 25 17 13 11 14 26 11 8 5 4 3 2 1 0 0 1 1 1 0 0 0 0 0 0 0 1 3 4 4 9 28 17 22 9 12 46 45 73 43 28 33 20 18 16 19 7 9 9 7 2 2 4 4 2 1 0
0 0 0 0 0 0 0 0 0 1 2 5 3 1 1 5 6 15 9 4 3 6 5 11 10 14 25 23 43 41 23 34 38 27 14 26 33 40 24 28 13 12 5 8 8 8 7 9 3 2 2 2 2 1 0 1 1 1 1 0 0 0 0 0 0 1 1 1 2 3 10 32 48 13 7 32 27 65 30 41 23 21 12 18 17 14 11 4 6 5 5 7 2 1 1 0
0 0 0 0 0 0 0 0 0 0 1 4 2 1 4 5 13 7 22 4 5 7 7 10 20 21 51 43 21 18 14 17 36 44 31 25 41 46 37 30 30 21 34 23 10 9 9 8 7 3 1 2 1 1 1 1 1 0 0 0 0 0 0 0 1 1 2 5 4 2 6 10 26 38 20 23 61 49 42 31 16 27 24 13 7 13 14 10 11 14 5 4 2 1 0 1
0 0 0 0 0 1 0 0 0 0 1 1 2 1 4 7 14 4 8 6 9 9 10 12 59 68 56 33 53 60 50 32 49 48 41 37 45 59 45 39 45 32 20 17 13 12 18 17 7 4 4 3 3 3 2 1 0 0 0 0 0 0 0 0 1 2 4 8 9 5 4 6 17 37 51 30 70 50 50 51 42 23 27 31 23 18 24 16 10 12 10 3 2 2 0 1
0 0 0 0 0 0 0 0 0 1 2 3 3 2 7 10 20 14 4 14 10 10 18 26 47 70 71 51 27 39 41 36 24 26 36 29 31 40 35 56 62 34 34 29 34 28 19 20 10 6 7 7 3 2 2 1 1 0 0 0 0 0 0 1 2 3 9 10 6 7 7 11 16 17 14 66 70 50 40 40 27 31 47 36 34 38 30 34 18 12 5 3 2 1 1 1
0 0 0 0 0 0 0 0 2 8 19 5 1 5 9 4 5 7 3 6 8 15 23 55 56 27 53 52 43 59 59 46 24 16 20 21 35 43 53 48 36 34 62 50 50 37 19 10 7 4 1 3 3 2 1 1 0 0 0 0 0 0 0 1 2 5 9 10 11 18 17 15 39 49 41 48 67 58 32 38 38 48 43 25 32 31 27 15 19 6 3 2 3 2 1 1
0 0 0 0 0 0 1 5 15 9 30 26 3 5 11 7 6 1 2 4 4 6 9 38 13 18 37 62 62 71 84 48 61 42 25 15 28 69 55 54 61 14 18 7 9 18 8 12 5 5 3 3 3 3 1 0 1 0 0 0 0 0 0 1 4 12 11 12 8 32 55 18 49 69 74 59 46 47 42 26 36 32 35 48 35 28 16 13 13 9 6 6 4 3 1 0
0 0 0 0 0 0 0 1 2 4 2 1 5 7 9 8 16 5 5 5 6 5 16 24 7 5 7 39 41 32 48 78 55 66 61 55 51 50 42 45 52 49 35 37 32 16 15 19 10 8 6 2 2 1 1 1 1 1 1 0 0 1 2 3 5 9 13 13 10 11 33 64 36 62 73 71 58 38 53 42 55 55 35 24 31 27 16 10 11 17 12 8 3 1 1 0
0 0 0 0 0 0 1 1 3 3 3 7 5 5 8 8 18 6 2 10 13 10 16 37 12 2 12 8 22 30 14 24 61 53 64 62 40 14 13 14 29 32 27 32 40 41 22 10 14 9 4 6 4 2 1 2 1 1 1 0 0 1 3 6 12 19 12 11 31 27 19 20 63 73 59 72 54 53 73 68 26 23 23 28 25 16 22 14 15 6 5 2 1 1 0 0
0 0 0 0 0 0 0 1 1 2 3 5 2 6 5 5 9 1 3 4 4 24 21 41 29 10 12 18 26 21 21 9 8 17 20 18 18 16 15 11 7 13 11 15 31 27 14 23 18 13 9 7 5 3 3 2 1 1 1 0 1 1 3 9 18 20 14 24 26 52 37 38 26 30 51 55 70 65 43 46 39 50 42 49 33 24 33 24 9 4 3 2 1 0 0 0
0 0 0 0 0 0 0 0 1 1 2 4 3 4 4 10 9 2 3 3 6 24 33 35 14 2 13 30 20 34 36 14 41 48 50 44 40 33 32 15 12 12 38 44 42 21 25 20 19 16 12 7 5 4 3 2 2 1 0 0 0 1 7 13 15 30 20 28 31 26 74 56 45 35 21 64 48 68 57 54 57 68 64 52 38 44 26 18 7 4 3 2 1 1 1 1
0 0 0 0 0 0 0 0 1 1 1 4 16 18 17 28 21 4 2 2 19 24 31 26 15 31 7 28 27 39 25 43 43 29 34 37 30 29 15 24 47 56 30 30 19 26 21 17 23 14 15 11 7 4 4 3 1 1 0 0 0 1 4 15 40 34 22 37 33 28 29 50 65 21 16 31 71 81 77 67 63 60 59 60 49 29 28 14 19 6 3 1 1 1 1 3
0 0 0 0 0 0 0 0 0 2 5 5 13 22 24 7 3 2 1 8 15 18 28 40 37 15 19 24 20 20 27 68 32 32 38 41 39 25 34 38 61 51 48 41 41 37 32 25 30 22 18 11 8 5 5 2 1 1 1 0 0 1 4 10 30 28 45 53 42 61 60 64 63 33 34 50 68 64 67 58 57 53 49 51 37 27 24 24 22 13 3 3 1 2 2 5
0 0 0 0 0 0 0 0 0 4 7 7 7 60 16 5 7 5 3 11 11 15 20 13 10 9 39 12 24 19 44 33 45 53 42 42 41 44 52 45 35 51 53 56 52 50 36 43 32 14 10 8 7 7 6 3 2 1 1 0 1 1 4 10 23 25 24 44 68 56 73 64 66 36 59 61 66 67 50 48 52 51 37 29 26 24 21 17 13 11 7 5 2 3 6 7
0 0 0 0 0 0 0 0 1 3 4 6 3 8 5 1 5 6 10 8 11 23 23 11 9 22 14 20 33 54 60 50 47 49 39 42 55 54 59 52 55 69 67 48 40 53 49 44 25 17 14 11 7 5 4 5 3 1 1 0 1 2 5 11 17 28 25 32 59 79 73 69 60 83 70 49 38 43 52 53 47 47 47 37 25 30 15 24 13 7 7 5 2 5 6 6
0 0 0 0 0 0 0 0 3 1 2 2 1 1 0 1 5 5 4 8 11 11 12 22 22 10 12 36 56 24 20 21 44 40 48 54 57 56 54 53 57 67 52 52 63 53 51 47 23 21 14 10 7 4 4 4 2 1 1 0 0 1 8 14 28 27 28 29 31 37 52 57 61 70 20 44 44 43 38 40 38 36 31 47 37 32 25 20 11 10 8 4 4 8 8 13
0 0 0 0 0 0 0 0 2 3 4 3 3 4 4 2 1 2 2 11 18 10 41 43 17 18 22 38 23 23 25 31 36 34 46 54 56 55 46 72 61 49 48 58 29 44 56 51 43 33 10 9 6 8 7 3 2 2 1 0 0 1 3 13 22 30 63 44 49 50 47 31 46 64 50 55 56 42 42 40 46 40 43 42 36 13 13 8 10 18 9 3 5 15 18 20
0 0 0 0 0 0 0 1 3 7 6 1 2 4 5 3 2 1 2 14 12 35 28 12 14 32 21 20 22 24 33 30 23 33 40 63 43 42 61 54 47 68 72 39 55 51 49 49 33 15 11 15 13 10 9 7 5 3 2 1 0 1 5 9 18 41 63 80 50 60 51 33 36 71 77 42 49 56 58 39 36 39 48 37 22 9 19 15 11 6 3 1 8 20 22 21
0 0 0 0 0 1 1 4 6 8 1 1 1 1 0 1 3 1 4 9 11 14 5 10 24 10 7 17 21 26 45 33 26 34 46 53 48 63 68 66 49 43 46 56 50 52 35 35 28 23 19 25 19 8 7 6 6 3 2 1 1 2 4 11 23 35 58 73 69 68 53 54 60 74 48 43 40 41 49 52 38 68 50 25 28 31 21 14 6 2 2 4 12 22 23 27
0 0 0 0 1 0 0 1 2 1 0 1 2 2 2 3 7 4 11 5 5 4 3 10 11 15 17 25 36 30 28 22 25 32 57 40 75 70 70 42 31 31 40 54 61 51 47 44 38 33 26 22 14 7 6 5 4 3 3 2 1 3 6 16 35 42 41 45 67 80 72 36 44 72 43 48 69 65 63 68 62 45 40 36 35 33 12 11 5 4 4 11 17 22 18 29
0 0 0 0 0 0 0 1 1 1 0 1 2 3 4 4 3 4 14 9 12 11 2 12 13 26 27 27 22 13 22 24 28 34 71 40 25 16 17 35 37 55 66 69 66 58 48 46 29 39 21 17 18 8 9 4 3 4 3 3 2 5 12 16 41 45 42 27 48 70 71 49 60 70 45 29 50 73 73 69 67 37 43 41 35 31 12 9 13 5 12 17 9 27 29 32
0 0 0 0 0 0 0 0 2 3 0 2 2 1 1 1 2 16 8 5 7 10 9 8 25 18 20 26 16 20 32 33 23 72 27 20 43 48 49 48 62 70 63 67 68 67 58 48 32 29 26 23 19 16 12 9 7 5 4 2 4 9 23 51 51 51 39 47 56 61 72 45 49 62 73 52 54 55 70 71 58 59 41 42 37 25 13 4 5 12 14 9 17 23 49 36
0 0 0 0 0 0 0 1 1 1 2 2 1 1 1 2 4 7 6 11 8 11 10 10 19 20 19 21 24 21 34 34 40 33 9 31 36 44 56 82 61 60 69 70 69 67 51 43 33 24 26 24 21 12 13 7 9 9 4 5 6 19 18 41 49 47 45 56 60 52 79 71 53 71 67 55 60 61 58 55 61 48 36 32 31 16 7 2 5 18 10 18 26 27 53 34
0 0 0 0 0 0 0 0 0 2 1 0 1 1 1 1 6 3 2 13 32 15 3 6 28 19 28 24 14 19 49 76 43 8 17 43 33 65 71 65 64 73 71 54 58 56 53 47 30 33 29 28 23 20 18 15 13 11 7 6 8 10 18 25 50 68 56 73 75 63 56 56 59 65 73 73 56 51 44 44 46 41 33 34 25 13 5 3 14 18 20 37 45 35 44 34
0 0 0 0 0 0 0 1 1 1 1 1 1 1 1 5 3 5 6 15 9 4 9 17 3 21 19 13 34 36 59 37 12 18 49 24 48 40 51 76 79 60 49 78 70 48 53 53 46 38 34 31 25 22 20 18 15 9 9 11 13 24 17 21 25 52 74 77 74 72 80 79 56 69 54 49 34 41 54 57 41 42 28 33 24 5 4 13 13 23 36 44 42 26 42 41
0 0 0 0 0 0 1 0 0 0 1 1 1 0 0 10 2 1 2 2 4 6 14 6 3 13 8 12 48 41 38 9 12 24 46 63 43 49 65 70 69 59 66 36 50 43 56 65 47 44 38 35 32 27 25 23 12 6 13 22 18 30 29 32 36 50 58 83 64 62 43 68 52 37 36 49 58 47 42 42 39 25 37 24 8 5 10 16 24 22 27 39 55 44 46 43
0 0 0 0 0 0 0 0 0 0 1 0 0 1 1 9 2 2 2 2 11 6 8 1 10 17 9 26 58 28 21 9 16 20 60 66 59 50 53 59 57 64 52 40 46 75 61 54 50 61 46 37 34 30 28 24 13 9 23 29 45 53 40 44 38 49 65 67 77 59 49 41 49 56 48 64 50 51 44 44 30 32 17 9 6 11 21 27 26 42 41 31 32 43 37 33
0 0 0 0 0 0 0 0 0 0 0 1 0 1 5 2 2 1 5 7 5 6 4 8 27 9 11 35 28 20 26 17 37 49 66 55 48 52 44 34 35 56 68 61 67 56 60 60 67 52 48 58 22 33 29 17 8 22 35 37 62 62 47 61 46 36 45 77 76 35 72 48 45 57 58 57 52 53 50 37 29 31 12 14 10 21 28 32 28 34 44 31 33 44 49 39
0 0 0 0 0 0 0 0 0 0 0 0 1 4 1 1 2 3 5 6 4 3 5 6 14 9 12 36 11 12 18 18 45 53 51 50 37 45 38 44 53 58 60 75 59 58 58 72 57 53 66 49 42 38 22 19 10 22 49 49 54 69 55 65 65 47 49 56 82 34 40 73 70 53 52 53 62 50 56 53 32 25 8 8 13 26 36 43 48 48 45 46 34 40 57 48
0 0 0 0 0 1 1 0 0 0 0 0 2 1 1 2 3 1 1 4 2 4 10 8 10 15 15 6 9 13 25 34 45 52 19 12 43 35 43 38 42 55 62 72 71 57 75 52 70 72 51 47 48 41 26 21 13 23 51 60 56 68 50 53 69 46 66 43 68 40 43 69 43 61 59 55 52 52 68 44 37 10 8 13 25 28 38 47 36 25 34 56 28 32 49 65
0 0 0 0 0 0 0 0 0 0 0 0 1 1 1 1 1 1 0 1 2 3 7 7 5 12 9 5 10 10 19 8 30 18 10 28 20 24 30 52 56 61 66 69 60 43 64 71 67 59 60 49 48 43 40 24 25 28 56 74 72 69 61 50 66 64 33 42 79 40 59 56 51 54 50 45 54 31 30 31 13 8 12 26 28 36 48 47 29 32 46 27 18 22 33 64
0 0 0 0 0 0 0 0 0 0 0 0 1 1 1 3 2 0 1 0 1 5 5 3 7 13 6 19 21 21 39 35 29 14 9 12 27 25 27 26 33 58 46 52 63 36 30 32 49 52 61 54 49 47 29 18 31 44 58 65 83 75 54 53 58 63 57 26 61 13 20 32 44 52 55 59 59 57 44 41 17 9 17 28 32 56 62 52 38 38 44 44 38 22 31 51
0 0 0 1 1 0 0 0 0 0 0 1 3 1 2 2 4 1 3 1 5 8 3 9 12 7 7 2 2 7 26 8 10 6 11 20 12 16 19 20 52 49 37 52 33 39 42 54 55 67 55 58 54 36 32 20 32 48 62 66 73 55 56 61 67 39 42 47 54 23 26 27 26 19 38 48 46 47 30 26 11 17 29 31 36 60 55 26 39 51 34 48 26 28 33 55
0 0 0 0 0 0 0 0 0 1 1 2 5 4 3 8 3 1 3 4 9 3 3 7 7 4 1 3 3 11 14 5 5 15 26 19 27 21 25 40 34 42 59 36 40 42 59 56 66 54 53 54 54 36 16 33 39 71 64 66 65 69 57 71 69 48 33 58 39 24 37 53 51 58 60 54 45 21 17 8 13 32 31 35 40 65 64 23 26 49 34 54 30 30 35 70
0 0 0 1 1 1 0 0 0 0 1 2 3 3 0 1 0 0 2 8 6 3 5 2 9 10 2 2 4 14 6 4 7 22 34 16 19 23 32 18 48 44 32 47 41 56 59 69 69 60 68 54 39 39 24 39 44 65 76 59 63 70 51 41 65 63 33 39 44 52 57 41 44 46 35 45 35 23 9 24 22 32 38 54 47 62 67 36 36 39 22 58 34 32 35 51
0 2 2 5 7 3 1 1 1 1 1 1 1 1 3 1 1 1 5 5 6 4 4 2 2 4 1 3 5 15 5 6 40 28 12 11 17 22 27 35 62 49 57 35 47 67 70 56 56 73 62 45 40 39 25 54 67 59 64 74 63 68 71 44 74 71 39 37 39 50 36 38 55 43 46 28 34 30 18 37 38 36 42 55 44 48 55 48 53 36 33 60 33 34 29 45
3 4 6 2 6 16 4 1 0 1 0 0 1 1 1 1 1 5 7 3 2 5 2 2 5 8 2 2 3 8 10 34 15 6 13 14 8 6 29 30 44 27 65 51 57 70 42 53 67 62 49 47 41 40 39 57 66 66 64 73 57 61 66 57 50 61 38 15 31 61 40 49 51 55 44 44 45 41 29 38 40 52 46 54 41 38 49 48 45 40 37 59 33 27 35 43
0 3 5 1 0 2 3 4 0 0 0 1 1 1 2 1 1 3 2 3 1 1 5 2 9 15 3 2 7 11 24 34 13 14 17 3 4 7 16 33 26 39 55 58 58 54 57 55 60 57 48 45 39 41 46 48 60 76 64 60 76 47 57 59 43 28 11 9 7 26 39 59 56 50 40 39 32 16 26 35 38 52 48 56 41 53 62 64 51 45 34 48 48 17 38 46
0 0 0 1 0 0 0 0 0 0 1 0 0 1 2 1 2 3 1 1 0 2 1 2 6 5 1 2 4 6 4 7 14 11 10 10 7 3 44 13 23 16 51 39 64 47 51 39 60 59 42 41 37 38 45 64 60 75 72 68 62 57 49 48 14 10 25 40 28 35 38 45 46 31 30 26 14 23 38 37 39 53 57 36 50 49 60 61 47 45 32 44 48 20 22 53
0 0 1 0 0 0 0 0 0 0 0 0 0 1 0 0 2 1 1 1 1 4 5 4 8 5 1 1 2 3 3 12 14 11 16 11 19 5 42 20 4 20 54 43 56 49 52 63 56 52 47 40 38 60 60 54 63 63 69 46 55 57 32 29 20 19 25 45 37 27 52 53 64 59 48 16 23 24 37 50 57 41 55 39 50 63 59 56 43 46 32 40 51 42 18 33
0 1 0 1 1 0 0 1 0 1 0 0 0 1 0 1 1 3 1 2 9 2 4 6 17 7 1 2 2 7 8 7 10 26 10 16 18 11 65 37 9 29 16 51 46 38 59 37 51 49 37 41 37 56 71 56 56 56 64 67 37 43 32 21 21 13 19 22 28 22 47 53 60 70 35 22 26 38 33 55 54 52 50 49 34 59 59 61 47 51 20 42 35 35 26 18
0 0 0 0 0 0 0 1 0 0 0 0 0 0 1 1 1 3 1 1 3 7 5 9 7 1 0 0 1 6 9 4 7 12 16 25 11 13 37 42 18 32 16 54 38 32 40 29 46 44 50 35 35 46 55 82 45 51 42 37 43 19 21 20 11 12 27 21 28 27 50 52 34 52 25 19 39 38 36 39 54 51 49 45 44 61 56 68 53 45 27 45 41 20 26 15
0 0 0 0 0 1 0 0 0 0 0 0 0 0 1 1 1 1 1 0 0 1 1 1 1 1 1 0 2 2 7 10 13 9 14 17 9 8 10 59 28 32 30 46 14 41 31 43 47 32 43 32 33 32 58 59 64 46 33 18 28 12 11 17 13 13 23 21 37 33 41 45 37 25 25 39 38 39 38 34 41 51 60 47 41 63 63 64 61 37 24 52 36 32 29 13
0 0 0 0 0 0 0 0 0 1 0 0 0 0 1 1 1 1 2 1 1 1 2 2 2 6 3 1 1 1 3 8 12 12 13 12 12 9 5 32 57 46 33 19 15 24 23 43 31 16 40 30 32 27 42 65 50 51 26 9 13 3 3 3 6 7 17 30 38 46 54 37 24 20 42 41 43 56 52 38 34 46 45 54 60 72 47 67 47 32 25 60 35 46 21 13
0 0 0 0 1 0 0 0 0 0 0 0 0 0 1 0 0 1 0 0 0 1 1 5 8 1 1 1 1 0 1 2 3 12 8 3 12 7 8 17 67 47 21 12 14 26 38 17 28 13 22 33 26 47 50 38 31 30 32 10 13 5 6 3 12 22 22 27 36 31 39 37 15 22 34 34 53 44 40 29 29 20 44 56 53 43 57 60 53 32 21 59 34 40 35 11
0 0 0 0 0 0 0 0 0 0 0 0 0 0 1 1 1 0 0 0 2 2 2 2 2 2 4 2 1 1 4 4 2 4 4 3 18 2 1 15 33 38 22 15 12 56 37 15 13 24 33 36 24 43 61 35 48 17 23 17 10 7 9 5 8 9 12 20 40 45 24 17 19 32 29 33 29 33 23 9 23 30 44 43 50 46 63 51 17 37 17 46 46 21 13 16
0 0 0 0 0 0 0 0 0 0 0 0 1 1 1 1 0 0 1 0 0 1 1 1 3 7 2 1 1 1 6 4 5 7 6 6 8 3 5 8 24 29 28 20 18 69 27 24 15 20 31 25 29 59 59 35 41 19 12 12 7 2 2 16 12 15 22 24 48 23 19 19 33 29 29 28 40 40 31 22 26 43 37 54 47 48 44 58 18 27 20 18 47 14 11 14
0 0 0 0 0 0 0 1 0 0 1 1 0 0 0 1 0 0 0 0 0 1 2 3 5 2 1 3 1 1 3 7 7 14 10 9 12 7 7 12 26 34 20 29 10 32 21 37 24 10 11 32 40 41 47 30 30 15 9 9 6 2 4 7 12 22 26 28 30 28 31 28 29 31 43 17 21 41 29 20 33 35 31 48 35 39 21 34 25 19 46 19 28 12 15 14
0 0 0 0 0 0 0 0 0 1 2 1 0 0 0 1 0 0 0 0 0 1 6 3 2 3 4 6 4 5 1 7 7 14 5 13 9 14 12 12 13 17 18 32 7 31 30 35 26 20 23 33 30 25 36 16 16 16 8 4 2 3 4 5 7 14 15 38 45 31 28 26 25 41 27 13 16 42 39 21 29 31 26 26 44 38 9 13 26 35 30 19 14 8 17 23
