sesion_6_simulaciones/modelos_agentes/ejemplos_netlogo/scenarios/echam4_b2/rob_2087.asc
NCOLS 322 
NROWS 307 
XLLCORNER 451900 
YLLCORNER 4086900 
CELLSIZE 100 
NODATA_value -9999 
[rows 73 to 145 of 307, columns 192 to 287 of 322]
17 18 17 13 10 7 7 3 3 3 2 1 1 2 1 1 3 4 3 7 12 7 7 13 14 14 10 8 11 6 5 4 3 1 1 2 3 4 4 5 2 1 3 6 8 15 5 4 7 10 8 6 7 7 6 3 3 2 1 2 1 0 0 0 0 0 0 0 0 0 0 0 0 0 1 1 2 4 4 5 7 10 8 15 26 36 32 35 71 66 37 60 52 50 33 41
4 5 5 4 3 2 1 1 1 1 1 0 0 0 0 0 0 1 2 4 5 4 5 8 9 5 8 7 10 5 3 2 2 1 1 2 3 3 4 4 2 1 3 5 3 5 3 2 9 11 13 4 6 12 3 2 2 2 1 1 1 0 0 0 0 0 0 0 0 0 0 0 0 1 1 1 2 2 6 3 5 7 5 5 4 4 5 8 10 14 12 16 46 58 54 38
15 13 12 6 4 3 5 5 5 5 3 4 4 4 4 3 1 0 0 2 2 3 3 6 3 3 4 5 4 4 3 2 2 1 1 1 2 2 3 3 1 2 3 3 3 9 5 1 6 25 12 4 2 1 1 1 1 1 1 1 0 0 0 0 0 0 0 0 0 0 0 0 0 1 2 3 4 3 5 9 8 10 16 21 28 19 22 33 35 51 52 40 39 21 45 55
28 27 31 16 11 8 12 12 12 11 6 12 16 17 17 10 7 3 0 0 1 1 2 2 2 2 2 4 4 3 3 2 2 1 1 1 1 2 2 1 0 2 3 3 7 6 2 1 4 18 12 8 3 2 1 1 1 1 1 0 0 0 0 0 0 0 0 0 0 0 0 1 1 1 2 3 5 11 6 4 10 19 30 33 41 61 47 34 40 62 60 68 67 41 27 18
44 37 35 36 32 24 19 20 21 19 20 24 27 26 25 37 25 13 3 4 1 0 1 2 2 2 2 2 2 2 2 2 1 1 1 1 1 1 1 1 0 1 2 5 17 9 4 1 7 11 6 6 4 2 1 1 0 0 0 0 0 0 0 0 0 0 0 0 0 0 0 0 0 1 3 4 6 9 6 5 2 6 15 15 38 51 66 49 71 66 68 52 46 59 50 58
55 49 58 44 48 33 33 30 45 30 32 37 53 52 48 57 38 15 6 11 9 2 0 0 0 0 0 0 0 1 1 1 1 1 1 1 0 1 1 1 0 1 3 3 8 8 2 1 10 6 6 3 1 1 0 0 0 0 0 0 0 0 0 0 0 0 0 0 0 0 0 0 1 2 5 5 6 14 13 20 15 11 8 19 43 48 50 65 51 42 18 13 18 19 23 75
36 59 58 54 51 43 41 43 56 40 38 46 56 51 66 63 44 31 17 25 14 5 3 2 2 1 1 1 1 1 1 1 1 1 0 1 0 0 0 0 1 1 2 2 2 5 3 4 9 3 2 1 1 1 0 0 0 0 0 0 0 0 0 0 0 0 0 0 0 0 0 0 1 3 6 6 4 6 8 22 33 22 21 28 56 20 23 50 33 17 13 37 56 64 76 79
62 61 64 48 33 51 52 38 75 45 43 41 54 66 55 62 54 51 37 21 18 6 9 7 7 4 6 6 5 4 2 1 1 0 0 0 0 0 0 0 1 1 1 1 2 5 8 4 5 7 4 2 1 0 0 0 0 0 0 0 0 0 0 0 0 0 0 0 0 0 1 1 1 1 2 1 3 3 14 32 28 29 35 33 17 21 41 23 33 32 26 53 71 80 88 77
62 78 71 50 50 69 57 38 70 45 45 50 45 48 48 59 69 47 44 28 13 16 15 14 12 11 10 14 15 9 5 1 1 0 0 0 0 0 0 1 1 0 0 1 1 3 11 12 30 22 11 2 2 1 0 0 0 0 0 0 0 0 0 0 0 0 0 0 0 0 1 1 1 1 1 2 6 5 14 30 51 55 42 8 8 32 28 23 30 27 43 75 69 65 57 53
76 46 49 36 60 72 56 37 72 48 60 57 65 51 54 62 56 46 58 39 31 26 24 20 20 18 25 38 20 11 6 2 1 1 0 0 0 0 0 1 1 0 0 0 1 2 2 12 9 3 2 5 3 2 1 0 0 0 0 0 0 0 0 0 0 0 0 0 0 0 0 0 1 1 2 3 8 8 8 29 43 31 28 11 21 22 14 27 21 24 63 46 39 52 50 52
67 53 44 49 73 62 39 33 70 48 59 55 70 49 67 58 51 66 65 48 42 51 33 41 38 39 29 12 10 6 3 2 1 1 0 0 0 0 0 1 0 1 1 1 0 1 5 5 4 1 0 1 1 1 1 1 0 0 0 0 0 0 0 0 0 0 0 0 0 0 0 0 0 0 1 2 5 4 9 12 17 9 3 7 25 14 18 23 40 63 36 41 51 56 55 43
42 47 43 49 67 60 37 49 61 56 69 60 51 60 72 59 51 67 67 53 50 59 52 45 56 26 29 21 8 3 2 1 1 1 0 0 0 0 0 0 1 1 1 0 1 1 0 0 3 2 0 1 1 1 1 0 0 0 0 0 0 0 0 0 0 0 0 0 0 0 0 0 0 0 0 1 1 1 9 11 7 2 4 7 12 31 28 34 60 73 23 37 48 43 41 42
36 33 41 44 45 37 53 78 40 58 57 78 48 62 74 39 65 70 69 67 62 60 40 54 40 34 37 21 14 8 3 1 1 1 0 0 0 0 0 0 0 0 1 0 0 0 1 1 1 1 0 1 1 1 0 0 0 0 0 0 0 0 0 0 0 0 0 0 0 0 0 0 0 0 0 0 1 1 2 1 5 7 6 6 8 14 8 16 46 24 35 48 42 35 23 33
41 82 76 32 31 68 66 61 84 52 75 71 54 66 64 63 65 65 78 81 77 55 28 18 26 33 33 14 24 17 11 3 1 0 0 0 0 0 0 0 0 0 1 1 0 0 0 0 0 1 0 1 1 0 0 0 0 0 0 0 0 0 0 0 0 0 0 0 0 0 0 0 0 0 0 0 0 1 1 1 5 5 9 2 4 8 15 43 38 22 56 49 53 40 20 23
17 44 60 41 56 24 51 19 43 50 53 65 71 42 70 84 80 83 80 56 49 46 22 18 11 14 11 11 15 17 10 5 1 0 0 0 0 0 0 1 1 1 1 0 0 0 0 0 0 1 0 0 0 0 0 0 0 0 0 0 0 0 0 0 0 0 0 0 0 0 0 0 0 0 0 0 0 0 1 1 0 1 2 7 9 24 54 63 48 27 34 23 17 38 23 18
16 15 40 37 76 61 37 55 43 71 34 16 63 54 46 77 67 67 79 54 43 61 47 36 32 18 13 9 9 6 4 6 3 1 0 0 0 0 0 0 0 0 0 0 0 0 0 0 1 1 0 0 0 0 0 0 0 0 0 0 0 0 0 0 0 0 0 0 0 0 0 0 0 0 0 0 0 0 0 0 1 1 1 2 11 55 37 31 31 53 22 22 13 24 14 13
53 27 19 20 72 75 66 70 41 42 34 23 80 48 41 56 35 36 63 77 59 49 66 47 51 55 40 30 14 10 6 7 3 1 0 0 0 0 0 0 0 0 0 0 0 0 0 0 0 0 0 0 0 0 0 0 0 0 0 0 0 0 0 0 0 0 0 0 0 0 0 0 0 0 0 0 0 0 1 1 2 2 2 2 27 23 11 8 41 44 20 12 6 6 4 4
18 44 32 25 20 53 66 25 60 42 33 23 69 62 33 28 50 35 60 73 76 61 68 72 66 47 22 22 9 3 9 8 4 1 0 0 0 0 0 0 0 0 0 0 0 0 0 0 0 0 0 0 0 0 0 0 0 0 0 0 0 0 0 0 0 0 0 0 0 0 0 0 0 0 0 0 0 1 1 2 2 2 3 12 20 9 1 7 26 19 13 7 6 5 5 5
40 63 62 40 27 50 56 62 58 32 34 18 46 70 37 39 37 24 22 73 60 59 64 52 35 24 31 12 10 5 4 2 1 1 0 0 0 0 0 0 0 0 0 0 0 0 0 0 1 1 1 1 0 0 0 0 0 0 0 0 0 0 0 0 0 0 0 0 0 0 0 0 0 0 0 0 1 1 1 1 2 7 11 13 16 5 3 22 10 4 6 3 2 2 3 5
55 44 75 32 37 41 55 61 54 27 45 32 46 83 42 29 22 11 16 52 49 68 63 50 38 23 21 27 19 5 3 2 1 1 0 0 0 0 0 0 0 0 0 0 0 0 0 1 1 1 0 0 0 1 0 0 0 0 0 0 0 0 0 0 0 0 0 0 0 0 0 0 0 0 0 0 0 0 1 2 7 7 3 2 1 2 16 11 6 3 4 3 1 3 3 6
46 48 67 77 52 36 45 44 55 38 31 39 43 68 69 47 31 16 7 8 40 69 72 65 47 43 27 25 17 7 4 2 1 1 0 0 0 0 0 0 0 0 0 0 0 0 0 0 0 0 0 0 0 0 0 0 0 0 0 0 0 0 0 0 0 0 0 0 0 0 0 0 0 0 0 0 1 1 2 1 3 1 1 0 1 5 8 6 2 1 1 1 2 2 3 6
41 34 36 72 62 36 26 39 61 71 29 30 35 56 74 47 20 15 7 4 12 28 67 67 49 37 23 16 10 14 9 5 3 2 1 1 0 0 0 0 0 0 0 0 0 1 1 0 0 0 0 0 0 0 0 0 0 0 0 0 0 0 0 0 0 0 0 0 0 0 0 0 0 0 0 0 0 0 3 2 1 0 0 0 2 3 3 2 1 1 1 1 2 2 2 4
28 41 31 48 52 46 32 44 57 53 40 22 30 27 52 57 47 14 7 3 7 51 68 61 72 54 45 34 23 27 20 13 6 8 2 1 0 0 0 0 0 0 0 0 0 0 0 0 0 0 0 0 0 0 0 0 0 0 0 0 0 0 0 0 0 0 0 0 0 0 0 0 0 1 1 1 0 0 0 1 0 0 0 1 1 1 1 1 0 1 1 1 2 2 3 3
30 31 27 41 37 34 34 36 36 48 41 49 17 46 51 42 31 28 11 3 11 60 46 55 75 84 77 40 38 30 28 18 9 6 3 1 0 0 0 0 0 0 0 0 0 0 0 0 0 0 0 0 0 0 0 0 0 0 0 0 0 0 0 0 0 0 0 0 0 0 0 0 0 0 1 0 0 0 0 0 0 0 0 1 0 0 0 0 0 0 1 1 1 1 2 6
25 22 34 32 38 39 47 42 33 35 52 50 15 11 35 26 25 33 20 4 12 18 11 23 73 62 54 29 29 7 16 20 15 9 3 1 1 0 0 0 0 0 0 0 0 0 0 0 0 0 0 0 0 0 0 0 0 0 0 0 0 0 0 0 0 0 0 0 0 0 0 0 0 0 0 0 0 0 0 0 0 0 0 0 0 0 0 0 0 0 1 1 1 1 2 4
19 28 24 12 28 32 47 35 34 37 33 31 20 5 12 21 26 36 24 4 10 8 8 5 45 72 64 22 13 7 6 16 10 7 5 2 2 0 0 0 0 0 0 0 0 0 0 0 0 0 0 0 0 0 0 0 0 0 0 0 0 0 0 0 0 0 0 0 0 0 0 0 0 0 0 0 0 0 0 0 0 0 0 0 0 0 0 0 0 0 1 2 1 1 6 3
32 24 23 22 26 35 27 33 35 34 30 29 27 7 8 15 17 18 11 5 7 12 9 9 33 20 27 10 15 18 7 19 10 11 9 4 1 0 0 0 0 0 0 0 0 0 0 0 0 0 0 0 0 0 0 0 0 0 0 0 0 0 0 0 0 0 0 0 0 0 0 0 0 0 0 0 0 0 0 0 0 0 0 0 0 0 0 0 0 0 1 1 1 1 1 2
56 46 29 25 25 15 17 20 26 15 19 19 12 17 6 11 10 11 8 7 12 7 12 19 14 15 15 8 5 10 15 20 18 10 5 4 2 1 0 0 0 0 0 0 0 0 0 0 0 0 0 0 0 0 0 0 0 0 0 0 0 0 0 0 0 0 0 0 0 0 0 0 0 0 0 0 0 0 0 0 0 0 0 0 0 0 0 0 0 0 0 1 0 0 0 5
69 67 40 31 16 11 7 9 12 9 9 7 7 8 11 6 6 6 4 6 6 2 5 8 6 11 18 7 6 3 4 15 33 16 5 5 1 1 0 0 0 0 0 0 0 0 0 0 0 0 0 0 0 0 0 0 0 0 0 0 0 0 0 0 0 0 0 0 0 0 0 0 0 0 0 0 0 0 0 0 0 0 0 0 0 0 0 0 0 0 0 0 0 0 1 1
58 59 43 38 35 28 12 8 4 7 5 5 4 3 5 6 4 4 3 4 5 2 1 4 5 15 20 9 4 2 2 6 7 10 7 3 1 1 0 0 0 0 0 0 0 0 0 0 0 0 0 0 0 0 0 0 0 0 0 0 0 0 0 0 0 0 0 0 0 0 0 0 0 0 0 0 0 0 0 0 0 0 0 0 0 0 0 0 0 1 1 1 1 1 1 1
38 49 52 51 45 36 28 23 8 3 2 2 1 2 2 4 8 4 6 3 2 2 1 1 4 11 12 11 2 2 2 5 4 2 10 6 1 1 0 0 0 0 0 0 0 0 0 0 0 0 0 0 0 0 0 0 0 0 0 0 0 0 0 0 0 0 0 0 0 0 0 0 0 0 0 0 0 0 0 0 0 0 0 0 0 0 0 0 0 0 1 0 0 1 1 1
59 61 64 60 57 49 41 30 26 10 3 2 1 1 1 1 1 1 1 1 1 2 0 0 3 7 7 5 4 2 2 2 4 3 3 4 3 1 0 0 0 0 0 0 0 0 0 0 0 0 0 0 0 0 0 0 0 0 0 0 0 0 0 0 0 0 0 0 0 0 0 0 0 0 0 0 0 0 0 0 0 0 0 0 0 0 0 0 0 0 0 0 0 0 1 1
70 73 63 62 60 67 66 43 30 16 17 6 8 6 2 0 1 1 1 1 0 1 0 1 2 4 5 4 3 1 1 1 2 2 2 3 6 1 0 0 0 0 0 0 0 0 0 0 0 0 0 0 0 0 0 0 0 0 0 0 0 0 0 0 0 0 0 0 0 0 0 0 0 0 0 0 0 0 0 0 0 0 0 0 0 0 0 0 0 0 0 0 0 0 1 1
71 62 62 59 75 74 58 48 39 34 27 32 14 5 2 1 1 0 0 0 0 0 0 1 1 2 3 2 1 1 0 1 1 2 1 1 5 1 0 0 0 0 0 0 0 0 0 0 0 0 0 0 0 0 0 0 0 0 0 0 0 0 0 0 0 0 0 0 0 0 0 0 0 0 0 0 0 0 0 0 0 0 0 0 0 0 0 0 0 0 0 0 0 0 1 1
50 68 58 69 56 60 61 54 67 70 53 37 14 8 4 2 1 0 0 0 0 0 0 1 1 1 1 1 0 0 0 1 0 1 0 1 2 1 0 0 0 0 0 0 0 0 0 0 0 0 0 0 0 0 0 0 0 0 0 0 0 0 0 0 0 0 0 0 0 0 0 0 0 0 0 0 0 0 0 0 0 0 0 0 0 0 0 0 0 0 0 0 0 0 0 0
46 62 69 71 82 75 78 54 54 46 31 28 19 9 6 2 1 1 0 0 0 0 0 0 0 0 0 0 0 0 0 0 0 0 0 1 1 1 0 0 0 0 0 0 0 0 0 0 0 0 0 0 0 0 0 0 0 0 0 0 0 0 0 0 0 0 0 0 0 0 0 0 0 0 0 0 0 0 0 0 0 0 0 0 0 0 0 0 0 0 0 0 0 0 0 1
85 68 63 41 31 47 49 33 37 26 12 14 12 5 3 2 1 1 0 0 0 0 0 0 0 0 0 0 0 0 0 0 0 0 0 1 1 1 1 0 0 0 0 0 0 0 0 0 0 0 0 0 0 0 0 0 0 0 0 0 0 0 0 0 0 0 0 0 0 0 0 0 0 0 0 0 0 0 0 0 0 0 0 0 0 0 0 0 0 0 0 0 0 0 0 0
60 56 66 69 61 68 71 60 57 46 37 34 15 9 3 2 1 0 0 0 0 0 0 0 0 0 0 0 0 0 0 0 0 0 0 0 0 0 1 0 0 0 0 0 0 0 0 0 0 0 0 0 0 0 0 0 0 0 0 0 0 0 0 0 0 0 0 0 0 0 0 0 0 0 0 0 0 0 0 0 0 0 0 0 0 0 0 0 0 0 0 0 0 0 0 0
48 64 72 61 80 84 80 57 66 51 35 22 12 7 4 2 1 1 0 0 0 0 0 0 0 0 0 0 0 0 0 0 0 0 0 0 0 0 0 0 0 0 0 0 0 0 0 0 0 0 0 0 0 0 0 0 0 0 0 0 0 0 0 0 0 0 0 0 0 0 0 0 0 0 0 0 0 0 0 0 0 0 0 0 0 0 0 0 0 0 0 0 0 0 0 0
13 33 36 44 64 73 72 53 71 63 49 23 14 8 4 2 1 1 0 0 0 0 0 0 0 0 0 0 0 0 0 0 0 0 0 0 0 0 0 0 0 0 0 0 0 0 0 0 0 0 0 0 0 0 0 0 0 0 0 0 0 0 0 0 0 0 0 0 0 0 0 0 0 0 0 0 0 0 0 0 0 0 0 0 0 0 0 0 0 0 0 0 0 0 0 0
34 19 22 51 43 43 48 45 44 39 37 20 13 5 2 2 1 1 0 0 0 0 0 0 0 0 0 0 0 0 0 0 0 0 0 0 0 0 0 0 0 0 0 0 0 0 0 0 0 0 0 0 0 0 0 0 0 0 0 0 0 0 0 0 0 0 0 0 0 0 0 0 0 0 0 0 0 0 0 0 0 0 0 0 0 0 0 0 0 0 0 0 0 0 0 0
33 24 20 31 50 25 19 39 15 15 10 12 10 8 4 1 2 3 1 0 0 0 0 0 0 0 0 0 0 0 0 0 0 0 0 0 0 0 0 0 0 0 0 0 0 0 0 0 0 0 0 0 0 0 0 0 0 0 0 0 0 0 0 0 0 0 0 0 0 0 0 0 0 0 0 0 0 0 0 0 0 0 0 0 0 0 0 0 0 0 0 0 0 0 0 0
32 40 46 43 39 44 31 21 29 44 32 27 20 7 4 3 8 4 1 0 0 0 0 0 0 0 0 0 0 0 0 0 0 0 0 0 0 0 0 0 0 0 0 0 0 0 0 0 0 0 0 0 0 0 1 0 0 0 0 0 0 0 0 0 0 0 0 0 0 0 0 0 0 0 0 0 0 0 0 0 0 0 0 0 0 0 0 0 0 0 0 0 0 0 0 0
24 40 49 46 61 64 64 56 51 49 40 33 27 20 17 24 15 7 2 1 0 0 0 0 0 0 0 0 0 0 0 0 0 0 0 0 0 0 0 0 0 0 0 0 0 0 0 0 0 0 0 0 0 0 1 0 0 0 0 0 0 0 0 0 0 0 0 0 0 0 0 0 0 0 0 0 0 0 0 0 0 0 0 0 0 0 0 0 0 0 0 0 0 0 0 0
15 20 46 55 72 64 60 60 69 56 50 58 59 47 42 30 13 7 3 1 1 0 1 0 0 0 0 0 0 0 0 0 0 0 0 0 0 0 0 0 0 0 0 0 0 0 0 0 0 0 0 1 0 1 1 0 0 0 0 0 0 0 0 0 0 0 0 0 0 0 0 0 0 0 0 0 0 0 0 0 0 0 0 0 0 0 0 0 0 0 0 0 0 0 0 0
15 15 35 55 59 74 75 77 72 76 74 67 34 17 15 11 8 3 3 2 1 1 1 1 0 0 0 0 0 0 0 0 0 0 0 0 0 0 0 0 0 0 0 0 0 0 0 0 0 0 0 1 1 1 0 0 0 0 0 0 0 0 0 0 0 0 0 0 0 0 0 0 0 0 0 0 0 0 0 0 0 0 0 0 1 0 0 0 0 0 0 0 0 0 0 0
10 15 32 61 67 59 42 72 77 86 73 69 32 22 14 5 3 3 3 5 2 2 2 1 1 1 0 0 0 0 0 0 0 0 0 0 0 0 0 0 0 0 0 0 0 0 1 1 1 1 0 0 1 1 0 0 0 0 0 0 0 0 0 0 0 0 0 0 0 0 0 0 0 0 0 0 0 0 0 0 0 0 0 0 1 0 0 0 0 0 0 0 0 0 0 0
16 41 44 60 61 63 53 33 56 78 74 54 55 32 24 7 4 4 5 5 3 4 2 3 2 1 1 1 0 0 0 0 0 0 0 0 0 0 0 0 0 0 0 0 0 0 0 0 1 1 1 1 2 1 1 0 0 0 0 0 0 0 0 0 0 0 0 0 0 0 0 0 0 0 0 0 0 0 0 0 0 0 0 0 1 0 0 0 0 0 0 0 0 0 0 0
57 6 20 27 49 50 38 43 27 42 64 47 26 25 9 5 4 7 7 11 9 7 5 4 3 2 1 1 1 0 0 0 0 0 0 0 0 0 0 0 0 0 0 0 0 0 0 0 1 2 2 3 2 1 1 0 0 0 0 0 0 0 0 0 0 0 0 0 0 0 0 0 0 0 0 0 0 0 0 1 0 0 0 0 1 0 0 0 0 0 0 0 0 0 0 0
11 18 27 36 41 29 35 36 36 13 24 14 6 3 4 6 9 15 13 18 13 12 8 6 3 2 1 0 0 0 0 0 0 0 0 0 0 0 0 0 0 0 0 0 0 0 0 0 0 1 2 2 1 0 0 0 0 0 0 0 0 0 0 0 0 0 0 0 0 0 0 0 0 0 0 0 0 0 0 0 1 1 0 1 0 0 0 0 0 0 0 0 0 0 0 0
8 39 30 29 39 41 61 57 43 43 21 10 13 11 11 18 23 22 31 22 22 16 9 6 4 2 1 1 0 0 0 0 0 0 0 0 0 0 0 0 0 0 0 0 0 0 0 0 1 1 2 2 1 2 1 0 0 0 0 0 0 0 0 0 0 0 0 0 0 0 0 0 0 0 0 0 0 0 0 0 0 1 1 0 0 0 0 0 0 0 0 0 0 0 0 0
10 44 18 23 43 66 68 58 48 42 34 26 32 24 24 30 42 53 49 30 23 16 10 4 3 2 1 1 0 0 0 0 0 0 0 0 0 0 0 0 0 0 0 0 0 0 0 0 0 1 1 2 2 2 1 0 0 0 0 0 0 0 0 0 0 0 0 0 0 0 0 0 0 0 0 0 0 0 0 0 0 0 1 1 0 0 0 0 0 0 0 0 0 0 0 0
11 27 78 51 51 47 57 48 32 38 39 48 44 27 43 59 67 63 55 37 38 21 10 7 6 3 3 2 1 0 0 0 0 0 0 0 0 0 0 0 0 0 0 0 0 0 0 0 0 0 1 1 3 2 1 1 0 0 0 0 0 0 0 0 0 0 0 0 0 0 0 0 0 0 0 0 0 0 0 0 0 1 1 1 0 0 0 0 0 0 0 0 0 0 0 0
30 24 45 51 26 37 45 32 38 61 63 69 58 51 56 80 62 58 48 18 13 21 14 15 9 6 3 1 1 0 0 0 0 0 0 0 0 0 0 0 0 0 0 0 0 0 1 0 1 1 1 1 4 3 1 1 0 0 0 0 0 0 0 0 0 0 0 0 0 0 0 0 0 0 0 0 0 0 0 0 0 1 1 2 1 0 0 0 0 0 0 0 0 0 0 0
19 16 15 62 26 22 27 41 62 62 64 76 49 60 84 77 78 49 30 28 40 25 18 18 10 7 3 2 1 1 0 0 0 0 0 0 0 0 0 0 0 0 0 0 0 0 1 1 1 1 2 4 2 2 0 0 0 0 0 0 0 0 0 0 0 0 0 0 0 0 0 0 0 0 0 0 0 0 0 0 0 0 1 3 1 0 0 0 0 0 0 0 0 0 0 0
41 26 18 63 57 36 37 58 58 60 74 75 63 75 65 55 68 54 34 25 27 21 17 9 6 4 3 2 1 1 1 0 0 0 0 0 0 0 0 0 0 0 0 0 0 1 1 2 2 3 6 10 2 1 0 0 0 0 0 0 0 0 0 0 0 0 0 0 0 0 0 0 0 0 0 0 0 0 0 0 1 1 1 4 2 1 0 0 0 0 0 0 0 0 0 0
44 35 32 40 76 56 51 51 66 74 72 40 45 69 55 51 37 26 14 11 32 20 9 8 4 2 1 1 1 0 0 0 0 0 0 0 0 0 0 0 0 0 0 0 1 1 1 1 1 4 7 7 2 3 1 1 1 1 0 0 0 0 0 0 0 0 0 0 0 0 0 0 0 0 0 0 0 0 0 0 1 1 2 4 1 1 1 0 0 0 0 0 0 0 0 0
50 42 33 30 65 57 78 67 84 84 70 50 28 34 42 32 28 43 45 48 20 15 8 13 7 4 2 1 1 1 0 0 0 0 0 0 0 0 0 0 0 1 0 1 1 1 1 1 1 0 1 9 3 2 4 3 1 0 0 0 0 0 0 0 0 0 0 0 0 0 0 0 0 0 1 0 0 0 0 0 0 1 3 6 3 1 1 1 1 0 0 0 0 0 0 0
47 44 19 45 70 39 83 43 70 75 82 81 63 51 48 53 67 64 60 38 24 20 13 12 6 4 1 1 1 1 0 0 0 0 0 0 0 0 0 0 0 0 1 1 2 2 3 2 1 2 3 14 10 6 4 2 1 1 0 0 0 0 0 0 0 0 0 0 0 0 0 0 0 0 1 0 0 0 0 0 0 1 1 6 6 3 1 1 0 0 0 0 0 0 0 0
36 33 42 70 73 42 63 79 45 68 80 86 76 52 62 60 68 63 62 52 32 25 10 8 4 2 1 1 1 0 0 0 0 0 0 0 0 0 0 0 0 0 0 0 0 0 1 4 6 4 9 17 17 12 3 4 2 1 0 0 0 0 0 0 0 0 0 0 0 0 0 0 0 1 1 1 0 0 0 0 1 1 1 3 8 4 2 1 1 0 0 0 0 0 0 0
59 47 40 41 78 47 25 67 71 54 65 78 81 86 74 73 66 45 38 51 38 29 19 14 6 2 2 1 0 0 0 0 0 0 0 0 0 0 0 0 0 0 0 0 0 1 1 3 5 10 17 28 27 12 5 4 2 1 0 0 0 0 0 0 0 0 0 0 0 0 0 0 0 1 2 2 0 0 0 0 1 1 2 3 9 13 6 2 0 0 0 0 0 0 0 0
77 52 30 39 67 56 44 21 21 22 59 76 84 79 91 91 84 64 53 53 36 23 13 14 6 3 1 1 0 0 0 0 0 0 0 0 0 0 0 0 1 0 0 0 1 1 1 1 3 4 8 18 24 14 9 6 3 1 1 1 0 0 0 0 0 1 0 0 0 0 0 0 0 0 1 4 1 0 0 0 1 1 2 4 7 11 6 1 0 0 0 0 0 0 0 0
79 61 27 54 66 30 47 55 45 34 26 75 77 70 77 68 48 53 32 48 50 16 5 3 3 3 2 1 0 0 0 0 0 0 0 0 0 0 0 1 1 1 1 1 2 2 2 1 2 3 6 10 18 23 15 8 8 5 4 1 1 1 1 0 1 1 0 1 1 1 1 1 1 1 1 5 2 1 1 1 1 3 4 8 8 5 1 1 0 0 0 0 0 0 0 0
68 54 49 61 67 29 39 41 51 33 16 49 70 70 58 67 54 46 39 19 55 36 8 3 1 1 1 1 0 0 0 0 0 0 0 0 0 0 0 0 1 1 1 1 1 0 0 1 1 2 8 12 23 29 25 14 12 9 3 2 1 1 1 1 1 1 1 1 2 2 1 2 1 2 2 4 5 2 2 3 3 7 9 24 13 3 2 1 0 0 0 0 0 0 0 0
72 23 39 56 64 39 29 54 44 45 30 11 39 61 61 56 62 29 50 9 23 45 24 9 3 2 1 0 0 0 0 0 0 0 0 0 0 0 0 0 0 0 0 0 0 0 0 0 2 4 8 10 18 27 35 22 19 10 6 7 2 1 1 1 2 3 2 2 3 7 4 4 4 4 4 4 13 3 3 4 10 11 22 9 5 2 1 1 0 0 0 0 0 0 0 0
55 14 38 56 65 64 54 52 65 57 40 20 9 35 41 56 63 61 10 33 6 25 16 6 6 2 1 0 0 0 0 0 0 0 0 0 0 0 0 0 0 0 0 0 0 0 0 0 2 3 6 7 12 24 27 57 33 15 16 11 3 5 1 2 2 7 7 6 7 10 7 9 5 5 5 10 5 3 7 6 13 28 21 6 4 1 1 0 0 0 0 0 1 1 0 0
53 24 55 64 71 67 37 56 81 70 53 34 23 9 20 29 47 58 33 43 5 9 25 5 2 3 1 0 0 0 0 0 0 0 0 0 0 0 0 0 0 0 0 0 0 0 0 0 1 1 2 8 7 12 16 34 42 26 18 8 11 7 3 5 3 7 12 13 8 10 16 18 11 7 6 19 2 5 7 13 17 23 11 7 6 1 1 0 0 0 0 1 1 0 0 0
59 44 65 79 77 69 42 27 72 77 80 48 35 12 4 11 18 54 35 22 13 3 5 11 2 0 1 0 0 0 0 0 0 0 0 0 0 0 0 0 0 0 0 0 0 0 0 0 0 1 1 3 4 7 16 27 47 32 24 24 18 14 7 9 4 5 12 23 14 27 22 23 15 13 9 25 5 8 13 28 39 18 8 6 2 2 0 0 0 0 1 1 0 0 0 0
31 51 67 81 84 64 40 31 45 71 75 70 36 12 6 2 7 35 19 9 11 2 0 2 2 1 0 0 0 0 0 0 0 0 0 0 0 0 0 0 0 0 0 0 0 0 0 0 1 0 1 1 2 4 14 20 44 35 41 32 43 25 15 14 7 7 15 35 23 14 19 26 17 22 16 18 11 12 18 43 15 7 4 4 3 1 0 0 1 1 2 0 0 0 0 0
31 53 66 82 83 75 58 33 24 44 50 56 35 18 5 1 1 15 6 1 2 4 1 1 1 1 0 0 0 0 0 0 0 0 0 0 0 0 0 0 0 0 0 0 0 0 0 1 1 1 2 2 5 18 24 26 28 55 74 67 45 26 20 10 6 19 26 44 43 18 22 27 24 30 31 14 14 16 34 38 15 10 7 3 1 0 0 2 3 2 1 0 0 0 0 0
12 39 66 80 83 78 60 32 14 7 7 15 16 9 6 3 1 7 9 1 1 2 1 0 0 0 0 0 0 0 0 0 0 0 0 0 0 0 0 0 0 0 0 0 0 0 1 2 2 2 4 6 14 22 32 21 45 30 33 60 65 39 21 7 11 25 33 41 48 36 33 45 20 32 51 23 18 35 53 24 8 11 4 2 1 1 5 4 3 1 0 0 0 0 0 0
6 50 75 75 89 86 58 28 34 31 30 13 11 6 2 1 0 2 5 3 1 1 1 0 0 0 0 0 0 0 0 0 0 0 0 0 0 0 0 0 0 0 0 0 1 2 1 3 6 11 13 17 27 24 32 39 37 26 37 54 52 38 37 23 29 35 37 32 53 27 39 59 32 36 55 41 26 22 15 60 44 9 6 5 3 6 2 1 1 1 1 0 0 0 0 0
13 51 76 85 88 89 90 75 56 47 35 17 8 4 2 0 0 0 2 2 0 0 0 0 0 0 0 0 0 0 0 0 0 0 0 0 0 0 0 0 1 0 0 1 1 6 9 10 12 33 30 30 25 36 42 16 8 11 20 45 47 37 53 36 40 38 46 34 66 24 49 59 47 19 33 32 31 19 22 67 36 8 7 17 14 5 2 1 0 0 0 0 0 0 0 0
