sesion_6_simulaciones/modelos_agentes/ejemplos_netlogo/scenarios/echam4_b2/rob_2010.asc
NCOLS 322 
NROWS 307 
XLLCORNER 451900 
YLLCORNER 4086900 
CELLSIZE 100 
NODATA_value -9999 
[rows 0 to 74 of 307, columns 192 to 287 of 322]
35 30 12 6 23 51 22 7 7 8 8 3 2 1 2 1 1 1 1 1 1 1 1 1 1 2 1 2 2 8 2 0 0 0 0 0 0 0 0 1 1 0 0 2 4 5 5 10 17 24 14 15 21 35 38 54 50 85 44 36 8 12 17 44 55 41 57 52 24 34 20 10 15 17 36 21 17 34 57 26 13 13 11 11 9 7 20 18 19 22 9 21 32 57 17 6
44 21 25 23 30 51 12 16 24 12 7 5 8 6 3 3 4 1 1 2 2 1 0 0 1 2 1 1 1 1 6 2 0 0 0 0 0 0 0 0 1 0 0 1 1 2 4 5 16 51 70 48 29 32 39 50 65 67 64 17 22 13 44 39 51 49 55 40 41 18 5 19 10 16 44 22 48 33 31 33 23 27 25 12 7 3 11 18 21 19 12 23 22 25 13 12
27 49 31 28 54 39 24 9 5 13 12 12 18 19 8 14 8 5 9 7 6 2 1 1 0 0 0 0 0 0 0 2 1 0 0 0 0 0 0 0 0 0 1 2 2 5 6 9 15 32 41 39 54 43 63 76 35 32 37 18 19 27 37 28 34 61 29 25 18 22 12 12 10 14 53 18 56 41 20 40 25 20 23 20 8 2 6 9 20 15 11 34 19 35 11 2
35 36 59 58 42 28 23 22 20 37 17 30 45 28 21 33 19 7 12 18 10 7 4 1 1 1 0 0 0 0 0 0 0 0 0 0 0 0 0 0 0 1 0 0 1 6 6 9 3 8 8 12 22 57 49 55 44 14 18 25 30 16 21 41 32 65 43 35 56 16 24 18 6 6 32 17 21 19 28 37 26 23 23 23 9 2 5 15 25 10 18 17 16 36 7 2
24 17 35 10 44 50 42 35 46 33 37 19 25 22 28 41 23 27 28 28 22 7 5 4 2 2 1 2 1 0 0 0 0 0 0 0 0 0 0 0 0 0 0 1 1 2 2 5 17 33 42 37 37 35 69 65 22 19 5 6 25 29 25 40 42 64 35 23 13 9 6 6 7 5 13 12 10 22 50 63 54 16 14 29 21 13 2 11 13 22 18 10 24 42 12 2
23 18 32 26 16 20 48 16 34 28 21 26 8 20 29 32 38 32 8 8 14 7 4 6 5 3 2 3 2 0 0 0 0 0 0 0 0 0 0 0 0 0 1 2 4 11 17 26 26 16 23 29 45 58 80 49 23 19 5 36 58 60 56 59 46 67 25 32 36 27 34 21 16 10 7 10 15 15 24 21 35 58 35 21 25 14 4 7 10 13 6 11 20 22 13 4
16 7 8 22 13 10 44 11 7 15 18 48 21 8 18 29 21 26 10 3 5 11 13 16 5 4 5 3 2 2 1 1 1 0 0 0 0 0 0 0 0 0 1 2 9 5 9 16 36 29 35 75 38 58 68 27 16 21 11 29 47 56 57 62 69 61 53 47 41 14 22 19 14 20 15 6 2 9 26 33 28 52 27 10 6 19 5 4 5 5 7 15 31 40 9 8
11 7 6 9 20 14 27 41 8 3 7 10 26 6 2 6 4 8 10 4 3 6 3 5 6 4 5 2 3 3 2 2 1 1 1 0 1 0 0 0 0 1 2 3 6 11 9 31 58 54 58 29 54 45 52 23 11 4 9 16 27 26 28 25 24 55 34 23 43 22 18 12 15 16 16 9 2 15 29 17 48 65 34 10 4 18 10 4 5 11 12 19 39 21 11 9
21 13 11 5 9 7 16 39 42 13 5 4 9 16 6 4 2 7 11 6 5 9 2 3 10 6 5 4 4 6 5 4 4 3 1 1 0 0 0 0 0 1 2 3 9 11 8 13 27 40 28 20 60 36 34 10 5 28 52 41 58 50 63 43 51 81 47 31 12 12 16 13 13 12 9 5 3 6 10 23 41 58 33 16 5 6 5 3 3 13 11 20 15 23 10 17
14 13 11 5 4 2 11 10 34 20 12 5 5 7 8 3 2 2 7 7 6 9 2 2 4 4 3 2 2 3 1 1 2 2 2 1 0 0 0 0 0 0 1 2 5 2 3 19 9 8 10 60 32 34 16 6 18 45 52 70 56 86 72 38 63 38 58 46 37 14 14 19 16 7 4 3 2 4 23 11 7 37 40 29 10 4 7 2 3 4 6 21 14 19 11 38
18 14 13 11 4 2 1 2 3 10 5 3 2 8 4 2 4 1 1 4 3 7 8 1 2 2 6 2 1 2 3 0 0 0 0 1 0 0 0 0 0 0 1 3 1 3 6 8 2 5 32 32 14 21 6 5 15 33 34 58 79 80 40 26 31 47 59 57 60 40 49 26 21 14 7 5 2 2 6 14 17 49 63 31 27 7 3 4 1 5 17 6 11 7 10 50
38 21 9 10 8 7 4 2 2 2 2 1 3 2 2 1 1 2 1 1 3 4 4 2 0 1 4 2 1 1 2 2 0 0 0 0 1 0 0 0 1 1 2 1 0 0 3 1 2 14 35 19 8 6 3 18 22 23 37 79 61 48 11 22 36 41 68 63 52 57 39 30 30 27 20 13 4 2 9 10 16 66 32 49 26 14 4 2 1 8 8 4 16 4 21 49
52 31 24 36 24 22 16 7 13 7 5 3 1 1 1 1 1 3 2 1 1 1 1 1 0 1 2 1 1 0 0 1 0 0 0 0 0 0 0 0 1 1 1 1 1 1 4 1 3 17 12 4 1 6 20 37 42 56 80 67 11 18 21 16 19 21 36 38 62 37 19 28 43 42 32 14 4 1 8 15 45 39 11 26 36 17 6 1 1 7 5 4 15 4 16 19
68 64 55 56 46 36 22 19 16 14 13 11 3 2 1 1 0 0 0 0 0 0 0 0 0 1 1 1 0 0 0 0 0 0 0 0 0 0 0 0 0 1 0 0 0 2 1 1 4 3 2 1 2 7 15 22 49 49 39 8 34 55 51 41 43 23 21 22 55 44 56 63 40 22 18 16 5 2 4 12 37 10 7 24 53 19 10 3 1 2 2 4 6 3 12 8
16 59 60 65 54 48 23 26 11 10 18 9 6 6 5 3 2 1 0 0 0 0 0 0 0 0 0 0 0 0 0 0 0 0 0 0 0 0 0 0 0 0 0 0 0 0 0 1 1 1 0 1 2 4 12 19 23 5 22 38 55 53 64 83 84 77 69 46 48 57 66 48 51 34 13 8 4 2 4 12 15 5 3 31 47 49 19 17 5 1 1 3 2 4 14 10
26 43 59 33 44 70 46 17 31 18 11 15 11 14 12 5 3 1 0 0 0 0 0 0 0 0 0 0 0 0 0 0 0 0 0 0 0 0 0 0 0 0 0 0 0 0 0 1 0 0 1 1 1 3 6 11 5 24 31 42 59 74 80 67 66 76 39 37 64 17 47 77 48 30 30 26 19 8 3 12 13 6 1 4 15 41 8 4 5 4 1 4 2 3 11 9
51 10 55 29 29 53 65 63 29 10 17 13 23 16 11 7 6 3 2 1 1 1 0 0 0 0 0 0 0 0 0 0 0 0 0 0 0 0 0 0 0 0 0 0 0 0 0 0 0 2 2 4 4 3 3 12 21 27 35 41 70 56 72 59 61 40 30 66 44 41 30 16 59 25 48 50 44 20 11 3 21 9 5 1 3 16 25 4 1 2 1 1 2 4 2 3
23 5 34 16 30 37 43 22 53 58 29 33 30 7 6 6 8 6 3 2 2 1 1 0 0 0 1 1 0 0 0 0 0 0 0 0 0 0 0 0 0 0 0 0 0 0 0 1 1 1 3 9 9 10 4 11 16 45 52 59 76 55 46 34 22 30 50 67 48 29 13 14 47 48 53 55 49 44 22 5 3 7 7 4 1 5 11 7 3 0 1 0 2 3 1 1
14 13 17 15 9 27 35 15 17 49 21 43 54 24 12 7 11 18 14 7 5 2 1 0 1 0 1 1 1 0 0 0 0 0 0 0 0 0 0 0 0 0 0 0 0 0 1 1 1 2 6 10 9 7 15 21 29 31 28 47 65 22 9 6 21 27 35 81 58 19 17 10 44 49 10 23 62 44 41 21 3 2 14 6 3 1 4 6 5 2 0 0 2 1 0 0
14 4 8 12 6 11 36 10 7 20 27 41 38 23 24 19 3 6 8 11 4 2 2 1 1 1 1 2 2 1 1 1 0 0 0 0 0 0 0 0 0 0 0 0 1 1 1 2 1 4 9 7 16 16 19 24 6 5 19 46 69 22 6 24 42 47 67 65 42 32 17 6 12 49 34 8 19 30 40 30 19 3 2 6 4 1 1 3 6 3 0 0 1 0 1 3
22 7 8 7 2 4 17 7 10 7 18 11 19 6 9 11 2 2 5 12 6 9 3 1 5 3 2 1 1 1 0 0 0 0 0 0 0 0 0 0 0 0 0 1 1 1 1 1 3 9 7 10 23 33 49 43 25 19 31 46 38 9 11 40 46 46 47 16 37 38 21 5 7 21 49 18 6 10 56 23 14 4 1 3 4 1 1 4 2 2 0 0 0 0 3 9
8 2 9 7 2 1 4 16 2 5 17 11 14 6 4 2 3 1 1 9 8 4 3 3 1 1 0 0 0 0 0 0 0 0 0 0 0 0 0 0 0 0 0 0 0 1 1 3 3 4 4 8 15 49 58 67 63 54 42 42 19 7 21 36 57 61 44 21 18 31 10 5 7 15 44 21 7 7 15 30 14 7 2 1 4 1 2 3 1 0 1 2 1 2 8 15
12 2 9 10 2 1 2 6 1 1 11 6 3 2 1 2 2 2 0 1 2 3 8 7 2 0 1 1 0 0 0 0 0 0 0 0 0 0 0 0 0 0 0 1 0 0 0 1 1 1 1 6 16 13 32 55 37 29 20 60 19 8 24 35 38 53 69 34 28 8 5 6 16 34 53 17 6 8 16 42 14 4 2 1 1 2 2 2 1 0 1 11 4 4 5 12
6 4 3 8 1 1 2 5 3 1 1 1 1 3 1 1 3 2 1 1 1 1 4 2 2 0 1 1 0 0 0 0 0 0 0 0 0 0 0 0 0 0 0 0 0 0 0 0 1 1 1 5 5 10 11 9 8 22 52 26 6 15 30 30 51 72 40 28 28 13 4 7 16 35 31 11 10 6 12 28 18 16 4 1 1 1 1 2 0 1 2 2 9 15 7 9
1 1 2 2 1 0 2 5 1 0 1 0 0 1 2 1 1 1 1 0 0 1 1 1 0 0 0 1 1 0 0 0 0 0 0 0 0 0 0 0 0 0 0 0 0 1 1 1 1 2 5 3 2 1 2 6 17 26 55 18 6 30 25 24 58 76 35 39 32 13 7 8 17 45 22 10 13 5 7 15 15 14 9 4 1 0 1 1 0 3 4 5 6 8 32 11
0 1 0 1 0 0 2 3 1 0 0 0 0 0 1 1 1 0 1 1 0 0 0 0 0 0 0 1 1 0 0 0 0 0 0 0 0 0 0 0 0 0 0 0 0 0 1 0 1 2 3 8 8 17 12 15 20 40 39 4 10 23 18 15 50 59 32 27 20 14 6 5 19 47 13 17 12 3 2 5 7 11 5 1 1 0 0 1 3 9 11 14 19 12 8 33
0 0 0 0 0 0 1 1 0 0 0 0 0 0 0 0 0 0 0 0 0 0 0 0 0 0 0 0 0 0 0 0 0 0 0 0 0 0 0 0 0 0 0 0 0 0 0 0 1 2 5 8 9 16 30 48 49 60 18 4 13 19 13 29 71 52 14 22 23 10 6 4 13 42 12 8 7 6 1 2 6 10 3 1 0 0 1 3 9 10 14 12 19 32 48 23
0 0 0 0 0 0 0 0 0 0 0 0 0 0 0 0 0 0 0 0 0 0 0 0 0 0 0 0 0 0 0 0 0 0 0 0 0 0 0 0 0 0 0 0 0 0 0 1 1 4 4 7 11 16 30 58 35 27 4 14 23 16 36 57 79 30 37 13 10 10 8 5 18 40 18 8 6 6 1 2 5 9 4 4 1 0 1 2 3 2 3 3 4 7 20 29
0 0 0 0 0 0 0 0 0 0 0 0 0 0 0 0 0 0 0 0 0 0 0 0 0 0 0 0 0 0 0 0 0 0 0 0 0 0 0 0 0 0 0 0 0 0 1 4 1 3 3 4 8 9 38 27 11 2 10 21 22 20 48 76 36 16 29 11 9 9 6 3 9 29 47 16 8 3 1 1 4 8 6 3 1 0 1 1 1 3 4 8 10 11 12 28
0 0 0 0 0 0 0 0 0 0 0 0 0 0 0 0 0 0 0 0 0 0 0 0 0 0 0 0 0 0 0 0 0 0 0 0 0 0 0 0 0 0 0 0 0 1 2 1 4 3 3 3 9 13 36 6 3 6 17 22 20 22 48 75 24 13 12 19 7 2 2 3 16 28 11 25 11 3 1 0 5 4 6 2 1 0 1 2 5 10 6 13 23 21 18 8
0 0 0 0 0 0 0 0 0 0 0 1 1 1 1 1 0 0 0 0 0 0 0 0 0 0 0 0 0 0 0 0 0 0 0 0 0 0 0 0 0 0 0 1 1 2 2 2 4 13 15 16 10 16 8 3 1 11 12 19 11 24 52 58 24 8 11 16 9 5 1 3 22 7 6 33 15 5 1 1 2 2 3 2 0 0 2 2 3 7 8 9 6 7 11 27
1 1 1 1 0 0 0 1 1 1 1 1 2 1 2 2 1 0 0 0 0 0 0 0 0 0 0 0 0 0 0 0 0 0 0 0 0 0 0 0 0 0 0 1 1 2 4 8 8 10 5 22 15 8 7 5 2 7 14 27 28 27 60 19 6 18 19 7 13 4 1 3 5 7 4 28 8 4 1 1 2 2 2 1 0 1 5 9 12 8 7 4 8 12 14 27
3 3 1 2 1 0 0 1 1 1 3 2 2 3 3 1 1 1 1 1 1 0 0 0 0 0 0 0 0 0 0 0 0 0 0 0 0 0 0 0 0 0 0 1 2 3 6 9 7 7 4 3 8 7 7 1 4 9 8 18 18 30 39 38 28 12 6 4 16 9 2 1 6 4 9 26 6 3 2 1 1 1 1 0 1 2 6 19 25 24 25 14 17 28 33 56
4 4 4 2 1 1 1 1 3 3 5 4 5 3 4 2 2 2 1 2 1 1 0 0 0 0 0 0 0 0 0 0 0 0 0 0 0 0 0 0 0 0 0 1 1 4 2 1 9 8 4 2 5 6 1 1 3 5 7 18 31 45 51 20 10 7 11 7 4 7 3 2 5 4 6 10 7 6 2 0 0 1 0 0 1 3 3 4 4 5 7 17 27 34 64 57
7 7 7 6 5 1 1 3 4 7 9 7 8 6 6 5 3 6 3 2 1 0 0 0 0 0 0 0 0 0 0 0 0 0 0 0 0 0 0 0 0 0 1 1 0 1 1 2 2 3 3 1 2 0 1 1 1 3 4 14 32 44 32 41 18 6 6 5 4 6 6 1 1 2 5 6 6 2 1 0 0 0 0 1 3 1 2 4 12 19 21 20 15 54 28 33
15 24 12 3 5 2 3 4 14 10 10 10 12 18 19 9 9 5 3 3 1 1 0 1 1 0 0 0 1 0 0 0 0 0 0 0 0 0 0 0 0 0 1 0 0 1 1 2 2 1 1 1 1 0 1 1 2 6 10 19 17 18 35 44 10 4 2 2 4 4 2 1 1 2 2 6 4 3 1 0 0 0 1 2 5 7 7 7 12 11 11 36 38 45 22 8
33 42 13 10 16 4 4 17 15 28 8 16 22 19 29 13 5 3 7 4 2 1 0 2 0 0 0 1 0 0 0 0 0 0 0 0 0 0 0 0 0 0 0 0 0 1 3 2 2 1 1 0 1 1 1 2 5 4 3 5 10 19 28 43 13 5 5 3 2 1 1 1 1 1 3 2 2 2 1 0 0 1 2 2 5 16 19 24 23 27 14 27 18 19 22 5
27 44 16 13 21 7 8 29 26 31 8 20 40 26 38 12 8 9 10 9 4 1 1 1 1 1 2 0 0 0 0 0 0 0 0 0 0 0 0 0 0 0 0 0 1 2 2 1 2 1 0 0 1 1 2 2 1 1 4 6 7 27 32 23 8 29 26 13 5 4 2 1 0 1 1 1 1 1 0 0 0 2 5 11 11 18 28 25 22 23 27 33 8 2 13 7
46 20 20 15 23 7 11 37 59 31 7 35 52 43 40 36 13 22 32 12 5 2 3 1 3 2 0 0 0 0 0 0 0 0 0 0 0 0 0 0 0 0 0 0 1 1 1 0 0 1 0 0 1 1 2 2 2 3 17 25 24 24 55 24 30 14 18 15 4 2 1 1 0 0 0 1 0 1 0 0 0 1 2 6 8 3 9 4 3 6 4 45 23 7 4 2
76 52 26 18 21 10 23 43 78 28 11 29 55 57 55 22 18 58 18 2 3 9 5 3 4 1 1 1 1 1 0 0 0 0 0 0 0 0 0 0 0 0 0 0 0 0 0 0 0 0 0 0 1 2 2 6 8 11 10 20 36 33 18 30 22 20 5 8 13 3 1 1 0 0 0 0 0 0 0 0 1 2 2 3 3 2 3 7 14 30 45 64 27 6 3 1
73 68 26 31 33 15 25 56 73 36 16 38 80 77 38 47 24 21 5 3 6 24 26 9 4 3 1 1 1 1 1 1 1 0 0 0 0 0 0 0 0 0 0 0 0 0 0 0 0 0 1 1 2 3 5 9 7 8 20 41 41 40 25 34 4 38 23 3 2 9 7 3 1 0 0 0 0 0 0 0 1 1 1 2 2 3 13 17 15 13 19 37 13 5 3 1
76 54 30 47 39 36 27 62 75 40 25 47 83 73 51 32 11 5 1 8 19 27 11 3 2 1 1 3 2 1 2 1 1 0 0 0 1 1 0 0 0 0 0 0 0 0 0 0 0 0 0 1 1 2 2 4 7 17 15 47 30 11 12 45 19 7 22 6 1 1 2 2 2 2 1 0 0 0 0 0 1 1 1 1 2 6 12 12 12 19 12 16 12 6 2 1
78 59 33 59 49 48 44 48 61 35 29 49 64 27 22 16 4 6 4 12 31 9 5 4 2 1 1 5 4 2 4 1 0 1 0 1 1 2 1 0 0 0 0 0 0 0 0 0 0 0 0 0 2 2 4 9 4 15 19 35 6 2 11 37 9 7 3 12 3 0 1 1 2 1 1 1 0 0 0 0 0 1 1 1 1 4 17 7 5 26 7 6 8 2 1 1
57 45 41 63 56 41 59 47 72 74 61 55 44 29 37 29 17 20 8 16 28 10 7 5 3 2 2 9 7 3 5 2 1 1 1 2 2 1 0 0 1 0 0 0 0 0 0 0 0 0 0 1 2 2 2 3 2 8 21 6 4 2 17 32 14 2 1 2 4 1 0 0 0 0 1 0 0 0 0 0 0 1 1 1 4 9 17 6 5 15 5 2 2 3 1 0
60 35 64 73 63 72 72 88 81 92 91 87 49 65 62 50 41 14 14 32 23 10 7 3 4 6 3 10 9 8 5 3 3 3 2 4 5 2 1 1 2 1 0 0 0 0 0 0 0 0 1 1 1 2 1 1 4 12 21 3 2 2 6 24 16 6 1 0 3 3 1 0 0 0 1 0 0 0 0 0 0 1 1 2 2 2 2 2 3 3 5 3 2 2 0 0
53 49 54 64 84 86 89 89 72 72 78 83 86 79 46 39 23 15 21 16 7 10 7 9 13 8 10 28 19 25 8 7 5 7 8 14 12 3 2 2 2 1 0 0 0 0 0 0 0 0 0 1 1 0 1 1 4 8 6 4 2 2 2 27 5 4 3 0 1 3 1 0 0 0 0 1 0 0 0 0 0 1 2 3 2 2 2 1 1 1 2 1 1 0 0 0
64 64 37 41 53 60 78 48 44 40 56 62 59 79 54 39 37 48 35 17 17 19 16 22 40 21 16 35 30 21 11 18 11 13 12 18 8 4 5 1 1 0 0 0 0 0 0 0 0 0 0 0 0 1 1 0 2 1 2 8 2 2 3 7 3 0 2 1 1 1 1 1 0 0 0 1 0 0 0 0 0 1 1 2 1 1 1 1 1 0 0 0 0 0 0 1
71 80 54 33 55 48 53 56 38 51 52 42 61 78 85 73 79 64 38 29 38 37 38 31 41 26 22 45 42 17 22 20 21 20 26 26 12 6 1 0 0 1 1 0 1 0 0 0 0 0 0 0 0 1 1 1 2 2 1 2 2 1 2 4 5 0 1 1 1 1 1 0 0 0 0 0 0 0 0 0 0 0 1 2 1 1 1 1 1 0 0 0 0 0 1 2
50 71 83 54 21 26 43 46 63 32 23 25 64 47 61 93 91 48 63 59 59 51 51 39 41 32 36 58 41 29 28 27 32 44 42 13 3 2 3 2 2 2 1 1 1 1 0 0 0 0 0 0 0 0 1 1 1 1 1 1 1 0 0 1 7 0 0 1 0 0 0 0 0 0 0 0 0 0 0 0 0 0 2 1 0 0 0 0 0 0 0 0 0 1 1 2
75 74 79 83 39 11 16 54 51 40 6 8 23 42 74 82 67 90 90 73 60 77 66 31 51 39 56 44 40 36 39 32 47 60 58 17 11 7 10 7 9 7 3 2 2 1 0 0 0 0 0 0 0 0 0 0 1 1 1 0 0 0 0 0 2 1 0 0 0 0 0 0 0 0 0 0 0 0 0 0 0 0 0 0 0 0 0 0 0 0 0 0 1 2 1 2
50 35 49 84 40 29 17 17 16 19 12 3 17 64 78 76 58 56 82 64 76 80 69 47 67 62 73 66 58 67 48 45 45 42 39 17 15 16 13 13 3 2 6 9 1 0 0 0 0 0 0 0 0 0 0 1 1 1 0 0 0 0 0 1 2 0 0 0 0 0 0 0 0 0 0 0 0 0 0 0 0 0 0 0 0 0 0 0 0 1 1 1 1 2 1 1
21 42 42 77 81 22 21 10 12 9 10 5 16 28 36 43 65 78 61 25 62 25 68 79 91 84 76 53 68 45 55 33 28 15 50 42 37 21 8 5 1 0 8 4 2 1 1 0 0 0 0 0 0 0 0 0 0 0 0 0 0 0 0 0 1 1 0 0 0 0 0 0 0 0 0 0 0 0 0 0 0 0 0 0 0 0 0 0 1 1 1 3 2 2 1 1
12 19 28 37 69 72 29 9 8 7 6 5 11 27 43 52 23 63 65 31 64 52 24 41 62 39 56 32 56 18 10 25 14 12 26 67 42 21 9 32 7 7 7 5 4 1 0 0 0 0 0 0 0 0 0 0 0 0 0 0 0 0 0 0 0 1 0 0 0 0 0 0 0 0 0 0 0 0 0 0 0 0 0 0 0 0 0 0 1 1 1 1 7 3 1 1
4 10 17 4 31 78 30 12 4 3 5 5 4 9 15 28 33 53 33 42 59 35 10 33 53 31 32 25 28 45 28 29 23 10 13 47 55 66 51 40 27 15 14 15 6 2 1 1 1 0 0 0 0 0 0 0 0 0 0 0 0 0 0 0 0 0 0 0 0 0 0 0 0 0 0 0 0 0 0 0 0 0 0 0 0 0 0 0 1 0 1 2 2 2 1 3
9 5 11 31 27 44 74 23 15 4 2 2 3 4 13 11 27 48 6 16 62 53 15 7 58 63 31 19 27 36 12 9 12 7 6 18 31 32 26 9 12 13 6 10 10 6 6 4 1 0 0 1 0 0 0 0 0 0 0 0 0 0 0 0 0 0 0 0 0 0 0 0 0 0 0 0 0 0 0 0 0 0 0 0 0 0 0 0 0 1 1 1 2 3 5 5
15 4 3 16 29 41 71 46 14 8 4 2 2 3 3 2 12 8 8 39 77 24 10 5 7 36 15 17 12 27 22 10 11 10 7 25 17 6 4 3 4 2 1 16 8 14 17 10 2 1 2 1 1 0 0 0 0 0 0 0 0 0 0 0 0 0 0 0 0 0 0 0 0 0 0 0 0 0 0 0 0 0 0 0 0 0 0 0 1 1 1 2 2 3 3 8
28 15 10 4 6 8 18 42 17 15 4 2 1 2 4 1 6 4 14 17 64 22 10 7 3 7 6 9 4 16 19 7 5 5 7 11 11 3 2 3 2 2 2 4 9 6 4 1 1 1 1 1 0 0 0 0 0 0 0 0 0 0 0 0 0 0 0 0 0 0 0 0 0 0 0 0 0 0 0 0 0 0 0 0 0 0 0 1 1 1 2 3 5 4 7 11
11 10 15 5 4 16 17 36 37 15 8 2 1 1 1 2 2 4 5 15 44 60 23 9 2 2 5 1 2 9 16 6 4 3 2 2 3 2 1 2 2 1 1 1 7 5 4 1 1 0 0 0 0 0 0 0 0 0 0 0 0 0 0 0 0 0 0 0 0 0 0 0 0 0 0 0 0 0 0 0 0 0 0 0 0 0 1 1 2 2 3 3 3 7 7 12
22 12 4 2 2 6 11 19 33 12 5 2 1 0 1 2 1 1 7 32 23 35 25 15 5 1 6 5 1 1 6 3 3 2 1 1 1 3 1 1 1 1 0 1 2 4 5 2 1 0 0 0 0 0 0 0 0 0 0 0 0 0 0 0 0 0 0 0 0 0 0 0 0 0 0 0 0 0 0 0 0 0 0 0 0 0 0 2 1 1 1 1 3 5 7 4
33 21 5 2 1 4 5 8 19 14 3 2 1 1 1 1 0 3 12 22 7 13 19 5 3 2 1 2 3 0 2 3 1 1 1 1 1 1 1 1 1 1 0 0 1 3 5 2 1 1 0 0 0 0 0 0 0 0 0 0 0 0 0 0 0 0 0 0 0 0 0 0 0 0 0 0 0 0 0 0 0 0 0 0 0 0 0 1 1 0 0 1 2 3 3 4
36 18 7 4 1 1 3 5 21 3 3 1 1 1 0 1 0 2 10 6 1 5 38 5 2 2 1 1 1 2 1 1 1 1 1 0 0 0 0 0 1 0 0 0 0 1 5 2 2 1 0 0 0 0 0 0 0 0 0 0 0 0 0 0 0 0 0 0 0 0 0 0 0 0 0 0 0 0 0 0 0 0 0 0 0 0 1 1 1 1 1 1 2 3 4 2
29 18 7 2 2 1 2 3 13 4 1 2 1 0 0 0 0 2 3 2 5 11 24 10 3 1 2 2 1 2 1 1 1 0 1 0 0 0 0 0 0 0 0 1 1 2 3 2 4 2 1 0 0 0 0 0 0 0 0 0 0 0 0 0 0 0 0 0 0 0 0 0 0 0 0 0 0 0 0 0 0 0 0 0 0 0 0 0 1 1 2 2 2 1 4 5
19 10 4 3 2 1 1 1 3 8 2 1 1 0 0 0 0 1 1 2 2 5 20 8 3 3 1 1 1 2 1 0 1 0 0 0 0 0 0 0 0 0 0 2 1 1 2 1 3 2 2 0 0 0 0 0 0 0 0 0 0 0 0 0 0 0 0 0 0 0 0 0 0 0 0 0 0 0 0 0 0 0 0 0 0 0 0 0 0 1 1 3 2 3 9 5
17 11 4 2 2 1 1 1 1 3 2 0 0 0 0 0 0 0 1 1 1 5 23 6 3 1 2 1 1 1 0 0 0 0 0 0 0 0 0 0 0 0 1 1 0 1 1 1 2 2 1 1 0 0 0 0 0 0 0 0 0 0 0 0 0 0 0 0 0 0 0 0 0 0 0 0 0 0 0 0 0 0 0 0 0 0 0 0 0 1 1 2 1 1 2 3
49 23 8 1 1 1 1 1 1 2 3 1 1 0 0 0 0 0 0 0 1 3 11 5 1 1 1 1 1 0 1 0 0 0 0 0 0 0 0 0 0 0 0 0 0 0 0 0 1 1 1 1 1 1 0 0 0 0 0 0 0 0 0 0 0 0 0 0 0 0 0 0 0 0 0 0 0 0 0 0 0 0 0 0 0 0 0 0 0 0 1 2 1 1 2 1
9 32 14 5 1 0 0 0 0 1 3 1 0 0 0 0 0 0 0 0 1 2 5 5 1 1 0 0 0 0 0 0 0 0 0 0 0 0 0 0 0 1 0 0 0 0 0 0 1 1 0 0 0 1 0 0 0 0 0 0 0 0 0 0 0 0 0 0 0 0 0 0 0 0 0 0 0 0 0 0 0 0 0 0 0 0 0 0 0 0 1 1 1 1 1 3
3 25 4 14 4 2 0 0 0 1 2 1 0 0 0 0 0 0 0 0 1 2 2 5 2 1 0 0 0 0 0 0 0 0 0 0 0 0 0 0 0 0 0 0 0 0 0 0 1 1 0 0 0 0 1 0 0 0 0 0 0 0 0 0 0 0 0 0 0 0 0 0 0 0 0 0 0 0 0 0 0 0 0 0 0 0 0 0 0 0 0 0 0 1 2 2
4 5 2 8 3 2 1 0 0 0 1 1 0 0 0 0 0 0 0 0 0 0 4 4 3 2 1 1 0 0 0 0 0 0 0 0 0 0 0 0 0 0 0 0 0 0 0 0 1 1 0 0 0 0 0 0 0 0 0 0 0 0 0 0 0 0 0 0 0 0 0 0 0 0 0 0 0 0 0 0 0 0 0 0 0 0 0 0 0 0 0 0 1 2 2 3
4 3 2 1 2 1 2 0 0 0 0 0 0 0 0 0 0 0 0 0 0 2 4 4 5 2 1 0 0 0 0 0 0 0 0 0 0 0 0 0 0 0 0 0 0 0 0 0 1 1 1 0 0 0 0 0 0 0 0 0 0 0 0 0 0 0 0 0 0 0 0 0 0 0 0 0 0 0 0 0 0 0 0 0 0 0 0 0 0 0 0 0 0 0 1 2
3 2 2 1 1 0 0 1 0 0 0 0 0 0 0 0 0 0 0 0 1 1 3 2 2 2 0 0 0 0 0 0 0 0 0 0 0 0 0 0 0 0 0 0 0 0 0 0 0 1 0 0 0 0 0 0 0 0 0 0 0 0 0 0 0 0 0 0 0 0 0 0 0 0 0 0 0 0 0 0 0 0 0 0 0 0 0 1 0 0 0 0 0 1 2 2
1 2 2 1 0 0 0 0 0 0 0 0 0 0 0 0 0 0 0 1 0 0 1 1 1 1 1 0 0 0 0 0 0 0 0 0 0 0 0 0 0 0 0 0 0 0 0 0 1 0 0 0 0 0 0 0 0 0 0 0 0 0 0 0 0 0 0 0 0 0 0 0 0 0 0 0 0 0 0 0 0 0 0 1 1 1 1 1 0 0 0 0 0 0 1 2
1 0 1 1 0 0 0 0 0 0 0 0 0 0 0 0 0 0 0 0 0 0 1 1 0 0 0 0 0 0 0 0 0 0 0 0 0 0 0 0 0 0 0 0 0 0 0 1 1 0 0 0 0 0 0 0 0 0 0 0 0 0 0 0 0 0 0 0 0 0 0 0 0 0 0 0 0 0 0 0 0 0 0 0 1 1 1 1 1 1 1 0 1 1 1 1
0 0 0 0 0 0 0 0 0 0 0 0 0 0 0 0 0 0 0 0 0 0 0 0 0 0 0 0 0 0 0 0 0 0 0 0 0 0 0 0 0 0 0 0 0 0 0 0 1 0 0 0 0 0 0 0 0 0 0 0 0 0 0 0 0 0 0 0 0 0 0 0 0 0 0 0 0 0 0 0 0 0 0 0 1 1 2 3 2 3 3 2 2 2 1 5
0 0 0 0 0 0 0 0 0 0 0 0 0 0 0 0 0 0 0 0 0 0 0 0 0 0 0 0 0 0 0 0 0 0 0 0 0 0 0 0 0 0 0 0 0 0 0 0 0 0 0 0 0 0 0 0 0 0 0 0 0 0 0 0 0 0 0 0 0 0 0 0 0 0 0 0 0 0 0 0 0 0 0 0 0 1 1 1 5 5 2 6 5 5 2 5
0 0 0 0 0 0 0 0 0 0 0 0 0 0 0 0 0 0 0 0 0 0 0 0 0 0 0 0 0 0 0 0 0 0 0 0 0 0 0 0 0 0 0 0 0 0 0 0 0 0 0 0 0 0 0 0 0 0 0 0 0 0 0 0 0 0 0 0 0 0 0 0 0 0 0 0 0 0 0 0 0 0 0 0 0 0 0 0 0 0 0 1 4 9 12 7
