sesion_6_simulaciones/modelos_agentes/ejemplos_netlogo/scenarios/echam4_b2/rob_2089.asc
NCOLS 322 
NROWS 307 
XLLCORNER 451900 
YLLCORNER 4086900 
CELLSIZE 100 
NODATA_value -9999 
[rows 148 to 221 of 307, columns 192 to 287 of 322]
3 7 5 16 28 32 42 50 62 33 57 34 7 3 1 0 0 0 0 0 0 0 0 0 0 0 0 0 0 0 0 0 0 0 0 0 0 0 0 0 0 0 0 0 1 1 2 4 2 7 4 3 2 3 3 2 1 1 5 7 39 38 28 56 54 59 64 41 38 77 49 63 46 18 21 71 33 44 51 36 23 16 5 1 1 0 0 0 0 0 0 0 0 0 0 0
0 1 4 18 12 20 25 45 47 55 31 9 7 3 1 0 0 0 0 0 0 0 0 0 0 0 0 0 0 0 0 0 0 0 0 0 0 0 0 0 0 0 0 1 1 1 1 2 3 3 2 1 2 2 1 0 1 2 4 15 11 19 54 59 31 51 72 72 53 67 78 75 71 31 30 65 35 48 31 16 19 7 4 2 1 0 0 0 0 0 0 0 0 0 0 0
0 0 2 6 8 11 23 28 30 46 15 8 5 1 0 0 0 0 0 0 0 0 0 0 0 0 0 0 0 0 0 0 0 0 0 0 0 0 0 0 0 1 2 1 2 2 0 0 1 2 1 1 0 0 0 0 1 2 3 6 6 11 39 34 29 48 33 40 71 82 77 68 59 44 35 58 49 17 8 7 2 2 1 1 1 1 0 0 0 0 0 0 0 0 0 0
1 0 0 1 1 4 6 5 18 32 12 11 9 2 0 0 0 0 0 0 0 0 0 0 0 0 0 0 0 0 0 0 0 0 0 0 0 0 0 0 0 1 1 1 1 0 0 0 0 1 1 1 0 0 0 0 1 2 4 3 6 17 17 28 37 31 19 38 44 31 50 69 58 47 74 53 38 16 12 9 1 1 1 0 0 0 0 0 0 0 0 0 0 0 0 0
2 0 0 0 0 1 1 3 16 19 34 14 9 3 0 0 0 0 0 0 0 0 0 0 0 0 0 0 0 0 0 0 0 0 0 0 0 0 0 1 0 0 0 0 0 0 0 0 0 0 0 0 0 0 0 0 1 1 2 4 10 8 7 6 22 10 20 26 21 28 29 55 58 60 56 55 33 28 19 6 5 3 5 2 1 1 0 0 0 0 0 0 0 0 0 0
1 0 0 0 0 0 0 2 7 3 21 19 10 2 0 0 0 0 0 0 0 0 0 0 0 0 0 0 0 0 0 0 0 0 0 0 0 0 0 0 1 0 0 1 1 0 0 0 0 0 0 0 0 0 0 0 0 1 1 3 10 5 5 3 4 11 14 10 27 30 38 34 42 56 39 31 35 41 39 29 22 8 3 5 2 1 1 0 0 0 0 0 0 0 0 0
1 0 0 0 0 0 0 1 1 1 8 9 3 1 0 0 0 0 0 0 0 0 0 0 0 0 0 0 0 0 0 0 0 0 0 0 0 0 1 0 0 0 0 0 0 0 0 0 0 0 0 0 0 0 0 0 0 0 1 1 1 2 2 3 2 6 14 10 6 13 23 24 36 53 44 39 15 10 17 15 16 7 3 2 1 1 0 0 0 0 0 0 0 0 0 0
0 0 0 0 0 0 0 0 1 1 3 3 1 0 0 0 0 0 0 0 0 0 0 0 0 0 0 0 0 0 0 0 0 0 0 0 0 0 0 0 0 0 0 0 0 0 0 0 0 0 0 0 0 0 0 0 0 1 2 1 1 0 1 2 2 2 3 4 12 18 22 36 43 58 29 31 34 11 7 3 2 2 1 0 1 0 1 1 0 0 0 0 0 0 0 0
0 0 0 0 0 0 0 0 0 0 0 1 0 0 0 0 0 0 0 0 0 0 0 0 0 0 0 0 0 0 0 0 0 0 0 0 0 0 0 0 0 0 0 0 0 0 0 0 0 0 0 0 0 0 0 0 0 0 1 0 0 0 2 7 6 5 9 23 36 35 47 35 65 64 58 68 47 21 14 10 9 3 1 1 0 1 1 0 0 0 0 0 0 0 0 0
0 0 0 0 0 0 0 0 0 0 0 0 0 0 0 0 0 0 0 0 0 0 0 0 0 0 0 0 0 0 0 0 0 0 0 0 0 0 0 0 0 0 0 0 0 0 0 0 0 0 0 0 0 0 0 0 0 0 0 0 0 1 3 8 8 13 8 23 34 46 30 22 32 35 70 40 19 17 30 30 11 5 3 1 1 1 1 0 0 0 0 0 0 0 0 0
0 0 0 0 0 0 0 0 0 0 0 0 0 0 0 0 0 0 0 0 0 0 0 0 0 0 0 0 0 0 0 0 0 0 0 0 0 0 0 0 0 0 0 0 0 0 0 0 0 0 0 0 0 0 0 0 0 0 0 0 1 2 2 3 6 13 17 19 21 27 69 41 39 45 59 42 63 46 34 28 18 9 3 1 1 1 0 0 0 0 0 0 0 0 0 0
0 0 0 0 0 0 0 0 0 0 0 0 0 0 0 0 0 0 0 0 0 0 0 0 0 0 0 0 0 0 0 0 0 0 0 0 0 0 0 0 0 0 0 0 0 0 0 0 0 0 0 0 0 0 0 0 0 0 0 1 2 3 2 6 11 19 11 30 29 41 37 24 55 59 75 69 39 16 9 6 3 2 1 0 0 0 0 0 0 0 0 0 0 0 0 0
0 0 0 0 0 0 0 0 0 0 0 0 0 0 0 0 0 0 0 0 0 0 0 0 0 0 0 0 0 0 0 0 0 0 0 0 0 0 0 0 0 0 0 0 0 0 0 0 0 0 0 0 0 0 0 0 0 0 1 2 4 3 5 13 14 11 14 12 12 24 34 28 28 28 61 58 53 45 10 6 4 1 0 1 0 0 0 0 0 0 0 0 0 0 0 0
0 0 0 0 0 0 0 0 0 0 0 0 0 0 0 0 0 0 0 0 0 0 0 0 0 0 0 0 0 0 0 0 0 0 0 0 0 0 0 0 0 0 0 0 0 0 0 0 0 0 1 0 0 0 0 0 0 0 1 2 6 6 7 5 12 13 18 50 50 29 52 52 38 45 65 71 41 31 21 11 7 2 2 1 1 1 1 0 0 1 1 0 0 0 0 0
0 0 0 0 0 0 0 0 0 0 0 0 0 0 0 0 0 0 0 0 0 0 0 0 0 0 0 0 0 0 0 0 0 0 0 0 0 0 0 0 0 0 0 0 0 0 0 0 0 0 0 1 1 1 1 0 1 0 1 3 3 5 8 8 6 12 17 27 33 36 50 59 36 51 74 73 42 31 20 11 5 2 2 1 1 2 1 1 1 1 0 0 0 0 0 0
0 0 0 0 0 0 0 0 0 0 0 0 0 0 0 0 0 0 0 0 0 0 0 0 0 0 0 0 0 0 0 0 0 0 0 0 0 0 0 0 0 0 0 0 0 0 0 0 0 0 0 0 1 1 1 1 2 1 1 4 5 9 13 19 15 5 4 9 14 38 38 37 33 33 61 73 45 53 34 10 4 2 2 2 4 2 2 2 2 2 0 0 0 0 0 0
0 0 0 0 0 0 0 0 0 0 0 0 0 0 0 0 0 0 0 0 0 0 0 0 0 0 0 0 0 0 0 0 0 0 0 0 0 0 0 0 0 0 0 0 0 1 0 1 0 0 0 0 0 1 1 2 2 2 2 3 5 7 8 13 19 25 18 13 13 22 31 33 28 32 47 71 45 41 25 7 6 2 7 4 6 6 6 6 2 1 0 0 0 0 0 0
0 0 0 0 0 0 0 0 0 0 0 0 0 0 0 0 0 0 0 0 0 0 0 0 0 0 0 0 0 0 0 0 0 0 0 0 0 0 0 0 0 0 0 0 0 0 1 1 1 0 0 0 0 0 0 1 3 14 5 5 7 7 9 11 16 31 33 26 18 33 32 29 48 64 62 70 59 45 32 13 8 8 12 6 11 5 1 1 1 0 0 0 0 0 0 0
0 0 0 0 0 0 0 0 0 0 0 0 0 0 0 0 0 0 0 0 0 0 0 0 0 0 0 0 0 0 0 0 0 0 0 0 0 0 0 0 0 0 1 0 0 1 1 1 1 1 1 0 0 0 1 1 2 3 6 12 24 16 11 13 17 34 49 37 30 34 35 35 55 50 66 68 45 43 35 26 12 14 13 24 15 6 2 1 1 1 0 0 0 0 0 0
0 0 0 0 0 0 0 0 0 0 0 0 0 0 0 0 0 0 0 0 0 0 0 0 0 0 0 0 0 0 0 0 0 0 0 0 0 0 0 0 0 0 0 1 1 0 1 1 1 2 1 1 1 0 1 1 3 4 3 5 7 9 15 40 23 20 24 36 26 41 26 22 18 32 55 74 53 51 35 29 29 47 18 22 30 13 2 1 1 1 0 0 0 0 0 0
0 0 0 0 0 0 0 0 0 0 0 0 0 0 0 0 0 0 0 0 0 0 0 0 0 0 0 0 0 0 0 0 0 0 0 0 0 0 0 0 0 0 1 0 0 0 1 0 1 3 7 4 2 1 1 3 1 1 1 4 11 6 17 10 35 24 12 12 18 13 49 62 51 53 46 63 30 31 34 47 65 32 43 22 7 5 2 0 1 1 0 0 0 0 0 0
0 0 0 0 0 0 0 0 0 0 0 0 0 0 0 0 0 0 0 0 0 0 0 0 0 0 0 0 0 0 0 0 0 0 0 0 0 0 0 0 0 0 0 1 1 0 1 2 1 1 2 5 5 2 2 1 2 3 3 4 6 14 21 30 31 59 30 20 29 26 40 54 45 68 47 75 31 60 70 66 63 61 40 27 16 5 3 1 0 0 0 0 0 0 0 0
0 0 0 0 0 0 0 0 0 0 0 0 0 0 0 0 0 0 0 0 0 0 0 0 0 0 0 0 0 0 0 0 0 0 0 0 0 0 0 0 0 1 0 1 1 1 1 1 6 1 3 3 10 5 5 2 2 3 11 5 6 9 17 16 23 34 54 44 22 29 42 71 43 46 73 69 73 69 62 76 74 61 29 7 4 4 2 1 0 0 0 0 0 0 0 0
0 0 0 0 0 0 0 0 0 0 0 0 0 0 0 0 0 0 0 0 0 0 0 0 0 0 0 0 0 0 0 0 0 0 0 0 0 0 0 0 0 1 1 1 1 3 3 1 4 5 4 6 10 8 6 3 4 6 7 8 9 8 10 11 15 20 32 58 39 31 32 65 34 32 44 65 70 82 78 77 42 28 17 9 5 1 1 0 0 0 0 0 0 0 0 0
0 0 0 0 0 0 0 0 0 0 0 0 0 0 0 0 0 0 0 0 0 0 0 0 0 0 0 0 0 0 0 0 0 0 0 0 0 0 0 0 0 1 1 1 4 4 3 4 3 16 17 8 6 37 13 11 11 9 9 14 11 13 11 15 14 33 45 47 56 70 50 24 54 36 67 70 47 69 74 76 47 23 18 7 4 3 3 2 1 0 0 0 0 0 0 0
0 0 0 0 0 0 0 0 0 0 0 0 0 0 0 0 0 0 0 0 0 0 0 0 0 0 0 0 0 0 0 0 0 0 0 0 0 0 0 0 0 1 2 1 5 4 13 8 13 17 22 19 18 31 19 14 12 13 11 20 13 9 13 20 23 31 32 53 47 22 58 55 48 56 55 48 39 44 37 59 68 38 27 21 16 9 4 2 1 1 0 0 0 0 0 0
0 0 0 0 0 0 0 0 0 0 0 0 0 0 0 0 0 0 0 0 0 0 0 0 0 0 0 0 0 0 0 0 0 0 0 0 0 0 1 1 0 1 2 1 5 7 15 18 22 18 38 41 48 49 39 36 34 22 12 32 26 17 9 15 24 44 42 56 67 73 55 56 49 72 48 61 46 45 41 19 15 37 27 20 10 5 2 2 2 0 0 0 0 0 1 0
0 0 0 0 0 0 0 0 0 0 0 0 0 0 0 0 0 0 0 0 0 0 0 0 0 0 0 0 0 0 0 0 0 1 1 0 0 0 0 1 2 1 1 4 9 9 10 8 18 35 41 51 58 57 64 48 46 45 32 45 25 21 11 14 25 15 36 45 58 63 58 47 32 57 58 55 46 45 44 43 31 22 25 14 9 6 11 2 1 1 0 0 0 0 1 0
0 0 0 0 0 0 0 0 0 0 0 0 0 0 0 0 0 0 0 0 0 0 0 0 0 0 0 0 0 0 0 0 0 0 1 0 0 0 0 0 0 1 4 2 13 27 13 17 25 32 50 58 65 62 52 71 55 54 58 58 34 42 17 27 33 48 31 41 42 50 44 53 71 48 65 44 55 57 61 57 39 31 20 7 8 5 4 2 1 1 0 0 0 0 1 1
0 0 0 0 0 0 0 0 0 0 0 0 0 0 0 0 0 0 0 0 0 0 0 0 0 0 0 0 0 0 0 0 1 1 1 1 0 0 0 0 1 0 1 3 9 12 26 32 30 36 50 59 65 65 76 81 64 63 65 64 59 47 27 41 43 43 29 27 30 37 40 49 62 61 45 49 68 70 54 54 55 33 19 8 4 4 3 1 1 0 0 0 0 0 1 2
0 0 0 0 0 0 0 0 0 0 0 0 0 0 0 0 0 0 0 0 0 0 0 0 0 0 0 0 0 0 0 0 1 1 0 1 1 1 1 3 8 1 1 1 3 4 9 52 54 59 32 61 64 75 81 52 51 75 71 68 69 64 50 48 68 58 38 26 31 29 34 36 37 71 71 58 59 73 65 50 44 39 33 10 4 3 1 1 1 0 0 0 0 1 1 2
0 1 1 0 0 0 0 0 0 0 0 0 0 0 0 0 0 0 0 0 0 0 0 0 0 0 0 0 0 0 0 0 0 1 1 0 1 0 0 1 3 8 5 2 4 14 13 36 38 59 68 55 67 70 68 73 67 43 79 79 71 67 51 49 64 56 41 25 33 39 35 44 47 62 71 55 62 69 59 48 47 46 26 13 6 2 1 0 0 0 0 0 0 0 1 2
0 1 1 0 0 0 0 0 0 0 0 0 0 0 0 0 0 0 0 0 0 0 0 0 0 0 0 0 0 0 0 0 0 1 1 0 0 0 0 0 1 2 8 18 25 16 21 10 13 18 22 38 65 66 59 72 58 64 57 79 73 66 53 51 72 40 28 25 23 36 43 58 70 73 54 49 49 58 45 33 32 29 21 11 4 2 1 1 0 0 0 0 0 0 1 1
0 2 1 0 0 0 0 0 0 0 0 0 0 0 0 0 0 0 0 0 0 0 0 0 0 0 0 0 0 0 0 0 0 0 0 0 0 0 0 1 1 1 2 12 15 12 6 5 16 15 24 34 62 54 59 75 77 74 77 71 68 73 67 64 44 24 41 41 19 28 31 44 63 39 36 30 34 38 25 27 32 25 11 7 3 2 2 2 1 0 0 0 0 0 1 1
1 1 1 0 0 0 0 0 0 0 0 0 0 0 0 0 0 0 0 0 0 0 0 0 0 0 0 0 0 0 0 0 0 0 0 0 0 0 0 0 0 1 2 1 3 6 4 13 25 18 19 51 26 51 74 48 78 65 48 49 82 77 72 47 18 26 41 48 34 44 44 32 59 29 40 33 36 36 45 36 29 21 15 14 8 4 2 2 1 0 0 0 0 0 0 1
4 0 0 0 0 0 0 0 0 0 0 0 0 0 0 0 0 0 0 0 0 0 0 0 0 0 0 0 0 0 0 0 0 0 0 0 0 0 0 1 1 1 1 2 2 2 9 15 20 18 27 26 36 48 38 47 48 44 36 36 25 52 61 48 48 26 64 66 52 46 56 65 72 67 59 60 59 56 59 45 37 40 25 24 13 3 2 2 1 0 0 0 0 0 0 1
3 1 1 1 0 0 0 0 0 0 0 0 0 0 0 0 0 0 0 0 0 0 0 0 0 0 0 0 0 0 0 0 0 0 0 0 0 0 0 1 0 0 1 1 2 1 4 8 12 26 23 22 37 32 35 48 45 60 63 47 37 49 63 56 72 41 56 71 67 35 43 75 49 66 73 69 67 60 61 61 55 42 18 13 9 4 2 2 1 0 0 0 0 0 0 1
3 3 3 1 1 0 0 0 0 0 0 0 0 0 0 0 0 0 0 0 0 0 0 0 0 0 0 0 0 0 0 0 0 0 0 0 0 0 1 0 0 0 1 1 1 1 4 10 27 32 29 39 32 53 32 53 51 29 41 51 45 46 69 91 93 73 68 66 55 39 40 26 19 36 32 33 33 40 53 51 35 26 19 16 11 5 2 1 1 0 0 0 0 0 0 1
8 7 3 1 1 0 0 0 0 0 0 0 0 0 0 0 0 0 0 0 0 0 0 0 0 0 0 0 0 0 0 0 0 0 0 0 0 0 0 0 0 0 1 0 1 3 3 2 15 15 21 20 17 26 44 48 20 23 37 53 57 53 49 61 41 75 57 65 26 18 49 60 54 49 45 49 44 28 15 26 34 17 16 27 11 5 3 1 1 0 0 0 0 0 0 0
7 6 2 1 1 0 0 0 0 0 0 0 0 0 0 0 0 0 0 0 0 0 0 0 0 0 0 0 0 0 0 0 0 0 0 0 0 0 0 0 0 0 0 1 2 3 2 2 7 6 8 3 4 4 6 6 13 34 34 38 54 59 45 43 31 43 39 17 40 36 22 41 70 64 35 35 54 59 67 58 46 28 7 13 15 5 3 3 1 0 0 0 0 0 0 0
8 6 1 1 1 0 1 0 0 0 0 0 0 0 0 0 0 0 0 0 0 0 0 0 0 0 0 0 0 0 0 0 0 0 0 0 0 0 0 0 0 0 1 1 2 3 2 2 1 2 2 2 4 6 7 10 16 14 36 28 37 27 32 21 16 14 32 28 35 38 38 26 26 48 26 29 57 73 63 57 37 17 13 16 10 3 2 2 1 1 0 0 0 0 0 1
8 4 2 1 1 1 1 0 0 0 0 0 0 0 0 0 0 0 0 0 0 0 0 0 0 0 0 0 0 0 0 0 0 0 0 0 0 0 0 0 0 0 1 1 2 1 1 1 2 2 4 8 12 16 19 27 19 32 15 14 24 48 46 32 47 44 42 28 43 31 47 53 24 40 40 51 63 57 44 32 21 16 10 7 5 2 1 1 1 1 0 0 0 0 1 2
8 3 4 2 4 2 1 0 0 0 0 0 0 0 0 0 0 0 0 0 0 0 0 0 0 0 0 0 0 0 0 0 0 0 0 0 0 0 0 0 0 0 0 1 1 2 2 3 3 3 2 13 27 28 30 40 42 33 47 23 33 45 69 62 45 58 51 46 33 39 57 70 34 43 35 44 74 65 53 47 28 21 10 5 8 2 2 3 2 1 0 0 0 0 1 2
5 3 5 6 3 2 1 0 0 0 0 0 0 0 0 0 0 0 0 0 0 0 0 0 0 0 0 0 0 0 0 0 0 0 0 0 0 0 0 0 0 0 0 0 1 1 4 6 10 6 14 22 23 30 37 41 48 48 55 55 42 50 48 59 63 65 53 48 27 19 27 28 24 27 45 61 50 43 36 20 27 23 10 2 1 1 2 2 1 0 0 0 0 1 1 2
3 7 10 9 4 1 1 1 1 1 1 0 0 0 0 0 0 0 0 0 0 0 0 0 0 0 0 0 0 0 0 0 0 0 0 0 0 0 0 0 0 1 0 1 1 1 2 6 14 23 42 39 25 27 47 62 46 51 69 64 55 38 44 57 45 31 38 32 16 37 44 31 21 29 40 34 40 26 26 23 21 6 2 3 5 3 2 1 1 0 0 0 0 1 1 1
6 11 8 12 8 2 2 3 3 2 1 0 0 0 0 0 0 0 0 0 0 0 0 0 0 0 0 0 0 0 0 0 0 0 0 0 0 0 1 1 1 1 1 1 1 2 1 2 5 6 22 42 58 50 42 63 50 60 75 71 71 34 27 28 26 27 30 38 13 42 37 43 31 30 16 17 19 9 12 15 11 11 14 7 12 3 2 2 0 0 0 0 1 1 1 1
13 14 14 14 10 7 6 4 4 2 1 0 0 0 0 0 0 0 0 0 0 0 0 0 0 0 0 0 0 0 0 0 0 0 0 0 0 0 1 1 2 4 3 2 2 2 2 4 6 8 11 20 30 64 63 56 74 69 51 62 73 72 56 34 21 12 19 34 18 42 51 43 30 21 23 37 32 44 46 37 31 39 26 10 6 3 2 1 0 0 0 0 1 2 2 3
34 20 13 7 15 10 7 4 2 1 1 0 0 0 0 0 0 0 0 0 0 0 0 0 0 0 0 0 0 0 0 0 0 0 0 0 1 0 0 1 5 5 10 6 3 4 7 9 15 16 24 34 43 42 51 52 66 71 68 68 44 57 43 70 61 25 17 23 43 58 56 58 58 53 25 38 55 71 63 55 49 27 8 2 5 3 1 0 0 0 0 0 1 2 3 4
43 28 13 5 8 7 3 2 1 0 0 0 0 0 0 0 0 0 0 0 0 0 0 0 0 0 0 0 0 0 0 1 1 0 1 0 1 1 0 1 3 5 8 14 8 7 15 14 18 30 26 41 49 47 50 54 37 43 63 59 60 56 31 43 35 29 11 37 52 45 46 40 40 48 44 68 50 46 64 55 40 15 15 10 3 2 1 0 0 0 0 0 0 1 4 10
35 25 9 3 4 3 2 1 1 1 1 1 1 0 0 0 0 0 0 0 0 0 0 0 0 0 0 0 0 0 0 1 1 0 1 1 1 3 4 2 4 8 11 17 18 9 18 28 36 36 31 62 58 53 52 52 54 18 20 25 15 19 40 43 17 34 35 63 28 20 22 26 35 52 70 72 66 37 52 31 26 19 12 7 4 2 1 0 0 0 1 0 1 1 2 6
26 15 5 3 2 1 2 2 1 1 2 1 0 0 0 0 0 0 0 0 0 0 0 0 0 0 0 0 0 0 0 0 0 1 2 2 2 3 2 5 11 10 21 23 25 12 16 30 33 45 52 58 53 57 56 39 33 37 42 40 37 43 39 32 33 5 25 13 14 15 38 64 66 68 57 65 68 64 54 35 35 18 14 8 4 2 0 0 0 1 1 1 1 1 2 4
37 21 17 11 10 5 6 5 5 3 1 1 0 0 0 0 0 0 0 0 0 0 0 0 0 0 0 0 0 1 1 0 0 1 3 3 5 5 3 4 5 5 4 4 10 20 35 36 39 36 44 54 53 56 52 63 51 20 64 65 45 38 35 28 34 13 22 29 42 39 56 60 66 77 67 50 66 53 56 32 29 31 16 6 3 1 0 0 0 1 1 1 2 2 4 6
48 33 42 34 12 2 1 3 4 3 1 1 1 1 0 0 0 0 0 0 0 0 0 0 0 0 0 1 1 1 1 1 1 1 4 5 7 5 8 4 5 7 9 5 6 7 26 45 49 52 35 37 51 54 55 55 51 69 50 38 46 59 61 57 27 9 22 45 49 52 59 38 52 54 50 55 59 67 63 57 47 26 17 5 2 0 0 0 1 1 2 1 2 5 7 14
58 52 24 9 2 1 7 7 3 1 1 2 2 1 0 0 0 0 0 0 0 0 0 0 0 0 0 0 1 2 2 3 1 2 2 6 9 13 16 6 17 9 16 12 8 10 11 20 55 70 48 33 50 63 54 49 56 41 61 62 44 44 60 55 18 20 14 10 45 71 70 67 63 65 49 63 64 61 42 46 28 20 24 9 2 1 0 0 1 1 1 2 2 3 7 14
50 26 18 7 5 7 10 5 2 1 2 2 2 1 0 0 0 0 0 0 0 0 0 0 0 0 0 0 1 3 3 4 2 1 1 4 4 8 12 15 27 31 19 26 28 10 13 43 53 62 50 35 41 40 65 48 43 50 32 36 37 53 57 38 31 20 31 38 37 29 56 69 67 79 70 54 76 59 40 34 36 21 5 13 2 1 0 0 1 1 2 2 3 3 5 7
21 29 32 11 8 18 9 7 8 5 2 1 0 0 0 0 0 0 0 0 0 0 0 0 0 0 0 1 2 2 5 5 3 2 2 3 4 6 4 20 28 38 38 22 43 22 21 52 53 32 67 36 44 41 40 72 59 50 74 62 33 33 42 45 25 25 24 25 36 60 62 71 73 56 76 61 46 40 54 24 26 22 5 2 2 1 0 0 1 1 3 2 6 14 13 8
29 30 36 37 29 22 18 12 5 2 1 0 0 0 1 0 0 0 0 0 0 0 0 0 0 0 0 1 1 1 3 3 5 8 6 5 4 7 7 12 14 32 36 51 41 37 31 55 46 38 59 62 25 42 43 23 22 23 47 50 54 22 29 31 21 38 36 48 39 61 71 64 51 64 49 67 51 52 44 32 29 6 1 0 1 0 0 1 1 1 2 2 8 16 14 16
59 54 52 34 31 19 8 7 3 2 1 1 2 1 0 0 0 0 0 0 0 0 0 0 0 0 1 1 1 2 6 6 9 14 13 12 6 7 16 10 20 16 22 62 62 54 41 59 28 29 47 30 29 32 36 44 27 24 23 25 25 49 52 38 27 19 40 50 32 26 16 23 36 28 46 44 53 53 36 28 17 6 2 1 0 0 0 1 1 2 2 2 5 9 12 17
60 49 38 42 27 6 3 4 3 3 2 3 3 1 0 0 0 0 0 0 0 0 0 0 0 1 1 1 2 2 5 11 16 19 20 27 8 5 13 22 23 23 31 46 65 52 39 56 63 60 40 56 81 39 42 47 36 24 23 32 12 15 26 25 38 14 20 33 57 56 38 33 31 9 8 15 23 24 30 19 8 5 3 0 0 0 1 1 1 1 2 3 6 4 7 8
53 35 26 26 15 12 8 3 5 5 3 2 0 0 0 0 0 0 0 0 0 0 0 0 0 1 2 2 3 6 6 12 33 28 17 35 18 13 16 16 29 27 42 48 63 49 34 48 64 76 52 51 69 63 35 47 46 44 25 31 38 30 22 18 40 10 32 60 54 60 59 59 42 37 28 19 8 13 14 19 10 2 0 0 0 0 0 1 1 1 2 3 4 6 12 21
32 29 37 21 18 14 9 16 4 1 1 0 1 2 1 0 0 0 0 0 0 0 0 0 0 1 2 4 7 9 21 25 37 42 42 23 35 25 20 26 45 43 49 56 36 53 71 51 38 23 49 46 24 53 57 38 50 43 25 13 18 39 23 19 22 37 41 43 54 59 62 54 36 56 53 46 34 21 11 6 5 2 1 0 0 0 0 0 1 2 2 2 4 5 8 11
52 33 45 29 23 45 25 6 4 2 2 3 3 1 0 0 0 0 0 0 0 0 0 0 0 1 2 4 7 13 20 38 59 58 52 55 40 55 44 32 54 64 51 33 44 63 71 68 41 44 43 56 53 35 44 44 44 35 35 23 12 24 28 9 6 21 30 45 52 58 74 81 65 55 63 59 64 35 16 4 2 1 0 0 0 0 0 1 1 1 2 3 5 7 9 14
48 45 26 21 20 9 13 12 11 10 6 2 1 1 0 0 0 0 0 0 0 0 0 0 1 1 2 3 6 8 11 30 46 74 69 46 50 65 64 39 44 73 54 49 34 56 69 68 77 59 46 43 58 70 54 24 45 55 48 21 12 10 12 9 22 15 54 68 82 53 41 69 76 48 20 27 35 34 13 4 1 1 0 0 0 0 0 1 1 2 3 4 5 7 9 12
30 39 31 19 9 4 2 10 5 3 3 1 0 0 0 0 0 0 0 0 0 0 0 1 2 3 5 4 4 4 8 16 27 57 80 38 32 75 73 43 41 64 70 46 43 56 55 68 70 65 20 21 44 54 33 29 40 38 37 52 17 11 14 13 15 36 18 16 39 84 56 37 48 52 20 10 12 30 11 2 1 0 0 0 0 0 0 1 1 1 3 3 5 7 13 19
34 31 21 17 19 17 7 8 5 3 1 1 1 0 0 0 0 0 0 0 0 0 0 1 2 3 4 5 10 12 10 13 17 29 51 74 44 45 79 73 46 45 69 54 41 51 52 65 74 69 51 21 62 49 42 31 26 8 13 21 11 7 5 15 20 22 24 48 51 62 67 42 34 13 8 4 1 8 8 2 1 0 0 0 0 0 0 1 1 2 2 2 5 7 5 10
19 15 11 15 9 10 5 9 4 3 1 1 1 0 0 0 0 0 0 0 0 0 0 0 1 2 3 3 5 5 21 14 18 17 37 57 81 48 30 69 65 46 71 57 34 46 50 62 51 58 66 30 31 34 26 35 18 14 13 6 8 15 11 28 18 31 42 40 37 67 65 43 30 35 18 8 2 1 4 2 0 0 0 0 0 1 1 1 1 2 2 6 9 11 12 12
24 22 28 37 15 12 5 6 3 2 1 0 0 0 0 0 0 0 0 0 0 0 0 0 1 2 2 6 8 6 24 47 67 57 64 76 71 65 51 37 38 63 64 46 33 34 53 60 60 39 64 29 31 31 30 38 29 11 14 21 14 11 13 23 67 54 62 57 47 50 29 41 44 43 26 11 4 1 1 1 0 0 0 0 0 1 1 1 1 1 3 3 7 10 17 23
35 33 26 22 15 15 8 4 3 1 1 0 0 0 0 0 0 0 0 0 0 0 0 0 1 1 1 1 3 15 23 36 47 55 29 28 47 70 68 68 37 30 72 48 32 40 39 26 60 38 25 42 14 28 16 14 34 9 16 14 11 9 22 26 55 52 38 42 32 32 53 55 61 45 33 14 2 1 1 0 0 0 0 0 1 0 0 0 1 1 2 2 3 4 9 14
8 12 13 13 10 11 10 7 5 2 1 1 1 0 0 0 0 0 0 0 0 0 0 0 0 1 1 3 5 6 15 11 10 16 33 54 63 43 58 77 77 63 61 45 54 32 32 26 15 20 24 12 33 17 30 8 9 17 5 9 4 8 9 16 16 14 28 46 48 61 68 61 38 29 9 14 5 3 1 0 0 0 0 0 0 0 0 1 1 3 2 5 5 3 10 19
6 4 7 7 5 4 8 6 3 4 2 1 1 0 0 0 0 0 0 0 0 0 0 0 0 0 1 1 2 3 8 13 12 31 43 52 44 50 46 72 52 35 38 43 56 52 41 22 18 45 19 23 13 26 35 13 7 5 12 5 9 11 33 33 42 37 52 59 61 64 69 49 44 28 8 3 3 1 0 0 0 0 0 0 0 0 1 1 2 1 1 3 3 4 5 8
12 10 10 8 3 1 2 6 5 3 2 1 1 0 0 0 0 0 0 0 0 0 1 1 0 0 0 0 0 2 4 12 16 45 53 52 54 43 44 31 38 33 31 23 32 38 60 26 21 18 9 10 20 19 32 16 16 14 6 8 31 18 40 67 50 49 52 55 57 75 72 70 52 27 12 5 1 0 0 0 0 0 0 0 0 1 1 1 1 2 3 4 5 9 9 13
23 25 12 8 7 6 6 6 2 2 1 1 0 0 0 0 0 0 0 1 1 1 1 1 1 1 1 1 2 3 3 6 17 31 64 62 41 56 44 31 40 43 42 40 28 22 16 39 25 15 16 14 13 17 4 32 20 7 6 16 28 42 38 77 73 79 79 46 29 25 64 73 87 57 12 6 3 1 0 0 0 0 0 0 0 0 1 1 2 2 4 7 5 9 17 14
35 18 17 33 23 12 8 6 4 1 1 1 0 0 0 0 0 0 0 2 3 1 2 3 3 2 1 4 4 5 7 4 15 30 50 38 57 41 39 33 43 33 29 47 27 15 15 13 13 7 19 12 7 9 14 5 3 7 4 20 49 51 51 82 88 80 80 91 78 55 48 56 68 49 39 13 6 1 0 0 0 0 0 0 1 1 1 2 2 3 4 6 10 9 11 26
12 5 3 19 11 6 7 2 1 1 1 0 0 0 0 0 0 0 1 1 4 7 4 6 5 3 4 5 6 6 7 10 9 25 33 29 24 37 39 33 51 43 42 56 33 24 25 18 17 7 28 10 4 3 10 19 2 4 14 17 32 25 17 57 84 71 74 86 92 80 37 20 13 19 22 2 1 0 0 0 0 0 0 0 1 1 0 1 1 3 6 4 6 7 14 19
