sesion_6_simulaciones/modelos_agentes/ejemplos_netlogo/scenarios/echam4_b2/rob_2041.asc
NCOLS 322 
NROWS 307 
XLLCORNER 451900 
YLLCORNER 4086900 
CELLSIZE 100 
NODATA_value -9999 
[rows 0 to 72 of 307, columns 192 to 287 of 322]
43 41 24 15 36 60 36 18 17 22 25 10 7 5 8 6 4 4 6 5 5 4 3 4 6 11 6 11 11 31 10 2 2 1 0 1 1 1 1 4 4 2 2 9 13 17 13 24 38 45 30 34 40 48 46 57 46 82 50 41 10 13 18 45 54 39 55 52 25 38 22 12 17 19 41 23 19 38 56 27 15 18 17 20 19 14 33 28 27 30 11 25 35 61 21 7
53 32 40 37 42 61 22 33 45 30 20 15 23 20 12 10 13 3 5 7 9 4 2 2 3 12 4 4 3 6 30 11 2 1 0 0 1 1 2 2 4 1 1 2 4 7 14 14 29 70 81 64 46 46 46 46 70 69 68 22 26 15 46 40 50 45 54 41 43 22 6 24 13 19 52 27 53 39 37 35 27 34 36 22 17 8 22 31 31 29 17 29 26 32 17 14
34 57 39 37 59 53 39 20 13 29 29 30 43 44 25 37 23 18 28 26 21 8 5 3 1 2 2 1 1 2 2 12 8 2 2 1 1 0 1 0 0 1 3 9 8 17 17 24 33 50 59 51 62 52 67 75 42 38 48 26 23 32 41 30 35 60 29 26 20 26 15 16 15 20 63 25 61 51 26 42 31 26 33 34 18 7 15 18 32 24 16 45 25 41 15 3
44 45 66 58 45 39 36 35 36 57 34 52 64 53 45 60 44 22 34 48 33 24 16 8 5 3 0 1 1 0 1 2 1 1 1 1 1 0 0 0 1 3 2 2 4 19 20 24 10 20 16 20 32 61 49 56 54 22 31 37 39 22 24 43 31 57 44 39 54 21 30 26 9 9 44 27 32 26 34 40 31 29 32 36 20 7 13 27 42 18 31 27 24 38 11 3
31 24 46 17 53 59 53 41 54 51 48 38 41 36 44 63 48 53 55 58 49 27 19 17 9 11 5 8 6 1 0 0 1 0 1 1 0 0 0 1 1 1 2 4 4 6 7 12 37 56 60 51 48 42 66 68 33 28 10 12 36 35 28 42 42 55 36 27 18 12 9 9 12 8 23 23 19 33 57 64 54 21 21 44 39 29 4 24 27 36 35 19 34 48 18 3
34 29 45 39 27 34 54 30 54 45 34 40 17 41 51 53 56 53 24 19 37 20 13 20 18 15 7 12 8 3 2 1 0 0 0 0 0 0 0 0 1 2 3 7 15 31 39 50 49 33 39 41 47 63 82 59 39 30 10 47 66 65 58 59 43 62 27 35 41 33 42 30 25 18 14 20 28 26 37 29 41 63 47 37 39 29 10 19 24 29 14 19 32 30 20 5
26 14 17 36 27 21 53 22 17 31 40 65 38 22 40 52 47 48 29 10 13 31 35 41 19 17 19 11 10 8 6 3 3 2 1 0 1 1 0 0 1 1 4 7 24 16 23 31 52 41 44 80 44 69 75 44 31 34 18 36 51 59 57 59 67 59 50 45 45 19 29 29 21 32 28 15 6 20 40 43 32 56 38 20 12 38 14 12 15 14 15 28 45 57 15 13
19 14 14 19 40 31 46 55 19 10 19 28 47 15 7 22 13 22 27 14 11 21 10 16 20 15 18 10 15 12 10 9 7 7 5 2 3 1 1 0 1 3 7 12 20 25 25 55 76 71 71 47 61 60 67 39 25 10 19 24 34 32 28 27 25 53 33 26 47 28 26 21 26 31 32 21 6 29 49 26 52 64 45 21 13 31 24 12 13 26 27 29 55 36 21 16
34 26 24 15 24 21 32 59 58 28 13 14 24 34 19 13 8 24 30 21 16 25 7 13 30 19 16 17 17 23 20 17 17 14 8 6 3 1 0 1 2 3 8 12 30 32 24 34 54 65 49 34 75 57 54 24 11 46 66 53 64 52 59 45 53 76 45 35 16 17 25 22 24 25 21 13 8 16 19 33 47 57 46 31 15 15 16 10 9 32 25 35 32 40 19 28
24 26 27 15 14 8 28 29 54 44 33 19 17 20 26 11 10 7 24 23 21 28 8 9 17 20 13 12 8 14 3 8 17 14 10 4 2 1 0 1 1 2 5 11 22 9 10 47 27 22 21 80 56 57 34 16 28 56 63 74 56 82 69 43 61 33 56 46 44 20 20 30 28 16 12 9 7 12 40 22 13 44 48 46 26 12 22 7 10 13 15 42 28 41 23 52
30 27 29 27 14 8 4 6 11 27 17 13 9 26 15 10 13 3 6 17 12 29 33 8 9 8 25 12 3 10 15 4 1 1 2 7 3 1 1 1 1 2 8 20 6 17 23 30 8 12 57 64 34 43 19 12 27 44 43 58 77 79 51 30 33 49 57 58 64 48 57 37 34 28 17 13 6 5 14 27 28 53 68 42 48 18 11 15 4 14 37 18 24 19 19 63
53 36 19 22 23 20 14 8 7 6 7 7 11 11 9 7 5 10 6 7 18 22 19 9 1 5 19 13 4 4 14 15 2 1 1 1 5 2 0 1 5 8 9 4 2 2 13 4 7 36 68 51 27 20 8 33 36 32 41 77 63 58 15 28 41 44 67 63 54 61 45 37 43 44 39 28 10 7 21 25 24 72 49 58 42 34 13 8 6 21 24 13 32 12 36 69
58 46 42 56 48 45 39 22 36 22 17 11 5 4 4 3 4 15 13 5 3 9 8 7 1 5 9 7 5 2 2 6 2 0 0 0 2 3 0 1 4 4 4 8 8 7 23 3 12 51 43 17 3 16 40 53 55 62 82 71 21 28 31 23 22 24 40 39 61 42 23 35 54 57 51 28 11 3 19 28 56 62 28 36 51 35 19 5 6 22 19 13 36 12 30 43
68 65 62 66 62 58 46 41 38 39 34 33 12 9 5 4 3 2 2 2 3 3 1 3 3 5 5 5 2 1 1 3 3 2 0 0 1 2 1 2 2 4 3 2 2 12 5 4 19 16 8 2 6 20 31 40 66 62 53 14 48 65 58 46 46 26 23 21 56 47 59 69 48 35 30 30 14 5 12 22 53 26 19 37 66 37 26 11 4 8 9 11 20 11 25 22
27 64 67 68 60 64 43 51 26 28 41 29 20 20 18 16 10 4 1 1 1 1 1 2 3 3 2 1 0 0 1 2 2 1 0 0 1 2 2 1 1 1 2 1 1 2 2 4 5 5 1 3 8 11 26 41 42 12 36 51 63 60 60 80 83 72 64 46 48 59 64 53 60 45 25 19 10 5 12 23 31 16 10 50 65 65 41 42 18 4 6 10 9 10 32 28
40 57 67 49 56 75 59 36 54 40 28 37 31 38 36 21 14 5 3 3 2 1 1 0 2 1 0 0 0 0 0 2 2 3 2 1 1 1 1 2 1 1 1 1 0 1 3 5 3 2 6 4 5 10 16 25 12 41 44 47 59 71 80 71 66 75 42 33 67 20 49 77 55 42 46 45 41 22 9 23 26 15 6 13 34 60 19 12 16 14 3 12 7 9 33 26
68 21 69 51 45 68 75 76 43 23 36 32 47 41 34 25 23 14 10 8 7 5 2 1 1 1 2 2 1 1 0 0 0 1 2 1 1 1 1 2 1 1 1 1 0 0 1 1 3 9 6 16 16 10 9 28 42 42 46 46 67 57 76 67 69 44 32 60 45 39 40 23 57 36 59 64 64 41 29 9 39 22 16 4 12 35 46 14 4 6 2 3 6 13 9 10
43 15 53 34 51 60 63 43 71 76 47 55 56 21 21 18 25 22 14 12 9 7 5 2 2 2 4 3 2 2 0 0 0 0 0 1 1 1 1 1 1 1 0 0 0 1 2 5 6 7 11 27 26 27 12 27 31 60 59 58 76 61 56 50 34 32 49 62 49 33 19 21 50 55 61 59 65 63 43 14 9 19 20 14 4 13 28 18 12 2 5 1 6 10 5 4
30 35 35 37 25 50 58 35 38 71 42 64 75 46 30 21 31 45 40 26 21 10 4 3 5 3 6 5 9 2 2 2 2 1 1 0 1 0 1 1 0 0 0 0 1 2 5 7 7 9 19 29 26 20 35 41 47 45 35 47 66 33 19 13 31 34 30 77 65 24 26 17 53 50 17 34 70 58 60 43 11 7 31 17 9 4 12 17 17 7 1 1 8 4 1 1
35 14 19 30 21 29 63 28 19 49 57 71 71 54 57 45 13 21 25 35 18 12 10 8 7 8 8 11 9 9 5 4 3 3 2 1 0 0 0 0 0 0 1 1 4 4 6 10 6 14 26 21 39 38 43 46 15 12 28 45 73 32 14 39 53 46 60 66 50 39 25 11 21 53 44 17 35 45 54 52 41 10 8 19 14 4 2 8 19 12 1 1 5 1 4 10
55 21 22 23 6 16 46 25 34 24 46 34 52 24 33 38 11 7 19 39 21 27 14 6 19 15 9 6 8 6 4 2 3 2 3 2 1 1 0 0 0 0 1 4 6 8 4 4 14 30 21 27 48 57 69 65 44 35 46 49 51 19 20 54 53 47 45 22 47 49 33 10 12 25 58 33 14 20 66 39 33 12 4 9 12 3 4 12 8 8 1 1 1 2 9 27
29 8 27 26 8 5 17 47 8 19 56 45 52 25 22 10 11 3 8 39 35 20 13 11 6 6 2 2 3 2 3 3 2 1 4 2 1 1 0 0 0 1 2 3 3 6 6 11 14 14 13 21 34 68 77 79 77 66 51 44 27 15 35 44 63 57 47 28 25 44 20 10 12 19 53 35 16 17 25 47 33 21 8 4 13 4 6 10 5 2 2 7 3 7 25 35
43 9 36 42 14 8 10 24 8 7 47 30 21 10 4 12 11 9 3 6 9 18 36 37 12 3 9 4 1 2 2 1 1 1 2 3 2 1 0 0 0 2 3 4 2 3 1 4 3 4 4 16 34 29 50 70 55 41 23 68 33 16 36 45 44 51 71 43 37 17 11 10 25 41 67 34 15 20 29 57 33 13 7 2 5 9 6 9 3 2 5 27 14 15 16 30
31 23 18 38 6 9 13 22 16 6 5 4 6 19 6 4 14 12 5 8 8 9 25 18 13 3 6 7 4 1 1 1 1 1 1 1 2 1 0 0 0 1 1 2 1 1 2 2 6 6 5 14 14 23 28 21 16 34 57 39 14 26 41 38 54 71 51 38 38 26 11 15 26 44 50 24 22 17 27 49 36 36 14 3 3 4 5 8 1 2 8 7 20 37 21 26
9 7 13 13 7 3 16 26 10 2 6 4 4 10 13 5 8 11 9 3 3 4 6 5 4 2 3 7 7 2 1 1 0 1 0 1 0 1 0 0 0 1 2 2 3 5 7 7 6 9 16 9 8 5 6 14 33 37 65 30 12 40 34 31 57 77 44 52 47 25 17 16 26 56 40 22 28 15 20 34 31 32 26 13 3 1 6 3 1 12 15 16 19 18 60 27
3 5 2 11 3 2 17 24 8 2 2 4 4 2 8 9 4 3 4 5 2 2 3 4 3 2 2 5 12 2 1 1 0 0 0 0 1 0 1 0 0 1 1 1 3 3 6 3 3 8 11 23 20 37 26 31 32 50 53 10 21 34 28 22 47 60 40 41 36 29 14 14 28 57 26 35 29 11 9 15 17 27 15 6 6 1 1 3 10 24 30 33 45 30 22 52
2 2 1 2 1 5 12 9 4 2 1 2 2 1 1 3 4 4 3 4 1 1 2 2 1 1 1 1 2 3 2 0 0 0 0 0 0 0 1 0 0 0 0 1 1 2 2 2 5 7 16 21 20 34 46 62 62 75 35 10 25 32 23 31 69 62 20 38 40 25 15 8 21 54 26 21 19 17 3 6 17 25 8 5 2 1 3 10 26 24 31 31 41 53 67 43
1 1 0 0 0 0 1 1 1 1 0 0 0 0 0 1 1 1 2 2 1 1 1 1 0 0 2 1 1 1 2 1 1 0 0 0 0 0 0 0 0 0 0 0 1 1 3 3 3 14 12 16 25 33 46 74 58 47 9 26 36 26 47 58 81 44 48 25 23 24 21 12 31 54 33 20 17 17 3 5 14 21 13 14 5 1 3 8 11 8 9 10 12 18 40 44
0 0 1 1 0 0 0 0 0 0 0 0 0 0 0 0 0 0 0 0 1 0 0 0 0 0 1 1 1 1 1 1 0 0 0 0 0 0 0 0 0 0 2 2 2 2 6 14 4 10 9 12 19 19 58 50 26 7 23 35 36 33 55 77 50 29 40 22 20 21 18 9 18 46 62 34 20 11 4 4 11 25 18 9 3 1 2 4 3 10 12 23 28 27 27 41
1 1 1 3 1 0 0 0 0 1 1 1 1 1 3 1 1 1 0 0 0 0 0 0 0 1 1 0 1 0 0 0 0 0 0 0 0 0 0 0 0 2 2 2 3 6 7 6 16 11 10 10 22 24 60 17 9 15 29 37 33 34 55 77 36 25 23 34 16 7 6 9 30 49 23 45 27 11 3 2 16 15 20 8 3 1 3 8 17 28 18 34 44 42 38 18
2 3 3 4 3 1 1 3 2 3 3 4 4 4 5 4 4 2 2 1 1 0 0 0 0 0 0 0 0 0 0 0 0 0 0 0 0 0 0 0 2 2 2 5 6 10 10 8 14 31 33 35 23 36 20 9 3 22 25 32 19 33 55 64 40 17 22 30 21 13 4 8 40 18 13 52 36 16 5 2 8 7 14 6 2 2 7 9 10 20 22 22 16 17 23 44
4 4 4 5 3 2 2 5 4 5 4 5 10 6 9 8 5 4 3 3 1 3 2 1 1 0 0 0 0 0 0 0 0 0 0 0 0 0 0 2 2 2 3 4 8 12 16 29 22 28 17 54 35 19 21 16 6 18 30 43 44 37 61 27 13 33 36 16 30 11 3 8 16 17 9 49 21 15 4 3 7 6 6 4 1 3 16 23 30 23 20 11 22 25 25 35
13 12 7 11 6 3 3 4 4 5 12 13 13 15 13 7 6 5 4 4 4 4 3 2 2 1 1 0 0 0 0 1 0 0 0 0 0 0 0 1 2 2 3 5 10 12 21 28 22 25 16 9 22 20 26 4 12 20 20 31 29 43 43 49 44 26 17 14 34 22 8 5 15 11 21 53 18 11 8 2 3 5 5 2 3 8 16 39 45 43 48 29 36 48 40 64
17 18 18 10 8 7 4 7 12 13 20 16 18 12 16 10 8 7 6 10 8 8 4 3 2 4 2 1 1 1 3 1 0 0 0 0 0 0 0 1 1 1 3 4 7 19 10 4 36 26 16 9 19 24 3 3 9 12 17 33 45 53 57 29 20 19 26 19 14 18 11 5 14 11 17 29 23 21 8 2 2 3 2 2 5 9 11 15 12 14 17 31 45 45 73 72
22 22 27 22 17 6 5 11 16 23 26 23 23 20 20 20 12 21 16 12 5 3 3 3 3 3 2 2 2 2 1 1 0 0 0 0 0 0 0 1 1 2 5 4 3 5 4 11 11 14 14 3 10 2 4 3 4 8 11 26 46 59 36 54 32 17 16 14 11 18 18 5 5 10 15 18 21 9 6 2 1 1 2 3 10 4 6 12 32 38 39 33 22 68 47 56
37 51 35 12 20 8 12 14 33 31 28 28 31 47 45 27 26 22 11 18 7 5 2 7 7 3 3 2 6 1 1 0 0 0 0 0 0 0 0 1 2 4 6 2 3 5 6 10 9 7 5 3 5 2 4 2 6 16 23 37 31 28 42 56 20 11 8 8 14 11 9 5 3 7 7 22 19 10 5 2 1 1 2 7 17 21 18 18 29 26 24 48 52 63 41 21
56 69 33 30 38 16 12 37 40 53 24 37 49 40 58 37 18 10 23 16 11 8 2 11 3 2 4 6 2 1 1 1 1 1 1 1 1 0 0 0 1 2 1 1 2 6 20 17 11 6 4 2 2 3 5 8 16 11 8 13 19 30 36 54 27 14 12 9 6 4 5 6 3 5 12 10 7 12 6 2 1 3 9 7 15 35 38 45 45 46 28 38 36 38 41 16
46 68 35 34 47 22 19 53 49 54 20 40 64 48 63 31 25 24 32 30 18 6 6 3 3 7 15 2 1 2 1 2 2 1 1 1 1 1 0 0 0 0 1 1 4 14 17 7 16 3 3 1 4 5 7 5 4 3 11 14 15 39 42 35 17 47 46 31 16 13 7 5 2 4 5 4 6 6 2 1 1 6 18 29 29 39 51 47 42 40 41 49 18 7 32 22
65 41 41 36 48 23 24 54 74 53 16 51 72 62 63 61 34 45 58 35 18 6 13 6 12 14 2 2 3 3 2 2 3 1 2 1 1 1 1 0 1 0 1 2 12 7 11 2 3 7 2 2 7 6 8 7 5 11 34 43 38 36 67 34 45 30 35 35 14 8 6 5 2 1 2 5 2 4 1 0 2 6 7 18 23 12 23 10 10 13 8 63 43 20 15 8
83 68 45 36 44 25 38 58 83 44 26 40 68 70 72 42 34 76 40 9 10 25 20 13 17 6 4 4 6 6 3 3 3 3 1 2 1 2 1 1 1 0 0 0 3 3 3 1 1 1 1 2 4 9 8 17 23 24 20 33 50 50 31 49 40 38 13 23 40 13 5 2 2 1 2 2 1 2 1 1 3 7 9 11 10 5 8 16 28 49 64 81 53 19 11 5
76 77 48 49 54 32 40 64 76 49 30 50 84 84 51 61 40 41 14 9 17 44 51 30 17 15 7 6 8 5 4 9 5 1 1 3 2 3 3 1 1 1 0 0 0 0 0 0 1 2 5 5 10 13 15 23 20 17 39 61 66 61 42 51 10 65 46 10 8 29 26 13 6 2 0 1 1 1 1 1 3 3 4 8 6 8 29 36 32 28 38 64 29 16 10 4
76 66 47 58 55 51 39 66 75 51 39 52 84 75 57 47 24 14 4 17 38 48 33 12 8 3 3 15 11 6 8 8 4 1 2 3 4 4 3 1 1 1 1 1 1 0 0 0 1 2 4 4 8 10 9 12 18 34 28 76 60 28 24 72 41 19 53 18 7 4 9 9 12 10 3 1 1 1 0 1 3 4 3 4 8 17 28 34 28 40 29 40 34 21 9 3
77 66 41 62 58 55 52 51 61 43 37 52 65 33 34 27 12 15 11 23 50 23 16 15 6 6 4 20 16 8 19 9 3 4 3 5 5 10 6 2 2 1 2 1 1 0 0 0 1 1 1 2 8 8 15 23 12 36 45 68 16 6 26 69 27 25 14 40 13 2 3 4 8 7 6 4 1 0 0 1 2 3 4 4 5 14 42 22 14 53 24 22 27 7 4 3
51 48 44 62 60 43 62 49 74 77 65 53 46 39 51 48 35 41 21 29 44 25 20 15 9 7 7 26 22 12 23 9 6 6 5 9 9 8 2 3 5 3 2 1 0 0 0 0 1 1 1 3 9 9 9 14 9 20 51 22 13 7 41 65 39 8 5 7 20 7 3 2 3 2 7 3 1 0 0 0 1 3 5 4 14 29 49 21 17 45 17 6 9 14 3 1
62 34 65 73 65 70 68 84 78 89 88 83 45 67 67 64 61 30 27 47 42 25 19 10 11 17 9 28 27 26 17 12 9 10 11 16 23 10 5 4 12 7 1 0 0 0 0 0 1 1 4 5 6 8 4 5 14 39 54 14 8 9 19 57 48 22 6 2 12 12 6 2 2 2 10 2 1 0 0 1 2 4 5 8 11 9 10 8 13 12 20 12 12 9 2 0
52 46 56 67 80 82 86 88 76 75 78 80 83 74 45 45 40 32 33 30 18 25 19 22 32 23 23 54 38 52 23 20 17 20 22 35 36 11 11 9 13 4 2 1 1 1 1 0 0 2 2 3 4 2 3 7 16 32 22 18 7 6 8 62 25 18 15 1 7 17 10 2 1 2 2 5 1 0 0 1 2 4 9 13 11 7 7 4 7 7 8 6 4 1 1 1
66 59 40 42 58 68 79 58 52 49 62 64 64 74 48 43 48 61 48 34 31 36 29 42 59 43 32 60 55 45 27 37 25 34 28 42 26 17 21 7 3 2 3 3 2 2 1 0 0 1 2 2 2 4 4 2 9 10 12 38 10 9 15 30 19 2 11 4 4 6 5 4 2 1 1 15 1 0 0 1 2 4 3 14 7 5 6 4 4 2 2 1 1 1 2 5
71 74 49 31 56 52 56 67 49 60 68 52 63 78 82 66 79 70 52 43 55 52 54 51 60 47 39 67 65 36 45 43 40 43 51 52 32 20 6 2 2 4 3 3 4 2 2 0 0 0 1 2 2 4 5 3 8 10 5 9 9 8 12 23 30 3 6 5 3 9 5 2 3 1 1 2 1 0 0 1 2 3 6 14 5 5 4 3 5 1 1 1 1 2 4 7
53 67 79 48 30 34 58 57 76 45 41 38 72 52 61 91 88 48 67 66 65 62 63 56 58 51 51 74 63 52 51 47 50 67 65 30 10 7 10 7 9 8 6 4 6 6 3 1 0 0 0 3 2 1 5 4 9 7 5 5 6 4 5 10 37 3 2 4 2 2 3 2 1 1 1 1 0 0 0 1 1 2 12 6 2 1 2 2 2 0 0 1 1 3 6 6
76 75 76 79 46 18 23 67 66 60 17 21 35 50 77 84 67 88 88 70 62 78 73 44 63 54 71 63 62 56 59 49 63 77 76 36 26 17 24 21 29 26 11 11 13 4 2 0 0 0 0 0 0 1 4 4 8 8 4 3 3 1 0 3 14 5 2 2 2 2 2 3 1 1 1 1 0 0 0 1 1 2 3 2 1 1 1 1 0 1 1 2 4 7 5 6
62 47 52 84 45 38 32 34 34 41 30 7 28 75 84 81 62 56 82 63 75 78 66 50 72 68 80 75 69 76 59 58 59 54 56 36 32 37 33 34 10 9 22 35 5 3 2 1 0 0 0 0 0 0 1 5 6 11 3 3 3 1 1 7 14 4 3 2 2 2 2 2 1 1 1 1 0 0 0 1 1 2 2 1 1 0 0 1 1 3 4 5 6 7 4 5
33 52 50 80 81 29 37 23 26 23 27 15 32 45 51 57 72 83 66 29 62 31 71 81 92 86 82 60 75 58 69 54 49 28 66 60 60 46 22 18 5 1 25 18 10 5 4 2 1 1 1 1 0 0 0 1 1 3 1 2 2 1 1 3 6 7 3 2 2 0 1 1 1 0 0 0 0 0 0 0 1 1 1 1 0 1 2 2 4 3 4 10 9 6 6 5
22 30 43 46 76 73 42 20 20 19 18 16 27 49 64 70 36 74 73 35 66 59 36 51 72 52 71 46 66 30 19 44 31 29 44 81 62 39 22 57 20 18 21 17 18 6 3 2 3 3 2 1 0 0 0 0 0 0 0 1 1 1 2 4 3 7 4 2 1 1 1 1 1 0 0 0 0 0 0 0 0 0 1 0 0 1 1 2 4 4 5 5 21 9 6 3
11 18 29 8 42 84 42 24 12 9 15 17 15 24 32 49 54 72 49 53 67 47 18 47 66 49 48 41 45 65 50 50 44 24 29 69 78 84 80 72 52 34 32 39 25 9 6 4 8 2 1 1 1 1 1 0 0 0 0 0 0 1 1 3 4 4 3 2 1 1 1 0 0 0 0 0 0 0 0 0 0 0 0 0 0 0 0 2 4 2 3 7 9 8 5 10
21 12 22 45 39 57 81 38 33 11 6 7 9 12 35 27 52 71 14 24 73 67 29 17 74 79 54 36 49 57 27 23 29 19 16 40 59 62 55 25 37 38 18 25 25 22 26 19 7 1 3 3 3 3 2 3 3 1 0 0 0 0 0 1 1 4 2 1 1 1 1 0 0 0 0 0 0 0 0 0 0 0 0 1 1 1 1 1 2 3 3 4 7 9 15 15
27 11 8 31 49 58 82 64 29 22 11 8 8 11 10 8 30 21 17 56 88 40 21 12 17 59 31 35 30 49 44 28 31 27 22 60 43 22 17 11 15 7 6 46 23 38 48 33 12 7 11 6 5 3 2 1 1 1 0 0 0 0 0 0 0 1 2 1 1 1 0 0 0 0 0 0 0 0 0 0 0 0 0 0 1 2 2 2 4 4 4 7 8 10 8 21
46 31 20 13 14 18 33 62 32 35 15 7 5 8 13 6 19 11 34 32 80 36 22 18 9 19 19 27 10 38 43 19 17 18 24 39 35 11 7 10 9 6 7 13 28 21 16 7 8 8 5 5 4 4 4 1 1 1 0 0 0 0 0 0 0 1 1 1 1 0 0 0 0 0 0 0 0 0 0 0 0 0 1 1 0 0 2 8 3 6 8 10 14 13 18 26
22 21 37 12 11 33 35 60 63 38 25 8 5 4 5 7 11 13 15 31 67 78 47 22 7 6 14 3 8 30 43 20 13 15 10 11 13 8 6 8 7 5 5 7 30 17 17 7 4 2 3 1 1 1 2 1 0 1 0 0 0 0 0 0 0 0 1 0 0 0 0 0 0 0 0 0 0 0 0 0 0 0 0 0 0 1 4 6 8 10 12 10 13 20 18 33
38 30 10 7 7 16 26 39 59 32 17 11 4 2 3 7 3 5 18 64 53 64 49 35 15 4 18 15 4 5 21 12 14 11 3 4 6 16 5 4 5 3 3 5 12 17 21 9 4 3 2 1 0 0 1 1 0 1 1 0 0 0 0 0 0 0 0 0 0 0 0 0 0 0 0 0 0 0 0 0 0 0 0 1 1 2 2 7 4 4 3 4 9 18 19 12
51 42 15 6 2 15 13 22 44 41 12 10 4 3 4 5 2 12 34 58 22 33 48 17 11 9 5 8 11 2 9 15 7 7 3 5 5 3 4 3 6 4 1 2 4 12 21 12 8 4 3 1 1 0 0 0 0 1 1 0 0 0 0 0 0 0 0 0 0 0 0 0 0 0 0 0 0 0 0 0 0 0 0 1 1 1 3 3 3 2 2 5 8 10 9 12
53 42 21 15 4 4 10 16 56 13 13 6 3 3 2 3 3 9 36 20 3 16 70 16 9 9 4 5 5 9 7 5 4 3 4 2 2 1 1 3 6 2 1 1 2 5 18 10 11 4 2 1 1 0 0 0 0 0 0 0 0 0 0 0 0 0 0 0 0 0 0 0 0 0 0 0 0 0 0 0 0 0 1 1 1 1 4 4 3 3 5 4 6 10 12 7
48 39 20 9 8 4 9 10 41 15 4 9 5 2 2 2 2 13 14 7 23 34 57 35 12 5 7 11 3 11 7 5 5 2 4 2 2 2 0 2 1 1 1 4 8 11 14 11 20 13 7 3 1 0 0 0 0 0 0 0 0 0 0 0 0 0 0 0 0 0 0 0 0 0 0 0 0 0 0 0 0 0 0 0 1 1 2 3 4 5 7 5 8 4 11 15
38 25 14 8 7 6 3 6 14 35 9 3 5 2 2 1 2 6 6 9 8 19 50 31 12 14 4 5 6 12 5 3 3 3 1 1 2 2 1 1 0 0 1 12 5 4 11 6 13 13 13 4 2 1 0 0 0 0 0 0 0 0 0 0 0 0 0 0 0 0 0 0 0 0 0 0 0 0 0 0 0 0 1 0 1 1 1 3 3 3 4 12 8 11 21 15
32 29 11 7 6 5 4 5 6 16 16 3 2 2 2 2 2 2 4 6 8 20 59 27 16 7 10 4 4 8 4 1 2 1 2 1 1 1 1 0 0 1 4 11 1 4 6 3 10 8 7 6 3 2 1 1 0 0 0 0 0 0 0 0 0 0 0 0 0 0 0 0 0 0 0 0 0 0 0 0 0 0 0 0 0 1 1 1 2 4 3 6 6 3 7 11
76 49 25 6 3 4 3 4 5 10 16 6 4 2 2 1 1 2 2 2 9 11 36 22 8 5 4 5 3 2 4 1 1 1 1 1 1 1 0 0 2 2 4 1 1 3 2 3 4 7 9 8 10 4 2 1 1 0 0 0 0 0 0 0 0 0 0 0 0 0 0 0 0 0 0 0 0 0 0 0 0 0 0 0 0 0 0 0 1 2 4 8 5 5 7 2
31 69 44 19 6 3 2 3 4 5 23 8 3 2 1 1 1 1 1 2 4 8 22 27 7 3 2 2 3 3 2 3 2 1 1 1 1 0 0 1 2 6 2 1 2 2 2 2 4 7 3 3 4 5 3 2 1 0 0 0 0 0 0 0 0 0 0 0 0 0 0 0 0 0 0 0 0 0 0 0 0 0 0 0 0 0 1 1 1 2 3 5 3 4 5 9
9 68 14 49 22 11 2 2 2 6 13 5 3 1 1 1 0 0 1 2 5 12 11 22 12 5 3 2 2 2 2 3 2 1 1 1 0 0 0 0 2 2 2 1 1 2 1 1 4 7 3 2 2 2 8 3 2 1 0 0 0 0 0 0 0 0 0 0 0 0 0 0 0 0 0 0 0 0 0 0 0 0 0 0 0 1 0 0 1 2 2 1 2 4 6 7
19 20 10 36 17 16 6 1 1 2 6 5 2 1 1 0 0 0 1 3 1 2 18 19 21 12 7 5 1 1 1 1 1 1 0 0 0 0 0 0 2 1 1 0 0 2 1 1 6 6 3 1 0 0 4 2 2 1 0 0 0 0 0 0 0 0 0 0 0 0 0 0 0 0 0 0 0 0 0 0 0 1 0 1 1 1 0 0 1 1 1 2 5 6 9 10
19 15 12 9 11 4 16 3 1 1 2 3 2 1 0 0 0 1 1 1 3 13 23 24 26 12 6 3 2 1 1 1 1 1 1 0 0 0 0 1 1 1 0 0 1 3 2 2 8 7 6 1 0 0 1 0 1 1 0 0 0 0 0 0 0 0 0 0 0 0 0 0 0 0 0 0 0 0 1 0 1 1 1 1 1 1 0 1 1 1 1 2 2 2 3 5
16 9 13 7 8 2 4 7 1 0 1 2 2 1 0 0 0 0 1 2 9 9 18 13 16 18 4 2 2 1 1 1 1 0 0 0 0 0 0 1 1 0 0 0 0 1 1 1 4 7 3 1 1 0 0 0 0 0 0 0 0 0 0 0 0 0 0 0 0 0 0 0 0 0 0 0 0 0 0 1 1 1 1 2 1 1 1 3 2 1 1 1 1 4 5 7
10 13 16 7 3 2 2 2 1 0 1 1 2 0 0 0 0 1 2 7 4 2 9 9 7 11 5 2 2 1 1 0 0 0 0 0 0 0 1 1 0 0 0 0 0 1 0 1 5 1 2 1 1 0 0 0 0 0 0 0 0 0 0 0 0 0 0 0 0 0 0 0 0 0 0 0 0 1 1 1 2 3 3 4 4 3 4 3 2 2 1 2 1 2 5 5
4 3 5 5 2 2 1 1 1 1 0 0 1 0 0 0 0 1 2 2 3 2 5 14 2 3 2 3 1 1 1 0 0 0 0 0 0 0 1 0 0 0 0 0 0 1 1 6 10 1 0 2 0 0 0 0 0 0 0 0 0 0 0 0 0 0 0 0 0 0 0 0 0 0 0 0 0 0 0 1 1 1 2 3 6 4 6 6 4 4 2 2 4 4 3 4
1 1 1 2 1 1 1 1 1 1 0 0 0 0 0 0 0 0 1 1 2 1 1 2 2 2 1 1 1 0 0 0 0 0 0 0 0 0 0 0 0 0 0 0 0 1 2 1 5 1 0 1 1 0 0 0 0 0 0 0 0 0 0 0 0 0 0 0 0 0 0 0 0 0 0 0 0 0 0 0 1 1 1 1 5 6 10 12 7 11 8 8 7 6 5 13
