sesion_6_simulaciones/modelos_agentes/ejemplos_netlogo/scenarios/echam4_b2/rob_2053.asc
NCOLS 322 
NROWS 307 
XLLCORNER 451900 
YLLCORNER 4086900 
CELLSIZE 100 
NODATA_value -9999 
[rows 222 to 295 of 307, columns 0 to 95 of 322]
6 12 20 33 28 21 33 28 5 16 17 18 38 15 13 7 7 3 3 5 12 22 26 31 20 17 15 29 47 20 14 37 47 20 43 33 19 20 27 58 25 26 42 51 44 69 49 57 61 83 81 55 41 43 40 23 32 50 32 40 47 32 23 45 29 36 18 22 14 11 9 6 2 1 1 1 0 0 0 0 0 0 0 0 0 0 1 3 3 2 1 1 3 5 12 6
12 21 15 11 13 22 25 35 21 10 10 22 26 13 6 6 7 14 17 17 21 30 19 55 33 29 25 25 27 31 18 32 25 26 53 12 13 22 27 55 44 38 32 52 22 14 27 18 20 64 73 56 57 39 32 34 20 23 38 43 34 49 24 26 39 21 18 18 20 9 3 3 2 1 0 0 0 0 0 0 0 0 0 0 0 0 1 2 6 5 2 3 6 7 2 1
14 36 45 64 40 41 33 38 25 27 36 50 22 16 12 19 16 28 14 14 53 12 26 29 26 19 16 48 28 27 23 27 20 36 26 17 25 30 23 45 42 36 34 74 69 59 50 49 44 22 31 48 35 30 22 22 21 31 30 32 33 35 20 48 46 26 16 11 9 4 2 2 1 1 1 0 0 0 0 0 0 0 0 0 1 1 1 3 11 11 5 7 11 8 2 1
25 39 39 60 59 64 29 21 13 44 43 31 18 12 14 19 5 3 2 31 17 21 49 32 21 29 25 27 20 13 20 18 27 7 12 33 20 38 20 50 33 44 55 45 44 65 51 68 69 44 26 31 21 30 15 17 21 34 25 22 30 18 13 10 15 12 7 6 3 2 2 1 1 1 0 0 0 0 0 0 0 0 0 1 1 3 5 6 22 22 19 20 6 4 2 2
6 14 18 14 26 74 48 8 30 33 46 19 30 25 5 3 2 1 10 42 11 32 42 37 22 28 16 7 19 12 19 43 25 13 19 23 35 44 20 32 50 66 68 35 49 58 60 34 68 80 34 28 12 17 17 26 21 18 19 13 9 7 10 5 4 7 9 4 2 1 1 0 1 0 0 0 0 0 0 0 0 0 1 1 1 3 11 19 28 39 19 8 6 2 2 1
15 12 20 22 28 27 15 13 15 23 39 41 46 11 2 2 12 18 39 54 20 24 36 46 31 20 23 11 14 20 7 22 49 13 11 11 21 24 65 76 38 36 28 65 41 45 68 49 42 20 34 41 34 30 28 29 31 17 16 12 10 4 5 3 3 4 3 1 1 1 1 0 0 0 0 0 0 0 0 0 0 0 1 2 1 3 15 42 31 4 3 1 2 2 1 1
14 16 18 36 26 21 26 25 16 37 32 26 23 9 14 32 38 43 43 55 20 26 29 34 9 6 21 5 16 23 6 5 18 22 10 26 16 11 52 71 60 32 53 38 83 57 34 39 39 36 25 49 45 42 43 37 18 18 8 4 4 1 0 1 2 2 2 1 1 0 0 0 0 0 0 0 0 0 0 0 1 1 1 2 4 8 12 44 20 6 5 3 2 2 1 1
4 13 29 21 21 20 35 31 27 27 28 40 25 28 26 45 36 20 44 39 23 18 14 13 5 20 6 3 16 15 5 7 9 13 32 44 32 20 14 30 43 24 19 16 42 79 58 37 34 35 30 30 30 42 50 45 21 14 4 3 1 1 1 4 4 2 0 0 1 0 0 0 0 0 0 0 0 0 0 1 2 2 4 3 11 19 21 26 11 6 7 11 3 2 1 1
14 19 17 24 30 25 43 26 32 25 15 27 19 38 24 43 37 28 22 35 7 10 10 8 9 3 6 9 7 11 4 8 7 9 14 32 25 49 26 9 26 50 38 43 58 30 38 27 21 24 20 20 32 31 27 28 29 16 13 4 4 3 2 2 3 1 0 0 0 0 0 0 0 0 0 0 0 1 1 1 4 3 8 6 6 31 56 28 14 16 20 11 3 2 1 0
7 16 18 34 20 20 27 54 14 30 16 16 22 28 19 36 29 18 14 16 8 7 6 8 5 4 4 5 3 4 3 5 23 14 11 10 43 20 30 24 10 20 64 74 80 51 25 15 31 35 34 15 23 30 22 22 16 5 7 9 4 2 1 2 1 1 1 0 0 0 0 0 0 0 0 0 1 2 3 5 9 10 12 6 4 15 47 20 12 30 21 6 3 2 1 1
5 5 20 23 18 20 16 29 14 19 15 15 18 27 18 14 28 6 8 8 2 5 1 3 2 5 2 2 3 2 5 7 9 34 19 20 14 18 26 11 20 17 17 36 38 28 27 17 31 23 34 20 19 17 16 28 11 7 2 2 2 1 0 1 0 1 1 0 0 0 0 0 0 0 0 1 1 3 7 13 20 32 18 11 7 9 23 27 28 22 8 4 2 1 2 1
2 4 13 12 9 29 22 16 17 15 19 18 9 23 12 9 10 4 4 4 5 1 1 1 2 2 1 2 4 2 3 3 3 4 3 12 7 10 12 9 16 29 56 36 34 17 21 8 12 13 20 16 15 18 20 11 8 3 1 0 2 3 1 2 1 1 1 1 0 0 0 0 0 1 1 1 2 8 9 24 44 39 28 28 13 15 50 54 36 15 11 5 3 4 3 1
2 1 2 7 6 17 28 31 42 8 12 16 3 10 4 6 11 3 3 3 3 3 1 1 3 1 0 3 5 11 12 3 6 6 15 21 22 26 21 30 41 44 50 60 57 56 57 28 30 44 31 17 15 11 9 8 3 1 1 2 2 4 4 2 1 1 0 0 0 0 0 1 1 1 2 1 3 10 15 28 30 52 43 45 32 62 42 42 23 26 20 14 8 4 3 1
0 1 2 3 4 9 8 13 7 15 13 7 2 3 2 1 5 1 1 1 0 2 1 3 1 1 1 3 6 4 31 43 31 26 51 30 36 23 32 28 45 54 49 70 43 29 29 8 17 33 44 29 15 8 7 6 6 5 10 5 2 3 2 2 1 0 0 0 0 0 1 1 3 1 4 2 2 6 20 33 61 50 54 49 65 47 48 44 18 18 38 23 14 5 3 4
0 1 1 1 2 5 7 8 6 7 5 5 1 2 1 2 2 1 0 0 0 0 1 0 1 1 5 8 7 4 8 24 67 41 60 84 82 63 65 53 25 66 71 62 76 62 63 38 32 37 30 24 25 10 9 19 16 8 6 3 3 5 3 1 0 0 0 0 0 0 0 1 4 6 5 3 5 3 11 14 56 72 68 35 30 77 43 46 41 43 23 23 15 11 5 5
0 0 0 1 1 4 2 9 7 9 2 1 1 0 1 1 1 16 0 1 10 6 2 1 1 1 1 2 3 5 8 8 15 65 47 80 84 79 79 69 61 36 76 78 80 58 70 45 32 32 18 16 7 9 3 3 5 5 5 2 2 1 0 0 0 0 0 0 0 0 1 1 3 7 9 5 6 9 12 13 44 69 61 25 60 60 47 66 64 38 37 28 21 11 16 11
0 0 0 1 4 1 2 4 5 5 2 1 1 0 0 0 0 0 2 3 4 12 9 2 1 1 1 2 3 6 6 12 14 19 14 48 86 57 79 47 56 54 53 71 67 60 41 23 51 42 29 23 26 20 11 6 4 3 2 2 1 0 0 0 0 0 0 0 0 0 1 2 4 10 24 12 9 13 26 30 55 71 44 39 59 26 14 25 36 16 14 25 16 16 9 3
0 0 0 0 0 1 1 2 2 1 1 1 0 0 0 0 0 0 0 2 2 1 16 8 1 0 2 7 5 7 11 7 14 27 15 21 55 68 68 65 64 54 60 52 56 67 61 35 16 37 33 29 22 24 18 6 4 2 2 1 1 0 0 1 0 0 0 0 0 1 1 2 5 7 21 30 14 14 17 53 60 82 37 41 69 30 30 26 17 11 9 15 14 8 2 1
0 0 0 0 0 0 1 1 1 1 1 0 0 0 0 0 0 0 1 4 1 1 1 6 8 1 3 7 10 11 22 16 22 35 30 26 24 60 46 54 28 36 26 38 39 39 13 41 25 22 28 17 14 18 15 12 8 5 3 4 2 1 1 0 0 0 0 0 1 2 3 4 6 9 10 35 49 25 45 42 74 67 59 76 33 37 39 33 38 35 19 18 15 7 3 1
0 0 0 0 0 0 0 0 0 0 0 0 0 0 0 0 0 1 2 1 1 0 1 11 5 4 4 2 1 5 10 14 22 26 31 40 21 22 25 19 32 21 10 12 20 30 25 31 15 14 19 15 12 8 8 7 5 3 2 2 1 0 0 0 0 0 0 1 2 2 3 5 9 8 13 15 68 24 27 63 74 54 62 70 62 53 39 65 57 18 18 11 6 2 1 1
0 0 0 0 0 0 0 0 0 0 0 0 0 0 0 0 0 1 3 3 1 1 1 3 3 3 3 9 2 10 25 16 17 28 28 44 40 24 18 10 10 17 23 21 32 31 22 12 13 18 14 11 8 9 6 6 5 2 1 1 1 0 0 0 0 0 1 2 2 3 7 3 2 11 41 35 64 43 45 65 73 68 53 61 46 31 30 54 41 30 11 7 4 2 1 0
0 0 0 0 0 0 0 0 0 0 0 0 2 2 5 3 1 0 1 1 1 2 2 5 14 9 8 8 9 9 18 24 26 34 31 44 44 61 45 19 21 13 14 14 16 14 16 9 6 11 9 12 11 8 4 3 2 1 1 1 0 0 0 0 0 1 2 2 3 5 8 9 5 14 35 25 55 72 50 64 66 70 69 67 47 57 39 42 38 28 15 10 4 2 1 1
0 0 0 0 0 0 0 0 0 0 0 0 0 0 1 6 1 0 0 1 1 2 2 3 2 4 13 27 34 26 25 27 35 47 46 41 47 56 64 60 30 22 22 26 27 16 9 11 16 11 16 16 6 4 6 3 4 2 1 1 0 0 0 0 0 1 2 6 10 13 11 13 8 16 57 32 15 60 85 62 70 72 65 57 45 33 11 27 36 25 11 4 4 3 4 3
0 0 0 0 0 0 0 0 0 0 1 1 0 0 0 0 0 0 1 1 1 4 2 3 7 6 2 10 12 41 49 48 55 64 52 38 55 68 72 61 36 34 29 38 36 39 19 34 18 9 4 4 6 6 2 2 1 1 0 1 1 0 0 1 1 2 4 10 16 19 20 25 18 24 51 62 22 51 68 61 60 41 31 19 26 37 18 21 22 13 9 6 6 4 3 3
0 0 0 0 0 0 0 0 0 0 0 0 0 1 1 0 0 1 0 2 3 2 2 5 3 10 6 2 3 30 23 64 80 59 57 60 49 53 66 66 60 63 48 31 43 53 26 26 20 10 9 8 4 5 3 1 2 2 2 1 1 0 1 1 2 2 4 13 17 32 27 41 21 21 46 66 55 36 70 43 31 19 33 24 24 11 9 14 26 22 9 8 8 7 4 1
0 0 0 0 0 0 0 0 0 0 0 0 0 0 0 0 1 2 1 2 1 2 3 3 3 7 14 6 5 5 8 7 47 51 44 42 33 55 49 36 33 24 21 19 29 46 24 20 17 14 10 6 3 2 1 2 3 2 1 1 0 0 0 1 2 5 10 13 15 25 55 37 46 21 25 59 52 75 46 31 37 25 25 26 33 15 20 23 17 8 9 14 17 8 5 1
0 0 0 0 0 0 0 0 0 0 0 1 0 0 0 1 1 2 2 1 1 1 1 2 2 4 8 8 19 21 11 22 27 18 9 20 30 40 25 33 19 19 10 16 17 19 18 24 10 8 7 6 6 4 1 2 2 3 2 1 0 0 0 1 1 4 4 5 8 10 27 56 69 26 16 44 32 68 30 44 26 26 17 29 32 28 23 11 19 15 16 21 9 5 3 1
0 0 0 0 0 0 0 0 0 0 0 1 0 0 1 1 2 1 4 1 1 1 1 2 5 5 18 19 9 9 8 10 25 33 23 20 39 46 40 35 38 31 48 39 22 20 21 22 18 11 4 6 4 3 3 3 2 1 1 0 0 0 0 1 2 4 7 16 14 8 16 25 48 58 34 30 64 51 42 35 18 33 34 25 13 28 31 24 32 35 16 13 5 3 2 2
0 0 0 0 0 0 0 0 0 0 0 0 0 0 1 1 3 1 2 1 1 2 2 3 29 40 25 11 28 41 36 21 36 37 32 31 42 57 48 45 53 41 31 31 28 25 37 40 22 14 14 9 13 10 6 2 1 1 1 0 0 0 0 1 4 6 13 24 26 16 11 14 33 55 63 36 72 50 51 52 45 29 38 45 38 34 45 34 26 32 32 12 10 5 2 2
0 0 0 0 0 0 0 0 0 0 0 0 0 0 2 2 5 3 1 3 2 2 4 8 25 49 47 23 12 22 26 25 16 19 29 24 27 38 35 60 68 42 47 45 55 48 40 41 25 18 20 24 13 6 6 4 3 1 1 0 0 1 1 3 5 11 28 27 18 19 18 27 32 28 20 71 72 50 42 40 30 37 56 49 51 58 52 58 43 34 15 9 7 6 3 2
0 0 0 0 0 0 0 0 0 1 5 1 0 1 3 1 1 1 1 1 2 3 6 30 34 13 33 30 25 41 43 33 18 12 16 17 31 40 52 50 40 41 71 64 69 59 38 23 17 14 6 11 12 5 4 3 2 1 1 0 0 1 1 3 8 15 28 30 28 38 35 32 58 60 48 50 67 58 33 39 42 55 54 36 48 49 46 34 41 18 10 7 10 6 4 3
0 0 0 0 0 0 0 1 4 2 8 6 1 1 3 1 1 0 0 1 1 2 3 20 6 8 22 45 46 63 82 38 52 34 21 12 24 66 53 55 65 20 24 12 17 33 19 27 15 15 12 12 10 8 3 2 2 1 1 0 0 1 1 4 13 30 28 29 21 56 75 30 62 76 76 60 47 47 43 28 39 38 44 61 51 45 30 28 29 23 21 21 14 9 4 1
0 0 0 0 0 0 0 0 0 1 0 0 1 2 2 2 3 1 1 1 1 1 5 11 3 2 3 29 29 24 43 78 48 59 54 50 49 49 42 45 56 56 44 50 48 30 33 42 25 22 18 9 6 5 4 3 2 2 2 1 1 2 6 9 17 25 32 30 27 23 53 75 43 65 73 72 58 35 54 43 58 61 44 35 47 44 31 24 25 42 30 22 10 5 4 1
0 0 0 0 0 0 0 0 1 1 1 1 1 1 1 2 4 1 0 2 3 2 5 19 5 1 6 4 15 25 11 21 56 47 63 61 40 14 15 15 34 39 37 46 58 59 40 22 35 27 15 18 15 7 4 6 3 2 2 1 1 4 10 18 33 42 30 26 56 48 34 29 68 73 58 72 52 49 72 70 29 28 31 40 39 30 44 32 33 19 16 8 4 4 2 1
0 0 0 0 0 0 0 0 0 0 1 1 0 1 1 1 2 0 0 1 1 7 7 21 14 4 6 10 17 15 14 6 6 13 16 16 17 16 16 12 9 17 16 22 45 46 30 44 38 32 27 19 15 11 10 7 6 2 2 0 2 5 11 29 41 43 34 46 46 69 52 48 31 30 49 53 71 62 41 47 42 56 52 60 51 42 53 45 22 12 10 8 4 1 2 2
0 0 0 0 0 0 0 0 0 0 0 0 0 1 1 2 2 0 0 1 1 7 12 17 6 1 7 17 11 23 26 9 32 40 45 41 37 33 34 17 14 17 49 57 58 38 44 38 39 39 33 23 18 14 10 9 5 3 1 0 1 5 20 36 34 54 40 51 52 42 82 60 46 34 19 65 48 65 54 54 58 72 71 63 52 61 45 35 18 13 9 7 3 2 3 4
0 0 0 0 0 0 0 0 0 0 0 1 5 6 4 9 5 1 0 0 4 6 12 11 7 16 3 15 16 27 16 34 34 24 29 33 28 29 15 26 52 62 38 39 32 44 37 33 43 34 38 29 20 16 11 11 4 3 1 1 1 3 10 34 66 58 40 56 50 42 38 54 64 20 13 29 71 77 75 65 63 63 65 70 63 44 47 29 40 19 9 6 2 4 2 11
0 0 0 0 0 0 0 0 0 0 1 1 3 6 7 1 1 0 0 2 4 5 10 19 19 8 11 14 11 12 17 59 25 25 32 36 37 24 35 39 64 56 55 53 54 55 53 44 55 44 40 29 23 16 14 6 4 3 3 1 2 3 10 25 58 51 64 69 56 71 65 65 60 28 29 46 65 60 65 57 58 56 55 60 49 42 41 43 44 32 11 9 5 7 6 16
0 0 0 0 0 0 0 0 0 1 1 1 1 28 4 1 1 1 1 2 3 4 8 5 4 4 24 6 14 11 33 24 36 43 34 36 37 41 52 47 37 54 58 66 63 65 56 63 55 31 26 23 19 20 18 8 5 4 3 1 2 4 11 23 47 44 42 60 76 61 75 63 62 30 52 58 63 64 48 46 53 54 43 37 37 38 36 33 28 27 22 15 6 13 17 18
0 0 0 0 0 0 0 0 0 1 1 1 0 2 1 0 1 1 2 2 2 8 10 4 3 11 6 10 18 37 45 39 36 40 31 35 49 50 56 51 56 70 71 56 51 66 67 63 45 39 31 27 20 14 11 14 11 5 2 1 2 7 13 25 35 47 40 45 68 82 73 66 55 80 68 44 32 40 50 53 47 52 53 49 36 44 28 42 28 20 21 15 7 16 17 17
0 0 0 0 0 0 0 0 1 0 0 0 0 0 0 0 1 1 1 2 3 3 4 10 9 5 5 20 40 14 12 14 35 31 38 46 50 50 50 51 56 67 54 58 70 65 67 67 42 41 32 26 22 11 12 14 6 6 5 2 2 4 20 34 50 45 43 40 40 42 53 54 56 66 18 37 39 40 35 39 40 40 37 57 49 47 41 37 24 23 21 11 11 21 19 28
0 0 0 0 0 0 0 0 0 0 1 1 0 1 1 0 0 0 0 3 5 3 18 21 6 7 10 21 12 12 15 22 26 25 36 44 47 49 40 69 58 48 49 63 35 54 70 70 64 55 23 22 18 22 20 11 7 8 4 2 1 3 9 28 41 47 76 56 56 53 47 28 43 62 44 49 52 40 40 39 49 44 51 51 49 21 23 18 22 36 23 7 17 33 36 37
0 0 0 0 0 0 0 0 1 1 1 0 0 1 1 1 0 0 0 3 3 12 10 4 5 13 9 8 10 13 20 21 16 24 30 54 35 35 56 47 42 65 72 43 60 61 61 65 52 34 26 34 31 27 23 20 17 11 6 3 1 3 13 21 35 59 73 84 52 60 48 30 31 69 71 36 44 53 57 37 37 43 54 47 34 15 36 31 23 16 9 4 20 37 38 36
0 0 0 0 0 0 0 1 1 1 0 0 0 0 0 0 0 0 1 2 2 3 1 3 10 3 3 7 10 13 29 23 17 27 36 43 37 53 61 60 45 41 46 58 55 60 47 51 46 43 38 47 42 21 23 19 19 9 7 3 2 6 10 25 45 53 69 76 68 66 49 49 56 70 44 36 35 37 47 51 38 70 56 33 40 46 36 27 14 7 5 11 27 39 38 42
0 0 0 0 0 0 0 0 0 0 0 0 0 0 0 1 1 1 2 1 1 1 1 3 3 5 7 11 19 16 17 13 15 22 46 30 67 61 63 36 26 28 38 55 65 59 57 58 59 54 51 44 32 20 16 14 12 11 10 7 4 10 17 33 55 58 51 48 67 78 67 29 42 69 36 40 63 61 59 66 61 47 46 45 47 50 23 24 12 9 10 24 32 37 29 42
0 0 0 0 0 0 0 0 0 0 0 0 0 0 1 1 0 1 3 2 3 3 0 3 4 9 11 12 11 6 12 14 18 23 59 30 19 11 13 29 31 52 64 69 70 64 58 60 45 60 40 35 38 23 23 13 12 12 10 9 6 17 29 34 58 57 50 29 48 67 66 42 55 64 38 23 42 69 69 67 67 39 48 50 46 46 23 18 28 12 25 31 17 42 44 44
0 0 0 0 0 0 0 0 0 0 0 0 0 0 0 0 0 3 1 1 2 3 3 2 7 6 7 11 7 9 18 19 13 59 17 12 30 37 39 39 56 66 59 67 70 73 67 62 48 49 45 43 39 36 29 24 21 14 12 6 13 22 43 70 64 59 46 50 55 57 66 38 44 54 66 44 46 49 65 68 57 61 46 50 49 39 26 9 12 24 26 16 27 34 60 45
0 0 0 0 0 0 0 0 0 0 0 0 0 0 0 0 1 1 1 2 2 3 3 2 5 6 6 8 11 9 17 18 23 20 5 17 22 30 44 77 55 54 66 69 70 71 60 55 48 39 44 43 43 28 33 20 26 24 15 15 19 40 36 58 60 54 47 57 57 48 73 62 44 63 59 47 52 54 53 53 61 51 41 40 44 29 16 5 11 34 18 29 38 37 60 41
0 0 0 0 0 0 0 0 0 0 0 0 0 0 0 0 1 0 0 3 9 4 1 2 9 5 10 10 5 7 25 54 26 4 8 26 20 49 59 57 56 67 68 51 58 60 60 60 45 49 46 46 45 40 38 34 30 27 18 19 22 26 34 39 59 72 57 73 72 57 49 45 52 55 65 65 48 45 39 41 47 44 39 44 40 25 11 7 27 30 32 50 56 43 50 38
0 0 0 0 0 0 0 0 0 0 0 0 0 0 0 1 0 1 1 3 2 1 2 4 1 6 6 4 13 15 34 18 5 8 29 12 30 24 38 67 73 53 43 76 70 50 58 61 58 53 50 49 46 43 42 37 33 21 21 25 28 44 31 34 33 56 74 74 69 66 73 69 45 59 43 42 28 35 49 55 42 47 37 47 41 12 8 26 23 35 48 55 48 31 46 44
0 0 0 0 0 0 0 0 0 0 0 0 0 0 0 2 0 0 0 0 1 1 3 1 1 3 2 3 22 16 17 3 5 10 23 41 25 31 50 58 60 50 61 34 50 45 59 71 57 55 55 51 49 45 45 42 26 16 30 43 33 48 43 44 43 52 57 81 58 53 32 57 39 27 27 41 52 42 38 40 41 32 49 40 18 10 19 27 35 32 36 46 59 46 47 44
0 0 0 0 0 0 0 0 0 0 0 0 0 0 0 2 0 0 0 0 2 1 2 0 2 4 2 8 24 10 8 3 6 7 34 44 37 32 37 44 46 57 46 35 43 74 62 58 56 69 58 53 51 48 47 42 27 18 40 46 62 65 49 50 41 54 63 63 72 47 36 27 34 43 37 56 44 46 40 44 34 41 28 19 12 21 34 39 35 51 47 35 35 44 37 31
0 0 0 0 0 0 0 0 0 0 0 0 0 0 1 0 0 0 1 1 1 1 1 1 7 2 2 11 8 6 9 6 15 23 41 31 27 31 27 21 25 47 62 56 62 54 60 62 70 58 57 68 34 49 46 31 17 38 51 51 73 68 50 60 45 35 45 73 68 23 59 31 30 42 47 48 46 48 48 39 34 42 20 24 18 33 39 43 36 39 47 33 33 43 47 37
0 0 0 0 0 0 0 0 0 0 0 0 0 1 0 0 0 1 1 1 1 1 1 1 3 2 3 11 2 3 5 5 17 28 33 31 19 25 22 29 39 47 53 70 51 53 55 73 58 57 72 59 55 53 36 33 19 37 63 62 62 70 54 61 61 44 46 48 72 20 26 55 55 38 40 44 56 47 56 55 40 36 15 14 20 37 47 51 53 50 45 46 32 37 54 43
0 0 0 0 0 0 0 0 0 0 0 0 0 0 0 0 0 0 0 1 0 1 2 1 2 3 3 1 2 3 6 12 20 28 7 5 24 18 25 23 29 43 53 64 65 51 72 51 70 73 56 55 58 54 39 34 21 37 62 66 57 66 45 47 63 40 60 33 49 19 22 51 27 46 48 48 47 54 72 50 48 17 14 20 34 37 45 50 38 26 34 55 26 29 44 60
0 0 0 0 0 0 0 0 0 0 0 0 0 0 0 0 0 0 0 0 0 1 1 1 1 2 2 1 2 2 6 2 12 7 4 12 9 11 15 35 41 47 56 60 52 37 60 68 66 59 63 55 56 55 52 36 35 39 65 76 69 64 55 41 60 56 26 31 58 19 35 36 33 41 41 42 57 34 35 41 19 13 18 35 36 43 52 49 29 32 43 24 15 18 29 58
0 0 0 0 0 0 0 0 0 0 0 0 0 0 0 0 0 0 0 0 0 1 1 0 1 2 1 5 6 5 13 12 11 5 3 5 13 12 15 14 21 45 35 42 56 31 27 28 46 50 62 58 55 55 40 25 41 52 64 64 81 70 46 43 47 52 40 14 35 5 9 16 29 40 48 56 58 57 49 49 24 14 22 35 36 61 64 53 37 34 40 38 33 18 26 43
0 0 0 0 0 0 0 0 0 0 0 0 1 0 0 0 1 0 1 0 1 2 1 1 2 2 2 0 0 1 8 2 3 2 4 10 5 8 10 11 36 35 25 41 26 32 36 48 50 65 55 60 58 42 38 24 39 53 65 64 69 48 46 50 53 24 27 26 28 8 11 15 17 14 37 51 50 50 34 32 15 22 34 35 39 61 54 25 35 46 28 42 21 23 27 46
0 0 0 0 0 0 0 0 0 0 0 0 1 1 0 2 1 0 1 1 2 1 1 1 2 1 0 1 1 2 3 1 1 5 12 8 13 10 13 26 22 28 46 26 31 34 52 49 61 50 52 54 58 40 19 37 43 73 62 62 58 60 44 62 53 27 17 35 15 9 17 33 39 52 57 50 44 22 21 11 16 34 33 36 40 64 61 19 22 42 28 48 23 23 28 63
0 0 0 0 0 0 0 0 0 0 0 0 0 1 0 0 0 0 0 2 1 1 1 0 2 2 0 0 1 3 1 1 2 8 14 6 8 11 18 10 32 30 21 34 31 47 51 62 63 55 66 52 41 41 26 40 44 65 74 52 54 57 35 23 42 37 14 18 18 28 35 25 33 39 31 44 35 25 11 28 23 34 38 53 43 59 62 29 30 31 16 52 26 24 27 42
0 0 0 1 2 1 0 0 0 0 0 0 0 0 1 0 0 0 1 1 1 1 1 0 0 1 0 0 1 3 1 1 15 11 4 4 6 10 13 20 46 32 45 23 35 56 61 47 49 68 59 43 40 40 26 53 65 56 60 66 50 49 48 21 47 41 17 13 15 27 19 24 44 36 42 26 33 33 21 38 37 34 39 51 38 41 46 40 45 28 24 53 24 24 20 35
1 1 1 0 1 5 1 0 0 0 0 0 0 0 0 0 0 1 1 0 0 1 0 0 1 1 0 0 1 2 2 12 5 2 4 5 3 2 15 15 26 15 53 37 43 59 32 43 59 56 44 43 37 37 36 54 60 62 55 62 38 35 37 27 20 32 15 4 11 37 23 35 41 49 40 40 43 41 28 36 37 47 41 47 34 29 39 38 35 30 28 52 24 19 26 33
0 1 1 0 0 0 1 1 0 0 0 0 0 0 0 0 0 1 0 0 0 0 1 0 2 3 1 0 1 2 8 13 4 4 6 1 1 3 7 16 13 22 37 43 43 42 45 45 52 49 41 40 34 37 42 42 53 71 53 42 51 20 26 27 14 9 3 2 2 11 22 49 51 44 34 35 31 15 23 30 34 45 41 48 33 43 51 53 40 34 24 40 38 12 28 35
0 0 0 0 0 0 0 0 0 0 0 0 0 0 0 0 0 1 0 0 0 0 0 0 1 1 0 0 1 1 1 2 4 4 3 4 3 1 23 5 11 8 34 24 48 33 38 28 50 51 34 34 30 30 39 55 50 67 55 46 31 26 19 16 3 2 7 14 10 16 22 37 38 25 25 23 13 19 33 30 32 44 47 27 39 38 48 49 35 33 22 34 36 13 14 40
0 0 0 0 0 0 0 0 0 0 0 0 0 0 0 0 0 0 0 0 0 1 1 1 2 1 0 0 0 1 1 3 4 3 6 4 8 2 22 9 2 10 36 26 39 33 38 50 44 43 38 31 29 51 52 42 54 48 46 20 22 22 9 9 6 5 7 17 15 12 32 41 55 52 45 15 19 20 29 41 48 31 44 28 38 51 46 42 30 34 21 29 37 31 11 21
0 0 0 0 0 0 0 0 0 0 0 0 0 0 0 0 0 0 0 0 2 0 1 1 4 1 0 0 0 2 2 2 3 9 3 5 7 4 43 18 4 15 8 32 29 24 45 25 38 38 26 31 26 47 60 40 40 38 38 33 11 13 9 5 5 3 5 7 11 9 28 40 50 65 34 19 20 30 25 46 43 40 37 36 23 44 44 47 33 37 13 29 22 22 15 11
0 0 0 0 0 0 0 0 0 0 0 0 0 0 0 0 0 1 0 0 0 1 1 2 1 0 0 0 0 1 2 1 2 3 5 9 4 4 20 19 7 17 7 34 21 17 25 16 31 31 37 24 24 34 41 70 25 25 19 14 13 4 5 5 2 3 8 6 11 12 31 39 26 49 25 15 31 29 28 30 43 38 35 30 29 44 40 52 36 30 15 28 25 11 14 8
0 0 0 0 0 0 0 0 0 0 0 0 0 0 0 0 0 0 0 0 0 0 0 0 0 0 0 0 0 0 2 2 3 2 4 5 3 3 3 31 10 13 14 26 6 23 16 26 30 19 27 20 21 20 42 40 37 19 11 5 7 3 2 4 3 3 6 6 15 16 25 35 32 24 19 30 28 29 27 23 29 37 45 30 26 43 42 44 40 21 12 33 20 19 16 6
0 0 0 0 0 0 0 0 0 0 0 0 0 0 0 0 0 0 0 0 0 0 0 0 0 1 1 0 0 0 1 2 3 3 3 3 3 3 2 14 26 20 15 8 6 11 11 24 17 8 24 17 18 15 25 39 27 20 7 2 3 1 1 1 1 2 4 11 18 27 41 30 22 14 32 30 31 43 38 25 22 31 29 35 40 51 24 41 24 15 13 40 18 26 11 6
0 0 0 0 0 0 0 0 0 0 0 0 0 0 0 0 0 0 0 0 0 0 0 1 2 0 0 0 0 0 0 0 1 3 2 1 3 2 2 6 36 23 8 5 6 11 19 7 16 6 11 18 14 28 27 15 11 10 9 2 3 1 1 1 2 6 6 10 17 18 31 32 10 14 23 22 40 29 26 17 17 11 27 35 30 21 29 30 25 13 8 34 16 20 20 5
0 0 0 0 0 0 0 0 0 0 0 0 0 0 0 0 0 0 0 0 0 0 0 0 0 0 1 0 0 0 1 1 0 1 1 1 5 0 0 5 12 14 8 5 4 32 18 7 6 12 18 18 11 22 34 14 18 5 7 4 2 1 2 1 2 2 3 7 22 34 19 12 12 20 18 21 17 20 12 4 12 16 26 22 25 20 30 22 5 13 5 21 22 8 5 6
0 0 0 0 0 0 0 0 0 0 0 0 0 0 0 0 0 0 0 0 0 0 0 0 0 1 0 0 0 0 1 1 1 2 1 1 2 1 1 2 10 9 9 7 7 45 11 10 6 9 14 11 13 33 29 11 13 4 3 2 1 0 0 3 3 3 7 10 36 17 11 12 22 18 17 17 25 25 17 11 14 23 20 27 20 20 15 23 5 7 5 6 22 5 4 5
0 0 0 0 0 0 0 0 0 0 0 0 0 0 0 0 0 0 0 0 0 0 0 1 1 0 0 1 0 0 1 1 2 3 3 2 3 2 2 3 10 13 6 9 3 12 8 17 10 4 5 14 21 17 21 9 8 3 2 2 1 0 1 1 3 6 9 13 16 16 19 16 17 19 27 9 11 25 16 9 18 16 13 23 13 14 5 10 6 4 15 6 9 4 5 4
0 0 0 0 0 0 0 0 0 0 0 0 0 0 0 0 0 0 0 0 0 0 1 1 0 1 1 1 1 1 0 1 1 3 1 3 2 3 3 3 5 5 4 10 2 11 12 15 11 8 9 16 11 8 11 4 5 4 2 1 0 1 1 1 1 4 5 17 25 16 15 14 14 24 14 6 8 24 21 10 13 13 10 10 15 11 2 3 7 9 8 5 4 2 6 7
