sesion_6_simulaciones/modelos_agentes/ejemplos_netlogo/scenarios/echam4_b2/rob_2064.asc
NCOLS 322 
NROWS 307 
XLLCORNER 451900 
YLLCORNER 4086900 
CELLSIZE 100 
NODATA_value -9999 
[rows 74 to 147 of 307, columns 96 to 191 of 322]
14 40 25 17 14 17 14 40 16 17 13 49 23 64 54 35 8 3 4 6 36 38 11 5 4 2 2 0 2 4 1 1 4 3 2 1 1 1 1 1 1 1 3 1 1 2 2 1 1 2 2 7 16 11 10 6 10 14 27 19 13 65 49 37 44 52 31 45 56 57 47 59 43 59 33 34 50 57 43 40 22 46 64 57 42 24 27 28 16 19 16 14 13 6 1 0
19 21 20 14 9 14 22 28 16 32 32 22 14 16 29 51 23 29 29 47 76 41 31 13 7 4 2 1 2 1 1 18 4 4 6 4 1 1 1 0 1 5 6 7 11 4 3 17 21 2 2 1 3 10 3 5 10 20 15 8 21 25 42 32 42 31 26 38 49 57 32 70 32 41 34 21 46 25 20 46 51 46 22 25 35 35 29 27 38 33 41 40 22 15 5 2
32 18 16 15 11 21 12 36 14 39 45 15 17 37 24 23 30 54 44 55 70 62 57 39 9 5 3 1 2 2 8 15 8 5 7 5 6 1 2 3 2 1 2 1 1 5 3 7 8 9 2 1 3 3 3 4 9 15 7 8 13 6 29 28 32 26 38 25 54 39 19 47 40 28 40 32 19 14 65 39 31 32 51 37 54 59 55 66 69 51 52 49 33 20 13 8
35 10 25 23 18 15 18 24 21 28 70 25 25 25 26 35 62 30 55 54 71 74 47 30 32 4 3 4 8 5 12 3 6 4 8 2 14 4 2 9 2 1 1 0 1 4 9 8 6 20 15 8 4 1 1 3 5 4 4 3 9 4 21 15 16 11 29 25 31 16 10 15 34 11 30 14 14 20 48 28 43 40 37 56 73 70 78 62 62 70 48 50 31 24 15 13
33 19 27 26 36 17 24 25 10 47 69 58 37 20 35 42 47 58 76 37 35 47 58 65 20 14 15 23 28 13 12 4 7 10 1 4 5 5 5 11 5 1 0 1 3 4 11 15 5 35 23 16 16 8 7 2 2 2 3 2 5 3 4 6 5 7 9 18 10 5 7 6 27 17 12 4 15 25 23 27 48 69 80 72 76 78 55 64 69 49 52 34 26 26 23 39
52 52 18 53 58 37 13 30 12 33 33 65 44 30 33 6 39 80 49 44 44 27 55 68 29 14 55 55 46 41 45 14 3 2 3 10 13 2 5 9 12 1 1 3 3 5 9 41 37 35 29 24 29 7 20 13 12 3 1 1 3 6 2 2 3 5 5 9 3 2 7 14 13 9 37 32 9 9 25 45 59 65 64 66 57 70 70 80 63 45 43 30 27 39 58 38
79 84 64 60 22 17 12 11 11 39 20 13 48 57 12 30 73 46 33 24 38 20 9 45 54 54 62 46 57 42 72 48 10 10 13 22 8 6 2 6 19 5 2 3 6 17 9 9 41 23 35 58 33 21 30 10 16 23 17 14 15 3 17 6 2 1 4 9 10 15 10 2 3 4 8 27 36 50 23 47 51 43 68 55 51 56 70 76 62 55 51 37 68 66 30 25
63 61 74 18 13 16 21 17 16 23 23 5 14 25 27 40 21 53 52 37 28 40 8 14 50 68 65 32 24 35 35 16 30 34 29 24 24 24 5 7 21 15 2 2 11 12 7 4 21 9 49 59 30 63 40 16 41 14 11 13 21 6 12 16 12 4 10 12 27 8 17 4 3 3 6 4 9 46 46 48 27 46 67 60 43 54 77 65 60 54 54 61 75 60 29 49
80 79 67 35 37 38 41 28 15 20 31 5 15 29 36 22 18 69 46 31 36 69 36 32 61 90 59 12 27 37 18 19 6 8 61 35 10 10 5 19 30 26 6 5 8 8 7 11 14 35 39 74 68 72 41 36 40 20 38 16 27 16 18 14 13 12 5 8 25 9 30 40 24 16 7 9 9 10 40 63 72 34 53 53 35 74 58 42 55 69 57 76 55 50 39 69
36 55 78 73 16 15 40 40 54 27 27 8 26 55 38 11 19 80 29 47 41 40 25 63 41 47 25 40 46 33 23 17 9 35 74 43 22 11 7 27 11 5 10 4 6 4 6 11 14 29 20 64 59 74 51 47 62 32 49 37 29 32 14 14 19 9 25 8 19 37 50 49 27 13 16 6 8 15 15 58 52 47 24 45 65 34 42 45 59 50 58 49 34 44 46 84
22 32 45 59 64 18 34 23 18 48 40 17 27 53 41 24 35 78 43 42 22 16 70 71 61 47 22 55 53 34 15 7 46 81 77 72 59 24 23 31 22 3 9 7 7 15 12 10 19 6 4 25 71 82 51 60 48 49 69 54 38 27 14 8 32 14 43 23 22 40 60 49 15 11 17 12 14 17 17 26 63 73 63 41 18 52 66 67 56 69 29 47 46 67 46 77
19 31 48 33 55 60 49 45 24 37 57 15 30 61 44 53 40 52 58 68 63 18 40 48 80 68 62 67 60 65 36 74 84 71 65 81 73 29 18 36 18 5 12 7 8 13 15 12 17 12 16 29 75 78 53 41 49 79 69 68 40 13 27 31 46 31 62 49 41 25 63 42 46 37 30 16 15 21 19 21 35 72 53 68 63 32 59 26 64 33 30 55 42 76 49 64
18 12 7 7 22 44 24 12 18 29 37 19 43 69 52 20 39 32 55 67 75 65 31 34 38 45 73 86 56 57 78 82 84 66 73 71 56 70 41 46 24 40 23 33 12 18 28 33 24 25 18 33 67 89 66 47 77 66 76 67 43 27 27 34 63 39 61 53 48 30 53 39 30 9 24 10 4 17 19 16 9 56 71 59 45 77 53 50 53 51 52 64 70 78 78 45
14 7 1 2 19 21 6 10 16 26 14 31 64 58 24 13 24 32 58 60 72 89 55 29 25 36 78 77 83 40 84 68 66 69 87 80 56 72 40 54 42 76 21 50 32 22 18 15 19 20 19 16 43 83 69 77 68 78 88 62 36 37 44 60 57 43 59 52 43 12 15 24 43 35 39 18 7 14 20 29 40 13 61 65 61 71 80 83 90 71 84 86 72 42 80 34
17 15 5 3 20 14 8 13 21 16 21 33 46 55 24 8 52 53 42 47 54 66 79 77 57 38 61 73 84 78 75 86 82 51 54 41 43 72 27 40 84 65 42 26 20 26 14 24 35 44 48 23 31 61 61 71 68 81 82 66 59 69 68 66 66 34 53 58 45 18 16 39 56 41 22 50 13 8 16 24 35 25 21 58 66 85 75 48 47 61 63 81 74 44 58 71
20 9 9 4 9 6 4 28 15 14 11 20 65 41 17 8 49 33 47 59 58 68 78 76 76 50 54 28 49 77 65 69 73 63 63 60 45 36 50 85 48 64 27 14 25 44 25 29 42 51 43 42 27 33 30 58 70 73 82 62 50 62 57 79 73 44 56 72 28 9 10 33 29 35 66 49 19 17 7 29 23 40 44 17 57 78 75 71 71 64 45 43 61 40 27 50
10 12 5 4 3 2 3 16 18 7 24 44 66 62 19 8 30 10 36 72 72 73 40 52 75 61 59 47 73 92 86 81 58 70 53 33 39 32 65 40 37 33 14 43 69 46 36 35 29 27 29 29 26 25 11 17 56 70 83 53 69 65 81 87 86 48 77 60 46 24 14 25 47 61 80 25 20 50 14 20 22 33 49 38 17 63 65 48 30 44 41 40 31 46 46 45
23 18 11 6 4 2 2 5 12 15 20 53 39 27 40 16 38 11 5 25 32 69 47 44 42 27 48 66 85 92 75 80 83 79 72 43 24 36 77 20 51 49 63 70 71 46 61 19 16 26 56 55 63 62 59 28 11 9 43 55 55 66 80 87 87 60 90 65 62 50 24 29 46 82 61 20 42 36 19 11 30 39 46 42 35 11 30 51 42 42 26 40 63 71 61 60
13 10 5 4 3 3 1 1 5 17 24 30 30 12 13 6 38 17 8 36 34 42 29 39 49 44 36 68 42 70 74 72 74 65 22 33 43 50 51 28 65 66 81 66 58 39 70 58 58 45 50 50 52 37 47 18 8 9 11 41 67 85 78 86 79 51 80 73 38 31 36 55 45 66 35 40 63 44 40 43 33 43 36 37 44 31 9 18 22 30 50 61 69 71 69 60
7 6 5 5 4 3 3 1 2 5 16 25 26 22 11 6 38 13 5 21 17 20 25 34 25 47 47 57 41 16 36 42 34 26 47 49 68 80 53 52 28 68 92 59 37 75 62 51 64 46 51 42 29 38 40 47 27 13 14 64 83 78 84 88 85 82 79 84 68 28 48 37 39 17 26 63 53 21 40 17 25 31 33 33 43 32 40 18 7 33 55 74 81 75 72 48
10 4 12 16 9 7 7 6 4 5 10 18 15 12 11 5 20 9 3 9 19 16 13 16 21 37 39 40 43 33 15 13 19 41 44 74 83 58 63 70 47 83 88 59 74 66 61 37 77 51 64 53 65 72 72 60 41 17 19 34 78 70 85 86 81 75 79 85 76 47 33 46 48 42 44 46 52 75 27 29 17 17 38 34 25 39 56 52 20 22 32 29 44 53 58 48
29 25 16 28 25 18 17 17 9 2 5 8 7 9 7 8 6 5 4 9 9 11 5 8 16 21 27 29 30 42 11 14 19 40 82 86 67 46 73 78 65 76 80 67 59 68 61 52 78 58 50 67 59 68 71 60 43 22 14 19 25 70 82 84 75 68 83 77 52 20 33 59 28 48 69 57 66 38 17 44 19 21 35 36 64 47 30 37 47 48 45 23 14 15 24 28
38 21 33 32 36 26 35 21 10 9 1 3 2 4 7 5 6 5 3 3 8 9 6 6 5 7 27 25 22 10 16 7 26 76 73 74 34 62 87 71 54 57 66 28 38 82 56 75 79 71 52 70 81 56 34 39 45 47 39 24 29 46 66 73 73 70 54 60 33 28 46 46 38 56 65 72 55 37 41 46 36 17 31 65 64 62 46 41 47 52 64 60 42 18 10 20
35 39 43 30 43 36 27 23 20 19 18 7 4 2 1 2 5 4 2 2 4 2 3 3 3 5 21 31 17 12 17 5 36 67 53 34 42 80 89 77 42 51 47 36 79 69 49 53 85 81 45 55 57 73 60 42 15 25 31 40 35 44 35 48 31 52 59 55 26 45 57 53 45 43 65 57 49 59 24 10 34 28 39 57 65 51 50 44 33 42 57 52 49 27 22 8
48 34 45 49 47 30 30 38 21 23 16 14 12 5 3 1 2 3 2 2 4 3 2 2 2 4 6 21 5 5 19 6 26 49 23 31 42 63 60 63 51 54 33 72 77 33 57 87 84 75 76 36 23 32 28 37 18 23 40 47 35 51 36 24 23 39 32 30 24 53 48 64 35 58 63 56 72 36 35 20 44 18 18 27 38 62 63 45 36 30 52 45 51 46 41 18
32 23 48 53 24 35 16 20 36 28 19 17 14 14 7 2 1 1 0 0 1 1 1 2 1 1 2 3 3 18 10 4 7 9 12 44 51 62 88 70 63 48 61 63 58 46 51 88 84 74 90 70 46 59 58 38 21 16 10 20 51 39 32 18 21 39 28 23 33 42 57 63 54 27 33 35 45 38 30 34 7 38 26 37 43 57 54 59 66 47 48 51 57 67 44 31
18 34 70 48 46 27 50 27 43 38 23 22 16 6 6 5 4 3 3 3 3 3 1 1 1 0 1 1 4 21 3 5 7 4 19 48 55 22 51 46 57 48 48 62 48 49 67 87 82 82 84 84 46 32 29 27 26 33 26 6 9 20 21 19 20 28 22 24 23 41 51 65 56 58 18 31 46 36 16 17 37 19 15 36 46 50 57 66 57 70 59 69 70 66 52 45
22 39 64 40 37 38 25 28 44 33 30 26 18 15 7 11 5 8 8 8 5 8 3 2 5 3 0 1 2 10 3 5 8 7 16 23 24 28 21 11 45 58 40 31 39 70 84 85 78 69 79 79 61 46 51 61 56 41 33 12 3 18 13 10 18 15 14 17 32 41 37 46 41 36 46 41 31 45 77 71 56 59 33 32 34 38 48 58 72 60 76 72 67 67 66 63
22 55 25 29 38 32 31 20 38 39 17 14 27 13 11 8 9 9 10 10 11 9 8 6 4 6 2 0 1 4 2 3 6 9 13 15 19 27 28 12 22 63 49 20 51 56 86 79 42 35 46 68 82 74 58 56 50 39 22 10 4 20 10 6 8 12 14 26 34 42 39 43 46 60 71 73 62 77 75 68 57 38 27 13 18 39 60 57 59 66 74 76 75 79 72 69
52 21 28 26 20 33 36 27 14 17 25 27 26 22 10 14 12 13 13 21 20 12 18 10 13 7 5 1 1 3 2 2 4 7 15 18 26 23 25 8 14 29 40 16 43 44 72 46 26 28 53 59 81 76 69 54 53 40 21 17 5 7 7 4 13 11 18 41 37 41 43 40 68 72 86 70 76 66 69 48 17 13 14 28 11 32 48 50 70 81 74 60 46 43 36 35
15 21 37 61 55 42 16 10 13 33 33 27 14 26 23 22 18 27 25 25 24 24 17 20 17 8 4 3 0 1 1 1 1 6 9 29 40 26 27 12 9 10 15 5 15 26 21 30 31 45 47 68 85 77 71 71 64 54 47 25 8 6 6 3 12 16 24 19 17 31 53 53 59 63 64 69 69 56 36 26 29 20 36 34 65 42 26 51 74 66 54 58 59 57 53 52
35 50 44 15 14 23 29 13 23 37 37 29 29 28 25 37 24 30 31 38 18 35 31 25 15 8 3 2 1 0 0 0 1 3 7 16 15 23 30 15 18 14 16 5 10 21 32 63 76 74 87 71 86 83 79 64 68 47 33 21 8 7 6 2 2 6 9 23 36 33 48 70 44 49 46 61 63 23 12 24 20 29 51 43 65 43 66 48 54 49 56 60 55 63 66 61
40 25 34 33 33 20 29 15 38 39 36 37 53 36 47 42 39 53 45 31 34 35 42 17 19 11 7 2 1 1 0 0 0 1 4 7 19 32 33 12 7 11 12 8 12 26 58 42 70 62 65 56 90 86 80 59 43 32 22 8 6 2 2 1 1 4 14 35 47 36 45 66 54 38 31 41 26 30 48 43 27 49 51 48 64 72 52 44 43 46 42 53 58 66 60 76
21 20 13 13 12 11 6 23 43 38 38 56 44 51 50 53 60 32 27 53 42 48 44 21 13 8 8 5 4 3 1 1 0 1 3 3 3 12 22 13 7 10 10 10 22 27 15 33 49 83 54 65 83 70 76 66 47 28 12 7 5 3 0 2 1 2 11 22 49 36 40 17 29 41 30 44 46 46 39 34 32 53 49 49 61 58 30 53 23 33 51 61 64 45 74 76
11 18 28 34 29 16 15 27 40 58 53 52 41 52 71 70 49 32 34 62 49 31 27 24 14 10 11 10 5 3 2 2 1 1 3 4 2 2 2 1 2 5 6 9 17 16 22 39 75 35 28 51 86 72 60 40 31 25 23 14 4 3 1 1 0 2 8 13 23 31 31 23 43 32 39 47 60 69 66 62 57 77 52 39 39 49 60 72 65 40 41 48 44 57 64 60
20 39 28 51 24 22 25 41 42 58 54 25 28 54 54 44 36 36 51 74 40 33 30 28 17 16 9 7 5 2 1 2 3 1 1 2 3 2 1 1 2 4 5 4 7 14 26 17 63 25 42 68 84 59 38 34 28 12 9 11 6 5 0 1 1 1 4 4 13 17 30 38 51 46 71 71 83 52 33 21 68 70 73 50 20 54 71 85 75 67 71 41 65 53 48 80
34 37 59 52 25 43 43 45 64 57 44 32 37 61 43 61 26 41 73 46 34 29 35 32 30 23 12 8 4 4 3 3 3 2 1 0 2 1 1 1 1 3 3 3 5 12 19 17 11 20 47 77 79 53 42 35 18 14 11 8 5 2 2 1 1 1 4 11 20 28 38 44 57 66 74 66 33 33 25 63 67 74 79 82 42 60 81 82 70 61 53 58 43 54 38 57
47 52 32 25 32 43 41 64 32 45 20 44 48 77 61 45 27 65 26 23 49 30 23 16 20 18 16 14 12 7 8 7 4 3 1 1 0 1 1 1 1 1 1 3 7 17 7 17 5 8 31 61 88 81 46 31 22 9 12 6 5 2 3 1 0 2 7 17 37 41 42 53 59 53 46 50 44 57 68 73 69 76 66 82 72 65 65 36 20 16 38 72 65 48 33 39
56 45 30 21 33 47 57 14 54 22 27 45 63 68 47 27 59 53 37 19 20 32 13 12 22 20 32 15 23 20 12 11 5 4 3 2 1 0 1 1 1 1 1 4 5 9 2 10 3 14 26 12 62 72 43 23 11 8 6 2 5 6 2 1 0 5 12 13 19 28 33 38 45 46 67 71 67 67 67 55 67 59 47 74 67 47 38 47 60 61 76 30 52 51 31 32
28 43 27 25 38 61 65 20 53 44 57 43 75 44 33 44 61 28 33 29 61 41 24 18 27 44 30 40 33 38 17 7 2 8 4 3 3 1 0 0 1 1 1 3 5 1 4 9 2 10 10 45 59 36 32 29 24 14 6 3 6 4 3 2 0 1 5 12 18 19 26 32 46 39 37 36 37 38 80 41 65 73 55 52 44 31 64 68 65 77 70 48 42 57 60 60
83 32 44 46 57 40 41 52 50 45 55 52 46 40 36 71 32 42 35 66 61 38 46 36 23 49 52 53 64 41 32 8 3 4 2 2 3 3 3 0 0 1 2 3 1 3 18 5 2 9 40 52 63 24 21 29 15 11 8 4 5 2 2 1 0 0 1 4 9 12 6 17 16 17 34 47 45 46 69 62 53 68 85 45 36 53 52 61 77 67 58 65 49 57 46 59
75 92 84 86 80 49 14 8 54 31 63 76 85 74 59 64 61 72 53 67 53 53 54 49 45 55 72 78 46 48 30 16 15 8 5 6 2 3 4 1 0 1 2 2 1 1 2 2 1 10 22 60 56 16 22 23 20 10 5 7 4 2 2 0 0 0 5 9 11 22 30 40 57 50 31 31 46 76 69 74 76 58 61 74 46 50 66 65 54 36 69 80 46 42 56 65
62 86 70 78 72 56 71 28 55 42 18 36 82 86 88 59 42 53 66 65 60 55 66 51 65 66 78 65 63 57 47 33 21 19 19 7 4 5 3 2 1 0 1 1 2 2 1 1 1 5 17 10 28 11 27 15 19 16 8 4 4 4 1 0 0 2 6 13 18 35 54 46 30 45 66 45 60 75 75 88 78 64 61 58 18 30 32 49 70 82 86 58 78 46 47 58
42 84 60 75 72 62 87 63 38 72 49 44 71 79 71 61 71 53 80 89 89 74 59 44 79 68 73 64 50 41 46 35 32 30 25 16 9 5 3 3 3 1 0 1 2 1 2 1 1 2 4 6 36 20 36 32 15 18 7 7 2 1 1 1 1 3 9 9 17 32 57 65 69 58 73 77 80 76 70 85 83 53 40 37 22 29 51 68 62 90 60 70 76 78 49 50
47 79 68 59 78 50 60 24 46 76 57 32 13 60 68 64 73 58 56 84 88 54 77 41 73 62 73 61 54 28 39 56 52 46 41 16 6 5 5 4 1 1 1 0 3 1 2 1 0 0 3 12 35 8 12 6 15 21 16 5 1 1 1 0 1 4 10 9 18 31 44 59 51 35 34 48 82 59 80 81 88 85 30 24 21 39 66 43 73 85 72 79 65 57 40 57
12 36 23 47 71 57 58 15 49 82 44 25 18 36 70 66 71 68 34 42 69 52 48 65 32 33 80 52 32 21 11 17 29 23 24 22 10 11 10 3 2 1 0 0 1 2 2 1 0 1 4 17 15 25 11 6 6 4 3 2 2 1 1 0 1 3 5 6 11 20 28 23 30 45 47 63 87 89 73 65 81 85 69 24 12 30 30 53 81 68 62 29 20 26 36 56
12 42 69 51 60 40 70 47 60 83 67 37 37 37 71 83 54 13 14 27 39 24 35 72 41 21 66 54 63 26 2 19 42 34 15 29 20 14 5 2 1 0 0 0 0 2 3 1 1 4 6 13 6 8 7 7 2 1 3 3 2 1 0 1 1 2 2 4 5 14 25 28 47 46 57 81 88 87 83 52 61 72 66 35 11 22 43 66 61 32 31 60 60 54 58 72
22 14 14 19 28 43 74 29 66 68 85 57 40 30 32 26 17 14 14 35 29 27 20 64 29 51 57 45 61 74 35 20 24 18 20 27 20 12 7 4 2 0 0 0 0 1 2 1 0 2 7 13 2 3 5 12 4 1 2 3 1 1 0 0 1 3 18 13 18 37 50 68 74 57 72 93 89 88 82 63 21 43 58 55 14 23 42 64 48 48 86 64 45 49 40 74
25 33 15 15 28 46 69 59 40 59 78 60 28 13 34 34 15 37 14 17 24 24 20 65 25 21 55 43 49 63 42 30 39 14 8 8 4 5 3 3 3 2 0 0 0 0 0 1 1 1 6 7 1 4 2 2 5 6 2 1 0 0 0 1 1 3 7 21 45 57 82 56 33 51 81 93 88 80 79 80 68 26 59 57 13 24 47 44 32 72 68 51 63 77 21 10
27 37 27 18 25 17 65 71 64 30 80 51 21 7 29 27 34 38 27 17 21 27 6 30 56 7 21 25 54 76 35 9 18 12 20 19 13 9 5 3 3 1 2 0 0 0 0 0 0 1 7 7 1 2 3 2 3 2 1 1 0 0 0 1 1 4 8 25 44 45 22 26 49 58 76 79 85 77 73 58 73 35 24 30 21 41 33 26 64 85 49 60 67 73 65 22
43 28 29 13 13 16 49 78 43 38 67 65 43 7 26 26 48 38 32 23 24 40 18 19 75 17 28 28 50 48 53 38 35 38 28 19 17 11 8 2 1 1 1 1 0 0 0 0 1 3 10 8 1 3 2 1 1 2 2 1 0 0 0 1 2 7 30 33 24 15 34 42 57 87 77 67 84 58 43 34 65 41 25 7 7 31 31 52 85 60 47 58 79 63 64 30
71 17 31 17 13 19 35 43 15 13 75 55 10 5 23 26 47 37 49 38 42 33 31 21 37 23 11 27 36 32 44 51 31 19 17 7 10 10 8 5 2 1 1 0 0 0 0 0 1 2 7 5 2 1 1 1 1 0 0 0 1 0 0 0 2 12 19 11 8 13 40 51 79 85 84 68 50 69 30 30 59 30 10 4 14 40 54 68 74 31 58 83 75 69 78 40
18 32 14 14 12 10 14 24 17 22 62 31 14 5 16 21 43 16 38 27 27 32 29 18 27 36 20 11 5 21 22 41 20 13 16 11 5 3 5 4 1 1 1 0 0 0 0 0 2 4 6 1 1 1 1 0 1 0 0 0 0 0 0 1 3 8 5 2 9 31 42 51 82 86 73 62 48 53 59 19 28 22 8 5 21 26 48 73 48 47 78 69 67 67 60 52
19 13 27 26 11 11 5 7 6 7 21 11 28 12 8 17 38 17 11 32 14 8 4 27 31 43 8 7 2 7 29 43 39 18 10 5 5 3 2 1 1 1 0 0 0 0 0 0 1 2 3 2 1 1 1 1 1 0 0 0 0 0 0 1 4 3 1 4 18 34 48 75 74 76 68 66 47 36 55 23 14 18 7 7 18 27 56 63 48 37 39 54 49 42 57 62
32 20 13 32 34 20 16 6 4 13 11 8 25 28 8 14 24 27 8 10 9 10 7 53 27 24 16 2 3 2 7 12 32 29 14 8 4 3 1 1 4 1 1 0 0 0 0 0 1 1 2 2 2 1 1 1 1 1 0 0 0 0 0 1 2 0 1 8 20 55 61 80 79 63 42 24 19 18 25 27 17 7 4 6 13 20 42 40 26 18 37 31 21 36 54 67
36 23 13 19 21 35 15 6 1 11 12 6 6 10 6 8 15 19 8 6 6 3 3 9 3 7 20 3 3 3 2 7 27 29 14 7 7 16 12 5 2 1 0 0 0 0 0 0 0 1 1 1 2 1 1 1 1 0 0 0 0 0 0 0 0 1 1 5 21 74 72 67 81 74 43 22 8 3 8 15 12 4 2 3 9 20 35 19 10 30 41 47 73 60 73 65
69 38 22 7 14 25 37 4 6 14 15 8 3 6 5 3 7 20 6 4 3 3 1 4 1 2 11 8 2 4 1 2 10 43 24 11 5 3 2 1 1 1 1 0 0 0 0 0 0 1 1 1 1 2 1 0 1 0 0 0 0 0 0 0 1 4 7 24 48 49 78 82 69 78 66 37 20 8 3 3 8 5 1 1 2 7 10 3 11 29 38 72 74 63 58 63
55 79 34 16 5 9 8 6 8 11 9 5 11 3 4 1 2 16 8 4 3 2 1 3 3 0 5 7 2 3 2 1 4 16 36 16 8 6 8 5 2 1 1 0 0 0 0 0 0 0 1 1 1 0 1 0 0 0 0 0 0 0 0 0 1 8 16 10 18 44 71 64 57 56 75 42 20 7 3 1 2 1 0 1 2 1 2 5 20 33 65 69 42 55 65 64
15 68 74 47 19 8 2 13 5 4 4 4 12 5 3 2 2 12 9 6 2 1 0 1 4 0 3 4 2 4 2 1 4 4 5 25 8 2 4 4 2 1 0 0 0 0 0 0 0 0 0 1 1 1 1 0 0 0 0 0 0 0 0 0 1 1 1 8 48 59 59 56 45 46 46 37 18 8 8 2 1 0 0 1 3 9 10 7 16 39 42 29 31 53 69 62
9 38 45 62 29 14 6 12 12 3 8 4 5 5 7 4 2 4 12 2 1 1 0 1 3 1 2 3 1 4 4 1 4 4 4 2 24 10 8 4 1 1 1 0 0 0 0 0 0 0 0 0 0 0 1 0 0 0 0 0 0 0 0 0 1 3 6 11 43 64 59 72 58 18 18 26 16 13 8 5 1 0 0 1 4 7 22 36 15 14 13 25 44 55 77 56
18 26 21 40 19 9 9 8 10 6 4 4 4 7 6 4 3 3 5 4 1 1 0 2 3 3 2 2 1 1 4 1 1 1 3 7 9 2 13 4 1 1 0 0 0 0 0 0 0 0 0 0 0 0 1 0 0 0 0 0 0 0 0 0 1 2 5 18 38 53 81 71 69 40 14 8 13 8 7 4 1 0 1 3 5 11 24 48 47 39 43 28 47 55 80 69
11 22 8 22 22 19 12 7 7 5 3 2 3 3 3 4 2 2 1 4 2 1 0 1 1 2 2 2 1 0 1 1 0 2 3 7 8 3 17 2 2 2 1 1 0 0 0 0 0 0 0 0 0 0 1 0 0 0 0 0 0 0 0 0 1 2 5 12 37 30 70 66 50 42 47 16 11 8 3 1 0 0 0 2 9 19 30 45 61 51 54 51 45 69 91 78
15 11 9 7 9 5 7 6 16 11 5 1 2 2 2 4 2 2 2 2 1 1 0 0 1 2 1 2 1 1 0 0 1 1 12 16 6 4 2 3 2 1 1 0 0 0 0 0 0 0 0 0 0 0 1 0 0 0 0 0 0 0 0 0 1 3 6 24 43 56 62 68 55 36 27 25 11 6 2 0 0 1 1 1 3 13 21 35 48 33 54 59 76 91 91 79
5 12 6 4 3 3 2 2 3 3 2 2 1 1 1 1 1 1 1 2 1 1 1 0 0 2 0 1 1 1 0 0 1 4 6 12 15 34 24 13 2 1 0 0 0 0 0 0 0 0 0 0 0 0 0 0 0 0 0 0 0 0 0 0 1 5 19 37 49 66 65 61 65 48 15 9 10 3 1 0 0 2 5 4 3 2 6 11 18 38 43 71 69 90 91 76
2 5 2 3 1 1 1 0 1 1 1 1 1 0 0 1 1 1 1 1 1 1 0 0 0 1 0 1 1 0 1 0 0 1 2 2 2 2 3 0 1 1 1 0 0 0 0 0 0 0 0 0 0 0 0 0 0 0 0 0 0 0 0 1 2 2 6 15 41 61 40 69 46 34 12 6 4 2 1 0 0 1 5 9 23 15 18 19 33 57 63 68 80 83 77 66
0 1 1 0 0 0 0 0 1 1 0 0 0 0 0 0 0 0 0 0 0 1 1 0 0 1 1 0 1 1 0 0 0 0 0 0 0 0 1 1 1 0 0 0 0 0 0 0 0 0 0 0 0 0 0 0 0 0 0 0 0 0 0 1 1 4 5 13 27 23 36 48 42 21 6 3 2 0 0 0 0 1 3 6 10 26 47 42 61 80 73 58 73 64 67 55
2 0 0 0 0 0 1 2 1 1 2 3 2 4 1 1 0 0 0 0 0 0 0 0 0 0 1 0 1 1 0 0 0 0 0 0 0 0 0 1 1 1 1 1 0 0 0 0 0 0 0 0 0 0 0 0 0 0 0 0 0 0 0 0 1 3 6 22 20 23 37 25 22 6 3 1 0 0 0 0 1 2 4 7 12 31 73 72 32 39 77 86 62 32 33 47
8 3 1 2 2 2 3 6 3 4 7 9 13 9 5 2 2 1 0 0 0 0 0 0 0 1 1 0 0 1 0 0 0 0 0 0 0 0 0 0 1 1 0 0 0 0 0 0 0 0 0 0 0 0 0 0 0 0 0 0 0 0 0 0 1 5 7 7 11 17 18 14 15 4 2 1 0 0 0 1 2 4 6 14 38 52 41 13 25 61 89 85 85 28 17 22
16 4 3 8 8 10 10 11 12 15 15 12 14 22 10 5 3 2 1 0 0 0 0 0 0 0 0 0 1 0 0 0 0 0 0 0 0 0 0 0 0 0 0 0 0 0 0 0 0 0 0 0 0 0 0 0 0 0 0 0 0 0 0 0 2 5 10 6 3 3 8 8 4 2 0 0 0 0 1 2 4 5 17 40 40 16 6 15 36 80 87 76 58 52 8 3
20 13 7 18 18 29 20 21 36 25 34 23 35 21 13 10 13 6 1 2 2 1 0 0 0 0 0 0 0 0 0 0 0 0 0 0 0 0 0 0 0 1 1 0 0 0 0 0 0 0 0 0 0 0 0 0 0 0 0 0 0 0 0 0 1 5 10 9 2 6 4 3 1 0 0 0 0 0 1 2 6 18 14 13 5 2 9 27 50 71 72 69 35 54 13 3
32 24 16 35 52 72 57 49 64 56 50 37 64 50 42 31 12 4 3 8 3 1 1 1 1 1 0 0 0 0 0 0 0 0 0 0 0 0 1 0 0 0 0 0 0 0 0 0 0 0 0 0 0 0 0 0 0 0 0 0 0 0 0 0 1 4 13 9 3 2 2 1 1 0 0 0 0 0 1 1 6 8 6 1 3 10 21 50 67 54 60 38 23 27 36 3
66 71 58 48 52 51 35 23 55 34 33 30 34 47 50 18 16 17 13 12 7 1 0 1 2 1 0 0 0 0 0 0 0 0 0 0 0 0 0 0 0 0 0 0 0 0 0 0 0 0 0 0 0 0 0 0 0 0 0 0 0 0 0 0 0 5 17 14 2 4 1 0 0 0 0 0 0 0 1 2 1 0 1 2 6 13 25 70 72 89 47 12 9 10 17 4
62 47 72 53 47 58 50 38 28 23 33 45 30 20 33 59 45 18 4 3 3 1 0 0 1 1 1 0 0 0 0 0 0 0 0 0 0 0 0 0 0 0 0 0 0 0 0 0 0 0 0 0 0 0 0 0 0 0 0 0 0 0 0 0 1 2 8 19 8 4 1 0 0 0 0 0 0 0 1 0 0 1 3 6 10 15 48 47 64 72 66 16 3 1 8 7
62 26 63 61 27 13 28 31 40 37 18 15 56 21 23 41 24 16 8 5 3 1 2 1 1 2 1 0 0 0 0 0 0 0 0 0 0 0 0 0 0 0 0 0 0 0 0 0 0 0 0 0 0 0 0 0 0 0 0 0 0 0 0 0 0 1 2 9 7 3 1 0 0 0 0 0 0 0 0 0 1 2 4 6 19 34 48 43 35 32 62 21 4 1 1 2
