sesion_6_simulaciones/modelos_agentes/ejemplos_netlogo/scenarios/echam4_b2/rob_2035.asc
NCOLS 322 
NROWS 307 
XLLCORNER 451900 
YLLCORNER 4086900 
CELLSIZE 100 
NODATA_value -9999 
[rows 222 to 295 of 307, columns 0 to 95 of 322]
7 15 23 39 30 22 36 29 5 17 18 20 40 16 14 8 7 3 3 5 13 24 27 33 22 19 15 30 48 22 15 38 50 22 45 36 20 21 28 59 27 28 43 54 47 70 50 58 62 83 82 55 42 44 40 23 32 51 31 39 46 30 21 42 27 32 16 20 12 9 7 5 2 1 1 1 0 0 0 0 0 0 0 0 0 0 1 2 3 2 1 1 2 4 10 5
14 25 19 13 15 24 27 37 22 10 11 22 28 13 7 7 8 15 18 19 22 32 20 57 35 31 26 26 28 34 20 34 27 30 55 13 15 24 28 58 48 40 34 57 24 15 29 19 20 64 74 56 57 38 32 34 19 24 37 41 32 46 21 26 36 19 15 15 17 7 3 2 1 1 0 0 0 0 0 0 0 0 0 0 0 0 1 2 5 5 2 3 5 7 1 1
17 40 52 69 45 44 34 40 26 29 38 53 23 17 13 21 18 30 15 16 55 14 28 30 29 21 18 50 30 29 25 31 21 38 27 19 28 33 26 49 45 41 38 76 71 62 52 50 46 23 33 48 34 30 22 21 21 29 28 30 30 32 18 47 42 23 16 9 8 4 2 2 1 1 0 0 0 0 0 0 0 0 0 0 1 1 1 3 11 11 4 6 9 7 1 1
30 43 42 62 62 66 32 22 14 46 45 33 19 13 15 20 6 3 2 33 18 24 51 36 24 31 27 30 22 15 23 21 30 8 13 36 24 43 24 53 38 48 59 46 47 67 54 69 70 45 26 31 21 29 15 16 20 32 23 20 30 16 13 9 13 10 6 5 3 2 2 1 1 1 0 0 0 0 0 0 0 0 0 1 1 3 4 5 22 21 17 17 5 4 1 2
7 17 19 16 28 75 50 9 31 34 48 20 33 27 5 3 2 1 10 44 12 34 46 41 24 31 18 9 22 13 22 46 30 14 22 26 40 51 25 38 56 69 70 37 52 60 61 35 68 80 34 28 12 17 17 25 19 16 17 12 8 6 9 4 3 6 8 4 2 1 1 1 1 0 0 0 0 0 0 0 0 0 1 1 1 3 11 19 24 35 19 7 5 2 1 1
20 14 23 23 30 29 16 15 15 25 42 44 48 12 3 2 13 20 41 57 22 27 40 54 36 23 27 13 16 24 8 26 54 15 14 14 24 28 68 79 42 39 30 67 42 47 69 50 42 20 34 41 34 29 28 27 29 17 14 11 8 4 4 3 3 4 3 1 1 1 1 0 0 0 0 0 0 0 0 0 0 0 1 1 1 3 13 41 30 3 3 1 1 2 1 1
18 19 20 39 27 23 27 26 17 39 33 29 24 10 15 34 41 46 46 58 23 30 36 40 10 7 25 6 18 27 8 6 20 26 12 30 19 13 54 73 63 34 55 39 84 58 35 39 40 36 26 48 44 40 41 34 16 17 7 4 3 1 0 1 2 2 1 1 1 0 0 0 0 0 0 0 0 0 0 0 0 1 1 2 4 7 10 40 18 6 4 3 2 2 1 2
5 15 32 22 22 21 37 35 29 29 31 43 27 30 28 48 39 22 48 44 26 21 16 16 6 25 8 3 19 18 6 8 11 16 37 49 37 23 16 33 45 25 21 17 43 80 59 38 34 35 29 30 29 41 48 42 19 12 3 2 1 1 1 3 3 2 0 0 1 0 0 0 0 0 0 0 0 0 0 1 2 2 4 3 11 16 21 24 10 5 6 9 3 2 1 1
20 23 19 27 33 26 47 29 34 28 17 29 22 42 25 45 41 32 26 41 9 13 13 10 10 4 8 10 9 15 5 11 8 11 16 37 29 52 28 11 28 52 39 45 59 31 38 28 21 25 20 19 31 31 27 25 26 14 11 3 4 3 1 2 2 1 0 0 0 0 0 0 0 0 0 0 0 1 1 1 3 2 7 6 5 28 56 25 12 16 20 9 3 1 1 0
8 20 23 36 23 22 29 58 16 33 18 18 24 32 21 40 32 21 17 22 10 8 8 10 6 5 6 6 4 5 3 7 27 17 14 12 46 21 32 26 11 21 65 75 80 51 25 15 31 35 33 15 22 28 20 20 16 4 6 8 3 2 1 1 1 1 1 0 0 0 0 0 0 0 0 0 1 2 3 5 9 10 10 5 4 14 43 17 11 29 20 5 3 2 1 1
6 7 26 26 20 22 19 32 16 22 17 17 21 32 22 17 33 8 10 10 3 6 1 5 3 6 3 2 4 2 6 9 12 39 23 23 16 19 28 12 21 18 18 36 39 28 26 17 30 23 33 19 17 15 14 25 11 6 2 1 2 1 0 1 0 1 0 0 0 0 0 0 0 0 0 1 1 3 6 11 20 31 18 9 7 9 23 24 28 19 8 3 1 1 2 1
2 5 15 15 11 32 26 21 21 18 24 21 11 26 15 11 12 5 6 6 7 1 1 1 3 3 1 2 5 3 4 3 4 6 4 14 7 11 13 10 18 31 57 37 35 17 20 8 12 12 19 14 14 16 19 9 7 2 1 0 1 2 1 1 1 1 1 1 0 0 0 0 0 1 1 1 2 7 9 21 43 38 28 28 11 13 47 51 33 15 9 4 3 3 2 1
2 2 2 9 8 21 32 34 45 10 14 19 3 12 5 7 14 4 4 4 4 3 1 1 4 1 1 4 7 14 15 3 8 7 17 24 25 29 23 32 43 47 52 61 58 56 57 27 29 42 29 15 13 10 8 7 3 1 1 2 1 4 4 2 1 0 0 0 0 0 0 1 1 1 1 1 3 8 12 25 30 51 40 44 32 59 42 41 20 23 17 14 8 4 2 1
1 1 3 4 6 10 10 15 9 17 16 11 2 3 2 2 7 1 2 2 0 2 1 3 1 1 1 4 8 4 36 47 36 30 55 34 40 26 35 31 47 56 51 71 44 29 29 8 17 31 42 27 13 7 7 6 6 4 8 5 2 2 1 2 1 0 0 0 0 0 1 1 2 1 3 2 2 5 17 29 58 46 51 46 65 45 46 41 17 17 34 23 14 5 3 4
0 1 1 1 3 6 8 10 8 9 7 7 1 3 1 2 3 1 1 0 0 0 1 0 1 1 6 10 9 5 10 29 70 45 63 86 84 66 67 54 26 66 71 63 76 63 63 37 31 36 30 22 23 8 8 16 13 7 5 2 2 4 3 1 0 0 0 0 0 0 0 1 3 5 4 3 4 3 9 12 53 70 66 33 28 76 41 46 41 39 20 20 13 9 5 5
0 0 0 1 1 4 3 11 9 11 3 1 2 0 1 2 1 19 1 2 12 7 3 1 1 1 1 3 3 6 11 10 17 67 50 81 85 80 79 70 63 37 77 78 80 58 69 45 31 30 17 14 7 7 3 3 4 4 4 2 1 1 0 0 0 0 0 0 0 0 1 1 2 6 7 4 5 9 11 12 41 67 59 23 60 60 47 64 62 38 33 27 21 11 16 10
0 0 1 2 5 1 2 5 6 7 2 2 1 0 0 0 0 0 3 3 4 15 11 3 1 1 2 2 3 7 8 14 17 21 15 50 86 59 80 48 58 56 54 71 67 61 40 23 49 42 27 21 23 17 10 5 4 3 2 2 1 0 0 0 0 0 0 0 0 0 1 2 3 10 21 12 7 12 23 30 54 70 44 40 58 25 13 25 34 16 12 22 14 13 7 3
0 0 0 0 0 1 2 3 2 2 2 1 0 0 0 0 0 0 0 2 2 1 19 10 1 0 3 8 6 8 12 8 16 29 15 22 56 69 68 65 64 55 61 52 56 66 60 33 14 34 31 26 20 21 15 6 3 1 1 1 1 0 0 1 0 0 0 0 0 1 1 1 5 7 18 27 12 13 15 50 58 81 37 41 69 30 30 24 15 10 8 14 12 8 2 1
0 0 0 0 0 0 1 1 1 1 1 1 0 0 0 0 1 1 1 4 1 1 1 8 10 1 4 9 12 14 23 19 23 37 33 27 24 61 46 54 29 36 26 38 38 38 12 39 25 20 26 15 12 16 13 11 7 4 2 3 1 1 1 0 0 0 0 0 1 1 2 4 5 7 9 32 45 24 42 40 74 68 59 76 32 35 39 31 35 35 17 18 13 6 2 1
0 0 0 0 0 0 0 0 0 1 1 0 0 0 0 0 1 2 3 2 1 1 1 13 6 5 5 3 2 6 13 17 23 29 33 41 22 23 25 19 32 21 10 12 19 30 24 31 15 12 17 13 11 8 6 6 5 3 2 1 1 0 0 0 0 0 0 0 2 2 3 4 9 8 13 14 65 24 25 62 73 55 62 70 62 54 38 63 57 16 16 11 6 2 1 1
0 0 0 0 0 0 0 0 0 0 0 0 0 0 0 0 0 1 4 4 2 1 1 3 3 4 3 11 3 13 29 18 19 31 30 44 42 25 18 10 10 17 22 21 31 30 20 11 12 18 12 9 7 8 6 5 4 1 1 1 0 0 0 0 0 0 1 1 2 3 6 3 2 11 37 32 62 41 44 65 73 68 52 62 45 29 29 52 38 30 10 6 4 2 1 0
0 0 0 0 0 0 0 0 0 0 0 0 2 3 6 4 1 1 1 1 2 2 2 6 16 11 10 8 11 11 20 28 30 36 34 46 45 62 45 19 21 13 14 13 15 13 14 8 5 10 8 10 10 7 3 3 2 1 1 1 1 0 0 0 0 1 2 2 3 5 7 8 5 12 32 24 53 72 49 64 67 70 69 67 46 56 37 40 38 25 15 9 3 2 1 1
0 0 0 0 0 0 0 0 0 0 0 0 0 0 1 8 1 1 1 1 1 2 3 4 3 5 16 30 38 30 28 31 38 49 49 43 49 56 65 61 30 21 22 27 27 15 9 10 14 11 14 14 5 4 5 3 3 2 1 1 0 0 0 0 0 1 2 5 8 11 9 11 7 14 54 29 15 59 85 62 70 72 65 57 44 32 10 27 34 22 9 4 3 3 3 2
0 0 0 0 0 0 0 0 0 0 1 2 1 0 1 0 0 0 1 1 2 5 3 4 8 8 2 12 14 45 52 51 59 67 54 40 57 69 73 61 36 33 28 37 35 37 19 32 16 8 3 3 5 5 1 2 1 1 0 1 1 0 0 0 1 2 3 8 14 19 18 23 16 22 49 62 21 51 68 61 60 41 31 19 25 37 18 19 19 12 8 5 5 4 3 2
0 0 0 0 0 0 0 0 0 0 0 0 0 1 2 1 1 1 1 2 4 2 3 6 4 12 7 2 3 34 25 66 82 61 58 62 49 54 67 67 60 62 48 30 42 51 26 26 18 9 7 7 3 5 2 1 1 2 2 1 0 0 0 1 2 2 4 11 14 31 24 37 19 19 44 65 54 37 70 43 31 20 33 24 23 10 9 14 24 21 9 6 8 6 4 1
0 0 0 0 0 0 0 0 0 0 0 0 0 1 0 0 1 2 1 3 2 2 4 4 4 9 17 8 6 6 9 8 48 53 45 43 34 56 50 36 33 24 21 18 28 44 22 19 15 12 8 5 3 1 1 2 2 2 1 1 0 0 0 1 1 4 9 13 13 22 51 36 43 21 23 59 52 75 47 31 37 25 25 25 33 14 20 20 17 7 8 12 14 6 4 1
0 0 0 0 0 0 0 0 0 0 0 1 1 0 0 1 1 3 2 1 1 1 1 3 3 5 10 9 23 23 13 24 28 20 10 22 31 41 26 33 19 19 10 16 16 18 16 22 9 8 6 5 5 4 1 1 2 3 2 1 0 0 0 1 1 4 3 4 7 10 25 53 69 26 15 43 31 68 31 44 26 26 18 28 30 26 22 9 17 13 16 18 9 5 2 1
0 0 0 0 0 0 0 0 0 0 0 1 0 0 1 1 3 2 6 1 1 1 2 3 6 6 23 22 11 11 9 11 26 34 25 21 40 47 41 36 39 31 48 38 21 20 21 20 16 10 3 5 4 2 3 3 2 1 1 0 0 0 0 1 2 3 6 16 12 8 14 23 45 56 33 29 64 52 43 35 18 33 33 24 13 25 31 24 29 32 14 13 5 3 2 2
0 0 0 0 0 0 0 0 0 0 0 0 0 0 1 2 4 1 2 1 2 2 2 3 33 44 29 14 31 43 39 23 39 39 35 33 43 58 48 45 54 41 31 30 26 25 34 37 20 12 12 8 11 9 5 2 1 1 1 0 0 1 0 1 3 6 13 24 26 15 9 14 31 54 62 36 72 51 52 52 46 29 37 46 38 34 45 34 26 32 28 10 9 5 2 2
0 0 0 0 0 0 0 0 0 0 0 1 1 0 2 3 7 3 1 4 2 3 5 10 29 54 52 27 14 24 29 26 18 21 30 26 29 39 36 61 68 42 47 44 53 46 38 40 23 16 19 21 11 6 5 3 3 1 1 0 0 1 1 2 4 9 25 26 17 17 18 25 30 28 20 71 72 51 42 41 31 37 57 50 51 58 52 55 39 31 13 8 6 5 3 2
0 0 0 0 0 0 0 0 0 2 6 1 0 1 3 1 1 1 1 2 2 4 7 34 38 15 37 33 28 45 47 36 19 13 17 18 32 42 52 51 40 42 70 64 68 57 38 22 16 12 5 9 10 5 3 2 1 1 1 0 0 1 1 3 7 15 25 27 28 35 33 30 58 59 47 51 68 59 33 40 43 56 54 36 48 50 47 31 41 16 9 6 10 5 3 2
0 0 0 0 0 0 0 1 4 2 10 8 1 1 4 2 1 0 1 1 1 2 3 23 6 9 25 48 50 65 83 41 53 36 21 13 25 67 53 56 65 19 24 11 16 33 19 27 13 13 10 11 9 7 2 1 2 1 1 0 0 1 1 3 11 30 28 26 21 56 74 31 63 76 76 61 47 47 44 28 40 38 45 60 50 45 31 26 29 20 18 18 12 9 3 1
0 0 0 0 0 0 0 0 0 1 0 0 1 2 2 2 4 1 1 1 2 2 6 13 3 2 4 31 32 26 44 78 49 60 55 51 50 50 43 45 56 56 43 51 49 30 31 39 25 20 18 7 5 4 4 2 2 2 1 0 1 2 5 8 15 25 29 30 25 21 52 74 44 66 74 72 58 37 55 45 58 61 45 36 47 45 31 22 25 39 30 22 9 4 4 1
0 0 0 0 0 0 0 0 1 1 1 2 1 2 2 2 5 2 1 3 4 3 6 23 6 1 7 5 17 26 11 22 57 48 63 62 41 15 15 16 34 39 36 45 57 57 38 20 32 24 13 18 13 6 3 6 2 2 2 0 1 3 10 16 30 42 29 26 53 46 33 28 68 74 59 72 53 51 73 70 29 27 31 40 39 29 41 30 33 17 15 7 4 3 2 1
0 0 0 0 0 0 0 0 0 0 1 1 0 2 1 1 2 0 1 1 1 9 9 24 17 5 7 12 19 16 16 6 6 14 17 17 18 16 17 12 9 17 15 22 44 44 28 43 38 31 24 17 13 9 9 6 5 2 2 0 2 5 10 26 37 42 32 43 46 69 51 48 31 30 50 54 72 63 42 48 42 56 52 59 50 40 51 43 22 10 8 8 4 1 1 2
0 0 0 0 0 0 0 0 0 0 1 1 1 1 1 2 2 1 1 1 2 9 15 19 8 1 7 20 13 26 28 10 33 42 46 42 38 33 35 18 14 17 48 57 57 37 41 35 39 36 30 20 16 12 10 7 5 2 1 0 1 4 20 32 34 54 39 49 50 42 81 61 47 34 20 65 48 66 55 54 60 72 71 62 51 62 46 35 16 11 9 6 3 2 3 4
0 0 0 0 0 0 0 0 0 0 0 1 6 7 4 11 6 1 1 0 5 8 14 14 8 19 4 17 18 30 18 35 36 25 30 34 28 31 15 26 52 62 37 39 31 43 35 33 41 31 35 29 19 13 10 9 3 3 1 1 1 2 9 34 66 57 40 54 50 41 38 55 64 20 14 30 72 78 76 67 64 64 65 71 64 43 45 29 40 17 9 5 2 4 2 11
0 0 0 0 0 0 0 0 0 0 1 1 4 8 8 2 1 0 0 2 5 6 12 23 23 9 12 15 12 13 19 61 26 25 33 37 38 25 36 40 65 57 55 52 55 54 51 42 53 41 39 27 23 16 12 5 4 2 2 1 1 2 10 25 54 48 62 69 56 71 65 65 61 29 30 46 66 61 66 57 59 57 56 60 49 42 41 44 44 32 10 7 5 7 6 16
0 0 0 0 0 0 0 0 0 1 1 2 2 33 4 1 2 1 1 3 4 5 9 6 5 5 26 7 15 13 35 26 37 44 36 38 38 43 52 47 37 55 60 65 62 64 55 61 52 31 24 20 16 19 16 7 5 3 2 1 2 4 9 23 44 44 40 59 76 61 76 64 64 32 53 58 64 65 49 48 53 54 43 37 38 39 36 33 26 27 20 15 5 12 17 16
0 0 0 0 0 0 0 0 0 1 1 1 1 2 1 0 1 1 2 2 3 9 11 5 4 11 8 12 20 40 49 40 39 41 32 37 50 52 57 52 56 70 72 57 51 66 66 61 43 37 28 24 17 13 11 12 9 4 2 1 2 6 13 23 35 45 38 44 68 82 74 66 56 81 68 45 34 40 51 54 49 52 53 48 35 45 27 40 26 18 20 15 6 16 17 17
0 0 0 0 0 0 0 0 1 0 0 0 0 0 0 0 1 1 1 2 3 4 5 11 11 5 6 21 43 15 14 15 36 32 40 48 51 51 52 52 57 67 55 58 70 65 66 66 42 41 32 26 19 11 10 13 5 5 4 1 1 3 17 31 47 45 43 39 40 42 54 55 57 67 18 38 40 41 37 40 41 41 38 56 48 47 39 37 24 23 21 9 9 21 20 28
0 0 0 0 0 0 0 0 1 1 1 1 1 1 1 0 0 0 0 3 6 3 19 22 8 9 11 24 13 14 17 23 29 27 38 47 50 51 42 70 59 49 50 64 35 54 69 68 62 52 21 20 18 19 17 11 7 8 4 2 1 3 8 25 41 45 76 55 56 53 47 28 43 62 45 50 53 41 41 41 49 45 51 52 48 21 22 18 22 33 21 7 15 33 36 35
0 0 0 0 0 0 0 0 1 2 1 0 0 1 1 1 0 0 1 4 4 14 12 4 6 16 10 10 12 15 22 22 18 25 32 56 36 36 57 50 44 66 73 43 61 61 61 63 50 31 25 31 30 24 21 20 15 11 5 2 1 3 11 19 35 59 73 84 53 61 49 30 33 70 73 37 45 53 57 38 38 43 55 48 33 14 34 29 23 16 9 4 19 35 36 36
0 0 0 0 0 0 0 1 2 2 0 0 0 0 0 0 1 0 1 3 3 4 2 4 11 4 3 8 11 15 32 24 18 28 38 46 39 56 63 61 46 41 47 58 55 60 46 50 46 40 36 44 41 19 20 17 17 8 7 3 2 5 9 22 43 53 69 76 69 67 50 50 56 71 45 38 36 38 48 52 39 70 57 33 39 46 36 25 13 6 4 11 27 40 36 40
0 0 0 0 0 0 0 0 1 0 0 0 0 0 0 1 2 1 3 1 1 1 1 3 4 6 8 13 21 19 18 14 17 24 49 32 68 64 64 37 28 29 39 56 65 60 56 57 57 54 48 44 29 18 14 12 11 9 9 7 3 8 17 33 53 58 51 49 68 78 68 31 43 70 37 41 65 62 60 67 61 48 46 45 48 49 23 22 12 8 9 24 32 37 29 41
0 0 0 0 0 0 0 0 0 0 0 0 0 1 1 1 1 1 3 3 4 4 1 4 5 11 13 13 12 7 13 16 19 24 62 32 20 12 14 30 32 53 66 70 70 65 57 59 44 57 38 33 38 20 23 13 10 10 9 8 5 15 26 33 57 56 49 29 48 68 67 44 57 66 39 24 44 70 70 68 67 39 48 50 45 44 23 17 26 11 25 29 18 42 42 44
0 0 0 0 0 0 0 0 0 1 0 0 1 0 0 0 0 4 2 1 2 3 3 2 9 8 8 12 8 11 20 21 14 60 18 13 32 39 40 41 57 67 61 67 71 73 68 62 49 48 43 40 39 33 28 24 19 12 10 5 13 20 40 68 63 58 46 50 56 57 67 38 45 56 67 45 48 51 66 69 58 62 46 50 48 38 26 9 12 23 26 16 26 33 59 44
0 0 0 0 0 0 0 0 0 0 1 0 0 0 0 0 1 1 1 3 2 3 3 3 6 7 8 10 12 11 20 20 25 22 5 20 25 33 47 78 56 55 67 69 71 72 60 54 47 39 44 41 41 26 30 19 23 21 13 13 17 37 33 56 60 54 48 57 58 49 74 64 46 64 61 48 53 56 54 53 62 51 41 39 43 29 15 5 11 34 17 28 37 38 60 42
0 0 0 0 0 0 0 0 0 0 0 0 0 0 0 0 1 1 1 4 11 5 1 2 11 6 12 10 7 9 29 58 28 4 9 29 22 53 61 58 58 68 69 53 59 60 60 59 44 48 44 44 43 40 35 31 28 27 18 17 20 24 32 39 59 73 58 74 73 59 50 47 54 57 67 68 50 47 41 41 48 44 38 44 40 24 10 6 25 30 33 51 57 44 50 40
0 0 0 0 0 0 0 0 0 0 0 0 0 0 0 1 1 1 2 4 3 1 3 5 1 7 7 5 15 17 39 22 6 9 33 14 33 26 39 69 74 54 44 77 71 51 58 61 57 53 48 47 44 41 39 37 33 19 21 23 25 44 30 32 33 56 75 75 70 67 74 72 47 59 45 43 30 37 51 56 42 48 37 45 41 12 7 24 22 33 47 55 48 32 47 46
0 0 0 0 0 0 0 0 0 0 0 0 0 0 0 2 0 0 0 1 1 2 5 2 1 4 2 4 23 20 19 4 5 12 27 45 28 33 53 60 61 53 62 34 50 45 59 70 56 55 54 50 48 43 42 40 24 15 28 41 33 48 43 44 42 53 58 82 59 56 34 58 42 28 28 43 53 44 39 41 41 31 48 38 17 10 19 26 36 32 37 46 59 47 47 44
0 0 0 0 0 0 0 0 0 0 0 0 0 0 0 2 1 0 1 0 3 2 2 0 3 5 3 10 28 12 9 4 7 9 38 48 40 34 39 47 48 58 47 37 43 75 62 58 56 69 57 52 51 46 45 40 25 19 38 44 62 64 49 51 41 54 64 64 73 49 38 30 37 46 39 58 45 48 41 45 35 41 27 19 12 19 33 40 34 50 48 36 35 44 38 32
0 0 0 0 0 0 0 0 0 0 0 0 0 0 1 1 0 0 1 2 1 2 1 2 8 2 3 12 9 7 11 6 18 27 46 35 31 36 29 24 27 48 63 57 63 54 60 62 71 58 58 68 35 47 44 30 17 37 49 50 74 68 50 62 45 36 46 74 69 26 60 32 32 45 48 50 47 49 49 40 35 42 20 24 19 33 38 43 36 39 47 34 34 43 49 38
0 0 0 0 0 0 0 0 0 0 0 0 0 1 0 0 0 1 1 2 1 1 1 2 4 2 3 12 3 3 6 6 21 32 37 34 22 28 24 31 42 49 54 70 54 54 56 74 59 58 72 58 56 52 35 31 19 36 63 61 63 70 54 63 62 44 46 49 74 22 29 59 57 42 43 46 58 48 56 56 40 37 15 14 19 36 46 51 55 51 47 47 33 38 55 45
0 0 0 0 0 0 0 0 0 0 0 0 0 0 0 0 0 0 0 1 1 1 2 2 3 4 4 2 2 3 8 14 24 31 9 6 25 21 28 25 31 45 55 66 66 52 73 51 71 74 56 54 57 55 37 33 21 37 62 66 58 67 47 48 64 41 61 35 53 23 26 55 29 48 50 49 49 54 71 50 48 17 13 19 34 38 46 51 39 27 35 56 27 30 46 61
0 0 0 0 0 0 0 0 0 0 0 0 0 0 0 0 0 0 0 0 0 1 2 2 1 3 2 1 2 2 7 3 14 7 4 14 10 13 17 37 43 51 57 62 53 38 61 69 66 60 64 55 55 55 53 35 34 38 65 76 70 65 56 43 61 58 27 32 63 20 40 37 36 43 42 43 57 34 35 40 19 12 19 36 37 44 53 50 30 32 44 25 17 20 30 59
0 0 0 0 0 0 0 0 0 0 0 0 0 0 0 1 1 0 0 0 0 1 1 1 2 3 1 6 6 7 16 14 13 5 4 5 15 14 16 17 22 47 36 43 57 33 28 29 47 51 64 58 55 55 39 24 41 52 64 65 82 72 48 45 50 55 43 15 39 5 9 19 31 43 50 57 58 58 49 48 23 14 22 36 37 61 64 53 39 36 40 41 34 18 27 45
0 0 0 0 0 0 0 0 0 0 0 0 1 0 0 1 1 0 1 0 1 2 1 2 3 2 2 0 1 2 10 2 4 2 5 10 6 9 11 12 38 37 28 44 27 33 38 50 52 65 56 60 58 41 38 24 39 53 66 65 70 49 49 52 55 27 30 27 31 10 13 17 19 14 38 51 50 50 34 32 15 22 35 37 40 62 56 26 36 48 30 43 23 23 28 48
0 0 0 0 0 0 0 0 0 0 0 0 1 1 1 2 1 0 1 1 2 1 1 2 2 1 0 1 1 3 4 2 2 6 13 9 15 11 14 28 23 31 48 27 32 35 53 51 62 52 53 55 58 40 19 38 43 74 63 63 59 61 46 64 54 29 20 39 19 10 20 37 40 52 57 52 44 23 20 12 16 35 35 37 41 65 62 20 23 45 29 49 26 25 29 64
0 0 0 0 0 0 0 0 0 0 0 0 1 1 0 0 0 0 0 2 1 1 1 1 2 2 0 1 1 4 2 1 2 9 17 7 9 13 20 11 35 31 23 36 34 48 52 64 64 56 66 53 41 42 27 42 46 65 75 54 56 59 36 26 46 41 16 20 21 30 39 26 36 41 32 44 36 25 11 28 23 35 40 54 44 60 63 30 32 32 17 53 27 26 29 43
0 0 0 2 2 1 0 0 0 0 0 0 0 0 1 0 0 0 1 1 1 1 1 0 0 1 0 1 1 4 2 2 19 12 5 5 8 11 15 23 47 36 48 26 37 59 63 49 50 69 60 45 40 41 26 54 66 56 61 68 52 53 52 25 52 46 18 15 18 31 21 27 46 37 43 27 34 33 21 39 39 35 41 53 41 43 47 41 46 30 25 54 27 27 23 38
1 1 2 0 2 6 1 0 0 0 0 0 0 0 0 0 0 1 2 1 0 1 0 0 1 2 0 0 1 2 3 13 5 2 5 6 4 3 15 17 29 17 55 39 45 62 35 45 61 57 45 44 38 38 37 55 61 62 58 63 40 40 41 31 23 33 18 5 13 38 25 36 44 50 40 41 44 43 28 37 38 48 42 48 35 31 42 40 38 32 29 53 26 20 27 34
0 1 1 0 0 1 1 1 0 0 0 0 0 0 0 0 0 1 1 1 0 0 1 0 2 4 1 0 2 3 9 16 5 5 8 2 2 3 8 19 14 26 40 45 45 44 47 46 53 50 43 41 35 38 44 43 54 71 55 43 56 23 31 29 17 11 4 3 3 13 26 50 52 45 36 36 32 16 24 32 35 48 42 49 35 44 53 55 42 35 25 41 40 13 29 36
0 0 0 0 0 0 0 0 0 0 0 0 0 0 0 0 0 1 0 0 0 0 0 0 2 1 0 0 1 2 1 2 5 4 4 4 3 1 26 6 12 9 37 26 51 35 40 30 52 52 35 35 31 31 40 56 53 69 58 48 34 27 20 20 3 3 9 17 12 18 24 38 39 27 26 24 14 20 34 31 33 46 49 28 41 39 49 52 38 35 23 35 37 14 16 42
0 0 0 0 0 0 0 0 0 0 0 0 0 0 0 0 0 0 0 0 0 1 1 1 2 1 0 0 0 1 1 4 5 4 7 5 8 2 26 10 2 11 38 29 40 36 40 52 46 44 40 34 31 52 54 44 55 50 50 24 27 27 9 9 6 6 8 20 18 12 36 43 57 54 45 15 19 20 32 43 49 34 46 30 39 52 48 43 33 35 22 30 39 32 12 22
0 0 0 0 0 0 0 0 0 0 0 0 0 0 0 0 0 1 0 0 2 1 1 2 4 2 0 1 0 2 2 2 3 11 4 6 8 5 47 21 4 17 9 35 30 26 48 26 39 40 29 32 28 48 63 44 43 41 40 38 14 14 10 7 7 3 5 7 12 11 31 42 52 66 34 19 22 31 26 47 44 43 39 39 25 48 46 48 36 39 13 31 23 24 16 11
0 0 0 0 0 0 0 0 0 0 0 0 0 0 0 0 0 1 0 0 1 2 1 2 2 0 0 0 0 1 3 1 2 4 6 11 4 5 21 22 9 19 9 38 22 19 27 18 33 33 38 25 26 36 43 72 27 30 20 16 14 6 6 5 3 3 9 8 12 14 35 41 28 50 25 15 33 31 29 31 44 40 37 33 33 48 41 55 38 32 17 30 28 12 16 9
0 0 0 0 0 0 0 0 0 0 0 0 0 0 0 0 0 0 0 0 0 0 0 0 0 0 0 0 0 1 2 3 4 3 5 6 3 3 4 36 12 16 16 29 7 25 19 27 34 20 29 21 24 22 43 41 43 23 13 6 9 3 3 5 4 3 8 7 17 18 27 36 33 24 20 32 30 30 30 24 31 40 48 32 27 47 46 46 43 23 14 35 21 20 17 7
0 0 0 0 0 0 0 0 0 0 0 0 0 0 0 0 0 0 0 0 0 0 0 0 0 2 1 0 0 0 1 2 3 3 4 4 4 3 2 16 32 23 18 9 7 13 12 26 20 9 26 20 21 17 27 43 28 25 7 2 3 1 1 1 1 2 6 13 19 28 44 31 23 15 35 31 33 46 40 26 23 35 31 37 41 52 26 45 27 16 13 43 20 27 12 7
0 0 0 0 0 0 0 0 0 0 0 0 0 0 0 0 0 0 0 0 0 0 0 1 2 0 0 0 0 0 0 1 1 4 2 1 4 3 3 7 42 24 9 5 7 13 21 8 17 7 13 21 16 29 30 18 13 12 11 2 4 1 2 1 3 6 7 11 20 19 31 33 11 15 24 24 41 31 28 19 18 11 30 37 33 24 33 33 26 15 9 39 17 21 21 5
0 0 0 0 0 0 0 0 0 0 0 0 0 0 0 0 0 0 0 0 0 0 0 0 0 0 1 0 0 0 1 1 0 1 1 1 6 1 0 6 15 18 9 6 6 33 20 7 7 13 20 21 12 25 38 14 21 6 7 4 3 2 2 1 2 3 4 8 25 36 20 13 13 23 19 22 19 21 14 5 14 18 28 23 28 24 34 23 5 14 6 22 24 9 6 8
0 0 0 0 0 0 0 0 0 0 0 0 0 0 0 0 0 0 0 0 0 0 0 0 1 2 1 0 0 0 1 1 1 2 2 2 3 1 2 2 11 11 12 8 8 50 13 13 8 10 17 14 16 37 33 13 16 5 3 3 2 0 1 3 3 4 7 11 37 18 12 13 23 20 20 18 26 27 18 12 15 26 21 32 22 21 17 27 5 10 7 6 23 5 4 5
0 0 0 0 0 0 0 0 0 0 0 0 0 0 0 0 0 0 0 0 0 0 0 1 1 0 0 1 0 0 1 2 2 4 3 3 3 2 2 3 11 14 7 11 4 15 9 19 12 5 5 16 22 20 22 10 10 4 2 2 1 0 1 2 3 7 11 16 18 17 20 18 18 20 29 10 12 27 17 11 20 18 16 24 14 15 7 11 8 6 16 6 11 4 6 5
0 0 0 0 0 0 0 0 0 0 0 0 0 0 0 0 0 0 0 0 0 0 1 1 1 1 1 2 1 1 0 2 2 4 1 4 2 4 3 3 5 6 6 12 2 13 13 17 11 9 10 16 14 10 14 4 5 4 2 1 0 1 1 1 2 4 6 20 28 18 17 15 15 27 15 7 9 27 24 11 15 14 11 11 17 14 2 4 8 11 10 6 5 2 6 7
