sesion_6_simulaciones/modelos_agentes/ejemplos_netlogo/scenarios/echam4_b2/rob_2073.asc
NCOLS 322 
NROWS 307 
XLLCORNER 451900 
YLLCORNER 4086900 
CELLSIZE 100 
NODATA_value -9999 
[rows 0 to 73 of 307, columns 96 to 191 of 322]
1 0 0 0 0 0 0 0 0 0 0 0 0 1 2 1 1 1 1 0 1 1 0 1 0 0 0 0 0 0 0 0 0 1 0 0 0 0 1 0 0 1 10 16 25 17 28 23 33 15 10 18 7 2 4 4 6 1 2 1 1 1 1 0 2 3 6 1 1 6 10 5 5 8 8 7 9 13 7 45 35 21 35 39 52 36 38 41 47 60 34 24 18 6 12 23
0 0 0 0 0 0 0 0 0 0 0 0 1 1 1 1 0 0 0 0 1 0 0 0 0 0 0 0 0 1 1 0 0 0 0 0 0 0 1 1 1 3 4 7 48 57 54 40 64 25 35 21 5 3 13 1 1 2 0 1 0 1 1 0 1 1 1 3 3 3 2 8 19 8 17 25 35 14 16 21 22 19 34 39 51 35 35 44 47 38 44 32 38 16 23 24
0 0 0 0 0 0 0 0 0 0 0 0 0 1 0 0 0 1 1 1 1 0 0 0 0 0 0 0 0 1 1 1 0 0 1 1 1 1 2 3 5 9 8 10 3 2 4 16 71 44 42 38 6 19 12 9 3 1 1 1 1 3 14 10 14 5 2 8 1 3 3 4 9 9 14 30 46 50 27 19 20 20 34 35 44 36 38 54 31 30 39 29 34 34 21 23
0 0 0 0 0 0 0 0 0 0 0 0 0 0 0 1 0 1 1 1 0 0 0 0 0 0 0 0 0 0 0 1 0 1 2 1 3 3 8 15 26 33 24 5 2 3 1 2 15 4 6 5 2 5 13 2 7 1 1 1 2 6 26 25 25 33 22 8 11 6 5 8 6 7 14 17 27 14 10 18 26 26 39 44 44 34 31 40 27 23 37 39 24 30 15 29
0 0 0 0 0 0 0 0 0 0 0 0 0 0 0 0 0 2 1 0 0 0 0 1 1 0 0 0 0 1 1 1 0 2 3 3 5 11 27 42 53 45 32 12 6 2 3 9 4 3 4 5 1 11 3 5 6 3 0 1 9 21 13 32 20 8 27 5 11 15 14 7 6 4 14 11 17 14 18 22 28 22 59 42 27 30 29 42 28 30 38 47 17 29 34 42
0 0 0 0 0 0 0 0 0 0 0 0 0 0 0 0 0 0 1 1 0 0 1 1 1 0 0 0 0 0 0 1 1 1 6 12 14 30 47 42 55 58 51 22 6 9 7 7 7 5 8 15 2 3 3 6 3 2 1 2 15 21 5 2 3 7 8 2 2 6 2 8 24 12 10 5 8 9 11 20 18 23 29 28 36 25 25 43 39 21 37 19 28 30 56 19
0 0 0 0 0 0 0 0 0 0 0 0 0 0 0 0 0 0 1 1 1 1 0 0 1 0 1 0 0 0 0 1 2 1 5 30 42 46 48 56 58 58 24 10 12 34 12 18 14 13 9 11 8 7 9 5 2 3 5 2 2 2 2 4 2 3 13 26 9 9 2 5 5 2 12 13 14 12 8 15 14 9 13 12 24 28 21 34 32 14 34 25 32 27 17 15
0 0 0 0 0 0 0 0 0 0 1 1 1 0 0 0 0 0 0 0 1 3 1 1 2 1 0 0 0 0 0 1 2 9 7 24 38 52 55 54 46 19 19 14 36 28 20 40 23 19 8 10 20 18 9 7 5 16 24 22 10 4 1 1 4 2 10 4 13 6 9 4 2 5 2 12 17 48 25 7 17 19 12 13 36 18 21 22 31 31 25 18 5 11 14 11
0 0 0 0 0 0 0 0 0 0 0 1 3 2 0 1 0 0 0 0 1 1 1 1 1 0 0 0 0 0 1 1 6 23 42 20 10 19 15 16 26 16 12 22 52 41 17 26 28 16 13 7 50 19 11 17 13 20 4 9 25 15 6 1 3 4 3 2 1 4 11 9 3 3 9 4 7 10 14 38 31 58 19 24 14 7 13 53 23 27 24 64 36 19 13 19
0 0 0 0 0 0 0 0 0 0 0 0 0 0 0 0 0 0 0 0 0 0 0 0 1 0 0 0 0 1 1 7 9 11 30 25 21 23 12 14 8 7 12 25 57 34 11 13 18 22 18 11 14 68 48 44 5 10 3 17 13 14 3 4 1 3 2 1 4 8 6 7 10 7 13 20 6 7 37 43 19 50 30 20 8 10 9 17 19 35 14 30 69 57 16 12
0 0 0 0 0 0 0 0 0 0 0 0 0 0 0 0 0 0 0 0 0 0 0 0 1 0 0 0 1 2 6 11 40 32 17 18 19 40 37 23 16 6 5 9 34 12 11 17 22 16 23 10 19 26 75 52 13 8 9 21 6 7 5 1 3 4 4 2 8 17 14 18 9 6 18 27 15 6 7 33 21 16 35 40 13 16 10 16 55 42 36 28 61 76 46 20
0 0 0 0 0 0 0 0 0 0 0 0 0 0 0 0 0 0 0 0 1 0 0 0 0 0 0 0 1 10 15 20 25 25 20 15 19 38 38 28 16 8 9 17 20 10 11 32 15 17 38 14 22 38 18 35 17 12 16 14 5 5 11 7 4 3 9 8 13 46 55 57 9 15 26 32 17 10 12 45 23 5 24 45 16 20 20 18 41 25 19 26 50 56 55 43
0 0 0 0 0 0 0 0 0 0 0 0 0 0 0 0 1 1 1 0 2 2 0 0 0 0 0 1 2 7 25 16 20 18 20 31 42 16 22 40 16 7 8 30 23 10 18 20 23 31 46 34 33 56 34 28 27 18 26 9 6 7 11 9 5 4 3 10 25 17 38 35 22 13 12 32 15 13 5 11 22 4 36 59 20 20 33 21 15 43 30 13 19 34 54 66
0 0 0 0 0 0 0 0 0 0 0 0 0 0 0 0 0 0 2 1 0 0 1 0 0 0 0 3 5 6 13 17 15 7 9 10 12 8 7 12 16 3 2 2 11 7 15 17 47 62 67 62 44 46 26 40 40 25 22 20 6 4 14 15 11 10 5 6 8 5 2 2 13 20 14 19 11 19 12 7 3 6 15 49 52 21 30 32 22 20 40 20 33 52 77 56
0 0 0 0 0 0 0 0 0 0 0 0 0 0 0 0 0 0 2 1 0 1 2 1 1 0 1 1 6 11 6 4 4 7 12 11 11 9 5 2 12 2 9 5 2 3 17 33 37 69 69 63 50 58 37 60 54 37 33 36 5 13 20 20 11 8 3 5 3 2 2 12 33 26 19 22 23 19 9 10 18 6 19 50 60 25 12 16 22 17 12 11 28 43 53 47
0 0 0 0 0 0 0 0 0 0 0 0 0 0 0 0 0 0 0 0 0 0 0 2 1 1 1 1 2 3 3 9 13 15 11 16 32 33 17 4 4 5 2 6 3 4 3 21 37 42 54 45 42 40 53 35 41 33 42 34 5 14 4 21 33 19 6 7 8 2 6 25 32 32 13 7 12 22 29 24 19 18 18 43 69 83 52 35 18 15 15 9 31 67 56 39
0 0 0 0 0 0 0 0 0 0 0 0 0 0 0 0 0 0 0 0 0 0 0 0 3 1 1 3 10 10 11 4 6 11 12 24 39 43 34 3 8 7 4 5 14 16 18 4 21 34 24 22 18 19 29 47 46 47 48 47 10 23 14 17 26 7 5 6 5 4 6 29 20 30 7 6 11 11 32 23 25 25 29 34 71 86 83 35 20 20 19 14 35 61 69 62
0 0 0 0 0 0 0 0 0 0 0 0 0 0 0 0 0 0 0 0 0 0 0 0 1 2 1 2 3 3 6 6 10 6 23 44 28 38 33 17 24 28 19 20 32 32 38 23 8 3 4 7 5 2 10 56 80 88 60 24 39 23 18 11 20 12 6 12 4 4 33 28 32 26 8 16 33 17 23 31 18 18 14 9 59 65 61 61 41 24 25 19 25 46 50 25
0 0 0 0 0 0 0 0 0 0 0 0 0 0 0 0 0 0 0 0 0 0 0 0 2 4 1 1 1 4 6 9 6 16 21 27 11 14 20 39 29 36 46 56 50 32 43 41 22 16 12 12 17 2 4 14 82 85 56 31 27 35 16 10 17 5 6 7 2 22 47 43 33 41 14 13 37 35 33 67 38 27 15 10 21 49 55 52 56 35 30 32 18 34 73 23
0 0 0 0 0 0 0 0 0 0 0 0 0 0 0 0 0 0 0 0 0 0 0 0 1 1 1 1 2 3 3 9 12 10 13 6 15 22 19 30 51 58 52 30 36 20 35 44 27 22 21 7 12 6 13 9 31 43 52 50 32 17 13 26 22 3 6 25 51 34 53 71 28 69 27 10 31 59 42 66 53 47 35 17 19 57 76 61 68 47 42 30 14 25 65 53
0 0 0 0 0 0 0 0 0 0 0 0 0 0 0 0 0 0 0 0 0 0 0 0 0 1 1 0 0 2 2 2 5 8 14 9 9 19 12 42 24 29 51 39 25 23 29 42 41 22 31 26 10 18 23 19 24 49 62 52 15 14 52 40 21 4 19 28 39 47 34 36 21 29 52 37 21 21 25 67 29 26 48 36 31 17 66 45 70 41 48 30 22 22 31 54
0 0 0 0 0 0 0 0 0 0 0 0 0 0 0 0 0 0 0 0 0 0 0 0 1 1 2 2 1 2 2 3 5 14 24 13 30 14 26 11 27 19 18 20 38 42 72 62 60 28 29 24 24 25 37 30 31 45 66 63 58 15 21 22 12 13 41 9 28 46 50 31 38 18 50 59 34 20 26 79 85 47 23 65 52 20 17 29 69 57 51 50 27 24 25 56
0 0 0 0 0 0 0 0 0 0 0 0 0 0 0 0 0 0 0 0 1 0 1 0 1 1 1 3 1 1 7 15 21 5 3 35 30 10 12 14 24 41 27 21 20 53 48 23 30 23 42 29 29 31 31 34 21 34 53 35 27 23 12 11 12 28 45 5 25 14 41 54 41 15 15 43 41 57 29 60 86 64 58 30 52 30 12 28 71 77 30 62 45 28 33 51
0 0 0 0 0 0 0 0 0 0 0 0 0 1 0 0 0 0 0 1 1 1 1 1 2 1 1 6 5 3 4 3 2 1 1 5 12 18 6 17 20 36 36 42 38 17 14 9 7 6 21 18 11 15 28 15 18 20 20 30 36 24 14 18 38 33 23 10 19 20 23 42 33 36 26 65 66 47 42 24 68 69 52 72 36 27 20 23 23 60 25 43 41 23 20 28
0 0 0 0 0 0 0 0 0 0 0 0 0 0 0 0 1 0 0 0 1 2 5 2 2 2 7 4 13 6 3 2 5 5 4 0 2 16 18 6 14 31 47 57 43 38 34 28 23 22 10 9 6 3 4 4 4 7 27 35 45 25 30 31 17 38 18 22 31 27 20 31 52 60 19 59 66 47 51 36 56 70 43 24 58 41 25 24 20 31 32 34 48 25 14 15
0 0 0 0 0 0 0 0 0 0 0 0 1 1 1 1 2 2 1 1 5 15 21 34 29 23 24 12 22 14 33 42 47 17 5 5 6 5 4 11 25 19 29 36 52 54 56 45 39 38 22 22 22 21 20 20 20 17 42 49 38 30 22 22 18 36 35 44 18 46 20 16 49 37 21 47 47 27 35 33 34 46 73 26 28 21 26 12 13 21 17 28 15 14 10 12
0 0 0 0 0 0 0 0 0 1 0 0 0 2 4 2 2 10 7 18 26 35 50 51 41 56 49 41 48 55 32 14 25 32 23 8 12 9 4 3 18 22 29 47 43 44 53 45 45 43 36 35 38 37 21 33 23 26 38 29 33 21 12 13 10 45 27 44 38 44 14 19 29 38 27 47 44 58 22 32 34 17 44 31 19 39 17 15 4 11 19 15 17 12 12 11
0 0 0 0 0 0 0 0 1 1 1 3 2 4 7 23 22 14 21 8 14 21 27 55 56 54 74 67 66 66 10 6 6 7 16 16 24 10 14 10 13 34 39 41 44 41 36 63 54 42 37 37 37 37 35 35 37 12 22 21 23 14 14 21 38 60 56 30 39 19 24 15 29 33 35 23 22 37 43 26 38 25 36 32 12 33 18 13 4 7 18 17 13 17 10 5
0 1 0 0 1 1 1 1 1 3 7 14 21 32 57 55 38 34 48 27 11 5 21 41 28 28 20 49 52 42 28 4 3 2 4 6 12 11 14 17 7 16 24 29 18 17 11 28 38 38 49 50 36 36 34 50 38 14 15 14 9 18 33 40 51 42 25 25 18 35 31 42 25 24 26 23 23 25 41 29 26 24 23 17 19 17 19 14 10 4 11 6 7 11 5 4
1 1 0 1 2 2 2 4 8 17 29 39 45 68 56 74 51 50 72 17 41 14 8 21 16 9 12 14 15 15 34 17 9 2 3 2 6 5 6 16 15 15 36 15 21 18 12 26 26 17 14 13 11 22 22 11 38 23 16 12 14 21 36 42 45 37 19 38 50 31 37 27 24 21 19 12 16 16 23 23 22 22 9 16 10 5 7 4 6 4 3 1 1 2 2 3
1 3 2 2 3 6 10 20 18 43 48 68 57 73 62 68 37 43 70 53 16 21 11 6 6 5 2 2 9 8 13 51 17 4 4 3 15 42 41 27 26 17 19 11 9 16 17 7 5 8 9 20 30 32 18 18 37 22 33 11 18 25 38 28 43 22 16 30 51 46 32 24 13 23 18 10 6 2 7 11 14 9 6 5 3 4 4 4 2 2 2 2 13 6 8 11
2 5 8 8 19 31 37 42 45 59 57 84 68 67 46 60 42 59 58 64 13 27 28 10 7 2 2 1 3 5 4 10 13 5 5 8 5 10 10 12 9 10 11 20 22 15 17 9 15 16 40 54 45 29 52 12 39 36 10 4 5 17 14 35 28 31 18 12 16 23 20 20 10 4 4 5 8 6 15 20 13 18 11 16 19 19 16 14 14 19 7 8 28 19 11 23
11 21 26 42 45 38 57 51 65 57 84 59 30 44 44 41 49 50 51 55 22 12 17 10 8 5 2 3 6 7 7 15 9 3 10 8 12 11 19 13 25 16 26 27 33 34 27 25 19 24 34 59 60 58 59 30 40 35 18 24 14 3 5 6 8 8 13 9 8 8 9 8 8 15 23 23 36 23 36 22 24 33 20 32 23 48 33 17 28 26 14 15 26 23 16 30
36 45 57 46 63 57 68 53 59 44 61 9 19 14 21 38 39 29 26 43 24 10 4 3 5 7 7 5 8 3 24 27 21 11 17 20 18 14 17 18 19 23 24 25 41 29 39 28 15 48 41 42 53 38 29 26 57 36 28 46 36 24 25 26 27 26 41 32 25 24 24 25 38 37 37 23 39 37 38 38 38 39 35 35 51 43 35 28 30 18 29 19 33 20 40 38
6 14 28 29 55 51 64 57 24 4 2 3 8 6 6 8 9 18 33 45 24 6 6 11 5 6 20 13 22 14 20 20 19 15 14 28 23 11 28 21 20 31 31 33 25 26 34 27 23 34 42 36 48 54 36 41 38 26 33 37 35 37 37 43 42 38 53 45 42 24 38 38 36 37 51 38 39 52 38 51 51 38 42 41 66 41 38 34 36 32 33 25 42 44 44 54
5 4 3 3 3 4 14 14 13 4 3 4 10 10 5 3 2 4 19 24 11 5 23 6 13 20 26 19 27 16 15 12 23 14 8 16 17 8 18 22 17 32 20 19 21 25 42 30 18 24 39 36 19 61 35 48 24 28 36 28 45 33 30 32 34 27 54 39 27 37 37 37 50 36 48 36 37 53 52 53 40 38 52 46 53 43 39 39 36 36 37 33 63 50 40 39
10 20 19 7 7 6 2 4 6 3 5 8 7 5 2 3 1 9 7 12 16 27 29 12 24 20 22 18 13 4 1 5 13 10 8 11 6 8 14 20 25 14 18 16 17 32 26 17 27 25 39 45 20 49 45 17 45 41 35 22 36 29 45 44 32 40 37 38 37 24 35 49 48 36 49 48 38 55 39 49 39 52 54 67 55 40 23 49 39 40 47 50 57 28 56 38
12 11 12 8 5 4 4 4 8 10 13 15 12 4 4 10 11 14 17 25 47 40 35 19 19 11 11 14 15 11 6 4 10 7 8 6 5 7 9 14 6 5 16 19 15 47 20 22 36 18 44 16 38 36 15 23 46 36 21 32 22 37 41 30 19 38 37 37 22 37 55 60 52 35 47 51 50 57 39 36 43 53 53 51 44 29 27 50 44 29 58 58 55 29 19 60
5 9 13 11 13 7 13 11 14 16 20 29 23 17 13 22 12 18 30 33 41 24 11 17 18 10 5 7 13 10 6 3 6 7 3 8 4 13 8 6 9 6 17 10 8 44 23 26 19 15 20 36 22 14 13 12 25 45 20 33 32 44 37 19 43 41 46 35 18 38 48 69 53 39 45 53 54 42 35 27 46 70 63 57 55 28 49 70 52 26 46 69 66 36 21 56
8 13 8 10 6 10 16 11 9 17 18 23 21 20 24 21 22 29 27 26 31 19 15 14 9 5 6 10 7 8 3 6 3 2 6 6 6 5 7 4 5 3 15 5 4 22 22 21 11 15 16 7 21 3 2 2 7 27 10 33 44 32 32 52 41 41 27 13 22 52 56 75 59 40 44 62 71 47 45 25 49 73 51 38 39 33 53 70 50 34 27 76 80 55 34 47
3 8 7 10 9 14 11 9 8 8 16 16 15 15 33 15 18 25 20 18 23 17 7 11 6 6 7 7 5 10 3 5 2 2 2 5 2 3 2 5 4 5 7 5 11 8 20 14 4 7 11 6 8 4 3 2 4 8 5 31 38 32 37 53 19 37 14 13 22 53 63 67 60 43 48 63 76 36 45 21 55 83 55 29 25 33 55 71 52 36 29 63 74 63 22 45
2 3 9 8 5 6 9 4 4 4 10 9 8 16 12 12 8 16 19 9 8 10 11 7 4 4 4 3 2 14 3 3 2 2 2 4 3 2 2 3 2 5 4 3 6 4 7 2 3 2 3 9 6 4 3 3 9 4 5 18 15 23 55 27 36 33 21 25 33 39 59 53 57 31 37 59 44 27 49 24 40 68 55 41 25 31 55 69 48 39 29 44 67 46 29 44
0 1 1 1 1 1 2 2 2 2 2 3 4 8 6 6 7 6 9 7 4 2 3 5 4 2 4 2 1 2 3 4 1 1 1 3 1 1 1 2 2 4 3 2 2 3 2 1 1 1 1 3 1 1 2 2 5 2 5 8 7 17 11 19 51 20 20 26 41 28 37 56 31 16 29 49 36 21 50 24 33 57 34 29 31 22 24 64 63 36 21 41 60 38 22 38
0 0 0 0 0 0 1 1 1 2 1 3 3 3 3 5 4 3 4 5 2 1 1 4 3 1 3 1 1 2 2 2 1 1 1 1 1 1 1 2 3 1 1 3 2 1 0 2 1 0 0 1 0 1 1 2 3 5 5 2 3 2 7 33 9 15 29 14 21 19 13 29 12 9 18 34 16 19 32 11 34 40 23 23 25 30 12 23 61 27 19 30 51 39 26 21
0 0 0 0 0 0 0 0 0 1 1 2 1 2 2 2 2 2 2 2 2 1 3 2 2 1 1 1 0 1 1 2 0 0 0 1 0 0 0 1 2 1 1 1 0 1 0 0 0 1 0 1 1 0 1 1 3 3 2 8 5 2 9 7 12 19 7 8 9 13 5 17 4 4 6 18 8 18 22 8 15 19 9 25 25 29 14 15 51 29 13 26 29 15 18 13
0 0 0 0 0 0 0 0 0 0 0 1 1 1 1 1 2 2 1 0 1 0 3 0 1 1 1 1 0 0 0 1 0 0 1 0 0 0 0 0 1 0 0 0 0 0 0 2 4 9 4 3 4 2 1 1 2 2 2 3 2 2 5 1 8 3 4 4 5 10 2 6 3 5 2 6 3 11 9 6 15 8 6 11 20 8 15 10 20 11 15 10 27 27 31 21
0 0 0 0 0 0 0 0 0 0 0 1 0 1 0 1 0 1 1 0 0 1 1 0 1 1 0 1 0 0 0 0 0 0 0 0 0 0 0 0 0 0 1 1 1 5 2 9 3 3 1 2 4 7 8 4 4 1 1 3 2 2 1 1 3 2 2 2 3 6 6 4 4 3 2 7 2 8 2 2 14 3 13 11 19 8 11 8 9 16 15 22 26 39 51 71
0 0 0 0 0 0 0 0 0 0 0 0 0 0 0 0 0 1 1 1 0 1 1 1 0 0 0 0 0 0 0 0 0 0 1 2 1 1 3 7 2 2 2 8 2 2 11 11 2 6 3 2 4 12 6 4 8 6 3 10 4 11 7 2 1 2 4 4 3 4 8 8 4 20 24 17 22 38 27 11 12 22 27 26 7 55 46 30 19 8 13 12 21 49 30 41
0 0 0 0 0 0 0 0 0 0 0 0 0 0 0 0 0 0 0 0 0 0 0 1 0 0 0 0 0 0 0 0 0 0 0 1 2 0 0 3 3 5 2 7 13 2 3 5 7 8 11 2 3 14 17 3 23 12 24 16 5 10 5 5 3 6 3 11 18 1 2 15 15 6 16 25 13 26 13 41 10 25 47 30 15 51 40 30 59 50 37 13 25 41 25 16
0 0 0 0 0 0 0 0 0 0 0 0 0 0 0 0 0 0 0 0 0 0 0 0 0 0 0 0 0 0 0 0 0 0 0 0 0 0 0 2 3 1 5 11 7 1 3 3 4 8 11 3 4 11 8 16 9 6 10 17 5 2 3 11 10 11 12 12 11 18 2 13 27 5 19 34 5 3 5 55 41 20 20 26 39 50 50 60 72 60 25 48 16 14 46 60
0 0 0 0 0 0 0 0 0 0 0 0 0 0 0 0 0 0 0 0 0 0 0 0 0 0 0 0 0 0 0 0 0 0 0 0 0 1 0 2 1 4 2 2 15 7 3 3 5 7 11 13 5 23 20 50 8 22 41 40 20 2 8 9 9 29 23 36 14 36 7 6 28 11 21 42 13 8 6 47 33 42 5 5 13 50 60 54 71 52 14 55 30 25 43 55
0 0 0 0 0 0 0 0 0 0 0 0 0 0 0 0 0 0 0 0 0 0 0 0 0 0 0 0 0 0 0 0 0 0 0 0 0 0 2 14 2 6 4 11 11 14 5 6 18 13 45 48 17 29 63 71 24 48 57 40 27 6 26 29 12 11 9 8 26 54 12 7 21 8 29 37 63 15 24 70 35 56 44 13 13 29 52 48 46 30 53 80 33 23 15 15
0 0 0 0 0 0 0 0 0 0 0 0 0 0 0 0 0 0 0 0 0 0 0 0 0 0 0 0 0 0 0 0 0 0 1 1 1 2 7 7 5 2 3 17 21 9 4 6 12 23 47 36 39 17 47 77 34 41 53 41 50 37 42 55 10 13 24 11 35 49 39 19 5 14 57 55 61 52 21 75 25 51 69 33 19 18 47 38 39 15 70 83 56 37 41 17
0 0 0 0 0 0 0 0 0 0 0 0 0 0 0 0 0 0 0 0 0 0 0 0 0 0 0 0 1 0 0 0 0 1 1 1 1 2 5 4 15 5 18 5 44 7 11 10 6 18 47 42 21 8 9 35 46 63 66 64 79 56 60 54 47 22 29 25 39 39 65 36 15 13 40 61 72 71 38 53 54 53 62 73 37 24 14 15 13 27 68 49 72 42 41 28
0 0 0 0 0 0 0 0 0 0 0 0 0 0 0 0 0 0 0 0 0 0 0 0 0 0 0 0 0 0 0 0 0 0 2 1 1 1 0 3 3 2 1 1 6 6 32 27 9 6 19 6 11 5 4 7 9 40 46 43 53 59 55 48 77 26 30 27 7 60 86 29 19 13 54 42 41 54 24 38 44 18 65 79 62 37 10 11 13 19 12 35 76 43 28 36
0 0 0 0 0 0 0 0 0 0 0 0 0 0 0 0 0 0 0 0 0 0 0 0 0 1 0 0 0 0 0 0 1 1 2 2 1 2 1 1 1 4 2 1 2 4 10 17 22 6 8 6 13 6 7 17 13 7 13 27 26 12 23 55 85 55 23 31 41 70 85 43 15 7 17 28 48 36 51 59 44 12 49 68 80 30 20 10 32 37 20 37 88 59 52 57
0 0 0 0 0 0 0 0 0 0 0 0 0 0 0 0 0 0 0 0 0 0 0 0 0 0 1 0 0 0 0 0 1 2 1 1 3 4 1 1 2 8 5 3 5 5 6 7 9 4 9 25 29 26 19 19 13 10 8 6 2 1 8 70 69 66 39 20 24 66 78 72 55 18 11 28 45 36 38 25 49 36 22 74 77 62 26 17 39 29 52 83 83 82 65 62
0 0 0 0 0 0 0 0 0 0 0 0 0 0 0 0 0 0 0 0 0 0 0 0 0 0 0 0 0 1 0 0 2 1 2 3 3 6 3 6 4 7 9 5 2 11 7 11 9 4 8 41 53 58 50 41 27 24 21 19 22 17 19 38 40 54 45 18 8 41 37 74 75 31 13 41 52 36 24 43 68 34 21 22 77 80 31 18 51 58 54 76 50 78 47 31
0 0 0 0 0 0 0 0 0 0 0 0 0 0 0 0 0 0 0 0 0 0 0 0 0 0 0 1 0 1 0 0 0 0 3 5 2 3 8 18 11 13 10 6 2 4 21 17 13 9 8 27 70 74 68 66 55 52 43 42 72 75 80 69 55 51 39 24 9 6 31 48 81 61 56 19 37 46 26 5 21 34 38 52 71 78 51 32 19 39 40 34 79 78 87 59
0 0 0 0 0 0 0 0 0 0 0 0 0 0 0 0 0 0 0 0 0 0 0 0 0 0 0 1 0 0 0 1 2 2 5 4 4 10 25 10 25 20 8 11 15 15 24 29 20 16 10 17 44 71 67 76 79 75 52 38 30 46 57 64 76 72 73 61 36 3 9 48 58 65 53 48 31 16 21 21 54 48 24 33 30 72 71 32 16 26 32 36 29 72 60 74
0 0 0 0 0 0 0 0 0 0 0 0 0 0 0 0 0 0 0 0 0 0 0 0 0 0 0 0 0 1 1 6 3 2 3 7 5 8 7 2 6 35 48 24 41 28 22 21 25 27 26 13 11 16 57 59 56 76 77 67 59 52 38 45 52 72 77 76 72 61 40 64 55 76 43 43 32 22 34 26 23 29 19 51 38 75 80 30 14 41 47 31 32 33 62 77
0 0 0 0 0 0 1 0 0 0 0 0 0 0 0 0 0 0 0 0 0 0 0 0 0 0 0 0 0 0 0 0 0 2 2 4 5 8 11 12 7 3 10 55 58 70 57 38 34 16 25 28 24 15 26 44 38 31 51 57 61 70 72 60 37 41 72 79 78 63 65 81 62 83 71 52 47 48 29 17 20 41 21 33 46 32 70 43 15 29 47 44 20 13 55 78
0 0 2 0 0 0 0 0 0 0 0 0 0 0 0 0 0 0 0 0 0 0 0 0 0 0 0 1 0 0 1 1 1 2 2 7 9 11 13 17 20 18 9 7 9 55 65 59 37 26 18 30 25 17 7 7 7 9 9 12 21 44 39 54 57 34 34 51 51 43 69 69 68 65 64 67 71 64 41 46 44 40 21 23 62 68 50 57 23 10 39 43 23 43 80 40
0 0 0 0 0 0 0 0 1 2 2 1 0 0 0 0 0 0 0 0 0 0 0 0 0 0 0 1 0 0 1 1 1 1 2 4 4 7 8 11 15 15 29 28 31 20 12 9 33 36 44 15 15 11 16 25 23 23 23 21 24 10 8 12 16 12 10 8 11 32 44 60 55 51 43 36 36 63 55 47 38 26 53 47 49 62 51 67 47 17 13 36 52 81 51 73
0 0 0 2 1 0 0 0 0 2 0 0 0 0 0 0 0 0 0 0 0 0 0 0 0 0 0 0 0 0 0 0 0 1 1 1 4 7 6 10 14 20 24 29 34 26 24 25 18 10 11 8 12 26 28 39 37 41 40 53 25 9 8 25 27 41 22 26 8 7 17 41 35 24 24 26 32 42 50 65 60 29 26 29 31 36 50 61 66 26 13 30 86 65 54 65
0 0 0 1 1 1 1 0 0 0 0 0 0 0 0 1 0 0 0 0 0 0 0 0 0 0 0 0 0 0 0 0 0 0 1 2 2 4 3 9 12 12 12 14 22 19 17 27 23 21 28 30 32 43 39 35 51 54 57 54 31 27 28 43 39 31 39 22 10 13 13 4 4 4 6 6 15 15 7 14 25 18 19 14 15 16 40 51 47 30 13 66 73 48 71 68
1 0 0 0 1 1 3 2 1 0 0 0 0 0 0 0 1 1 0 0 0 0 0 0 0 0 0 0 0 0 0 0 1 0 0 0 2 4 2 2 5 11 11 8 15 14 20 22 28 26 33 21 23 36 45 46 48 54 64 57 37 35 45 43 53 56 59 50 29 28 10 5 3 7 9 17 39 27 18 17 13 10 7 9 8 12 19 31 52 52 24 77 37 24 61 76
1 1 1 1 1 2 1 0 1 1 0 1 0 0 0 1 2 1 0 0 0 0 0 0 0 0 0 0 0 0 0 0 0 0 0 0 1 4 4 5 7 8 16 12 18 17 21 23 27 16 40 29 27 23 36 40 62 64 67 52 25 47 41 55 56 72 65 62 53 34 25 26 26 31 34 47 55 44 29 29 43 51 31 17 21 14 5 11 25 59 41 72 28 28 69 88
1 1 0 0 2 1 5 4 1 1 1 2 2 0 1 5 4 1 0 1 0 1 0 0 0 0 0 0 0 0 0 0 0 0 0 0 1 2 3 4 7 6 7 11 12 15 19 30 23 18 28 36 22 23 37 46 61 53 43 36 36 44 51 53 54 75 70 62 54 32 45 46 46 51 48 48 61 47 46 47 48 49 33 49 50 30 27 8 12 36 33 35 32 22 47 69
2 2 2 1 4 7 6 5 11 3 2 1 0 3 4 3 2 1 1 3 0 2 0 0 0 0 0 0 0 0 0 0 0 0 0 1 1 2 1 3 7 6 3 8 10 9 17 22 17 9 10 25 23 17 28 44 49 39 27 20 23 50 45 47 69 69 60 57 33 28 43 43 45 57 50 63 61 64 47 50 61 53 55 68 59 56 36 12 7 26 22 36 26 11 29 49
2 0 2 1 1 6 4 2 3 8 8 3 0 2 7 4 0 0 2 3 0 4 0 0 0 0 0 0 0 1 0 0 0 0 0 0 0 0 1 1 3 3 4 5 5 3 14 6 13 5 17 13 13 8 22 40 25 27 15 24 24 34 32 49 65 61 57 58 30 47 57 58 39 56 64 59 61 54 45 56 64 61 57 70 45 36 20 18 9 6 9 21 23 8 22 17
2 2 1 3 1 2 12 15 18 8 2 2 0 2 3 5 1 2 9 2 1 4 0 0 0 0 0 0 1 0 0 1 0 0 0 0 0 0 0 1 1 1 2 4 2 3 4 4 2 2 19 3 7 5 20 9 11 18 9 13 13 20 33 53 38 56 48 37 29 45 55 56 34 59 51 61 66 53 44 54 71 58 65 47 31 41 37 44 38 13 3 3 12 10 8 11
4 2 3 3 4 3 8 15 12 12 14 4 8 1 0 0 3 20 13 2 3 3 0 1 0 0 0 0 0 1 0 0 0 0 0 0 0 0 0 1 0 1 1 2 1 1 1 1 2 3 1 1 3 8 3 6 6 5 7 6 6 13 37 32 36 31 23 27 40 51 49 51 42 53 32 42 48 28 39 48 70 42 31 36 47 55 72 56 44 21 13 5 2 6 6 5
4 4 3 4 15 8 21 46 12 12 8 10 12 14 1 0 1 2 1 0 1 5 1 0 0 1 0 0 0 0 0 0 0 0 0 0 0 0 0 0 0 0 1 0 0 0 0 1 0 0 1 1 1 3 2 3 2 2 6 7 4 20 20 20 24 35 24 21 27 44 39 26 31 46 27 14 51 26 31 61 36 42 40 45 76 82 68 50 47 38 19 15 11 3 4 4
