sesion_6_simulaciones/modelos_agentes/ejemplos_netlogo/scenarios/echam4_b2/rob_2050.asc
NCOLS 322 
NROWS 307 
XLLCORNER 451900 
YLLCORNER 4086900 
CELLSIZE 100 
NODATA_value -9999 
[rows 0 to 73 of 307, columns 96 to 191 of 322]
17 4 0 1 2 3 3 2 2 2 7 6 10 21 24 6 12 7 6 2 9 8 6 15 6 3 6 6 9 7 3 2 5 9 6 4 4 8 15 5 3 18 58 66 77 64 80 78 84 72 70 78 55 27 43 38 50 16 27 23 24 14 12 6 27 37 43 10 8 32 39 21 19 24 21 16 19 24 14 60 45 27 37 38 43 28 30 34 42 60 38 30 24 9 17 33
1 1 1 1 1 5 2 2 2 4 4 6 18 18 14 10 3 2 2 4 7 1 2 3 7 4 6 3 4 19 9 3 3 6 3 4 7 8 13 16 21 33 32 35 82 85 84 81 92 72 85 74 37 32 68 19 14 16 7 13 4 17 10 5 17 9 10 32 31 27 18 41 57 30 44 51 57 25 29 33 30 26 42 44 51 35 35 45 50 45 54 42 50 28 35 35
0 0 0 2 2 3 2 1 1 2 1 3 6 9 3 2 3 9 8 11 16 2 4 3 4 5 8 3 7 9 16 11 1 5 20 16 17 21 29 32 42 54 39 44 13 9 19 47 91 81 80 79 36 69 63 59 33 14 13 16 12 36 69 62 68 43 30 57 20 30 27 28 43 38 45 63 72 69 45 34 34 32 46 47 52 42 44 61 41 42 54 42 48 51 37 38
0 0 0 0 0 0 1 3 1 0 1 1 3 8 7 9 7 16 16 15 5 1 5 7 1 3 4 5 5 3 7 8 5 14 21 16 36 38 55 69 76 77 62 21 10 12 6 11 46 18 27 28 13 33 59 20 50 7 7 15 26 45 78 77 76 81 73 50 55 44 41 50 39 37 51 49 53 28 22 34 45 44 59 60 58 47 42 54 40 35 55 57 38 48 34 50
0 0 0 0 0 0 0 3 5 1 4 3 3 3 11 9 7 30 12 6 5 3 5 12 10 6 4 5 4 12 19 11 5 16 34 37 43 58 77 83 84 75 63 34 19 9 11 31 18 14 17 24 7 41 20 34 45 26 5 10 50 69 55 75 65 42 72 35 50 67 65 46 42 29 55 40 44 36 40 43 52 47 79 61 45 48 47 60 44 45 56 67 35 56 57 62
1 0 0 0 0 0 0 1 5 10 2 4 1 4 6 3 11 10 15 9 3 3 10 8 9 7 6 6 2 3 8 17 16 7 44 60 63 76 82 74 78 77 72 46 19 23 21 23 26 20 29 45 9 17 21 39 21 22 15 15 53 64 24 12 18 32 37 17 17 38 13 47 73 53 47 29 35 34 37 54 47 53 59 55 62 49 48 66 63 42 59 41 55 52 73 35
0 0 1 1 0 0 1 1 2 8 7 3 2 3 3 8 4 11 18 15 14 8 3 4 8 8 11 9 4 2 4 20 24 15 33 74 80 80 73 75 75 73 41 22 27 57 29 42 38 37 29 30 29 33 43 31 14 27 34 15 10 13 11 17 9 13 46 62 37 40 16 35 30 15 53 56 56 53 36 55 44 33 43 39 58 62 51 65 64 39 67 55 56 48 33 29
0 0 0 0 0 1 1 1 1 3 29 26 17 7 5 3 3 6 7 7 19 33 10 14 24 14 9 4 7 6 7 10 24 50 36 59 69 75 73 71 63 31 33 26 53 45 36 60 46 43 24 27 48 53 38 37 29 55 64 64 42 17 3 3 17 11 35 17 39 23 38 24 11 26 16 46 55 83 64 33 54 59 45 47 74 51 53 56 62 62 50 38 17 26 27 21
0 0 0 0 0 1 1 1 1 1 7 23 46 37 14 24 5 3 3 14 14 9 9 14 11 4 8 7 5 8 16 17 39 66 78 49 28 41 29 28 40 26 18 34 63 53 30 42 46 36 31 20 74 47 38 53 43 55 20 39 65 49 24 3 13 16 10 9 5 15 41 36 15 16 39 20 30 35 45 70 63 84 52 60 43 27 36 78 52 53 45 76 55 37 27 34
0 0 0 0 1 1 1 0 1 2 3 1 1 1 1 1 7 4 4 6 6 7 10 7 16 10 10 6 10 14 18 49 47 40 61 53 47 46 25 23 13 11 16 35 65 45 19 20 31 40 37 26 33 82 72 72 19 34 14 54 45 45 12 15 4 10 7 4 13 25 24 29 36 27 37 53 22 21 63 68 43 69 54 48 27 33 26 38 39 57 30 46 75 71 31 22
0 0 0 0 1 1 1 2 2 1 1 1 3 2 1 1 3 2 11 3 7 5 8 5 15 7 3 8 17 28 46 52 78 66 43 41 39 58 56 36 21 9 7 11 42 17 16 25 35 27 40 23 37 47 81 66 34 24 31 54 24 25 16 5 9 12 15 7 24 36 36 42 25 17 44 60 41 19 18 55 40 29 51 64 35 38 26 32 70 57 52 41 69 82 60 34
0 0 1 1 1 1 1 3 3 3 1 2 5 6 4 3 5 13 13 5 24 10 4 6 8 6 4 6 13 61 63 59 58 52 42 33 34 52 51 37 20 9 10 19 24 13 12 39 23 27 54 26 39 56 36 49 34 33 41 38 17 15 33 23 11 8 24 21 30 63 72 72 20 31 48 56 40 22 23 61 39 11 37 64 33 41 36 31 55 38 29 38 56 65 65 58
0 0 0 1 1 1 1 1 1 3 4 3 1 2 3 7 14 14 20 11 38 37 9 5 4 6 4 10 22 45 70 47 47 40 39 47 54 24 30 48 18 8 8 27 23 10 20 24 28 41 59 47 47 68 49 39 44 39 50 21 17 18 29 25 14 10 9 23 42 29 50 50 35 28 30 57 31 27 11 22 39 9 48 73 35 37 48 32 23 49 38 19 24 41 59 71
0 0 0 0 0 0 0 0 1 2 4 3 3 3 3 2 10 4 33 11 5 6 21 11 8 6 11 32 43 35 41 44 34 18 18 18 17 12 10 15 18 3 2 2 9 7 13 17 48 65 72 66 51 53 34 49 54 45 41 37 15 12 32 35 25 23 12 13 16 10 5 5 22 33 32 42 30 42 27 16 8 13 25 62 63 32 41 43 28 24 44 24 34 55 77 60
0 0 0 0 0 0 0 0 0 1 1 1 3 3 4 3 2 5 29 15 5 22 31 14 14 11 15 15 38 42 23 14 13 18 24 19 18 14 7 2 14 3 9 5 2 3 12 29 35 66 64 60 50 57 37 64 63 52 52 54 11 26 36 37 25 18 8 11 7 4 4 22 50 46 39 47 47 40 21 21 33 12 31 60 66 32 17 21 26 20 15 12 28 43 53 47
1 0 0 0 0 1 0 0 0 0 0 0 0 1 1 2 4 7 3 2 5 8 4 27 18 25 11 15 14 13 13 28 35 34 24 29 48 45 23 4 5 5 2 5 3 3 2 15 30 35 45 37 35 35 47 33 46 44 57 51 10 26 9 37 53 32 12 13 15 3 10 36 48 53 28 17 30 40 48 42 30 28 29 49 70 84 58 43 22 17 16 9 26 61 52 39
0 0 0 0 0 1 1 1 0 0 1 1 0 0 1 3 4 6 4 8 8 2 4 7 35 21 22 32 55 40 35 16 20 30 31 45 59 57 39 4 9 8 4 5 14 14 14 3 12 20 15 14 12 11 20 40 47 55 58 58 18 37 26 30 44 15 10 12 9 8 12 41 33 46 17 13 25 24 45 37 35 33 36 39 69 85 82 37 23 20 16 12 26 49 59 54
0 0 1 1 1 1 0 0 0 0 1 0 0 0 1 1 3 3 6 8 4 3 4 4 17 25 12 22 23 16 25 23 33 22 52 71 52 56 39 22 29 32 21 21 35 33 35 17 5 2 2 4 2 1 5 43 74 87 65 32 50 35 29 20 32 25 12 22 7 7 45 43 50 41 17 28 51 33 34 42 25 22 16 10 55 63 59 60 38 21 19 13 15 30 35 19
0 0 0 1 0 1 0 0 0 0 0 0 0 0 0 0 1 2 3 1 4 5 5 4 30 47 15 18 15 29 35 39 26 49 55 57 27 28 32 50 41 45 53 63 56 36 42 34 15 10 7 7 9 1 2 8 72 82 54 37 35 42 23 17 27 9 11 13 4 33 63 59 49 54 23 23 52 48 43 70 46 30 17 9 20 44 47 47 46 27 20 18 8 17 54 13
2 1 0 0 0 0 2 0 0 0 1 1 1 1 1 1 1 1 1 2 4 6 8 4 17 19 21 20 29 28 31 47 49 40 41 20 39 43 36 47 67 69 60 36 38 20 33 39 20 15 13 4 6 3 7 5 20 31 44 51 35 21 17 37 34 6 12 37 65 48 65 79 41 73 37 17 43 66 47 64 55 51 35 14 14 40 60 43 53 31 25 15 6 10 38 31
2 0 0 0 0 1 1 1 1 1 1 1 1 1 1 0 0 1 2 2 2 3 2 1 8 17 14 7 8 23 18 16 29 41 48 31 29 42 28 64 38 39 56 40 24 19 21 27 23 12 16 14 4 9 13 10 13 30 50 46 15 15 56 48 30 7 26 39 49 61 48 53 32 38 60 44 28 26 27 63 29 26 42 29 20 9 42 23 50 23 26 13 8 8 11 26
1 0 0 0 1 1 2 4 2 4 2 3 1 1 1 1 1 1 1 7 3 4 4 3 18 14 25 19 9 15 18 27 31 54 61 46 65 38 53 25 42 25 19 16 28 27 47 31 32 11 12 10 10 10 18 13 14 21 43 47 49 15 22 27 17 19 46 13 37 58 60 42 46 23 52 61 38 22 25 73 80 41 18 51 35 9 6 11 44 32 25 23 8 7 6 22
1 0 0 0 3 1 0 1 1 1 0 1 3 2 1 1 1 1 1 6 12 8 10 6 19 8 14 29 14 11 38 52 58 24 13 70 63 30 31 31 40 51 28 15 11 27 20 6 9 7 16 9 10 11 11 12 7 12 24 18 19 20 13 13 15 35 51 7 34 22 48 58 46 17 15 42 42 52 26 49 80 55 44 17 31 12 4 9 40 51 10 29 15 7 8 16
1 0 0 0 4 2 1 2 6 2 4 2 2 19 10 4 3 3 2 16 10 18 14 9 19 15 10 38 34 21 20 17 8 6 7 20 33 43 19 37 35 49 41 36 24 7 4 2 2 1 5 5 3 4 7 4 4 5 5 12 24 20 14 21 43 40 30 14 25 25 26 44 35 33 23 58 59 40 34 16 52 53 33 50 17 10 6 6 6 26 7 14 12 4 4 5
2 2 0 1 4 3 2 1 11 4 1 4 7 10 12 12 21 7 8 7 18 22 41 23 17 17 35 27 53 31 15 9 22 21 14 2 8 34 36 15 28 47 57 58 34 23 14 10 6 6 2 2 1 1 1 1 1 1 7 15 32 21 30 33 18 42 22 29 32 29 20 30 46 51 14 45 51 34 34 22 34 48 22 9 27 15 6 5 4 7 8 8 13 5 2 2
6 7 2 3 6 2 4 1 4 5 6 8 12 18 21 15 29 34 12 12 37 67 70 79 71 61 62 42 60 45 66 67 73 43 19 17 20 15 12 24 46 33 42 45 54 47 37 23 18 15 7 7 6 5 5 5 4 4 14 26 29 25 20 22 18 36 36 47 19 39 17 13 41 29 14 34 29 15 20 17 15 20 44 8 8 5 6 2 2 4 3 6 2 2 1 2
7 6 10 7 8 2 3 3 8 13 11 8 9 35 45 31 34 64 49 67 73 76 84 81 72 79 75 69 75 80 54 28 45 53 45 22 30 23 10 8 33 39 44 60 51 48 47 35 29 25 18 16 15 15 7 12 7 8 15 16 23 16 10 12 10 43 27 44 35 35 10 15 20 25 15 27 24 32 9 13 13 5 15 8 4 11 3 2 0 2 3 2 3 2 2 1
4 12 11 7 11 10 11 9 12 22 24 35 31 43 57 79 75 61 72 38 45 55 60 80 76 73 82 80 81 81 24 15 15 15 31 34 46 24 31 23 23 50 54 48 46 43 35 61 48 32 25 23 20 18 17 17 18 4 9 12 14 9 11 19 35 53 46 25 32 14 17 9 17 18 15 9 9 14 17 8 13 7 10 7 2 8 3 2 1 1 3 2 2 2 1 1
6 19 11 7 16 13 14 14 21 39 58 69 79 83 89 88 78 74 83 66 36 18 49 67 50 48 38 65 66 59 45 10 8 6 9 15 26 22 27 32 14 27 33 35 22 19 12 23 32 31 41 39 27 24 22 33 21 6 7 7 5 12 26 36 44 33 18 18 13 23 20 24 12 11 10 8 7 8 13 8 6 5 5 3 3 3 3 2 1 0 1 1 1 1 1 1
9 19 9 11 32 28 25 40 59 75 82 83 82 87 83 90 77 76 90 43 70 34 20 41 30 18 22 24 27 28 48 31 22 5 8 4 13 11 11 28 24 21 41 16 22 18 9 18 19 11 9 9 8 15 14 6 25 13 9 7 9 14 29 34 34 25 11 23 32 19 21 13 10 7 6 3 4 3 5 5 4 4 1 3 2 1 1 0 1 0 0 0 0 0 0 0
7 32 24 26 36 54 65 75 69 84 80 89 75 88 80 85 63 66 86 75 34 43 23 12 12 9 5 4 14 15 22 62 30 10 10 8 25 51 48 32 33 20 19 10 8 12 12 4 3 5 5 14 24 25 13 12 29 16 24 7 12 16 27 20 30 12 7 15 25 22 14 9 4 7 5 2 1 0 1 2 2 1 1 1 0 1 0 0 0 0 0 0 2 1 1 1
22 38 56 58 75 84 83 83 79 83 78 91 80 79 62 77 63 74 75 78 26 47 47 19 13 3 3 1 5 8 7 16 22 11 11 16 10 18 17 20 15 14 15 23 22 13 14 6 10 10 30 49 46 30 47 9 30 29 7 3 3 11 9 20 15 15 7 4 5 8 6 7 3 1 1 1 2 1 3 3 2 3 1 2 3 3 2 2 2 3 1 1 4 3 1 3
51 69 74 81 82 78 86 80 82 74 89 73 49 61 58 56 62 65 65 71 36 22 28 18 15 9 4 5 12 13 14 26 19 7 22 18 24 24 35 24 39 25 36 35 38 36 24 20 16 19 31 58 65 63 59 30 35 30 14 17 10 2 3 3 3 3 5 3 2 2 2 2 2 4 7 7 11 6 10 5 5 7 4 7 4 13 7 3 5 4 2 2 5 3 2 5
75 79 83 73 83 81 86 74 75 59 72 18 32 24 32 47 48 38 36 59 36 16 7 6 9 13 13 10 17 7 38 46 41 27 39 41 38 31 36 35 36 39 38 37 52 37 43 26 13 46 45 46 63 50 38 33 59 36 28 44 30 19 17 16 14 14 24 15 9 9 9 9 17 17 17 9 16 15 14 13 13 12 10 10 18 12 8 5 6 3 5 3 6 3 9 9
22 38 53 49 72 69 78 75 43 9 5 6 14 10 9 11 13 21 39 54 34 10 11 19 10 11 37 25 40 29 39 43 42 37 37 58 49 27 51 43 41 53 52 51 39 37 44 33 27 37 49 46 60 70 54 55 47 35 43 44 38 38 35 39 36 29 42 29 24 11 19 21 20 21 31 21 21 29 19 26 26 15 17 18 33 15 11 9 9 8 7 5 11 13 14 20
21 14 10 10 8 10 27 30 27 10 6 8 16 16 6 4 3 5 21 28 16 9 37 12 26 36 48 40 53 38 37 32 52 39 29 48 45 25 45 49 41 57 40 37 39 42 58 44 28 32 52 52 30 77 58 69 41 45 53 41 55 41 36 37 37 25 48 30 18 24 24 25 37 25 35 25 25 38 35 33 22 21 31 24 27 17 14 12 11 11 11 9 28 20 17 17
39 53 44 19 18 14 4 9 14 6 11 14 12 7 3 4 1 10 9 14 23 42 48 24 46 42 48 45 36 15 5 15 39 35 31 40 27 31 43 52 57 36 42 36 37 56 46 31 44 39 56 64 43 76 72 39 69 63 55 39 50 42 57 53 38 41 36 34 29 18 29 42 41 29 42 41 31 46 29 39 29 40 41 50 33 17 8 22 15 15 22 25 34 14 33 18
47 37 35 23 13 10 10 10 20 21 25 27 18 5 6 13 15 17 23 34 61 61 59 37 45 32 31 41 41 33 22 15 36 32 35 32 24 32 36 45 22 17 42 46 37 74 45 45 58 33 65 39 74 77 48 57 74 62 40 53 40 54 54 41 26 43 41 36 20 35 53 59 52 34 46 49 50 53 34 30 35 48 45 37 27 14 12 28 23 14 37 40 38 17 10 45
27 36 39 31 32 19 30 26 36 36 41 48 35 25 20 31 19 26 42 49 61 46 26 42 50 33 18 27 42 40 27 17 29 36 20 43 29 54 39 27 34 23 48 32 26 74 54 56 43 33 48 73 68 55 50 45 60 72 43 57 55 63 54 31 56 52 54 39 19 40 52 75 60 44 51 57 59 46 38 27 44 70 61 50 43 18 33 57 40 18 32 58 58 26 13 44
45 51 29 30 18 28 42 35 32 47 45 47 41 38 40 37 36 45 46 49 57 45 44 48 39 25 26 38 31 37 17 30 19 14 41 46 43 36 39 24 27 16 47 18 15 54 60 57 36 42 54 39 70 21 16 13 34 60 32 63 72 57 53 70 57 55 36 17 25 58 63 82 69 52 57 70 78 54 53 30 53 77 55 39 33 26 47 66 46 27 20 70 79 52 29 41
26 39 29 37 28 40 45 43 42 39 55 44 39 37 59 29 34 49 44 43 54 52 32 50 33 33 37 36 28 47 21 38 20 17 25 45 22 29 20 32 25 28 34 23 40 39 69 54 23 35 55 48 51 31 24 16 24 37 24 70 74 64 65 70 33 51 21 19 29 63 74 78 75 59 64 74 84 46 57 29 60 85 62 33 27 34 56 73 54 36 27 63 74 63 24 46
22 25 47 34 23 32 46 31 27 30 51 41 33 45 37 33 24 43 51 32 31 41 52 44 30 30 26 22 18 66 25 35 24 24 28 45 37 26 18 27 19 33 27 21 35 36 51 21 27 21 33 67 52 43 29 26 49 28 31 64 54 61 82 48 57 50 33 34 48 50 76 76 77 50 57 76 64 42 66 37 49 76 65 53 35 39 64 77 57 45 33 48 69 49 37 50
9 15 20 17 11 11 29 22 18 25 23 27 26 38 31 27 30 27 38 33 26 16 25 41 36 27 35 22 14 25 41 50 21 17 23 42 26 14 17 24 18 34 26 21 23 34 26 23 18 19 18 42 19 19 28 29 47 20 40 48 40 61 37 48 74 39 35 39 59 48 65 84 63 37 58 77 65 44 71 42 52 74 51 48 48 37 37 75 75 48 31 52 71 51 36 53
2 7 5 7 7 8 16 19 11 24 19 29 30 25 21 33 24 19 26 32 18 13 10 35 35 23 36 12 13 30 30 34 14 14 28 20 15 19 16 27 33 14 22 35 33 21 11 30 16 12 7 22 7 13 16 30 37 50 44 24 23 17 34 73 33 43 55 31 44 52 46 73 38 33 55 72 48 47 63 30 63 68 49 50 50 54 26 36 78 44 37 46 71 64 52 43
2 2 3 3 7 3 5 6 9 15 14 25 20 19 20 22 18 17 13 17 25 11 31 22 30 25 20 18 5 16 28 37 4 7 14 23 11 5 11 14 32 15 23 12 11 14 12 4 13 14 12 18 21 11 18 22 45 38 31 56 43 22 51 41 53 60 30 32 39 57 34 65 29 30 41 67 39 58 61 27 47 51 35 63 63 61 36 33 75 58 35 51 59 43 50 39
0 1 2 3 4 2 8 5 7 10 12 23 15 10 12 17 20 25 16 5 7 5 36 5 17 20 18 13 5 8 10 16 2 2 15 4 3 3 14 3 18 9 13 9 9 11 10 38 46 67 53 43 43 33 19 29 38 28 32 42 35 31 43 18 53 28 32 34 42 61 26 46 30 43 21 42 29 52 43 34 56 39 34 51 66 37 48 34 51 42 50 38 68 71 73 60
1 0 2 1 1 4 1 2 4 5 10 13 9 14 5 15 5 18 18 6 3 9 18 6 15 18 14 17 3 3 2 4 6 8 3 3 5 6 12 6 10 9 13 29 14 49 31 68 36 44 26 28 41 59 66 46 44 15 15 47 27 28 12 20 43 26 28 34 40 56 56 45 46 40 29 57 28 59 29 27 67 27 63 55 66 42 53 40 39 58 58 66 68 75 79 88
0 1 0 0 1 2 5 1 4 3 2 3 3 8 5 9 6 14 10 12 7 14 11 22 5 5 8 6 8 7 3 2 4 3 24 36 21 16 40 67 38 38 33 68 38 31 70 69 29 51 41 32 40 65 56 40 55 51 42 65 43 60 55 35 24 35 45 40 32 36 53 58 43 71 78 72 75 86 79 58 61 71 72 71 37 85 84 72 64 34 51 43 56 78 60 66
0 0 0 1 2 6 2 1 1 0 0 1 2 7 6 6 6 9 7 7 10 8 7 19 8 4 2 2 3 2 2 4 6 1 3 21 36 8 13 46 47 51 36 61 75 33 42 49 55 57 63 22 29 68 72 34 77 67 83 77 45 59 44 53 41 57 40 64 68 19 25 66 65 41 68 76 56 75 57 81 49 67 80 69 47 82 76 63 86 79 65 37 52 66 47 35
0 0 0 0 0 1 0 0 0 1 1 1 6 4 2 7 3 8 4 3 7 4 8 9 8 4 1 2 3 6 4 1 2 2 2 6 10 6 5 29 40 22 52 72 60 21 31 31 38 48 60 25 30 55 51 68 56 51 65 75 43 18 29 62 64 67 64 59 57 66 21 58 77 36 65 81 29 21 30 84 78 53 49 56 68 75 73 79 88 78 49 68 33 28 64 71
0 0 0 0 0 1 1 0 0 1 2 3 2 3 2 5 3 4 3 2 2 5 7 3 5 5 0 1 2 4 2 1 3 1 2 2 5 21 9 34 21 41 30 29 73 50 30 22 35 36 52 54 29 66 67 87 44 72 88 87 70 15 47 55 56 78 70 77 52 77 39 32 69 40 62 82 50 35 27 75 68 71 18 17 31 70 79 72 81 67 29 72 49 36 53 64
0 0 0 0 0 0 1 1 1 1 1 3 2 1 3 5 4 3 1 2 3 4 2 2 3 2 0 1 1 3 3 2 2 2 3 6 6 8 31 73 30 50 33 57 61 67 34 33 57 47 82 83 50 65 86 91 61 85 90 81 75 36 73 77 58 51 42 35 60 84 47 27 51 28 66 71 87 44 50 84 62 75 68 29 26 46 67 62 61 44 65 88 49 32 20 21
0 0 0 0 1 0 0 1 0 0 2 1 1 1 2 4 4 2 2 2 1 2 1 1 1 4 1 2 4 8 9 8 4 7 12 16 11 23 51 52 46 18 21 63 70 47 26 24 38 52 75 69 70 45 76 91 67 74 82 76 82 73 77 87 43 46 59 33 62 77 72 47 17 32 80 78 81 73 43 86 45 66 77 49 29 25 58 49 50 23 77 87 67 47 47 19
1 0 0 0 0 0 0 0 1 1 2 1 0 1 1 2 3 1 1 1 2 1 1 1 1 2 3 10 15 3 5 4 11 19 13 16 9 21 35 35 65 31 54 25 82 35 41 35 20 41 69 68 48 24 28 65 68 78 84 82 91 78 80 79 78 54 57 46 54 60 82 61 31 27 65 77 84 82 58 71 67 61 66 79 47 29 19 21 19 35 74 54 78 50 46 26
0 1 1 0 0 0 0 0 0 0 1 1 0 0 2 1 0 1 1 1 2 1 0 1 0 1 1 1 5 3 2 13 10 11 32 22 13 7 4 21 23 15 5 5 30 27 67 57 22 15 37 17 29 15 12 21 22 60 65 65 73 75 68 65 88 52 53 45 14 70 91 48 32 26 69 59 59 68 39 52 56 24 68 80 66 43 12 14 15 25 16 38 81 48 32 36
0 0 1 2 2 0 0 0 0 0 1 0 0 0 1 0 0 1 1 1 1 1 1 2 5 16 4 2 4 3 6 6 20 24 24 23 16 22 12 6 9 26 12 6 12 17 29 40 41 16 18 14 29 17 19 36 27 16 27 47 46 24 34 67 91 74 41 44 53 76 88 56 25 15 29 42 63 48 60 65 54 17 51 68 79 32 21 10 34 40 22 40 89 62 57 57
0 1 0 1 1 4 1 0 1 1 0 0 0 0 0 0 0 0 1 2 1 5 2 2 6 10 15 2 2 9 10 6 18 31 15 7 27 26 9 9 12 38 23 13 20 18 19 17 19 10 17 41 48 44 37 35 26 20 17 12 4 2 13 77 80 78 55 28 34 70 80 76 65 28 17 40 57 43 43 29 52 39 25 71 74 60 25 15 37 30 51 81 82 82 66 60
1 2 2 1 1 1 4 0 0 0 1 3 1 0 0 0 0 0 0 0 0 1 1 2 6 9 7 9 9 20 9 6 23 14 25 28 20 34 16 26 19 31 35 20 10 33 20 25 19 8 15 53 63 70 64 56 43 37 33 29 33 29 29 52 53 65 56 23 12 45 43 78 78 38 18 46 57 41 25 40 65 34 23 22 73 76 27 13 41 52 48 72 48 77 46 28
0 0 0 1 2 1 1 0 0 1 3 3 7 2 2 2 0 0 0 0 0 0 1 1 2 3 7 18 9 14 7 9 8 4 28 35 13 13 26 44 32 39 32 22 8 15 46 36 26 16 14 36 74 76 74 73 60 60 52 51 76 78 81 71 59 56 47 30 12 8 36 49 81 63 57 21 39 47 25 5 18 28 32 44 63 73 43 22 11 29 34 30 74 75 86 55
0 0 0 2 6 3 12 2 3 2 2 1 5 5 4 1 1 0 0 0 1 1 1 1 3 3 5 13 6 5 4 15 29 20 37 27 21 33 50 26 48 44 24 29 36 36 48 50 35 26 15 21 45 70 67 76 75 73 54 44 33 48 58 62 71 69 70 60 37 3 11 48 56 63 57 49 30 14 20 17 46 35 16 24 23 62 61 20 8 15 23 29 25 64 56 69
7 2 1 1 1 5 4 1 2 5 2 3 1 2 1 0 2 0 0 0 0 0 1 3 8 2 5 10 8 14 14 51 29 16 20 32 21 25 19 7 15 52 64 42 60 47 40 37 38 39 35 16 13 16 52 53 48 68 68 61 55 50 36 40 44 62 67 68 64 55 37 60 52 69 40 40 30 20 29 20 16 17 10 33 25 61 71 17 6 21 30 22 24 25 55 72
3 6 4 1 1 7 18 8 2 2 2 2 0 1 1 0 1 2 0 0 1 1 1 4 4 4 2 4 4 4 3 4 5 18 16 19 21 26 29 30 18 8 19 66 67 76 66 51 46 23 33 32 23 12 20 32 27 21 36 41 43 58 59 46 25 27 53 64 63 48 53 73 53 74 61 41 36 37 20 11 12 23 11 16 25 19 52 24 5 12 26 27 12 9 47 72
2 3 34 9 3 4 2 9 11 5 5 2 0 2 1 2 3 3 1 1 0 1 3 3 3 3 7 18 10 7 11 19 16 18 21 40 41 41 39 45 46 37 20 14 14 60 67 62 42 29 22 32 23 12 4 4 4 6 5 5 10 24 23 30 32 17 16 26 27 24 50 52 49 46 45 45 49 45 26 27 23 19 9 10 34 44 27 34 9 3 16 23 14 32 76 30
2 2 7 6 4 3 1 0 21 46 38 32 2 3 2 1 1 9 1 2 1 1 1 2 13 3 10 16 5 9 17 24 12 17 25 33 32 42 39 40 45 38 53 47 46 28 15 11 35 37 43 15 12 7 11 18 17 17 17 14 13 5 3 4 5 4 3 3 3 13 21 36 30 27 21 15 15 34 29 23 18 9 22 18 19 31 24 39 22 5 3 15 36 74 39 66
4 3 5 31 13 4 4 1 2 30 8 3 5 4 3 3 3 0 1 3 0 0 1 2 4 2 3 4 3 4 4 7 10 17 17 22 38 51 36 48 53 56 53 54 55 42 36 34 22 12 11 7 9 22 26 38 36 38 35 42 16 4 4 13 13 22 10 11 3 2 6 16 12 8 8 8 9 14 20 34 29 8 7 8 9 10 18 30 37 9 4 13 78 43 36 52
6 5 6 12 14 16 24 3 1 1 1 1 1 3 3 15 2 4 2 3 1 0 1 1 1 1 3 3 4 4 3 6 7 12 20 26 28 35 33 51 51 40 36 36 44 33 30 41 33 28 32 32 32 47 45 43 57 57 56 46 21 15 15 28 26 19 23 10 3 4 4 1 1 1 2 1 4 4 2 3 6 4 4 3 3 3 10 19 16 10 4 39 47 20 53 51
14 9 7 2 14 14 41 36 15 11 7 4 1 2 11 5 23 16 6 3 10 5 3 1 0 1 2 2 1 2 2 8 14 7 3 9 30 38 23 19 33 42 32 24 35 28 37 39 44 39 45 29 32 49 59 60 59 61 68 55 31 28 40 37 46 46 45 31 13 10 3 1 1 2 2 5 15 8 5 4 3 2 1 2 1 2 4 7 19 19 6 53 12 7 35 56
14 14 12 18 15 30 14 8 13 25 8 12 4 7 12 29 43 24 10 7 13 3 4 5 4 2 2 1 1 2 6 2 2 2 9 11 25 44 42 37 44 38 47 37 42 38 41 43 47 30 57 49 47 41 57 61 77 76 73 55 26 49 46 59 57 71 60 47 31 14 9 9 9 13 15 23 33 21 11 10 17 18 7 3 4 2 1 2 5 24 12 37 7 7 38 72
18 19 5 5 17 15 46 40 18 18 18 33 25 9 18 56 48 26 9 23 4 16 4 5 2 1 0 4 1 3 2 1 1 10 7 10 16 29 41 39 44 33 33 37 38 42 46 59 48 37 46 62 45 46 63 72 79 70 55 45 41 53 63 64 63 79 69 52 40 18 28 28 27 33 34 34 47 33 29 28 28 23 12 18 16 6 5 1 2 8 7 8 8 4 15 33
21 23 19 6 29 43 47 38 64 36 22 10 6 34 49 40 30 17 13 50 5 26 4 3 3 2 1 4 6 1 1 2 2 7 8 15 19 31 26 38 50 38 19 35 37 34 51 64 55 33 32 62 57 48 63 77 74 60 44 33 36 67 64 65 80 76 64 56 27 21 36 36 35 49 46 60 59 60 38 40 51 39 33 42 26 21 9 2 1 4 4 10 5 2 7 16
17 5 17 9 4 36 26 17 27 50 53 34 6 20 54 42 6 8 32 48 6 43 4 4 11 8 2 4 5 18 2 1 3 3 8 6 4 8 15 16 38 26 33 34 37 25 58 37 62 32 63 53 51 41 69 81 60 56 35 49 49 62 58 72 80 73 63 61 32 46 59 58 37 56 68 65 66 57 47 55 64 57 47 50 19 10 4 3 1 1 1 4 4 1 4 3
17 15 9 17 5 11 48 58 63 41 17 17 6 26 28 45 16 32 67 35 14 41 7 5 3 7 6 9 13 4 9 17 4 3 3 5 2 6 7 14 23 22 24 39 28 33 40 40 22 22 76 29 48 39 75 52 48 54 32 42 42 55 68 78 63 72 60 46 37 53 64 64 41 65 61 72 75 62 54 60 74 59 57 31 13 13 9 12 8 2 0 0 2 1 1 2
28 12 19 15 18 16 28 47 44 45 51 25 46 13 6 3 32 80 69 32 38 37 13 14 14 7 3 11 10 12 9 2 3 2 3 1 2 4 4 22 11 15 27 29 12 23 20 23 31 39 22 17 40 63 35 49 38 30 35 32 32 52 77 66 66 52 38 41 56 68 66 67 56 66 48 55 67 44 55 62 77 43 26 23 26 28 36 18 11 4 2 1 0 1 1 1
22 24 17 17 45 27 51 76 37 36 32 42 51 57 7 2 12 17 11 6 20 47 26 10 6 13 5 10 7 7 2 0 2 4 0 2 3 4 7 8 6 7 22 7 6 8 9 22 11 7 12 16 27 42 29 28 15 21 42 42 31 71 67 64 58 61 44 41 51 68 64 51 54 67 51 28 76 56 59 77 46 45 38 40 64 65 37 18 14 8 3 2 1 0 1 0
