sesion_6_simulaciones/modelos_agentes/ejemplos_netlogo/scenarios/echam4_b2/rob_2061.asc
NCOLS 322 
NROWS 307 
XLLCORNER 451900 
YLLCORNER 4086900 
CELLSIZE 100 
NODATA_value -9999 
[rows 148 to 221 of 307, columns 0 to 95 of 322]
0 1 1 0 1 1 1 1 0 0 0 8 7 7 4 9 11 7 3 6 2 2 0 0 0 0 0 0 0 0 0 0 0 0 0 0 0 0 0 0 1 1 1 1 2 1 4 3 3 8 4 4 8 5 7 19 16 7 5 14 27 27 25 15 25 36 34 20 23 51 49 51 25 30 60 75 23 24 19 32 32 28 12 21 59 46 18 12 45 40 33 38 60 57 37 63
0 1 1 1 1 2 2 3 3 1 1 4 7 18 13 17 25 6 10 8 6 5 0 1 0 0 0 0 0 0 0 0 0 0 0 0 0 0 0 0 0 0 0 0 2 11 6 4 2 3 2 7 9 9 2 3 3 2 14 12 11 39 20 14 21 38 31 29 31 47 23 9 7 37 28 30 63 13 15 39 35 21 29 23 13 57 27 17 14 26 13 52 33 65 48 23
0 0 0 1 1 4 4 1 2 3 2 2 27 32 26 11 47 22 19 21 9 2 1 0 1 0 0 0 0 0 0 0 0 0 0 0 0 0 0 0 0 0 1 2 6 4 3 3 2 2 3 4 5 5 11 7 13 13 12 13 21 35 12 13 34 32 42 50 31 7 38 20 21 36 64 27 31 10 3 10 23 25 20 36 18 24 50 35 19 25 18 13 28 30 42 19
0 0 0 0 0 0 0 0 1 1 2 2 7 26 24 21 58 49 36 7 1 1 1 2 2 1 0 0 0 0 0 0 2 1 1 2 3 0 0 0 1 1 5 7 2 2 1 3 2 1 4 5 5 5 7 6 15 15 16 16 28 25 20 14 30 52 46 30 66 25 10 41 50 25 36 13 26 45 19 8 11 21 26 16 23 14 23 56 44 26 25 15 11 31 40 35
1 0 0 0 0 0 0 1 1 1 1 3 2 3 3 2 2 4 5 3 1 5 6 3 8 1 4 0 0 0 0 0 1 0 0 0 0 2 0 0 1 1 1 2 2 4 6 10 4 2 4 5 8 6 2 6 9 29 13 25 23 30 43 71 73 54 54 24 25 78 28 25 26 33 20 6 10 12 43 26 14 17 33 28 19 26 20 25 53 25 20 19 7 8 21 21
1 1 0 0 0 0 0 0 0 0 2 2 2 5 3 3 1 5 7 11 28 11 23 6 5 1 1 1 0 2 1 0 0 0 0 0 0 0 1 0 0 6 1 2 2 2 1 2 6 4 8 11 10 8 4 5 10 20 32 29 56 46 62 61 69 66 57 13 21 62 63 46 29 18 28 18 14 11 25 16 25 21 20 31 25 21 20 20 64 45 15 14 18 7 25 28
6 1 3 1 1 3 3 0 0 0 0 1 2 6 7 2 1 4 17 18 27 48 25 35 10 6 7 6 1 2 6 4 1 0 0 0 1 0 0 1 0 3 1 1 3 1 1 2 2 6 12 20 32 23 27 12 16 20 37 47 25 18 60 68 65 57 57 38 25 39 74 26 30 22 16 12 24 8 24 44 20 30 29 18 18 16 20 15 27 23 39 16 10 8 7 12
10 6 9 2 5 3 1 2 0 0 1 0 5 3 2 6 4 3 4 21 35 21 22 31 12 8 8 7 1 0 2 12 15 4 2 1 1 1 1 1 1 3 12 2 3 2 1 1 2 4 5 7 16 5 8 27 14 27 18 9 10 12 20 43 48 14 22 14 41 54 49 47 25 22 30 12 13 17 18 34 32 21 30 24 16 18 17 16 16 17 22 30 20 10 8 6
6 8 8 16 18 5 2 12 1 0 1 1 1 1 4 5 4 8 4 3 5 25 31 4 7 15 4 12 3 1 1 1 6 11 6 2 1 1 1 1 1 3 20 2 2 3 2 4 5 7 10 14 10 10 15 12 18 39 23 25 32 28 13 8 6 20 16 20 14 30 33 51 60 32 17 11 14 17 23 32 37 55 16 23 16 14 12 6 11 18 17 6 27 12 5 6
16 35 18 39 13 4 13 21 3 2 2 1 4 13 6 3 8 6 5 4 6 5 4 22 13 3 3 10 11 2 2 1 1 14 13 8 8 5 4 6 5 4 25 16 2 2 2 3 4 5 11 17 9 19 22 7 9 17 25 18 21 13 8 14 15 5 2 12 29 36 42 53 28 33 18 16 23 20 33 27 32 26 34 15 14 13 7 5 7 8 13 9 11 16 6 3
14 48 10 40 11 22 28 24 2 6 5 2 1 1 5 6 10 28 23 37 8 4 6 4 6 3 4 22 5 22 4 8 7 16 5 11 9 20 9 4 7 3 17 23 18 3 2 2 5 4 5 5 5 11 15 6 16 34 42 49 21 27 31 25 26 10 10 17 25 30 30 40 33 21 36 10 20 33 32 38 22 17 24 21 9 7 4 1 3 8 8 12 11 9 12 9
5 47 25 37 31 42 32 5 5 14 12 4 4 2 3 2 4 9 10 40 16 4 5 6 29 22 12 15 4 24 28 5 6 17 36 33 20 41 43 11 10 4 4 20 19 11 5 2 4 2 1 2 8 9 8 7 11 7 8 11 9 23 39 35 36 23 26 27 22 28 30 29 22 32 11 19 17 28 18 13 17 14 10 15 21 16 8 14 9 5 5 6 10 12 7 4
6 5 4 29 46 43 7 5 24 9 17 22 11 5 3 4 7 8 13 8 13 24 18 5 27 20 23 27 28 10 54 42 13 5 20 64 56 23 23 28 28 4 5 30 33 29 6 3 4 4 3 2 25 8 48 46 43 43 58 46 27 15 22 22 23 22 27 33 30 19 22 31 27 33 18 27 14 16 16 21 11 12 11 19 10 9 11 13 7 8 9 5 5 6 3 1
4 18 11 10 12 30 13 39 38 19 15 25 12 11 3 6 4 5 11 10 15 16 18 6 39 43 28 54 41 27 50 67 56 23 19 4 13 34 16 7 11 6 4 54 50 35 19 11 9 16 39 55 32 12 15 50 46 13 21 49 40 21 35 26 24 20 21 40 33 16 20 21 27 29 20 22 21 23 14 12 9 10 4 8 9 5 9 7 5 4 5 4 2 3 2 4
9 11 10 20 18 8 31 66 43 50 3 17 26 27 35 11 20 5 7 9 10 6 24 45 72 37 66 72 51 52 33 51 67 37 30 13 37 54 64 74 54 28 10 27 63 42 21 49 14 19 48 53 72 33 16 57 73 33 23 19 59 58 21 47 29 28 21 27 25 20 26 25 25 20 19 21 18 14 14 6 5 5 7 6 8 4 6 4 3 3 3 2 1 0 1 1
5 7 24 16 12 4 28 57 31 62 12 14 43 33 49 28 9 15 10 22 26 30 11 40 56 63 71 73 46 74 54 72 65 71 65 68 55 63 71 62 8 44 44 14 5 34 28 41 22 18 42 37 46 59 14 26 56 83 46 33 40 22 24 27 34 44 45 41 27 16 33 20 15 14 12 7 13 8 3 3 3 6 5 4 4 2 2 1 2 2 1 3 4 5 4 5
2 4 3 7 14 17 8 69 26 17 13 24 30 6 19 33 13 15 13 40 40 20 20 12 52 81 71 77 59 83 67 70 69 61 71 69 80 73 73 77 67 40 12 8 3 5 37 39 22 7 16 44 56 63 57 68 72 72 80 35 25 29 28 39 34 38 51 25 21 33 18 14 14 13 5 3 3 3 7 8 10 4 3 2 3 6 10 9 17 5 9 17 9 17 18 11
2 4 9 11 8 8 9 25 37 27 46 35 45 46 18 34 27 30 9 8 21 56 33 19 14 27 29 65 63 41 18 17 15 23 25 30 76 59 61 73 70 52 34 9 2 5 30 24 18 15 11 10 32 69 61 58 45 45 74 69 28 18 27 31 38 38 23 31 22 10 11 14 15 9 8 5 3 3 3 3 6 12 8 14 19 27 28 27 16 12 14 27 27 39 39 18
2 2 3 4 9 12 14 11 14 12 25 55 54 61 15 10 14 40 39 22 17 17 39 11 17 24 19 17 13 20 29 18 29 27 47 28 26 21 20 23 15 28 18 7 5 8 22 22 26 17 16 18 4 28 28 35 41 60 36 52 45 24 54 54 46 30 26 18 18 15 14 14 6 3 8 8 3 2 3 7 29 29 19 31 35 39 35 50 33 36 63 67 42 58 38 29
1 2 4 14 12 18 19 17 19 18 25 6 9 12 14 19 13 7 43 49 39 21 25 7 21 42 39 28 19 24 36 43 20 49 21 18 17 24 27 22 15 9 13 11 16 16 31 31 33 23 14 7 9 9 15 39 16 12 11 37 22 33 34 23 33 19 14 19 18 8 8 5 6 5 8 8 12 3 24 25 39 39 38 44 44 64 63 49 45 57 30 15 24 19 23 48
2 3 7 6 6 12 17 10 22 36 8 13 25 20 11 22 4 6 9 17 28 20 16 13 24 19 29 23 39 14 34 25 19 28 19 16 23 43 19 41 23 10 8 7 6 11 17 32 24 23 12 24 25 19 22 21 21 17 25 32 58 52 33 12 17 17 15 7 10 5 5 28 29 16 17 26 11 17 34 55 65 51 50 72 68 66 66 53 65 64 38 13 7 7 14 40
8 21 21 26 8 7 8 8 15 26 13 16 23 16 16 8 11 10 20 22 16 20 24 13 23 16 13 25 11 15 24 22 24 19 15 15 13 30 14 44 23 16 14 4 3 2 10 13 61 48 23 19 53 26 13 32 41 59 55 45 54 31 21 15 17 12 5 5 14 12 26 40 48 21 30 39 24 38 57 59 70 82 53 83 72 69 60 61 59 54 41 33 10 6 5 10
2 3 5 3 4 5 10 11 15 11 15 6 14 18 7 3 7 8 14 15 7 5 5 11 18 14 13 12 18 19 16 18 11 18 13 5 19 13 23 35 21 16 29 11 13 5 4 12 17 41 21 32 28 13 15 32 34 31 25 17 16 12 7 4 4 1 12 25 38 28 44 55 54 39 54 42 26 43 63 59 83 69 59 58 46 10 12 44 22 30 21 13 13 5 3 16
2 6 5 7 5 7 4 8 8 10 5 7 11 15 17 16 17 9 9 9 13 4 5 17 42 27 13 10 16 8 9 22 55 23 13 6 24 12 38 9 25 12 21 15 9 5 8 10 6 18 23 21 10 17 17 19 49 22 13 11 7 20 21 30 14 22 33 48 44 41 40 56 41 40 51 44 34 46 59 70 72 60 42 40 31 16 17 18 31 14 12 12 6 4 2 4
2 3 3 5 8 2 3 4 4 7 7 6 15 9 31 19 11 24 21 14 39 14 18 15 33 33 12 22 6 10 19 14 44 45 22 16 18 25 29 9 9 8 13 16 7 12 8 5 6 9 11 19 15 17 20 20 13 7 6 25 22 38 38 39 27 29 46 49 60 57 40 56 58 59 46 56 53 56 58 63 61 75 50 37 22 25 21 11 45 23 10 5 1 4 5 7
2 3 4 5 2 2 2 4 7 7 10 13 13 11 9 12 42 45 21 19 23 14 27 12 15 23 26 13 7 8 7 11 14 15 21 27 9 10 29 21 15 15 11 8 14 11 10 9 7 9 12 15 26 22 14 12 16 22 31 47 40 37 50 40 30 44 46 44 57 41 46 57 71 39 43 50 56 64 77 55 29 29 32 40 33 24 16 11 10 12 6 4 3 2 4 4
1 2 3 2 1 7 5 7 21 31 34 31 25 38 17 8 15 33 26 34 8 16 34 12 13 8 17 25 12 27 18 15 12 13 25 35 13 22 26 27 16 3 4 8 7 9 5 5 9 13 15 27 21 17 25 15 24 27 46 41 36 34 46 35 30 39 47 28 55 49 38 63 46 33 44 65 56 62 28 83 58 61 34 25 33 27 19 22 8 6 3 3 2 1 2 1
1 1 3 1 1 1 3 7 7 13 28 46 26 30 42 10 16 14 10 11 12 31 25 13 6 8 3 8 6 11 8 8 14 14 25 24 10 20 28 23 13 6 3 3 6 6 8 17 11 10 23 15 15 32 19 18 28 45 43 48 40 36 37 29 30 55 55 37 56 51 50 50 67 68 47 57 69 66 26 25 53 67 51 45 23 17 18 22 10 6 4 1 1 3 3 1
1 1 3 2 3 1 3 3 7 8 5 6 4 6 9 17 16 15 32 13 22 26 10 16 3 12 3 10 4 5 8 9 11 9 13 11 12 9 19 15 12 5 2 5 7 6 10 12 13 14 15 27 19 16 16 28 41 37 33 37 32 25 40 34 39 54 51 47 51 80 66 57 53 67 21 19 16 52 58 36 25 51 36 27 20 15 19 8 4 11 6 3 2 2 1 1
1 3 5 12 1 16 11 2 8 5 6 4 15 7 14 15 15 9 10 10 7 17 6 7 4 3 4 3 3 7 5 5 6 7 8 6 8 5 8 14 8 9 10 13 17 8 12 10 20 29 27 40 27 19 29 30 33 41 25 29 47 31 46 46 37 50 35 66 29 48 80 77 74 59 72 50 35 18 15 33 27 22 43 36 32 25 24 34 16 5 4 3 3 2 1 0
7 5 1 3 14 7 3 6 4 5 2 6 4 4 15 7 8 3 7 7 10 2 4 5 2 1 2 1 2 1 1 3 3 11 3 4 2 7 7 2 4 9 4 6 6 11 6 12 21 35 29 28 26 25 21 38 30 36 34 27 36 38 32 36 40 56 37 39 75 35 74 77 57 74 77 81 62 57 54 42 41 35 16 10 23 30 20 24 11 8 3 2 3 1 0 0
5 24 6 8 2 4 3 4 3 3 3 2 2 8 14 22 35 7 6 11 5 4 1 2 3 1 1 1 1 1 1 3 3 2 2 3 2 2 7 5 3 7 4 21 9 9 16 7 24 25 21 19 21 19 19 22 41 30 27 44 40 47 38 28 42 15 31 33 39 47 35 69 49 59 78 80 79 87 70 57 60 72 73 55 21 16 19 20 12 6 4 2 1 1 0 0
2 3 3 4 7 6 2 2 2 2 3 1 3 3 2 6 5 6 7 7 9 3 3 1 2 1 1 0 1 1 1 2 1 1 2 1 2 4 6 5 3 4 7 18 6 16 7 10 13 26 10 12 14 14 15 20 35 36 22 29 41 23 20 60 65 56 37 23 16 6 16 19 35 37 66 74 68 74 78 61 79 69 64 34 25 27 25 18 21 8 4 3 1 1 0 0
1 1 4 5 4 4 3 1 1 2 1 1 2 3 11 6 14 5 7 4 4 2 1 2 1 1 2 0 1 0 1 1 1 2 0 0 1 5 2 3 2 4 4 6 6 7 8 10 12 11 5 9 8 8 17 9 21 33 32 23 35 48 13 8 6 10 16 31 31 23 14 12 7 22 37 64 55 77 87 53 71 86 64 47 38 23 20 19 15 7 5 5 2 1 0 0
1 4 3 2 1 2 1 1 0 0 0 1 1 3 2 3 4 4 3 3 1 4 1 3 1 2 2 0 0 1 0 0 1 1 1 2 1 5 1 1 2 4 3 4 5 3 3 4 7 3 10 13 10 13 15 16 21 21 23 13 20 47 22 11 31 45 54 40 43 32 31 43 18 8 15 53 50 76 86 77 62 61 58 45 30 32 28 21 15 12 8 7 4 2 1 0
1 2 2 1 1 2 1 1 0 0 0 0 1 1 1 1 1 3 1 0 0 0 1 0 0 1 1 0 1 0 0 0 1 0 0 1 1 2 1 1 1 2 5 6 2 2 4 3 5 6 16 33 20 48 43 64 40 27 34 16 11 5 57 39 11 39 60 46 48 52 54 40 25 23 12 15 20 44 78 57 45 24 19 37 13 25 12 13 13 15 11 7 5 2 1 1
1 0 0 1 0 1 0 0 0 0 0 0 0 0 1 1 0 1 1 0 0 0 0 0 0 0 0 0 1 0 0 0 0 0 0 0 1 1 0 1 1 3 16 33 13 9 5 9 8 4 29 20 66 49 43 52 22 28 39 49 11 11 11 73 26 22 40 63 48 36 60 67 74 48 39 20 11 6 8 8 12 12 10 25 27 10 9 5 4 12 6 6 3 2 1 0
0 0 0 0 0 0 0 0 0 0 1 0 0 0 0 0 0 0 0 0 0 0 0 0 0 0 0 0 0 0 0 0 0 1 1 2 5 7 11 12 15 26 16 32 21 24 18 3 14 17 10 14 35 45 46 53 27 52 49 34 34 20 8 48 69 21 7 29 61 72 59 59 37 37 50 46 24 10 14 5 14 13 12 8 23 20 7 7 5 4 4 2 2 1 1 1
0 0 0 0 0 0 0 1 2 0 0 1 1 0 0 0 0 0 0 0 0 0 0 0 0 0 0 0 1 0 0 0 0 0 0 2 5 7 10 13 10 25 22 18 34 36 28 10 6 8 45 29 13 43 12 18 20 55 72 50 38 28 19 25 82 33 30 16 41 60 81 27 15 28 36 58 46 38 33 23 12 10 6 7 9 18 11 4 4 1 2 2 1 1 1 0
0 0 0 0 0 1 2 1 1 1 1 0 1 0 0 0 0 0 0 0 0 0 0 1 1 1 0 0 1 0 0 0 1 0 0 1 1 7 12 20 14 8 14 14 22 47 55 59 12 12 26 37 27 14 38 10 39 45 64 62 15 26 19 16 81 56 23 23 26 79 81 88 51 42 34 27 21 19 14 17 27 24 13 5 5 5 13 9 5 5 1 3 2 1 0 0
1 1 0 4 2 2 2 5 5 5 2 1 3 1 0 0 0 0 0 0 0 0 0 0 0 1 1 1 0 0 0 0 1 1 0 1 2 5 13 32 22 9 5 11 21 55 63 68 74 67 14 25 22 25 16 13 26 49 62 65 18 24 30 27 58 87 58 38 24 16 21 53 28 31 25 53 40 20 14 11 10 12 17 13 6 2 4 7 5 3 1 2 1 1 1 0
1 2 2 5 5 4 8 4 14 8 3 7 4 1 4 2 1 0 0 0 0 0 0 0 0 0 0 1 0 0 0 0 1 1 1 1 1 2 1 1 17 24 7 15 13 19 38 46 71 78 67 36 37 54 31 45 28 61 73 58 60 22 44 39 29 82 90 69 51 25 16 19 56 39 29 28 40 44 22 18 8 10 10 14 11 4 1 7 4 5 2 1 1 1 1 0
0 0 2 7 11 5 22 34 28 29 18 12 5 8 12 7 2 1 2 0 0 0 0 0 0 0 1 1 0 0 0 1 2 1 1 3 3 3 2 3 3 10 9 10 6 17 51 30 61 73 83 46 41 40 53 55 11 55 67 64 62 46 36 35 19 76 84 85 61 58 16 8 45 67 38 11 17 13 25 9 13 9 10 7 11 5 2 2 4 3 2 2 1 1 0 0
0 0 1 12 15 27 42 41 40 64 67 25 26 21 18 8 4 6 3 2 1 0 0 1 1 6 4 1 0 1 1 1 1 1 1 2 3 4 7 4 4 6 4 5 13 20 36 35 11 54 74 83 43 35 45 23 20 14 45 54 84 79 23 27 52 65 66 83 39 56 46 12 16 48 37 28 18 19 26 21 13 11 5 4 4 5 3 1 1 2 2 1 1 1 0 0
0 0 0 1 1 2 6 11 14 5 23 58 68 44 30 8 8 15 6 2 5 0 0 0 0 1 4 9 1 0 1 1 1 3 2 2 4 5 10 6 10 18 14 12 10 7 50 55 37 24 51 75 63 34 15 13 33 13 23 54 52 48 37 34 39 57 37 83 39 50 38 43 8 26 31 43 32 29 29 21 19 13 4 3 2 5 4 1 1 1 1 1 1 0 0 0
0 0 1 2 1 4 26 9 11 8 10 7 50 70 66 29 24 20 6 6 3 4 1 1 1 1 0 1 2 1 0 1 2 5 2 2 1 3 10 8 10 11 9 11 22 22 22 9 36 65 33 49 16 18 10 27 23 35 27 31 58 63 53 44 23 28 29 72 77 35 18 34 32 11 21 18 33 18 15 9 13 10 8 6 2 2 1 2 2 1 1 0 0 1 0 0
0 0 0 0 1 2 3 7 8 6 5 3 4 21 57 67 54 11 1 1 1 5 2 3 3 2 2 1 1 2 1 8 5 2 9 4 5 7 10 6 9 22 28 25 31 21 29 17 19 21 71 46 37 25 19 16 29 38 30 34 57 75 58 43 41 34 45 66 80 63 32 16 43 31 19 6 7 22 18 14 6 6 6 6 4 1 1 2 2 1 0 1 0 0 0 0
1 0 0 0 1 2 2 2 3 5 9 7 20 9 8 12 13 4 2 2 7 1 1 3 12 12 2 2 1 14 5 5 21 13 18 4 27 10 8 7 12 14 14 24 21 25 31 20 23 29 30 42 28 30 36 29 25 38 22 12 24 38 57 55 58 48 40 49 59 65 42 47 48 26 29 13 7 16 15 8 11 3 4 3 2 2 1 1 1 1 0 0 0 0 0 0
3 1 1 1 0 2 1 2 4 6 5 9 5 11 15 10 7 4 2 3 1 4 3 2 1 4 7 9 14 1 3 13 12 3 7 7 3 26 9 10 13 21 9 15 11 15 15 23 31 41 26 15 53 53 38 49 34 30 31 33 20 36 63 42 42 43 31 34 46 65 27 32 24 17 18 13 7 5 9 13 7 6 2 2 1 1 1 1 1 0 0 0 0 0 0 0
5 6 0 0 2 1 3 11 3 2 5 5 6 18 4 10 4 3 1 1 2 3 3 3 3 2 4 5 2 4 2 16 16 18 12 18 4 8 26 6 9 21 17 28 28 12 18 24 21 41 24 39 12 28 27 62 30 37 32 48 37 35 19 20 16 7 6 13 21 25 17 7 24 16 13 23 17 10 12 6 3 5 4 2 1 0 1 1 0 0 0 0 0 0 0 0
7 4 18 1 1 3 1 1 7 8 3 5 5 15 4 11 5 3 2 3 5 8 3 2 5 7 6 8 25 22 16 3 3 6 13 8 9 2 31 19 17 15 7 13 27 25 18 13 26 42 39 14 59 43 33 64 49 23 38 22 20 33 22 18 8 6 5 2 13 29 24 9 8 15 14 20 16 12 21 10 3 3 2 1 2 1 0 0 0 0 0 0 0 0 0 0
5 6 10 5 1 1 4 1 1 2 5 3 3 4 6 5 2 1 1 4 5 6 18 7 7 10 10 11 37 53 22 11 4 11 21 14 26 9 3 35 13 21 23 22 11 12 18 28 27 39 28 13 25 15 11 39 30 27 26 14 17 29 20 20 18 8 6 4 4 10 17 11 19 18 17 24 27 16 6 6 5 1 1 1 1 0 0 0 0 0 0 0 0 0 0 0
6 9 20 9 12 2 1 13 2 3 19 4 7 4 2 10 2 3 2 2 2 5 13 7 9 14 15 17 28 66 65 28 12 9 46 31 32 17 6 16 55 15 14 42 26 28 22 32 37 28 24 10 8 13 13 15 30 24 15 10 10 12 15 25 10 11 6 4 3 2 3 7 7 3 5 6 9 16 6 4 3 2 1 1 1 0 1 0 0 0 0 0 0 0 0 0
11 7 6 12 5 5 8 3 26 9 21 37 21 26 15 5 4 2 4 10 4 9 25 15 10 15 20 17 12 16 57 43 23 14 13 43 22 15 11 6 11 39 8 11 13 16 20 33 55 42 57 27 18 15 14 11 16 13 11 31 13 6 8 7 4 5 5 2 2 2 1 1 1 1 2 4 4 3 5 3 2 1 1 1 1 0 0 0 0 0 0 0 0 0 0 0
5 27 16 18 10 17 28 19 11 9 5 5 7 5 7 22 9 4 9 3 22 5 35 41 11 16 24 16 10 4 10 31 51 32 9 27 32 10 31 22 15 9 34 33 16 17 32 26 45 33 63 32 16 15 13 12 12 11 6 13 15 9 3 3 1 2 3 3 1 0 1 1 0 0 1 1 2 1 2 1 1 1 1 1 0 0 0 0 0 0 0 0 0 0 0 0
3 4 3 5 7 3 3 4 7 6 11 9 10 15 6 10 22 14 10 11 7 6 32 62 31 27 26 32 21 5 5 6 47 28 27 24 38 12 32 37 24 10 9 32 21 32 26 26 42 25 10 12 23 21 19 19 7 5 2 2 5 2 2 1 2 1 2 1 1 0 0 1 0 0 0 0 0 1 2 1 1 0 0 0 0 0 0 0 0 0 0 0 0 0 0 0
3 5 3 2 2 3 2 3 4 12 4 10 6 5 7 9 7 5 6 14 7 45 18 45 53 35 39 35 37 14 6 8 6 21 31 33 38 15 36 19 26 25 19 15 27 21 27 44 42 38 32 16 22 12 12 12 7 4 1 1 2 1 1 1 0 1 0 0 1 1 0 0 0 0 0 0 0 0 0 0 0 0 0 0 0 0 0 0 0 0 0 0 0 0 0 0
5 2 4 1 2 4 2 3 3 5 2 3 3 2 4 13 6 8 6 8 33 27 20 14 66 31 11 9 10 6 10 4 10 4 10 16 81 60 26 34 23 12 23 23 14 28 19 24 53 53 51 27 18 11 11 9 2 1 1 3 6 6 4 4 3 2 2 1 0 0 0 0 0 0 0 0 0 0 0 0 0 0 0 0 0 0 0 0 0 0 0 0 0 0 0 0
2 1 2 1 1 1 1 1 1 1 2 3 3 2 3 3 3 8 11 39 23 17 34 52 68 58 18 12 14 15 15 16 6 9 11 8 5 8 25 22 17 33 12 22 19 33 37 26 54 38 46 43 32 20 10 4 2 2 3 6 12 17 21 15 3 4 2 2 1 1 1 0 0 0 0 0 0 0 0 0 0 0 0 0 0 0 0 0 0 0 0 0 0 0 0 0
1 1 1 0 0 0 1 1 0 0 1 1 1 3 2 2 2 6 7 6 13 16 8 5 9 10 7 9 24 29 16 35 26 11 9 7 8 7 7 19 15 30 24 11 33 24 39 32 32 21 29 27 21 17 7 7 5 6 12 17 24 22 16 16 10 4 6 6 5 4 2 2 0 0 1 1 0 0 0 0 0 0 0 0 0 0 0 0 0 0 0 0 0 0 0 0
1 0 0 0 0 0 1 1 5 5 5 1 1 2 1 1 2 7 16 13 23 10 12 9 6 9 28 14 20 25 36 27 17 19 24 5 3 4 7 11 11 17 26 29 30 30 22 18 42 24 20 19 12 7 11 16 9 20 25 21 31 27 25 20 16 12 12 16 16 11 7 3 0 1 2 1 1 1 0 0 1 0 0 0 0 0 0 0 0 0 0 0 0 0 0 0
0 0 0 0 0 1 1 2 13 18 9 10 2 1 1 3 3 7 10 6 7 7 20 12 11 12 25 10 5 17 15 13 5 10 21 14 6 5 10 6 5 9 9 12 20 22 23 17 28 24 13 7 12 15 25 25 24 30 34 35 22 33 35 27 42 20 23 20 22 19 5 2 1 2 2 1 2 1 0 1 0 0 0 0 0 0 0 0 0 0 0 0 0 0 0 0
0 0 1 0 2 1 4 2 1 2 15 12 8 15 16 11 29 12 10 16 6 2 14 9 11 17 9 10 7 8 19 20 18 13 23 11 8 18 22 7 4 22 12 18 15 9 25 14 15 13 11 15 24 35 34 41 32 27 27 33 25 42 44 52 50 40 28 23 24 18 11 8 12 6 2 3 1 1 1 0 0 0 0 0 0 0 0 0 0 0 0 0 0 0 0 0
0 0 0 0 2 4 7 30 22 7 15 34 20 14 30 15 48 52 48 27 13 19 3 4 4 4 17 20 26 34 10 48 48 21 8 11 4 13 14 8 25 13 13 13 18 11 16 16 15 14 25 24 43 57 56 42 55 36 42 40 30 50 49 53 45 42 33 29 29 27 21 6 4 1 0 2 3 1 0 1 1 0 0 0 0 0 0 0 0 0 0 0 0 0 0 0
1 1 3 0 0 2 11 29 34 12 6 44 9 9 38 23 19 9 19 39 8 15 10 7 5 8 16 23 23 47 20 14 13 36 21 17 6 28 12 12 21 27 23 23 27 40 41 36 15 39 50 43 47 61 66 67 37 26 64 49 38 47 48 38 53 57 17 45 46 28 22 12 8 2 1 3 7 3 1 1 1 1 0 0 0 0 0 0 0 0 0 0 0 0 0 0
3 1 2 9 4 1 2 4 7 41 6 34 14 13 39 11 5 7 16 13 8 3 12 7 9 22 22 11 8 30 21 15 8 6 10 8 22 25 11 8 40 41 24 51 48 29 32 21 20 44 61 51 49 79 53 48 45 25 72 41 38 46 60 62 52 44 39 47 27 17 17 11 9 13 5 5 6 3 2 1 1 1 0 0 0 0 0 0 0 0 0 0 0 0 0 0
12 12 3 8 14 24 22 10 4 5 20 54 37 9 44 11 12 9 18 18 5 4 19 7 17 15 18 18 16 12 8 12 14 19 24 15 32 6 10 21 38 36 49 55 38 23 15 25 43 34 48 63 74 48 33 44 46 31 74 43 70 36 62 39 40 71 54 33 49 25 16 16 34 31 8 1 3 5 2 1 1 1 0 0 0 0 0 0 0 0 0 0 0 0 0 1
13 21 21 13 21 51 36 63 30 5 13 42 5 10 32 23 15 6 31 4 4 4 11 5 30 19 11 9 10 3 2 12 21 14 31 10 41 9 28 23 49 52 63 33 33 26 24 43 50 43 38 61 63 42 47 61 53 37 75 72 49 60 54 62 77 62 54 47 36 18 20 57 31 5 8 8 5 4 3 1 1 1 0 0 0 0 0 0 0 0 0 0 0 0 1 2
17 36 32 53 46 49 65 71 52 23 19 15 22 8 33 21 13 9 8 4 4 5 16 9 13 13 11 26 18 18 22 22 15 7 11 21 54 21 27 34 61 61 48 33 20 34 34 61 63 43 35 58 49 30 43 69 35 60 64 59 69 36 51 81 80 60 54 37 43 45 37 35 21 16 12 4 3 2 2 1 1 1 0 0 0 0 0 0 0 0 0 0 0 0 1 8
2 39 56 39 59 16 43 62 63 61 47 53 34 8 38 63 29 10 12 8 4 9 16 9 8 10 21 6 9 10 4 8 7 20 47 27 45 18 18 31 58 40 27 15 27 48 40 45 69 47 52 54 25 46 60 55 28 57 43 70 59 66 75 69 59 47 58 38 22 10 11 8 5 3 2 1 1 1 1 0 0 0 0 0 0 0 0 0 0 0 0 0 1 1 2 5
5 7 22 9 4 7 11 11 15 6 8 18 49 9 5 39 53 33 19 18 9 7 5 5 18 6 12 12 35 31 6 15 18 21 57 54 61 27 16 40 40 20 14 31 50 47 38 40 66 39 47 61 54 53 73 57 55 35 56 64 42 69 60 28 16 20 14 26 42 38 34 26 33 12 3 1 1 1 1 1 1 0 0 0 0 0 0 0 0 0 0 0 1 3 5 7
5 7 3 5 9 26 33 11 15 3 6 6 4 2 7 5 6 14 5 4 3 15 8 10 4 19 15 21 12 19 18 36 28 29 55 62 41 33 27 43 22 24 25 43 51 43 51 27 48 55 52 76 84 66 67 82 84 65 82 81 82 88 71 78 60 55 53 49 33 11 17 15 9 8 9 6 3 2 1 1 0 0 0 0 0 0 0 1 0 0 0 0 0 1 3 13
9 12 12 9 20 28 40 30 10 8 15 10 10 7 7 10 8 3 3 4 5 20 7 7 16 21 8 47 38 29 37 44 38 36 46 22 13 23 13 43 32 27 27 39 49 49 50 43 49 63 59 75 73 74 30 45 79 87 87 75 32 26 52 49 80 59 48 60 27 14 12 11 16 6 2 2 1 1 1 0 0 0 0 0 0 0 1 2 2 1 1 1 0 1 5 6
5 2 8 13 19 19 31 19 5 10 9 12 27 21 9 9 4 7 5 6 1 4 35 17 12 3 6 23 35 21 24 31 47 20 46 11 19 16 6 42 27 24 40 46 40 51 60 48 72 80 56 38 40 33 21 25 64 74 65 44 58 47 44 57 46 42 42 25 41 26 26 11 10 9 5 4 2 1 0 0 0 0 0 0 0 1 1 3 6 3 3 2 1 5 10 10
