sesion_6_simulaciones/modelos_agentes/ejemplos_netlogo/scenarios/echam4_b2/rob_2013.asc
NCOLS 322 
NROWS 307 
XLLCORNER 451900 
YLLCORNER 4086900 
CELLSIZE 100 
NODATA_value -9999 
[rows 225 to 299 of 307, columns 0 to 95 of 322]
59 60 49 65 62 65 33 20 14 52 50 37 20 17 19 26 9 5 3 38 20 32 63 56 43 47 42 50 44 31 48 47 59 20 25 49 48 72 49 74 68 75 79 65 61 73 52 55 50 23 9 7 4 5 2 2 2 3 2 1 2 1 1 1 1 1 0 0 0 0 0 0 0 0 0 0 0 0 0 0 0 0 0 0 0 0 0 0 1 1 1 1 0 0 0 0
24 38 36 25 30 71 44 9 33 38 53 25 38 30 7 5 3 2 12 44 15 47 65 65 47 47 33 20 41 35 51 76 63 37 40 49 76 86 64 72 79 81 82 51 59 58 55 20 38 48 10 5 2 2 2 2 2 1 1 1 0 0 0 0 0 0 0 0 0 0 0 0 0 0 0 0 0 0 0 0 0 0 0 0 0 0 1 1 2 3 1 0 0 0 0 0
46 32 34 28 30 23 13 16 14 25 45 52 50 11 3 3 17 26 46 62 34 41 65 78 67 49 56 31 38 54 31 59 85 43 31 43 61 58 84 89 66 57 39 64 40 39 51 28 15 4 8 8 6 4 3 3 2 1 1 1 0 0 0 0 0 0 0 0 0 0 0 0 0 0 0 0 0 0 0 0 0 0 0 0 0 0 1 4 2 0 0 0 0 0 0 0
55 42 37 49 30 26 34 35 25 45 39 35 25 11 19 36 50 57 61 76 44 52 67 73 33 34 62 24 45 65 33 27 45 66 49 73 56 38 67 79 74 44 57 31 74 40 20 17 12 8 5 11 8 6 6 3 1 1 0 0 0 0 0 0 0 0 0 0 0 0 0 0 0 0 0 0 0 0 0 0 0 0 0 0 0 0 1 4 1 0 0 0 0 0 0 0
23 39 53 32 27 22 46 45 43 42 42 53 31 35 35 57 56 41 66 73 53 51 51 55 35 66 32 13 47 61 35 32 51 61 77 85 69 47 32 45 55 34 23 12 22 59 30 15 10 8 5 4 4 5 6 5 1 1 0 0 0 0 0 0 0 0 0 0 0 0 0 0 0 0 0 0 0 0 0 0 0 0 0 0 1 1 1 2 1 0 0 0 0 0 0 0
65 55 38 45 47 36 55 48 52 42 33 46 33 54 40 62 64 60 50 75 36 49 61 55 54 23 35 43 46 63 33 50 43 48 53 73 59 70 45 16 31 50 34 34 38 11 13 8 5 4 3 2 4 3 2 2 2 1 1 0 0 0 0 0 0 0 0 0 0 0 0 0 0 0 0 0 0 0 0 0 0 0 0 0 0 2 8 2 1 1 1 0 0 0 0 0
51 61 50 64 44 40 52 77 27 57 32 33 44 56 44 65 63 51 51 66 50 60 61 64 39 35 41 47 40 41 24 42 73 61 46 33 71 42 45 35 15 20 54 57 55 23 7 3 7 6 5 1 2 3 2 2 1 0 0 0 0 0 0 0 0 0 0 0 0 0 0 0 0 0 0 0 0 0 0 0 0 0 0 0 0 1 6 1 1 2 1 0 0 0 0 0
50 37 65 52 39 48 48 58 36 39 38 41 47 62 50 48 66 26 38 51 34 63 22 48 34 54 41 32 49 25 41 56 51 73 55 47 35 34 38 17 24 15 11 15 13 7 5 3 6 3 5 2 1 1 1 2 1 0 0 0 0 0 0 0 0 0 0 0 0 0 0 0 0 0 0 0 0 0 0 1 1 2 1 0 0 1 3 2 2 1 0 0 0 0 0 0
39 44 61 49 35 67 67 52 51 42 52 59 40 67 51 46 51 30 38 50 68 27 22 15 41 49 24 40 56 33 45 33 29 26 15 30 18 19 18 11 19 28 41 16 11 4 3 1 1 1 2 1 1 1 1 1 0 0 0 0 0 0 0 0 0 0 0 0 0 0 0 0 0 0 0 0 0 0 0 1 4 3 2 2 1 1 7 5 2 1 0 0 0 0 0 0
46 27 27 47 33 58 61 52 61 35 50 66 29 43 34 52 72 44 45 53 61 43 17 19 55 35 20 55 64 66 68 31 46 37 52 50 48 44 33 38 50 47 43 43 29 21 19 5 4 6 3 1 1 1 0 0 0 0 0 0 0 0 0 0 0 0 0 0 0 0 0 0 0 0 0 0 0 0 1 2 2 6 3 4 3 10 5 3 1 1 1 1 0 0 0 0
24 31 42 30 34 42 48 48 23 48 65 63 33 33 35 33 68 28 36 43 18 40 28 52 35 33 33 51 66 42 79 82 74 61 75 59 64 46 47 37 42 56 47 59 22 9 6 1 2 4 6 3 1 0 0 0 0 0 0 0 0 0 0 0 0 0 0 0 0 0 0 0 0 0 0 0 0 0 1 2 8 5 6 5 11 6 6 4 1 1 2 1 1 0 0 0
18 37 27 20 37 43 47 31 23 31 45 61 25 45 31 47 43 33 29 18 14 22 30 22 46 31 60 65 67 43 50 65 86 60 71 90 87 71 71 56 24 55 59 48 55 29 20 6 4 4 3 2 2 0 0 1 1 0 0 0 0 0 0 0 0 0 0 0 0 0 0 0 0 0 0 0 0 0 0 1 7 14 13 3 4 24 5 6 3 3 1 1 1 0 0 0
12 19 18 38 32 51 29 49 35 49 30 23 33 15 33 32 13 78 18 34 72 67 48 36 28 20 23 39 35 42 44 37 37 73 59 81 85 78 76 67 56 23 58 58 55 24 30 8 4 4 1 1 0 0 0 0 0 0 0 0 0 0 0 0 0 0 0 0 0 0 0 0 0 0 0 0 0 0 1 1 6 17 12 3 14 16 8 12 9 3 2 2 1 1 1 0
12 11 24 32 52 26 36 38 33 43 31 39 23 12 23 16 11 6 51 51 50 66 69 48 38 19 39 33 33 38 33 42 36 33 24 50 83 55 71 34 42 34 32 41 32 22 8 3 8 5 2 2 2 1 1 0 0 0 0 0 0 0 0 0 0 0 0 0 0 0 0 0 0 1 1 1 0 1 1 3 11 21 8 6 16 3 1 3 3 1 1 1 1 1 0 0
7 8 14 9 15 31 37 39 31 19 32 25 15 7 10 23 16 15 14 35 38 20 67 60 36 11 42 58 43 43 42 27 34 42 20 22 47 57 50 40 37 27 27 18 17 23 14 4 1 4 2 2 1 1 1 0 0 0 0 0 0 0 0 0 0 0 0 0 0 0 0 0 0 0 1 2 1 1 1 8 14 40 8 9 24 4 4 2 1 1 0 1 1 0 0 0
0 4 5 12 10 19 25 22 30 29 20 13 9 8 12 13 23 21 33 47 20 14 17 54 60 25 48 60 59 55 62 46 45 50 37 21 14 39 23 23 10 11 5 9 8 6 1 5 2 1 2 1 1 1 1 1 0 0 0 0 0 0 0 0 0 0 0 0 0 0 0 0 0 0 0 2 5 2 5 6 30 27 23 37 7 5 5 3 3 3 1 1 1 0 0 0
0 2 4 10 6 11 17 21 20 21 22 7 16 12 12 9 20 38 50 25 14 9 15 60 42 46 49 34 19 31 40 39 43 38 35 31 12 8 8 6 9 5 2 2 2 4 3 3 1 1 1 1 1 0 0 0 0 0 0 0 0 0 0 0 0 0 0 0 0 0 0 0 0 0 1 1 11 2 4 18 37 22 29 32 19 12 5 11 8 1 1 1 0 0 0 0
0 1 1 3 4 5 7 11 17 15 16 11 6 8 19 17 11 21 40 45 24 15 11 21 21 30 33 57 25 53 61 42 36 38 31 37 26 10 5 2 2 3 4 3 5 4 2 1 1 1 1 1 0 0 0 0 0 0 0 0 0 0 0 0 0 0 0 0 0 0 0 0 0 1 3 3 11 5 9 27 41 39 22 25 11 4 3 8 4 3 1 0 0 0 0 0
0 1 1 1 6 4 2 19 9 7 6 9 34 39 59 55 31 13 13 14 21 17 13 26 47 50 49 45 47 46 56 56 49 46 38 42 33 39 17 5 5 2 2 2 2 1 1 1 0 1 0 1 0 0 0 0 0 0 0 0 0 0 0 0 0 0 0 0 0 0 0 0 0 1 3 3 14 26 15 34 39 42 37 25 10 12 5 5 5 2 1 0 0 0 0 0
0 0 1 1 2 3 2 11 5 1 2 17 7 8 25 57 30 14 11 10 17 20 22 23 16 21 48 65 61 64 60 61 62 65 58 45 42 36 38 26 7 4 3 3 3 1 1 1 1 1 1 1 0 0 0 0 0 0 0 0 0 0 0 0 0 0 0 0 0 1 0 1 0 1 7 3 2 26 65 39 51 43 27 16 8 5 1 3 3 2 0 0 0 0 0 0
0 0 0 0 1 3 5 2 2 18 25 43 22 17 19 12 10 6 15 21 23 43 26 31 49 31 11 32 34 63 66 64 76 80 63 43 55 57 49 28 9 6 5 5 5 4 1 3 1 1 0 0 0 0 0 0 0 0 0 0 0 0 0 0 0 0 0 0 1 1 1 1 1 2 7 13 4 24 49 39 30 14 7 3 3 5 2 2 2 1 0 0 0 0 0 0
0 0 0 0 1 3 1 0 5 5 2 3 13 31 35 15 13 20 13 35 51 29 30 51 35 47 31 12 10 50 37 69 83 69 65 60 41 42 44 35 21 20 10 5 6 8 2 2 1 1 0 0 0 0 0 0 0 0 0 0 0 0 0 0 0 0 0 1 1 2 2 3 1 2 8 19 21 17 50 19 10 5 7 4 3 1 1 1 2 1 0 0 0 0 0 0
0 0 0 0 3 1 1 3 2 5 3 5 11 17 7 8 27 43 26 47 34 40 50 45 37 46 52 30 23 17 23 14 48 56 45 39 27 38 25 11 7 4 3 2 3 6 2 1 1 1 0 0 0 0 0 0 0 0 0 0 0 0 0 0 0 0 0 1 1 2 6 3 4 2 3 19 25 59 26 12 12 6 5 4 4 1 2 2 1 0 0 1 1 0 0 0
0 0 0 3 0 0 6 1 4 8 15 28 19 10 5 26 30 57 47 26 20 29 24 39 28 30 44 39 57 53 30 38 40 26 12 19 20 21 9 9 3 3 1 2 2 1 1 2 1 0 0 0 0 0 0 0 0 0 0 0 0 0 0 0 0 0 0 0 0 1 2 9 15 2 2 15 15 54 15 18 8 6 3 4 4 4 3 1 1 1 1 1 0 0 0 0
0 0 0 2 0 4 1 0 1 3 11 25 15 6 28 35 56 27 59 26 26 29 31 34 43 40 72 60 29 25 18 19 39 43 26 17 24 25 15 10 9 6 9 5 2 2 2 2 1 1 0 0 0 0 0 0 0 0 0 0 0 0 0 0 0 0 0 1 1 0 1 2 7 11 5 11 44 34 21 13 5 8 7 3 1 3 3 2 2 2 1 1 0 0 0 0
0 0 5 0 2 7 1 1 1 5 10 5 14 9 24 36 50 23 29 25 35 33 33 32 75 76 71 49 65 67 54 36 50 47 35 28 29 35 19 14 15 9 5 4 3 2 3 3 1 1 1 0 1 1 0 0 0 0 0 0 0 0 0 0 0 0 1 1 2 1 1 1 4 13 22 15 55 33 28 26 17 7 7 8 5 3 5 3 2 2 2 0 0 0 0 0
0 1 1 0 4 1 1 2 5 13 17 21 17 13 28 39 53 47 18 36 29 31 42 47 57 74 78 64 38 47 47 39 25 24 29 20 17 21 15 29 29 10 9 8 9 6 4 4 2 1 1 1 1 0 0 0 0 0 0 0 0 0 0 0 0 1 2 2 1 1 1 2 4 5 5 45 58 31 19 18 10 10 16 10 9 10 7 7 3 2 1 0 0 0 0 0
0 3 0 3 1 1 2 4 20 36 60 24 8 21 30 19 22 25 15 22 22 35 42 62 62 35 58 58 46 63 64 48 22 14 13 14 21 26 29 24 13 11 26 17 17 9 4 2 1 1 0 1 1 0 0 0 0 0 0 0 0 0 0 0 0 1 2 2 2 4 3 3 12 18 17 28 55 38 14 17 15 19 14 6 8 7 5 2 4 1 0 0 1 0 0 0
0 2 0 3 1 2 9 30 42 28 61 57 16 16 33 25 20 4 10 13 11 14 18 44 19 26 41 63 65 68 86 45 59 37 18 9 16 52 32 31 30 4 5 2 2 4 2 2 1 1 1 1 1 0 0 0 0 0 0 0 0 0 0 0 1 2 2 2 1 8 19 4 18 36 49 43 32 27 20 10 14 11 11 15 9 6 3 2 2 1 1 1 1 0 0 0
0 1 1 5 1 3 4 8 13 20 10 8 22 25 35 35 49 20 19 16 16 13 28 32 10 8 10 37 40 31 41 75 48 60 51 43 33 28 22 22 24 19 10 11 8 3 3 4 2 2 1 0 0 0 0 0 0 0 0 0 0 0 0 0 1 2 3 2 2 2 11 31 12 33 53 60 40 22 29 19 26 24 11 6 8 6 3 2 2 3 2 1 0 0 0 0
3 0 4 2 1 3 8 14 24 20 19 34 28 23 30 31 44 21 9 30 32 23 28 47 19 3 17 10 22 27 12 18 52 42 50 44 21 6 5 5 11 11 8 9 12 11 5 2 3 2 1 1 1 0 0 0 0 0 0 0 0 0 0 1 2 4 2 2 7 6 4 7 35 48 40 61 38 34 51 40 9 7 6 7 6 3 4 2 3 1 1 0 0 0 0 0
2 0 5 1 2 3 5 6 9 15 24 38 18 23 25 23 30 4 9 12 11 46 37 52 39 15 17 24 31 20 22 9 7 13 13 9 8 7 6 4 2 3 2 3 8 6 3 5 3 2 2 1 1 1 0 0 0 0 0 0 0 0 1 2 4 4 2 5 6 18 10 13 10 14 33 42 59 47 23 22 16 20 14 14 8 5 6 5 1 1 0 0 0 0 0 0
0 2 1 1 1 1 2 4 10 10 22 27 23 18 25 39 28 8 10 9 17 48 50 44 20 4 20 38 26 37 37 13 38 39 36 27 21 16 14 5 3 3 13 15 14 5 6 4 4 3 2 1 1 1 1 0 0 0 0 0 0 0 1 2 3 7 4 6 7 7 42 26 21 18 11 53 36 53 37 30 29 37 29 18 9 12 6 3 1 1 0 0 0 0 0 0
3 2 0 0 0 1 4 2 7 10 9 18 49 53 50 58 46 17 7 7 41 47 47 35 22 43 11 38 35 43 27 41 40 24 23 22 15 14 5 8 18 23 9 8 5 7 5 3 5 3 3 2 1 1 1 0 0 0 0 0 0 0 1 3 11 9 5 10 8 8 10 25 44 11 9 19 62 71 61 45 37 30 26 24 15 7 6 2 4 1 0 0 0 0 0 0
1 0 0 0 2 1 1 2 2 14 24 26 46 58 51 25 12 7 4 24 38 38 43 54 50 22 26 31 26 23 30 66 28 26 27 25 23 11 15 16 31 21 18 15 12 11 9 5 7 5 4 2 2 1 1 0 0 0 0 0 0 0 1 2 9 8 15 19 13 26 30 41 44 21 22 36 58 52 50 36 32 24 19 19 10 6 5 5 4 3 1 0 0 0 0 1
0 0 0 1 0 1 3 4 4 20 32 39 37 85 51 23 29 18 11 30 30 29 30 20 16 15 46 17 32 24 48 33 43 49 32 29 25 24 29 22 14 25 22 25 18 18 11 12 8 3 2 2 1 1 1 0 0 0 0 0 0 0 1 2 6 6 6 14 34 25 48 43 51 26 50 51 55 53 31 28 26 23 13 7 7 5 4 3 2 2 1 1 0 1 1 1
0 0 0 1 0 1 2 2 6 18 31 31 16 33 25 6 22 22 30 25 25 39 35 19 15 31 20 30 44 62 65 51 47 44 32 32 39 36 37 28 31 42 35 18 14 18 17 13 6 4 3 2 1 1 1 1 1 0 0 0 0 0 1 2 4 7 7 10 28 54 51 53 46 77 62 41 29 27 32 29 22 19 16 11 6 7 3 4 2 1 1 1 0 1 1 1
0 0 1 2 1 2 1 2 15 11 20 17 8 3 3 6 22 21 16 26 23 19 22 38 34 17 20 47 63 31 24 23 42 37 42 46 43 39 36 34 34 41 24 21 28 19 19 16 5 4 3 2 1 1 1 1 0 0 0 0 0 0 1 3 8 7 7 8 10 15 29 39 50 61 15 37 32 28 22 19 16 13 10 14 10 8 5 4 2 2 1 0 1 1 1 2
0 1 1 2 1 1 0 2 11 20 30 25 19 24 23 12 4 8 8 32 37 22 61 58 26 30 34 48 31 30 29 34 36 32 43 48 48 44 32 58 42 27 23 29 9 15 23 17 12 8 2 2 1 1 1 1 0 0 0 0 0 0 0 3 6 8 27 15 21 23 25 19 34 57 43 47 44 25 24 20 21 15 15 14 10 2 2 1 2 3 1 0 1 2 3 3
0 1 1 3 1 1 2 7 20 33 36 11 13 26 26 19 11 3 10 39 34 61 44 22 29 46 35 31 31 31 39 34 23 34 39 59 37 36 50 44 33 49 48 16 23 21 17 16 9 4 2 3 2 2 2 1 1 1 0 0 0 0 1 2 4 12 28 55 23 35 32 21 26 66 72 36 37 40 35 20 15 15 19 12 6 2 4 3 2 1 0 0 1 3 3 4
0 1 2 1 2 5 11 23 34 40 8 7 9 5 3 7 12 5 16 29 29 32 14 22 40 17 14 27 31 35 52 38 27 33 46 51 47 60 64 55 34 26 24 29 21 20 11 11 7 5 4 5 4 1 1 1 1 0 0 0 0 0 1 2 6 11 26 48 46 50 37 43 51 69 41 37 30 28 30 30 18 41 21 7 7 7 4 2 1 0 0 1 2 4 4 5
1 2 1 1 6 1 2 11 17 11 1 6 14 14 15 19 30 16 36 17 15 12 8 21 21 27 32 38 51 40 36 27 29 34 59 41 73 68 64 32 20 17 20 28 30 20 16 14 12 8 6 5 3 1 1 1 1 1 0 0 0 1 1 4 11 14 16 21 45 66 61 28 39 69 40 43 60 52 46 48 38 20 15 11 10 8 2 2 1 1 0 2 3 4 3 6
2 1 2 2 0 0 2 8 11 10 1 13 15 20 24 24 12 17 42 30 32 26 5 26 30 45 47 40 33 21 30 31 32 38 74 39 24 16 15 27 27 37 47 44 37 26 17 15 7 10 4 3 3 2 1 1 1 1 1 0 0 1 2 4 13 16 17 11 27 58 64 43 54 66 42 26 43 63 59 52 42 15 17 13 10 7 2 1 2 1 2 3 1 6 6 8
0 0 0 0 0 2 2 4 19 25 4 12 19 7 10 9 11 45 29 19 22 26 23 21 48 36 36 40 27 30 41 41 29 75 30 24 50 52 48 43 52 54 43 45 42 36 23 16 8 8 6 5 4 3 2 2 1 1 1 0 1 2 6 19 20 21 15 23 36 49 68 42 43 57 70 50 48 47 58 54 34 31 16 15 11 5 3 1 1 2 2 2 3 4 16 11
0 0 0 0 2 0 1 12 13 15 23 18 5 6 9 13 20 28 27 38 24 27 21 25 42 40 36 37 41 32 44 47 52 38 14 40 45 50 57 80 52 47 53 48 45 35 20 14 9 5 6 5 5 2 3 1 2 2 1 1 1 4 5 15 19 19 20 31 42 41 75 71 50 68 65 51 54 53 45 36 38 22 12 10 9 4 1 0 1 3 2 4 6 7 18 11
0 0 0 1 2 1 1 2 3 12 10 4 5 10 13 10 29 17 13 45 63 34 11 18 57 40 48 42 27 31 62 84 53 13 25 55 44 71 74 63 57 64 57 34 33 27 22 18 9 8 7 6 5 4 3 3 2 2 1 1 1 2 4 8 21 38 30 51 61 56 53 57 55 63 73 72 52 43 30 27 23 17 10 11 8 3 1 0 2 3 4 9 14 11 16 12
0 1 0 2 3 1 4 7 8 10 9 14 12 8 5 29 17 24 29 44 25 14 26 43 12 47 38 28 52 56 69 46 19 29 61 34 57 48 57 76 76 52 37 64 46 22 23 21 15 10 8 7 6 5 5 3 3 1 1 2 2 5 4 6 8 25 53 62 64 68 80 81 55 68 55 45 28 32 39 37 20 17 9 13 8 1 1 2 3 5 10 14 15 8 17 17
0 0 1 2 0 2 6 2 1 4 9 12 7 2 2 48 16 7 8 10 16 21 40 20 10 33 21 28 66 61 47 15 21 35 60 73 54 60 71 73 69 54 54 22 29 22 27 32 17 14 12 9 8 6 6 5 2 1 3 5 3 7 7 9 13 25 36 73 58 61 44 68 52 38 37 45 52 36 28 24 17 10 15 8 2 1 2 3 5 5 7 13 24 19 20 20
1 1 3 1 1 1 4 1 5 5 6 5 5 6 11 42 17 13 13 10 36 22 27 5 34 43 26 49 77 47 32 19 29 33 74 75 71 62 63 64 58 59 41 28 29 54 33 25 20 25 15 12 10 7 6 5 2 1 5 7 13 19 13 17 15 29 48 57 73 59 53 44 51 59 50 62 43 40 29 23 12 11 5 2 1 2 4 6 6 12 15 10 12 20 17 16
1 1 2 0 1 1 2 3 4 2 4 13 3 11 34 18 15 10 28 35 25 27 15 24 62 29 33 64 55 39 43 32 54 66 75 65 63 65 54 40 39 55 60 47 53 37 38 33 35 22 17 22 5 8 7 3 1 5 9 10 26 30 21 36 26 19 32 71 75 39 75 54 51 60 59 54 46 41 32 18 11 11 3 3 2 4 7 9 8 12 19 12 14 23 27 20
0 2 1 1 2 3 5 5 2 2 6 6 6 24 5 10 12 22 31 34 21 16 22 25 49 39 40 69 35 30 41 38 65 60 54 57 51 59 49 53 58 58 55 68 47 44 38 51 30 24 33 18 15 10 5 4 2 5 16 19 23 42 34 47 49 32 38 52 83 41 42 77 75 58 54 51 55 37 37 29 12 8 2 2 3 6 11 15 19 20 21 24 16 22 37 27
1 1 1 0 1 7 12 1 1 2 5 2 18 8 10 13 17 6 4 25 14 20 41 39 48 59 49 25 38 41 48 58 61 63 31 22 59 50 56 47 49 57 60 68 63 45 61 31 46 44 22 17 17 12 6 5 3 6 21 32 30 50 37 42 62 38 60 42 72 49 53 71 51 64 60 51 42 42 58 23 15 2 2 3 6 7 12 20 15 10 16 34 15 16 31 48
0 1 0 1 1 2 1 6 2 5 3 3 12 8 7 8 6 6 4 6 10 18 37 43 33 55 44 28 47 38 42 22 44 28 18 43 30 35 41 62 64 65 67 67 55 34 52 57 47 33 30 20 18 16 11 6 6 8 25 50 55 57 52 43 60 61 31 42 85 52 69 64 59 57 48 38 47 19 14 14 3 2 3 7 8 12 18 22 12 15 26 15 10 12 21 50
0 1 0 1 4 4 4 2 1 4 2 5 7 12 10 22 16 2 5 3 4 27 29 20 42 55 31 54 53 58 70 59 45 24 16 20 38 37 39 35 41 63 49 53 59 29 21 20 31 30 33 27 20 17 9 4 10 16 28 43 76 69 50 52 59 62 63 29 71 21 29 41 47 53 51 50 44 35 20 15 4 2 4 8 9 25 32 27 19 19 26 26 23 13 19 39
1 1 5 6 7 6 4 2 3 2 4 10 20 11 14 18 24 10 20 7 27 44 28 47 55 38 34 12 12 28 53 20 21 13 21 26 18 26 27 28 61 54 41 52 32 33 33 40 38 48 33 31 24 13 10 6 12 20 35 49 65 51 55 63 72 46 44 55 69 38 38 30 27 18 32 44 30 24 12 8 3 5 9 11 14 33 31 13 23 33 20 31 15 19 23 44
1 3 1 2 2 3 2 1 2 7 8 16 30 27 21 37 18 8 22 26 45 28 26 44 36 26 9 19 18 34 34 14 12 30 38 34 38 33 36 50 41 48 64 39 40 38 52 44 52 37 34 30 26 14 5 13 15 46 43 54 60 69 60 71 75 59 41 69 58 39 47 59 53 52 51 40 26 8 6 2 4 10 12 14 18 41 45 14 17 33 23 40 21 22 26 61
1 1 4 6 6 8 5 5 4 5 13 15 20 20 4 5 2 3 15 41 35 24 32 17 42 43 13 15 20 38 18 13 18 39 52 31 31 37 42 25 58 54 39 52 44 56 54 61 58 45 49 31 18 16 9 18 23 42 63 54 62 74 59 50 74 75 46 56 65 63 64 47 44 41 28 30 18 9 3 8 8 13 17 30 28 44 52 26 26 28 15 45 27 27 29 45
4 12 14 26 26 18 10 12 9 10 13 7 12 7 23 8 6 12 29 27 39 29 27 15 21 24 11 15 23 38 16 17 60 46 25 22 29 35 39 46 71 57 61 41 51 69 67 52 49 62 47 27 20 20 11 31 49 44 54 73 66 75 80 59 85 85 55 62 60 60 47 44 56 40 35 16 17 12 6 16 19 18 23 39 31 38 46 41 44 28 28 49 28 31 26 41
20 23 29 11 23 47 23 12 4 13 1 2 6 10 9 5 6 29 46 24 14 29 18 17 35 38 13 11 17 29 32 56 27 14 26 25 16 12 45 42 57 35 68 58 63 72 42 52 63 55 37 30 24 22 21 39 56 57 62 76 66 73 80 75 74 83 62 31 48 71 49 52 51 49 34 31 28 19 13 20 24 36 32 43 33 30 42 44 40 37 33 52 30 25 32 41
5 20 31 5 3 16 20 22 2 1 3 9 10 10 17 10 13 24 18 20 10 11 28 14 46 58 23 14 30 33 44 52 29 29 29 7 9 13 27 49 41 53 64 65 66 59 59 55 57 52 37 34 28 30 32 39 54 73 65 67 85 67 77 83 74 57 28 21 15 37 47 57 49 43 33 28 17 7 14 23 25 39 36 48 35 49 60 61 48 45 33 43 47 16 37 46
6 5 4 8 5 1 0 1 1 5 7 1 1 7 17 10 18 26 7 14 4 14 12 15 36 27 9 10 18 24 14 22 33 23 20 19 15 7 59 23 36 22 61 51 71 55 57 43 59 55 36 33 31 32 35 62 59 75 77 77 78 77 75 82 43 35 53 64 46 49 45 43 43 27 23 15 7 14 24 26 29 45 51 33 49 49 62 64 50 47 35 43 50 23 26 58
4 5 13 4 4 4 1 4 2 3 6 3 2 7 2 5 17 10 13 15 9 30 29 27 40 27 8 9 11 13 11 32 33 24 33 23 34 11 53 32 9 28 62 55 67 57 58 68 59 52 45 38 36 57 57 58 65 67 78 65 77 84 69 64 60 52 55 70 54 38 60 55 64 54 35 8 15 16 28 43 50 39 54 39 53 67 65 61 49 51 37 44 57 48 24 41
1 7 5 9 9 2 1 7 4 6 5 1 2 5 2 8 14 26 8 15 43 20 27 37 53 32 9 12 10 29 27 22 26 51 24 32 36 21 73 51 17 38 25 62 58 49 64 45 58 52 40 43 39 56 73 65 63 61 76 85 72 80 76 60 60 43 46 42 43 33 56 58 61 65 25 14 18 31 28 49 53 54 54 56 42 67 67 69 57 58 28 49 44 44 36 27
3 5 2 1 1 4 3 8 1 3 4 1 4 3 8 10 7 19 5 11 21 41 30 40 29 8 2 2 3 23 29 13 21 30 37 49 24 26 48 59 34 41 26 65 53 44 49 39 56 50 56 42 41 51 60 86 58 66 63 64 79 65 67 56 41 39 52 43 46 38 58 56 32 44 16 14 34 33 34 38 54 56 57 56 56 71 69 77 64 54 40 58 56 30 39 25
4 3 4 2 2 7 2 3 1 3 2 1 3 2 13 16 6 12 7 5 5 6 5 10 6 5 6 2 10 9 25 29 38 27 36 38 22 20 18 73 48 50 44 57 24 55 44 57 59 42 54 41 43 39 65 67 76 66 64 52 74 51 40 54 45 37 50 40 54 44 48 45 32 18 22 35 38 40 40 38 45 59 70 58 57 75 75 77 72 53 40 66 53 46 43 23
3 4 3 2 2 5 3 0 1 7 2 2 2 1 8 8 5 7 17 9 8 9 13 14 12 33 15 6 3 5 15 28 35 34 36 31 29 23 15 45 78 67 44 31 26 38 38 57 42 25 53 42 44 38 52 77 65 77 60 38 48 19 19 19 25 26 41 54 54 54 55 34 18 20 42 43 46 61 58 45 43 57 57 68 74 82 66 80 62 50 44 73 55 61 35 24
1 0 3 3 10 3 0 1 2 1 4 3 3 2 9 4 4 7 4 3 4 8 7 29 38 7 8 4 5 2 3 9 11 34 24 11 31 22 22 30 83 66 38 24 27 42 57 29 42 22 36 51 41 60 63 59 52 57 74 43 48 33 33 17 41 54 50 48 46 35 38 32 15 25 40 41 62 54 54 41 41 29 59 71 70 63 75 80 72 53 39 73 55 58 53 23
0 0 3 1 7 4 2 1 2 0 6 2 1 5 9 8 11 3 5 3 20 17 16 17 11 12 20 10 4 3 15 16 7 14 14 11 42 5 4 29 54 59 45 30 24 69 52 28 23 38 51 53 39 58 75 61 73 44 67 65 47 41 38 23 35 32 32 35 47 44 22 20 25 40 38 42 39 47 35 16 36 43 58 62 71 69 83 79 41 61 38 69 71 37 27 34
0 0 1 0 4 4 3 1 2 2 3 3 7 5 7 6 2 2 9 4 4 5 5 11 18 35 12 5 7 5 22 17 19 26 19 18 22 9 16 20 42 53 52 41 36 78 44 41 28 35 50 43 46 74 77 66 74 53 55 57 40 16 19 58 48 44 43 33 49 21 25 27 43 40 40 39 53 57 46 36 41 60 56 73 71 76 74 84 52 59 48 44 69 28 25 32
0 0 0 1 2 1 2 7 1 5 10 10 6 3 5 7 3 2 5 5 5 6 16 28 32 12 8 14 3 4 13 26 27 43 33 27 32 22 23 32 42 59 43 54 23 50 39 56 41 22 23 51 59 62 73 66 69 57 49 50 34 14 28 39 49 56 47 33 39 39 44 42 41 44 55 27 34 60 48 35 51 56 54 68 64 73 57 71 68 56 79 48 54 29 33 33
1 0 0 2 0 3 3 3 3 8 11 6 2 2 3 4 1 3 2 5 5 7 42 21 18 20 22 30 19 20 7 28 28 44 22 38 31 42 41 35 30 42 44 62 20 51 55 57 44 37 40 56 51 48 67 50 53 60 40 30 16 30 29 31 31 41 31 54 60 47 44 41 41 56 41 24 30 62 61 39 48 54 50 50 75 76 39 51 71 78 70 55 41 25 40 49
1 0 1 0 0 2 1 3 6 2 3 5 3 1 5 2 2 1 4 2 9 19 11 31 26 12 7 25 21 39 23 27 33 24 23 56 18 18 37 19 27 58 71 39 23 21 70 49 58 32 42 56 56 35 44 63 57 51 30 24 17 21 41 33 37 41 49 54 62 46 39 36 53 52 59 45 27 46 64 55 54 40 47 27 45 76 66 22 66 60 72 50 50 38 34 29
1 0 0 0 1 1 1 3 3 3 4 2 2 1 4 2 2 2 2 4 10 12 9 12 13 12 14 30 43 32 26 37 31 25 32 48 16 10 50 22 26 46 38 35 32 45 64 50 37 26 36 49 43 33 51 34 41 32 19 18 21 33 26 28 25 43 51 56 73 46 39 38 48 51 52 40 35 47 51 65 55 49 46 25 19 40 68 61 25 63 56 54 45 32 20 27
0 0 0 0 0 0 1 1 1 1 2 2 2 1 4 1 2 1 3 4 5 7 7 14 11 12 12 27 32 29 18 33 12 38 22 28 12 19 39 26 25 53 33 48 28 41 51 30 23 24 20 24 48 52 26 39 21 21 12 5 18 13 17 15 36 31 54 58 42 41 37 36 49 49 29 32 47 49 34 64 54 58 39 21 16 31 36 33 47 50 34 31 20 25 17 65
0 0 0 0 0 0 0 0 0 0 2 1 0 1 7 2 1 3 6 2 3 3 5 8 9 14 9 18 7 10 5 15 16 33 24 21 20 28 23 15 16 49 39 50 35 70 26 17 18 33 20 42 48 50 57 33 21 13 14 12 20 7 10 34 33 57 63 48 40 39 38 32 47 64 41 33 23 37 29 44 54 55 59 16 16 11 27 15 19 44 35 24 17 21 14 55
