sesion_6_simulaciones/modelos_agentes/ejemplos_netlogo/scenarios/echam4_b2/rob_2028.asc
NCOLS 322 
NROWS 307 
XLLCORNER 451900 
YLLCORNER 4086900 
CELLSIZE 100 
NODATA_value -9999 
[rows 146 to 218 of 307, columns 192 to 287 of 322]
3 10 25 25 55 65 51 55 46 25 13 3 1 0 0 0 0 0 0 0 0 0 0 0 0 0 0 0 0 0 0 0 0 0 0 0 0 0 0 0 0 0 0 0 0 1 2 3 3 2 4 6 8 11 8 2 1 0 2 7 11 26 18 13 15 22 17 14 32 13 9 22 4 5 9 4 11 5 12 6 12 7 2 1 0 0 0 0 0 0 0 0 0 0 0 0
2 7 13 15 32 34 56 57 54 56 30 9 1 0 0 0 0 0 0 0 0 0 0 0 0 0 0 0 0 0 0 0 0 0 0 0 0 0 0 0 0 0 0 0 0 0 1 1 2 2 4 4 6 6 3 1 1 0 1 2 6 18 34 38 52 56 36 20 30 30 17 38 7 19 6 11 10 10 21 5 1 2 1 1 0 0 0 0 0 0 0 0 0 0 0 0
1 3 2 5 12 15 24 31 44 18 32 16 2 1 0 0 0 0 0 0 0 0 0 0 0 0 0 0 0 0 0 0 0 0 0 0 0 0 0 0 0 0 0 0 0 0 1 1 1 3 1 1 1 1 1 1 0 0 2 3 20 20 11 31 32 36 45 23 21 59 29 42 25 7 9 49 14 27 33 21 9 6 2 0 0 0 0 0 0 0 0 0 0 0 0 0
0 0 1 5 4 8 11 24 27 34 15 4 3 1 0 0 0 0 0 0 0 0 0 0 0 0 0 0 0 0 0 0 0 0 0 0 0 0 0 0 0 0 0 0 0 0 0 1 1 1 1 0 0 1 0 0 0 1 1 5 4 8 32 38 14 30 57 59 36 50 65 61 52 14 14 41 20 32 17 8 8 3 2 1 0 0 0 0 0 0 0 0 0 0 0 0
0 0 0 2 2 3 8 11 13 25 6 3 2 0 0 0 0 0 0 0 0 0 0 0 0 0 0 0 0 0 0 0 0 0 0 0 0 0 0 0 0 0 1 0 1 1 0 0 0 0 0 0 0 0 0 0 0 1 1 2 2 4 19 17 14 27 17 22 52 72 65 54 42 25 19 39 28 8 3 3 1 1 1 0 0 0 0 0 0 0 0 0 0 0 0 0
0 0 0 0 0 1 2 2 5 13 5 4 3 0 0 0 0 0 0 0 0 0 0 0 0 0 0 0 0 0 0 0 0 0 0 0 0 0 0 0 0 0 0 0 0 0 0 0 0 0 0 0 0 0 0 0 1 1 1 1 2 6 5 13 18 15 7 18 23 16 31 54 45 33 61 35 22 6 5 4 0 0 0 0 0 0 0 0 0 0 0 0 0 0 0 0
1 0 0 0 0 0 0 1 5 6 14 5 3 1 0 0 0 0 0 0 0 0 0 0 0 0 0 0 0 0 0 0 0 0 0 0 0 0 0 0 0 0 0 0 0 0 0 0 0 0 0 0 0 0 0 0 0 0 1 1 4 3 2 2 9 4 8 11 9 13 15 37 44 48 43 38 17 13 8 3 2 1 2 1 0 0 0 0 0 0 0 0 0 0 0 0
0 0 0 0 0 0 0 0 2 1 7 6 3 1 0 0 0 0 0 0 0 0 0 0 0 0 0 0 0 0 0 0 0 0 0 0 0 0 0 0 0 0 0 0 0 0 0 0 0 0 0 0 0 0 0 0 0 0 0 1 4 2 2 1 1 4 5 4 12 14 21 20 29 43 26 18 17 23 18 14 9 3 1 2 1 0 0 0 0 0 0 0 0 0 0 0
0 0 0 0 0 0 0 0 0 0 2 2 1 0 0 0 0 0 0 0 0 0 0 0 0 0 0 0 0 0 0 0 0 0 0 0 0 0 0 0 0 0 0 0 0 0 0 0 0 0 0 0 0 0 0 0 0 0 0 0 0 1 1 1 1 2 6 4 2 5 11 13 24 42 30 22 6 4 7 7 7 2 1 1 0 0 0 0 0 0 0 0 0 0 0 0
0 0 0 0 0 0 0 0 0 0 1 1 0 0 0 0 0 0 0 0 0 0 0 0 0 0 0 0 0 0 0 0 0 0 0 0 0 0 0 0 0 0 0 0 0 0 0 0 0 0 0 0 0 0 0 0 0 0 1 0 0 0 0 1 1 1 1 1 5 7 10 21 30 47 18 17 17 4 3 1 0 0 0 0 0 0 0 0 0 0 0 0 0 0 0 0
0 0 0 0 0 0 0 0 0 0 0 0 0 0 0 0 0 0 0 0 0 0 0 0 0 0 0 0 0 0 0 0 0 0 0 0 0 0 0 0 0 0 0 0 0 0 0 0 0 0 0 0 0 0 0 0 0 0 0 0 0 0 1 3 2 1 3 9 17 17 26 19 51 54 46 48 27 9 5 3 3 1 0 0 0 0 0 0 0 0 0 0 0 0 0 0
0 0 0 0 0 0 0 0 0 0 0 0 0 0 0 0 0 0 0 0 0 0 0 0 0 0 0 0 0 0 0 0 0 0 0 0 0 0 0 0 0 0 0 0 0 0 0 0 0 0 0 0 0 0 0 0 0 0 0 0 0 0 1 3 3 5 3 10 17 25 15 11 19 24 61 26 9 7 11 11 4 2 1 0 0 0 0 0 0 0 0 0 0 0 0 0
0 0 0 0 0 0 0 0 0 0 0 0 0 0 0 0 0 0 0 0 0 0 0 0 0 0 0 0 0 0 0 0 0 0 0 0 0 0 0 0 0 0 0 0 0 0 0 0 0 0 0 0 0 0 0 0 0 0 0 0 0 1 1 1 2 5 6 7 9 13 48 24 23 33 51 30 40 26 19 13 6 3 1 0 0 0 0 0 0 0 0 0 0 0 0 0
0 0 0 0 0 0 0 0 0 0 0 0 0 0 0 0 0 0 0 0 0 0 0 0 0 0 0 0 0 0 0 0 0 0 0 0 0 0 0 0 0 0 0 0 0 0 0 0 0 0 0 0 0 0 0 0 0 0 0 0 1 1 1 2 4 7 4 13 13 21 20 13 39 47 68 59 26 7 4 2 1 1 0 0 0 0 0 0 0 0 0 0 0 0 0 0
0 0 0 0 0 0 0 0 0 0 0 0 0 0 0 0 0 0 0 0 0 0 0 0 0 0 0 0 0 0 0 0 0 0 0 0 0 0 0 0 0 0 0 0 0 0 0 0 0 0 0 0 0 0 0 0 0 0 0 1 2 1 2 5 5 4 5 4 5 11 18 16 18 19 54 49 36 23 5 2 1 0 0 0 0 0 0 0 0 0 0 0 0 0 0 0
0 0 0 0 0 0 0 0 0 0 0 0 0 0 0 0 0 0 0 0 0 0 0 0 0 0 0 0 0 0 0 0 0 0 0 0 0 0 0 0 0 0 0 0 0 0 0 0 0 0 0 0 0 0 0 0 0 0 0 1 2 2 2 2 4 5 6 24 27 13 33 37 27 34 57 65 28 17 11 4 3 1 1 0 0 0 0 0 0 0 0 0 0 0 0 0
0 0 0 0 0 0 0 0 0 0 0 0 0 0 0 0 0 0 0 0 0 0 0 0 0 0 0 0 0 0 0 0 0 0 0 0 0 0 0 0 0 0 0 0 0 0 0 0 0 0 0 0 0 0 0 0 0 0 0 1 1 2 3 3 2 4 6 11 15 18 31 43 25 40 68 68 30 17 9 4 2 1 1 0 0 1 0 0 0 0 0 0 0 0 0 0
0 0 0 0 0 0 0 0 0 0 0 0 0 0 0 0 0 0 0 0 0 0 0 0 0 0 0 0 0 0 0 0 0 0 0 0 0 0 0 0 0 0 0 0 0 0 0 0 0 0 0 0 0 0 0 0 1 0 0 1 2 3 4 6 5 1 1 3 6 20 21 23 23 24 53 67 34 35 19 4 1 1 1 1 1 1 1 1 1 1 0 0 0 0 0 0
0 0 0 0 0 0 0 0 0 0 0 0 0 0 0 0 0 0 0 0 0 0 0 0 0 0 0 0 0 0 0 0 0 0 0 0 0 0 0 0 0 0 0 0 0 0 0 0 0 0 0 0 0 0 0 1 1 1 1 1 2 2 2 4 6 11 6 4 5 10 17 20 20 25 40 67 36 26 13 3 2 1 2 1 2 2 2 2 1 0 0 0 0 0 0 0
0 0 0 0 0 0 0 0 0 0 0 0 0 0 0 0 0 0 0 0 0 0 0 0 0 0 0 0 0 0 0 0 0 0 0 0 0 0 0 0 0 0 0 0 0 0 0 0 0 0 0 0 0 0 0 0 1 6 1 1 2 2 3 3 5 12 15 11 7 16 18 18 36 56 56 66 52 31 17 6 3 3 4 2 4 2 0 0 0 0 0 0 0 0 0 0
0 0 0 0 0 0 0 0 0 0 0 0 0 0 0 0 0 0 0 0 0 0 0 0 0 0 0 0 0 0 0 0 0 0 0 0 0 0 0 0 0 0 0 0 0 0 0 0 0 0 0 0 0 0 0 0 1 1 2 4 8 5 3 4 6 17 25 18 14 18 20 24 42 40 60 63 38 30 19 12 4 5 4 9 6 2 1 0 0 0 0 0 0 0 0 0
0 0 0 0 0 0 0 0 0 0 0 0 0 0 0 0 0 0 0 0 0 0 0 0 0 0 0 0 0 0 0 0 0 0 0 0 0 0 0 0 0 0 0 0 0 0 0 1 0 1 1 0 0 0 0 1 1 1 1 2 2 3 5 17 8 8 10 17 12 25 14 13 12 23 48 72 44 37 19 13 12 22 6 8 13 5 1 0 0 0 0 0 0 0 0 0
0 0 0 0 0 0 0 0 0 0 0 0 0 0 0 0 0 0 0 0 0 0 0 0 0 0 0 0 0 0 0 0 0 0 0 0 0 0 0 0 0 0 0 0 0 0 0 0 0 1 2 1 1 0 0 1 0 0 0 1 3 2 6 3 17 11 5 5 8 6 32 48 40 45 41 59 22 20 19 26 41 14 20 9 3 2 1 0 0 0 0 0 0 0 0 0
0 0 0 0 0 0 0 0 0 0 0 0 0 0 0 0 0 0 0 0 0 0 0 0 0 0 0 0 0 0 0 0 0 0 0 0 0 0 0 0 0 0 0 0 0 0 0 1 0 0 1 2 2 1 1 0 1 1 1 2 2 4 7 12 15 35 14 9 16 13 25 43 36 63 43 72 24 50 55 49 40 36 19 12 6 2 1 0 0 0 0 0 0 0 0 0
0 0 0 0 0 0 0 0 0 0 0 0 0 0 0 0 0 0 0 0 0 0 0 0 0 0 0 0 0 0 0 0 0 0 0 0 0 0 0 0 0 0 0 0 0 0 0 0 2 0 1 1 3 1 2 0 1 1 3 2 2 3 6 6 9 16 32 26 12 16 28 62 38 41 71 66 70 63 50 61 55 38 14 3 2 1 1 0 0 0 0 0 0 0 0 0
0 0 0 0 0 0 0 0 0 0 0 0 0 0 0 0 0 0 0 0 0 0 0 0 0 0 0 0 0 0 0 0 0 0 0 0 0 0 0 0 0 0 0 0 0 1 1 0 1 2 1 2 3 3 2 1 1 2 2 2 3 3 3 4 6 9 18 39 25 20 22 59 32 30 43 66 69 78 70 63 23 14 8 4 2 0 0 0 0 0 0 0 0 0 0 0
0 0 0 0 0 0 0 0 0 0 0 0 0 0 0 0 0 0 0 0 0 0 0 0 0 0 0 0 0 0 0 0 0 0 0 0 0 0 0 0 0 0 0 0 1 1 1 2 1 5 6 2 2 14 4 3 3 3 2 4 3 4 3 5 5 15 27 31 43 61 44 22 55 35 69 70 45 64 63 62 28 10 8 2 1 1 1 1 0 0 0 0 0 0 0 0
0 0 0 0 0 0 0 0 0 0 0 0 0 0 0 0 0 0 0 0 0 0 0 0 0 0 0 0 0 0 0 0 0 0 0 0 0 0 0 0 0 0 1 0 2 1 4 2 4 5 8 7 6 12 6 5 5 4 4 7 4 3 4 8 9 14 18 36 37 18 53 55 51 58 57 48 38 37 24 39 46 18 12 8 6 3 1 1 0 0 0 0 0 0 0 0
0 0 0 0 0 0 0 0 0 0 0 0 0 0 0 0 0 0 0 0 0 0 0 0 0 0 0 0 0 0 0 0 0 0 0 0 0 0 0 0 0 0 1 1 2 2 5 5 7 6 15 17 22 24 20 16 14 8 4 15 10 6 3 6 10 23 25 40 58 69 53 56 52 76 51 62 45 37 26 9 6 17 11 8 3 2 1 1 1 0 0 0 0 0 0 0
0 0 0 0 0 0 0 0 0 0 0 0 0 0 0 0 0 0 0 0 0 0 0 0 0 0 0 0 0 0 0 0 0 0 0 0 0 0 0 0 1 1 0 1 3 3 3 2 5 13 17 25 32 34 41 29 25 24 15 23 10 9 5 5 11 6 19 30 49 60 58 50 35 62 62 57 45 38 29 24 14 9 10 5 3 2 4 1 0 0 0 0 0 0 0 0
0 0 0 0 0 0 0 0 0 0 0 0 0 0 0 0 0 0 0 0 0 0 0 0 0 0 0 0 0 0 0 0 0 0 0 0 0 0 0 0 0 0 2 1 5 9 4 6 8 12 24 32 40 40 32 54 41 40 39 37 20 23 7 13 17 28 18 27 34 46 44 55 73 52 65 47 54 50 47 39 19 15 8 2 2 2 1 1 0 0 0 0 0 0 0 0
0 0 0 0 0 0 0 0 0 0 0 0 0 0 0 0 0 0 0 0 0 0 0 0 0 0 0 0 0 0 0 0 0 0 0 0 0 0 0 0 0 0 0 1 3 5 9 14 11 15 28 38 47 49 61 70 56 54 55 52 45 29 14 25 28 30 20 18 23 34 41 53 63 64 49 53 67 64 40 35 32 16 7 3 1 2 1 1 0 0 0 0 0 0 0 1
0 0 0 0 0 0 0 0 0 0 0 0 0 0 0 0 0 0 0 0 0 0 0 0 0 0 0 0 0 0 0 0 0 0 0 0 0 0 0 1 3 0 0 0 1 1 3 28 31 33 17 39 45 61 74 43 45 73 69 64 61 55 37 36 59 52 31 20 24 27 35 39 41 72 72 60 57 66 52 33 23 19 14 3 1 1 1 0 0 0 0 0 0 0 0 1
0 0 0 0 0 0 0 0 0 0 0 0 0 0 0 0 0 0 0 0 0 0 0 0 0 0 0 0 0 0 0 0 0 0 0 0 0 0 0 0 1 3 1 1 1 4 4 17 18 35 47 35 51 60 62 67 65 43 79 80 70 64 47 45 62 55 37 22 28 37 37 49 50 61 70 55 59 61 45 30 26 26 12 5 3 1 0 0 0 0 0 0 0 0 0 1
0 0 0 0 0 0 0 0 0 0 0 0 0 0 0 0 0 0 0 0 0 0 0 0 0 0 0 0 0 0 0 0 0 0 0 0 0 0 0 0 0 1 3 6 9 5 9 4 5 7 11 23 48 55 53 69 56 64 59 81 75 70 56 53 74 39 27 24 20 34 44 61 70 73 52 47 45 47 30 20 17 13 9 5 1 1 0 0 0 0 0 0 0 0 0 0
0 1 0 0 0 0 0 0 0 0 0 0 0 0 0 0 0 0 0 0 0 0 0 0 0 0 0 0 0 0 0 0 0 0 0 0 0 0 0 0 0 1 1 4 5 4 2 1 6 6 10 19 43 41 50 70 74 72 76 72 72 77 72 69 47 26 43 42 19 27 31 45 63 39 34 28 27 27 14 13 15 10 4 3 1 1 1 1 0 0 0 0 0 0 0 0
0 0 0 0 0 0 0 0 0 0 0 0 0 0 0 0 0 0 0 0 0 0 0 0 0 0 0 0 0 0 0 0 0 0 0 0 0 0 0 0 0 0 1 0 1 2 1 5 9 8 8 29 13 36 63 38 72 60 46 49 81 78 74 49 21 29 45 52 38 44 48 37 61 32 41 31 29 27 30 20 14 8 5 5 3 1 1 1 1 0 0 0 0 0 0 0
2 0 0 0 0 0 0 0 0 0 0 0 0 0 0 0 0 0 0 0 0 0 0 0 0 0 0 0 0 0 0 0 0 0 0 0 0 0 0 0 0 0 0 1 1 0 3 5 7 8 11 11 19 31 23 33 38 36 31 34 26 54 62 51 52 32 70 73 59 52 63 71 76 72 59 58 53 45 42 25 17 17 11 11 5 1 1 1 0 0 0 0 0 0 0 0
1 0 0 0 0 0 0 0 0 0 0 0 0 0 0 0 0 0 0 0 0 0 0 0 0 0 0 0 0 0 0 0 0 0 0 0 0 0 0 0 0 0 0 0 1 0 1 3 4 10 10 9 18 17 19 30 31 45 52 42 37 51 64 58 77 50 65 78 76 46 53 78 56 70 74 68 63 50 45 39 31 19 6 5 3 1 1 1 0 0 0 0 0 0 0 0
1 1 1 0 0 0 0 0 0 0 0 0 0 0 0 0 0 0 0 0 0 0 0 0 0 0 0 0 0 0 0 0 0 0 0 0 0 0 0 0 0 0 0 0 0 0 1 3 10 14 11 17 15 28 15 31 30 18 29 43 43 47 70 90 92 76 73 74 65 51 53 32 25 41 35 32 28 30 36 30 17 10 7 6 5 2 1 1 0 0 0 0 0 0 0 0
3 2 1 1 0 0 0 0 0 0 0 0 0 0 0 0 0 0 0 0 0 0 0 0 0 0 0 0 0 0 0 0 0 0 0 0 0 0 0 0 0 0 0 0 0 1 1 1 5 4 7 8 6 10 24 25 10 12 24 43 50 51 51 64 46 77 62 68 33 24 60 68 60 55 49 49 38 19 9 13 16 6 5 12 4 2 1 0 0 0 0 0 0 0 0 0
2 2 1 0 0 0 0 0 0 0 0 0 0 0 0 0 0 0 0 0 0 0 0 0 0 0 0 0 0 0 0 0 0 0 0 0 0 0 0 0 0 0 0 0 1 1 1 1 2 2 3 1 1 1 2 2 5 17 21 26 46 53 43 44 35 48 43 21 50 48 30 50 75 69 39 36 49 47 50 39 24 12 2 4 6 2 1 1 0 0 0 0 0 0 0 0
3 2 1 0 0 0 0 0 0 0 0 0 0 0 0 0 0 0 0 0 0 0 0 0 0 0 0 0 0 0 0 0 0 0 0 0 0 0 0 0 0 0 0 0 1 1 1 1 0 1 0 1 1 2 2 3 6 6 21 17 28 21 29 21 19 17 37 33 47 52 47 32 32 54 29 29 54 65 47 37 18 6 4 6 4 1 1 1 0 0 0 0 0 0 0 0
3 1 1 1 0 0 0 0 0 0 0 0 0 0 0 0 0 0 0 0 0 0 0 0 0 0 0 0 0 0 0 0 0 0 0 0 0 0 0 0 0 0 0 0 1 0 0 0 1 1 1 3 4 5 8 11 8 16 8 8 16 40 44 34 51 50 50 37 56 45 58 60 30 46 43 51 58 45 30 16 9 7 4 2 2 1 0 0 0 0 0 0 0 0 0 1
3 1 1 1 1 1 0 0 0 0 0 0 0 0 0 0 0 0 0 0 0 0 0 0 0 0 0 0 0 0 0 0 0 0 0 0 0 0 0 0 0 0 0 0 0 0 1 1 1 1 1 4 11 13 14 21 25 21 32 14 23 36 68 66 52 66 63 63 49 52 63 74 38 47 37 41 69 52 37 28 14 10 3 2 3 1 1 1 1 0 0 0 0 0 0 1
1 1 1 2 1 1 0 0 0 0 0 0 0 0 0 0 0 0 0 0 0 0 0 0 0 0 0 0 0 0 0 0 0 0 0 0 0 0 0 0 0 0 0 0 0 0 1 2 3 2 4 9 8 14 18 21 29 34 40 46 32 46 50 64 70 75 68 66 42 29 33 32 28 29 44 57 42 29 21 10 13 9 4 1 0 0 1 1 0 0 0 0 0 0 0 1
1 2 3 3 1 0 0 0 1 0 0 0 0 0 0 0 0 0 0 0 0 0 0 0 0 0 0 0 0 0 0 0 0 0 0 0 0 0 0 0 0 0 0 0 0 1 1 2 4 7 17 16 10 14 26 42 30 36 59 58 52 37 45 62 54 43 53 49 30 52 53 34 24 29 37 29 28 15 13 10 10 2 1 1 2 1 1 0 0 0 0 0 0 0 0 0
2 3 2 3 2 1 1 1 1 1 0 0 0 0 0 0 0 0 0 0 0 0 0 0 0 0 0 0 0 0 0 0 0 0 0 0 0 0 0 0 0 0 0 0 0 0 0 1 1 2 8 19 36 31 27 49 38 49 71 70 73 40 30 32 34 40 44 54 26 58 46 46 30 26 14 12 10 4 5 6 4 4 5 2 5 1 1 1 0 0 0 0 0 0 0 0
4 5 4 4 3 2 2 2 2 1 0 0 0 0 0 0 0 0 0 0 0 0 0 0 0 0 0 0 0 0 0 0 0 0 0 0 0 0 0 1 1 1 1 1 1 0 1 1 2 2 4 9 15 46 50 46 69 66 49 63 77 77 65 45 32 20 33 53 34 57 60 47 28 20 21 29 21 28 28 18 15 17 11 4 2 1 1 0 0 0 0 0 0 1 1 1
14 6 4 2 5 3 2 2 1 1 0 0 0 0 0 0 0 0 0 0 0 0 0 0 0 0 0 0 0 0 0 0 0 0 0 0 0 0 0 1 2 2 3 2 1 1 2 3 5 5 9 17 24 27 38 42 59 70 68 71 49 65 53 79 75 42 34 42 60 70 64 62 56 52 24 32 45 58 45 34 27 11 2 1 2 1 0 0 0 0 0 0 0 1 1 1
21 11 4 1 2 2 1 1 0 0 0 0 0 0 0 0 0 0 0 0 0 0 0 0 0 0 0 0 0 0 0 0 0 0 0 0 0 0 0 0 1 2 3 4 3 2 4 5 7 14 11 23 30 32 39 48 34 40 64 63 65 64 39 51 47 50 26 53 66 55 54 45 43 50 42 64 42 32 46 34 21 6 6 3 1 1 0 0 0 0 0 0 0 1 1 4
14 10 3 1 1 1 1 0 0 0 0 0 0 0 0 0 0 0 0 0 0 0 0 0 0 0 0 0 0 0 0 0 0 0 0 0 0 1 1 1 1 3 4 6 6 3 6 10 17 19 15 43 41 42 44 47 52 18 20 28 19 25 48 56 31 59 53 73 38 28 27 31 39 54 70 69 59 25 33 16 12 8 5 3 2 1 0 0 0 0 0 0 0 1 1 2
12 5 2 1 1 0 1 1 0 0 1 0 0 0 0 0 0 0 0 0 0 0 0 0 0 0 0 0 0 0 0 0 0 1 1 1 1 1 1 2 4 3 6 7 10 4 6 12 16 24 31 43 42 48 51 36 33 39 46 44 43 52 48 45 53 11 37 21 21 22 47 70 71 70 59 64 62 52 37 19 16 8 5 3 2 1 0 0 0 0 0 0 0 0 1 1
19 9 5 4 3 2 2 1 2 1 1 0 0 0 0 0 0 0 0 0 0 0 0 0 0 0 0 0 0 0 0 0 0 1 1 1 2 1 1 1 1 2 1 1 3 8 17 16 22 21 29 41 42 47 49 61 53 23 66 71 53 48 45 44 57 28 41 47 58 52 66 68 72 80 70 50 60 42 38 18 14 16 7 3 1 0 0 0 0 0 1 1 1 1 1 2
26 16 18 12 4 0 0 1 1 1 1 0 0 0 0 0 0 0 0 0 0 0 0 0 0 0 0 0 0 0 0 1 0 0 1 2 2 2 2 1 2 2 2 2 2 2 12 26 31 36 23 28 43 48 51 55 55 72 57 46 55 69 71 72 48 24 40 60 65 65 69 47 59 59 53 54 53 57 47 38 28 13 7 2 1 0 0 0 0 0 1 0 1 2 3 4
39 30 10 3 1 0 2 2 1 0 0 1 1 0 0 0 0 0 0 0 0 0 0 0 0 0 0 0 0 1 1 1 0 1 1 2 3 4 4 2 5 3 6 4 3 4 4 9 34 58 37 26 42 59 53 50 60 47 67 70 54 54 70 70 38 40 27 17 56 75 74 72 67 67 49 60 58 50 28 26 15 10 11 4 1 0 0 0 0 0 1 1 1 1 3 5
34 13 7 2 1 2 3 1 1 0 1 1 1 0 0 0 0 0 0 0 0 0 0 0 0 0 0 0 1 1 1 1 1 0 0 1 1 2 4 5 10 13 7 12 12 5 5 25 37 51 43 29 35 38 67 51 49 58 41 45 49 65 69 56 52 43 51 53 46 35 61 71 67 77 66 48 66 45 25 17 21 12 2 5 1 0 0 0 0 0 1 1 1 1 2 2
12 16 15 3 2 6 2 2 2 1 1 0 0 0 0 0 0 0 0 0 0 0 0 0 0 0 0 0 1 1 2 2 1 1 1 1 1 2 1 7 10 17 16 9 24 11 11 32 41 26 61 32 41 41 43 75 65 59 81 72 47 46 57 66 48 47 41 33 43 63 64 70 68 52 69 50 33 25 34 12 14 10 2 1 1 0 0 0 0 0 1 1 2 5 5 3
19 15 16 15 12 8 6 4 1 1 0 0 0 0 0 0 0 0 0 0 0 0 0 0 0 0 0 0 0 0 1 1 2 3 2 1 1 2 2 4 5 12 18 31 24 23 19 38 37 33 55 61 25 44 48 27 27 31 55 60 66 34 43 52 42 59 51 56 42 59 69 60 44 55 39 53 34 33 23 17 14 3 1 0 0 0 0 0 0 0 1 1 3 5 5 5
46 35 33 16 13 7 2 2 1 1 0 0 1 0 0 0 0 0 0 0 0 0 0 0 0 0 0 0 0 1 2 2 3 4 4 3 2 2 5 4 8 5 10 39 42 40 29 48 21 25 46 29 31 37 43 52 35 33 32 34 34 64 68 60 48 34 53 56 35 28 16 21 27 19 32 26 31 30 17 14 8 3 1 0 0 0 0 0 0 1 1 1 2 3 4 7
48 33 21 19 11 2 1 1 1 1 1 1 1 0 0 0 0 0 0 0 0 0 0 0 0 0 0 0 1 0 2 3 5 6 6 10 3 2 4 9 8 10 16 29 50 40 28 46 58 57 41 58 83 48 52 57 48 34 34 43 20 24 41 46 59 27 32 42 64 60 39 28 23 5 4 7 11 12 15 9 4 2 1 0 0 0 0 0 0 0 1 1 2 1 2 3
41 22 14 12 6 4 3 1 1 2 1 1 0 0 0 0 0 0 0 0 0 0 0 0 0 0 1 1 1 2 2 4 13 9 6 15 7 5 6 7 15 14 26 30 50 37 26 40 60 76 55 57 73 71 46 59 60 59 38 44 54 46 39 37 65 22 48 71 62 64 62 56 34 26 16 9 3 5 6 8 4 1 0 0 0 0 0 0 1 1 1 1 1 2 4 7
23 19 22 9 8 5 3 5 1 0 0 0 0 1 0 0 0 0 0 0 0 0 0 0 0 0 1 1 2 2 7 9 14 21 21 10 17 12 9 13 25 28 36 41 28 42 66 46 36 24 52 54 29 60 67 52 64 60 41 23 31 55 45 42 49 64 62 59 63 65 66 50 29 42 36 29 16 9 4 3 2 1 0 0 0 0 0 0 0 1 1 1 1 2 2 3
43 22 29 16 9 20 8 2 1 1 1 1 1 0 0 0 0 0 0 0 0 0 0 0 0 0 1 2 2 4 7 17 35 35 31 33 22 34 27 20 39 52 42 24 37 58 69 68 43 47 48 65 61 43 54 58 60 53 54 39 23 41 52 23 18 37 47 57 60 63 71 77 56 42 45 43 45 20 7 2 1 0 0 0 0 0 0 0 0 1 1 1 2 2 3 4
39 32 15 10 9 3 4 4 3 3 2 1 0 0 0 0 0 0 0 0 0 0 0 0 0 0 1 1 2 3 4 13 24 55 51 24 31 50 51 28 34 67 49 44 31 54 69 70 79 65 54 52 68 77 65 37 60 72 68 40 25 22 26 24 47 31 65 72 82 55 37 62 68 31 8 13 20 20 5 1 1 0 0 0 0 0 0 0 0 1 1 1 2 3 3 4
22 26 18 9 3 1 1 3 2 1 1 0 0 0 0 0 0 0 0 0 0 0 0 0 1 1 2 1 1 1 3 6 12 38 67 24 21 66 67 38 37 62 70 46 44 59 60 72 76 72 29 29 55 66 46 45 54 55 58 74 39 26 31 33 35 55 28 21 43 83 51 26 30 35 8 5 6 14 5 1 0 0 0 0 0 0 0 0 0 1 1 1 2 2 5 6
21 19 11 8 8 6 2 3 1 1 0 0 0 0 0 0 0 0 0 0 0 0 0 0 1 1 1 2 3 4 3 5 7 16 37 66 35 39 77 74 49 50 74 61 47 58 60 73 81 78 63 31 73 64 58 48 42 17 23 40 25 19 16 38 39 37 35 54 55 61 61 30 19 6 4 2 0 3 4 1 0 0 0 0 0 0 0 0 0 1 1 1 1 2 2 3
10 8 5 7 4 4 2 3 1 1 0 0 0 0 0 0 0 0 0 0 0 0 0 0 0 1 1 1 1 1 7 5 8 8 25 51 80 47 31 73 71 55 78 66 44 57 61 73 64 71 78 46 46 52 43 54 34 27 28 15 21 38 30 55 34 48 53 46 40 63 56 28 15 16 8 3 1 0 1 1 0 0 0 0 0 0 0 0 0 1 1 2 3 3 4 4
15 12 15 19 6 4 2 2 1 1 0 0 0 0 0 0 0 0 0 0 0 0 0 0 0 1 0 2 3 2 9 24 43 39 50 70 71 69 59 44 46 72 74 59 46 48 66 73 73 54 76 45 50 50 50 59 52 26 31 43 37 35 37 47 79 65 68 60 45 44 21 28 27 24 12 5 2 0 0 0 0 0 0 0 0 0 0 0 0 0 1 1 2 3 6 9
23 19 13 10 6 6 3 1 1 0 0 0 0 0 0 0 0 0 0 0 0 0 0 0 0 0 0 0 1 5 7 15 24 35 17 21 45 72 73 74 47 43 82 61 47 56 55 40 73 56 41 57 25 48 33 29 58 24 34 33 34 28 46 42 63 59 44 45 32 29 45 44 45 25 18 7 1 0 0 0 0 0 0 0 0 0 0 0 0 0 1 0 1 1 3 5
4 6 6 5 4 4 3 2 1 1 0 0 0 0 0 0 0 0 0 0 0 0 0 0 0 0 0 1 2 2 5 4 4 7 21 45 59 44 64 83 83 72 73 61 69 48 50 41 28 35 41 24 53 33 53 19 22 37 15 28 15 24 24 28 25 21 36 52 51 61 63 52 25 15 4 7 2 1 0 0 0 0 0 0 0 0 0 0 0 1 1 2 2 1 3 6
3 2 3 3 2 1 2 2 1 1 1 1 0 0 0 0 0 0 0 0 0 0 0 0 0 0 0 0 1 1 3 5 5 16 28 38 41 52 51 78 62 46 51 59 74 70 61 39 34 65 36 42 26 47 61 34 19 15 32 17 29 31 56 54 58 49 62 66 66 65 65 39 29 15 4 1 1 0 0 0 0 0 0 0 0 0 0 0 1 0 0 1 1 1 2 2
6 4 4 3 1 0 1 2 1 1 0 0 0 0 0 0 0 0 0 0 0 0 0 0 0 0 0 0 0 1 1 4 7 27 38 41 50 44 49 39 48 45 44 37 50 61 79 48 40 38 19 22 38 39 61 40 39 40 20 26 61 35 53 77 63 60 61 61 61 75 69 62 37 15 6 2 0 0 0 0 0 0 0 0 0 0 0 1 0 1 1 1 2 3 3 4
