sesion_6_simulaciones/modelos_agentes/ejemplos_netlogo/scenarios/echam4_b2/rob_2088.asc
NCOLS 322 
NROWS 307 
XLLCORNER 451900 
YLLCORNER 4086900 
CELLSIZE 100 
NODATA_value -9999 
[rows 74 to 147 of 307, columns 0 to 95 of 322]
0 0 0 0 0 0 0 0 0 0 0 0 0 0 0 0 0 0 0 0 0 0 0 0 0 0 0 0 0 0 0 0 0 0 0 0 0 0 0 0 0 0 0 0 0 0 0 0 0 0 0 0 0 0 0 0 0 0 0 0 0 0 0 0 0 0 0 0 0 0 1 1 0 0 2 6 3 3 5 14 15 1 2 2 2 1 0 0 1 1 1 1 1 1 1 1
0 0 0 0 0 0 0 0 0 0 0 0 0 0 0 0 0 0 0 0 0 0 0 0 0 0 0 0 0 0 0 0 0 0 0 0 0 0 0 0 0 0 0 0 0 0 0 0 0 0 0 0 0 0 0 0 0 0 0 0 0 0 0 0 0 0 0 0 0 0 0 1 1 1 2 12 3 1 1 12 8 3 2 1 0 1 1 1 1 1 1 2 2 1 1 6
0 0 0 0 0 0 0 0 0 0 0 0 0 0 0 0 0 0 0 0 0 0 0 0 0 0 0 0 0 0 0 0 0 0 0 0 0 0 0 0 0 0 0 0 0 0 0 0 0 0 0 0 0 0 0 0 0 0 0 0 0 0 0 0 0 0 0 0 1 1 1 0 0 0 2 15 25 5 2 2 9 5 1 0 0 4 5 5 3 1 1 0 2 3 3 5
0 0 0 0 0 0 0 0 0 0 0 0 0 0 0 0 0 0 0 0 0 0 0 0 0 0 0 0 0 0 0 0 0 0 0 0 0 0 0 0 0 0 0 0 0 0 0 0 0 0 0 0 0 0 0 0 0 0 0 0 0 0 0 0 0 0 0 0 1 1 1 2 2 2 1 3 12 7 5 2 10 11 1 0 2 10 2 8 7 3 1 3 8 8 6 3
0 0 0 0 0 0 0 0 0 0 0 0 0 0 0 0 0 0 0 0 0 0 0 0 0 0 0 0 0 0 0 0 0 0 0 0 0 0 0 0 0 0 0 0 0 0 0 0 0 0 0 0 0 0 0 0 0 0 0 0 0 0 0 0 0 0 0 0 1 1 1 2 2 3 2 1 1 3 3 2 3 3 1 1 4 2 1 1 1 5 3 4 3 6 8 7
0 0 0 0 0 0 0 0 0 0 0 0 0 0 0 0 0 0 0 0 0 0 0 0 0 0 0 0 0 0 0 0 0 0 0 0 0 0 0 0 0 0 0 0 0 0 1 1 2 2 1 0 0 0 0 0 0 0 0 0 0 0 0 0 0 0 0 0 0 1 1 1 2 3 3 2 1 3 1 1 2 2 1 2 3 1 3 3 1 4 5 16 30 25 17 17
0 0 0 0 0 0 0 0 0 0 0 0 0 0 0 0 0 0 0 0 0 0 0 0 0 0 0 0 0 0 0 0 0 0 0 0 0 0 0 0 0 0 1 0 0 0 0 2 5 9 14 10 5 1 0 0 0 0 0 0 0 0 0 0 0 0 0 0 0 0 1 1 2 3 3 2 2 1 0 0 1 2 2 3 2 3 2 2 2 6 36 37 38 15 18 38
0 0 0 0 0 0 0 0 0 0 0 0 0 0 0 0 0 0 0 0 0 0 0 0 0 0 0 0 0 0 0 0 0 0 0 0 0 0 0 0 0 2 1 2 1 0 0 0 0 0 2 3 5 6 2 1 0 0 0 0 0 0 0 0 0 0 0 0 0 0 0 1 1 3 4 2 1 0 0 0 1 1 1 4 1 3 5 7 5 5 4 3 14 8 12 26
0 0 0 0 0 0 0 0 0 0 0 0 0 0 0 0 0 0 0 0 0 0 0 0 0 0 0 0 0 0 0 0 0 0 0 0 0 0 0 0 0 0 1 2 1 1 1 1 0 0 0 0 0 2 1 3 1 0 0 0 1 0 0 0 0 0 0 0 0 0 0 1 1 2 1 2 1 1 1 2 1 0 2 8 2 6 7 8 9 13 8 4 4 13 46 68
0 0 0 0 0 0 0 0 0 0 0 0 0 0 0 0 0 0 0 0 0 0 0 0 0 0 0 0 0 0 0 0 0 0 0 0 0 0 0 0 0 1 0 0 0 0 0 0 0 0 0 0 0 0 0 1 1 1 1 2 1 0 0 0 0 0 0 0 0 0 1 1 1 1 1 2 2 4 2 1 2 1 8 10 6 20 26 53 23 21 25 23 6 5 10 13
0 0 0 0 0 0 0 0 0 0 0 0 0 0 0 0 0 0 0 0 0 0 0 0 0 0 0 0 0 0 0 0 0 0 0 0 0 0 0 0 0 1 1 1 0 0 0 0 0 0 0 1 2 1 1 0 0 1 4 1 0 0 0 0 0 0 0 0 0 0 0 1 1 1 1 1 1 2 4 1 2 1 3 4 8 37 7 19 27 45 21 26 29 18 15 14
0 0 0 0 0 0 0 0 0 0 0 0 0 0 0 0 0 0 0 0 0 0 0 0 0 0 0 0 0 0 0 0 0 0 0 0 0 0 0 0 0 0 1 2 1 1 1 1 1 1 1 1 2 1 1 0 0 1 1 1 0 0 0 0 0 0 0 0 0 0 0 1 3 1 0 2 1 1 3 2 2 1 2 6 1 19 12 40 39 61 75 76 48 30 23 25
0 0 0 0 0 0 0 0 0 0 0 0 0 0 0 0 0 0 0 0 0 0 0 0 0 0 0 0 0 0 0 0 0 0 0 0 0 0 0 0 0 0 0 1 0 1 1 0 0 1 1 0 0 0 0 0 1 1 1 1 1 0 0 0 0 0 0 0 0 0 0 0 0 0 2 1 1 1 5 3 5 2 1 3 11 23 21 20 56 48 43 50 63 24 27 29
0 0 0 0 0 0 0 0 0 0 0 0 0 0 0 0 0 0 0 0 0 0 0 0 0 0 0 0 0 0 0 0 0 0 0 0 0 0 0 0 0 0 0 0 0 0 0 0 0 0 0 0 0 0 0 0 0 0 0 0 0 0 0 0 0 0 0 0 0 0 0 0 0 0 0 0 2 6 2 3 4 3 3 3 5 7 19 38 46 57 10 31 49 50 28 32
0 0 0 0 0 0 0 0 0 0 0 0 0 0 0 0 0 0 0 0 0 0 0 0 0 0 0 0 0 0 0 0 0 0 0 0 0 0 0 0 0 0 0 0 0 0 0 0 0 0 0 0 0 0 0 0 0 0 0 0 0 0 0 0 0 0 0 0 0 0 0 0 0 0 1 1 1 2 1 1 1 2 6 6 4 6 7 7 20 17 10 35 17 54 44 41
0 0 0 0 0 0 0 0 0 0 0 0 0 0 0 0 0 0 0 0 0 0 0 0 0 0 0 0 0 0 0 0 0 0 0 0 0 0 0 0 0 0 0 0 0 0 0 0 0 0 0 0 0 0 0 0 0 0 0 0 0 0 0 0 0 0 0 0 1 0 0 0 0 0 0 1 2 4 4 6 10 6 4 3 10 16 16 17 7 6 16 33 38 17 41 38
0 0 0 0 0 0 0 0 0 0 0 0 0 0 0 0 0 0 0 0 0 0 0 0 0 0 0 0 0 0 0 0 0 0 0 0 0 0 0 0 0 0 0 0 0 0 0 0 0 0 0 0 0 0 0 0 0 0 0 0 0 0 0 0 0 0 0 0 0 2 1 0 0 1 1 1 7 7 2 4 16 9 14 15 15 18 20 23 20 10 6 31 29 16 13 5
0 0 0 0 0 0 0 0 0 0 0 0 0 0 0 0 0 0 0 0 0 0 0 0 0 0 0 1 0 0 0 0 0 0 0 0 0 0 0 0 0 0 0 0 0 0 0 0 0 0 0 1 1 1 1 0 0 0 0 0 0 0 0 0 0 0 0 0 0 0 1 0 5 19 8 4 2 2 17 6 1 9 17 13 14 18 26 29 28 14 10 12 8 5 8 26
0 0 0 0 0 0 0 0 0 0 0 0 0 0 0 0 0 0 0 0 0 0 0 0 0 0 0 0 2 0 0 0 0 0 0 0 0 0 0 0 0 0 0 0 0 0 0 0 0 1 1 0 0 0 1 1 0 0 0 0 0 0 0 0 0 0 0 0 0 0 0 0 0 0 1 7 2 3 2 6 15 5 7 27 19 24 33 34 43 48 29 6 12 28 16 28
0 0 0 0 0 0 0 0 0 0 0 0 0 0 0 0 0 0 0 0 0 0 0 0 0 0 0 0 0 0 1 0 0 0 0 0 0 0 0 0 0 0 0 0 0 0 0 0 1 1 3 3 0 2 1 2 0 1 0 0 0 0 0 0 0 0 0 0 0 0 0 0 0 0 0 1 1 2 3 4 9 23 10 14 23 29 24 43 32 16 26 30 33 9 8 14
0 0 0 0 0 0 0 0 0 0 0 0 0 0 0 0 0 0 0 0 0 0 0 0 0 0 0 0 0 0 1 0 0 0 0 0 0 0 1 0 0 0 0 1 1 1 1 2 1 7 6 5 3 14 6 5 2 2 1 0 0 0 0 0 0 0 0 0 0 0 0 0 1 1 1 0 1 3 5 6 3 4 22 23 22 15 35 19 15 34 31 21 32 33 26 17
0 0 0 0 0 0 0 0 0 0 0 0 0 0 0 0 0 0 0 0 0 0 0 0 0 0 0 0 0 0 1 1 0 0 0 0 0 0 0 0 0 0 0 0 1 1 5 5 6 15 13 6 5 7 8 4 3 3 0 0 0 0 0 0 0 0 0 0 0 0 1 0 0 0 1 1 6 8 11 9 9 7 9 16 13 8 21 20 18 24 35 27 17 14 23 21
0 0 0 0 0 0 0 0 0 0 0 0 0 0 0 0 0 0 0 0 0 0 0 0 0 0 0 0 0 0 0 2 0 0 0 0 0 0 1 1 1 1 0 0 2 6 22 14 12 24 8 1 2 1 1 4 7 3 0 1 1 1 0 0 0 0 0 0 0 0 0 0 1 0 0 2 2 2 8 14 19 9 6 8 6 8 17 33 26 24 24 33 14 17 16 30
0 0 0 0 0 0 0 0 0 0 0 0 0 0 0 0 0 0 0 0 0 0 0 0 0 0 0 0 0 0 1 2 0 0 0 0 0 0 0 1 2 4 0 1 4 13 34 22 4 11 1 2 1 0 0 0 6 11 6 3 1 2 0 0 0 0 0 0 0 0 0 1 0 1 2 0 2 7 5 12 12 18 22 8 14 16 23 23 30 16 31 30 20 24 22 34
0 0 0 0 0 0 0 0 0 0 0 0 0 0 0 0 0 0 0 0 0 0 0 0 0 0 0 1 1 1 1 1 0 0 0 0 0 0 0 0 1 3 2 4 8 11 41 57 45 19 4 1 0 0 0 0 0 0 20 7 3 0 0 0 0 0 0 0 0 0 0 0 1 1 1 1 1 1 3 5 15 22 19 10 13 23 16 14 28 10 49 18 18 21 16 20
0 0 0 0 0 0 0 0 0 0 0 0 0 0 0 0 0 0 0 0 0 0 0 1 1 2 2 2 2 3 0 1 2 1 0 0 0 0 0 0 0 3 0 1 2 6 54 66 54 9 4 3 1 1 0 0 0 0 0 1 0 0 0 0 0 0 0 0 0 0 0 0 0 0 0 0 0 2 3 6 9 15 10 11 8 12 16 5 18 14 48 23 21 10 17 27
0 0 0 0 0 0 0 0 0 0 0 0 0 0 0 0 0 0 0 0 0 0 0 0 0 1 1 1 3 4 2 8 10 2 1 1 0 0 0 0 1 2 2 1 2 5 3 14 34 3 6 5 2 1 2 1 0 1 0 1 0 0 0 0 0 0 0 0 0 0 0 0 0 0 1 1 1 2 2 4 4 8 8 8 8 6 10 7 23 29 6 17 21 22 24 16
0 0 0 0 0 0 0 0 0 0 0 0 0 0 0 0 0 0 0 0 0 0 0 0 1 2 2 1 0 1 1 10 8 2 3 3 5 3 0 0 2 1 10 3 4 6 10 3 2 4 11 6 3 1 1 1 1 1 0 0 0 0 0 0 0 0 0 0 0 0 0 0 0 0 0 1 1 1 2 2 3 3 4 6 7 4 5 6 16 2 5 13 11 4 3 8
0 0 0 0 0 0 0 0 0 0 0 0 0 0 0 0 0 0 0 0 0 1 1 2 3 8 3 4 2 1 1 1 10 14 9 2 15 6 1 3 5 1 10 3 35 29 8 3 3 2 7 8 3 1 1 0 1 0 0 0 0 1 2 1 0 0 0 0 0 0 0 0 0 0 0 1 1 1 1 1 2 2 3 4 2 6 5 14 6 3 8 9 12 7 7 13
0 0 0 0 0 0 0 0 0 0 0 0 0 0 0 0 0 0 0 0 1 1 4 4 6 6 15 6 2 2 2 2 1 7 14 1 2 1 8 4 3 1 14 5 3 1 4 4 7 4 6 9 7 3 1 0 0 0 0 0 0 0 1 1 0 0 0 0 0 0 0 0 0 0 0 0 0 1 1 1 1 3 1 0 1 7 2 14 5 1 3 4 5 6 10 13
0 0 0 0 0 0 0 0 0 0 0 0 0 0 0 0 0 0 0 0 0 1 7 13 5 4 5 6 7 7 5 4 2 1 1 3 1 1 10 2 1 2 7 2 2 2 5 4 5 4 2 6 5 3 1 0 0 0 0 0 0 0 0 0 0 0 0 0 0 0 0 0 0 0 0 0 0 0 1 0 2 1 1 1 1 3 3 3 4 1 1 4 5 9 10 22
0 0 0 0 0 0 0 0 0 0 0 0 0 0 0 0 0 0 1 1 1 1 3 2 1 1 3 8 8 8 13 13 2 1 0 1 1 5 3 2 1 7 14 3 3 4 4 6 9 2 2 4 3 2 1 0 0 0 0 0 0 0 0 0 0 0 0 0 0 0 0 0 0 0 0 0 0 0 0 1 0 0 1 1 1 1 2 4 7 3 3 3 6 7 4 18
0 0 0 0 0 0 0 0 0 0 0 0 0 0 0 0 0 0 0 0 1 3 3 2 2 3 1 3 5 4 5 3 1 2 2 2 5 3 6 2 2 5 11 10 5 3 2 2 4 1 1 4 4 4 3 1 0 0 0 0 0 0 0 0 0 0 1 0 0 0 0 1 1 0 0 0 0 0 0 1 0 0 0 0 1 1 2 3 3 6 4 6 5 10 8 13
0 0 0 0 0 0 0 0 0 0 0 0 0 0 0 0 0 0 0 1 2 3 5 3 2 4 4 3 6 7 3 2 3 4 5 5 1 2 3 3 3 1 1 5 5 2 1 1 2 2 2 2 2 1 1 1 0 0 1 1 0 0 0 0 0 0 1 7 4 1 0 0 1 1 0 0 0 0 0 0 0 0 0 0 0 1 0 1 1 2 4 4 13 8 4 6
0 0 0 0 0 0 0 0 0 0 0 0 0 0 0 0 1 1 1 1 1 1 4 3 2 2 1 1 1 2 4 4 6 5 2 5 5 4 3 2 1 2 4 1 5 4 3 2 2 1 1 1 1 3 1 1 1 0 0 0 0 0 0 0 0 1 0 4 16 5 0 0 1 0 1 1 0 0 0 0 0 1 0 2 1 1 1 2 1 1 4 7 4 4 4 3
0 0 0 0 0 0 0 0 0 0 0 0 0 0 0 0 0 0 0 1 1 2 4 7 5 3 5 4 2 1 2 1 1 3 3 5 5 3 5 2 1 3 1 1 6 3 3 2 3 2 1 1 1 2 3 0 0 0 0 0 0 1 1 1 1 1 2 1 11 4 2 0 0 0 0 1 0 1 0 1 0 0 0 1 1 1 1 1 1 5 3 1 4 4 6 7
0 0 0 0 0 0 0 0 0 0 0 0 0 0 0 0 0 0 0 1 1 3 6 9 14 5 3 1 1 1 1 0 0 1 2 2 3 4 4 3 3 3 1 3 1 0 1 1 2 3 4 4 1 2 1 1 0 1 1 0 0 1 0 1 9 1 2 1 1 16 10 1 1 0 1 3 2 5 2 1 1 0 0 1 2 1 3 2 2 3 3 1 3 5 9 5
0 0 0 0 0 0 0 0 0 0 0 0 0 0 0 0 0 0 0 1 7 3 2 4 8 5 4 4 1 0 1 1 2 1 0 1 4 5 1 2 7 6 4 3 1 1 1 4 4 7 4 14 6 3 2 1 1 0 0 1 0 0 0 0 1 3 2 2 1 4 8 14 5 1 0 2 1 5 1 0 1 5 0 1 0 1 2 9 15 8 16 3 4 4 5 6
0 0 0 0 0 0 0 0 0 0 0 0 0 0 0 0 0 0 1 0 1 3 5 3 4 4 7 11 6 2 2 4 3 2 3 1 1 3 3 4 3 5 4 3 2 2 6 8 6 6 8 5 7 3 2 2 2 3 1 0 0 0 0 2 1 2 5 2 1 1 9 9 6 3 1 1 0 2 1 0 0 2 1 1 1 4 1 1 1 1 7 2 3 19 5 8
0 0 0 0 0 0 0 0 0 0 0 0 0 0 0 0 0 0 1 1 1 0 4 14 7 7 7 9 11 3 3 5 2 2 6 8 3 2 2 3 5 3 2 9 3 5 5 23 25 11 22 6 7 14 24 20 5 1 1 0 0 3 1 0 3 1 4 4 3 1 11 8 4 7 1 1 0 2 4 1 0 4 0 1 1 0 2 2 1 1 24 4 1 10 26 21
0 0 0 0 0 0 0 0 0 0 0 0 0 0 0 0 0 0 0 1 2 2 1 3 6 7 2 3 7 3 2 2 1 1 2 4 4 3 2 4 3 1 1 1 6 8 8 20 12 7 6 14 5 3 3 2 1 1 1 1 0 1 2 1 1 4 1 11 5 1 8 16 6 8 1 1 1 3 1 1 0 14 2 1 2 2 1 2 1 4 18 29 3 4 28 26
0 0 0 0 0 0 0 0 0 0 0 0 0 0 0 0 0 0 0 1 3 2 2 1 1 0 2 1 0 1 2 0 0 1 3 2 3 5 4 3 6 4 5 3 5 9 9 9 6 5 9 10 6 7 3 4 2 1 0 1 0 1 2 2 1 12 4 7 23 4 3 7 15 4 8 1 1 4 2 6 4 10 28 3 2 2 1 4 3 2 9 43 7 2 4 33
0 0 0 0 0 0 0 0 0 0 0 0 0 0 0 0 0 0 0 1 2 2 1 2 1 1 2 1 0 0 1 1 1 1 1 2 4 4 3 7 15 8 6 5 2 4 7 5 5 14 7 13 6 5 3 5 3 2 1 1 1 2 1 4 2 14 10 4 25 13 2 9 13 6 24 3 4 2 3 2 8 6 37 10 1 4 4 13 4 2 3 21 11 4 11 11
0 0 0 0 0 0 0 0 0 0 0 0 0 0 0 0 0 0 0 0 1 2 2 2 4 3 4 2 1 0 0 0 0 1 1 1 3 4 3 3 12 7 5 2 4 3 4 4 3 15 24 24 20 8 2 3 9 2 3 3 5 8 2 1 2 2 11 4 12 21 7 6 5 28 15 10 15 4 6 24 15 5 15 28 4 5 3 3 3 4 5 24 12 16 7 3
0 0 0 0 0 0 0 0 0 0 0 0 0 0 0 0 0 0 1 1 1 5 3 4 2 2 3 5 3 0 0 0 2 1 4 5 4 8 8 6 8 6 4 2 3 3 3 5 4 4 4 7 3 4 9 15 14 2 24 11 1 9 3 5 7 3 2 2 9 18 7 18 7 17 3 11 34 16 9 24 40 28 19 46 5 7 8 4 4 1 8 14 16 5 4 5
0 0 0 0 0 0 0 0 0 0 0 0 0 0 0 0 0 0 0 0 0 0 1 1 3 6 3 4 6 1 0 3 3 3 1 1 3 3 3 12 9 3 5 7 7 5 8 8 4 8 10 5 10 18 13 22 8 10 9 11 3 7 12 4 9 19 22 14 6 34 39 55 43 18 12 15 25 31 20 28 35 43 23 47 38 17 2 3 4 8 12 15 26 8 4 3
0 0 0 0 0 0 0 0 0 0 0 0 0 0 0 0 0 0 0 0 0 1 1 1 4 2 3 5 5 5 2 16 4 1 2 2 8 7 8 10 22 8 9 8 8 8 5 5 4 4 6 3 2 15 6 8 24 24 11 11 14 23 30 18 3 25 32 43 32 21 34 53 11 19 17 16 30 22 50 60 47 32 25 64 46 14 15 3 6 18 9 21 17 17 12 10
0 0 0 0 0 0 0 0 0 0 0 0 0 0 0 0 0 0 0 1 0 1 1 1 1 2 3 3 3 3 3 15 3 4 4 3 4 5 5 9 14 6 7 7 5 8 2 3 5 2 2 4 2 2 1 1 11 22 33 30 28 21 25 47 18 16 48 52 43 24 11 20 26 15 18 26 37 63 45 30 28 25 76 60 57 18 8 9 7 11 12 25 5 3 5 22
0 0 0 0 0 0 0 0 0 0 0 0 0 0 0 0 0 0 0 0 1 1 0 0 1 2 2 1 4 3 5 5 4 7 3 2 2 4 11 9 4 4 5 9 7 5 2 2 1 4 2 2 5 4 2 1 4 5 4 14 10 9 24 48 39 22 13 6 10 15 11 12 12 13 15 14 45 40 30 18 7 24 80 62 62 42 13 16 4 16 16 33 34 24 9 5
0 0 0 0 0 0 0 0 0 0 0 0 0 0 0 0 0 0 0 0 0 0 0 1 0 0 1 1 3 4 3 4 8 5 5 7 6 4 9 6 4 6 2 3 5 1 1 2 1 2 1 1 3 2 3 2 2 4 4 2 7 13 13 22 24 9 8 14 12 20 11 7 9 11 10 4 19 16 21 12 11 8 36 20 36 60 19 29 6 23 32 25 22 21 22 7
0 0 0 0 0 0 0 0 0 0 0 0 0 0 0 0 0 0 0 0 0 0 0 0 0 0 1 0 2 1 2 3 8 3 5 7 5 3 4 3 2 3 2 2 3 1 1 1 1 4 2 1 3 3 3 2 6 5 9 6 4 6 2 5 2 2 6 11 13 16 15 8 7 3 4 4 8 10 11 11 14 13 17 12 22 29 8 22 6 19 39 36 19 11 64 44
0 0 0 0 0 0 0 0 0 0 0 0 0 0 0 0 0 0 0 0 0 0 0 0 0 0 1 1 2 1 4 8 2 4 5 7 3 2 4 1 2 2 1 1 2 2 1 1 0 2 1 1 1 4 1 3 3 5 4 7 7 11 7 4 4 2 9 7 10 7 4 3 14 5 4 2 3 9 8 7 8 8 10 20 21 18 12 20 8 54 59 57 57 15 5 12
0 0 0 0 0 0 0 0 0 0 0 0 0 0 0 0 0 0 0 0 0 0 0 0 0 0 1 1 1 0 1 2 3 9 2 2 2 0 2 1 1 1 1 1 0 1 0 1 1 1 1 1 1 2 2 2 4 3 4 3 10 5 3 8 2 5 7 15 7 4 7 19 13 10 10 13 3 2 7 7 8 12 8 28 14 11 33 10 19 58 53 52 70 28 32 9
0 0 0 0 0 0 0 0 0 0 0 0 0 0 0 0 0 0 0 0 0 0 0 0 0 1 0 1 1 1 1 4 2 2 4 1 1 1 1 0 1 1 0 0 0 0 0 0 0 0 0 0 1 1 2 3 5 3 1 4 3 4 5 4 18 5 8 10 13 27 18 12 6 7 12 14 14 16 19 21 32 39 15 17 14 26 48 29 40 53 24 42 76 55 57 34
0 0 0 0 0 0 0 0 0 0 0 0 0 0 0 0 0 0 0 0 0 0 0 0 0 0 0 1 0 1 1 2 1 1 2 1 1 1 1 0 0 0 0 0 1 1 0 1 3 2 2 1 3 5 4 2 2 3 3 2 3 4 10 6 14 8 9 10 22 5 3 4 6 3 2 4 17 14 25 36 47 47 39 18 14 34 62 28 29 14 20 51 88 47 65 55
0 0 0 0 0 0 0 0 0 0 0 0 0 0 0 0 0 0 0 0 0 0 0 0 0 0 0 0 1 1 1 0 0 1 1 1 0 0 0 0 0 2 1 0 1 1 1 1 6 11 20 6 10 23 11 3 6 2 1 1 1 2 6 3 4 8 7 12 4 4 5 9 20 12 13 11 6 22 41 63 60 24 17 24 14 44 61 38 33 25 26 80 82 43 55 88
0 0 0 0 0 0 0 0 0 0 0 0 0 0 0 0 0 0 0 0 0 1 1 0 0 0 1 1 0 0 1 1 0 0 0 0 0 0 0 0 1 0 1 3 1 3 2 2 3 24 24 31 7 19 15 11 6 9 4 2 2 3 1 4 6 9 12 3 5 5 11 21 15 21 40 22 15 45 67 73 38 24 19 38 24 49 26 21 39 38 60 87 66 81 62 91
0 0 0 0 0 0 0 0 0 0 0 0 0 0 0 0 0 0 0 0 0 1 1 2 2 3 2 2 1 0 1 0 0 0 1 1 1 3 4 3 3 4 3 10 2 6 11 14 3 2 2 29 29 9 27 8 4 26 15 8 2 2 3 4 6 8 5 8 10 15 15 8 16 17 21 23 53 57 50 53 31 22 20 28 25 42 27 27 29 28 44 82 60 79 38 72
0 0 0 0 0 0 0 0 0 0 0 0 0 0 0 0 0 0 0 1 0 0 1 7 2 6 3 4 4 5 5 5 4 6 2 4 1 6 10 4 7 18 5 15 21 6 19 6 36 12 5 56 31 30 33 26 54 48 10 17 3 1 2 2 3 5 4 3 4 7 8 11 9 19 27 53 72 68 27 15 34 21 17 26 15 25 26 41 39 62 73 85 59 63 56 52
0 0 0 0 0 0 0 0 0 0 0 0 0 0 0 0 0 0 0 1 0 0 0 1 1 1 2 5 6 4 4 4 13 10 4 7 11 8 11 17 7 29 29 9 23 16 35 9 33 61 25 32 37 26 17 60 45 39 22 24 16 2 2 2 6 5 6 9 12 15 20 14 24 24 54 64 56 39 35 16 5 14 16 24 24 14 27 40 42 55 79 79 37 46 48 50
0 0 0 0 0 0 0 0 0 0 0 0 0 0 0 0 0 0 0 0 0 0 0 0 0 1 3 2 3 5 6 11 7 8 8 17 17 14 22 26 22 37 30 28 32 32 40 47 8 46 30 14 64 14 33 66 42 10 41 7 6 28 2 2 4 5 11 14 16 14 15 23 42 75 76 69 58 39 10 15 15 9 5 6 17 10 29 28 37 49 70 57 47 30 59 69
0 0 0 0 0 0 0 0 0 0 0 0 0 0 0 0 0 0 0 0 0 0 0 0 0 1 0 0 1 1 1 1 1 1 1 1 1 1 2 2 2 4 4 5 4 4 7 50 32 26 65 17 48 45 48 52 11 7 9 8 24 20 8 4 7 11 14 10 12 33 54 63 73 75 71 68 54 19 7 8 8 9 7 5 12 7 18 12 21 28 47 45 43 25 41 48
0 0 0 0 0 0 0 0 0 0 0 0 0 0 0 0 0 0 0 0 0 0 0 0 1 1 0 0 1 1 1 1 2 2 1 2 1 2 2 4 4 6 8 5 6 5 10 4 5 7 32 35 51 62 53 21 18 23 14 17 28 16 8 7 12 11 17 34 52 58 65 50 36 42 33 36 12 13 13 14 13 12 7 9 5 3 3 3 8 11 24 25 32 21 18 26
1 1 0 0 0 0 0 0 0 0 0 0 0 0 0 0 0 0 0 0 0 0 0 0 0 0 0 1 1 0 1 1 0 0 0 1 1 1 2 1 2 4 4 2 2 4 4 10 8 10 7 11 13 20 24 22 26 19 15 16 7 5 6 9 12 10 10 10 27 54 64 60 43 37 20 19 27 25 39 38 28 19 6 10 13 13 15 10 7 3 3 6 15 30 27 21
0 0 0 0 0 0 0 0 0 0 0 0 0 0 0 0 0 0 0 0 0 0 0 0 0 0 0 0 1 1 0 0 0 0 0 1 1 1 1 2 2 2 2 1 1 1 2 3 5 11 16 33 26 24 23 19 17 14 12 4 3 5 5 12 10 6 9 11 15 23 21 38 49 25 16 27 33 33 14 12 8 10 11 19 34 34 35 20 21 16 8 8 4 4 9 9
0 0 0 0 0 0 0 0 0 0 0 0 0 0 0 0 0 0 0 0 0 0 0 0 0 0 0 1 1 0 0 0 0 1 1 0 0 1 1 1 1 1 5 4 3 2 3 5 9 7 14 20 17 13 18 13 14 8 7 7 1 5 6 7 16 17 18 27 20 20 13 15 9 17 23 32 53 39 22 16 15 21 22 38 32 30 33 37 40 24 32 20 15 12 7 5
0 0 0 0 0 0 0 0 0 0 0 0 0 0 0 0 0 0 0 0 0 0 0 0 0 0 0 1 0 0 0 0 1 1 1 1 1 1 2 2 1 2 2 3 3 6 7 6 6 5 11 7 22 12 23 17 9 7 4 3 4 5 7 5 33 41 16 31 29 27 19 23 13 25 35 43 27 12 21 24 22 34 24 38 45 40 48 37 39 39 36 39 35 30 15 30
0 0 0 0 0 0 0 0 0 0 0 0 0 0 0 0 0 0 0 0 0 0 0 0 0 0 1 2 1 0 0 0 0 1 1 1 1 2 1 1 2 3 3 3 3 6 6 4 14 5 10 12 12 8 16 7 15 3 8 3 11 19 7 28 57 29 30 17 16 21 17 10 15 23 30 31 15 22 22 27 35 31 36 50 49 46 44 34 49 54 40 61 44 32 32 35
0 0 0 0 0 0 0 0 0 0 0 0 0 0 0 0 0 0 0 0 0 0 0 0 0 1 1 0 0 0 0 0 0 1 2 1 1 1 2 2 1 2 1 2 2 2 6 7 7 7 10 8 9 7 10 6 11 7 5 2 5 16 31 48 39 41 21 22 23 12 11 13 21 9 32 13 22 22 37 36 44 34 40 48 51 38 52 49 49 38 43 54 43 39 52 58
0 0 0 0 0 0 0 0 1 0 0 0 0 0 0 0 0 0 0 0 0 0 0 0 0 0 0 0 0 0 0 0 0 0 1 1 1 1 1 1 0 2 1 1 1 1 2 8 6 6 4 13 3 6 11 7 4 4 7 5 1 9 11 16 30 50 38 54 37 10 21 16 25 19 62 22 21 21 30 25 39 28 33 50 31 30 46 60 52 51 38 43 41 56 54 46
0 0 0 0 0 0 0 0 0 0 0 1 0 0 0 0 0 0 0 0 0 0 0 0 0 0 0 0 0 0 0 0 0 0 0 0 0 0 0 1 2 1 1 1 1 1 1 2 4 5 5 5 3 2 9 1 4 12 5 6 2 3 6 7 7 7 28 21 12 26 48 20 24 19 55 16 24 23 34 38 58 47 65 65 56 48 54 54 74 70 41 38 39 41 70 54
0 0 0 0 0 0 0 0 0 0 0 0 0 0 0 0 0 0 0 0 0 0 0 0 0 0 0 0 0 0 0 0 0 0 0 0 0 0 0 1 1 2 1 0 3 2 3 1 3 2 1 4 2 4 4 5 6 5 7 6 3 12 20 14 11 8 10 22 29 23 31 30 16 25 37 30 35 30 44 68 52 48 73 72 75 73 72 70 74 66 50 44 63 68 69 56
0 0 0 0 0 0 0 0 0 0 0 0 0 0 0 0 1 0 0 0 0 0 0 0 0 0 0 0 0 0 0 0 0 0 0 0 0 0 0 0 0 1 1 1 0 1 2 2 3 2 2 5 5 3 1 2 3 10 8 9 6 21 15 12 6 16 17 21 38 31 22 44 22 39 29 53 63 57 68 56 26 53 71 57 37 40 64 35 66 77 63 63 63 66 61 79
0 0 0 0 0 0 0 0 0 0 0 1 0 3 1 1 2 1 0 0 0 0 0 0 0 0 0 0 0 0 0 0 0 0 0 0 0 0 0 0 0 0 1 2 2 1 2 1 2 2 3 2 2 12 22 7 7 6 6 8 15 13 20 9 13 18 28 13 23 32 15 25 33 33 61 35 56 51 67 53 16 26 42 56 30 7 12 31 75 73 74 78 42 51 40 75
