sesion_6_simulaciones/modelos_agentes/ejemplos_netlogo/scenarios/echam4_b2/rob_2029.asc
NCOLS 322 
NROWS 307 
XLLCORNER 451900 
YLLCORNER 4086900 
CELLSIZE 100 
NODATA_value -9999 
[rows 222 to 295 of 307, columns 96 to 191 of 322]
1 0 0 0 0 0 0 0 0 0 0 0 0 0 0 0 0 0 0 0 0 0 0 0 0 0 0 1 0 0 0 0 1 1 0 0 0 0 0 0 0 0 0 0 1 1 2 5 7 12 15 19 24 31 34 43 51 63 78 76 79 85 62 79 58 67 55 49 54 48 34 35 23 28 41 43 51 28 30 25 56 45 40 34 32 18 38 53 60 37 27 24 12 7 8 3
0 0 0 0 0 0 0 0 0 0 0 0 0 0 0 0 0 0 0 0 0 0 0 0 0 0 0 0 2 0 0 1 1 0 0 0 0 0 0 0 0 0 0 0 0 1 1 3 5 7 11 10 15 25 40 63 69 50 36 46 50 52 46 55 81 38 36 39 60 52 40 55 25 30 47 41 44 25 40 54 49 80 53 44 35 32 22 21 46 71 51 41 34 14 9 6
0 0 0 0 0 0 0 0 0 0 0 0 0 0 0 0 0 0 0 0 0 0 0 0 0 0 0 0 1 1 1 1 0 0 0 0 0 0 0 0 0 0 0 0 0 1 1 2 4 6 7 12 26 18 38 57 36 32 36 36 16 44 43 43 38 60 25 56 57 49 62 55 19 27 30 41 33 34 52 59 44 33 59 60 36 37 38 19 14 43 73 51 41 20 16 10
0 0 0 0 0 0 0 0 0 0 0 0 0 0 0 0 0 0 0 0 0 0 0 0 0 1 0 0 1 3 2 1 0 0 0 0 0 0 0 0 0 0 0 0 0 1 1 1 3 4 6 9 20 24 16 15 20 24 25 21 48 66 43 46 58 87 76 54 57 53 67 58 37 28 45 53 45 43 54 64 50 31 13 29 62 63 36 33 24 17 46 43 30 25 11 8
0 0 0 0 0 0 0 0 0 0 0 0 0 0 0 0 0 0 0 0 1 0 0 0 0 1 1 1 2 2 1 0 0 0 0 0 0 0 0 0 0 0 0 0 0 1 1 2 3 3 8 14 16 16 19 21 34 31 25 35 19 31 56 51 54 88 65 71 41 68 56 56 43 25 52 62 53 35 53 80 44 43 56 40 38 21 23 36 28 30 14 19 21 13 5 6
0 0 0 0 0 0 0 0 0 0 0 0 0 0 0 0 0 0 0 0 0 1 0 0 0 0 2 3 2 1 0 0 0 0 0 0 0 0 0 0 0 0 0 0 0 1 1 1 2 3 5 6 5 11 13 22 41 41 38 23 26 42 42 53 74 58 51 66 80 63 51 58 59 18 23 43 45 54 72 36 75 61 78 55 72 40 51 37 22 13 12 19 12 7 4 2
0 0 0 0 0 0 0 0 0 0 0 0 0 0 0 0 0 0 0 0 0 0 1 2 0 1 1 3 2 0 1 0 0 0 0 0 0 0 0 0 0 0 0 0 0 1 1 1 2 3 6 8 10 13 13 24 36 62 37 34 25 49 63 78 60 52 53 53 38 54 67 39 29 18 21 39 58 53 80 60 30 24 42 63 45 49 38 34 17 18 12 7 5 6 5 5
0 0 0 0 0 0 0 0 0 0 0 0 0 0 0 0 0 0 0 0 0 0 0 1 1 1 1 7 3 1 2 1 0 0 0 0 0 0 0 0 0 0 0 0 0 0 0 1 2 3 4 5 8 7 20 26 20 20 17 34 22 23 31 45 31 17 31 44 34 47 24 45 40 29 38 24 26 64 41 50 39 29 29 37 21 23 31 34 16 15 7 3 4 3 2 2
0 0 0 0 0 0 0 0 0 0 0 0 0 0 0 0 0 0 0 1 1 1 0 0 3 1 1 3 8 8 2 1 1 0 0 0 0 0 0 0 0 0 0 0 0 0 1 1 1 1 2 3 4 8 14 10 11 12 16 18 21 23 25 32 37 50 55 63 48 49 62 64 41 24 36 53 23 59 46 54 54 48 39 59 36 14 18 11 8 11 4 2 2 2 2 1
0 0 0 0 0 0 0 0 0 0 0 0 0 0 0 0 0 0 0 1 1 1 1 1 1 2 1 2 9 6 3 1 0 0 0 0 0 0 0 0 0 0 1 0 0 1 1 1 1 1 3 4 4 5 4 5 4 6 6 7 8 8 10 32 43 45 29 49 51 48 50 44 38 25 27 48 46 41 47 68 56 53 52 52 36 27 12 11 7 7 5 3 2 1 1 1
0 0 0 0 0 0 0 0 0 0 0 0 0 0 0 0 0 0 0 1 1 1 0 1 4 2 1 2 6 7 4 2 0 0 0 0 0 0 0 0 0 0 1 1 1 1 1 2 3 4 7 7 4 3 3 5 4 6 12 16 13 21 19 17 15 18 26 28 30 46 63 69 68 31 32 31 63 50 58 48 44 51 52 43 35 52 34 15 9 4 3 2 2 1 1 0
0 0 0 0 0 0 0 0 0 0 0 0 0 0 0 0 0 0 0 1 1 2 0 1 1 3 3 5 9 9 4 2 1 0 0 0 0 0 0 0 0 0 1 1 1 3 2 1 2 5 9 15 10 6 7 9 19 22 26 43 37 35 31 25 32 52 34 31 28 39 61 66 67 64 45 62 74 42 62 41 64 62 49 60 41 30 31 26 27 7 2 1 1 1 0 0
1 0 0 0 0 0 0 0 0 0 0 0 0 0 0 0 0 0 0 0 1 1 1 0 1 2 10 7 5 3 2 1 0 0 0 0 0 0 0 0 0 1 1 1 1 2 2 6 3 4 7 9 10 17 15 21 25 32 49 47 34 36 47 37 27 23 35 47 25 33 18 23 25 20 55 25 37 75 48 38 18 33 70 62 39 33 43 19 20 6 7 2 1 1 0 1
1 0 0 0 0 0 0 0 0 0 0 0 0 0 0 0 0 0 0 1 1 1 2 1 1 2 4 12 4 2 1 0 0 0 0 0 0 0 0 1 1 1 1 1 2 3 3 5 7 6 9 10 16 31 19 22 31 36 38 50 49 63 57 55 44 27 38 43 59 41 39 35 41 32 77 39 23 26 31 31 19 8 62 69 48 45 48 45 18 13 9 5 3 3 1 0
0 1 0 0 0 0 0 0 0 0 0 0 0 0 0 0 0 0 0 0 1 1 4 1 1 3 4 14 5 2 0 0 0 0 0 0 0 0 0 1 1 1 1 2 2 3 8 7 9 19 16 22 24 26 27 24 30 35 60 55 58 58 50 64 68 42 31 37 42 37 65 49 35 46 46 57 43 56 56 39 38 26 16 52 47 48 54 35 14 8 3 3 2 1 0 1
2 1 0 0 0 0 0 0 0 0 0 0 0 0 0 0 0 0 0 0 1 2 2 4 1 2 3 8 5 3 1 1 0 0 0 0 0 0 1 1 1 1 1 3 5 6 14 14 10 8 28 46 58 35 33 17 30 33 58 49 73 62 52 46 48 44 23 43 31 67 34 36 40 45 29 26 31 35 38 34 29 26 25 22 39 23 11 22 16 6 4 2 1 1 1 0
1 0 0 0 0 0 0 0 0 0 0 0 0 1 0 0 0 0 0 0 1 1 3 5 2 2 6 11 8 4 2 1 0 0 0 0 1 0 1 1 1 1 2 4 6 11 17 20 22 17 22 34 44 47 38 18 32 39 28 52 72 65 26 69 30 50 44 38 31 53 39 17 30 51 54 48 47 54 58 54 61 32 29 23 18 10 14 12 6 6 2 1 1 1 0 0
0 0 0 0 0 0 0 0 0 0 0 0 0 1 1 0 0 0 1 1 2 1 4 11 6 5 9 11 6 6 3 1 1 0 0 0 1 0 0 1 2 2 3 5 7 14 19 24 26 33 26 38 57 59 47 20 32 43 53 46 57 60 23 51 54 50 59 30 42 37 26 36 51 43 35 30 28 38 46 23 43 49 49 22 24 13 8 8 4 2 1 2 1 1 1 0
0 0 0 0 0 0 0 0 0 0 0 0 0 1 1 1 0 1 1 4 3 1 3 11 11 3 3 29 17 4 3 1 1 0 0 0 1 1 1 1 2 4 3 6 11 12 23 29 35 47 33 50 59 46 53 19 31 41 44 59 51 50 52 48 53 56 49 50 40 32 39 42 47 45 36 30 29 43 43 32 33 31 55 49 24 26 17 6 2 1 1 1 1 1 1 0
0 0 0 0 0 0 0 0 0 1 1 1 0 1 2 2 1 0 1 2 4 2 4 10 19 5 6 31 11 7 5 2 1 0 0 1 1 0 1 1 3 5 5 8 10 13 35 36 42 48 49 44 38 52 77 40 23 45 60 47 34 31 31 57 59 53 48 63 41 26 28 32 52 49 53 46 49 70 59 50 42 37 37 31 31 31 16 9 5 3 1 1 1 0 0 0
0 0 0 0 0 0 0 0 0 0 1 1 1 1 3 3 1 1 3 3 4 6 5 14 28 30 25 30 19 11 5 2 0 0 0 1 1 1 1 3 2 5 11 8 7 13 29 44 50 47 54 59 58 57 83 59 50 17 36 69 52 48 33 35 30 58 64 61 32 31 21 52 50 37 42 35 46 73 58 45 57 27 22 17 18 16 18 12 3 2 2 1 1 1 0 0
0 0 0 0 0 0 0 0 0 1 1 2 2 2 2 5 1 1 3 4 5 8 9 18 36 51 25 33 11 7 5 1 0 0 0 0 1 3 2 2 5 5 9 11 13 26 33 33 51 58 59 60 69 81 82 78 40 22 47 60 69 48 39 43 42 36 27 30 29 26 52 53 26 54 29 35 28 51 45 45 37 39 52 25 14 9 5 3 4 2 1 1 1 0 0 0
1 0 0 0 0 0 0 0 1 1 2 2 3 2 4 7 2 3 2 8 13 12 10 20 37 32 17 9 5 5 2 1 0 0 0 0 1 2 3 2 3 9 4 22 17 21 35 31 39 65 66 47 70 75 74 78 63 33 23 25 38 60 53 40 41 24 9 6 22 26 65 40 39 50 89 75 59 52 50 51 59 55 36 37 24 20 10 7 5 2 1 0 0 0 0 0
0 0 0 0 0 0 0 1 1 1 2 3 6 2 6 9 4 8 3 6 22 19 32 19 46 29 11 8 3 2 2 0 0 0 0 0 1 1 3 4 8 6 7 10 34 21 24 38 56 72 69 57 55 49 61 79 77 40 26 28 46 41 42 39 24 30 21 12 39 47 31 43 64 71 67 82 58 72 56 66 67 49 29 11 15 9 10 7 3 2 1 0 0 0 0 0
0 0 0 0 0 0 1 1 1 1 3 3 9 6 8 14 5 10 15 7 11 26 16 58 35 32 9 6 4 1 0 0 0 0 1 1 1 1 1 1 2 5 12 31 20 24 43 49 47 59 73 75 49 48 40 47 73 58 41 18 31 19 18 12 13 6 19 35 30 37 29 19 35 58 30 62 83 80 72 69 68 43 23 17 12 5 3 2 3 2 0 0 0 0 0 0
0 0 0 0 1 0 1 1 2 2 3 4 7 12 8 20 8 8 23 19 20 39 21 46 48 16 5 3 1 0 1 1 1 0 1 1 1 1 1 3 3 5 11 22 45 32 26 42 46 64 64 68 68 62 45 34 44 62 45 26 29 26 28 24 30 12 11 28 34 35 40 41 43 34 29 28 54 62 69 48 29 24 19 14 7 4 3 2 1 1 0 0 0 0 0 0
0 0 0 1 1 1 1 1 1 2 4 6 9 13 16 36 12 11 26 31 30 46 73 41 22 19 10 4 2 1 2 2 1 1 0 1 1 2 3 3 5 8 11 20 27 52 38 37 49 58 67 58 65 70 54 35 24 50 48 34 20 22 27 27 25 26 17 34 30 29 41 41 73 55 47 35 28 16 41 45 35 12 9 7 7 4 1 0 0 0 0 0 0 0 0 0
0 0 0 1 1 1 1 2 1 3 9 8 9 11 40 40 18 20 23 35 35 55 72 22 32 20 7 5 6 5 5 5 2 2 1 1 1 2 5 3 6 14 22 28 25 45 35 64 53 67 61 81 58 40 41 32 52 23 18 65 24 17 38 34 19 15 28 49 29 24 37 58 80 62 47 40 35 31 23 29 28 16 9 7 6 4 1 1 1 0 0 0 0 0 0 0
0 0 0 1 2 2 1 3 3 4 10 9 22 21 25 38 49 33 41 31 51 49 80 66 32 14 13 13 9 11 11 8 3 1 1 0 2 5 3 7 11 15 29 42 53 44 61 28 15 30 62 37 51 45 55 36 16 13 14 22 35 11 30 22 9 17 51 21 28 28 18 24 15 32 43 36 34 35 25 19 16 9 10 8 7 6 3 3 1 1 0 0 0 0 1 1
0 0 0 1 2 3 1 4 6 7 6 13 12 31 37 21 20 59 43 46 41 65 71 44 30 22 20 20 21 36 11 4 2 2 2 1 1 2 10 9 12 18 23 51 38 62 54 49 39 53 56 15 58 65 60 28 38 26 20 11 39 12 18 15 7 10 18 48 41 18 36 60 50 57 53 44 34 37 34 32 21 17 14 11 8 8 7 2 1 0 0 1 1 1 1 0
0 1 1 2 3 5 2 2 4 10 15 20 11 11 25 50 24 19 67 68 41 63 74 49 49 23 43 57 33 12 7 5 4 2 1 0 1 1 4 9 12 31 40 32 24 41 45 62 66 64 48 43 60 70 75 68 53 20 18 17 29 18 15 16 7 11 29 20 12 14 34 40 43 46 55 56 38 33 22 24 11 7 8 19 15 11 4 2 0 0 1 1 1 2 2 0
0 1 2 2 3 3 5 4 5 4 8 24 9 9 24 43 50 46 13 35 48 67 54 45 37 58 35 16 16 9 8 8 5 2 2 1 2 3 6 6 5 17 23 19 29 39 45 44 65 61 62 55 73 72 62 55 27 43 10 15 20 26 5 12 12 12 8 26 37 37 26 47 58 51 49 54 32 27 17 25 29 19 28 18 12 6 5 2 1 1 1 1 2 2 2 1
1 1 2 2 4 7 6 12 11 9 7 15 37 13 34 33 41 61 45 21 36 70 29 52 75 33 27 23 19 19 11 4 2 2 3 2 2 4 7 7 10 19 19 15 32 44 27 23 48 50 31 24 38 38 43 23 35 22 38 7 13 23 6 9 30 40 27 41 56 34 54 57 63 67 67 65 48 31 34 32 35 25 31 15 13 9 2 1 1 1 1 1 3 4 1 1
1 2 3 1 2 14 16 13 13 12 24 16 24 50 27 33 47 22 68 39 38 39 78 62 46 47 43 38 30 23 10 4 2 2 6 2 2 5 10 16 17 24 35 33 35 27 36 43 32 29 31 26 25 31 26 33 31 25 26 29 6 5 13 30 40 19 30 37 54 38 59 50 50 66 68 52 40 47 37 35 37 33 19 19 11 5 1 1 2 2 3 3 4 4 2 1
1 4 3 2 4 10 12 22 29 14 24 32 34 39 57 35 52 31 26 56 30 35 72 70 60 48 38 40 32 14 12 8 5 2 4 1 2 4 8 19 25 30 20 37 34 42 36 38 44 45 40 28 31 34 38 32 18 17 19 18 12 6 16 7 10 30 33 46 25 33 53 47 53 45 53 73 41 37 18 17 18 18 27 16 9 4 2 2 3 2 4 3 11 3 2 2
2 3 5 4 6 7 14 15 20 29 43 36 37 44 64 64 33 27 35 32 63 67 74 61 63 64 53 47 35 22 12 10 6 3 6 2 2 5 9 19 25 42 39 46 46 48 45 60 40 41 42 33 20 31 24 44 37 14 4 5 9 7 11 10 10 10 6 4 10 45 30 36 52 49 48 41 28 11 10 26 34 29 10 16 17 9 3 3 3 5 4 3 13 4 3 2
3 6 8 8 10 8 10 20 27 31 48 52 53 46 59 64 49 48 38 42 38 68 70 66 46 55 48 44 26 29 21 12 9 7 9 1 5 8 12 14 10 36 50 53 47 56 58 46 43 56 61 51 23 31 34 34 16 16 7 3 5 6 14 6 11 13 18 26 19 24 25 28 31 27 44 20 21 22 14 48 38 15 22 19 15 16 6 8 7 4 4 2 8 4 4 3
3 5 18 11 14 15 13 25 34 35 38 56 54 50 71 51 58 66 51 41 41 60 55 51 46 52 50 43 37 20 17 16 18 13 3 1 5 13 20 26 21 37 55 44 47 54 46 35 49 71 64 56 53 29 35 27 20 17 10 9 8 7 11 6 18 27 48 48 33 34 33 39 33 21 21 27 38 48 27 43 39 33 22 19 13 11 15 11 5 6 4 1 5 9 1 2
5 4 13 24 17 19 17 32 38 40 40 43 59 67 69 64 54 71 52 36 44 81 58 70 50 52 57 54 40 25 30 25 17 8 4 2 3 10 28 44 40 46 42 61 49 52 47 36 45 39 35 31 44 36 18 16 14 12 11 10 16 6 10 11 24 29 36 40 42 21 36 24 14 18 21 52 42 52 56 17 34 29 32 29 17 13 25 16 6 8 3 4 7 6 2 3
5 5 11 32 33 22 28 36 38 44 50 41 55 67 68 56 54 44 54 36 45 67 64 74 59 51 48 41 41 30 42 23 15 8 8 4 5 12 25 34 60 66 63 48 61 38 37 50 40 29 27 33 36 33 53 33 12 8 11 10 8 7 9 11 11 12 32 47 26 14 15 26 27 38 34 59 55 56 38 43 34 18 35 26 18 24 24 11 15 7 4 4 14 5 3 6
9 25 21 26 38 26 23 41 42 43 56 43 22 32 72 75 69 51 46 65 44 78 79 49 58 63 37 40 32 39 33 27 21 6 7 5 7 20 24 34 34 54 53 64 56 58 34 53 60 31 44 49 45 35 43 18 15 9 14 6 5 7 12 15 18 16 41 11 17 6 23 36 54 33 40 60 37 42 52 42 11 17 35 37 40 28 17 10 13 9 5 6 11 11 8 7
13 17 35 41 40 28 27 42 43 42 44 54 45 45 53 71 64 32 42 68 40 77 64 64 59 42 23 42 34 39 46 33 29 14 9 6 8 24 27 41 58 48 36 62 40 47 54 37 52 45 61 59 44 40 35 17 14 10 7 11 4 6 18 19 7 26 17 14 37 32 49 41 40 54 42 27 43 61 32 14 13 36 52 39 35 35 16 11 8 9 12 8 6 20 11 9
22 32 36 47 45 33 45 44 46 47 30 48 47 58 57 61 64 64 71 74 72 73 62 59 52 58 49 47 55 33 45 46 30 20 19 6 9 25 48 45 53 50 52 56 54 44 51 24 45 42 54 43 34 32 34 25 25 14 12 7 6 13 3 10 9 16 17 29 29 27 22 42 62 63 45 38 62 47 42 32 30 35 13 18 35 37 17 13 9 16 16 10 7 39 15 18
27 33 32 37 12 29 56 37 50 55 43 43 55 59 52 62 48 71 68 77 70 63 70 52 47 58 69 65 35 47 39 44 39 20 17 7 8 30 34 47 49 42 63 57 55 42 28 59 45 70 38 45 30 37 33 45 21 14 14 4 3 11 24 23 8 11 19 35 40 25 21 51 75 66 39 62 53 33 39 75 60 24 28 42 26 20 21 8 12 16 17 11 17 44 33 26
29 23 13 8 8 14 56 40 24 31 42 31 34 54 73 71 41 39 69 59 70 66 70 70 32 53 72 47 40 44 32 53 49 37 16 3 7 21 29 50 44 43 53 63 67 63 33 25 11 15 47 52 24 27 34 31 30 12 9 5 5 15 14 18 15 16 19 18 39 29 31 53 75 39 47 63 55 13 52 49 34 47 60 46 30 22 19 6 20 21 22 14 28 70 43 23
32 35 26 27 27 19 33 56 19 24 22 47 36 46 68 61 69 41 55 69 68 76 76 75 56 34 56 60 51 33 59 44 45 31 15 6 6 12 34 56 27 46 66 67 65 45 40 38 33 33 27 33 53 29 13 12 11 7 7 3 4 7 4 7 11 9 15 8 14 20 53 45 52 63 40 36 27 24 43 37 37 56 51 34 22 8 7 6 15 21 22 17 36 55 42 14
48 34 40 38 26 31 29 30 38 35 32 62 42 46 43 49 68 72 65 80 79 70 73 58 31 41 52 46 45 48 58 50 27 25 28 13 9 7 23 35 13 27 36 36 38 34 34 28 64 56 41 36 27 18 21 12 9 16 3 1 1 5 5 11 18 22 11 7 35 35 19 31 21 36 32 26 15 56 44 59 40 35 23 23 22 11 8 16 18 25 25 32 37 57 18 15
31 32 39 35 42 28 23 42 60 61 28 25 56 54 29 29 24 45 76 74 47 40 44 52 56 18 48 52 34 65 47 43 39 26 32 14 20 7 15 36 46 21 31 39 24 32 14 7 19 28 20 59 40 34 16 2 2 1 2 2 1 7 3 10 15 18 7 27 31 20 23 26 31 30 14 27 46 59 65 40 35 34 35 38 22 12 10 19 30 31 29 24 49 61 48 17
32 52 41 42 43 43 31 46 61 49 48 33 23 43 57 29 52 41 32 65 44 56 60 62 49 38 51 35 35 63 52 51 34 16 28 14 18 11 6 20 31 55 48 32 27 36 36 17 23 36 45 48 27 22 23 13 8 5 3 1 1 2 6 6 8 8 16 34 42 35 24 24 19 12 40 44 40 52 51 35 28 32 37 26 21 18 11 26 34 22 36 29 18 35 55 25
40 39 39 34 42 60 34 46 49 56 48 41 53 38 22 56 55 39 41 67 69 28 27 40 35 58 52 66 38 39 55 42 29 43 23 12 17 22 9 26 39 57 63 26 29 50 35 14 28 35 22 36 24 27 19 10 9 9 5 4 2 5 1 5 7 11 18 8 12 10 16 13 38 45 30 32 30 29 30 27 19 25 29 30 29 14 14 20 40 24 42 28 29 29 46 28
37 36 56 41 50 57 24 39 53 60 54 46 49 52 65 46 67 77 54 64 62 34 39 44 49 71 65 73 45 45 46 45 49 24 18 11 11 37 16 16 31 46 34 38 44 51 12 6 51 72 28 29 29 14 11 7 12 7 3 1 2 3 2 3 4 5 4 10 16 20 27 31 21 25 19 10 17 32 27 24 33 48 28 25 29 14 24 26 43 26 32 10 4 14 38 59
38 43 57 55 48 45 25 39 55 62 57 46 37 33 55 70 47 39 64 63 39 26 38 33 60 54 73 56 52 69 62 53 32 29 11 4 5 40 17 16 18 32 31 30 38 39 2 16 27 31 52 37 20 8 4 3 2 2 3 2 1 3 1 1 1 2 3 11 27 51 53 50 25 19 14 18 54 41 32 31 45 34 32 43 13 17 28 37 26 19 8 8 19 25 27 43
44 27 31 57 46 55 44 20 51 53 59 46 50 35 48 38 67 39 37 45 27 39 42 44 39 63 50 67 68 76 57 58 43 37 26 3 19 37 14 17 25 14 25 32 32 26 7 18 17 20 32 21 32 22 19 6 2 5 4 3 2 5 1 1 1 3 11 24 23 23 34 16 11 14 28 39 45 36 25 55 48 41 43 18 16 33 53 24 8 6 12 26 22 54 42 42
41 13 35 53 60 54 53 34 22 44 56 33 44 44 55 56 50 47 50 46 20 46 76 49 48 51 34 45 52 56 57 56 37 21 24 11 23 19 26 18 31 28 26 32 42 32 21 14 13 17 17 30 17 20 13 7 4 4 8 8 3 3 2 1 2 10 7 16 20 11 24 29 22 39 35 41 45 44 42 56 43 28 18 12 34 45 14 6 8 16 19 42 43 49 53 45
37 19 22 15 44 54 63 39 9 23 46 32 45 37 69 62 49 18 34 44 26 53 58 47 41 20 48 56 57 51 55 42 44 34 20 17 18 13 20 15 6 25 22 35 35 39 43 54 41 35 29 43 31 14 6 3 7 3 4 7 7 1 1 1 8 12 4 9 8 10 13 36 50 58 35 24 57 55 39 33 23 31 10 26 33 15 4 16 18 29 34 38 40 56 57 48
49 33 40 12 46 63 60 36 12 7 10 36 51 30 39 54 34 40 48 54 42 24 48 49 35 30 54 61 53 46 38 33 44 33 30 30 31 10 26 19 9 10 19 25 33 25 19 16 16 16 11 26 11 6 8 16 16 5 3 1 1 1 2 4 7 8 6 6 10 6 16 39 48 49 42 38 57 58 45 39 26 14 24 28 16 5 12 30 29 29 36 34 43 41 44 45
60 28 43 15 21 51 39 21 14 14 15 18 27 59 50 46 41 31 33 50 38 46 57 39 37 53 35 49 55 47 33 41 32 20 35 33 22 19 17 28 18 11 17 18 23 24 34 25 18 29 37 25 11 8 2 11 15 7 4 5 4 5 1 3 5 5 2 6 8 11 18 35 43 49 36 31 35 34 52 23 15 14 25 9 11 30 31 30 33 32 34 31 24 23 29 49
49 28 40 22 15 52 41 42 30 30 20 22 33 43 57 63 68 53 37 34 32 30 37 49 59 49 61 66 54 35 36 39 24 20 54 35 21 25 19 9 9 14 14 28 24 27 33 23 32 23 27 13 21 14 3 7 29 10 4 5 3 1 1 1 2 6 2 6 12 10 12 28 45 41 44 17 28 50 40 40 36 18 8 13 16 21 20 42 44 30 36 34 29 19 27 11
38 30 44 33 23 33 22 47 24 24 28 21 33 30 26 37 46 49 41 42 44 20 27 60 54 60 48 41 49 41 40 38 36 22 44 33 32 20 36 11 25 28 9 16 30 41 41 30 29 37 19 11 24 8 7 13 13 7 5 3 2 1 2 1 4 6 17 10 5 5 19 15 17 28 25 21 40 58 71 41 22 12 4 14 8 42 33 31 37 39 59 56 27 25 32 10
53 30 42 32 20 18 12 32 40 30 29 32 28 29 24 39 37 34 15 23 35 18 45 53 57 39 50 54 44 39 35 36 31 39 49 32 44 58 22 16 17 17 21 16 39 23 31 30 26 21 35 27 14 9 17 13 24 7 5 4 2 1 1 1 2 3 16 14 7 8 13 15 28 31 17 57 54 44 43 37 18 5 10 26 21 28 43 26 38 48 45 51 27 21 26 12
56 32 58 35 16 18 32 21 54 27 44 40 23 16 24 21 20 33 21 27 13 34 28 32 35 33 49 47 30 38 36 19 30 38 28 54 30 58 35 18 32 15 31 19 31 45 32 31 22 29 32 16 11 20 18 14 11 9 4 6 4 3 1 0 1 7 10 13 10 15 10 9 21 23 52 51 26 31 31 39 20 13 16 29 51 34 31 46 43 40 38 31 27 19 20 10
53 31 59 38 14 13 59 35 36 27 31 44 22 26 24 24 22 32 26 23 8 14 8 10 21 23 57 59 52 35 21 19 31 51 40 22 38 36 30 19 31 8 27 10 19 35 45 32 26 39 19 36 9 13 19 20 17 6 6 8 3 1 0 1 1 2 3 8 18 13 11 20 37 54 42 23 21 58 37 26 19 13 31 21 48 49 29 42 39 42 34 22 32 19 16 6
59 30 49 22 14 20 32 34 27 56 48 31 34 22 24 25 32 29 32 31 7 8 17 34 41 45 41 43 43 29 17 17 47 36 40 35 55 30 22 19 31 8 25 17 23 31 49 38 24 32 35 30 14 6 15 18 11 4 3 4 5 1 1 2 1 1 3 6 10 10 12 22 28 22 33 22 22 46 29 9 9 19 40 38 36 45 19 31 53 52 28 19 34 10 16 13
62 33 54 23 15 20 20 55 29 54 63 55 28 16 17 22 51 34 9 23 4 14 17 29 17 23 22 38 25 17 28 20 64 48 46 43 43 21 15 39 21 16 16 48 44 33 37 33 42 37 25 21 22 14 14 8 14 9 3 2 2 1 2 2 1 2 1 4 11 11 9 9 18 19 33 28 37 42 36 12 8 31 42 43 43 37 14 26 41 43 17 19 16 21 21 21
71 56 21 32 18 15 36 55 39 28 55 49 45 12 29 46 30 32 21 16 10 8 12 11 11 18 39 25 31 27 25 35 14 26 12 29 25 17 10 37 17 13 3 19 67 37 27 39 41 33 30 22 18 12 30 23 19 12 3 2 1 1 4 1 1 2 2 4 11 5 14 15 20 18 31 42 30 37 31 20 16 38 31 26 33 23 29 30 20 24 38 20 15 31 22 17
54 30 21 28 19 14 55 51 53 23 14 35 54 12 22 19 16 27 18 19 6 4 15 25 26 23 14 36 34 16 52 20 29 22 34 29 20 24 14 30 12 24 10 13 45 57 35 34 40 36 32 29 17 18 12 8 12 5 5 4 1 1 2 1 1 2 2 4 8 11 27 35 38 31 40 58 10 49 31 26 23 21 29 16 23 17 31 50 28 16 32 21 17 22 28 20
52 29 13 34 26 21 39 8 31 49 12 17 47 32 9 19 14 18 10 9 8 16 30 15 19 20 24 41 27 21 28 36 42 62 41 27 45 21 23 33 14 14 17 19 32 37 26 64 33 30 24 27 29 17 5 6 11 9 5 4 3 2 1 1 1 1 2 2 4 9 18 21 36 54 37 18 27 48 38 18 13 17 43 15 26 29 32 22 37 21 14 26 29 24 11 19
54 14 23 33 21 21 33 7 7 9 28 49 26 45 12 16 9 10 6 11 9 7 9 18 14 16 18 31 29 49 21 26 46 30 17 44 21 14 31 21 29 31 24 25 32 37 24 28 44 18 12 11 21 26 8 7 8 4 3 3 3 1 1 0 0 1 3 4 6 11 11 27 33 18 27 22 36 24 14 9 10 33 34 33 20 26 28 20 19 18 30 16 14 25 9 8
60 16 22 37 20 36 39 17 8 8 24 42 55 48 19 10 15 12 18 4 3 5 13 20 10 8 22 46 30 24 18 41 19 26 51 15 14 23 33 18 32 26 23 39 43 51 37 20 18 27 14 13 21 25 18 9 7 2 1 1 1 2 1 0 0 1 3 5 6 16 18 39 34 18 9 23 41 15 14 13 16 26 34 31 18 24 22 21 9 32 19 26 14 9 5 4
45 19 22 43 13 32 51 31 14 13 8 28 22 33 44 8 9 12 8 11 9 7 4 8 3 10 31 35 38 11 37 15 11 44 34 16 23 29 42 28 8 39 35 37 53 49 35 11 21 34 29 10 5 10 15 16 4 3 2 1 1 2 1 1 1 7 16 10 4 7 25 36 27 13 7 30 30 19 15 14 15 23 25 30 19 20 9 20 14 21 24 7 18 7 7 11
33 17 19 39 12 30 39 16 11 11 19 16 13 12 19 17 3 8 9 2 4 3 4 3 5 10 57 25 26 13 46 27 11 52 26 15 26 49 38 23 15 37 39 52 22 46 30 25 14 13 20 23 8 6 7 16 6 3 1 1 1 1 1 1 5 10 9 18 21 27 34 45 29 7 11 32 22 10 10 11 18 16 26 14 19 17 8 11 17 11 22 7 6 21 12 9
55 23 39 23 8 43 24 10 15 10 28 10 20 14 12 8 5 2 4 2 7 15 6 2 2 7 33 14 9 26 22 15 28 34 30 13 21 51 54 24 16 31 28 48 44 41 20 22 20 9 7 8 13 9 5 1 5 1 1 1 2 1 1 10 25 37 47 41 50 64 44 42 24 7 34 47 16 9 9 18 15 18 28 15 30 22 5 9 15 10 11 5 5 3 7 8
55 38 9 8 9 25 11 13 16 16 17 22 16 21 6 6 5 2 4 4 6 8 3 4 3 12 17 7 27 8 15 35 32 19 15 29 28 60 53 20 17 31 26 34 35 24 24 34 17 17 10 4 15 10 5 2 1 2 1 1 2 2 2 6 6 5 30 46 53 69 68 43 8 19 36 52 22 3 8 36 16 30 16 21 16 31 5 11 19 8 9 4 12 5 9 3
46 17 8 11 11 15 4 10 14 19 9 22 34 9 5 4 3 0 3 2 4 6 2 2 2 26 5 13 22 6 36 34 14 12 26 29 14 59 48 12 16 24 20 28 40 27 25 18 14 9 13 4 3 6 4 2 1 1 1 1 4 4 8 10 13 11 31 65 71 57 57 11 13 26 41 54 37 8 20 22 16 17 18 20 14 25 4 6 14 10 13 7 6 4 3 5
