sesion_6_simulaciones/modelos_agentes/ejemplos_netlogo/scenarios/echam4_b2/rob_2083.asc
NCOLS 322 
NROWS 307 
XLLCORNER 451900 
YLLCORNER 4086900 
CELLSIZE 100 
NODATA_value -9999 
[rows 148 to 221 of 307, columns 0 to 95 of 322]
0 1 1 0 1 1 1 1 0 0 0 8 8 7 4 8 10 7 3 6 2 2 0 0 0 0 0 0 0 0 0 0 0 0 0 0 0 0 0 0 1 1 1 1 2 1 4 4 3 8 4 4 8 5 7 18 16 7 5 13 26 27 24 15 25 36 34 20 24 52 49 50 26 29 60 75 23 24 19 31 32 27 12 21 59 46 17 12 45 39 33 37 60 57 36 61
0 0 1 1 1 3 2 3 3 1 1 4 7 18 12 17 27 6 10 8 6 5 0 1 0 0 0 0 0 0 0 0 0 0 0 0 0 0 0 0 0 0 0 0 2 11 6 4 2 3 2 7 9 9 2 2 3 2 14 11 11 39 20 13 21 37 32 29 33 47 23 9 7 37 28 30 62 13 15 39 35 21 28 22 13 56 27 17 14 25 12 52 33 63 48 23
0 0 0 1 1 4 4 1 2 3 2 2 26 32 25 10 46 21 19 20 9 2 1 0 1 0 0 0 0 0 0 0 0 0 0 0 0 0 0 0 0 0 1 2 7 5 3 3 2 2 3 4 5 5 11 7 13 13 12 13 20 35 12 13 34 33 42 51 31 7 39 20 22 36 64 27 30 9 3 10 22 25 19 36 18 23 50 34 18 24 17 13 26 30 42 19
0 0 0 0 0 0 0 0 1 1 2 1 7 25 23 21 58 48 35 7 1 0 1 2 3 1 0 0 0 0 0 0 2 1 1 2 3 0 0 0 1 1 5 8 2 2 1 3 2 1 4 4 6 5 7 6 15 15 16 15 28 25 20 14 31 52 44 30 67 25 10 41 51 24 36 13 26 45 19 8 11 21 26 16 23 14 23 56 43 26 25 15 11 29 38 35
1 0 0 0 0 0 0 1 1 1 1 3 2 3 3 2 2 4 5 3 1 5 5 3 8 1 4 0 0 0 0 0 1 0 0 0 0 2 0 0 1 1 1 2 2 5 6 10 4 2 4 5 7 6 2 6 9 29 12 25 23 32 43 71 72 54 54 24 25 78 28 25 26 33 20 6 10 12 43 25 13 16 32 27 18 26 20 25 53 23 19 18 7 8 21 21
1 1 0 0 0 0 0 0 0 0 2 2 2 5 3 3 1 4 6 11 27 11 22 5 5 1 1 1 0 2 1 0 0 0 0 0 0 0 1 0 0 6 1 2 3 2 1 2 6 4 7 11 10 8 3 5 10 21 32 29 56 46 63 62 69 65 56 13 21 60 64 46 28 18 28 18 14 11 25 15 25 20 20 31 25 21 19 19 64 43 14 12 16 7 23 28
6 1 3 1 1 2 3 0 0 0 0 1 2 6 7 2 1 4 16 17 27 46 24 34 10 6 7 6 1 2 6 3 1 0 0 0 1 0 0 1 0 3 1 1 3 1 1 2 2 6 12 20 33 23 26 11 16 19 36 47 25 19 61 67 65 57 57 38 25 39 74 26 30 22 15 12 24 8 23 43 19 29 29 17 18 15 19 15 27 21 37 15 9 7 6 12
10 6 9 2 5 3 1 2 0 0 1 0 4 2 2 6 4 3 4 21 35 20 21 30 12 8 7 6 1 0 2 12 14 4 2 1 1 1 1 1 1 3 13 2 3 2 1 1 2 4 5 6 16 5 8 26 15 27 17 9 10 12 19 42 47 14 22 14 41 53 49 45 25 22 30 12 13 17 18 33 30 21 29 24 16 16 15 16 16 16 22 28 18 10 7 6
6 8 8 16 17 5 2 12 1 0 1 1 1 1 4 5 4 7 4 3 5 24 31 4 7 15 4 11 3 1 1 1 5 11 6 2 1 1 1 1 1 3 19 2 2 3 2 4 5 7 10 14 10 10 15 12 17 39 23 25 32 29 13 8 6 20 15 20 14 30 33 51 60 32 17 11 14 17 23 32 37 53 16 22 16 14 12 6 11 18 15 5 25 11 4 6
15 34 18 39 13 3 12 20 3 2 2 1 4 12 6 3 8 6 5 4 6 5 4 21 13 3 3 9 11 2 2 1 1 14 13 9 8 5 4 6 5 4 24 16 2 2 3 3 4 5 12 16 9 20 22 7 8 17 25 18 21 13 8 14 15 5 2 12 28 36 42 53 28 33 18 16 22 20 33 27 32 26 33 15 13 12 6 5 7 7 13 8 11 14 6 3
13 47 10 39 10 22 27 23 2 5 5 1 1 1 5 6 9 28 23 37 8 4 6 4 6 3 4 22 5 22 4 8 7 16 5 11 9 19 8 4 7 3 16 23 17 3 2 2 5 3 5 4 4 12 16 7 15 37 41 49 21 27 31 25 26 10 10 16 24 30 30 40 33 21 35 10 20 32 32 38 22 17 23 21 8 6 4 1 2 7 8 11 10 9 12 8
5 46 25 37 30 42 30 5 5 13 11 4 4 2 3 2 4 8 9 40 17 4 5 6 29 21 12 15 4 23 28 5 6 16 37 35 19 41 47 11 9 4 4 20 19 10 6 2 4 2 1 2 8 10 8 7 11 7 7 11 9 22 39 33 36 23 24 27 22 28 30 28 22 32 11 19 17 26 17 13 15 12 10 15 21 14 8 14 8 5 4 6 10 10 6 4
5 4 4 28 45 42 7 5 23 9 17 22 11 5 3 4 7 8 13 7 13 23 18 4 26 20 22 27 27 11 54 40 13 5 19 63 55 21 22 29 27 4 5 29 33 29 6 3 4 4 3 2 24 8 48 48 47 45 60 48 27 14 22 21 23 22 27 32 29 19 22 31 27 31 17 27 14 16 16 21 11 11 10 18 10 9 10 12 6 8 9 4 4 5 3 1
4 17 10 10 11 29 13 37 37 17 15 24 11 11 3 6 4 5 11 10 14 16 17 6 37 41 27 53 40 27 52 67 55 23 19 4 13 32 17 7 10 5 4 53 49 34 19 13 8 16 39 54 35 12 14 50 45 13 22 47 40 20 35 26 24 20 21 40 33 16 20 21 27 29 19 21 20 21 12 12 9 10 4 8 8 4 9 7 4 4 5 4 2 2 2 3
9 10 9 19 17 8 29 66 43 49 3 16 25 26 35 11 19 5 7 8 10 6 24 45 72 37 65 72 51 51 33 50 67 35 29 13 36 54 62 74 56 28 10 27 64 41 22 51 14 21 47 52 72 32 16 59 73 33 23 18 59 58 20 47 29 28 20 27 25 20 25 24 25 19 18 21 18 14 13 6 5 5 6 6 8 4 5 4 3 3 2 2 1 0 1 1
4 7 23 15 12 4 28 56 30 62 12 14 43 32 48 28 9 14 10 22 25 28 11 40 56 62 71 73 45 74 54 72 64 71 64 67 54 62 70 63 8 42 43 13 5 34 28 41 22 18 45 37 46 59 14 27 55 83 46 32 40 22 24 27 34 44 44 40 26 16 32 20 15 14 12 7 13 7 3 3 3 5 4 3 4 2 2 1 1 2 1 3 4 5 4 5
2 3 3 6 13 16 7 69 25 17 13 24 29 6 18 32 13 15 13 40 39 19 20 11 51 80 71 76 58 83 67 69 69 61 70 69 80 73 73 77 66 39 11 8 3 5 36 39 22 7 15 44 56 63 57 67 72 72 80 34 25 28 28 38 34 37 51 25 20 33 17 14 13 13 5 3 2 2 7 8 9 4 3 2 3 6 10 8 17 4 8 17 8 15 16 10
2 4 8 10 7 8 8 24 36 27 45 34 44 45 17 34 26 29 9 7 21 55 32 19 14 28 29 64 62 40 18 16 15 23 24 29 76 59 61 73 70 52 33 8 2 4 29 24 19 14 11 9 32 69 61 57 43 44 73 68 27 17 27 30 38 37 22 31 21 9 11 14 13 9 7 5 3 2 3 2 6 10 7 12 17 25 25 27 16 12 14 27 24 39 39 18
2 2 3 4 9 11 13 11 13 12 25 54 54 60 14 9 14 39 38 21 16 16 37 11 17 24 19 16 12 20 28 18 27 27 47 28 26 21 19 22 15 28 17 6 5 8 21 21 25 16 17 17 4 27 28 35 40 59 35 52 45 24 54 54 45 29 26 17 18 15 13 14 6 3 7 7 3 2 3 7 27 29 19 31 35 39 34 47 33 34 63 64 42 58 38 26
1 2 4 13 12 17 19 16 18 18 24 6 9 11 13 19 12 7 42 49 38 21 24 7 20 41 37 27 18 23 36 42 19 48 21 18 17 24 26 21 14 9 13 11 16 16 31 30 33 23 14 6 9 8 14 39 15 12 11 36 21 32 34 22 32 19 13 18 18 8 8 4 6 5 8 8 12 2 24 23 38 37 38 44 44 63 63 47 45 57 30 13 22 19 23 48
2 3 7 5 5 11 16 9 22 36 7 13 25 19 11 21 4 6 8 16 27 20 15 12 24 18 28 23 39 13 34 25 18 28 18 16 22 43 18 41 23 10 7 7 6 11 18 33 24 22 12 24 24 19 22 21 21 17 25 32 57 52 32 11 17 17 15 7 9 5 4 28 27 15 15 24 11 15 34 53 64 50 49 72 68 65 65 52 63 64 36 12 6 6 14 37
8 20 20 25 8 7 8 8 14 25 12 15 22 15 15 8 11 10 20 21 15 19 23 13 22 16 12 24 10 14 23 21 23 19 15 15 13 30 13 43 23 16 14 4 2 2 10 13 60 48 22 19 53 26 12 31 39 58 55 44 53 31 21 14 16 12 5 5 13 12 24 38 48 21 29 37 23 36 56 58 70 82 53 83 71 68 58 61 57 52 39 31 9 6 5 9
1 2 4 3 4 4 10 11 14 11 14 6 13 17 7 3 7 7 13 14 7 5 5 11 18 14 13 12 18 18 16 18 10 17 13 5 19 13 22 33 20 16 28 11 12 5 4 11 17 40 20 32 26 13 15 31 34 30 24 16 16 11 6 4 4 1 11 25 37 28 43 54 53 39 53 40 24 43 62 58 83 69 59 57 45 10 12 42 22 30 21 12 12 4 3 16
2 6 5 6 5 7 4 8 8 9 4 7 11 13 16 15 16 8 9 9 12 3 5 17 41 27 12 10 15 8 9 22 55 23 12 6 23 11 39 9 25 11 21 15 8 5 8 10 6 17 23 21 10 17 16 18 49 21 13 11 7 19 21 30 13 22 31 47 44 41 39 56 40 40 51 43 33 45 59 70 72 59 42 39 29 16 15 16 29 14 12 10 6 4 2 3
2 3 3 5 8 2 2 4 4 7 7 5 14 9 29 19 11 23 21 14 38 13 17 15 32 32 11 21 6 10 19 14 43 44 22 16 18 25 29 9 9 7 13 15 7 12 8 5 6 9 11 18 15 16 20 20 13 6 6 24 21 37 37 39 27 29 45 49 58 57 39 55 58 57 46 56 53 55 57 63 61 75 50 37 22 25 21 10 42 21 9 5 1 4 5 6
2 2 4 5 2 2 2 4 7 5 10 12 12 10 9 11 42 44 20 18 23 13 26 11 15 22 26 12 7 8 7 11 13 15 20 27 9 10 28 21 15 14 12 8 13 10 9 9 7 9 12 15 25 22 13 12 16 22 31 47 39 37 50 39 30 44 45 44 57 41 44 55 71 38 42 50 56 63 76 55 29 29 32 40 33 24 15 11 10 11 6 4 3 2 3 4
1 2 3 2 1 7 5 7 20 30 33 27 25 36 16 8 15 32 25 32 8 16 33 11 12 8 16 25 11 27 18 15 12 13 24 35 13 21 25 27 15 3 4 8 7 10 5 5 8 13 14 26 20 17 24 15 24 26 46 41 34 33 45 34 30 39 46 27 53 48 38 64 46 32 44 66 56 61 28 82 58 61 34 25 31 27 17 20 8 5 2 3 2 1 2 1
1 1 2 1 1 1 2 7 6 12 27 45 25 29 41 10 15 14 10 11 12 30 25 13 6 8 3 8 6 11 8 8 14 13 23 22 10 19 28 22 13 6 3 3 6 6 8 17 11 10 23 15 15 32 19 18 27 45 42 48 38 36 37 28 30 55 55 35 55 51 48 48 65 68 47 57 69 66 25 24 53 67 50 45 23 15 18 22 10 6 4 1 1 3 2 1
1 1 2 2 2 1 2 3 7 7 4 5 4 6 9 17 15 14 32 12 20 26 10 15 3 11 3 10 4 5 8 9 10 8 13 10 12 9 19 14 11 5 2 5 6 7 10 12 12 13 15 27 19 16 16 28 39 36 32 35 31 25 40 34 38 54 52 47 52 80 66 57 53 67 21 19 15 52 58 36 25 50 34 26 20 15 19 7 4 9 6 3 2 1 1 1
1 3 5 11 1 15 10 2 7 5 6 4 14 7 12 14 14 9 9 10 7 17 6 7 4 3 4 3 3 7 5 5 6 7 8 6 7 5 7 13 7 9 9 12 17 8 12 9 20 29 26 40 27 19 29 29 31 39 25 28 47 29 45 44 38 50 35 65 28 48 79 77 74 59 71 50 35 18 15 33 27 21 43 36 32 25 21 34 14 5 4 3 3 2 1 0
6 4 1 3 13 6 3 5 4 5 2 6 4 4 14 7 7 2 7 7 8 2 4 4 2 1 2 1 1 1 1 3 3 10 2 3 3 6 6 2 4 9 4 5 6 11 6 12 21 33 28 27 25 23 21 36 29 36 33 26 36 39 30 35 38 55 37 40 75 34 74 77 56 74 77 80 61 57 54 41 41 35 16 9 23 30 18 22 9 6 3 2 3 1 0 0
4 23 6 7 2 4 2 4 2 2 3 2 2 7 14 22 33 7 6 11 5 4 1 2 3 1 1 1 1 1 1 3 3 2 2 3 2 2 7 4 3 8 4 20 9 9 15 8 22 26 20 18 20 19 18 21 41 30 26 44 40 45 40 29 44 16 31 32 39 46 34 69 48 59 78 80 79 87 70 57 60 72 73 52 19 16 19 18 12 5 4 2 1 1 0 0
2 3 3 3 7 6 2 2 2 2 2 1 3 3 2 5 5 6 6 7 9 3 3 1 2 1 1 0 1 1 1 2 1 1 2 1 2 4 6 4 3 4 7 18 5 15 7 10 14 25 9 12 14 13 15 19 35 36 22 28 40 23 19 60 64 56 37 23 16 6 15 18 35 36 66 74 68 74 78 61 79 69 64 32 25 27 24 16 21 8 4 3 1 1 0 0
1 1 4 4 4 4 2 1 0 2 1 1 2 2 11 6 13 4 6 4 4 2 1 1 1 1 2 0 1 0 1 1 1 2 0 1 1 5 2 2 2 4 4 7 6 7 8 9 13 11 5 10 7 8 17 10 21 33 34 22 35 50 14 8 6 10 16 31 31 23 13 12 7 21 36 64 55 77 86 53 70 86 64 46 35 21 20 19 15 7 4 4 2 1 0 0
1 3 2 2 1 2 1 0 0 0 0 1 1 3 2 3 4 4 2 2 1 3 1 2 1 1 2 0 0 1 0 0 1 1 1 2 1 5 1 1 2 4 3 4 5 3 4 4 6 3 9 14 10 13 17 15 20 20 22 14 19 47 22 11 30 45 54 38 43 32 30 43 18 7 15 52 50 76 85 76 62 61 58 45 30 29 28 19 15 12 8 7 3 1 1 0
1 2 2 1 1 1 1 1 0 0 0 0 1 1 1 1 1 3 1 0 0 0 1 0 0 1 1 0 1 0 0 0 1 0 0 1 1 2 1 1 1 2 5 6 2 2 4 3 5 6 16 32 19 48 43 63 43 27 32 16 11 5 57 39 10 38 60 46 48 51 54 39 25 23 12 15 20 44 77 55 42 24 19 35 13 25 12 11 12 14 11 7 5 2 1 1
1 0 0 1 0 1 0 0 0 0 0 0 0 0 1 1 0 1 1 0 0 0 0 0 0 0 0 0 0 0 0 0 0 0 0 0 1 1 0 1 1 4 15 32 12 9 5 11 8 4 27 19 65 47 41 54 21 26 39 51 11 11 11 73 25 21 40 63 48 35 60 67 74 47 39 19 11 6 8 8 11 11 9 22 24 10 9 5 4 12 5 6 3 2 1 0
0 0 0 0 0 0 0 0 0 0 1 0 0 0 0 0 0 0 0 0 0 0 0 0 0 0 0 0 0 0 0 0 0 1 1 2 5 7 10 12 15 26 15 31 20 23 17 3 14 17 10 13 37 45 46 52 26 54 49 34 33 20 8 48 69 20 6 29 61 72 58 59 37 37 50 46 24 10 14 5 13 13 12 8 20 20 6 7 4 4 4 2 2 1 1 0
0 0 0 0 0 0 0 1 2 0 0 1 1 0 0 0 0 0 0 0 0 0 0 0 0 0 0 0 1 0 0 0 0 0 0 2 5 7 10 13 10 25 21 19 32 36 30 10 5 8 44 29 12 42 12 18 21 55 72 49 37 28 19 24 82 32 29 15 41 60 81 27 15 27 34 57 46 38 33 21 12 10 5 7 8 18 10 4 3 1 2 2 1 1 1 0
0 0 0 0 0 1 2 1 1 1 1 0 1 0 0 0 0 0 0 0 0 0 0 1 1 1 0 0 1 0 0 0 1 0 0 1 1 7 12 22 13 7 14 13 23 46 55 58 12 12 25 37 26 14 38 10 38 45 64 61 14 25 19 15 81 55 23 23 26 79 81 87 50 41 34 27 21 19 14 15 25 24 12 5 5 5 13 9 4 4 1 3 2 1 0 0
1 1 0 3 1 2 2 5 5 4 2 1 2 1 0 0 0 0 0 0 0 0 0 0 0 0 1 1 0 0 0 0 1 1 0 1 2 5 13 31 21 9 5 11 20 54 63 68 74 66 14 25 23 24 15 13 25 48 62 65 18 24 29 27 58 87 58 38 23 16 20 53 27 31 24 51 38 19 14 10 10 12 15 12 6 2 4 7 5 3 1 2 1 1 1 0
1 2 2 4 4 4 7 4 12 7 3 6 3 1 4 2 1 0 0 0 0 0 0 0 0 0 0 1 0 0 0 0 1 1 1 1 1 2 1 1 16 22 7 14 12 18 37 47 71 78 67 35 37 53 30 45 27 60 72 57 60 21 44 38 29 82 90 69 51 25 15 19 56 39 28 28 40 44 20 18 8 10 9 12 11 3 1 6 3 5 2 1 1 1 1 0
0 0 1 6 10 5 22 33 28 28 17 12 4 8 12 7 2 1 2 0 0 0 0 0 0 0 1 1 0 0 0 1 2 1 1 3 3 3 3 3 3 9 9 10 6 16 49 29 60 72 83 45 40 39 52 55 10 54 67 63 62 45 35 35 19 76 84 85 60 58 16 7 45 67 36 11 17 12 25 9 12 9 9 7 11 4 2 2 4 3 2 1 1 1 0 0
0 0 1 10 15 27 42 41 37 63 67 25 25 20 17 8 3 6 3 2 1 0 0 1 1 5 4 1 0 1 1 1 1 1 1 2 3 4 7 4 4 6 4 5 13 19 35 33 10 54 73 82 42 34 45 22 20 14 44 53 84 79 22 27 51 64 66 83 37 56 46 11 15 48 37 26 18 19 24 21 11 11 5 3 4 5 3 1 1 2 2 1 1 1 0 0
0 0 0 1 1 1 5 11 14 5 22 58 68 43 29 6 7 14 5 2 5 0 0 0 0 1 3 9 1 0 1 1 1 2 2 2 3 4 10 6 9 17 13 11 10 7 49 54 36 23 50 75 62 33 14 13 32 13 23 54 51 47 36 33 38 57 37 83 38 50 38 43 8 26 29 40 32 26 29 22 19 11 4 3 2 5 3 1 1 1 1 1 1 0 0 0
0 0 1 2 1 4 25 8 10 7 10 7 49 70 66 28 23 19 6 6 3 3 1 1 1 1 0 1 2 1 0 1 2 5 2 2 1 3 10 8 10 10 9 11 21 21 21 8 36 64 33 49 16 18 9 25 22 35 27 30 57 63 53 44 22 27 27 72 76 35 18 31 32 10 19 18 33 18 15 9 13 9 8 6 1 2 1 1 2 1 1 0 0 1 0 0
0 0 0 0 1 1 3 7 7 6 5 3 4 20 57 67 54 10 1 1 1 5 1 3 2 2 1 0 1 2 1 7 5 2 9 4 4 7 10 6 9 22 26 24 30 20 28 17 19 20 71 46 37 25 19 16 28 38 29 34 56 75 58 43 41 34 45 64 81 63 31 16 43 29 19 6 6 20 18 13 6 6 6 6 4 1 1 2 2 1 0 1 0 0 0 0
0 0 0 0 1 2 2 2 3 5 9 7 19 8 7 11 12 4 2 2 7 1 1 3 12 12 1 2 1 13 4 4 20 12 17 4 26 10 7 7 12 13 14 24 20 24 30 19 23 29 30 42 27 29 36 28 25 37 22 12 24 38 55 55 58 48 40 49 59 65 42 45 48 26 29 13 7 15 15 7 11 3 3 2 2 2 1 1 1 1 0 0 0 0 0 0
3 1 1 0 0 1 1 2 4 6 4 9 5 10 14 9 7 4 2 3 1 4 2 2 1 4 7 8 13 1 3 13 12 3 7 7 3 26 9 9 12 20 9 15 11 15 14 22 30 40 26 15 51 53 37 48 34 30 29 31 20 36 63 42 42 43 28 34 47 65 27 32 24 15 16 13 7 5 9 13 7 6 2 2 1 1 1 1 0 0 0 0 0 0 0 0
5 5 0 0 1 0 3 9 3 2 4 5 5 17 4 9 4 2 1 1 2 3 3 3 3 2 4 5 2 4 2 16 15 18 11 17 3 7 25 5 8 20 17 26 27 11 17 23 20 41 23 39 12 28 27 62 29 37 32 48 37 35 19 20 16 7 6 13 21 25 17 7 21 14 11 21 17 9 12 6 3 4 4 2 1 0 1 0 0 0 0 0 0 0 0 0
6 4 18 1 1 3 1 1 7 7 3 5 5 15 3 10 5 3 2 3 5 8 3 2 4 6 5 8 24 20 15 3 3 6 13 8 9 2 30 19 17 15 6 12 26 24 17 12 25 42 38 14 59 43 33 64 49 23 38 22 20 33 20 18 8 6 4 2 13 29 22 9 8 15 14 18 16 10 21 10 3 3 2 1 1 1 0 0 0 0 0 0 0 0 0 0
5 5 10 5 1 1 4 1 1 2 4 3 2 4 6 5 2 1 1 3 5 6 17 6 6 9 9 10 36 50 21 10 4 10 21 13 24 9 3 33 12 20 22 21 11 11 18 28 27 39 28 13 25 15 11 39 30 27 26 14 17 26 20 18 18 8 5 4 4 10 15 11 19 16 18 24 24 14 6 6 5 2 1 1 1 0 0 0 0 0 0 0 0 0 0 0
5 9 19 9 12 2 1 13 2 3 18 4 7 4 2 9 2 3 2 1 2 4 12 7 8 13 15 16 27 65 64 27 11 9 45 29 30 16 6 16 54 14 13 41 25 26 21 31 36 28 24 10 8 13 13 15 30 24 15 10 9 12 15 23 10 11 6 4 3 2 2 6 7 3 4 6 9 14 6 4 2 2 1 1 1 0 1 0 0 0 0 0 0 0 0 0
9 6 5 12 5 5 7 3 26 8 20 36 20 25 14 4 3 2 3 9 4 9 24 15 10 14 19 17 11 15 56 43 22 14 12 42 21 15 11 6 11 37 8 11 13 15 20 32 54 41 57 27 18 15 14 11 16 13 11 29 13 6 8 7 4 5 4 2 1 1 1 1 1 1 2 4 4 3 4 3 2 1 1 1 1 0 0 0 0 0 0 0 0 0 0 0
5 26 15 17 9 16 24 18 10 8 5 4 6 5 6 22 9 3 8 2 21 5 34 40 10 15 23 15 10 4 9 30 49 30 8 26 31 10 31 21 14 9 34 32 16 16 31 25 45 32 63 32 16 14 13 11 12 11 6 13 15 9 3 3 1 2 3 3 1 0 1 1 0 0 1 1 2 1 2 1 1 1 1 1 0 0 0 0 0 0 0 0 0 0 0 0
2 3 2 5 7 3 3 3 6 6 10 8 10 14 6 9 21 14 9 10 7 5 29 62 30 26 26 30 20 5 5 6 47 27 26 23 37 11 31 35 23 9 9 31 20 31 26 26 41 25 10 12 21 21 19 17 7 5 2 2 5 2 2 1 2 1 2 1 1 0 0 1 0 0 0 0 0 1 1 1 1 0 0 0 0 0 0 0 0 0 0 0 0 0 0 0
3 4 2 1 2 3 2 3 4 11 3 9 6 4 6 9 7 4 6 13 7 44 17 44 52 34 38 33 36 14 6 8 6 21 30 32 37 14 35 18 25 24 18 14 27 20 27 43 42 38 32 16 22 12 12 12 7 3 1 1 2 1 1 1 0 1 0 0 1 1 0 0 0 0 0 0 0 0 0 0 0 0 0 0 0 0 0 0 0 0 0 0 0 0 0 0
4 2 3 1 2 4 2 3 2 4 1 3 2 2 4 11 6 8 5 7 32 26 18 14 65 31 10 8 10 6 10 4 10 4 9 16 80 59 26 33 22 12 22 22 14 28 19 24 53 53 51 27 18 11 11 9 2 1 1 3 6 6 3 4 3 2 2 1 0 0 0 0 0 0 0 0 0 0 0 0 0 0 0 0 0 0 0 0 0 0 0 0 0 0 0 0
2 1 1 1 1 1 1 0 1 1 2 3 3 2 3 3 2 6 10 39 22 16 33 50 67 57 17 11 13 14 14 15 6 9 11 7 5 8 25 22 17 32 11 22 19 32 37 26 53 37 46 43 32 20 11 4 2 2 3 6 12 17 22 15 3 4 2 2 1 1 1 0 0 0 0 0 0 0 0 0 0 0 0 0 0 0 0 0 0 0 0 0 0 0 0 0
1 1 1 0 0 0 1 0 0 0 1 1 1 2 2 2 1 6 6 6 12 15 7 5 9 10 6 9 23 27 15 33 25 10 9 6 7 7 6 19 15 30 23 11 33 24 39 31 31 20 29 26 21 18 7 7 5 6 13 17 24 22 17 16 10 4 6 5 5 4 2 2 0 0 1 1 0 0 0 0 0 0 0 0 0 0 0 0 0 0 0 0 0 0 0 0
1 0 0 0 0 0 1 1 5 5 4 0 1 2 1 1 2 6 15 13 21 10 12 9 6 8 27 14 19 24 35 26 16 18 23 5 3 4 7 11 10 16 26 28 29 29 22 18 42 23 20 19 12 7 11 16 9 20 25 19 31 27 25 20 16 12 12 17 16 11 7 3 0 0 1 1 0 1 0 0 0 0 0 0 0 0 0 0 0 0 0 0 0 0 0 0
0 0 0 0 0 1 1 1 12 15 9 8 2 1 1 3 2 6 10 6 6 6 19 11 11 12 24 9 4 16 14 12 5 10 20 13 6 5 10 6 4 9 9 11 19 22 23 17 28 24 13 7 12 15 25 24 24 30 34 35 22 33 35 27 39 18 21 20 22 19 5 2 1 2 2 1 2 1 0 1 0 0 0 0 0 0 0 0 0 0 0 0 0 0 0 0
0 0 1 0 1 1 4 2 1 2 13 10 7 15 13 11 28 11 10 15 6 2 13 9 11 16 9 9 7 8 18 19 17 13 22 11 8 17 21 6 4 21 12 17 15 8 24 13 15 12 11 15 24 34 33 41 29 27 27 33 25 39 44 51 50 40 28 23 24 18 10 8 12 6 2 3 1 1 1 0 0 0 0 0 0 0 0 0 0 0 0 0 0 0 0 0
0 0 0 0 2 4 7 29 21 7 13 33 20 14 30 13 47 51 46 26 12 18 3 3 4 4 16 19 25 33 10 48 47 21 8 11 4 13 13 8 24 13 12 12 18 11 16 16 15 14 25 24 43 56 56 42 55 36 42 40 30 49 49 53 44 39 33 29 30 27 21 6 3 1 0 2 3 1 0 1 1 0 0 0 0 0 0 0 0 0 0 0 0 0 0 0
0 1 3 0 0 2 10 25 33 10 6 43 8 8 37 22 18 8 17 38 8 14 9 6 5 8 15 22 22 45 19 14 13 36 20 17 6 27 12 11 20 27 22 23 26 39 41 36 15 39 50 43 46 60 66 66 37 26 64 48 38 47 48 38 53 57 15 45 46 26 22 12 8 2 1 3 7 3 0 1 1 1 0 0 0 0 0 0 0 0 0 0 0 0 0 0
3 1 2 8 3 1 1 3 6 40 6 33 14 12 38 11 4 7 14 12 7 3 11 6 8 21 21 10 7 29 20 15 8 6 9 8 21 24 11 8 39 40 23 50 47 29 31 21 20 44 60 51 49 79 53 47 44 25 70 41 37 46 59 62 51 44 38 47 27 17 17 11 9 13 5 5 6 3 2 1 1 1 0 0 0 0 0 0 0 0 0 0 0 0 0 0
11 11 3 7 13 23 22 8 4 5 20 54 36 9 43 10 11 8 17 17 4 3 18 7 16 14 17 17 15 11 7 11 13 18 24 15 32 6 10 20 37 35 48 54 37 22 15 25 43 34 48 62 74 48 32 44 45 30 73 42 69 36 61 39 39 71 53 33 49 25 16 16 35 31 8 1 3 5 2 1 1 1 0 0 0 0 0 0 0 0 0 0 0 0 0 1
10 20 20 13 21 51 35 62 29 5 12 41 4 9 29 22 15 6 30 4 4 3 10 5 29 18 10 9 9 2 2 11 20 13 30 10 41 8 27 23 48 51 62 32 32 25 24 42 50 42 37 60 63 41 46 60 53 37 75 71 48 59 53 62 76 61 54 47 36 18 20 57 31 5 8 8 4 4 2 1 1 1 0 0 0 0 0 0 0 0 0 0 0 0 1 1
17 35 31 48 46 48 64 70 49 22 18 14 21 7 32 20 12 8 7 4 4 4 16 8 13 12 10 25 18 18 21 21 14 7 10 20 53 20 26 33 60 60 47 32 20 33 33 60 63 42 34 57 48 29 43 68 34 59 63 59 69 36 50 80 79 59 53 35 43 45 34 35 21 14 12 4 3 2 2 1 1 1 0 0 0 0 0 0 0 0 0 0 0 0 1 8
2 39 55 38 55 15 40 60 63 60 45 52 33 8 37 62 28 9 11 8 4 9 15 8 8 9 20 6 8 9 3 8 7 20 46 26 45 17 17 30 57 39 26 15 27 47 40 44 68 46 51 53 24 45 60 55 27 57 42 70 59 66 74 69 59 46 58 37 22 10 11 8 5 2 2 1 0 1 1 0 0 0 0 0 0 0 0 0 0 0 0 0 1 1 2 5
5 6 21 8 4 6 11 10 15 6 8 17 48 9 4 37 51 32 18 17 8 6 5 5 17 6 11 11 34 29 5 14 17 20 56 53 59 26 16 39 39 20 14 30 50 46 37 39 65 39 47 59 52 52 73 56 55 34 55 64 42 68 60 28 15 19 14 26 42 38 34 26 30 12 3 1 1 1 1 1 1 0 0 0 0 0 0 0 0 0 0 0 1 3 5 7
4 6 3 4 8 25 31 10 14 2 5 6 3 1 6 5 6 14 5 4 3 14 8 10 4 18 14 20 11 19 17 34 27 28 53 61 39 32 26 41 21 23 24 43 49 42 49 26 46 54 50 76 84 66 67 82 83 64 82 81 82 88 71 78 59 54 53 47 33 11 17 15 9 8 8 6 3 2 1 1 0 0 0 0 0 0 0 1 0 0 0 0 0 1 3 13
7 11 11 8 19 27 39 28 10 8 14 9 10 7 6 9 7 3 3 4 5 19 7 7 15 20 8 45 36 28 36 43 37 35 45 21 12 22 12 42 31 25 26 38 47 49 48 41 48 62 59 75 73 74 29 44 79 87 86 75 31 25 51 49 80 59 46 60 27 14 11 11 16 6 2 2 1 1 1 0 0 0 0 0 0 0 1 2 2 1 1 1 0 1 5 6
5 2 8 10 18 16 28 19 5 9 8 11 25 19 8 9 4 7 5 5 1 3 33 16 11 3 6 22 33 20 23 30 46 19 43 11 17 15 6 41 26 24 39 45 38 50 59 47 72 80 55 37 39 32 21 24 64 73 65 44 57 47 43 57 46 42 40 25 39 26 26 11 10 7 4 3 1 1 0 0 0 0 0 0 0 1 1 3 6 3 3 1 1 4 9 9
