sesion_6_simulaciones/modelos_agentes/ejemplos_netlogo/scenarios/echam4_b2/rob_2034.asc
NCOLS 322 
NROWS 307 
XLLCORNER 451900 
YLLCORNER 4086900 
CELLSIZE 100 
NODATA_value -9999 
[rows 0 to 73 of 307, columns 96 to 191 of 322]
25 6 1 1 4 4 5 3 3 3 10 9 13 25 30 8 14 9 8 3 11 9 7 21 8 4 8 9 12 9 4 3 6 11 8 6 5 11 20 7 5 22 63 68 79 67 81 80 86 76 73 82 61 30 46 43 55 21 31 29 31 17 15 8 34 42 48 11 9 35 42 25 21 26 23 16 19 25 14 59 44 25 34 34 38 24 25 29 39 58 37 28 24 9 17 33
1 2 2 1 2 9 4 3 2 6 6 9 26 24 18 13 3 3 2 5 9 2 3 4 9 5 9 4 6 25 12 4 4 7 4 6 9 11 18 22 26 38 36 38 83 85 85 82 93 74 86 77 42 37 70 24 16 19 9 16 5 23 14 8 20 11 13 36 35 31 21 44 60 33 46 53 58 26 29 34 31 25 41 43 49 32 31 41 48 43 53 42 50 28 35 35
0 1 1 3 2 4 4 2 2 3 2 5 10 13 3 3 4 11 10 13 21 3 5 4 6 7 10 4 9 13 20 14 2 7 24 21 22 28 36 38 48 59 44 48 14 10 21 49 91 82 81 80 38 71 68 63 37 16 16 20 15 41 72 67 72 47 35 61 24 34 31 32 46 42 48 65 74 70 46 34 33 32 46 47 51 41 42 59 40 42 54 43 48 53 38 39
0 0 0 1 1 1 1 5 2 1 1 2 5 11 9 12 10 19 20 19 7 2 7 9 2 4 5 6 7 4 9 10 7 17 26 20 41 43 61 73 78 79 65 24 11 14 7 12 48 21 29 30 15 37 63 24 54 8 9 17 31 49 80 79 79 82 75 54 59 49 46 56 43 42 54 51 55 29 23 34 46 46 60 61 57 46 42 54 39 36 55 58 39 49 35 51
1 0 1 0 0 0 1 4 8 2 6 4 3 4 15 12 9 35 15 8 7 4 7 16 12 8 6 7 5 17 24 14 6 18 40 43 49 63 79 84 85 77 65 37 22 10 13 35 21 15 19 27 8 44 22 38 50 31 6 11 54 72 58 77 68 44 74 39 53 69 69 51 46 32 58 44 46 38 41 44 54 49 79 62 47 49 47 60 45 45 57 69 36 58 57 62
1 1 0 0 0 0 1 2 8 15 4 6 2 6 9 5 16 14 19 12 4 4 12 10 12 10 8 8 3 4 11 20 19 8 48 64 67 78 83 76 79 78 73 49 20 25 23 25 28 23 32 47 11 20 24 43 25 25 18 17 56 67 26 13 21 35 40 20 20 43 16 53 76 57 51 32 39 37 39 56 49 56 61 57 64 51 50 67 65 44 60 43 57 53 73 36
0 1 1 1 1 1 1 1 3 12 12 5 2 4 5 13 5 16 24 19 17 9 4 6 10 11 15 13 6 3 6 27 30 19 37 76 81 81 75 76 76 73 41 23 28 59 31 44 40 40 31 32 31 35 47 35 16 31 37 17 12 14 12 19 10 15 48 64 40 42 19 39 33 17 56 59 60 56 40 58 47 36 47 42 61 65 53 67 66 41 68 58 57 49 34 30
0 0 0 0 0 1 1 1 2 5 39 36 22 10 9 6 6 10 10 9 24 39 13 18 30 17 12 5 9 8 10 14 29 55 39 62 71 76 74 71 63 32 34 26 53 46 37 61 48 46 26 29 50 56 42 41 33 58 66 66 44 19 4 4 19 12 38 19 42 25 41 28 12 29 18 49 56 84 66 34 56 63 48 50 76 54 55 58 64 63 51 38 18 27 28 22
0 0 0 1 1 1 1 1 1 2 11 29 53 47 20 34 8 5 5 19 21 12 12 18 15 5 12 10 7 12 21 21 44 69 79 53 31 42 30 28 39 25 19 33 62 53 29 43 47 37 33 22 75 49 41 55 45 57 22 42 67 51 27 3 14 19 11 10 6 16 45 39 17 18 40 22 32 37 47 70 64 84 53 61 45 29 38 78 54 55 46 76 55 38 28 36
0 0 0 0 1 2 1 1 1 3 5 1 2 2 1 2 9 6 6 8 8 10 14 9 22 14 15 9 12 19 22 54 52 44 63 56 49 48 25 24 13 11 16 33 64 43 18 19 31 41 38 28 35 83 72 73 21 36 16 56 48 48 14 17 5 11 8 5 14 28 27 31 38 28 38 54 23 22 63 68 44 68 53 49 29 35 27 39 40 58 32 46 75 70 32 23
0 0 0 1 1 1 2 3 3 1 2 1 4 3 2 2 5 4 15 5 9 7 10 7 19 10 5 11 21 33 53 56 80 68 46 43 40 59 56 35 21 8 6 11 40 16 15 24 36 27 40 25 39 49 81 65 36 26 34 57 27 28 17 6 10 14 16 7 26 37 38 44 26 18 45 60 42 20 19 55 40 29 50 64 36 40 28 33 71 58 52 41 68 81 59 35
0 0 1 1 1 2 2 4 5 4 1 2 7 9 6 5 7 19 18 8 33 13 6 8 11 10 6 9 16 66 68 61 61 55 45 34 35 51 51 37 20 8 9 18 23 12 12 38 22 27 54 26 39 56 36 48 35 34 44 41 19 17 35 24 13 9 27 23 31 63 72 72 21 32 48 56 41 23 23 61 40 11 36 64 34 42 37 31 55 38 30 38 55 64 64 58
0 0 0 1 1 1 2 2 2 5 6 4 2 2 3 11 19 19 26 17 47 46 12 7 6 9 6 14 27 50 72 50 49 42 41 48 53 23 28 46 18 7 8 23 21 9 19 22 26 40 58 46 46 67 48 39 45 41 52 22 18 19 30 26 15 11 10 25 43 30 50 50 35 28 32 57 32 28 12 22 40 10 47 72 35 39 49 32 23 47 37 18 22 40 58 70
0 0 0 0 0 0 0 0 2 3 5 4 4 4 4 4 13 6 41 15 8 8 29 16 13 8 14 38 48 38 45 46 36 19 18 17 17 11 9 14 18 3 2 2 8 6 11 16 46 62 70 65 49 51 33 47 54 46 43 39 15 13 33 36 26 23 12 13 17 11 5 5 22 33 33 43 31 43 28 17 8 13 24 61 62 32 41 41 27 24 41 22 31 53 76 58
0 0 0 0 0 0 0 0 1 1 2 2 4 5 6 4 3 7 35 20 7 29 39 17 17 15 18 18 41 46 25 16 14 19 24 19 17 14 7 2 13 2 8 5 1 2 11 25 32 62 62 58 46 53 34 61 61 53 54 55 11 27 37 38 26 18 8 11 7 4 5 22 51 46 40 48 48 41 23 22 34 13 31 59 65 31 17 20 25 19 14 11 26 40 51 45
1 0 0 0 1 1 1 0 0 0 0 0 0 1 1 3 5 9 5 3 7 12 6 32 23 32 13 18 16 15 15 31 37 36 25 29 48 43 21 4 5 4 2 5 2 3 2 12 26 30 40 32 30 30 44 29 45 43 57 51 10 26 9 37 53 32 12 13 15 3 11 36 48 53 29 19 31 41 49 43 31 28 30 48 69 83 56 41 21 16 15 8 24 58 48 36
0 0 1 1 1 1 2 1 0 1 1 1 1 1 1 5 6 9 6 10 11 2 5 9 42 28 29 39 60 43 39 18 23 33 33 47 59 56 37 4 8 7 3 4 12 12 12 3 11 18 13 11 9 10 16 35 44 54 57 57 18 38 27 31 45 15 11 12 9 8 11 41 33 46 18 14 26 25 45 38 36 32 36 36 66 84 81 34 21 18 15 10 22 45 55 50
0 0 1 3 2 1 1 1 0 0 1 0 1 1 1 2 5 5 7 12 5 4 5 6 22 31 15 26 26 19 29 27 37 24 56 73 53 56 37 20 27 30 20 20 32 29 31 14 4 1 2 3 2 1 4 37 71 86 63 31 49 35 29 20 33 26 13 22 8 7 45 44 50 41 18 28 52 33 34 41 25 21 16 10 51 60 57 58 36 19 17 10 13 25 32 16
0 0 1 1 0 2 1 1 0 0 0 0 0 0 0 0 1 3 4 2 5 6 6 6 37 56 20 24 18 34 40 44 29 52 58 60 29 29 31 50 39 45 51 62 54 33 41 32 14 9 6 5 8 1 2 6 66 78 52 36 33 41 23 17 26 9 12 14 4 33 63 58 50 53 23 23 52 48 42 68 45 28 15 9 17 39 43 43 42 23 18 14 7 15 51 11
3 1 0 0 0 1 3 0 0 0 1 2 1 1 1 1 1 1 2 2 6 8 10 5 20 26 26 27 34 33 37 53 55 45 46 23 41 46 36 48 67 68 58 34 35 18 29 34 17 12 10 3 5 3 6 4 18 26 39 49 34 20 16 37 33 6 12 37 65 48 64 79 42 72 36 17 44 65 46 63 53 48 33 13 12 35 57 40 49 29 22 11 4 7 35 26
3 1 0 1 0 1 2 2 1 2 2 2 2 1 1 1 1 2 2 3 3 4 4 2 12 22 19 9 11 27 22 21 34 45 54 36 32 46 31 66 37 38 53 36 21 16 17 22 20 9 12 11 4 7 10 8 11 25 44 41 14 14 53 47 29 7 25 38 48 61 48 53 31 37 58 43 28 24 25 62 26 24 38 26 18 7 36 19 48 21 25 10 6 6 9 22
2 1 0 1 2 1 3 6 3 7 4 4 2 1 2 1 2 1 1 10 4 5 6 5 23 18 29 24 12 19 22 31 36 57 64 50 68 41 56 26 41 24 17 15 23 24 43 28 25 8 10 9 8 8 15 10 11 18 36 43 44 14 20 26 16 19 44 13 36 57 60 42 45 22 50 60 35 21 22 72 80 39 16 48 29 7 5 9 40 28 21 21 6 6 6 21
1 1 0 1 4 2 1 2 2 1 1 1 5 2 1 1 1 1 1 8 15 10 13 8 24 11 17 34 16 13 43 55 60 27 15 72 65 32 33 32 41 50 25 13 9 21 16 5 7 5 12 8 7 8 8 9 5 9 19 14 15 18 12 12 14 35 49 7 33 22 46 56 44 15 13 40 38 49 24 44 78 50 40 15 25 10 3 7 35 46 9 27 12 5 6 14
1 1 0 1 6 4 2 4 10 3 7 3 3 26 13 5 5 4 4 21 14 22 18 12 25 19 12 43 38 24 23 19 9 8 8 23 35 45 20 39 36 48 38 31 20 5 3 2 1 1 4 3 2 3 5 3 3 3 4 10 19 17 12 20 42 38 29 13 24 24 25 40 33 31 20 53 54 36 29 13 47 49 28 44 14 7 4 4 4 22 5 11 9 3 3 4
3 3 0 1 7 4 3 2 17 6 2 6 10 14 19 17 26 10 10 9 23 27 49 28 20 21 40 31 57 35 17 10 24 23 16 2 9 35 37 16 28 47 56 55 29 18 12 8 5 4 2 1 1 0 1 1 1 1 5 13 29 18 27 30 17 39 21 27 30 26 19 26 43 46 12 39 46 29 31 18 29 43 18 8 25 12 5 5 3 7 6 7 10 4 2 2
10 10 2 4 9 3 5 2 6 8 8 11 16 26 30 21 35 42 15 14 43 71 73 81 73 64 65 46 63 48 68 68 74 45 20 18 21 16 13 25 48 34 42 45 50 42 34 21 14 12 5 5 4 4 4 3 4 3 11 23 24 23 18 19 16 33 35 46 16 35 15 12 38 25 12 28 25 12 16 13 13 16 38 6 6 4 5 2 2 3 3 4 2 2 1 1
9 8 15 11 13 3 5 4 12 18 16 11 12 42 55 38 41 68 55 71 76 77 85 83 74 80 76 71 76 81 55 30 46 54 46 24 32 25 11 8 34 40 44 59 49 44 42 30 26 20 14 13 13 11 6 9 5 7 12 12 21 14 9 10 9 40 24 40 31 30 9 12 18 22 13 24 19 26 8 11 11 4 13 7 4 9 2 2 0 1 3 2 2 1 1 1
5 16 15 10 16 15 17 13 16 30 30 44 39 49 63 82 78 64 75 41 48 58 63 81 77 74 82 80 81 82 25 16 16 15 32 36 48 26 33 24 23 50 54 47 43 40 31 57 45 28 21 19 18 16 13 13 14 4 7 9 11 7 9 16 32 48 41 21 29 13 13 7 14 14 13 8 6 11 14 6 10 5 9 7 2 7 3 1 0 1 2 2 1 2 1 0
7 23 15 10 21 17 18 18 27 46 64 74 82 85 90 89 80 75 84 68 38 20 51 68 51 50 39 65 67 60 45 11 9 7 10 15 28 24 27 33 14 27 33 34 20 17 10 21 27 26 36 37 23 20 17 27 17 5 5 6 4 10 22 31 39 28 15 15 11 21 16 21 9 8 8 6 6 6 10 7 5 4 4 2 2 2 2 2 1 0 1 1 1 1 0 0
11 24 12 15 38 36 31 49 64 79 84 85 83 87 84 90 78 77 90 45 72 36 21 42 32 19 22 24 27 28 49 32 23 5 8 5 14 11 11 28 24 20 40 16 21 16 8 16 15 8 8 8 7 12 13 5 21 10 7 5 7 12 24 31 31 21 9 18 28 15 16 10 8 6 5 3 3 3 4 4 4 3 1 2 1 1 1 0 1 0 0 0 0 0 0 0
9 38 29 31 43 60 70 79 73 86 82 89 76 88 81 85 65 68 86 76 36 44 24 13 13 10 5 4 13 15 21 61 30 10 11 9 26 50 46 31 31 20 17 9 7 10 10 4 2 4 4 12 20 22 11 10 24 13 20 6 11 14 23 17 24 10 6 11 22 19 11 8 3 6 4 2 1 0 1 1 2 1 1 0 0 0 0 0 0 0 0 0 1 1 1 1
26 45 62 63 78 86 85 85 81 83 79 91 80 79 62 77 64 74 75 79 28 49 48 21 13 3 4 1 5 7 7 17 22 12 12 17 10 18 18 19 14 14 13 21 20 11 12 5 8 8 25 44 42 27 44 9 25 24 6 2 2 9 7 18 12 12 6 3 4 6 5 5 2 1 1 1 1 1 2 3 1 2 1 2 2 2 2 2 1 2 1 1 4 2 1 3
56 72 77 83 83 80 87 81 83 74 89 73 50 61 58 55 62 64 66 71 36 22 29 18 16 10 4 5 12 14 14 27 20 8 24 18 25 24 36 24 38 25 35 35 36 33 23 19 14 18 27 54 64 62 57 27 31 26 12 16 8 2 2 2 3 2 4 2 2 2 2 2 2 3 6 5 8 5 7 3 4 6 3 5 3 12 5 2 4 3 1 1 4 3 2 5
77 81 84 74 84 82 86 75 75 59 71 18 32 24 32 45 47 36 36 58 36 16 7 6 9 13 14 10 17 7 38 47 44 29 41 43 41 33 38 36 37 40 40 38 52 35 41 25 11 42 43 45 62 49 37 32 56 35 26 42 27 16 15 14 13 12 19 11 8 6 7 8 13 13 13 7 12 11 12 10 10 9 8 8 14 9 7 5 5 3 4 2 6 3 8 8
25 40 56 51 72 70 79 76 43 9 5 6 15 9 9 10 12 19 37 53 34 10 11 20 10 11 38 27 41 30 40 45 45 40 40 61 51 29 53 46 43 55 54 52 40 38 43 31 25 34 47 46 59 71 54 54 45 34 42 43 35 36 33 34 31 27 36 25 19 9 15 17 16 16 25 17 17 26 15 23 21 13 15 14 30 11 8 7 7 6 6 4 9 10 11 17
25 17 11 11 8 11 28 31 29 10 6 8 15 15 6 3 2 5 19 26 16 9 38 12 26 37 49 41 57 41 41 36 56 42 33 52 48 28 48 52 44 60 43 39 39 42 59 44 29 32 52 52 31 78 60 70 41 45 53 42 53 40 36 35 34 22 43 25 14 21 21 21 31 20 30 20 21 32 32 30 18 18 28 21 21 13 10 11 10 8 8 8 25 16 13 13
44 57 49 22 20 16 5 10 15 6 12 14 11 6 2 4 1 10 8 13 23 41 49 25 48 44 52 48 39 17 6 18 43 40 35 44 32 35 48 57 60 39 44 38 39 57 48 32 45 40 57 65 45 78 73 41 71 64 57 39 50 41 55 52 37 39 32 30 27 16 25 37 37 25 37 36 26 40 25 33 24 34 35 44 27 15 7 17 13 13 19 20 28 10 29 14
53 41 39 26 14 11 11 11 21 24 25 26 17 6 5 12 14 17 22 34 62 62 60 38 48 36 36 46 45 38 25 18 41 36 39 37 29 38 40 50 26 19 46 51 40 75 48 47 59 33 66 42 75 78 51 60 75 64 41 55 41 55 53 40 26 42 39 34 19 31 50 54 48 31 42 47 46 50 30 28 31 44 43 34 22 11 10 24 21 11 31 37 35 13 8 38
33 42 44 34 36 20 33 29 38 40 43 50 36 26 19 29 18 26 42 50 62 47 27 45 55 37 21 32 47 44 32 20 33 40 25 48 33 61 43 31 39 25 52 35 28 76 56 58 46 35 51 75 72 59 54 48 63 74 45 59 57 64 54 31 56 51 54 37 18 39 51 74 59 43 49 54 57 43 35 24 40 68 57 47 37 14 30 51 34 14 26 52 53 23 12 38
52 57 34 34 20 31 46 39 35 51 48 49 44 39 41 37 36 46 47 51 60 47 46 54 43 28 30 42 36 43 20 36 23 17 46 53 50 41 44 29 31 19 51 21 16 56 63 60 39 44 57 44 74 24 19 15 37 63 35 65 74 59 54 71 57 56 35 17 23 57 62 81 69 52 56 69 77 52 51 28 51 76 51 35 29 22 44 61 42 25 17 66 76 47 25 38
32 45 35 41 32 44 49 49 46 44 59 49 43 41 61 31 36 51 48 46 58 57 37 55 39 39 43 40 33 53 26 45 25 20 30 54 28 36 26 37 29 34 39 26 44 42 72 58 27 40 59 53 55 36 28 20 27 41 28 73 77 66 67 72 34 51 21 18 29 61 74 77 75 59 66 74 84 46 57 28 58 84 61 31 26 32 55 71 53 34 24 60 72 62 21 42
26 31 53 38 28 36 53 36 34 36 56 47 37 50 40 37 26 47 56 37 36 47 58 50 36 35 31 25 21 71 32 42 29 29 34 53 46 33 22 33 23 39 31 25 40 40 55 26 33 24 37 74 59 48 33 32 54 33 37 68 58 65 83 50 57 50 33 33 49 50 76 77 78 51 58 77 65 43 66 37 47 75 64 53 34 37 62 76 57 43 31 46 68 47 36 48
12 18 25 22 14 14 35 29 24 31 29 33 32 44 35 32 34 31 43 39 31 20 29 48 44 33 41 26 17 29 49 58 26 22 32 53 32 18 21 30 24 42 31 26 28 41 33 28 24 24 23 52 25 25 33 35 53 25 46 55 47 65 39 51 75 40 37 39 60 49 66 85 65 38 60 78 66 45 72 43 52 74 52 50 49 37 37 75 75 48 31 51 70 50 37 52
3 9 7 10 11 12 22 25 14 30 26 35 35 31 26 38 29 24 31 37 23 16 13 43 43 28 43 16 16 39 40 44 18 20 36 27 19 24 21 35 42 19 27 44 39 27 15 41 23 17 11 31 11 17 22 37 47 58 51 29 26 21 37 75 37 46 57 33 45 54 48 74 39 36 58 75 50 48 64 32 64 68 51 52 53 56 27 36 78 45 38 46 71 65 53 45
3 3 5 5 9 5 8 9 13 21 18 33 26 25 25 28 23 21 17 21 30 14 37 30 38 34 27 24 7 21 39 44 6 11 19 31 17 8 16 19 41 19 32 17 14 20 19 7 20 21 18 23 26 15 26 30 54 49 38 61 49 27 56 45 57 63 34 35 42 61 39 68 32 33 46 69 42 61 63 30 49 53 38 66 66 63 38 34 76 60 37 52 60 45 53 42
1 1 3 5 7 3 10 8 11 14 15 28 19 13 15 23 27 32 20 7 9 7 44 6 24 27 26 19 7 12 16 25 3 3 23 6 5 4 19 6 23 12 19 14 14 16 13 48 55 73 59 49 48 39 26 39 48 36 40 49 42 38 50 22 58 33 37 41 46 66 33 51 34 49 25 47 34 57 46 37 59 42 38 56 69 39 52 36 52 44 52 41 70 74 75 62
1 1 3 2 2 6 2 3 7 8 16 20 12 18 7 20 7 22 21 8 4 13 22 8 19 24 21 27 4 4 4 7 9 12 5 5 8 9 15 10 17 14 19 35 20 58 36 72 45 54 34 36 48 67 70 55 53 20 21 56 35 35 17 25 53 35 33 39 47 64 64 53 53 47 36 64 33 65 34 32 71 31 67 59 68 44 57 44 41 62 61 69 70 76 79 88
0 1 0 0 1 3 8 2 7 5 3 5 4 11 6 13 9 19 14 15 9 18 16 29 7 8 12 9 12 11 5 3 6 4 30 42 31 23 50 72 49 49 40 73 47 37 74 73 36 58 46 39 47 71 64 48 58 59 47 69 51 66 59 45 32 40 51 45 38 42 59 65 50 75 80 77 77 88 82 61 65 73 73 73 40 85 85 73 67 36 54 46 58 79 61 66
0 1 0 1 4 8 3 2 1 0 1 1 3 11 10 9 8 13 9 10 14 12 10 27 14 6 3 4 5 4 3 6 9 2 4 26 47 12 17 53 57 60 46 69 81 39 48 57 62 61 68 28 35 72 76 39 81 72 86 81 52 63 50 58 47 65 48 69 70 22 30 69 69 46 70 79 59 77 61 82 52 69 80 71 50 83 77 63 87 79 65 37 52 67 48 37
0 0 1 0 1 1 1 0 0 1 2 2 9 7 4 9 4 12 5 5 11 6 12 15 11 7 2 3 4 10 6 1 3 3 3 9 13 9 6 39 49 30 57 78 68 26 38 37 43 52 65 29 35 59 56 71 62 57 71 80 48 22 34 68 69 73 67 64 61 68 24 61 80 40 68 83 33 24 32 85 79 54 51 57 70 75 74 79 88 78 49 69 33 29 64 70
0 1 0 0 1 1 2 1 0 2 2 4 3 5 3 7 6 6 4 3 4 8 10 6 8 7 1 1 3 7 4 2 4 2 3 3 7 28 14 42 27 46 36 37 78 56 33 27 39 39 56 57 33 68 69 88 47 75 89 89 74 18 50 59 61 81 73 79 54 78 43 35 71 43 65 83 52 38 29 75 69 71 19 19 33 70 79 72 80 67 29 72 48 35 52 63
0 0 0 0 0 0 1 1 1 1 3 5 3 2 4 9 6 5 2 3 4 7 3 4 5 4 1 2 2 6 4 4 3 3 5 8 9 10 39 77 37 55 39 61 66 70 37 35 59 49 83 85 52 67 86 92 63 86 91 82 77 40 74 80 62 54 45 37 60 84 49 29 53 29 68 72 87 46 52 83 63 74 67 29 27 46 67 62 61 44 64 88 48 31 19 20
0 0 0 0 1 0 0 2 0 0 3 2 2 2 4 6 6 4 3 4 2 3 2 2 2 5 2 4 6 12 13 11 7 11 17 22 15 28 57 57 53 22 24 66 73 50 28 27 41 53 76 70 71 48 77 91 68 75 83 78 83 75 77 87 45 49 61 35 62 77 72 48 17 34 81 79 82 73 44 86 46 65 76 49 29 25 57 48 50 23 76 87 66 45 46 18
2 0 0 0 0 0 0 0 1 1 3 2 1 1 2 4 4 1 1 2 3 1 1 1 1 4 5 14 23 4 8 5 16 24 19 21 12 24 38 40 69 35 56 28 83 39 44 37 22 43 70 69 50 27 30 67 69 78 85 82 91 78 80 79 78 56 59 47 53 59 82 61 32 28 66 77 83 82 59 71 66 60 65 78 46 28 18 20 19 34 73 53 79 49 44 25
0 1 2 0 0 0 0 1 0 0 1 1 0 0 3 1 1 1 1 2 2 2 1 2 1 2 1 2 9 5 3 17 14 15 38 29 16 10 5 25 27 18 6 6 34 30 68 60 23 16 38 19 31 16 13 23 23 61 66 66 74 75 67 64 88 53 54 46 15 69 91 47 32 27 69 60 59 68 40 52 55 23 67 80 65 42 12 13 14 25 15 37 82 47 31 34
0 0 1 3 3 0 0 0 0 0 1 0 0 0 1 0 1 2 2 1 2 2 1 3 9 25 8 3 5 6 11 10 27 33 31 27 21 28 15 7 11 31 15 7 14 20 31 43 42 17 19 15 30 18 21 38 29 17 29 48 48 24 33 66 91 75 42 44 52 75 88 55 25 15 30 43 63 48 59 63 54 17 49 66 79 30 20 10 31 38 21 39 89 61 55 54
0 1 0 1 2 7 2 0 2 1 1 0 0 0 0 0 0 1 1 4 1 8 4 3 10 17 24 3 4 14 15 9 26 38 19 10 32 31 11 11 14 43 26 15 23 21 21 18 19 10 17 42 49 45 38 37 27 21 17 13 4 2 14 76 80 78 55 28 34 69 79 75 65 28 18 40 56 41 41 28 51 36 24 70 73 58 22 13 33 27 48 80 82 83 64 58
1 3 2 1 1 1 8 1 1 0 1 6 1 0 1 0 0 1 0 0 0 1 1 2 10 14 11 14 13 28 14 10 27 19 30 32 23 39 18 30 22 35 40 22 11 36 22 27 19 8 15 53 62 69 64 57 44 37 34 29 33 29 30 52 53 65 55 22 11 43 41 76 78 37 18 43 55 39 23 37 61 31 22 19 71 77 25 11 36 48 46 69 46 77 45 26
0 0 1 2 3 2 2 0 1 2 5 5 10 4 3 3 0 1 0 0 0 0 1 2 3 4 11 24 13 19 11 14 11 6 33 40 15 16 28 47 35 43 35 25 9 16 48 38 27 16 15 35 72 74 73 72 58 58 52 50 74 77 80 69 56 54 45 29 11 7 34 47 80 61 54 19 38 44 22 5 16 26 27 39 59 73 40 19 10 27 30 26 72 75 87 52
0 0 1 4 9 5 20 3 5 3 3 1 8 8 6 2 3 0 0 0 1 2 1 2 6 5 7 18 10 8 5 21 34 25 43 31 24 36 53 28 49 45 25 31 38 38 50 52 37 26 15 21 42 67 65 75 74 70 51 41 32 47 54 59 69 65 68 56 35 3 10 45 53 61 54 45 29 13 17 16 41 33 14 21 21 59 61 16 7 14 21 27 22 63 56 69
11 4 2 1 1 8 8 1 3 8 3 4 2 3 2 1 3 1 0 0 0 1 1 5 12 3 8 13 11 18 19 56 34 19 23 35 24 26 20 8 16 52 64 43 61 49 41 38 39 40 35 16 11 14 48 48 45 64 66 57 51 46 32 36 41 59 63 64 61 51 35 56 49 67 38 36 27 17 25 16 14 15 9 30 22 59 69 15 5 19 28 18 21 22 56 71
4 10 6 2 2 10 24 10 3 4 4 3 1 2 2 1 1 3 0 1 1 2 2 7 6 7 3 6 6 5 4 5 7 23 20 22 24 29 33 32 20 9 20 65 66 75 65 50 45 23 32 31 22 11 18 27 23 18 30 38 40 53 53 41 21 25 50 59 61 43 50 71 48 72 55 38 33 34 18 9 10 19 8 13 23 15 48 23 5 10 22 25 11 7 48 71
3 4 44 13 4 6 3 15 18 9 9 4 1 3 2 4 4 5 1 1 1 2 4 4 5 5 10 26 15 10 15 25 19 23 24 46 46 46 44 48 50 40 21 14 14 58 64 59 41 28 21 31 21 9 4 3 4 4 4 5 9 22 18 27 27 13 14 23 22 20 47 46 46 40 39 42 47 39 21 24 21 17 7 8 29 38 24 32 8 3 15 22 12 30 75 29
3 3 11 9 7 5 1 1 28 53 49 41 4 6 4 2 1 12 1 3 1 2 2 3 17 5 16 22 9 15 23 31 16 24 33 41 39 48 44 44 49 40 56 48 46 28 15 10 33 35 41 13 11 6 9 16 16 16 14 11 11 4 3 3 4 3 3 2 3 11 19 30 27 22 17 13 13 31 26 21 14 8 20 16 17 26 20 37 21 4 3 14 36 73 40 66
6 4 8 40 19 7 6 2 3 42 13 5 8 6 6 5 6 1 2 4 0 1 1 3 6 3 6 6 4 6 7 10 16 22 24 29 45 58 40 54 58 61 56 56 56 42 36 33 21 11 9 6 8 19 23 36 35 34 30 39 13 4 3 11 12 20 8 9 2 2 4 13 10 7 7 6 8 13 18 29 24 7 5 6 7 8 15 26 32 7 3 12 76 40 36 53
8 7 9 17 18 21 32 5 1 1 1 1 2 4 5 23 3 6 3 5 2 1 1 2 1 1 6 5 8 6 4 8 11 17 29 33 36 40 37 56 55 44 40 40 45 34 31 41 33 27 30 30 31 44 43 41 55 55 52 41 18 13 13 25 23 15 19 8 2 3 3 1 1 1 1 1 3 3 1 3 6 3 3 2 2 2 10 16 15 8 3 38 45 19 50 51
20 13 10 2 18 18 51 45 22 15 9 6 1 2 17 7 33 21 10 6 13 8 5 2 1 1 4 3 2 3 4 13 20 11 4 13 39 45 27 23 38 46 36 26 37 29 39 41 44 40 45 29 32 49 59 60 59 61 66 53 27 23 36 34 41 43 39 25 10 7 2 1 1 1 2 4 11 7 4 3 2 2 1 1 1 2 3 6 16 18 6 48 10 5 34 56
19 19 16 21 19 36 20 12 16 34 12 17 6 11 17 37 51 34 13 11 17 4 6 9 5 3 3 1 2 2 10 3 4 4 12 16 33 52 50 43 50 43 52 41 45 40 44 44 49 31 58 50 48 43 58 62 78 76 72 54 23 47 43 58 55 69 55 40 27 12 7 8 8 10 11 20 27 17 9 9 13 16 6 3 3 2 1 1 4 20 10 36 6 6 37 69
24 24 7 6 21 18 53 48 23 23 24 42 33 12 26 67 58 32 14 28 6 19 7 8 3 1 0 6 1 5 3 1 1 16 11 15 24 37 47 47 50 38 37 42 43 46 48 62 51 39 48 64 47 49 66 74 80 70 55 44 40 53 63 64 63 77 68 49 34 15 23 23 22 27 28 31 43 28 24 25 23 21 10 14 14 6 4 1 2 7 6 8 8 3 14 32
26 29 23 7 33 48 53 44 70 43 29 12 7 40 58 49 38 24 19 57 8 31 8 6 4 3 3 6 9 2 2 3 3 11 11 24 27 43 34 47 56 44 22 39 41 39 54 66 60 37 35 65 60 50 65 78 75 61 44 34 36 68 64 66 80 75 61 51 25 19 31 31 32 44 43 56 55 55 36 37 48 33 30 35 24 17 7 2 1 4 4 8 5 2 6 13
22 7 21 11 6 41 31 22 33 57 59 41 8 24 61 49 8 11 42 55 9 52 7 6 17 12 2 7 8 21 4 1 5 5 12 10 7 11 21 20 45 31 39 39 42 30 62 42 67 38 67 57 56 45 72 83 63 58 37 51 51 64 60 74 81 73 63 59 30 44 56 56 35 54 67 63 65 54 45 51 61 52 41 47 18 10 4 3 1 1 1 3 4 1 4 2
21 19 12 21 6 14 53 63 66 47 21 22 8 31 35 51 19 37 75 44 18 50 12 8 5 10 8 15 20 6 15 24 6 4 5 8 4 9 9 20 31 29 31 48 32 40 47 47 26 27 79 33 53 44 79 56 51 57 36 46 45 58 71 80 65 72 60 45 35 52 64 63 40 63 61 72 75 62 53 58 73 58 55 27 11 11 8 9 7 2 0 0 2 1 1 1
34 15 22 19 22 19 32 52 49 49 55 28 51 16 7 4 37 84 74 41 46 42 20 22 20 12 5 15 16 17 13 4 5 2 4 2 3 6 7 28 14 23 36 36 16 31 29 33 42 45 29 21 46 70 43 56 43 33 38 37 37 55 79 68 67 54 38 41 56 68 67 67 56 66 49 55 67 44 56 61 76 41 23 19 23 23 33 15 9 3 2 0 0 1 1 1
27 27 20 20 50 31 55 77 41 41 36 46 56 62 9 3 15 22 15 8 26 55 34 14 10 18 9 13 12 11 4 0 3 7 1 2 5 6 13 13 9 12 29 11 9 13 15 32 14 11 18 23 36 53 38 33 19 26 47 47 35 75 70 67 61 64 46 42 53 70 66 53 56 67 52 28 76 58 60 77 45 43 35 36 59 59 34 14 11 7 3 2 1 0 0 0
