sesion_6_simulaciones/modelos_agentes/ejemplos_netlogo/scenarios/echam4_b2/rob_2085.asc
NCOLS 322 
NROWS 307 
XLLCORNER 451900 
YLLCORNER 4086900 
CELLSIZE 100 
NODATA_value -9999 
[rows 74 to 147 of 307, columns 0 to 95 of 322]
0 0 0 0 0 0 0 0 0 0 0 0 0 0 0 0 0 0 0 0 0 0 0 0 0 0 0 0 0 0 0 0 0 0 0 0 0 1 0 0 0 0 0 0 0 0 0 0 0 0 0 0 0 0 0 0 0 0 0 0 0 0 0 1 0 0 0 1 1 1 2 2 1 1 4 16 8 8 11 30 33 4 5 5 7 3 1 1 2 3 2 3 1 1 3 3
0 0 0 0 0 0 0 0 0 0 0 0 0 0 0 0 0 0 0 0 0 0 0 0 0 0 0 0 0 0 0 0 0 0 0 0 0 0 1 1 0 0 0 0 0 0 0 0 0 0 0 0 0 0 0 0 0 0 0 0 0 0 1 1 1 1 1 1 1 0 1 2 2 2 4 26 8 3 3 23 18 9 6 3 1 4 4 2 2 2 3 5 5 3 2 13
0 0 0 0 0 0 0 0 0 0 0 0 0 0 0 0 0 0 0 0 0 0 0 0 0 0 0 0 0 0 0 0 0 0 0 0 0 0 0 0 0 1 0 0 0 0 0 0 0 0 0 0 0 0 0 0 0 0 0 0 0 0 0 1 1 1 2 1 2 1 2 1 1 1 3 28 44 10 4 3 17 12 4 1 1 12 12 11 9 2 1 1 5 7 7 12
0 0 0 0 0 0 0 0 0 0 0 0 0 0 0 0 0 0 0 0 0 0 0 0 0 0 0 0 0 0 0 0 0 0 0 0 0 0 0 0 1 0 0 0 0 1 0 0 0 0 0 0 0 0 0 0 0 0 0 0 0 0 0 1 0 1 1 1 2 3 4 5 5 4 2 5 20 14 9 3 19 25 4 1 6 24 5 20 17 8 2 7 15 15 12 7
0 0 0 0 0 0 0 0 0 0 0 0 0 0 0 0 0 0 0 0 0 0 0 0 0 0 0 0 0 0 0 0 0 0 0 0 0 0 0 0 0 1 0 0 1 2 1 1 1 0 0 0 0 0 0 0 0 0 0 0 0 0 0 0 0 1 1 2 2 2 3 6 5 6 3 1 1 6 7 4 7 8 3 3 11 5 3 2 3 10 7 9 6 11 14 14
0 0 0 0 0 0 0 0 0 0 0 0 0 0 0 0 0 0 0 0 0 0 0 0 0 0 0 0 0 0 0 0 0 0 0 0 0 0 0 0 1 1 1 0 0 1 2 3 5 5 2 1 0 0 0 0 0 0 0 0 0 0 0 0 0 0 0 0 0 2 3 3 5 7 5 4 3 5 2 1 3 6 4 5 9 3 8 6 3 9 11 27 44 37 27 27
0 0 0 0 0 0 0 0 0 0 0 0 0 0 0 0 0 0 0 0 0 0 0 0 0 0 0 0 0 0 0 0 0 0 0 1 0 0 0 1 1 1 2 1 0 0 1 4 14 22 33 26 13 2 1 0 0 0 0 0 0 0 0 0 0 0 0 0 1 1 3 3 4 7 7 4 4 2 1 0 2 5 5 6 6 8 4 4 5 10 48 49 50 22 26 50
0 0 0 0 0 0 0 0 0 0 0 0 0 0 0 0 0 0 0 0 0 0 0 0 0 0 0 0 0 0 0 0 0 0 0 1 1 0 0 1 2 5 3 5 3 1 1 0 0 1 6 8 12 15 6 2 0 0 0 0 0 0 0 0 0 0 0 0 0 1 1 4 4 6 8 5 1 0 1 0 1 3 3 10 4 7 11 15 9 9 7 5 20 12 17 35
0 0 0 0 0 0 0 0 0 0 0 0 0 0 0 0 0 0 0 0 0 0 0 0 0 0 0 0 0 0 0 0 0 0 0 0 0 0 0 0 1 1 2 5 2 2 3 2 1 0 0 0 1 5 4 9 3 1 0 1 2 1 0 0 0 0 0 0 0 0 1 2 4 4 4 4 3 2 1 3 1 1 5 16 5 14 16 16 17 21 13 6 6 18 55 74
0 0 0 0 0 0 0 0 0 0 0 0 0 0 0 0 0 0 0 0 0 0 0 0 0 0 0 0 0 0 0 0 0 0 0 0 0 0 0 1 2 3 1 1 1 1 1 1 0 0 1 0 1 1 1 2 3 2 4 6 2 0 0 0 0 0 0 0 0 0 4 3 4 3 3 4 6 9 4 2 4 3 15 19 11 36 42 70 38 34 37 33 8 8 14 17
0 0 0 0 0 0 0 0 0 0 0 0 0 0 0 0 0 0 0 0 0 0 0 0 0 0 0 0 0 0 0 0 0 0 0 0 0 0 0 0 1 2 3 3 0 0 0 1 0 0 0 1 6 3 2 1 1 3 12 3 1 0 0 0 0 0 0 0 1 2 1 2 2 2 3 3 4 4 8 2 3 3 6 7 14 52 13 30 42 60 31 36 39 25 20 17
0 0 0 0 0 0 0 0 0 0 0 0 0 0 0 0 0 0 0 0 0 0 0 0 0 0 0 0 0 0 0 0 0 0 0 0 0 1 0 0 1 1 3 4 2 3 3 3 3 4 2 3 5 3 2 1 1 2 4 2 1 1 1 0 0 0 0 1 1 1 1 2 8 2 1 6 4 4 6 3 4 2 3 10 2 29 19 53 52 71 81 81 58 37 28 30
0 0 0 0 0 0 0 0 0 0 0 0 0 0 0 0 0 0 0 0 0 0 0 0 0 0 0 0 0 0 0 0 0 0 0 0 0 0 0 0 1 1 2 2 1 2 2 1 1 2 2 1 1 1 1 1 2 2 2 2 2 1 0 0 0 0 0 0 0 1 1 1 1 0 6 4 3 3 12 7 9 4 2 6 17 32 29 27 64 58 52 57 70 31 33 34
0 0 0 0 0 0 0 0 0 0 0 0 0 0 0 0 0 0 0 0 0 0 0 0 0 0 0 0 0 0 0 0 0 0 0 0 0 0 0 0 0 0 0 1 1 1 1 0 1 1 1 1 1 1 1 1 1 1 1 1 1 0 0 0 0 0 1 1 1 1 1 1 1 1 1 1 5 12 4 7 8 5 5 4 7 11 25 46 54 64 13 37 55 56 33 35
0 0 0 0 0 0 0 0 0 0 0 0 0 0 0 0 0 0 0 0 0 0 0 0 0 0 0 0 0 0 0 0 0 0 0 0 0 0 0 0 0 0 0 1 1 1 1 0 1 1 0 0 0 1 1 0 1 0 1 1 0 0 0 0 0 0 0 0 2 0 1 1 1 1 2 2 2 4 3 3 2 5 10 9 7 9 9 9 25 22 13 41 21 59 50 44
0 0 0 0 0 0 0 0 0 0 0 0 0 0 0 0 0 0 0 0 0 0 0 0 0 0 0 0 0 0 0 0 0 0 0 0 0 0 0 0 0 0 0 0 0 0 0 0 0 1 0 0 0 1 1 0 0 0 1 0 0 0 0 0 0 0 0 0 3 1 1 1 1 1 1 4 4 10 10 13 20 12 7 4 15 23 22 23 10 8 20 38 44 21 44 40
0 0 0 0 0 0 0 0 0 0 0 0 0 0 0 0 0 0 0 0 0 0 0 1 0 0 1 1 0 0 0 0 0 0 0 0 0 0 0 0 0 0 0 0 0 0 0 0 0 0 0 0 0 1 0 0 1 0 0 0 0 0 0 0 0 0 0 0 0 7 4 1 1 3 4 4 19 18 5 8 26 17 24 24 23 26 27 31 26 13 7 36 34 19 15 6
0 0 0 0 0 0 0 0 0 0 0 0 0 0 0 0 0 0 0 0 0 0 0 0 0 0 0 3 2 0 0 0 0 1 0 1 0 0 0 0 0 0 0 0 0 0 0 0 0 0 1 2 4 2 3 0 0 0 0 0 0 0 0 0 0 0 0 1 0 0 3 2 14 43 22 10 4 4 33 12 2 15 27 21 20 25 33 36 34 16 13 14 9 5 9 27
0 0 0 0 0 0 0 0 0 0 0 0 0 0 0 0 0 0 0 0 0 0 0 0 0 1 0 1 6 1 0 0 0 0 0 1 0 1 1 0 0 0 0 1 0 0 0 0 0 2 5 2 1 1 2 4 1 0 0 0 0 0 0 0 0 0 0 0 1 0 1 1 1 1 1 18 6 6 5 11 24 8 11 37 27 31 40 40 47 49 30 7 15 31 18 31
0 0 0 0 0 0 0 0 0 0 0 0 0 0 0 0 0 0 0 0 0 0 0 0 0 0 0 0 1 1 2 0 0 0 0 0 0 1 0 0 0 0 0 1 1 1 1 2 2 2 9 8 2 6 4 7 1 3 1 1 0 0 0 0 0 0 0 0 0 0 0 0 1 1 1 2 3 5 5 7 14 34 15 20 31 36 28 45 32 17 29 33 38 10 9 15
0 0 0 0 0 0 0 0 0 0 0 0 0 0 0 0 0 0 0 0 0 0 0 0 0 0 0 0 0 1 5 1 0 0 0 0 0 0 2 0 1 0 0 2 2 3 2 7 5 20 17 14 9 32 18 15 8 7 4 1 1 0 0 0 0 0 0 1 1 1 0 2 3 2 2 1 2 6 10 10 5 6 30 31 29 19 37 20 17 37 37 26 38 37 29 18
0 0 0 0 0 0 0 0 0 0 0 0 0 0 0 0 0 0 0 0 0 0 0 0 0 0 0 0 0 0 2 3 1 1 0 0 0 0 2 0 1 0 0 2 2 2 15 15 17 35 34 15 15 20 21 11 9 11 1 0 1 0 0 0 0 0 0 1 1 1 3 1 0 1 1 3 14 17 19 15 14 10 13 22 17 10 26 24 22 30 43 34 21 17 26 23
0 0 0 0 0 0 0 0 0 0 0 0 0 0 0 0 0 0 0 0 0 0 0 0 0 0 1 0 0 0 2 6 0 0 0 0 0 1 2 2 3 2 1 1 5 18 47 34 30 50 21 3 6 2 3 12 19 11 1 4 2 2 0 0 0 0 0 0 0 1 1 1 2 1 1 7 6 5 15 23 28 14 8 10 8 11 23 41 33 32 32 41 19 22 21 34
0 0 0 0 0 0 0 0 0 0 0 0 0 0 0 0 0 0 0 0 0 0 0 1 1 1 1 1 1 0 2 7 0 0 1 1 0 1 0 2 5 14 2 3 12 29 58 46 11 24 4 5 2 1 0 1 16 26 18 10 2 5 0 0 1 1 0 0 0 0 0 2 1 4 6 1 5 17 11 23 19 25 30 12 19 22 31 30 39 23 40 38 26 31 29 42
0 0 0 0 0 0 0 0 0 0 0 0 0 0 0 0 0 0 0 0 0 0 0 1 1 2 1 3 2 2 2 4 1 1 1 0 0 1 0 1 2 11 6 11 19 26 65 78 65 34 9 3 0 1 0 0 1 1 41 20 9 1 0 1 0 1 1 0 0 0 1 1 2 2 2 2 2 2 7 11 25 34 27 14 19 32 24 21 38 14 60 24 25 28 22 27
0 0 0 0 0 0 0 0 0 0 0 0 0 0 0 0 0 0 0 0 1 1 1 2 3 6 6 5 6 8 1 3 5 2 1 1 0 1 0 0 1 7 1 3 5 13 71 77 68 16 9 7 3 2 1 1 0 1 1 2 1 0 1 1 1 0 0 0 0 0 0 1 1 1 1 1 1 4 6 14 19 26 16 17 13 20 24 9 27 21 58 32 28 14 23 34
0 0 0 0 0 0 0 0 0 0 0 0 0 0 0 0 1 0 0 0 0 0 0 0 1 3 4 2 8 10 4 20 24 7 2 4 1 1 1 0 3 8 6 4 6 10 6 23 46 5 10 11 5 3 5 2 1 3 1 3 1 0 1 1 1 0 0 0 0 0 0 0 1 1 2 1 3 5 6 9 10 17 16 14 14 11 16 13 35 42 10 25 29 28 33 23
0 0 0 0 0 0 0 0 0 0 0 0 0 0 0 0 0 1 0 0 0 1 1 1 4 5 5 2 1 2 3 21 21 6 8 10 15 9 1 1 5 4 27 10 12 14 17 4 3 6 19 13 7 4 2 3 3 2 1 1 1 1 1 1 1 0 0 0 0 0 0 0 0 1 1 3 3 4 4 7 7 7 8 12 13 9 9 12 28 4 9 20 17 6 4 11
0 0 0 0 0 0 0 0 0 0 0 0 0 0 0 0 0 0 0 1 1 2 2 5 8 19 8 9 6 2 2 1 20 30 23 6 34 16 4 9 13 3 27 10 59 48 14 6 5 3 11 15 8 4 4 1 3 2 1 1 2 2 5 5 2 0 0 0 0 0 0 0 0 0 0 1 2 2 2 4 4 4 6 10 4 13 11 26 11 6 14 16 18 11 10 19
0 0 0 0 0 0 0 0 0 0 0 0 0 0 0 0 0 0 0 1 2 3 12 11 14 12 28 14 5 5 5 4 2 15 28 4 5 3 23 11 8 2 32 12 7 3 8 7 10 6 10 16 16 8 4 1 1 1 0 0 1 1 2 3 0 1 0 0 0 0 0 0 0 0 1 0 1 2 2 3 2 6 3 1 3 15 6 25 9 3 5 8 9 9 15 19
0 0 0 0 0 0 0 0 0 0 0 0 0 0 0 0 0 0 0 0 1 2 16 27 10 7 10 12 13 14 10 10 4 2 2 6 2 3 24 4 3 5 19 6 5 3 10 8 8 6 3 11 11 8 3 1 1 1 0 0 0 0 0 0 0 0 0 0 0 0 0 0 0 1 1 1 2 1 2 2 7 2 2 4 4 8 8 7 8 1 2 6 8 15 16 33
0 0 0 0 0 0 0 0 0 0 0 0 0 0 0 0 0 1 2 2 2 3 7 4 2 1 6 14 16 13 21 22 5 2 1 1 3 13 7 6 1 18 33 9 8 8 8 11 15 3 4 7 6 5 2 1 1 0 0 0 0 0 0 1 1 0 0 0 0 0 0 0 0 1 0 0 1 1 1 3 1 1 3 2 4 2 5 10 15 6 5 6 11 12 7 28
0 0 0 0 0 0 0 0 0 0 0 0 0 0 0 0 0 1 1 1 2 7 6 4 5 5 2 6 9 7 9 5 3 4 5 5 10 7 12 5 5 12 25 23 13 8 3 4 7 2 2 9 9 10 7 2 1 1 1 1 1 0 0 1 0 0 2 1 1 0 0 4 2 1 0 0 0 1 1 2 1 1 1 1 2 2 4 8 6 11 7 12 10 20 15 21
0 0 0 0 0 0 0 0 0 0 0 0 0 0 0 1 0 0 1 3 5 7 11 6 4 6 6 5 10 12 5 4 6 8 10 10 3 4 6 7 6 2 3 12 13 5 1 2 3 3 4 5 4 4 2 1 1 1 4 4 1 1 0 0 1 1 2 21 12 3 1 1 2 4 1 0 0 1 1 1 0 1 1 1 2 4 1 2 3 5 11 9 27 15 7 11
0 0 0 0 0 0 0 0 0 0 0 0 0 0 1 1 2 3 2 4 4 3 9 6 3 3 2 2 2 3 7 6 9 9 4 10 9 8 7 4 2 4 9 2 13 9 6 5 5 2 2 2 2 7 4 2 2 0 0 1 1 0 1 1 1 2 1 11 35 13 1 1 2 1 2 2 0 1 1 1 1 2 1 6 3 2 2 5 4 4 9 14 8 9 8 5
0 0 0 0 0 0 0 0 0 0 0 0 0 0 0 0 0 0 2 2 4 4 9 15 8 5 8 6 3 2 4 1 2 5 5 8 9 6 9 3 1 6 3 3 14 7 7 4 6 3 3 2 2 5 9 1 1 1 1 1 1 2 2 4 4 2 5 3 23 11 7 1 1 1 1 2 2 2 1 2 1 1 1 4 2 3 3 2 2 14 7 4 11 8 12 12
0 0 0 0 0 0 0 0 0 0 0 0 0 0 0 0 0 0 0 3 4 9 15 21 25 8 5 2 1 2 2 1 0 1 3 3 5 7 7 5 5 6 2 8 1 1 2 3 4 5 7 8 3 5 3 2 1 2 2 0 1 2 1 2 26 4 5 3 2 34 25 4 3 1 4 9 8 13 5 3 2 1 1 2 8 3 9 6 5 9 10 4 9 13 18 10
0 0 0 0 0 0 0 0 0 0 0 0 0 0 0 0 0 1 1 4 20 9 5 10 16 9 6 6 2 0 2 2 4 2 1 2 7 8 2 4 11 10 8 7 2 1 3 8 9 12 8 23 11 8 4 2 1 1 1 2 1 1 1 2 2 8 4 5 2 9 19 30 13 2 1 5 2 14 1 1 4 15 1 2 1 3 6 22 35 19 33 9 10 9 12 13
0 0 0 0 0 0 0 0 0 0 0 0 0 0 0 0 1 1 2 1 2 9 14 8 9 8 12 18 10 3 3 6 5 4 5 2 2 5 5 6 6 9 8 6 5 4 12 15 10 11 14 8 14 7 4 5 6 8 3 1 1 1 1 5 2 6 12 5 3 3 18 20 17 7 2 3 0 7 3 1 0 6 3 2 2 12 4 4 2 2 15 7 7 37 12 21
0 0 0 0 0 0 0 0 0 0 0 0 0 0 0 0 0 1 2 2 2 1 10 28 16 14 13 16 18 6 5 8 4 4 9 12 5 3 2 6 9 6 4 17 7 9 9 34 36 18 33 9 13 28 47 37 12 3 2 1 1 8 3 1 7 2 11 10 6 2 23 17 10 17 2 3 1 6 10 2 1 11 1 2 2 1 6 5 1 4 43 10 3 25 50 40
0 0 0 0 0 0 0 0 0 0 0 0 0 0 0 0 0 1 1 3 4 4 2 7 13 13 4 5 13 5 4 4 3 2 3 7 6 5 3 7 5 2 2 2 12 14 13 28 18 11 9 21 9 6 7 4 3 2 2 2 2 4 8 3 3 9 1 23 11 3 16 30 13 20 4 4 1 10 2 3 1 30 5 2 5 4 3 5 4 8 36 49 6 9 46 45
0 0 0 0 0 0 0 0 0 0 0 0 0 0 0 0 0 0 1 5 8 5 4 2 2 1 3 2 1 1 4 0 1 2 4 3 5 8 7 4 10 8 8 6 11 15 14 14 9 8 15 18 12 18 7 10 7 4 1 3 1 2 6 7 4 25 10 16 41 8 6 14 29 9 20 4 3 11 6 13 9 24 47 8 6 6 2 10 7 3 18 63 16 5 8 50
0 0 0 0 0 0 0 0 0 0 0 0 0 0 0 0 0 0 1 3 6 5 3 5 2 3 3 2 0 0 2 1 1 2 2 3 6 7 4 11 22 13 10 9 4 9 12 9 8 23 13 25 13 10 8 12 8 5 3 4 4 6 4 10 5 26 19 8 39 24 4 15 23 12 41 9 10 6 8 6 20 14 59 21 3 10 9 25 7 4 6 39 21 8 19 20
0 0 0 0 0 0 0 0 0 0 0 0 0 0 0 0 0 0 1 2 3 5 4 4 7 5 7 4 1 0 1 0 0 2 2 1 6 7 4 5 17 11 8 4 8 5 7 7 5 23 38 37 34 17 6 8 25 7 9 9 13 18 5 2 4 5 19 8 19 32 12 10 10 43 27 19 31 10 14 39 28 11 27 50 10 10 6 6 6 8 10 40 21 28 13 5
0 0 0 0 0 0 0 0 0 0 0 0 0 0 0 0 0 0 2 3 4 13 7 8 4 4 6 8 5 0 0 0 3 2 7 7 6 12 12 10 12 10 6 4 5 4 5 8 6 7 7 12 6 9 19 30 29 5 49 27 4 21 9 11 15 6 4 3 14 27 12 27 11 28 5 22 54 32 17 38 54 43 31 64 11 14 16 7 8 3 15 25 27 9 6 9
0 0 0 0 0 0 0 0 0 0 0 0 0 0 0 0 0 0 0 0 1 1 2 3 6 12 5 7 10 2 1 5 5 5 2 2 6 5 5 18 14 4 8 11 11 8 14 14 7 14 17 9 17 32 25 37 19 24 23 24 6 17 26 12 21 33 35 22 10 43 48 63 53 26 20 26 43 50 34 40 46 53 35 64 55 27 4 5 6 12 20 27 43 14 7 5
0 0 0 0 0 0 0 0 0 0 0 0 0 0 0 0 0 0 1 1 1 2 2 4 11 6 7 9 10 9 3 28 6 2 4 3 12 12 12 16 35 14 17 14 14 15 9 10 8 9 12 6 5 26 10 15 39 41 25 24 29 44 50 37 7 40 47 54 41 28 42 60 15 27 26 27 45 34 64 69 55 39 35 73 61 23 24 5 9 27 15 35 28 27 19 14
0 0 0 0 0 0 0 0 0 0 0 0 0 0 0 0 0 0 0 2 1 2 2 3 4 4 8 7 8 6 7 27 6 7 6 5 8 8 8 17 23 10 12 13 11 15 4 5 11 5 6 8 4 3 3 3 20 37 48 50 45 35 43 66 31 26 57 60 50 30 14 25 32 21 26 38 49 74 55 38 35 29 80 68 67 27 14 15 10 16 20 38 10 6 8 30
0 0 0 0 0 0 0 0 0 0 0 0 0 0 0 0 0 0 0 1 2 3 1 1 2 4 6 2 10 7 13 11 8 14 6 3 4 8 22 19 7 7 10 19 16 11 4 5 3 9 5 4 10 7 3 2 7 8 8 23 18 15 39 65 56 34 19 9 13 20 14 16 16 18 21 21 56 49 39 25 10 28 83 67 70 52 20 22 6 22 26 49 48 35 15 7
0 0 0 0 0 0 0 0 0 0 0 0 0 0 0 0 0 0 0 1 1 1 0 2 1 0 3 2 7 10 8 11 16 9 8 11 12 9 21 12 7 13 5 7 12 3 3 4 2 5 3 3 6 4 7 4 4 7 8 3 11 21 21 33 36 15 13 19 17 28 16 11 12 16 15 7 27 21 29 16 15 10 42 25 42 67 25 37 9 32 46 36 30 28 31 10
0 0 0 0 0 0 0 0 0 0 0 0 0 0 0 0 0 0 0 0 1 0 1 1 1 1 2 1 6 3 6 7 15 6 10 13 12 6 9 7 5 8 4 4 8 3 3 3 2 10 4 3 7 7 7 5 11 10 17 9 7 9 4 9 3 3 9 18 20 23 21 12 9 5 5 6 12 14 16 15 19 16 20 15 28 36 11 29 8 26 50 46 26 15 72 52
0 0 0 0 0 0 0 0 0 0 0 0 0 0 0 0 0 0 0 0 1 0 0 1 1 1 4 3 6 3 8 16 5 9 9 14 8 4 12 3 6 7 2 3 5 6 2 3 1 5 4 4 4 10 3 6 6 11 9 12 12 20 11 7 7 4 15 12 15 11 6 4 20 8 6 3 5 13 11 10 10 10 12 24 27 23 16 25 11 62 66 66 65 21 6 16
0 0 0 0 0 0 0 0 0 0 0 0 0 0 0 0 0 0 0 0 0 0 1 1 1 1 4 2 2 1 3 5 6 21 6 5 5 1 5 2 3 2 3 2 2 2 2 2 3 4 4 4 3 5 5 7 11 7 10 8 18 9 6 14 3 9 12 22 11 7 11 26 19 15 15 17 5 4 10 9 11 15 11 33 18 13 40 13 24 64 59 58 76 36 40 11
0 0 0 0 0 0 0 0 0 0 0 0 0 0 0 0 0 0 0 0 0 0 0 1 0 2 1 2 2 2 3 10 5 6 10 4 2 3 4 1 2 2 1 1 1 2 1 1 1 0 1 1 2 4 7 9 13 8 4 11 7 9 10 7 29 8 12 15 18 38 27 18 9 10 16 20 19 22 24 27 38 44 19 20 17 31 52 33 46 59 29 49 81 61 62 41
0 0 0 0 0 0 0 0 0 0 0 0 0 0 0 0 0 0 0 0 0 0 0 0 0 0 0 2 1 2 3 5 2 4 6 2 2 2 2 1 1 1 1 1 2 2 1 3 9 5 7 4 8 15 11 6 7 8 7 5 8 9 20 12 25 15 16 17 33 7 4 6 9 4 3 5 23 19 32 42 51 49 42 20 15 37 65 31 34 17 24 56 90 53 69 59
0 0 0 0 0 0 0 0 0 0 0 0 0 0 0 0 0 0 0 0 1 1 1 0 1 0 0 1 3 2 2 1 1 2 4 2 1 1 1 1 1 7 2 1 4 3 4 2 14 26 42 16 25 42 24 7 14 6 3 3 3 5 14 8 9 16 14 21 6 7 8 13 29 18 18 15 7 28 47 67 63 26 17 25 15 45 63 41 34 28 30 82 85 48 59 89
0 0 0 0 0 0 0 0 0 0 0 0 0 0 0 0 0 0 0 0 1 4 2 0 0 1 2 2 1 1 4 1 1 1 1 1 0 1 2 1 3 1 3 10 3 8 7 6 8 45 45 53 15 36 30 26 15 22 11 6 6 8 2 9 15 20 22 7 9 9 17 32 22 29 49 29 18 50 70 73 39 25 18 36 24 47 27 22 40 41 62 88 69 83 64 91
0 0 0 0 0 0 0 0 0 0 0 0 0 0 0 0 0 0 0 1 0 3 3 6 8 9 6 5 2 1 2 1 1 1 2 4 5 8 11 8 10 13 7 25 7 14 27 33 7 5 4 48 47 16 42 18 10 46 32 19 4 5 8 11 14 18 11 15 17 25 24 12 23 23 28 29 59 59 50 52 30 21 18 26 23 38 26 27 30 29 45 82 61 80 39 72
0 0 0 0 0 0 0 0 0 0 0 0 0 0 0 0 0 0 1 4 1 0 5 20 6 16 8 14 12 17 14 15 11 18 6 12 2 16 26 9 20 39 13 34 39 14 39 15 58 25 10 69 46 45 47 40 69 67 20 34 8 3 6 6 6 11 9 7 7 12 12 17 13 25 32 58 74 68 26 13 31 18 14 22 13 22 23 37 38 59 72 84 57 61 55 52
0 0 1 0 1 1 0 0 0 0 0 0 0 0 0 0 0 0 0 2 1 0 0 2 2 2 5 12 16 13 12 13 32 25 10 19 27 19 26 34 16 51 50 17 38 30 53 20 53 76 39 44 50 37 24 71 58 52 34 41 29 6 5 5 14 10 12 18 20 24 29 20 32 31 61 68 56 37 31 14 5 10 13 19 20 11 22 36 37 50 76 77 35 41 46 48
0 0 0 1 1 1 0 1 0 0 0 0 0 0 0 0 0 0 1 0 0 0 1 1 1 2 8 6 7 15 16 27 16 18 19 36 33 32 40 44 35 54 46 44 47 46 56 62 14 57 42 21 71 19 41 73 52 15 52 13 14 48 5 4 9 11 19 25 24 21 22 31 50 79 79 71 57 37 9 13 12 7 4 4 13 7 23 22 30 42 65 52 41 26 53 64
0 0 1 0 0 0 0 0 1 0 0 0 0 0 0 0 0 0 0 1 1 1 1 1 1 2 1 1 1 2 3 2 3 3 2 2 3 2 4 5 4 7 7 9 8 7 12 62 44 35 72 23 56 52 55 59 16 12 14 14 41 35 15 8 14 21 23 17 18 44 64 69 77 77 72 68 51 16 6 7 6 6 5 3 9 5 13 9 15 21 38 37 36 20 34 40
1 1 1 0 0 0 0 0 0 0 0 0 0 0 0 0 0 0 0 0 0 1 1 1 2 2 1 1 3 3 2 2 6 5 3 4 3 4 5 9 8 11 15 9 12 9 16 6 9 11 40 42 57 66 59 26 25 33 23 29 42 24 14 14 21 19 28 45 63 67 72 58 42 46 34 34 10 11 11 12 11 10 5 6 3 2 2 2 5 7 17 18 24 16 14 19
2 3 1 0 0 0 0 0 0 0 0 0 0 0 0 0 0 0 0 1 0 0 0 0 1 1 0 2 1 1 2 2 1 1 1 2 2 3 4 3 5 9 9 5 4 8 7 16 12 15 10 15 16 22 27 27 33 28 24 27 11 9 11 17 21 16 15 15 36 62 70 66 47 39 20 18 26 24 38 35 24 15 4 7 9 10 11 7 5 2 2 4 9 21 19 15
1 0 0 0 0 0 0 0 0 0 0 0 0 0 0 0 0 0 0 0 0 1 1 1 1 1 1 1 2 2 1 0 1 1 1 2 2 3 3 4 4 3 4 2 2 2 4 5 9 16 23 42 32 28 28 23 23 21 19 7 6 10 9 22 16 10 14 16 20 29 26 42 49 26 16 27 34 34 13 10 6 8 8 15 28 27 28 15 15 11 5 5 3 3 6 6
1 0 0 0 0 0 0 0 0 0 0 0 0 0 0 0 0 0 0 0 0 1 1 1 1 0 1 2 2 1 1 1 1 4 3 1 1 3 3 3 3 3 10 7 7 5 5 9 14 12 20 27 23 18 24 18 19 13 12 11 2 11 11 13 27 27 26 36 27 26 16 18 11 18 25 35 55 39 21 13 12 18 19 35 29 28 31 33 35 19 23 14 9 8 4 3
1 0 0 0 0 0 0 0 0 0 0 0 0 0 0 0 0 0 0 0 0 0 1 1 1 0 1 3 1 0 0 1 2 1 3 2 3 3 4 5 2 4 5 6 5 11 12 9 9 8 16 10 30 17 31 24 14 11 7 5 7 9 12 8 46 54 24 40 37 34 24 27 15 27 39 46 29 13 20 24 21 33 22 38 46 40 49 36 38 36 32 33 28 22 10 19
0 0 0 0 0 0 0 0 0 0 0 0 0 0 0 0 0 0 0 0 0 0 0 0 1 1 2 7 2 1 1 1 1 3 2 3 3 4 2 3 4 7 6 6 7 11 11 7 21 8 15 17 18 13 24 11 23 6 12 4 16 28 11 39 67 39 39 24 22 27 20 12 16 27 35 35 18 25 25 30 39 35 41 54 53 49 46 36 52 55 39 57 39 27 25 24
0 0 0 0 0 1 1 0 1 1 0 0 0 0 0 0 0 0 0 0 0 0 0 1 0 3 3 1 0 0 1 1 1 2 5 2 2 4 5 5 4 4 4 4 4 4 12 11 10 11 16 13 14 12 16 10 18 13 8 3 7 23 41 57 48 50 27 28 28 16 14 17 24 11 36 17 27 25 43 42 52 39 45 56 58 44 57 54 54 40 44 52 41 36 47 51
0 0 0 0 0 1 1 1 2 1 1 0 1 0 0 0 0 0 0 0 0 0 0 1 1 0 0 1 1 1 1 1 1 1 2 2 2 4 3 3 1 4 2 1 2 3 5 14 11 10 8 21 5 10 18 14 7 6 12 8 2 13 15 22 37 58 46 60 42 11 25 20 30 24 68 29 27 26 36 33 47 35 41 59 39 37 54 67 58 56 43 45 43 58 55 45
0 0 0 0 0 0 0 0 1 1 1 2 1 0 0 0 0 0 0 0 0 0 0 0 0 0 1 1 0 1 0 0 0 0 0 1 1 1 1 4 5 2 2 3 1 2 3 4 7 9 9 10 7 4 16 3 7 19 9 9 3 5 9 10 9 10 34 25 14 30 54 26 29 25 63 23 33 30 46 49 68 57 73 73 65 57 61 62 79 75 48 43 44 46 74 55
0 0 0 0 0 0 0 0 0 0 0 1 1 0 0 0 0 0 0 0 0 0 0 0 0 0 0 0 0 0 0 0 0 0 0 0 0 1 1 2 3 6 3 1 9 5 7 3 6 4 2 8 3 8 7 10 11 8 11 9 5 17 28 20 16 11 13 27 35 29 39 38 22 34 48 42 48 41 56 76 62 57 78 77 79 77 76 74 78 71 57 50 68 73 74 60
0 0 0 0 0 0 0 0 0 0 1 2 0 2 1 1 2 1 0 0 0 0 0 0 0 0 0 0 0 0 0 0 0 0 0 0 0 0 1 1 1 2 3 4 0 3 4 6 7 4 3 10 11 7 3 3 6 16 12 12 9 29 21 17 9 21 22 27 47 40 30 56 34 52 42 63 70 65 74 63 34 59 76 62 42 46 68 39 70 80 67 67 67 69 65 81
0 1 1 0 1 0 0 0 0 0 1 3 1 9 2 2 5 2 1 1 0 0 0 0 0 0 0 0 0 0 0 0 0 0 0 0 0 0 0 0 0 1 2 6 5 2 5 3 5 5 7 4 5 21 36 12 12 10 9 12 21 19 26 13 17 25 36 19 32 41 25 38 48 44 71 44 63 58 73 60 21 32 47 61 36 9 15 34 77 74 75 80 45 53 41 76
