sesion_6_simulaciones/modelos_agentes/ejemplos_netlogo/scenarios/echam4_b2/rob_2031.asc
NCOLS 322 
NROWS 307 
XLLCORNER 451900 
YLLCORNER 4086900 
CELLSIZE 100 
NODATA_value -9999 
[rows 222 to 295 of 307, columns 192 to 287 of 322]
2 1 1 0 2 1 1 0 0 0 0 0 0 0 0 0 0 0 0 0 0 1 3 3 1 2 1 1 3 4 2 2 8 10 10 10 16 34 33 39 44 38 41 60 42 53 55 37 45 57 55 46 20 18 27 29 24 45 61 64 47 37 47 29 58 78 70 58 73 79 39 19 6 1 1 0 0 0 0 0 0 0 0 0 0 0 0 0 0 0 1 1 2 2 2 2
7 7 4 3 1 1 1 0 0 0 0 0 0 0 0 0 0 0 0 0 0 2 3 6 3 3 4 3 6 7 4 5 11 14 16 10 19 16 25 29 37 34 41 60 51 37 52 35 45 42 45 30 29 22 13 17 22 38 33 36 27 39 46 30 35 63 51 40 59 67 40 13 6 2 0 0 0 0 0 0 0 0 0 0 0 0 0 0 0 1 1 1 2 2 2 3
8 6 5 3 2 1 1 0 0 0 0 0 0 0 0 0 0 0 0 0 1 2 4 11 9 6 6 9 9 18 17 11 13 14 18 11 21 10 25 26 22 31 38 57 66 34 46 47 24 23 28 30 43 14 6 23 21 45 24 42 41 43 47 42 17 18 4 3 7 41 51 15 3 1 0 0 0 0 0 0 0 0 0 0 0 0 0 0 0 0 1 2 2 2 2 7
4 3 2 1 1 0 0 0 0 0 0 0 0 0 0 0 0 0 1 0 1 1 3 9 15 15 12 14 13 21 50 33 20 20 12 14 17 16 36 21 19 22 33 40 60 52 24 32 13 14 13 12 19 24 5 17 20 20 31 51 57 48 56 45 18 20 11 13 4 4 21 7 2 1 1 1 1 0 0 0 0 0 0 0 0 0 0 0 1 1 1 2 2 2 3 5
4 2 2 1 0 0 0 0 0 0 0 0 0 0 0 0 0 1 1 1 1 2 5 6 14 36 22 22 22 16 34 49 22 32 25 27 34 34 22 25 15 21 22 24 28 35 28 46 39 12 38 36 20 15 8 14 48 42 46 51 63 52 47 30 21 19 24 29 12 6 5 1 1 1 1 1 1 0 0 0 0 0 0 0 0 0 0 0 0 0 1 1 2 3 3 4
3 4 2 2 1 1 0 0 0 0 0 0 0 0 0 0 1 0 1 3 3 5 6 9 15 36 57 31 47 26 36 50 35 23 41 45 36 32 32 28 8 14 13 23 32 39 48 57 71 32 29 29 24 10 16 19 33 30 45 54 55 40 35 26 49 35 39 30 13 9 2 1 2 2 2 2 1 1 0 0 0 0 0 0 0 0 0 0 0 0 0 1 1 1 3 5
4 2 1 1 1 0 0 0 0 0 0 0 0 0 0 0 0 1 2 4 7 15 25 17 23 35 69 33 52 30 36 53 19 21 42 43 50 45 35 34 21 22 19 16 34 40 39 56 56 51 45 35 26 16 35 50 46 43 57 70 52 32 33 47 73 62 33 20 12 6 5 4 5 3 5 3 2 1 0 0 0 1 1 0 1 0 0 0 0 0 1 1 1 1 2 5
4 2 1 1 0 0 0 0 0 0 0 0 0 0 0 0 0 1 1 2 3 11 26 45 40 39 61 60 68 39 59 34 19 19 31 49 52 48 30 32 32 35 23 21 25 42 41 45 41 36 54 43 28 21 34 36 50 35 42 22 33 56 57 78 70 46 32 18 20 18 12 9 8 9 3 2 1 1 0 0 0 1 1 1 0 1 1 1 0 0 1 1 3 2 4 6
1 1 1 0 0 0 0 0 0 0 0 0 0 0 0 0 1 0 1 2 5 10 26 28 51 53 66 72 67 39 52 26 20 46 34 46 53 40 36 45 37 46 22 24 40 44 53 47 56 33 34 32 26 9 18 12 74 44 27 39 50 49 55 46 29 24 23 22 15 18 22 22 13 3 1 1 1 0 0 0 0 0 1 1 0 1 1 3 1 0 1 1 2 2 3 5
0 0 0 0 0 0 0 0 0 0 0 0 0 0 1 1 1 1 2 4 6 13 28 39 42 51 60 60 65 60 69 36 28 39 51 40 51 45 39 40 43 31 37 23 23 28 45 55 52 39 24 22 19 17 32 29 12 78 81 56 35 19 36 32 39 30 20 13 7 21 47 24 7 3 1 0 0 0 0 0 0 0 1 1 1 1 1 2 3 1 1 1 2 3 3 5
0 0 0 0 0 0 0 0 0 0 0 0 0 0 1 1 1 1 3 4 5 20 35 49 41 46 62 57 77 82 57 46 45 56 38 54 53 49 47 44 43 38 48 19 37 30 44 40 33 15 29 25 31 30 39 51 40 34 40 48 27 45 29 29 25 27 23 8 13 24 26 9 6 5 1 0 0 0 0 0 0 0 0 2 2 0 0 1 5 1 1 2 2 3 2 4
0 0 0 0 0 0 0 0 0 0 0 0 0 0 0 1 1 2 4 13 9 10 45 43 63 50 58 66 28 79 57 56 45 61 48 41 47 57 48 47 47 39 63 22 21 57 42 41 35 28 44 27 27 40 51 26 48 48 30 14 25 15 24 27 25 24 14 39 28 10 16 6 4 3 1 0 0 0 0 0 0 1 0 1 1 1 1 1 2 3 2 1 1 5 4 3
1 0 0 0 0 0 0 0 0 0 0 0 0 0 0 0 1 2 5 12 22 30 57 47 64 68 71 66 72 62 83 50 41 56 45 23 32 52 55 62 48 23 41 50 14 25 37 57 35 40 50 37 25 34 30 28 15 18 22 38 32 34 30 43 18 18 27 14 8 13 9 6 3 1 0 0 0 0 0 0 0 0 1 1 2 3 1 1 3 3 9 4 1 2 8 6
0 0 0 0 0 0 0 0 0 0 0 0 0 0 0 0 1 2 5 10 26 22 38 13 32 54 55 29 28 52 75 47 50 78 42 48 53 60 38 14 28 15 41 51 15 37 57 37 16 35 45 44 23 35 24 14 40 46 44 33 19 26 53 63 42 31 47 40 28 16 9 5 1 1 0 0 1 0 1 0 0 1 1 1 2 2 4 1 3 2 1 6 2 2 3 6
0 0 0 0 0 0 0 0 0 0 0 0 0 0 0 0 1 1 3 7 13 10 11 34 32 38 28 37 44 52 66 62 69 71 58 54 54 50 50 26 39 32 40 50 15 26 46 41 24 19 28 36 26 25 12 29 44 21 26 34 34 58 65 65 64 56 33 19 23 14 23 8 2 1 0 0 0 1 1 0 1 1 1 1 1 2 2 6 4 5 3 8 4 1 2 2
0 0 0 0 0 0 0 0 0 0 0 0 0 0 0 0 1 1 1 2 4 24 27 25 35 46 47 35 43 54 56 54 63 68 46 56 51 51 56 24 53 47 33 53 14 19 39 35 44 44 21 20 43 32 23 30 30 26 53 38 66 48 48 71 78 44 33 13 27 9 5 3 1 1 0 0 0 1 1 1 2 1 1 1 1 1 2 7 13 17 3 3 6 2 4 9
0 0 0 0 0 0 0 0 0 0 0 0 0 0 0 0 0 0 1 2 5 9 18 16 16 30 46 35 47 37 49 54 57 70 61 68 52 60 44 43 27 42 22 41 13 11 24 24 30 42 47 22 18 9 24 13 11 38 40 35 44 34 57 61 61 66 31 9 4 4 2 0 0 1 1 1 1 1 2 2 4 2 1 1 2 2 1 1 1 4 13 11 7 5 5 9
0 0 0 0 0 0 0 0 0 0 0 0 0 0 0 0 1 1 0 2 5 11 10 18 25 40 33 29 38 38 25 29 47 48 41 59 40 58 46 41 41 39 70 47 20 23 35 53 29 17 23 21 7 24 9 16 32 62 49 73 71 54 36 40 35 20 21 18 7 3 1 0 0 1 1 2 1 1 2 4 3 5 3 2 2 2 3 2 2 3 8 7 7 26 8 13
0 0 0 0 0 0 0 0 0 0 0 0 0 0 1 0 1 1 1 1 3 2 4 8 12 23 21 20 23 28 42 43 29 25 19 70 54 73 37 49 40 31 70 52 38 23 52 46 39 34 19 48 24 48 34 49 49 22 34 41 46 39 23 31 39 24 27 8 9 3 1 0 1 1 1 3 4 1 1 3 4 7 4 6 3 1 2 4 1 0 1 2 2 9 14 8
0 0 0 0 0 0 0 0 0 0 0 0 0 1 1 1 1 2 2 4 8 11 18 26 33 29 36 51 60 48 48 59 55 45 53 50 75 61 43 42 36 28 24 60 35 15 29 34 45 31 44 47 54 66 88 79 78 68 70 46 44 43 47 53 37 24 16 9 5 2 1 0 1 1 3 3 4 3 3 7 4 9 6 8 5 2 2 4 7 2 3 4 3 2 2 5
0 0 0 0 0 0 0 0 0 0 0 0 0 1 1 1 0 1 4 8 17 17 26 39 52 65 63 54 75 62 51 47 44 29 21 23 43 52 47 39 39 22 21 41 22 17 13 32 22 35 13 7 11 14 34 49 84 85 68 62 46 42 21 44 30 16 13 8 2 1 0 0 1 2 1 2 4 7 4 8 5 3 12 12 6 3 3 7 7 3 4 7 6 12 15 23
0 0 0 0 0 0 0 0 0 0 0 0 1 1 1 2 0 0 1 3 11 23 13 34 35 54 63 52 11 27 45 36 26 24 36 43 46 31 57 32 31 29 9 29 26 27 11 13 8 29 19 17 15 12 14 13 33 63 74 77 81 42 34 22 16 12 10 8 5 1 0 1 3 3 3 4 12 9 10 11 11 4 5 20 11 4 4 5 5 4 7 4 10 13 20 29
0 0 0 0 0 0 0 0 0 0 0 0 0 1 1 2 1 0 1 3 5 10 8 21 20 21 22 15 13 15 26 27 25 35 30 22 36 51 52 10 26 27 16 26 24 8 5 27 26 24 35 26 35 34 36 38 42 55 49 38 50 76 55 39 28 22 19 8 4 1 1 3 3 7 7 5 10 16 11 8 8 8 3 11 21 9 9 3 11 5 11 11 7 16 16 12
0 0 0 0 0 0 1 1 1 1 0 0 1 1 2 1 3 0 1 0 2 2 6 8 12 25 25 32 40 27 37 25 25 42 37 32 27 22 10 14 22 33 63 31 21 17 7 13 24 27 33 59 29 40 59 37 30 26 30 21 21 35 50 45 34 18 15 8 2 0 1 3 4 7 8 9 7 21 13 22 11 18 11 10 36 16 20 7 13 12 13 23 14 15 13 21
0 0 0 0 1 1 1 1 1 1 0 0 1 1 2 2 2 1 1 1 1 1 5 7 14 21 28 28 32 50 43 53 47 67 24 19 23 30 25 28 52 46 23 19 48 23 15 16 16 48 55 26 38 41 31 31 47 41 51 32 27 19 19 20 20 13 8 6 2 1 2 4 5 10 7 8 8 14 19 27 19 12 21 12 38 12 14 16 10 26 15 15 17 12 14 14
0 0 1 0 1 0 0 1 1 2 0 0 1 1 4 10 1 1 1 3 4 6 4 6 10 12 23 17 23 36 40 35 30 32 36 34 33 40 39 27 17 13 10 7 18 23 30 18 47 64 25 11 18 38 43 39 30 42 29 25 28 20 16 10 9 7 5 3 2 2 4 6 6 8 8 9 12 14 23 19 21 18 20 32 42 14 17 19 12 27 18 8 22 9 5 12
0 0 1 1 1 1 1 1 3 2 1 0 1 2 3 4 1 2 1 3 6 7 7 4 5 5 14 20 23 35 27 25 34 32 32 32 31 27 25 18 18 12 9 7 9 7 6 37 15 33 17 13 16 16 28 76 51 54 42 34 24 20 15 10 7 5 4 2 2 2 4 6 4 8 7 14 19 11 15 34 27 32 34 33 44 28 33 12 32 27 8 14 20 8 11 16
1 1 1 2 1 1 1 2 2 5 1 0 1 2 3 7 4 2 2 6 9 16 8 11 12 4 8 14 18 16 24 18 26 30 31 19 17 10 12 18 32 30 38 28 16 34 26 17 6 12 21 40 42 35 40 26 38 40 50 47 33 19 14 12 8 6 4 2 1 4 6 7 10 9 17 15 14 23 15 13 23 23 27 40 19 75 37 14 24 23 6 15 12 26 14 20
1 2 1 4 2 1 1 2 3 5 1 1 2 2 5 6 8 1 4 8 10 21 12 14 15 21 14 11 9 12 14 24 41 35 14 30 16 26 17 21 25 28 22 16 14 24 14 11 20 34 39 33 39 38 47 18 14 15 15 27 22 23 17 15 12 10 7 3 1 5 5 5 10 13 18 7 14 10 22 12 17 15 28 19 39 65 24 16 38 14 8 16 16 22 28 27
1 1 3 3 2 2 1 2 4 9 1 2 3 4 5 9 1 1 5 9 17 25 29 19 37 24 26 26 16 18 11 46 53 38 41 27 24 33 22 17 28 16 19 12 13 18 18 18 13 29 37 30 42 42 41 17 30 35 35 40 33 28 26 27 19 16 9 3 1 6 7 6 17 11 15 25 26 18 10 20 14 22 25 36 30 52 43 35 33 17 15 23 13 14 6 32
0 1 3 4 4 3 2 2 5 7 2 3 5 12 15 5 1 1 6 9 13 30 30 37 24 28 45 35 30 31 31 42 58 53 42 46 46 27 50 29 16 28 10 6 8 13 12 15 17 20 29 30 40 33 40 42 44 50 49 51 50 49 33 22 13 7 7 2 3 8 12 9 18 23 15 20 27 20 22 8 31 10 14 31 36 53 61 70 34 19 28 23 27 29 19 40
1 2 4 6 9 5 3 4 8 9 2 3 7 17 11 2 1 3 6 10 19 24 31 34 40 31 46 38 52 55 51 44 21 32 42 41 42 22 38 35 33 23 15 12 22 18 10 27 17 9 10 25 41 57 40 43 61 57 53 35 52 31 14 17 17 10 4 2 2 7 18 10 18 24 29 22 30 20 26 23 15 33 18 7 10 31 52 66 34 41 31 28 24 42 18 18
2 2 3 5 15 8 4 5 7 12 2 2 8 16 6 2 1 4 8 11 12 17 22 32 50 32 39 37 33 52 59 47 43 35 36 23 29 28 34 26 26 17 14 22 33 29 17 23 9 5 9 36 48 30 57 60 33 39 28 28 23 17 27 26 12 10 8 2 3 4 21 15 15 16 22 32 25 25 13 26 12 39 24 20 11 9 26 41 55 68 40 35 28 34 14 17
2 5 4 4 6 15 5 7 15 4 3 3 5 24 10 3 1 5 9 12 22 33 34 47 51 47 26 31 51 47 29 55 79 64 33 30 21 29 39 28 17 26 28 14 19 11 16 8 22 20 25 34 39 52 61 44 56 40 39 40 32 25 21 15 14 12 5 3 3 6 8 27 16 16 20 23 41 38 26 45 17 16 27 27 19 18 16 31 52 58 41 40 34 35 22 30
3 4 10 8 4 11 4 10 29 5 4 10 13 19 6 4 1 3 13 16 31 25 30 51 54 52 47 19 16 19 28 28 33 16 18 27 44 29 25 37 33 23 18 13 11 7 10 16 25 38 37 37 42 53 69 63 59 48 38 44 36 37 36 17 16 13 6 4 4 14 15 16 33 15 18 22 44 40 28 21 36 18 14 33 35 21 24 25 41 54 62 39 33 24 40 19
4 5 12 18 8 21 5 10 37 13 6 16 18 10 4 1 1 2 5 17 34 38 32 35 47 58 40 20 24 21 26 28 31 27 19 12 23 30 45 37 30 21 10 16 15 10 10 9 2 6 31 33 27 44 42 31 35 55 52 44 45 24 23 20 15 14 11 3 6 15 19 16 20 8 25 27 29 47 58 43 47 26 19 18 35 25 19 30 46 79 73 39 25 22 39 18
5 5 7 22 9 18 10 9 14 21 9 22 19 4 1 2 3 5 9 23 24 29 42 25 35 49 62 26 23 23 34 34 31 32 26 30 25 28 22 7 11 23 13 16 21 11 9 3 13 19 28 47 60 55 40 61 60 74 54 36 42 40 36 30 27 14 11 6 9 18 17 28 38 19 17 43 34 48 42 36 53 23 31 32 52 29 15 21 17 35 59 35 33 18 49 37
4 5 4 12 31 14 23 9 30 14 29 13 4 2 5 5 8 6 25 35 19 29 34 40 16 34 50 63 36 35 22 35 25 17 14 17 21 14 12 12 11 6 4 4 9 5 8 6 17 17 16 36 34 50 59 58 38 59 43 26 30 33 31 28 14 11 8 15 16 20 23 31 7 24 37 43 42 31 51 27 64 28 33 24 29 51 37 37 45 36 44 28 51 22 30 55
11 7 5 7 13 28 32 14 47 22 18 4 2 5 6 11 11 7 9 9 21 24 32 57 52 31 40 17 41 57 21 35 19 17 22 24 32 19 18 12 11 9 22 14 6 3 3 4 12 24 24 38 37 33 46 41 37 34 23 9 23 30 26 22 12 9 9 16 19 20 25 40 13 12 7 12 36 57 68 28 55 46 34 34 22 19 59 31 46 43 41 50 23 21 39 54
8 14 9 7 7 17 43 20 20 8 4 1 4 7 16 22 23 7 10 13 23 29 27 12 17 17 20 33 15 21 45 65 41 29 13 30 10 14 19 5 8 11 6 4 6 14 8 7 13 19 25 20 22 32 33 36 25 44 32 34 44 30 28 16 22 20 12 21 20 24 24 39 13 24 15 20 20 16 38 42 29 56 37 39 23 46 49 19 41 58 56 48 24 24 24 32
10 17 12 16 23 33 34 19 20 4 6 4 7 16 17 24 27 18 19 21 25 29 24 20 16 23 20 14 16 28 18 25 30 46 40 55 14 9 9 11 13 8 11 12 6 5 9 9 12 25 40 22 23 30 46 23 43 62 68 56 48 32 33 29 24 22 23 35 23 25 26 32 18 30 28 22 37 32 37 54 24 56 37 55 24 20 42 14 21 29 55 37 17 29 28 55
13 21 16 22 30 41 33 7 4 2 9 8 16 20 21 31 20 40 35 23 28 29 27 31 36 25 27 18 21 43 24 7 7 10 12 34 42 24 28 44 29 24 12 10 10 6 2 10 28 23 31 13 16 31 35 38 52 72 42 45 52 31 33 27 25 24 27 42 27 27 29 31 31 31 43 23 37 36 34 35 57 77 45 55 40 15 45 27 10 18 34 45 26 35 25 10
14 28 31 27 57 40 8 5 8 9 17 17 13 26 23 38 13 26 56 18 32 28 15 23 32 42 16 25 30 31 50 19 14 7 8 6 8 6 13 35 45 21 15 17 17 11 6 8 18 17 15 15 24 31 48 48 45 45 46 31 50 40 28 10 31 17 19 52 32 30 42 32 48 31 44 36 35 42 34 28 26 18 62 64 48 21 22 25 14 11 22 47 30 36 43 26
17 25 51 43 54 10 10 9 11 19 22 23 30 43 16 29 16 27 32 52 21 38 16 14 18 35 31 35 30 20 12 34 10 16 11 8 8 9 8 13 18 9 7 13 6 3 4 11 10 16 15 14 9 26 43 57 28 54 69 58 29 24 16 9 42 29 28 42 39 30 46 34 65 44 43 48 32 33 48 33 26 16 43 47 48 26 11 52 20 16 29 41 56 46 32 33
11 30 58 71 37 6 11 20 21 24 39 48 26 30 21 18 42 19 28 29 27 28 25 19 22 29 26 41 30 32 37 24 35 13 17 13 9 8 6 12 11 6 5 5 5 4 8 21 10 14 16 11 20 36 53 48 75 53 39 53 36 18 7 18 23 51 31 35 44 29 35 36 56 48 32 46 47 31 34 50 36 11 25 55 60 30 10 27 27 19 32 23 64 49 21 57
14 34 61 40 7 7 24 24 17 44 33 58 19 37 25 17 22 58 21 30 49 26 44 18 18 36 39 33 30 43 24 29 42 14 18 14 10 14 4 13 10 5 11 14 11 8 19 18 17 23 29 30 33 29 35 47 56 43 46 39 35 18 10 27 23 38 31 34 44 34 33 33 36 56 33 31 53 35 34 34 47 19 24 29 49 28 15 22 39 25 15 18 18 48 34 33
17 49 45 26 10 16 30 31 19 38 18 56 26 34 48 18 41 59 16 39 57 21 50 21 16 36 44 45 19 12 38 12 14 30 47 29 6 11 6 9 6 3 3 6 7 8 9 16 26 26 24 16 17 22 21 28 39 47 32 51 39 23 19 29 35 44 22 28 37 46 29 29 17 43 35 31 39 42 35 30 14 13 42 22 48 31 19 12 19 45 11 24 45 46 33 10
21 42 43 31 15 17 37 53 19 26 22 46 24 31 59 24 40 57 27 22 33 39 35 23 17 20 21 30 32 40 15 24 10 8 3 29 30 8 5 6 5 7 10 10 8 11 9 17 16 26 23 31 23 24 25 27 20 32 33 19 24 32 28 30 29 36 42 33 38 49 18 33 19 28 42 31 37 18 15 32 21 18 15 21 50 60 21 10 20 39 8 11 39 46 47 24
39 39 52 24 17 29 31 40 21 31 26 30 42 22 54 22 23 47 28 17 19 19 68 40 16 15 17 16 24 26 41 23 8 17 3 5 26 9 4 7 4 10 18 15 7 9 4 7 21 29 36 24 21 13 13 29 37 57 37 17 10 29 31 29 31 31 50 24 40 49 19 26 32 30 47 6 24 36 18 15 36 17 15 16 24 42 22 11 12 42 13 10 11 39 67 50
73 41 18 19 28 29 32 36 22 55 33 20 45 21 53 23 20 32 31 15 18 29 50 32 13 19 15 29 29 33 27 26 23 19 3 8 8 20 3 4 10 15 9 10 12 12 8 3 14 26 36 40 25 20 28 35 42 55 50 23 10 36 32 21 30 32 38 29 23 46 28 16 19 41 48 19 15 16 36 11 21 42 19 15 53 43 10 22 4 40 30 13 8 6 16 22
22 10 20 17 25 28 45 36 38 41 29 19 64 22 23 52 20 46 41 13 15 25 24 57 23 23 12 26 34 34 24 15 23 32 9 8 6 22 7 5 6 7 5 6 6 9 10 9 14 35 28 28 29 23 21 25 18 40 42 10 17 24 37 18 29 32 24 44 19 41 35 24 27 18 34 16 18 21 20 25 10 6 37 17 26 48 17 34 9 20 59 14 27 18 11 7
41 23 43 30 28 30 54 30 53 46 15 26 47 30 28 52 17 19 59 11 27 23 15 48 15 23 26 19 20 23 30 34 6 13 12 9 4 5 30 6 2 7 8 12 12 5 6 14 26 25 46 40 12 21 25 4 18 26 19 10 18 44 40 17 15 33 23 35 18 22 66 17 31 34 21 18 25 18 31 20 29 15 12 33 10 39 44 40 15 22 71 23 16 12 26 12
75 38 20 35 35 37 37 30 57 36 24 27 23 29 24 35 16 13 49 20 25 20 10 20 31 27 20 13 15 14 19 20 25 8 9 25 7 5 9 15 5 10 9 12 11 11 8 3 25 11 5 6 7 18 20 42 28 18 18 18 14 32 26 18 17 30 41 13 39 11 43 17 26 32 10 14 26 11 17 27 26 27 13 6 10 8 31 61 26 18 39 22 21 13 24 17
84 37 24 31 28 37 17 28 34 16 23 24 28 34 19 40 20 17 38 14 12 32 11 5 4 8 8 6 20 41 16 21 24 4 7 2 14 6 7 36 6 5 4 7 13 7 18 8 47 15 12 10 12 10 31 41 24 8 9 31 14 10 27 20 29 18 46 16 46 13 20 31 18 35 11 24 14 17 13 11 23 30 14 10 10 10 4 11 31 47 33 30 21 12 31 18
67 29 18 35 21 21 21 23 36 14 24 19 18 41 18 47 20 30 26 13 10 19 17 8 8 10 10 12 14 18 30 19 10 8 4 3 3 9 5 24 3 3 4 9 7 6 20 21 6 11 17 15 4 26 38 36 22 13 6 29 20 15 8 34 27 31 40 18 39 21 15 18 35 43 14 13 20 9 15 4 5 23 10 15 9 8 9 5 4 16 44 24 12 16 34 22
72 28 46 22 23 21 19 20 25 12 20 25 11 45 37 13 19 22 30 15 20 10 22 10 19 18 12 19 10 10 13 13 17 7 3 5 3 5 8 11 7 1 4 3 5 5 7 22 5 5 9 11 16 40 42 32 21 19 7 11 30 14 23 15 28 46 22 33 9 27 47 10 34 57 19 4 15 7 9 5 16 12 18 12 5 3 5 9 10 6 19 38 29 7 29 11
70 38 22 20 19 23 33 18 28 12 19 17 19 22 45 8 8 8 16 4 19 11 18 18 19 19 16 19 21 4 7 10 25 14 5 3 16 3 3 13 26 2 6 3 6 14 12 18 4 5 6 11 30 31 35 20 6 16 17 7 26 12 21 22 9 17 19 24 11 15 42 13 21 32 2 6 6 15 15 7 2 13 3 6 11 1 2 4 9 8 9 5 28 10 19 5
19 46 13 22 18 20 24 15 48 13 16 24 17 6 29 17 15 8 28 10 10 16 16 23 18 10 19 20 22 4 6 7 13 12 14 6 5 11 3 2 13 1 4 3 2 20 30 10 7 6 10 24 30 28 35 14 8 20 14 15 24 15 8 7 21 18 9 26 11 13 36 24 37 17 3 9 4 2 6 14 6 6 6 7 13 4 5 5 6 5 6 14 16 23 17 3
21 53 21 15 9 18 23 21 14 24 15 18 18 9 13 14 13 10 52 10 7 9 14 35 10 9 15 24 18 6 7 7 15 11 18 10 4 5 8 3 14 2 3 2 2 9 6 14 3 18 13 28 31 36 19 8 13 21 12 21 29 24 36 11 12 16 8 32 7 12 10 21 29 7 3 2 4 5 9 7 7 2 1 10 9 15 10 8 4 4 2 2 5 28 14 4
20 56 44 4 12 13 32 20 12 25 13 9 6 9 6 18 4 16 13 5 8 7 15 10 21 12 10 13 9 9 4 11 13 13 10 7 9 6 11 4 14 2 3 3 2 4 11 29 9 6 21 40 40 33 6 11 17 27 15 23 12 33 17 28 18 9 7 9 7 12 16 30 13 13 8 9 1 8 12 5 9 2 1 7 6 26 21 6 5 4 4 3 2 7 13 13
9 16 44 5 14 7 22 19 10 22 18 6 2 11 7 24 7 15 10 14 7 6 15 20 14 6 6 9 11 16 2 4 9 17 12 6 8 18 5 9 16 5 3 6 3 3 3 21 25 25 38 48 35 11 7 23 26 23 17 26 26 16 8 13 26 3 8 10 11 6 11 14 11 20 8 8 5 14 9 2 15 23 5 8 2 3 9 8 4 5 1 3 6 13 4 11
11 19 37 10 11 3 5 12 11 9 13 5 1 5 11 38 9 6 11 3 9 13 14 17 10 4 6 5 11 8 6 7 14 9 4 2 8 14 12 4 9 6 5 8 6 4 8 44 29 54 63 48 5 7 10 11 21 22 13 16 28 9 21 15 10 25 43 7 5 3 4 24 7 13 15 10 9 18 15 9 13 44 10 11 4 2 4 10 24 16 8 4 11 9 6 22
9 12 38 13 17 5 5 11 3 11 18 11 4 5 8 19 9 4 10 5 9 9 8 5 8 3 16 2 7 14 6 6 14 18 6 3 12 5 5 9 1 5 1 6 20 45 65 35 37 38 23 5 7 9 15 15 18 16 10 9 10 7 13 14 2 21 10 1 1 8 6 9 23 9 22 15 13 14 19 8 17 22 8 13 7 6 6 5 6 11 11 18 5 14 21 35
12 6 3 29 7 4 2 2 2 8 25 6 6 3 5 12 4 4 16 4 5 7 6 5 3 4 4 2 1 11 5 7 7 9 6 9 5 6 1 3 3 3 2 39 30 34 67 74 43 13 5 7 7 14 12 11 16 16 12 3 1 2 12 26 23 36 4 2 2 15 21 10 11 3 27 9 22 9 21 5 13 15 14 19 11 10 3 2 4 3 2 4 15 4 18 17
12 9 6 30 2 5 6 2 11 1 12 5 4 6 8 13 5 6 12 6 2 5 4 10 2 5 1 10 1 2 4 6 12 9 3 4 18 9 2 3 8 45 54 56 66 34 52 75 51 2 5 9 10 9 2 8 9 8 8 1 1 9 32 40 28 11 5 14 14 7 17 19 6 4 11 11 22 19 36 36 44 25 8 16 12 10 9 0 2 6 7 4 5 11 22 19
9 5 3 38 4 2 2 3 13 1 3 10 4 3 3 12 4 6 19 6 3 5 4 15 3 7 3 5 7 7 3 6 8 8 6 7 8 6 5 15 33 50 74 61 74 75 65 52 3 4 11 9 9 10 4 4 16 21 6 3 2 13 32 22 12 8 11 13 14 8 16 30 44 9 6 11 11 14 18 10 5 11 14 35 25 15 6 2 7 2 10 11 7 10 32 9
6 5 3 8 18 12 4 3 13 4 3 11 1 3 2 2 6 5 7 5 2 1 0 6 2 7 8 5 11 4 3 6 3 11 5 9 5 2 7 22 16 20 45 69 74 63 4 3 9 6 6 4 8 9 5 3 3 41 8 10 5 11 7 20 14 5 15 17 12 32 25 30 5 7 9 18 16 15 14 11 15 15 19 12 19 6 8 4 6 1 2 11 5 9 28 10
6 5 2 3 24 6 5 2 7 2 2 5 4 1 0 1 2 1 5 3 4 0 1 2 6 10 6 4 7 3 6 6 5 4 7 8 4 2 9 15 9 24 19 12 11 4 11 16 11 10 5 5 3 1 2 9 3 14 14 6 6 9 3 11 5 7 6 20 21 35 11 5 7 11 12 15 34 14 17 14 20 18 22 17 21 4 7 4 9 3 12 10 5 6 9 5
5 5 4 2 12 1 2 3 9 3 1 2 9 2 1 2 2 2 5 5 2 2 1 4 11 6 4 6 3 4 3 7 7 8 6 3 6 3 17 16 47 54 19 5 8 9 3 4 6 2 2 0 3 1 3 10 2 24 9 3 5 6 12 7 2 6 7 30 26 1 5 1 3 14 29 31 19 17 9 11 17 14 18 21 14 7 7 8 4 3 8 9 6 8 6 3
2 2 5 7 7 1 3 2 5 1 1 1 4 2 2 2 1 3 1 5 2 1 0 2 6 6 7 3 1 3 2 4 4 7 2 5 6 5 13 9 10 17 11 9 12 6 5 8 13 8 2 0 1 1 4 11 3 10 9 5 5 5 7 5 2 4 13 21 4 1 2 6 4 4 7 21 24 27 7 11 14 15 22 7 15 10 8 9 11 4 5 9 4 2 2 3
8 2 3 11 16 1 2 1 4 2 1 1 2 2 2 0 2 1 2 1 1 1 1 2 3 7 6 2 2 2 1 1 5 1 3 3 4 3 19 6 9 17 6 9 2 8 2 1 3 10 7 1 0 2 1 2 9 2 9 1 1 9 8 1 5 15 17 23 4 0 1 7 5 4 7 13 23 11 5 6 13 18 14 14 8 8 13 9 5 3 8 5 4 2 1 2
5 1 0 1 2 4 1 1 2 1 1 0 0 2 1 0 1 2 2 1 1 1 1 4 3 3 4 1 2 3 1 1 1 2 4 3 7 29 10 50 44 24 5 2 1 10 7 3 3 7 4 4 1 1 3 2 13 8 1 0 0 6 7 4 11 15 16 19 1 3 4 8 23 3 5 12 12 7 4 4 11 9 7 3 7 15 5 11 2 3 3 3 1 1 2 1
2 3 1 2 0 5 2 1 0 1 1 0 0 1 1 0 1 1 6 0 0 1 1 4 2 2 2 0 1 1 2 1 1 2 3 8 15 19 46 28 23 26 11 3 3 5 1 1 1 3 6 3 2 1 3 5 2 13 4 2 3 13 4 1 6 11 9 15 3 5 8 6 9 2 3 5 8 13 7 4 1 1 2 2 3 3 2 4 2 2 1 1 0 1 0 1
2 4 4 2 0 3 1 2 0 1 1 1 1 0 2 1 1 1 1 0 0 1 2 2 2 1 2 1 1 0 1 1 1 2 4 25 28 51 72 36 6 3 7 4 3 1 5 13 3 7 13 2 3 8 4 7 2 5 4 6 2 15 4 4 8 10 7 16 3 4 5 6 6 2 1 1 5 7 29 8 2 1 4 4 2 2 1 2 1 1 0 1 0 0 1 1
