sesion_6_simulaciones/modelos_agentes/ejemplos_netlogo/scenarios/echam4_b2/rob_2016.asc
NCOLS 322 
NROWS 307 
XLLCORNER 451900 
YLLCORNER 4086900 
CELLSIZE 100 
NODATA_value -9999 
[rows 225 to 299 of 307, columns 0 to 95 of 322]
59 61 51 66 63 67 36 23 16 54 53 40 22 18 20 29 10 5 4 41 22 34 65 56 43 48 43 51 43 31 47 46 58 19 26 51 47 71 48 75 68 75 79 65 62 75 57 60 58 28 11 11 6 7 3 3 3 5 3 2 3 1 1 1 1 1 0 0 0 0 0 0 0 0 0 0 0 0 0 0 0 0 0 0 0 0 0 0 2 2 2 2 0 0 0 0
22 37 36 26 32 73 47 10 36 42 55 26 41 34 8 5 4 2 14 47 17 48 65 64 46 47 34 20 41 34 50 75 61 35 39 49 75 85 63 71 79 82 83 52 62 63 59 24 46 58 15 8 2 3 3 4 2 2 2 1 1 0 1 0 0 0 1 0 0 0 0 0 0 0 0 0 0 0 0 0 0 0 0 0 0 0 1 2 3 5 2 1 0 0 0 0
46 32 35 30 34 26 15 18 16 27 48 55 54 13 3 3 19 27 48 64 35 42 65 78 66 48 54 30 37 53 28 57 83 41 30 42 61 59 84 89 66 57 41 67 45 44 60 34 19 6 11 13 9 6 5 4 4 2 1 1 1 0 0 0 0 0 0 0 0 0 0 0 0 0 0 0 0 0 0 0 0 0 0 0 0 0 1 6 3 0 0 0 0 0 0 0
53 41 37 51 32 28 36 37 26 47 41 37 27 12 20 39 52 59 62 76 43 52 66 73 32 31 60 22 44 63 30 25 46 65 46 72 55 37 68 80 75 46 60 36 76 46 24 23 18 13 7 15 12 10 8 5 2 2 1 0 0 0 0 0 0 0 0 0 0 0 0 0 0 0 0 0 0 0 0 0 0 0 0 0 0 1 1 6 2 0 0 0 0 0 0 0
22 38 53 33 29 24 48 47 44 43 43 55 33 39 37 59 57 40 67 72 52 49 49 53 31 64 30 12 46 59 31 30 49 59 77 84 69 47 32 47 57 36 25 15 28 62 39 19 14 11 8 7 6 9 9 7 2 1 0 0 0 0 0 0 0 0 0 0 0 0 0 0 0 0 0 0 0 0 0 0 0 0 0 0 1 1 2 3 1 0 0 1 0 0 0 0
63 53 38 45 48 38 57 47 52 43 33 46 34 56 41 63 63 59 50 74 34 47 58 52 50 20 32 40 43 60 30 48 41 47 52 72 58 71 45 18 34 55 39 38 47 16 19 12 7 7 4 4 6 5 4 3 3 1 1 0 0 0 0 0 0 0 0 0 0 0 0 0 0 0 0 0 0 0 0 0 0 0 1 0 0 3 12 4 1 1 2 1 0 0 0 0
48 58 49 63 43 40 51 77 28 56 33 33 44 55 42 64 62 49 49 64 47 56 57 60 36 31 37 42 34 37 22 40 71 59 45 32 70 42 47 37 16 24 59 62 63 29 10 5 10 10 7 2 3 4 2 2 2 0 0 1 0 0 0 0 0 0 0 0 0 0 0 0 0 0 0 0 0 0 0 0 1 1 1 0 0 2 9 2 1 3 2 0 0 0 0 0
45 34 63 51 38 47 46 59 35 39 37 39 45 62 49 46 65 25 37 49 30 56 17 42 30 48 34 26 42 21 38 52 49 73 53 46 34 35 40 18 26 17 14 20 17 11 8 5 9 5 6 3 2 2 2 3 1 0 0 0 0 0 0 0 0 0 0 0 0 0 0 0 0 0 0 0 0 0 0 1 2 3 2 1 1 1 4 3 3 2 1 0 0 0 0 0
33 39 59 47 33 66 66 51 50 41 51 57 38 66 50 44 49 28 35 45 61 22 17 12 34 42 19 32 50 29 38 30 26 25 14 29 18 19 19 12 22 32 50 20 16 6 5 2 2 2 3 2 1 2 2 1 1 0 0 0 0 0 0 0 0 0 0 0 0 0 0 0 0 0 0 0 0 1 1 2 6 5 3 3 1 1 11 8 4 1 1 0 0 0 0 0
38 21 23 44 31 57 61 53 62 33 48 64 26 43 31 47 68 39 39 44 54 37 14 16 46 26 14 47 57 61 64 28 44 34 50 49 47 45 35 41 53 52 49 49 38 29 24 6 6 9 5 2 1 1 1 1 0 0 0 0 0 0 0 0 0 0 0 0 0 0 0 0 0 0 0 0 0 1 1 3 4 9 5 7 4 15 8 6 2 2 2 1 1 0 0 0
17 24 37 28 31 42 46 47 23 47 63 58 28 30 30 27 61 22 29 31 13 33 23 43 26 26 24 43 61 38 78 81 73 61 75 59 63 46 48 39 46 60 53 65 27 12 8 1 3 6 7 4 1 1 1 0 0 0 1 0 0 0 0 0 0 0 0 0 0 0 0 0 0 0 0 0 0 0 2 4 12 8 10 8 17 9 9 7 2 2 4 2 1 0 0 0
12 28 21 16 30 41 45 30 23 31 42 53 18 38 24 36 37 26 19 12 10 15 20 14 34 25 52 61 61 38 47 64 85 61 72 89 87 73 73 60 27 57 65 55 62 35 27 9 7 6 4 2 3 1 1 1 1 1 0 0 0 0 0 0 0 0 0 0 0 0 0 0 0 0 0 0 0 0 1 1 11 21 19 5 5 32 8 9 6 5 2 2 1 1 0 0
6 12 12 29 23 46 26 46 33 47 27 17 27 11 25 26 11 71 13 27 68 58 40 26 20 15 19 33 30 38 41 35 37 74 61 81 85 79 79 70 61 27 63 64 61 30 34 12 7 5 2 1 1 1 0 0 0 0 0 0 0 0 0 0 0 0 0 0 0 0 0 0 0 0 1 0 0 1 1 1 9 23 17 4 20 22 12 17 14 5 4 3 2 1 1 1
7 7 17 24 46 21 31 35 31 39 25 31 17 9 14 10 7 4 40 44 45 63 63 41 29 15 31 29 29 35 30 40 35 34 24 53 84 60 74 39 50 42 38 48 41 29 11 4 11 8 3 3 2 2 1 0 0 0 0 0 0 0 0 0 0 0 0 0 0 0 0 0 0 1 2 1 1 1 2 5 15 28 11 10 22 5 2 4 5 2 1 2 1 1 1 0
5 5 10 6 9 24 30 32 26 17 27 19 11 5 7 16 9 10 9 30 31 16 65 57 28 9 35 53 40 40 40 26 34 43 22 24 54 64 58 48 44 32 35 24 24 28 20 6 2 5 4 3 2 2 1 0 0 0 0 0 0 0 0 0 0 0 0 0 0 0 0 0 0 1 2 3 1 1 2 12 19 48 12 13 32 7 6 3 2 1 1 1 1 1 0 0
0 2 3 8 6 12 16 16 24 24 14 9 7 5 8 8 16 14 26 42 17 11 14 49 57 20 42 56 55 52 59 44 44 52 39 25 18 47 30 31 14 15 8 12 11 9 2 7 3 2 3 1 1 1 1 1 1 0 0 0 0 0 0 0 0 0 0 0 0 0 0 0 0 1 1 4 8 3 8 9 38 35 30 46 9 9 8 5 5 5 2 2 1 1 0 0
0 1 3 6 4 6 11 15 12 15 16 5 10 8 7 6 13 30 43 22 11 7 13 58 39 41 45 30 17 29 38 38 43 40 38 37 16 12 11 8 13 7 3 3 4 6 4 5 2 1 2 1 1 1 1 1 0 0 0 0 0 0 0 0 0 0 0 0 0 0 0 0 1 1 1 1 16 3 5 24 45 29 37 40 26 17 8 16 12 2 2 1 1 0 0 0
0 0 1 1 2 3 4 7 10 11 11 8 4 4 13 13 8 17 36 40 20 13 9 19 20 26 29 53 22 50 59 40 35 40 35 43 31 14 7 3 3 5 6 5 6 6 3 1 1 2 1 1 1 1 1 0 0 0 0 0 0 0 0 0 0 0 0 0 0 0 1 0 0 1 5 4 16 8 13 35 51 48 28 32 15 6 5 12 6 5 1 1 0 0 0 0
0 1 0 1 3 2 1 12 5 4 3 6 25 33 52 46 25 10 11 11 18 15 12 25 46 47 46 42 45 44 54 54 49 48 42 47 38 48 22 7 6 3 3 3 3 2 2 1 0 1 1 1 1 1 0 0 0 0 0 0 0 0 0 0 0 0 0 0 0 0 1 1 0 1 4 5 19 34 20 42 48 50 45 32 14 17 8 8 7 3 1 1 0 0 0 0
0 0 0 0 1 2 1 7 3 1 1 10 5 5 20 53 25 10 8 8 14 18 19 20 14 20 47 64 62 64 59 59 62 65 60 50 46 45 45 35 11 6 5 5 4 2 1 1 1 1 1 1 1 0 0 0 0 0 0 0 0 0 0 0 0 0 0 0 1 1 1 1 1 2 11 5 3 32 71 46 56 50 35 22 12 7 1 4 7 3 1 0 0 0 0 0
0 0 0 0 0 2 3 1 1 11 19 31 15 12 15 9 7 5 11 17 19 38 22 28 46 29 10 32 33 65 67 65 76 80 65 47 59 64 58 37 13 10 7 8 7 6 2 4 2 1 0 0 0 0 0 0 0 0 0 0 0 0 0 0 0 0 0 1 1 2 2 2 1 3 10 18 5 29 54 45 36 19 10 4 5 7 2 2 2 1 1 0 0 0 0 0
0 0 0 0 0 2 1 0 3 3 1 2 9 22 27 11 10 16 10 29 43 25 27 46 31 44 29 11 10 51 38 69 84 70 67 64 46 47 52 44 29 28 15 6 9 11 3 3 2 1 1 1 0 0 0 0 0 0 0 0 0 0 0 0 0 0 0 1 1 3 3 5 2 2 12 25 26 21 56 25 14 7 10 6 4 1 1 2 3 2 1 1 1 0 0 0
0 0 0 0 2 0 0 2 1 3 2 3 7 13 5 5 21 34 19 39 26 34 42 38 33 43 50 27 21 16 22 14 51 58 50 44 33 43 31 16 11 6 4 3 5 8 3 2 1 1 1 0 0 0 0 0 0 0 0 0 0 0 0 0 0 0 1 1 1 3 8 5 7 3 5 24 30 64 31 16 18 9 7 6 7 2 3 3 2 1 1 1 1 1 0 0
0 0 0 2 0 0 3 0 3 5 9 21 12 7 3 20 23 49 36 20 15 22 18 32 24 27 41 35 55 52 29 39 42 28 14 23 24 26 13 13 5 4 2 3 2 2 2 3 1 1 1 0 0 0 0 0 0 0 0 0 0 0 0 0 0 0 0 0 1 1 3 13 21 4 3 19 18 57 19 24 12 9 5 6 6 5 4 1 1 1 1 2 1 0 0 0
0 0 0 1 0 2 0 0 1 2 8 18 10 4 19 25 44 22 53 20 20 23 24 29 40 38 70 58 28 24 18 19 40 45 29 21 31 30 21 14 14 8 14 8 3 3 2 2 1 1 0 0 0 0 0 0 0 0 0 0 0 0 0 0 0 0 1 1 1 1 2 3 10 16 7 14 49 39 27 18 7 12 10 5 2 4 4 2 3 3 1 1 0 0 0 0
0 0 3 0 1 5 0 1 1 3 6 4 9 6 17 29 40 17 25 21 28 27 28 28 75 76 70 47 63 66 55 37 52 49 38 32 35 44 27 20 23 14 7 5 4 3 5 5 2 1 1 1 1 1 0 0 0 0 0 0 0 0 0 0 0 0 1 2 3 1 1 2 7 18 28 18 60 39 35 34 24 10 11 12 8 6 7 4 3 3 3 1 1 0 0 0
0 0 1 0 2 0 1 1 3 8 11 14 13 10 21 34 46 39 13 31 25 27 38 44 57 75 78 63 36 46 47 40 26 26 34 25 23 28 21 36 35 14 14 11 12 10 6 6 3 2 2 2 1 1 0 0 0 0 0 0 0 0 0 0 0 1 3 3 2 2 2 3 6 7 6 51 62 38 26 25 14 15 24 15 13 15 10 11 5 3 1 1 0 0 0 0
0 2 0 2 1 0 1 2 12 28 50 19 6 17 23 15 18 20 12 18 19 31 39 63 62 34 58 59 47 64 64 50 25 16 17 16 27 31 38 30 19 16 36 24 24 14 6 3 2 1 0 1 1 0 0 0 0 0 0 0 0 0 0 0 1 1 3 3 3 6 5 4 17 25 23 34 58 45 20 23 21 26 21 9 12 11 8 4 6 2 1 1 1 0 0 0
0 1 0 2 0 1 6 23 37 24 57 53 13 14 28 20 17 3 7 11 9 12 16 44 18 25 42 64 66 69 85 47 62 41 22 12 21 58 41 37 40 6 7 2 3 6 3 4 2 1 1 1 1 1 0 0 0 0 0 0 0 0 0 0 1 4 3 3 2 13 26 6 24 46 58 48 36 34 27 14 20 16 16 23 14 9 4 3 3 2 2 2 1 1 0 0
0 0 0 3 1 1 2 5 10 16 8 6 17 21 29 27 43 15 15 13 14 11 27 31 10 7 9 39 42 33 44 76 52 65 57 48 40 36 28 30 32 27 16 16 12 5 5 6 3 2 2 1 1 0 0 0 0 0 0 0 0 0 1 1 1 3 4 4 3 3 15 39 18 42 61 63 46 28 37 26 35 33 16 9 12 9 5 2 3 5 3 2 1 0 0 0
2 0 2 1 0 1 4 9 17 14 14 26 22 19 24 25 40 17 8 25 28 20 26 47 18 3 17 10 24 30 13 21 56 48 55 51 25 8 7 7 14 15 12 13 16 17 7 3 4 3 1 2 1 1 0 0 0 0 0 0 0 0 1 2 4 6 4 3 11 9 7 9 41 58 47 65 45 42 60 50 14 11 10 11 9 5 7 4 4 2 1 1 0 0 0 0
1 0 3 0 1 2 3 3 6 9 16 26 12 19 19 18 26 3 7 10 9 42 34 51 38 15 16 24 32 22 24 10 8 14 16 13 11 10 8 5 3 5 4 5 12 10 4 7 5 4 2 2 1 1 1 1 0 0 0 0 0 0 1 3 6 6 4 7 9 25 16 18 14 19 40 47 63 55 31 29 22 28 20 21 13 8 12 7 2 1 1 1 0 0 0 0
0 1 1 1 0 0 1 2 6 6 13 19 16 15 17 33 23 6 8 7 15 44 48 43 19 3 19 38 25 38 39 14 40 45 43 34 28 20 18 7 5 5 17 20 18 7 9 6 6 5 4 2 2 1 1 1 0 0 0 0 0 0 2 4 5 11 6 9 11 11 52 35 28 24 14 56 40 61 46 38 39 48 39 26 16 18 9 5 2 1 1 1 0 0 0 0
1 1 0 0 0 1 2 1 4 6 7 14 39 42 44 53 42 13 6 5 37 43 45 34 21 41 10 37 35 43 28 44 43 27 29 28 21 17 7 12 26 29 13 13 7 9 7 5 7 4 4 3 2 1 1 1 0 0 0 0 0 0 1 5 16 13 7 15 13 12 14 32 53 15 11 23 65 76 68 54 46 40 35 33 23 11 10 4 6 2 1 0 0 0 0 1
1 0 0 0 1 1 0 1 1 10 17 21 37 49 47 22 9 5 3 20 33 35 41 52 49 22 25 31 25 24 31 68 32 30 33 32 28 16 20 22 41 29 26 19 18 15 12 8 10 7 6 3 2 1 1 1 0 0 0 0 0 0 1 3 12 10 21 26 19 36 39 49 53 26 28 42 62 57 57 44 41 33 27 27 16 10 8 8 7 4 1 1 0 0 0 1
0 0 0 0 0 0 2 2 3 16 25 28 30 82 43 18 23 14 9 26 27 27 29 19 15 14 46 17 32 25 49 35 46 52 38 35 31 31 35 28 20 31 31 32 27 23 14 18 12 4 3 2 2 2 2 1 0 0 0 0 0 0 1 3 8 9 9 20 41 33 57 51 59 31 55 55 60 59 38 36 35 31 19 12 10 9 7 5 4 3 2 1 0 1 1 2
0 0 0 0 0 1 1 1 4 13 21 24 11 27 20 4 17 18 25 20 22 36 33 17 13 29 19 29 42 62 65 53 50 49 35 38 46 44 43 37 40 52 46 25 18 27 22 19 9 5 4 3 2 1 1 1 1 0 0 0 0 1 1 4 6 11 10 14 36 63 60 61 53 80 65 46 33 34 40 38 30 27 26 16 10 11 4 8 4 2 2 1 1 1 1 1
0 0 0 1 0 1 0 1 10 8 13 12 6 2 2 4 17 16 12 21 21 18 20 35 32 16 19 46 63 30 24 24 45 40 47 50 50 47 44 40 43 51 33 30 38 27 25 21 8 7 4 3 2 1 1 1 0 0 0 0 0 0 2 5 10 10 11 12 14 21 36 47 56 66 17 41 38 35 28 25 23 19 14 24 16 12 9 6 3 2 2 1 1 2 2 3
0 1 0 1 1 0 0 1 7 15 22 17 14 18 16 8 3 6 6 28 34 19 58 56 25 27 32 47 30 29 29 35 38 34 46 51 52 49 39 65 48 36 31 36 12 22 29 24 18 12 3 2 2 2 2 1 1 1 0 0 0 0 1 5 8 12 36 21 27 31 33 24 39 60 47 52 50 32 31 27 29 22 22 20 15 4 4 2 3 5 2 0 1 4 5 5
0 1 1 2 1 1 1 4 13 26 26 8 9 18 20 14 8 3 7 34 29 57 42 20 26 44 32 29 30 31 39 34 24 36 42 62 42 40 56 48 40 57 58 22 32 27 24 23 13 5 3 4 4 3 2 2 1 1 0 0 0 0 1 3 7 18 37 61 31 44 38 26 31 68 75 40 43 47 45 27 21 21 27 17 9 3 6 4 3 2 1 0 2 6 6 6
0 0 1 1 1 3 7 15 24 29 5 4 6 3 2 5 10 4 13 24 25 29 12 19 38 16 13 25 30 33 52 39 29 35 49 55 49 63 67 61 41 33 31 38 29 29 15 14 10 8 6 7 6 2 2 2 2 1 1 0 0 1 1 4 9 15 34 54 55 56 44 49 55 71 44 41 35 32 38 39 24 51 29 10 11 12 7 3 2 1 0 1 3 7 7 10
0 1 0 1 4 0 1 6 12 7 1 4 9 10 11 14 23 12 30 14 13 10 7 19 19 25 29 36 49 39 35 26 29 35 60 43 75 71 68 37 25 22 27 37 40 28 23 20 15 12 9 7 4 2 2 1 1 1 1 1 0 1 2 6 15 20 21 28 54 73 67 32 40 70 43 47 65 59 54 57 47 28 21 16 15 13 4 3 1 1 1 3 5 7 6 11
1 0 1 1 0 0 1 5 7 6 1 8 11 15 17 18 10 14 37 25 27 23 4 24 27 41 43 38 31 20 29 31 33 39 75 41 26 17 17 31 32 45 54 54 45 32 24 22 11 16 7 5 5 2 2 1 1 1 1 1 0 2 4 6 19 22 23 15 34 64 69 47 56 68 45 29 48 69 66 60 52 21 23 20 15 12 4 2 4 1 3 5 3 9 11 13
0 0 0 0 0 1 1 2 12 17 3 8 13 4 7 6 8 40 24 16 18 22 20 18 43 32 33 38 25 29 40 40 29 76 30 24 49 53 50 46 58 62 52 52 49 44 32 23 12 10 9 7 6 5 3 2 2 1 1 0 1 3 9 26 27 28 21 31 44 53 71 45 45 59 73 53 53 52 64 62 43 40 23 21 16 8 4 1 1 3 4 3 5 8 24 17
0 0 0 0 1 0 1 7 8 9 14 11 4 3 6 9 15 24 20 32 20 24 19 22 37 36 32 33 38 31 42 45 51 38 13 39 45 50 59 82 58 54 61 58 52 45 28 20 13 8 9 8 7 4 4 2 2 2 1 1 2 6 7 20 26 26 25 39 50 47 78 73 53 70 67 55 59 58 52 44 47 29 19 15 13 6 2 1 1 6 3 6 10 11 29 17
0 0 0 0 1 1 1 1 2 8 6 2 3 6 8 7 22 12 10 38 58 31 9 16 52 35 45 39 24 29 60 84 52 13 24 54 43 71 74 66 62 69 64 42 42 36 31 23 12 13 11 10 7 6 5 4 4 3 2 2 2 3 7 11 28 48 39 60 67 59 56 59 57 65 75 74 56 48 36 34 31 24 16 16 11 5 1 1 4 6 7 15 21 17 24 18
0 0 0 1 2 0 2 4 5 6 5 9 8 5 3 22 13 18 24 38 22 12 21 37 10 42 34 25 49 53 69 46 18 27 59 33 56 48 58 78 79 57 43 69 55 30 32 29 22 16 13 12 8 7 6 5 4 2 2 3 4 8 6 8 11 32 62 69 69 71 81 82 57 70 57 49 32 37 46 45 27 23 13 17 11 2 1 4 4 8 16 21 22 13 24 24
0 0 0 1 0 1 4 1 1 3 6 7 4 1 1 36 11 5 7 8 12 17 34 16 8 28 17 24 64 58 47 14 19 33 58 72 53 59 71 74 71 58 59 28 35 27 36 42 24 21 16 14 12 9 9 6 3 2 4 7 5 11 11 14 18 32 44 77 62 63 46 70 54 39 39 49 56 42 34 31 23 13 19 12 3 1 3 5 9 9 12 20 34 27 30 27
0 0 2 1 0 1 2 1 3 2 4 3 3 4 7 32 11 9 10 8 30 18 21 4 29 38 22 46 75 45 30 17 26 30 73 74 70 61 62 64 60 63 47 32 37 63 43 34 29 35 22 16 14 11 10 7 4 2 8 11 19 27 19 24 21 33 55 62 76 61 54 45 52 60 51 65 47 46 36 30 16 15 7 3 2 3 7 10 10 21 22 16 18 27 23 21
0 0 1 0 0 0 1 1 2 1 2 7 2 7 23 12 11 7 20 27 19 21 12 20 55 25 28 60 51 36 40 29 51 64 75 64 61 63 53 40 40 58 65 54 60 45 44 42 46 30 24 31 8 13 11 5 2 7 14 15 35 40 28 45 34 25 36 74 77 39 76 54 51 61 61 57 50 47 39 23 15 14 4 4 3 7 11 14 13 18 27 18 20 30 35 26
0 1 1 0 1 2 3 3 1 1 3 3 4 18 4 6 8 16 22 25 16 12 17 20 41 32 34 65 30 27 37 35 62 61 55 57 49 57 48 53 59 59 59 72 53 49 46 58 39 33 43 25 19 16 8 6 3 8 24 25 31 52 42 55 57 39 42 55 84 41 43 78 75 58 55 54 60 43 44 36 16 11 3 3 4 10 16 23 28 28 29 32 23 29 45 35
0 1 0 0 1 3 7 1 0 1 3 1 12 5 6 9 13 4 3 18 10 15 34 29 37 48 41 19 30 35 45 55 61 62 29 20 56 48 55 46 49 59 63 71 68 52 68 40 56 54 30 25 24 18 10 7 4 9 28 38 38 58 42 48 66 43 63 44 73 48 52 72 50 65 61 54 47 45 62 28 19 4 3 5 11 12 18 28 21 15 22 42 20 24 39 56
0 0 0 1 1 1 1 3 1 3 2 2 7 5 4 6 4 4 2 4 7 13 27 31 23 43 33 22 37 31 40 19 43 27 17 40 28 33 39 61 64 66 69 70 58 40 57 63 56 42 39 28 26 20 17 9 10 12 33 58 63 63 58 48 64 64 33 42 85 51 69 64 59 58 50 41 49 22 17 18 5 3 5 11 13 17 28 30 17 21 33 20 13 15 26 57
0 0 0 1 2 2 2 1 1 2 1 3 4 9 6 14 11 2 3 2 2 20 22 14 30 45 24 48 48 50 66 55 43 23 15 18 36 35 37 34 41 63 50 55 63 32 24 25 38 39 43 33 28 25 12 7 13 23 37 51 79 73 54 55 61 64 63 30 71 20 28 41 48 55 54 54 50 43 26 21 7 3 7 12 16 35 45 36 26 27 33 33 29 16 26 45
0 0 2 4 4 3 2 1 2 1 3 6 13 7 9 13 18 6 14 4 20 32 18 36 42 27 25 8 9 23 49 18 19 12 19 25 17 24 25 27 60 54 42 54 34 36 38 47 46 57 40 40 33 18 15 9 16 28 44 57 70 55 58 64 72 46 45 55 68 36 37 31 29 20 34 46 35 31 17 12 4 8 14 16 20 42 40 17 30 41 26 40 21 23 28 50
1 2 1 1 1 1 1 1 1 4 4 10 21 20 13 30 13 5 15 19 36 17 16 31 28 18 6 14 13 29 30 12 11 28 36 31 36 31 34 49 41 48 65 40 42 42 57 50 60 45 40 38 35 20 7 17 22 53 51 60 64 71 61 73 75 57 41 68 56 37 47 59 54 55 54 47 33 12 8 3 6 15 17 20 25 51 53 18 21 43 29 47 25 27 31 67
0 1 3 3 3 5 3 3 2 2 8 9 14 14 2 4 1 2 10 32 26 16 23 11 31 35 10 10 15 34 15 11 15 36 49 28 29 35 41 24 57 52 39 52 46 58 58 66 64 52 58 40 25 23 12 23 29 51 69 58 64 75 58 49 73 74 45 54 63 63 64 47 46 44 32 36 24 11 4 12 12 19 24 39 36 52 60 31 32 33 19 52 31 31 35 50
2 8 10 19 21 12 6 6 6 6 7 4 7 4 16 5 4 8 20 20 27 21 18 9 13 18 7 11 19 34 14 14 58 44 22 20 27 32 37 45 70 57 62 42 52 70 70 55 53 68 52 32 27 25 15 39 56 51 59 75 67 75 79 58 84 83 54 59 58 60 46 44 57 43 40 21 22 16 9 23 25 24 31 47 38 44 51 46 50 33 32 55 32 35 29 45
14 17 23 8 19 41 17 7 3 8 1 1 4 7 6 4 4 22 33 15 10 21 11 12 23 31 9 7 13 24 27 53 26 12 24 23 14 10 42 40 56 34 69 58 64 74 45 55 67 60 43 37 31 29 28 47 60 62 64 77 65 72 78 73 71 80 60 29 46 71 49 53 53 53 39 37 35 26 18 27 30 43 39 49 38 35 47 49 45 41 37 57 34 28 36 44
2 14 21 3 1 10 15 16 1 0 2 6 6 6 11 6 8 17 13 14 6 7 21 8 33 47 16 10 24 28 42 50 26 26 27 6 8 12 25 46 38 51 63 66 65 59 60 58 59 56 43 39 34 34 37 45 58 75 67 67 84 64 75 80 70 53 24 19 14 36 47 59 53 47 38 32 23 10 19 29 31 46 42 53 40 53 63 64 51 48 36 47 52 19 41 49
3 3 2 4 3 0 0 1 1 2 4 1 1 4 11 7 12 19 4 8 3 9 7 10 26 21 6 7 14 19 12 18 29 20 18 17 13 6 56 21 33 21 60 49 71 55 57 44 62 59 40 38 36 36 41 64 62 76 77 77 76 74 72 77 37 29 48 60 44 48 45 45 46 31 27 20 9 18 31 31 35 51 55 36 52 52 64 66 52 50 36 46 52 24 27 59
2 3 8 2 2 3 0 2 1 2 3 2 1 4 1 2 11 5 8 10 5 19 21 20 30 21 6 7 8 10 9 27 29 21 29 20 30 10 52 30 8 27 61 53 66 57 58 69 60 54 48 41 40 60 60 59 66 67 77 63 74 80 63 58 52 45 50 66 52 37 60 56 66 58 41 11 19 20 33 48 55 42 57 42 55 68 66 62 50 52 38 45 57 49 24 41
0 4 3 5 5 1 1 5 2 4 3 1 1 3 1 5 8 16 5 11 31 13 17 26 44 25 6 9 7 23 23 19 22 46 21 28 32 19 72 48 15 36 23 60 56 47 64 45 57 53 42 44 40 59 74 64 63 62 75 83 67 76 68 51 52 36 41 39 42 31 55 59 63 68 28 18 23 35 32 53 56 56 55 57 42 68 67 69 57 59 28 49 44 44 35 26
2 3 1 1 1 2 2 4 1 1 3 1 2 2 4 6 5 13 3 6 14 29 22 32 24 5 2 2 2 18 24 11 17 25 32 45 21 23 48 57 31 40 24 63 50 42 48 38 55 50 57 42 42 52 60 86 57 65 60 61 75 54 57 50 33 34 48 40 43 37 58 57 34 46 19 17 38 37 37 41 57 57 57 55 55 70 67 77 63 54 38 56 54 29 36 23
2 1 2 1 1 3 1 2 0 2 1 1 2 1 7 9 4 7 5 3 3 4 3 6 4 4 4 1 7 7 20 24 32 23 31 33 20 17 17 71 44 47 42 56 22 53 43 54 58 41 52 41 42 38 64 67 75 63 59 44 65 39 34 45 37 31 45 37 52 43 48 46 34 21 25 39 40 42 42 39 46 59 70 57 55 74 74 75 70 50 37 63 50 44 40 21
2 3 2 1 1 3 2 0 1 4 1 1 1 1 5 4 3 5 11 5 5 5 9 9 8 25 12 4 2 4 11 23 29 29 30 26 25 19 12 44 75 64 43 28 24 35 35 55 40 23 51 41 42 37 51 75 64 74 55 30 41 13 13 14 20 22 37 51 52 54 56 36 21 22 45 45 48 62 59 45 43 56 56 66 72 81 62 78 60 47 40 71 50 59 32 21
0 0 2 1 6 1 0 0 1 1 2 1 1 1 6 3 2 4 2 2 2 5 5 21 30 5 6 3 4 2 2 7 9 28 19 9 27 18 18 28 81 64 35 21 25 39 53 26 40 20 33 48 39 58 62 56 50 54 67 35 38 23 25 13 35 49 45 45 46 35 40 35 16 26 40 41 62 53 52 40 39 28 57 69 67 59 72 77 70 50 35 72 51 55 50 20
0 0 1 1 4 2 1 1 1 0 3 1 0 3 6 5 6 2 3 2 12 10 10 11 8 9 15 7 3 2 12 12 5 11 11 9 37 4 4 27 52 56 40 27 22 67 50 26 21 35 48 49 35 55 74 57 70 39 58 53 35 30 31 18 27 26 28 33 47 46 24 21 25 40 37 42 38 45 33 15 34 41 56 58 67 65 81 75 36 58 33 65 67 34 24 29
0 0 1 0 3 2 1 1 1 1 2 1 4 4 4 4 1 2 6 2 2 3 3 7 12 26 9 4 5 3 17 13 15 20 16 15 19 8 13 17 40 49 47 37 33 78 41 38 26 32 46 39 43 72 75 61 69 47 43 44 28 10 13 48 39 37 41 33 50 23 24 27 42 39 38 38 51 54 43 33 39 57 52 70 67 71 70 81 45 54 42 38 66 25 21 27
0 0 0 0 1 0 1 4 1 3 5 5 3 1 3 5 2 1 3 3 3 3 11 18 23 9 6 10 2 3 10 20 21 37 27 23 27 18 18 27 41 56 39 50 21 47 36 54 37 19 20 48 56 59 70 60 62 46 36 36 24 9 18 28 40 49 44 34 38 37 42 40 39 42 54 25 31 57 44 31 48 52 50 65 59 67 50 65 60 48 74 42 50 25 29 28
0 0 0 1 0 2 2 1 1 5 8 4 1 1 2 3 0 2 1 3 3 4 28 15 12 14 17 23 14 15 6 22 22 37 17 32 26 34 33 30 28 37 39 57 17 48 51 53 41 34 37 52 47 44 62 42 44 51 31 20 10 19 19 21 25 35 28 52 58 44 41 38 38 54 38 22 27 58 57 34 44 50 45 46 70 69 31 42 62 71 63 46 35 21 36 43
0 0 1 0 0 1 1 1 3 1 2 3 2 1 3 1 1 0 2 1 5 12 6 23 19 9 5 19 15 31 18 19 24 18 17 50 14 13 30 14 22 54 66 35 19 18 68 45 55 28 37 51 51 31 38 56 46 38 22 15 10 12 28 25 30 34 45 50 60 42 36 32 50 48 56 41 24 42 60 51 49 35 41 23 39 69 55 15 55 48 62 39 42 31 28 24
0 0 0 0 0 0 1 1 2 2 2 1 1 0 3 1 1 1 1 2 5 7 6 7 8 8 10 22 33 22 18 27 22 18 25 42 12 7 41 16 20 41 32 28 28 40 60 44 32 22 31 43 37 28 44 26 31 22 12 11 14 23 16 19 18 36 46 51 70 42 35 34 44 47 48 36 31 42 46 60 50 43 39 20 16 33 58 47 16 51 44 43 36 24 15 20
0 0 0 0 0 0 0 1 1 1 1 1 1 0 3 0 1 0 2 2 3 4 4 8 8 8 7 18 22 20 13 23 9 27 16 20 9 13 31 19 17 47 25 39 21 35 45 25 20 20 16 19 42 44 20 30 14 14 8 3 11 8 10 9 26 25 48 55 39 36 32 31 44 44 25 27 41 44 29 59 49 51 32 17 13 26 28 22 33 38 23 21 13 17 12 56
0 0 0 0 0 0 0 0 0 0 1 0 0 1 4 1 0 1 3 1 2 2 2 4 5 9 5 12 4 6 3 10 9 22 17 15 14 20 16 10 10 42 31 39 27 65 20 14 14 27 15 34 40 40 48 23 15 8 9 8 15 5 6 22 23 47 58 44 34 34 33 27 42 59 36 29 19 32 24 38 47 48 53 12 12 8 21 10 12 31 24 15 11 13 9 45
