sesion_6_simulaciones/modelos_agentes/ejemplos_netlogo/scenarios/echam4_b2/rob_2043.asc
NCOLS 322 
NROWS 307 
XLLCORNER 451900 
YLLCORNER 4086900 
CELLSIZE 100 
NODATA_value -9999 
[rows 146 to 218 of 307, columns 0 to 95 of 322]
1 0 0 1 2 2 5 2 4 1 13 17 5 16 13 11 17 10 5 2 1 1 1 1 2 1 1 1 1 0 1 1 1 1 3 4 2 4 7 13 13 15 19 18 2 15 17 18 22 13 10 25 25 16 7 7 13 29 22 20 14 43 31 23 11 25 24 32 56 52 43 70 52 70 58 73 77 71 78 69 42 66 77 63 43 45 65 37 67 77 63 64 62 63 60 77
5 6 7 2 13 2 1 1 6 4 9 24 13 51 24 21 42 21 7 7 6 3 1 1 0 0 1 1 1 1 1 0 1 2 1 1 3 3 4 2 4 9 16 33 25 12 21 13 16 16 20 11 11 39 54 25 24 20 17 21 32 30 37 19 23 33 49 30 45 58 42 55 63 60 78 52 66 61 75 65 24 37 49 59 35 9 13 27 68 64 66 71 36 41 32 67
0 6 6 4 7 15 12 7 2 2 2 40 39 40 29 43 51 38 23 36 14 17 4 2 0 0 0 1 0 0 1 0 0 0 0 1 1 2 1 2 9 8 8 8 11 7 16 13 10 24 11 10 17 10 15 32 27 13 9 23 39 40 36 23 36 51 50 33 38 70 64 64 37 42 68 78 26 24 20 36 35 28 13 18 52 41 13 8 32 27 22 25 43 39 23 42
1 5 7 15 13 22 17 23 23 4 7 22 34 61 53 57 68 33 45 40 36 29 4 10 2 0 0 0 0 0 4 3 0 1 0 1 1 1 1 2 4 3 2 4 12 43 23 13 7 8 6 17 20 18 5 5 7 4 25 21 21 56 34 25 35 55 51 50 53 65 38 17 12 48 37 33 63 15 15 41 37 22 28 20 9 43 20 12 9 15 6 29 19 42 28 10
2 1 3 12 12 28 27 7 14 17 12 12 67 72 64 37 79 58 59 61 41 17 7 4 6 2 0 1 0 1 1 2 1 2 3 3 1 2 2 3 2 2 5 14 33 21 13 10 7 7 8 10 12 12 22 14 23 24 24 25 37 55 24 26 54 56 66 70 49 14 53 32 32 44 67 29 31 10 3 10 23 24 17 31 13 15 35 23 10 13 8 6 11 13 19 7
0 1 2 1 2 3 3 4 5 6 14 7 27 59 53 46 76 73 68 30 6 5 8 15 18 8 3 1 1 0 0 1 15 6 13 18 25 3 2 3 9 7 31 36 9 9 4 9 6 4 12 11 13 11 16 12 29 30 33 33 53 51 43 33 54 72 65 47 76 39 18 54 59 30 36 13 26 44 19 9 11 19 21 12 16 9 13 38 27 14 11 5 4 12 16 15
6 2 1 1 2 3 4 6 7 10 8 16 9 9 8 6 7 12 17 15 8 32 35 23 40 11 28 4 4 5 2 4 8 1 0 0 4 17 2 1 7 7 11 15 12 21 23 31 14 7 12 13 17 13 5 13 19 51 28 52 48 58 69 86 85 71 69 38 37 84 40 36 34 40 22 6 11 12 38 24 12 13 25 19 11 15 10 12 28 11 8 7 2 2 6 7
11 6 5 3 4 2 4 4 2 4 17 12 11 19 11 11 4 16 26 42 73 48 67 33 33 11 9 10 4 16 10 1 1 1 2 0 1 2 7 2 1 37 5 14 14 8 4 8 20 11 19 26 23 17 8 11 20 42 61 56 76 66 78 76 79 76 68 22 31 70 73 56 35 22 31 18 14 10 21 13 20 14 12 19 13 10 9 9 39 20 5 4 5 2 7 9
37 13 27 11 12 20 22 3 3 3 4 7 12 30 27 9 5 14 45 50 64 81 64 75 46 36 37 32 11 17 32 26 5 1 2 2 5 5 5 8 1 21 12 8 17 3 5 8 5 17 28 39 52 39 41 19 27 42 63 68 46 34 73 77 74 68 66 49 33 49 80 31 34 22 15 11 19 6 18 35 14 20 17 9 9 7 8 6 11 8 15 5 3 2 1 2
46 33 44 19 30 19 12 19 4 3 5 4 29 16 11 24 14 10 13 49 65 49 53 63 39 38 36 35 11 3 13 50 58 24 15 5 6 7 7 10 5 18 47 14 17 11 4 5 6 11 11 13 29 10 14 39 29 53 40 20 20 22 30 53 58 22 32 20 49 60 56 51 27 21 26 10 10 14 13 26 21 12 16 13 6 7 6 6 6 5 7 9 5 2 2 1
30 39 42 58 60 29 15 53 9 3 5 7 9 10 25 26 17 29 16 11 14 46 56 15 28 52 23 52 23 5 4 7 29 47 34 17 9 8 6 11 9 18 59 10 13 17 12 18 21 24 26 30 21 19 28 22 36 67 51 47 50 45 23 14 9 26 20 26 19 36 37 53 59 29 13 8 10 13 15 21 23 34 8 11 6 5 4 2 3 6 5 1 7 2 1 1
49 72 54 77 50 19 46 64 20 14 14 9 28 52 31 19 34 26 18 15 17 14 11 44 38 15 17 43 50 18 12 7 6 47 41 37 39 30 25 33 29 21 61 58 17 14 18 20 23 26 39 44 23 42 45 18 22 41 54 38 36 22 13 22 22 7 3 15 33 40 43 53 26 28 13 11 15 14 22 16 16 12 15 5 5 4 2 1 2 2 3 2 3 3 1 0
36 76 33 73 36 58 65 62 12 31 30 12 8 10 23 24 32 59 50 65 24 12 18 12 21 16 25 66 24 65 20 31 26 44 17 38 36 60 36 24 32 16 43 61 61 19 15 14 31 22 22 19 17 37 43 20 38 68 69 69 36 43 46 38 35 15 14 20 26 28 27 37 27 15 25 6 11 20 17 18 9 7 10 7 2 2 1 0 1 2 2 3 2 2 2 1
15 69 49 65 58 68 63 20 25 47 47 28 25 13 13 8 13 21 21 62 35 13 15 15 58 58 49 54 23 63 65 19 19 34 57 63 49 76 80 40 35 15 16 54 59 46 33 18 25 12 7 11 37 39 33 27 35 25 22 23 19 36 54 46 47 30 30 29 21 23 26 23 16 23 6 11 10 13 8 6 6 5 4 5 6 4 2 4 2 1 1 1 2 2 1 1
14 13 10 47 64 65 22 19 61 34 49 63 45 26 18 19 26 25 31 17 25 42 36 11 49 49 55 65 64 34 81 74 30 13 33 76 72 51 51 56 59 14 16 61 74 74 35 23 26 26 19 13 64 31 79 81 79 73 79 67 44 26 34 31 31 28 30 32 25 15 16 22 17 20 9 13 7 7 7 9 4 4 3 6 3 2 3 3 1 2 2 1 1 1 0 0
12 44 27 22 21 44 30 69 72 45 41 59 39 39 16 24 19 21 30 22 27 29 31 13 58 68 57 81 72 53 72 83 75 40 33 8 25 55 36 18 27 16 11 78 79 74 54 49 39 55 80 87 71 40 37 75 74 33 39 63 55 32 47 37 31 24 22 37 27 11 12 13 14 14 9 10 8 9 5 4 3 3 1 2 2 1 2 1 1 1 1 1 0 0 0 1
35 38 28 45 36 17 47 81 68 73 9 42 57 58 68 34 47 20 20 19 21 12 37 59 82 56 82 87 72 72 50 66 78 51 45 24 54 72 79 83 66 48 26 51 80 66 53 83 46 55 79 80 90 62 38 79 87 56 39 30 70 68 28 55 36 31 19 21 18 13 15 13 11 8 7 8 6 5 4 2 1 1 2 1 2 1 1 1 1 1 0 0 0 0 0 0
24 29 53 36 27 9 42 67 46 78 26 34 69 53 70 52 23 39 29 46 47 49 19 51 65 72 82 83 60 82 65 80 72 74 71 75 66 74 80 73 15 58 63 30 13 50 55 76 57 45 71 66 70 79 31 49 71 90 62 44 53 33 33 32 37 44 40 32 19 10 18 9 6 5 4 2 4 2 1 1 1 1 1 1 1 0 0 0 0 0 0 0 1 1 1 1
12 15 10 19 31 32 14 78 38 28 26 44 53 15 35 53 29 36 31 61 59 34 32 17 54 84 76 83 66 86 72 73 69 58 71 72 83 76 76 82 74 53 21 18 7 11 55 72 51 20 34 64 73 79 73 79 82 79 86 45 34 37 34 42 35 35 44 18 12 18 9 5 5 5 1 1 1 1 2 2 3 1 1 0 1 1 2 2 4 1 1 3 2 3 3 2
10 19 30 30 18 16 16 35 46 39 60 52 62 61 29 48 42 52 21 16 33 67 44 27 18 32 36 70 68 45 22 20 19 31 31 31 73 56 59 72 72 59 48 17 5 11 53 54 44 35 25 20 48 79 74 69 57 56 78 75 34 22 30 32 34 32 16 22 12 5 5 6 5 3 2 1 1 1 1 1 1 3 2 3 5 8 8 9 4 3 3 9 8 14 12 4
16 12 12 12 21 22 24 17 21 19 37 66 65 70 23 18 25 57 58 38 27 26 48 16 27 36 30 26 20 30 40 29 40 38 58 34 30 26 24 27 19 37 26 12 11 17 43 45 50 34 31 29 8 40 40 47 49 65 42 58 49 25 51 48 36 22 19 10 10 6 5 6 2 1 2 2 1 0 1 2 9 11 7 12 15 18 16 24 15 15 33 36 18 28 14 7
9 12 18 40 31 36 33 28 32 32 40 11 17 21 25 36 25 13 59 63 52 30 31 10 28 56 54 42 31 37 52 58 30 60 30 26 26 33 35 30 22 13 20 20 29 31 50 50 55 41 27 13 16 14 22 49 21 16 13 40 23 30 29 17 23 12 7 10 9 3 3 2 2 2 3 3 4 1 8 8 19 20 21 28 29 46 44 29 27 32 13 4 7 6 7 19
14 18 30 22 18 28 34 19 40 58 15 24 42 35 22 39 10 13 17 24 38 25 21 17 34 29 46 40 57 25 51 43 32 42 29 25 34 57 28 55 36 17 12 12 13 21 32 46 38 37 22 38 35 27 30 29 28 20 27 32 53 44 24 8 10 10 8 3 4 2 2 13 12 6 6 9 3 5 13 32 50 40 42 65 57 50 47 33 41 40 15 4 2 2 4 12
35 55 53 57 26 19 21 21 35 49 26 28 42 34 34 20 24 20 34 34 25 30 33 19 33 27 25 45 22 28 41 40 41 33 27 26 23 46 24 58 38 28 26 8 5 4 19 21 67 61 35 29 63 34 17 38 44 57 52 36 42 21 12 8 8 6 2 2 6 5 12 21 29 10 15 18 10 16 38 47 66 80 47 73 54 46 35 39 30 25 15 10 2 1 1 2
8 10 14 10 14 14 30 37 42 30 32 14 31 39 18 8 14 15 23 23 13 10 8 17 27 24 24 25 38 38 33 33 21 30 21 9 31 23 39 53 36 31 46 21 24 11 7 19 23 51 31 43 35 17 18 32 34 27 19 11 10 6 3 2 2 1 6 14 24 16 30 42 39 24 37 24 13 27 54 57 83 66 50 42 26 5 5 19 8 11 6 3 3 1 1 3
12 22 17 25 22 27 19 32 27 27 12 16 26 36 39 34 33 17 16 15 20 6 9 26 56 44 24 23 36 20 17 34 67 36 20 10 33 19 54 19 46 26 40 31 18 11 15 18 11 27 35 29 14 20 18 17 43 16 10 7 4 12 11 18 7 12 19 35 36 36 35 50 35 34 42 33 25 40 61 72 72 55 32 23 15 7 6 6 10 4 3 2 1 1 0 1
12 12 12 26 36 12 15 22 18 24 21 16 36 23 53 39 25 43 38 26 54 23 28 22 47 54 28 46 16 21 35 23 54 54 29 21 26 34 40 17 22 20 31 34 15 24 16 10 11 16 18 26 20 20 21 18 10 4 4 17 15 27 27 29 19 22 37 44 59 60 43 58 58 57 43 52 54 60 63 65 58 68 39 23 11 11 7 3 15 6 2 1 0 1 1 1
12 13 21 29 14 15 12 23 31 25 35 39 38 29 21 24 59 59 34 33 37 24 43 22 28 46 57 34 19 18 14 18 19 20 30 38 13 15 42 38 34 35 28 19 28 21 19 18 13 16 19 22 33 25 13 11 12 17 23 41 35 35 48 35 28 42 47 49 64 50 53 65 77 45 47 56 64 70 80 58 25 20 21 24 15 9 4 3 2 2 1 1 1 0 1 1
10 11 17 16 7 35 24 28 51 59 67 61 54 61 35 16 23 42 37 45 15 30 55 26 29 23 45 60 31 52 36 28 23 24 41 53 23 32 41 50 37 8 11 19 15 20 10 9 15 23 23 38 26 19 25 15 22 25 44 44 39 38 51 39 34 46 55 38 66 62 52 76 61 45 56 75 64 68 31 82 57 51 21 13 14 10 5 5 2 1 0 0 0 0 0 0
8 10 17 9 9 7 13 24 18 30 51 68 45 48 60 20 28 24 20 20 22 52 50 35 17 27 13 30 21 29 22 19 31 30 46 42 22 35 50 46 35 18 8 7 14 13 17 30 19 18 35 22 21 38 23 20 30 48 48 57 49 48 48 38 39 67 68 52 70 69 67 66 80 80 57 63 70 69 28 24 46 55 33 23 9 5 5 6 2 1 1 0 0 0 0 0
6 9 19 14 14 8 13 10 21 24 14 16 13 16 21 35 32 28 53 25 39 51 30 46 13 41 14 42 16 17 24 27 30 24 35 27 30 22 43 39 32 14 6 11 15 14 21 22 22 23 25 39 28 22 21 36 47 47 43 49 45 37 56 48 53 70 68 65 65 86 75 68 64 74 28 26 18 52 56 33 19 35 20 11 7 5 6 2 1 2 1 0 0 0 0 0
8 23 29 48 8 49 36 7 28 23 24 17 43 23 33 35 33 24 25 24 19 42 22 29 18 15 20 17 14 27 22 19 24 26 27 21 23 16 26 43 26 26 24 28 35 17 23 19 34 45 41 55 40 28 40 41 45 54 38 44 62 45 62 63 57 68 52 75 38 57 83 81 78 64 75 58 41 18 13 25 19 11 23 18 14 9 7 10 3 1 1 1 1 0 0 0
37 25 10 16 41 25 10 23 24 28 12 28 18 17 44 24 25 8 21 24 28 8 18 24 13 9 12 6 9 9 7 20 17 39 12 15 11 24 26 9 15 26 11 14 14 23 13 23 38 54 46 44 40 38 35 53 45 55 52 43 53 60 53 58 60 72 52 51 79 43 77 80 60 75 79 82 65 60 55 39 30 21 7 4 8 12 5 6 2 1 1 0 0 0 0 0
24 64 25 28 9 16 12 23 16 18 24 12 12 31 42 51 58 18 21 39 22 17 6 12 18 4 10 7 7 4 5 17 21 13 9 14 11 12 34 19 12 23 12 46 21 20 31 17 44 50 39 35 37 35 34 38 62 51 47 65 66 73 65 51 63 28 44 41 47 54 39 71 50 60 76 79 79 87 70 54 54 58 55 29 7 5 6 5 3 1 1 0 0 0 0 0
9 14 13 12 28 30 11 13 17 20 20 10 19 16 11 15 12 15 21 30 36 14 15 7 14 7 6 3 5 8 10 15 10 10 11 6 13 22 30 22 12 15 22 49 16 36 20 27 37 57 27 31 34 30 34 39 60 64 48 58 73 48 38 72 73 65 48 30 21 8 17 20 33 35 61 71 65 69 74 52 71 56 45 14 9 9 8 4 5 2 1 1 0 0 0 0
8 8 17 18 18 22 19 8 5 16 6 5 11 14 41 19 34 16 23 16 22 12 10 11 8 11 13 4 4 4 12 6 7 14 3 4 7 28 14 14 9 18 19 29 24 25 27 33 42 38 22 35 27 28 42 30 52 70 69 52 63 71 27 15 13 19 27 45 40 29 15 12 6 17 30 55 43 67 78 41 55 71 42 23 14 6 6 5 3 1 1 1 0 0 0 0
6 23 16 10 8 13 10 5 4 3 5 4 7 20 15 15 19 24 14 14 8 25 7 17 8 13 16 3 3 6 3 3 13 8 7 14 9 34 4 4 9 22 20 27 27 16 19 21 32 19 39 49 38 45 48 45 54 54 57 36 41 62 35 23 50 64 71 54 55 40 35 44 15 5 10 37 33 59 71 57 40 36 29 21 11 9 8 4 3 2 1 1 1 0 0 0
5 12 11 10 10 11 7 6 2 1 2 3 8 5 8 10 9 21 8 4 3 4 6 4 3 9 8 4 5 5 3 3 7 4 2 4 6 12 8 7 11 17 31 34 13 14 25 22 30 30 55 69 50 76 69 83 68 57 64 37 25 11 66 55 19 51 69 57 60 62 61 40 22 17 7 8 10 23 52 29 20 10 7 13 4 7 3 2 2 3 2 1 1 0 0 0
9 2 3 8 2 5 3 1 1 0 1 1 1 3 9 5 3 5 9 3 3 2 1 3 1 4 2 3 5 3 1 1 1 3 4 2 9 6 4 8 13 25 54 74 55 44 32 48 41 21 66 47 83 70 65 73 38 48 65 73 24 22 19 78 36 30 50 68 55 45 67 68 71 41 27 9 4 2 3 3 4 4 3 7 7 2 2 1 1 2 1 1 1 0 0 0
1 1 2 2 2 1 1 0 0 2 6 0 1 2 2 4 4 3 4 3 2 3 2 2 1 1 2 2 1 1 0 0 0 10 14 18 33 38 52 50 53 70 54 73 64 68 57 18 49 51 33 33 57 63 64 68 41 69 70 54 51 34 14 53 74 28 10 34 63 74 61 59 33 30 36 29 11 4 6 1 4 4 3 2 5 5 1 1 1 1 1 0 0 0 0 0
0 1 1 1 1 0 2 10 18 3 3 10 10 1 1 2 1 1 2 1 1 1 1 1 1 1 2 4 8 1 0 1 1 1 3 19 33 38 50 54 45 65 60 54 70 74 70 37 24 29 74 53 25 56 22 30 32 69 83 65 51 42 29 30 82 41 38 19 42 57 78 25 13 22 24 38 27 19 15 7 4 3 1 1 2 4 2 1 1 0 0 0 0 0 0 0
2 2 2 3 3 7 14 8 7 9 9 4 7 3 2 1 1 1 1 1 0 0 3 6 11 11 3 1 5 1 0 4 5 3 4 6 9 36 48 64 47 28 44 39 54 76 83 84 34 32 49 59 43 23 49 17 49 56 76 72 23 35 28 19 80 58 28 25 25 74 74 83 43 34 23 15 10 8 5 5 8 7 3 1 1 1 3 2 1 1 0 1 0 0 0 0
6 8 5 22 12 14 16 27 27 28 14 10 18 5 3 1 1 1 0 1 0 0 0 1 2 5 8 7 2 2 2 2 7 6 2 5 15 26 42 63 58 28 16 30 45 76 82 82 87 83 29 41 37 36 22 19 33 57 70 74 26 31 36 32 54 86 61 40 21 13 16 40 19 22 14 31 19 7 5 3 3 3 3 2 1 0 1 1 1 1 0 0 0 0 0 0
5 13 16 25 26 23 36 25 51 38 19 37 25 8 26 14 11 3 1 0 0 0 0 0 1 1 3 11 1 1 2 2 7 5 12 11 7 9 5 4 40 50 20 31 28 38 58 63 82 87 80 49 49 64 40 50 32 64 77 65 67 26 47 39 27 79 88 68 47 18 10 12 40 26 16 12 19 19 7 5 2 2 2 3 2 1 0 1 1 1 0 0 0 0 0 0
1 2 11 31 42 28 64 69 69 67 52 48 24 37 47 34 15 6 13 2 1 1 1 1 1 4 9 4 2 3 3 7 14 10 10 17 14 14 12 11 10 22 20 21 14 31 66 45 69 79 88 57 49 47 59 56 13 55 70 67 66 48 35 33 18 69 78 81 54 47 10 4 26 46 18 4 6 4 8 2 3 2 2 1 2 1 0 0 1 1 0 0 0 0 0 0
2 3 6 44 49 64 65 60 57 79 84 58 66 63 61 41 23 31 18 14 6 1 2 5 11 35 26 5 2 4 5 6 7 11 7 13 16 20 27 16 11 14 11 11 23 31 49 47 17 63 79 86 48 39 47 24 21 15 44 53 83 77 21 23 43 52 53 75 29 43 31 6 7 26 19 11 6 5 7 6 2 2 1 1 1 1 1 0 0 0 0 0 0 0 0 0
2 2 3 5 7 9 23 31 32 13 38 70 85 76 70 33 35 54 30 15 26 2 4 2 2 4 23 39 8 2 6 6 10 17 15 12 19 20 37 20 26 37 28 22 17 11 56 59 43 30 58 77 64 35 16 14 34 12 22 49 47 44 32 25 26 40 23 70 24 31 21 23 3 11 12 17 12 8 9 5 4 2 1 0 0 1 1 0 0 0 0 0 0 0 0 0
1 2 5 16 10 24 62 29 27 19 24 16 64 81 85 63 57 58 29 30 15 26 8 7 10 6 3 6 12 5 1 10 12 26 12 15 8 12 32 26 26 23 19 20 34 32 31 12 38 65 37 50 16 18 9 24 20 30 22 24 47 54 41 30 12 15 13 51 58 17 8 14 14 3 6 6 11 5 4 2 3 2 1 1 0 0 0 0 0 0 0 0 0 0 0 0
1 3 2 2 6 9 13 22 23 18 13 8 10 36 67 78 77 32 7 7 8 27 11 23 17 13 10 3 4 10 4 34 25 11 40 22 20 25 30 18 23 43 46 40 45 31 38 23 23 21 67 45 37 24 17 13 23 28 20 23 40 59 40 23 21 14 21 37 58 36 13 6 19 10 6 1 1 5 4 3 1 1 1 1 1 0 0 0 0 0 0 0 0 0 0 0
4 1 2 4 8 13 10 11 15 20 28 21 40 20 17 25 32 18 12 14 34 8 8 23 48 47 9 9 6 42 19 19 53 40 51 17 60 30 23 20 28 28 27 37 32 35 39 25 25 28 26 35 24 26 28 22 18 25 13 6 13 20 30 29 29 20 15 21 29 35 16 17 19 8 9 3 2 4 3 1 2 0 1 0 0 0 0 0 0 0 0 0 0 0 0 0
15 4 8 5 4 13 7 14 27 25 18 24 14 27 35 25 24 19 12 18 8 24 17 14 7 18 29 32 41 6 9 36 35 11 25 23 11 50 23 22 27 37 18 25 17 21 19 28 34 37 21 11 38 41 28 36 21 18 16 15 9 16 33 16 15 15 8 11 17 31 8 9 6 4 4 3 2 1 2 3 1 1 0 0 0 0 0 0 0 0 0 0 0 0 0 0
28 23 2 2 12 4 17 43 19 11 22 19 21 46 14 27 18 14 10 6 11 20 17 17 17 10 14 18 9 15 8 36 32 36 33 43 11 19 45 13 18 35 29 39 38 16 22 27 21 35 15 23 7 16 15 44 16 20 15 24 14 14 5 6 4 2 1 3 5 6 4 1 5 3 2 5 4 2 2 1 1 1 1 0 0 0 0 0 0 0 0 0 0 0 0 0
31 23 53 6 5 21 4 7 28 33 16 26 21 39 11 33 24 17 12 17 27 35 20 11 20 22 17 22 47 44 35 8 7 13 32 23 22 6 46 35 32 26 12 19 34 31 21 14 25 34 25 7 37 23 16 40 24 9 16 8 7 11 6 5 2 1 1 0 3 6 5 2 2 3 3 4 3 2 4 2 1 1 0 0 0 0 0 0 0 0 0 0 0 0 0 0
27 29 43 26 5 6 24 9 4 11 22 16 11 17 20 23 12 7 9 21 24 26 56 33 26 29 24 23 54 67 41 22 9 21 40 31 48 21 6 49 24 34 35 30 16 15 22 29 25 29 13 5 11 5 4 17 12 10 8 4 5 8 5 4 4 2 1 1 1 2 3 2 4 4 4 6 6 3 1 1 1 0 0 0 0 0 0 0 0 0 0 0 0 0 0 0
30 38 58 37 44 14 4 46 13 13 50 16 27 17 10 31 12 14 12 11 9 20 42 31 29 34 31 29 42 72 75 44 22 18 59 51 53 32 13 25 67 24 22 53 34 35 26 33 33 18 11 4 3 5 4 5 10 7 4 3 2 3 4 5 2 2 1 1 1 0 0 1 1 1 1 1 2 3 1 1 1 0 0 0 0 0 0 0 0 0 0 0 0 0 0 0
40 32 27 46 24 29 34 14 57 28 44 64 47 54 37 18 18 11 18 36 18 33 59 50 31 33 35 27 19 23 66 55 35 25 21 59 38 27 21 12 19 52 13 16 18 20 24 33 50 27 35 11 7 5 4 3 4 3 2 8 3 1 2 1 1 1 1 0 0 0 0 0 0 0 0 1 1 1 1 1 0 0 0 0 0 0 0 0 0 0 0 0 0 0 0 0
20 58 47 58 38 51 60 49 30 23 16 14 21 17 17 45 32 17 31 13 51 19 63 72 32 35 39 25 16 6 15 41 59 41 14 39 48 18 45 34 23 14 41 43 22 21 35 25 37 19 38 14 6 4 3 3 3 2 1 3 3 2 1 0 0 0 1 1 0 0 0 0 0 0 0 0 0 0 1 0 0 0 0 0 0 0 0 0 0 0 0 0 0 0 0 0
11 15 11 20 25 13 12 12 22 21 33 32 35 42 16 21 45 41 33 35 24 18 55 81 59 50 44 46 29 8 8 9 53 36 36 33 51 18 45 49 34 14 13 39 27 36 27 24 32 14 4 4 8 7 6 4 1 1 0 0 1 0 0 0 0 0 0 0 0 0 0 0 0 0 0 0 0 0 0 0 0 0 0 0 0 0 0 0 0 0 0 0 0 0 0 0
15 23 15 8 11 18 13 15 20 41 16 40 24 19 22 28 23 15 21 38 20 68 35 64 71 54 57 50 49 22 10 12 8 26 39 40 45 21 46 27 35 34 24 19 33 23 25 38 30 21 15 6 8 3 3 3 1 1 0 0 0 0 0 0 0 0 0 0 0 0 0 0 0 0 0 0 0 0 0 0 0 0 0 0 0 0 0 0 0 0 0 0 0 0 0 0
24 12 24 9 13 27 14 17 16 29 10 18 16 11 18 45 26 29 22 23 56 44 32 25 76 47 20 16 16 10 14 6 14 6 13 20 82 61 31 43 29 16 27 28 17 30 18 19 41 34 26 11 6 3 3 2 0 0 0 0 1 1 1 1 1 0 0 0 0 0 0 0 0 0 0 0 0 0 0 0 0 0 0 0 0 0 0 0 0 0 0 0 0 0 0 0
14 10 11 9 5 8 7 5 6 7 13 18 17 9 15 18 14 28 34 65 43 28 42 61 76 68 30 20 22 24 23 22 8 13 15 10 7 9 26 26 21 35 14 26 20 33 33 20 40 21 25 21 12 6 2 1 0 0 1 1 2 4 4 3 1 1 0 0 0 0 0 0 0 0 0 0 0 0 0 0 0 0 0 0 0 0 0 0 0 0 0 0 0 0 0 0
6 5 6 4 4 4 5 4 3 2 5 5 7 18 15 14 10 30 22 19 25 26 14 9 15 16 12 17 38 41 24 47 35 14 10 8 9 9 7 22 17 33 25 12 33 22 33 23 20 11 14 11 6 5 1 1 1 1 3 4 6 5 4 3 2 1 1 1 1 1 0 0 0 0 0 0 0 0 0 0 0 0 0 0 0 0 0 0 0 0 0 0 0 0 0 0
6 3 3 1 2 3 7 11 28 27 24 5 6 14 8 7 12 27 42 31 39 19 22 18 12 16 43 23 28 38 50 38 23 25 28 5 3 5 8 12 12 18 26 28 27 25 16 12 25 12 7 6 3 2 3 4 2 5 7 5 9 8 7 5 4 2 2 3 3 2 1 1 0 0 0 0 0 0 0 0 0 0 0 0 0 0 0 0 0 0 0 0 0 0 0 0
1 1 1 1 4 5 5 12 48 52 39 40 16 6 10 20 14 26 30 15 14 14 35 23 22 23 40 17 8 26 23 17 7 14 25 15 6 6 12 7 5 9 9 10 16 16 15 10 15 11 4 2 4 5 8 8 7 9 13 13 7 12 12 9 13 4 5 4 5 4 1 0 0 0 0 0 0 0 0 0 0 0 0 0 0 0 0 0 0 0 0 0 0 0 0 0
1 1 6 4 12 8 20 16 5 13 46 43 33 47 51 39 70 40 29 34 13 6 27 19 21 30 17 17 12 11 25 27 25 18 27 14 9 20 24 7 4 21 11 15 10 5 15 7 6 4 3 4 9 15 15 19 12 10 10 13 9 16 17 25 22 14 8 6 6 4 2 1 2 1 0 1 0 0 0 0 0 0 0 0 0 0 0 0 0 0 0 0 0 0 0 0
2 1 1 3 14 27 32 67 56 28 40 69 53 42 65 45 78 78 74 50 26 36 8 7 9 8 27 30 35 46 14 54 52 26 10 13 5 15 17 9 25 13 11 10 13 7 9 8 6 5 11 10 24 38 37 24 32 17 20 19 13 26 26 27 20 15 11 8 8 7 5 1 1 0 0 0 1 0 0 0 0 0 0 0 0 0 0 0 0 0 0 0 0 0 0 0
4 5 17 3 3 13 38 61 68 33 22 73 31 28 70 50 45 23 38 56 16 26 20 14 11 15 24 32 31 54 26 18 16 38 23 20 8 31 15 13 21 28 22 20 22 29 28 21 7 19 32 30 34 50 52 52 22 14 42 28 20 28 29 20 29 28 5 17 17 7 5 2 1 0 0 1 2 1 0 0 0 0 0 0 0 0 0 0 0 0 0 0 0 0 0 0
20 8 15 36 21 9 9 18 23 68 21 64 40 36 68 30 13 18 31 24 15 6 21 13 16 33 32 16 12 36 25 18 9 7 10 8 25 27 13 9 43 44 24 48 42 22 20 12 11 27 46 45 46 76 45 38 32 15 55 27 24 31 43 44 32 23 17 20 8 4 4 2 2 3 1 1 1 1 0 0 0 0 0 0 0 0 0 0 0 0 0 0 0 0 0 0
48 47 18 34 52 64 57 30 13 13 41 75 61 25 66 28 27 20 31 29 10 7 29 12 28 24 27 26 22 17 10 15 16 22 26 17 34 8 12 23 42 41 52 55 34 18 10 16 33 25 42 61 75 46 32 41 40 24 66 33 58 25 48 25 24 51 30 14 21 7 4 4 9 8 1 0 1 1 0 0 0 0 0 0 0 0 0 0 0 0 0 0 0 0 0 0
46 59 58 49 56 79 65 84 54 13 28 62 11 21 49 42 31 12 45 8 8 7 16 9 43 28 16 13 13 4 3 15 24 17 35 13 44 11 31 29 56 59 67 34 30 20 19 36 48 44 40 64 64 44 49 64 52 35 73 67 41 49 41 49 66 42 32 23 14 6 6 23 8 1 2 2 1 1 1 0 0 0 0 0 0 0 0 0 0 0 0 0 0 0 0 0
46 70 70 79 72 71 80 82 67 38 33 29 38 15 48 36 25 16 14 7 7 8 24 14 20 19 16 36 26 24 28 29 18 9 13 26 58 26 32 42 69 67 52 33 19 30 33 60 68 50 42 65 54 37 51 74 39 60 65 59 66 32 44 75 73 44 35 17 20 19 13 11 5 4 3 1 1 1 0 0 0 0 0 0 0 0 0 0 0 0 0 0 0 0 0 2
9 67 79 65 76 32 58 71 71 69 58 64 45 14 50 73 43 17 19 14 7 14 23 14 13 15 28 9 13 14 5 12 10 25 54 35 55 25 26 41 67 47 27 14 28 51 47 49 75 57 62 64 34 57 70 64 34 59 47 72 61 67 73 65 51 31 37 18 8 3 3 2 1 1 0 0 0 0 0 0 0 0 0 0 0 0 0 0 0 0 0 0 0 0 0 1
19 19 45 20 10 12 19 17 22 10 13 26 58 16 9 49 61 43 30 28 14 11 8 9 26 9 17 17 45 39 8 20 24 28 65 65 72 39 25 53 49 24 16 33 56 55 49 49 76 55 61 74 65 61 78 65 63 41 62 68 46 69 58 24 11 11 7 12 18 14 11 7 7 2 1 0 0 0 0 0 0 0 0 0 0 0 0 0 0 0 0 0 0 1 1 2
