sesion_6_simulaciones/modelos_agentes/ejemplos_netlogo/scenarios/echam4_b2/rob_2071.asc
NCOLS 322 
NROWS 307 
XLLCORNER 451900 
YLLCORNER 4086900 
CELLSIZE 100 
NODATA_value -9999 
[rows 222 to 295 of 307, columns 0 to 95 of 322]
1 3 6 12 10 7 17 18 3 9 9 10 22 8 7 4 4 2 2 2 7 13 16 20 11 10 8 18 30 11 8 22 28 10 23 16 10 11 17 44 14 15 27 26 20 48 31 43 52 77 75 45 32 36 33 20 30 49 32 43 51 36 29 56 41 51 31 41 31 25 21 17 7 4 3 2 1 1 0 0 0 0 0 0 0 1 3 8 11 6 4 4 8 15 30 17
3 5 4 3 4 8 11 21 13 6 6 11 15 7 3 3 4 8 9 9 11 17 9 37 19 16 13 14 15 17 9 16 12 11 28 5 6 11 13 34 23 17 12 23 9 6 17 12 13 55 66 48 50 34 29 32 20 24 41 48 43 61 34 41 57 35 32 34 39 21 10 8 5 3 2 1 1 1 0 0 0 0 0 1 1 2 3 6 17 19 8 10 16 22 5 4
3 10 20 39 18 18 15 23 14 16 22 34 13 9 7 11 9 16 7 7 35 7 13 13 12 9 7 27 14 13 10 12 8 14 11 7 11 12 9 23 16 14 12 45 45 39 35 35 33 15 24 41 29 27 21 21 23 33 36 40 44 51 33 68 68 45 35 25 22 12 9 8 4 3 2 1 0 0 0 0 0 0 0 1 2 5 4 10 32 31 13 19 26 22 5 4
7 15 19 37 41 45 17 12 7 27 25 17 10 6 7 10 3 1 1 17 9 11 25 15 9 13 11 12 8 5 7 6 10 2 5 15 6 13 6 20 10 15 26 21 25 45 36 59 62 35 20 26 18 28 15 18 23 41 34 34 47 30 26 23 30 26 18 17 11 7 6 4 2 2 1 1 0 0 0 0 0 0 1 2 3 10 14 17 48 46 39 40 16 12 6 6
1 4 6 6 14 60 35 4 17 17 27 9 17 14 2 2 1 1 5 27 5 15 19 14 7 11 6 3 7 4 6 16 8 4 7 7 10 14 6 9 19 38 40 16 31 42 46 26 63 77 28 24 11 17 18 29 26 24 28 22 19 14 22 11 10 17 23 13 7 4 2 2 3 1 1 0 0 0 0 0 0 1 2 3 3 12 31 39 49 61 41 20 16 8 5 3
4 4 8 10 17 18 10 7 8 13 21 22 30 6 1 1 6 10 23 34 9 10 13 18 11 6 8 3 4 6 2 6 17 3 3 3 6 8 32 45 16 14 13 49 28 33 57 40 36 16 30 37 32 30 29 34 39 27 26 23 20 11 13 9 9 13 11 4 2 4 2 1 1 0 0 0 0 0 0 1 1 1 3 5 4 11 34 67 54 8 8 4 5 6 4 3
3 5 6 18 14 12 14 12 8 20 16 13 12 5 7 20 22 25 21 29 8 9 10 10 2 2 6 2 4 6 1 1 4 5 2 6 4 3 24 47 35 15 35 27 78 48 24 30 33 30 22 47 44 42 47 44 27 31 16 11 10 3 1 2 6 6 6 3 3 2 1 1 0 0 0 0 0 0 1 1 2 4 5 7 15 21 27 65 37 15 12 8 6 7 4 4
1 3 10 8 11 11 17 16 12 11 12 21 14 16 14 26 18 8 19 15 7 5 3 3 1 5 1 1 5 4 1 1 2 3 11 15 11 6 5 15 21 12 11 11 36 76 49 30 28 31 27 29 30 44 56 57 32 25 9 7 3 3 4 10 12 7 1 1 2 1 0 0 0 0 0 0 1 1 2 2 7 6 14 12 31 39 42 44 23 14 18 27 11 6 4 4
4 5 5 10 15 11 23 10 13 10 5 11 9 21 11 21 15 10 6 12 2 2 2 2 2 1 1 2 1 2 1 2 2 2 3 9 8 22 10 4 14 35 25 32 48 23 30 21 17 23 19 20 34 36 35 38 43 28 25 9 11 9 4 6 8 5 1 1 1 0 0 0 0 0 0 1 2 2 3 5 12 9 21 19 16 53 75 44 28 36 44 27 11 5 4 2
1 4 6 13 8 8 9 23 4 12 6 6 9 10 6 13 9 5 3 4 2 1 1 2 1 1 1 1 1 1 1 1 7 3 3 2 17 7 13 13 5 11 53 67 76 43 20 12 27 33 34 16 26 37 31 36 31 11 15 23 11 6 4 6 2 4 2 1 1 0 0 1 0 0 1 1 2 7 10 17 26 24 27 16 11 29 63 33 24 53 41 17 9 7 4 2
1 1 6 7 5 5 4 10 4 6 4 4 5 9 5 4 8 1 2 2 0 1 0 1 0 1 0 0 1 0 1 1 2 10 5 6 5 7 13 5 11 10 12 30 33 23 24 14 29 23 38 24 23 24 24 43 25 15 5 4 7 4 1 2 1 3 2 1 1 1 1 0 0 1 1 3 4 13 19 31 43 56 37 21 16 20 37 40 47 39 20 10 5 4 6 5
0 1 3 3 2 7 5 4 4 4 6 4 2 5 3 2 3 1 1 1 1 0 0 0 0 0 0 0 1 0 1 1 1 1 1 4 2 4 6 5 9 18 44 28 27 14 18 7 12 14 24 19 22 29 35 22 17 8 3 1 4 10 3 5 5 3 3 2 1 0 0 1 1 2 2 3 6 22 27 46 67 60 47 46 23 26 65 67 52 29 24 12 10 11 8 3
0 0 0 1 1 4 10 11 17 2 3 4 1 2 1 1 2 1 1 1 1 0 0 0 1 0 0 1 1 2 3 1 1 1 4 6 8 12 10 17 25 30 37 50 48 50 57 28 30 46 36 22 21 18 16 16 8 3 3 6 5 12 15 7 3 2 1 0 1 0 0 2 3 3 5 4 10 25 33 50 51 70 56 60 43 72 53 54 35 43 38 33 24 16 8 5
0 0 0 1 1 2 2 4 2 3 3 2 0 0 0 0 1 0 0 0 0 0 0 0 0 0 0 1 1 1 8 18 11 7 24 10 14 10 16 15 32 38 35 59 35 24 28 7 17 37 53 41 22 15 15 15 15 11 26 14 8 9 5 6 2 1 0 0 0 0 2 3 8 6 11 6 9 17 39 53 75 62 65 58 71 52 54 55 28 30 58 48 35 13 9 13
0 0 0 0 0 1 1 2 2 2 1 1 0 0 0 0 0 0 0 0 0 0 0 0 0 0 1 2 1 1 2 7 42 17 36 66 61 39 45 36 15 57 62 52 69 56 61 37 32 41 39 35 39 17 17 36 31 19 13 7 7 13 10 3 0 0 1 1 0 0 1 2 11 17 14 9 13 11 24 27 70 78 74 41 35 79 48 56 55 58 39 42 33 27 16 15
0 0 0 0 0 1 0 2 2 2 0 0 0 0 0 0 0 4 0 0 2 1 0 0 0 0 0 0 0 1 2 2 4 42 24 64 70 69 68 56 48 29 72 74 76 53 71 45 34 38 25 23 13 15 6 7 11 13 12 8 5 4 1 0 0 1 1 0 0 1 2 4 8 19 22 12 15 22 24 25 56 74 66 28 63 63 51 72 74 52 54 47 44 27 37 29
0 0 0 0 1 0 0 1 1 1 0 0 0 0 0 0 0 0 0 1 1 3 2 0 0 0 0 0 0 1 1 3 4 8 6 32 78 42 72 39 45 45 44 68 62 58 42 26 57 50 39 35 38 33 22 12 11 8 6 5 4 1 1 0 1 1 1 0 0 1 2 7 11 26 47 29 19 28 42 46 62 74 48 42 60 27 15 32 49 26 25 42 32 34 22 12
0 0 0 0 0 0 0 0 0 0 0 0 0 0 0 0 0 0 0 0 0 0 5 2 0 0 0 1 1 1 3 2 4 13 7 12 43 59 60 58 57 47 54 47 53 67 62 40 20 45 43 41 37 39 33 15 10 4 5 4 2 2 1 2 1 0 0 0 1 2 4 5 16 21 41 50 27 26 30 64 63 82 35 39 69 32 35 32 24 19 17 28 28 21 7 3
0 0 0 0 0 0 0 0 0 0 0 0 0 0 0 0 0 0 0 1 0 0 0 1 2 0 1 2 2 3 6 5 7 17 17 18 18 52 39 49 22 31 22 36 37 39 14 47 32 29 39 27 24 32 29 27 20 14 10 13 6 4 3 1 0 0 0 1 2 5 8 13 16 21 23 55 65 40 59 48 74 66 55 74 32 38 44 40 49 52 32 34 31 19 8 3
0 0 0 0 0 0 0 0 0 0 0 0 0 0 0 0 0 0 0 0 0 0 0 3 1 1 1 0 0 1 3 4 8 13 18 30 15 17 20 14 26 18 9 11 19 32 28 39 23 21 32 25 23 19 17 18 14 10 7 5 2 1 1 0 0 0 1 2 6 6 9 14 23 21 29 28 79 34 36 63 72 50 57 67 60 54 42 70 69 29 32 24 16 7 3 2
0 0 0 0 0 0 0 0 0 0 0 0 0 0 0 0 0 0 0 1 0 0 0 0 1 1 1 2 0 2 7 5 7 15 17 32 31 18 14 8 8 15 20 21 33 34 27 17 20 31 24 22 15 19 16 14 12 5 4 3 2 1 0 0 0 1 2 5 6 10 20 11 6 27 61 50 72 48 48 62 69 63 48 59 45 32 33 60 52 47 22 17 12 6 4 1
0 0 0 0 0 0 0 0 0 0 0 0 0 0 1 1 0 0 0 0 0 0 0 1 4 2 2 2 2 2 5 8 11 19 18 31 34 52 38 16 17 11 13 15 19 17 22 14 10 19 16 21 22 18 10 9 6 4 3 2 2 1 0 1 1 2 7 7 10 15 20 21 13 28 52 39 63 74 48 59 61 66 67 66 46 59 43 49 53 45 30 23 10 7 3 3
0 0 0 0 0 0 0 0 0 0 0 0 0 0 0 1 0 0 0 0 0 0 1 1 0 1 3 7 12 8 8 9 14 26 28 26 34 46 56 54 26 19 22 29 32 20 13 18 25 20 29 29 14 10 14 9 11 7 3 2 1 1 1 1 1 4 8 17 25 29 25 28 18 30 70 41 21 60 83 57 68 69 63 56 45 37 14 36 51 42 23 10 10 9 12 9
0 0 0 0 0 0 0 0 0 0 0 0 0 0 0 0 0 0 0 0 0 1 0 1 2 1 0 3 3 18 25 21 26 40 31 24 41 58 65 55 32 31 28 39 41 45 28 44 28 16 8 9 13 13 4 5 5 4 1 2 2 1 1 2 3 7 10 25 35 40 37 43 31 39 61 68 25 49 64 58 56 37 29 19 27 43 23 29 35 25 21 16 15 13 12 9
0 0 0 0 0 0 0 0 0 0 0 0 0 0 0 0 0 0 0 0 1 0 0 1 1 2 1 1 1 12 8 42 62 35 37 46 37 42 59 61 56 62 48 33 47 61 36 39 32 19 18 17 9 15 7 5 5 6 6 4 2 1 2 3 6 7 13 29 34 52 44 57 33 33 54 68 54 32 66 37 27 16 31 24 27 13 13 23 42 39 20 19 20 19 13 5
0 0 0 0 0 0 0 0 0 0 0 0 0 0 0 0 0 0 0 0 0 0 1 1 1 2 3 1 1 1 3 3 30 34 29 29 23 47 41 31 30 23 21 22 33 53 34 32 27 25 19 13 8 4 3 7 10 7 4 3 1 0 1 2 5 13 26 32 31 43 71 51 57 30 31 61 50 72 42 26 31 22 24 25 36 19 28 36 32 17 19 29 35 20 14 4
0 0 0 0 0 0 0 0 0 0 0 0 0 0 0 0 0 0 0 0 0 0 0 0 0 1 2 2 6 7 4 10 13 10 5 13 22 32 20 29 17 18 11 19 21 25 25 36 19 17 14 13 15 12 3 6 6 9 5 2 0 0 0 3 5 12 11 13 17 22 43 68 77 32 20 46 29 64 25 38 21 23 16 29 34 36 37 18 31 27 31 40 20 14 8 4
0 0 0 0 0 0 0 0 0 0 0 0 0 0 0 0 0 0 1 0 0 0 0 0 1 1 5 5 2 3 3 5 13 19 13 13 30 38 34 31 35 30 49 42 27 28 31 34 30 21 9 13 11 8 10 9 7 4 3 1 0 0 1 2 7 11 18 37 27 17 28 36 55 61 35 32 59 46 37 30 15 30 34 27 16 35 43 35 46 53 30 30 14 9 6 7
0 0 0 0 0 0 0 0 0 0 0 0 0 0 0 0 1 0 0 0 0 0 0 0 8 15 7 3 9 16 17 9 20 22 21 21 32 48 40 40 50 40 32 33 33 33 48 52 35 25 26 20 28 25 16 6 4 5 2 1 0 2 1 3 11 17 32 44 46 28 19 22 42 58 62 34 67 45 45 45 40 27 36 47 41 40 55 47 40 49 50 24 23 15 6 6
0 0 0 0 0 0 0 0 0 0 0 0 0 0 0 0 1 0 0 1 0 0 1 2 7 20 17 7 3 8 11 12 8 11 18 16 19 28 27 53 64 39 46 47 59 56 49 55 42 32 38 43 27 18 16 10 9 4 3 1 1 2 2 8 14 25 50 48 30 31 28 37 39 30 20 68 67 44 35 34 25 33 54 49 53 63 60 69 57 50 28 19 16 16 10 6
0 0 0 0 0 0 0 0 0 0 1 0 0 0 1 0 0 0 0 0 0 1 1 11 13 4 13 11 9 18 20 16 10 7 11 11 22 30 42 43 34 38 69 65 71 64 48 34 29 25 12 23 26 14 11 8 5 4 3 1 1 2 2 10 21 33 48 46 45 52 45 39 62 59 44 45 63 52 26 32 37 51 52 36 50 54 55 43 58 31 19 16 23 15 10 8
0 0 0 0 0 0 0 0 1 0 2 1 0 0 1 0 0 0 0 0 0 0 1 7 2 2 9 21 20 44 70 23 33 21 13 8 16 56 43 46 60 18 23 12 19 40 27 41 24 28 23 25 25 19 9 5 5 4 3 1 1 3 4 10 29 52 48 44 34 69 79 34 63 74 72 55 41 40 38 23 34 33 42 61 54 50 39 36 41 36 35 37 29 23 10 4
0 0 0 0 0 0 0 0 0 0 0 0 0 0 0 0 1 0 0 0 0 0 1 3 1 1 1 14 14 11 29 67 34 43 40 38 40 41 34 36 49 52 41 51 52 37 40 54 41 38 36 18 14 14 12 8 8 7 5 2 2 6 17 23 35 44 48 44 37 32 59 75 40 61 68 66 52 28 48 37 52 56 43 35 49 49 39 32 35 57 48 40 22 12 11 4
0 0 0 0 0 0 0 0 0 0 0 0 0 0 0 0 1 0 0 0 1 1 1 6 2 0 2 2 7 14 6 13 43 34 55 55 35 10 12 12 28 36 35 45 60 63 50 31 49 42 27 37 31 17 11 18 8 7 6 2 3 10 27 38 55 61 46 39 66 55 37 30 64 68 50 65 44 39 66 64 24 24 29 39 41 34 51 41 45 31 28 17 9 10 4 4
0 0 0 0 0 0 0 0 0 0 0 0 0 0 0 0 0 0 0 0 0 2 2 7 5 1 2 4 7 7 7 3 3 8 10 11 12 11 12 10 8 17 15 22 47 49 36 56 53 50 43 36 30 25 24 18 15 7 6 1 6 14 26 51 61 60 46 56 54 72 51 46 26 25 40 45 67 53 32 40 36 51 49 59 53 46 60 55 32 20 19 18 10 3 5 5
0 0 0 0 0 0 0 0 0 0 0 0 0 0 0 0 0 0 0 0 0 2 3 5 2 0 2 7 5 12 14 5 20 26 34 31 27 25 27 13 12 15 46 56 58 41 50 47 53 54 50 40 35 30 25 21 15 8 3 1 3 13 40 57 51 67 50 58 57 46 81 56 39 26 14 59 40 55 44 46 52 67 68 62 53 65 52 45 27 22 18 16 8 6 8 9
0 0 0 0 0 0 0 0 0 0 0 0 1 2 1 2 1 0 0 0 1 2 3 3 2 6 1 6 7 14 8 19 21 15 20 25 20 23 12 21 47 59 34 38 32 47 43 43 54 46 54 50 39 31 25 25 11 10 4 3 3 7 23 57 79 67 49 60 53 43 37 50 56 14 10 22 65 68 67 58 54 58 62 70 64 47 53 38 53 32 18 14 5 10 6 23
0 0 0 0 0 0 0 0 0 0 0 0 1 2 2 0 0 0 0 0 1 1 2 6 6 2 4 5 4 5 8 41 15 15 22 27 27 18 28 32 57 51 51 50 54 56 58 52 64 56 57 46 43 35 29 15 12 8 9 3 5 8 24 45 70 58 68 71 57 70 62 59 52 20 21 35 55 50 59 48 50 50 51 58 50 45 47 52 56 49 21 19 12 15 13 30
0 0 0 0 0 0 0 0 0 0 0 0 0 7 1 0 0 0 0 1 1 1 2 1 1 1 9 2 5 5 17 12 22 28 23 25 27 32 43 39 31 47 54 62 61 65 59 68 64 45 39 38 33 39 36 20 14 10 8 3 6 11 23 42 58 52 46 61 75 58 70 56 52 22 38 47 52 56 40 38 45 48 40 35 38 41 41 41 37 41 34 29 12 25 30 30
0 0 0 0 0 0 0 0 0 0 0 0 0 0 0 0 0 0 0 0 1 2 2 1 1 3 2 4 7 17 24 21 22 25 20 25 37 38 46 41 47 63 66 53 48 65 69 67 53 51 45 42 35 28 27 30 25 13 6 4 7 17 29 41 46 53 43 45 67 79 68 56 43 72 57 32 23 31 41 46 41 46 49 47 36 46 32 49 37 30 34 27 14 27 28 26
0 0 0 0 0 0 0 0 0 0 0 0 0 0 0 0 0 0 0 0 1 1 1 3 3 1 2 6 16 5 5 7 21 18 25 33 37 38 39 40 47 59 47 53 67 65 67 70 51 54 48 44 36 24 24 30 16 14 12 5 5 11 37 50 60 51 46 40 38 38 47 45 45 54 11 25 29 31 28 32 34 35 33 54 48 49 44 44 33 33 33 18 18 32 28 38
0 0 0 0 0 0 0 0 0 0 0 0 0 0 0 0 0 0 0 0 1 1 4 5 2 2 3 7 4 5 7 11 15 15 23 30 35 36 30 59 48 39 42 58 33 52 69 72 70 65 34 35 33 37 36 23 19 22 13 5 2 8 19 44 51 52 77 54 53 47 39 20 33 50 31 34 41 32 31 32 42 38 46 49 50 22 26 22 30 47 34 12 26 44 46 45
0 0 0 0 0 0 0 0 0 0 0 0 0 0 0 0 0 0 0 1 1 2 2 1 1 4 2 3 3 5 8 10 8 13 18 40 22 23 43 36 32 56 67 37 57 58 60 67 57 42 38 47 48 43 40 38 33 25 14 7 4 8 26 35 45 64 74 82 47 53 39 21 22 58 57 24 34 43 49 29 31 37 50 46 35 16 40 38 30 23 14 6 30 46 44 42
0 0 0 0 0 0 0 0 0 0 0 0 0 0 0 0 0 0 0 0 0 1 0 1 3 1 1 2 3 5 13 11 8 15 22 27 23 38 47 48 35 32 39 51 50 57 45 52 52 51 49 60 57 34 38 35 36 21 17 9 6 16 22 39 54 56 68 73 62 58 40 39 43 58 31 24 25 28 38 42 30 64 53 32 41 48 41 33 19 10 8 18 37 46 43 45
0 0 0 0 0 0 0 0 0 0 0 0 0 0 0 0 0 0 0 0 0 0 0 1 1 1 2 3 6 6 6 6 7 11 26 16 47 45 49 25 19 20 30 48 60 55 55 60 63 63 60 58 46 33 28 26 24 23 22 19 10 21 32 48 62 60 49 43 60 70 57 20 31 56 22 26 52 51 50 57 52 41 42 43 47 51 27 30 18 14 15 33 39 42 32 43
0 0 0 0 0 0 0 0 0 0 0 0 0 0 0 0 0 0 1 0 1 1 0 1 1 2 3 3 3 2 4 6 8 10 37 15 10 6 7 19 22 41 55 62 64 61 56 62 49 65 49 46 54 35 38 26 23 24 21 20 13 32 45 45 62 56 46 24 41 58 52 29 41 48 24 13 29 58 60 57 60 33 45 46 44 48 27 23 36 18 32 36 20 45 43 43
0 0 0 0 0 0 0 0 0 0 0 0 0 0 0 0 0 1 0 0 0 1 1 0 2 1 2 3 2 3 7 7 4 31 6 4 15 21 24 27 42 55 50 58 64 69 66 63 52 54 53 51 53 51 46 40 36 25 23 13 25 38 57 75 64 56 41 43 48 46 52 24 30 35 48 28 33 37 55 60 50 56 41 47 49 41 32 11 16 31 30 19 28 34 58 41
0 0 0 0 0 0 0 0 0 0 0 0 0 0 0 0 0 0 0 1 0 1 1 1 1 1 2 2 3 3 6 6 8 7 2 7 10 15 27 64 43 42 55 59 63 67 58 54 50 42 49 51 53 39 47 34 41 39 26 26 32 55 46 61 58 50 42 50 50 37 60 42 26 45 40 31 38 41 42 44 55 46 36 38 44 33 19 7 15 40 20 31 39 36 56 36
0 0 0 0 0 0 0 0 0 0 0 0 0 0 0 0 0 0 0 1 2 1 0 0 2 1 3 2 1 2 8 23 8 1 3 11 8 27 37 39 42 55 58 43 51 55 57 59 46 52 50 52 53 51 50 47 45 41 29 30 32 37 43 43 58 69 50 67 64 44 32 26 35 34 47 49 34 33 30 33 41 39 35 43 44 32 15 9 32 33 34 51 54 39 45 33
0 0 0 0 0 0 0 0 0 0 0 0 0 0 0 0 0 0 0 1 0 0 1 1 0 1 1 1 3 4 13 6 1 2 11 4 12 10 18 48 58 39 32 69 64 44 53 58 57 54 53 53 52 51 51 51 47 32 31 34 36 55 36 36 31 51 68 67 59 51 56 47 24 36 24 27 19 25 40 47 36 43 35 50 49 16 10 31 26 35 47 52 43 26 39 37
0 0 0 0 0 0 0 0 0 0 0 0 0 0 0 0 0 0 0 0 0 0 1 0 0 1 0 1 5 4 5 1 1 3 8 17 10 13 28 37 41 36 50 26 41 36 52 67 54 55 55 54 54 50 52 52 35 24 38 50 39 53 44 44 39 47 50 75 45 36 16 33 19 13 14 27 39 32 30 32 35 30 51 47 24 13 23 29 36 30 33 42 53 38 39 35
0 0 0 0 0 0 0 0 0 0 0 0 0 0 0 0 0 0 0 0 0 0 0 0 1 1 0 2 6 2 2 1 2 2 11 18 15 13 17 23 28 42 34 26 33 67 55 52 51 67 57 54 55 54 53 50 34 24 46 50 64 66 46 45 35 50 56 52 57 28 17 11 15 23 21 40 31 36 32 38 31 40 30 23 15 23 36 40 32 47 42 30 29 34 28 23
0 0 0 0 0 0 0 0 0 0 0 0 0 0 0 0 0 0 0 0 0 0 0 0 2 0 1 2 2 1 2 1 4 7 15 11 10 13 11 10 13 30 50 44 50 43 50 54 65 54 55 68 36 52 50 37 21 45 54 53 74 65 43 53 37 28 40 61 48 10 32 13 13 23 28 32 33 38 40 34 31 42 22 27 20 34 39 41 33 33 40 26 26 32 37 28
0 0 0 0 0 0 0 0 0 0 0 0 0 0 0 0 0 0 0 0 0 0 0 0 1 0 1 2 1 1 1 1 5 11 14 12 7 9 9 13 21 30 38 57 40 43 44 66 51 51 69 57 56 55 39 36 23 42 64 60 60 65 45 52 51 34 37 32 47 7 11 27 29 19 23 27 43 38 49 51 38 37 16 14 20 37 44 46 48 42 37 36 24 27 44 32
0 0 0 0 0 0 0 0 0 0 0 0 0 0 0 0 0 0 0 0 0 0 0 0 0 1 1 0 0 1 2 3 6 9 2 1 7 7 9 10 14 27 37 50 52 38 63 42 63 68 51 51 56 54 40 36 23 39 62 62 52 57 35 35 50 28 46 17 23 7 7 25 11 25 29 33 37 50 72 48 48 19 14 20 32 35 42 44 31 19 26 44 18 20 33 49
0 0 0 0 0 0 0 0 0 0 0 0 0 0 0 0 0 0 0 0 0 0 0 0 0 0 0 0 0 0 1 0 3 2 1 4 3 4 5 16 22 28 37 43 37 27 50 58 57 52 58 50 53 53 52 36 34 39 63 72 61 53 43 29 45 40 13 16 32 6 13 14 13 20 25 31 52 31 33 42 19 13 17 33 33 40 47 41 23 23 33 17 10 12 19 46
0 0 0 0 0 0 0 0 0 0 0 0 0 0 0 0 0 0 0 0 0 0 0 0 0 0 0 1 1 1 3 3 3 1 1 1 4 4 5 6 9 25 19 26 41 22 19 20 36 42 56 52 50 52 38 24 39 50 61 58 74 59 32 27 30 32 18 5 14 1 2 6 13 22 33 46 51 50 44 45 22 13 20 32 32 55 58 44 29 26 30 28 23 12 18 31
0 0 0 0 0 0 0 0 0 0 0 0 0 0 0 0 0 0 0 0 0 0 0 0 0 0 0 0 0 0 2 0 1 1 1 3 1 3 3 4 17 18 14 26 16 20 26 37 40 56 46 53 53 37 34 21 34 48 61 56 57 33 30 30 30 10 11 10 9 2 3 6 8 7 27 48 46 46 30 31 13 19 29 30 33 54 46 18 26 35 20 32 14 14 18 34
0 0 0 0 0 0 0 0 0 0 0 0 0 0 0 0 0 0 0 0 0 0 0 0 0 0 0 0 0 0 1 0 0 1 3 2 4 3 5 12 9 14 26 13 18 21 38 37 50 40 42 46 51 35 16 32 36 68 56 52 45 40 25 39 27 10 6 15 4 2 5 15 19 37 47 41 37 18 18 10 13 28 27 29 32 55 51 13 14 31 20 37 16 15 19 51
0 0 0 0 0 0 0 0 0 0 0 0 0 0 0 0 0 0 0 0 0 0 0 0 0 0 0 0 0 1 0 0 0 2 4 2 2 4 7 3 14 14 10 19 18 31 36 50 51 44 56 43 33 36 21 34 37 59 67 37 37 33 16 9 16 15 4 6 5 10 14 10 17 26 22 37 29 22 9 23 18 27 31 43 34 48 51 20 20 21 11 40 16 16 18 30
0 0 0 0 1 0 0 0 0 0 0 0 0 0 0 0 0 0 0 0 0 0 0 0 0 0 0 0 0 1 0 0 4 3 1 1 2 3 4 8 21 16 26 12 19 40 45 34 36 58 49 35 31 32 19 46 56 45 49 49 28 22 21 7 18 14 5 3 5 9 7 10 24 24 32 21 26 29 17 32 30 26 30 40 28 30 34 28 33 19 16 42 16 15 13 23
0 0 0 0 0 1 0 0 0 0 0 0 0 0 0 0 0 0 0 0 0 0 0 0 0 0 0 0 0 0 1 3 1 0 1 1 1 1 5 5 10 6 32 20 25 40 20 28 45 44 34 33 28 29 29 45 50 52 40 37 16 13 12 9 6 10 4 1 3 14 8 17 24 34 30 31 35 35 22 27 28 37 31 35 24 19 27 26 24 19 18 40 15 12 16 21
0 0 0 0 0 0 0 0 0 0 0 0 0 0 0 0 0 0 0 0 0 0 0 0 0 1 0 0 0 1 2 3 1 1 2 0 0 1 2 6 4 9 17 23 24 23 28 28 36 34 30 30 23 26 33 30 40 57 31 18 23 7 8 7 3 3 1 1 1 3 8 30 38 30 24 26 25 11 16 21 23 34 30 35 23 30 36 39 27 22 15 28 24 7 18 22
0 0 0 0 0 0 0 0 0 0 0 0 0 0 0 0 0 0 0 0 0 0 0 0 0 0 0 0 0 0 0 0 1 1 1 1 1 0 8 2 3 3 15 10 27 17 20 16 34 37 24 23 19 20 27 39 34 47 27 19 10 8 5 5 1 1 2 4 3 6 9 22 23 16 18 18 10 13 23 21 22 32 34 17 26 24 33 34 22 21 13 21 22 7 8 25
0 0 0 0 0 0 0 0 0 0 0 0 0 0 0 0 0 0 0 0 0 0 0 0 0 0 0 0 0 0 0 1 1 1 2 1 2 1 8 3 1 3 15 11 19 16 19 31 26 28 25 20 19 37 38 25 35 24 22 6 6 6 2 2 1 1 2 4 5 3 13 23 36 38 36 12 13 13 20 29 36 21 30 17 24 34 29 26 17 20 12 17 22 17 5 11
0 0 0 0 0 0 0 0 0 0 0 0 0 0 0 0 0 0 0 0 0 0 0 0 1 0 0 0 0 0 0 0 1 2 1 1 2 1 18 6 1 5 2 13 12 10 25 11 21 22 15 19 14 31 41 21 19 16 14 12 3 3 2 1 1 1 1 2 3 2 11 20 33 51 27 13 13 20 16 31 30 25 23 21 12 26 27 28 18 21 6 16 11 11 7 5
0 0 0 0 0 0 0 0 0 0 0 0 0 0 0 0 0 0 0 0 0 0 0 0 0 0 0 0 0 0 0 0 0 1 1 2 1 1 7 6 2 6 2 13 8 6 10 7 14 15 19 12 13 19 21 44 9 9 6 4 3 1 1 1 1 1 2 2 3 3 12 20 15 40 20 9 21 19 17 19 28 24 20 16 14 25 21 30 18 14 7 13 12 5 7 3
0 0 0 0 0 0 0 0 0 0 0 0 0 0 0 0 0 0 0 0 0 0 0 0 0 0 0 0 0 0 0 1 1 1 1 1 1 1 1 11 3 4 4 9 2 8 6 11 13 8 13 9 10 10 21 16 13 5 2 1 2 1 1 1 1 1 2 2 4 5 11 18 22 18 12 19 18 18 16 13 17 21 24 15 11 21 21 21 19 8 5 15 8 7 7 2
0 0 0 0 0 0 0 0 0 0 0 0 0 0 0 0 0 0 0 0 0 0 0 0 0 0 0 0 0 0 0 0 1 1 1 1 1 1 0 4 8 5 4 2 2 3 4 8 6 3 10 7 8 6 10 17 8 6 2 0 1 0 0 0 0 0 1 3 5 10 21 18 16 8 20 18 19 26 22 13 12 17 14 17 18 24 8 16 9 5 4 18 6 10 4 2
0 0 0 0 0 0 0 0 0 0 0 0 0 0 0 0 0 0 0 0 0 0 0 0 0 0 0 0 0 0 0 0 0 1 0 0 1 1 1 1 12 7 2 1 2 3 7 2 5 2 4 7 5 11 9 4 3 2 2 0 1 0 0 0 1 1 2 3 6 7 17 21 6 7 13 12 21 14 12 8 8 4 12 15 12 8 9 9 7 4 2 14 5 6 7 2
0 0 0 0 0 0 0 0 0 0 0 0 0 0 0 0 0 0 0 0 0 0 0 0 0 0 0 0 0 0 0 0 0 0 0 0 1 0 0 1 3 4 2 1 1 11 6 2 2 4 6 7 4 7 12 4 4 1 1 1 0 0 0 0 0 1 1 2 8 17 11 6 6 11 9 10 8 9 5 2 5 6 11 8 9 7 11 6 1 3 1 6 7 2 2 2
0 0 0 0 0 0 0 0 0 0 0 0 0 0 0 0 0 0 0 0 0 0 0 0 0 0 0 0 0 0 0 0 0 0 0 0 1 0 0 1 3 2 2 2 2 18 3 3 2 3 5 4 5 11 9 3 4 1 1 1 0 0 0 1 1 1 2 3 18 9 5 5 11 8 8 8 11 11 7 4 5 10 7 10 6 6 4 7 1 2 2 2 6 1 1 1
0 0 0 0 0 0 0 0 0 0 0 0 0 0 0 0 0 0 0 0 0 0 0 0 0 0 0 0 0 0 0 0 0 1 1 0 1 0 0 1 3 4 1 2 1 3 2 5 3 1 1 5 6 5 5 2 2 1 0 0 0 0 0 0 1 1 2 5 5 6 8 7 7 8 13 4 4 10 6 4 6 6 4 7 3 4 1 2 2 1 4 1 3 1 1 1
0 0 0 0 0 0 0 0 0 0 0 0 0 0 0 0 0 0 0 0 0 0 0 0 0 0 0 0 0 0 0 0 0 1 0 1 0 1 1 1 1 1 1 2 0 3 3 4 3 2 3 4 3 2 3 1 1 1 0 0 0 0 0 0 0 1 1 5 8 6 6 5 5 10 5 2 3 9 9 3 4 4 3 3 4 3 0 1 2 3 2 1 1 1 1 2
