sesion_6_simulaciones/modelos_agentes/ejemplos_netlogo/scenarios/echam4_b2/rob_2022.asc
NCOLS 322 
NROWS 307 
XLLCORNER 451900 
YLLCORNER 4086900 
CELLSIZE 100 
NODATA_value -9999 
[rows 222 to 295 of 307, columns 0 to 95 of 322]
16 27 38 55 44 33 44 34 7 21 23 26 49 21 19 11 10 4 5 7 17 30 31 39 28 24 20 35 54 28 20 46 58 32 57 47 28 28 35 65 35 35 49 63 58 76 55 60 64 83 82 56 39 39 34 17 22 38 22 26 28 16 10 22 13 16 6 8 4 3 2 2 1 0 0 0 0 0 0 0 0 0 0 0 0 0 0 1 1 0 0 0 1 1 4 2
33 49 37 25 26 36 35 44 25 12 14 28 33 16 8 9 10 20 24 24 28 40 26 63 46 42 34 35 33 43 27 43 37 41 67 18 20 33 38 65 59 54 47 70 34 20 33 22 23 64 73 55 51 30 24 24 13 14 24 24 18 24 9 11 18 6 5 5 5 2 1 1 0 0 0 0 0 0 0 0 0 0 0 0 0 0 0 1 2 2 1 1 2 2 0 0
38 63 66 77 56 55 43 46 32 35 44 58 27 21 17 26 23 38 21 21 62 17 37 41 39 30 25 59 40 39 35 43 35 53 37 27 38 47 38 60 60 59 57 85 79 68 58 56 49 24 32 44 27 23 14 13 12 16 16 15 14 15 7 23 22 8 5 3 2 1 1 1 0 0 0 0 0 0 0 0 0 0 0 0 0 0 0 1 3 3 1 2 3 2 0 0
50 58 51 68 65 70 37 25 18 54 53 40 24 18 20 28 9 5 3 40 22 32 61 48 35 43 37 43 34 24 37 34 46 14 20 47 38 61 38 69 58 68 74 60 58 74 59 70 70 45 23 25 16 21 9 9 11 17 10 9 12 5 4 3 4 3 2 2 1 1 1 0 0 0 0 0 0 0 0 0 0 0 0 0 0 1 1 2 7 7 5 6 2 1 1 0
16 28 30 23 33 77 53 11 38 41 55 26 40 34 8 5 3 2 14 50 16 45 58 56 38 42 27 15 33 25 38 66 47 25 33 42 65 74 48 61 74 80 80 48 60 65 65 36 65 76 30 21 8 10 9 14 9 7 7 4 3 2 3 1 1 2 2 1 1 0 0 0 0 0 0 0 0 0 0 0 0 0 0 0 0 1 4 6 10 14 7 3 1 1 0 0
36 25 31 29 35 31 18 19 18 29 48 52 55 15 4 3 18 26 49 64 31 37 56 70 56 38 42 21 27 41 18 44 75 30 24 31 48 49 82 88 59 52 38 71 48 51 70 50 38 15 28 31 23 18 16 14 14 7 5 3 2 1 1 1 1 1 1 0 0 0 0 0 0 0 0 0 0 0 0 0 0 0 0 0 0 1 5 18 13 1 1 0 0 1 0 0
38 33 30 48 33 29 35 35 24 46 41 35 29 13 20 41 49 55 57 71 35 44 55 61 23 18 45 14 32 48 18 16 38 50 30 56 41 27 66 81 73 43 61 43 83 59 37 38 34 29 19 38 31 27 27 17 7 6 2 1 1 0 0 0 1 0 0 0 0 0 0 0 0 0 0 0 0 0 0 0 0 0 0 1 1 2 3 21 7 2 1 1 1 1 0 0
14 28 47 29 29 26 46 43 39 39 40 52 33 38 36 57 51 33 62 63 43 39 36 36 17 48 18 7 36 40 18 20 31 37 64 75 60 39 25 43 55 33 26 19 41 77 57 35 31 28 21 20 18 25 27 24 7 4 1 1 0 0 0 1 1 1 0 0 0 0 0 0 0 0 0 0 0 0 0 0 1 0 1 1 3 6 8 12 4 2 2 3 1 1 0 0
43 42 31 38 43 35 55 41 47 38 27 41 30 51 36 57 55 49 42 64 22 31 36 31 30 11 18 26 25 38 16 29 24 28 38 61 48 66 40 15 34 57 44 48 60 29 35 24 17 18 12 11 18 17 13 11 11 5 3 1 1 1 0 1 1 0 0 0 0 0 0 0 0 0 0 0 0 0 0 0 1 1 2 2 2 11 31 11 5 5 6 3 1 0 0 0
26 42 38 53 34 33 44 72 24 48 27 27 36 46 34 56 52 38 35 45 28 29 26 33 20 16 17 19 14 17 11 20 54 39 32 22 63 34 43 34 16 26 68 75 78 48 21 12 24 25 20 8 11 14 10 9 6 1 2 3 1 1 0 1 0 0 0 0 0 0 0 0 0 0 0 0 0 1 1 2 3 3 4 2 1 5 26 7 4 10 7 2 1 1 0 0
20 20 47 42 32 37 35 52 29 34 28 29 36 51 38 33 54 17 24 29 10 24 5 17 12 22 12 9 17 8 19 29 29 61 42 38 27 29 36 16 27 21 20 34 35 24 19 12 23 14 19 10 8 7 6 10 4 2 0 0 1 0 0 0 0 0 0 0 0 0 0 0 0 0 0 0 0 1 2 4 7 11 6 3 2 3 11 9 11 7 2 1 0 0 1 0
10 17 40 33 23 55 51 39 39 32 41 43 25 52 35 27 32 14 18 20 27 6 4 4 11 13 5 10 20 11 15 12 13 15 9 22 13 16 18 13 23 36 60 35 31 14 14 5 7 7 10 7 7 7 7 4 2 1 0 0 0 1 0 0 0 0 0 0 0 0 0 0 0 0 0 0 0 2 3 7 19 16 10 10 4 6 29 29 15 5 3 1 1 1 1 0
10 7 9 25 19 43 54 51 60 23 33 46 11 29 17 24 42 16 15 15 17 14 5 6 15 6 3 17 26 34 40 12 24 20 37 39 38 39 31 40 52 54 56 62 56 50 44 17 18 26 15 7 5 3 2 2 1 0 0 0 0 1 1 1 0 0 0 0 0 0 0 0 0 0 1 0 1 3 5 11 12 26 18 22 15 39 22 21 9 9 6 4 2 1 1 0
3 6 13 14 18 27 28 34 17 34 41 30 10 12 9 7 26 6 8 7 2 10 6 13 5 5 5 16 29 17 64 72 62 53 72 52 56 38 45 38 51 62 57 74 44 24 20 4 10 19 25 12 5 3 2 2 2 1 3 1 1 1 1 1 0 0 0 0 0 0 0 0 1 0 1 1 1 2 5 13 31 23 31 27 45 29 29 22 7 6 15 8 4 1 1 1
2 5 5 4 10 20 25 22 16 21 22 23 5 11 4 10 12 6 3 2 2 3 4 2 7 6 22 32 31 18 29 52 82 59 73 90 88 73 73 61 30 66 73 65 76 59 52 25 19 20 15 10 10 3 3 6 4 2 1 1 1 1 1 0 0 0 0 0 0 0 0 0 1 2 2 1 1 1 3 4 32 47 44 17 15 61 26 26 20 20 8 8 5 3 2 2
1 2 2 7 5 16 11 27 22 28 12 4 6 2 5 7 3 42 3 7 37 25 12 5 4 4 4 10 12 20 26 23 30 75 59 83 87 82 82 74 67 38 75 75 76 53 56 30 20 17 7 6 2 2 1 1 1 2 1 1 0 0 0 0 0 0 0 0 0 0 0 0 1 2 3 1 1 2 3 4 22 50 39 13 43 45 30 46 40 17 15 10 7 3 5 3
1 1 3 7 18 6 11 18 18 20 8 6 4 2 2 1 1 1 12 15 17 38 33 12 7 4 9 10 12 19 18 28 28 29 21 55 87 63 80 49 60 56 55 65 62 52 29 13 32 23 13 9 9 6 3 1 1 1 1 0 0 0 0 0 0 0 0 0 0 0 0 1 1 3 8 4 2 4 8 14 34 56 29 26 43 16 7 12 15 6 5 9 5 5 3 1
1 1 2 1 2 5 8 11 9 7 8 5 2 1 1 3 1 2 2 10 10 4 45 31 7 2 12 28 21 23 28 17 26 39 21 26 60 71 69 64 63 52 56 45 46 53 44 20 8 19 14 11 8 8 6 2 1 0 0 0 0 0 0 0 0 0 0 0 0 0 0 0 1 2 6 11 5 4 6 29 40 72 27 31 56 19 16 11 7 3 3 5 4 3 1 0
0 0 0 1 1 2 3 4 6 7 4 2 1 1 1 1 3 3 7 18 5 3 5 26 32 6 17 30 31 35 46 33 37 48 39 31 26 61 45 50 26 31 20 29 28 24 6 24 12 9 11 5 5 5 5 3 2 1 1 1 1 0 0 0 0 0 0 0 0 0 1 1 1 2 3 12 24 10 21 25 63 59 52 71 24 24 23 17 19 15 6 7 4 2 1 0
0 0 0 1 1 1 2 2 2 3 3 1 2 1 1 1 3 7 14 7 4 2 5 37 21 17 20 12 7 17 26 29 36 37 39 44 23 22 22 17 27 17 8 8 12 18 12 16 6 5 7 5 4 3 2 2 1 1 1 0 0 0 0 0 0 0 0 0 1 1 1 1 3 2 4 5 40 10 14 47 67 49 57 63 53 39 24 44 33 7 6 4 2 1 0 0
0 0 0 0 0 0 0 1 2 2 2 2 1 1 2 2 1 4 12 16 7 5 4 10 11 12 12 30 10 33 48 32 29 38 36 49 44 24 15 8 8 13 16 14 20 17 9 4 5 7 4 4 2 2 2 1 1 0 0 0 0 0 0 0 0 0 0 1 1 1 2 1 1 3 15 16 42 26 30 56 70 66 48 54 34 19 18 34 21 13 4 2 1 1 0 0
0 0 0 0 0 0 0 2 1 1 0 1 7 11 21 17 7 3 3 4 7 7 6 16 36 30 27 25 29 28 41 44 42 45 41 52 49 62 42 15 16 9 9 8 8 6 7 3 2 4 2 3 3 2 1 1 1 0 0 0 0 0 0 0 0 0 1 1 1 1 2 2 1 5 15 12 36 59 41 61 66 66 64 56 34 40 24 22 19 11 5 3 1 1 0 0
0 0 0 0 0 0 0 1 0 0 0 2 1 1 5 26 7 3 2 3 5 8 9 10 8 12 32 51 56 53 49 50 54 61 58 50 53 57 63 56 25 15 14 16 15 7 4 4 5 4 5 5 2 1 1 1 1 1 0 0 0 0 0 0 0 0 1 2 3 3 3 3 2 6 29 15 8 50 84 60 66 68 59 47 33 19 5 13 17 9 3 1 1 1 1 1
0 0 0 0 0 0 0 0 0 2 5 8 3 2 3 2 2 1 3 5 6 17 9 13 26 19 6 23 25 61 66 63 72 77 62 47 63 72 72 58 29 24 20 23 22 20 8 15 7 3 1 1 1 1 0 1 0 0 0 0 0 0 0 0 0 1 1 3 5 6 6 8 5 9 27 42 12 44 65 57 55 37 24 13 15 21 8 9 9 4 3 2 2 1 1 1
0 0 0 0 0 0 0 0 0 0 0 0 1 5 6 3 3 5 3 9 16 8 10 22 15 28 17 6 6 47 35 71 85 68 65 67 53 57 67 64 52 53 36 18 25 29 12 12 7 3 3 3 1 2 1 0 1 1 1 0 0 0 0 0 1 1 1 4 5 12 10 16 7 9 27 48 45 34 67 40 27 16 24 16 12 5 4 5 11 8 3 2 2 2 1 0
0 0 0 0 0 0 0 0 0 0 0 0 1 3 1 1 6 9 4 11 7 11 15 15 14 26 34 16 13 11 16 12 53 59 51 48 38 57 48 31 25 17 13 11 15 26 11 8 5 4 3 2 1 0 0 1 1 1 0 0 0 0 0 0 1 1 3 4 4 9 28 17 22 9 13 46 45 73 44 28 33 21 19 17 19 7 9 10 7 3 3 4 5 2 1 0
0 0 0 0 0 0 0 0 0 1 2 5 2 1 1 5 5 15 9 4 3 6 5 11 10 14 25 22 41 41 22 34 37 26 14 26 33 40 24 28 13 12 5 8 8 8 7 9 3 2 2 2 2 1 0 1 1 1 1 0 0 0 0 0 0 1 1 1 2 3 10 32 48 13 8 32 28 65 30 41 23 21 12 18 17 14 11 4 7 5 5 7 2 1 1 0
0 0 0 0 0 0 0 0 0 0 1 4 2 1 4 5 13 7 22 4 5 6 7 10 20 20 51 43 20 18 14 16 35 43 31 25 41 45 37 30 30 21 34 23 10 9 9 9 7 3 1 2 1 1 1 1 1 0 0 0 0 0 0 0 1 1 2 5 4 2 6 11 26 38 21 23 61 50 42 31 16 27 24 14 7 13 14 10 13 14 5 4 2 1 1 1
0 0 0 0 0 1 0 0 0 0 1 1 2 1 4 8 14 4 7 6 8 9 10 11 61 68 56 33 52 59 50 32 49 48 41 37 45 59 44 39 45 32 20 17 13 12 18 17 7 4 4 3 3 3 2 1 0 0 0 0 0 0 0 0 1 2 4 8 9 5 4 6 17 40 51 30 70 50 50 51 42 23 27 31 23 18 24 16 10 12 12 4 3 2 1 1
0 0 0 0 0 0 0 0 0 1 2 2 3 2 7 12 20 13 4 14 10 10 18 26 47 71 71 51 26 38 41 35 24 26 36 29 31 40 35 56 62 34 34 29 34 28 19 20 10 7 7 7 3 2 2 1 1 0 0 0 0 0 0 1 2 3 9 10 6 7 7 12 16 17 14 66 70 50 41 40 27 31 47 36 34 38 31 34 20 14 5 3 2 2 1 1
0 0 0 0 0 0 0 0 2 7 19 5 1 5 9 4 5 6 3 6 8 15 22 55 56 26 53 52 43 59 59 46 24 16 20 21 35 43 52 48 36 34 62 50 50 37 19 10 7 4 2 3 3 2 1 1 0 0 0 0 0 0 0 1 2 5 9 12 11 18 17 16 39 49 41 48 67 58 32 38 38 48 43 25 32 31 27 17 19 6 3 2 3 2 1 1
0 0 0 0 0 0 1 6 15 8 30 26 4 4 11 7 6 1 2 4 3 6 9 38 13 18 37 61 62 71 84 48 60 42 25 15 27 69 54 54 61 14 18 7 9 18 8 12 5 5 3 3 3 2 1 1 0 0 0 0 0 0 0 1 4 11 11 12 8 32 55 18 49 71 74 59 46 47 42 26 36 32 35 48 36 28 16 13 13 9 7 7 4 3 1 0
0 0 0 0 0 0 0 1 2 4 2 1 5 7 9 8 16 4 5 5 6 5 16 24 6 5 7 39 41 32 48 79 54 66 60 55 51 50 42 44 52 49 35 37 32 16 15 19 10 8 6 2 2 1 1 1 1 1 1 0 0 1 2 3 5 9 13 13 10 11 33 64 36 62 73 71 58 38 53 42 55 55 35 24 31 27 16 11 11 20 12 8 3 1 1 0
0 0 0 0 0 0 1 1 3 3 3 7 5 6 7 8 18 6 2 10 13 10 15 38 12 2 12 8 22 30 14 24 60 52 64 62 39 14 13 14 29 32 27 33 40 41 22 10 14 9 5 6 4 2 1 2 1 1 1 0 0 1 3 6 13 19 12 11 31 29 21 20 63 73 60 72 54 53 73 69 26 23 23 28 25 16 22 16 15 7 5 2 1 1 0 0
0 0 0 0 0 0 0 0 1 2 4 5 2 6 5 5 9 1 3 4 3 24 21 40 29 10 12 18 26 21 21 9 8 16 20 18 18 16 15 11 7 13 11 15 31 28 14 23 18 13 9 7 5 3 3 2 1 1 1 0 1 1 3 9 18 20 14 24 26 52 39 38 27 30 51 55 70 65 43 47 39 50 44 49 36 26 33 25 9 4 3 2 1 0 0 0
0 0 0 0 0 0 0 0 1 1 2 4 3 4 4 10 8 2 3 3 6 24 33 35 14 2 13 30 20 34 36 13 40 48 50 44 40 33 32 15 12 12 38 44 42 21 25 20 19 16 12 7 5 4 3 2 2 1 0 0 0 1 7 13 15 30 20 31 31 26 74 56 46 35 21 64 48 68 57 54 57 68 64 52 38 44 26 18 7 5 3 2 1 1 1 1
0 0 0 0 0 0 0 0 1 1 1 4 16 18 16 28 21 4 2 2 18 24 30 26 15 31 7 28 27 39 25 43 43 29 34 37 30 29 15 23 47 56 30 30 19 26 21 17 23 14 15 11 7 4 3 3 1 1 0 0 0 1 4 14 40 35 22 37 33 28 29 50 65 21 16 31 71 81 77 67 63 60 59 60 49 29 28 14 19 7 3 2 1 1 1 3
0 0 0 0 0 0 0 0 0 2 5 5 15 24 24 7 3 2 1 8 15 18 28 40 37 15 19 24 19 19 26 68 32 31 38 40 39 25 34 38 61 51 48 41 41 37 32 25 30 22 18 10 8 5 4 2 1 1 1 0 0 1 4 10 34 30 45 53 42 61 60 64 63 32 34 50 68 64 67 58 57 53 49 51 37 27 24 24 22 13 3 3 1 2 2 5
0 0 0 0 0 0 0 0 0 4 6 7 8 60 16 5 7 5 3 11 11 15 20 12 10 9 38 12 24 19 44 33 45 53 42 42 41 44 51 45 35 51 53 56 52 50 36 43 32 14 10 8 7 7 6 3 2 1 1 0 1 1 4 10 23 25 24 47 68 56 73 64 67 36 59 61 66 67 49 48 52 51 37 29 26 24 21 19 13 11 8 5 2 4 6 7
0 0 0 0 0 0 0 0 1 3 4 6 2 8 5 1 5 6 9 7 10 22 23 11 8 21 14 20 32 54 60 49 47 49 38 42 54 54 58 52 55 69 67 48 40 53 49 45 25 17 14 11 7 5 4 5 3 1 0 0 1 2 5 11 17 28 25 32 60 79 73 69 60 83 70 49 38 43 52 53 47 49 47 39 25 30 16 24 13 8 9 6 2 5 7 6
0 0 0 0 0 0 0 0 3 1 2 2 1 1 0 1 5 5 4 8 11 10 11 22 22 10 12 36 56 24 20 21 44 39 47 54 56 55 54 53 57 67 52 52 63 53 51 47 23 21 14 10 7 4 4 4 2 1 1 0 0 1 8 14 28 27 28 29 31 37 53 57 61 70 20 43 44 43 38 40 38 36 31 47 37 32 26 21 11 10 8 4 4 8 8 14
0 0 0 0 0 0 0 0 2 3 4 3 3 4 4 2 1 2 2 11 18 9 41 43 17 18 22 38 22 23 25 31 36 34 46 54 56 55 46 72 61 49 48 58 29 44 56 51 43 33 10 9 6 8 7 3 2 2 1 0 0 1 3 13 22 30 63 46 51 50 47 31 46 64 50 55 56 43 42 41 46 40 45 42 36 13 13 8 10 18 9 3 6 17 18 20
0 0 0 0 0 0 0 1 3 7 6 1 2 4 5 4 2 1 2 14 12 35 28 12 14 32 20 20 22 24 33 30 23 33 40 63 43 42 61 54 47 67 72 39 55 51 49 49 34 15 11 15 13 10 9 7 5 3 2 1 0 1 5 9 18 41 63 81 50 60 51 33 36 71 77 42 49 56 58 38 37 40 48 39 23 9 21 17 12 6 3 1 8 20 22 23
0 0 0 0 0 1 2 4 7 7 1 1 1 1 0 1 3 1 4 9 11 14 5 9 24 9 7 16 21 25 44 33 25 34 46 53 48 63 68 66 49 43 46 56 50 52 35 35 28 23 19 25 19 8 7 6 6 3 2 1 1 2 4 11 23 36 58 74 69 68 53 54 60 74 48 43 40 41 49 52 38 68 50 25 28 31 23 14 6 3 2 4 14 22 23 27
0 0 0 0 1 0 0 1 2 1 0 1 2 2 2 3 7 3 12 5 5 4 3 10 10 15 17 25 36 29 28 22 25 31 57 40 74 70 69 42 31 30 39 54 61 51 47 44 38 33 27 23 14 7 6 5 4 3 3 2 1 3 6 16 35 42 41 45 68 79 72 36 44 72 43 48 69 65 63 68 62 45 40 36 35 35 14 11 6 4 4 12 17 24 18 29
0 0 0 0 0 0 0 1 1 1 0 1 2 3 4 5 3 4 14 9 11 11 2 12 13 25 27 27 22 13 21 24 28 34 71 40 25 16 17 35 37 55 66 69 66 56 48 46 29 39 21 17 18 8 9 4 3 4 3 3 2 5 12 16 41 45 42 27 48 70 71 49 60 70 45 29 50 73 72 69 67 37 43 43 35 31 12 9 13 5 12 17 10 30 31 32
0 0 0 0 0 0 0 0 2 3 0 2 2 1 1 1 2 16 8 5 7 10 9 8 24 18 20 25 16 20 32 32 22 72 26 20 43 48 48 48 62 70 63 67 68 67 58 48 32 29 26 23 19 16 12 9 7 5 4 2 4 9 23 52 51 51 39 47 56 61 72 45 49 61 73 52 54 55 69 71 58 59 41 42 37 25 13 4 5 12 14 9 17 23 49 36
0 0 0 0 0 0 0 1 2 2 3 2 1 1 1 2 3 7 5 11 7 11 9 10 19 19 19 20 24 21 34 34 40 33 9 31 36 44 56 82 61 60 69 70 69 67 51 43 33 24 26 25 21 12 13 7 9 9 4 5 6 19 18 41 49 47 45 56 60 52 78 71 53 71 67 55 60 61 58 55 61 48 36 32 31 16 8 2 5 18 10 18 26 30 52 34
0 0 0 0 0 0 0 0 0 2 1 0 1 1 1 1 6 3 2 13 32 16 3 6 28 18 28 24 14 19 49 76 43 8 17 43 33 65 71 65 64 73 71 54 58 56 53 47 30 33 29 28 23 20 18 15 13 11 7 6 8 10 18 25 50 68 56 73 75 63 56 56 59 65 73 73 56 51 43 43 46 41 33 34 25 13 5 3 14 18 20 39 45 37 44 34
0 0 0 0 0 0 0 1 1 1 1 1 1 1 1 5 3 4 6 15 9 4 9 16 3 22 19 13 34 36 59 37 12 18 49 24 47 39 51 76 79 60 49 78 70 48 53 53 46 38 34 31 25 22 20 18 15 9 9 11 13 24 18 21 25 52 74 77 74 72 80 79 56 69 54 49 34 41 53 57 41 42 28 33 24 5 4 14 13 23 36 47 42 28 42 43
0 0 0 0 0 0 1 0 0 0 1 1 1 0 0 12 2 1 2 2 4 6 14 5 3 13 8 12 48 40 38 9 12 23 45 62 43 49 65 70 69 59 65 36 50 43 56 65 47 44 38 35 32 27 25 23 12 6 13 22 18 30 29 32 36 50 58 83 64 62 43 68 52 37 36 49 58 47 42 42 39 25 37 24 8 5 10 16 24 22 27 39 55 43 46 43
0 0 0 0 0 0 0 0 0 0 1 0 0 1 1 9 2 2 2 2 10 6 8 1 11 17 9 27 58 28 21 9 15 19 60 66 59 50 53 59 57 64 52 40 46 75 61 54 50 61 46 37 35 31 29 24 13 9 23 29 45 53 40 44 38 50 65 67 77 59 49 41 48 56 48 64 50 51 44 44 31 33 17 9 6 11 21 29 26 42 41 31 32 43 38 32
0 0 0 0 0 0 0 0 0 0 0 1 0 1 5 2 2 1 5 7 5 7 4 8 28 9 11 35 28 20 26 17 36 49 67 55 48 51 44 34 35 56 68 61 66 56 60 60 67 52 48 58 22 33 29 17 8 22 35 37 62 62 47 61 46 36 45 77 76 35 72 48 45 57 58 57 52 53 51 37 29 31 12 14 12 21 28 34 30 34 44 32 33 44 48 39
0 0 0 0 0 0 0 0 0 0 1 0 1 4 1 1 2 3 6 7 5 3 5 6 14 9 12 36 11 12 18 18 45 53 51 50 36 45 38 44 53 57 60 75 59 58 58 72 57 53 66 49 42 38 22 19 10 22 49 49 54 69 55 65 65 47 49 56 82 34 40 73 70 53 52 53 62 50 57 53 34 26 9 8 13 26 36 43 48 48 46 46 34 40 57 48
0 0 0 0 0 1 1 0 0 0 0 0 2 1 1 2 3 1 1 5 2 4 10 7 11 15 15 6 8 13 25 34 45 52 19 12 43 36 43 38 42 55 62 72 71 57 75 52 70 72 51 47 48 41 26 21 13 23 51 60 56 68 50 53 69 46 66 43 68 38 42 69 43 60 59 55 52 52 68 44 37 11 8 13 25 30 37 47 36 27 34 57 28 32 49 65
0 0 0 0 0 0 0 1 0 0 0 0 1 1 1 1 1 1 0 1 2 3 8 7 5 12 10 5 11 10 21 8 31 18 10 28 20 24 30 52 56 60 66 69 60 43 64 71 67 59 60 49 48 43 40 24 25 28 56 74 72 69 61 50 66 64 33 42 79 40 59 56 51 54 50 45 55 31 30 31 13 8 12 26 28 38 48 47 29 32 45 27 18 22 33 64
0 0 0 0 0 0 0 0 0 0 0 0 1 1 1 3 2 0 1 0 1 5 5 3 7 13 6 19 21 21 42 35 30 14 9 12 27 25 27 26 33 58 46 52 63 36 30 31 49 52 61 54 49 47 29 18 31 44 58 65 83 75 54 53 58 63 57 26 61 13 19 32 43 52 55 59 59 57 44 41 17 9 17 30 32 56 62 52 38 37 44 44 38 22 31 50
0 0 0 1 1 0 0 0 0 0 0 1 3 1 2 2 4 2 3 1 5 8 3 9 12 7 7 2 2 7 29 8 10 6 11 20 12 17 19 20 52 49 37 52 33 39 42 54 55 67 55 58 54 36 32 20 32 48 62 66 73 55 56 61 66 39 42 47 54 23 26 27 26 19 38 48 46 48 30 26 11 17 29 31 36 60 55 26 39 50 33 48 26 27 33 54
0 0 0 0 0 0 0 0 0 1 1 2 5 4 3 8 3 1 3 4 9 4 3 7 7 5 1 3 3 11 14 6 5 15 26 20 27 21 25 40 34 42 59 36 40 42 59 56 66 53 53 54 54 36 16 33 39 71 64 66 65 69 57 71 69 47 33 58 39 24 37 52 51 57 60 54 45 21 17 8 13 32 31 34 39 65 64 23 26 49 34 54 30 30 36 70
0 0 0 1 1 1 0 0 0 0 1 2 3 3 0 1 0 0 2 8 6 3 5 3 9 10 2 2 4 14 6 4 7 22 34 16 19 23 32 18 48 44 32 47 41 56 59 69 69 59 68 54 39 39 24 39 44 65 76 59 63 70 51 41 65 63 33 39 44 52 57 41 44 46 35 45 36 23 9 24 22 32 38 54 47 63 67 36 36 39 22 58 34 32 35 51
0 1 2 5 7 4 2 1 1 1 2 1 1 1 3 1 1 2 5 5 7 4 4 2 3 4 1 3 5 15 5 6 41 28 12 11 17 22 27 36 62 48 57 35 47 67 70 56 56 73 62 44 40 39 25 54 67 59 64 74 63 68 71 44 74 71 39 37 39 50 36 38 55 43 46 28 34 30 18 37 38 37 43 55 44 48 55 48 53 36 33 60 33 34 29 45
3 4 6 2 5 16 4 1 0 1 0 0 1 1 1 1 1 5 8 3 2 5 2 2 6 8 2 2 3 9 10 34 15 6 13 13 8 6 29 30 44 27 65 51 57 70 42 53 67 62 49 47 41 40 39 57 66 66 64 73 57 61 66 57 50 61 38 15 31 60 40 49 51 55 44 44 45 41 29 38 40 52 46 54 41 37 49 48 45 40 37 59 33 27 35 43
0 3 5 1 0 2 3 4 0 0 0 1 1 1 2 1 1 3 2 3 1 2 5 2 8 17 4 2 7 12 24 34 13 14 17 3 4 7 16 32 26 39 55 58 58 54 57 55 60 57 47 45 39 41 46 48 60 76 64 60 76 47 57 59 43 28 11 9 7 26 39 59 56 50 40 39 32 16 26 35 38 52 48 56 41 53 62 64 51 45 34 48 48 17 38 46
1 0 0 1 0 0 0 0 0 0 1 0 0 1 2 1 2 3 1 1 0 2 1 2 6 5 1 2 4 6 4 7 14 11 10 10 7 3 44 13 22 16 51 39 64 47 51 39 60 59 42 41 37 38 45 64 60 75 72 68 62 57 49 48 14 10 25 40 28 35 38 45 46 31 30 26 14 23 38 37 39 53 57 36 50 49 60 61 47 45 32 44 48 20 22 53
0 0 1 0 0 0 0 0 0 0 1 0 0 1 0 0 2 1 1 1 1 4 5 4 8 5 1 1 2 3 3 12 14 11 16 11 19 5 42 20 4 20 54 43 56 48 52 63 56 52 47 40 38 60 60 54 63 63 69 46 54 57 32 29 20 19 25 45 37 27 52 53 64 59 48 16 23 24 37 50 57 41 55 38 50 63 59 56 43 46 32 40 51 42 18 31
0 1 0 1 1 0 0 1 0 1 0 0 0 0 0 1 1 3 1 2 10 2 4 6 17 7 2 2 2 7 9 7 10 26 10 16 18 11 65 37 9 29 16 51 46 38 59 37 51 49 37 41 37 56 71 56 55 56 64 67 37 43 32 21 21 13 19 20 28 21 46 53 60 70 36 22 26 38 33 54 54 52 50 49 34 59 59 61 47 50 20 42 35 34 26 18
0 0 0 0 0 0 0 1 0 0 0 0 0 0 1 1 1 3 1 1 2 8 5 9 7 1 0 0 1 6 9 4 7 12 16 25 11 13 38 42 19 32 16 54 38 32 40 29 46 43 50 35 35 46 54 82 45 51 45 37 43 19 21 19 11 12 27 21 28 27 50 52 34 52 25 19 39 38 36 39 54 51 49 45 44 61 56 68 51 45 27 45 41 20 26 15
0 0 0 0 0 1 0 0 0 0 0 0 0 0 2 2 1 1 1 0 1 1 1 1 1 1 1 0 2 2 7 10 15 9 14 17 9 8 10 59 28 32 30 46 14 41 31 43 47 31 43 32 33 32 58 58 64 46 33 18 28 12 11 17 13 13 23 21 37 33 41 45 37 25 25 39 38 39 38 34 41 51 60 47 41 63 63 64 61 37 24 52 34 32 29 13
0 0 0 0 0 0 0 0 0 1 0 0 0 0 1 1 1 1 2 1 1 1 2 2 2 6 3 1 1 1 3 8 12 12 13 12 12 9 5 32 57 46 33 19 15 24 23 43 31 16 40 30 32 27 42 65 50 51 26 9 13 3 3 3 6 7 17 30 38 46 54 37 24 20 42 41 42 56 52 38 33 46 45 54 60 72 47 67 47 32 25 60 35 45 21 13
0 0 0 0 1 0 0 0 0 0 0 0 0 0 1 0 0 1 0 0 0 1 1 5 8 1 1 1 1 0 1 2 3 11 8 3 12 8 8 17 67 49 21 12 14 26 39 17 29 13 22 34 26 47 50 38 31 30 32 10 13 5 6 3 12 22 22 27 36 31 39 37 14 22 34 34 53 44 40 29 29 20 44 56 53 43 57 58 51 32 21 59 32 39 35 11
0 0 0 0 1 0 0 0 0 0 1 0 0 0 1 1 1 0 0 0 2 2 2 2 2 2 4 2 1 1 4 4 2 4 4 3 18 2 1 15 33 38 22 15 12 56 37 15 13 24 33 36 24 43 61 35 48 17 26 17 10 7 9 5 8 9 12 20 40 45 24 17 19 32 29 33 29 33 23 9 23 30 44 43 50 46 63 51 16 37 17 44 46 21 13 16
0 0 0 0 0 0 0 0 0 0 0 0 1 1 1 1 0 0 1 0 0 1 1 1 3 7 2 1 1 1 6 4 5 7 6 6 8 3 5 8 27 29 28 20 18 69 27 24 15 20 31 25 29 59 59 35 41 19 14 12 7 2 2 16 12 15 22 24 48 23 19 19 33 29 29 28 40 40 31 22 26 43 37 54 46 48 44 58 18 27 20 18 47 14 10 14
0 0 0 0 0 0 0 1 0 0 1 1 0 0 0 1 0 0 0 0 0 1 2 4 5 2 2 3 1 1 3 7 7 13 11 9 12 7 7 12 26 36 20 29 11 32 21 37 24 11 11 32 41 41 47 33 30 15 9 10 6 2 4 7 12 22 26 28 30 28 31 28 29 31 43 17 21 41 29 20 33 35 31 46 33 39 21 31 25 19 46 18 28 12 15 14
0 0 0 0 0 0 0 0 0 1 2 1 0 0 0 1 0 0 0 0 0 1 6 3 3 3 4 7 4 5 1 7 7 14 5 13 9 14 12 12 15 19 18 32 7 31 32 36 26 20 23 33 30 25 36 16 18 16 8 4 2 3 4 5 7 14 15 38 45 31 28 26 25 41 27 13 16 42 39 21 29 31 26 26 44 38 9 13 26 35 30 19 14 8 16 21
