sesion_6_simulaciones/modelos_agentes/ejemplos_netlogo/scenarios/echam4_b2/rob_2093.asc
NCOLS 322 
NROWS 307 
XLLCORNER 451900 
YLLCORNER 4086900 
CELLSIZE 100 
NODATA_value -9999 
[rows 146 to 218 of 307, columns 192 to 287 of 322]
17 40 61 58 80 84 74 77 71 54 39 15 7 1 0 0 0 0 0 0 0 0 0 0 0 0 0 0 0 0 0 0 0 0 0 0 0 0 0 0 0 0 0 1 1 5 11 19 18 13 23 29 35 41 34 11 4 2 12 29 37 59 52 45 44 59 52 46 70 43 34 59 18 24 35 17 43 21 33 20 40 30 12 6 3 1 1 0 0 0 0 0 0 0 0 0
12 30 45 47 67 66 81 81 79 81 64 32 5 2 1 1 0 0 0 0 0 0 0 0 0 0 0 0 0 0 0 0 0 0 0 0 0 0 0 0 0 0 1 2 4 3 8 7 9 14 23 21 27 28 16 5 5 2 5 9 25 50 67 71 80 82 69 53 65 63 47 73 25 50 25 37 37 29 48 18 5 13 9 5 3 1 1 0 0 0 0 0 0 0 0 0
6 15 12 25 43 47 58 64 75 48 69 51 14 6 3 1 0 0 0 0 0 0 0 0 0 0 0 0 0 0 0 0 0 0 0 0 0 0 0 0 0 0 1 1 1 3 3 8 4 13 9 8 5 7 7 5 2 3 10 14 56 54 38 66 63 66 70 48 43 81 55 70 54 26 28 78 42 55 64 51 33 27 9 3 2 1 0 0 0 0 0 0 0 0 0 0
1 3 9 33 23 34 40 61 62 69 48 18 15 7 2 0 0 0 0 0 0 0 0 0 0 0 0 0 0 0 0 0 0 0 0 0 0 0 0 0 0 0 0 1 2 3 2 4 6 6 6 3 3 4 2 1 1 5 7 25 18 32 69 72 43 62 79 77 58 70 81 78 76 37 38 71 43 59 42 26 33 14 10 4 2 1 0 0 0 0 0 0 0 0 0 0
1 0 4 13 16 22 40 44 46 63 27 16 10 3 1 1 0 0 0 0 0 0 0 0 0 0 0 0 0 0 0 0 0 0 0 0 0 0 0 0 0 2 4 3 5 4 1 1 3 3 3 2 1 1 0 0 2 4 8 14 11 21 57 50 43 62 42 48 76 85 80 70 62 48 40 64 55 25 13 13 4 4 3 1 1 1 0 0 0 0 0 0 0 0 0 0
1 0 1 2 2 10 13 11 28 49 23 21 19 4 1 0 0 0 0 0 0 0 0 0 0 0 0 0 0 0 0 0 0 0 0 0 0 0 0 0 1 2 1 1 1 1 1 0 0 2 1 1 0 0 0 1 3 5 8 7 12 32 28 44 54 46 28 49 53 39 57 73 61 49 76 57 46 22 21 16 3 2 2 1 1 1 0 0 0 0 0 0 0 0 0 0
5 1 0 0 1 2 2 6 30 34 53 27 18 6 1 0 0 0 0 0 0 0 0 0 0 0 0 0 0 0 0 0 0 0 0 0 0 0 0 1 1 1 1 1 0 0 0 0 0 0 0 0 0 0 0 1 2 2 5 9 17 17 15 13 37 19 29 38 30 36 36 59 61 62 58 60 41 39 30 12 10 8 12 4 2 1 1 1 0 0 0 0 0 0 0 0
3 1 0 0 1 0 0 4 15 7 38 36 20 5 1 0 0 0 0 0 0 0 0 0 0 0 0 0 0 0 0 0 0 0 0 1 0 0 0 1 2 0 1 2 2 1 0 0 0 0 0 0 0 0 0 0 1 2 2 6 22 12 10 8 9 18 22 17 39 41 47 40 45 57 42 36 42 52 52 45 35 17 8 10 4 2 1 0 0 0 0 0 0 0 0 0
3 0 0 0 0 0 0 3 2 3 18 16 7 2 0 0 0 0 0 0 0 0 0 0 0 0 0 0 0 0 0 0 0 0 0 0 1 1 1 1 1 0 0 0 0 0 0 0 0 0 0 0 0 0 0 0 1 1 2 3 3 4 5 6 5 13 25 18 10 21 30 29 39 55 48 45 22 17 26 26 29 13 8 4 2 1 1 1 1 0 0 0 0 0 0 0
1 0 0 0 0 0 0 1 1 3 8 7 3 0 0 0 0 0 0 0 0 0 0 0 0 0 0 0 0 0 0 0 0 0 0 0 1 1 1 1 1 0 0 0 0 0 0 0 0 0 0 0 0 0 0 1 1 1 3 2 1 1 2 4 4 4 7 8 21 27 29 43 45 60 32 36 45 18 12 6 3 3 1 1 1 1 1 1 1 0 0 0 0 0 0 0
0 0 0 0 0 0 0 0 0 1 1 1 0 0 0 0 0 0 0 0 0 0 0 0 0 0 0 0 0 0 0 0 0 0 0 0 1 1 0 0 0 0 0 0 0 0 0 0 0 0 0 0 0 0 0 1 1 1 1 1 0 1 5 16 14 10 17 37 48 45 56 41 69 66 59 71 57 32 24 17 18 7 3 1 1 2 2 1 0 0 0 0 0 0 0 0
0 0 0 0 0 0 0 0 0 0 0 0 0 0 0 0 0 0 0 0 0 0 0 0 0 0 0 0 0 0 0 0 0 0 0 0 0 0 0 0 0 0 0 0 0 0 0 0 0 0 0 0 0 0 0 0 0 0 0 0 0 2 6 17 15 25 16 37 45 57 37 26 35 37 72 44 26 25 43 45 22 11 6 3 3 3 1 0 0 0 0 0 0 0 0 0
0 0 0 0 0 0 0 0 0 0 0 0 0 0 0 0 0 0 0 0 0 0 0 0 0 0 0 0 0 0 0 0 0 0 0 0 0 0 0 0 0 0 0 0 0 0 0 0 0 0 0 0 0 0 0 0 0 0 0 1 1 5 6 8 13 25 30 32 30 37 75 46 42 47 61 45 68 58 48 44 29 17 8 3 1 1 1 1 1 0 0 0 0 0 0 0
0 0 0 0 0 0 0 0 0 0 0 0 0 0 0 0 0 0 0 0 0 0 0 0 0 0 0 0 0 0 0 0 0 0 0 0 0 0 0 0 0 0 0 0 0 0 0 0 0 0 0 0 0 0 0 1 0 0 1 2 4 7 6 13 20 33 20 45 42 52 44 28 57 61 76 71 45 23 15 12 7 6 2 1 1 1 1 1 0 0 0 0 0 0 0 0
0 0 0 0 0 0 0 0 0 0 0 0 0 0 0 0 0 0 0 0 0 0 0 0 0 0 0 0 0 0 0 0 0 0 0 0 0 0 0 0 0 0 0 0 0 0 0 0 0 1 0 0 0 1 0 1 0 0 1 6 10 7 10 23 26 19 24 21 19 31 41 31 29 29 62 59 59 54 18 12 9 3 1 2 1 1 1 0 1 1 1 0 0 0 0 0
0 0 0 0 0 0 0 0 0 0 0 0 0 0 0 0 0 0 0 0 0 0 0 0 0 0 0 0 0 0 0 0 0 0 0 0 0 0 0 0 0 0 0 0 0 0 0 0 0 1 1 1 1 1 1 1 1 1 2 5 11 13 15 11 22 23 30 64 61 38 58 56 39 46 66 71 45 41 33 18 15 5 5 1 2 2 2 0 1 1 2 0 1 0 0 0
0 0 0 0 0 0 0 0 0 0 0 0 0 0 0 0 0 0 0 0 0 0 0 0 0 0 0 0 0 0 0 0 0 0 0 0 0 0 0 0 0 0 0 0 0 0 0 0 0 0 0 2 1 1 1 1 2 1 3 7 8 12 18 17 12 21 28 40 45 43 57 63 37 51 74 74 45 40 32 19 10 5 4 2 3 4 2 1 3 3 1 0 0 0 0 0
0 0 0 0 0 0 0 0 0 0 0 0 0 0 0 0 0 0 0 0 0 0 0 0 0 0 0 0 0 0 0 0 0 0 0 0 0 0 0 1 1 0 0 0 1 1 1 1 0 0 0 1 2 2 2 1 4 2 2 9 12 17 24 34 25 9 8 16 22 48 42 40 35 34 61 73 46 61 45 19 8 4 6 5 7 4 4 5 4 4 1 0 0 0 0 0
0 0 0 0 0 0 0 0 0 0 0 0 0 0 0 0 0 0 0 0 0 0 0 0 0 0 0 0 0 0 0 0 0 0 0 0 0 0 0 1 1 0 0 0 0 2 1 1 1 1 0 0 1 2 3 4 6 6 5 9 12 15 16 24 33 40 28 21 18 29 36 36 29 33 47 71 45 46 36 12 12 5 14 8 14 13 14 12 4 1 1 0 0 0 0 0
0 0 0 0 0 0 0 0 0 0 0 0 0 0 0 0 0 0 0 0 0 0 0 0 0 0 0 0 0 0 0 0 0 0 0 0 0 0 1 1 1 1 0 0 1 1 1 1 2 1 0 0 0 0 1 2 8 29 9 11 15 15 18 20 28 45 46 37 26 42 37 31 49 63 62 69 59 49 42 23 16 16 24 12 23 11 3 1 2 0 0 0 0 0 0 0
0 0 0 0 0 0 0 0 0 0 0 0 0 0 0 0 0 0 0 0 0 0 0 0 0 0 0 0 0 0 0 0 0 0 0 0 0 0 0 1 0 0 2 0 0 2 2 2 1 2 1 1 1 1 2 3 6 8 12 23 41 28 20 21 28 49 62 49 37 42 38 38 56 50 66 67 45 46 43 36 22 25 23 38 30 14 4 2 2 1 1 0 0 0 0 0
0 0 0 0 0 0 0 0 0 0 0 0 0 0 0 0 0 0 0 0 0 0 0 0 0 0 0 0 0 0 0 0 0 0 0 0 0 0 0 0 0 1 1 2 1 1 1 4 3 5 4 3 1 1 2 4 6 10 6 11 14 15 26 56 32 30 34 46 32 48 29 24 19 32 54 74 54 54 43 38 40 62 31 38 45 23 5 2 3 2 1 0 0 0 0 0
0 0 0 0 0 0 0 0 0 0 0 0 0 0 0 0 0 0 0 0 0 0 0 0 0 0 0 0 0 0 0 0 0 0 0 0 0 0 0 0 0 1 2 1 0 1 3 0 2 8 16 10 5 3 2 7 3 3 3 10 21 12 28 17 48 34 18 16 22 17 53 64 52 52 45 63 30 33 39 56 73 46 59 36 15 10 5 1 1 1 1 0 0 0 0 0
0 0 0 0 0 0 0 0 0 0 0 0 0 0 0 0 0 0 0 0 0 0 0 0 0 0 0 0 0 0 0 0 0 0 0 0 0 0 0 0 0 0 0 1 1 1 3 4 1 2 5 10 13 6 5 3 5 8 6 10 12 24 31 43 43 69 38 25 34 30 43 55 45 67 44 74 30 61 73 72 72 72 56 43 30 11 7 1 1 1 0 0 0 0 0 0
0 0 0 0 0 0 0 0 0 0 0 0 0 0 0 0 0 0 0 0 0 0 0 0 0 0 0 0 0 0 0 0 0 0 0 0 0 0 0 0 1 1 1 1 3 3 2 4 14 4 7 8 21 10 12 4 5 7 22 11 13 16 28 26 33 43 61 49 26 32 44 70 42 44 70 66 71 68 64 78 79 70 41 14 9 8 4 1 1 1 0 0 0 0 0 0
0 0 0 0 0 0 0 0 0 0 0 0 0 0 0 0 0 0 0 0 0 0 0 0 0 0 0 0 0 0 0 1 0 0 0 0 0 0 0 0 1 2 2 3 2 7 8 3 9 12 10 14 21 16 14 8 9 13 14 15 17 16 17 17 23 28 39 62 42 32 34 64 31 30 41 61 67 80 78 78 49 37 28 16 11 3 1 0 1 0 0 0 0 0 0 0
0 0 0 0 0 0 0 0 0 0 0 0 0 0 0 0 0 0 0 0 0 0 0 0 0 0 0 0 0 0 0 1 1 0 0 0 0 1 1 0 1 3 2 2 10 9 7 11 8 32 33 16 11 56 23 20 20 17 16 26 20 23 18 21 20 44 53 49 58 69 49 22 50 34 63 68 44 68 75 79 55 33 28 13 8 6 7 4 1 1 1 0 0 0 0 0
0 0 0 0 0 0 0 0 0 0 0 0 0 0 0 0 0 0 0 0 0 0 0 0 0 0 0 0 0 0 0 0 1 0 0 0 0 1 1 1 1 2 4 3 11 9 27 15 26 32 38 33 30 47 30 24 21 23 20 32 20 15 21 30 31 40 39 56 47 22 57 51 44 51 50 44 36 44 40 66 76 51 38 33 30 16 8 5 3 1 0 0 0 0 1 0
0 0 0 0 0 0 0 0 0 0 0 0 0 0 0 0 0 0 0 0 0 0 0 0 0 0 0 0 0 0 0 0 0 1 1 0 0 0 1 2 1 3 4 3 12 17 30 33 39 28 55 56 62 61 52 48 48 34 21 46 38 25 15 23 34 54 49 60 67 72 52 53 45 67 43 58 43 45 44 25 22 48 41 32 18 11 6 5 4 1 0 0 0 0 1 0
0 0 0 0 0 0 0 0 0 0 0 0 0 0 0 0 0 0 0 0 0 0 0 0 0 0 0 0 0 0 0 0 0 1 1 0 0 0 0 2 4 4 3 11 20 19 21 16 31 52 57 65 69 66 70 58 56 55 42 56 34 29 17 20 34 21 42 48 57 62 55 43 28 50 52 50 43 45 47 51 41 34 40 26 16 13 23 5 1 1 0 0 0 0 1 1
0 0 0 0 0 0 0 0 0 0 0 0 0 0 0 0 0 0 0 0 0 0 0 0 0 0 0 0 0 0 0 1 1 1 1 1 1 0 1 0 1 4 9 5 27 46 24 30 40 47 64 69 73 68 58 76 60 59 63 64 42 48 23 35 39 55 36 44 42 48 40 48 65 41 61 39 52 57 63 64 47 45 34 14 16 11 9 4 2 1 0 0 0 1 2 2
0 1 1 1 0 0 0 0 0 0 0 0 0 0 0 0 0 0 0 0 0 0 0 0 0 0 0 0 0 0 0 1 1 3 2 2 1 1 1 1 2 1 2 7 19 24 42 49 45 50 63 69 73 70 79 82 65 63 65 66 63 52 32 47 46 46 30 28 30 35 37 45 58 54 39 45 65 70 56 60 62 45 33 17 8 9 7 3 2 1 0 0 0 1 1 4
0 1 1 1 0 0 0 0 0 0 0 0 0 0 0 0 0 0 0 0 0 0 0 0 0 0 0 0 0 0 0 1 1 2 1 2 2 3 3 8 18 3 2 3 6 9 17 68 68 70 42 69 70 78 83 52 50 73 68 67 69 65 52 50 68 58 38 26 31 27 30 31 32 67 67 54 56 73 67 55 53 53 46 19 8 6 4 2 1 0 0 0 0 1 2 6
0 2 1 1 0 0 0 0 0 0 0 0 0 0 0 0 0 0 0 0 0 0 0 0 0 0 0 0 0 0 0 0 1 2 3 1 1 1 1 2 7 18 11 6 9 26 23 51 51 69 75 61 71 72 69 72 65 40 77 76 68 64 49 46 62 55 40 24 32 36 31 39 41 56 67 51 60 69 62 53 56 60 41 23 13 6 3 1 0 0 0 0 1 1 2 5
1 3 2 1 0 0 0 0 0 0 0 0 0 0 0 0 0 0 0 0 0 0 0 0 0 0 0 0 0 0 0 0 0 3 2 0 1 0 0 1 3 5 17 34 43 29 36 19 21 25 29 45 69 67 58 70 55 60 53 75 69 61 48 46 69 36 26 23 21 33 40 52 63 69 52 46 47 58 48 39 42 41 34 22 9 4 3 2 1 0 0 0 0 1 2 3
1 5 3 1 0 0 0 0 0 0 0 0 0 0 0 0 0 0 0 0 0 0 0 0 0 0 0 0 0 0 0 0 0 0 0 0 0 0 0 2 2 4 5 25 29 24 12 9 27 23 32 41 67 57 59 74 76 72 75 68 63 68 62 59 40 21 37 37 17 26 28 39 56 35 34 28 33 39 28 34 43 38 17 15 8 5 4 4 2 1 0 0 0 1 2 2
3 3 1 1 0 0 0 0 0 0 0 0 0 0 0 0 0 0 0 0 0 0 0 0 0 0 0 0 0 0 0 0 0 0 0 0 0 1 1 1 1 3 4 3 8 13 8 24 38 27 27 61 32 56 76 49 78 63 45 46 80 74 67 42 15 22 35 43 30 40 39 26 51 25 36 31 36 37 49 44 40 33 27 27 16 9 6 4 3 1 0 0 0 1 1 1
9 1 1 1 1 0 0 0 0 0 0 0 0 0 0 0 0 0 0 0 0 0 0 0 0 0 0 0 0 0 0 0 0 0 0 0 0 0 1 1 3 2 2 5 5 4 19 27 33 28 38 36 44 55 42 49 50 44 34 34 22 48 56 43 43 22 58 60 45 40 47 54 64 61 55 58 58 57 62 53 49 54 40 41 25 7 5 4 3 1 0 0 0 0 1 1
7 3 1 2 1 1 0 0 0 0 0 0 0 0 0 0 0 0 0 0 0 0 0 0 0 0 0 0 0 0 0 0 0 0 0 0 0 1 1 1 1 1 3 3 4 4 9 17 22 39 34 32 48 40 41 53 49 63 63 45 34 44 59 50 65 33 48 63 56 24 32 66 40 61 70 67 66 60 63 67 66 53 27 22 18 9 5 4 1 1 0 0 0 0 1 2
7 6 7 2 1 1 1 0 0 0 0 0 0 0 0 0 0 0 0 0 0 0 0 0 0 0 0 0 0 0 0 0 0 0 0 1 0 0 1 1 1 1 2 2 2 3 9 20 44 49 45 54 45 65 42 62 59 33 44 51 43 43 66 89 91 67 59 56 42 27 26 18 14 31 28 30 32 41 56 58 46 36 31 29 23 12 6 3 1 1 0 0 0 0 0 1
20 16 7 3 2 1 0 0 0 0 0 0 0 0 0 0 0 0 0 0 0 0 0 0 0 0 0 0 0 0 0 0 0 0 0 0 0 0 0 0 0 0 2 1 2 7 8 5 29 27 35 32 25 39 58 61 28 29 40 53 56 50 45 57 36 71 49 57 19 12 36 48 46 43 40 45 43 28 18 32 45 25 27 44 23 12 6 2 2 1 0 0 0 0 0 1
17 14 6 3 1 1 0 0 0 0 0 0 0 0 0 0 0 0 0 0 0 0 0 0 0 0 0 0 0 0 0 0 0 0 0 0 0 0 1 0 1 0 1 1 5 6 6 5 15 13 16 6 7 7 10 10 19 43 39 40 55 57 42 39 27 37 33 13 30 25 14 32 64 59 31 32 53 59 70 65 57 39 13 24 29 12 8 6 3 1 0 0 0 1 1 1
18 15 4 2 1 1 1 1 0 0 0 0 0 0 0 0 0 0 0 0 0 0 0 0 0 0 0 0 0 0 0 0 0 0 0 0 0 0 0 1 1 1 2 3 4 8 6 4 3 5 3 5 8 11 12 16 24 20 43 31 39 27 31 19 14 12 27 21 23 24 28 21 21 42 23 26 55 74 66 63 49 28 22 28 20 7 4 4 3 2 1 0 0 1 1 2
20 9 6 4 2 3 2 1 0 0 0 0 0 0 0 0 0 0 0 0 0 0 0 0 0 0 0 0 0 0 0 0 0 0 0 0 0 0 1 0 0 1 2 3 5 3 3 3 5 5 8 16 21 26 29 38 26 39 18 17 26 48 43 30 42 39 34 19 28 20 35 45 20 35 36 47 62 58 48 39 31 26 17 14 9 4 1 2 2 2 1 0 0 1 2 5
17 9 9 5 9 5 1 1 0 0 0 0 0 0 0 0 0 0 0 0 0 0 0 0 0 0 0 0 0 0 0 0 0 0 0 0 0 0 0 0 0 1 1 2 2 4 6 7 8 6 5 23 41 41 42 51 51 39 50 26 35 44 66 57 38 48 38 30 18 25 48 65 29 38 32 42 73 66 58 55 39 33 18 11 17 4 5 6 4 1 0 0 0 1 2 5
12 8 11 14 7 5 2 0 1 1 1 1 0 0 0 0 0 0 0 0 0 0 0 0 0 0 0 0 0 0 0 0 0 0 0 0 0 0 0 0 1 1 1 1 2 4 9 15 21 13 25 36 35 43 48 50 55 53 58 57 43 49 45 53 54 53 37 30 15 12 21 24 20 23 42 59 51 45 42 27 39 36 17 5 2 2 5 4 2 1 0 0 1 1 2 4
7 14 22 24 10 4 3 3 3 2 1 1 1 0 0 0 0 0 0 0 0 0 0 0 0 0 0 0 0 0 0 0 0 0 0 0 0 0 1 1 1 1 1 1 2 4 5 13 27 39 59 51 36 37 56 69 50 55 69 63 53 35 41 51 35 20 24 18 8 23 34 26 18 26 38 34 41 30 33 33 33 11 5 6 11 6 4 3 2 0 0 0 1 1 2 2
12 22 19 25 18 6 6 8 7 4 2 1 1 0 0 0 0 0 0 0 0 0 0 0 0 0 0 0 0 0 0 0 0 1 0 0 0 1 1 2 2 3 3 2 2 4 2 4 11 11 36 56 69 59 49 67 52 60 74 68 67 29 23 22 18 17 18 22 6 27 27 38 29 28 15 16 21 11 16 23 19 18 24 14 25 8 4 5 1 0 0 1 1 3 2 3
27 26 27 30 21 16 17 12 11 6 2 1 0 0 0 0 0 0 0 0 0 0 0 0 0 0 0 0 1 1 0 0 0 1 0 0 0 0 1 4 6 10 9 6 6 4 6 10 12 15 19 31 41 71 68 59 74 68 49 58 69 67 47 25 13 7 10 18 9 27 42 38 28 19 22 36 34 49 54 46 45 55 42 21 11 7 5 2 0 0 0 1 3 3 5 7
51 34 24 14 29 23 16 11 7 4 2 1 1 1 0 0 0 0 0 0 0 0 0 0 0 0 0 1 1 1 1 1 1 1 1 1 1 1 1 4 12 11 22 13 9 10 15 18 27 26 35 46 52 48 53 54 65 69 64 64 39 48 33 59 44 13 8 12 26 43 46 52 55 50 24 37 57 74 70 66 63 38 15 5 11 6 1 0 0 0 0 0 1 5 7 9
61 44 23 11 19 17 8 7 2 1 1 1 1 1 0 0 0 0 0 0 0 0 0 0 0 0 0 1 1 0 1 1 1 1 2 1 2 3 1 4 7 15 21 28 17 14 27 24 29 43 36 52 57 50 51 54 36 40 60 54 54 50 23 32 22 15 5 21 36 34 38 34 36 44 41 68 51 49 69 64 54 26 27 17 8 5 2 0 0 0 0 1 1 3 9 22
49 38 16 7 9 7 4 4 2 2 2 3 2 1 0 0 0 0 0 0 0 0 0 0 0 0 0 0 1 1 0 2 2 1 2 2 2 7 10 7 9 18 23 31 32 17 30 42 49 48 41 70 62 55 52 51 51 16 18 22 13 15 31 29 9 17 19 50 18 14 17 21 30 48 67 70 66 39 56 40 37 31 22 14 9 4 2 0 0 1 1 1 1 3 5 12
41 25 11 7 5 3 5 5 4 3 5 2 1 0 0 0 0 0 0 0 0 0 0 0 0 0 0 0 1 1 1 1 0 3 6 5 6 8 5 13 24 21 37 38 40 21 26 43 47 55 59 64 57 58 56 36 30 33 38 36 31 35 29 19 17 2 14 7 8 10 30 58 61 63 53 62 67 65 59 45 47 29 25 15 8 4 1 0 0 1 3 2 2 3 5 9
49 32 29 23 20 12 17 12 13 8 3 3 1 0 0 0 0 0 0 0 0 0 0 0 0 0 1 1 1 2 2 1 1 3 8 10 12 12 8 10 11 11 8 8 19 32 49 47 49 45 51 58 55 57 51 60 47 17 60 60 38 29 24 16 19 5 10 16 29 28 46 52 60 73 63 47 65 54 60 41 41 46 28 13 7 1 0 0 1 2 4 3 4 5 9 11
58 45 57 51 27 5 2 7 11 7 4 3 2 1 1 0 0 0 0 0 0 0 0 0 0 1 1 1 2 2 3 4 2 3 9 13 17 15 17 10 11 16 16 10 11 12 38 59 58 58 39 39 53 54 53 51 46 64 44 32 38 47 48 39 13 4 11 28 34 38 49 30 45 49 46 52 58 68 66 65 59 40 29 11 4 1 1 0 2 2 4 2 5 13 17 27
66 66 39 17 5 3 17 16 8 2 4 7 5 3 1 1 0 0 0 0 0 0 0 0 0 1 1 1 2 4 6 7 4 5 6 16 24 26 30 12 31 17 30 21 13 16 17 28 63 74 51 34 50 62 50 45 51 35 55 55 35 33 45 36 9 9 7 5 33 62 61 61 58 61 45 61 64 62 47 55 40 30 39 19 4 2 1 0 2 3 3 5 5 8 15 28
58 36 31 13 10 17 22 13 6 4 5 5 4 2 1 1 1 0 0 0 0 0 0 0 0 1 1 1 4 7 8 10 6 2 3 11 9 18 23 28 44 46 30 38 40 16 19 56 59 65 52 35 40 39 61 42 38 43 26 29 29 41 42 22 15 10 17 26 27 23 49 65 65 77 68 53 77 62 48 45 50 34 11 26 5 1 0 1 2 2 5 6 8 8 11 14
28 38 45 19 17 32 19 16 18 13 6 3 1 1 1 1 1 1 0 0 0 0 0 0 0 0 1 3 6 5 13 14 8 5 6 7 9 13 9 34 44 53 51 32 54 30 29 59 57 33 66 35 42 37 36 67 52 43 67 53 24 22 27 26 12 12 12 16 28 54 58 68 71 55 76 62 49 45 63 36 40 35 11 3 5 1 0 1 2 3 7 6 15 28 26 16
34 38 47 51 48 40 33 24 11 6 3 1 1 1 2 1 1 0 0 0 0 0 0 0 0 0 1 1 3 3 7 7 15 21 15 10 11 14 14 22 25 46 49 63 50 45 37 60 48 38 58 60 22 38 38 19 18 19 39 39 41 14 17 15 9 20 22 37 34 58 69 63 51 66 51 70 56 60 57 47 45 12 3 1 1 0 0 2 3 3 5 4 18 31 27 29
64 61 63 47 45 32 17 18 7 5 2 2 6 2 1 1 0 1 1 0 0 0 0 0 0 1 2 1 3 5 15 16 24 28 26 23 12 14 27 18 32 25 32 71 69 60 46 61 29 28 44 28 25 27 31 38 21 18 17 18 17 35 33 19 12 10 27 42 27 23 14 23 37 31 50 48 61 62 50 43 30 13 4 2 0 0 1 2 2 4 4 5 10 18 23 31
64 56 50 54 40 14 8 9 10 7 6 9 7 2 1 1 1 0 0 0 0 0 0 0 1 2 2 4 5 4 12 26 31 35 35 44 15 11 22 33 34 34 44 55 70 56 42 58 62 58 36 51 78 33 35 40 29 18 17 24 7 8 14 12 20 6 12 25 51 51 35 32 32 10 10 20 33 36 46 33 15 11 6 1 0 0 1 2 2 2 4 8 14 7 15 16
57 42 37 36 27 21 15 8 11 14 10 4 1 2 1 1 1 0 0 0 0 0 0 0 1 2 5 6 9 14 14 27 51 44 32 52 29 21 24 25 40 37 52 55 66 52 35 49 63 73 47 45 64 56 28 38 37 34 18 22 25 17 11 8 21 4 19 47 46 54 55 58 43 39 34 25 13 21 25 34 21 4 1 1 0 0 1 2 3 4 5 7 9 11 25 33
35 37 46 29 28 23 19 29 8 3 2 1 4 5 2 1 1 0 0 0 0 0 0 0 1 2 4 10 20 20 38 42 53 57 57 35 49 36 29 35 55 51 56 59 38 54 71 50 35 20 44 40 20 46 48 29 38 31 16 8 10 23 11 8 9 19 24 29 43 52 58 52 36 58 59 57 47 33 18 13 12 3 1 0 0 1 1 1 2 4 5 6 9 10 14 18
55 39 53 38 32 60 38 14 9 5 6 7 8 2 1 0 0 0 0 0 0 0 1 0 1 2 7 11 16 26 39 56 72 71 66 67 53 68 54 40 60 69 54 34 44 63 70 65 37 39 37 49 46 29 34 32 31 23 22 14 6 13 14 3 2 10 16 30 40 51 72 81 67 61 73 71 77 52 29 9 5 2 0 0 0 0 1 1 2 4 5 7 12 16 17 23
51 50 35 29 29 17 24 26 24 21 15 5 2 2 1 0 0 0 0 0 0 0 1 1 2 4 5 9 14 18 21 47 59 82 76 57 59 72 69 42 46 73 52 48 33 54 65 64 73 53 39 35 50 63 44 16 32 38 31 11 6 5 5 3 10 7 39 57 77 47 40 71 79 57 30 39 52 52 25 9 3 1 0 0 0 1 1 1 2 5 7 8 11 16 18 22
34 45 42 26 15 8 4 20 12 8 9 3 1 1 1 0 0 0 0 0 0 0 1 3 5 7 13 10 10 9 17 31 40 66 83 44 37 77 73 42 41 62 67 43 39 52 50 63 64 59 16 16 37 45 24 19 27 23 21 31 8 5 6 5 6 20 10 11 33 83 56 40 55 64 32 19 23 44 23 6 2 1 0 0 0 1 1 1 2 3 7 7 12 13 26 33
38 38 31 25 29 27 12 16 12 9 4 2 2 1 1 0 0 0 0 0 0 0 0 2 6 10 10 14 21 26 19 23 29 37 55 74 44 45 78 69 42 40 64 48 35 45 45 58 68 61 42 15 53 38 30 20 16 4 6 10 4 3 2 6 9 12 15 39 45 59 67 46 41 21 15 8 2 17 18 4 1 0 0 0 0 1 1 2 2 4 5 4 9 14 11 19
23 21 16 23 17 18 9 20 10 8 4 2 1 1 1 0 0 0 0 0 0 0 0 1 3 6 7 10 12 10 38 26 31 23 41 56 79 45 26 64 59 39 65 49 28 38 42 54 43 49 57 22 22 23 16 22 10 7 6 2 3 5 4 12 8 18 30 32 33 66 67 46 37 47 30 16 4 2 8 4 1 0 0 0 1 1 1 2 2 5 5 14 17 23 23 23
30 29 38 52 24 22 10 15 9 5 3 1 1 1 0 0 0 0 0 0 0 0 0 1 2 4 4 17 18 13 42 64 76 66 68 76 69 61 44 32 32 55 54 38 26 26 43 50 49 29 52 19 21 20 18 22 16 5 7 9 5 4 5 11 50 39 52 52 44 49 30 44 51 55 40 21 9 2 2 1 1 0 0 0 1 2 1 1 3 3 6 7 15 20 29 38
42 42 38 32 26 25 15 10 6 3 2 1 1 1 1 0 0 0 0 0 0 0 0 1 2 3 3 3 10 32 37 49 59 63 34 29 45 66 62 60 29 22 62 38 23 30 29 18 49 27 16 29 8 16 9 7 18 4 6 5 4 3 9 14 42 41 31 38 30 30 53 58 67 55 45 26 4 3 1 0 0 0 0 1 1 0 1 1 2 3 5 3 6 8 15 25
12 17 21 23 18 19 19 14 11 5 3 3 2 1 1 0 0 0 0 0 0 0 0 1 1 1 2 7 12 14 30 19 16 22 39 55 61 39 52 72 70 52 47 32 40 22 22 17 9 12 14 7 19 9 16 4 4 6 2 3 2 2 4 8 9 9 21 39 43 58 67 62 43 39 16 26 11 5 2 0 0 0 0 1 0 1 1 2 3 7 4 11 12 6 18 33
9 6 13 14 9 9 16 16 8 9 7 5 3 1 1 0 0 0 0 1 0 0 1 1 1 1 2 3 5 7 15 22 19 43 50 54 42 46 40 66 43 26 27 29 38 35 26 13 10 29 11 13 6 14 18 6 3 2 5 2 3 4 16 17 27 25 42 50 56 60 67 50 49 38 15 6 7 3 1 0 0 0 0 0 1 1 3 2 5 2 3 7 8 9 10 14
17 16 15 13 6 3 4 13 11 9 4 3 2 1 1 0 0 0 0 1 1 1 1 2 1 1 1 2 1 4 8 21 25 55 59 55 53 39 39 26 31 25 22 14 19 22 39 14 10 9 5 5 10 9 15 7 6 5 2 3 14 8 25 49 33 35 40 46 52 72 70 71 57 37 21 11 3 1 0 0 0 0 0 1 1 1 2 4 3 5 9 9 12 18 18 21
