sesion_6_simulaciones/modelos_agentes/ejemplos_netlogo/scenarios/echam4_b2/rob_2062.asc
NCOLS 322 
NROWS 307 
XLLCORNER 451900 
YLLCORNER 4086900 
CELLSIZE 100 
NODATA_value -9999 
[rows 219 to 291 of 307, columns 96 to 191 of 322]
3 2 1 0 0 0 0 0 0 0 0 0 0 0 0 0 0 0 0 0 0 0 0 0 0 0 0 0 0 0 0 0 0 0 1 0 0 0 0 0 1 1 2 2 3 4 4 10 14 18 38 27 44 45 44 60 42 57 45 54 65 65 43 44 61 63 63 36 64 53 29 14 21 42 43 40 70 30 57 38 52 64 52 69 91 30 47 41 38 45 51 39 35 14 9 7
3 1 0 0 0 0 0 0 0 0 0 0 0 0 0 0 0 0 0 0 0 0 0 0 0 1 0 0 0 0 0 0 0 1 1 0 0 0 0 0 0 1 1 1 2 3 7 11 11 22 19 25 32 41 51 59 71 60 53 47 65 65 37 62 64 54 48 56 51 56 33 24 26 20 37 33 36 55 48 49 62 42 55 42 59 77 62 74 66 68 69 55 52 32 32 31
4 2 1 0 0 0 0 0 0 0 0 0 0 0 0 0 0 0 0 0 0 0 0 0 0 0 2 1 0 0 0 1 0 2 0 0 0 0 0 0 0 0 1 1 2 3 6 9 10 12 16 22 43 54 52 43 50 53 48 65 74 77 66 69 49 59 65 65 48 48 37 26 21 28 29 44 36 20 42 53 32 33 53 35 12 54 87 72 75 74 53 52 37 32 11 8
1 1 1 0 0 0 0 0 0 0 0 0 0 0 0 0 0 0 0 0 0 0 0 0 0 0 1 2 1 0 0 1 1 2 0 0 0 0 0 0 0 0 0 1 1 2 5 12 16 23 27 30 36 43 43 48 54 63 77 75 78 84 59 76 51 62 51 46 50 44 32 33 22 26 38 40 47 24 24 20 49 41 36 31 30 17 39 56 63 42 33 35 20 11 14 7
1 0 0 0 0 0 0 0 0 0 0 0 0 0 0 0 0 0 0 0 0 0 0 0 0 0 0 1 4 1 1 2 3 1 0 0 0 0 0 0 0 0 0 1 1 2 4 6 12 15 21 18 25 36 50 70 74 52 36 44 48 50 42 50 78 32 31 34 55 48 35 51 22 28 44 37 40 20 34 44 43 78 50 41 33 32 23 24 52 75 58 50 45 21 15 11
1 0 0 0 0 0 0 0 0 0 0 0 0 0 0 0 0 0 0 0 0 0 0 0 1 0 0 1 3 2 1 3 1 1 0 0 0 0 0 0 0 0 1 1 1 1 2 4 7 12 15 22 40 27 46 67 41 35 37 35 15 42 40 40 34 54 20 49 51 44 57 51 16 24 26 36 28 27 44 52 37 30 57 59 34 37 41 23 18 51 80 61 53 30 30 18
1 0 0 0 0 0 0 0 0 0 0 0 0 0 0 0 0 0 0 0 1 0 0 0 1 1 0 1 2 7 4 1 0 0 0 0 0 0 0 0 0 0 0 1 1 1 2 3 7 9 13 17 33 36 22 21 26 27 26 21 48 66 41 43 55 84 70 46 49 46 62 53 33 25 40 48 38 36 45 56 47 28 11 28 62 64 39 37 29 25 60 58 46 37 20 14
1 0 0 0 0 0 0 0 0 0 0 0 0 0 0 0 0 0 0 1 2 1 1 0 1 2 3 1 4 6 1 1 0 0 0 0 0 0 0 0 0 0 0 0 1 2 2 5 5 8 14 26 25 26 28 29 43 36 28 36 19 30 55 49 52 87 61 66 34 59 49 50 38 22 47 55 44 26 45 75 41 40 53 38 38 22 26 42 37 40 21 28 33 22 10 11
0 0 0 0 0 0 0 0 0 0 0 0 0 0 0 0 0 0 0 0 0 2 1 1 1 1 5 6 4 3 1 0 0 0 0 0 0 0 0 0 0 0 1 1 1 2 2 3 5 7 11 12 11 17 21 29 50 47 43 25 28 42 40 51 72 55 47 61 76 54 41 51 54 15 19 36 36 44 65 31 75 61 78 55 73 43 57 45 31 19 19 29 20 13 8 4
1 0 0 0 0 0 0 0 0 0 0 0 0 0 0 0 0 0 0 0 0 0 2 4 1 2 3 8 6 1 1 1 1 0 0 0 0 0 0 0 0 0 0 1 1 1 2 3 6 8 13 14 19 21 21 35 46 70 43 38 27 51 63 78 59 50 51 50 34 46 57 30 25 15 17 33 49 41 76 57 28 23 41 65 48 53 44 42 24 26 21 13 10 11 9 9
0 0 0 0 0 0 0 0 0 0 0 0 0 0 0 0 0 1 1 0 1 0 0 3 2 2 3 16 8 3 5 3 1 1 1 0 0 0 0 0 0 0 0 1 1 1 1 2 5 6 9 11 15 13 32 38 28 27 22 40 26 25 33 46 31 16 29 41 29 38 18 35 32 23 31 18 19 55 36 46 36 27 30 42 26 28 38 44 24 25 11 7 7 5 5 5
0 0 0 0 0 0 0 0 0 0 0 0 0 0 0 0 0 0 1 1 2 2 1 1 6 1 2 8 17 18 5 3 1 1 0 0 0 0 0 0 1 0 0 1 1 1 1 2 2 3 4 6 9 14 24 14 18 18 21 22 27 26 29 34 37 48 52 60 44 42 53 52 33 18 29 42 16 50 39 50 52 46 40 63 41 19 26 16 13 18 9 5 3 6 4 3
0 0 0 0 0 0 0 0 0 0 0 0 0 0 0 0 0 0 1 1 2 2 2 2 3 4 2 4 18 13 6 2 1 1 0 0 0 0 0 1 1 1 2 1 1 2 2 2 3 4 5 7 9 9 7 8 8 8 8 10 10 10 11 34 45 45 27 46 48 43 41 32 29 17 19 37 35 32 43 66 54 51 52 55 42 34 19 16 12 14 11 7 4 3 4 2
0 0 0 0 0 0 0 0 0 0 0 0 0 0 0 0 0 0 1 2 2 2 1 2 9 6 3 4 12 15 9 4 1 1 0 0 0 0 0 0 1 1 2 3 2 2 1 4 6 11 16 14 7 6 6 8 8 10 19 23 16 26 23 19 16 18 25 26 28 42 56 61 58 20 20 21 51 43 54 47 41 50 52 46 42 60 43 22 16 9 5 3 4 2 2 1
1 0 0 0 0 0 0 0 0 0 0 0 0 0 0 0 0 0 1 2 2 4 1 2 3 9 8 10 19 19 10 5 1 0 0 0 0 0 1 0 0 1 2 2 3 6 4 2 5 11 18 26 19 10 13 16 30 29 33 49 43 39 32 25 32 52 33 28 25 36 56 61 59 51 33 52 66 35 60 39 65 63 49 62 45 36 40 36 40 12 5 3 3 1 1 1
1 0 0 0 0 0 0 0 0 0 0 0 0 0 0 0 0 0 1 1 2 3 2 1 3 5 20 16 10 8 5 3 1 0 0 0 0 0 1 1 1 2 2 3 3 4 5 14 6 9 14 17 18 28 22 32 35 40 58 52 37 38 47 37 26 22 33 43 22 30 15 19 18 13 43 17 31 72 46 36 16 33 71 63 43 42 55 27 30 10 13 5 2 2 1 1
2 1 1 0 0 0 0 0 0 0 0 0 0 0 0 0 0 0 0 1 3 4 4 2 2 6 8 23 8 4 2 1 0 0 0 0 0 0 1 1 2 2 2 3 5 7 8 9 16 13 18 19 27 46 26 29 39 43 44 54 50 63 56 53 42 24 35 40 53 36 31 28 32 21 68 30 18 23 28 28 17 8 63 71 53 54 58 57 29 22 16 10 6 6 2 1
1 1 1 0 0 0 0 0 0 0 0 0 1 0 0 0 0 0 0 1 2 4 11 4 2 7 8 26 10 5 1 1 0 0 0 0 1 0 1 1 2 2 3 4 6 9 19 13 20 34 25 37 34 37 39 34 39 42 65 57 58 56 47 61 65 37 26 32 36 30 57 39 24 33 35 47 36 52 52 37 37 26 17 56 54 58 65 48 25 14 6 5 5 2 1 1
5 2 1 0 0 0 0 0 0 0 0 1 1 1 0 0 0 1 0 1 2 4 4 9 2 4 7 16 11 7 3 2 1 0 0 0 1 0 2 2 2 3 3 7 12 13 29 27 20 15 40 62 71 46 44 21 37 38 61 51 72 60 48 41 43 38 20 37 26 59 25 28 25 31 19 18 25 31 34 32 28 26 27 26 47 31 17 33 25 12 9 3 2 2 1 1
2 1 0 0 0 0 0 0 0 0 0 0 1 1 1 1 0 1 1 1 2 3 7 11 6 6 13 21 16 10 6 2 1 0 0 1 1 1 1 2 3 3 4 11 15 24 32 32 37 29 32 48 57 55 45 23 36 43 31 54 70 62 23 66 25 43 37 31 25 43 27 10 19 36 40 38 40 50 56 52 61 33 32 28 24 15 24 19 11 12 5 2 2 2 1 1
1 0 0 0 0 0 0 0 0 0 0 0 1 2 3 1 0 1 2 3 4 2 9 23 14 11 18 21 13 14 7 2 1 0 0 1 1 1 1 2 4 4 6 10 17 28 34 39 41 47 39 51 67 66 52 23 36 44 54 45 54 56 19 47 47 42 50 23 33 28 18 23 33 30 24 21 24 35 44 22 44 51 53 29 32 19 13 14 8 3 3 3 3 2 2 1
0 0 0 0 0 0 0 0 0 1 1 1 1 2 3 2 1 1 2 10 8 3 8 22 22 7 5 46 32 10 7 3 1 0 0 1 2 2 1 4 5 9 8 13 21 21 39 45 50 61 43 58 67 51 57 21 34 42 45 58 48 46 47 42 46 48 41 39 30 20 24 28 32 32 26 23 23 40 41 31 33 33 61 57 34 36 26 12 5 3 2 1 2 2 1 1
0 0 0 0 0 0 0 0 1 1 2 1 1 2 6 5 2 1 3 6 10 6 9 19 34 11 13 48 21 16 12 5 2 0 0 1 2 1 4 3 7 11 11 16 18 23 52 51 53 57 60 52 46 57 79 41 23 46 59 44 30 27 26 51 51 42 37 49 26 16 17 19 32 35 43 38 42 67 57 49 43 40 42 39 40 43 25 18 11 6 3 3 2 1 1 0
0 0 0 0 0 0 0 1 1 1 2 2 2 3 7 7 2 1 8 7 8 13 12 27 45 47 39 45 34 22 11 4 1 0 0 1 2 3 3 7 6 13 20 18 13 21 44 55 60 58 61 66 61 59 83 59 50 16 35 65 48 43 27 30 23 47 49 46 20 16 10 35 36 26 32 29 41 70 57 45 59 30 26 23 26 24 28 21 8 4 4 2 2 1 1 0
1 0 0 0 0 0 0 1 1 1 3 5 4 5 6 12 4 2 7 9 12 18 18 32 52 67 39 50 21 15 12 3 1 0 1 1 2 7 4 5 12 9 20 19 24 41 45 46 62 65 64 65 71 82 82 76 38 20 44 57 64 42 32 34 32 25 16 16 16 14 33 34 16 44 22 29 24 47 44 46 39 42 61 36 20 15 8 7 7 5 3 2 1 1 1 0
1 0 0 0 0 0 1 1 2 3 4 4 10 4 10 17 6 8 4 18 25 23 19 33 53 43 29 17 10 10 5 3 1 0 1 1 3 6 8 5 8 18 7 38 26 35 49 42 49 72 70 49 72 76 73 76 61 31 21 22 34 55 44 30 28 14 5 3 12 15 48 28 28 42 87 73 56 49 48 52 61 61 43 50 35 31 18 13 10 5 3 1 1 1 0 0
1 0 0 0 0 0 1 2 2 4 6 6 14 6 13 21 9 17 7 13 37 33 49 31 60 41 20 15 8 5 4 1 0 0 1 1 1 3 8 10 17 11 14 19 50 30 36 49 63 77 71 58 55 49 59 77 75 35 23 24 42 34 33 28 16 19 11 6 24 33 21 33 57 67 65 81 56 70 55 67 70 56 38 17 23 15 18 13 6 4 2 1 0 0 0 0
0 0 0 1 1 1 1 2 3 3 7 9 20 13 18 28 11 19 27 13 20 39 27 71 46 47 16 11 8 3 1 1 1 1 2 2 3 2 3 2 5 12 22 47 32 36 53 57 54 62 75 76 47 45 37 43 68 53 35 15 26 15 12 8 8 3 10 20 16 25 19 15 31 55 27 60 83 79 72 71 75 51 30 25 20 8 6 5 6 4 1 1 1 0 0 0
0 0 0 1 2 1 2 3 4 5 8 12 17 25 16 35 15 16 37 31 32 50 31 58 61 27 10 7 1 1 2 3 2 1 3 3 3 3 3 8 8 11 19 36 60 44 36 48 50 67 64 66 66 60 40 30 39 54 37 20 25 19 20 15 17 6 5 16 20 22 29 33 38 30 27 26 53 62 70 52 35 31 26 22 12 8 6 4 2 1 1 0 0 0 1 0
0 0 0 2 2 2 2 3 3 6 10 14 19 26 29 54 21 19 40 44 42 58 80 52 31 31 19 8 5 3 5 4 3 2 1 3 3 5 7 7 10 16 21 33 40 61 44 42 54 59 67 55 62 67 49 31 20 42 39 27 15 15 18 17 14 12 9 21 17 19 32 34 69 52 44 35 28 17 44 51 43 19 14 11 12 8 3 1 1 0 0 0 0 1 1 1
1 0 1 3 3 4 2 5 3 8 21 17 18 22 57 56 29 31 33 47 47 64 78 30 44 32 13 11 11 10 13 13 5 4 2 4 3 6 12 6 11 23 36 42 34 53 43 67 55 67 60 79 54 35 36 26 44 16 13 54 15 11 26 21 10 7 16 33 19 17 29 54 78 59 45 40 35 33 26 35 36 23 14 12 12 7 3 1 1 0 0 0 1 1 1 1
1 0 1 3 4 4 2 8 9 10 25 19 38 36 40 53 62 44 52 40 59 56 84 72 43 23 21 23 15 22 23 18 7 3 2 1 5 11 6 14 19 24 45 57 65 51 68 30 16 30 61 35 48 39 48 30 11 10 9 13 23 6 18 12 4 8 31 11 17 20 14 21 13 29 42 34 34 37 28 24 23 13 16 13 13 12 6 7 2 1 0 1 1 1 2 1
1 1 1 3 5 8 3 9 14 16 14 25 21 48 52 31 29 69 51 52 47 68 74 50 40 32 31 32 35 51 22 10 4 4 5 1 3 5 19 19 23 31 38 62 46 68 58 51 39 53 53 13 54 60 54 21 28 19 12 7 22 6 11 8 3 5 10 35 29 12 29 54 46 53 51 43 35 39 38 40 29 24 21 17 14 16 13 3 2 1 1 1 1 2 3 1
0 2 2 4 7 12 5 5 10 21 27 35 20 19 38 63 33 24 73 72 45 64 76 54 58 29 55 71 49 23 12 11 8 5 3 1 3 2 7 15 20 47 52 41 30 48 49 64 65 62 46 39 55 64 67 58 39 13 10 9 16 10 7 8 3 5 17 13 7 10 27 33 38 43 52 55 38 36 26 31 16 10 13 29 24 20 8 3 1 1 2 2 2 4 3 1
1 3 5 6 9 8 12 11 12 9 17 39 17 15 36 53 60 53 17 39 50 69 56 49 42 65 44 25 27 15 15 17 11 4 4 2 4 7 12 13 9 27 33 26 36 44 50 45 64 59 58 50 70 66 53 42 16 27 6 8 10 14 2 5 5 6 4 16 25 29 21 40 52 48 47 53 35 31 21 31 38 27 38 27 20 11 10 4 1 2 2 3 5 4 4 2
2 3 5 6 9 17 14 24 22 17 13 25 52 21 46 42 50 67 50 24 38 71 30 54 78 38 34 35 32 32 22 9 4 6 6 4 5 10 14 14 18 32 27 22 39 51 29 24 48 49 28 21 34 32 36 15 24 13 20 4 7 12 3 4 16 23 12 24 41 24 46 50 59 65 65 66 50 35 39 38 44 34 42 23 21 16 5 3 2 3 3 3 7 9 2 2
3 5 7 4 6 27 32 25 24 21 38 25 35 62 36 42 53 26 70 41 40 41 78 63 50 54 54 52 45 37 17 7 5 5 11 4 5 11 21 28 26 37 44 42 42 32 38 44 32 28 29 22 22 26 20 23 19 14 14 13 3 2 6 17 24 10 17 22 38 29 52 43 45 63 67 53 42 51 43 43 45 43 27 28 19 8 2 2 4 4 6 6 9 9 3 2
4 10 8 6 9 21 24 37 45 24 36 45 45 50 65 40 57 34 28 59 31 35 73 71 64 55 48 52 47 22 19 15 10 4 8 3 4 7 16 33 39 43 30 44 39 47 39 37 42 43 36 25 27 29 30 23 12 9 9 9 6 3 7 3 5 19 23 33 17 25 46 40 50 42 52 73 43 41 23 22 24 24 34 24 14 8 5 3 4 5 7 6 18 7 5 4
5 7 11 9 12 14 26 27 33 43 56 48 48 51 71 69 36 29 37 33 62 65 74 62 65 70 62 57 49 35 22 17 13 6 12 4 4 10 16 28 38 55 51 52 51 51 46 59 37 39 37 28 17 26 18 35 24 8 2 2 3 3 5 5 5 5 3 3 6 37 25 32 48 46 47 42 30 14 13 30 42 38 15 24 27 14 5 7 6 10 8 7 23 8 6 5
6 13 17 17 22 17 19 33 40 41 61 63 62 53 65 68 51 49 39 42 37 67 69 66 48 60 56 53 37 43 34 23 15 12 17 2 11 16 19 22 15 49 58 60 52 58 60 44 40 52 57 47 19 25 27 24 10 9 4 1 2 2 6 2 6 8 11 17 14 19 21 24 28 25 44 21 23 25 18 54 46 20 30 27 23 26 11 15 13 8 7 4 13 9 7 5
8 12 33 21 26 27 23 38 48 47 49 64 61 56 75 54 59 65 50 40 40 59 54 51 49 55 57 54 48 31 28 24 30 21 6 2 9 24 33 37 32 49 64 51 51 55 45 34 46 68 60 50 47 22 28 20 12 9 5 5 4 3 4 3 9 15 32 33 24 28 28 36 31 20 21 27 39 51 30 49 45 41 29 25 18 18 24 19 8 9 8 3 9 16 2 3
11 8 28 39 29 29 28 45 51 50 49 50 64 70 71 65 54 71 49 33 41 79 56 70 51 56 63 63 50 35 40 39 28 15 8 4 6 17 43 58 52 57 48 65 51 52 45 34 43 35 30 26 36 28 13 10 9 6 5 5 8 2 4 5 13 17 24 31 34 17 32 22 13 16 20 51 44 54 59 20 37 35 41 39 25 19 37 26 11 12 6 7 14 11 4 6
12 10 21 48 47 34 40 49 49 52 57 46 60 70 70 57 53 42 51 33 42 65 62 73 59 55 52 49 51 38 55 33 23 15 15 9 11 20 35 47 69 71 67 50 61 37 35 47 36 26 23 29 31 26 42 24 7 5 5 5 4 3 4 5 6 6 22 38 21 11 13 23 23 35 32 57 55 58 41 47 39 23 43 35 25 31 31 18 22 10 6 7 23 9 5 9
18 40 33 39 49 38 31 51 52 50 61 48 25 36 73 74 67 48 43 62 41 76 78 48 58 65 41 45 40 49 42 40 31 12 14 9 13 32 33 43 42 59 57 65 56 56 31 51 55 27 39 42 37 28 31 12 9 5 6 3 2 3 6 6 9 9 31 8 14 5 19 32 50 30 37 57 37 42 55 46 14 21 42 43 48 36 25 14 21 15 8 11 19 19 12 11
23 28 49 53 53 39 37 52 51 48 49 57 48 47 54 70 63 29 39 65 37 75 61 62 60 45 26 48 39 47 56 42 43 23 15 11 14 34 38 50 66 52 39 63 39 46 52 33 48 40 54 53 35 31 25 11 8 5 3 5 2 3 10 9 3 16 11 9 30 26 42 37 35 50 38 25 42 61 34 16 15 41 58 45 44 45 23 17 14 12 19 13 11 30 16 14
35 45 48 55 55 43 52 51 52 50 33 50 48 59 56 60 60 61 68 71 67 70 59 57 51 59 52 50 59 38 54 57 40 29 30 10 14 34 57 52 58 54 54 55 51 40 49 21 41 37 47 36 26 22 22 15 13 7 5 3 3 6 1 4 4 9 11 21 22 22 18 38 57 58 41 34 60 47 44 34 33 39 16 23 43 47 23 20 15 24 23 15 10 48 22 27
39 45 40 47 17 37 63 43 54 57 45 44 55 61 51 60 45 68 64 74 66 59 68 49 45 57 70 68 38 52 45 51 51 30 25 11 14 39 42 53 52 43 63 57 52 39 24 54 39 64 31 35 23 27 19 28 10 7 6 2 1 5 11 12 4 6 12 25 31 19 16 45 70 62 35 58 51 33 39 75 63 26 32 47 33 25 27 12 16 24 25 17 25 56 43 36
40 33 19 12 10 19 62 44 27 34 44 33 34 55 72 69 37 35 65 52 66 60 68 68 30 52 72 49 43 48 36 61 58 49 23 4 11 31 38 55 48 45 53 63 64 58 28 21 9 12 38 42 16 18 22 17 16 6 4 2 2 7 7 9 8 9 12 11 27 22 23 46 71 34 42 60 53 12 50 49 34 49 64 52 35 29 24 9 28 26 27 20 38 78 50 29
42 45 34 34 33 25 38 59 22 26 23 47 36 45 68 58 65 37 51 62 63 71 73 72 54 33 55 61 54 36 62 51 52 40 23 9 10 19 41 61 30 47 66 64 61 40 36 34 29 28 21 25 42 19 7 6 5 3 3 1 2 3 2 4 6 5 9 5 9 13 43 35 44 58 35 33 26 23 42 37 38 58 56 39 28 11 10 9 19 29 29 23 45 61 51 19
58 43 48 46 31 35 32 33 41 37 32 61 40 44 41 46 64 67 59 75 72 64 70 56 29 38 51 45 45 50 61 54 34 31 39 18 14 11 29 42 14 28 35 34 34 31 30 24 58 51 33 27 17 11 12 6 4 8 1 0 0 2 2 5 10 12 6 4 23 24 13 24 16 31 27 24 14 54 43 59 40 37 26 27 28 15 12 22 23 33 33 41 45 65 23 18
39 40 47 41 47 32 26 44 62 62 27 24 54 51 26 26 21 41 71 67 38 33 41 49 52 16 46 50 34 64 49 47 46 32 40 19 27 11 22 42 48 22 30 37 21 27 12 6 16 23 15 49 28 20 8 1 1 0 1 1 0 3 1 4 7 10 4 16 20 13 17 21 25 25 12 24 42 57 64 38 36 36 39 43 28 16 13 25 36 36 36 30 56 67 53 21
39 59 47 46 47 46 33 48 61 49 48 31 22 42 53 26 47 37 26 56 34 48 56 59 47 35 48 33 34 63 53 54 40 19 34 19 23 17 9 26 34 56 47 30 25 33 31 13 20 31 37 38 17 13 12 6 4 2 1 1 1 1 3 3 4 4 8 20 28 24 17 19 15 10 36 40 37 49 49 34 29 34 39 29 24 21 15 32 41 27 40 35 21 41 59 28
46 45 44 37 45 62 34 46 48 55 47 38 50 35 20 52 49 32 33 55 61 23 23 36 32 55 50 64 37 38 56 43 34 51 29 16 21 30 12 32 43 57 61 24 27 45 31 11 24 31 17 28 15 16 10 5 4 4 2 2 1 2 0 2 3 5 9 4 6 7 11 9 32 40 26 28 26 26 29 27 18 26 30 35 32 16 16 23 45 28 46 30 33 31 48 29
41 41 60 44 52 58 25 39 52 58 53 44 46 48 61 41 62 71 42 54 55 27 32 39 43 67 62 72 42 44 47 47 54 29 22 15 15 42 20 19 35 49 34 36 40 46 9 5 45 66 21 22 19 8 6 3 5 3 1 1 1 1 1 1 2 2 2 5 10 13 20 24 17 21 16 8 14 29 25 22 33 49 29 28 31 16 28 30 45 28 34 11 5 15 40 60
42 47 59 57 49 44 24 38 54 60 55 42 35 31 51 66 42 30 55 50 29 20 31 28 55 48 70 52 50 68 63 55 35 34 15 6 6 46 20 19 21 35 31 28 36 34 2 13 22 26 44 27 13 4 2 1 1 1 1 1 0 1 0 0 1 1 1 5 16 37 42 41 20 16 11 15 50 38 30 29 43 34 34 45 14 18 31 40 29 22 10 9 19 26 28 44
47 29 32 57 47 56 43 18 50 50 56 42 46 31 43 33 60 32 28 32 19 30 35 37 33 56 44 62 66 74 57 58 46 42 32 4 25 42 17 19 29 15 25 31 30 23 5 15 14 16 24 14 20 13 10 3 1 2 2 1 1 2 0 1 0 1 5 15 12 14 24 12 9 11 24 34 41 33 23 52 46 41 44 19 18 34 56 26 10 8 13 29 22 55 41 41
42 13 36 53 59 52 51 33 20 40 53 30 40 39 50 51 41 35 37 34 14 32 67 41 42 45 28 41 49 53 56 58 39 24 27 14 27 21 30 20 33 28 27 32 40 29 17 12 10 14 14 22 10 12 7 4 2 2 3 3 1 1 1 1 1 4 3 8 10 6 15 22 17 33 30 36 42 41 38 53 42 28 18 13 35 47 16 7 9 18 21 43 44 47 52 42
39 19 22 15 44 52 60 36 8 22 42 29 40 31 65 56 40 12 25 32 16 40 46 40 35 16 43 52 53 49 53 42 46 37 22 19 21 15 24 15 7 26 22 35 34 35 39 50 36 30 23 35 19 8 3 1 3 1 2 3 3 1 1 1 4 6 2 5 4 5 8 26 40 50 29 20 53 52 35 30 21 30 10 26 33 16 4 17 20 29 34 38 39 54 54 44
49 33 40 12 46 61 57 33 10 6 9 32 45 25 34 47 26 29 32 40 29 15 36 38 27 24 47 56 49 42 37 33 44 36 32 31 34 12 28 20 9 11 19 24 31 23 16 13 13 13 9 20 7 3 4 9 8 2 2 1 1 0 1 2 3 3 3 3 5 3 9 27 37 41 36 33 53 55 42 37 25 13 24 29 18 6 13 33 30 29 35 33 42 38 41 41
59 28 42 14 20 49 37 18 12 12 13 16 23 53 43 38 31 21 20 35 22 34 43 28 30 44 30 43 52 45 32 40 31 21 35 35 23 21 18 29 18 12 17 17 22 22 30 20 14 24 31 19 7 5 1 6 8 3 2 2 2 2 0 1 2 3 1 3 4 6 10 23 32 41 30 26 31 30 49 21 14 14 26 10 11 31 33 30 32 31 32 28 23 20 26 45
48 26 39 21 15 50 37 38 26 26 16 20 29 38 51 54 57 36 21 21 17 20 23 37 48 39 54 62 50 32 35 37 23 19 55 34 21 25 20 9 9 14 14 27 23 25 31 19 28 19 22 10 14 9 2 4 18 5 2 2 1 1 1 0 1 3 1 3 6 6 7 18 35 33 37 14 25 46 38 39 36 19 8 13 17 22 20 42 42 28 33 31 26 16 23 10
36 28 41 31 22 31 19 42 21 21 24 18 29 24 21 29 35 33 26 23 28 11 16 44 40 47 40 37 45 36 37 36 34 20 45 32 31 21 36 12 26 27 9 15 29 38 38 27 24 32 15 8 18 5 4 7 7 4 2 1 1 1 1 1 2 3 8 5 3 3 12 9 12 22 20 18 36 55 70 41 22 12 4 14 8 42 31 29 34 36 55 51 24 21 28 9
50 27 40 30 17 16 11 28 35 26 24 26 24 24 19 30 26 22 9 12 18 8 26 34 44 29 42 49 39 35 31 33 28 37 46 30 42 57 22 15 17 17 20 16 37 21 28 27 22 18 28 20 10 6 10 7 14 3 3 2 1 1 0 0 1 1 9 7 3 4 8 9 18 24 13 51 49 42 43 37 18 5 11 26 20 27 40 23 34 44 41 48 23 18 22 10
53 29 54 31 14 15 29 18 49 22 38 33 19 13 18 15 13 21 12 13 6 19 16 17 23 24 42 42 27 33 33 16 27 35 26 51 28 57 34 17 30 14 29 18 30 42 29 26 19 24 25 12 8 13 12 8 6 4 2 3 2 2 1 0 1 3 5 6 5 9 5 5 13 17 44 46 23 30 29 38 20 12 15 28 49 32 29 42 38 37 34 27 23 16 16 8
49 28 56 34 12 10 53 30 32 23 27 37 18 21 18 17 14 21 15 12 3 7 4 5 13 17 49 52 46 30 19 17 27 47 36 21 35 33 28 19 30 8 26 9 18 32 41 29 22 32 15 26 6 8 12 12 9 3 3 4 1 0 0 1 0 1 1 4 9 7 6 11 26 43 35 19 18 56 36 25 19 13 30 20 46 46 27 37 34 37 30 19 27 15 13 5
56 26 44 19 12 17 29 30 23 50 41 24 27 16 17 18 20 18 18 15 3 4 8 21 29 34 33 37 38 25 15 15 41 31 37 32 52 27 20 18 29 8 23 16 21 29 45 33 21 26 28 22 9 4 9 10 6 2 1 2 2 1 0 1 0 1 1 3 5 5 6 14 19 15 28 18 20 45 29 9 9 18 37 35 33 41 16 27 49 48 24 15 29 8 12 10
58 28 49 20 12 17 18 50 25 48 57 46 20 11 11 15 36 19 5 11 2 6 8 16 10 15 15 31 20 14 23 16 60 44 41 39 38 19 13 37 20 14 15 45 41 30 33 27 36 31 19 14 15 9 8 4 7 4 1 1 1 0 1 1 1 1 1 2 5 6 5 5 13 14 27 25 34 40 35 11 8 29 39 39 38 34 12 22 35 39 15 15 12 17 17 17
67 51 18 28 15 13 32 50 33 22 47 39 36 8 20 32 18 16 11 7 5 3 7 6 7 11 29 20 26 22 21 31 12 23 11 26 22 15 9 34 15 12 3 18 65 33 23 34 35 27 23 15 12 7 19 13 10 6 1 1 1 0 2 0 0 1 1 2 5 2 7 9 13 14 26 39 28 35 29 19 14 35 28 23 29 20 25 26 16 19 32 16 12 25 18 12
49 25 17 24 16 12 49 43 46 17 10 26 40 8 13 12 8 16 9 9 3 2 7 14 17 15 10 29 27 12 47 17 25 20 30 26 17 22 12 27 11 22 9 12 43 53 30 28 33 29 24 20 10 11 7 4 6 2 3 2 1 0 1 0 0 1 1 2 4 5 15 25 28 26 37 57 9 45 28 23 21 19 25 13 20 14 27 46 23 12 27 16 12 16 21 14
46 23 11 28 21 16 33 6 24 40 9 12 35 20 5 10 7 10 5 4 4 8 17 8 11 13 17 33 21 17 22 29 37 58 37 24 41 19 21 30 12 12 15 17 31 33 22 56 25 21 16 19 19 10 3 3 5 5 2 2 1 1 1 0 0 1 1 1 2 5 10 14 30 48 35 16 24 44 34 15 11 16 39 13 23 26 27 19 31 17 11 20 23 18 8 13
48 11 19 27 16 16 26 6 6 7 21 38 18 29 7 7 4 5 3 5 4 3 5 9 9 10 12 22 22 42 17 22 40 26 15 39 18 12 28 18 26 28 23 23 30 33 20 22 34 13 8 7 13 15 5 3 4 2 1 1 1 1 0 0 0 0 1 2 3 7 7 18 26 15 24 19 32 21 12 8 9 29 30 30 17 22 24 16 15 15 24 12 11 18 6 5
54 13 17 30 15 28 32 13 6 6 19 31 39 28 10 5 6 5 9 2 1 2 6 12 5 5 13 33 21 17 13 35 15 22 46 13 12 20 29 16 28 23 20 36 40 46 30 15 12 19 9 8 12 14 9 4 3 1 1 0 0 1 0 0 0 1 1 3 3 10 12 32 28 16 8 20 37 13 12 11 14 24 31 26 15 19 17 18 7 25 15 20 10 6 3 2
35 14 16 33 10 25 41 25 10 9 5 22 14 17 26 4 4 5 3 5 4 3 2 3 2 5 19 24 29 7 30 12 9 38 30 14 20 25 38 25 7 35 31 34 49 43 27 8 14 23 19 5 3 5 7 8 2 1 1 0 0 1 1 0 0 3 9 5 3 4 18 29 24 11 6 26 26 17 14 11 13 19 21 26 15 17 7 17 11 17 17 5 12 4 5 7
