sesion_6_simulaciones/modelos_agentes/ejemplos_netlogo/scenarios/echam4_b2/rob_2055.asc
NCOLS 322 
NROWS 307 
XLLCORNER 451900 
YLLCORNER 4086900 
CELLSIZE 100 
NODATA_value -9999 
[rows 222 to 295 of 307, columns 192 to 287 of 322]
5 4 3 1 7 4 2 1 1 0 0 0 0 0 0 0 0 0 0 1 1 3 9 8 4 6 4 4 11 13 6 7 21 22 21 17 25 44 39 42 42 36 37 57 36 44 45 25 30 39 35 26 9 9 14 13 10 24 43 53 40 32 44 28 64 81 73 68 79 83 54 33 13 4 2 0 0 0 0 0 0 0 0 0 0 0 0 0 1 1 2 3 4 5 6 4
18 18 12 8 3 2 2 1 1 0 0 0 0 0 0 0 0 0 0 1 1 5 10 19 9 11 12 9 17 19 12 13 24 28 28 18 30 24 31 33 37 32 38 57 46 30 43 26 31 27 28 15 13 9 6 6 8 20 21 28 21 34 43 32 43 69 63 56 72 77 56 25 12 4 1 0 0 0 0 0 0 0 0 0 0 1 1 0 0 1 2 2 5 5 7 8
21 15 15 10 5 4 3 1 1 0 0 0 0 0 0 0 0 1 0 1 2 7 13 28 25 16 16 22 22 36 33 22 24 26 30 19 32 15 31 30 23 30 36 54 62 29 38 37 16 14 17 16 23 5 2 9 8 26 14 31 35 40 45 46 24 30 9 6 14 58 66 26 7 1 1 1 1 0 0 0 0 0 0 0 0 1 1 1 1 1 2 4 5 6 7 18
11 8 7 5 3 2 1 1 1 0 0 0 0 0 0 0 1 1 2 1 3 4 9 23 33 33 26 28 26 38 67 48 32 31 19 22 25 22 43 24 19 21 32 37 56 47 19 24 9 9 7 6 9 10 2 7 8 10 20 40 49 45 58 50 27 32 20 24 9 10 37 15 4 4 2 2 2 1 0 0 0 0 0 0 0 0 0 1 2 1 2 5 6 5 9 13
12 8 6 2 1 1 1 1 0 0 0 0 0 0 0 1 1 2 3 5 3 6 14 17 32 58 40 37 38 28 47 61 31 42 33 35 40 39 25 27 15 21 20 21 24 31 23 39 29 8 24 19 8 6 3 5 26 22 30 41 58 51 49 34 29 29 36 46 23 14 12 3 4 3 4 3 1 1 1 0 1 1 1 0 0 0 1 0 1 1 1 2 5 7 8 12
8 13 7 5 3 2 1 1 0 0 0 0 0 0 1 1 2 1 4 10 11 16 16 21 31 56 73 46 61 38 46 59 43 30 49 51 40 34 33 30 8 14 12 21 29 34 41 51 59 19 16 14 11 4 6 8 15 15 31 46 52 42 37 28 53 45 52 45 26 19 6 4 5 7 6 5 3 2 1 0 1 1 1 0 1 0 0 0 1 1 1 2 3 3 8 13
12 7 4 2 2 1 1 0 0 0 0 0 0 0 1 1 1 2 7 12 20 36 49 34 40 51 79 42 62 39 43 57 24 26 47 47 50 45 34 32 20 20 18 14 31 35 34 48 44 34 25 16 11 5 15 29 28 27 46 67 51 31 32 48 76 69 44 30 24 14 13 10 12 10 15 8 5 3 0 0 0 2 1 1 1 1 0 1 1 1 2 3 3 4 5 13
13 7 4 2 1 1 0 0 0 0 0 0 0 1 1 1 1 2 3 7 10 28 48 66 57 51 68 67 74 44 63 37 23 23 34 51 52 46 28 30 29 31 20 19 22 37 35 37 30 22 31 22 11 8 17 22 32 24 36 19 27 50 54 78 72 54 40 29 34 34 27 22 18 24 9 5 4 2 1 0 0 2 3 2 1 1 2 2 1 1 2 3 7 7 10 15
4 4 3 1 0 1 1 0 0 0 0 0 0 0 1 1 3 1 3 6 15 24 47 46 65 63 71 75 69 41 55 28 24 49 36 46 50 36 32 40 33 41 19 20 36 39 47 37 43 19 17 13 11 3 8 6 64 33 20 33 44 45 53 47 34 29 32 34 25 30 42 43 29 9 3 2 2 1 0 0 0 0 3 1 1 2 4 6 2 1 1 4 5 5 9 14
1 1 2 1 1 1 1 0 0 0 0 0 0 1 2 3 2 3 6 12 14 25 48 57 55 60 64 61 65 61 70 38 27 39 49 38 48 40 34 34 37 25 30 18 19 25 39 45 38 23 12 10 7 6 15 16 7 73 78 50 30 16 35 32 43 38 28 20 13 37 68 45 18 8 3 1 1 0 0 0 0 1 2 1 3 2 3 4 7 2 2 4 5 8 7 13
2 0 0 1 1 1 0 0 0 0 0 0 1 1 3 3 2 4 10 11 13 37 55 65 53 54 64 57 77 80 56 42 41 53 35 49 47 43 40 38 36 32 40 15 30 25 38 32 21 8 16 11 12 14 23 35 29 28 35 43 24 43 27 30 28 34 33 13 23 40 45 21 16 10 3 1 0 0 0 1 1 1 1 5 4 1 1 2 10 2 2 5 6 8 6 8
1 1 1 0 1 1 0 0 0 0 0 0 0 1 1 2 4 8 12 29 21 22 63 56 71 56 60 64 25 76 51 52 38 55 43 34 40 49 40 39 38 32 54 17 16 48 35 32 24 16 27 12 11 21 33 17 40 41 24 11 21 14 22 27 28 30 19 50 42 17 30 14 9 6 3 1 0 1 0 0 1 2 1 2 3 3 2 4 6 7 6 3 4 14 10 9
2 1 2 1 1 0 0 0 0 0 0 0 0 0 1 1 3 5 13 28 43 50 73 59 70 69 71 63 66 56 79 46 34 47 38 18 25 44 47 52 40 18 34 42 10 20 30 48 23 24 29 17 10 18 19 19 10 13 17 32 28 30 29 44 20 23 36 20 14 24 20 12 9 2 0 0 1 0 1 1 1 1 2 3 6 8 2 3 6 7 23 10 3 6 19 14
1 1 1 0 0 0 0 0 0 0 0 0 0 0 1 1 2 6 13 24 43 37 56 18 38 58 57 27 25 46 70 41 41 72 35 39 43 50 29 11 22 11 32 42 11 28 48 27 9 20 24 23 11 18 13 9 29 36 37 28 16 23 51 63 43 35 55 52 44 31 18 11 3 1 0 1 2 1 3 1 1 2 2 2 7 6 12 3 8 5 2 14 6 5 7 12
1 1 1 0 0 0 0 0 0 0 0 0 0 0 0 0 2 3 9 19 28 21 20 46 41 42 29 35 41 46 59 52 58 62 49 46 45 40 41 19 31 24 31 40 10 20 36 28 13 10 12 16 12 14 6 17 31 15 20 27 28 53 61 63 64 61 43 30 39 25 38 16 5 2 0 0 0 2 2 1 2 2 3 2 3 7 5 15 12 11 7 17 9 2 6 6
1 1 1 0 0 0 0 0 0 0 0 0 0 0 0 0 1 3 4 6 10 39 44 35 46 55 49 34 39 48 48 44 52 57 36 46 39 40 46 17 42 36 24 42 10 13 30 23 26 25 9 8 23 17 12 18 20 18 43 31 61 44 45 72 81 52 44 21 45 17 11 9 2 1 1 1 1 3 3 3 5 3 3 3 3 3 6 16 30 36 8 6 12 6 9 19
1 1 0 0 0 0 0 0 0 0 0 1 1 1 0 0 1 1 2 6 12 21 31 27 22 36 50 34 45 31 41 45 47 60 49 56 40 48 33 32 18 30 14 31 9 8 17 15 17 22 22 9 8 4 11 7 7 27 31 28 39 31 57 65 68 74 43 17 9 10 6 1 1 2 3 3 2 2 6 6 9 5 4 4 5 5 3 3 3 9 26 23 16 11 11 19
1 0 0 0 0 0 0 0 0 0 0 1 1 1 1 1 2 2 1 6 11 23 21 30 38 49 38 29 36 33 20 22 39 39 30 46 26 43 32 29 28 27 57 36 13 15 26 35 15 7 10 8 3 11 4 9 18 49 40 70 70 53 37 47 44 30 33 31 16 7 2 0 1 4 3 7 2 2 6 10 9 13 7 6 6 5 8 6 5 7 16 14 13 42 14 25
0 0 0 0 0 0 0 0 0 0 1 1 1 1 1 1 3 3 3 3 9 5 11 16 19 32 26 21 23 25 35 34 21 18 12 59 38 58 23 31 24 18 54 36 26 15 39 28 21 15 7 26 9 26 18 31 34 15 29 37 44 40 24 35 47 37 42 16 18 8 4 0 2 3 3 8 9 3 4 8 11 19 9 14 8 4 6 10 3 1 3 4 5 18 24 17
0 0 0 0 0 0 0 0 0 1 1 1 1 2 4 2 3 6 5 12 20 22 34 40 44 39 40 53 59 44 46 53 47 37 43 37 63 44 24 23 17 14 11 40 22 8 17 19 23 12 25 28 34 51 80 71 71 60 64 41 42 43 48 59 48 35 27 17 13 6 1 0 2 4 8 8 9 8 8 15 11 21 13 20 11 5 5 12 15 4 7 9 6 4 5 9
1 0 0 0 0 0 0 1 0 0 1 1 1 3 4 3 1 2 12 20 36 30 44 56 65 70 68 59 79 64 51 41 36 22 14 15 28 35 30 21 22 10 10 21 11 8 6 17 10 14 5 3 5 7 22 38 80 81 66 60 44 42 24 54 40 28 23 16 4 2 1 1 3 5 4 7 9 15 11 20 12 7 26 26 15 7 7 16 14 7 9 14 12 22 28 38
1 0 0 0 0 0 1 1 1 1 1 1 2 3 3 6 1 1 3 8 22 42 22 47 47 63 70 56 12 27 44 32 20 18 28 31 34 19 39 17 15 13 3 12 11 12 5 6 3 12 7 7 7 6 8 9 25 58 73 77 82 45 39 28 25 22 20 18 11 2 1 3 7 8 7 9 25 19 20 21 21 9 11 38 21 9 8 11 11 9 16 8 18 23 33 42
0 0 0 1 1 1 1 1 1 1 1 1 2 3 3 5 3 1 4 6 13 20 17 38 30 28 27 18 14 15 26 23 20 28 23 16 25 36 38 5 13 13 7 11 9 3 2 11 11 10 15 12 19 21 25 29 36 51 46 36 51 79 60 47 39 35 33 17 9 2 2 7 10 15 17 11 21 29 21 16 16 15 6 22 35 19 19 7 20 12 20 20 14 26 28 22
0 0 1 1 1 2 2 2 2 2 1 1 2 2 4 3 9 1 2 2 5 4 13 15 21 34 33 37 41 28 36 22 20 36 30 24 19 15 6 7 11 15 40 13 7 7 3 5 9 12 16 39 15 27 50 31 26 23 28 21 22 39 59 57 46 28 27 16 5 1 4 10 10 15 19 19 14 37 27 37 20 30 21 20 53 27 34 13 22 21 24 35 24 24 23 32
0 1 1 1 2 2 2 2 2 2 1 2 2 4 7 5 6 2 2 5 3 4 12 14 22 32 36 34 34 51 41 50 41 62 18 13 16 20 16 17 32 27 11 8 25 9 5 5 6 28 37 13 24 30 25 25 41 38 49 31 29 24 25 29 30 23 15 13 5 3 4 11 12 20 18 15 16 25 35 45 31 22 33 20 57 21 22 26 16 39 24 26 27 18 21 21
1 1 2 2 2 1 2 3 5 5 2 1 3 2 11 26 3 3 2 9 11 12 10 12 19 19 31 22 27 38 38 31 26 26 29 26 24 29 27 16 9 6 4 3 7 8 12 7 27 48 13 6 11 29 37 33 26 40 27 26 32 25 25 17 16 13 12 6 4 5 10 13 13 15 17 17 22 27 40 34 32 28 31 48 57 23 27 30 19 40 28 14 33 14 9 18
1 1 2 3 3 2 3 4 7 8 2 1 2 4 8 10 4 4 3 7 14 14 14 9 10 9 21 26 29 37 26 23 29 26 25 24 23 19 16 11 10 6 4 3 4 2 2 19 7 17 8 7 10 11 23 73 47 51 41 36 28 27 22 17 13 12 9 5 4 4 10 12 9 17 15 26 33 22 26 48 39 45 45 44 57 40 44 19 43 38 13 22 29 13 16 22
2 2 3 8 4 2 2 5 7 15 4 2 4 5 9 18 9 5 5 13 19 29 17 22 21 7 13 19 22 19 26 19 24 26 25 14 12 6 7 11 19 16 19 13 6 12 11 7 2 5 10 24 29 27 35 22 34 38 50 50 39 25 20 18 15 12 9 4 2 9 12 14 20 17 29 26 24 36 26 20 34 36 36 49 25 82 48 19 33 36 9 23 18 35 20 26
4 6 4 10 6 3 3 6 8 12 2 2 5 7 11 13 19 2 11 17 20 37 22 24 26 32 20 16 11 14 16 26 39 29 11 23 11 19 11 13 15 16 10 6 5 8 4 4 7 14 21 20 29 32 42 15 12 14 15 30 26 29 24 23 20 19 14 6 2 10 11 12 19 23 30 13 23 17 34 18 25 22 37 24 48 73 32 21 48 20 11 22 21 30 34 33
3 4 8 9 8 7 4 5 12 24 3 6 8 12 12 22 4 3 12 19 29 38 44 27 47 33 33 33 20 21 13 48 51 32 34 20 17 24 14 10 17 8 9 5 5 7 7 5 4 13 19 16 32 35 36 13 26 32 36 42 38 35 35 38 30 28 18 6 3 12 14 12 29 19 25 41 38 27 16 30 21 30 33 44 34 57 50 41 44 22 19 30 17 19 8 40
2 3 10 11 11 9 6 6 12 16 5 9 13 28 31 13 3 3 13 19 21 43 41 49 32 34 51 39 32 32 31 41 53 46 33 36 35 18 36 18 9 14 4 2 3 5 4 5 6 8 14 19 29 27 33 35 38 45 47 51 53 58 42 31 21 14 14 4 5 15 22 19 33 36 26 29 41 28 31 11 41 14 18 39 44 57 65 73 40 24 33 27 32 35 23 47
4 5 11 15 22 13 7 9 18 21 5 6 17 34 21 6 2 7 12 17 33 38 41 45 47 35 49 42 53 52 49 38 16 25 33 31 31 15 27 22 18 12 7 5 9 7 3 9 6 4 4 14 29 47 34 35 54 54 52 36 56 38 20 25 26 19 8 5 5 13 31 19 28 35 41 31 40 27 34 29 19 42 22 9 13 36 56 70 36 46 36 32 28 48 21 21
4 7 7 12 30 20 8 11 16 23 5 5 18 33 15 5 3 8 19 19 20 25 33 41 57 35 40 39 32 50 54 40 35 27 27 16 21 18 22 15 13 8 6 9 14 10 6 8 3 2 4 21 33 22 48 53 28 36 26 29 26 22 35 36 20 17 15 4 6 8 35 24 24 26 31 42 33 32 17 32 15 45 28 23 13 11 30 46 56 69 42 38 31 38 15 19
6 14 10 9 14 33 12 16 31 9 6 6 12 40 20 8 4 12 18 22 32 44 42 56 54 48 27 31 49 44 24 48 73 54 24 20 14 19 26 16 9 13 13 6 7 4 6 3 8 8 11 18 24 39 52 36 51 37 36 41 35 30 28 22 22 21 10 6 5 12 14 39 25 25 28 31 50 46 31 51 20 18 31 29 21 19 18 34 54 58 41 42 35 36 23 31
7 10 20 18 9 23 8 18 50 9 9 19 25 33 11 10 1 6 23 26 43 34 38 59 56 53 46 18 15 17 24 22 27 12 12 18 31 18 15 22 18 12 8 5 4 2 3 5 10 16 18 19 27 40 59 56 55 44 36 45 39 43 43 25 25 22 11 8 8 24 24 25 45 23 25 29 53 45 32 24 41 20 16 37 36 21 24 25 42 54 60 38 33 24 40 19
8 12 26 34 15 35 10 18 53 24 11 29 33 21 9 3 2 4 10 27 48 47 39 41 48 58 39 19 21 18 22 23 24 20 13 8 15 19 28 22 15 9 4 5 5 3 3 3 1 2 14 17 15 30 32 25 31 50 50 45 47 27 29 28 22 21 18 5 11 24 29 24 30 12 33 34 34 51 60 46 49 27 19 18 36 26 17 30 45 79 72 38 24 20 38 17
11 11 13 37 18 33 20 17 24 35 15 37 32 7 3 5 7 10 19 34 35 39 48 27 36 47 60 22 19 18 27 27 23 24 18 21 16 18 12 4 5 10 5 6 8 3 3 1 4 7 12 26 43 42 30 55 54 72 53 36 44 44 43 39 37 21 17 10 14 28 25 38 49 25 22 49 38 52 44 38 56 23 31 30 53 28 14 20 16 37 59 34 31 16 49 33
9 10 9 23 49 22 37 16 42 21 42 21 8 3 9 8 14 11 39 48 27 37 38 42 17 33 46 57 29 28 16 27 19 12 9 11 14 8 7 6 5 3 2 1 3 2 3 2 6 6 6 18 19 34 48 50 33 57 42 26 32 38 38 36 20 17 13 23 24 28 32 40 11 32 44 48 45 32 53 27 64 28 31 23 28 52 33 34 41 34 47 25 48 19 28 51
22 14 10 13 23 41 43 22 58 33 32 7 4 9 12 20 19 13 15 16 29 30 37 59 53 29 36 14 33 48 15 26 13 11 15 16 22 11 10 6 5 4 10 5 2 1 1 1 4 9 10 21 21 22 36 34 33 32 23 9 24 33 32 27 17 13 13 24 26 28 33 48 17 16 9 15 40 58 69 26 55 45 31 31 20 18 58 28 41 40 40 46 21 18 35 49
16 25 17 13 13 25 56 27 29 13 7 2 7 13 24 33 32 12 16 19 32 34 29 12 17 16 18 29 12 17 38 54 31 20 9 20 7 8 11 2 4 5 2 2 2 5 2 2 4 7 11 10 12 21 24 29 21 41 31 33 45 33 33 21 28 27 17 27 27 31 29 46 16 29 17 24 22 16 38 40 26 54 32 36 20 41 45 16 36 54 53 44 21 20 19 26
17 28 19 24 35 42 44 27 29 8 10 7 12 26 27 32 38 24 27 27 32 33 27 19 16 21 18 11 13 23 14 19 22 36 30 40 8 5 5 6 6 3 4 5 2 1 3 3 4 10 21 11 13 19 36 17 36 57 64 55 48 34 37 35 29 27 29 42 29 30 31 37 22 34 31 24 37 32 37 53 19 53 31 50 20 17 38 12 17 25 51 34 13 23 23 49
19 33 25 31 39 50 46 11 7 4 13 12 22 27 30 39 25 48 41 27 32 31 28 32 33 22 22 15 16 35 18 5 5 6 8 23 30 14 16 26 14 11 5 4 4 2 1 4 12 9 14 6 9 20 25 29 45 70 38 42 51 32 36 30 29 29 33 47 30 31 32 34 33 33 44 24 37 34 32 32 52 75 38 49 33 12 40 23 9 15 31 42 21 28 20 8
21 40 42 36 66 53 12 8 12 13 25 23 18 35 29 45 18 32 60 21 34 28 15 21 31 38 13 19 23 24 41 13 9 5 5 4 5 3 7 22 26 9 6 7 6 4 2 3 6 7 6 7 13 20 37 38 39 42 40 27 49 40 30 11 33 19 21 56 35 32 44 34 47 31 42 34 33 39 31 25 23 15 60 58 42 16 17 21 11 9 19 45 24 29 35 19
23 32 60 51 64 15 13 12 14 24 29 28 37 49 19 37 19 29 34 55 21 39 15 13 17 32 26 28 24 15 8 25 6 10 7 5 5 5 5 7 9 4 3 5 2 1 1 4 3 6 6 7 5 16 31 46 22 48 64 56 29 23 17 9 44 30 30 44 41 29 45 33 63 42 40 45 29 29 42 28 21 13 39 42 42 20 8 45 15 13 25 36 50 37 23 26
16 35 62 76 47 7 14 24 26 28 44 51 28 35 25 21 45 19 29 29 27 26 24 16 19 25 21 35 22 23 28 17 25 8 11 8 5 4 3 7 5 3 2 2 2 1 2 8 3 5 6 5 10 22 38 37 67 45 35 51 35 18 7 18 24 52 30 34 44 28 33 33 52 45 30 41 42 27 29 44 29 9 20 49 54 25 7 22 22 14 25 17 57 40 15 49
17 40 68 50 9 10 27 27 18 48 35 61 21 39 26 17 22 60 19 29 47 23 41 15 15 32 33 26 23 34 17 20 30 9 11 9 6 8 2 7 5 2 5 6 4 3 7 6 6 10 13 15 19 17 22 34 49 37 40 37 33 18 9 26 21 38 29 31 42 30 29 30 32 52 29 27 47 29 28 27 40 14 19 24 43 23 11 16 32 18 11 13 13 38 26 26
19 53 50 29 13 20 31 32 21 39 18 57 26 35 50 18 39 59 15 36 55 17 46 17 13 30 37 36 13 8 30 8 9 20 33 18 3 6 3 5 3 2 1 2 3 3 3 5 10 11 11 7 9 12 13 20 32 41 26 47 37 21 17 26 33 42 19 24 34 43 25 24 14 38 30 25 33 36 29 23 10 10 34 18 41 25 14 9 15 37 7 18 36 35 26 7
21 44 47 34 15 19 35 52 18 27 21 47 21 29 59 21 35 55 24 19 29 35 30 18 13 16 16 24 25 30 10 16 6 5 2 19 19 4 3 3 2 3 5 4 3 4 4 6 6 11 10 15 13 14 16 20 14 26 28 16 22 28 25 26 26 33 38 28 33 46 14 28 15 24 37 25 29 14 11 26 16 13 12 16 43 53 15 7 14 33 5 8 30 37 37 16
36 36 54 23 16 27 29 38 18 27 23 27 38 18 51 18 18 43 24 14 14 15 62 33 11 11 12 12 17 20 30 15 5 10 2 2 16 5 2 4 2 5 9 6 2 3 1 2 7 11 17 10 10 7 8 20 29 48 32 15 8 24 25 23 25 27 47 20 35 44 14 21 25 25 43 4 20 29 13 11 28 12 10 11 18 36 16 7 8 36 9 7 8 33 61 41
71 40 17 16 24 26 28 30 19 49 27 15 39 16 46 18 15 27 25 11 13 23 44 25 9 14 10 22 21 24 18 16 14 11 2 4 4 10 2 2 4 7 3 4 5 4 3 1 5 11 16 21 14 11 18 24 33 48 44 19 7 32 26 16 25 25 32 24 18 42 22 12 14 34 42 14 11 12 29 8 16 33 14 10 44 37 6 15 2 33 22 9 5 4 12 17
20 8 16 15 21 24 39 29 31 34 22 14 57 16 17 45 15 38 33 9 11 19 18 50 16 16 8 18 25 25 15 8 13 20 5 4 3 12 3 2 3 3 2 2 2 3 4 3 6 17 12 14 15 13 13 18 13 35 38 8 14 19 31 14 24 24 19 38 14 35 27 18 19 14 29 12 13 16 14 19 7 4 30 11 20 41 11 24 6 15 49 9 20 13 7 5
36 18 37 25 21 24 47 23 44 38 10 19 39 22 20 44 12 14 52 8 19 16 10 40 10 16 18 13 14 16 20 21 3 7 6 4 2 3 16 3 1 3 3 6 4 2 2 5 15 13 27 22 6 12 18 2 13 22 15 8 14 36 34 13 11 26 18 29 13 17 60 12 24 26 16 13 19 13 23 14 21 10 8 24 6 30 32 28 10 14 61 15 10 7 17 7
71 29 15 28 27 29 29 21 47 28 17 19 16 20 16 27 11 9 41 14 19 13 6 14 23 19 14 8 10 9 12 12 14 4 4 13 3 3 4 7 2 4 4 5 4 4 3 1 12 4 2 3 3 11 13 32 22 15 14 13 10 27 20 13 13 23 34 10 33 8 38 12 19 25 7 10 20 7 12 20 19 19 9 4 6 5 23 47 17 10 29 13 13 8 15 11
80 28 17 23 20 26 12 20 25 11 16 17 20 24 13 29 14 11 30 9 8 22 7 3 3 5 5 4 13 28 10 12 13 2 4 1 6 3 3 18 2 3 2 3 4 2 6 3 29 6 6 4 6 6 21 33 19 6 6 24 10 7 21 15 22 13 39 12 38 9 15 24 12 27 7 17 10 11 8 7 15 20 9 6 6 6 2 6 19 31 21 18 13 6 19 11
62 21 12 25 14 14 14 16 27 9 16 12 12 30 11 36 13 21 18 8 6 13 11 5 5 6 7 7 9 11 18 10 5 4 2 1 1 4 2 10 1 1 1 3 3 2 8 10 2 4 7 8 2 15 27 28 17 10 4 23 14 11 6 27 20 24 32 13 32 15 10 13 26 33 9 8 14 6 10 3 3 14 6 9 5 4 5 3 2 8 28 13 6 9 20 12
64 19 33 15 16 14 12 13 17 8 14 16 7 33 26 8 12 14 21 9 13 6 14 7 12 13 8 12 7 6 8 7 9 3 1 2 1 2 3 4 3 1 2 1 2 2 2 12 2 2 3 5 8 26 30 24 16 13 5 8 23 10 16 10 21 37 16 25 6 20 37 7 25 45 13 3 10 4 6 3 10 7 10 7 3 2 3 5 5 3 11 20 15 4 15 5
59 26 15 13 12 15 22 11 19 7 12 10 12 13 32 5 5 5 10 2 12 7 12 12 12 12 10 12 13 3 4 6 13 7 2 1 7 1 1 5 10 1 2 1 2 5 5 9 1 2 2 5 16 17 24 15 4 11 12 5 20 8 15 15 6 12 13 17 7 10 32 8 13 23 1 4 4 9 9 5 1 7 2 3 6 0 1 2 4 4 5 2 15 4 8 2
12 36 7 14 12 12 15 9 34 8 9 14 10 3 18 10 9 4 19 6 6 10 10 14 11 6 11 12 14 2 4 4 7 5 6 2 2 4 1 1 5 0 1 1 1 10 16 4 2 2 4 11 15 17 25 10 5 14 10 10 18 10 5 4 15 12 6 18 7 8 24 16 25 11 2 6 2 1 4 9 3 4 4 4 7 2 3 2 3 2 3 6 7 11 7 1
13 40 12 9 5 10 13 12 8 14 8 10 10 5 7 8 8 5 36 6 4 5 8 24 5 5 8 14 11 4 4 4 8 5 8 4 1 2 3 1 5 1 1 1 1 3 2 5 1 6 4 13 17 24 13 5 8 15 8 14 21 16 26 7 7 10 5 21 4 7 6 12 21 5 2 1 2 3 5 4 4 1 1 6 5 8 5 4 2 2 1 1 2 16 7 2
12 42 30 2 6 7 19 11 6 13 6 4 3 5 3 10 2 9 7 3 5 4 8 5 12 6 6 7 5 5 3 6 7 6 4 3 3 2 4 1 5 1 1 1 1 1 5 14 4 3 10 23 28 25 4 7 11 18 10 15 8 23 11 19 11 6 4 6 4 7 9 18 8 8 5 6 1 5 8 3 5 1 1 4 3 16 12 3 2 2 2 1 1 3 7 5
5 9 31 3 7 3 11 10 5 11 9 3 1 5 3 12 3 8 5 8 3 3 9 10 7 3 3 4 5 8 1 2 4 9 5 2 3 6 2 3 6 2 1 2 1 1 1 9 11 12 20 32 24 7 4 15 18 15 11 17 16 10 5 7 17 2 4 6 7 3 6 8 6 12 5 5 3 8 5 1 9 14 3 4 1 2 4 4 2 2 0 1 3 6 2 5
5 10 24 5 6 1 3 6 5 4 6 2 1 2 5 22 4 3 6 2 5 7 7 8 5 2 3 2 6 4 3 4 7 4 1 1 3 5 5 1 3 2 1 3 2 2 4 26 16 38 50 37 3 4 6 7 13 13 8 9 17 5 12 8 6 15 28 4 3 2 2 14 3 7 9 6 5 11 9 5 8 29 5 6 2 1 2 5 12 7 3 2 5 4 3 9
5 6 21 6 8 2 2 5 1 5 8 5 2 2 3 8 4 2 5 2 4 5 4 2 4 1 8 1 3 7 3 3 7 8 2 1 4 2 1 4 0 1 0 2 10 30 47 18 21 26 14 3 4 6 9 8 10 9 5 5 6 4 7 8 1 13 6 0 0 5 3 4 12 4 13 9 7 7 11 4 8 11 4 7 4 3 3 2 3 4 4 8 2 6 10 18
6 3 1 14 3 2 1 1 1 3 12 2 2 1 2 5 2 2 7 2 2 3 3 2 1 2 2 1 0 5 3 3 3 4 2 4 2 2 0 1 1 1 1 23 15 20 53 58 26 7 3 4 4 8 7 6 9 8 6 1 0 1 6 15 13 26 2 1 1 8 11 5 5 2 15 4 11 4 13 3 7 7 7 10 5 5 1 1 2 1 1 2 6 2 7 9
5 4 2 14 1 2 2 1 5 0 5 2 2 2 3 5 2 3 6 3 1 2 2 4 1 2 1 4 1 1 2 3 5 4 1 1 7 3 1 1 3 25 39 37 51 20 33 62 39 1 3 5 6 5 1 4 5 4 4 0 0 5 18 22 17 7 3 8 8 4 9 10 2 2 5 5 11 10 22 25 32 15 4 8 6 5 4 0 1 3 3 2 2 4 10 10
4 2 1 19 2 1 1 1 5 0 1 4 1 1 1 4 1 3 9 2 1 2 2 6 1 3 1 2 3 3 1 3 4 3 3 3 3 2 2 6 17 37 59 46 59 65 55 40 2 2 6 4 4 5 2 2 8 12 3 1 1 8 19 11 6 4 6 7 8 4 9 19 31 5 3 6 6 8 12 7 3 6 8 18 13 6 3 1 3 1 4 5 2 4 15 4
2 2 1 3 7 5 2 1 5 1 1 4 0 1 1 1 2 2 2 2 1 0 0 2 1 3 3 2 4 1 2 2 1 4 2 3 2 1 3 10 8 10 30 57 66 56 2 2 4 3 3 2 4 4 2 2 1 22 4 5 3 5 3 10 8 3 8 8 5 19 16 20 3 4 4 10 9 8 9 7 9 9 11 5 10 3 4 2 3 1 1 5 2 3 12 4
2 2 1 1 9 2 2 1 2 1 1 2 2 0 0 0 1 0 2 1 1 0 0 1 2 4 2 2 3 1 2 2 2 1 2 3 2 1 3 6 3 12 11 7 7 2 6 9 5 4 2 2 2 0 1 4 2 6 6 3 3 4 1 4 2 3 3 10 11 23 6 3 4 6 6 8 20 8 10 8 12 9 10 9 9 1 3 2 5 1 5 4 2 2 4 2
1 2 1 1 4 0 1 1 3 1 0 1 3 1 0 1 1 1 2 2 1 1 0 1 4 2 1 2 1 1 1 3 2 3 2 1 2 1 8 7 31 37 11 3 5 5 2 2 3 1 1 0 1 1 1 5 1 12 4 1 2 2 5 3 1 3 3 16 15 1 3 0 2 7 16 17 9 9 6 6 10 6 8 8 6 3 3 3 2 2 4 4 2 3 2 1
1 1 1 2 2 0 1 1 2 0 0 0 1 1 1 0 0 1 0 2 1 0 0 1 2 2 2 1 0 1 1 1 1 2 1 2 2 2 5 3 4 10 6 5 6 3 3 4 7 4 1 0 0 1 2 5 1 4 4 2 2 2 3 2 1 2 6 11 2 0 1 3 2 2 3 11 11 14 4 6 7 7 9 3 6 4 3 4 4 2 2 4 2 0 1 1
3 1 1 3 5 0 1 0 1 1 0 0 1 1 1 0 1 0 1 0 1 0 0 1 1 3 2 1 1 1 0 0 2 0 1 1 1 1 9 2 4 9 3 5 1 5 1 1 2 5 3 0 0 1 0 1 4 1 4 0 0 4 3 1 2 6 8 13 2 0 0 4 3 2 3 6 12 5 3 3 6 7 5 6 3 3 6 4 2 1 3 2 1 1 0 1
1 0 0 0 1 1 0 0 0 0 0 0 0 1 0 0 0 1 1 0 0 0 0 1 1 1 1 0 1 1 0 0 0 1 1 1 3 13 4 31 27 13 2 1 1 6 4 2 1 4 2 2 0 1 1 1 6 3 1 0 0 2 3 2 5 7 7 11 1 2 2 4 12 1 2 5 5 3 2 2 5 4 3 1 3 6 2 4 1 1 1 1 0 0 1 0
1 1 0 1 0 2 1 0 0 0 0 0 0 0 0 0 0 0 2 0 0 0 0 1 1 0 0 0 0 0 1 0 0 1 1 3 7 8 29 15 12 14 6 1 2 2 0 0 0 2 3 2 1 0 1 2 1 6 1 1 1 5 2 1 3 5 4 8 2 3 4 3 4 1 2 2 4 5 3 2 0 0 1 1 1 1 1 1 1 1 0 0 0 0 0 0
0 1 1 1 0 1 0 1 0 0 0 0 0 0 1 0 0 0 0 0 0 0 1 0 1 0 1 0 0 0 0 0 0 1 1 12 17 33 59 21 3 1 4 2 2 0 3 8 2 4 7 1 2 4 2 3 1 2 2 3 1 6 1 2 3 3 3 7 2 2 2 3 3 1 0 0 2 3 12 3 1 1 1 2 1 1 0 1 0 0 0 1 0 0 0 0
