sesion_6_simulaciones/modelos_agentes/ejemplos_netlogo/scenarios/echam4_b2/rob_2094.asc
NCOLS 322 
NROWS 307 
XLLCORNER 451900 
YLLCORNER 4086900 
CELLSIZE 100 
NODATA_value -9999 
[rows 0 to 73 of 307, columns 192 to 287 of 322]
16 14 8 5 16 34 16 7 7 10 14 6 4 4 7 6 4 4 8 9 10 11 8 11 19 33 20 37 40 67 34 14 14 3 3 4 9 9 6 21 25 12 12 37 40 37 25 33 40 42 22 22 23 24 17 17 11 46 11 10 1 1 2 5 5 2 4 5 2 6 2 1 2 2 7 3 2 5 11 3 2 3 4 6 6 4 11 7 6 7 1 3 5 18 3 1
18 8 12 10 13 30 7 12 22 15 11 9 14 14 9 9 14 3 8 13 17 11 8 8 11 40 17 23 16 28 67 42 10 6 4 3 5 8 16 12 23 8 5 15 19 22 32 24 35 66 74 45 22 18 15 14 34 30 33 4 3 2 6 4 4 3 5 3 5 3 1 4 2 3 14 4 14 8 6 6 4 7 9 7 6 3 8 9 8 8 3 6 4 6 3 2
6 13 8 7 19 20 13 6 4 12 14 15 25 30 16 30 21 20 31 34 37 20 17 11 7 11 10 4 5 11 15 48 37 11 12 6 5 4 10 4 3 5 21 38 31 43 36 36 43 53 53 38 40 19 26 42 14 13 19 5 5 5 6 3 2 8 2 2 2 4 2 3 3 4 26 5 25 16 5 10 6 5 9 12 7 2 5 6 11 6 3 15 5 13 3 0
10 10 24 25 14 11 10 11 11 28 14 28 40 33 27 45 35 19 31 50 43 43 39 26 21 15 3 5 5 3 7 15 6 11 9 9 10 4 4 3 11 21 11 12 20 49 39 38 12 21 13 12 15 31 21 28 24 8 11 13 14 4 3 6 2 7 4 5 13 4 6 5 2 2 12 6 9 7 10 11 6 6 9 15 9 2 4 11 17 5 10 8 6 12 2 0
5 4 12 3 22 29 25 17 30 27 29 20 26 23 30 49 35 41 49 57 58 41 36 40 28 39 24 36 30 8 4 1 7 5 6 10 3 1 3 5 9 11 16 22 17 22 18 23 40 49 45 30 21 16 45 49 13 12 4 4 12 8 4 4 3 7 4 4 3 2 1 2 2 2 6 6 5 12 28 34 22 5 5 17 15 11 1 9 9 15 13 5 11 17 4 0
7 6 14 12 6 10 36 12 34 28 21 32 11 33 45 48 59 54 21 25 46 30 24 38 38 41 24 40 35 15 15 9 4 3 2 1 1 3 1 2 6 12 19 32 48 60 57 57 45 24 24 22 33 45 72 41 17 14 4 20 30 18 10 7 3 8 2 4 6 6 9 7 6 5 4 7 12 12 17 10 13 30 20 16 18 13 3 7 9 12 4 7 10 10 5 1
6 3 4 13 8 7 37 11 7 18 26 64 38 18 42 58 51 55 29 11 19 41 50 60 36 36 42 34 38 35 28 22 22 20 13 4 6 8 4 1 5 12 24 31 58 35 37 40 52 36 40 75 32 56 64 28 16 21 9 18 21 17 9 9 13 7 6 8 11 3 6 7 6 12 13 6 2 8 18 21 11 31 17 8 4 22 6 5 6 6 6 11 18 28 4 3
4 4 4 6 20 16 34 44 11 5 12 20 52 17 7 24 16 30 33 19 15 32 19 32 33 29 37 28 41 39 38 38 36 37 34 18 24 12 6 3 7 25 35 43 49 49 45 68 82 74 70 39 59 52 60 32 15 5 8 10 11 6 3 3 2 7 4 5 14 6 6 5 8 12 15 9 2 13 27 10 28 48 29 9 5 19 14 6 7 15 14 14 32 14 7 4
9 8 8 6 13 11 24 50 53 21 10 12 26 45 25 19 12 38 47 32 26 44 15 28 56 40 35 39 42 54 51 51 54 50 36 33 19 10 3 6 15 22 37 40 64 60 48 55 70 75 56 35 76 55 52 20 6 28 41 21 22 11 19 7 8 22 7 7 3 3 6 6 9 10 9 5 3 6 9 16 28 43 24 15 6 8 10 6 5 22 15 21 16 22 7 11
5 8 10 7 8 4 21 20 56 42 33 20 21 31 40 20 21 17 50 47 45 55 24 27 46 47 36 36 29 43 13 33 55 54 43 23 14 11 5 7 7 14 29 38 59 32 28 73 51 38 29 86 65 61 34 14 22 37 32 34 17 56 39 10 15 4 9 8 10 4 4 9 10 7 5 4 3 5 27 10 6 27 29 26 15 7 15 4 6 8 10 30 18 27 11 37
8 9 11 14 8 4 3 4 9 28 18 14 12 40 30 22 32 9 20 49 38 62 67 29 36 33 61 41 17 38 51 19 8 8 16 37 22 13 7 7 12 16 36 61 28 54 58 64 23 29 72 78 50 55 23 13 22 28 18 27 54 60 22 8 6 8 10 7 15 11 18 11 13 13 8 6 3 2 7 13 14 37 57 29 33 13 8 12 3 12 31 11 17 12 12 57
19 12 7 11 12 12 8 5 5 6 8 9 18 20 20 18 16 31 25 29 56 63 57 40 9 26 58 49 24 24 52 55 15 6 7 10 30 14 1 6 32 40 44 23 13 14 45 18 27 62 85 75 52 36 12 35 27 17 20 63 50 36 4 7 10 7 15 10 8 12 11 10 17 22 21 15 6 3 12 13 15 65 37 52 32 26 12 7 5 22 21 10 28 8 31 68
31 18 17 31 27 28 26 15 29 20 19 15 10 9 11 13 16 51 47 26 22 44 42 39 11 25 42 35 30 14 14 32 14 4 2 3 14 21 3 8 28 33 31 47 44 38 67 18 43 79 74 47 12 33 51 53 46 49 74 64 11 9 8 5 4 4 6 5 11 7 3 8 22 29 31 18 8 2 12 19 50 53 17 31 45 27 20 5 6 23 18 13 36 9 31 44
58 44 34 39 37 37 27 27 28 31 34 42 22 20 15 16 14 11 12 13 23 20 13 22 20 30 33 35 15 8 12 21 21 16 2 2 7 17 12 15 15 30 25 16 16 57 35 25 60 50 33 12 23 40 43 43 61 59 43 6 21 27 17 9 7 3 3 2 9 6 11 24 18 16 17 21 11 3 7 18 50 20 12 35 63 32 25 12 5 9 10 14 22 11 28 24
16 54 52 54 42 45 23 34 18 20 38 34 31 35 40 40 38 24 9 11 9 9 7 18 22 23 19 13 5 3 12 15 17 12 3 2 11 21 23 14 14 16 24 14 9 22 18 25 29 25 8 16 27 30 40 45 40 9 24 26 29 21 24 47 49 29 20 8 8 14 20 15 24 22 14 12 7 4 8 20 28 12 8 53 66 66 38 42 22 5 9 15 13 14 39 33
31 50 62 35 45 69 44 22 39 30 23 39 37 49 56 46 46 24 21 22 17 10 6 5 18 13 6 4 2 3 3 15 20 23 15 6 9 14 15 20 13 16 15 11 5 7 28 35 21 13 27 20 20 28 29 33 11 34 30 24 30 48 61 38 28 41 13 6 20 3 18 52 23 18 23 27 32 18 7 22 25 13 5 12 36 66 21 14 19 22 5 21 10 14 45 40
67 17 70 46 43 66 75 76 39 17 29 29 50 49 49 44 54 48 40 40 38 38 22 11 7 8 18 19 12 8 2 2 4 9 15 11 13 13 14 23 14 12 10 10 6 5 7 7 21 41 28 47 40 25 18 34 38 33 30 24 47 42 62 44 44 17 8 20 10 12 14 6 28 12 27 39 48 32 23 8 41 22 15 4 13 44 55 18 7 10 5 6 13 24 17 19
43 13 58 37 59 64 69 45 75 76 47 54 58 26 29 31 48 52 44 42 41 41 38 20 18 19 34 26 22 16 3 2 2 2 5 9 12 11 11 13 13 13 7 5 2 10 22 38 40 34 39 58 51 49 22 33 29 51 45 39 64 56 47 35 15 14 19 21 13 10 7 6 23 26 38 39 42 47 36 13 9 19 20 15 5 19 35 25 20 4 10 1 13 20 9 9
37 37 42 47 35 62 68 41 47 79 50 71 82 59 44 35 52 69 69 60 59 44 27 22 32 22 38 34 46 19 21 18 20 12 8 6 9 6 11 10 6 4 2 4 15 25 44 43 37 40 52 57 48 34 47 47 46 42 29 39 59 31 15 6 15 13 10 46 25 7 11 5 26 30 6 18 56 43 49 39 11 7 38 21 14 5 21 26 26 12 2 2 18 9 2 2
48 19 29 47 39 49 77 41 30 66 72 82 84 74 76 67 30 47 50 65 49 43 42 37 39 37 37 46 45 45 34 28 26 24 20 12 6 6 4 4 2 1 9 16 39 37 40 51 32 50 57 42 55 49 50 46 13 8 19 39 68 31 9 22 28 21 32 37 16 16 11 3 7 34 26 7 18 28 43 45 42 13 13 27 21 7 4 15 30 21 2 1 11 2 9 17
74 39 39 43 15 37 69 46 61 48 69 58 76 50 62 67 31 23 47 68 49 62 44 27 58 50 38 31 40 37 31 19 24 22 28 20 14 7 3 1 1 5 19 36 42 48 27 25 52 68 47 48 60 64 70 59 33 20 29 42 49 16 11 31 25 18 19 7 19 26 18 4 5 12 41 17 7 11 62 34 35 17 7 16 19 6 7 22 14 15 1 2 2 3 17 37
57 21 52 51 22 16 43 74 27 50 82 77 81 61 57 34 37 12 27 75 71 53 41 39 28 31 14 14 23 21 28 27 17 16 30 24 17 13 7 2 5 15 24 30 24 39 35 50 48 42 33 41 45 72 74 71 66 49 35 34 24 9 20 23 31 26 19 11 13 25 10 4 5 9 38 22 9 10 21 46 36 31 13 8 22 8 12 18 11 4 4 14 5 11 33 42
75 28 69 74 45 30 32 57 28 30 82 73 60 39 22 45 39 34 13 30 39 58 76 76 51 20 39 27 13 20 18 16 11 12 20 30 24 9 4 1 3 19 33 36 18 23 12 26 15 17 13 33 48 33 50 71 52 32 15 63 27 8 18 21 16 21 44 18 20 8 5 5 13 26 56 23 11 16 28 60 37 19 12 5 10 17 11 18 7 3 11 43 19 19 18 35
72 64 56 76 28 39 43 60 56 29 32 27 33 61 32 24 51 47 27 39 44 45 71 62 56 26 34 39 28 10 12 11 10 10 12 16 22 9 4 1 5 8 7 17 14 9 15 17 28 24 15 30 23 30 30 21 11 24 52 39 10 16 21 15 23 43 26 16 24 14 5 8 15 32 35 17 20 17 32 54 41 46 23 7 6 9 11 18 3 5 15 12 27 40 18 22
44 38 54 55 41 19 53 67 45 20 38 26 28 51 55 36 42 49 43 21 23 31 41 35 33 23 30 44 40 19 11 8 7 8 8 11 7 16 5 1 3 8 19 20 26 35 39 36 27 31 39 20 13 7 7 14 26 27 64 31 8 28 18 12 29 54 19 31 29 15 9 9 19 49 29 18 31 21 28 47 40 41 39 25 8 4 13 8 3 22 24 21 22 19 53 17
26 35 23 53 27 14 59 68 46 22 20 29 30 20 48 48 30 24 33 33 18 18 28 32 28 23 16 36 57 18 13 9 3 2 3 2 9 6 11 2 5 9 10 14 26 27 38 19 18 32 31 42 31 44 28 27 27 49 56 8 13 20 14 8 26 42 21 24 23 19 8 9 25 55 20 31 35 18 15 27 28 40 30 13 16 4 4 8 19 36 37 35 40 23 15 36
18 23 13 17 12 35 56 48 31 18 10 19 19 11 11 32 35 34 29 31 16 14 18 21 10 13 14 15 20 27 22 6 3 2 2 3 6 4 9 5 3 3 5 11 15 20 15 18 29 27 41 38 32 39 48 60 65 78 38 7 15 17 9 15 55 43 11 26 29 18 12 6 20 54 22 19 23 29 8 15 28 40 18 13 5 4 7 23 41 36 39 30 34 41 50 21
13 12 6 3 5 6 9 13 11 7 6 4 4 3 4 8 12 11 19 25 15 13 11 10 5 5 18 15 14 16 21 15 14 7 2 3 5 3 8 3 3 2 5 6 9 13 25 23 18 45 32 34 36 36 49 79 66 55 8 21 23 13 24 37 74 25 35 18 18 20 20 11 31 55 32 20 23 33 10 15 27 37 25 31 14 2 9 20 22 15 14 10 9 13 29 28
5 7 8 7 4 1 2 2 3 2 2 1 1 2 2 2 2 2 4 7 10 8 7 4 4 6 17 14 13 10 10 10 6 5 8 4 2 3 4 3 2 7 22 23 23 25 38 58 22 37 26 26 28 24 68 61 35 8 21 28 23 18 36 67 36 16 31 17 19 24 18 10 21 51 67 37 29 24 13 13 27 43 35 23 11 2 8 10 7 17 18 22 22 17 13 25
10 17 16 26 15 6 5 4 5 13 13 15 16 16 27 16 15 14 4 1 3 2 2 2 1 9 10 7 8 5 5 3 7 6 4 4 2 1 2 3 8 21 24 24 31 42 44 30 53 35 27 22 32 34 71 29 16 21 30 30 21 20 38 69 25 15 16 29 18 9 8 11 38 57 27 54 39 25 11 7 39 33 41 22 10 2 9 19 31 40 21 31 35 27 21 8
18 28 27 31 25 8 9 28 18 27 27 35 31 34 34 34 32 29 26 14 8 5 5 3 1 1 2 4 7 4 4 3 4 5 4 3 0 1 2 7 21 24 26 43 46 53 51 40 46 63 59 52 35 52 32 17 6 34 27 31 13 21 43 59 31 11 18 29 23 18 5 11 53 23 18 64 52 34 17 7 23 20 36 20 5 6 19 20 20 28 23 19 12 10 11 23
31 32 32 34 23 17 18 34 32 33 32 35 51 38 47 47 38 32 29 29 18 28 25 11 9 7 4 1 1 1 1 1 1 4 3 1 1 2 7 24 24 27 31 33 49 54 58 70 55 55 38 76 56 35 39 35 13 31 35 46 39 27 55 21 9 29 37 17 33 16 5 13 27 25 16 65 37 36 17 12 25 23 22 17 4 12 36 42 41 27 19 8 15 15 13 23
51 48 37 50 37 22 22 29 28 33 53 52 51 56 53 38 38 34 32 32 31 36 32 24 20 19 10 7 4 5 7 11 4 1 2 1 1 2 7 20 22 26 27 36 51 52 63 64 52 52 41 25 46 43 54 12 28 35 27 36 27 33 36 45 46 26 17 14 43 32 14 9 29 21 35 70 35 31 27 12 14 24 20 9 13 25 36 57 57 45 42 22 24 31 28 59
51 51 55 41 38 38 24 39 50 53 59 51 54 44 51 43 39 40 36 50 46 48 33 29 25 38 23 17 10 10 30 11 6 2 1 0 0 2 6 13 12 17 27 30 40 60 38 17 69 62 48 32 49 56 12 10 25 27 26 39 46 48 54 28 20 17 27 22 20 27 22 13 33 26 35 52 46 49 30 13 11 19 10 9 22 26 25 25 16 15 14 24 32 32 72 73
49 50 58 58 55 29 25 40 52 59 58 52 53 52 50 51 39 61 55 53 32 26 26 29 31 29 24 20 20 26 12 9 4 3 3 2 2 1 5 14 14 24 38 30 21 29 23 38 38 48 48 17 36 9 16 10 14 19 19 33 50 59 34 52 32 17 18 18 18 32 37 15 17 26 38 44 49 30 26 14 7 12 11 15 34 15 16 22 38 38 32 25 17 65 47 62
58 71 60 30 50 29 40 40 66 56 51 51 51 68 69 53 57 54 41 58 38 37 20 45 48 27 26 25 48 17 8 7 6 5 8 4 4 5 7 11 22 32 41 17 25 29 27 42 39 36 26 18 24 8 16 8 19 35 40 51 36 26 40 57 23 12 10 12 26 27 25 16 12 25 26 53 52 38 27 14 6 8 17 33 46 44 35 28 32 23 18 44 53 66 46 29
66 77 44 46 60 38 30 63 59 67 38 54 61 55 73 59 38 28 56 49 45 40 16 53 23 20 32 44 17 10 11 18 15 14 11 11 10 8 3 4 16 26 14 13 15 32 62 60 49 33 28 16 15 14 22 29 37 28 19 21 24 32 34 55 29 15 16 15 14 12 16 21 12 23 40 38 33 47 31 14 6 22 42 29 39 55 51 50 45 40 21 40 42 46 49 24
50 67 36 39 59 38 36 66 56 63 27 48 67 51 69 42 40 43 57 62 52 29 30 21 24 39 62 15 11 21 19 20 20 16 14 11 9 9 4 3 2 4 7 13 28 54 59 41 63 27 21 12 27 23 27 18 14 8 24 25 19 39 38 35 16 51 55 46 34 33 21 22 11 21 26 22 31 36 17 5 11 35 55 63 56 61 66 54 44 41 41 51 22 10 45 35
60 32 36 31 52 29 32 59 73 57 19 54 70 58 60 63 39 56 75 62 47 25 46 27 47 54 15 16 28 28 21 19 32 20 25 15 14 14 14 8 10 8 8 20 58 42 56 22 29 45 17 19 35 29 27 22 15 25 55 54 41 38 69 38 48 36 47 54 31 23 23 23 13 10 16 28 18 28 7 3 16 30 30 47 48 26 42 16 12 14 9 67 52 30 26 15
78 55 38 26 39 23 41 56 80 42 23 41 58 59 63 38 33 81 57 21 26 53 50 40 51 30 29 31 43 44 28 33 34 31 15 24 16 27 18 17 10 5 2 5 29 28 30 13 9 8 7 18 25 36 29 44 46 45 32 40 58 57 35 56 47 48 21 45 67 35 20 14 12 5 12 17 12 19 10 10 23 37 35 36 29 15 19 26 36 57 70 86 67 32 25 12
63 61 32 32 39 20 29 52 64 36 19 38 73 70 34 52 43 50 23 17 31 65 72 59 48 51 37 35 46 35 30 57 40 17 17 30 22 33 30 17 13 9 6 6 2 4 3 3 9 21 34 36 46 45 42 51 39 32 53 70 76 73 54 61 15 77 65 24 27 66 61 47 32 16 4 13 14 7 6 10 24 22 21 33 23 24 51 53 49 39 52 76 46 35 28 14
52 37 23 34 30 26 17 42 51 28 17 32 65 52 45 43 27 20 7 27 50 62 53 31 28 17 16 55 51 36 47 50 32 17 22 31 35 36 33 10 12 10 12 11 11 4 2 6 14 18 31 30 40 38 31 31 40 55 43 84 76 48 41 80 58 36 75 42 25 19 37 39 46 45 24 13 8 7 5 9 28 26 19 22 33 44 53 57 49 62 52 63 58 49 29 14
40 27 11 25 20 18 15 17 24 11 9 20 36 17 23 26 13 18 14 32 59 32 29 35 23 26 19 59 54 38 66 48 22 31 29 41 42 56 44 25 21 9 19 16 12 6 2 3 13 15 15 22 42 35 47 56 32 60 63 83 36 13 46 80 49 52 38 73 42 14 19 26 43 38 37 33 12 6 3 7 19 24 24 19 23 39 71 51 35 77 50 49 55 26 16 15
12 10 8 14 13 6 13 8 22 25 16 12 15 15 29 35 27 38 20 31 51 34 32 34 27 24 25 59 55 40 64 42 38 37 35 50 48 47 23 28 40 28 22 12 7 3 1 1 7 16 16 29 45 38 37 45 28 45 73 49 34 20 68 80 66 26 20 30 55 31 19 18 21 17 40 21 16 7 4 6 15 22 28 21 50 66 80 54 48 77 48 23 31 47 18 9
9 2 10 13 10 16 17 46 40 69 68 57 15 28 39 43 48 23 21 45 43 28 30 20 24 35 23 52 54 57 48 42 39 43 43 56 68 49 35 30 60 46 11 6 6 2 1 2 11 16 35 36 37 41 24 27 46 69 81 41 27 31 46 79 74 57 26 10 48 51 35 17 18 18 51 20 10 7 4 13 20 30 30 37 43 34 37 32 47 45 59 47 48 41 11 2
4 3 7 14 35 48 61 64 46 44 57 63 66 49 23 27 25 18 23 27 15 25 25 30 45 35 36 68 55 72 44 45 42 51 55 71 74 46 48 42 56 32 18 12 9 12 9 1 6 19 18 27 25 19 21 36 53 69 60 53 30 29 32 86 58 56 53 8 40 62 51 17 15 17 21 37 15 4 4 17 18 30 46 52 47 35 36 25 34 36 43 34 25 11 4 8
11 11 5 5 14 26 50 23 22 20 42 52 47 57 25 20 25 38 41 22 21 27 25 39 60 46 35 63 61 54 37 53 42 55 52 68 55 48 61 35 22 19 30 29 23 23 14 5 3 7 24 19 20 29 29 14 40 39 49 79 45 41 52 66 54 17 50 27 32 40 38 34 22 12 9 67 15 3 6 13 26 33 25 57 40 35 36 27 25 15 16 12 10 10 14 28
19 32 13 6 23 22 24 37 24 41 54 41 54 69 68 42 52 44 28 22 33 33 37 37 50 40 34 62 60 35 47 47 49 53 65 71 59 51 26 15 16 30 29 29 39 27 25 7 2 2 8 19 24 34 33 21 39 44 32 46 47 47 52 65 70 21 38 39 28 53 40 23 28 18 17 19 14 2 6 12 23 28 44 61 37 40 32 25 36 12 9 6 8 14 27 31
13 26 51 22 10 13 36 32 59 33 32 33 71 46 46 84 78 20 32 33 35 33 39 36 40 37 39 66 51 43 46 44 51 68 71 47 24 23 36 34 43 42 38 29 44 44 30 11 3 1 2 32 21 17 36 27 46 38 33 35 43 32 34 46 78 21 18 32 24 24 33 21 19 17 14 14 8 6 4 11 17 24 63 44 21 17 17 20 19 2 4 13 15 21 30 26
48 48 56 61 22 7 11 53 54 54 13 18 38 46 71 77 58 79 77 46 32 51 47 22 38 32 53 48 47 42 48 39 57 72 77 44 42 36 52 51 65 68 50 53 62 35 18 7 1 0 2 4 6 11 37 30 48 46 32 30 26 15 6 20 57 35 22 23 22 21 21 30 20 17 10 10 7 5 4 12 20 24 33 27 15 13 8 9 4 11 13 16 30 37 26 25
35 20 29 74 25 22 20 21 25 34 26 7 31 78 84 80 57 46 75 52 64 68 53 29 47 45 67 61 55 67 48 48 52 52 54 36 41 51 53 60 30 31 63 80 35 24 20 7 2 2 3 3 2 4 15 38 45 59 28 29 28 15 8 43 61 32 31 20 21 21 25 26 15 9 13 10 9 5 6 15 15 28 26 12 9 6 7 16 17 27 32 33 33 35 19 21
17 33 31 75 74 20 26 16 22 22 28 15 40 51 52 55 73 82 58 21 55 23 67 77 88 82 75 49 70 55 68 48 43 29 71 63 66 60 36 35 15 4 60 55 49 35 33 19 8 14 15 9 3 1 3 9 11 27 14 23 20 11 13 29 43 46 31 22 24 7 9 12 18 9 5 6 7 4 5 8 17 18 17 12 6 10 23 24 32 27 30 49 40 29 24 20
12 19 28 36 73 68 36 19 19 22 21 22 39 64 74 77 39 76 73 32 61 56 32 49 69 48 66 40 66 29 17 44 32 32 54 87 72 54 33 75 42 43 51 52 62 41 23 19 28 31 22 11 2 1 2 1 2 7 5 20 19 10 21 37 32 48 34 19 16 13 14 12 10 7 6 3 7 4 2 4 7 8 11 8 5 14 18 23 31 28 32 28 61 34 22 13
7 13 22 5 37 83 39 25 15 14 23 29 26 40 48 64 65 78 55 58 66 46 16 52 68 45 45 41 47 70 55 60 56 34 43 80 87 91 89 86 74 61 61 69 64 45 40 33 54 22 15 15 13 12 8 7 4 2 2 5 6 9 12 33 35 36 34 24 14 12 10 7 7 5 4 3 3 2 1 2 4 4 2 3 4 4 8 20 31 15 20 35 34 29 16 29
15 9 22 50 40 60 82 40 40 18 12 16 20 27 58 47 70 83 21 30 73 70 31 18 80 83 56 41 57 67 35 35 45 35 32 62 81 83 80 55 69 69 45 53 58 59 71 70 44 12 24 31 28 27 26 36 32 11 4 5 4 4 8 10 20 42 25 21 10 14 9 4 6 5 4 2 2 2 1 2 1 4 6 10 13 8 11 12 24 28 24 25 29 28 40 38
24 8 7 37 58 65 86 68 35 34 25 22 21 29 27 19 56 41 29 66 88 45 25 16 24 71 42 50 46 67 64 48 55 53 48 84 74 53 45 35 44 25 22 75 50 72 83 79 53 41 52 40 39 28 23 8 13 10 6 4 4 4 7 8 6 19 25 18 14 11 6 3 2 3 3 2 2 1 1 1 3 5 6 9 17 29 27 29 34 32 26 33 31 29 24 42
41 29 23 17 20 24 39 70 40 51 34 22 19 26 41 19 47 29 55 46 83 45 30 27 17 34 36 48 24 64 69 42 42 46 60 77 74 39 27 40 37 29 29 44 61 49 47 32 37 43 36 38 36 37 38 11 7 13 6 4 4 4 6 6 4 9 18 19 12 6 4 2 2 3 3 3 1 1 1 3 4 5 13 17 7 6 19 55 23 39 40 42 45 34 39 44
21 24 46 21 20 48 48 73 75 59 52 25 21 17 21 27 36 39 34 49 76 84 61 38 15 15 33 11 27 64 74 50 41 48 42 44 48 36 28 35 32 29 29 32 67 44 47 32 22 20 23 10 13 11 24 17 5 12 6 4 3 3 3 4 4 7 11 8 8 4 4 2 2 2 2 1 0 1 2 2 3 5 5 6 5 14 38 44 48 51 50 44 44 51 42 54
38 37 17 14 17 32 45 58 75 55 43 36 18 12 16 30 15 21 42 80 72 75 65 58 35 12 41 40 15 22 58 43 50 43 23 26 35 59 29 25 32 22 17 27 48 45 54 38 29 22 19 14 5 7 13 14 6 12 10 3 2 2 2 3 3 5 7 4 6 3 3 1 1 2 1 0 0 1 2 3 2 3 4 10 16 24 27 48 30 29 21 22 34 46 43 26
54 54 26 13 5 32 29 45 65 70 36 36 22 20 25 27 15 43 67 81 51 52 62 35 28 26 16 30 40 8 37 54 34 37 23 36 35 24 27 26 37 29 12 14 24 43 54 44 43 30 29 16 11 5 4 8 6 9 14 6 4 1 1 1 1 3 4 4 3 2 1 1 1 0 0 0 1 1 1 1 1 4 5 10 20 20 31 30 29 21 17 31 36 34 28 27
58 54 35 30 10 12 29 41 77 36 41 27 19 18 18 22 18 38 74 54 11 35 82 36 27 30 15 20 22 36 33 31 25 26 29 20 17 11 12 24 39 20 11 10 13 25 52 37 49 30 21 16 10 6 2 3 4 4 6 5 2 1 1 1 1 2 1 2 2 2 2 1 0 0 0 1 1 1 2 3 2 6 13 18 14 18 42 36 26 27 34 27 31 37 36 19
54 54 38 21 22 15 31 35 73 41 18 39 29 18 16 15 13 53 54 32 55 63 74 60 36 22 27 42 17 48 36 32 33 20 33 17 21 18 6 17 11 10 12 26 37 42 49 41 60 57 45 30 13 8 2 2 3 4 4 6 3 1 1 1 1 1 1 1 2 2 2 1 0 0 1 1 1 2 2 3 3 5 7 7 14 19 22 32 38 40 42 34 37 21 34 33
48 40 32 24 23 25 15 25 45 69 39 22 32 18 16 14 18 41 35 42 35 51 72 59 39 50 22 29 33 53 29 23 26 26 15 11 19 17 14 12 5 6 12 49 32 26 48 31 48 53 59 35 21 14 5 2 1 2 3 3 3 1 1 1 1 1 1 2 2 1 1 0 0 0 1 1 1 2 2 2 4 6 11 9 11 10 21 30 28 30 31 51 37 43 56 37
44 45 29 22 26 25 23 27 31 48 53 21 17 17 18 18 19 19 28 36 38 53 79 55 48 32 44 25 29 47 27 11 16 17 20 10 11 15 9 6 4 9 30 52 14 29 34 20 41 40 40 44 33 24 19 10 3 1 1 2 1 1 1 0 1 1 1 1 1 0 0 0 0 0 1 1 1 2 3 2 6 8 8 6 6 9 13 11 22 34 27 35 31 17 29 32
84 64 50 20 16 24 20 23 28 42 53 35 28 20 22 16 15 20 21 16 43 44 69 53 31 25 29 32 27 19 36 14 13 15 12 16 12 12 4 6 19 22 33 13 13 24 16 19 27 36 46 42 53 38 29 19 12 3 1 0 1 1 1 0 0 0 0 1 0 0 0 0 0 1 1 1 1 1 1 1 3 3 4 5 3 5 7 9 15 20 33 48 30 27 30 9
53 81 68 47 26 16 15 23 28 34 68 43 30 19 13 11 12 8 14 17 30 38 57 61 32 23 19 21 25 25 25 33 20 10 9 18 12 6 3 9 17 42 24 13 17 19 17 14 28 37 24 27 30 39 34 22 14 9 4 1 1 1 1 1 0 0 0 0 0 0 0 0 0 1 1 1 1 2 2 2 3 3 3 3 5 8 9 9 13 27 30 33 26 25 23 31
28 85 40 77 58 45 16 17 19 38 55 35 25 13 12 8 5 6 13 17 32 49 38 57 48 33 26 19 17 23 21 28 22 16 8 13 5 3 5 6 23 25 24 8 10 18 6 10 28 39 20 19 26 25 54 35 24 12 9 2 1 1 0 0 0 0 0 0 0 0 0 0 1 1 1 2 1 2 3 4 3 2 3 4 8 8 8 8 20 22 24 15 19 30 28 26
49 53 38 74 54 56 36 10 14 18 36 36 17 15 9 5 5 6 14 28 13 12 54 58 62 51 41 36 13 10 11 15 13 11 5 5 3 2 3 6 23 11 9 8 7 23 7 10 35 39 27 10 6 5 36 27 24 13 6 3 1 0 1 0 0 0 0 0 0 0 0 0 0 0 1 2 3 4 5 6 8 11 9 11 11 10 8 7 14 15 16 25 37 38 38 34
56 50 46 41 50 30 62 24 8 8 17 23 16 9 7 4 3 9 12 12 26 54 66 67 72 54 41 24 20 12 16 19 12 11 8 6 4 3 6 13 11 8 6 5 10 28 16 17 44 42 42 14 4 2 7 8 12 14 4 3 1 1 0 0 0 0 0 0 0 0 0 0 0 1 1 1 3 5 10 8 11 15 21 15 14 12 9 12 21 14 14 17 21 13 20 21
56 45 52 40 47 19 30 43 7 6 15 20 25 8 4 2 3 5 14 23 48 50 65 58 63 67 34 22 20 16 14 12 10 8 5 3 2 2 4 13 9 5 5 4 4 9 11 9 31 45 29 15 16 4 4 8 4 6 4 4 1 1 0 0 0 0 0 0 0 0 0 1 1 1 1 2 3 7 7 17 22 18 15 24 17 18 18 34 25 9 11 8 13 28 27 29
48 57 61 44 24 20 18 19 12 5 10 14 18 7 3 1 3 7 22 49 34 21 53 49 47 56 38 23 20 16 11 8 6 6 4 2 1 3 11 15 6 4 3 2 3 12 4 10 38 17 23 12 10 6 5 6 7 5 4 3 2 1 0 0 0 0 0 0 0 0 0 0 1 1 2 4 5 10 15 14 27 36 40 40 43 35 37 34 24 18 16 19 13 15 30 27
31 25 36 39 21 22 11 10 12 8 4 7 9 6 2 1 5 11 20 21 27 24 41 66 26 31 27 34 14 11 9 7 5 6 6 2 1 6 16 5 2 1 2 2 5 7 9 43 57 9 5 21 8 5 3 3 7 4 4 2 1 1 1 0 0 0 0 0 0 0 0 0 1 1 1 2 4 3 4 10 17 21 25 31 48 40 48 45 35 33 21 21 33 29 22 22
13 15 15 18 17 12 10 10 10 8 3 3 4 5 1 1 3 6 9 12 21 18 15 24 22 21 16 19 9 7 6 5 3 3 3 1 4 9 4 3 3 1 1 2 4 8 17 15 41 13 4 11 12 5 5 6 5 3 2 2 1 1 1 0 0 0 0 0 0 0 0 0 0 0 1 1 2 4 3 4 8 12 19 19 42 40 55 59 43 54 46 46 39 37 29 49
18 19 19 15 11 9 7 3 3 3 2 1 1 3 1 1 3 5 3 7 14 8 7 13 14 14 11 9 13 6 5 4 3 1 1 2 4 4 4 5 2 1 3 6 9 17 6 4 7 10 8 7 8 8 6 3 3 2 1 2 1 0 0 0 0 0 0 0 0 0 0 0 0 0 1 1 2 5 5 5 8 12 9 15 26 37 32 37 71 66 36 60 51 49 32 40
