sesion_6_simulaciones/modelos_agentes/ejemplos_netlogo/scenarios/echam4_b2/rob_2012.asc
NCOLS 322 
NROWS 307 
XLLCORNER 451900 
YLLCORNER 4086900 
CELLSIZE 100 
NODATA_value -9999 
[rows 222 to 295 of 307, columns 0 to 95 of 322]
25 36 44 61 48 37 47 33 8 21 25 29 52 23 20 12 10 5 5 7 17 31 29 39 31 27 21 34 54 30 22 47 60 37 63 54 32 31 37 64 38 37 50 67 60 75 53 57 60 79 78 48 30 28 23 10 12 23 10 13 15 8 5 12 5 6 2 3 2 1 1 1 0 0 0 0 0 0 0 0 0 0 0 0 0 0 0 0 0 0 0 0 0 1 2 1
48 61 47 33 33 42 40 45 24 11 15 30 33 15 8 9 11 22 27 27 31 44 29 65 51 47 37 38 33 47 31 48 43 49 71 21 24 39 44 67 63 60 50 74 37 22 33 20 19 57 65 43 38 19 14 14 6 7 11 12 7 12 4 6 8 3 2 2 3 1 0 0 0 0 0 0 0 0 0 0 0 0 0 0 0 0 0 0 1 1 0 0 1 1 0 0
48 71 69 77 59 59 45 47 33 37 46 59 26 21 18 28 26 42 24 24 63 19 41 47 47 36 30 63 45 45 42 52 44 61 41 32 44 55 46 64 66 65 64 87 80 70 58 54 46 20 23 30 17 12 8 7 6 8 7 7 6 6 3 11 10 4 3 1 1 1 0 0 0 0 0 0 0 0 0 0 0 0 0 0 0 0 0 0 2 2 1 1 1 1 0 0
58 61 51 67 63 68 37 25 18 57 55 42 25 20 23 31 11 5 4 43 23 35 66 57 43 49 43 51 43 30 46 45 57 19 25 51 46 70 47 74 67 74 79 65 63 76 60 65 64 35 16 16 9 11 4 4 5 8 4 3 6 2 2 1 2 2 1 1 0 0 0 0 0 0 0 0 0 0 0 0 0 0 0 0 0 0 1 1 4 3 3 3 1 1 0 0
22 36 36 26 33 74 50 12 39 43 57 28 43 37 9 6 4 3 15 49 18 49 65 64 46 47 34 20 40 33 49 74 60 35 39 49 74 84 61 70 79 82 83 53 64 66 64 29 54 66 20 12 4 5 5 7 4 3 3 2 1 1 1 1 0 1 1 1 0 0 0 0 0 0 0 0 0 0 0 0 0 0 0 0 0 0 2 3 4 8 4 1 1 0 0 0
45 31 35 31 36 29 17 21 18 29 49 56 56 15 4 4 21 30 51 65 36 42 64 77 65 47 53 29 36 51 28 56 83 40 30 40 59 57 84 89 65 57 41 69 47 48 65 41 25 9 16 18 13 10 8 7 6 3 2 2 1 0 1 0 0 1 0 0 0 0 0 0 0 0 0 0 0 0 0 0 0 0 0 0 0 0 2 10 6 0 0 0 0 0 0 0
51 41 37 52 34 31 38 39 28 48 42 38 29 14 23 43 54 60 62 76 43 52 65 72 31 29 58 21 43 62 29 24 45 64 44 70 53 36 69 80 75 47 62 39 79 52 30 29 24 18 11 21 18 14 13 9 3 3 1 1 0 0 0 0 0 0 0 0 0 0 0 0 0 0 0 0 0 0 0 0 0 0 0 0 1 1 2 10 4 1 1 0 0 0 0 0
21 37 53 34 31 26 49 48 44 44 44 56 35 42 39 61 57 40 67 71 51 49 48 51 30 63 28 11 45 56 30 29 46 55 74 83 68 46 31 47 58 37 27 18 33 68 48 25 19 16 12 11 9 13 15 11 4 2 0 0 0 0 0 0 0 0 0 0 0 0 0 0 0 0 0 0 0 0 0 0 0 0 1 0 2 3 4 6 2 1 1 1 0 0 0 0
60 52 37 46 49 39 58 47 52 43 32 46 35 57 42 63 63 58 49 73 33 45 55 49 48 19 31 39 41 57 28 45 37 43 50 71 58 71 45 18 36 57 42 43 53 21 25 17 10 10 6 6 9 9 6 5 5 2 2 0 0 0 0 0 0 0 0 0 0 0 0 0 0 0 0 0 0 0 0 0 0 0 1 1 1 6 19 6 2 2 3 1 0 0 0 0
45 57 48 62 43 40 51 77 28 56 32 33 44 55 42 63 61 48 48 61 44 51 52 55 33 29 33 38 31 33 20 35 67 56 43 31 70 41 47 38 17 26 64 67 70 36 14 8 15 14 11 4 5 7 4 4 2 1 1 1 0 0 0 0 0 0 0 0 0 0 0 0 0 0 0 0 0 0 0 1 1 1 1 1 1 3 15 4 2 5 3 1 0 0 0 0
41 32 61 51 38 46 45 58 35 39 36 39 45 61 48 45 64 24 35 45 25 49 14 37 27 43 29 22 37 18 32 47 46 72 52 46 34 35 41 19 29 20 17 26 23 15 11 7 13 7 10 4 4 3 3 5 2 1 0 0 0 0 0 0 0 0 0 0 0 0 0 0 0 0 0 0 0 1 1 2 3 6 3 1 1 2 6 5 5 3 1 0 0 0 0 0
27 34 56 46 32 65 64 49 49 41 50 56 37 64 48 42 47 26 31 39 53 17 13 10 28 35 15 26 43 24 32 26 24 24 14 29 18 20 20 14 25 36 55 26 22 8 8 3 4 3 4 3 2 3 4 1 1 0 0 0 0 0 0 0 0 0 0 0 0 0 0 0 0 0 0 0 0 1 1 4 10 8 5 5 2 2 17 13 6 2 1 1 0 0 0 0
30 17 20 41 29 55 59 53 62 32 47 61 23 40 29 43 64 34 33 36 44 30 12 13 37 20 10 39 48 54 58 24 41 32 49 48 47 45 36 43 55 55 54 56 46 36 31 9 10 14 7 3 2 1 1 1 0 0 0 0 0 1 1 0 0 0 0 0 0 0 0 0 0 0 0 0 0 1 2 5 6 14 9 11 6 21 12 9 4 4 3 2 1 1 0 0
12 18 31 25 29 38 43 45 22 46 59 52 23 24 24 22 54 17 22 22 9 26 18 34 18 19 18 34 53 33 76 79 71 60 75 59 63 46 49 41 49 62 57 70 34 16 12 2 5 8 11 6 2 1 1 1 1 1 1 1 0 0 0 0 0 0 0 0 0 0 0 0 0 0 0 0 0 1 3 6 18 12 15 13 25 14 14 10 3 3 7 4 2 1 0 1
8 20 16 13 25 35 40 29 22 29 37 45 13 29 17 27 28 18 13 8 6 10 14 10 24 18 42 54 55 34 44 63 84 61 72 89 87 73 74 62 29 61 67 60 68 44 36 13 10 10 7 4 4 1 1 3 2 1 1 0 0 1 0 0 0 0 0 0 0 0 0 0 0 1 1 0 1 0 1 2 18 30 28 9 8 43 12 12 9 8 3 3 2 1 1 1
4 7 8 22 19 38 22 44 32 44 23 12 19 7 17 18 7 61 8 19 58 48 30 18 13 11 14 28 27 35 40 34 36 74 61 81 85 80 81 73 64 31 68 69 67 37 42 17 9 8 3 2 1 1 0 0 1 1 1 0 0 0 0 0 0 0 0 0 0 0 0 0 0 1 1 1 1 1 1 2 14 32 25 6 27 26 15 26 21 7 6 4 3 1 3 2
5 4 11 17 36 16 26 32 29 36 21 22 11 6 9 7 4 2 30 34 36 55 54 32 21 11 24 23 26 32 29 39 35 34 25 55 85 63 77 43 54 49 45 53 49 37 15 6 16 12 5 4 4 3 2 1 1 0 0 0 0 0 0 0 0 0 0 0 0 0 0 0 0 1 4 2 1 2 4 7 22 37 16 14 29 7 3 6 8 2 2 4 2 2 1 0
3 3 6 4 6 17 23 27 24 14 20 13 7 3 4 10 6 7 7 23 26 13 59 49 21 6 27 47 36 38 39 25 33 44 23 27 57 68 63 55 51 40 43 32 31 36 27 9 3 8 7 5 3 4 2 1 0 0 0 0 0 0 0 0 0 0 0 0 0 0 0 0 1 1 3 5 2 2 3 18 26 58 15 19 41 9 8 5 3 2 1 2 2 1 0 0
0 1 2 5 4 8 13 12 19 18 10 6 4 3 5 5 11 9 19 35 14 10 12 44 51 15 35 50 52 50 58 43 44 52 41 28 21 53 36 38 17 20 12 17 16 13 3 11 5 4 5 2 2 2 2 2 1 1 0 0 0 0 0 0 0 0 0 0 0 0 0 1 1 1 1 7 10 4 12 13 45 44 38 55 13 12 12 7 8 8 3 3 2 1 0 0
0 1 1 4 2 3 7 10 8 11 11 3 6 5 4 4 9 24 35 18 9 6 11 54 35 37 39 25 15 27 37 37 43 41 40 41 19 16 15 12 18 11 4 4 6 9 6 8 3 2 3 2 2 1 1 1 1 0 0 0 0 0 0 0 0 0 0 0 0 0 0 1 1 1 2 2 24 5 7 32 51 34 45 49 34 24 12 24 19 3 3 2 1 0 0 0
0 0 0 1 1 2 2 4 7 7 7 5 2 3 9 9 5 13 30 34 18 12 8 18 18 24 25 50 20 48 59 40 35 41 37 47 37 17 10 5 4 7 9 7 10 9 5 2 2 3 2 1 1 1 1 1 1 0 0 0 0 0 0 0 0 0 0 0 0 0 1 0 0 2 8 7 24 12 16 43 59 55 35 37 21 9 8 18 10 6 1 1 1 0 0 0
0 0 0 0 2 1 1 8 3 3 2 4 19 23 41 36 19 8 9 10 16 14 11 24 45 45 44 39 42 42 53 54 49 49 44 51 44 53 29 9 9 5 5 3 3 3 3 1 1 2 1 1 1 1 1 0 0 0 0 0 0 0 0 0 0 0 0 0 0 1 1 1 1 2 7 7 23 43 27 50 55 57 50 41 20 24 11 12 11 5 2 1 0 0 0 0
0 0 0 0 1 1 1 4 2 0 1 8 3 3 14 45 20 8 7 7 12 16 18 19 14 19 45 63 61 62 58 59 61 66 61 52 51 51 54 41 15 8 8 8 7 3 2 2 3 2 2 2 1 1 1 0 0 0 0 0 0 0 0 0 0 0 0 1 1 2 1 2 1 2 17 7 5 37 77 51 60 57 43 29 18 10 2 7 9 5 1 1 0 0 0 0
0 0 0 0 0 1 2 1 1 7 12 21 10 8 10 7 6 4 10 14 17 34 20 25 43 28 10 31 33 64 67 65 76 80 66 49 62 69 65 45 18 14 10 12 10 10 4 7 3 1 0 0 1 1 0 0 0 0 0 0 0 0 0 0 0 0 0 1 2 3 3 4 2 4 16 26 7 35 59 48 43 25 14 6 8 11 4 4 4 2 1 1 1 1 0 0
0 0 0 0 0 1 0 0 2 2 1 1 6 17 22 9 8 13 8 24 39 22 23 43 29 42 28 10 9 51 38 69 84 71 68 66 50 52 57 52 37 34 19 9 13 17 6 5 3 1 1 1 1 1 0 0 0 0 0 0 0 0 0 0 0 0 1 2 2 5 4 8 3 4 15 33 31 26 59 31 19 10 14 9 6 2 2 3 5 4 1 1 1 1 1 0
0 0 0 0 1 0 0 1 1 2 1 2 5 9 4 4 17 29 15 32 21 28 36 35 30 41 48 26 21 16 22 14 53 60 51 47 35 49 38 21 15 9 6 5 7 12 4 4 3 2 1 1 0 0 0 0 0 0 0 0 0 0 0 0 0 1 1 2 2 4 13 8 11 4 7 32 34 67 35 20 23 12 10 8 10 3 5 5 4 1 1 2 2 1 1 0
0 0 0 1 0 0 2 0 2 3 7 14 9 5 2 15 17 39 30 14 11 17 14 28 22 25 39 35 54 51 29 39 42 29 15 25 28 31 17 17 7 6 3 4 4 4 3 4 1 1 1 1 1 1 0 0 0 0 0 0 0 0 0 0 0 1 0 1 1 2 5 17 31 6 4 25 22 60 23 30 14 11 7 10 9 7 7 1 3 2 2 3 1 1 0 0
0 0 0 1 0 1 0 0 0 1 5 12 8 3 16 18 34 16 43 15 15 19 20 26 35 35 67 56 28 24 18 20 41 47 32 24 34 36 27 20 19 12 20 12 5 4 4 4 3 2 1 1 1 0 0 0 0 0 0 0 0 0 0 0 0 0 1 3 2 1 3 5 15 23 11 16 54 43 33 22 9 15 13 7 3 6 7 4 5 5 2 2 1 0 0 0
0 0 2 0 1 3 0 0 0 2 4 2 6 4 13 21 34 13 20 16 23 23 23 24 72 75 68 46 62 66 55 37 54 51 42 36 40 49 34 27 30 18 11 8 6 5 8 9 3 2 2 1 2 1 1 0 0 0 0 0 0 0 0 0 0 1 2 4 5 2 1 2 9 25 36 21 64 42 39 39 28 13 16 18 12 9 12 7 5 6 5 1 1 1 0 0
0 0 0 0 1 0 0 1 2 5 7 11 9 7 17 25 40 34 12 29 21 23 34 42 56 74 78 62 36 45 47 41 28 28 36 27 26 32 27 44 45 19 20 16 19 13 9 10 4 3 3 4 2 1 1 0 0 0 0 0 0 0 0 0 1 1 5 5 2 3 3 5 8 8 8 57 65 43 31 29 17 19 32 22 20 22 16 16 8 5 2 1 1 1 0 0
0 1 0 1 0 0 1 1 9 20 43 13 5 12 19 11 14 16 10 16 17 28 36 61 62 34 58 58 47 64 64 51 26 17 18 19 32 38 43 38 23 22 42 33 33 21 10 5 3 2 1 1 2 1 1 0 0 0 0 0 0 0 0 0 1 2 5 5 5 8 7 7 24 30 27 39 61 50 25 28 28 34 28 12 18 17 13 7 9 2 1 1 1 1 0 0
0 1 0 1 0 1 4 16 27 18 49 45 10 10 21 15 14 3 6 9 9 11 16 44 18 24 42 64 66 69 85 48 63 44 24 14 25 64 46 45 45 8 9 3 4 9 4 6 2 2 1 2 1 1 0 0 0 0 0 0 0 0 0 0 2 6 5 5 4 19 36 9 33 55 65 52 40 39 33 19 24 20 20 28 18 15 7 5 5 3 3 3 2 1 0 0
0 0 0 2 0 1 1 3 7 11 6 5 12 15 21 23 36 12 13 12 13 10 26 31 9 7 9 40 43 33 45 77 53 67 60 52 45 42 34 34 40 32 20 22 18 8 7 10 5 3 3 1 1 1 1 0 0 0 0 0 0 0 1 1 3 5 6 6 5 5 22 45 24 50 65 65 51 31 42 32 40 39 20 12 17 14 8 4 5 8 5 4 1 1 0 0
1 0 1 1 0 1 3 5 12 11 10 22 15 13 17 20 34 14 6 23 26 19 25 46 17 3 16 10 24 31 14 23 58 51 59 56 30 10 9 9 19 19 15 19 23 21 10 4 7 4 2 3 2 1 0 1 0 0 0 0 0 0 2 3 6 10 6 5 17 14 10 11 49 64 53 67 48 48 64 58 17 13 14 16 13 8 11 6 7 3 2 1 0 0 0 0
1 0 2 0 1 1 2 2 4 7 12 18 8 13 13 15 22 3 7 9 8 40 33 50 38 14 16 24 32 23 25 11 8 16 18 14 14 12 10 7 4 6 5 7 16 15 7 12 9 6 4 3 2 1 1 1 1 0 0 0 0 1 2 5 8 10 7 11 14 34 22 24 18 23 43 50 66 60 36 36 29 36 28 29 19 12 16 10 3 2 1 1 0 0 0 0
0 1 0 0 0 0 0 1 4 4 9 13 10 10 13 25 21 5 7 6 13 41 47 43 19 3 18 38 26 39 40 15 43 48 47 38 32 25 24 10 6 7 24 28 25 11 12 8 9 8 6 4 3 2 1 1 1 0 0 0 0 1 4 7 8 18 10 14 17 16 58 40 35 29 17 59 42 65 52 45 46 57 49 32 20 26 14 7 3 2 1 1 0 0 0 0
1 1 0 0 0 0 1 1 3 4 4 9 32 35 34 48 38 12 5 5 34 40 44 34 21 41 10 37 35 44 30 46 46 29 31 32 26 22 10 16 31 38 17 16 10 14 9 8 10 7 7 6 3 2 1 1 1 0 0 0 0 0 2 8 25 20 11 19 17 15 17 36 57 18 14 26 67 78 73 60 52 48 42 43 32 14 13 6 9 3 1 1 0 0 0 1
0 0 0 0 1 0 0 1 1 6 13 14 30 42 39 18 8 4 3 18 32 33 39 51 48 21 25 31 26 24 32 69 34 32 37 37 34 19 25 26 50 38 31 27 26 21 17 11 16 10 9 6 4 3 2 1 1 0 0 0 0 0 2 6 18 15 26 35 26 45 45 54 58 29 32 46 65 60 60 51 48 41 35 32 20 15 12 12 11 7 2 1 1 1 1 2
0 0 0 0 0 0 1 1 2 10 17 22 22 77 38 15 20 12 8 23 24 25 28 18 15 14 46 16 32 25 49 36 48 55 40 38 37 36 43 35 23 39 40 41 33 32 21 23 18 7 5 4 3 3 3 1 1 0 0 0 0 1 2 6 13 14 14 28 50 39 64 57 63 33 58 57 63 62 43 40 40 36 23 16 13 13 10 8 5 5 3 2 1 1 2 2
0 0 0 0 0 0 1 1 3 9 16 17 9 23 15 3 14 15 22 18 21 35 32 17 13 29 19 28 42 62 66 54 51 51 39 41 52 48 50 42 45 57 55 33 25 36 31 24 12 9 6 5 3 2 2 2 1 1 0 0 0 1 2 5 8 14 13 17 42 68 64 64 57 82 67 47 36 38 45 44 37 34 31 23 13 17 7 10 5 3 3 2 1 2 3 3
0 0 0 1 0 1 0 1 8 6 9 8 5 2 2 3 14 14 11 19 20 17 19 34 31 16 18 45 62 30 24 25 47 42 49 54 55 51 48 47 50 56 38 38 44 36 33 29 12 11 7 5 3 2 1 2 1 1 1 0 0 1 3 8 15 15 16 15 19 24 43 51 58 68 18 44 41 38 31 32 29 25 20 29 20 18 12 10 5 3 3 1 1 3 3 5
0 0 0 1 0 0 0 1 5 10 15 14 10 15 13 6 2 5 5 25 32 19 56 55 24 27 31 46 30 29 30 36 39 36 49 55 56 54 43 69 55 40 39 44 17 27 38 33 23 16 4 3 3 3 3 1 1 1 1 0 0 0 1 6 13 15 46 28 34 39 39 28 42 61 49 55 54 37 37 33 36 27 30 25 19 5 5 3 5 7 3 1 2 7 8 8
0 0 0 1 0 0 1 3 10 18 20 5 6 15 15 11 7 2 7 31 28 55 40 19 25 44 31 29 30 30 39 35 26 37 43 64 44 43 60 53 45 61 62 28 41 35 32 29 17 8 5 6 6 4 4 3 2 2 1 0 0 0 2 5 9 25 44 69 38 51 44 30 34 68 76 42 45 52 50 31 27 28 34 23 11 4 10 7 5 3 1 1 3 8 9 10
0 0 1 0 1 2 5 11 18 24 3 3 4 3 1 4 8 3 11 22 23 26 11 19 36 15 12 24 29 33 52 39 29 37 50 57 51 65 69 64 45 37 36 43 35 34 21 20 15 11 8 11 10 3 3 3 3 1 1 0 0 1 2 5 13 19 43 62 60 62 49 52 57 72 45 43 38 37 42 45 30 56 34 15 14 15 10 6 2 1 1 2 5 11 10 13
0 1 0 0 2 0 1 5 8 5 1 2 7 7 8 11 20 10 27 12 12 9 6 18 18 24 28 36 48 39 35 27 30 35 61 44 76 71 69 40 28 25 31 42 45 36 29 25 22 19 14 11 6 3 2 2 2 1 1 1 0 1 3 8 19 27 28 34 60 76 70 35 41 70 44 49 67 63 57 63 52 35 25 23 21 18 6 5 2 1 1 5 8 11 9 14
1 0 1 1 0 0 1 3 5 4 0 6 7 10 13 15 7 12 32 22 26 22 4 22 26 41 42 38 31 19 30 31 33 39 75 41 27 18 18 34 35 51 60 59 53 41 29 27 14 20 9 7 9 4 4 2 2 2 1 1 1 3 5 9 23 27 27 18 38 66 70 49 57 68 47 31 50 72 69 65 59 27 28 27 19 15 6 4 5 2 4 7 4 15 16 19
0 0 0 0 0 1 1 2 8 13 2 6 9 3 5 5 6 34 20 14 17 21 19 16 41 32 32 37 24 29 40 40 29 75 30 24 50 54 52 49 61 65 58 59 58 53 41 31 18 16 12 10 9 7 5 4 3 2 1 1 2 4 12 32 33 34 27 37 47 57 72 47 46 60 74 54 55 54 67 67 48 45 27 26 21 12 6 2 2 5 7 4 8 11 30 21
0 0 0 0 1 0 0 5 6 6 11 8 2 3 5 7 11 18 17 29 18 22 18 20 35 35 32 33 37 30 42 45 50 38 13 39 45 51 60 83 60 57 65 64 60 54 33 25 17 12 14 11 10 5 6 3 4 3 2 2 3 9 9 25 34 34 32 46 53 50 79 74 53 71 68 56 61 60 56 49 52 34 23 18 17 9 3 1 2 8 4 8 13 16 35 23
0 0 0 0 1 0 0 1 1 6 4 1 2 4 6 5 18 10 8 34 56 29 8 14 49 34 44 38 24 29 60 83 51 12 24 53 42 71 75 67 64 72 68 46 49 41 36 31 17 17 14 13 12 10 8 6 5 5 3 3 3 5 9 15 33 56 44 66 71 62 57 59 57 65 75 75 57 50 39 37 37 28 20 20 16 6 2 1 6 9 11 22 27 24 29 22
0 0 0 1 1 0 1 3 3 4 4 7 5 3 2 17 10 14 20 34 19 10 21 34 9 39 33 23 48 52 68 45 18 26 59 33 56 47 58 78 80 59 46 74 60 35 37 35 27 23 17 15 13 11 10 9 7 3 4 4 5 12 8 11 15 40 66 72 71 73 81 82 57 70 57 50 34 40 50 51 31 30 18 21 16 2 1 5 6 11 20 29 27 18 29 31
0 0 0 1 0 1 2 1 0 2 4 5 3 1 1 31 8 4 5 6 11 16 32 15 7 26 17 23 62 57 46 14 19 32 57 71 53 58 71 75 72 60 63 32 42 34 42 48 32 26 23 18 16 12 11 10 5 3 6 11 8 17 16 19 22 39 50 79 64 64 46 70 54 39 39 50 59 45 37 34 29 16 23 15 4 2 5 7 13 13 17 24 40 32 35 32
0 0 1 0 0 0 2 0 2 2 2 2 2 2 5 27 9 7 8 7 25 16 20 3 25 34 20 43 72 43 29 16 25 29 72 74 69 60 63 64 60 65 50 37 41 67 48 42 34 45 27 22 20 15 13 11 5 4 10 14 28 33 26 31 27 39 60 65 77 62 54 45 52 60 52 66 50 48 39 36 21 21 9 5 3 5 10 15 14 26 27 20 22 32 30 25
0 0 1 0 0 0 1 1 2 1 1 5 1 4 19 9 7 5 17 24 16 19 10 18 51 21 26 55 46 34 39 28 50 63 75 63 61 62 53 40 40 59 66 59 64 51 52 48 55 36 32 38 12 16 14 7 4 10 18 20 45 45 35 51 38 28 40 75 77 39 76 54 51 61 61 58 52 50 44 29 20 20 6 7 5 11 14 19 18 22 32 23 24 35 42 33
0 1 0 0 1 1 2 2 1 1 2 2 2 12 2 4 6 13 19 22 14 10 15 17 35 26 29 58 27 24 35 33 61 59 54 57 48 57 48 52 59 61 61 75 57 55 51 65 44 41 49 31 26 20 10 9 5 11 32 33 39 57 47 60 62 42 45 56 84 41 43 77 75 58 56 54 61 47 50 41 22 14 4 4 6 13 20 30 33 36 37 39 27 33 50 42
0 0 0 0 0 3 5 0 0 1 2 1 9 4 4 6 9 3 2 15 8 12 27 25 31 42 35 16 25 30 41 52 58 62 28 20 56 47 54 46 50 60 64 73 71 55 71 44 63 60 35 30 30 26 13 10 6 13 34 47 46 64 47 51 68 45 64 44 72 47 51 72 50 65 62 55 49 47 65 32 23 5 4 6 14 17 25 33 26 19 28 50 23 28 44 60
0 0 0 0 0 1 0 2 1 2 1 1 5 4 3 4 3 3 2 3 6 10 22 26 18 36 27 17 31 26 34 17 42 26 16 40 28 33 39 61 64 66 70 71 61 43 62 68 60 48 45 36 31 28 24 13 13 15 41 63 66 67 61 51 66 65 34 42 84 50 68 64 58 58 51 42 51 24 22 21 6 4 7 16 18 24 33 38 21 25 38 23 15 20 30 61
0 0 0 0 1 2 1 1 1 1 1 2 3 6 4 11 8 1 2 2 2 17 18 10 24 34 17 38 39 44 62 53 42 22 15 18 36 35 36 34 41 64 51 57 64 35 28 28 44 43 51 41 33 30 17 9 18 28 45 56 82 75 55 56 61 64 63 29 69 19 27 40 48 55 54 55 53 48 33 26 9 5 9 18 20 40 50 41 30 31 38 40 34 19 29 49
0 0 2 3 3 2 1 1 1 1 2 4 10 5 7 10 13 5 12 4 17 27 14 27 35 22 21 7 7 19 46 16 18 11 18 25 17 24 26 27 61 55 43 56 36 40 41 51 50 61 47 46 39 22 19 11 21 33 52 60 72 56 59 65 72 45 45 53 66 35 36 31 29 20 35 47 40 37 20 15 6 10 19 22 26 48 45 22 34 47 29 44 24 26 33 53
1 1 1 1 1 1 1 0 1 3 3 7 16 13 10 22 11 4 12 15 27 14 13 25 20 14 4 10 10 25 28 12 10 26 36 30 36 31 34 49 41 48 66 41 44 45 59 54 63 49 47 43 43 24 9 23 28 61 55 63 66 72 61 73 75 56 41 67 54 36 46 59 54 56 56 51 37 14 10 5 8 21 23 25 32 58 60 21 25 46 34 51 30 30 36 69
0 0 2 2 2 3 2 2 1 2 6 7 11 10 2 3 1 2 8 25 19 12 18 8 25 27 7 8 12 29 13 10 14 35 48 27 29 34 40 24 57 53 39 53 46 60 60 69 67 56 64 45 29 27 17 30 36 55 72 60 65 75 58 49 73 74 44 51 61 62 64 47 46 45 34 38 28 15 5 16 14 25 28 47 40 58 63 35 37 38 22 55 34 34 37 52
2 6 6 14 14 9 5 5 4 4 6 3 5 3 12 4 3 6 16 15 22 16 13 7 9 12 5 9 15 30 13 13 56 42 21 19 27 32 36 44 70 57 62 42 53 71 72 58 56 71 58 38 33 31 20 44 62 55 60 76 67 75 79 57 83 82 50 56 56 60 45 44 58 45 42 23 27 20 11 27 30 30 37 51 41 47 56 49 53 37 34 59 34 37 32 47
9 13 17 6 13 34 11 5 2 6 0 1 3 4 5 3 3 16 26 12 7 14 8 7 19 22 8 6 11 22 25 50 24 11 23 22 14 10 41 40 56 34 69 59 64 74 46 56 69 62 46 41 35 35 32 51 64 64 65 77 65 71 78 72 69 78 57 26 44 70 48 53 53 54 42 41 39 32 21 31 34 48 43 52 41 38 51 51 47 43 39 60 36 30 39 47
2 10 16 2 1 8 10 11 1 0 1 4 4 4 8 5 6 13 10 10 4 5 14 6 27 40 13 8 20 25 38 47 25 25 27 6 7 12 24 45 38 50 63 65 66 60 62 59 62 58 47 43 37 39 42 47 61 76 67 66 83 63 73 78 66 48 22 18 13 35 46 59 54 49 40 37 27 12 21 32 36 49 47 56 43 55 65 67 54 49 39 49 53 20 43 50
2 2 1 3 2 0 0 0 0 2 3 1 1 3 7 5 8 14 3 6 2 6 5 8 21 16 5 6 12 17 11 16 27 20 17 16 13 6 56 21 32 21 60 50 71 55 58 45 63 60 42 41 38 39 43 66 63 76 77 76 75 72 68 73 30 25 45 59 42 47 45 45 47 33 29 22 11 21 36 35 38 53 58 38 54 54 66 67 53 52 39 48 55 25 28 60
2 2 6 2 2 2 0 2 1 1 2 1 1 3 1 2 8 4 5 6 4 15 16 15 25 17 5 5 7 9 8 26 27 20 28 20 30 9 51 30 7 27 61 53 65 57 59 69 61 56 50 43 41 62 62 60 66 67 77 62 72 78 57 49 46 40 46 64 51 36 60 57 67 60 43 12 21 24 36 51 57 44 58 43 57 69 66 64 52 54 39 46 59 50 24 41
0 3 2 4 4 1 1 3 1 2 2 0 1 2 1 4 6 12 3 7 25 10 13 21 37 20 5 8 6 21 20 17 21 45 20 28 31 19 72 48 15 36 23 60 56 48 65 45 58 54 43 46 41 60 75 64 62 61 74 81 63 69 63 44 46 31 36 36 40 31 54 59 63 69 31 20 25 38 36 57 58 57 57 57 42 68 68 69 57 59 28 50 44 43 35 26
1 2 1 0 0 2 1 3 1 1 2 0 1 2 3 4 3 9 2 5 10 23 15 27 20 4 1 1 2 15 21 9 16 24 31 43 21 23 47 56 30 39 24 63 50 42 48 38 55 51 57 43 43 53 60 86 56 64 59 57 68 47 46 39 28 28 44 38 42 36 57 57 34 48 21 19 40 40 39 43 59 58 58 55 55 70 68 76 62 54 38 57 53 28 37 22
2 1 1 1 1 2 1 1 0 1 1 0 1 1 6 6 3 5 3 2 2 3 3 5 3 3 4 1 6 6 18 22 31 22 30 33 18 17 16 70 44 46 42 56 22 53 42 54 57 40 53 41 42 39 64 66 75 61 56 39 58 32 25 39 33 28 42 35 50 43 48 47 35 22 27 41 42 44 44 41 47 59 70 58 54 73 73 75 69 49 36 63 49 44 41 21
1 2 1 1 1 2 1 0 0 3 1 1 1 0 4 3 2 3 8 3 3 4 7 8 7 21 10 4 2 3 10 19 27 26 29 25 24 19 12 43 74 62 42 28 24 35 35 54 40 23 52 40 42 36 50 75 63 71 48 23 30 10 11 11 16 18 34 49 51 53 56 37 22 23 47 46 49 63 59 46 43 56 56 65 72 81 62 78 60 47 39 71 50 59 32 21
0 0 1 1 5 1 0 0 1 0 2 1 1 1 3 2 2 3 1 1 2 4 3 16 24 4 5 3 3 1 2 6 8 25 18 8 25 17 17 26 79 63 34 20 24 38 53 26 39 20 33 47 38 58 60 55 47 50 61 26 28 16 20 9 28 43 42 43 45 35 40 36 17 28 42 42 62 54 51 39 39 28 57 69 67 58 71 76 69 48 34 71 49 54 49 19
0 0 1 0 2 2 1 0 1 0 2 1 0 2 4 4 5 1 2 1 8 8 8 9 6 7 13 7 3 2 11 11 5 10 11 8 36 4 3 26 49 55 39 26 21 67 49 25 21 34 47 49 35 54 73 56 67 34 51 46 25 23 23 14 23 23 24 31 47 46 24 21 26 40 38 43 39 44 33 14 33 40 56 57 66 64 80 73 33 55 32 63 65 34 23 29
0 0 0 0 2 2 1 0 1 1 1 1 3 2 3 3 1 1 4 1 2 2 2 5 10 22 7 3 5 3 15 12 14 19 14 14 18 7 12 16 37 47 46 35 31 77 41 38 25 32 46 39 42 71 73 59 66 38 36 37 20 8 10 39 33 32 36 31 49 23 25 26 42 39 39 37 51 54 43 32 38 57 51 70 65 69 66 79 39 51 41 36 64 24 20 26
0 0 0 0 1 0 1 3 0 2 4 4 2 1 2 4 1 1 2 2 2 3 8 14 19 7 5 9 2 2 9 18 19 33 25 20 25 17 16 25 38 53 37 47 19 46 35 52 37 19 20 46 55 57 68 56 58 40 29 29 19 6 15 23 34 45 42 33 38 37 42 39 39 41 54 25 32 56 43 31 47 51 48 64 56 64 46 58 54 43 71 39 47 23 27 28
0 0 0 1 0 1 1 1 1 4 6 3 1 1 1 2 0 1 1 2 2 3 23 11 10 12 14 20 12 14 4 19 19 33 15 30 23 32 31 26 25 34 36 55 16 46 49 52 40 32 35 51 47 42 60 39 38 40 22 15 7 14 14 17 19 31 27 51 57 43 40 38 37 54 38 22 26 57 56 34 44 48 45 44 67 67 26 36 56 66 59 43 32 18 33 40
