sesion_6_simulaciones/modelos_agentes/ejemplos_netlogo/scenarios/echam4_b2/rob_2057.asc
NCOLS 322 
NROWS 307 
XLLCORNER 451900 
YLLCORNER 4086900 
CELLSIZE 100 
NODATA_value -9999 
[rows 148 to 221 of 307, columns 0 to 95 of 322]
0 0 0 0 0 1 1 1 0 0 0 7 7 5 3 6 8 5 3 6 1 2 0 0 0 0 0 0 0 0 0 0 0 0 0 0 0 0 0 0 1 1 1 1 2 1 3 3 2 7 3 3 7 4 6 17 15 6 4 12 24 24 22 14 23 33 31 19 22 49 45 47 23 27 58 73 22 23 17 30 31 26 11 20 59 46 17 12 45 39 33 37 60 57 37 62
0 0 1 1 1 2 1 2 3 0 1 3 5 17 12 13 23 5 8 8 6 4 0 1 0 0 0 0 0 0 0 0 0 0 0 0 0 0 0 0 0 0 0 0 1 8 5 3 2 2 2 6 8 8 2 2 3 2 13 10 11 36 18 12 20 35 29 25 30 43 22 8 6 35 26 29 61 12 14 37 33 20 27 22 13 56 27 17 14 25 12 53 34 64 49 24
0 0 0 1 1 3 3 1 2 2 2 2 22 27 22 9 44 18 16 19 7 2 1 0 0 0 0 0 0 0 0 0 0 0 0 0 0 0 0 0 0 0 0 2 6 4 3 2 2 2 3 3 4 4 10 7 11 12 10 12 19 31 11 12 31 29 37 48 28 6 36 19 20 33 63 26 29 9 3 9 22 24 18 36 17 23 50 35 18 25 18 13 27 31 43 20
0 0 0 0 0 0 0 0 0 1 2 1 6 22 20 19 53 44 31 6 1 0 1 1 2 1 0 0 0 0 0 0 1 1 1 2 2 0 0 0 1 1 4 6 1 1 1 2 2 1 4 4 5 4 6 5 13 13 14 14 27 23 17 13 28 49 41 29 64 23 9 40 49 23 34 12 24 44 18 8 11 20 25 16 23 14 23 56 44 27 25 14 12 31 40 37
0 0 0 0 0 0 0 0 1 1 1 2 1 2 2 2 2 3 4 2 1 4 5 2 6 1 3 0 0 0 0 0 1 0 0 0 0 1 0 0 0 1 1 2 2 4 5 9 4 2 4 4 7 5 2 5 8 26 10 24 20 28 39 68 70 52 52 23 23 76 26 23 25 32 19 6 10 12 42 25 12 16 32 26 18 25 20 24 54 24 20 19 7 8 21 22
1 0 0 0 0 0 0 0 0 0 2 1 2 4 3 3 1 4 5 9 23 9 19 4 4 1 1 1 0 1 1 0 0 0 0 0 0 0 1 0 0 5 0 2 2 1 1 2 5 3 6 10 9 7 3 4 9 18 27 24 52 43 61 60 67 63 54 12 20 59 62 45 27 17 27 17 14 10 24 15 24 19 20 31 25 21 19 20 65 44 14 13 17 7 25 30
4 1 2 1 1 2 2 0 0 0 0 1 1 5 5 2 1 3 15 14 24 41 21 29 8 5 6 5 1 2 5 3 0 0 0 0 0 0 0 1 0 3 1 1 3 0 1 2 1 5 10 18 29 21 24 10 15 18 35 42 23 17 57 66 62 55 54 37 24 37 72 24 28 21 14 12 23 7 23 43 18 29 29 17 18 16 19 15 27 23 39 16 10 8 7 12
7 5 7 2 4 2 1 2 0 0 0 0 4 2 2 5 3 3 3 19 30 17 18 25 11 6 6 5 1 0 1 11 12 3 2 0 1 1 1 1 0 2 11 1 2 2 1 1 2 4 4 6 14 5 7 24 13 23 15 8 9 11 18 41 45 13 20 12 40 52 47 44 24 20 29 12 12 17 17 33 30 21 29 25 17 18 16 17 17 17 24 30 19 12 8 6
5 7 8 13 14 4 2 9 1 0 0 1 1 1 3 4 3 6 3 2 4 21 27 4 6 14 3 9 3 1 1 1 4 9 5 2 1 1 1 1 1 2 16 1 2 2 2 3 4 6 8 13 9 8 13 11 15 34 22 22 28 27 12 8 5 19 15 18 13 28 32 50 59 30 15 11 13 17 21 30 37 54 16 23 15 15 13 7 12 20 17 6 28 12 5 6
12 30 16 34 10 3 10 19 2 1 1 1 3 9 5 3 6 6 4 3 5 4 3 18 10 3 2 7 10 2 2 1 1 11 11 7 6 4 3 5 5 3 21 15 2 2 2 3 3 5 10 14 8 17 20 6 7 14 21 17 19 12 7 13 13 4 2 10 27 34 41 52 27 32 17 15 22 21 34 27 33 25 34 16 14 13 6 5 7 8 14 9 13 16 7 3
11 43 8 34 9 20 23 20 1 4 4 1 1 1 4 5 7 23 21 32 7 3 5 4 5 2 3 20 3 17 3 6 5 14 4 9 8 16 7 3 6 3 13 19 14 2 1 2 4 3 4 4 4 10 13 6 13 31 37 45 19 25 28 24 24 10 9 15 23 29 29 38 32 21 35 10 20 33 32 38 24 18 24 21 9 6 4 1 3 8 8 12 11 11 13 9
4 42 21 34 26 37 29 4 4 11 9 3 3 2 2 2 3 7 8 38 14 4 4 5 26 18 10 14 3 22 23 4 5 15 34 31 16 38 42 9 8 3 3 16 16 8 4 2 3 1 1 2 7 8 6 6 10 6 6 10 9 20 37 32 33 22 24 26 21 26 29 28 21 32 11 19 18 27 18 14 16 13 11 14 22 15 8 16 9 5 5 7 11 12 7 4
5 4 3 25 40 37 6 3 19 7 14 18 9 4 3 3 6 7 11 6 11 21 16 4 23 17 19 22 24 9 52 39 11 4 17 62 52 20 19 26 26 3 4 25 30 23 4 3 3 3 2 2 21 6 42 43 40 41 55 43 25 13 21 20 22 21 26 31 28 19 21 30 26 32 17 28 15 17 17 22 12 11 11 19 10 10 11 13 7 8 11 5 5 6 3 1
3 14 10 8 10 26 11 33 36 16 12 21 9 8 2 5 4 5 10 8 13 14 16 5 34 37 24 48 39 23 48 63 51 20 17 3 11 31 14 6 9 5 3 49 48 33 16 10 7 13 34 53 29 10 12 46 40 12 20 45 38 19 34 24 23 19 19 39 32 16 19 21 28 28 19 22 20 22 13 12 10 11 4 9 8 5 10 7 5 4 5 5 2 3 2 4
7 9 7 18 15 7 27 62 40 45 2 14 22 22 32 9 15 4 6 8 9 5 22 42 69 32 62 71 47 47 29 47 63 34 27 12 35 50 59 71 53 25 9 23 61 37 19 46 11 18 42 47 67 28 14 54 70 29 21 17 57 56 19 45 28 27 19 27 24 20 26 24 26 20 19 22 18 15 13 6 5 6 7 7 9 5 6 4 3 3 3 2 1 0 1 1
4 6 20 13 11 4 25 54 29 57 10 11 41 29 44 24 8 12 9 19 23 26 10 38 53 60 68 72 42 71 50 69 63 69 63 65 52 60 68 60 8 40 41 11 4 31 24 38 21 14 41 35 42 54 12 24 52 82 42 30 37 21 23 25 32 43 43 40 26 16 32 20 16 15 13 8 12 8 4 3 3 6 5 4 4 2 2 1 2 2 1 3 5 5 5 5
2 3 2 5 12 13 7 66 24 15 12 21 28 6 16 29 11 13 11 36 38 17 17 11 50 80 69 75 56 83 66 69 68 61 70 68 79 72 72 76 65 37 10 7 3 4 33 35 18 6 13 41 53 61 53 66 71 71 78 33 23 27 26 37 33 36 50 25 20 34 18 13 14 14 5 4 3 3 7 8 10 5 3 2 3 7 11 9 19 5 9 17 9 17 18 11
1 3 6 9 6 7 8 23 34 24 43 31 41 41 15 31 24 28 7 7 19 53 29 18 13 26 27 63 61 40 17 16 14 21 23 29 75 58 60 72 69 50 31 8 2 4 27 20 16 12 10 9 29 67 57 55 42 43 72 67 26 16 25 30 36 37 21 31 22 10 11 15 14 9 7 5 3 3 3 2 6 11 8 14 18 27 27 29 17 13 14 30 26 39 39 20
2 2 2 3 8 9 13 10 12 10 23 53 51 59 14 8 13 36 35 18 14 15 36 10 16 22 17 14 11 18 27 16 26 25 44 26 25 19 19 21 14 25 16 6 5 6 19 18 22 15 16 16 4 25 25 33 39 57 34 51 43 23 52 53 45 29 26 17 19 14 13 15 6 3 7 7 3 2 3 7 29 31 21 33 37 41 36 49 35 36 63 66 44 60 40 29
1 2 3 11 10 15 16 15 17 16 22 5 8 11 12 17 11 6 40 46 36 20 24 6 19 39 34 26 17 22 33 40 18 46 19 16 16 22 24 20 14 8 11 9 14 14 28 28 30 21 12 6 8 8 13 36 14 12 10 35 21 32 33 22 31 19 13 19 18 8 7 5 7 5 9 9 13 2 25 25 40 38 39 45 45 63 62 48 46 56 31 14 24 21 24 51
2 2 5 4 4 10 14 8 19 32 7 12 22 17 10 19 4 5 8 15 26 18 14 12 22 17 26 20 35 13 31 22 16 25 17 14 21 40 17 37 22 9 7 6 6 9 16 30 22 21 11 21 22 17 21 19 19 16 24 31 57 51 33 11 17 17 15 7 9 5 5 29 28 16 16 25 12 17 36 54 64 50 49 72 68 66 66 53 64 65 38 13 7 7 14 40
7 19 19 22 7 6 6 6 13 21 11 13 19 14 12 7 9 8 19 19 14 18 21 12 21 14 11 22 9 12 21 19 21 16 14 14 11 27 12 41 21 14 12 4 2 2 8 12 58 46 21 17 50 25 12 30 38 57 54 44 52 31 21 15 16 12 5 5 13 12 26 39 49 21 30 38 25 38 57 59 70 82 52 83 71 69 59 63 58 54 41 33 10 6 5 10
1 2 4 2 3 3 8 10 12 9 12 5 12 15 6 3 6 7 13 13 6 5 4 10 17 13 11 10 15 16 15 16 9 16 11 4 17 12 20 32 18 14 26 9 11 4 3 11 16 38 19 30 25 12 15 30 33 29 24 16 16 11 6 4 4 1 12 25 38 27 43 54 53 37 53 41 25 44 62 57 82 68 59 58 45 11 12 44 23 32 23 13 13 5 3 16
2 5 4 6 4 6 4 6 6 8 4 6 9 12 14 13 15 7 7 8 11 3 4 16 39 24 11 9 13 7 8 20 53 21 11 6 22 10 37 8 23 11 18 13 8 4 7 9 5 16 21 19 9 16 16 17 47 21 13 11 6 19 21 30 14 23 32 47 43 40 39 55 39 40 51 44 33 45 58 69 71 59 42 40 30 16 17 18 31 15 13 12 6 5 2 4
2 3 2 5 6 2 2 3 3 5 6 5 12 7 28 16 9 22 19 13 36 13 16 13 30 29 11 19 5 9 17 12 41 43 20 15 17 23 27 8 8 6 12 14 6 10 7 5 5 8 9 17 14 16 19 19 12 6 6 24 21 37 37 39 28 29 44 47 58 56 38 54 56 57 44 56 52 54 56 63 60 75 50 37 23 27 23 11 45 24 10 5 1 4 5 7
2 2 4 4 2 2 2 4 6 5 8 10 10 9 7 10 40 42 19 17 20 12 24 10 13 20 22 11 6 7 6 9 12 14 19 24 8 9 26 18 13 13 10 7 11 10 9 9 6 8 11 14 24 20 13 12 16 22 29 47 39 35 49 38 29 42 44 43 54 40 43 54 70 37 41 49 55 62 76 54 28 28 32 40 33 26 16 11 10 12 7 4 4 2 4 4
1 1 2 2 1 5 4 5 17 26 29 26 23 32 14 7 14 30 23 31 7 14 30 10 11 7 14 20 9 23 16 13 11 12 22 32 11 19 23 23 13 2 4 7 6 8 4 4 8 12 13 25 19 16 23 14 23 26 44 40 33 32 44 33 28 36 45 26 51 46 35 62 45 31 42 63 53 60 27 82 58 60 33 25 33 28 19 22 9 6 3 3 2 1 2 1
1 1 2 1 1 1 2 5 5 10 24 44 24 28 38 9 14 12 9 9 10 27 21 12 4 7 3 6 5 9 7 7 12 12 22 20 9 17 24 19 11 6 3 2 5 5 7 16 9 10 20 14 14 30 18 16 26 42 40 46 37 35 36 26 28 53 53 33 52 50 47 46 64 64 45 56 68 65 24 24 52 67 50 45 24 17 19 23 12 6 4 1 1 3 3 1
1 1 2 2 2 1 2 2 6 7 4 4 3 5 8 14 14 12 28 11 19 22 8 14 2 11 2 9 3 4 7 7 9 7 11 10 11 8 17 12 9 4 2 4 6 6 9 11 11 12 13 24 17 15 14 26 38 35 30 34 30 24 39 32 36 51 48 45 50 80 64 55 50 66 19 18 15 52 57 35 24 50 35 27 21 16 21 8 5 11 7 3 3 2 1 1
1 2 4 9 1 13 10 1 7 5 5 3 12 6 11 13 12 8 9 9 6 14 5 5 3 2 3 3 3 6 5 4 5 6 6 5 6 4 7 11 7 7 8 11 14 6 11 9 18 26 24 39 25 17 27 28 30 38 23 26 45 28 43 42 34 47 31 63 26 46 78 76 73 58 70 49 32 17 15 32 28 21 44 37 34 27 23 37 16 5 4 4 4 2 1 0
5 3 1 2 11 6 2 4 4 4 2 5 3 3 12 6 7 2 6 6 8 2 4 4 2 1 2 1 1 1 1 3 3 9 2 3 2 5 5 2 3 8 3 5 5 9 5 10 19 31 26 25 23 22 20 34 27 34 31 25 34 37 29 32 35 52 35 38 74 33 73 77 55 73 76 80 61 55 53 41 40 36 16 10 23 32 20 24 11 8 4 2 3 2 1 0
3 19 4 7 2 3 2 3 2 2 3 1 2 6 11 19 31 6 6 9 4 3 1 2 2 0 1 1 1 1 1 2 3 2 1 2 2 2 6 4 2 6 4 19 8 7 14 7 20 24 18 16 19 17 17 20 37 26 23 39 36 41 36 27 41 15 28 31 36 45 33 68 47 59 78 79 79 87 69 57 60 71 74 54 21 16 20 20 12 6 4 2 1 1 0 0
1 2 3 3 6 5 1 1 2 2 2 1 3 3 2 5 4 5 6 5 7 2 2 1 2 1 1 0 0 1 1 2 1 1 1 1 2 3 5 4 2 4 6 16 4 13 6 9 12 23 8 10 11 12 14 17 30 31 19 27 38 19 18 56 62 54 35 21 15 5 14 18 33 35 65 73 68 74 78 60 79 69 64 33 26 29 24 18 23 10 4 4 2 1 1 0
1 1 3 4 3 3 2 1 0 1 1 0 1 2 10 5 13 4 6 3 3 1 1 1 1 1 1 0 0 0 1 1 1 1 0 0 1 4 2 2 2 3 3 6 5 6 7 8 11 9 4 9 6 7 13 8 18 30 29 19 31 46 12 7 6 9 15 30 28 21 13 11 7 20 36 64 54 77 86 53 71 86 65 48 38 23 22 21 17 8 5 5 3 1 1 0
0 3 2 2 1 1 1 0 0 0 0 0 1 2 2 2 4 4 2 2 1 3 1 2 1 1 2 0 0 1 0 0 1 1 1 2 1 4 0 0 1 3 2 4 4 2 3 3 5 3 7 11 8 11 14 12 17 17 19 12 18 45 20 10 28 42 51 37 42 31 29 43 18 7 15 52 49 76 86 77 63 62 58 47 32 31 31 21 17 13 9 8 4 2 1 0
0 1 1 1 1 1 1 0 0 0 0 0 1 0 1 1 1 2 1 0 0 0 0 0 0 1 1 0 0 0 0 0 1 0 0 0 1 1 1 1 1 2 4 4 1 2 3 3 3 5 14 28 16 43 37 60 38 22 28 13 10 4 55 37 9 36 58 44 45 49 53 38 25 23 12 15 19 46 78 56 44 26 20 37 14 28 14 13 13 16 13 8 5 2 1 1
1 0 0 1 0 0 0 0 0 0 0 0 0 0 1 0 0 0 1 0 0 0 0 0 0 0 0 0 0 0 0 0 0 0 0 0 1 1 0 1 1 3 13 28 12 7 4 9 7 3 26 16 61 44 38 51 18 24 34 46 10 10 10 72 24 20 39 62 47 34 59 65 74 47 38 19 11 6 8 8 12 12 10 24 26 10 10 5 5 13 6 7 4 3 1 0
0 0 0 0 0 0 0 0 0 0 1 0 0 0 0 0 0 0 0 0 0 0 0 0 0 0 0 0 0 0 0 0 0 1 1 2 4 6 8 10 11 21 13 26 19 19 14 2 11 14 9 12 34 42 43 51 24 50 46 31 31 18 7 46 68 19 6 28 61 71 57 58 36 37 49 47 25 10 15 5 14 15 13 8 22 22 7 8 5 4 4 2 2 1 2 1
0 0 0 0 0 0 0 1 2 0 0 1 1 0 0 0 0 0 0 0 0 0 0 0 0 0 0 0 1 0 0 0 0 0 0 2 4 6 8 10 8 20 18 16 28 30 25 8 4 7 42 25 12 40 11 16 20 52 70 46 35 26 18 24 81 31 28 14 40 59 81 26 14 27 34 58 46 39 34 22 13 10 6 7 9 18 11 4 4 2 2 2 1 1 1 0
0 0 0 0 0 1 2 1 1 1 1 0 1 0 0 0 0 0 0 0 0 0 0 0 1 1 0 0 0 0 0 0 0 0 0 1 1 5 11 18 11 6 13 11 20 41 54 57 10 10 22 36 24 13 36 9 36 43 62 59 13 23 18 14 80 54 22 22 25 79 81 87 50 41 35 28 20 20 15 16 27 26 13 5 6 5 13 9 5 5 1 4 2 1 0 0
1 1 0 3 1 2 2 4 4 4 2 1 2 0 0 0 0 0 0 0 0 0 0 0 0 0 1 1 0 0 0 0 1 0 0 0 2 4 10 27 20 7 4 10 18 50 58 65 70 65 13 22 21 22 14 12 24 47 60 64 17 23 28 27 58 87 57 37 23 15 20 53 27 31 24 52 39 20 15 11 11 12 17 13 6 2 4 7 5 4 1 3 1 1 1 0
0 2 2 4 4 3 6 3 11 6 3 6 3 1 4 1 1 0 0 0 0 0 0 0 0 0 0 1 0 0 0 0 1 0 1 1 1 1 1 1 14 21 7 12 11 17 35 43 69 77 65 33 34 51 29 44 26 59 71 55 58 20 42 37 28 82 90 68 50 25 15 19 55 39 28 28 41 46 22 18 9 11 10 14 13 4 1 7 4 6 2 1 1 1 1 0
0 0 1 5 8 4 20 33 27 28 14 10 4 7 9 5 2 1 1 0 0 0 0 0 0 0 1 0 0 0 0 1 1 1 1 2 2 2 2 3 3 8 8 9 5 15 47 27 59 71 81 44 39 38 50 54 10 53 67 62 61 44 34 35 18 75 84 85 60 58 17 8 44 68 37 12 18 13 27 10 13 11 10 8 11 5 2 2 4 3 3 2 1 1 1 0
0 0 1 9 12 23 39 40 36 59 63 22 25 17 14 7 3 4 2 2 1 0 0 0 1 5 3 0 0 0 1 1 1 1 1 2 2 3 5 4 3 5 4 4 12 18 33 32 9 52 72 81 40 33 42 21 20 13 43 52 83 78 22 26 51 65 66 83 37 56 45 12 15 49 39 28 20 19 26 23 13 11 6 4 5 7 3 1 1 2 2 1 1 1 0 0
0 0 0 0 1 1 5 9 11 5 20 56 64 39 27 6 6 14 4 2 4 0 0 0 0 0 3 7 1 0 1 1 1 2 2 1 3 4 9 5 8 15 12 10 9 6 47 53 35 23 49 74 62 32 14 12 32 12 22 54 51 46 36 33 38 58 37 83 39 51 39 45 9 27 31 42 34 29 29 24 22 13 4 3 2 5 4 1 1 1 1 1 1 0 0 0
0 0 0 1 1 4 21 7 9 6 8 6 45 67 62 27 20 19 5 5 2 3 1 1 1 1 0 1 2 0 0 1 1 4 2 2 1 2 8 7 9 9 8 9 19 20 20 8 35 63 31 48 15 17 9 25 22 34 26 30 57 63 52 44 23 28 28 73 77 36 19 33 33 11 21 20 35 18 17 10 13 10 9 7 2 3 2 2 2 1 1 0 0 1 0 0
0 0 0 0 1 1 2 6 6 5 4 3 3 18 54 64 54 8 1 1 1 4 1 2 2 1 1 0 1 1 1 6 4 2 8 3 4 6 8 5 8 20 25 22 28 19 26 16 18 20 70 45 36 25 18 15 28 38 29 34 57 75 59 42 42 33 47 66 82 65 33 17 43 31 21 6 7 22 20 14 7 7 8 7 4 1 1 2 2 1 0 1 0 0 0 0
0 0 0 0 1 1 1 2 3 4 8 6 16 8 7 10 10 3 1 2 6 1 1 3 9 10 1 1 1 12 3 4 17 12 14 3 22 8 7 6 10 12 13 21 19 23 29 18 21 28 29 41 27 29 35 28 25 38 23 11 25 39 57 57 61 48 42 49 62 68 45 47 51 26 32 13 7 16 17 8 11 3 4 3 2 2 1 1 1 1 0 0 0 0 0 0
2 0 1 0 0 1 1 1 4 5 4 8 4 9 12 8 6 3 2 2 1 3 2 2 1 3 6 6 11 1 2 11 11 3 6 6 3 22 7 8 11 19 8 14 10 14 13 21 30 40 26 15 52 53 38 48 33 30 30 32 21 38 65 45 45 46 31 37 47 65 28 36 26 17 18 13 7 5 10 15 8 6 3 2 1 1 1 1 1 0 0 0 0 0 0 0
5 4 0 0 1 0 2 8 2 1 4 4 4 14 4 8 3 2 1 1 1 3 2 2 3 2 3 4 2 3 2 14 13 15 10 14 3 7 23 5 8 19 16 25 26 11 17 22 19 40 23 39 12 27 27 63 29 38 33 50 36 37 19 22 18 8 7 15 24 27 19 8 24 16 13 24 17 10 14 7 4 5 5 3 1 1 1 1 1 0 0 0 0 0 0 0
5 3 15 1 1 3 0 1 5 6 2 5 4 12 3 9 4 2 1 2 4 6 2 1 4 5 5 7 23 18 14 3 3 5 12 7 7 2 27 16 15 13 6 12 25 23 16 12 25 41 39 15 60 45 34 66 49 24 38 21 22 33 22 18 8 7 5 2 16 29 25 11 9 17 16 20 16 12 24 10 3 3 2 1 2 1 0 0 0 0 0 0 0 0 0 0
4 5 8 4 1 1 3 1 0 2 4 3 2 3 5 4 2 1 1 3 4 5 14 5 6 9 8 9 33 49 18 9 4 9 18 12 22 8 2 31 11 19 21 20 10 10 17 27 26 39 27 12 26 14 11 41 32 29 26 14 17 29 20 20 18 10 6 5 5 12 17 11 19 18 20 24 27 16 7 6 6 2 1 1 1 1 0 0 0 0 0 0 0 0 0 0
5 7 16 7 9 2 0 11 2 2 16 3 6 4 2 7 2 2 1 1 1 4 10 5 7 12 13 14 26 64 62 25 10 8 43 27 28 15 6 14 52 13 12 40 24 25 21 30 36 28 25 10 9 14 14 16 32 27 16 10 10 13 18 26 12 13 6 5 3 2 3 7 8 4 5 8 11 16 8 5 3 2 2 1 1 0 1 0 0 0 0 0 0 0 0 0
8 6 4 9 3 4 7 2 21 8 18 35 17 24 13 4 3 2 3 7 3 8 23 14 8 13 17 16 10 15 54 41 19 13 11 39 19 13 10 6 10 36 7 11 12 14 19 31 54 41 57 26 19 16 14 12 18 14 12 32 13 7 8 9 5 5 5 2 2 2 1 2 2 1 2 5 5 3 5 3 2 1 1 1 1 0 0 0 0 0 0 0 0 0 0 0
4 22 12 17 7 13 24 15 9 7 4 4 5 4 5 19 9 3 7 2 17 4 30 36 8 14 21 14 9 3 9 29 48 29 8 25 29 9 28 19 13 8 32 31 15 16 31 25 45 33 64 33 17 15 13 12 14 12 7 13 18 9 3 3 2 2 4 3 1 0 1 1 0 0 1 1 2 2 2 2 2 1 1 1 0 0 0 0 0 0 0 0 0 0 0 0
2 3 2 4 5 2 2 3 5 4 9 8 8 12 5 8 19 13 9 9 6 5 28 57 26 23 23 29 18 4 4 6 45 26 25 22 35 10 29 34 21 9 8 30 19 30 25 25 41 25 10 12 23 22 21 19 8 6 2 2 5 3 3 2 3 2 3 2 2 1 0 1 0 0 0 0 0 1 2 1 1 0 0 0 0 0 0 0 0 0 0 0 0 0 0 0
3 4 2 1 2 3 2 2 3 9 3 8 4 4 5 7 5 4 5 12 6 40 15 41 48 31 36 31 33 12 6 8 6 20 29 31 36 14 33 18 23 23 17 13 26 19 26 43 41 39 33 17 21 13 13 13 7 4 1 1 2 2 1 1 1 1 0 0 1 1 0 0 0 0 0 0 0 0 0 0 0 0 0 0 0 0 0 0 0 0 0 0 0 0 0 0
4 1 3 1 2 4 2 2 2 4 1 2 2 2 4 11 5 6 5 6 28 25 17 12 63 27 10 8 9 5 9 3 9 4 9 15 80 59 25 32 22 11 21 21 13 27 18 23 53 54 50 28 20 13 13 11 3 2 1 3 7 8 4 4 3 2 2 1 0 0 0 0 0 0 0 0 0 0 0 0 0 0 0 0 0 0 0 0 0 0 0 0 0 0 0 0
1 1 1 1 0 1 1 0 1 1 1 2 2 1 2 3 2 6 9 34 20 15 32 49 65 55 16 10 12 13 14 14 5 8 10 7 5 8 24 20 16 31 11 21 18 31 37 25 53 37 47 45 34 20 11 4 2 2 3 7 12 19 22 17 4 4 2 2 1 1 1 0 0 0 0 0 0 0 0 0 0 0 0 0 0 0 0 0 0 0 0 0 0 0 0 0
1 0 1 0 0 0 0 0 0 0 0 0 1 2 2 2 1 6 5 6 11 15 7 4 8 9 6 8 22 26 14 32 24 10 8 6 7 7 6 18 14 29 23 10 32 23 38 31 32 21 30 28 21 19 7 8 6 7 14 20 24 22 17 18 11 4 7 6 6 4 3 2 1 0 1 1 0 0 0 0 0 0 0 0 0 0 0 0 0 0 0 0 0 0 0 0
1 0 0 0 0 0 1 1 4 4 3 0 1 1 1 1 2 5 13 11 20 9 11 8 5 7 25 13 18 22 34 25 15 17 22 4 3 4 7 10 10 16 25 27 29 29 21 18 41 24 20 18 13 8 11 16 10 22 25 21 33 27 28 22 16 13 12 17 19 11 9 3 0 1 2 1 1 1 0 0 0 0 0 0 0 0 0 0 0 0 0 0 0 0 0 0
0 0 0 0 0 0 0 1 12 15 9 8 2 1 1 2 2 5 8 5 6 6 18 10 10 11 22 9 4 15 14 11 4 9 19 12 5 4 9 6 4 8 8 11 19 21 23 17 29 25 14 7 12 16 27 24 26 30 34 35 24 35 37 27 42 20 24 22 22 22 5 2 1 2 3 1 2 1 0 1 0 0 0 0 0 0 0 0 0 0 0 0 0 0 0 0
0 0 1 0 1 1 3 2 1 2 12 10 6 13 13 8 27 10 8 13 5 2 12 8 10 15 8 9 6 7 17 18 17 12 21 10 7 16 20 6 4 21 11 17 15 8 25 14 15 13 11 15 24 36 35 40 31 28 29 35 26 41 43 51 52 40 30 26 27 18 11 9 14 7 2 3 1 1 1 0 0 0 0 0 0 0 0 0 0 0 0 0 0 0 0 0
0 0 0 0 1 3 5 26 18 7 13 33 17 11 26 12 46 50 42 25 11 17 3 3 4 3 15 17 24 32 9 46 46 20 7 10 3 12 13 8 24 13 12 12 18 12 16 16 15 15 25 25 42 57 56 43 54 37 42 40 31 49 51 54 47 42 33 29 32 30 24 7 4 1 1 2 3 2 0 1 1 0 0 0 0 0 0 0 0 0 0 0 0 0 0 0
0 0 2 0 0 2 8 25 32 10 5 38 7 6 37 19 17 7 16 34 7 13 9 5 5 8 14 21 22 44 18 13 12 35 19 16 6 27 11 11 20 26 22 21 26 39 41 37 16 40 50 43 46 60 65 66 38 26 65 49 39 48 49 39 52 59 17 48 46 28 22 14 8 3 1 4 9 3 1 1 1 1 0 0 0 0 0 0 0 0 0 0 0 0 0 0
3 1 2 7 3 1 1 3 6 39 5 29 13 12 38 9 4 6 13 11 6 3 11 6 7 19 20 10 7 28 19 14 8 6 9 7 20 23 10 8 38 39 22 49 46 29 31 21 19 45 60 51 48 79 52 46 44 25 71 42 38 45 59 63 51 46 40 50 29 17 17 12 11 14 6 6 6 4 2 1 1 1 0 0 0 0 0 0 0 0 0 0 0 0 0 0
11 11 2 6 13 20 19 8 3 4 16 50 32 8 39 9 10 8 15 16 4 3 17 6 15 13 16 17 14 11 7 11 13 18 23 14 31 6 9 19 36 34 47 53 37 21 15 25 42 33 48 62 73 47 31 43 44 29 73 42 69 36 62 39 40 72 55 32 49 27 18 18 38 35 9 2 3 6 3 1 1 1 0 0 0 0 0 0 0 0 0 0 0 0 0 1
10 17 17 12 18 45 31 62 26 4 10 37 4 8 28 20 14 5 28 3 4 3 9 5 27 17 10 8 9 2 2 11 19 13 29 9 39 8 26 22 46 50 60 32 32 25 24 42 49 41 36 59 62 40 44 59 52 36 74 71 48 59 53 62 76 61 55 48 38 18 20 57 35 6 8 10 5 4 3 2 1 1 0 0 0 0 0 0 0 0 0 0 0 0 1 2
14 31 30 48 41 44 60 68 46 20 17 14 19 7 30 18 11 8 7 3 3 4 15 8 12 12 10 24 17 17 20 20 13 7 10 19 52 19 25 31 58 59 45 32 19 32 32 59 62 41 33 57 47 28 42 67 33 59 63 58 68 35 49 80 79 60 53 37 42 48 37 38 21 16 14 5 3 2 2 1 1 1 0 0 0 0 0 0 0 0 0 0 0 0 1 8
2 35 50 34 54 13 39 59 61 58 44 49 31 7 36 59 26 9 10 7 3 8 14 8 7 9 19 6 8 9 3 8 6 19 45 25 44 16 16 29 55 38 26 14 27 46 38 43 67 44 49 52 23 43 58 54 26 56 41 69 58 65 74 68 58 47 59 39 22 11 12 9 5 3 2 1 1 1 1 1 0 0 0 0 0 0 0 0 0 0 0 0 1 1 2 6
4 6 20 7 3 5 10 10 14 5 7 16 46 8 4 36 49 30 17 16 7 6 4 5 16 5 10 10 32 27 5 14 16 19 55 51 58 25 15 37 37 19 13 29 48 45 36 37 64 38 45 58 50 51 72 55 54 33 54 63 41 68 59 27 15 19 15 25 44 38 37 29 33 14 4 1 1 1 1 1 1 0 0 0 0 0 0 0 0 0 0 0 1 3 7 8
4 6 3 4 7 23 29 9 13 2 5 6 3 1 6 5 5 13 4 4 2 14 7 9 4 17 13 19 11 17 16 33 26 26 52 59 38 30 25 40 20 22 23 41 48 41 48 25 44 52 49 75 84 65 66 82 83 63 82 81 82 88 71 78 59 54 54 48 35 12 17 15 10 9 9 6 3 2 1 1 0 0 0 0 0 0 0 1 0 0 0 0 0 1 3 13
6 9 10 7 16 26 35 26 9 7 13 8 9 6 6 8 7 2 2 3 5 18 6 7 13 19 7 43 34 26 34 41 35 34 42 19 11 20 11 41 29 24 25 36 45 46 45 38 46 61 58 73 72 73 28 44 79 87 86 74 30 25 51 49 80 60 48 62 29 14 12 13 19 8 2 2 1 1 1 1 0 0 0 0 0 0 1 2 2 1 1 1 0 1 5 6
4 1 7 10 16 15 26 17 4 8 7 10 24 18 7 8 3 6 4 5 1 3 31 15 11 3 6 21 31 18 22 28 43 18 41 10 16 14 5 39 24 22 38 43 35 48 58 44 71 79 53 35 37 30 20 24 64 73 64 44 58 46 43 57 47 43 42 25 41 28 26 13 10 9 5 4 2 1 0 0 0 0 0 0 0 1 1 3 7 3 3 2 1 5 10 11
