sesion_6_simulaciones/modelos_agentes/ejemplos_netlogo/scenarios/echam4_b2/rob_2037.asc
NCOLS 322 
NROWS 307 
XLLCORNER 451900 
YLLCORNER 4086900 
CELLSIZE 100 
NODATA_value -9999 
[rows 74 to 147 of 307, columns 0 to 95 of 322]
0 0 0 0 0 0 0 0 0 0 0 0 0 0 0 0 0 0 0 0 0 0 0 0 0 0 0 0 0 0 0 0 1 1 1 3 7 8 5 5 2 4 2 0 0 0 1 1 1 2 1 2 1 1 2 1 1 2 1 2 1 5 5 6 2 2 3 5 7 11 14 10 7 3 19 52 31 30 35 63 72 29 42 43 50 26 9 7 12 14 9 15 9 9 17 15
0 0 0 0 0 0 0 0 0 0 0 0 0 0 0 0 0 0 0 0 0 0 0 0 0 0 0 0 0 0 0 0 0 1 3 6 4 4 12 11 3 5 4 2 1 0 1 1 1 1 1 2 1 1 1 2 1 1 1 1 1 2 10 11 5 5 10 8 6 3 6 12 10 7 16 62 30 12 11 47 47 41 40 24 10 35 32 15 12 9 12 20 23 14 11 46
0 0 0 0 0 0 0 0 0 0 0 0 0 0 0 0 0 0 0 0 0 0 0 0 0 0 0 0 0 0 0 0 0 0 1 3 4 8 7 5 4 17 5 2 2 1 1 1 1 2 3 1 2 1 1 1 2 1 1 0 1 7 4 11 9 10 16 13 20 11 9 4 4 4 12 60 72 29 15 11 38 43 27 10 11 54 51 47 36 10 5 6 22 29 25 39
0 0 0 0 0 0 0 0 0 0 0 0 0 0 0 0 0 0 0 0 0 0 0 0 0 0 0 0 0 0 0 0 0 0 1 1 2 2 2 2 13 4 5 4 6 6 2 0 1 2 2 2 2 1 3 1 1 1 1 1 3 6 5 11 7 12 16 17 20 23 21 20 20 15 7 16 45 37 26 10 37 59 20 10 37 64 22 54 46 29 11 27 44 43 33 24
0 0 0 0 0 0 0 0 0 0 0 0 0 0 0 0 0 0 0 0 0 0 0 0 0 0 0 0 0 0 0 0 0 1 1 1 1 2 3 7 5 11 3 5 7 15 8 5 7 3 4 2 2 1 1 0 1 2 3 5 4 2 4 2 6 12 13 23 21 20 23 33 22 22 11 4 5 17 21 12 21 26 17 19 50 25 15 11 10 30 24 28 21 32 36 34
0 0 0 0 0 0 0 0 0 0 0 0 0 0 0 0 0 0 0 0 0 0 0 0 0 0 0 0 0 0 0 0 2 6 11 10 4 2 4 7 10 20 12 3 3 5 17 19 29 31 20 10 5 4 3 1 1 2 5 5 2 2 2 2 2 4 4 3 5 19 26 22 23 28 18 15 8 18 7 5 12 22 18 27 41 18 29 22 11 25 29 50 68 58 46 47
0 0 0 0 0 0 0 0 0 0 0 0 0 0 0 0 0 0 0 0 0 0 0 0 0 0 0 0 0 0 0 0 0 2 11 24 7 3 4 12 12 8 21 11 4 3 7 19 47 62 76 72 58 16 11 6 4 5 3 4 3 2 2 1 4 4 4 6 8 16 24 19 24 28 26 14 13 7 4 1 6 20 19 29 29 31 15 13 14 24 64 64 68 41 44 65
0 0 0 0 0 0 0 0 0 0 0 0 0 0 0 0 0 0 0 0 0 0 0 2 0 0 0 0 0 0 0 0 0 1 1 14 15 5 2 10 17 37 21 30 21 8 6 2 2 6 25 30 45 57 39 17 6 3 4 4 2 4 2 7 2 1 3 2 4 8 9 27 24 29 30 18 5 1 3 2 5 12 11 35 17 27 39 39 24 20 15 11 34 24 30 46
0 0 0 0 0 0 0 0 0 0 0 0 0 0 0 0 0 0 0 3 3 3 7 1 8 2 0 0 0 0 0 1 1 2 3 2 1 1 1 5 9 8 10 25 14 13 13 8 3 1 1 1 4 24 20 47 24 10 3 16 29 12 7 3 10 6 2 4 2 1 9 19 30 24 17 16 10 7 6 14 5 4 17 45 17 38 41 42 40 43 27 13 12 29 60 73
0 0 0 0 0 0 0 0 0 0 0 0 0 0 0 0 0 1 2 4 1 1 1 0 1 1 1 0 0 1 0 1 1 1 2 3 1 1 4 8 16 22 8 5 4 4 5 3 1 2 2 1 3 3 4 12 23 16 34 44 18 4 4 5 9 4 3 5 7 5 37 31 33 20 17 19 23 30 16 9 14 10 38 43 28 60 64 84 61 59 59 51 14 11 15 16
0 0 0 0 0 0 0 0 0 0 0 0 0 0 0 0 1 0 0 1 1 1 0 0 0 0 0 0 1 2 3 0 1 2 4 4 2 4 7 7 13 24 24 15 1 1 1 2 2 1 1 6 23 15 12 9 6 21 54 23 8 7 3 2 8 5 7 6 14 23 18 19 24 20 20 19 23 19 28 8 12 10 17 19 30 69 27 52 60 76 48 54 53 31 21 15
0 0 0 0 0 0 0 0 0 0 0 0 0 0 0 0 0 0 0 0 0 0 0 0 0 0 1 0 0 0 0 0 1 2 2 4 2 14 10 8 17 18 27 23 10 12 17 13 12 16 13 17 26 19 16 8 11 15 21 12 11 16 13 6 4 2 2 12 15 13 14 17 44 18 12 36 25 21 24 13 12 8 9 24 5 46 35 67 65 79 84 84 67 45 28 22
0 0 0 0 0 0 0 0 0 0 0 0 0 0 0 0 0 0 0 0 0 0 0 0 0 0 0 0 0 0 0 0 1 1 2 2 2 5 5 11 18 11 21 17 10 16 20 12 9 17 16 8 13 13 13 12 20 12 12 19 24 14 5 4 4 3 4 4 6 8 7 12 7 4 35 24 17 16 42 25 28 13 7 14 32 44 40 37 70 66 57 56 73 34 29 22
0 0 0 0 0 0 0 0 0 0 0 0 0 0 0 0 0 0 0 0 0 1 0 2 2 2 2 4 2 0 0 0 1 0 1 1 1 3 4 8 8 6 4 8 7 11 17 4 7 11 10 11 12 18 14 12 15 6 11 13 17 6 3 3 5 5 12 22 20 16 14 8 10 7 7 6 25 40 16 23 23 15 14 11 16 19 34 48 57 65 15 35 51 53 27 19
0 0 0 0 0 0 0 0 0 0 0 0 0 0 0 0 0 0 0 0 0 0 0 1 12 6 5 6 2 5 7 3 1 0 0 1 0 3 2 4 3 3 6 12 14 15 19 6 12 25 9 8 9 24 13 6 8 6 13 18 8 1 1 3 11 3 2 5 26 9 10 12 8 9 16 11 12 16 13 11 8 13 24 21 13 15 13 10 23 23 13 37 20 49 38 26
0 0 0 0 0 0 0 0 0 0 0 0 0 0 0 0 0 0 0 0 1 0 0 5 7 11 13 11 5 4 5 8 3 7 3 1 1 1 1 0 1 3 4 4 7 9 9 3 4 14 3 8 2 15 14 6 9 4 12 6 5 5 5 9 11 3 1 1 39 13 13 10 6 8 7 23 25 39 35 39 48 30 16 11 29 36 31 27 11 7 16 29 35 13 27 22
0 0 0 0 0 0 0 0 0 0 0 0 0 0 0 1 0 0 0 2 0 0 2 16 12 2 17 17 6 9 8 9 5 13 4 9 5 2 0 0 1 1 1 1 3 5 3 3 4 4 3 13 5 24 1 8 14 5 8 2 2 7 8 6 5 3 2 2 5 57 42 19 11 30 29 30 60 52 19 25 49 38 49 45 39 40 38 36 25 11 5 23 24 10 7 2
0 0 0 0 0 0 0 0 0 0 0 0 0 1 1 0 0 2 1 0 1 0 1 6 11 6 2 39 34 9 3 15 8 17 12 23 6 4 4 0 1 3 3 0 1 1 2 1 2 4 27 28 43 28 40 7 2 8 1 1 1 7 5 1 1 1 10 10 5 4 31 17 63 86 67 45 21 18 63 32 7 33 50 42 33 37 40 37 29 11 8 7 5 3 4 13
0 0 0 0 0 0 0 0 0 0 0 0 0 0 0 2 1 2 3 1 1 1 0 5 1 19 9 16 63 16 2 2 2 7 6 15 6 14 21 10 3 1 6 16 14 11 13 4 10 38 56 27 20 14 38 49 18 3 5 5 3 9 4 2 3 4 4 6 15 5 8 8 6 9 8 52 25 21 15 30 45 17 22 55 39 39 39 30 29 27 13 3 8 19 9 13
0 0 0 0 0 0 0 0 0 0 0 0 0 0 0 0 1 8 8 5 1 4 2 1 1 7 3 1 15 14 37 6 1 1 7 3 8 23 8 4 10 4 4 17 25 22 14 26 34 36 62 59 23 56 47 62 25 41 20 15 11 9 2 2 3 4 3 7 6 3 4 2 5 5 5 12 12 18 15 17 29 51 27 32 39 38 21 23 11 7 13 19 24 5 4 5
0 0 0 0 0 0 0 0 0 0 0 0 0 1 0 0 0 8 3 3 3 3 2 2 1 7 3 2 1 15 55 24 4 3 3 10 2 11 39 4 26 2 7 40 38 43 33 58 52 80 74 63 53 86 75 74 57 59 44 23 13 11 2 2 2 4 9 20 13 8 4 16 21 15 11 6 9 21 27 22 12 13 40 40 33 17 22 9 8 23 25 19 29 25 14 7
0 0 0 0 0 0 0 0 0 0 0 0 0 0 1 0 1 1 2 4 4 6 2 2 3 5 7 2 2 4 29 40 16 11 2 6 1 4 35 5 20 4 12 30 34 39 72 72 72 85 81 59 62 65 69 61 55 69 17 6 26 6 3 3 4 4 5 15 13 10 36 13 4 8 10 15 48 49 47 35 29 21 21 28 17 9 20 19 18 24 43 33 18 12 15 11
0 0 0 0 0 0 0 0 0 0 0 0 0 0 0 1 2 1 1 1 2 2 2 4 10 3 13 6 5 3 20 52 6 4 6 7 1 16 38 32 40 40 14 23 49 70 88 80 70 83 64 18 35 14 19 52 72 60 22 50 38 34 12 3 4 5 8 7 7 21 9 14 21 8 10 36 29 19 41 50 50 24 12 11 8 12 23 43 37 38 37 41 19 18 16 27
0 0 0 0 0 0 0 0 0 0 0 1 3 1 0 1 1 1 3 2 1 1 2 12 19 15 9 14 8 4 18 45 7 4 18 11 4 15 7 35 59 79 29 39 52 66 88 83 38 57 17 23 12 4 1 6 52 70 71 65 36 55 9 4 19 32 8 3 6 8 10 25 12 31 41 9 24 52 34 52 40 43 42 18 25 28 42 42 54 36 53 47 33 36 30 41
0 1 0 0 0 0 0 0 0 0 0 0 1 5 1 1 1 3 4 6 6 5 4 9 12 18 17 27 20 17 12 26 11 10 12 5 7 17 8 13 31 68 54 59 56 60 87 93 82 62 29 13 3 3 1 2 4 5 76 69 59 12 5 20 11 27 17 6 4 5 21 14 32 25 18 12 12 9 28 35 53 59 44 27 33 49 43 39 58 26 73 36 37 37 28 31
0 4 2 0 0 0 0 0 0 0 0 1 1 1 4 6 1 3 9 9 10 7 10 23 29 42 40 34 34 37 6 21 35 21 13 9 8 11 6 3 9 60 15 23 23 33 80 83 77 38 25 26 18 15 6 7 2 10 7 15 11 11 21 25 19 11 11 4 6 7 8 14 16 13 9 6 8 22 29 44 48 54 36 37 29 40 49 23 51 41 75 49 44 22 34 45
0 0 3 1 0 0 0 0 0 0 0 1 1 1 4 2 14 3 3 4 6 5 2 4 8 19 24 12 34 38 17 54 69 44 17 35 15 17 13 4 29 55 53 29 27 31 16 40 62 12 26 33 25 19 31 16 8 20 13 25 17 8 19 23 16 8 10 4 9 4 2 3 15 18 19 14 21 32 31 37 37 47 42 36 37 32 42 34 65 67 20 44 48 46 48 33
0 0 0 0 0 0 0 0 0 0 0 0 1 0 1 3 5 19 7 6 3 10 10 10 22 30 26 14 6 7 10 50 53 32 44 50 65 58 12 9 44 32 78 53 47 38 39 12 7 14 40 36 28 24 14 27 30 19 14 17 21 17 27 24 14 9 7 9 13 3 2 6 8 12 14 26 25 29 30 35 33 28 29 41 41 27 30 33 54 11 23 41 33 13 8 20
0 0 0 0 1 0 0 0 0 0 0 1 1 2 3 3 2 3 5 7 12 22 19 25 31 54 34 36 24 9 6 5 43 61 61 31 79 63 31 54 62 21 72 44 82 74 35 16 12 8 26 38 30 24 31 15 32 23 21 15 30 32 52 50 22 8 4 3 7 2 2 3 2 3 3 20 20 20 20 28 26 22 27 39 17 43 36 58 27 17 35 36 37 24 22 34
0 0 0 1 1 0 0 0 0 0 0 0 1 2 1 2 2 5 5 7 17 19 48 39 41 36 61 42 18 19 16 14 7 35 59 17 22 15 66 47 40 11 76 45 24 10 24 18 25 15 22 39 47 38 28 16 9 15 4 7 19 13 32 35 4 8 8 3 6 7 8 8 5 9 11 4 18 21 22 24 19 35 16 7 17 53 25 55 25 9 16 21 24 22 34 39
0 0 0 1 1 1 0 0 0 0 0 0 1 1 3 7 4 3 3 4 5 12 51 58 29 22 28 36 38 39 29 28 15 6 8 22 10 17 67 22 16 26 57 23 20 13 30 23 22 17 10 26 33 34 24 13 11 9 5 10 8 5 8 5 6 7 7 4 5 8 11 4 8 11 10 9 23 19 20 16 46 15 12 22 24 39 31 25 26 4 6 19 21 35 37 56
0 0 0 0 1 1 0 0 0 0 0 0 1 1 2 2 8 9 19 19 13 17 24 15 8 4 16 34 39 32 45 49 16 9 2 5 14 41 30 25 6 51 72 35 31 29 27 33 38 10 13 20 22 21 14 16 13 5 8 3 5 2 5 13 12 4 8 7 11 9 10 12 5 12 8 9 14 12 16 31 15 12 20 13 27 12 27 36 41 18 14 18 30 32 20 53
0 0 0 0 1 1 0 0 0 0 0 0 1 2 2 5 8 12 17 14 15 31 20 13 14 16 6 15 23 18 20 14 9 15 16 17 33 24 38 19 20 36 57 58 46 30 14 16 22 8 7 25 32 39 41 24 13 8 15 23 22 11 7 11 6 3 23 22 12 9 6 46 40 18 9 7 7 9 11 24 10 15 15 7 20 15 27 38 27 39 27 34 29 46 39 47
0 0 0 0 3 2 1 0 0 0 0 1 1 9 7 19 10 7 13 25 28 29 35 20 14 18 17 12 20 23 12 11 16 23 29 32 11 14 21 24 19 7 13 38 41 21 5 8 10 10 14 17 16 17 14 14 16 8 39 37 20 20 5 5 9 7 21 75 65 33 22 17 33 50 19 10 10 12 22 12 4 18 7 12 16 29 11 13 17 25 42 34 62 41 21 26
0 0 0 0 0 1 1 0 0 0 0 1 1 3 16 16 31 36 24 29 24 16 32 19 10 10 6 5 5 7 14 16 24 25 12 28 25 24 20 14 6 13 28 7 38 31 23 18 15 7 7 7 7 29 24 19 20 5 6 13 12 9 17 11 15 22 12 53 73 61 11 22 26 14 37 36 9 12 12 12 18 26 11 50 28 21 20 33 23 27 44 53 29 27 23 14
0 0 0 0 0 3 5 1 0 0 0 1 1 2 2 3 1 3 19 22 25 23 34 42 25 15 21 16 8 5 10 3 7 12 12 22 23 17 23 9 5 19 12 12 38 24 24 17 19 11 9 9 9 22 40 5 9 10 18 17 12 28 27 41 43 25 31 19 56 42 45 16 16 17 14 32 27 27 21 30 12 17 24 43 24 37 32 17 20 66 41 20 37 26 32 31
0 0 0 0 0 0 2 0 0 0 0 1 1 2 7 7 3 2 6 26 29 44 53 54 54 22 14 6 3 5 5 2 2 2 7 8 14 18 16 13 14 17 7 25 6 3 8 11 14 15 18 22 12 22 17 15 12 22 30 8 21 27 15 25 79 35 32 16 9 63 69 29 32 12 41 58 49 68 45 36 29 22 11 28 60 34 56 47 42 56 56 29 43 46 50 29
0 0 0 0 0 0 1 1 0 0 0 2 1 3 6 5 5 14 8 28 67 45 25 34 41 24 17 16 6 1 5 6 10 5 2 6 18 19 4 10 27 27 25 24 8 5 9 25 25 30 20 42 29 29 20 17 14 11 8 28 16 9 10 19 20 48 28 22 10 26 51 77 64 20 7 42 23 63 18 12 35 68 11 27 10 31 43 74 80 65 81 49 51 49 49 47
0 0 0 0 0 0 1 5 0 1 0 1 1 1 1 4 16 15 18 9 9 35 49 32 29 25 33 42 25 9 8 17 13 12 13 5 5 11 10 14 14 22 21 21 16 14 30 36 25 24 28 19 32 25 18 26 37 46 29 9 21 14 11 38 14 36 47 22 12 11 47 61 59 43 19 27 6 48 27 13 2 37 30 21 21 57 28 28 14 12 54 36 40 78 55 66
0 0 0 0 0 0 1 0 0 0 1 2 3 1 2 6 10 13 19 14 11 4 33 64 45 40 35 40 43 16 15 22 11 12 23 28 11 6 5 12 20 17 10 38 20 24 21 54 54 34 48 19 29 56 75 70 44 22 18 15 18 53 31 10 38 13 41 38 21 7 48 50 43 59 18 26 8 44 60 18 9 51 14 24 19 7 35 27 9 19 77 43 18 62 82 80
0 0 0 0 0 0 1 0 0 0 0 0 3 1 1 2 5 13 15 26 24 20 8 24 35 34 13 15 31 16 12 12 8 7 10 18 15 10 7 15 12 6 7 7 28 32 26 43 31 20 17 42 25 17 19 14 15 12 20 26 18 34 45 17 17 40 8 54 36 10 33 59 40 57 25 23 12 50 21 19 6 72 33 19 31 22 14 23 17 30 66 79 28 33 72 74
1 0 0 0 0 0 1 0 0 0 0 0 1 1 1 2 3 6 20 37 40 24 16 7 6 3 10 6 2 3 11 1 3 7 13 9 12 17 14 10 21 18 22 17 27 34 27 28 18 20 33 40 33 48 27 37 35 30 17 32 13 20 30 31 16 63 34 41 67 24 16 32 59 30 56 21 16 49 33 55 42 59 83 38 31 28 12 35 27 14 42 83 46 19 24 70
1 0 0 0 0 0 1 1 0 0 0 0 0 1 2 2 8 10 16 24 33 22 11 17 8 9 10 5 1 1 5 4 3 5 5 8 15 15 10 19 34 26 22 20 11 22 29 23 20 49 33 54 39 37 33 54 48 39 32 37 32 36 19 34 19 56 47 25 66 49 10 34 50 32 72 30 39 28 37 28 57 41 80 56 17 33 29 56 24 14 18 60 49 22 41 37
1 0 0 0 0 0 0 0 0 0 0 0 1 1 1 2 4 6 12 17 22 23 17 15 24 17 20 11 3 1 2 1 1 5 6 4 14 15 8 8 24 21 17 10 20 14 16 16 12 40 59 60 60 41 24 35 67 34 51 50 53 59 23 11 14 16 38 22 41 56 28 23 22 67 52 43 64 33 42 70 58 31 52 76 31 31 18 17 17 22 24 65 47 51 30 12
3 1 1 0 0 0 0 0 0 0 0 1 0 2 2 2 10 12 33 35 27 48 28 30 15 15 19 22 14 1 1 1 9 7 19 20 15 26 23 18 21 19 15 11 13 11 13 19 16 17 17 26 17 29 49 65 69 27 86 72 23 64 39 41 41 17 11 8 28 45 25 42 23 49 13 44 80 63 39 59 70 64 53 83 27 32 32 17 19 8 30 48 49 22 16 19
1 2 2 1 0 0 0 0 0 0 0 0 0 1 3 3 2 7 8 5 10 6 8 12 24 36 17 21 27 6 2 14 14 15 7 6 14 12 10 34 29 10 18 26 25 20 33 35 20 35 39 22 35 58 51 65 48 61 61 64 30 53 67 42 54 65 61 40 19 55 57 71 63 39 36 49 69 74 56 57 61 65 49 79 74 47 11 12 14 26 39 50 63 30 15 10
0 1 1 1 1 0 0 0 0 0 0 0 0 1 6 6 6 4 12 10 8 13 14 21 41 23 24 29 28 26 10 55 20 8 12 8 28 29 28 35 58 29 37 33 36 36 22 30 25 28 34 20 16 45 25 33 68 71 55 56 62 73 80 70 24 65 63 65 52 34 45 63 21 40 41 48 68 54 75 75 61 41 43 82 74 43 44 12 19 40 27 55 48 47 36 26
2 0 0 1 0 1 0 0 0 1 1 0 0 1 1 1 1 5 4 22 12 17 16 22 21 22 33 26 28 22 22 56 18 19 18 13 21 25 25 42 51 27 32 37 33 38 13 17 36 19 21 27 14 9 9 9 44 60 69 73 70 64 69 85 57 44 64 62 51 30 12 23 35 27 38 56 66 81 65 45 38 27 79 71 74 41 27 27 18 25 33 56 20 13 17 48
5 2 1 0 1 0 0 0 0 1 1 1 2 1 5 1 1 3 4 14 23 28 8 11 14 25 28 13 37 29 42 34 27 35 14 9 12 24 53 50 21 22 26 49 47 35 16 17 13 37 21 18 32 23 11 6 17 19 18 45 37 36 61 79 74 52 28 13 16 22 16 16 19 24 32 33 68 61 49 31 12 25 79 66 73 63 32 32 10 32 41 65 63 50 25 13
2 4 2 1 2 1 0 0 0 0 0 2 2 1 10 2 3 2 8 20 15 13 2 17 9 4 19 10 36 45 36 38 45 24 18 25 33 28 52 37 23 37 19 26 44 16 15 17 9 24 17 14 25 13 22 14 12 19 22 9 22 36 39 52 54 27 23 33 27 40 23 16 18 24 24 13 42 34 38 21 18 9 36 25 44 72 35 43 13 43 61 51 41 39 43 17
2 0 0 1 1 2 0 0 0 0 0 1 1 3 1 11 4 3 6 5 10 3 12 11 9 5 13 9 35 21 26 26 38 16 26 34 35 26 35 27 23 32 23 20 41 16 18 17 11 44 24 17 31 27 25 19 32 31 41 26 18 23 9 18 8 8 23 36 39 40 37 21 17 10 11 12 20 22 21 17 20 13 15 13 29 39 15 34 11 34 59 55 34 21 75 56
1 2 2 1 1 0 0 0 0 0 0 0 2 4 1 10 13 3 4 4 11 4 5 10 9 11 34 22 33 18 30 40 14 27 29 42 30 23 48 18 29 37 19 20 34 41 14 22 12 35 25 25 25 42 18 27 26 37 29 36 34 43 24 17 18 11 33 26 31 21 11 8 33 16 10 6 8 19 13 11 10 7 9 20 25 23 19 27 13 66 71 71 69 29 9 20
1 2 1 2 1 1 1 0 0 0 1 1 7 9 5 1 8 6 3 9 8 6 8 21 11 13 40 15 14 6 13 17 22 53 26 23 28 9 33 15 21 18 28 18 17 18 16 24 31 38 34 32 25 34 28 36 45 28 36 28 48 27 18 34 10 21 24 37 19 13 20 41 33 27 25 28 8 5 13 10 11 13 8 25 14 11 37 12 25 67 63 59 77 43 48 13
2 1 1 2 1 0 0 1 0 0 0 1 1 2 5 1 2 6 3 5 4 4 6 17 11 30 18 18 11 9 16 38 19 27 47 27 16 24 29 11 22 19 11 13 12 20 9 14 13 6 15 8 21 34 46 47 57 38 19 39 26 30 28 21 53 19 26 29 32 56 43 30 17 17 22 26 24 29 28 28 35 34 13 13 11 22 43 26 41 55 28 49 81 61 63 42
4 4 3 3 1 0 0 1 1 1 1 1 0 3 3 1 5 2 3 3 4 4 4 5 6 4 10 20 12 14 19 29 10 20 41 20 16 18 18 15 19 18 11 15 28 21 9 30 51 31 42 29 48 60 51 34 40 46 41 26 36 36 54 36 53 37 37 36 54 16 10 13 16 7 5 7 25 20 32 38 37 28 22 9 8 22 47 19 24 13 19 51 87 51 68 58
0 1 1 3 6 4 2 1 2 3 4 2 1 1 0 3 2 2 10 11 26 21 14 7 20 5 7 14 27 17 18 11 10 19 34 20 17 9 11 14 15 54 29 12 32 29 33 17 51 65 78 55 66 80 63 34 51 33 23 22 21 26 52 31 32 43 37 46 17 16 19 26 44 27 26 19 9 26 40 52 43 12 7 10 6 23 38 22 19 18 23 76 81 44 52 84
1 0 1 2 3 5 8 7 3 2 4 1 1 1 0 2 4 5 7 8 20 47 33 12 12 23 32 30 23 15 41 21 16 17 17 17 9 9 21 18 33 10 25 53 19 44 44 36 29 72 72 79 38 65 59 57 43 60 45 37 34 39 13 36 47 51 53 19 24 23 35 53 39 43 58 33 18 40 49 49 17 10 6 12 9 20 10 9 18 24 43 81 57 71 48 83
4 4 1 1 3 2 2 4 2 3 1 1 1 1 3 1 3 4 8 16 9 36 37 57 63 64 53 51 34 16 26 22 11 16 26 39 39 57 61 49 49 56 37 70 32 45 70 69 26 19 13 70 69 36 64 41 29 77 65 55 24 32 39 44 49 50 35 40 40 50 43 25 37 34 34 29 50 36 24 21 9 6 6 7 6 11 8 9 11 12 24 65 36 59 19 48
4 7 6 2 3 2 1 1 0 0 0 1 1 1 2 1 0 3 15 42 12 6 38 74 45 70 52 69 67 74 69 70 67 72 45 60 19 59 74 44 59 79 43 67 76 40 70 40 79 52 26 81 65 61 63 57 82 82 43 65 33 15 29 32 29 38 30 21 19 27 26 30 21 34 36 52 54 39 8 3 8 4 3 5 3 5 6 11 12 25 41 60 27 28 28 23
2 6 17 2 11 14 4 4 2 2 2 3 3 4 4 2 3 2 3 25 17 4 3 18 14 15 35 59 65 62 59 59 74 69 45 61 69 57 62 72 44 78 76 40 64 55 75 43 71 84 55 59 62 47 33 77 68 67 51 63 58 24 25 23 45 36 37 43 44 46 50 34 44 38 59 54 29 13 9 3 1 2 2 3 4 2 4 9 9 16 38 42 11 12 16 17
5 3 2 16 14 14 8 13 6 5 1 4 7 5 2 3 6 4 9 4 2 1 7 6 5 13 39 31 36 54 58 67 48 52 53 70 67 64 68 70 60 71 66 62 67 66 71 77 28 68 56 31 75 25 46 77 62 24 64 26 33 72 18 18 32 34 46 50 48 42 39 44 54 77 68 49 27 12 2 3 2 1 1 1 2 1 4 4 5 9 23 15 10 6 16 24
2 5 9 9 10 10 3 4 12 6 6 3 4 7 2 5 4 3 5 15 10 7 6 7 9 12 6 5 9 10 12 11 13 17 11 11 12 10 13 14 12 18 17 24 22 18 24 73 58 46 77 32 58 53 55 61 22 18 28 30 64 58 34 24 37 45 47 36 33 60 74 71 71 63 51 37 19 4 1 1 1 1 1 0 1 1 2 1 2 3 8 7 7 4 7 9
9 10 14 9 5 3 3 3 6 2 8 3 3 6 2 5 7 4 5 3 5 16 11 12 18 14 9 9 19 20 13 12 31 30 19 21 15 17 19 26 24 30 38 27 34 25 38 17 19 20 47 46 50 55 51 29 35 47 42 51 60 41 26 33 44 40 49 61 73 74 76 59 34 29 14 10 2 3 2 2 2 2 1 1 0 0 0 0 1 1 2 2 4 2 2 3
29 38 24 8 3 2 2 3 1 2 2 2 1 3 1 2 2 2 3 12 9 5 6 5 11 7 4 17 12 10 18 18 7 5 6 14 12 13 16 12 18 30 29 17 15 25 20 36 26 26 15 16 12 10 16 25 42 40 41 43 21 20 24 39 42 34 30 27 47 65 67 57 33 20 7 5 8 8 13 10 5 2 1 1 1 1 1 1 0 0 0 0 1 3 2 2
8 7 4 11 6 2 1 1 1 1 1 1 1 2 1 2 5 1 1 2 5 13 12 10 6 7 6 7 16 18 10 4 9 7 6 11 12 15 17 18 16 15 17 9 8 7 11 13 21 31 38 51 29 19 22 23 28 31 30 15 15 25 24 47 36 22 29 27 27 31 21 28 26 10 6 11 15 14 3 2 1 1 1 2 5 6 5 2 2 1 1 1 0 0 1 1
9 6 6 2 1 1 1 0 2 0 1 1 1 1 1 1 1 3 3 2 3 18 17 9 12 4 6 16 22 5 6 8 6 19 13 6 6 12 13 12 12 11 26 22 23 17 18 24 33 25 32 35 28 22 28 26 26 22 24 24 5 24 25 31 50 47 44 51 34 26 12 10 4 7 12 19 33 19 6 3 3 4 4 9 8 8 9 9 8 3 3 2 1 1 0 0
12 10 4 1 2 1 1 0 1 0 1 1 0 0 1 1 1 2 2 1 3 9 15 12 13 5 13 29 12 4 4 4 11 8 11 10 11 13 14 17 8 15 18 20 16 24 28 23 22 17 25 15 40 28 47 39 26 22 15 12 15 21 25 19 64 69 37 52 42 35 19 17 7 13 26 31 15 4 7 8 8 14 9 16 21 16 22 13 13 11 7 7 5 3 1 2
3 3 2 1 1 2 7 11 5 2 5 1 0 0 0 0 0 1 1 2 5 7 3 7 10 14 27 47 17 5 7 8 9 19 13 16 14 17 9 11 16 27 24 24 23 31 28 15 34 16 28 31 34 27 43 25 44 13 21 9 29 48 22 55 78 54 52 30 24 24 13 7 9 16 28 25 9 13 13 17 25 22 25 37 36 29 28 18 29 27 14 24 10 5 4 4
2 2 1 1 4 19 12 8 16 21 4 5 1 0 0 0 1 1 1 3 7 5 3 15 8 33 28 6 5 4 7 10 8 15 34 17 15 20 23 24 18 21 18 19 18 14 31 25 23 25 34 29 32 28 37 26 40 28 17 8 15 38 54 67 58 60 33 31 26 12 10 11 17 7 30 13 22 20 37 37 50 35 39 53 48 33 44 43 40 23 22 23 14 11 14 13
1 1 1 2 2 13 17 17 35 20 12 7 13 5 1 0 0 0 2 2 1 1 3 12 15 6 6 7 14 16 14 8 16 10 26 20 20 30 18 21 7 25 9 7 9 12 17 35 28 27 23 47 15 27 41 34 17 15 22 16 5 24 25 31 42 60 46 54 30 7 20 17 26 22 66 31 30 31 44 43 56 42 47 63 43 38 55 66 53 48 29 26 21 33 30 16
1 0 1 4 0 1 1 2 17 15 15 30 23 6 6 5 1 1 1 1 1 1 3 4 5 6 13 11 8 20 9 7 7 11 10 19 12 16 16 31 36 13 13 16 6 8 12 12 23 29 29 29 21 12 38 9 19 36 18 18 7 10 16 14 11 10 27 15 7 21 51 29 33 30 69 33 46 48 65 67 82 73 82 81 73 63 65 64 81 76 44 37 34 33 61 32
0 0 1 1 0 1 2 3 1 3 5 18 18 7 9 12 7 5 6 2 1 1 1 2 4 10 11 6 3 4 3 4 5 7 8 8 8 10 11 25 30 42 22 8 38 24 26 12 21 16 8 24 12 24 22 23 25 17 23 19 10 31 41 28 20 11 11 19 29 31 45 50 34 50 64 61 65 56 68 83 71 66 82 79 77 75 73 70 76 68 56 47 62 66 67 50
1 0 1 2 3 3 10 5 7 2 21 27 9 27 21 18 28 15 9 5 3 2 1 1 4 2 2 2 2 1 1 2 1 2 6 8 3 7 12 22 20 23 27 25 3 20 23 24 28 17 13 29 30 21 9 9 15 32 24 21 14 45 32 24 12 24 22 30 55 52 44 72 56 72 60 74 77 70 77 68 42 64 75 59 39 40 59 32 63 72 57 60 56 56 53 71
9 11 15 5 21 3 1 2 10 7 16 35 22 63 34 31 54 30 13 11 10 7 1 1 1 1 2 2 2 1 2 1 3 5 2 2 6 6 7 5 7 16 24 45 33 17 29 18 23 21 25 14 13 43 58 29 29 24 19 23 34 32 39 19 23 33 49 32 46 60 45 58 65 62 79 52 64 58 73 63 23 34 45 53 30 7 11 21 60 55 57 63 29 32 24 58
