sesion_6_simulaciones/modelos_agentes/ejemplos_netlogo/scenarios/echam4_b2/rob_2066.asc
NCOLS 322 
NROWS 307 
XLLCORNER 451900 
YLLCORNER 4086900 
CELLSIZE 100 
NODATA_value -9999 
[rows 74 to 147 of 307, columns 0 to 95 of 322]
0 0 0 0 0 0 0 0 0 0 0 0 0 0 0 0 0 0 0 0 0 0 0 0 0 0 0 0 0 0 0 0 0 0 0 1 2 2 1 1 1 1 1 0 0 0 0 0 0 0 0 0 0 0 0 0 0 0 0 0 0 1 2 2 1 1 1 2 2 4 5 4 3 1 9 32 17 16 20 49 57 12 18 17 22 10 3 2 5 6 4 7 4 4 8 7
0 0 0 0 0 0 0 0 0 0 0 0 0 0 0 0 0 0 0 0 0 0 0 0 0 0 0 0 0 0 0 0 0 0 0 1 1 1 3 3 1 1 1 1 0 0 0 0 0 0 0 0 0 0 0 0 0 0 0 0 0 1 3 4 2 2 4 3 2 1 2 5 5 3 8 45 17 6 5 35 33 22 18 9 3 14 13 6 5 4 6 11 11 6 5 28
0 0 0 0 0 0 0 0 0 0 0 0 0 0 0 0 0 0 0 0 0 0 0 0 0 0 0 0 0 0 0 0 0 0 0 1 1 2 1 1 1 5 1 1 1 0 0 0 0 0 1 0 0 0 0 0 1 0 0 0 0 2 1 4 3 3 5 5 7 4 4 2 2 2 6 44 61 17 7 6 28 26 13 4 4 30 30 26 19 5 2 3 11 15 14 23
0 0 0 0 0 0 0 0 0 0 0 0 0 0 0 0 0 0 0 0 0 0 0 0 0 0 0 0 0 0 0 0 0 0 0 0 0 0 0 1 3 1 1 1 2 2 1 0 0 1 1 0 0 0 1 0 0 0 0 0 1 1 1 3 2 3 5 5 6 9 9 9 10 7 4 8 31 24 15 5 29 44 10 4 18 45 12 37 32 16 5 15 27 27 20 13
0 0 0 0 0 0 0 0 0 0 0 0 0 0 0 0 0 0 0 0 0 0 0 0 0 0 0 0 0 0 0 0 0 0 0 0 0 0 1 1 1 3 1 2 2 5 3 2 2 1 1 0 0 0 0 0 0 0 1 1 1 0 1 0 1 3 3 7 7 7 9 16 10 11 6 2 2 9 12 6 12 15 8 8 28 12 7 5 5 17 13 15 12 19 23 23
0 0 0 0 0 0 0 0 0 0 0 0 0 0 0 0 0 0 0 0 0 0 0 0 0 0 0 0 0 0 0 0 0 1 2 2 1 0 1 1 2 5 4 1 1 2 7 8 13 14 7 3 2 1 1 0 0 1 1 1 0 0 0 0 0 1 1 1 1 6 10 9 11 14 9 7 4 9 3 2 6 11 8 13 21 8 17 12 6 15 18 38 57 48 35 37
0 0 0 0 0 0 0 0 0 0 0 0 0 0 0 0 0 0 0 0 0 0 0 0 0 0 0 0 0 0 0 0 0 0 2 5 1 1 1 3 3 2 7 4 1 1 3 9 27 43 58 49 33 6 4 2 1 1 1 1 1 0 0 0 1 1 1 1 2 5 9 8 11 14 14 7 6 3 2 0 3 10 10 15 15 18 8 7 8 16 57 58 60 31 35 59
0 0 0 0 0 0 0 0 0 0 0 0 0 0 0 0 0 0 0 0 0 0 0 0 0 0 0 0 0 0 0 0 0 0 0 3 4 1 1 3 5 16 8 12 9 3 2 1 1 2 12 16 25 34 18 6 2 1 1 1 0 1 0 2 0 0 1 1 1 2 3 11 11 14 15 9 3 0 1 1 2 6 6 21 8 15 23 25 14 14 10 8 27 17 24 43
0 0 0 0 0 0 0 0 0 0 0 0 0 0 0 0 0 0 0 0 0 0 1 0 1 0 0 0 0 0 0 0 0 0 1 0 0 0 0 1 3 3 4 12 6 6 5 3 1 0 0 1 2 11 9 24 9 3 1 5 9 3 2 1 2 1 0 1 0 0 3 7 12 11 8 8 5 3 3 7 2 2 9 29 9 26 28 29 27 30 19 9 8 24 61 76
0 0 0 0 0 0 0 0 0 0 0 0 0 0 0 0 0 0 0 1 0 0 0 0 0 0 0 0 0 0 0 0 0 0 0 1 0 0 1 2 5 8 3 2 2 2 2 1 0 1 1 0 1 1 2 5 10 6 13 19 6 1 1 1 2 1 1 1 2 2 14 10 13 8 7 9 11 16 8 4 7 5 25 29 19 49 55 79 52 46 47 42 12 11 16 19
0 0 0 0 0 0 0 0 0 0 0 0 0 0 0 0 0 0 0 0 0 0 0 0 0 0 0 0 0 0 0 0 0 0 1 1 0 1 1 2 3 9 9 7 1 0 1 1 1 1 0 3 11 6 5 4 2 9 31 10 3 2 1 1 1 1 2 1 3 7 5 6 8 7 8 8 10 9 15 4 6 5 10 11 21 63 18 41 53 69 41 46 48 30 23 18
0 0 0 0 0 0 0 0 0 0 0 0 0 0 0 0 0 0 0 0 0 0 0 0 0 0 0 0 0 0 0 0 0 0 0 1 0 3 2 2 4 5 10 11 4 5 8 6 5 7 5 7 11 7 6 3 4 6 9 5 3 4 3 1 1 0 0 3 4 4 5 6 23 6 4 16 10 9 12 6 6 4 5 15 3 37 27 61 60 77 84 84 65 43 31 29
0 0 0 0 0 0 0 0 0 0 0 0 0 0 0 0 0 0 0 0 0 0 0 0 0 0 0 0 0 0 0 0 0 0 0 0 0 1 1 2 4 2 6 6 4 6 7 4 3 6 5 3 4 4 4 4 7 5 5 7 7 3 1 1 1 1 1 1 1 2 2 4 3 1 15 10 7 7 25 13 16 7 4 8 24 40 36 34 69 63 58 60 74 36 34 31
0 0 0 0 0 0 0 0 0 0 0 0 0 0 0 0 0 0 0 0 0 0 0 0 0 0 0 0 0 0 0 0 0 0 0 0 0 0 1 1 2 1 1 2 2 3 5 1 2 3 3 3 3 4 4 4 5 2 4 4 4 1 1 0 1 1 3 5 5 4 4 2 3 2 2 3 13 25 8 13 13 8 8 7 11 15 31 50 59 68 16 40 57 58 33 30
0 0 0 0 0 0 0 0 0 0 0 0 0 0 0 0 0 0 0 0 0 0 0 0 2 1 1 1 0 1 1 1 0 0 0 0 0 0 0 1 0 1 1 2 3 3 5 2 3 6 2 2 2 5 3 2 2 2 4 4 2 0 0 1 2 0 0 1 7 2 3 4 2 3 6 5 5 8 7 5 4 8 15 14 9 12 12 11 28 24 14 42 23 58 49 40
0 0 0 0 0 0 0 0 0 0 0 0 0 0 0 0 0 0 0 0 0 0 0 1 1 2 2 2 1 1 1 1 0 1 0 0 0 0 0 0 0 0 1 1 1 2 2 1 1 3 1 1 0 3 3 1 2 1 3 1 1 1 1 2 2 1 0 0 12 3 4 3 2 3 2 10 11 23 20 24 31 18 10 7 22 30 27 26 12 9 21 38 45 19 41 36
0 0 0 0 0 0 0 0 0 0 0 0 0 0 0 0 0 0 0 0 0 0 0 3 2 0 3 4 1 1 1 2 1 2 1 1 1 0 0 0 0 0 0 0 0 1 0 1 1 1 0 2 1 5 0 1 3 1 2 0 0 1 1 1 1 1 0 0 1 24 15 6 3 11 11 13 40 35 10 14 39 27 35 34 30 34 34 35 29 15 8 33 32 17 12 4
0 0 0 0 0 0 0 0 0 0 0 0 0 0 0 0 0 0 0 0 0 0 0 1 2 1 0 11 7 1 1 2 2 3 2 4 1 1 1 0 0 0 0 0 0 0 0 0 0 1 6 7 14 8 11 1 0 1 0 0 0 1 1 0 0 0 2 2 1 1 10 5 38 72 48 25 10 9 49 19 4 23 38 30 26 33 39 39 35 16 11 12 8 4 7 23
0 0 0 0 0 0 0 0 0 0 0 0 0 0 0 0 0 0 0 0 0 0 0 1 0 4 2 3 25 3 0 0 0 1 1 3 1 3 4 1 1 0 1 3 2 2 2 1 2 10 19 8 4 3 9 17 3 0 1 1 1 2 1 0 1 1 1 1 4 1 2 3 2 3 3 36 13 11 8 19 33 12 15 46 33 38 43 39 43 43 25 6 13 27 15 25
0 0 0 0 0 0 0 0 0 0 0 0 0 0 0 0 0 1 1 1 0 1 0 0 0 1 1 0 3 3 10 1 0 0 1 0 1 5 1 1 2 1 1 3 6 4 3 7 9 9 30 27 6 19 16 26 6 11 4 3 2 2 0 0 1 1 1 2 1 1 1 1 2 2 2 5 6 9 8 10 19 42 21 27 36 41 28 39 24 12 24 29 36 9 7 11
0 0 0 0 0 0 0 0 0 0 0 0 0 0 0 0 0 1 0 0 1 1 0 0 0 1 1 0 0 4 19 5 1 0 1 2 0 2 10 1 5 0 1 10 10 12 11 26 18 52 46 39 28 66 47 45 25 25 16 6 3 2 0 0 0 1 2 5 3 2 1 5 9 6 5 3 4 11 16 15 7 9 37 38 34 21 34 15 14 33 35 26 37 35 24 13
0 0 0 0 0 0 0 0 0 0 0 0 0 0 0 0 0 0 0 1 1 1 0 1 1 1 1 0 0 1 8 11 3 2 0 1 0 1 8 1 5 1 2 7 9 10 43 41 45 67 64 36 37 43 46 32 25 35 4 1 5 1 1 1 1 1 1 3 3 2 12 4 1 3 4 6 28 31 31 23 20 15 17 27 19 11 27 24 24 30 46 36 23 17 23 19
0 0 0 0 0 0 0 0 0 0 0 0 0 0 0 0 0 0 0 0 0 0 0 1 2 1 3 2 1 1 6 21 1 1 1 1 0 3 9 8 12 10 3 5 19 45 72 64 55 71 44 7 16 6 8 29 46 33 6 18 11 9 2 0 1 1 1 1 1 5 2 4 7 3 4 16 14 9 25 35 39 19 11 12 9 13 25 45 38 38 38 45 21 23 22 34
0 0 0 0 0 0 0 0 0 0 0 0 1 0 0 0 0 0 0 0 0 0 0 3 5 4 2 4 2 1 6 21 2 1 4 3 1 3 1 11 22 43 7 13 30 53 81 72 25 42 8 11 5 2 1 2 34 52 47 30 11 19 2 1 4 7 1 0 1 2 2 7 3 12 18 3 11 31 19 35 27 33 38 15 24 26 38 39 48 30 47 44 31 36 33 46
0 0 0 0 0 0 0 0 0 0 0 0 0 1 0 0 0 1 1 1 1 1 1 3 4 6 5 10 7 6 4 11 3 3 3 1 2 4 2 4 9 35 21 33 39 46 81 90 77 48 16 6 1 1 0 1 2 2 66 47 29 3 1 5 2 6 3 1 1 1 4 3 9 9 7 4 5 4 14 20 36 45 36 20 26 41 33 29 49 20 67 31 33 34 26 32
0 1 0 0 0 0 0 0 0 0 0 0 0 0 1 1 0 0 2 2 2 2 3 8 10 18 18 15 16 18 3 9 15 7 4 2 2 3 1 1 2 26 4 9 12 21 78 83 74 25 15 14 8 6 2 3 1 4 3 6 3 2 4 5 5 2 2 1 1 1 1 3 4 4 3 2 3 10 14 25 32 36 24 24 19 27 35 15 37 29 68 41 36 19 30 42
0 0 0 0 0 0 0 0 0 0 0 0 0 0 1 0 3 1 1 1 2 1 1 1 3 8 10 5 17 19 8 37 49 21 6 13 4 4 3 1 9 27 23 12 13 18 9 31 55 7 16 19 12 8 14 6 3 8 5 9 5 1 5 5 4 2 2 1 2 1 0 1 3 5 7 5 8 14 14 19 20 29 26 22 23 18 26 20 49 55 15 33 39 38 42 30
0 0 0 0 0 0 0 0 0 0 0 0 0 0 0 1 1 4 1 2 1 3 3 4 9 14 12 6 2 3 5 34 37 15 22 25 38 28 4 3 18 13 57 27 27 24 26 7 4 9 27 22 15 11 5 10 11 6 4 5 5 3 7 5 3 2 1 2 2 0 0 1 1 3 4 9 8 12 12 16 16 14 15 23 24 15 17 20 39 7 13 29 24 9 6 16
0 0 0 0 0 0 0 0 0 0 0 0 0 0 0 0 0 1 1 2 4 8 7 11 15 34 18 19 11 4 3 2 31 47 42 15 61 39 13 26 36 8 54 24 75 63 22 9 7 5 17 24 16 11 13 5 11 7 5 4 7 8 17 19 6 2 1 1 1 0 0 1 0 1 1 5 6 7 7 11 11 10 13 21 8 25 20 41 18 9 22 24 25 16 15 25
0 0 0 0 0 0 0 0 0 0 0 0 0 0 0 0 0 1 1 2 6 8 25 21 24 21 44 24 9 10 8 7 3 23 45 8 10 7 45 25 20 5 59 27 13 5 13 10 16 10 14 26 30 20 11 5 2 3 1 2 4 3 9 12 1 2 1 0 1 1 1 2 1 2 2 1 5 6 8 9 7 16 6 3 8 31 12 42 15 5 9 12 15 13 22 28
0 0 0 0 0 0 0 0 0 0 0 0 0 0 1 1 1 1 1 1 2 5 30 41 16 11 16 21 22 24 16 16 8 3 4 12 4 8 46 10 7 12 39 12 10 6 16 13 13 9 5 16 20 18 9 4 3 2 1 2 1 1 2 1 1 2 1 1 1 1 2 1 1 2 2 2 6 5 6 5 21 6 5 9 10 19 17 15 15 2 3 11 12 22 24 45
0 0 0 0 0 0 0 0 0 0 0 0 0 0 0 0 2 3 6 7 5 8 12 8 4 2 9 21 24 19 31 33 8 4 1 2 7 23 15 12 3 32 56 19 16 15 14 18 23 5 7 11 12 10 6 5 4 1 2 1 1 0 1 3 3 1 2 2 2 2 2 2 1 2 2 2 3 3 4 11 5 4 8 5 12 4 12 20 26 10 8 11 17 19 11 40
0 0 0 0 0 0 0 0 0 0 0 0 0 0 0 1 1 3 5 5 6 16 11 6 7 8 3 9 14 11 13 8 4 8 8 8 18 13 22 9 10 20 41 40 27 15 7 8 12 4 3 14 18 21 20 9 4 2 4 7 5 2 1 2 1 1 6 6 3 2 1 15 10 4 2 1 1 2 3 7 3 5 5 2 7 6 11 20 13 22 15 21 17 30 25 33
0 0 0 0 0 0 0 0 0 0 0 0 0 2 1 4 2 1 3 9 13 14 20 10 7 10 9 7 14 16 8 6 9 13 16 18 5 6 11 12 10 3 6 22 25 11 2 4 5 5 7 9 8 8 6 5 5 2 14 12 6 5 1 1 2 2 7 52 33 11 5 4 9 17 4 2 2 2 5 2 1 5 2 4 6 10 4 5 7 12 23 19 45 27 12 17
0 0 0 0 0 0 0 0 0 0 0 0 0 0 3 3 8 11 7 11 10 7 17 10 5 6 3 3 3 5 10 9 14 15 6 16 13 13 11 7 3 6 15 3 23 17 12 9 8 4 3 4 3 15 10 7 7 1 2 4 3 2 3 3 3 7 4 30 59 35 3 6 7 3 11 9 2 2 2 2 4 8 3 22 9 7 7 14 9 11 24 32 17 16 14 8
0 0 0 0 0 1 1 0 0 0 0 0 0 0 0 1 0 1 5 7 11 10 18 25 13 8 12 10 5 3 6 2 3 7 7 13 13 9 13 5 2 10 6 6 24 13 13 8 10 5 5 4 4 12 21 2 3 3 5 4 2 8 8 15 15 8 12 8 43 27 20 4 4 4 3 9 7 8 5 8 2 4 6 14 7 11 10 6 7 38 19 9 20 15 19 19
0 0 0 0 0 0 0 0 0 0 0 0 0 0 1 1 1 0 2 10 12 22 31 34 36 12 8 3 2 3 3 1 1 1 4 4 8 11 10 8 8 9 3 14 3 1 4 5 7 8 11 14 6 11 8 6 4 7 9 2 5 8 4 8 57 13 14 7 4 52 52 11 11 3 15 28 23 38 18 13 8 6 3 7 25 10 30 20 18 28 26 11 22 27 31 17
0 0 0 0 0 0 0 0 0 0 0 0 0 0 1 1 1 4 2 11 44 24 11 17 24 13 10 9 4 0 3 3 5 3 1 3 11 12 2 6 17 15 14 13 4 2 5 14 14 20 12 32 18 17 11 7 5 3 2 9 4 3 3 6 7 24 12 11 5 16 36 58 36 7 2 18 9 39 6 3 14 43 3 8 3 11 19 50 62 44 64 24 30 25 28 27
0 0 0 0 0 0 0 1 0 0 0 0 0 0 0 1 4 4 6 3 4 19 30 16 16 13 18 26 14 5 5 10 7 6 7 3 3 7 6 8 8 13 13 12 9 8 19 24 16 16 20 12 22 15 9 12 18 23 10 2 6 4 4 17 5 18 29 10 6 6 33 42 37 21 7 11 2 20 9 4 1 17 12 7 7 30 12 12 6 5 37 19 20 64 32 44
0 0 0 0 0 0 0 0 0 0 0 0 0 0 0 1 2 3 6 5 5 2 18 47 28 24 20 25 27 8 8 13 6 7 13 17 7 4 4 8 13 9 6 25 12 15 13 45 47 25 41 13 20 42 64 58 27 10 6 4 5 23 11 3 20 5 24 23 11 4 36 34 25 37 7 11 2 20 30 6 3 31 5 8 7 3 16 12 4 9 67 24 8 45 72 68
0 0 0 0 0 0 0 0 0 0 0 0 0 0 0 0 1 3 4 10 11 9 4 13 21 20 7 8 19 9 6 6 4 3 5 10 10 7 5 10 8 3 4 4 18 22 18 36 25 15 13 30 15 10 11 8 8 5 8 7 6 13 23 8 8 22 4 40 22 5 23 44 25 38 11 10 5 25 8 8 2 57 15 7 13 11 6 11 8 18 55 70 15 19 65 65
0 0 0 0 0 0 0 0 0 0 0 0 0 0 0 0 1 1 5 15 19 11 8 3 3 1 5 3 1 2 6 1 1 4 7 5 7 11 9 6 14 11 13 10 17 23 20 20 12 12 21 27 20 31 14 20 17 12 6 11 4 8 14 15 8 45 19 26 57 14 10 21 45 17 39 10 7 26 16 33 22 44 73 19 16 15 6 21 14 7 30 79 33 10 15 64
0 0 0 0 0 0 0 0 0 0 0 0 0 0 0 0 1 2 4 9 15 10 5 9 4 5 5 2 1 1 3 2 2 3 3 5 9 9 7 15 28 18 14 13 7 13 18 14 12 34 20 37 24 22 17 30 23 16 10 15 14 18 9 19 10 42 31 14 54 36 6 23 36 22 60 18 24 14 20 15 37 27 75 41 9 18 16 41 14 8 11 53 37 15 30 29
0 0 0 0 0 0 0 0 0 0 0 0 0 0 0 0 1 1 3 6 9 11 8 7 12 9 11 6 2 1 1 0 0 3 3 2 8 10 6 6 22 15 12 6 13 8 10 10 7 31 49 50 50 28 14 19 48 18 28 26 33 41 11 5 7 9 27 13 28 44 17 15 14 58 39 33 50 20 27 59 44 19 43 68 20 20 11 10 10 13 16 56 35 39 20 8
0 0 0 0 0 0 0 0 0 0 0 0 0 0 0 0 2 2 9 12 11 27 14 15 7 7 10 13 7 1 0 1 5 4 10 12 9 18 16 14 16 14 9 7 8 7 8 12 10 11 11 18 11 17 36 53 54 13 74 53 11 44 21 24 26 9 6 5 19 36 17 35 16 39 8 34 70 49 27 51 64 54 45 78 20 23 23 11 12 4 22 39 40 15 10 13
0 0 0 0 0 0 0 0 0 0 0 0 0 0 0 0 0 2 2 1 4 2 3 5 12 20 9 11 15 3 1 7 8 8 4 3 8 8 7 25 20 6 11 17 16 13 21 21 11 21 25 13 25 47 40 54 34 45 41 46 16 35 49 24 37 50 47 30 14 51 54 69 60 33 28 37 58 64 47 50 55 61 44 74 68 38 7 7 9 19 30 41 55 20 11 7
0 0 0 0 0 0 0 0 0 0 0 0 0 0 1 1 1 1 3 3 3 5 5 9 22 11 12 16 15 14 5 39 10 4 7 5 18 17 17 23 45 19 24 20 23 22 14 17 13 16 20 10 8 35 16 24 56 58 39 40 46 63 71 56 14 56 56 61 47 33 46 65 18 34 33 39 57 44 71 73 60 42 40 80 69 33 33 7 13 35 21 48 39 38 27 20
0 0 0 0 0 0 0 0 0 0 0 0 0 0 0 0 0 1 1 7 4 6 6 9 9 10 17 13 14 11 12 39 10 10 10 8 12 14 14 26 35 16 19 23 19 24 7 10 20 9 10 14 8 5 4 5 30 49 61 62 58 50 58 79 47 35 62 63 54 32 15 27 36 26 32 48 59 79 61 44 40 31 82 72 72 34 20 21 14 21 28 50 15 9 12 39
1 0 0 0 0 0 0 0 0 0 0 0 0 0 1 0 0 1 1 4 6 10 3 4 6 11 13 5 19 14 23 19 14 21 9 5 7 13 34 32 12 12 17 33 29 20 8 9 6 19 11 9 18 13 6 3 10 12 12 34 27 23 51 74 67 44 24 11 16 22 17 17 19 22 27 28 64 57 47 31 11 30 83 70 73 59 26 28 8 27 35 59 58 43 20 10
0 1 0 0 0 0 0 0 0 0 0 0 0 0 2 0 0 0 2 5 4 4 1 6 3 1 8 4 18 23 18 21 28 14 12 16 20 15 34 23 12 22 10 14 26 8 7 8 4 12 8 6 13 7 12 7 6 11 13 5 16 29 29 43 45 20 18 27 23 35 19 14 16 20 20 10 35 28 35 20 18 11 43 28 46 72 31 43 11 38 55 46 37 35 37 14
0 0 0 0 0 0 0 0 0 0 0 0 0 1 0 2 1 1 1 1 3 1 4 3 3 2 5 3 16 9 12 14 25 9 15 20 21 13 18 15 11 17 10 10 22 6 7 7 5 24 10 7 16 15 13 9 18 18 26 15 11 14 6 13 5 4 14 25 28 31 29 17 13 8 8 9 16 18 19 17 21 16 19 17 32 41 13 34 10 32 56 52 31 19 75 57
0 0 0 0 0 0 0 0 0 0 0 0 0 1 0 2 2 0 1 1 3 1 1 3 3 3 13 8 15 8 16 25 8 15 16 24 15 10 26 8 14 17 7 8 14 17 5 8 4 15 10 10 11 22 8 13 13 22 16 20 20 28 15 10 11 6 22 17 22 16 8 6 26 12 8 4 7 17 13 11 11 10 12 25 29 25 19 29 14 67 71 71 69 26 8 19
0 0 0 0 0 0 0 0 0 0 0 0 1 2 1 0 1 1 1 2 2 2 2 6 3 3 15 5 6 3 6 8 11 34 13 11 12 4 16 6 8 6 10 6 6 5 5 8 10 13 12 12 9 14 12 17 24 13 19 15 30 15 10 22 6 13 16 29 15 9 15 34 26 20 20 23 7 5 13 10 12 17 10 33 18 14 43 15 27 68 64 62 78 42 46 13
0 0 0 0 0 0 0 0 0 0 0 0 0 0 1 0 0 1 0 1 1 1 1 3 2 7 5 7 4 4 7 20 9 14 25 11 7 9 12 4 8 6 3 3 4 5 2 4 4 2 5 2 7 13 21 23 32 19 8 22 14 17 16 12 40 11 19 22 25 47 35 25 12 14 20 24 24 27 28 30 39 44 18 18 16 29 53 33 47 61 31 52 83 64 65 45
1 1 1 0 0 0 0 0 0 0 0 0 0 1 0 0 1 0 0 1 1 1 1 1 1 1 2 7 4 6 8 13 4 9 19 7 6 6 6 5 6 5 3 4 8 6 3 10 25 15 19 12 24 34 30 15 20 23 21 13 19 20 35 21 37 24 24 24 43 11 7 10 12 6 4 6 25 21 34 43 49 44 35 16 14 33 61 29 32 17 25 58 90 56 71 62
0 0 0 1 1 1 0 0 0 1 1 0 0 0 0 1 0 0 2 2 6 4 2 1 4 1 1 4 9 6 6 4 4 7 12 7 5 3 3 3 4 25 10 4 12 11 12 7 33 48 67 36 48 66 48 19 32 15 9 9 9 12 31 16 19 26 22 32 10 10 13 19 36 23 24 18 9 29 48 65 57 20 13 20 11 37 55 34 31 26 29 82 85 51 60 89
0 0 0 0 1 1 2 2 1 0 1 0 0 0 0 0 1 1 1 2 5 13 8 2 2 5 8 7 6 4 15 6 5 4 5 4 2 2 5 5 13 3 10 27 8 22 22 18 18 63 61 71 26 53 47 43 29 44 24 18 15 19 6 19 28 33 35 11 15 14 24 41 29 38 56 33 20 49 66 68 32 18 13 27 17 38 21 16 33 36 59 87 68 81 61 90
1 1 0 0 1 0 0 1 0 1 0 0 0 0 1 0 1 1 2 4 2 12 13 24 29 31 21 19 10 4 7 6 3 4 7 15 15 27 30 24 26 34 18 49 17 30 52 55 15 10 7 63 61 26 56 29 19 67 53 39 11 15 19 23 29 31 20 25 26 37 32 17 29 30 34 32 59 53 40 38 19 13 12 16 15 26 16 19 23 22 38 78 55 75 32 65
1 2 1 1 1 1 0 0 0 0 0 0 0 0 0 0 0 1 4 14 3 2 16 50 18 44 26 40 36 46 36 41 35 46 20 32 7 37 53 25 40 63 26 52 62 27 59 27 73 39 16 78 58 54 57 50 78 78 31 52 18 7 14 15 15 23 17 13 11 18 18 22 17 30 37 60 70 58 17 8 19 10 8 14 8 14 13 26 25 48 63 78 46 50 46 40
0 1 5 1 3 4 1 1 0 1 0 1 1 1 1 0 1 1 1 7 5 1 1 6 5 5 16 33 40 35 30 33 57 50 25 42 49 40 45 58 29 68 66 28 54 46 68 32 64 82 48 53 58 43 29 76 65 61 44 55 48 13 13 11 27 21 23 29 31 33 40 26 40 36 62 65 49 27 21 8 2 5 7 9 11 6 11 21 22 36 63 64 23 29 34 34
1 1 1 4 3 3 2 3 1 1 0 1 2 1 0 1 1 1 2 1 0 0 2 2 2 6 21 15 17 33 37 50 32 35 36 57 53 49 57 60 49 64 57 54 59 58 67 72 20 65 51 26 75 23 46 77 58 19 60 20 23 64 10 9 19 20 31 36 36 31 31 38 54 80 78 67 45 24 5 7 6 3 2 2 6 3 11 10 17 26 44 36 26 14 37 49
0 1 2 2 2 2 1 1 3 1 1 1 1 1 0 1 1 1 1 4 3 2 2 3 4 5 2 2 4 4 6 5 6 7 5 5 6 5 7 8 7 11 11 15 13 11 18 69 52 42 76 29 59 55 57 63 20 15 21 22 54 48 25 14 25 31 34 24 26 53 70 72 78 76 67 57 36 10 3 3 3 3 2 1 4 2 5 4 6 9 20 21 19 10 18 24
2 2 3 2 1 0 1 0 1 0 1 1 1 1 0 1 1 1 1 1 1 4 3 4 7 5 3 4 8 8 5 5 14 13 8 10 7 8 10 15 13 17 24 15 20 14 25 10 12 15 46 46 57 65 59 29 31 40 32 41 53 33 20 23 32 28 38 54 70 72 76 61 43 41 26 22 6 6 6 6 5 4 2 3 1 1 1 1 2 3 7 8 12 7 6 8
9 12 6 2 1 0 0 1 0 0 0 0 0 0 0 0 0 0 0 3 2 1 2 1 3 3 1 7 4 3 6 7 3 2 2 6 5 6 7 6 9 16 16 8 7 14 11 23 17 20 13 17 15 19 25 29 39 34 34 37 16 14 17 28 32 23 22 20 42 67 71 65 45 32 13 11 16 16 25 22 14 7 2 3 4 4 4 2 2 1 1 1 4 9 8 6
2 2 1 2 1 0 0 0 0 0 0 0 0 0 0 0 1 0 0 0 1 3 3 3 2 2 2 3 6 6 3 1 4 2 3 5 5 6 8 9 7 7 9 4 4 4 6 8 13 22 30 49 33 27 28 26 27 26 25 11 9 16 15 35 25 14 21 21 25 32 26 39 43 18 11 20 28 25 8 6 3 4 4 8 14 15 16 7 6 5 2 2 1 1 2 2
2 1 1 0 0 0 0 0 0 0 0 0 0 0 0 0 0 0 1 0 1 4 4 2 3 1 2 6 8 2 2 3 2 9 6 3 3 6 6 6 6 5 17 13 12 8 9 14 21 16 26 32 27 22 28 23 23 17 17 16 3 16 17 21 37 37 36 44 32 28 15 16 8 14 19 30 49 31 13 8 7 11 11 23 18 17 19 20 20 9 12 6 4 3 2 1
3 2 1 0 0 0 0 0 0 0 0 0 0 0 0 0 0 0 0 0 1 2 3 3 4 2 4 10 4 1 2 2 4 4 6 5 5 7 7 10 4 8 9 11 9 16 18 15 14 12 20 13 36 23 40 32 20 16 11 8 10 14 17 12 57 62 30 49 42 37 24 24 12 23 35 44 25 9 15 17 15 25 16 27 35 29 37 27 27 23 20 18 13 11 4 8
1 0 0 0 0 0 1 2 1 0 1 0 0 0 0 0 0 0 0 0 1 1 1 1 3 4 9 22 6 2 2 3 3 8 6 7 6 8 4 6 9 14 12 12 12 18 17 10 28 11 21 23 25 18 32 17 31 8 16 6 23 39 16 48 74 47 46 28 25 28 20 11 14 23 35 33 15 20 21 26 36 31 35 50 48 42 40 30 43 46 27 43 26 15 13 12
0 0 0 0 1 4 3 1 4 6 1 1 0 0 0 0 0 0 0 1 1 1 1 3 2 11 10 2 2 1 2 4 3 5 13 6 7 8 11 11 8 10 8 9 9 7 19 16 15 16 23 19 21 18 23 16 27 19 11 5 11 30 49 64 55 56 33 31 30 16 14 15 23 11 37 17 26 27 43 44 55 41 47 58 58 41 54 52 51 37 38 42 30 25 33 34
0 0 0 0 0 3 4 4 10 5 2 1 3 1 0 0 0 0 0 0 0 0 1 3 4 1 2 2 5 5 4 2 4 3 9 6 7 12 7 8 3 10 4 3 4 6 9 22 16 16 13 31 9 16 27 22 11 10 17 11 3 19 20 28 42 62 48 62 39 10 26 21 31 25 71 33 31 31 43 40 55 41 48 63 44 41 57 70 60 56 41 41 36 51 46 31
0 0 0 1 0 0 0 0 4 3 3 8 6 1 1 1 0 0 0 0 0 0 1 1 1 1 3 3 2 4 2 1 1 2 2 4 3 4 5 11 15 5 5 7 3 4 6 6 13 15 17 16 11 6 25 4 11 27 13 13 5 7 13 12 11 12 33 22 12 28 56 30 34 29 68 28 40 40 55 59 76 66 79 79 71 62 65 66 82 78 51 44 43 44 71 50
0 0 0 0 0 0 0 1 0 1 1 4 4 2 2 2 1 1 1 0 0 0 0 0 1 2 2 1 0 1 1 1 1 1 2 1 2 2 2 7 10 18 9 3 19 12 13 6 11 8 4 14 6 14 13 15 17 11 16 14 7 23 35 24 19 12 14 25 36 32 44 46 29 42 56 53 58 50 64 80 68 63 82 80 80 79 77 75 79 72 60 52 68 73 74 60
0 0 0 0 1 1 2 1 1 0 5 7 2 7 5 4 7 4 2 1 0 0 0 0 1 0 0 0 0 0 0 0 0 0 1 2 1 1 3 6 6 7 10 11 1 9 10 11 15 8 7 18 19 12 5 5 9 23 17 17 12 37 28 21 11 24 24 31 54 48 38 65 45 64 52 71 76 69 77 68 39 65 77 64 45 46 69 39 70 79 66 67 65 67 63 80
2 3 3 1 5 1 0 0 2 2 4 11 6 30 10 9 21 9 3 3 2 1 0 0 0 0 0 0 0 0 0 0 0 1 0 0 1 1 1 1 2 4 8 18 15 7 12 8 11 11 13 8 8 32 47 19 18 15 13 17 28 26 34 16 21 31 44 25 39 52 35 50 59 55 77 50 66 61 75 64 24 35 50 61 37 9 15 31 74 71 71 77 41 49 37 72
