sesion_6_simulaciones/modelos_agentes/ejemplos_netlogo/scenarios/echam4_b2/rob_2020.asc
NCOLS 322 
NROWS 307 
XLLCORNER 451900 
YLLCORNER 4086900 
CELLSIZE 100 
NODATA_value -9999 
[rows 225 to 299 of 307, columns 0 to 95 of 322]
58 61 51 67 63 68 36 24 17 55 54 41 24 18 22 29 10 5 4 41 23 34 65 56 42 48 43 50 42 30 46 44 57 19 25 51 46 70 47 74 67 74 79 65 62 76 58 63 61 33 14 13 7 10 4 4 4 7 4 3 4 2 1 1 2 1 1 1 0 0 0 0 0 0 0 0 0 0 0 0 0 0 0 0 0 0 0 1 3 2 2 2 1 0 0 0
22 36 36 26 33 74 49 11 38 42 57 27 42 35 8 6 4 2 14 49 17 49 64 64 45 47 33 20 40 33 49 75 60 35 39 49 74 84 62 71 79 82 83 52 63 64 62 28 49 61 17 10 3 5 4 6 3 3 2 1 1 1 1 0 0 1 1 0 0 0 0 0 0 0 0 0 0 0 0 0 0 0 0 0 0 0 1 2 4 5 2 1 1 0 0 0
45 31 35 30 35 28 16 19 18 28 49 55 55 14 4 3 19 29 50 65 35 42 64 77 65 47 53 29 36 52 27 56 83 41 30 41 60 58 84 89 65 57 41 68 46 47 62 39 23 7 14 17 12 7 7 6 5 2 2 1 1 0 0 0 0 0 0 0 0 0 0 0 0 0 0 0 0 0 0 0 0 0 0 0 0 0 2 7 5 0 0 0 0 0 0 0
51 40 36 52 34 30 37 37 27 48 42 38 29 14 21 42 53 59 62 76 43 51 65 72 31 29 59 21 43 62 29 23 45 64 45 71 54 36 69 81 75 46 61 38 78 50 29 25 22 15 9 19 16 11 11 6 2 2 1 0 0 0 0 0 0 0 0 0 0 0 0 0 0 0 0 0 0 0 0 0 0 0 0 0 0 1 1 8 3 1 0 0 0 0 0 0
21 37 53 33 30 26 48 47 44 43 43 55 35 40 38 60 57 40 67 71 51 49 47 51 30 62 29 11 45 57 29 30 47 57 76 84 69 46 31 47 58 37 26 17 30 66 45 23 18 14 9 8 8 12 13 9 2 1 0 0 0 0 0 0 0 0 0 0 0 0 0 0 0 0 0 0 0 0 0 0 0 0 0 0 1 2 3 5 1 1 1 1 0 0 0 0
61 53 37 45 48 38 57 47 52 43 32 46 34 56 40 62 63 57 49 74 33 46 56 49 48 20 31 38 41 57 29 46 40 44 51 71 58 71 45 17 35 56 42 42 50 20 23 14 9 8 5 4 8 6 4 4 3 2 1 0 0 0 0 0 0 0 0 0 0 0 0 0 0 0 0 0 0 0 0 0 0 0 1 1 1 5 14 5 2 2 2 1 0 0 0 0
45 58 48 62 43 40 50 77 28 55 32 32 43 54 41 63 61 48 48 63 46 53 52 57 34 30 34 40 31 34 21 36 70 57 44 31 69 41 47 38 17 25 63 66 66 34 11 6 12 12 9 3 4 6 3 3 2 0 1 1 0 0 0 0 0 0 0 0 0 0 0 0 0 0 0 0 0 0 0 1 1 1 1 1 0 2 13 3 1 4 2 1 0 0 0 0
42 33 62 50 38 46 45 58 34 39 36 38 45 61 48 45 64 24 36 46 26 52 15 39 27 45 31 23 39 20 36 48 47 72 53 46 33 34 40 18 28 19 16 22 21 12 10 6 11 6 8 4 3 2 2 4 1 1 0 0 0 0 0 0 0 0 0 0 0 0 0 0 0 0 0 0 0 0 1 1 2 4 2 1 1 1 5 4 3 3 1 0 0 0 0 0
30 36 57 46 32 65 64 50 49 41 51 56 36 64 48 42 47 26 33 42 57 19 15 11 31 37 16 30 47 25 36 27 25 23 14 29 17 19 20 13 24 34 52 24 18 7 7 2 3 3 4 2 2 2 3 1 1 0 0 0 0 0 0 0 0 0 0 0 0 0 0 0 0 0 0 0 0 1 1 3 7 6 3 3 1 2 14 11 5 2 1 0 0 0 0 0
31 20 21 42 30 56 61 53 62 33 46 62 24 41 29 44 66 36 37 41 46 32 13 15 42 23 12 43 53 59 62 26 41 33 49 48 47 45 35 42 54 53 52 54 41 34 26 8 7 12 5 2 2 1 1 1 0 0 0 0 0 0 0 0 0 0 0 0 0 0 0 0 0 0 0 0 0 1 2 4 4 10 7 8 5 19 9 7 3 3 2 1 1 0 0 0
13 20 33 26 30 41 45 45 22 46 60 56 26 26 26 24 57 19 26 28 10 30 21 38 22 20 20 39 56 34 77 81 73 61 75 59 63 45 49 40 48 62 54 69 32 14 9 2 4 7 10 5 2 1 1 1 1 0 1 0 0 0 0 0 0 0 0 0 0 0 0 0 0 0 0 0 0 1 2 5 13 9 13 11 22 12 12 9 2 2 6 3 1 0 0 0
8 22 17 13 27 37 43 30 22 30 39 50 16 32 18 33 33 20 16 10 8 12 17 12 28 20 48 56 58 37 46 64 84 61 72 89 88 73 74 61 28 60 66 58 67 41 33 12 8 8 5 3 3 1 1 2 1 1 0 0 0 0 0 0 0 0 0 0 0 0 0 0 0 1 0 0 0 0 1 2 15 27 24 7 7 36 11 10 7 7 3 3 1 1 1 1
5 10 10 23 20 40 24 45 32 45 24 15 21 9 21 21 8 68 10 21 61 55 36 22 16 12 16 29 28 37 40 33 36 74 61 81 85 80 80 72 63 30 66 66 65 35 39 14 8 7 2 2 1 1 0 0 0 1 0 0 0 0 0 0 0 0 0 0 0 0 0 0 0 1 1 0 0 1 1 2 12 29 22 5 22 24 13 23 18 6 5 3 2 1 2 1
6 6 12 21 39 17 28 33 30 37 23 24 14 6 12 7 6 3 36 40 39 61 60 35 26 12 28 25 26 33 29 39 35 34 25 54 85 61 76 42 53 47 43 51 46 32 14 5 14 9 5 3 3 2 1 1 0 0 0 0 0 0 0 0 0 0 0 0 0 0 0 0 0 1 3 1 1 1 3 6 17 34 13 11 26 7 3 4 7 2 2 3 2 2 1 0
3 4 7 5 8 19 27 29 24 16 22 15 9 3 4 11 7 7 7 27 29 14 64 55 24 7 32 51 37 38 39 25 33 43 23 26 55 65 60 51 49 38 41 27 29 33 22 8 2 7 5 4 3 2 2 1 0 0 0 0 0 0 0 0 0 0 0 0 0 0 0 0 0 1 2 4 1 1 2 16 24 51 13 15 38 8 6 4 2 1 1 2 2 1 0 0
0 2 2 6 4 10 13 14 20 21 13 8 5 4 6 7 13 11 21 39 15 9 12 47 53 18 40 54 53 51 58 43 44 52 40 27 20 50 33 34 16 19 10 16 13 10 2 9 4 3 4 2 2 2 2 1 1 0 0 0 0 0 0 0 0 0 0 0 0 0 0 0 0 1 1 5 9 3 10 11 41 38 33 52 12 11 9 6 7 5 2 2 2 1 0 0
0 1 2 4 3 5 8 11 10 12 14 4 8 7 6 5 11 26 39 18 9 6 12 56 37 38 41 28 16 28 37 37 42 41 39 39 18 13 14 10 15 9 3 4 5 7 5 6 2 2 2 1 1 1 1 1 0 0 0 0 0 0 0 0 0 0 0 0 0 0 0 0 1 1 1 2 21 3 6 29 48 31 42 46 32 19 10 21 14 3 2 1 1 0 0 0
0 0 0 1 2 2 3 5 8 8 8 6 3 4 10 10 6 15 32 35 18 12 8 18 19 25 27 52 21 48 59 39 35 41 36 44 35 16 8 4 4 6 7 6 8 6 4 1 2 2 1 1 1 1 1 0 0 0 0 0 0 0 0 0 0 0 0 0 0 0 1 0 0 1 7 6 20 11 14 37 56 51 33 34 19 8 7 16 9 5 1 1 0 0 0 0
0 0 0 0 2 1 1 9 4 3 3 5 22 26 45 42 22 8 9 10 17 14 11 25 46 45 44 40 43 42 53 54 49 48 43 49 42 51 27 8 8 5 4 3 3 2 2 1 1 1 1 1 1 1 0 0 0 0 0 0 0 0 0 0 0 0 0 0 0 0 1 1 0 2 6 5 20 37 24 48 53 55 47 38 18 22 10 11 8 4 2 1 0 0 0 0
0 0 0 0 1 1 1 6 2 0 1 9 4 4 16 47 20 9 7 7 13 16 18 19 14 19 45 63 62 63 59 59 61 65 61 51 50 47 51 38 13 7 6 6 5 3 1 1 2 1 2 1 1 0 1 0 0 0 0 0 0 0 0 0 0 0 0 1 1 1 1 1 1 2 12 6 4 34 75 50 57 55 41 27 16 9 2 5 7 4 1 0 0 0 0 0
0 0 0 0 0 1 2 1 1 9 16 27 11 9 12 8 6 4 10 15 17 35 21 26 43 28 10 31 33 65 67 65 76 80 65 48 61 66 61 40 15 11 9 10 9 7 3 5 2 1 0 0 0 0 0 0 0 0 0 0 0 0 0 0 0 0 0 1 2 2 2 3 2 4 13 21 6 31 56 46 41 23 13 6 7 9 3 3 3 2 1 1 1 0 0 0
0 0 0 0 0 1 1 0 3 2 1 1 7 18 23 9 8 14 8 24 39 22 23 43 28 43 27 10 9 51 38 69 84 71 68 66 49 51 55 48 32 31 17 8 12 15 4 4 2 1 1 1 0 1 0 0 0 0 0 0 0 0 0 0 0 0 0 1 2 4 3 7 3 3 13 30 28 24 57 29 16 8 13 7 6 2 1 2 4 3 1 1 1 1 0 0
0 0 0 0 1 0 0 1 1 2 1 2 5 10 4 4 18 31 16 33 22 30 39 35 30 42 48 26 21 15 21 14 52 60 51 46 34 48 36 18 12 7 5 4 5 10 4 3 2 2 1 1 0 0 0 0 0 0 0 0 0 0 0 0 0 0 1 1 2 3 11 6 9 3 6 26 32 65 34 19 21 11 9 7 8 3 3 4 2 1 1 1 2 1 0 0
0 0 0 1 0 0 2 0 2 3 7 18 11 5 3 16 20 41 31 16 13 20 15 29 23 26 40 34 54 50 29 39 42 28 14 24 27 30 15 15 6 5 2 3 3 3 2 3 1 1 1 1 1 0 0 0 0 0 0 0 0 0 0 0 0 0 0 1 1 1 4 14 24 4 3 21 20 58 21 27 13 10 5 8 8 6 5 1 2 1 2 2 1 0 0 0
0 0 0 1 0 2 0 0 1 1 5 14 8 3 17 21 39 18 49 15 17 20 21 27 38 35 68 57 28 23 18 19 41 46 31 22 33 35 23 16 15 10 16 10 4 3 3 3 2 1 0 1 0 0 0 0 0 0 0 0 0 0 0 0 0 0 1 2 1 1 2 4 14 21 9 15 51 42 31 19 8 14 11 6 3 5 6 3 4 5 2 1 0 0 0 0
0 0 2 0 1 3 0 0 1 3 4 3 8 5 15 23 37 15 21 18 24 24 25 26 73 75 69 45 63 66 55 36 53 50 41 35 39 47 29 23 25 16 9 7 5 4 6 7 2 1 1 1 1 1 1 0 0 0 0 0 0 0 0 0 0 1 1 3 3 2 1 2 7 22 33 19 63 41 37 37 26 12 14 14 9 7 9 5 3 4 4 1 1 1 0 0
0 0 1 0 1 0 0 1 3 7 9 12 11 8 19 28 43 36 12 30 23 24 34 42 57 75 78 62 36 45 47 41 27 27 35 26 24 30 24 42 42 17 16 14 16 11 8 7 4 2 2 2 1 1 1 0 0 0 0 0 0 0 0 0 1 1 4 3 2 2 2 4 7 7 7 55 63 40 30 27 16 17 27 18 15 17 12 13 7 4 1 1 1 1 0 0
0 1 0 1 1 0 1 2 10 25 46 17 5 15 21 13 15 19 11 16 17 30 38 63 62 33 58 58 47 64 64 50 25 16 18 17 29 36 41 35 21 18 40 27 27 16 7 3 2 2 1 1 1 1 0 0 0 0 0 0 0 0 0 0 1 2 4 4 4 6 6 6 19 28 25 38 60 47 23 26 23 29 23 11 14 13 12 6 8 2 1 1 1 1 0 0
0 1 0 1 0 1 5 17 34 22 55 50 11 12 23 18 16 3 7 10 9 12 15 44 17 24 41 65 66 70 85 48 62 42 23 13 23 61 44 40 43 6 8 3 3 7 3 4 2 2 1 1 1 1 0 0 0 0 0 0 0 0 0 0 1 4 4 4 3 14 33 7 27 52 63 51 38 37 29 18 22 18 18 26 16 11 6 4 4 3 2 2 1 1 0 0
0 0 0 2 0 1 2 4 8 12 7 5 15 19 23 25 39 14 14 12 13 10 25 31 9 7 9 40 43 33 45 76 53 66 58 51 42 39 32 32 35 30 18 18 14 6 6 8 4 3 2 1 1 0 0 0 0 0 0 0 0 0 1 1 2 3 4 4 4 4 17 42 20 45 64 64 49 30 39 28 38 36 18 11 13 11 5 4 4 7 4 2 1 0 0 0
1 0 1 1 0 1 3 6 13 12 12 23 19 15 22 22 37 15 7 24 26 19 25 46 17 3 16 10 24 31 14 22 58 49 58 53 29 9 8 8 18 17 13 15 21 19 8 3 5 3 2 2 1 1 0 1 0 0 0 0 0 0 1 2 5 7 4 3 14 12 9 10 46 63 51 66 47 46 63 56 15 12 11 13 10 7 10 5 6 2 2 1 0 0 0 0
1 0 2 0 1 1 2 3 5 8 13 22 10 17 17 16 24 3 6 9 8 39 33 50 37 14 16 24 31 23 24 10 8 16 17 14 12 11 10 6 4 6 4 6 14 11 5 8 6 4 4 2 2 1 1 1 0 0 0 0 0 1 1 3 7 7 6 9 10 28 20 22 17 21 42 48 64 57 35 34 27 34 26 27 17 11 14 9 3 1 1 1 0 0 0 0
0 1 1 0 0 0 1 2 4 5 11 16 13 13 14 27 22 5 7 6 14 43 46 42 19 3 18 37 25 38 39 15 41 46 45 36 31 24 20 8 6 5 22 26 23 10 10 7 7 6 4 2 2 2 1 1 1 0 0 0 0 1 2 6 5 13 7 12 15 12 55 38 33 27 16 58 41 62 48 43 42 51 43 30 18 21 10 6 2 1 1 1 0 0 0 0
1 1 0 0 0 0 1 1 3 4 5 12 35 39 37 51 39 12 5 5 34 40 44 33 20 40 10 36 35 44 29 45 44 28 30 30 23 21 8 13 29 36 15 15 9 12 8 6 8 6 6 4 2 2 1 1 0 0 0 0 0 0 1 5 19 15 8 17 15 13 15 34 55 17 12 25 66 78 72 57 50 43 39 39 26 13 12 5 7 2 1 1 0 0 0 1
0 0 0 0 1 0 0 1 1 7 15 16 34 46 45 19 8 5 3 19 32 33 40 51 47 21 25 31 25 24 31 69 33 31 35 34 32 17 24 25 44 32 29 24 21 19 15 10 12 8 6 4 3 2 2 1 0 0 0 0 0 0 1 4 15 13 23 29 21 39 42 52 57 28 31 45 64 59 59 49 44 36 30 30 18 12 9 9 8 6 1 1 0 1 0 2
0 0 0 0 0 0 1 2 2 14 22 25 25 81 40 16 20 13 8 24 24 26 28 18 15 13 46 16 31 24 49 35 46 54 39 37 33 34 38 33 22 37 34 38 30 29 18 20 13 5 4 3 2 2 2 1 1 0 0 0 0 0 1 4 11 11 12 25 47 36 60 56 62 32 58 56 62 61 40 38 37 34 21 14 12 10 9 7 4 4 3 1 0 1 2 2
0 0 0 0 0 1 1 1 4 12 18 21 10 24 17 4 14 16 22 19 21 35 33 17 13 29 19 28 42 62 65 53 50 50 37 39 48 46 48 39 42 55 49 29 23 30 28 21 10 7 5 4 2 2 1 2 1 0 0 0 0 1 2 4 7 12 11 16 39 65 63 62 56 81 66 47 35 37 44 41 35 32 29 21 11 13 6 9 4 3 3 2 1 1 2 2
0 0 0 1 0 1 0 1 9 6 10 9 5 2 2 3 15 14 11 20 20 17 19 34 31 16 18 45 63 30 24 24 46 41 48 53 52 49 46 45 46 54 35 33 42 30 31 26 9 8 5 4 3 1 1 1 1 1 0 0 0 0 3 7 13 11 12 13 18 22 41 50 57 67 18 43 39 37 30 30 25 22 18 27 18 16 10 7 4 3 3 1 1 3 2 4
0 0 0 1 0 0 0 1 6 13 19 14 11 15 14 7 2 5 6 25 32 19 57 55 24 26 30 46 29 29 29 35 38 35 48 54 55 52 41 67 53 38 34 42 15 25 35 27 21 14 3 3 2 3 2 1 1 1 0 0 0 0 1 5 9 13 39 26 32 34 37 26 41 61 48 54 53 36 33 31 32 24 27 23 17 5 5 3 4 6 3 1 2 6 6 7
0 0 0 1 0 0 1 4 11 23 22 6 7 16 17 12 7 2 7 31 27 56 41 20 25 43 32 28 29 30 38 34 25 36 42 63 43 41 58 52 42 59 61 24 35 33 27 26 15 6 4 5 4 3 3 2 2 1 1 0 0 0 2 4 7 20 41 67 36 47 42 29 33 68 76 41 44 49 48 29 25 26 29 21 10 3 8 6 4 2 1 0 3 7 8 9
0 0 1 1 1 3 6 13 21 26 4 3 5 3 2 5 8 4 11 22 24 27 12 18 36 15 12 24 29 33 51 39 29 36 49 55 50 64 68 63 43 35 34 41 32 32 19 18 12 9 7 9 7 3 2 2 2 1 1 0 0 1 1 4 12 17 40 60 58 60 48 50 56 72 45 42 37 36 41 44 26 54 31 13 13 13 9 5 2 1 0 1 5 8 9 11
0 1 0 1 3 0 1 5 9 5 1 3 7 8 9 11 21 11 28 13 12 9 6 18 18 23 27 35 47 38 35 26 29 35 60 44 76 71 68 38 27 24 29 40 43 31 26 23 20 14 12 8 5 2 2 1 1 1 1 1 0 1 2 7 17 22 23 30 58 74 68 34 41 70 44 49 66 62 56 59 50 30 23 21 19 16 5 4 2 1 1 4 6 9 7 13
1 0 1 1 0 0 1 4 6 5 1 7 8 12 15 16 8 13 34 23 26 21 4 22 25 40 42 37 31 19 29 31 33 38 75 41 27 17 17 33 34 48 58 57 51 39 27 24 13 18 8 6 6 3 3 1 1 1 1 1 1 2 4 7 21 25 25 17 37 65 70 48 57 68 46 30 50 71 68 62 57 23 26 25 17 14 5 3 4 2 4 6 4 13 15 17
0 0 0 0 0 1 1 2 10 14 2 6 11 3 6 5 7 35 21 14 17 21 19 17 41 31 32 37 24 28 39 40 28 75 30 24 49 54 51 48 60 64 54 57 55 47 35 26 14 14 10 9 7 6 4 3 2 1 1 1 1 3 10 29 30 31 25 33 46 56 72 46 46 60 74 54 55 53 66 64 46 43 25 24 19 11 5 1 2 4 6 3 7 10 27 19
0 0 0 0 1 0 1 6 6 7 12 10 3 3 5 8 13 19 18 29 18 22 18 20 35 35 31 32 36 30 42 44 50 38 13 38 44 50 59 83 59 56 63 60 55 49 31 22 15 9 10 9 9 4 5 2 3 3 2 2 2 7 8 22 29 29 30 42 52 49 79 73 53 71 68 56 60 59 54 48 49 32 21 16 15 7 3 1 2 7 4 7 11 15 32 19
0 0 0 0 1 0 0 1 1 6 5 2 2 5 7 5 20 10 8 35 56 29 8 14 50 33 43 37 23 28 59 83 51 12 23 53 42 71 74 67 63 71 66 44 45 39 34 28 15 15 12 11 10 7 6 5 4 3 2 2 3 4 8 12 30 54 42 64 70 61 57 59 58 65 75 75 56 49 38 36 35 26 19 18 13 5 2 1 5 8 9 20 25 21 26 20
0 0 0 1 1 0 1 3 4 4 4 7 6 4 3 20 11 16 21 35 21 10 20 35 9 40 33 23 48 52 69 45 18 26 59 32 56 47 58 78 79 58 45 71 58 33 35 32 25 18 15 13 11 9 8 6 5 3 3 3 4 11 7 9 13 38 64 71 70 72 81 82 57 70 57 49 34 38 49 49 29 28 16 19 12 2 1 5 5 10 18 27 25 16 27 29
0 0 0 1 0 1 3 1 0 2 5 6 3 1 1 33 9 4 6 7 11 15 32 15 8 27 16 23 63 57 47 14 19 32 57 71 52 58 71 74 71 59 62 29 40 30 39 45 27 23 21 16 14 11 10 9 4 2 5 9 6 13 13 15 20 35 47 79 63 64 46 70 54 39 39 49 58 43 36 33 27 14 21 13 3 2 3 6 11 11 15 22 37 29 33 30
0 0 1 1 0 0 2 0 2 2 3 2 2 3 6 29 10 8 8 7 28 16 20 4 25 35 20 44 74 43 30 16 25 30 72 73 69 60 62 64 60 64 48 36 39 65 46 37 32 39 25 20 18 13 12 9 4 3 9 12 22 30 21 27 23 37 59 63 77 61 54 45 52 60 52 66 50 47 37 34 19 19 8 4 2 4 9 13 12 24 25 18 20 30 28 23
0 0 1 0 0 0 1 1 2 1 2 6 1 6 20 10 9 6 18 24 17 19 10 19 53 22 26 58 50 35 39 28 50 63 75 63 60 62 52 39 40 58 66 56 62 47 50 46 49 33 27 35 9 15 12 6 3 8 16 17 38 43 31 48 36 27 39 75 77 39 76 54 51 61 61 58 51 49 43 27 18 16 5 6 4 9 12 17 16 20 29 21 22 32 37 31
0 1 1 0 1 1 2 2 1 1 2 3 3 16 3 5 7 13 20 22 14 10 15 18 38 28 31 63 28 25 35 33 61 61 55 57 48 56 47 52 59 60 60 74 55 51 49 63 42 36 47 28 21 18 9 7 4 9 26 30 36 55 45 59 59 41 44 55 84 41 44 78 75 58 55 54 61 46 47 39 20 12 4 3 5 12 18 25 31 34 34 34 25 31 48 39
0 0 0 0 0 3 5 0 0 1 2 1 10 4 5 7 11 4 2 15 9 13 30 26 33 44 38 17 27 33 44 53 60 62 28 20 55 47 53 46 49 59 64 72 69 53 70 42 59 57 33 28 27 21 11 9 5 10 31 44 41 61 45 49 68 44 64 44 73 48 52 72 50 65 62 55 48 46 63 30 21 5 3 6 12 15 23 31 23 18 24 48 21 25 41 58
0 0 0 0 0 1 1 3 1 2 2 1 6 4 3 5 4 4 2 3 6 12 24 27 20 39 29 19 32 28 36 18 42 26 16 39 28 32 39 60 64 66 69 71 60 41 59 65 58 45 43 31 28 26 20 12 11 13 36 61 65 65 60 49 65 65 34 42 85 50 68 64 58 58 51 42 50 23 19 19 6 3 6 13 16 22 31 36 19 23 36 21 14 18 28 59
0 0 0 1 2 2 2 1 1 2 1 2 3 7 5 12 9 1 3 2 2 17 20 12 26 40 21 44 45 47 63 54 42 22 14 18 36 34 36 34 40 63 50 55 63 34 27 27 41 41 46 39 31 28 16 8 17 25 39 54 81 74 55 55 61 64 63 30 70 19 28 40 48 55 55 55 52 46 31 24 8 5 8 16 18 38 48 38 28 29 35 38 31 18 27 47
0 0 2 3 3 2 2 1 1 1 2 5 11 6 8 11 16 6 12 4 18 29 15 29 38 24 23 7 8 20 47 17 18 11 18 25 17 24 25 27 60 55 42 55 35 39 40 49 48 59 43 43 36 21 17 10 20 31 47 59 71 56 58 64 72 45 46 54 67 36 37 31 29 20 35 46 37 36 18 13 5 9 17 18 24 46 43 19 32 45 28 42 22 25 31 52
1 1 1 1 1 1 1 1 1 3 3 9 18 16 11 27 12 5 13 15 32 15 14 27 25 16 5 12 11 28 29 11 10 26 36 30 36 30 33 49 40 48 65 41 43 43 58 52 61 47 43 41 38 22 8 21 24 59 54 62 65 71 61 73 75 56 41 68 55 36 46 59 54 56 56 48 35 13 9 4 7 19 19 23 30 56 58 20 22 44 32 49 28 28 34 68
0 1 2 3 3 4 2 3 2 2 6 8 12 12 2 3 1 2 8 29 23 14 20 9 27 32 7 9 13 31 14 10 14 35 48 27 28 34 40 23 57 52 39 52 46 58 59 68 66 54 60 43 27 25 15 28 34 53 71 59 65 74 58 48 73 73 44 53 62 63 64 47 46 45 34 37 27 14 5 13 13 23 26 44 38 56 62 33 33 36 20 54 32 32 35 51
2 7 8 16 19 10 5 5 5 5 7 3 6 4 14 4 3 7 17 18 24 18 15 8 11 16 6 10 17 31 12 13 57 43 21 19 26 32 36 44 70 57 62 41 52 71 71 56 54 70 57 36 29 29 17 42 60 53 60 75 67 74 79 57 83 83 52 57 56 60 45 44 58 44 41 22 24 18 10 25 28 28 35 49 40 46 54 47 51 35 33 58 33 36 31 46
12 15 20 7 16 37 15 6 2 7 1 1 3 5 5 3 3 20 29 13 8 18 9 10 20 26 8 6 12 22 25 52 25 11 22 22 14 10 41 39 55 34 69 58 63 74 45 55 68 61 45 39 33 31 30 49 63 63 65 77 65 71 78 72 70 79 58 27 45 70 48 53 53 53 41 39 37 30 20 29 32 45 41 50 39 36 50 50 45 42 38 58 35 28 38 46
2 12 18 3 1 9 13 14 1 0 1 4 5 5 10 5 7 15 11 12 5 6 18 7 30 43 14 8 22 26 40 49 25 25 27 6 7 11 24 45 37 50 62 65 65 59 60 58 60 57 45 42 35 38 39 46 59 76 67 66 83 63 74 78 68 50 23 18 13 35 47 59 54 48 39 35 26 11 20 30 33 47 46 55 41 54 64 65 52 48 38 48 52 19 41 50
3 2 1 4 2 0 0 0 1 2 3 1 1 4 9 5 10 16 3 7 2 7 5 8 22 19 5 6 12 18 11 17 28 20 17 16 12 6 56 20 32 21 59 49 71 55 57 44 62 59 41 40 37 37 42 65 62 77 77 76 76 73 69 75 34 26 46 59 42 46 45 45 47 32 28 21 10 19 34 33 36 52 56 37 53 54 64 66 52 51 37 47 54 24 27 59
2 2 6 2 2 2 0 2 1 1 3 1 1 4 1 2 9 4 7 8 4 17 18 18 27 18 5 6 8 9 8 26 28 20 28 19 29 9 51 29 7 26 61 53 65 56 58 69 60 54 49 42 40 61 61 59 66 67 77 62 73 79 58 55 49 42 48 65 51 36 60 57 66 59 42 12 20 21 35 49 56 43 57 42 56 69 66 62 51 53 39 45 58 50 24 41
0 3 2 4 5 1 1 4 2 3 2 0 1 3 1 4 6 13 4 9 28 11 15 23 42 23 5 8 6 21 20 17 21 44 20 27 31 19 72 48 15 36 23 60 55 47 64 45 57 53 42 45 41 59 74 64 62 62 74 82 65 71 65 47 48 33 39 37 40 31 55 59 63 69 30 19 23 36 34 55 56 56 56 57 41 67 67 69 57 59 28 49 43 43 35 26
2 2 1 0 1 2 2 4 1 1 2 1 2 2 4 5 4 11 3 5 12 25 19 29 22 5 1 1 2 16 22 10 16 24 31 42 20 22 47 56 30 39 24 63 49 41 48 37 55 50 57 42 42 52 60 85 56 64 59 59 70 51 53 43 30 29 45 38 42 36 57 57 34 48 20 18 39 39 38 42 57 57 57 55 54 70 67 76 62 53 37 56 52 28 36 22
2 1 2 1 1 3 1 1 0 1 1 0 1 1 7 7 3 6 4 2 2 3 3 5 3 3 4 1 6 7 19 23 30 21 29 32 19 16 16 71 43 47 42 55 21 52 41 54 57 40 52 40 42 38 64 66 74 62 57 41 61 36 27 42 34 29 44 35 51 43 48 47 35 21 26 40 41 43 42 39 46 58 69 57 54 72 73 74 70 48 35 62 49 44 40 20
1 2 1 1 1 2 1 0 0 3 1 1 1 1 4 4 3 4 9 4 4 4 8 8 7 23 10 4 2 3 10 21 27 27 28 24 23 18 12 44 74 63 42 28 23 34 34 54 40 22 51 40 42 35 50 75 63 72 50 27 34 11 12 12 17 20 35 50 51 53 56 37 21 22 46 45 48 63 58 45 42 55 55 65 71 80 61 78 59 46 39 71 49 58 32 20
0 0 1 1 5 1 0 0 1 0 2 1 1 1 5 2 2 4 2 1 2 4 4 19 27 5 5 3 3 2 2 6 8 27 18 8 25 17 17 27 81 63 34 21 24 38 52 26 39 20 32 47 38 57 61 55 48 52 64 29 34 20 22 12 30 45 43 44 45 35 40 36 17 27 40 41 62 53 51 38 38 27 56 68 66 58 71 75 68 49 34 70 49 54 49 19
0 0 1 0 3 2 1 0 1 0 3 1 0 2 5 4 5 1 2 1 10 8 8 9 6 8 13 7 3 2 10 11 5 11 10 8 36 4 3 26 50 55 39 25 21 66 49 25 20 34 47 48 34 55 73 56 68 36 54 48 31 25 28 16 25 24 27 32 47 46 24 21 25 40 37 42 38 44 33 14 33 40 55 57 66 64 80 74 34 55 31 63 65 33 23 28
0 0 1 0 2 2 1 0 1 1 1 1 3 3 3 4 1 1 5 2 2 3 3 6 11 23 7 3 5 3 16 12 14 19 14 14 18 7 12 16 39 48 46 36 32 77 40 37 24 31 45 38 42 71 74 59 68 41 39 39 25 9 11 44 36 35 38 32 50 23 24 26 42 39 38 37 50 53 42 32 38 56 51 69 65 69 66 80 40 51 40 37 65 24 19 25
0 0 0 0 1 0 1 3 0 2 4 4 2 1 3 4 2 1 2 3 2 3 9 15 20 8 5 9 2 3 9 19 19 34 25 21 25 16 17 26 39 54 37 48 20 46 35 53 36 18 19 46 55 58 69 57 59 42 32 32 21 7 16 25 36 46 43 34 38 37 42 38 38 41 53 24 31 56 43 30 47 50 47 64 56 65 46 60 56 45 71 40 48 24 28 27
0 0 0 1 0 2 1 1 1 4 7 3 1 1 1 2 0 1 1 3 2 3 24 13 10 12 15 20 12 15 5 20 20 35 16 30 24 33 31 28 26 35 37 55 16 47 50 52 39 32 35 51 46 42 60 40 41 42 24 17 8 16 16 18 20 33 27 51 56 43 40 37 37 53 37 21 26 57 56 33 43 48 44 44 67 67 28 38 58 68 60 44 33 19 34 41
0 0 1 0 0 1 0 1 2 1 2 3 1 0 3 1 1 0 2 1 4 10 5 20 17 7 4 17 13 28 16 17 22 16 15 48 13 12 27 13 20 52 63 33 17 17 67 43 53 27 36 50 49 30 36 52 43 34 17 13 9 10 24 19 24 32 44 49 59 41 35 31 49 47 55 40 23 41 59 50 47 33 39 22 36 65 49 13 51 44 58 36 39 29 26 22
0 0 0 0 0 0 1 1 1 1 2 1 1 0 3 1 1 1 1 2 4 6 5 6 7 7 9 21 30 20 16 24 21 16 22 39 10 6 38 14 18 38 30 26 25 38 58 42 31 21 29 41 35 26 42 23 27 19 10 9 10 20 13 16 15 34 44 50 69 41 33 33 42 45 47 35 29 39 44 59 47 41 37 18 15 31 50 39 14 46 36 39 33 21 13 18
0 0 0 0 0 0 0 0 0 0 1 1 1 0 3 0 1 0 1 2 2 3 3 8 6 7 6 16 19 17 11 20 8 24 14 18 7 11 27 16 14 43 22 35 19 33 43 24 18 18 14 18 38 41 18 27 12 12 6 2 9 6 8 8 23 23 46 53 38 35 31 30 43 42 24 26 40 41 27 58 45 49 30 15 12 24 23 19 29 33 20 18 11 15 10 50
0 0 0 0 0 0 0 0 0 0 1 0 0 1 4 1 0 1 2 1 2 1 2 4 5 7 5 10 3 5 3 8 8 19 14 13 12 18 14 8 9 38 26 36 25 62 19 13 13 25 14 32 37 37 44 20 13 7 7 6 12 4 5 19 20 44 54 41 33 32 32 26 40 57 34 27 18 30 22 36 45 45 49 11 11 7 19 8 10 27 18 13 9 12 7 41
