sesion_6_simulaciones/modelos_agentes/ejemplos_netlogo/scenarios/echam4_b2/rob_2068.asc
NCOLS 322 
NROWS 307 
XLLCORNER 451900 
YLLCORNER 4086900 
CELLSIZE 100 
NODATA_value -9999 
[rows 222 to 295 of 307, columns 192 to 287 of 322]
4 4 3 1 6 4 2 1 0 0 0 0 0 0 0 0 0 0 0 0 1 2 9 8 4 6 3 4 9 11 5 7 19 20 21 16 24 42 39 42 42 35 37 57 36 44 45 27 30 39 35 28 10 9 13 14 10 24 43 53 40 32 44 28 64 81 73 67 79 83 53 33 12 3 2 0 0 0 0 0 0 0 0 0 0 0 0 0 1 1 2 3 4 5 6 4
16 16 10 7 3 2 2 1 1 0 0 0 0 0 0 0 0 0 0 1 1 5 10 19 8 11 12 9 17 19 10 13 24 26 28 18 30 23 31 33 37 32 38 57 46 30 43 26 31 27 28 15 13 10 6 7 8 22 21 28 21 34 43 32 43 68 63 56 72 75 54 25 11 4 1 0 0 0 0 0 0 0 0 0 0 1 1 0 0 1 2 2 5 5 7 8
19 13 13 8 5 3 2 1 1 0 0 0 0 0 0 0 0 1 0 1 2 6 13 28 22 16 16 22 22 33 33 22 24 26 30 19 30 15 30 30 22 30 36 54 62 29 38 38 16 14 17 16 23 6 2 11 8 26 14 31 35 40 45 46 24 30 9 6 14 58 66 26 7 1 1 1 1 0 0 0 0 0 0 0 0 1 1 1 1 1 2 4 4 6 7 18
11 8 7 4 3 2 1 1 1 0 0 0 0 0 0 0 1 1 1 1 3 4 9 20 30 33 23 28 24 38 67 48 32 31 17 21 25 21 41 24 19 21 32 37 56 47 19 24 9 9 7 6 9 10 2 8 8 10 20 39 49 45 58 49 27 32 18 24 8 9 34 15 4 3 1 2 2 1 0 0 0 0 0 0 0 0 0 1 1 1 2 5 6 5 9 11
10 7 6 2 1 1 1 1 0 0 0 0 0 0 0 1 1 2 3 4 3 6 12 17 32 58 40 34 38 26 45 61 31 42 31 35 40 38 25 27 15 21 20 21 24 31 23 39 29 8 24 19 9 6 3 6 24 24 30 41 58 51 49 34 29 29 34 46 21 14 12 3 4 3 4 3 1 1 1 0 1 1 0 0 0 0 1 0 1 1 1 2 5 7 6 12
7 11 7 5 3 2 1 1 0 0 0 0 0 0 1 1 1 1 4 8 9 14 16 19 31 56 71 46 59 35 44 60 43 30 47 50 40 34 33 30 8 14 12 21 29 35 41 51 61 19 16 14 11 4 6 8 15 17 31 46 52 42 37 28 53 45 52 45 26 17 6 5 5 7 5 5 3 2 1 0 0 1 1 0 1 0 0 0 1 1 1 2 3 3 8 13
12 6 4 2 2 1 0 0 0 0 0 0 0 0 1 1 1 2 7 10 20 33 45 34 37 49 78 42 60 39 42 57 24 26 48 47 50 45 34 32 20 20 17 14 31 35 34 49 44 34 25 17 11 5 15 29 28 29 46 67 51 31 31 47 76 67 44 30 24 13 12 9 12 10 13 6 4 3 0 0 0 2 1 1 1 1 0 1 1 1 2 3 3 4 5 13
12 7 3 2 1 1 0 0 0 0 0 0 0 0 0 1 1 2 3 6 10 25 45 66 57 51 68 66 74 44 63 37 24 23 34 51 51 45 28 28 29 31 19 18 22 37 35 37 30 21 30 21 11 9 17 22 35 24 36 19 27 50 54 78 72 53 40 27 32 31 27 22 18 21 8 5 4 2 1 0 0 2 3 2 1 1 2 2 1 1 2 3 7 7 10 15
4 3 3 1 0 0 0 0 0 0 0 0 0 0 1 1 3 1 3 5 15 24 44 46 65 63 71 74 69 40 55 27 24 49 36 45 50 36 32 40 33 41 19 20 36 39 47 38 44 19 17 13 11 3 8 6 64 33 20 32 44 45 53 47 34 29 32 32 25 30 42 40 26 9 3 2 1 1 0 0 0 0 3 1 1 2 4 6 2 1 1 4 5 5 9 14
1 1 2 1 1 1 0 0 0 0 0 0 0 1 1 3 2 3 5 12 14 25 45 57 53 58 63 60 65 61 70 38 27 39 49 37 48 40 34 34 37 25 30 18 19 24 39 45 38 23 12 10 7 6 16 16 7 73 77 50 30 16 34 32 43 38 27 20 13 37 68 45 18 8 3 1 1 0 0 0 0 1 2 1 3 2 3 4 7 2 2 4 5 8 7 13
2 0 0 1 1 1 0 0 0 0 0 0 0 1 2 3 2 4 10 11 13 37 55 65 51 55 64 56 77 80 56 42 40 53 35 49 46 44 40 38 36 32 40 15 30 25 38 32 21 8 16 11 12 14 23 35 29 27 35 43 24 43 27 29 28 33 33 12 23 40 42 21 16 10 3 1 0 0 0 1 0 1 1 5 4 1 1 2 10 2 2 5 6 8 6 8
1 1 1 0 1 1 0 0 0 0 0 0 0 0 1 2 4 8 12 29 19 22 60 56 70 56 60 65 25 76 51 52 39 55 43 34 40 49 40 39 38 32 54 17 16 49 35 32 25 16 27 13 12 23 36 17 39 41 23 11 21 13 22 27 28 30 19 50 42 17 31 14 9 6 3 1 0 1 0 0 1 1 1 2 2 3 2 4 6 7 6 3 4 14 9 9
2 1 1 1 0 0 0 0 0 0 0 0 0 0 1 1 3 5 13 28 43 50 73 59 69 69 71 63 66 56 79 46 34 47 39 18 25 44 47 52 40 18 34 42 10 20 30 48 23 24 29 17 10 18 19 19 10 13 17 32 28 30 29 44 20 23 36 20 14 22 20 12 7 2 0 0 1 0 1 1 1 1 2 2 6 8 2 3 6 7 23 10 3 6 19 15
1 1 1 0 0 0 0 0 0 0 0 0 0 0 1 1 2 5 11 21 43 37 56 18 37 58 57 27 25 46 70 41 41 72 35 39 43 51 29 11 22 11 32 42 11 28 46 26 8 20 24 23 11 20 14 9 29 36 37 28 15 23 51 62 43 35 55 52 45 28 18 11 3 1 0 0 2 1 3 1 1 2 2 2 6 6 12 3 8 5 2 13 6 5 7 12
1 1 1 0 0 0 0 0 0 0 0 0 0 0 0 0 2 3 9 17 25 19 20 46 41 42 29 35 41 46 59 52 58 62 49 46 45 40 41 19 31 24 31 40 10 20 36 28 13 10 12 16 12 13 6 17 31 15 20 27 28 53 61 63 64 61 43 30 39 25 38 16 5 2 0 0 0 2 2 1 2 2 3 2 3 6 5 15 12 11 6 17 9 2 6 6
1 1 0 0 0 0 0 0 0 0 0 0 0 0 0 0 1 3 4 5 10 39 44 35 45 55 49 34 39 48 48 44 52 58 36 46 40 40 46 17 42 36 25 42 10 13 30 24 28 25 9 8 23 17 12 18 20 18 43 31 61 44 45 72 81 52 44 21 45 17 11 9 2 1 1 1 1 3 3 3 5 3 3 3 3 2 6 16 30 36 8 7 12 6 9 17
1 0 0 0 0 0 0 0 0 0 0 1 0 0 0 0 0 1 2 5 12 19 31 25 22 36 50 34 45 31 41 45 48 60 49 56 40 48 33 32 19 30 15 31 9 8 17 15 17 24 25 9 8 4 12 7 7 26 29 27 40 31 57 64 67 74 43 17 9 10 6 1 1 2 3 3 1 2 6 6 9 5 4 4 5 5 3 2 3 9 26 23 16 11 11 19
1 0 0 0 0 0 0 0 0 0 0 1 1 1 1 1 2 2 1 6 11 21 19 30 38 49 38 29 36 33 20 22 39 39 30 47 27 43 32 29 29 27 58 36 13 15 26 35 15 7 10 8 3 11 4 9 18 51 40 70 70 53 37 46 44 30 33 31 14 7 2 0 1 4 2 7 2 2 6 11 7 13 7 6 5 5 8 6 5 7 16 14 13 42 14 25
0 0 0 0 0 0 0 0 0 0 1 1 1 1 1 1 2 3 3 3 7 5 11 14 19 32 25 21 23 25 35 34 21 18 12 59 40 59 23 31 24 18 55 36 26 15 39 28 21 15 7 26 9 26 18 31 34 15 29 37 44 40 24 35 47 35 42 16 18 7 4 0 2 3 3 8 9 3 4 8 11 16 9 14 8 4 5 10 3 1 3 4 5 18 24 17
0 0 0 0 0 0 0 0 0 1 1 1 1 2 3 2 3 6 4 10 18 22 34 40 44 39 40 53 58 44 46 54 47 37 43 37 63 44 25 23 19 15 12 40 21 8 17 19 23 12 25 28 34 51 80 71 71 60 64 41 42 43 48 59 46 35 27 17 12 5 1 0 2 4 8 8 9 8 8 15 11 21 13 20 11 5 5 10 16 4 7 9 5 4 5 9
1 0 0 0 0 0 0 1 0 0 1 1 1 2 4 3 1 2 10 20 33 30 41 54 65 70 67 59 78 64 51 42 36 22 14 15 29 35 30 21 22 10 10 21 11 8 6 17 10 14 5 3 5 7 23 38 80 81 66 60 44 42 23 54 40 28 23 16 4 2 1 1 3 5 4 6 9 15 11 18 12 7 24 26 15 7 7 16 14 7 9 14 12 22 28 38
0 0 0 0 0 0 1 1 1 1 0 1 2 3 3 6 1 1 3 8 22 42 22 47 47 63 70 56 11 27 44 32 20 18 28 32 34 19 39 17 15 13 3 12 11 11 5 6 3 12 7 7 7 6 8 9 25 58 73 77 82 44 39 28 23 22 20 18 11 2 1 3 7 7 7 9 25 19 20 21 21 9 10 35 21 8 8 11 11 9 16 8 18 23 33 42
0 0 0 1 1 1 1 1 1 1 1 1 1 3 2 5 3 1 3 6 12 20 16 38 30 28 27 17 14 15 26 23 20 28 23 16 26 36 38 5 13 13 7 11 9 3 2 11 11 10 15 12 19 21 25 29 36 51 46 36 50 79 60 47 39 35 33 17 9 2 2 7 10 15 15 11 22 29 21 16 15 15 6 22 35 17 17 7 20 12 20 20 14 26 28 20
0 0 1 1 1 1 1 2 2 2 1 1 1 2 4 2 8 1 2 2 5 4 13 15 21 34 31 36 41 27 36 22 20 36 30 24 19 15 6 8 12 17 43 14 8 7 3 5 10 12 16 39 16 27 50 30 26 23 28 21 22 39 58 56 46 28 27 16 5 1 4 8 10 15 19 19 14 37 27 37 20 30 21 20 53 26 34 13 22 21 22 35 24 24 21 32
0 1 1 1 2 2 2 2 2 2 1 1 2 4 7 5 5 2 2 5 3 4 11 14 22 32 36 33 34 51 41 50 41 62 18 13 16 20 16 17 34 27 11 8 28 9 5 6 6 28 37 13 24 30 25 25 41 38 49 31 29 24 25 29 30 23 15 13 5 3 4 11 12 20 18 15 16 25 35 42 31 22 33 20 57 20 22 26 16 39 24 24 27 18 21 21
1 1 2 1 2 1 2 3 5 5 2 1 2 2 10 26 2 2 2 9 10 12 10 12 18 19 32 22 27 37 38 31 26 26 29 26 24 29 27 16 9 6 4 3 7 9 13 7 27 48 13 6 10 29 37 33 26 40 27 26 32 25 25 17 16 13 12 6 4 5 10 13 13 15 15 17 22 27 40 31 32 28 31 45 57 23 25 30 19 40 26 13 33 14 8 18
1 1 2 3 3 2 2 3 7 7 2 1 2 4 8 10 3 4 3 7 14 14 14 8 9 9 21 26 28 37 26 23 29 26 25 24 23 19 16 11 10 6 4 3 4 2 2 19 7 17 8 7 10 11 23 72 47 51 41 36 28 26 22 16 12 12 8 4 4 4 10 12 9 17 15 26 33 22 26 48 39 45 45 44 57 40 44 19 43 38 13 21 29 13 16 22
2 2 2 7 4 2 2 4 6 13 3 2 4 5 9 16 9 5 5 13 19 29 15 19 21 7 13 19 22 19 26 18 24 26 25 14 12 6 8 11 20 16 19 13 6 14 11 7 2 5 10 24 29 27 34 22 34 38 50 50 38 25 20 18 15 12 9 4 2 9 12 14 19 17 29 26 24 36 24 20 34 36 36 49 25 82 48 19 32 34 9 21 18 35 20 26
3 6 3 10 5 3 3 6 8 12 2 2 4 6 11 13 17 2 9 17 20 34 22 25 26 32 20 15 12 14 15 26 40 29 11 23 11 19 11 13 15 16 10 6 5 9 5 4 7 14 21 20 29 31 42 15 12 13 15 30 26 29 24 23 20 19 14 6 2 10 11 12 19 23 30 13 23 17 34 18 25 22 37 24 47 73 32 21 47 20 11 21 21 29 34 33
3 4 7 9 7 7 4 5 10 24 3 6 7 12 12 22 4 3 12 17 29 38 44 27 47 31 32 31 19 20 13 47 51 32 34 20 18 24 14 10 18 8 9 5 5 7 7 6 4 13 19 18 33 35 36 13 26 32 36 42 38 35 35 38 30 28 18 6 2 12 14 12 29 19 25 38 38 27 15 30 21 30 32 42 34 57 50 40 44 22 19 29 17 18 8 40
2 2 9 10 9 9 5 6 12 16 4 8 11 25 31 12 3 3 13 17 21 44 41 48 33 34 50 38 32 32 30 40 53 46 33 36 35 19 37 18 9 16 4 2 3 5 4 5 6 8 14 19 29 27 33 35 38 45 47 51 53 56 42 31 21 13 14 4 5 15 22 17 30 36 26 29 41 28 31 11 41 14 18 39 43 57 65 73 40 23 33 27 32 35 23 47
4 5 11 15 22 13 6 9 18 19 5 6 15 31 21 5 2 7 12 17 33 38 41 43 48 35 49 42 53 52 48 38 17 25 33 31 32 15 27 22 18 12 7 5 9 7 3 11 7 4 4 14 29 47 33 35 54 54 52 36 56 38 20 25 26 18 7 5 5 13 31 18 28 35 41 31 40 27 34 29 19 42 22 9 12 36 56 70 36 45 36 32 28 48 20 21
4 6 7 12 30 18 8 10 16 23 5 5 16 33 13 5 3 8 19 19 20 25 31 39 56 35 40 38 33 50 54 40 35 27 27 16 21 19 22 16 14 8 7 9 14 12 6 10 3 2 4 21 33 22 48 53 28 36 26 28 25 22 35 36 20 17 15 4 6 7 34 24 24 24 31 42 32 32 17 32 15 45 28 23 13 11 29 46 55 69 42 38 30 38 15 19
6 12 9 9 14 30 10 14 28 9 6 6 12 40 20 7 3 12 18 20 32 44 43 55 54 49 27 31 49 44 24 48 73 54 24 20 14 19 26 16 9 13 13 6 8 4 6 3 8 8 11 18 24 39 52 36 51 37 36 41 34 30 28 22 22 21 10 6 5 12 14 39 25 23 28 31 50 46 31 51 20 18 30 29 21 18 18 34 53 58 41 42 35 36 23 31
7 9 20 18 8 21 7 18 50 9 8 18 25 33 11 10 1 6 23 26 43 34 38 57 56 53 46 18 15 18 24 22 27 12 12 18 31 18 15 22 18 11 8 5 4 2 3 5 10 18 18 19 26 40 59 56 55 44 36 45 38 43 42 25 25 22 10 8 8 24 24 25 45 22 25 28 53 45 32 23 40 20 16 37 36 21 23 25 42 54 60 38 33 24 40 18
8 12 24 31 15 35 10 18 53 22 11 26 33 21 9 3 2 4 11 27 46 47 39 39 48 58 39 18 21 18 22 23 24 20 13 8 15 19 29 21 15 9 4 6 6 3 3 3 1 2 14 17 15 30 32 25 31 50 50 45 47 27 29 26 20 21 18 4 11 24 29 24 30 12 33 34 34 51 60 46 49 27 19 18 36 26 17 29 45 79 72 38 24 20 38 17
9 11 13 37 16 31 18 15 24 32 15 37 32 7 3 4 7 10 17 34 33 37 48 27 36 47 60 23 19 18 28 27 23 24 18 21 16 18 12 3 5 10 5 6 8 4 3 1 4 7 12 26 43 42 30 55 54 72 53 36 44 44 43 39 37 20 17 9 14 28 25 38 49 25 22 49 38 52 44 37 56 23 30 30 52 28 13 19 16 37 59 33 30 16 49 33
8 9 8 21 46 22 37 15 42 21 42 21 8 3 9 8 14 11 39 48 25 36 38 42 16 33 45 57 29 28 16 27 19 12 9 11 14 8 7 6 5 3 2 1 3 2 3 2 6 6 6 18 19 36 48 50 33 56 42 26 32 38 38 36 20 17 13 23 23 28 31 40 11 32 43 48 45 32 53 27 64 28 30 23 28 51 33 34 41 33 47 25 48 19 28 51
20 14 9 13 21 39 43 22 58 33 32 7 4 9 11 18 18 12 15 14 29 30 36 59 52 29 36 14 33 48 15 26 13 11 16 16 22 11 10 6 5 4 10 5 2 1 1 1 4 9 11 21 23 23 36 33 33 32 23 9 24 33 32 27 17 13 13 23 26 28 31 48 17 16 9 15 40 57 69 26 55 44 31 31 20 18 58 27 41 40 40 45 21 18 34 48
16 23 15 12 12 25 56 27 29 12 7 2 7 11 24 31 32 11 16 19 30 34 30 12 17 17 18 29 12 17 38 54 31 20 9 20 7 8 11 2 4 5 2 2 2 5 2 2 4 7 12 10 12 21 24 30 21 41 31 33 44 33 33 21 28 27 17 27 27 31 29 46 16 29 17 23 22 16 38 40 25 54 32 35 20 41 45 15 36 54 53 44 21 20 19 26
17 26 19 24 35 42 44 27 29 7 10 7 11 24 25 32 36 24 26 27 32 33 26 19 16 21 18 11 13 23 14 19 22 36 30 40 8 5 5 6 6 3 4 5 2 1 3 3 5 10 21 11 13 19 36 17 36 57 64 54 48 34 37 35 29 27 28 41 29 30 31 37 22 33 31 24 36 32 37 53 19 53 31 50 19 17 37 12 17 25 51 34 13 22 22 49
19 31 25 31 39 50 44 11 7 3 13 12 23 27 28 39 25 48 41 27 32 31 28 31 33 22 22 15 16 35 18 5 5 6 8 24 30 14 16 26 14 11 5 4 4 2 1 4 12 10 16 6 9 20 25 29 44 70 38 41 50 32 36 30 29 29 32 47 30 31 32 34 32 32 43 24 36 34 32 32 51 75 38 49 33 12 40 22 8 15 30 41 21 27 19 7
21 37 40 35 65 51 12 8 11 13 23 23 18 34 29 45 17 31 61 20 35 28 15 22 31 38 13 19 23 24 41 13 9 5 5 4 5 4 7 22 26 9 6 8 6 3 2 3 6 7 6 7 14 20 37 38 39 42 40 27 49 40 29 11 33 18 20 55 34 32 44 33 47 31 42 34 33 38 31 25 23 15 60 58 42 16 17 21 11 9 19 45 24 28 33 19
23 32 58 50 63 14 13 12 14 24 28 28 37 49 19 35 19 29 34 55 21 39 15 13 16 32 26 28 24 15 8 25 6 11 7 5 5 5 5 7 9 4 3 5 2 1 1 4 3 7 6 7 5 16 31 46 22 48 64 55 28 23 17 9 44 30 30 44 41 29 45 32 63 42 39 45 28 29 42 27 21 12 39 42 42 20 8 45 15 12 24 36 50 37 23 24
16 35 62 76 46 8 14 24 26 28 44 52 27 33 24 20 44 19 28 30 27 26 24 16 19 25 21 35 23 23 28 17 25 8 11 8 5 4 3 7 6 3 2 2 2 1 3 8 3 5 7 5 10 22 39 37 67 45 35 51 34 17 7 18 24 52 30 34 43 28 33 33 52 44 28 41 42 27 28 42 29 9 20 49 53 24 7 22 21 13 25 17 57 40 15 48
16 39 67 49 9 9 27 27 19 48 35 61 20 39 26 17 22 60 19 29 47 23 41 15 15 31 33 26 23 34 17 20 30 10 11 9 6 8 2 8 5 2 5 5 5 3 7 6 6 10 13 14 18 18 22 34 49 37 40 37 33 18 9 26 21 37 29 31 42 30 29 30 31 52 29 27 47 29 28 27 38 14 18 24 43 22 11 16 32 18 11 12 12 38 24 25
19 53 51 29 12 19 31 33 20 40 18 58 26 35 49 17 39 60 15 37 55 17 47 17 13 30 37 36 13 8 30 8 9 20 33 18 3 6 3 5 3 2 2 2 3 3 3 5 10 11 11 7 9 12 13 20 31 40 26 47 37 21 17 26 32 42 19 24 34 43 25 24 14 38 30 25 33 36 27 22 10 9 34 17 40 25 14 8 14 36 7 18 36 34 25 7
22 44 46 34 15 18 37 52 18 26 21 46 22 29 59 21 35 55 24 19 29 35 30 18 13 16 16 24 25 30 10 16 6 5 2 19 19 4 3 3 2 3 5 4 3 4 4 6 6 11 10 15 13 14 16 19 14 26 27 16 21 28 25 25 26 33 38 28 33 45 14 28 15 23 37 25 29 13 11 26 15 13 11 16 43 53 15 7 14 33 5 8 29 36 37 15
36 37 54 24 16 27 29 37 19 28 23 27 38 18 51 18 19 43 24 13 15 15 62 33 11 11 12 12 17 20 30 15 5 10 2 2 17 5 2 4 2 5 9 6 2 3 1 2 7 11 16 12 11 7 8 20 29 48 32 15 8 24 25 23 25 27 47 20 35 44 14 21 25 24 43 4 19 29 13 10 27 11 10 11 17 36 16 7 8 36 9 7 7 33 60 41
71 40 17 16 24 26 28 32 19 49 27 16 39 16 48 19 15 27 25 12 13 23 44 26 9 14 10 22 22 24 18 16 14 11 2 4 4 10 2 2 5 7 4 4 5 4 3 1 5 11 16 21 14 11 18 24 33 48 44 19 7 30 26 16 25 25 32 24 18 42 22 12 14 34 41 14 11 12 29 8 15 33 13 10 44 36 6 14 2 33 21 9 5 4 12 16
20 8 16 14 21 24 39 30 31 34 22 14 57 16 17 45 15 38 33 9 11 19 19 50 16 16 8 19 25 25 15 8 13 20 5 4 3 12 3 2 3 3 2 2 2 3 4 3 6 17 12 14 15 13 13 18 13 35 38 8 14 19 31 14 23 24 19 38 14 35 27 17 19 14 29 12 13 16 14 18 7 4 30 11 19 41 11 23 6 14 48 9 18 12 7 5
36 18 37 25 22 24 47 24 46 38 11 19 39 22 20 44 12 14 52 8 19 16 11 40 10 16 19 13 14 16 20 22 3 8 6 4 2 3 18 3 1 3 3 5 4 2 2 5 15 13 27 22 6 12 18 2 13 22 15 8 13 36 34 13 11 26 18 29 13 17 59 12 23 25 16 13 18 13 23 14 21 10 8 24 6 30 32 26 9 14 60 14 10 7 17 7
71 30 15 28 27 29 29 22 47 28 17 20 16 21 16 28 11 10 41 14 19 13 6 15 23 19 14 8 10 10 12 12 14 4 4 13 3 3 4 7 2 5 4 5 4 4 3 1 12 4 2 3 3 11 13 32 22 15 13 13 10 27 20 13 13 22 34 10 32 8 38 12 19 25 6 10 20 7 12 19 19 18 9 3 6 5 23 47 17 10 28 13 13 7 15 10
80 28 18 23 20 27 12 21 26 11 16 17 20 24 13 29 14 11 30 9 8 22 8 3 3 5 5 4 13 29 10 12 13 2 4 1 7 3 3 18 2 3 2 3 4 2 6 3 29 6 6 4 6 6 22 33 19 6 6 24 9 7 21 14 22 12 39 11 38 8 15 24 12 27 7 16 10 11 8 7 15 19 8 6 6 6 2 6 19 31 21 18 12 6 19 11
62 21 12 25 14 14 14 17 27 9 16 12 13 30 12 36 13 21 18 8 6 13 11 5 5 6 7 7 9 12 18 10 5 4 2 1 1 4 2 10 1 1 2 3 3 2 8 10 2 4 8 7 2 15 27 27 17 10 4 23 14 11 6 27 19 22 30 13 32 15 10 13 26 33 9 8 14 5 9 3 3 14 6 9 5 4 5 3 2 8 28 12 6 8 19 11
64 19 35 15 16 14 13 13 18 8 14 16 8 34 26 8 12 14 21 9 13 6 15 7 13 13 8 12 7 6 8 7 9 4 1 2 1 2 3 4 3 1 2 1 2 2 2 12 2 2 4 5 8 25 29 24 16 13 4 8 23 9 16 10 20 37 16 25 6 20 37 7 24 43 13 3 9 4 5 3 10 7 10 6 3 2 3 5 5 3 11 19 15 3 14 5
61 28 15 13 13 16 22 11 20 7 12 10 12 14 33 5 5 5 10 2 12 7 12 12 12 12 10 12 13 3 4 6 13 7 2 1 7 1 1 5 10 1 2 1 2 5 5 9 1 2 2 5 16 17 23 15 4 11 11 5 20 8 14 15 6 12 13 17 7 9 32 8 13 23 1 4 4 9 9 4 1 7 2 3 6 0 1 2 4 4 4 2 15 4 8 2
13 37 8 14 12 12 16 9 34 8 9 15 10 3 18 10 9 5 19 6 7 10 10 15 11 6 11 12 14 2 4 4 7 5 6 2 2 4 1 1 5 0 1 1 1 10 16 4 2 2 4 10 15 17 25 10 5 14 10 10 17 10 5 4 15 11 6 18 7 8 23 16 25 11 2 5 2 1 3 9 3 3 4 4 7 2 3 2 3 2 2 6 7 10 7 1
13 41 13 9 5 11 14 13 8 15 8 10 10 5 7 8 8 5 36 6 4 5 8 24 5 5 8 14 11 4 4 4 8 5 8 4 2 2 3 1 5 1 1 1 1 3 2 5 1 6 4 13 17 24 13 5 8 14 8 13 20 15 26 7 7 10 5 20 4 7 5 12 19 4 2 1 2 3 5 4 4 1 1 6 5 8 5 4 2 2 1 1 2 14 6 2
12 42 32 2 6 7 19 12 7 15 7 5 3 5 3 10 2 9 7 3 5 4 8 5 12 6 6 7 5 5 3 6 7 6 4 3 3 2 4 1 5 1 1 1 1 1 5 14 4 3 10 23 28 25 4 6 11 17 10 15 8 22 10 19 11 6 4 6 4 7 9 17 8 8 5 6 1 5 8 3 5 1 1 3 3 16 11 3 2 1 2 1 1 3 6 5
5 9 31 3 7 4 13 10 5 12 10 3 1 5 3 12 3 8 5 8 4 3 9 12 7 3 3 4 5 9 1 2 4 9 5 2 3 6 2 3 6 2 1 2 1 1 1 9 11 12 20 31 24 7 4 15 18 15 11 17 16 10 5 7 17 2 4 6 7 3 6 8 6 12 4 5 3 8 5 1 8 14 3 4 1 1 4 4 2 2 0 1 3 6 2 5
6 11 24 5 6 2 3 6 5 4 7 2 1 2 6 23 4 3 6 2 5 7 7 9 5 2 3 2 6 4 3 4 7 4 1 1 3 4 5 1 3 2 1 3 2 2 4 26 16 38 50 36 3 4 6 7 13 13 8 9 17 5 12 8 6 15 28 4 3 2 2 14 3 7 9 6 5 10 9 5 7 27 5 6 2 1 2 5 12 6 3 2 4 3 3 9
5 6 21 6 9 3 2 5 2 5 8 5 2 2 3 8 5 2 6 2 5 5 4 2 4 1 8 1 3 7 3 3 7 8 2 1 4 2 1 4 0 1 0 2 10 30 47 18 21 26 14 3 4 6 8 8 10 9 5 5 6 4 7 8 1 13 6 0 0 4 3 4 12 4 13 8 7 7 10 4 8 10 4 7 3 3 3 2 3 4 4 7 2 6 10 17
6 3 2 14 3 2 1 1 1 3 12 2 2 1 2 5 2 2 7 2 2 3 3 2 1 2 2 1 0 5 3 3 3 4 2 4 2 2 0 1 1 1 1 23 15 20 53 58 26 7 3 4 4 8 7 5 8 8 6 1 0 1 6 15 13 23 2 1 1 7 11 5 5 2 15 4 11 4 12 3 7 7 6 9 5 5 1 1 2 1 1 2 5 2 7 9
5 4 3 15 1 2 2 1 5 0 6 2 2 2 3 5 2 3 6 3 1 2 2 5 1 2 1 4 1 1 2 3 5 4 1 1 7 3 1 1 3 25 39 37 51 20 33 62 39 1 3 5 6 5 1 4 5 4 4 0 0 5 17 22 17 7 3 8 8 4 9 10 2 2 5 5 11 9 22 24 32 14 4 8 6 5 4 0 1 3 3 1 2 4 10 10
4 2 1 19 2 1 1 1 6 1 1 4 1 1 1 4 1 3 9 2 1 2 2 6 1 3 1 2 3 3 1 3 4 3 3 3 3 2 2 6 17 37 59 46 59 65 55 40 2 2 6 4 4 4 2 2 8 11 3 1 1 7 18 11 6 4 6 7 6 4 9 19 31 5 3 5 5 8 12 6 3 6 7 18 12 6 3 1 3 1 4 5 2 4 15 3
3 2 1 3 7 5 2 1 5 1 1 4 0 1 1 1 2 2 3 2 1 0 0 2 1 3 3 2 4 2 2 2 1 4 2 3 2 1 3 10 8 10 29 57 66 56 2 2 4 3 3 2 4 4 2 2 1 22 4 5 2 5 3 10 6 2 7 8 5 18 15 20 3 4 4 10 8 8 9 7 9 9 10 5 10 3 3 2 3 1 1 4 2 3 12 4
2 2 1 1 9 2 2 1 2 1 1 2 2 0 0 0 1 1 2 1 1 0 1 1 2 4 2 2 3 1 2 2 2 1 2 3 2 1 4 6 3 12 11 7 6 2 6 9 5 4 2 2 2 0 1 4 2 6 6 3 3 4 1 4 2 3 2 10 11 23 5 3 4 6 6 8 20 8 9 8 11 9 10 7 9 1 3 2 4 1 5 4 2 2 4 1
2 2 1 1 5 0 1 1 3 1 0 1 3 1 0 1 1 1 2 2 1 1 0 1 4 2 1 2 1 1 1 3 3 3 2 1 2 1 8 6 31 36 11 3 5 5 2 2 3 1 1 0 1 1 1 4 1 12 4 1 2 2 5 3 1 3 3 16 14 0 2 0 1 7 16 15 9 9 5 6 9 6 8 8 5 3 3 3 2 1 3 3 2 3 2 1
1 1 2 2 3 0 1 1 2 0 0 0 1 1 1 0 0 1 0 2 1 0 0 1 2 2 2 1 0 1 1 1 1 2 1 2 2 2 5 3 4 10 6 5 6 3 3 4 7 4 1 0 0 1 2 4 1 4 4 2 2 2 3 2 1 2 5 11 2 0 1 3 2 2 3 11 11 14 4 6 7 7 9 3 6 4 3 3 4 2 2 4 1 0 1 1
3 1 1 3 6 0 1 0 1 1 0 0 1 1 1 0 1 0 1 0 1 0 0 1 1 3 2 1 1 1 0 0 2 0 1 1 1 1 9 2 3 9 3 5 1 5 1 1 2 5 3 0 0 1 0 1 4 1 3 0 0 4 3 1 2 6 7 12 2 0 0 4 3 2 3 6 10 5 2 3 5 7 5 6 3 3 5 4 2 1 3 2 1 1 0 1
1 0 0 0 1 1 1 0 1 0 0 0 0 1 0 0 0 1 1 0 0 0 0 1 1 1 1 0 1 1 0 0 0 1 1 1 3 13 4 31 27 13 2 1 1 6 4 2 1 4 2 2 0 1 1 1 6 3 0 0 0 2 3 2 5 7 7 9 1 2 2 4 12 1 2 5 5 3 2 2 4 4 3 1 3 5 2 4 1 1 1 1 0 0 1 0
1 1 0 1 0 2 1 0 0 0 0 0 0 0 0 0 0 0 2 0 0 0 0 1 1 0 1 0 0 0 1 0 0 1 1 3 7 8 29 15 12 13 6 1 2 2 0 0 0 2 3 2 1 0 1 2 1 5 1 1 1 5 2 1 3 5 3 7 1 3 4 3 4 1 1 2 4 5 3 2 0 0 1 1 1 1 1 1 1 1 0 0 0 0 0 0
1 1 1 1 0 1 0 1 0 0 0 0 0 0 1 0 0 0 0 0 0 0 1 0 1 0 1 0 0 0 0 0 0 1 1 12 17 33 59 21 3 1 3 2 2 0 3 7 2 4 7 1 2 4 2 3 1 2 2 2 1 5 1 2 3 3 3 7 2 1 2 2 2 1 0 0 2 3 12 3 1 1 1 1 1 1 0 1 0 0 0 0 0 0 0 0
