sesion_6_simulaciones/modelos_agentes/ejemplos_netlogo/scenarios/echam4_b2/rob_2077.asc
NCOLS 322 
NROWS 307 
XLLCORNER 451900 
YLLCORNER 4086900 
CELLSIZE 100 
NODATA_value -9999 
[rows 150 to 224 of 307, columns 192 to 287 of 322]
0 0 1 4 6 8 15 22 21 36 11 6 3 1 0 0 0 0 0 0 0 0 0 0 0 0 0 0 0 0 0 0 0 0 0 0 0 0 0 0 0 0 1 1 2 1 0 0 1 1 1 0 0 0 0 0 1 1 2 5 4 8 32 28 24 39 26 33 67 78 74 65 56 38 29 53 41 13 6 6 1 1 1 0 0 0 0 0 0 0 0 0 0 0 0 0
0 0 0 1 1 3 4 3 11 26 8 7 7 1 0 0 0 0 0 0 0 0 0 0 0 0 0 0 0 0 0 0 0 0 0 0 0 0 0 0 0 1 0 0 0 0 0 0 0 1 0 0 0 0 0 0 1 2 2 2 4 13 11 22 31 25 14 32 38 27 46 66 56 43 71 48 32 11 10 7 1 0 1 0 0 0 0 0 0 0 0 0 0 0 0 0
1 0 0 0 0 0 1 2 11 12 27 9 7 2 0 0 0 0 0 0 0 0 0 0 0 0 0 0 0 0 0 0 0 0 0 0 0 0 0 0 0 0 0 0 0 0 0 0 0 0 0 0 0 0 0 0 1 1 1 3 6 6 5 4 17 8 14 21 18 24 25 49 55 58 53 50 28 21 15 5 3 2 4 1 1 0 0 0 0 0 0 0 0 0 0 0
1 0 0 0 0 0 0 1 5 2 16 15 7 2 0 0 0 0 0 0 0 0 0 0 0 0 0 0 0 0 0 0 0 0 0 0 0 0 0 0 0 0 0 0 0 0 0 0 0 0 0 0 0 0 0 0 0 1 1 2 8 4 3 2 3 7 9 8 22 25 31 29 40 53 37 26 28 33 30 21 14 5 2 3 1 1 0 0 0 0 0 0 0 0 0 0
1 0 0 0 0 0 0 1 1 1 6 5 2 1 0 0 0 0 0 0 0 0 0 0 0 0 0 0 0 0 0 0 0 0 0 0 0 0 0 0 0 0 0 0 0 0 0 0 0 0 0 0 0 0 0 0 0 0 1 1 1 1 1 2 2 5 9 7 4 10 17 20 34 50 41 33 12 8 12 11 12 4 3 1 1 0 0 0 0 0 0 0 0 0 0 0
0 0 0 0 0 0 0 0 0 1 2 2 1 0 0 0 0 0 0 0 0 0 0 0 0 0 0 0 0 0 0 0 0 0 0 0 0 0 0 0 0 0 0 0 0 0 0 0 0 0 0 0 0 0 0 0 0 0 1 1 0 0 1 1 1 1 2 3 8 13 16 32 39 56 27 26 27 8 5 2 1 1 0 0 0 0 0 0 0 0 0 0 0 0 0 0
0 0 0 0 0 0 0 0 0 0 0 0 0 0 0 0 0 0 0 0 0 0 0 0 0 0 0 0 0 0 0 0 0 0 0 0 0 0 0 0 0 0 0 0 0 0 0 0 0 0 0 0 0 0 0 0 0 0 0 0 0 0 2 5 4 3 6 18 27 27 41 31 62 62 55 63 38 16 10 6 6 2 1 0 0 1 1 0 0 0 0 0 0 0 0 0
0 0 0 0 0 0 0 0 0 0 0 0 0 0 0 0 0 0 0 0 0 0 0 0 0 0 0 0 0 0 0 0 0 0 0 0 0 0 0 0 0 0 0 0 0 0 0 0 0 0 0 0 0 0 0 0 0 0 0 0 0 1 2 6 5 10 6 18 26 40 26 18 27 32 68 36 15 12 22 21 8 3 2 1 1 1 0 0 0 0 0 0 0 0 0 0
0 0 0 0 0 0 0 0 0 0 0 0 0 0 0 0 0 0 0 0 0 0 0 0 0 0 0 0 0 0 0 0 0 0 0 0 0 0 0 0 0 0 0 0 0 0 0 0 0 0 0 0 0 0 0 0 0 0 0 0 0 1 2 2 5 10 13 15 15 22 65 37 35 42 57 39 56 37 25 22 12 6 2 1 0 0 0 0 0 0 0 0 0 0 0 0
0 0 0 0 0 0 0 0 0 0 0 0 0 0 0 0 0 0 0 0 0 0 0 0 0 0 0 0 0 0 0 0 0 0 0 0 0 0 0 0 0 0 0 0 0 0 0 0 0 0 0 0 0 0 0 0 0 0 0 0 1 2 1 3 7 14 8 21 21 35 32 22 52 57 74 67 33 11 6 4 2 2 1 0 0 0 0 0 0 0 0 0 0 0 0 0
0 0 0 0 0 0 0 0 0 0 0 0 0 0 0 0 0 0 0 0 0 0 0 0 0 0 0 0 0 0 0 0 0 0 0 0 0 0 0 0 0 0 0 0 0 0 0 0 0 0 0 0 0 0 0 0 0 0 0 1 3 2 3 8 10 7 9 9 8 18 29 24 25 25 59 55 49 36 8 4 3 1 0 1 0 0 0 0 0 0 0 0 0 0 0 0
0 0 0 0 0 0 0 0 0 0 0 0 0 0 0 0 0 0 0 0 0 0 0 0 0 0 0 0 0 0 0 0 0 0 0 0 0 0 0 0 0 0 0 0 0 0 0 0 0 0 0 0 0 0 0 0 0 0 0 1 3 4 5 3 8 8 14 42 41 24 46 48 35 43 64 70 36 27 17 7 5 1 1 0 1 1 0 0 0 0 1 0 0 0 0 0
0 0 0 0 0 0 0 0 0 0 0 0 0 0 0 0 0 0 0 0 0 0 0 0 0 0 0 0 0 0 0 0 0 0 0 0 0 0 0 0 0 0 0 0 0 0 0 0 0 0 0 1 0 0 0 0 0 0 1 2 2 4 6 6 4 8 11 22 28 28 45 55 33 48 73 72 39 25 16 7 3 1 1 1 1 1 1 0 1 1 0 0 0 0 0 0
0 0 0 0 0 0 0 0 0 0 0 0 0 0 0 0 0 0 0 0 0 0 0 0 0 0 0 0 0 0 0 0 0 0 0 0 0 0 0 0 0 0 0 0 0 0 0 0 0 0 0 0 1 1 1 0 1 1 1 3 4 5 8 14 10 3 3 7 11 31 32 34 32 32 59 72 43 49 26 7 2 1 2 1 2 1 1 1 1 1 0 0 0 0 0 0
0 0 0 0 0 0 0 0 0 0 0 0 0 0 0 0 0 0 0 0 0 0 0 0 0 0 0 0 0 0 0 0 0 0 0 0 0 0 0 0 0 0 0 0 0 1 0 0 0 0 0 0 0 0 1 1 2 2 1 2 3 5 5 9 13 20 12 10 9 17 27 31 26 31 46 71 43 38 21 5 4 2 4 3 4 4 5 4 1 0 0 0 0 0 0 0
0 0 0 0 0 0 0 0 0 0 0 0 0 0 0 0 0 0 0 0 0 0 0 0 0 0 0 0 0 0 0 0 0 0 0 0 0 0 0 0 0 0 0 0 0 0 0 0 1 0 0 0 0 0 0 0 2 10 3 3 5 4 7 8 12 25 27 19 14 28 29 26 46 63 61 70 58 42 28 9 6 6 8 4 8 3 1 0 1 0 0 0 0 0 0 0
0 0 0 0 0 0 0 0 0 0 0 0 0 0 0 0 0 0 0 0 0 0 0 0 0 0 0 0 0 0 0 0 0 0 0 0 0 0 0 0 0 0 1 0 0 1 1 1 0 1 0 0 0 0 0 1 2 2 4 8 16 12 7 9 13 28 43 32 23 28 30 32 51 48 66 67 44 39 30 19 9 10 9 16 11 5 1 0 1 0 0 0 0 0 0 0
0 0 0 0 0 0 0 0 0 0 0 0 0 0 0 0 0 0 0 0 0 0 0 0 0 0 0 0 0 0 0 0 0 0 0 0 0 0 0 0 0 0 0 1 0 0 0 1 1 1 1 1 0 0 0 1 2 3 2 4 5 6 12 33 16 16 20 31 20 37 23 20 16 30 54 73 51 48 31 22 22 39 14 17 20 8 1 1 1 1 0 0 0 0 0 0
0 0 0 0 0 0 0 0 0 0 0 0 0 0 0 0 0 0 0 0 0 0 0 0 0 0 0 0 0 0 0 0 0 0 0 0 0 0 0 0 0 0 1 0 0 0 1 0 1 2 5 3 1 1 1 2 1 1 1 3 7 4 13 7 29 20 10 10 14 11 44 60 48 51 46 62 29 29 31 42 56 27 36 17 5 3 2 0 0 0 0 0 0 0 0 0
0 0 0 0 0 0 0 0 0 0 0 0 0 0 0 0 0 0 0 0 0 0 0 0 0 0 0 0 0 0 0 0 0 0 0 0 0 0 0 0 0 0 0 0 0 0 1 1 0 1 1 3 4 2 1 1 1 2 2 3 4 9 14 24 25 53 26 16 24 23 37 51 44 68 47 74 30 59 68 62 58 55 33 21 12 4 2 0 0 0 0 0 0 0 0 0
0 0 0 0 0 0 0 0 0 0 0 0 0 0 0 0 0 0 0 0 0 0 0 0 0 0 0 0 0 0 0 0 0 0 0 0 0 0 0 0 0 0 0 0 1 1 0 1 3 1 2 2 7 3 3 1 1 2 7 4 5 6 13 13 18 29 49 40 18 26 38 70 43 46 73 69 73 69 60 72 68 52 21 5 3 2 1 0 0 0 0 0 0 0 0 0
0 0 0 0 0 0 0 0 0 0 0 0 0 0 0 0 0 0 0 0 0 0 0 0 0 0 0 0 0 0 0 0 0 0 0 0 0 0 0 0 0 0 1 1 0 2 2 1 2 3 3 5 7 5 4 2 3 4 5 5 6 6 7 7 11 17 28 54 36 27 30 65 34 32 45 66 70 82 76 75 37 21 12 6 4 1 0 0 0 0 0 0 0 0 0 0
0 0 0 0 0 0 0 0 0 0 0 0 0 0 0 0 0 0 0 0 0 0 0 0 0 0 0 0 0 0 0 0 0 0 0 0 0 0 0 0 0 1 0 1 2 2 2 3 2 11 12 6 3 29 9 8 8 7 6 11 8 10 8 10 10 28 40 42 54 69 50 24 55 37 69 71 47 68 72 73 40 19 13 4 2 2 2 1 0 0 0 0 0 0 0 0
0 0 0 0 0 0 0 0 0 0 0 0 0 0 0 0 0 0 0 0 0 0 0 0 0 0 0 0 0 0 0 0 0 0 0 0 0 0 0 0 0 1 1 1 3 3 9 4 8 12 16 14 12 25 15 9 9 10 8 15 9 7 10 16 17 23 28 48 44 22 58 55 49 57 56 49 40 43 34 54 62 32 19 14 11 5 2 1 1 0 0 0 0 0 0 0
0 0 0 0 0 0 0 0 0 0 0 0 0 0 0 0 0 0 0 0 0 0 0 0 0 0 0 0 0 0 0 0 0 0 0 0 0 0 0 0 0 1 1 1 4 5 11 11 17 11 30 33 38 42 33 27 28 16 10 26 21 12 7 12 19 36 37 53 65 73 55 57 51 74 50 62 46 44 36 16 12 28 21 13 6 3 2 2 1 0 0 0 0 0 0 0
0 0 0 0 0 0 0 0 0 0 0 0 0 0 0 0 0 0 0 0 0 0 0 0 0 0 0 0 0 0 0 0 0 0 0 0 0 0 0 0 1 1 1 2 6 5 7 5 13 28 34 41 51 49 56 42 41 40 25 40 20 17 9 10 21 13 32 41 57 63 60 48 34 59 59 56 47 44 41 38 26 18 20 10 6 4 8 1 0 0 0 0 0 0 0 0
0 0 0 0 0 0 0 0 0 0 0 0 0 0 0 0 0 0 0 0 0 0 0 0 0 0 0 0 0 0 0 0 0 0 0 0 0 0 0 0 0 1 3 1 9 20 9 13 19 26 43 48 59 57 45 66 52 51 54 51 30 34 13 23 26 43 26 38 41 50 44 54 72 50 65 45 56 57 59 52 31 25 16 5 5 4 3 1 1 0 0 0 0 0 1 1
0 0 0 0 0 0 0 0 0 0 0 0 0 0 0 0 0 0 0 0 0 0 0 0 0 0 0 0 0 0 0 0 0 1 1 0 0 0 0 0 0 0 1 2 6 9 20 26 24 27 44 54 61 61 71 79 63 62 62 61 56 43 24 37 38 39 25 26 29 36 41 51 63 63 46 51 69 70 52 50 46 25 15 6 3 2 2 1 1 0 0 0 0 0 0 1
0 0 0 0 0 0 0 0 0 0 0 0 0 0 0 0 0 0 0 0 0 0 0 0 0 0 0 0 0 0 0 0 0 0 0 1 1 1 1 2 5 1 1 1 2 3 7 45 47 53 27 56 60 73 80 51 51 75 71 68 69 63 48 46 67 57 37 25 29 29 35 37 39 73 72 60 59 72 62 46 39 33 23 7 3 2 1 1 0 0 0 0 0 0 1 2
0 0 0 0 0 0 0 0 0 0 0 0 0 0 0 0 0 0 0 0 0 0 0 0 0 0 0 0 0 0 0 0 0 1 1 0 0 0 0 1 2 5 3 1 3 10 10 29 32 53 64 51 62 68 67 72 68 44 80 79 72 67 51 48 64 57 41 25 32 40 36 46 48 63 71 56 63 68 57 44 41 40 21 9 4 2 1 0 0 0 0 0 0 0 1 2
0 1 0 0 0 0 0 0 0 0 0 0 0 0 0 0 0 0 0 0 0 0 0 0 0 0 0 0 0 0 0 0 0 1 1 0 0 0 0 0 1 1 5 13 19 12 16 8 10 14 19 34 62 64 58 72 58 65 58 80 74 68 54 53 73 40 28 25 22 37 44 59 71 74 55 49 49 55 42 30 28 24 16 8 3 1 1 1 0 0 0 0 0 0 1 1
0 1 1 0 0 0 0 0 0 0 0 0 0 0 0 0 0 0 0 0 0 0 0 0 0 0 0 0 0 0 0 0 0 0 0 0 0 0 0 0 0 1 1 9 9 9 4 3 13 12 20 30 58 51 57 74 77 74 78 72 69 74 68 66 45 25 42 42 20 29 32 45 64 40 37 30 32 36 23 23 27 20 7 5 2 1 1 1 1 0 0 0 0 0 1 1
1 1 0 0 0 0 0 0 0 0 0 0 0 0 0 0 0 0 0 0 0 0 0 0 0 0 0 0 0 0 0 0 0 0 0 0 0 0 0 0 0 1 1 1 2 3 3 10 20 14 16 46 23 48 72 47 78 64 48 50 82 78 73 48 20 27 42 49 35 45 46 34 61 31 41 33 35 34 41 31 24 16 12 10 5 3 2 1 1 0 0 0 0 0 0 0
3 0 0 0 0 0 0 0 0 0 0 0 0 0 0 0 0 0 0 0 0 0 0 0 0 0 0 0 0 0 0 0 0 0 0 0 0 0 0 0 1 1 1 1 1 1 5 11 16 14 22 22 29 44 35 44 46 42 36 36 26 53 62 50 50 28 66 68 54 48 59 67 74 69 60 61 58 54 56 41 31 33 19 18 9 2 1 1 1 0 0 0 0 0 0 0
2 1 0 0 0 0 0 0 0 0 0 0 0 0 0 0 0 0 0 0 0 0 0 0 0 0 0 0 0 0 0 0 0 0 0 0 0 0 0 0 0 0 1 1 1 1 3 6 9 21 18 18 29 28 31 45 42 58 60 46 38 50 64 57 74 44 59 73 70 38 47 77 52 68 74 70 67 57 56 56 49 32 12 8 6 3 1 1 0 0 0 0 0 0 0 1
2 2 2 1 0 0 0 0 0 0 0 0 0 0 0 0 0 0 0 0 0 0 0 0 0 0 0 0 0 0 0 0 0 0 0 0 0 0 0 0 0 0 1 1 1 1 3 7 21 25 23 32 26 46 28 48 46 26 39 50 45 47 70 91 93 74 70 69 59 43 45 28 21 38 33 33 33 39 50 46 30 21 13 12 8 4 2 1 0 0 0 0 0 0 0 0
6 5 2 1 1 0 0 0 0 0 0 0 0 0 0 0 0 0 0 0 0 0 0 0 0 0 0 0 0 0 0 0 0 0 0 0 0 0 0 0 0 0 0 0 1 2 2 2 11 11 16 15 11 21 37 41 17 20 33 51 56 52 50 62 43 76 59 67 29 20 54 62 56 51 46 50 43 25 14 22 29 12 12 21 8 4 2 1 1 0 0 0 0 0 0 0
5 4 2 1 0 0 0 0 0 0 0 0 0 0 0 0 0 0 0 0 0 0 0 0 0 0 0 0 0 0 0 0 0 0 0 0 0 0 0 0 0 0 0 0 1 2 2 1 5 5 6 2 3 3 4 5 10 27 31 36 53 58 45 44 32 44 40 19 43 41 24 45 72 66 36 35 53 56 64 53 40 20 5 10 11 4 2 2 1 0 0 0 0 0 0 0
5 4 1 0 0 0 0 0 0 0 0 0 0 0 0 0 0 0 0 0 0 0 0 0 0 0 0 0 0 0 0 0 0 0 0 0 0 0 0 0 0 0 0 1 1 2 2 1 1 2 1 2 3 5 5 7 13 11 31 25 35 26 32 22 17 15 33 30 39 43 42 29 28 50 27 30 57 72 60 50 32 13 10 12 7 2 1 1 1 1 0 0 0 0 0 1
5 2 1 1 1 1 1 0 0 0 0 0 0 0 0 0 0 0 0 0 0 0 0 0 0 0 0 0 0 0 0 0 0 0 0 0 0 0 0 0 0 0 0 1 1 1 1 1 1 1 3 6 9 13 15 23 16 28 13 12 22 48 47 34 48 46 45 30 49 36 51 55 26 42 42 51 63 55 40 27 17 13 7 5 3 1 0 1 1 1 0 0 0 0 1 2
5 2 2 1 3 1 0 0 0 0 0 0 0 0 0 0 0 0 0 0 0 0 0 0 0 0 0 0 0 0 0 0 0 0 0 0 0 0 0 0 0 0 0 0 0 1 1 2 2 2 2 9 21 23 25 34 37 29 41 21 31 44 69 63 47 61 56 51 38 44 60 71 36 44 36 44 73 63 49 42 23 17 7 4 6 1 1 2 1 0 0 0 0 0 1 2
3 2 3 4 2 1 1 0 0 0 0 0 0 0 0 0 0 0 0 0 0 0 0 0 0 0 0 0 0 0 0 0 0 0 0 0 0 0 0 0 0 0 0 0 0 1 3 4 7 4 9 17 18 25 32 36 43 44 52 53 40 50 49 61 65 68 58 54 32 23 29 29 25 28 46 60 49 39 32 16 22 18 7 2 0 1 2 1 1 0 0 0 0 0 1 1
2 5 7 6 3 1 1 1 1 1 0 0 0 0 0 0 0 0 0 0 0 0 0 0 0 0 0 0 0 0 0 0 0 0 0 0 0 0 0 0 0 0 0 0 0 1 1 3 10 17 34 29 19 23 42 58 43 48 68 64 55 39 45 59 48 36 43 38 21 41 47 32 23 29 40 33 37 24 23 19 16 4 2 2 3 2 1 1 1 0 0 0 0 0 1 1
4 8 5 7 6 2 1 2 2 1 1 0 0 0 0 0 0 0 0 0 0 0 0 0 0 0 0 0 0 0 0 0 0 0 0 0 0 0 0 0 1 1 1 0 0 1 1 1 4 4 15 36 51 44 38 60 47 57 74 71 71 36 28 29 28 31 34 44 18 47 40 44 32 29 16 15 16 7 10 12 8 7 9 5 9 2 1 2 0 0 0 0 0 1 1 1
10 10 10 10 7 4 4 3 3 1 1 0 0 0 0 0 0 0 0 0 0 0 0 0 0 0 0 0 0 0 0 0 0 0 0 0 0 0 0 1 2 3 2 1 2 1 2 3 4 6 8 16 25 60 60 54 73 69 51 63 75 74 58 38 24 14 24 41 23 47 55 45 31 21 23 35 30 41 41 29 25 32 19 8 4 2 2 1 0 0 0 0 1 1 1 2
27 13 9 4 11 7 5 3 2 1 0 0 0 0 0 0 0 0 0 0 0 0 0 0 0 0 0 0 0 0 0 0 0 0 0 0 0 0 0 1 3 3 7 4 2 3 4 7 12 12 19 29 37 38 47 49 65 71 68 69 45 60 46 73 66 29 21 30 49 62 60 59 58 54 25 37 53 69 59 49 42 19 6 2 3 2 0 0 0 0 0 0 0 1 2 3
36 22 10 4 5 5 2 1 0 0 0 0 0 0 0 0 0 0 0 0 0 0 0 0 0 0 0 0 0 0 0 0 0 0 0 0 1 1 0 1 2 4 6 10 6 5 10 10 14 25 21 36 45 44 48 53 37 43 64 60 61 59 33 46 39 35 15 42 57 48 49 42 41 49 44 68 49 43 59 49 34 12 11 6 2 2 1 0 0 0 0 0 0 1 2 7
29 19 6 2 3 2 1 1 0 0 0 1 0 0 0 0 0 0 0 0 0 0 0 0 0 0 0 0 0 0 0 0 0 0 0 1 1 2 3 1 3 5 8 12 13 7 14 22 30 31 25 57 52 50 51 51 53 19 21 26 16 21 43 47 23 41 41 69 31 22 24 27 37 54 71 72 65 33 46 27 21 15 9 5 3 1 1 0 0 0 0 0 0 1 1 4
21 10 3 2 1 1 1 1 1 1 1 0 0 0 0 0 0 0 0 0 0 0 0 0 0 0 0 0 0 0 0 0 0 1 2 1 2 2 1 4 8 7 16 17 19 9 13 25 27 39 47 54 50 55 55 38 34 38 44 42 39 46 42 36 39 6 29 15 15 17 41 66 68 68 58 65 67 62 50 30 29 14 10 6 3 1 0 0 0 0 1 1 1 1 1 3
31 17 13 8 7 3 4 3 4 2 1 1 0 0 0 0 0 0 0 0 0 0 0 0 0 0 0 0 0 1 1 0 0 1 2 2 3 3 2 3 3 4 3 3 8 15 29 30 34 32 40 51 52 55 52 63 51 21 65 68 47 41 39 34 44 16 27 35 48 43 60 63 68 78 69 51 66 51 52 28 24 25 12 4 2 0 0 0 0 1 1 1 1 2 3 3
43 27 35 27 8 1 0 2 2 2 1 1 1 0 0 0 0 0 0 0 0 0 0 0 0 0 0 0 1 0 1 1 0 1 2 3 5 4 5 3 4 5 6 4 4 5 21 40 44 47 32 34 49 53 55 55 52 70 53 40 49 61 65 63 34 13 27 50 54 56 62 40 54 56 52 55 59 66 59 52 41 21 13 4 1 0 0 0 1 1 1 1 1 4 5 10
53 46 19 7 2 1 5 5 2 1 1 2 1 1 0 0 0 0 0 0 0 0 0 0 0 0 0 0 1 1 1 2 1 1 1 4 6 9 9 4 13 7 12 9 6 7 8 17 50 68 45 31 49 62 55 50 57 43 62 64 46 46 64 61 25 25 18 12 49 73 72 69 64 65 49 63 64 59 39 41 23 14 19 7 1 1 0 0 1 1 1 1 1 2 5 10
46 22 14 5 3 5 7 4 2 1 1 1 1 0 0 0 0 0 0 0 0 0 0 0 0 0 0 0 1 2 2 3 1 1 1 2 3 6 8 11 21 25 15 21 24 8 10 38 49 60 48 33 41 40 65 50 45 53 34 39 41 57 61 44 38 26 37 43 40 31 58 70 68 79 70 53 75 56 36 28 30 17 4 10 2 0 0 0 1 1 1 2 2 2 3 5
18 25 26 8 6 13 7 5 5 3 1 1 0 0 0 0 0 0 0 0 0 0 0 0 0 0 0 1 2 1 4 4 2 1 2 2 3 4 3 15 22 31 32 18 37 18 18 47 51 30 65 35 43 41 42 74 61 53 76 65 38 36 47 53 32 32 28 27 38 61 64 71 72 56 75 59 43 36 48 19 21 17 4 1 2 0 0 0 0 1 2 2 4 10 9 6
26 26 30 30 23 16 13 8 3 2 1 0 0 0 1 0 0 0 0 0 0 0 0 0 0 0 0 0 1 1 2 2 4 5 4 3 3 5 5 9 11 26 30 45 36 33 27 51 44 37 58 62 25 42 44 24 23 25 50 52 58 25 33 38 27 46 42 52 40 61 71 64 50 63 47 64 47 47 38 26 23 4 1 0 0 0 0 0 1 1 1 1 6 11 10 12
55 49 47 28 24 14 5 5 2 1 0 0 1 1 0 0 0 0 0 0 0 0 0 0 0 0 0 0 1 1 4 4 6 10 9 9 4 5 12 8 15 13 18 57 57 50 38 56 27 28 47 31 31 33 38 46 29 26 25 27 27 54 57 45 34 24 44 52 33 27 16 23 34 26 43 40 48 47 30 22 13 4 1 0 0 0 0 1 1 1 1 1 3 7 8 13
57 44 33 36 21 5 2 3 2 2 1 2 2 0 0 0 0 0 0 0 0 0 0 0 0 0 1 1 1 1 3 7 12 14 14 21 6 4 10 17 18 19 26 41 61 49 36 53 62 59 40 56 82 41 46 50 40 26 26 35 14 17 30 31 45 18 23 35 60 57 39 32 29 8 7 13 19 19 24 14 6 4 2 0 0 0 1 1 0 1 1 2 4 3 5 6
50 31 23 21 12 9 6 2 3 4 2 1 0 0 0 0 0 0 0 0 0 0 0 0 0 1 1 2 2 4 4 9 26 22 12 28 14 10 12 13 25 23 37 44 59 47 32 46 65 76 54 54 70 66 38 50 50 48 27 34 42 34 27 23 48 13 37 63 56 61 60 59 41 34 25 15 7 10 11 15 8 1 0 0 0 0 0 1 1 1 2 2 3 4 9 14
29 26 32 18 15 11 7 12 3 1 0 0 1 1 0 0 0 0 0 0 0 0 0 0 0 0 1 3 5 6 15 19 30 35 35 19 29 21 16 22 40 38 45 52 34 51 70 51 38 24 50 48 26 56 60 42 53 47 29 15 21 44 30 26 28 46 49 49 56 61 64 54 35 52 48 41 28 16 8 4 4 1 0 0 0 0 0 0 1 1 1 2 3 3 6 7
50 29 40 25 19 38 19 5 3 1 1 2 2 1 0 0 0 0 0 0 0 0 0 0 0 1 1 3 5 9 14 30 53 52 46 49 35 49 39 28 49 63 49 31 42 62 71 68 42 45 45 58 55 37 47 47 48 39 39 28 14 30 35 12 9 25 36 49 55 60 74 80 63 51 57 53 58 29 12 3 2 1 0 0 0 0 0 0 1 1 2 2 4 5 7 10
46 41 22 17 16 7 9 9 8 7 4 1 1 0 0 0 0 0 0 0 0 0 0 0 1 1 1 2 4 6 8 24 39 70 65 40 44 61 61 35 41 72 52 48 34 56 69 68 77 60 48 45 61 72 57 27 50 60 54 25 15 14 15 12 30 19 59 70 83 55 41 67 73 43 16 22 29 28 10 3 1 0 0 0 0 0 0 0 1 1 2 3 3 5 6 8
28 35 29 15 7 3 1 7 4 2 2 1 0 0 0 0 0 0 0 0 0 0 0 1 1 2 4 3 3 3 6 12 22 52 77 35 29 73 72 41 42 64 70 46 44 57 57 70 73 67 23 23 47 58 36 32 44 44 44 60 22 15 18 17 20 42 20 18 41 85 56 34 43 45 16 8 9 24 8 2 1 0 0 0 0 0 0 0 1 1 2 2 4 5 10 14
31 27 18 14 15 13 5 6 3 2 1 1 0 0 0 0 0 0 0 0 0 0 0 0 2 2 3 4 7 8 7 10 13 25 48 72 43 44 79 73 47 48 70 56 43 53 54 68 76 71 53 23 66 53 46 36 30 10 15 26 15 10 8 21 26 26 27 50 52 62 66 39 30 11 6 3 1 6 6 1 1 0 0 0 0 0 0 0 1 1 1 1 3 5 4 7
17 12 9 12 8 8 4 6 2 2 1 0 0 0 0 0 0 0 0 0 0 0 0 0 1 1 2 2 4 3 18 11 16 14 34 57 81 48 30 71 66 48 73 60 36 49 52 64 54 61 70 35 35 39 30 41 21 17 16 8 10 19 15 36 22 37 46 42 38 67 63 40 26 29 14 6 1 1 3 1 0 0 0 0 0 0 0 1 1 1 1 4 6 8 9 9
22 19 24 31 12 9 4 4 2 1 1 0 0 0 0 0 0 0 0 0 0 0 0 0 0 1 1 5 6 5 21 40 62 55 61 75 72 67 54 39 41 65 67 50 35 37 56 64 63 42 67 34 35 35 35 43 35 15 18 28 19 16 18 30 72 58 64 59 47 49 28 38 39 37 21 8 3 1 0 1 0 0 0 0 0 1 0 0 1 1 2 2 5 7 13 17
32 29 22 18 11 12 6 3 2 1 0 0 0 0 0 0 0 0 0 0 0 0 0 0 0 1 1 1 3 11 17 29 41 50 27 26 47 71 69 70 40 33 75 51 35 44 42 29 65 43 29 46 16 34 20 18 41 12 21 19 16 13 29 31 59 55 40 43 33 32 52 53 57 39 28 11 1 1 0 0 0 0 0 0 0 0 0 0 0 1 1 1 2 3 6 11
7 10 10 11 8 8 7 5 3 1 1 1 0 0 0 0 0 0 0 0 0 0 0 0 0 0 0 2 3 5 13 8 8 13 30 53 62 43 60 79 79 66 64 51 58 35 36 29 18 23 27 14 39 21 36 11 12 20 7 13 7 10 12 20 18 16 31 47 49 62 68 60 35 24 7 11 4 2 0 0 0 0 0 0 0 0 0 1 1 2 1 3 4 2 7 14
5 3 6 6 4 3 6 4 2 2 1 1 1 0 0 0 0 0 0 0 0 0 0 0 0 0 0 1 1 2 5 10 10 26 39 49 43 51 47 74 55 37 42 48 61 57 47 26 21 50 22 27 16 32 41 18 9 7 17 7 14 16 40 39 47 40 55 61 63 65 69 48 40 23 6 2 2 1 0 0 0 0 0 0 0 0 1 1 1 1 1 2 2 3 3 6
10 8 8 6 2 1 1 4 3 2 1 1 0 0 0 0 0 0 0 0 0 0 0 0 0 0 0 0 0 1 3 9 13 40 49 49 53 43 46 34 41 36 34 26 36 45 66 31 25 23 11 13 24 23 39 21 21 19 9 12 41 23 45 71 54 53 56 57 58 75 72 69 48 22 9 4 1 0 0 0 0 0 0 0 0 0 0 1 1 1 2 2 4 6 6 9
19 21 9 6 5 4 4 4 2 1 1 1 0 0 0 0 0 0 0 1 1 0 1 1 1 0 1 1 1 2 2 4 13 27 60 60 41 57 45 33 44 46 46 46 32 26 20 46 31 20 20 18 16 22 5 41 25 10 9 23 37 48 42 79 76 81 80 48 29 26 63 71 85 51 9 4 2 1 0 0 0 0 0 0 0 0 1 1 1 1 2 5 4 7 13 10
30 15 14 27 17 9 6 4 2 1 1 0 0 0 0 0 0 0 0 1 2 1 1 2 2 1 1 3 3 3 5 3 13 25 46 35 57 41 41 35 45 35 32 50 31 18 19 15 18 11 25 16 9 13 18 7 4 11 6 28 55 55 53 83 89 80 81 91 78 55 46 52 63 42 32 10 4 1 0 0 0 0 0 0 1 1 1 1 2 2 3 4 7 6 8 20
10 4 2 15 8 4 5 1 1 0 0 0 0 0 0 0 0 0 1 1 2 4 4 4 3 2 3 4 4 5 5 7 7 23 29 27 23 36 40 34 54 45 44 59 38 29 30 22 23 10 35 13 6 5 14 25 2 5 20 20 37 28 19 58 84 71 74 85 91 79 34 16 10 15 17 1 0 0 0 0 0 0 0 0 0 0 0 1 1 2 4 3 4 5 10 15
5 5 3 2 9 5 4 2 1 0 0 0 0 0 0 0 0 0 0 1 1 4 14 12 7 8 5 6 13 15 7 10 24 24 24 17 26 43 38 39 39 31 32 52 31 37 38 19 22 29 24 20 6 6 9 8 6 16 33 45 33 28 41 27 65 82 74 71 81 85 59 39 17 4 3 1 0 0 0 0 0 0 0 0 0 1 0 0 1 1 3 5 6 7 8 6
20 20 14 10 4 3 3 2 1 0 0 0 0 0 0 0 0 0 0 1 2 7 14 25 11 15 16 12 21 24 13 16 28 29 32 20 32 24 31 31 34 27 33 53 41 25 37 20 24 20 20 10 8 6 4 4 5 13 16 23 18 31 41 31 46 71 67 61 76 79 59 30 16 5 1 0 1 0 0 0 1 0 0 0 1 1 1 1 1 2 3 4 7 8 10 12
23 16 17 11 8 5 3 2 1 0 0 0 0 0 0 0 1 1 1 1 3 9 18 36 28 20 20 26 26 38 37 25 27 29 33 21 31 15 30 28 20 26 31 50 59 24 33 32 12 10 12 11 16 4 1 6 5 19 10 25 29 36 42 45 26 34 11 7 17 64 71 31 10 2 1 1 1 1 0 0 1 0 0 0 0 1 1 1 2 1 3 6 7 9 11 24
