sesion_6_simulaciones/modelos_agentes/ejemplos_netlogo/scenarios/echam4_b2/rob_2036.asc
NCOLS 322 
NROWS 307 
XLLCORNER 451900 
YLLCORNER 4086900 
CELLSIZE 100 
NODATA_value -9999 
[rows 148 to 221 of 307, columns 0 to 95 of 322]
1 19 22 15 24 41 32 24 7 5 6 59 62 65 53 65 74 62 46 62 35 42 17 7 1 2 1 3 1 1 3 1 2 2 2 5 3 6 4 5 24 21 20 19 22 13 28 23 17 35 17 14 23 14 18 37 31 15 11 25 41 43 36 23 35 52 53 37 43 74 67 66 38 45 66 74 21 17 14 29 28 20 9 11 35 26 7 4 18 14 11 12 24 22 11 23
4 17 24 41 36 50 42 48 50 11 15 35 51 77 71 72 81 50 65 62 60 53 16 27 9 2 1 1 1 2 15 11 1 4 1 2 3 4 5 8 14 10 5 9 26 60 37 23 12 13 9 24 26 24 6 7 8 5 29 26 26 61 38 28 39 60 59 58 60 68 43 21 14 48 35 27 53 11 10 32 28 16 19 12 5 26 11 6 4 7 3 14 8 23 12 4
7 3 10 31 30 54 52 19 31 33 22 20 78 81 76 49 84 69 72 75 60 36 23 13 21 9 2 3 2 3 4 8 5 9 14 11 5 8 9 12 6 6 14 32 53 35 22 17 13 12 13 16 17 16 26 18 27 29 30 31 44 61 32 33 61 63 71 73 53 17 56 34 32 40 59 21 22 7 2 7 16 16 11 19 7 7 19 12 5 6 3 2 4 5 8 3
1 3 7 5 8 8 8 10 13 13 26 13 39 68 62 54 78 76 73 43 13 14 25 39 42 24 10 4 4 2 1 4 41 22 37 44 57 13 6 11 29 21 54 57 19 15 8 16 10 8 18 17 19 17 20 16 36 38 41 42 62 60 53 43 60 75 69 51 76 42 20 54 57 25 27 8 18 33 13 6 7 12 13 7 9 4 6 18 13 6 4 2 1 4 6 5
23 9 5 5 8 12 13 17 19 25 19 30 14 15 13 10 12 18 23 26 19 54 62 48 65 32 55 15 13 17 6 13 23 4 1 1 13 45 8 5 21 20 26 30 22 34 38 46 23 11 18 20 26 19 7 19 26 60 38 62 57 65 73 88 86 75 72 43 40 84 41 35 31 34 16 4 8 8 25 16 7 8 14 10 6 7 4 5 14 4 3 2 1 1 2 2
34 22 19 13 16 9 16 14 6 13 37 25 21 30 19 18 8 25 40 57 84 66 80 56 57 29 25 27 13 41 28 4 2 4 6 1 4 6 23 6 5 62 15 25 25 16 8 14 30 19 29 36 33 23 11 13 24 50 70 62 79 69 80 79 79 77 69 25 33 69 73 53 30 17 24 12 9 6 12 8 12 8 6 9 6 4 4 3 20 9 2 1 2 1 2 3
64 36 56 30 33 46 50 12 12 11 12 18 24 46 40 16 9 21 56 62 73 86 74 84 65 62 62 57 27 35 57 52 15 3 8 8 17 15 14 26 5 42 30 19 30 5 9 15 9 25 36 48 59 44 45 21 30 49 67 71 53 39 75 77 74 67 64 48 31 47 77 25 27 16 10 7 11 4 10 21 7 11 8 4 4 3 3 2 4 3 6 2 1 1 0 1
66 55 68 43 53 43 30 43 14 11 16 12 55 33 20 37 24 16 18 57 70 59 61 71 49 56 61 59 26 8 27 67 76 48 35 15 17 21 21 28 14 35 68 30 31 19 8 8 10 16 16 18 33 12 17 41 33 59 46 26 25 25 32 52 56 23 31 18 44 55 50 44 20 14 16 6 6 7 7 14 11 5 7 5 2 2 2 2 2 2 2 3 2 1 1 0
45 58 62 75 77 47 29 74 23 10 17 19 23 23 44 44 30 43 26 17 20 53 63 20 40 66 44 74 43 12 11 14 46 67 52 35 23 20 17 27 22 33 75 23 30 32 23 30 33 34 35 39 27 24 35 26 42 72 58 55 55 50 24 14 8 23 17 23 16 30 29 43 47 19 8 4 6 7 8 10 11 16 3 4 2 2 1 1 1 2 1 0 3 1 0 0
61 80 66 85 66 32 64 79 37 32 36 23 50 71 47 32 50 38 26 23 27 22 16 50 47 23 32 64 71 36 25 15 13 61 52 52 57 53 46 57 50 36 70 75 39 34 39 40 42 42 54 57 32 53 56 25 28 47 60 44 41 25 15 23 21 6 3 13 27 32 32 40 16 17 7 6 8 7 11 6 7 5 6 2 2 1 0 0 0 1 1 1 1 1 0 0
43 81 43 80 48 67 74 72 21 49 51 29 18 18 33 34 44 67 58 71 33 20 27 17 28 26 43 80 41 79 33 43 37 55 24 49 51 74 57 42 50 27 53 72 80 41 35 33 55 42 39 32 28 52 55 29 45 75 75 73 40 48 49 38 33 13 11 15 19 19 17 24 16 8 13 3 5 9 8 8 3 3 3 3 1 1 0 0 0 1 0 1 1 1 1 0
21 72 55 70 63 73 69 29 37 63 62 46 44 24 22 13 18 27 26 67 41 18 21 21 65 69 63 69 35 73 75 27 26 40 60 69 57 83 87 53 49 23 23 66 76 69 59 41 50 26 15 20 52 53 48 41 44 32 28 29 25 42 55 46 44 26 24 21 13 14 16 14 9 12 3 4 4 5 3 2 2 2 1 1 2 1 1 1 1 0 0 0 1 1 0 0
20 18 14 52 68 69 28 27 72 45 61 74 61 40 31 33 38 35 41 23 30 49 41 16 54 56 66 75 72 44 84 79 37 18 35 76 74 59 61 63 68 22 23 67 83 84 56 44 48 47 35 25 76 43 84 87 85 79 82 72 51 29 35 30 28 24 23 22 16 9 9 12 9 9 4 6 2 2 3 3 1 1 1 2 1 1 1 1 0 0 1 0 0 0 0 0
19 55 36 28 24 47 35 75 78 53 49 68 50 52 26 37 32 32 40 28 33 35 37 17 62 72 64 85 78 59 74 85 78 44 37 11 29 60 42 24 35 24 17 81 83 81 67 67 59 69 88 92 80 51 44 79 79 39 45 66 59 34 46 34 28 18 15 24 16 6 6 5 6 6 4 4 3 3 2 1 1 1 0 1 1 0 1 0 0 0 0 0 0 0 0 0
51 53 40 56 45 22 51 82 73 77 13 50 65 66 74 43 55 28 28 25 26 15 39 61 82 60 84 89 74 74 53 67 80 54 49 28 58 76 83 83 66 54 34 59 83 69 62 89 59 66 84 84 92 69 48 83 88 63 45 33 71 66 26 50 30 24 12 12 10 6 7 6 4 3 3 3 2 2 1 1 0 0 0 0 1 0 0 0 0 0 0 0 0 0 0 0
39 42 62 45 34 13 46 66 49 80 32 40 72 58 73 57 29 48 39 55 56 56 20 51 65 73 82 83 61 82 66 81 70 70 69 74 68 76 81 74 17 61 68 38 18 51 61 83 67 54 77 72 76 83 39 57 74 90 65 45 52 32 30 26 29 33 28 19 10 4 8 3 2 2 1 1 1 1 0 0 0 0 0 0 0 0 0 0 0 0 0 0 0 0 0 0
21 23 16 27 42 39 18 78 40 31 31 48 58 19 41 59 35 44 37 65 63 40 36 17 47 81 74 82 65 84 68 69 61 47 62 66 80 72 72 80 74 56 27 23 11 16 57 78 60 29 43 68 76 83 77 81 83 78 85 45 31 33 28 33 26 23 28 10 6 8 4 2 2 1 0 0 0 0 1 1 1 0 0 0 0 0 1 1 1 0 1 1 1 1 1 1
19 32 42 39 23 20 19 36 45 40 62 55 64 64 32 50 46 57 26 20 35 69 45 26 15 27 32 66 64 39 18 17 17 27 28 24 63 42 46 62 65 56 51 22 7 15 60 63 53 42 33 25 52 80 76 71 59 57 75 72 30 18 22 23 22 20 8 10 6 2 2 2 2 1 1 0 0 0 0 0 0 1 1 1 1 3 3 3 1 1 1 3 2 4 4 1
32 21 18 17 29 27 28 18 21 20 38 67 65 71 25 22 28 61 62 44 31 29 47 15 27 37 32 27 21 30 41 30 41 38 57 28 24 20 20 21 15 35 28 15 15 23 51 55 59 42 37 34 10 41 41 47 46 61 37 51 42 18 37 33 22 12 10 4 4 2 2 2 1 0 1 1 0 0 0 1 3 4 2 4 6 7 6 9 5 5 14 16 7 12 4 2
21 24 31 54 42 46 38 33 38 38 46 13 18 24 31 44 33 16 62 65 54 30 27 9 26 59 59 47 35 40 55 62 33 61 30 24 25 31 33 29 22 12 20 23 34 38 55 55 63 49 33 16 18 15 23 46 20 14 10 31 17 20 17 9 12 6 3 4 4 1 1 1 1 1 1 1 1 0 3 3 8 8 10 13 15 26 24 14 12 15 4 2 3 2 3 7
29 32 45 34 26 38 43 27 47 64 19 29 48 43 29 46 13 18 21 25 38 22 19 15 33 32 52 46 63 31 55 48 39 45 30 25 35 57 30 57 39 19 13 14 16 25 37 47 42 43 27 41 37 26 27 26 24 16 20 23 37 28 13 4 5 4 4 1 2 1 1 4 4 2 2 3 1 2 5 15 30 24 26 47 38 30 28 17 22 20 6 1 1 0 1 5
50 66 63 65 33 26 29 30 45 57 33 35 49 44 43 27 31 26 38 37 27 32 33 18 34 30 31 53 27 37 49 49 50 37 29 29 25 51 28 60 41 31 30 10 7 6 22 22 64 63 38 29 60 31 14 33 36 45 37 22 25 10 6 3 3 2 1 1 2 2 5 9 14 4 6 7 3 6 20 29 51 69 29 56 34 26 17 20 14 10 5 3 1 0 0 1
15 16 20 15 21 22 41 51 55 40 42 19 38 49 24 11 18 19 26 24 14 11 9 18 28 26 28 31 46 47 41 38 26 35 23 10 33 28 46 59 43 37 54 27 32 15 10 21 22 52 32 42 31 14 14 24 24 17 11 5 5 3 1 1 1 0 2 6 12 8 16 25 23 12 20 12 5 13 36 44 75 53 32 24 12 2 2 8 3 4 2 1 1 0 0 1
24 34 27 38 35 38 29 46 37 34 18 21 31 45 51 44 42 21 18 16 21 7 9 26 60 49 30 28 44 26 21 37 67 39 22 11 34 21 58 24 56 36 50 40 25 15 19 21 11 28 36 27 12 16 13 11 29 9 5 3 2 6 5 9 3 5 9 19 23 23 23 35 23 21 26 19 14 26 51 64 63 40 18 11 6 3 2 2 4 1 1 1 0 0 0 0
22 20 19 40 54 22 27 37 31 35 31 25 46 30 59 46 31 53 44 30 58 26 30 22 50 62 38 56 22 27 40 26 55 53 27 19 25 34 40 20 28 28 42 45 20 31 20 13 13 18 18 24 17 16 15 11 5 2 2 9 8 15 15 16 10 12 23 30 47 49 34 48 46 44 30 37 43 53 58 56 43 51 22 9 4 4 3 1 6 2 1 0 0 0 0 0
24 22 36 48 30 30 26 39 45 37 51 54 51 41 29 29 63 61 39 39 41 27 49 29 34 55 67 43 26 25 17 19 18 18 31 38 12 15 46 43 43 46 38 28 36 28 25 22 14 17 19 20 29 18 9 6 6 10 13 27 23 24 35 23 18 30 37 40 58 47 49 60 74 39 40 50 62 68 74 49 16 10 11 11 6 3 1 1 1 1 0 0 0 0 0 0
20 20 34 36 16 51 38 41 62 67 74 69 62 67 43 20 25 42 39 47 17 35 63 35 40 31 55 70 43 60 44 35 28 30 48 57 25 35 48 58 48 12 17 27 21 25 14 12 19 24 23 37 23 14 17 9 14 16 32 35 31 30 44 31 27 41 52 36 67 63 53 77 63 47 56 75 62 65 25 71 40 33 10 5 5 4 2 2 1 0 0 0 0 0 0 0
17 22 37 24 20 15 23 33 25 36 56 71 50 53 64 25 34 29 24 23 24 61 60 47 27 38 19 42 32 39 30 28 41 41 58 51 29 43 59 56 46 25 12 10 19 18 22 35 22 20 36 22 18 31 17 14 23 38 42 52 47 46 45 37 36 66 69 56 74 73 72 72 83 83 57 59 64 62 23 16 30 36 17 10 3 2 2 2 1 0 0 0 0 0 0 0
16 24 39 28 26 16 21 16 30 35 22 25 19 23 28 43 40 35 60 33 47 60 41 60 21 57 25 58 25 27 38 38 43 37 48 40 40 30 53 51 44 20 9 17 21 20 26 27 27 27 26 38 26 19 18 31 41 44 42 49 47 37 57 49 55 73 73 68 67 85 75 69 64 73 29 25 15 41 43 21 9 19 9 4 3 2 2 1 0 1 0 0 0 0 0 0
24 47 49 65 15 60 47 12 39 37 36 28 56 30 43 45 43 34 34 34 28 52 32 44 31 28 38 31 25 44 37 33 39 41 42 32 36 26 39 58 38 36 35 40 45 23 30 24 40 49 46 56 40 27 40 41 45 56 42 48 65 50 67 68 62 73 56 75 39 56 81 78 75 59 72 54 35 13 7 14 10 5 10 7 5 3 2 4 1 0 0 0 0 0 0 0
58 43 19 25 53 34 16 36 39 47 26 47 28 26 57 35 36 13 32 36 41 13 28 39 26 21 27 13 19 18 15 35 32 59 22 26 19 39 42 16 24 39 17 22 21 30 17 29 46 62 55 51 45 42 39 58 50 61 59 50 59 68 63 67 65 74 55 51 76 40 73 75 52 68 73 77 57 52 44 26 16 9 3 1 3 4 2 2 1 0 0 0 0 0 0 0
40 76 39 38 15 27 20 38 34 40 47 23 24 46 53 61 64 24 29 51 35 27 10 21 33 10 25 18 17 10 11 36 39 27 17 24 21 23 52 32 20 34 18 58 30 26 40 24 54 60 50 46 46 43 42 46 68 59 58 72 73 80 73 57 66 32 46 40 44 49 33 62 39 49 66 71 71 81 60 40 37 38 32 12 2 1 2 2 1 0 0 0 0 0 0 0
20 23 20 18 41 48 23 29 41 46 43 23 35 26 16 21 16 20 29 41 54 26 26 13 25 16 16 10 12 20 24 35 24 21 23 13 26 39 51 38 22 25 34 62 24 48 28 37 50 70 40 44 44 41 43 50 69 73 59 69 81 57 42 72 73 64 49 27 18 6 13 14 22 24 45 58 51 54 60 35 53 37 21 5 3 3 3 1 2 1 0 0 0 0 0 0
18 15 31 27 28 42 43 22 16 40 15 15 26 27 56 25 45 24 35 24 38 28 22 23 18 27 32 11 14 14 31 17 19 31 8 9 15 53 29 28 17 30 35 48 39 40 40 48 60 54 36 51 43 41 57 42 64 79 80 61 69 73 31 19 16 24 30 45 38 24 11 7 4 9 18 37 26 49 64 24 34 51 21 10 5 2 2 2 1 0 0 0 0 0 0 0
15 45 31 18 15 26 26 17 14 10 17 15 18 40 29 25 30 42 29 28 18 51 20 39 19 28 44 12 10 20 9 10 36 22 17 34 24 60 11 8 18 41 41 48 47 33 35 40 53 35 60 67 53 58 59 57 64 67 68 46 49 63 37 28 57 70 74 56 53 35 28 33 8 3 5 20 17 38 53 36 21 18 13 8 4 3 3 1 1 1 1 1 0 0 0 0
16 33 26 23 20 26 21 23 6 3 8 11 23 14 21 24 20 45 23 11 11 14 19 14 10 26 28 14 18 17 10 13 24 13 7 15 19 32 21 19 25 40 60 62 33 34 52 44 52 50 71 78 61 81 74 86 73 65 73 44 33 16 65 58 23 53 70 58 61 60 56 30 13 9 3 3 4 10 31 13 8 3 2 5 1 3 1 1 1 1 1 0 0 0 0 0
30 7 11 24 7 17 11 3 4 2 3 3 4 11 27 16 9 17 29 13 11 6 6 11 5 14 10 12 19 13 3 4 7 12 14 9 30 22 13 23 33 50 73 86 77 68 55 69 62 35 76 57 85 75 71 76 44 54 72 78 30 27 22 76 37 30 49 64 51 44 64 59 58 26 14 4 2 1 1 1 1 1 1 2 2 1 1 0 0 1 0 0 0 0 0 0
3 4 9 8 8 4 4 1 1 8 19 1 3 7 7 13 14 11 17 12 10 10 10 10 3 3 8 9 6 4 1 2 2 33 38 42 62 65 77 74 74 84 71 84 78 83 74 34 65 65 44 42 61 67 69 71 46 71 74 60 57 40 17 49 71 29 10 28 55 68 53 47 22 17 20 14 4 1 2 0 1 1 1 1 2 2 0 0 0 0 0 0 0 0 0 0
2 4 4 2 3 2 8 24 43 10 12 26 28 4 3 10 5 6 8 3 6 2 3 3 4 3 8 14 27 3 1 6 6 3 10 46 60 65 74 76 65 77 74 69 79 84 81 52 37 41 80 60 30 59 27 33 34 71 85 69 54 45 30 27 79 39 36 15 32 46 68 16 7 12 12 20 12 8 5 2 1 1 0 0 1 1 1 0 0 0 0 0 0 0 0 0
6 7 9 13 12 21 34 23 21 25 27 12 21 11 7 5 2 3 2 3 1 2 11 22 35 36 11 5 19 5 2 16 19 10 14 18 24 60 66 79 63 41 57 54 64 82 87 88 44 41 59 65 49 26 49 19 49 57 77 73 24 36 28 17 76 52 25 19 16 59 58 72 28 20 12 7 4 3 2 2 3 2 1 0 0 0 1 1 0 0 0 0 0 0 0 0
18 22 14 47 31 35 39 52 54 52 35 27 41 15 12 3 2 3 1 3 2 2 1 3 8 17 27 22 9 9 6 6 23 18 6 14 32 43 56 71 68 39 25 40 56 80 86 84 88 84 36 48 41 38 22 18 31 55 70 74 25 29 33 26 44 82 54 29 13 7 9 23 10 12 6 15 8 3 2 1 1 1 1 1 0 0 0 0 0 0 0 0 0 0 0 0
14 33 37 50 51 46 61 47 72 60 38 63 52 23 53 37 31 12 4 1 1 1 1 1 2 5 9 31 5 4 6 7 23 15 30 26 15 17 9 7 50 61 27 40 37 47 65 66 83 87 82 52 51 64 38 44 26 57 73 63 64 23 39 28 18 72 83 56 33 10 5 6 23 13 7 5 7 7 2 1 1 1 1 1 1 0 0 0 0 0 0 0 0 0 0 0
4 7 27 54 66 52 80 78 79 77 68 70 45 62 73 61 38 19 33 9 5 3 4 5 5 13 27 14 7 9 8 20 36 25 27 37 29 27 20 19 15 29 26 27 19 38 70 50 68 79 88 58 48 43 53 46 10 44 62 61 60 39 24 23 10 53 70 70 37 29 4 2 12 26 8 2 2 1 3 1 1 1 1 0 1 0 0 0 0 0 0 0 0 0 0 0
9 9 18 63 67 73 71 60 58 80 86 67 78 79 77 65 46 51 40 34 19 3 9 15 28 62 52 14 5 12 15 17 20 29 20 30 31 35 42 25 16 19 15 14 27 34 51 49 17 62 78 84 43 33 38 18 15 10 33 40 74 66 13 14 27 33 36 61 16 25 16 2 3 12 8 4 2 2 2 2 1 1 0 0 0 0 0 0 0 0 0 0 0 0 0 0
6 7 9 13 15 16 36 43 43 16 42 74 89 83 80 49 51 73 55 36 49 9 13 8 6 11 43 61 20 6 15 15 24 39 32 24 36 34 52 31 35 48 36 28 20 13 52 53 40 27 54 71 54 27 11 10 24 8 14 34 33 30 19 13 14 22 11 55 12 16 9 10 1 4 4 6 4 3 3 2 2 1 0 0 0 0 0 0 0 0 0 0 0 0 0 0
3 7 16 37 26 41 70 39 37 27 34 20 64 83 86 70 68 72 49 51 32 53 24 23 24 14 7 13 22 10 3 20 24 47 26 29 15 22 46 38 36 31 25 25 39 33 31 11 31 56 31 40 11 12 6 16 12 19 13 13 29 36 25 16 5 6 6 32 37 8 3 6 5 1 2 2 4 2 1 1 1 1 1 0 0 0 0 0 0 0 0 0 0 0 0 0
4 10 7 7 16 16 18 30 33 28 17 11 15 41 66 78 78 41 15 19 20 51 30 47 37 28 21 6 7 19 8 51 40 21 56 37 34 37 44 27 33 52 53 46 49 32 36 20 19 15 53 33 26 16 10 8 14 15 10 12 22 38 21 10 9 5 9 19 38 17 5 2 8 4 2 0 0 2 1 1 0 0 0 0 0 0 0 0 0 0 0 0 0 0 0 0
13 2 7 15 23 29 21 20 26 31 40 28 48 27 24 31 41 28 23 32 59 21 21 43 66 66 18 16 11 54 28 30 64 51 65 27 71 40 32 29 36 35 34 42 35 35 35 23 20 20 16 22 15 16 16 13 10 13 6 3 5 9 14 13 13 7 6 9 13 16 7 7 8 3 3 1 1 1 1 0 1 0 0 0 0 0 0 0 0 0 0 0 0 0 0 0
33 13 22 17 14 34 18 29 47 39 27 31 19 37 45 33 33 28 22 35 22 49 38 29 15 31 44 45 54 10 14 47 45 15 35 33 17 56 31 30 34 43 22 29 17 19 17 23 26 24 12 6 22 24 16 20 10 8 7 6 3 6 16 6 6 6 3 5 7 15 3 4 2 1 1 1 1 0 1 1 0 0 0 0 0 0 0 0 0 0 0 0 0 0 0 0
52 42 8 8 31 13 37 64 35 23 37 30 32 57 19 34 27 25 21 17 27 39 35 33 28 18 23 28 15 22 12 44 38 40 43 53 16 24 50 19 24 41 34 41 37 14 19 21 15 22 7 11 3 8 7 24 7 8 6 10 5 5 2 2 1 1 0 1 2 2 1 0 2 1 1 2 1 1 1 0 0 0 0 0 0 0 0 0 0 0 0 0 0 0 0 0
54 45 73 17 15 40 11 16 42 49 29 41 30 48 17 44 38 33 29 36 46 54 35 22 32 33 26 31 53 54 43 13 10 16 40 31 30 9 49 43 38 31 14 20 31 28 18 10 17 20 12 3 19 11 7 20 10 3 6 3 2 4 2 2 1 0 0 0 1 2 2 1 1 1 1 1 1 1 2 1 0 0 0 0 0 0 0 0 0 0 0 0 0 0 0 0
49 51 62 48 15 15 42 19 8 20 36 26 19 26 30 33 22 15 22 37 39 42 73 50 38 38 32 30 58 69 48 29 11 25 47 40 56 27 9 52 29 39 37 30 16 14 18 22 16 16 6 2 4 2 1 6 4 4 3 1 2 3 2 1 1 1 0 0 0 1 1 1 1 1 2 2 2 1 0 0 0 0 0 0 0 0 0 0 0 0 0 0 0 0 0 0
49 58 75 59 66 31 10 59 23 22 59 25 37 26 16 41 20 26 24 21 17 31 59 49 40 42 38 33 46 70 76 49 27 22 61 58 61 39 17 27 69 27 24 53 31 32 21 24 22 9 5 2 1 2 1 2 3 3 1 1 1 1 1 2 1 1 0 0 0 0 0 0 1 0 0 1 1 1 1 0 0 0 0 0 0 0 0 0 0 0 0 0 0 0 0 0
56 49 45 66 43 50 51 23 65 36 51 68 53 61 44 24 27 20 30 51 28 42 67 63 41 41 41 30 21 24 66 57 39 29 24 63 45 33 26 15 21 54 14 15 16 17 19 24 35 14 17 4 3 2 1 1 1 1 1 3 1 0 1 1 0 0 0 0 0 0 0 0 0 0 0 0 0 0 0 0 0 0 0 0 0 0 0 0 0 0 0 0 0 0 0 0
29 68 61 72 56 65 69 58 38 28 22 20 31 24 22 50 41 27 44 21 60 27 69 78 42 44 45 28 17 7 15 40 59 42 15 42 53 21 48 38 26 14 40 41 20 18 28 16 22 9 20 6 2 1 1 1 1 1 0 1 1 1 0 0 0 0 0 0 0 0 0 0 0 0 0 0 0 0 0 0 0 0 0 0 0 0 0 0 0 0 0 0 0 0 0 0
17 22 18 30 35 19 19 18 31 32 46 44 46 53 21 24 51 50 43 45 33 26 60 83 65 58 51 50 30 9 8 9 49 34 36 34 53 20 47 51 35 15 12 36 25 30 20 15 18 6 1 1 3 2 2 1 0 0 0 0 0 0 0 0 0 0 0 0 0 0 0 0 0 0 0 0 0 0 0 0 0 0 0 0 0 0 0 0 0 0 0 0 0 0 0 0
25 39 30 17 22 33 25 26 34 58 27 56 39 27 32 39 33 20 27 45 25 73 42 66 73 58 61 54 52 23 10 11 7 22 36 38 43 22 46 26 35 33 22 17 28 17 17 25 16 10 6 2 3 1 1 1 0 0 0 0 0 0 0 0 0 0 0 0 0 0 0 0 0 0 0 0 0 0 0 0 0 0 0 0 0 0 0 0 0 0 0 0 0 0 0 0
41 25 45 21 31 50 33 35 34 50 23 34 30 17 27 60 42 43 30 30 62 49 35 28 76 51 23 18 17 11 14 5 13 6 11 17 76 54 27 41 26 14 23 23 13 23 11 10 24 17 11 4 2 1 1 1 0 0 0 0 0 0 0 0 0 0 0 0 0 0 0 0 0 0 0 0 0 0 0 0 0 0 0 0 0 0 0 0 0 0 0 0 0 0 0 0
31 27 27 24 15 24 22 16 19 23 35 39 29 16 28 32 25 39 45 70 49 32 41 60 76 68 34 25 24 26 22 21 8 12 13 8 5 8 19 23 17 28 11 20 15 23 21 11 23 10 11 8 4 2 1 0 0 0 0 0 1 1 1 1 0 0 0 0 0 0 0 0 0 0 0 0 0 0 0 0 0 0 0 0 0 0 0 0 0 0 0 0 0 0 0 0
20 18 18 13 15 13 19 17 11 8 16 16 15 34 33 31 21 45 32 26 30 30 16 10 17 19 14 21 42 43 25 47 33 12 8 6 7 7 5 17 14 25 19 9 24 14 20 13 10 5 6 4 2 2 0 0 0 0 1 1 2 2 1 1 1 0 0 0 0 0 0 0 0 0 0 0 0 0 0 0 0 0 0 0 0 0 0 0 0 0 0 0 0 0 0 0
21 14 13 5 7 11 22 31 55 52 46 12 18 32 22 17 24 39 52 40 45 23 27 23 16 19 47 26 30 42 52 38 22 22 23 4 2 4 6 8 9 12 18 19 18 15 8 6 12 5 3 2 1 1 1 1 1 2 3 2 3 3 2 2 1 1 1 1 1 1 1 0 0 0 0 0 0 0 0 0 0 0 0 0 0 0 0 0 0 0 0 0 0 0 0 0
5 6 5 5 15 17 15 29 68 69 58 62 37 17 25 41 30 39 41 21 18 19 43 29 28 29 45 19 9 28 24 17 7 13 21 12 5 4 9 5 4 6 6 6 9 9 9 4 6 4 2 1 1 1 3 3 2 3 5 5 2 4 4 3 5 1 2 2 2 2 0 0 0 0 0 0 0 0 0 0 0 0 0 0 0 0 0 0 0 0 0 0 0 0 0 0
5 6 16 13 31 19 43 32 13 24 62 62 54 65 69 57 80 54 41 41 17 8 34 25 25 36 20 19 13 11 24 26 24 17 22 11 7 16 18 5 3 14 7 9 5 3 7 3 2 2 1 1 3 6 6 8 4 4 4 5 3 6 7 10 8 5 3 2 2 1 1 1 1 0 0 0 0 0 0 0 0 0 0 0 0 0 0 0 0 0 0 0 0 0 0 0
10 5 3 10 32 48 54 79 70 38 49 78 65 54 76 58 82 82 79 57 33 43 10 11 12 10 30 34 36 47 14 50 46 22 8 10 4 12 13 6 17 8 7 5 7 3 4 3 2 2 4 4 11 19 20 11 15 6 8 8 5 11 11 12 8 5 4 3 3 3 2 0 0 0 0 0 0 0 0 0 0 0 0 0 0 0 0 0 0 0 0 0 0 0 0 0
15 16 38 10 9 28 52 69 74 41 31 79 42 38 74 57 54 32 47 61 19 30 25 18 14 18 26 33 31 51 24 15 13 30 18 17 6 25 12 10 15 20 14 12 13 16 15 9 3 8 16 15 19 32 33 32 10 6 21 13 8 13 14 9 13 11 1 7 6 2 2 1 1 0 0 0 1 0 0 0 0 0 0 0 0 0 0 0 0 0 0 0 0 0 0 0
44 21 31 59 41 20 19 28 31 71 28 71 50 45 72 38 18 24 36 28 20 8 25 16 20 36 35 17 12 33 22 14 6 5 7 6 20 22 10 6 35 35 18 36 28 12 12 5 5 13 27 30 32 64 29 23 17 7 34 13 12 16 24 24 15 9 6 8 3 1 1 1 1 1 0 0 1 0 0 0 0 0 0 0 0 0 0 0 0 0 0 0 0 0 0 0
70 68 36 56 71 79 69 38 18 18 47 78 66 32 69 35 34 25 36 32 13 9 31 13 31 27 29 26 21 15 9 12 12 17 21 13 27 6 10 18 35 34 44 44 23 10 5 8 19 13 27 49 66 33 22 28 27 14 49 19 39 13 29 13 11 29 13 5 8 2 1 1 3 3 1 0 0 0 0 0 0 0 0 0 0 0 0 0 0 0 0 0 0 0 0 0
65 75 75 65 68 83 71 85 59 16 35 67 14 26 53 47 37 16 48 10 10 8 18 10 46 30 16 13 12 3 3 12 18 13 29 11 36 9 25 26 52 54 61 25 20 11 10 23 35 34 31 56 56 35 40 55 41 24 61 55 26 32 25 30 46 22 15 10 5 2 2 10 3 0 1 1 0 0 0 0 0 0 0 0 0 0 0 0 0 0 0 0 0 0 0 0
58 79 78 83 76 73 82 82 70 43 38 34 43 18 50 39 29 20 16 9 9 9 27 16 22 20 17 35 24 23 25 26 15 8 10 22 51 23 29 39 67 64 46 25 13 20 23 50 63 46 39 62 50 34 48 69 32 50 55 47 53 21 29 61 58 26 18 7 8 8 5 4 2 2 1 0 0 0 0 0 0 0 0 0 0 0 0 0 0 0 0 0 0 0 0 1
16 71 82 70 79 37 61 71 70 68 59 65 46 16 52 73 45 21 23 16 8 15 25 15 14 16 27 8 12 13 5 11 8 22 49 34 54 25 26 41 66 43 21 9 20 43 42 44 74 57 62 64 34 57 70 63 30 51 41 65 52 57 62 50 34 17 20 8 3 1 1 1 0 0 0 0 0 0 0 0 0 0 0 0 0 0 0 0 0 0 0 0 0 0 0 0
28 25 52 26 13 15 22 19 22 11 14 28 58 19 10 50 61 44 33 30 16 11 9 10 27 9 17 17 44 38 8 19 22 26 63 66 75 41 26 55 49 21 12 26 51 53 49 49 77 59 65 77 67 61 77 64 61 38 58 63 39 59 45 15 6 5 3 5 8 6 4 3 3 1 0 0 0 0 0 0 0 0 0 0 0 0 0 0 0 0 0 0 0 0 0 1
32 30 15 18 28 54 55 22 25 5 11 13 8 4 16 10 11 21 10 8 6 26 14 16 8 28 25 31 19 28 25 43 39 38 65 77 60 51 42 59 30 27 25 44 59 59 68 45 67 77 69 82 86 70 64 79 80 62 79 73 71 76 50 53 28 21 17 12 5 1 2 1 1 1 1 1 0 0 0 0 0 0 0 0 0 0 0 0 0 0 0 0 0 0 0 1
52 51 43 33 54 61 63 49 21 17 27 20 23 17 16 21 17 7 7 9 11 32 15 15 27 34 16 60 54 43 51 56 53 54 64 43 28 44 25 57 43 36 31 48 64 71 74 67 72 79 69 80 76 74 30 40 73 81 78 60 19 13 28 21 44 19 10 17 4 1 1 1 1 0 0 0 0 0 0 0 0 0 0 0 0 0 0 0 0 0 0 0 0 0 0 1
34 11 41 50 59 51 53 32 11 20 19 26 50 42 20 19 8 15 12 13 3 7 49 30 22 6 11 32 48 37 40 46 65 40 68 29 41 30 12 53 43 37 50 65 65 78 79 64 81 87 66 45 47 35 20 19 50 60 46 25 32 22 17 22 13 10 7 3 7 3 3 1 1 1 0 0 0 0 0 0 0 0 0 0 0 0 0 0 0 0 0 0 0 0 1 1
