sesion_6_simulaciones/modelos_agentes/ejemplos_netlogo/scenarios/echam4_b2/rob_2044.asc
NCOLS 322 
NROWS 307 
XLLCORNER 451900 
YLLCORNER 4086900 
CELLSIZE 100 
NODATA_value -9999 
[rows 222 to 295 of 307, columns 192 to 287 of 322]
4 4 3 1 6 4 2 1 0 0 0 0 0 0 0 0 0 0 0 0 1 3 9 8 4 6 4 4 9 11 6 7 22 22 21 17 25 43 38 40 41 34 35 55 35 42 44 23 28 38 32 24 8 8 12 12 9 22 40 51 38 30 42 27 64 82 73 69 80 84 55 34 13 3 2 0 0 0 0 0 0 0 0 0 0 0 0 0 1 1 2 3 4 5 7 5
16 18 12 7 4 2 2 1 1 0 0 0 0 0 0 0 0 0 0 1 1 5 10 19 9 11 12 9 17 19 12 13 24 25 28 18 29 24 30 31 36 30 36 55 44 28 42 24 29 25 26 14 12 8 5 5 7 19 20 26 20 33 42 32 44 69 63 57 74 77 56 25 12 4 1 0 0 0 0 0 0 0 0 0 0 1 1 0 1 1 2 2 5 6 7 10
19 15 15 8 5 3 2 1 1 0 0 0 0 0 0 0 0 1 0 1 2 8 13 29 25 16 16 21 22 33 33 22 23 25 29 19 31 14 29 29 21 29 34 52 61 27 36 35 15 13 16 15 21 5 2 9 8 25 13 30 33 38 44 46 25 30 9 6 14 58 69 28 8 1 1 1 1 0 0 0 0 0 0 0 0 1 1 1 1 1 2 5 5 6 9 19
11 8 7 5 3 2 1 1 1 0 0 0 0 0 0 0 1 1 2 1 3 4 9 24 33 33 25 28 26 37 67 47 31 31 18 21 24 21 41 23 19 20 30 35 54 45 17 23 8 8 6 5 8 9 2 6 7 8 17 38 48 44 57 49 27 31 20 24 9 10 37 15 5 4 2 2 2 1 0 0 0 0 1 0 0 0 0 1 2 1 2 6 7 6 9 14
10 7 6 3 1 1 1 1 0 0 0 0 0 0 0 1 1 2 3 5 3 6 14 17 32 58 39 37 38 28 44 59 31 41 31 34 38 38 24 25 14 20 19 20 23 29 21 37 28 7 22 18 7 5 2 5 23 20 29 38 56 50 49 34 29 28 35 45 23 15 12 3 5 3 4 3 1 1 1 0 1 1 1 0 0 0 1 0 1 1 1 2 6 9 8 14
7 11 7 6 3 2 1 1 0 0 0 0 0 0 1 1 2 1 4 10 9 16 16 21 31 56 71 45 60 36 45 58 42 29 47 49 38 32 32 28 8 13 11 20 28 33 39 49 57 18 15 13 9 3 5 6 14 14 29 43 51 42 36 28 53 44 51 45 26 19 6 5 6 7 6 5 3 2 1 0 1 1 1 0 1 0 0 0 1 1 1 2 3 3 9 15
12 6 4 3 2 1 0 0 0 0 0 0 0 0 1 1 1 2 7 12 20 37 49 34 39 50 79 41 62 37 42 57 23 25 46 45 48 42 32 30 19 20 16 13 29 33 32 46 43 32 23 14 10 5 14 28 27 25 45 66 50 30 30 46 75 68 43 32 24 15 13 11 15 10 15 8 5 3 0 0 0 2 1 1 1 1 1 1 1 1 2 3 3 4 5 13
12 7 3 2 1 1 0 0 0 0 0 0 0 0 0 1 1 2 3 6 10 28 49 66 56 50 67 66 73 43 62 37 23 22 33 50 49 44 26 28 27 29 19 17 20 35 33 35 29 20 29 18 10 7 16 20 31 22 34 18 26 48 52 77 72 53 41 28 34 34 28 22 21 24 9 5 4 2 1 0 0 1 3 2 1 1 2 2 1 1 2 3 8 9 10 15
4 4 3 1 0 0 1 0 0 0 0 0 0 0 1 1 3 1 3 6 16 24 47 46 65 63 70 73 68 40 53 28 22 47 34 44 48 34 30 38 31 38 17 19 34 37 44 35 40 18 14 12 10 3 7 5 61 32 18 31 42 43 51 46 34 29 32 33 26 30 42 43 29 9 3 2 2 1 0 0 0 0 3 2 1 2 4 7 2 1 2 4 6 5 10 14
1 1 2 1 1 1 0 0 0 0 0 0 0 1 2 3 2 3 6 12 15 25 44 56 54 59 63 59 64 60 69 37 27 37 47 35 46 39 33 31 36 24 28 18 17 23 37 43 36 21 11 8 6 6 13 15 6 72 77 48 29 15 33 31 42 38 28 20 12 37 68 45 18 8 3 1 1 0 0 0 0 1 2 1 3 2 3 5 8 2 2 5 6 8 8 15
2 0 0 1 1 1 0 0 0 0 0 0 1 1 3 3 2 4 10 11 13 37 55 64 52 54 63 55 76 79 55 41 40 50 33 48 45 41 38 36 33 30 38 14 27 23 36 30 19 7 15 10 11 13 20 33 28 27 34 40 22 41 26 28 27 33 32 13 23 40 45 21 16 12 3 1 0 0 0 1 1 1 1 5 4 1 1 2 12 2 3 5 7 8 7 9
1 1 1 0 1 1 0 0 0 0 0 0 0 0 1 2 5 8 12 29 21 22 62 55 70 55 58 63 23 75 50 50 37 52 41 33 37 46 38 36 36 29 52 16 14 46 32 30 22 13 23 11 10 19 32 14 38 39 22 10 20 13 21 26 27 29 20 52 42 19 31 15 11 7 4 1 0 1 1 1 1 2 1 2 3 4 2 4 6 8 7 4 5 15 10 9
2 1 1 1 1 0 0 0 0 0 0 0 0 0 1 1 3 5 13 28 43 50 72 58 69 67 69 61 65 53 78 44 32 44 36 17 23 41 44 50 37 16 31 39 9 18 28 45 21 21 26 16 9 18 16 18 9 12 16 30 26 28 27 42 20 22 35 20 15 24 20 14 9 2 0 0 1 1 1 1 1 1 2 3 6 8 3 3 8 8 23 10 4 7 19 15
1 1 1 0 0 0 0 0 0 0 0 0 0 0 1 1 2 5 14 24 43 37 55 18 37 57 57 27 24 44 68 38 38 70 32 36 42 47 28 10 21 10 30 39 9 26 44 24 8 18 22 21 9 16 12 7 26 34 35 26 14 21 49 62 43 35 55 54 45 31 20 11 3 1 0 1 2 1 3 1 1 2 3 3 7 6 12 4 9 6 2 15 7 6 9 14
1 1 1 0 0 0 0 0 0 0 0 0 0 0 0 0 2 3 9 19 28 21 20 46 40 41 28 34 40 43 57 49 55 59 47 43 42 37 38 18 28 22 28 37 10 18 33 26 12 8 11 15 10 13 5 15 29 13 18 25 26 51 59 62 63 60 43 32 40 28 42 18 6 2 0 0 1 2 3 1 2 3 3 2 4 7 6 17 14 13 7 19 11 2 7 6
1 1 0 0 0 0 0 0 0 0 0 0 0 0 0 0 1 3 4 6 10 40 44 35 46 54 48 33 38 45 46 41 50 54 33 44 38 37 44 16 41 34 22 39 9 13 28 21 25 23 7 7 19 15 10 16 19 16 40 29 59 43 44 72 81 52 46 22 46 20 13 9 2 2 2 1 1 3 4 3 5 3 3 4 4 3 7 18 31 37 8 7 14 6 10 19
1 1 0 0 0 0 0 0 0 0 0 1 1 1 0 0 1 1 2 6 12 21 31 27 22 35 49 33 43 29 39 44 45 58 46 53 36 44 30 30 17 27 13 28 8 7 16 14 16 21 20 8 7 3 10 6 6 25 28 26 38 30 55 64 67 75 45 19 10 11 7 1 1 2 4 3 2 2 6 6 11 5 5 5 6 5 3 3 4 11 29 24 17 11 12 19
1 0 0 0 0 0 0 0 0 0 0 1 1 1 1 1 2 2 1 6 11 23 21 30 37 48 36 28 35 31 18 21 37 36 27 44 25 38 30 26 26 24 54 32 11 14 23 33 13 7 9 7 2 10 3 7 17 47 38 69 69 52 37 46 45 31 35 34 16 7 2 1 1 5 3 7 3 3 7 12 9 14 8 6 6 5 8 6 6 8 18 16 15 45 15 25
0 0 0 0 0 0 0 0 0 0 1 1 1 1 1 1 3 3 4 3 9 5 11 16 18 31 26 21 22 23 34 32 19 16 11 57 35 54 20 30 22 17 50 33 24 13 36 26 19 14 6 24 8 24 16 26 29 14 27 36 43 39 24 35 48 37 42 18 18 8 4 0 2 3 4 8 11 4 4 8 11 19 11 15 9 4 6 10 3 1 4 4 5 20 26 19
0 0 0 0 0 0 0 0 0 1 1 1 1 2 4 2 3 6 5 12 21 22 34 39 43 38 40 52 57 42 45 52 44 34 40 34 61 41 23 22 16 12 10 37 20 7 15 15 20 11 21 23 32 46 79 70 68 58 62 40 41 42 48 58 47 36 29 19 14 6 2 0 3 4 9 8 11 8 9 18 11 22 15 20 11 6 6 12 18 5 9 10 6 4 5 10
1 0 0 0 0 0 0 1 0 0 1 1 1 3 5 3 1 2 12 20 36 30 43 56 64 69 67 59 78 64 50 40 34 21 13 14 27 32 28 17 18 9 8 19 10 7 5 14 8 13 4 2 4 6 20 36 79 81 65 59 43 41 23 53 39 28 25 16 4 2 1 1 4 6 4 7 10 18 12 20 12 7 27 26 15 7 8 17 16 7 10 15 13 24 28 38
1 0 0 0 0 0 1 1 1 1 1 1 2 3 3 6 1 1 3 8 22 42 22 47 47 62 71 56 11 25 43 30 18 17 25 30 30 18 35 16 14 11 3 11 10 11 4 4 3 11 6 6 5 6 7 8 24 56 72 77 82 44 39 28 24 22 22 18 13 3 1 3 8 9 8 10 28 21 23 21 23 9 11 38 24 9 9 12 13 10 16 9 20 25 35 44
0 0 0 1 1 1 1 1 1 1 1 1 2 3 3 5 3 1 4 7 13 22 17 38 30 29 26 17 13 14 25 22 19 26 21 14 23 34 36 4 12 12 5 9 9 2 2 10 10 8 14 11 16 19 23 26 34 49 45 35 49 78 60 48 40 37 36 19 10 3 2 8 10 16 17 13 22 29 23 18 16 17 7 22 36 18 19 8 22 11 20 22 15 28 28 21
0 0 1 1 1 1 2 2 2 2 1 1 2 2 4 3 10 1 2 2 5 5 13 14 21 33 32 36 40 26 34 20 19 33 27 22 17 13 5 7 9 13 38 12 6 5 2 4 9 9 15 33 14 24 48 29 24 22 27 20 22 38 59 57 45 30 30 18 6 1 4 10 10 15 19 21 15 40 27 40 20 32 21 20 56 26 34 14 24 23 23 37 24 25 22 31
0 1 1 1 2 2 2 2 3 2 1 2 2 4 7 6 6 2 2 5 4 4 12 14 22 31 37 32 32 49 40 47 38 59 17 12 14 17 14 14 30 24 10 7 24 8 5 4 5 27 36 12 22 28 23 24 39 36 48 30 28 24 26 30 32 25 15 13 5 3 5 11 12 20 18 17 18 27 35 45 32 22 35 21 57 21 23 27 17 41 25 25 26 19 22 22
1 1 2 2 2 1 2 3 5 5 2 1 3 2 11 26 3 3 2 9 11 12 10 12 19 19 31 22 25 36 36 29 24 24 27 24 22 26 23 15 8 5 3 3 7 8 10 6 26 44 12 5 9 27 35 31 24 38 26 25 31 25 24 17 16 13 12 7 4 5 10 13 14 15 17 19 22 26 39 33 33 30 32 47 59 24 26 30 19 42 28 14 35 14 8 19
1 1 2 3 3 2 3 4 7 8 2 1 2 4 8 10 4 5 3 7 14 13 14 9 10 8 22 26 28 36 25 21 28 24 24 22 21 17 15 10 9 5 3 2 3 2 2 19 6 15 8 6 9 10 21 71 45 49 39 35 28 27 22 17 13 12 9 5 4 5 10 12 10 17 16 25 32 22 27 51 41 47 46 45 57 42 45 19 44 38 13 21 30 13 17 21
2 2 2 8 4 2 2 5 7 16 3 2 4 5 9 18 9 6 5 13 18 28 17 21 21 7 13 19 22 18 25 18 23 24 23 12 11 6 7 10 18 15 17 11 5 11 11 6 2 5 9 22 27 24 33 21 32 37 49 49 38 25 21 20 16 12 10 5 2 10 12 13 19 19 32 28 26 38 25 22 35 36 35 48 26 83 49 19 33 36 9 22 17 36 20 27
4 6 3 10 6 3 3 7 8 12 2 2 5 7 11 13 20 2 11 17 20 36 22 24 25 31 19 16 11 13 15 25 38 28 10 21 10 17 9 12 15 14 9 5 4 7 4 3 6 13 17 18 28 30 41 14 11 13 15 29 26 28 25 24 21 21 15 6 2 11 12 12 21 25 32 14 23 18 36 17 26 22 38 24 47 74 32 21 49 21 12 22 22 30 35 33
3 4 8 9 8 7 4 5 12 24 3 6 8 12 12 22 4 3 12 18 29 37 43 26 47 31 33 31 19 20 12 46 49 30 31 18 16 21 13 9 15 7 8 4 4 6 6 5 4 10 16 15 30 33 34 12 24 31 34 41 38 35 34 39 29 30 18 7 3 14 14 14 32 21 27 40 39 28 16 31 21 30 32 42 34 57 49 40 44 22 20 30 16 18 9 40
2 3 10 10 9 9 6 6 12 16 5 9 13 28 31 13 3 3 15 19 21 43 40 49 32 33 50 37 32 31 30 39 51 43 30 33 32 17 33 15 8 13 3 2 2 4 4 5 6 7 13 16 26 25 31 32 35 43 45 50 53 57 43 31 21 14 16 4 6 17 21 18 32 35 25 28 40 29 32 11 40 14 18 40 44 57 64 73 41 23 31 26 32 35 23 47
4 4 11 15 22 13 7 8 17 21 5 6 17 34 23 6 2 8 12 17 32 37 40 43 46 35 47 39 50 49 46 37 15 23 30 28 29 13 24 19 17 10 6 4 7 6 3 8 5 3 4 13 26 43 32 32 51 52 51 35 56 38 20 24 26 19 8 5 5 15 33 20 30 35 42 33 41 28 33 28 20 41 21 9 12 36 57 70 36 45 34 31 27 46 20 21
4 6 7 12 30 20 8 11 15 23 5 5 18 33 15 6 3 8 19 19 22 25 32 41 56 33 38 37 31 48 51 37 32 25 25 14 19 16 19 13 13 8 5 8 11 9 4 8 2 2 3 18 30 20 45 50 27 34 25 28 25 22 36 37 19 17 15 5 7 8 37 25 25 26 30 43 33 33 16 31 15 45 27 22 13 10 29 46 54 68 41 36 29 37 14 18
5 14 10 9 14 33 12 16 30 9 6 6 12 40 20 8 3 12 20 21 32 43 42 55 53 47 25 30 48 43 23 45 71 51 21 19 12 17 23 14 8 11 10 4 6 3 4 2 7 7 10 16 20 35 49 34 48 35 35 40 33 30 28 23 22 20 11 6 5 13 14 41 26 24 28 30 50 46 29 50 20 18 30 27 20 18 17 34 53 57 40 40 33 35 22 30
7 10 20 18 9 23 8 18 50 10 9 19 25 33 11 10 1 6 23 28 42 33 37 58 55 52 44 16 13 17 22 20 25 11 11 17 29 16 13 21 16 10 6 4 3 2 2 4 9 15 15 17 23 36 56 53 54 42 34 44 37 41 42 26 26 23 10 9 8 25 25 26 46 22 26 29 53 45 32 24 39 18 15 36 35 20 23 24 41 53 59 37 32 22 39 17
8 11 26 33 15 35 9 18 53 24 11 28 33 22 9 3 2 5 10 27 47 46 38 39 46 56 37 17 19 17 20 21 22 19 12 7 14 16 25 19 12 8 3 5 5 2 3 2 1 1 11 15 12 27 29 23 30 48 49 44 47 26 28 27 22 23 20 5 10 25 30 25 31 12 34 34 33 51 59 44 48 26 18 17 35 25 16 28 45 79 71 36 22 19 37 16
10 11 13 36 17 33 20 16 23 34 15 36 32 7 3 5 7 11 19 34 34 38 48 26 35 45 58 21 17 16 25 25 21 21 16 19 14 15 10 3 4 8 4 5 7 3 3 1 4 6 9 21 40 38 27 52 52 70 52 34 43 44 43 40 38 21 19 10 14 29 26 39 51 25 22 47 37 52 43 37 55 23 28 29 52 27 12 19 15 37 58 32 28 15 47 31
9 10 9 22 49 21 37 16 41 22 42 21 8 4 8 8 15 10 39 47 26 36 38 40 16 32 43 54 26 26 15 25 17 10 8 10 12 7 6 5 4 2 1 1 3 2 2 2 4 5 5 14 17 31 45 47 31 55 41 25 32 38 38 37 21 18 13 24 25 29 33 41 11 31 42 48 44 31 52 25 63 27 28 21 26 50 31 32 38 32 47 24 45 18 27 49
22 13 10 13 22 40 42 21 58 33 32 7 4 8 12 19 19 12 15 15 29 31 35 58 50 29 35 13 32 45 14 24 12 10 14 14 20 10 8 5 4 3 8 4 2 1 1 1 3 7 9 17 19 20 32 32 31 31 22 8 24 31 31 28 16 13 14 24 25 29 32 47 16 16 9 16 40 57 68 25 54 43 29 29 18 17 57 25 39 38 39 44 19 16 31 45
15 23 17 13 13 24 55 26 29 13 8 2 7 12 23 33 31 12 16 18 30 33 29 11 16 16 17 27 11 15 36 53 28 18 8 18 6 7 10 2 3 4 2 1 2 4 2 2 3 6 10 8 11 18 21 27 20 39 29 31 44 32 33 21 28 27 17 28 28 29 28 47 16 29 17 23 21 16 37 39 24 53 30 33 18 39 43 14 34 52 51 42 20 19 18 24
16 27 18 24 33 41 43 26 28 7 10 7 12 25 26 31 37 23 26 27 32 33 25 18 15 19 17 10 12 21 13 17 20 33 27 37 7 4 4 5 6 3 4 4 1 1 3 2 4 9 17 10 11 16 33 15 33 55 62 52 46 33 36 35 29 26 27 40 29 30 29 36 22 32 30 24 35 31 35 52 18 51 29 47 18 15 35 11 16 24 50 33 12 20 20 46
18 32 24 30 38 48 45 11 7 4 13 12 22 26 28 37 25 46 40 26 31 31 27 30 31 20 21 13 15 33 17 4 4 6 7 21 27 12 15 24 13 9 4 3 3 2 0 3 9 8 13 5 8 17 22 26 43 69 36 40 49 30 35 30 27 29 33 47 29 30 31 34 32 32 42 24 34 32 30 30 50 74 36 46 31 11 38 20 7 14 29 40 19 25 17 7
20 38 40 35 65 53 12 8 11 13 24 22 17 34 28 43 16 30 59 19 33 26 14 21 29 37 12 17 21 22 38 12 8 4 5 3 4 3 6 18 22 8 5 6 4 3 2 2 6 6 5 6 12 18 34 35 36 41 38 25 47 39 28 11 32 18 19 54 34 30 43 31 45 29 40 33 31 37 29 23 21 14 58 56 40 15 16 19 10 8 17 44 22 26 30 17
22 31 58 50 64 15 12 12 13 22 28 27 37 47 18 35 18 27 33 53 20 38 14 12 15 30 24 25 22 13 8 22 6 9 6 4 4 5 4 6 8 3 2 4 2 1 1 3 3 5 6 5 4 13 27 42 21 45 62 53 27 22 16 9 43 29 29 43 40 27 44 30 60 39 37 43 28 27 40 25 19 12 37 40 40 19 7 43 14 11 22 34 47 34 21 23
15 34 61 76 46 7 13 24 24 27 42 51 26 33 24 20 44 18 27 28 26 25 23 15 17 23 20 32 21 21 27 15 22 7 10 7 5 4 3 6 5 2 2 2 2 1 2 7 3 4 6 4 9 19 35 33 64 43 33 49 34 17 6 17 23 51 29 32 42 26 31 31 50 43 26 39 39 24 26 41 27 8 18 47 51 22 6 21 19 12 23 15 54 36 13 46
16 39 67 49 9 9 26 25 18 46 33 61 20 37 25 15 21 60 18 28 45 21 38 14 13 29 30 24 22 31 15 18 27 8 10 8 5 7 2 6 4 2 4 4 4 2 5 5 6 7 11 12 17 15 20 32 46 34 38 36 32 17 9 25 20 36 27 29 41 28 26 28 29 50 26 25 44 27 25 25 36 13 16 22 40 21 10 15 30 16 9 11 11 35 22 23
17 52 50 28 12 18 29 32 19 39 16 56 25 33 48 16 37 58 14 35 54 15 45 15 12 28 34 33 12 7 27 7 7 19 30 17 3 5 3 4 2 1 1 2 2 2 3 4 7 9 9 6 8 10 12 18 29 38 24 45 36 20 16 24 31 41 17 22 32 41 23 22 13 36 28 22 30 33 25 20 9 8 31 16 38 22 12 7 13 34 6 16 32 30 23 6
20 43 46 33 14 17 34 50 17 25 19 45 20 27 58 20 33 54 22 17 27 33 28 16 12 14 14 22 22 27 9 14 5 4 2 17 16 3 2 3 2 3 4 3 3 3 3 5 5 8 9 12 10 11 13 17 13 24 26 15 20 26 23 23 24 31 36 26 31 44 13 25 14 22 35 22 27 12 10 23 14 11 10 14 41 50 14 6 12 30 4 7 26 33 33 14
34 35 53 22 14 25 28 35 17 26 21 25 35 16 50 16 17 41 22 12 13 14 59 31 11 10 11 11 16 18 27 13 4 9 2 2 14 4 2 3 2 4 7 5 2 2 1 2 6 10 13 9 9 6 7 17 26 45 30 14 7 22 23 21 23 24 45 19 32 42 13 19 23 22 41 4 18 26 12 9 24 10 9 10 15 34 14 6 7 33 8 6 6 30 57 38
70 39 16 15 22 24 26 29 17 46 25 15 37 14 45 17 13 25 23 10 12 21 42 24 8 12 9 20 20 23 16 14 12 9 2 4 4 9 1 2 4 6 3 3 4 4 2 1 4 8 13 19 12 10 16 22 30 45 42 18 7 29 23 15 23 23 30 22 16 40 20 11 13 32 39 13 10 11 26 7 14 30 11 9 41 35 5 12 2 30 19 8 5 3 10 14
19 7 16 13 19 22 36 27 29 31 20 13 56 14 15 42 14 37 30 8 10 17 17 48 14 15 7 17 23 22 14 8 12 18 4 4 3 11 3 2 2 3 2 2 2 3 3 2 4 14 10 11 13 11 11 16 12 33 36 7 12 17 29 13 22 22 17 35 12 33 25 15 17 12 27 11 12 14 13 16 6 4 28 10 17 38 10 22 5 13 44 8 16 10 6 4
34 17 34 22 20 22 44 22 43 35 10 17 36 20 18 41 10 12 50 7 17 14 10 37 9 14 17 11 12 14 18 19 3 6 5 4 2 2 15 2 1 2 3 4 3 1 2 5 12 11 22 18 5 10 16 2 12 20 14 7 12 34 31 12 10 24 17 27 12 16 56 10 22 23 14 11 16 11 20 13 19 8 7 21 5 27 28 24 8 12 57 13 9 6 15 6
70 28 14 27 25 27 28 20 44 25 16 18 14 19 15 25 9 8 38 13 17 12 5 14 21 16 13 7 9 8 11 10 13 3 4 11 3 2 3 6 2 4 3 4 3 3 2 1 10 4 1 2 3 10 11 29 20 13 12 12 9 25 18 12 11 20 31 9 29 7 35 11 17 22 5 9 17 6 10 16 16 16 7 3 5 4 20 42 14 9 25 11 11 6 13 9
78 26 16 20 18 25 10 19 24 9 14 16 18 22 12 27 12 10 27 8 7 20 7 3 3 5 5 3 12 25 9 11 12 2 3 1 6 2 2 16 2 2 1 2 4 2 5 3 29 5 4 3 5 5 19 30 18 5 5 22 8 6 19 13 20 11 37 10 35 8 13 22 11 24 6 14 8 10 7 6 13 17 8 5 5 5 2 5 16 26 17 15 11 5 16 9
59 19 11 23 13 12 12 15 24 8 14 11 11 27 10 32 11 20 16 8 6 12 10 4 4 6 6 7 8 10 16 9 4 4 1 1 1 3 2 9 1 1 1 2 2 2 6 8 2 3 6 6 2 12 23 24 15 9 3 21 12 10 5 25 17 20 28 12 29 13 9 11 23 30 8 7 12 5 8 2 3 12 5 7 4 3 4 2 2 6 23 11 5 7 15 10
61 17 31 13 14 12 12 12 16 7 12 15 6 31 23 7 11 12 19 9 12 6 14 6 12 11 7 10 6 5 7 6 8 3 1 2 1 1 3 4 2 0 1 1 2 2 2 10 1 1 3 4 6 21 25 21 14 12 4 7 21 9 15 9 18 33 14 22 5 17 34 6 23 40 11 2 8 3 4 3 8 6 8 5 2 1 2 4 4 2 9 16 12 3 12 4
58 25 14 12 11 14 20 10 18 6 10 9 10 12 29 4 4 4 9 2 11 6 10 11 11 11 8 11 11 2 3 5 11 6 2 1 6 1 1 4 8 1 2 1 2 5 4 7 1 2 2 4 13 15 22 14 4 10 10 4 18 7 12 13 5 10 11 15 6 8 28 7 11 20 1 3 3 8 8 4 1 7 1 3 5 0 1 1 3 3 4 2 12 3 7 2
12 34 7 12 10 11 14 8 32 7 8 13 9 3 16 8 7 4 17 5 6 9 9 13 9 5 10 11 12 2 3 3 6 5 5 2 2 4 1 1 4 0 1 1 0 8 14 3 2 2 3 9 14 14 22 9 5 12 9 9 15 9 5 4 13 10 5 16 6 7 21 13 22 10 1 5 2 1 3 7 3 3 3 3 6 2 2 2 2 2 2 5 6 8 5 1
12 38 11 8 4 9 12 11 7 13 7 9 9 5 6 7 7 5 33 5 3 5 7 21 5 4 7 11 9 3 3 3 7 4 7 4 1 1 2 1 4 1 1 0 0 2 2 4 1 6 4 11 15 22 12 4 7 13 7 12 19 14 23 6 7 8 4 18 4 6 4 10 18 4 2 1 2 3 5 3 3 1 1 5 4 6 4 3 2 1 1 1 1 13 5 1
11 37 28 2 5 6 17 10 5 13 6 4 3 4 3 9 2 7 6 2 4 3 7 5 10 5 4 6 4 4 2 5 6 5 4 2 3 2 3 1 4 1 1 1 1 1 4 14 3 2 8 21 24 22 3 6 10 16 8 13 7 20 9 16 10 5 3 5 3 6 7 14 7 7 4 5 0 4 6 2 4 1 0 3 3 13 9 2 2 1 1 1 1 2 5 4
4 7 27 3 6 3 10 9 4 10 8 3 1 4 3 11 3 6 4 6 3 3 7 10 6 2 3 4 4 8 1 2 3 7 4 2 2 5 1 2 5 1 1 2 1 1 1 8 9 10 18 30 21 6 4 13 15 12 9 15 13 9 4 7 14 2 4 5 5 3 5 6 5 10 4 4 3 7 4 1 7 12 2 3 1 1 3 3 1 2 0 1 2 5 1 4
5 10 22 4 5 1 2 5 4 4 6 2 1 2 5 19 4 2 5 1 4 6 6 7 4 1 2 2 5 4 3 3 6 3 1 1 2 4 4 1 2 1 1 2 2 1 3 22 13 33 45 34 3 4 5 6 11 11 6 7 15 4 10 7 5 13 25 3 2 1 2 11 3 6 7 5 4 9 7 4 6 24 4 5 1 1 1 4 9 5 2 1 3 3 2 7
4 5 19 5 8 2 2 4 1 4 6 4 2 2 3 7 4 2 4 2 4 4 3 2 3 1 7 1 3 6 3 3 6 7 2 1 3 1 1 3 0 1 0 2 8 27 43 18 18 22 12 3 4 5 7 7 9 7 5 4 4 3 6 7 1 10 5 0 0 3 3 4 9 3 10 7 6 6 8 3 7 9 3 5 3 2 2 2 2 3 3 6 1 5 7 14
5 2 1 13 3 1 1 1 1 3 10 2 2 1 2 4 1 1 6 1 2 3 2 2 1 1 1 1 0 4 2 3 3 3 2 3 2 2 0 1 1 1 1 20 12 16 48 53 22 6 2 3 3 6 5 5 7 7 5 1 0 1 5 13 11 21 2 1 1 7 9 4 4 1 12 3 9 4 10 2 5 6 5 7 4 4 1 1 1 1 1 1 4 1 5 7
4 3 2 13 0 1 2 1 4 0 5 2 1 2 3 5 2 2 4 2 1 2 1 4 1 2 0 4 1 1 2 2 5 3 1 1 5 2 1 1 2 24 35 33 46 17 31 58 34 1 2 4 4 4 1 3 4 3 3 0 0 4 14 20 14 6 3 7 6 3 7 8 2 2 4 4 8 7 18 22 29 12 3 6 5 4 3 0 1 2 2 1 1 3 8 9
3 2 1 17 1 1 1 1 5 0 1 4 1 1 1 4 1 2 7 2 1 1 1 5 1 2 1 2 2 3 1 2 3 3 2 2 2 1 1 5 15 34 58 42 59 62 52 35 1 2 5 3 3 4 1 2 6 9 2 1 1 6 14 9 5 3 5 6 6 3 7 16 27 4 2 4 4 6 10 5 2 5 6 15 10 5 2 1 3 1 3 3 2 3 13 2
2 2 1 2 6 4 1 1 4 1 1 4 0 1 1 1 2 1 2 2 0 0 0 2 1 2 3 2 4 1 1 2 1 4 1 3 1 1 2 9 6 8 26 53 65 53 2 1 4 2 2 2 3 3 2 1 1 18 3 4 2 4 2 7 6 2 6 6 4 14 12 17 2 3 4 8 7 7 8 6 7 7 8 4 8 2 3 1 2 0 1 3 1 2 9 3
2 1 1 1 7 2 1 1 2 1 1 1 1 0 0 0 1 0 1 1 1 0 0 0 2 3 2 1 2 1 2 2 2 1 2 2 1 1 3 6 3 10 9 6 5 2 5 7 4 3 2 2 1 0 1 3 1 5 5 2 2 3 1 3 2 2 2 7 9 19 5 2 3 5 5 6 17 6 8 7 9 8 8 6 7 1 2 1 3 1 4 3 1 2 3 1
1 1 1 0 4 0 0 1 3 1 0 1 3 1 0 0 0 0 1 1 1 0 0 1 3 2 1 2 1 1 1 2 2 2 1 1 2 1 7 5 27 32 9 2 4 4 1 2 3 1 1 0 1 0 1 4 1 9 3 1 2 2 4 2 1 2 2 13 12 0 2 0 1 6 13 12 7 7 4 5 7 5 6 7 4 2 2 2 1 1 3 3 2 2 2 1
1 1 1 2 2 0 1 0 1 0 0 0 1 0 0 0 0 1 0 1 0 0 0 0 1 2 2 1 0 1 1 1 1 2 1 1 2 1 4 3 3 8 6 4 5 2 2 3 6 3 1 0 0 0 1 4 1 3 3 2 1 2 2 2 1 1 4 8 1 0 1 3 1 2 3 9 8 11 3 4 5 5 7 2 4 3 3 3 3 1 1 3 1 0 1 1
2 0 1 3 4 0 1 0 1 0 0 0 0 0 1 0 0 0 1 0 0 0 0 1 1 2 2 0 0 0 0 0 1 0 1 1 1 1 7 2 3 7 3 4 1 4 1 1 2 4 3 0 0 1 0 1 3 1 3 0 0 3 2 0 1 5 6 10 1 0 0 3 2 2 2 5 8 4 2 2 4 5 4 4 2 2 3 3 1 1 2 1 1 1 0 0
1 0 0 0 1 1 0 0 0 0 0 0 0 0 0 0 0 0 1 0 0 0 0 1 1 1 1 0 1 1 0 0 0 1 1 1 2 12 3 27 23 10 2 1 1 5 3 1 1 3 2 2 0 1 1 1 5 2 0 0 0 2 2 1 3 5 6 8 0 1 1 3 9 1 2 4 4 3 1 1 4 3 2 1 2 4 1 3 1 1 1 1 0 0 0 0
0 1 0 0 0 1 0 0 0 0 0 0 0 0 0 0 0 0 2 0 0 0 0 1 0 0 0 0 0 0 0 0 0 1 1 2 6 8 25 12 9 11 5 1 1 2 0 0 0 2 2 1 1 0 1 2 1 4 1 1 1 4 1 0 2 4 2 6 1 2 3 2 3 1 1 2 3 4 2 1 0 0 0 1 1 1 1 1 1 0 0 0 0 0 0 0
0 1 1 0 0 1 0 1 0 0 0 0 0 0 1 0 0 0 0 0 0 0 1 0 1 0 0 0 0 0 0 0 0 0 1 10 15 29 55 18 2 1 3 2 1 0 2 6 1 3 6 1 1 3 1 2 0 1 1 2 0 5 1 1 2 3 2 5 1 1 2 2 2 1 0 0 2 2 9 2 0 0 1 1 0 1 0 1 0 0 0 0 0 0 0 0
