sesion_6_simulaciones/modelos_agentes/ejemplos_netlogo/scenarios/echam4_b2/rob_2092.asc
NCOLS 322 
NROWS 307 
XLLCORNER 451900 
YLLCORNER 4086900 
CELLSIZE 100 
NODATA_value -9999 
[rows 74 to 147 of 307, columns 0 to 95 of 322]
0 0 0 0 0 0 0 0 0 0 0 0 0 0 0 0 0 0 0 0 0 0 0 0 0 0 0 0 0 0 0 0 0 0 0 0 0 0 0 0 0 0 0 0 0 0 0 0 0 0 0 0 0 0 0 0 0 0 0 0 0 0 0 0 0 0 0 0 0 1 1 1 1 0 2 9 4 5 7 19 21 2 2 2 3 1 0 0 1 1 1 2 1 1 2 1
0 0 0 0 0 0 0 0 0 0 0 0 0 0 0 0 0 0 0 0 0 0 0 0 0 0 0 0 0 0 0 0 0 0 0 0 0 0 0 0 0 0 0 0 0 0 0 0 0 0 0 0 0 0 0 0 0 0 0 0 0 0 0 0 0 0 1 0 0 0 0 1 1 1 2 17 5 2 2 16 11 5 3 1 0 2 2 1 1 1 2 3 3 2 1 8
0 0 0 0 0 0 0 0 0 0 0 0 0 0 0 0 0 0 0 0 0 0 0 0 0 0 0 0 0 0 0 0 0 0 0 0 0 0 0 0 0 1 0 0 0 0 0 0 0 0 0 0 0 0 0 0 0 0 0 0 0 0 0 0 0 0 1 1 1 1 1 0 1 0 2 20 32 6 3 2 11 7 2 1 1 6 6 6 5 1 1 1 3 4 4 7
0 0 0 0 0 0 0 0 0 0 0 0 0 0 0 0 0 0 0 0 0 0 0 0 0 0 0 0 0 0 0 0 0 0 0 0 0 0 0 0 0 0 0 0 0 0 0 0 0 0 0 0 0 0 0 0 0 0 0 0 0 0 0 0 0 0 1 1 1 2 2 2 3 2 1 3 14 10 6 2 13 16 2 1 3 14 3 12 10 5 1 5 10 9 7 4
0 0 0 0 0 0 0 0 0 0 0 0 0 0 0 0 0 0 0 0 0 0 0 0 0 0 0 0 0 0 0 0 0 0 0 0 0 0 0 0 0 0 0 0 0 1 0 0 0 0 0 0 0 0 0 0 0 0 0 0 0 0 0 0 0 0 0 1 1 1 2 4 3 4 2 1 1 4 4 2 4 5 2 2 6 2 2 1 2 6 5 6 4 8 9 10
0 0 0 0 0 0 0 0 0 0 0 0 0 0 0 0 0 0 0 0 0 0 0 0 0 0 0 0 0 0 0 0 0 0 0 0 0 0 0 0 0 1 0 0 0 0 1 1 2 2 1 0 0 0 0 0 0 0 0 0 0 0 0 0 0 0 0 0 0 1 2 2 3 4 3 3 2 4 1 1 2 3 2 3 4 2 5 4 2 6 7 20 34 29 19 20
0 0 0 0 0 0 0 0 0 0 0 0 0 0 0 0 0 0 0 0 0 0 0 0 0 0 0 0 0 0 0 0 0 0 0 0 0 0 0 0 0 0 1 1 0 0 1 2 8 13 20 14 7 1 0 0 0 0 0 0 0 0 0 0 0 0 0 0 0 1 1 1 2 4 5 3 2 1 1 0 1 3 3 4 3 4 2 2 3 7 40 41 42 17 20 43
0 0 0 0 0 0 0 0 0 0 0 0 0 0 0 0 0 0 0 0 0 0 0 0 0 0 0 0 0 0 0 0 0 0 0 0 0 0 0 0 1 3 1 2 2 1 1 0 0 1 4 4 7 9 3 1 0 0 0 0 0 0 0 0 0 0 0 0 0 0 0 2 2 3 4 3 1 0 0 0 1 2 2 6 2 4 7 9 6 7 5 4 16 9 14 30
0 0 0 0 0 0 0 0 0 0 0 0 0 0 0 0 0 0 0 0 0 0 0 0 0 0 0 0 0 0 0 0 0 0 0 0 0 0 0 0 0 1 1 2 1 1 1 1 0 0 0 0 0 3 2 5 1 0 0 1 1 0 0 0 0 0 0 0 0 0 0 1 2 2 2 3 2 1 1 2 1 1 3 10 3 9 10 10 12 15 10 5 4 14 49 70
0 0 0 0 0 0 0 0 0 0 0 0 0 0 0 0 0 0 0 0 0 0 0 0 0 0 0 0 0 0 0 0 0 0 0 0 0 0 0 0 1 1 1 1 0 0 1 0 0 0 0 0 0 0 0 1 2 1 2 3 1 0 0 0 0 0 0 0 0 0 2 1 2 1 2 2 3 5 2 1 3 2 10 13 8 26 32 59 28 25 30 27 6 6 11 14
0 0 0 0 0 0 0 0 0 0 0 0 0 0 0 0 0 0 0 0 0 0 0 0 0 0 0 0 0 0 0 0 0 0 0 0 0 0 0 0 0 1 2 2 0 0 0 0 0 0 0 1 3 1 1 1 0 1 6 2 0 0 0 0 0 0 0 0 0 1 1 1 1 1 1 2 2 2 5 1 2 2 4 5 10 43 9 23 33 51 24 29 33 20 17 15
0 0 0 0 0 0 0 0 0 0 0 0 0 0 0 0 0 0 0 0 0 0 0 0 0 0 0 0 0 0 0 0 0 0 0 0 0 0 0 0 0 1 1 2 1 1 2 2 1 2 1 2 2 1 1 0 1 1 2 1 0 0 0 0 0 0 0 0 0 0 1 1 4 1 1 3 2 2 4 2 2 2 2 7 1 22 15 45 44 65 78 78 52 32 25 27
0 0 0 0 0 0 0 0 0 0 0 0 0 0 0 0 0 0 0 0 0 0 0 0 0 0 0 0 0 0 0 0 0 0 0 0 0 0 0 0 0 0 1 1 1 1 1 1 1 1 1 0 1 1 1 0 1 1 1 1 1 0 0 0 0 0 0 0 0 0 0 1 0 0 3 2 1 2 7 4 6 3 2 4 13 27 24 23 59 50 46 53 66 27 29 31
0 0 0 0 0 0 0 0 0 0 0 0 0 0 0 0 0 0 0 0 0 0 0 0 0 0 0 0 0 0 0 0 0 0 0 0 0 0 0 0 0 0 0 0 0 0 1 0 0 0 0 0 0 0 0 0 1 0 0 1 0 0 0 0 0 0 0 1 0 0 0 0 0 0 0 1 3 7 2 4 5 3 4 3 6 8 21 41 49 60 11 33 51 52 30 32
0 0 0 0 0 0 0 0 0 0 0 0 0 0 0 0 0 0 0 0 0 0 0 0 0 0 0 0 0 0 0 0 0 0 0 0 0 0 0 0 0 0 0 0 0 0 0 0 0 1 0 0 0 1 0 0 0 0 0 0 0 0 0 0 0 0 0 0 1 0 0 0 0 0 1 1 1 2 2 2 1 3 7 7 5 7 7 8 22 18 11 37 19 56 47 43
0 0 0 0 0 0 0 0 0 0 0 0 0 0 0 0 0 0 0 0 0 0 0 0 0 0 0 0 0 0 0 0 0 0 0 0 0 0 0 0 0 0 0 0 0 0 0 0 0 0 0 0 0 0 0 0 0 0 0 0 0 0 0 0 0 0 0 0 1 0 0 0 0 0 0 2 2 5 6 8 14 8 5 3 12 18 18 18 8 7 18 35 40 18 43 39
0 0 0 0 0 0 0 0 0 0 0 0 0 0 0 0 0 0 0 0 0 0 0 0 0 0 0 0 0 0 0 0 0 0 0 0 0 0 0 0 0 0 0 0 0 0 0 0 0 0 0 0 0 0 0 0 0 0 0 0 0 0 0 0 0 0 0 0 0 3 2 1 0 2 2 2 11 10 3 5 19 12 18 18 17 21 22 25 22 11 6 32 31 18 14 6
0 0 0 0 0 0 0 0 0 0 0 0 0 0 0 0 0 0 0 0 0 0 0 0 0 0 0 1 1 0 0 0 0 0 0 0 0 0 0 0 0 0 0 0 0 0 0 0 0 0 1 1 2 1 1 0 0 0 0 0 0 0 0 0 0 0 0 0 0 0 1 1 8 27 12 5 2 2 23 8 1 11 20 16 15 21 28 31 30 14 11 12 8 5 8 26
0 0 0 0 0 0 0 0 0 0 0 0 0 0 0 0 0 0 0 0 0 0 0 0 0 0 0 0 3 0 0 0 0 0 0 0 0 0 0 0 0 0 0 0 0 0 0 0 0 1 2 1 0 0 1 2 0 0 0 0 0 0 0 0 0 0 0 0 0 0 0 0 0 1 1 10 3 4 3 8 18 5 8 29 22 26 35 35 44 48 30 7 13 29 17 30
0 0 0 0 0 0 0 0 0 0 0 0 0 0 0 0 0 0 0 0 0 0 0 0 0 0 0 0 0 0 1 0 0 0 0 0 0 0 0 0 0 0 0 0 1 0 0 1 1 1 4 4 1 2 2 3 1 1 0 0 0 0 0 0 0 0 0 0 0 0 0 0 0 0 0 1 1 3 3 4 10 26 12 16 24 31 26 44 33 17 27 31 35 9 8 15
0 0 0 0 0 0 0 0 0 0 0 0 0 0 0 0 0 0 0 0 0 0 0 0 0 0 0 0 0 0 2 0 0 0 0 0 0 0 1 0 0 0 0 1 1 1 1 3 2 11 9 6 4 18 9 8 4 3 2 1 0 0 0 0 0 0 0 1 0 0 0 1 1 1 1 1 1 4 6 7 4 5 25 26 25 16 35 19 16 35 33 23 34 34 27 17
0 0 0 0 0 0 0 0 0 0 0 0 0 0 0 0 0 0 0 0 0 0 0 0 0 0 0 0 0 0 1 1 0 0 0 0 0 0 1 0 0 0 0 1 1 1 7 8 10 21 17 8 7 9 10 5 4 5 0 0 1 0 0 0 0 0 0 0 0 0 2 1 0 1 1 1 9 11 13 11 11 8 10 18 14 9 23 21 20 25 38 29 18 15 24 22
0 0 0 0 0 0 0 0 0 0 0 0 0 0 0 0 0 0 0 0 0 0 0 0 0 0 0 0 0 0 1 3 0 0 0 0 0 0 1 1 1 1 0 1 2 9 27 20 18 31 12 1 3 1 1 6 10 5 1 2 1 1 0 0 0 0 0 0 0 1 0 1 1 0 1 3 3 3 10 17 22 11 6 8 6 9 19 36 27 27 27 35 16 18 18 31
0 0 0 0 0 0 0 0 0 0 0 0 0 0 0 0 0 0 0 0 0 0 0 0 1 0 0 0 0 0 1 3 0 0 0 0 0 0 0 1 3 7 1 2 6 18 43 31 6 15 2 3 1 0 0 0 8 15 10 4 1 2 0 0 0 1 0 0 0 0 0 1 0 2 3 1 2 10 7 16 14 20 25 9 15 17 25 25 33 18 33 31 22 26 24 37
0 0 0 0 0 0 0 0 0 0 0 0 0 0 0 0 0 0 0 0 0 0 0 0 0 1 1 1 1 1 1 2 0 0 0 0 0 0 0 0 1 5 3 6 11 16 47 66 51 23 5 1 0 0 0 0 0 0 27 11 4 0 0 0 0 1 0 0 0 0 0 0 1 1 1 1 1 1 4 7 16 27 22 11 15 26 18 17 31 10 53 19 20 22 18 22
0 0 0 0 0 0 0 0 0 0 0 0 0 0 0 0 0 0 0 0 0 0 0 1 2 3 3 3 3 4 1 2 2 1 0 0 0 0 0 0 0 3 0 1 3 8 59 69 58 12 6 4 2 1 0 1 0 1 0 1 0 0 0 1 0 0 0 0 0 0 0 0 0 1 1 0 1 2 3 8 12 19 12 12 10 14 18 7 20 16 50 26 22 11 19 29
0 0 0 0 0 0 0 0 0 0 0 0 0 0 0 0 0 0 0 0 0 0 0 0 0 1 2 1 4 6 2 12 12 4 1 2 0 0 0 0 1 3 3 2 3 6 4 17 38 3 7 6 3 2 2 1 0 1 1 1 1 0 0 0 0 0 0 0 0 0 0 0 0 1 1 1 2 3 3 5 6 11 11 10 10 8 12 9 26 33 7 20 23 23 27 18
0 0 0 0 0 0 0 0 0 0 0 0 0 0 0 0 0 0 0 0 0 0 0 1 2 3 3 1 1 1 2 13 12 3 4 5 8 4 0 0 3 2 13 5 6 9 12 3 2 4 13 8 3 2 1 1 2 1 1 1 0 0 1 1 0 0 0 0 0 0 0 0 0 0 0 1 1 2 2 4 4 4 4 8 9 6 6 8 19 3 6 15 13 5 3 9
0 0 0 0 0 0 0 0 0 0 0 0 0 0 0 0 0 0 0 0 0 1 1 2 4 11 5 6 3 1 1 1 13 18 12 3 19 9 2 4 7 1 15 5 46 37 10 4 4 2 8 10 4 2 2 1 1 1 1 0 1 1 2 2 1 0 0 0 0 0 0 0 0 0 0 1 1 1 1 2 2 2 3 6 2 8 7 17 7 4 10 12 14 8 8 15
0 0 0 0 0 0 0 0 0 0 0 0 0 0 0 0 0 0 0 0 1 1 6 6 8 7 19 9 3 3 2 2 1 9 18 2 2 1 12 5 4 1 20 7 4 2 5 5 8 5 7 11 9 5 2 1 0 0 0 0 0 0 1 1 0 0 0 0 0 0 0 0 0 0 0 0 1 1 1 1 1 3 1 1 2 8 3 17 6 2 3 5 7 6 11 15
0 0 0 0 0 0 0 0 0 0 0 0 0 0 0 0 0 0 0 0 0 1 10 17 7 5 6 8 9 10 7 6 3 1 1 4 1 2 15 2 2 3 9 3 3 2 7 5 6 4 2 7 7 4 1 1 0 0 0 0 0 0 0 0 0 0 0 0 0 0 0 0 0 0 0 0 1 1 1 1 4 1 1 2 2 4 4 4 6 1 1 4 5 10 12 26
0 0 0 0 0 0 0 0 0 0 0 0 0 0 0 0 0 0 1 1 1 2 4 3 2 1 4 10 11 9 16 16 3 1 0 1 2 8 4 3 1 9 20 4 5 5 5 8 11 2 3 5 4 3 1 1 0 0 0 0 0 0 0 0 0 0 0 0 0 0 0 0 0 0 0 0 0 0 0 1 1 1 1 1 2 1 2 6 10 4 3 4 7 8 5 21
0 0 0 0 0 0 0 0 0 0 0 0 0 0 0 0 0 0 1 1 1 4 4 2 3 4 1 4 7 5 6 3 2 3 3 3 6 4 7 3 3 7 15 12 8 5 2 3 5 2 1 6 6 6 4 1 0 0 0 1 0 0 0 0 0 0 1 1 0 0 0 2 1 0 0 0 0 0 0 1 0 1 1 0 1 1 2 4 4 7 5 7 6 14 10 15
0 0 0 0 0 0 0 0 0 0 0 0 0 0 0 0 0 0 0 1 3 4 7 4 3 4 5 4 7 9 4 3 4 5 6 7 2 2 4 4 4 1 2 7 7 3 1 1 2 2 3 3 2 2 1 1 1 0 2 1 1 0 0 0 0 0 1 11 5 1 1 0 1 2 0 0 0 0 1 0 0 1 0 1 1 2 1 1 2 3 6 5 17 10 4 7
0 0 0 0 0 0 0 0 0 0 0 0 0 0 0 0 1 1 1 2 2 2 5 4 2 2 2 1 1 3 5 4 7 7 3 7 6 5 4 3 1 2 5 1 7 5 3 3 3 1 1 1 1 4 2 1 1 0 0 0 0 0 0 0 0 1 1 6 19 6 0 1 1 0 1 1 0 0 0 0 0 1 0 3 1 1 1 2 2 2 5 8 5 5 6 3
0 0 0 0 0 0 0 0 0 0 0 0 0 0 0 0 0 0 1 1 2 2 5 10 6 4 6 5 2 1 3 1 2 3 3 6 6 4 6 2 1 4 2 2 8 4 4 3 4 2 2 1 1 3 5 0 0 0 1 0 0 1 1 2 2 1 2 2 14 6 3 1 0 0 0 1 1 1 0 1 0 0 1 2 1 1 1 1 1 7 3 2 5 5 7 8
0 0 0 0 0 0 0 0 0 0 0 0 0 0 0 0 0 0 0 1 2 4 9 14 17 6 4 2 1 1 1 0 0 1 2 2 4 5 5 4 3 4 1 5 1 0 1 2 2 3 5 5 2 3 1 1 1 1 1 0 1 1 0 1 14 2 2 2 1 20 14 1 1 0 2 4 4 7 2 2 1 1 0 1 4 1 4 3 2 4 4 2 5 8 11 6
0 0 0 0 0 0 0 0 0 0 0 0 0 0 0 0 0 0 0 2 11 5 2 5 11 6 4 4 2 0 1 2 2 1 1 2 5 6 1 3 8 7 5 4 1 1 2 5 5 9 5 17 7 5 2 1 1 0 0 1 0 0 0 1 1 4 2 2 1 5 10 17 7 1 0 3 1 8 1 0 2 8 0 1 0 1 3 11 21 10 20 4 5 5 7 8
0 0 0 0 0 0 0 0 0 0 0 0 0 0 0 0 0 0 1 1 1 4 8 5 5 5 9 14 7 2 2 4 3 3 4 1 1 4 3 4 4 6 5 4 3 3 8 10 7 7 10 5 9 4 2 2 3 4 1 0 1 0 0 2 1 3 6 2 2 2 10 11 8 3 1 2 0 3 1 0 0 3 1 1 1 5 2 2 1 1 9 3 4 22 6 12
0 0 0 0 0 0 0 0 0 0 0 0 0 0 0 0 0 0 1 1 1 0 5 17 10 9 9 11 13 4 4 6 3 3 7 9 3 2 2 4 6 4 2 11 5 6 6 27 29 14 25 7 9 19 30 24 7 2 1 0 1 3 2 1 4 1 6 6 3 1 14 10 6 9 1 2 0 3 5 1 0 6 1 1 1 0 3 2 1 2 29 5 2 15 35 26
0 0 0 0 0 0 0 0 0 0 0 0 0 0 0 0 0 0 1 2 2 2 1 4 8 9 3 4 9 4 3 3 2 2 3 5 5 3 3 5 4 2 1 1 8 10 10 23 14 8 7 16 6 3 4 2 2 1 1 1 1 2 4 1 1 5 1 13 7 2 10 21 7 11 2 2 1 5 1 1 0 18 3 1 2 2 1 2 2 5 22 34 3 5 34 30
0 0 0 0 0 0 0 0 0 0 0 0 0 0 0 0 0 0 1 2 4 3 2 1 1 1 2 1 0 1 3 0 1 2 3 3 4 6 5 3 7 5 6 4 7 10 10 11 7 6 10 12 7 10 4 5 3 2 1 1 0 1 2 3 2 16 6 9 27 5 4 9 20 5 12 2 1 6 3 7 5 14 32 4 3 3 1 5 4 2 12 49 9 3 5 38
0 0 0 0 0 0 0 0 0 0 0 0 0 0 0 0 0 0 0 1 3 3 2 3 2 2 2 1 0 0 1 1 1 1 1 2 4 5 3 8 17 9 7 6 3 6 8 6 6 17 9 17 8 6 4 6 4 2 1 2 2 3 2 5 3 17 13 5 29 17 2 11 16 8 29 5 6 3 5 3 12 8 46 12 2 5 5 16 5 3 3 25 13 5 13 14
0 0 0 0 0 0 0 0 0 0 0 0 0 0 0 0 0 0 0 1 2 3 2 2 5 3 5 3 1 0 0 0 0 1 1 1 4 5 3 4 14 8 6 3 5 4 5 5 3 17 29 26 24 10 4 4 12 3 5 5 6 10 3 1 2 3 13 5 14 24 8 7 6 33 19 12 18 6 9 27 19 7 18 36 6 6 4 4 4 5 6 27 14 20 9 3
0 0 0 0 0 0 0 0 0 0 0 0 0 0 0 0 0 0 1 2 2 7 4 5 3 3 4 6 4 0 0 0 2 2 5 5 4 9 9 8 10 7 4 3 4 3 3 5 5 5 5 9 4 5 12 19 18 2 33 15 2 12 4 6 9 4 3 2 10 21 9 21 8 21 3 15 40 21 11 28 44 34 22 51 7 9 10 5 5 2 10 17 19 6 4 6
0 0 0 0 0 0 0 0 0 0 0 0 0 0 0 0 0 0 0 0 0 0 1 2 4 8 3 5 7 1 0 3 3 4 2 1 4 4 4 14 10 3 6 8 8 6 10 10 5 10 12 6 12 22 17 26 11 14 13 14 4 9 15 6 12 23 26 16 7 37 42 58 47 19 15 17 32 39 25 32 39 46 27 51 43 20 3 3 4 9 14 17 32 9 5 3
0 0 0 0 0 0 0 0 0 0 0 0 0 0 0 0 0 0 0 0 0 1 1 2 6 3 4 6 7 6 2 20 4 2 3 2 9 8 9 11 26 10 12 9 10 11 6 7 5 6 8 4 3 18 7 10 28 29 14 14 18 31 36 21 4 29 36 47 33 24 37 55 12 22 19 20 35 24 56 62 49 33 29 66 53 17 17 3 7 21 10 25 19 20 14 11
0 0 0 0 0 0 0 0 0 0 0 0 0 0 0 0 0 0 0 1 1 1 1 2 2 2 4 4 4 4 4 19 4 4 4 3 6 6 5 12 17 7 8 9 7 9 3 3 6 2 3 4 3 2 2 2 14 28 38 35 32 24 30 53 21 18 51 54 46 25 12 21 28 17 19 29 41 68 47 32 31 26 77 63 60 20 10 11 7 13 14 29 7 4 6 24
0 0 0 0 0 0 0 0 0 0 0 0 0 0 0 0 0 0 0 0 1 1 0 1 1 2 3 1 5 4 7 7 5 10 4 2 3 5 14 13 5 5 6 12 9 7 2 3 2 5 3 2 6 5 2 1 5 6 5 17 12 10 30 53 46 27 15 7 11 16 12 13 13 15 17 16 48 43 34 21 8 26 81 64 64 45 14 18 5 17 20 38 39 26 11 6
0 0 0 0 0 0 0 0 0 0 0 0 0 0 0 0 0 0 0 0 0 0 0 1 0 0 1 1 4 5 4 6 10 6 6 8 8 6 12 7 5 8 3 4 7 2 2 2 1 3 2 1 4 2 4 3 3 5 6 2 8 15 15 25 27 11 10 15 13 23 12 8 10 13 12 5 22 17 23 13 12 9 38 22 37 63 21 32 7 25 38 28 24 23 24 8
0 0 0 0 0 0 0 0 0 0 0 0 0 0 0 0 0 0 0 0 0 0 0 0 0 0 1 1 2 2 3 4 10 4 7 8 7 4 5 4 3 4 2 2 5 1 1 1 1 5 2 2 4 4 5 3 6 6 11 6 5 7 3 6 2 2 7 13 15 18 17 9 7 4 4 5 9 10 12 12 16 14 17 13 24 31 8 25 6 22 43 39 21 12 68 47
0 0 0 0 0 0 0 0 0 0 0 0 0 0 0 0 0 0 0 0 0 0 0 0 0 0 2 1 3 2 5 11 3 6 6 9 4 2 6 2 3 4 1 1 2 3 1 1 1 3 2 2 2 5 2 3 4 7 6 8 8 13 7 5 5 3 11 8 12 8 4 3 16 6 4 2 4 10 8 8 9 9 10 21 23 19 14 22 9 57 61 60 60 16 5 13
0 0 0 0 0 0 0 0 0 0 0 0 0 0 0 0 0 0 0 0 0 0 0 1 0 0 2 1 1 1 2 3 4 12 3 3 3 1 3 1 1 1 1 1 1 1 1 1 1 2 2 2 1 2 2 4 6 3 5 5 12 6 4 10 2 6 9 17 8 5 8 21 15 11 11 14 4 3 8 7 8 13 9 29 15 11 36 11 21 59 54 54 72 31 35 9
0 0 0 0 0 0 0 0 0 0 0 0 0 0 0 0 0 0 0 0 0 0 0 0 0 1 1 1 1 1 2 6 3 4 6 2 1 1 2 1 1 1 0 0 0 1 0 0 0 0 1 0 1 2 3 4 7 4 2 6 4 6 7 5 21 5 9 12 14 31 20 14 7 8 13 15 16 18 20 22 34 41 17 18 15 28 49 29 43 55 26 45 78 57 58 36
0 0 0 0 0 0 0 0 0 0 0 0 0 0 0 0 0 0 0 0 0 0 0 0 0 0 0 1 1 1 1 3 1 2 3 1 1 1 1 1 1 1 0 0 1 1 0 1 4 2 3 2 4 7 6 2 3 4 4 3 4 5 12 8 17 11 11 11 25 5 3 5 7 3 2 4 19 15 28 38 48 48 41 19 15 36 64 29 30 14 21 52 89 49 66 56
0 0 0 0 0 0 0 0 0 0 0 0 0 0 0 0 0 0 0 0 1 0 0 0 0 0 0 0 1 1 1 1 1 1 2 1 1 0 0 0 0 4 1 0 2 1 2 1 8 14 28 8 15 27 14 4 8 2 1 2 2 2 8 5 6 10 9 14 4 5 6 10 22 14 15 12 6 23 44 64 62 25 17 25 14 44 62 39 33 26 27 80 83 45 57 88
0 0 0 0 0 0 0 0 0 0 0 0 0 0 0 0 0 0 0 0 0 1 1 0 0 1 1 1 1 0 2 1 1 0 1 0 0 0 1 1 2 0 2 4 1 4 4 3 4 32 28 37 8 23 19 15 8 12 5 3 3 4 1 4 8 12 14 4 6 7 12 25 17 24 43 23 15 47 68 74 39 25 18 37 24 48 27 21 40 40 60 87 67 82 63 91
0 0 0 0 0 0 0 0 0 0 0 0 0 0 0 0 0 0 0 0 0 1 1 3 3 4 3 2 1 0 1 1 0 0 1 2 2 4 5 4 4 7 3 13 3 7 16 18 4 3 2 36 36 11 31 11 6 32 21 11 2 3 4 5 8 9 7 10 12 18 17 9 18 18 23 24 56 58 51 54 31 22 20 28 25 42 27 27 29 29 44 82 60 79 39 72
0 0 0 0 0 0 0 0 0 0 0 0 0 0 0 0 0 0 0 2 0 0 2 11 3 7 4 7 6 8 6 7 6 8 3 5 1 7 15 5 10 25 6 19 26 8 24 8 41 14 6 60 36 35 39 30 57 56 12 21 4 1 3 3 3 7 5 4 4 8 9 13 9 21 28 55 72 69 28 15 34 20 17 25 15 24 25 41 39 61 73 85 60 62 57 52
0 0 0 0 0 0 0 0 0 0 0 0 0 0 0 0 0 0 0 1 1 0 0 1 1 1 2 6 8 6 5 6 17 13 5 9 14 11 13 22 9 35 35 11 27 21 41 13 38 67 29 37 41 30 19 64 48 42 26 28 19 3 3 3 8 6 8 11 14 16 23 15 27 27 55 65 57 40 33 15 5 12 15 23 24 13 26 40 41 54 78 79 38 44 48 50
0 0 0 0 0 0 0 0 0 0 0 0 0 0 0 0 0 0 0 0 0 0 0 0 0 1 4 3 3 7 8 15 9 11 10 23 21 20 26 31 26 42 33 32 38 36 45 52 10 50 35 16 67 15 35 68 46 11 45 9 8 35 2 3 6 7 12 18 17 16 17 25 43 77 77 70 58 39 10 14 14 8 5 5 16 9 28 26 36 48 69 57 45 30 57 68
0 0 0 0 0 0 0 0 0 0 0 0 0 0 0 0 0 0 0 0 0 0 0 0 1 1 1 0 1 1 1 1 1 2 1 1 2 1 2 3 3 5 5 6 5 5 9 54 36 28 68 19 50 48 51 53 13 8 10 10 28 24 9 4 8 12 16 12 14 36 56 65 75 75 72 68 54 18 7 8 8 8 7 4 11 6 17 11 19 26 45 44 42 24 39 47
0 0 0 0 0 0 0 0 0 0 0 0 0 0 0 0 0 0 0 0 0 1 0 1 1 1 1 1 1 2 1 1 3 2 2 2 2 2 3 5 5 7 10 6 7 5 12 5 6 8 35 38 52 63 55 23 20 25 17 20 32 17 9 9 13 12 21 37 56 61 67 52 39 44 34 36 12 14 12 13 13 12 6 8 4 3 3 3 7 10 22 23 30 20 17 24
1 1 1 0 0 0 0 0 0 0 0 0 0 0 0 0 0 0 0 0 0 0 0 0 0 0 0 1 1 1 1 1 0 0 0 1 1 1 2 2 3 5 5 3 2 5 5 11 9 11 8 12 14 21 26 24 28 21 18 20 7 6 7 12 14 12 11 11 30 57 66 63 45 38 21 19 27 25 40 37 27 18 6 10 12 12 14 9 7 3 3 5 13 28 25 20
0 0 0 0 0 0 0 0 0 0 0 0 0 0 0 0 0 0 0 0 0 0 0 0 0 0 0 0 1 1 0 0 1 0 0 1 1 1 2 2 2 2 3 1 1 1 3 3 6 12 18 36 27 26 25 20 19 16 14 5 4 7 6 14 11 6 11 12 16 24 23 39 49 25 17 28 34 34 15 12 8 10 10 18 33 33 33 19 19 15 7 7 4 4 8 8
0 0 0 0 0 0 0 0 0 0 0 0 0 0 0 0 0 0 0 0 0 0 0 0 0 0 0 1 1 0 0 0 0 2 1 1 1 1 2 2 2 2 6 4 4 3 4 6 10 9 15 21 19 15 19 15 15 9 8 8 1 7 7 9 19 20 21 30 22 21 13 16 10 18 24 33 54 40 22 15 15 21 21 38 32 31 33 37 40 23 28 19 12 11 6 4
0 0 0 0 0 0 0 0 0 0 0 0 0 0 0 0 0 0 0 0 0 0 0 0 0 0 1 1 0 0 0 0 1 1 1 1 1 2 2 3 1 2 3 4 3 7 8 7 7 6 12 8 25 14 26 20 10 9 5 4 4 7 8 5 37 44 18 34 32 29 21 24 14 25 36 44 28 12 20 25 22 35 24 38 46 41 49 37 39 39 36 38 34 28 14 28
0 0 0 0 0 0 0 0 0 0 0 0 0 0 0 0 0 0 0 0 0 0 0 0 0 0 1 3 1 0 0 0 1 2 1 2 2 2 1 2 2 4 3 3 4 7 7 5 16 6 12 14 13 9 17 8 17 4 9 3 12 21 8 31 61 31 31 19 18 23 17 11 15 24 32 33 16 24 23 29 37 32 37 52 51 46 46 34 51 55 40 62 44 31 30 31
0 0 0 0 0 0 0 0 0 1 0 0 0 0 0 0 0 0 0 0 0 0 0 0 0 1 1 0 0 0 0 1 0 1 2 1 1 2 3 3 2 2 2 2 2 2 7 8 7 9 12 9 10 8 12 7 13 9 5 2 6 18 34 50 42 44 23 23 24 14 12 15 21 9 33 14 23 22 38 37 47 35 41 51 53 40 53 50 51 39 43 54 43 39 51 56
0 0 0 0 0 0 0 0 1 0 0 0 0 0 0 0 0 0 0 0 0 0 0 0 0 0 0 0 1 1 0 0 1 0 1 1 1 2 1 2 1 2 1 1 1 2 3 10 8 6 5 15 3 7 13 9 5 4 8 6 2 10 11 18 32 53 39 57 38 10 22 17 26 20 64 25 22 22 31 28 41 29 36 52 34 32 47 62 53 52 41 43 42 57 55 47
0 0 0 0 0 0 0 0 0 0 0 1 0 0 0 0 0 0 0 0 0 0 0 0 0 0 0 0 0 0 0 0 0 0 0 0 0 0 1 1 2 1 1 2 1 1 2 2 5 6 6 6 4 2 10 2 5 13 6 7 3 3 7 7 7 8 30 22 13 27 49 22 25 20 56 18 26 24 36 40 61 50 68 66 59 50 55 57 76 71 44 39 41 43 71 54
0 0 0 0 0 0 0 0 0 0 0 0 0 0 0 0 0 0 0 0 0 0 0 0 0 0 0 0 0 0 0 0 0 0 0 0 0 0 0 1 1 3 2 1 5 3 4 2 4 3 1 5 2 5 4 6 8 5 8 7 4 13 21 16 13 9 11 24 30 24 34 33 18 28 41 34 39 34 48 70 56 50 75 74 76 74 73 71 75 67 52 46 64 69 70 57
0 0 0 0 0 0 0 0 0 0 1 1 0 1 1 0 1 0 0 0 0 0 0 0 0 0 0 0 0 0 0 0 0 0 0 0 0 0 0 1 1 1 1 2 0 2 2 3 4 3 2 6 6 4 2 2 4 11 9 10 7 23 17 13 7 17 17 23 42 33 25 48 25 43 33 56 65 60 70 58 29 54 72 59 38 41 65 36 67 78 63 64 63 66 62 79
0 0 0 0 0 0 0 0 0 0 0 1 1 4 1 1 3 1 0 0 0 0 0 0 0 0 0 0 0 0 0 0 0 0 0 0 0 0 0 0 0 0 1 3 2 1 2 2 3 3 4 2 3 14 26 8 7 7 6 9 17 15 21 10 13 21 30 15 26 34 19 28 37 35 65 38 59 54 69 54 17 28 43 57 31 8 13 31 75 73 75 79 43 51 40 76
