sesion_6_simulaciones/modelos_agentes/ejemplos_netlogo/scenarios/echam4_b2/rob_2039.asc
NCOLS 322 
NROWS 307 
XLLCORNER 451900 
YLLCORNER 4086900 
CELLSIZE 100 
NODATA_value -9999 
[rows 0 to 72 of 307, columns 96 to 191 of 322]
6 1 0 0 1 1 1 1 1 1 2 3 4 11 16 4 8 5 4 2 6 5 3 9 3 2 3 3 5 4 2 1 3 5 3 2 2 4 8 3 2 12 46 55 68 53 70 66 74 58 51 64 38 14 25 25 33 9 15 12 14 6 5 3 17 23 31 7 6 26 33 18 16 22 19 15 18 24 14 61 48 30 42 45 52 36 39 42 51 66 44 33 26 10 18 33
0 0 0 0 0 2 1 1 1 1 1 2 9 9 8 6 2 2 1 3 5 1 1 2 4 2 3 1 2 11 5 2 2 3 2 2 4 4 7 9 12 23 24 29 79 82 81 76 89 62 77 63 27 21 51 12 9 10 4 7 2 9 5 3 8 5 6 22 22 20 13 33 53 27 40 48 56 25 29 34 33 28 46 49 57 41 41 51 55 48 56 45 52 28 35 35
0 0 0 1 1 1 1 0 0 1 1 1 3 5 1 2 2 6 6 7 11 1 2 2 2 3 4 1 3 5 9 7 1 3 11 8 9 12 16 22 30 43 33 37 10 7 16 42 89 77 76 74 28 58 50 43 22 9 9 10 6 22 52 47 53 27 18 40 12 19 20 22 35 33 40 60 70 68 45 33 33 33 48 49 55 47 48 64 43 44 55 43 48 51 37 37
0 0 0 0 0 0 0 1 0 0 0 1 1 4 4 5 5 9 9 10 3 1 3 4 1 1 2 2 2 2 4 5 3 9 13 8 22 24 42 60 69 72 58 18 8 10 5 9 42 15 23 22 11 26 50 14 36 4 5 9 17 33 68 67 67 72 63 38 43 33 30 40 30 31 45 45 51 27 21 33 44 44 59 61 58 48 44 55 41 36 55 56 38 47 32 48
0 0 0 0 0 0 0 1 2 0 1 1 1 1 5 5 4 16 7 4 4 2 3 7 5 3 2 2 2 6 11 7 3 11 23 24 31 49 70 79 82 73 60 31 17 7 10 28 15 11 15 20 5 36 15 24 32 18 3 6 40 61 47 70 58 33 65 27 42 55 54 35 31 22 47 36 40 33 37 41 51 44 78 60 45 48 46 60 44 45 56 67 33 54 55 61
0 0 0 0 0 0 0 0 2 3 1 2 1 1 3 1 5 4 8 6 2 2 6 5 5 4 3 3 1 1 4 9 10 5 33 49 54 70 79 72 76 76 71 45 17 22 19 20 22 18 25 41 8 15 16 28 16 15 10 11 47 58 19 10 15 27 31 13 13 31 9 38 65 43 40 23 30 30 33 49 43 49 56 53 60 47 46 64 61 40 57 39 53 50 72 34
0 0 0 0 0 0 0 0 1 3 3 1 1 1 1 3 1 5 8 9 9 5 2 3 5 4 5 4 2 1 2 12 14 10 26 68 76 77 72 74 75 73 40 21 25 56 27 39 34 34 25 27 25 27 35 24 10 20 25 12 8 10 9 15 7 11 41 57 32 33 13 28 23 11 44 46 48 44 30 48 40 30 39 35 55 59 48 62 61 35 63 52 54 46 32 28
0 0 0 0 0 0 0 0 0 1 12 12 6 2 2 1 1 2 3 3 11 21 7 10 15 7 4 2 3 3 3 6 15 40 30 55 67 73 73 70 63 32 34 25 53 45 36 59 44 41 21 25 45 49 33 31 23 49 58 56 35 15 3 3 15 9 31 15 36 20 33 19 8 21 12 40 46 79 59 27 48 53 39 41 71 47 49 52 58 59 48 36 15 24 26 21
0 0 0 0 0 0 0 0 0 0 3 10 23 17 5 12 2 1 1 6 8 5 5 8 6 2 4 3 2 4 8 10 30 60 75 46 26 38 28 28 42 27 20 35 64 55 30 42 45 34 29 19 73 43 35 46 38 50 16 33 60 44 21 3 11 14 9 8 4 13 37 31 12 13 32 17 26 31 40 66 60 82 46 54 38 24 33 75 49 51 43 76 54 35 27 34
0 0 0 0 0 0 0 0 0 1 1 0 1 0 0 0 3 1 1 2 2 3 5 3 7 5 5 3 4 8 11 36 39 36 58 50 44 44 24 25 14 13 19 37 67 47 19 21 31 39 35 25 31 82 70 70 17 30 12 49 39 41 11 13 4 9 6 4 11 22 21 25 32 24 32 48 19 19 61 66 40 68 52 44 24 30 24 35 37 56 29 45 76 70 30 22
0 0 0 0 0 0 0 1 1 0 1 0 1 1 0 0 1 1 4 1 2 2 3 2 6 3 2 4 9 16 36 43 74 63 40 39 37 58 55 37 24 11 8 14 46 19 18 26 37 27 39 22 36 46 82 65 32 22 28 51 21 23 15 4 8 11 13 6 22 34 34 40 23 16 41 55 38 17 16 53 38 28 50 62 32 35 24 31 69 57 52 40 70 82 59 34
0 0 0 0 0 0 0 1 1 1 0 1 2 3 2 1 2 5 5 2 11 4 2 2 3 3 2 3 7 51 54 53 55 50 40 31 34 53 53 40 24 12 13 24 28 16 16 43 24 28 54 25 38 56 34 49 32 30 39 35 15 14 30 21 10 7 23 20 28 62 71 72 19 30 46 53 38 21 22 60 38 10 36 63 32 38 34 30 55 38 30 39 58 65 65 58
0 0 0 0 0 0 0 0 1 1 2 1 0 1 1 3 6 6 9 5 20 19 4 2 2 3 2 5 14 35 63 44 44 37 38 48 55 26 33 53 23 10 11 34 29 14 24 27 31 43 60 48 47 69 50 40 43 37 48 20 15 16 27 22 13 10 8 22 41 29 50 50 34 26 29 53 30 26 11 21 38 9 48 72 34 36 48 32 24 51 40 20 25 42 60 71
0 0 0 0 0 0 0 0 0 1 1 1 1 1 1 1 5 2 19 6 3 3 10 5 3 2 5 20 31 27 38 40 32 17 18 19 19 14 12 18 23 5 3 3 13 10 17 22 54 68 74 70 55 56 36 51 54 43 40 36 14 11 30 33 23 22 11 12 16 10 5 5 21 32 30 40 28 39 25 15 7 12 24 62 63 32 41 43 30 27 47 27 38 57 78 61
0 0 0 0 0 0 0 0 0 0 0 1 1 1 2 1 1 3 18 9 3 13 17 6 6 4 8 9 29 37 20 13 12 17 24 20 20 16 8 3 18 4 12 7 2 4 18 36 43 72 71 67 56 63 42 67 64 52 52 54 10 25 35 36 24 17 8 10 7 4 4 22 50 44 37 44 45 38 20 20 32 12 31 60 67 33 18 22 29 23 17 15 32 46 56 50
0 0 0 0 0 0 0 0 0 0 0 0 0 0 0 1 2 4 2 1 3 5 2 16 8 12 5 9 11 11 11 24 31 32 23 30 49 48 26 6 7 7 3 8 4 5 4 21 38 45 55 47 44 43 56 38 50 45 58 50 10 25 8 36 51 31 11 13 15 3 11 36 47 51 27 16 28 39 47 41 30 28 30 51 72 85 59 45 25 20 19 12 32 65 56 42
0 0 0 0 0 0 0 0 0 0 0 0 0 0 0 1 2 3 2 4 4 1 2 4 21 11 13 21 45 35 33 14 18 28 29 45 60 59 44 5 12 11 5 7 19 20 20 5 20 31 23 20 17 18 27 48 51 57 59 59 18 37 25 29 43 14 10 12 9 8 11 41 32 45 17 13 23 23 45 36 36 34 39 42 72 86 83 40 26 24 21 15 34 56 65 59
0 0 0 1 0 0 0 0 0 0 0 0 0 0 0 0 1 1 2 4 2 2 2 2 9 14 6 14 17 13 22 20 30 19 50 69 50 56 43 25 34 38 27 27 41 39 43 24 8 3 4 6 4 2 9 52 79 89 68 34 51 36 29 20 32 24 12 22 8 8 45 43 48 40 16 27 50 31 34 42 26 24 19 12 60 67 63 64 44 27 26 18 23 39 44 24
0 0 0 0 0 0 0 0 0 0 0 0 0 0 0 0 0 1 1 1 2 2 3 2 16 28 8 12 10 22 27 34 21 43 50 54 26 27 33 54 44 50 57 67 61 41 51 44 23 16 12 11 15 2 4 12 79 86 60 40 37 44 24 17 27 9 11 13 4 33 62 58 49 54 22 22 52 48 43 71 47 33 19 12 24 51 54 53 52 33 27 26 14 25 65 19
1 0 0 0 0 0 1 0 0 0 0 0 0 0 0 0 0 0 0 1 2 3 4 2 8 10 11 12 17 19 22 39 43 35 37 18 35 42 36 48 68 71 63 40 44 25 40 47 28 22 19 6 10 6 12 8 30 41 52 57 39 23 18 37 33 6 12 37 65 47 65 79 41 74 37 17 44 68 49 65 57 54 39 18 19 50 69 55 61 40 35 22 10 16 51 42
1 0 0 0 0 0 0 0 0 0 0 0 0 0 0 0 0 1 1 1 1 1 1 1 4 9 8 4 5 15 11 12 24 33 43 28 26 40 27 64 38 41 60 46 30 26 28 37 36 18 24 22 8 14 20 16 21 42 60 53 18 18 59 50 31 8 26 39 49 61 48 52 32 39 61 46 29 28 30 66 31 29 47 36 29 13 55 34 62 31 36 21 14 13 19 38
1 0 0 0 0 0 1 1 1 2 1 1 0 0 0 0 0 0 0 3 1 2 2 2 10 8 15 12 6 11 12 20 25 48 57 42 62 35 50 23 42 28 22 23 37 39 62 47 46 18 19 18 17 18 28 22 23 34 56 59 57 18 26 30 18 20 47 14 38 58 61 43 48 25 56 64 41 26 29 77 83 47 23 60 45 14 11 18 56 44 36 34 15 13 12 37
0 0 0 0 1 0 0 1 0 0 0 0 1 1 0 0 0 0 0 3 6 4 5 3 12 6 9 20 9 7 31 46 53 21 12 67 60 27 28 29 40 53 33 21 17 40 32 13 17 13 26 17 18 19 19 22 12 20 36 27 25 25 16 15 17 37 53 8 35 23 50 61 49 19 18 46 46 58 33 56 83 61 52 25 43 20 7 16 54 63 16 42 25 13 15 29
0 0 0 0 1 1 0 1 2 1 2 1 1 8 4 1 2 1 1 9 5 10 8 6 13 10 7 30 26 16 16 13 6 6 6 18 31 39 17 35 35 50 45 44 34 11 8 5 3 3 10 9 5 8 14 7 8 9 10 21 32 26 17 24 47 41 32 14 26 27 29 48 39 39 28 64 65 48 42 22 61 62 43 61 26 16 11 11 11 39 12 23 20 9 7 11
1 1 0 0 2 1 1 0 4 2 1 2 3 4 5 6 9 3 4 3 11 15 31 17 11 13 30 21 47 26 12 8 19 18 12 2 7 33 35 14 27 47 60 64 44 33 25 18 13 12 5 4 3 1 2 2 2 3 13 25 42 26 35 37 21 45 24 31 36 32 24 35 54 59 19 54 60 43 47 32 46 59 32 15 43 25 12 10 8 14 14 15 23 10 5 5
3 3 1 1 2 1 1 0 2 2 2 4 5 9 11 8 15 20 6 6 27 57 63 74 66 57 57 38 56 41 63 65 71 40 16 15 17 13 11 23 45 33 44 50 59 56 52 37 29 26 13 13 12 11 10 10 10 8 24 39 37 33 25 26 21 40 40 52 22 45 22 17 49 38 20 44 41 22 29 26 24 31 57 14 14 9 11 5 4 8 7 11 5 4 3 4
3 2 4 3 4 1 1 1 3 6 5 3 4 20 30 20 21 49 37 59 67 71 81 79 69 78 73 67 73 79 53 27 44 52 43 20 27 22 9 7 32 38 44 62 55 53 56 45 43 37 28 27 27 25 12 21 13 16 25 24 31 22 13 15 12 48 31 49 41 43 14 20 28 36 24 41 35 45 15 22 23 9 28 15 8 19 7 6 1 4 6 5 5 3 4 3
2 6 4 3 5 4 5 4 6 11 12 22 20 28 44 70 66 51 63 33 40 51 57 78 75 73 82 80 80 81 23 14 14 14 30 33 44 23 30 22 23 50 55 51 50 48 40 68 58 43 35 33 31 31 27 27 28 8 15 18 21 13 15 23 41 59 53 31 39 20 23 13 25 27 26 17 14 23 28 15 22 12 18 16 5 14 6 4 1 2 6 5 4 5 3 1
3 9 5 3 8 6 6 7 12 23 43 58 68 76 86 85 74 70 79 61 32 16 45 65 48 48 37 65 67 59 44 10 8 6 8 14 26 21 26 31 14 28 35 39 25 23 14 30 40 39 51 52 36 34 31 45 32 10 11 12 8 17 34 42 51 41 24 25 18 33 27 36 19 17 17 14 13 14 23 14 12 10 9 6 7 6 6 4 3 1 3 2 2 3 1 1
5 10 4 6 17 16 14 27 44 65 74 79 78 86 81 89 75 75 89 40 67 32 19 39 30 19 23 25 28 28 49 31 20 4 7 4 13 11 11 28 25 22 46 20 27 22 13 26 26 16 14 14 12 21 22 10 35 20 14 10 14 20 36 43 44 34 17 32 43 27 30 20 17 13 10 7 8 7 11 10 10 8 3 5 4 2 2 1 2 1 1 0 0 0 1 1
4 21 13 15 23 38 51 66 62 81 78 88 74 87 79 84 61 65 85 73 33 41 22 12 13 10 5 5 15 16 23 63 30 9 10 8 26 53 51 35 35 24 23 14 11 17 17 7 5 8 8 20 31 33 19 18 37 22 33 11 17 23 35 27 39 19 12 23 40 34 22 15 7 14 9 5 2 1 3 4 5 3 2 1 1 1 1 1 0 1 1 1 4 2 2 3
15 28 42 44 64 78 78 79 76 81 77 91 80 79 62 76 62 74 74 78 26 47 47 20 14 4 4 2 6 8 8 17 22 11 11 16 10 19 19 21 17 17 17 27 28 17 19 9 14 16 39 57 52 35 55 14 38 37 10 5 4 16 13 31 23 23 13 8 9 14 11 12 5 2 2 2 4 2 6 7 4 6 4 6 7 7 5 4 4 7 2 2 9 6 3 7
43 62 68 77 78 74 84 78 81 73 89 74 49 62 61 58 65 65 66 71 35 22 30 19 16 10 4 6 13 15 15 27 19 7 22 17 25 23 35 24 40 27 39 39 44 42 32 29 22 27 38 63 68 67 64 36 42 38 19 26 14 3 4 5 6 5 9 5 4 4 5 4 4 8 14 12 20 11 19 10 11 15 8 14 9 23 13 6 10 9 4 5 10 7 5 11
72 76 81 72 82 79 85 73 74 60 73 19 34 27 35 52 53 40 39 59 37 18 8 6 10 14 14 11 17 7 39 45 40 26 36 40 37 30 35 35 35 39 40 40 56 41 48 34 17 53 50 50 64 51 40 36 64 42 34 51 39 25 26 25 24 21 34 23 16 15 15 17 27 27 27 15 26 24 24 23 22 22 20 18 29 22 15 13 12 6 11 7 13 7 17 17
19 34 51 49 71 69 78 74 42 9 5 6 16 11 12 13 15 25 44 57 37 11 12 21 11 12 37 26 39 29 38 40 40 35 34 55 46 26 50 41 39 52 52 52 41 40 47 37 32 42 53 49 60 70 53 55 48 37 46 48 42 44 43 46 44 38 52 40 35 18 30 32 30 31 44 31 31 44 29 39 39 27 30 29 48 25 20 16 17 16 14 10 20 23 24 35
18 13 9 9 7 10 28 29 27 10 7 9 18 18 8 5 4 7 26 33 18 10 39 12 26 36 46 37 52 36 35 30 49 36 26 44 41 23 42 47 38 56 40 36 38 42 60 46 31 35 53 53 30 77 57 68 40 45 53 43 57 44 41 41 42 30 56 39 25 34 35 35 47 34 46 34 34 49 47 46 32 31 44 36 39 28 24 22 20 20 20 17 43 32 27 27
33 48 42 18 17 14 4 9 14 6 12 16 14 8 4 5 2 14 11 18 26 43 48 24 45 40 46 41 32 13 5 14 36 32 27 36 24 27 40 49 52 34 39 34 34 55 45 30 44 40 56 63 41 74 70 37 68 61 55 39 51 43 58 56 42 47 43 41 39 24 37 51 50 38 51 50 39 55 38 49 38 50 51 61 45 28 14 33 27 26 33 37 47 21 46 28
42 32 31 21 12 9 10 10 19 22 26 28 21 7 7 16 18 22 27 39 63 60 57 36 41 29 29 38 38 30 20 14 33 27 29 27 20 28 31 41 20 14 38 44 35 72 43 43 57 32 64 37 70 72 44 54 72 60 39 52 39 54 55 43 28 47 46 42 26 42 60 64 58 41 53 56 56 60 42 38 43 56 54 47 38 22 19 40 35 22 49 52 50 25 16 56
22 32 36 27 30 17 29 25 33 35 40 49 37 29 23 35 22 30 45 51 61 44 24 39 47 29 16 24 38 34 23 14 24 29 16 34 23 47 34 23 30 20 44 29 23 72 50 54 41 32 45 70 62 48 44 40 57 70 40 55 53 63 54 31 58 54 58 44 22 45 56 77 63 48 55 61 63 50 42 32 50 74 66 58 53 25 44 66 49 25 42 67 66 34 19 53
37 46 26 27 16 26 39 31 27 44 42 45 41 38 41 38 37 47 46 48 55 42 39 44 32 21 23 34 27 32 14 25 15 11 33 34 33 27 32 20 22 13 43 16 12 50 56 53 32 39 47 32 62 17 13 11 29 56 29 60 70 55 51 70 58 56 39 19 29 61 65 82 70 53 58 71 79 57 56 33 56 79 58 44 40 33 54 71 53 34 26 75 82 57 36 47
18 33 26 32 25 37 38 37 35 32 49 41 37 35 57 29 35 47 42 39 51 48 28 42 27 27 32 29 23 40 16 30 14 12 17 33 15 22 15 25 20 23 29 20 36 32 60 47 18 30 46 35 39 23 19 13 18 31 20 65 71 62 63 70 33 51 23 20 31 64 74 77 74 59 65 74 84 48 58 31 62 86 64 36 31 39 60 75 58 41 32 67 76 67 27 50
13 18 39 30 20 26 39 22 21 23 42 36 28 42 33 30 22 39 47 28 27 36 45 35 24 22 21 15 13 55 18 24 16 15 17 29 25 18 12 20 12 26 20 16 29 25 37 14 20 15 23 50 35 29 19 20 41 22 25 56 47 56 80 47 56 50 34 35 48 51 75 74 76 49 56 75 63 42 65 37 49 76 65 55 37 41 65 77 58 47 36 50 70 51 39 52
4 7 11 11 7 7 17 15 13 17 17 21 21 32 26 24 25 23 32 28 21 12 18 30 26 19 24 15 9 15 26 32 11 9 13 25 14 7 10 16 12 25 19 15 15 23 15 13 10 10 10 25 9 11 18 18 33 13 29 39 33 54 32 45 72 37 35 39 58 47 63 82 60 35 56 75 63 41 69 41 51 73 50 47 48 36 37 75 75 48 32 52 71 51 35 52
1 2 2 3 4 4 9 10 5 14 12 18 20 19 16 27 20 16 21 26 14 9 7 24 22 13 21 7 7 19 17 19 6 7 13 9 7 10 8 16 21 8 13 23 18 11 5 16 7 5 3 11 3 6 8 17 23 33 30 16 17 13 28 68 30 40 53 30 42 48 41 67 33 30 50 67 44 44 60 28 60 65 46 47 49 53 25 35 77 43 36 45 70 62 50 41
1 1 1 1 2 1 3 3 4 8 7 15 13 13 13 16 13 13 10 12 17 7 20 14 17 14 10 10 2 7 14 16 2 3 5 11 5 2 5 7 17 6 12 6 5 6 5 2 6 6 5 7 9 4 8 10 27 22 17 42 30 15 41 34 46 55 26 27 33 48 25 55 23 23 33 58 32 52 56 24 42 47 31 59 58 58 34 31 74 56 32 48 56 40 46 36
0 0 1 1 2 1 3 2 3 4 5 11 8 5 7 11 13 18 11 4 4 3 24 2 9 10 9 6 2 3 4 7 1 1 6 1 1 1 5 1 8 3 6 3 4 5 5 20 27 47 33 21 25 17 8 15 20 15 17 26 20 17 29 11 40 20 24 25 31 45 16 32 20 31 14 31 21 42 35 26 48 31 27 43 58 31 42 30 46 37 45 33 63 64 67 53
0 0 1 0 0 1 1 1 2 2 5 7 4 7 3 9 3 11 10 4 2 6 9 3 7 8 6 8 1 1 1 2 2 3 1 1 2 2 5 2 4 4 6 12 6 30 17 45 20 26 13 15 24 39 42 27 26 7 7 28 14 15 6 11 26 14 16 19 24 38 38 28 29 25 17 41 17 44 19 18 55 18 49 42 56 33 42 32 32 51 49 60 62 70 76 87
0 0 0 0 0 1 2 0 2 1 1 1 1 4 2 5 3 8 6 6 4 7 6 12 2 2 3 2 3 3 1 1 2 1 9 18 9 7 21 41 20 20 15 47 20 17 53 51 17 34 25 19 26 48 38 24 33 32 22 47 26 42 37 19 12 20 27 24 18 22 36 41 28 56 66 57 63 78 68 43 47 60 62 62 30 80 79 64 55 26 43 37 50 75 57 64
0 0 0 0 1 2 1 0 0 0 0 0 1 3 3 3 3 4 3 3 5 4 3 9 4 1 1 1 1 1 1 1 2 1 1 9 19 4 5 23 27 32 20 42 57 19 24 33 41 40 49 14 19 55 59 22 63 49 71 62 30 45 28 35 25 38 25 48 53 11 16 53 53 29 56 65 45 67 47 73 38 58 76 64 41 79 72 59 83 75 60 32 49 64 45 34
0 0 0 0 0 0 0 0 0 0 1 0 2 2 1 3 1 4 2 2 3 2 3 4 3 2 1 1 1 2 1 0 1 1 1 2 4 3 2 15 23 12 35 55 42 12 21 21 27 38 48 17 22 46 40 55 42 36 49 62 30 12 19 47 48 52 51 46 43 54 14 47 69 28 56 74 22 16 24 80 73 48 45 53 66 73 71 77 87 76 47 65 31 27 63 71
0 0 0 0 0 0 0 0 0 0 1 1 1 1 1 2 1 2 1 1 1 2 3 1 2 2 0 0 1 2 1 0 1 1 1 1 2 11 5 18 11 25 18 18 60 36 19 17 28 30 43 45 24 59 58 83 35 62 81 81 61 10 36 40 44 71 62 72 42 70 30 26 64 34 56 77 43 29 23 72 64 68 16 16 29 69 78 71 81 67 28 70 48 36 53 64
0 0 0 0 0 0 0 0 0 0 1 1 1 0 1 2 1 1 1 1 1 2 1 1 1 1 0 0 0 1 1 1 1 1 1 3 3 4 19 59 18 36 24 46 49 55 25 26 51 41 78 80 45 61 84 89 56 81 87 76 68 29 65 68 48 43 35 30 55 79 39 23 48 25 62 68 85 40 48 83 59 74 66 27 25 45 66 62 60 43 65 87 48 32 21 22
0 0 0 0 0 0 0 0 0 0 1 0 0 0 1 1 1 1 1 1 0 1 0 0 0 1 0 1 2 3 3 3 2 3 6 8 6 14 38 40 33 13 15 55 62 38 21 21 35 49 73 66 67 42 74 90 64 70 80 73 80 70 73 83 36 41 54 30 60 74 67 43 15 30 79 76 80 72 41 86 44 65 76 49 29 26 58 49 50 23 77 87 66 47 49 21
0 0 0 0 0 0 0 0 0 0 1 0 0 0 0 1 1 0 0 0 1 0 0 0 0 1 1 3 6 1 2 1 4 7 6 9 5 14 26 26 56 25 48 21 78 30 36 31 18 39 67 66 45 22 25 63 67 78 83 81 90 76 78 77 74 50 55 44 53 58 80 59 29 26 63 76 83 82 57 70 67 62 67 79 47 30 20 22 20 36 75 54 78 50 47 30
0 0 1 0 0 0 0 0 0 0 0 0 0 0 1 0 0 0 0 0 0 0 0 0 0 0 0 0 2 1 1 6 4 5 18 13 8 5 3 16 18 12 4 4 26 23 63 55 21 14 35 16 27 13 11 19 21 59 64 64 72 74 68 65 87 50 52 44 14 70 90 47 31 25 68 59 58 68 38 51 56 25 69 80 67 45 14 15 16 26 17 39 80 48 33 40
0 0 0 1 1 0 0 0 0 0 0 0 0 0 0 0 0 0 0 0 0 0 0 1 2 7 2 1 1 1 3 3 10 13 14 15 11 16 9 4 7 21 10 5 10 15 27 38 39 15 17 13 27 16 18 34 26 15 26 46 45 23 34 67 91 73 40 44 53 76 88 56 24 14 29 41 63 49 61 66 55 18 54 70 80 34 23 12 37 43 24 41 89 62 58 60
0 0 0 0 0 2 0 0 0 0 0 0 0 0 0 0 0 0 0 1 0 2 1 1 2 4 6 1 1 4 4 3 9 17 9 5 20 21 7 7 9 33 19 11 17 16 17 16 18 10 17 41 47 43 36 34 25 20 17 12 4 2 13 77 80 78 54 29 34 72 81 76 66 28 17 41 58 44 46 31 55 41 28 74 75 62 28 18 40 33 54 82 82 82 67 63
0 1 0 0 0 0 2 0 0 0 0 1 0 0 0 0 0 0 0 0 0 0 0 1 2 3 3 4 4 9 4 3 13 9 16 19 15 28 14 23 16 27 31 17 9 31 18 24 18 8 15 53 63 70 64 56 42 37 33 29 33 28 29 52 54 66 57 24 12 47 45 78 79 39 19 48 60 44 28 45 69 38 26 25 76 78 30 17 48 57 53 74 51 77 48 31
0 0 0 0 1 0 0 0 0 0 1 1 3 1 1 1 0 0 0 0 0 0 0 0 1 1 3 7 4 6 3 5 4 3 19 27 11 11 24 42 30 36 29 20 7 14 43 34 25 16 15 37 76 77 75 75 62 61 54 53 78 80 82 73 61 58 48 31 13 9 38 51 82 65 60 23 44 52 30 7 22 34 38 50 68 75 48 28 15 36 39 34 77 76 87 59
0 0 0 1 2 1 5 1 1 1 1 0 2 2 1 0 1 0 0 0 0 0 0 0 1 1 2 5 3 2 2 8 16 14 28 21 18 30 48 24 46 42 21 28 34 34 46 49 35 27 16 23 50 74 71 79 79 76 57 46 37 52 62 66 76 73 74 63 41 4 12 51 59 66 60 53 35 18 24 22 54 44 22 31 29 68 66 26 12 21 29 35 29 68 57 72
3 1 0 0 0 2 2 0 1 2 1 1 0 1 0 0 1 0 0 0 0 0 0 1 3 1 2 4 4 8 8 37 20 12 15 27 19 23 17 7 14 51 63 41 59 46 39 36 39 41 37 19 15 20 59 60 56 74 74 67 61 56 41 47 52 69 73 73 69 61 42 64 57 73 46 46 35 24 36 26 22 24 16 43 33 70 74 23 9 30 39 28 30 30 58 74
1 2 1 1 1 2 7 3 1 1 1 1 0 0 0 0 0 1 0 0 0 0 0 2 2 2 1 2 2 2 1 2 3 13 13 16 18 24 27 28 17 8 19 66 67 77 67 51 47 25 35 36 28 16 26 41 35 29 46 51 54 67 67 55 33 37 64 72 72 57 61 78 60 80 68 49 44 45 27 15 17 33 15 25 35 26 61 33 9 19 35 35 16 11 51 75
1 1 17 3 1 2 1 4 5 2 2 1 0 1 1 1 1 1 0 0 0 0 1 1 1 1 3 8 5 3 6 10 8 12 15 33 36 36 36 42 44 36 20 14 15 62 69 64 45 32 25 37 28 16 6 7 7 9 7 9 16 35 31 42 44 25 24 38 38 33 61 62 60 57 54 57 61 56 33 38 34 29 14 16 47 54 37 44 14 5 24 32 18 37 77 34
1 1 3 3 2 1 0 0 9 25 20 14 1 1 1 0 0 3 0 1 0 0 1 1 5 1 4 7 2 4 7 12 7 9 16 24 24 34 34 36 42 34 51 46 46 30 17 13 40 42 49 18 16 11 16 25 24 24 23 20 20 8 6 7 9 7 6 5 6 20 31 46 42 38 32 24 23 47 41 34 27 15 34 28 30 42 33 52 32 9 6 23 44 79 45 70
2 1 3 17 6 2 2 1 1 16 4 1 2 1 1 1 1 0 0 1 0 0 0 1 1 1 1 1 1 2 2 3 5 9 9 13 26 40 29 41 47 52 51 52 54 42 37 36 25 14 13 9 12 28 32 44 43 45 41 52 23 7 6 20 21 33 16 18 5 4 10 26 20 14 13 14 17 23 31 47 42 15 13 15 16 18 30 41 48 15 6 19 84 54 45 60
2 2 3 7 7 7 11 1 0 0 0 0 1 1 1 6 1 1 1 1 0 0 0 0 0 0 1 1 2 2 1 2 3 6 10 14 17 25 25 42 43 37 33 34 42 32 30 42 35 31 36 37 38 52 48 46 60 61 62 54 29 22 23 38 35 27 32 16 6 7 6 2 2 2 3 3 7 7 3 6 12 7 8 5 5 6 19 30 27 16 6 52 59 31 64 62
7 5 4 1 7 8 24 21 8 5 3 2 0 1 5 2 11 7 2 1 4 2 1 0 0 0 1 1 1 1 1 3 6 3 1 5 18 26 16 13 27 38 29 22 33 27 37 39 44 41 47 31 33 49 60 61 61 64 71 61 39 35 48 45 54 55 56 42 19 17 5 3 1 3 4 9 24 15 9 7 6 4 2 3 3 4 7 13 28 30 11 66 20 12 47 68
7 8 8 11 10 18 8 4 6 14 4 6 2 3 5 13 23 11 3 3 6 1 2 2 1 1 1 0 0 1 2 1 1 1 3 5 13 29 30 27 36 33 44 34 40 36 40 42 46 30 57 48 46 40 56 60 77 76 75 60 30 53 49 63 62 76 66 57 43 22 15 16 16 21 22 35 43 32 18 17 26 30 14 6 8 5 2 3 10 35 21 52 12 12 53 80
10 12 3 3 12 9 33 27 10 10 10 20 14 4 9 36 29 11 4 9 2 7 2 2 1 0 0 1 0 1 1 0 0 4 3 4 7 16 26 27 35 27 28 34 35 39 43 57 46 36 45 60 43 44 62 71 78 69 56 47 44 55 64 65 65 81 74 61 51 26 39 37 38 44 44 44 58 42 40 39 37 35 20 29 27 12 10 2 4 16 13 15 15 8 25 49
13 16 13 4 24 34 36 28 52 25 14 5 3 21 31 24 16 8 6 26 2 13 2 1 1 1 1 1 2 1 0 1 1 3 3 7 9 16 15 25 38 31 15 30 33 31 47 59 50 30 29 59 54 44 60 74 72 59 43 33 36 66 63 65 80 77 67 60 35 28 43 42 44 57 52 66 65 66 47 48 60 49 45 55 40 31 15 4 2 9 8 16 11 4 12 29
12 3 13 7 4 30 20 12 20 40 42 23 4 13 40 26 3 4 17 29 2 24 2 1 4 3 1 2 2 8 1 0 1 1 3 2 2 4 8 9 26 18 25 27 30 19 49 30 52 26 55 47 44 35 62 77 56 52 33 47 47 60 56 71 80 73 65 64 36 52 63 63 43 60 70 66 68 60 52 58 68 63 53 61 30 18 8 6 3 2 3 8 9 3 9 6
12 11 7 13 4 9 42 51 57 34 12 12 4 18 19 33 9 17 48 20 6 23 3 2 1 2 2 4 6 2 4 7 2 1 1 2 1 2 3 7 13 13 15 26 18 22 29 26 13 13 65 21 37 29 66 42 41 50 29 38 38 51 65 77 61 71 60 47 39 55 66 66 43 66 62 72 75 63 55 61 76 62 62 38 20 22 17 19 15 4 1 1 4 3 2 4
21 9 15 13 16 14 25 43 40 39 45 19 37 9 4 2 23 69 53 19 21 21 6 6 5 3 1 5 4 5 4 1 1 1 1 0 1 2 2 10 5 7 14 16 6 12 10 11 16 23 12 10 26 47 22 36 30 24 29 26 27 46 73 63 64 51 37 41 55 67 65 66 56 66 47 55 66 43 54 61 77 45 30 30 37 41 52 31 21 8 4 1 1 2 2 1
