sesion_6_simulaciones/modelos_agentes/ejemplos_netlogo/scenarios/echam4_b2/rob_2014.asc
NCOLS 322 
NROWS 307 
XLLCORNER 451900 
YLLCORNER 4086900 
CELLSIZE 100 
NODATA_value -9999 
[rows 222 to 295 of 307, columns 192 to 287 of 322]
1 1 0 0 1 1 0 0 0 0 0 0 0 0 0 0 0 0 0 0 0 0 2 1 1 1 1 1 1 2 1 1 4 4 5 5 8 21 24 30 38 35 40 60 44 57 59 43 53 64 65 59 29 26 37 41 37 57 67 67 49 38 45 24 52 77 65 49 67 73 29 11 3 1 0 0 0 0 0 0 0 0 0 0 0 0 0 0 0 0 0 1 1 1 1 1
3 3 2 1 0 0 0 0 0 0 0 0 0 0 0 0 0 0 0 0 0 1 1 3 1 2 2 1 2 3 2 2 5 6 7 6 10 9 17 23 32 31 40 59 52 41 56 41 52 49 52 40 41 33 20 27 35 48 38 39 29 39 42 24 28 55 40 32 51 58 30 9 3 1 0 0 0 0 0 0 0 0 0 0 0 0 0 0 0 0 0 0 1 1 1 2
4 2 2 1 1 0 0 0 0 0 0 0 0 0 0 0 0 0 0 0 0 1 2 5 4 3 3 4 4 8 9 5 6 8 9 6 11 6 15 20 18 28 36 54 65 36 50 52 28 29 35 38 54 24 10 36 32 53 29 46 43 43 43 34 12 12 2 1 3 29 42 9 2 0 0 0 0 0 0 0 0 0 0 0 0 0 0 0 0 0 0 1 1 1 1 3
2 1 1 1 0 0 0 0 0 0 0 0 0 0 0 0 0 0 0 0 0 1 2 4 6 6 5 6 5 11 30 20 12 12 6 8 11 10 24 16 15 18 32 38 58 51 27 35 16 18 17 17 26 34 9 27 30 28 38 55 58 46 50 36 11 10 5 6 2 2 13 4 1 1 0 0 0 0 0 0 0 0 0 0 0 0 0 0 0 0 0 1 1 1 1 2
2 1 1 0 0 0 0 0 0 0 0 0 0 0 0 0 0 0 0 1 0 1 2 3 7 21 12 10 12 8 20 36 15 22 15 19 24 24 16 20 12 17 19 22 27 36 31 49 45 16 45 47 30 23 14 23 61 53 53 55 64 49 40 21 14 12 13 18 6 3 3 1 1 1 1 1 0 0 0 0 0 0 0 0 0 0 0 0 0 0 0 0 1 1 1 2
1 2 1 1 1 0 0 0 0 0 0 0 0 0 0 0 0 0 1 1 1 2 2 3 6 22 38 17 29 15 23 37 23 15 30 34 27 25 26 23 7 12 11 21 31 39 51 59 75 39 37 39 37 18 28 31 46 39 51 55 53 36 29 19 36 24 26 16 7 4 1 1 1 1 1 1 1 0 0 0 0 0 0 0 0 0 0 0 0 0 0 0 1 1 2 3
2 1 1 0 0 0 0 0 0 0 0 0 0 0 0 0 0 0 1 2 3 7 11 9 11 20 51 20 36 19 25 40 13 15 31 33 41 39 29 29 18 20 17 15 33 39 42 59 60 59 56 49 43 27 49 61 58 50 60 69 50 28 30 40 65 48 22 11 7 3 2 2 2 2 2 1 1 1 0 0 0 0 0 0 0 0 0 0 0 0 0 1 1 1 1 3
2 1 0 0 0 0 0 0 0 0 0 0 0 0 0 0 0 0 0 1 2 5 12 29 26 24 46 47 58 28 48 24 13 14 25 43 45 43 27 29 29 33 21 20 24 42 43 48 46 44 65 59 46 35 44 43 57 39 43 23 35 56 55 74 60 34 19 9 10 8 6 4 4 4 1 1 1 0 0 0 0 0 1 0 0 0 0 0 0 0 0 1 1 1 2 3
1 1 0 0 0 0 0 0 0 0 0 0 0 0 0 0 0 0 0 1 3 5 12 16 32 37 56 63 59 30 45 19 16 37 28 39 49 38 34 43 36 47 23 24 40 45 56 50 62 41 46 48 43 16 25 17 76 47 31 42 52 49 51 38 20 15 13 12 7 9 13 11 6 2 0 0 0 0 0 0 0 0 1 0 0 0 1 1 0 0 0 1 1 1 2 3
0 0 0 0 0 0 0 0 0 0 0 0 0 0 0 0 0 0 1 2 2 5 13 24 26 37 48 51 58 53 61 31 23 35 45 36 48 45 39 39 43 30 37 24 24 29 47 59 57 47 32 34 31 30 44 39 15 77 81 58 36 19 33 26 30 21 11 7 3 12 32 12 4 2 1 0 0 0 0 0 0 0 0 0 1 0 1 1 1 0 0 1 1 2 1 3
0 0 0 0 0 0 0 0 0 0 0 0 0 0 0 1 0 1 1 2 2 9 21 30 26 35 51 51 74 80 52 42 42 54 35 53 52 49 48 45 44 41 49 21 39 32 46 45 38 21 38 36 45 45 50 57 45 35 42 49 28 44 26 23 19 17 15 4 6 15 14 5 3 2 1 0 0 0 0 0 0 0 0 1 1 0 0 0 2 0 0 1 1 1 1 2
0 0 0 0 0 0 0 0 0 0 0 0 0 0 0 0 1 1 2 6 4 4 27 27 48 41 49 62 26 78 56 55 45 61 47 41 48 59 50 49 49 41 66 25 24 60 46 45 41 37 56 40 42 51 58 31 51 51 33 16 26 14 21 21 19 15 8 24 17 5 8 4 2 1 1 0 0 0 0 0 0 0 0 0 0 1 0 1 1 1 1 1 1 2 2 1
0 0 0 0 0 0 0 0 0 0 0 0 0 0 0 0 0 1 2 6 10 17 42 33 51 59 67 63 71 63 84 50 43 58 46 25 34 56 60 65 53 26 45 55 16 28 42 62 41 50 62 50 36 40 37 33 19 21 26 41 33 34 27 36 13 13 18 8 4 6 5 3 2 0 0 0 0 0 0 0 0 0 0 0 1 1 0 1 1 2 5 2 1 1 3 3
0 0 0 0 0 0 0 0 0 0 0 0 0 0 0 0 0 1 2 4 13 11 23 7 21 45 46 25 27 54 77 51 55 81 45 52 56 64 42 17 29 17 46 57 18 42 62 44 21 42 55 60 37 44 29 19 48 52 48 34 20 27 52 56 32 21 33 26 19 8 4 2 1 0 0 0 0 0 1 0 0 0 0 0 1 1 2 1 1 1 0 3 1 1 1 2
0 0 0 0 0 0 0 0 0 0 0 0 0 0 0 0 0 0 1 3 6 5 6 22 22 28 22 33 41 53 69 67 74 76 63 60 59 56 55 30 43 37 46 57 19 30 51 48 32 27 40 50 41 31 18 38 51 25 31 37 36 58 64 61 57 46 23 11 15 8 14 4 1 0 0 0 0 0 0 0 0 0 1 0 1 1 1 3 2 2 1 4 2 0 1 1
0 0 0 0 0 0 0 0 0 0 0 0 0 0 0 0 0 1 1 1 2 12 16 13 21 35 37 31 40 56 59 58 67 74 53 62 59 59 62 29 59 53 41 60 17 23 45 42 54 58 35 35 58 42 33 40 36 32 59 43 68 48 46 65 72 34 22 7 17 5 2 2 0 0 0 0 0 1 1 1 1 1 1 0 1 0 1 3 7 10 1 1 3 1 2 4
0 0 0 0 0 0 0 0 0 0 0 0 0 0 0 0 0 0 0 1 2 4 9 8 9 19 36 30 45 37 51 58 62 73 67 74 61 68 52 51 35 49 29 46 17 15 28 29 39 55 64 39 28 16 36 18 15 46 46 38 45 33 53 52 48 56 20 5 2 2 1 0 0 0 1 1 0 0 1 1 2 1 1 1 1 1 0 0 1 2 6 6 4 2 2 4
0 0 0 0 0 0 0 0 0 0 0 0 0 0 0 0 0 0 0 1 3 6 4 9 14 28 25 23 34 38 26 32 51 54 48 64 48 68 56 51 50 49 78 55 26 30 41 61 40 27 37 35 14 38 15 23 39 67 53 73 69 48 28 29 22 11 12 10 3 1 0 0 0 1 0 1 0 0 1 2 1 2 1 1 1 1 1 1 1 1 4 4 3 14 3 6
0 0 0 0 0 0 0 0 0 0 0 0 0 0 0 0 0 0 1 0 1 1 2 3 6 13 13 15 19 26 44 47 34 31 24 74 62 81 48 61 51 43 79 60 46 31 60 56 53 52 32 64 37 64 48 60 56 26 36 41 41 34 17 22 26 14 15 4 4 1 1 0 0 0 1 1 1 0 1 1 2 3 2 3 1 1 1 2 0 0 1 1 1 4 8 5
0 0 0 0 0 0 0 0 0 0 0 0 0 0 1 0 0 1 1 2 3 4 9 13 19 20 25 45 54 45 45 60 58 51 59 57 79 69 55 57 50 40 35 70 45 21 38 43 61 48 59 61 64 71 89 81 81 71 72 46 41 37 37 43 26 13 8 4 3 1 0 0 0 1 1 1 1 1 1 3 2 5 2 4 2 1 1 2 3 1 1 2 1 1 1 2
0 0 0 0 0 0 0 0 0 0 0 0 0 0 1 0 0 0 2 3 7 7 12 22 38 51 51 45 66 53 46 48 47 33 26 30 52 61 57 52 52 33 35 55 34 26 20 42 36 50 24 13 17 21 41 53 85 85 67 60 43 35 14 32 18 10 6 4 1 0 0 0 1 1 1 1 1 3 2 3 2 1 6 6 3 1 1 3 3 1 2 3 2 5 8 12
0 0 0 0 0 0 0 0 0 0 0 0 0 0 0 1 0 0 1 1 4 12 6 19 21 38 48 40 9 22 41 36 28 28 42 49 55 40 67 40 41 43 17 45 40 41 18 23 15 44 33 28 24 19 19 17 37 64 73 73 77 34 24 14 10 7 5 4 2 0 0 0 1 1 1 1 5 3 4 4 4 2 2 11 5 1 1 2 2 2 3 2 4 6 10 16
0 0 0 0 0 0 0 0 0 0 0 0 0 0 0 1 1 0 0 1 2 4 4 12 10 12 15 10 10 12 22 26 27 39 36 28 43 60 59 15 36 39 26 45 42 14 9 40 45 42 56 41 48 43 44 44 45 55 47 35 44 68 43 25 16 12 9 4 2 0 0 1 2 3 3 2 4 7 4 3 4 3 1 6 11 4 4 1 5 3 5 5 3 7 9 6
0 0 0 0 0 0 0 0 0 0 0 0 0 0 1 0 1 0 0 0 1 1 3 4 7 14 16 23 32 22 33 24 26 45 41 38 33 27 13 19 32 48 73 46 35 32 14 22 36 44 48 70 39 48 63 40 31 26 27 18 16 25 36 30 20 9 7 4 1 0 1 1 2 3 4 4 3 10 7 10 5 8 6 5 21 8 11 3 6 5 6 11 8 7 7 13
0 0 0 0 0 0 0 0 0 0 0 0 0 1 1 1 1 0 0 1 0 1 2 3 6 12 17 19 25 46 39 51 47 68 27 24 30 37 33 37 62 60 37 33 60 35 30 32 30 63 64 34 47 46 35 34 49 40 48 26 20 12 11 11 10 6 3 3 1 0 1 2 2 4 3 3 3 6 10 15 9 6 10 6 26 5 7 8 5 13 8 9 9 6 7 8
0 0 0 0 0 0 0 0 1 1 0 0 0 0 1 5 0 0 0 1 1 2 2 2 4 6 13 10 17 29 37 33 31 34 40 40 39 49 49 36 24 20 17 14 30 37 47 35 62 71 35 17 23 43 46 43 32 40 27 20 19 12 10 5 5 3 3 1 1 1 2 2 2 3 4 4 5 7 13 10 10 9 10 20 27 7 10 12 6 15 10 5 11 5 3 6
0 0 0 0 0 0 0 0 1 1 0 0 0 1 1 2 0 1 0 1 2 3 3 2 2 2 7 12 15 26 22 22 33 33 35 37 37 35 33 24 25 20 16 14 19 14 15 52 25 44 26 18 21 20 31 76 51 52 37 27 15 13 8 6 4 3 2 1 1 1 2 2 2 4 3 6 9 6 7 18 14 18 20 20 28 16 19 7 19 15 4 8 10 4 6 9
0 0 0 1 1 0 0 1 1 2 0 0 1 1 1 3 1 1 1 2 4 7 3 6 6 2 4 8 11 11 17 14 24 32 34 22 22 13 16 24 41 39 51 46 31 54 43 26 14 22 32 51 50 40 42 27 37 38 43 37 24 11 7 6 4 3 2 1 0 1 2 3 4 4 7 7 6 12 8 6 12 14 16 26 11 62 23 8 16 15 3 9 7 15 8 12
0 1 0 1 1 0 0 1 1 2 0 0 1 1 2 2 3 0 1 3 5 11 6 8 9 13 8 6 5 8 11 18 37 36 16 34 20 33 23 28 34 38 33 28 28 40 26 26 38 50 53 43 46 42 48 19 14 14 12 20 14 13 9 7 5 4 3 1 0 2 2 2 5 6 8 3 7 5 13 6 9 8 17 12 28 52 14 11 24 8 5 9 9 13 18 17
0 1 1 1 1 1 1 1 2 4 0 1 1 2 2 5 1 0 2 3 8 13 18 10 23 15 17 20 11 13 9 41 49 39 45 32 30 42 30 24 36 24 30 21 26 36 36 35 28 47 51 38 46 45 43 19 31 33 30 33 26 17 16 15 9 8 4 1 0 2 3 3 7 5 7 15 16 10 5 11 8 13 15 26 20 39 31 25 23 10 9 15 8 9 3 20
0 0 1 1 1 1 1 1 2 3 1 1 2 5 7 3 0 0 2 4 6 16 17 25 16 19 34 28 23 25 27 37 57 56 48 53 55 36 60 39 24 38 16 10 16 26 26 31 33 33 42 38 45 38 43 46 45 49 46 46 40 37 20 12 6 4 4 1 1 3 5 5 10 12 8 10 17 11 13 4 18 6 8 20 27 43 51 59 23 12 19 16 19 19 12 28
1 1 2 2 4 2 1 1 3 3 1 1 3 7 4 1 0 1 2 4 10 14 18 24 28 22 36 33 45 50 49 44 22 34 48 48 50 30 46 47 44 34 27 23 39 36 24 44 27 16 16 33 49 64 45 48 63 56 49 29 40 20 8 9 8 5 2 1 1 3 8 5 10 12 16 12 18 11 15 14 10 23 12 5 6 22 42 58 26 32 24 20 17 33 14 13
1 1 1 2 6 3 1 2 3 5 1 1 3 8 3 1 1 1 4 5 6 9 12 23 40 24 32 33 28 47 58 49 46 40 43 30 35 37 43 37 38 28 25 38 53 49 35 36 17 11 16 49 58 36 62 63 35 37 24 23 16 12 16 15 6 4 3 1 1 2 10 7 8 9 12 19 15 17 8 16 8 29 17 15 8 6 19 34 48 61 32 27 21 27 11 13
1 2 1 1 2 6 2 3 6 2 1 1 2 11 4 1 1 2 4 5 11 19 21 37 40 38 22 26 47 44 28 56 82 70 42 39 28 38 51 38 27 41 44 26 35 25 35 21 43 36 40 48 51 60 65 49 57 38 36 34 24 18 13 8 7 6 2 1 1 3 4 16 8 9 11 13 27 28 17 33 11 11 19 20 16 13 13 25 45 51 35 33 28 28 17 24
1 2 4 4 1 5 1 4 17 2 2 4 7 9 2 2 0 1 5 7 18 15 19 41 44 47 40 16 13 17 29 31 35 19 23 35 53 39 35 51 48 39 32 24 24 17 22 33 48 57 55 52 54 63 75 67 59 47 36 37 27 27 23 11 8 7 3 2 2 6 8 8 21 9 11 15 30 28 20 14 27 13 12 27 29 17 20 21 35 48 57 35 28 20 33 16
1 2 5 8 4 9 2 4 20 7 3 8 10 5 2 0 0 1 2 8 22 25 22 25 38 51 35 19 22 21 28 30 36 34 26 17 30 38 57 50 45 36 20 30 32 22 26 21 6 13 50 48 38 53 48 35 36 55 48 40 36 16 14 12 8 7 6 1 3 7 11 9 10 5 16 19 19 35 49 34 37 21 15 14 28 22 16 26 41 75 69 36 24 19 34 15
2 2 3 10 5 8 5 5 7 12 4 12 9 1 1 1 1 2 5 11 15 21 30 18 27 44 59 26 23 24 36 37 35 39 33 38 33 37 31 12 20 37 26 31 41 25 24 8 32 39 47 63 71 64 46 65 62 73 48 33 35 29 24 18 15 7 5 3 4 9 9 16 23 10 10 31 25 41 33 29 44 19 26 28 47 25 14 20 15 30 54 32 32 16 45 34
2 2 2 6 18 7 13 5 16 7 16 6 2 1 2 2 3 3 12 20 12 21 25 32 14 30 48 64 39 39 26 40 31 23 20 23 28 21 18 18 19 12 9 8 19 13 21 18 38 36 28 50 46 58 66 63 40 56 37 21 25 26 22 19 8 6 4 8 9 10 14 21 4 14 26 31 33 25 42 22 58 23 30 22 26 45 35 38 44 33 40 28 50 22 30 54
5 3 2 3 7 15 18 9 30 12 10 2 1 2 3 5 5 3 4 4 11 15 26 49 48 27 38 18 45 62 26 43 26 23 30 31 40 27 27 19 18 17 36 26 14 7 8 12 28 45 40 53 50 43 53 45 38 30 19 7 19 22 17 13 6 5 5 10 11 13 15 26 8 8 4 7 27 50 61 25 49 42 33 33 21 17 55 31 47 43 38 50 24 22 40 55
4 7 5 4 4 9 29 12 11 4 2 1 2 4 8 13 13 4 5 8 15 19 20 9 13 14 19 33 17 22 49 72 51 39 19 39 16 22 28 8 12 19 11 9 13 30 21 20 30 35 41 32 31 41 39 40 27 41 30 31 37 24 19 9 13 14 7 12 12 15 15 26 8 19 10 14 14 12 33 39 29 54 37 39 23 46 48 19 42 59 55 48 24 27 26 34
5 9 6 8 14 20 21 10 11 2 3 2 4 8 11 14 18 11 13 13 19 20 19 16 13 21 20 14 17 30 21 29 36 53 47 66 21 14 15 19 21 13 20 24 13 12 21 23 29 45 58 35 33 38 52 27 47 61 66 53 42 25 23 21 17 14 15 24 15 18 18 22 12 23 21 16 30 27 33 51 24 55 39 57 25 23 43 15 22 31 55 36 19 32 33 58
7 12 9 13 19 27 22 4 2 1 5 4 9 11 12 20 13 28 25 16 20 21 21 27 33 23 26 20 22 46 28 10 9 14 16 42 50 33 38 59 45 39 22 22 24 16 6 23 50 41 47 21 23 39 42 45 57 71 41 42 47 25 25 20 18 18 21 31 19 19 22 25 24 24 36 20 32 32 32 34 58 76 48 58 42 17 45 28 11 19 35 44 30 40 30 13
9 17 20 19 45 25 5 3 5 5 11 10 8 16 15 26 9 20 43 14 25 22 12 19 27 40 16 27 33 34 56 25 20 11 12 10 12 10 20 45 57 37 29 34 33 26 17 21 36 31 26 24 33 40 57 55 50 43 46 29 47 36 21 8 23 12 13 42 24 23 37 26 41 26 40 31 32 40 33 28 26 18 61 67 52 25 25 29 16 11 24 46 36 42 50 30
11 15 41 31 41 7 6 6 7 12 15 15 20 31 11 21 12 20 26 42 17 33 14 12 17 33 32 37 36 24 15 42 14 23 17 12 12 15 13 21 28 17 15 26 13 7 10 26 23 30 26 22 15 35 53 63 32 58 68 55 25 20 12 6 34 23 24 36 32 26 42 30 60 41 40 46 33 33 48 35 29 18 45 49 52 30 15 57 22 20 32 43 60 54 39 40
8 20 46 57 26 4 8 13 14 16 28 36 19 25 16 15 33 15 25 23 24 24 22 17 20 28 28 44 36 39 45 33 46 20 25 19 14 12 9 20 19 12 11 11 13 11 20 42 25 29 28 20 30 48 63 56 80 56 41 51 32 15 6 14 20 43 27 31 38 28 32 34 53 47 33 45 48 34 37 54 39 13 27 56 64 34 12 31 31 23 36 27 67 57 27 63
9 27 50 30 5 5 17 17 11 34 25 48 15 29 19 14 18 49 18 25 46 25 41 17 18 37 42 38 34 51 31 37 50 22 27 22 17 22 6 20 17 10 20 25 24 20 41 38 39 41 46 47 47 41 44 55 61 46 49 37 31 14 8 23 19 34 29 31 40 31 31 33 36 55 33 33 53 37 38 38 51 24 27 33 52 33 19 27 45 33 19 23 22 55 41 37
12 41 33 18 8 13 23 24 16 29 15 46 20 29 43 17 38 55 15 35 54 21 49 21 17 37 47 50 24 16 46 18 20 40 56 40 10 18 9 15 10 7 7 12 16 18 24 31 46 48 43 29 27 31 29 36 45 51 34 50 35 20 18 27 32 40 20 28 36 44 31 29 18 44 37 34 42 45 40 35 18 17 48 26 51 36 25 16 22 51 14 30 53 52 38 13
16 33 35 25 11 15 31 46 17 22 19 41 20 27 54 23 39 54 26 23 33 41 36 25 19 22 24 33 38 49 21 34 15 12 5 37 42 13 9 11 9 12 20 19 18 24 23 33 37 50 43 47 36 33 33 34 23 38 36 19 23 32 28 29 30 35 41 34 40 47 20 35 22 31 43 35 40 22 18 39 26 23 19 26 53 64 27 16 26 42 10 15 45 50 54 31
35 34 44 20 14 26 29 37 20 30 23 29 39 21 51 24 24 46 28 19 21 20 69 43 19 18 20 19 30 33 50 31 12 25 6 7 35 15 7 12 7 18 31 27 15 19 10 18 39 54 57 40 33 20 18 36 45 62 39 18 11 30 31 30 32 35 49 26 42 49 21 30 35 33 49 7 28 42 23 19 42 22 20 22 29 44 28 15 17 46 17 13 14 43 69 54
71 35 16 17 26 29 31 34 22 55 35 21 45 23 53 26 22 32 32 18 21 33 52 35 16 23 19 35 36 41 35 35 32 28 6 13 13 29 6 8 17 24 17 20 25 27 19 9 28 51 57 58 38 30 38 43 50 59 52 24 10 38 33 23 33 35 39 31 26 48 34 20 23 45 51 24 19 20 42 15 26 51 25 21 59 45 14 29 6 44 36 18 12 8 22 27
20 10 20 18 25 30 47 37 41 43 33 22 67 26 27 55 24 50 44 16 20 30 29 61 30 30 17 32 41 43 32 23 34 45 15 14 11 33 12 9 11 13 11 13 14 20 25 24 30 52 45 43 40 33 27 30 22 43 43 10 21 27 40 21 33 35 28 47 23 45 40 29 32 23 38 22 24 27 26 30 14 9 43 23 30 52 25 42 14 25 64 21 36 25 15 10
41 24 43 31 29 32 57 35 58 49 19 32 50 36 34 56 22 22 62 14 32 29 19 52 20 30 34 24 26 31 41 47 10 21 20 15 7 9 45 12 4 13 16 26 23 11 14 28 43 39 60 53 20 29 29 5 22 29 21 12 20 47 44 21 18 39 28 38 23 27 69 22 38 40 26 24 30 24 39 27 38 21 16 41 14 44 55 49 22 31 75 30 24 17 36 17
75 41 23 39 39 42 42 36 62 43 31 34 30 37 33 43 21 18 53 26 32 27 13 25 39 35 27 19 22 21 28 29 37 14 15 40 14 10 16 27 9 19 18 25 24 26 21 9 41 21 10 11 12 25 27 50 32 21 22 22 18 35 29 23 22 35 46 17 44 14 48 23 34 38 13 21 32 16 23 34 33 34 19 8 15 12 37 70 37 27 46 30 32 19 34 24
85 43 29 38 34 44 22 36 40 22 32 32 36 43 28 49 27 23 44 18 18 40 17 8 6 11 12 9 27 53 24 31 37 7 14 4 25 12 14 54 12 12 9 16 28 17 38 18 63 29 25 17 20 17 42 45 27 11 12 37 17 12 32 25 37 23 51 19 51 17 23 37 24 43 16 32 20 24 18 16 33 41 21 15 14 17 7 16 39 57 43 42 31 19 44 27
69 37 24 45 28 28 29 32 45 19 33 27 27 50 26 54 27 40 32 18 14 27 24 12 12 15 16 18 20 26 40 29 17 15 7 6 6 16 11 40 8 8 9 17 17 16 35 32 16 25 33 27 8 36 47 42 27 18 8 36 25 20 12 40 35 39 47 24 45 27 21 22 46 52 20 19 29 13 22 7 9 33 17 23 16 12 15 9 7 24 54 37 20 28 48 32
76 37 54 31 32 28 27 29 34 19 29 35 18 55 48 19 27 31 40 22 29 15 31 16 28 27 19 27 16 15 21 22 28 14 5 10 6 10 17 23 15 4 11 7 14 15 18 39 13 13 21 20 26 51 50 38 28 24 9 14 38 19 31 20 34 55 29 41 14 34 56 16 41 66 28 7 22 11 14 8 23 19 28 19 9 5 9 16 17 10 30 54 43 14 43 18
75 48 30 29 29 33 43 25 38 19 27 26 29 31 54 14 13 12 24 6 27 16 26 27 29 28 24 29 30 7 11 17 38 25 10 6 31 8 6 29 45 6 14 9 12 27 26 35 12 15 13 21 46 42 42 25 9 22 22 10 32 18 29 30 13 21 26 31 17 21 51 20 29 40 3 9 10 22 23 13 4 20 6 10 17 1 3 6 15 15 18 10 44 21 35 11
24 51 19 32 28 29 36 23 60 21 25 34 27 10 37 25 22 12 39 16 16 24 24 32 26 16 28 31 32 6 10 12 22 21 24 11 11 25 6 5 28 4 9 8 4 35 45 23 18 16 22 41 45 38 42 18 12 29 21 22 30 22 13 10 30 25 13 35 17 20 47 35 46 23 4 14 7 3 9 21 9 10 10 12 20 7 9 8 11 10 12 25 29 42 32 6
30 58 29 23 13 27 34 32 22 36 23 29 27 15 20 22 22 15 63 15 11 14 23 48 17 15 24 35 27 10 11 12 25 20 32 22 9 12 20 7 31 6 8 4 5 19 13 26 9 39 27 45 44 45 24 12 18 29 18 29 38 32 46 17 17 22 13 42 12 19 16 29 37 10 5 4 6 8 13 11 12 4 2 17 16 25 18 14 9 8 5 4 10 41 28 9
28 65 54 6 19 20 44 32 19 38 22 16 11 15 10 29 7 26 19 8 13 11 23 17 32 20 18 22 16 14 7 17 22 23 21 16 19 16 28 10 31 7 9 8 7 11 22 47 21 16 38 54 51 39 8 16 26 37 24 33 19 44 25 39 26 15 11 14 12 18 25 43 20 20 13 15 2 13 18 8 14 4 2 11 10 39 36 12 10 7 8 5 4 14 25 25
14 23 51 9 21 11 35 32 17 37 29 11 4 19 12 36 12 24 18 23 11 10 25 33 23 10 12 16 18 25 3 7 13 29 23 13 19 38 15 23 38 14 10 17 9 10 7 35 41 43 53 58 41 14 11 33 37 34 26 38 37 25 13 21 39 6 12 16 18 9 18 23 18 28 13 13 8 22 14 3 23 33 9 14 4 5 15 16 8 10 2 6 12 26 10 21
17 31 46 17 20 5 10 22 21 17 24 8 3 9 21 54 16 10 19 6 16 23 24 29 18 6 10 10 20 14 10 12 22 15 8 5 18 31 33 13 22 17 15 23 18 14 18 61 46 67 72 53 8 12 16 18 32 33 21 25 42 14 32 23 15 37 57 12 8 5 7 34 13 22 24 17 15 27 24 14 21 58 16 20 7 4 7 18 43 30 15 9 24 19 15 36
16 21 50 22 29 10 10 19 7 22 29 19 8 9 14 31 17 8 18 9 16 18 16 10 16 6 27 4 13 24 11 10 23 31 13 7 25 13 11 25 4 14 4 16 37 62 77 53 47 48 31 8 11 16 23 24 27 26 17 16 17 12 21 23 4 29 17 1 1 14 11 15 37 15 36 26 23 23 30 14 27 33 15 22 13 11 11 10 13 20 23 36 13 31 42 51
21 11 6 43 14 8 3 4 4 16 43 11 11 6 10 23 8 8 28 7 11 13 12 11 6 8 8 5 2 19 10 12 13 18 12 20 13 16 4 9 7 9 6 58 43 51 78 81 53 20 8 12 13 23 21 19 27 27 20 5 1 4 20 39 33 43 6 4 3 23 33 20 20 7 42 16 34 15 33 9 21 24 24 32 19 20 6 3 9 8 6 11 34 12 33 28
21 17 12 47 3 9 11 4 23 2 25 11 9 13 17 26 10 11 23 12 5 10 9 21 5 12 3 18 3 4 8 12 22 18 7 9 37 24 7 9 19 65 70 68 78 48 65 79 59 4 9 17 18 17 4 14 17 14 14 1 1 16 46 56 39 16 9 21 24 13 27 33 11 8 19 20 34 29 46 44 52 35 15 27 24 21 16 1 5 12 14 10 13 26 35 29
18 11 5 55 9 4 5 6 26 3 6 22 8 7 8 24 10 14 35 13 6 10 9 28 5 15 6 11 13 14 6 12 17 17 15 18 20 16 14 32 47 69 82 71 80 78 70 61 6 8 20 15 16 17 7 9 29 36 10 5 4 23 48 36 20 13 18 23 24 15 27 40 54 14 10 20 20 21 25 14 8 16 22 49 44 26 12 4 15 5 19 24 17 25 47 20
14 11 6 16 33 25 10 6 26 8 6 25 2 7 5 5 14 10 17 11 4 2 1 13 4 17 18 12 22 8 8 11 8 24 13 23 15 8 19 37 30 30 57 73 76 64 7 5 14 10 12 9 15 16 10 7 6 57 16 17 10 20 12 36 26 10 28 30 22 50 35 38 8 11 14 27 27 22 20 17 22 25 31 20 34 12 16 8 13 3 4 21 11 23 51 24
15 11 5 8 43 14 11 5 14 4 5 11 12 2 1 3 7 4 12 8 9 1 3 4 13 21 14 10 15 6 11 14 12 9 16 22 12 6 20 30 17 40 27 17 16 6 17 25 19 18 10 10 7 1 5 18 7 25 26 12 11 19 7 21 12 13 13 36 34 46 17 9 13 19 20 24 47 23 24 22 32 29 34 34 35 8 14 8 18 6 23 23 13 16 20 14
11 12 9 4 28 3 5 7 21 7 3 6 23 5 3 4 4 4 13 13 5 4 3 9 25 16 11 15 7 8 8 18 17 19 16 10 16 9 34 27 61 63 26 9 14 14 6 8 11 4 5 1 5 3 7 19 5 42 19 7 11 12 25 15 5 15 15 47 39 2 9 1 5 23 46 47 29 27 16 19 29 24 32 38 29 19 16 17 9 7 15 18 17 20 14 9
6 6 13 16 19 2 10 5 12 4 3 3 12 5 5 4 3 8 4 14 5 3 1 4 15 17 17 8 4 8 5 11 11 17 7 16 16 13 24 18 22 26 16 15 19 10 8 12 20 14 5 1 1 2 8 22 7 22 21 12 10 13 16 11 4 9 25 34 7 1 3 11 7 7 13 36 38 40 13 19 25 29 38 17 35 25 21 22 23 10 11 22 12 4 6 9
19 5 9 29 36 3 6 3 12 5 4 2 6 5 7 1 5 3 6 4 4 3 2 5 10 20 19 5 5 5 2 4 13 4 11 9 11 8 39 17 18 25 10 15 4 13 4 2 6 16 13 2 1 4 1 5 20 5 20 2 3 21 16 3 10 29 32 37 7 0 2 14 10 9 14 26 38 20 10 13 25 33 28 32 22 19 30 24 10 7 17 15 11 7 3 5
12 4 0 4 6 10 5 4 5 4 3 1 1 5 3 0 3 5 7 2 2 2 2 11 9 9 13 2 6 8 3 1 4 7 12 10 17 49 23 68 61 37 8 3 3 16 11 5 5 12 7 7 1 3 7 4 27 17 3 1 1 15 15 11 24 32 29 29 2 7 7 15 39 6 11 23 24 16 9 10 22 21 16 8 20 37 16 27 6 7 7 9 4 3 6 2
5 9 2 5 2 15 5 3 0 3 3 1 1 2 2 1 3 5 18 0 1 3 3 11 5 5 5 1 5 3 5 3 4 7 8 19 29 31 65 44 37 39 20 5 5 8 1 1 1 5 10 6 5 2 6 11 5 28 10 6 7 29 10 3 17 22 17 26 6 10 15 13 18 4 7 11 19 28 18 9 2 3 4 7 9 11 7 11 7 5 4 3 1 2 1 3
4 12 12 5 1 8 2 8 1 3 3 2 2 1 6 2 3 3 4 1 1 2 6 4 7 4 7 2 4 1 3 3 3 7 10 38 44 62 80 51 13 6 12 7 6 2 8 21 5 13 21 4 7 16 9 15 4 13 10 17 5 32 9 10 19 20 18 30 7 7 11 13 12 4 1 2 12 16 50 20 4 4 9 12 5 7 5 8 5 2 1 5 1 2 2 4
