sesion_6_simulaciones/modelos_agentes/ejemplos_netlogo/scenarios/echam4_b2/rob_2047.asc
NCOLS 322 
NROWS 307 
XLLCORNER 451900 
YLLCORNER 4086900 
CELLSIZE 100 
NODATA_value -9999 
[rows 74 to 147 of 307, columns 0 to 95 of 322]
0 0 0 0 0 0 0 0 0 0 0 0 0 0 0 0 0 0 0 0 0 0 0 0 0 0 0 0 0 0 0 0 0 0 0 1 3 3 2 2 1 2 1 0 0 0 0 1 1 1 0 1 0 0 1 0 0 1 1 1 1 2 2 3 1 1 1 2 3 5 7 5 4 1 12 38 21 20 24 54 63 16 24 23 30 14 4 3 7 8 5 9 5 5 10 8
0 0 0 0 0 0 0 0 0 0 0 0 0 0 0 0 0 0 0 0 0 0 0 0 0 0 0 0 0 0 0 0 0 0 1 2 1 1 5 5 1 2 2 1 0 0 0 1 0 0 1 1 1 0 1 1 0 0 0 0 0 1 4 5 2 2 5 4 3 1 3 7 6 4 10 51 20 7 6 39 37 28 24 13 5 20 18 8 7 6 7 13 14 8 6 33
0 0 0 0 0 0 0 0 0 0 0 0 0 0 0 0 0 0 0 0 0 0 0 0 0 0 0 0 0 0 0 0 0 0 0 1 1 3 3 2 2 7 2 1 1 1 0 0 0 1 1 0 1 0 1 0 1 1 0 0 0 3 2 5 4 4 8 6 10 6 5 2 2 2 7 49 65 20 9 7 31 31 16 5 5 38 37 32 23 6 3 3 13 19 17 27
0 0 0 0 0 0 0 0 0 0 0 0 0 0 0 0 0 0 0 0 0 0 0 0 0 0 0 0 0 0 0 0 0 0 0 0 0 1 1 1 5 2 2 1 2 3 1 0 0 1 1 1 1 0 1 0 1 1 0 1 1 2 2 4 3 5 7 8 9 12 12 12 12 9 4 10 35 28 18 6 31 49 13 5 24 53 15 43 36 19 6 18 32 31 23 16
0 0 0 0 0 0 0 0 0 0 0 0 0 0 0 0 0 0 0 0 0 0 0 0 0 0 0 0 0 0 0 0 0 0 0 0 0 1 1 2 2 4 1 2 3 7 4 2 3 1 2 1 1 1 0 0 1 1 1 2 1 1 1 1 2 4 5 10 10 10 12 20 13 14 7 2 3 11 14 7 14 18 10 11 34 15 9 6 6 20 15 18 14 23 26 26
0 0 0 0 0 0 0 0 0 0 0 0 0 0 0 0 0 0 0 0 0 0 0 0 0 0 0 0 0 0 0 0 1 1 3 3 1 1 1 2 3 9 5 2 2 2 9 10 16 18 10 5 2 2 1 1 1 1 2 2 1 1 1 1 1 1 1 1 2 9 13 12 14 17 11 9 5 11 4 3 8 14 11 16 26 10 20 15 7 17 21 42 61 52 39 41
0 0 0 0 0 0 0 0 0 0 0 0 0 0 0 0 0 0 0 0 0 0 0 0 0 0 0 0 0 0 0 0 0 1 4 9 2 1 1 5 5 4 10 5 2 1 3 11 33 49 64 57 41 8 5 2 2 2 1 1 1 1 1 0 1 1 1 2 3 7 13 10 14 17 16 8 7 4 2 0 4 13 12 18 19 22 10 8 9 18 60 61 63 34 38 62
0 0 0 0 0 0 0 0 0 0 0 0 0 0 0 0 0 0 0 0 0 0 0 1 0 0 0 0 0 0 0 0 0 0 0 5 6 2 1 4 8 21 12 16 12 4 3 1 1 3 15 19 32 41 23 8 3 1 1 1 1 1 1 3 1 0 1 1 1 3 4 15 14 17 19 11 3 0 1 1 3 7 7 25 10 18 27 29 16 16 11 9 29 20 26 45
0 0 0 0 0 0 0 0 0 0 0 0 0 0 0 0 0 0 0 1 1 1 2 0 2 1 0 0 0 0 0 0 0 1 1 1 1 0 1 2 4 4 5 15 7 7 7 4 1 0 0 1 2 14 11 30 12 4 1 7 13 5 3 1 3 2 1 1 1 1 4 9 16 14 10 10 6 4 3 8 3 2 10 34 11 30 32 33 31 34 22 10 10 26 62 76
0 0 0 0 0 0 0 0 0 0 0 0 0 0 0 0 0 0 0 1 0 0 0 0 0 0 0 0 0 0 0 0 0 0 1 1 1 1 2 3 8 11 4 3 2 2 2 2 0 1 1 0 2 2 2 6 13 8 18 27 9 2 1 2 3 1 1 2 3 2 19 15 17 11 9 11 14 19 9 5 9 6 29 33 22 53 59 81 55 51 51 45 13 11 16 19
0 0 0 0 0 0 0 0 0 0 0 0 0 0 0 0 0 0 0 0 0 0 0 0 0 0 0 0 0 0 1 0 0 0 1 1 1 2 2 2 5 12 13 8 1 0 1 1 1 1 1 3 14 8 6 5 3 12 38 13 4 3 1 1 2 2 3 2 5 10 8 8 12 10 11 10 13 12 18 5 7 6 12 13 24 65 21 45 56 72 44 49 50 32 23 18
0 0 0 0 0 0 0 0 0 0 0 0 0 0 0 0 0 0 0 0 0 0 0 0 0 0 0 0 0 0 0 0 0 1 1 1 0 5 3 3 6 7 14 13 5 7 10 7 7 9 7 9 15 10 8 4 5 7 12 6 5 6 5 2 1 1 1 4 6 5 7 9 29 9 6 21 14 12 16 8 8 5 6 18 4 40 30 64 62 78 84 85 66 45 31 27
0 0 0 0 0 0 0 0 0 0 0 0 0 0 0 0 0 0 0 0 0 0 0 0 0 0 0 0 0 0 0 0 0 0 0 1 1 1 1 3 7 4 9 8 5 8 10 6 5 9 8 3 6 6 6 6 10 6 6 10 11 5 2 1 1 1 1 1 2 3 3 6 3 2 20 13 9 9 29 16 19 8 5 10 27 42 38 36 70 65 58 60 75 36 33 29
0 0 0 0 0 0 0 0 0 0 0 0 0 0 0 0 0 0 0 0 0 0 0 0 0 0 0 1 0 0 0 0 0 0 0 0 0 1 1 2 3 2 1 3 3 5 8 2 3 5 5 5 5 7 6 5 7 3 5 6 6 2 1 1 1 1 4 8 8 6 6 3 5 3 3 3 16 29 10 15 16 10 10 8 13 17 33 50 60 68 16 40 57 58 32 28
0 0 0 0 0 0 0 0 0 0 0 0 0 0 0 0 0 0 0 0 0 0 0 0 4 2 1 1 1 1 2 1 0 0 0 0 0 1 1 1 1 1 2 4 5 5 8 2 5 9 3 2 3 8 5 3 3 2 5 7 3 0 0 1 3 1 1 2 11 3 5 5 3 4 8 6 6 9 8 7 5 9 17 16 11 13 13 11 27 25 14 42 23 57 48 37
0 0 0 0 0 0 0 0 0 0 0 0 0 0 0 0 0 0 0 0 0 0 0 1 2 3 4 3 1 1 1 2 1 2 1 0 0 0 0 0 0 1 1 1 2 3 3 1 1 4 1 2 1 5 5 2 3 1 4 2 1 2 2 3 3 1 1 0 18 4 6 4 3 4 4 13 15 27 24 28 36 21 12 8 24 32 29 27 12 8 20 37 43 19 39 33
0 0 0 0 0 0 0 0 0 0 0 0 0 0 0 0 0 0 0 1 0 0 0 5 4 1 5 6 2 2 2 3 1 4 1 2 1 0 0 0 0 0 0 0 1 1 1 1 1 1 1 4 1 8 0 2 4 2 3 1 1 2 3 2 2 1 1 1 2 33 22 8 5 15 16 18 47 41 13 17 43 31 39 37 34 37 36 36 29 14 7 31 30 15 10 4
0 0 0 0 0 0 0 0 0 0 0 0 0 0 0 0 0 0 0 0 0 0 0 2 3 2 0 17 14 3 1 5 3 6 4 7 2 1 1 0 0 1 1 0 0 0 0 0 0 1 9 12 21 14 21 2 1 2 0 0 0 2 1 0 0 0 4 4 2 1 15 8 47 78 55 31 12 11 53 23 5 26 42 34 29 34 40 39 34 15 10 11 7 4 7 21
0 0 0 0 0 0 0 0 0 0 0 0 0 0 0 0 0 1 1 0 0 0 0 2 0 7 3 5 35 5 1 1 1 2 2 5 1 5 6 3 1 0 2 5 4 3 4 1 3 15 28 12 7 5 17 25 5 1 1 1 1 3 1 1 1 1 1 2 6 2 3 4 3 5 4 41 16 13 10 22 38 14 18 49 36 39 43 38 41 39 22 5 12 25 14 22
0 0 0 0 0 0 0 0 0 0 0 0 0 0 0 0 0 2 2 1 0 1 1 0 0 2 1 0 6 5 16 2 0 0 2 1 2 9 2 1 3 1 1 6 9 7 4 11 15 17 40 37 10 31 24 38 10 17 7 5 3 3 1 1 1 1 1 2 2 1 2 1 2 3 3 7 7 11 10 12 23 46 24 29 38 40 27 35 20 11 21 27 33 8 6 9
0 0 0 0 0 0 0 0 0 0 0 0 0 0 0 0 0 2 1 1 1 1 1 1 0 2 1 1 1 6 28 9 1 1 1 3 1 3 16 1 10 1 2 16 16 19 16 35 26 62 57 48 36 74 58 56 35 34 24 9 5 3 1 1 1 1 3 7 5 3 2 8 11 8 6 3 5 13 19 17 9 10 39 39 34 21 32 13 12 30 33 25 35 33 22 11
0 0 0 0 0 0 0 0 0 0 0 0 0 0 0 0 0 0 1 1 1 2 1 1 1 2 2 1 1 2 12 17 6 4 1 2 0 1 14 2 7 1 4 12 13 17 54 51 55 75 71 45 45 53 56 41 37 46 6 2 9 2 1 1 1 1 2 6 5 4 18 6 2 4 5 8 34 36 35 26 22 17 18 29 19 11 26 23 23 29 46 36 22 16 22 17
0 0 0 0 0 0 0 0 0 0 0 0 0 0 0 0 1 0 0 0 1 1 1 1 4 1 4 3 2 1 9 29 2 2 2 2 0 5 15 14 18 18 5 8 27 54 81 71 62 76 50 10 21 7 11 37 55 42 10 27 17 14 4 1 1 1 2 2 2 8 4 6 10 4 5 21 18 12 29 39 43 21 12 12 9 14 25 45 39 39 39 45 21 22 21 32
0 0 0 0 0 0 0 0 0 0 0 0 1 0 0 0 0 0 1 1 0 0 1 5 8 6 4 6 4 2 9 29 3 2 7 4 1 5 2 16 31 55 11 19 37 59 84 77 30 47 10 13 6 2 1 3 40 60 56 44 17 29 3 1 7 11 2 1 2 3 4 11 5 16 24 4 15 37 24 40 31 38 40 17 25 28 40 41 51 33 49 46 33 38 33 46
0 0 0 0 0 0 0 0 0 0 0 0 0 1 0 0 0 1 1 2 2 2 2 4 5 8 7 14 10 8 6 15 5 4 5 2 3 6 3 5 16 46 31 41 47 51 84 91 80 53 19 8 2 2 0 1 2 2 70 55 39 5 2 7 3 10 6 2 1 1 7 5 14 12 9 6 7 5 17 24 41 50 39 22 29 44 36 32 52 22 71 33 35 36 29 33
0 1 1 0 0 0 0 0 0 0 0 0 0 0 1 1 0 1 3 3 4 3 5 11 15 23 23 21 20 23 3 12 20 11 6 4 3 4 2 1 3 39 6 13 15 26 79 84 76 29 17 16 10 8 3 4 1 5 4 8 5 4 7 9 7 3 3 1 2 2 2 4 7 6 5 3 4 13 18 30 36 43 28 28 22 31 39 17 41 34 71 44 39 21 32 44
0 0 1 0 0 0 0 0 0 0 0 0 0 0 1 0 5 1 1 1 3 2 1 2 4 10 14 7 21 25 10 43 56 27 8 19 6 7 5 2 14 35 31 16 17 21 11 34 58 8 19 23 15 11 18 8 4 11 6 13 7 2 7 8 6 3 3 1 3 1 1 1 5 8 9 7 12 19 19 24 24 33 30 25 27 22 30 24 54 59 17 38 42 41 45 32
0 0 0 0 0 0 0 0 0 0 0 0 0 0 0 1 2 7 2 2 1 5 5 5 12 18 15 7 3 4 6 38 42 20 29 32 49 37 5 4 25 18 67 36 32 28 29 8 5 10 31 26 18 14 7 14 16 9 6 7 7 6 11 9 5 3 2 3 4 1 0 2 2 5 6 13 12 16 16 20 20 17 19 27 28 18 20 24 44 8 16 33 27 11 6 18
0 0 0 0 0 0 0 0 0 0 0 0 0 1 1 1 1 1 2 3 5 11 10 15 19 40 22 23 14 5 4 3 35 53 48 20 68 46 18 34 44 11 61 31 78 68 25 11 9 6 20 28 20 14 18 7 16 10 9 6 11 12 28 28 9 3 2 1 2 1 1 1 1 1 1 9 9 10 10 15 14 13 16 25 11 30 24 48 21 11 26 28 30 19 17 29
0 0 0 0 0 0 0 0 0 0 0 0 0 1 0 0 1 2 2 3 8 10 32 26 28 25 49 30 11 12 10 8 4 27 50 10 13 9 52 32 25 6 67 32 16 6 16 12 18 11 17 30 35 25 16 7 4 5 1 3 7 5 14 18 2 3 3 1 2 2 2 3 2 3 5 1 7 9 11 13 10 21 8 3 10 38 16 46 18 6 10 14 17 16 26 31
0 0 0 0 0 0 0 0 0 0 0 0 0 0 1 2 2 1 1 2 2 7 37 46 20 14 19 24 26 27 19 19 9 3 5 15 5 9 53 13 9 16 45 16 12 8 19 15 15 12 6 20 24 23 13 6 5 4 2 3 2 2 3 2 2 2 2 1 1 2 4 1 2 4 4 3 10 8 8 7 29 8 7 12 13 25 22 18 17 3 4 13 15 26 28 49
0 0 0 0 0 0 0 0 0 0 0 0 0 0 0 1 3 4 9 10 7 10 15 9 5 2 10 24 29 23 36 38 10 5 1 3 8 29 19 16 4 38 62 23 19 18 17 23 28 6 9 14 14 14 8 8 5 2 3 1 1 1 2 5 5 2 3 3 4 3 3 3 1 4 2 3 5 5 7 15 8 6 11 6 16 6 15 24 31 12 10 13 20 23 14 45
0 0 0 0 0 0 0 0 0 0 0 0 0 1 1 2 2 5 8 7 8 20 13 8 9 10 4 10 17 13 15 9 5 9 10 11 21 15 26 12 12 24 46 47 33 20 8 10 14 5 4 17 22 27 26 12 6 3 6 10 8 4 2 4 2 1 10 9 4 3 2 22 15 6 3 2 2 3 4 10 5 7 7 3 10 8 15 25 16 27 17 24 20 36 28 37
0 0 0 0 1 1 0 0 0 0 0 0 0 3 2 7 4 2 5 13 16 18 23 13 9 12 12 8 16 18 9 8 11 15 19 21 7 8 13 15 12 4 8 28 30 14 3 5 7 6 9 11 10 10 7 7 8 3 20 20 9 7 2 2 4 3 10 61 43 16 8 6 14 25 7 3 3 4 8 4 1 8 3 6 8 15 6 7 9 15 28 23 51 31 15 20
0 0 0 0 0 0 0 0 0 0 0 0 0 1 5 6 13 17 11 16 13 9 21 12 6 7 4 4 3 6 11 11 17 17 8 20 17 16 13 9 3 8 18 4 28 21 14 12 9 4 4 4 5 19 14 10 10 2 3 6 5 3 6 4 6 11 6 38 65 43 5 9 11 5 17 15 3 4 4 4 7 12 5 30 13 10 10 19 12 15 30 38 21 18 17 10
0 0 0 0 0 1 1 0 0 0 0 0 0 0 1 1 1 1 8 11 15 13 22 29 16 10 15 11 6 4 7 2 4 9 9 15 15 11 16 6 3 13 7 7 29 16 15 10 12 7 6 5 6 14 26 3 5 5 8 7 5 13 12 21 22 12 18 11 48 32 27 7 7 7 6 14 12 12 7 12 4 7 10 21 11 16 15 9 11 47 25 12 25 18 22 23
0 0 0 0 0 0 0 0 0 0 0 0 0 1 2 3 1 1 3 13 16 28 37 40 41 15 10 4 2 3 3 1 1 2 5 5 10 13 12 10 9 11 4 17 3 2 5 6 8 10 13 16 8 13 10 8 6 10 14 3 8 12 6 12 66 19 19 10 5 56 59 15 16 5 21 39 30 50 26 19 13 9 4 11 34 15 38 28 25 37 35 15 29 33 38 21
0 0 0 0 0 0 0 0 0 0 0 0 0 1 2 2 2 6 3 15 51 30 14 22 28 16 11 11 4 1 3 4 6 3 1 4 13 14 3 7 20 19 17 15 5 3 6 16 17 23 14 36 22 20 14 9 7 5 3 14 7 4 4 9 11 32 17 14 6 20 41 67 47 9 3 25 12 48 9 5 20 52 4 12 4 16 25 59 70 52 71 32 37 33 34 33
0 0 0 0 0 0 0 1 0 0 0 0 0 0 0 1 6 6 9 5 5 23 35 21 19 16 23 31 17 6 5 11 8 7 8 3 4 8 7 10 10 16 15 14 11 9 22 27 19 18 23 14 25 18 12 16 23 30 14 3 9 6 5 22 8 23 35 13 7 7 38 49 45 27 9 15 3 29 13 6 1 23 17 11 10 39 16 16 7 7 44 25 26 70 40 51
0 0 0 0 0 0 0 0 0 0 0 0 1 0 0 2 4 5 9 7 6 2 23 52 32 28 25 29 31 11 10 15 7 8 16 21 8 5 4 9 15 11 7 29 14 17 15 48 50 29 43 16 23 48 68 63 32 13 9 6 7 31 16 5 26 7 29 28 13 4 40 39 30 44 10 15 4 28 39 9 5 39 7 11 10 4 21 17 5 11 72 30 11 52 76 73
0 0 0 0 0 0 0 0 0 0 0 0 1 0 0 1 2 5 6 15 15 12 5 15 25 23 8 10 22 10 7 8 5 4 7 12 11 8 6 11 9 4 4 4 22 25 22 39 27 17 14 34 18 12 14 9 9 7 11 11 9 18 29 10 10 27 5 45 26 6 27 51 30 44 16 14 6 34 11 11 3 63 20 10 19 14 8 15 10 22 59 75 19 23 68 69
0 0 0 0 0 0 0 0 0 0 0 0 0 0 0 1 1 2 8 22 25 15 9 4 3 2 6 4 1 2 7 1 2 4 8 7 9 13 11 7 16 13 16 12 19 26 23 22 15 15 24 31 24 36 18 24 22 16 8 16 6 11 18 19 10 51 23 32 61 17 12 24 50 22 45 13 9 33 21 40 29 50 77 25 20 18 7 25 18 9 35 81 37 13 18 67
0 0 0 0 0 0 0 0 0 0 0 0 0 0 0 1 3 3 7 13 21 14 7 10 5 6 6 3 1 1 3 3 2 3 3 6 11 11 8 16 31 21 17 15 8 16 20 16 15 38 24 44 28 26 21 37 31 22 16 21 19 24 11 23 12 46 37 17 58 40 7 27 40 25 65 22 29 19 25 18 43 31 77 47 11 23 20 46 17 10 13 56 42 17 34 32
0 0 0 0 0 0 0 0 0 0 0 0 0 0 0 1 1 2 5 8 13 13 10 8 16 11 13 8 2 1 1 1 1 3 4 2 10 12 7 7 24 17 13 8 15 10 12 12 9 34 53 53 54 33 17 24 56 23 36 35 40 48 15 7 9 11 31 15 33 48 21 17 17 61 44 37 55 25 32 63 50 23 46 72 24 23 13 12 12 16 18 60 39 44 24 9
1 0 0 0 0 0 0 0 0 0 0 0 0 1 1 1 3 4 14 19 15 32 17 20 9 9 12 15 9 1 1 1 6 4 13 14 11 20 19 15 19 16 11 8 9 8 9 14 12 12 13 21 12 20 41 58 60 17 80 60 14 52 26 28 31 12 8 6 22 39 20 38 19 42 10 37 75 54 32 54 66 59 48 80 23 26 26 13 14 6 25 42 44 18 12 15
0 1 1 0 0 0 0 0 0 0 0 0 0 0 1 1 1 2 3 2 5 3 4 7 15 24 10 13 19 4 1 9 9 10 4 4 10 9 8 28 23 8 14 20 19 15 24 25 14 25 30 15 29 51 43 58 39 51 48 52 20 42 57 31 42 55 53 34 16 53 56 70 62 35 31 41 63 68 51 53 58 63 46 76 71 42 8 9 11 21 33 44 59 24 12 8
0 0 0 0 0 0 0 0 0 0 0 0 0 0 2 2 2 1 5 5 4 6 7 13 27 14 15 19 19 18 6 43 13 5 8 5 22 20 21 26 49 22 27 25 26 27 17 21 17 20 25 13 10 40 20 27 60 64 44 45 52 67 74 61 17 60 59 64 49 35 47 65 20 37 36 42 61 49 73 75 61 43 42 81 72 36 36 9 15 37 24 51 42 41 30 22
1 0 0 0 0 0 0 0 0 0 0 0 0 0 0 0 0 2 2 10 6 9 8 12 12 13 21 16 17 14 14 46 12 12 12 9 15 16 16 30 40 19 23 27 23 28 9 12 24 11 13 17 10 6 5 6 35 54 64 66 63 54 62 82 51 38 64 64 54 32 15 27 37 27 35 51 62 80 64 46 41 30 82 72 73 37 23 23 16 23 30 52 17 10 14 43
2 1 0 0 0 0 0 0 0 0 0 0 1 0 1 0 0 1 2 6 11 15 4 5 8 15 17 7 23 18 28 24 17 25 10 6 8 15 40 37 15 15 19 39 35 24 9 11 8 24 13 11 21 15 7 4 13 15 14 37 30 27 55 76 70 47 26 13 16 23 18 18 20 24 30 30 66 59 49 32 12 29 83 70 74 61 28 30 9 29 37 62 60 47 22 11
1 1 1 0 0 0 0 0 0 0 0 1 1 0 3 1 1 1 3 8 6 6 1 9 5 2 10 5 23 29 23 25 33 17 14 19 23 19 39 27 15 26 12 18 31 10 9 10 5 15 10 8 16 8 14 9 8 13 15 6 18 31 33 46 48 23 20 29 25 38 22 15 17 22 22 11 38 30 37 21 18 11 43 28 47 73 34 44 12 41 57 48 39 37 40 15
1 0 0 0 0 1 0 0 0 0 0 0 0 1 0 4 1 1 2 2 4 1 5 5 4 3 7 5 21 12 16 18 29 11 18 24 25 16 23 18 14 21 13 12 28 9 10 9 6 29 13 10 19 18 17 11 21 21 31 17 13 16 7 15 6 5 17 29 31 34 32 18 14 8 9 10 18 20 21 19 21 16 18 16 32 41 14 35 11 33 58 54 33 20 76 58
1 1 1 0 0 0 0 0 0 0 0 0 0 1 0 3 4 1 1 2 5 2 2 5 4 5 18 12 20 10 21 31 10 18 19 30 20 14 34 11 17 23 10 11 21 23 7 12 6 21 15 14 15 28 10 16 17 26 20 24 24 32 18 13 13 7 26 20 25 18 9 7 29 14 9 5 7 18 13 12 11 9 11 25 29 26 20 29 14 67 72 72 70 27 9 20
0 1 0 1 0 0 0 0 0 0 0 0 2 3 2 0 2 2 1 3 3 3 3 9 5 6 21 8 8 3 8 11 14 40 16 14 16 5 20 8 12 9 15 9 8 8 8 12 15 20 18 17 13 19 17 22 30 17 24 19 36 19 12 26 7 16 20 33 17 11 17 37 29 23 22 25 7 5 14 11 12 17 10 32 18 14 42 14 27 68 65 62 79 43 47 14
1 0 0 1 0 0 0 0 0 0 0 0 0 1 2 0 0 2 1 1 1 1 2 5 4 13 7 9 6 5 9 24 12 18 32 15 9 12 17 6 12 9 5 6 6 10 3 6 6 3 7 3 10 18 28 30 41 25 11 27 17 21 20 14 45 14 21 24 27 51 38 27 14 15 22 26 25 28 29 31 39 43 17 17 15 28 52 33 46 60 32 52 83 64 66 46
1 2 1 1 0 0 0 0 0 0 0 0 0 1 1 0 2 1 1 1 1 1 1 1 2 1 4 9 6 8 10 17 6 12 25 10 9 10 10 7 9 7 4 6 13 9 4 16 32 20 26 17 33 44 37 20 25 29 26 16 23 24 42 26 43 28 28 27 47 13 8 11 14 7 5 7 27 22 35 43 47 41 32 14 12 30 58 27 30 17 25 58 90 56 71 62
0 0 0 1 2 1 1 0 1 1 1 1 1 0 0 1 1 1 3 4 11 8 5 2 7 2 3 6 14 9 9 6 5 9 18 10 8 4 5 6 6 34 14 6 17 15 17 9 39 55 72 43 56 72 54 24 40 20 12 12 12 15 37 21 22 32 27 36 12 12 15 22 39 25 25 19 9 30 47 63 54 17 12 18 10 33 50 31 29 25 28 81 84 50 59 88
0 0 0 1 1 2 3 2 1 1 1 0 0 0 0 1 1 2 2 3 8 23 14 4 4 9 13 11 9 6 21 9 7 7 8 6 3 4 9 8 18 4 15 36 11 29 29 23 21 67 66 74 31 58 51 48 34 50 31 24 20 24 8 23 33 39 40 13 17 17 28 46 33 41 57 33 20 47 63 64 28 15 11 23 14 33 18 14 29 33 56 86 67 80 58 89
1 1 1 1 1 1 1 2 1 1 0 0 0 0 1 0 1 1 3 6 3 18 19 34 39 42 30 28 15 6 12 10 4 6 11 21 23 36 41 33 34 42 25 57 22 35 60 62 19 12 9 66 65 29 59 33 22 71 58 45 15 20 24 29 34 37 25 30 31 41 37 20 33 32 35 32 57 48 35 33 18 11 10 13 12 22 13 16 19 19 35 75 51 71 30 61
1 2 3 1 1 1 0 0 0 0 0 0 0 1 1 0 0 1 6 22 5 3 23 59 28 53 34 51 46 56 51 53 46 57 27 43 10 46 62 31 47 70 32 58 67 32 64 33 76 44 20 79 60 56 59 53 80 80 36 58 24 9 18 21 19 27 21 15 13 21 21 26 19 33 38 59 67 53 14 7 15 8 6 11 6 11 11 21 21 42 58 74 39 44 40 35
1 2 7 1 4 6 2 2 1 1 1 1 1 1 1 1 1 1 1 10 7 2 1 9 7 7 21 43 50 43 42 43 66 57 33 49 59 46 52 63 35 72 70 32 58 49 71 37 67 83 51 56 60 45 31 77 66 64 47 58 52 17 17 15 33 25 27 33 35 38 43 30 42 38 62 63 44 23 18 6 2 4 5 7 8 4 10 16 18 30 57 57 18 24 29 28
2 1 1 6 5 5 3 5 2 2 0 2 3 2 1 1 2 1 4 2 1 1 3 3 3 8 26 19 23 40 44 58 39 41 43 62 59 54 62 64 54 67 60 57 62 61 69 74 23 66 53 29 76 25 47 77 61 22 62 22 27 68 12 12 23 25 35 41 40 34 34 40 56 80 77 64 40 20 4 5 5 2 1 1 5 2 8 7 13 20 37 29 21 11 30 42
1 2 4 3 4 3 1 1 4 2 2 1 1 2 1 2 1 1 2 6 5 3 3 4 5 7 3 3 5 6 8 6 7 10 7 7 8 6 8 9 8 13 13 17 15 13 20 71 55 44 77 31 59 56 58 63 21 17 23 25 59 52 29 17 29 35 39 29 28 56 72 73 77 74 63 51 31 8 2 3 2 2 2 1 3 1 4 3 5 7 15 16 14 7 14 19
3 4 5 3 1 1 1 1 2 1 3 1 1 2 1 2 2 1 2 1 2 7 5 5 10 7 4 5 10 12 7 7 18 17 10 13 9 10 13 18 16 21 27 19 23 17 29 12 15 17 48 48 57 63 58 31 32 43 36 45 56 35 22 26 37 32 42 58 71 73 77 61 42 38 22 18 5 5 5 5 4 3 2 2 1 1 1 1 1 2 5 6 9 5 4 6
15 18 9 3 1 0 0 1 0 1 1 1 0 1 0 1 1 1 1 4 4 2 3 2 5 3 2 9 6 5 10 10 4 3 3 8 7 7 10 7 12 19 19 11 9 17 14 28 21 23 14 17 15 17 24 29 41 37 36 39 17 16 19 32 35 28 25 23 45 68 71 64 43 31 11 9 13 13 21 18 11 5 1 2 3 3 3 2 1 0 0 1 2 7 6 4
4 3 1 4 2 1 0 0 0 0 0 0 0 1 0 1 1 0 0 1 2 5 5 4 3 3 3 4 8 10 5 2 5 4 4 7 7 9 10 11 10 9 11 5 5 4 8 9 16 25 33 50 32 26 27 25 28 29 27 12 11 18 18 39 29 17 24 23 27 32 25 36 39 16 9 18 25 22 7 5 2 3 3 6 13 12 13 5 5 3 1 1 1 1 1 1
3 2 2 1 0 0 0 0 0 0 0 0 0 0 0 0 0 1 1 1 1 7 7 4 6 2 3 8 12 3 3 4 3 11 7 3 3 7 8 8 8 7 19 16 15 11 11 17 25 20 28 33 29 23 28 25 25 19 19 19 4 19 20 24 42 40 39 48 34 28 15 15 7 12 18 28 46 28 11 7 6 9 9 19 15 14 15 16 16 7 9 5 3 2 1 1
5 3 1 0 0 0 0 0 0 0 0 0 0 0 0 0 0 1 1 0 1 3 5 5 5 2 6 16 5 2 2 2 6 5 7 6 7 9 9 12 5 10 11 14 12 19 22 17 17 13 23 15 39 26 43 35 22 18 12 9 11 17 20 15 59 66 34 51 44 37 23 22 11 21 33 41 23 8 13 15 13 22 14 24 30 25 35 23 23 19 16 14 10 8 3 5
1 1 1 0 0 0 2 4 2 1 2 0 0 0 0 0 0 0 0 1 2 2 1 3 4 6 14 31 9 3 3 4 5 11 8 10 9 10 6 7 11 18 16 15 15 22 20 12 30 13 24 27 28 20 36 19 36 10 19 7 25 42 18 51 76 51 48 30 26 28 19 10 13 22 34 32 14 18 20 24 34 28 33 48 46 39 37 27 39 41 23 37 21 12 10 9
1 1 0 0 1 8 5 2 7 10 1 2 0 0 0 0 0 0 0 1 2 2 1 5 3 19 15 3 2 2 3 5 4 8 19 9 9 12 13 15 10 13 11 12 11 9 23 19 17 20 27 23 24 21 28 19 32 22 13 6 12 34 51 66 57 59 34 32 30 16 13 14 22 10 36 16 25 26 42 43 54 40 46 57 56 40 52 50 48 34 34 37 25 21 27 28
0 0 0 1 1 5 7 6 16 9 4 3 5 2 0 0 0 0 1 1 0 0 1 4 6 2 2 3 7 8 6 3 7 4 13 10 10 17 9 12 4 15 5 4 6 8 11 26 20 18 16 37 10 19 32 25 13 11 19 14 4 20 22 29 43 62 48 61 37 9 25 21 30 25 71 33 32 32 45 42 56 43 49 64 44 42 58 70 59 54 39 38 33 47 42 28
0 0 0 1 0 0 0 0 7 5 5 13 9 2 2 2 0 0 0 0 0 0 1 1 2 2 5 4 3 7 3 2 2 4 4 8 5 6 7 15 20 7 7 10 4 5 7 8 15 19 20 20 13 7 29 6 14 31 15 15 6 8 14 13 12 12 32 20 11 27 55 31 35 31 70 31 44 43 59 62 79 69 81 80 73 64 67 67 82 78 51 42 41 43 69 46
0 0 0 0 0 0 1 1 0 1 1 7 7 3 3 4 2 2 2 1 0 0 0 1 1 3 4 2 1 1 1 1 1 2 3 3 3 3 4 10 16 25 12 5 25 15 17 7 14 10 5 17 8 17 15 18 20 13 19 16 8 26 38 27 20 13 13 24 36 33 45 48 31 46 60 56 61 53 66 82 70 65 82 80 80 78 77 75 79 72 61 52 68 72 73 59
0 0 0 1 1 1 3 1 2 1 8 11 3 12 9 7 13 7 3 2 1 0 0 0 1 1 1 1 1 0 0 0 0 1 2 3 1 2 4 9 9 11 14 15 1 12 13 15 19 11 8 22 22 14 5 6 11 26 20 19 13 40 30 23 11 25 24 32 55 50 41 68 49 67 56 72 77 70 78 68 41 65 78 64 45 45 68 38 69 78 64 66 64 64 62 78
3 4 6 2 8 1 0 1 3 2 7 17 10 41 16 15 31 15 5 4 4 2 0 0 0 0 1 1 0 0 1 0 1 1 1 1 2 2 3 2 3 7 11 27 19 9 17 10 13 13 17 9 10 35 51 22 21 18 15 19 30 28 36 18 23 33 47 28 43 55 39 53 61 58 78 51 67 61 76 65 24 36 49 61 36 9 14 28 72 68 70 75 40 45 34 69
