sesion_6_simulaciones/modelos_agentes/ejemplos_netlogo/scenarios/echam4_b2/rob_2067.asc
NCOLS 322 
NROWS 307 
XLLCORNER 451900 
YLLCORNER 4086900 
CELLSIZE 100 
NODATA_value -9999 
[rows 222 to 295 of 307, columns 0 to 95 of 322]
1 3 6 12 10 8 19 20 3 11 11 12 26 9 9 5 5 2 2 3 9 16 19 24 13 12 10 21 34 13 10 26 32 12 26 19 12 14 20 47 17 18 29 28 21 50 34 46 54 79 78 50 37 40 38 23 34 53 35 46 54 39 31 58 44 53 34 44 33 27 23 19 7 5 3 3 1 1 0 0 0 0 0 0 0 2 3 9 12 7 4 4 9 16 32 19
3 6 4 3 4 9 13 24 15 7 7 14 18 9 4 4 5 9 12 11 14 21 11 41 22 20 17 16 17 20 11 20 13 13 31 6 7 13 16 38 26 19 14 25 10 7 19 13 16 59 70 52 54 38 33 35 22 27 45 51 46 63 36 43 60 37 35 37 42 23 11 9 6 4 2 1 1 1 0 0 0 0 0 1 1 2 4 6 19 20 7 11 18 21 5 5
4 11 21 35 19 20 17 26 17 19 25 38 15 11 8 13 11 20 9 9 39 8 15 15 14 11 9 30 16 15 12 14 9 16 14 9 13 15 10 25 18 15 13 47 48 42 38 40 38 18 28 45 34 31 24 24 25 36 39 43 47 54 36 70 70 48 38 27 24 13 8 7 4 3 2 1 1 0 0 0 0 0 0 2 2 6 4 11 34 30 14 21 27 23 5 4
8 16 19 38 41 46 17 14 9 31 28 20 12 8 9 12 3 2 1 20 10 12 29 17 10 15 12 14 9 6 8 7 11 3 5 16 7 14 7 22 11 17 29 23 28 50 41 62 65 40 23 30 21 32 17 20 26 44 37 36 50 33 29 25 32 28 19 18 11 8 7 3 3 2 1 1 0 0 0 0 0 0 2 2 3 11 16 18 50 46 41 42 17 13 6 6
1 5 6 7 15 62 37 5 20 19 29 11 20 17 3 2 1 1 6 30 6 17 21 16 8 12 7 3 8 4 7 18 9 5 8 8 11 15 6 11 20 40 43 19 35 47 51 29 66 79 32 27 13 19 21 32 29 27 31 25 21 16 24 13 11 18 25 14 7 4 3 2 3 1 1 0 0 0 0 0 0 1 2 3 3 11 30 42 51 62 40 21 17 8 6 4
4 4 9 12 19 20 11 9 9 14 23 24 32 8 2 1 8 12 27 37 10 12 14 20 12 7 9 4 5 7 2 7 19 4 3 3 6 8 33 46 17 16 14 52 31 37 63 44 39 19 34 41 36 33 33 37 42 30 29 25 22 12 15 10 10 14 12 5 2 4 2 1 1 1 1 0 0 0 0 1 1 1 4 6 5 11 36 66 53 9 9 5 5 7 4 3
4 5 7 21 16 14 16 15 9 22 17 15 14 6 9 23 25 28 24 32 9 10 11 11 2 2 6 2 5 7 2 1 5 6 2 7 5 3 25 49 38 17 40 31 80 52 29 35 37 35 25 51 47 46 51 47 29 34 17 12 11 3 1 2 6 7 6 4 3 2 2 1 1 1 0 0 0 1 1 2 2 4 5 8 17 23 28 66 38 16 13 9 6 7 4 5
1 4 11 10 13 13 20 18 14 12 13 24 16 18 17 30 21 9 21 16 8 6 4 3 1 5 2 1 5 4 1 2 2 3 11 17 12 6 5 17 26 14 13 12 38 78 53 34 32 35 31 32 33 47 59 60 35 27 10 8 3 3 4 11 13 7 2 2 2 1 0 0 0 0 0 0 1 2 2 3 8 6 13 13 30 41 44 45 24 15 20 29 10 7 4 3
4 5 6 11 17 13 25 11 15 11 6 13 10 24 13 24 16 12 7 13 2 3 2 2 2 1 2 2 2 3 1 2 2 2 4 10 9 23 12 5 16 38 30 36 53 27 35 25 20 26 22 23 37 40 38 41 46 31 28 10 12 9 5 7 9 5 1 2 1 0 0 0 0 0 0 1 2 2 3 6 13 10 23 18 17 54 75 46 30 36 43 29 10 6 4 2
1 4 6 15 9 9 10 25 5 12 6 7 9 12 7 15 10 6 4 4 2 1 1 2 1 1 1 1 1 1 1 1 7 3 3 3 19 9 16 15 6 14 57 70 78 47 23 14 31 37 38 19 28 39 34 38 33 12 17 25 12 7 4 5 3 5 2 1 1 0 0 1 0 1 1 2 3 7 12 16 28 26 30 17 12 30 63 35 27 56 43 18 10 8 5 3
1 1 6 7 7 6 4 11 5 7 5 5 6 10 6 4 9 2 2 2 0 1 0 1 0 1 1 0 1 0 1 2 2 10 6 7 6 9 15 6 14 12 14 33 37 26 27 17 33 25 40 27 26 27 26 45 26 16 6 5 7 4 1 2 1 4 2 2 1 1 1 0 0 1 2 3 4 14 21 33 43 58 37 24 16 20 38 43 51 42 20 11 5 4 7 5
0 1 3 3 3 8 6 5 5 5 6 4 2 6 3 2 3 1 1 1 1 0 0 0 0 1 0 0 1 0 1 1 1 1 1 4 3 5 7 6 11 22 50 33 31 17 21 9 14 16 27 21 24 31 37 24 19 7 3 1 5 11 4 6 5 3 3 3 2 0 0 1 1 2 2 4 7 24 26 48 70 63 48 50 25 28 66 70 55 31 25 14 11 13 9 3
0 0 0 2 2 4 10 11 17 2 3 4 1 2 1 1 3 1 1 1 1 1 0 0 1 0 0 1 1 2 3 1 1 2 5 7 10 14 12 19 28 36 43 55 52 55 59 31 32 49 39 24 24 20 18 18 9 4 3 6 5 13 16 8 3 2 1 1 1 0 1 3 3 3 6 4 10 27 35 52 51 72 59 62 46 74 55 57 38 45 40 35 23 15 9 5
0 0 0 1 1 2 2 4 2 4 3 2 0 1 0 0 1 0 0 0 0 0 0 1 0 0 0 1 1 1 9 18 11 9 24 11 16 11 19 17 34 42 40 65 39 27 30 8 20 40 56 43 25 16 16 16 16 12 28 15 9 9 6 7 2 1 0 0 0 0 2 4 9 6 12 7 8 18 41 55 77 65 68 61 73 55 57 57 31 33 60 47 34 14 10 15
0 0 0 0 0 1 1 2 2 2 1 1 0 0 0 0 0 0 0 0 0 0 0 0 0 0 1 2 2 1 2 8 40 17 36 64 61 41 47 39 17 59 65 56 72 60 64 41 35 44 41 36 42 19 19 39 33 20 15 7 8 14 11 3 0 0 1 1 0 0 1 3 12 19 16 10 14 12 26 28 71 80 76 44 37 81 51 59 58 62 42 45 36 29 17 17
0 0 0 0 0 1 0 2 2 2 0 0 0 0 0 0 0 4 0 0 2 1 1 0 0 0 0 0 1 1 2 2 4 43 26 64 70 69 70 59 53 31 73 76 78 56 72 49 37 41 27 25 14 17 7 8 12 14 13 8 6 4 1 0 0 1 1 1 0 1 2 5 9 21 23 13 17 22 26 27 57 75 68 31 66 65 54 74 76 56 57 50 43 28 39 28
0 0 0 0 1 0 0 1 1 1 0 0 0 0 0 0 0 0 1 1 1 3 2 0 0 0 0 0 1 1 2 3 5 9 7 36 80 46 74 42 51 49 49 69 65 61 44 28 58 53 42 38 41 36 24 13 12 9 7 6 5 1 1 0 1 1 1 0 0 1 2 8 12 28 49 29 21 28 45 47 64 75 50 44 62 29 17 35 51 28 27 45 35 36 24 11
0 0 0 0 0 0 0 0 0 0 0 0 0 0 0 0 0 0 0 0 0 0 5 2 0 0 0 2 1 2 3 2 5 14 9 14 47 62 63 61 61 51 58 50 56 69 65 42 22 48 46 44 40 42 35 16 11 5 6 4 2 1 1 3 1 0 1 0 1 2 5 5 15 20 43 53 29 28 32 65 64 83 38 42 71 34 37 35 27 21 19 30 30 22 6 3
0 0 0 0 0 0 0 0 0 0 0 0 0 0 0 0 0 0 0 1 0 0 0 2 2 0 1 2 2 3 7 5 9 19 19 21 20 56 42 52 25 34 25 39 40 42 15 50 35 32 42 29 27 34 31 29 21 14 10 14 6 4 3 1 1 0 0 1 2 5 9 13 17 22 25 57 67 41 60 50 76 68 58 76 34 40 46 43 52 53 34 36 30 20 7 3
0 0 0 0 0 0 0 0 0 0 0 0 0 0 0 0 0 0 1 0 0 0 0 3 1 1 1 1 0 1 3 5 9 15 21 33 18 19 23 17 30 20 11 13 22 35 30 42 25 23 34 28 25 21 18 19 15 10 8 6 3 1 1 0 0 0 1 2 7 7 10 15 24 20 29 30 80 37 37 65 74 53 60 70 63 57 46 73 70 31 32 25 17 7 3 3
0 0 0 0 0 0 0 0 0 0 0 0 0 0 0 0 0 0 1 1 0 0 0 1 1 1 1 2 0 3 8 6 8 17 20 36 36 21 17 9 10 17 23 23 36 37 29 18 22 33 26 24 17 21 18 15 13 5 4 3 2 1 0 0 1 1 3 5 7 11 21 12 6 28 63 52 74 51 50 65 71 66 51 62 47 34 36 62 54 48 24 19 13 6 5 2
0 0 0 0 0 0 0 0 0 0 0 0 0 0 1 1 0 0 0 0 0 0 0 1 4 2 2 2 2 2 6 9 13 21 21 35 38 57 42 18 20 13 16 16 21 19 24 15 11 21 18 24 24 20 11 10 7 4 4 3 2 1 0 1 1 3 7 8 9 15 22 23 15 30 55 38 64 76 50 62 64 68 69 68 49 61 45 51 53 46 32 25 11 8 4 3
0 0 0 0 0 0 0 0 0 0 0 0 0 0 0 1 0 0 0 0 0 0 1 1 0 1 3 8 12 9 9 10 16 29 32 31 39 50 61 58 29 22 24 31 35 22 15 18 27 22 31 31 14 11 15 9 12 7 4 3 1 1 1 1 1 5 9 18 26 31 27 30 20 32 72 43 21 62 84 59 69 71 65 59 48 39 15 37 53 41 25 11 11 9 13 10
0 0 0 0 0 0 0 0 0 0 0 0 0 0 0 0 0 0 0 0 0 1 1 1 2 2 1 3 3 18 25 22 28 43 35 27 47 62 69 59 36 34 32 42 44 48 30 47 30 18 9 9 13 14 4 6 5 5 2 2 2 1 1 2 4 8 11 27 37 43 40 46 34 41 63 70 26 50 66 59 58 40 31 21 30 45 25 31 36 27 23 17 17 14 12 9
0 0 0 0 0 0 0 0 0 0 0 0 0 0 0 0 0 0 0 0 1 0 1 1 1 2 2 1 1 13 10 44 63 40 40 50 40 46 63 64 59 64 52 35 50 63 39 41 34 20 20 19 10 15 8 5 6 7 7 4 2 1 2 4 7 8 14 31 36 55 47 60 36 34 55 69 56 34 68 40 30 19 33 26 28 14 14 23 44 41 22 20 22 20 14 5
0 0 0 0 0 0 0 0 0 0 0 0 0 0 0 0 0 0 0 0 0 0 1 1 1 2 4 2 2 2 3 3 32 38 32 33 27 50 45 34 33 26 24 24 36 56 35 34 29 27 21 14 9 5 4 8 9 7 4 4 1 0 2 2 6 14 27 31 33 46 73 53 60 32 32 62 52 73 44 29 35 24 26 28 38 21 30 36 33 18 21 31 35 21 13 5
0 0 0 0 0 0 0 0 0 0 0 0 0 0 0 0 0 0 0 0 0 0 0 0 0 1 2 2 7 8 5 12 15 12 6 15 25 36 24 32 19 21 12 21 23 27 27 39 20 18 15 14 16 13 3 6 7 10 6 2 1 0 0 4 5 14 12 13 18 21 45 70 78 34 21 47 30 65 28 41 24 26 18 31 36 38 36 20 34 30 33 43 22 15 9 4
0 0 0 0 0 0 0 0 0 0 0 0 0 0 0 0 0 0 1 0 0 0 0 0 1 1 5 5 3 3 3 5 15 22 16 15 34 42 38 34 39 33 53 45 29 30 34 36 32 23 10 14 12 8 11 10 8 5 3 1 0 0 1 3 8 12 20 36 30 19 30 38 57 64 38 32 61 47 39 33 17 33 36 28 17 37 45 38 50 56 33 30 15 9 6 8
0 0 0 0 0 0 0 0 0 0 0 0 0 0 0 0 1 0 0 0 0 0 0 1 10 16 8 3 10 19 19 11 23 26 24 24 36 53 44 44 54 43 35 37 35 35 50 55 37 28 28 22 30 26 17 6 4 4 3 1 0 2 1 3 12 16 31 46 49 31 21 24 43 60 64 36 69 47 48 49 44 29 39 50 45 43 58 50 43 52 51 26 22 16 6 7
0 0 0 0 0 0 0 0 0 0 0 0 0 0 0 0 1 1 0 1 0 0 1 2 7 23 18 8 4 9 13 14 10 13 22 19 23 33 31 58 68 43 49 50 62 59 52 58 42 34 40 45 29 19 17 11 10 4 3 1 1 2 3 9 15 27 52 50 33 34 31 39 41 32 21 70 69 47 38 37 28 36 57 52 57 66 63 72 60 54 31 21 17 15 11 7
0 0 0 0 0 0 0 0 0 0 1 0 0 0 1 0 0 0 0 0 0 1 2 11 14 4 14 12 10 19 23 19 12 8 12 13 26 35 47 47 39 41 72 67 73 67 51 37 31 27 13 24 28 15 12 9 5 4 4 1 1 3 3 11 23 34 50 49 48 55 49 42 64 62 47 48 64 55 30 36 40 55 55 39 54 58 58 46 59 33 21 17 25 16 11 9
0 0 0 0 0 0 0 0 1 0 2 2 0 0 1 0 0 0 0 0 0 0 1 7 2 3 9 22 21 44 68 24 37 25 16 10 19 61 48 51 63 20 26 13 21 42 29 43 26 30 25 27 24 21 9 6 6 5 4 1 1 4 5 11 31 54 49 47 35 70 81 36 65 76 74 58 43 43 41 26 38 37 46 65 57 53 41 39 44 39 36 37 32 25 11 4
0 0 0 0 0 0 0 0 0 0 0 0 0 0 0 0 1 0 0 0 0 0 1 3 1 1 1 15 15 12 31 67 36 48 44 43 44 45 38 41 53 55 45 54 55 39 43 56 44 40 38 20 15 13 13 9 9 8 5 2 2 7 19 25 37 46 51 47 40 34 60 77 43 64 70 68 54 32 51 41 56 60 46 38 53 53 42 33 39 58 51 43 24 12 12 4
0 0 0 0 0 0 0 0 0 0 0 0 0 0 0 0 1 0 0 1 1 1 1 7 2 0 3 2 8 16 7 15 46 37 57 57 37 12 14 14 32 39 38 49 62 66 52 33 52 45 29 37 33 18 12 19 8 8 6 2 4 11 29 40 57 63 47 40 68 58 39 31 67 71 54 67 48 45 70 67 27 27 32 43 44 36 53 43 49 32 31 16 10 11 5 4
0 0 0 0 0 0 0 0 0 0 0 0 0 0 0 0 0 0 0 0 0 2 2 8 6 2 2 5 9 9 9 4 4 9 13 13 14 14 14 11 9 18 17 24 50 52 39 59 56 52 45 38 32 27 25 19 17 8 6 2 7 16 28 53 63 61 49 59 57 75 54 49 29 27 45 48 68 57 37 44 39 55 53 62 55 48 63 58 35 22 19 19 12 4 5 5
0 0 0 0 0 0 0 0 0 0 0 0 0 0 0 0 0 0 0 0 0 2 4 6 3 0 3 8 6 15 18 6 23 32 38 37 33 29 31 16 14 17 50 59 61 44 53 50 56 56 52 42 37 32 27 23 16 9 4 1 3 14 42 59 54 69 53 61 59 48 83 59 44 29 16 61 42 59 49 50 56 71 71 65 57 68 56 48 30 22 20 18 8 6 8 10
0 0 0 0 0 0 0 0 0 0 0 0 1 1 1 2 1 0 0 0 1 2 3 4 3 7 1 7 8 17 10 22 24 17 24 29 24 27 14 24 51 62 38 42 35 50 46 44 57 49 56 52 41 33 27 26 12 11 5 3 3 7 24 56 80 69 51 63 56 46 39 53 60 16 11 25 66 73 71 62 60 61 65 72 67 50 56 41 57 32 20 13 6 11 6 25
0 0 0 0 0 0 0 0 0 0 0 0 1 2 2 0 0 0 0 0 1 1 3 6 7 3 4 6 5 6 10 45 17 18 26 31 31 21 32 36 62 55 55 53 58 59 60 55 67 59 60 48 43 37 31 16 11 9 9 4 6 8 23 45 71 61 70 73 60 73 64 62 56 23 24 40 57 53 62 53 54 54 55 61 53 48 50 55 59 51 23 20 14 17 14 33
0 0 0 0 0 0 0 0 0 0 0 0 0 8 1 0 0 0 0 1 1 1 2 2 2 1 10 3 6 5 19 14 25 33 27 30 31 36 47 43 35 51 58 66 64 68 62 71 66 47 41 40 35 41 38 21 15 11 9 3 7 12 24 41 60 54 48 63 77 61 73 59 56 25 43 49 56 59 44 42 50 52 43 39 41 44 44 44 40 44 37 31 14 26 34 33
0 0 0 0 0 0 0 0 0 0 0 0 0 0 0 0 0 0 0 0 1 2 3 1 1 4 3 4 8 20 27 24 25 29 24 29 42 44 51 46 52 67 70 57 52 68 71 70 56 53 47 45 37 30 28 32 26 14 6 4 7 18 28 42 48 55 45 48 69 81 71 60 48 75 59 35 26 34 45 50 45 51 52 50 39 50 34 52 40 31 37 30 16 30 31 29
0 0 0 0 0 0 0 0 0 0 0 0 0 0 0 0 0 0 0 0 1 1 1 3 3 2 2 7 18 6 6 8 24 22 30 38 42 43 44 45 52 63 51 57 71 67 70 73 54 57 51 46 39 24 25 32 17 15 13 5 5 11 39 51 62 53 49 43 41 40 50 48 48 57 12 28 33 35 32 36 37 39 37 58 52 52 48 47 36 36 37 19 20 35 32 43
0 0 0 0 0 0 0 0 0 0 0 0 0 0 0 0 0 0 0 1 1 1 5 6 2 2 3 8 4 5 8 12 18 18 27 36 40 41 35 63 52 43 47 61 35 56 72 74 72 67 36 37 33 40 39 25 21 21 13 5 2 9 18 45 53 54 79 56 56 50 43 24 36 51 34 38 45 36 35 36 46 43 51 52 53 25 28 24 33 50 37 13 27 48 49 48
0 0 0 0 0 0 0 0 0 0 0 0 0 0 0 0 0 0 0 1 1 3 3 1 2 4 3 3 4 6 10 12 10 16 21 44 27 27 47 41 36 60 70 40 60 61 63 69 60 44 40 50 51 45 42 40 35 26 15 8 4 9 27 36 47 66 75 84 50 57 43 25 25 59 61 27 37 48 53 33 35 41 53 49 38 18 43 40 33 25 16 8 33 48 48 46
0 0 0 0 0 0 0 0 0 0 0 0 0 0 0 0 0 0 0 0 1 1 0 1 3 1 1 2 4 6 15 13 10 18 25 30 27 42 51 53 39 36 43 55 54 60 49 55 54 54 52 63 60 37 40 37 38 21 19 10 6 17 23 41 56 58 70 75 65 61 43 42 45 58 32 27 28 32 42 47 34 68 56 35 44 52 44 35 22 11 8 21 40 50 46 49
0 0 0 0 0 0 0 0 0 0 0 0 0 0 0 0 0 0 1 0 0 0 0 1 1 2 2 4 7 7 8 7 8 13 30 18 50 49 53 29 22 24 34 53 64 59 59 62 65 66 63 61 48 35 30 28 26 24 23 18 11 22 33 49 64 62 52 46 64 74 61 23 31 56 24 30 55 55 54 62 57 45 45 46 50 54 30 32 20 16 17 36 43 46 36 48
0 0 0 0 0 0 0 0 0 0 0 0 0 0 0 0 0 0 1 0 1 1 0 1 1 3 3 4 4 2 5 7 9 12 40 16 11 7 9 22 25 46 60 66 68 64 60 64 52 68 52 49 55 38 41 27 25 26 23 22 14 33 47 47 64 59 49 27 44 62 57 32 42 49 27 16 34 63 64 63 64 37 48 50 48 50 29 25 39 19 36 39 23 50 48 48
0 0 0 0 0 0 0 0 0 0 0 0 0 0 0 0 0 1 0 0 0 1 1 1 2 2 2 4 3 4 8 8 5 34 8 6 17 24 27 31 47 60 55 63 68 72 69 66 54 57 55 55 56 53 47 42 38 28 25 14 28 39 59 76 66 59 45 47 51 49 57 27 32 39 53 33 37 41 59 64 54 59 45 50 51 44 35 13 18 33 34 21 32 38 63 47
0 0 0 0 0 0 0 0 0 0 0 0 0 0 0 0 0 0 0 1 0 1 1 1 1 2 2 2 4 3 7 7 9 8 2 8 12 18 31 68 47 47 60 64 67 70 61 57 53 46 52 54 56 42 50 35 43 42 26 29 35 57 47 63 61 53 46 54 53 40 63 46 28 46 45 35 43 46 47 47 58 49 40 41 46 35 21 8 16 43 23 35 43 41 61 41
0 0 0 0 0 0 0 0 0 0 0 0 0 0 0 0 0 0 0 1 2 1 0 0 2 1 3 3 2 2 9 26 10 1 3 12 9 31 41 43 47 60 62 47 55 58 60 62 49 55 53 55 56 54 53 50 47 44 32 33 34 39 44 45 60 71 55 70 68 47 35 30 36 35 50 53 37 37 34 37 44 42 38 46 46 33 16 10 35 37 38 55 59 44 50 38
0 0 0 0 0 0 0 0 0 0 0 0 0 0 0 0 0 0 0 1 0 0 1 1 0 1 2 1 4 4 13 7 2 3 13 5 15 12 22 53 64 44 36 72 67 48 57 62 60 58 56 56 55 54 54 52 49 34 34 37 39 57 38 38 33 54 71 70 63 56 59 50 26 39 28 29 22 29 44 52 39 46 37 51 50 17 12 34 28 38 52 58 47 31 45 43
0 0 0 0 0 0 0 0 0 0 0 0 0 0 0 0 0 0 0 0 0 0 1 0 0 1 1 1 6 5 5 1 1 4 9 18 11 14 31 42 46 41 54 29 45 41 56 70 58 58 58 57 57 53 55 55 38 25 40 52 42 56 47 47 43 51 54 77 48 39 17 35 20 15 15 31 43 36 33 37 39 31 52 47 25 15 26 32 40 34 38 46 58 44 44 41
0 0 0 0 0 0 0 0 0 0 0 0 0 0 0 0 0 0 0 0 1 0 0 0 1 1 1 2 7 3 2 1 2 2 13 20 17 15 19 26 31 46 38 30 37 71 59 56 55 70 60 56 57 56 56 53 37 27 49 53 67 68 51 50 39 52 59 55 60 31 19 12 17 25 23 44 35 40 36 41 33 42 32 24 17 26 40 45 36 51 47 34 33 40 34 27
0 0 0 0 0 0 0 0 0 0 0 0 0 0 0 0 0 0 0 0 0 0 0 0 2 0 1 2 2 1 3 1 5 8 17 12 12 15 12 11 15 34 54 49 56 48 55 59 68 58 59 71 39 55 53 40 24 47 57 56 76 67 47 57 41 32 41 63 50 11 34 14 16 25 32 36 36 42 44 37 33 44 23 30 23 38 43 45 37 38 45 31 30 39 43 33
0 0 0 0 0 0 0 0 0 0 0 0 0 0 0 0 0 0 0 0 0 0 0 0 1 0 1 2 1 1 1 1 5 11 14 13 8 11 10 14 24 34 42 62 45 48 49 70 55 55 72 60 59 58 42 39 25 44 66 63 63 68 49 57 56 38 39 33 52 8 12 31 32 21 25 32 47 41 52 54 40 39 18 16 23 40 48 51 53 48 42 41 29 33 50 39
0 0 0 0 0 0 0 0 0 0 0 0 0 0 0 0 0 0 0 0 0 0 0 0 0 1 1 0 0 1 2 3 7 10 2 2 8 8 11 11 16 30 41 55 57 43 68 46 67 71 55 55 60 58 44 39 25 42 64 65 55 61 40 40 56 32 48 17 27 8 9 26 12 27 31 35 40 51 72 50 49 20 16 22 36 39 46 49 36 24 31 49 22 25 39 55
0 0 0 0 0 0 0 0 0 0 0 0 0 0 0 0 0 0 0 0 0 0 0 0 0 1 0 0 0 0 2 0 3 2 1 4 3 4 6 18 24 32 41 49 43 31 54 63 61 56 62 54 56 57 56 39 37 42 65 74 65 57 48 33 49 42 15 15 33 6 16 15 15 22 26 32 53 33 35 43 21 14 20 37 37 44 51 46 26 29 38 21 13 15 24 52
0 0 0 0 0 0 0 0 0 0 0 0 0 0 0 0 0 0 0 0 0 0 0 0 0 0 0 1 1 1 3 3 3 1 1 1 5 4 7 7 10 29 23 30 45 25 22 23 41 46 60 56 55 55 41 26 42 53 63 61 77 63 36 31 33 34 23 5 14 1 3 6 14 25 35 49 53 54 47 49 24 15 23 36 36 59 62 50 34 30 35 33 29 15 21 37
0 0 0 0 0 0 0 0 0 0 0 0 0 0 0 0 0 0 0 0 0 0 0 0 1 0 0 0 0 0 2 0 1 1 1 3 2 3 4 5 19 20 16 30 19 24 30 42 45 61 51 57 57 41 38 24 38 52 64 60 61 37 34 33 33 11 13 10 11 3 4 6 9 8 28 49 48 48 32 33 16 22 34 34 38 59 51 22 31 41 24 37 17 18 22 40
0 0 0 0 0 0 0 0 0 0 0 0 0 0 0 0 0 0 0 0 0 0 0 0 0 0 0 0 0 1 1 0 0 1 4 2 5 4 5 13 11 16 30 16 21 25 43 42 55 45 47 50 55 39 18 36 41 71 59 55 49 44 30 41 30 11 6 14 5 2 6 16 21 38 49 45 41 20 20 12 16 33 32 33 37 60 56 16 17 37 24 43 19 18 23 57
0 0 0 0 0 0 0 0 0 0 0 0 0 0 0 0 0 0 0 0 0 0 0 0 0 0 0 0 0 1 0 0 1 2 4 2 3 4 8 4 18 16 12 22 21 35 40 55 56 49 61 48 37 40 25 38 41 62 70 41 40 39 18 11 18 17 4 6 5 10 15 11 18 29 24 39 32 24 11 27 21 32 35 48 39 53 56 24 25 25 13 46 21 19 21 35
0 0 0 0 1 0 0 0 0 0 0 0 0 0 0 0 0 0 0 0 0 0 0 0 0 0 0 0 0 1 0 0 5 3 1 1 2 4 5 9 26 18 29 14 22 45 50 39 41 63 54 39 35 36 23 50 61 50 52 52 30 24 23 7 22 15 5 4 5 10 8 11 26 26 36 23 30 32 20 36 35 31 35 46 33 35 39 34 38 23 19 47 20 19 16 28
0 0 0 0 0 1 0 0 0 0 0 0 0 0 0 0 0 0 0 0 0 0 0 0 0 0 0 0 0 0 1 4 1 0 1 2 1 1 6 6 11 7 35 23 28 45 23 33 50 49 39 38 32 34 33 49 55 55 42 40 18 14 15 10 7 11 4 1 3 15 9 18 28 38 33 35 39 39 25 33 33 42 36 41 29 23 32 31 28 24 22 45 19 15 20 25
0 0 0 0 0 0 0 0 0 0 0 0 0 0 0 0 0 0 0 0 0 0 0 0 0 1 0 0 0 1 2 4 1 1 2 0 0 1 2 6 5 10 19 26 26 27 32 32 41 39 34 34 28 31 38 34 44 60 33 20 25 7 10 8 4 3 1 1 1 4 10 31 39 34 28 30 28 13 19 26 28 39 35 41 27 35 42 45 33 27 18 33 29 9 21 26
0 0 0 0 0 0 0 0 0 0 0 0 0 0 0 0 0 0 0 0 0 0 0 0 0 0 0 0 0 0 0 0 1 1 1 1 1 0 9 2 4 3 16 12 30 19 23 18 38 41 28 27 23 24 31 44 38 49 32 21 11 8 6 5 1 1 2 5 4 6 10 23 27 19 20 20 11 16 29 26 27 38 40 21 31 29 38 39 27 25 16 25 26 9 10 30
0 0 0 0 0 0 0 0 0 0 0 0 0 0 0 0 0 0 0 0 0 0 0 0 0 0 0 0 0 0 0 1 1 1 2 1 2 1 9 3 1 4 17 12 21 18 22 35 29 32 29 24 22 42 42 28 38 26 23 6 8 8 2 2 1 1 2 6 5 4 15 25 43 41 39 13 15 16 24 34 41 25 36 20 28 39 35 31 21 24 14 20 26 21 7 14
0 0 0 0 0 0 0 0 0 0 0 0 0 0 0 0 0 0 0 0 0 0 0 0 1 0 0 0 0 0 1 0 1 3 1 2 2 1 20 6 1 5 3 15 13 12 28 13 24 25 17 22 17 36 45 24 21 17 15 13 3 3 2 1 2 1 1 2 3 3 12 22 36 55 29 16 17 25 20 37 35 30 27 25 15 32 31 33 21 25 7 19 13 13 9 6
0 0 0 0 0 0 0 0 0 0 0 0 0 0 0 0 0 0 0 0 0 0 0 0 0 0 0 0 0 0 0 0 0 1 1 3 1 1 7 6 3 6 2 17 9 8 13 9 16 17 22 14 15 22 24 48 10 10 6 4 4 1 1 1 1 1 2 2 3 4 15 22 17 41 22 12 25 23 21 23 33 28 23 18 18 28 24 33 21 18 8 17 14 6 8 4
0 0 0 0 0 0 0 0 0 0 0 0 0 0 0 0 0 0 0 0 0 0 0 0 0 0 0 0 0 0 0 1 1 1 1 1 1 1 1 11 3 4 5 11 2 10 7 12 16 9 15 10 11 12 23 18 15 6 3 1 2 1 1 1 1 1 2 2 5 5 12 19 23 19 14 23 21 22 20 16 21 25 29 17 13 24 24 23 22 10 6 17 9 9 8 3
0 0 0 0 0 0 0 0 0 0 0 0 0 0 0 0 0 0 0 0 0 0 0 0 0 0 0 0 0 0 0 0 1 1 1 1 1 1 0 4 9 6 6 3 2 4 4 9 7 4 12 8 9 6 11 18 9 6 2 0 1 0 0 0 0 0 1 3 6 11 22 19 17 10 24 22 22 30 27 16 14 20 16 19 20 26 10 20 10 6 5 20 8 11 5 3
0 0 0 0 0 0 0 0 0 0 0 0 0 0 0 0 0 0 0 0 0 0 0 0 0 0 0 0 0 0 0 0 0 1 1 0 1 1 1 2 13 8 2 1 2 4 7 3 6 3 5 8 5 12 10 5 4 3 3 0 1 0 0 0 1 1 2 3 7 8 18 24 6 9 15 15 25 17 14 9 9 5 14 17 14 9 12 10 8 5 3 16 6 8 8 2
0 0 0 0 0 0 0 0 0 0 0 0 0 0 0 0 0 0 0 0 0 0 0 0 0 0 0 0 0 0 0 0 0 0 0 0 1 0 0 1 3 5 2 2 1 13 6 2 2 4 7 7 4 8 13 4 5 1 2 1 0 0 0 0 0 1 1 2 9 17 12 7 7 13 11 12 9 10 6 2 6 8 12 9 11 8 12 7 1 4 2 7 8 3 2 2
0 0 0 0 0 0 0 0 0 0 0 0 0 0 0 0 0 0 0 0 0 0 0 0 0 0 0 0 0 0 0 0 0 0 0 0 1 0 0 1 3 2 3 2 2 19 4 4 2 3 5 4 5 13 10 4 4 1 1 1 0 0 0 1 1 1 2 3 18 10 6 7 12 10 10 9 13 12 8 5 6 11 8 11 7 7 4 8 1 2 2 2 7 2 1 2
0 0 0 0 0 0 0 0 0 0 0 0 0 0 0 0 0 0 0 0 0 0 0 0 0 0 0 0 0 0 0 0 0 1 1 0 1 0 0 1 3 4 1 3 1 4 2 5 4 1 2 5 7 5 6 2 2 1 1 0 0 0 0 0 1 2 3 5 7 7 10 8 9 9 15 4 5 12 7 4 8 7 5 8 4 4 2 3 2 1 5 2 3 1 2 2
0 0 0 0 0 0 0 0 0 0 0 0 0 0 0 0 0 0 0 0 0 0 0 0 0 0 0 0 0 0 0 0 0 1 0 1 1 1 1 1 1 1 1 3 0 3 3 5 3 3 3 5 4 3 4 1 1 1 0 0 0 0 0 0 0 1 2 6 10 7 7 6 6 11 6 3 4 11 10 4 5 5 3 3 4 3 1 1 2 3 2 1 1 1 2 2
