sesion_6_simulaciones/modelos_agentes/ejemplos_netlogo/scenarios/echam4_b2/rob_2100.asc
NCOLS 322 
NROWS 307 
XLLCORNER 451900 
YLLCORNER 4086900 
CELLSIZE 100 
NODATA_value -9999 
[rows 219 to 291 of 307, columns 192 to 287 of 322]
32 36 20 18 18 18 17 21 10 9 6 5 3 0 1 0 0 1 1 5 5 4 8 8 5 3 4 7 10 9 10 15 34 44 67 59 34 46 31 20 25 24 21 17 8 5 3 9 5 3 3 3 2 3 1 6 3 1 1 3 5 14 16 49 49 58 62 31 18 19 61 76 91 74 31 17 9 4 1 0 0 1 1 2 2 3 6 5 9 11 15 28 21 30 40 32
43 28 29 52 46 31 22 20 14 6 4 3 2 1 0 0 0 2 3 8 15 5 7 11 14 9 6 14 15 16 19 11 32 40 53 36 51 32 29 21 27 17 12 22 8 3 3 2 2 1 4 2 1 1 2 1 0 1 1 4 16 22 30 69 79 66 72 88 74 50 50 67 81 70 67 38 22 3 0 0 0 0 1 2 4 4 5 9 11 11 17 20 33 28 31 50
19 11 6 35 26 18 19 9 4 3 4 3 1 1 0 0 0 2 6 6 19 28 19 19 18 12 15 17 18 18 19 24 21 37 35 29 22 30 28 21 35 24 22 31 12 7 5 3 3 1 5 1 1 0 2 3 0 0 2 3 8 10 8 44 78 63 73 85 92 79 39 29 25 41 47 8 2 0 0 1 1 1 2 2 3 3 2 5 6 11 23 18 20 21 37 42
11 12 10 5 30 21 16 11 6 3 1 2 1 1 1 1 2 3 3 5 9 23 50 39 27 28 20 21 37 40 22 25 50 39 30 19 24 36 28 26 23 16 16 27 9 11 10 3 3 4 3 2 1 1 1 1 0 2 4 9 9 8 20 15 57 83 78 72 84 87 64 56 40 19 15 3 2 1 1 2 3 2 2 2 2 3 3 2 6 9 21 23 29 27 31 23
35 40 34 29 17 11 13 12 5 4 2 1 0 0 0 2 3 3 2 8 14 33 45 57 34 36 38 29 42 43 29 31 43 41 37 21 29 20 23 20 19 15 16 30 17 7 10 4 4 3 3 1 1 1 0 0 0 1 2 4 4 11 22 21 44 76 74 68 82 85 70 52 40 24 7 3 4 3 2 2 4 2 2 2 4 6 6 5 5 13 15 17 27 31 32 35
39 35 39 33 25 19 19 10 8 4 2 0 0 0 1 3 5 8 5 10 17 40 49 65 55 42 38 44 42 56 50 33 33 34 34 20 30 11 22 19 11 13 17 29 34 8 10 7 2 1 1 1 2 0 0 1 0 2 1 5 8 14 25 35 27 44 14 9 22 75 85 59 34 10 8 7 7 4 3 3 4 3 1 2 3 6 8 9 11 10 17 28 27 32 35 55
24 22 25 20 15 11 10 9 7 4 2 1 0 0 1 5 12 13 14 13 18 24 36 55 60 57 45 45 40 52 73 51 33 32 17 19 21 15 30 13 9 9 15 17 30 19 4 5 1 1 1 0 1 0 0 0 0 1 2 5 13 18 41 40 27 33 22 31 14 21 67 50 26 23 14 16 16 7 4 2 4 5 5 2 2 3 4 9 13 11 14 31 32 29 38 42
27 24 22 12 6 7 9 8 4 1 1 1 0 1 3 8 9 18 24 28 18 27 44 42 58 75 55 48 49 34 45 54 25 34 24 26 28 25 14 14 7 10 9 9 9 11 6 10 4 1 2 1 0 0 0 0 2 2 3 6 18 26 34 25 25 25 35 51 33 30 38 15 23 22 26 23 12 8 6 3 8 7 6 1 4 5 8 4 6 9 12 12 28 35 30 41
21 37 28 26 19 17 9 6 5 2 0 0 0 1 8 9 16 11 25 43 41 46 42 43 50 68 77 48 61 34 38 48 32 20 34 35 24 18 17 15 4 6 5 8 12 13 13 14 12 2 1 1 1 0 0 0 1 1 3 9 21 27 24 16 41 38 48 49 37 39 24 19 25 33 32 29 23 17 10 3 6 8 9 3 7 4 5 4 5 7 10 14 17 18 33 41
33 26 18 15 14 7 4 3 2 2 0 0 1 3 11 9 7 17 36 45 56 69 74 53 52 54 77 37 55 30 31 44 15 17 32 29 31 25 16 15 9 8 7 6 13 14 10 12 8 4 2 1 1 0 1 3 2 2 8 29 25 15 14 28 63 59 39 34 35 30 34 31 43 38 51 37 31 23 5 1 4 17 13 7 12 9 5 11 7 11 17 19 20 21 20 40
39 28 19 12 9 9 5 3 2 1 0 0 1 5 6 6 6 13 20 32 35 58 71 78 61 47 60 55 63 30 46 25 14 14 19 31 29 23 12 13 13 13 8 7 8 15 11 8 4 2 2 1 1 0 1 2 3 3 7 5 8 22 29 60 60 44 35 29 43 51 51 48 50 59 36 26 24 16 8 1 1 14 24 16 11 12 15 17 7 9 14 19 34 33 35 41
16 20 18 5 4 5 6 3 2 0 0 0 2 5 7 10 23 9 17 28 45 50 65 57 65 56 59 60 53 25 36 16 13 31 20 25 27 16 14 18 14 18 7 7 15 15 16 7 6 1 1 1 0 0 0 0 13 5 3 8 15 19 30 31 26 22 28 33 30 43 62 68 60 33 15 15 12 9 1 0 3 4 22 14 12 12 29 37 14 10 11 23 25 22 34 41
7 6 11 7 9 8 5 3 1 0 0 1 3 8 15 24 17 19 30 41 40 48 64 64 51 49 48 41 47 41 52 21 14 21 27 18 24 18 15 14 15 10 11 7 6 9 12 10 5 2 1 0 0 0 1 1 1 30 38 16 10 6 18 18 31 31 25 20 15 47 81 69 45 30 18 9 6 3 1 2 2 7 15 12 24 13 23 25 37 13 13 26 25 34 27 38
10 3 1 5 8 6 3 2 1 0 0 1 6 10 21 21 15 22 38 36 35 61 67 66 46 44 48 35 58 61 33 20 19 28 16 25 22 19 17 16 14 12 16 5 10 8 11 6 2 1 1 1 1 1 2 4 4 6 10 15 8 21 12 16 17 26 28 13 27 47 60 42 42 41 19 7 2 3 3 8 5 7 6 32 28 9 7 12 47 14 14 26 28 28 22 27
6 6 6 4 8 7 2 1 1 0 0 1 2 5 11 15 26 34 41 61 44 39 69 52 62 41 40 42 10 51 26 26 16 27 20 14 16 21 16 15 14 11 23 5 4 17 8 6 3 1 2 1 1 2 3 1 7 10 6 3 7 5 10 15 17 21 16 50 45 24 48 35 35 31 22 5 4 6 5 6 10 13 8 15 18 22 12 22 28 32 26 15 18 41 29 25
13 10 12 5 6 2 1 0 0 0 0 1 1 3 8 8 20 26 43 57 64 64 75 54 59 52 50 37 39 25 50 20 13 18 15 6 8 17 19 21 15 5 11 14 2 5 7 10 2 2 2 1 1 2 1 2 1 2 4 10 10 12 14 26 12 16 30 19 16 34 39 37 33 13 4 3 6 5 11 7 10 10 15 19 31 37 13 15 30 31 57 33 13 21 45 36
4 11 6 4 2 1 1 0 0 1 1 1 1 2 7 8 14 29 42 50 64 51 60 15 27 44 42 15 10 18 32 13 12 34 10 13 16 19 9 3 7 3 10 13 2 7 11 3 1 2 2 2 1 1 1 1 4 7 10 9 5 8 27 44 29 25 49 55 54 46 38 34 17 10 3 4 12 8 20 8 11 14 17 17 32 26 46 17 31 20 9 40 19 17 21 32
7 6 7 4 1 1 0 0 1 1 2 2 3 2 2 5 14 17 34 47 49 31 23 43 34 30 17 18 20 18 22 14 15 19 14 14 14 12 12 5 9 6 8 10 2 4 6 3 1 1 1 1 1 1 0 2 4 2 4 8 8 24 32 41 47 50 40 37 55 51 72 49 26 12 3 1 4 15 17 9 14 16 21 12 18 29 26 47 37 33 21 44 27 6 17 15
11 6 5 3 2 0 1 1 2 1 2 3 4 4 3 3 13 18 19 21 27 59 54 38 41 46 35 17 19 20 17 11 12 12 6 12 10 10 15 4 13 9 5 10 2 3 5 2 2 2 0 0 1 1 1 2 2 2 9 8 26 18 24 60 76 45 46 32 70 46 38 35 11 9 9 8 9 18 20 18 26 17 18 19 19 14 25 48 61 65 20 19 34 16 23 36
7 6 4 1 0 1 1 1 1 2 4 6 6 6 5 4 5 9 12 24 33 40 47 31 20 27 34 18 23 12 15 15 11 14 9 12 8 10 6 7 3 5 2 6 1 1 3 1 1 2 1 0 0 0 1 0 1 3 4 6 13 13 36 53 61 77 51 30 25 32 27 8 4 11 17 18 10 12 28 26 39 23 20 20 24 21 13 11 13 27 52 46 34 23 23 32
5 4 1 1 0 1 1 1 1 2 4 7 11 12 6 8 16 12 9 29 39 53 38 41 37 41 25 16 18 13 6 6 11 8 4 7 3 7 5 4 4 4 11 6 2 2 4 4 1 0 1 0 0 1 0 1 2 8 7 34 45 33 25 38 42 31 46 55 37 26 11 3 6 22 13 30 12 14 28 41 30 41 25 23 24 21 29 19 17 22 40 34 27 63 23 36
4 3 2 0 0 1 1 2 2 4 7 9 11 13 13 9 21 19 18 16 27 16 23 23 21 30 18 12 12 11 14 11 4 3 1 12 4 10 2 4 2 2 8 4 4 2 5 2 1 1 0 2 0 2 1 2 3 2 7 14 24 25 15 24 41 37 54 32 42 29 20 3 12 15 17 29 35 15 17 28 33 46 30 40 29 14 20 29 10 4 11 10 11 36 43 28
4 2 1 1 1 3 3 3 3 7 8 11 12 14 28 16 19 31 24 38 48 44 52 50 44 33 28 34 36 21 25 22 14 8 8 6 12 5 2 2 1 1 1 4 2 1 1 1 2 1 2 2 3 8 28 20 18 15 23 15 22 27 34 47 42 39 41 38 38 24 8 3 13 18 30 27 32 25 28 40 29 49 34 45 30 18 19 30 38 13 22 22 13 9 10 15
6 3 2 2 3 4 4 7 5 5 10 13 9 22 28 18 8 13 41 51 61 49 57 61 62 60 55 49 72 52 33 17 11 5 2 2 3 4 3 2 1 1 1 1 1 1 0 1 0 1 0 0 0 0 2 6 36 43 34 33 23 27 15 49 39 33 38 37 15 11 4 5 17 23 14 24 30 40 30 43 28 17 51 49 35 18 20 37 35 17 21 29 23 37 39 46
6 3 3 5 5 5 9 9 9 8 5 7 18 21 20 33 9 8 16 26 46 61 32 54 48 59 66 45 5 13 25 13 6 4 6 6 5 2 4 1 1 1 0 1 1 1 0 0 0 1 0 0 0 0 1 1 5 22 47 62 73 31 28 23 23 27 34 39 37 13 6 14 30 28 24 29 57 45 45 42 42 19 23 60 44 18 20 25 28 19 29 16 31 37 44 48
1 2 5 6 5 10 10 11 12 11 6 8 13 18 14 25 18 6 17 24 34 38 27 50 33 25 18 10 7 7 13 9 7 8 5 3 4 5 5 0 1 1 0 1 1 0 0 1 1 0 1 1 1 2 3 5 10 24 24 19 33 70 49 41 38 42 50 38 31 13 10 29 31 40 40 29 46 53 42 31 29 27 12 39 55 30 31 15 34 20 32 33 21 37 34 24
3 3 6 8 12 11 14 14 13 13 8 10 13 15 23 13 35 6 8 7 16 12 24 22 24 33 24 23 24 13 19 8 7 12 8 5 3 2 1 1 1 1 4 1 0 0 0 0 1 1 1 3 1 3 10 6 7 8 14 11 13 28 51 54 46 35 44 37 20 6 15 31 29 37 41 42 30 58 44 56 32 44 31 30 69 37 45 22 34 33 32 45 30 30 25 32
2 5 8 9 15 15 14 15 17 17 9 12 14 21 32 23 25 10 9 17 11 10 25 23 28 31 31 22 19 29 22 26 17 32 5 3 3 3 2 2 3 2 1 0 2 1 0 0 0 3 4 1 2 4 5 6 15 17 28 17 18 17 22 30 35 32 26 31 20 12 18 33 30 42 35 32 31 41 50 58 42 29 42 26 67 27 27 33 21 48 29 29 31 20 22 20
5 8 16 10 15 9 11 17 27 26 11 7 17 12 37 63 10 10 9 29 28 27 20 22 27 22 30 16 16 21 19 14 10 9 9 6 5 5 4 2 1 0 0 0 0 0 1 0 2 8 1 0 1 4 9 9 8 21 13 15 23 19 23 18 20 21 23 18 15 15 29 33 30 32 32 32 36 41 53 44 41 35 38 50 66 28 27 32 20 47 29 14 40 14 8 18
10 10 12 19 19 12 18 21 33 35 13 6 11 21 31 34 13 15 10 23 32 28 27 16 17 12 22 22 20 23 13 10 12 9 8 6 5 3 2 1 1 0 0 0 0 0 0 2 0 1 1 0 1 1 5 41 20 27 22 24 19 23 21 19 18 20 20 13 13 14 25 30 21 32 27 41 49 32 36 58 48 51 47 43 59 43 43 19 41 40 13 20 32 12 15 19
12 13 12 34 20 12 13 25 31 51 17 9 18 21 31 46 28 18 16 32 37 45 27 30 28 10 15 17 17 12 16 9 11 9 7 3 3 1 1 1 2 1 1 1 0 1 1 0 0 0 1 2 4 4 10 8 14 20 33 36 29 22 20 22 21 22 19 11 6 23 27 29 36 32 48 39 35 45 31 24 37 38 33 45 22 82 46 16 28 39 8 19 16 33 16 21
16 25 15 38 24 13 14 27 31 42 11 10 20 22 33 36 43 7 29 35 35 50 30 29 27 32 18 13 8 8 9 16 22 11 3 7 2 3 2 2 2 1 1 0 0 0 0 0 0 1 1 2 4 6 15 5 4 6 8 18 18 24 24 28 28 31 27 15 6 24 24 23 36 39 45 19 31 24 41 19 24 21 35 17 39 71 31 16 45 19 9 18 18 26 27 24
14 16 28 31 27 25 16 19 36 57 13 20 24 32 29 48 13 9 29 32 43 47 49 26 45 25 24 21 11 12 7 29 29 12 11 5 3 5 2 1 2 1 1 0 0 0 0 0 0 1 1 1 4 8 13 4 10 15 19 26 26 29 31 41 37 42 32 16 6 26 26 24 47 31 37 48 43 29 16 32 19 27 28 34 25 48 42 30 40 17 14 23 12 14 7 35
7 10 30 30 28 29 18 21 34 41 14 25 31 52 54 32 10 9 29 30 31 51 41 46 26 26 37 23 19 17 16 21 28 19 10 10 8 3 6 2 1 1 0 0 0 0 0 0 0 0 1 1 4 5 11 12 16 23 26 31 37 49 38 32 27 22 28 9 12 29 35 29 45 44 31 32 41 28 30 10 40 10 13 34 40 48 56 64 32 17 23 18 22 26 15 37
15 16 34 39 47 32 20 23 39 45 13 16 33 55 40 13 8 19 26 28 41 42 38 37 37 23 33 24 32 29 26 17 6 8 10 8 6 2 4 2 2 1 0 0 1 0 0 1 0 0 0 1 3 11 9 11 24 30 32 22 47 31 17 25 32 28 15 11 10 24 45 29 40 42 44 32 39 24 30 24 15 35 15 6 9 28 49 64 24 32 24 20 17 33 12 12
14 19 22 30 59 41 20 26 32 45 11 12 34 54 28 14 10 22 35 29 27 28 29 33 45 22 24 22 16 29 29 16 13 9 7 3 4 2 3 1 1 1 0 1 1 1 0 0 0 0 0 2 4 3 12 19 9 17 12 17 16 16 30 36 25 25 25 9 13 15 48 31 31 29 32 42 28 28 13 24 10 35 18 15 8 7 21 39 38 55 27 24 18 25 8 10
16 34 23 22 31 56 24 29 50 18 14 14 24 59 35 16 9 28 32 29 39 46 38 47 39 31 14 16 28 23 9 22 41 20 5 4 2 3 3 1 1 1 1 0 0 0 0 0 0 0 1 1 2 6 13 10 23 17 19 24 23 21 23 22 27 28 17 11 11 21 20 46 27 23 28 28 43 38 22 41 12 12 21 17 12 10 11 23 40 42 24 25 19 22 12 17
19 24 42 35 17 41 14 32 68 16 17 30 37 50 21 22 4 15 38 34 46 32 32 47 39 33 26 8 6 8 9 8 9 3 2 3 5 2 1 2 1 1 0 0 0 0 0 0 0 1 1 1 2 6 16 19 28 21 18 29 25 30 36 24 29 30 16 13 13 34 30 28 48 21 22 24 46 34 21 15 28 11 8 24 20 10 12 13 28 38 40 22 18 11 24 9
19 26 43 48 25 52 16 28 65 33 16 39 44 36 18 6 5 10 20 35 47 42 30 27 31 37 20 7 9 7 8 7 7 5 3 1 2 2 3 2 1 1 0 0 0 0 0 0 0 0 1 1 1 4 5 6 12 25 30 26 32 19 22 26 23 27 27 7 16 32 32 27 34 11 28 27 25 38 44 30 36 15 10 9 22 13 8 15 28 67 55 20 11 9 21 7
20 23 25 54 26 45 29 22 31 41 19 46 46 15 6 10 14 20 30 41 33 31 36 17 20 26 36 9 7 6 10 9 7 6 3 4 2 2 1 0 0 1 0 0 0 0 0 0 0 0 1 2 4 6 5 18 23 48 34 20 29 32 35 36 39 24 23 14 19 33 26 36 51 23 16 38 25 36 30 22 39 12 15 15 34 14 5 8 8 25 42 17 14 6 29 16
16 18 16 34 59 28 44 17 45 22 48 28 13 6 14 15 22 16 51 52 22 28 26 26 8 18 24 30 10 10 5 9 5 3 2 2 2 1 1 0 0 0 0 0 0 0 0 0 0 0 0 1 2 4 10 15 11 33 26 13 20 26 31 32 20 18 15 25 26 30 31 37 9 30 33 35 31 18 37 14 46 15 14 10 13 34 15 15 18 17 36 10 24 8 12 28
34 21 16 20 28 42 45 20 59 38 41 10 7 13 18 24 24 16 19 16 28 24 24 41 32 14 18 5 12 18 4 7 3 2 3 3 3 1 1 0 0 0 1 0 0 0 0 0 0 0 1 1 2 2 7 8 12 17 12 4 13 21 24 24 16 13 13 23 24 27 29 43 12 12 7 12 30 40 55 13 36 24 14 14 8 7 38 11 17 17 21 21 8 6 14 22
23 32 23 17 15 25 54 24 30 15 9 3 9 17 29 35 33 12 17 17 25 25 18 6 9 8 8 12 4 5 13 18 7 4 1 3 1 1 1 0 0 0 0 0 0 0 0 0 0 0 1 1 1 2 4 7 6 21 15 17 26 21 25 16 23 23 14 24 23 25 22 38 11 19 11 14 13 9 23 22 11 34 14 16 7 19 22 5 15 24 25 21 8 7 6 9
21 33 23 28 35 38 41 26 30 8 12 9 14 27 25 31 33 20 22 22 23 23 15 9 7 9 7 4 4 8 4 4 4 7 6 7 1 1 0 0 0 0 0 0 0 0 0 0 0 1 1 1 1 2 7 3 12 31 40 31 28 20 25 25 22 19 20 32 20 22 21 28 14 21 19 14 21 17 20 32 7 27 12 24 7 6 16 4 6 8 23 15 4 7 6 19
20 33 26 31 34 44 43 10 7 3 13 13 22 25 25 34 20 38 31 18 21 18 15 16 16 9 8 5 5 12 5 1 1 1 1 3 4 1 1 2 1 1 0 0 0 0 0 0 1 0 1 0 1 2 4 6 14 46 19 20 31 17 23 20 18 19 22 36 20 20 19 22 19 19 25 13 19 17 16 15 25 52 15 20 12 3 17 8 3 5 10 18 6 8 5 2
18 36 35 29 59 52 11 6 10 12 22 19 15 29 21 35 11 20 47 12 20 15 7 10 16 19 4 7 8 7 13 3 2 1 1 1 1 0 1 2 2 1 0 0 0 0 0 0 0 0 0 1 1 2 6 8 11 21 18 12 29 24 17 6 20 10 12 40 21 17 26 18 29 16 23 18 16 18 14 10 9 5 30 25 16 4 5 6 3 3 5 19 6 7 10 5
19 26 49 40 60 12 10 9 10 18 22 22 29 36 12 26 11 17 19 39 10 23 7 5 7 15 10 10 8 4 2 6 1 2 1 1 1 1 0 1 1 0 0 0 0 0 0 0 0 0 0 0 0 2 5 11 5 18 37 32 15 12 9 5 28 17 16 29 25 15 26 16 41 20 20 23 12 12 20 10 7 4 14 15 14 5 2 16 4 3 7 10 14 8 5 5
10 25 50 72 42 5 9 17 18 19 33 37 16 21 16 11 31 10 14 16 14 12 11 7 7 11 8 13 7 7 8 3 5 1 2 1 1 0 0 0 0 0 0 0 0 0 0 0 0 0 0 0 1 2 5 7 26 16 14 28 18 8 3 8 12 32 14 18 26 12 15 15 29 22 12 19 19 10 11 17 10 3 6 17 18 7 2 6 5 3 6 3 16 8 2 13
10 26 60 45 5 5 17 17 11 34 20 46 11 24 14 8 11 43 9 16 27 10 21 6 6 13 13 9 7 9 4 4 6 1 1 1 1 1 0 1 0 0 0 0 0 0 0 0 0 0 1 1 1 2 3 6 14 12 17 20 18 9 4 13 10 19 13 14 23 13 12 13 13 28 11 11 23 11 10 9 14 4 5 6 11 5 3 4 8 4 2 2 2 6 4 5
10 37 42 19 7 11 17 18 11 24 9 41 14 19 31 8 19 40 7 18 34 6 24 6 4 12 14 13 3 2 6 1 1 3 5 2 0 1 0 0 0 0 0 0 0 0 0 0 1 1 1 0 1 1 1 3 7 13 9 24 20 9 7 12 15 23 8 10 16 22 10 9 5 17 11 9 12 14 9 7 3 2 9 3 9 5 3 2 3 9 1 3 6 5 4 1
11 28 34 20 7 9 19 31 8 14 10 28 9 14 40 9 16 34 10 7 13 15 12 7 5 5 5 8 7 7 2 3 1 1 0 2 2 0 0 0 0 0 0 0 0 0 0 0 0 1 1 1 1 1 2 3 3 7 9 7 9 12 11 11 11 15 17 11 14 23 5 11 5 9 16 8 10 4 3 7 4 3 2 3 10 14 3 1 2 7 1 1 5 5 5 2
18 19 38 11 7 13 13 19 8 12 9 12 17 7 30 7 7 22 9 5 5 5 34 13 4 3 4 3 4 4 5 2 1 1 0 0 2 0 0 0 0 0 1 0 0 0 0 0 0 1 1 1 1 1 1 3 6 16 12 6 3 9 10 9 10 10 25 8 15 20 5 7 9 8 20 1 6 9 3 2 7 2 2 2 3 8 3 1 1 8 1 1 1 6 16 6
50 25 8 7 11 11 12 13 8 23 11 5 17 6 22 6 5 10 10 4 4 7 19 9 3 4 3 6 5 5 3 2 2 1 0 0 0 1 0 0 0 0 0 0 0 0 0 0 0 1 1 1 1 1 2 3 6 16 18 7 2 13 10 6 9 9 13 9 6 19 7 4 4 12 15 4 3 3 8 2 3 8 2 2 9 7 1 2 0 7 4 1 1 1 2 2
9 3 6 6 8 10 17 12 13 14 8 5 28 5 5 19 5 15 12 3 3 6 5 21 5 5 2 5 6 5 2 1 1 2 0 0 0 1 0 0 0 0 0 0 0 0 0 0 0 1 1 1 1 1 1 3 2 11 17 2 4 7 12 5 8 8 6 15 4 13 9 5 6 3 9 3 3 4 3 4 1 1 6 2 2 9 1 4 1 2 10 1 3 2 1 1
16 6 16 10 8 9 22 8 19 15 3 6 14 6 5 16 3 4 23 2 6 5 3 13 2 4 5 3 3 3 3 3 0 1 1 0 0 0 1 0 0 0 0 0 0 0 0 0 1 1 2 2 0 1 2 0 2 6 4 2 4 14 12 4 3 9 5 10 3 5 25 3 6 7 4 3 4 3 5 2 4 2 1 4 1 5 4 3 1 2 12 2 1 1 2 1
43 10 5 11 10 11 10 7 18 9 5 5 4 5 4 8 3 2 14 4 5 3 1 4 6 5 3 2 2 1 1 1 1 0 0 1 0 0 0 0 0 0 0 0 0 0 0 0 1 0 0 0 0 1 2 6 5 4 4 4 3 9 6 4 4 7 11 3 10 2 11 3 4 6 1 2 4 1 2 3 3 3 1 0 1 1 3 6 2 1 3 1 1 1 2 1
50 9 5 7 6 8 3 6 7 3 4 4 4 5 3 7 3 2 8 2 2 6 2 1 1 1 1 1 2 5 1 1 1 0 0 0 0 0 0 1 0 0 0 0 0 0 0 0 4 0 0 0 0 1 3 6 5 1 1 7 2 2 6 4 6 3 12 3 11 2 3 6 2 6 1 3 2 2 1 1 2 2 1 1 1 1 0 0 2 3 2 2 1 1 2 1
26 5 3 7 3 3 3 4 7 2 4 2 2 6 2 8 2 4 4 2 1 3 2 1 1 1 1 1 1 1 2 1 0 0 0 0 0 0 0 1 0 0 0 0 0 0 0 1 0 0 0 0 0 1 3 5 4 2 1 6 4 3 1 8 4 5 7 3 7 3 2 2 4 6 1 1 2 1 1 0 0 1 1 1 0 0 0 0 0 1 2 1 0 1 1 1
22 4 9 3 3 3 3 3 4 1 2 3 1 6 4 1 2 2 4 2 3 1 3 1 2 2 1 2 1 1 1 1 1 0 0 0 0 0 0 0 0 0 0 0 0 0 0 1 0 0 0 0 1 2 4 4 3 3 1 2 6 2 4 2 4 8 3 5 1 3 8 1 4 8 2 0 1 0 1 0 1 1 1 1 0 0 0 0 0 0 1 1 1 0 1 0
16 5 2 2 2 3 4 2 3 1 2 1 2 2 5 1 1 1 1 0 2 1 2 2 2 2 1 1 2 0 0 0 1 0 0 0 0 0 0 0 1 0 0 0 0 0 0 1 0 0 0 0 1 2 3 2 1 2 3 1 5 2 3 3 1 2 2 3 1 1 5 1 2 3 0 0 0 1 1 0 0 1 0 0 0 0 0 0 0 0 0 0 1 0 0 0
2 6 1 2 2 2 2 1 6 1 1 2 1 0 2 1 1 1 3 1 1 1 1 2 1 1 1 1 2 0 0 0 1 0 0 0 0 0 0 0 0 0 0 0 0 1 2 0 0 0 0 1 1 1 3 2 1 3 2 2 3 2 1 1 2 1 1 2 1 1 3 2 3 1 0 1 0 0 0 1 0 0 0 0 1 0 0 0 0 0 0 0 0 1 0 0
2 7 2 1 1 1 2 2 1 2 1 1 1 0 1 1 1 0 5 1 0 1 1 3 1 0 1 1 1 0 0 0 1 0 0 0 0 0 0 0 0 0 0 0 0 0 0 0 0 0 0 1 1 3 2 1 1 2 1 2 4 2 4 1 1 1 1 3 0 1 0 1 2 0 0 0 0 0 1 0 0 0 0 0 0 1 0 0 0 0 0 0 0 1 0 0
2 6 4 0 1 1 2 1 1 1 1 0 0 0 0 1 0 1 1 0 0 0 1 0 1 0 0 1 0 1 0 1 0 0 0 0 0 0 0 0 0 0 0 0 0 0 0 1 0 0 1 2 3 3 1 1 2 3 1 2 1 3 1 2 1 1 0 1 0 1 1 1 1 1 0 1 0 1 1 0 0 0 0 0 0 1 1 0 0 0 0 0 0 0 0 0
0 1 4 0 1 0 1 1 0 1 1 0 0 0 0 1 0 1 0 1 0 0 1 1 1 0 0 0 0 1 0 0 0 1 0 0 0 0 0 0 0 0 0 0 0 0 0 1 1 1 1 4 3 1 1 2 2 2 1 2 2 1 1 1 2 0 0 1 1 0 1 1 0 1 0 0 0 1 1 0 1 1 0 0 0 0 0 0 0 0 0 0 0 0 0 0
1 1 3 0 1 0 0 0 0 0 0 0 0 0 0 2 0 0 0 0 0 1 1 1 0 0 0 0 0 0 0 0 1 0 0 0 0 0 0 0 0 0 0 0 0 0 0 3 1 4 7 5 0 1 1 1 1 1 1 1 2 0 1 1 0 1 3 0 0 0 0 1 0 1 1 1 1 1 1 0 1 3 0 0 0 0 0 0 1 0 0 0 0 0 0 1
0 1 2 0 1 0 0 0 0 0 1 0 0 0 0 1 0 0 0 0 0 0 0 0 0 0 1 0 0 1 0 0 1 1 0 0 0 0 0 0 0 0 0 0 1 4 9 2 2 2 1 0 0 1 1 1 1 1 0 0 0 0 1 1 0 1 0 0 0 0 0 0 1 0 1 1 1 1 1 0 1 1 0 0 0 0 0 0 0 0 0 0 0 0 1 1
0 0 0 1 0 0 0 0 0 0 1 0 0 0 0 0 0 0 0 0 0 0 0 0 0 0 0 0 0 0 0 0 0 0 0 0 0 0 0 0 0 0 0 2 1 2 9 11 2 1 0 0 0 1 1 1 1 1 0 0 0 0 0 1 1 3 0 0 0 1 1 0 0 0 1 0 1 0 1 0 0 0 0 1 0 0 0 0 0 0 0 0 0 0 0 1
0 0 0 1 0 0 0 0 0 0 0 0 0 0 0 0 0 0 0 0 0 0 0 0 0 0 0 0 0 0 0 0 0 0 0 0 0 0 0 0 0 3 6 6 9 2 4 13 5 0 0 0 0 0 0 0 0 0 0 0 0 0 1 2 1 1 0 1 1 0 1 1 0 0 0 0 1 1 2 3 4 1 0 0 0 0 0 0 0 0 0 0 0 0 1 1
0 0 0 1 0 0 0 0 0 0 0 0 0 0 0 0 0 0 0 0 0 0 0 0 0 0 0 0 0 0 0 0 0 0 0 0 0 0 0 0 2 8 15 7 15 19 11 5 0 0 0 0 0 0 0 0 1 1 0 0 0 1 1 1 0 0 0 0 1 0 1 2 3 0 0 0 0 1 1 1 0 1 1 1 1 0 0 0 0 0 0 0 0 0 1 0
0 0 0 0 0 0 0 0 0 0 0 0 0 0 0 0 0 0 0 0 0 0 0 0 0 0 0 0 0 0 0 0 0 0 0 0 0 0 0 1 1 1 3 11 23 15 0 0 0 0 0 0 0 0 0 0 0 2 0 0 0 0 0 1 0 0 0 0 0 1 1 2 0 0 0 1 1 1 1 1 1 1 1 0 1 0 0 0 0 0 0 0 0 0 1 0
0 0 0 0 0 0 0 0 0 0 0 0 0 0 0 0 0 0 0 0 0 0 0 0 0 0 0 0 0 0 0 0 0 0 0 0 0 0 0 0 0 1 1 1 1 0 1 1 0 0 0 0 0 0 0 0 0 0 0 0 0 0 0 0 0 0 0 1 1 2 0 0 0 0 0 0 2 1 1 1 1 1 1 1 0 0 0 0 0 0 0 0 0 0 0 0
0 0 0 0 0 0 0 0 0 0 0 0 0 0 0 0 0 0 0 0 0 0 0 0 0 0 0 0 0 0 0 0 0 0 0 0 0 0 1 0 3 4 1 0 0 0 0 0 0 0 0 0 0 0 0 0 0 1 0 0 0 0 0 0 0 0 0 1 1 0 0 0 0 1 1 1 1 1 0 1 1 0 0 0 0 0 0 0 0 0 0 0 0 0 0 0
0 0 0 0 0 0 0 0 0 0 0 0 0 0 0 0 0 0 0 0 0 0 0 0 0 0 0 0 0 0 0 0 0 0 0 0 0 0 0 0 0 1 1 0 1 0 0 0 1 0 0 0 0 0 0 0 0 0 0 0 0 0 0 0 0 0 0 1 0 0 0 0 0 0 0 1 1 1 0 0 0 0 0 0 0 0 0 0 0 0 0 0 0 0 0 0
