sesion_6_simulaciones/modelos_agentes/ejemplos_netlogo/scenarios/echam4_b2/rob_2076.asc
NCOLS 322 
NROWS 307 
XLLCORNER 451900 
YLLCORNER 4086900 
CELLSIZE 100 
NODATA_value -9999 
[rows 0 to 73 of 307, columns 96 to 191 of 322]
1 0 0 0 0 0 0 0 0 0 0 0 0 2 3 1 1 1 1 0 1 1 0 1 0 0 0 0 0 0 0 0 0 1 0 0 0 0 1 0 0 1 12 19 28 19 31 26 36 15 12 18 7 2 5 4 7 1 2 1 1 1 1 0 2 4 7 1 1 6 10 5 6 8 8 7 9 13 7 45 36 21 35 39 52 36 38 41 47 60 34 24 18 6 12 24
0 0 0 0 0 0 0 0 0 0 0 0 1 1 1 1 0 0 0 0 1 0 0 0 0 0 0 0 0 1 1 0 0 0 0 0 0 0 1 1 2 4 5 8 52 58 57 40 67 28 38 24 6 4 15 2 1 2 0 1 0 1 1 0 1 1 1 4 4 4 2 9 21 9 18 25 35 15 16 21 22 19 34 39 52 35 35 45 47 38 44 32 38 17 23 24
0 0 0 0 0 0 0 0 0 0 0 0 0 1 0 0 0 1 1 1 2 0 0 0 0 0 0 0 0 1 1 1 0 0 2 1 1 1 2 3 6 11 9 12 3 2 5 17 71 47 44 41 8 21 12 10 4 2 1 1 1 3 16 10 14 5 3 9 2 3 4 4 10 9 15 30 48 51 27 19 20 21 34 35 44 36 38 54 31 30 40 29 35 34 21 23
0 0 0 0 0 0 0 0 0 0 0 0 0 0 0 1 1 1 1 1 0 0 0 0 0 0 0 0 0 0 1 1 0 1 2 1 3 4 9 17 28 36 24 5 2 3 1 2 15 4 7 6 2 6 13 2 8 1 1 2 2 6 29 27 25 37 25 9 11 6 5 9 7 7 15 18 29 15 11 19 26 26 40 44 44 34 31 40 27 24 38 39 24 31 16 29
0 0 0 0 0 0 0 0 0 0 0 0 0 0 0 0 0 2 1 1 1 0 0 1 1 0 0 0 0 1 1 1 1 2 4 4 6 11 30 45 57 47 32 12 6 2 3 9 5 3 4 6 1 11 3 5 7 3 0 1 9 22 15 32 20 9 27 6 11 18 16 7 7 4 14 12 18 15 18 23 29 24 60 43 27 30 29 43 28 30 38 47 17 32 34 42
0 0 0 0 0 0 0 0 0 0 0 0 0 0 0 0 0 1 1 1 0 0 1 1 1 0 0 0 0 0 0 1 2 1 6 12 16 34 52 45 58 59 54 23 6 9 8 7 8 6 8 17 2 3 3 6 3 2 2 2 15 24 5 2 4 7 9 3 3 6 2 8 27 12 11 6 9 10 12 23 19 23 30 28 36 27 25 45 39 22 37 21 28 32 56 19
0 0 0 0 0 0 0 0 0 0 0 0 0 0 0 0 0 0 1 1 1 1 0 0 1 1 1 0 0 0 0 1 2 2 5 34 42 50 48 57 59 58 24 10 13 35 12 20 15 14 9 12 9 8 9 5 2 4 6 2 2 2 2 4 2 3 15 26 10 9 2 6 5 2 14 13 14 14 8 18 14 9 14 13 24 30 23 34 33 15 36 25 32 28 17 15
0 0 0 0 0 0 0 0 0 0 1 1 1 0 0 0 0 0 0 0 1 4 1 1 2 1 0 0 0 0 0 1 2 9 8 25 40 54 56 55 46 19 20 15 37 30 20 40 25 19 9 11 22 19 10 8 5 16 24 24 12 4 1 1 4 2 10 5 13 7 10 4 2 5 2 12 17 48 25 8 17 20 12 13 36 18 21 24 31 35 25 18 6 12 14 11
0 0 0 0 0 0 0 0 0 0 0 1 3 2 1 1 0 0 0 1 1 1 1 1 1 0 0 0 0 0 1 1 6 25 42 21 11 21 15 16 27 16 12 23 52 42 18 26 28 17 13 7 52 20 11 18 14 22 4 9 28 16 7 1 4 4 3 2 1 4 12 9 3 3 11 4 8 10 14 40 31 59 19 24 14 7 13 53 23 27 24 64 36 19 13 19
0 0 0 0 0 0 0 0 0 0 0 0 0 0 0 0 0 0 0 0 0 0 1 0 1 0 0 0 1 1 1 8 10 12 30 25 23 24 13 14 8 7 12 27 59 35 11 13 18 23 19 11 15 69 48 44 5 10 3 19 14 16 3 4 1 3 2 1 4 8 6 8 11 8 13 20 6 8 37 43 21 52 30 20 8 11 9 18 19 37 14 30 69 57 16 12
0 0 0 0 0 0 0 0 0 0 0 0 0 0 0 0 0 0 0 0 0 0 0 0 1 0 0 0 1 2 6 11 40 34 19 18 19 40 38 24 16 7 5 9 35 13 11 17 22 16 25 11 19 26 75 53 13 8 11 23 7 8 5 1 3 4 5 2 9 17 15 19 9 6 18 30 17 7 7 36 23 17 36 43 13 16 11 16 55 42 37 28 61 77 46 21
0 0 0 0 0 0 0 0 0 0 0 0 0 0 0 0 0 1 1 0 1 0 0 0 0 0 0 0 1 11 17 21 27 25 20 16 19 38 38 28 16 8 9 17 20 10 11 32 15 18 38 15 23 39 20 36 17 14 17 15 6 5 12 8 4 3 9 8 13 47 56 59 9 16 26 32 17 10 12 45 23 5 26 46 16 21 20 18 41 25 19 26 50 57 56 43
0 0 0 0 0 0 0 0 0 0 0 0 0 0 0 0 1 1 1 1 3 2 0 0 0 0 0 1 2 9 29 17 20 18 21 31 42 17 22 40 16 7 8 31 24 10 19 20 23 32 46 34 33 56 34 28 27 20 26 10 7 7 12 10 5 4 3 11 25 17 38 36 22 14 12 32 15 13 5 11 22 4 37 59 20 20 33 21 15 44 30 13 19 34 54 67
0 0 0 0 0 0 0 0 0 0 0 0 0 0 0 0 0 0 2 1 0 0 1 0 0 0 1 3 6 7 14 17 15 8 9 10 12 8 8 13 16 3 2 2 11 8 15 17 47 62 67 63 44 46 27 41 40 27 23 20 6 5 15 16 11 10 5 6 9 5 2 2 14 20 14 20 11 20 12 7 3 6 15 49 52 21 30 33 23 20 40 20 33 52 77 57
0 0 0 0 0 0 0 0 0 0 0 0 0 0 0 0 0 0 2 1 0 1 2 1 1 0 1 1 7 12 7 4 5 7 13 11 11 10 5 2 12 2 9 6 2 3 16 33 37 69 69 63 51 59 38 61 55 37 34 36 5 13 20 21 11 9 4 6 4 2 2 13 34 26 21 25 24 19 9 10 19 6 19 50 60 25 12 16 22 17 12 11 28 43 53 47
0 0 0 0 0 0 0 0 0 0 0 0 0 0 0 0 0 0 0 0 0 0 0 2 1 1 1 1 2 3 4 10 14 16 12 16 34 34 17 4 5 5 2 6 3 4 3 21 37 41 55 46 42 41 53 35 42 34 42 36 5 15 4 21 33 19 6 7 9 2 6 25 33 33 13 7 12 23 29 25 19 18 18 43 69 83 52 35 18 15 15 9 31 67 56 39
0 0 0 0 0 0 0 0 0 0 0 0 0 0 0 0 0 0 0 1 0 0 0 0 3 1 1 3 10 10 12 5 6 12 13 24 40 44 35 3 8 7 3 5 14 16 18 4 20 34 24 21 18 18 29 47 46 47 48 47 11 23 14 17 27 7 5 6 5 5 7 29 20 32 7 6 11 11 32 23 25 25 29 34 71 86 83 35 21 20 19 15 35 61 69 62
0 0 0 0 0 0 0 0 0 0 0 0 0 0 0 0 0 0 0 0 0 0 0 0 1 2 1 2 3 3 6 6 11 7 23 45 30 40 33 17 24 28 19 20 33 32 38 24 8 3 4 7 5 2 10 56 80 88 60 24 40 23 18 11 20 13 6 12 4 4 33 29 32 28 8 17 33 18 23 31 18 18 14 9 59 65 62 61 41 24 25 19 25 46 50 25
0 0 0 0 0 0 0 0 0 0 0 0 0 0 0 0 0 0 0 0 0 0 0 0 2 4 1 1 2 4 7 9 6 17 22 28 12 15 20 39 31 38 46 57 50 33 44 41 22 16 12 12 17 2 4 14 82 85 57 31 27 35 17 10 17 5 6 7 2 22 47 44 34 44 14 13 37 36 33 67 39 27 15 10 21 49 55 52 56 35 31 32 18 34 73 23
0 0 0 0 0 0 0 0 0 0 0 0 0 0 0 0 0 0 0 0 0 0 0 0 1 1 1 2 3 3 4 10 13 11 13 6 16 22 19 30 52 58 52 31 36 20 35 45 28 23 21 7 12 6 13 8 31 43 52 50 32 17 13 26 22 3 6 26 51 34 54 71 28 69 28 10 31 60 42 66 53 47 35 17 19 56 76 61 68 47 42 29 14 24 65 53
0 0 0 0 0 0 0 0 0 0 0 0 0 0 0 0 0 0 0 0 0 0 0 0 0 1 1 1 1 2 2 2 5 9 14 9 10 19 12 42 25 30 51 39 25 23 29 41 41 21 31 26 10 17 23 19 25 49 62 52 15 14 52 40 21 4 19 29 39 48 34 38 21 29 54 37 21 21 25 67 30 26 48 36 31 17 65 45 70 41 48 30 22 22 31 54
0 0 0 0 0 0 0 0 0 0 0 0 0 0 0 0 0 0 0 0 0 0 0 0 1 1 2 2 1 2 2 4 6 17 24 15 32 15 26 12 28 19 18 19 38 42 72 61 59 28 29 24 24 25 37 30 31 44 66 63 58 15 21 22 12 13 42 9 29 47 50 32 38 18 51 59 34 20 26 79 85 48 23 65 52 20 17 28 69 57 50 50 27 24 25 56
0 0 0 0 0 0 0 0 0 0 0 0 0 0 0 0 0 0 0 0 1 0 1 0 1 1 1 3 1 1 7 15 24 6 3 38 32 11 12 14 24 41 27 20 20 52 48 22 29 22 43 29 29 31 31 33 20 34 52 35 27 23 12 11 12 29 45 5 25 14 42 54 41 15 15 43 42 57 29 60 86 64 58 30 52 30 11 27 71 76 30 62 43 27 33 51
0 0 0 0 0 0 0 0 0 0 0 0 0 1 0 0 0 0 0 1 1 1 1 1 2 2 1 7 5 4 4 3 2 1 2 6 13 19 7 18 20 37 37 42 38 16 13 9 7 5 20 19 11 15 28 15 17 19 19 30 37 24 14 18 38 33 24 10 20 20 24 43 33 36 27 65 66 47 42 24 67 69 52 71 36 26 20 22 22 59 25 43 40 23 18 26
0 0 0 0 0 0 0 0 0 0 0 0 0 0 1 1 1 0 0 0 2 2 5 3 2 3 7 5 14 7 3 2 6 5 4 0 2 16 19 6 14 31 47 57 44 39 33 28 22 21 10 8 6 3 4 4 4 7 26 34 46 25 30 31 17 38 18 23 31 27 20 32 52 60 19 59 66 47 51 37 55 70 43 24 58 40 24 24 19 31 32 33 45 25 14 13
0 0 0 0 0 0 0 0 0 0 0 0 1 1 1 1 2 3 1 1 5 17 23 39 33 25 26 12 24 15 35 44 49 18 6 5 7 5 5 11 25 19 29 36 52 54 56 44 40 38 22 21 22 21 19 19 20 17 40 48 39 31 22 22 18 36 35 44 18 46 20 16 50 37 21 47 47 27 34 32 34 46 72 26 28 21 26 12 12 21 17 28 15 14 10 11
0 0 0 0 0 0 0 0 0 1 1 0 0 3 5 2 3 11 7 20 29 38 54 53 41 56 49 43 50 55 32 14 26 33 24 9 12 9 4 3 18 23 29 48 44 45 53 44 45 43 35 34 37 36 21 33 23 25 37 29 33 21 12 13 11 45 27 45 38 44 14 19 29 38 27 48 43 58 22 32 34 17 44 31 19 37 16 15 4 10 19 13 17 12 12 11
0 1 0 0 0 0 1 0 1 1 2 3 3 5 8 25 24 15 24 9 16 23 29 58 57 55 74 68 67 66 11 7 6 7 17 17 24 10 15 11 13 34 41 41 44 41 36 64 55 42 36 37 37 37 34 35 36 12 22 21 23 14 14 21 38 60 56 29 39 19 24 14 29 33 35 23 21 36 42 25 37 25 36 32 12 33 18 12 4 7 17 17 12 17 9 5
0 1 1 0 1 1 1 1 1 4 8 16 25 35 57 58 40 37 51 31 13 6 23 42 30 29 21 49 52 42 30 5 3 2 4 7 12 11 15 18 7 17 25 30 18 17 11 27 38 37 49 50 37 35 35 49 39 14 16 13 9 18 33 41 51 42 26 26 18 35 31 42 25 24 26 23 23 25 40 29 26 24 23 16 19 17 17 14 10 4 11 6 7 10 4 4
1 1 1 1 2 2 2 4 10 21 34 42 49 71 59 77 51 52 74 19 44 16 9 22 16 9 13 14 15 16 34 18 10 2 3 2 6 5 6 16 16 15 37 15 21 18 12 26 26 17 14 13 11 22 23 11 38 23 16 12 15 21 37 42 46 37 19 38 50 31 37 26 24 21 19 12 16 15 23 22 22 21 8 16 10 5 6 4 6 3 3 1 1 2 2 3
1 3 2 2 4 7 12 23 20 47 50 71 57 75 64 70 38 43 71 56 16 21 11 6 6 5 2 2 9 9 14 53 17 4 5 4 16 43 42 27 26 17 19 11 9 16 18 7 5 8 9 20 30 32 17 18 36 22 32 11 18 25 38 28 43 22 16 30 50 46 32 24 13 23 17 10 6 2 7 11 14 9 6 4 3 4 4 3 2 2 2 2 12 6 7 10
3 5 10 10 20 35 41 45 48 61 60 85 69 67 46 62 44 61 58 64 13 28 28 10 7 2 2 1 3 5 4 10 13 5 5 9 5 10 10 12 9 11 11 20 23 15 17 9 15 17 40 55 46 29 52 13 39 36 10 5 5 17 14 35 28 30 18 12 16 23 19 19 10 4 4 5 8 6 15 20 12 16 11 16 18 18 16 14 12 19 6 7 28 17 11 21
12 22 28 45 49 41 60 55 68 60 85 59 31 46 44 41 49 51 51 57 22 13 18 10 8 5 2 3 6 8 7 15 9 3 10 8 12 12 19 13 25 16 26 27 33 34 27 26 20 24 34 59 60 58 60 31 41 35 18 25 14 3 5 6 8 8 13 8 8 8 9 8 8 14 23 23 35 23 34 22 23 33 19 30 23 48 31 16 26 24 13 14 26 23 16 30
40 47 60 50 66 59 69 53 61 45 61 9 19 14 22 38 39 29 26 45 25 10 4 3 5 7 7 5 9 3 24 28 21 12 18 20 19 15 19 18 19 23 24 25 41 30 40 28 15 48 41 42 53 38 29 27 57 36 28 46 37 25 25 26 26 26 41 31 25 23 24 25 37 37 37 23 39 36 39 36 36 37 35 35 50 43 35 28 30 18 27 18 33 20 40 38
6 15 29 30 56 52 65 58 26 4 2 3 8 6 6 8 9 18 34 45 24 6 6 11 5 6 21 13 22 14 22 22 19 15 14 29 25 11 28 21 21 32 33 33 26 26 34 27 23 34 42 36 48 54 37 41 38 26 33 38 35 38 37 42 42 38 52 45 41 24 38 38 36 37 50 37 38 52 38 51 51 38 43 41 66 41 37 35 34 32 33 25 42 42 43 54
6 4 3 3 3 4 14 15 13 4 3 5 10 11 5 3 2 4 19 25 12 5 23 6 14 20 27 19 28 16 15 13 24 15 9 18 18 9 19 22 18 32 21 20 21 25 42 30 18 24 39 36 19 63 35 49 25 28 36 29 45 33 31 32 34 26 54 40 27 37 37 36 49 36 48 36 37 53 52 53 40 38 52 46 53 42 38 39 36 35 35 33 63 49 40 39
11 22 19 7 7 6 2 4 6 3 6 8 8 5 2 3 1 9 7 11 17 28 29 12 24 20 22 20 14 5 2 5 14 10 8 12 7 9 14 22 26 14 19 16 17 32 26 17 27 27 39 46 23 52 45 18 46 42 35 23 36 29 45 44 33 40 37 38 37 24 35 48 48 35 49 48 39 55 39 49 40 52 53 66 54 40 24 48 39 40 48 50 57 29 56 38
13 12 13 8 5 4 4 4 9 11 14 16 12 4 4 10 11 14 17 25 47 42 37 20 20 12 11 15 15 11 6 4 11 8 8 7 5 8 10 14 7 5 16 20 16 48 22 22 36 18 45 17 39 39 16 24 47 39 21 32 22 37 41 30 19 38 37 37 22 37 56 60 52 35 47 51 50 57 39 36 42 53 53 51 43 29 27 51 44 29 57 58 55 29 19 61
5 10 14 12 14 7 13 11 15 16 20 30 23 18 14 22 13 18 30 34 42 25 12 18 19 10 5 8 14 12 6 4 7 8 3 9 5 14 9 6 10 6 18 10 9 44 23 28 20 15 23 36 24 15 15 13 28 46 20 33 32 44 39 20 45 41 48 36 18 38 48 70 53 39 45 53 55 43 36 27 46 70 63 57 55 28 49 70 52 26 46 68 66 36 21 57
9 15 9 10 6 11 17 13 10 18 20 23 21 21 24 22 22 29 27 28 32 20 17 15 10 6 6 11 8 9 3 6 3 2 7 7 6 6 7 5 6 4 15 5 4 24 22 21 12 16 18 8 23 3 3 2 9 27 12 33 44 33 32 52 41 42 27 14 22 52 56 75 59 40 45 63 72 47 45 25 49 74 52 38 39 33 53 70 50 34 26 76 80 55 34 47
3 9 8 12 10 15 13 10 10 10 19 17 16 15 35 15 18 27 20 18 23 18 8 13 7 7 8 8 5 10 3 6 3 2 2 6 2 4 3 5 4 5 8 5 12 9 22 14 5 7 13 6 8 5 4 3 4 9 5 31 41 34 40 54 21 37 14 13 22 54 63 68 62 43 49 64 76 36 45 21 56 83 56 29 25 33 56 71 52 37 29 63 75 63 23 45
2 3 10 8 5 7 9 5 4 5 12 11 10 16 13 12 9 17 20 10 8 11 12 8 4 4 4 3 3 17 3 4 3 2 3 4 3 3 2 3 2 5 4 3 6 5 8 2 3 2 3 11 7 5 4 3 9 4 6 20 15 24 57 28 37 34 21 25 33 39 59 54 59 31 37 59 46 27 50 24 41 68 56 41 27 31 56 69 48 39 29 44 67 46 29 44
0 1 2 2 1 1 3 2 2 3 3 4 4 8 8 7 8 7 10 8 5 2 4 6 4 3 5 3 1 2 4 5 1 1 1 3 2 1 1 2 2 4 3 2 2 3 2 1 1 1 1 4 1 1 2 3 6 2 6 9 7 20 11 19 51 21 21 26 41 28 39 56 33 16 29 49 37 22 52 25 33 57 34 30 31 23 24 65 63 36 22 41 62 38 22 39
0 0 0 0 0 0 1 1 1 2 2 3 4 3 3 6 4 4 4 5 2 2 1 4 3 2 3 1 1 2 2 2 1 1 1 1 1 1 1 2 3 1 2 3 2 1 0 2 1 1 0 1 0 1 1 2 3 6 5 2 3 3 7 33 10 16 31 16 23 19 13 29 12 11 19 34 19 19 34 11 36 41 25 25 26 32 12 24 64 28 20 31 53 39 27 22
0 0 0 0 0 0 0 0 0 1 1 2 2 2 2 3 2 2 2 2 3 1 3 2 2 1 1 1 0 1 2 2 0 0 1 1 1 0 1 1 2 1 1 1 0 1 1 0 1 1 0 1 1 0 1 1 3 3 2 8 6 3 10 7 14 19 8 9 9 13 5 17 4 5 7 18 8 20 23 8 17 19 10 26 27 32 14 16 51 29 14 26 30 15 18 13
0 0 0 0 0 0 0 0 0 0 1 1 1 1 1 1 2 3 2 1 1 1 4 0 1 1 1 1 0 0 0 1 0 0 1 0 0 0 1 0 1 0 0 0 0 1 0 3 4 9 4 3 4 2 1 1 2 2 2 3 3 2 5 2 9 3 4 5 5 10 2 7 3 6 2 7 4 11 9 7 17 8 7 12 20 9 15 11 22 13 15 11 31 27 31 21
0 0 0 0 0 0 0 0 0 0 0 1 0 1 0 1 0 1 2 1 0 1 1 0 1 1 1 1 0 0 0 0 0 0 0 0 0 0 0 0 0 0 1 2 1 6 2 11 3 4 1 2 4 9 9 5 5 1 1 4 2 2 1 1 4 2 2 2 4 7 6 4 4 3 3 8 2 9 3 3 14 3 14 12 20 8 11 8 10 16 15 22 29 42 51 74
0 0 0 0 0 0 0 0 0 0 0 0 0 0 0 1 0 1 1 1 0 1 1 1 0 0 0 0 0 0 0 0 0 0 1 2 1 1 3 8 3 2 2 8 3 2 11 11 2 6 3 3 4 13 7 4 9 7 4 11 5 13 8 3 1 2 4 4 3 5 9 10 5 20 24 19 22 42 30 11 14 22 27 29 7 55 50 34 21 8 15 12 21 52 32 42
0 0 0 0 0 0 0 0 0 0 0 0 0 0 0 0 0 1 0 0 0 0 0 1 0 0 0 0 0 0 0 0 0 0 0 1 2 0 1 3 4 5 3 7 16 2 4 6 9 9 12 2 3 16 19 3 26 14 24 18 6 10 5 5 3 7 4 13 18 1 2 15 18 6 16 28 13 27 15 45 12 26 47 30 15 54 43 30 62 50 38 14 27 43 25 17
0 0 0 0 0 0 0 0 0 0 0 0 0 0 0 0 0 0 0 0 0 0 0 0 0 0 0 0 0 0 0 0 0 0 0 0 0 0 0 2 3 1 5 13 8 2 3 4 5 8 11 3 4 11 8 18 11 7 12 19 5 2 4 13 10 14 12 12 13 19 2 15 30 6 21 38 5 3 5 55 45 20 22 28 39 53 50 60 75 61 27 52 16 14 49 60
0 0 0 0 0 0 0 0 0 0 0 0 0 0 0 0 0 0 0 0 0 0 0 0 0 0 0 0 0 0 0 0 0 0 0 0 0 1 0 2 1 4 2 3 18 8 3 3 6 7 13 13 6 23 22 54 8 25 45 44 23 2 8 10 9 29 26 36 14 36 8 7 29 11 23 42 13 9 7 47 33 45 5 6 13 50 60 55 72 52 16 58 30 26 43 55
0 0 0 0 0 0 0 0 0 0 0 0 0 0 0 0 0 0 0 0 0 0 0 0 0 0 0 0 0 0 0 0 0 0 0 0 0 0 3 14 3 8 4 11 12 16 5 7 20 14 50 53 18 31 63 73 27 53 61 40 30 7 26 32 15 12 11 9 26 58 14 8 23 8 32 37 66 16 24 70 35 56 48 13 14 29 54 48 47 30 55 82 35 25 15 15
0 0 0 0 0 0 0 0 0 0 0 0 0 0 0 0 0 0 0 0 0 0 0 0 0 0 0 0 0 0 0 0 0 0 1 1 1 2 9 7 7 2 3 21 24 9 5 6 14 23 49 40 42 17 51 78 37 45 58 45 54 37 42 58 11 15 24 11 39 53 42 21 6 14 57 56 61 52 21 77 26 53 69 34 19 18 48 38 39 15 72 83 56 37 41 17
0 0 0 0 0 0 0 0 0 0 0 0 0 0 0 0 0 0 0 0 0 0 0 0 0 0 0 0 1 0 0 0 0 1 1 1 1 2 5 5 16 6 20 5 47 9 12 12 6 19 48 44 22 8 9 37 46 63 69 64 80 58 60 57 50 25 31 26 40 42 68 39 16 14 42 61 74 73 39 53 56 53 63 75 37 24 15 15 14 27 69 51 72 44 41 28
0 0 0 0 0 0 0 0 0 0 0 0 0 0 0 0 0 0 0 0 0 0 0 0 0 0 0 0 0 0 0 0 0 0 2 2 1 1 0 3 3 2 1 1 7 7 34 28 10 6 19 7 12 5 4 8 9 40 48 44 56 61 55 51 77 27 30 29 7 60 86 30 19 13 55 43 44 55 24 38 46 19 66 80 63 37 10 11 13 20 12 36 78 43 28 36
0 0 0 0 0 0 0 0 0 0 0 0 0 0 0 0 0 0 0 0 0 0 0 0 0 1 0 0 0 0 0 0 1 2 2 2 2 3 2 1 1 5 2 1 3 4 10 18 22 7 8 6 14 6 8 17 13 7 14 29 28 13 24 57 85 57 24 31 42 71 85 45 15 8 18 28 50 36 51 59 45 13 49 68 80 31 20 10 32 38 20 38 88 59 52 58
0 0 0 0 0 0 0 0 0 0 0 0 0 0 0 0 0 0 0 0 0 0 0 0 0 0 1 0 0 0 0 0 1 2 1 1 3 4 1 2 2 10 5 3 5 5 7 7 9 5 9 25 31 27 20 19 13 10 8 6 2 1 8 70 70 66 40 20 24 67 78 72 56 19 11 29 46 36 38 25 49 36 22 74 77 62 26 17 39 29 52 83 83 82 65 62
0 0 0 0 0 0 0 0 0 0 0 0 0 0 0 0 0 0 0 0 0 0 0 0 0 0 0 0 0 1 0 0 2 1 2 4 3 7 3 7 4 8 11 6 2 11 7 11 10 4 8 42 53 59 50 41 28 24 22 20 23 18 19 39 41 54 46 18 8 41 38 75 75 31 14 41 52 36 24 43 68 34 21 22 77 80 31 18 51 58 54 76 50 78 48 31
0 0 0 0 0 0 0 0 0 0 0 0 0 0 0 0 0 0 0 0 0 0 0 0 0 0 0 1 0 1 0 1 1 0 3 6 2 3 9 20 12 14 11 7 2 5 22 18 14 9 9 28 71 74 68 67 56 53 43 42 72 75 80 69 55 51 40 24 10 6 32 48 82 61 56 19 37 46 26 6 21 34 38 52 71 78 51 32 19 39 40 34 79 78 87 59
0 0 0 0 0 0 0 0 0 0 0 0 0 0 0 0 0 0 0 0 0 0 0 0 0 0 0 1 0 0 0 1 2 2 5 5 5 11 25 11 28 21 9 13 16 16 26 31 21 17 10 17 44 71 68 76 79 75 52 39 30 46 57 64 76 72 73 61 36 3 9 49 58 66 54 48 31 16 21 21 54 48 24 33 31 72 71 32 16 26 32 36 29 72 60 74
0 0 0 0 0 0 0 0 0 0 0 0 0 0 0 0 0 0 0 0 0 0 0 0 0 0 0 0 0 1 1 6 3 2 3 8 6 9 7 3 7 37 49 26 43 28 22 22 25 29 27 14 11 16 57 58 56 76 77 67 60 53 39 45 52 72 77 76 72 62 40 64 55 76 43 43 33 23 35 26 23 29 19 51 38 75 80 29 14 41 47 31 32 33 62 77
0 0 0 0 0 0 1 0 0 0 0 0 0 0 0 0 0 0 0 0 0 0 0 0 0 0 0 0 0 0 0 0 0 2 3 4 6 8 11 13 8 3 11 56 59 71 58 40 34 16 25 29 24 15 26 44 38 32 51 57 61 71 72 60 37 41 72 79 78 64 65 81 62 83 71 52 47 48 29 17 20 41 21 32 46 32 70 43 15 29 47 44 20 13 55 78
0 0 2 0 0 0 0 0 0 0 0 0 0 0 0 0 0 0 0 0 0 0 0 0 0 0 0 1 1 0 1 1 1 2 2 8 10 12 13 18 22 18 9 7 9 56 66 59 37 26 19 30 26 17 7 7 7 9 9 12 22 44 40 54 57 33 34 51 50 43 70 69 68 65 64 67 71 64 41 46 44 40 21 23 61 68 49 56 23 9 38 43 23 43 80 40
0 0 0 0 0 0 0 0 1 3 2 2 0 0 0 0 0 0 0 0 0 0 0 0 0 0 0 1 0 0 1 1 1 1 2 4 5 9 10 12 16 15 29 30 31 20 12 9 34 37 45 15 15 11 16 25 24 24 24 21 23 10 8 12 16 12 10 8 10 32 44 60 55 51 43 36 36 63 55 47 38 25 53 47 49 62 51 67 46 16 12 35 52 81 51 72
0 0 0 2 1 0 0 0 0 2 0 0 0 0 0 0 0 0 0 0 0 0 0 0 0 0 0 0 0 0 0 0 1 1 1 2 4 9 6 12 16 22 25 31 35 26 24 26 18 10 10 9 12 27 29 40 38 41 40 53 25 9 8 25 27 41 22 26 8 6 17 41 35 24 24 25 31 42 49 64 59 29 25 29 31 34 49 61 66 26 13 29 86 64 54 65
0 0 0 1 1 1 1 0 0 0 0 0 0 0 0 1 0 0 0 0 0 0 0 0 0 0 0 0 0 0 0 0 0 1 1 2 2 4 4 11 14 13 14 15 22 19 18 27 23 21 28 30 32 44 39 36 51 55 57 54 31 27 28 43 39 31 39 23 10 13 13 4 4 4 6 5 15 14 7 13 25 18 19 13 15 16 40 51 45 29 13 66 72 48 71 68
1 1 1 0 1 1 4 2 1 1 0 0 0 0 0 0 1 1 0 0 0 0 0 0 0 0 0 0 0 0 0 0 1 0 0 0 3 4 2 2 6 12 11 8 16 14 20 24 29 27 33 21 23 36 45 47 48 54 64 58 38 35 45 43 52 56 59 50 29 28 10 5 3 7 8 17 38 28 19 17 13 10 7 9 8 12 18 29 52 50 23 76 36 24 60 76
1 1 1 2 1 3 1 1 1 2 0 1 0 0 1 1 3 1 0 0 1 0 0 0 0 0 0 0 0 0 0 0 0 0 0 1 2 4 5 5 9 10 17 13 19 19 22 23 27 16 41 31 27 24 38 42 64 65 67 52 26 47 41 55 56 72 66 62 53 33 25 25 26 31 34 47 56 44 28 29 43 50 31 17 20 13 5 11 23 59 41 71 28 28 69 88
1 2 1 1 2 1 6 5 1 1 1 3 2 0 1 5 5 1 0 1 0 1 0 0 0 0 0 0 0 0 0 0 0 0 0 0 1 2 3 5 8 6 8 11 14 17 19 31 24 19 28 38 22 24 39 48 61 55 44 37 36 44 53 53 55 75 71 62 54 31 45 46 45 50 48 49 61 47 46 47 48 48 33 47 48 28 25 8 11 34 30 33 32 20 45 68
2 3 2 1 5 8 7 5 14 4 2 1 0 3 5 3 2 1 1 4 0 2 0 0 0 0 0 0 0 0 0 0 0 0 0 1 1 2 2 4 8 7 3 8 10 10 18 24 19 11 10 27 26 18 28 46 51 40 27 21 24 50 46 49 69 70 61 57 33 28 43 43 45 58 51 63 62 65 47 50 61 53 55 67 59 55 36 11 7 26 22 36 26 11 29 49
2 1 2 1 1 8 4 2 4 9 10 4 1 2 8 4 0 0 2 4 0 4 0 0 0 0 0 0 0 1 0 0 0 0 0 0 0 0 1 1 4 3 5 6 7 4 16 6 14 6 19 13 14 10 24 43 28 28 16 26 26 37 32 50 66 61 57 58 30 47 57 58 39 56 65 59 61 54 46 56 64 61 57 69 44 36 19 16 9 6 9 21 21 7 20 15
2 2 1 3 1 2 13 18 20 9 2 2 1 3 3 6 1 2 11 3 1 4 0 0 0 0 0 0 1 0 0 1 0 0 0 0 0 0 0 1 2 2 2 4 2 3 4 4 2 2 19 4 8 5 23 11 11 19 10 14 15 22 35 53 40 56 48 37 29 45 56 56 35 59 51 62 66 53 45 54 71 59 65 47 31 40 35 44 35 12 3 3 12 10 8 10
5 2 3 3 4 4 8 16 14 13 16 4 10 1 1 0 4 24 15 3 4 3 1 1 1 0 0 0 0 1 0 0 0 0 0 0 0 0 0 1 0 1 2 2 1 1 1 1 2 3 2 1 3 9 3 7 6 5 7 7 7 15 37 32 38 32 24 28 42 53 49 51 42 54 32 43 50 28 40 50 71 42 31 36 47 56 71 55 44 21 13 4 2 5 6 4
4 4 4 4 17 9 22 50 14 12 9 11 13 16 1 0 1 2 1 0 2 6 1 0 0 1 0 0 0 0 0 0 0 0 0 0 0 0 0 0 0 0 1 0 0 0 0 1 0 0 1 1 2 4 2 3 2 3 7 7 5 24 22 24 26 35 25 23 29 45 39 29 32 48 28 14 54 29 35 61 37 42 40 46 76 82 68 50 47 36 18 15 10 2 4 4
