sesion_6_simulaciones/modelos_agentes/ejemplos_netlogo/scenarios/echam4_b2/rob_2057.asc
NCOLS 322 
NROWS 307 
XLLCORNER 451900 
YLLCORNER 4086900 
CELLSIZE 100 
NODATA_value -9999 
[rows 74 to 147 of 307, columns 0 to 95 of 322]
0 0 0 0 0 0 0 0 0 0 0 0 0 0 0 0 0 0 0 0 0 0 0 0 0 0 0 0 0 0 0 0 0 0 0 0 0 0 0 0 0 0 0 0 0 0 0 0 0 0 0 0 0 0 0 0 0 0 0 0 0 0 0 1 0 0 0 1 1 1 2 2 1 1 4 14 7 7 10 30 32 4 5 5 7 3 1 1 2 3 2 3 1 1 3 3
0 0 0 0 0 0 0 0 0 0 0 0 0 0 0 0 0 0 0 0 0 0 0 0 0 0 0 0 0 0 0 0 0 0 0 0 0 0 1 1 0 0 0 0 0 0 0 0 0 0 0 0 0 0 0 0 0 0 0 0 0 0 1 1 0 1 1 1 1 0 1 2 2 1 4 26 8 3 3 23 18 8 5 2 1 4 4 2 2 2 3 5 4 3 2 13
0 0 0 0 0 0 0 0 0 0 0 0 0 0 0 0 0 0 0 0 0 0 0 0 0 0 0 0 0 0 0 0 0 0 0 0 0 0 0 0 0 1 0 0 0 0 0 0 0 0 0 0 0 0 0 0 0 0 0 0 0 0 0 1 1 1 1 1 2 1 2 1 1 1 3 27 42 9 4 3 16 11 4 1 1 11 12 10 8 2 1 1 5 7 6 12
0 0 0 0 0 0 0 0 0 0 0 0 0 0 0 0 0 0 0 0 0 0 0 0 0 0 0 0 0 0 0 0 0 0 0 0 0 0 0 0 1 0 0 0 0 0 0 0 0 0 0 0 0 0 0 0 0 0 0 0 0 0 0 1 0 1 1 1 2 3 3 4 4 4 2 5 20 14 8 3 19 25 4 1 6 21 4 20 17 8 2 7 15 14 11 7
0 0 0 0 0 0 0 0 0 0 0 0 0 0 0 0 0 0 0 0 0 0 0 0 0 0 0 0 0 0 0 0 0 0 0 0 0 0 0 0 0 1 0 0 1 1 1 0 1 0 0 0 0 0 0 0 0 0 0 0 0 0 0 0 0 1 1 2 2 2 3 6 4 6 3 1 1 5 6 3 6 7 3 3 11 5 3 2 2 9 7 8 6 11 14 13
0 0 0 0 0 0 0 0 0 0 0 0 0 0 0 0 0 0 0 0 0 0 0 0 0 0 0 0 0 0 0 0 0 0 0 0 0 0 0 0 0 1 1 0 0 1 2 3 4 4 2 1 0 0 0 0 0 0 0 0 0 0 0 0 0 0 0 0 0 2 3 3 4 7 5 4 2 5 2 1 3 5 3 5 8 3 8 6 3 8 11 26 44 35 25 27
0 0 0 0 0 0 0 0 0 0 0 0 0 0 0 0 0 0 0 0 0 0 0 0 0 0 0 0 0 0 0 0 0 0 0 1 0 0 0 1 1 1 2 1 0 0 1 3 13 22 31 24 12 2 1 0 0 0 0 0 0 0 0 0 0 0 0 0 0 1 3 2 4 7 7 4 3 2 1 0 1 5 5 6 6 8 3 3 4 10 47 49 48 22 26 50
0 0 0 0 0 0 0 0 0 0 0 0 0 0 0 0 0 0 0 0 0 0 0 0 0 0 0 0 0 0 0 0 0 0 0 1 1 0 0 1 2 5 3 4 3 1 1 0 0 1 6 7 12 15 6 1 0 0 0 0 0 0 0 0 0 0 0 0 0 1 1 3 4 6 8 5 1 0 1 0 1 3 3 9 3 7 11 13 8 8 7 5 19 12 17 35
0 0 0 0 0 0 0 0 0 0 0 0 0 0 0 0 0 0 0 0 0 0 0 0 0 0 0 0 0 0 0 0 0 0 0 0 0 0 0 0 1 1 2 4 2 2 2 2 0 0 0 0 1 5 3 8 2 1 0 1 2 1 0 0 0 0 0 0 0 0 1 2 4 4 3 4 2 2 1 3 1 1 4 16 4 14 15 15 16 20 13 6 6 18 53 74
0 0 0 0 0 0 0 0 0 0 0 0 0 0 0 0 0 0 0 0 0 0 0 0 0 0 0 0 0 0 0 0 0 0 0 0 0 0 0 1 1 3 1 1 1 1 1 1 0 0 0 0 1 1 1 2 3 1 4 6 2 0 0 0 0 0 0 0 0 0 3 3 4 3 3 4 5 8 4 2 4 3 14 18 11 34 42 68 38 33 36 33 8 8 13 17
0 0 0 0 0 0 0 0 0 0 0 0 0 0 0 0 0 0 0 0 0 0 0 0 0 0 0 0 0 0 0 0 0 0 0 0 0 0 0 0 1 2 3 3 0 0 0 0 0 0 0 1 5 2 2 1 1 2 12 3 1 0 0 0 0 0 0 0 1 2 1 2 2 2 2 3 4 4 7 2 3 3 6 7 13 51 12 30 42 59 31 36 39 25 20 17
0 0 0 0 0 0 0 0 0 0 0 0 0 0 0 0 0 0 0 0 0 0 0 0 0 0 0 0 0 0 0 0 0 0 0 0 0 1 0 0 1 1 3 4 2 2 3 3 2 3 2 3 4 2 2 1 1 2 4 1 1 1 1 0 0 0 0 1 1 1 1 2 7 2 1 5 3 4 5 3 4 2 3 10 2 27 19 51 52 71 81 81 58 37 28 29
0 0 0 0 0 0 0 0 0 0 0 0 0 0 0 0 0 0 0 0 0 0 0 0 0 0 0 0 0 0 0 0 0 0 0 0 0 0 0 0 1 1 2 2 1 2 2 1 1 2 2 1 1 1 1 1 2 1 1 2 2 1 0 0 0 0 0 0 0 0 1 1 1 0 5 4 3 3 12 7 9 4 2 5 17 31 29 26 64 56 51 56 69 31 33 34
0 0 0 0 0 0 0 0 0 0 0 0 0 0 0 0 0 0 0 0 0 0 0 0 0 0 0 0 0 0 0 0 0 0 0 0 0 0 0 0 0 0 0 0 0 1 1 0 1 1 1 1 1 1 1 1 1 1 1 1 1 0 0 0 0 0 0 1 1 1 1 1 1 1 1 1 5 12 4 7 7 5 5 4 7 10 24 45 54 64 13 37 54 55 32 34
0 0 0 0 0 0 0 0 0 0 0 0 0 0 0 0 0 0 0 0 0 0 0 0 0 0 0 0 0 0 0 0 0 0 0 0 0 0 0 0 0 0 0 1 1 1 1 0 1 1 0 0 0 1 1 0 1 0 1 1 0 0 0 0 0 0 0 0 2 0 1 1 1 1 2 2 2 4 3 3 2 4 10 9 6 9 9 9 24 21 13 41 21 59 49 44
0 0 0 0 0 0 0 0 0 0 0 0 0 0 0 0 0 0 0 0 0 0 0 0 0 0 0 0 0 0 0 0 0 0 0 0 0 0 0 0 0 0 0 0 0 0 0 0 0 1 0 0 0 1 1 0 0 0 1 0 0 0 0 0 0 0 0 0 3 1 1 1 0 1 1 3 4 9 9 12 19 11 6 4 15 22 21 22 10 8 20 38 44 20 45 41
0 0 0 0 0 0 0 0 0 0 0 0 0 0 0 0 0 0 0 0 0 0 0 0 0 0 1 1 0 0 0 0 0 0 0 0 0 0 0 0 0 0 0 0 0 0 0 0 0 0 0 0 0 1 0 0 1 0 0 0 0 0 0 0 0 0 0 0 0 6 4 1 1 3 3 4 18 16 4 8 25 17 24 23 21 26 27 29 26 14 7 35 34 19 15 6
0 0 0 0 0 0 0 0 0 0 0 0 0 0 0 0 0 0 0 0 0 0 0 0 0 0 0 2 2 0 0 0 0 1 0 1 0 0 0 0 0 0 0 0 0 0 0 0 0 0 1 1 3 2 3 0 0 0 0 0 0 0 0 0 0 0 0 0 0 0 3 1 14 41 21 10 4 4 32 11 2 15 27 21 19 25 32 36 34 16 12 13 9 5 9 28
0 0 0 0 0 0 0 0 0 0 0 0 0 0 0 0 0 0 0 0 0 0 0 0 0 1 0 1 6 1 0 0 0 0 0 0 0 1 1 0 0 0 0 1 0 0 0 0 0 2 5 2 1 1 2 4 1 0 0 0 0 0 0 0 0 0 0 0 1 0 1 1 1 1 1 17 6 6 4 11 23 7 10 36 26 31 39 39 47 49 31 7 14 31 19 31
0 0 0 0 0 0 0 0 0 0 0 0 0 0 0 0 0 0 0 0 0 0 0 0 0 0 0 0 1 1 2 0 0 0 0 0 0 1 0 0 0 0 0 1 1 1 1 1 2 2 7 8 1 5 3 6 1 2 1 1 0 0 0 0 0 0 0 0 0 0 0 0 1 1 1 2 3 5 5 6 13 32 15 20 29 36 28 45 32 17 29 33 38 10 8 14
0 0 0 0 0 0 0 0 0 0 0 0 0 0 0 0 0 0 0 0 0 0 0 0 0 0 0 0 0 1 5 1 0 0 0 0 0 0 2 0 1 0 0 2 2 3 2 6 4 19 16 12 8 32 17 15 7 6 3 1 1 0 0 0 0 0 0 1 1 1 0 2 2 2 2 1 2 6 9 9 5 6 30 31 29 18 37 20 17 37 36 25 38 37 28 18
0 0 0 0 0 0 0 0 0 0 0 0 0 0 0 0 0 0 0 0 0 0 0 0 0 0 0 0 0 0 2 3 1 0 0 0 0 0 2 0 1 0 0 2 2 2 13 15 17 35 30 14 14 17 18 11 7 10 1 0 1 0 0 0 0 0 0 1 1 1 3 1 0 1 1 2 14 17 19 15 13 10 13 22 17 10 26 24 23 29 43 34 21 17 26 23
0 0 0 0 0 0 0 0 0 0 0 0 0 0 0 0 0 0 0 0 0 0 0 0 0 0 1 0 0 0 1 5 0 0 0 0 0 1 2 2 3 2 0 1 5 17 42 33 28 45 21 3 6 2 3 10 18 9 1 4 2 2 0 0 0 0 0 0 0 1 1 1 2 1 1 6 6 4 15 23 27 13 8 10 8 11 23 39 33 32 31 39 18 21 21 34
0 0 0 0 0 0 0 0 0 0 0 0 0 0 0 0 0 0 0 0 0 0 0 1 1 1 1 1 1 0 2 6 0 0 1 1 0 1 0 2 5 13 1 3 11 28 58 45 11 24 3 4 2 1 0 1 15 25 18 8 2 5 0 0 1 1 0 0 0 0 0 2 1 3 6 1 4 16 10 23 18 24 29 11 19 21 29 30 39 23 39 37 25 31 29 42
0 0 0 0 0 0 0 0 0 0 0 0 0 0 0 0 0 0 0 0 0 0 0 1 1 1 1 3 2 2 2 4 1 1 1 0 0 1 0 1 2 9 5 11 18 25 62 77 62 31 8 2 0 0 0 0 1 1 40 19 9 1 0 1 0 1 1 0 0 0 1 1 2 2 2 2 2 2 7 11 23 33 27 14 18 30 24 20 38 14 58 23 24 27 21 27
0 0 0 0 0 0 0 0 0 0 0 0 0 0 0 0 0 0 0 0 1 0 1 2 3 6 6 5 5 7 1 3 5 2 1 1 0 1 0 0 0 7 1 3 5 12 68 77 66 16 8 6 3 2 1 1 0 1 1 2 1 0 1 1 1 0 0 0 0 0 0 1 1 1 1 1 1 4 6 12 18 24 16 16 12 18 24 9 26 20 58 32 28 14 23 34
0 0 0 0 0 0 0 0 0 0 0 0 0 0 0 0 1 0 0 0 0 0 0 0 1 2 4 2 8 9 4 19 22 7 2 4 1 1 1 0 2 7 6 3 5 10 6 22 44 4 9 10 5 3 4 2 1 3 1 3 1 0 1 1 1 0 0 0 0 0 0 0 1 1 2 1 3 5 5 8 10 16 16 13 13 11 16 13 35 41 9 24 29 28 33 22
0 0 0 0 0 0 0 0 0 0 0 0 0 0 0 0 0 1 0 0 0 1 1 1 3 5 5 2 1 1 3 20 20 6 8 9 14 9 1 1 5 4 23 9 11 13 17 4 3 6 18 12 6 4 2 3 3 2 1 1 1 1 1 1 1 0 0 0 0 0 0 0 0 1 1 2 2 4 4 6 7 6 7 12 13 9 9 11 25 4 8 20 16 6 4 11
0 0 0 0 0 0 0 0 0 0 0 0 0 0 0 0 0 0 0 1 1 2 2 5 7 18 8 9 5 2 2 1 19 27 22 6 33 16 4 9 13 2 26 9 58 47 13 5 5 3 11 14 7 4 4 1 3 2 1 1 1 2 4 5 1 0 0 0 0 0 0 0 0 0 0 1 2 2 2 3 4 4 5 10 4 13 10 25 11 5 13 15 17 11 10 18
0 0 0 0 0 0 0 0 0 0 0 0 0 0 0 0 0 0 0 1 2 2 10 10 13 11 27 13 5 5 4 3 2 13 27 4 4 2 21 9 7 2 31 11 6 3 8 6 10 6 9 15 15 8 3 1 1 1 0 0 1 1 2 2 0 0 0 0 0 0 0 0 0 0 1 0 1 2 2 3 2 6 2 1 3 15 5 25 9 2 5 7 9 8 15 19
0 0 0 0 0 0 0 0 0 0 0 0 0 0 0 0 0 0 0 0 1 2 16 25 10 7 9 12 13 13 9 9 4 1 2 6 2 3 23 4 3 5 18 5 5 3 10 7 8 6 3 10 11 8 3 1 1 1 0 0 0 0 0 0 0 0 0 0 0 0 0 0 0 0 0 0 2 1 1 1 7 2 2 4 4 7 7 7 8 1 2 6 7 14 16 32
0 0 0 0 0 0 0 0 0 0 0 0 0 0 0 0 0 1 2 2 2 3 6 4 2 1 5 13 15 12 21 21 5 2 1 1 3 12 7 6 1 16 32 8 7 7 8 11 14 3 4 6 6 4 2 1 1 0 0 0 0 0 0 1 1 0 0 0 0 0 0 0 0 1 0 0 1 1 1 3 1 1 2 1 4 1 5 9 15 6 5 6 10 11 7 28
0 0 0 0 0 0 0 0 0 0 0 0 0 0 0 0 0 1 1 1 2 7 5 3 4 5 2 5 9 7 8 5 3 4 4 4 9 7 11 5 5 11 24 20 12 8 3 4 7 2 2 8 9 10 7 2 1 0 1 1 1 0 0 0 0 0 1 1 1 0 0 3 2 1 0 0 0 0 1 2 1 1 1 1 2 2 4 8 6 11 7 12 10 19 15 21
0 0 0 0 0 0 0 0 0 0 0 0 0 0 0 1 0 0 1 3 5 6 10 6 4 6 6 5 9 11 5 4 5 8 9 10 3 4 6 6 6 2 3 11 12 5 1 2 3 3 4 5 4 3 2 1 1 1 3 3 1 1 0 0 1 0 2 20 10 2 1 1 2 4 1 0 0 1 1 1 0 1 0 1 2 3 1 2 3 5 10 9 27 15 7 10
0 0 0 0 0 0 0 0 0 0 0 0 0 0 1 1 2 3 2 3 4 3 8 5 3 3 2 2 2 3 6 6 9 9 4 10 8 8 6 4 2 4 8 1 11 8 6 5 4 2 2 2 2 7 4 2 2 0 0 1 1 0 1 1 1 2 1 11 31 12 1 1 1 1 2 2 0 1 0 1 1 2 1 6 2 2 2 5 3 4 9 14 8 8 8 5
0 0 0 0 0 0 0 0 0 0 0 0 0 0 0 0 0 0 1 2 4 4 9 15 8 5 8 6 3 2 4 1 2 4 4 8 8 6 8 3 1 6 3 3 12 6 6 4 6 3 3 2 2 5 9 1 1 1 1 1 1 2 2 4 4 2 4 3 23 10 6 1 1 1 1 2 2 2 1 2 1 1 1 4 2 3 3 2 2 14 7 3 9 8 11 11
0 0 0 0 0 0 0 0 0 0 0 0 0 0 0 0 0 0 0 3 4 8 15 20 24 8 5 2 1 2 2 1 0 1 3 2 5 6 6 5 5 5 2 8 1 1 2 3 4 5 7 8 3 5 3 2 1 2 2 0 1 2 1 2 25 3 5 3 2 31 23 3 3 1 4 8 7 12 5 3 2 1 1 2 7 2 9 6 5 9 8 3 9 12 17 9
0 0 0 0 0 0 0 0 0 0 0 0 0 0 0 0 0 1 1 4 19 9 5 8 15 8 6 6 2 0 2 2 3 2 1 2 7 7 1 4 10 9 8 7 2 1 2 8 8 12 7 22 10 8 4 2 1 1 0 2 1 1 1 2 2 8 4 4 2 8 17 28 13 2 1 5 2 14 1 1 4 15 1 2 1 3 5 21 35 18 33 7 10 9 12 13
0 0 0 0 0 0 0 0 0 0 0 0 0 0 0 0 1 1 1 1 1 8 14 8 8 8 11 17 9 3 3 6 4 4 5 2 2 5 4 5 5 8 7 6 5 4 11 15 10 10 13 8 13 7 3 4 6 8 3 0 1 1 1 5 2 6 12 4 3 3 17 19 15 7 2 3 0 6 2 1 0 5 3 2 2 10 3 4 2 2 15 6 7 36 12 21
0 0 0 0 0 0 0 0 0 0 0 0 0 0 0 0 0 1 2 2 2 1 9 28 15 13 12 16 17 5 5 8 3 4 8 12 4 3 2 5 8 6 3 16 7 9 9 34 35 17 32 9 12 26 43 37 12 3 2 1 1 6 3 1 7 2 10 10 5 2 22 16 10 16 2 3 1 6 10 2 1 11 1 2 2 1 6 4 1 3 43 10 3 22 46 40
0 0 0 0 0 0 0 0 0 0 0 0 0 0 0 0 0 1 1 3 4 4 2 7 13 12 4 5 12 5 3 4 2 2 3 7 6 4 3 7 5 2 2 2 11 13 13 28 18 11 9 21 9 5 6 4 3 1 2 2 1 4 8 3 3 9 1 22 11 3 14 27 12 18 4 3 1 9 2 2 1 30 4 2 4 4 2 4 3 8 33 48 6 9 45 44
0 0 0 0 0 0 0 0 0 0 0 0 0 0 0 0 0 0 1 4 7 5 4 2 1 1 3 2 1 1 3 0 1 2 4 3 5 7 6 4 9 7 8 6 10 15 13 14 8 8 14 16 11 17 7 9 6 4 1 3 1 2 5 6 3 25 9 14 39 8 6 13 29 8 18 4 2 11 5 13 9 24 47 8 6 5 2 9 7 3 16 62 16 4 8 50
0 0 0 0 0 0 0 0 0 0 0 0 0 0 0 0 0 0 1 2 6 5 3 5 2 3 3 1 0 0 2 1 1 2 2 3 6 6 4 11 21 12 9 8 4 8 11 9 8 23 12 24 12 10 7 11 8 5 3 4 4 6 3 9 5 25 18 8 39 24 3 15 23 12 41 8 10 6 8 6 18 13 57 20 3 8 8 24 7 4 5 35 21 8 19 19
0 0 0 0 0 0 0 0 0 0 0 0 0 0 0 0 0 0 1 2 3 5 4 4 7 5 6 4 1 0 0 0 0 1 2 1 5 7 4 5 16 11 7 4 7 5 6 6 5 21 36 36 34 16 6 7 22 6 9 9 12 18 5 2 4 5 17 8 18 31 11 10 9 43 25 19 29 9 14 39 27 10 27 49 10 10 6 6 6 8 9 39 21 26 12 5
0 0 0 0 0 0 0 0 0 0 0 0 0 0 0 0 0 0 2 3 3 12 6 8 4 4 6 7 5 0 0 0 3 2 7 7 6 11 11 10 12 9 6 4 5 4 5 7 6 7 7 12 6 9 18 30 28 5 47 26 4 19 8 11 15 5 4 3 13 27 12 25 11 28 5 22 52 30 16 36 53 41 30 64 10 14 15 6 7 3 14 24 27 9 6 9
0 0 0 0 0 0 0 0 0 0 0 0 0 0 0 0 0 0 0 0 1 1 1 2 6 12 5 6 9 2 1 4 5 5 2 2 5 5 4 17 14 4 7 11 10 8 14 14 7 14 16 8 16 30 25 37 18 23 22 24 6 16 24 10 19 33 34 21 10 43 47 62 53 24 20 25 42 49 34 40 46 53 33 62 55 26 4 4 6 12 19 26 40 13 7 4
0 0 0 0 0 0 0 0 0 0 0 0 0 0 0 0 0 0 1 1 1 2 2 4 10 5 6 8 9 9 3 27 6 2 4 3 12 11 11 15 33 13 16 13 14 14 8 10 7 9 12 6 4 24 10 15 39 40 22 22 27 42 50 33 7 39 45 53 39 27 41 59 14 27 25 27 43 32 63 68 54 38 34 73 60 23 23 5 9 26 14 35 27 26 19 14
0 0 0 0 0 0 0 0 0 0 0 0 0 0 0 0 0 0 0 2 1 2 2 3 3 4 7 7 8 6 7 25 6 6 6 5 7 8 8 16 23 9 11 13 10 14 4 5 10 4 5 7 4 3 2 3 19 35 47 47 42 34 42 66 30 25 56 59 49 29 13 24 32 21 25 36 49 73 54 37 34 29 80 68 66 26 14 15 10 16 20 38 10 6 8 30
0 0 0 0 0 0 0 0 0 0 0 0 0 0 0 0 0 0 0 1 1 3 1 1 2 4 5 2 8 6 11 10 8 13 6 3 4 7 20 19 7 7 9 18 15 11 4 4 3 9 5 4 10 7 3 2 6 8 8 23 17 15 37 62 55 34 18 8 13 19 14 15 15 18 20 20 56 48 39 25 9 28 83 67 69 51 19 22 6 21 24 47 46 34 14 7
0 0 0 0 0 0 0 0 0 0 0 0 0 0 0 0 0 0 0 1 1 1 0 2 1 0 3 1 7 9 8 10 15 9 8 11 12 9 18 12 7 12 5 7 12 3 3 3 2 4 3 2 6 3 7 4 4 6 8 3 11 21 19 33 34 14 13 19 16 28 15 10 12 15 15 7 27 21 28 15 15 10 42 25 42 67 24 37 9 31 45 36 30 28 30 10
0 0 0 0 0 0 0 0 0 0 0 0 0 0 0 0 0 0 0 0 1 0 1 1 1 1 1 1 6 3 5 7 14 5 10 12 11 6 8 6 5 7 4 4 8 2 3 2 2 10 4 3 7 7 7 5 10 10 16 9 6 9 4 9 3 3 9 18 20 23 21 11 9 5 5 6 12 13 15 14 19 16 20 15 28 35 10 29 8 26 48 45 26 15 71 52
0 0 0 0 0 0 0 0 0 0 0 0 0 0 0 0 0 0 0 0 1 0 0 1 1 1 4 2 5 3 8 15 5 8 9 13 7 4 11 3 6 6 2 2 4 5 2 3 1 5 3 3 4 10 3 6 6 11 8 12 12 18 10 7 7 4 14 11 15 11 6 4 19 8 5 3 5 13 10 9 10 10 12 24 26 22 16 25 11 62 66 65 64 20 6 16
0 0 0 0 0 0 0 0 0 0 0 0 0 0 0 0 0 0 0 0 0 0 0 1 1 1 4 1 2 1 3 4 6 19 6 5 5 1 5 2 3 2 3 2 2 1 1 2 3 4 3 3 3 5 4 7 11 6 9 7 17 9 6 13 3 8 11 21 11 6 10 26 18 14 14 17 5 3 10 9 10 16 10 32 17 13 40 13 24 64 59 58 75 36 39 11
0 0 0 0 0 0 0 0 0 0 0 0 0 0 0 0 0 0 0 0 0 0 0 1 0 1 1 2 2 1 3 10 5 6 10 4 2 3 3 1 2 2 1 1 1 1 1 1 1 0 1 1 2 4 6 8 13 7 4 11 7 9 9 7 27 7 12 15 18 36 26 18 9 10 15 19 19 22 24 26 37 44 19 19 17 30 53 33 45 59 28 48 80 61 62 40
0 0 0 0 0 0 0 0 0 0 0 0 0 0 0 0 0 0 0 0 0 0 0 0 0 0 0 2 1 2 3 5 2 3 6 2 2 2 2 1 1 1 1 1 2 2 1 3 8 5 6 3 8 12 11 5 6 8 7 5 8 9 19 12 23 14 15 16 31 7 4 6 9 4 3 5 22 18 31 41 51 50 41 19 15 37 65 31 33 16 23 56 90 53 69 59
0 0 0 0 0 0 0 0 0 0 0 0 0 0 0 0 0 0 0 0 1 1 0 0 1 0 0 1 2 2 2 1 1 2 3 2 1 1 1 1 1 7 2 1 3 3 3 2 14 24 41 15 24 41 24 7 13 5 3 3 3 5 14 7 9 14 13 20 6 6 8 13 27 17 18 15 7 27 47 67 63 25 17 25 15 45 63 40 35 28 30 82 84 48 60 89
0 0 0 0 0 0 0 0 0 0 0 0 0 0 0 0 0 0 0 0 1 3 2 0 0 1 2 1 1 1 4 1 1 1 1 1 0 0 1 1 3 1 3 9 3 8 7 6 8 45 43 51 13 34 29 24 13 21 9 6 5 7 2 8 14 17 21 6 9 9 16 30 21 29 49 28 18 50 70 74 40 25 19 36 24 49 27 22 40 41 62 88 69 83 64 91
0 0 0 0 0 0 0 0 0 0 0 0 0 0 0 0 0 0 0 1 0 3 3 6 8 9 5 4 2 1 2 1 1 1 2 3 4 8 9 7 9 13 6 23 6 13 26 30 7 5 4 47 46 15 42 17 10 44 32 18 4 5 7 10 14 16 11 14 16 24 22 12 21 23 28 28 59 59 50 52 29 21 19 26 24 39 25 26 29 29 45 82 61 80 39 72
0 0 0 0 0 0 0 0 0 0 0 0 0 0 0 0 0 0 1 3 1 0 4 20 5 16 8 14 11 16 11 14 11 17 6 10 2 15 25 8 19 37 11 30 39 13 35 13 55 23 9 68 46 43 47 39 68 66 18 31 8 2 5 6 6 11 9 6 6 11 12 16 12 24 32 58 74 68 26 13 31 18 15 22 13 22 23 37 37 60 72 84 58 62 56 51
0 0 1 0 1 1 0 0 0 0 0 0 0 0 0 0 0 0 0 2 1 0 0 2 2 2 5 12 15 12 11 11 28 23 9 19 23 19 22 33 14 49 48 17 38 30 52 19 51 75 37 43 48 36 24 70 56 51 33 39 28 6 5 4 12 10 12 17 20 22 28 19 32 30 60 67 57 38 33 14 4 11 12 19 21 12 22 35 37 52 76 77 35 43 46 48
0 0 0 1 1 1 0 1 0 0 0 0 0 0 0 0 0 0 0 0 0 0 1 1 1 2 8 5 6 14 15 26 15 17 18 35 31 30 39 43 34 52 44 41 47 46 54 61 13 56 42 20 71 18 39 72 51 14 51 12 13 47 4 4 9 10 18 24 24 21 22 30 49 78 78 71 57 37 9 12 12 7 4 4 13 7 23 22 30 45 64 54 42 26 55 64
0 0 0 0 0 0 0 0 1 0 0 0 0 0 0 0 0 0 0 1 1 1 1 1 1 2 1 1 1 2 2 2 2 3 2 2 3 2 4 4 4 7 7 9 8 7 12 61 43 34 72 23 55 51 54 58 15 11 14 14 38 33 15 7 14 19 23 16 18 44 62 68 77 77 72 68 51 18 6 7 6 7 5 3 9 5 13 9 15 21 38 40 36 20 34 43
0 0 1 0 0 0 0 0 0 0 0 0 0 0 0 0 0 0 0 0 0 1 1 1 2 2 1 1 3 3 2 2 5 5 3 4 3 4 5 8 8 10 14 9 11 8 15 6 8 11 40 41 56 66 58 25 24 31 22 28 40 23 13 13 20 18 28 44 63 66 72 57 42 46 34 34 10 12 11 12 11 10 5 6 4 2 2 2 5 8 17 19 24 16 14 19
2 3 1 0 0 0 0 0 0 0 0 0 0 0 0 0 0 0 0 1 0 0 0 0 1 1 0 2 1 1 2 2 1 1 1 2 2 2 3 3 5 8 8 4 4 8 7 15 11 14 9 14 16 22 27 26 32 26 24 27 10 9 10 17 20 15 15 14 34 62 69 65 47 38 20 18 25 24 38 35 23 15 4 7 9 10 11 7 5 2 2 4 10 24 21 16
1 0 0 0 0 0 0 0 0 0 0 0 0 0 0 0 0 0 0 0 0 1 1 1 0 1 1 1 2 2 1 0 1 1 1 2 2 2 3 4 3 3 4 2 2 2 4 5 8 15 22 42 31 28 27 23 22 20 18 7 6 10 9 22 16 9 14 15 20 28 25 42 50 25 17 28 34 34 14 11 6 8 8 14 28 29 28 15 15 11 6 5 3 3 6 6
0 0 0 0 0 0 0 0 0 0 0 0 0 0 0 0 0 0 0 0 0 1 1 1 1 0 1 2 2 0 1 1 1 4 2 1 1 2 3 3 3 3 9 7 6 5 5 9 13 11 19 26 22 18 22 17 18 12 11 11 2 10 10 13 25 26 26 35 26 25 15 18 10 18 24 34 56 39 21 14 13 18 19 35 29 28 30 33 35 19 25 14 10 8 4 3
1 0 0 0 0 0 0 0 0 0 0 0 0 0 0 0 0 0 0 0 0 0 1 1 1 0 1 2 1 0 0 0 2 1 3 2 3 3 3 4 2 4 5 6 5 10 11 9 9 8 15 10 29 16 31 24 14 11 7 5 6 9 11 8 44 52 23 39 36 34 23 26 15 26 38 47 28 13 21 24 22 34 24 37 46 39 48 37 37 36 32 33 28 22 10 21
0 0 0 0 0 0 0 0 0 0 0 0 0 0 0 0 0 0 0 0 0 0 0 0 1 1 2 7 2 1 1 1 1 3 2 3 3 4 2 3 4 6 6 6 6 10 10 6 20 8 14 16 17 12 22 11 21 5 11 4 16 28 10 38 67 37 37 23 21 27 20 12 17 26 36 34 17 24 24 30 38 35 40 54 53 48 46 36 52 56 39 59 39 29 25 27
0 0 0 0 0 1 1 0 1 1 0 0 0 0 0 0 0 0 0 0 0 0 0 1 0 3 3 1 0 0 1 1 1 2 5 2 2 3 5 5 3 4 3 4 4 4 11 10 10 11 15 12 14 11 15 10 17 12 7 3 7 22 41 57 47 49 27 27 28 16 14 16 24 10 36 16 26 25 42 42 52 39 45 55 56 43 57 54 54 41 44 54 40 36 47 53
0 0 0 0 0 1 1 1 2 1 0 0 1 0 0 0 0 0 0 0 0 0 0 1 1 0 0 0 1 1 1 0 1 1 2 2 2 4 2 3 1 4 1 1 2 3 5 14 10 9 7 20 5 10 17 13 7 6 12 8 2 12 15 22 36 58 44 60 41 11 26 19 30 23 67 29 27 26 36 33 47 35 40 57 39 36 53 66 58 56 42 46 43 58 56 44
0 0 0 0 0 0 0 0 1 1 1 2 1 0 0 0 0 0 0 0 0 0 0 0 0 0 1 1 0 1 0 0 0 0 0 1 1 1 1 3 5 1 2 3 1 2 3 3 7 9 9 9 6 3 15 2 7 18 9 9 3 5 9 9 9 10 33 24 14 30 53 26 29 24 62 22 31 30 44 48 68 57 72 72 64 56 60 62 79 75 48 43 44 45 73 55
0 0 0 0 0 0 0 0 0 0 0 1 1 0 0 0 0 0 0 0 0 0 0 0 0 0 0 0 0 0 0 0 0 0 0 0 0 0 0 1 3 6 3 1 8 5 6 3 6 4 2 8 3 8 7 9 11 7 10 9 5 17 26 19 15 11 13 26 34 28 38 38 22 32 47 40 48 41 56 75 61 56 78 77 78 77 76 74 78 70 56 49 68 72 73 60
0 0 0 0 0 0 0 0 0 0 1 1 0 2 1 1 1 1 0 0 0 0 0 0 0 0 0 0 0 0 0 0 0 0 0 0 0 0 1 1 1 2 3 4 0 3 4 5 7 4 3 9 10 6 2 3 5 15 11 12 8 28 21 17 8 21 21 27 47 39 30 54 33 52 40 63 70 64 74 63 33 59 75 62 42 45 68 39 70 80 66 67 66 68 65 81
0 1 1 0 1 0 0 0 0 0 1 2 1 8 2 2 5 2 1 1 0 0 0 0 0 0 0 0 0 0 0 0 0 0 0 0 0 0 0 0 0 1 2 6 5 2 4 3 5 5 6 4 4 20 35 12 11 9 8 12 21 18 26 12 16 25 36 18 31 41 24 37 46 44 71 44 62 57 72 59 20 31 47 60 35 9 15 34 76 74 75 80 45 52 42 76
