sesion_6_simulaciones/modelos_agentes/ejemplos_netlogo/scenarios/echam4_b2/rob_2028.asc
NCOLS 322 
NROWS 307 
XLLCORNER 451900 
YLLCORNER 4086900 
CELLSIZE 100 
NODATA_value -9999 
[rows 0 to 72 of 307, columns 192 to 287 of 322]
43 40 24 15 37 61 36 19 18 23 28 12 9 7 10 8 5 5 9 8 7 6 4 6 9 15 8 16 17 41 14 4 4 1 1 1 2 2 2 6 7 3 3 13 20 22 18 30 46 51 34 37 42 49 45 56 45 82 48 40 9 11 15 41 49 34 49 47 23 36 19 10 15 18 38 21 17 35 54 25 14 16 16 20 19 14 32 27 25 29 10 22 32 59 18 6
53 31 39 36 40 61 22 33 46 31 23 17 26 24 15 13 18 4 8 11 12 7 4 4 4 16 5 7 5 9 37 15 3 2 1 1 1 2 4 3 5 2 1 4 7 10 21 19 36 74 83 66 46 46 45 46 70 68 68 21 24 13 42 36 44 39 49 36 41 20 6 23 12 18 51 24 52 37 34 33 25 32 34 21 17 9 22 30 30 28 15 27 24 30 16 12
33 55 37 35 58 52 39 20 13 29 31 32 46 47 28 41 28 24 34 33 28 12 8 4 2 3 3 1 1 3 4 17 11 3 3 1 1 1 2 1 0 1 5 13 13 23 23 30 39 55 62 54 62 51 66 75 42 38 48 25 22 30 38 28 30 54 25 23 18 24 14 15 14 19 62 24 60 49 25 41 29 24 31 33 18 7 15 18 31 23 15 44 23 40 14 3
42 44 65 59 44 38 35 35 35 57 34 52 66 55 47 63 49 27 39 55 40 34 25 12 8 5 1 1 1 1 2 3 1 2 2 2 2 1 1 1 2 5 3 3 7 28 26 30 13 25 18 21 33 61 50 57 54 22 31 36 38 21 22 40 27 51 40 36 52 20 29 24 9 8 43 26 31 25 33 40 30 28 31 36 21 7 13 27 42 18 30 26 23 37 11 2
29 22 45 16 52 60 54 41 55 52 49 39 43 38 46 65 51 57 59 63 59 34 26 26 13 18 9 14 10 2 1 0 1 1 1 2 1 0 1 1 2 2 4 7 6 10 10 18 43 60 63 52 49 42 67 70 33 29 10 12 35 34 26 38 38 51 33 26 17 11 8 9 12 7 22 23 19 32 57 64 54 20 20 43 39 29 4 25 27 36 35 18 33 47 17 3
32 27 43 38 26 33 56 30 56 47 36 43 19 45 55 58 60 59 28 25 44 27 20 30 24 23 11 18 13 4 4 2 1 1 0 0 0 0 0 0 1 3 5 11 22 40 48 57 54 37 41 42 49 64 82 61 39 30 10 47 65 63 55 55 38 58 23 32 38 31 39 29 24 18 13 20 29 27 37 29 40 63 47 37 40 30 11 19 25 29 14 19 31 29 20 5
25 13 16 36 27 21 55 24 18 33 43 68 42 26 45 60 53 55 34 14 16 38 46 50 28 25 25 16 17 14 9 6 6 4 2 1 1 1 1 0 1 3 6 11 34 23 31 38 57 45 46 81 46 71 76 46 32 36 19 37 51 58 53 54 64 55 47 42 44 18 28 28 20 31 29 15 7 21 40 44 32 57 38 20 12 40 15 13 16 15 15 28 44 57 14 12
18 14 14 19 41 33 49 57 20 11 22 32 53 20 9 27 17 28 35 20 15 26 15 22 26 21 24 16 21 17 15 13 11 12 10 4 5 3 1 1 1 6 12 19 27 35 33 59 78 75 74 50 64 63 70 42 27 11 20 25 33 30 26 25 22 48 30 25 46 27 25 20 25 31 33 22 7 30 50 26 52 66 46 22 13 34 26 14 15 28 29 30 56 36 21 15
32 26 25 15 25 23 35 63 61 32 16 17 31 40 24 19 11 31 37 27 22 32 10 18 37 27 22 23 22 31 27 23 24 19 11 9 4 2 0 1 3 5 12 17 40 41 32 41 59 71 55 37 77 61 60 27 13 47 66 52 62 51 58 43 51 73 41 34 15 16 24 21 24 26 22 13 9 16 20 34 48 59 47 32 15 16 18 12 11 36 27 37 33 42 20 28
23 25 27 16 16 9 32 33 59 49 39 24 23 27 33 15 14 11 34 33 28 36 13 13 23 25 19 17 12 19 5 11 22 20 14 6 3 2 1 1 1 3 8 15 30 14 15 55 34 28 25 82 60 63 39 19 31 58 62 74 55 83 69 42 59 30 52 44 43 19 19 29 28 16 13 9 8 13 43 23 14 46 49 47 27 13 24 8 12 15 18 45 31 43 24 54
29 27 29 29 16 9 5 7 13 32 22 16 13 33 22 14 17 4 9 26 19 37 41 11 14 12 34 18 5 13 22 5 2 2 3 10 5 2 1 1 2 3 10 26 8 22 30 37 11 18 62 69 41 52 25 15 30 46 43 58 78 80 51 29 31 46 55 54 62 46 55 37 33 29 18 14 6 6 15 28 29 55 70 44 50 21 14 19 5 17 43 20 28 22 21 66
52 36 20 24 25 22 16 10 8 9 9 9 15 15 13 10 7 14 10 10 24 29 25 15 2 7 27 19 6 6 19 22 3 1 1 2 7 3 0 1 7 12 15 6 3 3 17 6 11 43 75 60 34 26 11 39 40 34 42 78 64 59 15 27 40 42 64 60 51 58 44 36 42 44 41 30 11 8 24 26 26 74 52 60 45 37 16 10 7 26 28 15 38 14 40 73
59 46 42 57 49 47 43 26 42 27 23 14 7 6 6 6 6 23 18 8 6 13 12 12 2 6 13 11 7 3 3 8 3 1 0 0 2 4 0 1 7 8 7 12 13 11 30 5 19 58 51 23 5 21 48 58 58 64 83 71 23 27 30 22 21 23 38 37 57 41 22 33 53 57 53 31 12 3 22 32 59 65 30 39 55 39 23 7 8 27 24 16 42 14 36 48
69 66 63 66 63 60 49 44 42 43 40 40 18 13 8 6 4 3 3 3 5 4 2 4 4 7 8 8 2 1 2 4 4 3 0 0 1 3 2 3 2 6 5 2 3 16 8 6 28 21 12 4 10 26 37 45 70 65 56 14 48 64 57 44 44 24 22 19 53 44 56 67 47 35 31 33 17 6 13 25 57 29 22 40 68 41 32 15 6 10 12 15 26 14 30 28
29 65 69 69 62 65 45 54 29 31 47 35 29 27 27 22 16 7 2 2 2 1 1 3 4 4 3 2 1 0 2 3 3 2 1 0 2 4 4 2 2 3 4 2 1 3 3 5 8 7 2 5 11 16 32 47 49 14 38 51 62 58 59 80 83 72 63 44 46 57 63 52 59 45 26 21 12 7 14 26 34 19 13 57 69 69 47 48 22 5 9 13 13 14 38 34
43 60 69 51 58 77 61 38 57 45 33 43 38 46 45 28 22 7 5 5 3 2 1 1 3 2 1 1 0 0 1 2 4 5 2 1 1 2 2 3 2 2 2 1 1 1 5 8 5 3 8 7 9 13 22 31 14 45 46 47 59 71 81 71 66 75 41 33 66 19 49 78 55 42 47 47 46 25 10 27 30 18 7 16 40 65 22 16 20 21 4 17 9 13 41 35
71 24 71 54 49 70 77 78 47 27 40 38 54 50 42 32 31 22 14 13 10 9 3 2 1 1 3 3 2 1 0 0 1 1 2 2 2 2 2 3 2 2 1 1 1 1 1 1 4 12 9 25 22 14 12 34 47 46 47 46 68 58 77 68 69 45 31 60 44 39 39 22 57 35 59 65 66 46 33 11 45 27 21 5 16 41 52 17 7 9 4 5 9 19 14 14
49 17 59 39 56 65 66 48 74 78 52 59 63 27 26 24 33 30 20 17 13 12 9 3 3 3 7 6 4 3 0 0 0 0 1 1 2 1 2 2 2 1 1 1 0 1 3 7 11 10 16 36 34 38 16 33 37 64 61 59 75 61 59 52 34 32 49 61 48 32 19 20 50 55 62 61 66 65 47 17 12 23 24 17 6 18 34 23 17 3 8 1 9 14 7 7
37 40 41 45 32 56 64 40 44 76 47 68 79 52 38 27 39 54 50 35 28 14 7 4 7 4 9 8 13 4 4 3 4 2 1 1 1 1 1 1 1 0 0 0 2 4 10 11 10 14 26 41 37 29 43 47 52 50 38 48 66 36 21 13 32 34 30 78 65 24 26 17 53 51 17 35 71 61 64 48 14 9 39 21 14 5 18 22 22 9 2 2 13 6 1 1
40 18 24 39 28 36 68 34 25 56 63 75 76 61 63 56 18 29 31 44 24 17 15 11 12 11 11 15 15 13 8 6 5 5 3 2 1 1 0 0 0 0 1 2 7 8 10 17 9 20 34 31 47 46 53 53 19 14 30 47 73 34 16 41 53 47 60 66 49 39 26 11 21 55 45 17 36 46 57 56 47 14 11 24 18 6 3 12 25 17 2 1 8 1 7 14
60 29 27 31 10 21 52 32 42 30 53 41 60 30 41 46 15 10 25 46 27 38 19 9 26 21 13 10 11 9 6 3 4 4 5 3 2 1 0 0 0 0 2 7 8 12 6 6 20 39 28 35 57 66 76 69 48 37 48 50 52 22 22 55 53 47 46 22 46 49 34 10 13 26 60 34 15 22 69 43 38 17 5 13 16 4 6 17 11 12 1 1 2 3 14 34
38 10 33 32 11 7 24 54 12 25 63 53 59 32 29 15 17 4 11 47 42 28 17 17 9 10 4 3 5 4 5 4 2 2 5 4 2 2 1 0 0 2 3 6 4 9 8 17 19 20 18 28 41 75 80 81 79 68 53 46 30 17 37 45 62 57 48 28 26 46 22 10 12 20 55 37 17 18 28 51 38 29 11 6 17 6 8 14 8 3 3 12 5 9 32 42
51 12 43 52 20 11 14 31 11 10 55 40 27 14 7 17 16 13 4 10 13 27 45 44 19 5 12 6 2 3 3 2 1 2 3 6 4 1 0 0 0 2 6 7 3 5 2 6 4 6 7 22 41 36 54 73 59 44 24 69 36 17 37 45 43 51 72 43 38 18 11 11 27 43 70 37 18 23 34 62 38 18 10 4 8 13 8 12 5 2 8 37 19 21 20 36
39 30 24 45 8 13 18 31 24 8 9 6 9 25 10 6 19 17 7 11 13 13 32 24 18 6 8 11 6 1 1 1 1 1 1 2 3 1 0 0 1 1 1 2 2 1 3 4 9 10 8 19 19 31 33 26 18 37 59 42 16 28 42 37 54 71 51 39 40 27 11 17 28 46 52 27 27 20 33 55 42 43 19 5 4 6 7 11 2 4 11 10 27 44 25 31
13 10 18 20 12 4 21 33 14 4 9 5 6 14 18 9 12 15 12 4 4 6 9 7 7 4 6 12 10 3 1 1 1 1 1 1 1 2 1 0 0 1 2 3 4 7 10 10 9 12 21 13 11 7 8 18 37 40 67 34 14 43 35 31 58 77 44 53 48 27 19 18 28 58 43 26 33 20 26 41 38 38 33 18 5 2 9 5 2 17 20 23 24 22 64 31
5 8 4 16 5 2 23 31 12 4 3 6 6 4 12 14 6 5 7 7 3 3 5 6 4 3 2 8 18 3 2 1 0 0 0 0 1 1 1 0 0 1 1 2 4 6 10 4 5 12 15 32 25 44 33 36 36 53 56 12 23 36 29 22 48 61 41 43 38 31 16 16 31 61 29 40 35 15 12 21 23 33 22 8 9 2 2 5 14 34 38 41 50 34 26 55
3 4 2 2 2 7 17 13 6 3 1 3 3 1 1 6 7 6 5 7 2 2 2 3 1 2 2 2 3 5 4 1 0 0 0 0 1 0 1 0 0 0 1 1 2 3 2 4 9 10 22 28 28 40 53 67 65 77 41 12 27 33 24 32 70 63 21 40 43 28 18 10 25 57 30 24 23 22 5 10 22 31 12 8 3 2 4 15 33 33 39 37 45 57 70 44
2 2 1 0 1 1 1 2 1 1 1 0 0 0 0 1 2 1 3 5 2 2 1 1 1 1 2 2 2 2 3 2 2 1 0 0 0 0 1 0 0 0 0 1 1 2 5 5 5 19 17 23 31 39 51 76 62 52 11 29 39 28 48 59 81 45 50 27 26 27 26 15 36 58 38 24 22 24 5 8 19 27 18 19 7 1 5 12 16 13 13 13 14 21 44 46
1 1 1 1 0 0 0 0 0 0 0 0 0 0 0 0 0 0 0 1 1 1 1 0 0 1 2 2 2 1 1 1 1 1 1 0 0 0 0 0 0 1 3 3 4 5 10 23 6 16 13 16 24 24 63 55 31 9 27 38 38 34 57 78 52 31 43 24 23 26 22 12 21 51 65 39 26 14 6 7 17 32 26 14 5 1 4 6 4 13 16 29 32 29 28 43
1 2 2 4 2 1 1 0 1 2 2 2 2 3 4 2 2 2 0 0 0 0 0 0 0 1 1 1 1 1 0 0 1 1 0 0 0 0 0 0 1 3 3 4 5 9 11 8 23 16 14 14 28 29 64 22 12 19 34 40 35 36 56 78 38 27 25 38 20 10 8 12 35 54 27 50 33 14 5 3 22 21 27 12 4 1 5 12 23 36 22 39 49 45 40 19
3 5 5 6 4 1 1 5 3 4 4 7 6 7 7 7 5 5 4 2 1 1 1 0 0 0 0 0 1 0 0 0 0 1 0 0 0 0 0 1 3 3 4 8 11 16 15 12 20 40 44 42 28 43 25 11 5 28 30 36 21 35 56 65 44 19 26 35 25 16 5 10 45 23 17 57 46 21 7 3 12 11 20 10 2 3 10 12 15 25 26 26 19 19 24 45
7 8 7 8 4 3 3 7 7 7 7 9 15 9 13 14 8 6 5 4 3 5 3 1 1 1 0 0 0 0 0 0 0 0 0 0 0 0 1 3 4 4 5 7 12 17 22 38 32 35 22 60 41 26 26 22 9 25 36 49 48 39 63 29 15 36 41 20 35 14 4 11 21 22 13 57 27 22 7 5 11 11 11 7 2 5 22 33 38 29 26 14 25 28 27 37
18 17 11 16 9 4 4 7 6 8 18 19 18 23 19 10 9 8 6 6 6 6 5 3 3 3 1 1 0 1 1 1 0 0 0 0 0 0 1 3 3 4 5 8 16 17 31 36 29 31 23 12 29 28 34 6 17 28 25 38 33 46 45 51 49 30 21 17 43 30 10 8 20 16 28 59 24 18 11 4 4 9 7 3 5 11 24 48 55 51 53 34 39 50 42 67
24 25 25 14 12 10 6 12 18 21 27 25 24 18 22 16 14 13 10 15 12 12 6 4 3 6 3 2 1 1 4 1 1 0 0 0 0 0 1 2 1 3 4 6 10 25 15 6 42 36 22 13 27 32 5 5 14 18 22 40 51 56 59 32 23 22 31 23 19 23 15 9 21 17 24 35 29 27 11 4 3 5 3 3 9 13 16 20 16 17 19 34 47 48 76 75
32 32 35 32 27 9 8 15 25 34 34 31 31 31 27 28 17 32 22 19 7 5 5 6 5 5 3 3 3 4 1 1 0 0 0 0 0 0 0 2 2 4 9 6 5 8 7 14 14 19 19 5 13 3 7 4 7 11 14 33 51 62 39 56 35 20 20 18 16 24 24 7 9 14 21 26 27 13 8 3 1 3 3 4 15 7 9 18 39 44 45 37 25 71 51 62
46 62 45 17 28 13 20 20 45 39 36 39 39 56 54 36 38 29 18 24 10 9 4 12 12 4 4 4 11 2 1 1 1 1 1 0 0 0 1 1 3 6 9 3 5 7 8 16 13 12 7 4 8 2 6 3 9 23 29 45 35 31 45 59 24 13 10 11 19 17 13 7 5 11 12 29 25 15 9 3 1 1 5 12 24 29 27 26 35 30 27 52 56 68 47 28
63 75 43 38 47 22 17 49 49 61 31 47 58 48 66 46 25 16 31 22 16 11 3 16 5 3 6 11 3 1 1 2 2 2 1 1 1 1 0 1 2 4 2 2 3 8 30 23 15 9 6 4 4 4 8 14 22 16 12 16 25 35 39 57 31 17 16 12 9 7 7 8 4 9 17 14 12 17 8 3 1 6 14 12 20 43 46 52 51 52 31 43 41 44 48 22
54 72 42 40 54 29 27 61 56 63 25 47 70 55 69 40 32 31 41 38 24 9 8 5 5 10 20 2 1 3 3 3 3 2 1 1 1 1 0 0 0 0 1 2 6 19 23 11 22 5 4 2 7 7 10 8 7 4 16 20 19 43 45 38 20 54 55 38 22 20 9 8 3 6 8 6 9 10 3 1 2 11 26 39 38 47 59 56 48 47 46 52 22 9 39 28
69 45 47 41 55 29 32 60 77 59 20 56 76 67 68 67 41 53 69 44 25 10 19 8 17 19 3 3 5 4 3 2 4 2 4 2 1 2 2 1 1 1 1 3 18 11 20 4 5 10 3 3 9 9 11 10 8 15 44 52 43 39 69 38 49 34 42 42 19 12 9 7 4 2 4 7 4 7 1 0 3 8 12 28 31 17 31 14 13 16 11 67 50 25 20 11
85 71 50 40 49 31 44 61 85 48 30 45 71 72 74 47 38 80 48 12 14 33 28 17 22 9 6 6 11 9 4 6 5 5 2 3 2 3 2 2 1 0 0 1 5 5 6 2 1 1 1 3 6 12 12 26 30 34 25 39 55 55 36 52 44 42 17 29 47 17 8 4 3 1 2 4 2 3 2 2 5 11 13 18 16 9 12 21 36 55 69 84 61 24 17 8
77 78 50 52 57 34 43 66 77 52 33 52 85 85 53 64 45 47 18 13 23 53 60 37 23 21 10 9 12 7 5 14 7 2 2 4 3 5 4 2 2 1 1 1 0 0 0 0 1 3 7 7 14 19 21 33 27 25 45 65 70 67 48 54 13 69 54 13 12 39 32 20 9 4 1 2 2 1 1 1 5 5 6 12 10 13 37 42 40 34 46 70 37 22 15 7
76 67 48 59 55 51 40 67 76 52 39 53 84 75 59 50 28 19 6 24 45 56 40 17 11 5 4 20 17 9 12 12 6 2 4 5 6 6 6 1 2 1 1 1 1 0 0 1 2 3 5 6 12 13 12 17 24 43 34 78 65 35 30 74 47 25 59 25 9 6 13 14 16 14 5 2 1 1 1 1 5 6 6 7 14 23 35 39 36 50 39 49 42 27 12 5
76 65 40 61 57 54 51 51 61 41 36 51 65 33 36 31 14 20 15 29 56 28 23 21 10 10 6 30 24 11 29 14 4 6 5 8 9 15 9 4 3 1 3 2 1 1 0 0 2 2 2 4 12 12 22 33 18 43 50 73 21 8 32 72 35 31 19 50 18 4 5 6 12 10 10 8 2 1 0 1 3 5 6 6 8 19 50 30 21 61 31 29 35 12 5 5
50 47 42 60 58 41 60 47 72 75 62 51 46 39 52 51 40 48 26 35 50 33 26 23 15 11 11 34 30 17 31 13 11 10 8 14 13 13 4 5 8 5 3 1 1 0 0 0 1 2 2 6 13 12 13 19 12 25 57 28 18 9 48 69 46 12 7 11 26 9 4 4 5 3 12 4 2 1 0 1 2 5 7 6 22 37 57 29 25 54 26 10 14 20 5 2
58 30 62 70 61 68 66 84 78 89 88 83 45 66 67 65 63 35 30 52 47 30 26 14 16 24 14 36 38 34 24 19 15 15 15 23 31 16 8 6 18 11 2 1 1 0 0 0 1 2 7 8 9 11 6 8 19 45 63 18 11 14 25 63 54 29 9 2 17 19 8 3 3 3 14 3 1 1 0 2 3 6 8 13 15 13 14 12 19 19 26 19 17 15 3 0
47 41 52 64 79 82 87 88 76 75 79 81 83 74 46 47 42 34 37 34 21 30 26 28 40 30 32 62 50 63 30 28 23 30 30 45 46 18 16 12 18 6 3 1 1 1 1 0 1 3 3 6 5 4 5 11 22 42 29 26 11 11 13 71 31 24 20 2 11 23 14 3 3 3 3 8 2 0 0 2 3 6 13 18 17 10 12 8 11 10 14 9 7 3 1 2
63 56 38 40 57 67 80 58 52 48 63 66 65 73 48 43 49 62 51 36 34 39 35 48 66 49 40 66 64 54 34 48 34 43 39 52 34 24 28 10 5 3 6 5 3 3 2 1 0 1 4 3 4 6 6 3 13 13 18 46 14 12 20 36 24 4 18 6 8 9 8 7 3 1 1 22 2 0 1 2 4 6 5 22 10 8 9 7 6 3 3 2 2 2 3 9
69 73 49 30 56 52 56 67 49 62 70 55 65 78 82 67 79 71 52 43 56 55 56 54 63 52 45 71 69 42 51 50 50 51 59 61 40 27 9 4 3 6 6 5 8 5 3 1 0 0 1 3 4 7 8 5 11 15 8 14 13 14 17 30 41 4 10 10 5 15 9 3 4 2 2 3 2 0 1 2 3 4 11 19 8 9 6 5 8 2 1 1 1 3 7 11
52 67 79 48 29 34 59 58 77 49 44 43 74 54 62 92 88 49 67 66 65 62 64 57 60 54 54 77 66 56 56 54 57 72 71 39 14 10 14 11 13 12 9 6 9 9 5 1 0 0 0 5 4 3 7 5 13 10 7 7 11 6 7 14 46 4 3 6 4 4 5 3 2 2 2 1 1 1 0 1 2 3 21 10 3 2 3 3 3 0 1 2 3 5 9 10
77 75 76 79 46 19 24 69 68 63 19 24 40 53 78 84 68 88 89 71 62 79 74 44 64 55 72 66 64 59 62 53 67 80 80 43 34 24 34 28 38 34 18 16 21 7 3 1 0 0 0 0 1 1 7 5 13 12 6 5 5 2 1 4 20 8 4 4 3 3 3 5 3 2 1 1 1 0 0 1 2 4 5 4 2 2 1 1 1 2 2 3 8 10 9 10
63 46 53 83 46 40 35 37 38 45 35 9 33 77 85 83 63 57 83 64 75 79 67 51 73 69 81 77 72 78 61 61 62 57 61 41 39 45 44 43 14 13 33 45 9 4 3 1 0 0 0 0 0 0 2 8 9 17 5 5 4 2 1 11 22 7 6 3 3 3 4 4 2 1 1 1 1 0 1 2 2 4 3 1 1 1 1 2 2 5 7 9 9 11 6 8
34 53 51 80 81 31 40 25 29 28 33 19 40 50 56 61 74 83 68 31 62 33 72 81 92 87 83 62 77 60 72 58 53 32 69 65 68 54 29 24 8 1 33 23 16 8 6 3 1 2 2 1 0 0 0 1 1 4 2 3 3 1 2 5 10 12 5 3 3 1 1 1 2 1 0 1 1 0 0 1 2 2 2 1 1 1 3 3 6 5 7 16 13 10 9 8
24 32 45 48 76 74 45 23 24 24 23 21 34 56 68 74 40 76 75 38 66 61 38 54 74 56 74 50 69 35 22 49 36 34 50 84 68 48 27 64 29 24 30 26 25 10 4 3 4 5 3 1 0 0 0 0 0 1 1 2 2 1 3 6 5 11 6 3 2 2 1 1 1 1 1 0 1 0 0 0 1 1 1 1 1 2 2 4 6 6 8 8 32 14 9 5
12 20 32 9 45 84 45 28 15 12 19 23 20 31 39 56 58 75 54 55 67 50 20 52 69 54 53 46 49 69 55 58 53 30 37 74 82 87 83 76 58 43 40 48 33 13 9 7 13 3 2 2 1 1 1 1 0 0 0 1 1 1 1 5 6 7 5 3 2 1 1 1 1 0 0 0 0 0 0 0 0 0 0 0 0 0 1 3 6 2 5 11 13 12 7 15
23 14 26 49 43 59 81 42 39 15 9 12 13 17 43 34 57 76 17 27 73 69 33 20 78 82 59 42 55 64 33 30 36 25 21 49 69 69 62 33 44 45 25 31 35 29 33 29 11 2 4 6 5 4 4 7 5 1 0 0 0 0 1 1 2 7 3 2 1 1 1 0 1 0 0 0 0 0 0 0 0 0 1 1 1 1 1 2 4 5 5 7 11 13 21 24
31 13 9 36 54 63 84 67 35 28 15 13 11 15 16 11 38 27 21 60 88 44 25 15 22 66 37 43 36 56 54 35 39 35 28 67 52 29 23 16 20 10 8 53 29 49 57 46 17 11 15 10 9 5 3 1 2 1 1 0 0 0 1 1 1 2 3 2 2 1 1 0 0 0 0 0 0 0 0 0 0 0 1 1 2 4 4 4 7 6 7 10 11 14 13 28
51 35 24 16 18 23 40 65 37 42 20 11 8 11 18 8 25 15 40 37 81 41 26 23 12 24 24 34 14 48 51 25 24 24 31 47 44 16 10 17 14 9 10 20 34 26 21 11 11 12 9 9 6 7 7 2 1 2 1 0 0 0 1 1 0 1 2 2 1 1 0 0 0 0 0 0 0 0 0 0 0 1 1 2 1 1 3 12 4 9 12 15 21 19 25 33
26 25 43 17 15 39 43 64 69 45 32 11 7 6 8 11 15 18 19 36 70 81 53 29 9 8 18 5 12 40 51 26 18 20 16 16 18 11 8 11 10 9 9 9 37 21 21 10 5 4 4 1 2 1 3 2 1 1 1 0 0 0 0 0 0 1 1 1 1 0 0 0 0 0 0 0 0 0 0 0 0 0 0 1 1 2 6 9 11 15 17 17 18 27 27 42
42 35 14 10 10 22 33 46 65 39 23 15 6 3 4 10 5 7 23 68 58 68 55 44 22 6 23 20 5 8 30 17 20 15 6 6 9 21 7 6 8 5 4 7 19 21 26 13 7 4 3 2 1 1 2 2 1 1 1 0 0 0 0 0 0 1 1 0 1 0 0 0 0 0 0 0 0 0 0 0 0 0 0 1 2 3 4 12 6 7 5 6 13 25 29 18
55 48 19 9 3 20 18 30 50 51 17 14 6 5 6 7 4 18 43 64 28 38 51 21 16 13 7 12 16 2 13 21 9 10 5 9 8 5 5 5 10 6 2 3 6 16 27 17 14 7 5 2 1 0 0 1 1 1 2 1 0 0 0 0 0 0 0 0 0 0 0 0 0 0 0 0 0 0 0 0 0 0 0 1 3 3 5 6 5 4 4 8 12 14 15 17
57 48 27 20 6 6 15 21 61 17 18 8 5 4 4 5 4 12 44 26 4 19 74 20 13 14 5 7 7 13 10 8 5 5 6 4 3 2 2 4 8 3 2 2 2 7 23 13 15 6 3 2 1 1 0 0 0 0 1 1 0 0 0 0 0 0 0 0 0 0 0 0 0 0 0 0 0 0 0 0 0 1 1 2 1 2 7 6 4 5 8 7 9 14 17 12
52 46 26 12 11 7 13 14 48 19 5 13 7 3 3 3 2 18 19 11 28 41 62 40 16 8 9 15 4 16 11 7 7 4 7 3 4 3 1 2 2 1 2 6 11 14 21 15 27 20 10 5 2 1 0 0 0 0 0 1 0 0 0 0 0 0 0 0 0 0 0 0 0 0 0 0 0 0 0 0 0 0 1 1 1 2 3 5 8 9 10 9 12 7 16 22
45 31 19 12 10 9 5 8 18 42 14 5 7 3 3 2 3 11 9 12 11 26 56 37 16 20 6 8 8 19 7 4 5 5 2 1 3 2 2 2 1 1 2 17 8 6 18 9 18 18 18 7 3 2 0 0 0 0 0 0 0 0 0 0 0 0 0 0 0 0 0 0 0 0 0 0 0 0 0 0 0 1 1 1 1 1 3 4 4 5 7 17 12 16 32 21
38 35 17 9 10 8 7 7 10 20 21 4 3 3 3 3 3 3 6 8 12 24 65 32 20 9 14 5 6 12 6 1 2 2 3 1 2 2 1 1 0 1 7 16 2 8 10 4 14 13 10 9 5 4 2 1 0 0 0 0 0 0 0 0 0 0 0 0 0 0 0 0 0 0 0 0 0 0 0 0 1 1 1 1 1 1 2 1 3 6 5 10 9 5 10 16
78 53 32 8 5 7 4 6 7 14 21 9 5 4 3 2 2 3 3 3 13 15 46 30 10 6 7 7 5 3 7 2 2 2 2 2 1 1 1 1 3 4 6 2 2 5 4 4 6 11 14 11 15 7 4 2 1 0 0 0 0 0 0 0 0 0 0 0 0 0 0 0 0 0 0 0 0 0 0 0 0 0 0 0 0 0 1 1 2 3 6 13 8 8 11 3
36 73 50 24 8 4 3 4 6 8 31 12 6 3 2 1 2 1 2 3 6 12 27 36 10 5 4 4 5 5 4 5 3 1 1 2 1 1 0 1 3 9 3 2 3 4 3 2 7 11 5 5 7 8 7 3 2 1 0 0 0 0 0 0 0 0 0 0 0 0 0 0 0 0 0 0 0 0 0 0 0 0 0 0 0 1 1 1 1 4 5 7 6 6 7 14
12 73 18 55 28 14 3 3 3 8 18 8 4 2 1 1 0 1 2 3 7 17 14 28 17 8 5 3 3 3 3 5 3 2 1 1 1 0 1 1 4 4 4 1 1 3 1 2 6 12 4 3 4 4 15 6 3 1 1 0 0 0 0 0 0 0 0 0 0 0 0 0 0 0 0 0 0 0 0 0 0 0 0 0 1 1 1 1 2 3 3 2 3 8 9 11
24 25 14 44 22 22 9 1 2 3 9 8 2 2 1 1 1 1 2 5 2 2 24 28 26 16 9 7 2 1 1 2 2 1 1 1 0 0 0 1 4 1 1 1 1 4 1 2 10 9 5 1 1 1 7 4 3 1 1 0 0 0 0 0 0 0 0 0 0 0 0 0 0 0 0 0 0 0 0 1 1 1 1 1 1 1 1 1 1 2 2 4 8 11 13 15
27 20 16 13 15 7 23 4 1 1 3 4 2 1 1 0 0 1 2 2 5 18 31 31 37 17 9 4 3 1 2 2 2 1 1 1 0 0 1 2 2 1 1 1 1 5 3 3 13 10 9 2 0 0 1 1 2 1 0 0 0 0 0 0 0 0 0 0 0 0 0 0 0 0 0 0 0 0 1 1 1 1 2 2 1 1 1 1 3 2 2 3 4 3 6 8
22 15 17 12 12 3 7 11 1 1 2 3 4 1 0 0 0 1 2 4 13 16 25 19 22 26 7 4 3 2 2 1 1 1 1 0 0 0 0 2 1 1 0 0 0 1 2 2 8 10 5 2 2 0 0 1 0 1 0 0 0 0 0 0 0 0 0 0 0 0 0 0 0 0 0 0 0 1 1 2 2 2 2 3 2 2 2 5 3 1 1 1 2 6 7 11
14 19 22 10 4 3 2 3 2 1 1 2 3 1 0 0 0 1 3 11 7 3 14 13 11 17 8 3 3 2 1 1 1 1 0 0 0 0 1 2 1 0 0 0 0 2 0 2 9 2 4 2 1 1 0 1 1 0 0 0 0 0 0 0 0 0 0 0 0 0 0 0 0 0 0 0 0 1 1 2 4 5 6 6 7 5 6 5 3 2 2 3 2 3 8 9
6 5 7 8 3 3 2 1 2 1 0 1 1 1 0 0 1 1 3 4 4 3 9 21 5 5 5 5 2 1 1 1 1 1 1 0 0 1 2 0 0 0 0 0 1 1 1 9 17 1 1 3 1 1 0 0 1 0 0 0 0 0 0 0 0 0 0 0 0 0 0 0 0 0 0 0 0 0 0 1 2 2 3 5 9 7 9 9 7 7 3 3 7 6 5 6
2 2 2 2 2 2 1 1 1 1 0 0 0 1 0 0 0 1 1 1 3 2 2 3 3 3 2 2 1 1 1 1 0 0 0 0 0 1 0 0 0 0 0 0 0 1 3 2 8 2 1 1 2 1 1 1 0 0 0 0 0 0 0 0 0 0 0 0 0 0 0 0 0 0 0 0 0 0 0 0 1 1 2 2 8 9 14 17 11 17 13 13 10 11 7 21
