sesion_6_simulaciones/modelos_agentes/ejemplos_netlogo/scenarios/echam4_b2/rob_2076.asc
NCOLS 322 
NROWS 307 
XLLCORNER 451900 
YLLCORNER 4086900 
CELLSIZE 100 
NODATA_value -9999 
[rows 148 to 221 of 307, columns 96 to 191 of 322]
51 52 48 73 40 23 25 32 44 30 20 21 46 20 8 51 25 42 34 32 17 14 17 17 16 4 3 3 3 2 1 1 0 0 0 0 0 0 0 0 1 0 0 0 0 0 0 0 0 0 0 0 0 0 0 0 0 0 0 0 0 0 0 0 1 2 4 9 15 6 2 1 0 0 0 0 0 0 1 2 5 8 22 31 62 71 79 67 34 35 56 57 14 6 2 2
45 70 45 38 32 9 6 4 8 23 7 36 19 6 9 29 55 36 45 17 10 8 12 22 16 9 2 2 2 1 2 1 0 0 0 0 0 0 0 0 0 0 0 0 0 0 0 0 0 0 0 0 0 0 0 0 0 0 0 0 0 0 0 0 1 1 2 2 6 4 1 1 0 0 0 0 0 1 2 3 9 16 25 59 68 61 82 58 35 12 17 36 37 7 3 1
31 52 29 13 19 20 13 8 1 6 6 16 22 30 10 26 56 51 41 37 27 17 30 13 12 8 4 2 2 1 2 2 1 0 0 0 0 0 0 0 0 0 0 0 0 0 0 0 0 0 0 0 0 0 0 0 0 0 0 0 0 0 0 0 1 1 1 2 2 3 1 1 0 0 0 0 0 1 3 6 10 23 53 65 54 19 55 55 36 13 11 25 46 16 3 1
19 6 14 5 13 14 15 8 2 2 10 7 18 39 36 19 23 41 55 54 35 40 31 29 13 8 2 1 1 1 1 3 1 1 0 0 0 0 0 0 0 0 0 0 0 0 0 0 0 0 0 0 0 0 0 0 0 0 0 0 0 0 0 0 0 1 1 2 2 2 1 0 0 0 0 0 0 1 2 8 19 37 43 31 32 18 44 53 31 5 6 20 33 31 13 3
28 6 22 9 4 7 14 11 4 2 15 26 17 18 27 18 33 41 51 39 40 31 19 22 14 6 2 1 1 1 1 1 2 1 0 0 0 0 0 0 0 0 0 0 0 0 0 0 0 0 0 0 0 0 0 0 0 0 0 0 0 0 0 1 1 1 1 1 1 1 0 0 0 0 0 0 1 2 3 9 36 35 30 21 28 25 45 54 18 5 3 7 13 25 12 5
12 9 10 12 5 4 3 4 2 2 3 7 12 10 6 6 22 62 33 60 9 27 21 20 13 2 2 3 0 1 3 2 2 1 0 1 0 0 0 0 0 0 0 0 0 0 0 0 0 0 0 0 0 0 0 0 0 0 0 0 0 0 0 0 0 0 1 1 2 0 0 0 0 0 0 0 1 2 2 11 8 12 14 19 8 14 39 25 10 11 2 2 6 12 13 4
8 9 3 8 3 5 1 2 3 7 5 7 10 13 6 1 11 18 21 41 31 50 50 21 10 7 6 5 2 6 3 5 3 2 1 2 1 1 1 0 0 0 0 0 0 0 0 0 0 0 0 0 0 0 0 0 0 0 0 0 0 0 0 0 0 0 1 1 1 1 0 0 0 0 0 0 1 2 4 8 5 10 13 9 4 5 18 21 14 13 4 1 3 3 7 7
4 7 5 9 10 7 7 4 15 14 6 2 3 10 14 15 4 10 32 14 51 31 42 28 28 14 16 8 8 15 15 7 6 4 4 2 3 1 1 1 0 0 0 0 0 0 0 0 0 0 0 0 0 0 0 0 0 0 0 0 0 0 0 0 0 0 0 1 1 0 0 0 0 0 0 0 1 4 10 4 4 6 2 1 1 3 15 22 12 5 2 0 1 2 4 4
5 3 6 10 8 8 6 8 7 2 2 0 0 1 2 17 4 11 23 39 17 50 41 30 30 33 20 12 12 28 21 2 1 5 5 6 3 3 1 1 1 0 0 0 0 0 0 0 0 0 0 0 0 0 0 0 0 0 0 0 0 0 0 0 0 0 0 0 0 0 0 0 0 0 0 0 1 3 3 3 3 1 0 0 1 5 14 11 3 1 1 0 0 1 1 1
2 2 2 3 2 3 4 4 2 1 0 0 2 4 3 1 2 7 6 60 19 39 54 38 58 51 46 22 26 25 10 7 9 8 7 4 3 1 2 2 3 2 0 0 0 0 0 0 0 0 0 0 0 0 0 0 0 0 0 0 0 0 0 0 0 0 0 0 0 0 0 0 0 0 0 1 1 2 4 1 1 0 0 0 1 0 1 0 0 0 0 0 0 0 0 0
8 3 1 1 2 3 5 2 3 1 1 0 2 4 2 3 6 7 3 24 3 10 35 77 68 52 23 20 11 15 24 13 7 4 2 0 1 2 2 2 2 1 1 1 0 0 0 0 0 0 0 0 0 0 0 0 0 0 0 0 0 0 0 0 0 0 0 0 0 0 0 0 0 0 0 0 1 1 2 1 1 0 0 0 0 0 0 0 0 0 1 0 0 0 0 0
7 5 6 1 1 2 2 5 3 1 1 1 1 3 2 7 9 5 3 6 4 2 25 57 44 38 25 36 17 3 5 11 3 1 1 1 1 1 2 1 1 3 4 1 0 0 0 0 0 0 0 0 0 0 0 0 0 0 0 0 0 0 0 0 0 0 0 0 0 0 0 0 0 0 0 0 1 1 1 0 0 0 0 0 1 1 1 1 1 1 1 0 0 0 0 0
3 3 3 3 2 1 1 2 2 1 0 1 2 1 4 3 5 1 3 4 2 2 11 11 6 18 15 7 6 1 2 12 5 1 1 1 2 2 2 1 0 0 1 1 0 0 0 0 0 0 0 0 0 0 0 0 0 0 0 0 0 0 0 0 0 0 0 0 0 0 0 0 0 0 0 0 0 0 0 0 0 0 0 0 0 1 1 0 1 1 0 0 0 0 0 0
2 1 1 1 2 1 2 1 1 1 1 0 1 2 3 4 2 1 4 3 1 3 4 10 8 2 3 1 2 3 1 7 1 0 0 1 1 4 2 2 1 1 1 1 0 0 0 0 0 0 0 0 0 0 0 0 0 0 0 0 0 0 0 0 0 0 0 0 0 0 0 0 0 0 0 0 0 0 0 0 0 0 0 0 0 0 0 0 0 0 0 0 0 0 0 0
1 1 0 0 0 1 1 1 1 1 0 0 1 4 2 2 1 1 2 1 3 3 3 7 6 7 2 1 1 3 3 1 3 1 0 0 0 1 2 2 1 1 1 0 0 0 0 0 0 0 0 0 0 0 0 0 0 0 0 0 0 0 0 0 0 0 0 0 0 0 0 0 0 0 0 0 0 0 0 0 0 0 0 0 0 0 0 0 0 0 0 0 0 0 0 0
3 1 0 0 0 0 0 0 0 0 0 0 1 1 0 0 0 1 1 2 4 1 5 3 3 2 5 1 1 1 1 0 1 1 1 1 0 1 0 0 0 1 0 0 0 0 0 0 0 0 0 0 0 0 0 0 0 0 0 0 0 0 0 0 0 0 0 0 0 0 0 0 0 0 0 0 0 0 0 0 0 0 0 0 0 0 0 0 0 0 0 0 0 0 0 0
5 3 2 1 1 1 1 1 1 0 0 0 0 0 0 0 1 1 2 1 3 1 5 4 3 4 2 1 0 0 1 1 0 0 1 1 0 0 0 0 0 0 0 0 0 0 0 0 0 0 0 0 0 0 0 0 0 0 0 0 0 0 0 0 0 0 0 0 0 0 0 0 0 0 0 0 0 0 0 0 0 0 0 0 0 0 0 0 0 0 0 0 0 0 0 0
15 5 4 7 7 5 4 4 1 1 1 0 0 0 0 1 1 1 2 1 2 1 1 2 2 3 1 1 1 0 0 0 1 0 0 1 0 0 0 0 0 0 0 0 0 0 0 0 0 0 0 0 0 0 0 0 0 0 0 0 0 0 0 0 0 0 0 0 0 0 0 0 0 0 0 0 0 0 0 0 0 0 0 0 0 0 0 0 0 0 0 0 0 0 0 0
22 14 12 18 18 12 6 4 3 2 2 1 0 0 0 0 1 1 1 2 2 1 4 1 1 1 1 0 1 1 0 0 1 0 0 0 0 0 0 0 0 0 0 0 0 0 0 0 0 0 0 0 0 0 0 0 0 0 0 0 0 0 0 0 0 0 0 0 0 0 0 0 0 0 0 0 0 0 0 0 0 0 0 0 0 0 0 0 0 0 0 0 0 0 0 0
48 23 14 3 7 17 11 15 8 6 2 1 1 0 0 0 1 1 1 1 1 0 1 1 1 1 0 0 1 1 1 0 1 1 0 0 0 0 0 0 0 0 0 0 0 0 0 0 0 0 0 0 0 0 0 0 0 0 0 0 0 0 0 0 0 0 0 0 0 0 0 0 0 0 0 0 0 0 0 0 0 0 0 0 0 0 0 0 0 0 0 0 0 0 0 0
19 38 15 13 10 4 3 2 2 2 3 1 1 0 0 0 1 1 1 1 0 0 1 1 0 1 0 0 2 2 0 1 1 1 1 0 0 0 1 0 0 0 0 0 0 0 0 0 0 0 0 0 0 0 0 0 0 0 0 0 0 0 0 0 0 0 0 0 0 0 0 0 0 0 0 0 0 0 0 0 0 0 0 0 0 0 0 0 0 0 0 0 0 0 0 0
8 26 36 16 13 5 2 1 1 1 2 1 0 0 0 0 0 0 1 0 0 0 1 0 0 0 0 0 0 0 0 1 0 1 1 1 0 0 0 1 0 0 0 0 0 0 0 0 0 0 0 0 0 0 0 0 0 0 0 0 0 0 0 0 0 0 0 0 0 0 0 0 0 0 0 0 0 0 0 0 0 0 0 0 0 0 0 0 0 0 0 0 0 0 0 0
8 18 19 16 19 14 4 2 1 0 0 0 0 0 0 0 0 0 0 1 0 0 0 0 0 0 0 0 0 0 1 1 0 0 1 1 0 0 0 1 1 1 0 0 0 0 0 0 0 0 0 0 0 0 0 0 0 0 0 0 0 0 0 0 0 0 0 0 0 0 0 0 0 0 0 0 0 0 0 0 0 0 0 0 0 0 0 0 0 0 0 0 0 0 0 0
2 5 9 20 18 12 12 7 3 1 0 0 0 0 0 0 0 0 1 1 0 1 0 0 0 0 0 0 0 0 1 3 3 1 0 0 0 0 0 0 0 0 0 0 0 0 0 0 0 0 0 0 0 0 0 0 0 0 0 0 0 0 0 0 0 0 0 0 0 0 0 0 0 0 0 0 0 0 0 0 0 0 0 0 0 0 0 0 0 0 0 0 0 0 0 0
2 3 3 13 19 14 11 8 4 2 1 0 0 0 0 0 0 0 1 2 1 1 0 0 0 0 0 0 0 0 0 0 0 1 0 0 0 0 0 0 0 0 0 0 0 0 0 0 0 0 0 0 0 0 0 0 0 0 0 0 0 1 1 1 0 0 0 0 0 0 0 0 0 0 0 0 0 0 0 0 0 0 0 0 0 0 0 0 0 0 0 0 0 0 0 0
7 1 9 7 17 10 5 2 1 0 0 0 0 0 0 0 0 0 0 1 1 1 1 0 0 0 0 1 0 0 0 0 0 0 0 0 0 0 0 0 0 0 0 0 0 0 0 0 0 0 0 0 0 0 0 0 0 0 0 0 1 1 1 2 1 1 1 0 0 0 0 0 0 0 0 0 0 0 0 0 0 0 0 0 0 0 0 0 0 0 0 0 0 0 0 0
3 2 5 2 6 12 9 4 3 1 0 0 0 0 0 0 0 0 0 0 0 0 0 0 0 0 0 0 0 0 0 0 0 0 0 0 0 0 0 0 0 0 0 0 0 0 0 0 0 0 0 0 0 0 0 0 0 0 0 0 0 1 1 1 1 2 3 0 0 0 0 0 0 0 0 0 0 0 0 0 0 0 0 0 0 0 0 0 0 0 0 0 0 0 0 0
2 2 4 3 4 10 9 7 5 3 3 2 1 0 0 0 0 0 0 0 0 0 0 0 0 0 0 0 0 0 0 0 0 0 0 0 0 0 0 0 0 0 0 0 0 0 0 0 0 0 0 0 0 0 0 0 0 0 0 0 0 0 0 1 1 2 2 0 1 0 0 0 0 0 0 0 0 0 0 0 0 0 0 0 0 0 0 0 0 0 0 0 0 0 0 0
2 2 3 2 3 6 11 11 7 7 4 1 0 0 0 0 0 0 0 0 0 0 0 0 0 0 0 0 0 0 0 0 0 0 0 0 0 0 0 0 0 0 0 0 0 0 0 0 0 0 0 0 0 0 0 0 0 0 0 0 0 0 0 1 1 3 1 2 1 0 0 0 0 0 0 0 0 0 0 0 0 0 0 1 0 0 0 0 0 0 0 0 0 0 0 0
1 2 4 2 2 6 8 12 8 6 3 1 1 0 0 0 0 0 0 0 0 0 0 0 0 0 0 0 0 0 0 0 0 0 0 0 0 0 0 0 0 0 0 0 0 0 0 0 0 0 0 0 0 0 0 0 0 0 0 0 0 0 0 1 1 2 2 4 1 1 0 0 0 0 0 0 0 0 0 0 0 0 0 1 0 0 0 0 0 0 0 0 0 0 0 0
1 2 2 2 0 3 4 5 3 5 5 3 1 1 0 0 0 0 0 0 0 0 0 0 0 0 0 0 0 0 0 0 0 0 0 0 0 0 0 0 0 0 0 0 0 0 0 0 0 0 0 0 0 0 0 0 0 0 0 0 0 0 0 1 1 1 2 2 2 1 1 1 1 0 0 0 0 1 1 0 0 0 1 1 0 0 0 0 0 0 0 0 0 0 0 0
1 1 2 2 1 2 1 2 5 4 1 1 1 0 0 0 0 0 0 0 0 0 0 0 0 0 0 0 0 0 0 0 0 0 0 0 0 0 0 0 0 0 0 0 0 0 0 0 0 0 0 0 0 0 0 0 0 0 0 0 0 0 0 0 0 0 1 2 3 3 3 3 2 2 1 0 0 1 0 0 0 0 0 0 0 0 0 0 0 0 0 0 0 0 0 1
0 1 3 3 2 1 1 3 5 4 2 2 1 1 0 0 0 0 0 0 0 0 0 0 0 0 0 0 0 0 0 0 0 0 0 0 0 0 0 0 0 0 0 0 0 0 0 0 0 0 0 0 0 0 0 0 0 0 0 0 0 0 0 0 0 1 2 1 1 1 4 10 6 4 1 1 1 0 0 0 0 0 0 0 0 0 0 0 0 0 0 0 0 0 1 1
0 1 1 2 1 1 1 1 2 2 1 1 0 0 0 0 0 0 0 0 0 0 0 0 0 0 0 0 0 0 0 0 0 0 0 0 0 0 0 0 0 0 0 0 0 0 0 0 0 1 0 0 0 0 0 0 0 0 0 0 0 0 0 0 0 1 1 1 1 2 2 3 1 5 7 3 2 0 0 0 1 0 1 1 1 0 0 0 0 0 0 0 0 0 1 3
0 0 1 2 1 1 1 1 1 2 1 1 1 0 0 0 0 0 0 0 0 0 0 0 0 0 0 0 0 0 0 0 0 0 0 0 0 0 0 0 0 0 0 0 0 0 0 0 1 1 0 0 0 0 0 0 0 0 0 0 0 0 0 0 0 1 0 1 1 1 1 2 2 3 9 12 1 1 0 0 1 1 1 4 1 1 0 0 0 0 0 0 0 0 1 3
0 0 0 1 0 0 1 0 0 1 1 1 0 0 0 0 0 0 0 0 0 0 0 0 0 0 0 0 0 0 0 0 0 0 0 0 0 0 0 0 1 1 1 1 0 0 0 0 1 2 0 0 0 0 0 0 0 0 0 0 0 0 0 0 0 0 0 1 1 0 1 1 1 6 4 6 2 1 0 0 1 3 3 13 5 3 1 0 0 0 0 0 0 1 2 3
0 0 0 1 0 0 1 0 0 1 0 0 0 0 0 0 0 0 0 0 0 0 0 0 0 0 0 0 0 0 0 0 0 0 0 0 0 0 0 0 1 0 0 1 0 0 0 1 2 1 0 1 0 0 0 0 0 0 0 0 0 0 0 0 0 0 0 0 0 1 1 2 3 3 4 5 2 0 0 0 1 1 2 6 6 2 1 0 0 0 0 0 1 1 3 3
0 0 0 0 0 0 1 0 0 0 0 0 0 0 0 0 0 0 0 0 0 0 0 0 0 0 0 0 0 0 0 0 0 0 0 0 0 0 0 0 0 0 0 1 1 0 0 1 2 3 2 2 1 1 0 1 1 1 0 0 0 0 0 0 0 0 0 0 0 1 1 4 4 3 7 4 2 1 0 0 0 1 2 3 5 2 1 0 1 0 1 1 1 2 3 7
0 0 0 0 0 0 0 0 0 0 1 0 0 0 0 0 0 0 0 0 0 0 0 0 0 0 0 0 0 0 0 0 0 0 0 0 0 0 0 0 0 0 0 1 1 0 0 1 2 6 5 2 2 1 2 1 2 1 0 0 0 0 0 0 0 0 0 0 0 1 2 2 2 10 7 6 4 2 0 0 0 0 2 5 6 5 2 1 1 1 1 1 1 2 3 10
0 0 0 0 0 0 0 0 0 0 0 0 0 0 0 0 0 0 0 0 0 0 0 0 0 0 0 0 0 0 0 0 0 0 1 0 0 0 0 1 2 1 1 2 0 0 0 0 2 7 15 5 4 2 5 2 4 3 1 1 1 0 0 0 0 0 0 0 0 0 1 2 3 5 4 6 4 3 1 0 0 0 2 4 19 8 3 1 2 2 2 2 1 2 5 19
0 0 0 0 0 0 0 0 0 0 0 0 0 0 0 0 0 0 0 0 0 0 0 0 0 0 0 0 0 0 0 0 0 0 1 1 0 0 0 1 2 3 2 4 3 1 0 1 3 6 27 11 4 5 8 5 4 3 2 2 2 1 0 0 0 0 0 0 0 0 0 2 3 5 7 9 5 4 1 0 0 0 2 3 13 21 9 3 4 4 4 5 4 3 7 20
0 0 0 0 0 0 0 0 0 0 0 0 0 0 0 0 0 0 0 0 0 0 0 0 0 0 0 0 0 0 0 0 0 1 1 1 0 0 0 2 6 5 6 13 5 2 1 1 3 10 12 23 7 8 13 15 9 5 4 4 2 1 0 0 0 0 0 0 0 0 0 1 2 2 5 6 9 8 3 1 0 1 2 2 4 10 24 8 7 7 6 8 8 5 9 25
0 0 0 0 0 0 0 0 0 0 1 0 0 0 0 0 0 0 0 0 0 0 0 0 0 0 0 0 0 0 0 0 0 1 2 3 0 0 0 2 2 8 18 27 7 3 2 3 4 16 13 34 20 16 24 25 29 23 11 5 3 2 1 0 0 0 0 0 0 0 0 1 2 4 3 6 15 13 5 1 0 0 1 2 6 11 33 24 13 12 11 14 14 9 11 25
0 0 0 0 0 0 0 0 0 0 0 0 0 0 0 0 0 0 0 0 0 0 0 1 0 0 0 0 0 0 0 0 1 1 2 5 2 1 1 3 4 8 17 36 12 4 2 6 9 13 37 41 46 28 34 42 47 29 22 7 4 2 1 1 1 1 1 1 0 0 0 1 2 3 3 2 12 14 10 2 0 0 0 3 6 12 17 38 19 19 19 23 26 12 35 15
0 0 0 0 0 0 0 0 0 0 0 0 0 0 0 0 0 0 0 0 0 0 1 0 0 0 0 0 0 0 0 0 1 1 1 5 13 3 2 2 8 10 16 32 17 4 4 11 28 23 31 67 45 37 51 67 58 44 19 5 5 2 3 1 2 2 1 1 0 0 0 0 1 2 1 3 8 36 15 7 2 1 0 2 5 14 15 23 39 21 38 11 12 28 20 4
0 0 0 0 0 0 0 0 0 0 0 0 0 0 0 0 0 0 0 1 0 0 0 0 0 0 0 0 0 0 0 0 0 0 1 2 7 10 9 3 4 22 37 56 15 12 14 13 26 40 20 45 73 45 70 75 62 34 14 7 6 6 5 4 3 3 4 1 1 1 0 0 0 1 2 4 8 26 28 11 2 1 1 2 6 9 4 9 25 45 46 13 42 22 6 6
0 0 0 0 0 0 0 0 0 0 0 0 0 0 0 0 0 0 1 1 0 0 0 0 0 0 0 0 0 0 0 0 0 0 1 1 3 3 13 27 8 12 32 66 21 18 19 18 22 14 38 50 65 47 77 49 36 19 14 14 9 8 7 5 9 8 3 2 1 1 1 0 1 1 2 4 8 21 31 11 4 7 2 3 10 11 15 11 17 64 60 45 59 12 11 12
0 0 0 0 0 0 0 0 0 0 0 0 0 0 0 0 1 1 1 0 0 0 0 0 0 0 0 0 0 0 0 0 0 0 0 1 1 3 7 22 29 13 16 66 29 30 25 24 23 25 42 50 80 63 70 38 30 25 28 18 13 12 10 13 12 10 5 2 3 2 2 2 1 1 1 2 9 18 59 28 20 15 7 3 5 9 13 34 18 26 64 64 47 23 20 44
0 0 0 0 0 0 0 0 0 0 0 0 0 0 1 2 2 0 0 0 0 0 0 0 0 0 0 0 0 0 0 0 0 0 1 3 3 7 13 16 44 39 19 27 48 34 52 32 27 20 44 43 59 77 54 51 46 31 39 17 21 16 19 17 16 8 5 6 4 2 4 8 2 1 2 3 5 21 46 57 51 44 6 4 5 10 19 19 41 22 51 63 36 34 54 53
0 0 0 0 0 0 0 0 0 0 0 0 0 0 1 2 1 0 0 0 0 0 0 0 0 0 0 0 0 0 0 0 0 0 1 4 9 15 15 27 46 47 39 43 70 50 59 47 44 33 36 55 50 80 62 60 67 69 44 31 39 30 25 15 11 10 8 3 3 1 3 5 12 6 7 4 5 4 17 43 66 22 5 3 6 13 18 22 53 52 28 73 63 67 63 53
0 0 0 0 0 0 0 0 0 0 0 0 1 1 1 1 1 1 0 0 0 0 0 0 0 0 0 0 0 0 0 0 0 1 2 3 7 8 10 11 11 16 41 48 67 71 67 72 50 40 36 55 67 77 64 78 66 58 49 36 25 20 17 22 15 13 11 6 2 1 3 9 15 20 13 12 7 7 23 24 50 14 7 6 9 19 28 40 50 66 24 80 80 54 50 64
0 0 0 0 0 0 0 0 0 0 2 1 1 2 1 1 0 0 0 0 0 0 0 0 0 0 0 0 0 0 0 0 0 1 1 2 3 4 3 5 8 10 13 21 39 42 57 67 72 45 26 42 64 73 72 69 61 58 48 25 28 23 20 30 20 17 15 10 4 1 3 8 16 28 51 34 25 14 26 55 74 25 13 9 19 21 37 48 55 71 40 74 64 57 58 35
0 0 0 0 0 0 0 0 1 1 3 3 1 1 1 1 0 0 0 0 0 0 0 0 0 0 0 0 0 0 0 0 0 0 1 1 1 1 1 4 6 7 16 19 26 34 30 40 66 59 20 43 51 71 44 41 33 49 35 39 30 16 24 41 16 31 21 16 5 3 3 8 17 23 32 64 49 33 34 59 67 37 15 28 29 29 38 52 59 74 84 40 19 62 46 44
0 0 0 0 0 0 1 1 2 3 4 1 1 1 0 0 0 0 0 0 0 0 0 0 0 0 0 0 0 0 0 0 0 0 0 0 0 1 2 3 5 11 15 16 21 19 36 53 52 71 34 39 48 58 47 30 47 56 55 40 38 24 44 41 10 40 33 17 6 4 6 5 5 14 27 30 50 76 49 57 46 28 37 37 35 32 49 53 61 74 48 27 26 64 48 40
0 0 0 0 0 1 1 2 3 3 1 1 1 0 1 0 0 0 0 0 0 0 0 0 0 0 0 0 0 0 0 1 0 0 0 1 1 1 1 3 3 7 9 12 18 31 47 60 41 50 64 37 35 58 44 25 59 66 50 32 42 36 52 30 22 45 41 25 6 7 7 2 2 9 20 14 25 45 69 76 73 52 62 60 35 34 39 68 62 64 24 29 51 64 52 60
0 0 0 0 0 1 2 2 4 2 2 1 0 0 0 0 0 0 0 0 0 0 0 0 0 0 0 0 0 0 1 1 1 1 0 0 1 3 8 6 6 7 11 8 17 26 27 30 50 47 52 49 41 69 31 28 79 60 33 52 48 42 72 28 45 30 24 9 4 6 5 7 6 7 10 14 29 37 57 55 62 70 66 64 44 37 26 60 72 70 40 59 63 40 76 47
0 0 0 0 0 1 1 3 3 1 1 1 0 0 0 0 0 0 0 0 0 0 0 0 0 0 0 0 0 0 1 1 1 1 1 2 1 1 2 16 23 25 36 27 28 28 31 34 49 55 51 62 60 42 43 35 68 40 31 52 53 67 47 65 47 25 29 16 7 11 10 11 11 4 4 4 9 22 32 56 68 62 81 68 63 27 31 43 72 61 43 66 40 68 47 41
0 0 0 1 1 2 2 1 2 1 1 0 0 0 0 0 0 0 0 0 0 0 0 0 0 0 0 0 0 0 0 0 1 1 2 2 1 1 3 4 8 28 35 42 48 39 41 38 38 34 53 66 34 60 47 70 35 53 37 55 75 68 69 49 44 26 45 20 14 19 11 20 22 8 12 20 23 12 23 50 62 69 64 81 50 44 28 42 63 39 64 26 55 58 61 62
0 0 0 0 0 0 1 4 2 1 0 0 0 0 0 0 0 0 0 0 0 0 0 0 0 0 0 0 0 0 0 0 0 0 1 0 3 3 4 4 5 13 38 36 39 53 50 47 33 30 29 22 32 47 28 64 40 39 43 62 82 73 45 50 31 41 46 40 18 24 13 24 23 17 27 25 36 33 21 14 29 27 31 50 66 44 26 31 72 30 46 36 73 55 70 73
0 0 0 0 0 1 1 3 3 2 1 0 0 0 0 0 0 0 0 0 0 0 0 0 0 0 0 0 0 0 0 0 0 0 1 4 3 3 12 10 14 21 20 32 34 28 20 47 74 26 27 30 54 44 39 50 18 42 61 77 56 49 43 42 19 42 36 40 35 30 16 25 28 22 44 39 54 45 19 26 49 51 37 52 60 42 44 24 51 29 73 59 57 62 64 59
0 0 0 0 2 3 3 4 1 1 0 0 0 0 0 0 0 0 0 0 0 0 0 0 0 0 0 0 0 0 0 0 1 1 2 5 7 9 8 19 35 19 21 14 28 35 51 59 25 52 43 37 42 50 52 48 25 74 49 27 27 31 56 47 48 45 34 35 40 39 21 19 30 32 47 40 46 53 18 24 35 33 39 40 54 57 60 29 10 50 48 45 58 64 46 37
0 0 0 1 3 4 5 1 1 0 0 0 0 0 0 0 0 0 0 0 0 0 0 0 0 0 0 0 0 0 0 0 1 1 2 3 4 3 9 24 32 39 26 31 38 39 48 41 53 43 33 66 46 27 30 51 48 43 29 29 27 37 50 57 50 34 48 48 46 41 25 22 32 28 21 34 48 61 44 22 24 20 31 22 15 26 44 26 18 48 60 56 55 64 55 61
1 1 1 2 4 5 5 1 1 0 0 0 0 0 0 0 0 0 0 0 0 0 0 0 0 0 0 0 0 0 0 0 1 2 2 3 4 12 11 14 20 39 71 60 41 43 44 49 44 44 63 32 50 66 43 41 30 17 16 21 33 50 66 60 38 46 49 55 34 26 28 37 35 26 13 33 61 72 62 39 26 32 27 37 46 28 47 51 44 77 39 25 41 61 65 56
0 4 5 4 7 6 3 2 1 0 0 0 0 0 0 0 0 0 0 0 0 0 0 0 0 0 0 0 0 0 0 0 0 1 1 2 5 10 12 16 27 30 33 48 74 68 47 50 48 50 37 45 61 28 27 45 36 28 39 52 43 43 65 59 56 60 33 49 41 42 28 28 40 29 12 25 41 54 69 64 41 40 29 31 45 50 45 46 45 54 73 30 32 31 41 47
0 2 14 10 6 2 1 1 1 1 0 0 0 0 0 0 0 0 0 0 0 0 0 0 0 0 0 0 0 0 0 0 0 1 1 2 3 3 4 6 4 14 37 47 66 73 44 61 72 60 50 52 68 70 36 33 34 40 56 54 42 58 67 60 66 58 46 44 50 51 33 17 48 55 23 26 48 44 31 61 69 59 29 31 36 46 39 31 23 21 39 43 25 16 19 25
1 4 7 6 7 4 1 1 0 0 0 0 0 0 0 0 0 0 0 0 0 0 0 0 0 0 0 0 0 0 0 0 0 0 1 1 1 1 2 6 13 24 26 35 43 34 46 63 76 65 68 85 45 44 50 40 49 55 55 37 37 58 63 69 58 44 53 47 47 58 20 22 44 66 35 21 27 36 28 45 46 66 39 25 38 47 47 45 49 55 29 21 50 29 25 15
2 5 6 6 4 2 1 0 0 0 0 0 0 0 0 0 0 0 0 0 0 0 0 0 0 0 0 0 0 1 1 0 0 0 0 1 2 1 5 8 9 12 21 33 46 61 46 63 68 59 65 52 41 30 29 34 35 50 37 31 41 63 41 47 46 46 55 58 53 42 20 36 42 68 48 34 19 26 23 33 29 33 60 35 37 57 53 78 52 37 19 19 21 36 46 28
4 9 10 4 2 1 1 0 0 0 0 0 0 0 0 0 0 0 0 0 0 0 0 0 0 0 0 0 0 0 0 1 1 0 0 0 1 1 2 6 8 11 21 24 61 55 47 66 27 33 32 37 33 31 26 11 14 25 39 34 39 69 47 44 45 64 59 43 35 39 20 34 59 55 63 31 31 27 18 26 40 41 40 53 20 62 23 23 68 50 46 19 19 14 21 26
11 11 8 2 1 0 0 0 0 0 0 0 0 0 0 0 0 0 0 0 0 0 0 0 0 0 0 0 0 0 0 0 1 2 1 0 0 1 2 3 6 6 16 31 43 40 61 56 41 20 21 33 34 36 45 31 23 46 44 26 46 24 33 37 54 60 49 38 51 35 21 15 41 66 68 36 29 27 20 30 29 36 41 42 46 18 41 43 28 34 46 34 29 19 9 9
20 13 3 2 1 1 0 0 0 0 0 0 0 0 0 0 0 0 0 0 0 1 1 1 0 0 0 0 0 0 0 0 1 2 3 0 0 0 1 3 6 8 10 12 13 33 44 34 31 23 31 34 36 39 58 56 35 57 54 19 18 35 22 54 56 56 42 47 35 28 19 21 33 37 66 40 32 25 20 29 16 25 17 34 39 43 58 73 48 27 29 27 14 16 16 16
11 7 3 1 1 1 1 0 0 0 0 0 0 0 0 0 0 0 0 0 0 1 1 2 1 1 0 0 0 0 0 1 1 1 3 1 0 0 1 2 5 7 9 11 17 40 31 20 23 36 38 33 60 52 58 63 37 31 20 14 32 17 28 43 42 38 51 49 37 42 19 11 20 29 29 62 38 23 22 34 25 24 25 5 17 37 15 6 11 24 26 32 33 21 19 14
13 7 3 2 1 0 0 0 0 0 0 0 0 0 0 0 0 0 0 0 0 0 0 0 2 1 1 0 0 0 0 1 1 1 5 0 0 0 1 1 4 5 9 11 14 16 14 26 30 31 51 34 49 43 36 50 30 42 26 28 33 31 20 21 35 39 41 20 50 39 20 9 14 30 29 23 48 13 30 15 23 29 20 45 82 20 32 28 27 40 52 46 46 24 19 18
11 6 2 2 2 1 0 0 0 0 0 0 0 0 0 0 0 0 0 0 0 0 0 0 1 4 2 1 1 1 1 1 1 3 3 1 0 0 0 1 2 4 4 8 9 13 23 29 26 39 31 34 38 42 45 49 62 46 33 24 33 32 13 31 35 28 26 36 36 39 21 14 15 12 24 18 17 26 18 18 24 12 27 22 43 69 44 60 55 62 68 59 62 47 52 54
17 7 3 1 1 1 0 0 0 0 0 0 0 0 0 0 0 0 0 0 0 0 1 1 1 2 9 2 2 1 1 3 2 8 2 1 0 0 0 1 1 2 3 4 8 13 21 25 24 26 29 33 51 57 50 36 38 38 29 42 52 54 34 35 18 27 37 44 28 29 21 14 12 17 16 24 16 7 17 18 9 11 27 17 5 38 84 63 66 68 52 56 47 46 24 18
