sesion_6_simulaciones/modelos_agentes/ejemplos_netlogo/scenarios/echam4_b2/rob_2081.asc
NCOLS 322 
NROWS 307 
XLLCORNER 451900 
YLLCORNER 4086900 
CELLSIZE 100 
NODATA_value -9999 
[rows 222 to 295 of 307, columns 0 to 95 of 322]
1 1 2 5 4 3 9 10 2 6 6 6 14 5 4 3 2 1 1 1 4 8 10 13 7 6 5 12 20 6 5 14 16 5 12 8 5 6 10 28 8 8 15 12 8 29 18 29 39 69 68 37 26 30 28 16 27 46 29 40 50 36 29 59 43 56 39 50 43 37 34 30 15 10 7 5 3 2 1 1 0 0 0 0 1 3 7 20 23 14 10 9 17 28 48 35
1 2 1 1 2 4 5 12 9 4 3 7 9 5 2 2 2 5 6 6 7 11 6 22 10 10 8 7 8 9 5 9 5 5 14 2 3 5 7 18 13 8 5 10 4 3 9 7 9 46 59 40 45 30 25 27 17 22 40 48 44 63 37 46 62 42 42 49 54 34 18 19 11 7 4 2 2 2 1 1 0 0 0 2 2 4 8 13 33 34 16 20 32 37 10 11
1 4 8 19 7 9 8 13 9 11 14 20 8 6 4 7 5 10 4 4 24 4 7 7 6 4 4 14 7 6 4 6 3 7 5 3 5 5 4 11 6 5 5 22 24 21 21 24 25 12 19 36 25 22 18 19 20 32 36 41 48 56 39 75 76 57 48 37 35 23 17 16 9 6 5 2 1 0 0 0 0 0 1 4 5 13 9 24 50 48 23 32 40 36 10 8
3 6 8 19 24 26 8 7 5 17 14 10 6 4 4 6 1 1 1 11 4 5 14 7 4 6 5 5 3 2 3 2 4 1 2 6 2 5 2 8 4 7 11 9 12 27 25 49 54 29 17 22 15 24 13 16 21 40 36 37 53 37 34 31 43 38 29 29 20 14 14 8 6 5 2 1 1 0 0 0 0 1 3 5 8 21 28 30 64 61 54 55 30 22 12 13
1 2 3 3 8 46 24 3 10 10 14 5 9 9 1 1 1 0 3 16 3 8 8 5 3 4 3 1 3 1 2 6 3 1 3 3 4 5 2 4 8 18 22 8 18 28 33 19 56 73 23 20 9 15 16 27 26 27 32 27 24 20 30 18 17 28 38 24 15 8 5 5 7 3 1 1 1 0 0 0 1 2 6 7 8 24 49 58 64 72 55 32 27 16 11 8
2 1 4 6 9 11 6 4 5 7 10 12 17 4 1 1 4 6 13 19 4 4 6 7 4 2 3 1 2 2 1 2 8 1 1 1 2 3 15 22 6 6 6 31 17 23 48 32 31 14 25 33 29 27 28 33 41 31 33 30 29 17 21 16 15 24 21 9 6 9 5 2 2 1 1 0 0 0 1 2 2 3 10 12 11 23 51 77 65 15 15 8 11 13 8 7
1 2 3 9 7 7 8 7 4 10 7 6 7 3 4 11 13 14 12 13 3 4 4 4 1 1 2 1 2 2 0 0 2 2 1 2 2 1 10 26 18 7 21 18 70 39 19 24 26 26 19 43 40 39 45 45 29 37 22 17 16 6 2 3 11 12 12 7 6 4 3 2 1 1 1 0 0 1 3 3 4 10 11 15 29 36 40 74 48 23 20 16 13 16 9 13
0 1 5 4 6 6 10 7 6 5 6 10 8 10 8 15 9 4 9 5 2 2 1 1 0 2 1 0 2 1 0 0 1 1 4 6 4 2 2 7 12 5 6 7 29 72 42 25 24 26 24 25 27 42 56 59 37 33 13 12 5 5 7 18 21 14 3 3 5 2 1 1 0 0 0 1 3 3 4 6 15 13 26 23 48 54 54 54 33 22 29 42 21 15 10 9
1 2 2 5 7 6 11 5 5 4 2 5 4 10 5 10 7 4 3 4 1 1 1 1 1 0 0 1 0 1 0 1 1 1 1 4 3 9 5 2 7 22 17 23 39 19 26 18 14 19 17 18 31 35 35 42 50 37 35 15 18 15 8 12 16 10 3 3 1 1 1 0 0 0 1 2 4 5 7 12 24 17 36 31 27 65 81 53 37 48 58 42 20 11 10 4
0 1 2 5 4 3 4 11 2 5 2 3 4 5 3 6 4 2 1 1 1 0 0 0 0 0 0 0 0 0 0 0 3 1 1 1 6 3 6 6 3 7 41 60 70 37 16 10 23 29 32 16 24 37 33 40 39 16 24 34 18 12 7 10 6 10 5 2 1 1 1 2 1 1 2 4 6 15 22 31 41 39 44 25 18 39 69 40 32 65 58 29 20 15 11 6
0 0 2 2 2 2 1 4 2 2 2 2 2 3 2 2 3 1 1 1 0 0 0 0 0 0 0 0 0 0 0 1 1 4 2 2 2 3 6 3 6 7 8 24 28 19 21 12 25 21 36 24 24 26 27 51 33 23 9 8 12 7 2 5 1 8 4 4 2 2 2 1 1 2 4 7 11 25 34 48 57 67 48 31 24 26 44 47 56 50 31 18 10 10 14 12
0 0 1 1 1 3 2 2 2 2 2 2 1 2 1 1 1 0 0 0 0 0 0 0 0 0 0 0 0 0 0 0 0 0 0 1 1 2 3 3 5 12 35 23 22 12 15 6 10 13 24 19 23 32 41 29 26 11 5 1 8 18 7 11 11 8 7 6 4 1 0 2 3 5 5 8 14 39 42 61 76 68 55 54 29 32 69 71 59 41 35 22 19 23 18 8
0 0 0 0 0 1 4 4 7 1 1 1 0 1 0 0 1 0 0 0 0 0 0 0 0 0 0 0 0 1 1 0 0 0 1 2 3 6 5 9 15 20 27 42 41 45 55 25 27 43 36 23 24 22 21 23 13 6 5 10 8 21 26 15 7 4 2 1 2 1 1 5 7 7 12 9 21 41 49 63 60 75 61 63 48 74 55 58 41 52 51 51 39 29 18 12
0 0 0 0 0 1 1 1 1 1 1 1 0 0 0 0 0 0 0 0 0 0 0 0 0 0 0 0 0 0 4 7 4 3 10 4 6 4 8 7 20 27 25 49 29 20 25 6 16 36 53 44 26 18 19 21 23 18 38 23 14 17 11 13 6 2 1 0 1 0 5 8 18 12 22 13 17 28 54 65 80 66 68 60 72 52 55 58 35 39 68 61 51 24 19 27
0 0 0 0 0 0 0 1 1 1 0 0 0 0 0 0 0 0 0 0 0 0 0 0 0 0 0 1 0 0 1 3 22 7 18 48 42 23 26 21 10 47 51 41 62 51 57 34 30 40 39 37 44 22 23 46 42 30 22 13 14 24 20 7 1 1 2 2 0 1 2 6 23 32 26 17 22 18 36 37 74 80 74 41 35 78 47 58 60 65 48 55 48 42 32 29
0 0 0 0 0 0 0 1 1 1 0 0 0 0 0 0 0 1 0 0 1 0 0 0 0 0 0 0 0 0 1 1 2 23 13 47 55 52 51 42 38 21 66 69 72 48 69 43 32 37 26 26 15 20 9 11 17 21 20 15 11 7 2 1 1 2 3 1 1 2 5 10 18 34 36 21 25 33 36 33 59 74 66 27 62 61 50 73 76 60 63 58 58 41 58 48
0 0 0 0 0 0 0 0 0 0 0 0 0 0 0 0 0 0 0 0 0 1 1 0 0 0 0 0 0 0 0 1 2 3 3 20 66 28 62 29 36 37 37 64 58 54 39 24 55 50 41 38 44 41 30 18 17 15 12 11 10 2 2 1 2 2 2 1 1 2 5 15 22 45 62 42 28 38 52 53 63 72 45 39 58 25 15 34 53 32 32 53 45 49 37 23
0 0 0 0 0 0 0 0 0 0 0 0 0 0 0 0 0 0 0 0 0 0 2 1 0 0 0 0 0 1 1 1 2 6 3 7 32 48 51 52 51 41 49 43 49 64 60 39 19 46 46 46 43 47 43 23 17 8 10 8 5 3 3 6 1 0 1 1 2 5 10 11 29 34 55 61 35 33 38 67 62 80 32 36 65 30 35 34 27 23 22 37 41 34 14 6
0 0 0 0 0 0 0 0 0 0 0 0 0 0 0 0 0 0 0 0 0 0 0 0 1 0 0 1 1 1 2 2 3 8 10 11 12 44 32 43 18 26 19 32 33 37 13 46 33 31 43 32 31 41 40 39 32 23 17 25 11 8 7 2 1 0 1 2 5 11 17 24 27 32 34 65 71 46 63 47 72 62 50 71 30 35 42 41 52 58 39 47 45 32 16 7
0 0 0 0 0 0 0 0 0 0 0 0 0 0 0 0 0 0 0 0 0 0 0 1 0 0 0 0 0 0 1 2 3 6 10 21 11 14 16 11 22 14 8 10 17 30 27 40 25 24 36 31 30 27 25 28 24 18 14 11 5 3 3 1 1 1 2 4 14 13 18 25 39 31 40 37 82 38 38 61 68 46 52 63 57 52 42 71 71 34 41 35 29 13 8 6
0 0 0 0 0 0 0 0 0 0 0 0 0 0 0 0 0 0 0 0 0 0 0 0 0 0 0 1 0 1 3 2 3 8 10 22 24 15 11 6 7 12 18 18 30 33 27 18 23 35 30 29 22 28 25 24 22 10 8 6 4 2 1 0 1 2 6 11 13 19 34 19 11 39 70 55 74 47 46 59 63 57 44 55 41 30 32 60 55 54 31 27 21 12 9 3
0 0 0 0 0 0 0 0 0 0 0 0 0 0 0 0 0 0 0 0 0 0 0 0 1 1 1 0 1 1 2 3 5 9 11 22 25 45 32 13 14 10 12 13 18 17 22 15 12 24 21 28 30 27 17 16 12 7 7 6 4 2 1 1 1 6 14 15 19 24 32 33 22 40 60 43 64 72 44 52 54 61 62 63 43 56 42 49 56 53 41 36 19 15 8 8
0 0 0 0 0 0 0 0 0 0 0 0 0 0 0 0 0 0 0 0 0 0 0 0 0 0 1 3 5 3 3 3 7 13 17 17 25 37 50 49 22 17 19 27 31 21 14 19 30 25 36 37 20 17 23 16 21 13 7 5 2 2 2 3 2 10 17 30 39 43 37 40 27 40 74 43 21 58 79 50 63 65 59 52 42 36 13 37 57 52 34 18 19 17 23 19
0 0 0 0 0 0 0 0 0 0 0 0 0 0 0 0 0 0 0 0 0 0 0 0 1 0 0 1 1 7 11 9 13 22 18 14 30 48 57 50 28 27 26 37 38 46 30 47 32 20 11 12 19 22 8 10 10 9 3 5 5 3 2 5 7 16 20 40 50 54 49 54 40 46 63 67 25 44 57 53 51 32 26 17 26 42 24 31 40 37 31 26 26 24 24 19
0 0 0 0 0 0 0 0 0 0 0 0 0 0 0 0 0 0 0 0 0 0 0 0 0 1 1 0 0 5 4 26 41 20 20 32 28 33 53 55 52 57 45 30 46 62 39 41 37 24 23 25 15 24 13 9 10 13 13 9 4 1 4 8 13 15 23 45 48 64 54 65 39 37 55 66 51 28 60 32 23 14 28 22 26 13 14 25 49 50 30 30 32 32 25 10
0 0 0 0 0 0 0 0 0 0 0 0 0 0 0 0 0 0 0 0 0 0 0 0 0 1 1 1 1 1 1 1 16 21 19 19 17 39 35 27 27 21 19 21 32 55 35 36 32 33 26 20 14 8 6 13 17 14 8 8 2 1 3 5 12 25 41 44 43 54 77 56 60 33 32 58 46 65 36 22 26 19 20 23 35 19 30 41 41 23 28 42 50 33 26 10
0 0 0 0 0 0 0 0 0 0 0 0 0 0 0 0 0 0 0 0 0 0 0 0 0 0 1 1 2 3 2 4 7 5 3 8 17 27 16 25 15 16 10 18 20 26 27 41 23 23 21 21 25 21 6 10 12 19 12 5 1 0 1 8 11 23 20 21 26 30 50 72 78 33 20 44 25 57 20 33 18 20 14 27 33 37 41 23 39 36 44 53 32 24 16 10
0 0 0 0 0 0 0 0 0 0 0 0 0 0 0 0 0 0 0 0 0 0 0 0 0 0 2 2 1 1 1 2 7 11 9 8 24 32 29 27 31 27 46 41 27 29 34 39 36 28 13 21 18 14 18 16 14 9 6 3 0 1 2 6 14 21 30 51 37 23 35 40 56 61 34 30 52 38 30 26 12 27 32 25 16 36 46 41 54 62 41 41 22 16 12 16
0 0 0 0 0 0 0 0 0 0 0 0 0 0 0 0 0 0 0 0 0 0 0 0 3 6 3 1 3 7 8 5 11 13 13 14 25 41 35 35 44 35 28 32 33 33 50 57 41 33 36 30 40 38 27 11 8 9 6 3 1 4 3 7 21 27 46 56 56 35 24 26 43 57 60 31 59 37 40 39 35 23 33 45 40 41 58 53 47 58 60 34 35 25 13 13
0 0 0 0 0 0 0 0 0 0 0 0 0 0 0 0 0 0 0 0 0 0 0 1 3 9 7 2 1 3 5 6 4 6 12 11 15 23 22 48 59 35 42 45 59 56 52 59 47 41 48 55 40 29 27 19 18 8 7 3 1 5 6 17 26 40 63 58 38 38 33 40 39 29 19 64 59 36 29 28 22 28 50 46 52 63 61 72 63 59 37 28 25 27 18 12
0 0 0 0 0 0 0 0 0 0 0 0 0 0 0 0 0 0 0 0 0 0 0 4 5 1 5 4 4 7 9 8 5 4 7 7 16 24 36 36 30 33 66 62 70 64 50 37 35 33 18 32 39 23 20 16 10 8 7 2 2 6 6 20 36 47 59 55 51 58 48 40 62 56 41 39 53 45 21 27 32 46 49 33 49 54 56 46 63 38 26 23 35 25 19 16
0 0 0 0 0 0 0 0 0 0 1 0 0 0 0 0 0 0 0 0 0 0 0 3 1 1 3 9 10 25 56 11 20 13 9 5 12 46 35 40 56 16 20 11 19 40 28 44 30 36 32 36 35 31 15 10 10 8 8 2 2 8 10 20 45 65 56 51 38 71 79 32 60 70 66 47 33 32 32 18 29 29 38 58 52 50 39 39 46 42 44 48 42 36 19 7
0 0 0 0 0 0 0 0 0 0 0 0 0 0 0 0 0 0 0 0 0 0 0 1 0 0 0 7 6 6 17 55 20 29 30 29 31 33 28 30 44 47 37 48 51 36 42 58 46 46 44 27 23 21 21 15 16 14 11 4 4 14 31 38 50 55 56 50 41 35 59 73 37 55 60 58 42 21 42 31 46 51 38 33 48 49 40 34 40 63 57 51 33 20 19 7
0 0 0 0 0 0 0 0 0 0 0 0 0 0 0 0 0 0 0 0 0 0 0 2 1 0 1 1 3 7 4 8 30 23 45 46 29 8 10 10 24 32 32 42 57 63 49 34 54 50 36 46 44 27 19 30 15 14 12 4 8 20 43 54 67 69 50 43 68 55 36 28 60 61 41 55 35 31 59 58 20 20 25 36 39 33 52 44 50 37 37 25 15 16 8 7
0 0 0 0 0 0 0 0 0 0 0 0 0 0 0 0 0 0 0 0 0 1 1 3 2 1 1 2 4 4 4 2 2 5 7 8 9 9 10 7 6 14 14 19 44 48 36 58 57 54 52 47 43 38 37 31 28 15 12 3 13 26 40 64 70 65 50 59 55 72 48 42 23 19 32 34 58 44 25 35 31 46 44 55 50 45 61 58 36 26 25 27 17 6 8 9
0 0 0 0 0 0 0 0 0 0 0 0 0 0 0 0 0 0 0 0 0 1 1 2 1 0 1 3 2 6 8 3 12 19 26 25 22 20 22 11 10 13 42 52 56 40 50 49 55 59 58 50 47 43 36 34 27 16 8 2 6 23 56 68 60 72 53 60 57 45 80 51 34 20 11 50 31 45 37 39 45 62 64 58 51 63 54 48 31 27 26 25 14 9 13 15
0 0 0 0 0 0 0 0 0 0 0 0 1 1 0 1 0 0 0 0 0 0 1 1 1 2 0 3 3 7 4 12 13 9 14 18 16 19 9 17 42 53 30 34 30 46 44 43 57 51 61 59 49 44 38 38 20 18 9 6 6 13 35 65 82 70 50 59 52 41 34 46 48 10 6 16 53 58 58 50 48 51 57 67 62 45 53 41 58 38 26 21 8 16 10 33
0 0 0 0 0 0 0 0 0 0 0 0 0 1 1 0 0 0 0 0 0 0 1 2 3 1 2 2 2 3 4 25 9 10 15 20 21 15 22 27 52 46 46 45 51 54 57 53 66 60 62 55 52 44 43 25 19 15 17 7 10 14 34 53 73 59 67 70 55 67 57 53 41 14 15 26 41 37 49 41 44 44 45 54 46 44 46 54 60 56 28 28 19 23 20 40
0 0 0 0 0 0 0 0 0 0 0 0 0 3 0 0 0 0 0 0 0 0 1 0 1 0 4 1 3 2 8 6 13 19 16 19 21 26 36 33 26 41 49 58 57 63 58 69 65 47 44 45 43 48 49 31 24 19 15 6 12 20 35 49 61 53 44 59 71 53 65 47 42 14 26 34 41 45 33 32 39 42 34 31 34 39 41 44 40 48 44 39 18 34 39 37
0 0 0 0 0 0 0 0 0 0 0 0 0 0 0 0 0 0 0 0 0 1 1 0 0 1 1 2 3 8 12 12 13 17 13 17 30 31 39 35 41 57 62 48 44 62 66 67 54 54 50 50 44 38 37 44 38 23 11 7 13 28 40 50 50 53 42 43 64 76 61 47 32 59 43 21 15 23 34 38 34 41 44 43 33 44 30 50 40 35 41 36 19 34 34 31
0 0 0 0 0 0 0 0 0 0 0 0 0 0 0 0 0 0 0 0 0 0 0 1 1 1 1 3 8 2 2 4 13 11 17 24 29 30 31 33 40 52 41 48 63 62 65 70 51 57 52 49 45 30 34 40 26 24 22 9 9 19 51 57 62 50 44 38 35 34 39 34 32 40 7 16 21 24 22 25 29 30 29 50 46 46 43 44 37 37 40 24 23 38 33 43
0 0 0 0 0 0 0 0 0 0 0 0 0 0 0 0 0 0 0 0 0 0 2 2 1 1 1 3 2 2 3 5 8 9 15 21 24 27 23 50 39 33 36 53 28 47 67 71 70 67 38 41 39 47 47 34 28 31 21 9 4 15 26 51 53 51 76 50 47 42 32 15 24 36 19 22 31 24 25 25 36 33 41 45 47 20 26 23 32 51 40 16 30 48 49 46
0 0 0 0 0 0 0 0 0 0 0 0 0 0 0 0 0 0 0 0 0 1 1 0 0 1 1 1 1 2 4 5 4 8 11 29 15 16 33 27 23 48 60 32 52 54 57 65 57 44 41 52 54 52 50 50 44 38 24 13 7 14 37 42 47 63 71 80 40 46 30 15 15 42 39 15 23 34 41 23 27 31 44 42 33 15 39 39 32 25 18 8 34 47 45 41
0 0 0 0 0 0 0 0 0 0 0 0 0 0 0 0 0 0 0 0 0 0 0 0 1 0 0 1 1 2 6 5 5 8 12 17 14 25 33 37 27 25 33 46 44 53 42 50 51 53 52 64 63 42 45 45 48 30 28 16 10 26 32 47 55 55 65 69 55 49 30 27 29 39 19 15 17 21 31 34 25 57 48 28 38 46 41 35 22 12 10 22 40 48 43 44
0 0 0 0 0 0 0 0 0 0 0 0 0 0 0 0 0 0 0 0 0 0 0 0 0 0 1 1 3 2 3 2 4 5 15 8 31 27 35 18 13 16 24 41 54 51 52 58 61 63 61 61 52 40 36 35 33 32 32 27 17 32 42 54 63 58 47 38 53 62 45 13 19 38 12 16 38 40 40 50 46 35 38 39 44 49 26 31 20 17 18 37 40 41 30 41
0 0 0 0 0 0 0 0 0 0 0 0 0 0 0 0 0 0 0 0 0 0 0 0 0 1 1 1 1 1 2 3 4 5 20 7 5 3 5 13 15 33 46 55 59 56 53 59 48 66 51 49 58 42 46 32 31 33 31 30 20 41 51 48 61 53 43 21 35 48 39 18 26 30 14 7 20 46 49 49 54 28 39 42 41 46 27 23 39 20 34 37 20 43 40 40
0 0 0 0 0 0 0 0 0 0 0 0 0 0 0 0 0 0 0 0 0 0 0 0 1 1 1 1 1 1 3 3 2 17 3 2 8 11 14 17 32 46 42 52 58 65 62 61 50 54 54 54 56 56 51 48 43 34 32 19 35 46 61 74 61 52 37 38 40 34 37 14 19 22 30 17 22 25 43 51 43 50 36 43 46 40 33 12 17 32 30 18 27 32 55 37
0 0 0 0 0 0 0 0 0 0 0 0 0 0 0 0 0 0 0 0 0 0 0 0 0 1 1 1 1 1 2 2 3 3 1 3 5 7 14 49 32 32 47 53 58 63 54 52 48 42 50 52 55 44 53 39 47 47 32 33 38 61 48 61 55 46 37 44 40 26 42 26 14 25 23 19 25 28 32 36 47 41 32 34 42 32 20 7 16 40 20 29 36 33 52 32
0 0 0 0 0 0 0 0 0 0 0 0 0 0 0 0 0 0 0 0 1 0 0 0 1 0 1 1 1 1 3 10 4 0 1 4 3 14 23 25 30 43 49 36 43 50 53 55 44 50 50 52 54 54 55 52 51 49 36 35 36 40 44 42 54 65 44 62 55 32 19 14 20 17 28 32 22 23 22 26 34 34 31 40 44 32 16 9 33 33 32 48 51 35 40 28
0 0 0 0 0 0 0 0 0 0 0 0 0 0 0 0 0 0 0 0 0 0 0 0 0 0 0 0 1 1 5 2 1 1 5 2 5 4 10 31 45 29 24 62 58 39 48 54 54 52 51 53 52 52 53 54 51 36 36 38 39 56 35 35 28 46 62 58 47 36 37 26 12 19 12 15 12 18 31 39 30 39 32 48 50 16 11 32 25 33 44 48 38 21 34 32
0 0 0 0 0 0 0 0 0 0 0 0 0 0 0 0 0 0 0 0 0 0 0 0 0 0 0 0 2 1 2 0 1 1 3 7 4 5 14 22 27 25 39 20 35 31 47 62 50 52 53 53 53 51 54 54 38 26 40 51 39 53 42 40 36 43 43 67 29 21 7 17 9 6 7 17 26 23 23 26 30 27 49 48 26 14 22 29 33 28 30 37 47 33 32 29
0 0 0 0 0 0 0 0 0 0 0 0 0 0 0 0 0 0 0 0 0 0 0 0 0 0 0 1 3 1 1 0 1 1 4 7 7 6 8 13 15 28 25 20 26 61 49 47 46 63 54 50 53 53 53 50 36 26 47 49 63 64 43 40 30 45 47 38 40 15 7 5 7 11 10 24 21 26 25 32 27 37 29 23 16 23 35 38 29 43 37 25 25 29 23 19
0 0 0 0 0 0 0 0 0 0 0 0 0 0 0 0 0 0 0 0 0 0 0 0 0 0 0 1 1 0 1 1 1 2 6 5 4 5 5 4 6 18 37 34 41 36 44 49 60 48 51 65 34 50 50 36 22 45 53 50 72 61 38 47 30 23 31 45 29 4 15 5 6 11 15 19 20 27 33 29 28 39 20 27 20 33 37 38 28 29 34 22 21 27 31 23
0 0 0 0 0 0 0 0 0 0 0 0 0 0 0 0 0 0 0 0 0 0 0 0 0 0 0 1 0 0 0 0 2 5 6 5 3 4 4 6 11 19 25 46 30 35 37 61 45 46 65 53 54 53 37 36 22 41 61 56 57 59 38 44 42 26 25 18 29 3 4 13 14 9 11 17 30 28 42 44 35 35 16 13 19 34 41 41 43 36 31 30 19 22 35 26
0 0 0 0 0 0 0 0 0 0 0 0 0 0 0 0 0 0 0 0 0 0 0 0 0 0 0 0 0 0 1 1 2 3 1 1 3 2 4 4 7 15 24 37 41 29 55 35 57 63 47 47 52 52 38 35 22 38 59 58 46 49 27 26 39 18 30 8 11 3 3 11 4 12 15 18 27 42 68 44 45 18 13 18 29 31 38 39 27 16 20 37 14 16 27 42
0 0 0 0 0 0 0 0 0 0 0 0 0 0 0 0 0 0 0 0 0 0 0 0 0 0 0 0 0 0 1 0 1 1 0 1 1 1 2 7 12 16 23 30 27 19 40 50 50 45 53 45 49 50 50 32 31 36 60 69 52 42 31 20 31 23 6 7 14 2 6 5 5 9 13 19 43 28 30 40 18 11 15 30 29 34 42 35 19 19 27 13 8 9 15 39
0 0 0 0 0 0 0 0 0 0 0 0 0 0 0 0 0 0 0 0 0 0 0 0 0 0 0 0 0 0 1 1 1 0 0 0 2 2 2 2 4 14 11 16 28 16 14 15 29 35 51 47 45 48 34 21 35 46 57 52 66 47 20 16 17 17 9 2 5 0 1 2 5 12 18 35 41 44 40 41 20 11 17 27 27 50 53 38 24 21 23 23 18 8 13 24
0 0 0 0 0 0 0 0 0 0 0 0 0 0 0 0 0 0 0 0 0 0 0 0 0 0 0 0 0 0 1 0 0 0 0 1 1 1 1 2 8 10 7 15 10 14 19 29 32 48 39 48 48 33 30 18 30 44 56 49 45 21 18 16 15 4 5 4 4 1 1 2 4 3 17 42 41 40 26 27 11 16 25 26 29 48 40 14 20 28 15 24 11 11 14 26
0 0 0 0 0 0 0 0 0 0 0 0 0 0 0 0 0 0 0 0 0 0 0 0 0 0 0 0 0 0 0 0 0 0 1 1 2 1 2 5 4 7 14 8 11 14 28 28 40 33 35 40 46 30 13 27 32 64 48 41 31 24 14 21 12 4 2 6 2 1 2 6 9 22 35 32 31 15 15 9 11 24 23 24 27 49 42 10 10 25 15 30 12 11 13 40
0 0 0 0 0 0 0 0 0 0 0 0 0 0 0 0 0 0 0 0 0 0 0 0 0 0 0 0 0 0 0 0 0 1 1 1 1 1 3 2 7 7 5 10 10 20 26 39 41 36 48 37 28 30 18 29 31 52 58 25 22 19 6 4 6 6 1 3 2 4 6 4 8 16 14 28 24 19 8 20 15 23 26 37 28 40 42 15 15 15 7 32 12 11 13 20
0 0 0 0 0 0 0 0 0 0 0 0 0 0 0 0 0 0 0 0 0 0 0 0 0 0 0 0 0 0 0 0 2 1 0 0 1 1 2 4 11 7 14 7 11 26 32 24 26 47 41 29 25 27 16 40 49 36 35 29 13 10 9 2 8 5 2 1 2 4 3 4 12 13 24 16 21 25 14 27 25 21 25 33 22 23 24 20 24 14 11 31 11 11 9 16
0 0 0 0 0 0 0 0 0 0 0 0 0 0 0 0 0 0 0 0 0 0 0 0 0 0 0 0 0 0 0 1 0 0 0 1 0 0 2 2 5 3 17 10 15 27 12 19 32 32 26 26 23 24 23 37 40 40 24 19 7 5 5 3 2 4 1 0 1 5 3 7 14 23 20 23 29 30 18 22 22 30 24 28 18 13 20 19 17 14 12 30 10 8 11 14
0 0 0 0 0 0 0 0 0 0 0 0 0 0 0 0 0 0 0 0 0 0 0 0 0 0 0 0 0 0 1 1 0 0 1 0 0 0 1 2 2 4 8 11 13 12 16 17 24 23 21 22 18 20 26 22 28 40 16 7 10 2 3 3 1 1 0 0 0 1 4 16 24 19 16 19 20 9 13 17 18 26 23 27 16 20 26 28 18 14 10 19 16 5 11 13
0 0 0 0 0 0 0 0 0 0 0 0 0 0 0 0 0 0 0 0 0 0 0 0 0 0 0 0 0 0 0 0 0 0 0 0 0 0 3 1 1 1 7 5 14 8 12 9 22 24 16 16 13 15 19 27 21 27 14 8 4 3 2 2 0 0 1 1 1 2 3 11 14 10 11 13 8 10 18 15 16 24 26 11 17 15 22 23 14 13 8 13 14 4 5 15
0 0 0 0 0 0 0 0 0 0 0 0 0 0 0 0 0 0 0 0 0 0 0 0 0 0 0 0 0 0 0 0 0 0 1 0 1 0 3 1 0 1 7 4 9 7 10 17 14 17 17 14 12 24 25 14 20 13 9 2 3 2 1 1 0 0 1 2 2 1 6 11 23 25 27 9 9 9 15 21 27 14 20 10 15 20 17 16 10 12 6 9 13 9 3 6
0 0 0 0 0 0 0 0 0 0 0 0 0 0 0 0 0 0 0 0 0 0 0 0 0 0 0 0 0 0 0 0 0 1 0 0 1 0 7 2 0 2 1 5 5 5 13 5 11 12 8 11 9 20 25 10 8 6 5 4 1 1 1 0 0 0 0 1 1 1 4 9 18 37 20 10 10 15 11 22 20 16 13 12 7 16 15 15 10 11 3 9 5 5 3 2
0 0 0 0 0 0 0 0 0 0 0 0 0 0 0 0 0 0 0 0 0 0 0 0 0 0 0 0 0 0 0 0 0 0 0 1 0 0 2 2 1 2 1 6 3 3 5 3 6 7 10 6 7 11 10 24 4 3 2 1 1 0 0 0 0 0 1 1 1 1 6 9 8 27 15 7 15 13 11 13 18 14 11 8 7 13 11 15 8 7 3 6 5 2 3 2
0 0 0 0 0 0 0 0 0 0 0 0 0 0 0 0 0 0 0 0 0 0 0 0 0 0 0 0 0 0 0 0 0 0 0 0 0 0 0 4 1 2 1 4 1 4 2 5 6 4 7 4 5 5 9 7 5 2 1 0 1 0 0 0 0 0 1 1 2 2 4 8 12 12 8 13 12 11 10 8 10 11 14 7 5 10 10 9 8 3 2 6 3 3 3 1
0 0 0 0 0 0 0 0 0 0 0 0 0 0 0 0 0 0 0 0 0 0 0 0 0 0 0 0 0 0 0 0 0 0 0 0 0 0 0 2 3 2 2 1 1 1 1 3 3 1 5 3 3 3 4 7 3 2 1 0 0 0 0 0 0 0 0 1 2 4 10 9 10 5 12 11 10 15 13 7 6 8 6 8 8 10 3 7 3 2 2 7 2 4 2 1
0 0 0 0 0 0 0 0 0 0 0 0 0 0 0 0 0 0 0 0 0 0 0 0 0 0 0 0 0 0 0 0 0 0 0 0 0 0 0 0 4 2 1 0 1 1 3 1 2 1 2 3 2 4 3 2 1 1 1 0 0 0 0 0 0 0 1 1 2 3 8 13 3 4 7 7 11 7 6 4 4 2 5 6 5 3 4 3 3 1 1 6 2 2 3 1
0 0 0 0 0 0 0 0 0 0 0 0 0 0 0 0 0 0 0 0 0 0 0 0 0 0 0 0 0 0 0 0 0 0 0 0 1 0 0 0 1 2 1 1 0 4 2 1 1 2 3 3 1 3 5 1 2 0 0 0 0 0 0 0 0 0 0 1 3 9 5 3 3 6 5 5 4 4 2 1 2 3 4 3 4 2 4 2 0 1 0 2 2 1 1 1
0 0 0 0 0 0 0 0 0 0 0 0 0 0 0 0 0 0 0 0 0 0 0 0 0 0 0 0 0 0 0 0 0 0 0 0 0 0 0 0 1 1 1 1 1 7 1 1 1 1 2 2 2 5 3 1 1 0 0 0 0 0 0 0 0 0 1 1 8 4 3 3 5 4 4 3 5 5 3 2 2 4 3 4 2 2 1 3 0 1 1 1 2 1 0 1
0 0 0 0 0 0 0 0 0 0 0 0 0 0 0 0 0 0 0 0 0 0 0 0 0 0 0 0 0 0 0 0 0 0 0 0 0 0 0 0 1 1 1 1 0 1 1 2 1 0 1 2 2 2 2 1 1 0 0 0 0 0 0 0 0 1 1 2 2 2 4 3 3 3 6 2 2 4 3 1 3 2 2 3 1 1 0 1 1 0 2 0 1 0 1 0
0 0 0 0 0 0 0 0 0 0 0 0 0 0 0 0 0 0 0 0 0 0 0 0 0 0 0 0 0 0 0 0 0 0 0 0 0 0 0 0 0 0 0 1 0 1 1 1 1 1 1 2 1 1 1 0 0 0 0 0 0 0 0 0 0 0 0 2 4 2 3 2 2 4 2 1 1 4 4 1 2 1 1 1 1 1 0 0 1 1 1 0 0 0 1 1
