sesion_6_simulaciones/modelos_agentes/ejemplos_netlogo/scenarios/echam4_b2/rob_2082.asc
NCOLS 322 
NROWS 307 
XLLCORNER 451900 
YLLCORNER 4086900 
CELLSIZE 100 
NODATA_value -9999 
[rows 225 to 299 of 307, columns 0 to 95 of 322]
15 26 30 50 51 56 22 17 10 36 34 25 13 9 10 14 4 2 1 24 13 16 37 22 14 20 17 19 12 9 13 12 18 4 8 24 12 24 12 36 20 28 43 33 35 57 45 65 66 40 23 29 20 30 16 18 22 37 30 28 38 22 19 15 20 17 10 9 6 3 3 2 1 1 0 0 0 0 0 0 0 0 1 1 1 4 7 9 33 29 26 26 9 6 3 2
3 8 11 9 20 69 43 6 23 25 38 13 24 19 3 2 1 1 7 36 8 23 31 25 13 19 10 5 12 7 12 29 16 8 12 14 21 28 11 19 35 56 56 25 41 51 53 30 66 79 31 26 12 17 18 27 24 20 22 16 13 9 14 7 6 10 13 7 3 2 1 1 1 0 0 0 0 0 0 0 0 0 1 1 1 5 16 26 35 47 25 12 9 3 2 2
8 7 13 16 22 22 12 10 11 18 31 32 38 9 2 1 9 13 31 46 14 17 24 33 21 12 14 6 8 12 4 13 32 7 6 7 13 16 51 64 26 25 20 59 35 39 63 45 39 18 33 40 34 30 29 32 34 22 20 16 13 7 8 5 5 7 6 2 1 2 1 0 0 0 0 0 0 0 0 0 0 0 1 2 2 5 21 51 39 5 5 2 2 3 2 1
7 10 12 26 19 16 19 18 11 28 23 20 17 7 10 25 30 34 33 41 13 17 19 21 4 3 12 3 9 13 3 3 10 12 5 14 10 7 39 63 50 23 46 33 82 53 29 35 36 34 24 48 45 42 46 39 22 24 11 7 6 2 1 1 3 3 3 1 1 1 1 0 0 0 0 0 0 0 0 1 1 2 2 3 8 12 16 52 26 9 7 4 3 3 2 2
2 7 18 14 15 15 26 22 19 18 20 29 20 22 20 36 26 13 31 25 13 10 7 6 2 11 3 1 10 7 2 3 4 7 19 30 19 12 9 23 32 18 15 13 39 78 54 34 31 33 29 30 31 43 52 52 26 18 6 4 1 1 2 6 6 3 1 1 1 0 0 0 0 0 0 0 0 1 1 1 3 2 6 6 15 25 27 33 15 8 10 16 5 3 2 1
7 10 10 16 22 17 33 17 22 18 10 18 14 28 16 30 25 18 13 21 4 5 5 4 4 2 3 4 3 6 2 4 4 5 8 19 14 36 18 7 20 44 32 38 53 27 35 24 19 24 20 20 33 34 31 32 35 20 17 6 6 5 2 3 4 2 1 1 0 0 0 0 0 0 0 0 1 1 1 2 6 4 12 9 9 39 64 34 19 22 27 16 5 2 2 1
3 8 11 22 14 12 16 39 9 19 10 10 14 19 11 24 17 10 7 9 4 3 3 4 2 2 2 2 1 2 2 2 15 7 7 5 30 13 21 18 8 15 59 71 78 47 22 13 29 35 35 16 24 34 27 29 23 7 10 14 7 3 2 2 1 2 1 0 0 0 0 0 0 0 0 1 1 3 5 7 15 14 17 9 6 20 53 25 17 37 28 9 4 3 2 1
2 3 11 12 10 11 9 17 8 11 9 8 10 16 10 8 17 3 4 4 1 2 0 2 1 2 1 1 1 1 2 3 5 20 11 13 9 11 19 8 15 14 14 33 36 26 26 16 31 23 37 22 21 21 19 34 17 9 3 2 4 2 1 1 0 2 1 1 0 0 0 0 0 0 1 1 2 6 10 19 27 43 23 14 9 13 28 32 37 28 11 5 2 2 3 2
1 1 6 6 5 16 12 9 9 9 11 9 4 12 6 4 5 2 2 2 2 0 0 0 1 1 0 1 2 1 2 1 2 2 2 7 4 6 9 7 12 24 50 32 31 16 20 8 13 14 22 17 19 23 27 16 11 4 2 0 2 5 2 2 2 2 1 1 1 0 0 0 0 1 1 1 3 12 13 31 56 49 34 36 16 19 57 59 42 20 15 7 5 5 4 1
1 0 1 3 3 9 18 20 30 4 6 8 1 5 2 2 5 1 1 1 1 1 0 1 1 0 0 1 3 5 7 1 3 3 9 13 15 18 16 23 33 37 44 55 52 54 58 28 30 44 33 19 17 13 11 10 5 2 1 3 2 6 8 3 1 1 0 0 0 0 0 1 1 1 2 2 4 14 20 36 37 61 48 52 36 67 46 46 27 32 26 20 12 7 4 2
0 0 1 2 2 4 4 6 4 7 6 3 1 1 1 1 2 0 1 1 0 1 0 1 0 0 0 1 3 2 18 32 19 15 37 20 24 17 24 22 40 47 42 65 40 27 29 7 18 35 49 36 17 11 10 10 9 6 16 8 4 5 3 3 1 0 0 0 0 0 1 1 4 3 5 3 4 9 26 40 67 55 59 53 68 50 51 48 21 22 46 31 19 7 5 6
0 0 0 0 1 2 3 4 4 3 2 2 0 1 0 1 1 0 0 0 0 0 0 0 1 0 2 4 4 2 4 14 59 30 49 78 75 54 58 46 20 62 68 58 73 60 62 37 32 39 35 29 32 12 12 26 21 12 8 4 4 6 5 1 0 0 0 0 0 0 0 1 5 9 8 5 7 6 15 18 62 75 71 37 33 78 45 50 47 49 29 30 21 16 8 7
0 0 0 0 0 2 1 4 3 4 1 0 1 0 0 1 0 8 0 1 5 3 1 0 0 0 0 1 1 3 4 4 8 55 37 75 80 75 75 64 56 33 74 76 78 56 71 46 34 36 21 18 9 11 4 5 7 8 7 4 2 2 0 0 0 0 0 0 0 0 1 2 4 10 12 7 9 12 15 18 50 72 64 26 62 62 49 69 69 44 44 35 28 16 22 14
0 0 0 0 2 0 1 2 2 3 1 0 0 0 0 0 0 0 1 1 1 6 5 1 0 0 1 1 1 3 3 6 9 12 10 41 83 51 77 44 51 50 49 70 65 60 42 25 54 46 34 29 30 24 15 8 6 5 3 3 2 0 0 0 0 0 0 0 0 0 1 3 6 15 32 19 12 19 32 37 58 72 47 41 60 26 15 28 42 20 18 31 22 21 12 5
0 0 0 0 0 0 1 1 1 1 1 0 0 0 0 0 0 0 0 1 1 0 9 4 1 0 1 4 2 3 6 4 8 20 11 16 50 65 64 62 61 51 58 50 55 68 62 38 18 42 37 33 29 29 23 9 6 2 3 2 1 1 1 1 0 0 0 0 0 1 2 2 8 12 28 37 18 18 22 59 61 82 36 41 69 31 32 29 19 14 12 19 18 12 3 1
0 0 0 0 0 0 0 0 0 0 0 0 0 0 0 0 0 0 0 2 0 0 0 3 4 0 1 3 4 6 12 10 14 26 24 23 21 56 43 52 25 34 24 38 38 39 13 45 29 25 32 20 19 23 22 17 13 8 5 7 3 2 1 0 0 0 0 0 1 2 4 7 9 12 15 43 55 32 51 45 74 67 58 76 33 37 41 36 43 41 23 24 18 10 3 1
0 0 0 0 0 0 0 0 0 0 0 0 0 0 0 0 0 1 1 1 0 0 0 5 2 2 2 1 1 3 6 8 15 20 25 35 18 19 23 17 29 20 10 12 19 31 27 36 19 16 25 19 17 13 10 11 8 5 4 3 1 1 1 0 0 0 0 1 3 3 4 7 13 11 18 20 73 28 31 63 73 53 60 69 61 54 41 67 62 22 21 15 9 3 1 1
0 0 0 0 0 0 0 0 0 0 0 0 0 0 0 0 0 0 1 1 1 0 0 1 1 1 1 4 1 5 15 10 11 21 23 37 36 21 16 9 9 16 22 22 33 33 24 14 17 24 17 16 11 12 10 8 7 2 2 1 1 0 0 0 0 0 1 2 3 5 11 6 3 17 49 41 68 45 47 64 71 66 51 61 46 31 32 57 46 36 15 10 6 3 2 1
0 0 0 0 0 0 0 0 0 0 0 0 1 1 2 2 0 0 0 0 1 1 1 3 9 4 4 4 4 4 11 15 18 27 25 38 39 57 42 18 19 13 14 14 18 15 19 11 7 14 11 15 15 12 6 5 3 2 2 1 1 0 0 0 0 1 3 3 5 7 11 13 8 19 42 32 59 74 49 62 65 69 69 67 47 58 41 46 44 34 20 14 5 4 2 1
0 0 0 0 0 0 0 0 0 0 0 0 0 0 0 3 0 0 0 0 1 1 1 1 1 2 7 15 22 17 14 18 24 36 37 34 41 51 61 58 28 21 22 28 30 18 11 14 19 15 21 20 9 6 8 5 6 3 1 1 0 0 0 0 0 2 4 9 14 18 15 18 12 21 63 35 18 61 84 60 70 71 65 57 45 35 12 30 43 28 15 6 6 4 6 4
0 0 0 0 0 0 0 0 0 0 0 1 0 0 0 0 0 0 0 0 1 2 1 1 4 3 1 6 7 28 36 36 42 53 42 31 48 63 69 59 34 32 29 38 39 41 24 38 24 11 5 6 8 8 2 3 2 2 1 1 1 0 0 1 1 4 5 14 22 28 26 32 23 30 56 65 24 50 67 60 59 40 30 19 27 39 20 24 26 17 13 9 8 7 5 4
0 0 0 0 0 0 0 0 0 0 0 0 0 0 1 0 0 0 0 1 2 1 1 2 2 5 3 1 1 22 15 56 74 49 48 55 43 48 63 64 58 63 49 32 45 57 31 33 25 13 13 11 6 8 4 3 3 3 3 2 1 0 1 2 3 4 7 18 23 39 33 47 26 25 50 67 55 35 68 40 29 18 33 24 26 12 11 17 32 27 13 11 11 10 7 2
0 0 0 0 0 0 0 0 0 0 0 0 0 0 0 0 0 1 0 1 1 1 1 1 1 3 7 3 3 3 5 5 40 43 37 36 29 51 45 34 32 24 21 21 31 51 29 26 20 18 13 8 5 2 2 4 5 3 2 2 0 0 1 1 2 7 15 20 20 31 61 42 50 24 28 60 52 74 45 29 35 24 25 26 34 17 23 27 22 11 12 19 20 11 6 2
0 0 0 0 0 0 0 0 0 0 0 0 0 0 0 0 0 1 1 0 0 0 0 1 1 2 4 4 11 13 7 16 20 14 7 16 26 36 23 31 18 19 11 18 19 22 21 29 13 11 10 8 9 7 2 3 4 5 3 1 0 0 0 1 2 6 6 7 11 15 33 62 73 28 18 46 31 67 29 41 24 25 17 29 33 32 28 13 23 19 21 28 12 8 4 2
0 0 0 0 0 0 0 0 0 0 0 0 0 0 0 0 1 1 2 0 0 0 1 1 2 2 9 10 5 5 5 7 18 26 18 16 35 43 37 33 37 30 49 40 24 24 26 27 22 14 5 8 6 4 6 5 4 2 1 1 0 0 0 1 3 6 10 25 18 11 21 30 52 60 35 31 62 49 40 33 17 32 34 26 14 31 35 28 37 42 21 18 8 5 3 3
0 0 0 0 0 0 0 0 0 0 0 0 0 0 0 1 1 0 1 0 1 1 1 1 17 26 16 6 16 28 27 15 28 30 26 26 37 53 44 43 52 41 32 32 30 29 43 45 27 18 18 14 18 15 9 3 2 2 1 0 0 1 1 2 5 9 20 31 35 20 13 17 37 57 63 36 70 48 49 49 43 28 38 46 39 36 49 39 31 38 35 16 12 8 3 3
0 0 0 0 0 0 0 0 0 0 0 0 0 0 1 1 2 1 0 2 1 1 2 4 14 35 31 15 7 15 19 18 12 15 24 20 23 33 31 57 67 41 46 46 57 53 44 48 33 23 28 30 18 11 9 6 5 2 1 0 0 1 1 4 7 15 36 36 22 24 21 31 35 29 21 70 71 48 39 38 28 35 55 50 52 60 55 63 48 40 19 12 9 7 5 3
0 0 0 0 0 0 0 0 0 1 2 0 0 0 1 0 0 1 0 1 1 2 3 21 24 7 22 19 16 31 33 25 14 9 13 14 27 35 47 47 37 40 70 65 70 61 44 28 22 18 8 15 16 8 6 4 2 2 2 0 0 1 1 5 12 21 35 36 36 44 39 35 60 60 47 49 66 56 30 37 40 53 53 36 49 52 50 37 47 22 13 10 14 8 5 4
0 0 0 0 0 0 0 0 2 1 5 3 0 0 2 1 1 0 0 0 0 1 1 14 3 4 14 35 34 57 79 33 44 28 17 10 20 62 48 51 63 19 25 12 19 37 23 35 20 20 16 17 16 11 5 3 3 2 2 1 0 1 2 5 18 38 38 35 27 64 77 33 63 75 74 59 45 44 41 26 38 36 44 61 52 47 33 31 34 27 26 24 19 13 5 2
0 0 0 0 0 0 0 0 0 0 0 0 0 1 1 1 2 0 0 1 1 1 3 6 2 1 2 23 22 18 38 75 42 52 48 45 45 46 38 41 53 54 43 51 51 34 36 47 33 30 26 12 10 8 6 4 4 3 2 1 1 3 9 13 23 32 38 36 31 27 57 75 42 63 71 70 56 32 51 41 55 59 44 35 48 47 34 25 29 45 37 28 14 6 6 2
0 0 0 0 0 0 0 0 0 0 0 1 0 1 1 1 2 1 0 1 2 1 2 11 3 0 4 3 11 19 9 17 50 41 59 59 38 12 14 14 31 38 36 46 59 62 46 26 40 33 19 26 21 10 6 10 4 3 3 1 2 5 16 25 42 50 37 32 60 51 35 30 67 71 55 70 50 45 70 67 27 26 30 40 39 31 45 34 38 22 20 9 5 6 2 2
0 0 0 0 0 0 0 0 0 0 0 0 0 1 0 0 1 0 0 0 0 3 3 13 9 3 4 7 11 11 10 4 4 10 13 14 14 13 14 11 9 17 16 23 47 47 32 50 46 40 33 25 20 15 14 10 8 3 3 1 3 8 16 37 48 52 39 50 49 71 51 48 29 28 46 51 70 59 37 44 39 53 51 60 52 42 56 49 26 15 13 11 6 2 2 2
0 0 0 0 0 0 0 0 0 0 0 0 0 0 0 1 1 0 0 0 1 3 6 10 4 1 4 12 8 17 19 7 26 33 40 36 32 29 31 15 13 16 47 57 58 40 46 41 46 45 40 29 24 19 16 12 8 4 2 0 1 7 26 44 41 60 46 54 54 44 82 59 44 30 17 64 45 61 51 50 56 70 70 63 53 63 49 39 21 14 12 10 5 3 4 5
0 0 0 0 0 0 0 0 0 0 0 0 3 3 2 5 2 0 0 0 2 3 6 7 4 11 2 10 11 20 12 27 28 19 25 29 24 27 13 24 50 61 36 39 32 45 41 38 48 39 44 39 28 21 18 15 6 5 2 1 1 4 14 45 73 62 45 58 51 43 38 53 60 17 12 27 69 75 72 62 60 61 64 70 64 46 50 33 45 21 12 7 3 6 3 15
0 0 0 0 0 0 0 0 0 0 1 0 2 3 4 1 0 0 0 1 2 2 6 11 11 5 7 10 7 8 12 52 20 20 27 31 32 21 32 36 61 54 53 51 55 55 55 47 59 49 49 36 32 24 19 9 6 4 4 2 2 4 15 34 63 54 66 71 57 71 64 62 57 25 25 42 62 56 63 54 54 53 53 59 50 43 43 47 49 38 14 12 8 9 8 21
0 0 0 0 0 0 0 0 0 0 1 1 1 16 2 0 1 0 0 1 1 2 4 3 2 3 16 4 9 7 25 18 29 36 29 30 32 37 47 43 34 51 57 64 62 65 57 65 61 38 31 28 24 28 24 12 8 5 4 2 3 6 14 32 52 49 44 61 75 60 73 60 58 27 47 54 60 61 45 43 50 52 42 37 38 39 38 36 31 32 25 20 8 15 22 22
0 0 0 0 0 0 0 0 0 0 0 0 0 1 0 0 0 1 1 1 1 4 5 2 2 6 4 6 12 26 36 30 29 33 25 30 43 44 51 46 52 67 69 55 49 66 68 65 49 44 36 33 27 19 17 19 15 7 3 2 3 10 19 31 40 50 41 45 68 81 71 63 51 78 65 39 28 36 46 50 45 50 51 48 36 45 28 45 31 22 25 19 10 19 21 20
0 0 0 0 0 0 0 0 1 0 0 0 0 0 0 0 0 0 0 1 2 2 2 5 6 3 3 12 28 9 8 10 28 24 31 40 44 44 44 46 52 63 51 56 69 65 67 69 47 49 40 34 27 16 15 19 9 8 7 2 2 6 25 40 54 49 45 40 40 40 51 50 52 62 15 32 36 37 32 36 38 38 36 56 49 48 43 40 28 26 26 12 13 25 23 32
0 0 0 0 0 0 0 0 0 0 0 0 0 0 0 0 0 0 0 1 3 1 10 12 4 4 6 13 7 8 10 16 22 20 29 37 41 42 36 64 53 44 47 61 34 53 70 71 66 59 28 27 24 27 26 15 12 13 7 2 1 5 12 34 46 49 77 55 55 51 44 25 39 58 39 44 47 37 35 36 45 42 49 51 50 22 25 19 25 40 27 8 18 37 39 38
0 0 0 0 0 0 0 0 0 1 0 0 0 0 0 0 0 0 0 1 1 6 5 2 3 8 5 5 7 9 14 15 12 19 24 48 29 29 50 43 36 61 70 40 59 60 61 66 54 37 32 39 39 33 29 29 22 17 8 4 2 4 17 26 39 62 74 83 50 57 44 26 28 66 67 31 40 49 53 34 35 40 52 47 35 15 36 32 26 18 11 5 24 38 39 38
0 0 0 0 0 0 0 0 1 1 0 0 0 0 0 0 0 0 0 1 1 2 1 1 5 2 1 4 6 9 21 16 12 21 29 35 31 47 55 55 40 36 43 55 53 59 46 51 49 47 43 53 50 26 28 24 25 13 10 5 3 9 14 30 49 54 69 75 66 62 45 45 51 67 40 31 31 33 43 47 34 67 55 33 41 47 38 28 16 8 6 14 31 42 40 42
0 0 0 0 0 0 0 0 0 0 0 0 0 0 0 0 1 0 1 0 1 0 0 1 2 3 4 7 12 10 11 9 11 17 37 24 59 55 57 31 22 24 34 52 63 58 56 59 61 60 55 52 37 25 20 18 16 15 14 11 6 13 24 39 59 59 50 46 64 75 64 26 39 65 31 35 59 57 55 62 58 45 45 44 47 50 25 27 14 11 11 27 35 39 30 42
0 0 0 0 0 0 0 0 0 0 0 0 0 0 0 0 0 0 1 1 1 1 0 2 2 5 6 7 7 4 8 10 12 17 49 24 14 8 10 24 26 46 60 66 67 63 57 61 47 62 46 40 46 27 31 19 16 16 14 13 8 22 35 39 60 57 48 27 45 64 61 37 51 59 32 19 37 65 65 63 64 37 47 48 46 46 25 19 31 14 28 32 18 43 42 44
0 0 0 0 0 0 0 0 0 0 0 0 0 0 0 0 0 2 1 1 1 1 1 1 4 3 4 6 4 6 12 13 8 47 11 8 23 29 31 33 49 61 55 63 67 71 67 63 51 52 50 46 46 42 37 32 26 18 16 8 19 28 50 72 64 58 44 47 52 52 61 31 40 48 60 38 41 44 61 65 54 59 44 49 49 39 29 10 13 27 27 17 27 33 60 44
0 0 0 0 0 0 0 0 0 0 0 0 0 0 0 0 0 1 0 1 1 1 1 1 3 3 3 4 6 6 11 11 14 14 3 12 17 22 35 72 49 48 61 64 67 70 59 55 49 42 48 47 47 32 39 26 31 29 19 19 24 46 40 60 59 52 45 54 54 43 69 56 38 57 52 40 47 49 48 48 59 49 39 39 44 31 16 6 12 36 19 30 39 37 58 40
0 0 0 0 0 0 0 0 0 0 0 0 0 0 0 0 0 0 0 1 4 2 0 1 4 3 5 5 3 4 15 38 16 2 5 18 14 39 50 49 50 61 63 48 55 58 59 60 46 50 48 48 48 44 43 39 36 35 22 23 26 31 38 42 59 71 55 71 70 52 42 38 47 47 59 60 42 40 36 37 44 42 37 44 42 28 12 7 29 32 33 50 56 41 48 37
0 0 0 0 0 0 0 0 0 0 0 0 0 0 0 0 0 0 1 2 1 1 1 2 0 3 3 2 7 8 22 13 3 5 19 7 20 16 28 60 67 47 38 73 68 47 56 60 57 55 51 51 48 46 46 44 40 25 27 28 31 51 33 35 32 54 72 72 66 62 67 61 38 51 36 35 25 31 45 52 40 46 36 49 45 13 9 28 24 35 48 54 46 29 43 41
0 0 0 0 0 0 0 0 0 0 0 0 0 0 0 1 0 0 0 0 0 1 2 1 0 1 1 2 12 8 11 2 3 6 13 30 17 22 40 49 52 45 57 30 46 41 56 69 56 55 55 52 52 47 48 46 30 20 33 46 37 50 43 45 42 51 54 79 53 47 25 48 32 21 21 35 47 38 35 37 39 31 51 43 21 11 20 27 36 31 35 44 57 42 43 40
0 0 0 0 0 0 0 0 0 0 0 0 0 0 0 1 0 0 0 0 1 1 1 0 1 2 1 4 14 5 4 2 3 4 22 30 26 21 27 35 38 50 40 31 38 71 59 56 54 69 58 54 54 51 50 45 29 21 43 47 64 66 49 49 38 52 61 59 67 40 28 20 26 35 30 50 38 42 36 41 33 41 30 21 14 21 36 40 33 49 45 32 32 40 33 27
0 0 0 0 0 0 0 0 0 0 0 0 0 0 0 0 0 0 0 1 0 1 0 1 4 1 1 5 4 3 5 3 8 13 30 22 18 22 19 15 19 39 57 50 56 48 55 59 68 56 57 68 36 50 48 34 19 41 52 52 74 67 47 57 41 32 43 68 62 17 50 24 23 35 40 42 41 44 46 37 33 42 21 26 19 34 38 43 34 36 43 30 31 38 42 33
0 0 0 0 0 0 0 0 0 0 0 0 0 0 0 0 0 0 1 1 0 0 1 1 1 1 1 5 1 1 3 3 9 21 23 22 12 17 14 21 32 40 46 64 46 49 50 70 55 55 71 58 57 54 37 34 22 39 63 61 62 68 51 57 57 39 43 43 64 14 20 44 45 31 33 37 52 43 53 54 39 37 16 14 20 37 45 49 51 47 41 42 28 33 49 39
0 0 0 0 0 0 0 0 0 0 0 0 0 0 0 0 0 0 0 0 0 0 1 1 1 2 2 1 1 1 4 7 12 17 4 3 14 12 17 17 21 36 46 58 59 44 68 47 67 71 54 53 57 55 40 35 22 39 62 65 55 62 41 42 58 35 56 27 39 14 15 42 20 38 42 43 44 54 72 50 48 18 14 20 32 37 44 47 35 23 30 50 23 25 39 55
0 0 0 0 0 0 0 0 0 0 0 0 0 0 0 0 0 0 0 0 0 0 1 1 0 1 1 0 1 1 3 1 7 4 2 8 6 7 10 24 33 40 47 53 45 32 56 64 62 56 61 53 55 55 53 36 34 39 64 75 66 59 50 36 54 50 21 26 47 13 25 27 24 33 35 38 56 33 35 42 19 13 18 35 35 42 50 46 26 28 38 21 13 16 24 53
0 0 0 0 0 0 0 0 0 0 0 0 0 0 0 0 0 0 0 0 0 0 0 0 1 1 0 2 3 3 7 7 6 3 2 3 8 8 10 10 15 35 27 34 49 27 23 24 41 47 60 55 53 54 39 24 40 52 63 62 78 66 40 36 40 45 31 10 26 3 5 11 22 33 43 53 55 54 47 48 23 13 21 34 34 59 61 50 34 31 35 33 29 15 22 39
0 0 0 0 0 0 0 0 0 0 0 0 0 0 0 0 0 0 0 0 0 1 0 1 1 1 1 0 0 1 4 1 2 1 2 6 3 5 6 7 27 27 20 35 21 26 31 43 45 61 51 57 56 39 36 23 37 51 64 61 64 43 40 41 44 17 20 19 19 5 7 11 14 11 34 51 48 48 32 32 15 20 33 33 37 58 51 22 31 42 25 37 17 19 22 42
0 0 0 0 0 0 0 0 0 0 0 0 0 0 0 1 0 0 0 0 1 0 0 1 1 0 0 0 0 1 2 1 1 3 6 5 7 6 8 18 15 22 37 20 25 27 45 43 56 46 47 50 55 38 17 35 40 71 60 58 53 52 37 54 43 19 12 27 10 5 11 27 32 47 54 47 41 20 20 11 14 32 31 33 37 60 56 16 18 37 24 43 20 20 24 58
0 0 0 0 0 0 0 0 0 0 0 0 0 0 0 0 0 0 0 1 0 0 0 0 1 1 0 0 0 2 1 1 1 4 8 4 5 7 12 6 24 21 15 26 25 39 44 57 57 50 61 48 37 39 24 38 41 62 72 46 47 48 27 17 30 26 9 12 11 20 26 18 27 35 27 41 33 24 10 26 21 31 36 49 39 55 57 25 25 27 13 47 22 20 22 36
0 0 0 1 1 1 0 0 0 0 0 0 0 0 0 0 0 0 0 0 1 0 0 0 0 0 0 0 0 2 1 1 9 7 2 2 4 6 9 14 34 25 36 18 27 49 54 41 42 64 55 39 35 36 22 50 61 51 56 61 41 39 37 14 34 27 11 8 9 19 14 18 37 32 39 24 31 32 19 35 34 31 35 46 34 37 40 34 39 24 20 48 20 21 17 30
0 0 1 0 1 3 0 0 0 0 0 0 0 0 0 0 0 0 1 0 0 0 0 0 0 1 0 0 0 1 1 7 2 1 3 3 2 1 9 10 18 10 43 28 35 52 27 36 53 51 40 38 33 34 33 50 56 58 49 52 29 25 26 17 12 22 9 3 7 27 16 28 35 44 36 37 39 39 25 32 33 43 36 41 30 25 33 33 30 26 23 47 21 16 21 28
0 0 0 0 0 0 0 0 0 0 0 0 0 0 0 0 0 0 0 0 0 0 0 0 1 2 0 0 1 1 4 7 2 2 4 1 1 2 4 10 9 16 28 34 33 33 37 37 45 42 36 35 28 31 38 36 48 65 45 31 39 13 17 17 8 5 2 1 1 7 16 43 47 39 29 31 28 13 19 26 29 40 36 42 28 37 45 47 34 28 20 35 33 10 23 29
0 0 0 0 0 0 0 0 0 0 0 0 0 0 0 0 0 0 0 0 0 0 0 0 1 0 0 0 0 1 0 1 2 2 2 2 2 1 14 3 7 5 24 18 40 26 29 23 43 45 30 28 24 26 33 48 44 60 43 35 21 17 12 10 2 1 4 9 6 10 17 31 33 21 22 21 12 16 29 26 27 39 42 23 33 32 41 42 31 28 17 28 30 10 12 34
0 0 0 0 0 0 0 0 0 0 0 0 0 0 0 0 0 0 0 0 0 0 0 0 1 0 0 0 0 0 0 2 2 2 3 2 4 1 15 6 1 6 25 18 29 25 29 42 35 37 32 26 24 45 46 34 45 39 35 13 14 14 5 5 3 2 4 10 9 8 23 33 49 46 41 14 16 16 25 35 42 26 38 23 32 43 39 35 25 27 16 23 31 25 8 16
0 0 0 0 0 0 0 0 0 0 0 0 0 0 0 0 0 0 0 0 1 0 0 1 2 1 0 0 0 1 1 1 1 5 2 3 4 3 33 12 2 10 5 23 19 17 37 18 30 30 21 26 20 40 53 32 30 29 27 22 6 7 5 3 3 2 3 4 7 6 19 32 44 61 31 16 17 25 21 40 37 33 31 31 18 38 37 39 27 30 10 24 17 18 11 8
0 0 0 0 0 0 0 0 0 0 0 0 0 0 0 0 0 0 0 0 0 1 0 1 1 0 0 0 0 1 1 0 1 2 3 5 2 2 12 12 4 11 5 25 14 12 17 12 23 23 28 17 19 27 32 61 17 17 12 8 8 2 3 3 1 2 5 4 7 8 22 33 22 46 23 12 27 25 23 25 36 32 28 25 23 38 32 45 28 23 12 22 20 8 11 6
0 0 0 0 0 0 0 0 0 0 0 0 0 0 0 0 0 0 0 0 0 0 0 0 0 0 0 0 0 0 1 1 2 1 2 3 1 1 2 18 6 8 9 18 4 16 11 19 22 13 21 15 16 15 33 29 26 12 6 3 4 1 1 2 2 2 4 4 10 11 20 28 29 22 15 25 24 24 22 19 24 31 37 23 19 34 34 34 32 16 9 25 14 13 12 5
0 0 0 0 0 0 0 0 0 0 0 0 0 0 0 0 0 0 0 0 0 0 0 0 0 1 0 0 0 0 0 1 1 2 2 2 2 2 1 9 17 12 10 5 4 7 7 16 12 5 18 12 13 10 17 28 15 13 4 1 2 0 0 0 1 1 3 6 12 19 34 26 20 11 27 25 26 37 31 20 17 26 22 28 30 40 16 30 18 10 8 32 13 18 8 4
0 0 0 0 0 0 0 0 0 0 0 0 0 0 0 0 0 0 0 0 0 0 0 0 1 0 0 0 0 0 0 0 0 2 1 0 2 1 1 3 24 13 5 3 4 7 12 5 9 4 8 12 9 20 18 9 6 6 5 1 2 1 1 0 1 3 4 6 11 13 25 28 8 11 18 17 32 22 20 13 12 8 21 26 23 15 19 21 16 9 5 28 10 13 14 3
0 0 0 0 0 0 0 0 0 0 0 0 0 0 0 0 0 0 0 0 0 0 0 0 0 0 0 0 0 0 0 0 0 0 1 0 3 0 0 3 7 9 4 3 3 20 12 4 4 7 12 13 7 14 23 7 10 3 4 2 1 1 1 0 1 1 2 5 16 28 16 9 9 17 14 16 13 14 10 3 9 11 19 15 18 15 22 14 3 8 3 14 15 6 4 5
0 0 0 0 0 0 0 0 0 0 0 0 0 0 0 0 0 0 0 0 0 0 0 0 0 1 0 0 0 0 1 0 1 1 1 1 1 0 1 1 6 5 5 4 4 33 7 7 4 6 9 7 8 23 19 6 8 3 2 1 1 0 0 2 2 2 4 7 30 13 8 9 17 14 13 13 19 18 12 8 10 18 13 20 13 13 10 14 3 5 4 4 14 3 2 3
0 0 0 0 0 0 0 0 0 0 0 0 0 0 0 0 0 0 0 0 0 0 0 0 1 0 0 0 0 0 0 1 1 2 1 1 1 1 1 1 6 7 3 6 2 8 5 10 7 2 3 9 13 10 11 5 5 2 1 1 1 0 0 1 1 3 6 9 11 12 13 12 12 14 21 6 8 18 11 7 12 12 9 15 8 8 4 6 4 3 9 3 6 2 3 3
0 0 0 0 0 0 0 0 0 0 0 0 0 0 0 0 0 0 0 0 0 0 1 0 0 0 0 1 0 0 0 1 1 2 1 2 1 2 2 2 2 3 2 6 1 6 6 8 7 5 6 8 7 5 7 2 3 2 1 0 0 0 0 1 1 2 3 11 17 11 10 10 10 18 10 4 6 17 16 7 8 9 6 6 10 8 1 2 4 6 6 3 2 1 3 4
0 0 0 0 0 0 0 0 0 0 0 0 0 0 0 0 0 0 0 0 0 0 0 0 0 0 0 0 0 1 0 1 1 0 0 2 0 0 1 0 1 6 7 2 1 1 13 5 8 3 4 7 5 2 2 3 2 1 0 0 0 0 1 1 1 2 5 7 16 9 7 6 12 12 16 10 5 9 15 10 8 4 4 2 3 7 2 0 3 2 4 2 2 2 2 1
0 0 0 0 0 0 0 0 0 0 0 0 0 0 0 0 0 0 0 0 0 0 0 0 0 0 0 0 1 1 0 1 1 0 1 2 0 0 2 0 1 2 2 1 1 3 7 4 3 2 2 4 2 2 3 1 1 1 0 0 0 0 0 0 0 2 4 6 19 7 6 6 8 9 9 6 5 8 8 13 7 4 3 1 1 2 3 2 0 2 1 2 2 1 1 1
0 0 0 0 0 0 0 0 0 0 0 0 0 0 0 0 0 0 0 0 0 0 0 0 0 0 0 0 0 0 0 1 0 1 0 0 0 0 1 0 0 2 1 1 1 2 3 1 1 1 1 1 3 2 1 1 0 0 0 0 0 0 0 0 1 1 3 8 5 5 4 4 7 7 3 3 6 7 3 10 6 5 2 1 1 1 1 1 1 1 1 1 0 0 0 3
0 0 0 0 0 0 0 0 0 0 0 0 0 0 0 0 0 0 0 0 0 0 0 0 0 0 0 0 0 0 0 0 0 0 0 0 0 0 0 0 0 2 1 1 1 6 1 1 1 1 1 2 2 2 2 1 0 0 0 0 0 0 0 0 1 2 5 4 3 3 3 3 5 10 4 3 2 3 2 4 5 4 4 1 1 0 1 0 0 1 1 0 0 0 0 2
