sesion_6_simulaciones/modelos_agentes/ejemplos_netlogo/scenarios/echam4_b2/rob_2086.asc
NCOLS 322 
NROWS 307 
XLLCORNER 451900 
YLLCORNER 4086900 
CELLSIZE 100 
NODATA_value -9999 
[rows 0 to 73 of 307, columns 96 to 191 of 322]
0 0 0 0 0 0 0 0 0 0 0 0 0 1 2 1 1 1 1 0 1 1 0 1 0 0 0 0 0 0 0 0 0 1 0 0 0 0 1 0 0 1 11 16 27 16 27 22 32 14 12 17 7 2 4 4 6 1 2 1 1 1 1 0 2 4 6 1 1 5 9 5 5 8 7 6 9 13 7 43 34 21 35 39 51 35 38 40 47 60 34 24 17 6 12 23
0 0 0 0 0 0 0 0 0 0 0 0 1 1 1 1 0 0 0 0 1 0 0 0 0 0 0 0 0 1 1 0 0 0 0 0 0 0 1 1 1 4 4 7 48 57 52 40 66 27 35 20 5 3 15 1 1 2 0 1 0 1 1 0 1 1 1 3 3 3 2 9 20 8 16 24 33 14 15 21 22 19 33 39 51 34 34 44 46 37 43 31 38 17 22 23
0 0 0 0 0 0 0 0 0 0 0 0 0 0 0 0 0 1 1 1 2 0 0 0 0 0 0 0 0 1 1 1 0 0 1 1 1 1 2 3 5 10 8 12 2 2 4 15 70 42 42 36 6 20 12 10 3 1 1 1 1 3 16 9 14 5 3 8 1 3 3 4 9 9 14 29 46 49 26 19 20 20 32 35 44 36 38 53 31 30 39 28 33 34 20 22
0 0 0 0 0 0 0 0 0 0 0 0 0 0 0 1 1 1 1 1 0 0 0 0 0 0 0 0 0 0 0 1 0 1 2 1 3 3 7 16 26 31 23 5 2 3 1 2 14 4 7 5 2 6 13 2 7 1 1 1 2 6 25 26 25 33 22 7 10 6 5 7 6 7 13 17 27 14 10 18 25 26 40 43 42 33 30 39 26 23 38 38 23 30 15 29
0 0 0 0 0 0 0 0 0 0 0 0 0 0 0 0 0 2 1 0 0 0 0 1 1 0 0 0 0 1 1 1 0 2 3 3 5 11 28 40 53 44 31 11 6 2 3 8 4 3 4 5 1 11 3 5 6 3 0 1 9 21 14 31 20 8 26 5 11 17 13 6 7 4 13 12 16 14 18 22 26 22 58 41 27 30 28 41 28 29 38 47 16 31 33 42
0 0 0 0 0 0 0 0 0 0 0 0 0 0 0 0 0 0 1 1 0 0 1 1 1 0 0 0 0 0 0 1 1 1 6 11 15 30 47 41 55 56 51 22 6 8 7 7 7 5 8 15 2 3 3 6 2 2 1 2 14 22 5 2 3 7 9 3 2 6 1 7 23 12 9 5 8 10 11 22 17 22 27 28 34 26 25 43 39 21 35 20 28 29 56 18
0 0 0 0 0 0 0 0 0 0 0 0 0 0 0 0 0 0 1 1 1 1 0 0 1 0 1 0 0 0 0 1 2 1 5 30 42 49 47 54 57 57 23 10 12 33 11 18 14 13 9 10 9 7 9 5 2 3 5 2 2 2 2 4 2 3 14 25 9 9 2 6 5 2 12 12 13 13 8 15 13 9 13 12 24 28 22 33 32 13 34 25 32 28 16 15
0 0 0 0 0 0 0 0 0 0 1 1 1 0 0 0 0 0 0 0 1 3 1 1 2 1 0 0 0 0 0 1 2 8 7 24 39 51 54 54 46 18 19 14 36 28 19 39 23 18 8 10 21 18 8 7 5 16 23 23 10 3 1 1 4 2 10 4 12 6 9 4 2 4 2 12 16 46 25 8 16 19 12 13 36 18 20 23 29 31 25 17 6 11 13 11
0 0 0 0 0 0 0 0 0 0 0 1 3 2 0 1 0 0 0 1 1 0 1 1 1 0 0 0 0 0 1 1 6 22 41 19 9 20 14 15 25 16 11 22 50 40 17 25 26 16 13 7 50 18 11 17 13 21 4 8 24 15 6 1 3 4 2 2 1 4 12 9 3 3 11 4 8 10 13 40 30 58 18 23 13 7 13 53 22 27 23 64 36 19 13 19
0 0 0 0 0 0 0 0 0 0 0 0 0 0 0 0 0 0 0 0 0 0 0 0 1 0 0 0 0 1 1 7 10 10 28 23 22 22 12 13 8 7 12 25 57 34 11 12 17 22 19 11 14 68 47 42 5 10 3 18 12 15 3 4 1 3 2 1 4 7 6 8 11 7 13 20 6 7 36 43 19 50 30 19 7 11 9 16 19 35 14 30 68 57 16 11
0 0 0 0 0 0 0 0 0 0 0 0 0 0 0 0 0 0 0 0 0 0 0 0 1 0 0 0 1 2 6 10 39 32 17 17 18 38 37 22 15 6 5 8 33 12 11 17 21 16 23 10 18 24 74 51 13 8 9 22 6 7 5 1 3 4 5 2 8 16 15 18 8 6 17 29 15 6 6 33 21 16 35 43 13 15 10 16 54 42 37 28 61 77 46 21
0 0 0 0 0 0 0 0 0 0 0 0 0 0 0 0 0 0 0 0 1 0 0 0 0 0 0 0 1 11 16 20 24 23 19 15 18 37 36 26 16 8 9 17 20 10 10 32 15 17 36 14 22 37 18 35 16 12 16 14 5 4 11 7 4 3 9 8 13 46 55 56 9 15 25 32 16 10 11 44 22 5 25 45 16 19 19 17 40 24 19 26 50 57 55 43
0 0 0 0 0 0 0 0 0 0 0 0 0 0 0 0 1 1 1 0 3 2 0 0 0 0 0 1 2 8 27 16 19 18 20 30 40 16 21 38 15 7 8 30 23 9 18 19 22 31 45 34 33 55 34 27 26 19 26 9 6 6 11 9 5 4 3 10 25 17 37 36 21 13 12 31 15 13 5 11 22 4 35 59 20 20 32 20 15 43 30 13 19 33 54 67
0 0 0 0 0 0 0 0 0 0 0 0 0 0 0 0 0 0 2 1 0 0 1 0 0 0 1 3 5 6 12 16 14 7 8 10 11 8 7 12 16 3 2 2 10 7 15 16 46 61 66 62 44 46 26 40 39 25 22 19 6 4 14 14 10 10 5 6 8 5 2 2 14 20 14 18 11 19 12 7 3 6 15 49 51 20 29 32 22 19 40 20 33 52 77 56
0 0 0 0 0 0 0 0 0 0 0 0 0 0 0 0 0 0 2 1 0 1 2 1 1 0 1 1 7 10 7 4 4 7 12 10 10 9 5 2 11 2 9 5 2 3 16 32 36 68 68 62 50 58 37 60 53 35 32 35 5 12 20 19 11 8 3 5 3 2 2 12 34 26 21 24 23 18 9 10 18 6 18 50 59 25 12 16 21 17 12 11 28 43 52 47
0 0 0 0 0 0 0 0 0 0 0 0 0 0 0 0 0 0 0 0 0 0 0 2 1 1 1 1 2 3 3 9 13 15 11 15 32 33 17 3 4 5 2 6 3 4 3 21 36 40 54 45 41 40 53 34 41 32 41 34 5 14 4 21 32 18 5 7 8 2 6 25 32 31 13 7 12 21 28 23 19 17 18 42 69 83 52 35 18 15 15 9 31 67 56 39
0 0 0 0 0 0 0 0 0 0 0 0 0 0 0 0 0 0 0 0 0 0 0 0 3 1 1 3 10 9 11 4 6 11 13 23 38 43 33 3 8 7 4 5 14 16 18 4 20 34 23 21 18 18 29 46 46 46 47 47 10 22 14 16 26 7 5 6 5 4 6 28 19 29 7 6 10 10 31 22 24 24 28 34 71 86 83 35 20 20 19 14 35 61 69 62
0 0 0 0 0 0 0 0 0 0 0 0 0 0 0 0 0 0 0 0 0 0 0 0 1 2 1 2 3 3 5 5 9 6 22 43 28 38 32 16 23 27 19 19 32 32 37 23 8 3 4 7 4 2 10 55 79 88 59 23 38 22 18 11 20 12 6 12 4 4 31 28 31 26 8 16 32 17 23 31 18 18 14 9 59 65 61 61 41 24 25 19 25 45 50 25
0 0 0 0 0 0 0 0 0 0 0 0 0 0 0 0 0 0 0 0 0 0 0 0 2 4 1 1 1 4 6 8 6 16 20 27 11 14 19 37 29 36 45 56 49 32 43 40 22 16 12 12 16 2 4 14 81 85 56 31 27 34 16 10 17 5 6 7 2 22 46 43 34 43 14 13 37 36 32 67 38 26 15 10 20 49 55 52 55 34 30 32 18 34 73 23
0 0 0 0 0 0 0 0 0 0 0 0 0 0 0 0 0 0 0 0 0 0 0 0 1 1 1 1 2 2 3 8 12 9 12 6 16 21 18 28 51 57 51 30 35 19 34 44 27 22 21 6 12 6 12 8 30 43 51 49 32 16 12 25 21 3 6 25 50 33 53 71 28 69 28 9 31 60 41 66 53 47 34 16 19 56 76 61 68 47 42 29 14 24 65 53
0 0 0 0 0 0 0 0 0 0 0 0 0 0 0 0 0 0 0 0 0 0 0 0 0 1 1 0 1 2 2 2 4 8 13 8 9 18 11 41 24 29 50 39 24 22 28 42 41 22 30 26 10 18 23 18 24 49 62 52 15 14 52 39 20 4 18 29 39 48 34 36 20 29 53 37 21 20 25 67 29 26 48 36 31 17 65 45 70 40 48 30 22 22 30 54
0 0 0 0 0 0 0 0 0 0 0 0 0 0 0 0 0 0 0 0 0 0 0 0 1 1 2 1 1 1 2 3 5 16 22 14 31 14 26 11 27 18 17 19 37 42 72 61 60 28 29 24 24 25 36 29 31 44 65 63 57 14 21 22 12 13 41 9 28 46 49 31 37 17 51 59 34 19 25 79 85 48 23 65 51 20 17 28 69 57 51 50 27 24 25 56
0 0 0 0 0 0 0 0 0 0 0 0 0 0 0 0 0 0 0 0 1 0 1 0 1 1 1 3 1 1 6 14 21 5 3 36 31 10 12 14 23 40 27 20 20 52 48 22 30 23 42 28 28 30 31 34 21 34 53 35 27 22 12 11 12 28 45 5 24 14 41 53 40 15 15 43 41 57 29 60 86 64 58 29 52 29 12 27 71 76 30 62 43 27 33 51
0 0 0 0 0 0 0 0 0 0 0 0 0 1 0 0 0 0 0 1 1 1 1 1 2 1 1 5 5 3 3 3 1 1 1 5 11 18 6 17 19 36 36 41 38 17 13 9 7 6 21 18 11 15 27 15 16 20 19 29 36 24 13 17 38 33 23 9 19 20 23 42 33 36 26 65 66 46 42 24 67 69 52 71 36 26 20 23 22 59 25 43 41 23 20 26
0 0 0 0 0 0 0 0 0 0 0 0 0 0 0 0 1 0 0 0 1 2 5 2 2 2 6 5 13 6 3 2 5 5 3 0 2 15 18 6 13 30 46 56 43 38 32 28 21 22 10 9 6 3 4 4 4 7 27 34 45 24 30 31 16 38 18 22 30 27 20 31 52 60 18 59 66 47 50 36 55 70 43 24 58 40 24 24 19 31 32 33 48 25 14 15
0 0 0 0 0 0 0 0 0 0 0 0 1 1 1 1 2 2 1 1 4 16 22 37 29 22 23 12 22 13 33 41 48 17 6 5 6 5 4 10 24 18 28 36 51 54 55 43 39 38 22 21 22 20 20 19 19 17 41 48 38 30 22 21 18 36 34 44 18 46 20 16 49 37 20 46 47 27 34 32 34 46 73 26 28 21 26 12 12 21 17 28 15 14 10 11
0 0 0 0 0 0 0 0 0 1 0 0 0 2 4 2 3 9 6 17 28 33 52 49 40 54 47 41 46 54 31 13 24 32 23 8 12 8 3 3 18 22 27 47 43 44 53 44 44 43 36 34 37 37 21 33 23 24 38 29 33 21 12 13 10 45 27 44 38 44 13 19 29 37 27 47 44 57 22 32 34 16 43 31 19 37 16 15 4 10 19 13 17 12 12 11
0 1 0 0 0 0 0 0 0 1 1 3 2 4 8 23 23 13 23 9 15 21 26 55 56 52 73 67 65 65 11 6 6 6 16 15 23 10 14 10 12 33 40 40 43 40 36 63 54 42 36 37 37 36 34 35 35 12 21 21 23 14 13 21 38 59 55 29 38 18 24 14 29 32 34 23 22 36 42 24 36 24 36 32 12 33 18 12 4 7 17 17 12 17 9 5
0 1 0 0 1 1 1 1 1 3 7 13 24 33 56 56 39 36 49 28 11 6 21 40 28 27 20 48 50 41 28 4 3 2 3 6 12 10 14 17 7 16 24 29 18 16 11 27 38 37 48 50 36 35 34 49 38 14 15 13 8 17 33 40 50 41 25 25 18 34 31 42 25 24 26 23 23 25 39 28 26 24 23 16 19 17 17 14 10 4 11 6 7 10 4 4
1 1 0 1 2 2 1 4 8 18 33 37 45 67 58 75 49 48 73 17 41 13 8 21 15 9 12 13 15 15 33 17 9 2 3 2 6 5 6 15 15 14 36 14 20 18 11 25 26 16 14 13 11 21 22 11 38 23 16 11 14 20 36 42 45 37 19 38 50 31 37 26 24 21 19 12 16 15 23 23 22 21 8 16 10 5 6 4 6 3 3 1 1 2 2 3
1 3 2 2 3 6 10 19 19 45 46 69 56 73 62 69 36 41 70 53 15 20 10 5 6 5 2 2 8 8 13 51 16 4 4 4 15 42 41 27 26 16 19 11 9 15 17 6 5 8 9 19 29 31 18 17 36 21 33 11 18 25 38 28 43 22 16 30 50 46 32 24 13 23 17 10 6 2 7 11 14 9 6 4 3 4 4 3 2 2 2 2 13 7 7 10
2 4 9 10 19 33 36 40 43 60 59 84 68 66 45 58 42 57 57 63 12 26 27 9 6 2 2 1 3 5 4 10 13 5 5 8 5 10 10 12 9 10 11 20 22 14 17 9 15 16 39 54 45 28 51 12 39 36 10 4 5 17 14 35 27 29 18 12 16 23 20 20 10 4 4 5 8 6 14 20 13 16 11 16 18 19 16 14 14 19 6 7 29 17 11 21
10 21 24 40 46 39 58 53 65 59 84 58 30 44 42 40 47 50 49 55 21 12 17 9 8 4 2 3 6 7 7 15 9 3 10 8 11 11 19 13 24 15 25 27 33 33 27 25 19 24 33 59 60 57 59 30 40 35 18 24 14 3 5 6 8 7 13 9 8 8 9 8 8 14 23 23 34 22 34 22 23 33 19 30 23 48 31 16 26 24 14 14 26 23 16 30
38 43 58 48 65 58 67 52 59 44 60 9 18 14 21 36 37 27 25 43 24 10 4 3 5 7 6 5 8 3 23 27 20 11 17 19 19 13 18 17 18 22 23 24 39 29 39 27 14 48 40 41 52 37 28 26 57 35 27 45 36 24 25 26 26 26 41 31 25 22 24 24 36 37 36 23 39 36 38 36 36 38 35 34 50 43 35 28 30 18 27 18 33 20 40 38
5 13 27 28 55 50 63 56 23 4 2 3 8 5 6 7 9 17 32 44 23 6 6 11 5 5 20 12 21 14 21 21 18 14 14 27 23 11 27 21 19 31 31 31 25 25 34 27 23 34 42 35 48 54 35 39 36 25 33 37 34 37 37 42 41 37 51 45 40 24 38 38 36 36 50 37 38 52 38 50 51 38 42 41 66 41 38 34 34 32 33 25 42 42 43 54
5 4 3 3 3 4 13 14 12 4 3 4 9 10 4 3 2 4 19 24 11 5 22 5 13 19 26 18 26 15 14 11 22 14 8 18 17 8 18 22 17 31 20 19 20 24 41 29 18 23 39 35 18 62 35 48 24 28 35 28 44 33 30 31 34 26 53 39 27 37 37 36 48 36 48 36 37 53 51 53 40 38 52 45 53 42 38 39 36 35 35 32 63 48 40 39
10 20 18 7 7 5 2 4 6 2 5 8 7 4 2 3 1 9 7 11 16 27 28 11 23 19 21 18 13 4 1 5 12 10 7 11 6 8 13 20 25 13 18 15 16 31 25 16 27 25 38 45 22 51 43 17 45 40 34 22 35 28 43 42 32 39 37 37 36 24 35 49 47 35 48 48 38 55 38 49 39 51 53 66 54 40 23 48 39 40 47 50 57 28 56 37
11 10 12 8 4 4 4 4 8 9 13 15 11 4 4 10 10 13 16 24 46 40 35 19 19 10 11 14 14 11 6 4 9 7 8 6 4 7 9 14 7 5 15 20 14 46 20 21 34 17 44 16 38 38 15 23 47 36 21 30 21 35 40 29 19 38 37 36 22 37 55 60 52 35 47 51 49 56 39 36 43 52 52 51 43 29 26 50 43 28 57 58 55 29 19 60
4 10 13 11 13 7 12 10 14 15 19 28 22 16 13 21 12 17 28 33 40 24 11 17 18 10 5 7 12 10 6 4 6 7 3 7 4 13 8 6 9 6 17 10 8 43 22 25 20 15 22 34 22 14 13 13 25 45 19 32 30 42 37 19 43 40 46 36 18 38 48 70 53 39 45 53 54 42 35 27 45 70 62 57 55 28 49 70 52 26 45 68 66 36 20 56
7 14 8 9 6 10 16 11 9 17 18 22 20 20 22 21 21 27 26 26 30 19 16 14 10 5 6 10 7 8 3 5 3 2 7 7 6 5 7 4 5 3 14 5 4 21 20 20 11 15 17 7 23 3 3 2 8 25 11 33 43 31 30 52 41 41 27 13 21 51 55 74 58 40 44 63 71 47 44 25 48 73 51 38 39 32 53 69 50 34 26 76 80 55 34 46
3 7 7 11 9 13 11 9 9 8 18 16 15 15 33 14 17 25 19 17 22 17 7 11 6 6 8 7 5 9 3 6 2 2 2 5 2 3 2 4 4 5 7 5 10 9 21 14 4 7 12 6 7 4 3 3 4 9 5 29 40 32 38 53 20 36 14 13 21 53 61 67 61 43 48 64 75 36 44 21 56 82 55 28 25 33 55 70 51 36 29 63 74 63 22 44
2 3 8 8 5 6 8 4 4 5 12 10 8 15 12 11 8 16 18 8 7 9 11 7 4 4 3 3 2 14 2 3 2 2 2 4 3 2 2 3 2 4 4 3 6 5 8 2 3 2 3 11 6 5 3 3 8 4 6 18 14 23 57 27 37 34 21 25 33 38 59 53 59 30 36 59 44 27 48 24 41 68 54 41 26 31 56 69 47 39 29 44 67 46 29 44
0 1 1 1 1 1 2 2 2 3 2 4 4 8 6 6 7 6 9 7 5 2 3 6 4 3 4 2 1 2 3 5 1 1 1 3 2 1 1 2 2 4 3 2 2 3 2 1 1 1 1 4 1 1 2 3 6 2 5 9 7 19 10 18 50 20 20 26 41 28 38 56 33 16 29 49 36 21 50 24 33 56 33 29 31 22 24 65 63 36 22 41 62 38 22 39
0 0 0 0 0 0 1 1 1 2 1 3 4 3 2 5 4 3 4 5 2 1 1 3 3 2 3 1 1 2 2 2 1 1 1 1 1 1 1 2 2 1 1 3 2 1 0 2 1 1 0 1 0 1 1 2 3 5 4 2 3 2 7 32 10 15 28 14 22 19 12 29 12 10 18 33 18 19 34 11 35 40 23 24 25 32 12 23 63 27 20 31 52 39 27 22
0 0 0 0 0 0 0 0 0 1 1 2 2 2 2 2 2 2 1 2 2 1 3 2 2 1 1 1 0 1 1 2 0 0 1 1 0 0 0 1 2 1 1 1 0 1 0 0 0 1 0 1 1 0 1 1 3 3 2 7 6 2 9 7 14 19 7 8 8 12 5 17 4 4 7 17 8 17 22 7 17 19 10 25 27 31 14 16 51 29 14 26 29 15 18 12
0 0 0 0 0 0 0 0 0 0 1 1 1 1 1 1 2 2 2 0 1 0 3 0 1 1 1 1 0 0 0 1 0 0 1 0 0 0 1 0 1 0 0 0 0 0 0 2 3 9 4 3 4 2 1 1 2 2 2 3 3 2 4 1 9 3 4 5 5 10 2 7 3 6 2 7 3 11 8 6 16 8 6 11 20 9 14 11 22 13 15 10 30 27 31 21
0 0 0 0 0 0 0 0 0 0 0 1 0 1 0 1 0 1 1 0 0 1 1 0 1 1 1 1 0 0 0 0 0 0 0 0 0 0 0 0 0 0 1 2 1 6 2 11 3 4 1 2 4 8 9 5 5 1 1 4 2 2 1 1 4 2 2 2 3 6 6 4 4 3 2 8 2 9 3 3 14 3 14 12 19 8 11 8 10 15 15 21 29 41 51 73
0 0 0 0 0 0 0 0 0 0 0 0 0 0 0 0 0 1 1 1 0 1 1 1 0 0 0 0 0 0 0 0 0 0 1 2 1 1 3 7 2 2 2 8 2 2 11 10 2 6 3 2 3 13 7 4 9 7 4 10 5 11 7 3 1 2 4 3 3 5 9 10 4 19 24 19 22 42 29 11 14 22 26 28 7 55 49 34 21 8 15 11 21 51 32 41
0 0 0 0 0 0 0 0 0 0 0 0 0 0 0 0 0 0 0 0 0 0 0 1 0 0 0 0 0 0 0 0 0 0 0 1 2 0 1 3 4 4 2 7 13 2 3 6 8 9 12 2 3 16 18 3 25 13 22 16 6 10 5 5 3 7 4 13 18 1 2 15 17 6 16 27 12 26 15 44 12 25 46 29 15 54 43 29 62 50 37 14 27 43 25 17
0 0 0 0 0 0 0 0 0 0 0 0 0 0 0 0 0 0 0 0 0 0 0 0 0 0 0 0 0 0 0 0 0 0 0 0 0 0 0 1 3 1 5 12 8 2 3 4 4 8 11 3 4 10 8 18 10 7 12 18 5 2 3 11 10 13 12 11 13 18 2 14 30 6 21 38 5 3 5 55 45 20 21 28 38 53 49 60 74 60 27 52 16 14 48 61
0 0 0 0 0 0 0 0 0 0 0 0 0 0 0 0 0 0 0 0 0 0 0 0 0 0 0 0 0 0 0 0 0 0 0 0 0 1 0 2 1 4 2 3 17 7 3 3 5 6 13 12 5 22 21 54 8 21 45 44 22 2 8 10 9 27 26 35 14 36 8 7 28 10 23 40 13 8 7 47 33 45 5 6 13 50 62 55 71 52 15 58 30 25 43 55
0 0 0 0 0 0 0 0 0 0 0 0 0 0 0 0 0 0 0 0 0 0 0 0 0 0 0 0 0 0 0 0 0 0 0 0 0 0 2 13 2 7 4 11 11 16 5 6 19 14 45 48 17 28 63 73 26 52 61 40 29 7 25 31 14 11 10 9 26 54 13 7 22 8 30 37 66 15 23 70 35 55 47 14 13 29 54 48 47 30 55 82 35 24 14 15
0 0 0 0 0 0 0 0 0 0 0 0 0 0 0 0 0 0 0 0 0 0 0 0 0 0 0 0 0 0 0 0 0 0 1 1 1 2 9 7 6 2 3 20 24 9 5 6 13 23 49 39 42 16 49 78 36 44 53 44 53 37 42 54 11 14 24 11 38 52 42 21 5 14 57 55 60 51 21 76 25 53 69 34 19 18 48 38 38 15 71 83 56 36 41 17
0 0 0 0 0 0 0 0 0 0 0 0 0 0 0 0 0 0 0 0 0 0 0 0 0 0 0 0 1 0 0 0 0 1 1 1 1 2 5 5 15 5 19 5 47 7 11 11 6 18 47 43 21 8 9 37 44 62 68 62 80 57 60 57 50 24 29 25 39 41 68 38 16 13 40 61 74 72 39 53 55 53 63 75 37 23 14 15 13 27 68 50 72 43 42 27
0 0 0 0 0 0 0 0 0 0 0 0 0 0 0 0 0 0 0 0 0 0 0 0 0 0 0 0 0 0 0 0 0 0 2 2 1 1 0 3 3 2 1 1 7 7 33 27 9 5 18 7 12 5 4 8 9 40 48 41 55 61 54 50 77 26 30 28 7 60 86 29 19 13 54 42 42 55 24 38 45 18 65 80 63 37 10 11 12 20 12 36 78 43 28 36
0 0 0 0 0 0 0 0 0 0 0 0 0 0 0 0 0 0 0 0 0 0 0 0 0 1 0 0 0 0 0 0 1 2 2 2 2 3 2 1 1 4 2 1 2 4 9 17 21 6 8 6 13 6 7 16 12 7 13 28 26 12 24 56 85 55 24 31 41 70 85 44 15 7 17 27 49 36 51 59 44 12 49 68 80 31 20 10 32 37 20 38 88 59 52 57
0 0 0 0 0 0 0 0 0 0 0 0 0 0 0 0 0 0 0 0 0 0 0 0 0 0 1 0 0 0 0 0 1 2 1 1 3 4 1 1 2 8 4 3 5 5 6 7 9 5 9 25 30 25 19 18 13 10 8 6 2 1 8 70 70 64 39 20 24 66 78 72 55 19 11 29 46 35 37 24 49 36 22 74 77 61 26 17 39 29 52 83 83 82 65 62
0 0 0 0 0 0 0 0 0 0 0 0 0 0 0 0 0 0 0 0 0 0 0 0 0 0 0 0 0 1 0 0 1 1 2 3 3 7 3 6 4 8 9 5 2 11 7 10 9 4 8 41 53 58 50 41 27 23 21 20 22 17 18 38 41 53 45 18 8 40 38 74 75 31 13 41 52 36 23 43 68 34 21 21 77 80 31 18 51 58 54 76 50 78 48 31
0 0 0 0 0 0 0 0 0 0 0 0 0 0 0 0 0 0 0 0 0 0 0 0 0 0 0 1 0 1 0 1 0 0 3 6 2 3 8 19 11 14 10 7 2 4 21 17 14 9 8 27 71 74 68 67 56 53 43 41 72 75 79 69 54 50 39 24 9 6 32 48 82 61 55 19 37 45 26 5 21 33 37 52 71 78 51 32 18 39 40 33 79 78 87 59
0 0 0 0 0 0 0 0 0 0 0 0 0 0 0 0 0 0 0 0 0 0 0 0 0 0 0 0 0 0 0 1 2 2 5 5 4 10 23 10 27 20 8 12 15 16 25 29 20 16 10 16 43 70 67 76 79 75 52 38 30 46 56 64 76 72 73 60 36 3 9 48 58 65 54 47 31 15 21 21 54 48 24 33 30 72 71 32 16 26 32 36 29 72 60 75
0 0 0 0 0 0 0 0 0 0 0 0 0 0 0 0 0 0 0 0 0 0 0 0 0 0 0 0 0 1 1 6 3 2 3 8 5 8 7 3 6 36 48 25 42 28 21 21 24 28 27 13 11 16 57 58 55 76 76 67 59 52 38 45 52 72 77 75 72 61 40 64 55 76 42 43 32 22 34 26 23 29 19 50 38 75 80 29 14 41 47 31 32 33 62 77
0 0 0 0 0 0 1 0 0 0 0 0 0 0 0 0 0 0 0 0 0 0 0 0 0 0 0 0 0 0 0 0 0 2 2 4 5 7 11 12 7 3 10 55 58 71 58 39 33 16 24 28 24 15 26 44 38 31 51 57 61 70 72 60 37 41 72 79 78 63 65 81 62 83 71 52 46 48 29 17 20 41 20 32 46 32 70 43 15 29 47 44 20 13 56 78
0 0 2 0 0 0 0 0 0 0 0 0 0 0 0 0 0 0 0 0 0 0 0 0 0 0 0 1 1 0 1 1 1 2 2 8 9 12 12 17 20 17 9 7 9 55 65 59 37 25 18 30 25 17 7 7 7 9 9 12 21 44 39 53 57 33 34 51 50 43 69 68 68 65 64 66 71 64 41 45 44 39 21 23 61 68 49 56 22 9 38 43 23 43 80 40
0 0 0 0 0 0 0 0 1 3 2 2 0 0 0 0 0 0 0 0 0 0 0 0 0 0 0 1 0 0 1 1 1 1 2 4 5 8 9 12 15 14 28 28 30 19 12 9 33 36 44 15 15 11 16 25 23 23 23 21 23 10 8 11 16 11 10 8 10 32 43 60 55 51 42 36 36 63 55 47 38 25 52 46 48 62 51 66 46 16 12 35 52 81 51 73
0 0 0 2 1 0 0 0 0 2 0 0 0 0 0 0 0 0 0 0 0 0 0 0 0 0 0 0 0 0 0 0 1 1 1 2 3 8 5 10 15 21 24 29 33 26 23 25 18 10 10 8 12 26 28 39 37 40 39 53 25 9 8 25 26 40 22 26 8 6 17 41 35 24 24 25 31 42 49 64 59 28 25 29 31 34 49 61 66 26 13 29 87 65 54 65
0 0 0 1 1 1 1 0 0 0 0 0 0 0 0 1 0 0 0 0 0 0 0 0 0 0 0 0 0 0 0 0 0 1 1 2 2 4 4 9 12 12 13 14 22 19 17 27 23 21 28 30 32 44 37 35 50 54 56 53 31 27 28 42 39 30 39 22 10 13 13 4 4 4 6 5 15 14 7 13 25 18 19 13 15 16 40 51 45 29 13 65 72 47 71 68
1 0 0 0 1 1 3 2 1 0 0 0 0 0 0 0 1 1 0 0 0 0 0 0 0 0 0 0 0 0 0 0 1 0 0 0 2 4 2 2 6 12 11 8 15 14 20 22 28 26 32 20 22 35 44 46 48 52 64 57 37 35 45 42 52 55 59 49 29 28 10 5 3 7 8 17 38 27 18 16 13 10 7 9 8 12 18 29 52 50 23 76 36 24 60 75
1 1 1 2 1 2 1 0 1 1 0 1 0 0 0 1 3 1 0 0 1 0 0 0 0 0 0 0 0 0 0 0 0 0 0 0 1 4 5 4 8 9 16 12 18 18 21 22 27 16 41 30 27 22 36 41 63 64 67 52 25 47 40 54 56 72 65 62 53 33 24 25 25 31 34 47 55 44 28 29 43 50 31 16 20 13 5 11 23 59 41 71 28 28 68 88
1 2 0 0 2 1 5 4 1 1 1 3 2 0 1 4 5 1 0 1 0 1 0 0 0 0 0 0 0 0 0 0 0 0 0 0 1 2 3 5 7 6 8 10 13 16 19 30 23 18 27 36 21 23 37 46 60 53 43 36 35 44 52 53 54 75 70 62 54 31 45 46 45 50 48 48 61 47 46 47 48 48 32 47 48 28 26 7 11 34 30 33 30 20 45 68
2 2 2 1 5 7 7 4 11 4 2 1 0 3 5 3 2 1 1 4 0 2 0 0 0 0 0 0 0 0 0 0 0 0 0 1 1 2 2 4 8 7 3 8 9 10 17 24 18 10 9 27 24 18 28 46 49 39 27 20 23 50 46 47 68 69 60 56 33 28 43 42 45 57 50 63 61 64 47 49 61 53 55 67 59 56 36 11 7 24 22 36 24 11 29 49
1 0 2 1 1 7 3 2 3 9 8 4 0 1 7 3 0 0 2 4 0 4 0 0 0 0 0 0 0 1 0 0 0 0 0 0 0 0 1 1 4 3 5 5 6 4 16 6 14 5 18 13 13 10 24 43 26 28 15 25 25 36 31 49 66 61 56 57 30 47 57 57 39 55 64 59 61 53 45 56 64 61 57 69 44 36 19 16 9 5 9 21 21 7 20 15
2 2 1 3 1 2 12 17 19 8 2 2 1 3 3 5 1 2 10 3 1 4 0 0 0 0 0 0 1 0 0 1 0 0 0 0 0 0 0 1 2 1 2 4 2 3 4 4 2 2 19 4 8 5 22 11 11 19 9 14 14 22 33 51 38 56 47 36 29 44 55 55 34 59 50 61 66 53 45 54 71 58 65 47 31 40 35 44 36 12 2 3 12 9 7 10
4 2 3 3 4 4 7 15 12 11 14 4 9 1 1 0 3 23 12 2 3 3 1 1 1 0 0 0 0 1 0 0 0 0 0 0 0 0 0 1 0 1 2 2 1 1 1 1 2 3 1 1 3 9 3 7 6 5 7 6 7 15 35 32 38 32 24 27 41 52 49 51 41 54 32 43 49 28 39 50 70 42 31 35 46 55 71 55 44 21 12 4 2 5 5 4
3 4 4 4 16 8 21 47 13 11 8 11 12 15 1 0 1 1 1 0 2 6 1 0 0 0 0 0 0 0 0 0 0 0 0 0 0 0 0 0 0 0 1 0 0 0 0 1 0 0 1 1 2 3 2 3 1 3 7 7 5 23 21 23 25 33 25 22 28 44 38 27 31 48 28 15 54 28 33 61 37 42 39 45 76 82 68 50 47 36 18 14 10 2 4 4
