sesion_6_simulaciones/modelos_agentes/ejemplos_netlogo/scenarios/echam4_b2/rob_2097.asc
NCOLS 322 
NROWS 307 
XLLCORNER 451900 
YLLCORNER 4086900 
CELLSIZE 100 
NODATA_value -9999 
[rows 0 to 73 of 307, columns 192 to 287 of 322]
22 19 12 7 22 42 21 10 10 14 18 8 6 5 9 7 5 6 10 11 11 13 10 12 20 34 21 38 40 67 34 14 15 3 3 4 9 9 6 22 25 13 13 37 42 40 28 37 46 48 27 27 29 32 24 26 17 58 18 14 2 2 3 9 9 4 7 8 3 9 4 2 3 4 11 4 3 9 17 5 3 5 6 9 9 6 16 11 9 11 2 6 8 28 4 1
26 13 17 14 19 39 10 16 29 20 14 11 18 18 12 11 18 4 10 16 21 13 9 9 12 41 18 23 17 27 66 42 10 6 4 3 5 8 16 12 22 8 5 15 20 24 35 27 39 70 79 54 30 24 21 20 43 39 43 6 6 3 11 6 7 6 8 5 10 5 1 6 3 5 22 6 23 12 10 9 6 10 15 10 8 4 11 14 13 11 4 9 6 10 4 3
10 21 12 12 29 27 19 9 6 16 18 21 33 37 21 36 25 24 36 39 41 23 18 12 7 11 10 4 5 11 15 47 38 11 12 6 5 4 10 4 2 5 22 37 33 45 39 41 46 57 58 45 47 28 38 54 19 19 27 9 7 9 10 5 4 12 3 4 4 5 3 4 4 7 36 8 33 22 8 15 9 7 13 16 10 3 7 8 15 9 5 21 8 19 4 1
15 16 35 36 19 16 14 15 17 36 18 35 49 40 33 52 42 23 37 57 48 48 42 27 23 16 3 6 5 3 8 15 6 10 9 8 10 4 4 3 11 20 12 12 21 51 41 41 15 24 15 16 21 40 27 36 31 11 15 19 19 7 5 10 4 11 7 9 21 5 9 9 3 3 19 10 12 10 15 15 11 9 13 19 11 3 6 14 23 8 14 11 9 17 3 1
9 7 18 5 32 36 33 23 38 34 37 27 32 30 37 57 41 49 56 63 62 46 41 43 30 40 25 37 30 8 4 1 7 5 6 10 3 1 3 5 9 10 17 22 18 24 19 25 45 55 54 38 30 21 53 57 18 16 5 5 17 12 6 8 5 11 7 7 5 3 2 3 4 2 9 10 7 17 38 43 29 7 9 23 21 16 2 12 13 21 18 8 15 23 7 1
11 9 20 17 10 15 42 16 42 34 26 37 14 39 51 55 62 58 26 29 49 35 27 43 41 43 26 43 36 16 16 9 4 3 2 1 1 3 1 2 6 12 19 33 49 63 61 62 52 30 31 28 39 51 76 48 23 18 5 28 38 28 16 12 6 14 4 7 11 9 15 10 10 7 6 10 17 15 24 15 20 38 26 22 24 18 5 9 13 16 6 10 15 13 9 1
8 5 6 18 12 9 43 15 10 23 33 68 42 22 48 62 56 59 34 14 22 45 54 64 40 39 45 36 39 36 30 22 23 20 12 4 6 9 4 1 5 12 23 32 60 38 40 43 57 41 44 78 39 62 70 36 22 26 12 24 27 25 14 14 20 12 12 12 16 5 10 11 9 17 17 9 3 11 25 27 17 38 23 11 7 28 8 7 9 8 8 15 26 37 6 4
6 5 6 9 26 20 40 51 14 7 16 26 56 20 8 28 19 34 38 22 18 35 22 34 37 32 40 30 44 40 40 39 37 37 34 17 23 12 5 3 7 24 37 45 52 52 47 69 83 76 74 45 63 58 65 37 19 6 11 14 15 9 6 5 3 11 6 8 20 9 10 8 11 18 21 13 3 17 34 14 36 54 35 13 7 25 18 9 9 20 18 18 41 19 10 6
12 11 13 8 16 14 29 57 59 26 13 14 30 48 29 22 15 41 50 36 30 48 17 31 58 42 37 42 43 56 53 52 55 51 38 33 19 9 3 6 15 21 37 41 65 63 50 56 71 78 60 39 79 60 57 24 9 34 50 30 31 17 26 12 13 29 10 11 5 5 9 8 12 15 13 7 4 9 13 22 35 49 32 21 9 11 13 8 7 28 19 27 21 29 10 15
8 12 14 9 10 5 25 25 60 47 38 24 24 35 43 23 24 19 52 50 48 57 25 29 48 48 38 38 30 44 14 34 55 54 43 22 14 10 5 6 6 14 28 39 59 33 29 74 53 40 32 86 67 65 39 17 26 44 42 46 25 63 47 15 23 6 13 13 15 6 7 13 15 9 7 5 4 8 33 14 8 33 35 33 19 9 19 6 9 11 13 36 22 34 15 43
11 12 16 18 10 6 3 5 11 32 22 17 15 44 33 25 34 10 22 50 39 63 67 29 36 32 60 42 17 38 50 18 8 8 16 35 21 12 7 7 12 15 36 60 27 53 59 65 24 31 73 79 53 59 27 15 27 34 24 35 64 69 30 11 10 12 16 14 22 18 25 16 18 17 11 8 4 3 10 18 19 45 63 35 40 16 10 16 4 15 36 15 21 16 15 62
27 18 10 14 16 15 11 7 7 7 10 11 21 23 23 20 18 33 26 31 56 63 57 39 10 26 57 49 25 24 50 52 14 6 7 10 28 14 1 6 30 39 44 23 13 14 45 18 28 63 85 76 54 39 14 39 32 22 27 70 55 44 6 12 15 12 22 18 14 20 16 16 22 29 27 20 8 5 16 17 19 70 43 57 38 32 15 9 6 26 25 13 34 10 36 73
39 26 23 39 35 34 32 19 35 25 24 18 12 11 12 14 18 51 48 26 22 44 41 37 11 24 41 35 30 14 13 30 13 4 2 3 13 20 3 7 27 31 30 43 42 37 65 17 43 79 74 47 12 36 56 58 52 56 79 69 15 13 13 8 6 6 10 9 16 12 6 12 29 38 39 22 10 2 15 24 55 59 21 37 51 32 23 6 8 28 22 16 41 12 35 48
62 52 42 47 45 45 35 34 33 38 39 47 25 23 17 17 14 11 12 12 23 20 12 21 19 29 33 33 14 8 10 21 21 16 2 2 7 15 11 15 14 27 24 14 14 53 34 24 60 49 34 12 24 42 46 47 67 64 50 8 29 37 25 15 13 6 5 3 14 11 18 32 25 20 22 26 14 4 9 22 54 24 16 40 67 38 30 15 6 11 12 17 26 13 32 29
21 59 59 61 50 52 31 41 22 25 44 39 36 39 43 42 39 24 9 11 9 8 6 17 21 22 17 12 4 2 11 14 15 11 3 2 10 19 21 13 12 15 23 13 7 19 16 23 29 26 8 16 28 32 43 49 45 11 29 33 37 28 31 58 60 40 30 13 14 20 31 23 32 30 19 15 9 5 10 23 33 16 10 57 71 69 44 48 25 6 11 17 16 16 43 38
36 56 66 42 51 74 51 28 46 36 29 44 43 54 60 49 47 25 20 22 17 9 6 5 17 12 5 4 2 3 3 13 19 22 13 6 8 12 14 17 12 13 13 10 4 7 26 33 20 12 27 22 21 29 33 36 13 40 38 33 38 57 68 49 40 52 17 10 29 5 24 59 30 24 31 35 37 22 9 26 29 16 6 14 42 69 24 17 23 26 6 24 12 16 49 44
71 21 73 51 49 69 78 79 44 21 34 35 55 54 53 48 56 49 42 40 38 36 20 10 6 7 17 16 11 7 2 2 4 8 13 11 11 12 11 19 11 11 8 8 6 4 6 6 19 39 28 50 42 28 20 39 45 39 36 31 55 50 69 54 53 26 12 29 16 18 20 8 38 16 35 47 55 37 28 9 45 25 19 5 16 48 58 21 9 12 6 7 15 27 20 22
48 16 62 41 62 68 71 49 77 79 52 59 63 29 33 35 51 54 46 43 42 41 37 19 16 18 31 26 20 15 3 1 2 2 5 8 10 9 10 11 11 10 6 4 1 8 18 36 39 35 40 60 55 52 25 37 34 57 51 47 70 61 53 41 20 18 25 31 20 14 10 9 31 36 46 47 52 54 43 16 11 23 24 18 7 22 40 28 23 4 12 1 15 23 11 11
40 42 46 51 38 65 70 45 50 81 53 74 84 62 48 38 55 71 72 62 61 45 27 21 32 21 36 34 46 19 19 18 18 10 7 5 7 5 8 8 4 3 2 3 13 23 40 41 36 40 53 60 52 38 51 51 51 47 34 44 62 35 18 9 20 19 15 57 37 10 15 7 35 38 9 22 63 50 56 45 13 10 42 25 16 7 24 30 29 14 3 3 20 10 3 2
51 22 32 50 42 51 78 44 33 68 74 83 85 75 77 70 32 49 51 67 51 45 41 36 38 36 37 46 46 43 31 25 25 23 19 10 5 4 3 3 1 1 7 13 36 34 39 51 31 49 60 46 59 54 55 52 15 10 23 43 72 34 12 28 37 27 41 45 25 21 16 5 11 41 33 10 23 36 49 51 48 16 15 30 24 9 5 17 33 24 3 2 12 2 11 21
74 41 41 45 17 39 70 48 62 50 71 59 78 52 63 68 32 25 48 68 50 64 46 29 59 51 39 32 40 36 28 17 22 19 26 17 13 6 3 1 1 4 16 32 37 44 27 24 51 69 49 51 65 69 75 64 39 26 37 46 53 19 15 38 34 25 27 11 28 32 24 5 6 17 49 23 9 15 67 39 39 20 8 18 23 7 9 25 17 17 2 2 2 4 20 42
58 22 54 52 24 18 44 74 29 51 82 77 82 62 58 35 38 12 28 75 71 54 42 40 29 31 13 14 21 20 27 25 16 14 25 22 13 10 6 2 3 11 21 27 21 37 33 48 47 44 35 45 50 77 78 77 72 56 42 39 27 12 25 30 41 33 27 15 16 33 13 6 7 12 45 27 12 13 25 50 40 34 15 9 25 9 13 20 12 5 5 16 7 13 38 47
76 30 70 73 45 31 33 57 28 30 82 72 58 40 22 45 40 34 13 30 39 58 76 75 49 20 36 25 12 17 16 13 9 11 16 27 20 8 3 1 2 15 29 33 15 22 11 26 15 18 15 36 52 37 54 74 57 38 20 68 32 11 24 27 22 27 54 25 26 11 7 7 17 32 62 28 14 20 32 64 40 22 14 5 12 20 13 20 8 4 13 47 23 23 23 39
72 64 56 75 28 39 43 59 55 28 31 27 33 60 32 24 50 47 27 39 42 43 70 59 55 25 31 37 26 8 11 9 9 9 10 13 18 8 4 1 4 6 6 14 12 8 14 16 28 25 17 32 26 35 34 25 15 30 57 43 13 21 27 21 30 54 34 22 29 19 7 11 19 39 42 20 24 20 35 58 45 51 26 8 7 11 13 20 4 6 17 14 31 45 23 28
44 37 53 52 39 18 50 66 44 19 37 25 25 47 54 33 40 46 40 20 22 30 39 33 29 21 26 39 37 17 9 7 6 6 7 9 6 12 4 1 2 6 15 18 24 31 36 34 27 31 41 22 15 8 9 16 32 33 67 34 10 34 22 17 37 64 26 39 36 19 12 12 23 55 34 21 35 24 32 50 43 44 44 28 9 4 16 9 4 25 27 26 26 23 59 23
25 32 21 48 26 12 55 66 43 20 17 26 26 19 45 43 26 21 30 31 15 16 25 27 25 21 13 31 51 15 11 7 3 2 2 2 6 5 9 2 4 7 7 11 21 25 37 18 17 32 32 46 34 49 32 33 32 53 59 10 17 25 18 12 34 49 27 30 29 23 11 12 29 59 24 37 39 20 18 30 31 43 32 15 18 5 4 9 22 42 42 41 48 29 19 44
17 20 12 15 11 32 52 45 29 15 8 16 16 9 9 27 32 32 27 28 14 12 14 19 8 11 12 13 16 24 19 5 3 1 1 2 5 3 6 3 2 3 4 8 13 17 13 16 29 27 42 41 35 44 53 64 68 80 43 9 19 22 13 20 61 50 14 31 35 23 15 8 24 58 26 23 27 32 9 17 31 43 19 15 6 4 8 26 46 40 44 36 41 49 57 29
11 10 5 3 4 6 8 11 10 6 4 4 4 2 4 7 11 8 17 22 12 10 10 8 4 5 16 12 12 14 18 13 12 5 2 2 3 2 6 2 2 1 3 5 7 10 23 21 18 46 34 36 39 42 53 80 68 58 10 25 30 17 33 47 78 32 42 22 22 25 24 14 36 59 36 23 26 36 11 16 30 39 28 33 16 3 9 23 26 18 16 13 12 17 35 35
4 5 7 7 3 1 2 2 3 1 2 1 1 1 1 1 2 2 3 6 8 6 5 3 4 5 15 12 10 8 8 7 4 4 6 3 2 2 3 2 2 5 17 18 21 23 36 57 22 38 28 28 31 27 70 63 38 10 26 33 29 23 44 73 44 20 37 21 23 28 22 12 23 55 69 41 32 25 14 15 30 46 38 25 13 2 9 12 8 20 21 27 26 21 18 32
8 16 13 22 13 6 4 3 4 12 12 13 14 15 23 14 12 11 3 1 2 2 2 2 1 6 7 5 7 4 3 2 5 4 3 3 2 1 2 2 7 18 19 21 26 38 43 29 53 36 29 24 35 36 73 31 18 24 35 35 27 26 45 74 30 19 20 34 21 11 9 13 42 60 30 57 42 27 12 8 41 36 44 24 10 2 10 22 35 45 25 37 41 34 27 11
16 27 26 30 22 8 8 24 17 26 26 31 30 31 30 32 27 24 21 11 6 5 4 2 1 1 2 3 6 3 3 2 4 4 3 2 0 0 2 5 17 19 23 37 43 52 51 40 46 66 62 56 38 54 34 19 7 37 32 35 17 26 50 64 36 14 22 33 26 21 6 13 56 26 20 66 55 36 18 8 25 22 38 22 6 6 21 22 22 33 28 23 15 14 15 30
31 32 31 34 22 16 17 33 32 31 30 35 51 37 47 47 37 29 25 26 16 25 20 8 7 5 3 1 1 1 1 1 1 3 2 1 1 2 5 18 20 22 26 31 45 52 57 70 57 56 40 76 58 37 41 37 15 34 40 50 44 33 60 25 11 33 41 20 38 18 6 15 29 28 18 67 40 37 18 13 27 24 24 18 5 13 39 45 46 31 24 11 19 20 17 28
52 49 36 50 37 22 21 27 29 33 53 51 50 56 54 38 38 32 31 31 29 33 29 20 16 17 8 6 4 4 5 9 4 1 1 1 1 2 5 16 19 23 24 33 49 52 64 65 52 53 42 26 48 45 55 13 31 38 30 41 32 40 42 50 49 30 21 17 47 36 15 11 32 23 38 72 37 33 28 13 15 24 22 9 14 27 39 60 61 51 48 26 29 37 34 64
53 53 57 42 39 38 23 38 51 53 59 53 56 45 53 43 40 39 35 50 45 44 31 24 20 34 18 15 8 7 24 9 5 2 1 0 0 2 4 10 10 14 22 27 38 58 39 18 68 63 48 32 50 56 13 11 27 29 29 43 50 53 57 31 23 21 31 26 23 31 24 15 35 29 37 53 48 50 31 14 12 20 10 9 23 28 28 29 19 18 18 28 38 40 75 76
52 52 60 59 56 30 26 42 53 61 60 55 56 54 53 53 41 62 55 53 32 23 25 27 27 26 21 18 17 20 9 7 3 3 2 2 1 1 3 10 12 19 35 26 20 28 24 37 38 49 47 17 36 9 17 11 15 21 21 37 54 63 38 56 36 20 21 21 20 35 40 16 19 28 40 46 50 31 26 14 7 12 11 16 35 16 18 25 43 43 39 30 21 70 51 65
61 74 63 33 52 31 42 42 68 58 55 54 54 70 72 56 59 57 43 58 38 35 19 43 43 23 22 23 41 13 6 5 5 4 6 3 3 3 6 8 19 26 35 14 23 26 25 41 38 36 25 17 24 8 17 8 20 37 42 54 40 31 45 60 25 14 12 14 29 29 27 17 13 26 27 54 52 38 27 13 6 7 17 34 48 48 39 33 38 28 23 50 57 70 50 33
70 80 49 50 64 41 32 65 62 71 43 59 66 59 76 62 41 31 58 49 45 39 15 50 21 18 28 41 14 7 10 14 11 10 8 8 7 6 2 4 14 20 12 11 13 30 59 56 46 31 26 16 15 14 22 30 40 30 21 23 27 36 38 59 33 17 19 18 16 14 17 22 12 25 41 38 34 46 30 13 5 22 41 30 41 59 56 56 50 47 26 44 45 49 53 27
55 71 41 44 63 41 40 70 61 67 30 52 71 57 73 47 44 46 60 64 53 29 29 21 23 37 58 13 9 18 17 16 16 14 10 9 7 7 3 2 2 3 6 10 25 49 54 38 57 25 20 10 26 23 27 20 15 9 26 28 22 44 43 39 19 55 59 49 36 35 23 22 12 21 27 22 31 35 16 5 11 36 56 65 58 64 69 60 49 45 46 54 24 11 48 38
65 39 42 38 57 33 36 63 77 61 22 58 74 64 65 68 44 60 78 64 48 26 48 27 46 51 14 15 24 23 17 15 28 17 22 11 10 12 12 7 7 7 6 15 51 35 52 19 24 39 15 16 32 29 28 23 16 27 58 58 45 42 72 41 52 39 50 56 33 25 24 23 13 9 16 27 17 27 7 2 15 29 30 51 51 29 45 19 14 16 10 70 56 33 28 17
82 62 44 32 45 29 46 60 83 47 28 45 65 65 69 44 39 83 60 22 28 55 51 41 51 29 27 30 42 42 25 30 28 26 12 21 13 21 14 13 8 4 1 5 24 22 26 10 7 7 5 15 23 35 30 46 49 48 34 44 60 60 38 58 50 50 24 46 67 37 21 14 12 5 12 17 11 18 10 9 22 36 36 38 32 17 21 29 41 61 73 87 69 35 28 13
69 69 39 40 47 25 36 58 69 44 24 44 78 76 42 59 47 53 26 20 34 68 74 59 50 51 37 34 46 34 27 54 34 14 13 25 17 28 25 13 11 7 5 5 1 3 2 2 8 18 31 32 43 45 44 54 42 35 56 72 77 75 56 62 17 78 66 25 27 66 60 46 31 16 4 13 12 7 6 9 22 21 21 34 24 26 53 56 52 43 55 78 49 37 30 15
61 48 30 44 38 33 23 52 60 36 23 40 73 62 51 48 30 22 8 31 53 65 55 32 29 17 16 56 52 34 47 46 30 14 20 28 30 31 31 8 11 7 9 9 9 3 1 4 10 15 26 26 37 37 31 33 41 57 45 84 77 50 43 80 60 38 75 43 25 19 36 38 44 43 23 12 7 6 4 8 25 25 19 22 34 46 55 57 52 64 54 65 61 50 30 15
51 39 17 35 30 25 23 24 35 16 14 29 43 22 28 30 15 21 17 36 62 35 32 38 25 27 19 60 55 39 65 45 20 27 27 36 39 52 38 21 19 7 16 14 9 4 2 2 10 12 13 20 39 35 48 57 34 62 64 84 38 15 47 79 51 53 39 72 41 13 19 25 41 35 35 30 11 5 3 6 16 23 23 20 24 41 71 52 38 78 52 51 58 27 17 15
19 16 13 22 18 11 20 12 33 34 22 20 23 22 37 42 33 45 25 36 55 38 36 37 29 26 26 60 57 41 64 41 37 36 33 47 45 45 22 26 36 26 18 10 5 2 1 1 6 13 13 26 42 37 37 45 29 46 74 50 36 21 68 79 66 27 21 30 52 30 18 17 20 16 38 19 13 6 3 6 13 20 28 21 49 66 80 56 49 78 50 25 32 47 18 9
15 4 16 19 16 23 23 55 52 77 76 67 22 39 47 51 55 28 26 50 48 33 34 24 28 38 26 55 57 60 49 44 40 43 43 55 67 48 33 29 56 41 9 5 5 2 1 1 9 13 30 32 34 39 23 27 46 68 80 41 28 32 47 78 74 57 26 10 46 50 32 17 16 16 46 17 8 5 3 11 17 28 30 37 42 35 38 33 47 44 58 47 47 42 12 2
7 6 12 20 44 56 68 74 57 56 65 70 71 55 28 35 31 24 29 31 19 30 30 34 49 40 40 71 59 74 47 47 44 53 57 72 76 46 47 41 52 28 16 9 7 9 7 1 4 16 15 25 24 19 19 35 52 67 59 52 30 29 33 85 56 55 51 8 38 59 47 16 14 15 18 31 13 3 3 13 15 27 44 50 45 34 35 26 34 35 41 33 26 11 4 8
18 16 8 10 21 35 61 31 31 28 50 58 55 62 32 26 32 47 46 27 26 33 31 44 65 51 41 68 65 60 42 57 47 58 56 70 57 50 61 34 20 18 28 25 19 18 11 4 2 6 20 16 18 28 26 13 39 37 46 77 44 39 50 64 51 17 48 24 31 37 34 32 18 10 7 60 12 2 5 10 21 29 24 53 37 33 34 25 24 15 15 11 9 9 14 28
27 44 20 11 31 30 32 48 31 49 62 48 60 74 74 51 63 52 36 29 41 40 44 44 56 46 41 67 67 41 52 53 54 58 69 73 61 52 26 15 15 28 28 27 36 25 20 6 2 1 6 15 20 29 31 20 36 41 30 44 44 45 47 62 68 19 34 35 25 50 38 19 24 15 14 16 11 2 5 10 19 23 38 55 32 35 30 24 33 11 8 5 7 13 26 32
19 38 60 28 13 19 44 41 67 41 37 38 74 51 54 88 81 28 42 43 44 43 49 44 49 43 46 72 59 51 52 51 56 73 74 50 26 24 37 34 42 40 35 26 40 39 25 9 2 1 2 26 19 14 30 23 42 36 29 32 40 28 29 43 75 18 16 29 22 22 28 17 15 13 11 11 7 4 3 8 15 19 60 38 17 15 16 18 16 2 4 12 14 20 29 27
59 56 62 68 28 9 14 60 60 59 16 22 41 51 76 81 62 83 82 54 41 62 57 28 47 39 61 55 54 49 55 46 62 77 80 49 46 39 55 53 66 67 50 50 60 32 16 5 1 0 1 3 4 8 30 25 42 41 27 25 24 12 5 17 52 30 20 20 19 17 17 24 15 13 8 7 5 4 3 9 15 21 27 22 12 11 6 8 4 10 11 15 29 36 26 27
43 26 37 78 31 27 25 27 30 40 31 9 35 80 86 82 60 51 79 57 70 72 58 37 56 55 73 67 62 72 54 54 58 56 59 42 46 55 57 62 31 32 63 79 34 21 17 6 1 1 3 2 2 3 13 34 38 53 23 26 23 12 6 39 57 27 29 18 17 18 22 23 12 7 10 8 6 4 5 11 11 22 21 9 7 5 6 14 15 26 30 31 33 35 19 21
21 39 39 78 78 25 32 20 27 27 32 19 45 54 57 60 76 84 63 25 59 27 71 80 91 85 80 56 74 60 72 54 49 33 74 66 70 63 40 39 17 4 61 54 48 33 28 15 6 11 11 7 3 1 2 7 9 21 11 18 16 9 10 25 36 41 25 17 19 5 7 9 13 6 4 4 6 3 4 7 12 14 14 9 4 8 18 20 30 25 28 48 40 29 26 21
15 24 35 41 76 72 42 22 23 25 25 26 44 67 76 79 42 78 77 36 66 60 37 53 73 53 71 46 70 33 21 48 37 37 57 88 74 57 36 77 45 45 53 53 60 38 20 17 23 26 18 8 2 1 1 1 1 5 4 15 14 8 16 30 26 41 28 17 12 9 10 10 9 6 4 2 5 3 1 3 5 6 8 6 4 11 14 18 27 27 31 27 62 36 23 14
8 16 28 6 41 84 44 29 17 16 26 33 29 43 52 67 67 80 59 60 68 50 19 55 71 51 50 46 51 73 59 63 59 37 46 82 88 92 90 86 75 62 63 71 64 42 37 32 49 18 12 12 10 9 7 6 3 2 2 4 4 7 9 26 28 31 27 19 11 10 7 5 5 3 3 2 2 2 1 2 2 3 1 2 2 3 6 15 25 13 19 35 35 30 17 31
18 11 25 53 45 63 83 44 44 20 14 19 23 29 60 50 71 84 23 33 74 72 35 21 82 85 60 45 61 70 39 38 48 37 34 65 82 83 81 57 69 70 45 53 59 59 70 68 42 10 20 29 25 22 21 30 26 8 3 3 2 3 6 7 15 34 19 16 8 10 7 3 4 4 3 1 2 1 1 1 1 3 4 7 9 7 9 9 19 25 23 24 30 30 42 40
29 10 9 41 61 68 87 71 40 37 28 24 23 31 30 21 58 43 31 67 88 48 28 19 28 74 45 54 48 69 66 50 57 55 49 84 75 54 47 38 45 26 23 75 51 73 83 78 50 39 47 37 33 24 18 7 9 7 5 4 3 3 5 5 4 14 19 15 12 8 4 2 2 2 2 2 2 1 1 1 2 3 4 6 12 23 22 24 30 29 25 33 31 31 26 45
47 33 26 19 23 27 43 71 43 54 35 24 21 27 43 20 47 30 57 48 83 47 32 30 19 36 38 50 26 66 71 44 44 48 60 76 74 40 27 41 37 29 30 44 60 50 47 32 36 39 33 32 30 30 31 8 5 10 4 3 3 3 4 4 3 8 13 14 10 4 3 1 2 2 2 2 1 0 1 2 3 4 9 13 5 5 16 49 22 36 40 42 46 37 42 48
24 27 50 23 22 51 51 74 76 61 54 26 22 19 22 28 37 39 35 51 77 84 63 41 16 16 34 12 27 64 74 51 42 48 42 44 48 36 28 35 32 30 29 30 66 43 46 31 21 19 19 8 11 9 19 13 3 9 4 3 2 2 2 3 3 6 8 6 6 3 3 2 2 2 1 1 0 0 1 2 3 3 3 4 4 12 32 38 44 48 48 43 45 52 44 57
43 41 19 15 19 34 47 60 76 57 45 37 19 12 16 30 15 21 43 80 71 75 65 60 37 13 43 41 15 23 59 43 49 43 23 25 33 57 28 24 30 20 16 25 46 44 53 37 28 19 15 12 4 5 10 10 4 9 7 3 2 2 2 2 2 4 5 4 4 2 2 1 1 2 1 0 0 1 1 2 1 2 3 7 12 19 22 43 27 27 20 22 35 48 47 29
58 57 28 15 6 34 31 47 65 71 37 36 23 21 24 27 15 43 67 81 51 51 62 36 30 27 17 31 41 9 37 53 32 35 21 35 32 23 24 23 35 26 11 14 21 40 53 42 40 28 24 12 8 4 3 7 5 6 10 4 3 1 1 1 1 2 3 3 2 2 1 1 1 0 0 0 1 1 1 1 1 3 3 7 15 15 26 26 26 19 16 30 36 35 30 30
61 57 38 33 12 13 30 43 76 36 41 26 19 17 18 20 16 36 73 54 11 34 81 37 28 32 15 20 22 37 32 31 23 24 28 18 16 9 10 20 34 17 10 9 11 23 50 35 46 28 17 12 8 5 1 2 4 3 4 3 1 1 1 1 1 1 1 2 2 2 1 1 0 0 0 1 1 1 2 2 2 4 9 13 11 14 35 30 23 25 32 26 31 38 37 21
57 56 40 24 24 17 32 36 73 40 18 38 29 16 14 14 12 50 52 32 54 62 73 60 36 23 27 41 17 47 35 29 29 18 30 14 19 15 5 14 10 8 10 22 33 39 48 39 58 54 38 24 9 7 2 1 2 3 3 4 3 1 1 0 0 1 1 1 2 1 1 0 0 0 1 1 1 1 2 2 2 4 5 5 10 15 17 26 33 36 39 32 37 21 35 37
52 43 34 26 24 26 15 26 44 66 38 22 30 16 14 13 17 39 32 40 33 50 71 58 39 49 21 28 31 52 27 20 25 23 12 9 16 14 12 11 4 5 9 44 28 22 46 28 46 49 53 29 16 10 3 2 1 2 2 2 2 1 1 0 1 1 1 2 1 1 1 0 0 0 1 1 1 1 2 2 3 4 8 6 8 7 16 24 23 26 29 51 36 43 57 40
46 48 31 23 27 24 23 28 31 45 50 20 15 15 15 15 16 18 24 33 36 51 77 53 47 31 42 24 26 44 25 9 14 13 16 8 10 12 8 5 3 7 25 46 11 26 31 17 39 38 35 38 26 20 14 8 2 1 1 1 1 1 0 0 0 1 1 1 1 0 0 0 0 0 1 1 1 2 2 2 4 6 6 4 4 7 10 8 18 29 24 33 30 17 29 35
83 64 52 21 17 24 20 23 26 40 49 32 24 18 18 14 13 16 17 14 39 41 67 51 30 24 27 29 24 16 30 11 11 13 10 14 9 9 4 5 16 19 27 10 11 20 13 17 23 34 42 37 49 31 22 14 8 2 1 0 1 1 1 0 0 0 0 0 0 0 0 0 0 0 1 1 1 1 1 1 2 2 3 3 2 4 5 6 11 16 29 46 30 27 30 9
53 80 67 47 26 15 13 20 26 31 65 38 27 15 11 9 10 6 13 14 27 35 54 59 30 22 17 18 23 23 20 27 15 8 7 14 9 5 2 7 13 35 19 10 13 16 13 11 24 34 20 22 27 32 27 17 11 7 3 1 0 1 1 0 0 0 0 0 0 0 0 0 0 1 1 1 1 1 2 1 2 2 2 2 4 5 7 7 10 22 26 32 24 24 23 33
28 84 41 76 56 42 14 16 17 32 50 29 21 11 9 6 3 4 12 15 27 45 35 54 44 30 22 15 14 19 17 25 17 13 6 10 4 2 4 4 18 19 19 7 8 14 5 8 24 35 17 17 21 20 47 28 19 9 7 1 1 1 0 0 0 0 0 0 0 0 0 0 0 1 1 2 1 2 2 3 2 1 2 3 6 7 6 6 15 18 20 13 17 28 28 27
49 53 37 73 53 53 32 9 12 14 32 30 13 11 7 4 3 4 11 23 11 11 51 56 59 47 36 31 10 7 8 11 10 8 4 4 2 2 2 4 18 8 8 6 5 18 5 8 30 33 22 7 5 3 32 21 19 10 5 3 1 0 0 0 0 0 0 0 0 0 0 0 0 0 1 1 2 3 3 5 6 8 6 8 8 7 5 5 10 12 13 22 33 36 38 35
55 49 44 38 46 28 56 19 6 6 15 19 13 7 5 3 3 7 9 10 21 49 62 63 70 49 35 20 16 9 13 14 10 8 6 5 3 2 5 11 8 6 5 4 8 22 12 13 40 36 35 10 3 1 6 6 11 11 4 3 1 1 0 0 0 0 0 0 0 0 0 0 0 0 1 1 2 4 9 6 8 11 15 11 10 10 6 9 16 12 12 16 19 13 19 21
52 45 48 38 41 17 27 36 6 5 13 15 22 7 3 2 2 3 11 20 41 46 59 52 57 61 29 19 16 14 11 9 7 7 4 2 1 2 3 11 7 4 3 3 3 7 8 7 25 38 23 11 12 3 3 6 3 4 4 3 1 1 0 0 0 0 0 0 0 0 0 0 1 1 1 1 2 5 5 12 16 13 11 19 15 14 16 28 20 7 9 7 11 26 26 30
45 53 56 40 20 16 16 16 10 4 8 12 15 5 2 1 2 6 17 41 28 17 49 42 40 52 34 18 16 12 9 7 5 4 3 1 1 2 8 11 5 3 2 1 2 9 3 8 32 13 17 10 7 4 4 4 5 4 3 2 1 1 0 0 0 0 0 0 0 0 0 0 0 1 1 3 3 7 11 10 20 28 32 33 36 28 31 28 21 15 14 18 12 13 29 27
26 23 31 33 16 17 10 9 11 6 3 6 7 4 1 0 3 8 15 18 21 19 37 59 22 25 23 27 12 8 6 5 4 5 4 1 1 5 12 4 2 1 1 1 4 6 7 35 50 7 3 16 6 4 3 2 5 4 3 2 1 1 1 0 0 0 0 0 0 0 0 0 0 1 1 2 3 2 3 7 12 15 19 25 41 34 43 40 31 30 19 19 32 27 21 21
12 13 12 14 13 10 9 7 8 6 2 2 3 4 1 1 2 4 8 9 16 13 11 18 17 16 12 14 7 6 4 4 3 2 2 1 3 6 3 2 2 1 0 1 3 6 14 11 34 9 3 9 9 3 3 6 4 3 2 1 1 1 0 0 0 0 0 0 0 0 0 0 0 0 1 1 2 3 2 3 6 9 14 14 35 34 49 55 41 52 44 44 37 36 28 49
14 15 14 11 9 6 5 2 2 2 2 1 1 2 1 1 2 4 3 6 10 6 5 10 11 11 9 6 10 4 4 3 2 1 1 1 3 3 3 4 1 0 3 4 6 13 4 4 5 8 7 5 6 6 5 2 3 2 1 1 1 0 0 0 0 0 0 0 0 0 0 0 0 0 0 1 1 4 4 4 6 9 6 13 23 30 26 32 68 62 35 59 51 50 33 41
