sesion_6_simulaciones/modelos_agentes/ejemplos_netlogo/scenarios/echam4_b2/rob_2075.asc
NCOLS 322 
NROWS 307 
XLLCORNER 451900 
YLLCORNER 4086900 
CELLSIZE 100 
NODATA_value -9999 
[rows 0 to 73 of 307, columns 192 to 287 of 322]
43 40 23 15 36 61 36 18 18 22 26 11 8 6 9 7 5 5 7 6 6 6 4 4 7 12 6 13 14 35 11 3 3 1 0 1 2 2 1 4 6 2 2 10 17 19 16 27 43 48 32 36 41 48 45 56 46 82 49 40 9 11 16 42 51 36 52 49 24 37 20 10 15 18 39 21 18 36 54 26 14 16 16 20 19 13 32 26 25 29 10 22 33 60 19 6
53 31 38 35 40 61 22 32 45 30 21 16 25 23 14 12 16 4 7 10 11 5 3 3 3 13 4 6 4 7 31 13 2 1 1 0 1 1 3 2 4 1 1 3 5 8 17 16 34 72 83 65 46 45 45 46 70 68 68 21 24 13 43 37 46 43 52 38 42 21 6 23 12 18 51 25 52 38 35 33 26 32 34 21 17 8 22 30 30 28 15 28 24 30 16 12
33 55 37 35 58 52 38 19 13 28 30 31 44 46 26 40 25 22 31 29 26 11 7 4 2 2 2 1 1 2 3 13 10 2 2 1 1 1 2 1 0 1 4 10 10 19 21 27 36 54 60 53 62 51 66 76 42 38 48 25 22 30 38 29 31 57 26 24 19 24 14 15 14 19 62 24 60 49 25 41 30 24 31 33 18 6 14 17 31 23 15 44 23 40 14 3
43 44 65 59 45 38 35 35 34 56 33 52 65 54 45 61 46 25 36 51 36 29 21 9 6 3 1 1 1 0 1 2 1 2 1 1 2 0 0 0 2 4 2 2 5 23 22 26 11 23 18 21 33 61 50 57 54 22 30 36 38 21 23 42 29 54 42 37 53 20 29 24 9 8 43 25 31 25 33 40 30 28 31 36 20 7 12 27 41 18 30 26 23 38 11 2
30 22 45 16 52 59 54 41 55 51 49 39 43 37 45 64 50 54 57 60 55 30 22 21 10 14 7 11 7 2 1 0 1 1 1 1 0 0 0 1 1 2 3 5 4 8 8 15 40 58 62 52 48 42 67 70 33 28 10 12 35 34 26 39 39 53 34 26 17 11 8 9 12 7 22 22 18 32 57 65 54 21 20 43 38 29 4 24 26 35 35 18 33 47 17 3
32 27 43 38 26 33 56 30 55 46 36 42 18 44 53 56 58 57 26 22 40 25 17 26 20 19 9 14 10 3 3 2 1 0 0 0 0 0 0 0 1 2 4 8 20 35 43 53 51 35 40 42 49 64 82 60 39 30 10 47 65 64 56 56 40 61 25 33 39 32 40 29 23 18 13 19 28 26 37 29 41 63 47 37 39 29 10 18 24 28 13 18 31 30 20 5
24 13 16 35 26 20 55 23 18 32 42 68 41 24 43 57 50 53 31 12 14 34 41 48 24 21 21 15 13 11 7 5 4 3 2 0 1 1 1 0 1 2 5 9 29 20 27 35 55 43 46 81 46 71 76 46 32 35 19 37 51 59 54 57 66 58 49 44 44 18 28 28 20 31 28 15 6 20 40 43 32 57 38 20 12 39 14 12 15 14 15 27 44 57 14 12
18 14 14 19 41 32 48 57 19 10 21 30 51 18 8 24 15 25 32 18 13 23 13 19 22 18 20 13 19 14 12 10 10 9 7 3 4 2 1 0 1 5 9 15 23 31 29 55 76 74 73 49 63 62 69 41 26 11 19 24 33 30 27 26 22 51 32 26 46 27 25 20 25 31 33 21 6 29 49 26 52 66 46 21 12 33 25 13 14 27 28 29 55 35 21 15
32 26 24 15 24 21 35 61 60 30 15 15 28 39 21 16 10 27 35 24 19 30 8 15 33 23 18 19 18 26 22 19 20 15 9 8 3 1 0 1 2 4 9 13 35 35 28 37 55 69 52 36 76 59 58 26 12 46 66 52 62 51 59 44 52 75 43 34 15 16 24 21 24 25 21 13 8 15 20 34 48 59 47 31 15 16 17 11 10 34 26 36 32 41 19 27
23 25 26 16 15 8 31 31 58 46 38 22 20 24 31 13 13 9 29 28 24 33 11 11 21 21 16 15 9 17 4 9 18 17 12 4 2 1 1 1 1 2 6 12 25 11 12 50 32 24 22 81 58 60 37 18 30 57 62 74 55 83 70 42 60 32 54 45 43 19 19 29 28 16 12 9 7 12 42 22 13 46 49 47 26 13 23 8 11 13 16 43 30 43 23 54
29 26 29 28 15 8 5 7 12 30 20 14 12 29 19 12 14 3 8 22 15 31 35 9 11 9 29 15 4 10 18 4 1 1 2 8 4 2 1 1 2 2 9 23 6 18 27 34 9 15 58 65 37 48 23 13 29 46 43 58 78 80 51 29 32 47 56 56 62 46 55 37 33 29 18 13 6 5 14 27 29 55 69 43 49 20 12 17 5 15 40 19 26 21 21 65
52 36 19 23 24 22 15 9 8 8 8 8 13 12 11 8 6 11 8 9 20 24 20 11 2 6 22 16 5 5 16 18 2 1 1 1 5 2 0 1 6 9 11 5 2 3 14 5 9 38 72 55 29 22 9 37 38 33 42 78 64 59 15 27 41 43 66 62 52 59 44 36 42 44 40 29 10 7 23 25 25 73 51 59 44 36 15 9 6 24 26 14 36 13 38 71
59 45 41 57 49 45 41 24 39 25 20 12 7 5 5 5 5 19 15 6 4 11 9 9 2 5 11 8 6 2 2 7 2 1 0 0 2 3 0 1 5 6 6 9 10 8 24 4 15 52 45 19 4 18 44 55 57 64 83 71 22 27 30 22 21 23 39 37 59 41 22 34 53 57 52 30 11 3 21 30 58 64 29 38 54 37 21 6 7 24 21 14 39 13 34 46
69 66 63 66 63 59 47 43 40 40 36 36 15 11 7 5 4 2 2 2 4 3 2 4 3 5 6 7 2 1 1 4 4 2 0 0 1 2 1 2 2 4 4 2 2 12 6 5 23 17 10 3 8 22 34 42 69 64 55 14 48 64 57 44 44 24 22 20 55 45 56 67 48 35 31 32 16 6 12 24 56 28 21 39 67 40 29 13 5 9 10 13 23 13 27 25
28 65 69 69 62 65 44 52 28 29 45 31 25 25 23 18 13 5 2 2 1 1 1 2 3 3 2 2 1 0 1 2 2 2 0 0 1 3 3 1 1 2 3 2 1 2 2 4 6 6 2 4 9 13 29 44 46 13 37 51 62 58 60 80 83 73 64 45 47 58 63 53 59 45 25 20 11 6 12 24 33 17 12 54 67 67 44 45 20 5 7 11 11 12 35 32
42 60 68 50 58 76 61 37 56 43 32 42 36 42 43 24 18 6 4 3 2 1 1 1 2 2 1 0 0 0 0 2 3 3 2 1 1 1 2 2 1 1 2 1 0 1 4 6 3 2 6 6 7 11 19 28 14 43 45 47 59 71 81 71 66 75 42 33 67 19 50 78 55 42 47 46 44 23 9 25 28 16 6 14 37 62 20 14 17 18 4 15 8 11 37 31
70 23 70 53 47 69 76 78 46 25 39 36 51 46 38 28 26 18 11 10 7 7 2 1 1 1 2 2 1 1 0 0 0 1 2 1 1 1 1 2 1 1 1 1 1 0 1 1 3 10 7 20 18 13 10 31 44 44 47 46 68 58 77 68 69 45 31 60 45 39 39 22 57 35 59 64 65 44 30 10 43 25 19 5 14 38 49 15 6 7 3 4 8 17 12 12
47 17 57 37 55 64 65 46 73 77 51 58 61 24 23 21 28 25 18 13 10 9 7 3 2 2 5 4 3 2 0 0 0 0 1 1 1 1 1 1 1 1 1 0 0 1 2 6 8 9 13 31 32 34 15 31 35 63 60 59 75 61 58 52 34 32 49 62 49 32 19 20 50 55 62 60 65 65 45 15 10 21 22 15 5 16 31 20 15 2 7 1 8 12 5 5
34 39 39 42 30 55 62 39 41 75 44 66 78 49 35 25 37 49 47 29 26 13 5 4 5 4 7 7 10 3 3 2 3 1 1 0 1 0 1 1 0 0 0 0 1 3 7 8 8 11 22 35 32 25 38 44 50 48 37 48 66 35 20 13 31 34 31 78 65 24 26 16 53 51 16 34 71 60 63 45 12 8 36 19 12 4 15 19 19 8 1 1 11 6 1 1
37 16 22 35 25 32 65 30 23 54 59 72 72 56 59 51 15 25 27 41 20 15 11 9 9 9 9 12 12 10 6 4 4 3 2 1 1 0 0 0 0 0 1 1 6 6 7 13 7 16 31 27 42 42 49 50 17 13 29 47 73 33 15 40 53 47 60 67 49 39 26 11 20 55 45 17 35 46 56 54 45 12 11 21 17 5 3 10 22 14 1 1 6 1 6 11
58 25 24 27 8 20 47 28 39 28 48 36 55 26 35 41 12 8 21 40 23 33 16 7 24 17 11 8 10 7 5 2 3 3 4 2 1 1 0 0 0 0 2 5 6 9 5 4 16 33 24 31 52 63 73 67 46 35 47 50 52 21 21 55 53 47 46 22 46 49 34 10 13 26 59 33 15 21 68 42 35 15 5 11 14 4 5 15 9 10 1 1 1 2 12 29
33 9 29 27 9 6 20 51 11 21 56 50 53 30 24 13 14 3 8 41 39 23 16 13 8 8 3 2 4 3 4 3 2 2 4 3 2 1 1 0 0 1 3 4 3 7 6 13 15 18 15 24 37 73 78 81 78 68 52 45 29 16 36 45 62 57 48 28 26 46 21 10 12 19 54 36 16 17 27 50 36 26 9 6 14 6 8 11 7 3 2 10 4 8 27 38
44 10 40 46 16 9 11 28 8 9 51 34 22 12 5 15 13 10 3 8 10 21 41 38 15 4 9 5 2 2 2 2 1 1 2 4 3 1 0 0 0 2 4 5 2 3 2 5 3 5 5 18 37 33 54 73 58 43 24 69 35 17 36 45 43 52 72 43 37 17 11 11 26 42 69 35 17 21 32 60 35 16 8 3 7 10 7 10 4 2 6 32 16 18 17 33
32 27 22 42 6 10 14 26 20 6 7 6 6 20 8 5 15 15 6 9 10 10 26 18 16 4 6 9 4 1 1 1 1 1 1 2 2 1 0 0 0 1 1 2 1 1 2 3 7 8 6 16 18 28 30 24 17 36 59 42 16 27 41 37 54 71 51 38 40 26 11 16 27 46 51 26 25 18 30 52 39 40 17 4 3 5 6 9 2 3 9 9 24 40 24 29
11 9 16 16 9 3 17 29 12 3 8 4 4 11 14 7 9 12 9 3 3 4 8 5 5 3 4 9 8 2 1 1 1 1 1 1 1 1 0 0 0 1 2 2 4 5 7 8 7 10 18 11 9 6 7 16 35 39 66 33 13 42 34 31 58 78 44 53 48 26 18 17 28 58 42 25 32 19 25 37 35 35 29 15 4 2 7 4 2 14 18 20 21 21 62 29
4 6 3 12 4 2 18 25 11 3 2 5 4 3 10 11 5 3 5 5 2 2 3 4 4 3 2 6 13 2 1 1 0 0 0 0 1 1 1 0 0 1 1 1 3 4 8 3 4 11 13 28 22 40 30 35 34 52 55 11 22 36 29 22 48 61 40 43 37 30 15 15 30 60 28 38 32 13 10 18 20 30 19 7 8 2 2 4 11 29 33 38 47 32 24 54
2 3 2 2 1 6 12 9 5 2 1 2 2 1 1 4 6 5 4 5 2 1 2 2 1 1 1 2 2 4 3 1 0 0 0 0 0 0 1 0 0 0 0 1 2 2 2 3 7 8 18 24 25 37 51 66 64 76 39 11 26 33 23 31 70 63 21 39 41 27 16 10 24 56 28 24 21 19 4 8 19 29 10 6 2 2 3 12 29 29 36 35 43 55 69 43
1 1 1 0 0 1 1 1 1 1 0 0 0 0 0 1 1 1 2 3 1 1 1 1 0 0 2 1 1 2 3 1 1 1 0 0 0 0 1 0 0 0 0 1 1 1 4 4 4 16 14 20 27 38 48 76 60 49 10 29 38 27 48 59 81 45 49 26 25 25 24 14 35 56 37 22 20 21 4 7 16 26 15 16 6 1 4 10 14 11 12 12 12 20 42 45
0 1 1 1 0 0 0 0 0 0 0 0 0 0 0 0 0 0 0 1 1 1 0 0 0 1 2 1 1 1 1 1 0 0 1 0 0 0 0 0 0 1 2 2 3 3 7 18 5 13 11 15 21 23 61 52 28 8 25 37 37 33 56 78 52 30 42 23 22 25 20 11 20 50 64 36 23 12 5 6 14 28 22 11 4 1 3 5 4 11 15 26 30 27 27 42
1 2 2 3 2 1 0 0 0 1 1 1 2 2 3 2 1 1 0 0 0 0 0 0 0 1 1 1 1 0 0 0 1 0 0 0 0 0 0 0 1 2 3 3 3 6 9 7 20 13 12 13 25 28 61 20 11 17 33 39 34 35 56 78 38 26 24 36 19 9 7 10 33 52 25 49 30 13 4 3 20 17 22 10 4 1 4 10 19 31 20 38 47 43 39 18
2 3 3 5 3 1 1 3 2 4 4 5 5 5 5 5 4 3 3 1 1 0 0 0 0 0 0 0 1 0 0 0 0 0 0 0 0 0 0 0 2 2 3 6 8 12 13 11 16 37 39 38 25 40 22 11 4 26 28 35 20 35 56 65 43 18 25 33 23 15 4 9 42 20 16 55 42 18 7 3 9 9 16 8 2 2 8 10 13 22 24 24 17 18 23 44
6 6 6 6 3 2 2 5 5 5 5 7 11 8 12 11 7 4 3 4 2 3 2 1 1 0 0 0 0 0 0 0 0 0 0 0 0 0 0 2 3 3 4 5 9 13 18 31 27 31 19 55 37 22 23 19 8 22 33 47 46 38 63 28 14 35 39 19 32 12 4 9 18 20 11 53 26 18 6 3 8 8 8 6 1 4 18 28 35 25 23 12 24 27 26 36
14 15 8 12 7 4 3 5 6 7 16 15 14 18 17 9 7 5 5 5 5 5 4 2 2 2 1 1 0 0 0 1 0 0 0 0 0 0 1 2 2 3 3 6 12 15 26 30 24 26 19 11 24 24 30 5 15 24 22 36 32 45 45 50 47 29 20 15 39 27 9 6 17 14 26 55 22 15 9 3 4 7 6 2 4 10 20 43 51 48 50 32 37 48 41 66
20 21 23 13 10 9 4 9 14 17 22 20 22 16 20 13 11 10 7 13 10 9 4 3 2 4 2 2 1 1 3 1 1 0 0 0 0 0 0 1 1 2 3 4 9 20 12 5 36 31 18 10 22 27 4 4 12 16 19 37 49 55 59 31 21 20 28 22 17 22 13 7 17 14 21 31 25 23 9 3 2 4 2 2 7 10 13 17 13 15 19 32 46 47 75 74
27 27 30 27 22 8 6 12 21 28 29 28 29 26 25 23 15 26 18 15 6 4 4 4 4 4 3 2 2 3 1 1 0 0 0 0 0 0 0 1 1 3 6 5 4 6 6 11 11 17 15 4 12 3 5 4 6 9 13 30 49 60 38 56 34 19 18 16 14 23 21 6 7 11 19 22 23 11 7 2 1 2 2 3 12 6 8 15 35 42 42 36 24 70 49 61
43 58 42 14 23 11 16 18 39 34 31 34 34 51 49 33 33 27 14 21 9 7 3 9 9 3 3 3 7 2 1 1 0 0 1 0 0 0 1 1 2 4 7 2 4 5 6 13 10 9 6 4 6 2 5 2 8 19 26 42 33 30 44 58 23 12 9 9 17 15 12 6 4 8 10 24 21 13 7 2 1 1 3 10 20 24 23 23 31 28 27 51 54 67 45 25
60 74 38 36 45 20 14 43 44 57 29 43 53 46 62 41 21 13 28 18 13 9 2 12 3 2 4 8 2 1 1 1 1 1 1 1 1 1 0 0 2 3 1 1 2 7 24 18 12 7 5 3 3 3 6 11 18 13 11 14 22 34 38 56 30 15 15 11 8 6 7 7 3 7 13 13 9 15 6 2 1 4 12 10 18 41 44 48 48 49 29 41 39 41 46 19
51 70 39 36 50 25 24 57 55 60 24 45 67 52 68 36 30 27 36 36 20 7 6 4 4 7 15 2 1 2 2 2 2 1 1 1 1 1 0 0 0 0 1 1 5 17 18 8 17 4 3 2 6 6 9 7 6 3 13 18 17 42 44 37 19 52 51 34 21 16 8 7 3 5 6 5 7 8 2 1 2 8 21 33 33 42 55 53 45 44 44 51 20 8 37 24
67 43 45 39 53 27 29 59 76 57 19 55 75 66 66 64 37 49 65 41 21 8 17 6 13 15 2 2 3 3 2 2 4 2 2 1 1 1 1 1 1 1 1 2 14 9 15 3 4 7 2 2 7 7 9 8 6 12 40 49 41 38 69 37 47 32 39 40 18 9 7 6 3 2 3 5 3 5 1 0 2 6 9 23 26 14 28 13 11 15 10 65 48 22 17 10
85 70 48 39 48 29 43 60 84 46 29 44 70 71 73 46 38 79 46 10 13 29 23 16 20 7 5 5 8 7 3 4 4 3 1 2 1 3 2 2 1 0 0 1 4 3 4 1 1 1 1 2 5 10 11 22 26 30 22 36 53 53 34 50 41 39 15 27 42 14 6 3 2 1 2 3 2 3 1 1 4 8 10 14 13 7 11 18 33 54 68 83 58 21 14 6
77 78 49 51 56 33 42 66 77 51 31 51 85 84 52 63 43 45 16 11 19 51 55 32 21 17 9 6 10 6 4 12 5 2 2 3 2 3 3 1 1 1 0 0 0 0 0 0 1 2 5 5 11 15 17 28 23 21 42 63 68 65 45 52 12 65 49 11 10 34 27 16 8 3 1 2 2 1 1 1 3 4 5 10 8 11 32 38 36 32 43 67 35 20 12 5
76 66 47 59 55 51 39 67 76 52 39 53 84 75 59 50 26 17 5 21 41 52 36 14 10 4 3 18 15 8 11 9 5 2 2 4 4 4 4 1 1 1 1 1 1 0 0 0 1 2 5 5 9 12 11 14 22 39 31 77 63 31 28 73 45 21 54 21 8 4 10 11 14 11 4 2 1 1 0 1 4 5 4 6 11 19 31 35 31 46 34 44 40 25 11 5
77 65 40 61 57 54 51 50 61 41 35 51 65 33 36 30 13 18 14 28 54 27 20 18 8 8 5 25 20 10 23 10 3 4 4 7 7 11 7 2 2 1 2 2 1 0 0 0 1 1 2 3 9 10 18 28 15 38 45 69 20 7 28 68 31 29 16 44 14 3 4 5 11 9 8 6 1 1 0 1 3 4 5 4 6 15 47 26 18 58 26 25 30 9 4 4
50 47 43 60 58 41 60 47 73 75 63 51 47 39 52 50 38 45 24 33 49 30 23 19 12 10 9 29 28 13 26 10 8 7 6 10 9 10 3 4 6 4 2 1 0 0 0 0 1 2 2 4 10 9 10 17 10 21 52 26 15 8 43 67 44 10 6 8 21 8 3 3 3 3 9 3 2 1 0 1 2 4 6 5 18 34 51 26 21 51 22 8 11 16 4 2
60 31 62 71 63 68 67 85 79 90 89 84 46 66 67 64 63 33 28 50 45 27 23 13 15 20 12 31 33 32 19 15 12 14 12 18 25 12 6 5 15 8 1 1 0 0 0 0 1 2 5 5 7 10 5 7 17 39 58 17 10 11 21 57 48 26 7 2 13 15 7 2 2 2 10 3 1 1 0 1 2 5 6 10 12 10 13 9 17 15 24 15 14 11 2 0
48 44 54 65 80 83 87 89 76 75 79 81 83 74 46 46 41 33 35 33 20 27 23 25 38 28 28 57 45 59 28 23 19 25 28 42 43 14 12 9 14 5 2 1 1 1 1 0 0 2 2 4 4 3 3 9 17 36 26 21 9 8 10 66 28 19 16 1 9 18 10 2 2 2 2 5 1 0 0 2 2 5 10 14 13 9 10 6 9 8 11 7 5 2 1 2
64 57 39 40 57 67 80 58 52 48 63 66 65 73 48 43 49 61 51 35 32 37 33 46 63 46 36 63 61 50 32 43 30 37 34 46 29 20 23 8 4 3 4 3 2 2 1 0 0 1 3 3 3 5 5 2 11 10 14 39 13 11 17 30 19 3 14 5 6 8 6 5 3 1 1 16 2 0 0 1 3 4 4 17 9 7 7 5 5 2 2 2 1 1 2 7
70 75 50 30 56 52 56 67 49 61 69 54 65 78 82 67 79 71 52 43 56 54 55 53 61 51 43 69 67 39 48 48 46 47 57 56 38 24 7 3 2 5 4 4 6 3 2 1 0 0 1 2 3 5 6 3 9 11 7 11 10 11 14 24 35 4 7 7 4 11 7 3 3 2 2 2 1 0 0 1 2 3 8 17 6 7 5 4 6 1 1 1 1 2 6 8
52 67 79 49 29 34 59 58 77 48 43 42 74 54 62 92 88 49 67 65 65 62 64 56 59 52 53 76 64 54 55 51 55 71 68 36 11 8 11 10 10 9 7 4 8 7 4 1 0 0 0 4 2 2 6 4 10 8 5 6 8 4 5 11 39 3 2 5 3 3 4 2 2 1 1 1 1 0 0 1 2 2 16 7 2 2 2 2 2 0 0 2 2 3 7 8
77 75 77 79 46 19 23 69 67 62 19 23 39 52 77 84 67 88 89 71 62 79 74 44 63 54 72 65 63 58 61 52 66 78 79 40 30 21 30 24 32 29 14 12 16 5 2 1 0 0 0 0 0 1 5 4 10 9 4 4 3 1 1 3 17 7 3 3 3 2 2 3 2 2 1 1 1 0 0 1 2 3 4 3 1 1 1 1 0 1 2 2 6 8 7 8
62 46 53 83 46 39 34 35 36 44 32 8 31 77 85 83 63 57 83 64 75 79 67 51 73 68 81 76 71 77 60 60 61 56 59 38 37 40 39 38 13 12 27 41 7 3 2 1 0 0 0 0 0 0 2 6 8 14 3 4 3 2 1 8 17 5 4 2 2 2 3 3 1 1 1 1 1 0 0 1 1 3 2 1 1 0 1 1 2 4 5 6 7 10 5 7
34 53 51 80 81 31 39 25 28 27 31 17 37 49 54 60 74 83 68 31 62 33 72 81 92 87 83 61 76 59 71 56 51 31 67 63 65 50 27 20 6 1 30 19 12 6 4 2 1 1 1 1 0 0 0 1 1 3 1 2 2 1 1 4 7 8 4 2 3 0 1 1 2 1 0 0 1 0 0 1 1 1 1 1 0 1 2 3 4 4 5 12 12 9 7 7
23 31 44 48 76 74 44 22 23 22 20 20 32 53 67 73 38 75 75 37 66 61 38 53 74 54 73 49 69 33 22 46 33 31 49 82 65 44 24 60 24 22 26 21 22 8 3 2 3 3 2 1 0 0 0 0 0 0 0 2 2 1 2 4 4 8 4 2 1 1 1 1 1 1 0 0 0 0 0 0 0 0 1 1 0 1 2 3 4 5 7 6 27 13 7 5
12 19 31 9 44 83 44 27 14 12 17 21 17 27 35 54 55 73 53 55 66 49 19 51 68 52 52 44 47 67 54 55 49 27 34 72 80 85 82 73 56 39 38 42 27 11 7 5 11 2 1 1 1 1 1 1 0 0 0 0 0 1 1 4 4 5 4 2 1 1 1 0 0 0 0 0 0 0 0 0 0 0 0 0 0 0 1 2 5 2 4 8 10 10 6 13
22 13 24 48 43 58 81 42 38 13 7 10 12 14 39 32 55 74 16 26 72 68 33 18 76 81 56 39 52 62 31 26 34 23 19 46 65 64 59 30 41 43 21 29 30 24 27 23 8 1 3 4 3 3 2 5 4 1 0 0 0 0 1 1 2 6 3 2 1 1 1 0 0 0 0 0 0 0 0 0 0 0 0 1 1 1 1 1 3 4 5 5 8 10 19 20
30 12 9 35 51 61 83 66 32 24 14 11 9 13 13 9 35 25 19 58 87 43 23 14 21 64 36 41 32 54 50 33 34 33 26 62 46 24 19 14 18 8 7 47 24 44 51 39 13 8 11 8 7 4 3 1 1 1 0 0 0 0 0 1 0 1 3 2 1 1 0 0 0 0 0 0 0 0 0 0 0 0 0 1 1 3 3 3 5 5 5 9 10 13 11 26
49 34 23 15 17 21 37 63 35 40 18 9 7 9 17 7 23 13 36 34 79 39 24 20 12 22 21 30 13 43 49 23 20 20 28 44 37 13 8 13 12 7 8 16 32 22 19 8 9 9 6 6 4 5 6 1 1 1 0 0 0 0 0 0 0 1 1 2 1 0 0 0 0 0 0 0 0 0 0 0 0 0 1 1 1 0 2 10 3 7 10 14 17 15 23 31
25 23 40 15 14 36 40 62 66 43 30 9 7 5 6 9 12 14 16 34 68 79 50 26 8 7 17 4 10 34 45 24 15 16 13 12 14 10 6 9 8 7 7 7 30 17 19 8 4 3 3 1 1 1 3 1 0 1 0 0 0 0 0 0 0 1 1 1 1 0 0 0 0 0 0 0 0 0 0 0 0 0 0 0 0 1 4 7 10 13 13 14 15 23 23 37
41 32 12 8 10 19 31 42 62 34 20 12 5 3 4 8 3 6 19 64 55 65 51 40 18 5 19 17 4 7 25 16 16 12 5 5 7 17 5 4 7 4 3 5 15 17 24 11 6 3 2 1 0 1 1 1 0 1 1 0 0 0 0 0 0 0 0 0 0 0 0 0 0 0 0 0 0 0 0 0 0 0 0 1 1 2 3 8 5 5 4 5 10 21 24 15
54 47 18 8 3 17 15 26 45 46 14 11 5 4 5 6 3 14 37 59 25 34 47 18 13 10 5 11 14 2 10 17 7 7 4 7 6 4 4 4 7 5 2 2 4 14 22 13 10 5 4 2 1 0 0 1 0 1 1 0 0 0 0 0 0 0 0 0 0 0 0 0 0 0 0 0 0 0 0 0 0 0 0 1 2 2 3 4 4 3 3 7 10 11 12 14
56 45 23 17 5 5 13 20 56 15 14 6 4 4 3 3 3 9 37 22 3 16 70 18 10 12 4 6 5 10 8 7 5 5 5 2 2 1 1 4 7 2 1 1 2 6 21 10 12 5 3 2 1 0 0 0 0 0 0 0 0 0 0 0 0 0 0 0 0 0 0 0 0 0 0 0 0 0 0 0 0 0 1 1 1 2 5 5 3 4 6 5 7 11 14 9
51 44 25 11 9 5 12 13 45 17 4 10 6 3 2 2 2 14 17 9 23 35 57 35 13 7 7 12 3 14 8 5 5 3 5 2 3 2 1 2 1 1 2 4 8 12 16 12 21 15 8 3 1 1 0 0 0 0 0 0 0 0 0 0 0 0 0 0 0 0 0 0 0 0 0 0 0 0 0 0 0 0 0 1 1 2 2 4 6 7 9 7 9 6 13 18
42 29 18 11 8 8 4 7 15 36 11 4 6 2 2 2 2 8 6 11 9 22 53 34 14 18 5 6 6 14 5 3 4 4 2 1 2 2 2 1 0 1 2 13 6 5 13 8 14 16 14 5 2 1 0 0 0 0 0 0 0 0 0 0 0 0 0 0 0 0 0 0 0 0 0 0 0 0 0 0 0 0 1 1 1 1 2 3 3 4 5 13 10 14 26 19
35 31 14 8 8 6 5 6 8 16 17 4 2 2 2 2 2 2 4 7 9 20 59 27 18 8 11 5 5 9 4 1 2 2 2 1 1 2 1 1 0 1 5 12 2 5 7 4 10 10 7 8 4 2 2 1 0 0 0 0 0 0 0 0 0 0 0 0 0 0 0 0 0 0 0 0 0 0 0 0 0 0 1 0 0 1 1 1 2 5 4 7 7 4 9 13
77 49 30 6 4 5 4 4 5 10 19 6 4 3 2 2 2 2 2 2 9 12 39 25 8 5 6 6 4 3 6 2 1 2 1 2 1 1 0 0 2 3 5 2 2 4 2 3 6 8 10 8 11 6 3 2 1 0 0 0 0 0 0 0 0 0 0 0 0 0 0 0 0 0 0 0 0 0 0 0 0 0 0 0 0 0 0 1 1 2 5 11 6 7 9 3
31 71 47 20 7 3 2 3 4 7 28 9 4 2 1 1 1 1 2 2 5 9 24 30 8 4 3 3 3 3 3 4 2 1 1 2 1 0 0 1 2 8 3 1 2 3 2 2 5 8 3 3 5 6 5 2 1 1 0 0 0 0 0 0 0 0 0 0 0 0 0 0 0 0 0 0 0 0 0 0 0 0 0 0 0 1 1 1 1 3 4 5 4 5 6 11
11 68 17 49 23 11 2 2 2 6 14 7 3 1 1 1 0 0 1 2 5 13 11 23 14 6 4 2 2 2 2 3 2 2 1 1 0 0 0 1 3 3 3 1 1 3 1 1 6 9 3 2 3 3 11 5 2 1 1 0 0 0 0 0 0 0 0 0 0 0 0 0 0 0 0 0 0 0 0 0 0 0 0 0 1 1 1 1 2 2 3 2 3 6 8 8
20 21 11 41 17 19 7 1 1 2 6 6 2 1 1 0 0 0 1 4 2 2 19 22 24 12 7 5 1 1 1 1 1 1 0 0 0 0 0 0 3 1 1 1 1 3 1 1 7 8 4 1 1 0 5 3 2 1 0 0 0 0 0 0 0 0 0 0 0 0 0 0 0 0 0 0 0 0 0 0 1 1 1 1 1 1 1 1 1 1 2 3 6 8 11 13
22 16 14 10 13 5 17 3 1 1 2 3 2 1 1 0 0 1 1 1 4 15 24 24 30 15 7 3 2 1 2 2 1 1 1 0 0 0 1 1 1 1 0 0 1 4 2 2 10 7 7 1 0 0 1 1 1 1 0 0 0 0 0 0 0 0 0 0 0 0 0 0 0 0 0 0 0 0 1 1 1 1 1 1 1 1 1 1 2 1 1 2 3 2 4 6
17 12 15 9 9 2 5 7 1 0 2 2 3 1 0 0 0 0 1 3 11 11 22 17 17 22 5 3 2 2 1 1 1 1 0 0 0 0 0 1 1 0 0 0 0 1 1 1 6 9 3 2 2 0 0 1 0 0 0 0 0 0 0 0 0 0 0 0 0 0 0 0 0 0 0 0 0 0 1 1 2 1 1 2 1 2 2 4 3 1 1 1 2 5 6 10
12 16 17 9 3 2 2 2 1 0 1 1 2 1 0 0 0 1 3 8 5 2 12 9 8 12 6 2 2 1 1 1 0 0 0 0 0 0 1 1 0 0 0 0 0 1 0 1 7 2 3 1 1 0 0 0 0 0 0 0 0 0 0 0 0 0 0 0 0 0 0 0 0 0 0 0 0 1 1 1 2 4 5 5 5 4 4 4 3 2 2 2 1 2 7 7
4 4 5 6 2 2 1 1 1 1 0 1 1 0 0 0 0 1 2 2 3 2 6 15 3 4 3 4 1 1 1 0 0 0 0 0 0 1 2 0 0 0 0 0 0 1 1 8 14 1 0 2 1 0 0 0 0 0 0 0 0 0 0 0 0 0 0 0 0 0 0 0 0 0 0 0 0 0 0 1 1 2 2 3 7 5 8 7 5 5 3 3 5 4 4 5
1 2 1 2 2 1 1 1 1 1 0 0 0 0 0 0 0 1 1 1 2 1 1 3 2 2 2 2 1 1 0 0 0 0 0 0 0 1 0 0 0 0 0 0 0 1 2 2 7 1 0 1 1 0 0 0 0 0 0 0 0 0 0 0 0 0 0 0 0 0 0 0 0 0 0 0 0 0 0 0 1 1 2 2 6 6 12 15 8 13 11 11 9 8 6 17
2 2 2 1 1 1 0 0 0 0 0 0 0 0 0 0 0 0 0 1 1 1 1 1 1 1 1 1 1 0 0 0 0 0 0 0 0 0 0 0 0 0 0 0 1 1 0 0 1 1 1 1 1 1 0 0 0 0 0 0 0 0 0 0 0 0 0 0 0 0 0 0 0 0 0 0 0 0 0 0 0 1 1 1 3 6 4 6 24 23 8 22 18 17 10 16
