sesion_6_simulaciones/modelos_agentes/ejemplos_netlogo/scenarios/echam4_b2/rob_2042.asc
NCOLS 322 
NROWS 307 
XLLCORNER 451900 
YLLCORNER 4086900 
CELLSIZE 100 
NODATA_value -9999 
[rows 219 to 291 of 307, columns 0 to 95 of 322]
25 26 12 16 25 51 53 21 25 5 11 13 8 4 15 10 11 22 9 8 6 26 14 17 8 29 26 32 20 30 27 46 41 40 66 77 59 51 43 59 32 30 29 49 61 59 67 45 66 76 69 83 87 72 67 81 83 65 82 79 77 83 60 63 39 31 26 21 9 2 3 3 1 1 1 1 1 0 0 0 0 0 0 0 0 0 0 0 0 0 0 0 0 0 1 2
42 44 38 29 49 58 61 49 20 17 27 19 22 16 15 21 17 7 6 9 11 33 15 15 27 34 16 60 54 43 52 58 53 54 63 41 27 42 24 57 45 38 34 50 63 69 73 66 71 78 69 81 78 78 35 46 78 85 83 69 27 19 39 32 58 30 19 26 7 3 2 2 3 1 0 0 0 0 0 0 0 0 0 0 0 0 0 0 0 0 0 0 0 0 1 1
27 9 35 45 55 46 51 31 11 19 18 24 48 40 18 18 8 14 11 12 3 7 49 31 22 6 11 32 48 37 40 46 64 38 67 27 39 29 12 53 43 38 51 64 63 77 79 64 81 87 66 47 50 39 24 25 59 69 57 35 44 32 26 36 22 17 15 7 12 5 5 2 2 1 1 0 0 0 0 0 0 0 0 0 0 0 0 1 1 1 0 0 0 1 1 2
15 25 35 52 42 32 44 34 8 22 24 27 49 21 19 12 10 5 5 7 17 30 31 40 29 25 21 35 55 28 21 46 58 32 57 47 28 28 36 65 36 36 49 63 56 76 55 61 65 84 83 58 43 42 39 21 28 42 26 31 35 19 13 29 17 20 9 10 6 4 3 2 1 1 0 0 0 0 0 0 0 0 0 0 0 0 0 1 1 1 0 0 1 2 5 3
30 43 32 23 25 35 35 44 26 12 15 29 33 16 9 9 11 21 25 26 29 41 26 64 46 42 34 35 33 43 27 43 37 41 66 18 20 34 38 65 58 53 45 68 33 20 34 22 23 66 75 57 56 36 27 28 15 17 28 31 22 32 13 14 23 10 7 8 9 3 1 1 1 0 0 0 0 0 0 0 0 0 0 0 0 0 0 1 2 3 1 1 3 3 1 1
31 58 62 74 54 54 42 47 33 37 45 58 27 22 17 27 24 38 22 21 62 17 37 41 40 30 25 59 40 39 35 44 34 53 37 27 37 47 38 60 59 56 56 84 78 68 58 56 51 26 34 47 33 27 19 17 16 22 20 18 19 20 10 29 28 12 7 4 3 2 1 1 0 0 0 0 0 0 0 0 0 0 0 0 0 1 0 2 5 5 2 3 4 3 1 0
46 55 50 67 64 69 36 26 18 54 53 40 24 19 21 28 9 5 3 40 22 32 61 49 35 43 37 43 34 23 36 35 46 14 20 46 37 60 37 67 55 65 72 59 58 74 60 71 71 48 26 28 18 25 12 13 13 23 14 12 16 7 6 4 7 5 3 3 1 1 1 0 0 0 0 0 0 0 0 0 0 0 0 0 0 1 2 2 11 10 8 8 3 2 1 1
14 27 29 22 33 77 53 11 38 41 55 26 40 34 8 5 3 2 14 50 16 44 58 55 37 42 28 15 32 24 37 64 47 25 33 39 60 71 44 57 71 79 79 48 61 65 66 37 67 78 33 24 10 14 13 19 13 10 10 6 4 3 4 2 1 3 4 2 1 0 0 0 0 0 0 0 0 0 0 0 0 0 0 0 0 2 5 9 14 20 10 3 2 1 1 0
32 23 31 29 35 32 19 20 19 29 48 52 55 15 4 3 19 27 49 63 30 36 55 68 54 37 41 21 27 38 17 42 73 28 22 26 41 43 79 86 57 51 38 70 48 52 71 52 41 19 31 37 30 24 21 19 19 9 8 5 4 2 2 1 1 2 1 1 0 0 0 0 0 0 0 0 0 0 0 0 0 0 1 1 1 2 6 24 17 2 1 1 1 1 0 0
33 31 30 47 33 29 35 35 24 46 40 35 29 14 21 42 50 55 56 70 34 43 52 58 20 16 42 13 31 45 16 14 34 46 26 50 35 26 65 79 72 43 61 43 83 60 39 40 39 34 23 42 38 33 31 24 9 9 3 2 1 0 0 0 1 1 1 0 0 0 0 0 0 0 0 0 0 0 0 0 0 1 1 1 2 3 5 27 9 2 2 1 1 1 1 1
12 26 45 30 29 26 46 43 39 39 40 52 33 39 37 57 50 32 60 60 41 36 31 32 14 43 16 7 32 35 15 17 25 32 56 71 55 37 25 43 54 33 26 20 42 78 60 39 34 31 24 23 23 32 35 29 10 7 1 1 0 0 0 1 2 1 0 0 0 0 0 0 0 0 0 0 0 0 0 0 1 1 2 1 5 7 11 14 5 3 3 4 1 1 1 0
36 38 30 38 43 35 55 40 46 37 26 40 30 51 35 57 54 47 39 59 19 26 29 25 25 10 17 23 21 33 13 24 17 23 31 56 46 65 39 15 34 58 44 48 62 32 39 27 20 21 15 14 24 21 16 15 14 7 6 1 2 1 1 1 1 1 0 0 0 0 0 0 0 0 0 0 0 0 0 1 2 1 3 3 2 15 38 14 7 7 9 5 1 1 1 0
21 37 36 52 34 33 42 71 23 47 26 27 36 46 33 54 49 36 32 39 22 22 22 26 15 13 15 16 11 13 8 15 44 34 28 22 62 33 42 34 16 26 69 75 79 52 25 14 28 30 26 10 14 19 13 12 8 2 2 4 2 1 0 1 0 1 0 0 0 0 0 0 0 0 0 0 0 1 1 2 4 4 5 3 2 7 30 9 5 14 10 3 1 1 1 0
15 16 43 39 30 36 32 48 27 32 27 29 34 48 36 31 50 15 20 22 8 17 3 13 9 16 9 7 12 6 13 21 25 57 38 36 26 29 36 17 28 22 21 37 38 26 24 15 27 18 25 13 11 9 8 13 5 2 1 1 1 0 0 0 0 0 0 0 0 0 0 0 0 0 0 0 1 2 3 5 9 16 8 4 3 5 14 12 14 9 3 1 1 1 1 1
7 12 33 29 21 49 45 33 35 31 37 39 23 46 30 24 27 12 13 14 19 4 3 2 7 9 3 7 14 8 11 10 11 13 8 22 13 16 18 13 23 37 61 38 34 16 18 7 10 9 13 8 8 9 10 5 3 1 0 0 1 1 0 1 1 0 0 0 0 0 0 0 0 0 0 0 1 3 4 10 25 21 14 14 5 8 35 32 17 7 4 2 1 1 1 0
7 4 7 20 16 36 46 46 57 20 29 39 9 23 13 18 33 12 10 10 13 9 3 4 12 4 2 12 18 28 33 9 20 17 33 37 37 38 31 40 52 55 58 65 59 54 50 22 22 33 20 9 7 5 4 3 1 1 0 1 1 2 2 1 0 0 0 0 0 0 0 0 0 0 1 0 1 4 7 13 16 32 23 27 18 42 27 25 10 13 8 6 3 2 1 1
2 4 9 11 14 21 22 30 15 31 33 22 7 8 7 6 20 4 5 4 2 7 4 10 3 4 4 11 21 12 55 64 53 46 68 50 54 39 44 38 51 62 57 75 45 28 23 6 13 23 29 17 7 4 3 3 2 2 4 2 1 1 1 1 0 0 0 0 0 0 0 0 1 1 1 1 1 3 8 16 38 29 37 32 51 31 31 28 9 8 18 11 6 2 1 2
1 4 3 3 7 14 19 18 14 17 16 16 3 9 4 6 8 4 2 1 1 2 3 2 4 4 15 23 23 13 23 46 78 56 70 89 87 72 73 61 31 66 73 66 77 62 58 31 25 24 18 13 13 4 4 9 6 4 2 1 1 2 1 0 0 0 0 0 0 0 0 0 2 2 2 1 2 1 4 6 35 54 51 21 18 66 28 31 25 22 10 9 6 4 2 2
1 1 1 4 3 11 7 24 19 24 8 3 5 1 3 5 2 34 2 5 26 17 8 4 3 2 3 8 10 15 22 20 28 73 58 82 86 81 82 74 67 39 76 76 78 56 62 35 23 21 11 7 3 4 1 1 2 2 2 1 1 1 0 0 0 0 0 0 0 0 0 1 1 3 4 2 2 4 5 6 27 53 44 16 48 49 35 49 47 22 18 13 9 5 7 5
1 1 2 4 12 4 8 13 15 16 6 5 2 1 1 1 1 0 8 10 12 28 24 9 5 2 6 7 9 17 17 26 27 29 21 55 87 63 81 50 61 58 57 67 65 55 33 15 37 28 17 12 12 10 5 2 2 1 1 1 1 0 0 0 0 0 0 0 0 0 0 1 2 5 12 5 4 5 11 18 40 61 33 30 48 18 8 15 19 8 7 10 6 7 3 2
0 0 1 1 1 3 6 8 7 5 5 3 1 0 1 2 1 1 1 7 7 3 35 23 5 1 8 20 16 20 25 16 26 39 21 27 60 72 70 65 64 54 60 48 51 59 49 24 9 23 18 16 11 12 8 3 2 1 1 0 0 0 0 0 0 0 0 0 0 0 1 1 2 3 9 15 6 6 9 34 45 75 31 35 61 22 19 14 8 5 4 7 5 4 1 0
0 0 0 1 1 1 2 2 4 4 2 1 1 1 1 1 2 2 4 12 4 3 4 19 23 4 12 22 27 29 43 31 36 47 39 31 27 62 47 52 29 35 23 34 32 29 8 29 15 12 14 8 6 7 7 6 4 2 1 2 1 0 0 0 0 0 0 0 0 1 1 2 2 3 4 17 30 13 26 30 67 62 55 72 26 28 27 19 21 20 8 9 6 3 1 0
0 0 0 1 0 0 1 2 1 2 2 1 1 1 1 1 2 6 10 5 3 2 3 29 15 14 15 8 5 14 24 28 35 37 39 45 24 23 25 19 32 20 9 10 16 22 17 19 8 6 10 7 6 4 3 3 2 1 1 1 0 0 0 0 0 0 0 0 1 1 1 2 4 3 6 7 47 13 17 51 70 51 59 66 55 43 26 47 39 8 8 5 3 1 0 0
0 0 0 0 0 0 0 1 1 1 1 1 0 0 2 2 1 3 10 12 5 4 3 8 8 9 9 25 8 28 46 30 29 38 36 50 45 26 18 10 9 15 19 16 24 20 13 6 7 9 6 5 3 4 3 2 2 1 1 0 0 0 0 0 0 0 0 1 1 1 3 1 1 5 21 18 45 28 34 59 71 67 50 56 37 21 19 37 23 17 4 3 2 1 1 0
0 0 0 0 0 0 0 1 0 0 0 1 5 7 14 11 4 2 2 3 5 5 5 13 30 24 23 21 24 23 37 43 41 45 41 52 50 64 45 18 19 12 12 10 10 7 9 4 3 5 4 4 4 3 2 1 1 0 1 0 0 0 0 0 0 0 1 1 1 2 3 3 2 7 17 15 41 63 44 63 66 68 66 60 38 45 26 27 24 13 7 5 1 1 0 0
0 0 0 0 0 0 0 1 0 0 0 2 0 0 3 18 5 2 2 2 4 7 7 9 6 11 30 48 52 49 45 47 53 60 58 51 54 60 66 59 28 19 17 19 18 10 5 6 8 5 8 7 3 2 3 1 2 1 0 0 0 0 0 0 0 1 1 2 4 5 4 5 3 8 35 19 10 52 84 61 67 69 60 50 35 21 6 16 22 12 4 2 1 1 1 1
0 0 0 0 0 0 0 0 0 1 3 5 2 1 2 1 1 1 2 4 5 13 7 10 21 17 6 22 24 58 63 61 70 76 62 47 64 73 74 60 34 30 23 30 26 24 11 18 9 4 2 2 2 2 1 1 1 1 0 0 0 0 0 0 1 1 2 4 7 9 8 11 7 11 32 48 15 45 66 58 56 38 26 15 17 25 10 10 10 6 3 2 2 2 1 1
0 0 0 0 0 0 0 0 0 0 0 0 1 3 5 2 2 3 2 6 13 6 8 17 11 25 16 5 6 45 34 70 85 68 66 67 54 58 68 66 56 57 41 24 32 37 15 15 9 4 4 4 2 2 1 1 1 1 1 1 0 0 0 0 1 1 2 6 6 16 14 21 10 11 32 53 48 34 67 42 29 18 27 19 15 6 5 7 13 11 4 3 3 2 2 1
0 0 0 0 0 0 0 0 0 0 0 0 1 2 1 1 4 7 4 8 5 7 12 12 11 21 32 15 12 10 15 12 53 59 51 49 39 58 50 34 30 19 16 13 20 32 13 10 7 7 4 3 1 1 0 1 1 1 1 0 0 0 0 0 1 2 4 6 6 12 35 21 27 11 14 50 47 73 44 30 36 22 20 19 23 8 11 12 9 3 3 5 6 3 2 1
0 0 0 0 0 0 0 0 0 0 1 3 2 1 0 3 3 10 7 3 2 4 3 8 8 12 21 20 39 39 21 33 38 27 14 26 34 42 26 30 16 15 7 10 11 10 8 11 5 3 3 3 3 2 0 1 1 1 1 0 0 0 0 1 1 2 2 2 3 4 13 39 54 16 10 35 28 65 31 43 25 23 14 21 20 17 14 4 8 6 7 8 4 2 1 1
0 0 0 0 0 0 0 0 0 0 1 2 1 1 3 3 8 4 15 3 3 5 5 8 15 16 44 40 20 18 14 17 36 44 31 25 42 49 40 33 34 26 39 29 14 12 11 12 9 4 1 2 2 1 2 1 1 1 0 0 0 0 0 0 1 2 3 7 5 3 8 13 31 43 23 25 62 50 43 33 17 29 27 16 8 16 18 13 15 16 6 6 2 1 1 1
0 0 0 0 0 0 0 0 0 0 1 0 1 1 3 5 10 3 6 4 6 6 7 8 53 61 49 28 49 58 50 32 48 48 41 38 47 60 48 42 51 36 25 22 18 15 23 24 10 6 6 4 5 5 2 1 1 1 0 0 0 0 0 0 1 3 6 11 13 7 5 7 21 42 54 32 70 51 51 53 44 26 31 36 27 22 30 20 14 16 14 4 4 2 1 1
0 0 0 0 0 0 0 0 0 1 1 2 2 1 5 8 15 10 3 11 7 7 13 22 43 67 67 48 25 36 40 36 24 26 37 30 32 41 37 61 65 38 40 36 42 33 25 25 14 9 9 10 6 3 2 2 2 1 0 0 0 0 0 1 2 5 13 13 8 10 9 14 20 19 16 67 70 51 42 42 30 34 51 41 40 44 36 40 23 16 6 3 2 2 1 1
0 0 0 0 0 0 0 0 1 5 15 3 1 3 7 2 3 4 3 5 6 11 17 49 52 25 50 48 39 57 58 45 24 17 20 21 36 45 55 52 39 38 66 55 56 43 24 12 9 7 3 4 5 2 2 1 1 1 0 0 0 0 0 2 3 7 13 15 15 22 21 18 44 53 43 49 67 59 33 40 41 52 47 28 37 36 32 18 24 7 4 3 4 2 1 1
0 0 0 0 0 0 1 4 9 5 21 18 2 3 7 4 4 1 2 3 3 5 8 35 12 17 35 59 61 70 83 47 60 43 26 16 29 70 56 58 63 17 20 9 11 22 11 15 7 7 5 5 5 4 1 1 1 1 0 0 0 1 1 2 5 16 14 15 11 38 60 21 53 72 76 59 47 48 44 28 39 35 39 53 41 33 19 15 17 10 8 8 5 4 1 0
0 0 0 0 0 0 0 1 1 2 1 1 4 4 6 6 11 3 3 4 5 4 14 22 6 5 6 38 40 31 48 78 54 66 61 56 52 51 45 47 56 52 39 42 37 20 21 26 13 11 9 4 3 2 2 1 1 1 1 0 0 1 3 4 7 13 17 16 14 13 38 68 39 64 74 71 58 40 55 44 56 59 39 28 36 32 20 12 14 22 16 10 4 2 2 0
0 0 0 0 0 0 0 1 2 2 2 5 3 4 5 6 13 4 2 8 10 8 13 35 11 2 12 8 22 30 14 24 61 53 65 63 41 16 15 15 33 35 31 37 48 46 26 12 18 12 7 9 6 3 2 3 1 1 1 0 1 2 5 9 16 24 16 14 36 32 22 22 64 74 60 72 55 54 74 70 28 26 26 33 29 19 27 18 19 9 7 3 1 1 1 0
0 0 0 0 0 0 0 0 1 1 2 4 1 4 3 4 6 1 2 3 3 20 18 38 27 9 11 18 26 21 22 9 8 17 20 19 19 17 17 12 9 15 13 17 36 32 18 28 22 17 12 9 7 5 4 3 2 1 1 0 1 2 5 13 23 25 18 30 31 57 42 41 28 31 51 55 70 66 44 48 42 53 46 51 38 28 36 27 12 5 4 3 1 0 1 1
0 0 0 0 0 0 0 0 1 1 2 2 2 3 3 7 7 2 2 2 5 21 30 32 13 2 12 29 20 34 36 14 41 48 51 45 41 36 35 17 13 15 44 51 49 28 30 24 24 21 16 10 7 6 4 4 2 1 1 0 0 2 10 18 19 36 25 33 36 31 77 58 47 36 21 64 48 69 58 55 59 71 67 56 40 49 31 22 8 5 4 3 1 1 1 1
0 0 0 0 0 0 0 0 0 1 1 2 12 14 11 22 15 3 1 1 15 19 28 24 14 30 7 28 27 39 25 43 43 30 35 38 32 32 16 26 51 60 34 34 24 33 25 21 28 18 22 15 9 6 5 4 2 1 1 0 0 1 5 19 47 40 26 43 38 33 32 51 66 22 16 31 71 81 78 68 65 63 62 64 54 32 31 17 24 8 4 2 1 1 1 4
0 0 0 0 0 0 0 0 0 1 3 3 10 16 16 5 2 1 1 6 13 15 24 38 36 15 19 24 19 19 27 68 32 32 38 41 41 27 37 40 64 54 52 48 46 45 40 30 36 27 23 14 11 7 6 3 2 1 1 1 1 1 5 14 37 36 51 58 47 65 63 65 64 33 35 50 68 64 68 59 59 55 53 55 39 32 28 29 27 17 5 3 2 3 2 7
0 0 0 0 0 0 0 0 0 3 4 5 5 49 12 3 5 3 2 8 9 13 18 11 9 9 38 12 24 19 44 32 46 53 42 43 42 45 55 49 38 55 57 62 57 55 45 49 38 18 13 12 9 9 9 4 2 2 1 0 1 2 6 13 28 30 29 49 70 59 75 65 67 36 59 61 66 67 51 49 54 54 39 31 30 29 25 21 14 14 10 7 2 5 8 8
0 0 0 0 0 0 0 0 1 2 3 4 2 6 4 1 3 4 7 6 8 21 21 10 8 21 13 20 32 53 60 49 47 49 39 43 56 56 60 54 57 71 70 52 46 58 58 50 30 24 17 14 9 7 5 7 5 2 1 1 1 3 7 15 21 33 29 36 63 80 74 69 60 83 70 49 38 44 53 55 49 50 49 41 27 35 18 26 14 9 10 7 3 6 9 9
0 0 0 0 0 0 0 0 2 1 2 2 1 0 0 1 3 4 3 6 9 9 10 21 20 10 11 34 55 23 20 21 44 40 48 55 58 57 56 55 59 68 54 56 66 57 57 56 28 26 18 14 9 5 5 6 3 2 2 1 1 2 11 18 34 31 32 32 34 39 53 57 61 70 20 44 44 44 39 42 41 39 34 49 39 37 28 25 14 12 11 4 4 11 9 16
0 0 0 0 0 0 0 0 1 2 3 3 2 3 3 2 0 1 1 9 15 8 36 41 15 17 20 37 22 22 24 31 36 34 47 54 57 57 47 73 62 51 51 62 32 49 63 57 49 39 13 11 9 11 10 5 3 3 2 1 0 2 4 16 26 34 67 48 52 52 48 32 46 64 50 55 57 43 44 42 49 43 47 46 38 15 14 11 13 20 10 3 7 19 23 23
0 0 0 0 0 0 0 0 2 4 4 1 1 3 3 2 1 0 2 11 10 31 24 10 13 29 20 19 21 23 32 30 23 33 41 63 44 43 62 55 48 69 74 42 58 57 54 54 39 21 14 19 16 14 12 10 7 5 2 1 0 1 7 12 22 46 67 82 52 61 51 34 36 71 77 43 49 57 59 40 38 42 51 41 24 9 23 18 13 8 4 2 10 22 24 26
0 0 0 0 0 0 1 3 4 6 1 1 1 1 0 1 2 1 3 7 9 11 4 9 22 9 6 16 20 25 44 33 26 34 46 53 48 63 69 66 50 44 48 59 53 56 41 42 33 28 24 30 24 11 10 9 9 4 3 1 1 3 5 14 28 40 61 74 70 69 54 55 60 74 48 43 40 41 51 54 40 70 53 28 32 36 25 15 7 3 2 6 15 27 25 30
0 0 0 0 0 0 0 1 2 1 0 0 1 1 2 2 5 2 8 3 4 3 2 8 9 13 16 24 35 29 28 21 25 32 57 40 75 70 70 42 32 32 41 57 64 55 51 49 46 39 32 28 18 10 8 7 5 5 4 3 2 4 9 20 41 47 44 47 69 80 72 36 44 72 43 48 69 66 64 69 63 47 43 40 40 38 15 13 6 4 5 14 21 26 21 32
0 0 0 0 0 0 0 0 1 1 0 1 1 2 2 3 2 3 10 8 10 9 1 10 12 23 25 25 21 13 22 24 28 33 71 39 25 16 17 35 38 57 68 71 70 62 52 51 34 45 26 21 22 10 11 6 5 6 5 4 2 7 16 20 46 50 45 29 49 71 71 49 59 70 46 29 50 74 73 71 68 39 44 45 37 33 14 10 15 6 15 19 12 32 34 37
0 0 0 0 0 0 0 0 1 2 0 1 2 0 1 1 1 11 5 4 6 8 8 7 21 17 17 24 15 19 31 32 23 71 26 20 43 49 49 48 63 71 64 68 71 70 62 53 37 34 31 28 24 21 15 12 9 6 5 3 6 12 28 57 55 54 42 50 57 61 72 46 48 61 73 53 54 56 70 72 58 61 43 44 39 27 16 5 7 13 17 10 19 25 52 39
0 0 0 0 0 0 0 1 1 1 2 1 0 0 1 1 2 4 4 9 6 9 8 8 16 18 17 19 23 20 32 33 39 31 9 30 36 44 56 82 62 61 71 72 71 70 55 47 38 28 31 29 26 16 17 10 12 12 6 7 8 24 22 46 53 50 46 57 60 53 79 71 53 71 67 55 60 61 59 56 62 50 38 35 33 19 8 3 6 22 11 20 28 32 55 39
0 0 0 0 0 0 0 0 0 1 1 0 0 1 1 1 4 2 2 11 27 13 3 5 25 15 25 22 13 17 46 75 42 8 17 42 33 65 70 66 64 73 72 56 60 59 57 54 34 38 34 32 28 25 23 19 17 14 9 9 10 13 22 29 53 70 58 74 75 63 56 56 59 64 73 73 56 52 44 44 48 42 34 37 29 14 6 4 15 21 25 42 50 40 46 36
0 0 0 0 0 0 0 0 1 1 1 1 1 1 0 4 2 4 5 12 7 3 7 15 3 18 16 11 31 33 56 34 11 18 48 23 47 39 51 76 79 60 50 79 71 50 56 57 51 43 39 36 30 27 25 22 19 11 11 14 14 29 21 24 27 54 75 77 74 72 80 79 56 68 55 49 34 42 54 59 43 44 31 37 29 7 5 15 15 25 39 49 44 30 44 45
0 0 0 0 0 0 0 0 0 0 1 1 0 0 0 8 2 1 1 2 3 5 12 5 2 11 6 10 44 37 32 8 11 22 44 62 42 47 65 70 69 59 66 37 52 45 58 68 52 49 44 40 37 32 30 25 14 8 17 27 21 35 34 36 37 52 59 83 64 62 43 68 51 36 36 49 59 48 43 43 41 27 39 28 9 6 12 17 28 26 32 41 57 46 48 45
0 0 0 0 0 0 0 0 0 0 0 0 0 0 1 7 2 1 2 2 8 5 6 1 8 14 8 22 49 24 18 9 15 18 58 64 58 49 53 58 56 64 52 41 48 76 63 57 54 65 51 42 40 35 33 26 16 11 27 34 50 57 44 48 40 51 66 67 77 58 49 40 48 56 48 65 51 52 44 45 32 35 19 12 7 13 23 31 28 45 44 34 34 45 40 34
0 0 0 0 0 0 0 0 0 0 0 1 0 1 4 2 1 1 4 6 4 5 3 5 22 7 8 30 23 17 23 15 34 45 62 51 47 51 42 33 35 56 68 61 68 58 62 63 69 56 52 62 26 38 34 21 11 26 40 42 66 64 49 63 48 36 45 77 76 35 72 47 45 56 58 57 53 53 51 39 31 34 13 16 13 25 30 37 32 36 46 34 35 46 52 42
0 0 0 0 0 0 0 0 0 0 0 0 0 3 0 1 1 3 4 5 3 2 4 5 11 7 9 30 9 9 16 16 40 47 48 48 36 44 37 43 53 58 60 75 59 59 59 74 59 56 69 53 47 43 27 23 12 26 54 54 57 70 56 66 66 48 49 56 82 33 39 72 70 53 52 53 62 51 57 54 35 29 10 10 16 28 38 48 52 50 48 50 36 42 59 50
0 0 0 0 0 0 1 0 0 0 0 0 1 1 1 1 2 1 0 3 2 3 7 6 8 12 12 4 7 11 19 28 40 48 17 12 42 35 42 37 42 55 62 72 72 57 76 54 72 73 54 51 52 46 30 25 16 27 55 63 58 69 51 53 69 46 65 42 67 37 41 68 42 60 59 55 52 52 68 45 40 12 9 15 28 32 42 49 38 28 37 59 30 34 51 66
0 0 0 0 0 0 0 0 0 0 0 0 1 1 0 1 1 1 0 1 1 2 5 5 4 9 6 4 7 7 15 7 26 16 10 26 19 23 28 51 57 61 67 69 60 44 65 72 69 61 62 52 52 48 44 28 27 32 60 74 72 69 62 50 66 64 33 40 78 37 58 55 50 54 50 45 54 31 31 33 15 9 15 30 32 40 50 51 30 34 47 29 19 24 35 65
0 0 0 0 0 0 0 0 0 0 0 0 1 1 1 2 2 0 0 0 0 4 4 2 5 10 4 15 16 17 33 30 25 12 8 11 26 24 27 26 33 58 46 52 64 37 31 32 51 54 63 57 53 51 33 21 35 48 60 66 84 76 54 53 58 62 57 24 55 11 19 31 42 52 55 59 59 58 47 45 18 11 19 32 34 59 64 54 40 39 45 45 39 23 33 52
0 0 0 0 0 0 0 0 0 0 0 1 2 1 1 2 3 1 2 1 4 6 3 5 9 5 6 1 2 5 22 7 9 6 10 19 11 16 18 20 51 48 37 52 34 39 43 55 56 69 57 60 57 39 35 23 36 51 64 67 74 56 56 61 67 38 41 43 51 22 26 26 26 19 38 48 47 49 32 29 13 19 32 35 39 62 56 28 41 53 35 49 27 29 35 56
0 0 0 0 0 0 0 0 0 0 0 1 4 3 2 6 2 1 2 3 6 2 2 5 5 3 1 2 2 9 11 4 4 13 24 19 26 21 24 41 34 42 59 36 40 42 60 56 67 55 55 56 57 39 18 36 42 73 65 67 65 69 57 71 69 46 31 53 34 21 34 52 50 57 60 55 46 23 18 10 14 34 34 38 42 67 66 24 28 50 36 55 32 31 37 71
0 0 0 0 0 0 0 0 0 0 1 1 2 2 0 0 0 0 1 6 4 2 4 2 6 7 1 2 3 11 5 4 6 20 32 15 18 23 32 17 48 44 32 47 42 56 59 70 69 60 69 55 42 41 26 42 46 66 77 59 63 71 51 41 62 62 30 36 39 49 54 40 43 46 36 45 37 24 10 27 23 36 41 56 48 64 68 37 38 40 23 59 35 34 37 52
0 1 1 4 5 2 1 1 1 1 1 0 1 1 2 1 1 1 3 3 5 3 3 1 2 3 1 2 4 11 4 5 36 26 11 10 15 21 27 35 62 48 57 36 47 68 70 57 57 74 63 47 42 42 27 56 68 60 64 74 63 67 71 42 73 67 34 31 37 47 36 38 55 44 46 29 35 32 21 39 40 38 44 57 46 50 57 50 54 37 34 61 34 35 30 46
2 3 5 1 4 12 3 1 0 1 0 0 0 1 1 0 1 4 6 2 1 3 2 1 3 6 1 1 3 6 8 30 13 5 11 12 8 6 29 29 43 26 65 51 57 70 43 54 68 63 50 48 42 42 40 58 67 66 64 73 56 59 64 54 47 59 33 12 27 58 39 49 51 55 44 45 46 43 31 40 42 54 47 55 43 38 50 49 46 41 38 60 34 28 36 44
0 2 3 0 0 2 2 2 0 0 0 1 1 1 1 1 1 2 2 2 1 1 3 1 6 11 3 2 6 8 20 30 12 12 16 3 4 6 15 32 25 39 54 57 58 54 56 55 60 57 48 46 40 43 47 48 61 76 63 59 74 46 55 55 36 26 9 9 7 25 39 58 56 50 41 40 34 17 27 37 40 54 49 57 42 54 62 65 52 47 35 49 50 18 39 47
0 0 0 0 0 0 0 0 0 0 0 0 0 0 1 1 1 2 0 1 0 1 1 1 4 4 1 1 3 5 3 6 12 10 9 9 7 3 42 12 22 15 50 39 63 47 51 39 60 59 42 42 38 39 45 64 60 75 71 67 58 51 44 46 11 9 21 35 27 35 37 45 45 32 31 27 14 24 39 38 40 54 58 37 51 50 61 62 48 47 33 45 49 21 23 54
0 0 1 0 0 0 0 0 0 0 0 0 0 0 0 0 1 1 1 1 1 3 3 3 6 4 1 1 2 2 2 10 12 10 15 10 18 5 40 19 4 19 53 42 57 48 52 63 56 52 48 41 39 60 60 54 64 62 69 43 49 51 26 23 19 15 22 43 36 25 50 53 64 59 48 16 24 26 38 51 58 42 55 39 51 64 59 57 44 47 33 41 52 43 19 34
0 0 0 1 1 0 0 1 0 0 0 0 0 0 0 1 1 2 1 1 6 2 3 5 11 5 1 2 1 6 6 6 8 24 9 14 18 10 62 35 8 27 16 50 45 38 59 37 52 49 38 42 37 56 71 56 55 54 61 65 35 37 29 16 19 12 16 19 26 20 46 54 61 70 36 23 27 39 35 55 55 53 51 51 35 60 60 62 48 51 21 43 36 36 27 19
0 0 0 0 0 0 0 0 0 0 0 0 0 0 0 1 1 2 0 1 2 5 4 7 5 1 0 0 0 4 7 3 6 10 14 24 10 12 36 39 18 30 16 53 37 31 39 28 46 44 50 35 35 46 54 82 43 50 40 31 36 16 17 15 8 10 23 21 26 24 49 52 34 51 25 20 40 39 37 41 55 52 50 46 46 62 58 69 52 46 28 46 42 21 27 16
0 0 0 0 0 0 0 0 0 0 0 0 0 0 1 1 0 1 1 0 0 0 0 1 1 1 1 0 1 2 6 8 11 8 12 15 9 7 9 55 25 31 29 44 13 40 31 42 48 32 42 32 34 33 57 58 62 41 29 14 22 11 8 13 10 10 21 19 34 31 41 45 37 25 26 40 39 40 39 35 42 52 61 48 42 63 64 65 61 38 25 52 35 33 30 13
0 0 0 0 0 0 0 0 0 0 0 0 0 0 1 1 0 1 1 1 1 1 1 1 1 5 2 1 0 1 3 7 10 10 11 10 10 8 5 28 54 42 30 17 14 23 22 41 31 16 39 31 32 27 41 64 48 46 21 7 10 2 2 3 5 6 14 27 37 44 53 37 24 20 43 42 43 57 52 37 34 47 46 55 61 72 46 67 47 32 25 61 35 46 23 13
0 0 0 0 1 0 0 0 0 0 0 0 0 0 1 0 0 0 0 0 0 1 1 4 6 1 1 1 1 0 1 2 2 10 6 3 11 7 7 14 63 45 19 11 14 24 38 16 29 13 22 34 27 46 47 35 30 25 27 8 10 4 5 2 9 18 21 25 34 30 39 37 15 23 35 35 54 45 41 30 30 20 45 57 53 43 55 58 50 31 21 59 34 40 37 12
