sesion_6_simulaciones/modelos_agentes/ejemplos_netlogo/scenarios/echam4_b2/rob_2074.asc
NCOLS 322 
NROWS 307 
XLLCORNER 451900 
YLLCORNER 4086900 
CELLSIZE 100 
NODATA_value -9999 
[rows 0 to 73 of 307, columns 96 to 191 of 322]
3 1 0 0 0 0 0 0 0 0 1 1 2 5 8 2 4 2 2 1 3 2 2 4 1 1 1 1 2 2 1 1 1 2 1 1 1 2 3 1 1 6 30 42 55 41 59 54 64 42 34 48 24 8 16 15 23 4 8 6 6 3 2 1 9 12 20 4 3 16 21 11 10 15 13 11 13 18 10 53 42 26 39 43 52 36 38 42 50 64 40 29 22 8 15 30
0 0 0 0 0 1 0 0 0 1 1 1 4 4 4 3 1 1 1 1 2 0 1 1 2 1 1 1 1 5 2 1 1 1 1 1 2 2 3 5 6 12 14 19 72 77 76 68 85 52 67 51 17 13 39 6 5 5 2 3 1 4 2 1 4 2 3 11 12 11 7 21 39 17 29 38 46 20 22 28 28 24 40 45 55 38 38 48 52 44 51 39 47 23 29 31
0 0 0 0 0 0 0 0 0 0 0 1 1 2 1 1 1 3 3 4 6 1 1 1 1 1 2 1 1 2 4 3 0 1 6 4 4 6 8 11 17 28 20 25 6 4 10 32 86 68 68 65 19 46 36 29 13 5 4 5 3 11 39 31 40 16 10 26 6 10 10 12 23 22 28 48 63 61 36 26 27 27 41 43 51 42 44 60 38 38 49 36 42 44 29 32
0 0 0 0 0 0 0 0 0 0 0 0 1 2 2 2 2 5 5 5 2 0 1 2 0 1 1 1 1 1 2 2 2 5 6 4 11 13 26 44 55 60 44 11 5 6 3 5 29 9 15 14 6 16 35 7 22 2 3 5 9 20 56 54 56 64 51 24 30 21 16 24 18 20 31 33 43 21 16 26 35 35 51 53 52 41 38 48 34 31 47 48 31 41 25 41
0 0 0 0 0 0 0 0 1 0 1 0 0 1 2 2 2 8 3 2 2 1 2 3 2 1 1 1 1 3 5 3 2 6 13 13 18 31 55 69 75 64 50 20 12 5 6 18 9 7 9 12 3 26 9 14 20 10 2 3 27 49 33 59 46 23 54 17 30 40 38 22 19 12 33 25 30 24 29 33 40 35 71 53 37 40 38 52 37 38 48 60 25 45 48 55
0 0 0 0 0 0 0 0 1 1 0 1 0 1 1 1 2 2 4 3 1 1 3 2 2 2 1 1 0 1 2 5 5 2 20 33 36 57 71 62 70 70 65 33 11 15 13 13 14 12 16 29 5 9 9 17 8 8 5 6 34 46 12 5 8 17 21 7 7 20 5 23 52 31 26 14 20 20 23 38 32 37 45 43 49 38 36 56 53 33 49 32 44 45 68 28
0 0 0 0 0 0 0 0 0 1 1 0 0 0 1 1 1 2 4 4 4 3 1 2 2 2 3 2 1 0 1 6 7 5 15 57 66 68 64 68 69 68 32 15 19 47 20 30 25 24 17 20 18 18 22 15 5 11 15 7 5 6 5 9 4 7 29 47 22 23 7 17 13 6 32 30 32 30 19 35 29 19 28 24 42 47 37 50 50 26 53 42 48 40 25 23
0 0 0 0 0 0 0 0 0 0 5 6 3 1 1 0 0 1 1 1 5 11 3 5 8 3 2 1 1 1 1 2 8 26 19 43 58 66 66 64 57 25 26 20 46 38 28 52 35 31 14 18 36 36 22 19 14 38 47 46 25 9 2 2 9 5 22 9 25 14 21 11 5 12 7 30 36 72 49 18 35 39 26 29 59 36 39 42 49 51 40 30 11 19 21 15
0 0 0 0 0 0 0 0 0 0 1 4 12 8 2 5 1 0 1 2 3 2 2 4 3 1 1 1 1 2 4 5 18 46 65 35 18 30 22 22 35 22 16 29 59 50 24 35 37 25 21 12 66 34 24 35 28 40 10 20 49 33 13 1 7 9 5 5 3 8 26 20 7 8 24 11 18 23 30 60 52 77 36 44 29 15 25 70 38 41 35 74 50 29 20 26
0 0 0 0 0 0 0 0 0 0 1 0 0 0 0 0 1 0 1 1 1 1 2 1 3 2 2 1 2 4 5 22 24 24 47 38 34 34 18 19 11 10 15 32 64 42 15 17 24 31 28 18 23 78 64 62 11 21 7 36 28 30 7 8 2 5 4 2 7 15 14 16 22 16 26 39 13 14 54 61 33 65 47 37 16 21 16 28 29 49 23 40 76 67 24 16
0 0 0 0 0 0 0 0 0 0 0 0 0 0 0 0 0 0 2 0 1 1 1 1 3 1 1 2 4 8 20 29 65 52 29 27 28 50 47 31 20 9 7 11 41 16 14 22 30 22 32 17 28 37 80 63 24 15 19 38 13 15 10 2 5 7 9 4 16 27 25 32 16 11 33 48 30 12 12 48 33 24 47 57 24 27 18 24 64 52 45 35 68 82 55 28
0 0 0 0 0 0 0 0 1 1 0 0 1 1 1 1 1 2 2 1 5 2 1 1 1 1 1 1 3 33 38 40 43 39 29 23 27 46 46 35 20 10 11 21 25 13 13 39 20 23 47 20 31 48 27 45 26 22 28 26 10 9 22 14 7 5 16 14 21 57 67 68 15 24 39 48 30 17 18 55 32 7 33 59 26 31 28 25 50 32 25 34 56 63 63 53
0 0 0 0 0 0 0 0 0 1 1 0 0 0 0 1 3 3 4 2 10 9 2 1 1 1 1 2 7 22 50 30 33 28 29 39 50 21 27 47 19 8 10 33 27 12 22 23 27 38 54 42 41 63 43 35 37 30 40 15 11 12 21 17 9 7 6 16 35 24 45 45 29 22 22 47 24 20 8 16 32 6 44 69 29 30 42 27 20 48 36 16 23 39 60 72
0 0 0 0 0 0 0 0 0 0 1 0 0 1 1 0 2 1 9 3 1 1 4 2 1 1 2 11 18 17 25 30 23 12 13 14 15 11 10 16 20 4 3 3 12 9 16 19 51 66 71 67 51 53 33 47 48 36 32 29 10 8 24 26 18 16 8 9 12 8 3 3 18 27 24 33 20 31 19 11 5 9 21 58 61 27 37 39 27 24 45 24 37 56 80 61
0 0 0 0 0 0 0 0 0 0 0 0 0 1 1 1 0 1 9 4 1 6 9 3 3 2 3 4 18 26 13 8 8 11 18 15 15 13 6 2 15 3 10 6 2 4 17 34 40 71 70 66 54 62 41 65 60 46 43 46 8 19 29 30 18 13 6 8 5 3 3 17 44 38 32 38 38 30 15 15 25 9 26 57 66 31 15 19 26 20 15 13 31 46 56 50
0 0 0 0 0 0 0 0 0 0 0 0 0 0 0 0 1 2 1 1 1 2 1 8 4 5 2 4 6 6 7 16 22 23 17 22 41 41 22 5 6 6 2 7 3 4 3 21 38 44 56 47 43 42 55 37 47 40 51 44 8 20 6 30 45 26 9 10 12 2 8 32 42 46 21 12 21 33 41 34 25 23 25 48 72 85 57 40 22 18 18 11 32 68 58 42
0 0 0 0 0 0 0 0 0 0 0 0 0 0 0 1 1 1 1 2 2 0 1 2 11 5 6 10 29 23 21 8 11 19 20 35 49 52 39 4 10 9 4 6 17 18 19 5 20 32 23 21 17 18 28 49 50 53 55 55 14 30 20 24 37 11 8 9 7 6 9 36 27 41 13 10 18 17 41 31 31 30 35 39 73 87 84 38 24 22 20 15 35 60 68 62
0 0 0 0 0 0 0 0 0 0 0 0 0 0 0 0 1 1 1 2 1 1 1 1 4 7 3 8 10 7 13 12 20 12 36 59 40 49 39 21 29 32 23 24 37 36 40 23 8 3 4 6 4 2 10 55 80 89 65 29 46 29 24 16 27 19 9 18 6 6 40 37 43 36 12 23 43 26 30 39 23 22 17 11 61 67 64 64 44 26 26 19 25 43 48 25
0 0 0 0 0 0 0 0 0 0 0 0 0 0 0 0 0 0 0 0 1 1 1 1 9 15 4 5 5 11 16 21 13 31 37 42 18 21 26 47 37 44 52 63 57 37 48 42 22 16 11 11 16 2 4 13 81 86 60 37 33 40 21 14 23 7 8 11 3 29 57 54 43 52 19 18 47 43 40 72 44 31 17 11 23 50 56 54 55 35 30 29 16 30 70 21
0 0 0 0 0 0 0 0 0 0 0 0 0 0 0 0 0 0 0 0 1 1 2 1 4 4 5 6 9 10 11 23 27 23 25 11 26 31 26 38 61 65 58 36 41 22 38 46 29 22 20 6 11 6 12 8 30 43 52 54 37 20 16 32 28 4 9 32 60 42 62 77 36 74 34 13 39 65 47 67 57 52 38 18 19 54 74 59 65 45 39 26 11 19 59 47
0 0 0 0 0 0 0 0 0 0 0 0 0 0 0 0 0 0 0 0 0 1 1 0 2 4 4 2 2 7 6 6 13 21 30 18 17 30 18 55 32 36 56 44 29 25 29 39 38 19 27 23 9 15 21 17 22 46 62 54 17 17 56 46 26 6 23 35 46 56 42 46 27 35 59 42 26 25 28 68 32 29 49 37 31 16 60 41 66 37 43 25 17 16 23 45
0 0 0 0 0 0 0 0 0 1 0 0 0 0 0 0 0 0 0 1 1 1 1 1 5 4 7 6 3 5 6 11 14 34 44 28 50 25 39 17 35 24 20 21 38 41 67 54 52 23 24 20 19 21 32 26 26 39 62 62 58 17 24 26 16 17 46 11 35 54 57 39 44 21 55 63 38 23 28 79 84 49 24 64 49 17 14 22 62 49 42 42 19 17 17 44
0 0 0 0 0 0 0 0 0 0 0 0 0 0 0 0 0 0 0 1 3 2 2 2 5 3 4 10 4 4 19 31 42 13 7 56 48 18 20 21 32 48 31 21 18 47 38 16 21 16 34 22 21 24 25 26 15 27 43 31 27 24 15 13 15 34 51 6 31 19 47 58 46 18 17 46 45 59 32 59 85 64 56 28 49 24 8 20 61 68 21 51 32 17 20 36
0 0 0 0 1 0 0 0 1 0 1 0 0 3 2 1 1 0 1 4 2 4 4 3 7 5 3 18 15 9 9 8 4 3 3 11 23 30 11 26 28 44 42 44 36 13 10 6 4 3 13 12 8 11 20 10 11 12 13 25 35 25 16 21 44 39 29 12 24 24 27 46 37 39 28 65 67 48 43 24 65 66 48 67 31 20 14 15 14 45 16 29 26 12 10 15
0 0 0 0 1 0 0 0 2 1 0 1 1 2 2 2 4 1 2 2 5 7 17 9 6 7 18 13 32 15 7 4 11 11 7 1 4 25 28 10 20 40 54 61 44 35 28 21 16 14 7 5 4 2 2 2 2 4 17 29 45 26 33 35 19 43 22 27 34 30 22 34 54 60 19 57 65 46 49 34 51 66 37 20 49 31 16 15 11 20 20 20 29 14 7 7
1 1 0 0 1 0 1 0 1 1 1 2 2 4 5 4 7 10 3 3 16 41 47 63 54 43 46 26 42 29 52 59 63 31 11 10 12 9 8 17 35 26 36 44 56 56 54 39 34 31 16 15 16 14 12 12 13 10 30 44 38 32 24 24 21 40 39 49 20 47 22 17 51 39 20 45 44 25 31 29 30 39 64 18 20 12 17 6 6 12 10 15 8 7 5 5
1 1 2 1 1 0 1 1 1 3 2 2 2 9 15 9 10 31 22 43 54 59 73 71 60 71 66 59 65 71 45 21 35 45 35 14 19 14 6 5 26 31 36 56 50 49 56 44 43 39 30 30 31 29 16 26 17 19 30 26 33 22 13 15 12 48 30 48 40 45 14 20 29 37 25 44 39 51 19 27 28 12 34 21 12 24 9 8 2 5 10 7 9 6 6 5
1 2 2 1 2 2 2 2 2 5 6 12 9 15 24 55 50 37 50 21 29 38 44 71 68 65 80 76 76 76 17 10 10 10 24 25 35 17 21 15 18 43 49 47 48 45 39 67 57 42 35 34 34 33 29 30 31 10 18 19 22 14 14 23 41 61 56 31 40 20 24 14 28 30 30 20 17 28 34 19 27 16 25 21 7 20 10 6 2 3 8 8 6 8 4 2
1 4 2 2 4 3 3 3 6 12 27 40 53 64 80 79 64 58 72 50 23 11 34 54 39 38 28 59 60 52 38 7 5 4 6 10 19 16 20 24 10 22 31 35 22 20 13 30 39 38 51 51 36 34 34 46 36 12 13 12 8 17 33 42 52 43 25 25 18 34 30 39 21 20 20 18 17 18 29 20 16 15 14 9 11 9 9 7 5 2 4 2 3 4 2 2
3 5 2 3 9 8 7 15 27 46 61 67 70 83 75 86 67 67 85 31 58 24 13 30 22 14 17 19 22 21 42 25 14 3 5 3 9 8 8 23 20 19 42 18 24 21 12 26 26 17 14 13 12 22 22 10 36 21 14 11 14 21 38 43 45 36 17 36 48 29 34 23 20 16 14 9 10 9 15 13 13 12 4 8 5 3 3 2 3 1 1 0 0 1 1 1
2 10 7 8 12 22 33 50 47 71 70 83 70 83 74 79 52 57 81 68 25 31 15 8 9 7 3 3 12 12 18 59 23 6 7 6 21 49 48 32 32 21 22 13 10 16 18 7 5 8 8 20 31 32 18 18 37 22 32 11 18 25 37 28 41 21 14 26 45 41 28 20 10 17 12 6 3 1 4 6 7 4 3 2 2 2 2 1 1 1 1 1 5 3 3 4
8 16 26 27 48 64 66 68 68 76 72 89 76 74 55 70 54 68 68 74 20 38 37 14 10 2 3 1 4 6 6 14 18 8 8 12 8 14 14 16 13 14 15 25 25 16 18 9 15 17 39 57 49 32 54 13 40 37 10 4 4 16 14 33 25 26 15 9 12 17 14 14 8 3 3 4 5 3 9 11 6 9 5 9 9 9 9 7 6 9 3 3 15 8 5 10
29 47 52 67 70 64 78 70 77 68 88 67 40 54 52 49 57 59 60 65 29 17 23 14 11 7 3 4 9 11 11 21 13 5 15 12 17 17 27 18 32 21 32 34 40 38 30 27 21 26 37 63 65 63 63 34 42 37 19 25 14 3 4 5 7 6 11 6 6 6 6 6 6 10 17 15 25 16 24 14 14 21 11 19 14 32 18 8 14 13 6 7 13 12 8 17
60 67 75 64 78 72 80 65 69 54 69 13 25 20 28 45 47 35 33 53 31 13 6 5 7 10 10 8 12 5 31 36 31 18 26 29 27 21 26 25 26 31 32 32 48 36 45 31 16 52 46 47 59 45 35 32 61 40 31 49 38 26 25 25 25 24 37 26 20 18 18 20 31 31 30 19 32 29 31 28 27 27 25 25 37 30 22 17 18 10 15 9 19 11 25 25
12 24 40 40 66 62 73 67 33 6 3 4 12 8 8 10 12 23 40 53 31 8 9 16 8 8 29 18 29 21 30 31 30 25 24 44 35 17 39 31 30 42 42 42 33 33 42 33 28 38 48 43 56 63 46 49 44 32 41 44 39 42 41 44 44 39 52 43 37 20 34 34 32 33 47 34 34 48 33 45 44 31 35 34 58 31 25 23 22 21 21 15 29 29 31 42
11 8 5 6 5 7 20 21 19 6 4 6 13 14 6 4 3 6 23 29 15 7 31 9 19 27 36 27 39 26 24 20 36 25 16 32 29 15 30 36 27 44 29 28 29 33 51 38 25 29 47 45 25 73 48 60 33 37 45 36 52 40 36 37 38 29 55 40 26 36 36 35 48 34 47 35 35 51 50 50 37 35 49 42 47 34 29 29 27 25 25 23 53 39 32 32
21 35 28 11 11 9 3 6 9 4 8 12 10 6 3 4 1 11 9 15 22 36 39 17 35 29 34 30 22 8 3 9 24 21 16 23 14 17 26 36 40 23 28 24 25 43 35 23 36 34 48 56 33 68 61 28 58 53 45 30 44 36 52 51 38 44 40 40 38 25 37 49 50 36 50 49 39 55 39 49 39 52 52 64 50 34 19 40 32 33 41 45 52 24 52 34
26 21 21 13 7 6 6 7 13 15 19 21 16 5 5 13 14 18 22 31 55 52 48 29 30 20 19 26 25 20 12 8 22 17 19 15 11 17 20 28 13 9 27 32 24 62 32 32 47 25 57 28 59 61 31 40 62 51 29 42 30 46 48 37 24 43 42 40 25 40 59 63 56 39 50 54 53 59 41 38 44 55 54 50 40 25 23 46 40 25 53 56 54 27 17 59
12 21 24 18 20 11 19 17 23 24 30 39 30 23 18 28 17 24 38 43 52 35 18 28 34 19 9 14 25 22 13 8 14 18 9 21 12 32 20 13 20 12 31 18 15 62 38 42 30 24 36 57 45 33 31 27 45 61 30 45 43 54 47 26 52 48 54 40 21 42 54 74 60 44 50 58 60 47 40 30 48 73 65 58 55 26 48 68 51 25 44 68 67 36 20 56
23 29 16 18 10 18 27 21 18 30 30 33 31 28 32 29 29 37 37 37 43 32 29 29 21 12 13 21 17 20 8 15 8 5 19 20 18 15 18 12 13 8 28 10 8 41 41 39 22 28 35 21 49 9 7 6 19 44 20 48 59 44 42 62 50 50 33 17 26 58 61 79 66 47 52 68 77 53 51 29 53 77 56 42 40 33 55 71 53 35 27 76 82 57 36 49
10 20 15 21 16 26 26 23 21 20 34 29 25 23 46 21 26 36 30 28 39 33 17 28 16 17 19 17 14 23 8 17 8 6 8 18 8 11 8 13 10 13 18 11 23 22 46 31 11 18 31 18 22 13 11 7 11 20 13 51 60 49 53 64 27 45 18 17 27 60 70 75 70 52 58 71 81 43 53 26 60 85 61 33 29 37 59 74 56 40 31 66 77 66 25 49
7 9 25 18 11 16 24 12 12 13 28 23 18 28 22 21 14 27 33 18 17 22 29 20 12 12 10 8 7 38 8 13 8 8 8 14 12 8 6 9 6 14 11 9 16 14 23 8 10 7 11 33 20 16 11 10 23 12 15 40 32 42 72 39 47 42 27 31 41 46 70 68 71 42 48 70 57 35 59 31 47 75 62 49 32 36 61 74 54 44 33 48 71 50 34 49
2 3 5 5 3 3 9 8 6 9 9 11 12 19 16 14 16 14 21 17 12 6 10 17 13 9 13 8 4 7 13 16 5 4 5 11 6 3 5 7 6 13 9 7 8 10 8 5 5 5 4 13 4 5 7 9 18 7 17 24 19 40 22 33 65 29 28 33 53 39 55 75 51 27 45 67 54 33 63 33 45 69 44 40 40 29 31 72 71 43 27 48 69 46 29 47
0 1 1 1 2 2 3 5 2 7 6 9 11 10 9 14 11 9 11 14 7 5 3 12 11 6 10 3 3 8 7 9 3 3 6 3 3 4 4 7 10 3 5 10 9 4 2 6 3 2 1 5 1 2 3 7 10 18 15 8 8 7 17 56 20 29 43 23 35 35 28 54 24 21 37 57 34 33 50 20 52 59 38 37 39 43 18 31 74 37 28 40 66 54 40 32
0 0 0 0 1 1 1 1 2 3 3 7 6 6 7 8 6 7 5 6 8 3 11 6 8 5 4 4 1 3 7 8 1 1 2 4 2 1 2 3 9 3 5 2 2 2 2 1 2 3 2 3 4 2 3 5 12 11 9 23 17 8 24 20 32 39 17 18 21 32 15 39 13 12 20 41 20 38 41 16 33 37 19 46 47 49 24 26 68 45 23 40 47 28 34 26
0 0 0 0 1 0 1 1 1 2 2 5 4 2 3 5 6 9 5 2 2 1 12 1 4 4 3 2 1 2 2 3 0 0 2 1 0 0 2 1 3 1 2 1 1 2 2 9 13 28 15 11 13 8 3 6 8 6 8 12 10 9 15 5 26 10 12 15 16 28 8 20 9 17 7 20 11 27 22 16 37 21 16 29 43 19 30 21 39 25 31 23 53 51 55 42
0 0 0 0 0 1 0 0 1 1 2 3 2 3 1 4 1 4 5 2 1 2 4 1 3 3 2 3 0 0 0 1 1 1 0 0 1 1 2 1 2 2 3 6 3 19 8 31 11 13 5 6 14 26 28 16 16 3 3 14 7 9 2 4 13 6 6 9 11 19 19 14 14 12 9 24 8 27 10 9 36 10 36 28 42 21 28 21 22 36 34 45 50 61 70 84
0 0 0 0 0 0 1 0 1 0 0 0 0 1 1 2 1 3 3 3 2 3 2 4 1 1 1 1 1 1 0 0 1 0 4 8 4 3 11 25 10 9 8 26 11 7 32 31 7 20 12 9 13 35 22 14 24 21 14 30 16 29 22 10 5 9 13 12 10 15 25 28 15 44 51 40 48 69 54 28 35 46 51 50 18 75 70 57 44 19 31 27 40 68 48 58
0 0 0 0 0 1 0 0 0 0 0 0 0 1 1 1 1 2 1 1 2 1 1 3 2 1 0 0 0 0 0 1 1 0 0 3 8 1 2 11 14 16 10 23 41 9 12 19 26 26 33 7 10 40 44 11 53 35 53 41 18 29 17 18 11 23 14 34 40 5 8 37 38 17 39 54 31 52 32 68 28 49 69 53 31 72 64 50 78 70 56 25 41 57 37 27
0 0 0 0 0 0 0 0 0 0 0 0 1 1 0 1 0 2 1 1 1 1 1 1 1 1 0 0 0 1 1 0 0 0 0 1 2 1 1 7 10 5 17 36 25 6 10 12 14 23 30 8 13 29 23 42 29 22 33 46 16 5 11 31 29 36 33 30 32 40 8 32 57 17 41 61 13 8 15 75 66 38 37 43 58 68 66 74 84 74 40 63 26 22 58 68
0 0 0 0 0 0 0 0 0 0 0 0 0 0 0 1 1 1 0 0 0 1 1 0 1 1 0 0 0 1 0 0 0 0 0 0 1 5 2 9 5 14 8 9 44 22 11 9 16 18 31 31 14 45 45 74 22 47 72 68 48 5 23 28 26 56 50 61 32 61 21 17 52 24 42 67 29 20 16 66 53 63 11 11 22 63 73 67 79 63 24 70 43 33 50 61
0 0 0 0 0 0 0 0 0 0 0 0 0 0 0 1 1 0 0 0 0 1 0 0 0 0 0 0 0 0 0 0 0 0 0 1 1 2 10 37 9 22 12 30 31 39 15 17 39 30 69 72 33 49 79 86 47 74 81 65 55 17 52 58 35 28 24 20 46 74 30 17 38 17 52 58 81 30 39 81 51 70 62 22 20 39 62 57 56 39 63 87 46 30 18 19
0 0 0 0 0 0 0 0 0 0 0 0 0 0 0 1 1 0 0 0 0 0 0 0 0 0 0 0 1 1 1 1 1 1 2 4 2 7 25 21 20 6 8 42 48 24 12 13 25 39 66 58 59 30 67 87 55 64 73 65 72 59 64 76 26 29 42 21 53 68 62 36 11 24 72 70 75 67 33 83 36 63 77 44 25 23 54 44 46 20 77 87 66 44 46 20
0 0 0 0 0 0 0 0 0 0 0 0 0 0 0 0 0 0 0 0 0 0 0 0 0 0 1 1 3 0 1 1 2 3 3 3 2 7 14 14 38 14 38 11 69 19 25 23 12 30 62 59 35 14 16 52 60 74 80 76 88 71 74 73 69 41 45 37 51 56 80 52 24 21 56 71 80 79 50 64 63 60 68 79 44 28 18 19 17 32 73 56 78 50 46 30
0 0 0 0 0 0 0 0 0 0 0 0 0 0 0 0 0 0 0 0 0 0 0 0 0 0 0 0 1 0 0 2 1 2 8 6 4 2 1 9 9 6 2 2 15 15 53 44 16 9 28 11 20 9 7 13 15 52 58 56 66 69 65 62 86 42 43 38 11 69 90 42 27 20 64 53 52 63 32 46 52 22 69 82 68 42 12 13 15 23 15 40 81 49 32 39
0 0 0 0 0 0 0 0 0 0 0 0 0 0 0 0 0 0 0 0 0 0 0 0 1 3 1 0 0 0 1 1 4 6 7 6 5 9 5 2 3 12 5 3 6 9 18 29 32 11 13 9 21 11 13 26 20 11 20 39 37 18 30 65 90 68 33 39 49 76 88 53 20 11 24 35 57 44 57 63 51 15 53 71 81 34 22 11 35 41 23 42 89 64 57 60
0 0 0 0 0 1 0 0 0 0 0 0 0 0 0 0 0 0 0 0 0 1 0 0 1 2 3 0 0 2 2 1 4 8 4 2 10 11 3 4 5 20 11 6 10 10 12 11 13 7 13 34 41 36 29 27 19 14 12 9 3 1 11 76 77 74 48 25 30 71 81 77 63 24 14 35 52 41 43 29 53 40 26 76 77 63 28 19 42 32 54 83 84 84 68 64
0 0 0 0 0 0 1 0 0 0 0 0 0 0 0 0 0 0 0 0 0 0 0 0 1 1 1 1 1 4 2 1 6 4 7 11 7 17 8 15 9 18 20 11 5 21 12 17 14 5 11 49 59 66 58 50 36 31 28 25 28 24 25 47 48 61 53 22 10 45 42 78 79 36 17 45 57 41 27 46 70 37 24 24 77 80 33 18 51 59 55 76 52 79 50 33
0 0 0 0 0 0 0 0 0 0 0 1 1 0 0 0 0 0 0 0 0 0 0 0 0 0 1 3 2 3 1 2 2 1 10 16 6 7 16 33 21 25 20 13 4 9 34 27 19 12 11 33 75 77 73 71 60 58 49 49 76 79 82 72 59 56 45 29 12 8 36 51 83 64 59 21 42 50 29 6 22 35 39 52 71 77 51 31 18 39 41 36 79 78 87 61
0 0 0 0 1 0 2 0 0 0 0 0 1 1 0 0 0 0 0 0 0 0 0 0 0 0 1 2 1 1 1 4 8 6 15 13 11 21 38 17 39 33 15 21 26 25 37 41 28 22 13 20 48 73 70 78 80 77 55 44 34 50 60 67 77 74 75 63 40 3 11 51 60 67 58 52 34 18 23 22 55 48 24 33 31 71 70 29 15 25 32 37 30 71 59 75
1 0 0 0 0 1 1 0 0 1 0 0 0 0 0 0 0 0 0 0 0 0 0 0 1 0 1 2 1 3 3 19 10 5 8 18 12 15 12 5 10 46 59 34 54 39 31 30 32 34 32 17 13 18 59 60 57 76 77 68 62 56 40 47 53 72 76 75 72 62 43 66 57 76 46 45 35 24 36 27 23 28 18 49 37 74 77 27 12 36 45 31 33 32 60 76
0 1 1 0 0 1 3 1 0 0 0 0 0 0 0 0 0 0 0 0 0 0 0 1 1 1 0 1 1 1 1 1 1 7 7 9 11 15 19 19 12 5 15 62 65 75 64 47 41 20 31 33 27 16 27 44 37 31 49 56 59 69 71 59 36 40 69 76 76 62 65 81 62 83 71 52 47 48 29 17 19 38 18 30 42 29 66 39 12 23 42 41 19 13 54 77
0 0 7 1 0 1 0 1 2 1 1 0 0 0 0 0 0 0 0 0 0 0 0 0 1 1 1 3 2 1 2 5 4 5 7 19 22 23 24 29 32 27 14 10 12 60 69 63 42 29 22 34 28 17 7 7 7 9 8 10 19 41 36 49 52 29 30 45 44 38 66 66 66 63 61 63 67 61 38 43 40 35 18 20 55 62 44 51 19 7 31 38 21 41 79 38
0 0 1 1 1 1 0 0 4 11 8 7 0 1 0 0 0 1 0 0 0 0 0 0 2 0 2 2 1 2 3 5 3 4 7 13 14 21 20 22 29 25 41 39 39 25 14 11 38 40 48 17 16 11 16 25 24 24 24 20 22 9 7 10 12 9 8 6 8 27 39 54 50 46 37 30 30 56 49 41 32 20 44 37 39 52 42 60 40 12 9 29 47 79 48 70
1 0 1 8 3 1 1 0 0 7 2 1 1 1 1 0 1 0 0 0 0 0 0 0 1 0 1 1 0 1 1 1 2 3 4 6 12 24 15 26 33 39 38 43 45 34 31 31 22 12 12 9 12 28 31 42 41 43 41 53 24 8 7 23 24 38 19 22 7 5 13 32 27 19 18 20 23 31 39 54 49 21 18 20 21 24 39 50 57 19 8 24 84 59 48 61
1 1 1 3 3 3 5 1 0 0 0 0 0 0 0 3 0 1 0 1 0 0 0 0 0 0 1 0 1 1 0 1 1 2 4 6 9 12 12 24 28 25 24 25 32 26 24 35 29 26 32 34 36 48 44 42 56 59 61 54 30 25 26 41 38 29 36 19 8 9 9 3 2 3 4 4 10 10 4 9 17 11 12 7 8 9 26 37 35 20 9 57 65 39 64 62
3 2 2 0 3 3 12 8 3 2 1 1 0 0 2 1 5 2 1 0 2 1 0 0 0 0 0 0 0 0 0 1 2 1 0 2 8 13 7 6 16 25 20 14 24 20 28 31 37 34 40 26 29 43 53 54 55 60 68 60 38 35 47 45 54 56 57 46 24 21 7 3 2 5 6 12 30 21 13 11 9 6 4 5 4 6 9 19 36 38 15 69 27 16 51 69
3 3 4 5 4 9 3 2 3 6 2 3 1 1 2 6 10 5 1 1 2 0 1 1 0 0 0 0 0 0 1 0 0 0 1 2 6 14 15 14 20 20 31 23 29 27 30 32 37 22 50 40 36 32 48 53 72 72 72 57 29 51 46 60 60 75 66 61 49 28 20 20 20 25 28 42 50 39 24 23 34 39 20 10 12 6 3 5 14 42 26 59 17 17 57 82
5 5 2 2 6 5 16 14 4 4 5 10 7 2 4 16 17 5 2 5 1 4 1 1 0 0 0 1 0 0 0 0 0 1 1 2 3 7 12 15 19 16 17 22 24 28 31 46 36 28 38 51 33 34 53 62 72 62 51 42 41 50 59 60 60 79 73 62 53 30 42 42 42 47 46 47 61 45 43 44 43 43 26 38 36 18 15 4 6 21 19 21 19 12 31 55
6 8 6 2 13 19 20 14 32 12 7 2 1 10 17 11 7 4 2 14 1 6 1 1 0 0 0 1 1 0 0 0 0 1 1 3 3 8 6 13 22 19 8 18 21 20 35 44 37 20 19 45 40 32 46 63 64 51 36 27 30 60 56 58 76 74 64 60 35 29 44 43 46 58 53 65 64 66 48 50 62 52 51 61 49 41 22 6 3 13 11 21 14 5 16 34
6 2 6 3 2 18 10 7 11 25 25 12 1 5 24 12 1 2 7 14 1 13 1 1 2 1 0 1 1 4 0 0 0 0 1 1 1 1 3 3 12 9 14 14 16 10 37 17 35 14 40 29 30 21 46 66 44 41 25 37 37 50 46 63 74 68 62 62 34 50 61 61 42 59 68 64 66 58 49 58 67 63 57 66 37 25 11 9 4 2 4 11 12 4 11 8
6 5 4 7 2 5 27 36 40 22 6 7 2 9 9 17 4 8 31 10 3 12 1 1 0 1 1 2 2 1 2 3 1 0 0 1 0 1 1 3 5 6 6 14 8 10 14 13 5 6 44 10 20 14 46 25 25 34 20 26 25 37 52 69 53 66 55 43 34 51 62 62 39 64 58 69 72 59 51 59 75 62 66 43 24 30 24 27 22 6 1 1 5 4 4 5
12 5 8 7 9 8 15 30 26 26 31 11 24 4 2 1 11 50 35 8 11 11 2 3 2 1 0 2 2 2 1 0 1 0 0 0 0 1 1 4 2 3 6 6 3 4 4 5 8 10 6 4 12 25 10 20 17 13 16 15 17 30 60 52 53 43 31 35 50 61 59 60 50 62 42 52 61 37 48 57 75 46 31 34 43 48 62 41 26 10 6 2 1 2 2 2
10 11 8 8 29 16 36 64 24 22 18 24 29 35 2 1 4 5 3 1 6 18 5 2 1 2 1 1 1 1 0 0 0 1 0 0 0 1 1 1 1 1 4 1 1 1 1 5 2 1 2 3 5 12 8 9 5 8 17 19 12 45 43 43 42 50 35 31 40 58 54 39 44 60 41 23 68 43 48 73 44 46 42 47 75 79 60 36 31 22 9 7 5 1 2 1
