sesion_6_simulaciones/modelos_agentes/ejemplos_netlogo/scenarios/echam4_b2/rob_2099.asc
NCOLS 322 
NROWS 307 
XLLCORNER 451900 
YLLCORNER 4086900 
CELLSIZE 100 
NODATA_value -9999 
[rows 0 to 72 of 307, columns 96 to 191 of 322]
0 0 0 0 0 0 0 0 0 0 0 0 0 0 0 0 0 0 0 0 0 0 0 0 0 0 0 0 0 0 0 0 0 0 0 0 0 0 0 0 0 0 1 1 2 1 2 1 2 1 0 1 0 0 0 0 0 0 0 0 0 0 0 0 0 0 0 0 0 0 0 0 0 1 1 1 1 2 1 12 11 6 13 17 30 17 18 21 23 31 12 7 4 1 2 4
0 0 0 0 0 0 0 0 0 0 0 0 0 0 0 0 0 0 0 0 0 0 0 0 0 0 0 0 0 0 0 0 0 0 0 0 0 0 0 0 0 0 0 0 5 6 6 3 9 2 2 1 0 0 1 0 0 0 0 0 0 0 0 0 0 0 0 0 0 0 0 0 1 1 1 2 5 2 3 4 5 5 11 14 25 15 14 20 19 13 15 8 10 3 4 4
0 0 0 0 0 0 0 0 0 0 0 0 0 0 0 0 0 0 0 0 0 0 0 0 0 0 0 0 0 0 0 0 0 0 0 0 0 0 0 0 0 0 0 1 0 0 0 1 11 4 3 3 0 1 1 0 0 0 0 0 0 0 1 0 1 0 0 0 0 0 0 0 1 0 1 3 6 10 4 3 4 4 8 9 15 12 13 22 9 8 10 6 7 6 3 2
0 0 0 0 0 0 0 0 0 0 0 0 0 0 0 0 0 0 0 0 0 0 0 0 0 0 0 0 0 0 0 0 0 0 0 0 0 0 0 1 2 2 2 0 0 0 0 0 1 0 0 0 0 0 1 0 0 0 0 0 0 0 2 1 1 3 1 0 0 0 0 0 0 0 1 1 3 2 1 2 4 4 8 10 12 9 8 10 6 5 8 7 3 4 2 3
0 0 0 0 0 0 0 0 0 0 0 0 0 0 0 0 0 0 0 0 0 0 0 0 0 0 0 0 0 0 0 0 0 0 0 0 0 0 2 4 6 4 3 1 0 0 0 1 0 0 0 0 0 1 0 0 0 0 0 0 0 1 1 2 1 0 2 0 0 1 1 0 0 0 1 1 1 1 2 2 3 2 12 8 4 6 5 9 5 5 7 9 2 3 4 6
0 0 0 0 0 0 0 0 0 0 0 0 0 0 0 0 0 0 0 0 0 0 0 0 0 0 0 0 0 0 0 0 0 0 0 1 1 2 5 4 8 9 9 3 1 1 1 0 0 0 1 1 0 0 0 0 0 0 0 0 1 1 0 0 0 0 0 0 0 0 0 0 1 1 1 0 0 1 1 2 1 2 3 3 5 3 3 7 5 3 4 2 3 3 10 2
0 0 0 0 0 0 0 0 0 0 0 0 0 0 0 0 0 0 0 0 0 0 0 0 0 0 0 0 0 0 0 0 0 0 0 2 3 5 6 10 13 14 4 1 1 5 1 2 1 1 1 1 1 0 0 0 0 0 0 0 0 0 0 0 0 0 1 2 1 1 0 0 0 0 1 1 1 1 0 1 1 1 1 1 2 3 2 3 3 1 3 2 3 3 2 2
0 0 0 0 0 0 0 0 0 0 0 0 0 0 0 0 0 0 0 0 0 0 0 0 0 0 0 0 0 0 0 0 0 0 0 2 4 8 10 12 11 4 4 2 7 4 3 6 3 2 1 1 2 1 0 0 0 1 1 1 1 0 0 0 0 0 1 0 1 0 0 0 0 0 0 1 1 4 1 0 1 1 1 1 3 1 1 2 2 3 2 1 0 1 1 1
0 0 0 0 0 0 0 0 0 0 0 0 0 0 0 0 0 0 0 0 0 0 0 0 0 0 0 0 0 0 0 0 0 1 4 2 1 2 2 3 6 4 3 5 14 11 3 5 4 2 1 1 7 1 1 1 1 1 0 0 2 1 0 0 0 0 0 0 0 0 1 0 0 0 1 0 0 1 1 4 3 8 1 1 1 0 1 6 2 2 2 13 5 2 2 3
0 0 0 0 0 0 0 0 0 0 0 0 0 0 0 0 0 0 0 0 0 0 0 0 0 0 0 0 0 0 0 0 0 1 2 2 2 3 2 3 2 2 3 7 22 9 2 2 3 3 2 1 1 15 6 4 0 1 0 1 1 1 0 0 0 0 0 0 0 0 0 0 1 0 1 1 0 0 4 5 2 8 3 2 0 1 1 1 2 5 2 4 20 11 2 1
0 0 0 0 0 0 0 0 0 0 0 0 0 0 0 0 0 0 0 0 0 0 0 0 0 0 0 0 0 0 0 0 3 3 1 2 3 8 8 6 4 2 1 2 11 3 3 4 5 3 3 1 2 3 25 10 1 0 1 2 0 0 0 0 0 0 0 0 1 1 1 1 1 0 1 2 1 1 1 4 2 2 4 5 1 1 1 2 11 8 6 5 16 28 8 3
0 0 0 0 0 0 0 0 0 0 0 0 0 0 0 0 0 0 0 0 0 0 0 0 0 0 0 0 0 0 1 1 2 2 2 2 3 10 10 8 5 2 3 5 6 3 3 10 3 3 8 2 3 7 3 6 1 1 1 1 0 0 1 1 0 0 1 1 1 8 10 12 1 1 2 3 1 1 1 6 3 0 3 6 1 2 2 3 9 4 3 6 14 15 13 8
0 0 0 0 0 0 0 0 0 0 0 0 0 0 0 0 0 0 0 0 0 0 0 0 0 0 0 0 0 0 2 1 2 2 3 6 11 4 6 14 5 2 2 12 9 3 6 6 7 7 12 8 8 17 7 5 3 2 3 1 1 1 1 1 0 0 0 1 4 2 7 6 3 1 1 3 1 1 0 1 3 0 6 12 2 2 5 4 3 15 8 3 5 8 16 23
0 0 0 0 0 0 0 0 0 0 0 0 0 0 0 0 0 0 0 0 0 0 0 0 0 0 0 0 0 0 1 1 1 1 1 2 3 2 2 4 5 1 1 1 4 3 5 6 20 28 33 28 16 16 7 11 7 4 3 2 1 0 1 1 1 1 1 1 1 1 0 0 2 2 1 1 1 2 1 1 0 1 2 10 11 3 6 8 6 5 15 6 12 19 43 20
0 0 0 0 0 0 0 0 0 0 0 0 0 0 0 0 0 0 0 0 0 0 0 0 0 0 0 0 0 1 0 0 0 1 2 2 3 3 1 0 4 1 3 2 1 1 7 14 16 42 43 35 24 30 15 28 18 7 5 6 1 1 2 2 1 1 0 1 1 0 0 2 5 3 2 2 2 2 1 1 2 1 3 12 17 4 2 4 6 5 4 3 11 17 21 18
0 0 0 0 0 0 0 0 0 0 0 0 0 0 0 0 0 0 0 0 0 0 0 0 0 0 0 0 0 0 0 1 1 2 2 3 9 10 5 1 1 2 1 2 1 1 1 9 18 20 31 23 20 19 29 15 14 8 10 7 1 2 0 2 4 3 1 1 1 0 1 4 4 3 1 0 1 2 3 3 3 3 4 13 32 47 17 10 5 5 5 3 14 46 32 15
0 0 0 0 0 0 0 0 0 0 0 0 0 0 0 0 0 0 0 0 0 0 0 0 0 0 0 0 0 1 1 0 1 1 2 4 9 12 12 1 2 2 1 2 5 6 7 2 9 19 11 10 8 8 14 24 19 15 14 13 2 4 2 2 3 1 1 1 1 1 1 5 2 4 1 1 1 1 5 3 4 6 8 11 43 61 57 12 6 7 8 6 19 46 52 42
0 0 0 0 0 0 0 0 0 0 0 0 0 0 0 0 0 0 0 0 0 0 0 0 0 0 0 0 0 0 0 0 1 0 2 7 5 8 10 5 8 10 6 7 13 12 17 9 3 1 2 3 2 1 5 36 61 71 25 6 11 5 3 1 3 2 1 2 1 1 6 4 3 3 1 2 4 2 3 5 3 5 4 3 33 38 35 33 19 10 12 10 14 32 33 12
0 0 0 0 0 0 0 0 0 0 0 0 0 0 0 0 0 0 0 0 0 0 0 0 0 0 0 0 0 0 0 0 0 1 2 3 1 2 4 12 9 12 16 25 21 13 19 19 10 7 5 5 8 1 2 7 68 69 30 9 7 9 3 2 3 1 1 1 0 4 9 8 4 8 2 2 7 7 7 28 10 8 4 3 8 26 34 29 37 19 17 20 10 24 62 13
0 0 0 0 0 0 0 0 0 0 0 0 0 0 0 0 0 0 0 0 0 0 0 0 0 0 0 0 0 0 0 0 1 1 1 0 2 3 3 7 15 21 18 10 13 7 15 22 12 10 10 3 6 3 6 4 15 24 30 22 11 4 3 5 4 0 1 5 13 6 12 24 5 26 5 2 6 23 14 35 22 18 14 7 9 41 65 46 55 34 30 19 9 17 56 43
0 0 0 0 0 0 0 0 0 0 0 0 0 0 0 0 0 0 0 0 0 0 0 0 0 0 0 0 0 0 0 0 0 0 1 1 1 2 2 8 4 8 20 16 10 9 14 24 25 11 18 14 5 9 12 9 12 33 42 28 5 4 22 12 4 1 3 5 8 10 6 7 4 7 17 10 5 6 8 41 11 9 26 18 18 10 55 34 63 30 40 21 15 15 26 48
0 0 0 0 0 0 0 0 0 0 0 0 0 0 0 0 0 0 0 0 0 0 0 0 0 0 0 0 0 0 0 0 0 1 1 1 3 1 3 1 5 5 6 7 19 24 62 51 49 18 19 14 14 15 23 18 19 32 53 45 36 5 7 6 3 2 12 2 6 13 14 7 11 4 21 27 11 6 10 63 69 25 10 49 36 13 11 22 64 51 45 44 22 21 23 55
0 0 0 0 0 0 0 0 0 0 0 0 0 0 0 0 0 0 0 0 0 0 0 0 0 0 0 0 0 0 0 1 1 0 0 3 3 1 1 2 4 13 10 9 10 40 39 17 23 17 33 21 20 21 21 25 15 26 45 24 14 9 4 3 3 7 15 1 6 3 13 20 14 5 5 19 18 34 12 43 78 44 43 18 38 21 8 21 69 75 28 60 41 27 33 55
0 0 0 0 0 0 0 0 0 0 0 0 0 0 0 0 0 0 0 0 0 0 0 0 0 0 0 0 0 0 0 0 0 0 0 0 1 2 1 2 3 10 14 21 21 10 9 7 5 4 18 15 8 11 22 12 14 17 16 21 21 11 5 5 12 9 6 2 5 5 7 18 12 16 12 43 44 25 23 12 53 59 39 63 25 20 15 19 20 61 26 45 43 25 24 34
0 0 0 0 0 0 0 0 0 0 0 0 0 0 0 0 0 0 0 0 0 0 0 0 0 0 0 0 1 0 0 0 0 0 0 0 0 1 2 1 2 6 16 28 22 22 20 19 15 16 8 7 5 2 3 4 4 7 24 25 28 11 12 11 5 13 5 6 10 10 7 13 28 38 8 41 52 29 32 22 42 63 33 17 53 34 22 24 20 35 36 38 54 31 20 21
0 0 0 0 0 0 0 0 0 0 0 0 0 0 0 0 0 0 0 0 0 1 1 2 2 1 2 1 2 1 3 5 6 1 0 0 0 0 1 1 4 4 7 11 24 30 35 27 25 26 14 15 16 16 16 16 17 14 35 35 21 14 9 8 6 14 12 17 6 25 8 6 29 20 9 28 32 16 21 20 24 38 68 22 26 19 27 15 15 26 21 35 19 20 15 20
0 0 0 0 0 0 0 0 0 0 0 0 0 0 0 0 0 0 0 1 2 3 5 6 4 7 6 5 6 7 4 1 3 4 3 1 1 1 0 0 2 4 6 15 17 19 28 24 26 27 21 21 25 26 14 24 16 17 28 16 17 10 5 5 4 21 10 21 18 25 6 8 14 21 15 32 30 46 14 22 25 13 38 29 18 41 19 19 5 16 24 19 24 19 22 22
0 0 0 0 0 0 0 0 0 0 0 0 0 0 0 1 1 1 1 0 1 2 3 9 9 11 25 18 16 14 1 1 1 1 2 2 3 1 2 1 2 7 10 13 17 16 15 37 30 22 19 20 21 22 20 22 23 7 14 11 12 6 6 9 18 37 36 13 19 8 13 7 16 20 23 15 14 28 34 19 31 21 35 33 12 39 22 16 6 11 27 27 21 29 20 13
0 0 0 0 0 0 0 0 0 0 0 1 1 2 5 6 3 3 5 2 1 0 2 7 5 5 4 12 13 8 4 1 0 0 0 1 2 1 2 3 1 3 6 9 5 6 4 12 19 18 26 27 19 18 18 31 24 8 9 6 4 8 16 21 28 23 13 12 8 19 18 27 15 15 18 17 17 19 36 25 23 23 23 18 22 22 24 20 16 8 19 11 14 22 11 13
0 0 0 0 0 0 0 0 0 1 2 3 4 11 7 16 6 6 14 1 5 2 1 4 3 2 2 3 3 3 7 2 1 0 0 0 1 1 1 3 3 4 13 5 7 6 4 12 13 8 6 5 4 10 11 5 21 12 8 6 7 10 19 21 26 22 9 24 35 19 24 16 16 14 14 9 14 14 22 24 24 25 11 20 14 8 10 7 10 7 6 2 3 5 6 9
0 0 0 0 0 0 1 1 1 4 5 12 8 18 12 17 5 6 15 8 2 3 1 1 1 1 0 0 2 2 2 15 2 0 1 0 3 14 14 8 8 5 7 4 3 6 8 3 2 4 4 9 14 15 7 8 18 10 16 5 8 12 21 14 26 12 8 20 38 35 22 16 9 17 13 8 5 2 7 12 21 14 8 7 5 7 6 6 3 4 4 4 24 14 17 23
0 0 0 0 1 2 3 3 4 9 9 37 21 21 10 17 9 16 13 15 2 5 5 2 1 0 0 0 1 1 1 2 2 1 1 1 1 2 2 3 2 3 3 7 8 5 7 3 6 8 21 30 21 11 27 5 21 18 4 2 2 8 6 21 16 19 12 7 11 17 14 14 7 3 3 4 7 5 15 22 16 22 14 22 24 25 22 20 20 31 12 14 43 31 21 37
1 1 2 3 4 3 7 6 14 13 43 19 7 12 13 11 15 14 14 14 4 2 4 2 2 1 0 1 1 2 2 3 1 0 1 1 2 2 4 3 6 4 7 8 12 13 10 11 8 10 15 31 26 25 32 13 20 16 7 11 6 1 2 3 4 4 8 5 6 6 7 6 5 10 17 18 30 19 31 20 23 33 20 33 24 53 37 21 34 35 21 23 38 33 24 41
3 5 8 6 11 9 13 9 15 11 22 2 4 3 6 13 13 9 7 12 5 2 1 1 1 1 1 1 2 1 5 5 3 1 2 3 3 2 3 3 3 5 6 6 13 10 16 11 6 23 16 15 17 10 7 8 28 14 11 22 17 11 12 13 14 14 26 20 16 15 16 17 25 26 26 16 29 27 30 29 30 33 30 30 48 42 36 30 34 23 34 24 41 26 46 41
0 1 3 4 12 11 18 15 5 1 0 1 2 1 2 2 3 6 11 15 6 1 1 3 1 1 4 2 4 2 4 3 2 2 1 3 3 1 4 3 3 6 7 7 6 7 10 9 8 13 15 9 12 13 7 10 11 7 10 13 14 16 16 20 21 19 31 28 26 14 24 24 21 22 35 23 24 37 25 37 39 27 32 31 60 36 34 33 35 33 34 27 43 43 40 49
0 0 0 0 0 1 2 3 2 1 1 1 3 3 1 1 1 1 6 8 3 1 6 1 3 4 4 2 4 2 2 1 2 1 1 1 2 1 2 2 2 4 3 3 4 5 11 7 4 6 11 8 3 14 5 9 4 6 9 7 15 11 10 11 13 11 30 21 13 21 21 19 29 19 29 20 20 35 33 36 25 24 37 32 43 34 31 34 31 31 31 29 58 42 31 31
1 2 2 1 1 1 0 1 1 1 1 2 2 1 1 1 0 3 2 3 4 6 6 2 4 3 3 2 1 0 0 0 1 1 1 1 0 1 1 2 3 1 2 2 2 6 4 3 5 5 8 8 2 6 5 2 7 7 6 4 8 7 15 15 11 16 16 17 18 11 18 26 25 17 27 25 20 33 20 28 22 32 35 50 42 30 16 40 28 30 37 39 45 19 43 26
1 1 1 1 1 1 1 1 1 2 3 4 3 1 1 3 3 4 5 7 14 8 6 2 2 1 1 1 1 1 0 0 1 0 0 0 0 0 1 1 0 0 1 2 2 7 2 3 6 3 7 1 4 3 1 2 6 5 3 6 4 8 11 8 5 14 15 16 9 16 30 32 26 16 23 27 24 31 19 18 23 29 30 34 29 18 17 38 30 18 42 42 38 17 11 44
0 1 1 1 2 1 2 1 2 2 3 6 6 5 4 6 3 5 8 8 10 3 1 2 1 1 0 0 1 1 0 0 0 0 0 0 0 1 0 0 1 0 2 1 1 5 2 3 2 2 2 3 1 1 1 1 2 6 2 5 5 9 9 4 14 13 19 14 7 15 21 34 23 14 18 25 24 17 14 11 22 42 36 35 36 15 32 54 33 14 29 49 47 20 10 38
0 1 1 1 1 1 2 1 1 1 2 3 4 4 6 6 6 7 6 5 4 2 1 1 1 0 0 1 0 0 0 0 0 0 0 0 0 0 0 0 0 0 1 0 0 2 1 2 1 1 1 0 1 0 0 0 0 2 1 4 6 4 5 13 10 12 7 4 7 21 21 32 20 13 14 26 34 17 17 9 19 42 23 17 20 16 32 46 27 17 13 55 59 31 16 26
0 0 0 1 1 1 1 1 0 0 1 1 2 2 6 3 3 4 2 2 2 1 0 1 0 0 0 0 0 1 0 0 0 0 0 0 0 0 0 0 0 0 0 0 1 0 1 1 0 0 1 0 0 0 0 0 0 0 0 3 4 3 5 12 4 9 3 3 6 18 20 19 14 10 12 20 31 10 14 5 20 49 22 9 9 13 27 39 23 16 13 34 45 33 9 19
0 0 0 0 0 0 0 0 0 0 1 1 1 1 1 1 1 1 2 1 1 1 1 0 0 0 0 0 0 1 0 0 0 0 0 0 0 0 0 0 0 0 0 0 0 0 0 0 0 0 0 0 0 0 0 0 0 0 0 1 1 2 7 4 6 7 4 6 8 9 12 8 9 4 5 11 7 4 11 5 9 23 17 12 7 9 18 27 14 14 10 14 27 16 8 14
0 0 0 0 0 0 0 0 0 0 0 0 0 0 0 0 0 0 1 0 0 0 0 0 0 0 0 0 0 0 0 0 0 0 0 0 0 0 0 0 0 0 0 0 0 0 0 0 0 0 0 0 0 0 0 0 0 0 0 0 0 1 1 2 8 3 3 5 7 3 4 7 3 2 3 6 4 2 8 4 4 10 5 5 6 4 4 18 16 8 5 9 15 7 4 8
0 0 0 0 0 0 0 0 0 0 0 0 0 0 0 0 0 0 0 0 0 0 0 0 0 0 0 0 0 0 0 0 0 0 0 0 0 0 0 0 0 0 0 0 0 0 0 0 0 0 0 0 0 0 0 0 0 0 0 0 0 0 0 3 1 1 3 2 2 1 1 2 1 1 1 3 1 1 3 1 4 4 2 2 3 4 1 3 13 3 3 4 9 5 3 2
0 0 0 0 0 0 0 0 0 0 0 0 0 0 0 0 0 0 0 0 0 0 0 0 0 0 0 0 0 0 0 0 0 0 0 0 0 0 0 0 0 0 0 0 0 0 0 0 0 0 0 0 0 0 0 0 0 0 0 0 0 0 0 0 1 1 0 0 1 1 0 1 0 0 0 1 0 1 2 0 1 1 1 2 2 3 1 1 7 3 1 2 3 1 1 1
0 0 0 0 0 0 0 0 0 0 0 0 0 0 0 0 0 0 0 0 0 0 0 0 0 0 0 0 0 0 0 0 0 0 0 0 0 0 0 0 0 0 0 0 0 0 0 0 0 0 0 0 0 0 0 0 0 0 0 0 0 0 0 0 0 0 0 0 0 0 0 0 0 0 0 0 0 1 0 0 1 0 0 1 1 0 1 1 1 1 1 1 2 2 2 1
0 0 0 0 0 0 0 0 0 0 0 0 0 0 0 0 0 0 0 0 0 0 0 0 0 0 0 0 0 0 0 0 0 0 0 0 0 0 0 0 0 0 0 0 0 0 0 0 0 0 0 0 0 0 0 0 0 0 0 0 0 0 0 0 0 0 0 0 0 0 0 0 0 0 0 0 0 0 0 0 1 0 1 1 1 0 1 0 1 1 1 1 2 4 7 16
0 0 0 0 0 0 0 0 0 0 0 0 0 0 0 0 0 0 0 0 0 0 0 0 0 0 0 0 0 0 0 0 0 0 0 0 0 0 0 0 0 0 0 0 0 0 1 1 0 0 0 0 0 1 0 0 1 0 0 1 0 1 0 0 0 0 0 0 0 0 0 0 0 1 2 1 2 4 2 1 1 1 2 2 0 7 5 3 1 0 1 1 2 6 3 5
0 0 0 0 0 0 0 0 0 0 0 0 0 0 0 0 0 0 0 0 0 0 0 0 0 0 0 0 0 0 0 0 0 0 0 0 0 0 0 0 0 0 0 0 1 0 0 0 0 0 1 0 0 1 1 0 2 1 1 1 0 1 0 0 0 0 0 1 1 0 0 1 1 0 1 2 1 2 1 5 1 2 5 2 1 6 4 3 9 7 5 1 2 5 3 2
0 0 0 0 0 0 0 0 0 0 0 0 0 0 0 0 0 0 0 0 0 0 0 0 0 0 0 0 0 0 0 0 0 0 0 0 0 0 0 0 0 0 0 1 0 0 0 0 0 0 1 0 0 1 0 1 0 0 1 1 0 0 0 1 0 1 1 1 1 1 0 1 2 0 1 2 0 0 0 8 4 1 1 2 4 8 7 10 17 12 2 10 2 1 8 16
0 0 0 0 0 0 0 0 0 0 0 0 0 0 0 0 0 0 0 0 0 0 0 0 0 0 0 0 0 0 0 0 0 0 0 0 0 0 0 0 0 0 0 0 1 0 0 0 0 0 1 1 0 1 1 5 0 1 3 3 1 0 0 0 0 2 1 3 1 4 0 0 2 1 1 4 1 0 0 6 3 6 0 0 1 8 12 9 21 10 2 14 4 4 12 17
0 0 0 0 0 0 0 0 0 0 0 0 0 0 0 0 0 0 0 0 0 0 0 0 0 0 0 0 0 0 0 0 0 0 0 0 0 0 0 1 0 0 0 1 1 1 0 0 1 1 4 5 1 2 9 15 2 6 7 3 2 0 2 2 1 1 1 0 2 8 1 0 2 0 3 3 11 1 2 17 3 9 6 1 1 4 11 10 8 5 11 38 5 4 3 4
0 0 0 0 0 0 0 0 0 0 0 0 0 0 0 0 0 0 0 0 0 0 0 0 0 0 0 0 0 0 0 0 0 0 0 0 0 0 0 0 0 0 0 1 1 0 0 0 1 2 6 3 4 1 7 18 4 5 7 4 6 3 4 6 1 1 2 1 4 7 5 2 0 1 9 8 10 8 2 21 3 11 22 4 3 3 13 10 8 2 27 43 14 7 12 5
0 0 0 0 0 0 0 0 0 0 0 0 0 0 0 0 0 0 0 0 0 0 0 0 0 0 0 0 0 0 0 0 0 0 0 0 0 0 0 0 1 0 1 0 4 0 1 1 0 2 7 6 2 1 1 4 6 12 15 12 24 8 10 8 6 2 3 3 6 6 17 4 1 1 6 13 21 20 6 11 14 15 20 29 7 5 3 4 3 6 28 16 29 10 13 11
0 0 0 0 0 0 0 0 0 0 0 0 0 0 0 0 0 0 0 0 0 0 0 0 0 0 0 0 0 0 0 0 0 0 0 0 0 0 0 0 0 0 0 0 0 0 3 3 1 1 2 1 1 0 0 1 1 7 7 6 10 12 11 8 24 3 4 3 1 15 45 4 2 2 12 8 8 13 4 7 12 4 28 42 22 11 3 3 3 4 2 9 37 11 7 15
0 0 0 0 0 0 0 0 0 0 0 0 0 0 0 0 0 0 0 0 0 0 0 0 0 0 0 0 0 0 0 0 0 0 0 0 0 0 0 0 0 0 0 0 0 0 1 2 3 1 1 1 1 1 1 2 2 1 2 5 4 2 4 14 37 10 3 6 9 27 45 7 2 1 2 5 13 9 17 23 13 3 19 35 50 10 7 3 12 13 6 10 58 21 17 29
0 0 0 0 0 0 0 0 0 0 0 0 0 0 0 0 0 0 0 0 0 0 0 0 0 0 0 0 0 0 0 0 0 0 0 0 0 0 0 0 0 0 0 0 0 0 0 1 1 1 1 4 4 3 3 2 2 1 1 1 0 0 1 25 20 18 8 4 6 29 42 30 14 3 2 7 14 11 12 8 19 13 8 50 53 31 11 7 20 12 25 59 59 53 31 34
0 0 0 0 0 0 0 0 0 0 0 0 0 0 0 0 0 0 0 0 0 0 0 0 0 0 0 0 0 0 0 0 0 0 0 0 0 0 0 0 0 1 1 0 0 1 1 1 1 1 1 10 15 15 12 9 5 4 4 4 4 3 3 8 10 16 13 4 2 15 11 37 34 7 3 15 22 14 9 21 45 15 8 8 56 63 15 10 35 38 31 56 23 53 20 14
0 0 0 0 0 0 0 0 0 0 0 0 0 0 0 0 0 0 0 0 0 0 0 0 0 0 0 0 0 0 0 0 0 0 0 0 0 0 1 2 1 1 1 0 0 0 2 2 2 2 2 7 36 41 31 29 20 20 13 12 36 41 49 36 21 18 12 7 3 2 11 20 55 25 26 6 15 21 10 2 9 16 20 34 53 67 34 22 10 24 23 17 63 61 72 34
0 0 0 0 0 0 0 0 0 0 0 0 0 0 0 0 0 0 0 0 0 0 0 0 0 0 0 0 0 0 0 0 0 0 0 0 0 1 2 1 3 2 1 1 1 1 3 4 3 3 2 5 19 45 40 49 59 51 25 15 11 19 28 39 56 50 49 33 14 1 3 23 31 38 25 23 13 6 9 9 34 32 13 19 16 61 61 21 10 16 18 20 15 55 43 54
0 0 0 0 0 0 0 0 0 0 0 0 0 0 0 0 0 0 0 0 0 0 0 0 0 0 0 0 0 0 0 0 0 0 0 0 0 1 1 0 1 6 8 3 6 4 3 3 5 7 8 4 4 5 34 35 33 61 61 46 36 28 19 24 31 56 63 60 54 41 20 39 30 60 21 22 15 10 17 13 12 18 10 36 24 63 74 21 10 32 35 20 19 19 46 62
0 0 0 0 0 0 0 0 0 0 0 0 0 0 0 0 0 0 0 0 0 0 0 0 0 0 0 0 0 0 0 0 0 0 0 0 0 1 1 1 1 0 1 15 19 29 16 10 8 4 7 10 10 6 13 27 23 18 35 43 46 55 57 45 21 26 60 71 69 50 49 67 44 74 56 33 29 30 16 9 12 29 12 23 35 20 64 34 11 25 40 34 12 7 41 68
0 0 0 0 0 0 0 0 0 0 0 0 0 0 0 0 0 0 0 0 0 0 0 0 0 0 0 0 0 0 0 0 0 0 0 0 1 1 1 1 2 2 1 1 2 22 32 26 12 8 5 12 11 8 3 3 3 4 5 6 13 32 27 42 49 23 25 41 41 33 58 56 56 53 52 55 63 53 28 33 32 29 14 16 55 61 40 50 18 7 37 38 16 32 73 29
0 0 0 0 0 0 0 0 0 0 0 0 0 0 0 0 0 0 0 0 0 0 0 0 0 0 0 0 0 0 0 0 0 0 0 0 0 0 1 1 1 1 4 5 7 5 3 2 13 15 22 5 7 5 7 12 11 11 11 11 12 6 4 7 11 8 7 5 7 25 35 50 46 41 32 27 29 56 47 38 31 22 49 42 44 58 46 62 42 14 11 32 48 80 45 69
0 0 0 0 0 0 0 0 0 0 0 0 0 0 0 0 0 0 0 0 0 0 0 0 0 0 0 0 0 0 0 0 0 0 0 0 0 0 0 1 1 2 2 4 6 5 6 7 5 3 3 3 5 12 12 18 17 19 20 32 13 5 4 15 15 27 14 18 5 4 12 36 29 19 19 21 28 40 48 63 56 26 23 27 30 33 50 59 63 23 12 28 87 62 52 65
0 0 0 0 0 0 0 0 0 0 0 0 0 0 0 0 0 0 0 0 0 0 0 0 0 0 0 0 0 0 0 0 0 0 0 0 0 0 0 0 1 1 1 1 3 3 3 6 6 6 9 12 14 18 14 13 22 27 30 31 17 15 16 25 22 18 24 14 7 11 10 3 3 3 5 4 12 13 6 13 25 17 19 14 16 18 44 55 46 29 13 66 73 46 73 70
0 0 0 0 0 0 0 0 0 0 0 0 0 0 0 0 0 0 0 0 0 0 0 0 0 0 0 0 0 0 0 0 0 0 0 0 0 0 0 0 0 1 1 1 2 2 4 5 7 6 9 5 6 9 13 14 15 21 35 32 20 19 24 22 30 35 41 35 21 22 8 4 2 5 7 13 31 23 15 14 12 10 8 11 12 18 26 38 59 55 25 81 38 24 64 79
0 0 0 0 0 0 0 0 0 0 0 0 0 0 0 0 0 0 0 0 0 0 0 0 0 0 0 0 0 0 0 0 0 0 0 0 0 0 0 0 0 1 1 1 2 2 3 3 4 3 10 5 4 4 7 9 19 23 32 25 10 20 16 25 28 48 43 45 39 24 17 19 19 24 25 36 43 34 21 23 37 48 32 19 26 19 9 17 34 68 48 78 34 34 75 91
0 0 0 0 0 0 0 0 0 0 0 0 0 0 0 0 0 0 0 0 0 0 0 0 0 0 0 0 0 0 0 0 0 0 0 0 0 0 0 0 0 0 0 1 1 2 2 3 3 2 4 5 2 2 5 7 13 14 12 12 12 14 17 18 20 46 45 41 36 19 30 32 31 36 31 31 42 31 31 33 35 38 27 44 50 34 36 14 21 50 44 46 45 30 58 77
0 0 0 0 0 0 0 0 1 0 0 0 0 0 0 0 0 0 0 0 0 0 0 0 0 0 0 0 0 0 0 0 0 0 0 0 0 0 0 0 0 0 0 1 1 1 1 2 1 1 1 2 2 1 2 5 8 6 5 4 4 12 10 10 24 31 31 31 16 14 23 23 26 38 28 39 37 42 27 30 42 37 42 58 54 58 45 21 14 45 41 56 42 21 45 67
0 0 0 0 0 0 0 0 0 0 0 0 0 0 0 0 0 0 0 0 0 0 0 0 0 0 0 0 0 0 0 0 0 0 0 0 0 0 0 0 0 0 0 0 0 0 1 0 1 0 1 1 1 0 2 4 2 3 2 3 3 4 4 8 16 19 22 28 13 23 30 29 19 28 32 24 27 25 20 31 38 40 39 61 39 37 26 27 20 14 24 46 43 16 41 31
0 0 0 0 0 0 1 1 1 0 0 0 0 0 0 0 0 0 0 0 0 0 0 0 0 0 0 0 0 0 0 0 0 0 0 0 0 0 0 0 0 0 0 0 0 0 0 0 0 0 1 0 0 0 1 1 1 1 1 1 1 2 3 7 5 12 13 11 9 15 21 21 11 23 13 18 21 18 15 22 36 30 46 37 27 39 39 55 55 30 9 10 31 23 20 26
0 0 0 0 0 0 0 1 1 1 1 0 0 0 0 0 0 1 1 0 0 0 0 0 0 0 0 0 0 0 0 0 0 0 0 0 0 0 0 0 0 0 0 0 0 0 0 0 0 0 0 0 0 0 0 0 0 0 0 0 0 1 3 3 4 4 4 6 9 12 10 13 9 13 5 7 9 4 7 12 25 16 16 24 35 47 69 61 58 40 32 13 8 16 15 13
