sesion_6_simulaciones/modelos_agentes/ejemplos_netlogo/scenarios/echam4_b2/rob_2058.asc
NCOLS 322 
NROWS 307 
XLLCORNER 451900 
YLLCORNER 4086900 
CELLSIZE 100 
NODATA_value -9999 
[rows 0 to 73 of 307, columns 96 to 191 of 322]
2 0 0 0 0 0 0 0 0 0 1 1 1 4 6 2 3 2 2 1 3 2 1 3 1 1 1 1 1 1 1 1 1 2 1 1 1 1 2 1 1 4 24 35 51 35 51 46 58 35 27 40 19 6 12 11 17 3 6 4 5 2 2 1 6 9 14 3 2 13 17 9 9 11 11 9 12 16 9 50 39 24 37 40 51 35 37 41 48 62 37 26 20 7 14 27
0 0 0 0 0 1 0 0 0 0 0 1 3 3 3 2 1 1 1 1 2 0 0 1 1 1 1 0 1 4 2 1 1 1 1 1 1 1 2 3 4 9 11 15 68 74 72 63 84 50 61 44 13 10 32 4 3 4 1 2 1 3 2 1 3 2 2 8 9 8 6 17 33 14 25 34 42 18 19 24 25 21 38 42 54 37 36 47 50 41 48 36 43 20 27 29
0 0 0 0 0 0 0 0 0 0 0 0 1 2 1 1 1 2 2 3 4 0 1 0 1 1 1 0 1 2 3 3 0 1 4 3 3 4 7 8 13 22 16 21 5 3 8 27 84 63 64 60 15 39 29 23 10 4 3 4 2 8 33 25 34 12 7 21 4 8 8 9 19 17 24 43 57 57 32 23 24 24 38 39 47 39 40 57 34 34 44 33 39 40 26 29
0 0 0 0 0 0 0 0 0 0 0 0 0 1 1 2 2 3 3 4 1 0 1 1 0 0 1 1 1 1 1 2 1 3 5 3 8 10 20 35 48 54 38 9 4 5 2 4 25 7 13 11 5 13 29 5 17 2 2 4 6 16 50 48 48 57 44 19 25 16 12 19 14 14 26 28 37 19 14 23 31 31 46 50 48 38 35 44 30 28 43 44 28 37 21 37
0 0 0 0 0 0 0 0 0 0 0 0 0 0 2 1 1 6 2 1 1 1 1 2 2 1 1 1 1 2 4 3 1 4 10 10 14 25 48 63 71 60 45 17 9 3 5 15 7 5 7 10 2 22 7 11 15 8 1 2 19 42 27 50 38 18 48 12 24 34 32 17 14 9 28 20 26 21 25 29 36 30 67 49 32 35 34 48 33 34 45 55 22 40 45 51
0 0 0 0 0 0 0 0 1 1 0 0 0 0 1 0 2 1 3 2 1 1 3 2 2 1 1 1 0 0 1 3 4 2 16 27 30 51 66 57 67 66 61 29 10 12 11 11 12 9 13 25 3 7 7 13 6 5 4 4 29 38 9 4 7 14 16 6 6 15 3 18 46 24 21 11 16 16 18 33 28 32 40 37 44 34 32 52 47 29 45 28 38 41 65 25
0 0 0 0 0 0 0 0 0 1 1 0 0 0 0 1 0 2 3 3 3 2 1 1 2 1 2 1 1 0 1 4 6 3 12 51 61 65 60 65 65 64 29 13 16 42 17 26 21 20 14 17 15 14 18 10 4 9 12 5 4 5 4 7 3 5 25 40 18 19 5 13 10 5 27 25 26 25 15 30 23 15 22 20 36 40 32 45 44 22 48 35 43 37 22 19
0 0 0 0 0 0 0 0 0 0 4 4 2 1 1 0 0 1 1 1 4 8 3 4 6 2 1 0 1 1 1 2 6 20 15 38 52 63 63 61 53 22 23 18 43 35 24 47 31 25 12 15 32 30 17 15 11 32 40 40 21 7 1 1 7 4 17 8 21 11 17 8 4 9 6 23 31 65 41 15 29 33 21 23 51 30 34 37 44 47 35 26 9 16 18 13
0 0 0 0 0 0 0 0 0 0 1 3 8 7 2 4 1 0 0 2 2 2 2 3 2 1 1 1 1 1 3 4 14 40 60 29 14 26 18 19 31 20 14 26 57 47 21 31 33 22 18 10 61 30 20 30 23 35 8 17 43 28 11 1 6 7 4 4 2 7 21 17 5 6 20 9 15 19 25 56 48 74 31 38 24 13 21 65 33 36 32 72 47 25 17 23
0 0 0 0 0 0 0 0 0 0 0 0 0 0 0 0 1 0 0 1 1 1 1 1 2 1 1 1 1 3 4 17 20 19 41 33 30 30 16 16 9 9 14 29 62 39 13 15 22 28 24 15 20 76 61 58 9 18 6 30 23 25 5 7 2 4 3 2 6 12 10 13 18 13 23 34 11 12 50 56 30 61 42 33 13 17 13 25 26 45 19 36 74 64 21 14
0 0 0 0 0 0 0 0 0 0 0 0 0 0 0 0 0 0 1 0 1 1 1 1 2 1 0 1 3 6 16 24 59 47 25 24 25 46 43 28 18 8 6 10 38 14 13 20 26 20 29 14 24 32 79 60 20 12 16 33 11 12 8 2 4 6 7 3 13 24 22 27 13 10 30 44 26 10 10 45 30 22 44 54 20 23 15 21 61 48 42 33 66 81 53 25
0 0 0 0 0 0 0 0 0 0 0 0 1 1 1 0 1 2 2 1 4 1 1 1 1 1 1 1 2 26 30 35 37 33 25 20 24 42 42 32 18 9 10 19 23 11 12 36 18 21 43 17 27 44 24 41 23 19 24 21 9 7 19 12 6 4 13 11 18 54 63 65 13 22 36 45 26 14 16 52 29 6 31 56 23 27 25 22 47 29 22 30 54 62 62 50
0 0 0 0 0 0 0 0 0 0 1 0 0 0 0 1 2 2 3 1 8 7 1 1 0 1 1 2 5 18 43 26 29 24 25 36 46 19 24 43 18 7 9 32 25 11 20 22 25 35 51 39 38 60 40 32 33 26 34 13 9 10 17 14 7 5 5 14 30 21 42 41 27 19 19 44 21 18 6 14 28 5 42 67 27 26 38 25 18 47 33 15 21 37 59 71
0 0 0 0 0 0 0 0 0 0 0 0 0 0 0 0 2 1 7 2 1 1 3 1 1 1 2 8 14 14 21 25 19 10 12 12 13 10 9 14 18 3 3 3 11 8 15 18 49 64 69 65 47 50 29 45 45 33 28 26 8 6 21 22 15 14 7 8 11 6 3 3 17 25 20 29 17 28 16 9 4 8 19 56 59 25 34 36 25 22 43 22 35 55 79 59
0 0 0 0 0 0 0 0 0 0 0 0 0 0 0 0 0 1 7 3 1 4 6 2 2 1 2 3 14 21 11 7 6 9 15 13 13 11 6 2 13 3 10 6 2 3 17 33 39 70 70 64 52 60 39 63 58 42 39 43 7 17 26 27 16 11 5 7 4 2 3 15 39 34 29 34 33 27 13 13 23 8 23 54 64 29 14 18 24 19 14 12 30 45 55 49
0 0 0 0 0 0 0 0 0 0 0 0 0 0 0 0 0 1 1 0 1 1 1 6 3 4 2 3 5 5 6 13 18 20 14 19 38 38 19 4 5 5 2 6 3 4 3 21 37 42 55 46 42 42 54 36 44 37 47 41 7 18 5 27 41 23 7 8 10 2 7 29 39 43 18 10 17 30 38 31 22 21 21 46 72 85 55 38 20 17 17 10 32 68 57 40
0 0 0 0 0 0 0 0 0 0 0 0 0 0 0 0 1 1 1 1 1 0 1 1 9 4 4 8 24 19 18 7 9 16 17 31 45 49 37 4 9 8 4 6 15 17 18 4 19 32 23 20 17 18 28 47 48 51 52 51 13 27 18 21 34 9 6 8 6 5 8 34 25 39 10 8 15 15 39 28 29 28 32 37 72 87 84 37 22 21 19 15 35 60 69 62
0 0 0 0 0 0 0 0 0 0 0 0 0 0 0 0 0 0 1 1 1 0 1 1 3 5 2 6 7 5 10 10 16 10 32 55 36 45 37 19 27 30 21 21 35 35 38 23 7 3 4 6 4 2 9 55 80 89 63 27 43 26 22 13 25 16 8 15 5 5 37 35 40 34 11 21 40 23 28 36 21 20 15 10 60 66 63 63 43 25 26 19 24 44 49 25
0 0 0 0 0 0 0 0 0 0 0 0 0 0 0 0 0 0 0 0 1 1 1 1 6 11 3 4 4 9 13 17 10 26 32 37 15 18 24 43 34 41 49 60 54 35 46 41 21 16 11 11 16 2 3 13 81 86 59 34 30 38 19 12 20 6 7 9 2 25 54 52 40 50 17 16 43 41 37 71 43 29 16 10 22 49 56 53 56 35 30 29 16 31 71 21
0 0 0 0 0 0 0 0 0 0 0 0 0 0 0 0 0 0 0 0 1 1 1 1 3 3 3 4 6 7 9 19 22 18 21 9 22 27 23 34 57 62 55 34 38 21 36 45 28 22 19 6 11 6 12 8 29 42 52 52 34 19 14 30 26 4 8 30 56 39 60 75 33 73 32 12 35 63 45 68 56 50 37 17 19 55 74 60 66 46 40 26 12 20 61 49
0 0 0 0 0 0 0 0 0 0 0 0 0 0 0 0 0 0 0 0 0 0 0 0 1 3 3 1 2 5 4 5 10 17 24 15 14 26 16 49 29 34 54 42 26 24 29 39 38 20 27 23 9 15 21 17 23 46 61 53 16 16 55 43 24 5 22 33 43 54 39 43 24 32 57 40 24 23 27 68 31 28 49 37 30 16 61 42 68 38 45 27 18 18 25 49
0 0 0 0 0 0 0 0 0 0 0 0 0 0 0 0 0 0 0 1 0 1 1 1 3 3 5 4 2 4 5 8 11 29 37 23 45 21 35 15 32 21 19 20 38 41 69 55 53 24 25 21 20 22 33 26 26 40 63 62 58 16 23 24 14 15 45 10 32 51 54 36 41 20 53 62 36 22 27 79 85 48 23 64 49 17 14 24 65 53 46 44 22 19 19 48
0 0 0 0 0 0 0 0 0 0 0 0 0 0 0 0 0 0 0 1 2 1 2 1 4 2 3 8 3 3 15 26 37 10 5 51 43 15 17 19 29 45 29 20 18 48 40 17 22 17 36 23 23 25 25 27 16 28 46 32 26 23 13 12 13 32 49 6 28 17 45 57 44 17 16 45 44 58 30 60 86 64 58 28 49 25 9 22 64 70 24 54 35 19 24 39
0 0 0 0 0 0 0 0 1 0 1 0 0 2 1 0 0 0 0 3 2 3 3 2 5 4 3 13 12 7 7 6 3 3 3 9 19 26 10 23 25 41 40 43 35 14 10 7 5 4 14 12 8 11 21 10 12 13 14 26 35 25 15 20 41 36 27 11 22 22 26 45 35 38 27 65 66 48 42 23 66 67 50 68 32 21 15 17 16 49 18 34 32 15 13 17
0 0 0 0 0 0 0 0 1 0 0 1 1 1 2 2 3 1 1 1 4 5 13 7 5 5 14 10 26 12 5 3 9 9 6 1 3 22 25 9 17 37 51 59 44 36 28 22 16 15 7 6 4 2 3 3 3 4 19 31 45 25 32 33 18 41 20 26 33 29 21 33 53 60 19 58 65 45 49 34 52 67 40 21 52 33 17 17 12 22 23 23 35 16 8 9
1 1 0 0 1 0 0 0 0 1 1 1 2 3 4 3 5 7 2 2 12 34 40 57 48 37 40 22 36 25 47 54 59 26 9 8 10 7 6 14 31 23 33 41 54 55 53 40 34 32 17 16 17 15 13 13 14 12 32 45 38 31 23 23 19 38 37 47 19 46 21 16 50 37 20 45 45 25 32 29 30 41 68 21 22 15 19 8 7 13 11 19 9 8 5 6
1 1 1 1 1 0 0 0 1 2 2 1 1 8 11 7 7 24 17 36 47 53 68 66 56 67 62 55 61 67 42 18 31 41 31 12 17 12 5 4 23 27 33 52 48 47 54 43 43 39 31 30 31 30 17 27 18 19 31 27 33 21 12 14 11 47 28 46 39 45 14 19 29 36 25 44 41 54 19 28 28 13 36 24 13 27 10 9 2 6 12 8 10 7 7 6
1 2 1 1 1 1 1 1 2 3 4 9 7 11 18 48 43 30 43 17 25 33 38 67 65 61 78 74 74 74 15 9 8 9 21 22 30 14 18 13 15 39 45 44 46 43 38 65 55 41 34 35 34 33 31 30 31 10 18 19 22 14 14 22 40 60 56 30 39 19 24 14 27 30 31 20 19 30 37 20 31 19 28 23 7 23 11 8 2 4 10 10 8 10 5 2
1 3 2 1 3 2 2 2 4 9 21 33 45 57 76 75 58 53 68 45 19 9 30 49 35 34 25 55 57 49 35 6 4 3 5 8 16 14 18 21 9 20 28 32 20 18 12 28 39 37 49 49 35 33 33 48 36 13 14 12 8 17 33 42 51 42 26 25 18 34 30 40 23 20 21 19 18 19 31 22 19 17 15 10 12 11 10 8 6 2 6 3 4 5 2 2
2 4 1 2 6 6 5 11 21 39 54 60 66 81 72 84 63 63 83 27 53 20 11 27 19 11 15 17 18 19 39 22 12 2 4 2 8 6 7 19 18 17 40 16 22 20 12 25 25 16 14 13 11 21 22 11 36 21 14 11 14 20 37 42 45 37 18 36 48 29 34 23 20 17 15 9 11 10 16 16 15 13 5 10 6 3 3 2 3 2 1 0 1 1 1 1
2 8 5 6 9 17 27 43 40 68 66 81 68 81 71 76 47 53 79 64 21 28 13 7 8 6 3 3 10 10 16 57 20 5 6 5 18 46 45 30 30 19 21 12 10 16 18 6 5 8 8 19 30 32 17 17 36 22 31 11 18 24 38 27 42 21 14 27 46 42 28 20 10 18 13 7 4 1 4 7 9 5 3 2 2 2 2 2 1 1 1 1 7 3 4 5
6 13 21 22 40 60 60 63 64 73 69 88 73 73 52 66 50 65 66 71 17 34 33 12 8 2 2 1 4 6 5 12 16 6 7 10 7 12 12 14 11 12 13 23 24 15 17 8 14 16 39 56 48 31 53 13 39 36 10 4 4 17 14 33 25 27 16 9 13 19 16 16 8 3 3 4 5 4 10 13 8 10 6 10 11 12 10 8 8 11 4 4 17 9 6 14
24 40 47 62 65 59 75 66 75 66 87 64 36 51 48 46 53 56 57 62 26 15 20 12 10 6 2 3 8 9 9 18 11 4 13 10 15 14 23 16 28 19 29 30 37 36 28 26 20 25 35 61 63 61 62 32 41 36 18 24 14 3 4 5 7 6 12 7 6 6 7 6 6 11 18 18 27 17 28 15 16 24 14 23 15 36 23 11 16 16 8 9 16 14 9 19
54 62 72 60 75 69 78 63 66 50 66 12 22 18 25 41 44 32 30 50 28 12 5 4 6 9 8 6 11 4 28 33 27 16 23 25 24 18 22 22 23 27 28 29 45 33 43 29 15 50 44 45 57 42 32 30 60 38 30 47 37 25 25 25 24 24 39 27 21 18 20 21 31 31 31 20 33 32 32 31 29 31 27 27 40 33 25 19 20 11 19 12 22 13 28 27
10 20 36 36 62 59 70 63 30 5 3 4 10 7 7 9 10 21 37 50 28 7 8 13 7 7 25 16 26 18 26 27 26 21 20 39 31 15 34 27 25 38 38 37 30 29 39 31 26 36 46 40 52 60 42 45 41 29 37 41 37 40 38 44 43 38 51 43 37 22 35 34 32 33 48 34 35 48 35 46 47 32 37 35 60 33 30 26 27 23 23 17 32 32 33 45
9 6 4 5 4 5 17 18 16 5 4 5 11 12 5 3 2 5 22 27 13 7 28 7 16 24 32 23 34 22 20 17 32 21 13 27 25 12 26 31 24 39 25 24 25 29 47 34 21 27 43 41 22 70 43 56 29 33 41 33 49 36 34 35 37 27 54 40 25 36 36 35 47 34 48 35 35 52 50 50 37 35 49 42 49 37 31 31 29 29 29 25 56 43 34 33
18 30 24 10 9 8 2 5 8 3 7 10 9 5 2 4 1 10 8 13 19 32 35 15 31 25 30 26 18 7 2 7 20 17 13 19 11 14 22 31 35 19 24 21 21 39 31 20 31 30 44 53 30 64 56 24 53 48 41 27 40 33 49 47 35 42 39 38 37 24 35 49 49 36 48 48 38 55 39 48 38 51 53 65 52 35 19 42 33 34 42 46 53 25 53 34
22 18 18 11 6 5 6 5 11 13 16 19 14 5 5 12 13 16 20 28 52 48 43 25 26 17 16 22 21 17 10 6 17 13 14 12 9 14 16 23 10 7 23 28 20 57 28 28 42 22 53 24 54 55 26 35 58 46 26 38 27 42 45 34 22 41 40 39 23 38 57 61 54 37 49 53 52 58 40 37 43 54 54 50 42 27 24 47 40 26 55 56 54 27 17 58
10 17 20 15 17 9 17 14 19 20 26 35 26 20 16 24 15 22 35 39 48 31 16 24 29 15 8 12 20 18 11 7 11 15 7 17 10 26 16 11 15 10 26 15 12 57 33 36 26 20 32 51 38 28 25 22 39 57 26 40 38 50 44 23 49 45 51 38 19 40 51 72 56 42 48 56 57 45 37 29 47 72 65 57 54 27 48 69 51 25 45 68 66 35 20 56
18 27 13 15 8 15 23 18 15 25 26 28 27 25 29 26 25 33 33 33 38 27 24 24 17 10 10 17 13 16 6 12 6 4 15 16 14 12 14 9 10 6 23 8 6 35 35 33 18 24 29 15 41 7 5 4 14 39 17 43 54 40 38 58 46 45 30 15 24 55 59 78 63 44 49 66 75 50 49 27 52 75 54 40 39 33 54 71 51 34 27 76 81 56 35 48
7 16 12 17 13 22 21 19 17 16 29 25 21 20 41 18 23 32 26 24 33 28 14 23 12 13 15 14 10 19 6 13 6 5 6 14 6 8 5 10 8 10 14 9 19 18 40 25 8 15 23 14 17 9 8 5 8 15 9 45 53 44 48 60 24 41 16 15 24 57 67 72 68 49 53 68 80 40 49 24 58 84 59 31 27 35 57 73 54 38 30 65 76 65 24 47
5 7 20 14 9 13 19 10 9 10 22 19 15 23 18 17 11 23 29 15 14 18 23 16 9 9 8 6 5 29 6 10 5 6 5 10 9 6 4 7 5 11 9 7 13 11 18 5 7 5 8 25 14 12 8 7 18 9 12 34 26 36 67 34 43 39 25 28 38 44 67 65 68 38 45 67 53 32 55 28 44 73 60 45 29 34 59 72 52 42 31 47 70 48 32 47
1 2 4 4 2 2 6 6 5 7 7 9 9 16 13 12 13 11 16 14 10 5 8 13 10 6 9 6 3 5 10 12 4 3 4 8 4 2 3 5 4 9 7 5 6 7 6 4 3 3 3 9 3 3 5 6 13 5 11 17 15 32 18 28 60 25 25 31 49 36 50 71 45 23 41 63 49 29 59 30 42 66 41 35 36 26 28 70 68 40 25 46 67 44 26 44
0 1 1 1 1 1 2 3 2 5 4 7 8 8 7 11 8 7 8 11 5 3 2 9 8 4 7 2 2 6 5 6 2 2 4 2 2 3 3 5 6 2 4 8 6 3 1 5 2 1 1 3 1 2 2 5 7 12 11 6 6 5 13 50 17 24 38 19 31 30 23 47 21 16 30 51 28 29 45 17 47 54 33 33 33 39 16 29 70 33 25 37 62 50 35 28
0 0 0 0 1 0 1 1 1 2 2 5 4 4 5 6 5 5 4 5 6 2 8 4 6 4 3 3 1 2 4 5 0 1 2 3 1 1 1 2 6 2 3 2 1 1 1 0 1 2 1 2 2 1 2 3 8 8 6 18 13 5 19 16 24 33 13 15 17 26 11 33 10 9 14 34 15 32 36 13 27 32 16 40 39 43 21 22 64 40 20 36 43 24 29 22
0 0 0 0 1 0 1 1 1 1 2 4 3 2 2 4 4 7 4 1 2 1 9 1 3 3 2 2 1 1 1 2 0 0 2 0 0 0 2 0 2 1 1 1 1 1 1 7 10 21 11 8 10 6 2 4 6 4 6 9 7 6 11 4 21 8 9 10 12 22 5 13 7 11 5 15 8 22 18 12 29 17 13 22 36 15 24 17 33 20 26 18 44 42 49 36
0 0 0 0 0 0 0 0 0 1 1 2 1 2 1 3 1 3 4 1 1 2 3 1 2 2 2 2 0 0 0 0 1 1 0 0 1 1 1 1 1 1 2 4 2 15 6 25 7 10 4 4 11 18 22 12 11 2 2 10 4 6 2 3 8 4 5 6 8 14 14 11 10 9 6 16 6 19 6 6 29 7 26 23 36 17 20 17 18 30 28 39 44 57 66 82
0 0 0 0 0 0 0 0 0 0 0 0 0 1 1 1 1 2 2 2 1 2 1 3 1 1 1 1 1 1 0 0 0 0 3 6 2 2 7 19 7 6 5 20 7 5 26 24 5 16 9 6 9 25 17 9 20 16 11 24 10 24 18 7 3 6 9 9 7 10 18 20 11 38 45 34 42 60 47 23 26 40 46 44 14 69 66 49 35 16 26 22 33 64 43 53
0 0 0 0 0 1 0 0 0 0 0 0 0 1 1 1 1 1 1 1 1 1 1 2 1 0 0 0 0 0 0 0 1 0 0 2 5 1 2 8 9 12 6 17 30 6 9 13 18 20 24 5 8 30 34 8 43 26 45 34 12 23 13 13 8 15 9 25 35 4 5 31 32 13 32 45 26 45 27 61 21 41 65 47 25 68 58 46 75 66 50 22 37 53 33 23
0 0 0 0 0 0 0 0 0 0 0 0 1 1 0 1 0 1 0 0 1 0 1 1 1 0 0 0 0 1 0 0 0 0 0 1 1 1 1 4 7 3 13 29 19 4 7 8 10 18 24 6 9 23 18 33 21 15 24 34 12 4 7 25 23 29 26 25 26 35 5 27 47 12 35 55 10 6 11 72 60 34 32 38 53 63 62 70 82 70 36 62 23 20 54 66
0 0 0 0 0 0 0 0 0 0 0 0 0 0 0 1 0 1 0 0 0 1 1 0 0 0 0 0 0 0 0 0 0 0 0 0 1 3 1 6 3 11 6 6 33 17 8 6 12 14 23 25 11 39 38 69 18 41 64 62 38 4 17 20 21 49 41 55 27 56 15 12 46 20 36 61 25 15 12 62 48 58 8 9 19 60 70 63 78 60 21 67 41 30 48 59
0 0 0 0 0 0 0 0 0 0 0 0 0 0 0 1 0 0 0 0 0 0 0 0 0 0 0 0 0 0 0 0 0 0 0 1 1 1 6 30 7 17 9 24 24 32 11 13 33 25 65 67 28 44 76 84 40 70 75 59 46 13 45 49 26 23 18 15 42 71 24 13 33 13 44 53 77 26 35 79 47 68 58 19 18 36 59 54 53 36 62 86 43 28 16 17
0 0 0 0 0 0 0 0 0 0 0 0 0 0 0 0 0 0 0 0 0 0 0 0 0 0 0 0 0 1 1 1 0 1 2 3 2 4 20 16 15 4 6 34 41 19 9 11 21 34 63 52 53 25 63 85 51 60 69 59 67 53 59 72 20 24 37 18 50 65 56 31 9 20 69 67 72 64 29 82 33 60 75 42 24 21 52 42 43 18 75 87 65 42 45 18
0 0 0 0 0 0 0 0 0 0 0 0 0 0 0 0 0 0 0 0 0 0 0 0 0 0 0 1 2 0 0 0 1 2 2 2 2 5 11 11 31 11 33 9 62 15 21 18 10 26 58 55 31 12 14 46 56 72 78 73 86 67 71 69 63 35 41 33 48 52 77 49 21 18 51 69 79 78 46 60 60 58 67 79 42 26 16 17 15 30 72 55 78 48 45 29
0 0 0 0 0 0 0 0 0 0 0 0 0 0 0 0 0 0 0 0 0 0 0 0 0 0 0 0 1 0 0 1 1 1 5 4 3 2 1 7 7 5 1 1 12 12 48 39 13 8 24 9 17 7 6 10 12 48 55 52 63 67 63 59 84 38 39 35 9 68 90 39 25 17 62 49 49 60 29 44 49 21 68 82 67 41 11 13 14 22 14 39 81 47 30 38
0 0 0 0 0 0 0 0 0 0 0 0 0 0 0 0 0 0 0 0 0 0 0 0 0 2 0 0 0 0 1 1 3 4 4 5 4 7 3 2 3 9 4 2 4 7 15 25 28 9 11 8 18 9 11 22 17 9 17 35 33 16 28 62 89 64 29 36 46 75 88 51 19 9 21 32 54 41 55 62 49 14 51 70 81 33 21 10 34 40 22 41 89 63 56 59
0 0 0 0 0 0 0 0 0 0 0 0 0 0 0 0 0 0 0 0 0 0 0 0 1 1 2 0 0 1 1 1 3 6 3 1 7 8 3 3 4 16 9 5 8 8 9 9 11 6 11 31 37 33 24 24 16 12 10 8 2 1 9 74 75 71 45 23 28 69 81 76 61 22 13 33 49 39 41 27 51 38 24 75 78 63 28 18 41 31 54 83 84 84 68 63
0 0 0 0 0 0 0 0 0 0 0 0 0 0 0 0 0 0 0 0 0 0 0 0 1 1 1 1 1 2 1 1 4 3 5 8 6 14 6 12 7 14 17 9 4 17 10 15 12 5 10 46 57 63 55 46 33 28 25 22 25 21 22 44 45 59 50 20 9 44 40 77 78 34 15 44 55 39 26 45 70 36 23 23 77 80 32 18 51 59 55 76 52 79 50 32
0 0 0 0 0 0 0 0 0 0 0 0 1 0 0 0 0 0 0 0 0 0 0 0 0 0 1 2 1 2 1 1 1 1 8 12 4 5 13 28 18 20 16 11 3 7 29 23 17 11 10 31 73 76 71 70 58 56 46 46 75 77 81 71 57 54 42 27 11 7 34 50 83 63 58 20 40 48 28 6 21 34 38 52 71 77 52 32 18 39 41 35 79 78 88 60
0 0 0 0 1 0 1 0 0 0 0 0 0 1 0 0 0 0 0 0 0 0 0 0 0 0 1 1 1 1 0 2 6 4 12 10 8 17 34 15 35 28 12 18 22 21 33 37 25 19 12 19 46 72 69 77 80 76 54 42 32 48 59 66 77 73 74 62 38 3 10 50 59 67 56 50 33 17 22 21 54 48 24 33 31 72 71 31 16 25 32 37 30 72 60 75
1 0 0 0 0 0 1 0 0 1 0 0 0 0 0 0 0 0 0 0 0 0 0 0 1 0 1 1 1 2 2 14 8 4 6 14 10 12 10 4 9 43 55 31 50 35 28 27 29 31 30 16 12 17 58 59 56 76 77 68 61 55 39 46 53 72 77 76 72 62 42 65 56 76 45 44 34 24 35 26 23 28 18 49 37 74 79 28 13 38 45 31 33 33 61 77
0 1 0 0 0 1 2 1 0 0 0 0 0 0 0 0 0 0 0 0 0 0 0 0 0 0 0 0 1 1 0 1 1 5 5 7 9 12 16 17 10 4 13 60 63 74 62 44 38 18 28 31 25 15 26 43 38 31 50 56 60 70 71 60 36 40 70 78 77 62 65 81 63 83 71 52 46 48 29 17 19 39 19 30 43 31 68 40 13 26 43 42 19 13 55 78
0 0 5 1 0 0 0 1 1 1 1 0 0 0 0 0 0 0 0 0 0 0 0 0 0 0 1 2 1 1 2 4 3 4 5 15 18 19 20 24 29 23 12 9 11 59 68 61 40 28 21 32 27 17 7 7 7 9 8 11 20 41 38 50 54 31 31 47 47 41 67 67 66 64 62 64 69 63 39 44 41 36 19 20 57 65 46 53 20 8 33 40 23 42 80 39
0 0 1 1 0 0 0 0 3 8 5 5 0 0 0 0 0 1 0 0 0 0 0 0 1 0 1 2 1 1 2 3 2 3 5 8 9 17 17 18 25 21 37 35 35 22 14 10 36 39 47 16 16 11 16 24 23 24 24 21 22 9 7 10 13 10 9 7 9 28 40 57 51 47 39 33 32 59 51 43 35 21 46 40 42 56 46 62 42 14 10 31 50 80 49 71
1 0 1 6 2 0 0 0 0 5 1 0 0 0 0 0 0 0 0 0 0 0 0 0 0 0 0 0 0 0 0 1 1 2 3 4 9 17 12 21 27 32 33 38 41 31 28 28 20 11 11 9 12 27 30 40 40 42 41 53 24 8 7 23 24 38 20 24 7 5 15 36 30 20 19 21 25 34 42 58 54 23 19 23 25 28 42 55 61 22 10 25 85 61 51 62
1 1 1 2 2 2 4 0 0 0 0 0 0 0 0 2 0 0 0 0 0 0 0 0 0 0 0 0 0 0 0 1 1 2 3 4 5 9 9 19 23 21 20 21 28 23 21 31 26 24 30 32 34 46 42 40 54 58 59 54 31 25 27 41 37 30 37 20 8 10 11 3 3 3 5 4 11 11 5 10 19 14 14 9 11 11 31 43 38 24 10 60 68 43 67 64
2 2 1 0 2 2 8 6 2 1 1 0 0 0 1 0 3 2 1 0 1 1 0 0 0 0 0 0 0 0 0 1 2 1 0 1 6 9 5 5 12 20 16 12 20 18 24 28 33 31 37 24 26 40 50 50 52 57 67 59 38 35 46 44 53 56 58 47 26 24 8 4 2 5 6 13 33 23 14 13 9 8 5 6 5 7 12 21 43 41 17 71 29 19 55 71
2 2 3 4 3 7 2 1 2 4 1 2 0 1 1 4 7 3 1 1 2 0 0 0 0 0 0 0 0 0 1 0 0 0 1 1 4 9 11 11 16 16 26 19 25 24 26 28 33 19 46 37 32 28 44 48 69 69 70 55 27 49 44 58 58 74 66 61 50 29 21 21 21 28 31 43 53 40 25 24 38 42 24 11 14 8 3 7 16 49 32 62 21 21 62 85
3 4 1 1 4 3 12 10 3 3 3 7 4 1 3 13 13 4 1 3 0 3 0 0 0 0 0 0 0 0 0 0 0 1 1 1 2 5 9 10 14 13 13 18 20 23 27 41 32 24 34 46 29 30 47 57 69 59 48 40 39 47 57 57 57 77 72 62 53 30 43 44 43 49 47 47 60 46 44 44 45 44 28 41 39 20 17 4 7 24 21 24 23 14 35 58
5 6 5 2 10 15 15 10 26 9 4 2 1 7 13 7 5 2 1 11 1 5 0 0 0 0 0 0 1 0 0 0 0 1 1 2 2 5 4 8 15 13 6 14 17 16 29 37 29 17 15 38 34 26 41 58 60 47 32 25 28 57 52 55 74 72 63 59 34 28 44 43 46 58 52 64 63 65 48 50 61 52 53 64 54 47 27 7 4 17 14 25 16 7 20 37
4 1 5 3 1 15 8 4 8 19 19 10 1 4 16 9 1 1 5 11 1 10 0 0 1 1 0 0 1 3 0 0 0 0 1 1 0 1 2 2 9 7 9 11 12 8 29 13 26 11 31 24 23 16 38 58 39 37 21 32 32 44 42 59 72 66 60 61 32 49 59 60 41 58 67 62 64 56 48 58 66 63 57 68 40 30 13 10 6 3 5 14 14 4 13 9
4 4 3 6 2 4 22 30 35 16 5 5 1 7 7 12 3 6 22 7 2 9 1 0 0 1 1 1 1 0 1 2 0 0 0 0 0 1 1 2 4 4 4 9 5 8 9 9 3 4 33 8 15 11 39 19 19 29 16 21 22 31 47 64 48 62 53 41 32 48 59 59 37 62 56 66 70 57 48 57 73 60 66 45 27 33 27 33 25 7 2 2 7 6 5 6
9 4 6 6 7 6 13 24 22 21 26 8 17 3 1 1 8 41 28 6 9 8 1 2 2 1 0 1 1 1 1 0 0 0 0 0 0 0 0 2 1 2 4 5 2 3 3 3 5 7 4 3 9 19 7 15 13 10 13 12 12 24 52 45 48 39 28 32 47 57 56 56 47 59 38 50 58 34 46 55 74 45 31 35 44 51 64 45 32 13 8 2 1 3 3 2
7 8 7 7 24 13 32 61 20 18 15 20 22 27 2 0 2 4 2 1 4 13 4 1 1 1 1 1 1 1 0 0 0 0 0 0 0 0 1 1 1 1 3 1 1 1 1 3 1 1 1 2 4 8 5 6 3 5 13 14 9 37 36 35 37 44 31 28 35 53 48 36 40 56 37 20 65 39 43 69 42 45 41 46 75 80 63 42 37 25 11 9 6 1 2 2
