sesion_6_simulaciones/modelos_agentes/ejemplos_netlogo/scenarios/echam4_b2/rob_2059.asc
NCOLS 322 
NROWS 307 
XLLCORNER 451900 
YLLCORNER 4086900 
CELLSIZE 100 
NODATA_value -9999 
[rows 222 to 295 of 307, columns 96 to 191 of 322]
4 2 2 1 1 1 0 0 0 0 0 0 0 0 0 0 0 0 0 0 0 0 0 0 0 1 2 6 2 1 1 3 3 5 1 1 0 0 0 0 0 1 1 4 5 7 13 27 33 37 40 40 44 49 44 46 46 54 68 65 69 76 43 58 25 36 32 30 33 29 19 20 13 16 26 26 29 11 10 8 23 22 20 18 20 11 32 50 60 38 34 39 27 19 24 15
3 1 1 1 0 0 0 0 0 0 0 0 0 0 0 0 0 0 0 0 0 0 0 0 1 1 1 2 10 3 2 5 9 2 1 0 0 0 0 0 0 1 2 3 4 6 10 17 25 27 36 26 34 41 50 68 72 45 26 31 35 37 28 32 58 13 16 18 37 31 21 35 13 17 30 23 24 9 15 22 26 66 33 27 22 23 18 19 51 76 60 56 54 33 26 24
1 1 0 0 0 0 0 0 0 0 0 0 0 0 0 0 0 0 0 0 0 0 0 1 2 1 1 2 8 6 5 7 3 1 0 0 0 0 0 0 0 1 2 2 3 5 7 11 20 27 27 33 50 31 50 71 37 29 27 25 9 30 28 26 19 34 8 26 31 24 37 34 9 15 15 20 14 12 19 30 20 18 45 47 24 29 34 19 17 54 84 67 63 43 46 37
1 1 0 0 0 0 0 0 0 0 0 0 0 0 0 0 0 0 1 1 2 1 1 1 2 4 1 4 7 21 12 4 1 1 1 0 0 0 0 0 0 1 1 2 3 5 7 8 17 21 24 28 45 43 26 21 24 23 20 15 39 58 31 29 38 72 49 23 25 23 40 34 19 16 24 28 18 17 21 35 33 18 6 20 53 58 33 33 30 27 68 67 58 52 36 27
2 1 0 0 0 0 0 0 0 0 0 0 0 0 0 0 0 0 1 2 4 2 2 1 2 6 8 4 11 15 4 2 1 0 0 0 0 0 0 0 0 1 1 1 2 5 8 13 15 17 30 40 39 33 32 30 41 31 21 28 13 21 44 37 38 80 43 44 14 31 24 28 22 11 28 32 22 10 19 56 26 26 39 28 30 18 22 40 38 48 29 38 51 35 19 22
1 1 0 0 0 0 0 0 0 0 0 0 0 0 0 0 0 0 0 1 1 4 2 3 3 4 14 18 14 8 2 1 1 1 1 0 0 0 0 0 0 1 2 2 4 6 8 11 14 16 22 21 17 26 26 32 50 41 37 19 21 31 29 39 62 39 30 44 58 27 15 26 32 7 9 16 15 19 39 15 67 53 72 46 67 37 54 47 35 27 26 44 35 25 15 9
1 1 0 0 0 0 0 0 0 0 0 0 0 0 0 0 0 1 0 1 1 1 5 13 3 5 12 22 15 4 5 3 2 1 1 0 0 0 0 0 0 1 1 2 2 5 6 9 17 17 25 26 29 32 26 39 46 70 39 32 21 41 54 73 50 39 38 38 19 26 32 12 12 7 8 15 21 17 60 40 17 15 32 60 45 50 43 45 30 35 32 23 18 23 19 24
1 1 0 0 0 0 0 0 0 0 0 0 0 0 0 0 0 1 2 1 1 1 1 8 5 7 9 36 21 10 14 8 2 2 1 0 0 0 0 1 0 1 2 3 3 3 3 5 13 17 18 20 24 20 40 45 30 26 20 35 22 19 25 37 24 10 18 26 14 17 6 16 13 10 15 6 7 31 19 30 23 19 25 41 24 28 40 51 30 36 20 12 17 11 12 14
1 1 0 0 0 0 0 0 0 0 0 0 0 0 0 0 0 1 2 3 6 6 2 3 17 4 6 20 37 40 14 8 4 2 1 0 0 0 1 1 2 1 1 3 4 4 6 6 7 9 10 11 16 22 32 19 21 20 22 22 23 22 23 28 28 37 38 42 25 21 26 27 13 7 11 15 4 26 19 29 35 34 31 57 38 19 29 22 21 27 16 10 7 13 13 9
1 1 0 0 0 0 0 0 0 0 0 0 0 0 0 0 0 1 2 3 6 7 7 7 8 13 8 11 38 35 17 8 4 2 1 0 0 1 1 2 3 3 5 3 4 6 6 7 9 10 13 15 16 17 10 13 10 10 9 10 9 8 9 29 38 36 18 33 31 25 19 12 10 6 6 13 15 14 25 52 40 39 44 50 39 36 21 23 19 22 21 14 9 8 11 6
1 0 0 0 0 0 0 0 0 0 0 0 0 0 0 0 1 1 3 6 7 5 3 7 24 15 8 11 27 33 23 15 3 2 1 0 0 1 1 1 3 4 6 11 8 8 5 12 19 24 31 25 14 11 9 13 10 12 21 22 15 22 17 14 11 13 17 16 18 25 32 35 30 6 6 7 24 20 34 35 30 37 43 40 37 61 48 31 25 16 12 8 11 7 7 4
1 1 0 0 1 0 0 0 0 0 0 0 0 0 0 0 1 1 2 4 7 12 3 7 9 21 21 23 37 38 26 13 5 1 1 0 0 1 2 1 2 4 6 7 11 21 13 6 14 25 34 44 29 16 18 21 35 34 36 46 36 31 26 17 23 40 21 18 15 21 36 42 36 25 11 26 44 18 48 28 62 59 41 54 41 37 45 43 54 25 12 8 8 4 2 2
3 1 1 1 0 0 0 0 0 0 0 0 0 0 0 0 0 1 2 3 7 9 6 4 9 12 39 32 23 19 14 9 3 1 0 0 1 1 2 2 4 6 7 9 10 13 16 31 16 19 25 28 27 37 30 38 39 41 57 45 28 28 36 25 17 13 21 29 12 15 7 7 6 3 17 5 15 56 31 26 10 26 65 55 40 43 59 35 45 21 26 12 5 6 4 4
5 2 2 1 0 0 0 0 0 0 0 1 1 1 0 0 0 1 1 5 10 11 13 5 6 15 19 42 21 11 8 4 1 0 0 1 1 2 3 4 5 7 7 10 13 18 19 24 31 23 30 29 36 54 32 33 41 40 39 45 40 51 42 39 27 14 22 26 35 18 14 10 11 6 39 12 7 11 18 18 11 5 58 68 52 54 63 67 43 36 31 23 17 21 7 2
4 3 2 0 0 0 0 0 0 0 1 1 1 1 1 0 0 1 1 3 5 11 27 12 6 17 18 45 26 13 4 2 1 1 0 2 2 2 4 5 6 8 8 13 17 21 37 28 34 49 39 48 44 42 43 34 37 37 60 47 47 43 32 47 48 22 14 17 20 14 31 15 6 11 14 21 15 32 36 23 25 18 13 52 53 64 76 62 38 26 14 16 15 5 4 5
14 5 1 1 0 0 0 0 0 0 1 1 2 3 1 0 1 2 1 2 9 15 12 22 5 10 18 32 24 17 11 6 3 1 1 2 2 2 5 6 6 9 10 18 27 28 48 43 32 24 55 72 76 48 46 20 33 32 55 41 62 45 31 26 27 22 9 19 11 33 8 9 7 11 5 6 10 16 22 21 20 19 22 24 48 36 21 47 39 23 20 9 6 6 5 3
6 2 1 1 0 0 0 0 1 1 1 1 4 4 3 2 1 2 2 4 8 12 17 26 14 15 25 41 33 24 17 8 4 1 1 2 5 3 5 7 9 10 13 27 31 42 49 50 50 39 40 56 61 56 45 19 30 36 22 45 58 48 13 48 12 24 19 14 9 18 9 3 6 11 13 15 20 32 44 41 50 26 28 27 27 18 32 30 22 24 12 7 6 5 3 2
2 1 0 0 0 0 0 0 1 1 1 1 3 7 8 3 1 3 6 12 12 7 23 43 29 23 36 41 28 36 20 7 4 2 1 3 5 4 4 6 13 13 18 26 33 45 50 53 53 56 45 56 68 65 48 19 27 36 42 34 41 41 10 28 26 21 25 10 14 10 5 7 10 8 7 8 10 20 34 14 36 45 49 28 34 24 20 25 18 9 8 10 9 7 6 2
1 1 0 0 0 0 0 1 1 2 3 2 4 8 10 7 2 4 6 26 21 7 19 40 38 15 11 68 56 27 18 10 5 2 1 4 7 7 5 12 15 23 19 28 38 37 53 57 59 67 47 60 65 47 48 16 25 31 33 45 35 29 27 23 23 23 17 16 10 6 7 7 8 10 9 8 11 27 30 22 25 29 59 58 37 47 41 22 10 8 6 4 6 5 3 2
1 1 0 0 0 0 1 1 1 4 7 5 4 7 17 15 5 3 9 17 26 16 20 36 54 20 22 66 39 38 29 14 6 1 1 5 7 4 12 10 18 29 24 34 35 38 65 60 62 62 61 52 43 51 72 31 16 34 46 30 18 15 14 31 25 18 14 20 8 4 4 4 10 11 15 15 22 50 44 38 33 34 42 42 45 54 38 31 22 14 8 8 7 3 2 1
1 1 1 0 0 0 1 2 2 3 7 7 5 10 22 20 7 4 21 18 19 27 24 44 61 62 53 65 54 43 27 12 4 1 2 5 7 9 9 20 14 27 37 31 25 35 56 64 65 58 60 63 55 52 77 47 39 11 24 51 32 25 13 13 8 19 19 15 4 4 2 10 9 8 11 12 23 55 47 39 56 26 26 27 33 34 43 39 17 13 11 8 7 4 4 1
2 1 1 0 0 1 1 3 3 4 9 16 12 15 19 32 10 6 17 20 24 32 33 47 66 77 53 70 37 30 29 10 3 2 2 2 5 20 12 15 25 22 35 33 36 54 57 51 63 64 60 58 66 77 73 65 28 12 32 40 45 23 14 15 11 8 4 4 4 3 10 11 4 19 7 14 13 33 35 39 36 38 61 39 26 22 14 15 16 13 9 7 5 3 2 1
3 1 1 1 0 1 2 3 6 10 13 12 25 12 27 35 14 17 10 34 42 38 32 50 63 58 44 32 21 22 13 8 2 1 2 3 8 16 21 14 18 34 14 54 38 45 58 46 49 69 65 41 64 69 61 65 48 18 12 14 20 30 18 11 8 3 1 1 2 4 19 8 9 18 76 57 38 35 37 42 56 60 45 56 44 46 29 24 21 13 9 4 2 2 1 0
2 0 0 1 1 1 3 5 5 13 16 18 32 14 28 39 19 31 15 25 53 49 62 44 69 57 32 28 16 14 12 4 1 1 4 3 4 9 19 21 32 23 23 29 62 41 41 51 62 73 64 48 43 38 46 63 64 20 12 14 23 16 12 9 4 5 2 1 6 12 5 11 33 46 53 72 42 59 44 59 68 57 42 21 32 25 31 26 14 12 9 3 2 1 0 0
1 0 1 2 2 3 4 7 9 9 18 25 43 27 34 46 23 32 41 22 30 50 36 77 56 59 28 23 20 8 3 2 3 3 6 8 8 5 8 6 11 22 34 61 43 45 57 57 52 56 66 65 33 31 24 27 48 31 18 7 13 5 4 2 2 1 2 5 4 6 6 5 14 36 15 47 78 74 66 67 76 53 34 33 33 15 14 12 16 12 2 2 2 2 1 0
1 0 1 4 7 4 6 9 13 15 20 27 34 47 28 54 24 25 49 40 40 59 35 63 69 38 20 15 4 4 6 8 7 4 8 8 8 9 7 17 16 20 30 48 69 49 37 48 44 58 53 51 53 43 24 17 19 30 16 9 10 7 6 4 4 1 1 4 5 6 10 13 20 17 16 17 42 53 65 50 36 34 31 31 22 16 16 11 7 4 3 1 1 1 2 1
1 0 2 7 9 6 7 10 9 16 24 31 35 43 44 68 30 29 48 51 46 61 82 58 39 42 34 20 11 8 13 11 10 5 3 8 7 11 16 17 20 27 32 43 47 64 44 37 47 49 53 41 47 50 29 15 8 19 15 8 5 5 5 4 3 3 2 6 4 5 12 14 51 37 31 25 19 12 38 49 45 22 20 17 22 17 7 3 2 1 1 1 1 2 3 2
2 1 2 8 10 11 7 16 11 21 41 33 35 36 70 66 36 37 38 51 50 65 79 32 49 44 24 20 24 22 26 29 14 11 5 10 9 14 25 13 22 38 49 51 42 55 42 61 44 56 47 68 36 20 20 12 23 6 3 22 4 3 7 6 2 1 3 12 5 5 13 35 65 45 33 28 25 25 22 33 40 29 18 20 22 17 7 5 4 2 1 1 3 3 3 3
2 1 2 9 12 13 8 21 21 25 45 37 55 49 52 61 67 47 54 40 58 53 82 71 47 31 33 35 28 37 40 37 16 9 6 3 13 23 13 26 32 36 57 66 68 51 63 23 12 22 49 23 31 23 28 14 4 3 3 3 6 1 5 2 1 2 11 3 4 7 5 10 7 18 29 24 25 30 24 23 27 17 22 21 26 25 15 17 6 4 1 3 4 4 6 5
2 2 3 12 16 22 8 22 30 31 29 39 32 62 63 37 33 71 51 49 43 64 71 49 42 38 39 40 47 69 38 20 11 11 12 5 8 10 34 32 36 44 50 70 47 66 52 41 28 42 40 7 36 37 28 8 10 6 4 1 6 1 2 2 1 1 3 12 10 3 12 32 27 38 37 32 25 32 35 44 34 30 29 26 24 29 29 9 7 2 2 5 5 5 8 2
2 5 6 13 19 28 13 13 21 37 43 49 29 27 47 69 34 25 72 68 38 58 71 51 58 31 59 77 61 36 25 21 19 12 8 3 6 6 17 27 32 61 63 46 32 45 42 53 52 51 32 24 37 42 39 28 14 3 3 2 4 2 1 1 1 1 4 3 2 3 11 17 22 27 38 43 30 31 24 33 19 14 18 40 37 35 18 9 3 3 6 6 6 11 11 3
3 9 13 16 22 19 25 23 23 17 28 52 23 20 43 59 60 50 15 36 44 61 51 44 40 65 50 33 39 27 28 31 23 9 11 5 11 15 22 23 17 39 43 30 38 41 42 33 51 44 43 33 53 42 24 15 4 7 1 2 2 3 0 1 1 1 1 4 8 9 7 20 33 31 33 43 28 28 19 33 42 32 49 37 34 21 22 10 4 6 7 7 13 12 11 5
5 11 16 15 24 36 31 42 36 28 20 35 62 26 50 44 48 64 44 20 34 65 23 46 75 38 38 43 44 45 34 18 8 11 14 9 11 19 24 22 27 43 35 24 39 46 24 17 36 36 17 12 20 17 14 5 7 3 5 1 1 2 0 1 4 5 3 6 13 8 20 27 41 49 52 56 43 30 36 38 47 39 50 33 32 29 13 7 5 8 8 8 16 25 6 5
8 13 18 9 14 47 54 40 36 32 50 34 41 64 37 40 49 22 64 32 33 36 73 55 45 52 56 58 55 50 31 15 10 11 22 9 11 20 33 40 38 45 50 44 42 27 31 34 20 17 17 12 11 13 8 8 5 3 3 3 1 0 1 5 7 2 4 5 13 9 26 23 28 49 57 43 35 46 39 41 49 47 34 38 30 17 5 6 10 9 14 16 20 21 9 5
12 23 21 14 19 37 38 55 58 34 47 51 47 51 63 37 51 27 22 50 23 26 68 63 59 54 50 57 56 34 31 26 19 7 14 5 9 13 25 45 48 49 32 45 36 42 31 27 28 29 22 13 14 14 13 8 3 2 2 2 1 1 2 1 1 5 6 12 5 8 22 22 33 28 41 65 36 37 22 21 24 28 42 35 26 16 10 7 11 12 17 12 39 15 12 9
12 17 27 19 24 25 40 39 44 53 62 53 48 50 69 64 29 22 28 25 51 55 68 54 59 67 61 61 56 45 34 29 22 10 21 7 7 17 26 42 47 60 52 52 45 42 38 47 25 24 23 16 8 12 7 12 7 2 0 0 1 1 1 1 1 1 1 1 2 16 10 17 31 32 37 36 24 12 11 29 43 42 18 32 39 29 10 15 12 19 16 14 41 16 12 10
15 28 32 33 36 27 29 45 50 50 65 63 61 50 60 61 42 39 29 32 27 55 62 57 40 55 54 57 42 51 45 33 24 21 28 4 18 25 31 30 21 53 59 56 44 48 47 32 26 36 38 27 9 11 11 8 3 2 1 0 0 0 1 0 1 2 3 5 4 7 9 13 18 16 36 15 18 21 14 49 44 22 34 33 33 41 20 26 23 15 15 9 28 17 15 12
17 24 52 34 39 38 33 48 54 52 49 63 56 52 70 44 50 54 37 28 27 47 44 41 40 50 54 55 51 36 36 33 42 35 11 3 17 35 44 45 37 53 62 45 41 45 33 22 32 52 40 30 25 9 11 6 3 2 1 1 1 1 1 1 2 3 8 11 8 10 14 22 20 14 15 17 29 44 25 43 43 41 34 32 27 29 36 33 15 18 15 5 18 28 5 8
22 17 44 53 41 41 36 53 57 52 46 46 58 64 64 55 42 61 36 22 29 72 44 61 42 48 59 62 51 40 47 49 40 24 15 9 11 27 54 64 56 57 44 58 40 40 32 22 28 21 17 13 17 12 4 3 2 1 1 1 2 0 1 1 3 4 6 12 15 7 18 13 7 10 12 39 34 45 53 16 35 35 43 46 32 27 49 38 19 23 12 13 25 21 8 12
23 21 32 59 57 41 48 54 51 51 52 41 53 64 62 45 41 29 36 22 29 55 50 64 50 46 48 46 50 41 61 42 32 23 24 15 18 32 43 52 71 70 60 41 50 25 23 33 23 14 12 14 14 11 17 7 1 1 1 1 1 1 1 1 1 1 8 15 8 4 6 12 13 22 19 42 44 48 34 41 35 22 44 40 31 42 44 27 36 19 11 13 38 17 11 17
30 53 43 47 57 43 38 55 51 47 55 41 19 29 65 65 55 34 30 46 27 66 68 36 47 58 38 41 37 49 45 46 43 17 21 14 19 42 42 46 43 56 50 57 42 44 20 34 39 14 22 23 17 10 11 3 2 1 1 0 0 1 1 1 2 2 12 3 5 2 9 18 33 18 24 43 26 32 45 40 13 19 39 46 56 47 34 22 32 24 13 18 31 30 22 18
32 37 57 59 57 44 40 52 48 43 42 47 37 39 44 59 48 18 24 49 22 63 50 49 48 40 22 42 36 46 57 48 52 31 21 17 21 44 41 52 65 47 30 52 26 34 38 20 31 22 34 28 15 11 7 3 2 1 1 1 0 1 3 2 1 4 3 3 12 11 22 20 21 33 23 16 30 50 27 13 13 36 54 46 47 52 31 25 20 20 28 19 17 43 25 21
45 53 52 58 55 44 51 48 47 42 25 39 37 48 46 48 45 43 53 55 47 55 43 43 41 52 44 43 55 34 52 59 48 36 39 14 19 42 61 51 54 45 44 43 37 26 35 12 23 19 27 15 9 6 6 3 3 1 1 1 0 1 0 1 1 2 3 7 8 8 7 20 38 40 25 22 46 37 36 28 27 34 14 22 44 53 31 27 20 31 31 20 15 61 29 35
46 50 45 46 16 35 60 38 48 48 36 32 43 49 39 48 31 51 46 57 47 39 51 34 32 47 62 60 31 45 41 51 56 35 31 16 18 45 44 50 47 36 52 45 39 24 13 36 22 42 15 15 7 8 5 8 2 1 1 0 0 1 3 3 1 1 3 7 11 7 6 23 51 41 21 40 36 23 27 68 53 21 28 46 32 30 34 16 22 29 30 22 32 64 51 43
44 35 20 11 10 17 59 38 22 27 34 22 24 43 63 57 22 22 45 31 44 39 50 55 20 41 64 40 33 41 32 59 60 53 28 6 15 36 39 52 39 36 42 49 49 41 15 11 4 5 18 18 4 5 6 4 3 1 1 0 0 1 2 2 2 2 3 3 9 7 9 22 49 18 26 43 39 7 37 37 24 39 58 49 36 30 29 10 32 33 35 24 44 81 55 35
45 46 33 32 30 21 32 52 16 20 15 34 25 34 56 43 47 20 31 39 41 50 57 60 41 21 44 49 43 28 56 48 51 43 27 12 12 23 43 56 24 38 56 51 46 25 20 17 14 14 8 9 15 4 1 1 1 1 1 0 0 1 0 1 1 1 2 1 2 4 17 15 23 37 19 20 18 15 30 26 28 49 50 37 28 12 12 10 23 31 32 26 50 65 54 20
57 42 46 42 26 30 26 26 32 27 23 48 29 30 29 30 46 48 36 50 47 41 52 45 20 25 38 33 35 40 55 52 33 32 41 21 16 13 30 40 11 21 25 23 22 17 17 12 38 27 14 10 5 2 2 1 1 1 0 0 0 0 0 1 2 2 1 1 7 7 4 9 6 16 14 15 8 40 31 45 29 29 21 25 27 16 12 23 24 34 33 42 47 66 24 17
37 38 42 36 39 24 19 34 51 51 17 16 42 37 16 15 12 24 49 39 17 16 24 36 39 10 32 37 23 54 43 42 43 31 41 21 28 12 26 44 42 16 21 25 13 16 5 3 8 11 5 21 8 5 2 0 0 0 0 0 0 1 0 1 1 2 1 4 5 4 5 8 11 12 5 13 28 43 50 27 25 28 33 39 26 15 13 25 35 36 34 30 57 67 52 19
37 54 40 39 40 36 24 37 50 35 33 20 14 29 37 15 28 18 11 29 14 26 36 45 32 23 34 21 23 51 45 48 37 17 34 19 23 17 10 30 31 46 34 20 14 19 17 6 9 14 17 14 4 3 2 1 1 0 0 0 0 0 0 1 1 1 2 5 8 6 5 7 6 4 19 24 23 35 36 24 20 26 33 27 23 20 13 31 39 24 38 31 20 41 57 22
40 40 37 29 36 52 24 34 35 40 32 26 35 22 11 36 30 15 15 28 33 11 12 21 19 38 34 50 25 28 47 36 29 45 27 16 20 28 13 32 40 49 48 15 17 29 17 5 12 16 6 9 4 3 2 1 1 1 0 0 0 0 0 0 1 1 2 1 1 1 3 3 13 22 13 15 15 16 19 19 12 18 23 29 30 15 14 21 41 23 41 25 27 28 44 22
34 34 51 35 43 48 16 27 37 44 37 30 33 33 45 25 42 45 17 30 33 11 16 21 26 49 46 60 30 33 36 38 47 26 20 14 13 40 18 19 31 44 25 25 26 30 5 2 26 42 8 7 5 2 1 1 1 1 0 0 0 0 0 0 0 0 0 1 2 3 6 9 6 10 8 4 8 17 16 14 22 39 21 22 27 13 23 24 39 21 27 8 4 12 36 54
34 38 50 46 39 33 16 26 39 44 38 28 21 18 36 47 22 12 26 24 11 8 14 13 32 29 52 37 36 57 52 46 29 31 13 5 5 42 18 16 18 29 24 19 23 21 1 7 11 11 18 9 4 1 0 0 0 0 0 0 0 0 0 0 0 0 0 1 4 11 15 17 8 7 5 8 33 25 19 18 30 24 25 36 10 14 25 34 26 19 8 6 14 20 20 36
38 21 24 46 34 42 30 12 35 36 39 26 29 17 27 18 35 12 12 12 6 10 16 17 16 34 26 45 52 63 46 48 40 37 30 4 22 36 14 16 24 12 18 21 19 13 3 8 6 7 10 4 6 3 2 1 0 0 0 0 0 0 0 0 0 0 1 3 3 3 7 4 3 4 11 18 25 22 14 37 33 30 34 14 12 27 48 22 8 6 10 23 16 44 29 29
32 9 26 41 47 37 37 21 13 27 35 17 23 22 32 29 19 13 14 12 4 11 38 19 22 24 14 25 34 40 43 48 32 20 25 12 23 17 24 15 26 21 19 23 28 18 9 6 5 6 5 7 3 3 2 1 0 0 1 1 0 0 0 0 0 1 1 2 2 1 4 8 6 15 14 19 25 27 25 38 30 19 12 9 27 40 13 6 7 13 15 34 33 35 38 28
29 13 14 10 32 39 46 23 4 13 28 16 24 17 46 32 16 4 7 10 4 13 20 18 14 6 23 34 36 34 42 32 38 31 18 15 16 11 17 11 4 20 15 25 24 23 24 31 19 14 9 14 5 2 1 0 1 0 0 1 1 0 0 0 1 1 0 1 1 1 2 8 16 26 14 9 35 37 22 19 13 21 6 19 27 13 3 13 14 21 24 28 29 41 39 29
38 23 27 7 35 46 42 21 6 3 5 19 27 13 19 25 9 10 11 13 8 4 13 16 11 10 25 37 34 29 26 24 35 27 24 23 27 9 21 13 6 8 13 16 22 15 9 7 6 6 3 6 2 1 1 2 2 0 0 0 0 0 0 0 1 1 1 1 1 1 2 7 14 18 18 17 36 39 27 25 16 8 17 24 14 4 9 24 20 20 25 21 29 26 27 26
46 18 30 8 15 34 23 11 7 6 7 9 13 32 23 18 11 6 5 12 6 11 16 10 12 21 14 25 34 31 22 28 22 14 25 26 18 14 12 21 12 8 12 10 14 14 19 11 7 11 14 6 2 1 0 1 2 1 0 0 0 0 0 0 0 0 0 1 1 1 2 6 11 17 14 12 18 18 34 14 10 9 20 7 9 25 23 20 22 20 20 18 14 12 15 28
36 17 26 13 9 37 25 24 15 15 9 10 16 21 28 27 28 12 5 6 4 5 7 13 19 17 29 41 36 21 22 26 15 12 44 25 15 17 13 6 5 9 9 18 14 16 20 10 14 9 9 3 4 2 0 1 4 1 0 0 0 0 0 0 0 1 0 1 1 1 2 5 11 13 18 6 13 29 25 31 27 15 6 9 11 15 13 30 28 17 21 19 15 9 13 5
26 18 28 19 13 21 11 27 11 11 13 9 14 12 9 11 13 11 7 6 6 3 4 15 14 20 19 21 30 23 24 24 22 12 34 22 20 13 27 8 18 18 6 10 19 25 25 15 12 15 5 3 5 1 1 2 2 1 0 0 0 0 0 0 0 0 2 1 0 1 2 2 3 7 8 8 20 38 62 32 16 9 3 9 5 31 20 19 21 24 39 36 13 11 16 4
37 17 25 19 10 9 6 17 21 14 13 14 11 11 7 12 9 7 2 3 4 2 6 10 15 10 20 30 24 22 19 20 16 24 34 20 29 44 15 9 11 11 12 10 26 12 17 14 11 8 11 7 3 2 3 2 3 1 0 0 0 0 0 0 0 0 2 1 1 1 2 2 5 8 5 29 30 30 38 29 13 3 7 17 13 18 26 14 21 29 27 31 12 9 11 4
39 18 37 19 8 8 17 10 31 11 21 17 8 5 7 5 4 6 3 3 1 4 4 4 6 8 19 23 14 20 20 9 15 23 16 37 18 43 23 11 20 8 19 11 21 28 18 15 9 11 10 4 2 4 3 2 1 1 0 1 0 0 0 0 0 1 1 1 1 2 1 1 4 6 21 24 12 22 20 29 13 8 10 19 36 20 17 27 24 22 19 15 11 8 7 3
35 16 39 21 6 5 37 17 17 11 13 19 7 8 6 5 4 6 4 3 1 1 1 1 3 5 23 30 28 17 10 9 16 31 23 13 22 21 18 11 19 5 16 5 12 21 26 16 11 15 5 9 2 2 3 3 2 1 1 1 0 0 0 0 0 0 0 1 2 1 1 3 8 18 16 9 10 45 27 17 13 8 19 12 32 31 16 23 20 21 16 9 14 7 5 2
41 14 28 11 6 9 16 16 12 30 22 10 11 6 6 5 6 5 5 4 1 1 2 5 9 12 13 17 21 13 7 7 25 18 24 19 36 16 12 11 18 4 14 10 12 19 29 18 10 11 11 8 2 1 2 2 1 0 0 0 0 0 0 0 0 0 0 1 1 1 1 3 6 5 12 8 11 35 22 5 5 11 25 22 21 26 9 15 30 28 12 7 14 3 5 4
42 15 32 11 6 9 9 31 13 27 34 22 8 4 3 4 11 5 1 3 0 1 2 4 2 4 5 14 9 7 11 8 42 28 26 25 24 11 7 24 12 8 9 30 27 18 19 14 18 14 7 4 4 2 2 1 2 1 0 0 0 0 0 0 0 0 0 0 1 1 1 1 4 4 12 12 21 28 26 7 4 18 26 26 24 20 6 12 19 20 6 6 5 7 7 6
48 32 9 15 8 6 18 28 16 9 24 17 14 2 6 10 5 4 2 2 1 1 1 1 2 3 10 8 12 10 10 15 6 12 6 15 13 8 5 21 9 7 2 12 49 19 12 17 16 11 8 4 3 2 4 3 2 1 0 0 0 0 0 0 0 0 0 0 1 0 2 2 4 4 12 22 17 22 19 11 8 23 16 13 18 10 14 13 8 8 14 6 5 10 6 4
29 13 8 12 8 6 30 23 25 7 4 10 16 2 4 3 2 3 2 2 0 0 1 3 4 4 3 12 12 5 27 8 13 11 17 15 10 12 6 16 6 13 5 8 32 35 15 13 14 11 8 6 3 3 1 1 1 0 0 0 0 0 0 0 0 0 0 0 1 1 4 7 9 11 21 45 5 30 17 14 12 11 15 7 11 7 14 26 11 5 11 6 4 5 6 4
26 11 5 14 10 8 16 2 10 18 3 4 12 6 1 2 2 2 1 1 1 2 3 2 3 4 5 13 8 7 10 14 21 39 22 13 26 11 12 19 7 7 9 11 22 19 10 30 9 7 4 5 5 2 1 1 1 1 0 0 0 0 0 0 0 0 0 0 0 1 2 4 11 27 22 10 14 28 21 8 6 9 24 6 12 13 15 9 14 6 4 7 8 5 2 4
27 4 9 12 7 7 12 2 2 2 7 14 5 9 2 2 1 1 1 1 1 1 1 2 2 2 3 7 7 18 7 10 22 13 7 23 10 7 17 10 15 17 14 14 21 17 9 9 13 4 2 2 3 4 1 1 1 0 0 0 0 0 0 0 0 0 0 0 1 1 2 5 10 7 15 10 19 12 7 4 5 17 17 16 8 10 11 7 6 6 8 3 3 6 1 1
31 5 7 13 6 12 14 5 2 2 7 11 13 8 2 1 1 1 2 0 0 0 1 3 1 1 3 11 7 6 5 16 6 10 28 7 6 11 17 9 16 13 12 23 26 25 13 5 4 6 2 2 3 3 2 1 1 0 0 0 0 0 0 0 0 0 0 0 1 2 3 12 12 7 4 10 22 6 7 6 7 13 17 14 7 9 7 7 2 10 5 6 3 2 1 0
15 5 5 14 4 10 18 10 4 3 2 8 4 4 6 1 1 1 1 1 1 1 0 1 0 1 5 7 10 2 12 4 4 20 17 7 10 14 23 15 3 21 18 20 30 21 10 2 4 7 5 1 1 1 1 2 0 0 0 0 0 0 0 0 0 1 2 1 1 1 5 12 11 6 3 13 14 9 7 6 6 10 11 12 7 7 2 6 4 6 5 1 3 1 1 2
8 4 4 11 3 8 11 4 2 3 4 3 2 1 2 2 0 1 1 0 0 0 0 0 0 1 13 4 4 3 15 8 3 24 11 6 11 28 19 11 7 19 20 27 8 18 8 5 2 2 3 3 1 1 1 2 0 0 0 0 0 0 0 0 0 1 1 2 3 4 8 18 12 3 4 13 9 4 4 4 7 6 11 5 7 5 2 3 4 3 4 1 1 3 2 1
16 4 8 4 2 12 5 2 3 2 6 2 3 2 1 1 0 0 0 0 1 1 1 0 0 1 5 2 1 5 4 4 8 12 12 4 8 27 29 10 7 14 12 23 18 13 4 4 3 1 1 1 1 1 0 0 0 0 0 0 0 0 0 1 3 6 9 8 14 24 14 18 11 3 16 22 7 3 4 7 6 7 11 4 10 6 1 2 4 2 2 1 1 0 1 1
14 8 1 1 1 5 2 2 3 3 3 3 2 2 0 0 0 0 0 0 0 1 0 0 0 1 2 1 5 1 2 7 8 5 5 10 10 31 26 7 6 13 10 12 11 6 5 7 2 2 1 0 1 1 0 0 0 0 0 0 0 0 0 1 1 1 4 10 17 35 42 25 3 8 16 25 9 1 3 15 6 11 5 6 4 8 1 2 4 1 1 1 2 1 1 0
8 3 1 2 2 3 1 2 2 3 1 3 4 1 0 0 0 0 0 0 0 0 0 0 0 3 0 1 3 1 6 6 3 3 7 8 3 24 20 4 5 8 6 8 11 5 4 2 2 1 1 0 0 1 0 0 0 0 0 0 0 0 1 1 1 1 6 34 45 34 36 5 5 11 17 25 17 3 7 7 5 5 5 5 3 6 1 1 3 2 2 1 1 1 0 1
