sesion_6_simulaciones/modelos_agentes/ejemplos_netlogo/scenarios/echam4_b2/rob_2098.asc
NCOLS 322 
NROWS 307 
XLLCORNER 451900 
YLLCORNER 4086900 
CELLSIZE 100 
NODATA_value -9999 
[rows 74 to 147 of 307, columns 96 to 191 of 322]
1 4 2 2 1 2 2 7 2 2 1 6 2 10 5 2 0 0 0 0 1 1 0 0 0 0 0 0 0 0 0 0 0 0 0 0 0 0 0 0 0 0 0 0 0 0 0 0 0 0 0 0 0 0 0 0 0 0 1 1 0 4 3 2 4 6 3 6 7 8 6 9 5 9 3 3 7 6 7 9 6 24 49 50 41 28 37 48 36 49 44 46 49 35 10 4
1 2 2 2 1 2 4 5 3 5 4 2 1 1 2 5 1 1 1 2 8 1 1 0 0 0 0 0 0 0 0 0 0 0 0 0 0 0 0 0 0 0 0 0 0 0 0 0 1 0 0 0 0 0 0 0 0 1 0 0 1 1 2 1 2 2 2 3 3 5 2 10 2 3 1 1 4 2 2 7 15 23 15 17 26 29 28 29 47 49 64 70 59 54 31 18
4 2 2 2 2 4 2 9 3 10 9 2 2 5 2 2 2 4 3 3 6 4 3 1 0 0 0 0 0 0 0 0 0 0 0 0 0 0 0 0 0 0 0 0 0 0 0 0 0 0 0 0 0 0 0 0 0 0 0 0 0 0 1 1 1 1 2 1 3 2 1 3 2 1 1 1 1 1 8 4 6 11 25 18 33 41 43 59 69 56 66 70 64 60 49 39
5 1 4 4 3 3 4 6 5 7 34 4 4 3 3 4 10 2 5 4 7 9 2 1 1 0 0 0 0 0 0 0 0 0 0 0 0 0 0 0 0 0 0 0 0 0 0 0 0 1 0 0 0 0 0 0 0 0 0 0 0 0 1 0 0 0 1 1 1 0 0 0 1 0 1 0 0 1 3 2 6 8 10 22 45 48 62 51 55 71 54 64 55 56 46 45
6 3 5 5 10 4 6 6 2 18 39 25 9 3 6 8 9 9 16 3 2 3 5 5 1 0 0 1 1 0 0 0 0 0 0 0 0 0 0 0 0 0 0 0 0 0 0 0 0 2 1 1 0 0 0 0 0 0 0 0 0 0 0 0 0 0 0 0 0 0 0 0 1 0 0 0 0 1 1 1 4 15 32 29 44 57 35 49 60 44 54 43 41 46 47 69
14 16 4 20 27 14 4 10 3 12 15 42 15 7 7 1 7 27 8 4 5 2 7 10 1 0 3 3 2 2 2 0 0 0 0 0 0 0 0 0 0 0 0 0 0 0 0 2 1 1 1 1 1 0 1 0 0 0 0 0 0 0 0 0 0 0 0 0 0 0 0 0 1 0 2 1 0 0 1 3 5 11 16 23 22 44 49 66 51 38 40 32 30 47 72 60
48 59 33 32 7 5 4 3 3 14 6 4 24 26 3 7 31 9 4 3 4 2 1 5 5 4 5 2 3 2 7 2 0 0 0 1 0 0 0 0 1 0 0 0 0 0 0 0 2 1 2 5 1 1 1 0 1 1 1 0 0 0 1 0 0 0 0 0 0 1 0 0 0 0 0 1 2 4 1 2 3 4 15 12 16 22 40 57 46 42 40 32 66 69 38 36
36 35 55 7 4 6 7 6 6 8 8 2 5 9 8 12 4 15 12 7 4 5 1 1 6 10 8 2 1 2 1 0 1 1 1 1 1 1 0 0 1 1 0 0 0 0 0 0 1 0 3 7 1 5 2 0 2 0 0 0 1 0 0 1 0 0 0 0 1 0 1 0 0 0 0 0 0 4 4 5 1 3 10 12 9 16 41 37 35 33 37 47 68 56 31 54
68 69 50 20 22 22 24 13 6 8 14 2 6 11 13 6 5 33 11 6 7 23 5 4 13 44 8 1 2 2 1 1 0 0 4 1 0 0 0 1 1 1 0 0 0 0 0 0 1 2 2 14 9 7 2 2 2 1 2 1 1 0 1 0 0 0 0 0 1 0 2 2 1 1 0 0 0 0 3 14 15 2 4 5 4 22 18 12 22 40 31 57 39 38 31 64
21 41 74 66 10 8 26 24 39 13 13 3 11 30 17 3 5 53 7 13 10 10 5 18 7 8 3 4 4 2 1 1 0 2 7 2 1 0 0 1 0 0 0 0 0 0 0 0 1 2 1 10 8 11 4 3 6 2 5 2 1 1 0 0 1 0 1 0 1 2 4 3 1 1 1 0 0 1 1 13 8 5 1 3 9 4 7 9 18 16 25 26 17 27 30 76
13 23 40 61 60 13 24 17 12 37 25 9 14 35 20 9 16 51 15 12 5 4 34 34 20 10 3 9 6 3 1 0 3 14 10 7 4 1 1 1 1 0 0 0 0 0 0 0 1 0 0 2 17 22 5 8 4 4 13 5 2 1 0 0 2 1 3 1 1 2 6 3 0 0 1 0 0 1 1 2 16 19 9 3 1 5 11 15 12 24 9 18 21 46 22 60
16 34 54 40 62 60 51 52 22 30 45 9 19 50 32 38 21 29 31 38 31 5 15 17 53 33 24 23 13 13 3 15 22 9 7 17 12 1 1 2 1 0 0 0 0 0 0 0 1 1 1 3 24 26 9 4 7 22 16 10 3 0 1 1 4 2 9 4 2 1 7 3 3 3 2 1 0 1 1 1 4 21 6 10 10 2 6 2 12 4 5 14 10 34 16 33
19 19 12 11 32 53 33 20 22 26 30 13 31 64 44 10 24 17 34 42 52 39 11 11 14 17 40 63 14 15 32 28 31 13 16 14 8 10 2 3 1 2 1 1 0 0 1 1 1 2 2 4 27 58 19 9 25 17 29 13 4 2 2 2 10 3 9 4 4 2 5 2 2 0 1 1 0 1 1 1 1 12 19 9 5 21 6 6 7 7 8 14 25 41 49 17
16 10 1 3 29 31 10 16 18 24 12 23 56 53 21 9 17 21 43 40 54 81 29 11 9 13 56 50 56 11 50 21 20 31 45 31 10 16 3 6 4 12 1 3 2 1 1 1 1 2 2 3 11 55 36 44 26 39 59 14 4 3 4 8 8 4 8 6 4 1 1 1 4 2 2 1 0 0 1 2 4 1 18 16 16 16 22 29 50 19 40 46 28 14 60 15
21 21 7 4 31 24 16 23 25 17 21 28 40 52 22 7 53 50 30 33 36 48 65 64 35 17 38 54 67 63 45 60 46 13 16 8 8 22 3 4 28 8 2 1 1 1 0 1 2 5 9 5 9 29 34 48 45 59 57 27 19 18 16 15 15 2 6 8 5 1 1 5 9 3 1 4 1 0 1 1 3 3 3 17 33 47 21 8 9 16 20 46 37 18 32 57
22 12 14 6 19 14 10 49 24 19 13 18 66 42 17 8 55 35 51 55 49 56 71 70 65 34 35 13 28 65 40 40 44 29 26 24 13 8 10 37 7 7 1 1 1 3 1 1 2 6 8 12 10 13 13 39 58 62 70 35 20 20 15 30 23 5 9 17 3 1 1 4 3 2 8 5 1 1 0 1 1 3 7 3 25 45 29 26 28 21 13 13 27 17 12 31
11 15 9 8 7 6 8 42 32 11 32 45 71 67 21 9 38 12 45 79 75 72 35 47 70 51 44 31 63 87 76 68 36 47 28 12 14 8 21 6 5 3 1 3 12 4 2 2 2 2 4 7 8 10 4 7 41 63 78 35 48 35 42 47 47 8 28 14 7 3 1 3 6 7 15 1 1 5 1 1 1 2 6 8 4 35 31 15 8 14 13 15 12 24 26 27
26 25 19 11 11 6 6 16 33 28 28 58 44 35 52 20 50 17 9 35 40 76 53 43 38 22 40 59 84 90 66 75 80 69 62 24 9 13 43 3 12 7 11 13 13 5 8 1 1 2 9 15 26 32 37 14 5 4 28 43 40 46 56 63 59 21 64 21 19 14 4 5 6 21 7 1 3 2 1 0 1 2 5 7 11 3 10 21 16 16 9 17 39 53 45 46
16 15 9 9 10 9 5 2 20 38 41 42 39 18 20 11 56 30 16 58 50 56 41 51 59 47 34 64 41 72 75 72 74 65 15 18 19 22 18 7 22 21 30 16 10 5 15 7 6 4 6 9 16 14 27 9 4 4 5 28 53 75 59 68 48 17 50 39 10 8 11 19 7 12 3 3 7 3 5 3 2 4 3 5 13 10 3 6 8 13 30 43 55 60 59 55
10 9 11 11 10 10 9 6 8 16 30 42 42 33 19 13 63 27 11 43 31 38 44 56 42 61 54 64 46 18 38 47 37 22 34 28 49 60 24 23 7 29 67 16 7 28 13 6 8 3 6 7 6 14 20 27 15 6 7 54 79 71 76 81 70 64 62 64 38 10 23 12 7 2 2 8 4 1 4 1 1 2 3 4 9 8 15 6 2 17 40 70 77 71 70 44
12 6 19 28 20 18 17 19 13 15 23 37 32 25 24 14 42 22 9 26 41 36 32 38 43 59 55 52 56 41 20 15 23 38 34 64 75 36 38 47 20 61 67 24 38 26 18 5 19 5 10 9 22 40 52 46 27 9 11 22 74 65 84 81 73 63 73 73 61 26 17 18 11 6 5 4 4 14 2 3 1 1 3 4 4 9 20 25 9 12 23 23 43 53 59 52
28 28 21 35 34 28 31 32 23 6 15 22 20 24 18 21 19 16 14 26 26 32 17 27 45 49 50 50 48 62 21 29 28 41 82 84 60 30 54 65 42 57 66 42 32 35 21 10 23 8 7 18 22 48 61 51 34 14 8 12 16 67 80 82 74 62 78 64 34 10 20 30 7 9 14 7 8 3 1 4 1 1 3 3 14 9 7 13 23 30 33 18 12 17 30 37
30 16 30 28 37 29 44 31 21 22 4 8 6 14 23 16 22 20 11 13 30 33 22 23 21 25 61 50 46 23 34 18 43 83 77 76 28 48 82 53 35 41 49 12 21 65 22 34 29 18 10 28 57 38 25 34 43 43 34 19 23 39 66 72 75 68 42 46 22 19 29 22 11 14 15 18 8 5 4 4 3 1 2 8 13 16 11 13 20 30 49 52 38 21 15 29
20 25 31 20 36 35 29 30 29 31 35 20 13 6 7 10 22 20 11 9 20 10 13 17 15 25 58 68 44 31 42 14 64 82 66 37 38 74 87 65 26 38 33 22 69 54 31 20 45 37 11 24 38 64 54 38 15 26 36 46 36 43 33 48 30 49 53 46 21 36 39 28 16 11 18 12 8 11 2 0 3 1 2 5 12 10 13 15 12 21 40 42 44 29 32 15
25 18 28 34 36 26 29 41 27 33 28 31 30 20 13 7 9 19 10 14 20 17 12 16 12 25 29 63 22 21 49 19 57 76 41 40 43 62 52 53 40 43 25 66 69 24 38 69 57 41 42 15 12 20 21 34 21 33 59 66 46 58 40 27 26 40 30 26 23 48 35 42 13 24 22 15 25 4 3 1 3 1 1 1 3 12 18 14 13 12 34 31 42 45 50 32
14 10 27 35 15 27 14 20 41 34 29 33 31 34 27 13 7 5 4 2 4 6 10 15 6 11 13 15 14 55 36 14 25 29 30 57 57 67 91 72 61 43 58 61 54 42 43 80 67 51 73 36 25 44 49 37 29 30 24 44 73 53 41 25 28 44 31 23 34 39 45 44 30 9 9 9 10 5 2 2 0 3 1 2 4 8 11 17 29 21 26 35 45 62 49 46
6 14 45 27 29 17 40 24 41 42 31 34 33 17 19 21 21 18 17 17 19 17 10 10 10 3 7 10 28 62 15 24 30 18 44 66 70 31 62 56 62 45 47 64 50 49 61 82 73 70 73 66 22 19 24 25 32 47 48 16 21 36 35 34 33 38 30 30 26 39 40 51 39 32 5 8 9 4 1 1 3 1 0 2 4 6 10 18 18 36 32 50 58 60 53 55
7 15 37 18 19 23 16 21 37 32 33 38 31 33 21 31 19 28 29 30 21 34 18 17 28 20 3 7 15 46 19 29 37 31 43 45 39 41 34 18 57 64 47 37 48 75 83 82 72 62 72 63 35 27 39 55 57 50 51 28 9 36 30 25 37 27 23 26 35 37 29 33 23 17 18 10 4 5 15 12 6 9 3 2 2 3 5 11 23 21 46 50 51 58 63 69
6 26 9 12 19 16 19 14 31 37 20 18 41 27 25 21 23 28 30 30 32 32 31 30 22 31 15 2 11 27 13 23 34 39 41 37 36 45 45 21 36 76 64 32 66 66 88 80 34 26 36 53 65 57 44 48 51 44 34 23 13 45 29 18 23 25 28 38 38 40 31 30 30 37 38 32 13 20 15 9 6 4 2 1 1 2 7 8 12 21 36 49 58 71 69 71
19 6 9 10 8 16 22 19 11 15 24 31 34 37 20 31 27 30 31 44 43 32 46 33 46 32 31 9 5 24 15 17 29 37 50 44 50 46 45 18 28 50 64 31 62 59 79 48 22 22 41 44 65 61 58 47 52 47 34 36 16 26 22 17 41 30 38 55 43 40 36 28 54 52 65 36 29 13 13 5 1 0 1 2 0 1 3 4 15 30 31 29 28 32 32 38
3 5 13 32 30 23 9 6 9 27 30 29 17 32 32 35 33 45 42 43 43 45 39 48 48 37 24 22 5 6 6 12 11 36 42 69 75 55 55 32 25 25 35 12 32 43 26 29 28 37 36 55 75 64 63 67 67 62 66 51 27 22 27 17 41 48 51 36 25 34 50 44 44 44 38 37 27 11 4 2 2 1 3 2 8 3 1 3 13 12 13 24 35 43 45 50
8 16 17 5 5 10 14 6 13 25 28 26 26 28 28 41 29 40 42 53 29 54 54 51 44 35 19 18 8 5 4 5 9 22 40 54 51 59 66 46 51 39 38 13 27 35 40 68 76 71 86 62 79 78 77 67 74 60 56 48 26 33 31 13 13 25 30 44 49 39 47 64 34 34 24 31 26 4 1 3 1 2 6 4 10 4 11 4 5 6 13 22 29 45 54 53
10 6 11 12 14 8 14 7 23 23 22 24 40 27 41 38 38 57 51 38 45 52 63 37 48 41 37 14 14 9 2 2 2 12 27 38 63 75 75 45 28 38 35 25 31 45 72 52 74 67 66 54 88 83 80 62 51 49 45 27 24 14 13 5 4 20 42 62 64 45 46 65 51 25 15 19 8 6 8 4 2 7 5 6 12 17 6 6 4 5 7 15 26 41 39 65
5 5 4 4 4 4 2 10 25 18 19 34 26 33 36 42 54 31 27 56 48 59 60 41 35 30 38 33 27 25 11 9 4 10 27 23 21 53 69 55 39 39 39 36 52 49 28 46 60 88 59 66 82 68 77 71 60 48 29 26 22 16 3 11 5 14 40 50 73 51 47 19 29 31 16 23 17 10 4 3 3 8 6 9 14 11 3 9 2 2 6 14 23 15 44 51
2 4 8 12 11 6 6 12 18 30 26 27 21 29 53 57 37 25 29 60 49 36 41 46 37 34 41 43 31 26 22 21 10 6 26 31 15 19 18 13 17 28 31 36 50 37 40 57 86 48 35 55 87 74 65 49 45 44 50 42 20 17 4 6 3 13 34 41 50 52 43 26 39 22 23 26 24 23 13 8 7 19 7 6 10 11 12 19 13 4 4 6 7 19 32 32
4 11 7 21 8 8 9 17 17 26 24 9 11 30 31 27 23 24 40 68 38 35 40 47 41 45 36 35 28 18 12 17 25 11 6 20 26 16 12 12 14 26 27 24 26 42 53 34 82 43 55 73 86 63 43 49 46 30 27 35 25 23 3 9 6 6 19 17 36 34 43 42 47 35 54 48 59 16 5 2 16 16 19 11 4 20 26 42 26 13 15 4 18 16 22 65
6 8 19 19 7 15 15 15 28 22 16 11 14 34 19 38 13 25 62 38 30 30 42 47 55 52 41 35 22 29 24 22 24 23 8 4 17 9 11 9 11 21 21 22 25 38 47 42 31 45 67 84 83 59 52 51 35 34 35 28 24 11 12 9 7 7 22 38 48 47 50 48 53 58 62 45 12 7 3 13 16 25 39 49 14 28 51 43 24 14 8 9 7 19 19 35
7 10 6 5 8 11 10 24 8 15 6 16 19 46 31 22 12 46 16 17 44 30 28 26 36 36 37 41 44 33 40 39 28 26 14 15 3 15 13 10 9 10 12 22 35 55 30 48 18 24 55 76 92 87 61 51 44 23 36 25 23 13 17 5 3 12 32 51 66 62 54 56 58 46 35 29 16 15 14 16 20 36 34 61 49 44 38 11 3 2 6 21 17 17 18 25
7 6 5 4 6 9 14 2 17 5 6 12 25 33 19 9 34 34 24 14 15 30 14 18 33 35 53 37 53 55 46 48 29 29 23 20 16 4 7 9 12 10 11 26 29 43 11 39 12 42 53 24 73 81 59 42 27 23 23 11 26 30 14 8 4 30 44 46 47 48 47 46 50 46 60 55 36 26 19 10 19 21 23 57 56 34 22 17 17 13 20 4 12 17 15 22
2 5 3 3 5 11 13 2 10 7 12 8 30 13 9 17 35 14 18 17 49 37 25 20 33 53 44 59 60 71 52 32 10 39 27 27 30 14 6 2 7 12 12 24 27 9 25 41 11 39 29 66 73 52 52 49 49 38 23 15 27 25 21 14 3 7 27 43 47 41 43 48 60 46 33 24 14 11 33 7 23 42 34 41 31 20 48 42 22 28 18 7 9 18 33 46
31 2 4 4 7 4 5 8 7 7 13 9 9 9 9 37 12 18 16 46 44 28 41 33 22 49 54 59 79 69 66 35 19 22 19 18 24 26 27 3 3 12 22 20 10 19 63 28 13 39 75 75 80 42 41 53 39 35 32 22 26 16 15 8 5 4 9 22 33 34 13 29 24 20 28 31 17 13 22 18 22 52 80 41 27 46 45 38 44 24 10 14 8 16 21 38
22 51 26 29 20 7 1 1 12 5 21 45 55 29 19 23 23 36 23 37 27 32 38 35 36 46 64 77 56 65 59 47 50 37 32 37 16 24 31 14 2 8 13 17 8 9 13 14 6 42 60 84 78 33 44 47 50 34 22 31 25 16 16 4 4 4 32 39 38 51 49 49 56 43 24 17 17 32 23 33 50 44 58 75 44 48 63 51 25 9 20 26 6 6 18 33
18 46 24 31 20 12 20 4 16 9 4 11 60 59 62 23 13 25 38 36 29 27 40 30 46 50 67 58 64 68 68 59 51 52 57 33 29 36 28 20 12 3 5 10 20 14 12 6 10 33 59 35 58 27 55 39 51 48 33 21 25 25 12 4 3 16 32 47 50 61 70 52 29 38 50 21 21 32 35 69 59 58 61 58 17 31 29 36 45 49 52 14 26 6 8 16
11 51 20 39 28 20 58 26 11 36 19 19 52 61 39 29 41 29 65 80 79 58 35 24 58 48 59 54 49 49 59 55 55 62 60 51 42 30 22 23 26 10 5 7 16 9 17 6 9 15 24 27 68 47 70 68 46 55 35 39 12 13 9 5 11 22 38 35 49 58 70 69 66 50 58 50 47 38 37 69 74 49 42 42 26 32 50 61 41 74 24 28 33 30 8 8
18 47 34 25 46 16 28 6 20 48 29 12 5 43 44 37 49 33 36 74 79 38 70 27 63 48 60 49 50 32 45 65 69 71 72 49 29 29 34 27 13 10 6 3 22 12 18 6 5 4 18 42 71 29 41 24 54 63 60 35 12 8 5 3 12 23 41 35 51 56 61 66 51 29 21 23 53 28 62 73 85 84 32 31 31 47 68 38 60 73 45 47 23 15 7 11
3 12 7 20 41 27 32 5 26 68 20 10 7 23 58 47 55 54 19 26 57 37 38 57 19 24 76 43 29 23 13 21 41 42 50 59 43 48 48 29 18 9 3 1 8 14 15 13 2 13 22 51 46 61 42 27 32 29 20 13 19 9 7 3 9 20 28 28 38 45 47 29 29 36 29 35 69 76 63 62 81 86 72 31 22 40 32 48 75 55 40 8 4 4 5 10
3 21 47 25 35 17 50 25 39 75 49 21 24 29 62 76 39 7 7 14 25 15 28 73 31 15 66 48 58 27 3 24 53 51 32 61 59 53 31 19 9 6 1 1 2 17 21 9 7 24 30 45 28 37 34 36 12 10 24 24 17 9 2 6 12 12 16 19 21 34 37 31 42 32 37 65 79 81 79 53 65 77 72 45 19 30 46 63 53 21 16 28 17 12 17 28
7 4 5 7 12 23 56 13 48 56 82 46 32 25 23 17 11 8 9 23 18 18 15 68 26 53 55 46 63 75 38 24 35 32 41 55 52 46 38 33 17 4 1 2 1 6 15 13 5 12 32 49 10 23 29 52 25 12 16 21 7 6 2 4 9 23 61 45 47 57 57 70 69 41 56 88 86 87 82 67 27 53 71 70 27 34 46 64 43 37 76 36 13 12 11 40
8 16 6 7 13 29 54 42 24 50 78 55 24 11 31 25 9 27 10 11 18 18 18 72 28 25 63 46 54 68 44 37 54 28 19 26 15 25 21 26 27 20 4 2 1 3 4 6 6 11 29 34 7 24 17 18 34 35 16 7 5 4 1 7 9 22 33 54 70 72 88 62 29 37 72 91 87 81 83 84 77 42 77 77 30 37 55 45 30 67 62 32 28 35 4 2
10 18 15 8 14 9 56 61 56 24 81 49 20 6 28 21 28 31 22 13 18 25 7 38 67 10 28 33 65 83 38 12 30 25 40 46 41 41 29 25 21 13 15 4 1 1 1 2 3 11 36 35 11 15 22 16 24 19 12 8 5 2 3 6 6 26 37 59 72 67 34 29 43 48 73 80 87 82 81 71 84 58 52 61 47 59 43 28 64 86 42 44 37 35 23 5
24 14 18 7 8 10 42 76 42 38 71 68 50 8 29 26 44 34 29 23 28 45 21 25 85 30 47 44 69 67 67 48 48 56 52 46 50 47 42 18 11 6 11 6 3 1 2 4 9 25 47 40 14 21 18 5 7 17 16 9 3 1 1 6 18 37 71 71 59 35 44 41 50 85 77 71 88 70 61 56 83 70 59 27 23 53 45 59 87 63 46 47 60 30 24 9
56 9 20 12 10 17 33 45 15 14 82 62 12 6 28 31 52 45 58 46 55 47 47 36 57 41 25 54 66 59 67 67 45 35 37 24 38 42 45 35 17 12 7 2 3 1 2 3 7 18 38 32 15 12 7 5 5 4 3 4 5 4 1 4 17 51 58 45 30 30 48 49 77 85 86 75 65 81 52 59 84 65 36 18 42 67 72 77 81 37 60 82 62 43 42 13
10 20 9 10 11 10 16 31 25 33 72 37 17 7 24 29 55 23 55 44 46 59 54 39 50 62 43 29 16 50 47 65 36 27 40 36 26 20 33 30 14 8 7 3 2 1 2 4 17 29 35 10 11 11 8 4 7 3 2 1 0 0 4 8 22 44 28 11 27 47 47 49 81 87 78 73 68 76 81 50 65 60 34 27 54 57 72 85 63 57 81 68 58 49 26 21
10 8 19 22 10 12 6 12 10 15 34 16 39 19 13 29 58 31 25 57 34 25 14 59 61 70 23 22 9 28 64 74 65 40 31 21 28 17 18 10 12 10 4 3 2 1 1 4 9 16 23 14 6 8 5 6 10 4 1 1 1 0 5 7 29 18 6 19 45 48 52 76 75 80 77 79 73 68 83 61 49 55 35 31 54 61 80 82 70 53 48 57 44 27 28 31
20 16 10 29 33 22 22 9 6 24 18 15 43 47 18 30 45 50 24 30 28 36 30 84 65 62 46 8 11 10 31 39 63 57 41 29 24 18 12 10 31 15 7 4 1 1 1 2 12 13 17 14 17 8 7 10 9 6 2 1 0 0 2 13 13 4 9 33 47 66 65 82 82 72 58 46 48 53 64 66 58 32 25 32 49 57 75 72 54 31 44 30 17 22 29 40
26 20 12 24 25 39 22 10 3 21 26 13 15 28 17 22 35 46 25 24 23 15 19 40 18 30 57 13 16 15 8 33 64 63 37 26 33 58 54 38 20 9 3 3 4 1 0 1 3 9 7 12 14 7 7 8 12 5 1 1 0 0 1 4 1 6 11 22 45 82 75 71 85 81 61 46 28 15 36 54 47 27 13 21 40 58 72 52 29 47 49 46 67 45 51 42
68 35 23 10 22 35 55 8 13 25 32 20 8 18 18 11 26 49 22 19 20 16 7 26 6 12 44 34 9 20 7 11 41 78 59 36 23 19 18 15 13 11 10 3 1 3 3 0 1 7 7 9 10 15 5 3 6 4 2 1 1 0 0 1 7 25 33 58 71 61 83 86 77 86 82 66 53 34 16 18 40 32 11 5 16 33 41 16 29 46 46 74 71 50 37 43
61 85 40 24 8 16 16 14 16 26 21 14 30 11 16 7 9 50 29 21 16 13 6 19 20 2 27 37 12 20 12 6 24 53 73 52 34 34 44 34 16 9 6 3 2 1 2 1 0 1 8 13 10 4 9 4 2 2 1 1 0 0 0 1 10 39 54 37 39 57 77 73 71 75 89 72 53 27 15 10 14 10 1 6 17 10 14 23 45 51 75 74 43 46 47 48
20 79 84 61 31 18 6 30 13 11 12 14 34 18 13 10 10 49 36 28 13 5 4 13 25 3 18 22 17 23 13 8 25 21 27 64 34 15 27 28 19 6 4 4 1 0 1 1 0 0 4 8 8 6 5 4 3 1 1 0 0 0 1 3 10 10 9 34 72 72 68 65 62 70 76 72 53 33 33 16 5 2 2 5 22 40 37 27 40 62 59 36 31 44 56 51
15 62 67 81 51 29 15 29 29 9 23 15 19 19 27 19 11 23 47 16 12 9 2 8 18 8 13 18 6 26 28 8 26 25 23 13 66 42 41 26 16 7 7 3 1 1 0 1 0 0 1 4 3 3 8 3 2 2 1 1 0 0 1 4 10 18 32 40 68 77 70 81 74 40 49 62 50 45 39 29 8 1 2 6 22 33 56 64 37 30 22 32 41 46 67 49
38 51 45 71 44 25 24 24 29 23 19 18 20 31 25 21 20 19 30 27 11 9 5 15 24 20 14 17 6 11 33 17 6 12 18 36 43 13 54 28 12 6 5 5 1 1 0 0 1 0 0 1 2 4 9 4 2 1 1 1 0 0 1 3 8 17 24 53 67 72 88 81 83 67 42 30 45 38 36 26 6 1 4 19 27 37 57 71 64 50 49 29 42 46 72 66
32 52 24 55 58 53 40 29 26 23 15 12 14 18 19 26 15 18 11 25 17 8 6 8 6 20 16 16 11 5 11 7 5 14 23 37 40 20 61 18 21 17 7 5 2 1 0 0 0 0 0 0 1 2 12 4 2 2 1 0 0 0 0 3 9 16 28 38 66 52 83 80 72 72 80 52 48 35 20 6 3 1 4 15 37 55 63 67 72 59 54 45 37 62 89 80
47 39 39 28 41 24 32 28 59 48 25 9 17 15 13 25 13 13 16 15 16 13 6 3 9 16 6 17 13 7 5 3 9 12 54 60 33 26 14 24 20 15 7 4 3 1 0 0 0 0 0 0 0 1 7 2 2 1 0 0 0 0 0 1 8 16 28 59 73 77 80 85 78 68 64 67 46 36 12 3 1 6 12 5 16 46 56 63 64 41 54 53 72 90 90 82
25 46 31 27 23 17 19 15 19 21 13 14 9 9 9 9 9 10 11 16 15 11 6 2 2 19 4 10 7 11 5 2 13 31 38 53 58 79 73 59 17 12 5 3 2 1 1 0 0 0 0 0 0 1 2 3 4 1 0 0 0 0 1 2 8 27 60 74 77 85 85 84 86 80 50 41 46 19 12 1 2 13 31 22 21 13 25 29 30 43 41 68 68 90 92 82
18 34 18 22 9 10 8 3 8 7 6 8 11 4 4 7 7 8 8 9 12 8 7 2 4 8 4 9 10 5 7 4 3 10 17 16 19 20 24 4 15 9 9 2 2 1 0 0 0 0 0 0 0 0 0 0 1 2 0 0 0 0 1 6 19 17 32 49 75 86 72 89 77 70 44 32 29 19 11 1 2 10 28 41 62 44 47 36 44 59 61 67 82 86 84 79
4 6 10 5 5 5 4 3 8 9 3 4 3 4 5 4 3 2 3 5 6 6 8 3 4 9 14 3 8 7 4 2 2 1 1 1 2 5 10 8 9 3 3 1 1 1 0 0 0 0 0 0 0 0 0 0 0 1 0 0 0 0 1 7 13 24 26 47 65 59 72 79 78 63 34 22 14 4 2 1 2 5 19 28 38 56 68 58 69 81 74 61 79 75 82 77
18 6 2 3 4 5 7 14 9 8 18 19 16 29 13 10 3 2 2 2 3 3 3 3 3 5 9 5 8 7 5 2 1 0 1 3 2 1 3 7 13 10 7 5 2 1 0 0 0 0 0 0 0 0 0 0 0 1 0 0 0 0 2 2 7 18 28 62 56 59 75 62 64 34 22 11 3 1 0 3 5 16 24 37 41 59 87 84 44 45 79 89 73 54 61 77
38 24 9 17 16 17 17 29 18 20 35 37 47 42 37 22 16 8 6 3 3 1 2 1 2 7 7 5 2 9 3 1 0 1 3 2 1 2 1 5 8 6 2 2 2 1 1 0 0 0 0 0 0 0 0 0 0 0 0 0 0 1 0 2 8 28 32 29 44 53 57 50 58 25 17 8 1 0 3 9 17 26 36 47 74 79 70 30 37 68 91 88 91 54 45 56
48 25 18 35 33 34 36 38 38 42 38 37 40 62 44 33 24 20 16 6 6 6 1 1 1 2 4 5 6 2 2 1 0 2 3 3 3 2 1 1 3 4 3 1 1 2 1 0 0 0 0 0 0 0 1 0 0 0 0 0 0 0 1 3 14 29 44 30 19 17 36 38 22 18 4 3 0 2 7 14 31 33 55 76 75 45 20 30 50 85 90 83 78 78 29 17
42 39 24 45 40 52 36 39 53 40 53 42 57 47 42 40 56 39 12 21 17 8 4 5 3 2 1 1 1 1 1 0 1 1 2 3 3 3 4 2 2 6 5 4 1 1 1 0 0 0 0 0 0 0 0 0 0 0 0 0 0 0 2 3 12 27 41 39 12 33 21 21 13 4 1 0 1 2 7 12 31 58 53 46 23 13 27 46 62 79 82 82 64 82 46 17
40 36 26 48 61 76 64 54 70 62 57 46 73 66 69 67 44 23 24 45 26 8 11 12 10 7 3 1 1 0 0 0 1 1 1 2 1 2 7 4 1 2 1 2 2 1 1 1 0 0 0 0 0 0 0 0 0 0 0 0 0 0 1 3 10 27 52 37 18 13 16 10 6 1 0 0 1 4 8 12 38 40 29 6 15 36 45 68 77 67 77 65 56 66 72 17
60 65 57 50 58 60 45 30 66 44 42 38 43 59 70 43 45 54 51 54 44 11 3 7 18 8 6 4 2 1 1 0 0 1 2 2 1 1 0 0 0 1 1 0 0 1 1 0 0 0 0 0 0 0 0 0 0 0 0 0 0 1 1 2 4 28 58 51 16 23 9 5 2 0 0 0 1 4 6 13 12 4 4 17 32 41 48 84 83 94 73 37 37 41 60 22
58 46 74 59 63 75 70 60 48 41 54 65 40 33 53 79 76 55 20 19 23 8 2 2 9 11 7 5 4 2 1 0 0 0 1 1 1 2 1 0 1 2 2 0 0 1 1 1 0 0 0 0 0 0 0 0 0 0 0 0 0 1 1 2 5 17 46 62 38 22 9 2 0 0 0 0 1 3 8 2 1 5 19 33 37 41 71 70 82 88 86 45 17 9 41 35
67 30 73 76 51 31 61 66 71 67 44 34 78 39 45 67 48 48 36 27 26 12 16 9 12 18 9 6 5 3 2 1 1 0 0 0 0 0 1 1 1 1 0 1 0 0 0 1 0 0 0 0 0 0 0 0 0 0 0 0 0 1 1 2 2 7 14 43 40 18 7 2 0 0 0 0 0 1 0 2 5 16 21 32 52 65 73 71 68 64 86 56 24 8 8 13
