sesion_6_simulaciones/modelos_agentes/ejemplos_netlogo/scenarios/echam4_b2/rob_2023.asc
NCOLS 322 
NROWS 307 
XLLCORNER 451900 
YLLCORNER 4086900 
CELLSIZE 100 
NODATA_value -9999 
[rows 222 to 295 of 307, columns 192 to 287 of 322]
1 1 0 0 1 1 0 0 0 0 0 0 0 0 0 0 0 0 0 0 0 0 2 1 1 1 0 1 1 2 1 1 4 4 5 5 9 21 24 30 38 37 41 60 44 57 59 43 52 63 64 58 27 25 36 41 36 55 67 67 49 38 45 24 52 76 64 50 68 74 28 12 4 1 0 0 0 0 0 0 0 0 0 0 0 0 0 0 0 0 0 1 1 1 1 1
3 3 2 1 0 0 0 0 0 0 0 0 0 0 0 0 0 0 0 0 0 1 2 3 1 2 2 1 3 3 2 2 5 6 8 6 12 9 17 23 32 31 39 59 52 40 55 40 51 48 51 39 39 31 19 26 33 48 38 39 29 39 43 24 28 54 43 31 50 61 28 9 3 1 0 0 0 0 0 0 0 0 0 0 0 0 0 0 0 0 0 0 1 1 1 1
4 2 2 1 1 0 0 0 0 0 0 0 0 0 0 0 0 0 0 0 0 1 2 5 4 3 3 4 4 8 9 6 6 8 10 7 11 6 16 20 17 28 36 56 65 36 49 51 28 28 34 37 53 22 9 35 30 52 28 46 43 43 43 34 12 13 2 1 4 31 40 8 2 0 0 0 0 0 0 0 0 0 0 0 0 0 0 0 0 0 0 1 1 1 1 4
2 1 1 1 0 0 0 0 0 0 0 0 0 0 0 0 0 0 0 0 0 1 1 4 6 7 5 7 6 11 34 21 12 12 6 8 11 10 25 16 15 18 31 38 58 51 26 35 16 17 17 16 25 33 8 25 29 27 37 55 58 47 52 38 12 12 6 7 2 2 12 4 1 1 0 0 0 0 0 0 0 0 0 0 0 0 0 0 0 0 0 1 1 1 2 3
2 1 1 0 0 0 0 0 0 0 0 0 0 0 0 0 0 0 1 1 0 1 2 3 7 21 12 10 12 8 20 36 15 22 15 19 24 24 17 20 12 17 19 22 27 36 31 48 44 16 44 46 29 22 12 22 60 51 52 54 64 50 42 23 14 12 15 18 6 3 3 1 1 1 1 1 0 0 0 0 0 0 0 0 0 0 0 0 0 0 0 0 1 1 1 2
1 2 1 1 1 0 0 0 0 0 0 0 0 0 0 0 0 0 1 1 1 2 3 3 8 22 38 20 30 15 23 40 26 17 30 34 29 26 26 24 7 12 11 21 30 39 51 59 74 38 36 38 37 18 25 30 44 38 50 56 54 37 29 20 36 25 27 19 7 4 1 1 1 1 1 1 1 0 0 0 0 0 0 0 0 0 0 0 0 0 0 0 0 1 2 3
2 1 1 0 0 0 0 0 0 0 0 0 0 0 0 0 0 0 1 2 3 6 11 9 11 20 52 21 37 21 25 40 13 15 34 36 41 39 31 28 18 19 16 15 32 39 41 59 59 58 54 46 41 26 47 60 57 50 60 70 50 29 31 41 66 48 22 11 7 3 3 2 2 2 2 1 1 1 0 0 0 0 0 0 0 0 0 0 0 0 0 1 1 1 1 3
2 1 0 0 0 0 0 0 0 0 0 0 0 0 0 0 0 0 0 1 2 5 12 29 27 27 46 47 58 30 51 24 14 14 25 42 47 44 27 28 30 32 20 20 24 42 42 48 45 43 64 58 43 32 43 43 57 39 43 23 35 56 55 75 60 35 20 11 11 10 6 5 3 4 2 1 1 0 0 0 0 0 1 0 0 0 0 0 0 0 0 1 1 1 2 3
1 1 0 0 0 0 0 0 0 0 0 0 0 0 0 0 0 0 0 1 3 5 12 16 36 41 56 64 59 30 45 19 16 39 27 38 48 37 33 42 36 46 22 23 40 44 56 50 62 40 45 45 42 15 24 16 77 47 30 42 52 49 52 39 21 15 15 14 8 9 12 12 7 2 1 0 0 0 0 0 0 0 1 0 0 0 1 1 0 0 0 1 1 1 2 3
0 0 0 0 0 0 0 0 0 0 0 0 0 0 0 1 0 0 1 2 2 5 13 24 29 37 49 52 58 55 63 31 22 34 47 37 50 44 38 39 42 31 36 24 24 29 47 58 57 46 32 33 31 28 42 38 15 77 81 58 36 19 33 26 30 21 12 7 4 12 32 14 4 2 1 0 0 0 0 0 0 0 0 0 1 0 1 1 1 0 0 1 1 1 1 2
0 0 0 0 0 0 0 0 0 0 0 0 0 0 0 0 0 1 2 2 2 9 21 34 29 35 51 51 75 80 54 42 43 54 36 52 51 50 47 46 43 41 49 21 40 31 46 45 37 20 37 35 44 44 49 57 44 35 42 49 28 44 26 25 19 19 15 5 7 15 16 5 4 2 1 0 0 0 0 0 0 0 0 1 1 0 0 0 3 0 0 1 1 1 1 1
0 0 0 0 0 0 0 0 0 0 0 0 0 0 0 0 1 1 2 5 4 5 30 30 48 41 51 63 27 78 56 55 45 61 47 40 48 58 49 49 48 42 66 25 24 60 45 45 40 36 55 37 39 51 57 31 51 51 32 15 25 15 22 21 19 17 9 24 18 5 9 3 2 2 1 0 0 0 0 0 0 0 0 0 1 1 0 1 1 2 1 1 1 3 2 2
0 0 0 0 0 0 0 0 0 0 0 0 0 0 0 0 1 1 2 6 12 17 42 34 54 59 67 63 71 63 84 50 42 57 45 25 33 55 59 64 52 26 45 55 16 28 42 61 41 49 60 50 36 40 36 32 18 21 25 40 33 33 27 38 13 13 19 8 5 7 5 3 2 0 0 0 0 0 0 0 0 0 0 1 1 2 0 0 1 2 5 2 1 1 4 3
0 0 0 0 0 0 0 0 0 0 0 0 0 0 0 0 0 1 2 4 13 11 25 7 23 45 46 25 28 54 77 50 55 81 44 51 56 63 42 17 30 16 45 56 18 41 61 42 20 42 55 59 37 43 29 18 47 51 48 34 20 27 52 57 33 23 33 26 18 10 4 2 1 0 0 0 0 0 1 0 0 0 0 0 1 1 2 1 2 1 0 3 1 1 1 3
0 0 0 0 0 0 0 0 0 0 0 0 0 0 0 0 0 1 2 4 7 5 7 23 22 29 23 34 42 54 68 66 73 75 62 59 58 55 55 30 43 36 45 55 18 30 51 47 31 27 38 49 40 31 17 37 50 25 30 36 36 58 64 61 58 47 23 11 15 9 15 4 1 0 0 0 0 0 0 0 0 0 1 0 1 1 1 3 2 2 1 4 2 0 1 1
0 0 0 0 0 0 0 0 0 0 0 0 0 0 0 0 0 0 1 1 2 12 16 14 24 35 38 32 40 55 58 57 67 74 52 61 58 57 61 28 57 52 39 59 16 22 44 40 53 57 33 34 56 41 31 38 35 31 59 42 68 48 46 66 72 35 22 7 18 5 2 2 0 0 0 0 0 1 1 1 1 0 1 1 1 0 1 4 7 9 1 1 3 1 2 4
0 0 0 0 0 0 0 0 0 0 0 0 0 0 0 0 0 0 0 1 2 4 9 9 9 20 38 29 45 37 50 57 61 73 67 73 60 67 51 50 33 48 27 45 16 14 27 28 38 53 62 37 28 15 34 17 15 44 45 38 45 33 54 54 51 56 22 5 2 2 1 0 0 0 0 1 0 0 1 1 2 1 1 1 1 1 0 0 1 2 7 6 4 2 2 4
0 0 0 0 0 0 0 0 0 0 0 0 0 0 0 0 0 0 0 1 3 6 4 9 16 29 26 23 34 38 26 31 50 53 47 64 46 66 55 49 48 48 76 54 26 28 41 60 39 26 36 34 13 36 14 22 39 66 53 73 70 49 29 31 25 13 14 12 4 1 0 0 0 1 0 1 0 0 1 2 2 2 1 1 1 1 1 1 1 2 5 4 3 14 3 7
0 0 0 0 0 0 0 0 0 0 0 0 0 0 0 0 0 0 0 0 1 1 2 4 6 13 14 15 19 26 43 46 33 31 24 74 62 80 46 59 49 41 78 60 44 30 59 55 52 51 31 64 36 63 46 59 55 25 36 41 43 34 17 22 28 16 15 4 4 2 1 0 0 0 1 1 2 1 1 1 2 4 2 3 2 1 1 2 0 0 1 1 1 5 9 5
0 0 0 0 0 0 0 0 0 0 0 0 0 0 1 0 0 1 1 2 4 4 9 14 19 20 25 45 56 46 46 60 58 50 58 56 79 68 53 54 47 38 33 68 43 20 36 42 60 46 58 60 64 72 89 82 81 71 72 47 42 37 38 44 27 13 8 4 3 1 0 0 0 1 1 1 2 1 2 3 2 4 3 4 2 1 1 2 3 1 1 2 1 1 1 2
0 0 0 0 0 0 0 0 0 0 0 0 0 0 1 0 0 0 2 3 7 7 15 26 39 52 54 45 68 53 47 48 46 33 25 29 50 60 56 51 50 31 32 53 32 24 19 41 33 49 21 12 16 19 40 53 85 85 67 60 44 35 15 33 18 10 6 4 1 0 0 0 1 1 1 1 2 3 2 4 2 1 6 6 3 1 1 3 3 1 2 3 3 6 8 13
0 0 0 0 0 0 0 0 0 0 0 0 0 0 0 1 0 0 1 1 4 12 6 19 21 38 49 40 9 22 41 36 27 27 41 48 54 38 65 39 40 41 15 44 38 38 17 22 15 43 32 27 23 18 18 16 36 64 73 73 77 36 26 15 10 7 6 4 2 1 0 0 1 1 1 2 6 4 5 4 5 2 2 11 5 2 2 2 3 2 3 2 4 7 10 16
0 0 0 0 0 0 0 0 0 0 0 0 0 0 0 1 0 0 1 1 3 4 4 12 11 12 15 12 10 11 23 26 27 38 35 27 43 59 58 14 35 38 24 41 40 13 8 39 44 38 55 39 47 42 43 43 44 55 48 35 44 69 46 28 19 13 11 4 2 0 0 1 2 3 3 2 4 7 5 3 4 3 1 6 11 4 4 2 5 3 5 6 3 9 9 7
0 0 0 0 0 0 0 0 0 0 0 0 0 0 1 0 2 0 0 0 1 1 3 4 7 14 18 25 32 24 32 24 25 45 41 37 33 26 12 18 30 45 73 43 33 31 13 21 35 41 47 68 38 47 62 39 31 26 28 18 16 27 39 33 21 10 8 4 1 0 1 2 2 3 4 4 3 10 7 12 5 9 6 5 24 8 11 4 7 7 7 13 8 9 8 13
0 0 0 0 0 0 0 0 0 0 0 0 0 1 1 1 1 0 0 1 0 1 2 3 7 13 19 21 24 46 40 51 47 68 27 23 29 36 32 35 61 58 35 31 60 34 29 28 30 63 64 34 46 46 35 34 48 40 48 26 20 14 12 12 12 8 3 3 1 0 1 2 2 4 4 4 3 6 10 15 10 6 10 6 25 6 8 9 5 15 8 9 9 7 7 8
0 0 0 0 0 0 0 0 1 1 0 0 0 0 2 5 0 0 0 1 2 2 2 2 5 6 13 12 17 31 36 32 31 33 39 39 38 47 46 34 23 19 15 13 29 35 46 34 62 70 34 16 22 42 45 42 32 41 26 22 21 14 10 6 5 3 3 1 1 1 2 2 3 3 4 4 5 7 13 11 12 10 12 21 29 8 10 12 6 17 11 5 13 6 3 8
0 0 0 0 0 0 0 1 1 1 0 0 0 1 1 2 1 1 0 1 2 3 3 2 2 2 7 12 17 26 21 22 33 33 34 36 36 33 31 23 25 18 15 13 17 12 14 52 24 43 25 17 20 19 31 76 52 53 38 27 17 13 8 6 4 3 2 1 1 1 2 2 2 4 4 6 9 6 9 21 16 21 22 23 29 18 20 7 22 16 4 8 12 5 7 9
0 0 0 1 1 0 0 1 1 3 0 0 1 1 1 3 1 1 1 2 4 7 4 6 6 2 4 8 11 11 17 15 24 31 33 22 21 12 15 23 39 38 49 44 30 52 42 26 13 21 30 49 49 39 42 27 38 38 44 38 24 11 8 7 4 3 2 1 0 2 2 3 4 4 9 7 7 14 8 7 14 14 16 26 12 65 23 8 16 15 4 10 7 17 9 12
0 1 0 1 1 0 0 1 1 2 0 0 1 1 2 2 4 0 2 3 5 12 7 8 9 13 8 7 5 8 10 19 37 35 15 34 19 32 22 27 33 37 32 27 25 39 25 22 35 48 51 42 45 42 48 19 14 14 12 20 16 14 11 9 6 5 3 1 0 2 3 2 5 7 10 3 7 6 14 6 11 9 19 13 28 54 15 11 26 9 5 11 9 15 18 19
0 1 1 1 1 1 1 1 2 4 0 1 1 2 2 4 1 0 2 4 8 13 18 10 24 16 19 20 12 14 9 41 50 38 44 31 29 40 28 22 35 22 28 19 23 34 35 33 26 44 49 37 46 45 42 18 30 32 32 33 26 20 16 17 10 9 4 1 1 3 3 3 9 6 8 15 16 11 6 12 9 15 16 27 22 42 31 27 23 10 10 17 8 9 4 22
0 0 1 1 1 1 1 1 2 3 1 1 2 6 7 3 1 0 3 5 6 17 18 26 16 19 36 28 25 26 26 39 56 56 47 52 53 34 58 37 22 36 16 10 15 25 25 28 32 32 41 37 44 37 43 45 45 48 45 46 43 38 23 12 6 4 4 1 1 4 5 5 10 12 9 10 17 13 15 4 18 7 8 22 27 43 51 61 25 14 19 16 21 21 14 30
1 1 2 2 4 2 1 1 3 4 1 1 3 9 5 1 0 1 2 4 11 14 19 24 28 24 36 32 44 49 49 44 22 34 47 47 49 28 44 44 43 32 25 20 36 33 21 42 26 15 15 32 48 62 44 47 63 56 50 30 43 23 9 11 9 5 2 1 1 3 10 6 10 13 19 14 20 13 16 14 10 24 12 5 6 24 45 58 26 32 24 22 19 33 14 14
1 1 1 2 6 4 1 2 3 5 1 1 4 8 3 1 1 1 4 5 7 9 14 23 40 24 31 32 27 49 58 49 45 39 42 29 34 35 41 35 37 26 23 35 49 47 31 36 16 10 15 46 57 35 62 63 34 38 25 23 17 12 18 17 6 5 3 1 1 2 12 8 9 9 12 21 17 17 8 16 8 30 19 15 8 6 21 35 50 61 32 27 23 27 11 14
1 2 2 1 2 8 2 3 8 2 1 1 3 12 5 1 1 2 5 6 11 19 22 37 40 38 21 27 47 46 29 56 81 69 40 38 27 36 48 37 25 38 40 23 34 24 31 19 40 34 38 46 48 59 64 48 57 39 37 34 24 18 14 9 7 6 3 1 1 3 4 16 10 10 13 13 30 28 17 33 13 12 21 20 15 15 13 26 46 53 37 33 28 28 17 26
1 2 4 4 2 5 2 5 17 2 2 5 7 9 2 2 0 1 5 9 20 15 19 41 46 46 40 17 14 18 28 30 34 18 22 34 51 36 33 48 45 37 28 23 21 15 21 31 46 54 52 50 52 61 74 66 59 48 35 37 27 27 24 11 10 7 3 2 2 8 8 10 22 10 12 15 33 31 21 16 27 13 11 27 31 18 19 21 36 48 59 35 30 21 35 17
1 2 6 9 4 10 2 5 20 7 3 9 10 5 2 1 0 1 3 8 23 27 22 27 38 51 37 19 21 20 27 30 35 32 24 16 28 37 55 48 42 34 18 28 30 20 24 18 5 11 46 46 36 52 48 34 36 55 49 40 38 18 14 12 8 8 6 1 3 8 12 10 12 5 18 19 21 38 51 34 37 22 16 15 30 22 16 27 42 75 70 36 23 20 34 16
2 2 3 10 5 10 5 5 7 12 4 13 10 2 1 1 2 2 5 12 15 21 33 18 29 43 60 25 22 23 36 36 35 38 31 37 31 35 29 11 18 35 24 29 39 23 22 6 27 38 44 60 70 62 45 65 61 73 50 32 35 31 26 21 17 7 6 3 5 11 10 19 26 11 11 31 27 41 35 31 47 19 27 29 47 25 14 20 15 31 55 32 32 17 46 35
2 2 2 6 19 8 13 5 17 8 16 6 2 1 2 2 4 3 13 21 12 21 27 31 13 30 47 64 38 38 25 39 29 21 18 21 26 19 17 17 17 11 8 7 17 12 18 17 33 32 27 48 44 57 64 62 39 57 37 23 25 26 23 19 8 7 5 9 9 12 15 22 5 15 28 34 33 25 42 24 58 25 29 23 25 47 36 37 45 34 41 28 51 22 29 54
6 3 3 3 7 17 18 9 30 12 10 2 1 2 3 6 6 4 5 5 11 17 25 51 48 28 37 17 43 60 25 41 24 21 28 30 39 25 24 18 16 15 33 24 12 6 6 11 26 40 38 50 48 41 52 45 38 31 20 8 19 22 17 14 7 6 5 10 11 13 16 29 9 8 4 8 27 50 63 25 51 43 32 33 21 18 57 31 46 43 39 50 23 22 40 54
4 8 5 4 4 9 30 12 11 4 2 1 2 4 8 13 13 4 6 8 15 19 22 9 13 14 19 32 17 22 48 70 48 36 18 38 14 20 26 7 12 17 11 8 12 28 17 18 26 33 39 30 29 39 38 39 27 42 30 31 39 24 21 11 15 14 8 14 14 17 15 29 9 18 11 16 16 13 33 38 28 54 36 38 24 46 48 19 43 59 56 48 24 26 26 33
5 10 6 8 14 21 21 11 11 3 3 2 4 10 11 16 18 11 13 15 18 22 19 15 14 20 20 14 17 29 20 28 35 52 46 64 19 13 13 17 20 12 19 21 11 10 18 19 27 41 54 33 31 37 51 26 46 62 67 52 42 27 25 22 17 16 15 26 17 18 20 24 14 22 23 17 30 29 33 52 25 56 39 56 25 22 42 15 21 31 55 37 18 32 32 58
7 13 10 14 19 27 22 4 3 1 5 4 10 13 14 20 12 28 25 17 22 23 20 27 34 23 26 19 22 45 27 9 9 13 16 40 49 31 37 57 42 36 21 19 21 13 5 20 45 39 45 20 22 38 41 44 56 71 42 42 46 25 27 20 18 18 21 33 21 21 22 25 25 26 35 19 34 33 31 34 58 77 48 58 42 17 45 28 11 19 35 44 29 40 29 12
9 19 22 19 45 28 5 3 5 6 11 10 8 18 17 26 9 20 46 14 27 21 12 19 27 39 17 27 32 34 55 24 19 10 11 9 11 9 18 43 56 33 27 32 31 24 16 18 35 29 24 23 32 39 55 55 49 44 46 30 46 35 21 8 25 12 14 44 26 25 36 28 40 27 40 33 33 41 34 28 26 18 61 67 51 24 24 28 16 11 24 46 35 41 49 29
12 15 41 33 42 7 6 6 7 12 15 15 22 31 11 22 12 22 26 42 17 33 14 11 16 32 32 38 34 24 15 40 13 22 16 11 12 14 12 19 26 15 13 23 12 6 9 22 20 29 23 21 13 34 51 62 31 57 69 56 25 20 13 7 36 24 24 36 34 27 42 31 60 42 41 45 32 33 49 34 29 18 45 48 52 29 14 56 21 19 31 43 59 53 37 39
8 20 46 58 26 4 8 15 16 16 28 36 19 24 16 14 32 16 25 25 24 23 21 17 20 29 28 44 34 37 43 31 44 18 23 17 13 11 8 18 18 11 10 10 12 10 18 37 21 26 26 18 29 46 62 54 79 56 41 52 33 16 6 15 19 45 28 32 40 27 33 33 53 48 32 46 48 33 36 52 39 12 26 56 63 34 12 30 31 23 35 26 67 56 26 62
10 27 51 30 5 5 17 18 13 37 25 51 15 29 19 13 17 52 17 26 45 24 40 18 17 36 41 37 33 49 30 36 48 20 25 20 15 20 6 19 16 8 18 23 22 17 36 33 36 39 43 43 44 39 42 54 60 46 48 37 32 15 8 24 20 33 28 32 41 32 32 33 36 55 34 33 53 37 37 37 51 23 27 32 52 32 18 26 44 31 18 22 21 54 41 36
12 41 35 18 8 12 23 26 16 31 15 46 22 29 43 16 37 54 15 36 54 22 48 20 16 36 46 49 23 15 44 17 19 38 55 38 9 17 8 14 9 6 6 10 15 16 22 30 44 44 40 26 24 30 27 34 44 50 34 51 36 21 17 26 33 41 21 27 35 43 30 29 17 43 37 34 41 44 39 35 17 16 47 25 51 35 24 16 22 50 14 29 52 51 37 13
18 34 35 25 12 14 30 48 16 22 19 41 20 28 54 23 38 54 27 22 32 40 35 24 19 22 23 33 37 47 20 31 14 11 5 35 40 11 8 10 8 11 17 17 15 22 21 32 35 45 39 45 34 32 31 32 23 37 36 18 24 31 28 30 29 34 42 34 40 48 19 35 21 30 43 34 40 21 17 37 25 22 19 25 53 63 26 14 25 42 10 15 44 50 53 31
36 35 46 19 15 25 28 36 19 29 24 29 39 20 51 23 23 45 29 19 20 19 69 43 18 18 20 18 29 32 49 29 11 24 5 7 34 13 7 11 6 16 28 25 13 18 9 15 38 50 55 37 31 19 17 35 43 60 38 18 11 31 30 30 31 33 49 25 41 50 21 29 34 33 48 7 27 41 22 19 40 21 19 21 28 44 27 14 15 46 16 12 13 42 69 54
71 37 17 16 25 28 32 35 22 54 34 21 46 22 53 25 22 33 32 17 20 32 52 35 15 22 17 34 34 40 33 32 30 27 5 11 12 27 5 7 16 22 15 18 23 23 17 8 27 49 53 55 36 28 35 41 48 59 52 24 10 37 34 23 33 34 40 31 25 47 32 19 22 44 50 23 18 19 41 14 26 49 24 19 58 45 13 27 5 43 35 17 11 8 20 26
20 10 20 17 25 28 45 36 39 43 32 21 67 25 26 54 23 49 44 16 18 29 28 60 28 28 15 31 41 42 31 21 32 43 14 12 10 32 10 8 10 12 10 11 12 18 23 20 27 52 42 42 39 32 25 29 21 43 42 10 20 26 39 19 32 35 27 46 22 44 39 28 30 22 37 21 23 26 24 29 13 8 42 21 30 52 23 41 13 24 63 19 34 23 14 10
42 24 43 31 28 32 56 33 56 49 18 31 49 34 34 55 20 21 62 13 30 28 18 52 19 28 32 24 25 30 39 44 9 19 18 13 6 8 42 10 4 11 14 23 21 10 12 25 43 39 59 51 18 27 29 5 21 28 21 12 20 47 43 20 17 37 27 38 22 26 69 20 37 39 25 23 29 23 37 25 36 20 15 39 13 44 53 47 20 29 75 30 22 17 34 16
76 39 23 38 38 41 41 34 61 41 29 32 28 35 30 41 19 17 52 25 31 25 13 24 37 33 25 18 20 19 26 27 35 12 13 37 12 9 14 24 8 16 16 22 21 22 17 8 38 18 9 10 11 24 26 49 32 20 21 21 17 34 28 21 21 34 45 16 43 14 47 22 33 37 12 19 31 14 22 32 32 33 18 8 14 11 36 68 35 25 45 28 29 18 32 22
85 42 27 36 33 42 21 34 39 20 29 30 34 41 26 47 25 22 43 18 16 38 15 7 6 11 11 8 25 50 22 30 34 6 12 3 22 11 12 51 11 10 8 14 24 15 34 17 60 27 23 16 18 15 39 44 27 10 11 36 17 12 30 24 35 21 51 19 50 16 23 36 23 41 15 30 19 23 18 15 31 38 19 14 14 15 6 15 38 56 42 40 28 17 41 25
69 36 23 43 27 27 27 29 43 18 31 25 25 48 24 52 25 38 31 17 13 25 22 10 11 13 14 17 19 24 39 27 16 14 6 5 5 14 9 36 7 6 7 17 16 13 34 32 14 21 30 24 7 34 46 41 26 17 7 35 23 19 11 39 33 37 45 23 44 27 19 22 43 50 18 18 27 12 20 6 8 31 15 21 14 12 13 8 6 23 53 35 19 25 45 29
76 35 52 29 30 26 25 27 31 17 27 33 16 53 46 18 26 29 37 20 27 13 29 15 25 25 17 26 15 14 19 20 25 13 4 9 5 9 15 20 13 3 9 6 12 14 15 35 12 11 18 19 24 50 49 37 26 23 9 14 36 18 29 20 33 53 27 39 13 33 54 14 41 64 26 6 20 10 13 8 22 18 25 17 8 5 8 15 15 10 28 51 42 13 40 16
74 46 28 27 26 31 40 23 36 17 25 23 26 29 52 12 12 11 22 5 25 14 25 25 26 25 23 27 28 7 10 15 35 23 8 5 28 7 5 25 41 5 13 7 11 24 25 34 11 12 12 19 43 39 41 24 8 21 21 9 31 16 27 28 12 20 25 30 16 19 49 19 28 38 3 8 9 21 21 11 3 18 5 9 15 1 3 6 14 14 16 10 42 19 32 9
23 50 17 30 25 27 33 21 58 19 23 32 24 9 35 22 21 11 36 14 15 22 22 30 25 14 26 28 30 5 9 10 20 20 22 10 9 21 5 4 26 3 7 6 4 34 42 22 15 13 19 38 43 36 41 18 11 27 19 20 29 20 12 9 28 23 12 33 16 18 44 33 45 22 4 13 6 2 8 20 8 9 9 10 19 6 8 7 10 9 11 24 26 38 29 6
27 57 27 21 13 24 31 29 20 33 21 26 25 14 19 20 19 14 61 14 10 13 20 45 15 14 22 32 25 9 10 10 23 18 29 19 8 10 17 6 27 5 6 4 4 18 11 25 7 34 23 42 41 44 23 11 17 27 17 26 36 30 45 16 17 21 12 39 11 17 15 28 35 10 5 3 6 7 12 10 11 3 2 15 14 23 16 13 8 7 4 3 9 39 25 8
25 63 52 5 17 18 41 29 17 35 19 14 10 14 9 27 7 23 18 7 12 10 20 15 29 18 16 20 14 13 7 17 20 21 18 14 16 15 23 10 28 6 8 7 6 10 20 44 18 15 36 52 49 38 8 14 24 34 21 30 18 41 23 37 25 14 10 13 10 17 23 41 19 18 12 14 1 12 16 8 13 3 2 10 9 36 33 10 9 7 7 5 3 12 22 22
12 22 50 8 19 10 32 29 15 34 27 10 3 17 11 33 10 22 16 21 10 9 23 30 21 9 11 15 17 23 3 6 13 27 22 11 16 33 13 21 35 13 8 15 7 8 6 35 41 39 50 56 40 14 10 30 35 31 24 35 35 23 13 19 36 5 11 14 16 8 16 21 17 27 12 11 7 20 13 3 21 31 8 12 3 5 13 14 7 9 2 6 11 23 9 19
15 28 45 15 17 5 9 20 18 15 21 7 2 8 19 52 14 9 17 5 15 20 22 26 16 6 9 8 18 13 9 10 20 14 7 4 15 28 30 10 20 15 12 22 16 13 18 58 43 65 72 53 7 11 14 16 29 31 19 23 39 13 30 22 14 35 54 11 7 5 6 32 11 20 22 15 14 25 22 13 19 55 15 18 6 3 6 16 40 27 14 8 21 17 13 34
14 19 47 20 26 9 9 17 6 19 26 18 7 8 13 28 15 7 16 7 14 16 14 9 14 5 24 3 12 21 10 10 21 28 11 6 23 11 10 24 3 11 4 13 37 59 77 50 47 47 30 8 11 14 20 22 25 23 15 14 16 11 19 21 4 28 15 1 1 12 10 14 34 13 33 23 20 20 27 12 24 31 14 21 12 9 10 9 12 18 21 32 11 27 38 50
18 10 6 40 12 7 3 3 3 14 39 11 10 5 9 20 7 6 25 6 9 12 11 9 5 7 7 4 2 16 9 10 11 15 11 17 11 15 4 8 6 7 5 58 44 51 77 81 53 19 7 11 11 20 19 17 24 25 18 5 1 4 18 37 31 42 6 4 3 21 31 18 18 6 40 14 33 14 31 8 19 22 22 30 18 18 5 3 8 6 5 9 29 10 32 26
19 15 10 43 3 8 9 4 20 1 22 9 8 11 14 23 9 10 21 11 4 9 8 18 4 10 2 16 2 3 7 11 19 16 6 8 35 20 6 8 18 62 67 68 78 46 63 80 58 4 8 15 16 15 4 13 16 13 13 1 1 14 43 53 37 15 8 20 22 12 25 30 9 7 17 19 32 27 45 43 51 33 14 25 21 18 14 1 4 12 12 8 11 24 34 27
16 10 5 52 8 3 5 5 23 2 5 19 7 7 7 21 8 12 32 11 5 9 8 25 5 13 5 9 12 12 5 10 15 15 14 16 16 15 13 28 48 65 81 71 80 78 70 60 5 7 18 13 14 15 6 7 25 32 9 4 4 21 45 33 19 12 17 22 22 13 26 39 53 13 10 18 19 20 24 13 7 15 20 47 40 24 11 4 13 4 17 22 15 23 47 18
12 9 5 13 30 21 9 5 23 7 6 21 2 6 4 4 13 9 14 10 3 1 1 11 4 15 15 11 19 7 7 10 6 21 11 19 12 6 16 36 29 29 54 73 76 65 6 5 13 9 10 7 14 14 9 6 5 54 14 15 8 18 11 32 24 9 25 27 21 48 34 37 7 10 13 25 26 21 19 15 21 23 28 18 31 11 14 8 12 3 4 18 10 19 47 21
12 10 4 6 40 12 9 4 13 4 4 10 10 2 1 3 6 3 10 7 8 1 3 4 12 19 11 9 13 6 10 11 11 8 14 20 10 5 17 27 16 39 26 16 15 6 16 23 17 16 9 9 6 1 5 15 6 23 23 10 10 16 6 19 10 11 11 32 31 44 15 8 11 17 18 23 45 22 22 19 29 27 33 30 33 7 12 7 17 5 20 20 11 13 19 11
9 11 7 4 26 3 4 6 18 6 3 5 20 4 3 4 4 4 12 11 4 4 2 8 22 14 9 13 5 7 7 16 14 17 14 8 14 7 30 27 59 62 25 8 13 12 5 7 10 4 4 1 4 2 6 17 4 40 16 6 10 10 21 14 4 13 13 44 37 2 8 1 5 20 42 43 28 26 15 17 26 22 29 35 25 17 14 15 8 6 14 17 14 17 12 8
5 5 10 15 17 2 8 4 10 3 2 2 9 5 4 3 3 7 3 12 4 2 1 4 13 16 16 7 3 6 4 9 10 16 6 14 15 10 24 18 19 25 15 14 17 9 7 11 19 13 4 1 1 2 7 19 5 20 18 10 9 12 13 10 4 8 24 33 6 1 3 10 6 7 12 33 36 37 11 18 23 27 37 14 30 21 18 19 19 8 9 20 10 4 5 7
17 4 7 24 33 2 6 3 11 4 3 2 4 5 6 0 4 3 6 3 3 2 2 4 9 18 15 5 4 4 2 3 12 3 10 7 9 7 34 14 17 25 10 14 4 12 4 2 5 15 11 2 1 4 1 4 18 4 17 1 2 18 14 3 9 26 31 34 6 0 1 13 9 8 12 23 34 18 9 12 23 30 25 27 18 17 27 20 9 6 15 12 10 6 3 5
10 3 0 3 6 8 4 3 4 4 2 1 1 4 3 0 3 4 6 2 2 2 1 10 7 8 12 2 5 6 2 1 3 6 10 9 14 45 20 65 60 36 7 3 2 15 10 5 4 11 6 7 1 2 6 3 24 15 3 0 0 13 14 9 20 28 26 27 2 6 6 13 36 5 9 21 21 13 8 9 20 18 13 8 16 31 13 22 5 6 6 7 3 2 5 2
4 8 2 4 1 12 4 3 0 2 3 1 1 1 1 1 2 4 14 0 1 3 3 9 5 4 4 1 4 3 4 2 3 6 7 18 25 31 62 41 34 37 18 4 5 7 1 1 1 5 9 5 4 1 5 10 4 26 8 5 6 28 8 3 14 20 16 24 5 9 13 11 15 4 7 10 16 24 16 8 2 3 3 5 8 9 6 9 6 5 3 3 1 2 1 2
4 9 10 4 1 6 1 7 1 2 3 2 2 1 4 2 2 3 3 1 1 2 5 4 6 3 5 1 3 1 2 3 3 5 8 39 41 62 79 50 12 5 11 6 5 1 7 19 4 11 19 3 6 14 7 14 3 11 8 14 4 28 7 8 17 18 16 28 6 7 10 11 12 4 1 2 11 15 48 18 3 3 8 9 5 6 4 6 4 2 1 4 1 1 2 4
