sesion_6_simulaciones/modelos_agentes/ejemplos_netlogo/scenarios/echam4_b2/rob_2040.asc
NCOLS 322 
NROWS 307 
XLLCORNER 451900 
YLLCORNER 4086900 
CELLSIZE 100 
NODATA_value -9999 
[rows 73 to 145 of 307, columns 96 to 191 of 322]
22 24 17 18 46 28 52 76 38 38 33 42 52 56 7 2 11 16 10 5 17 40 19 7 5 9 4 6 5 5 2 0 1 3 0 1 2 2 6 6 5 5 16 6 4 6 6 18 7 6 10 14 22 37 26 24 14 20 39 40 29 69 65 63 58 62 45 41 51 68 65 52 54 67 51 28 75 56 59 77 46 46 40 43 68 70 45 22 18 12 5 4 2 0 1 1
20 50 32 22 19 24 19 48 21 22 17 59 31 69 61 44 12 5 7 10 46 50 20 10 8 4 4 1 4 9 2 2 6 6 3 1 1 2 3 2 2 3 6 2 3 3 4 2 2 5 4 14 28 22 17 11 17 22 39 27 19 73 60 47 53 59 36 52 62 63 52 64 49 64 39 40 54 61 45 40 23 46 63 54 38 20 22 23 12 15 12 11 10 5 1 0
26 28 27 19 12 19 27 34 20 37 38 28 19 22 37 59 30 39 41 59 83 53 48 21 12 8 4 1 5 1 3 28 8 7 10 8 2 1 2 1 2 11 11 12 17 7 5 25 29 4 3 3 5 18 6 9 18 31 23 14 31 35 54 44 52 39 32 45 57 66 38 76 42 50 42 28 54 28 23 49 53 45 21 23 33 32 25 22 31 27 34 34 18 12 4 2
42 24 21 20 15 26 15 42 19 43 50 18 21 43 30 29 38 62 53 63 78 73 69 52 16 8 6 3 4 5 15 26 15 10 12 9 11 2 4 5 4 2 5 2 3 10 6 14 13 12 3 2 5 5 7 8 16 26 12 14 21 11 40 43 43 35 49 36 65 49 26 57 52 38 51 42 24 17 71 44 33 33 52 38 54 58 53 63 65 45 45 42 27 17 10 6
43 15 31 28 22 19 22 31 26 31 72 30 30 31 32 42 67 37 63 62 79 81 57 42 43 8 5 7 14 10 21 7 12 8 13 3 20 8 4 13 3 1 1 1 3 7 16 13 10 27 21 13 7 2 3 5 10 7 8 6 15 7 31 23 24 16 43 38 44 24 16 23 49 18 41 21 22 29 56 34 47 44 40 58 74 71 77 60 57 66 42 43 25 20 12 10
41 24 33 31 41 20 27 30 12 51 71 60 41 25 41 47 51 63 79 46 45 55 66 72 29 21 24 34 41 21 21 9 13 16 2 7 9 9 8 15 8 2 1 2 5 8 18 23 9 44 31 23 25 13 12 4 4 4 5 3 8 6 7 10 9 12 15 28 16 9 13 11 39 26 18 7 26 35 31 35 55 74 82 75 77 78 54 62 66 45 46 28 21 20 18 33
57 58 21 56 60 39 15 34 14 36 34 65 47 34 38 8 44 82 53 53 52 33 61 73 38 21 66 64 57 51 56 23 5 4 6 17 21 4 8 13 16 3 2 6 7 8 14 53 49 45 37 32 39 11 29 20 18 6 2 1 6 10 4 4 6 9 12 15 5 4 12 22 19 13 46 41 14 14 35 55 66 69 68 69 59 71 71 79 60 42 39 26 22 33 51 32
81 85 65 63 25 20 14 13 13 42 22 14 49 60 15 35 75 50 39 31 45 25 12 51 61 63 71 56 66 51 78 61 17 17 21 33 14 11 4 9 25 10 4 5 11 27 15 13 54 33 43 66 43 33 42 17 25 36 28 20 23 6 24 10 4 1 7 13 14 21 14 3 5 6 12 36 45 58 30 61 61 49 72 60 54 58 71 76 61 53 49 33 65 62 25 20
65 62 74 20 15 17 24 19 17 25 25 6 14 26 31 44 24 55 56 43 33 47 11 19 57 73 72 40 33 46 45 25 45 43 39 34 36 35 8 11 30 21 4 5 18 21 11 7 29 14 56 65 39 72 52 24 52 21 16 18 31 10 19 25 17 7 15 18 36 12 22 6 6 6 12 7 13 53 53 54 35 54 72 64 48 57 78 67 61 55 54 59 72 56 25 44
79 78 66 35 34 38 41 29 16 21 32 5 17 31 38 25 21 71 50 36 40 72 41 37 65 91 65 16 35 46 26 28 9 12 69 46 15 16 9 26 41 35 10 8 14 13 12 16 19 42 47 76 75 79 51 51 53 29 46 25 38 23 25 21 18 20 8 15 34 15 41 50 32 22 12 14 14 15 45 68 76 43 61 60 40 76 61 45 57 71 58 76 54 47 36 66
36 53 74 71 15 14 39 39 52 27 27 8 27 56 40 13 21 82 33 51 46 43 30 66 47 54 31 44 54 42 29 24 13 46 81 55 32 17 11 37 17 8 18 7 9 8 11 15 19 35 26 69 64 79 59 58 70 40 57 46 38 41 20 19 25 12 33 12 28 45 59 58 36 18 21 12 12 21 18 62 56 55 30 53 71 39 47 50 62 53 60 50 35 44 45 83
21 30 42 53 60 17 31 21 16 45 39 17 27 51 42 25 37 79 46 46 26 19 73 73 65 52 26 59 58 41 20 10 54 86 83 78 68 34 35 44 31 5 15 11 13 23 18 15 24 9 5 29 74 84 56 65 54 55 73 61 47 39 20 12 39 18 50 32 29 48 67 58 21 16 22 17 20 24 22 29 65 75 68 48 24 59 71 71 60 71 30 49 48 66 47 76
17 26 42 27 49 54 43 38 20 34 55 15 29 58 42 51 40 53 60 70 65 21 43 52 81 70 65 69 66 70 42 78 88 76 72 85 78 41 25 47 27 8 19 12 14 21 23 17 22 16 19 35 76 79 56 47 52 81 73 73 48 18 34 40 53 37 67 57 48 32 70 50 53 44 36 22 21 29 24 25 39 74 58 75 67 39 66 31 68 37 33 58 45 77 50 63
15 10 6 6 17 37 19 9 14 26 34 17 41 65 49 19 38 33 55 68 75 66 33 38 42 47 74 86 59 60 79 84 86 70 77 76 61 75 50 54 31 51 32 42 18 26 39 43 29 31 21 39 68 89 68 50 78 67 79 70 50 33 33 42 68 45 65 60 55 36 60 47 36 13 30 15 6 23 25 19 11 58 72 63 49 81 57 55 58 55 56 68 72 78 77 46
11 5 1 2 15 17 4 7 13 22 12 28 60 54 21 12 21 31 57 60 72 89 57 31 28 39 79 77 84 43 84 70 69 69 88 82 61 76 47 59 50 81 29 59 40 29 26 20 24 24 22 18 46 82 69 77 67 78 88 65 40 42 50 66 61 49 64 58 48 17 20 29 49 42 47 26 11 20 28 36 45 15 61 67 62 73 82 85 91 74 85 87 74 44 79 34
14 12 4 2 15 10 6 10 17 13 18 30 42 50 20 7 46 48 39 46 53 66 79 75 58 40 61 73 84 77 76 86 83 55 58 46 48 75 30 44 86 71 50 37 26 34 21 33 43 49 51 25 33 63 61 70 66 81 82 67 59 71 70 69 69 40 58 63 51 24 21 43 59 47 28 57 20 12 22 32 41 28 23 60 66 85 78 52 52 65 66 82 75 46 59 69
17 8 7 3 7 5 3 21 12 11 9 17 61 36 14 7 43 28 41 54 54 65 76 73 74 49 54 29 49 76 65 70 75 66 65 62 48 38 52 85 50 70 34 19 30 52 36 37 50 56 46 44 28 34 32 56 68 72 81 61 49 62 58 81 75 49 60 75 33 12 13 36 32 41 75 56 24 22 10 38 29 46 47 18 56 78 76 73 73 66 49 46 63 42 28 49
9 10 4 3 2 2 2 12 12 5 19 39 61 56 15 6 25 8 27 66 67 68 36 47 72 58 58 46 71 91 86 80 57 70 53 35 41 33 65 44 41 39 19 50 72 52 44 43 36 31 31 31 27 26 11 17 54 68 81 51 68 63 80 87 86 51 78 62 50 27 17 28 51 66 85 32 26 56 19 27 29 40 54 40 18 62 67 51 33 47 44 42 32 47 46 44
19 15 9 4 3 1 1 3 9 11 14 47 33 22 33 11 32 8 4 20 27 63 40 38 38 24 45 63 83 90 72 78 80 77 70 42 24 36 76 23 53 54 67 74 75 50 66 25 23 31 61 58 66 64 59 28 12 9 42 52 53 65 79 87 87 61 90 66 64 53 27 31 49 85 66 27 51 45 26 16 38 48 52 45 36 12 31 53 45 45 28 42 64 71 60 59
11 8 4 3 2 2 1 0 4 12 19 25 25 10 10 5 31 13 6 29 25 35 23 32 42 38 32 62 37 65 70 68 70 61 20 32 44 49 52 29 67 67 82 68 61 44 76 64 65 51 56 53 54 38 46 18 8 9 12 39 65 84 76 86 78 53 80 74 40 33 37 56 48 70 40 47 70 52 50 52 41 52 41 41 46 33 10 19 23 31 50 60 68 70 67 57
5 4 4 4 3 2 2 1 1 4 11 19 21 17 8 5 31 10 4 16 11 15 20 27 19 40 41 51 35 13 31 36 29 23 45 49 67 79 54 53 30 68 92 62 39 75 65 55 72 53 55 46 31 39 40 47 27 13 14 61 80 76 83 88 84 82 77 83 68 30 48 37 41 20 29 69 61 27 46 22 32 37 37 37 46 34 42 19 7 33 53 72 79 72 68 44
9 4 9 13 7 5 5 4 3 3 7 13 11 9 8 4 15 6 2 7 14 10 9 11 16 30 30 33 36 27 12 10 14 36 41 72 81 57 63 69 49 83 87 60 73 65 62 39 80 57 70 56 66 72 72 58 39 17 19 32 75 67 84 85 80 74 78 84 75 48 32 46 51 46 48 52 62 80 32 34 22 22 44 38 28 44 59 53 21 21 29 26 40 48 51 42
25 20 13 23 20 14 13 13 6 2 4 6 5 7 5 6 4 4 3 5 6 8 4 5 12 16 21 23 24 33 9 10 15 35 79 84 65 44 72 77 65 75 79 66 58 67 61 54 80 64 54 70 59 67 69 58 41 21 14 18 24 65 79 82 73 65 81 75 52 20 32 58 30 51 72 63 71 45 23 51 25 29 40 41 68 50 32 39 48 48 42 19 12 11 20 23
36 19 30 26 31 22 30 17 8 7 1 2 1 3 5 3 4 3 2 2 6 6 3 3 4 5 21 17 17 7 12 5 20 73 70 70 30 61 86 70 54 55 64 28 37 82 55 75 80 75 54 70 80 55 32 36 39 43 33 21 26 41 62 70 70 67 52 58 31 27 45 46 40 58 68 76 59 44 48 54 43 23 38 71 69 65 49 44 49 52 62 57 38 15 8 16
35 37 42 28 38 33 22 19 16 15 14 5 3 1 1 1 3 3 1 1 3 1 2 2 2 4 14 25 11 9 14 3 32 63 48 29 38 77 87 76 41 49 45 34 77 67 48 53 86 83 45 54 56 71 57 37 13 21 26 35 30 39 31 41 27 48 55 51 24 42 55 53 47 45 67 61 53 62 29 15 45 37 48 64 70 55 54 47 35 43 56 50 45 23 18 6
49 35 45 48 45 28 27 31 17 19 13 10 9 4 2 1 1 2 1 2 2 2 1 1 1 3 4 16 3 4 16 4 21 40 18 26 37 59 56 61 48 52 31 70 75 30 55 87 84 77 78 35 21 31 26 33 14 19 35 45 29 44 31 20 19 35 28 25 21 49 47 63 36 59 66 59 74 38 41 26 53 25 24 33 44 65 66 48 38 31 51 44 48 41 35 15
35 24 49 53 23 32 14 16 31 23 15 13 10 8 5 2 1 0 0 0 0 0 1 1 1 1 1 2 2 15 7 3 5 6 10 35 42 54 86 66 59 44 57 59 55 44 51 88 83 73 91 69 45 57 55 34 18 13 7 16 47 32 26 15 17 33 24 20 29 39 55 62 53 28 36 37 47 42 36 42 10 49 34 45 50 62 58 62 68 49 48 50 55 63 39 26
20 36 71 49 45 26 45 25 39 33 19 17 12 4 4 3 3 2 2 2 2 2 1 1 1 0 1 1 3 15 2 4 5 3 15 38 48 17 44 40 51 43 42 57 42 46 66 87 81 81 84 85 45 31 27 22 22 27 21 4 6 16 16 15 16 23 16 19 19 37 48 63 55 58 19 32 49 41 20 23 45 25 21 48 57 56 61 69 59 72 60 69 68 63 47 39
25 42 66 42 38 36 23 26 41 29 26 21 14 11 5 8 4 5 5 5 3 5 2 2 3 2 0 1 2 7 2 4 6 5 13 18 18 23 17 9 39 50 32 26 35 70 83 84 76 67 79 78 59 44 49 58 50 35 27 9 2 13 10 8 14 12 11 14 27 37 35 45 41 37 48 43 35 51 81 76 62 65 43 41 42 47 54 63 75 63 77 72 65 65 63 57
26 58 27 32 40 32 31 19 35 35 14 11 21 10 8 6 5 6 7 7 7 7 6 4 3 4 1 0 1 3 1 2 4 6 10 12 13 22 22 8 17 56 42 16 44 54 85 78 39 32 43 67 81 73 56 53 46 33 17 8 3 16 8 4 6 8 11 22 29 38 36 41 45 60 72 74 64 81 79 74 64 45 33 20 25 48 69 63 63 68 76 77 75 78 69 64
56 24 32 28 22 35 35 26 13 15 21 23 21 17 7 10 9 9 10 16 15 9 13 7 10 5 3 1 0 2 1 1 3 5 11 12 18 18 18 6 10 23 34 12 34 37 67 41 22 25 50 57 80 75 67 50 47 34 17 12 3 6 4 3 11 8 14 32 30 36 39 37 67 72 86 70 77 70 73 54 23 17 19 34 15 41 56 56 74 84 76 61 45 41 33 31
20 26 42 64 56 41 16 9 12 31 30 24 12 22 17 18 14 21 20 20 18 17 13 15 11 6 3 2 0 0 0 1 1 5 7 25 34 19 21 9 7 7 11 3 11 21 17 24 28 42 44 67 84 75 69 67 60 48 40 20 6 4 5 2 10 14 18 16 14 27 49 51 58 62 64 69 70 59 40 31 36 26 43 41 72 49 33 59 81 70 57 59 59 56 50 48
42 55 48 17 15 24 28 13 22 36 33 27 26 25 22 29 19 25 26 32 14 28 24 19 11 6 2 2 1 0 0 0 1 2 6 11 12 18 25 12 14 10 11 3 8 17 25 58 72 71 86 69 85 82 77 61 63 41 28 17 5 6 5 2 2 4 7 19 31 28 44 66 42 48 46 62 64 25 15 28 25 35 56 50 70 49 71 55 62 56 58 61 56 63 64 57
46 29 38 36 35 21 29 16 37 38 35 37 51 33 44 38 35 48 39 26 28 28 35 13 14 8 4 1 1 1 0 0 0 1 3 5 16 28 29 9 4 7 7 5 9 21 51 36 66 60 62 54 90 85 78 54 38 27 16 7 5 2 2 0 0 3 10 31 39 31 38 61 50 36 31 42 27 31 52 50 32 55 57 55 67 75 57 49 49 53 45 55 60 67 60 75
26 24 16 15 13 12 7 23 43 40 39 57 44 49 49 48 57 29 23 48 36 41 34 16 8 5 6 4 3 2 1 1 0 1 3 2 2 10 19 11 6 6 7 8 18 20 12 27 44 81 49 64 82 68 72 61 41 22 8 6 4 2 0 1 0 2 9 18 44 31 35 14 26 39 30 44 47 48 44 39 40 59 54 54 63 60 34 58 29 39 55 65 66 47 75 76
14 22 33 38 32 18 16 28 41 59 55 55 43 53 70 69 47 30 31 58 41 26 22 18 9 6 7 7 3 2 2 2 1 0 2 3 1 2 2 1 2 3 4 7 13 11 15 30 72 30 24 49 86 70 55 32 25 18 18 11 3 2 0 1 0 2 6 11 19 26 26 20 39 30 38 47 60 72 69 67 63 80 56 41 40 49 62 76 69 46 48 55 48 58 64 59
26 46 32 55 27 25 27 45 45 61 58 27 29 55 55 44 35 34 49 72 34 26 24 22 13 11 6 5 3 2 1 1 2 1 0 2 2 1 1 1 1 3 3 3 4 11 20 12 58 20 36 66 84 55 32 29 21 10 7 9 4 4 0 1 1 1 3 3 11 13 25 33 47 44 70 71 82 52 36 24 74 73 75 51 21 53 73 87 80 71 75 46 67 53 48 79
42 44 66 57 29 48 48 49 69 62 48 35 40 63 45 62 25 39 71 43 30 25 29 26 23 17 9 6 3 3 2 2 2 2 1 0 1 1 1 1 1 2 2 3 4 9 13 12 9 16 43 76 78 48 37 28 13 11 9 6 4 1 1 1 1 1 4 9 16 23 33 39 53 64 72 65 33 35 27 66 72 77 80 82 41 59 82 82 71 63 57 62 46 54 37 56
58 60 39 31 37 49 48 68 38 51 24 49 51 79 64 47 28 65 25 21 45 26 19 13 15 13 10 10 9 5 6 5 3 2 1 1 0 1 1 1 1 1 1 2 5 14 6 13 3 6 27 60 88 79 41 26 18 6 8 5 4 2 2 0 0 1 6 14 32 36 36 47 54 50 44 49 44 59 71 76 72 76 66 81 71 63 64 36 21 18 45 74 67 49 32 38
65 53 38 26 39 54 63 17 59 26 32 51 68 72 50 30 60 54 35 16 17 26 9 10 18 16 25 11 17 14 8 8 3 3 2 2 1 0 0 1 1 1 1 3 4 8 1 8 2 11 20 9 59 68 37 18 8 6 5 2 4 4 2 1 0 4 8 11 16 22 27 33 39 43 65 70 67 67 71 60 68 60 45 73 65 45 37 47 61 64 78 35 54 51 31 30
36 52 36 32 48 68 71 25 60 51 64 50 79 48 37 46 62 29 33 27 59 37 19 13 23 35 24 32 25 29 13 5 1 6 3 3 3 1 0 0 1 1 1 2 3 1 3 8 2 8 7 39 56 28 27 23 17 9 4 2 4 3 2 2 0 0 4 9 16 16 20 27 42 36 34 34 36 38 81 42 65 72 53 50 42 30 62 67 66 79 73 54 43 59 59 59
85 38 52 55 65 47 47 58 57 51 58 57 51 45 41 73 35 45 37 67 60 36 42 32 18 44 47 46 56 33 22 6 2 2 2 2 2 2 2 0 0 1 2 2 1 2 15 4 1 7 37 46 60 20 17 24 12 8 6 3 4 2 2 1 0 0 1 4 7 10 4 13 13 15 31 46 45 46 70 63 53 67 85 43 34 50 50 59 77 69 60 71 54 58 46 58
79 93 87 89 84 55 18 11 57 35 65 76 85 76 62 68 65 75 57 69 55 54 53 45 42 52 69 75 37 37 23 12 11 6 4 4 1 3 3 1 0 1 1 1 1 1 1 1 1 7 17 58 53 13 18 18 16 8 4 5 3 2 2 0 0 0 4 7 9 18 25 34 51 47 29 30 46 77 71 74 76 57 60 73 42 47 64 64 53 37 72 84 50 44 57 66
64 87 73 80 76 60 75 32 57 45 21 39 81 87 89 63 46 55 66 67 62 58 67 52 65 64 77 61 58 50 39 23 16 13 12 4 3 4 3 2 1 0 0 1 2 1 1 0 1 4 15 8 26 8 23 12 15 12 5 3 3 3 1 0 0 2 4 10 15 27 47 41 27 42 65 45 60 75 76 88 77 64 59 55 16 26 30 47 69 82 86 60 82 50 51 60
45 85 64 77 76 66 87 65 41 73 52 45 70 79 73 64 73 54 79 88 88 73 60 45 80 68 72 61 45 34 39 28 23 24 19 10 6 4 2 2 2 1 0 1 1 1 2 0 1 1 3 5 33 15 32 28 11 15 5 6 1 1 1 0 1 3 7 6 14 27 49 60 66 55 71 76 80 76 69 84 82 52 37 33 19 26 49 67 60 90 60 70 78 80 53 54
50 81 71 62 80 54 63 26 47 75 59 34 13 59 69 66 74 59 56 82 87 53 75 40 71 60 72 57 49 23 33 46 44 38 30 12 4 3 4 2 1 1 0 0 2 1 2 0 0 0 2 11 32 7 10 4 12 15 13 4 1 1 0 0 1 2 8 7 15 26 39 55 48 32 33 47 82 58 79 80 88 85 28 21 17 35 63 41 72 84 71 79 65 58 42 61
14 40 27 50 73 60 58 16 49 80 46 27 18 34 69 65 70 67 34 42 67 50 44 61 32 30 77 49 28 17 9 14 23 18 18 17 7 9 8 3 1 1 0 0 1 1 1 1 0 1 3 15 13 22 9 5 5 3 2 1 2 1 1 0 1 2 4 4 9 15 24 19 27 43 45 62 87 89 73 65 80 84 67 21 10 27 27 50 80 67 61 29 21 29 41 58
14 44 70 52 62 43 70 48 59 82 66 38 36 34 67 81 52 12 13 26 38 24 31 69 39 18 62 49 58 21 2 16 33 25 11 22 15 10 4 2 1 0 0 0 0 1 2 1 1 3 5 10 5 7 5 6 1 1 2 3 1 1 0 0 1 1 2 3 4 10 19 25 44 44 56 80 88 87 83 51 59 70 62 31 9 19 39 64 59 30 30 60 62 56 59 73
24 15 15 21 30 44 74 30 65 66 84 55 35 27 30 23 16 13 13 33 26 24 17 60 24 45 52 40 54 69 30 16 17 12 15 19 13 9 6 3 1 0 0 0 0 0 1 1 0 1 5 11 1 3 4 10 3 1 1 2 0 0 0 0 1 2 16 10 15 30 44 66 72 56 71 93 89 88 82 64 19 39 55 51 12 20 38 60 45 46 86 63 46 51 40 74
27 34 16 15 28 45 67 58 39 56 76 56 24 11 30 31 13 33 13 14 22 21 18 61 21 17 46 35 41 57 34 25 32 11 6 6 3 3 3 2 2 2 0 0 0 0 0 0 0 1 5 6 1 3 2 2 4 4 1 1 0 0 0 1 1 3 6 18 38 54 82 56 32 49 80 93 88 79 79 80 67 22 52 50 11 21 42 38 29 71 68 50 62 78 22 10
28 39 28 18 25 17 63 69 59 27 77 47 18 6 23 24 31 35 25 15 19 24 5 24 51 6 17 20 47 71 27 7 14 9 13 14 9 7 3 2 2 1 1 0 0 0 0 0 0 1 6 5 1 2 3 1 3 2 1 1 0 0 0 1 1 3 7 23 41 40 19 24 48 57 76 79 84 77 71 55 71 31 21 27 19 37 27 21 61 85 47 58 66 73 66 22
43 28 29 11 11 15 46 75 38 33 63 59 36 5 22 22 43 34 28 19 19 32 14 15 70 14 20 20 42 41 44 29 28 30 22 14 11 8 6 2 1 0 1 0 0 0 0 0 1 3 9 7 1 2 2 0 1 1 1 1 0 0 0 1 2 6 23 30 22 13 30 40 55 87 77 68 84 56 39 30 60 37 21 5 6 28 27 48 83 58 45 56 78 63 64 31
71 17 30 15 12 17 31 38 12 11 70 47 8 4 18 22 40 31 42 29 32 27 22 17 31 18 8 19 30 26 38 45 23 15 11 5 7 6 6 4 1 1 0 0 0 0 0 0 0 2 6 4 2 1 0 0 0 0 0 0 0 0 0 0 2 10 13 10 7 12 38 49 78 85 85 67 47 64 24 26 56 26 7 3 12 36 51 64 71 27 56 83 73 68 78 40
18 31 13 12 9 8 12 19 14 17 55 25 11 4 12 16 36 12 31 21 21 25 22 14 22 31 14 8 3 15 16 33 16 9 12 7 4 2 4 3 1 0 0 0 0 0 0 0 1 3 4 1 1 1 1 0 0 0 0 0 0 0 0 1 2 6 4 1 8 29 40 50 82 86 73 61 44 49 52 15 24 19 6 4 18 23 44 70 44 43 77 67 65 65 60 51
18 12 23 24 9 9 4 6 4 5 17 8 23 9 6 13 32 13 8 23 10 6 3 22 25 34 5 4 2 5 25 38 33 14 7 4 4 2 2 1 1 1 0 0 0 0 0 0 1 1 2 1 0 1 0 0 1 0 0 0 0 0 0 1 3 2 1 3 17 31 47 75 74 77 68 63 44 33 48 20 12 13 5 4 15 21 52 60 43 33 37 52 47 40 56 62
31 18 12 26 27 17 13 4 3 10 8 6 17 19 6 11 18 19 6 7 6 7 5 43 20 21 12 1 2 1 6 8 25 22 11 6 3 2 1 1 3 1 0 0 0 0 0 0 1 1 1 1 2 1 1 1 1 0 0 0 0 0 0 1 1 0 1 7 18 51 60 80 78 62 40 22 17 15 22 21 15 5 3 4 11 18 35 36 24 16 33 28 19 35 53 66
33 20 10 15 17 29 12 4 1 7 9 4 4 7 4 5 9 15 6 4 4 2 2 7 2 5 17 2 2 2 1 5 24 24 9 5 6 11 8 4 2 1 0 0 0 0 0 0 0 1 1 1 1 1 1 1 1 0 0 0 0 0 0 0 0 0 1 4 19 74 70 67 81 72 39 20 6 2 7 12 8 3 1 2 7 16 30 16 9 27 37 43 71 59 72 64
65 33 17 5 11 20 27 3 5 9 11 5 2 4 4 2 5 13 4 3 2 2 1 3 1 1 8 6 1 3 1 1 8 38 20 7 3 2 2 1 1 1 1 0 0 0 0 0 0 0 1 1 1 1 0 0 0 0 0 0 0 0 0 0 1 3 6 19 42 47 77 82 68 77 64 34 16 7 2 2 6 4 1 0 2 5 8 3 10 25 35 70 72 61 57 62
48 75 28 13 3 6 5 5 6 8 6 3 7 2 3 1 1 12 5 2 1 1 0 2 2 0 4 5 1 2 1 0 3 13 29 14 6 5 7 3 1 1 0 0 0 0 0 0 0 0 0 1 1 0 1 0 0 0 0 0 0 0 0 0 1 6 12 9 17 41 70 64 55 53 70 39 15 5 2 1 1 1 0 0 2 1 2 5 17 29 63 67 40 54 64 63
10 61 68 37 14 6 2 10 3 3 3 3 9 3 2 1 1 10 6 3 1 0 0 1 3 0 2 2 2 3 1 1 3 2 4 20 6 2 3 3 1 0 0 0 0 0 0 0 0 0 0 0 1 0 0 0 0 0 0 0 0 0 0 0 1 1 1 7 46 57 57 53 41 44 42 34 15 7 5 2 0 0 0 0 3 8 7 6 14 37 39 26 29 51 68 61
6 30 37 52 22 9 4 8 7 2 5 3 4 3 5 3 1 3 8 1 1 1 0 1 2 1 1 2 0 2 3 1 2 3 3 1 18 7 6 2 1 0 0 0 0 0 0 0 0 0 0 0 0 0 1 0 0 0 0 0 0 0 0 0 1 2 4 10 37 62 58 71 57 16 14 20 11 10 7 4 1 0 0 1 3 6 20 28 12 12 10 23 42 54 77 56
13 20 15 32 12 6 6 5 6 4 3 3 3 5 3 3 2 2 4 3 1 1 0 1 2 2 1 1 1 1 3 1 0 1 2 5 6 2 11 3 1 0 0 0 0 0 0 0 0 0 0 0 0 0 1 0 0 0 0 0 0 0 0 0 1 2 3 16 36 51 79 68 65 34 11 6 9 7 5 3 0 0 0 2 4 8 21 44 42 32 36 25 45 54 80 68
8 14 5 14 16 12 7 5 4 4 2 1 1 2 2 3 2 2 1 2 1 1 0 1 1 2 1 1 1 0 1 0 0 1 2 5 6 2 12 1 2 1 0 0 0 0 0 0 0 0 0 0 0 0 1 0 0 0 0 0 0 0 0 0 1 2 4 9 35 28 66 62 47 39 43 13 9 5 2 0 0 0 0 1 6 16 26 41 56 49 50 49 43 68 91 79
9 7 7 5 7 3 4 4 12 8 3 1 2 1 1 2 1 1 1 1 1 1 0 0 1 1 0 1 1 0 0 0 1 1 10 13 5 3 1 2 2 1 0 0 0 0 0 0 0 0 0 0 0 0 1 0 0 0 0 0 0 0 0 0 1 2 5 21 40 53 57 65 53 33 23 21 8 5 1 0 0 0 1 0 2 11 18 32 42 30 51 57 75 91 91 79
4 8 4 3 2 2 2 1 2 2 1 1 1 1 1 1 1 1 1 1 1 1 0 0 0 1 0 1 0 1 0 0 1 3 5 8 12 24 20 9 1 1 0 0 0 0 0 0 0 0 0 0 0 0 0 0 0 0 0 0 0 0 0 0 1 3 16 33 46 60 62 59 61 42 12 7 7 2 1 0 0 1 4 3 3 2 5 9 15 34 41 70 68 90 91 75
2 4 1 2 1 1 1 0 1 1 0 1 1 0 0 0 0 0 0 1 1 1 0 0 0 0 0 1 1 0 0 0 0 1 1 1 2 2 2 0 1 1 1 0 0 0 0 0 0 0 0 0 0 0 0 0 0 0 0 0 0 0 0 0 2 2 5 13 34 58 37 66 37 25 8 4 3 2 1 0 0 1 4 8 17 12 15 14 29 53 61 66 80 84 75 62
0 0 1 0 0 0 0 0 1 1 0 0 0 0 0 0 0 0 0 0 0 0 1 0 0 1 1 0 1 0 0 0 0 0 0 0 0 0 1 1 1 0 0 0 0 0 0 0 0 0 0 0 0 0 0 0 0 0 0 0 0 0 0 0 1 3 4 11 24 20 32 39 35 16 4 2 1 0 0 0 0 0 2 4 8 23 39 38 56 77 72 57 72 63 65 51
2 0 0 0 0 0 0 1 1 1 1 2 2 3 1 1 0 0 0 0 0 0 0 0 0 0 1 0 0 0 0 0 0 0 0 0 0 0 0 0 1 1 0 0 0 0 0 0 0 0 0 0 0 0 0 0 0 0 0 0 0 0 0 0 1 2 5 18 15 17 32 17 17 4 2 1 0 0 0 0 0 1 3 6 10 26 70 70 28 37 76 86 61 29 29 44
5 2 1 1 1 2 2 3 2 2 5 7 9 7 4 2 1 0 0 0 0 0 0 0 0 1 0 0 0 1 0 0 0 0 0 0 0 0 0 0 1 0 0 0 0 0 0 0 0 0 0 0 0 0 0 0 0 0 0 0 0 0 0 0 1 3 5 5 9 12 14 9 11 2 1 1 0 0 0 1 2 3 5 10 34 48 38 12 21 61 89 85 83 26 15 16
11 3 2 5 6 7 7 8 8 11 10 9 10 16 7 3 2 2 1 0 0 0 0 0 0 0 0 0 0 0 0 0 0 0 0 0 0 0 0 0 0 0 0 0 0 0 0 0 0 0 0 0 0 0 0 0 0 0 0 0 0 0 0 0 1 4 8 5 3 2 5 5 2 1 0 0 0 0 0 1 3 4 12 35 36 12 4 12 32 80 87 73 55 48 7 2
15 9 4 13 13 22 14 16 26 17 27 16 25 16 9 7 9 4 1 2 1 0 0 0 0 0 0 0 0 0 0 0 0 0 0 0 0 0 0 0 0 0 0 0 0 0 0 0 0 0 0 0 0 0 0 0 0 0 0 0 0 0 0 0 1 3 7 7 1 5 3 2 1 0 0 0 0 0 1 1 4 12 11 9 3 2 7 24 47 70 72 64 32 50 11 2
27 19 12 29 46 67 51 40 58 47 43 28 54 42 34 24 8 2 2 5 2 1 1 1 1 0 0 0 0 0 0 0 0 0 0 0 0 0 0 0 0 0 0 0 0 0 0 0 0 0 0 0 0 0 0 0 0 0 0 0 0 0 0 0 1 3 10 6 2 1 1 1 0 0 0 0 0 0 1 1 5 6 4 1 2 9 17 47 67 51 55 35 20 23 30 2
64 65 53 43 45 44 29 16 47 26 27 25 28 40 42 13 11 10 9 9 4 1 0 0 1 1 0 0 0 0 0 0 0 0 0 0 0 0 0 0 0 0 0 0 0 0 0 0 0 0 0 0 0 0 0 0 0 0 0 0 0 0 0 0 0 3 11 9 2 2 1 0 0 0 0 0 0 0 0 1 1 0 0 2 5 11 21 68 71 88 44 10 7 8 14 2
