sesion_6_simulaciones/modelos_agentes/ejemplos_netlogo/scenarios/echam4_b2/rob_2043.asc
NCOLS 322 
NROWS 307 
XLLCORNER 451900 
YLLCORNER 4086900 
CELLSIZE 100 
NODATA_value -9999 
[rows 219 to 291 of 307, columns 96 to 191 of 322]
3 1 1 0 0 0 0 0 0 0 0 0 0 0 0 0 0 0 0 0 0 0 0 0 0 0 0 0 0 0 0 0 0 0 1 0 0 0 0 0 1 1 2 2 3 4 4 10 14 18 38 27 45 45 43 59 42 56 43 52 64 63 42 43 59 61 61 35 63 52 29 13 20 41 42 38 68 28 54 35 49 63 49 68 90 30 45 40 37 44 52 41 34 14 9 8
3 1 0 0 0 0 0 0 0 0 0 0 0 0 0 0 0 0 0 0 0 0 0 0 0 1 0 0 0 0 0 0 0 1 1 0 0 0 0 0 0 1 1 1 2 3 7 11 12 22 19 25 32 41 51 58 70 60 51 45 63 63 34 59 63 53 47 55 51 54 32 22 24 19 36 32 34 53 45 48 59 38 54 41 59 77 60 73 65 67 69 56 55 34 35 35
3 2 1 0 0 0 0 0 0 0 0 0 0 0 0 0 0 0 0 0 0 0 0 0 0 0 2 0 0 0 0 0 0 1 0 0 0 0 0 0 0 0 1 1 2 3 6 9 10 13 16 22 43 54 53 43 49 51 47 63 74 76 64 67 46 56 64 63 46 46 35 25 21 27 28 42 33 19 40 51 31 31 51 33 11 52 87 72 74 73 54 53 39 32 13 8
1 1 0 0 0 0 0 0 0 0 0 0 0 0 0 0 0 0 0 0 0 0 0 0 0 0 1 2 1 0 0 1 1 2 0 0 0 0 0 0 0 0 0 1 1 2 5 13 16 23 27 30 36 42 43 48 52 62 76 74 77 83 58 74 48 59 49 44 47 42 29 30 20 24 37 38 45 22 22 19 46 38 34 29 28 16 38 55 64 42 34 34 20 13 16 8
1 0 0 0 0 0 0 0 0 0 0 0 0 0 0 0 0 0 0 0 0 0 0 0 0 0 0 1 3 1 1 2 3 1 0 0 0 0 0 0 0 0 0 1 1 2 4 7 12 15 21 18 25 35 49 69 74 51 34 42 47 48 41 49 76 29 30 32 53 45 33 49 21 26 42 34 38 18 31 43 43 77 48 39 32 31 22 23 52 75 59 52 45 24 15 13
0 0 0 0 0 0 0 0 0 0 0 0 0 0 0 0 0 0 0 0 0 0 0 0 1 0 0 1 3 2 1 2 1 1 0 0 0 0 0 0 0 0 1 1 1 2 2 4 9 14 15 22 40 27 48 67 40 34 36 35 14 41 39 39 33 53 19 46 50 41 54 48 15 22 24 34 26 25 41 49 36 29 56 57 33 36 40 22 18 53 81 63 56 33 30 21
1 0 0 0 0 0 0 0 0 0 0 0 0 0 0 0 0 0 0 0 1 0 0 0 1 1 0 1 2 7 4 1 0 0 0 0 0 0 0 0 0 0 0 1 1 1 2 3 7 10 13 17 34 36 23 20 25 27 25 21 47 65 40 42 53 83 69 44 48 42 60 50 31 23 38 45 35 33 43 56 46 27 10 26 61 63 39 37 30 24 60 58 46 40 22 14
1 0 0 0 0 0 0 0 0 0 0 0 0 0 0 0 0 0 0 1 1 1 1 0 1 2 3 1 4 5 1 1 0 0 0 0 0 0 0 0 0 0 0 0 1 2 2 5 6 8 17 26 28 26 28 29 42 35 27 35 18 29 53 47 51 87 59 64 31 58 45 47 36 20 45 52 41 24 41 74 39 38 51 36 37 22 26 42 36 42 22 30 36 25 11 13
0 0 0 0 0 0 0 0 0 0 0 0 0 0 0 0 0 0 0 0 0 1 1 1 1 1 5 6 4 3 1 0 0 0 0 0 0 0 0 0 0 0 1 1 1 2 3 3 5 7 12 12 11 18 20 30 51 46 42 24 26 40 39 49 71 53 45 61 76 51 37 47 51 13 18 33 32 40 62 29 74 60 77 54 73 42 57 46 31 21 20 32 23 15 8 4
0 0 0 0 0 0 0 0 0 0 0 0 0 0 0 0 0 0 0 0 0 0 2 4 1 2 3 8 6 1 1 1 1 0 0 0 0 0 0 0 0 0 0 1 1 1 2 3 6 8 13 14 19 23 20 34 45 70 42 37 26 49 62 77 58 49 49 50 32 46 56 29 23 13 15 30 45 39 76 56 26 22 40 64 48 53 44 44 26 28 21 14 11 12 11 11
0 0 0 0 0 0 0 0 0 0 0 0 0 0 0 0 0 1 1 0 0 0 0 3 2 2 3 16 8 3 5 3 1 1 0 0 0 0 0 0 0 0 0 1 1 1 1 2 5 7 9 11 15 13 32 38 27 26 22 39 25 24 31 45 31 15 27 39 28 36 16 34 30 21 30 16 18 52 34 44 35 26 29 42 26 29 39 46 25 25 12 7 9 6 6 6
0 0 0 0 0 0 0 0 0 0 0 0 0 0 0 0 0 0 1 1 2 2 0 1 6 1 2 8 17 18 5 3 1 1 0 0 0 0 0 0 1 0 0 1 1 1 2 2 2 4 4 6 9 14 24 15 18 18 22 23 26 26 28 33 36 46 50 58 42 40 51 51 29 17 27 37 14 47 37 47 50 45 38 61 42 19 26 18 15 20 9 5 4 6 5 3
0 0 0 0 0 0 0 0 0 0 0 0 0 0 0 0 0 0 1 1 2 2 2 2 3 4 2 4 19 14 6 2 1 1 0 0 0 0 0 1 1 1 2 1 1 2 2 2 3 4 6 8 9 11 7 9 8 9 9 9 10 10 11 34 45 44 25 44 46 40 40 30 26 17 18 33 32 31 41 65 52 50 51 55 42 35 18 17 13 14 11 7 4 3 4 2
0 0 0 0 0 0 0 0 0 0 0 0 0 0 0 0 0 0 1 2 2 2 1 2 9 6 3 4 12 15 9 4 1 1 0 0 0 0 0 0 1 1 2 3 2 3 2 4 8 11 17 14 8 7 6 9 8 10 18 22 16 25 21 18 15 17 24 24 27 40 53 59 55 18 18 18 47 40 52 46 40 48 51 45 41 59 43 24 16 9 6 4 5 3 2 1
0 0 0 0 0 0 0 0 0 0 0 0 0 0 0 0 0 0 1 1 2 4 1 2 3 8 8 11 19 19 10 5 1 0 0 0 0 0 1 0 1 1 2 2 4 8 5 2 5 12 19 29 19 10 13 15 29 31 34 50 41 37 31 24 31 50 31 26 24 34 54 60 58 50 29 49 66 34 59 38 65 63 48 61 45 37 41 38 43 14 6 4 3 1 1 1
1 0 0 0 0 0 0 0 0 0 0 0 0 0 0 0 0 0 1 1 2 3 2 1 3 5 20 16 10 8 5 3 1 0 0 0 0 0 1 1 1 2 2 3 3 5 6 14 7 9 14 18 18 28 23 31 34 39 57 51 35 36 46 35 25 20 31 41 20 27 13 17 16 11 39 16 30 71 44 34 15 32 70 62 43 42 55 29 31 12 14 6 2 2 1 1
1 1 1 0 0 0 0 0 0 0 0 0 0 0 0 0 0 0 0 1 3 4 4 2 2 6 9 23 8 4 2 1 0 0 0 0 0 0 1 1 2 2 2 3 5 7 8 11 16 13 18 19 26 45 26 30 40 43 43 52 48 61 54 50 39 22 33 38 51 34 29 25 28 18 65 27 16 21 28 26 16 7 63 71 53 53 59 60 31 24 19 12 7 8 2 1
1 1 1 0 0 0 0 0 0 0 0 0 1 0 0 0 0 0 0 1 2 4 9 5 2 6 8 26 10 5 1 1 0 0 0 0 1 1 1 1 2 2 3 5 6 9 19 15 20 34 27 36 36 37 38 33 38 41 64 56 57 55 45 59 62 35 24 30 35 28 54 34 20 29 32 43 33 50 50 35 35 24 17 56 54 60 68 51 25 16 7 7 6 2 1 1
4 2 1 0 0 0 0 0 0 0 0 1 1 1 0 0 0 0 0 0 2 4 4 9 2 4 7 17 11 7 3 2 1 0 0 0 1 0 2 2 2 3 3 7 12 14 29 27 20 15 43 62 70 45 43 21 36 37 61 50 71 58 45 39 41 37 18 34 24 56 23 24 24 27 17 17 22 29 32 30 26 25 27 26 46 33 16 34 28 13 9 4 2 2 2 1
2 1 0 0 0 0 0 0 0 0 0 0 1 1 1 1 0 1 1 1 2 4 7 11 6 6 13 21 16 10 6 2 1 0 0 1 1 1 1 2 3 3 5 11 15 24 32 35 37 28 33 48 56 56 46 22 34 42 29 53 69 60 21 64 23 40 34 29 22 40 24 9 16 31 37 35 36 47 54 50 59 32 32 29 25 14 24 21 12 14 5 3 2 2 1 1
1 0 0 0 0 0 0 0 0 0 0 0 1 2 3 1 0 1 2 3 4 2 9 23 14 12 18 24 13 14 7 2 1 0 0 1 1 1 1 2 4 5 7 11 17 28 34 39 41 46 38 50 66 66 52 22 34 43 52 44 53 54 18 44 46 39 47 20 30 26 15 19 31 26 20 20 21 33 43 21 43 51 52 28 31 18 15 16 9 4 3 4 4 2 2 1
0 0 0 0 0 0 0 0 0 1 1 1 1 2 3 2 1 1 2 10 8 3 8 22 22 7 5 47 32 11 7 3 1 0 0 1 2 2 1 4 5 9 8 14 24 23 39 45 49 60 42 59 66 51 55 21 33 41 43 56 46 43 44 39 43 44 37 35 26 18 21 23 27 27 22 20 21 38 40 29 32 33 60 58 33 38 29 13 5 4 2 2 2 2 1 1
0 0 0 0 0 0 0 0 0 1 2 1 1 2 5 5 2 1 3 6 10 6 9 20 34 11 13 48 22 17 12 5 2 0 0 1 2 1 4 3 7 14 11 18 21 25 52 51 55 59 59 53 45 56 78 40 22 44 56 42 28 25 25 50 49 39 32 46 24 13 14 15 30 32 38 34 39 65 56 48 42 39 43 40 42 46 28 18 12 7 3 3 3 1 1 0
0 0 0 0 0 0 0 1 1 1 2 2 2 3 7 7 2 1 8 7 9 14 12 27 45 47 40 46 34 23 11 4 1 0 0 1 2 3 3 8 6 13 20 18 15 23 44 57 61 57 62 66 61 58 83 58 49 16 33 64 46 40 25 27 21 44 45 42 16 15 9 33 30 24 29 26 38 68 56 45 59 30 27 24 27 26 31 24 8 5 5 3 2 1 1 0
0 0 0 0 0 0 0 1 1 1 3 5 4 5 6 12 4 2 7 9 12 18 18 32 53 67 39 51 21 15 13 3 1 0 1 1 2 7 4 6 12 11 20 21 24 41 47 45 61 65 64 64 71 81 81 75 36 19 42 55 62 39 28 30 28 22 15 15 13 11 31 32 13 42 19 27 22 45 43 45 39 41 60 35 20 15 9 8 9 6 4 2 2 1 1 0
1 0 0 0 0 0 1 1 2 3 4 4 8 5 10 17 6 8 4 18 25 24 20 34 53 46 30 17 10 10 5 3 1 0 1 1 3 6 8 6 8 19 9 38 26 34 49 41 48 71 70 47 71 75 71 75 60 29 19 21 32 52 39 26 25 12 4 3 9 12 46 26 26 38 86 71 53 47 46 51 60 61 43 50 37 33 18 14 11 6 3 1 1 1 0 0
1 0 0 0 0 0 1 2 1 3 5 7 12 5 13 21 9 17 7 13 37 33 49 31 60 44 20 15 8 6 4 1 0 0 1 1 1 3 8 10 17 13 14 18 50 32 35 49 62 76 70 58 54 48 58 75 74 33 21 22 39 32 29 24 13 15 10 5 20 32 18 28 56 65 64 80 54 69 53 66 70 57 39 18 23 17 20 16 6 5 3 1 1 0 0 0
0 0 0 1 1 1 1 2 3 3 7 9 20 12 19 28 11 19 28 13 20 39 27 71 47 48 17 12 9 3 1 1 1 1 2 3 3 2 3 3 5 12 22 47 32 36 54 58 54 62 74 74 45 44 35 41 66 50 34 13 24 13 11 7 7 3 9 16 15 21 16 12 28 52 25 58 82 79 71 70 75 52 31 27 22 8 7 6 8 5 1 1 1 0 0 0
0 0 0 1 2 1 2 3 4 5 8 10 17 26 16 35 15 16 37 31 32 50 31 58 62 27 11 7 2 1 2 3 2 1 3 3 3 3 3 8 8 11 21 36 60 43 35 49 50 66 63 64 65 57 37 28 36 52 33 18 22 17 17 13 15 5 4 15 17 18 26 29 36 27 25 25 52 60 70 52 36 32 25 23 13 9 7 5 3 1 1 0 0 0 1 0
0 0 0 2 2 2 2 3 3 6 10 15 19 26 29 54 21 19 39 44 42 58 80 52 31 31 20 8 5 3 5 4 3 2 1 3 3 5 7 8 10 16 21 33 39 62 45 42 52 58 65 54 59 65 46 28 17 40 35 23 14 14 15 14 11 11 7 20 16 16 28 32 68 50 42 33 26 16 43 51 42 19 15 12 14 9 3 1 1 0 0 0 1 1 1 1
1 0 1 2 3 3 2 5 4 7 21 18 18 22 57 55 28 31 33 47 46 64 78 30 44 32 14 11 13 11 13 13 5 4 2 4 3 6 12 6 13 25 36 41 36 53 43 67 54 66 58 77 52 32 34 24 41 15 11 49 13 9 22 17 9 6 13 32 16 14 27 52 77 57 43 37 33 32 26 35 37 24 13 13 12 9 3 2 1 1 0 0 1 1 1 1
1 0 1 3 4 4 2 7 9 10 23 20 38 36 40 52 62 44 51 39 58 55 83 72 43 23 21 23 16 22 23 19 7 3 2 1 6 11 7 15 19 24 45 57 64 52 67 29 15 29 59 33 45 36 45 28 10 9 8 12 19 5 16 9 3 6 30 11 16 19 12 19 12 27 40 32 33 36 27 24 24 13 17 15 15 14 7 8 3 1 0 1 1 1 2 1
1 0 1 3 5 8 3 9 14 17 14 25 19 48 52 31 29 69 51 51 46 68 74 50 40 32 31 31 35 51 23 10 5 5 5 2 3 5 22 19 23 31 38 64 47 68 58 49 38 52 52 12 52 57 50 19 25 16 11 6 20 5 9 6 2 4 9 31 25 10 26 51 43 50 49 41 34 39 38 41 30 25 21 19 14 18 16 3 3 1 1 2 2 2 3 1
0 2 2 4 7 12 5 6 10 21 28 35 20 19 38 63 33 24 73 71 44 64 76 54 57 29 55 71 49 23 14 11 9 6 3 1 3 2 9 17 20 47 54 43 31 47 48 62 63 61 44 37 53 61 64 54 36 11 9 8 13 8 6 6 2 4 15 11 6 8 25 31 35 41 50 54 37 35 26 32 15 11 13 31 27 20 8 4 1 1 2 2 2 5 4 1
1 2 5 5 8 8 12 10 12 9 17 39 16 15 35 53 59 53 16 39 50 68 55 48 42 65 46 25 27 17 17 17 12 4 5 2 5 7 12 13 11 27 35 27 37 43 48 43 62 57 57 48 68 64 48 39 14 25 5 6 8 11 2 4 4 5 3 13 21 25 19 37 49 45 45 51 34 31 21 31 39 26 40 26 22 12 12 4 2 3 3 3 6 5 5 2
2 3 5 6 9 17 14 24 22 17 13 25 52 19 43 42 49 66 49 23 38 70 29 54 78 38 36 35 32 32 22 10 4 6 7 4 5 10 14 13 18 32 29 21 40 50 29 23 46 47 27 20 32 30 32 14 20 10 18 3 5 9 2 3 15 19 11 22 38 21 41 46 56 63 63 65 49 35 39 39 45 35 44 25 21 18 6 3 2 4 4 4 7 11 2 2
3 5 7 4 6 25 32 26 24 21 38 25 35 61 35 41 53 25 69 40 39 41 78 62 49 54 54 52 45 37 19 8 5 6 12 4 6 11 21 27 28 36 46 43 42 30 37 43 30 26 27 21 20 25 18 21 17 11 11 12 2 2 5 14 20 8 15 19 35 25 48 39 42 61 66 52 41 51 42 42 46 42 29 30 19 9 3 3 4 4 7 7 11 9 4 2
4 8 8 6 9 21 24 38 45 24 36 45 44 49 65 39 56 33 26 57 30 34 72 70 63 55 48 52 46 24 20 15 11 4 8 3 5 8 16 33 38 42 29 44 37 47 37 36 40 41 33 23 25 26 27 20 10 8 7 7 4 2 7 3 4 16 20 29 14 22 41 37 47 40 50 72 43 41 23 22 22 25 35 26 16 9 5 4 5 5 8 6 21 8 5 4
4 8 11 9 11 14 23 27 33 43 56 48 47 50 70 68 35 28 35 32 61 65 74 61 65 69 61 58 49 35 22 17 13 6 12 4 4 10 18 31 38 55 50 54 51 50 45 57 35 36 36 26 16 24 16 31 22 6 2 2 3 3 4 4 4 5 3 2 5 33 23 30 44 44 46 42 29 14 12 30 43 38 15 25 29 16 6 8 7 11 8 8 23 9 7 5
6 14 17 17 20 15 19 33 40 41 60 62 61 52 64 67 50 48 38 41 36 65 69 65 47 59 55 55 36 42 33 23 15 13 17 2 11 16 21 22 15 48 57 59 51 57 58 42 37 49 54 43 17 22 25 23 8 8 3 1 2 2 5 2 4 6 10 14 12 17 19 22 27 23 43 20 22 25 17 53 46 21 31 28 25 29 13 17 14 8 8 5 15 10 8 6
8 12 34 21 26 27 23 38 47 46 48 62 59 56 74 52 58 64 49 38 38 57 53 50 47 55 56 53 47 30 28 24 30 23 6 2 9 24 32 39 31 49 63 49 49 54 43 32 43 66 57 46 44 21 25 17 10 8 4 3 3 2 4 2 7 13 27 30 21 25 25 34 29 19 20 24 37 50 30 48 45 41 31 26 19 20 26 21 10 10 9 3 10 18 3 4
11 7 26 39 29 29 28 43 50 50 48 49 63 69 70 64 52 70 48 32 40 79 54 70 50 54 62 62 49 34 39 39 28 15 8 5 6 19 43 57 52 56 47 63 49 49 42 32 40 32 28 24 34 26 11 9 7 5 4 4 6 2 3 4 11 13 21 29 32 15 30 21 12 15 18 49 42 53 59 18 37 36 42 41 26 21 39 25 13 13 7 8 16 13 4 7
12 11 21 45 47 33 40 48 48 52 56 46 59 70 69 55 52 40 49 32 41 64 61 72 58 53 52 48 50 39 55 35 23 15 15 9 11 22 34 46 70 72 65 48 60 35 32 44 34 24 21 26 27 22 38 20 6 4 5 4 3 2 3 4 4 5 21 34 19 10 12 21 21 33 28 55 53 56 40 47 38 23 44 36 27 33 33 20 24 12 7 8 26 11 6 10
18 40 33 39 49 37 31 50 51 50 60 47 24 34 72 73 66 46 41 60 39 76 77 46 56 64 41 44 39 48 41 39 33 12 14 10 13 32 36 44 42 59 55 64 54 54 29 48 52 25 36 39 33 25 28 10 7 4 6 2 2 3 5 5 7 7 27 7 12 4 18 29 47 27 34 55 35 41 53 46 14 21 42 44 50 38 26 15 23 17 9 12 21 19 14 13
21 28 49 53 52 38 37 51 50 47 48 55 46 47 53 69 61 28 36 63 35 74 61 61 58 45 26 47 38 47 56 44 43 23 15 12 14 34 37 51 65 51 38 61 37 45 50 30 45 37 51 49 31 27 21 8 6 4 3 4 1 2 9 7 3 13 9 8 27 23 38 33 33 47 34 23 39 60 33 15 15 41 57 45 45 45 25 19 15 13 21 14 12 33 17 15
34 45 45 54 54 43 51 51 51 48 31 48 46 57 55 59 58 58 66 70 66 69 57 55 50 59 51 49 59 37 53 56 42 28 30 11 14 36 57 52 58 53 52 54 50 39 47 19 38 34 44 33 23 18 18 12 12 6 4 2 2 5 1 4 4 8 9 17 20 19 16 35 54 55 38 32 58 46 43 34 33 37 16 23 42 48 24 21 16 25 25 16 11 51 23 28
39 45 40 46 17 36 62 42 54 56 44 42 53 59 49 59 44 65 63 72 65 57 66 47 43 55 69 66 37 51 44 52 51 30 26 12 13 41 41 53 52 43 62 55 50 36 22 51 36 61 28 32 19 23 17 23 8 6 5 1 1 4 10 11 3 5 10 22 27 16 14 41 67 57 33 55 48 31 36 74 61 25 32 47 33 26 28 13 17 25 26 18 26 58 45 38
40 32 18 11 10 18 61 43 27 33 43 31 33 53 72 68 35 34 63 51 64 58 66 67 29 50 71 48 41 46 36 60 59 49 22 4 11 31 37 56 47 43 51 61 61 57 25 20 8 10 37 37 13 15 18 13 14 4 4 2 1 6 6 7 6 7 9 8 23 19 20 42 68 31 39 57 51 11 48 46 32 47 63 50 36 29 25 9 29 27 28 21 39 79 51 30
42 44 33 33 31 24 36 58 21 25 22 45 35 44 66 56 63 34 49 61 61 71 72 72 53 31 54 59 52 35 62 51 51 39 22 10 9 18 40 61 29 46 64 63 59 37 33 31 26 26 20 23 36 15 6 5 5 2 2 1 1 2 1 3 5 4 7 4 7 11 39 32 40 55 31 30 24 21 40 35 37 57 55 40 29 11 11 9 22 29 30 24 47 63 52 20
57 42 48 45 30 34 31 32 40 35 31 59 39 42 40 44 62 66 57 73 71 63 68 56 28 36 49 44 44 49 60 53 33 32 38 17 14 11 28 41 14 26 34 32 32 28 27 22 56 47 29 24 14 9 9 5 3 6 1 0 0 2 2 4 7 9 5 3 19 20 11 21 14 28 24 22 13 52 41 56 38 36 25 27 28 16 12 21 24 34 33 42 46 65 24 18
39 39 45 40 45 29 24 42 60 60 25 23 53 49 25 24 20 39 70 65 37 32 39 48 51 15 44 49 32 63 49 47 45 33 39 20 26 10 22 43 47 21 29 34 20 25 10 5 14 21 13 46 23 18 6 1 1 0 1 1 0 2 1 4 5 8 3 13 16 12 14 18 22 23 10 21 39 54 61 36 34 35 39 43 28 16 14 25 35 36 35 30 57 67 53 20
38 59 45 45 46 45 31 47 60 47 45 29 21 40 51 25 44 34 25 55 33 47 54 58 45 33 47 31 32 61 52 52 39 19 33 19 22 16 9 27 34 54 45 28 23 30 28 13 17 28 35 33 15 10 9 6 3 2 1 0 0 1 2 2 3 3 6 16 23 20 14 16 13 9 33 37 34 47 47 33 27 33 39 29 24 21 15 32 40 27 40 34 22 42 59 27
45 44 43 36 43 61 32 45 47 53 44 37 48 33 19 51 48 31 32 55 58 22 21 34 30 52 48 63 35 36 55 42 32 49 28 16 20 29 13 31 42 57 60 23 25 44 28 10 22 28 15 24 13 13 8 4 3 4 2 1 1 2 0 2 2 4 7 3 5 5 9 8 27 37 23 26 23 24 26 25 17 24 29 34 32 16 16 23 45 27 44 30 32 31 47 28
40 40 59 43 51 57 23 37 50 57 50 42 45 47 60 40 61 69 41 53 54 26 31 36 42 65 60 71 40 43 46 46 53 29 21 14 15 42 19 20 34 48 33 34 38 45 8 5 43 63 20 18 17 6 5 3 5 2 1 0 1 1 1 1 1 2 2 4 8 11 17 21 14 19 14 7 13 26 23 21 30 48 28 27 30 16 27 29 44 27 33 10 5 14 40 59
41 46 58 56 48 43 24 36 52 57 52 41 32 28 50 65 40 29 53 49 28 19 29 25 52 45 68 51 48 67 61 54 34 33 14 5 6 44 21 19 21 34 30 27 33 32 2 12 21 24 40 23 11 3 2 1 1 1 1 1 0 1 0 0 0 1 1 4 14 30 35 36 18 13 10 14 47 36 26 26 41 32 32 43 13 17 30 39 29 22 9 9 19 24 26 42
46 27 31 55 45 54 41 18 48 49 53 39 43 29 41 32 58 29 28 31 18 27 33 35 31 54 43 61 64 73 55 56 45 41 31 4 24 41 16 19 28 15 24 29 28 21 5 13 13 14 23 12 18 12 8 3 1 2 2 1 1 2 0 0 0 1 4 12 10 11 20 11 8 10 21 31 38 31 21 49 43 38 42 18 17 32 55 26 9 7 12 28 21 53 39 39
41 13 34 51 58 50 49 31 19 39 50 28 37 37 47 49 39 33 36 31 12 31 64 39 39 42 27 38 47 52 54 56 38 24 27 13 26 20 28 19 33 27 25 31 38 27 15 11 9 13 12 20 9 10 6 3 1 2 3 3 1 1 1 0 1 3 3 6 8 5 12 19 15 28 27 33 39 38 36 50 40 27 17 11 34 46 15 7 9 17 20 42 41 44 48 39
37 18 20 15 42 51 59 35 7 20 41 27 37 28 63 54 37 12 22 28 14 36 45 36 31 14 40 50 51 47 53 41 45 37 22 18 20 15 22 15 6 25 20 33 32 33 36 46 33 27 21 31 17 7 3 1 2 1 1 2 2 0 0 0 3 4 2 4 3 4 6 21 36 46 26 17 50 49 33 28 20 28 9 25 32 16 4 16 19 28 31 35 37 51 51 41
47 32 37 11 44 58 56 31 10 6 8 31 43 24 33 46 24 26 31 36 25 14 34 37 24 22 45 53 48 40 35 31 43 34 30 30 34 11 28 19 9 11 18 23 30 22 15 12 12 11 7 18 6 3 3 7 6 2 1 0 0 0 1 2 3 3 2 2 4 3 7 23 32 36 33 28 51 52 39 34 23 12 23 29 17 5 12 30 27 26 32 31 38 35 38 38
57 26 41 13 20 47 34 18 11 11 12 15 22 50 42 37 29 19 19 34 21 31 40 25 27 42 27 42 49 42 30 38 31 19 33 33 22 19 16 28 18 11 16 16 20 20 28 18 13 22 27 16 6 4 1 6 7 3 1 1 1 2 0 1 2 2 1 2 3 5 9 21 27 37 27 23 29 28 45 20 14 13 25 9 11 29 30 28 29 29 30 25 20 18 24 41
47 25 37 20 14 49 35 37 25 25 16 18 28 36 48 51 54 33 20 20 16 16 22 35 43 36 51 60 48 30 32 36 22 17 53 34 21 24 18 9 8 13 13 26 21 24 29 17 25 17 19 9 13 7 2 3 14 4 1 2 1 0 0 0 1 2 1 2 5 5 5 14 31 29 33 12 22 42 36 38 34 19 8 12 16 20 18 39 38 24 31 28 22 13 21 8
35 27 40 29 21 30 18 39 20 19 23 16 26 22 20 27 34 32 25 23 23 10 15 41 37 46 39 35 43 35 35 34 33 18 43 31 29 20 34 11 24 26 9 14 27 36 36 25 22 29 13 7 15 4 3 6 5 3 2 1 1 0 0 0 1 2 7 4 2 2 9 8 10 19 18 15 33 52 69 39 21 12 4 13 8 39 29 27 30 33 51 48 20 19 25 7
49 26 37 28 16 15 10 27 34 24 23 24 21 22 17 28 24 20 7 11 17 8 24 32 41 25 40 47 37 33 29 31 26 35 44 28 41 55 20 15 16 16 19 15 35 19 27 25 20 16 26 18 8 5 8 5 11 3 2 1 1 0 0 0 1 1 7 5 2 3 6 7 15 20 11 46 46 39 42 36 17 5 9 24 18 24 37 20 31 39 37 43 21 16 19 8
51 27 52 30 12 14 27 17 47 21 36 32 17 12 17 14 12 19 11 12 5 16 13 16 20 22 40 40 24 32 30 15 24 33 24 50 26 54 32 16 28 13 27 17 29 40 27 24 17 22 22 10 6 11 9 6 5 4 2 2 1 1 0 0 0 3 4 4 4 7 4 4 12 14 40 41 20 29 27 37 19 11 14 27 46 30 25 39 35 33 31 25 21 14 14 7
48 26 53 33 11 10 51 27 29 21 24 35 16 19 17 15 13 20 12 11 3 6 3 5 12 14 45 50 43 29 17 15 25 44 34 19 33 32 26 17 29 7 24 9 17 31 38 26 20 29 13 24 5 7 10 9 7 2 2 3 1 0 0 0 0 1 1 3 7 5 5 9 21 38 31 17 17 55 34 24 18 12 28 18 44 43 24 34 31 34 25 15 25 13 11 4
54 25 43 18 11 16 26 28 22 48 40 23 25 15 15 16 19 17 18 14 3 4 7 19 24 32 31 34 35 23 13 13 40 30 35 29 49 24 19 17 28 7 21 15 19 27 42 30 18 24 24 19 8 3 7 8 4 1 1 1 2 0 0 1 0 1 1 2 4 4 5 10 15 13 24 16 18 43 28 8 8 17 35 31 30 38 15 24 44 43 21 13 26 7 10 8
57 27 48 19 12 16 16 47 23 45 54 44 19 10 10 13 32 17 4 10 2 6 7 15 9 14 14 29 18 13 22 15 58 42 39 37 37 17 12 35 18 13 13 43 38 28 30 25 33 28 17 12 13 8 7 3 6 3 1 1 1 0 1 1 0 1 1 1 4 4 4 4 10 12 24 22 32 37 33 10 6 27 36 36 34 30 10 20 32 34 12 13 11 14 14 14
65 50 17 26 14 11 29 47 31 21 45 38 33 7 18 30 16 15 10 7 4 3 5 5 6 10 27 18 23 20 19 29 11 21 10 24 21 13 8 31 14 10 3 17 63 30 21 30 32 24 20 12 10 6 15 10 7 4 1 1 1 0 1 0 0 1 1 1 4 2 6 7 11 11 23 36 26 31 27 16 13 33 25 20 27 17 22 23 14 16 26 13 10 20 14 10
47 24 16 22 15 10 48 41 43 16 10 24 39 6 12 9 7 12 7 8 2 1 6 12 13 13 8 26 25 11 44 15 22 18 28 24 16 20 11 26 10 20 8 12 41 50 27 25 30 25 21 17 8 10 5 3 5 2 2 1 0 0 1 0 0 1 1 1 3 4 12 20 23 23 34 55 8 43 26 21 19 17 22 12 18 12 24 40 21 11 22 12 10 14 16 11
44 22 10 27 20 16 32 6 23 38 8 10 33 19 5 10 6 9 5 4 3 6 14 7 9 12 14 29 19 16 21 28 34 55 34 21 38 17 19 28 11 11 14 17 29 31 20 51 23 18 14 15 15 8 2 3 4 4 2 2 1 1 1 0 0 0 1 1 2 4 8 12 26 44 33 15 23 41 31 14 9 14 36 11 20 22 25 16 26 14 9 17 18 14 6 10
46 10 17 25 15 15 25 5 5 6 20 35 16 28 6 7 4 4 2 4 3 3 4 8 7 8 11 20 19 38 15 19 38 24 13 36 17 11 26 17 24 26 21 21 29 30 18 20 31 10 7 6 10 12 4 2 3 1 1 1 1 0 0 0 0 0 1 1 2 5 5 15 24 13 23 17 29 19 11 7 8 25 27 26 15 19 21 14 13 12 18 9 8 15 4 4
53 11 16 27 14 27 30 12 5 5 17 29 38 27 9 4 6 5 7 2 1 2 6 10 4 4 12 30 19 16 12 32 14 20 43 12 11 18 27 14 26 21 19 33 37 43 28 13 11 16 7 6 11 12 7 3 2 1 0 0 0 1 0 0 0 0 1 2 2 7 9 27 25 13 7 17 33 11 11 10 12 20 27 24 12 17 15 15 6 21 11 15 7 5 2 2
34 14 15 32 9 24 39 22 10 8 5 20 12 16 24 3 4 4 3 4 4 3 2 3 1 5 17 22 25 7 27 10 8 35 28 12 18 23 35 23 6 32 29 31 45 39 24 7 12 21 17 4 2 4 5 6 1 1 1 0 0 1 0 0 0 2 7 3 2 3 14 26 21 10 5 23 24 14 11 9 11 17 18 23 13 14 5 13 9 13 14 4 9 3 3 5
