sesion_6_simulaciones/modelos_agentes/ejemplos_netlogo/scenarios/echam4_b2/rob_2049.asc
NCOLS 322 
NROWS 307 
XLLCORNER 451900 
YLLCORNER 4086900 
CELLSIZE 100 
NODATA_value -9999 
[rows 0 to 73 of 307, columns 96 to 191 of 322]
16 4 0 1 2 3 3 2 2 2 6 6 10 22 26 7 12 8 7 3 10 8 6 16 6 3 6 7 9 8 3 3 5 9 6 4 4 9 16 5 4 20 58 65 77 64 79 77 83 71 69 78 53 26 41 37 49 16 26 24 24 13 12 7 28 37 44 10 8 33 41 23 19 25 22 16 19 25 14 61 45 28 39 38 45 30 32 36 44 62 40 30 25 10 18 34
1 1 1 1 1 5 3 2 2 3 3 5 20 19 14 11 3 3 2 4 8 1 3 3 7 4 7 3 4 20 10 3 3 6 3 4 7 9 14 18 21 35 34 36 82 85 85 81 92 71 84 74 38 31 66 20 14 16 7 13 4 18 10 5 16 9 11 32 32 28 18 42 59 32 45 52 58 26 30 35 32 27 43 45 52 37 37 45 51 45 55 44 52 29 36 35
0 0 0 2 1 3 2 1 1 2 2 3 7 10 3 3 4 10 9 12 18 2 4 3 5 5 8 3 6 11 16 12 2 5 20 16 18 22 29 35 43 56 41 45 13 9 20 48 91 81 80 79 36 68 62 58 34 14 14 16 12 37 67 61 66 42 30 56 19 30 29 30 44 40 46 65 73 70 47 35 34 33 47 48 53 44 45 62 43 44 55 43 49 53 38 39
0 0 0 0 0 0 0 3 1 0 1 2 3 8 7 10 8 16 16 15 6 1 5 7 1 3 4 4 5 3 8 8 6 15 22 16 36 38 57 70 77 77 64 22 10 13 6 11 47 19 28 28 14 34 60 21 50 7 8 15 26 44 78 77 76 80 73 51 54 43 43 53 40 39 53 50 54 28 23 34 46 46 60 61 59 47 43 55 40 36 56 58 39 48 35 50
0 0 0 0 0 0 0 2 5 1 4 3 2 3 11 9 7 31 13 7 6 3 6 12 10 6 4 5 4 12 19 12 6 17 36 37 44 61 78 83 85 76 64 36 21 9 12 33 19 14 18 25 7 42 20 35 45 27 6 10 50 70 56 75 66 42 72 36 50 67 66 46 43 29 55 42 44 37 40 44 54 47 79 62 47 49 47 61 46 45 57 69 35 57 57 62
1 0 0 0 0 0 0 1 5 9 2 4 2 4 7 3 12 10 15 10 3 3 10 8 9 8 6 6 2 3 8 17 17 8 45 61 64 77 83 75 78 77 73 48 19 24 22 23 27 22 30 47 10 18 22 39 22 23 16 16 54 65 25 13 19 33 38 18 18 40 14 49 74 54 48 30 37 36 38 54 48 54 60 56 63 50 49 67 64 43 60 42 56 53 73 36
0 0 1 1 0 1 1 1 2 9 7 3 2 2 4 8 4 10 18 17 14 8 4 5 9 9 11 9 4 3 4 22 26 16 34 75 80 81 74 76 76 74 42 22 28 58 30 43 39 38 30 31 29 33 44 32 14 28 35 15 11 13 12 18 10 14 47 63 38 40 17 37 31 15 53 56 58 53 38 56 45 34 45 40 60 63 52 66 65 40 67 57 57 48 34 30
0 0 0 0 0 1 1 1 1 3 29 28 16 6 6 3 3 6 7 7 20 34 11 16 27 14 9 3 7 6 7 11 24 51 37 60 70 75 74 71 64 32 35 26 54 46 37 61 47 45 25 28 49 55 40 39 30 56 64 64 42 18 4 3 18 11 36 18 41 24 40 25 12 27 17 47 55 82 64 33 54 60 45 48 75 52 53 57 63 62 50 38 17 26 28 22
0 0 0 0 0 1 1 1 1 1 8 23 46 35 13 26 5 3 3 13 16 10 10 16 12 4 8 7 5 10 16 18 41 67 78 51 30 42 30 28 41 27 20 34 63 54 31 43 47 37 32 21 75 48 40 53 44 56 20 39 66 49 26 3 14 17 11 9 5 15 43 37 16 16 39 21 31 35 45 70 63 84 52 60 43 27 37 78 53 54 45 76 55 37 28 36
0 0 0 0 1 1 1 0 1 2 4 1 1 1 1 1 7 4 4 6 6 7 10 6 17 11 10 6 10 14 19 49 49 42 62 54 48 48 26 25 14 12 17 35 66 46 19 21 32 41 38 27 34 83 72 72 20 34 15 55 46 47 13 16 4 10 7 5 13 26 25 30 37 27 37 53 22 21 63 68 43 69 53 48 27 34 27 38 40 58 32 46 75 71 31 23
0 0 0 1 1 1 1 2 2 1 1 1 3 2 1 1 3 2 11 3 6 5 7 5 15 7 4 8 18 28 49 53 79 67 44 43 40 60 57 37 23 10 7 12 44 18 16 25 37 28 41 24 39 49 81 65 35 25 32 56 26 26 17 5 10 13 15 7 25 36 37 44 25 17 44 60 41 19 18 55 40 29 50 64 35 39 27 33 71 58 53 41 69 82 60 35
0 0 1 1 1 1 1 3 3 3 1 2 5 7 4 4 5 12 12 6 26 9 4 6 8 6 4 6 13 63 64 60 59 54 44 34 36 53 52 39 21 10 11 21 25 13 14 41 24 28 54 27 40 57 36 49 34 33 43 39 18 16 34 24 12 9 26 22 31 63 72 73 21 31 48 56 40 23 24 61 39 11 37 64 34 41 36 31 55 39 31 39 57 65 64 59
0 0 0 1 1 1 1 1 2 3 4 3 1 2 2 8 14 14 20 12 38 36 10 5 3 6 4 11 23 46 71 49 48 41 41 49 54 25 30 49 20 8 9 28 24 12 21 24 28 42 60 47 47 69 50 40 45 40 51 22 17 19 29 25 14 11 9 24 43 30 51 51 35 28 31 56 32 28 12 22 40 9 48 73 35 38 49 32 24 49 39 19 24 41 59 70
0 0 0 0 0 0 0 0 1 2 4 3 3 3 3 3 11 5 32 12 6 6 21 11 8 6 10 33 43 35 43 45 35 18 19 19 18 12 10 17 20 4 2 2 10 7 14 19 50 66 72 67 52 55 35 50 55 45 43 39 15 13 33 35 25 23 12 13 17 11 5 5 22 33 32 43 31 42 28 17 8 13 25 62 63 32 42 43 29 26 45 24 35 55 77 59
0 0 0 0 0 0 0 0 0 1 1 2 3 3 4 3 2 5 28 17 5 22 33 13 13 11 15 15 38 44 24 15 13 19 24 20 18 15 7 2 16 3 10 6 2 3 14 30 37 68 66 61 50 59 39 63 63 53 53 55 11 27 37 38 26 18 8 11 7 4 5 23 51 46 40 47 47 40 22 22 34 13 32 60 66 32 18 22 27 21 16 13 28 43 53 47
1 0 0 0 0 1 0 0 0 0 0 0 0 1 1 2 4 7 4 2 5 9 5 27 17 24 11 15 15 14 15 29 36 36 26 31 49 45 23 5 5 5 2 6 3 3 3 15 30 37 47 40 37 37 49 34 47 44 58 52 11 26 9 37 53 33 12 14 15 3 11 37 48 53 29 18 31 40 49 42 31 29 30 50 70 84 58 43 23 18 17 10 27 62 52 38
0 0 0 0 0 1 1 1 0 0 1 1 1 0 1 3 5 6 5 9 8 2 4 7 34 23 24 34 56 42 38 17 21 32 32 48 61 59 40 4 10 9 4 5 14 16 15 3 14 22 16 14 11 13 20 42 48 56 58 59 18 38 26 31 45 15 11 12 9 8 12 42 33 46 18 14 25 24 45 37 36 34 38 39 69 85 82 37 23 20 17 12 28 48 60 53
0 0 1 2 1 1 0 0 0 0 1 0 0 0 1 1 4 4 6 8 4 3 4 4 18 26 12 23 24 17 27 25 35 23 55 72 53 57 41 22 31 33 23 23 35 35 35 19 5 2 2 4 3 1 6 44 74 87 66 32 50 36 30 20 33 26 13 23 8 8 46 44 50 41 18 28 51 33 34 42 25 23 17 11 56 63 60 61 39 22 20 13 16 30 36 18
0 0 0 1 0 1 0 0 0 0 0 0 0 0 0 0 1 2 3 1 4 5 5 4 30 47 16 19 17 31 36 42 27 50 56 58 29 28 33 52 41 47 54 65 57 36 45 36 16 11 7 7 10 2 2 8 71 83 55 38 35 43 24 17 27 9 12 14 4 34 63 59 50 54 23 23 53 49 44 70 46 31 17 10 20 43 47 47 47 27 21 19 9 18 56 14
2 1 0 0 0 0 2 0 0 0 1 1 1 1 1 1 1 1 1 2 4 6 8 4 17 20 20 22 29 28 33 50 52 43 44 22 40 45 38 48 68 70 60 36 40 21 33 39 22 17 13 4 6 4 8 5 21 33 45 52 37 22 18 38 34 6 12 38 66 48 65 79 42 73 37 17 44 66 48 64 55 50 36 15 14 40 62 45 53 33 26 14 6 10 40 31
2 0 0 0 0 1 1 1 1 1 1 1 1 1 1 0 0 1 2 2 2 3 3 1 9 18 16 7 8 25 20 18 32 43 51 34 30 44 30 66 39 40 57 40 25 21 22 27 25 11 17 14 5 9 13 11 15 30 49 47 15 16 56 49 30 8 26 39 49 61 49 53 32 39 60 45 29 26 27 63 29 26 43 30 21 9 41 25 53 24 29 14 9 8 11 28
2 0 0 0 1 1 2 3 2 4 3 3 1 1 1 1 1 1 1 7 3 4 4 4 20 15 25 20 10 17 20 29 33 54 62 49 66 39 54 25 42 27 20 18 30 29 49 33 31 12 13 11 10 12 19 15 14 22 45 49 51 15 23 28 18 20 46 13 38 58 61 43 47 23 53 62 39 23 25 74 81 41 19 53 34 9 7 11 47 35 27 25 9 7 7 25
1 0 0 0 3 1 0 2 1 1 0 1 3 2 1 1 1 1 1 6 12 8 10 7 19 10 15 31 14 11 40 53 59 26 14 71 64 31 32 32 41 51 28 16 11 29 20 7 9 7 17 10 11 12 12 12 7 13 24 18 18 21 14 14 16 36 51 8 35 23 48 58 47 17 16 43 41 53 28 48 81 54 46 18 33 12 4 9 41 51 11 32 15 7 9 18
1 0 0 0 3 2 1 2 6 2 5 2 2 19 9 3 4 3 3 17 10 19 15 9 21 16 11 40 36 21 22 17 8 7 7 22 34 44 19 38 36 49 42 38 24 6 4 3 2 1 5 5 3 4 8 4 4 5 5 13 25 20 14 21 44 40 31 14 26 26 27 44 36 34 24 58 58 42 34 16 52 53 35 50 17 9 6 7 6 27 8 16 13 5 4 6
2 2 0 1 4 3 2 1 11 4 2 4 7 10 13 13 21 7 9 7 19 24 44 25 18 19 38 29 55 33 16 10 23 22 15 2 8 35 37 16 29 48 59 59 34 23 16 10 7 6 3 2 1 1 1 1 1 1 7 16 34 21 30 34 19 42 23 29 33 29 21 30 47 53 15 46 53 33 36 22 34 51 23 10 30 15 6 6 4 9 9 9 15 5 2 3
7 7 1 3 6 2 4 1 4 6 6 8 13 20 23 16 29 35 12 12 39 68 72 80 72 62 63 44 62 47 67 68 74 44 19 18 20 15 13 25 48 34 43 47 54 47 40 25 20 17 8 7 7 6 5 5 5 4 14 28 28 26 20 23 19 36 37 48 18 40 18 14 42 31 15 34 30 15 20 16 16 22 47 9 9 6 7 2 2 5 3 7 3 2 2 2
7 5 10 7 9 2 3 3 8 14 11 8 9 37 48 34 35 65 50 69 74 76 84 82 73 80 76 70 76 81 55 29 46 54 46 23 31 24 10 8 34 40 45 61 51 48 49 35 31 25 18 17 16 15 7 13 8 9 15 17 24 17 10 13 11 42 27 43 34 36 10 15 22 27 16 29 25 34 10 15 14 5 17 10 5 11 3 3 1 2 4 2 3 2 2 2
4 12 11 7 11 10 11 9 12 23 24 38 32 45 59 80 76 61 72 40 46 57 62 81 76 74 82 80 81 82 25 16 15 15 32 36 47 26 32 24 24 51 55 49 46 45 34 63 50 32 25 25 22 20 17 17 18 5 9 11 14 10 11 19 36 53 46 25 33 15 17 9 18 18 17 10 8 14 17 8 13 7 11 9 2 9 4 2 1 1 3 3 2 3 2 1
6 18 11 8 16 14 14 14 22 40 59 71 79 83 90 88 79 75 83 66 37 20 50 68 51 50 39 65 68 60 45 11 9 7 9 15 28 24 27 33 14 28 34 36 22 19 12 24 32 30 44 42 27 24 23 33 23 7 6 7 5 12 28 35 44 35 19 18 13 25 19 26 11 10 10 9 8 8 13 9 7 6 5 3 4 3 3 2 2 1 2 1 1 1 1 1
10 20 9 12 32 29 26 43 61 75 82 84 83 87 83 90 78 77 90 44 71 35 22 42 32 19 23 25 28 29 50 32 22 5 8 5 14 12 11 29 25 21 43 18 23 18 10 19 19 12 10 9 8 16 15 6 25 13 9 7 9 15 30 35 35 25 11 24 34 18 20 13 10 8 6 3 4 3 6 6 5 4 1 3 2 1 1 1 1 0 0 0 0 0 0 0
7 33 25 27 38 55 66 77 71 85 81 89 76 88 81 85 65 68 86 75 35 44 24 13 13 10 5 4 15 16 23 62 31 10 11 9 26 51 48 33 33 22 20 11 8 13 13 5 3 5 5 14 26 25 13 13 28 17 24 7 13 17 27 20 29 13 8 14 27 24 15 10 5 8 5 2 1 0 1 2 3 2 1 1 1 1 1 0 0 0 0 0 2 1 1 1
23 40 58 59 76 85 84 84 80 83 79 91 81 79 63 77 64 74 75 79 27 49 48 21 15 4 4 2 6 8 7 17 23 12 12 17 10 19 18 21 15 15 15 24 23 13 14 6 11 12 29 51 46 30 49 10 31 29 7 3 3 11 9 21 15 15 7 4 6 8 6 6 3 1 1 1 2 1 3 4 2 3 2 3 3 4 3 2 2 3 1 1 5 3 2 3
53 71 75 82 82 79 87 80 83 74 89 74 51 62 60 58 64 65 67 72 37 23 30 19 16 10 4 5 13 15 15 27 21 8 23 19 26 24 36 25 41 27 38 38 41 37 26 22 18 21 33 59 66 64 61 30 35 32 15 19 10 2 3 3 4 3 5 3 3 2 3 3 3 4 8 7 11 6 10 5 5 9 5 7 5 15 7 3 5 4 2 2 5 4 3 6
76 80 83 74 84 81 86 75 75 61 72 19 34 27 34 50 51 38 38 59 37 17 8 6 10 14 15 11 17 7 40 48 43 28 41 43 40 32 38 37 38 40 40 40 54 39 45 28 14 46 46 47 64 50 39 34 59 38 29 46 31 20 19 17 16 15 23 15 10 9 8 10 17 16 16 9 17 14 15 13 13 14 11 11 18 14 9 6 7 3 6 3 8 4 10 10
23 39 55 51 73 70 79 76 43 10 5 6 16 10 10 11 13 23 41 56 35 11 12 21 10 12 38 27 41 31 40 44 44 39 39 60 50 29 53 45 42 55 54 53 41 39 45 34 28 37 51 48 61 71 54 56 47 35 44 45 38 40 37 39 38 31 42 31 23 11 21 21 20 20 31 21 21 31 21 28 26 17 19 18 36 15 12 10 9 8 8 6 13 13 14 22
23 16 11 11 8 11 29 32 29 11 7 9 16 16 7 4 3 5 21 30 17 9 39 13 27 38 49 42 56 40 39 35 54 41 31 50 46 27 47 51 42 59 43 39 40 44 60 46 30 34 53 54 31 78 60 70 42 46 54 43 56 43 38 37 37 25 48 32 18 25 25 25 36 25 35 25 25 38 37 35 24 22 33 26 29 19 14 14 13 11 11 10 31 22 17 16
42 56 47 21 20 15 5 10 15 6 12 16 13 7 3 4 1 12 9 16 25 43 50 26 48 44 50 47 37 16 6 16 41 38 33 43 29 33 46 55 58 38 43 37 38 58 47 32 46 41 57 65 44 77 73 41 70 63 57 39 51 43 57 54 39 42 36 34 31 19 29 42 44 29 42 41 31 48 31 38 28 42 40 50 32 19 9 21 17 17 23 27 33 13 35 20
50 38 38 25 14 10 11 11 21 24 28 28 18 6 6 14 15 19 24 36 63 62 60 38 47 34 34 44 44 36 24 16 39 34 36 34 26 35 37 47 24 17 44 49 39 75 47 47 59 33 66 40 74 77 50 59 75 63 42 54 41 56 54 42 27 45 42 38 22 35 55 60 52 36 46 51 50 55 36 32 37 48 47 38 27 14 13 30 25 14 39 42 41 17 10 44
30 39 42 33 35 20 32 28 38 39 43 50 38 27 21 33 20 28 44 51 62 46 26 43 52 34 19 29 45 41 29 18 31 37 22 45 31 57 42 29 36 24 50 34 26 75 55 58 45 35 49 74 70 57 52 46 62 73 43 58 56 64 56 31 57 52 56 40 20 42 53 76 61 46 52 59 59 46 38 27 44 71 61 51 43 19 35 56 39 17 33 58 58 27 14 44
48 54 32 32 20 30 44 37 34 50 47 49 44 40 42 38 38 47 48 51 59 46 45 51 40 27 28 41 33 40 18 33 20 16 42 48 45 37 42 27 30 17 49 20 15 55 61 59 37 43 55 41 71 22 18 14 35 61 34 64 74 58 53 72 58 56 37 18 26 59 64 82 70 53 57 70 79 54 53 30 53 77 54 40 35 26 48 66 48 28 21 71 79 51 30 42
28 42 32 40 31 42 46 46 43 42 58 47 42 39 62 31 36 50 46 45 56 55 35 53 36 36 40 38 30 50 23 41 22 19 26 48 25 31 23 35 27 31 36 25 42 40 71 55 24 37 57 48 52 33 26 18 25 38 26 71 75 66 66 71 34 52 22 19 30 63 75 78 75 60 66 74 84 47 58 30 60 85 63 33 28 35 57 73 56 37 27 63 74 64 24 46
24 27 50 37 25 33 50 34 30 32 54 44 35 48 38 35 26 44 54 34 34 44 54 47 33 30 29 22 19 68 27 37 25 25 29 47 40 28 20 29 21 36 28 23 37 36 51 23 28 22 34 69 53 43 29 28 51 29 34 66 56 63 83 49 58 51 34 34 49 51 76 76 78 51 58 77 65 43 66 38 48 75 65 54 35 39 64 77 58 45 33 48 69 49 38 50
9 15 22 18 12 12 30 25 21 27 26 30 29 41 33 30 33 30 41 35 28 18 27 43 39 29 37 24 15 26 42 51 21 18 24 45 26 14 17 25 20 36 28 22 24 35 28 23 20 19 20 45 20 22 27 30 48 21 42 51 42 63 37 49 75 39 36 40 60 48 66 84 64 38 59 77 65 44 71 43 52 74 52 50 49 37 38 75 75 48 32 52 70 51 37 53
2 7 5 7 8 9 16 20 12 25 22 31 31 27 23 36 26 22 28 35 20 14 11 36 37 24 37 13 13 33 32 37 14 15 28 22 15 20 17 29 36 15 22 36 34 21 11 33 17 12 8 24 8 13 16 30 38 51 44 24 23 18 35 73 35 44 56 32 44 53 46 73 38 35 57 73 49 47 63 31 63 68 50 51 52 55 26 36 78 45 38 46 71 64 53 44
2 2 3 3 6 3 6 6 10 17 15 27 22 21 22 25 19 19 15 18 27 12 32 23 33 27 22 20 5 16 30 35 5 8 13 23 12 6 12 14 33 15 25 13 10 14 14 5 14 16 13 17 19 11 20 23 45 41 32 56 44 23 53 42 55 62 32 33 40 57 35 64 30 30 43 67 40 59 62 29 48 52 36 65 64 62 37 34 75 58 35 51 59 44 51 40
1 1 2 3 5 2 7 6 8 10 12 24 15 10 12 18 23 28 17 6 8 6 39 5 17 22 18 15 5 9 10 18 2 2 16 4 3 3 14 4 18 8 12 9 9 12 10 35 47 65 51 41 41 31 19 29 39 28 33 41 36 32 43 19 55 29 34 37 43 62 28 47 30 45 21 44 30 53 44 35 57 40 35 53 67 38 49 35 51 42 50 39 69 72 74 61
1 0 2 1 1 4 1 2 5 6 11 15 9 15 6 17 5 19 19 7 3 11 18 6 15 18 14 19 3 3 3 5 5 8 3 3 5 6 11 6 12 10 14 27 15 50 29 65 38 46 25 30 42 60 63 47 45 15 16 48 28 29 12 20 45 29 28 33 41 54 57 46 46 40 30 59 27 61 31 28 67 28 63 53 65 41 54 41 38 59 58 67 69 75 79 88
0 1 0 0 1 2 6 1 5 3 2 3 3 8 5 10 6 15 11 13 7 14 13 24 5 5 9 6 8 8 3 2 4 3 23 33 20 17 42 65 40 37 32 65 39 30 69 67 29 52 40 33 42 66 58 42 51 51 39 63 44 60 52 37 26 34 43 38 30 37 53 59 41 71 77 73 74 86 78 56 61 70 71 70 38 85 84 72 65 34 51 44 56 78 60 66
0 0 0 1 2 6 2 1 1 0 0 1 2 8 7 7 7 11 7 7 10 8 7 19 10 4 2 3 3 3 2 4 5 2 3 20 38 8 13 45 49 49 38 60 76 32 42 51 57 56 64 24 31 69 73 34 77 67 82 78 46 58 45 52 39 58 42 65 65 18 27 65 66 42 67 76 55 75 56 80 49 67 80 69 48 82 76 63 86 79 64 36 52 66 47 36
0 0 0 0 0 1 0 0 0 1 1 1 6 5 3 7 3 9 4 4 7 5 9 11 8 4 1 2 3 6 4 1 2 2 2 6 10 6 5 32 42 24 51 73 62 22 33 33 40 48 61 25 32 56 52 68 57 51 66 76 43 20 30 63 63 68 63 60 57 64 22 58 78 38 65 81 30 21 30 84 78 53 49 57 69 75 73 79 88 78 49 68 33 28 64 71
0 0 0 0 0 1 1 0 0 1 2 3 2 4 2 5 4 4 3 2 3 5 7 4 5 5 1 1 2 4 2 1 3 2 2 2 5 23 10 35 22 40 29 31 75 52 30 24 36 37 54 54 30 66 67 88 44 73 88 87 71 16 46 55 57 78 71 77 52 76 40 33 69 41 62 82 50 36 28 74 68 71 18 18 32 70 79 72 81 67 29 72 48 36 53 64
0 0 0 0 0 0 1 1 1 1 2 3 2 1 3 6 4 3 2 2 3 5 2 2 3 2 0 1 1 4 3 2 2 2 3 6 7 8 33 73 33 51 34 57 61 68 35 33 58 48 82 84 51 65 86 91 62 85 90 81 76 37 72 78 59 52 43 36 59 83 47 28 52 29 67 71 87 44 51 84 62 75 68 29 27 46 67 63 61 44 64 88 49 32 20 21
0 0 0 0 1 0 0 1 0 0 2 1 1 1 2 4 4 2 2 2 1 2 1 1 1 4 1 2 4 8 9 8 4 8 12 18 12 25 53 53 48 19 22 64 71 47 27 25 39 53 75 69 71 46 77 91 67 74 82 77 83 74 76 87 43 47 59 34 62 76 71 47 17 33 80 78 81 73 43 86 46 65 77 49 29 26 58 49 51 24 76 87 66 46 48 19
1 0 0 0 0 0 0 0 1 1 2 1 0 1 1 3 3 1 1 1 2 1 1 1 1 3 4 10 16 3 6 4 11 18 14 18 9 22 36 37 66 33 55 26 83 37 42 36 21 42 69 68 49 26 28 67 69 78 84 82 91 78 80 79 78 55 58 47 53 60 82 61 31 28 65 77 84 82 59 71 67 61 66 78 47 29 19 21 20 35 74 53 78 49 46 27
0 1 2 0 0 0 0 0 0 0 1 1 0 0 2 1 1 1 1 1 1 1 0 1 0 1 1 1 6 3 2 13 11 12 31 24 14 8 4 22 24 16 6 5 32 28 67 58 23 16 37 18 30 16 13 22 22 61 66 66 73 75 68 65 88 53 54 45 15 70 91 47 32 27 69 60 59 68 40 52 56 24 68 80 66 43 13 14 15 26 16 38 81 48 32 37
0 0 1 2 2 0 0 0 0 0 1 0 0 0 1 0 0 1 1 1 1 1 1 2 6 15 5 2 4 4 6 7 20 26 26 24 18 24 13 7 10 28 13 7 13 19 31 42 42 16 19 15 30 17 20 37 29 17 28 48 48 24 34 66 91 74 42 44 53 76 88 56 25 15 30 43 64 49 60 64 55 18 51 68 79 32 21 11 34 40 23 40 89 61 57 57
0 1 0 1 1 5 1 0 1 1 0 0 0 0 0 0 0 0 1 3 1 5 3 2 7 12 17 2 2 10 11 7 20 32 15 8 28 28 10 10 13 41 24 14 21 19 20 18 19 10 17 42 49 45 38 36 27 21 17 13 4 2 14 77 80 78 55 29 34 70 80 76 65 29 18 41 57 43 43 29 53 38 25 71 74 59 25 15 36 29 50 81 82 82 65 60
1 2 1 1 1 1 5 0 0 0 1 4 1 0 0 0 0 0 0 0 0 1 1 1 7 10 7 10 10 21 10 7 23 16 27 29 21 36 18 28 21 33 37 22 11 35 21 26 19 8 16 54 63 70 65 57 44 38 34 29 34 29 30 52 54 66 57 23 12 45 43 77 78 38 18 45 57 41 25 41 65 34 24 21 73 77 27 13 40 52 49 71 48 77 46 28
0 0 0 1 2 1 1 0 0 1 3 4 7 3 2 2 0 0 0 0 0 0 1 1 2 3 7 18 9 14 8 11 9 5 29 37 14 14 27 46 34 41 33 24 9 16 47 37 27 16 15 36 74 76 74 74 60 60 53 52 76 79 81 71 58 56 47 30 12 8 36 48 81 63 57 20 41 47 25 6 18 29 31 43 63 74 43 21 12 30 33 29 74 76 87 55
0 0 1 3 6 3 13 2 3 2 2 1 5 5 4 1 2 0 0 0 1 1 1 1 4 3 5 14 7 6 4 16 30 22 39 28 23 34 52 27 49 45 24 30 37 37 49 52 37 27 16 22 45 70 67 77 76 73 53 44 35 49 57 62 72 68 71 59 38 3 11 48 55 63 57 49 32 15 20 18 46 35 17 25 24 62 63 19 8 16 24 30 25 65 56 70
8 2 1 1 1 6 5 1 2 6 2 3 1 2 1 1 2 1 0 0 0 0 1 4 8 2 6 10 9 15 16 51 30 18 21 33 22 26 20 8 16 52 64 43 61 48 41 38 40 41 37 17 13 16 52 53 50 68 69 61 55 50 35 40 45 63 67 67 65 55 38 59 52 70 41 40 31 20 29 19 17 18 11 35 26 63 71 18 6 23 32 21 24 24 57 72
3 7 4 2 1 7 17 7 2 3 2 2 0 1 1 0 1 2 0 0 1 1 1 5 4 5 2 4 5 4 3 5 6 20 18 21 23 28 31 31 20 9 20 66 67 76 66 51 47 24 34 34 23 12 21 31 27 22 35 42 45 58 59 46 25 27 55 64 65 48 55 73 53 76 60 42 37 38 21 11 12 23 10 16 27 18 53 26 6 12 26 29 13 8 49 72
2 3 36 9 3 4 2 10 12 6 6 3 0 2 2 3 3 3 1 1 0 1 3 3 3 3 8 19 11 8 12 20 16 19 22 43 44 43 41 47 48 39 22 14 15 60 66 61 43 30 23 33 24 11 5 4 4 6 5 6 11 26 23 32 32 16 17 26 27 23 52 51 51 46 44 48 52 45 25 29 25 20 9 10 34 43 28 36 10 3 16 23 14 32 76 31
2 2 8 7 5 4 1 0 21 45 40 32 3 4 3 1 1 8 1 2 1 1 2 2 12 3 12 15 6 10 17 26 13 19 28 36 35 44 41 43 47 39 54 48 47 29 16 11 36 37 44 15 13 8 11 19 19 19 17 14 13 5 3 4 6 4 4 3 3 14 23 36 32 26 21 16 16 36 31 25 17 10 24 20 21 31 24 42 25 5 3 17 39 75 42 68
5 3 6 33 15 5 4 2 2 33 9 3 6 4 4 3 4 0 1 3 0 0 1 2 4 2 4 4 3 4 4 8 12 18 19 24 41 54 38 51 55 59 55 55 56 43 37 35 23 13 11 7 9 22 26 40 38 38 35 42 16 5 4 14 14 24 10 12 3 2 6 16 13 9 8 8 11 16 20 34 29 9 7 8 9 10 19 31 37 9 4 13 79 45 40 56
6 5 7 14 14 17 24 3 1 1 1 1 2 3 3 16 2 4 2 4 1 0 1 1 1 1 4 4 5 4 3 6 8 12 23 28 30 37 35 54 52 42 38 38 45 34 31 42 34 29 33 33 34 48 46 43 57 58 56 46 21 14 16 30 27 18 23 10 3 4 4 1 1 1 2 1 4 4 2 3 7 4 4 3 3 3 12 19 18 10 4 43 48 22 55 56
15 10 8 2 14 14 45 39 17 11 7 4 1 2 12 5 25 16 6 4 9 6 3 1 1 1 3 2 1 2 3 9 16 8 3 9 33 39 24 20 35 44 34 26 36 29 39 41 45 41 46 30 33 49 60 61 60 63 68 55 31 27 40 39 46 46 45 30 12 9 3 1 1 2 2 5 14 9 5 4 3 2 1 2 1 2 4 7 20 20 7 53 12 7 39 61
15 15 14 19 16 31 16 9 13 27 10 13 5 8 12 29 41 26 9 8 12 3 5 6 3 2 2 1 1 2 6 2 3 3 9 13 27 47 45 38 47 40 49 39 44 39 43 44 49 31 58 50 48 42 58 62 78 76 74 57 26 49 46 60 58 72 59 46 33 15 10 9 10 12 14 25 32 21 12 11 17 20 8 4 5 2 1 2 5 24 12 38 8 8 42 73
19 21 6 5 19 16 48 42 19 20 20 35 27 9 20 59 51 25 10 21 4 14 5 6 2 1 0 4 1 3 2 1 1 11 8 11 18 32 40 42 47 35 34 40 41 44 48 61 50 38 47 64 46 48 65 73 80 70 55 46 42 53 64 65 64 79 70 54 40 17 27 27 27 32 33 36 49 33 29 30 28 23 13 18 16 6 5 1 2 9 8 10 10 4 18 38
22 26 21 6 32 46 50 41 66 38 25 10 6 36 51 42 32 18 14 47 6 27 5 4 3 2 2 4 6 2 1 3 2 7 8 17 21 34 27 41 53 41 20 37 39 36 53 65 57 35 33 64 59 50 63 78 75 61 45 34 36 68 65 66 80 76 64 55 29 23 36 35 37 48 47 60 59 59 40 41 51 39 35 41 29 22 10 2 1 5 5 10 7 2 8 17
19 6 18 10 5 38 28 19 29 53 55 36 7 21 56 44 7 8 34 46 6 44 4 4 12 8 2 5 6 16 3 1 3 3 8 7 5 8 17 16 41 28 36 36 39 27 59 38 64 35 64 55 54 43 70 82 62 56 36 50 51 63 59 73 81 73 64 61 32 48 59 60 39 56 68 65 66 57 48 54 64 56 46 52 21 12 5 3 1 1 1 5 6 1 5 3
18 16 11 19 6 12 51 60 64 45 18 19 7 27 32 48 17 32 70 37 13 41 8 5 3 7 6 10 14 4 10 18 4 3 3 5 2 6 7 16 25 23 27 42 28 34 42 43 22 24 76 31 50 41 77 54 50 56 34 44 44 57 70 79 64 72 60 46 37 53 65 65 42 64 62 73 75 62 54 59 75 59 58 31 13 13 10 12 8 2 0 0 2 2 1 2
30 13 20 17 20 18 31 51 47 47 53 26 49 14 6 3 33 81 70 35 38 35 14 16 14 8 4 10 12 13 9 2 3 2 3 1 2 4 5 22 11 17 29 32 13 25 22 25 34 39 24 17 39 65 37 51 39 32 37 34 34 53 78 67 66 53 38 42 57 68 67 67 57 67 49 55 67 44 56 62 77 43 25 23 27 28 36 19 12 4 2 1 0 1 1 1
24 26 18 19 48 29 53 77 40 40 34 44 54 60 8 2 13 20 13 6 21 48 26 10 7 13 6 9 8 8 2 0 2 4 0 2 3 4 8 9 6 8 21 8 6 9 10 24 10 8 13 18 29 45 31 30 16 23 43 44 33 73 68 66 59 63 45 42 52 69 65 53 55 67 52 28 76 57 60 77 46 45 38 39 64 65 40 18 14 8 3 3 1 0 1 1
