sesion_6_simulaciones/modelos_agentes/ejemplos_netlogo/scenarios/echam4_b2/rob_2044.asc
NCOLS 322 
NROWS 307 
XLLCORNER 451900 
YLLCORNER 4086900 
CELLSIZE 100 
NODATA_value -9999 
[rows 74 to 147 of 307, columns 96 to 191 of 322]
10 30 17 12 9 13 10 32 12 12 9 40 16 55 43 25 4 2 2 3 26 23 6 3 2 1 1 0 1 2 1 0 2 1 1 0 0 0 1 0 0 1 1 0 1 1 1 0 0 1 1 3 9 6 5 3 5 8 15 11 8 49 35 24 34 42 24 36 45 46 37 50 34 52 25 26 43 47 38 36 20 44 64 59 45 27 31 34 21 27 21 18 17 8 2 1
13 15 15 10 6 10 16 22 12 25 25 16 10 11 22 40 15 18 19 33 66 26 18 6 4 2 1 0 1 0 1 10 2 2 4 2 1 0 0 0 0 3 3 4 6 2 1 8 11 1 1 1 1 4 2 2 5 11 9 5 12 13 29 21 28 21 18 26 35 45 23 60 22 30 22 14 37 19 16 39 47 44 23 25 35 36 33 30 43 39 50 51 28 19 7 3
25 12 11 11 8 15 8 29 10 34 38 11 13 30 17 15 22 42 34 40 55 47 41 25 5 2 2 1 1 1 4 7 4 3 3 3 3 1 1 2 1 1 1 0 1 3 2 3 4 6 1 0 1 1 1 2 4 8 3 4 7 3 18 17 18 17 25 16 39 27 12 34 25 17 24 19 12 10 56 32 27 30 48 35 52 57 55 67 72 57 60 57 40 29 17 10
26 7 19 17 13 11 13 19 16 23 67 20 20 19 20 27 54 23 44 42 60 64 31 19 20 2 1 2 3 3 6 1 3 2 4 1 9 2 1 6 1 0 0 0 1 2 5 4 3 14 9 5 2 0 1 1 3 2 2 1 4 2 12 8 9 6 18 15 19 8 5 8 21 6 18 8 8 12 34 21 36 34 32 51 70 68 76 62 63 74 52 56 38 31 22 17
27 14 21 19 29 14 19 20 8 43 66 54 31 15 29 35 41 52 70 26 24 34 47 54 12 8 9 14 16 7 7 2 3 4 1 2 3 2 3 7 3 0 0 0 1 2 6 8 2 23 15 11 9 4 3 1 1 1 1 1 2 1 2 3 3 3 5 10 5 3 3 3 16 10 6 2 8 13 15 19 37 61 75 67 73 76 52 63 69 51 57 39 31 34 31 47
45 44 14 47 53 32 11 24 9 29 30 62 39 25 26 4 34 76 43 34 35 19 45 59 19 9 40 42 33 29 29 8 1 1 1 5 6 1 2 6 7 1 0 2 1 2 4 29 21 21 21 17 18 4 13 8 7 1 1 0 2 3 1 1 2 3 3 5 1 1 4 9 9 5 24 23 6 5 15 33 47 55 58 61 52 68 68 79 63 46 45 34 30 44 66 45
76 82 60 57 19 14 10 9 9 33 16 11 45 53 10 26 69 39 27 18 30 15 6 36 45 41 49 34 44 31 58 33 5 6 7 11 4 3 1 3 13 3 1 1 3 9 5 5 27 14 26 44 22 14 19 6 10 15 11 8 8 2 9 3 1 0 2 4 6 9 7 1 2 2 4 18 24 39 15 33 39 32 61 48 46 51 66 75 61 55 51 39 70 71 35 31
60 58 73 16 11 14 18 15 14 19 19 4 12 22 23 34 16 48 45 31 22 31 5 10 43 59 54 23 16 22 23 9 20 24 19 14 14 14 2 4 14 9 1 1 6 7 3 2 11 5 39 50 18 51 27 10 27 9 7 7 13 3 6 10 6 2 6 7 18 4 12 2 2 2 3 2 5 36 38 41 18 34 58 51 37 49 74 62 57 52 53 61 75 63 34 55
79 79 66 33 35 35 39 27 13 18 27 4 14 26 33 18 15 66 39 26 29 63 29 25 54 87 50 8 19 25 11 11 3 5 49 20 4 5 3 10 17 18 3 2 5 5 4 6 8 25 29 65 60 58 29 25 29 13 28 11 15 9 11 9 8 8 2 4 14 5 22 29 16 10 4 4 5 6 30 58 67 25 41 42 26 68 53 37 50 66 54 75 54 49 40 71
35 56 79 74 15 15 39 38 53 25 25 7 24 52 35 9 16 78 24 39 34 34 21 57 33 38 18 32 34 23 15 12 5 24 64 30 14 5 3 15 6 2 6 2 3 2 4 6 9 20 13 57 51 67 41 36 52 23 40 25 16 19 9 8 14 6 17 5 12 28 36 34 16 9 11 3 4 10 11 54 46 39 15 33 56 27 34 38 52 44 54 47 32 42 45 84
21 32 46 62 66 18 34 23 18 48 39 16 25 52 39 22 32 75 38 36 17 13 66 68 55 40 18 47 43 24 9 5 33 74 69 61 46 15 15 21 13 2 5 4 4 7 7 6 13 4 3 19 66 77 42 52 39 40 63 45 25 18 8 4 25 9 34 16 14 27 50 37 9 7 12 7 9 10 11 21 57 66 55 30 12 39 56 59 49 65 26 43 42 66 43 77
20 34 52 37 59 62 52 51 25 37 57 14 29 62 44 53 38 49 54 64 58 15 35 43 77 63 58 63 54 58 28 67 79 62 55 75 65 19 10 25 11 3 7 4 5 7 9 7 11 8 11 23 71 75 46 32 43 75 65 59 31 8 16 22 38 21 54 39 30 15 54 29 33 26 21 9 9 14 13 15 28 67 45 60 56 24 48 19 57 27 25 49 37 73 46 63
20 16 9 9 27 51 28 16 21 32 38 19 43 70 53 19 38 30 52 64 73 62 27 29 34 40 70 85 50 52 76 77 80 61 66 63 49 61 28 35 16 29 15 21 7 9 18 23 17 19 13 26 63 88 62 42 72 63 74 61 34 18 20 23 56 30 51 39 40 21 43 28 21 6 17 7 2 9 13 12 7 51 67 52 36 72 42 40 43 44 44 58 66 76 77 42
15 8 1 3 23 25 7 12 17 27 15 31 65 60 26 13 24 32 58 58 70 89 51 26 22 31 77 75 81 36 82 64 62 67 84 76 48 66 31 46 34 69 13 39 24 12 11 9 14 15 15 13 37 82 67 76 65 77 88 57 30 30 35 52 50 35 49 41 34 8 10 18 35 23 26 13 5 7 13 20 31 9 56 61 56 65 75 79 88 64 81 83 68 38 80 32
21 18 6 3 23 16 10 16 23 17 23 34 47 57 25 9 55 55 42 46 53 65 78 76 54 34 59 71 83 79 73 84 79 45 49 36 36 67 21 33 81 56 30 18 15 18 9 15 27 36 41 20 27 58 59 70 68 82 82 63 56 64 61 62 62 25 45 50 38 12 11 33 47 32 15 40 9 5 9 16 25 19 18 53 66 83 70 41 40 54 57 78 70 41 56 71
22 10 10 4 11 8 5 34 19 16 13 21 68 45 19 9 54 36 51 61 58 68 79 77 76 49 53 26 47 77 63 67 71 60 59 55 41 32 46 82 42 52 19 10 18 34 16 20 30 43 37 38 25 30 28 57 71 74 83 60 48 58 53 77 70 37 50 65 22 6 7 27 23 26 57 36 13 12 4 17 16 31 37 14 55 78 71 67 67 58 40 39 56 37 25 48
11 13 6 5 4 3 3 23 22 8 29 47 70 66 21 9 36 12 41 77 75 75 42 55 76 61 59 45 73 92 86 80 56 68 50 31 35 29 61 34 31 26 10 32 62 37 24 26 21 22 24 26 23 22 10 15 55 71 84 52 70 65 80 85 85 42 72 53 40 18 10 20 41 49 73 17 13 38 8 12 15 24 41 33 15 62 62 43 25 39 37 35 28 43 44 43
25 22 13 7 6 3 3 6 16 18 23 57 43 31 45 18 44 13 6 29 37 73 51 46 44 27 50 67 87 92 75 81 84 79 73 41 22 34 76 17 47 42 56 62 65 39 52 14 11 18 49 50 59 58 57 26 10 8 42 56 55 67 80 87 87 57 89 61 57 45 20 25 39 77 52 14 31 27 14 7 18 28 36 36 32 10 27 48 39 39 24 37 61 70 60 60
15 12 6 5 5 4 2 1 8 21 31 35 34 14 16 9 47 21 10 46 40 47 34 44 56 48 39 70 45 73 76 74 76 67 22 31 41 48 48 25 61 62 77 61 52 34 64 50 49 34 43 43 47 34 45 17 8 8 11 40 67 86 78 87 77 47 79 71 34 27 33 52 40 59 29 32 53 33 34 30 22 33 29 30 40 27 8 15 19 27 48 60 68 71 69 62
8 7 7 6 5 4 4 2 3 7 20 32 31 25 13 8 48 17 6 26 21 27 31 40 30 55 52 62 46 18 41 48 37 27 47 47 69 80 51 50 24 65 91 55 33 71 58 42 56 35 43 37 26 35 37 45 26 12 13 64 83 79 84 89 84 81 79 83 65 25 45 35 33 13 20 52 42 13 32 11 17 22 25 27 38 27 36 16 6 31 54 76 82 76 74 50
11 5 14 19 11 9 9 8 5 7 13 22 19 15 14 7 25 11 5 12 24 20 16 21 26 44 45 45 49 38 18 15 22 43 45 75 83 56 61 68 44 82 88 56 72 63 59 33 72 42 57 47 61 70 71 59 40 16 18 33 79 71 86 87 82 75 80 84 75 45 31 44 44 36 36 36 41 65 22 23 11 12 29 27 20 34 52 49 18 20 32 30 48 56 61 53
30 27 18 31 27 20 22 20 13 3 7 11 10 12 9 11 9 7 6 11 12 15 7 12 21 27 34 36 36 49 14 19 23 43 84 87 68 45 72 78 63 75 81 66 58 68 60 49 74 51 44 63 57 69 72 61 43 22 14 19 25 71 83 85 77 69 84 76 50 19 32 56 25 42 63 47 57 29 10 37 11 15 26 27 57 40 25 34 43 46 44 23 15 17 28 34
38 21 34 33 38 28 39 24 14 12 2 3 2 5 9 6 9 8 4 4 11 12 8 8 8 9 37 31 28 13 20 9 31 79 76 77 35 61 88 70 52 56 65 26 38 83 55 74 76 67 47 68 80 56 34 41 48 49 40 24 30 47 69 76 76 72 54 60 32 28 45 43 35 50 59 66 48 31 30 33 24 10 23 56 56 55 40 37 44 49 62 61 44 22 12 24
32 37 45 29 44 39 30 26 22 22 22 9 5 2 2 3 7 6 3 2 6 3 4 5 4 8 28 39 23 16 24 7 42 72 59 37 45 80 90 76 40 51 46 35 80 70 51 53 84 80 43 54 57 74 62 44 17 29 35 44 38 46 38 51 33 55 61 56 27 46 55 51 42 38 59 52 44 51 18 6 26 19 29 47 58 45 45 40 29 39 56 53 51 29 28 10
44 31 42 49 47 32 32 41 23 26 19 17 15 8 4 2 2 5 2 3 5 4 3 3 2 6 8 28 7 8 25 8 33 56 28 36 47 66 61 64 51 55 33 74 77 33 58 87 84 75 75 36 22 32 28 39 21 28 47 52 40 55 40 27 26 42 34 31 26 55 48 62 33 54 60 51 69 29 28 14 35 10 12 19 30 55 57 40 32 27 51 45 53 50 47 25
29 21 45 52 23 35 17 22 41 31 22 23 18 17 10 4 2 1 1 1 1 1 2 3 1 2 3 4 4 23 13 5 10 12 17 50 55 66 90 73 65 50 64 65 60 48 53 89 84 74 90 70 45 59 59 41 25 20 13 25 57 45 36 21 25 42 31 25 36 45 57 62 52 25 29 31 41 31 23 26 5 29 15 24 33 49 47 53 61 44 45 50 57 68 48 39
15 30 67 44 44 26 51 28 45 43 26 26 20 9 8 7 6 5 4 4 4 4 2 2 2 1 1 2 7 26 4 8 10 6 24 55 61 26 56 51 61 50 51 65 52 51 69 88 83 83 85 85 45 32 31 29 30 39 32 8 12 25 25 26 26 32 26 28 26 44 51 64 56 55 16 28 41 29 11 11 27 13 9 25 35 40 48 59 51 66 56 68 69 67 56 51
18 34 60 36 35 36 24 30 45 34 33 30 21 20 10 14 7 10 11 11 7 11 5 4 7 5 1 1 3 14 4 9 13 10 21 31 28 33 26 14 51 63 45 35 44 73 85 86 79 70 80 79 60 45 51 62 60 46 40 18 4 23 19 14 24 19 17 22 35 43 38 46 39 34 43 37 26 38 68 62 47 51 25 23 24 29 37 50 67 56 73 70 66 68 68 68
18 49 22 25 35 29 30 21 39 41 20 16 31 16 14 10 11 12 13 13 14 13 11 10 6 8 3 0 2 6 2 5 10 12 18 20 23 33 33 15 29 69 55 26 57 60 87 81 43 36 47 70 83 74 58 57 54 43 26 13 6 25 15 8 11 15 19 33 39 45 40 42 45 58 69 70 55 72 66 57 47 30 20 9 10 28 50 48 53 60 70 74 74 79 74 72
46 17 24 22 18 30 34 27 15 20 26 30 29 27 12 17 15 16 17 26 25 16 23 13 18 10 8 2 1 4 2 3 6 9 20 23 32 32 31 10 19 35 48 20 50 50 76 50 27 29 53 60 81 76 70 55 56 45 26 22 7 10 9 6 18 14 24 47 42 44 44 39 68 71 85 68 73 61 60 37 11 7 9 20 5 22 36 40 63 76 70 57 45 43 38 39
12 16 32 57 51 39 15 10 13 34 35 29 17 29 27 26 24 31 29 30 31 29 22 26 23 13 5 4 1 1 1 2 1 8 14 36 48 32 34 16 14 13 19 6 19 34 24 32 33 45 47 69 86 77 72 72 69 59 56 31 10 8 9 5 15 20 29 23 22 36 55 54 58 62 62 67 65 49 29 20 21 13 28 26 56 29 16 39 66 59 49 54 56 56 54 55
29 42 38 13 13 21 26 12 22 36 37 32 30 30 27 39 26 36 35 43 21 40 37 31 22 11 4 3 1 1 0 1 1 4 10 21 22 29 37 22 23 18 21 6 15 26 37 68 78 76 88 72 87 84 81 67 72 53 40 26 10 12 9 3 3 8 12 28 41 38 51 71 45 48 43 58 59 19 10 19 15 21 44 35 56 34 55 36 44 41 50 56 52 61 66 61
34 20 29 28 30 18 26 14 38 36 34 37 53 36 48 43 41 58 50 34 38 40 48 21 27 15 10 2 2 1 0 0 0 2 5 9 24 42 39 16 10 16 16 10 16 32 64 48 74 66 68 58 91 87 83 63 48 38 28 11 9 4 3 1 1 5 17 42 53 41 48 69 57 38 29 39 24 26 41 34 19 41 39 40 56 67 41 35 34 38 36 48 54 64 58 76
17 16 11 10 10 9 6 20 40 35 35 54 42 49 49 52 61 34 29 57 45 53 50 26 17 11 12 9 6 4 1 1 0 1 5 4 4 16 27 17 10 13 14 14 28 34 19 38 55 85 58 67 84 72 79 70 55 36 16 10 8 4 1 3 1 3 15 27 58 43 45 20 32 41 29 42 43 41 33 27 25 45 41 44 54 52 24 46 17 24 41 55 59 41 72 73
9 14 23 28 25 14 13 24 36 53 48 49 38 48 69 71 48 33 35 64 51 34 32 30 19 14 15 13 7 6 4 3 1 1 5 5 2 3 3 2 3 7 8 12 23 20 27 46 80 41 32 55 87 75 65 45 36 31 29 18 6 4 1 1 1 3 10 17 29 37 36 26 45 32 37 45 56 65 58 54 48 69 45 33 36 44 52 68 58 32 32 40 38 54 63 59
15 32 22 44 19 18 22 37 37 51 49 21 24 50 51 42 35 36 51 75 43 36 34 33 22 21 13 12 7 3 2 2 4 1 1 3 4 2 2 2 2 5 7 7 9 19 32 22 69 30 47 71 86 63 42 42 34 18 12 15 8 6 1 2 1 1 5 6 17 21 35 42 53 46 70 70 83 49 29 17 63 62 69 45 17 52 68 83 72 58 64 33 62 50 47 81
26 28 52 45 21 38 37 39 58 50 37 27 32 57 38 59 24 39 73 47 35 33 38 37 36 29 17 13 6 7 5 4 5 3 1 0 3 1 1 1 2 4 4 5 8 16 25 22 15 25 52 79 82 57 49 41 22 20 15 11 8 3 2 2 1 1 6 15 25 34 44 48 60 67 74 65 31 29 21 57 62 71 78 81 40 59 81 80 66 57 44 48 37 52 37 55
38 44 24 20 25 35 33 57 26 39 17 37 42 73 56 40 24 63 25 23 50 32 27 21 26 22 21 18 17 11 11 10 6 4 2 2 0 2 1 1 1 2 2 5 9 23 11 22 7 10 36 65 89 83 52 40 28 11 15 9 7 3 4 1 1 2 9 24 44 51 48 56 61 54 46 50 42 53 63 65 65 74 66 82 72 65 65 34 17 13 33 68 60 46 33 38
46 35 23 16 26 38 50 10 47 17 21 39 58 64 41 23 55 51 36 19 20 34 14 14 26 24 37 22 29 26 16 16 8 6 4 3 2 1 1 1 2 1 2 5 7 13 3 13 4 18 32 15 65 76 49 28 14 10 8 3 8 8 3 1 1 7 14 17 23 34 40 44 49 50 68 72 67 64 63 49 62 56 46 74 68 48 39 45 56 56 69 25 48 49 30 32
20 33 20 18 30 51 56 15 46 36 50 34 69 38 27 39 58 26 31 28 61 43 26 20 30 48 37 46 40 46 23 10 2 11 6 5 5 2 1 0 1 2 2 4 6 2 7 12 3 14 13 51 63 42 41 35 30 18 8 4 8 6 5 2 0 1 6 15 22 25 32 37 51 43 39 37 35 37 77 36 62 73 55 53 43 31 65 68 62 74 65 41 38 53 58 60
80 23 35 35 46 32 34 44 42 38 50 45 38 32 29 67 28 37 32 64 59 39 48 37 24 51 55 57 69 51 40 12 5 6 4 3 4 4 4 0 0 2 3 4 2 3 23 7 2 12 46 57 68 29 27 35 20 14 11 6 7 3 3 1 1 1 2 5 11 17 7 21 19 19 35 47 43 44 65 58 52 69 86 47 36 55 54 61 76 65 50 59 43 52 44 57
70 91 80 82 74 41 10 6 49 25 58 75 84 70 53 58 55 68 48 62 49 51 52 48 46 55 72 80 51 54 37 21 23 12 8 9 3 5 6 2 0 1 2 3 1 2 2 2 1 13 27 64 60 20 27 29 28 15 7 9 6 3 3 1 1 1 6 12 14 30 36 45 59 51 32 31 44 74 66 72 76 60 63 76 49 53 67 66 53 34 65 75 39 35 52 62
57 84 66 75 66 50 66 22 51 36 15 33 81 84 86 53 36 51 63 62 54 50 62 49 63 65 77 66 66 62 53 40 27 26 25 10 6 8 5 3 2 0 1 1 3 2 2 1 2 7 21 13 33 14 35 20 25 21 11 5 5 5 2 1 0 3 8 16 25 43 62 51 32 46 65 44 57 73 74 88 78 66 64 61 19 33 34 50 70 81 85 53 74 39 42 53
36 82 55 73 68 57 86 59 35 70 46 40 70 78 68 58 68 50 79 89 88 73 57 41 77 66 72 64 53 45 51 40 38 38 32 21 13 7 4 4 3 1 1 1 2 1 3 1 1 2 5 8 41 24 46 39 20 23 9 9 2 2 1 1 1 4 11 12 25 38 62 68 71 59 73 76 79 75 69 85 84 55 43 42 25 32 54 70 62 90 58 68 74 75 43 44
43 77 63 55 75 45 57 20 43 74 54 29 11 59 66 61 71 55 54 83 87 52 78 40 73 62 72 61 56 31 42 60 57 54 49 21 9 7 8 5 2 1 1 0 4 2 3 1 1 1 4 15 43 11 16 8 19 26 20 7 2 1 1 0 2 5 12 12 23 37 50 64 54 36 34 47 82 58 80 82 89 87 32 28 25 42 68 45 74 85 72 78 62 53 35 51
10 32 19 43 68 53 55 13 48 82 41 23 16 35 70 64 70 68 33 41 68 51 49 66 31 33 81 53 34 24 13 19 33 28 30 29 16 16 13 5 2 1 0 0 1 2 2 2 0 2 5 21 17 28 16 8 8 6 4 2 3 1 1 0 1 4 7 8 16 25 34 27 33 46 47 62 88 89 75 67 82 86 72 27 15 35 32 55 82 69 62 26 18 22 30 48
10 39 67 47 58 37 68 44 58 84 67 35 36 37 71 83 53 12 13 26 37 23 36 74 42 21 68 55 65 28 3 22 47 39 19 36 27 19 6 3 1 1 0 0 0 2 3 1 1 5 7 16 7 11 9 9 2 2 5 4 2 1 0 1 2 2 3 5 7 18 29 32 49 46 57 81 89 88 83 54 64 76 71 40 15 26 47 68 62 32 31 59 56 49 55 67
19 11 12 17 25 41 73 26 64 68 86 57 40 32 32 25 17 14 14 34 28 26 21 67 30 54 59 48 64 76 38 22 28 22 25 33 26 16 10 6 2 0 0 0 0 1 2 2 1 2 8 16 2 5 7 15 5 2 3 3 1 1 0 1 1 4 23 17 23 44 54 71 75 58 73 93 90 89 82 65 24 48 63 60 19 27 45 67 50 49 87 64 43 46 39 73
21 31 14 13 26 44 68 57 38 60 80 62 29 13 36 34 15 37 14 17 24 24 21 69 28 24 60 47 53 67 46 34 44 18 10 11 5 7 5 4 4 3 1 0 0 0 0 1 1 2 7 9 1 5 3 3 7 7 2 1 1 1 0 1 1 4 9 26 52 62 84 59 35 52 82 93 89 81 81 81 70 31 64 62 17 28 52 47 34 74 70 52 61 75 20 9
23 35 26 17 23 17 66 71 64 31 82 54 22 7 31 28 35 39 28 17 22 28 7 34 62 8 24 29 59 79 38 10 22 15 25 25 17 12 7 5 3 2 2 0 0 0 0 0 0 2 9 9 2 3 4 2 4 3 2 1 1 0 0 1 1 5 10 29 49 51 27 29 51 59 77 80 86 79 76 62 76 41 30 35 25 45 37 29 66 87 51 61 66 72 62 20
41 27 29 12 13 16 50 80 46 40 70 68 47 8 29 28 50 40 33 25 27 43 20 22 79 23 33 33 56 55 58 43 40 44 35 25 23 16 12 3 1 1 1 1 0 0 0 1 1 4 13 10 2 3 3 1 1 2 2 1 0 0 0 1 3 9 34 37 29 19 38 44 58 87 78 67 86 63 48 42 70 47 30 9 9 36 37 56 86 63 49 59 79 62 60 28
70 17 31 17 13 20 37 46 16 14 79 60 11 5 25 29 51 41 54 42 47 38 36 26 43 28 14 34 43 39 51 57 37 24 22 9 14 14 11 7 2 2 1 0 0 0 0 0 1 3 9 7 2 2 1 1 1 0 0 0 1 1 0 1 3 15 22 14 10 16 43 53 80 85 85 70 55 72 36 36 64 35 12 5 18 46 60 71 78 35 61 84 76 69 77 38
17 31 14 15 13 11 16 27 20 26 67 34 16 6 20 24 48 19 44 32 32 39 35 23 33 44 26 14 7 27 28 48 25 17 21 15 8 5 7 6 2 1 1 0 0 0 0 0 2 5 7 2 2 2 1 1 1 0 0 0 0 0 1 1 4 11 6 2 11 35 45 53 82 86 74 65 53 58 64 24 33 26 9 7 24 31 56 77 55 51 80 71 68 67 59 50
18 13 27 28 11 12 6 9 8 10 26 13 32 14 9 21 45 21 14 39 18 11 6 34 38 50 10 9 3 10 35 50 45 23 13 7 7 4 3 1 2 1 0 0 0 0 0 0 1 2 4 2 1 1 1 1 1 0 0 0 0 0 1 1 6 3 1 4 22 38 51 77 75 77 70 68 52 42 60 28 17 21 8 8 21 31 60 67 56 42 44 57 51 43 55 62
31 21 14 33 36 22 18 7 4 16 13 10 30 33 10 18 30 33 11 14 12 14 10 61 34 30 21 2 4 3 10 16 38 36 19 11 6 4 2 1 5 2 1 0 0 0 0 0 2 2 3 2 3 1 1 1 1 1 0 0 0 0 0 2 2 1 1 10 23 58 63 81 80 66 47 27 23 24 30 32 21 8 6 8 16 24 46 45 31 21 41 33 22 36 53 67
36 24 14 21 24 38 17 7 2 13 15 7 7 13 8 10 19 25 10 8 8 4 5 13 4 9 25 4 5 5 2 9 32 35 18 9 10 22 16 6 3 1 0 0 0 0 0 0 0 1 1 2 2 1 1 1 2 1 0 0 0 0 0 1 0 1 2 6 25 77 74 69 82 76 48 26 10 4 10 20 15 5 2 4 11 23 38 21 12 34 45 49 74 61 73 66
72 40 24 8 17 29 43 5 8 17 19 10 3 8 7 4 10 25 8 6 5 4 1 6 1 3 16 11 2 6 2 3 12 49 30 15 7 4 3 2 2 1 1 0 0 0 0 0 0 1 1 1 1 2 1 0 1 0 0 0 0 0 0 0 1 4 8 27 52 52 80 83 71 79 70 42 25 10 3 3 9 7 2 1 3 10 11 4 13 33 42 74 75 64 59 64
59 82 38 19 6 11 10 8 10 14 12 6 14 4 6 2 3 21 11 6 4 3 1 4 4 1 7 10 3 5 3 1 6 20 40 21 11 9 12 7 2 1 1 0 0 0 0 0 0 0 1 2 1 0 1 1 0 0 0 0 0 0 0 0 2 10 19 12 21 47 73 68 61 61 78 47 23 8 3 2 2 1 0 1 3 2 3 7 24 37 69 72 45 57 66 65
17 73 78 53 22 10 3 17 7 5 6 6 16 7 5 3 3 17 12 7 3 1 1 2 6 1 4 5 3 5 3 1 5 5 7 29 11 3 6 5 3 1 1 0 0 0 0 0 0 0 1 1 1 1 1 1 0 0 0 0 0 0 0 0 1 2 2 12 52 62 61 58 49 50 51 42 23 9 9 3 1 0 0 1 4 11 13 9 19 44 47 33 33 54 70 64
11 45 52 69 35 17 8 15 15 4 10 5 7 7 10 6 3 6 16 4 2 2 0 1 4 2 3 4 1 5 6 1 5 4 5 3 29 13 10 5 2 1 1 0 0 0 0 0 0 0 0 1 0 0 1 0 0 0 0 0 0 0 0 1 2 3 8 13 47 67 62 75 61 20 22 30 18 16 10 6 1 0 0 1 4 9 27 42 19 18 16 28 46 57 78 58
22 32 26 47 24 12 12 10 13 9 6 6 6 10 8 6 5 5 7 6 2 1 1 2 4 4 3 3 1 2 6 2 1 2 3 10 12 3 16 5 2 1 1 1 0 0 0 0 0 0 0 0 0 1 1 0 0 0 0 0 0 0 0 0 1 3 6 21 43 57 83 73 72 44 16 9 15 10 9 5 1 0 1 3 6 13 32 55 54 44 47 31 49 57 81 70
14 28 10 28 29 25 15 10 10 8 4 3 4 4 5 6 3 3 2 5 3 1 1 1 1 3 3 3 2 1 1 1 1 2 4 8 10 3 20 2 3 2 1 1 0 0 0 0 0 0 0 0 0 0 2 1 0 0 0 0 0 0 0 0 1 3 6 14 42 34 72 69 54 48 51 18 14 10 3 1 0 0 1 3 11 22 35 51 64 55 57 53 46 71 91 79
18 15 13 9 13 7 10 8 22 16 7 2 4 3 3 5 2 2 3 2 2 2 1 0 1 2 1 3 2 1 1 0 1 2 15 18 8 5 2 4 3 2 1 1 0 0 0 0 0 0 0 0 0 0 1 0 0 0 0 0 0 0 0 0 1 3 7 27 47 59 66 71 58 39 30 29 13 8 2 0 0 1 2 1 4 15 25 40 52 38 56 61 77 91 90 80
8 17 8 6 5 4 4 3 5 5 3 3 2 2 1 2 1 2 2 2 2 1 1 0 0 3 0 1 1 1 0 0 2 5 7 15 18 39 28 17 2 2 1 0 0 0 0 0 0 0 0 0 0 0 0 0 1 0 0 0 0 0 0 0 1 6 22 41 52 69 68 65 67 51 17 10 12 3 2 0 0 2 6 5 4 3 8 14 22 41 46 73 70 90 90 77
3 7 3 4 2 2 2 0 1 1 1 1 2 1 1 1 1 1 1 1 2 1 1 0 0 1 0 1 1 0 1 0 0 1 2 2 3 3 4 0 2 1 1 0 0 0 0 0 0 0 0 0 0 0 0 0 0 0 0 0 0 0 0 1 3 3 8 18 45 65 43 71 49 38 15 7 6 4 2 0 0 1 6 11 28 19 23 23 38 60 65 70 80 83 78 69
1 1 1 1 1 1 1 0 1 1 0 1 0 0 1 1 0 0 0 1 1 1 1 0 0 1 1 0 1 1 0 0 0 0 0 0 0 1 1 1 1 0 0 0 0 0 0 0 0 0 0 0 0 0 0 0 0 0 0 0 0 0 0 1 2 5 6 16 31 26 40 52 47 25 8 4 2 1 0 0 0 1 3 7 14 31 53 48 64 82 75 60 75 65 70 60
4 1 0 0 1 1 1 2 1 1 3 4 3 6 2 1 0 0 0 0 0 0 0 0 0 1 1 1 1 1 0 0 0 0 0 0 0 0 0 1 2 1 1 1 0 0 0 0 0 0 0 0 0 0 0 0 0 0 0 0 0 0 0 0 1 4 7 25 23 26 41 28 26 8 5 2 0 0 0 0 1 3 5 11 15 36 76 74 35 42 78 87 66 36 38 52
12 5 1 3 3 4 4 7 4 5 10 13 18 13 8 4 2 1 1 0 0 0 0 0 0 1 1 1 0 1 0 0 0 0 0 0 0 0 0 1 1 1 0 0 0 0 0 0 0 0 0 0 0 0 0 0 0 0 0 0 0 0 0 0 1 5 8 8 13 20 21 17 19 6 3 1 0 0 0 1 3 5 8 17 43 55 45 16 28 63 89 85 86 32 20 25
21 6 4 10 12 14 14 15 16 20 18 16 19 29 14 7 5 3 2 1 1 1 0 0 0 0 0 1 1 0 0 0 0 0 0 0 0 0 0 0 0 0 0 0 0 0 0 0 0 0 0 0 0 0 0 0 0 0 0 0 0 0 0 0 2 6 12 7 4 4 10 10 5 3 1 0 0 0 1 2 5 7 20 44 44 18 7 18 40 82 87 76 61 55 10 4
24 17 8 24 22 35 22 26 41 27 40 28 41 27 18 14 18 9 2 3 2 1 0 0 0 0 0 0 0 0 0 0 0 0 0 0 0 0 0 0 0 1 1 1 0 0 0 0 0 0 0 0 0 0 0 0 0 0 0 0 0 0 0 0 2 6 12 11 3 8 5 4 2 1 0 0 0 0 1 2 7 21 17 15 6 3 12 32 54 73 74 70 38 58 18 3
36 28 19 40 56 75 61 53 68 59 54 41 66 56 49 39 16 5 5 11 4 1 1 1 1 1 0 0 0 0 0 0 0 0 0 0 0 0 1 1 0 0 0 0 0 0 0 0 0 0 0 0 0 0 0 0 0 0 0 0 0 0 0 0 2 5 16 11 4 2 3 2 1 0 0 0 0 1 1 2 8 10 7 1 3 13 26 55 70 56 63 41 26 31 39 4
67 70 60 51 56 56 40 26 60 39 38 34 38 52 57 23 21 23 18 16 9 1 0 1 2 1 1 0 0 0 0 0 0 0 0 0 0 0 0 0 0 0 0 0 0 0 0 0 0 0 0 0 0 0 0 0 0 0 0 0 0 0 0 0 1 6 21 18 3 5 1 1 0 0 0 0 0 1 1 2 2 1 1 3 8 16 30 74 74 89 50 13 10 12 20 5
63 49 75 57 53 65 57 45 34 28 39 52 32 24 39 66 53 24 5 4 3 1 0 0 1 1 1 1 0 0 0 0 0 0 0 0 0 0 0 0 0 0 0 0 0 0 0 0 0 0 0 0 0 0 0 0 0 0 0 0 0 0 0 0 1 3 11 24 11 5 1 0 0 0 0 0 0 0 1 0 0 1 3 8 13 19 53 52 66 75 68 18 3 1 9 8
65 27 68 67 33 16 36 38 48 44 24 19 63 26 28 49 27 21 12 6 5 2 2 1 1 2 1 1 0 0 0 0 0 0 0 0 0 0 0 0 0 0 0 0 0 0 0 0 0 0 0 0 0 0 0 0 0 0 0 0 0 0 0 0 0 1 3 12 9 4 1 0 0 0 0 0 0 0 0 0 1 3 5 8 23 39 52 47 39 35 64 25 6 1 1 2
