sesion_6_simulaciones/modelos_agentes/ejemplos_netlogo/scenarios/echam4_b2/rob_2032.asc
NCOLS 322 
NROWS 307 
XLLCORNER 451900 
YLLCORNER 4086900 
CELLSIZE 100 
NODATA_value -9999 
[rows 148 to 221 of 307, columns 0 to 95 of 322]
1 16 19 13 21 37 29 21 7 5 5 58 60 63 51 62 72 59 43 59 31 42 14 6 1 2 1 2 1 1 3 1 2 2 2 4 2 5 4 5 23 20 18 17 21 13 28 22 17 34 17 14 24 14 19 37 31 16 11 25 41 43 37 23 35 53 53 37 43 74 67 66 38 46 67 76 22 18 16 31 28 21 9 12 38 26 8 4 20 16 11 14 27 22 11 26
3 15 21 37 33 47 39 46 48 11 15 35 50 76 70 70 80 49 63 59 57 49 14 24 9 1 1 1 1 2 13 10 1 3 1 2 2 3 4 7 13 9 5 8 24 60 36 22 12 13 9 24 27 23 6 7 8 5 30 26 26 61 39 28 39 61 58 57 59 68 43 21 14 48 35 28 53 12 11 34 30 17 21 14 6 28 11 6 4 8 3 16 8 25 14 5
6 3 8 29 28 52 50 17 28 31 22 20 77 80 76 48 84 68 70 74 58 34 20 12 18 8 2 3 2 3 4 7 5 8 11 10 4 7 8 10 6 5 13 30 51 34 22 16 13 12 12 16 17 16 27 18 27 29 29 31 44 62 32 33 61 63 71 73 53 17 56 34 32 42 61 23 24 7 2 7 18 17 11 19 8 8 21 14 5 7 3 2 5 6 9 3
1 3 6 5 7 7 7 10 12 13 26 13 38 67 62 53 78 76 73 42 12 12 22 36 38 21 9 3 3 1 1 4 38 19 34 40 52 11 5 9 26 18 52 55 19 15 8 16 10 7 18 17 19 16 21 16 36 38 41 42 62 59 53 42 59 75 68 51 77 42 21 55 58 27 29 9 20 35 14 6 8 13 14 7 10 5 7 21 15 6 5 2 1 5 7 6
20 8 4 4 8 10 11 16 17 24 17 30 14 15 13 10 12 18 22 25 18 53 59 45 62 29 52 12 11 14 5 12 21 4 1 1 11 40 8 4 18 18 25 29 22 34 36 45 21 11 19 20 26 19 7 18 26 60 37 61 56 65 73 88 86 75 72 43 40 84 42 36 33 34 17 5 8 8 27 17 8 8 16 11 6 8 5 6 15 5 3 3 1 1 3 2
31 19 16 11 14 8 14 12 5 12 36 23 19 30 18 18 8 24 40 56 83 64 80 53 54 27 22 26 12 38 25 4 2 3 5 1 4 6 20 5 4 59 13 24 24 15 7 13 30 18 29 36 32 22 11 13 24 50 70 62 79 69 80 79 79 77 69 25 33 70 73 55 31 19 25 13 10 7 12 9 13 9 7 10 7 5 4 4 20 10 2 2 2 1 3 3
61 32 53 27 29 42 47 11 10 10 11 18 23 46 40 16 9 21 55 61 72 86 73 83 64 59 59 53 25 33 57 49 14 3 7 7 15 14 13 24 5 39 28 19 29 5 9 14 9 25 36 48 59 44 46 22 30 48 67 71 53 40 75 78 75 67 64 49 32 48 78 27 27 16 11 8 12 4 12 23 8 11 9 5 4 3 4 2 5 3 6 2 1 1 1 1
64 52 65 40 50 41 28 40 12 10 15 12 52 32 20 37 24 16 18 57 70 58 61 70 48 54 60 55 25 7 26 66 75 47 33 13 17 20 19 25 13 35 66 29 31 19 8 8 10 16 16 17 34 12 17 41 33 59 46 26 25 26 33 53 58 23 33 19 44 56 50 46 21 15 16 6 6 8 8 16 12 6 9 5 3 3 2 2 2 2 3 4 2 1 1 0
44 56 61 74 76 45 27 72 22 9 16 18 23 21 42 43 29 43 26 17 20 53 63 20 39 65 44 72 41 11 11 13 45 65 51 34 22 18 16 24 22 33 73 23 28 31 22 29 33 34 35 38 26 24 34 27 42 72 58 55 56 50 25 14 9 24 19 24 17 31 31 46 49 21 9 5 6 7 9 12 12 19 3 4 2 2 1 1 1 2 2 0 3 1 0 0
60 79 65 84 65 30 63 77 36 30 33 21 49 70 46 32 50 38 26 23 26 21 15 50 47 22 32 62 69 34 23 14 12 61 52 51 57 52 44 55 48 35 69 73 36 31 37 38 40 41 54 57 32 52 55 24 27 47 60 44 41 25 14 22 22 6 3 14 29 32 35 43 18 17 8 7 9 7 11 7 8 6 7 2 2 1 1 0 1 1 1 1 1 1 0 0
43 80 42 79 48 67 73 71 21 47 51 27 17 18 33 34 43 67 58 71 33 19 26 17 28 25 42 79 41 78 32 43 37 54 24 49 49 74 57 40 49 26 53 71 78 41 33 30 53 39 39 32 27 51 55 28 45 74 74 74 41 49 50 39 34 14 11 16 20 20 19 24 18 9 13 3 6 11 8 9 4 3 4 3 1 1 0 0 0 1 1 1 1 1 1 1
21 72 55 70 63 72 69 29 36 62 61 45 43 23 21 13 18 27 26 67 42 18 21 20 64 69 63 68 35 73 75 27 26 40 60 69 57 82 86 52 48 23 23 66 75 69 56 38 50 24 14 20 52 52 48 41 43 32 28 29 24 42 56 48 44 28 26 23 15 16 16 14 9 12 3 5 4 6 4 2 3 2 1 2 2 2 1 1 1 0 0 0 1 1 0 0
20 18 14 52 68 69 28 26 71 44 60 74 60 39 30 31 38 35 41 22 30 48 41 16 54 55 65 74 71 43 84 79 36 17 35 76 74 59 60 63 68 21 23 67 82 84 54 42 46 44 34 23 76 43 83 86 84 78 82 72 50 29 36 31 29 23 25 24 18 9 10 13 10 11 5 7 3 3 3 3 1 1 1 2 1 1 1 1 1 1 1 0 0 0 0 0
19 55 36 29 24 47 35 75 78 52 49 67 50 52 25 35 31 31 39 28 32 35 36 16 62 72 63 85 78 59 74 85 78 44 37 11 29 60 42 23 35 24 17 81 83 81 67 65 59 68 87 92 79 50 43 79 79 39 44 66 59 34 47 34 27 18 16 24 16 6 7 6 7 7 4 4 4 4 2 1 1 1 0 1 1 0 1 1 0 0 0 0 0 0 0 0
50 53 40 55 45 22 51 82 72 77 13 50 65 65 74 42 55 28 27 25 26 15 40 61 83 60 84 89 74 74 53 67 80 54 49 28 59 76 82 83 66 54 34 59 83 69 61 89 59 65 84 84 92 69 48 83 88 62 45 33 72 68 26 52 32 26 14 13 11 7 8 6 5 4 3 3 3 2 2 1 0 0 1 0 1 0 0 0 0 0 0 0 0 0 0 0
38 40 62 44 34 13 46 66 49 80 32 40 72 58 73 57 28 48 38 55 56 56 20 51 65 73 82 83 61 82 66 81 71 71 69 74 68 76 82 75 17 62 68 38 18 51 60 82 66 54 76 71 75 83 39 57 74 90 66 46 52 33 31 28 31 36 30 21 11 5 9 4 2 2 2 1 1 1 0 0 0 0 0 0 0 0 0 0 0 0 0 0 0 0 0 0
20 23 16 27 42 40 18 78 41 31 31 48 57 19 41 59 35 44 37 65 63 41 36 18 48 81 75 82 65 84 69 70 63 50 64 67 81 73 73 80 74 56 26 24 10 15 57 78 60 28 42 68 76 82 77 81 83 79 86 46 32 35 29 33 28 24 31 11 7 9 4 2 2 2 1 0 0 0 1 1 1 0 0 0 0 0 1 1 1 0 1 1 1 1 1 1
18 32 42 39 23 20 19 37 46 41 63 55 64 64 32 50 46 57 26 20 36 69 46 26 16 28 34 67 65 40 19 18 17 29 29 25 65 45 49 64 65 57 50 22 7 15 59 63 53 42 32 25 53 80 76 70 59 56 76 74 30 18 24 25 25 20 10 11 6 2 2 2 2 1 1 0 0 0 0 0 0 1 1 1 2 3 3 3 1 1 1 3 3 5 4 1
31 21 17 17 29 27 28 18 21 20 39 68 65 71 26 23 29 61 63 44 32 29 48 15 28 38 33 28 20 30 41 31 41 38 58 30 24 22 21 23 17 36 29 15 14 23 50 54 58 42 37 33 10 42 41 47 47 62 39 53 44 19 37 33 25 13 10 5 4 3 2 2 1 0 1 1 0 0 0 1 4 4 3 4 6 7 6 11 6 6 17 19 7 12 5 3
20 24 31 53 42 46 39 33 38 38 46 13 19 25 31 44 33 16 62 65 55 30 28 9 27 60 59 47 35 41 56 61 33 61 31 25 26 31 35 30 23 13 21 23 35 38 55 54 62 48 33 16 18 15 23 48 21 13 11 34 17 22 19 11 14 7 4 5 4 1 1 1 1 1 1 1 1 0 3 4 8 10 10 13 15 29 27 16 14 17 5 2 3 2 3 9
28 32 45 34 26 37 43 27 47 64 20 30 48 43 29 46 13 18 22 26 38 23 20 16 33 32 52 47 63 31 56 48 40 46 30 26 36 58 31 57 39 19 13 14 16 25 37 48 42 43 27 42 38 27 29 28 25 17 21 25 37 28 15 4 6 5 4 1 2 1 1 5 5 2 2 4 1 2 6 18 33 24 26 50 38 33 31 19 25 20 7 1 1 1 1 5
49 65 62 64 33 26 29 30 44 57 33 34 49 43 43 26 31 26 39 38 27 31 33 19 34 30 31 53 27 37 48 49 49 38 30 29 26 51 28 61 42 32 30 10 7 6 23 23 64 63 38 30 62 32 15 34 38 45 37 24 27 12 7 4 4 3 1 1 3 2 6 11 14 5 6 8 3 7 22 32 51 72 32 59 37 29 20 20 16 12 7 4 1 1 0 1
15 15 19 15 21 22 41 50 54 40 42 19 38 48 24 11 18 19 27 25 14 11 9 18 28 26 28 30 46 46 41 38 25 35 24 10 34 28 46 59 42 37 54 28 31 15 10 21 23 53 33 43 33 15 15 26 26 19 12 6 5 3 2 1 1 0 3 7 12 9 18 25 25 14 22 13 6 13 39 47 75 53 35 24 14 2 2 9 3 4 3 1 1 0 0 1
23 34 26 36 34 38 29 46 37 34 17 21 31 45 50 43 42 22 18 16 21 7 9 26 60 49 30 28 44 26 21 38 67 39 22 11 34 20 58 23 55 35 50 41 25 14 19 21 11 29 36 28 12 17 14 12 29 10 5 4 2 6 6 10 3 6 10 22 23 23 25 38 23 23 26 21 14 28 51 66 64 43 20 12 7 3 2 2 4 1 1 1 0 0 0 0
21 19 19 40 53 22 26 36 31 35 31 25 46 29 59 46 31 53 44 30 57 26 31 23 50 62 37 56 22 26 40 26 56 54 29 20 26 35 41 20 28 28 42 44 20 31 21 13 14 18 18 24 18 16 15 11 5 2 2 10 9 17 17 18 10 12 25 33 50 52 36 51 49 47 30 39 45 55 59 58 46 55 23 11 4 4 3 1 7 2 1 0 0 0 0 0
23 22 35 47 28 30 24 38 45 37 50 53 50 40 29 29 63 61 39 39 42 28 50 29 34 55 67 43 26 24 17 19 19 18 31 39 12 16 46 44 43 45 38 27 36 27 24 23 15 18 20 21 29 20 10 7 7 10 14 30 25 26 38 26 18 33 39 43 60 48 51 62 74 38 42 52 62 69 75 49 17 12 12 11 7 3 2 1 1 1 0 0 0 0 0 0
19 20 32 33 15 51 37 40 61 66 74 69 62 66 43 20 25 42 39 46 17 35 62 34 39 30 55 70 42 60 44 35 28 29 48 58 25 34 47 58 47 12 17 27 21 26 14 12 18 25 23 37 24 15 19 10 16 18 35 35 33 32 44 33 29 41 52 38 67 64 53 78 63 47 57 76 63 66 26 74 43 37 12 6 6 4 2 2 1 0 0 0 0 0 0 0
16 20 37 22 19 14 22 33 25 36 56 71 50 53 64 25 35 29 25 23 25 61 60 46 27 38 19 41 31 39 30 27 42 40 58 51 29 42 59 55 45 25 12 10 19 18 22 35 22 21 37 23 19 34 19 16 25 41 44 54 47 45 46 36 36 67 70 56 74 73 72 71 83 83 58 60 65 63 24 18 33 39 19 12 3 2 2 2 1 0 0 0 0 0 0 0
14 21 37 27 26 15 21 16 30 34 22 24 19 23 28 43 40 34 60 32 47 60 40 60 21 55 24 57 25 26 36 38 42 35 48 40 40 30 53 50 43 20 9 17 21 20 27 27 27 27 27 38 27 20 20 31 43 44 43 50 48 38 57 50 55 73 73 69 67 85 76 70 64 74 29 26 16 41 46 23 10 21 10 5 3 2 2 1 0 1 0 0 0 0 0 0
22 44 47 64 15 60 47 11 39 35 36 27 56 30 42 45 43 33 34 33 28 52 32 44 31 27 37 30 25 42 37 31 38 40 40 32 34 25 37 57 38 36 34 39 45 23 29 23 41 50 46 58 41 27 41 42 46 57 43 48 65 50 67 68 62 72 56 75 40 56 81 78 76 60 72 55 35 14 8 16 10 5 10 8 5 3 3 3 1 0 0 0 0 0 0 0
58 42 19 25 52 34 16 35 38 46 26 45 28 26 56 34 35 13 31 35 40 13 27 39 25 19 25 13 18 17 15 35 31 57 21 25 19 37 40 16 24 37 17 21 21 30 17 30 46 61 54 51 45 43 40 58 50 61 59 50 59 67 62 66 65 74 56 52 76 42 73 75 54 70 73 78 59 54 47 26 18 11 3 2 3 4 2 2 1 1 0 0 0 0 0 0
39 75 38 38 14 26 20 36 31 39 45 22 23 46 53 60 64 23 28 51 33 27 10 20 32 9 23 17 17 10 11 36 38 25 17 24 20 22 51 30 19 33 17 57 29 26 40 24 53 60 50 45 46 43 41 46 68 59 57 72 73 80 73 57 66 32 46 41 45 49 35 62 40 49 66 71 71 82 60 43 38 41 35 14 3 2 2 2 1 0 0 0 0 0 0 0
19 23 19 18 40 47 22 28 37 43 39 23 34 26 16 20 16 19 28 40 52 25 26 13 25 16 15 9 11 19 23 32 22 20 21 13 25 38 50 37 20 24 33 62 23 47 28 36 49 69 39 42 44 40 43 49 69 73 59 68 80 57 42 72 73 64 49 28 20 7 14 14 22 24 48 58 51 57 63 38 56 37 24 6 3 4 3 2 2 1 0 0 0 0 0 0
17 15 30 27 28 40 40 20 14 36 14 14 25 27 55 25 44 23 34 24 37 26 22 22 16 25 30 11 14 12 29 16 18 29 8 8 15 50 28 26 17 30 33 46 38 40 40 47 58 54 36 51 41 41 57 42 64 79 79 60 69 73 31 19 16 24 30 47 38 26 12 8 4 10 20 37 28 49 67 24 38 54 22 10 6 2 2 2 1 1 0 0 0 0 0 0
14 43 30 18 14 25 24 15 12 8 14 13 17 38 28 25 30 40 27 26 17 47 19 36 18 28 42 11 10 17 9 10 32 21 16 34 23 59 11 8 18 41 38 47 47 31 35 37 53 33 59 65 53 58 59 56 63 66 68 46 48 63 37 28 56 69 74 56 53 36 28 33 9 3 5 23 17 38 57 40 21 20 15 10 5 4 3 2 1 1 1 1 0 0 0 0
15 33 24 22 20 24 19 20 5 3 7 10 21 14 20 23 19 42 22 11 10 13 18 12 9 24 24 12 15 15 9 13 22 11 6 13 17 30 20 17 24 37 60 62 30 31 50 42 51 50 71 78 61 80 73 85 73 65 72 44 32 15 65 58 23 53 70 58 62 60 56 32 13 10 4 4 4 12 34 15 9 4 2 6 2 3 1 1 1 1 1 1 0 0 0 0
29 6 10 23 7 16 10 2 3 1 3 3 4 10 24 15 8 15 27 11 10 6 6 9 4 12 10 10 18 11 3 4 5 11 12 7 27 19 12 21 30 47 73 85 74 68 54 68 61 33 75 56 85 75 71 76 43 53 72 78 31 28 22 76 38 30 49 64 52 45 64 62 61 26 14 5 2 1 1 1 2 1 1 3 3 1 1 0 0 1 0 0 0 0 0 0
3 3 9 6 7 4 3 1 1 7 16 1 3 6 6 12 12 11 14 10 10 9 9 9 3 3 7 8 5 3 1 2 2 32 34 39 58 65 74 71 72 83 71 83 77 83 74 32 65 65 43 41 61 67 69 71 46 71 74 60 57 40 17 49 71 29 10 30 55 70 55 50 22 18 23 14 4 1 2 1 2 2 1 1 2 2 0 0 0 0 0 0 0 0 0 0
2 3 4 2 2 1 6 24 39 9 10 25 25 4 3 9 4 5 7 2 5 2 3 3 3 2 7 12 23 3 1 5 5 3 10 42 60 62 72 76 65 76 73 68 78 83 80 52 36 41 80 60 30 59 27 34 34 72 85 68 54 45 31 28 80 40 37 16 32 48 70 17 7 14 14 22 12 9 5 3 1 1 0 1 1 1 1 0 0 0 0 0 0 0 0 0
5 6 7 11 10 19 31 20 21 22 24 11 18 10 6 4 2 2 2 2 1 2 9 18 31 31 11 4 18 5 2 16 17 8 13 16 21 57 65 78 62 40 56 53 64 82 87 87 43 41 58 65 49 26 50 19 49 58 77 73 24 36 29 18 76 53 25 21 16 59 61 72 31 20 14 7 4 3 2 2 3 2 1 0 0 0 1 1 0 0 0 0 0 0 0 0
15 20 14 43 27 31 35 48 50 48 32 24 38 15 12 3 2 2 1 3 2 2 1 3 7 15 23 19 7 8 6 6 20 18 5 14 29 42 56 71 68 39 24 40 55 79 86 84 88 84 35 48 42 38 23 19 32 55 70 74 26 29 33 27 46 82 54 31 15 7 10 26 11 13 7 17 9 3 2 1 1 1 1 1 0 0 0 0 0 0 0 0 0 0 0 0
14 33 33 50 48 43 58 44 70 57 35 60 48 21 49 33 28 11 3 1 1 1 1 1 2 4 8 28 5 3 6 7 21 15 28 24 15 16 9 7 50 60 27 40 36 46 64 67 83 87 82 53 51 64 39 45 28 59 73 64 66 24 41 31 18 72 84 58 36 11 5 6 23 13 7 6 7 9 3 2 1 1 1 1 1 0 0 0 0 0 0 0 0 0 0 0
3 6 24 51 63 49 78 77 78 76 66 68 42 62 70 61 35 19 30 7 4 2 4 4 5 12 24 14 6 8 8 20 34 25 25 37 27 26 20 18 15 29 25 27 18 38 70 49 68 79 88 58 48 45 53 46 10 47 64 63 62 41 27 24 11 56 70 72 40 29 5 2 14 29 9 2 2 1 3 1 1 1 1 0 1 0 0 0 0 0 0 0 0 0 0 0
7 9 16 61 67 72 71 60 58 80 86 66 77 77 77 62 43 51 36 30 19 2 7 14 28 59 50 12 5 11 13 15 18 26 18 28 30 34 42 25 16 18 15 14 27 35 51 48 18 63 78 84 43 33 41 19 16 11 34 43 76 69 15 14 29 36 36 64 18 28 16 2 3 14 9 5 2 2 3 2 1 1 0 0 0 0 0 0 0 0 0 0 0 0 0 0
5 6 8 12 14 16 35 43 43 16 42 73 89 83 79 47 51 71 52 36 49 9 11 7 6 11 42 59 18 6 14 14 23 38 30 24 34 34 51 30 35 47 35 28 21 13 53 55 41 28 55 73 56 27 12 10 24 9 15 36 35 30 20 14 16 22 12 57 14 18 11 10 1 5 5 8 4 3 3 2 2 1 0 0 0 0 0 0 0 0 0 0 0 0 0 0
3 7 16 37 24 39 70 39 36 27 34 20 64 83 86 70 66 70 47 51 29 49 24 20 22 14 6 13 21 10 3 19 23 46 24 27 15 21 45 37 35 31 24 26 39 34 32 11 32 58 33 40 11 13 7 17 14 21 15 15 29 36 25 16 6 7 6 35 40 8 3 7 5 1 3 2 4 2 1 1 1 1 1 1 0 0 0 0 0 0 0 0 0 0 0 0
3 10 6 6 15 16 18 29 33 27 17 11 15 40 66 78 78 41 14 17 18 47 30 45 37 28 20 6 7 18 8 50 40 21 56 35 33 37 43 26 32 52 53 45 49 33 38 21 20 16 56 35 28 16 11 8 16 17 11 12 22 38 24 12 9 6 10 22 41 20 5 2 8 4 2 1 1 2 1 1 0 0 0 0 0 0 0 0 0 0 0 0 0 0 0 0
12 2 6 13 21 26 21 20 25 31 39 28 48 27 24 31 41 27 22 29 56 19 21 41 64 64 17 16 10 53 28 29 64 50 65 26 70 40 32 29 36 35 34 43 35 36 37 22 21 20 17 24 16 16 18 14 10 13 6 3 6 9 16 13 15 8 7 9 15 16 8 8 7 3 3 1 1 1 1 1 1 0 0 0 0 0 0 0 0 0 0 0 0 0 0 0
33 11 22 16 14 30 17 29 46 38 26 31 19 37 44 33 32 28 21 33 21 46 37 28 14 31 42 44 54 10 14 47 45 15 35 33 17 56 30 30 34 44 22 28 18 19 18 23 26 24 12 7 24 27 16 23 12 10 8 7 4 6 18 8 7 6 4 4 7 15 3 4 3 2 2 1 1 0 1 1 1 0 0 0 0 0 0 0 0 0 0 0 0 0 0 0
49 38 6 8 28 13 36 62 34 22 36 30 32 57 19 34 27 24 20 15 26 37 33 31 28 18 23 28 14 22 12 44 38 40 43 53 16 24 49 19 24 41 34 41 38 15 20 23 15 22 8 13 3 9 8 27 7 10 7 12 6 6 2 2 1 1 0 1 2 2 1 0 2 1 1 2 1 1 1 1 0 0 0 0 0 0 0 0 0 0 0 0 0 0 0 0
51 42 70 15 15 38 10 15 40 48 29 39 29 48 17 44 38 31 26 33 44 52 35 20 32 32 25 30 53 53 43 12 10 16 40 31 29 8 49 42 38 31 14 20 33 29 19 11 17 21 14 4 22 12 8 23 12 4 6 3 3 4 2 2 1 0 0 0 1 3 2 1 1 1 1 2 1 1 2 1 0 0 0 0 0 0 0 0 0 0 0 0 0 0 0 0
49 48 62 45 13 14 41 19 8 19 36 25 18 26 29 32 22 14 22 36 38 40 72 49 38 38 32 30 58 70 47 29 11 25 46 40 56 27 9 51 29 39 38 30 16 14 19 24 16 16 7 2 5 2 2 8 4 4 3 1 2 3 2 2 1 1 0 0 0 1 1 1 2 2 2 2 3 1 1 0 0 0 0 0 0 0 0 0 0 0 0 0 0 0 0 0
47 56 75 56 63 29 10 58 23 21 58 24 36 25 16 41 19 25 23 20 17 31 59 47 40 42 38 34 46 71 76 49 27 22 61 57 60 39 16 27 70 28 24 54 32 32 22 26 24 9 5 2 1 2 1 2 4 3 2 1 1 1 1 2 1 1 0 0 0 0 0 1 1 0 0 1 1 1 1 0 0 0 0 0 0 0 0 0 0 0 0 0 0 0 0 0
55 47 43 66 40 47 50 22 65 35 51 68 53 61 44 23 26 19 29 51 28 42 66 61 41 41 41 30 21 24 66 58 40 29 24 63 45 32 26 15 21 54 14 16 17 18 19 26 35 15 19 5 3 2 1 1 2 1 1 4 1 0 1 1 0 0 0 0 0 0 0 0 0 0 0 0 0 0 0 0 0 0 0 0 0 0 0 0 0 0 0 0 0 0 0 0
29 67 59 71 55 64 68 57 38 28 22 20 30 23 22 50 41 26 44 20 60 26 69 78 42 43 45 28 17 7 16 41 59 42 16 42 53 21 48 38 25 15 40 42 21 18 30 18 25 10 23 6 2 2 1 1 1 1 1 1 1 1 0 0 0 0 0 0 0 0 0 0 0 0 0 0 0 0 0 0 0 0 0 0 0 0 0 0 0 0 0 0 0 0 0 0
17 21 18 29 34 19 19 18 31 31 45 44 46 52 21 24 51 49 42 44 33 26 60 83 65 58 51 49 31 9 8 9 50 35 36 35 53 20 47 51 36 15 13 36 25 32 21 16 18 6 2 2 3 2 2 2 1 0 0 0 0 0 0 0 0 0 0 0 0 0 0 0 0 0 0 0 0 0 0 0 0 0 0 0 0 0 0 0 0 0 0 0 0 0 0 0
24 37 28 16 21 31 24 26 34 56 26 55 37 27 31 38 32 20 27 45 25 72 42 66 73 58 61 54 52 24 10 12 8 22 37 38 44 21 46 27 36 33 23 17 28 19 18 25 18 11 6 2 3 1 1 1 0 0 0 0 0 0 0 0 0 0 0 0 0 0 0 0 0 0 0 0 0 0 0 0 0 0 0 0 0 0 0 0 0 0 0 0 0 0 0 0
39 24 43 20 28 48 32 35 34 49 23 32 28 17 27 59 41 42 29 30 62 49 35 28 76 51 23 18 17 11 14 5 13 6 11 17 77 54 28 41 26 15 24 25 14 24 12 11 24 20 13 5 2 1 1 1 0 0 0 0 0 0 0 0 0 0 0 0 0 0 0 0 0 0 0 0 0 0 0 0 0 0 0 0 0 0 0 0 0 0 0 0 0 0 0 0
30 25 25 22 14 21 20 15 17 22 34 36 29 16 26 31 24 39 44 70 49 32 41 61 76 68 34 24 25 25 23 22 8 12 14 9 5 8 21 23 17 30 11 20 16 23 24 12 23 11 13 10 4 2 1 0 0 0 0 0 1 2 2 1 0 0 0 0 0 0 0 0 0 0 0 0 0 0 0 0 0 0 0 0 0 0 0 0 0 0 0 0 0 0 0 0
18 16 16 12 13 11 16 14 10 7 15 15 14 34 31 29 21 43 31 25 30 30 16 10 17 19 14 21 43 44 26 48 34 13 9 6 8 7 5 18 14 27 21 9 24 15 20 14 11 5 6 5 3 2 1 1 0 0 1 1 2 2 1 1 1 0 0 0 0 0 0 0 0 0 0 0 0 0 0 0 0 0 0 0 0 0 0 0 0 0 0 0 0 0 0 0
18 12 12 4 6 9 19 27 55 52 43 12 16 30 20 15 23 39 51 39 44 23 27 23 15 19 48 26 31 42 53 39 23 23 24 4 3 4 6 9 9 14 19 21 20 15 9 7 14 5 3 2 1 1 1 1 1 2 3 2 4 3 3 2 1 1 1 1 2 1 1 0 0 0 0 0 0 0 0 0 0 0 0 0 0 0 0 0 0 0 0 0 0 0 0 0
4 5 4 4 14 15 13 26 65 67 55 59 36 15 23 39 29 38 40 20 18 19 43 29 28 29 45 19 9 28 24 17 7 13 22 13 5 4 10 5 4 7 6 7 9 9 9 4 7 4 2 1 1 2 3 3 3 4 5 5 3 4 4 3 5 2 2 2 2 2 0 0 0 0 0 0 0 0 0 0 0 0 0 0 0 0 0 0 0 0 0 0 0 0 0 0
4 5 16 12 28 19 39 32 12 23 60 60 54 63 67 55 79 53 40 40 17 8 33 25 25 36 20 19 13 11 25 26 24 17 24 11 8 16 20 6 3 16 7 10 6 3 8 3 3 2 1 2 3 6 7 8 5 4 4 6 4 7 8 10 8 5 3 2 2 1 1 1 1 1 0 0 0 0 0 0 0 0 0 0 0 0 0 0 0 0 0 0 0 0 0 0
8 5 2 8 32 48 51 77 69 37 48 77 65 53 76 57 82 82 79 57 33 42 10 10 12 10 30 33 37 48 14 51 47 23 8 11 4 13 13 7 17 9 7 6 7 4 5 4 2 2 4 5 11 22 20 13 15 8 8 8 5 11 13 14 9 6 4 3 3 3 2 0 0 0 0 0 0 0 0 0 0 0 0 0 0 0 0 0 0 0 0 0 0 0 0 0
13 14 34 9 8 27 51 69 73 41 31 78 41 37 74 57 54 31 46 60 19 30 26 18 14 18 26 33 31 52 25 16 13 30 18 17 7 25 13 10 16 20 16 14 13 18 17 11 3 10 16 17 21 35 36 32 11 6 25 13 10 15 16 10 13 13 2 8 6 3 2 1 1 0 0 0 1 0 0 0 0 0 0 0 0 0 0 0 0 0 0 0 0 0 0 0
44 18 30 56 38 18 19 28 31 71 28 70 50 45 72 37 18 24 36 28 19 8 24 16 20 36 34 17 12 33 23 15 7 5 7 7 20 24 11 7 37 37 18 38 30 14 12 5 5 13 30 30 32 66 29 23 19 8 38 15 13 16 24 28 15 11 8 9 3 1 1 1 1 1 0 0 1 0 0 0 0 0 0 0 0 0 0 0 0 0 0 0 0 0 0 0
67 65 36 56 69 78 67 37 18 17 47 77 65 32 69 35 34 26 36 32 13 9 31 14 31 27 29 26 21 15 9 12 13 18 21 14 27 6 11 19 37 37 46 47 25 10 6 8 19 15 29 51 68 36 22 28 27 14 52 21 42 14 29 14 13 32 15 5 8 3 2 2 4 4 1 0 0 1 0 0 0 0 0 0 0 0 0 0 0 0 0 0 0 0 0 0
63 74 73 64 67 83 70 85 59 16 35 66 14 26 53 47 37 16 48 10 10 8 18 10 46 29 17 13 13 3 3 12 20 13 31 11 38 9 27 26 54 56 61 25 21 13 10 23 37 34 31 58 58 37 40 55 44 26 64 55 28 34 27 33 46 25 17 11 5 2 2 10 4 0 1 1 0 0 0 0 0 0 0 0 0 0 0 0 0 0 0 0 0 0 0 0
57 80 78 82 76 73 82 82 70 42 37 34 43 18 50 39 29 20 16 9 9 9 26 16 22 20 17 35 25 23 27 26 16 8 10 24 53 24 30 40 67 65 46 25 13 22 24 52 65 48 39 62 51 35 49 69 32 52 58 50 56 21 32 63 58 28 18 8 8 9 5 5 2 2 1 0 0 0 0 0 0 0 0 0 0 0 0 0 0 0 0 0 0 0 0 1
15 71 82 69 78 37 62 71 71 68 59 66 47 17 52 73 45 20 23 16 8 16 25 15 13 16 27 9 12 13 5 11 8 22 51 34 55 26 26 41 67 45 22 10 20 43 43 46 75 58 62 64 35 58 70 63 31 53 41 67 54 60 62 53 34 19 22 9 3 1 1 1 0 0 0 0 0 0 0 0 0 0 0 0 0 0 0 0 0 0 0 0 0 0 0 1
27 25 52 26 13 15 22 18 22 11 15 28 59 19 10 51 62 44 33 31 16 12 9 10 27 10 18 17 45 38 7 19 23 26 64 67 74 42 27 55 49 22 13 26 53 54 50 50 77 59 65 77 67 61 77 64 61 39 59 64 39 61 47 16 6 6 3 5 9 6 5 3 4 1 0 0 0 0 0 0 0 0 0 0 0 0 0 0 0 0 0 0 0 0 1 1
31 30 14 18 28 54 55 22 25 5 11 13 9 4 16 10 11 22 10 8 6 26 15 16 8 29 26 31 20 29 26 43 39 39 66 77 60 52 42 59 30 28 26 46 60 59 68 45 67 77 69 83 86 71 65 80 81 62 79 75 71 78 50 55 31 21 19 12 6 1 2 1 1 1 1 0 0 0 0 0 0 0 0 0 0 0 0 0 0 0 0 0 0 0 0 1
51 49 42 33 53 61 63 50 21 17 27 19 24 17 17 21 17 7 6 9 12 33 15 15 27 34 17 60 54 43 52 57 53 54 64 43 29 44 25 56 43 35 31 49 64 71 74 67 72 79 69 80 77 75 31 40 74 82 79 63 21 15 31 24 47 21 12 19 4 1 1 1 2 1 0 0 0 0 0 0 0 0 0 0 0 0 0 0 0 0 0 0 0 0 1 1
33 11 41 50 59 50 53 32 11 20 19 26 50 42 19 19 8 15 11 13 3 7 50 31 22 6 11 32 48 38 40 46 65 39 68 29 41 30 12 53 43 38 50 65 65 78 80 64 81 87 66 46 47 35 21 20 51 63 49 28 35 22 19 25 15 11 9 3 6 3 2 1 1 1 0 0 0 0 0 0 0 0 0 0 0 0 0 0 1 0 0 0 0 0 1 1
