sesion_6_simulaciones/modelos_agentes/ejemplos_netlogo/scenarios/echam4_b2/rob_2039.asc
NCOLS 322 
NROWS 307 
XLLCORNER 451900 
YLLCORNER 4086900 
CELLSIZE 100 
NODATA_value -9999 
[rows 73 to 145 of 307, columns 0 to 95 of 322]
0 0 0 0 0 0 0 0 0 0 0 0 0 0 0 0 0 0 0 0 0 0 0 0 0 0 0 0 0 0 0 0 0 0 1 1 2 2 1 1 1 0 1 0 0 0 0 0 0 1 1 1 1 0 0 1 1 1 1 3 4 2 1 2 3 11 17 14 14 8 3 3 8 7 4 24 37 56 30 54 48 41 8 15 11 36 27 9 7 8 3 8 5 22 15 17
0 0 0 0 0 0 0 0 0 0 0 0 0 0 0 0 0 0 0 0 0 0 0 0 0 0 0 0 0 0 0 0 0 0 0 1 3 3 2 2 1 2 1 0 0 0 0 1 1 1 0 1 0 0 1 0 0 1 1 1 1 2 2 3 1 1 2 2 4 6 9 6 4 2 13 42 23 22 28 57 64 17 27 26 30 14 5 4 8 9 7 11 6 6 11 10
0 0 0 0 0 0 0 0 0 0 0 0 0 0 0 0 0 0 0 0 0 0 0 0 0 0 0 0 0 0 0 0 0 0 1 2 1 1 5 5 1 2 2 1 0 0 0 1 0 0 1 1 1 0 1 1 0 0 0 0 0 1 4 6 3 3 6 4 3 2 4 8 7 5 11 54 23 9 8 43 41 29 26 13 6 21 20 9 8 7 9 15 16 10 7 36
0 0 0 0 0 0 0 0 0 0 0 0 0 0 0 0 0 0 0 0 0 0 0 0 0 0 0 0 0 0 0 0 0 0 0 1 1 3 2 2 2 7 2 1 1 1 0 0 0 1 1 0 1 0 1 0 1 1 0 0 0 3 2 6 5 5 8 7 11 7 6 3 3 3 9 53 67 24 11 9 34 35 18 6 6 41 40 36 27 7 4 4 17 21 19 32
0 0 0 0 0 0 0 0 0 0 0 0 0 0 0 0 0 0 0 0 0 0 0 0 0 0 0 0 0 0 0 0 0 0 0 0 0 1 1 1 5 2 2 1 3 3 1 0 0 1 1 1 1 0 1 0 1 1 0 1 1 2 2 5 3 5 7 8 10 14 14 14 14 11 6 12 39 32 22 7 34 52 14 6 26 54 17 46 40 22 7 20 36 35 27 19
0 0 0 0 0 0 0 0 0 0 0 0 0 0 0 0 0 0 0 0 0 0 0 0 0 0 0 0 0 0 0 0 0 0 0 0 0 1 1 2 2 4 1 2 3 8 4 3 4 2 2 1 1 1 0 0 1 1 1 2 1 1 1 1 2 4 5 10 11 11 14 22 15 17 8 3 4 14 17 9 16 20 12 12 39 18 10 7 8 24 19 21 16 26 31 29
0 0 0 0 0 0 0 0 0 0 0 0 0 0 0 0 0 0 0 0 0 0 0 0 0 0 0 0 0 0 0 0 1 1 3 3 1 1 1 2 3 8 5 2 2 3 11 12 18 20 11 5 3 2 1 1 1 1 2 2 1 1 1 1 1 1 1 1 2 9 15 13 16 20 14 11 6 13 5 3 9 17 13 19 30 12 23 17 9 21 25 46 65 55 43 44
0 0 0 0 0 0 0 0 0 0 0 0 0 0 0 0 0 0 0 0 0 0 0 0 0 0 0 0 0 0 0 0 0 1 3 8 2 1 2 5 5 4 11 5 2 2 4 13 37 51 66 60 43 9 5 3 2 2 1 2 1 1 1 0 1 1 1 2 3 7 13 11 16 21 19 11 10 5 3 0 4 16 14 22 20 24 11 10 11 21 62 64 66 38 43 65
0 0 0 0 0 0 0 0 0 0 0 0 0 0 0 0 0 0 0 0 0 0 0 0 0 0 0 0 0 0 0 0 0 0 0 4 6 2 1 4 8 22 12 19 13 5 4 2 1 4 18 23 35 43 25 9 3 1 1 1 1 2 1 2 1 0 1 1 2 4 5 17 15 20 22 13 4 0 2 1 4 9 8 27 12 21 31 33 20 18 14 10 33 22 30 47
0 0 0 0 0 0 0 0 0 0 0 0 0 0 0 0 0 0 0 1 1 1 1 0 2 0 0 0 0 0 0 0 0 1 1 1 0 1 1 2 5 5 6 17 9 8 9 5 2 0 0 1 3 16 13 31 13 4 1 7 13 4 3 1 3 2 1 1 1 1 5 10 18 16 11 12 7 5 4 11 4 3 13 37 14 32 35 36 34 38 25 13 12 30 64 78
0 0 0 0 0 0 0 0 0 0 0 0 0 0 0 0 0 0 0 1 0 0 0 0 0 0 0 0 0 0 0 0 0 0 1 1 0 1 2 3 8 12 5 3 3 2 3 2 0 1 2 1 2 2 3 7 14 8 19 27 9 2 1 2 3 2 1 2 3 2 19 16 19 13 11 13 17 23 12 6 11 7 32 37 24 56 61 82 57 55 56 49 14 13 19 21
0 0 0 0 0 0 0 0 0 0 0 0 0 0 0 0 0 0 0 0 0 0 0 0 0 0 0 0 0 0 1 0 0 0 1 1 1 2 2 2 6 12 14 10 1 0 1 2 1 1 1 4 17 10 8 6 4 13 40 14 4 3 1 1 2 1 3 2 6 10 9 10 12 11 12 12 15 13 22 6 9 7 14 16 26 67 24 48 58 74 47 53 54 34 27 21
0 0 0 0 0 0 0 0 0 0 0 0 0 0 0 0 0 0 0 0 0 0 0 0 0 0 0 0 0 0 0 0 0 0 1 1 0 5 3 3 6 7 16 16 6 9 11 9 8 11 8 11 17 12 8 4 6 9 14 7 5 7 4 2 1 1 1 4 6 6 7 10 30 11 7 24 16 14 18 9 9 6 7 21 5 44 33 66 65 80 85 85 68 49 35 31
0 0 0 0 0 0 0 0 0 0 0 0 0 0 0 0 0 0 0 0 0 0 0 0 0 0 0 0 0 0 0 0 0 0 0 0 1 1 1 3 6 4 9 9 6 9 12 7 6 10 9 4 6 6 6 6 11 7 7 10 13 5 2 1 1 1 1 1 2 4 3 7 4 2 23 15 11 11 33 20 22 10 6 12 30 45 42 38 72 68 60 61 76 39 37 32
0 0 0 0 0 0 0 0 0 0 0 0 0 0 0 0 0 0 0 0 0 0 0 0 0 0 0 1 0 0 0 0 0 0 0 0 0 1 1 2 2 2 1 3 3 5 8 2 3 5 5 5 5 7 7 5 7 3 5 6 7 2 1 1 1 2 4 7 8 6 7 3 5 3 4 4 18 32 12 18 18 12 11 10 15 19 36 53 62 71 18 42 58 60 36 30
0 0 0 0 0 0 0 0 0 0 0 0 0 0 0 0 0 0 0 0 0 0 0 0 3 1 1 1 0 1 1 1 0 0 0 0 0 1 0 1 1 1 2 4 5 5 8 3 5 9 3 2 3 8 5 3 3 3 5 7 3 0 0 1 4 1 1 2 11 3 4 6 4 5 9 8 8 12 10 8 6 11 21 20 13 15 15 13 29 29 17 45 25 60 50 40
0 0 0 0 0 0 0 0 0 0 0 0 0 0 0 0 0 0 0 0 0 0 0 1 2 2 3 3 1 1 1 2 1 1 1 0 0 0 0 0 0 1 1 1 2 2 3 1 1 4 1 2 1 4 5 2 3 2 4 2 2 2 1 3 3 1 1 0 18 4 5 4 3 5 4 15 16 30 27 31 41 25 14 10 28 36 33 31 14 10 22 39 46 21 41 35
0 0 0 0 0 0 0 0 0 0 0 0 0 0 0 0 0 0 0 1 0 0 0 4 4 1 5 5 2 2 2 3 1 3 1 2 1 0 0 0 0 0 0 0 1 1 1 1 1 1 1 4 1 7 0 2 5 2 3 1 0 2 3 2 2 1 1 1 2 34 21 9 5 18 17 20 50 44 15 20 45 34 43 41 38 40 39 40 32 16 8 34 34 17 11 4
0 0 0 0 0 0 0 0 0 0 0 0 0 0 0 0 0 0 0 0 0 0 0 1 3 2 0 15 11 2 1 4 2 4 3 6 2 1 1 0 0 1 1 0 0 0 0 0 0 1 9 10 18 11 17 2 1 2 0 0 0 2 2 0 0 0 4 4 2 2 16 8 49 78 56 35 15 13 58 27 6 29 47 38 32 38 44 43 38 17 13 12 8 5 8 23
0 0 0 0 0 0 0 0 0 0 0 0 0 0 0 0 0 0 1 0 0 0 0 1 0 6 3 5 32 5 1 0 1 2 2 4 1 4 6 2 1 0 2 4 4 3 3 1 3 13 25 11 6 5 15 23 5 1 1 1 1 3 1 1 1 1 1 3 7 2 4 4 3 5 5 43 19 16 12 25 41 15 20 54 40 42 46 41 43 40 23 6 13 30 16 24
0 0 0 0 0 0 0 0 0 0 0 0 0 0 0 0 0 2 2 1 0 1 1 0 0 2 1 0 5 4 14 2 0 0 2 1 2 8 2 1 3 1 1 5 9 6 4 9 13 14 36 36 10 30 21 34 9 16 6 4 3 3 1 1 1 1 1 2 2 1 2 1 3 3 3 9 9 14 12 14 26 50 26 32 42 45 30 37 22 13 23 30 36 9 7 10
0 0 0 0 0 0 0 0 0 0 0 0 0 0 0 0 0 2 1 1 1 1 1 1 0 2 1 1 1 6 27 7 1 1 1 3 1 3 15 1 7 1 2 14 14 17 14 30 24 56 53 45 35 74 54 52 30 29 20 8 4 3 0 1 1 1 3 7 6 4 2 9 12 9 7 4 6 16 22 20 11 12 42 43 38 22 34 16 14 35 37 27 40 37 24 14
0 0 0 0 0 0 0 0 0 0 0 0 0 0 0 0 0 0 1 1 1 2 1 1 1 1 2 1 1 2 12 16 5 4 1 2 0 1 13 2 7 1 4 11 13 15 48 49 49 71 70 47 49 52 55 44 35 42 6 2 8 2 1 1 1 1 2 5 5 4 19 6 2 5 6 9 37 40 41 31 27 19 22 32 22 13 29 27 26 33 50 40 25 18 24 20
0 0 0 0 0 0 0 0 0 0 0 0 0 0 0 0 1 0 0 0 1 1 1 1 3 1 4 3 2 1 9 28 2 2 2 2 0 5 14 13 16 16 4 9 25 50 77 67 61 77 53 12 22 9 12 38 58 41 9 25 15 14 3 1 1 1 2 2 2 8 4 6 11 4 6 24 21 14 33 43 47 24 13 14 10 16 30 50 43 43 42 48 25 25 24 38
0 0 0 0 0 0 0 0 0 0 0 0 1 0 0 0 0 0 1 1 0 0 1 4 7 7 4 7 4 2 9 29 3 1 6 4 1 4 2 15 29 52 10 18 38 57 82 75 31 49 12 15 7 3 1 4 42 60 53 41 16 29 3 1 6 10 2 1 2 3 4 11 6 18 25 5 17 42 27 44 36 41 44 19 28 31 44 45 55 37 54 50 37 41 37 50
0 0 0 0 0 0 0 0 0 0 0 0 0 1 0 0 0 1 1 2 2 2 2 4 5 9 8 15 10 9 7 17 5 4 5 2 3 6 3 5 15 44 29 41 48 53 84 90 80 56 23 9 2 2 1 1 2 3 69 53 36 4 2 7 3 10 6 2 1 1 7 5 16 13 10 7 8 6 20 27 47 54 43 26 32 48 40 37 56 26 73 37 39 40 32 36
0 1 0 0 0 0 0 0 0 0 0 0 0 0 1 1 0 1 3 3 3 3 5 12 16 24 25 22 22 26 4 13 21 11 6 4 3 4 2 1 3 36 6 14 17 28 80 83 76 32 20 20 12 9 4 4 1 6 4 8 5 4 7 9 7 4 3 1 1 2 2 4 6 7 5 3 5 15 22 35 41 47 32 33 25 36 45 20 46 38 74 48 44 24 35 49
0 0 1 0 0 0 0 0 0 0 0 0 0 0 1 0 4 1 1 1 2 2 1 2 4 12 15 7 25 28 11 45 58 29 9 19 6 8 5 2 15 33 30 17 19 24 13 38 61 11 21 27 17 12 19 9 5 12 7 13 7 3 6 8 6 3 3 1 3 1 1 1 6 9 11 7 13 20 22 28 28 37 34 30 30 26 36 27 59 63 19 42 47 46 48 35
0 0 0 0 0 0 0 0 0 0 0 0 0 0 0 1 2 6 2 2 1 5 5 6 14 19 17 9 4 5 8 42 46 22 31 35 49 37 5 4 26 19 65 36 36 32 33 10 6 13 36 30 21 15 8 15 17 10 7 7 7 6 10 9 6 4 2 2 4 1 1 2 3 5 7 14 14 18 20 24 24 21 22 33 32 21 24 27 49 9 19 36 31 13 8 20
0 0 0 0 0 0 0 0 0 0 0 0 0 0 1 1 1 1 2 3 6 12 11 16 21 43 25 27 17 6 5 4 38 55 52 22 69 48 19 35 45 12 60 32 79 70 29 13 11 7 22 32 22 17 19 8 16 11 9 6 11 12 27 26 9 3 1 1 2 1 1 1 1 1 1 10 10 11 12 17 17 15 19 30 12 35 27 52 24 13 29 31 34 22 20 33
0 0 0 0 0 0 0 0 0 0 0 0 0 0 0 0 1 2 2 3 9 11 34 29 33 28 53 34 14 15 12 10 5 30 53 12 16 10 55 35 28 7 66 35 18 7 18 14 22 13 20 33 38 28 17 8 4 6 1 2 6 5 14 17 2 3 2 1 2 2 3 3 2 3 4 2 8 10 12 14 12 25 10 4 12 43 19 49 21 7 12 17 21 19 30 35
0 0 0 0 0 0 0 0 0 0 0 0 0 0 1 2 1 1 1 2 2 7 41 50 23 17 23 28 30 31 23 22 11 4 6 17 6 11 56 15 10 17 47 17 15 9 24 18 18 14 8 22 27 25 15 6 5 4 2 3 2 2 3 2 2 3 2 1 1 2 4 1 3 4 4 3 10 9 10 8 30 9 8 14 15 28 24 20 20 3 5 15 18 30 31 52
0 0 0 0 0 0 0 0 0 0 0 0 0 0 0 1 3 4 9 10 7 12 18 11 6 3 13 29 33 27 40 42 12 6 2 3 10 33 21 18 4 42 64 26 22 21 21 26 32 8 10 16 16 15 8 8 5 2 3 1 1 1 2 5 5 2 3 2 4 3 3 4 1 4 3 3 6 5 6 17 8 7 12 8 17 7 19 28 34 14 12 15 24 27 16 48
0 0 0 0 0 0 0 0 0 0 0 0 0 1 1 1 2 5 8 8 9 22 15 9 11 12 5 12 20 15 18 11 6 11 12 12 25 19 29 14 14 29 50 49 35 23 10 12 17 6 5 20 25 30 28 13 6 3 6 9 8 3 2 4 2 1 11 9 5 3 2 21 17 6 3 2 2 3 4 11 5 8 8 4 12 9 18 28 20 32 20 28 24 40 32 41
0 0 0 0 1 1 0 0 0 0 0 0 0 3 2 5 3 2 5 14 18 20 27 16 10 15 14 10 18 22 10 9 13 18 22 24 8 10 16 17 15 5 9 31 33 16 3 6 8 7 10 13 12 12 9 8 8 3 21 19 8 8 2 2 4 3 11 59 45 15 9 6 13 23 7 3 3 4 9 4 2 9 3 7 8 17 6 8 11 18 32 26 54 35 18 23
0 0 0 0 0 0 0 0 0 0 0 0 0 1 4 5 12 17 11 17 15 10 24 14 8 8 5 5 4 7 13 13 20 20 9 23 20 18 15 10 4 10 22 5 30 24 17 14 12 5 5 5 5 21 15 11 11 2 3 5 4 3 6 4 6 11 6 38 64 45 5 9 11 5 16 15 3 4 4 4 8 13 5 32 14 11 11 22 15 17 33 43 23 22 19 12
0 0 0 0 0 1 1 0 0 0 0 0 0 0 0 1 0 1 8 10 16 15 25 35 19 12 17 14 7 4 8 3 5 10 10 18 18 13 19 7 3 15 9 9 32 19 19 12 15 8 7 6 7 17 30 3 5 5 8 7 4 12 12 21 22 13 20 12 49 33 29 7 7 7 6 13 11 11 8 13 4 6 10 20 12 18 16 9 11 50 29 13 29 21 27 26
0 0 0 0 0 0 0 0 0 0 0 0 0 1 2 2 1 1 2 14 17 30 41 46 46 18 12 5 2 4 4 1 1 2 6 6 12 15 14 11 11 13 5 19 4 2 6 8 10 12 15 18 9 15 12 8 6 11 15 3 8 13 7 12 64 20 22 11 6 57 58 17 17 5 22 37 30 49 25 18 14 9 4 12 37 17 36 28 27 40 38 18 31 36 42 24
0 0 0 0 0 0 0 0 0 0 0 0 0 1 1 2 2 5 3 16 53 32 16 25 34 19 15 14 5 1 4 5 8 4 2 5 15 16 4 9 23 22 20 18 6 4 7 19 20 26 17 39 25 22 15 10 8 5 3 13 6 4 4 9 11 32 19 16 7 22 44 68 48 11 3 26 13 45 9 6 21 49 5 13 4 18 27 61 70 54 71 33 39 36 39 38
0 0 0 0 0 0 0 1 0 0 0 0 0 0 0 1 5 6 9 5 6 25 38 24 22 20 27 36 21 8 7 13 11 9 11 4 5 10 9 12 12 19 17 16 13 11 25 31 21 21 25 16 27 20 13 18 26 32 16 4 9 6 5 24 8 24 37 15 9 8 41 51 47 28 11 15 3 30 14 6 1 23 18 10 12 42 17 18 9 8 44 25 28 70 42 55
0 0 0 0 0 0 0 0 0 0 0 0 1 0 0 2 3 4 10 8 7 3 26 56 38 32 29 33 36 13 12 18 9 10 19 25 9 6 5 11 18 14 8 32 17 20 18 51 53 32 47 17 25 51 71 65 35 14 9 7 8 33 18 6 27 8 33 29 16 5 43 42 33 48 11 17 4 28 43 10 5 37 7 12 11 4 23 19 6 13 70 32 12 53 76 73
0 0 0 0 0 0 0 0 0 0 0 0 1 0 0 0 1 4 7 16 16 14 6 19 29 28 10 12 26 12 9 9 6 5 8 15 13 10 7 14 11 5 5 5 24 28 24 42 30 20 16 38 20 14 16 11 11 7 11 12 9 21 30 11 12 29 5 47 29 8 29 53 33 47 17 15 7 36 13 12 4 63 21 11 21 16 10 16 12 24 61 75 21 26 68 70
0 0 0 0 0 0 0 0 0 0 0 0 0 0 0 1 1 2 8 22 28 17 11 5 4 2 8 5 1 2 9 1 2 6 10 8 11 16 13 9 18 16 18 14 23 29 25 26 17 17 28 35 27 41 20 28 25 18 8 16 6 11 21 23 12 56 26 35 63 19 13 28 53 24 48 15 10 37 23 43 32 51 77 27 22 20 9 28 21 10 37 81 40 15 20 68
0 0 0 0 0 0 0 0 0 0 0 0 0 0 0 1 2 3 7 13 22 16 8 12 6 7 8 4 1 1 4 3 3 4 4 7 13 14 9 20 34 24 19 18 9 18 25 20 17 42 28 47 33 29 25 40 34 25 17 21 18 25 13 27 14 50 40 20 61 43 8 29 44 28 68 24 30 20 28 20 47 34 77 49 12 26 23 50 19 11 14 57 44 19 36 34
0 0 0 0 0 0 0 0 0 0 0 0 0 0 0 0 1 2 4 9 13 15 12 10 18 13 15 9 2 1 1 1 1 4 5 3 12 14 8 9 27 20 15 9 17 12 14 14 11 37 56 56 56 35 19 26 57 24 35 34 39 49 16 8 11 13 34 18 36 52 24 20 19 64 47 39 58 27 35 66 53 26 48 72 26 26 15 14 14 19 20 61 42 47 26 10
1 0 0 0 0 0 0 0 0 0 0 0 0 0 0 0 2 3 13 17 15 35 20 23 11 11 14 17 11 1 1 1 7 6 16 16 13 24 23 19 22 18 13 9 11 10 10 16 14 14 15 23 14 23 43 59 61 19 79 61 15 54 28 32 34 14 9 7 26 43 22 41 21 45 11 40 77 58 34 56 68 61 50 80 24 28 29 14 17 6 27 44 45 19 13 17
0 0 1 0 0 0 0 0 0 0 0 0 0 0 1 1 0 2 3 2 5 4 5 8 18 29 12 16 22 5 1 11 12 12 5 5 12 11 10 32 26 9 16 23 22 18 28 28 16 28 34 19 32 54 46 60 41 53 52 55 23 44 59 33 46 59 56 37 18 56 59 72 63 38 33 45 65 70 53 55 60 65 48 78 72 44 9 10 12 24 36 47 60 26 14 9
0 0 0 0 0 0 0 0 0 0 0 0 0 0 1 2 2 1 4 5 4 7 8 14 29 16 17 22 22 21 7 48 15 6 9 7 25 25 24 31 54 25 32 28 30 30 19 24 20 22 28 15 11 42 22 29 63 66 48 49 55 69 76 64 19 62 61 65 53 38 50 67 22 39 39 45 64 51 74 76 63 45 43 81 73 39 40 10 18 39 25 53 45 43 33 24
0 0 0 0 0 0 0 0 0 0 0 0 0 0 0 0 0 2 1 10 6 9 9 13 13 14 23 19 21 16 16 50 14 15 15 11 17 19 19 35 44 22 27 30 26 31 10 14 29 13 16 20 11 7 7 7 39 57 67 70 66 59 65 82 53 41 65 65 56 35 17 29 39 29 37 53 64 81 65 48 43 32 82 73 74 39 25 25 17 25 31 54 18 11 15 47
2 1 0 0 0 0 0 0 0 0 0 0 0 0 1 0 0 1 1 5 10 15 4 6 9 16 19 9 27 21 32 27 21 29 12 7 10 18 45 41 17 17 22 42 39 27 11 13 9 27 15 12 26 18 9 5 15 17 15 40 33 31 58 77 72 49 28 14 18 27 20 20 22 25 32 32 68 61 51 35 14 31 83 70 75 63 31 32 10 31 39 63 61 49 24 13
1 1 1 0 0 0 0 0 0 0 0 0 1 0 3 0 1 1 3 7 6 6 1 9 5 2 11 6 26 33 26 28 37 19 16 22 26 22 43 30 18 31 14 20 35 11 11 12 6 17 12 10 19 10 17 11 9 15 18 8 20 34 36 49 52 25 22 33 28 42 25 17 19 25 24 12 41 33 41 23 20 13 45 29 48 74 36 46 14 43 59 49 40 39 43 17
1 0 0 0 0 1 0 0 0 0 0 0 0 1 0 3 1 1 1 1 4 1 6 5 4 3 7 5 22 13 19 20 32 13 22 27 28 19 26 20 16 24 15 14 29 10 11 11 7 33 15 11 22 21 19 13 26 24 35 21 15 19 8 16 7 6 20 33 35 38 35 21 17 10 10 12 21 23 23 21 25 18 20 18 34 44 16 36 12 35 59 55 34 21 77 59
0 1 1 0 0 0 0 0 0 0 0 0 0 1 0 3 3 1 1 1 4 2 2 4 4 5 19 13 21 11 23 34 11 21 22 34 22 16 36 12 19 25 10 12 22 25 8 14 7 22 16 16 16 32 12 18 19 29 23 29 27 38 21 15 15 9 29 23 28 20 11 8 32 16 10 6 8 21 16 13 13 11 12 27 32 28 21 31 15 69 73 72 70 29 10 22
0 0 0 1 0 0 0 0 0 0 0 0 2 3 1 0 2 1 1 2 3 2 3 9 5 6 21 8 8 4 9 13 16 45 18 16 18 6 22 10 13 11 15 10 9 9 8 12 16 22 18 18 14 21 18 24 33 20 27 22 40 22 14 29 8 18 22 36 19 12 20 40 32 26 25 28 8 6 15 13 14 19 12 35 20 15 44 16 30 70 67 63 79 44 49 15
1 0 0 0 0 0 0 0 0 0 0 0 0 1 1 0 0 1 1 1 1 1 2 5 3 11 8 10 6 6 10 29 14 20 34 16 10 14 17 6 12 9 5 6 6 9 4 6 6 3 7 4 11 18 30 32 43 28 13 30 20 24 23 16 49 16 24 28 31 55 42 30 16 18 24 28 27 31 32 34 42 46 20 19 17 30 54 35 49 62 34 54 83 64 66 48
1 1 1 1 0 0 0 0 0 0 0 0 0 1 1 0 1 1 1 1 1 1 1 1 2 1 3 10 7 9 12 18 7 14 25 11 9 10 10 7 9 7 4 7 14 9 4 17 34 20 27 17 33 46 37 22 27 32 29 18 26 27 45 29 47 31 32 32 51 14 9 12 16 8 5 8 29 25 39 45 50 43 34 16 14 32 61 29 32 18 26 59 89 57 72 63
0 0 0 1 2 1 1 0 1 1 1 1 0 0 0 1 1 0 3 3 10 6 4 2 7 1 2 6 14 9 10 6 6 10 19 10 8 4 5 6 6 33 15 6 17 15 19 10 39 56 71 44 57 74 55 25 42 22 14 13 14 18 41 24 26 36 30 40 14 14 17 24 44 28 28 21 10 32 50 66 57 20 13 19 11 35 53 35 30 26 30 81 85 52 59 88
0 0 0 1 1 2 2 2 1 1 1 0 0 0 0 0 1 1 2 2 7 21 12 3 3 8 12 10 9 6 21 9 7 7 7 7 3 3 9 8 18 5 15 36 12 29 30 25 23 68 68 74 33 60 54 51 36 50 34 25 22 28 9 28 38 43 45 16 20 20 32 50 37 44 60 37 22 50 65 66 31 19 13 24 16 35 19 16 31 35 57 86 68 81 59 89
1 1 0 1 1 1 1 1 1 1 0 0 0 0 1 0 1 1 3 6 3 17 18 31 37 39 28 26 15 6 11 9 4 6 11 20 23 35 42 32 36 42 26 59 23 36 60 62 21 15 10 67 66 31 61 35 24 72 59 46 16 21 27 32 37 41 28 34 34 45 40 23 36 34 38 35 61 52 37 37 20 12 11 15 13 23 15 18 21 21 36 75 52 72 30 62
1 2 2 1 1 1 0 0 0 0 0 0 0 1 1 0 0 1 5 20 5 3 22 57 28 53 33 48 44 54 49 50 44 55 27 42 11 46 62 32 48 71 34 61 69 33 65 34 76 47 22 80 63 58 61 54 81 81 38 60 25 10 21 22 22 30 24 17 16 24 23 29 21 35 41 61 68 55 18 8 16 10 7 12 6 12 12 22 23 43 60 75 41 46 42 37
1 2 6 1 5 5 2 1 1 1 1 1 1 1 1 1 1 1 1 10 7 2 1 10 8 8 22 41 49 44 42 43 65 58 33 49 59 47 54 64 37 74 72 34 60 51 72 39 68 83 53 58 62 47 33 78 68 65 49 60 53 18 19 17 37 28 30 37 39 41 47 33 45 40 64 66 46 25 20 7 2 5 6 7 9 5 11 18 19 32 59 59 20 26 31 30
2 1 1 5 5 5 2 4 2 2 0 1 2 2 1 1 2 1 4 1 1 1 3 3 3 8 28 20 24 43 45 58 40 44 45 64 60 57 64 65 56 69 63 59 64 63 70 75 25 67 55 31 77 27 49 78 62 23 63 24 29 69 13 13 26 28 40 45 43 37 36 43 58 81 78 65 45 22 4 6 6 3 1 1 5 3 9 8 14 22 39 31 23 12 32 44
1 2 3 3 3 3 1 1 4 2 2 1 1 2 0 1 1 1 2 5 5 3 3 4 5 7 4 3 6 7 9 7 9 12 8 8 9 7 9 11 10 15 15 20 18 15 22 73 57 46 78 33 62 58 59 65 23 18 26 27 60 54 31 19 31 40 42 32 31 58 74 74 78 75 67 56 33 9 3 3 3 3 2 1 3 2 4 3 5 8 16 18 16 8 15 20
3 4 4 2 1 1 1 1 2 1 2 1 1 2 1 1 2 1 2 1 2 7 5 6 10 8 5 6 11 13 8 7 20 19 12 15 11 12 15 20 19 24 31 22 27 21 32 14 17 19 49 50 59 66 61 32 35 46 39 47 58 38 24 29 40 35 45 60 73 75 78 63 44 41 24 20 5 6 6 5 5 4 2 2 1 1 1 1 1 2 5 6 10 5 5 7
13 17 8 2 1 0 0 1 0 0 0 0 0 1 0 0 1 1 1 4 3 2 3 2 5 4 2 10 7 5 11 11 4 3 3 9 8 8 12 8 14 22 22 13 11 20 16 31 23 25 16 19 17 18 25 31 44 40 39 41 19 17 21 34 38 31 28 26 49 69 73 67 46 33 13 10 15 15 26 20 12 6 1 2 3 4 3 2 1 1 0 1 3 8 7 5
3 3 1 4 1 0 0 0 0 0 0 0 0 1 0 1 1 0 0 0 2 5 5 5 3 3 3 4 9 10 5 2 6 4 4 7 8 10 12 13 12 11 13 6 6 5 9 10 18 28 36 54 36 29 31 27 30 31 29 14 12 20 20 42 32 19 26 26 30 36 29 39 41 19 10 20 27 24 8 5 3 3 3 6 14 13 14 6 5 4 2 1 1 1 2 1
3 2 2 1 0 0 0 0 0 0 0 0 0 0 0 0 0 1 1 1 1 6 7 4 6 2 3 9 12 3 3 5 4 13 8 4 4 8 9 9 9 8 22 18 18 13 13 19 28 22 31 37 32 27 32 28 27 22 21 21 4 21 22 27 46 43 42 51 37 31 17 17 8 14 21 31 49 30 12 7 7 10 10 21 16 15 17 18 18 7 10 4 3 2 1 1
4 3 1 0 0 0 0 0 0 0 0 0 0 0 0 0 0 1 1 0 1 3 5 5 5 2 6 16 6 2 2 3 6 5 8 7 8 10 11 13 6 11 13 16 13 21 24 20 19 15 25 17 42 29 47 39 25 20 14 10 13 18 22 16 62 68 36 54 47 40 27 25 12 23 36 44 25 9 14 17 15 24 16 29 34 28 38 26 25 21 18 15 11 9 3 6
1 1 1 0 0 0 2 3 1 1 1 0 0 0 0 0 0 0 0 1 1 2 1 2 4 6 13 31 10 3 4 4 5 13 9 11 10 12 7 8 12 20 19 17 17 25 23 13 32 15 27 30 31 24 39 22 40 11 20 8 27 45 20 54 77 54 52 33 29 30 21 11 15 26 37 34 16 21 22 26 38 32 38 52 49 42 40 30 43 44 25 40 23 13 11 10
1 0 0 0 1 6 4 2 6 8 1 1 0 0 0 0 0 0 0 1 2 1 1 5 3 16 15 3 3 2 4 5 4 8 20 10 10 13 17 17 12 15 13 13 12 11 26 22 20 23 31 26 28 24 32 22 35 25 15 7 14 37 53 67 59 62 37 34 33 17 15 16 24 11 40 18 30 29 45 47 58 43 49 60 60 43 55 53 52 37 37 40 27 23 27 30
0 0 0 0 1 4 5 5 14 6 4 2 4 1 0 0 0 0 1 1 0 0 1 4 5 2 2 3 7 8 6 3 7 4 12 10 10 18 11 13 5 17 6 5 7 9 13 29 23 22 18 41 12 22 36 29 14 13 21 15 5 23 25 32 47 65 52 63 42 11 28 23 33 28 73 36 35 35 48 45 59 46 52 67 48 45 60 72 63 58 42 41 36 50 44 28
0 0 0 1 0 0 0 0 6 5 4 11 8 1 2 1 0 0 0 0 0 0 1 1 1 2 5 4 3 7 3 2 2 4 3 8 5 7 7 17 23 8 8 11 4 6 9 9 18 22 23 23 17 9 33 7 16 33 16 17 7 9 16 16 14 14 36 24 13 29 58 33 38 33 72 34 47 46 63 65 81 71 82 82 75 65 68 68 83 80 52 45 44 46 72 49
0 0 0 0 0 0 0 1 0 1 1 6 6 2 3 3 2 1 2 0 0 0 0 0 1 3 3 2 1 1 1 1 1 2 3 3 3 3 4 11 16 26 14 5 28 17 20 9 16 12 6 19 9 19 18 20 22 15 21 17 10 29 42 30 22 14 16 28 38 35 48 52 34 49 63 59 63 55 67 83 71 66 83 81 80 79 77 76 80 73 62 53 69 73 74 60
